 0 710 314 43 193 92 271 333 157 338 38 220 149 167 215 53 57 252 134 178 0 0 0 0 74 3 0 0 3 0 99 3 0 0 0 3 0 4 75 49 0 0 0 0 0 0 0 2 4 0 54 0 0 0 2 0 0 0 5 0 3 0 89 0 0 0 3 0 0 1 2 0 0 0 0 0 0 0 0 0 30 27 64 17 6 18 27 0 18 1 11 17 37 11 34 11 27 29 24 47 0 0 0 2 3 0 38 1 0 0 0 0 0 0 0 0 0 0 17 24 0 0 0 0 0 0 0 0 0 0 0 0 0 24 0 0 0 0 0 0 0 0 0 0 0 0 0 0 6 13 0 1 22 0 0 0 0 0 22 0 0 13 29 17 19 33 45 29 14 15 16 0 15 0 54 9 8 2 11 14 0 0 0 0 0 0 0 0 0 0 0 0 19 0 3 0 0 0 0 0 0 0 0 0 0 0 0 0 0 0 0 0 0 0 0 0 0 0 0 0 0 0 0 2 0 0 0 0 0 0 0 1 0 0 0 0 0 1 0 0 0 0 0 0 0 2 1 2 126 0 35 5 0 2 0 0 0 0 0 0 0 0 0 0 0 0 0 0 0 0 0 0 0 0 0 0 0 0 0 0 0 0 0 0 0 0 0 0 0 0 
 710 0 177 165 35 52 171 190 68 55 167 123 66 96 180 281 58 122 104 174 0 0 0 0 0 3 74 2 3 0 4 3 74 0 0 3 0 0 2 0 0 0 0 0 0 0 0 7 3 0 0 0 0 0 2 4 0 0 0 0 3 0 0 3 0 0 3 0 0 3 31 0 0 2 0 0 1 0 0 0 23 33 48 15 0 1 41 0 19 42 40 62 33 15 34 0 11 16 12 31 0 0 0 0 0 0 1 2 0 0 0 0 11 0 1 0 0 0 2 14 0 0 0 0 0 0 0 0 0 0 0 0 2 0 0 0 0 0 0 0 0 1 0 0 0 0 0 0 2 2 0 0 0 0 0 0 0 0 0 0 2 15 12 1 13 27 17 13 23 26 0 0 2 0 34 22 22 21 24 23 0 0 0 0 0 0 0 0 0 0 0 0 14 0 8 0 0 0 0 0 0 0 0 8 0 0 0 1 0 0 0 0 0 0 0 0 0 0 0 0 1 0 0 0 0 0 0 9 0 0 0 0 0 0 0 1 1 0 0 0 0 0 0 0 0 0 3 0 2 1 13 0 0 0 2 0 0 0 0 0 0 0 0 0 0 0 0 0 0 0 0 0 0 0 0 0 0 9 0 0 0 0 0 0 0 0 0 0 0 0 
 314 177 0 133 37 246 188 325 143 150 30 38 365 129 133 140 44 64 48 150 5 0 0 0 0 3 0 0 4 0 3 3 0 0 3 3 0 0 29 0 0 0 0 5 0 0 0 2 2 0 0 0 0 0 3 2 0 0 0 0 3 0 0 4 0 0 3 0 0 2 2 0 0 0 1 0 0 0 0 0 19 23 15 34 6 0 4 20 0 0 25 9 13 0 26 26 7 0 18 10 0 0 0 0 0 0 0 22 0 0 0 0 0 0 0 0 0 0 0 0 0 0 0 2 0 0 0 0 7 0 2 0 10 1 0 0 7 0 0 0 1 0 0 0 0 0 0 25 6 6 0 0 0 0 0 0 0 0 0 0 9 9 0 13 0 21 0 14 14 15 0 0 29 11 22 2 13 14 13 1 0 0 0 0 0 0 0 0 0 2 0 0 0 2 0 0 0 0 0 1 0 0 0 19 0 0 0 0 0 0 0 0 0 0 0 0 0 0 0 0 1 1 0 0 0 0 0 0 0 0 0 0 0 0 0 0 8 1 2 0 0 0 0 0 0 0 0 2 0 1 2 7 0 0 0 0 0 0 0 0 0 0 0 0 0 0 0 0 0 0 0 0 0 0 0 0 34 5 0 0 0 0 0 0 0 0 0 0 0 0 
 43 165 133 0 181 152 399 426 86 115 247 253 179 148 128 137 298 45 78 65 36 0 0 2 0 3 74 147 3 0 3 3 150 96 2 4 0 0 2 72 1 0 0 0 0 0 62 2 2 62 0 0 0 0 3 2 0 0 0 0 3 0 0 0 0 0 3 0 0 2 2 0 0 0 0 0 0 0 0 0 0 0 20 9 12 12 10 13 1 40 1 3 0 15 42 24 9 12 0 0 26 0 0 2 0 0 0 34 0 0 0 0 31 0 12 0 0 0 24 41 0 0 0 0 0 0 0 1 0 0 0 0 0 0 0 0 0 0 0 0 0 0 0 0 0 0 0 10 0 0 0 0 0 0 0 2 0 0 0 0 13 13 0 31 35 31 0 14 0 0 15 16 49 2 0 0 24 17 0 0 19 0 1 0 0 0 50 16 0 0 2 0 13 14 1 1 0 0 11 13 2 0 0 0 0 0 0 0 0 0 0 0 0 0 0 9 0 0 0 0 0 0 0 0 0 0 2 0 1 1 0 0 0 0 0 0 0 0 0 0 0 0 0 0 0 4 2 2 0 89 0 5 1 0 0 0 0 0 0 0 0 0 10 0 0 0 0 0 0 0 0 0 0 1 0 0 0 11 0 0 0 0 0 0 0 0 0 0 0 0 
 193 35 37 181 0 108 54 211 285 472 164 212 87 54 68 102 264 217 126 271 152 2 33 0 0 3 38 183 77 3 6 3 1 147 0 145 3 1 26 34 0 0 1 0 0 62 0 5 1 0 1 0 1 2 3 0 3 0 0 1 3 3 0 0 0 0 3 0 0 3 3 0 6 0 0 0 0 0 1 8 0 0 0 1 57 27 0 2 0 0 14 0 0 0 0 0 2 14 0 0 0 2 0 14 0 0 18 14 0 17 2 0 57 18 11 0 7 33 54 9 0 0 0 0 0 2 0 0 0 0 0 0 11 0 0 0 0 0 0 0 0 0 0 0 0 0 0 0 0 0 0 0 0 0 0 0 0 0 1 0 1 0 0 0 7 0 0 0 0 9 0 26 2 0 0 0 0 0 3 0 27 10 25 1 1 0 70 18 0 0 17 0 46 0 11 19 1 13 32 7 0 0 0 2 0 0 0 0 0 0 0 0 0 0 0 0 0 0 2 0 0 0 0 0 0 0 0 0 0 0 1 0 0 0 0 0 0 0 0 0 0 17 0 0 1 2 0 0 0 2 0 4 0 0 0 0 0 0 0 0 0 0 0 0 0 0 0 0 0 0 0 0 0 0 0 31 0 0 0 0 0 0 0 0 0 0 0 0 0 0 
 92 52 246 152 108 0 240 152 300 70 144 240 18 114 159 124 212 372 44 125 0 79 0 79 0 3 0 2 3 82 3 3 73 234 78 85 0 0 77 58 0 0 0 0 0 0 0 2 3 0 66 0 0 2 2 0 0 0 0 0 3 0 51 0 0 0 3 0 0 1 0 0 0 0 0 0 1 0 0 0 0 0 8 17 0 23 0 0 12 24 0 5 0 0 24 5 0 24 0 0 16 15 0 18 0 0 34 23 0 0 0 0 31 0 0 0 0 0 15 14 0 0 0 0 0 0 0 0 0 0 0 0 0 0 0 0 0 0 0 0 0 16 0 6 20 0 0 0 0 0 0 0 0 0 0 2 0 0 15 0 0 0 10 0 81 51 0 2 0 56 0 26 13 2 0 0 38 9 5 0 35 11 1 0 0 0 10 15 3 0 2 16 52 1 34 2 17 0 2 4 2 0 0 0 0 0 0 0 0 0 0 0 0 16 0 0 0 0 0 0 0 0 0 0 0 0 2 0 1 1 0 0 0 0 0 0 0 16 0 0 0 30 0 0 0 4 105 1 1 86 30 13 1 4 0 0 0 0 1 0 0 0 0 0 0 0 0 0 0 0 0 0 0 1 0 0 0 9 0 0 0 0 0 0 0 0 0 0 0 0 
 271 171 188 399 54 240 0 391 102 644 63 44 175 150 122 356 116 354 65 242 0 0 0 0 26 80 0 2 3 0 3 3 1 0 1 3 0 0 2 0 0 0 0 0 0 0 0 2 3 0 0 0 0 0 2 6 0 0 0 0 3 0 0 0 0 0 3 0 0 0 0 0 0 0 0 0 47 0 0 0 25 22 13 16 16 46 60 17 0 21 63 43 0 56 24 14 10 0 7 40 0 0 0 1 0 0 17 1 0 0 0 0 0 0 0 0 0 0 37 45 0 0 0 0 0 0 0 2 0 0 0 0 0 0 0 0 0 0 0 0 0 0 0 0 0 0 0 0 5 5 0 1 0 0 0 1 0 0 0 0 10 26 0 14 21 3 25 8 1 0 28 0 32 24 17 11 32 2 0 20 0 0 0 0 0 0 0 0 0 0 1 0 2 2 0 0 0 0 0 0 0 0 0 0 0 0 0 0 0 0 0 0 0 0 0 0 0 0 0 0 0 0 0 0 0 0 0 0 2 0 0 0 0 0 0 0 0 0 0 0 0 0 0 0 0 1 89 1 50 89 0 10 0 0 0 0 0 0 0 0 0 0 26 0 0 0 0 0 0 0 0 0 0 2 0 0 0 1 0 0 0 0 0 0 0 0 0 0 0 0 
 333 190 325 426 211 152 391 0 185 65 34 40 184 247 199 32 40 245 73 138 0 2 2 1 0 6 3 0 6 5 3 3 2 3 3 8 2 0 2 0 0 0 0 6 3 2 0 2 11 3 7 0 0 9 2 0 2 2 0 0 3 0 0 3 3 3 3 2 0 1 1 2 3 0 0 5 1 4 0 1 4 19 27 39 0 22 30 0 32 74 70 73 21 37 34 13 15 26 22 7 0 0 0 0 11 0 14 0 0 0 0 0 0 0 1 0 0 0 14 0 0 0 0 0 1 0 0 0 0 0 0 0 2 0 0 0 9 0 0 0 0 1 0 0 0 0 0 0 2 2 0 0 0 0 0 0 0 0 0 0 14 30 31 28 11 35 22 27 54 14 0 0 2 0 10 50 49 0 0 4 0 0 0 0 0 0 0 0 0 0 0 0 14 0 22 1 0 0 0 0 0 0 0 0 1 0 0 0 0 0 0 0 0 0 0 0 0 0 0 0 13 0 0 0 0 0 0 0 0 0 0 0 0 0 0 1 0 0 0 1 0 0 0 0 0 45 2 0 2 48 13 2 0 0 0 0 0 0 0 1 2 0 0 0 0 2 0 0 0 0 0 0 0 0 2 0 0 9 0 0 0 0 0 0 0 0 0 0 0 0 
 157 68 143 86 285 300 102 185 0 351 33 95 89 299 150 462 87 85 94 72 0 0 0 0 2 2 0 0 3 0 3 3 1 0 0 3 0 0 0 0 0 0 0 0 0 0 0 2 1 0 0 1 0 0 3 0 0 0 2 0 52 0 0 0 0 0 2 50 0 3 3 0 2 0 0 0 36 0 0 0 0 0 21 12 10 21 12 0 26 14 22 10 0 8 14 0 0 37 0 0 0 0 2 0 0 0 22 12 0 0 0 0 14 0 1 0 0 0 21 0 1 0 0 0 0 0 0 0 0 0 0 0 17 0 0 2 0 0 2 0 0 4 0 0 0 0 0 0 0 0 0 0 3 0 0 0 0 0 0 0 0 6 22 32 1 0 24 0 0 0 30 13 0 0 0 5 10 9 0 0 1 0 0 0 0 0 14 21 0 0 0 0 16 0 13 0 0 0 23 13 0 0 13 0 1 1 0 0 0 0 2 0 0 0 0 0 0 2 0 0 0 0 0 0 0 0 0 0 0 0 0 0 0 0 0 0 0 0 0 2 0 12 0 0 0 1 4 0 9 91 1 2 0 0 0 0 0 0 0 0 0 0 1 0 0 0 0 0 0 1 0 0 0 0 0 0 21 2 0 0 0 0 0 0 0 0 0 0 0 0 
 338 55 150 115 472 70 644 65 351 0 312 116 62 417 154 229 144 370 164 169 0 0 0 0 0 0 0 0 0 0 36 0 0 74 0 3 0 2 0 0 0 0 0 0 0 0 0 0 0 0 0 63 8 0 0 0 0 0 2 0 0 0 0 0 0 3 0 1 0 0 0 3 3 2 3 0 35 0 0 0 11 20 9 1 0 37 19 0 0 18 41 51 0 26 1 1 11 8 11 4 1 0 0 0 0 0 0 29 0 0 0 0 10 0 0 0 0 0 5 14 0 0 0 0 0 0 0 0 1 1 0 0 2 0 0 0 0 0 0 0 0 0 0 0 0 0 0 0 6 6 0 0 0 0 0 0 1 0 0 0 1 24 9 0 0 13 0 0 3 7 11 21 0 13 18 19 1 19 18 83 0 9 0 0 0 0 9 0 0 0 0 0 12 0 8 0 10 0 10 11 0 0 0 0 0 0 0 0 0 0 0 0 0 0 0 0 0 0 0 0 0 0 0 0 0 0 0 1 0 0 0 0 0 0 0 0 0 0 0 0 0 11 0 0 0 0 2 1 85 135 3 10 11 0 0 0 0 0 0 0 2 0 0 0 0 0 0 0 0 0 0 0 0 0 0 0 0 1 0 0 0 0 0 0 0 0 0 0 0 0 
 38 167 30 247 164 144 63 34 33 312 0 385 139 57 40 180 71 87 49 134 74 36 1 0 1 2 1 72 3 0 3 3 156 54 0 79 0 0 1 0 0 0 0 0 0 0 0 2 3 0 0 0 0 0 3 10 0 0 0 0 3 0 0 0 0 0 3 0 0 2 2 0 0 0 0 0 0 0 0 0 18 0 0 0 14 11 0 0 26 40 38 6 0 0 1 14 24 0 0 1 13 0 0 0 0 0 23 35 0 1 0 0 15 2 5 0 0 21 43 16 0 0 0 0 0 0 0 0 0 0 0 0 0 0 9 0 1 2 0 0 0 5 0 0 2 0 0 0 0 0 4 0 6 0 0 0 0 0 0 0 0 15 18 1 22 0 1 0 17 0 16 0 1 0 0 0 0 0 13 2 12 2 15 0 0 0 40 24 0 0 0 0 21 12 1 16 0 1 7 36 0 0 0 0 0 0 0 0 0 0 0 2 0 0 0 0 0 0 0 0 0 0 0 0 0 0 0 0 0 0 0 0 0 0 0 0 0 0 0 0 0 0 0 0 0 0 97 0 1 1 2 12 0 0 0 0 0 0 0 0 0 0 0 0 0 0 0 0 0 0 0 0 0 0 0 28 0 0 0 0 0 0 0 0 0 0 0 0 0 0 
 220 123 38 253 212 240 44 40 95 116 385 0 255 236 35 252 110 320 50 31 77 2 0 0 2 7 3 74 3 3 3 3 89 157 2 17 0 0 1 11 0 0 0 25 0 63 2 2 4 0 2 0 0 1 5 3 0 0 0 0 3 1 1 0 0 1 3 0 0 2 2 1 0 0 2 0 0 0 0 0 0 0 0 29 9 11 0 0 26 12 0 0 0 0 0 28 15 10 0 0 4 0 0 0 0 0 22 68 0 15 0 0 33 0 11 0 0 20 22 22 0 0 0 0 0 0 0 0 0 0 0 0 18 0 0 0 0 0 0 0 0 0 0 0 0 0 0 0 0 0 5 0 5 0 0 0 0 0 0 18 1 0 18 2 24 48 0 0 0 0 24 20 0 0 0 0 14 0 0 0 48 0 9 0 0 0 59 36 5 0 0 0 64 9 39 15 0 8 18 29 0 0 0 0 12 0 0 0 0 0 0 0 0 0 0 0 0 0 0 0 0 0 0 0 0 0 0 0 0 0 0 0 0 0 0 0 0 0 0 0 0 9 0 0 0 0 2 1 5 2 0 5 2 0 2 0 0 0 0 0 0 0 0 0 0 0 0 0 0 0 0 0 0 0 0 23 0 0 0 0 0 0 0 0 0 0 0 0 0 0 
 149 66 365 179 87 18 175 184 89 62 139 255 0 71 47 447 143 252 212 243 0 0 0 0 0 1 0 1 3 0 4 2 0 0 0 3 0 0 4 22 0 0 0 0 0 0 0 2 0 0 0 0 0 60 3 11 0 0 0 0 3 0 0 0 0 0 2 0 0 3 3 0 0 0 0 0 0 0 0 0 9 19 6 32 1 0 32 28 21 32 28 30 34 0 53 26 19 31 18 0 0 0 0 0 0 0 0 0 0 0 0 0 0 0 0 0 0 0 17 1 0 0 0 0 0 0 0 0 0 0 0 0 0 0 0 21 5 0 0 0 0 1 0 0 0 0 2 12 2 2 0 0 0 0 0 0 0 0 0 0 17 46 2 3 1 18 0 10 47 0 20 0 41 14 12 25 39 23 16 16 0 0 0 0 0 2 0 0 0 0 0 0 0 0 0 0 0 0 0 0 0 0 0 2 0 0 0 0 6 0 0 0 0 0 0 0 0 0 2 0 0 0 0 0 1 0 0 0 0 0 1 0 0 1 0 0 0 0 0 0 0 0 0 0 0 0 49 0 5 0 0 8 0 0 0 0 0 0 0 0 0 0 0 0 0 0 0 0 0 0 0 0 0 0 0 0 14 9 0 0 0 0 0 0 0 0 0 0 0 0 
 167 96 129 148 54 114 150 247 299 417 57 236 71 0 137 55 147 419 186 233 0 0 0 0 1 3 0 2 6 0 5 3 37 0 0 3 0 0 3 0 0 99 0 0 0 0 0 2 19 3 0 0 0 0 2 0 0 0 0 0 3 0 0 45 0 0 3 0 0 1 1 0 0 0 0 0 29 0 0 0 18 0 18 12 17 1 29 18 2 11 13 1 26 27 11 0 1 14 8 42 0 0 0 0 0 0 2 0 0 0 14 0 6 0 0 0 0 0 1 0 0 0 0 0 0 0 0 0 1 0 0 0 19 0 0 0 0 0 0 0 0 8 0 0 0 0 0 0 0 0 0 0 0 0 0 0 0 0 0 0 0 29 16 14 0 0 30 7 11 0 12 0 10 21 10 30 19 22 41 14 0 7 0 2 2 0 0 1 0 0 0 0 0 0 0 0 2 0 0 10 0 0 0 0 0 0 0 0 0 0 0 0 0 0 0 0 0 0 0 0 0 0 0 0 0 0 0 0 0 0 0 0 0 0 0 0 0 0 22 0 0 0 0 0 2 2 92 0 97 96 2 4 0 0 0 1 0 0 0 0 0 0 0 0 0 0 0 0 0 0 0 0 0 0 0 0 15 15 0 0 0 0 0 0 0 0 0 0 0 0 
 215 180 133 128 68 159 122 199 150 154 40 35 47 137 0 43 103 38 85 163 0 0 92 0 0 3 0 0 3 0 3 3 1 0 0 3 0 0 2 3 0 0 0 0 0 0 0 2 2 0 0 0 0 0 3 0 6 0 0 0 3 0 0 0 0 0 3 0 0 2 2 0 0 0 0 0 0 0 0 0 0 6 23 23 21 24 5 15 17 21 0 10 32 25 31 14 1 0 33 0 0 0 0 0 0 8 23 0 0 0 13 0 0 0 11 0 0 0 19 9 0 0 0 0 0 0 0 0 0 0 0 0 46 0 0 0 0 0 0 0 12 0 0 0 0 0 0 0 0 0 0 0 0 0 0 0 0 2 0 0 8 11 3 30 41 20 24 0 12 47 29 0 20 1 40 0 30 27 35 18 0 0 0 2 0 0 0 0 0 0 0 0 15 1 23 0 0 0 0 0 0 0 0 1 0 0 0 0 21 0 0 0 0 0 0 12 0 0 1 0 0 0 0 23 0 0 0 0 0 0 2 0 0 0 0 0 0 0 0 0 0 0 0 0 0 1 4 0 1 99 18 8 0 0 0 0 0 0 0 0 0 0 26 0 0 0 0 0 0 0 0 0 0 0 0 0 23 0 0 0 0 0 0 17 0 0 0 0 0 0 
 53 281 140 137 102 124 356 32 462 229 180 252 447 55 43 0 488 735 126 62 0 8 0 1 0 2 0 1 6 3 4 5 77 2 0 3 0 0 1 0 3 0 0 0 0 0 0 2 4 0 2 0 0 0 3 0 3 2 0 0 3 0 0 0 0 3 2 0 0 3 3 0 2 3 2 0 29 0 0 0 1 0 12 57 10 14 13 1 1 20 9 7 10 21 13 0 0 14 7 0 0 0 0 0 0 0 0 42 0 0 0 0 0 0 9 0 0 0 1 14 0 0 0 0 0 0 0 0 0 0 0 0 15 0 0 0 0 0 0 0 0 7 0 0 0 11 0 1 0 0 0 0 0 0 0 0 0 0 0 32 0 20 18 11 0 0 0 0 1 0 22 0 0 0 0 20 18 20 15 15 0 0 0 0 0 0 0 0 0 0 0 0 2 0 0 0 0 0 44 10 0 0 0 0 0 0 0 0 0 0 0 0 0 0 0 0 0 0 0 13 0 0 0 0 0 0 0 0 0 0 0 0 0 0 0 0 0 0 0 0 0 0 0 0 0 2 87 1 88 2 0 4 14 1 2 0 0 0 0 2 0 0 0 0 0 0 0 0 0 0 0 0 0 0 0 0 19 14 0 0 0 0 0 0 0 0 3 0 0 0 
 57 58 44 298 264 212 116 40 87 144 71 110 143 147 103 488 0 212 253 133 76 0 0 0 0 3 1 0 3 30 3 3 66 0 0 4 1 0 2 11 0 0 0 0 0 0 0 2 2 0 0 0 0 0 3 1 0 0 0 0 3 0 0 0 0 0 3 0 0 2 2 0 0 0 0 0 0 0 0 0 26 0 7 0 13 24 0 58 18 9 1 11 9 16 14 56 0 1 1 0 15 0 0 0 0 0 2 32 0 1 0 9 2 0 3 0 0 0 13 21 0 0 0 0 1 0 0 0 0 10 0 0 0 0 0 0 0 0 0 0 0 8 0 0 0 0 0 21 0 0 0 0 3 0 0 0 0 0 0 1 9 11 19 7 18 11 1 0 5 2 28 17 77 12 1 2 14 24 2 0 0 0 0 0 0 0 0 15 0 10 0 0 0 0 0 1 0 0 0 54 0 0 0 0 13 0 0 0 0 0 0 0 0 0 0 0 0 0 0 0 0 0 0 0 0 0 0 0 0 5 0 0 0 0 0 0 0 0 0 0 0 0 0 0 0 1 44 1 1 37 0 6 11 0 0 0 0 0 0 0 0 0 8 0 0 0 0 0 0 0 0 1 0 0 0 0 17 1 0 0 0 0 0 0 0 0 0 0 0 0 
 252 122 64 45 217 372 354 245 85 370 87 320 252 419 38 735 212 0 26 40 22 0 0 0 0 27 0 50 3 0 7 3 0 0 32 3 2 32 0 0 0 0 0 0 0 3 0 2 1 0 0 1 0 0 3 6 0 0 0 0 3 0 0 0 0 0 2 0 0 7 3 0 0 0 0 0 47 0 0 0 1 0 32 1 0 26 8 0 7 20 43 49 0 25 12 0 0 0 0 9 1 0 0 0 16 0 13 20 1 0 0 0 0 0 0 0 0 0 33 31 0 0 0 0 0 30 0 0 0 0 0 0 0 0 0 0 1 0 19 0 0 3 0 0 0 0 0 2 0 0 13 0 43 0 0 0 0 0 0 0 0 0 36 18 0 13 13 0 1 0 16 13 2 0 1 0 8 7 1 19 0 0 0 0 0 0 2 10 0 0 0 2 0 0 0 0 0 0 10 25 0 0 1 0 0 0 0 0 0 0 0 0 0 0 0 0 0 0 0 0 0 0 0 21 0 0 0 0 0 0 0 0 0 0 0 0 0 0 0 0 0 0 0 0 0 3 4 1 45 88 2 0 11 0 0 0 0 0 26 0 0 0 0 0 0 0 0 0 0 1 0 0 0 0 0 0 1 0 0 0 0 0 0 0 0 0 0 0 0 0 
 134 104 48 78 126 44 65 73 94 164 49 50 212 186 85 126 253 26 0 195 0 2 0 0 0 8 1 4 5 0 4 202 74 3 3 3 0 0 1 1 0 0 2 3 0 0 0 2 1 2 0 0 0 0 74 2 1 0 0 0 5 0 0 0 0 3 2 0 0 3 4 0 0 0 50 2 53 2 1 0 24 20 0 0 0 0 19 43 0 0 18 0 44 0 0 0 0 0 12 0 0 0 0 0 0 0 0 0 0 0 0 0 0 0 0 0 0 0 0 0 0 0 0 0 0 0 0 0 0 0 0 0 0 0 0 0 0 0 0 0 0 0 0 0 0 0 0 16 1 0 0 0 0 14 0 0 0 0 0 0 12 13 0 0 0 0 14 0 2 24 0 0 0 0 32 15 0 25 42 37 0 0 0 0 0 0 0 0 36 0 0 0 0 0 0 0 0 0 0 0 0 0 0 0 0 0 0 0 0 0 0 0 0 0 0 0 0 0 0 0 0 0 0 0 0 0 0 0 0 0 0 0 0 0 0 0 0 0 0 0 0 0 0 0 0 2 3 2 1 0 1 0 0 0 2 0 3 0 0 0 0 0 0 0 0 0 0 2 0 0 0 0 0 0 0 0 0 0 0 0 0 0 0 0 0 0 0 0 0 0 
 178 174 150 65 271 125 242 138 72 169 134 31 243 233 163 62 133 40 195 0 4 3 0 0 2 6 5 0 3 0 6 6 0 6 0 3 0 0 2 4 0 0 0 0 0 0 60 2 35 0 4 2 0 0 3 5 2 0 0 0 5 0 1 5 2 0 3 0 2 1 4 0 2 0 0 5 2 2 0 0 40 27 12 0 0 0 30 12 10 0 11 21 20 17 0 16 12 11 20 23 0 0 0 0 0 0 0 0 2 0 0 0 0 0 0 0 0 0 0 0 0 0 0 0 0 0 0 0 0 0 0 0 0 0 0 0 0 0 0 0 0 0 0 0 0 0 0 46 6 6 0 0 0 0 0 0 0 0 0 0 0 9 0 0 1 24 27 15 34 0 0 0 34 41 39 2 0 2 5 1 0 0 1 0 0 0 2 0 0 0 0 2 0 0 29 0 0 0 0 0 0 0 0 0 0 0 0 0 0 0 0 0 0 1 0 0 0 0 0 0 0 0 0 0 0 0 0 0 0 0 0 0 0 0 0 0 0 0 0 0 0 0 0 0 0 0 2 0 1 0 0 0 0 0 0 0 0 0 0 0 0 0 0 0 0 0 0 0 0 0 0 0 0 0 2 0 21 8 0 0 0 0 0 0 0 0 0 0 0 0 
 0 0 5 36 152 0 0 0 0 0 74 77 0 0 0 0 76 22 0 4 0 71 62 58 28 103 294 202 321 101 25 64 221 36 178 31 186 173 226 305 0 0 3 0 0 1 4 1 0 0 3 0 0 0 0 0 33 0 0 0 0 0 0 0 0 0 2 0 0 0 0 0 7 9 0 3 0 3 0 0 0 0 0 0 0 1 0 0 0 0 0 0 0 0 0 0 14 0 0 6 1 10 13 14 0 0 1 0 13 22 30 0 40 6 27 39 12 13 5 0 0 0 0 0 0 0 0 0 0 0 0 0 0 0 8 0 0 0 0 0 1 0 0 0 0 0 0 0 0 0 0 0 0 0 1 0 0 0 0 0 0 0 0 0 0 0 0 0 0 0 0 9 0 0 0 0 0 0 0 0 40 31 10 5 19 48 16 0 56 11 0 0 0 48 0 6 24 12 10 5 0 0 0 0 0 0 0 0 0 0 0 0 0 0 0 0 0 0 0 0 5 0 0 0 0 0 0 0 0 0 0 0 0 0 0 0 0 1 0 0 0 0 0 0 0 0 0 0 0 0 0 0 0 0 4 0 0 77 77 0 0 0 0 0 0 0 0 0 0 0 0 0 0 0 0 0 0 0 0 0 0 0 0 0 0 0 0 0 0 0 
 0 0 0 0 2 79 0 2 0 0 36 2 0 0 0 8 0 0 2 3 71 0 217 205 141 109 246 214 411 493 113 37 69 140 314 129 108 127 88 244 0 0 3 0 0 0 4 2 0 0 2 0 2 0 3 3 6 2 0 0 2 1 51 6 0 55 5 0 18 0 0 0 3 0 1 1 2 3 0 0 0 0 0 0 2 0 0 0 1 8 0 0 0 0 0 0 0 0 0 0 14 34 50 13 0 16 3 0 12 38 11 17 0 0 0 6 85 18 0 0 0 0 0 0 0 0 0 1 0 0 0 0 36 0 12 0 0 0 38 31 19 0 0 0 0 0 1 0 0 0 0 2 0 0 6 0 0 0 0 0 12 0 0 0 0 0 0 0 0 0 0 0 6 0 0 0 0 0 3 0 20 10 1 11 8 20 0 0 60 15 0 17 6 35 15 0 21 0 0 0 9 0 0 0 0 0 7 0 4 0 0 0 11 0 2 0 0 0 0 23 0 0 0 0 0 0 0 0 0 0 0 0 0 0 0 0 0 13 0 1 0 19 0 0 0 0 0 0 0 0 0 0 0 0 8 2 0 122 2 2 2 2 0 0 0 0 0 0 0 0 0 0 0 0 0 0 0 0 0 0 0 0 0 0 0 18 7 0 0 0 
 0 0 0 0 33 0 0 2 0 0 1 0 0 0 92 0 0 0 0 0 62 217 0 259 322 73 225 170 205 129 264 126 125 56 185 83 114 70 264 85 0 3 3 4 3 0 5 0 6 4 6 1 1 10 2 3 3 3 5 9 2 2 2 0 0 2 2 2 2 5 0 0 3 0 2 13 9 4 0 0 0 0 0 0 1 0 0 0 0 0 0 0 0 0 0 0 1 0 0 0 29 25 35 29 12 51 5 0 39 3 16 2 0 31 0 18 5 14 0 0 0 0 0 0 0 0 0 8 0 0 0 0 17 0 0 11 0 0 9 0 3 0 0 0 0 0 0 13 0 0 0 0 0 0 1 0 0 0 0 0 0 0 0 0 0 14 0 0 0 28 14 0 0 0 0 0 0 0 0 0 10 11 37 9 14 7 0 33 46 16 18 5 0 24 14 8 0 32 0 26 13 13 0 0 0 0 35 20 0 0 0 0 34 0 0 0 0 0 0 0 2 6 0 0 0 0 0 0 0 0 0 0 2 0 0 0 0 0 0 2 0 0 12 0 0 0 0 0 0 0 0 0 0 0 19 0 0 3 1 2 2 2 0 0 0 0 10 0 0 0 0 0 2 0 0 0 0 0 0 0 0 9 0 0 0 17 19 0 0 0 
 0 0 0 2 0 79 0 1 0 0 0 0 0 0 0 1 0 0 0 0 58 205 259 0 203 46 246 151 68 202 95 268 67 166 103 135 261 132 135 42 0 0 10 0 0 0 3 0 0 0 2 0 1 0 0 4 3 0 29 39 0 0 0 0 0 25 2 0 0 0 0 0 32 0 1 4 5 2 0 2 0 0 0 0 0 0 12 0 0 2 0 0 0 0 0 0 0 1 0 0 27 37 20 1 38 18 7 0 45 12 17 40 0 1 9 21 20 16 0 0 17 0 0 0 0 0 10 13 0 0 0 0 10 0 23 10 0 0 41 21 0 0 0 0 0 2 0 0 0 0 0 0 0 0 0 0 0 0 0 0 0 0 0 0 0 0 0 0 0 1 0 0 8 0 0 0 0 0 3 0 30 9 9 0 0 0 0 1 20 0 12 29 34 14 7 10 28 18 23 11 14 1 0 0 0 0 0 0 0 0 0 0 22 10 0 12 0 0 13 40 0 2 0 0 0 0 2 0 0 0 3 0 0 0 0 0 0 12 0 4 0 0 0 0 0 1 0 0 0 0 0 0 0 0 0 0 0 2 2 2 2 16 0 0 0 0 0 0 0 0 0 0 0 0 0 0 0 0 0 0 0 0 0 0 0 0 25 0 0 0 
 74 0 0 0 0 0 26 0 2 0 1 2 0 1 0 0 0 0 0 2 28 141 322 203 0 540 57 146 242 104 94 276 58 94 162 187 106 449 59 76 62 125 3 0 0 0 3 72 66 0 2 0 1 29 111 0 4 0 33 64 0 0 0 0 0 0 2 0 0 0 1 0 3 0 1 30 15 2 0 0 0 0 0 0 0 0 0 0 0 0 0 0 0 0 0 0 0 0 0 0 0 0 0 3 42 26 0 0 14 7 28 0 0 0 0 45 0 12 0 0 32 0 19 18 0 1 11 4 1 0 15 12 24 16 0 3 5 9 27 25 2 0 1 0 0 6 14 0 0 10 0 0 0 0 0 0 0 0 0 0 0 0 0 0 0 0 0 0 4 0 5 0 0 7 0 0 0 1 0 0 0 0 0 0 0 2 0 0 0 0 14 61 0 0 1 0 12 0 0 0 23 1 38 20 0 0 7 0 0 0 0 0 41 28 22 2 0 12 0 13 0 0 0 2 0 0 0 0 0 0 0 0 0 0 0 0 0 0 0 0 0 0 0 0 0 0 0 0 0 0 0 0 0 0 9 1 3 0 2 1 0 12 0 0 0 0 0 0 0 0 0 0 0 0 0 0 0 0 0 0 0 0 0 2 13 0 38 0 0 0 
 3 3 3 3 3 3 80 6 2 0 2 7 1 3 3 2 3 27 8 6 103 109 73 46 540 0 47 51 104 63 87 340 41 54 320 105 56 165 55 249 101 24 4 0 0 64 130 25 0 0 4 1 0 125 23 61 8 0 65 81 0 0 0 0 0 7 2 0 0 0 1 0 2 0 0 3 4 3 0 0 0 0 0 0 0 0 0 0 0 0 0 0 0 0 0 0 0 0 0 0 0 0 15 0 13 0 0 0 0 20 19 0 0 0 21 0 0 17 0 14 38 0 44 11 0 0 9 1 13 0 15 9 9 27 14 2 0 31 20 1 0 0 0 0 0 0 8 0 0 0 0 0 0 0 0 1 0 0 0 0 0 0 0 0 0 0 0 0 3 0 3 0 0 3 0 0 0 0 0 0 0 0 0 1 0 28 0 0 0 0 1 27 0 0 0 0 13 0 0 0 19 0 17 20 0 0 7 0 43 0 11 24 35 39 24 0 0 11 19 28 0 0 0 0 0 0 0 0 0 0 0 0 0 0 0 0 0 0 0 0 0 0 0 0 0 0 0 0 0 0 0 0 0 0 6 1 1 0 5 2 6 17 0 0 0 0 6 0 0 0 0 0 0 0 0 0 0 0 0 0 0 0 0 0 14 0 0 10 0 0 
 0 74 0 74 38 0 0 3 0 0 1 3 0 0 0 0 1 0 1 5 294 246 225 246 57 47 0 87 148 49 238 375 231 292 31 113 389 57 161 210 0 0 3 0 0 2 3 0 0 0 3 0 1 0 0 0 3 0 0 13 0 0 0 0 7 0 2 0 50 0 0 0 3 4 0 3 0 3 0 0 0 0 0 0 0 20 0 0 14 0 0 0 0 0 0 0 0 8 0 8 24 45 31 28 14 14 9 0 12 11 26 12 18 22 11 0 56 13 10 0 0 0 0 0 0 0 0 0 0 0 0 0 1 0 13 0 0 0 0 0 0 0 0 0 0 0 0 0 0 0 0 0 0 0 5 0 0 0 0 0 0 0 0 0 0 1 0 0 0 0 0 0 0 0 0 0 0 0 4 0 4 16 6 18 17 8 12 53 53 8 0 0 0 7 24 7 30 24 0 39 0 0 0 0 0 0 0 0 0 0 0 0 1 0 0 0 0 0 2 0 1 0 0 0 0 0 0 0 0 0 0 0 2 0 0 0 0 1 0 2 0 0 20 0 0 0 0 0 1 0 0 0 0 0 13 0 0 2 0 2 1 0 0 0 0 0 0 0 0 0 0 0 0 0 0 0 1 0 0 0 0 0 0 0 0 45 0 0 0 0 
 0 2 0 147 183 2 2 0 0 0 72 74 1 2 0 1 0 50 4 0 202 214 170 151 146 51 87 0 169 38 31 107 79 163 194 186 46 88 173 77 3 0 3 0 0 52 3 0 3 0 3 1 0 0 0 0 8 0 0 0 0 0 0 0 0 0 2 0 0 0 0 0 2 0 0 3 0 3 3 0 0 0 0 1 18 21 0 0 1 0 0 0 0 0 0 11 11 0 0 0 0 0 14 20 13 0 9 11 1 41 9 0 21 10 21 0 0 18 10 11 1 0 0 0 1 0 0 0 0 0 0 0 15 0 0 1 0 0 9 0 4 11 0 0 0 0 0 0 0 0 0 0 0 0 1 0 0 0 0 0 0 0 0 0 1 1 0 1 0 0 0 7 2 0 2 0 0 5 4 1 0 1 19 14 0 35 41 0 0 0 15 9 0 27 1 16 22 3 4 17 7 0 0 0 0 0 7 0 0 0 0 0 0 0 0 0 0 0 0 5 0 0 0 0 0 0 9 0 0 0 0 0 0 0 0 0 0 0 0 0 0 0 0 0 0 0 0 0 0 0 0 0 0 0 7 0 0 81 1 0 2 0 0 0 0 0 0 0 0 0 0 0 0 0 0 18 0 0 0 0 0 0 0 0 0 0 0 0 0 0 
 3 3 4 3 77 3 3 6 3 0 3 3 3 6 3 6 3 3 5 3 321 411 205 68 242 104 148 169 0 149 130 203 67 318 259 243 129 77 392 80 3 0 3 0 0 2 4 0 0 0 208 0 1 0 0 0 3 206 0 0 3 0 0 1 0 0 2 0 0 0 0 1 3 4 1 1 0 2 0 0 0 0 0 0 0 0 0 0 0 0 0 0 0 0 0 0 0 0 0 0 12 0 20 10 52 0 0 0 29 13 11 20 0 11 0 0 2 13 0 0 10 0 0 0 0 0 0 11 1 0 2 0 14 12 8 0 0 0 80 7 1 0 0 0 0 0 2 14 0 0 0 0 0 0 1 0 0 0 0 0 0 0 0 0 0 0 0 0 0 7 0 0 0 0 0 0 0 0 0 0 1 2 27 31 40 5 0 0 8 41 22 17 0 6 22 10 15 10 0 0 30 20 0 0 0 0 31 0 0 0 0 0 11 0 0 0 1 0 0 7 0 0 0 0 0 1 0 0 0 0 0 0 0 0 0 0 0 0 0 0 0 0 0 0 0 0 0 0 0 0 0 0 0 0 0 1 0 4 2 2 4 0 0 0 0 0 0 0 0 0 0 0 0 0 0 0 0 1 0 0 0 0 0 0 0 8 0 0 0 0 
 0 0 0 0 3 82 0 5 0 0 0 3 0 0 0 3 30 0 0 0 101 493 129 202 104 63 49 38 149 0 85 55 325 456 135 165 144 86 195 60 0 0 3 0 0 0 3 0 0 63 3 0 61 1 62 0 3 0 0 0 0 0 0 0 0 0 2 0 0 0 0 0 2 0 2 6 6 3 0 0 0 0 0 0 1 0 0 0 0 0 0 0 0 0 0 0 0 0 0 0 0 24 37 22 30 22 3 0 1 10 14 15 14 0 0 16 55 0 3 0 1 9 0 0 0 0 1 40 0 0 0 0 11 0 5 28 0 0 20 20 0 0 0 0 0 0 0 10 14 0 0 0 0 0 0 0 0 0 0 0 0 0 0 0 0 0 0 0 0 0 0 0 6 0 0 0 0 0 3 0 23 7 0 10 0 28 11 0 16 10 11 40 18 15 0 8 20 5 0 0 10 19 0 0 0 0 0 32 0 0 0 0 15 0 0 0 0 0 30 19 0 0 0 0 0 0 0 0 0 0 0 0 0 0 0 0 0 11 0 0 0 0 0 0 0 0 0 0 0 0 0 0 0 0 6 0 0 2 2 5 0 3 0 0 0 0 24 0 0 0 0 0 0 0 0 0 0 0 0 4 0 19 0 0 0 0 1 0 0 0 
 99 4 3 3 6 3 3 3 3 36 3 3 4 5 3 4 3 7 4 6 25 113 264 95 94 87 238 31 130 85 0 377 65 48 224 296 273 148 276 134 4 1 3 0 0 1 65 0 0 0 3 65 63 64 0 2 3 0 56 43 0 0 0 0 0 0 2 0 0 0 0 0 2 3 0 3 1 3 1 0 0 0 0 0 0 0 0 0 0 0 0 0 0 0 0 0 0 0 0 0 7 1 9 21 13 32 9 0 11 28 10 19 1 22 0 0 19 18 0 0 21 1 12 0 1 0 11 0 0 0 0 0 14 4 54 12 0 1 35 7 0 0 0 0 0 0 0 0 0 0 0 0 0 0 0 0 0 0 0 0 0 0 0 0 0 27 0 1 2 0 1 0 2 0 2 0 0 0 0 1 15 11 0 25 18 29 0 2 8 39 0 22 0 8 12 2 13 28 2 20 0 11 1 0 0 0 0 0 0 0 0 0 0 17 8 10 0 1 32 19 0 0 18 0 0 0 0 0 0 0 0 0 0 0 0 0 0 0 0 0 0 0 14 0 0 0 0 0 0 0 0 0 0 0 10 0 1 43 0 2 18 18 0 0 0 0 0 0 0 0 0 0 0 0 0 0 0 0 0 0 0 10 0 0 0 0 0 0 0 0 
 3 3 3 3 3 3 3 3 3 0 3 3 2 3 3 5 3 3 202 6 64 37 126 268 276 340 375 107 203 55 377 0 90 40 228 40 81 137 99 95 0 2 3 0 3 1 3 0 0 0 3 0 1 34 1 0 3 0 0 0 0 0 0 0 4 0 2 0 0 0 0 0 2 4 2 3 1 3 0 0 0 0 0 0 1 0 0 0 0 0 0 0 0 0 0 0 0 0 0 0 13 19 19 9 0 9 0 0 22 15 0 34 17 18 0 0 19 3 0 0 0 0 0 1 0 0 7 0 0 0 0 0 24 17 14 13 0 0 10 10 4 0 0 0 0 0 1 15 1 50 0 0 0 0 3 0 0 0 0 0 0 0 0 0 0 0 0 0 0 8 0 2 0 0 0 0 0 0 0 0 0 10 23 12 50 35 0 0 24 35 2 0 0 25 19 13 8 12 0 0 5 32 14 0 0 0 23 0 12 0 0 0 7 0 61 0 8 0 16 0 0 0 0 0 0 0 0 0 0 0 0 0 0 0 0 0 0 0 0 0 0 0 0 0 0 0 1 0 0 0 0 0 0 0 4 0 0 204 1 3 2 3 0 0 0 0 0 0 0 0 0 0 0 0 0 0 0 0 0 0 0 0 16 0 0 13 0 0 0 0 
 0 74 0 150 1 73 1 2 1 0 156 89 0 37 1 77 66 0 74 0 221 69 125 67 58 41 231 79 67 325 65 90 0 161 244 21 213 83 127 98 2 0 3 2 0 0 4 0 0 0 3 0 0 0 0 0 4 0 0 4 3 0 0 1 0 0 2 0 0 0 0 0 3 1 0 3 0 6 51 0 0 0 0 11 1 0 0 0 11 37 0 0 0 0 0 14 11 0 0 0 9 12 4 14 0 16 16 29 9 4 0 0 17 51 11 0 1 0 7 18 0 0 0 0 0 0 0 0 0 0 0 0 0 0 0 0 0 0 10 0 3 0 2 0 0 0 0 8 0 0 7 0 0 0 1 0 0 0 0 0 0 0 8 0 0 29 0 0 0 2 11 0 0 0 0 0 0 0 0 0 20 0 0 0 2 0 12 0 36 0 13 0 1 10 15 4 7 36 0 25 0 0 0 0 0 0 0 0 0 2 0 0 0 0 0 1 0 0 0 2 0 0 0 1 0 0 0 0 0 0 0 0 0 0 0 0 0 0 0 0 0 0 11 0 0 0 0 0 0 0 0 0 0 0 4 0 0 4 0 2 2 0 0 0 0 0 0 0 0 0 0 0 0 0 0 0 0 0 0 0 0 23 0 1 0 0 0 0 0 0 
 0 0 0 96 147 234 0 3 0 74 54 157 0 0 0 2 0 0 3 6 36 140 56 166 94 54 292 163 318 456 48 40 161 0 142 131 41 63 141 299 0 0 3 0 0 0 3 0 1 0 2 0 1 0 0 0 3 0 2 0 0 0 0 0 0 0 2 0 0 0 0 0 3 0 1 1 0 2 0 0 0 0 0 1 31 2 0 0 0 24 2 1 0 0 0 10 19 10 0 0 14 53 14 32 0 0 15 8 0 32 20 0 60 0 0 18 27 0 26 8 0 0 0 0 0 0 0 0 0 0 1 0 0 2 0 0 0 0 0 0 0 0 0 0 2 0 0 0 0 0 0 0 0 0 0 0 0 0 0 0 0 0 0 0 10 0 0 0 0 4 0 33 6 0 0 0 0 0 1 0 28 28 44 0 0 0 49 36 62 31 12 0 40 23 18 17 12 14 12 1 0 0 0 0 0 0 0 0 0 6 0 0 0 0 0 0 0 0 0 0 0 0 0 0 0 0 0 8 0 0 0 0 0 0 0 0 0 7 0 0 0 9 0 0 0 0 0 0 0 0 0 0 1 0 14 0 0 1 1 0 5 2 63 0 0 0 0 0 0 0 0 0 0 0 0 19 0 2 0 0 0 11 0 0 0 0 0 0 0 0 
 0 0 3 2 0 78 1 3 0 0 0 2 0 0 0 0 0 32 3 0 178 314 185 103 162 320 31 194 259 135 224 228 244 142 0 87 118 40 504 132 1 0 3 0 0 2 3 0 0 0 3 2 1 0 0 0 8 0 0 0 24 0 0 0 0 0 2 0 0 0 0 0 3 18 0 3 1 3 0 0 0 0 0 0 0 1 0 0 0 0 0 0 0 0 0 0 0 0 0 0 0 12 46 4 0 1 18 0 1 34 9 4 1 0 12 0 26 6 0 0 1 0 0 0 0 0 0 0 0 0 0 13 12 0 57 1 0 0 23 32 3 0 0 0 0 0 0 0 0 0 0 0 0 0 1 0 0 0 0 0 0 0 0 0 0 0 0 0 0 0 0 0 11 0 0 0 0 0 2 0 10 10 0 28 45 33 0 0 30 19 0 7 10 32 10 0 42 0 1 0 0 1 8 0 0 0 8 0 0 0 0 0 0 0 0 0 0 0 1 0 0 0 0 0 0 0 0 0 0 0 0 0 0 0 0 0 0 11 0 8 0 0 0 0 0 0 0 0 0 0 0 0 0 0 3 2 0 153 3 0 2 0 0 0 0 0 0 0 0 0 0 0 0 0 0 0 0 0 0 0 0 0 0 0 0 10 0 0 0 0 
 3 3 3 4 145 85 3 8 3 3 79 17 3 3 3 3 4 3 3 3 31 129 83 135 187 105 113 186 243 165 296 40 21 131 87 0 64 121 58 114 37 0 3 0 2 63 5 0 0 0 2 0 2 0 0 0 3 0 0 0 0 0 0 0 0 0 2 0 0 0 0 0 3 0 1 5 0 51 0 0 0 0 0 0 8 12 0 9 0 0 0 0 0 0 0 0 0 2 0 0 11 10 9 11 27 0 0 0 11 25 15 11 20 0 0 0 0 13 26 0 11 0 2 2 0 0 1 11 0 0 0 0 0 20 9 1 0 0 20 8 0 0 0 0 2 0 6 0 0 0 0 0 0 0 0 0 0 0 0 0 0 31 0 0 3 0 0 0 0 0 0 0 6 0 0 0 1 0 4 0 14 11 10 0 0 0 26 24 21 0 11 10 20 0 0 13 33 29 11 9 11 1 0 0 0 0 9 0 0 0 0 0 22 20 0 0 0 0 0 6 0 2 0 0 0 0 0 0 11 0 0 0 0 0 0 0 0 1 0 0 0 0 0 0 0 2 0 0 0 0 0 0 0 0 4 0 1 2 0 1 0 31 0 0 0 0 0 0 0 0 0 0 0 0 0 8 0 0 0 0 0 0 0 0 0 9 0 0 0 0 
 0 0 0 0 3 0 0 2 0 0 0 0 0 0 0 0 1 2 0 0 186 108 114 261 106 56 389 46 129 144 273 81 213 41 118 64 0 196 340 217 0 0 3 0 0 67 3 0 0 0 3 0 0 0 0 69 3 0 0 3 0 0 0 0 0 0 2 0 0 2 0 0 3 5 0 2 0 2 0 0 0 0 11 0 0 0 0 0 9 0 0 0 0 0 1 0 0 0 0 2 24 22 33 13 11 11 23 0 23 29 10 0 13 25 9 15 32 0 0 0 0 0 0 0 0 0 0 0 0 0 0 0 0 0 0 0 0 0 0 8 0 0 0 0 0 0 0 13 0 0 0 0 0 0 2 0 0 0 0 0 0 0 0 0 0 13 0 0 0 2 2 0 0 0 0 0 0 0 0 0 30 33 18 8 49 7 0 18 24 18 0 12 0 24 8 39 64 60 7 1 0 0 0 0 0 0 0 0 0 0 0 0 0 0 0 0 0 0 0 0 0 0 0 0 0 0 0 0 0 2 0 0 0 0 0 0 0 0 0 5 0 0 13 0 0 0 0 0 0 0 0 0 0 0 6 0 1 73 38 0 1 0 2 0 0 0 0 0 0 0 0 0 0 18 0 0 0 0 0 0 0 13 0 0 0 0 0 0 0 0 
 4 0 0 0 1 0 0 0 0 2 0 0 0 0 0 0 0 32 0 0 173 127 70 132 449 165 57 88 77 86 148 137 83 63 40 121 196 0 78 29 0 2 3 0 0 1 4 0 0 0 5 0 61 0 7 1 7 0 63 64 0 0 0 0 0 0 2 0 0 0 3 0 3 2 0 1 1 2 0 0 0 0 0 0 2 0 0 0 0 0 0 0 0 0 0 0 2 0 0 0 0 20 40 0 16 6 9 0 6 26 0 2 17 35 14 0 33 7 0 0 23 10 0 0 0 0 0 12 0 0 9 0 0 18 10 16 0 0 0 33 0 0 0 0 0 0 6 15 0 0 0 0 0 0 2 0 0 0 2 0 0 0 0 0 0 0 0 0 0 9 0 0 0 0 0 0 0 0 0 0 0 2 34 26 9 32 0 4 19 0 20 65 0 13 9 16 12 9 0 0 0 9 0 0 0 0 0 7 0 0 0 0 20 21 1 0 0 0 19 0 1 0 0 0 0 0 0 0 0 0 0 0 0 0 0 0 0 0 0 1 0 0 0 0 0 0 0 0 0 0 0 0 0 0 5 3 5 39 6 3 0 18 0 0 0 0 0 0 0 0 0 0 0 0 0 0 0 0 0 11 0 0 0 0 0 0 0 0 0 0 
 75 2 29 2 26 77 2 2 0 0 1 1 4 3 2 1 2 0 1 2 226 88 264 135 59 55 161 173 392 195 276 99 127 141 504 58 340 78 0 86 0 0 3 0 2 1 3 0 0 2 3 0 0 2 0 4 3 0 0 0 0 3 2 0 0 2 2 0 1 0 0 0 2 1 4 3 0 6 3 0 0 0 0 0 1 3 0 0 0 0 0 0 0 0 0 0 0 0 0 0 1 32 20 14 9 4 38 0 10 15 0 0 9 20 0 0 12 0 0 0 0 12 0 0 0 0 0 0 0 0 1 0 0 0 0 0 0 0 0 0 0 0 0 0 2 1 0 0 0 0 0 0 22 0 2 0 0 1 0 0 0 0 0 1 0 0 0 2 0 0 0 4 16 0 1 0 0 0 1 2 40 10 0 0 0 0 1 0 31 0 13 0 20 12 0 8 22 36 0 0 0 0 0 0 0 2 0 0 1 0 0 0 0 0 0 0 0 0 0 0 0 0 0 0 0 0 0 0 0 0 1 0 0 0 0 0 0 9 0 0 0 0 0 0 0 0 2 0 0 0 0 0 0 0 7 0 3 7 1 0 2 8 0 0 0 0 0 0 0 0 0 0 0 0 0 0 0 0 0 0 0 0 0 0 0 0 0 0 0 2 
 49 0 0 72 34 58 0 0 0 0 0 11 22 0 3 0 11 0 1 4 305 244 85 42 76 249 210 77 80 60 134 95 98 299 132 114 217 29 86 0 3 0 3 0 0 2 3 0 0 0 59 0 0 0 0 0 3 0 0 5 0 0 0 0 0 0 2 0 0 0 0 4 3 3 0 2 0 2 48 1 0 0 0 0 22 19 0 0 0 0 0 0 0 0 0 0 0 0 0 0 7 2 9 27 5 23 23 0 12 0 10 0 10 39 33 14 24 13 15 15 0 0 0 0 0 0 0 0 0 0 0 11 0 0 0 0 0 0 0 0 1 1 1 0 0 0 17 0 0 0 0 0 0 0 0 0 0 0 0 0 0 0 3 0 7 14 0 0 0 0 0 10 0 0 20 0 0 0 4 0 39 47 7 16 7 11 9 2 21 10 10 0 9 24 12 10 39 14 29 42 0 0 0 0 0 0 0 0 0 0 0 0 0 0 0 0 0 0 0 0 0 0 0 0 0 0 0 0 0 0 0 0 0 0 0 0 0 0 0 0 0 0 11 0 0 0 0 0 0 0 0 0 0 0 4 0 0 1 1 0 3 0 0 0 0 0 0 0 0 0 0 0 0 0 0 13 0 0 0 0 0 10 0 0 0 0 0 0 0 0 
 0 0 0 1 0 0 0 0 0 0 0 0 0 0 0 3 0 0 0 0 0 0 0 0 62 101 0 3 3 0 4 0 2 0 1 37 0 0 0 3 0 116 150 148 89 22 154 136 212 336 267 47 263 107 532 118 43 104 108 175 0 0 0 6 0 0 0 3 0 0 0 6 0 0 6 0 2 0 0 2 0 0 0 0 0 0 0 0 0 0 0 0 0 0 0 0 0 0 0 0 6 0 0 0 0 0 0 0 0 0 9 7 0 0 0 0 0 0 0 0 24 8 14 31 8 15 10 0 97 34 41 6 0 16 11 4 36 13 27 7 0 0 0 0 0 0 0 0 0 0 0 0 0 0 0 0 0 0 0 0 0 0 0 0 0 0 0 0 8 0 7 0 0 7 0 0 0 0 0 0 0 0 0 0 9 14 0 0 0 0 0 0 0 0 0 0 0 0 0 0 12 5 24 6 16 15 6 42 4 19 32 49 0 28 51 20 22 44 4 28 0 0 0 0 0 0 11 0 12 0 0 0 0 0 0 0 0 0 23 7 0 0 0 0 0 0 0 0 0 0 0 15 0 2 0 0 0 0 0 0 0 0 0 0 0 0 4 0 0 0 0 0 0 0 0 0 0 0 0 0 0 0 0 0 0 0 0 0 0 0 
 0 0 0 0 0 0 0 0 0 0 0 0 0 99 0 0 0 0 0 0 0 0 3 0 125 24 0 0 0 0 1 2 0 0 0 0 0 2 0 0 116 0 171 125 96 87 71 146 77 149 32 114 55 246 372 60 116 260 562 48 0 6 10 26 0 0 0 0 0 0 0 0 4 8 0 0 2 5 0 0 0 0 0 0 0 0 0 0 0 0 0 0 0 0 0 0 0 0 0 0 0 0 0 0 0 0 0 0 0 0 16 0 8 0 0 0 0 0 0 0 7 9 10 0 20 0 16 10 0 7 0 9 1 10 1 0 0 12 12 0 8 0 0 0 0 0 4 0 9 0 0 1 0 12 0 0 4 0 7 6 0 0 0 0 0 0 0 0 4 0 3 0 4 16 0 0 0 0 0 0 0 0 0 21 0 22 0 0 0 0 47 0 0 0 0 0 0 0 0 0 0 0 20 0 0 17 8 0 0 1 0 27 11 37 19 16 0 19 12 0 12 10 29 4 0 0 19 10 10 0 18 3 0 4 13 4 0 6 29 7 0 0 0 0 0 0 0 0 0 0 0 12 0 0 0 0 0 0 0 0 2 0 2 0 0 4 0 1 0 0 0 0 0 0 0 0 0 0 0 0 0 0 0 0 11 11 0 0 2 0 
 0 0 0 0 1 0 0 0 0 0 0 0 0 0 0 0 0 0 2 0 3 3 3 10 3 4 3 3 3 3 3 3 3 3 3 3 3 3 3 3 150 171 0 193 88 359 188 106 159 112 279 116 335 88 51 43 109 172 59 183 1 5 0 0 4 0 0 5 6 4 0 52 17 0 0 4 2 0 51 50 0 0 0 0 0 0 0 0 0 0 0 0 0 0 0 0 0 0 0 0 0 0 0 0 0 0 0 0 0 0 0 0 0 0 0 0 0 0 10 0 9 0 0 11 15 17 20 0 18 14 22 0 0 0 0 25 11 18 0 11 0 0 0 0 0 4 0 0 0 0 3 6 0 0 0 22 0 0 1 0 0 22 0 0 0 2 0 0 0 0 0 0 0 0 0 0 0 10 0 0 0 0 0 0 0 0 0 1 0 0 0 0 0 0 0 0 0 0 0 0 12 0 9 0 10 21 7 0 11 10 19 32 0 11 13 22 19 0 11 10 17 0 0 0 1 0 20 13 11 3 0 0 0 0 24 0 0 0 8 0 0 0 0 0 0 0 0 0 0 0 0 12 0 1 0 0 0 0 0 1 0 0 70 4 0 12 0 0 0 0 5 0 0 0 0 2 0 4 0 0 0 0 0 0 0 0 0 0 0 0 
 0 0 5 0 0 0 0 6 0 0 0 25 0 0 0 0 0 0 3 0 0 0 4 0 0 0 0 0 0 0 0 0 2 0 0 0 0 0 0 0 148 125 193 0 105 117 251 98 256 205 97 171 93 332 129 69 60 180 141 185 54 0 0 3 12 2 57 6 2 8 4 3 0 21 56 13 59 2 49 50 0 0 0 0 0 0 0 0 0 0 0 0 0 0 0 0 0 0 15 0 0 0 17 0 0 0 0 0 0 0 0 0 0 0 0 0 0 0 0 0 7 7 0 11 29 25 12 0 18 13 25 0 0 0 0 14 8 25 0 12 20 0 9 0 3 7 0 0 57 0 5 6 7 3 0 12 0 0 0 3 0 0 0 0 0 5 0 0 0 0 0 9 0 0 0 0 0 0 0 0 0 0 0 0 0 0 0 0 0 0 0 0 0 0 0 0 0 0 0 0 23 0 0 0 9 24 7 0 19 10 5 14 0 10 18 12 25 0 18 14 14 10 0 0 0 0 10 0 0 6 0 0 7 21 18 21 0 0 29 22 0 0 0 0 0 0 0 0 0 0 0 4 0 0 0 0 0 0 0 10 0 0 65 34 0 0 2 0 0 0 8 0 0 12 0 4 0 0 0 0 0 0 0 0 0 14 0 0 1 0 
 0 0 0 0 0 0 0 3 0 0 0 0 0 0 0 0 0 0 0 0 0 0 3 0 0 0 0 0 0 0 0 3 0 0 0 2 0 0 2 0 89 96 88 105 0 93 321 88 138 247 95 58 93 152 371 188 284 230 72 131 51 25 4 7 0 0 0 0 0 0 0 0 0 1 50 0 52 0 0 7 0 0 0 0 0 0 0 0 0 0 0 0 0 0 0 0 0 0 0 0 0 0 0 0 0 0 0 0 0 0 0 0 0 0 0 0 0 0 0 0 0 0 2 17 28 17 8 0 17 34 19 0 5 4 8 23 12 7 0 0 0 17 0 0 0 0 34 0 0 0 0 0 9 20 0 12 0 18 0 0 0 9 4 0 0 0 0 0 0 0 0 0 0 0 0 0 0 0 0 0 0 0 0 0 0 0 0 0 0 0 0 0 0 0 0 0 0 0 0 0 0 12 12 0 0 52 0 1 6 17 24 0 16 0 6 6 26 0 2 0 10 7 11 1 0 0 28 20 26 19 0 0 17 24 0 13 0 0 24 19 0 0 22 0 0 0 0 0 0 0 0 3 0 0 0 0 0 0 0 13 0 0 0 2 0 24 0 0 3 0 0 0 0 0 15 0 0 0 0 0 0 0 6 0 0 0 0 2 1 1 
 0 0 0 0 62 0 0 2 0 0 0 63 0 0 0 0 0 3 0 0 1 0 0 0 0 64 2 52 2 0 1 1 0 0 2 63 67 1 1 2 22 87 359 117 93 0 38 44 40 40 141 60 27 69 38 98 141 146 44 66 0 0 2 0 0 5 52 0 5 54 0 0 71 52 54 0 0 1 71 99 0 0 0 0 16 0 0 0 0 0 0 0 0 0 0 0 0 0 0 0 0 0 0 0 0 0 10 0 0 6 0 0 0 7 0 0 0 9 0 9 0 0 0 0 20 19 0 0 0 0 0 0 0 0 0 0 0 0 0 0 0 1 16 9 6 8 0 0 0 20 12 5 0 21 0 14 0 18 0 9 0 0 0 0 0 4 0 0 0 0 0 1 0 0 0 0 0 0 0 0 0 0 10 0 0 0 16 0 0 0 67 0 0 0 0 11 0 22 0 0 0 0 1 0 0 9 0 0 0 0 0 24 0 0 0 0 0 0 0 0 19 7 14 0 0 0 2 22 8 0 5 0 0 19 43 20 8 0 7 31 0 0 0 0 0 0 0 0 0 0 0 1 0 51 0 0 0 2 0 0 0 0 91 62 0 4 1 2 2 4 0 0 0 0 0 19 0 0 0 0 0 0 0 0 0 0 0 0 2 0 
 0 0 0 62 0 0 0 0 0 0 0 2 0 0 0 0 0 0 0 60 4 4 5 3 3 130 3 3 4 3 65 3 4 3 3 5 3 4 3 3 154 71 188 251 321 38 0 371 753 94 43 137 168 335 34 102 46 38 111 84 0 0 0 0 0 0 0 6 0 0 0 0 0 203 1 0 0 0 0 0 0 0 0 0 0 0 0 0 0 0 0 0 0 0 12 0 0 0 0 0 0 0 1 0 1 0 1 0 1 1 0 0 18 1 1 4 4 9 0 0 8 9 4 40 10 17 0 0 19 10 37 17 0 10 9 21 20 20 0 14 0 0 6 0 0 0 0 0 0 0 0 0 0 12 0 0 0 0 0 0 0 0 0 0 0 0 0 0 0 0 0 0 0 0 0 0 0 0 0 0 0 4 6 16 1 2 0 1 0 15 12 1 0 0 0 2 6 0 0 0 38 11 0 8 30 14 54 26 7 0 46 10 0 0 27 78 0 0 10 11 1 0 0 0 0 0 1 0 0 0 0 0 10 0 0 0 0 0 1 0 0 0 0 0 0 0 0 0 0 0 0 4 2 0 0 0 0 0 5 2 13 0 2 0 0 5 0 0 0 0 4 0 0 0 0 0 0 0 0 0 0 0 0 0 12 0 0 0 0 0 
 2 7 2 2 5 2 2 2 2 0 2 2 2 2 2 2 2 2 2 2 1 2 0 0 72 25 0 0 0 0 0 0 0 0 0 0 0 0 0 0 136 146 106 98 88 44 371 0 377 108 108 305 115 192 81 100 47 306 354 183 0 0 0 0 0 3 0 3 0 3 0 0 3 3 3 69 2 0 0 0 0 0 0 0 0 0 0 0 0 0 0 0 0 0 0 0 0 0 0 0 0 0 0 0 0 8 0 0 0 0 0 0 0 0 0 0 0 0 0 0 24 0 20 46 0 5 9 0 17 15 66 24 0 12 17 13 7 27 0 0 0 0 5 0 0 0 7 0 0 0 0 0 0 12 0 0 0 0 0 0 0 0 0 0 0 0 0 5 0 0 0 0 0 0 0 0 0 0 0 0 0 0 0 0 0 0 0 0 0 0 0 0 0 12 0 0 0 0 0 0 19 0 0 7 21 8 0 32 82 21 30 0 9 9 28 0 49 10 20 9 0 0 0 0 0 2 9 6 0 0 0 0 3 0 0 0 0 0 22 0 0 0 0 0 0 0 0 0 0 0 0 6 0 0 0 0 0 0 0 0 0 0 2 0 0 1 0 0 0 0 10 0 0 0 0 0 0 0 0 0 0 0 0 0 0 0 0 0 1 0 
 4 3 2 2 1 3 3 11 1 0 3 4 0 19 2 4 2 1 1 35 0 0 6 0 66 0 0 3 0 0 0 0 0 1 0 0 0 0 0 0 212 77 159 256 138 40 753 377 0 237 260 135 292 177 456 181 518 477 401 190 1 1 0 8 0 0 0 54 49 0 2 0 5 1 0 3 2 0 0 4 0 5 6 0 0 0 0 0 0 0 0 0 0 0 0 0 0 0 0 2 0 0 0 0 0 8 0 0 0 0 0 0 0 0 0 0 0 0 0 0 15 9 15 19 0 26 18 0 10 11 34 14 0 0 0 45 14 35 0 17 0 0 5 0 0 0 0 0 0 0 0 0 0 8 0 0 0 0 1 0 0 0 3 0 0 0 2 24 1 0 0 0 0 4 1 3 0 3 0 6 0 0 0 0 0 0 0 0 0 0 0 0 0 0 0 0 0 0 0 0 38 0 0 15 20 4 7 13 19 9 29 6 10 21 26 10 20 13 11 9 0 0 0 0 0 0 16 0 0 0 0 0 10 0 0 0 0 0 11 4 0 0 0 0 0 0 0 0 0 0 0 8 0 1 0 0 0 0 0 0 0 0 0 0 0 3 2 0 2 0 17 0 0 0 0 0 0 9 0 0 0 0 0 0 10 0 0 0 0 0 
 0 0 0 62 0 0 0 3 0 0 0 0 0 3 0 0 0 0 2 0 0 0 4 0 0 0 0 0 0 63 0 0 0 0 0 0 0 0 2 0 336 149 112 205 247 40 94 108 237 0 78 266 119 153 208 251 34 115 99 80 5 6 2 2 2 5 1 0 0 0 0 3 10 3 4 3 5 3 0 1 0 0 11 0 0 0 0 0 0 0 0 0 0 0 0 0 0 0 0 0 0 0 0 0 0 0 0 0 0 0 0 0 0 0 0 0 0 0 0 0 0 11 35 18 1 22 4 14 35 54 9 10 0 1 0 18 54 29 0 18 9 1 3 0 0 0 20 11 13 0 0 2 31 19 0 0 14 0 22 6 0 0 6 0 0 0 0 0 0 0 0 0 0 0 0 0 0 0 0 0 0 0 0 0 9 0 0 0 0 0 0 0 0 0 0 0 0 0 0 12 11 0 28 9 0 29 0 2 1 18 20 3 0 7 13 6 20 1 0 0 6 22 10 5 0 0 65 2 3 0 7 10 15 5 0 3 0 23 2 0 0 0 0 0 0 0 0 0 0 0 0 10 0 0 0 0 0 0 0 48 0 0 0 0 0 2 1 74 0 0 15 0 0 0 0 0 0 0 0 0 0 0 0 0 11 20 0 0 2 0 
 54 0 0 0 1 66 0 7 0 0 0 2 0 0 0 2 0 0 0 4 3 2 6 2 2 4 3 3 208 3 3 3 3 2 3 2 3 5 3 59 267 32 279 97 95 141 43 108 260 78 0 42 34 337 68 114 196 350 40 54 61 66 51 0 0 0 0 0 51 0 0 0 12 0 0 0 1 0 0 98 4 0 0 0 0 0 0 0 0 0 0 0 0 0 0 0 0 0 0 0 0 0 0 0 0 0 0 0 0 0 0 0 0 0 0 0 0 0 0 0 0 33 1 0 18 6 0 0 4 9 44 0 0 0 0 0 29 0 0 0 27 0 11 0 0 0 10 0 0 0 0 0 17 3 20 0 16 0 58 11 0 2 0 0 0 49 0 0 0 0 0 0 0 0 0 0 0 0 0 0 0 0 0 0 0 0 0 0 0 0 0 0 0 0 0 0 0 0 0 0 0 0 6 14 26 13 0 33 16 14 28 20 0 7 0 0 22 28 0 0 65 0 0 0 0 0 0 0 33 9 0 0 27 17 15 15 0 0 10 25 0 0 17 0 0 0 0 0 0 0 0 2 0 2 0 0 0 0 0 1 0 27 3 1 10 17 1 1 0 0 1 0 0 0 0 0 0 0 0 0 0 0 0 0 0 0 0 0 0 0 
 0 0 0 0 0 0 0 0 1 63 0 0 0 0 0 0 0 1 0 2 0 0 1 0 0 1 0 1 0 0 65 0 0 0 2 0 0 0 0 0 47 114 116 171 58 60 137 305 135 266 42 0 397 149 177 100 88 192 96 105 0 2 0 2 0 0 0 12 0 0 0 2 3 0 0 0 2 0 0 0 0 0 0 0 0 0 0 0 0 0 0 0 0 0 0 0 0 0 0 0 0 0 0 0 0 0 0 0 0 0 0 0 0 0 0 0 0 0 0 0 0 34 13 67 1 14 2 12 39 13 32 13 0 1 0 6 25 21 0 8 0 0 11 0 0 0 7 0 22 0 0 0 10 5 0 0 0 0 21 0 0 0 11 0 0 0 0 1 0 0 0 0 0 0 0 0 0 0 0 0 0 0 0 0 0 0 0 0 0 0 0 0 0 0 0 0 0 0 0 0 14 0 0 7 31 35 2 44 16 61 14 14 0 10 13 12 31 1 0 0 0 0 0 0 0 0 12 0 0 7 0 0 10 0 0 0 0 0 8 0 0 0 7 0 0 0 0 0 0 0 0 5 0 0 0 0 0 0 0 16 0 0 1 1 0 0 4 0 0 0 13 0 0 0 0 0 0 0 0 0 0 0 0 0 9 9 0 0 2 0 
 0 0 0 0 1 0 0 0 0 8 0 0 0 0 0 0 0 0 0 0 0 2 1 1 1 0 1 0 1 61 63 1 0 1 1 2 0 61 0 0 263 55 335 93 93 27 168 115 292 119 34 397 0 78 55 54 26 23 508 141 1 0 0 0 3 14 0 14 0 3 4 0 3 4 3 3 1 1 0 1 10 0 0 0 0 0 0 0 0 0 0 0 0 0 0 0 0 0 0 0 7 1 0 0 0 17 0 0 0 10 0 6 0 0 0 0 7 2 0 0 7 14 0 12 0 14 35 14 31 8 20 21 0 1 12 13 15 45 1 12 0 0 0 4 0 0 0 0 0 0 1 0 0 0 0 3 0 1 0 0 0 0 0 0 0 0 0 3 1 0 1 0 0 1 0 0 0 0 0 0 0 0 1 0 15 0 0 0 0 10 0 11 0 0 0 0 0 0 0 0 19 22 11 15 15 3 7 20 32 9 0 14 12 14 25 21 15 0 39 8 0 0 0 0 1 0 0 0 0 1 0 0 0 0 0 0 0 0 0 0 0 0 0 0 0 0 0 0 0 0 0 8 0 0 0 0 0 61 0 0 0 0 1 0 0 2 0 0 0 0 3 0 0 0 0 4 0 0 0 10 0 0 0 0 10 0 0 0 2 0 
 0 0 0 0 2 2 0 9 0 0 0 1 60 0 0 0 0 0 0 0 0 0 10 0 29 125 0 0 0 1 64 34 0 0 0 0 0 0 2 0 107 246 88 332 152 69 335 192 177 153 337 149 78 0 226 35 253 44 124 127 0 0 7 8 0 0 0 0 3 3 0 7 17 0 0 0 0 4 0 3 0 0 0 0 1 0 0 0 0 0 0 0 0 0 0 0 0 0 0 0 0 0 0 0 0 1 0 15 0 0 12 0 0 0 0 0 0 0 0 0 16 0 33 10 0 0 36 0 0 8 5 12 19 8 24 0 0 13 15 2 0 2 14 0 0 0 0 0 0 2 0 2 0 7 1 0 0 16 6 0 0 0 0 0 0 0 0 0 18 0 9 0 0 25 0 0 0 0 0 0 0 1 0 15 0 15 0 0 0 0 8 0 0 0 0 0 0 0 0 0 19 0 24 19 8 0 6 9 15 17 12 0 9 13 22 34 9 5 0 18 0 4 0 6 0 0 0 9 0 0 9 6 11 7 0 0 0 9 10 0 0 0 0 0 0 0 0 0 0 0 0 6 0 0 0 0 0 0 0 0 18 0 0 0 0 1 3 1 0 0 19 0 0 0 0 0 0 0 0 1 0 0 0 0 13 13 0 2 2 0 
 2 2 3 3 3 2 2 2 3 0 3 5 3 2 3 3 3 3 74 3 0 3 2 0 111 23 0 0 0 62 0 1 0 0 0 0 0 7 0 0 532 372 51 129 371 38 34 81 456 208 68 177 55 226 0 152 38 465 657 88 1 1 7 8 0 0 0 0 0 0 6 3 6 0 0 16 8 3 0 1 0 0 0 0 0 0 0 0 0 0 0 0 0 0 0 0 0 0 10 0 0 0 0 13 23 0 0 0 0 0 0 1 0 0 0 0 0 0 0 0 12 16 28 3 0 9 25 20 16 8 3 22 6 10 19 22 31 9 0 0 0 1 2 0 0 0 1 0 0 0 0 2 0 0 0 15 0 7 1 1 0 0 0 0 0 0 0 9 0 0 0 0 0 0 0 0 0 0 0 0 0 0 0 0 4 0 0 0 0 0 0 0 0 0 0 0 0 0 0 0 18 36 88 57 0 1 1 32 25 10 0 1 36 7 10 21 15 0 0 21 1 1 0 4 0 0 0 30 0 7 7 2 0 4 0 0 0 6 0 0 0 0 0 0 0 0 0 0 0 0 0 2 0 0 0 0 0 0 0 0 2 0 0 0 0 3 9 0 3 0 0 0 0 0 0 1 0 0 0 0 0 0 0 0 26 0 0 10 1 0 
 0 4 2 2 0 0 6 0 0 0 10 3 11 0 0 0 1 6 2 5 0 3 3 4 0 61 0 0 0 0 2 0 0 0 0 0 69 1 4 0 118 60 43 69 188 98 102 100 181 251 114 100 54 35 152 0 94 213 46 149 0 3 2 3 0 2 0 0 0 0 0 1 0 0 0 1 2 3 0 1 1 0 8 0 1 0 0 2 4 0 7 10 0 0 47 4 0 0 0 0 0 0 0 8 20 0 0 0 0 0 0 13 0 0 0 0 0 0 6 1 1 10 3 30 0 17 1 48 32 50 13 46 0 3 13 4 25 23 0 0 0 0 0 0 0 0 4 0 0 0 0 7 8 1 0 0 0 0 0 0 0 10 5 0 1 0 0 0 0 0 3 0 21 0 0 0 3 5 0 0 0 0 0 0 5 0 0 0 0 30 0 0 0 0 0 0 0 0 0 0 13 10 12 8 2 31 1 14 0 24 30 0 2 0 14 6 24 0 0 0 0 0 0 0 0 0 39 0 0 0 0 0 0 0 0 0 0 0 7 0 0 0 0 0 0 0 7 0 0 0 0 8 0 2 0 0 0 0 0 16 0 0 1 0 0 3 0 0 0 0 0 0 0 0 0 0 0 0 0 0 0 0 0 0 10 0 0 0 0 0 
 0 0 0 0 3 0 0 2 0 0 0 0 0 0 6 3 0 0 1 2 33 6 3 3 4 8 3 8 3 3 3 3 4 3 8 3 3 7 3 3 43 116 109 60 284 141 46 47 518 34 196 88 26 253 38 94 0 151 53 35 7 7 58 0 0 0 0 0 0 0 208 0 17 0 7 0 1 1 0 51 0 0 0 0 0 0 0 0 0 0 0 0 0 0 12 0 0 0 0 0 0 0 27 0 0 0 0 0 0 1 0 0 0 0 3 3 0 4 0 0 0 1 0 1 19 0 0 0 1 0 2 0 0 0 0 0 0 1 0 0 17 0 0 0 0 0 17 0 0 0 0 0 0 0 19 0 0 0 7 0 0 3 0 0 0 4 0 0 0 0 0 0 0 0 0 0 0 0 0 0 0 4 4 0 0 5 0 0 0 0 0 4 0 0 0 0 4 3 0 0 0 0 10 11 7 2 0 1 11 35 14 27 0 0 1 0 25 24 0 0 37 0 0 0 0 0 2 9 13 9 0 0 44 4 20 0 0 0 12 19 0 0 18 0 0 0 0 0 0 0 0 3 0 2 0 0 0 0 4 2 0 0 0 0 0 15 1 1 0 0 50 0 0 0 0 0 0 0 0 0 0 0 0 0 1 0 0 0 0 0 
 0 0 0 0 0 0 0 2 0 0 0 0 0 0 0 2 0 0 0 0 0 2 3 0 0 0 0 0 206 0 0 0 0 0 0 0 0 0 0 0 104 260 172 180 230 146 38 306 477 115 350 192 23 44 465 213 151 0 256 55 3 3 0 1 0 0 0 0 0 0 0 6 1 51 0 0 0 1 27 6 0 0 0 0 0 0 0 0 0 0 0 0 0 0 0 0 0 0 0 0 0 0 0 0 0 0 0 0 0 0 0 0 0 0 0 0 0 0 0 0 0 0 9 27 36 28 13 2 19 24 15 71 0 18 0 19 26 0 0 0 6 0 0 10 0 2 27 0 0 0 0 3 14 0 0 0 0 0 2 0 0 21 2 0 0 0 0 0 0 0 0 0 0 0 0 0 0 0 0 0 0 0 0 0 9 0 0 0 1 0 0 0 0 0 0 0 0 0 0 0 0 0 32 0 16 62 46 3 4 3 34 0 11 0 0 35 0 29 0 0 17 0 0 1 0 0 15 45 0 20 0 0 13 19 0 0 0 0 11 31 0 0 19 0 0 0 0 0 0 0 0 4 0 1 0 0 0 0 0 8 0 1 6 13 3 38 0 0 0 0 0 0 0 0 0 0 0 0 0 0 0 2 0 0 0 0 0 0 0 0 
 5 0 0 0 0 0 0 0 2 2 0 0 0 0 0 0 0 0 0 0 0 0 5 29 33 65 0 0 0 0 56 0 0 2 0 0 0 63 0 0 108 562 59 141 72 44 111 354 401 99 40 96 508 124 657 46 53 256 0 216 3 0 3 4 21 2 2 11 3 13 7 0 0 3 2 8 3 7 0 0 0 0 0 0 0 0 0 0 0 0 0 0 0 0 0 0 0 0 0 0 0 0 0 0 0 23 0 0 0 0 1 7 0 0 0 0 0 0 0 0 19 9 19 11 0 0 39 1 7 0 22 11 15 0 10 15 0 16 0 20 0 0 0 5 0 0 0 0 0 0 0 0 0 12 0 3 0 0 1 0 0 0 0 0 0 0 0 2 0 0 0 0 0 31 0 0 0 0 0 0 0 0 0 0 0 0 0 0 19 0 14 0 0 0 0 0 0 0 24 0 40 1 17 31 11 0 9 10 24 0 0 6 22 28 25 59 9 1 46 20 0 0 0 0 0 0 0 0 0 6 0 0 0 0 0 0 0 0 0 0 0 0 0 0 0 0 0 0 0 0 0 5 0 0 0 0 0 0 0 0 0 15 0 0 0 0 0 0 1 0 3 0 0 0 0 3 0 0 0 0 0 0 0 0 20 0 0 0 1 0 
 0 0 0 0 1 0 0 0 0 0 0 0 0 0 0 0 0 0 0 0 0 0 9 39 64 81 13 0 0 0 43 0 4 0 0 0 3 64 0 5 175 48 183 185 131 66 84 183 190 80 54 105 141 127 88 149 35 55 216 0 0 0 0 54 0 0 0 39 0 0 50 0 0 0 0 0 0 0 0 0 0 0 0 0 0 0 0 0 8 0 0 0 0 0 0 0 0 0 0 0 6 5 0 2 0 3 6 0 0 0 50 10 0 4 0 0 11 0 0 0 37 0 12 30 10 17 9 0 19 10 20 19 0 47 21 34 18 25 19 11 0 0 0 0 0 0 0 0 0 0 0 0 0 0 0 0 0 0 0 0 0 0 0 0 0 3 0 0 8 0 6 0 0 6 0 0 0 0 0 0 6 0 0 0 0 11 0 17 3 0 0 0 0 0 0 0 0 30 0 6 12 0 1 0 21 14 40 0 27 0 32 10 0 35 41 27 0 24 16 30 0 0 0 0 0 0 0 0 11 0 0 0 0 0 0 0 0 0 0 0 0 0 11 0 0 0 0 0 0 0 0 10 0 2 0 0 0 0 0 0 0 23 0 0 0 3 0 0 0 0 0 0 0 0 0 0 0 0 0 0 0 5 0 0 0 0 0 0 0 5 
 3 3 3 3 3 3 3 3 52 0 3 3 3 3 3 3 3 3 5 5 0 2 2 0 0 0 0 0 3 0 0 0 3 0 24 0 0 0 0 0 0 0 1 54 51 0 0 0 1 5 61 0 1 0 1 0 7 3 3 0 0 248 92 99 260 31 144 113 363 268 84 41 65 460 70 125 126 98 45 100 0 0 0 0 0 0 0 0 0 0 0 0 0 0 0 0 0 0 0 0 0 0 0 0 0 0 0 0 0 0 0 0 0 0 0 0 0 0 0 0 0 0 0 0 0 0 0 0 0 0 0 0 0 0 0 0 0 0 0 0 8 52 0 16 0 15 6 6 0 6 10 1 38 9 64 11 37 0 2 29 0 0 0 0 0 0 0 0 0 0 0 0 0 0 0 2 0 0 0 0 0 0 0 0 0 0 0 0 0 0 0 0 0 0 0 0 0 0 0 0 0 0 1 15 0 1 0 0 0 28 0 0 0 0 0 0 7 4 0 0 22 0 28 16 2 13 0 0 7 20 13 1 1 20 9 5 16 1 0 19 0 0 1 0 0 0 0 0 0 2 0 0 0 0 9 0 0 0 24 0 0 0 1 0 52 0 18 3 0 0 26 0 1 2 0 4 0 0 0 0 0 0 0 0 0 0 0 0 0 0 
