 0 275 93 37 37 256 166 376 51 42 125 36 409 55 280 32 14 69 325 362 0 0 3 0 0 3 2 0 0 2 2 0 0 0 2 3 3 3 4 0 0 0 3 1 0 0 0 1 0 0 0 0 3 0 0 0 0 0 0 3 3 0 6 0 5 0 0 0 53 0 0 0 0 11 5 0 0 0 0 3 35 0 0 1 0 0 0 1 12 13 11 0 63 28 16 11 10 36 14 15 0 0 0 0 0 0 0 0 0 0 0 24 0 0 0 0 0 0 0 0 0 0 0 0 0 0 0 0 0 0 0 0 0 0 0 0 0 0 0 0 0 0 0 0 0 0 10 0 0 0 0 0 0 0 0 0 0 0 0 3 21 18 22 32 0 0 14 24 38 0 1 25 3 6 28 37 14 9 53 16 0 0 0 0 0 0 0 12 0 0 0 0 0 0 0 0 0 0 0 0 0 0 0 0 0 0 0 0 0 0 0 0 0 23 0 0 0 0 0 0 0 0 0 0 0 0 0 0 0 0 0 0 16 0 0 6 0 0 0 0 0 0 0 0 0 0 94 0 2 0 0 7 0 0 0 0 0 0 0 0 0 0 0 0 0 0 0 0 0 0 0 0 0 0 0 0 0 1 0 0 0 0 0 0 0 0 0 0 0 0 
 275 0 412 55 129 439 166 343 42 114 27 119 160 125 72 27 24 124 144 125 0 0 2 0 2 6 0 0 0 0 14 0 0 1 2 3 3 3 3 0 0 0 2 34 0 0 0 0 0 0 0 0 3 1 0 0 0 0 0 8 3 0 0 0 0 0 0 2 3 0 0 0 3 3 3 0 2 0 0 2 33 12 45 11 5 5 0 0 14 31 12 10 11 7 0 36 20 39 1 18 0 0 0 0 0 1 0 0 0 0 0 0 10 0 0 0 0 0 2 7 0 0 0 0 0 0 11 0 0 0 0 0 0 18 0 0 0 0 0 0 0 11 0 1 0 0 0 0 0 0 0 0 1 1 0 0 10 0 0 8 26 15 32 15 12 33 14 13 19 36 34 26 12 0 40 22 0 29 0 0 0 0 0 0 0 0 0 0 0 0 0 0 2 0 0 0 0 0 0 0 0 0 0 0 0 0 0 0 0 0 0 0 0 0 0 0 0 0 0 0 0 0 0 0 0 0 0 2 0 0 0 2 0 0 0 1 0 0 0 0 0 1 0 0 0 0 3 0 4 1 0 2 0 0 0 0 0 0 0 0 0 0 0 0 0 0 0 0 0 0 0 0 0 0 0 13 0 0 0 0 0 0 0 0 0 0 0 0 0 0 
 93 412 0 217 145 121 121 180 152 167 464 108 130 265 155 99 94 51 39 176 0 6 3 1 0 4 0 1 0 0 2 2 0 3 8 6 3 5 3 77 0 0 3 0 2 0 0 4 8 0 0 0 3 0 66 10 8 7 2 5 3 0 0 2 4 5 0 0 2 0 0 1 0 3 4 0 0 0 0 5 36 54 29 13 10 21 0 25 18 48 23 60 21 12 0 49 17 25 1 0 0 0 1 0 1 0 1 0 0 0 0 0 12 0 0 0 0 0 0 0 0 0 2 0 0 0 0 0 0 6 8 0 0 0 0 0 0 0 0 0 0 0 0 0 0 0 0 0 0 0 0 0 0 0 0 0 0 0 0 5 21 75 17 10 13 34 0 0 57 3 2 37 0 0 29 57 0 0 5 0 0 0 0 0 1 2 0 0 0 1 0 0 0 1 0 0 0 0 68 0 0 0 0 0 0 0 0 0 0 0 0 0 0 0 0 0 0 0 1 0 0 0 0 0 0 0 0 0 0 0 0 0 0 0 0 0 0 0 0 0 0 10 0 0 0 0 90 0 0 17 0 1 0 0 0 0 0 0 0 0 0 0 10 0 0 0 0 0 0 0 0 0 0 0 0 0 0 3 0 0 0 0 0 0 0 0 0 9 0 0 
 37 55 217 0 76 230 209 289 284 210 598 476 249 99 75 159 135 45 176 183 0 1 3 0 0 3 75 72 0 0 3 0 90 76 106 3 6 4 67 7 0 0 3 0 0 0 0 31 0 0 0 0 3 0 2 0 0 0 0 3 3 0 0 0 0 0 1 0 3 0 0 0 0 3 2 0 0 0 0 3 0 7 16 29 12 12 2 88 23 17 10 24 28 0 9 20 16 17 0 20 12 0 0 0 0 0 6 3 0 10 0 1 10 16 5 21 0 46 52 20 0 0 0 0 0 0 0 0 0 0 0 0 0 1 0 0 0 0 0 0 0 0 0 0 0 0 0 0 0 0 0 0 0 0 0 0 0 0 0 0 14 0 0 9 2 15 0 14 15 7 16 14 0 0 0 0 10 15 5 16 12 0 0 0 0 0 17 0 0 0 0 0 2 10 24 32 2 0 12 20 0 0 0 0 0 0 0 0 0 0 0 0 0 0 2 0 0 0 0 0 0 0 0 0 0 0 0 0 0 20 1 0 0 0 0 0 0 0 0 0 0 0 0 0 0 0 3 1 1 2 21 0 0 0 0 0 0 0 0 0 0 0 0 0 0 0 0 0 0 0 0 0 0 0 0 16 0 0 0 0 0 0 0 0 0 0 0 0 0 0 
 37 129 145 76 0 281 161 57 255 71 280 167 95 132 77 409 151 50 48 303 61 2 13 0 8 4 77 74 0 3 0 0 75 2 1 79 10 4 81 77 0 0 6 0 6 0 0 0 4 0 0 0 9 6 66 2 10 7 0 3 9 0 0 37 0 0 0 2 3 0 6 10 0 3 3 0 4 0 0 11 10 13 18 13 47 21 0 12 13 12 5 60 13 27 0 17 0 0 0 0 6 20 16 0 14 0 0 0 22 26 0 0 0 14 9 0 1 0 0 20 4 0 0 0 0 0 0 0 0 0 0 0 0 0 1 0 0 0 0 0 6 0 0 4 0 0 0 0 0 0 0 0 7 0 0 0 0 0 0 0 23 11 12 2 22 18 0 0 1 2 50 33 0 0 0 35 0 3 0 0 1 16 0 0 0 0 5 7 0 0 0 0 36 1 0 26 12 0 44 24 0 0 0 0 0 0 0 19 0 0 0 0 0 0 0 0 0 0 0 0 0 0 0 0 0 0 0 0 0 0 0 0 0 2 0 0 0 0 0 0 0 13 0 0 0 1 2 2 4 92 0 15 7 0 0 0 0 0 0 0 0 0 11 0 0 0 0 0 0 0 0 0 0 0 0 10 21 0 0 0 0 0 0 0 0 0 0 0 0 0 
 256 439 121 230 281 0 121 115 264 147 212 221 36 142 140 168 152 56 259 148 1 110 75 0 0 6 20 77 0 0 0 3 165 2 110 6 84 3 82 75 0 0 3 5 93 63 0 4 1 0 11 0 3 0 4 2 2 0 0 5 3 0 0 3 4 22 0 1 2 0 0 3 0 3 8 0 0 2 0 5 11 20 0 10 11 12 0 0 0 0 15 0 2 0 0 7 23 25 0 0 23 12 24 14 0 0 51 18 0 9 14 0 26 65 29 19 0 7 27 15 2 0 0 0 0 0 0 0 0 0 19 0 0 0 0 0 0 0 0 0 0 0 0 0 2 0 0 0 0 0 0 0 0 0 0 2 0 0 0 30 1 7 11 24 11 2 0 0 18 10 2 11 0 2 14 10 0 0 0 0 0 0 15 13 0 0 0 0 9 0 0 0 24 9 27 37 33 6 1 0 8 13 1 0 0 2 0 0 0 1 0 0 0 0 0 0 0 0 0 0 0 0 0 0 0 0 0 0 0 0 0 0 0 0 0 0 0 0 0 0 0 0 0 0 0 86 173 0 0 91 0 15 0 0 0 0 0 0 0 0 0 0 0 0 0 0 0 0 0 0 0 0 0 3 0 2 0 1 0 0 0 0 0 0 0 0 0 0 0 0 
 166 166 121 209 161 121 0 200 367 35 261 49 282 259 93 138 41 40 157 227 0 3 5 0 0 3 0 0 0 0 0 0 0 1 2 3 3 3 3 0 0 0 4 66 3 0 0 0 2 0 0 0 6 3 0 1 0 2 0 3 6 2 79 2 28 0 2 0 3 0 3 0 0 7 3 0 2 0 0 6 34 31 32 8 0 0 25 15 1 15 1 8 32 67 24 33 0 5 18 22 0 0 0 0 0 0 0 0 0 0 0 0 0 8 0 0 1 0 0 0 0 0 0 0 0 0 0 0 0 0 0 0 0 0 1 0 0 0 11 0 0 0 0 0 0 0 0 0 0 0 0 0 0 0 0 0 0 0 0 0 30 23 11 17 10 13 0 20 0 9 25 10 12 5 33 33 9 2 14 34 0 0 0 0 0 0 0 0 0 0 0 0 0 0 0 0 0 0 0 0 0 0 0 0 0 0 0 0 0 0 0 0 0 0 0 0 0 0 0 0 0 0 0 0 0 0 0 0 0 0 0 0 0 2 0 0 0 0 0 0 0 0 0 0 0 0 0 0 2 0 2 5 0 0 0 0 0 0 0 0 0 0 0 0 0 0 0 0 0 0 0 0 0 0 0 0 0 0 0 0 0 0 0 0 0 0 0 0 0 0 
 376 343 180 289 57 115 200 0 60 49 40 240 237 189 296 128 37 105 247 102 0 0 2 0 0 3 0 1 0 0 0 0 0 2 0 3 4 3 3 0 0 0 2 0 0 0 0 0 0 0 0 0 3 1 0 0 0 0 0 3 3 0 23 0 0 0 0 0 3 0 0 0 0 23 3 0 0 0 0 3 2 27 0 22 0 4 28 10 17 17 27 0 39 38 45 7 14 26 52 20 0 0 0 0 0 1 30 0 0 0 0 0 0 0 0 1 0 0 2 0 0 0 0 0 0 0 0 2 0 0 0 0 0 0 0 0 0 0 0 0 0 0 0 0 0 0 0 1 0 0 0 0 0 0 2 0 1 0 0 10 9 16 3 13 0 3 16 31 50 15 17 1 29 19 4 16 9 12 15 34 40 0 0 0 0 0 0 0 0 0 0 0 0 0 0 0 1 0 18 2 0 0 0 3 0 0 0 0 0 0 0 0 0 0 0 0 0 0 0 0 0 0 0 0 0 0 0 0 0 0 0 0 0 0 0 0 0 0 0 0 0 0 17 0 0 0 9 2 0 1 0 9 0 0 2 0 0 0 0 0 0 0 0 0 0 0 0 0 0 0 0 0 0 0 0 0 11 28 0 0 0 0 0 0 0 0 0 0 0 0 
 51 42 152 284 255 264 367 60 0 264 52 327 289 620 201 244 37 147 156 182 1 0 2 2 0 3 0 0 0 0 1 0 0 1 2 3 3 3 4 0 0 0 5 0 0 0 0 1 0 67 0 0 3 0 0 0 4 0 0 3 3 0 0 0 0 0 0 0 3 0 0 0 0 3 2 0 0 0 0 3 18 35 34 17 1 24 18 16 0 41 14 14 14 33 18 22 0 0 1 25 0 0 0 0 11 0 0 0 0 0 0 0 0 0 0 0 0 0 0 0 0 0 0 2 0 0 0 0 0 0 0 0 0 0 0 0 6 0 0 0 2 0 0 0 0 0 0 0 0 0 0 0 0 0 0 0 0 0 14 0 51 19 20 36 55 28 0 14 0 22 33 0 0 0 20 51 20 14 0 29 0 0 0 1 12 0 15 0 0 0 0 0 9 14 0 1 0 0 7 0 0 0 0 0 0 0 0 0 0 0 0 0 0 0 0 0 0 0 0 0 0 0 0 0 0 0 0 0 0 0 0 0 0 0 0 0 0 0 0 0 0 0 0 0 0 0 0 2 91 1 0 0 0 0 0 0 0 0 0 0 0 0 15 0 0 0 0 0 0 2 0 0 0 0 0 0 0 0 0 0 0 0 0 0 0 1 0 0 0 0 
 42 114 167 210 71 147 35 49 264 0 253 78 57 275 198 229 235 270 68 135 0 0 2 0 0 5 0 0 0 2 0 0 6 2 1 3 3 3 21 0 0 0 2 0 0 0 0 0 0 0 0 0 3 3 63 0 6 1 3 3 3 0 0 0 0 0 0 0 3 0 33 0 0 3 4 0 0 0 0 3 6 25 12 0 42 34 1 22 0 9 10 19 11 0 12 38 18 9 1 8 7 0 0 0 0 0 8 0 0 0 0 0 13 11 0 14 0 9 10 12 0 0 0 0 0 0 0 0 0 0 19 0 0 0 0 0 0 0 0 0 0 0 0 0 2 0 1 0 2 0 0 12 0 0 0 2 0 0 0 2 19 0 2 0 30 12 32 7 1 6 0 15 0 0 1 18 1 0 0 12 0 0 0 0 0 0 27 0 0 0 0 0 13 11 0 0 0 0 16 23 0 0 1 17 0 2 0 0 0 0 0 0 0 0 0 0 0 0 0 0 0 0 0 0 0 0 0 0 0 0 0 0 0 0 0 0 0 0 0 0 0 10 0 0 0 1 0 0 1 91 23 15 0 0 0 0 0 0 0 0 0 0 10 0 0 0 0 0 0 0 0 0 0 0 0 0 0 0 0 0 0 0 0 0 0 0 0 0 0 0 
 125 27 464 598 280 212 261 40 52 253 0 183 50 67 584 243 319 222 44 57 0 0 1 0 0 3 23 62 0 0 0 0 80 2 2 4 3 3 78 1 0 0 3 0 0 0 0 1 0 0 0 0 3 0 69 0 5 0 0 3 3 0 0 0 0 0 0 0 3 0 0 1 0 3 2 0 0 0 0 8 0 0 14 20 0 0 0 1 0 0 20 0 0 0 10 0 30 63 1 0 43 6 10 0 0 0 42 0 0 0 0 0 0 26 7 9 0 11 5 23 0 0 0 2 0 0 2 0 0 0 0 0 0 0 0 0 0 0 0 0 2 0 0 0 0 0 0 0 0 0 0 0 0 0 0 0 0 0 0 7 0 5 2 13 0 1 0 0 12 10 0 13 0 0 0 10 0 13 0 0 24 0 0 0 0 0 19 10 0 0 0 0 42 0 21 32 24 0 33 10 0 0 0 0 0 0 0 0 0 0 0 0 0 0 0 0 0 0 0 0 0 0 0 0 0 0 0 0 0 0 0 0 0 0 0 0 0 0 10 0 0 0 0 0 0 4 4 1 5 4 0 0 10 0 0 0 0 0 0 0 0 0 14 0 0 0 0 0 0 2 0 0 0 0 0 1 9 21 0 0 0 0 0 0 0 0 0 0 0 0 
 36 119 108 476 167 221 49 240 327 78 183 0 51 131 132 318 442 76 109 150 0 77 2 0 0 2 19 78 0 0 3 0 48 3 43 3 81 5 67 80 0 0 5 4 3 0 0 2 2 0 0 0 6 2 1 1 1 2 0 3 3 0 0 2 5 0 0 0 2 1 3 1 0 3 3 0 0 0 0 5 10 13 23 10 10 15 0 17 0 0 0 6 0 0 0 14 5 5 0 0 9 0 0 13 0 0 7 10 0 9 0 0 16 3 7 28 0 9 23 11 0 0 1 0 0 0 0 0 0 0 15 0 0 0 0 0 0 0 0 0 0 0 0 4 0 0 0 0 0 0 0 0 0 2 0 0 0 0 0 0 9 10 14 14 0 0 0 0 0 29 0 0 0 0 20 2 0 0 0 25 12 0 0 0 0 2 23 0 0 0 0 5 21 10 0 33 16 0 1 26 0 0 0 0 0 0 0 0 0 0 0 0 0 0 0 0 0 0 1 0 0 0 0 2 0 0 0 0 0 0 0 1 0 0 0 0 0 0 0 0 0 0 0 0 0 4 87 2 1 85 15 2 0 0 0 0 0 0 0 0 0 0 0 0 0 0 0 0 0 0 0 0 0 0 0 0 0 0 0 0 0 0 0 0 0 0 0 0 0 0 
 409 160 130 249 95 36 282 237 289 57 50 51 0 174 209 44 239 60 85 162 4 3 4 5 3 5 1 0 4 0 1 1 0 0 5 5 79 3 3 1 0 0 2 2 0 0 0 0 5 1 71 0 3 7 0 1 0 2 5 6 8 2 5 0 0 0 0 0 3 31 0 0 0 7 3 0 3 0 1 2 23 38 11 16 27 13 7 32 7 0 13 23 33 32 28 48 28 29 24 1 0 0 0 0 0 0 0 0 0 0 0 0 0 0 18 0 0 0 0 0 0 19 0 0 0 0 0 11 0 0 0 0 0 0 0 0 0 0 0 0 0 0 0 0 0 0 0 0 0 0 0 0 0 0 0 0 0 0 0 12 34 0 1 1 0 35 0 22 14 10 10 0 32 31 28 57 13 0 18 61 0 0 0 0 0 0 0 0 0 0 0 0 0 4 0 0 0 0 0 0 0 0 0 0 13 0 0 0 0 0 0 0 0 0 0 0 0 0 0 0 0 2 0 0 0 0 0 0 0 0 0 0 0 0 0 0 0 0 11 0 0 9 0 0 0 2 2 0 0 0 0 0 0 0 0 0 0 0 0 0 0 0 2 0 0 0 0 0 0 0 0 0 0 0 0 0 0 0 0 0 0 0 0 0 0 0 0 0 0 0 
 55 125 265 99 132 142 259 189 620 275 67 131 174 0 319 40 153 120 300 203 0 0 2 0 0 4 0 0 0 0 0 0 0 4 1 5 3 3 3 2 0 0 2 0 0 0 0 0 0 0 0 0 3 1 0 0 0 0 0 3 48 0 0 0 0 0 0 0 3 0 0 0 0 3 3 0 0 0 0 3 20 57 24 20 9 32 7 23 0 16 10 38 25 28 18 64 29 0 31 0 0 2 0 0 17 1 0 0 0 0 0 0 12 0 0 1 0 0 0 0 0 0 0 0 0 0 0 2 0 0 17 0 0 0 0 0 0 0 0 0 0 0 0 0 0 0 0 2 0 0 0 0 0 0 2 11 1 0 0 0 52 30 11 0 3 29 0 0 0 0 29 15 1 7 11 39 30 0 13 17 0 0 0 0 0 0 0 0 0 0 0 0 0 39 0 0 0 1 11 2 0 0 0 0 0 0 0 0 0 0 0 0 0 0 0 0 0 0 0 0 0 0 0 0 0 0 0 0 0 0 0 0 0 0 0 0 0 0 0 0 0 10 0 0 0 2 2 0 3 49 1 9 0 0 0 0 0 0 0 0 0 0 0 0 0 0 0 0 0 0 0 0 0 0 0 0 0 0 0 0 0 0 0 0 0 0 0 0 0 0 
 280 72 155 75 77 140 93 296 201 198 584 132 209 319 0 395 39 206 211 224 0 2 1 4 0 3 0 1 0 0 0 4 0 0 2 3 7 3 4 0 0 0 3 0 0 0 0 17 0 0 0 0 3 0 0 0 0 0 0 3 3 0 12 0 0 0 0 0 3 0 0 0 0 9 3 0 0 0 0 3 0 15 0 23 0 0 8 0 0 20 14 1 21 32 17 2 0 31 19 15 0 0 0 0 0 0 21 0 0 0 0 0 0 0 0 0 0 0 0 0 0 0 0 0 0 0 0 0 12 0 0 0 0 0 0 0 0 0 0 0 0 0 0 0 0 0 0 0 0 0 1 0 0 0 0 0 0 0 0 9 37 19 2 26 0 0 0 19 24 1 14 1 2 32 28 55 10 11 30 21 26 0 0 0 0 0 13 0 0 1 0 14 11 15 0 0 0 0 0 0 0 0 0 0 0 0 0 0 0 0 0 0 0 0 0 0 0 0 0 0 0 0 0 0 0 0 0 0 0 0 0 0 0 2 0 0 0 0 0 0 0 1 0 0 0 0 7 1 2 0 4 8 0 0 0 0 0 32 0 0 0 0 0 0 0 0 0 0 0 0 0 0 0 0 0 0 0 20 0 0 0 0 0 0 0 1 0 0 0 0 
 32 27 99 159 409 168 138 128 244 229 243 318 44 40 395 0 215 29 415 379 2 0 2 0 0 7 0 0 2 0 0 0 0 2 1 4 3 3 3 0 0 0 3 0 0 0 0 2 0 0 0 0 3 0 0 0 1 0 0 3 3 0 0 0 0 0 0 0 2 0 0 1 0 3 2 0 0 0 0 3 0 17 27 15 21 16 1 19 6 18 0 0 42 1 30 31 21 9 9 29 0 1 0 0 14 0 0 0 0 0 0 0 19 0 0 0 0 0 11 9 0 0 0 0 0 0 1 0 0 0 17 0 0 0 0 0 0 0 0 0 0 0 0 0 2 0 0 0 2 0 0 0 0 0 0 2 0 0 0 0 1 30 8 9 0 2 32 19 0 0 15 0 9 0 10 0 24 24 12 19 20 0 0 0 0 0 11 0 0 0 0 0 0 0 1 0 0 0 9 27 0 0 1 0 0 2 0 0 14 0 0 21 0 0 0 0 0 0 0 0 0 0 0 0 0 0 0 0 0 0 0 0 0 0 0 0 0 0 0 0 0 0 0 0 0 0 0 0 4 57 16 6 0 0 0 0 0 0 1 0 0 0 0 0 0 0 0 0 0 0 0 0 0 0 0 0 11 0 0 0 0 0 0 0 0 0 0 0 0 0 
 14 24 94 135 151 152 41 37 37 235 319 442 239 153 39 215 0 312 112 35 0 0 1 0 0 3 0 0 0 0 0 0 2 3 2 3 3 4 77 2 0 0 3 0 63 2 0 1 0 0 0 0 3 0 59 0 4 0 0 3 3 0 0 0 0 0 0 0 3 0 0 0 0 7 2 0 0 0 0 3 0 17 15 10 18 0 0 0 15 15 0 15 0 0 0 33 22 11 0 0 0 0 0 0 1 0 34 1 0 0 0 0 12 29 0 0 0 0 12 22 0 0 0 0 0 0 0 0 0 0 17 3 0 0 0 0 0 0 0 0 0 0 0 2 0 0 0 0 0 0 0 2 0 0 0 0 0 0 0 0 0 14 0 11 0 0 0 0 9 0 25 20 0 12 0 0 19 23 0 0 37 0 21 0 0 0 10 0 0 34 0 0 5 2 0 0 0 0 28 25 0 0 0 0 0 0 0 0 0 0 0 0 0 0 0 0 1 0 0 0 0 0 0 0 0 0 0 0 0 2 0 0 0 0 0 0 0 0 0 0 0 0 0 0 0 0 3 0 88 44 9 6 0 0 0 0 0 0 0 0 0 0 0 0 0 0 0 0 0 0 0 0 0 0 0 15 31 15 0 0 0 0 0 0 0 0 0 0 0 0 
 69 124 51 45 50 56 40 105 147 270 222 76 60 120 206 29 312 0 121 202 0 4 2 0 0 3 0 0 1 0 0 0 0 2 0 3 3 3 3 0 0 36 3 0 0 0 0 1 0 0 0 61 3 0 63 0 6 0 0 3 3 31 0 0 0 0 0 0 3 0 0 0 0 3 2 0 0 0 0 3 18 0 10 7 14 19 15 20 23 1 40 13 0 0 0 14 0 22 10 0 0 0 0 0 0 0 0 0 0 0 0 0 0 10 0 0 0 0 8 0 0 0 0 0 0 0 0 0 0 0 0 0 0 0 0 0 0 0 0 0 0 0 0 0 0 0 22 0 17 0 0 0 0 0 0 0 0 0 0 3 38 7 18 9 2 73 8 0 32 17 14 44 18 10 20 32 13 22 0 0 0 0 0 0 0 0 16 0 0 0 0 0 8 9 32 10 0 0 31 0 0 0 0 0 0 0 0 0 0 0 0 0 0 0 0 0 0 15 0 0 0 0 13 0 0 0 0 0 0 0 0 0 0 0 0 0 0 0 0 0 0 10 0 0 0 0 114 2 5 0 1 12 0 0 0 0 0 0 0 0 0 0 10 0 0 0 0 0 0 0 0 0 0 0 0 10 9 0 0 0 0 0 0 0 0 0 0 0 0 0 
 325 144 39 176 48 259 157 247 156 68 44 109 85 300 211 415 112 121 0 421 0 0 1 0 0 5 0 0 0 0 0 0 0 2 1 3 3 3 3 0 0 0 2 0 0 0 0 0 0 0 0 0 3 1 0 0 0 0 0 3 3 0 47 0 0 0 0 57 3 0 10 0 0 3 3 40 0 0 0 3 10 6 3 14 0 0 33 20 18 23 43 3 25 1 19 30 11 41 24 22 0 0 0 0 0 0 0 0 0 0 0 0 0 0 0 0 0 0 0 0 0 0 0 0 0 0 0 0 0 0 0 0 0 0 0 3 0 0 2 0 0 0 0 0 0 0 0 0 0 0 0 1 0 0 0 0 0 2 0 0 49 11 13 3 0 0 35 15 0 26 0 6 11 46 51 10 0 11 21 0 0 0 3 0 0 0 0 0 0 0 0 0 0 1 0 0 0 0 0 0 0 0 0 0 0 0 0 0 0 0 0 0 0 0 0 1 0 0 0 0 0 0 0 0 0 0 0 0 0 0 0 0 0 0 0 0 0 0 0 0 0 10 0 0 0 1 0 0 0 0 1 8 0 0 0 0 0 0 0 0 0 0 0 0 0 0 0 0 0 0 0 0 0 0 0 0 20 0 0 0 0 0 0 0 0 0 0 0 0 0 
 362 125 176 183 303 148 227 102 182 135 57 150 162 203 224 379 35 202 421 0 1 0 2 4 3 3 0 0 1 2 3 4 1 2 0 2 3 1 0 1 0 0 0 0 5 3 0 78 0 3 0 4 0 0 0 0 12 2 0 0 0 0 4 5 3 0 0 0 0 5 2 0 0 0 1 0 0 0 0 0 12 10 41 13 0 31 34 12 32 12 43 14 14 0 10 1 0 87 26 21 0 0 0 0 0 0 0 0 0 0 0 0 13 0 0 0 0 0 0 0 0 0 0 0 0 0 0 12 0 0 0 0 0 0 0 0 0 0 0 0 8 0 0 0 14 0 0 0 0 0 0 0 0 0 0 0 0 0 0 0 53 10 12 17 0 0 34 14 2 31 0 0 77 35 43 19 0 12 14 0 0 0 0 4 0 0 0 0 0 0 0 0 0 0 0 0 0 0 0 0 0 0 0 0 0 0 0 0 15 0 0 0 0 0 0 0 0 0 0 0 0 0 0 0 0 0 0 0 0 1 0 0 0 0 0 0 0 0 0 0 0 0 0 0 0 2 1 0 0 2 0 13 0 0 0 0 0 0 0 0 0 0 0 0 0 0 0 0 0 0 1 0 0 0 0 0 18 0 0 0 0 0 0 0 0 0 0 0 0 0 
 0 0 0 0 61 1 0 0 1 0 0 0 4 0 0 2 0 0 0 1 0 260 69 249 57 23 133 137 49 159 22 117 472 51 129 249 135 288 150 414 0 0 0 3 0 3 0 0 3 2 0 3 0 2 0 0 0 3 0 6 0 0 0 0 4 3 0 0 3 0 39 0 0 0 3 0 3 15 0 2 0 0 0 2 11 20 0 0 18 0 0 12 0 0 0 2 0 0 0 0 21 29 11 0 5 1 12 10 9 31 0 52 23 35 7 20 53 23 0 21 1 0 9 0 0 0 0 0 0 2 0 0 0 0 0 0 0 2 0 0 4 0 0 4 0 0 1 0 0 0 0 0 3 0 10 0 0 0 0 0 0 0 0 0 20 0 0 0 0 0 12 0 0 0 0 0 23 0 0 0 13 24 15 0 9 0 34 12 27 28 0 8 11 27 40 16 7 21 11 17 0 0 0 0 0 2 0 0 0 0 14 0 21 0 0 0 0 2 0 0 0 0 2 0 0 0 0 0 0 0 0 0 0 0 0 0 0 0 0 0 0 0 0 0 0 0 0 0 0 73 0 0 0 0 20 0 2 0 78 0 2 1 0 0 0 0 0 0 0 0 0 0 0 0 2 9 0 0 0 0 0 0 0 0 0 0 0 0 0 0 
 0 0 6 1 2 110 3 0 0 0 0 77 3 0 2 0 0 4 0 0 260 0 435 92 97 257 148 295 71 83 51 36 278 251 227 428 116 174 255 175 0 0 0 3 0 4 0 0 3 0 3 3 0 2 1 0 0 3 0 2 0 0 3 0 0 5 0 0 3 0 0 3 0 0 3 0 3 0 0 2 0 0 1 0 15 29 0 0 0 0 0 15 0 0 0 0 0 0 0 0 28 10 31 28 0 0 6 42 19 31 26 13 12 11 25 0 33 11 19 29 0 0 0 0 0 0 0 0 0 0 0 0 0 0 0 0 0 0 0 0 3 0 0 0 0 0 0 0 0 0 0 0 2 0 0 0 0 0 0 0 0 0 0 0 10 1 0 0 14 0 0 0 0 0 13 0 0 0 0 0 6 34 106 21 47 0 60 12 32 12 17 8 17 58 21 10 39 45 0 16 0 0 0 14 0 0 0 12 0 0 0 0 0 0 0 0 0 0 0 0 0 0 0 0 0 0 0 0 0 0 0 0 0 0 0 0 0 0 0 0 0 0 0 0 0 0 0 0 0 0 0 0 0 0 11 0 6 1 0 1 3 1 0 0 0 0 0 0 0 0 0 0 0 0 0 0 0 0 0 11 0 0 0 0 0 0 0 0 0 0 
 3 2 3 3 13 75 5 2 2 2 1 2 4 2 1 2 1 2 1 2 69 435 0 114 366 45 108 394 174 150 55 51 119 51 71 143 130 259 142 114 1 2 2 4 2 4 65 65 3 2 0 4 2 4 0 3 0 5 66 67 0 4 3 0 0 2 8 2 2 6 0 0 0 0 0 0 3 0 0 3 0 0 0 0 15 27 0 0 0 1 0 0 0 0 0 0 0 0 57 0 16 2 12 9 14 0 9 10 22 0 32 57 0 1 7 1 20 20 10 12 0 1 2 0 0 6 0 14 0 0 0 1 0 0 0 0 0 0 4 0 2 0 0 0 0 0 0 0 0 0 0 0 1 0 1 0 0 22 0 0 4 0 0 0 0 1 0 0 4 0 0 0 0 0 0 0 0 0 0 0 0 22 19 30 11 12 0 28 16 0 11 24 9 0 0 13 10 53 0 36 0 1 0 0 0 0 0 0 0 0 0 0 0 0 17 0 0 0 12 17 0 1 12 0 0 0 0 0 0 0 0 0 0 0 0 0 18 0 0 0 0 0 30 0 0 1 0 0 2 0 0 0 0 0 2 2 0 82 6 4 15 2 0 0 2 0 0 0 0 0 0 1 0 0 0 0 0 0 0 0 0 0 0 0 2 0 0 0 0 5 
 0 0 1 0 0 0 0 0 2 0 0 0 5 0 4 0 0 0 0 4 249 92 114 0 97 77 101 88 250 123 48 138 275 690 382 240 204 188 158 596 0 0 0 3 0 3 0 0 3 0 0 3 0 3 0 0 0 3 139 2 0 0 0 0 0 1 0 0 2 0 0 0 0 0 3 0 3 0 0 2 0 0 0 0 0 0 0 0 0 0 0 0 0 0 0 0 0 0 0 0 0 10 18 22 2 26 22 12 0 22 1 19 0 0 24 45 9 56 0 0 53 0 0 0 0 0 45 21 20 13 0 0 31 11 11 0 0 0 1 9 0 0 0 0 0 0 0 0 0 0 0 0 0 0 0 0 0 0 0 0 0 0 0 0 0 0 0 0 0 0 0 0 0 0 0 2 0 0 0 0 8 27 21 11 0 31 0 0 20 6 32 22 0 0 0 0 1 17 0 0 15 23 0 0 0 0 28 0 0 0 0 0 16 13 0 21 9 0 1 21 0 0 0 0 0 0 0 0 0 2 0 0 0 0 0 0 0 0 0 0 0 0 0 0 0 0 0 0 0 0 0 0 0 0 6 1 2 10 0 2 2 0 0 0 0 0 14 0 0 0 0 0 0 0 0 0 0 0 0 0 0 9 0 0 0 6 40 0 0 0 
 0 2 0 0 8 0 0 0 0 0 0 0 3 0 0 0 0 0 0 3 57 97 366 97 0 61 265 114 202 339 300 314 153 122 80 64 43 62 66 107 62 0 0 3 0 3 154 63 96 4 0 3 65 2 63 63 0 6 0 65 0 0 3 2 0 3 0 0 3 0 0 0 7 48 2 14 3 0 0 3 0 0 0 0 0 0 23 0 0 0 0 47 0 0 0 0 0 0 0 0 0 54 21 13 37 15 0 0 18 13 0 4 41 0 2 11 0 0 0 0 30 25 9 0 0 0 13 0 0 0 0 0 6 10 6 30 0 10 33 16 0 0 0 0 0 0 0 0 0 0 0 0 0 0 0 0 0 0 0 0 0 0 0 4 0 1 0 0 0 0 0 1 0 0 0 0 0 0 0 0 0 8 15 0 21 9 0 14 12 18 0 18 0 7 1 0 9 10 2 0 15 15 10 0 0 0 73 0 28 0 6 0 27 27 12 16 1 19 32 24 0 0 18 0 0 0 0 0 0 0 0 0 0 0 0 0 0 0 0 0 0 0 24 0 0 0 0 0 0 0 0 0 0 0 16 2 3 0 163 0 1 0 2 0 0 0 0 0 0 0 0 0 0 0 0 0 0 0 0 0 0 1 0 0 0 0 0 0 0 0 
 3 6 4 3 4 6 3 3 3 5 3 2 5 4 3 7 3 3 5 3 23 257 45 77 61 0 241 40 269 313 79 86 250 115 262 229 85 359 49 61 5 0 0 65 0 9 89 33 3 0 1 3 61 71 6 6 3 3 125 87 0 0 0 3 0 2 6 1 3 0 0 0 15 0 3 0 3 0 0 2 0 0 0 2 0 0 0 0 0 0 0 0 0 0 0 0 0 0 0 0 0 10 1 48 0 0 0 0 0 17 16 38 0 0 1 1 19 20 0 0 29 34 17 0 0 0 16 13 7 1 0 0 11 20 13 0 0 2 3 6 0 0 0 0 0 0 1 2 0 0 0 33 0 0 0 0 0 0 0 0 0 0 0 0 0 0 0 8 0 0 0 0 0 0 0 0 0 0 0 0 0 0 0 16 15 3 1 0 0 0 0 42 0 0 0 0 0 0 0 0 30 1 1 0 1 1 16 9 13 0 0 1 9 0 10 19 44 13 13 23 0 0 0 0 0 0 0 0 0 0 0 0 0 2 0 0 0 0 0 0 0 0 0 0 0 0 0 0 0 0 0 2 0 0 15 1 1 54 2 1 2 0 0 0 0 0 1 0 0 0 0 0 0 0 0 0 0 0 0 0 0 0 0 0 0 0 0 0 0 0 
 2 0 0 75 77 20 0 0 0 0 23 19 1 0 0 0 0 0 0 0 133 148 108 101 265 241 0 586 234 422 33 148 436 130 88 42 190 61 30 117 3 0 0 3 3 6 2 3 5 0 0 8 0 2 1 2 0 5 3 9 0 0 4 3 0 2 0 2 5 0 2 0 2 6 3 0 6 1 0 8 0 0 0 29 0 12 0 0 0 0 0 0 0 0 0 7 0 1 0 0 0 15 9 34 0 2 2 9 17 11 1 0 29 21 28 0 17 19 18 19 0 0 0 0 0 2 0 0 0 0 0 0 0 0 0 0 0 0 0 0 0 0 2 0 0 0 0 0 0 0 0 0 0 0 0 0 9 0 0 0 6 0 0 56 6 0 0 0 1 0 0 0 0 0 0 0 0 4 0 0 0 0 1 0 9 0 1 26 4 0 18 0 43 10 30 38 30 0 0 0 0 0 0 0 0 0 0 12 0 0 2 0 4 0 0 0 2 0 0 0 0 0 0 0 0 0 0 0 0 0 0 0 2 0 0 0 0 1 0 0 0 0 16 0 0 0 81 0 0 0 0 0 11 0 19 0 2 0 44 0 17 0 0 0 0 0 0 0 0 0 0 0 0 0 0 0 0 0 0 0 0 0 0 0 0 0 0 0 0 6 
 0 0 1 72 74 77 0 1 0 0 62 78 0 0 1 0 0 0 0 0 137 295 394 88 114 40 586 0 123 85 100 282 458 169 138 44 84 74 57 97 0 0 204 5 2 3 0 0 3 0 0 3 0 2 2 0 0 3 0 2 0 0 0 0 0 1 0 0 2 0 0 1 0 0 2 0 3 0 0 5 0 0 0 29 0 10 0 0 1 3 0 16 0 0 1 0 0 0 0 0 20 31 21 2 3 0 12 19 21 21 13 0 20 15 20 12 7 1 4 26 0 0 0 0 0 0 0 0 0 0 0 18 0 0 0 0 0 0 10 0 0 0 0 3 0 0 12 0 0 0 0 0 0 0 0 0 3 14 0 0 3 0 0 7 0 0 0 2 21 0 2 0 0 0 0 0 1 0 0 0 2 0 17 13 11 0 0 41 17 5 14 0 22 19 47 40 12 0 0 1 0 0 0 0 0 0 0 1 0 0 0 0 14 0 0 0 0 0 8 0 0 0 1 0 0 0 0 0 0 0 2 0 0 0 0 0 0 0 0 0 0 0 2 0 0 0 66 0 0 0 0 0 13 0 13 0 1 0 0 0 27 0 1 0 0 0 0 0 0 0 0 0 0 0 0 0 0 0 0 0 0 0 0 0 0 0 0 0 0 0 
 0 0 0 0 0 0 0 0 0 0 0 0 4 0 0 2 0 1 0 1 49 71 174 250 202 269 234 123 0 358 126 520 259 601 101 232 122 161 170 89 1 0 0 8 0 3 76 0 5 0 0 5 60 2 0 0 0 3 63 2 0 0 0 0 5 2 1 0 3 3 0 1 0 0 0 0 3 0 0 2 0 0 0 1 0 8 0 0 0 0 0 0 0 0 0 0 0 0 0 0 16 1 2 31 21 15 12 13 2 30 58 9 29 0 0 3 10 12 0 15 0 0 1 0 0 2 24 25 0 0 0 0 12 15 9 0 0 0 21 0 0 22 2 0 0 0 0 0 0 0 0 0 0 0 0 0 0 0 0 0 6 0 0 0 0 12 0 0 6 0 0 0 0 0 1 0 0 0 0 0 0 0 34 51 7 28 0 17 15 9 60 13 0 7 10 0 0 14 0 43 10 0 0 0 0 0 0 0 1 0 2 0 0 0 0 0 2 0 0 13 0 0 0 0 0 0 0 0 0 0 0 0 2 0 0 0 0 1 0 0 0 0 0 0 0 0 0 0 0 0 0 0 0 0 16 0 0 76 0 3 13 0 0 0 0 0 8 0 0 0 0 0 0 0 0 0 0 0 0 0 0 15 0 0 0 0 18 0 0 0 
 2 0 0 0 3 0 0 0 0 2 0 0 0 0 0 0 0 0 0 2 159 83 150 123 339 313 422 85 358 0 478 451 308 84 74 252 117 363 305 233 62 0 0 7 0 3 83 0 5 3 0 3 1 6 62 0 0 3 3 6 0 0 0 0 0 3 0 0 3 0 0 5 11 0 0 0 2 0 0 3 0 0 13 0 0 8 0 0 0 0 0 13 0 0 2 0 0 0 0 0 31 23 0 20 16 8 0 18 28 57 25 0 8 10 1 8 45 17 1 13 11 27 0 0 0 0 12 7 0 0 0 0 7 0 6 21 0 0 17 0 0 0 0 0 0 2 0 0 0 0 0 0 0 0 0 23 0 0 0 0 26 0 0 0 30 9 0 0 3 0 0 0 0 0 0 0 0 0 0 0 9 0 28 18 10 19 38 23 21 26 66 0 1 36 16 13 1 14 0 16 0 0 11 0 0 0 12 18 5 0 0 0 0 13 13 1 0 0 0 0 0 0 0 0 0 0 12 0 0 0 0 0 0 0 0 0 0 0 0 0 0 0 0 0 0 2 0 0 0 0 0 0 16 0 7 0 5 0 75 2 16 1 1 0 0 0 0 0 0 0 2 0 0 2 0 0 0 0 0 0 0 0 0 0 0 0 0 0 0 0 
 2 14 2 3 0 0 0 0 1 0 0 3 1 0 0 0 0 0 0 3 22 51 55 48 300 79 33 100 126 478 0 108 74 109 68 110 194 67 24 148 20 7 0 3 0 19 67 1 3 0 0 4 62 2 53 1 0 3 63 133 0 0 0 3 5 0 3 3 2 0 0 0 7 0 3 0 3 0 0 2 0 0 0 0 0 1 0 0 0 0 0 0 0 0 0 0 0 0 0 0 0 0 10 3 10 55 0 0 0 11 50 7 27 0 0 1 8 0 0 0 9 14 81 0 0 0 0 6 29 14 0 0 1 0 37 13 0 10 25 30 0 0 0 0 0 0 0 0 0 0 0 0 0 0 0 0 0 0 0 0 0 0 0 8 0 13 1 0 0 0 0 1 0 0 0 0 0 0 0 0 0 0 0 1 31 6 0 15 0 20 0 25 0 4 11 0 11 0 0 1 0 11 0 0 0 0 67 0 35 0 0 7 19 51 28 22 21 11 33 1 0 0 0 0 0 0 0 0 0 0 0 0 0 0 0 0 0 0 0 0 0 0 0 0 0 0 0 0 0 0 0 0 0 0 7 1 3 1 74 0 1 0 0 0 0 0 1 0 0 0 0 0 0 0 1 0 0 0 0 0 0 0 0 0 0 0 0 0 0 0 
 0 0 2 0 0 3 0 0 0 0 0 0 1 0 4 0 0 0 0 4 117 36 51 138 314 86 148 282 520 451 108 0 41 128 87 43 133 108 167 146 23 0 2 3 3 6 3 3 3 4 1 3 0 4 118 4 109 5 3 117 0 3 0 3 2 2 1 3 2 2 0 0 2 0 2 0 4 3 0 2 0 0 0 0 0 3 0 0 0 0 0 0 0 0 0 0 0 0 2 0 12 6 17 0 36 11 0 0 1 9 10 0 6 2 0 20 0 0 0 0 17 10 0 0 0 0 0 28 0 14 0 0 1 19 18 11 0 9 0 1 0 0 0 0 0 0 0 0 0 0 0 9 0 12 0 0 0 0 2 0 0 0 0 0 0 12 0 0 0 0 0 7 0 0 0 14 0 7 0 0 0 0 13 0 20 23 1 27 8 14 13 0 0 12 20 0 0 0 0 0 9 0 5 0 0 0 5 1 21 0 0 0 0 42 22 14 0 4 1 8 0 0 1 0 0 0 0 0 0 0 0 12 0 0 0 0 0 0 0 17 0 0 0 0 0 0 0 0 0 0 0 0 0 0 10 2 0 79 120 21 14 0 0 0 0 0 3 0 0 0 0 0 0 0 0 0 0 0 0 0 0 0 0 0 0 0 25 0 0 0 
 0 0 0 90 75 165 0 0 0 6 80 48 0 0 0 0 2 0 0 1 472 278 119 275 153 250 436 458 259 308 74 41 0 369 111 94 327 129 122 232 0 0 0 3 0 3 0 0 3 0 0 3 0 2 1 1 0 3 0 2 0 0 0 0 0 0 0 0 2 0 0 7 0 0 2 0 4 0 0 3 0 0 0 10 0 26 0 0 0 0 0 12 0 0 0 0 0 0 0 0 18 23 28 12 0 0 9 26 18 20 41 0 18 0 12 19 25 11 21 0 0 0 0 0 0 0 0 0 0 0 0 0 0 0 0 0 0 0 0 0 0 0 6 0 0 0 0 0 0 0 0 0 0 1 0 0 0 0 0 0 5 0 0 12 0 13 0 0 4 0 0 0 0 0 0 0 0 0 0 0 18 0 10 7 12 0 13 22 10 25 0 11 28 29 11 43 36 0 0 12 0 0 0 1 0 0 0 10 0 0 0 0 8 0 0 11 0 0 0 0 0 0 0 0 0 1 0 0 0 0 0 0 0 0 0 0 0 0 0 0 0 0 0 0 0 0 75 0 0 0 0 1 8 0 3 2 3 0 0 0 15 0 0 0 2 0 0 0 0 0 0 0 0 0 0 0 0 0 0 1 0 0 0 0 0 0 0 0 0 0 
 0 1 3 76 2 2 1 2 1 2 2 3 0 4 0 2 3 2 2 2 51 251 51 690 122 115 130 169 601 84 109 128 369 0 100 47 16 395 82 379 0 2 2 4 2 4 1 2 4 2 1 4 2 4 2 2 1 5 0 4 2 1 2 1 6 12 1 1 3 2 1 2 5 2 3 1 5 33 0 2 0 0 0 9 0 0 0 0 13 19 0 19 0 0 0 0 0 0 0 0 0 32 2 5 0 13 12 43 2 79 0 11 15 0 49 10 28 9 0 17 2 0 1 0 0 0 0 0 0 0 0 0 10 0 0 0 0 1 64 2 0 0 0 0 0 0 2 0 12 0 0 0 0 0 0 0 0 0 0 0 0 0 0 14 0 0 0 0 25 0 0 0 0 0 0 0 0 0 0 0 11 10 0 0 1 23 0 24 9 0 23 0 0 17 0 12 0 0 0 10 0 0 0 0 0 0 0 0 0 1 0 0 20 0 0 0 0 0 8 0 0 10 0 0 0 0 0 0 0 0 0 0 0 0 0 0 0 0 0 0 0 0 0 0 0 0 73 0 2 0 0 0 0 2 19 2 3 2 0 1 2 0 0 0 2 0 0 0 0 0 0 7 0 0 0 0 0 0 0 0 0 0 0 0 0 0 31 0 0 0 
 2 2 8 106 1 110 2 0 2 1 2 43 5 1 2 1 2 0 1 0 129 227 71 382 80 262 88 138 101 74 68 87 111 100 0 291 132 85 159 221 2 1 1 4 1 5 2 0 7 1 2 5 6 2 3 2 2 9 2 2 0 2 0 8 2 4 3 2 4 2 2 1 2 0 3 2 3 2 2 4 0 2 0 10 0 5 0 0 0 0 0 0 0 0 0 0 0 0 0 0 0 13 17 21 22 0 11 25 5 5 2 0 28 12 10 30 0 9 33 0 0 0 0 0 0 0 0 17 0 0 0 0 3 0 0 0 0 0 9 8 0 0 0 0 0 0 0 0 0 0 0 0 0 0 0 0 0 0 0 7 0 0 16 13 0 0 0 0 12 0 0 0 2 0 0 0 0 0 0 0 0 26 13 15 0 18 1 0 11 0 13 0 23 7 8 27 26 12 2 0 0 0 0 0 0 0 15 0 0 0 0 2 18 15 0 0 0 0 13 8 0 0 0 0 0 0 16 1 0 0 0 0 0 0 0 0 0 0 0 8 0 0 0 0 0 0 75 0 1 1 0 1 0 1 8 1 0 78 0 3 0 3 0 0 1 0 4 0 0 0 0 0 0 0 0 0 0 0 0 0 0 3 0 0 0 0 42 0 0 0 
 3 3 6 3 79 6 3 3 3 3 4 3 5 5 3 4 3 3 3 2 249 428 143 240 64 229 42 44 232 252 110 43 94 47 291 0 502 226 112 143 3 1 3 3 5 3 61 0 3 6 0 4 1 65 2 2 2 3 0 17 0 5 0 0 1 6 0 3 3 3 0 7 5 0 3 0 3 2 0 7 0 0 0 0 1 35 0 0 0 0 0 12 0 0 0 0 2 0 0 0 0 19 1 14 0 3 0 31 18 11 26 14 7 0 11 0 31 14 0 12 11 0 0 0 0 0 4 0 21 15 0 0 10 13 2 0 0 1 0 0 0 0 0 0 0 0 0 0 0 0 0 0 12 2 0 0 0 0 0 0 1 0 0 1 0 32 0 0 0 0 0 0 0 0 0 0 0 0 0 0 46 12 35 3 11 10 15 11 15 87 19 19 22 10 19 11 14 18 1 22 13 0 0 2 0 1 39 10 0 0 0 0 10 0 0 0 8 0 0 1 0 0 0 0 0 1 0 0 0 0 0 0 0 0 0 0 0 0 0 0 0 0 1 0 0 0 0 0 1 0 0 0 10 0 5 0 0 134 0 2 3 0 0 0 0 0 0 0 0 0 0 0 0 0 0 0 0 0 0 19 0 15 0 0 0 6 0 0 0 1 
 3 3 3 6 10 84 3 4 3 3 3 81 79 3 7 3 3 3 3 3 135 116 130 204 43 85 190 84 122 117 194 133 327 16 132 502 0 167 216 100 0 0 0 3 3 6 0 0 3 0 3 3 61 2 1 0 3 6 18 2 0 0 0 0 0 5 0 0 3 0 0 5 0 0 3 0 2 3 0 3 0 0 0 1 0 21 0 0 0 0 0 13 0 0 0 0 0 0 0 0 35 12 0 16 0 1 2 26 20 110 27 1 11 10 1 0 48 27 7 13 0 0 25 0 0 1 1 0 0 0 0 0 1 0 0 0 0 21 0 0 0 0 0 0 0 10 0 0 0 0 0 2 0 0 0 0 0 0 0 0 6 0 0 1 7 16 0 0 8 0 0 0 0 0 0 0 0 0 0 0 15 1 42 30 10 0 31 21 13 18 86 1 7 29 8 2 42 14 0 26 0 0 0 0 0 0 0 21 0 0 0 0 0 39 0 0 1 0 0 10 0 0 0 0 0 0 0 0 0 0 0 0 0 0 1 0 0 0 0 0 0 0 0 0 0 0 1 0 0 0 0 1 0 0 7 1 0 73 2 2 33 0 0 0 0 0 0 0 0 0 0 0 0 0 0 0 0 0 0 0 0 0 0 0 0 0 0 0 0 0 
 3 3 5 4 4 3 3 3 3 3 3 5 3 3 3 3 4 3 3 1 288 174 259 188 62 359 61 74 161 363 67 108 129 395 85 226 167 0 93 266 0 0 0 3 0 3 14 0 3 0 0 3 0 66 0 0 0 3 28 58 0 0 0 0 4 1 0 0 2 0 0 0 0 0 3 0 3 14 0 2 0 0 0 1 0 0 0 0 0 0 0 2 0 0 0 0 0 0 0 0 10 10 0 37 14 17 44 23 8 37 18 35 13 1 10 15 37 40 18 23 21 1 12 0 0 0 12 7 8 0 0 0 22 0 0 0 0 0 0 35 0 0 0 0 0 0 0 10 0 0 0 3 0 1 0 0 0 0 0 0 0 0 0 0 4 0 0 0 0 0 0 0 0 0 0 0 0 0 0 0 0 16 12 11 9 20 18 11 21 9 0 16 18 8 20 1 14 40 0 1 8 1 0 1 0 0 1 0 0 0 0 0 2 0 0 2 0 0 0 18 0 0 0 0 0 2 0 0 0 0 0 0 0 5 0 0 0 0 0 0 0 0 0 0 0 0 1 0 0 0 0 0 0 0 5 5 6 76 2 3 1 0 0 0 0 0 0 0 0 0 0 0 0 0 0 0 0 0 0 12 0 0 0 0 0 0 7 0 0 0 
 4 3 3 67 81 82 3 3 4 21 78 67 3 3 4 3 77 3 3 0 150 255 142 158 66 49 30 57 170 305 24 167 122 82 159 112 216 93 0 256 0 0 0 3 0 4 0 0 3 2 0 3 0 2 0 0 0 3 0 2 0 0 0 0 1 1 0 52 2 0 0 7 0 52 3 0 3 0 0 72 0 0 0 0 6 36 0 0 0 0 0 11 0 0 1 0 0 13 0 0 19 36 23 8 3 0 16 13 21 0 10 0 21 41 0 32 12 10 11 14 0 0 0 0 0 0 0 0 0 0 0 0 0 0 0 1 0 0 0 0 0 0 0 0 0 0 0 0 0 0 0 0 0 0 0 0 0 0 0 0 0 0 0 3 12 37 11 2 0 0 2 0 0 0 0 0 0 0 0 2 15 19 28 0 20 0 46 10 40 34 11 0 18 9 93 19 1 10 11 32 0 0 1 0 0 0 0 12 0 0 0 0 0 0 0 0 0 0 0 0 0 0 1 0 0 0 0 0 0 0 0 0 0 0 0 0 0 0 0 0 0 0 2 0 0 0 0 0 1 99 12 0 10 0 9 0 0 0 75 0 2 0 0 0 0 4 0 0 0 0 0 0 0 0 0 0 0 0 0 0 0 0 0 0 0 0 0 0 0 0 
 0 0 77 7 77 75 0 0 0 0 1 80 1 2 0 0 2 0 0 1 414 175 114 596 107 61 117 97 89 233 148 146 232 379 221 143 100 266 256 0 73 0 0 3 4 3 0 0 5 0 2 3 0 2 1 6 0 3 4 2 0 0 0 0 42 3 2 0 3 0 0 0 0 0 5 0 2 3 0 3 0 0 0 0 9 11 0 0 0 0 0 0 0 0 0 0 1 0 0 0 10 7 12 19 0 13 8 27 6 28 10 21 14 19 10 18 16 0 17 0 0 0 0 0 0 0 0 0 0 0 0 0 0 0 0 0 0 0 15 0 0 0 0 0 0 17 0 0 0 0 0 0 0 0 0 1 0 0 0 0 0 0 0 1 9 0 0 0 0 0 0 0 0 0 0 0 0 0 0 0 0 81 19 0 0 41 24 21 16 7 14 6 18 100 7 6 18 11 1 0 0 0 0 0 0 0 0 0 0 0 0 0 10 0 0 0 0 0 7 0 0 0 0 0 2 0 0 0 0 0 0 0 0 0 0 0 0 0 0 0 0 0 0 0 0 0 0 0 0 34 0 0 0 0 0 2 0 3 1 2 1 2 0 0 0 0 0 0 0 0 0 0 0 0 0 0 9 0 0 6 0 2 0 0 0 9 12 7 0 0 
 0 0 0 0 0 0 0 0 0 0 0 0 0 0 0 0 0 0 0 0 0 0 1 0 62 5 3 0 1 62 20 23 0 0 2 3 0 0 0 73 0 146 177 105 104 26 48 237 18 103 167 134 143 202 202 102 105 131 45 50 0 0 0 0 4 2 0 0 0 0 0 0 0 0 0 0 0 0 0 0 0 0 0 0 0 0 0 0 0 0 0 0 0 0 0 0 0 0 0 0 0 0 0 0 0 8 0 0 0 0 1 0 0 0 0 0 0 0 0 0 10 14 0 9 12 15 63 0 48 33 30 22 9 0 29 31 39 18 9 1 0 0 0 0 0 0 0 0 0 0 0 0 0 31 13 0 0 0 0 0 0 0 0 0 0 0 0 0 0 0 6 0 0 3 0 0 0 0 20 0 0 0 0 0 0 2 0 0 0 0 0 0 0 0 0 0 0 0 0 0 0 22 10 0 0 19 7 6 43 34 2 0 0 20 26 0 9 0 0 1 0 0 0 0 9 0 0 0 0 0 0 0 11 21 0 0 0 0 18 0 0 0 0 0 0 0 0 0 0 0 0 6 38 0 0 0 0 0 0 0 0 0 66 2 1 2 0 0 0 0 2 0 0 0 0 0 0 0 0 0 0 0 0 0 0 0 0 0 0 0 
 0 0 0 0 0 0 0 0 0 0 0 0 0 0 0 0 0 36 0 0 0 0 2 0 0 0 0 0 0 0 7 0 0 2 1 1 0 0 0 0 146 0 253 62 61 134 67 206 339 117 306 166 192 385 99 72 124 189 29 30 1 28 0 0 0 0 0 0 0 0 0 0 0 0 0 9 0 0 54 0 0 0 0 0 0 0 0 0 0 0 0 0 0 0 0 0 10 0 0 0 0 0 0 0 0 1 0 0 0 0 0 0 0 0 0 0 13 0 0 0 1 10 4 15 19 7 22 7 34 117 0 18 5 1 18 19 24 9 0 10 0 0 0 0 0 0 0 0 0 0 0 0 0 0 23 0 0 0 0 0 0 0 0 0 0 0 0 0 0 3 1 0 0 3 0 1 0 0 0 0 0 0 0 14 0 0 0 0 0 0 0 0 0 0 2 0 0 0 0 0 2 17 0 13 0 50 0 12 26 40 24 12 3 1 18 0 0 28 26 0 0 0 0 0 0 0 0 0 0 0 0 0 26 0 0 0 0 0 10 17 0 0 10 0 0 0 0 0 0 0 0 14 0 0 0 0 0 0 0 0 0 0 75 67 0 3 0 0 0 0 2 0 0 0 0 0 0 0 0 0 0 0 0 0 0 10 0 0 0 0 
 3 2 3 3 6 3 4 2 5 2 3 5 2 2 3 3 3 3 2 0 0 0 2 0 0 0 0 204 0 0 0 2 0 2 1 3 0 0 0 0 177 253 0 84 112 72 106 358 200 129 191 228 436 307 245 268 205 92 30 68 2 0 0 1 0 0 2 0 0 0 0 0 0 4 1 5 1 1 56 0 0 0 0 0 0 0 0 0 0 0 0 0 0 0 0 0 0 0 0 0 0 9 0 0 0 0 0 0 0 0 0 0 0 0 0 0 0 0 0 0 15 0 0 21 6 29 14 0 20 44 17 22 0 5 2 34 33 20 0 54 0 0 0 0 0 0 7 0 0 0 0 1 0 19 13 0 0 0 0 0 0 0 0 0 0 0 0 0 0 2 21 0 0 5 0 0 0 0 4 0 0 0 0 0 0 0 0 0 0 0 0 0 0 0 0 0 0 0 0 0 15 20 3 47 0 8 0 0 20 30 17 0 25 12 1 0 6 36 0 0 4 0 0 0 0 0 0 0 0 0 0 0 24 8 0 0 0 0 0 15 0 0 12 0 0 0 0 0 0 0 0 2 0 1 0 0 0 0 0 2 0 0 1 1 2 0 2 0 2 0 9 0 0 0 0 0 0 0 0 0 0 1 18 0 3 0 0 0 0 0 
 1 34 0 0 0 5 66 0 0 0 0 4 2 0 0 0 0 0 0 0 3 3 4 3 3 65 3 5 8 7 3 3 3 4 4 3 3 3 3 3 105 62 84 0 119 169 78 137 354 142 35 256 69 157 135 274 54 90 63 350 0 0 0 0 1 0 0 0 0 0 0 0 0 0 2 0 0 0 59 0 0 0 0 0 0 0 0 12 0 0 0 0 0 0 0 0 0 0 0 0 0 0 0 0 0 0 0 0 0 0 0 0 0 0 0 0 0 0 0 0 2 0 0 18 13 0 23 1 2 7 28 1 0 9 1 0 13 11 0 0 12 0 0 0 0 0 0 7 0 14 0 0 34 0 0 0 0 0 15 0 0 0 0 0 0 0 0 0 0 0 0 0 0 0 0 0 0 0 0 0 0 0 0 0 0 0 0 16 0 0 0 0 0 0 0 0 0 0 0 0 0 0 20 11 42 0 0 9 9 10 40 32 0 0 0 12 1 0 0 0 21 0 10 0 0 0 17 0 0 0 0 0 54 9 0 0 0 0 1 0 0 0 0 0 0 0 0 0 0 0 0 7 0 0 0 0 0 0 0 10 0 0 0 0 85 2 0 0 0 0 0 0 0 1 0 0 0 0 0 0 0 0 0 0 15 0 0 25 0 0 
 0 0 2 0 6 93 3 0 0 0 0 3 0 0 0 0 63 0 0 5 0 0 2 0 0 0 3 2 0 0 0 3 0 2 1 5 3 0 0 4 104 61 112 119 0 70 266 289 176 142 143 117 513 732 39 142 45 58 142 91 0 2 0 0 0 0 48 0 2 0 0 0 53 2 51 2 66 0 50 3 0 0 0 0 0 0 0 0 0 0 1 0 0 0 0 0 0 0 0 0 0 0 0 0 0 0 0 0 0 0 0 0 0 0 0 0 0 0 0 0 3 13 0 10 60 21 0 0 12 18 0 77 0 0 0 0 10 20 0 0 36 24 0 0 0 0 0 1 0 0 11 0 7 34 16 0 0 0 4 1 0 0 0 0 0 0 0 0 0 0 2 0 0 0 0 0 0 0 0 0 0 0 0 0 0 0 0 0 0 0 0 0 0 0 0 0 0 0 0 0 0 3 18 27 37 0 0 0 1 18 10 15 1 0 0 0 0 23 0 0 0 16 9 0 0 0 2 2 0 0 0 0 11 9 42 0 15 0 10 50 0 0 0 0 0 0 0 0 0 0 0 3 0 0 0 0 0 0 0 2 0 0 0 0 0 5 4 7 0 0 0 0 0 1 0 0 0 0 0 0 0 0 0 0 0 15 0 0 0 21 
 0 0 0 0 0 63 0 0 0 0 0 0 0 0 0 0 2 0 0 3 3 4 4 3 3 9 6 3 3 3 19 6 3 4 5 3 6 3 4 3 26 134 72 169 70 0 48 48 118 120 113 227 47 251 39 367 67 282 51 260 49 0 0 0 0 0 21 0 0 0 0 0 55 91 26 6 0 0 0 0 0 0 0 0 0 0 0 0 0 0 0 0 0 0 0 0 0 0 0 0 0 0 0 1 0 0 0 0 0 0 0 12 0 0 0 0 0 0 0 0 12 0 6 17 0 11 1 6 2 0 55 1 6 1 1 0 0 0 0 31 19 25 0 0 0 0 19 39 0 29 0 0 0 0 6 1 0 0 16 12 0 4 0 0 0 0 0 0 0 0 0 0 0 0 0 0 0 0 0 0 0 0 0 0 0 0 0 0 0 0 0 0 0 0 0 0 0 0 0 0 12 33 0 22 30 9 0 2 2 2 8 43 26 75 7 2 1 18 11 0 11 20 0 20 0 0 8 3 0 0 6 0 1 8 35 0 0 0 16 3 0 0 8 0 0 0 0 0 0 0 0 4 0 0 0 0 0 0 0 10 34 0 3 0 1 6 5 4 0 0 0 0 0 14 0 0 0 0 0 0 0 0 0 0 14 0 0 0 0 0 
 0 0 0 0 0 0 0 0 0 0 0 0 0 0 0 0 0 0 0 0 0 0 65 0 154 89 2 0 76 83 67 3 0 1 2 61 0 14 0 0 48 67 106 78 266 48 0 294 64 272 31 37 157 172 26 103 317 40 145 396 2 0 0 0 0 0 2 0 0 4 0 2 0 0 0 0 0 0 0 0 0 0 0 0 0 0 0 0 0 0 0 0 0 0 0 0 0 0 0 0 0 0 0 32 43 20 0 0 0 33 10 44 0 0 0 0 0 0 14 0 28 41 11 2 0 2 22 10 1 0 0 4 1 14 20 8 0 0 30 0 0 7 0 0 0 0 6 9 0 0 0 27 0 0 0 0 0 0 0 0 0 0 0 6 0 0 0 0 0 0 0 0 0 0 0 0 0 0 0 0 0 0 0 39 0 3 0 0 0 8 0 34 0 0 0 0 2 0 0 0 24 12 2 0 4 4 22 0 0 0 1 0 0 12 19 11 0 2 46 40 1 0 0 0 0 0 0 0 0 0 0 0 0 0 0 0 0 0 0 0 0 0 0 0 0 0 0 0 0 0 0 5 0 0 0 0 0 140 1 2 0 0 0 0 0 2 2 0 2 0 0 0 0 0 0 1 0 0 0 0 0 0 4 0 1 0 0 0 1 0 
 1 0 4 31 0 4 0 0 1 0 1 2 0 0 17 2 1 1 0 78 0 0 65 0 63 33 3 0 0 0 1 3 0 2 0 0 0 0 0 0 237 206 358 137 289 48 294 0 159 106 332 31 215 244 68 159 247 100 58 166 2 0 0 1 0 0 1 0 0 0 0 0 20 0 3 2 0 0 1 0 0 0 0 0 0 0 0 0 0 0 0 0 1 0 0 0 0 0 0 0 0 0 0 0 0 0 0 0 0 0 0 0 0 0 0 0 0 0 0 0 9 8 6 0 12 11 0 0 17 0 11 31 0 6 0 24 2 14 0 16 20 0 0 0 0 0 0 0 0 3 0 0 1 24 10 0 3 0 7 4 0 0 0 0 0 0 0 0 0 0 7 0 6 3 0 0 0 0 0 0 0 0 0 0 10 0 0 0 0 0 0 0 0 0 0 0 0 0 0 0 9 21 9 0 0 20 0 8 40 21 16 3 9 10 17 2 29 11 20 0 0 0 1 0 0 0 15 0 0 0 0 0 12 11 8 1 0 4 5 0 0 0 0 0 0 0 0 0 0 0 0 8 0 0 0 0 0 0 0 0 0 0 8 0 1 2 2 0 2 0 7 0 0 0 0 0 0 0 0 0 0 0 0 0 0 12 0 0 0 0 
 0 0 8 0 4 1 2 0 0 0 0 2 5 0 0 0 0 0 0 0 3 3 3 3 96 3 5 3 5 5 3 3 3 4 7 3 3 3 3 5 18 339 200 354 176 118 64 159 0 217 124 123 116 343 38 211 126 106 279 79 50 0 0 3 1 1 0 0 0 207 0 0 2 51 2 23 0 0 1 0 0 0 0 0 0 0 0 0 0 0 0 0 0 0 0 0 0 0 0 0 0 0 0 0 0 0 0 0 2 0 0 0 0 0 0 0 0 0 0 1 13 14 0 17 31 30 0 0 9 0 10 20 0 13 0 29 5 24 0 13 10 0 0 0 0 0 5 0 0 11 0 0 8 0 41 0 0 0 1 0 0 0 0 0 0 0 0 0 0 1 1 0 10 0 0 0 0 0 0 0 0 0 0 0 0 0 0 0 0 0 0 0 0 0 0 0 0 7 0 0 13 3 11 32 23 2 0 0 1 0 24 0 12 6 0 0 1 53 0 0 8 0 10 0 0 0 29 0 0 0 0 0 8 6 0 0 6 0 2 39 0 0 20 0 0 0 0 0 0 0 0 7 0 2 0 0 0 0 0 0 0 0 2 0 0 4 0 0 2 0 1 0 0 12 0 0 0 0 0 0 0 0 11 0 49 0 0 0 2 0 
 0 0 0 0 0 0 0 0 67 0 0 0 1 0 0 0 0 0 0 3 2 0 2 0 4 0 0 0 0 3 0 4 0 2 1 6 0 0 2 0 103 117 129 142 142 120 272 106 217 0 152 215 173 557 127 116 77 315 80 99 25 0 0 0 0 0 131 0 4 0 0 0 52 21 0 0 0 0 0 0 5 0 0 0 0 0 0 0 0 0 0 0 0 0 0 0 0 0 0 0 0 4 3 0 2 8 0 0 0 0 1 0 0 0 0 5 0 0 0 0 0 0 0 10 23 6 19 0 2 32 1 22 0 0 20 19 30 40 10 0 0 1 0 0 0 0 0 0 0 19 0 0 2 0 19 0 0 0 0 0 0 10 0 0 0 0 0 0 0 0 0 0 0 0 0 0 0 0 0 0 0 3 0 0 0 0 0 4 6 2 0 0 0 0 3 0 7 7 0 0 0 16 0 20 33 28 0 0 16 11 10 6 0 0 0 0 1 11 0 4 0 20 15 0 0 0 8 0 0 0 1 0 10 1 10 0 0 0 24 11 0 0 3 0 0 0 0 0 0 0 0 5 0 1 0 0 0 0 4 0 0 0 68 0 0 2 0 0 0 0 2 0 0 16 0 0 0 0 0 0 0 0 0 0 14 0 0 0 1 0 
 0 0 0 0 0 11 0 0 0 0 0 0 71 0 0 0 0 0 0 0 0 3 0 0 0 1 0 0 0 0 0 1 0 1 2 0 3 0 0 2 167 306 191 35 143 113 31 332 124 152 0 188 31 521 39 325 219 138 48 145 0 0 0 0 0 0 0 0 0 0 0 0 0 0 0 3 0 1 27 0 0 0 0 0 0 0 0 0 0 0 0 0 0 0 0 0 0 0 0 0 0 0 0 0 0 0 0 0 0 0 1 0 0 0 0 0 0 0 0 0 18 1 12 10 11 18 15 11 36 6 15 60 0 0 1 20 8 21 0 15 0 0 0 0 0 0 0 0 0 0 0 0 0 9 8 0 0 0 13 0 0 0 0 0 0 0 0 0 0 0 7 0 0 3 0 0 0 0 0 0 0 0 0 0 0 0 0 0 0 0 0 0 0 0 0 0 0 0 0 0 52 38 0 9 6 32 0 21 70 17 17 0 14 10 12 0 23 1 0 0 0 0 0 0 0 0 0 0 0 0 0 0 10 13 0 0 0 0 0 1 0 0 13 0 0 0 0 0 0 0 0 1 0 0 0 0 0 0 0 9 0 0 19 16 2 1 0 0 0 0 6 0 0 0 0 0 0 0 0 0 0 0 0 0 0 0 0 0 0 0 
 0 0 0 0 0 0 0 0 0 0 0 0 0 0 0 0 0 61 0 4 3 3 4 3 3 3 8 3 5 3 4 3 3 4 5 4 3 3 3 3 134 166 228 256 117 227 37 31 123 215 188 0 102 397 60 308 168 423 34 45 52 0 0 0 0 0 2 0 0 0 0 0 1 51 52 9 3 0 55 0 0 0 0 0 0 0 0 0 0 0 0 0 0 0 0 0 0 0 10 0 0 0 0 0 0 0 0 0 0 0 0 0 0 0 0 0 0 0 0 0 0 11 0 38 29 18 59 0 41 11 25 43 0 0 24 0 16 28 0 0 0 0 0 2 0 0 17 0 0 8 0 0 0 0 14 0 0 0 5 0 2 0 0 0 0 0 0 0 0 2 1 0 0 3 0 0 0 0 0 0 0 0 0 0 0 0 0 0 0 0 0 0 0 0 0 0 0 0 0 0 0 0 1 1 29 0 0 26 0 23 1 1 0 0 13 0 0 20 0 0 23 0 0 0 0 0 8 0 0 0 0 0 9 1 0 0 0 0 12 20 0 0 19 0 0 0 0 0 0 0 0 12 0 13 0 0 0 0 0 2 1 27 2 69 0 4 0 1 0 0 0 0 0 0 0 0 0 0 0 0 0 0 0 0 31 0 0 0 2 0 
 3 3 3 3 9 3 6 3 3 3 3 6 3 3 3 3 3 3 3 0 0 0 2 0 65 61 0 0 60 1 62 0 0 2 6 1 61 0 0 0 143 192 436 69 513 47 157 215 116 173 31 102 0 327 39 61 111 247 221 148 3 0 2 5 0 0 3 0 0 0 0 0 2 2 2 0 4 0 5 3 0 0 0 0 0 0 0 0 0 0 0 0 0 0 0 0 0 0 0 0 0 0 0 13 0 10 0 0 0 5 0 0 0 0 0 0 0 0 0 0 0 24 10 10 5 11 30 0 10 4 0 22 13 9 12 30 1 13 11 0 5 0 0 4 0 0 0 0 0 7 5 0 3 0 8 0 0 0 0 0 0 0 0 0 0 0 0 0 0 3 0 0 0 3 0 0 0 0 0 0 23 0 0 7 9 0 0 0 0 3 11 0 0 0 0 0 0 0 0 0 0 22 0 0 0 27 9 21 23 2 13 0 0 0 44 6 23 6 1 13 0 0 0 5 0 0 0 0 5 0 0 0 8 0 15 7 0 0 0 0 0 0 0 0 0 0 0 0 0 26 0 7 0 2 0 0 0 4 0 1 0 0 8 36 0 14 2 0 1 0 16 0 0 0 1 0 0 0 0 0 0 0 0 0 0 0 0 0 2 0 
 0 1 0 0 6 0 3 1 0 3 0 2 7 1 0 0 0 0 1 0 2 2 4 3 2 71 2 2 2 6 2 4 2 4 2 65 2 66 2 2 202 385 307 157 732 251 172 244 343 557 521 397 327 0 155 120 105 43 159 354 0 3 0 10 1 0 6 9 0 1 0 3 0 0 0 1 0 6 0 0 0 0 0 0 0 0 0 0 0 0 0 0 0 0 0 0 0 0 0 0 0 0 0 0 17 0 0 0 9 0 0 15 0 0 0 0 0 0 0 0 18 32 13 8 41 0 43 18 30 13 25 52 9 25 7 0 12 11 0 8 0 1 22 0 30 6 1 11 4 0 0 14 0 19 9 1 0 6 0 0 0 0 0 0 0 0 0 0 0 2 7 0 0 5 0 0 0 0 0 0 0 0 0 6 0 0 0 0 0 0 0 21 0 0 0 0 0 0 0 0 13 0 1 1 0 0 0 11 7 31 0 1 0 0 13 11 16 0 15 3 0 0 0 0 0 0 0 4 0 1 0 0 14 39 0 0 2 0 26 0 0 0 0 0 0 0 0 0 0 0 0 13 0 2 0 0 0 36 0 1 0 0 0 2 1 4 14 0 2 0 0 0 0 0 0 0 0 0 0 0 0 0 0 0 0 0 0 0 2 0 
 0 0 66 2 66 4 0 0 0 63 69 1 0 0 0 0 59 63 0 0 0 1 0 0 63 6 1 2 0 62 53 118 1 2 3 2 1 0 0 1 202 99 245 135 39 39 26 68 38 127 39 60 39 155 0 124 310 32 57 260 0 0 0 0 25 0 0 0 0 0 0 0 0 0 3 0 0 0 0 0 0 0 10 0 0 0 0 6 0 0 6 0 0 0 0 0 11 0 0 0 0 0 0 1 1 13 13 0 0 0 0 0 0 0 0 0 0 0 0 0 12 6 0 0 10 0 20 14 18 4 24 66 0 9 42 6 33 29 1 0 0 13 0 0 21 0 6 7 0 0 0 0 0 0 1 0 0 0 0 0 0 0 0 0 0 0 0 0 0 9 0 19 0 0 0 6 0 5 0 0 0 0 0 0 23 42 0 0 9 0 1 0 0 0 0 0 0 0 11 0 8 3 50 0 0 0 8 0 9 15 1 0 0 13 16 52 15 11 1 0 0 0 0 0 0 0 0 0 0 0 0 0 0 8 0 0 0 0 11 0 0 0 0 0 0 0 2 0 0 0 0 11 0 0 0 0 0 0 105 11 0 0 13 0 2 0 0 0 0 0 1 0 0 0 0 0 0 0 0 0 0 0 0 0 0 13 0 0 0 0 
 0 0 10 0 2 2 1 0 0 0 0 1 1 0 0 0 0 0 0 0 0 0 3 0 63 6 2 0 0 0 1 4 1 2 2 2 0 0 0 6 102 72 268 274 142 367 103 159 211 116 325 308 61 120 124 0 220 195 45 304 6 0 0 0 3 54 0 0 0 43 3 3 4 0 3 3 52 2 53 0 0 0 0 0 0 0 0 0 0 0 0 0 0 0 0 0 0 0 0 0 0 0 11 0 0 0 0 0 0 0 0 0 0 0 0 0 0 0 0 0 10 27 5 0 35 5 0 1 13 11 12 15 0 51 9 14 7 4 0 13 10 8 0 0 0 0 6 6 0 24 0 4 4 17 11 0 17 0 4 10 0 0 0 0 0 0 0 0 0 0 15 0 0 1 0 0 0 0 0 0 0 0 0 0 0 0 0 0 0 0 0 0 0 0 0 0 10 0 0 0 26 41 23 11 0 0 0 0 11 23 23 0 11 12 0 23 12 21 0 0 0 0 0 0 0 0 9 0 0 0 0 0 36 9 4 0 0 14 4 22 0 0 56 0 0 0 0 0 0 0 0 10 0 11 0 0 0 0 0 1 0 1 2 0 0 2 2 0 0 0 0 0 0 0 0 0 0 0 0 0 0 4 0 0 0 0 0 11 2 0 
 0 0 8 0 10 2 0 0 4 6 5 1 0 0 0 1 4 6 0 12 0 0 0 0 0 3 0 0 0 0 0 109 0 1 2 2 3 0 0 0 105 124 205 54 45 67 317 247 126 77 219 168 111 105 310 220 0 127 34 45 0 0 0 0 0 25 0 0 0 0 0 1 0 0 0 3 0 1 0 0 0 0 5 0 4 0 0 6 0 0 9 0 0 0 0 7 3 0 0 0 0 0 0 0 0 0 4 0 0 0 0 0 0 0 0 0 0 0 0 0 18 88 9 11 0 0 11 15 12 10 7 0 0 29 11 0 0 0 0 15 0 19 0 0 0 0 4 11 0 0 0 21 33 0 0 0 0 0 4 0 7 0 0 0 0 4 0 0 0 8 1 24 0 4 0 5 0 0 0 0 0 11 0 5 0 0 0 0 0 0 0 0 0 0 0 0 0 0 6 0 113 33 9 0 0 0 0 11 0 10 1 16 14 10 13 10 0 0 0 2 0 0 0 0 0 0 0 0 0 0 0 8 0 0 0 0 0 0 0 0 0 6 20 0 0 0 0 0 0 0 0 12 0 1 0 0 0 26 0 2 0 0 7 64 65 4 2 0 1 0 0 0 0 0 0 0 0 0 0 0 0 0 0 0 0 0 0 18 0 0 
 0 0 7 0 7 0 2 0 0 1 0 2 2 0 0 0 0 0 0 2 3 3 5 3 6 3 5 3 3 3 3 5 3 5 9 3 6 3 3 3 131 189 92 90 58 282 40 100 106 315 138 423 247 43 32 195 127 0 46 61 0 8 7 0 2 2 0 1 0 2 4 7 0 0 3 3 3 3 49 0 0 0 0 0 0 0 0 0 0 0 0 0 0 0 0 0 7 0 0 0 0 11 0 0 0 0 0 0 0 0 0 0 0 0 0 0 0 0 0 0 3 0 0 28 22 33 14 0 28 40 10 68 0 0 0 18 19 28 0 0 15 0 0 0 0 0 0 1 0 0 0 0 0 50 15 0 0 0 3 1 0 0 0 0 0 0 0 0 0 4 6 0 0 5 0 0 0 0 0 0 0 0 0 0 0 0 20 0 0 0 0 0 0 0 0 0 0 0 0 1 0 1 8 37 0 2 0 0 28 53 15 0 0 0 0 0 22 41 0 0 0 0 0 0 0 0 0 0 0 0 0 0 27 15 9 0 9 0 0 20 0 0 0 0 0 0 0 0 0 0 0 4 0 1 0 0 0 0 0 1 0 1 1 1 3 3 4 0 0 0 7 0 0 0 0 0 0 0 0 0 0 1 0 0 0 15 0 0 0 0 
 0 0 2 0 0 0 0 0 0 3 0 0 5 0 0 0 0 0 0 0 0 0 66 139 0 125 3 0 63 3 63 3 0 0 2 0 18 28 0 4 45 29 30 63 142 51 145 58 279 80 48 34 221 159 57 45 34 46 0 120 0 0 0 5 0 0 6 0 0 3 0 0 0 0 0 0 0 0 0 0 0 0 0 0 0 0 0 0 0 0 0 0 0 0 0 0 0 0 13 0 0 0 0 8 0 0 0 0 0 36 12 16 0 0 0 0 0 0 0 0 4 11 23 0 0 0 30 6 9 20 0 0 32 0 3 14 14 0 25 8 0 0 11 0 0 0 0 0 0 0 0 2 0 0 0 0 0 0 0 0 0 0 9 0 0 0 0 0 0 5 0 0 0 0 0 2 5 2 0 0 6 0 10 35 10 0 0 0 0 0 13 9 0 0 0 0 0 22 0 0 7 0 0 0 0 0 19 45 2 0 0 0 0 1 21 15 12 38 14 18 0 0 0 0 0 0 0 0 0 0 0 0 0 0 0 0 21 0 0 0 0 0 0 0 0 0 0 0 0 0 0 11 0 0 0 0 0 124 0 0 0 0 0 66 0 13 0 0 0 0 0 0 0 0 0 10 0 0 0 0 0 0 0 0 0 0 0 0 0 0 
 3 8 5 3 3 5 3 3 3 3 3 3 6 3 3 3 3 3 3 0 6 2 67 2 65 87 9 2 2 6 133 117 2 4 2 17 2 58 2 2 50 30 68 350 91 260 396 166 79 99 145 45 148 354 260 304 45 61 120 0 0 1 2 5 0 0 216 0 5 3 5 0 11 3 1 0 5 0 0 0 0 0 0 0 0 0 0 0 0 0 0 0 0 0 0 0 0 0 0 0 0 0 0 11 20 15 0 0 0 0 13 3 0 29 0 0 0 0 0 0 0 0 0 1 0 3 0 1 0 0 1 21 0 0 8 0 0 5 8 14 0 3 0 4 0 0 1 0 0 0 0 0 9 0 12 0 0 0 3 0 0 0 0 3 0 0 0 0 0 0 0 6 0 0 0 1 0 0 0 0 0 0 0 15 29 0 0 0 0 0 0 5 0 0 0 0 0 0 0 0 0 31 17 0 0 23 10 10 48 7 3 2 0 19 10 32 36 0 59 0 4 0 0 0 0 0 3 0 0 0 0 0 0 12 0 0 0 0 3 0 0 0 0 0 0 0 0 0 0 0 0 7 0 0 0 0 0 0 25 1 0 0 67 0 2 0 1 0 2 0 0 0 0 0 0 1 0 0 0 0 0 0 0 0 0 0 0 0 2 0 
 3 3 3 3 9 3 6 3 3 3 3 3 8 48 3 3 3 3 3 0 0 0 0 0 0 0 0 0 0 0 0 0 0 2 0 0 0 0 0 0 0 1 2 0 0 49 2 2 50 25 0 52 3 0 0 6 0 0 0 0 0 159 115 54 28 29 407 350 62 56 41 65 128 136 105 36 233 28 98 166 0 0 0 0 0 0 0 0 6 0 0 0 0 0 0 0 0 0 0 0 0 0 0 0 0 0 0 0 0 0 0 0 0 0 0 0 0 0 0 0 0 0 0 9 13 0 0 0 0 0 0 0 0 0 0 0 0 1 1 0 0 0 5 2 12 28 14 0 31 12 0 25 10 10 15 6 13 25 2 8 0 0 0 0 0 0 0 0 0 0 0 0 0 0 0 0 0 0 0 9 0 0 0 0 0 0 0 0 0 0 0 0 0 6 0 0 0 0 0 0 0 0 0 0 5 18 0 0 0 0 0 0 0 0 0 0 0 19 0 10 1 13 13 13 9 1 0 21 27 16 23 16 16 0 11 27 0 22 3 34 10 0 0 0 0 0 0 0 0 0 0 0 0 0 8 0 0 0 0 0 0 0 15 1 0 0 0 0 0 0 2 2 1 2 0 1 0 0 0 0 0 0 0 0 16 1 0 0 0 0 
