 0 366 169 64 241 242 96 365 261 188 319 264 341 164 116 140 84 147 403 171 0 2 3 0 0 0 3 3 0 3 3 0 1 2 0 0 3 0 0 0 0 0 0 3 0 3 0 0 0 0 0 1 2 0 0 0 0 0 0 0 70 0 0 0 3 35 2 9 0 0 0 0 2 0 0 0 0 0 0 0 44 18 11 41 0 0 34 41 0 20 49 34 10 0 0 0 24 14 32 26 0 0 0 0 0 0 31 0 0 0 0 0 1 0 0 0 0 0 12 0 0 0 0 0 0 0 0 0 0 0 0 0 0 0 0 0 11 0 0 0 0 0 2 0 3 0 2 0 3 0 0 0 0 0 0 0 0 0 0 0 24 19 0 1 23 22 14 18 30 14 30 21 0 0 2 26 0 1 0 0 0 0 0 0 0 0 0 0 0 0 0 0 0 0 1 0 0 0 0 21 0 0 0 0 0 0 0 0 0 0 0 2 0 0 0 0 0 0 0 0 0 0 0 0 0 0 0 0 0 0 0 0 0 0 0 0 1 0 0 0 0 0 0 0 0 1 66 2 1 0 0 2 0 14 0 0 0 0 0 0 0 0 0 0 0 8 0 0 0 0 0 0 0 0 0 9 23 21 0 0 0 0 0 0 0 0 0 0 0 0 
 366 0 172 166 338 131 219 186 460 132 27 272 226 174 44 40 62 232 97 137 3 6 7 3 0 6 4 6 3 3 6 0 0 7 2 5 3 0 98 77 0 0 0 12 3 2 0 0 0 2 7 1 2 4 0 4 0 0 0 0 2 34 3 0 3 4 3 3 0 0 32 0 5 0 0 0 5 2 0 3 13 35 0 0 84 10 14 38 0 0 16 19 27 17 17 1 8 9 33 15 0 0 0 0 0 0 13 0 0 0 0 0 16 0 0 0 4 0 10 14 0 0 0 0 0 1 0 0 0 0 0 0 0 0 0 0 0 0 0 0 0 0 0 0 0 0 0 0 0 0 5 0 0 0 0 2 0 0 2 0 0 10 25 30 39 4 1 1 0 56 18 32 0 22 1 2 1 9 9 1 2 0 0 0 2 2 0 0 0 0 0 9 0 0 1 2 0 2 7 6 0 0 0 0 0 0 0 0 0 0 0 0 2 0 0 0 0 0 0 0 0 0 0 0 0 0 0 2 0 0 0 0 0 0 0 0 0 0 0 0 0 0 0 0 0 0 46 2 2 1 2 2 0 0 0 0 0 0 0 0 2 0 0 0 0 1 0 0 0 0 0 0 0 0 0 19 20 0 0 0 0 0 0 0 0 0 0 0 0 0 
 169 172 0 247 265 209 227 408 239 83 44 248 258 238 64 207 152 142 28 141 1 3 2 2 0 0 27 1 0 7 3 0 0 9 6 0 3 0 116 24 0 0 0 2 0 2 0 0 0 4 0 59 2 63 0 0 0 0 0 0 0 0 4 0 0 0 48 0 0 0 0 0 2 0 0 0 2 0 0 0 11 12 19 25 32 19 14 0 31 14 18 3 22 0 20 3 33 18 0 13 10 20 23 0 0 0 0 0 0 0 0 0 0 0 2 0 15 0 0 10 0 0 0 0 0 1 0 0 0 0 6 0 0 0 0 0 0 0 0 2 0 0 0 0 4 0 0 0 7 0 0 0 0 0 0 0 0 0 0 0 38 31 54 0 29 50 1 0 16 11 4 9 48 0 4 33 0 22 0 10 16 0 0 2 0 0 0 0 20 0 0 0 14 12 17 12 0 0 15 56 0 0 0 0 0 0 0 0 0 0 0 0 21 0 0 0 0 0 0 0 0 0 0 0 0 0 0 0 0 0 0 0 0 0 2 0 0 0 0 0 0 18 0 0 0 2 2 0 0 2 15 12 17 0 0 0 0 0 0 0 0 0 0 0 0 0 0 0 0 0 0 0 0 0 0 15 32 20 0 0 0 0 0 0 0 0 0 0 0 0 
 64 166 247 0 270 49 187 191 323 181 55 360 444 189 89 264 55 195 111 148 1 4 2 1 0 2 78 2 4 3 5 0 1 4 77 0 3 0 25 2 2 0 0 3 0 2 0 0 0 0 0 1 3 0 0 0 0 4 0 3 1 0 1 0 0 2 3 0 0 1 0 0 2 0 0 0 0 0 0 0 18 15 37 71 16 16 14 28 20 0 33 16 23 7 3 25 36 23 0 0 16 11 11 0 0 0 0 0 0 0 13 0 1 14 15 0 0 0 0 16 0 0 0 1 0 0 0 0 0 0 7 0 0 0 0 2 0 0 0 0 14 0 0 0 0 0 5 0 0 0 0 0 0 2 0 0 0 0 0 0 18 0 48 10 0 32 17 27 29 1 0 31 2 1 15 86 14 4 2 0 0 1 0 0 0 0 11 23 0 0 0 0 15 14 38 13 0 0 0 53 0 0 0 0 0 0 2 0 0 0 0 0 0 0 0 0 0 2 0 0 0 0 0 0 0 0 1 0 0 0 0 0 0 0 0 0 0 0 0 0 0 16 0 0 0 0 50 0 3 4 0 1 15 0 0 0 0 0 0 0 0 0 0 0 0 0 0 0 0 0 0 0 0 0 0 1 18 0 0 0 0 0 0 0 0 0 0 0 0 0 
 241 338 265 270 0 277 68 82 503 321 466 269 84 507 162 87 53 46 69 78 38 4 0 0 2 2 106 3 1 3 3 0 136 151 3 1 3 2 160 36 0 0 0 6 0 2 0 0 0 3 0 56 4 0 0 0 2 3 0 0 0 56 0 0 0 2 2 0 0 2 48 5 5 0 2 3 0 0 0 0 0 5 0 29 26 24 0 0 14 0 5 17 0 0 1 13 19 0 0 0 60 21 22 0 0 0 0 11 0 2 20 0 14 13 0 1 0 0 26 34 23 0 0 1 0 0 0 0 0 0 9 2 0 0 0 0 0 0 0 0 0 0 0 0 0 0 0 0 0 0 0 0 0 0 0 0 0 0 0 0 0 0 0 36 0 0 0 8 17 23 0 5 1 12 3 0 1 3 0 0 0 0 10 0 0 0 13 0 0 14 1 2 35 33 22 10 2 0 13 16 0 0 0 0 0 0 0 0 0 0 0 0 0 0 0 0 0 0 0 0 0 2 0 0 0 0 0 0 0 0 2 0 0 0 0 0 0 0 0 0 0 17 0 0 0 2 0 2 1 90 0 6 0 0 0 0 0 0 0 0 0 0 0 0 0 0 0 0 0 0 0 0 0 0 2 0 0 0 0 0 0 0 0 0 0 0 0 0 0 0 
 242 131 209 49 277 0 45 36 76 59 299 160 41 118 64 203 164 178 589 487 86 3 2 1 2 4 157 153 1 75 3 0 153 78 222 4 3 72 102 1 1 0 0 3 0 2 0 0 0 0 0 3 2 1 0 1 0 0 0 0 0 2 0 1 0 0 4 0 49 0 0 0 2 0 0 0 0 0 0 0 0 0 0 37 52 0 0 0 0 0 0 0 0 0 0 2 0 0 0 0 48 10 35 11 0 0 1 12 7 0 13 0 22 36 43 13 2 0 11 58 0 0 0 0 0 2 0 0 0 0 11 0 0 2 0 0 0 0 0 0 0 14 0 0 0 20 16 0 0 0 0 0 0 0 0 0 0 0 1 0 0 7 0 1 0 0 0 0 17 11 0 20 0 0 0 0 2 0 0 0 6 18 8 0 0 1 22 59 1 9 13 8 11 61 10 13 1 29 0 28 0 0 0 0 0 0 0 0 18 0 0 0 1 0 0 0 0 0 0 0 0 0 0 0 0 0 0 1 0 0 0 0 0 0 0 2 0 0 0 0 0 14 0 0 0 8 1 0 0 92 0 14 0 0 0 0 0 0 0 0 0 0 0 1 0 0 0 0 0 0 0 0 0 0 0 0 0 0 0 0 0 0 0 0 0 0 0 0 0 0 
 96 219 227 187 68 45 0 233 38 263 42 294 283 267 174 22 211 44 212 135 0 3 2 0 0 2 6 2 0 3 3 0 1 2 0 0 3 1 0 0 0 0 0 3 0 2 0 0 0 0 0 1 2 0 0 0 0 0 0 6 0 0 0 0 0 0 2 0 0 0 0 0 2 0 0 0 0 0 0 0 37 67 12 0 0 9 38 26 46 11 17 1 11 10 10 7 27 47 17 40 1 0 0 0 0 0 15 2 0 0 0 0 24 2 0 0 1 19 11 0 0 0 0 7 0 1 0 0 0 0 0 24 0 2 0 0 0 0 0 0 0 0 0 0 0 0 0 0 1 0 0 19 0 0 0 1 0 0 0 0 14 0 0 13 7 13 13 17 24 16 17 13 9 11 6 1 32 16 0 0 0 0 0 0 1 0 0 0 0 0 0 0 0 0 0 1 11 12 0 0 0 0 0 0 0 0 0 0 0 0 0 0 1 0 0 0 0 0 0 0 12 0 0 0 0 0 0 0 0 0 0 0 0 0 0 2 0 1 0 0 0 0 0 0 0 0 9 1 106 0 0 2 0 0 0 0 0 0 0 0 0 0 86 0 0 0 0 0 0 0 0 0 0 0 0 0 23 0 0 0 0 0 0 0 0 0 0 0 0 0 
 365 186 408 191 82 36 233 0 274 173 96 65 203 238 183 373 64 139 478 134 0 2 0 0 0 0 3 2 0 3 3 0 1 2 1 0 3 0 1 76 0 0 2 3 0 2 0 0 0 0 0 5 2 0 0 0 0 0 0 0 0 0 0 0 0 0 2 0 0 0 0 0 2 0 0 0 0 0 0 0 23 20 2 1 0 14 0 22 28 24 0 53 0 0 10 20 43 33 15 11 0 0 0 0 13 1 0 0 0 0 0 0 17 0 24 0 0 1 0 0 0 0 0 10 0 0 0 0 0 0 0 0 0 0 0 0 0 0 0 0 0 0 0 2 0 0 13 2 0 0 0 2 0 0 0 0 15 0 0 0 1 1 4 0 0 0 10 0 19 32 21 14 29 27 37 28 20 0 0 13 0 0 0 0 0 0 0 0 0 0 0 2 14 0 0 0 0 0 0 14 0 0 0 0 0 0 0 0 0 0 0 0 0 0 0 0 0 0 0 0 0 0 0 0 0 0 0 0 0 0 0 0 0 0 0 0 0 0 0 0 0 0 9 0 0 0 227 0 94 98 2 14 0 0 0 0 0 0 0 0 0 0 0 0 0 0 0 0 0 0 0 0 0 0 0 0 0 0 0 0 0 0 0 0 0 0 0 0 0 0 
 261 460 239 323 503 76 38 274 0 158 215 240 86 340 374 149 239 132 93 147 0 2 0 0 0 0 2 1 1 3 3 0 77 79 0 0 4 0 172 89 0 0 0 3 0 2 0 0 0 2 0 0 6 0 0 0 0 1 0 0 0 0 0 0 0 0 2 0 0 0 38 0 6 0 0 0 0 0 0 0 11 13 1 4 30 31 14 0 28 9 37 2 0 0 0 13 13 0 1 0 1 0 0 0 7 0 6 10 0 0 0 0 27 20 1 0 21 0 0 10 0 0 0 0 0 10 0 0 0 0 0 0 0 0 0 0 0 0 0 0 23 0 0 0 0 0 0 0 20 0 0 0 0 4 0 0 0 0 0 0 0 5 24 4 6 13 0 1 0 41 1 20 15 0 15 12 0 9 0 13 14 0 0 0 0 0 0 0 0 0 0 0 1 0 10 0 0 0 15 23 0 0 0 0 0 0 0 0 0 0 0 0 34 0 0 0 0 0 0 8 0 0 19 0 0 0 0 0 2 0 0 0 0 0 0 0 0 0 0 0 0 0 0 0 0 4 1 2 1 151 19 0 0 0 0 0 0 0 0 0 0 0 0 0 0 0 0 0 0 0 0 0 0 0 0 16 17 23 0 0 0 0 0 0 0 0 0 0 0 1 
 188 132 83 181 321 59 263 173 158 0 191 48 79 103 209 421 216 382 112 91 0 2 3 0 0 3 3 1 0 77 3 2 0 2 0 0 3 0 74 0 2 0 0 4 1 3 0 0 0 0 0 65 2 0 2 3 0 0 0 0 0 1 2 0 2 0 2 12 3 0 0 0 2 3 0 0 0 0 0 1 0 9 10 22 16 8 0 24 35 26 0 48 0 16 0 22 30 16 14 7 0 0 0 0 0 0 0 0 0 0 0 0 35 1 10 0 0 0 0 0 0 0 0 0 0 0 0 0 0 0 0 0 0 0 0 0 0 0 0 18 10 0 0 0 0 0 2 0 0 0 0 0 0 0 0 12 0 0 2 0 21 0 13 25 21 0 17 80 0 16 11 11 18 16 0 29 17 15 47 0 0 0 0 2 2 0 0 0 0 0 15 0 32 2 0 1 0 0 0 33 0 0 0 0 0 0 0 0 0 0 0 0 2 0 0 0 0 0 0 0 0 0 0 0 0 0 0 0 0 0 0 0 0 0 2 0 0 0 0 0 0 1 0 0 0 0 2 0 2 95 0 10 0 6 0 0 0 0 0 0 0 0 3 0 0 0 0 0 0 0 0 0 0 2 0 8 0 17 0 0 0 0 0 0 0 0 0 0 0 0 
 319 27 44 55 466 299 42 96 215 191 0 153 35 50 68 185 111 70 255 58 77 2 0 0 0 0 2 60 0 3 3 0 1 71 0 0 3 0 25 73 0 0 0 3 0 2 0 0 0 0 0 0 2 0 0 0 0 2 0 0 0 0 0 28 4 0 5 4 0 0 40 0 2 0 0 0 0 0 0 0 0 0 0 9 16 0 0 0 15 25 1 28 0 0 0 0 4 0 0 0 0 0 0 0 0 0 32 8 0 0 0 2 20 0 21 0 14 0 3 5 0 0 0 0 0 0 0 0 0 0 0 0 1 0 0 0 0 1 0 0 5 1 0 0 0 0 0 0 0 0 0 0 0 3 0 0 0 0 0 0 0 0 3 29 16 1 0 11 2 0 15 0 0 0 0 6 0 10 0 0 18 0 0 0 0 0 0 1 20 0 0 0 9 1 23 0 16 0 14 28 0 2 0 0 0 0 0 0 0 0 0 0 0 1 0 0 0 0 0 0 0 0 1 0 0 1 0 0 0 0 0 0 0 0 0 0 0 0 0 0 0 0 0 0 0 2 0 0 0 98 18 2 0 0 0 0 0 0 0 0 0 0 0 0 0 0 0 0 0 0 0 0 0 0 0 7 14 0 0 0 0 0 0 0 0 0 0 0 0 1 
 264 272 248 360 269 160 294 65 240 48 153 0 116 257 188 55 203 89 60 22 35 2 0 0 0 0 32 1 73 3 5 0 77 126 0 0 4 2 148 86 0 2 0 3 0 2 0 0 0 0 0 0 2 0 0 0 0 1 0 0 0 0 0 0 0 0 2 0 0 0 48 4 44 0 0 0 4 46 0 0 0 11 1 14 41 55 0 16 37 17 16 15 0 9 2 7 20 15 0 18 36 28 23 1 0 0 21 8 0 0 0 0 26 0 0 38 0 0 29 0 16 0 0 0 0 0 0 0 0 1 0 0 0 0 14 0 0 0 0 0 0 0 2 0 0 0 1 0 0 0 2 0 1 0 0 0 0 0 0 0 20 0 0 60 9 10 21 16 0 22 0 31 0 13 0 2 5 0 38 0 0 0 0 0 0 0 10 0 0 0 16 0 17 26 35 1 0 0 27 0 0 0 0 0 0 0 0 0 0 0 0 2 0 0 0 0 0 0 11 0 10 0 0 0 0 3 0 0 0 0 0 0 0 0 0 0 0 0 0 4 0 0 0 0 0 2 9 2 3 1 0 4 0 0 0 0 0 0 0 0 1 0 2 0 0 0 0 0 0 0 0 0 0 0 0 0 0 0 0 0 0 0 0 0 0 0 0 0 0 0 
 341 226 258 444 84 41 283 203 86 79 35 116 0 286 42 104 132 262 390 306 0 2 1 0 0 3 6 5 3 3 7 0 2 2 0 0 3 0 0 0 0 0 0 5 3 3 0 0 1 0 0 3 2 3 0 0 1 0 3 0 3 0 2 0 2 3 5 0 0 2 0 0 5 2 0 0 0 3 0 0 23 32 45 0 1 14 11 58 30 11 32 0 21 12 0 17 53 22 52 34 0 0 0 0 0 26 10 0 0 0 0 3 0 0 0 0 0 0 23 0 0 0 0 0 0 0 0 2 0 0 0 24 0 0 0 0 0 0 0 0 0 0 0 0 1 0 8 0 0 0 0 0 0 0 0 0 0 0 0 0 51 0 12 14 2 29 25 7 33 0 20 13 0 0 29 13 21 6 0 0 0 0 0 0 0 3 0 0 0 0 0 0 2 0 0 0 0 0 0 1 0 0 0 0 0 0 0 1 0 0 0 0 0 0 0 0 2 0 2 0 0 0 0 0 9 0 0 0 1 0 0 0 0 0 0 0 0 0 0 0 0 0 0 0 0 0 97 0 1 0 0 13 19 1 0 0 0 0 0 0 0 0 11 0 0 0 0 0 0 0 0 0 0 0 0 1 19 0 0 0 0 0 0 0 0 0 0 0 0 0 
 164 174 238 189 507 118 267 238 340 103 50 257 286 0 202 343 144 36 315 121 0 2 1 0 2 0 4 81 0 3 3 0 1 46 0 0 3 0 0 0 0 0 0 3 0 2 0 0 0 9 0 0 2 0 0 0 0 1 0 0 0 0 0 36 0 0 2 2 0 0 0 0 2 0 0 39 0 1 0 0 36 45 9 19 0 0 11 27 0 12 50 13 27 0 0 12 35 9 43 2 2 0 0 11 0 0 20 0 0 0 0 0 1 0 0 0 0 0 12 0 0 0 0 0 0 0 0 2 0 0 0 0 0 0 0 0 0 0 13 0 0 0 0 0 8 0 8 0 5 0 0 0 0 0 0 0 0 0 0 0 34 42 0 2 20 10 10 11 63 14 25 22 0 17 1 12 1 5 0 2 0 0 0 0 0 0 0 0 0 0 0 0 0 0 0 0 0 0 0 8 0 0 0 0 0 2 0 0 15 38 0 0 0 0 0 0 0 0 0 0 0 10 0 0 0 0 0 0 0 0 0 0 0 0 0 0 0 2 0 0 0 0 0 0 0 3 61 0 5 1 0 3 0 0 0 0 0 0 0 0 0 0 2 0 0 0 0 0 0 0 0 0 0 1 0 7 24 0 0 0 0 0 0 0 0 0 0 0 0 0 
 116 44 64 89 162 64 174 183 374 209 68 188 42 202 0 232 224 125 77 290 0 2 1 3 0 0 3 1 0 3 3 0 0 2 0 0 5 1 2 1 45 0 0 3 0 2 0 0 0 0 0 1 2 3 0 0 0 0 0 0 0 0 0 0 0 0 2 8 0 0 0 0 2 0 0 0 0 0 0 0 1 1 21 23 1 19 17 10 105 23 11 27 11 6 6 20 61 0 0 0 0 0 0 0 0 0 0 7 0 0 0 0 11 0 19 0 0 0 0 0 2 0 1 0 0 0 0 0 0 0 0 0 0 0 0 0 0 0 0 0 1 0 0 0 8 0 0 0 8 0 0 0 0 0 0 0 0 0 0 0 38 46 28 0 23 33 0 10 0 50 15 19 0 9 12 28 0 0 0 1 19 0 0 19 0 0 0 0 0 0 0 0 20 0 0 0 0 0 0 28 0 0 0 0 0 0 0 0 0 0 5 0 0 0 0 0 0 0 0 0 1 0 0 0 0 0 0 0 0 1 0 0 0 20 0 9 0 0 0 0 0 0 0 0 0 1 0 0 5 89 1 11 15 16 1 0 0 0 0 0 0 0 0 0 0 0 0 0 0 0 0 0 0 0 0 38 0 33 0 0 0 0 0 0 0 0 0 0 0 0 
 140 40 207 264 87 203 22 373 149 421 185 55 104 343 232 0 233 42 45 150 0 3 2 0 0 3 25 4 0 3 3 0 0 4 0 3 4 2 148 74 4 0 2 3 3 5 3 0 0 0 0 60 2 0 0 0 0 1 0 0 1 3 0 0 1 0 4 33 0 3 0 0 8 2 0 0 0 0 0 0 0 11 37 18 26 27 7 11 46 15 2 13 19 35 3 13 18 2 0 0 9 20 37 0 0 0 9 21 0 0 2 0 28 0 5 0 0 12 0 9 0 0 0 12 0 0 0 0 0 0 5 0 0 0 0 2 0 0 0 0 0 0 0 0 2 0 0 4 3 0 0 0 0 2 0 0 0 0 0 0 30 11 26 15 27 29 0 1 17 7 11 8 0 0 26 9 0 0 1 10 14 3 0 0 0 0 0 0 0 0 0 0 19 10 1 41 0 0 0 18 0 0 0 0 0 0 2 0 0 0 0 0 0 0 0 0 0 2 0 0 0 0 0 0 0 0 0 0 0 0 0 0 0 0 0 0 0 0 0 0 0 25 0 0 0 1 0 0 0 2 0 0 64 0 0 0 0 0 0 0 0 0 0 0 0 0 0 0 0 0 0 0 0 0 0 14 0 14 0 0 0 0 0 0 0 0 0 0 0 2 
 84 62 152 55 53 164 211 64 239 216 111 203 132 144 224 233 0 245 265 111 0 2 2 1 0 0 2 4 1 4 3 1 1 5 0 0 3 0 27 75 0 0 0 3 0 2 0 0 0 0 0 2 2 0 4 0 0 1 0 0 0 0 0 0 1 0 46 0 0 0 2 1 2 0 0 0 0 0 0 0 13 19 10 0 16 54 14 9 43 24 0 56 11 2 11 22 54 43 13 37 0 0 1 0 0 0 11 0 0 2 0 0 49 0 0 0 0 0 0 14 0 0 0 11 0 0 0 0 0 0 2 2 0 0 0 0 0 0 0 0 5 0 0 0 1 0 0 0 6 0 0 0 0 4 0 0 0 0 0 0 21 30 9 38 27 18 32 12 0 73 81 19 16 46 12 0 21 11 0 0 15 0 0 0 0 0 0 0 0 1 0 0 0 0 0 0 2 0 0 37 0 0 0 0 0 0 0 0 0 0 0 0 0 0 0 1 0 0 0 0 0 2 0 0 0 0 0 0 0 0 2 0 0 0 0 0 0 0 0 0 0 0 0 0 0 2 2 1 96 4 0 14 2 0 1 0 0 0 0 0 0 0 11 0 0 0 0 0 0 0 0 0 0 0 0 27 66 36 0 0 0 0 0 0 0 0 0 0 0 0 
 147 232 142 195 46 178 44 139 132 382 70 89 262 36 125 42 245 0 265 61 0 2 1 0 2 0 2 1 0 3 3 0 0 2 0 0 3 0 35 1 0 0 0 3 0 2 0 0 0 0 0 78 2 0 0 0 0 1 0 70 30 3 0 0 3 0 2 1 0 0 0 0 5 40 1 6 0 38 1 1 26 27 27 7 10 0 0 20 10 12 27 23 1 10 0 33 33 25 0 1 0 0 0 14 0 0 0 0 0 0 0 0 18 0 0 0 0 0 0 14 0 0 0 0 0 0 0 0 0 0 1 0 0 0 1 0 0 0 0 0 0 0 0 0 1 0 10 0 0 0 0 15 0 0 0 0 0 0 0 0 19 15 7 0 23 0 44 1 19 15 8 25 15 0 1 7 13 4 0 0 0 0 0 0 0 0 0 0 0 2 0 0 16 0 0 6 0 0 0 9 0 0 0 0 0 0 10 0 0 2 0 0 0 0 0 1 0 0 0 0 0 1 0 2 0 0 0 0 0 0 0 0 2 0 0 0 0 0 0 2 0 0 0 0 0 4 3 0 4 2 0 5 0 0 0 0 0 0 0 0 0 0 0 0 0 0 0 0 0 0 0 0 0 0 0 6 0 0 0 0 0 0 0 0 0 0 0 0 0 0 
 403 97 28 111 69 589 212 478 93 112 255 60 390 315 77 45 265 265 0 325 0 2 2 0 3 5 2 1 0 3 3 0 2 2 0 0 3 0 0 74 0 0 0 3 0 2 0 0 0 0 0 46 2 0 0 0 0 1 0 0 0 0 0 0 0 0 2 0 0 0 0 0 2 0 0 0 0 5 0 0 13 11 21 10 0 0 13 92 0 0 16 0 11 4 12 0 10 24 35 32 0 0 0 0 0 7 17 0 0 0 0 0 0 0 0 0 0 0 15 0 0 0 0 9 0 0 0 0 0 0 0 0 0 0 1 0 0 0 0 0 0 0 12 0 0 0 1 0 0 0 0 0 0 0 0 0 0 0 0 0 19 9 0 0 0 0 24 0 14 13 37 13 22 0 7 18 25 2 21 0 0 0 0 0 0 0 0 0 0 0 0 0 1 0 0 0 0 0 10 0 0 0 0 0 0 0 0 1 0 0 0 0 0 0 22 0 0 0 0 0 0 0 13 0 0 0 8 0 2 0 0 0 0 0 0 0 0 0 0 0 0 0 0 0 0 1 48 0 90 0 0 3 0 2 0 0 0 0 0 0 0 0 0 0 0 0 0 0 0 0 0 0 0 0 0 0 15 13 0 0 0 0 0 0 0 0 0 0 0 0 
 171 137 141 148 78 487 135 134 147 91 58 22 306 121 290 150 111 61 325 0 0 2 1 0 0 0 3 2 78 3 4 0 1 2 0 1 4 0 0 0 0 0 0 3 0 2 0 0 0 0 0 0 2 14 3 0 0 1 3 2 0 0 0 0 0 0 2 0 0 0 0 0 2 0 0 0 0 47 0 0 38 19 75 22 0 0 10 50 25 0 17 0 10 36 22 69 36 46 29 17 0 0 0 0 0 0 0 0 0 0 0 0 0 0 0 0 0 0 0 0 0 0 0 0 0 0 0 0 0 0 0 0 0 0 0 0 0 0 0 0 0 0 0 0 3 0 4 0 0 0 0 0 0 0 0 0 0 0 0 0 25 17 3 0 1 5 57 0 22 12 0 11 0 1 42 27 13 14 1 30 0 11 0 0 0 0 0 0 0 0 0 0 25 0 0 0 0 0 0 0 0 0 0 0 0 0 0 0 0 0 0 0 0 0 0 0 0 0 0 0 0 0 0 0 0 0 0 0 0 0 0 0 0 0 0 0 0 0 0 0 0 0 0 0 0 0 48 0 3 0 0 8 19 0 0 0 0 0 0 0 0 0 0 0 0 0 0 0 0 0 0 0 0 0 0 0 0 0 0 0 0 0 0 0 0 0 0 10 0 0 
 0 3 1 1 38 86 0 0 0 0 77 35 0 0 0 0 0 0 0 0 0 203 556 118 40 59 247 63 196 51 67 239 47 148 251 185 34 674 135 66 3 0 19 0 0 3 62 0 0 2 0 5 8 0 0 0 3 0 127 0 0 0 0 0 3 5 0 0 0 3 43 0 3 0 0 0 0 0 0 0 0 0 0 15 13 0 0 0 0 0 0 16 0 0 0 0 0 0 0 0 30 1 1 0 20 11 0 10 12 40 15 2 1 33 13 21 19 0 29 2 0 0 0 0 0 0 40 0 0 0 0 0 0 24 0 0 0 0 0 0 0 0 13 0 0 0 0 11 0 0 0 0 0 0 0 0 0 0 0 0 4 0 0 0 16 0 0 0 3 0 0 0 0 0 0 0 0 0 0 0 20 14 1 72 0 0 11 20 9 9 14 13 22 32 33 12 9 16 24 0 0 0 0 0 0 0 19 0 0 0 0 0 11 0 0 0 0 0 28 10 1 0 0 0 0 1 0 0 0 0 16 0 0 0 0 0 0 0 0 0 0 0 0 0 0 0 0 0 0 0 0 0 0 0 20 0 2 120 5 1 0 2 0 0 0 0 0 0 0 0 0 0 0 0 0 0 0 0 0 1 0 0 0 0 0 17 0 0 0 0 
 2 6 3 4 4 3 3 2 2 2 2 2 2 2 2 3 2 2 2 2 203 0 262 153 162 58 386 156 151 269 118 214 398 517 74 257 258 211 62 111 3 0 0 0 0 5 3 0 0 0 0 4 2 0 0 0 3 4 92 0 0 0 0 0 3 0 0 3 0 3 0 0 3 30 0 0 0 0 0 0 0 0 0 0 0 0 0 0 0 0 1 0 0 0 0 1 0 0 0 0 0 27 8 9 35 19 5 18 35 29 9 24 0 10 3 12 23 31 0 0 0 0 0 0 1 0 4 1 0 37 0 0 0 0 0 0 0 4 0 0 0 0 0 0 0 0 10 0 0 0 1 4 0 0 0 0 3 4 0 0 0 0 0 1 0 0 0 0 5 16 0 0 1 0 0 0 0 0 2 0 22 32 29 68 13 11 19 10 0 20 0 2 19 0 15 28 59 25 0 0 0 0 13 0 0 0 5 21 0 0 0 0 9 0 0 0 0 0 18 8 0 0 0 0 0 0 0 0 1 0 0 0 0 0 0 0 0 0 0 0 0 0 0 0 0 0 0 0 0 0 0 0 0 0 14 0 2 151 40 0 1 0 0 0 0 0 0 0 0 0 0 0 0 0 0 0 0 0 0 20 0 16 0 0 0 6 15 0 0 0 
 3 7 2 2 0 2 2 0 0 3 0 0 1 1 1 2 2 1 2 1 556 262 0 255 305 331 153 428 279 91 126 488 80 191 40 266 290 544 41 53 70 0 62 0 0 10 3 0 0 0 0 4 1 0 0 0 3 0 63 0 0 0 0 10 3 0 0 0 0 3 0 0 3 0 0 0 0 0 0 49 0 0 0 0 0 0 0 0 0 0 0 11 0 0 0 0 0 0 0 0 0 18 16 0 21 37 0 0 10 50 9 30 0 24 0 30 2 10 0 0 1 1 0 0 0 0 19 13 0 0 0 10 0 0 0 0 0 0 0 15 0 0 0 0 0 0 0 0 0 0 0 8 5 0 0 0 18 0 2 0 0 0 0 0 0 0 0 0 0 0 0 0 0 0 0 0 0 0 0 0 0 4 0 34 41 0 11 0 0 8 0 14 0 0 2 0 0 10 0 0 0 0 0 0 0 0 0 0 0 0 0 0 0 0 1 0 0 2 1 0 0 0 0 0 0 0 0 0 0 0 0 0 0 0 0 0 0 0 0 0 0 0 8 0 0 0 0 0 0 0 0 0 0 0 21 0 2 4 0 0 1 0 1 0 0 0 0 0 0 0 0 0 0 0 0 0 0 0 0 5 0 0 0 0 0 11 0 0 0 0 
 0 3 2 1 0 1 0 0 0 0 0 0 0 0 3 0 1 0 0 0 118 153 255 0 147 63 95 93 150 484 78 170 86 134 99 136 223 84 60 499 96 0 0 0 0 3 3 62 1 0 0 4 70 2 0 0 3 2 62 65 0 0 6 14 3 2 0 58 7 3 0 0 3 0 0 3 1 0 0 0 0 0 0 0 0 0 0 0 0 0 0 0 0 0 0 0 0 0 0 0 0 0 4 12 62 44 0 0 15 16 7 0 0 8 1 1 1 2 0 0 12 14 2 0 0 0 12 21 0 7 0 0 35 9 17 18 0 0 10 0 0 0 0 7 0 0 0 0 0 0 12 0 0 0 0 0 0 0 0 0 0 0 0 0 0 0 0 0 3 0 0 0 0 0 35 0 0 0 0 0 1 0 1 18 19 15 13 1 20 9 22 24 0 1 0 0 0 10 0 0 10 12 0 0 0 0 29 0 2 0 13 0 11 23 46 0 12 30 35 31 0 0 0 0 0 0 0 0 0 0 0 0 0 0 1 0 0 0 0 0 0 0 0 0 0 0 0 0 0 0 0 0 0 0 1 1 0 80 2 0 14 2 0 0 0 0 0 0 0 0 0 0 0 0 0 0 0 0 0 0 0 0 0 0 0 0 0 0 0 0 
 0 0 0 0 2 2 0 0 0 0 0 0 0 2 0 0 0 2 3 0 40 162 305 147 0 107 251 178 150 103 251 264 71 299 605 177 203 177 64 178 3 0 0 0 0 21 3 0 0 0 0 5 0 0 0 0 3 0 62 0 0 0 0 9 3 0 0 50 0 3 0 0 3 0 0 0 0 0 0 0 0 2 0 0 6 0 1 0 0 0 0 0 0 0 0 0 0 0 0 0 0 3 16 24 11 11 0 10 0 17 14 11 0 0 0 18 12 31 0 0 0 2 9 0 0 0 16 19 8 0 0 0 27 20 0 0 0 0 10 12 0 0 0 0 0 0 0 0 0 2 0 5 0 0 0 0 4 0 3 0 0 0 0 0 0 0 1 2 0 0 2 0 0 0 0 0 0 0 0 16 0 26 43 16 28 14 10 6 9 13 19 0 0 2 16 27 19 8 0 0 9 0 0 0 0 0 15 18 8 0 0 0 1 1 0 0 0 0 18 1 0 0 0 0 0 0 0 0 0 0 0 0 0 0 0 0 0 0 0 12 0 0 4 0 0 0 0 0 0 0 0 0 0 0 9 2 2 1 0 0 20 0 0 0 0 0 8 0 0 0 0 0 0 0 0 0 0 0 0 18 0 0 0 0 0 11 0 0 0 0 
 0 6 0 2 2 4 2 0 0 3 0 0 3 0 0 3 0 0 5 0 59 58 331 63 107 0 31 91 40 56 144 79 41 250 274 152 151 54 53 58 129 66 140 1 0 50 35 4 35 4 67 3 86 0 65 0 72 30 134 68 25 0 0 0 3 0 0 0 0 3 5 0 3 0 0 0 0 0 0 4 0 0 0 0 0 0 0 0 0 0 8 0 0 0 0 0 0 0 0 0 0 0 10 0 26 22 0 0 0 7 0 11 2 3 0 12 24 15 0 0 4 0 0 19 33 0 35 1 18 36 0 9 58 12 30 39 8 8 46 20 0 0 0 1 1 0 0 0 0 0 0 4 5 0 0 0 3 0 0 0 0 0 0 2 0 0 0 0 2 0 0 0 0 0 0 0 1 0 0 0 0 14 0 35 35 30 8 0 23 12 0 2 0 0 18 0 11 0 0 0 27 0 33 0 0 0 3 21 19 3 0 0 53 7 40 19 11 0 12 27 2 0 0 0 0 0 0 0 0 0 0 0 0 2 0 9 0 0 0 0 0 0 0 0 0 0 0 0 0 0 0 0 0 0 2 1 6 1 1 0 22 0 0 0 0 0 0 0 0 0 0 0 0 0 0 0 0 0 0 0 0 0 16 0 1 0 0 11 0 0 
 3 4 27 78 106 157 6 3 2 3 2 32 6 4 3 25 2 2 2 3 247 386 153 95 251 31 0 103 257 46 257 43 245 171 113 402 108 35 221 224 3 0 0 2 0 3 3 0 0 0 0 89 0 0 0 0 3 0 0 0 0 0 44 0 3 4 0 0 0 3 0 0 3 0 0 0 0 0 0 0 0 0 0 25 23 36 0 0 0 0 1 0 0 0 0 0 0 0 0 0 40 79 21 1 15 0 7 1 18 11 11 0 0 9 30 19 0 8 30 12 18 0 0 0 0 0 0 0 0 0 13 0 0 0 0 0 0 0 0 0 0 6 0 0 0 7 0 0 0 0 0 0 0 0 0 0 0 0 1 0 0 0 0 2 0 0 0 0 30 8 0 0 0 0 0 0 0 0 0 0 6 0 63 8 0 0 42 10 15 16 0 1 24 40 28 11 0 0 13 13 20 0 0 0 0 24 0 0 0 0 0 0 0 0 0 0 0 0 0 1 0 0 0 0 0 0 22 0 0 0 0 0 0 2 0 0 0 0 0 0 0 18 0 0 0 0 0 0 0 0 0 0 0 0 11 1 0 85 0 0 0 0 0 0 0 0 0 0 0 0 0 0 0 0 0 0 0 0 0 0 0 0 0 0 1 0 15 0 0 0 
 3 6 1 2 3 153 2 2 1 1 60 1 5 81 1 4 4 1 1 2 63 156 428 93 178 91 103 0 186 51 133 367 130 241 157 55 89 58 64 37 3 0 0 1 0 3 3 36 0 0 0 8 0 0 3 0 4 1 0 0 2 0 0 2 5 0 0 0 0 5 2 2 3 1 0 0 0 0 0 0 0 0 0 0 3 0 0 0 0 0 0 2 0 0 0 0 0 0 0 0 0 0 34 26 27 13 14 41 16 10 22 32 2 0 7 19 34 2 12 27 0 0 0 0 0 0 0 0 0 0 0 0 18 0 0 0 0 0 0 0 0 0 0 0 1 0 14 0 0 0 0 8 0 0 0 0 4 0 0 0 15 0 0 2 0 0 0 0 0 0 0 0 0 0 0 0 1 61 0 0 30 40 4 19 13 9 11 20 39 23 0 29 0 26 25 10 52 40 18 18 0 0 0 1 0 0 22 18 19 11 0 0 0 0 0 0 9 0 0 0 2 0 0 0 0 0 0 0 0 0 0 0 0 2 0 0 0 0 0 0 0 0 0 0 0 0 1 0 0 0 13 0 0 0 6 0 1 0 1 0 0 2 0 0 0 0 9 0 0 0 0 0 0 0 0 2 14 0 0 0 0 0 0 0 1 0 19 0 0 0 
 0 3 0 4 1 1 0 0 1 0 0 73 3 0 0 0 1 0 0 78 196 151 279 150 150 40 257 186 0 58 106 179 120 160 314 135 113 93 63 203 6 0 0 0 0 7 3 0 0 0 0 5 0 0 0 0 6 3 31 0 0 0 0 50 3 2 0 0 0 3 0 2 3 0 0 0 0 0 0 0 0 0 0 0 0 1 0 0 0 0 0 1 0 0 0 0 0 0 0 0 8 26 0 6 25 0 0 9 47 1 29 19 0 8 1 8 0 12 11 1 0 0 0 0 0 0 11 0 0 0 0 11 0 0 0 0 0 0 0 0 0 0 0 0 0 2 0 0 0 0 0 0 2 0 0 0 0 0 2 0 7 1 0 13 0 0 0 0 7 0 0 0 0 0 0 0 0 0 0 0 16 6 14 16 30 11 0 1 13 10 10 13 0 8 11 34 11 28 8 0 0 0 0 0 0 0 0 0 0 0 0 0 0 0 0 0 0 0 12 0 0 0 0 0 0 0 0 34 0 0 0 0 0 0 0 0 0 0 0 0 0 0 0 0 0 0 0 0 0 0 0 0 0 1 4 0 0 85 1 4 2 0 0 0 20 0 0 0 0 0 0 0 1 0 0 0 0 0 0 12 0 23 1 0 0 8 0 7 0 0 
 3 3 7 3 3 75 3 3 3 77 3 3 3 3 3 3 4 3 3 3 51 269 91 484 103 56 46 51 58 0 193 39 273 82 116 162 217 136 78 191 65 2 0 2 0 3 3 0 3 0 0 5 19 3 2 0 3 0 61 1 54 0 0 0 3 0 0 0 0 3 0 0 3 0 0 0 0 1 0 0 0 0 0 0 0 0 0 0 0 0 0 0 2 0 0 0 0 0 0 0 17 0 8 24 3 13 0 9 13 0 0 0 0 0 0 9 0 0 0 0 0 24 0 0 0 0 12 15 0 0 0 0 36 31 0 15 0 0 9 13 0 0 0 0 0 2 0 0 0 0 0 0 0 0 0 0 0 0 0 7 2 0 0 5 0 0 0 0 2 0 0 0 0 0 0 0 0 0 0 0 0 25 10 18 0 17 13 13 17 0 19 0 0 8 0 0 0 9 0 0 0 12 0 0 0 0 1 0 12 0 0 0 9 0 0 0 8 0 11 18 0 0 0 1 0 0 0 0 0 0 0 0 0 0 0 0 0 0 0 0 0 0 1 0 0 0 0 0 0 0 0 0 0 0 9 2 4 79 3 4 17 19 0 0 0 0 0 0 0 0 0 0 0 0 0 0 0 0 0 0 0 0 0 0 0 0 0 0 0 0 
 3 6 3 5 3 3 3 3 3 3 3 5 7 3 3 3 3 3 3 4 67 118 126 78 251 144 257 133 106 193 0 500 60 90 119 409 268 55 243 67 24 0 1 0 0 15 3 0 0 0 0 6 0 0 0 0 3 3 64 62 4 0 0 0 3 0 0 0 0 3 0 0 4 0 0 0 0 56 0 0 0 0 0 0 0 0 0 0 0 0 0 0 0 2 0 0 0 0 1 0 0 6 8 33 4 18 0 2 0 24 6 13 0 3 0 0 1 23 0 0 12 49 0 0 0 0 13 10 0 0 0 0 43 9 50 18 0 2 9 10 0 0 0 0 0 0 2 0 0 0 18 0 0 0 0 0 0 0 0 0 0 0 0 0 0 0 0 0 10 0 0 0 0 0 0 0 0 0 0 0 10 7 12 30 11 18 0 14 22 10 10 0 0 0 0 22 24 44 1 0 0 12 0 0 0 0 32 0 2 0 13 0 9 0 23 0 15 0 43 15 0 0 0 0 0 0 0 0 0 0 0 0 0 0 0 0 0 0 0 0 0 0 0 0 0 2 0 0 0 0 0 0 0 0 3 0 1 20 2 2 16 0 0 0 0 0 8 0 0 0 0 0 0 0 0 0 1 0 0 18 0 14 0 0 0 1 1 0 0 0 
 0 0 0 0 0 0 0 0 0 2 0 0 0 0 0 0 1 0 0 0 239 214 488 170 264 79 43 367 179 39 500 0 36 77 56 77 314 376 25 36 63 2 0 0 0 13 3 59 0 0 2 8 24 0 5 0 3 3 2 0 2 0 4 7 3 0 0 0 12 3 0 0 7 0 0 2 6 4 0 1 0 0 0 0 0 0 0 0 0 0 0 0 0 0 0 0 0 0 0 0 0 0 8 9 7 42 0 12 9 10 0 48 0 0 0 12 10 55 0 0 11 13 22 0 0 0 11 1 0 0 0 0 1 9 0 0 0 0 10 3 0 0 0 24 0 0 0 0 0 0 0 2 0 0 0 0 3 0 0 0 14 0 0 0 0 0 0 0 0 0 0 0 0 0 0 0 0 0 0 0 21 14 14 37 9 11 6 0 0 21 0 22 0 1 11 12 23 39 0 0 4 0 0 0 0 0 10 7 0 0 0 1 9 1 7 10 1 21 0 1 0 0 0 0 0 0 0 0 1 0 0 0 0 0 0 0 0 0 0 0 0 0 0 0 0 0 0 0 0 0 0 0 0 0 2 0 2 0 2 6 1 0 1 0 0 0 0 0 0 0 0 0 0 0 0 0 0 0 0 0 0 14 0 0 0 1 0 0 0 0 
 1 0 0 1 136 153 1 1 77 0 1 77 2 1 0 0 1 0 2 1 47 398 80 86 71 41 245 130 120 273 60 36 0 380 95 328 239 43 117 295 3 0 0 0 0 3 3 4 0 0 0 5 8 0 0 0 3 4 69 0 0 0 0 0 3 0 0 6 0 3 2 3 3 0 0 0 0 5 0 0 1 0 0 13 1 13 0 0 0 0 0 0 0 0 0 0 0 0 0 0 30 3 1 4 0 0 0 2 30 9 0 8 0 7 18 1 9 16 24 14 19 0 0 0 0 0 0 0 0 0 0 0 1 0 1 0 1 2 1 0 0 0 0 0 0 6 0 0 0 0 0 0 0 0 1 0 0 0 0 0 0 17 0 4 0 0 0 0 0 20 0 13 0 0 0 0 0 2 0 0 9 1 33 0 5 0 3 10 15 32 0 0 0 19 18 0 16 24 34 2 0 0 10 0 0 0 0 0 0 9 0 0 0 0 0 0 0 0 0 0 0 0 0 0 1 2 0 0 0 0 0 1 0 0 0 0 0 0 0 0 0 0 0 0 0 0 0 0 1 20 0 0 0 0 7 10 2 0 0 2 0 0 0 0 0 0 0 0 0 0 0 0 0 0 0 0 0 0 0 0 0 19 0 0 0 0 0 0 0 0 
 2 7 9 4 151 78 2 2 79 2 71 126 2 46 2 4 5 2 2 2 148 517 191 134 299 250 171 241 160 82 90 77 380 0 111 414 97 28 427 486 3 2 0 0 0 11 3 0 0 3 58 8 1 0 3 0 6 0 65 0 4 0 3 0 3 0 0 4 0 3 31 0 7 0 0 2 0 4 5 0 0 0 0 0 21 20 0 0 0 0 0 1 0 0 0 0 0 7 0 0 14 48 0 1 29 0 15 35 12 10 4 31 15 14 11 23 11 20 2 0 17 0 0 0 0 0 9 0 0 0 0 0 0 0 0 0 0 0 0 0 3 0 0 0 0 0 14 0 0 0 0 0 0 6 0 0 0 0 1 0 0 0 0 21 0 0 0 0 0 8 0 0 0 0 0 0 0 0 0 0 10 7 14 8 0 13 16 0 11 30 0 0 1 0 22 0 34 13 16 0 0 0 0 0 0 0 0 0 13 12 0 0 0 0 0 0 0 0 0 0 0 0 0 0 0 0 0 0 0 0 0 2 0 0 0 0 0 0 10 0 0 0 1 0 0 0 0 0 0 0 1 0 0 0 8 0 0 41 0 0 1 0 0 0 0 0 0 0 0 0 0 0 0 0 1 0 0 0 0 0 0 23 0 0 0 8 8 0 0 0 
 0 2 6 77 3 222 0 1 0 0 0 0 0 0 0 0 0 0 0 0 251 74 40 99 605 274 113 157 314 116 119 56 95 111 0 249 208 49 347 89 3 0 0 0 1 3 3 65 0 0 0 5 4 0 0 0 3 0 62 0 0 0 0 0 3 0 0 0 0 3 0 0 3 0 0 0 0 0 3 0 0 0 0 17 0 0 0 0 0 0 0 22 0 0 0 0 0 0 0 0 46 19 30 13 7 9 20 1 3 32 20 0 0 27 21 7 4 0 28 11 0 0 0 0 0 0 1 11 0 0 11 0 11 0 0 14 0 0 0 0 0 0 0 0 0 3 0 0 0 0 0 0 0 0 0 1 0 0 0 0 0 0 0 0 0 0 0 0 5 0 0 0 1 13 0 0 0 0 0 0 0 56 14 20 0 3 18 45 30 0 17 0 12 36 11 27 47 12 1 0 0 0 0 0 0 0 23 0 0 0 0 0 11 0 0 2 0 0 0 8 0 1 0 0 0 0 0 0 0 0 0 0 0 0 0 0 0 0 0 0 0 0 0 0 0 0 0 0 62 0 0 1 0 0 8 0 1 1 42 2 2 0 0 0 0 0 7 0 0 0 0 0 0 0 0 0 0 0 0 0 0 0 0 0 0 0 0 0 0 0 
 0 5 0 0 1 4 0 0 0 0 0 0 0 0 0 3 0 0 0 1 185 257 266 136 177 152 402 55 135 162 409 77 328 414 249 0 165 434 259 73 3 0 0 0 0 10 3 0 0 0 0 5 0 0 0 0 3 1 28 0 0 0 0 0 3 2 0 0 0 3 0 0 3 0 47 0 0 0 0 0 0 2 0 24 0 0 0 0 0 0 0 0 0 0 0 0 0 0 0 0 4 7 0 0 29 11 19 13 28 34 17 17 0 30 62 0 13 38 0 0 0 2 0 0 5 0 12 0 0 0 0 0 1 0 0 0 0 0 0 0 2 0 0 0 0 5 0 0 0 2 0 0 0 0 0 0 1 0 4 0 18 0 0 0 0 0 0 2 4 0 0 0 0 0 0 0 0 0 0 0 19 5 21 28 0 20 29 40 11 25 0 1 30 1 22 22 27 26 0 0 0 0 0 0 0 0 8 0 0 0 0 0 9 0 0 0 0 0 0 8 0 0 0 0 0 0 0 0 0 0 0 0 0 0 0 0 0 0 13 2 0 0 0 0 0 0 0 0 0 0 0 0 0 0 9 2 0 150 74 2 2 0 0 0 0 0 0 0 0 0 0 0 0 0 0 0 0 0 0 0 0 25 0 0 0 0 12 0 0 0 
 3 3 3 3 3 3 3 3 4 3 3 4 3 3 5 4 3 3 3 4 34 258 290 223 203 151 108 89 113 217 268 314 239 97 208 165 0 517 98 63 3 0 0 0 0 3 3 0 0 0 0 9 0 0 0 0 3 0 1 0 0 0 0 0 3 58 0 0 0 3 0 0 3 0 0 0 0 2 0 0 0 0 0 0 0 0 0 0 0 0 0 0 0 0 10 0 0 9 0 0 12 7 18 13 25 2 2 14 12 13 33 15 0 25 3 30 20 38 0 0 0 0 0 0 0 0 15 0 0 0 0 11 21 0 0 0 0 0 9 0 0 0 0 1 0 0 0 0 0 0 0 0 25 0 0 0 0 0 5 0 0 0 0 0 0 0 0 0 0 0 0 0 0 0 0 0 0 0 0 1 0 42 3 16 28 49 30 8 31 13 14 10 0 14 0 27 11 1 0 0 0 0 1 0 0 0 12 0 0 0 0 0 0 18 0 0 0 0 16 11 0 0 0 0 0 0 0 0 0 0 0 0 0 0 0 0 0 0 1 0 0 0 0 0 0 0 0 0 0 0 0 0 0 0 14 1 3 0 0 0 46 0 0 0 0 0 8 0 0 0 0 0 0 0 0 0 0 0 0 0 0 17 0 0 0 0 12 0 0 0 
 0 0 0 0 2 72 1 0 0 0 0 2 0 0 1 2 0 0 0 0 674 211 544 84 177 54 35 58 93 136 55 376 43 28 49 434 517 0 247 37 30 0 0 0 0 4 3 61 0 0 0 6 63 0 0 0 3 0 0 0 0 0 3 9 3 0 3 0 7 3 0 0 7 0 0 0 0 0 0 0 0 0 0 0 0 0 0 0 1 0 0 0 0 0 0 0 0 0 0 0 12 1 8 0 0 7 0 2 0 0 0 0 0 0 0 22 0 0 0 0 1 0 11 0 0 0 14 15 7 0 0 0 15 19 0 0 0 0 8 16 0 0 0 1 0 0 0 0 0 0 0 2 2 0 0 0 0 0 0 0 0 0 0 0 0 1 0 0 0 21 2 1 25 0 0 0 0 0 0 12 0 12 6 0 12 13 13 6 8 0 32 1 0 9 14 1 0 17 20 0 18 0 0 0 0 0 1 0 7 0 0 0 0 23 9 0 2 14 12 0 0 0 0 0 0 0 2 0 0 0 0 0 0 0 0 0 0 0 0 0 0 0 9 0 0 0 0 0 0 0 0 0 0 0 3 0 0 0 4 4 16 3 0 0 0 0 0 0 0 0 0 0 0 0 0 0 0 0 0 0 0 0 0 0 0 0 0 0 0 0 
 0 98 116 25 160 102 0 1 172 74 25 148 0 0 2 148 27 35 0 0 135 62 41 60 64 53 221 64 63 78 243 25 117 427 347 259 98 247 0 199 3 0 0 0 0 3 3 0 0 0 0 3 0 0 201 0 3 0 0 0 0 0 0 0 4 0 4 0 0 3 44 1 3 0 0 0 0 50 0 0 0 13 0 19 64 9 0 0 0 0 9 20 0 3 0 0 0 0 0 0 44 15 6 0 0 0 19 3 0 5 15 0 50 12 38 17 15 0 9 40 19 0 0 0 0 0 0 0 0 0 13 0 0 0 0 0 0 0 0 0 3 0 0 2 0 0 0 0 0 0 0 0 0 24 0 0 0 0 0 0 0 10 14 9 14 9 0 0 19 24 10 19 0 0 0 1 0 9 0 0 0 1 0 0 0 0 14 20 0 0 0 0 0 23 51 12 0 0 35 25 0 0 2 0 0 0 0 0 0 0 0 0 0 0 13 0 0 0 0 0 0 10 0 0 0 0 0 0 0 0 0 0 10 0 2 0 0 0 2 0 0 12 0 0 0 0 0 0 0 1 21 0 0 0 13 2 2 0 0 0 0 0 0 0 0 0 0 0 0 0 0 0 0 0 0 10 15 0 0 0 0 0 0 0 0 0 0 0 0 0 
 0 77 24 2 36 1 0 76 89 0 73 86 0 0 1 74 75 1 74 0 66 111 53 499 178 58 224 37 203 191 67 36 295 486 89 73 63 37 199 0 3 1 0 0 0 3 3 0 0 0 0 67 8 0 0 0 3 3 7 0 0 0 0 0 3 5 0 0 0 7 46 0 3 0 0 0 0 0 0 0 0 14 0 0 11 23 0 0 10 0 10 3 0 0 0 0 0 0 0 0 29 4 0 6 0 14 3 11 20 8 0 14 0 0 9 32 26 15 20 1 18 0 0 0 0 0 0 7 0 0 0 0 0 0 0 0 0 0 0 0 4 0 0 0 0 0 0 0 6 0 0 0 0 3 0 0 0 0 0 0 0 1 10 4 28 41 0 0 0 15 1 0 0 0 0 0 0 10 0 0 41 1 9 20 0 0 5 0 0 20 16 1 19 12 40 0 10 23 59 1 0 0 0 0 0 0 0 0 0 0 0 0 0 0 0 0 0 0 0 0 0 0 0 0 0 0 0 0 0 0 0 0 0 0 0 0 0 0 0 0 0 0 0 0 0 0 0 0 0 0 11 0 0 0 6 3 0 75 0 0 0 1 0 0 0 0 0 0 0 0 0 0 0 0 0 15 24 22 0 0 0 15 0 0 0 0 0 0 0 0 
 0 0 0 2 0 1 0 0 0 2 0 0 0 0 45 4 0 0 0 0 3 3 70 96 3 129 3 3 6 65 24 63 3 3 3 3 3 30 3 3 0 314 148 109 21 55 211 110 41 20 64 33 161 114 42 30 253 334 45 328 51 0 6 8 1 0 0 2 6 1 1 4 0 0 7 0 3 2 5 0 0 0 0 0 0 0 0 0 0 0 0 0 0 0 0 0 0 0 0 0 0 0 15 7 0 3 0 0 0 1 3 0 0 0 0 0 0 0 0 0 13 16 10 0 0 0 11 10 8 7 0 0 23 40 32 19 15 6 6 64 0 0 2 4 0 0 0 9 2 0 1 0 0 0 6 0 3 0 0 0 0 0 0 0 0 0 2 0 0 0 4 0 0 0 0 0 0 0 0 5 0 0 0 0 11 0 0 0 0 0 31 1 0 0 0 0 0 11 0 0 21 12 0 0 0 0 20 0 14 0 9 7 0 18 61 0 10 82 34 7 0 1 0 6 2 0 0 0 0 0 0 0 0 0 0 9 0 0 0 0 0 0 0 0 0 1 0 0 0 0 0 11 0 0 0 2 0 25 0 15 0 0 0 0 0 2 2 0 0 0 0 0 0 0 0 0 0 0 0 0 0 0 0 0 0 0 0 5 1 0 
 0 0 0 0 0 0 0 0 0 0 0 2 0 0 0 0 0 0 0 0 0 0 0 0 0 66 0 0 0 2 0 2 0 2 0 0 0 0 0 1 314 0 255 65 25 117 163 101 172 42 87 259 58 113 644 39 75 120 41 383 0 4 0 0 0 0 4 0 1 0 25 0 4 0 29 6 45 0 79 4 0 0 0 0 0 0 0 0 6 0 0 0 0 0 0 0 0 0 0 0 0 0 0 0 0 0 0 0 0 0 0 0 0 0 0 0 0 0 0 0 34 7 14 0 24 10 16 9 12 0 24 37 0 26 41 9 19 0 10 5 0 0 4 29 0 0 7 5 1 0 0 0 22 0 0 0 0 3 0 0 0 0 0 0 0 0 0 0 0 0 0 0 0 0 0 0 4 0 0 0 0 0 0 0 0 0 0 0 0 0 0 14 0 0 0 0 0 0 0 0 0 12 10 12 14 13 22 30 22 0 33 0 13 0 18 19 38 0 0 2 0 3 0 14 1 0 0 36 0 21 0 0 10 0 0 2 0 0 11 0 0 0 0 0 0 0 0 0 0 0 0 11 0 1 0 0 0 0 0 0 0 0 0 1 2 4 2 0 0 0 4 0 0 0 0 0 0 0 0 0 0 0 0 0 0 0 0 13 0 0 
 0 0 0 0 0 0 0 2 0 0 0 0 0 0 0 2 0 0 0 0 19 0 62 0 0 140 0 0 0 0 1 0 0 0 0 0 0 0 0 0 148 255 0 127 45 41 305 187 243 49 59 34 100 75 64 40 237 107 64 162 0 0 0 0 0 15 0 0 0 0 4 0 0 0 0 0 0 0 17 4 0 0 0 0 0 0 0 0 0 0 0 0 0 15 0 0 0 0 0 0 0 0 0 0 0 0 0 0 0 0 8 0 0 0 0 0 0 0 0 0 0 0 2 11 0 0 0 27 46 17 0 18 0 33 44 9 34 0 0 10 0 0 0 0 0 0 0 0 0 0 0 0 0 0 0 0 20 0 0 0 0 0 0 0 0 0 4 0 0 0 2 0 0 0 0 0 0 0 0 2 0 0 0 0 0 0 0 0 0 0 0 0 0 0 0 0 0 16 0 0 7 1 53 0 0 12 0 19 14 41 0 14 0 0 0 2 34 26 19 0 0 0 0 0 11 0 11 0 0 0 15 0 23 0 0 0 0 0 2 0 0 0 0 0 0 0 0 0 0 0 0 5 0 0 0 15 0 0 0 9 0 0 64 0 0 15 0 0 0 0 0 0 0 0 0 0 0 0 0 0 0 0 0 0 1 0 0 22 2 14 
 3 12 2 3 6 3 3 3 3 4 3 3 5 3 3 3 3 3 3 3 0 0 0 0 0 1 2 1 0 2 0 0 0 0 0 0 0 0 0 0 109 65 127 0 67 99 104 84 110 213 296 107 257 123 182 116 88 118 88 137 0 0 0 0 0 0 0 0 0 0 1 51 0 1 11 0 0 2 0 0 0 0 0 0 0 0 0 0 0 0 0 0 0 0 0 0 0 0 0 7 0 0 0 0 5 0 0 0 0 0 0 15 0 0 0 0 0 0 0 0 2 16 12 11 13 10 12 14 1 9 21 0 8 0 0 28 0 62 15 1 0 0 5 3 0 0 0 0 0 0 0 0 0 10 0 0 0 0 43 11 0 0 0 0 0 0 2 0 0 0 0 0 0 0 7 0 0 0 0 0 0 0 0 9 0 12 0 0 1 0 0 2 0 0 0 0 0 0 0 0 0 1 33 20 0 0 12 5 9 23 8 19 20 8 31 8 0 2 4 8 0 0 0 0 0 0 0 0 0 0 0 0 0 9 1 0 0 0 35 9 0 0 0 0 0 0 0 0 0 0 0 6 0 0 0 0 0 0 5 13 0 0 0 2 0 20 2 67 0 0 10 0 0 0 0 0 0 0 0 0 0 0 0 0 0 22 0 0 2 0 
 0 3 0 0 0 0 0 0 0 1 0 0 3 0 0 3 0 0 0 0 0 0 0 0 0 0 0 0 0 0 0 0 0 0 1 0 0 0 0 0 21 25 45 67 0 129 42 81 96 92 138 41 101 95 72 88 106 269 53 95 0 0 0 0 0 0 53 0 0 0 0 0 51 0 0 6 0 0 0 56 0 0 0 0 17 0 0 0 5 0 0 0 0 0 0 0 0 0 0 0 0 0 0 0 0 0 0 0 0 0 0 0 0 0 0 0 17 0 0 0 0 0 11 8 0 0 0 0 0 0 12 1 0 0 0 0 12 0 0 0 9 0 0 0 19 0 0 9 4 0 0 0 10 20 20 8 0 10 6 0 0 8 0 0 0 0 0 0 0 0 0 0 4 0 0 0 1 0 0 0 0 0 0 0 0 0 0 0 0 0 0 0 0 0 0 0 0 0 0 0 1 11 3 11 68 14 0 0 12 27 0 9 0 0 0 1 0 0 0 0 24 7 0 17 13 0 0 0 8 19 0 0 30 1 0 0 0 0 0 18 0 0 0 0 0 0 0 0 0 0 0 12 0 0 0 0 0 0 0 1 0 0 6 0 2 2 0 0 0 0 0 0 0 0 0 0 0 0 0 0 0 0 0 0 6 0 0 0 2 6 
 3 2 2 2 2 2 2 2 2 3 2 2 3 2 2 5 2 2 2 2 3 5 10 3 21 50 3 3 7 3 15 13 3 11 3 10 3 4 3 3 55 117 41 99 129 0 126 179 309 210 191 186 189 284 338 180 406 330 47 120 1 0 0 0 0 0 0 0 0 0 0 0 27 3 7 0 0 0 3 0 0 0 0 0 1 11 5 0 0 0 0 0 0 0 0 0 0 0 0 0 0 0 0 0 0 0 0 1 0 0 0 0 0 0 0 9 0 0 5 0 0 0 32 0 0 32 0 0 0 31 18 27 0 0 0 7 46 0 0 4 0 6 0 0 0 0 15 12 0 0 0 0 19 19 0 0 0 13 0 2 0 0 10 0 0 0 10 0 0 0 0 0 0 0 0 0 5 0 0 0 1 0 12 5 0 0 0 0 0 1 0 0 0 0 0 0 1 1 0 0 0 39 8 20 5 11 0 19 0 44 22 7 0 0 0 10 0 10 0 0 6 0 0 0 33 0 10 0 0 0 0 0 24 7 20 0 9 0 17 28 0 0 8 0 0 0 0 0 2 0 0 6 0 0 0 0 0 0 0 0 1 0 70 67 89 0 0 5 0 0 0 0 0 18 0 0 0 0 0 0 0 0 0 0 1 3 0 0 1 0 
 0 0 0 0 0 0 0 0 0 0 0 0 0 0 0 3 0 0 0 0 62 3 3 3 3 35 3 3 3 3 3 3 3 3 3 3 3 3 3 3 211 163 305 104 42 126 0 161 101 98 127 314 106 225 332 29 37 90 352 181 0 0 0 0 0 0 201 0 0 0 10 0 0 1 0 0 2 0 43 4 0 0 0 0 0 0 0 0 0 0 0 0 0 0 0 0 0 0 0 0 0 0 0 0 0 0 0 0 0 0 8 0 0 0 0 0 0 0 0 0 0 0 26 0 9 26 0 11 23 0 0 20 0 19 67 7 2 0 0 23 0 0 0 0 0 0 0 0 0 0 0 0 0 0 0 0 0 0 0 0 0 0 0 0 0 0 1 0 0 0 4 0 0 0 0 0 0 0 0 4 0 0 0 0 0 0 0 0 0 0 10 0 0 0 0 0 0 0 0 0 27 1 30 6 0 0 0 24 41 19 0 1 8 52 0 9 37 24 22 7 0 0 0 0 0 0 10 0 0 0 0 0 0 0 0 0 0 0 20 0 0 0 0 0 0 0 0 0 0 0 0 14 0 0 64 0 0 0 0 11 0 0 67 0 0 20 0 0 0 0 11 0 0 0 0 0 0 0 0 0 0 0 0 0 0 0 0 11 2 0 
 0 0 0 0 0 0 0 0 0 0 0 0 0 0 0 0 0 0 0 0 0 0 0 62 0 4 0 36 0 0 0 59 4 0 65 0 0 61 0 0 110 101 187 84 81 179 161 0 101 49 71 243 158 427 303 22 27 299 129 40 0 52 37 2 0 0 1 0 3 0 2 0 0 0 0 0 6 2 54 0 0 0 0 0 0 0 0 0 0 0 0 0 0 0 0 0 0 0 0 0 0 0 0 0 0 14 0 0 0 0 0 0 0 0 0 0 0 0 0 0 13 14 17 0 12 34 9 0 0 10 34 18 0 15 5 0 19 6 7 0 0 0 0 9 0 0 6 0 0 0 0 0 19 0 0 0 0 0 7 0 0 0 14 0 0 0 0 0 18 0 0 0 0 0 0 0 15 0 0 0 0 0 0 0 0 0 0 0 6 3 0 9 0 0 0 0 0 0 0 0 38 14 15 21 0 65 0 0 14 15 17 8 1 27 9 18 13 34 0 0 0 0 0 0 0 0 2 0 0 0 0 0 10 0 0 0 0 0 19 1 0 0 0 0 0 0 0 0 0 0 0 7 0 2 0 0 0 0 0 2 0 0 36 1 0 1 4 0 0 0 0 0 0 0 0 0 0 0 0 0 0 0 0 0 14 0 0 0 0 0 
 0 0 0 0 0 0 0 0 0 0 0 0 1 0 0 0 0 0 0 0 0 0 0 1 0 35 0 0 0 3 0 0 0 0 0 0 0 0 0 0 41 172 243 110 96 309 101 101 0 88 183 28 188 183 154 67 464 38 168 347 0 4 0 0 0 0 56 6 0 0 9 50 4 1 4 5 9 2 7 5 0 0 0 0 0 0 0 0 0 0 0 0 0 0 0 10 0 0 0 0 0 0 0 0 0 0 0 0 0 0 0 0 0 0 0 0 0 0 0 0 0 0 0 0 0 0 0 13 23 2 8 20 0 17 33 51 6 7 0 23 0 0 0 0 0 0 0 0 0 6 0 0 0 0 2 0 0 3 0 0 0 0 0 0 0 0 0 0 0 0 0 0 0 0 0 0 14 0 0 0 0 0 0 0 0 0 0 0 0 0 0 0 0 0 0 0 0 0 0 0 0 2 79 1 12 0 0 57 30 13 3 13 8 0 13 10 50 0 20 7 9 3 0 0 9 0 0 6 27 0 0 0 56 0 0 0 0 0 41 0 0 0 0 0 0 0 0 0 0 0 0 2 0 0 0 0 0 1 0 1 0 0 0 34 2 2 0 0 0 0 5 0 0 0 0 0 0 0 0 0 0 0 0 0 24 0 0 20 2 0 
 0 2 4 0 3 0 0 0 2 0 0 0 0 9 0 0 0 0 0 0 2 0 0 0 0 4 0 0 0 0 0 0 0 3 0 0 0 0 0 0 20 42 49 213 92 210 98 49 88 0 75 78 137 144 253 182 32 103 164 144 0 0 0 5 2 4 0 1 0 3 2 95 62 0 6 2 0 4 0 0 0 0 0 0 0 0 0 0 0 0 0 0 40 0 0 0 0 0 0 0 0 0 0 0 0 0 0 0 0 0 0 14 12 0 0 0 0 0 0 0 0 18 59 18 4 29 0 9 0 14 25 0 0 0 0 21 0 38 0 0 0 9 3 1 0 0 0 0 0 0 0 0 10 21 1 0 0 10 6 17 0 0 0 0 0 0 6 0 0 0 0 0 8 0 0 0 0 0 0 0 0 0 0 0 0 0 0 0 0 0 0 0 2 0 0 0 0 0 0 0 47 2 12 16 11 0 0 1 11 36 12 0 0 6 19 0 0 0 0 0 0 0 0 0 1 0 0 0 0 0 0 0 5 2 0 0 0 0 65 22 0 0 0 0 0 0 0 0 0 0 0 2 0 0 0 0 0 0 0 2 0 28 2 5 2 21 0 80 0 0 22 0 0 0 0 0 2 0 0 0 0 0 0 0 3 9 0 0 0 0 
 0 7 0 0 0 0 0 0 0 0 0 0 0 0 0 0 0 0 0 0 0 0 0 0 0 67 0 0 0 0 0 2 0 58 0 0 0 0 0 0 64 87 59 296 138 191 127 71 183 75 0 346 63 30 124 86 95 121 48 133 0 6 0 0 0 0 53 5 2 0 29 0 106 0 53 8 6 0 108 54 0 0 0 0 0 0 0 0 0 0 0 19 0 0 0 0 0 0 0 0 0 0 0 0 0 0 0 0 0 0 13 0 0 0 0 0 0 0 0 0 0 0 13 6 20 36 0 0 18 0 1 25 0 0 21 0 12 1 0 8 0 0 0 0 0 0 29 0 0 5 0 0 17 13 0 0 0 24 0 1 0 0 0 0 0 0 0 0 0 0 0 0 0 0 0 0 5 0 0 0 0 0 0 0 0 0 0 0 0 0 0 0 0 0 0 0 0 0 0 8 0 19 24 6 18 14 0 0 31 29 22 26 0 0 0 7 14 0 21 0 15 2 0 0 0 0 0 21 0 0 0 0 15 0 0 0 4 0 0 0 0 0 0 0 0 0 0 0 0 0 0 8 0 0 0 0 0 0 0 1 0 27 0 1 0 0 4 0 0 5 6 0 0 0 0 0 0 0 0 0 0 0 0 0 24 0 0 0 0 0 
 1 1 59 1 56 3 1 5 0 65 0 0 3 0 1 60 2 78 46 0 5 4 4 4 5 3 89 8 5 5 6 8 5 8 5 5 9 6 3 67 33 259 34 107 41 186 314 243 28 78 346 0 104 352 89 49 198 63 99 301 0 0 0 0 1 0 0 0 0 0 2 50 50 9 52 0 19 0 53 52 0 0 0 7 10 0 0 0 0 0 0 0 0 0 0 9 0 0 0 0 0 0 1 0 0 4 0 0 0 0 0 0 0 0 0 0 0 0 0 0 0 0 17 51 20 31 1 0 15 0 25 3 0 0 0 19 11 25 0 0 0 0 0 1 0 0 16 0 10 0 0 0 8 2 0 0 0 47 30 1 0 0 9 0 6 0 12 0 13 0 0 0 0 0 0 0 1 10 0 0 0 0 0 0 0 0 0 0 0 0 0 0 6 13 0 10 0 0 0 10 10 17 10 19 9 0 0 25 0 37 11 13 0 7 13 1 0 0 0 0 4 1 0 0 0 0 0 0 0 0 0 0 45 1 0 0 4 0 36 0 0 10 20 0 0 0 0 0 0 0 0 6 0 0 0 0 0 0 0 1 0 0 1 36 1 0 0 2 1 0 12 0 0 0 0 0 0 0 0 0 0 0 0 0 0 0 0 0 0 0 
 2 2 2 3 4 2 2 2 6 2 2 2 2 2 2 2 2 2 2 2 8 2 1 70 0 86 0 0 0 19 0 24 8 1 4 0 0 63 0 8 161 58 100 257 101 189 106 158 188 137 63 104 0 96 58 111 105 95 334 80 0 0 6 8 0 2 0 0 7 0 1 23 3 3 0 0 45 4 0 1 0 0 0 0 0 0 0 0 0 0 0 31 0 0 0 0 0 0 0 0 0 0 0 6 11 19 0 0 11 25 1 3 0 0 0 0 8 0 0 0 24 31 17 0 0 0 8 19 2 25 13 0 10 10 0 18 9 18 46 15 0 0 0 23 0 0 0 0 0 0 0 0 0 0 0 0 0 0 0 0 0 0 0 0 0 26 0 0 0 0 0 0 0 0 0 0 0 0 0 0 2 21 0 0 0 0 4 1 0 21 0 20 0 0 37 0 43 4 11 0 4 0 12 0 0 12 16 45 0 9 0 22 0 14 29 3 0 53 0 9 0 0 0 0 0 16 11 0 0 0 0 0 1 0 0 7 0 0 6 0 0 8 0 0 0 0 0 0 0 18 0 9 0 2 0 0 0 0 0 2 0 10 0 64 1 2 0 0 0 0 0 0 0 0 0 0 0 0 0 0 0 0 0 0 0 0 0 0 0 0 
 0 4 63 0 0 1 0 0 0 0 0 0 3 0 3 0 0 0 0 14 0 0 0 2 0 0 0 0 0 3 0 0 0 0 0 0 0 0 0 0 114 113 75 123 95 284 225 427 183 144 30 352 96 0 552 33 158 158 152 307 0 0 50 0 0 0 0 0 0 0 0 0 0 4 0 0 0 0 0 0 1 0 0 0 0 0 1 0 0 0 0 2 0 0 7 0 0 0 0 0 0 1 0 0 0 0 0 0 0 0 8 0 0 0 0 0 0 0 6 0 0 0 20 7 31 17 0 25 18 1 3 0 0 12 16 5 10 0 0 11 0 0 0 0 0 0 0 0 0 0 0 0 0 0 0 0 0 0 11 0 0 4 0 0 0 0 5 0 0 0 2 0 0 0 0 0 0 0 0 2 0 0 0 0 0 0 0 0 0 0 0 0 0 0 0 0 0 0 0 0 25 36 18 7 0 0 0 18 1 27 0 13 0 2 0 0 31 54 0 0 0 0 0 0 0 0 13 0 0 20 0 0 0 0 0 0 0 0 39 0 0 0 14 0 0 0 0 0 0 0 0 3 0 2 0 0 0 0 0 8 0 0 65 0 0 28 0 0 0 0 12 0 0 0 0 0 0 0 0 0 0 0 0 0 14 0 0 0 0 0 
 0 0 0 0 0 0 0 0 0 2 0 0 0 0 0 0 4 0 0 3 0 0 0 0 0 65 0 3 0 2 0 5 0 3 0 0 0 0 201 0 42 644 64 182 72 338 332 303 154 253 124 89 58 552 0 95 171 496 129 115 0 0 0 0 0 0 0 0 0 0 1 1 0 12 1 0 0 0 52 0 0 0 0 0 0 0 0 0 0 0 0 0 0 0 0 0 0 0 0 0 0 0 0 0 0 0 0 0 0 0 0 1 0 0 0 0 0 0 0 0 0 0 19 20 28 10 14 14 20 0 47 14 0 15 22 8 42 25 0 0 6 29 7 21 0 0 7 0 0 0 0 0 11 51 0 8 0 0 17 26 0 0 0 0 0 0 0 0 0 0 0 0 0 0 0 0 7 0 0 0 20 0 0 0 0 0 0 0 0 0 0 0 0 27 0 0 0 0 0 0 0 6 0 50 13 24 0 24 0 0 12 0 14 0 0 48 0 0 0 2 0 0 5 0 0 0 4 0 0 5 6 0 13 6 7 0 6 0 51 7 0 0 0 0 0 1 0 0 0 0 0 8 0 2 0 0 0 0 0 0 0 0 3 1 2 5 0 2 0 0 15 0 0 0 0 0 0 0 0 0 0 0 0 0 0 0 0 19 0 0 
 0 4 0 0 0 1 0 0 0 3 0 0 0 0 0 0 0 0 0 0 0 0 0 0 0 0 0 0 0 0 0 0 0 0 0 0 0 0 0 0 30 39 40 116 88 180 29 22 67 182 86 49 111 33 95 0 281 102 46 132 0 0 4 7 0 6 0 0 0 0 0 56 50 6 6 0 0 4 0 6 0 0 0 0 0 0 0 0 0 0 0 0 0 0 0 0 0 14 0 0 0 0 0 0 0 0 0 0 0 0 0 0 0 0 0 0 0 0 0 0 9 0 11 0 11 0 16 0 6 0 48 0 0 0 17 26 0 16 0 0 32 1 5 6 0 1 0 0 0 0 0 0 10 34 0 0 0 10 16 13 0 0 0 15 0 0 0 0 0 0 0 0 5 0 0 0 1 0 0 0 0 0 0 0 0 0 0 0 0 0 0 0 0 0 0 0 0 0 0 0 0 5 11 23 19 0 25 36 12 69 16 3 20 0 34 30 0 0 0 0 1 0 0 0 0 10 0 0 1 0 0 0 28 7 0 0 0 1 48 18 0 0 0 0 0 0 0 0 0 0 0 18 0 0 0 0 0 0 0 1 0 0 0 35 1 0 12 18 0 0 0 0 0 0 0 7 0 0 0 0 0 0 0 0 9 0 0 0 2 0 
 0 0 0 0 2 0 0 0 0 0 0 0 1 0 0 0 0 0 0 0 3 3 3 3 3 72 3 4 6 3 3 3 3 6 3 3 3 3 3 3 253 75 237 88 106 406 37 27 464 32 95 198 105 158 171 281 0 70 36 100 2 0 0 1 2 7 1 0 1 3 14 50 0 5 0 0 0 0 0 0 0 0 0 0 0 0 0 0 0 0 6 0 0 0 0 0 0 0 0 0 0 0 0 0 0 0 0 0 0 0 0 0 0 0 0 0 0 0 0 0 0 0 0 2 9 0 0 6 58 10 6 0 0 11 11 19 32 19 0 0 0 0 9 5 33 1 0 0 0 0 3 0 0 0 8 0 4 0 15 9 0 0 0 0 0 0 0 0 0 0 0 0 0 0 0 0 2 0 0 0 0 0 0 0 0 0 0 0 0 0 0 0 0 0 0 0 0 0 0 0 0 11 29 0 16 6 7 27 0 14 8 9 0 0 10 0 9 0 0 24 0 0 0 0 14 0 0 0 6 0 0 3 31 16 0 1 0 8 40 0 0 0 11 0 0 0 0 0 0 0 0 3 0 0 0 0 0 0 0 13 0 0 2 3 2 0 5 0 0 0 0 0 0 0 0 0 0 0 0 0 0 0 0 0 10 14 0 12 1 0 
 0 0 0 4 3 0 0 0 1 0 2 1 0 1 0 1 1 1 1 1 0 4 0 2 0 30 0 1 3 0 3 3 4 0 0 1 0 0 0 3 334 120 107 118 269 330 90 299 38 103 121 63 95 158 496 102 70 0 95 98 0 0 0 0 0 0 0 0 0 0 2 0 0 0 34 0 0 0 23 0 0 0 0 0 0 0 0 0 0 0 7 0 0 0 0 0 0 0 0 8 0 0 0 3 0 0 0 0 5 5 0 5 0 0 0 0 3 3 0 0 0 0 5 22 21 28 0 0 20 0 1 10 7 22 20 43 24 36 10 0 0 0 70 0 0 0 11 0 0 0 0 0 11 14 0 0 0 0 3 11 0 0 0 0 0 0 0 0 0 0 0 0 0 0 0 0 2 0 0 0 6 15 0 0 0 0 0 0 0 5 0 0 0 0 0 0 5 3 3 0 12 11 1 33 9 6 0 0 0 1 19 11 4 19 0 11 0 0 0 9 0 0 0 0 0 0 0 0 7 0 0 0 1 9 1 0 0 0 16 8 0 0 0 0 0 0 0 0 0 0 0 18 0 2 0 0 0 0 0 0 0 2 1 0 3 3 3 67 1 0 16 0 0 0 0 0 0 0 0 0 0 3 0 0 0 10 0 24 0 7 
 0 0 0 0 0 0 0 0 0 0 0 0 3 0 0 0 0 0 0 3 127 92 63 62 62 134 0 0 31 61 64 2 69 65 62 28 1 0 0 7 45 41 64 88 53 47 352 129 168 164 48 99 334 152 129 46 36 95 0 157 0 0 0 0 0 0 0 0 0 6 4 0 0 0 0 0 0 0 0 5 0 0 0 0 0 0 0 0 0 0 0 0 0 0 0 0 0 0 0 0 0 7 0 5 25 5 0 0 25 26 11 8 0 13 0 0 15 17 0 0 0 0 10 39 10 1 42 0 20 0 14 18 3 0 8 0 11 6 1 0 0 0 7 3 0 0 0 0 0 0 0 0 0 0 0 0 0 0 0 0 0 0 0 0 0 0 0 0 6 0 0 0 0 0 0 0 0 0 0 0 10 0 0 25 9 1 0 13 0 33 0 0 0 0 0 31 49 5 7 0 0 3 20 7 0 0 13 0 14 27 0 11 50 0 0 3 17 0 35 11 0 0 0 0 0 0 0 0 0 0 0 0 0 0 0 0 0 0 11 0 0 0 0 0 0 0 0 0 0 26 0 10 0 1 0 0 0 66 62 1 1 0 19 0 0 0 2 0 0 0 21 0 0 0 0 0 0 0 0 20 0 20 0 0 0 3 0 0 0 0 
 0 0 0 3 0 0 6 0 0 0 0 0 0 0 0 0 0 70 0 2 0 0 0 65 0 68 0 0 0 1 62 0 0 0 0 0 0 0 0 0 328 383 162 137 95 120 181 40 347 144 133 301 80 307 115 132 100 98 157 0 0 0 0 2 0 0 0 0 0 0 3 1 0 51 0 0 0 0 0 0 11 0 0 0 0 0 0 0 0 0 0 0 0 0 0 0 0 0 0 0 0 0 0 8 0 0 0 0 0 0 0 0 0 0 0 0 0 0 5 0 5 17 0 4 5 0 0 19 50 18 0 0 18 13 24 3 17 1 0 9 0 0 0 0 0 5 0 0 12 0 0 8 0 0 0 0 0 0 0 0 0 0 7 0 0 0 13 0 0 0 0 0 0 0 0 0 0 0 0 0 0 0 22 0 0 0 0 0 3 0 0 0 0 0 0 0 0 0 0 0 0 23 20 0 0 0 20 19 8 16 5 8 0 0 16 10 0 17 43 7 0 0 0 0 0 1 0 0 0 0 0 0 0 11 0 0 0 0 6 0 0 0 49 0 0 0 0 0 0 0 0 8 0 0 0 0 0 62 0 16 0 0 0 1 2 47 2 0 0 0 0 0 0 0 0 17 0 0 0 0 0 0 0 0 0 0 0 20 1 0 
 70 2 0 1 0 0 0 0 0 0 0 0 3 0 0 1 0 30 0 0 0 0 0 0 0 25 0 2 0 54 4 2 0 4 0 0 0 0 0 0 51 0 0 0 0 1 0 0 0 0 0 0 0 0 0 0 2 0 0 0 0 99 286 126 132 35 162 124 151 221 45 43 331 265 154 45 318 42 30 33 0 11 0 0 0 0 0 0 0 0 0 0 0 0 0 0 0 0 0 0 21 0 0 0 0 0 0 0 0 0 0 0 0 0 0 0 0 3 0 0 0 0 0 0 0 5 0 0 0 6 5 0 0 0 0 0 0 0 0 0 0 6 33 39 28 0 5 6 0 33 22 26 0 0 29 3 11 0 0 10 0 0 0 6 17 0 0 0 0 0 0 0 11 0 0 0 0 0 0 0 0 0 0 0 0 0 0 0 0 0 0 0 0 0 0 0 0 0 0 0 0 0 0 0 8 3 0 0 0 0 0 0 0 0 0 0 0 0 0 0 0 3 21 11 9 18 0 0 40 10 11 16 0 0 26 28 0 18 0 0 0 0 0 0 0 0 0 0 0 0 0 0 0 57 3 0 0 0 0 0 0 0 19 0 0 1 0 0 0 0 2 0 0 0 3 0 0 0 0 0 0 0 0 0 0 0 0 0 0 0 
