 0 353 110 58 50 271 454 168 59 223 216 137 44 155 434 31 252 96 135 299 0 2 2 0 0 3 0 0 206 0 0 0 4 4 0 0 1 0 74 0 2 0 3 2 3 0 1 0 6 3 0 0 0 0 0 0 0 2 5 3 2 0 0 6 0 0 0 0 0 0 0 3 3 0 0 11 2 2 2 0 46 63 12 31 0 5 0 39 1 0 0 0 0 10 58 3 57 11 0 50 0 1 0 0 0 0 0 0 0 0 0 0 10 0 0 0 2 0 0 0 0 2 0 0 0 0 0 0 0 0 0 0 0 0 0 0 2 0 0 0 0 0 0 0 0 0 0 0 0 0 0 0 0 0 0 0 0 0 0 0 20 41 19 1 10 0 0 0 29 0 10 17 0 9 20 37 24 1 9 17 0 0 0 0 0 0 24 0 0 0 0 0 0 0 1 0 0 1 13 0 0 0 0 0 0 0 0 0 0 0 2 0 0 0 0 0 0 0 1 0 0 0 0 0 0 0 0 0 0 0 0 0 0 0 0 0 0 0 1 0 0 0 0 0 0 1 1 0 2 6 0 6 0 0 0 0 0 0 0 0 0 0 0 0 0 0 0 0 0 0 0 0 0 0 0 0 0 0 0 0 0 0 0 0 0 0 0 0 0 0 
 353 0 128 76 141 40 94 118 322 364 228 211 221 125 225 125 117 46 65 131 1 2 3 0 0 5 4 14 0 0 0 0 1 11 0 2 0 0 221 0 2 0 3 2 3 63 3 0 0 0 0 0 0 0 0 0 0 3 3 5 3 1 0 0 0 0 0 0 0 0 2 13 3 2 0 5 6 7 5 0 16 10 8 13 16 27 28 32 4 12 9 10 1 2 0 25 16 31 15 24 0 1 0 0 0 0 13 0 0 0 0 0 16 1 0 0 5 0 0 0 0 0 0 0 0 0 0 0 0 0 0 0 0 0 0 0 0 0 0 0 0 0 0 2 0 0 0 0 0 0 0 0 0 3 0 0 0 0 0 0 5 30 14 12 25 0 0 17 27 0 20 0 14 0 0 29 63 9 0 63 0 0 0 0 0 0 19 0 0 1 0 0 0 0 0 0 0 0 31 0 0 0 1 0 0 0 0 0 0 1 0 0 0 1 0 0 0 0 0 0 0 0 0 0 0 0 0 0 0 0 0 0 0 0 0 0 0 0 0 0 0 20 0 0 0 1 0 0 91 1 4 0 0 0 0 0 0 0 0 0 0 0 0 0 0 0 0 0 0 1 0 0 0 0 0 0 0 0 0 0 0 0 0 0 0 0 0 0 0 0 
 110 128 0 91 306 43 286 176 293 372 33 263 174 139 74 236 137 81 138 29 0 2 2 0 2 3 0 2 0 0 0 5 75 3 0 0 0 0 205 1 2 63 3 3 3 0 3 0 8 1 2 0 1 1 1 0 0 0 3 4 0 0 0 0 45 9 0 0 0 1 8 0 3 10 0 0 0 0 0 0 1 23 10 0 0 13 52 3 18 10 26 8 15 15 19 30 0 21 0 32 0 0 0 19 0 0 0 0 0 0 0 0 1 0 19 0 2 0 0 0 0 2 0 0 13 0 0 0 0 0 0 0 0 0 0 0 2 0 0 0 0 0 0 0 1 0 0 0 11 0 0 0 0 0 0 0 0 0 0 0 26 19 5 8 9 5 14 38 0 28 25 10 0 14 19 0 0 30 34 5 0 0 0 0 0 0 0 0 0 0 0 0 0 0 1 0 10 1 0 2 0 0 0 0 0 0 0 0 0 0 2 0 0 0 0 0 0 0 1 0 0 0 0 0 0 0 0 0 0 0 0 0 0 0 0 0 0 0 4 0 0 0 0 0 0 1 1 0 1 89 0 15 86 0 0 0 0 0 0 0 0 0 0 0 0 0 1 0 0 0 0 0 0 0 0 0 7 10 0 0 0 0 0 0 0 0 0 0 0 0 
 58 76 91 0 102 137 96 175 88 105 497 174 499 149 82 326 226 140 61 42 75 2 2 0 36 3 0 0 0 0 1 0 0 79 0 0 0 0 0 75 2 0 3 2 3 0 1 0 0 55 0 0 0 0 0 0 0 46 3 3 8 0 0 0 0 0 0 0 0 0 0 0 3 0 0 0 0 0 0 0 12 0 0 18 0 10 0 17 0 38 9 0 0 9 9 0 36 8 0 0 0 15 10 0 0 0 3 4 0 0 2 0 27 15 0 0 0 1 1 16 0 0 0 0 0 0 0 0 0 0 0 0 0 0 0 0 0 0 0 0 0 0 0 0 4 0 0 0 0 0 0 0 0 0 0 0 0 0 0 0 2 1 16 26 1 21 18 10 9 47 33 13 12 0 11 28 0 20 0 0 0 14 0 0 0 0 3 0 0 0 29 0 24 0 0 9 0 0 0 10 0 0 0 0 0 0 0 0 0 0 0 0 0 0 0 0 0 0 0 0 0 0 0 0 1 0 0 0 0 0 0 10 0 0 0 1 1 2 0 2 0 19 0 0 0 0 94 2 5 176 0 13 0 0 2 0 0 0 0 0 0 0 0 0 0 0 0 0 0 0 0 0 0 0 0 27 0 0 0 0 0 0 0 0 0 0 0 0 0 0 
 50 141 306 102 0 249 55 387 169 172 261 456 304 75 74 328 270 360 52 278 74 2 6 0 0 3 102 3 1 0 2 0 157 5 74 2 9 0 74 105 5 2 5 4 3 0 3 0 0 0 5 3 1 4 2 0 0 0 3 3 5 0 0 0 2 0 0 2 0 0 0 0 3 0 2 2 0 0 3 0 12 0 0 13 0 0 0 19 4 0 10 3 0 0 0 5 20 0 0 0 25 33 14 0 0 0 10 10 12 11 0 0 10 4 20 0 0 7 50 47 2 0 9 0 0 9 0 0 22 0 0 0 0 0 0 0 0 0 0 0 0 0 0 0 0 0 0 0 0 0 0 0 0 17 0 0 0 0 0 0 1 21 14 3 14 0 0 0 10 0 19 0 12 0 5 35 12 9 0 0 39 14 21 0 0 0 50 22 15 32 0 2 23 10 0 10 9 10 21 31 0 0 0 14 0 0 0 0 0 0 0 0 0 2 0 0 0 0 0 0 0 0 0 0 0 0 0 0 0 1 0 0 0 0 0 0 0 0 0 0 0 53 0 0 0 2 0 0 91 3 8 7 0 0 0 0 0 2 0 0 0 0 0 0 0 0 0 0 0 0 0 0 31 0 0 0 0 0 0 0 0 12 0 0 0 0 0 0 0 0 
 271 40 43 137 249 0 62 61 133 287 139 175 52 40 71 90 62 78 41 42 0 77 2 0 0 3 74 80 0 20 1 0 97 5 222 0 0 0 0 212 2 1 3 2 3 0 2 0 0 2 0 7 0 6 0 2 0 1 3 3 0 0 0 0 0 0 0 0 0 0 0 0 3 0 0 0 0 0 0 0 0 0 0 1 25 7 0 0 0 9 0 8 0 0 0 0 0 0 0 0 15 44 105 5 0 0 18 31 3 17 21 13 14 62 45 18 12 0 29 39 0 0 0 0 0 0 0 0 35 0 0 0 0 2 0 0 0 0 0 1 0 0 0 0 0 2 0 0 0 0 0 0 0 0 0 0 0 0 1 0 0 0 0 0 1 0 0 0 0 0 0 0 0 0 7 2 0 0 0 0 52 59 0 0 0 0 26 43 46 18 0 7 28 34 3 31 41 9 29 49 0 0 0 0 0 2 0 0 0 0 0 0 0 9 1 0 0 0 0 0 0 0 0 0 1 0 0 0 0 0 0 0 0 0 0 0 0 0 0 0 0 0 0 0 0 1 0 0 1 1 0 13 0 0 0 0 0 0 0 0 0 0 0 0 0 0 0 0 0 0 0 0 0 0 0 8 0 0 0 0 0 16 0 0 0 0 0 0 0 0 
 454 94 286 96 55 62 0 348 60 253 33 63 175 95 121 153 41 276 66 305 0 2 2 0 0 3 0 0 2 2 0 0 1 5 0 76 1 0 0 0 4 0 3 2 3 0 3 0 14 0 0 0 0 0 0 0 0 0 3 3 0 0 0 3 0 0 0 0 0 0 0 2 3 0 0 0 0 0 1 0 66 40 6 16 25 1 33 0 31 7 14 8 13 27 18 0 9 10 10 48 0 0 0 0 0 0 0 0 0 0 0 0 0 0 0 0 0 0 0 0 0 0 0 0 0 0 0 0 0 0 0 0 0 0 0 0 0 0 0 0 0 0 0 0 0 0 0 0 0 0 0 0 0 0 0 0 0 0 0 0 14 0 12 0 10 34 12 25 13 0 1 0 0 37 44 0 11 14 3 13 0 0 0 0 0 0 1 0 0 0 0 0 0 0 0 0 0 0 0 0 0 0 0 0 0 14 0 0 0 0 0 0 0 0 0 0 0 0 0 0 0 0 0 17 0 33 27 0 0 0 0 0 0 0 0 0 0 0 0 0 0 0 0 0 0 1 1 0 1 2 1 10 0 32 0 0 0 0 0 0 0 0 0 0 0 1 0 0 0 0 0 0 0 1 0 0 10 0 0 0 0 0 0 0 0 0 0 0 0 0 
 168 118 176 175 387 61 348 0 284 57 60 108 245 165 258 418 424 124 88 153 0 2 2 0 0 3 0 0 0 4 3 4 1 3 0 0 0 0 2 1 2 0 3 2 9 0 3 0 0 0 0 0 0 0 0 0 6 0 3 7 0 6 4 0 0 0 0 0 0 8 0 0 3 0 1 1 1 4 4 0 9 27 12 41 28 1 28 1 10 14 37 17 21 38 20 0 31 7 0 15 0 2 0 0 0 0 0 0 0 0 0 0 12 0 3 0 0 0 0 0 0 0 0 0 0 0 2 2 0 0 1 0 0 0 0 0 0 0 0 0 0 2 2 0 0 0 0 0 0 0 0 0 22 0 0 0 0 0 0 0 17 1 20 13 13 26 52 0 2 2 1 12 5 0 26 14 0 16 10 0 0 0 0 0 1 0 0 0 0 0 0 0 0 0 0 0 0 0 0 0 0 0 0 0 1 0 0 0 0 35 0 0 0 0 0 0 0 0 0 0 2 0 9 2 0 2 0 0 0 0 0 0 0 0 0 0 0 0 0 0 0 0 0 0 0 0 89 0 3 90 1 18 5 2 2 0 0 0 0 0 0 0 0 0 0 0 0 0 32 0 0 0 0 0 0 0 6 0 0 0 0 0 0 0 0 0 0 0 0 0 
 59 322 293 88 169 133 60 284 0 267 128 396 118 155 87 231 132 134 251 48 0 2 2 0 0 3 74 0 0 0 0 0 84 3 0 0 0 0 77 0 2 64 3 2 3 1 3 0 0 1 0 0 0 0 0 0 0 0 3 3 0 0 0 50 0 0 0 0 4 0 0 0 3 0 0 0 0 1 0 0 0 0 0 11 1 7 3 19 9 22 26 33 0 1 8 29 17 0 0 0 0 14 0 0 0 0 0 0 0 0 0 0 19 0 14 0 0 0 0 0 0 0 0 0 0 0 1 0 0 0 2 0 49 0 0 0 0 0 0 0 0 0 0 0 0 0 0 0 0 0 0 7 0 0 0 0 0 0 0 1 8 50 18 21 0 39 0 9 10 17 14 24 40 6 13 16 9 11 25 0 0 0 0 0 0 0 14 1 0 0 0 0 0 0 0 0 0 0 1 21 0 0 0 0 0 0 0 1 0 0 0 0 0 0 0 0 6 0 0 2 1 0 0 1 0 1 0 0 0 0 0 0 0 0 0 1 0 2 0 2 0 0 0 0 0 2 1 0 101 0 11 6 7 1 2 0 0 0 0 0 0 0 0 0 0 0 0 0 0 0 0 0 0 0 0 0 0 16 0 0 0 0 0 0 1 0 0 0 0 1 
 223 364 372 105 172 287 253 57 267 0 131 51 97 259 78 176 137 143 71 112 75 2 2 0 0 3 0 0 0 0 0 0 1 78 3 0 0 0 72 0 2 0 3 2 5 0 2 0 0 2 0 0 0 0 0 2 0 0 3 3 3 0 0 0 0 0 0 0 0 0 0 0 3 0 0 0 0 0 0 0 55 47 15 64 9 33 9 12 17 23 15 29 0 0 16 22 58 17 1 38 0 14 0 0 0 0 10 1 0 0 0 0 26 0 1 0 0 0 0 0 0 0 0 1 22 0 0 0 0 0 11 0 0 0 0 0 0 0 0 0 0 0 0 0 0 0 0 0 0 0 0 0 0 1 0 0 0 0 0 0 16 10 21 28 5 20 0 9 15 5 0 16 0 13 7 25 60 16 0 10 0 0 0 0 0 0 25 0 0 0 0 2 0 0 0 0 0 0 0 0 0 0 0 0 0 0 0 0 0 0 0 0 0 0 0 1 0 0 0 0 0 0 1 0 14 0 11 0 0 0 2 0 1 10 0 0 0 0 0 0 0 0 0 0 0 3 1 2 2 134 8 8 0 0 0 0 0 0 0 0 0 0 0 0 0 0 1 0 0 0 0 0 0 0 0 10 0 0 0 0 0 0 0 0 0 0 0 0 0 0 
 216 228 33 497 261 139 33 60 128 131 0 337 116 137 63 191 167 332 126 41 0 2 3 3 0 3 79 0 0 0 1 0 3 76 3 0 0 2 76 86 2 1 3 4 3 0 64 0 0 2 0 0 0 0 0 0 0 0 3 3 0 0 0 35 0 0 0 0 0 23 5 8 3 0 0 9 7 6 7 0 18 2 0 11 25 26 0 35 10 2 54 63 10 0 14 39 7 16 0 9 24 28 0 0 0 0 12 0 0 1 0 0 49 0 1 0 22 0 12 11 0 0 0 0 0 0 0 0 2 0 0 0 0 1 0 0 0 0 2 0 0 0 0 0 0 2 0 0 3 0 0 0 0 0 0 0 0 0 0 0 0 17 36 23 0 0 13 1 38 17 0 19 0 0 6 63 35 0 0 16 54 0 0 15 1 0 22 26 0 13 0 0 0 8 42 8 0 0 29 0 0 0 0 0 0 0 0 0 0 0 0 0 0 9 1 0 0 0 11 0 0 0 0 0 1 0 1 0 0 0 0 0 0 0 12 0 0 0 0 0 0 0 0 0 0 6 17 0 1 1 9 7 4 0 2 0 0 0 0 0 0 0 18 0 0 0 0 0 0 0 0 0 0 0 0 8 11 0 0 0 0 0 0 0 0 0 0 0 0 0 
 137 211 263 174 456 175 63 108 396 51 337 0 110 71 261 121 121 575 241 47 0 2 2 0 0 3 0 0 0 0 0 0 77 79 0 0 0 2 0 77 2 63 3 2 3 0 3 0 0 0 3 0 0 7 0 0 0 0 3 3 0 0 0 0 0 0 0 0 0 5 0 4 3 0 0 2 38 3 4 0 48 11 0 38 9 9 0 10 0 56 28 1 9 0 0 9 6 14 0 8 11 4 12 0 0 0 0 0 0 15 0 0 0 12 27 7 11 0 2 18 0 0 0 0 0 0 0 0 0 0 0 0 0 0 0 0 0 0 0 0 0 0 0 0 3 0 0 0 1 0 0 0 0 0 0 0 0 0 0 0 2 49 15 0 0 53 10 10 35 14 28 26 12 0 0 52 15 10 0 9 17 19 7 0 0 0 0 17 1 0 0 0 12 0 23 7 0 0 11 13 0 0 0 0 0 0 0 0 0 0 0 0 0 0 0 0 0 0 16 0 0 0 0 0 0 0 0 0 0 2 0 0 0 0 0 0 0 0 0 0 0 0 0 0 0 3 2 1 3 1 2 23 0 0 0 0 0 0 0 0 0 0 0 0 0 0 0 0 0 0 0 0 0 0 0 0 21 13 0 0 0 0 0 0 0 0 0 0 0 7 
 44 221 174 499 304 52 175 245 118 97 116 110 0 270 31 113 30 254 62 47 0 2 4 0 0 3 1 0 0 0 0 0 1 3 0 0 0 0 0 0 2 0 3 65 67 0 2 0 0 2 0 0 0 0 0 0 0 0 3 3 0 0 0 0 0 0 0 2 1 5 0 3 3 0 0 0 5 6 36 0 0 47 12 1 25 0 27 14 59 0 19 23 14 42 1 0 0 18 12 43 0 0 0 0 0 0 0 0 0 0 0 0 0 0 0 0 0 0 0 0 0 0 0 0 0 0 0 0 0 0 0 0 0 0 0 0 0 0 0 0 0 0 0 0 0 0 0 0 0 0 0 0 0 3 0 0 0 0 0 0 9 10 25 1 7 0 12 3 0 0 2 0 35 0 3 0 11 0 1 51 0 0 0 0 0 0 0 0 0 0 0 0 0 0 0 0 0 0 0 0 0 0 0 0 0 0 0 0 0 0 0 0 0 0 0 0 0 0 0 0 26 0 0 0 0 0 0 0 0 0 0 0 0 0 13 0 0 0 0 0 0 2 0 0 0 0 0 1 1 95 0 13 7 0 0 0 0 0 0 0 0 0 0 0 0 0 0 0 0 0 0 0 0 0 0 0 0 0 0 0 0 0 0 0 0 0 0 0 0 0 
 155 125 139 149 75 40 95 165 155 259 137 71 270 0 152 40 238 49 84 295 0 5 2 0 2 5 2 0 0 0 2 1 2 3 1 0 2 0 0 0 4 8 3 2 3 0 3 0 6 1 0 0 0 3 0 0 0 1 3 3 1 0 0 0 0 3 0 36 0 0 0 0 3 0 2 0 0 1 3 0 64 1 15 31 0 11 44 32 15 1 14 8 0 28 25 21 13 4 18 38 0 0 0 0 0 0 1 0 0 14 0 0 10 0 0 0 0 1 0 1 0 0 0 0 0 0 0 0 0 0 0 6 0 10 0 0 1 0 0 0 0 0 0 0 0 0 0 0 0 0 0 0 0 3 0 0 0 0 0 0 0 46 22 0 0 0 28 16 35 0 16 17 12 1 28 20 33 0 1 16 0 0 0 0 0 0 27 0 0 0 10 0 0 0 0 0 0 0 0 0 0 0 0 0 0 0 1 0 0 0 0 0 0 0 0 0 0 0 0 0 0 0 0 0 0 0 0 0 0 0 0 0 0 0 0 0 1 0 0 1 0 0 0 0 0 2 0 0 0 2 0 1 0 0 0 0 0 0 0 0 0 0 0 0 0 0 0 0 0 0 0 0 0 0 0 0 0 0 0 0 0 0 0 0 0 0 0 0 0 0 
 434 225 74 82 74 71 121 258 87 78 63 261 31 152 0 230 41 125 184 162 0 2 2 0 0 3 0 0 0 0 0 0 1 4 0 0 4 0 25 0 2 0 3 2 3 0 3 0 0 1 0 0 0 0 0 0 0 0 3 3 6 0 0 0 0 0 0 0 0 0 0 3 5 0 0 4 0 0 4 0 10 23 14 29 1 14 0 13 0 9 4 0 3 41 0 0 47 14 0 11 0 18 0 0 0 0 0 0 0 0 0 0 15 0 0 0 0 0 0 0 0 0 0 0 0 0 0 0 0 0 0 0 0 0 1 0 0 0 0 0 15 0 0 0 0 0 0 0 0 0 0 0 0 1 0 0 0 0 0 0 13 0 0 4 1 0 1 2 14 18 0 0 1 12 0 13 18 0 0 5 0 0 0 0 0 0 0 0 10 2 0 0 28 0 0 0 0 0 16 0 0 0 2 0 0 0 0 0 0 0 0 2 0 0 0 0 0 0 0 0 0 0 0 0 0 0 0 0 0 0 0 0 0 0 0 0 0 0 0 0 0 0 0 0 0 1 1 0 1 173 0 5 0 0 0 0 0 0 0 0 5 0 0 0 0 0 0 0 0 1 0 0 0 0 0 0 0 0 0 0 0 0 0 0 0 0 0 0 0 0 
 31 125 236 326 328 90 153 418 231 176 191 121 113 40 230 0 192 230 16 270 0 2 2 0 0 3 19 3 0 207 0 0 2 3 0 0 0 0 74 0 32 1 3 2 3 0 5 0 0 3 0 0 0 5 0 0 0 0 3 3 10 0 0 36 0 0 1 0 0 0 0 0 3 0 0 0 0 0 0 0 2 0 9 36 13 2 10 35 16 38 28 15 0 25 10 9 26 19 0 0 0 23 0 1 0 0 0 0 0 0 0 0 46 1 0 0 0 0 0 0 0 0 0 0 1 0 0 0 0 0 0 0 0 0 0 2 0 0 0 0 0 0 0 0 5 0 0 0 0 0 0 2 2 0 2 0 0 0 0 0 0 22 21 3 0 48 4 2 13 79 16 54 0 0 35 11 0 32 2 0 20 0 0 0 0 0 21 0 2 0 0 0 0 0 1 0 0 0 50 19 0 0 0 0 0 16 0 0 0 0 0 0 0 0 0 0 2 0 0 0 0 0 0 0 0 1 0 0 0 0 0 0 0 0 0 0 0 0 0 0 0 0 0 0 0 2 86 0 1 53 1 20 0 0 0 0 0 0 0 0 0 0 19 0 0 0 0 0 0 0 0 0 0 0 0 2 0 25 0 0 0 0 0 0 0 0 0 0 0 0 
 252 117 137 226 270 62 41 424 132 137 167 121 30 238 41 192 0 112 121 245 0 4 2 0 0 3 36 0 0 1 0 0 0 3 0 0 0 0 73 20 2 0 3 2 3 0 3 0 0 1 0 0 0 0 0 0 0 0 3 3 0 0 0 32 0 0 0 0 0 1 0 0 3 0 0 0 0 1 1 0 0 0 1 9 10 1 1 0 0 33 1 24 0 0 18 17 0 26 0 0 0 10 0 0 0 0 8 0 0 0 0 0 37 8 0 0 0 0 0 0 0 0 0 0 0 0 0 0 0 0 0 0 0 0 0 0 0 0 0 0 0 0 0 0 15 0 0 0 0 0 0 0 0 0 0 0 0 0 0 0 23 0 8 9 27 6 10 7 14 13 10 9 11 6 54 11 10 5 13 0 14 0 0 0 0 0 10 1 0 0 0 1 14 0 0 12 0 0 14 4 0 0 0 0 0 0 0 0 0 0 0 0 0 0 0 0 0 0 0 0 10 0 0 0 0 0 0 0 0 0 0 0 0 0 0 0 0 0 9 0 0 0 0 0 0 0 144 0 88 0 0 6 10 0 0 0 0 0 0 0 0 0 13 0 0 0 0 0 0 0 0 0 0 0 0 0 0 0 0 0 0 0 0 0 0 0 0 0 0 0 
 96 46 81 140 360 78 276 124 134 143 332 575 254 49 125 230 112 0 60 114 77 2 4 0 0 5 25 0 5 0 0 0 66 98 0 0 0 0 148 35 7 0 3 5 3 0 3 0 0 0 0 0 0 0 0 0 0 0 3 3 12 26 0 42 48 0 0 5 0 0 0 0 3 2 0 0 0 0 2 0 18 24 1 68 0 24 0 1 0 37 0 6 0 0 0 15 28 0 0 22 14 27 0 0 0 0 1 6 0 0 0 0 38 8 0 4 8 0 0 0 2 0 0 0 0 0 0 0 0 0 0 0 0 0 0 0 0 0 0 0 0 0 0 0 0 0 0 0 0 0 0 0 0 0 0 0 0 0 0 16 18 11 1 16 11 37 0 0 0 24 11 76 0 0 0 1 0 10 0 0 37 0 0 0 0 0 14 14 0 0 0 0 13 0 24 9 0 0 23 9 0 0 0 0 0 0 0 0 0 0 0 13 0 2 10 0 0 0 9 0 0 0 0 0 0 0 0 0 0 1 0 0 0 0 0 0 0 0 0 0 0 0 0 0 0 3 102 0 86 86 3 17 0 2 0 0 0 0 0 0 0 21 24 0 0 0 0 0 0 0 0 0 0 0 0 24 12 0 0 0 0 0 0 0 0 0 0 0 0 0 
 135 65 138 61 52 41 66 88 251 71 126 241 62 84 184 16 121 60 0 67 2 3 2 1 2 0 2 0 0 0 4 0 2 4 0 3 1 0 0 2 3 0 2 0 2 1 2 0 2 3 3 0 0 3 0 0 0 0 2 1 3 0 0 0 4 1 0 0 0 0 8 1 2 0 2 0 0 5 8 0 0 29 26 1 0 0 21 15 7 0 0 3 13 13 33 19 0 0 53 0 0 0 0 0 0 0 0 0 0 0 0 0 0 0 2 0 0 0 0 0 0 0 0 0 0 0 0 0 0 0 0 0 11 0 0 0 0 0 1 0 0 0 0 1 0 1 0 0 0 0 0 0 0 0 0 1 0 0 0 0 47 0 0 0 0 0 0 17 0 11 14 0 0 30 17 0 0 0 25 3 7 0 0 0 0 0 0 0 0 0 0 0 0 0 0 0 0 0 0 0 0 0 0 0 0 0 0 0 0 0 0 0 0 0 2 0 0 0 0 0 0 0 0 0 0 0 0 0 0 0 0 0 0 0 0 0 0 0 0 0 0 0 0 0 0 0 0 0 2 0 0 2 0 0 0 0 0 0 0 0 0 0 0 0 0 0 0 0 0 0 0 0 0 0 0 0 0 0 0 0 0 0 0 0 0 0 0 0 0 0 
 299 131 29 42 278 42 305 153 48 112 41 47 47 295 162 270 245 114 67 0 0 5 2 0 2 5 2 0 2 0 2 0 7 3 0 0 1 0 3 0 4 0 3 2 3 0 65 0 5 1 2 0 0 3 0 0 0 0 3 3 0 0 0 0 0 0 0 2 0 0 0 0 4 0 2 0 0 1 6 0 33 16 43 27 12 0 55 8 0 0 0 0 20 42 9 14 16 25 18 37 0 0 0 0 0 0 0 0 0 0 0 0 0 0 0 0 0 0 0 0 0 0 0 0 1 0 0 0 1 0 0 0 0 0 0 0 0 0 0 0 0 0 0 0 0 0 0 0 0 1 0 0 0 3 0 0 0 0 0 0 3 15 0 1 0 12 3 11 20 0 14 0 0 8 30 2 49 1 13 3 0 0 0 0 0 0 0 10 0 0 2 0 0 0 0 0 0 0 0 0 0 0 0 0 0 0 0 0 0 0 0 0 0 0 0 0 0 1 0 0 0 0 0 0 0 0 0 0 0 0 0 0 0 0 0 0 0 0 0 0 0 0 0 0 0 0 1 2 0 0 1 6 0 0 0 0 0 0 0 0 0 0 0 0 0 0 0 0 0 0 0 0 0 0 0 0 2 0 0 0 0 0 0 0 0 0 0 0 0 0 
 0 1 0 75 74 0 0 0 0 75 0 0 0 0 0 0 0 77 2 0 0 151 317 122 55 251 375 248 123 48 124 26 49 129 70 217 31 98 112 53 0 1 15 0 2 27 2 0 1 65 0 0 0 3 0 0 0 3 0 0 0 0 3 0 0 0 54 0 0 0 0 0 0 1 0 1 5 0 0 6 0 0 0 1 0 3 0 0 0 0 0 0 0 0 0 0 1 0 0 0 13 9 19 22 0 12 8 51 8 8 23 0 1 12 21 34 6 28 33 37 0 0 0 0 0 0 0 0 0 0 0 0 0 0 0 0 0 0 1 1 0 0 0 0 0 0 0 0 0 0 2 0 0 0 0 0 0 0 0 0 0 0 0 21 8 7 0 0 0 10 0 17 0 0 0 1 0 13 0 12 14 16 47 0 3 0 15 6 0 39 2 27 28 0 0 13 18 0 23 0 0 0 0 0 0 0 0 0 18 0 0 0 0 0 1 0 0 0 0 0 0 0 0 0 0 0 0 0 0 0 0 0 0 0 0 0 0 0 0 0 0 0 12 0 0 0 0 0 0 1 0 0 0 0 18 0 0 0 78 0 4 0 0 0 0 0 0 0 0 0 0 0 0 0 0 8 0 0 0 0 0 20 0 0 0 0 0 0 0 0 
 2 2 2 2 2 77 2 2 2 2 2 2 2 5 2 2 4 2 3 5 151 0 110 62 36 21 411 497 203 148 23 34 130 499 241 145 132 106 31 115 1 0 0 0 0 0 0 0 0 0 0 4 70 0 0 0 0 3 62 0 0 0 3 2 0 0 0 0 0 0 0 1 0 0 0 0 3 0 2 3 0 0 0 0 0 8 0 0 0 0 0 0 0 0 0 0 0 0 0 0 2 0 12 27 1 3 0 17 13 7 26 37 0 27 1 44 38 0 0 18 0 0 0 0 0 0 40 0 0 0 0 0 11 0 0 15 0 0 0 12 0 0 0 0 0 0 0 0 0 1 0 0 0 0 0 0 0 0 0 0 0 1 0 0 7 0 2 0 0 0 0 0 0 2 1 8 0 0 0 0 0 24 0 33 10 0 1 20 14 11 24 34 11 26 16 0 29 14 0 12 0 0 0 0 0 0 1 16 0 0 0 0 4 0 0 11 0 0 14 13 0 0 1 0 0 4 2 0 1 0 0 0 0 0 0 0 0 0 0 0 0 0 0 0 0 0 0 0 0 0 0 0 0 0 7 2 0 49 1 2 0 7 0 0 0 0 0 0 0 7 0 0 0 0 0 0 0 0 0 11 0 0 0 0 0 6 0 0 0 0 
 2 3 2 2 6 2 2 2 2 2 3 2 4 2 2 2 2 4 2 2 317 110 0 87 160 103 168 133 200 47 427 71 52 143 54 222 279 125 133 53 0 1 0 0 0 0 63 0 0 0 0 0 0 0 0 0 0 3 62 62 0 0 0 2 0 0 2 0 8 0 0 0 0 0 0 0 3 0 0 3 0 0 0 0 0 0 0 0 0 0 1 0 0 0 0 0 0 0 0 0 10 7 0 16 7 22 27 9 51 8 1 0 0 7 25 22 21 39 32 24 12 0 7 0 0 0 0 0 0 0 0 1 19 0 0 13 0 0 35 0 0 0 0 0 0 0 0 0 0 0 0 0 0 0 0 0 0 0 0 2 0 0 5 0 13 0 0 0 0 0 0 10 15 0 0 0 12 0 2 0 1 14 83 10 20 14 13 24 0 11 5 9 0 11 0 0 0 13 1 0 31 0 0 0 0 0 8 0 0 0 0 0 0 0 14 0 0 0 0 1 0 0 0 0 0 0 0 0 0 0 0 0 0 0 0 0 0 0 0 1 0 0 11 0 0 0 0 0 0 0 0 0 88 0 11 0 2 0 79 0 2 0 0 0 0 0 9 0 0 0 0 0 0 0 0 0 0 0 0 0 0 0 0 0 0 0 12 0 0 0 
 0 0 0 0 0 0 0 0 0 0 3 0 0 0 0 0 0 0 1 0 122 62 87 0 223 188 160 92 163 243 181 248 51 167 127 131 75 142 49 58 1 0 0 5 0 0 0 0 0 0 0 0 66 0 0 0 0 3 1 1 0 0 0 1 0 0 0 0 0 0 1 0 0 0 2 0 3 0 0 3 0 0 0 0 0 0 0 0 0 0 0 0 0 0 0 0 0 0 0 0 0 2 0 28 28 19 0 6 0 8 3 7 0 0 15 13 1 10 0 1 39 0 0 0 0 0 48 36 60 0 0 0 2 0 0 0 0 0 35 20 0 16 0 0 0 0 0 0 0 0 0 0 0 0 0 0 0 0 0 0 0 0 0 0 0 0 0 0 0 0 0 0 0 0 0 1 0 0 0 0 0 0 19 9 0 29 0 14 19 9 16 4 0 10 0 0 0 21 0 0 8 32 20 1 0 0 34 26 4 15 0 0 9 29 0 16 0 0 22 48 0 0 0 1 0 0 0 0 0 0 0 0 0 0 0 0 0 0 0 0 0 0 0 0 0 0 0 0 0 0 0 0 0 0 9 2 0 80 2 3 13 11 0 0 0 0 0 0 0 0 0 0 0 0 0 0 0 0 0 0 0 6 0 0 0 0 0 0 0 0 
 0 0 2 36 0 0 0 0 0 0 0 0 0 2 0 0 0 0 2 2 55 36 160 223 0 125 136 64 181 175 377 196 68 65 176 184 306 352 72 89 64 0 1 0 0 0 2 0 0 0 0 0 75 62 0 0 0 3 60 76 0 0 3 2 0 0 6 0 4 0 0 0 0 0 0 0 3 0 2 3 0 0 0 0 0 15 0 0 0 0 0 0 0 0 0 0 0 0 0 0 1 1 0 9 0 1 0 10 0 16 0 0 0 0 32 0 0 20 0 0 1 0 0 0 0 0 5 24 8 0 0 0 1 0 0 1 0 0 14 0 0 0 0 0 0 0 0 0 0 0 0 0 0 0 0 0 0 0 0 0 0 0 1 0 0 0 0 0 0 0 0 0 0 0 0 0 0 0 0 0 0 0 32 11 7 0 0 3 6 1 0 0 0 0 0 10 0 25 0 0 14 36 17 0 0 0 6 11 0 0 0 0 21 0 2 0 0 0 10 11 0 0 0 0 0 0 0 0 0 0 0 0 0 0 0 0 0 0 0 0 0 0 10 0 0 0 0 0 0 0 0 0 0 0 8 1 2 47 77 2 0 13 0 0 0 8 9 0 0 0 0 0 0 0 0 0 0 0 0 0 0 0 0 0 0 0 18 18 0 0 
 3 5 3 3 3 3 3 3 3 3 3 3 3 5 3 3 3 5 0 5 251 21 103 188 125 0 131 38 47 74 177 98 33 59 151 84 354 158 45 64 95 62 0 0 0 0 63 61 62 1 64 0 62 61 0 37 3 4 191 0 0 0 0 8 0 1 0 0 51 0 0 0 1 0 0 0 4 0 0 3 0 0 1 0 0 0 0 0 0 0 0 0 0 1 0 0 0 11 1 0 0 0 0 0 20 0 0 0 19 37 0 0 0 0 8 0 1 0 0 0 15 9 52 0 19 0 0 16 17 11 0 0 24 4 29 39 20 0 15 0 0 0 0 0 0 0 0 0 0 0 0 0 0 0 0 0 1 0 0 0 0 0 5 0 0 0 0 0 0 0 0 7 7 0 0 0 0 0 0 0 0 0 23 12 19 20 0 0 9 0 0 1 0 0 0 0 0 39 0 0 18 19 22 21 0 0 18 14 1 20 0 11 18 2 24 5 4 0 0 12 0 0 0 0 0 0 0 0 0 0 0 0 0 0 0 0 0 0 0 0 0 0 5 0 0 0 0 0 0 0 0 0 0 0 8 1 0 139 74 0 9 0 0 0 0 0 0 0 0 0 0 0 0 0 0 0 0 0 0 0 0 1 0 0 0 4 0 0 0 0 
 0 4 0 0 102 74 0 0 74 0 79 0 1 2 0 19 36 25 2 2 375 411 168 160 136 131 0 175 182 461 106 111 239 361 84 58 41 261 369 65 0 1 0 0 0 2 0 0 0 0 0 1 0 0 9 0 0 3 0 0 0 3 0 44 0 0 0 0 0 51 0 0 0 26 0 0 2 0 0 3 0 0 0 11 0 0 0 0 0 16 0 5 0 1 9 25 0 0 0 0 0 13 16 21 0 37 9 19 9 18 18 0 21 1 51 40 0 16 38 31 0 0 0 0 0 0 0 0 19 0 0 0 0 0 0 0 0 0 0 0 0 6 0 0 0 0 0 0 0 0 0 0 0 0 0 0 1 0 0 0 0 0 1 0 11 14 0 0 0 20 0 24 0 0 0 0 0 0 0 0 42 13 51 0 2 0 19 15 20 35 5 23 41 18 0 0 18 20 33 19 1 0 0 0 0 0 0 0 0 0 0 11 32 2 0 0 0 0 0 0 0 0 0 0 0 0 0 0 0 0 0 0 0 0 0 0 0 0 0 0 0 0 0 0 0 0 80 0 0 0 0 0 0 0 8 0 0 77 0 2 2 0 25 0 0 0 0 0 0 0 0 0 0 0 0 0 0 0 0 0 0 15 0 0 0 0 0 0 0 0 
 0 14 2 0 3 80 0 0 0 0 0 0 0 0 0 3 0 0 0 0 248 497 133 92 64 38 175 0 197 95 27 117 113 118 210 346 44 48 341 270 0 0 0 0 0 0 0 0 0 0 0 0 0 0 0 0 0 4 0 0 0 0 0 1 0 0 1 0 0 0 0 0 0 0 0 0 2 0 0 3 0 0 0 0 0 0 0 0 0 0 15 0 0 0 0 0 0 0 0 0 63 7 10 26 0 4 19 0 12 4 46 22 0 11 0 47 67 0 20 27 0 0 0 0 0 1 23 1 0 0 0 0 9 0 1 0 0 0 2 0 0 0 0 0 0 0 0 0 0 9 0 0 0 0 0 0 0 0 0 0 0 0 2 0 12 0 0 0 0 1 0 0 0 0 0 0 0 0 0 0 46 23 0 11 9 0 1 1 13 15 71 24 0 0 44 0 20 0 17 0 2 0 0 0 0 2 13 1 0 0 0 0 15 0 0 0 0 0 0 13 1 0 0 0 1 0 0 0 0 0 0 0 0 0 0 0 0 0 0 2 0 0 2 0 0 0 0 0 0 0 0 0 0 0 9 1 0 75 0 4 14 0 1 0 0 0 0 0 0 0 0 0 0 0 0 0 0 0 0 0 0 0 0 0 0 0 1 0 0 0 
 206 0 0 0 1 0 2 0 0 0 0 0 0 0 0 0 0 5 0 2 123 203 200 163 181 47 182 197 0 245 38 26 107 193 90 317 169 249 138 306 0 2 1 2 69 1 0 0 0 6 8 1 53 0 0 2 6 13 0 24 0 0 0 2 0 0 9 0 3 0 0 0 0 0 0 0 3 0 0 3 0 0 0 0 0 0 0 11 0 0 0 0 0 0 0 0 0 0 0 0 0 0 0 38 21 56 0 0 24 1 10 20 1 12 2 17 0 10 24 35 14 0 0 0 0 0 12 20 0 22 0 0 0 0 67 0 0 0 15 69 0 0 0 0 0 0 0 0 0 1 0 0 0 0 0 0 0 12 0 0 0 1 0 0 0 0 0 0 0 0 0 0 0 2 0 0 0 0 0 0 1 15 70 24 10 37 21 0 0 44 31 20 0 3 0 0 11 0 0 0 21 19 7 0 0 0 0 14 0 12 0 0 0 27 11 18 2 0 0 0 0 0 0 0 0 0 2 0 0 0 0 0 0 0 0 0 0 0 0 0 0 0 0 0 0 0 0 0 0 0 0 0 0 2 16 0 1 0 0 7 3 0 0 0 0 0 1 0 0 13 0 0 0 0 0 0 0 0 0 12 0 0 0 0 0 18 0 0 0 0 
 0 0 0 0 0 20 2 4 0 0 0 0 0 0 0 207 1 0 0 0 48 148 47 243 175 74 461 95 245 0 175 161 110 97 196 58 120 404 294 130 63 0 0 66 0 0 0 0 0 0 0 0 131 0 0 0 7 3 64 0 0 0 2 2 0 0 0 0 0 0 0 0 0 0 0 0 4 0 0 3 0 0 0 2 0 0 0 0 0 0 0 0 0 0 0 0 0 0 0 0 13 15 8 2 0 12 0 10 0 6 9 30 11 33 11 9 15 0 13 0 11 15 0 0 0 0 40 9 4 0 0 0 27 0 20 0 0 0 1 30 0 0 0 0 0 0 0 1 0 0 0 1 0 0 0 0 0 0 1 0 0 0 0 0 0 0 0 9 0 0 0 0 0 0 1 2 0 0 0 0 0 19 0 27 25 20 6 0 33 27 19 21 2 40 11 8 44 18 0 9 0 38 34 0 0 0 45 2 7 12 0 0 13 7 9 52 0 0 0 31 0 0 0 0 0 0 0 0 1 0 0 0 0 0 0 0 5 0 0 0 0 15 0 0 0 2 0 0 0 0 0 0 0 0 4 0 1 153 0 1 2 1 0 0 0 0 0 0 0 0 0 0 0 8 0 0 0 0 0 52 0 10 0 0 0 18 0 0 0 0 
 0 0 0 1 2 1 0 3 0 0 1 0 0 2 0 0 0 0 4 2 124 23 427 181 377 177 106 27 38 175 0 205 28 39 129 226 322 138 24 160 18 0 0 0 0 0 63 0 0 0 0 2 57 0 0 0 0 3 2 64 0 0 0 2 0 0 0 0 3 0 0 0 0 0 7 0 3 0 4 3 0 0 0 0 0 1 0 0 0 0 0 0 0 0 0 1 0 0 0 1 0 33 2 30 0 9 2 29 9 0 1 0 0 0 18 1 1 22 0 0 24 1 8 0 0 0 18 4 14 0 0 0 0 0 0 14 0 0 24 0 2 0 0 0 0 0 0 0 0 0 0 0 0 0 0 1 0 0 0 0 0 0 0 0 1 0 0 0 0 0 0 2 1 0 0 0 0 0 0 0 0 0 17 33 16 0 0 30 40 2 0 0 12 23 0 12 0 86 0 0 1 24 32 0 0 0 64 28 0 0 0 0 39 0 14 0 0 0 43 0 0 1 0 0 0 0 0 0 0 0 24 9 0 0 0 0 0 0 2 0 0 0 0 0 0 0 0 0 0 0 0 0 0 0 13 4 0 1 86 4 2 13 0 0 0 7 1 0 0 0 0 0 0 28 0 0 0 0 0 0 0 0 0 0 0 0 18 0 0 0 
 0 0 5 0 0 0 0 4 0 0 0 0 0 1 0 0 0 0 0 0 26 34 71 248 196 98 111 117 26 161 205 0 48 43 94 33 312 266 147 18 63 0 1 0 0 0 63 0 0 0 0 1 65 0 0 0 0 3 64 63 0 0 1 2 2 0 3 0 0 0 0 2 0 2 3 0 4 1 0 3 0 0 0 0 0 0 0 0 0 0 0 0 0 0 0 0 0 0 0 0 2 1 0 0 20 3 0 0 0 8 0 0 0 0 9 23 13 33 0 0 13 15 8 0 0 0 42 33 55 0 0 0 27 0 29 14 0 0 45 0 0 0 0 0 0 0 0 0 0 1 0 0 0 0 0 0 0 0 0 0 0 1 0 0 0 0 1 0 0 0 0 9 3 2 0 0 0 0 0 0 0 19 14 12 13 14 0 1 17 0 0 28 0 0 19 0 43 19 0 0 0 22 20 0 0 0 44 0 9 0 0 0 32 0 14 11 2 0 0 29 0 0 1 0 0 0 2 0 0 0 0 0 0 0 0 0 0 0 0 0 0 0 0 0 0 0 0 0 0 0 0 0 0 0 12 0 0 117 75 0 0 0 0 0 0 7 15 0 0 0 0 0 0 0 0 0 0 0 0 0 0 12 0 0 0 0 28 0 0 0 
 4 1 75 0 157 97 1 1 84 1 3 77 1 2 1 2 0 66 2 7 49 130 52 51 68 33 239 113 107 110 28 48 0 82 116 25 249 257 199 222 0 22 0 6 0 0 0 0 0 0 0 33 0 0 0 0 0 3 0 0 0 0 1 0 0 0 0 0 61 0 0 0 0 0 0 0 3 0 0 3 0 0 1 1 0 11 0 0 0 0 0 22 0 0 0 4 0 0 0 0 2 9 34 1 0 0 15 13 15 23 19 0 11 0 29 11 8 0 14 12 0 0 0 0 0 0 0 0 0 0 0 0 0 0 0 0 0 0 0 0 0 2 0 0 0 0 0 0 7 0 0 0 0 0 0 0 1 0 0 0 0 18 0 0 16 12 0 0 0 0 13 25 0 0 5 0 0 14 0 0 1 13 0 0 0 0 10 1 22 0 0 0 9 0 16 7 26 3 0 40 0 0 0 0 0 0 0 17 0 0 0 0 0 0 0 0 0 0 24 0 0 0 0 0 0 0 0 0 0 0 0 0 0 0 2 0 0 0 0 0 0 0 0 0 0 0 0 0 0 0 0 0 0 0 4 2 1 0 0 2 3 0 0 0 0 62 0 0 0 0 0 0 0 0 0 0 0 22 0 0 0 0 0 0 0 0 0 0 0 0 
 4 11 3 79 5 5 5 3 3 78 76 79 3 3 4 3 3 98 4 3 129 499 143 167 65 59 361 118 193 97 39 43 82 0 139 163 77 128 264 84 0 0 0 0 0 0 0 0 3 3 0 0 0 0 0 0 0 3 63 0 0 0 0 0 0 0 1 2 0 1 0 0 0 0 0 0 4 0 2 4 0 0 0 14 0 31 0 0 0 0 0 0 0 0 0 0 0 0 0 0 17 0 1 0 0 0 0 11 7 12 8 1 0 13 10 15 9 3 4 12 0 0 9 0 0 0 1 0 0 0 0 0 0 0 0 0 0 0 39 0 0 0 0 0 0 0 0 0 0 0 0 0 22 0 0 0 0 0 0 0 0 0 0 10 0 49 0 0 0 10 0 11 0 0 0 0 1 11 0 0 52 1 13 0 30 0 11 12 15 0 1 6 0 0 6 0 0 13 9 0 0 0 0 0 3 0 0 0 0 0 1 0 9 0 0 0 0 1 12 12 0 0 0 0 0 0 0 0 0 0 0 0 0 0 0 2 0 0 0 0 0 0 0 0 0 0 0 0 0 0 0 0 0 0 21 0 0 47 0 2 0 0 0 0 0 0 0 0 0 0 0 0 0 0 0 9 15 0 0 0 0 0 0 2 0 0 0 0 0 0 
 0 0 0 0 74 222 0 0 0 3 3 0 0 1 0 0 0 0 0 0 70 241 54 127 176 151 84 210 90 196 129 94 116 139 0 134 60 44 36 166 4 2 2 0 0 2 0 0 35 0 3 4 3 0 2 3 0 3 0 0 3 34 2 2 4 0 1 0 3 0 0 0 0 3 0 0 5 0 0 3 0 9 0 0 0 0 0 0 0 0 0 0 0 0 0 0 0 0 0 0 20 6 21 7 0 29 8 0 0 43 17 14 10 31 60 10 15 7 24 0 0 3 0 0 0 0 14 0 19 0 0 0 26 0 0 0 0 0 0 2 0 0 0 0 0 0 0 0 0 0 0 0 0 0 0 0 0 0 0 14 0 0 0 0 0 0 0 0 0 0 8 0 0 0 3 5 0 0 0 0 20 27 12 11 0 0 9 32 22 9 56 4 0 19 1 7 48 22 0 38 0 0 0 0 0 0 1 11 0 0 0 0 7 0 0 0 0 0 27 0 0 0 0 0 0 0 0 0 0 0 0 0 0 0 0 0 0 0 0 0 0 0 0 0 0 0 1 0 0 0 0 0 0 0 6 0 0 183 0 0 0 11 0 0 0 0 0 0 0 0 0 0 0 0 0 0 0 0 0 0 0 0 0 0 0 0 0 0 0 0 
 0 2 0 0 2 0 76 0 0 0 0 0 0 0 0 0 0 0 3 0 217 145 222 131 184 84 58 346 317 58 226 33 25 163 134 0 179 120 19 76 6 0 4 0 0 1 0 0 0 0 6 0 6 0 4 0 2 3 82 29 6 0 0 0 31 0 27 0 3 0 0 0 0 4 0 0 30 0 0 3 0 0 0 0 0 0 14 0 0 0 0 0 0 0 0 0 0 0 0 0 15 9 0 37 0 42 14 10 66 11 12 26 0 0 7 20 34 31 0 0 0 0 0 0 0 0 41 13 0 0 0 0 10 0 0 0 0 0 2 0 0 0 0 0 0 0 0 0 0 0 0 0 0 0 0 0 0 0 0 0 32 0 2 0 13 0 0 0 36 0 0 0 0 0 0 0 0 0 2 0 18 0 56 0 1 84 0 28 0 13 21 0 0 20 0 17 0 20 0 0 19 0 0 0 0 0 0 0 0 0 0 0 0 11 0 0 0 0 1 20 0 0 0 0 2 10 0 0 0 0 0 0 0 0 0 0 0 0 0 2 0 0 10 0 0 0 0 0 0 0 0 0 0 0 19 0 1 0 74 1 13 0 0 0 0 0 5 0 0 0 0 0 0 0 0 0 0 0 0 0 0 0 0 0 0 0 0 0 0 0 
 1 0 0 0 9 0 1 0 0 0 0 0 0 2 4 0 0 0 1 1 31 132 279 75 306 354 41 44 169 120 322 312 249 77 60 179 0 144 112 49 0 0 0 0 0 0 4 0 0 0 38 0 55 0 0 0 0 3 54 72 0 3 3 0 0 0 5 0 2 0 0 0 0 2 0 0 3 0 0 6 0 0 0 0 0 0 0 0 0 0 0 0 0 0 0 0 0 0 0 0 0 0 0 10 40 11 0 0 37 0 8 19 0 4 0 10 0 14 0 10 2 0 0 0 0 0 12 7 0 0 0 0 17 0 0 9 0 0 13 69 0 0 0 0 0 0 0 7 0 0 0 0 0 0 0 0 0 0 0 0 0 0 11 0 0 0 0 0 0 0 0 4 7 0 0 0 0 0 0 0 20 0 11 52 25 33 0 0 0 20 34 9 0 0 0 0 13 13 1 0 33 22 0 0 0 0 0 14 0 0 0 0 0 7 12 18 0 0 0 20 0 0 0 0 0 0 0 0 0 0 0 0 0 0 0 0 0 0 0 0 0 0 0 0 0 0 0 0 0 0 0 73 0 0 2 0 0 0 1 1 16 0 0 0 0 0 2 0 0 0 0 0 0 0 0 0 0 0 0 12 0 0 0 0 0 18 2 13 0 0 
 0 0 0 0 0 0 0 0 0 0 2 2 0 0 0 0 0 0 0 0 98 106 125 142 352 158 261 48 249 404 138 266 257 128 44 120 144 0 37 454 63 0 0 0 0 2 73 1 0 0 0 0 62 0 39 0 0 6 87 4 0 0 1 2 0 0 0 3 3 0 4 0 0 4 3 0 3 6 1 3 0 0 0 0 0 0 0 0 0 0 0 0 0 0 0 0 0 0 0 0 1 0 0 1 10 2 0 5 14 68 1 16 0 0 24 0 0 24 0 0 14 9 11 0 0 0 3 11 6 0 0 0 9 1 15 35 0 2 56 0 0 0 1 0 0 0 0 0 0 0 0 0 0 11 0 0 0 0 0 0 0 0 37 0 0 0 0 1 0 0 0 5 6 0 0 0 0 0 0 0 0 0 22 27 25 15 0 12 34 19 1 0 0 0 0 5 11 34 0 11 13 18 5 0 0 0 32 2 0 0 0 0 21 0 35 1 0 0 1 8 0 0 0 2 0 0 0 0 0 0 0 1 0 0 0 0 0 0 0 0 0 0 22 0 0 1 0 0 0 0 0 0 0 0 9 0 1 158 75 1 0 0 0 0 0 0 1 0 0 0 0 0 0 0 0 0 0 0 0 2 0 0 0 0 0 14 18 0 0 0 
 74 221 205 0 74 0 0 2 77 72 76 0 0 0 25 74 73 148 0 3 112 31 133 49 72 45 369 341 138 294 24 147 199 264 36 19 112 37 0 391 0 1 0 0 2 0 0 0 0 0 199 0 0 0 0 0 3 3 0 2 7 1 1 1 1 0 0 0 0 1 0 3 0 0 0 7 3 0 0 51 0 0 0 19 1 29 0 0 6 22 37 13 1 0 0 6 16 14 0 2 10 26 0 0 1 0 0 0 56 0 0 0 15 34 0 8 7 6 63 17 0 0 0 0 0 0 0 0 0 0 1 0 0 0 14 0 0 0 10 0 0 2 0 0 0 0 0 0 0 0 0 0 0 0 0 0 0 0 0 0 0 0 0 9 0 0 1 0 26 21 12 0 0 0 0 13 30 0 0 0 21 14 14 0 7 0 47 1 0 0 0 12 0 0 17 0 0 0 37 11 0 0 0 2 0 0 5 0 0 0 0 0 0 0 0 0 0 0 18 0 0 0 0 0 0 0 0 0 0 0 0 0 0 2 0 0 0 0 0 0 0 0 0 0 0 0 75 0 68 74 7 0 0 0 6 2 1 0 0 0 1 0 18 0 0 0 0 0 0 0 0 0 0 0 0 0 33 1 0 0 0 0 0 0 0 0 0 0 0 0 
 0 0 1 75 105 212 0 1 0 0 86 77 0 0 0 0 20 35 2 0 53 115 53 58 89 64 65 270 306 130 160 18 222 84 166 76 49 454 391 0 0 1 0 0 2 0 2 0 0 0 0 10 0 1 0 65 0 3 0 0 0 0 1 1 0 2 0 1 0 0 0 0 0 0 0 2 3 0 0 4 0 0 0 0 13 18 0 1 0 17 0 1 0 0 0 1 0 0 0 1 11 27 26 12 0 0 20 46 16 10 18 15 3 25 22 0 0 0 32 58 0 1 0 0 0 0 0 0 23 0 0 0 0 0 0 0 0 0 0 0 2 0 0 0 0 0 0 16 1 0 0 0 0 0 0 0 0 0 8 0 0 0 0 0 13 1 0 0 0 0 27 0 0 0 4 9 0 0 0 0 20 48 0 5 0 0 10 16 25 17 0 1 55 42 1 50 15 29 7 38 0 1 0 0 0 0 0 0 0 0 0 0 0 0 0 0 0 0 8 0 0 1 0 0 0 0 0 0 0 0 0 0 0 0 0 0 0 0 2 0 0 0 0 0 0 0 0 0 75 0 0 0 0 0 20 0 1 1 85 0 1 0 0 0 0 0 0 0 0 0 0 0 0 0 0 7 0 0 0 0 0 11 0 0 0 0 0 0 0 0 
 2 2 2 2 5 2 4 2 2 2 2 2 2 4 2 32 2 7 3 4 0 1 0 1 64 95 0 0 0 63 18 63 0 0 4 6 0 63 0 0 0 143 518 50 34 37 341 357 116 47 90 247 115 136 88 43 308 24 178 349 0 0 0 6 0 1 0 0 0 0 0 0 2 0 0 0 0 0 0 0 0 9 0 0 0 0 0 0 0 0 0 0 0 0 0 0 0 0 0 0 0 0 0 0 15 0 0 0 0 0 0 0 0 0 0 0 0 0 0 0 20 11 22 7 23 0 22 16 29 6 1 0 22 29 45 21 35 0 13 2 0 0 0 0 0 0 0 0 0 0 0 0 0 0 0 0 10 0 0 0 0 0 0 0 0 0 0 0 0 0 0 0 0 0 0 0 0 0 0 0 0 0 0 0 0 19 0 0 0 0 0 0 0 0 0 0 0 0 0 0 14 40 16 19 2 1 15 17 6 21 0 13 12 0 18 8 10 17 1 19 0 0 0 0 0 0 0 0 14 0 0 0 0 0 0 0 0 0 0 0 0 0 4 0 0 0 0 0 0 0 0 9 0 2 0 0 0 29 2 19 0 0 1 0 2 21 0 0 0 0 0 0 0 0 0 0 0 0 0 0 0 0 0 0 0 0 0 1 2 0 
 0 0 63 0 2 1 0 0 64 0 1 63 0 8 0 1 0 0 0 0 1 0 1 0 0 62 1 0 2 0 0 0 22 0 2 0 0 0 1 1 143 0 181 82 140 113 156 195 174 164 110 32 106 96 114 239 120 37 44 116 0 0 0 0 0 0 1 0 52 0 2 0 1 2 1 0 0 29 4 4 0 0 0 0 0 3 0 0 0 0 0 24 0 0 0 3 0 0 0 0 0 0 0 0 27 0 0 28 0 0 0 7 12 0 19 0 0 0 0 0 0 28 31 9 21 9 0 9 0 0 19 6 11 0 0 17 70 42 0 0 4 2 0 0 0 0 0 0 6 0 0 0 23 5 0 0 0 0 41 0 0 20 0 0 0 26 4 6 0 1 16 15 0 3 0 0 0 16 0 0 0 0 0 0 0 0 0 0 0 0 0 0 0 0 23 0 0 0 0 10 0 0 29 41 29 0 0 18 1 28 0 40 0 0 0 39 14 3 0 83 9 0 0 0 0 0 16 5 0 0 0 0 23 9 7 0 0 0 0 10 0 0 10 0 0 0 0 0 0 26 0 9 0 1 0 0 0 0 61 1 0 0 0 64 2 2 2 0 0 0 0 0 0 0 0 0 0 15 0 0 0 0 34 0 1 0 0 33 1 0 
 3 3 3 3 5 3 3 3 3 3 3 3 3 3 3 3 3 3 2 3 15 0 0 0 1 0 0 0 1 0 0 1 0 0 2 4 0 0 0 0 518 181 0 158 35 44 170 214 75 91 195 93 52 63 68 45 139 152 51 76 0 11 0 0 0 0 2 0 0 0 0 0 4 0 0 0 0 0 0 1 0 0 0 0 0 0 0 0 0 0 0 0 0 0 0 0 0 0 0 0 0 0 0 0 0 7 0 0 0 0 0 0 0 0 0 0 0 0 0 0 17 33 15 47 14 12 0 4 2 15 61 30 0 38 15 0 28 23 0 32 6 11 0 0 0 0 0 0 0 0 0 0 0 3 0 0 0 10 14 4 4 0 0 0 0 0 0 0 4 0 0 0 0 0 0 0 0 0 0 0 0 0 0 0 0 0 0 0 0 0 0 0 0 0 0 0 0 0 0 0 0 0 19 0 32 14 46 38 25 31 37 13 0 39 0 9 29 22 0 0 0 4 0 0 0 0 0 9 0 0 0 0 20 0 0 0 0 0 7 0 0 0 0 0 0 0 0 0 0 0 0 6 0 0 0 0 0 0 0 10 0 0 0 0 83 0 0 0 1 0 0 0 0 0 0 0 0 0 0 0 0 0 0 0 2 43 0 20 0 0 
 2 2 3 2 4 2 2 2 2 2 4 2 65 2 2 2 2 5 0 2 0 0 0 5 0 0 0 0 2 66 0 0 6 0 0 0 0 0 0 0 50 82 158 0 183 193 68 152 153 149 214 404 267 304 56 54 145 70 70 497 51 52 0 0 0 1 3 3 0 0 0 0 49 51 0 0 1 0 0 0 0 1 0 0 0 0 0 0 0 0 0 0 0 0 0 0 0 0 0 0 0 0 0 0 0 2 0 0 0 1 0 0 0 0 0 0 0 0 0 0 4 0 0 16 8 20 0 0 2 23 12 15 4 42 1 0 8 10 0 21 6 0 5 9 0 0 46 9 0 0 0 0 25 7 0 1 21 21 15 18 7 0 0 0 0 0 0 0 5 0 0 0 0 0 0 0 0 0 0 0 0 0 0 0 0 9 0 0 0 0 15 6 0 0 0 0 0 0 0 0 0 18 9 0 8 39 14 9 8 23 1 19 0 24 9 9 0 22 0 1 0 0 0 0 0 0 0 16 1 26 13 0 54 0 3 4 27 0 35 0 0 0 1 0 0 0 0 0 0 0 0 4 0 0 0 0 0 23 0 2 0 0 2 1 0 2 3 65 0 0 12 0 0 0 0 0 0 0 0 0 0 5 0 0 15 0 0 0 1 0 
 3 3 3 3 3 3 3 9 3 5 3 3 67 3 3 3 3 3 2 3 2 0 0 0 0 0 0 0 69 0 0 0 0 0 0 0 0 0 2 2 34 140 35 183 0 87 59 158 104 82 108 81 52 151 355 171 130 126 54 139 17 0 0 0 0 0 0 5 0 0 0 0 0 0 0 0 0 0 51 3 0 0 0 0 0 0 0 0 0 0 0 0 0 0 0 0 0 0 0 0 0 0 0 0 0 0 0 0 0 0 0 0 0 0 0 0 0 0 0 0 0 1 0 0 15 30 0 0 10 19 6 10 0 9 16 23 7 0 0 22 14 0 17 0 0 0 13 25 0 5 0 0 28 10 0 0 0 0 12 0 0 4 0 0 0 0 1 0 1 0 0 0 0 2 0 0 0 0 4 0 0 0 0 0 0 0 0 26 0 0 0 0 0 0 0 0 0 0 0 0 2 0 0 38 3 22 0 0 9 0 35 0 0 8 25 0 19 0 0 0 1 0 0 0 0 0 8 23 0 0 0 0 50 12 47 0 0 0 18 18 0 0 0 0 0 0 0 0 0 0 0 13 0 0 0 0 0 0 0 0 0 0 4 37 66 0 1 4 2 0 0 0 0 0 0 0 0 0 0 0 0 0 0 0 18 13 0 0 0 0 
 0 63 0 0 0 0 0 0 1 0 0 0 0 0 0 0 0 0 1 0 27 0 0 0 0 0 2 0 1 0 0 0 0 0 2 1 0 2 0 0 37 113 44 193 87 0 31 28 55 88 97 349 34 58 40 105 75 115 50 50 54 50 3 1 1 0 68 6 22 3 2 0 20 56 0 50 231 62 0 1 0 0 0 0 0 0 0 0 0 0 0 0 0 0 0 0 0 11 0 0 0 0 0 0 0 0 0 0 0 0 0 0 0 0 0 0 0 0 0 0 0 0 0 0 0 26 0 0 13 1 9 10 0 0 1 0 0 0 0 0 11 0 24 3 0 7 20 0 0 1 3 0 56 10 0 5 19 16 21 36 0 4 0 0 0 0 0 0 1 0 0 0 0 2 0 0 0 0 3 0 0 0 0 0 0 0 0 0 0 0 0 0 0 0 0 0 0 0 0 0 0 0 0 16 0 29 0 23 11 0 12 26 0 0 0 0 12 0 0 0 2 22 0 0 13 0 6 19 18 33 25 63 26 27 23 23 18 3 11 15 6 0 0 0 0 0 0 0 0 0 0 7 0 1 0 0 0 0 1 0 0 26 0 34 8 0 11 29 0 0 0 0 0 0 0 0 0 0 0 0 0 2 0 0 1 0 0 0 1 0 
 1 3 3 1 3 2 3 3 3 2 64 3 2 3 3 5 3 3 2 65 2 0 63 0 2 63 0 0 0 0 63 63 0 0 0 0 4 73 0 2 341 156 170 68 59 31 0 82 38 119 119 28 162 76 104 28 98 64 48 70 11 23 0 1 0 4 0 0 0 2 0 0 5 3 4 0 0 1 6 0 0 0 0 0 0 0 0 0 0 0 0 0 0 0 0 0 0 0 0 0 0 0 0 0 11 22 0 0 0 0 0 0 0 0 0 0 0 9 0 0 35 20 49 20 0 5 0 0 14 0 40 24 10 12 0 16 21 25 22 10 4 0 0 0 0 0 0 0 0 0 0 0 0 0 0 0 0 0 5 6 0 0 5 0 0 0 0 0 0 0 0 5 8 0 0 0 0 0 0 0 0 0 0 14 10 0 0 0 0 0 0 0 0 0 0 0 0 0 0 0 1 0 34 0 0 0 0 0 19 0 6 0 11 19 12 0 0 35 0 0 0 0 0 0 0 0 0 0 0 0 0 0 0 0 8 0 0 0 0 0 0 0 0 0 0 0 0 0 0 0 0 2 0 0 0 0 0 0 55 0 0 0 0 0 0 1 1 0 0 0 0 0 0 0 0 0 0 0 0 0 0 0 0 0 0 8 0 0 0 0 
 0 0 0 0 0 0 0 0 0 0 0 0 0 0 0 0 0 0 0 0 0 0 0 0 0 61 0 0 0 0 0 0 0 0 0 0 0 1 0 0 357 195 214 152 158 28 82 0 115 35 112 103 106 153 81 359 120 324 115 145 0 0 0 0 0 0 3 0 0 0 0 0 2 0 1 0 0 0 48 0 0 0 0 0 0 0 0 19 0 0 0 0 0 45 0 0 0 0 0 0 0 0 0 0 10 1 0 0 11 0 0 6 0 0 0 0 0 0 0 0 0 0 1 0 34 5 0 16 14 22 7 15 12 11 1 75 19 2 0 5 4 5 4 0 0 0 4 0 0 5 13 0 0 4 0 0 0 6 21 11 1 4 0 0 0 0 0 0 5 0 0 0 0 0 0 0 0 0 5 0 0 0 0 0 0 0 0 0 0 20 0 0 0 0 0 0 0 0 0 0 1 3 17 28 0 20 48 86 10 6 38 24 0 8 19 9 0 13 2 10 0 6 0 0 0 0 0 14 0 1 0 0 10 0 0 0 1 0 13 0 0 0 43 0 0 0 0 0 0 0 0 10 0 2 0 0 0 0 2 0 0 0 0 1 3 0 0 0 0 0 0 0 0 0 0 0 0 0 0 0 0 0 0 0 16 0 0 0 2 0 
 6 0 8 0 0 0 14 0 0 0 0 0 0 6 0 0 0 0 2 5 1 0 0 0 0 62 0 0 0 0 0 0 0 3 35 0 0 0 0 0 116 174 75 153 104 55 38 115 0 171 52 150 140 190 70 151 100 236 90 173 6 0 0 0 9 0 1 0 0 0 5 4 20 6 0 0 4 1 0 6 0 43 0 0 0 0 0 13 3 0 0 0 0 6 10 0 0 0 0 3 0 0 0 0 7 22 0 12 0 0 0 6 0 0 0 0 0 0 0 0 40 0 0 0 15 54 0 0 0 0 0 1 10 0 0 10 17 0 0 0 15 0 4 0 0 0 6 0 0 5 0 0 32 10 0 5 0 0 7 38 0 7 2 0 0 0 2 0 3 0 0 0 0 12 9 0 7 0 6 2 0 0 0 0 0 0 0 0 0 0 0 0 0 0 0 0 0 0 0 0 2 0 12 45 12 8 0 7 0 0 17 38 0 0 28 9 18 7 21 14 5 0 14 0 0 0 0 0 0 21 0 0 2 11 13 0 2 0 20 0 0 0 10 0 0 0 0 0 0 0 0 13 0 2 0 0 0 0 2 2 0 0 0 1 0 2 2 0 0 0 0 0 0 0 0 0 0 0 0 0 0 3 0 0 0 0 0 0 2 0 
 3 0 1 55 0 2 0 0 1 2 2 0 2 1 1 3 1 0 3 1 65 0 0 0 0 1 0 0 6 0 0 0 0 3 0 0 0 0 0 0 47 164 91 149 82 88 119 35 171 0 260 66 101 90 162 95 85 338 73 133 0 0 0 4 0 4 12 0 0 0 0 51 33 0 0 0 0 54 12 0 0 0 0 0 0 0 0 0 0 0 0 0 0 0 0 0 0 0 0 0 0 0 0 0 1 8 0 0 0 0 0 1 0 0 0 0 0 0 0 0 18 14 26 9 1 43 0 0 0 0 0 1 0 20 8 1 8 30 0 12 23 3 0 0 0 0 12 0 0 0 0 0 12 35 2 4 0 0 13 14 0 0 0 0 0 0 7 0 0 0 0 0 0 4 0 0 0 0 17 0 0 0 0 0 0 0 0 0 0 0 11 0 0 0 0 0 0 0 0 0 1 0 0 21 10 7 0 0 19 11 10 8 0 18 10 1 42 23 0 0 22 1 9 0 0 0 4 0 0 10 0 0 0 17 14 0 1 0 9 1 0 0 1 0 0 0 0 0 0 0 0 0 0 0 0 0 0 0 0 11 0 0 0 1 0 4 1 0 2 0 0 0 0 0 0 0 0 0 0 0 0 0 4 0 3 10 0 0 0 0 
 0 0 2 0 5 0 0 0 0 0 0 3 0 0 0 0 0 0 3 2 0 0 0 0 0 64 0 0 8 0 0 0 0 0 3 6 38 0 199 0 90 110 195 214 108 97 119 112 52 260 0 83 90 62 119 349 225 218 36 160 0 7 0 7 0 7 0 0 0 0 0 0 4 0 0 0 0 32 2 2 0 0 0 0 0 0 0 0 0 0 0 0 0 0 0 0 0 0 0 0 0 0 0 0 0 3 0 0 0 0 0 0 11 0 0 0 0 0 0 0 1 0 34 4 30 19 0 0 19 17 6 14 11 26 5 15 25 14 0 1 23 0 1 0 0 0 65 0 0 1 0 0 13 17 4 0 4 21 20 18 2 5 0 8 0 0 0 0 7 0 0 0 0 1 0 0 0 0 7 0 0 0 0 0 0 0 0 0 0 0 0 0 0 0 0 0 0 0 0 0 0 0 4 0 0 18 1 9 43 57 44 25 0 20 26 12 0 53 0 18 0 0 0 6 0 0 0 39 0 10 6 0 16 5 0 0 10 0 17 0 0 0 11 0 0 0 0 0 0 0 0 8 0 0 0 0 0 0 0 9 0 0 0 0 0 0 0 4 0 0 0 0 0 0 0 0 0 0 0 0 0 0 0 0 0 0 0 0 0 0 
 0 0 0 0 3 7 0 0 0 0 0 0 0 0 0 0 0 0 0 0 0 4 0 0 0 0 1 0 1 0 2 1 33 0 4 0 0 0 0 10 247 32 93 404 81 349 28 103 150 66 83 0 232 49 40 249 144 190 30 106 3 0 0 0 2 0 0 0 2 0 0 0 0 2 0 0 209 3 0 0 0 0 0 0 0 16 0 0 0 0 0 0 0 0 0 0 0 0 0 0 0 0 12 7 0 0 0 0 8 0 46 0 0 0 0 10 2 0 0 0 0 1 0 1 8 13 0 0 19 14 14 14 0 13 0 0 7 0 0 0 21 0 15 9 0 0 8 0 1 23 0 0 20 37 0 0 18 20 20 18 2 5 0 0 0 0 0 0 6 0 0 0 0 1 0 0 0 0 6 0 0 3 0 6 0 0 0 0 11 0 0 0 2 11 0 0 0 7 0 10 13 0 0 11 0 16 0 4 25 17 47 8 0 28 8 0 0 19 11 0 17 24 0 0 0 0 0 30 0 29 0 0 17 1 1 15 14 0 33 0 0 0 0 0 0 0 0 0 0 0 0 7 11 1 0 0 0 0 4 0 0 1 2 2 0 1 0 63 0 0 0 0 0 0 0 0 0 0 0 0 0 0 0 0 0 0 0 0 1 0 
 0 0 1 0 1 0 0 0 0 0 0 0 0 0 0 0 0 0 0 0 0 70 0 66 75 62 0 0 53 131 57 65 0 0 3 6 55 62 0 0 115 106 52 267 52 34 162 106 140 101 90 232 0 159 277 42 34 107 65 137 0 0 0 6 0 4 0 7 10 8 2 0 5 0 4 3 13 0 0 0 0 0 0 0 0 0 0 0 0 0 0 0 0 0 0 0 0 0 0 0 0 0 0 11 10 0 0 12 0 0 0 12 0 0 0 0 4 0 0 0 1 30 18 23 0 10 26 17 11 0 0 0 1 9 53 0 0 6 1 8 0 0 0 8 3 0 0 0 4 0 0 21 0 0 0 0 0 8 6 0 0 0 10 0 0 0 0 0 0 0 0 0 0 0 0 0 0 0 0 0 0 0 0 17 0 0 0 0 0 8 10 0 0 0 0 0 12 5 0 0 1 26 8 0 0 0 4 26 1 18 9 0 0 0 10 11 0 19 8 0 0 0 0 0 0 0 0 0 0 0 0 0 0 0 0 0 0 0 0 0 0 0 0 0 0 0 0 0 0 0 0 9 0 2 0 0 0 2 2 12 0 6 0 0 2 14 0 0 0 0 5 0 0 0 0 5 0 0 0 13 0 0 0 0 0 22 0 0 2 7 
 0 0 1 0 4 6 0 0 0 0 0 7 0 3 0 5 0 0 3 3 3 0 0 0 62 61 0 0 0 0 0 0 0 0 0 0 0 0 0 1 136 96 63 304 151 58 76 153 190 90 62 49 159 0 110 105 104 130 317 501 0 0 0 0 0 0 0 8 12 6 4 0 0 0 3 2 14 0 0 0 0 0 26 0 0 0 0 0 0 0 0 0 0 0 0 0 0 0 0 0 21 0 0 0 7 0 0 0 0 0 0 6 0 0 0 0 0 0 0 0 25 9 0 7 14 0 20 14 18 0 0 0 30 14 27 10 16 0 13 2 0 0 2 6 13 0 1 0 5 2 0 5 0 0 0 0 0 7 0 0 0 0 0 0 0 0 0 0 0 0 0 0 0 0 0 6 0 0 0 0 0 0 0 0 0 0 0 0 0 0 0 0 0 0 0 0 0 0 0 0 22 19 12 20 0 1 14 7 3 2 12 33 0 0 24 9 0 14 0 14 0 0 0 0 0 0 0 0 0 0 0 0 12 0 0 0 0 0 9 0 0 0 10 0 0 0 0 0 0 0 0 0 0 2 0 0 0 2 2 17 0 0 0 0 0 11 3 0 0 0 20 0 0 0 0 5 0 0 0 0 0 0 0 0 0 0 0 1 2 0 
 0 0 1 0 2 0 0 0 0 0 0 0 0 0 0 0 0 0 0 0 0 0 0 0 0 0 9 0 0 0 0 0 0 0 2 4 0 39 0 0 88 114 68 56 355 40 104 81 70 162 119 40 277 110 0 113 36 100 62 339 0 1 0 6 0 8 0 0 0 0 0 0 6 0 0 0 0 0 48 1 0 0 0 0 0 0 0 0 0 0 0 0 0 0 0 0 0 0 0 0 0 0 0 0 15 19 0 0 0 0 0 0 0 0 0 0 0 0 0 0 19 27 18 16 13 24 0 0 12 11 7 3 1 10 22 14 1 10 0 40 14 0 0 0 0 0 0 0 0 0 0 0 9 9 0 0 0 1 23 8 0 4 0 0 0 0 0 0 2 0 0 0 0 2 0 0 0 0 3 0 0 0 0 0 0 55 0 0 0 0 0 0 0 0 0 0 0 0 0 0 0 0 1 27 0 12 1 1 12 19 40 0 5 20 8 27 7 19 0 19 1 3 0 1 0 0 4 11 0 0 6 0 9 15 9 0 2 0 13 0 0 0 0 0 0 0 1 0 0 0 0 3 2 1 1 0 0 63 0 1 0 0 0 43 1 0 2 0 1 0 0 0 0 0 0 0 0 0 0 0 0 0 0 0 14 23 2 0 0 0 
 0 0 0 0 0 2 0 0 0 2 0 0 0 0 0 0 0 0 0 0 0 0 0 0 0 37 0 0 2 0 0 0 0 0 3 0 0 0 0 65 43 239 45 54 171 105 28 359 151 95 349 249 42 105 113 0 57 119 94 52 4 0 6 6 0 1 0 4 0 0 0 0 21 1 1 0 207 10 16 52 0 0 0 0 0 0 0 0 0 0 0 0 0 0 0 0 0 0 0 0 0 0 0 0 0 0 0 0 0 0 0 0 0 0 0 0 0 0 0 0 0 0 49 0 36 19 0 0 0 21 1 28 7 0 9 30 25 0 0 0 18 0 6 0 0 5 0 0 3 0 13 0 0 18 7 0 3 0 18 2 0 0 0 0 0 0 6 0 0 0 0 0 0 5 0 0 0 0 1 0 0 0 0 0 0 0 0 0 0 0 0 0 0 0 0 0 0 0 0 0 1 0 9 54 5 28 0 14 1 24 12 21 0 0 9 2 18 0 0 0 22 0 12 0 5 0 0 20 8 5 9 0 2 25 25 0 0 8 11 0 0 0 8 0 0 0 0 0 0 0 0 8 0 2 0 0 0 0 2 2 0 0 37 1 1 1 4 0 1 0 0 0 0 0 0 0 0 0 0 0 0 1 0 0 10 0 0 0 2 0 
 0 0 0 0 0 0 0 6 0 0 0 0 0 0 0 0 0 0 0 0 0 0 0 0 0 3 0 0 6 7 0 0 0 0 0 2 0 0 3 0 308 120 139 145 130 75 98 120 100 85 225 144 34 104 36 57 0 149 35 67 36 0 0 6 0 4 0 0 0 0 0 0 7 0 2 0 2 0 0 0 0 0 0 0 0 0 0 0 0 0 0 0 0 0 0 0 0 0 0 0 0 0 0 0 0 6 20 0 0 0 0 0 0 0 0 0 20 20 0 0 10 41 22 31 25 11 0 15 0 1 13 22 0 13 49 11 14 26 0 19 0 0 3 0 0 1 0 0 0 3 0 0 0 0 0 0 0 0 12 0 7 0 0 0 0 0 0 0 0 0 0 0 0 0 0 0 8 0 0 0 0 0 0 0 0 13 0 2 0 5 9 0 0 0 0 0 0 0 0 0 6 0 22 13 6 0 4 0 22 27 15 43 1 18 24 3 19 43 0 0 0 0 0 0 0 0 0 0 0 0 0 0 11 0 15 0 0 0 11 0 0 0 3 0 0 0 0 0 0 0 0 11 2 1 0 0 0 0 3 16 0 0 2 1 63 1 0 2 0 0 0 0 0 0 0 0 0 0 0 0 0 0 0 0 0 10 0 26 1 0 
 2 3 0 46 0 1 0 0 0 0 0 0 0 1 0 0 0 0 0 0 3 3 3 3 3 4 3 4 13 3 3 3 3 3 3 3 3 6 3 3 24 37 152 70 126 115 64 324 236 338 218 190 107 130 100 119 149 0 34 37 6 49 5 1 0 4 0 62 1 9 59 0 56 51 16 2 3 0 0 1 0 0 0 0 0 0 0 0 0 0 0 0 0 0 0 0 0 0 10 0 0 0 0 0 0 6 0 0 0 0 0 0 0 0 0 0 0 0 0 0 9 19 0 19 0 16 0 0 0 0 2 26 0 26 0 0 8 5 0 0 41 10 1 6 0 0 13 0 5 0 0 1 24 0 12 11 0 12 5 22 1 0 0 0 0 0 2 0 0 0 0 0 0 2 0 0 0 0 0 0 0 0 0 0 0 0 0 0 0 0 0 0 0 0 0 0 0 0 0 0 7 0 0 0 8 0 0 0 16 0 32 10 0 0 13 0 0 30 0 0 13 0 13 0 0 0 0 0 5 8 0 0 48 0 0 0 54 19 19 0 0 0 0 0 0 0 0 0 0 0 0 2 0 0 0 0 0 0 0 11 0 0 7 0 0 67 0 2 0 0 4 0 0 0 0 8 0 0 0 0 0 0 0 0 0 6 0 0 0 0 
 5 3 3 3 3 3 3 3 3 3 3 3 3 3 3 3 3 3 2 3 0 62 62 1 60 191 0 0 0 64 2 64 0 63 0 82 54 87 0 0 178 44 51 70 54 50 48 115 90 73 36 30 65 317 62 94 35 34 0 83 0 0 0 60 0 0 0 0 0 0 0 53 1 1 1 2 2 2 2 3 0 0 0 0 0 0 13 0 0 0 0 0 0 0 0 0 0 0 0 0 0 0 0 1 37 2 0 0 18 8 0 30 0 0 11 0 0 10 0 0 19 8 0 0 25 0 0 2 9 8 9 1 12 7 17 34 23 17 0 20 0 0 0 0 0 0 0 0 0 0 0 0 0 0 0 0 0 0 0 1 0 0 3 0 0 0 0 0 0 0 0 2 4 0 0 0 0 0 0 0 0 0 17 17 35 40 0 0 14 2 10 0 0 0 0 0 16 25 0 0 6 0 3 21 3 0 0 18 0 0 0 15 32 20 0 13 24 0 48 113 0 0 5 0 0 0 0 0 0 0 0 0 0 0 0 0 0 0 0 0 0 0 9 0 0 0 0 0 0 0 0 6 0 0 0 0 0 128 1 0 15 0 0 0 0 0 0 0 1 0 0 0 0 0 0 0 0 0 0 0 0 0 0 0 0 11 0 0 0 0 
 3 5 4 3 3 3 3 7 3 3 3 3 3 3 3 3 3 3 1 3 0 0 62 1 76 0 0 0 24 0 64 63 0 0 0 29 72 4 2 0 349 116 76 497 139 50 70 145 173 133 160 106 137 501 339 52 67 37 83 0 0 0 0 0 0 0 9 0 3 0 0 0 1 0 0 0 0 0 2 0 0 0 0 0 0 0 0 0 0 0 0 0 0 0 0 0 0 0 0 0 0 0 0 9 0 15 0 0 0 0 0 1 0 0 0 0 0 0 0 0 0 16 0 11 0 1 5 24 0 0 18 1 0 20 21 1 40 2 0 0 6 3 0 0 0 0 3 0 0 0 0 0 0 3 0 0 0 14 1 1 0 0 0 0 0 0 0 0 0 0 0 0 0 0 0 0 0 0 0 0 0 0 9 0 1 20 0 0 0 0 0 0 0 0 0 0 0 0 0 0 16 10 33 7 20 1 0 0 20 23 9 0 12 24 10 0 9 17 0 0 0 0 0 0 0 0 2 0 0 0 0 0 27 0 0 0 1 0 0 0 0 0 0 0 0 0 0 0 0 0 0 0 0 2 0 0 0 0 2 3 0 0 0 0 66 12 4 0 0 0 0 0 0 0 0 0 0 0 0 0 0 0 4 0 13 0 0 21 2 0 
 2 3 0 8 5 0 0 0 0 3 0 0 0 1 6 10 0 12 3 0 0 0 0 0 0 0 0 0 0 0 0 0 0 0 3 6 0 0 7 0 0 0 0 51 17 54 11 0 6 0 0 3 0 0 0 4 36 6 0 0 0 148 238 94 47 254 92 73 87 63 87 61 128 68 70 129 118 215 64 139 0 0 0 3 0 3 0 0 0 8 0 0 0 0 0 0 3 2 0 0 0 5 0 0 0 0 0 0 0 0 0 0 6 0 0 0 0 0 0 0 0 0 0 0 0 6 0 0 0 0 0 0 0 0 1 0 0 3 0 1 0 0 16 8 9 1 33 67 9 1 8 7 4 0 5 8 1 1 1 0 0 0 0 0 0 0 0 0 4 3 0 3 0 0 0 2 17 0 0 0 3 0 0 0 0 0 3 5 0 0 0 0 0 0 0 0 0 0 19 0 0 0 0 0 0 0 0 0 0 0 0 0 0 0 0 0 0 0 0 0 54 26 8 9 9 0 12 10 23 16 4 3 0 6 24 6 2 22 0 4 7 0 0 10 0 0 0 0 0 3 0 0 0 0 4 0 0 0 0 0 0 0 0 0 0 0 15 0 0 0 8 2 0 1 0 0 0 0 0 0 0 0 0 0 7 2 0 0 0 0 
