 0 293 206 198 29 251 242 235 107 37 116 119 137 225 153 380 233 151 158 450 2 3 6 0 0 5 0 1 2 0 0 0 0 1 5 1 0 3 3 0 3 0 54 2 3 0 64 0 2 3 2 0 0 0 3 3 6 0 0 0 0 3 3 0 3 3 0 0 0 3 5 3 0 0 0 0 0 2 0 0 25 2 0 1 0 0 0 1 0 0 18 0 2 0 52 12 40 31 0 40 0 0 0 0 0 0 0 1 0 0 0 0 0 4 0 0 0 1 0 0 0 0 0 0 0 0 0 0 0 0 0 0 0 0 0 0 0 0 0 0 0 0 0 0 1 0 3 0 2 0 0 0 0 0 0 0 4 0 0 0 22 26 10 10 0 0 11 12 1 14 16 10 24 0 12 21 0 28 0 15 0 0 0 0 0 0 0 0 0 0 0 0 12 0 0 0 0 0 7 0 0 0 0 0 0 0 0 0 0 0 19 0 0 0 0 0 0 0 0 0 0 0 0 0 0 0 0 0 0 0 0 0 0 0 0 0 10 0 0 0 0 1 0 0 0 2 0 0 3 0 0 7 0 0 0 0 0 0 0 1 0 0 0 0 1 0 0 0 0 0 0 0 1 0 0 0 57 0 0 0 0 0 0 0 0 0 0 0 0 0 
 293 0 77 59 37 40 101 32 259 25 26 46 20 44 130 73 330 46 166 53 0 0 3 0 0 3 0 0 0 0 0 0 0 2 3 0 0 3 3 77 2 0 2 0 3 0 10 0 2 0 0 0 64 0 3 0 3 0 0 0 0 3 45 0 0 0 0 0 0 1 2 0 0 0 0 0 0 0 3 2 15 0 18 10 0 8 21 25 0 12 0 10 45 0 12 11 1 0 0 29 0 0 0 0 39 0 0 0 0 0 0 0 0 0 0 0 0 0 0 49 0 0 0 0 0 0 0 0 0 0 0 0 0 20 0 0 0 0 0 0 0 1 0 0 12 0 0 0 0 0 0 0 0 0 0 0 0 0 0 0 21 0 10 0 13 0 0 13 29 28 0 0 10 18 0 21 11 0 1 2 0 19 0 0 0 0 0 14 0 0 0 0 7 0 0 0 0 0 0 0 0 0 0 0 0 0 0 0 0 0 0 0 0 0 0 0 0 0 0 0 0 18 0 0 0 0 0 0 0 0 0 0 0 0 0 0 0 0 0 0 0 0 0 0 0 0 0 0 0 1 0 9 1 0 0 0 0 0 0 0 0 0 1 0 0 0 0 0 0 0 2 0 0 0 0 0 0 0 0 0 0 0 0 0 0 0 0 0 0 0 
 206 77 0 315 347 257 154 150 49 125 146 41 68 576 464 120 41 259 144 173 0 0 3 0 2 3 0 0 0 0 0 1 0 0 3 1 0 3 2 74 3 0 2 0 3 0 0 0 2 0 0 0 0 1 3 0 3 0 0 4 0 3 4 0 0 1 0 0 0 3 3 0 0 0 0 0 0 0 0 0 35 1 12 1 13 1 0 14 12 10 66 21 28 0 8 0 24 61 0 47 0 1 0 0 0 2 0 0 0 0 0 0 0 0 0 14 0 0 0 0 0 0 1 0 0 0 0 0 0 0 0 0 0 0 0 0 0 0 0 0 0 0 0 0 0 0 0 0 0 0 0 0 0 0 0 0 0 0 0 0 29 11 0 1 0 0 0 24 15 19 21 18 0 0 14 1 0 15 0 0 0 0 2 0 0 0 0 0 9 0 0 0 0 0 0 0 0 0 0 14 0 0 0 0 0 0 0 0 0 0 0 0 0 0 1 0 0 0 0 0 0 0 1 0 2 0 0 0 0 0 0 0 0 0 0 0 0 0 0 0 0 0 0 0 0 0 2 2 4 95 0 4 0 0 0 0 0 0 0 0 0 0 0 0 0 0 0 0 0 10 0 0 0 0 0 21 12 0 0 0 0 0 0 0 0 0 0 0 0 0 
 198 59 315 0 119 45 152 193 67 484 148 151 60 202 263 230 343 140 367 77 0 0 3 0 0 79 0 73 0 1 0 0 0 60 3 0 0 4 1 1 2 0 2 0 3 0 0 0 2 0 0 0 0 0 3 0 3 0 0 0 0 3 1 0 0 0 0 0 2 1 2 0 0 0 0 0 0 0 0 1 17 23 26 0 54 3 10 25 0 3 25 4 17 25 10 0 12 39 13 12 0 2 0 0 0 1 0 0 11 0 0 0 0 9 1 8 0 0 16 0 0 0 0 0 1 0 0 2 0 0 0 0 0 0 0 0 0 0 0 0 0 0 0 0 0 0 0 0 0 0 0 0 0 0 0 0 0 0 0 0 16 30 0 7 10 0 12 0 0 21 40 4 44 0 0 5 0 0 0 0 0 0 2 0 0 0 16 0 1 0 1 0 0 0 0 0 28 0 0 29 0 0 0 0 13 0 0 0 0 0 0 0 0 0 2 0 0 0 0 0 0 0 0 0 0 0 0 0 2 0 0 0 0 0 0 0 0 0 0 0 0 0 0 0 0 0 88 0 6 90 5 12 0 0 0 0 0 0 0 0 0 0 0 0 0 0 0 0 0 0 0 0 0 2 0 0 10 7 0 0 0 0 0 0 0 0 0 0 0 0 
 29 37 347 119 0 353 138 113 185 355 251 374 481 88 464 88 140 260 53 194 94 0 77 0 0 3 18 0 1 81 0 0 75 1 5 75 42 3 76 76 2 0 2 0 3 0 0 0 5 0 0 0 0 0 3 5 3 0 0 2 0 3 2 0 0 0 0 0 0 2 2 0 0 0 0 0 0 0 0 0 9 6 6 13 0 26 1 13 26 9 25 41 0 16 0 0 2 0 0 0 5 33 0 0 0 0 26 31 11 0 1 0 28 24 0 0 13 14 0 10 0 0 0 0 7 0 0 0 0 20 0 0 0 0 0 0 0 0 0 0 0 0 0 0 0 0 0 0 0 0 0 6 0 0 7 0 0 0 0 0 0 0 1 0 16 7 0 28 0 4 0 0 0 10 0 0 0 0 18 0 15 0 1 0 0 0 9 20 24 0 7 0 14 16 0 0 0 13 2 14 0 0 0 0 0 0 0 0 1 0 0 0 0 0 0 0 0 0 0 0 0 0 0 2 0 0 0 0 0 0 0 0 1 0 0 0 0 0 0 0 0 13 0 0 0 1 2 0 7 174 1 5 0 0 0 0 0 0 0 0 0 0 0 0 0 0 0 0 0 0 0 0 0 0 0 9 0 0 0 0 0 0 0 0 0 0 0 0 0 0 
 251 40 257 45 353 0 40 251 42 238 407 228 43 46 264 76 159 90 71 60 117 59 80 0 0 3 124 68 5 25 75 0 76 136 3 134 0 3 170 1 7 0 2 0 3 0 0 0 2 0 1 4 0 0 6 0 6 0 0 0 0 3 3 0 0 0 0 0 28 3 3 0 0 0 0 0 0 1 0 4 0 0 18 5 20 1 0 0 0 0 0 24 0 2 0 1 0 0 0 0 21 11 0 11 0 0 48 73 18 17 1 18 34 20 0 9 11 21 28 0 0 0 0 0 0 2 0 0 20 0 0 0 0 1 0 0 0 0 0 0 0 0 0 0 0 0 0 0 9 0 0 0 0 3 0 0 0 0 0 0 0 32 0 0 34 3 0 0 17 0 0 0 0 0 0 0 0 12 0 0 28 1 18 0 0 0 38 0 25 0 5 0 2 30 26 0 40 18 19 62 0 19 0 0 0 0 0 0 7 0 0 0 0 0 0 0 0 2 0 0 0 0 0 0 0 0 1 0 0 0 0 0 0 1 0 0 0 0 0 0 0 15 5 0 0 0 49 2 13 85 5 1 0 2 2 0 0 0 0 0 0 0 0 0 0 0 0 0 0 0 0 0 0 0 0 0 0 0 0 0 0 9 0 0 0 0 0 0 0 8 
 242 101 154 152 138 40 0 179 36 53 42 38 255 243 128 38 50 264 244 222 3 2 6 0 0 3 0 0 3 0 0 1 0 0 3 1 0 3 2 0 2 0 2 0 3 0 3 0 3 3 0 0 0 0 3 0 3 0 0 0 0 28 1 0 0 0 0 0 2 1 2 3 0 4 0 0 0 3 3 1 37 10 27 0 0 0 15 20 0 30 14 0 30 1 30 15 42 0 32 35 0 0 0 0 0 0 0 0 0 0 0 0 0 0 0 0 0 0 0 0 0 0 0 0 0 0 0 0 0 0 0 0 0 0 1 0 0 0 0 1 0 0 0 1 11 0 0 0 0 0 0 0 0 0 4 0 0 0 0 0 29 8 1 0 0 0 11 0 27 0 11 19 45 25 28 20 19 0 13 1 0 0 0 0 0 0 0 0 0 0 0 0 0 2 0 0 0 0 0 0 0 0 0 0 0 0 0 0 0 0 0 0 0 0 0 0 0 0 0 1 0 0 0 0 0 0 0 0 0 0 2 0 0 0 0 0 0 0 0 0 0 0 0 0 0 0 0 0 2 2 0 6 0 0 0 0 0 0 0 0 2 0 0 0 0 0 0 0 0 0 0 0 0 0 0 0 11 0 0 0 0 0 0 0 0 0 0 0 0 0 
 235 32 150 193 113 251 179 0 250 143 82 161 114 173 299 109 54 200 173 244 1 3 3 3 0 39 1 2 0 0 0 0 0 5 3 0 0 3 9 0 31 3 5 6 56 3 33 3 2 3 0 1 0 35 3 3 3 0 3 13 0 1 3 0 2 1 0 0 0 3 6 0 0 0 0 0 0 2 3 0 45 21 9 6 0 0 10 0 11 0 14 0 20 9 29 7 45 43 20 26 0 0 0 0 2 0 0 0 0 0 0 0 0 0 0 0 0 1 0 20 0 0 0 0 0 0 0 0 0 0 0 0 0 0 0 0 0 0 0 0 0 0 0 0 0 0 0 0 10 10 0 2 0 6 3 6 0 0 0 0 25 9 0 12 0 35 0 11 0 13 50 18 16 18 25 6 14 14 16 13 0 0 0 0 0 0 0 0 2 0 0 1 25 0 0 0 0 0 19 0 0 0 0 0 2 0 0 0 0 0 0 1 0 0 0 0 0 0 0 0 0 0 9 0 0 0 0 0 0 0 2 0 0 0 0 0 0 0 0 0 0 1 0 0 0 0 0 2 1 0 2 11 0 0 0 0 0 0 0 0 0 0 0 0 0 0 0 0 0 0 0 0 0 0 0 0 0 0 0 0 0 0 0 0 0 0 0 0 0 0 
 107 259 49 67 185 42 36 250 0 381 314 123 378 101 149 47 350 127 247 64 0 0 3 0 2 3 0 0 0 0 0 0 0 0 3 0 0 3 12 75 3 0 2 0 3 0 1 0 2 0 0 3 0 0 7 1 3 0 0 0 0 3 3 0 0 0 0 0 0 3 3 0 0 0 1 0 0 0 50 0 13 49 14 33 7 25 9 11 20 29 18 28 0 22 9 4 32 0 0 4 6 3 0 15 0 0 21 9 0 28 1 0 14 10 0 0 0 0 34 45 0 0 0 0 0 0 0 0 0 0 0 0 0 0 0 0 0 0 0 0 0 0 0 0 0 0 12 0 0 0 0 3 0 0 0 0 0 0 0 0 11 34 0 14 19 17 0 14 18 14 0 37 17 13 0 0 13 61 0 10 0 0 0 0 0 0 7 0 27 0 0 0 23 18 0 0 0 0 26 19 0 0 0 0 0 0 0 0 12 0 0 0 0 0 0 0 0 0 0 0 0 0 0 0 0 0 0 0 0 0 0 0 0 0 0 0 0 0 0 0 0 15 0 0 0 2 49 0 0 1 0 3 0 0 0 0 0 0 0 0 0 0 0 0 0 0 0 0 0 0 0 0 0 0 0 1 0 0 0 0 0 0 0 0 0 0 0 0 0 0 
 37 25 125 484 355 238 53 143 381 0 240 231 354 275 121 324 276 71 105 118 0 0 3 7 0 3 0 0 0 0 0 0 74 75 5 0 0 3 79 63 4 2 2 0 3 0 1 0 2 0 0 0 0 0 3 0 6 0 0 0 0 3 0 0 0 0 0 0 0 0 2 0 0 0 0 0 0 0 0 2 1 21 0 21 32 20 2 1 19 1 10 35 19 8 2 10 40 0 0 10 6 14 0 0 0 0 23 10 0 1 0 0 13 4 0 0 0 0 19 9 0 0 0 0 0 0 0 0 0 0 0 0 9 0 0 0 0 0 0 0 0 0 0 0 0 0 0 0 0 0 0 7 0 0 2 0 0 0 0 0 0 38 1 24 11 0 16 17 15 24 0 18 20 13 0 9 0 15 0 14 0 0 0 0 0 0 30 0 10 0 0 0 19 0 0 0 21 0 5 0 0 0 0 0 0 0 0 0 3 0 0 0 0 0 0 0 0 0 0 0 0 0 0 0 0 0 0 0 0 0 0 0 0 0 0 0 0 0 0 0 0 11 0 0 0 0 90 0 95 5 11 1 0 0 0 0 0 0 0 0 0 0 0 0 0 0 0 0 0 0 0 3 0 0 0 0 0 0 0 0 0 0 0 0 0 0 0 0 0 0 
 116 26 146 148 251 407 42 82 314 240 0 155 42 138 707 133 212 73 26 106 0 1 3 0 0 3 0 0 0 0 0 0 82 0 3 0 0 3 76 76 2 0 2 0 3 0 26 0 2 0 0 0 0 4 3 1 3 1 0 0 0 3 1 0 0 0 0 0 54 1 2 0 0 0 0 0 0 0 0 1 24 31 19 13 10 13 1 11 48 16 43 23 39 12 11 0 44 1 0 0 11 20 0 0 0 0 22 23 0 0 0 0 12 2 0 0 2 0 1 2 0 0 0 0 0 0 0 0 0 0 0 0 0 0 0 0 0 0 0 0 0 0 0 0 0 0 0 0 0 0 0 3 0 0 6 0 0 2 0 0 12 3 0 10 16 0 15 1 34 2 26 28 0 15 25 18 0 1 28 0 0 0 0 0 0 0 1 0 16 0 0 11 20 6 0 0 2 0 6 0 0 0 0 0 0 0 0 0 1 0 0 0 0 1 0 0 0 0 0 0 1 2 0 0 0 0 0 0 0 0 0 0 0 0 0 0 0 1 0 0 0 10 0 0 1 4 89 1 2 5 0 7 0 0 0 0 0 0 0 0 0 0 0 0 0 0 0 0 0 0 0 0 0 0 0 10 12 0 0 0 0 0 0 0 0 0 0 0 0 0 
 119 46 41 151 374 228 38 161 123 231 155 0 28 35 152 36 76 75 122 145 76 1 6 0 0 3 149 1 1 0 0 3 26 81 6 78 1 3 38 154 5 0 2 0 5 2 2 3 2 5 1 0 0 0 3 7 3 0 2 2 3 3 6 17 1 3 0 0 0 3 5 0 2 0 0 0 0 0 2 0 10 7 0 21 13 19 0 1 18 0 10 12 0 11 0 0 6 3 0 0 10 19 13 0 0 0 8 15 1 10 20 0 14 42 0 0 16 0 68 5 12 1 0 0 0 0 0 0 0 0 0 0 0 0 0 0 0 0 0 0 0 0 0 0 0 0 0 0 0 0 0 3 0 0 6 0 0 0 0 0 0 1 0 0 2 24 0 0 0 0 0 0 0 12 0 0 0 0 21 0 3 22 0 9 0 0 21 0 14 0 0 0 30 0 40 19 36 29 10 19 0 0 0 0 0 0 0 0 10 0 0 0 0 0 0 0 0 0 0 0 0 0 0 2 0 0 0 0 0 0 0 0 1 0 0 0 0 0 0 0 0 0 0 0 0 6 7 0 87 0 16 3 0 0 0 0 0 0 1 0 0 0 0 0 0 0 0 0 0 0 0 0 0 0 0 0 0 0 0 0 0 0 0 0 0 0 0 0 0 0 
 137 20 68 60 481 43 255 114 378 354 42 28 0 268 28 38 36 47 169 36 0 2 79 0 0 3 0 0 0 0 1 0 0 0 3 0 0 4 4 2 3 0 2 0 3 0 0 0 2 0 0 0 0 0 3 0 3 0 0 0 0 3 3 0 0 0 0 0 0 3 3 0 0 0 0 0 0 3 0 0 15 13 0 0 0 0 14 1 0 0 0 0 0 0 65 9 29 0 0 22 0 0 0 8 0 0 0 0 0 1 0 0 0 0 0 0 0 1 0 0 0 36 0 1 0 0 0 0 0 0 0 0 0 0 0 0 0 0 0 0 0 0 0 0 0 0 4 0 0 0 0 0 0 0 0 0 6 0 0 0 22 1 9 0 0 0 21 0 0 0 0 0 21 20 7 23 0 15 12 29 0 0 0 0 0 0 0 0 2 0 0 0 0 0 0 0 0 0 0 0 0 0 0 0 0 0 0 0 0 0 0 0 0 0 0 0 0 0 0 0 0 0 0 0 0 0 0 0 0 0 0 0 0 0 0 0 0 0 0 19 0 0 0 0 0 1 0 0 3 0 0 11 0 0 0 0 0 0 0 0 0 0 72 0 0 0 0 0 0 0 0 0 0 0 0 0 0 0 0 0 0 0 0 0 0 0 0 0 0 0 
 225 44 576 202 88 46 243 173 101 275 138 35 268 0 100 18 42 165 113 202 0 0 3 0 0 3 0 0 0 0 0 0 0 0 3 0 0 3 3 0 3 0 2 31 3 0 0 0 2 0 0 0 0 0 3 0 3 0 2 3 0 2 3 0 0 0 0 0 0 3 3 0 0 0 0 0 0 2 52 0 51 10 7 0 0 1 30 28 17 13 19 0 23 16 37 0 16 34 0 0 0 0 0 0 0 1 0 0 0 0 0 0 0 0 0 0 0 0 16 0 0 0 0 0 0 0 0 1 0 0 0 0 0 0 12 0 0 0 0 0 0 0 0 0 0 0 2 0 0 0 0 0 0 0 0 0 5 0 0 1 34 0 10 0 0 0 12 0 13 25 10 1 0 27 21 31 0 0 12 0 0 0 2 0 0 0 0 0 0 0 0 0 0 0 0 0 0 0 0 0 1 0 11 0 0 0 0 0 0 0 0 0 0 0 0 1 0 0 0 0 0 0 0 0 0 0 0 0 1 0 0 0 0 0 0 0 0 0 0 0 0 0 0 0 0 1 0 0 3 0 0 4 0 0 0 0 0 0 2 0 0 0 0 0 0 0 0 0 0 0 0 0 0 0 0 0 25 0 0 0 0 0 0 0 0 0 0 0 0 0 
 153 130 464 263 464 264 128 299 149 121 707 152 28 100 0 264 334 227 162 315 0 1 5 0 2 3 0 0 0 0 0 0 2 0 4 1 3 3 4 0 3 2 3 0 3 3 67 0 3 0 0 0 0 0 3 0 3 1 83 1 0 2 3 0 0 0 0 0 1 3 3 0 50 0 0 0 0 0 0 0 4 14 2 14 0 17 1 11 30 30 23 8 0 15 14 0 33 43 0 21 0 0 0 0 0 0 0 0 0 0 2 0 0 0 0 0 0 0 13 13 0 0 0 0 0 0 0 0 2 0 0 0 0 0 0 0 0 0 0 0 0 0 0 0 0 0 0 0 0 0 0 3 0 0 2 0 0 0 0 0 44 32 16 27 0 10 0 34 7 30 20 30 0 14 9 0 0 1 0 0 0 0 0 0 0 2 11 1 0 0 0 0 10 0 0 0 0 2 1 0 0 0 0 2 0 0 0 0 0 2 0 0 1 0 0 0 0 0 0 0 0 0 0 0 0 0 1 0 0 0 0 0 0 0 11 0 0 0 0 0 0 0 0 0 0 6 3 0 3 1 0 91 0 0 0 0 0 0 0 0 0 0 16 0 0 0 0 0 6 0 0 0 0 0 0 7 16 0 0 0 0 0 0 0 0 2 0 0 0 0 
 380 73 120 230 88 76 38 109 47 324 133 36 38 18 264 0 282 529 139 175 0 0 3 0 0 3 0 1 0 2 0 2 0 1 3 0 0 3 2 152 3 2 2 0 6 0 25 0 2 0 0 0 0 0 3 0 3 0 0 0 0 3 54 0 0 0 1 0 0 3 3 0 0 0 0 0 0 0 0 0 51 0 1 10 11 28 0 0 2 0 37 7 14 0 9 0 31 70 0 38 0 0 0 0 0 0 0 0 0 0 0 0 0 0 0 26 0 0 0 29 0 0 0 0 0 0 0 0 0 0 0 0 0 0 0 0 0 0 0 0 0 9 0 0 0 0 0 0 0 0 0 0 0 0 0 0 0 0 0 0 18 11 13 32 0 11 0 24 10 29 13 16 0 0 16 1 13 20 7 0 0 0 0 0 0 0 3 21 0 0 0 0 26 0 0 0 0 0 38 13 0 0 0 0 0 0 0 0 0 0 0 0 0 0 0 0 0 0 0 0 0 0 0 0 0 0 0 0 0 0 0 0 0 0 0 0 0 15 0 0 0 0 0 0 0 3 3 1 2 2 1 4 1 0 0 0 0 0 0 2 0 0 2 0 0 0 0 0 0 0 0 0 0 0 0 9 39 0 0 0 0 0 0 0 0 0 0 0 0 0 
 233 330 41 343 140 159 50 54 350 276 212 76 36 42 334 282 0 197 83 42 0 2 4 4 2 3 0 0 0 0 1 0 0 0 3 1 0 3 2 147 8 0 2 0 3 0 1 0 2 0 0 0 0 0 3 3 5 0 0 0 0 3 48 0 0 0 0 0 0 3 3 0 0 0 0 0 0 0 0 0 10 14 0 33 5 29 2 13 1 28 63 23 24 20 7 32 15 6 0 14 10 20 0 0 0 0 4 4 0 0 0 0 0 40 0 0 0 0 22 75 0 0 0 0 0 0 0 0 0 0 0 6 0 0 0 0 0 0 0 0 0 1 0 0 0 0 0 0 0 0 0 1 0 0 0 0 0 0 0 0 0 38 0 21 16 29 17 12 19 11 0 30 24 1 0 12 13 55 0 15 0 1 0 0 0 0 18 0 17 0 0 0 40 0 0 0 0 0 28 0 0 0 0 0 0 0 0 0 31 0 0 0 0 0 0 0 0 0 0 0 0 1 0 0 0 0 0 0 0 0 0 0 4 0 0 0 0 0 0 0 0 10 0 0 0 2 88 0 2 6 0 8 0 0 0 0 0 0 0 0 0 0 0 1 0 0 0 0 0 0 0 0 0 0 0 9 0 0 0 0 0 0 0 0 0 0 0 0 0 0 
 151 46 259 140 260 90 264 200 127 71 73 75 47 165 227 529 197 0 423 277 0 1 4 0 1 3 1 90 0 0 1 0 73 0 3 0 0 3 2 1 3 0 2 0 3 0 60 0 2 0 110 0 0 0 3 0 3 1 0 0 0 3 3 0 0 0 0 0 0 3 3 0 0 0 0 0 0 0 0 0 3 0 0 0 12 2 0 0 15 29 5 10 0 1 0 15 0 57 1 0 0 0 0 0 0 1 0 0 0 1 0 0 2 10 1 13 0 0 25 20 0 0 2 0 0 0 0 2 0 0 0 0 0 0 0 0 0 0 0 0 0 0 0 0 0 0 0 0 0 0 0 0 0 0 0 0 0 0 0 0 2 0 0 32 20 36 0 2 0 49 29 12 0 0 0 0 33 24 0 0 36 0 0 0 0 0 0 0 0 0 0 0 17 0 16 0 0 6 27 13 2 0 16 0 0 0 0 0 0 0 0 0 0 0 0 0 0 0 0 0 0 0 2 0 1 0 9 0 2 0 0 0 0 0 0 0 0 0 0 0 0 0 0 0 0 5 89 0 4 1 0 1 20 0 0 0 0 0 0 0 0 0 15 0 0 0 0 0 0 0 0 0 0 0 0 0 25 7 0 0 0 0 0 0 0 0 0 0 0 0 
 158 166 144 367 53 71 244 173 247 105 26 122 169 113 162 139 83 423 0 186 0 0 3 1 0 3 0 0 0 0 0 1 1 0 3 0 0 3 4 1 3 0 2 0 3 0 0 63 2 0 0 0 0 0 3 0 3 0 0 0 0 2 3 0 0 0 0 0 0 3 58 0 0 0 0 0 0 0 0 0 36 0 18 19 0 0 42 1 0 15 0 0 53 27 13 10 12 1 12 67 0 0 0 15 0 0 0 0 0 0 14 0 0 0 0 0 0 0 0 0 0 0 0 0 0 2 0 0 0 0 0 0 0 1 0 0 0 0 0 0 0 0 0 0 2 0 16 0 0 0 0 1 0 0 8 0 0 0 0 0 16 19 0 7 0 0 38 0 0 29 12 10 38 1 0 13 14 15 28 27 0 2 0 0 0 1 0 0 0 0 0 0 2 0 0 0 0 1 0 0 0 0 0 1 0 0 0 0 0 1 0 0 0 0 0 0 0 0 0 0 0 0 0 0 0 0 0 0 0 0 0 0 0 0 0 0 0 0 0 0 0 0 0 0 0 1 0 0 0 1 0 6 0 0 0 0 0 0 0 0 0 0 0 0 0 0 1 0 0 0 0 0 0 0 0 0 3 0 0 0 0 0 0 0 0 0 0 0 0 0 
 450 53 173 77 194 60 222 244 64 118 106 145 36 202 315 175 42 277 186 0 0 0 3 0 0 3 0 0 0 7 0 0 3 58 6 0 3 8 5 3 3 3 2 0 6 0 0 2 2 0 0 0 0 0 3 0 3 0 0 4 0 3 6 0 0 1 0 0 0 3 3 0 3 0 0 0 0 0 3 0 13 0 19 2 0 0 6 19 18 29 15 0 32 4 35 21 16 16 29 33 0 0 0 0 0 0 0 0 0 0 0 0 0 0 0 0 0 0 0 0 0 0 0 0 0 0 0 0 0 0 0 0 0 11 0 0 0 0 0 0 0 0 0 0 0 0 2 0 0 5 0 0 0 0 2 15 0 0 0 0 18 0 3 19 0 33 0 3 26 14 11 35 10 44 34 7 25 0 15 0 0 0 0 0 0 0 0 0 0 0 0 0 0 0 0 0 0 0 2 0 0 0 0 0 0 0 0 0 0 0 0 0 0 0 0 0 0 0 0 0 0 0 0 0 0 0 0 0 0 0 2 0 0 0 0 0 0 0 0 0 0 0 0 0 0 0 0 2 1 0 0 7 0 0 0 0 0 0 0 0 0 0 15 0 0 0 0 0 0 0 0 0 0 0 0 0 1 0 0 0 0 0 0 0 0 0 0 0 0 12 
 2 0 0 0 94 117 3 1 0 0 0 76 0 0 0 0 0 0 0 0 0 269 141 153 34 191 168 128 60 181 202 239 257 110 133 431 42 38 671 45 0 0 0 0 0 0 3 0 102 2 1 0 3 0 17 9 0 0 0 0 0 0 0 0 0 2 0 0 0 0 3 0 0 0 0 0 0 0 0 9 0 0 0 0 0 5 0 0 0 1 0 29 0 0 0 0 0 8 20 0 51 30 5 28 2 26 9 47 21 17 58 1 35 35 12 35 24 21 9 0 1 0 0 0 0 1 0 0 14 1 0 32 0 0 0 0 0 0 0 0 2 0 0 0 0 0 0 0 5 0 0 0 0 3 0 0 0 0 0 0 0 0 0 0 7 6 0 0 0 1 42 2 0 0 2 0 0 0 0 0 41 43 16 0 0 0 12 21 13 19 26 0 0 30 12 19 14 29 17 0 0 0 0 0 0 0 0 0 2 0 0 0 0 0 0 0 0 0 10 0 0 0 0 0 0 0 0 0 0 0 0 0 0 0 0 0 0 0 0 0 0 0 14 0 0 0 0 0 0 74 0 0 0 0 7 0 2 0 0 1 2 0 0 0 0 0 0 0 0 0 0 0 0 0 0 0 0 0 0 0 0 0 0 0 0 0 7 0 0 0 
 3 0 0 0 0 59 2 3 0 0 1 1 2 0 1 0 2 1 0 0 269 0 183 82 37 256 151 267 139 122 195 134 78 128 225 421 175 39 104 27 0 0 0 0 0 0 3 0 3 3 1 0 3 0 0 3 1 0 0 0 0 0 0 0 0 2 0 0 0 0 2 1 0 0 0 0 0 0 0 61 0 0 0 0 0 13 0 0 0 0 0 12 0 1 0 0 0 0 0 0 0 22 8 42 18 0 13 13 3 9 4 9 43 1 20 48 26 26 8 13 0 0 0 0 0 0 0 0 3 0 0 0 23 0 20 0 0 0 0 14 0 0 0 0 0 0 0 0 18 0 0 0 0 9 0 0 0 0 0 0 0 0 0 0 0 3 0 0 0 0 2 0 0 0 0 0 0 5 0 1 20 27 27 0 0 1 1 33 9 0 14 21 0 21 19 0 15 28 18 15 0 0 0 0 0 0 0 0 0 0 0 0 16 0 0 0 0 0 0 0 0 0 0 0 34 0 0 0 0 0 0 0 0 0 0 0 0 0 0 0 0 0 0 0 0 0 0 0 0 1 0 0 0 0 5 0 0 0 0 0 2 0 63 0 0 0 0 0 0 0 0 0 0 0 0 0 0 31 0 0 0 1 0 0 0 0 0 0 0 0 
 6 3 3 3 77 80 6 3 3 3 3 6 79 3 5 3 4 4 3 3 141 183 0 435 46 25 152 103 163 253 115 121 230 358 70 307 280 228 156 72 4 0 0 0 0 0 3 0 3 2 2 0 3 0 0 3 0 0 29 0 0 0 0 0 0 2 27 0 0 0 3 2 0 0 0 0 0 1 0 3 0 0 0 0 0 8 0 0 0 0 0 0 0 0 0 0 0 0 0 0 12 23 0 26 2 0 0 16 84 18 26 18 14 11 9 1 22 12 1 0 10 24 0 2 0 0 19 7 40 0 0 0 29 0 23 0 0 0 0 48 0 0 0 0 0 0 0 0 0 0 0 0 0 4 0 2 1 0 0 0 0 0 0 0 11 0 0 0 0 0 0 0 0 0 0 0 2 0 0 10 10 0 37 21 0 25 0 13 19 70 17 38 0 9 8 12 68 67 0 0 0 0 0 0 0 0 13 0 0 0 0 0 14 0 0 0 2 0 11 11 0 0 0 1 0 0 0 0 0 0 2 0 0 0 0 0 0 0 0 0 0 0 0 0 0 0 0 0 0 0 0 0 0 0 16 1 0 1 0 0 2 2 0 0 0 0 15 0 0 4 0 0 0 0 0 0 0 0 0 0 0 20 0 0 0 0 0 0 0 0 
 0 0 0 0 0 0 0 3 0 7 0 0 0 0 0 0 4 0 1 0 153 82 435 0 382 51 443 126 231 105 342 88 134 164 390 332 132 115 109 274 0 7 0 0 0 0 3 0 3 2 2 28 3 0 0 3 0 0 64 23 0 0 0 54 0 2 0 0 0 0 3 2 0 0 0 0 0 0 0 48 0 0 0 0 0 0 0 0 0 8 0 0 0 0 0 0 0 0 0 0 6 22 20 13 0 18 0 7 21 50 22 0 12 0 2 19 1 5 0 0 0 2 0 0 0 0 13 22 0 0 0 0 10 0 10 0 0 0 27 27 0 0 0 0 0 0 0 0 0 0 0 0 0 0 0 0 0 0 0 0 0 0 0 0 0 0 0 0 0 0 0 0 0 9 0 0 0 0 0 11 0 20 19 25 19 21 10 40 9 64 29 31 17 29 11 34 3 13 0 0 0 0 0 1 0 0 19 0 0 0 0 0 3 21 11 0 16 0 31 7 0 0 0 0 0 0 0 0 0 0 0 0 0 0 0 0 0 0 0 0 0 0 14 0 0 0 0 0 0 0 0 0 0 0 7 2 2 81 1 6 3 0 0 52 0 0 47 0 0 0 0 0 0 0 0 0 0 0 0 0 0 0 0 0 0 19 12 0 0 0 
 0 0 2 0 0 0 0 0 2 0 0 0 0 0 2 0 2 1 0 0 34 37 46 382 0 238 256 52 310 83 102 331 279 67 107 91 53 72 58 97 0 84 0 0 0 1 58 0 24 2 9 0 104 28 2 6 1 0 0 3 1 0 0 0 0 2 0 0 0 9 3 0 0 0 0 0 0 0 0 3 0 0 0 0 0 0 0 0 1 0 0 0 0 0 0 0 0 0 0 0 0 3 0 6 27 30 0 0 6 9 0 0 0 0 0 0 12 0 0 0 29 19 62 2 0 1 0 15 0 0 0 8 6 1 0 0 34 20 21 23 0 0 0 0 0 0 0 0 0 0 3 0 0 0 0 2 0 0 2 0 0 0 0 0 9 0 0 1 0 0 0 0 0 0 0 0 0 0 0 0 0 0 0 7 30 23 0 0 0 22 8 0 0 0 0 0 0 0 0 0 35 21 9 1 0 0 1 2 0 0 20 14 8 1 0 21 40 30 0 9 0 0 0 1 0 0 0 0 0 0 1 14 0 0 0 0 0 0 0 0 0 0 0 0 0 0 0 0 0 0 0 0 0 0 2 1 2 3 76 1 10 20 0 0 0 0 0 0 0 0 0 0 0 0 0 0 0 0 0 0 0 0 0 0 0 0 0 0 0 0 
 5 3 3 79 3 3 3 39 3 3 3 3 3 3 3 3 3 3 3 3 191 256 25 51 238 0 49 33 111 86 146 225 39 37 73 82 137 60 46 115 133 3 9 0 0 0 126 125 92 65 7 1 227 132 0 74 133 0 63 25 5 0 0 0 2 2 0 0 0 3 6 0 0 0 0 0 0 3 3 3 0 0 0 0 0 0 0 0 0 0 0 0 0 0 0 0 0 0 0 0 0 0 0 0 8 1 0 0 0 0 0 10 0 0 0 0 0 0 0 0 22 0 19 27 0 14 4 24 17 25 0 33 21 22 0 0 47 4 2 0 0 0 0 0 0 0 0 0 0 0 1 0 0 7 0 20 0 0 0 0 0 18 0 0 0 0 0 0 0 0 0 0 0 0 0 0 0 0 0 0 0 0 0 0 17 15 0 0 0 13 0 27 0 0 0 0 0 0 0 0 64 4 48 10 0 0 11 53 0 26 3 10 0 92 5 78 24 51 0 24 0 0 0 0 0 0 0 0 0 0 0 0 0 0 0 0 0 0 0 0 0 0 0 0 0 0 0 0 0 0 0 0 0 0 2 0 1 4 76 0 0 0 0 0 0 19 0 1 0 0 0 0 0 0 0 0 0 0 0 0 0 0 0 0 1 0 0 0 0 0 
 0 0 0 0 18 124 0 1 0 0 0 149 0 0 0 0 0 1 0 0 168 151 152 443 256 49 0 319 48 31 120 248 305 162 267 74 170 109 204 100 2 0 0 1 0 0 3 0 3 3 2 0 3 0 0 3 0 0 0 0 0 0 0 0 0 2 0 0 0 0 2 0 0 0 0 0 0 0 0 3 0 0 0 2 30 0 0 0 0 0 0 14 0 0 0 0 0 41 0 0 23 12 28 9 15 0 37 30 0 55 12 9 18 20 19 4 0 7 3 0 0 0 0 0 0 0 0 16 3 0 0 0 0 0 0 0 0 0 33 36 0 0 0 0 0 0 18 0 0 0 0 0 0 0 0 0 0 0 0 0 0 0 0 0 0 1 0 0 0 0 0 0 0 0 0 0 0 0 0 0 30 25 9 35 0 7 22 45 16 0 19 0 10 11 41 19 26 21 0 7 0 0 0 0 0 0 0 0 0 0 0 0 0 0 0 0 0 0 0 0 0 0 6 0 0 0 0 0 0 0 0 0 0 0 0 0 0 0 0 0 0 0 8 0 0 74 0 0 0 77 0 0 0 0 16 0 0 82 0 1 2 1 0 0 0 0 0 0 0 0 0 0 0 0 0 0 0 0 0 1 0 6 0 0 0 1 0 0 0 0 
 1 0 0 73 0 68 0 2 0 0 0 1 0 0 0 1 0 90 0 0 128 267 103 126 52 33 319 0 51 46 133 34 189 164 51 145 345 26 362 356 0 0 5 0 0 0 3 0 3 1 0 0 3 0 1 2 0 0 0 0 0 0 0 0 0 2 0 0 0 0 3 0 0 0 0 0 0 0 0 8 0 0 0 0 9 0 0 0 0 0 0 11 0 0 0 0 0 1 0 0 0 0 22 3 12 0 31 12 10 20 11 0 45 0 14 46 35 15 37 2 0 0 0 0 0 0 0 0 0 0 0 0 0 0 0 0 0 0 18 0 0 0 2 0 0 0 0 0 0 0 0 0 0 1 0 0 0 17 0 6 0 0 7 0 1 7 0 7 0 0 11 0 41 0 0 0 0 0 0 0 21 26 14 0 0 0 11 13 18 11 8 0 0 1 20 0 30 15 0 14 0 0 0 0 0 0 0 0 0 0 0 0 0 0 0 0 0 0 1 10 0 0 0 0 0 0 0 0 0 0 0 0 0 0 0 0 0 0 0 0 0 0 11 0 0 0 0 0 0 0 0 0 0 0 16 0 2 1 77 2 9 0 0 0 0 0 0 0 0 0 0 0 0 0 0 0 0 12 0 10 0 1 0 0 0 0 1 0 0 0 
 2 0 0 0 1 5 3 0 0 0 0 1 0 0 0 0 0 0 0 0 60 139 163 231 310 111 48 51 0 365 311 107 85 121 468 42 34 122 92 300 1 0 15 0 0 0 3 0 3 1 1 0 3 0 1 2 0 0 50 207 0 0 0 0 6 2 3 0 0 0 3 0 0 0 0 0 1 0 0 9 0 0 0 0 0 0 0 0 0 0 0 2 0 0 0 0 0 0 0 0 21 23 33 20 27 8 1 41 11 30 18 11 2 0 16 18 0 28 2 1 3 0 0 0 0 0 7 0 22 0 0 0 0 0 0 0 0 0 16 19 0 0 0 0 0 0 0 0 0 2 0 0 0 0 0 0 0 0 0 0 2 0 0 0 0 0 0 0 0 0 0 0 0 0 0 0 0 12 0 0 14 35 15 12 13 0 9 23 0 1 0 16 18 35 0 47 0 23 0 0 0 0 0 0 0 2 0 0 0 0 0 0 14 0 0 0 0 0 9 0 0 0 0 0 0 0 0 0 0 0 0 0 0 0 0 1 0 0 0 0 0 0 0 0 0 0 0 0 0 75 0 0 0 0 8 0 2 117 2 0 2 2 0 0 0 0 0 0 0 0 0 0 0 0 0 0 0 0 0 12 0 0 0 0 1 1 2 0 0 0 
 0 0 0 1 81 25 0 0 0 0 0 0 0 0 0 2 0 0 0 7 181 122 253 105 83 86 31 46 365 0 258 375 118 306 135 257 47 153 203 307 0 1 5 0 6 0 3 0 3 3 1 0 3 0 65 3 0 0 61 63 0 0 0 0 0 2 0 0 0 0 2 0 0 0 0 0 0 0 0 3 0 0 0 0 0 11 0 0 10 0 0 0 0 0 0 0 0 0 0 0 2 9 0 14 24 0 0 11 14 0 29 10 11 2 0 0 36 23 2 0 34 3 0 0 0 0 13 34 26 0 0 0 27 0 0 0 0 5 0 0 0 0 0 0 0 0 0 0 6 0 0 0 0 8 0 0 0 0 4 0 0 0 0 0 9 5 0 0 1 0 0 0 0 0 0 0 5 0 0 8 10 0 23 6 24 14 0 19 13 0 33 22 0 8 21 0 18 34 14 0 14 0 13 12 0 0 15 0 13 0 0 0 16 0 0 0 14 0 10 30 0 0 0 0 0 0 0 0 0 0 0 0 0 0 0 0 0 0 0 0 0 0 0 0 0 0 0 0 0 0 0 0 0 0 5 0 1 5 77 2 5 0 0 0 0 0 0 0 0 0 0 0 0 0 0 0 0 0 0 0 0 13 0 0 0 0 0 0 0 0 
 0 0 0 0 0 75 0 0 0 0 0 0 1 0 0 0 1 1 0 0 202 195 115 342 102 146 120 133 311 258 0 159 339 263 298 140 371 359 53 504 0 0 4 0 0 0 3 0 3 3 2 0 65 0 20 3 1 0 74 0 0 0 0 0 0 2 5 0 0 0 2 0 0 0 0 0 0 65 0 10 1 0 0 0 0 0 0 0 0 0 0 0 0 0 0 0 0 0 0 0 14 11 15 15 28 9 17 31 10 19 17 8 0 0 12 7 0 53 0 0 18 11 0 0 0 0 22 0 8 0 0 27 1 0 0 16 0 0 11 13 0 0 0 0 9 0 0 0 0 0 0 0 0 0 0 0 0 0 0 0 0 0 0 0 0 3 0 0 4 0 0 0 0 0 0 0 5 0 0 1 0 19 2 20 12 15 10 13 19 1 3 18 6 27 1 45 19 41 0 10 0 0 0 0 0 0 0 0 0 0 0 0 0 0 0 0 3 1 1 0 0 0 0 0 0 0 2 0 0 0 0 0 0 0 0 0 0 0 0 0 0 0 0 0 0 0 0 0 0 0 0 0 0 0 15 0 4 149 44 1 5 0 0 0 0 0 0 0 0 0 0 0 0 0 0 0 0 0 0 8 0 1 0 0 0 1 14 0 0 0 
 0 0 1 0 0 0 1 0 0 0 0 3 0 0 0 2 0 0 1 0 239 134 121 88 331 225 248 34 107 375 159 0 62 32 30 34 297 130 38 53 63 0 22 0 0 0 4 0 69 2 1 0 38 0 62 3 63 0 0 95 0 0 0 0 0 2 0 0 3 0 3 0 0 0 0 0 0 0 0 3 0 0 0 0 0 0 0 0 0 0 0 0 0 0 0 15 0 0 0 0 0 0 0 22 38 34 0 0 10 0 19 1 0 0 0 0 1 13 0 0 34 2 0 0 0 0 18 0 39 0 0 0 25 0 7 0 9 0 0 13 0 0 0 0 0 0 0 0 0 0 24 0 0 0 0 0 0 0 3 0 0 2 0 0 0 6 0 0 3 0 0 0 0 0 0 0 3 2 0 0 0 0 0 19 22 0 1 0 0 20 9 71 0 0 0 0 0 17 0 0 29 15 0 0 0 0 13 0 14 0 0 0 40 10 12 19 10 0 0 15 0 0 0 0 0 0 0 0 0 0 0 0 0 0 0 0 0 0 0 0 0 0 0 0 0 0 0 0 0 0 0 0 0 0 11 1 0 42 1 1 2 12 0 0 0 25 0 0 0 0 0 0 0 0 0 0 0 0 0 0 0 0 0 0 0 22 0 0 0 0 
 0 0 0 0 75 76 0 0 0 74 82 26 0 0 2 0 0 73 1 3 257 78 230 134 279 39 305 189 85 118 339 62 0 134 225 127 145 124 305 220 0 0 0 0 3 0 3 0 3 3 29 0 3 0 0 6 0 0 0 2 0 0 0 0 0 2 0 0 0 0 2 0 0 0 0 0 0 1 0 3 0 0 0 22 0 30 15 0 0 0 0 27 0 0 0 0 0 12 0 0 39 19 12 0 24 0 1 19 0 19 64 0 24 12 18 1 26 21 0 52 0 0 0 0 0 0 0 0 0 0 0 0 0 0 0 1 0 0 14 0 2 0 0 0 0 0 0 0 0 0 0 0 0 0 0 0 0 0 0 9 0 0 0 0 12 0 0 0 0 11 8 1 0 0 0 0 11 0 0 0 54 33 47 23 0 8 0 40 8 0 11 0 17 36 56 25 0 10 27 0 0 0 0 0 0 0 1 0 10 0 0 0 0 0 0 0 25 0 0 0 0 0 0 0 0 0 0 0 0 0 0 0 0 0 0 0 0 0 0 0 0 0 13 0 0 0 0 0 0 0 0 0 6 0 11 0 2 1 0 0 4 2 0 0 0 0 0 0 0 0 0 0 0 0 0 0 0 0 0 1 0 6 0 0 0 0 0 0 0 0 
 1 2 0 60 1 136 0 5 0 75 0 81 0 0 0 1 0 0 0 58 110 128 358 164 67 37 162 164 121 306 263 32 134 0 258 130 51 44 102 98 0 0 1 0 1 2 3 0 4 2 4 0 5 3 0 8 0 1 0 3 0 0 0 0 0 2 0 4 0 0 4 0 0 0 0 0 0 0 0 3 0 0 0 0 28 0 0 0 0 0 0 14 0 0 0 0 0 11 0 0 27 8 10 47 0 26 0 0 37 2 14 10 11 27 35 0 17 0 23 0 0 0 0 0 0 0 12 12 26 0 0 0 0 0 0 0 0 0 1 17 0 0 0 0 0 0 0 0 16 0 0 0 0 6 0 0 0 0 9 0 0 0 0 0 17 9 0 21 0 0 13 0 0 0 0 0 0 3 0 0 33 34 11 40 0 39 8 15 7 7 18 0 0 0 10 20 20 0 16 15 0 0 1 2 0 0 0 0 0 0 0 0 0 0 0 0 0 0 10 22 0 0 0 0 0 0 0 0 0 0 0 0 0 0 0 0 0 0 0 0 0 0 16 0 0 0 0 0 62 0 26 0 0 2 7 2 0 0 2 0 0 2 0 0 0 0 19 0 0 0 0 0 0 0 0 0 0 0 0 0 0 0 0 0 0 0 0 0 0 0 
 5 3 3 3 5 3 3 3 3 5 3 6 3 3 4 3 3 3 3 6 133 225 70 390 107 73 267 51 468 135 298 30 225 258 0 383 276 74 178 629 0 0 0 0 0 0 3 52 3 2 2 0 3 0 0 3 0 0 0 0 0 0 0 0 0 2 0 0 0 0 3 0 0 0 0 0 0 2 0 4 0 0 0 0 0 0 0 0 0 0 0 0 0 0 0 0 0 0 0 0 38 18 30 44 15 18 14 18 25 13 26 12 0 11 16 40 0 19 0 18 0 0 0 0 0 0 0 3 0 0 0 0 12 0 13 0 0 15 27 13 0 0 0 0 0 0 0 0 0 0 0 0 0 16 0 0 0 0 0 0 0 0 0 0 0 0 0 0 0 0 0 0 0 0 0 0 0 4 0 0 10 24 35 12 0 12 9 33 14 20 10 0 7 29 13 23 0 15 0 0 0 0 0 0 0 0 0 0 0 0 0 0 16 0 0 0 0 0 23 0 0 0 0 0 0 0 0 0 0 0 0 0 0 0 0 12 0 0 0 0 0 0 0 0 0 0 0 0 0 0 0 0 0 0 1 0 2 83 1 2 0 0 0 0 0 69 13 0 0 0 0 17 0 0 0 0 0 0 0 13 0 7 0 0 0 0 30 0 0 0 
 1 0 1 0 75 134 1 0 0 0 0 78 0 0 1 0 1 0 0 0 431 421 307 332 91 82 74 145 42 257 140 34 127 130 383 0 89 152 421 79 0 0 0 0 0 0 3 0 3 3 2 0 3 0 0 3 1 0 38 0 0 0 0 0 0 2 0 0 0 0 2 0 0 0 0 0 0 0 0 3 0 0 0 0 9 5 0 0 0 0 0 0 0 2 0 0 0 0 0 0 13 18 23 25 3 0 17 29 28 14 64 0 33 27 15 2 22 10 12 0 0 10 0 0 0 0 8 19 11 0 0 0 10 0 32 0 0 0 0 27 0 0 0 0 0 0 0 0 5 0 0 0 0 15 0 0 0 0 0 0 0 22 0 0 10 1 17 0 0 0 1 0 0 0 0 0 8 0 0 6 9 0 30 17 0 1 0 2 42 13 20 6 1 18 12 0 40 71 13 41 0 0 0 0 0 0 0 0 0 0 0 0 11 0 0 0 0 0 32 0 0 0 0 0 0 0 0 0 0 0 0 0 0 0 0 0 0 0 0 0 0 0 0 0 0 0 0 0 0 0 0 7 0 0 13 1 0 0 0 2 2 0 0 0 0 0 0 0 0 0 0 0 0 0 0 0 0 0 0 0 0 19 0 0 0 0 0 0 0 0 
 0 0 0 0 42 0 0 0 0 0 0 1 0 0 3 0 0 0 0 3 42 175 280 132 53 137 170 345 34 47 371 297 145 51 276 89 0 202 195 461 0 0 0 0 0 0 3 6 4 1 1 1 3 0 1 2 0 0 4 2 6 0 6 0 0 3 0 0 0 0 7 0 3 0 0 0 0 0 2 3 0 0 0 0 0 0 0 0 0 2 0 0 0 0 0 0 0 0 0 0 0 9 55 25 79 0 14 9 10 20 49 20 0 0 33 13 3 25 0 0 5 0 0 0 0 2 10 0 2 2 0 14 6 0 12 0 0 0 32 24 0 0 0 0 0 0 0 0 0 0 0 0 0 1 0 0 0 0 0 0 0 0 0 0 0 0 0 13 0 2 0 1 0 0 0 0 0 3 0 0 10 11 36 1 9 36 0 35 19 1 8 9 19 15 41 17 0 24 1 0 0 0 0 0 0 0 35 1 16 0 0 0 21 0 0 0 0 0 15 11 0 0 0 0 0 0 0 0 0 0 0 0 0 0 0 0 0 1 0 0 0 0 0 0 0 0 0 0 0 0 0 0 0 0 4 0 1 2 4 2 0 0 0 0 0 0 0 0 0 0 0 0 0 0 0 0 0 0 0 21 0 29 0 0 0 0 0 0 0 0 
 3 3 3 4 3 3 3 3 3 3 3 3 4 3 3 3 3 3 3 8 38 39 228 115 72 60 109 26 122 153 359 130 124 44 74 152 202 0 25 59 0 62 0 0 0 0 3 0 3 3 1 0 3 0 66 10 0 0 109 23 0 0 0 0 0 2 0 0 0 0 2 0 0 0 0 0 0 0 1 3 0 0 0 0 0 2 0 0 0 0 0 0 0 0 0 0 0 3 0 0 0 22 7 4 1 9 2 15 0 14 44 8 0 0 12 0 11 15 0 0 16 22 0 0 0 0 26 14 0 0 0 0 10 0 8 0 0 0 11 14 29 0 0 0 0 0 0 0 0 0 0 0 0 0 0 0 0 0 0 0 0 0 0 0 0 7 0 0 2 0 0 0 0 0 0 0 4 0 0 5 2 0 0 19 7 23 0 8 6 24 8 56 7 15 0 15 8 23 0 0 4 0 0 1 0 0 26 0 11 0 0 0 19 11 9 0 11 0 22 13 0 0 0 0 0 0 1 0 2 0 0 0 0 0 0 0 0 0 0 0 0 0 0 0 0 0 0 0 0 0 0 0 0 0 9 0 2 77 0 0 2 0 0 0 0 0 0 0 0 0 0 0 0 0 0 0 0 0 0 0 0 0 0 0 0 19 0 0 0 0 
 3 3 2 1 76 170 2 9 12 79 76 38 4 3 4 2 2 2 4 5 671 104 156 109 58 46 204 362 92 203 53 38 305 102 178 421 195 25 0 164 0 0 0 0 0 0 3 0 3 3 0 2 3 0 2 4 0 0 0 0 0 0 3 0 0 2 0 0 0 0 2 0 0 0 0 0 50 50 0 3 0 13 15 18 35 20 0 0 6 21 2 36 0 0 1 7 0 0 0 0 30 12 0 16 12 0 7 0 0 0 22 0 34 42 0 0 14 9 7 0 0 4 5 0 0 0 1 0 21 0 0 0 0 0 0 0 0 0 2 0 2 0 0 1 0 0 3 1 2 0 0 0 3 3 0 0 0 0 1 1 7 0 9 15 10 0 0 0 0 0 0 6 0 0 0 0 6 10 0 0 51 45 19 18 0 16 0 11 8 0 18 0 0 39 44 2 0 0 22 18 0 0 0 2 0 0 0 0 12 0 0 0 0 0 0 0 0 0 0 0 0 0 0 0 0 0 0 0 0 0 0 0 0 0 0 0 0 0 0 0 0 1 0 0 0 0 1 0 0 1 0 0 0 0 5 4 2 0 0 0 2 1 14 0 0 0 0 0 0 0 0 0 0 0 0 0 0 1 0 0 0 4 0 0 0 0 0 0 0 0 
 0 77 74 1 76 1 0 0 75 63 76 154 2 0 0 152 147 1 1 3 45 27 72 274 97 115 100 356 300 307 504 53 220 98 629 79 461 59 164 0 56 0 0 0 0 0 3 0 3 2 62 0 3 0 0 9 0 0 0 0 0 0 0 0 0 2 0 0 0 0 3 0 34 0 0 1 2 2 0 3 0 10 0 26 7 40 0 0 0 0 24 13 0 0 1 0 10 19 0 0 11 15 45 0 42 0 20 0 0 0 22 15 7 21 12 11 14 1 0 35 0 0 0 0 0 0 1 0 0 0 0 0 0 0 0 0 0 0 14 12 0 0 0 1 0 0 0 0 0 0 0 0 0 0 0 0 0 0 0 0 0 18 12 14 15 11 0 13 6 29 34 9 0 0 0 0 10 19 0 0 8 26 0 19 0 0 10 7 3 0 0 0 47 0 12 11 0 0 9 9 0 0 0 2 0 0 0 0 12 0 0 0 0 0 0 0 0 0 0 0 0 0 0 0 0 4 0 0 0 0 0 0 0 0 0 0 0 0 0 0 0 1 0 0 0 0 77 0 0 0 0 0 12 1 8 4 2 77 0 1 2 0 0 0 0 0 0 0 0 0 0 0 0 0 0 4 0 1 0 48 0 0 0 0 0 0 0 0 0 0 
 3 2 3 2 2 7 2 31 3 4 2 5 3 3 3 3 8 3 3 3 0 0 4 0 0 133 2 0 1 0 0 63 0 0 0 0 0 0 0 56 0 156 294 411 35 48 235 216 118 57 116 92 131 207 108 174 129 160 259 132 7 0 3 11 2 4 0 0 0 0 2 0 0 0 0 0 1 1 10 0 0 0 0 0 0 0 0 0 0 0 0 0 0 0 0 0 0 0 0 0 0 0 0 0 20 9 0 0 0 0 0 0 0 0 0 0 0 0 0 0 0 59 0 9 0 6 5 46 56 0 0 15 0 38 15 9 5 0 15 0 10 15 0 0 0 0 0 0 7 0 0 0 0 0 0 0 0 0 0 1 0 14 0 0 0 0 0 0 3 0 0 0 0 0 0 0 0 0 0 0 0 0 0 0 0 0 0 0 0 0 0 0 0 0 0 0 0 0 0 0 2 1 5 13 0 0 7 10 27 1 0 17 0 30 32 55 28 9 0 12 0 0 0 0 3 0 0 0 0 0 0 0 12 21 0 0 0 0 0 0 0 0 0 0 0 0 0 0 0 0 0 4 0 0 0 0 0 0 0 0 0 0 1 0 68 22 2 66 0 0 23 0 0 11 0 4 0 0 0 0 0 0 0 0 14 0 0 0 1 0 
 0 0 0 0 0 0 0 3 0 2 0 0 0 0 2 2 0 0 0 3 0 0 0 7 84 3 0 0 0 1 0 0 0 0 0 0 0 62 0 0 156 0 246 74 99 33 87 86 283 44 284 27 41 37 185 65 131 73 40 357 20 0 0 1 0 4 50 0 0 0 0 0 6 50 0 0 0 0 0 0 0 0 0 0 0 0 0 0 0 0 0 0 0 0 0 0 0 0 0 0 0 0 0 0 2 5 0 0 0 0 0 5 0 0 0 0 0 0 0 0 37 31 26 7 10 15 10 11 12 5 22 0 14 20 13 7 24 32 0 0 0 2 7 0 0 0 0 9 0 0 0 0 0 0 0 0 0 0 0 10 0 0 0 0 0 0 0 0 0 0 0 0 0 0 0 0 0 0 0 0 0 0 0 0 10 13 0 0 0 21 0 19 0 0 0 0 0 0 0 0 24 29 23 43 7 21 49 24 0 36 43 9 0 17 12 7 36 15 0 11 1 0 0 0 0 0 1 0 0 0 0 0 40 10 0 0 0 0 18 15 0 0 0 0 0 0 0 0 0 0 0 3 0 0 0 0 0 0 8 0 0 0 2 2 0 2 0 1 1 0 0 0 0 0 0 0 0 0 0 0 0 0 0 0 17 0 0 0 1 0 
 54 2 2 2 2 2 2 5 2 2 2 2 2 2 3 2 2 2 2 2 0 0 0 0 0 9 0 5 15 5 4 22 0 1 0 0 0 0 0 0 294 246 0 332 51 30 491 172 369 423 122 94 91 285 338 643 60 50 259 50 1 0 0 3 0 0 46 0 0 0 0 0 0 0 0 0 0 0 51 31 0 0 0 0 0 0 0 0 0 0 0 0 0 0 0 0 0 0 0 0 0 0 0 0 10 1 0 0 0 0 0 26 0 0 0 0 0 0 0 0 0 8 0 6 11 29 9 0 34 20 14 1 0 13 8 20 38 73 0 0 10 0 0 0 1 6 0 17 0 0 0 0 0 24 0 0 8 0 0 13 0 1 0 0 0 0 0 0 0 0 0 0 0 0 0 0 0 0 0 0 0 0 0 0 3 16 0 0 0 0 0 28 0 0 0 0 0 0 0 0 7 24 47 35 30 55 24 9 0 25 7 21 0 1 1 11 3 16 0 4 0 0 0 0 0 0 10 21 0 0 0 0 2 2 0 0 0 0 14 8 0 0 0 0 0 0 0 0 0 0 0 6 0 1 0 15 0 0 4 2 0 0 0 1 3 2 2 1 2 0 0 0 0 0 0 0 0 0 0 0 0 0 0 0 0 0 0 8 0 5 
 2 0 0 0 0 0 0 6 0 0 0 0 0 31 0 0 0 0 0 0 0 0 0 0 0 0 1 0 0 0 0 0 0 0 0 0 0 0 0 0 411 74 332 0 92 80 319 163 169 169 135 127 61 95 176 78 107 207 154 65 4 0 2 8 50 8 0 0 0 6 0 0 0 51 1 0 0 0 53 46 0 0 0 0 0 0 0 0 0 0 0 0 0 0 0 0 0 0 0 0 0 0 0 0 0 0 0 0 0 0 0 0 0 0 0 0 0 0 0 0 0 10 0 0 40 10 0 18 20 20 13 38 0 12 0 41 0 1 0 0 9 10 0 0 7 2 6 0 0 0 0 0 0 12 0 0 0 0 0 9 0 0 0 0 0 0 0 0 0 0 0 0 0 0 0 0 0 1 8 0 0 0 0 0 0 0 0 0 0 0 0 0 0 0 15 0 0 0 0 0 0 0 0 33 18 1 0 9 0 21 0 25 0 9 15 9 17 0 0 0 19 0 0 0 0 0 0 13 0 0 0 0 0 0 0 21 0 0 26 0 0 0 0 0 0 0 0 0 0 0 0 9 0 0 0 0 0 0 0 34 0 0 65 65 4 4 0 5 0 0 15 0 0 0 0 15 0 0 0 0 0 0 0 0 0 15 0 14 2 0 
 3 3 3 3 3 3 3 56 3 3 3 5 3 3 3 6 3 3 3 6 0 0 0 0 0 0 0 0 0 6 0 0 3 1 0 0 0 0 0 0 35 99 51 92 0 173 52 67 110 103 112 282 69 310 304 120 278 42 70 98 51 24 0 0 0 8 21 60 0 12 0 2 106 104 1 0 0 2 50 46 0 0 0 0 0 0 0 0 0 0 0 0 0 0 8 0 0 0 0 0 0 0 0 0 0 0 0 0 0 0 1 0 0 0 0 0 0 0 0 0 0 0 0 0 22 19 0 0 0 0 13 18 0 0 0 0 0 0 0 0 0 0 0 25 22 0 3 35 11 22 11 0 0 10 57 6 20 39 13 11 0 0 0 0 0 0 0 0 0 0 0 0 0 0 0 0 0 0 0 0 0 0 0 0 0 0 0 0 0 0 0 0 0 0 0 0 2 0 0 0 0 0 0 0 18 15 0 0 0 0 0 14 0 0 0 0 0 0 0 0 40 0 2 0 0 10 35 1 13 23 0 0 14 0 31 55 11 23 20 9 0 0 0 0 0 0 0 0 0 0 0 8 0 0 0 0 0 0 0 5 0 0 65 2 0 0 1 0 2 1 18 0 0 7 0 0 0 0 0 0 0 0 0 0 0 0 0 0 2 0 
 0 0 0 0 0 0 0 3 0 0 0 2 0 0 3 0 0 0 0 0 0 0 0 0 1 0 0 0 0 0 0 0 0 2 0 0 0 0 0 0 48 33 30 80 173 0 17 50 56 104 66 165 40 55 54 168 67 122 49 64 56 0 0 0 0 0 66 52 15 0 6 0 19 0 19 0 0 0 4 0 0 0 0 0 22 0 0 0 0 0 0 0 0 0 0 0 0 0 0 0 0 0 0 0 0 0 0 0 0 0 0 0 0 0 0 0 0 0 0 0 0 0 0 19 10 10 0 0 0 0 1 0 0 0 0 19 0 1 0 0 8 16 0 11 6 0 31 11 0 0 0 0 2 0 7 0 11 0 19 0 0 0 0 0 0 0 0 0 0 0 0 0 0 0 0 0 0 0 6 0 0 0 0 0 22 0 0 0 0 0 0 0 0 0 0 0 0 0 0 0 0 0 0 0 0 1 0 0 0 0 0 0 0 0 0 0 0 0 0 0 25 0 23 10 0 0 9 42 0 21 0 6 14 20 33 34 0 21 14 8 0 0 7 0 0 0 0 0 0 0 0 13 2 0 0 0 0 0 0 14 0 0 63 68 1 0 3 0 0 0 9 0 0 0 0 0 0 0 0 0 0 0 0 0 0 14 0 0 1 0 
 64 10 0 0 0 0 3 33 1 1 26 2 0 0 67 25 1 60 0 0 3 3 3 3 58 126 3 3 3 3 3 4 3 3 3 3 3 3 3 3 235 87 491 319 52 17 0 380 171 263 30 60 147 255 42 245 134 36 254 162 0 0 0 0 0 1 0 0 0 0 4 0 0 0 0 0 0 0 0 0 1 0 0 0 0 0 0 0 0 0 11 0 0 0 0 0 11 0 0 0 0 0 0 0 11 14 0 0 0 0 0 0 0 0 0 0 0 8 0 49 0 12 16 5 0 0 10 12 10 9 0 19 0 0 0 0 20 8 11 0 3 2 0 0 0 14 0 0 0 0 0 4 0 0 0 10 0 0 0 0 0 4 0 12 0 12 0 0 0 0 6 10 0 0 25 0 10 2 0 0 0 0 0 0 0 0 0 0 0 0 0 0 35 0 0 0 0 0 13 0 14 10 21 12 0 0 12 9 14 10 0 9 0 8 36 19 0 49 0 0 0 0 0 0 0 0 9 0 0 0 0 0 7 12 0 0 0 0 0 0 0 0 0 0 0 0 0 0 0 0 0 11 0 1 0 0 0 0 0 0 0 0 0 0 2 11 0 0 0 0 0 0 0 0 0 0 0 0 0 0 0 0 0 0 13 0 0 0 0 0 
 0 0 0 0 0 0 0 3 0 0 0 3 0 0 0 0 0 0 63 2 0 0 0 0 0 125 0 0 0 0 0 0 0 0 52 0 6 0 0 0 216 86 172 163 67 50 380 0 209 52 94 38 76 226 330 95 171 224 70 74 43 51 0 8 2 0 6 10 1 3 2 203 8 0 0 0 3 2 1 6 0 0 0 0 0 0 0 0 0 0 0 0 0 8 0 0 0 0 0 0 0 0 0 0 0 0 0 0 0 0 0 0 0 0 0 0 0 0 0 0 0 9 0 10 0 5 0 32 17 16 24 23 0 28 0 0 31 9 8 0 1 0 0 0 0 0 0 0 0 0 0 0 1 0 0 10 0 0 0 1 0 16 0 0 0 0 0 0 0 0 0 0 0 0 12 0 0 0 4 0 0 0 0 0 0 0 0 0 0 0 0 0 0 0 0 0 0 0 0 0 6 4 15 6 55 0 3 17 29 59 0 13 0 14 29 43 13 56 0 0 0 0 0 0 0 0 7 0 0 0 0 0 11 13 0 9 0 0 62 7 0 0 0 0 0 0 0 0 0 17 0 10 0 2 2 1 0 0 0 0 0 0 0 1 41 12 1 65 0 0 0 8 0 0 0 0 0 0 0 0 0 0 0 0 3 0 0 0 0 0 
 2 2 2 2 5 2 3 2 2 2 2 2 2 2 3 2 2 2 2 2 102 3 3 3 24 92 3 3 3 3 3 69 3 4 3 3 4 3 3 3 118 283 369 169 110 56 171 209 0 116 42 85 312 272 200 219 101 55 309 110 16 0 0 0 0 0 0 1 3 1 0 0 0 0 0 0 0 0 0 1 0 0 0 0 0 0 0 0 0 0 0 0 0 0 0 0 0 0 0 0 0 0 0 0 14 11 0 0 0 0 0 0 0 0 0 0 0 0 0 0 0 0 15 0 1 16 0 27 25 32 13 38 0 9 0 7 8 7 17 0 16 1 0 0 8 0 3 5 7 3 0 0 0 5 4 26 7 0 0 1 0 4 0 0 0 0 0 0 0 0 0 0 2 0 0 0 19 0 0 0 0 0 0 0 0 0 0 0 0 0 0 0 0 0 0 0 0 0 0 0 22 0 20 10 17 6 0 8 0 15 1 27 0 13 16 45 4 29 0 0 20 3 3 0 0 0 22 0 0 0 0 0 0 1 0 0 0 0 0 40 0 0 0 0 0 0 0 0 0 0 0 14 0 2 0 0 0 0 0 0 0 0 1 0 65 22 5 0 2 0 11 0 0 0 0 0 0 0 0 0 0 0 0 0 8 0 0 0 2 0 
 3 0 0 0 0 0 3 3 0 0 0 5 0 0 0 0 0 0 0 0 2 3 2 2 2 65 3 1 1 3 3 2 3 2 2 3 1 3 3 2 57 44 423 169 103 104 263 52 116 0 114 131 63 105 84 164 132 204 94 138 5 0 0 4 0 4 0 0 0 0 0 0 0 0 1 0 0 2 6 97 0 0 0 0 0 0 0 0 0 0 0 0 0 0 0 0 0 0 0 0 0 0 0 0 0 10 0 0 0 0 0 0 0 0 0 0 0 0 0 0 0 0 0 1 35 5 0 17 0 39 20 30 0 2 0 17 0 7 8 0 0 10 0 4 7 0 6 2 0 0 0 0 2 0 0 0 1 0 2 1 0 0 0 0 0 0 0 0 0 0 0 0 0 0 0 0 0 1 62 0 0 0 0 0 0 0 0 0 0 0 0 0 0 0 0 0 0 0 0 0 0 0 1 3 19 12 0 7 21 7 0 28 19 8 16 8 13 13 0 0 50 0 0 0 0 0 0 4 0 22 0 0 10 0 1 21 0 22 43 0 0 0 0 0 0 0 0 0 0 0 0 19 0 2 0 0 0 0 0 15 0 0 68 64 2 2 2 63 0 0 28 0 0 0 0 0 0 0 0 0 0 0 9 0 0 0 0 2 2 0 
 2 0 0 0 0 1 0 0 0 0 0 1 0 0 0 0 0 110 0 0 1 1 2 2 9 7 2 0 1 1 2 1 29 4 2 2 1 1 0 62 116 284 122 135 112 66 30 94 42 114 0 139 35 60 70 171 204 72 55 79 51 0 0 0 0 2 0 26 0 0 0 0 5 0 19 0 0 0 75 52 0 0 0 0 1 2 0 0 0 0 0 0 0 0 0 0 0 21 0 0 0 0 0 0 0 4 0 0 0 0 0 8 0 2 0 0 0 0 2 13 5 11 46 4 13 0 20 2 0 7 1 0 22 0 0 8 21 26 0 0 12 19 0 0 0 0 0 33 0 0 0 0 4 11 0 0 0 0 0 28 0 0 0 0 20 0 0 0 0 20 23 0 0 0 0 0 5 0 0 0 23 0 0 0 6 7 0 19 0 0 0 0 23 0 1 0 0 0 14 0 11 13 13 25 1 7 20 1 11 0 0 8 0 0 0 5 9 0 1 9 0 0 0 0 0 0 9 4 0 0 0 0 6 4 0 0 0 0 9 0 0 0 0 0 0 0 0 0 0 0 0 12 21 0 0 0 0 1 2 8 0 0 2 0 1 1 2 0 0 0 0 0 0 1 0 0 0 0 0 0 0 0 0 0 11 15 0 11 2 0 
 0 0 0 0 0 4 0 1 3 0 0 0 0 0 0 0 0 0 0 0 0 0 0 28 0 1 0 0 0 0 0 0 0 0 0 0 1 0 2 0 92 27 94 127 282 165 60 38 85 131 139 0 52 55 137 99 107 182 23 33 3 0 3 0 0 0 1 51 12 2 7 0 0 0 73 0 0 0 0 31 0 9 4 9 9 0 0 0 0 8 0 0 0 0 0 3 0 0 0 0 4 0 0 0 0 0 0 0 0 0 0 0 13 0 0 0 0 0 8 0 0 0 1 6 17 0 0 21 3 0 8 1 0 2 0 18 0 0 0 0 15 56 0 0 0 0 26 0 0 0 0 0 10 0 0 0 0 0 9 0 0 0 12 0 0 0 0 0 5 0 0 1 0 0 0 0 2 20 2 0 0 0 0 0 0 0 0 0 0 0 0 0 0 4 0 0 0 0 10 4 0 1 1 0 7 3 0 0 19 0 0 2 0 0 0 6 0 0 12 0 10 0 9 10 0 0 11 37 0 20 0 1 20 10 19 21 0 0 5 0 0 0 8 0 0 0 4 0 0 0 0 13 0 0 0 0 0 0 1 2 0 2 68 54 33 75 4 0 1 0 0 0 0 0 0 0 0 0 0 0 0 4 0 0 4 20 0 0 2 0 
 0 64 0 0 0 0 0 0 0 0 0 0 0 0 0 0 0 0 0 0 3 3 3 3 104 227 3 3 3 3 65 38 3 5 3 3 3 3 3 3 131 41 91 61 69 40 147 76 312 63 35 52 0 124 330 256 120 249 155 90 6 0 0 0 0 0 3 0 0 0 0 0 10 0 10 0 0 0 0 0 0 0 0 0 0 0 0 0 0 0 0 0 0 0 0 0 0 0 0 0 0 0 0 0 55 16 0 0 0 0 0 0 0 0 0 0 0 19 0 0 42 0 33 31 0 0 0 7 9 0 0 4 20 0 3 0 38 0 23 0 0 0 0 3 0 0 0 0 3 0 5 0 0 19 0 10 0 10 0 12 0 2 0 0 6 11 0 0 3 0 0 0 0 0 0 0 0 0 0 0 0 0 0 0 0 0 0 0 0 0 0 12 0 0 0 0 0 0 0 0 35 4 3 8 16 7 0 9 0 42 0 18 8 10 10 27 9 10 0 3 0 1 0 0 0 0 0 4 0 0 0 0 2 6 0 0 0 0 0 3 0 0 0 0 0 0 0 0 0 0 0 13 0 0 0 0 0 0 0 0 0 0 0 0 0 24 2 0 0 0 0 0 0 0 0 0 0 0 0 0 0 0 0 0 1 0 0 0 0 0 
 0 0 1 0 0 0 0 35 0 0 4 0 0 0 0 0 0 0 0 0 0 0 0 0 28 132 0 0 0 0 0 0 0 3 0 0 0 0 0 0 207 37 285 95 310 55 255 226 272 105 60 55 124 0 186 113 39 343 84 241 7 0 0 0 0 2 6 0 0 0 49 0 5 0 10 0 0 0 0 0 0 0 0 0 0 0 0 0 0 0 0 0 0 0 0 0 46 0 0 0 0 28 0 0 14 0 0 0 0 0 0 0 0 0 0 0 0 0 0 0 0 6 17 19 0 1 18 50 30 10 12 55 0 9 7 0 11 12 10 0 6 3 0 0 0 0 0 1 12 0 3 0 0 0 0 6 0 0 1 5 0 2 0 0 0 0 0 0 0 0 0 0 0 0 0 0 0 0 0 0 0 0 0 0 0 0 0 0 0 0 0 0 0 0 0 0 0 0 0 7 15 22 24 25 27 0 15 10 25 8 0 14 0 13 18 18 0 28 0 0 0 0 0 0 0 0 15 2 0 0 0 0 25 37 0 0 0 0 0 2 0 0 0 0 0 0 0 0 0 2 0 10 2 0 0 0 0 0 0 0 0 0 0 0 36 2 1 0 0 0 0 0 0 0 0 0 0 0 0 0 0 0 0 0 23 0 0 0 1 0 
 3 3 3 3 3 6 3 3 7 3 3 3 3 3 3 3 3 3 3 3 17 0 0 0 2 0 0 1 1 65 20 62 0 0 0 0 1 66 2 0 108 185 338 176 304 54 42 330 200 84 70 137 330 186 0 325 53 313 108 206 3 0 35 11 50 0 1 4 0 0 3 203 0 0 0 0 0 0 0 0 0 9 3 9 9 9 0 0 0 0 0 0 0 0 0 2 0 0 0 0 5 0 0 0 22 11 0 0 18 0 11 0 3 0 0 0 0 2 8 0 36 14 0 18 10 0 27 13 30 30 16 0 0 16 0 35 10 1 0 0 0 6 0 0 0 0 0 0 0 0 0 0 0 0 0 0 0 0 0 6 0 0 16 0 0 6 0 0 13 0 0 1 0 0 0 0 6 18 0 0 0 0 0 0 0 0 0 0 1 0 0 0 0 3 0 0 36 0 8 3 0 1 19 23 23 0 15 22 20 29 17 0 3 0 17 0 16 0 0 14 0 0 0 0 0 0 0 0 0 0 0 0 1 2 0 0 0 0 0 0 0 0 0 0 0 0 7 0 0 0 0 17 0 1 0 0 0 0 0 2 0 0 2 0 73 0 1 63 2 0 0 0 0 0 0 0 0 0 0 0 0 0 0 0 41 0 0 0 0 0 
 3 0 0 0 5 0 0 3 1 0 1 7 0 0 0 0 3 0 0 0 9 3 3 3 6 74 3 2 2 3 3 3 6 8 3 3 2 10 4 9 174 65 643 78 120 168 245 95 219 164 171 99 256 113 325 0 391 149 41 153 0 0 3 0 0 0 3 0 0 0 3 0 0 0 0 0 0 0 53 0 0 0 0 0 0 8 0 0 0 0 13 3 0 0 0 0 0 0 0 0 0 4 0 3 0 0 1 1 0 17 6 0 9 8 0 0 6 0 0 19 0 0 0 8 1 4 0 19 14 25 16 30 0 0 0 3 25 10 0 0 42 0 0 0 10 0 0 16 0 0 0 0 0 20 0 10 0 0 50 24 0 57 0 0 0 9 0 0 0 0 0 0 0 0 0 0 0 0 0 24 2 29 0 10 0 0 0 0 0 0 0 0 6 0 0 4 0 0 0 0 6 16 24 0 21 0 1 27 0 10 0 39 0 30 11 37 0 51 0 0 11 0 0 0 0 0 0 19 0 0 16 0 19 4 0 0 0 0 7 9 0 0 7 0 0 0 0 0 0 0 0 9 1 2 0 13 0 0 0 0 0 0 2 0 3 10 0 0 1 0 31 0 0 0 0 0 0 0 0 0 0 0 0 12 0 18 0 10 2 0 
 6 3 3 3 3 6 3 3 3 6 3 3 3 3 3 3 5 3 3 3 0 1 0 0 1 133 0 0 0 0 1 63 0 0 0 1 0 0 0 0 129 131 60 107 278 67 134 171 101 132 204 107 120 39 53 391 0 379 244 120 10 0 0 4 0 5 0 0 1 0 0 0 0 0 0 3 0 0 52 27 0 0 0 0 0 0 0 0 0 0 0 0 33 0 0 0 0 0 0 0 15 0 0 0 20 9 0 0 0 0 0 0 0 0 0 0 0 0 0 0 0 4 0 19 6 6 18 9 16 3 0 13 0 5 1 0 17 11 8 0 15 3 0 0 1 5 0 1 0 0 0 0 0 22 0 1 0 0 0 34 0 16 0 0 0 0 0 0 3 0 0 0 0 0 0 0 0 1 0 1 0 0 0 0 0 0 0 0 0 0 0 0 0 0 0 0 0 0 0 0 2 21 19 25 0 2 15 0 4 6 0 31 0 34 25 33 13 11 0 0 0 0 0 0 0 0 15 18 0 2 0 0 22 23 0 0 0 0 0 0 0 0 0 0 0 0 0 0 0 0 0 4 0 0 0 0 0 0 0 0 0 0 2 0 0 21 0 62 0 0 0 0 0 0 0 0 0 0 0 0 0 0 0 0 22 17 0 10 2 0 
 0 0 0 0 0 0 0 0 0 0 1 0 0 0 1 0 0 1 0 0 0 0 0 0 0 0 0 0 0 0 0 0 0 1 0 0 0 0 0 0 160 73 50 207 42 122 36 224 55 204 72 182 249 343 313 149 379 0 93 239 6 0 0 7 50 0 0 0 0 0 0 0 2 0 1 0 0 0 0 33 0 0 0 0 0 0 0 0 0 0 0 0 0 0 0 0 0 0 0 0 0 0 0 0 0 0 4 0 0 0 0 0 0 0 0 0 0 0 0 0 0 21 11 4 0 11 18 21 26 16 4 51 0 16 1 16 10 15 0 0 7 2 0 0 0 0 11 1 8 3 2 0 0 5 3 7 5 0 0 0 0 0 0 0 0 0 0 0 0 0 0 0 0 0 0 0 0 1 3 0 0 0 0 0 0 0 0 0 0 0 0 0 0 0 0 0 0 0 0 0 0 22 11 59 0 7 11 11 11 22 0 11 0 9 14 2 17 0 1 1 10 5 3 0 0 0 10 16 1 0 0 0 33 14 0 0 0 0 0 17 0 0 0 0 0 0 0 0 0 0 0 8 0 0 0 0 0 0 1 9 0 1 2 48 63 5 5 0 0 0 0 0 0 0 0 0 0 0 0 0 0 3 0 0 36 0 0 0 0 0 
 0 0 0 0 0 0 0 3 0 0 0 2 0 2 83 0 0 0 0 0 0 0 29 64 0 63 0 0 50 61 74 0 0 0 0 38 4 109 0 0 259 40 259 154 70 49 254 70 309 94 55 23 155 84 108 41 244 93 0 147 6 0 0 4 0 0 0 0 0 0 0 0 0 0 0 0 0 0 0 0 0 0 0 0 0 0 0 0 0 0 0 0 0 0 0 0 24 0 0 0 18 19 1 0 1 0 0 0 0 17 9 9 0 0 18 1 0 0 0 0 0 24 38 12 0 14 8 29 0 0 1 48 2 10 9 18 6 0 8 36 0 0 0 0 0 0 0 0 0 0 0 0 0 0 0 0 0 0 0 1 0 0 0 0 0 0 0 0 0 0 0 0 0 0 0 0 10 0 0 6 0 0 0 20 10 0 0 0 0 8 0 10 0 0 0 10 19 4 0 0 0 5 1 0 0 0 0 6 0 6 13 13 0 13 45 7 20 9 15 1 0 0 0 0 0 0 0 0 0 0 0 0 0 0 5 0 0 0 0 0 0 0 0 0 0 0 0 0 0 0 0 5 0 2 0 1 0 63 0 0 0 0 3 0 2 3 2 64 0 0 0 0 0 0 0 0 0 0 0 1 0 0 0 0 0 1 0 0 2 0 
 0 0 4 0 2 0 0 13 0 0 0 2 0 3 1 0 0 0 0 4 0 0 0 23 3 25 0 0 207 63 0 95 2 3 0 0 2 23 0 0 132 357 50 65 98 64 162 74 110 138 79 33 90 241 206 153 120 239 147 0 0 0 0 0 0 0 51 0 0 0 0 0 0 0 0 0 0 0 0 52 0 0 0 0 0 0 0 1 0 0 0 9 0 0 0 0 0 0 0 0 0 0 0 8 15 18 0 0 0 0 0 0 0 0 0 0 0 0 0 0 25 2 13 11 2 11 4 5 9 8 4 32 14 8 17 10 8 0 0 0 0 0 0 0 0 0 0 0 0 0 0 0 1 0 0 19 0 0 0 0 0 4 0 0 0 0 0 0 0 0 0 0 0 0 0 0 0 0 0 0 0 0 0 18 0 0 0 0 0 26 0 21 0 0 0 0 0 0 0 0 9 0 20 2 0 0 6 21 8 27 15 0 11 49 85 18 7 13 10 12 6 0 0 0 0 0 0 2 0 0 0 0 0 0 0 0 0 0 0 0 0 0 0 0 0 0 0 0 0 0 0 3 0 2 0 0 0 67 0 1 0 0 2 0 0 23 5 0 0 0 0 0 0 0 0 0 0 0 0 0 0 0 8 0 0 19 0 0 1 0 
 0 0 0 0 0 0 0 0 0 0 0 3 0 0 0 0 0 0 0 0 0 0 0 0 1 5 0 0 0 0 0 0 0 0 0 0 6 0 0 0 7 20 1 4 51 56 0 43 16 5 51 3 6 7 3 0 10 6 6 0 0 167 289 73 88 36 149 131 298 46 30 44 245 334 134 45 19 47 107 50 0 7 0 0 0 0 0 0 0 0 0 0 0 0 0 0 0 0 0 0 0 0 0 0 0 0 0 0 0 0 0 0 0 0 0 0 0 0 0 0 0 3 0 0 14 7 0 1 1 5 0 3 0 10 0 0 0 0 0 0 0 9 0 19 14 0 21 21 10 6 30 0 30 10 0 7 0 1 22 31 0 0 0 0 0 0 0 0 0 0 0 0 0 0 0 0 0 2 0 0 0 9 0 0 0 20 0 0 0 0 0 0 17 0 0 0 0 0 0 0 0 0 0 2 9 10 0 5 0 26 0 0 0 10 3 0 3 1 0 0 23 14 21 0 0 0 6 20 20 0 0 18 18 25 20 6 33 9 1 24 0 0 0 0 0 0 0 0 0 0 0 0 0 0 4 0 0 0 0 0 0 0 77 0 0 0 0 3 0 0 2 2 0 2 0 0 0 0 0 0 0 0 0 0 0 0 0 0 0 0 
