 0 89 93 136 246 30 137 75 33 75 112 31 226 212 57 215 22 124 230 87 3 5 1 0 2 3 0 0 5 0 5 0 2 4 2 3 3 1 5 3 1 0 1 0 0 3 0 0 3 5 5 0 1 5 4 0 3 0 0 0 0 0 0 3 0 0 1 0 0 1 0 6 6 0 0 0 3 6 7 33 38 19 29 0 32 17 20 0 22 32 26 0 2 16 22 9 7 5 17 0 0 7 0 0 0 0 0 0 0 0 0 0 0 0 0 0 0 0 0 1 0 0 0 1 0 0 0 0 0 0 0 0 0 0 0 0 0 0 0 0 0 0 0 0 0 0 0 0 0 0 0 21 0 0 0 0 0 0 0 0 16 28 0 0 4 0 18 0 17 4 11 20 18 25 1 15 15 26 16 20 0 0 0 0 0 0 0 0 0 0 0 0 0 0 0 0 0 0 0 0 0 0 0 0 0 0 0 0 0 0 0 0 0 0 0 0 0 0 0 0 0 0 0 0 0 0 0 0 0 0 0 0 0 0 0 0 0 0 0 0 0 0 0 0 0 3 0 2 2 19 0 16 0 0 2 0 0 0 0 0 0 0 0 0 0 0 0 0 0 0 0 0 0 0 0 20 10 20 0 0 0 0 0 0 0 0 0 0 0 0 
 89 0 196 102 24 24 269 81 159 138 214 110 132 174 673 146 65 117 93 217 5 2 3 3 3 0 0 1 0 3 1 0 3 4 2 0 0 0 4 0 2 0 0 0 0 0 2 3 0 2 3 0 3 1 0 0 31 0 0 7 0 0 3 0 0 0 2 2 0 0 0 1 3 0 2 0 2 3 2 0 20 8 11 27 0 0 32 34 12 21 0 41 23 2 1 5 10 0 14 19 0 0 1 0 0 0 0 0 0 0 0 0 0 0 0 0 0 0 0 0 0 2 0 11 0 0 0 0 0 0 0 0 1 0 0 0 0 0 0 0 0 0 0 0 0 0 0 0 0 0 1 5 0 0 0 0 0 0 0 0 24 13 2 0 0 1 9 1 25 19 32 0 10 0 12 1 5 27 0 31 0 0 0 0 0 0 0 0 0 0 0 0 0 0 2 0 0 0 1 0 0 0 11 0 0 0 0 0 17 0 18 0 0 0 0 0 0 0 0 0 0 0 0 0 0 0 0 0 0 0 0 0 0 0 0 0 0 0 0 0 0 20 0 0 0 1 0 0 93 2 0 18 9 0 0 0 32 0 0 0 0 0 3 0 0 0 0 0 0 0 0 0 0 0 0 18 0 0 0 0 0 0 0 0 0 0 0 0 0 0 
 93 196 0 96 141 53 155 134 535 53 86 130 105 283 138 51 137 132 25 115 4 0 2 0 2 0 0 0 2 0 0 0 19 3 0 0 0 1 8 97 2 0 0 0 64 0 0 2 0 2 3 0 2 2 2 0 0 2 1 0 0 0 56 0 0 0 12 0 0 0 0 0 3 0 0 47 2 3 2 0 14 0 20 19 0 0 0 14 0 0 0 0 0 0 17 20 29 53 10 66 13 0 0 0 0 0 12 10 0 2 0 0 7 19 1 0 0 0 26 14 0 0 0 0 0 0 0 0 0 0 0 0 0 0 0 0 0 0 0 0 0 0 0 0 0 0 0 0 0 0 0 0 0 0 0 10 0 19 2 0 1 0 14 20 10 17 2 0 12 56 0 11 0 1 28 0 10 0 6 6 8 0 1 0 0 0 14 0 0 0 0 2 11 14 0 0 0 0 49 0 0 0 0 0 0 0 0 0 0 0 0 0 0 0 0 0 0 0 0 0 0 0 0 0 0 0 0 0 0 0 0 0 0 0 0 0 0 0 0 0 0 0 0 0 0 2 175 0 5 0 0 5 19 0 0 0 0 0 0 0 0 0 0 0 0 0 0 0 0 0 0 0 0 0 0 0 0 0 0 0 0 0 0 0 0 0 0 0 0 5 
 136 102 96 0 209 190 284 106 485 184 244 205 289 123 160 261 263 145 286 150 4 3 0 0 2 2 2 0 0 0 5 1 3 3 0 1 1 0 78 1 2 0 2 0 0 0 0 0 0 5 3 0 4 3 0 2 53 0 0 0 0 0 3 0 3 2 1 0 0 0 0 0 3 10 0 0 3 3 3 9 29 10 59 11 45 26 0 0 17 0 22 30 11 10 1 25 2 34 0 0 0 0 0 0 1 0 0 0 0 0 0 0 0 0 0 0 0 0 28 0 1 0 0 0 0 0 0 0 0 0 0 0 0 0 0 0 0 0 0 0 0 0 0 0 0 0 0 0 0 0 1 0 0 0 0 0 0 0 0 0 36 0 11 13 0 0 8 1 4 22 12 14 0 14 28 14 19 34 1 13 12 0 0 0 0 0 0 0 0 0 0 0 0 14 17 0 0 0 6 0 0 0 0 0 0 0 2 0 10 1 1 0 0 0 0 2 0 1 0 1 1 0 0 0 0 0 0 0 0 0 0 2 0 0 0 0 0 0 0 0 0 23 0 0 0 3 86 1 1 87 0 14 0 0 0 0 0 0 0 0 0 0 7 0 0 0 0 0 0 0 0 0 0 0 0 9 16 0 0 0 0 0 0 0 0 0 0 0 0 2 
 246 24 141 209 0 75 59 354 249 175 83 307 73 192 88 188 147 38 95 60 25 0 0 0 2 4 107 2 39 0 0 0 101 6 0 0 0 1 82 72 2 0 1 0 0 0 0 0 4 2 9 0 1 3 0 0 0 0 0 0 0 0 0 0 0 0 4 0 2 0 0 0 3 2 0 0 5 3 3 0 0 12 10 3 57 17 0 0 0 18 27 0 0 0 0 50 24 24 0 0 8 0 0 0 0 0 15 0 0 0 0 0 25 22 0 0 0 0 5 17 15 0 0 0 0 1 0 2 0 0 0 2 0 0 0 0 0 0 0 0 0 0 0 0 0 0 0 0 0 0 0 0 0 0 0 0 0 0 0 0 0 27 26 21 10 0 0 16 0 42 0 6 0 0 12 0 5 0 0 0 3 1 12 22 0 0 17 0 0 1 0 0 20 23 0 0 6 0 3 6 0 0 0 0 0 0 0 0 0 0 0 15 0 8 0 0 0 0 0 0 0 0 0 0 0 0 0 0 0 2 0 0 0 0 0 0 0 0 0 0 0 29 0 0 0 1 0 2 0 5 0 12 0 2 0 0 0 0 0 0 0 0 0 0 0 0 0 0 0 0 0 0 0 0 0 10 0 0 0 0 0 0 0 0 0 0 0 0 0 0 
 30 24 53 190 75 0 29 21 134 152 42 150 30 61 45 155 364 200 259 52 36 4 1 0 6 0 41 32 77 15 0 2 83 79 112 15 25 74 76 1 0 5 0 0 0 0 3 0 0 9 3 0 4 3 0 0 0 1 0 3 0 2 0 0 5 0 0 0 0 0 0 2 7 5 2 3 3 3 10 6 0 0 0 0 0 1 0 0 0 0 10 27 0 0 0 0 0 0 0 0 34 12 11 0 0 0 37 22 26 0 0 20 11 26 11 0 2 0 24 25 0 10 0 0 0 0 0 2 0 0 0 2 0 0 0 0 0 0 0 0 0 0 0 0 0 0 0 0 0 16 0 0 0 0 0 0 0 0 0 0 4 0 0 11 39 27 0 0 0 0 0 16 0 1 0 14 0 0 0 0 70 12 0 0 0 0 9 0 38 9 0 1 16 39 0 14 0 15 26 42 0 0 0 12 0 0 0 0 0 14 0 0 0 0 0 0 0 0 0 0 0 0 0 0 0 0 0 0 0 0 0 0 0 0 0 0 0 0 10 4 0 0 0 0 0 0 99 1 4 145 0 5 0 0 0 0 0 1 0 0 0 0 0 0 0 0 0 0 0 0 0 0 0 0 0 0 6 0 0 0 0 0 0 0 0 0 0 0 0 0 
 137 269 155 284 59 29 0 259 63 544 274 319 163 240 300 31 121 125 57 313 7 0 75 3 3 0 0 0 0 1 3 2 0 3 0 0 0 0 3 0 2 3 0 58 4 2 1 2 0 2 3 0 0 5 2 0 0 0 0 1 0 0 0 0 0 0 3 0 0 0 0 3 3 0 0 0 6 3 3 0 10 12 8 22 15 2 0 9 11 9 42 23 0 13 9 42 6 66 19 0 0 0 0 0 2 0 0 0 0 0 0 0 0 0 0 0 0 0 0 24 2 0 0 0 0 0 0 0 0 0 0 0 0 0 0 0 0 0 0 0 0 0 0 0 0 0 0 0 0 0 2 0 0 0 19 0 0 0 0 0 38 22 10 1 45 16 6 0 12 0 28 1 0 20 7 10 16 56 2 0 1 0 0 0 0 0 0 0 9 0 0 0 0 0 0 0 0 0 7 0 0 0 0 0 0 0 1 0 8 2 2 0 0 0 0 0 0 2 0 2 0 0 0 0 0 0 0 0 0 0 0 1 0 0 0 0 0 0 0 0 0 8 0 0 2 1 2 0 2 0 0 12 0 0 0 2 0 0 0 0 0 0 6 0 0 0 0 0 0 0 0 0 0 0 0 0 0 0 0 0 0 0 0 0 0 0 0 0 0 0 
 75 81 134 106 354 21 259 0 56 26 121 27 258 205 171 217 118 150 144 132 2 2 2 0 3 0 0 2 0 0 2 0 0 5 1 0 0 0 78 5 0 3 3 0 1 4 0 3 88 2 3 0 2 5 3 0 0 0 0 2 0 3 3 0 0 0 0 3 3 0 0 0 3 6 3 0 2 3 2 2 2 41 0 17 17 14 0 0 23 14 15 0 0 16 2 48 0 23 24 2 0 0 0 0 0 0 0 0 0 0 0 0 0 0 0 0 0 0 0 21 11 0 0 0 0 0 0 0 0 0 0 0 0 0 0 0 0 0 0 0 2 0 2 0 0 0 0 0 0 0 0 0 0 0 0 0 0 0 0 0 23 0 0 0 0 14 23 25 15 5 0 31 0 10 0 10 14 6 9 11 0 0 0 0 0 0 0 0 0 0 0 0 1 0 0 0 0 0 0 0 0 0 0 0 0 0 0 0 0 0 0 0 0 0 0 0 0 0 0 0 0 0 0 0 0 0 0 0 0 0 0 0 0 0 0 0 0 0 0 0 0 0 0 0 0 0 0 0 3 3 0 2 0 0 0 0 0 0 0 0 0 0 0 0 0 0 0 0 0 0 0 0 0 0 3 7 0 19 0 0 0 0 0 13 0 0 0 0 0 0 
 33 159 535 485 249 134 63 56 0 303 21 85 59 171 94 86 238 366 497 63 2 0 0 0 3 0 1 0 0 0 0 0 75 3 0 2 0 0 3 143 0 0 0 0 0 8 0 0 0 2 5 0 2 2 0 0 0 0 0 0 0 0 0 0 0 0 4 0 0 0 0 0 3 0 0 0 2 4 2 0 22 25 4 0 0 0 1 24 1 19 27 22 0 0 10 0 57 1 18 11 4 0 0 0 0 0 11 0 0 0 0 0 1 2 1 0 0 0 56 35 0 0 0 0 0 0 0 0 0 0 0 0 0 0 0 0 1 17 2 0 0 0 0 0 0 0 0 0 0 0 1 0 0 0 2 51 0 0 0 0 0 1 19 45 1 0 0 19 28 29 0 25 0 1 28 20 38 0 26 46 30 0 1 0 0 0 53 0 0 3 0 0 16 17 0 0 0 0 18 0 0 0 0 0 0 0 0 0 0 0 1 0 0 0 0 0 0 0 0 0 0 0 0 0 0 0 0 0 1 1 0 0 1 0 0 0 0 12 0 0 0 0 0 0 0 1 46 0 1 0 8 29 15 0 0 0 0 0 0 0 0 0 0 0 0 0 0 0 0 0 0 0 0 0 0 0 8 0 0 0 0 0 0 0 0 0 0 0 0 0 
 75 138 53 184 175 152 544 26 303 0 97 43 127 132 281 92 259 123 437 313 3 0 33 5 6 0 0 0 0 3 3 0 74 5 0 0 4 0 3 81 1 0 0 0 3 2 0 0 0 2 6 3 2 2 0 0 3 3 0 0 0 0 0 0 0 2 0 0 0 0 0 2 3 0 0 0 2 4 2 50 18 16 10 1 0 19 0 20 14 46 48 42 1 0 0 20 8 2 0 3 0 0 0 0 0 0 9 0 0 0 0 1 0 0 0 0 0 2 0 0 0 0 2 0 0 0 0 0 0 0 0 0 0 0 0 0 0 0 0 0 0 0 0 0 2 0 0 0 0 0 0 0 0 0 0 0 0 0 0 1 20 16 4 14 13 0 0 19 15 3 39 6 0 19 5 31 48 8 1 2 14 0 0 0 8 0 0 0 0 0 0 0 0 0 4 0 2 0 0 0 0 0 0 0 0 0 0 0 10 0 0 0 0 0 0 2 0 0 0 0 0 1 15 0 0 0 0 0 0 0 0 0 0 0 0 0 0 0 0 0 0 18 0 0 0 86 0 0 2 0 3 7 2 0 0 0 0 0 0 0 0 0 0 0 0 0 0 0 0 0 0 0 0 0 0 0 10 0 0 0 0 0 0 0 0 0 0 0 0 0 
 112 214 86 244 83 42 274 121 21 97 0 171 327 230 499 272 194 183 209 158 3 0 2 0 3 0 0 0 2 0 3 0 2 3 2 3 3 1 78 4 1 0 0 0 0 3 0 0 0 5 5 0 1 3 0 0 3 0 2 0 0 0 0 3 0 0 0 0 0 1 0 5 3 0 0 0 3 6 5 0 15 11 15 21 21 30 0 14 14 25 28 11 6 10 10 38 0 66 0 0 0 0 0 0 0 0 0 0 0 0 0 0 0 0 0 0 0 0 0 0 0 0 0 0 0 0 0 0 0 0 0 0 0 0 0 0 0 0 0 0 0 0 0 0 0 0 0 0 0 0 0 0 0 0 0 0 0 0 0 0 35 1 0 0 0 14 9 1 30 1 13 18 1 12 0 17 14 50 0 8 0 0 0 0 0 0 0 0 0 0 0 0 0 0 0 0 0 0 0 0 0 0 0 0 0 0 0 0 0 0 0 0 0 0 0 0 0 0 0 0 0 0 0 0 0 0 0 0 0 0 0 0 0 0 0 0 0 0 0 0 0 8 0 0 0 3 3 1 1 42 0 18 0 0 0 0 0 0 0 0 0 0 72 0 0 0 0 0 0 0 0 0 0 0 31 11 10 0 0 0 0 0 0 0 0 0 0 0 0 0 
 31 110 130 205 307 150 319 27 85 43 171 0 35 33 201 454 546 95 240 372 78 0 2 0 3 2 0 0 0 1 210 0 19 21 85 209 72 0 2 1 0 0 0 0 3 0 1 3 0 2 3 0 0 3 0 0 0 0 0 0 0 0 0 0 0 0 0 0 0 0 0 0 3 0 0 0 3 3 4 0 13 1 22 8 2 0 0 11 18 20 1 22 7 0 11 19 35 17 0 30 8 0 0 1 0 0 0 12 0 0 0 0 0 13 0 0 0 0 15 0 0 0 0 0 0 1 1 0 0 0 0 0 0 0 0 0 0 0 0 2 0 0 0 0 0 0 0 0 0 0 0 0 0 0 0 3 0 0 0 0 22 0 4 1 12 14 11 7 1 0 10 63 0 16 31 0 33 10 0 14 7 0 14 0 0 0 2 0 0 13 0 0 0 17 9 15 0 0 0 0 0 1 0 0 0 0 0 0 8 0 0 0 11 0 0 0 0 0 0 0 0 0 0 0 0 0 0 0 0 0 0 0 0 0 0 0 0 0 0 0 0 17 0 0 0 2 6 2 7 7 0 16 1 0 0 0 0 0 0 0 0 0 10 0 0 0 0 0 0 0 0 0 0 1 0 0 0 0 0 0 0 0 0 0 0 0 0 0 0 0 
 226 132 105 289 73 30 163 258 59 127 327 35 0 158 33 132 38 306 63 228 4 0 2 0 5 0 0 0 0 0 2 1 2 3 0 0 0 0 4 0 0 0 0 0 0 0 0 0 0 2 3 1 3 1 0 0 0 0 1 0 0 0 0 0 0 0 4 0 0 0 0 0 3 0 0 0 2 3 2 0 54 1 9 8 10 0 0 23 11 0 0 0 34 41 43 0 2 0 55 19 0 0 0 0 0 0 0 11 0 0 0 0 0 0 0 0 0 0 2 0 0 1 0 0 0 0 0 0 2 0 2 0 0 0 0 0 0 0 0 0 0 0 4 0 0 0 0 0 0 0 0 0 0 0 0 1 0 0 0 0 7 0 0 0 0 0 0 29 50 21 11 9 0 16 2 1 0 0 1 39 0 0 0 0 0 0 0 0 0 0 0 0 0 0 0 0 0 0 0 0 2 0 31 0 0 0 0 0 0 0 0 0 0 0 9 0 0 0 0 0 0 0 7 0 0 0 0 0 0 0 0 0 0 0 11 0 0 0 2 0 0 0 0 0 0 0 0 0 1 0 0 3 16 0 0 0 0 0 0 0 0 0 0 0 0 0 0 0 0 0 0 0 0 0 0 0 0 1 0 0 0 0 0 0 0 0 0 0 0 0 
 212 174 283 123 192 61 240 205 171 132 230 33 158 0 322 188 37 150 381 102 5 0 2 2 2 3 0 3 0 1 0 0 0 3 0 32 0 0 78 3 3 0 2 0 0 0 3 0 0 4 3 0 6 3 3 2 26 0 0 0 0 0 0 0 0 2 0 0 0 0 0 0 6 0 0 0 3 3 3 0 0 0 0 13 10 15 66 36 76 5 15 12 28 27 36 43 11 16 10 38 0 0 0 0 0 0 0 0 0 0 0 0 0 0 0 0 0 0 0 0 0 0 0 0 0 0 0 0 0 1 0 0 0 0 0 0 0 0 0 0 0 0 0 0 0 0 0 7 0 0 0 0 0 0 0 0 0 0 0 0 16 0 0 0 2 0 0 0 31 1 11 19 1 23 0 19 23 24 0 0 0 0 0 0 3 0 0 0 0 0 1 0 0 1 0 0 0 0 10 0 0 0 0 0 0 0 0 0 0 0 0 0 0 0 0 0 0 0 0 0 0 0 0 0 0 0 0 0 2 0 0 0 0 0 0 0 0 0 0 0 0 0 0 0 0 2 2 0 0 0 0 6 0 0 0 0 0 0 0 0 0 0 0 0 0 0 0 0 0 0 0 0 0 0 0 9 0 0 0 0 0 0 0 0 0 0 0 0 0 0 
 57 673 138 160 88 45 300 171 94 281 499 201 33 322 0 310 147 123 179 75 5 2 1 2 2 2 0 0 4 6 3 0 5 6 3 2 3 1 4 3 4 0 1 3 0 5 0 0 3 5 5 0 2 4 0 0 70 0 2 68 0 0 0 3 2 0 0 0 0 1 0 9 9 3 0 0 2 6 10 0 16 10 27 19 14 0 10 34 30 12 32 32 0 10 21 69 2 15 0 3 0 0 14 0 0 0 0 0 0 0 0 0 0 0 0 0 0 0 0 0 0 0 0 0 0 0 0 0 0 0 0 0 0 0 0 0 0 0 0 0 0 0 0 0 0 0 0 0 0 0 2 0 0 10 0 0 0 0 2 0 39 11 23 0 0 10 18 11 14 0 2 0 0 10 33 1 2 26 0 0 0 0 0 0 0 0 0 0 0 0 0 0 0 0 0 0 0 0 8 0 0 0 0 0 0 0 0 0 10 0 19 0 0 0 0 0 6 0 0 0 0 0 0 0 27 0 0 0 0 1 0 0 0 0 0 0 0 0 0 0 0 18 0 0 0 2 1 2 88 2 1 4 0 0 0 0 0 0 0 0 0 0 12 0 0 0 0 0 0 0 0 0 0 0 0 0 0 0 0 0 0 0 0 0 0 0 0 0 0 0 
 215 146 51 261 188 155 31 217 86 92 272 454 132 188 310 0 79 158 236 57 3 0 2 0 2 0 0 0 0 0 1 4 74 3 2 1 2 4 42 57 1 0 3 5 1 0 0 0 0 2 3 0 1 29 3 0 0 0 2 0 0 4 5 0 0 0 0 0 4 0 0 0 3 5 2 0 3 3 3 2 0 27 0 10 88 14 27 0 15 13 26 9 0 13 0 12 28 22 25 0 0 0 0 0 0 0 1 0 0 0 0 0 0 10 0 0 0 0 37 12 33 0 0 0 0 0 25 0 0 0 0 0 0 0 0 0 0 0 0 0 0 0 0 0 0 0 0 0 0 0 0 5 0 0 0 0 0 0 0 0 0 19 0 27 0 0 0 0 37 0 11 43 11 10 0 38 1 0 11 20 17 0 0 0 0 0 0 0 0 0 0 0 0 2 0 0 0 0 0 0 0 0 0 0 0 0 0 0 0 0 0 0 0 0 0 0 0 0 0 0 0 0 0 0 0 0 0 0 0 0 0 0 0 0 0 0 0 0 0 0 0 0 0 0 0 1 2 2 0 90 17 18 0 0 0 0 0 0 0 2 1 0 0 0 0 0 0 0 0 0 0 2 0 0 0 27 15 0 0 0 0 0 0 0 0 0 0 0 0 0 
 22 65 137 263 147 364 121 118 238 259 194 546 38 37 147 79 0 151 24 138 5 0 4 0 3 0 75 1 0 0 0 2 76 3 3 0 0 0 4 80 2 0 0 0 2 0 0 0 0 2 3 0 3 2 2 0 0 0 0 7 0 0 0 0 0 0 0 0 0 0 0 0 4 0 0 1 2 3 2 3 19 26 24 22 19 0 0 0 19 18 0 21 10 0 1 14 37 2 0 14 0 0 0 0 0 0 12 0 0 0 0 0 0 0 0 1 0 0 15 21 55 0 0 0 0 0 0 0 0 0 0 0 0 0 0 0 0 0 0 0 0 0 0 0 0 0 0 0 0 0 0 0 0 0 0 9 0 2 0 1 43 0 11 24 14 0 19 24 36 0 10 21 0 3 23 5 17 17 10 11 0 20 0 0 1 2 11 0 0 0 0 0 14 34 0 0 0 16 22 2 0 0 0 0 0 0 7 0 16 0 0 2 0 0 0 0 0 0 0 0 0 0 0 0 0 0 0 0 0 0 0 0 0 1 0 0 0 0 0 0 0 21 0 0 0 0 85 0 95 0 16 20 2 0 0 0 0 0 0 0 0 0 9 0 0 0 0 0 0 0 0 0 0 0 0 2 0 0 0 0 0 0 0 0 0 0 0 0 0 0 
 124 117 132 145 38 200 125 150 366 123 183 95 306 150 123 158 151 0 196 127 4 0 0 0 2 0 61 0 0 0 0 5 76 6 0 1 0 5 2 150 1 0 0 0 0 0 0 0 0 2 3 0 0 3 0 0 0 0 2 0 0 5 0 0 0 0 0 0 0 0 0 0 13 0 0 0 3 3 3 0 0 5 0 16 10 14 0 17 10 9 28 45 9 0 1 6 14 0 24 0 0 0 0 0 0 12 47 10 0 0 0 0 0 0 0 0 0 21 9 3 0 0 0 0 2 0 0 0 0 0 0 0 0 0 0 0 0 0 0 0 0 0 0 0 0 1 0 1 0 0 7 0 0 0 0 0 0 0 0 4 1 1 0 14 0 9 0 0 24 0 40 33 1 2 1 10 0 0 4 9 15 17 23 0 0 0 6 0 0 16 8 0 17 35 11 0 0 22 42 0 0 0 0 0 0 1 0 0 0 0 0 0 0 0 0 0 0 0 0 0 0 0 0 0 0 0 0 0 0 0 0 0 0 8 0 0 0 0 0 0 0 0 0 0 0 5 4 0 0 86 2 16 1 0 0 0 0 0 0 0 0 0 0 0 0 2 12 0 0 0 0 0 0 0 0 0 10 0 0 0 0 0 0 0 0 0 0 0 0 0 
 230 93 25 286 95 259 57 144 497 437 209 240 63 381 179 236 24 196 0 230 4 0 38 0 76 0 0 0 3 21 1 0 0 3 0 1 0 0 6 0 2 0 0 0 0 0 0 0 0 2 3 0 2 2 0 0 28 0 2 0 0 0 0 0 0 0 0 0 0 0 0 0 3 0 0 0 7 5 2 0 0 0 0 22 18 0 45 7 28 10 0 14 86 18 18 0 11 0 17 12 0 0 0 0 0 0 0 0 0 0 2 0 0 0 1 0 1 0 0 0 0 0 0 0 0 0 20 0 0 0 1 0 9 0 0 0 0 0 0 0 0 0 0 0 0 23 0 0 0 0 0 2 0 2 0 2 0 0 0 0 0 0 0 0 0 0 0 10 9 5 22 11 2 15 0 17 12 37 1 27 0 0 0 0 0 0 0 0 0 0 0 0 7 0 0 13 0 0 0 0 0 18 0 0 0 0 0 0 0 0 0 0 0 0 2 0 0 0 0 0 1 0 0 8 0 2 0 0 0 0 0 0 0 0 0 0 0 0 1 0 0 0 0 0 0 2 0 0 1 0 0 7 0 0 0 0 0 0 0 0 0 0 0 0 0 0 0 0 0 0 0 0 0 0 0 19 0 0 0 0 0 0 0 0 0 0 0 0 0 0 
 87 217 115 150 60 52 313 132 63 313 158 372 228 102 75 57 138 127 230 0 3 0 1 0 2 0 0 0 0 0 1 0 0 4 1 0 0 0 5 0 0 0 0 0 0 0 0 0 0 2 3 0 1 3 0 0 0 1 0 0 0 0 0 0 0 0 0 0 0 0 0 0 3 0 0 0 3 3 3 0 0 6 9 27 14 0 0 0 16 33 8 0 23 22 14 0 8 10 10 15 0 0 0 1 0 0 0 2 0 0 0 0 20 0 0 0 0 0 0 0 0 0 0 14 0 0 0 0 0 0 0 0 0 0 0 0 0 0 0 0 0 0 33 0 0 0 0 0 0 0 0 0 0 0 0 0 0 0 1 0 59 23 1 0 11 0 14 20 13 18 11 22 14 26 0 10 18 26 0 5 0 0 0 0 0 0 0 0 0 0 0 1 0 0 0 0 0 0 0 0 0 0 0 0 0 0 0 0 1 0 0 0 0 0 0 0 0 0 0 0 0 0 0 0 0 0 0 0 0 0 0 0 2 0 0 0 0 0 0 0 0 0 0 0 0 2 0 2 1 1 0 26 0 0 0 0 0 0 0 0 0 0 27 0 0 0 0 0 0 0 0 0 0 0 0 0 0 0 0 0 0 0 0 0 0 0 0 0 0 0 
 3 5 4 4 25 36 7 2 2 3 3 78 4 5 5 3 5 4 4 3 0 149 74 293 37 239 173 277 48 52 252 30 218 162 264 195 74 58 37 312 2 0 0 0 6 0 0 0 0 0 0 0 2 0 0 0 0 0 0 0 3 0 3 1 0 0 0 3 3 0 0 0 5 1 3 3 0 4 3 0 0 0 0 0 0 0 0 0 0 0 21 8 0 0 0 0 0 0 0 0 68 31 37 6 0 0 15 0 1 7 0 20 1 57 15 11 10 22 0 27 0 0 0 1 0 0 0 0 0 0 0 0 0 0 11 0 0 0 0 0 0 0 0 0 0 0 0 0 0 0 0 0 0 0 0 1 0 0 0 0 5 0 0 11 9 0 0 0 0 0 0 0 0 0 0 0 3 10 0 0 9 9 19 20 13 0 1 48 19 31 0 14 30 37 8 12 0 0 2 22 0 0 0 0 0 0 0 0 0 0 0 0 0 0 0 0 2 0 0 0 0 0 0 0 22 0 0 0 0 0 0 0 2 0 0 9 0 0 0 0 0 0 0 0 0 0 1 0 0 0 0 0 0 0 3 0 3 4 0 0 1 2 0 0 0 0 44 0 0 0 0 0 0 0 0 0 0 0 0 0 0 0 0 0 0 1 13 0 0 0 
 5 2 0 3 0 4 0 2 0 0 0 0 0 0 2 0 0 0 0 0 149 0 135 147 55 32 223 303 64 99 105 27 56 392 115 505 68 324 67 67 2 0 6 0 4 4 2 2 3 0 6 0 66 107 0 0 12 0 0 82 0 3 0 2 0 2 0 4 5 0 0 8 6 0 8 2 0 0 4 0 13 0 0 0 0 0 0 0 0 0 0 0 0 0 0 3 0 0 0 0 16 17 0 38 0 7 0 21 0 40 18 40 6 9 48 32 42 20 0 15 0 0 0 0 0 0 18 0 2 0 0 0 0 2 7 1 0 9 2 0 0 0 0 0 0 0 0 0 0 0 0 0 0 2 0 0 0 0 0 0 0 8 0 0 0 0 12 0 0 0 7 0 0 0 0 0 0 0 0 0 12 13 0 39 9 13 1 19 1 29 26 18 0 6 0 21 0 8 23 1 8 1 0 0 0 0 0 0 1 0 0 0 0 18 14 0 15 0 19 54 0 0 0 0 0 1 0 0 0 0 0 0 0 0 0 0 0 0 0 0 0 0 0 0 0 0 0 0 1 0 0 0 0 0 10 0 0 4 64 0 14 0 0 0 0 0 0 0 0 0 0 0 0 0 0 0 0 0 0 0 0 31 0 0 0 0 0 0 0 0 
 1 3 2 0 0 1 75 2 0 33 2 2 2 2 1 2 4 0 38 1 74 135 0 166 35 60 62 144 188 58 42 103 76 134 36 137 137 228 53 95 2 0 6 0 1 0 0 0 0 0 0 0 3 207 0 1 11 0 0 3 0 2 2 0 0 2 4 2 4 0 0 55 3 1 2 2 0 0 0 53 0 0 0 0 0 0 1 0 0 0 0 0 0 1 0 0 0 0 0 0 0 16 0 18 0 37 0 17 13 5 32 57 9 1 11 22 16 0 0 11 0 0 0 0 0 0 16 0 0 0 0 0 25 3 0 0 0 9 0 0 0 0 2 0 0 0 0 0 0 0 0 0 0 0 0 0 0 2 0 0 0 0 0 0 0 0 0 0 0 0 4 0 0 0 1 0 0 0 0 0 1 11 15 15 12 0 32 20 23 41 9 81 0 0 24 16 39 14 0 7 9 18 0 0 0 0 0 0 0 0 0 0 0 61 15 0 17 0 2 28 0 0 0 0 0 0 0 0 0 0 0 0 0 0 0 0 0 0 0 0 0 0 0 0 0 75 0 0 2 0 0 0 0 0 13 0 0 0 10 4 3 1 0 0 0 0 0 0 0 0 0 0 0 0 0 0 0 0 0 0 0 11 0 0 0 0 0 0 0 0 
 0 3 0 0 0 0 3 0 0 5 0 0 0 2 2 0 0 0 0 0 293 147 166 0 104 43 75 162 189 244 77 113 57 152 133 200 137 427 138 133 2 0 6 0 0 0 23 0 0 0 0 17 3 0 0 0 6 0 0 0 0 0 5 0 0 2 0 2 0 0 0 0 0 0 2 2 47 0 0 0 0 0 0 0 0 0 0 0 0 0 0 0 2 0 1 0 0 0 0 0 0 10 19 20 18 35 0 7 24 8 30 29 25 2 18 19 22 6 2 0 0 1 0 0 0 0 0 0 0 0 0 0 31 1 0 0 0 8 11 10 0 0 0 0 0 0 0 0 0 0 0 0 1 0 0 0 0 0 0 0 0 0 0 3 0 0 3 0 0 0 0 0 0 0 0 0 0 0 0 0 0 6 8 0 0 13 13 27 10 20 29 43 0 0 8 33 12 29 0 0 31 12 8 0 1 0 14 0 0 0 0 0 0 28 22 0 17 0 7 29 1 0 0 0 0 0 0 0 0 0 0 0 0 0 2 0 0 0 0 0 0 0 0 0 0 1 0 0 0 0 0 1 0 0 11 0 4 2 81 2 9 0 0 0 0 0 0 0 0 0 0 0 0 0 0 0 0 0 0 3 0 12 0 0 0 13 0 0 0 0 
 2 3 2 2 2 6 3 3 3 6 3 3 5 2 2 2 3 2 76 2 37 55 35 104 0 158 77 88 95 111 181 157 63 239 107 142 43 134 281 75 63 7 0 2 3 0 11 0 7 2 3 0 3 104 63 13 3 1 2 67 2 0 2 0 2 3 2 0 2 0 3 0 0 3 5 5 0 1 0 2 0 0 0 0 7 0 0 0 0 0 0 0 0 0 0 0 0 0 0 0 4 12 10 7 1 11 0 0 16 0 19 0 0 0 0 3 18 33 0 0 3 2 19 0 0 0 2 15 0 0 0 0 12 0 0 0 11 11 16 6 3 0 0 0 0 0 0 0 0 0 0 0 0 0 0 0 0 6 0 0 0 0 2 0 0 0 0 0 4 0 0 1 0 0 0 0 2 0 1 0 0 0 20 0 27 13 0 0 0 0 35 3 46 0 0 12 0 0 0 0 0 0 0 0 0 6 12 0 0 0 0 14 10 15 12 18 2 11 26 14 0 0 0 6 0 0 0 0 0 0 0 0 0 0 0 0 0 0 0 1 0 0 0 0 0 0 0 0 0 0 0 0 0 0 10 0 0 77 2 0 4 0 0 0 0 0 0 0 0 0 0 1 0 0 0 0 0 0 0 0 0 1 0 0 0 0 18 0 0 0 
 3 0 0 2 4 0 0 0 0 0 0 2 0 3 2 0 0 0 0 0 239 32 60 43 158 0 127 35 279 439 152 141 30 242 45 181 308 111 33 290 115 54 8 0 5 0 79 126 3 0 0 0 77 4 66 0 28 0 66 125 2 0 0 0 0 2 0 0 0 0 22 3 3 0 3 2 51 0 2 0 0 0 0 0 0 0 0 0 0 0 0 0 0 0 0 27 0 0 0 0 0 0 0 21 1 44 0 0 0 0 27 18 0 0 0 0 0 0 0 0 0 0 1 15 0 0 21 0 0 1 14 0 13 4 13 0 5 18 17 0 4 8 0 0 0 0 0 0 1 2 0 0 0 0 0 0 0 0 0 0 0 0 0 0 0 0 0 0 4 0 0 6 0 0 0 0 0 0 0 2 0 0 0 0 0 1 0 0 9 0 21 57 0 0 2 18 0 0 0 0 46 0 0 13 0 0 10 11 13 0 0 31 14 27 20 27 50 20 0 20 0 0 0 0 0 0 0 0 0 0 0 0 0 0 0 0 0 0 0 0 0 0 0 0 0 0 0 0 2 0 0 0 0 0 10 0 3 4 2 5 4 1 0 0 0 2 0 67 0 0 0 0 0 2 0 0 0 0 0 0 0 12 0 0 0 18 0 0 0 0 
 0 0 0 2 107 41 0 0 1 0 0 0 0 0 0 0 75 61 0 0 173 223 62 75 77 127 0 61 339 48 24 35 257 146 42 34 29 97 141 49 2 0 0 0 0 0 0 0 0 9 0 0 3 0 0 0 3 1 0 0 0 0 34 0 0 2 0 0 0 0 0 0 6 0 2 2 0 0 0 0 1 0 1 0 3 5 0 0 0 0 0 10 0 0 0 17 0 1 0 0 43 12 0 8 0 0 34 14 9 2 0 13 33 21 34 15 7 7 10 31 0 11 0 0 0 0 0 0 0 0 0 0 0 0 0 0 0 0 0 0 0 0 0 0 2 0 0 0 0 0 0 0 0 0 0 3 0 0 0 0 0 0 0 42 19 15 0 0 0 0 0 0 0 1 0 0 0 0 0 0 4 23 0 24 0 0 8 0 0 20 0 0 22 27 0 0 34 17 37 18 0 0 0 0 2 0 0 0 0 0 0 0 0 0 0 0 0 0 0 1 0 0 1 0 0 0 0 0 0 0 2 0 0 0 0 0 0 8 0 0 0 0 0 0 0 0 76 0 0 82 0 0 0 0 12 1 2 0 0 0 0 0 0 0 0 0 0 0 0 0 0 1 0 0 0 0 0 0 0 0 0 0 0 0 0 0 0 0 0 0 
 0 1 0 0 2 32 0 2 0 0 0 0 0 3 0 0 1 0 0 0 277 303 144 162 88 35 61 0 194 156 41 36 90 77 335 150 112 188 256 46 6 0 0 4 24 0 2 0 5 1 0 0 9 4 0 0 0 0 3 3 0 0 0 2 0 2 3 9 4 0 1 0 3 0 2 2 46 0 0 1 0 0 0 0 0 0 0 0 0 0 2 2 0 0 0 0 0 0 0 0 0 0 39 10 5 0 9 15 12 35 0 1 12 18 17 21 1 25 1 0 0 1 0 2 0 0 0 0 0 0 14 1 17 0 0 0 0 0 0 0 0 0 0 0 0 0 0 0 0 9 0 0 0 22 0 1 0 0 0 0 0 0 3 1 1 13 0 0 0 0 4 0 0 0 0 0 0 0 0 0 31 5 1 20 13 13 30 34 14 25 9 12 19 0 8 15 30 24 0 10 4 0 0 0 0 0 0 0 0 0 0 0 0 0 11 11 1 0 0 0 0 0 0 0 0 0 0 0 0 0 0 0 0 0 0 0 0 0 0 0 0 0 8 0 0 0 0 0 0 0 0 0 0 0 4 0 2 2 76 0 12 0 0 0 0 0 0 0 0 0 0 0 0 0 0 0 0 0 0 62 0 0 0 0 18 11 0 0 0 0 
 5 0 2 0 39 77 0 0 0 0 2 0 0 0 4 0 0 0 3 0 48 64 188 189 95 279 339 194 0 186 328 59 299 68 442 198 383 99 252 384 2 3 0 2 2 4 5 2 4 0 0 0 11 2 0 0 5 2 2 6 0 29 1 0 7 5 0 0 3 0 0 8 5 5 5 4 3 2 3 0 0 0 0 0 8 0 0 0 0 0 0 0 0 0 0 0 0 0 0 0 0 0 25 0 10 9 0 0 27 7 31 13 8 0 0 26 2 1 0 0 0 0 0 0 0 0 12 0 0 0 0 0 19 0 0 0 0 0 15 19 0 0 0 0 0 0 0 0 0 5 0 0 0 0 0 0 0 0 0 0 0 0 0 4 0 0 3 0 0 0 0 3 0 0 0 0 0 0 0 3 0 24 11 14 1 0 28 20 17 14 1 2 16 1 10 0 32 14 0 18 19 13 0 0 0 0 10 0 0 0 0 0 0 0 11 0 0 0 1 16 0 0 0 0 0 0 0 0 0 0 11 0 0 0 0 0 0 0 0 0 0 0 8 0 0 1 0 0 0 0 0 0 0 0 15 1 1 0 0 1 0 1 0 0 0 0 0 0 0 0 0 0 0 0 0 0 0 0 0 0 0 0 0 0 0 0 0 0 0 0 
 0 3 0 0 0 15 1 0 0 3 0 1 0 1 6 0 0 0 21 0 52 99 58 244 111 439 48 156 186 0 252 140 67 154 92 258 153 123 78 107 2 0 0 0 0 1 12 0 0 0 0 0 64 0 1 0 0 0 0 2 0 53 0 0 0 2 49 0 0 0 0 1 0 0 2 2 0 0 0 0 0 0 0 0 0 0 10 0 0 0 0 0 31 0 0 0 0 0 0 0 0 1 18 39 12 29 0 14 1 7 11 0 0 0 13 0 13 50 0 0 11 0 0 0 0 0 6 0 0 0 0 0 0 8 6 0 0 0 21 0 0 0 0 0 0 0 0 0 0 0 0 0 0 0 0 0 0 0 0 0 0 0 0 0 0 0 2 9 0 0 5 0 0 0 2 0 0 0 0 2 0 0 11 12 10 28 0 0 3 0 22 0 0 0 0 41 0 15 0 0 0 0 0 0 0 0 0 0 0 10 0 0 12 12 11 9 0 0 24 0 0 0 0 0 0 0 0 0 0 0 0 0 0 0 0 0 0 0 0 0 0 0 0 0 0 0 0 0 0 0 0 0 0 0 10 0 3 2 2 1 11 10 0 0 0 0 0 0 0 0 0 0 0 0 0 0 0 0 0 10 0 14 0 0 0 0 0 0 0 0 
 5 1 0 5 0 0 3 2 0 3 3 210 2 0 3 1 0 0 1 1 252 105 42 77 181 152 24 41 328 252 0 435 246 55 57 383 244 355 17 80 2 0 0 0 0 0 7 1 0 0 3 3 64 0 22 3 2 0 0 0 0 0 4 0 0 3 0 0 0 0 0 2 0 2 2 2 0 1 0 3 0 0 0 0 0 0 0 0 0 0 0 0 0 0 0 0 0 0 0 0 0 24 1 13 16 19 13 0 13 9 39 1 0 0 11 15 10 23 0 0 0 12 0 0 0 0 1 0 0 0 0 0 8 0 0 0 0 0 24 9 0 0 0 0 0 0 0 0 0 0 0 0 0 0 0 0 0 0 0 0 0 0 0 7 0 0 3 0 0 0 5 0 0 0 0 0 0 0 0 0 0 9 16 0 9 27 0 4 0 0 11 9 0 0 0 9 0 23 0 0 8 11 7 0 0 0 7 11 0 0 0 0 9 28 9 0 0 9 13 19 0 0 0 0 0 1 0 0 0 0 0 0 0 0 0 10 0 0 0 0 0 0 5 0 0 1 0 0 0 0 0 0 0 0 9 31 2 0 73 1 13 0 0 0 2 0 0 0 0 0 0 0 28 0 0 0 0 0 0 0 0 0 0 0 0 0 0 0 0 2 
 0 0 0 1 0 2 2 0 0 0 0 0 1 0 0 4 2 5 0 0 30 27 103 113 157 141 35 36 59 140 435 0 33 330 79 222 151 132 28 45 65 0 0 0 0 0 12 0 0 0 0 0 3 102 63 0 2 0 3 3 0 0 1 0 0 3 5 0 1 2 1 0 3 0 3 2 0 2 2 1 0 0 2 0 0 0 0 0 2 0 0 0 0 0 0 0 0 0 0 0 13 0 0 8 17 24 0 0 10 55 41 1 0 11 13 0 11 47 0 15 3 1 23 0 0 0 1 0 0 0 0 0 9 16 0 0 13 1 20 29 0 0 0 0 0 0 0 0 0 0 0 0 0 0 0 0 0 3 0 0 0 0 1 0 0 0 0 0 5 0 0 1 0 1 0 0 1 0 0 0 0 8 13 0 26 4 11 2 1 10 3 5 0 0 12 7 12 0 1 0 8 55 12 0 0 2 28 1 0 3 0 0 22 57 36 0 1 10 20 25 0 0 0 0 0 0 0 17 0 0 0 0 0 0 0 0 0 0 0 2 0 0 0 0 0 0 0 0 0 0 0 0 0 0 12 0 4 73 2 2 0 34 0 0 0 0 0 0 0 0 0 0 0 0 0 0 0 0 0 0 0 0 0 0 0 1 0 0 0 0 
 2 3 19 3 101 83 0 0 75 74 2 19 2 0 5 74 76 76 0 0 218 56 76 57 63 30 257 90 299 67 246 33 0 94 114 60 340 28 183 349 0 0 0 0 0 0 0 0 0 3 0 0 3 0 0 0 0 0 0 4 2 0 3 0 0 4 0 0 2 0 1 10 0 0 2 2 0 0 0 0 0 0 10 0 30 46 10 0 1 0 0 12 0 0 0 14 12 23 0 0 27 0 5 5 0 0 33 20 0 0 0 0 19 35 1 1 0 0 5 18 0 2 0 0 0 0 0 0 0 0 0 0 0 0 0 0 1 0 0 0 0 0 0 0 0 0 0 0 0 0 0 0 0 0 0 0 0 0 0 0 5 0 12 19 8 12 0 0 0 12 12 54 0 0 0 0 2 0 1 0 32 0 26 12 0 0 12 0 0 13 0 0 8 48 9 13 7 0 15 0 0 0 0 0 0 1 0 0 0 0 0 0 7 0 0 0 0 0 0 0 0 0 0 0 0 0 0 0 0 0 0 0 0 0 0 0 0 0 0 0 0 0 0 0 0 0 75 0 0 0 2 0 0 0 7 1 1 0 0 0 2 0 0 0 0 0 0 0 94 0 0 0 0 0 1 11 0 0 0 0 0 0 0 0 0 0 0 0 0 0 
 4 4 3 3 6 79 3 5 3 5 3 21 3 3 6 3 3 6 3 4 162 392 134 152 239 242 146 77 68 154 55 330 94 0 372 129 315 276 70 93 3 2 0 0 0 0 20 0 5 2 11 0 6 0 0 3 0 0 0 0 0 0 0 0 53 1 4 0 1 1 0 5 1 2 2 5 2 0 2 0 0 0 0 0 0 0 0 0 0 0 0 9 2 0 1 0 1 0 0 0 36 43 0 16 0 2 8 21 12 21 0 25 12 13 31 31 36 18 2 29 0 0 0 0 0 0 21 0 0 0 0 0 0 0 0 0 0 0 2 0 0 0 0 0 0 0 0 0 0 0 0 0 0 0 0 0 0 0 0 0 7 0 0 0 0 0 0 0 0 0 0 0 0 0 0 0 0 0 0 0 11 10 81 9 68 1 10 8 0 45 20 15 0 29 28 35 15 73 10 1 0 0 0 0 0 0 0 0 0 40 0 0 0 18 0 0 0 0 22 1 0 0 15 0 0 0 0 0 0 0 0 0 0 0 1 0 0 0 0 0 0 0 0 0 0 1 0 0 0 0 0 0 2 0 9 0 1 3 0 2 2 0 0 0 0 0 0 0 0 0 0 0 0 0 0 0 0 0 0 0 0 0 0 0 0 1 0 0 0 0 
 2 2 0 0 0 112 0 1 0 0 2 85 0 0 3 2 3 0 0 1 264 115 36 133 107 45 42 335 442 92 57 79 114 372 0 158 83 249 225 169 2 1 0 0 0 0 0 0 0 0 0 0 6 0 0 0 0 0 0 0 0 0 0 0 3 0 0 0 1 0 0 0 5 2 0 0 0 0 0 3 0 0 0 0 0 0 9 0 0 0 0 21 1 0 2 0 2 0 0 0 19 19 31 0 10 1 0 18 30 20 0 34 20 26 9 0 0 9 1 0 0 0 0 0 0 0 0 0 0 0 0 0 8 0 0 0 0 0 0 0 0 0 0 0 0 0 0 0 0 37 0 0 0 0 0 0 0 0 0 0 6 0 0 0 0 9 0 0 0 0 0 0 0 0 0 8 0 0 0 0 20 19 9 11 8 0 25 38 29 0 8 1 19 19 6 47 0 43 0 10 9 0 0 0 0 0 0 0 8 0 0 0 0 0 0 11 0 0 0 0 2 0 0 0 0 0 0 0 0 0 0 0 0 7 0 0 0 0 0 0 0 0 6 0 0 0 0 0 0 74 0 0 0 2 0 4 0 2 0 0 0 2 0 0 0 0 0 0 0 0 0 0 0 0 0 0 1 0 0 10 0 0 0 0 0 10 0 2 0 0 
 3 0 0 1 0 15 0 0 2 0 3 209 0 32 2 1 0 1 1 0 195 505 137 200 142 181 34 150 198 258 383 222 60 129 158 0 296 438 136 369 3 6 5 0 3 6 3 2 2 0 5 0 66 0 2 3 16 0 0 8 0 0 2 10 0 7 4 0 6 0 15 0 9 0 2 2 2 0 6 0 0 0 0 0 0 0 0 0 0 0 0 0 0 0 0 0 0 0 0 0 8 25 17 23 30 31 6 1 39 29 30 8 14 9 31 18 23 33 0 7 0 0 0 0 0 0 1 0 0 1 0 0 1 13 0 0 0 0 26 20 0 0 0 0 0 0 0 1 0 2 0 0 0 0 0 0 0 0 0 0 0 0 0 6 0 14 7 0 0 0 0 14 0 0 0 0 0 0 0 5 12 28 12 20 13 0 12 9 19 12 26 44 6 13 23 20 0 17 9 36 5 0 0 0 0 0 0 0 0 0 0 0 0 47 9 0 0 15 18 26 0 0 0 0 0 0 0 0 0 0 0 0 0 0 0 0 0 0 0 0 0 0 0 0 0 0 0 0 0 0 0 0 0 10 11 0 2 146 2 0 6 0 0 0 0 0 12 0 0 0 0 0 0 0 0 0 0 2 0 0 0 13 0 0 0 0 0 0 0 0 
 3 0 0 1 0 25 0 0 0 4 3 72 0 0 3 2 0 0 0 0 74 68 137 137 43 308 29 112 383 153 244 151 340 315 83 296 0 56 98 32 2 0 0 0 0 0 0 0 4 27 0 0 84 0 63 0 0 0 0 0 0 0 1 0 0 3 0 0 0 0 0 6 0 0 2 2 0 0 0 0 0 0 0 0 0 0 0 0 0 0 0 8 0 0 0 0 0 0 0 0 55 9 10 19 15 26 0 0 0 1 41 43 0 9 0 6 14 11 0 0 12 3 0 0 0 0 6 0 0 0 0 0 7 14 23 0 0 0 12 16 0 0 2 0 0 0 0 0 0 0 0 0 0 0 0 0 0 0 0 0 41 0 0 0 0 6 0 0 6 0 0 47 0 0 0 0 0 0 0 0 35 8 1 10 1 40 48 0 33 22 0 8 14 33 13 23 24 0 0 17 7 13 0 0 0 0 0 0 0 12 0 0 24 2 12 0 0 12 13 19 0 0 0 0 0 0 0 0 0 0 0 0 0 0 0 0 0 0 0 0 0 0 0 0 0 0 0 0 0 0 0 0 0 0 19 0 0 1 1 1 5 10 0 0 0 0 0 0 0 0 0 0 0 0 0 0 0 0 0 2 0 13 0 0 0 0 0 0 0 0 
 1 0 1 0 1 74 0 0 0 0 1 0 0 0 1 4 0 5 0 0 58 324 228 427 134 111 97 188 99 123 355 132 28 276 249 438 56 0 116 115 2 0 5 62 0 0 3 0 0 0 0 0 3 0 0 0 4 0 0 1 0 0 3 0 0 2 0 0 0 0 0 0 0 0 2 2 8 0 0 0 0 2 0 0 0 0 0 0 0 0 0 0 0 0 0 0 0 0 0 0 7 47 18 22 2 18 0 0 16 0 29 49 5 0 17 11 8 9 0 12 0 0 0 0 0 0 1 0 0 0 0 0 12 9 0 0 0 0 0 11 0 0 0 0 0 0 0 0 0 10 0 10 0 0 2 0 0 15 0 0 0 5 0 0 0 2 1 1 0 0 10 0 0 0 0 0 0 0 0 0 0 22 16 26 31 1 37 0 21 18 8 48 19 15 4 10 104 1 12 11 10 10 0 0 0 0 1 0 0 0 0 0 0 1 22 0 13 0 0 10 0 13 0 0 0 0 0 0 0 0 0 0 0 0 0 0 0 0 0 0 0 0 0 0 0 0 0 0 0 0 0 2 0 0 11 0 3 1 1 0 4 0 0 0 0 0 0 0 0 0 0 0 0 0 0 0 0 0 0 0 0 15 0 0 0 0 0 0 0 0 
 5 4 8 78 82 76 3 78 3 3 78 2 4 78 4 42 4 2 6 5 37 67 53 138 281 33 141 256 252 78 17 28 183 70 225 136 98 116 0 188 2 0 0 0 1 0 0 0 3 0 0 0 24 0 0 0 0 0 0 0 0 0 0 0 0 0 0 0 0 0 0 0 0 0 2 3 0 0 0 0 0 0 0 9 21 17 0 0 0 14 0 0 0 14 0 11 0 12 15 0 0 9 15 11 0 0 8 13 15 0 0 31 11 0 0 19 0 0 15 3 5 0 0 0 0 0 0 0 0 0 0 0 0 0 0 0 0 0 0 0 0 0 0 0 0 0 0 0 0 17 0 0 0 0 0 0 0 0 0 0 1 0 0 14 2 0 0 0 0 0 8 8 0 0 0 0 0 0 2 0 0 16 9 12 14 0 29 23 26 0 0 10 12 10 11 1 23 0 1 24 0 0 0 0 0 0 0 0 0 0 0 0 0 0 2 0 0 0 0 0 0 0 0 1 0 0 0 0 11 0 0 1 0 0 0 7 0 0 0 0 0 0 11 0 0 0 0 0 0 0 0 0 0 0 11 2 0 0 2 1 2 0 0 0 0 0 0 0 0 0 0 0 0 0 0 8 0 0 0 0 0 0 0 0 0 0 0 0 0 1 
 3 0 97 1 72 1 0 5 143 81 4 1 0 3 3 57 80 150 0 0 312 67 95 133 75 290 49 46 384 107 80 45 349 93 169 369 32 115 188 0 1 0 1 0 0 0 0 2 3 1 0 0 3 2 0 0 0 0 0 0 0 1 0 4 0 2 0 0 3 0 0 3 3 0 2 2 0 0 2 0 0 5 10 0 9 18 0 0 24 1 0 1 0 0 0 0 19 9 0 0 19 0 10 18 0 0 11 10 12 9 0 10 29 13 0 2 0 0 13 23 0 0 0 0 0 0 0 0 0 0 0 0 0 0 0 0 0 0 0 0 0 0 0 0 0 0 0 0 1 20 0 0 0 0 0 0 0 0 1 0 0 0 19 3 0 0 0 10 0 19 11 10 0 0 4 0 0 0 19 0 3 10 49 1 19 0 26 4 7 12 1 20 31 0 27 0 12 0 29 18 0 0 15 0 0 0 0 0 0 0 0 0 0 1 0 9 0 0 0 0 0 0 0 0 0 0 0 0 0 0 0 0 0 0 0 0 0 0 0 0 0 0 0 0 0 0 73 0 0 0 0 0 0 0 15 0 5 40 0 0 1 2 0 0 0 0 1 0 0 0 0 0 0 0 0 0 0 0 0 0 0 0 0 0 0 0 15 0 0 0 
 1 2 2 2 2 0 2 0 0 1 1 0 0 3 4 1 2 1 2 0 2 2 2 2 63 115 2 6 2 2 2 65 0 3 2 3 2 2 2 1 0 96 97 80 39 48 181 84 41 57 44 45 81 70 99 31 39 34 40 268 0 0 0 0 0 0 0 0 0 0 9 0 0 0 0 0 53 0 0 0 0 0 0 0 0 0 0 0 0 0 0 0 0 0 0 0 0 0 0 21 0 0 7 0 1 15 0 0 0 0 15 0 0 0 6 0 0 0 0 0 0 14 7 24 29 25 10 20 22 30 7 10 10 0 12 0 37 23 10 0 0 0 0 0 0 1 0 0 7 0 0 0 6 0 8 0 0 0 3 0 0 0 2 0 14 0 0 0 9 0 0 1 0 0 0 0 0 1 0 0 0 5 0 0 0 8 1 0 0 0 0 0 0 0 0 0 0 0 0 0 11 5 4 32 6 6 14 0 14 17 1 7 22 0 0 11 11 0 0 0 0 0 0 0 0 0 0 2 0 0 0 0 9 15 7 0 0 0 11 1 0 0 0 0 0 0 0 0 0 0 0 6 64 0 0 0 0 2 0 0 0 0 11 0 12 0 0 2 1 0 0 0 0 0 0 0 0 0 0 0 0 0 0 0 0 1 0 0 0 0 
 0 0 0 0 0 5 3 3 0 0 0 0 0 0 0 0 0 0 0 0 0 0 0 0 7 54 0 0 3 0 0 0 0 2 1 6 0 0 0 0 96 0 212 195 113 83 127 325 56 36 9 78 59 98 271 49 39 18 261 200 0 0 0 0 3 0 1 3 0 3 0 0 0 10 5 0 0 12 7 3 0 0 0 0 0 0 0 0 0 0 0 0 0 0 0 0 0 0 0 0 0 0 0 0 0 0 0 0 0 0 0 0 0 0 0 0 0 0 0 0 0 21 23 4 0 0 4 4 11 6 22 0 0 17 13 31 0 43 11 2 11 10 2 0 0 0 0 10 2 0 0 4 8 6 21 1 0 0 0 1 0 11 0 0 0 0 0 31 0 34 0 0 0 1 0 0 0 0 0 0 0 0 0 0 0 1 0 0 0 0 14 0 0 0 0 0 0 0 23 0 11 0 15 15 1 21 0 12 0 4 51 21 17 8 24 13 20 0 10 0 6 0 0 15 0 0 2 0 0 0 0 0 1 3 1 0 5 24 27 0 0 0 0 0 0 0 0 0 0 0 0 7 0 1 0 0 0 0 0 2 0 0 0 85 66 27 2 65 0 20 0 0 0 0 0 0 0 0 0 0 0 3 0 0 0 11 0 0 0 0 
 1 0 0 2 1 0 0 3 0 0 0 0 0 2 1 3 0 0 0 0 0 6 6 6 0 8 0 0 0 0 0 0 0 0 0 5 0 5 0 1 97 212 0 224 37 84 86 160 140 178 126 248 129 183 59 81 171 403 106 31 1 3 2 0 0 3 0 0 0 0 3 2 1 0 0 0 2 10 103 2 0 0 0 0 0 0 0 0 0 0 0 0 0 0 0 0 0 0 0 0 0 0 0 5 1 8 0 0 0 0 4 3 0 0 0 0 0 0 0 0 0 37 6 18 0 2 10 20 2 28 9 1 0 63 0 65 0 8 1 14 0 0 0 0 0 1 0 9 0 13 0 0 20 0 10 0 0 0 0 0 0 3 0 0 0 0 0 0 0 3 0 0 0 0 0 0 0 10 0 0 0 0 0 0 0 0 0 0 0 0 8 2 0 0 0 0 0 7 0 0 6 0 21 21 20 10 0 31 0 0 11 18 8 31 16 0 27 11 17 16 3 0 0 0 0 0 11 0 9 0 0 0 7 0 10 10 0 0 15 35 0 0 0 0 0 0 0 0 0 0 0 6 0 0 0 0 0 0 0 11 0 0 65 0 3 11 2 65 1 0 1 0 0 0 0 0 0 0 0 0 0 17 0 0 10 14 0 0 0 0 
 0 0 0 0 0 0 58 0 0 0 0 0 0 0 3 5 0 0 0 0 0 0 0 0 2 0 0 4 2 0 0 0 0 0 0 0 0 62 0 0 80 195 224 0 73 43 133 97 76 82 94 170 53 145 116 49 103 178 91 82 0 3 0 0 5 0 4 0 0 0 0 0 0 0 0 1 2 3 0 0 0 0 0 0 0 0 0 0 0 0 0 0 0 0 0 0 0 0 0 0 0 0 0 0 0 0 0 0 0 0 0 0 0 0 0 0 0 0 0 0 10 0 8 10 1 11 0 25 19 40 0 18 0 13 1 4 16 29 0 0 1 0 0 0 1 0 0 11 0 0 0 0 6 0 20 0 0 0 0 8 0 2 0 0 0 0 0 0 0 2 0 0 0 0 0 0 0 0 0 0 0 0 0 0 0 0 1 0 0 0 0 9 0 0 0 0 0 0 0 0 0 0 0 16 17 7 0 10 8 17 12 12 0 10 0 1 8 0 0 0 0 0 8 0 0 27 0 0 0 0 0 0 10 12 0 2 0 0 21 0 0 0 0 0 0 0 0 0 0 0 0 6 0 0 0 0 0 0 0 40 0 0 2 1 1 7 1 1 2 0 0 0 0 0 0 0 0 0 0 0 0 0 0 0 0 4 0 0 0 0 
 0 0 64 0 0 0 4 1 0 3 0 3 0 0 0 1 2 0 0 0 6 4 1 0 3 5 0 24 2 0 0 0 0 0 0 3 0 0 1 0 39 113 37 73 0 432 279 75 285 145 167 379 64 276 292 134 114 110 61 178 0 1 0 7 49 1 3 51 0 2 0 16 0 51 0 0 23 0 98 6 0 0 0 0 0 0 0 0 0 0 0 0 0 0 0 0 0 0 0 0 0 0 0 0 0 0 0 0 1 0 0 0 0 0 0 2 0 0 0 0 0 21 0 0 0 0 0 0 0 26 0 7 0 0 0 27 20 11 0 0 0 0 0 8 6 10 9 7 1 45 20 0 0 8 4 7 6 3 7 9 0 0 0 0 0 0 0 0 0 1 0 0 0 9 0 0 0 0 0 0 0 0 0 0 0 0 0 0 0 0 0 0 0 0 0 0 0 0 0 0 0 1 32 46 0 13 0 0 0 9 25 8 0 11 13 0 0 22 0 0 22 10 8 0 8 0 0 0 5 3 1 6 29 2 0 17 1 6 14 0 0 0 11 0 0 0 0 0 0 0 0 8 0 0 0 0 0 0 1 1 0 0 0 48 3 3 2 0 0 0 1 0 0 0 0 7 0 0 0 0 0 0 0 0 11 0 0 0 0 0 
 3 0 0 0 0 0 2 4 8 2 3 0 0 0 5 0 0 0 0 0 0 4 0 0 0 0 0 0 4 1 0 0 0 0 0 6 0 0 0 0 48 83 84 43 432 0 25 55 54 62 381 208 34 499 47 124 82 68 249 194 0 0 19 0 2 0 83 0 49 0 2 3 62 0 0 1 0 0 19 4 0 0 0 0 0 0 0 0 0 0 0 0 0 0 0 0 0 0 0 0 0 0 0 0 0 0 0 0 0 0 0 0 0 0 0 0 0 0 0 0 0 7 11 25 0 0 0 0 0 14 0 0 0 0 0 8 27 10 0 0 0 6 0 24 0 35 1 10 15 6 0 0 8 0 9 0 0 0 15 10 0 0 0 0 0 0 0 0 0 0 0 0 0 4 0 0 0 0 0 0 0 0 0 0 0 0 13 0 0 0 0 0 0 0 0 0 0 0 0 0 0 0 23 10 22 0 0 0 0 9 12 39 0 19 11 0 0 0 0 0 6 20 3 0 1 0 13 12 9 0 0 0 29 0 62 1 0 0 17 9 0 0 0 0 0 0 0 0 0 0 0 2 0 0 0 1 0 0 0 0 1 0 20 39 4 5 5 0 0 0 0 0 0 0 0 0 0 0 0 0 0 0 13 0 0 0 0 0 0 0 
 0 2 0 0 0 3 1 0 0 0 0 1 0 3 0 0 0 0 0 0 0 2 0 23 11 79 0 2 5 12 7 12 0 20 0 3 0 3 0 0 181 127 86 133 279 25 0 320 90 37 25 30 219 293 50 327 69 24 408 492 0 0 0 0 0 0 2 0 202 0 7 0 0 0 0 0 1 0 0 0 0 0 0 0 0 0 0 0 0 0 0 0 13 0 7 0 0 0 0 0 0 6 0 4 0 0 0 0 0 0 0 0 0 0 0 0 0 8 10 0 0 1 8 27 11 27 0 48 0 21 18 9 0 9 22 0 15 38 19 0 6 3 0 0 0 0 0 0 0 0 0 0 3 0 0 0 0 0 0 0 0 0 0 0 0 0 20 4 1 0 0 0 0 0 0 0 0 0 0 0 0 0 14 0 20 0 0 0 0 0 15 0 0 0 1 13 0 12 0 0 11 0 0 10 6 0 0 18 31 32 0 43 0 3 10 13 50 0 0 0 0 0 0 0 0 0 0 0 0 0 0 0 0 10 0 0 0 0 0 0 0 0 1 0 0 0 0 0 0 0 0 7 0 1 0 0 0 0 0 2 0 0 0 0 3 15 0 66 0 0 0 0 0 0 0 0 0 0 0 0 0 0 0 0 0 15 0 0 0 0 
 0 3 2 0 0 0 2 3 0 0 0 3 0 0 0 0 0 0 0 0 0 2 0 0 0 126 0 0 2 0 1 0 0 0 0 2 0 0 0 2 84 325 160 97 75 55 320 0 166 115 56 22 268 335 129 286 22 56 70 487 0 0 0 0 0 0 0 0 0 0 3 6 6 0 0 0 0 0 4 0 0 0 0 0 0 0 0 0 0 0 0 0 0 0 0 0 0 0 0 0 0 0 0 0 0 0 0 0 0 0 20 0 0 0 0 0 0 0 0 0 0 25 0 0 9 5 10 25 18 22 21 10 0 19 5 12 1 12 27 12 1 1 0 0 0 0 0 0 0 0 0 9 2 0 0 0 0 0 0 0 0 0 0 0 0 0 0 2 0 19 0 0 0 0 0 0 0 5 0 0 0 0 0 0 0 0 0 0 0 0 0 0 0 0 0 0 0 0 0 0 9 20 23 31 0 0 8 50 24 0 7 13 27 15 6 0 71 1 11 11 0 0 0 0 0 0 0 0 0 0 0 0 14 0 0 0 0 0 0 0 0 0 0 0 0 0 0 0 0 33 0 0 0 2 0 0 0 0 65 0 0 0 2 0 1 2 2 38 2 0 0 0 0 0 0 0 0 0 0 0 0 0 0 0 0 27 0 0 0 0 
 3 0 0 0 4 0 0 88 0 0 0 0 0 0 3 0 0 0 0 0 0 3 0 0 7 3 0 5 4 0 0 0 0 5 0 2 4 0 3 3 41 56 140 76 285 54 90 166 0 140 367 82 160 353 107 278 129 153 144 77 0 0 0 0 0 0 0 0 0 2 0 0 0 0 0 0 0 0 20 0 0 0 0 0 0 0 0 0 0 0 0 0 0 0 0 0 0 0 0 0 0 0 5 0 0 8 11 0 1 0 0 0 0 0 0 1 5 0 40 0 0 2 12 20 21 33 0 19 11 4 8 14 0 10 10 3 26 10 0 0 3 8 0 0 0 0 0 0 0 0 14 0 8 11 33 15 0 0 7 13 0 0 0 0 1 6 0 18 0 0 0 0 0 0 0 0 0 0 0 9 0 3 0 8 0 0 0 0 4 0 0 0 5 6 0 0 3 0 0 0 0 7 14 7 34 13 0 65 0 9 12 0 0 0 0 0 17 13 0 0 28 1 0 0 0 0 35 0 0 0 0 0 79 18 0 3 0 0 0 32 0 0 9 0 0 0 0 0 0 0 0 4 2 1 0 0 0 0 0 2 0 0 1 0 0 0 0 0 0 0 0 0 0 0 0 0 0 0 0 0 0 3 0 0 0 0 0 9 0 0 
 5 2 2 5 2 9 2 2 2 2 5 2 2 4 5 2 2 2 2 2 0 0 0 0 2 0 9 1 0 0 0 0 3 2 0 0 27 0 0 1 57 36 178 82 145 62 37 115 140 0 201 333 33 381 143 287 159 132 90 538 0 0 1 0 0 0 3 0 0 2 1 0 3 0 0 0 1 1 102 3 0 0 0 0 0 4 0 0 0 0 0 0 0 0 0 0 0 0 0 0 0 0 3 0 0 0 9 0 4 0 0 0 1 0 3 0 3 10 6 0 13 9 0 24 25 0 0 0 9 12 10 9 0 0 0 6 73 1 0 0 12 30 0 0 0 0 0 0 0 0 0 0 27 0 15 0 0 12 53 22 0 1 0 1 4 4 0 0 0 0 0 0 0 0 0 0 0 0 0 0 1 0 0 10 0 0 0 0 0 6 0 0 3 7 0 0 0 0 0 3 0 13 65 3 86 83 0 0 0 0 20 0 0 0 0 13 1 0 0 6 10 1 0 0 0 0 9 0 0 0 2 0 31 17 11 10 0 0 0 30 0 0 0 0 0 0 0 0 0 0 0 6 0 2 0 0 0 0 0 17 0 0 1 0 0 3 0 0 0 0 0 0 0 0 0 0 0 0 0 0 0 0 0 0 0 0 0 12 0 0 
 5 3 3 3 9 3 3 3 5 6 5 3 3 3 5 3 3 3 3 3 0 6 0 0 3 0 0 0 0 0 3 0 0 11 0 5 0 0 0 0 44 9 126 94 167 381 25 56 367 201 0 101 30 74 66 169 145 294 44 84 0 0 4 0 2 0 0 0 0 4 0 0 4 0 0 0 0 0 65 0 0 0 0 0 0 0 0 0 0 0 0 0 0 0 0 0 0 0 0 0 0 0 0 0 0 0 0 0 8 0 0 0 0 0 0 0 0 0 0 0 0 10 6 16 37 9 0 18 15 13 23 35 0 1 1 9 0 20 0 0 0 27 0 0 0 4 0 2 4 0 1 0 27 25 0 3 0 6 0 20 0 0 0 0 0 0 0 0 12 0 0 0 9 5 8 0 0 0 0 0 0 0 0 6 0 0 0 0 0 0 0 0 0 0 0 0 0 0 0 0 0 23 19 19 29 3 0 0 15 9 0 9 0 4 7 0 10 22 0 0 17 0 29 0 0 4 0 0 0 0 0 0 0 37 0 17 0 1 0 9 0 0 7 0 0 2 0 0 0 0 0 3 2 0 0 0 0 0 2 12 1 0 35 63 0 3 1 2 3 0 9 0 0 0 0 0 0 0 0 0 0 0 0 0 16 4 0 14 0 0 
 0 0 0 0 0 0 0 0 0 3 0 0 1 0 0 0 0 0 0 0 0 0 0 17 0 0 0 0 0 0 3 0 0 0 0 0 0 0 0 0 45 78 248 170 379 208 30 22 82 333 101 0 27 31 34 93 73 141 77 29 0 15 0 0 0 0 53 60 62 7 2 0 0 56 10 0 1 0 7 24 0 0 0 0 0 0 0 0 0 0 0 0 0 0 0 0 0 0 0 0 0 0 0 3 0 0 0 0 0 0 0 0 0 0 0 3 0 0 0 0 1 1 0 0 24 0 0 0 0 1 0 12 0 0 0 4 14 6 0 0 15 7 3 10 0 4 27 66 4 0 0 10 0 39 39 0 0 6 27 16 0 0 0 0 0 0 0 0 0 3 0 0 0 1 0 0 0 0 0 0 0 0 0 0 0 0 10 0 0 0 0 0 0 0 0 0 0 0 0 0 0 0 1 1 26 33 0 0 0 9 25 0 0 1 1 11 0 9 0 6 13 8 0 1 0 0 23 0 0 9 0 1 3 17 13 0 30 0 32 22 0 0 7 0 0 0 0 0 0 0 0 8 0 0 0 0 0 0 0 24 0 0 25 66 2 10 0 0 0 0 0 0 0 0 0 0 0 0 0 0 0 0 1 0 2 12 0 5 0 0 
 1 3 2 4 1 4 0 2 2 2 1 0 3 6 2 1 3 0 2 1 2 66 3 3 3 77 3 9 11 64 64 3 3 6 6 66 84 3 24 3 81 59 129 53 64 34 219 268 160 33 30 27 0 163 97 118 48 42 358 93 0 0 0 0 0 0 0 0 0 0 36 0 0 0 0 0 50 0 0 0 0 0 0 0 0 0 0 0 0 0 0 0 0 0 0 0 0 0 0 0 0 1 15 12 0 0 0 4 0 21 6 1 0 0 1 4 5 11 0 0 0 22 14 6 0 54 9 4 0 0 0 0 0 41 46 0 0 0 10 0 0 0 0 0 0 0 16 0 0 0 0 0 0 0 0 0 0 0 0 0 0 0 0 0 0 5 0 12 0 0 0 0 0 0 0 0 0 0 0 0 0 8 0 5 0 10 0 0 8 0 0 6 5 5 3 0 7 7 0 0 0 0 8 0 0 0 0 33 12 6 0 1 22 10 0 0 15 11 15 20 0 0 0 0 0 0 0 0 0 0 0 0 0 0 0 0 0 0 0 0 0 0 3 0 0 0 0 0 0 0 0 4 0 0 0 0 0 0 0 0 0 10 2 0 0 1 0 2 2 0 0 0 0 0 0 0 0 0 0 0 0 6 0 0 0 1 0 0 0 0 
 5 1 2 3 3 3 5 5 2 2 3 3 1 3 4 29 2 3 2 3 0 107 207 0 104 4 0 4 2 0 0 102 0 0 0 0 0 0 0 2 70 98 183 145 276 499 293 335 353 381 74 31 163 0 276 160 29 245 244 315 0 0 0 0 0 0 0 0 0 0 0 0 0 0 0 0 0 3 0 0 0 0 0 0 0 0 0 0 0 0 0 0 0 0 0 0 0 0 0 0 0 0 0 0 0 14 0 0 0 0 0 0 0 7 0 0 0 0 0 0 13 13 17 11 0 47 10 8 8 9 11 7 0 12 0 43 16 3 2 45 9 16 0 10 0 5 0 0 2 0 0 0 16 0 0 0 0 0 0 7 0 0 0 0 0 0 0 4 0 0 0 0 0 0 0 0 0 0 0 0 0 0 0 0 0 0 0 0 0 0 0 0 0 0 0 0 0 0 0 0 0 0 4 9 11 4 0 50 0 0 6 1 27 30 0 17 22 18 16 52 0 0 0 0 0 0 0 1 0 0 0 0 20 0 0 0 0 0 14 27 0 0 0 0 0 0 0 0 0 0 0 2 0 0 0 0 0 0 0 0 0 0 12 0 2 2 3 0 0 0 11 0 0 0 0 0 0 0 0 0 0 0 0 0 7 0 0 0 0 0 
 4 0 2 0 0 0 2 3 0 0 0 0 0 3 0 3 2 0 0 0 0 0 0 0 63 66 0 0 0 1 22 63 0 0 0 2 63 0 0 0 99 271 59 116 292 47 50 129 107 143 66 34 97 276 0 139 94 65 271 218 0 0 0 0 0 0 0 0 0 1 17 6 6 0 19 0 0 6 4 0 0 0 0 0 0 0 12 0 0 0 0 0 0 0 0 0 0 0 0 0 0 0 0 12 0 33 0 0 0 0 9 0 0 0 0 0 0 0 0 0 26 14 24 9 7 15 0 0 12 3 13 15 0 8 0 45 20 0 27 0 20 0 0 0 0 9 0 0 5 0 0 0 26 0 0 0 0 0 0 6 0 0 0 0 0 0 0 5 0 0 0 0 0 0 0 0 0 0 0 0 0 0 0 0 0 9 0 0 0 0 0 8 0 0 0 3 0 0 0 0 18 14 0 34 8 3 0 36 20 0 0 0 28 24 0 26 10 29 0 10 0 0 0 0 0 0 0 0 0 0 0 0 9 0 0 0 0 0 14 5 0 0 0 0 0 0 0 0 0 0 0 0 0 5 0 0 0 0 0 0 0 0 5 0 0 0 0 0 0 0 10 0 0 0 0 0 0 0 0 0 0 0 0 0 5 0 0 0 0 0 
 0 0 0 2 0 0 0 0 0 0 0 0 0 2 0 0 0 0 0 0 0 0 1 0 13 0 0 0 0 0 3 0 0 3 0 3 0 0 0 0 31 49 81 49 134 124 327 286 278 287 169 93 118 160 139 0 262 194 36 86 2 0 0 0 0 0 0 0 0 2 0 0 2 0 0 0 51 0 71 0 0 0 0 0 0 0 0 0 0 0 0 0 0 0 0 0 0 0 0 0 1 0 0 0 0 0 0 0 0 0 0 0 0 0 0 0 0 0 0 0 11 4 0 6 44 29 0 8 6 13 10 74 0 14 20 8 3 1 0 0 7 11 0 0 0 0 7 9 0 0 0 0 12 0 16 0 0 0 42 26 0 0 0 0 0 0 0 8 0 0 0 0 0 3 0 0 0 0 0 0 0 0 0 0 0 0 0 0 0 0 0 0 0 0 0 0 0 0 0 0 0 10 11 17 12 28 0 3 16 0 11 0 0 0 1 11 0 10 0 0 10 4 0 0 0 0 10 7 0 0 0 0 34 0 1 8 0 0 1 29 0 0 1 0 0 0 0 0 0 0 0 0 0 1 0 0 0 0 0 2 0 0 81 0 2 0 0 0 0 0 0 0 0 0 0 0 0 0 0 0 0 0 7 0 28 0 0 27 0 0 
 3 31 0 53 0 0 0 0 0 3 3 0 0 26 70 0 0 0 28 0 0 12 11 6 3 28 3 0 5 0 2 2 0 0 0 16 0 4 0 0 39 39 171 103 114 82 69 22 129 159 145 73 48 29 94 262 0 106 93 31 0 0 0 0 207 2 0 0 0 0 0 0 0 0 1 0 0 2 76 0 0 0 0 9 0 0 17 32 12 0 0 0 10 1 0 0 10 0 0 11 0 0 0 8 0 10 0 0 0 0 2 3 0 0 0 0 0 0 0 1 9 0 6 12 14 0 0 0 14 11 7 0 0 16 0 19 21 4 0 0 12 22 0 0 0 0 0 0 0 0 0 0 26 0 2 0 0 1 0 30 0 0 0 0 0 0 0 0 0 0 0 0 0 32 0 0 5 0 0 0 0 0 0 0 0 0 0 0 0 0 8 7 0 0 0 0 0 0 0 0 4 13 7 2 11 7 0 0 0 0 10 0 0 33 4 12 3 0 0 2 9 34 0 0 0 0 0 0 0 0 0 0 15 0 0 0 0 0 12 9 0 0 0 0 0 0 0 0 0 1 0 0 0 0 0 0 0 0 2 0 0 0 1 2 0 2 0 0 0 0 0 0 2 0 0 0 0 0 0 0 0 4 0 0 1 0 0 12 0 0 
 0 0 2 0 0 1 0 0 0 3 0 0 0 0 0 0 0 0 0 1 0 0 0 0 1 0 1 0 2 0 0 0 0 0 0 0 0 0 0 0 34 18 403 178 110 68 24 56 153 132 294 141 42 245 65 194 106 0 28 27 3 0 0 0 0 0 0 2 0 7 0 0 8 0 0 0 0 0 141 2 0 0 0 0 0 0 0 0 0 0 0 0 0 0 0 0 21 0 0 0 0 0 0 0 0 0 0 0 0 0 0 0 0 0 0 0 0 0 0 0 0 0 1 18 21 10 0 0 10 0 8 15 0 0 0 0 0 0 0 0 1 18 0 0 0 4 7 27 14 0 0 11 39 7 14 6 0 0 13 11 0 4 0 0 0 0 0 0 0 0 0 0 0 0 0 0 0 0 0 0 0 0 0 0 1 0 0 0 0 0 0 0 19 0 0 0 0 0 0 0 0 12 0 10 33 32 0 0 1 1 25 0 0 0 0 0 3 31 0 0 12 45 1 0 0 0 12 12 1 0 0 0 14 40 8 9 1 0 25 48 0 0 1 0 0 0 0 0 0 0 0 8 0 0 0 0 0 0 0 31 0 0 12 2 2 3 0 0 2 0 10 0 0 0 0 0 0 0 0 0 0 0 4 0 6 12 0 9 0 0 
 0 0 1 0 0 0 0 0 0 0 2 0 1 0 2 2 0 2 2 0 0 0 0 0 2 66 0 3 2 0 0 3 0 0 0 0 0 0 0 0 40 261 106 91 61 249 408 70 144 90 44 77 358 244 271 36 93 28 0 226 0 0 1 0 4 0 0 0 1 0 0 0 2 0 0 0 3 6 2 0 0 0 0 0 0 0 0 0 0 0 0 0 0 0 0 0 0 0 0 0 0 0 0 0 0 0 0 0 0 0 0 0 0 0 0 0 0 0 0 0 10 8 23 0 0 10 9 24 11 11 8 10 0 13 16 20 3 9 12 12 3 1 0 0 0 0 0 0 0 0 0 0 8 0 0 0 0 0 0 11 0 0 0 0 0 0 0 8 1 0 0 0 0 0 0 0 0 0 0 0 0 0 0 0 0 0 0 0 0 0 2 0 0 0 0 0 0 0 0 0 6 30 0 27 0 0 0 42 10 0 6 7 0 10 19 1 31 8 0 0 0 0 0 0 0 6 0 0 0 23 0 0 0 0 0 0 0 0 14 0 0 0 0 0 0 0 0 0 0 0 0 4 0 0 0 2 0 0 0 0 0 0 0 0 37 2 0 3 0 0 0 0 0 0 0 1 0 0 0 0 0 0 0 0 0 0 0 0 0 0 
 0 7 0 0 0 3 1 2 0 0 0 0 0 0 68 0 7 0 0 0 0 82 3 0 67 125 0 3 6 2 0 3 4 0 0 8 0 1 0 0 268 200 31 82 178 194 492 487 77 538 84 29 93 315 218 86 31 27 226 0 0 0 1 0 6 6 0 4 1 0 6 1 6 0 3 1 3 0 0 0 3 0 0 0 0 0 0 0 0 0 0 0 0 0 0 25 0 0 0 0 0 0 0 0 0 0 0 0 0 0 1 0 0 0 0 0 0 0 0 0 0 24 20 13 12 15 8 14 6 8 16 21 14 0 35 38 0 14 33 13 4 2 0 0 0 0 0 0 0 0 0 0 0 0 0 0 0 2 0 1 0 0 0 0 0 0 0 0 0 0 0 0 0 5 0 3 0 0 0 0 0 0 0 6 0 13 0 0 0 0 16 0 0 0 0 0 0 0 0 0 0 12 11 12 1 0 5 10 20 8 1 29 13 6 44 8 22 0 0 1 0 0 0 0 0 12 0 0 0 0 0 0 0 0 0 0 0 0 0 0 0 0 0 0 0 0 0 0 0 0 0 5 0 2 0 0 0 1 0 0 0 0 2 64 6 4 3 30 0 0 0 0 0 0 0 1 0 0 0 0 0 0 0 0 0 6 0 0 0 0 
 0 0 0 0 0 0 0 0 0 0 0 0 0 0 0 0 0 0 0 0 3 0 0 0 2 2 0 0 0 0 0 0 2 0 0 0 0 0 0 0 0 0 1 0 0 0 0 0 0 0 0 0 0 0 0 2 0 3 0 0 0 98 93 116 108 31 119 286 96 153 48 17 147 93 418 81 32 104 31 223 0 0 0 0 0 0 0 0 11 0 0 0 0 0 0 0 0 0 0 13 0 0 0 0 0 0 0 0 0 0 0 0 0 0 0 0 0 0 0 0 0 0 0 0 0 0 0 0 9 0 0 0 0 0 0 0 0 0 0 0 33 0 20 9 1 0 13 3 2 0 0 13 20 27 0 14 24 0 0 8 0 0 0 0 0 0 0 0 0 0 0 0 0 0 0 0 0 0 0 0 0 0 0 0 0 0 0 0 0 0 0 0 0 0 0 0 0 0 0 0 0 0 6 0 0 0 0 0 0 0 0 0 0 0 0 0 0 0 0 0 16 5 22 16 3 1 2 43 16 0 38 8 0 8 1 11 0 10 1 0 9 0 0 0 0 0 0 0 0 0 0 0 0 52 5 0 0 0 0 0 0 0 0 7 0 0 0 0 0 0 4 1 0 20 2 1 0 0 0 0 0 0 0 0 0 1 0 0 0 0 
