 0 308 411 149 31 88 192 203 166 52 232 131 88 148 131 570 123 236 51 429 0 3 2 0 0 0 3 0 0 0 0 0 0 0 3 3 0 0 2 0 0 2 0 0 0 3 2 0 47 0 3 0 0 7 2 0 0 0 15 0 0 0 6 2 2 0 0 0 0 0 3 3 0 0 0 0 2 0 0 3 16 0 0 1 0 5 23 0 37 10 20 15 36 33 23 1 13 10 33 17 0 0 0 0 0 0 44 0 0 0 0 0 0 0 0 0 0 0 1 0 0 0 0 0 0 10 0 0 0 2 0 0 0 0 0 0 0 0 0 0 0 0 0 0 1 0 0 0 0 0 0 0 0 1 0 0 0 0 0 0 0 19 32 26 34 9 15 0 65 1 44 14 10 0 34 5 27 36 0 2 0 0 0 0 0 0 17 0 0 0 0 7 1 0 0 0 0 0 0 0 0 0 0 0 0 0 0 0 0 0 0 0 0 0 0 0 0 18 0 0 0 0 0 0 0 0 0 0 10 0 2 0 0 0 0 0 0 0 0 0 0 0 0 0 0 0 13 0 0 0 13 10 0 0 0 0 0 2 0 0 0 0 0 0 0 0 0 0 0 0 0 0 0 0 0 0 14 0 0 0 0 0 0 0 0 0 0 17 0 0 
 308 0 81 239 111 24 457 599 146 127 54 53 63 102 241 365 123 126 248 86 0 3 0 0 0 0 3 0 0 0 0 0 0 80 1 3 0 0 2 0 0 0 1 0 0 3 3 0 2 0 0 0 0 3 3 0 1 0 3 1 5 0 3 0 2 0 0 0 0 0 3 3 0 0 0 0 2 0 0 3 13 16 47 8 0 0 13 0 49 33 16 17 44 20 0 12 44 30 24 35 0 0 0 0 0 0 0 0 0 0 0 0 0 0 0 0 0 0 1 0 0 0 0 0 0 0 0 0 0 0 0 0 0 0 0 0 0 0 0 0 0 0 0 0 0 0 0 0 0 0 0 0 0 0 0 0 0 0 0 0 19 14 16 31 0 13 12 28 26 0 15 26 12 19 57 10 8 15 0 0 0 0 0 0 0 0 13 0 0 0 0 0 0 0 0 0 0 0 0 0 0 0 0 0 0 0 0 0 0 0 0 0 0 0 0 0 0 0 0 0 0 0 0 0 0 0 0 0 0 0 0 0 0 0 0 0 0 0 0 0 0 10 0 0 0 2 0 0 0 0 16 11 0 0 0 0 0 0 0 0 0 0 0 0 0 0 21 0 0 0 0 0 0 0 0 0 19 1 0 0 0 0 0 0 0 0 0 0 0 0 
 411 81 0 160 280 247 81 202 180 55 141 172 291 59 142 156 280 94 44 25 2 3 2 2 0 5 5 3 0 2 0 0 162 0 0 6 2 11 3 79 0 62 0 0 0 6 1 2 0 0 0 0 2 2 4 14 0 2 6 0 0 0 3 0 1 0 0 0 0 2 3 2 0 0 0 0 3 0 0 3 2 18 0 17 23 36 1 0 0 15 61 36 0 9 0 11 26 3 13 7 1 0 0 0 0 0 15 0 0 0 0 0 91 0 17 0 0 0 26 18 0 0 0 0 0 0 0 0 0 0 0 0 0 0 0 0 0 0 6 0 0 0 0 0 0 0 0 0 0 0 0 0 0 0 0 0 10 0 0 0 4 0 12 17 18 17 8 0 2 11 41 25 0 0 35 0 7 3 0 0 0 0 0 0 0 0 23 0 0 0 0 0 30 10 0 0 1 0 21 11 0 0 0 0 0 0 0 0 0 6 0 0 0 0 0 0 0 0 0 0 0 0 0 0 0 0 0 6 0 0 4 0 0 0 0 0 0 0 0 0 0 0 0 0 0 0 1 0 1 50 2 4 0 0 0 0 0 0 0 0 0 0 0 0 0 0 0 0 0 0 0 0 0 0 0 24 23 0 0 0 0 0 0 0 0 0 0 0 0 0 
 149 239 160 0 229 107 409 211 282 419 152 46 64 89 244 343 247 241 160 301 0 1 0 3 0 2 3 5 75 0 0 0 4 2 0 0 0 75 0 7 2 0 3 0 4 0 0 0 2 3 0 0 2 0 0 0 0 2 2 0 2 0 0 0 0 0 0 0 0 0 1 0 0 0 0 0 0 0 0 0 1 25 81 12 16 12 46 6 2 55 12 38 11 5 65 0 75 39 14 17 17 0 0 0 0 1 0 0 0 0 0 0 37 14 0 0 0 0 0 27 0 0 0 0 0 0 0 0 0 0 0 0 0 0 0 0 0 0 0 0 0 0 0 0 0 0 0 0 17 0 0 0 0 1 0 0 10 0 0 0 30 12 0 21 0 22 11 28 51 0 33 39 7 18 1 1 17 11 0 15 0 0 0 0 0 0 11 0 0 0 2 0 9 0 12 0 0 0 0 1 0 0 2 0 0 0 42 0 0 0 0 2 0 0 0 0 0 0 0 0 15 0 0 0 0 0 6 0 0 0 1 0 0 0 0 0 0 0 0 0 0 14 0 0 0 1 2 0 1 4 10 6 8 0 0 0 0 0 0 0 0 0 0 0 0 0 0 0 0 0 0 0 0 0 3 14 1 0 0 0 0 0 0 0 0 0 0 0 0 0 
 31 111 280 229 0 190 313 96 313 276 299 67 156 149 175 419 149 119 254 162 0 5 0 0 0 0 73 0 82 0 0 0 1 0 0 75 75 0 161 73 0 0 0 0 0 2 3 0 1 0 0 1 0 8 2 0 0 0 3 0 71 0 2 0 3 0 0 0 0 0 3 3 0 0 0 0 2 0 0 3 0 0 26 33 41 50 1 11 0 41 40 11 0 15 0 13 11 30 0 0 27 10 0 11 0 0 17 10 0 0 0 0 8 15 8 0 0 0 45 18 0 0 0 0 2 0 0 1 0 0 0 0 0 0 0 0 0 0 0 0 16 0 36 0 0 0 0 0 0 0 0 0 0 0 0 0 2 0 0 3 0 4 2 11 10 23 0 0 13 6 1 17 5 0 1 0 12 14 0 0 26 22 0 0 0 0 0 12 0 0 0 0 3 12 76 0 7 1 12 19 0 0 0 0 0 0 0 0 0 0 1 0 0 0 0 1 0 0 0 0 0 0 0 0 0 0 0 0 0 0 0 0 1 0 0 0 0 0 0 0 0 0 0 0 0 4 1 0 4 10 1 4 50 0 0 0 0 2 0 0 0 0 0 0 0 0 0 0 0 0 0 0 0 0 0 15 0 0 0 0 0 0 0 0 0 0 0 0 0 0 
 88 24 247 107 190 0 115 34 277 106 297 61 532 164 230 83 70 132 264 46 0 5 0 0 0 0 3 2 0 0 0 0 0 0 80 2 0 1 75 283 0 0 0 0 0 2 3 0 1 0 0 0 0 3 2 0 0 0 3 0 0 0 2 0 3 0 0 0 0 0 3 3 0 0 0 0 2 0 0 3 0 19 0 11 37 18 12 62 0 14 14 35 14 35 28 0 83 15 0 0 33 0 0 0 0 0 33 16 14 0 0 0 18 15 23 0 0 0 1 17 0 0 0 0 0 0 1 0 0 0 0 0 0 0 2 0 0 2 0 0 0 0 0 0 0 0 0 0 2 0 0 0 0 0 0 0 8 0 0 0 13 26 0 0 11 11 0 0 18 9 13 1 26 0 13 8 0 0 0 0 18 0 0 22 0 0 11 0 0 11 18 2 39 1 0 28 0 4 1 13 0 0 0 0 0 0 13 0 0 0 0 0 0 0 2 0 0 0 0 1 0 0 0 0 0 0 1 0 0 0 0 0 0 0 0 0 0 0 0 0 0 0 0 0 0 0 50 0 4 1 2 15 0 0 0 0 0 0 0 0 0 0 0 0 0 0 0 0 0 0 0 0 0 0 0 33 0 0 0 0 0 0 0 0 0 0 0 0 0 13 
 192 457 81 409 313 115 0 232 91 337 26 54 700 123 116 274 264 43 250 222 0 3 2 0 0 3 3 0 0 0 0 1 0 0 0 3 1 0 4 0 0 0 0 0 50 3 1 0 1 0 0 0 45 2 2 0 0 0 3 0 0 0 3 0 1 0 0 0 0 0 3 2 0 0 0 0 3 0 0 3 43 4 13 12 31 2 5 0 20 12 21 5 20 22 25 34 15 10 10 10 0 0 0 11 0 0 0 0 0 0 0 4 0 1 0 0 0 0 0 0 0 0 0 0 0 0 0 16 0 0 0 0 0 0 0 0 0 0 2 0 0 0 0 0 0 0 0 0 0 0 0 0 0 0 0 0 0 0 0 0 35 21 9 2 0 0 14 18 1 0 0 0 31 9 13 34 1 15 14 1 0 0 0 0 0 0 0 0 0 0 0 0 0 0 0 0 27 0 0 11 0 0 0 0 0 0 0 0 0 1 0 16 0 0 0 0 0 0 0 0 0 0 0 0 0 0 0 2 0 0 0 0 0 0 0 2 0 0 0 0 0 0 0 0 1 0 0 0 1 2 0 14 0 0 0 0 0 0 0 0 0 0 0 0 0 0 0 0 0 0 0 0 0 0 0 0 0 1 0 0 0 0 0 0 0 0 0 0 0 0 
 203 599 202 211 96 34 232 0 200 124 43 276 121 517 292 243 199 444 461 197 0 3 1 0 0 2 3 0 0 3 0 0 0 0 0 3 0 0 3 2 0 0 2 0 4 3 1 0 61 0 0 0 1 6 2 2 0 0 3 4 0 0 3 0 0 0 0 0 0 0 3 2 0 0 0 0 3 0 0 3 24 14 35 0 0 12 34 0 28 0 0 0 18 80 31 0 16 15 27 28 0 0 0 0 0 0 0 0 0 0 0 0 0 2 0 0 0 0 0 0 0 0 0 0 0 2 0 0 4 0 0 0 0 0 0 0 0 0 1 0 0 0 0 0 0 0 0 0 0 0 0 0 0 0 0 0 0 0 0 0 18 7 19 22 0 10 17 25 13 1 29 9 12 5 0 7 32 10 0 7 0 2 0 0 0 0 0 0 0 0 0 12 0 0 0 0 0 0 0 0 0 0 0 0 0 0 0 0 0 1 0 0 0 0 0 0 0 0 0 0 0 0 0 0 0 0 0 1 0 0 5 0 0 0 0 1 0 0 0 0 0 9 0 0 1 0 2 0 90 2 2 4 0 0 2 0 0 0 0 0 0 0 0 0 0 0 0 0 0 0 0 0 0 0 0 0 0 0 0 0 0 0 0 0 0 0 0 0 0 0 
 166 146 180 282 313 277 91 200 0 74 45 31 91 173 271 175 26 217 583 148 1 3 2 0 0 0 3 0 0 0 0 0 76 0 0 3 0 0 2 74 0 0 0 0 0 3 2 0 1 0 0 0 0 3 2 0 0 0 3 0 0 0 3 4 2 1 0 0 0 0 3 53 0 0 0 41 2 0 0 3 24 0 0 13 25 14 11 0 11 23 33 34 10 9 0 18 21 0 0 9 0 0 0 0 0 0 0 0 0 0 0 0 25 0 0 0 0 0 14 15 0 0 0 0 0 0 0 0 0 1 0 0 0 0 0 0 0 0 0 13 0 0 0 0 0 0 0 0 0 0 0 22 0 2 0 0 6 0 0 0 0 11 10 15 0 25 13 0 21 8 19 32 12 12 16 10 20 0 0 1 15 0 0 0 0 0 20 0 0 0 1 0 1 8 0 0 0 0 24 2 0 0 0 0 0 0 0 0 0 0 0 0 0 0 0 0 0 0 0 0 0 0 0 0 0 0 10 0 0 0 1 0 0 0 0 0 0 0 0 13 0 0 0 0 0 2 0 0 3 0 2 8 0 0 0 0 0 0 0 0 0 0 0 0 0 0 0 0 0 0 0 0 0 0 0 2 17 0 0 0 0 0 0 0 0 0 0 0 0 0 
 52 127 55 419 276 106 337 124 74 0 285 47 369 183 128 499 242 45 78 71 75 3 0 0 0 0 95 2 77 2 0 0 0 0 2 3 2 2 22 0 0 0 2 3 0 3 2 0 1 0 0 0 0 3 2 2 0 0 31 0 7 0 3 0 2 0 0 0 0 6 47 3 38 2 0 0 2 0 2 3 0 34 19 23 4 22 5 0 10 28 12 8 1 21 0 1 25 39 10 0 0 66 0 0 0 0 11 0 0 0 0 0 14 14 15 39 0 0 0 12 0 0 0 0 32 0 0 0 0 0 0 0 0 0 0 0 0 0 0 0 0 0 0 0 0 0 0 0 0 0 0 0 0 0 0 0 0 0 0 0 35 4 13 38 0 0 20 4 0 0 0 33 3 31 0 0 0 7 0 0 0 14 0 0 0 0 0 41 0 0 0 0 0 0 16 0 14 0 10 2 0 0 0 0 0 0 0 0 0 6 0 0 0 5 0 0 0 0 0 0 0 0 0 0 0 0 0 0 0 0 0 0 0 0 0 0 0 0 0 0 0 1 0 0 0 1 0 0 0 3 0 21 1 1 0 0 0 0 0 0 0 0 0 0 0 0 0 0 0 0 0 0 0 0 0 0 1 0 0 0 0 0 0 0 0 0 0 0 0 0 
 232 54 141 152 299 297 26 43 45 285 0 149 53 30 166 112 214 135 235 75 35 3 0 0 0 0 39 0 1 3 0 0 0 0 0 3 0 0 184 261 0 0 0 0 0 3 2 0 0 0 0 0 0 3 2 0 0 0 65 0 0 0 3 0 2 4 0 0 0 0 3 3 0 0 0 0 2 0 0 3 12 11 13 23 19 14 1 0 2 26 10 2 0 0 17 0 0 2 0 0 15 24 0 0 0 0 21 1 2 0 0 0 23 15 2 10 0 0 21 16 0 0 2 0 14 0 0 0 0 0 10 0 0 0 0 0 0 0 0 0 0 0 0 0 0 0 0 2 0 0 0 0 0 0 0 0 2 0 0 0 1 10 0 13 9 0 0 0 16 17 33 0 0 0 9 12 0 13 0 0 25 26 0 0 0 0 15 12 0 0 0 1 32 1 25 3 9 0 25 10 0 18 0 0 0 0 21 0 0 0 0 0 0 2 1 0 0 0 0 1 0 0 0 0 0 0 2 0 0 0 0 0 0 0 0 0 0 0 0 0 0 0 0 0 0 0 173 0 0 1 0 12 0 0 0 0 0 0 0 0 0 0 0 0 0 0 11 0 0 0 0 0 0 0 0 0 9 10 0 0 0 0 0 0 0 0 0 0 0 0 
 131 53 172 46 67 61 54 276 31 47 149 0 40 306 123 355 156 154 46 36 73 5 0 3 0 42 5 88 0 3 2 0 77 0 0 3 3 0 2 21 0 0 0 0 3 3 2 3 0 2 0 0 0 3 2 0 0 0 4 2 1 0 3 0 2 8 0 0 3 0 3 3 0 0 0 0 7 0 0 3 12 10 15 14 14 17 9 0 26 31 27 22 50 0 0 8 2 52 0 26 2 12 2 0 0 4 10 25 1 2 0 16 18 0 9 6 19 0 48 13 2 0 1 0 0 0 0 0 0 0 0 0 0 0 2 0 0 2 38 0 0 0 0 0 0 0 0 1 0 0 0 0 0 0 0 0 0 0 0 0 0 1 12 15 11 13 0 0 13 7 25 14 0 12 60 9 29 26 0 0 38 10 0 0 0 0 15 0 0 0 0 0 0 9 1 1 18 0 30 2 0 0 0 0 0 0 0 0 0 0 0 0 0 1 2 0 0 0 0 2 0 0 0 0 0 0 0 0 0 0 0 7 7 0 0 0 0 0 0 0 0 0 0 0 0 8 83 0 1 2 6 6 0 0 2 0 0 0 0 0 0 0 0 0 0 0 0 0 0 0 0 0 0 0 0 0 18 10 0 0 0 0 0 0 0 0 0 0 0 0 
 88 63 291 64 156 532 700 121 91 369 53 40 0 202 235 227 256 39 205 78 0 3 1 0 0 0 5 0 28 2 0 0 0 0 0 3 0 0 2 0 0 0 0 0 0 3 2 0 0 0 0 64 0 7 2 0 1 63 3 0 0 0 3 0 86 0 0 0 0 0 3 4 0 0 0 2 4 0 0 3 36 19 25 0 0 0 10 4 0 0 0 0 1 0 16 16 0 6 14 0 0 0 0 0 2 0 0 0 0 0 0 0 5 0 0 0 0 0 0 0 0 0 0 0 0 0 0 0 0 0 0 0 1 0 0 0 0 0 0 0 0 0 0 0 0 0 0 0 0 0 24 0 0 0 11 0 0 2 0 2 19 0 31 63 0 0 0 21 0 22 6 0 40 9 14 20 0 0 11 19 0 0 0 0 0 0 0 0 0 0 0 1 0 0 0 0 0 0 0 0 0 0 0 0 0 1 0 1 0 10 2 9 0 0 0 0 0 0 0 0 0 0 1 0 0 0 0 0 0 0 0 0 0 0 0 0 0 0 0 0 0 0 0 0 0 0 0 0 2 0 2 5 94 0 25 0 0 0 0 0 0 0 0 0 0 0 0 0 0 0 0 0 0 0 0 0 0 0 0 0 0 0 0 0 0 0 0 0 0 0 
 148 102 59 89 149 164 123 517 173 183 30 306 202 0 326 231 203 69 187 76 1 3 2 0 0 0 3 0 2 0 0 0 0 0 32 3 8 8 2 1 0 0 1 0 0 4 1 0 41 0 0 0 0 2 2 0 0 1 4 0 0 0 3 0 0 0 0 0 0 0 3 4 0 0 0 0 3 0 0 3 27 34 33 2 0 0 43 11 22 11 0 5 27 0 2 20 22 53 21 33 15 0 0 0 0 0 0 0 0 0 0 0 0 0 0 0 0 0 0 0 0 0 0 0 0 0 0 0 0 0 1 0 0 0 0 0 0 0 0 0 0 0 0 0 0 0 0 0 0 0 0 0 2 0 0 0 0 0 0 0 50 10 10 20 0 10 4 19 1 12 29 13 18 5 0 47 18 15 0 1 0 0 0 0 0 0 0 1 0 0 0 0 18 0 0 0 0 0 0 0 0 0 0 0 0 0 3 0 0 0 0 0 0 0 0 0 0 0 1 0 2 0 0 0 0 0 0 0 0 0 0 0 0 0 0 0 0 0 0 0 0 11 0 0 0 0 87 0 11 5 1 16 1 0 0 0 0 0 0 0 0 0 43 0 20 0 2 0 0 0 0 0 0 0 0 15 0 10 0 0 0 0 0 0 0 2 0 0 0 0 
 131 241 142 244 175 230 116 292 271 128 166 123 235 326 0 349 53 34 174 83 0 3 0 0 0 1 3 0 3 0 0 0 0 0 0 3 0 0 2 0 0 0 0 0 0 5 65 0 44 0 0 1 0 3 2 0 0 2 3 0 0 0 3 0 2 0 0 0 0 0 3 3 0 0 0 0 2 0 0 53 0 27 43 0 18 0 20 58 10 18 45 15 0 0 0 15 19 20 9 0 20 0 0 0 0 0 0 0 0 0 0 0 0 1 0 0 0 0 16 0 0 0 0 0 0 0 19 1 0 0 0 0 0 0 0 0 0 0 0 0 0 0 0 0 0 0 6 0 0 0 0 0 0 0 0 0 2 0 0 0 13 3 20 41 10 14 21 9 41 0 0 23 11 7 22 14 20 20 0 0 0 0 0 0 0 0 9 0 0 0 0 0 18 0 0 0 0 0 0 0 0 0 0 0 0 0 1 0 0 0 1 0 0 0 0 1 0 0 0 0 0 0 0 0 0 0 0 0 0 0 0 0 1 0 0 0 0 0 0 0 0 0 0 0 0 0 0 1 2 86 11 6 14 0 0 0 0 0 0 0 0 0 0 0 0 0 0 0 0 0 0 0 0 1 0 25 11 0 0 0 0 0 0 0 0 0 0 0 0 0 
 570 365 156 343 419 83 274 243 175 499 112 355 227 231 349 0 151 57 288 51 2 5 0 3 0 2 3 0 49 1 0 0 2 0 0 12 0 2 77 0 1 0 0 0 3 3 2 4 121 0 6 0 2 8 2 0 0 0 65 2 6 0 3 2 2 2 0 4 0 0 3 3 3 0 0 35 2 2 0 3 0 37 19 0 18 1 13 0 31 23 20 26 21 0 15 0 14 24 34 10 0 0 0 0 0 0 0 0 0 0 0 0 9 18 0 0 0 0 15 0 0 0 0 0 19 0 0 0 0 0 0 0 1 0 0 0 0 0 0 0 0 2 2 0 0 0 0 0 13 0 0 0 0 10 0 0 0 0 10 0 32 1 11 57 11 0 0 27 11 0 0 48 0 11 10 63 0 57 0 0 0 0 0 0 0 1 17 0 0 28 0 0 0 0 2 0 0 0 0 0 1 0 0 0 0 0 0 1 0 0 0 0 0 0 9 0 0 0 0 0 0 0 1 0 2 0 0 0 1 0 0 0 0 0 0 0 0 1 0 0 0 1 0 0 0 40 2 0 2 94 11 14 18 0 2 0 0 0 0 0 0 0 0 0 0 0 0 0 0 0 0 0 0 0 0 0 13 1 0 0 0 0 0 0 0 0 0 0 0 0 
 123 123 280 247 149 70 264 199 26 242 214 156 256 203 53 151 0 73 31 17 0 3 0 0 0 0 3 0 9 0 0 0 0 2 0 3 0 0 160 0 0 3 0 0 0 3 60 0 0 3 0 0 0 3 2 7 0 0 69 0 7 0 3 0 2 0 0 0 0 0 6 3 0 2 2 0 2 0 0 3 10 28 46 1 18 1 9 0 27 24 39 70 36 0 12 39 17 114 0 17 0 0 0 0 0 0 6 0 0 0 0 0 20 8 1 0 0 0 14 15 0 0 0 0 16 0 0 0 9 0 0 0 0 0 0 0 0 0 0 0 0 0 0 0 0 0 0 0 0 0 0 0 0 0 0 0 0 0 0 0 28 0 10 15 16 0 0 0 1 0 14 31 0 12 0 7 9 33 0 0 0 0 0 0 0 0 0 0 0 0 0 0 9 0 16 0 0 0 1 0 0 0 0 0 0 0 0 0 0 0 0 0 0 0 0 0 0 0 12 0 0 0 0 0 0 0 0 0 0 0 0 0 0 0 0 0 0 0 0 0 0 3 0 0 7 2 84 0 1 171 0 7 16 0 0 0 0 0 0 0 0 0 0 0 0 0 0 0 0 0 0 0 0 0 0 0 14 10 0 0 0 0 0 0 0 0 0 0 0 0 
 236 126 94 241 119 132 43 444 217 45 135 154 39 69 34 57 73 0 52 322 0 3 1 0 23 0 3 0 0 0 0 2 0 0 39 3 3 1 2 2 0 6 0 0 0 6 2 4 1 3 6 2 3 9 2 3 0 3 6 0 32 0 9 0 2 0 0 2 0 0 3 3 3 0 0 0 2 4 0 3 10 0 38 17 24 24 36 0 15 23 12 12 27 27 12 7 55 11 16 17 0 0 0 0 0 0 58 0 0 0 0 0 15 0 0 0 0 0 10 0 0 0 0 0 0 0 0 0 2 0 2 0 0 0 0 0 0 0 0 0 0 0 0 0 0 0 0 0 0 0 0 0 1 0 0 0 0 0 5 0 1 16 20 0 40 22 48 12 1 10 51 0 4 0 16 7 26 14 0 8 0 0 0 0 0 0 0 2 0 0 0 0 0 8 0 0 0 0 0 0 0 0 0 0 0 0 0 0 2 0 0 0 0 0 0 0 0 0 2 13 1 0 0 0 0 0 0 0 0 0 0 0 0 0 0 0 0 0 0 0 0 0 0 0 0 0 86 0 87 0 0 5 0 6 0 0 0 0 0 1 0 0 0 0 0 0 1 0 0 0 0 0 0 0 0 0 0 10 0 0 0 0 0 0 0 1 0 0 0 0 
 51 248 44 160 254 264 250 461 583 78 235 46 205 187 174 288 31 52 0 76 0 3 2 0 0 0 3 2 0 0 0 3 0 0 0 3 0 74 2 0 0 0 0 0 3 3 2 0 41 0 0 0 0 3 2 0 0 0 3 0 0 0 3 0 2 0 0 0 0 0 3 3 0 0 0 0 2 0 0 3 0 11 19 0 0 0 12 17 9 0 0 0 6 0 13 16 0 9 26 0 0 0 0 0 0 0 0 0 2 1 0 0 1 0 2 0 0 0 0 0 1 0 2 0 0 0 0 0 0 0 0 0 0 0 1 0 0 0 0 0 0 0 0 0 0 0 0 2 0 0 0 0 0 0 0 0 0 0 0 0 25 0 12 18 0 0 0 36 0 0 0 14 1 9 2 0 0 0 13 0 0 0 0 0 0 0 0 0 0 0 0 0 0 0 0 2 0 0 0 0 0 0 0 0 0 0 0 0 0 0 0 0 0 2 0 0 0 0 0 0 10 0 0 0 0 0 1 0 0 0 0 0 0 0 0 0 0 0 0 0 0 0 0 0 0 2 0 0 2 0 0 14 0 0 0 0 0 0 0 0 0 0 0 0 0 0 0 0 0 0 0 0 0 0 0 0 0 0 0 0 0 0 0 0 0 0 0 0 0 0 
 429 86 25 301 162 46 222 197 148 71 75 36 78 76 83 51 17 322 76 0 0 80 59 0 72 1 3 0 0 0 0 0 0 0 0 3 0 0 2 0 0 0 0 0 0 3 2 0 2 0 0 0 0 3 2 0 0 0 3 0 0 0 3 3 1 6 0 0 0 35 3 2 0 0 0 0 3 0 0 3 11 0 12 22 0 0 1 16 11 16 1 12 9 10 0 25 16 21 10 9 2 9 0 1 0 0 0 0 0 0 0 0 0 0 0 0 0 2 0 0 0 2 0 0 0 0 0 0 0 0 0 0 0 0 0 0 0 0 0 0 0 0 0 0 0 0 0 0 0 0 0 0 0 0 0 0 0 0 0 0 0 9 10 0 0 0 0 0 9 0 0 0 18 12 0 0 9 0 0 0 0 0 0 0 0 0 1 0 0 0 0 0 0 0 0 0 0 0 0 0 0 0 0 0 0 0 0 0 0 0 0 0 0 0 0 0 0 0 0 0 0 0 0 0 0 1 0 0 0 0 0 0 0 0 0 0 0 0 0 0 0 0 0 0 0 2 2 2 0 0 0 6 0 0 0 0 0 0 0 0 0 0 0 0 0 0 0 0 0 0 0 0 0 1 0 0 0 0 0 0 0 0 0 0 0 0 0 0 0 0 
 0 0 2 0 0 0 0 0 1 75 35 73 0 1 0 2 0 0 0 0 0 426 87 260 122 52 55 397 108 40 126 185 181 41 153 241 115 383 113 173 0 1 0 0 2 0 0 2 0 2 0 0 0 15 0 0 0 0 152 0 1 0 35 0 3 62 2 1 55 0 0 6 0 84 0 5 0 0 0 1 0 0 0 0 0 1 0 0 0 0 0 0 0 0 0 0 0 0 0 0 8 16 16 1 29 0 34 13 31 9 8 15 11 25 0 20 9 0 0 0 0 0 0 0 18 0 0 0 0 0 0 0 0 0 0 0 0 0 0 0 0 0 0 4 1 24 0 0 0 48 0 0 0 0 19 0 0 0 0 0 0 0 0 14 0 0 0 0 0 0 0 2 0 0 0 1 0 13 0 0 23 80 10 30 0 5 0 8 38 31 27 13 2 24 0 27 27 0 9 34 0 0 0 0 0 0 0 0 0 0 0 0 2 0 0 0 0 0 0 0 0 0 0 0 0 0 0 0 0 0 0 0 0 0 0 0 0 0 0 0 0 0 0 0 0 0 2 0 0 0 0 0 0 0 20 0 0 0 163 0 13 0 0 0 0 0 0 0 0 0 0 0 0 0 0 0 0 0 0 0 0 11 0 0 0 18 0 0 0 0 
 3 3 3 1 5 5 3 3 3 3 3 5 3 3 3 5 3 3 3 80 426 0 289 116 59 73 84 167 156 224 207 184 226 216 128 180 39 333 24 72 0 0 0 1 4 0 0 6 6 0 0 0 0 5 0 0 0 0 30 0 0 0 0 4 2 8 0 0 0 0 0 3 5 0 0 3 49 6 0 0 0 0 0 0 9 8 0 0 0 0 0 0 19 0 0 0 0 0 0 0 9 13 16 21 25 2 19 12 45 31 35 0 0 2 0 12 1 35 0 0 0 11 0 0 0 0 10 0 0 0 0 0 0 10 0 0 0 0 0 0 0 0 0 8 2 0 0 0 0 0 0 0 0 0 0 0 0 0 0 0 0 0 0 0 0 0 0 0 0 2 0 0 0 0 0 0 0 1 0 0 14 28 27 22 1 10 11 17 45 9 19 34 12 44 0 26 10 8 0 9 0 0 0 0 0 0 0 0 0 0 0 0 10 0 0 0 0 0 0 10 0 0 0 0 0 0 0 0 0 0 0 0 0 0 0 1 1 0 0 0 0 0 0 0 0 2 0 0 0 0 0 0 0 0 5 0 0 7 78 0 15 1 2 0 0 0 0 0 0 0 0 0 0 0 0 0 0 0 0 1 0 1 0 0 0 0 12 0 0 0 
 2 0 2 0 0 0 2 1 2 0 0 0 1 2 0 0 0 1 2 59 87 289 0 188 279 113 54 86 365 126 53 86 123 202 51 216 63 199 34 36 8 4 0 0 3 0 3 52 0 0 0 0 0 5 0 0 0 0 84 0 2 0 0 4 2 69 5 0 0 0 0 3 0 0 5 3 0 0 1 0 0 0 0 0 9 0 0 0 0 0 0 0 0 0 0 0 0 0 0 0 0 18 40 9 12 0 24 1 21 1 26 20 0 0 10 22 0 18 0 0 0 0 0 0 0 0 0 0 0 0 2 0 20 0 20 0 0 0 6 0 0 0 0 4 0 2 0 0 0 0 0 2 0 0 4 0 0 0 0 2 0 0 2 0 0 0 0 0 5 0 0 6 0 0 0 0 0 0 0 1 0 0 0 0 20 26 0 5 33 9 52 50 0 0 12 61 0 28 0 0 0 1 11 0 2 0 1 0 1 0 0 0 8 0 0 0 9 0 51 9 0 0 0 0 2 0 16 0 0 0 1 0 0 1 0 0 0 0 0 0 0 0 0 0 0 0 0 0 1 0 0 0 0 0 14 0 2 43 0 0 0 0 0 0 0 0 0 0 0 0 0 0 0 0 0 0 0 0 0 0 0 0 0 0 0 0 13 0 0 0 
 0 0 2 3 0 0 0 0 0 0 0 3 0 0 0 3 0 0 0 0 260 116 188 0 212 91 106 78 219 190 155 224 477 89 165 126 289 107 91 143 0 3 0 1 2 210 0 10 0 0 0 0 0 2 5 0 0 0 1 0 0 0 0 2 2 0 1 1 0 0 0 3 0 0 0 7 0 0 0 1 2 0 0 0 0 0 0 0 0 0 0 0 0 0 0 0 0 0 0 0 2 1 27 1 7 1 0 0 0 17 11 47 0 17 0 17 28 30 0 0 0 11 0 0 0 0 1 11 0 0 0 0 31 0 20 0 3 0 12 19 0 0 0 4 0 0 0 11 0 0 0 0 0 0 9 8 0 0 0 0 0 0 0 0 0 1 0 0 5 12 0 0 0 0 0 0 0 0 0 0 10 13 19 29 32 29 0 21 11 0 20 29 0 20 13 43 0 25 0 0 1 1 11 0 0 0 6 0 1 0 0 0 11 0 0 0 15 0 51 7 0 0 0 0 0 2 1 0 0 0 0 2 0 0 0 9 0 0 0 0 0 0 1 0 0 0 0 0 0 0 0 0 0 0 13 1 2 117 0 0 2 2 0 0 0 0 0 0 0 0 0 0 0 0 0 0 0 0 0 0 0 0 0 0 0 0 0 0 0 0 
 0 0 0 0 0 0 0 0 0 0 0 0 0 0 0 0 0 23 0 72 122 59 279 212 0 372 48 82 155 492 109 180 44 70 62 111 238 139 38 83 0 0 0 1 2 0 2 62 63 0 0 0 0 278 11 30 0 0 78 62 0 0 0 1 2 0 0 3 0 0 0 3 0 0 0 6 0 1 0 0 0 0 0 0 0 0 0 0 0 0 0 1 0 0 0 0 0 0 0 0 0 0 0 27 20 12 0 0 0 0 0 20 0 0 0 0 27 0 0 0 4 19 4 4 9 0 13 51 0 3 25 0 1 3 5 37 0 0 0 37 0 0 0 0 0 0 0 0 0 0 2 0 0 2 0 0 0 0 2 0 0 0 0 0 0 0 0 0 1 0 0 6 0 0 0 0 0 0 0 0 0 0 0 11 17 0 0 1 0 42 0 16 0 2 0 0 20 0 0 0 19 0 15 0 0 0 0 21 0 0 0 0 0 27 0 27 39 0 20 32 0 0 0 0 0 0 14 0 0 0 0 0 0 0 0 0 0 0 0 0 0 0 12 0 0 0 0 0 0 0 0 0 0 0 12 0 1 4 4 2 3 0 0 0 0 0 0 0 0 0 0 0 0 0 0 0 0 0 0 11 0 1 0 0 7 0 0 0 0 0 
 0 0 5 2 0 0 3 2 0 0 0 42 0 0 1 2 0 0 0 1 52 73 113 91 372 0 243 40 132 280 72 286 46 250 47 72 58 132 43 142 70 74 92 65 2 0 23 58 0 0 1 0 47 28 2 0 63 63 1 38 0 0 7 0 8 0 0 0 5 0 0 3 0 0 0 3 0 0 0 2 0 0 0 0 0 0 0 0 0 0 0 0 0 0 0 0 0 0 0 0 0 0 7 10 0 0 0 0 7 10 0 21 0 0 0 29 0 0 0 0 35 32 15 3 0 0 9 25 23 0 9 0 0 48 21 11 1 0 0 11 0 0 0 0 0 0 0 0 0 0 0 0 0 1 0 0 0 0 0 0 0 0 0 0 0 0 0 0 2 0 0 4 0 0 0 0 0 0 0 0 0 0 0 0 9 10 0 30 0 8 9 1 0 0 12 0 13 13 0 0 1 9 30 0 0 0 0 19 18 10 0 0 21 20 10 0 14 17 13 52 0 0 0 0 0 0 9 0 0 0 0 3 6 0 0 0 0 0 0 0 0 0 0 0 0 2 0 0 0 0 0 0 0 0 4 1 4 0 0 0 1 7 0 0 0 0 0 0 0 0 0 0 0 0 0 0 0 0 0 0 0 7 0 0 9 1 0 0 0 0 
 3 3 5 3 73 3 3 3 3 95 39 5 5 3 3 3 3 3 3 3 55 84 54 106 48 243 0 151 132 24 41 69 330 113 53 285 143 26 528 182 0 0 0 1 2 0 0 2 0 3 0 1 0 5 2 0 0 62 1 0 1 0 0 2 2 2 5 0 0 0 0 5 0 0 1 5 1 1 0 1 0 0 0 10 0 36 1 0 0 0 0 0 0 0 0 0 0 0 0 20 57 30 34 10 39 0 21 99 27 6 19 0 1 0 34 0 12 0 11 37 0 0 0 0 0 0 13 0 0 0 0 0 0 0 0 0 0 1 1 0 0 0 6 0 0 0 0 0 0 2 6 0 0 0 0 1 0 2 0 15 0 0 3 11 18 0 0 0 1 0 0 0 1 0 0 0 0 0 0 0 40 53 26 0 0 0 14 20 16 13 19 11 0 4 26 10 12 11 3 23 0 0 0 0 24 0 1 0 0 0 0 0 0 0 0 0 0 0 0 0 0 0 0 0 0 0 0 0 0 0 0 0 0 6 0 0 0 0 0 0 0 0 0 0 0 0 1 0 0 0 0 0 0 0 15 1 1 38 80 0 32 1 17 0 0 0 0 0 0 0 0 0 0 0 0 0 0 0 0 0 0 0 0 0 0 0 13 0 0 0 
 0 0 3 5 0 2 0 0 0 2 0 88 0 0 0 0 0 0 2 0 397 167 86 78 82 40 151 0 272 136 130 42 450 91 340 222 184 357 144 374 5 0 0 2 212 0 207 5 5 0 0 1 0 13 0 5 2 0 1 0 1 1 0 0 6 6 0 13 48 2 1 7 0 2 4 5 0 0 0 0 0 0 0 0 0 17 0 0 0 0 0 0 0 0 0 0 0 0 0 0 40 47 0 24 19 0 28 35 11 12 24 0 1 37 0 29 50 15 18 16 0 0 0 0 3 0 0 0 0 0 0 0 0 0 0 0 0 0 11 0 0 0 0 2 0 0 0 1 0 0 0 0 0 0 0 8 0 1 0 2 0 0 4 0 0 11 0 10 0 2 0 0 0 0 0 0 0 1 0 0 46 15 31 39 0 1 13 16 27 23 37 1 10 25 0 12 0 26 8 34 0 0 0 0 0 0 10 0 0 0 0 0 0 0 0 0 0 0 0 0 0 0 0 0 0 0 0 0 0 0 0 0 0 0 0 0 1 0 0 0 0 0 0 0 0 0 0 0 0 0 0 11 0 0 14 0 0 78 163 0 32 0 0 0 0 0 1 0 0 0 0 0 0 0 1 0 0 0 0 0 0 16 0 0 0 11 2 0 0 0 
 0 0 0 75 82 0 0 0 0 77 1 0 28 2 3 49 9 0 0 0 108 156 365 219 155 132 132 272 0 146 143 39 125 262 239 65 96 193 168 160 0 0 6 0 2 0 0 2 0 0 0 0 4 2 0 0 0 0 73 0 29 0 0 1 2 0 0 0 0 0 30 3 0 0 0 3 0 0 0 0 0 0 11 0 56 0 0 6 0 16 14 11 0 0 0 0 0 14 0 0 12 36 22 9 9 0 0 9 0 22 7 20 20 13 0 35 5 0 0 0 0 0 0 0 58 0 11 0 0 0 0 0 0 0 0 0 0 0 11 0 0 0 0 0 0 0 0 4 0 0 1 0 0 0 0 4 0 0 0 0 0 0 0 13 2 15 0 0 6 0 0 29 0 0 0 0 0 12 0 0 7 0 54 11 0 11 9 16 18 0 24 41 10 21 43 1 0 35 0 25 0 0 0 0 0 0 0 0 0 0 0 0 0 0 0 0 0 0 40 9 0 0 0 0 0 0 16 0 0 0 0 0 0 0 0 0 0 0 0 0 0 0 0 0 0 0 0 0 0 73 0 0 97 0 20 0 1 53 0 0 0 0 9 0 0 0 0 0 0 0 0 0 0 0 0 1 0 0 0 0 0 0 0 0 0 12 0 0 0 0 
 0 0 2 0 0 0 0 3 0 2 3 3 2 0 0 1 0 0 0 0 40 224 126 190 492 280 24 136 146 0 187 189 57 161 87 201 56 257 56 178 4 0 0 1 2 0 6 2 0 6 0 0 0 216 6 0 0 0 67 0 0 0 0 2 2 0 0 0 0 0 0 3 0 0 0 9 68 0 0 0 0 0 1 1 0 0 0 0 0 0 0 0 0 0 0 0 11 0 0 0 0 0 14 24 12 0 0 0 11 0 9 10 0 15 0 14 44 5 0 0 7 23 0 0 0 0 0 12 0 0 0 0 19 1 7 1 1 0 0 11 0 0 0 9 0 1 0 2 0 0 0 0 0 0 3 0 0 0 0 0 0 0 0 0 0 0 0 4 2 0 0 3 0 1 0 0 1 0 0 0 9 0 0 32 13 0 2 22 13 8 1 14 0 0 13 13 11 11 0 0 3 0 0 0 0 0 0 0 0 0 0 0 9 0 0 0 14 0 32 28 0 0 0 0 0 0 9 0 0 0 0 0 0 0 0 0 0 0 0 0 0 0 0 0 0 1 0 0 0 0 0 0 0 0 3 0 0 76 76 1 4 0 0 0 0 0 1 0 0 0 0 0 0 0 0 0 0 0 0 0 0 9 0 0 0 0 0 0 0 0 
 0 0 0 0 0 0 0 0 0 0 0 2 0 0 0 0 0 0 0 0 126 207 53 155 109 72 41 130 143 187 0 111 432 199 66 170 202 296 35 61 0 207 0 0 2 0 0 2 20 0 0 0 0 11 0 0 0 0 2 34 0 0 0 1 2 0 0 0 0 0 50 3 0 0 0 6 1 0 0 0 0 0 0 0 0 0 0 0 0 0 0 0 0 0 0 0 0 0 0 0 22 0 5 16 39 1 10 14 13 97 34 24 0 18 0 22 31 1 0 0 0 25 0 0 0 0 10 11 0 0 0 0 14 0 0 0 1 0 0 10 0 0 0 0 0 0 0 0 0 0 0 0 0 0 0 0 0 0 0 0 0 0 0 0 0 0 0 0 0 0 0 0 0 0 0 0 0 0 0 36 15 12 5 35 20 4 2 6 36 38 23 17 0 8 0 30 7 0 0 0 1 0 0 0 0 0 0 0 0 0 0 0 20 0 0 0 32 0 10 11 0 0 0 0 0 0 0 0 0 0 0 0 0 0 0 0 0 0 0 0 0 0 0 0 0 0 0 0 0 0 0 0 0 0 6 0 1 77 119 2 52 8 0 0 0 0 0 0 0 0 0 0 0 0 0 0 0 0 0 0 0 8 0 0 0 10 0 0 0 0 
 0 0 0 0 0 0 1 0 0 0 0 0 0 0 0 0 0 2 3 0 185 184 86 224 180 286 69 42 39 189 111 0 137 244 40 99 151 130 41 42 0 4 0 0 2 0 0 60 0 0 6 0 65 8 0 65 0 0 14 51 0 0 6 0 2 0 11 0 0 0 0 3 0 0 1 3 0 0 0 0 0 0 0 0 0 0 0 0 0 0 0 0 0 0 0 0 0 0 0 0 19 0 11 1 27 23 4 0 23 14 46 23 0 0 14 5 28 21 0 0 0 0 8 12 0 0 0 19 0 0 0 0 0 13 0 32 0 0 0 0 0 0 0 0 0 0 0 0 0 0 16 0 0 11 5 0 0 0 0 0 0 0 0 0 0 0 0 0 1 0 0 0 0 0 0 0 0 0 0 0 0 12 3 18 0 0 0 1 39 58 25 48 0 5 0 34 49 13 0 0 3 0 2 0 0 0 0 3 10 0 0 0 14 54 11 10 34 0 53 28 0 0 0 0 0 0 0 0 0 0 0 0 0 0 0 0 0 0 0 0 0 0 13 0 0 22 0 0 0 0 0 0 0 0 8 2 0 87 8 3 2 1 0 1 0 0 0 0 0 0 0 0 0 0 0 0 0 0 0 0 0 1 0 0 0 1 13 0 0 0 
 0 0 162 4 1 0 0 0 76 0 0 77 0 0 0 2 0 0 0 0 181 226 123 477 44 46 330 450 125 57 432 137 0 113 120 106 34 258 90 163 0 53 0 0 3 0 0 2 8 0 0 0 66 10 0 0 1 1 0 0 0 0 0 1 2 6 0 0 0 0 0 3 0 0 0 3 0 0 0 0 0 0 0 0 0 30 0 0 0 0 18 0 0 0 0 0 0 0 0 0 21 26 11 15 25 0 67 51 10 33 21 1 0 20 0 35 11 43 17 8 0 0 0 0 0 0 0 0 0 0 0 0 0 0 1 0 1 0 11 1 0 0 5 0 0 0 0 0 0 0 0 0 0 1 0 0 2 0 0 3 0 0 0 9 17 0 0 0 0 15 0 5 0 3 0 0 0 0 0 3 26 40 11 21 0 9 9 19 45 10 19 18 10 18 12 34 47 11 10 41 0 0 2 0 0 0 0 0 0 0 0 0 0 0 0 0 0 0 0 0 0 0 14 1 0 0 0 0 0 0 1 0 0 0 0 0 0 0 0 0 0 0 0 0 0 2 0 0 0 0 0 0 0 0 11 0 0 1 155 0 19 1 0 0 0 0 0 0 0 0 0 0 0 0 0 18 0 0 0 0 0 9 0 0 0 11 0 0 0 0 
 0 80 0 2 0 0 0 0 0 0 0 0 0 0 0 0 2 0 0 0 41 216 202 89 70 250 113 91 262 161 199 244 113 0 189 34 112 179 85 78 0 0 1 2 2 0 0 5 35 0 0 0 0 6 0 0 0 4 2 67 0 0 0 0 3 0 13 0 0 0 0 3 0 0 9 6 0 0 0 0 0 0 0 0 0 0 0 0 0 0 0 0 0 0 0 0 0 2 0 0 5 21 41 7 32 0 0 0 0 33 30 19 2 10 10 76 13 13 0 0 0 0 0 0 0 0 0 0 0 0 0 0 0 0 0 2 0 0 7 0 0 0 0 0 0 0 0 4 0 0 0 0 0 0 6 3 0 0 0 0 0 0 0 0 0 0 0 0 7 0 0 0 0 0 0 0 0 0 0 0 16 13 7 45 0 6 20 37 43 11 20 77 11 20 12 41 4 41 0 22 3 0 0 0 0 0 0 0 0 0 0 1 12 0 0 0 8 0 16 11 0 0 0 0 0 0 1 0 0 0 0 0 0 0 0 0 0 0 0 0 0 0 0 0 0 0 0 0 0 0 0 0 0 0 7 0 0 208 75 0 1 0 0 0 0 0 0 0 0 0 0 0 0 0 0 0 0 0 0 0 0 12 0 1 0 1 0 0 0 0 
 3 1 0 0 0 80 0 0 0 2 0 0 0 32 0 0 0 39 0 0 153 128 51 165 62 47 53 340 239 87 66 40 120 189 0 152 48 256 71 206 0 0 0 0 2 0 0 2 13 0 0 0 0 2 0 0 0 0 10 0 0 0 0 0 2 0 0 0 0 0 0 4 0 0 0 3 0 0 0 0 0 0 0 0 12 0 0 0 0 0 0 0 0 0 0 0 0 0 0 0 1 12 11 15 12 0 22 27 73 1 17 0 9 8 10 2 72 0 0 7 0 0 0 0 0 0 0 0 0 0 0 0 0 0 0 0 0 0 18 0 0 0 0 1 1 0 0 7 0 0 0 0 0 0 33 3 0 0 0 0 0 0 2 0 0 0 0 0 0 1 0 0 0 0 0 0 0 0 0 0 16 0 12 40 0 0 12 11 30 22 13 5 11 33 0 47 0 23 1 25 0 0 0 0 0 0 0 0 0 0 0 0 0 0 1 0 0 0 0 29 0 0 0 0 2 0 0 0 0 0 0 0 0 0 0 2 2 0 0 0 0 0 0 0 0 0 0 0 0 0 0 0 0 0 10 0 1 81 80 3 12 0 0 0 0 0 0 0 0 0 0 0 0 0 0 0 0 0 0 0 0 0 0 0 0 0 0 0 0 2 
 3 3 6 0 75 2 3 3 3 3 3 3 3 3 3 12 3 3 3 3 241 180 216 126 111 72 285 222 65 201 170 99 106 34 152 0 178 47 46 78 0 0 0 0 5 0 0 4 0 10 5 0 0 2 0 0 3 2 68 0 0 5 0 0 3 0 2 0 1 0 0 6 0 0 3 8 0 0 0 0 0 0 0 0 2 0 0 0 0 0 0 0 0 0 0 0 0 0 0 0 37 13 0 33 40 16 0 35 29 15 51 11 0 7 47 0 14 8 0 0 0 0 2 0 0 0 11 0 0 0 0 0 0 0 0 0 0 0 6 7 0 0 10 0 0 0 0 0 0 0 0 0 0 0 0 0 0 0 2 5 0 0 0 0 15 12 0 0 0 0 0 0 0 0 0 0 0 0 0 0 12 15 29 0 11 11 10 20 34 14 50 6 0 10 0 3 41 1 0 12 9 0 16 0 0 0 0 1 0 0 0 0 0 0 0 11 0 0 12 0 0 0 0 0 0 0 0 0 0 0 0 0 0 0 0 0 0 2 0 0 0 0 14 0 0 0 0 0 0 0 0 0 0 0 9 0 0 81 1 1 19 1 0 0 0 0 0 0 0 0 0 0 0 0 0 0 0 0 0 11 0 0 0 0 0 0 11 0 0 0 
 0 0 2 0 75 0 1 0 0 2 0 3 0 8 0 0 0 3 0 0 115 39 63 289 238 58 143 184 96 56 202 151 34 112 48 178 0 227 33 29 0 0 0 0 2 0 0 2 0 0 0 0 0 2 0 0 0 0 5 29 0 0 0 0 2 0 3 0 0 0 0 3 0 0 15 3 0 0 0 0 0 0 0 0 0 1 0 0 0 0 0 1 0 0 0 0 0 0 0 0 13 21 25 66 27 35 0 13 0 14 10 0 0 7 13 29 1 19 9 0 12 0 0 0 0 0 15 0 0 0 0 0 0 13 10 11 0 0 0 0 0 0 1 0 0 0 0 0 0 0 0 0 0 0 0 0 0 0 0 4 0 0 2 0 21 14 0 0 0 0 0 2 0 13 0 0 10 0 0 0 0 10 22 0 10 9 0 1 11 11 14 47 0 10 0 9 4 45 0 21 32 0 0 0 2 0 8 0 15 0 0 0 0 20 0 0 0 0 0 0 0 0 0 0 0 0 0 0 0 0 0 0 0 0 0 0 0 0 0 0 0 0 18 0 0 0 0 0 0 0 0 0 0 0 15 1 0 5 0 2 0 2 0 0 0 0 11 0 0 0 0 0 0 0 0 0 0 0 0 0 0 1 0 0 0 9 0 0 0 0 
 0 0 11 75 0 1 0 0 0 2 0 0 0 8 0 2 0 1 74 0 383 333 199 107 139 132 26 357 193 257 296 130 258 179 256 47 227 0 45 35 0 0 0 0 3 0 0 2 12 5 0 0 0 10 25 0 0 0 31 0 0 0 0 0 3 0 0 0 0 0 0 3 0 0 3 3 0 0 0 0 0 0 0 0 3 0 0 0 0 0 0 0 0 10 0 0 0 0 0 0 0 0 17 36 9 47 0 0 11 13 23 10 1 19 1 30 26 1 0 0 8 10 2 0 0 0 20 0 0 0 0 0 0 39 8 3 0 0 0 0 0 0 0 6 0 0 0 0 0 0 0 0 0 0 1 1 0 0 2 0 0 0 0 0 0 0 0 0 14 0 0 5 0 0 0 0 0 2 0 0 0 0 8 66 2 8 0 21 11 20 1 22 1 2 28 17 0 10 0 2 13 0 0 0 0 0 8 0 0 0 0 0 17 0 0 0 0 0 21 4 15 0 0 0 0 0 13 0 0 0 0 0 0 0 0 0 0 2 0 14 0 0 0 0 0 0 0 0 0 0 0 0 0 0 10 3 2 74 35 0 1 0 0 0 0 0 17 0 0 0 0 0 0 0 0 0 0 0 0 0 0 2 0 0 0 7 0 0 0 0 
 2 2 3 0 161 75 4 3 2 22 184 2 2 2 2 77 160 2 2 2 113 24 34 91 38 43 528 144 168 56 35 41 90 85 71 46 33 45 0 304 11 0 0 1 9 0 6 8 0 5 0 0 0 6 0 0 0 0 20 0 2 0 0 0 3 1 0 6 0 0 0 10 1 0 0 3 0 0 0 0 0 0 0 15 9 0 0 0 0 20 1 23 0 0 0 0 0 24 0 0 38 82 19 11 0 0 28 46 0 0 8 0 22 34 36 0 1 16 9 36 0 0 0 0 11 0 9 0 0 0 0 0 0 0 14 0 0 7 0 0 0 0 1 0 0 0 0 0 0 0 0 0 0 0 0 0 0 0 0 2 50 1 0 8 13 13 0 0 21 1 0 17 0 0 0 0 18 0 0 18 38 38 28 0 0 0 1 15 0 0 0 0 22 0 42 20 14 10 21 12 0 0 0 0 0 0 0 0 0 0 0 0 0 0 0 0 0 0 0 0 0 0 0 0 0 0 0 0 0 0 0 0 0 0 0 0 0 0 0 0 0 0 0 0 0 0 0 0 0 0 0 0 0 0 0 0 0 1 0 0 0 0 9 0 0 0 0 0 0 0 0 0 0 0 0 0 26 0 0 0 0 0 0 0 0 0 0 0 0 0 
 0 0 79 7 73 283 0 2 74 0 261 21 0 1 0 0 0 2 0 0 173 72 36 143 83 142 182 374 160 178 61 42 163 78 206 78 29 35 304 0 0 2 0 1 13 0 0 2 0 6 0 2 0 2 3 0 2 0 6 2 1 0 0 1 2 11 0 2 0 0 0 3 2 0 0 3 0 1 0 0 18 0 0 12 10 26 0 0 0 0 6 0 0 0 0 1 0 0 0 0 19 49 20 0 0 0 22 48 9 0 0 0 26 15 26 4 9 9 35 33 1 0 0 0 0 0 1 0 4 0 0 0 0 2 0 0 0 0 9 9 0 2 5 0 0 0 2 0 0 0 0 0 0 0 0 0 2 0 0 2 0 2 0 9 6 1 0 0 7 12 0 10 0 0 0 0 0 0 0 0 14 80 12 3 0 0 0 13 3 0 0 0 11 1 41 14 52 7 27 6 0 0 0 0 0 0 0 0 1 0 2 0 0 0 1 0 0 0 0 0 0 0 10 0 0 0 1 0 0 0 0 0 0 0 0 0 0 0 0 0 0 0 2 0 0 0 0 0 0 0 0 0 0 0 16 3 0 0 0 2 2 2 7 0 0 0 0 0 0 0 0 0 0 0 0 13 0 0 0 0 0 0 0 0 0 0 0 0 0 0 
 0 0 0 2 0 0 0 0 0 0 0 0 0 0 0 1 0 0 0 0 0 0 8 0 0 70 0 5 0 4 0 0 0 0 0 0 0 0 11 0 0 147 132 150 74 96 181 58 50 258 76 80 130 150 417 258 305 303 25 320 0 0 0 0 3 0 0 0 0 0 2 0 0 0 0 0 0 4 13 0 0 0 0 0 0 0 0 0 0 0 0 0 0 0 0 0 0 0 0 0 0 0 0 0 0 0 0 4 11 0 0 0 0 0 0 0 0 0 0 0 20 15 9 7 31 0 0 1 17 0 20 0 16 26 8 0 12 9 0 0 0 0 0 0 0 0 0 0 0 0 0 0 6 0 0 0 0 0 7 0 0 0 0 0 0 0 1 0 0 1 0 0 0 4 0 0 0 0 0 0 0 0 0 0 0 0 0 0 0 0 0 0 0 0 0 0 0 0 0 0 0 9 68 50 14 0 0 12 0 33 15 25 0 0 11 12 9 8 0 0 0 0 0 0 0 0 0 0 0 0 0 0 0 0 1 0 0 0 2 0 0 0 10 0 0 0 0 0 0 0 0 0 0 0 0 0 0 0 0 0 0 0 0 1 0 4 1 0 0 0 0 0 0 0 0 0 0 0 0 0 0 0 0 0 12 0 0 0 2 0 
 2 0 62 0 0 0 0 0 0 0 0 0 0 0 0 0 3 6 0 0 1 0 4 3 0 74 0 0 0 0 207 4 53 0 0 0 0 0 0 2 147 0 474 159 132 44 235 248 133 336 118 383 114 58 280 44 122 53 267 278 0 0 2 0 12 0 0 0 4 0 1 0 0 0 0 0 0 0 0 6 0 0 0 0 0 0 0 0 0 0 0 0 0 0 0 0 0 0 0 0 0 0 0 0 0 0 0 0 0 0 0 0 0 0 0 0 0 0 0 0 3 25 1 11 23 0 0 1 36 25 28 1 6 15 11 0 25 12 4 1 0 0 0 0 0 0 20 0 0 0 0 0 18 0 0 0 0 0 10 0 0 0 0 0 0 0 0 0 0 0 0 0 0 0 0 0 0 0 0 0 0 0 0 0 22 3 0 0 0 0 5 0 0 0 0 0 0 7 0 0 0 19 41 17 39 0 0 19 4 1 29 1 4 21 4 23 1 74 10 0 0 0 0 0 0 0 0 10 0 0 0 0 0 4 9 0 0 0 8 3 0 0 0 0 0 0 0 0 0 0 0 0 0 2 0 0 0 0 0 0 0 0 0 0 95 0 0 0 0 0 0 0 0 0 0 0 0 0 0 0 0 0 0 0 1 17 0 1 0 0 
 0 1 0 3 0 0 0 2 0 2 0 0 0 1 0 0 0 0 0 0 0 0 0 0 0 92 0 0 6 0 0 0 0 1 0 0 0 0 0 0 132 474 0 480 162 55 144 203 58 144 280 295 149 127 86 116 53 171 39 115 0 0 3 0 0 0 0 0 25 0 0 0 0 0 0 0 0 0 0 0 0 0 0 0 0 0 0 0 0 0 0 0 0 0 0 0 0 0 0 0 0 0 0 0 0 1 0 0 0 0 0 10 0 0 0 0 0 0 0 0 2 23 0 12 23 10 0 19 20 0 21 1 0 20 0 17 26 0 0 0 0 0 0 0 0 0 0 0 0 0 0 0 0 0 0 0 0 0 3 0 0 0 0 0 0 0 0 0 12 0 0 0 0 3 0 0 13 0 0 9 0 0 0 0 0 16 0 0 0 0 0 0 0 0 0 0 0 0 0 0 0 27 39 0 27 12 0 0 0 7 0 0 0 1 0 18 22 9 0 8 0 0 0 1 0 0 10 6 0 10 0 0 10 11 10 0 0 0 3 0 0 0 0 0 0 0 0 0 0 1 0 3 0 2 0 0 1 0 0 0 0 0 4 1 0 0 0 0 0 0 0 0 0 5 0 0 0 0 0 0 0 0 0 0 0 0 0 0 0 0 
 0 0 0 0 0 0 0 0 0 3 0 0 0 0 0 0 0 0 0 0 0 1 0 1 1 65 1 2 0 1 0 0 0 2 0 0 0 0 1 1 150 159 480 0 240 103 182 165 149 273 198 141 355 165 137 165 30 128 144 133 0 0 0 0 0 0 0 0 0 0 0 0 6 6 6 0 0 0 1 0 0 0 0 0 0 0 0 0 0 0 0 0 0 0 0 0 0 0 0 0 0 0 0 0 0 0 0 0 0 0 15 0 0 0 0 0 0 0 0 0 23 8 18 22 10 72 23 7 0 0 20 21 18 24 0 0 18 28 0 21 7 0 0 0 13 0 10 0 0 0 0 0 8 0 0 0 1 0 7 34 0 0 0 0 0 0 0 0 0 0 0 0 0 8 0 0 0 0 0 0 0 0 0 9 0 4 0 22 0 0 0 0 0 0 0 0 0 0 0 0 0 12 19 0 16 0 0 36 0 2 0 9 0 1 11 55 4 26 0 0 6 6 0 1 0 0 11 13 0 54 0 0 61 22 10 5 0 0 11 4 0 0 0 0 0 0 0 0 0 0 0 4 0 0 0 0 0 0 0 9 0 0 2 67 0 2 0 0 0 0 0 0 0 0 0 0 0 0 0 0 17 0 5 0 0 0 0 0 0 0 
 0 0 0 4 0 0 50 4 0 0 0 3 0 0 0 3 0 0 3 0 2 4 3 2 2 2 2 212 2 2 2 2 3 2 2 5 2 3 9 13 74 132 162 240 0 140 292 330 331 194 114 527 138 100 73 152 131 111 211 89 0 39 1 0 0 0 0 54 28 13 6 0 2 1 0 0 0 3 0 6 0 0 0 0 0 0 0 0 0 0 0 0 0 0 0 0 0 0 0 0 0 0 0 0 0 0 0 0 0 0 0 0 0 0 0 0 0 0 0 0 0 9 0 17 9 22 1 0 15 0 21 17 0 12 0 0 6 11 0 1 11 9 10 0 13 9 0 0 29 11 0 0 1 0 6 0 0 0 16 0 0 17 0 0 0 0 1 0 0 0 0 0 0 2 0 11 0 0 11 0 0 0 0 0 0 0 0 0 0 0 0 0 0 0 0 0 0 0 0 0 0 10 24 0 25 13 1 1 0 0 1 0 1 0 0 6 12 0 0 0 0 0 0 0 0 0 14 11 6 25 0 0 23 1 22 7 0 0 8 9 10 0 0 0 0 0 0 0 2 0 0 2 0 0 0 0 0 0 0 6 0 1 62 2 1 4 7 69 0 0 0 0 2 0 0 0 0 0 0 0 0 2 0 0 0 0 0 10 0 0 
 3 3 6 0 2 2 3 3 3 3 3 3 3 4 5 3 3 6 3 3 0 0 0 210 0 0 0 0 0 0 0 0 0 0 0 0 0 0 0 0 96 44 55 103 140 0 238 247 99 104 182 101 35 118 54 136 29 66 43 73 0 0 54 0 4 0 26 0 53 51 1 0 51 58 54 1 0 12 77 57 0 0 0 0 0 0 14 0 0 0 0 0 0 0 0 0 0 0 0 0 0 0 0 0 0 0 0 0 0 0 0 0 0 0 0 0 0 0 0 0 0 0 12 20 0 3 0 0 0 13 20 40 0 0 0 0 0 32 0 0 2 14 0 0 0 0 14 0 0 24 0 3 9 0 0 0 0 8 18 11 0 0 0 0 0 0 0 0 0 0 0 0 0 0 0 0 0 0 0 0 0 0 0 0 0 0 0 0 6 0 0 0 0 0 0 0 0 0 0 0 0 0 0 0 19 21 0 0 0 0 0 3 0 0 0 1 0 2 0 0 0 10 14 6 0 7 36 16 0 0 2 3 0 0 14 0 0 19 0 25 0 0 0 0 0 0 0 0 0 0 0 6 0 0 0 0 0 0 0 0 0 0 0 11 63 0 0 1 1 0 0 0 5 85 0 0 0 0 0 0 0 0 0 0 0 0 0 25 2 0 
 2 3 1 0 3 3 1 1 2 2 2 2 2 1 65 2 60 2 2 2 0 0 3 0 2 23 0 207 0 6 0 0 0 0 0 0 0 0 6 0 181 235 144 182 292 238 0 138 36 46 94 81 220 317 161 370 167 223 44 131 0 0 5 0 0 0 0 0 4 0 0 0 3 0 3 1 0 0 0 51 0 0 0 0 0 0 0 0 0 0 0 0 0 0 0 0 0 0 0 0 0 0 0 0 0 0 0 0 0 0 0 0 0 0 0 0 0 0 0 0 17 33 0 58 29 0 0 0 52 23 21 0 27 5 17 14 37 31 0 1 51 0 0 0 0 0 7 0 0 0 0 0 7 0 0 0 5 0 5 4 0 0 0 0 0 0 0 0 0 0 0 0 0 5 0 0 0 0 0 19 0 0 0 0 0 7 0 0 0 0 0 0 0 0 0 0 0 0 0 0 1 12 22 12 22 0 0 33 6 14 25 11 6 26 21 15 9 3 0 18 9 3 0 0 0 0 0 5 0 0 0 0 20 0 0 0 1 0 19 0 0 0 0 0 0 0 0 0 0 0 0 11 0 2 0 0 0 0 0 0 0 0 1 1 0 1 0 0 2 0 10 0 0 0 0 0 0 0 0 0 0 0 0 0 8 3 0 0 0 0 
 0 0 2 0 0 0 0 0 0 0 0 3 0 0 0 4 0 4 0 0 2 6 52 10 62 58 2 5 2 2 2 60 2 5 2 4 2 2 8 2 58 248 203 165 330 247 138 0 99 45 52 71 164 112 125 164 93 179 46 83 203 0 1 203 0 1 0 0 103 0 0 0 0 0 0 4 51 0 0 0 0 0 0 0 0 0 0 0 0 0 0 0 0 0 0 0 0 0 0 0 0 0 0 1 12 24 0 0 0 0 0 2 0 0 0 1 0 1 0 0 7 18 22 35 63 0 2 14 18 0 21 0 5 15 21 24 121 3 31 2 0 0 0 0 0 0 0 0 0 0 0 0 0 3 0 0 0 0 13 0 0 0 0 0 0 0 0 0 0 0 0 0 0 26 0 0 0 0 0 0 0 0 0 0 5 15 0 0 0 0 7 0 0 0 0 0 0 0 0 0 0 33 28 0 15 0 9 10 19 0 0 0 8 16 17 21 28 0 13 34 0 0 0 0 0 0 0 0 0 0 0 0 0 0 0 0 0 0 2 0 0 0 1 0 0 0 0 0 0 0 0 2 0 4 0 1 0 0 0 0 0 1 0 1 1 6 2 0 1 0 0 0 0 0 0 0 0 0 0 3 0 0 0 0 0 1 0 0 0 0 
 47 2 0 2 1 1 1 61 1 1 0 0 0 41 44 121 0 1 41 2 0 6 0 0 63 0 0 5 0 0 20 0 8 35 13 0 0 12 0 0 50 133 58 149 331 99 36 99 0 157 100 318 289 192 151 193 63 44 73 103 0 0 0 1 0 3 0 0 0 0 0 0 2 3 0 0 0 3 0 0 0 0 0 0 0 0 0 0 0 0 0 0 0 0 13 0 0 0 0 0 0 4 0 5 0 22 0 0 0 0 3 1 0 4 0 7 4 0 0 0 0 0 6 15 20 7 0 0 0 6 7 21 0 9 0 10 0 12 0 7 0 0 9 0 0 0 0 0 1 0 0 0 19 0 0 0 0 0 0 6 0 0 0 4 0 0 0 0 0 0 0 0 0 0 0 52 0 0 0 0 0 0 0 8 0 0 5 9 4 0 0 0 7 0 0 5 0 5 0 5 8 0 8 10 10 10 0 6 0 0 0 10 0 6 0 6 10 10 0 10 0 0 0 0 0 0 0 0 0 0 0 0 4 0 10 0 0 0 0 10 0 0 0 0 0 0 0 0 0 0 0 3 0 2 0 0 0 0 3 0 0 0 0 0 2 0 0 1 0 0 0 0 0 0 0 0 0 0 0 0 0 5 0 0 9 0 0 10 0 0 
 0 0 0 3 0 0 0 0 0 0 0 2 0 0 0 0 3 3 0 0 2 0 0 0 0 0 3 0 0 6 0 0 0 0 0 10 0 5 5 6 258 336 144 273 194 104 46 45 157 0 147 364 51 106 443 154 113 337 303 100 1 53 0 0 5 0 0 0 0 42 2 0 0 0 0 3 0 7 7 0 0 0 0 0 0 8 0 0 0 0 0 0 0 0 0 0 0 0 0 0 7 0 5 0 0 0 0 6 0 0 1 0 3 0 7 0 0 0 0 22 0 27 9 28 61 0 9 0 21 10 21 1 0 6 0 0 53 20 0 0 0 0 0 0 0 10 0 0 0 0 0 0 6 0 0 0 0 0 18 0 0 0 0 0 0 8 0 0 7 0 0 0 0 23 0 0 9 0 0 0 6 5 5 0 11 0 1 0 0 0 0 0 0 0 6 0 0 0 20 0 0 33 34 20 27 0 0 0 0 15 8 23 0 2 0 13 11 34 0 0 0 0 0 0 0 0 0 10 0 9 0 0 0 8 10 0 0 0 5 0 0 0 10 0 0 0 0 0 0 0 0 4 0 0 0 0 0 1 0 4 0 28 11 1 67 4 1 0 0 0 0 0 0 0 0 0 0 0 0 0 0 3 0 0 0 0 0 1 2 0 
 3 0 0 0 0 0 0 0 0 0 0 0 0 0 0 6 0 6 0 0 0 0 0 0 0 1 0 0 0 0 0 6 0 0 0 5 0 0 0 0 76 118 280 198 114 182 94 52 100 147 0 111 71 29 370 210 130 118 35 67 0 0 1 0 0 0 0 54 0 0 0 0 6 6 6 0 0 0 0 0 0 0 0 0 0 0 0 0 0 0 0 0 0 0 0 0 0 0 0 0 0 0 0 0 0 0 0 0 0 0 0 0 0 0 0 0 0 0 0 0 17 15 10 18 45 12 0 0 38 0 31 20 20 8 23 0 12 25 0 2 6 0 8 0 0 0 0 0 1 0 0 0 32 0 0 0 0 0 12 9 0 0 0 0 0 0 1 0 0 1 0 0 0 4 0 0 0 0 0 0 0 0 0 0 0 0 0 0 0 0 0 0 0 0 0 0 0 0 0 0 0 9 25 10 26 0 0 0 0 10 22 33 0 0 0 12 10 31 0 0 5 8 0 0 0 0 8 6 0 0 0 0 10 4 11 7 0 2 5 15 0 0 0 0 0 0 0 0 0 0 0 5 0 0 0 0 0 0 0 9 0 0 4 1 1 0 0 0 0 0 0 0 0 0 0 0 0 0 0 0 0 0 4 0 20 13 0 10 2 0 
 0 0 0 0 1 0 0 0 0 0 0 0 64 0 1 0 0 2 0 0 0 0 0 0 0 0 1 1 0 0 0 0 0 0 0 0 0 0 0 2 80 383 295 141 527 101 81 71 318 364 111 0 237 31 244 134 58 207 238 255 54 1 1 0 0 0 67 50 0 0 0 1 0 4 48 0 0 0 59 1 0 0 0 0 0 0 0 0 0 7 0 0 0 0 0 0 0 0 0 0 0 0 0 0 0 0 0 0 0 0 0 0 0 0 0 0 0 0 0 0 1 9 10 19 9 1 1 0 12 9 4 6 1 12 1 0 7 10 0 0 16 0 19 0 0 0 25 0 1 29 0 0 16 0 10 0 0 0 22 9 0 0 0 0 0 0 0 0 0 0 0 0 0 3 0 0 0 0 0 0 25 0 0 0 0 0 0 0 0 0 0 0 0 0 0 0 0 0 0 0 0 15 28 0 19 21 0 1 0 0 2 10 0 0 0 6 11 18 0 0 6 0 0 0 0 0 0 0 4 0 0 0 16 30 4 0 0 0 33 0 0 0 0 0 0 0 0 0 0 0 0 4 0 2 0 0 0 0 0 2 0 2 2 2 0 2 0 0 4 0 9 0 0 0 0 0 0 0 0 0 0 0 0 0 0 0 0 0 0 0 
 0 0 2 2 0 0 45 1 0 0 0 0 0 0 0 2 0 3 0 0 0 0 0 0 0 47 0 0 4 0 0 65 66 0 0 0 0 0 0 0 130 114 149 355 138 35 220 164 289 51 71 237 0 355 33 59 156 225 144 100 0 0 1 0 0 0 0 0 60 0 0 0 0 0 2 0 0 0 0 0 0 0 0 0 0 0 0 0 0 0 0 0 0 0 0 0 0 0 0 0 0 0 0 0 15 5 0 0 0 0 0 13 0 0 0 9 0 0 0 0 10 1 19 3 0 16 22 30 6 0 1 0 10 10 46 26 0 11 0 19 0 0 0 0 0 0 0 0 0 0 28 0 0 4 0 0 0 0 0 0 0 31 0 0 0 0 5 0 0 8 0 0 0 1 0 0 0 0 10 0 0 0 0 0 0 14 0 0 0 0 0 0 0 0 0 0 0 0 0 0 14 0 1 0 0 0 14 82 35 9 14 36 61 23 41 0 2 0 13 13 0 0 16 0 0 0 0 0 0 0 0 0 0 0 0 0 0 0 0 0 0 0 0 0 0 18 0 0 0 0 0 3 0 11 0 0 0 0 0 14 0 8 0 77 0 4 0 0 2 0 0 0 0 0 0 0 0 0 0 0 0 0 0 0 10 6 0 0 1 0 
 7 3 2 0 8 3 2 6 3 3 3 3 7 2 3 8 3 9 3 3 15 5 5 2 278 28 5 13 2 216 11 8 10 6 2 2 2 10 6 2 150 58 127 165 100 118 317 112 192 106 29 31 355 0 181 105 118 56 69 91 0 0 0 0 8 0 0 0 0 0 8 0 0 0 0 0 5 6 3 2 0 0 0 0 0 0 0 0 0 0 0 0 0 0 0 0 0 0 0 0 0 0 0 5 1 8 0 0 0 0 4 13 0 3 0 0 13 0 0 0 15 0 52 0 24 19 0 14 1 0 18 0 12 29 6 15 0 1 0 47 0 0 0 0 0 0 0 0 0 0 0 0 0 0 0 0 0 0 19 0 0 0 0 0 0 0 8 0 0 3 0 0 0 0 0 0 3 0 0 0 0 0 0 28 8 10 0 12 0 5 0 0 0 0 0 4 0 0 0 0 50 0 24 31 0 0 13 17 3 27 8 41 12 9 0 12 28 7 0 18 0 0 0 0 0 0 0 0 0 0 0 0 0 0 0 0 0 0 0 0 0 0 8 0 0 0 0 0 0 0 0 9 0 2 0 0 0 2 8 18 0 0 2 1 0 2 3 0 0 0 0 0 0 0 0 0 0 0 0 0 0 5 0 0 22 0 0 0 0 0 
 2 3 4 0 2 2 2 2 2 2 2 2 2 2 2 2 2 2 2 2 0 0 0 5 11 2 2 0 0 6 0 0 0 0 0 0 0 25 0 3 417 280 86 137 73 54 161 125 151 443 370 244 33 181 0 147 70 308 46 106 0 0 0 0 8 0 0 0 0 0 8 0 0 0 0 1 0 12 2 14 0 0 0 0 0 0 0 0 0 0 0 0 0 0 0 0 0 0 0 0 0 0 0 0 0 0 0 0 0 0 0 0 0 0 0 0 0 0 0 0 57 22 21 51 61 0 0 0 43 14 27 0 29 12 62 0 25 41 8 16 0 0 0 0 0 0 23 0 0 0 0 0 14 0 0 15 0 0 10 0 0 0 0 0 0 0 0 13 0 0 0 0 0 2 0 0 0 7 0 0 0 0 0 0 2 0 0 6 0 0 0 9 0 1 0 0 0 0 0 0 8 16 38 48 36 0 0 42 72 29 22 32 16 39 13 22 10 11 25 0 0 0 0 0 0 0 0 0 0 0 0 0 0 0 0 0 0 0 13 0 0 0 9 0 0 0 0 0 0 0 0 2 0 0 0 0 0 0 0 0 0 0 0 1 3 1 2 0 0 0 0 0 0 0 0 0 0 0 0 0 0 0 0 0 40 12 0 0 1 0 
 0 0 14 0 0 0 0 2 0 2 0 0 0 0 0 0 7 3 0 0 0 0 0 0 30 0 0 5 0 0 0 65 0 0 0 0 0 0 0 0 258 44 116 165 152 136 370 164 193 154 210 134 59 105 147 0 47 407 92 100 0 0 0 0 0 0 0 0 0 1 0 0 2 14 0 0 0 3 0 0 0 0 0 0 0 0 0 0 0 0 0 7 0 0 0 0 0 0 0 0 0 0 10 0 13 0 0 3 18 0 0 0 0 15 0 15 0 0 0 0 0 1 14 39 3 10 11 25 0 0 38 39 10 43 0 15 10 18 0 15 0 0 3 0 0 0 0 0 0 0 0 0 7 5 0 0 0 0 7 2 0 0 0 0 0 0 0 0 0 0 0 0 0 3 0 0 0 0 0 0 0 0 0 0 0 0 0 0 0 0 0 0 0 0 0 0 0 0 0 0 11 11 11 0 0 0 0 35 0 12 13 33 0 21 13 15 26 15 0 20 0 0 0 0 0 0 0 0 0 0 0 0 20 0 1 0 0 0 7 0 0 0 0 0 0 0 0 0 0 0 0 3 0 0 0 0 0 0 0 1 0 0 0 68 1 0 0 0 0 0 0 0 0 0 0 0 0 0 0 0 0 0 0 0 11 6 0 0 1 0 
 0 1 0 0 0 0 0 0 0 0 0 0 1 0 0 0 0 0 0 0 0 0 0 0 0 63 0 2 0 0 0 0 1 0 0 3 0 0 0 2 305 122 53 30 131 29 167 93 63 113 130 58 156 118 70 47 0 113 249 98 0 5 4 0 0 0 0 3 3 8 0 0 0 0 0 0 0 1 0 5 0 0 0 0 0 0 0 0 0 0 0 0 0 0 0 0 0 1 0 0 0 0 0 0 0 0 0 0 0 0 0 7 0 0 0 0 0 0 0 0 16 14 12 9 20 11 9 8 25 10 0 0 12 0 19 12 24 37 0 10 0 5 0 1 7 11 0 0 1 0 4 0 37 15 6 0 0 0 0 0 0 0 0 0 0 19 3 0 0 4 0 0 0 0 0 14 0 0 0 0 0 0 0 0 0 9 0 0 0 0 0 0 6 0 0 0 0 0 0 0 8 11 0 3 0 0 10 18 0 25 21 18 10 13 0 0 1 16 0 6 22 0 0 0 3 0 0 0 0 24 14 0 0 0 0 0 0 0 13 1 0 0 0 0 0 0 0 0 0 0 0 4 0 2 0 0 0 0 0 8 0 0 0 61 13 5 2 0 0 0 14 0 0 0 0 0 0 0 0 0 0 0 0 0 19 0 0 0 0 0 
 0 0 2 2 0 0 0 0 0 0 0 0 63 1 2 0 0 3 0 0 0 0 0 0 0 63 62 0 0 0 0 0 1 4 0 2 0 0 0 0 303 53 171 128 111 66 223 179 44 337 118 207 225 56 308 407 113 0 102 310 1 0 0 1 1 0 1 0 30 0 0 0 0 0 0 4 0 2 0 12 0 0 0 0 0 0 0 0 0 0 0 0 0 0 0 0 0 0 0 0 0 0 0 0 0 5 0 0 0 0 0 0 0 0 0 0 0 0 0 0 29 24 0 18 10 16 24 10 41 20 31 9 13 11 10 0 49 40 0 0 0 0 0 0 0 0 49 0 0 0 10 0 1 0 0 0 0 0 14 0 18 0 0 0 0 0 0 0 0 0 0 0 0 18 0 0 0 0 0 0 0 0 0 0 0 0 0 0 0 0 0 0 0 0 0 0 0 0 0 0 1 24 0 30 44 6 9 74 3 1 17 14 8 36 32 75 13 45 0 0 5 0 0 0 0 0 10 18 0 5 0 0 0 4 21 0 0 0 23 0 0 0 0 0 0 0 0 0 0 0 0 4 0 0 0 0 1 0 0 2 0 0 0 63 1 3 0 3 3 0 1 0 0 0 0 0 0 0 0 0 0 0 0 0 15 28 0 0 2 0 
 15 3 6 2 3 3 3 3 3 31 65 4 3 4 3 65 69 6 3 3 152 30 84 1 78 1 1 1 73 67 2 14 0 2 10 68 5 31 20 6 25 267 39 144 211 43 44 46 73 303 35 238 144 69 46 92 249 102 0 76 2 0 0 1 0 10 0 0 0 0 0 3 1 0 2 0 0 0 0 0 13 0 0 0 0 0 0 0 0 27 0 11 0 0 0 0 0 14 0 0 0 1 1 20 4 16 15 0 3 1 0 25 33 10 0 0 4 2 0 0 0 10 2 7 17 12 37 9 0 0 0 0 0 0 0 11 0 13 20 4 0 0 0 5 0 0 0 0 0 0 0 0 0 0 3 0 0 0 0 0 0 0 0 7 0 0 2 0 0 3 0 30 0 4 0 0 0 0 0 0 0 8 0 0 19 0 0 0 0 3 0 24 0 0 13 10 37 0 1 0 31 26 0 0 0 0 1 24 4 0 0 12 34 0 0 14 12 0 0 0 0 0 0 0 0 0 0 0 0 0 0 0 0 0 0 0 0 0 0 0 0 0 7 0 0 0 0 0 0 0 0 2 0 0 0 0 0 1 0 14 0 0 0 2 2 2 2 0 1 0 0 0 0 0 0 0 0 0 0 8 0 0 0 0 0 0 0 0 1 0 
 0 1 0 0 0 0 0 4 0 0 0 2 0 0 0 2 0 0 0 0 0 0 0 0 62 38 0 0 0 0 34 51 0 67 0 0 29 0 0 2 320 278 115 133 89 73 131 83 103 100 67 255 100 91 106 100 98 310 76 0 0 0 9 0 0 0 0 0 0 0 0 0 0 0 0 8 0 0 0 0 0 0 0 0 0 0 0 3 0 0 0 0 0 27 0 0 0 0 0 0 0 0 0 0 0 0 0 0 0 14 0 17 0 0 0 10 0 0 0 0 54 29 0 0 0 0 8 19 0 0 0 0 17 14 10 23 15 0 0 9 0 0 0 0 0 0 0 0 0 0 0 0 0 1 0 0 0 4 0 0 0 0 0 0 0 0 2 0 0 0 0 2 0 0 0 0 0 0 3 5 0 0 0 0 22 7 0 0 0 20 24 0 0 0 0 0 0 0 0 0 0 13 0 0 0 0 0 23 16 12 18 18 49 61 3 0 16 0 2 25 0 0 0 0 0 0 0 0 0 0 0 0 0 0 0 0 0 0 0 0 0 0 0 0 0 0 0 0 0 0 0 2 0 0 0 0 0 0 0 0 0 7 0 0 1 0 4 0 0 0 0 0 0 0 0 0 0 0 0 0 0 19 0 0 16 1 0 0 0 0 
 0 5 0 2 71 0 0 0 0 7 0 1 0 0 0 6 7 32 0 0 1 0 2 0 0 0 1 1 29 0 0 0 0 0 0 0 0 0 2 1 0 0 0 0 0 0 0 203 0 1 0 54 0 0 0 0 0 1 2 0 0 113 147 55 25 66 202 63 79 96 81 42 48 86 231 330 83 84 195 46 9 0 9 0 49 0 0 2 0 7 9 10 3 0 0 0 22 7 0 8 0 0 0 0 0 0 0 0 0 0 0 0 14 4 0 0 0 0 0 0 0 0 0 0 47 9 0 0 0 0 0 6 0 0 0 0 0 0 0 0 3 25 14 0 0 0 21 42 35 16 0 0 0 0 14 23 0 29 4 21 0 0 0 4 0 0 0 0 0 0 0 11 0 0 0 0 0 16 0 0 0 0 0 0 0 0 0 0 0 0 0 0 0 0 4 0 0 0 0 0 0 0 0 0 0 43 0 0 0 0 0 0 0 0 0 0 0 0 0 0 22 5 0 13 0 9 0 36 29 1 4 0 24 8 0 10 70 26 4 3 0 15 0 0 0 0 0 0 0 3 0 0 12 0 9 0 0 0 0 0 0 0 54 0 0 0 0 0 0 0 9 0 0 7 2 0 0 0 0 0 0 0 0 0 0 0 0 0 0 0 
