 0 128 70 62 29 47 206 42 345 210 241 142 259 290 504 438 56 106 300 323 0 0 0 0 2 3 0 2 0 0 0 0 1 0 3 3 3 3 0 0 0 0 3 0 3 0 0 0 7 63 0 0 0 34 9 0 0 4 0 0 0 0 0 3 0 0 0 0 0 54 0 0 0 0 0 0 0 0 0 0 18 12 11 19 0 0 36 0 15 43 15 0 14 27 36 21 15 0 0 16 0 0 0 0 0 0 0 0 0 0 0 1 0 0 0 0 0 0 0 0 1 0 0 0 0 0 0 0 0 0 0 0 0 0 0 0 0 0 0 0 0 1 0 0 0 0 0 0 0 1 0 0 0 0 0 0 0 0 2 0 25 29 0 0 17 0 14 21 55 15 0 0 97 36 19 16 20 52 10 51 0 0 0 0 0 0 0 3 0 0 0 0 0 0 0 0 0 0 0 0 0 0 0 0 0 0 0 0 0 1 0 0 0 0 0 0 0 0 0 0 0 0 0 0 0 0 0 0 0 0 0 0 0 0 0 0 0 0 0 0 0 0 0 0 0 0 0 2 0 69 1 6 0 0 0 0 0 0 0 0 0 0 0 0 0 0 0 0 0 0 0 0 0 0 0 0 0 0 0 0 0 0 0 0 0 0 0 0 0 0 
 128 0 201 85 315 107 101 483 553 529 130 47 231 157 320 184 218 56 348 452 0 0 0 0 1 3 0 2 3 0 0 0 2 0 2 0 3 3 0 0 0 6 3 0 3 0 0 0 0 1 0 0 0 2 2 0 0 4 36 0 0 0 0 3 0 0 0 0 0 3 0 0 0 0 0 0 0 0 0 0 0 9 41 16 0 0 0 0 0 1 15 0 7 35 12 1 0 7 0 2 13 0 0 0 0 0 13 0 0 0 0 0 0 0 0 12 0 0 8 15 0 0 0 0 0 0 0 0 0 0 0 12 0 0 0 0 0 0 0 0 0 0 0 0 0 0 0 0 0 0 0 0 0 0 0 0 0 0 0 0 0 56 32 15 6 16 18 11 47 11 0 0 53 0 1 0 1 21 0 28 0 0 0 0 0 0 0 0 0 0 0 0 21 21 0 0 0 0 10 7 0 0 0 0 0 0 0 0 0 0 0 0 0 0 0 0 0 0 0 0 0 0 0 0 0 0 0 1 0 0 0 0 0 0 0 0 0 0 0 0 0 0 0 0 0 0 91 1 1 3 10 8 0 0 0 0 0 0 0 0 2 0 0 0 0 0 0 0 0 0 0 0 0 0 0 0 17 20 0 0 0 0 0 0 0 0 0 0 0 0 
 70 201 0 89 103 34 44 334 71 76 229 296 154 145 159 76 183 184 91 109 0 0 0 0 2 3 0 2 0 0 0 0 3 0 2 2 3 3 0 0 0 0 58 0 3 0 0 0 0 5 0 0 0 0 2 0 0 3 0 0 0 0 0 3 0 0 0 0 0 3 0 0 0 0 0 0 0 0 0 0 0 22 18 7 0 21 12 9 100 27 1 1 13 0 12 0 9 5 0 1 26 0 0 0 0 0 23 0 0 0 0 0 0 12 0 11 0 0 0 1 0 0 0 0 0 0 0 0 0 0 0 0 0 0 0 0 0 10 0 0 0 0 0 0 0 0 16 0 0 0 0 0 0 0 0 0 0 0 0 0 18 10 21 15 24 0 50 14 11 20 19 12 10 28 21 32 10 1 0 20 0 0 0 0 0 0 0 0 0 0 0 0 16 0 0 0 0 0 15 0 0 0 0 0 0 0 9 0 0 0 0 0 0 0 0 0 0 12 0 0 0 0 0 0 0 0 0 0 0 0 0 0 0 0 0 0 0 0 0 0 0 0 0 0 0 0 2 0 2 45 0 0 10 0 0 0 0 0 0 0 0 0 0 0 0 0 0 0 0 0 0 0 0 0 0 11 7 14 0 0 0 0 0 0 0 0 0 0 0 0 
 62 85 89 0 210 336 94 47 510 346 154 167 128 170 86 47 123 297 199 164 74 0 0 5 4 3 0 3 0 2 3 0 1 0 0 0 5 3 0 0 0 3 3 0 5 4 0 0 0 0 3 3 0 2 2 0 3 8 0 0 0 0 0 3 0 2 0 0 0 5 0 2 0 0 0 0 0 1 0 0 19 0 15 0 0 0 0 0 0 0 18 22 0 11 0 22 17 7 0 0 15 14 0 0 0 0 50 0 0 0 0 0 0 19 0 0 0 53 7 38 0 0 0 0 0 0 0 0 0 0 0 32 0 0 0 0 11 0 0 0 0 0 0 0 0 0 0 0 0 0 0 0 0 0 0 0 0 0 0 0 12 27 0 1 19 0 14 7 23 0 0 0 0 13 2 0 20 26 0 21 29 0 0 19 0 0 14 12 0 16 0 0 0 32 0 50 0 0 0 21 0 0 0 0 0 0 0 0 0 0 0 0 0 0 1 0 0 0 0 0 0 0 0 0 0 0 0 0 0 0 0 0 0 0 0 0 33 0 0 0 0 13 0 0 0 4 0 2 1 61 10 0 0 0 0 0 0 0 0 0 0 0 14 0 0 0 0 0 0 0 0 0 0 0 0 0 13 0 0 0 0 0 0 0 0 0 0 0 0 1 
 29 315 103 210 0 230 63 141 145 317 196 156 44 85 525 83 201 419 130 100 35 19 1 0 1 3 0 3 0 5 0 0 88 40 77 34 76 3 72 10 0 1 3 0 4 0 2 0 0 0 0 0 0 0 2 0 0 3 0 0 0 3 0 3 0 0 0 0 0 3 6 0 0 0 5 0 0 0 0 0 0 9 3 1 23 55 0 1 15 0 3 12 0 3 10 0 2 21 0 0 40 10 11 9 0 2 12 9 1 14 1 9 0 18 0 0 0 0 27 0 0 0 0 0 0 0 0 0 0 0 0 13 0 0 0 0 0 0 0 1 0 3 0 0 0 1 0 0 0 0 10 0 1 0 0 0 2 0 0 0 0 0 0 1 14 12 0 11 0 0 0 20 0 0 0 14 43 31 0 0 12 0 0 10 0 0 10 0 0 10 0 0 31 21 2 9 0 8 33 6 0 0 0 0 0 0 1 0 0 1 0 0 0 0 0 0 9 0 0 0 0 0 0 0 0 0 0 0 0 0 0 0 0 0 0 0 0 0 0 0 0 0 0 0 0 2 90 1 4 7 15 6 0 0 0 0 0 0 0 0 0 0 0 0 0 0 0 0 0 0 0 0 0 0 0 0 9 0 0 0 0 0 0 0 0 0 0 0 0 0 
 47 107 34 336 230 0 21 35 258 146 322 62 33 36 157 175 269 68 64 62 122 73 6 0 2 3 78 2 78 0 2 0 8 80 4 121 22 3 60 78 0 0 3 0 12 4 0 0 0 0 0 0 0 0 2 0 0 5 0 0 0 40 0 3 0 0 0 0 0 3 0 72 0 0 0 0 0 0 1 0 29 9 17 19 7 15 0 14 0 0 18 0 0 10 0 0 0 20 0 0 15 67 24 15 0 0 13 8 0 14 47 0 11 13 0 0 0 0 43 18 0 0 0 0 0 0 0 0 0 0 0 9 0 0 0 0 0 0 0 0 0 8 0 0 0 0 0 0 0 0 0 0 0 0 0 0 7 0 0 0 0 10 0 18 14 17 0 0 0 12 0 12 0 0 0 15 24 51 0 0 28 19 10 0 0 0 12 0 16 0 3 19 10 62 16 29 39 0 19 11 0 0 0 0 0 0 0 0 0 0 0 0 0 0 0 0 0 0 0 0 0 0 0 0 0 0 0 0 0 0 0 0 0 0 0 0 0 0 0 0 0 0 0 0 0 0 3 0 6 0 22 3 4 0 0 0 0 0 0 0 0 0 0 0 0 0 0 0 0 0 0 0 0 0 0 0 12 0 0 0 0 12 0 0 0 0 0 0 0 0 
 206 101 44 94 63 21 0 161 139 48 28 349 150 139 63 322 28 45 235 431 0 2 0 0 2 3 0 2 0 0 0 0 2 0 3 0 3 3 0 1 4 8 3 65 3 0 0 37 0 0 0 0 0 1 2 0 0 3 0 0 0 0 0 3 0 0 0 2 0 3 0 0 0 51 0 29 0 1 2 0 11 9 0 1 0 0 10 16 0 10 13 12 14 30 45 0 11 8 21 18 0 0 0 0 0 0 0 0 0 0 0 2 0 0 2 0 0 0 0 0 0 0 0 0 0 0 0 0 1 0 0 0 0 0 0 0 0 0 0 17 0 0 0 0 0 0 0 0 2 0 0 0 0 0 0 0 17 0 0 0 0 32 25 0 0 0 24 22 34 45 12 0 25 10 9 15 1 25 14 40 1 0 0 1 0 0 0 0 0 0 0 0 0 0 0 0 0 0 0 0 0 0 0 0 0 0 0 1 0 0 0 0 0 0 0 0 0 0 0 0 0 0 2 0 0 2 0 0 0 0 0 0 0 0 0 7 0 0 0 0 0 0 0 0 0 0 0 0 1 1 0 15 0 0 0 0 0 0 0 0 0 0 0 0 0 0 0 0 0 0 0 0 0 0 0 0 0 0 0 0 0 0 0 0 0 0 0 0 0 9 
 42 483 334 47 141 35 161 0 101 146 31 24 181 379 83 50 32 126 66 34 0 0 0 6 8 6 0 2 0 2 0 0 2 6 8 0 9 7 80 6 0 0 31 0 11 0 33 1 0 5 1 2 3 1 3 2 0 5 62 0 0 0 0 3 0 0 0 0 0 3 0 3 3 51 0 0 0 0 2 0 40 66 32 19 0 44 0 31 13 0 0 0 0 35 32 0 56 41 0 11 1 0 0 0 0 0 0 0 0 0 0 0 0 0 0 14 0 0 0 0 0 0 0 0 0 0 13 0 0 0 0 0 0 0 0 0 0 0 0 0 0 0 0 0 0 0 0 0 0 0 0 0 0 0 0 0 0 0 1 12 0 14 19 14 13 0 0 12 16 78 1 0 9 0 16 14 13 0 0 10 0 0 0 0 0 0 0 0 0 0 0 0 19 11 0 0 0 0 32 12 0 0 0 0 0 0 0 0 0 0 0 0 0 0 0 0 0 0 0 0 0 0 0 0 0 0 0 0 0 0 0 0 0 0 0 0 0 0 0 0 0 0 0 0 0 0 4 0 0 100 2 0 0 0 0 0 0 0 0 0 0 0 0 0 0 0 0 0 0 0 0 0 0 0 0 10 7 11 0 0 0 0 0 0 0 0 0 0 0 0 
 345 553 71 510 145 258 139 101 0 320 46 246 215 155 227 180 325 338 218 280 0 0 6 5 1 3 2 2 0 0 0 1 78 3 5 0 3 3 0 0 3 0 3 0 6 2 3 0 0 3 0 2 3 0 4 3 2 4 0 0 0 0 0 6 0 2 0 3 0 3 2 0 2 2 0 3 0 50 0 0 2 5 21 0 21 0 0 7 11 23 22 20 3 83 8 12 11 4 0 0 13 0 0 0 0 0 13 1 0 0 0 0 0 19 0 0 0 0 3 13 0 0 0 0 0 0 1 0 0 0 0 13 0 0 0 2 0 1 0 0 0 0 0 0 1 6 0 0 0 0 0 0 0 0 0 0 0 0 0 0 27 5 0 11 0 2 16 19 32 11 0 20 29 2 0 0 36 17 0 22 13 0 0 0 0 0 30 0 0 0 0 0 0 0 1 0 0 0 0 5 0 0 0 0 0 11 0 0 0 0 0 0 0 0 0 0 0 0 17 0 0 0 0 0 0 0 0 0 0 0 0 0 0 0 0 0 0 0 0 1 0 12 0 0 0 1 0 0 2 91 20 5 0 0 0 0 0 0 0 0 0 0 13 0 0 0 0 0 0 0 0 0 0 0 0 0 0 0 0 0 0 0 0 0 0 0 0 0 0 0 
 210 529 76 346 317 146 48 146 320 0 168 54 298 149 220 259 229 567 110 332 0 2 0 0 80 3 61 3 0 0 0 0 29 2 3 0 3 5 73 76 0 0 3 33 3 3 0 0 0 8 5 0 0 2 2 0 0 6 59 61 0 0 0 3 0 0 0 0 0 3 0 0 0 0 0 0 0 0 0 0 21 0 88 35 1 11 0 0 10 0 14 9 16 16 22 11 14 10 0 13 19 0 0 0 0 0 0 13 0 0 0 1 0 0 0 0 0 0 16 46 0 0 0 0 0 0 0 2 0 0 0 0 0 0 0 2 0 0 0 0 0 0 0 0 0 0 0 0 0 0 0 0 0 0 0 0 0 0 0 0 0 7 44 41 0 10 11 0 17 19 0 0 0 2 0 0 0 29 0 11 24 0 0 0 0 0 19 0 0 0 0 0 12 36 0 2 0 9 5 49 0 0 0 20 0 0 0 0 0 0 1 0 0 0 0 0 0 0 0 0 0 0 0 0 0 0 0 0 0 0 0 0 0 0 0 0 0 0 0 0 0 0 0 0 0 0 7 2 3 2 12 0 0 0 0 0 0 0 0 0 0 0 0 0 0 0 0 0 0 0 0 0 0 0 0 29 18 11 0 0 0 0 0 0 0 0 0 0 0 11 
 241 130 229 154 196 322 28 31 46 168 0 156 27 33 448 469 194 233 22 97 74 0 0 6 2 32 0 0 0 0 3 2 34 0 0 0 0 3 75 2 13 15 0 0 0 0 0 0 0 0 2 0 0 0 1 0 0 2 0 0 0 0 0 0 0 0 2 0 2 0 0 0 0 0 1 0 1 0 0 0 0 0 9 0 0 6 0 0 19 0 5 19 16 0 1 0 1 21 0 0 20 0 2 0 0 0 34 0 0 1 0 0 2 20 0 0 0 1 8 32 0 0 0 0 0 0 0 0 0 0 0 10 2 0 0 0 0 0 0 0 0 0 0 0 0 0 0 0 0 0 0 0 0 0 0 0 2 0 0 0 0 10 0 27 8 0 0 13 0 0 10 0 1 11 0 0 0 13 0 2 15 0 0 0 0 0 22 0 0 0 0 0 0 16 0 0 0 0 0 1 0 0 0 0 0 10 0 0 0 0 1 0 0 0 0 0 0 0 0 0 0 6 0 0 0 0 0 0 0 7 2 0 0 0 0 0 0 0 22 0 0 13 0 0 0 0 4 0 0 88 13 3 1 21 0 0 0 0 0 0 0 0 14 0 0 0 0 0 0 0 0 0 0 0 0 0 25 0 0 0 0 0 0 0 0 0 0 0 0 0 
 142 47 296 167 156 62 349 24 246 54 156 0 243 314 84 106 176 250 140 307 0 0 2 0 3 3 0 2 0 0 0 0 4 0 3 0 5 3 0 34 0 0 3 0 9 0 0 0 0 0 0 0 0 2 2 0 0 3 0 0 0 0 0 3 1 0 0 0 0 3 0 0 0 0 0 0 0 0 0 0 40 16 0 43 0 71 0 54 14 14 17 30 0 11 12 19 30 57 0 0 19 0 0 0 0 0 11 0 0 0 0 0 0 20 0 16 10 21 10 2 0 0 1 0 0 0 0 0 0 2 0 0 0 0 0 0 0 0 0 0 0 0 0 19 13 2 0 2 0 0 0 0 0 0 0 0 0 0 0 0 0 14 0 3 34 16 19 12 0 0 9 26 11 33 19 44 56 10 0 0 0 0 0 0 0 0 41 15 0 0 0 0 8 45 1 1 0 0 19 31 0 0 0 0 0 0 0 0 0 0 0 0 0 0 0 0 21 0 0 0 0 0 0 0 0 0 0 15 0 0 0 0 0 0 0 0 0 0 0 0 0 0 0 0 0 0 13 2 2 12 0 13 0 0 0 0 2 0 0 0 0 0 0 0 0 0 0 0 0 0 0 0 0 0 0 10 1 1 0 0 0 0 0 0 0 0 0 0 0 0 
 259 231 154 128 44 33 150 181 215 298 27 243 0 318 139 44 168 28 260 70 0 2 0 0 1 3 0 2 0 0 0 0 3 0 0 0 8 3 0 0 0 0 2 0 3 0 0 0 0 9 0 0 0 2 2 0 0 75 0 62 0 0 0 3 0 0 0 0 0 3 0 0 0 0 0 0 0 0 0 0 28 1 27 21 0 0 5 0 24 31 25 0 47 16 13 10 0 0 13 44 0 0 0 0 0 0 0 0 0 0 0 0 0 0 4 0 0 13 0 0 0 0 0 0 0 0 0 14 0 0 0 0 0 0 0 0 0 0 0 0 0 0 0 0 0 0 0 0 0 0 0 0 0 0 0 0 0 0 0 0 31 20 43 0 1 0 21 29 55 43 14 0 60 13 16 26 16 31 54 50 0 0 0 0 0 0 0 0 0 0 0 0 0 0 0 0 0 0 0 0 0 0 0 18 0 0 0 0 0 0 0 0 0 0 0 0 0 0 0 0 0 0 0 0 0 0 0 0 0 0 0 0 0 0 0 0 0 0 0 0 0 0 0 0 0 0 2 0 0 111 0 3 0 0 0 0 0 0 0 0 0 0 0 0 0 0 0 0 0 0 0 0 0 0 0 0 0 0 0 0 0 0 0 0 0 0 0 0 0 0 
 290 157 145 170 85 36 139 379 155 149 33 314 318 0 279 67 260 83 321 102 0 0 0 0 2 3 0 2 2 1 0 2 2 0 3 2 3 3 0 2 0 0 3 0 3 2 0 0 0 2 0 7 0 0 2 0 0 3 0 0 0 0 0 3 0 0 0 0 0 3 0 0 0 0 0 0 0 0 0 0 31 11 27 10 0 0 24 0 43 54 3 0 9 0 1 16 12 0 22 1 0 1 5 0 0 0 2 0 0 0 0 0 2 0 0 0 0 0 0 0 0 0 0 0 0 0 0 0 0 0 0 0 2 0 0 0 13 0 0 0 0 0 0 0 0 3 0 0 0 0 0 0 0 0 0 0 0 0 15 0 30 28 17 0 19 0 15 10 26 15 0 11 28 2 24 14 19 0 1 31 0 0 0 0 0 0 0 0 0 0 0 0 0 0 0 0 0 0 1 0 0 0 0 0 0 0 0 0 0 0 1 0 0 0 0 0 0 0 0 0 14 0 0 0 0 0 0 1 0 0 2 0 0 0 0 0 0 0 0 0 0 0 0 0 0 2 2 0 0 109 0 7 0 0 0 0 0 0 0 0 0 0 0 0 0 0 0 0 0 0 0 0 0 0 0 0 0 0 0 0 0 0 0 0 0 0 0 0 0 0 
 504 320 159 86 525 157 63 83 227 220 448 84 139 279 0 233 356 144 262 485 0 0 0 0 2 3 1 2 0 0 0 0 2 0 3 0 3 3 0 1 0 0 2 0 3 0 0 0 0 0 0 0 0 1 2 0 0 4 0 0 0 0 0 3 0 0 0 0 0 3 0 0 0 0 30 0 1 0 0 0 26 0 31 1 0 0 0 0 53 32 0 0 3 22 10 0 22 0 0 7 1 1 2 0 0 0 0 0 0 0 0 0 0 18 0 0 0 0 0 0 0 0 0 0 1 0 0 0 0 0 0 0 2 0 0 0 0 0 0 0 0 0 0 20 0 9 2 0 0 0 0 0 0 0 0 0 2 0 0 0 0 1 22 0 0 0 0 47 23 15 29 5 28 10 20 0 0 11 32 13 0 0 0 0 0 0 0 0 0 0 0 0 13 1 0 0 0 0 0 0 0 0 0 2 0 0 0 0 0 0 1 0 0 0 0 0 0 0 0 0 0 0 0 0 0 0 0 0 0 3 1 0 0 0 0 0 0 0 20 0 0 0 0 0 2 1 0 0 3 1 1 2 0 0 0 0 0 0 0 0 0 0 0 0 0 0 0 0 0 0 0 0 0 0 0 0 0 0 0 0 0 0 0 0 0 0 0 0 0 0 
 438 184 76 47 83 175 322 50 180 259 469 106 44 67 233 0 173 300 158 304 0 0 0 0 1 3 74 4 0 0 30 0 77 0 1 0 9 5 8 0 0 0 3 0 2 0 0 0 0 0 0 0 63 2 2 2 0 6 0 0 0 0 0 3 0 0 0 0 2 2 0 1 0 0 0 0 0 0 0 0 0 1 46 26 1 14 0 14 0 9 12 31 13 22 49 15 6 35 0 35 13 0 0 0 0 0 28 0 0 0 0 0 0 0 0 0 0 11 7 60 0 0 0 0 0 0 0 0 0 0 0 0 0 0 0 0 0 0 0 0 0 0 0 0 0 0 0 0 0 0 0 0 0 0 0 0 0 0 0 0 0 25 0 21 0 0 12 10 0 14 29 0 12 31 7 12 0 17 14 8 0 0 0 0 0 0 13 0 0 10 0 32 7 13 0 0 0 0 0 0 0 0 0 26 0 0 0 0 0 0 0 0 0 0 0 0 0 0 0 0 0 0 0 0 0 0 0 0 0 0 0 0 0 0 0 0 0 0 17 0 0 0 0 0 0 2 1 0 3 0 0 2 18 16 2 0 0 0 2 0 0 0 0 0 0 0 5 2 0 0 0 0 0 0 10 0 14 0 0 0 0 0 0 0 0 0 0 0 0 0 
 56 218 183 123 201 269 28 32 325 229 194 176 168 260 356 173 0 334 156 31 1 5 2 7 3 3 0 2 0 5 2 0 81 0 1 3 9 6 0 1 0 5 4 3 5 0 4 0 3 69 0 0 5 3 5 2 0 10 63 0 0 34 9 3 0 0 0 2 1 7 0 0 0 2 0 0 0 0 0 5 1 0 0 24 4 1 0 0 8 7 12 21 17 0 0 0 10 5 0 10 10 0 0 0 0 0 22 0 0 0 0 0 0 17 0 0 0 21 0 29 0 0 0 0 0 8 0 0 0 0 0 10 0 0 0 0 0 0 1 0 0 0 2 0 0 7 0 0 0 0 0 0 0 2 0 0 0 0 0 0 1 1 0 16 0 14 0 0 0 0 14 28 0 13 12 0 10 24 0 0 20 0 0 0 0 0 9 0 0 0 0 0 0 16 1 0 0 0 16 7 0 0 0 20 0 0 0 0 0 0 0 0 0 0 0 0 0 0 0 0 0 0 0 0 0 0 0 0 0 0 0 0 0 0 0 0 2 0 0 12 0 14 0 0 0 2 50 0 4 2 20 2 10 0 2 0 0 0 0 0 1 0 18 0 0 0 0 0 3 0 0 0 0 2 1 0 0 0 0 0 0 0 0 0 0 1 0 0 0 0 
 106 56 184 297 419 68 45 126 338 567 233 250 28 83 144 300 334 0 47 277 0 74 0 2 0 3 0 4 0 0 1 0 65 1 3 1 3 5 0 0 0 0 21 0 3 0 0 0 3 0 64 0 0 5 2 0 0 3 36 0 0 0 0 3 0 0 1 2 0 6 0 0 0 0 0 0 0 0 0 0 14 11 1 18 10 32 0 0 3 8 17 17 8 40 0 8 40 38 0 0 29 0 0 0 0 0 38 2 0 0 1 0 0 11 0 0 3 7 12 11 0 0 0 0 0 0 0 0 0 0 0 0 0 0 40 0 0 0 2 0 0 0 0 0 0 0 12 0 0 0 0 0 0 0 0 0 14 0 0 0 14 3 0 34 0 39 0 2 0 0 0 44 0 0 17 0 43 8 0 0 0 0 2 10 0 0 37 13 0 30 0 0 27 45 1 0 0 0 10 43 0 1 0 0 0 0 0 0 0 0 0 0 0 0 0 0 0 2 0 0 0 0 0 0 0 0 0 0 0 0 0 0 0 2 0 0 0 0 0 0 0 0 0 0 0 6 86 1 85 89 0 7 0 6 2 0 0 0 0 0 0 0 0 0 0 0 0 0 0 0 0 0 0 0 0 0 5 15 0 0 0 0 0 0 0 0 0 0 0 0 
 300 348 91 199 130 64 235 66 218 110 22 140 260 321 262 158 156 47 0 388 0 0 0 0 2 3 0 2 0 0 0 2 1 0 3 29 3 3 0 3 0 0 3 0 3 0 0 0 3 0 0 0 0 3 2 97 0 6 0 0 0 0 2 3 0 0 1 6 0 5 0 0 0 0 0 0 0 0 0 0 5 13 1 25 1 0 26 0 11 36 6 0 16 45 14 43 0 0 9 12 0 7 0 0 0 0 0 10 0 0 0 0 0 0 0 0 0 0 0 10 0 0 0 0 0 0 0 0 0 0 0 0 0 0 0 0 0 0 0 0 0 0 0 0 1 12 0 0 0 1 0 0 0 0 0 0 0 0 2 0 40 5 29 0 22 0 27 14 34 11 0 0 17 6 28 27 24 7 0 32 0 0 0 0 0 0 0 0 0 2 0 0 0 0 1 0 0 0 0 0 0 0 0 29 0 0 0 0 0 1 0 2 0 0 0 0 0 0 0 0 0 0 0 0 0 0 0 0 0 0 0 0 0 0 0 0 0 0 0 0 0 0 0 0 0 0 0 0 2 96 0 8 0 0 0 0 0 0 0 0 0 0 0 0 0 0 0 0 0 0 0 0 0 0 0 0 0 0 0 0 0 0 0 0 0 0 0 0 0 0 
 323 452 109 164 100 62 431 34 280 332 97 307 70 102 485 304 31 277 388 0 0 1 1 2 1 3 0 2 0 0 2 0 2 3 3 0 5 3 201 0 0 0 3 0 3 0 0 0 0 0 0 0 0 2 2 0 0 4 0 0 0 0 0 3 2 0 0 0 0 3 0 0 0 0 0 0 0 0 0 0 8 0 1 0 20 0 19 10 0 26 17 0 24 40 17 44 1 0 13 0 0 0 0 0 0 0 0 2 0 0 1 0 0 0 0 0 0 0 0 0 0 0 0 0 0 0 0 0 0 0 0 0 0 0 0 0 4 2 0 0 0 0 0 0 10 0 0 0 0 0 0 0 0 0 0 0 0 0 0 2 32 43 0 0 0 0 18 11 22 10 0 0 18 55 14 0 17 13 15 23 0 0 2 0 0 0 0 0 22 0 0 0 0 0 0 0 0 0 10 0 0 2 0 0 0 0 0 0 0 0 0 2 0 0 0 0 0 0 0 2 0 0 0 0 0 0 0 0 0 0 0 0 0 0 0 0 0 0 0 2 0 2 0 0 0 0 2 1 0 98 1 9 0 0 0 0 0 0 0 0 0 0 0 0 0 0 0 0 0 0 0 0 0 0 0 0 0 0 0 0 0 0 0 0 0 0 0 0 0 0 
 0 0 0 74 35 122 0 0 0 0 74 0 0 0 0 0 1 0 0 0 0 365 61 43 40 49 402 36 31 101 52 122 93 83 182 47 116 152 95 274 0 0 0 0 0 0 0 0 2 3 0 1 0 5 0 0 0 3 0 0 0 0 0 2 0 0 3 0 0 3 0 0 0 0 3 0 0 0 0 3 0 0 1 0 29 0 0 0 0 0 0 1 2 0 0 0 0 0 0 0 13 92 25 18 25 0 0 14 23 3 8 0 12 16 26 0 0 0 28 6 0 0 0 0 2 0 0 0 0 1 0 0 0 1 0 0 0 0 0 0 0 10 0 0 0 0 0 0 0 0 0 0 4 0 0 0 9 0 0 1 0 0 0 0 3 0 0 0 0 0 0 0 0 17 0 2 0 0 0 0 23 0 21 0 20 8 0 20 3 0 15 21 1 0 12 1 1 17 0 18 0 0 0 0 0 0 0 0 0 0 0 0 0 1 0 0 0 0 10 12 0 0 0 0 0 0 0 0 0 0 0 2 0 0 0 0 0 0 0 0 0 0 0 0 0 0 0 0 0 0 0 0 0 0 5 1 0 52 0 0 1 1 0 0 0 0 0 0 0 0 0 0 0 0 0 9 0 0 0 4 0 0 0 0 0 0 0 0 0 0 
 0 0 0 0 19 73 2 0 0 2 0 0 2 0 0 0 5 74 0 1 365 0 252 290 100 16 208 347 169 187 127 112 124 141 73 61 303 29 204 232 0 0 0 0 63 0 0 1 2 3 0 0 6 4 0 0 0 4 26 0 0 0 4 2 0 0 3 0 0 3 0 0 0 0 3 0 7 0 5 2 0 0 0 0 11 0 0 0 0 0 2 0 0 0 0 0 1 1 0 0 33 46 1 17 0 2 0 41 13 0 0 15 13 19 2 0 14 17 10 0 0 0 0 0 0 2 0 0 0 0 0 0 0 0 0 0 0 0 0 0 0 6 0 0 0 0 0 0 0 0 0 4 1 0 0 0 4 0 0 0 0 15 0 0 0 0 1 0 2 0 0 5 0 0 0 0 0 0 0 0 22 33 36 4 32 9 14 85 12 20 21 10 0 0 14 20 0 25 1 0 10 0 0 8 0 0 20 15 0 0 0 0 1 0 0 0 0 0 0 9 0 0 0 0 0 0 0 0 0 0 0 0 0 0 0 0 0 0 0 0 0 0 0 0 0 0 0 0 0 0 0 0 0 0 18 0 1 1 2 9 20 0 0 0 0 0 0 0 0 0 0 0 0 0 0 0 0 2 0 22 0 0 0 0 0 0 0 0 0 0 
 0 0 0 0 1 6 0 0 6 0 0 2 0 0 0 0 2 0 0 1 61 252 0 524 153 107 58 162 134 183 66 256 73 170 146 65 67 270 43 54 0 3 0 0 0 0 2 1 2 6 0 0 4 10 1 0 0 6 64 8 0 1 9 2 0 6 4 0 0 8 2 0 4 0 4 0 2 0 14 2 0 2 0 0 0 7 0 0 0 0 8 0 0 2 0 0 0 0 0 0 0 33 13 14 16 13 0 6 0 0 15 17 0 11 34 48 30 17 0 0 1 0 17 0 0 0 0 9 0 0 0 0 3 13 4 1 0 0 27 10 0 0 0 0 0 2 0 0 0 0 0 0 0 0 0 2 0 2 0 0 0 12 0 0 1 0 0 0 0 0 0 0 0 0 0 0 0 0 0 0 0 41 10 71 12 4 0 1 16 25 22 16 0 0 12 11 0 20 0 3 36 0 7 0 0 0 21 16 9 0 1 2 39 0 7 0 0 0 22 15 0 0 0 3 10 0 0 0 0 0 0 0 0 0 0 2 0 0 0 0 0 0 0 0 0 0 0 0 1 0 0 0 0 0 7 0 4 4 0 0 12 0 0 0 0 0 0 0 0 0 0 0 0 0 0 0 0 0 0 0 0 0 0 0 0 11 0 0 0 0 
 0 0 0 5 0 0 0 6 5 0 6 0 0 0 0 0 7 2 0 2 43 290 524 0 273 297 185 312 333 126 171 232 65 174 152 152 575 942 165 141 24 62 0 0 0 0 0 3 2 5 4 3 88 3 0 0 0 4 0 40 2 3 0 2 0 1 3 0 0 3 37 0 0 6 3 0 0 0 0 2 0 0 0 0 0 0 0 0 0 0 0 0 0 0 0 0 0 0 0 0 0 27 14 20 0 18 0 9 36 0 16 28 17 0 23 21 16 25 0 0 0 0 14 0 0 0 10 14 19 9 0 0 15 10 38 20 0 9 15 28 9 0 8 0 0 0 0 0 0 0 0 2 0 0 0 0 7 0 0 0 0 0 0 0 0 0 0 0 0 0 0 0 0 6 0 0 0 0 0 0 0 18 0 13 21 8 0 0 0 61 37 9 0 0 12 16 0 1 0 0 63 1 6 0 0 0 7 2 0 11 12 0 17 16 0 0 0 29 23 27 0 0 0 0 0 0 0 0 0 0 0 0 0 0 0 0 0 0 0 0 0 0 0 0 0 0 0 0 0 0 0 0 0 0 14 2 3 3 2 3 3 17 0 0 0 0 18 0 0 0 0 0 0 0 0 0 2 0 0 0 0 11 0 0 0 0 0 0 0 0 
 2 1 2 4 1 2 2 8 1 80 2 3 1 2 2 1 3 0 2 1 40 100 153 273 0 215 27 224 55 98 73 60 287 174 60 138 52 334 279 95 2 0 1 0 2 2 74 1 5 5 0 4 36 4 65 63 63 7 62 2 0 5 2 44 2 1 5 2 0 5 0 51 2 3 3 2 55 0 1 3 0 0 0 0 0 1 0 21 0 0 0 0 0 0 0 0 0 0 0 0 0 17 1 14 10 35 0 18 11 0 14 14 0 0 14 29 25 16 0 0 0 0 0 0 0 0 10 4 19 2 0 0 0 12 0 1 0 40 16 13 0 0 7 0 0 0 0 0 0 0 0 0 0 1 0 0 0 0 0 0 0 2 1 0 0 0 0 4 0 0 0 2 0 1 0 0 0 2 0 0 0 13 0 15 0 27 0 0 20 8 11 12 0 0 0 9 0 0 0 0 7 23 0 46 0 0 25 22 0 9 18 0 42 10 0 15 0 19 13 1 0 0 0 1 0 0 1 0 0 0 0 0 0 0 0 0 0 8 0 0 0 0 0 0 0 0 0 0 1 1 0 0 0 2 12 2 3 7 6 2 4 0 0 0 1 0 1 0 0 0 0 0 0 0 0 0 0 1 0 0 0 0 0 0 2 6 0 0 0 0 
 3 3 3 3 3 3 3 6 3 3 32 3 3 3 3 3 3 3 3 3 49 16 107 297 215 0 11 331 36 74 68 44 28 45 55 49 282 112 27 43 70 128 0 0 0 5 146 142 66 133 0 0 67 3 18 31 32 6 30 0 0 4 0 2 0 0 3 0 0 3 0 0 0 0 3 0 0 0 0 2 19 0 0 0 0 0 0 0 0 0 0 0 0 0 16 0 0 0 0 0 0 12 0 10 0 9 0 10 15 0 0 1 0 0 15 11 12 0 0 0 21 28 10 40 0 0 40 10 13 32 12 0 21 9 32 22 0 24 12 19 0 0 0 0 0 0 0 0 0 0 0 0 0 1 0 0 1 0 1 0 0 0 0 0 0 0 0 0 0 0 0 0 0 2 0 0 0 0 0 0 0 0 0 0 0 27 0 0 0 16 0 0 0 0 0 0 0 0 0 0 0 8 0 30 0 0 19 35 62 27 30 15 8 28 7 9 27 1 0 32 0 0 0 0 0 0 0 0 0 0 0 0 0 0 0 0 0 0 1 0 0 0 0 0 0 0 0 0 0 0 0 0 0 0 7 0 0 0 1 0 0 2 0 0 0 0 0 0 0 0 0 0 0 0 0 0 0 0 0 0 0 0 1 0 15 7 0 19 0 0 
 0 0 0 0 0 78 0 0 2 61 0 0 0 0 1 74 0 0 0 0 402 208 58 185 27 11 0 155 275 45 158 90 444 245 253 65 240 42 221 243 0 0 0 0 0 0 0 2 3 3 8 7 1 4 0 0 0 3 0 0 0 0 0 2 0 2 2 0 0 2 0 0 0 0 3 0 0 0 1 2 0 0 7 8 1 0 0 0 0 0 18 20 2 0 0 0 0 7 0 0 6 0 21 13 0 0 12 54 14 9 17 14 21 1 7 0 1 22 10 20 0 0 0 0 2 0 0 0 0 0 0 0 0 1 0 0 0 0 0 0 4 7 0 0 0 0 0 0 0 0 0 0 0 0 0 0 5 0 0 1 0 0 0 10 13 0 0 0 0 5 8 0 0 0 0 2 0 0 0 0 24 47 13 0 9 0 24 30 17 1 54 14 10 7 42 21 24 15 0 13 0 0 0 0 0 0 0 0 0 2 0 0 0 0 0 0 0 0 0 0 0 0 0 0 0 0 0 0 0 0 0 2 0 0 0 0 0 0 0 0 0 0 0 0 0 0 0 0 0 0 0 0 0 0 8 1 0 0 0 2 2 22 0 0 0 0 0 0 0 0 0 0 0 0 0 7 0 0 0 15 0 9 0 0 0 0 0 0 0 0 
 2 2 2 3 3 2 2 2 2 3 0 2 2 2 2 4 2 4 2 2 36 347 162 312 224 331 155 0 220 49 130 119 91 595 215 270 47 420 281 308 0 0 2 0 0 0 2 2 3 3 0 3 0 5 0 0 3 17 74 0 0 0 3 5 0 0 2 0 56 3 3 0 0 2 5 0 0 0 3 2 0 0 0 0 0 0 1 0 0 0 22 0 0 0 0 0 0 17 0 0 0 32 1 18 10 17 9 24 9 8 16 28 2 8 44 32 11 49 0 0 1 0 0 0 0 0 0 0 0 0 0 0 0 1 0 2 0 0 8 0 3 6 0 0 0 2 0 0 0 0 0 0 0 0 0 0 5 2 0 0 0 8 0 0 2 0 0 0 0 0 0 0 0 0 0 0 0 0 0 0 10 44 18 24 3 8 22 16 14 62 26 26 0 0 24 26 17 12 0 0 10 0 0 0 0 0 0 28 0 0 0 0 42 0 0 0 0 0 10 9 0 0 0 0 0 0 12 0 0 0 0 0 0 0 0 0 0 0 0 0 0 0 0 0 0 1 0 0 0 0 0 0 0 0 54 2 1 1 0 1 0 21 0 0 0 2 0 0 0 0 0 2 0 0 0 0 0 0 0 8 0 10 0 0 0 0 0 0 0 0 
 0 3 0 0 0 78 0 0 0 0 0 0 0 2 0 0 0 0 0 0 31 169 134 333 55 36 275 220 0 298 109 112 116 155 236 125 407 153 276 75 3 5 0 0 0 0 0 6 3 3 0 0 0 7 0 0 0 3 1 0 0 0 8 2 0 0 0 0 0 2 0 0 0 0 3 0 11 0 5 2 0 0 0 0 22 0 0 0 0 0 13 0 0 0 0 0 0 0 0 0 0 11 14 14 0 0 5 8 0 14 18 28 25 19 12 1 24 45 7 7 0 0 0 0 0 0 0 0 0 0 0 0 0 0 0 0 0 0 0 0 50 2 20 0 0 0 0 0 0 0 0 0 0 0 0 0 7 0 0 0 0 0 0 0 1 0 0 0 0 4 0 0 0 0 0 0 0 0 0 0 0 55 29 0 8 0 1 3 23 12 52 9 7 71 52 4 25 10 0 1 0 0 1 0 0 0 0 0 0 0 0 0 0 0 0 0 0 0 0 9 0 0 0 0 0 0 0 0 0 0 0 0 0 0 0 0 0 0 0 0 0 0 0 0 0 2 0 0 0 0 0 0 0 0 5 1 0 0 0 0 0 6 0 0 0 0 0 0 0 0 0 13 0 0 0 0 0 0 0 6 0 3 0 0 0 0 0 0 0 0 
 0 0 0 2 5 0 0 2 0 0 0 0 0 1 0 0 5 0 0 0 101 187 183 126 98 74 45 49 298 0 126 106 79 116 554 81 169 204 112 155 0 0 0 0 0 63 0 1 2 3 0 0 7 5 0 0 0 3 0 0 0 1 5 2 0 0 3 0 0 3 0 0 0 0 4 0 0 0 5 2 0 0 0 0 0 0 0 0 0 0 0 0 0 0 0 0 0 0 0 0 18 20 23 2 8 1 28 26 43 1 10 0 0 11 39 0 32 13 0 9 0 0 0 0 9 0 0 18 0 0 0 0 0 19 0 0 0 0 0 10 0 0 0 0 0 0 0 0 13 0 0 0 0 0 0 6 0 0 0 0 0 0 0 0 0 0 0 0 0 0 1 0 0 8 2 0 0 0 0 0 0 12 32 18 36 10 10 0 13 11 14 28 0 0 12 0 14 26 2 0 0 0 2 0 0 0 10 0 0 0 0 0 14 0 0 0 0 0 10 41 0 0 0 0 0 0 0 0 0 0 0 0 0 0 0 0 0 0 0 0 0 0 0 0 0 0 0 0 0 0 0 0 0 0 11 1 0 87 0 0 2 0 0 0 0 0 0 0 0 0 0 0 0 0 0 0 0 0 0 0 0 0 0 0 0 0 0 0 0 0 
 0 0 0 3 0 2 0 0 0 0 3 0 0 0 0 30 2 1 0 2 52 127 66 171 73 68 158 130 109 126 0 233 75 133 370 82 242 181 25 87 19 0 0 3 2 62 0 1 4 3 0 1 82 5 0 0 0 3 10 3 0 0 0 2 0 0 3 4 0 3 33 0 0 3 5 1 0 0 0 2 0 0 1 0 0 0 0 0 0 0 0 0 0 0 0 0 0 0 0 0 1 10 15 14 0 0 10 12 44 5 16 24 12 0 34 0 0 70 0 6 9 0 0 0 0 0 10 10 31 11 0 0 0 30 8 0 0 18 25 3 13 56 0 0 0 0 5 0 0 0 0 0 0 0 0 0 6 0 0 0 0 0 0 0 0 0 0 0 0 8 0 0 2 2 0 0 0 0 0 1 4 39 25 0 19 1 10 23 0 13 33 44 0 0 13 59 15 8 0 0 15 0 0 0 2 0 6 0 0 13 22 0 0 8 0 0 0 11 0 15 0 0 0 0 0 0 0 0 0 0 0 0 0 0 0 0 0 0 0 0 0 0 0 0 0 0 0 0 0 0 0 1 0 0 7 0 3 1 43 0 2 13 0 0 0 0 0 0 0 0 0 0 0 0 0 0 0 0 0 32 0 12 0 0 0 0 0 0 0 0 
 0 0 0 0 0 0 0 0 1 0 2 0 0 2 0 0 0 0 2 0 122 112 256 232 60 44 90 119 112 106 233 0 40 182 259 30 108 108 103 304 71 0 0 59 0 0 0 1 2 5 0 0 20 4 0 0 0 5 61 11 0 0 0 2 0 0 3 2 0 51 0 0 0 6 3 2 0 0 0 2 0 0 0 0 0 0 0 1 0 0 0 0 0 0 0 0 0 0 0 0 5 13 0 2 1 19 10 0 12 5 15 52 12 0 54 13 0 11 0 0 13 0 0 0 0 0 0 29 31 13 11 0 10 44 0 0 0 12 1 2 6 7 0 0 0 0 1 0 0 0 0 0 0 0 0 0 4 0 0 0 2 3 0 0 0 8 0 0 0 0 0 0 2 0 0 0 0 0 0 1 6 7 9 13 8 7 15 12 7 24 30 20 0 0 12 18 17 0 0 0 28 0 0 0 1 0 25 14 1 0 0 0 16 1 0 0 0 1 19 0 0 0 0 0 0 0 0 0 0 0 0 0 0 1 0 0 0 0 0 0 0 0 2 0 0 0 0 0 0 0 0 0 0 0 2 0 2 75 116 4 6 12 0 0 0 0 10 0 0 0 0 0 0 0 0 0 0 0 0 29 0 52 0 0 0 0 0 0 0 0 
 1 2 3 1 88 8 2 2 78 29 34 4 3 2 2 77 81 65 1 2 93 124 73 65 287 28 444 91 116 79 75 40 0 66 113 127 142 111 294 186 22 22 0 0 0 0 0 2 3 3 7 0 0 5 21 0 0 5 0 0 0 0 3 2 0 1 2 0 0 3 0 0 0 0 3 0 0 0 0 2 0 7 19 10 16 9 0 0 0 0 14 8 0 11 0 0 13 10 0 0 18 0 18 21 0 0 0 19 20 0 0 1 0 1 0 0 14 17 27 20 0 0 0 0 0 0 0 0 0 0 9 0 0 0 0 0 0 0 0 0 0 0 0 0 0 0 0 0 0 0 0 9 0 0 0 0 8 0 0 0 0 0 0 23 0 16 0 0 0 0 0 9 0 8 0 1 50 5 0 0 24 13 11 0 11 1 21 1 11 0 13 0 32 48 0 0 15 19 0 35 0 0 0 0 0 0 0 0 0 0 0 0 0 0 0 0 0 0 0 15 0 0 0 0 0 0 0 0 0 0 0 0 0 0 0 26 0 0 0 0 0 0 0 0 0 0 2 0 0 0 0 0 0 0 3 0 0 0 0 2 5 0 0 0 0 0 0 0 0 0 0 0 0 0 0 9 0 0 0 1 0 0 0 0 0 0 0 0 0 0 
 0 0 0 0 40 80 0 6 3 2 0 0 0 0 0 0 0 1 0 3 83 141 170 174 174 45 245 595 155 116 133 182 66 0 517 151 62 330 172 124 0 5 64 0 4 0 0 4 2 3 0 0 0 8 2 3 2 3 0 2 0 1 0 2 0 0 3 0 0 3 0 0 0 5 12 0 0 0 0 2 0 0 0 0 13 11 0 0 0 0 25 0 0 0 0 0 0 0 0 0 0 11 30 11 11 12 14 24 9 35 48 21 22 1 38 1 60 47 20 8 0 0 0 0 0 0 0 0 0 14 0 0 0 0 0 0 0 9 0 0 3 3 2 0 0 0 0 0 0 0 0 0 0 17 0 0 7 0 0 0 0 0 0 0 22 0 0 0 0 32 0 0 0 0 0 0 0 0 0 0 7 46 2 18 21 1 0 13 43 44 24 11 0 0 23 43 33 1 12 2 0 0 0 0 0 0 0 0 0 0 0 0 0 0 0 0 0 0 16 0 0 0 0 0 2 0 3 0 0 0 8 0 0 5 0 0 0 0 11 0 0 0 0 0 0 0 0 0 0 0 0 0 1 2 9 0 0 1 0 2 0 14 0 0 0 0 0 0 0 0 0 0 0 0 0 0 0 0 0 18 0 0 0 0 0 0 0 0 0 0 
 3 2 2 0 77 4 3 8 5 3 0 3 0 3 3 1 1 3 3 3 182 73 146 152 60 55 253 215 236 554 370 259 113 517 0 311 134 389 159 522 2 4 1 0 3 0 1 2 3 4 0 0 4 4 3 1 2 5 0 0 0 0 0 2 0 0 2 0 6 5 0 2 0 6 18 0 0 0 0 2 0 0 0 0 0 7 0 0 0 1 1 0 0 0 0 2 0 0 0 0 12 0 9 0 5 0 10 0 8 36 43 27 18 0 43 0 0 38 12 9 0 0 0 0 0 0 0 0 0 0 0 0 0 0 0 0 0 0 23 0 6 7 0 0 0 0 0 0 0 0 0 0 0 0 0 0 4 0 0 0 0 0 0 0 14 0 0 0 0 1 0 0 0 0 0 0 0 0 0 0 0 20 37 41 34 9 34 28 8 28 61 22 0 0 30 12 30 66 21 0 0 0 0 0 0 0 1 0 0 0 0 0 0 0 0 0 0 0 1 0 0 0 0 0 0 0 0 0 0 0 0 0 0 0 0 0 0 0 0 0 0 0 0 0 0 0 0 0 0 0 0 0 0 0 12 0 2 75 0 2 4 12 0 0 0 0 0 0 0 0 0 0 0 0 0 0 0 0 0 0 0 19 0 0 0 0 0 0 0 0 
 3 0 2 0 34 121 0 0 0 0 0 0 0 2 0 0 3 1 29 0 47 61 65 152 138 49 65 270 125 81 82 30 127 151 311 0 133 128 141 284 0 0 0 0 0 0 0 1 2 3 0 2 0 4 2 0 0 3 0 0 0 0 0 2 0 0 3 0 0 3 0 0 0 0 11 0 0 0 0 2 0 0 0 1 22 4 0 0 0 0 16 1 0 0 0 0 0 0 0 0 0 17 50 0 10 14 0 0 12 52 23 12 27 0 0 33 41 11 18 8 0 0 0 0 0 0 0 1 0 0 0 0 0 12 0 0 0 0 0 11 3 0 31 0 0 0 0 0 2 0 0 0 0 0 0 0 0 1 0 0 0 0 2 2 25 0 0 0 0 15 0 1 0 0 0 0 1 0 0 0 3 40 2 23 3 0 1 4 61 18 23 3 3 13 25 17 30 1 11 0 0 0 0 0 0 0 7 0 0 0 0 0 39 0 0 0 0 0 11 0 0 2 0 0 0 0 0 0 0 0 0 0 0 0 0 0 0 0 0 0 0 0 0 0 0 0 0 0 0 1 0 0 0 0 5 0 2 1 0 0 0 0 0 0 0 0 0 0 0 0 0 0 0 0 0 0 0 0 0 0 0 0 0 0 1 0 0 0 0 0 
 3 3 3 5 76 22 3 9 3 3 0 5 8 3 3 9 9 3 3 5 116 303 67 575 52 282 240 47 407 169 242 108 142 62 134 133 0 619 92 124 0 0 0 0 0 61 0 5 2 3 0 0 0 4 0 0 0 3 0 0 0 0 5 2 0 0 3 0 0 3 0 0 0 0 4 0 0 0 5 2 0 11 0 0 20 0 0 32 0 0 1 0 0 0 0 0 2 2 0 0 12 28 54 22 0 0 7 8 14 33 15 1 16 22 15 29 6 13 14 6 0 0 0 0 0 0 0 0 0 0 0 0 0 0 0 0 0 0 0 0 0 11 0 0 0 0 0 2 0 0 0 0 0 0 0 0 6 0 0 0 0 0 0 0 0 0 2 0 1 0 0 0 0 2 0 0 0 0 0 0 10 13 77 0 23 0 10 0 15 0 21 26 18 9 19 9 21 46 1 0 22 0 0 0 0 0 0 2 0 0 0 0 22 0 0 0 0 0 13 30 0 0 0 0 0 0 0 0 0 0 0 0 0 0 0 0 0 0 2 0 0 0 11 0 0 0 0 0 0 0 0 0 0 0 10 2 1 3 0 0 4 0 0 0 0 0 0 0 0 0 0 0 0 0 0 0 0 1 0 0 0 15 0 0 0 0 0 0 0 0 
 3 3 3 3 3 3 3 7 3 5 3 3 3 3 3 5 6 5 3 3 152 29 270 942 334 112 42 420 153 204 181 108 111 330 389 128 619 0 32 314 0 0 0 0 0 3 0 5 2 3 0 1 0 5 0 0 0 5 0 0 0 0 28 2 0 0 3 0 0 3 0 0 0 0 3 0 31 0 7 2 0 0 0 0 0 0 2 0 0 0 0 0 0 0 0 0 0 0 0 0 0 30 30 27 27 14 13 0 23 8 46 18 6 19 18 27 3 55 0 0 1 0 0 0 0 0 0 0 0 0 0 0 0 0 0 2 0 2 29 0 5 6 0 0 0 0 0 18 0 0 0 0 0 0 0 0 5 0 0 0 0 2 0 0 0 0 0 0 24 0 2 0 0 6 0 0 0 0 0 0 0 42 50 30 19 0 30 0 0 11 24 37 0 0 34 60 17 42 0 0 20 0 0 0 0 19 1 0 0 0 0 0 21 0 13 0 0 14 19 39 0 0 0 0 0 0 0 0 0 0 2 0 0 0 0 0 0 0 0 0 0 0 0 0 0 0 0 0 0 0 0 0 0 0 9 0 0 1 2 0 4 20 0 0 0 0 0 0 0 0 0 2 0 0 0 0 0 0 0 0 0 59 9 0 0 10 0 0 0 0 
 0 0 0 0 72 60 0 80 0 73 75 0 0 0 0 8 0 0 0 201 95 204 43 165 279 27 221 281 276 112 25 103 294 172 159 141 92 32 0 174 0 0 0 0 0 0 68 1 2 3 0 0 2 4 0 0 0 5 0 62 0 0 0 2 0 1 3 0 0 3 0 0 0 0 3 0 0 0 0 2 0 1 12 12 4 0 0 0 0 0 20 8 0 0 0 0 0 9 0 0 30 12 7 17 0 0 75 20 12 38 25 0 25 12 10 14 39 1 19 13 0 0 0 0 0 0 0 0 0 0 0 0 0 0 0 0 0 0 0 0 0 10 0 0 0 0 0 0 0 0 0 0 0 0 0 0 8 15 0 0 0 0 0 11 14 0 0 0 0 36 12 0 0 14 0 0 0 0 0 0 27 24 28 0 10 0 31 1 31 28 2 11 11 71 25 30 59 0 0 4 0 0 0 0 0 0 0 0 0 0 0 0 0 0 0 0 0 0 0 0 0 0 0 0 0 0 0 0 0 0 0 0 0 0 0 0 0 0 0 0 0 0 0 0 0 0 0 0 0 0 0 0 13 1 12 0 0 0 0 2 2 0 0 0 0 0 0 0 0 0 0 0 0 0 50 0 0 0 0 0 0 11 0 0 0 0 0 0 0 0 
 0 0 0 0 10 78 1 6 0 76 2 34 0 2 1 0 1 0 3 0 274 232 54 141 95 43 243 308 75 155 87 304 186 124 522 284 124 314 174 0 0 0 0 0 0 0 0 2 3 3 0 2 3 5 0 1 202 3 0 0 60 0 0 2 0 0 1 0 0 2 0 0 0 0 3 0 2 0 0 2 0 0 14 15 12 0 0 0 0 0 0 33 0 0 0 0 0 0 0 0 23 26 14 33 0 0 0 66 51 1 2 0 15 26 17 3 13 21 12 6 0 0 0 0 0 0 0 0 0 0 0 0 0 0 0 0 0 0 0 0 0 13 0 18 0 0 0 0 7 0 14 0 1 0 0 0 9 0 0 0 0 0 0 0 32 0 0 0 0 0 0 0 0 4 0 0 0 0 2 0 35 20 15 0 11 1 0 17 2 0 37 9 6 12 6 18 1 34 0 11 2 0 0 0 0 0 0 0 0 0 0 0 0 0 0 0 50 0 0 11 0 0 0 0 0 0 0 0 0 0 0 0 0 0 0 0 0 0 0 0 0 0 0 0 0 0 0 0 0 0 0 0 0 0 5 1 0 1 0 2 2 0 0 0 0 0 0 0 0 0 0 0 0 0 2 9 0 0 0 17 0 0 0 0 0 0 0 0 0 0 
 0 0 0 0 0 0 4 0 3 0 13 0 0 0 0 0 0 0 0 0 0 0 0 24 2 70 0 0 3 0 19 71 22 0 2 0 0 0 0 0 0 84 200 134 58 526 118 108 38 56 101 35 172 108 153 98 115 50 47 252 0 0 0 203 0 0 0 0 0 0 0 0 0 5 0 0 0 0 0 0 0 0 0 0 0 0 0 0 14 0 0 0 0 0 0 0 0 0 0 0 0 0 0 0 0 7 0 0 0 0 0 0 0 0 0 1 0 0 0 0 27 0 8 12 15 0 29 35 15 15 54 6 31 8 23 5 29 20 20 21 0 0 0 0 0 0 5 0 0 0 0 0 0 0 0 0 0 9 6 0 2 0 0 9 0 0 0 0 0 0 0 0 0 0 0 9 4 0 0 0 0 0 0 0 0 0 0 0 0 0 45 0 0 0 0 0 0 0 0 0 33 48 11 27 8 14 0 18 73 16 45 7 0 33 4 28 11 21 16 0 1 0 7 0 0 0 0 0 14 11 11 0 0 0 0 0 0 0 1 0 0 0 0 0 0 0 0 0 0 0 0 7 0 0 0 0 0 0 0 0 0 0 0 0 2 2 1 0 1 0 0 0 0 0 0 0 0 0 0 0 0 0 14 0 50 0 0 7 0 0 
 0 6 0 3 1 0 8 0 0 0 15 0 0 0 0 0 5 0 0 0 0 0 3 62 0 128 0 0 5 0 0 0 22 5 4 0 0 0 0 0 84 0 78 138 38 82 285 253 345 109 28 96 123 289 181 385 106 42 20 127 0 13 0 0 0 25 0 0 0 0 0 2 0 0 46 204 0 0 0 0 0 0 0 0 0 0 0 0 0 0 0 0 0 0 0 2 0 0 0 0 0 0 0 0 0 92 0 0 0 0 0 13 0 0 0 0 0 0 0 0 10 0 4 10 0 0 8 13 35 31 16 0 0 0 20 25 12 16 15 10 0 0 0 1 0 0 5 0 0 0 0 0 0 0 0 0 0 0 12 0 0 0 0 0 0 0 0 0 0 0 0 21 0 0 0 0 0 6 2 0 0 0 0 0 1 15 0 0 0 1 0 0 0 0 0 0 0 0 0 0 0 19 45 10 0 11 6 19 27 8 0 2 14 38 0 29 36 1 0 0 0 0 0 0 0 0 0 0 0 0 0 0 0 0 0 0 0 0 1 17 0 0 0 0 0 0 0 0 0 0 0 10 0 0 1 0 0 0 0 0 0 0 0 0 0 0 1 65 2 0 0 0 0 0 0 0 0 0 0 0 0 0 0 0 11 0 0 0 0 0 
 3 3 58 3 3 3 3 31 3 3 0 3 2 3 2 3 4 21 3 3 0 0 0 0 1 0 0 2 0 0 0 0 0 64 1 0 0 0 0 0 200 78 0 243 39 124 69 365 374 74 335 98 335 85 191 175 87 218 40 39 0 0 0 3 0 0 0 0 5 4 0 2 3 3 0 0 1 1 0 0 0 0 0 0 0 0 0 0 0 0 0 5 0 0 0 0 0 0 0 0 0 0 0 0 1 0 0 0 0 0 0 17 0 0 0 0 0 0 0 0 5 8 17 23 19 6 0 9 0 0 3 9 17 0 0 7 25 0 0 2 9 2 7 0 0 0 7 10 0 11 0 0 19 10 0 0 2 0 7 0 6 0 0 4 0 0 0 0 0 0 0 0 0 0 0 0 3 0 0 0 0 0 0 0 0 0 1 0 0 0 0 0 0 0 0 0 0 0 0 0 0 38 4 0 1 20 0 8 8 1 22 17 0 12 0 18 16 11 4 0 1 6 11 10 0 0 16 2 0 0 0 0 9 4 14 0 2 0 29 4 0 0 0 0 0 0 0 0 0 0 0 5 0 2 0 0 0 0 1 1 0 0 37 0 0 9 0 0 2 0 0 0 0 0 0 0 0 0 0 0 0 0 0 0 0 0 0 0 1 0 
 0 0 0 0 0 0 65 0 0 33 0 0 0 0 0 0 3 0 0 0 0 0 0 0 0 0 0 0 0 0 3 59 0 0 0 0 0 0 0 0 134 138 243 0 72 411 105 205 238 108 102 112 68 88 146 50 60 105 303 117 31 4 6 0 0 0 24 11 0 0 7 0 74 1 4 59 0 6 70 59 0 0 0 0 0 0 0 0 0 0 0 0 0 0 0 0 0 0 0 0 0 0 0 0 0 0 0 0 0 0 0 0 0 0 0 0 0 0 0 0 0 0 10 74 14 0 8 28 20 7 8 9 0 0 0 10 11 11 0 0 19 1 3 0 11 0 30 0 1 24 13 1 8 20 0 0 0 12 7 20 0 0 0 0 0 0 0 0 0 0 0 4 0 0 0 0 0 0 0 0 0 0 0 0 0 0 0 0 0 0 0 0 4 0 0 0 0 0 0 0 0 23 10 0 0 21 0 31 11 0 11 31 0 12 0 33 9 9 0 0 7 16 24 7 0 0 34 48 0 0 0 0 7 1 18 0 9 11 9 0 0 0 0 0 0 0 0 0 0 0 0 12 0 0 0 0 0 0 1 1 0 0 0 0 0 9 2 0 0 0 63 0 0 0 0 0 0 0 0 0 0 1 0 0 4 0 0 0 2 0 
 3 3 3 5 4 12 3 11 6 3 0 9 3 3 3 2 5 3 3 3 0 63 0 0 2 0 0 0 0 0 2 0 0 4 3 0 0 0 0 0 58 38 39 72 0 169 136 121 86 142 92 262 82 383 338 113 74 31 44 69 49 50 0 0 0 0 0 0 55 4 0 0 50 48 2 0 0 50 0 0 4 1 0 7 0 1 0 5 20 0 0 0 0 21 0 0 0 4 0 0 0 0 0 3 0 0 0 0 0 0 0 0 0 0 0 0 0 0 1 0 0 23 7 0 11 1 0 0 0 0 4 11 7 0 0 0 14 0 0 0 0 0 12 0 0 0 0 0 0 1 0 0 8 4 10 0 1 0 0 33 0 0 0 0 0 25 0 0 6 7 0 1 0 0 0 5 0 6 3 5 0 0 0 0 0 0 0 0 0 0 0 0 14 0 0 0 0 0 2 1 0 0 0 0 10 0 0 0 0 1 0 0 0 0 46 0 2 4 0 0 0 0 11 35 0 0 4 0 0 0 12 16 10 20 33 0 9 1 14 8 0 0 27 0 0 0 8 0 0 0 0 4 0 0 0 0 0 0 0 13 0 0 0 2 0 0 2 65 2 0 0 0 0 0 0 0 0 0 0 0 0 0 0 0 0 0 0 0 0 0 
 0 0 0 4 0 4 0 0 2 3 0 0 0 2 0 0 0 0 0 0 0 0 0 0 2 5 0 0 0 63 62 0 0 0 0 0 61 3 0 0 526 82 124 411 169 0 31 29 103 298 135 121 51 97 85 166 138 130 37 134 0 0 0 0 49 0 59 0 0 0 0 0 53 1 0 0 0 0 75 39 0 16 0 0 0 0 0 0 0 0 0 0 0 0 0 0 0 0 0 0 0 0 0 0 0 0 0 0 0 0 0 0 0 0 0 0 0 0 0 0 0 0 9 7 4 13 0 3 0 0 0 58 8 0 11 10 16 0 0 3 0 0 0 0 0 0 0 8 0 0 0 0 13 19 26 0 11 13 2 0 10 0 0 0 0 3 0 0 0 0 0 1 0 0 0 0 0 1 1 0 0 0 0 0 0 3 0 0 0 0 0 0 0 0 0 14 0 0 0 0 0 19 0 0 23 8 0 13 6 16 26 5 0 17 25 1 19 11 0 0 10 1 20 1 0 0 22 0 0 0 0 0 27 0 2 10 20 0 0 7 0 0 0 0 0 0 0 0 0 0 0 15 0 0 0 0 0 0 0 10 0 0 0 4 0 0 2 0 0 0 15 0 0 0 0 0 0 0 0 0 0 0 7 0 0 0 0 0 0 0 
 0 0 0 0 2 0 0 33 3 0 0 0 0 0 0 0 4 0 0 0 0 0 2 0 74 146 0 2 0 0 0 0 0 0 1 0 0 0 68 0 118 285 69 105 136 31 0 245 161 34 38 40 142 370 39 77 296 245 130 29 0 2 0 0 0 0 0 0 0 0 0 0 0 62 0 0 0 0 0 0 0 0 0 0 0 0 0 0 0 0 0 0 0 0 0 0 0 0 0 0 31 0 1 0 0 12 1 0 0 5 0 0 0 0 0 0 0 0 0 0 26 0 32 52 0 0 1 10 17 17 20 0 7 0 10 27 0 26 0 8 0 0 0 0 0 0 6 0 0 0 0 0 0 4 0 0 19 0 0 0 0 0 0 0 0 0 0 0 0 0 0 3 0 0 0 0 0 0 0 0 0 0 0 0 0 6 0 0 0 0 0 0 0 0 0 0 0 0 0 0 0 6 10 29 0 10 11 9 12 9 12 17 16 10 0 6 55 10 0 7 0 0 0 0 0 0 0 0 0 0 0 0 0 0 0 0 0 0 21 0 0 0 0 0 0 0 0 0 0 0 0 7 0 0 0 0 0 0 0 1 0 0 2 0 0 7 0 1 0 0 0 0 0 0 0 0 0 0 0 0 0 0 0 0 13 8 0 1 2 0 
 0 0 0 0 0 0 37 1 0 0 0 0 0 0 0 0 0 0 0 0 0 1 1 3 1 142 2 2 6 1 1 1 2 4 2 1 5 5 1 2 108 253 365 205 121 29 245 0 208 123 263 36 339 475 137 368 184 130 124 225 0 19 0 0 0 0 21 0 0 0 0 0 0 0 0 21 0 0 3 0 0 0 0 0 0 0 0 0 0 0 0 0 0 0 0 0 0 0 0 0 0 3 5 7 1 0 0 0 0 3 0 0 0 0 0 3 0 0 0 0 43 24 19 16 21 15 9 9 18 16 0 32 10 8 13 9 21 22 0 2 0 0 0 0 0 0 0 0 0 0 0 0 0 0 0 0 1 4 4 0 0 0 0 0 13 0 0 0 0 0 0 3 0 0 0 0 1 7 3 7 0 0 0 0 0 24 0 0 1 0 4 0 0 0 0 0 0 5 0 0 3 20 9 7 7 15 0 20 2 31 0 23 11 0 0 31 3 14 4 22 0 0 21 0 0 0 0 0 0 0 0 0 14 0 0 0 0 0 0 14 0 0 3 0 0 0 0 0 0 0 0 7 0 0 0 0 0 0 0 1 0 0 67 0 0 1 2 66 0 0 0 0 0 0 0 0 0 0 0 0 0 4 0 0 0 0 0 44 0 0 
 7 0 0 0 0 0 0 0 0 0 0 0 0 0 0 0 3 3 3 0 2 2 2 2 5 66 3 3 3 2 4 2 3 2 3 2 2 2 2 3 38 345 374 238 86 103 161 208 0 196 44 133 115 207 168 143 51 44 75 98 0 0 0 0 2 0 0 0 0 0 3 2 0 0 0 206 2 3 0 0 0 0 0 0 0 0 0 0 8 0 0 0 0 0 0 0 0 0 0 0 0 0 0 0 0 0 0 0 0 0 0 0 0 0 0 0 0 0 0 0 6 18 55 2 1 0 0 3 2 12 28 0 0 0 0 10 40 34 0 0 0 0 0 0 0 0 1 0 0 0 0 0 0 6 0 0 1 0 15 12 0 0 0 0 0 0 0 0 0 0 0 7 0 0 0 0 0 6 4 0 0 0 0 0 0 0 9 0 0 0 0 0 0 0 0 0 0 0 0 0 18 20 11 18 0 44 0 31 21 0 31 1 0 0 11 17 39 8 0 0 49 1 0 0 0 0 2 0 0 0 0 13 0 0 1 0 0 0 24 15 0 0 11 0 0 0 0 0 0 0 0 10 0 0 0 0 0 0 0 0 0 0 2 0 0 3 1 0 0 0 0 0 0 0 0 0 0 0 0 0 0 0 0 0 21 0 0 0 0 11 
 63 1 5 0 0 0 0 5 3 8 0 0 9 2 0 0 69 0 0 0 3 3 6 5 5 133 3 3 3 3 3 5 3 3 4 3 3 3 3 3 56 109 74 108 142 298 34 123 196 0 74 52 105 292 96 111 96 43 153 83 0 0 0 0 0 0 0 0 0 0 0 0 0 0 0 0 0 2 0 0 2 1 3 4 0 0 0 2 5 0 0 0 0 0 0 0 0 1 0 0 0 0 0 0 0 0 0 0 0 0 0 22 0 0 0 0 0 0 0 0 13 15 48 0 0 0 3 9 10 65 35 0 59 4 0 24 47 30 0 0 4 0 0 0 0 0 0 0 0 0 0 0 14 4 0 0 1 0 5 12 0 5 0 0 0 0 0 1 26 3 0 2 1 0 0 0 0 5 7 8 0 0 0 0 0 0 0 1 0 0 0 0 2 0 0 0 0 0 3 0 19 0 17 16 0 64 0 2 5 1 11 13 0 0 14 1 62 7 0 2 0 0 20 0 0 0 0 0 0 2 0 10 0 0 0 0 0 0 24 14 0 0 12 0 0 0 0 0 0 0 0 2 0 1 0 0 0 0 0 1 0 0 3 0 1 3 2 65 0 0 0 0 0 0 0 0 0 0 0 0 0 0 0 0 30 0 0 14 2 0 
 0 0 0 3 0 0 0 1 0 5 2 0 0 0 0 0 0 64 0 0 0 0 0 4 0 0 8 0 0 0 0 0 7 0 0 0 0 0 0 0 101 28 335 102 92 135 38 263 44 74 0 137 43 84 113 105 154 154 19 55 0 0 3 0 0 2 17 0 0 0 0 0 54 18 0 0 0 0 51 49 0 0 0 0 0 0 0 0 0 0 0 0 0 0 0 0 0 0 0 0 0 1 0 0 0 0 0 0 0 0 0 0 0 0 0 0 0 0 0 0 19 0 0 28 20 10 0 0 0 0 1 10 22 0 0 0 0 0 0 3 15 1 14 0 0 0 29 14 0 22 0 11 14 28 1 0 6 1 7 0 1 0 0 6 0 0 0 0 0 0 0 3 0 0 0 0 3 0 0 0 0 0 0 16 0 0 0 0 0 0 0 0 0 0 0 0 0 0 0 0 0 13 0 0 13 27 0 0 3 0 0 9 0 32 0 12 0 10 1 0 16 43 4 3 0 0 60 0 0 22 0 0 7 1 2 1 0 0 16 0 0 0 0 0 0 0 0 0 0 0 0 13 0 0 0 0 0 0 0 9 0 0 0 0 64 7 0 0 2 0 6 0 0 0 0 0 0 0 0 0 0 0 0 0 0 12 0 0 0 0 
 0 0 0 3 0 0 0 2 2 0 0 0 0 7 0 0 0 0 0 0 1 0 0 3 4 0 7 3 0 0 1 0 0 0 0 2 0 1 0 2 35 96 98 112 262 121 40 36 133 52 137 0 66 125 32 626 283 277 26 50 3 2 3 6 10 6 25 0 0 0 0 0 51 0 3 0 0 21 54 52 0 0 0 0 0 0 0 0 0 0 0 0 0 0 0 0 0 0 7 0 0 0 0 0 0 0 0 0 0 0 0 0 0 0 0 0 0 0 0 0 0 30 21 11 0 0 0 12 12 17 16 0 5 0 0 12 23 9 0 0 0 1 0 0 0 0 10 0 0 0 0 0 0 0 0 0 0 1 3 19 0 0 0 7 0 0 0 0 0 0 0 12 0 0 0 0 20 0 0 0 0 0 0 0 0 0 0 0 0 0 0 0 0 0 0 0 0 0 0 0 18 55 16 7 0 81 0 5 4 32 35 7 0 18 18 9 13 19 0 0 18 28 0 0 0 0 1 0 0 0 0 17 1 1 0 0 0 0 28 2 0 0 14 0 0 0 0 0 0 0 0 10 63 0 0 0 0 0 0 14 0 0 2 1 2 7 2 0 2 0 8 0 0 0 0 0 0 0 0 0 0 0 0 0 21 15 0 0 0 0 
 0 0 0 0 0 0 0 3 3 0 0 0 0 0 0 63 5 0 0 0 0 6 4 88 36 67 1 0 0 7 82 20 0 0 4 0 0 0 2 3 172 123 335 68 82 51 142 339 115 105 43 66 0 99 33 56 42 37 79 122 0 0 0 245 0 0 0 0 0 0 3 2 0 5 0 0 45 6 0 2 0 0 0 0 0 0 0 0 0 0 0 0 0 0 0 0 0 0 0 0 6 1 0 0 42 44 3 10 23 0 0 11 3 0 3 0 0 0 0 0 6 14 33 0 0 0 0 10 7 25 12 0 6 42 16 32 0 28 3 10 0 0 0 0 0 0 0 0 0 0 0 0 0 4 0 0 1 0 0 0 4 10 0 0 0 0 0 0 7 0 0 0 0 0 0 5 0 0 0 0 0 1 2 0 14 19 2 2 6 3 10 12 0 0 0 0 0 0 0 0 6 0 7 10 0 0 6 7 5 8 21 0 11 7 8 0 36 0 13 0 0 0 0 0 0 0 0 0 0 0 0 0 0 0 0 7 0 0 12 0 0 0 0 0 0 0 0 0 0 0 0 7 0 0 0 0 0 0 66 2 0 0 2 0 0 0 6 0 1 0 0 0 0 0 0 0 0 0 0 0 0 0 0 0 13 0 0 0 2 0 
 34 2 0 2 0 0 1 1 0 2 0 2 2 0 1 2 3 5 3 2 5 4 10 3 4 3 4 5 7 5 5 4 5 8 4 4 4 5 4 5 108 289 85 88 383 97 370 475 207 292 84 125 99 0 244 147 36 88 289 359 0 0 6 0 0 0 1 0 0 0 0 0 0 0 0 0 212 8 0 1 4 0 0 0 0 31 0 7 0 0 0 0 0 0 0 0 0 0 0 0 0 0 0 0 0 0 0 0 0 0 0 0 0 0 0 0 0 0 0 0 6 6 18 29 29 0 0 0 0 0 17 1 10 0 0 9 14 0 0 0 0 0 0 59 0 2 7 0 0 0 1 4 0 2 0 0 1 0 0 6 0 0 0 3 0 0 0 0 0 0 0 0 0 0 0 0 0 15 0 0 0 0 0 0 0 0 0 0 0 0 0 0 0 0 0 0 0 0 0 0 0 11 12 0 0 0 0 0 0 4 8 22 0 9 7 8 10 10 0 0 10 0 0 9 3 4 0 0 12 5 0 7 0 0 0 9 0 0 30 0 0 0 7 0 0 0 0 0 0 0 0 2 0 0 0 0 0 2 0 0 0 0 39 0 2 9 23 1 0 0 4 15 0 0 0 0 0 0 0 0 0 0 0 0 0 0 0 0 1 0 
 9 2 2 2 2 2 2 3 4 2 1 2 2 2 2 2 5 2 2 2 0 0 1 0 65 18 0 0 0 0 0 0 21 2 3 2 0 0 0 0 153 181 191 146 338 85 39 137 168 96 113 32 33 244 0 420 139 54 54 138 0 206 0 0 0 1 0 0 0 0 0 0 0 0 0 0 0 0 0 0 0 0 0 0 0 0 0 0 0 0 0 0 0 0 0 0 0 0 0 0 0 0 0 0 22 19 0 0 0 0 0 1 0 0 0 0 0 0 0 0 21 14 0 1 0 0 1 1 1 0 8 0 29 0 21 10 20 0 24 12 0 0 0 15 0 0 0 6 0 0 0 0 0 0 0 1 0 0 8 0 0 0 0 3 0 0 0 0 0 0 0 0 0 0 0 0 2 0 0 0 0 0 0 0 0 24 0 3 0 0 0 0 0 0 0 0 0 0 0 0 40 42 17 18 0 14 19 37 50 0 19 0 30 0 0 36 0 7 10 15 1 0 0 0 0 0 0 0 0 0 0 0 0 0 0 0 0 0 0 0 0 0 0 0 0 0 0 0 0 0 0 14 0 0 0 0 0 2 0 0 74 0 0 0 1 3 2 2 2 0 0 0 0 0 0 0 0 0 0 0 0 0 0 0 7 7 0 0 0 23 
 0 0 0 0 0 0 0 2 3 0 0 0 0 0 0 2 2 0 97 0 0 0 0 0 63 31 0 0 0 0 0 0 0 3 1 0 0 0 0 1 98 385 175 50 113 166 77 368 143 111 105 626 56 147 420 0 702 233 48 186 0 8 0 0 0 0 0 0 0 0 0 0 0 0 0 0 0 0 46 13 0 0 0 0 0 0 0 0 0 0 0 0 0 0 0 0 0 0 0 0 0 0 0 0 1 8 0 0 0 0 0 0 0 0 0 0 0 0 0 8 28 0 2 23 5 12 0 9 1 0 1 12 18 0 10 20 0 0 0 0 0 0 0 0 0 5 27 0 0 0 0 0 0 2 0 0 8 0 0 0 1 0 0 6 0 0 0 0 0 0 0 0 0 0 0 1 4 0 0 0 0 0 0 0 0 14 0 0 0 0 0 0 6 0 0 0 0 0 0 0 1 24 0 1 13 1 21 20 6 11 1 17 7 20 0 18 21 29 0 0 19 0 0 0 0 0 8 0 0 20 0 15 12 0 0 0 0 0 12 0 0 0 0 0 0 0 0 0 0 0 0 2 0 0 0 0 0 0 0 1 0 0 68 0 63 49 2 1 2 0 0 0 0 0 0 0 0 0 0 0 0 0 0 0 0 7 0 0 0 0 
 0 0 0 3 0 0 0 0 2 0 0 0 0 0 0 0 0 0 0 0 0 0 0 0 63 32 0 3 0 0 0 0 0 2 2 0 0 0 0 202 115 106 87 60 74 138 296 184 51 96 154 283 42 36 139 702 0 167 45 278 0 29 0 0 0 0 5 0 0 0 0 0 0 0 0 0 0 0 15 1 0 18 0 0 0 0 0 0 0 0 0 0 0 0 0 0 0 0 0 0 0 0 0 0 13 8 0 0 0 0 0 0 0 0 0 0 0 0 0 0 10 1 23 7 11 0 0 9 0 0 1 0 11 0 31 21 0 0 0 12 0 0 0 0 0 0 10 0 0 0 0 0 0 1 0 0 8 0 0 0 6 0 0 3 0 0 0 0 2 0 0 0 0 0 0 5 5 0 0 0 0 0 0 0 0 19 0 0 0 0 0 3 0 0 0 0 0 0 0 0 0 23 0 2 7 0 20 19 18 2 4 10 14 0 5 28 10 0 15 0 10 0 0 0 0 0 6 0 0 13 0 0 0 0 0 0 0 0 12 0 0 0 0 0 0 0 0 0 0 0 0 9 0 0 0 0 0 0 0 8 0 0 30 0 65 1 0 1 1 0 0 0 0 0 0 0 0 0 0 0 0 0 0 0 0 26 0 0 0 7 
 4 4 3 8 3 5 3 5 4 6 2 3 75 3 4 6 10 3 6 4 3 4 6 4 7 6 3 17 3 3 3 5 5 3 5 3 3 5 5 3 50 42 218 105 31 130 245 130 44 43 154 277 37 88 54 233 167 0 38 79 1 0 0 2 0 0 0 0 0 0 2 0 6 3 0 0 0 0 52 0 0 0 0 0 0 0 0 0 0 0 0 0 0 0 0 0 0 0 0 0 0 0 0 0 0 0 0 0 0 0 0 0 0 0 0 0 0 2 0 0 0 2 11 23 39 1 0 11 0 7 1 10 0 0 4 8 4 0 0 0 14 0 3 0 0 0 27 0 0 15 0 0 8 23 0 0 0 1 4 0 0 0 0 0 0 0 0 0 0 0 0 0 0 0 0 0 0 0 0 0 0 0 0 0 0 6 0 0 0 0 0 0 0 5 0 0 0 0 0 0 0 0 0 32 8 1 0 0 0 0 11 30 0 0 0 5 7 13 0 0 2 16 16 7 0 0 27 19 0 0 0 0 7 5 7 0 9 1 35 4 0 0 0 0 0 0 0 0 0 0 0 12 0 0 0 0 0 0 1 9 0 0 14 0 0 0 1 0 1 24 0 0 0 0 0 0 0 0 0 0 0 0 0 0 19 14 0 0 0 0 
 0 36 0 0 0 0 0 62 0 59 0 0 0 0 0 0 63 36 0 0 0 26 64 0 62 30 0 74 1 0 10 61 0 0 0 0 0 0 0 0 47 20 40 303 44 37 130 124 75 153 19 26 79 289 54 48 45 38 0 186 21 11 0 0 0 0 0 6 2 0 0 0 0 1 2 3 3 0 5 4 0 0 0 14 0 0 0 1 0 0 4 0 0 0 0 0 0 16 0 0 0 29 0 6 28 5 0 11 0 0 10 16 0 0 0 10 22 0 0 0 1 16 0 9 0 17 10 0 3 20 0 0 5 7 0 0 0 0 0 0 1 0 1 0 3 0 3 0 25 3 1 0 0 0 0 1 1 0 1 21 0 5 0 14 0 20 0 0 13 0 0 0 0 0 0 0 0 0 0 0 0 1 0 3 10 7 0 9 0 27 0 0 18 20 0 0 10 1 7 2 2 0 0 0 0 0 22 21 0 9 0 48 4 0 0 0 0 1 0 9 5 0 4 0 0 0 3 0 0 0 0 0 0 0 0 0 0 6 0 0 0 0 0 0 0 0 60 0 0 0 0 6 0 0 4 0 0 62 3 0 7 0 1 0 0 0 0 0 0 0 0 0 0 0 0 0 0 14 0 0 0 0 0 0 0 0 11 21 2 0 
 0 0 0 0 0 0 0 0 0 61 0 0 62 0 0 0 0 0 0 0 0 0 8 40 2 0 0 0 0 0 3 11 0 2 0 0 0 0 62 0 252 127 39 117 69 134 29 225 98 83 55 50 122 359 138 186 278 79 186 0 0 0 1 0 16 5 0 0 0 1 0 0 0 0 0 0 8 0 0 0 0 24 0 0 0 0 0 0 0 0 0 0 1 0 0 0 0 0 0 0 0 1 0 11 25 16 0 1 0 0 11 11 0 1 0 11 7 0 0 0 0 6 26 7 23 0 0 1 7 1 0 38 7 11 22 37 0 0 0 7 0 0 0 11 0 6 1 0 0 0 0 0 0 5 0 0 1 10 0 0 2 0 0 0 0 0 0 0 3 0 0 0 0 0 0 3 0 0 0 0 0 0 0 0 36 1 0 13 7 0 0 13 12 0 0 0 11 0 0 0 0 0 6 1 0 0 7 0 0 12 11 9 11 17 10 0 0 0 10 1 0 0 0 6 9 2 0 0 4 4 0 0 0 0 0 29 0 0 10 0 0 0 0 0 0 0 0 0 52 0 0 16 0 0 0 0 0 54 64 0 0 0 42 0 2 0 9 0 0 0 4 0 0 0 0 6 0 0 0 0 0 0 0 0 0 0 10 0 0 0 
 0 0 0 0 0 0 0 0 0 0 0 0 0 0 0 0 0 0 0 0 0 0 0 2 0 0 0 0 0 0 0 0 0 0 0 0 0 0 0 60 0 0 0 31 49 0 0 0 0 0 0 3 0 0 0 0 0 1 21 0 0 124 37 155 80 34 181 164 95 78 201 28 93 88 50 73 100 128 149 93 0 0 0 0 0 0 0 0 0 0 0 0 0 0 0 0 0 0 0 0 0 0 0 0 0 0 0 0 0 0 0 0 0 0 0 10 0 0 0 0 0 0 0 0 0 11 0 0 0 0 0 1 0 0 0 0 0 0 0 0 5 1 13 9 12 0 11 0 8 18 11 1 0 2 9 0 3 9 16 57 0 0 0 0 0 0 3 0 0 0 0 0 0 0 0 0 0 0 0 0 0 0 0 0 0 0 0 0 0 0 0 0 0 0 0 0 0 0 0 0 0 0 0 0 1 0 0 0 0 0 0 4 0 0 0 0 0 0 0 0 7 14 13 9 5 0 37 32 1 20 11 28 0 8 12 18 30 19 0 3 7 0 0 0 0 0 0 0 0 0 0 0 0 0 11 0 0 0 0 0 0 0 0 66 0 0 0 0 0 0 0 0 54 1 0 0 0 0 0 0 0 0 0 0 0 0 0 0 0 0 
