 0 404 151 138 311 36 79 163 417 245 122 35 52 149 130 472 273 259 123 228 0 2 3 0 0 0 0 3 0 0 4 1 1 2 0 0 1 0 2 1 0 0 0 0 3 8 0 0 0 0 7 0 5 0 0 4 0 2 0 2 0 0 0 2 0 3 0 0 0 0 3 0 1 3 0 0 3 3 0 0 46 8 16 18 30 0 11 29 0 10 0 0 27 38 2 1 13 21 0 43 0 0 0 0 0 0 0 0 0 0 0 0 10 0 0 0 0 0 0 26 0 0 0 0 0 0 0 0 0 0 0 0 0 0 0 0 0 0 0 0 0 0 0 0 0 0 3 0 0 0 0 0 0 0 0 1 6 0 0 4 26 0 12 36 0 19 5 4 0 28 1 3 18 15 0 15 0 16 0 1 0 0 0 0 0 0 0 0 1 0 0 0 0 0 0 0 0 0 0 3 0 0 0 0 0 0 0 0 0 0 0 0 0 0 0 0 0 0 0 0 0 0 0 0 0 0 0 3 0 0 0 0 14 0 0 0 0 0 0 0 0 0 0 0 0 0 0 0 0 1 0 0 0 0 0 0 0 0 0 0 0 0 0 0 0 0 0 0 0 0 0 0 0 0 0 0 0 0 0 0 0 0 0 0 0 0 0 0 0 0 
 404 0 177 359 122 207 311 226 40 418 183 224 67 130 183 379 115 281 124 53 0 0 79 1 0 0 1 3 0 0 3 1 0 2 75 0 3 0 2 19 0 0 0 0 3 3 0 0 0 0 0 0 3 0 1 2 0 70 0 65 0 0 0 0 0 3 1 0 1 1 2 0 2 3 0 0 3 3 0 0 1 16 18 2 30 0 12 17 48 46 30 21 0 0 16 21 52 11 0 18 0 11 0 0 0 0 15 0 0 0 0 0 37 0 0 0 0 0 0 3 0 0 0 0 0 0 0 0 0 0 0 0 0 0 0 1 0 0 0 0 0 0 45 0 0 0 6 0 2 0 0 0 0 0 0 6 6 0 0 0 0 11 27 32 0 6 0 20 28 0 0 0 0 35 15 37 61 1 6 0 0 0 0 0 0 2 24 0 0 0 0 0 0 14 0 2 0 0 0 0 0 0 0 0 0 0 0 0 0 0 0 0 0 0 0 0 0 0 1 0 0 0 0 2 0 1 0 0 0 0 0 2 0 0 0 0 0 0 13 0 0 0 26 0 0 0 5 0 90 3 13 11 0 0 0 0 0 0 0 0 0 0 0 0 0 0 0 0 0 0 0 0 0 0 0 0 14 0 0 0 0 0 0 0 0 1 0 0 0 0 
 151 177 0 564 151 358 87 186 64 342 243 154 92 66 196 243 136 85 47 73 0 0 3 0 4 0 51 1 0 0 3 0 0 2 0 0 1 0 75 0 0 0 0 0 5 3 0 0 0 0 0 4 3 0 0 2 0 3 0 2 0 0 0 0 0 3 0 0 0 0 3 0 0 1 0 0 0 3 0 0 0 27 8 32 29 1 9 20 9 15 47 11 0 0 16 38 17 22 0 1 7 2 0 0 0 0 14 0 13 0 0 0 19 16 19 0 0 0 14 14 0 0 0 0 0 0 0 0 0 1 0 0 0 0 0 0 0 0 0 0 0 0 0 0 0 0 0 0 0 0 0 0 0 2 0 0 0 0 0 0 0 11 15 0 11 14 8 0 11 12 11 0 0 0 15 22 15 24 0 14 14 0 0 0 0 0 19 0 52 0 0 0 1 0 0 0 0 0 1 48 0 0 0 11 1 2 0 0 0 0 0 0 0 21 0 0 2 0 0 0 0 0 0 0 0 0 0 0 0 0 1 0 0 0 0 1 0 0 0 0 0 14 0 0 2 94 97 1 0 0 0 7 0 0 0 0 0 0 0 0 0 0 0 0 0 0 0 0 0 0 0 0 0 0 0 13 13 8 0 0 0 0 0 0 0 0 0 0 0 0 
 138 359 564 0 72 196 110 164 101 267 155 583 149 76 80 151 253 90 56 68 0 0 75 0 0 0 0 4 0 0 2 0 0 3 2 0 0 0 2 0 0 0 0 0 6 3 0 0 0 0 0 0 3 0 0 2 0 2 0 2 0 0 0 0 0 3 0 0 0 0 3 0 0 0 0 0 0 3 0 0 9 0 61 20 21 20 17 21 0 1 31 34 0 0 7 0 15 82 1 9 8 0 0 0 0 0 1 0 10 0 0 0 20 0 11 0 0 0 52 29 0 0 2 0 0 0 0 0 0 0 0 0 0 0 0 0 0 0 0 0 0 0 0 0 0 2 0 0 0 0 0 0 0 0 0 0 1 0 0 0 0 1 14 26 9 19 0 0 0 10 0 20 0 1 1 1 1 29 11 0 1 0 0 0 0 0 22 1 2 0 0 0 3 0 0 0 0 0 1 20 0 0 0 2 0 0 0 0 0 0 0 0 0 0 0 2 0 0 0 0 0 0 0 0 0 0 0 0 2 0 0 0 0 0 0 0 0 0 0 0 0 10 0 0 0 0 97 2 4 0 0 9 0 0 0 0 0 0 0 0 0 0 0 0 0 0 0 0 0 0 0 0 0 0 0 0 11 0 0 0 0 0 0 0 0 0 0 0 0 0 
 311 122 151 72 0 107 51 285 46 110 124 218 76 146 67 155 272 37 59 77 75 75 88 0 0 0 1 76 0 75 2 0 23 229 0 0 1 0 35 37 0 0 0 0 3 3 0 0 0 0 0 0 3 0 0 2 0 2 0 2 0 0 0 0 0 3 0 0 0 0 3 0 1 3 0 0 3 3 0 0 0 0 0 13 16 15 0 0 2 11 0 50 0 0 0 11 0 13 0 0 12 10 10 0 0 10 6 13 13 0 10 0 21 19 22 0 0 15 37 29 0 0 0 0 0 0 0 0 0 1 0 0 0 0 0 0 0 0 0 0 0 0 0 0 0 0 0 0 0 0 0 0 0 2 0 0 0 0 0 0 0 0 0 0 10 17 0 0 0 1 6 22 0 1 0 6 14 6 0 9 26 7 14 0 0 0 13 35 29 0 0 0 37 15 25 0 0 0 31 19 0 0 0 0 1 2 0 0 0 0 18 0 0 4 0 0 2 0 0 0 0 0 0 0 0 0 0 0 0 0 0 0 0 0 0 0 0 0 0 0 0 2 0 0 2 0 0 1 2 1 0 11 1 0 0 0 0 0 0 0 0 0 0 0 0 0 0 0 0 0 0 0 0 0 0 10 10 0 0 0 0 0 0 0 0 0 0 0 0 0 
 36 207 358 196 107 0 259 353 45 256 284 97 47 41 49 393 240 67 58 66 74 0 3 0 0 0 282 162 0 0 2 0 193 76 74 0 1 78 0 76 0 0 0 0 10 3 0 0 0 1 0 0 3 0 0 2 0 2 0 2 0 0 0 0 0 3 1 0 1 0 3 0 1 3 0 0 3 3 0 1 0 1 16 11 21 23 17 24 0 19 29 0 0 0 0 0 12 18 0 0 0 14 0 0 0 0 30 40 29 11 10 0 26 0 51 9 9 1 0 49 0 0 0 0 0 0 0 0 0 0 1 0 0 0 0 0 0 0 0 0 0 1 0 1 0 0 0 6 0 0 0 0 0 0 0 0 1 0 4 1 0 1 19 0 11 30 1 0 29 0 0 0 21 0 14 0 23 33 0 0 0 12 31 10 0 0 40 16 0 0 0 10 0 18 20 15 17 1 0 4 0 0 0 0 0 0 0 0 0 0 0 0 0 0 0 0 0 0 0 0 2 0 0 0 0 0 0 0 0 0 0 8 0 0 0 0 17 0 0 0 0 3 0 0 0 6 58 6 2 9 0 14 0 6 0 0 0 75 0 0 0 2 0 0 0 0 0 0 0 0 0 0 0 0 0 0 0 0 0 0 0 0 0 0 0 0 0 0 0 0 
 79 311 87 110 51 259 0 88 128 30 61 63 447 73 148 47 211 85 74 64 0 6 6 3 0 0 0 3 0 0 5 1 0 5 2 2 2 2 1 4 3 0 0 2 3 9 2 0 0 0 17 2 3 0 0 5 3 9 0 5 1 0 0 0 0 3 3 0 1 3 4 2 2 4 3 0 5 3 3 0 0 14 0 0 0 0 16 13 0 0 0 2 20 1 15 9 0 0 0 0 0 0 1 0 0 0 0 0 0 0 0 0 0 0 0 0 0 0 15 0 0 0 0 0 0 2 0 0 0 0 0 0 0 0 0 0 2 0 0 0 1 0 0 0 0 0 0 0 0 0 0 0 0 0 0 0 0 0 0 0 15 8 0 0 0 0 7 8 0 14 10 0 0 2 0 16 0 0 0 14 0 0 0 0 0 0 0 27 15 0 0 0 0 0 0 0 0 0 0 0 0 0 0 0 0 1 1 5 0 0 0 0 0 0 0 0 0 0 0 0 0 0 0 0 0 0 0 0 0 0 2 0 0 0 0 0 2 0 0 0 0 0 0 0 0 0 0 0 2 0 0 20 0 0 0 0 0 0 0 0 0 0 0 0 0 0 0 0 0 1 0 0 0 0 0 0 0 0 0 0 0 0 0 0 0 0 0 0 0 2 
 163 226 186 164 285 353 88 0 274 155 268 207 119 137 240 380 183 80 38 60 204 0 3 77 0 0 0 2 2 0 2 3 0 2 0 0 2 0 78 76 0 30 0 0 3 3 63 0 0 0 0 0 3 0 0 2 0 73 0 2 0 0 0 0 0 3 1 0 1 0 3 0 1 3 0 0 3 3 0 0 0 24 37 7 48 11 0 6 31 20 14 24 16 0 25 0 10 15 6 0 0 0 0 0 0 0 15 0 0 0 0 0 50 0 0 0 0 0 0 12 0 0 0 0 0 0 0 0 0 0 0 0 0 0 0 0 0 0 0 0 0 0 0 0 0 0 3 0 0 0 0 0 0 0 0 2 0 0 0 0 0 11 27 70 10 0 0 22 35 74 11 34 4 14 15 0 35 24 0 0 0 0 0 0 0 0 37 0 0 0 0 0 0 10 0 0 0 0 10 30 0 0 0 0 0 0 0 0 0 0 0 0 0 0 0 0 0 0 0 0 0 0 0 0 0 0 0 0 0 0 0 0 0 0 0 0 0 0 0 0 0 1 0 0 0 0 92 0 3 3 11 0 18 0 0 0 0 0 0 0 16 0 0 0 0 0 0 0 0 0 0 0 0 0 0 19 17 0 0 0 0 0 0 0 0 14 0 0 0 0 
 417 40 64 101 46 45 128 274 0 105 27 37 76 79 387 164 109 190 74 68 0 6 3 0 0 0 0 4 1 0 4 2 0 2 0 0 1 0 1 0 0 0 0 4 3 6 0 0 0 0 2 0 6 0 0 9 2 2 0 2 0 0 0 0 0 3 0 0 0 0 3 0 0 2 0 0 2 3 0 0 10 23 28 20 0 11 4 0 31 10 29 12 7 10 77 14 34 24 6 31 0 0 0 0 0 0 0 0 0 0 0 0 0 0 0 0 0 0 0 0 0 0 0 0 0 0 1 0 0 0 0 0 3 2 0 0 0 0 3 3 0 1 2 0 0 12 0 0 13 1 0 0 0 0 3 3 1 0 0 0 14 0 31 47 0 0 11 18 3 44 2 21 6 24 0 11 0 1 31 0 0 0 3 0 0 0 15 0 0 0 0 0 13 0 0 0 0 0 0 24 0 0 0 0 0 0 0 0 0 0 0 0 0 0 0 0 0 0 0 0 0 0 0 0 0 0 0 0 0 0 0 0 0 0 0 0 0 0 0 0 0 0 0 0 0 0 0 0 0 130 1 5 0 0 0 0 0 0 0 0 0 0 0 0 0 0 0 0 0 0 0 0 0 0 0 0 0 0 0 0 0 0 0 0 0 1 0 0 0 0 
 245 418 342 267 110 256 30 155 105 0 236 317 207 90 294 302 210 272 67 162 0 1 4 1 0 0 0 3 0 0 4 3 0 4 2 0 3 0 2 22 0 0 0 0 3 6 0 0 0 0 5 2 3 0 0 2 0 2 0 2 0 0 0 0 0 3 1 0 1 0 3 0 1 3 0 0 3 3 38 0 11 45 24 0 32 0 12 12 19 9 40 14 18 0 11 10 24 23 5 5 1 0 0 0 0 0 2 0 0 0 0 0 47 0 0 0 0 0 15 1 1 0 0 0 2 0 0 0 0 0 0 0 0 0 0 0 0 0 0 2 0 0 0 0 0 0 0 0 0 0 2 20 0 0 1 0 0 0 0 0 0 0 10 12 0 8 0 13 9 0 14 0 0 32 0 30 37 1 11 9 0 0 0 0 0 0 0 0 1 1 0 0 0 14 0 0 0 0 0 0 0 0 0 0 0 0 0 0 0 0 0 0 0 0 0 0 0 0 0 0 0 0 0 0 0 0 0 0 0 0 0 0 0 0 0 0 0 0 0 0 0 0 0 0 0 2 2 3 87 3 13 16 0 0 0 0 0 0 0 0 0 0 2 0 0 0 0 0 0 0 0 0 0 0 0 0 21 0 0 0 0 0 0 0 0 0 0 0 0 0 
 122 183 243 155 124 284 61 268 27 236 0 338 114 48 266 189 211 61 291 426 0 2 3 0 0 2 0 3 0 0 2 1 0 2 1 0 1 0 12 62 56 0 0 0 4 4 0 2 0 0 6 0 3 0 0 2 0 31 0 2 0 0 0 0 0 3 0 0 0 42 3 0 0 1 0 31 0 3 0 6 0 12 28 10 49 2 0 52 23 1 35 11 17 0 0 0 50 0 8 0 7 0 0 0 0 0 0 0 0 2 0 0 46 0 10 0 0 0 14 18 0 0 0 2 0 0 0 0 0 0 0 0 0 0 0 0 0 0 0 0 0 0 0 0 0 0 1 0 0 0 0 0 0 37 0 2 2 0 0 0 0 0 0 0 38 0 1 22 24 6 27 6 0 21 0 29 44 39 0 10 0 0 0 0 0 0 0 6 1 0 0 0 0 38 0 2 0 0 16 59 0 0 0 0 0 0 0 0 0 0 0 0 17 0 0 0 0 0 0 0 0 0 0 2 0 0 0 2 0 0 0 2 0 0 1 0 0 0 0 0 0 0 0 0 0 7 3 0 111 0 15 12 17 0 0 0 0 0 0 0 0 0 14 0 0 0 0 0 0 0 0 0 0 0 0 0 38 6 0 0 0 0 0 0 0 1 0 0 0 0 
 35 224 154 583 218 97 63 207 37 317 338 0 60 28 34 223 372 154 33 43 75 0 3 0 0 0 0 79 0 0 2 0 1 76 37 0 1 0 1 77 0 0 0 0 7 3 0 0 0 0 0 0 3 0 0 2 0 2 42 2 0 0 0 0 0 3 0 0 0 0 3 0 0 0 0 0 0 3 0 0 0 0 30 6 36 28 18 9 12 21 29 30 0 0 0 14 14 30 0 0 7 0 0 0 0 0 16 10 41 0 0 0 30 0 26 0 0 0 31 29 0 0 0 0 0 0 0 0 0 0 0 0 0 0 0 0 0 0 0 0 0 0 0 0 0 0 0 0 0 0 0 0 0 0 0 0 0 0 0 0 0 0 22 15 0 19 0 2 31 54 1 83 0 0 15 2 15 56 0 0 0 10 0 0 0 0 38 22 11 0 0 0 14 0 2 5 0 0 0 7 0 0 0 0 0 0 0 0 0 0 0 0 0 1 0 0 0 0 0 0 0 0 0 0 0 0 1 0 0 0 0 0 0 0 0 0 0 0 0 0 0 5 0 0 0 1 44 2 9 4 10 10 0 0 1 0 0 0 0 0 0 0 0 0 0 0 0 0 0 0 0 0 0 0 0 0 38 0 0 0 0 0 0 0 0 0 0 0 0 0 
 52 67 92 149 76 47 447 119 76 207 114 60 0 350 379 57 280 87 256 97 0 4 4 0 0 41 0 1 0 1 2 2 0 2 0 0 1 1 3 1 0 0 0 2 3 4 0 0 0 0 10 2 3 0 0 2 5 2 0 2 0 0 0 0 0 3 0 0 0 0 3 2 0 2 0 0 2 3 0 0 22 25 13 0 12 0 14 31 0 17 1 14 22 13 30 11 7 25 39 1 1 0 0 0 0 0 0 0 0 0 0 1 0 0 0 0 0 0 0 0 0 0 1 0 0 0 0 0 0 0 0 0 0 0 0 0 0 0 0 0 0 0 0 0 0 0 0 0 0 0 0 0 0 4 0 0 0 0 0 0 2 46 10 14 0 0 29 0 14 0 43 0 9 8 10 73 0 0 0 34 0 0 0 1 0 0 0 0 0 0 0 0 0 16 0 0 0 0 0 0 0 0 0 0 0 0 0 0 0 0 0 0 0 0 0 1 0 0 0 0 0 0 0 0 0 0 14 0 0 0 0 0 0 0 0 0 0 0 0 0 0 0 0 0 0 0 0 1 2 0 0 2 0 0 1 0 0 0 0 0 0 0 9 0 0 0 0 0 0 0 0 0 0 0 0 0 0 0 0 0 0 0 0 0 0 0 0 0 0 0 
 149 130 66 76 146 41 73 137 79 90 48 28 350 0 52 87 46 117 113 98 0 77 5 1 3 2 0 2 0 2 5 6 0 15 0 3 2 74 3 5 0 0 2 3 3 7 0 0 0 2 0 2 7 0 0 4 3 5 0 2 0 0 0 4 3 6 0 0 2 4 9 0 1 6 4 2 3 3 1 0 36 0 30 0 8 0 35 22 0 24 0 25 42 26 13 0 6 0 11 12 0 0 0 0 0 0 14 0 0 0 0 0 14 0 0 2 2 0 0 0 0 1 0 0 0 0 0 0 0 0 0 0 0 0 0 0 0 0 0 0 0 0 0 0 0 0 0 0 0 0 0 4 0 5 0 0 34 0 0 0 0 37 21 30 0 0 29 0 12 0 0 0 16 8 63 3 25 0 0 8 0 0 0 0 0 0 15 0 0 0 0 0 0 0 0 0 0 0 0 0 0 0 0 0 0 0 0 0 19 0 0 0 0 0 0 0 0 0 0 0 0 0 0 0 0 0 0 0 0 0 0 0 0 0 0 0 0 0 0 0 0 0 0 0 0 2 2 0 0 0 0 10 0 0 0 0 0 0 0 2 0 0 0 0 0 0 2 0 0 0 1 0 0 0 0 0 0 0 0 0 0 0 0 0 0 0 0 0 0 0 
 130 183 196 80 67 49 148 240 387 294 266 34 379 52 0 97 35 177 149 100 0 0 3 1 0 0 2 2 75 0 2 2 0 2 0 0 2 0 3 4 0 0 0 0 3 3 0 0 0 0 6 0 3 0 0 2 0 66 0 2 0 0 0 0 0 3 0 0 0 0 53 23 1 3 0 0 3 3 0 0 0 90 20 13 10 3 36 23 18 8 9 21 1 0 31 14 21 0 17 23 0 0 0 0 0 0 0 0 0 0 0 0 0 0 0 0 0 0 0 0 0 0 0 0 0 0 0 0 0 0 0 0 0 0 0 0 0 0 0 0 0 0 0 0 0 1 8 0 0 0 0 0 0 0 0 5 4 0 0 0 0 28 4 30 0 14 0 19 15 0 10 0 7 31 10 48 0 0 11 3 0 14 0 0 0 0 2 0 0 0 0 0 0 0 0 0 0 0 1 0 0 0 0 0 0 0 0 0 0 0 0 0 0 0 0 0 0 0 0 0 0 0 0 0 0 0 0 0 0 0 0 0 0 0 0 0 0 0 0 0 0 0 0 0 0 0 1 0 0 174 0 9 0 0 0 0 2 0 0 0 0 0 20 0 0 0 0 0 0 0 0 0 0 0 0 0 0 0 0 0 0 0 0 0 0 0 0 0 0 0 
 472 379 243 151 155 393 47 380 164 302 189 223 57 87 97 0 707 117 43 52 0 0 3 0 0 0 0 2 0 2 2 1 0 2 0 0 1 0 2 78 0 0 0 0 3 8 0 0 0 0 7 1 3 0 0 2 0 2 0 2 0 0 0 0 0 3 0 0 0 0 3 0 0 2 0 0 1 3 0 0 9 4 31 1 34 11 0 11 17 0 22 12 24 1 6 0 14 23 0 8 19 0 0 0 0 0 0 0 0 0 0 0 30 0 0 1 0 0 14 25 0 0 0 0 0 0 0 0 0 0 0 0 0 0 0 0 0 0 0 0 0 0 0 0 0 0 0 0 0 0 0 0 0 0 0 12 1 0 0 0 29 0 6 20 9 0 0 7 19 26 0 16 0 21 0 1 6 11 0 1 0 0 0 0 0 4 19 3 1 0 0 0 0 11 0 0 0 0 5 46 0 0 0 0 0 0 0 0 0 6 0 0 0 0 0 0 0 0 0 0 0 0 0 0 0 0 0 0 0 0 0 0 0 0 0 0 0 0 0 14 0 0 0 0 0 2 2 1 6 0 12 2 16 0 69 0 0 0 0 0 0 0 1 0 0 0 0 0 0 0 0 0 0 0 0 0 17 0 0 0 0 0 0 0 0 0 0 0 0 0 
 273 115 136 253 272 240 211 183 109 210 211 372 280 46 35 707 0 65 113 400 0 0 4 0 0 0 0 1 0 0 2 2 36 17 0 0 1 0 78 0 0 0 0 0 2 9 0 0 0 0 8 0 3 0 0 2 0 3 0 2 0 0 0 0 0 3 0 3 0 0 6 0 0 1 0 0 0 3 0 0 15 33 27 22 76 4 2 37 9 21 16 0 17 33 0 18 1 26 12 21 0 0 0 0 0 0 0 0 0 0 0 0 11 16 0 0 0 0 0 21 0 0 0 0 0 0 0 0 0 0 0 12 1 0 0 0 0 2 0 0 0 0 0 0 0 0 0 1 0 0 0 0 0 0 0 0 0 1 0 0 0 0 11 9 23 0 1 21 0 40 27 2 0 0 0 4 0 10 0 0 27 0 1 0 1 0 25 45 14 0 0 0 11 10 0 0 0 0 0 59 0 0 0 0 0 0 0 2 0 0 0 0 0 7 0 0 0 26 0 0 0 0 0 0 0 0 0 0 0 0 0 0 2 0 0 0 0 0 0 0 0 0 0 0 0 1 88 0 19 1 17 7 15 0 0 0 0 0 0 0 0 0 9 0 0 0 0 0 0 0 0 0 0 0 0 15 9 10 0 0 0 0 0 0 0 0 0 0 0 0 
 259 281 85 90 37 67 85 80 190 272 61 154 87 117 177 117 65 0 36 115 2 3 8 1 1 2 0 1 0 3 4 4 0 2 3 0 2 2 9 4 0 0 0 0 5 10 0 3 4 0 0 1 6 2 0 3 0 4 0 26 1 0 1 4 0 5 2 4 2 8 3 0 7 4 3 0 7 3 5 0 27 29 1 11 21 0 11 39 0 35 29 16 0 29 44 12 20 27 0 53 0 0 0 0 0 0 13 0 0 0 0 0 10 0 0 0 0 0 0 0 0 0 0 0 0 0 0 0 0 0 0 0 0 0 0 0 0 0 0 0 0 0 0 0 0 0 0 0 0 0 0 0 0 0 0 0 1 0 0 0 0 47 28 28 0 21 18 14 10 0 21 0 12 20 13 20 13 0 63 25 0 0 0 0 0 0 18 0 0 0 0 0 0 0 0 0 0 0 0 0 0 0 0 0 3 0 0 0 0 0 0 0 0 0 0 0 0 0 0 0 0 0 0 0 0 0 0 0 0 0 0 0 16 0 0 0 1 0 0 0 0 0 0 0 0 3 3 1 0 87 0 5 0 0 0 0 0 0 0 0 4 0 0 0 0 1 0 0 0 0 0 0 0 0 0 0 0 0 0 0 0 0 0 0 0 0 0 0 0 0 
 123 124 47 56 59 58 74 38 74 67 291 33 256 113 149 43 113 36 0 586 0 0 102 0 0 0 0 2 0 0 2 1 0 2 0 0 3 0 0 0 0 0 0 0 3 3 0 0 0 0 5 0 3 57 0 2 0 2 0 2 0 0 0 0 0 3 0 0 0 0 3 0 28 2 0 0 2 3 0 0 25 18 13 0 1 0 29 5 13 0 0 6 38 21 10 13 13 10 15 17 0 2 0 0 0 0 4 0 0 0 0 0 0 0 0 0 0 2 0 0 0 0 0 0 0 0 0 0 0 0 2 10 0 0 0 0 0 0 1 0 0 0 0 0 0 0 0 1 0 0 0 0 0 0 0 0 2 0 0 0 15 2 7 13 0 2 0 8 11 7 4 0 0 14 32 41 0 0 17 45 0 0 0 0 0 0 0 0 0 0 0 0 0 0 0 0 0 2 0 0 0 0 0 0 0 0 0 0 0 0 0 0 0 0 34 0 0 0 0 0 0 0 0 0 0 0 0 0 0 0 0 0 0 0 0 0 0 0 0 0 0 0 0 0 2 2 2 0 0 1 0 5 0 0 0 0 0 0 0 0 0 0 4 0 0 0 0 0 0 0 0 0 0 0 0 0 0 0 0 0 0 0 0 0 0 0 0 0 0 0 
 228 53 73 68 77 66 64 60 68 162 426 43 97 98 100 52 400 115 586 0 0 0 3 0 1 85 0 2 0 2 2 2 0 2 0 64 3 2 3 2 0 0 0 0 2 4 2 0 3 0 6 0 3 0 0 2 0 2 0 2 0 3 1 1 0 3 0 0 0 0 5 0 3 1 0 0 2 3 0 0 34 19 14 14 9 0 43 26 0 23 1 19 11 30 0 0 13 1 10 25 0 0 0 0 0 0 0 0 0 11 0 0 0 0 0 0 0 0 0 0 0 0 0 0 1 17 0 0 6 0 0 0 0 0 0 0 0 0 0 1 0 0 0 0 0 0 0 0 0 0 1 0 0 0 2 0 0 0 0 0 26 9 2 19 0 0 0 1 0 0 10 0 0 8 13 20 0 0 25 18 0 0 1 0 0 0 0 0 0 2 0 0 0 0 0 0 0 0 0 0 0 0 11 0 0 0 0 0 0 0 0 0 0 0 0 0 0 0 0 0 0 0 0 0 17 0 0 0 0 2 0 0 0 0 0 0 0 0 12 0 0 0 0 0 0 2 0 0 0 106 0 6 0 0 17 0 0 0 0 0 1 0 12 0 0 0 0 0 0 0 0 0 0 0 0 0 0 0 0 0 0 0 0 0 0 0 0 0 0 0 
 0 0 0 0 75 74 0 204 0 0 0 75 0 0 0 0 0 2 0 0 0 249 239 260 108 102 121 132 186 76 324 36 124 356 40 61 118 299 64 254 3 0 1 0 5 0 0 0 0 0 0 0 0 0 3 0 0 2 37 0 0 0 0 0 0 0 0 52 0 3 0 44 0 0 3 0 0 0 0 0 0 0 0 1 0 9 0 0 0 0 0 0 0 0 2 0 0 0 1 0 14 7 40 26 7 28 0 19 11 19 30 0 12 19 4 12 20 0 28 29 0 1 0 0 0 0 0 1 0 0 0 2 9 0 0 0 0 0 5 0 0 0 0 0 0 0 0 0 0 0 0 0 0 0 0 0 0 0 5 0 0 0 0 0 10 8 0 0 0 0 0 27 0 0 0 0 0 0 0 0 1 15 0 0 4 8 0 36 0 20 8 1 0 0 25 10 7 15 0 20 0 2 0 0 0 0 8 0 0 0 0 0 0 20 0 0 2 0 0 12 0 0 0 0 2 0 0 0 0 0 0 0 0 0 0 0 0 0 0 0 0 1 0 0 0 74 0 0 0 0 0 0 0 0 2 2 0 2 0 0 1 12 0 0 0 0 0 0 0 0 0 0 0 0 0 0 0 0 0 0 0 1 0 0 0 3 0 0 0 0 
 2 0 0 0 75 0 6 0 6 1 2 0 4 77 0 0 0 3 0 0 249 0 480 328 26 28 97 249 124 321 210 44 123 93 158 215 213 180 218 124 208 1 0 0 0 0 0 0 0 0 0 0 0 0 7 2 1 3 62 0 26 0 0 0 0 3 0 3 0 2 0 0 0 0 3 0 0 0 0 0 0 0 0 0 9 1 0 0 0 0 0 0 0 0 0 0 0 0 0 0 12 20 7 24 12 0 0 13 30 29 35 18 0 1 0 1 0 18 0 38 11 0 0 1 0 0 0 0 32 0 0 0 0 7 18 0 0 0 0 8 4 4 0 4 0 0 0 0 14 0 0 0 17 0 0 0 0 0 0 0 0 0 0 0 0 15 0 0 0 0 0 0 0 0 0 0 0 0 0 0 22 7 0 22 34 0 20 48 13 0 34 0 1 0 26 24 13 47 30 20 0 0 0 0 0 0 12 0 11 0 0 0 0 0 38 0 0 0 0 17 0 0 0 0 0 0 0 0 0 0 0 0 0 0 0 0 0 0 0 0 0 0 0 0 0 0 0 0 0 0 0 0 0 0 0 0 2 78 0 2 1 2 0 0 0 0 0 0 0 0 0 0 0 0 0 0 0 0 0 0 0 0 0 0 0 1 0 0 0 0 
 3 79 3 75 88 3 6 3 3 4 3 3 4 5 3 3 4 8 102 3 239 480 0 173 59 361 66 165 498 212 272 134 276 155 103 203 286 49 35 29 2 1 0 0 0 0 0 0 0 2 2 3 0 3 5 0 0 5 0 3 3 0 1 0 0 0 0 3 0 2 3 0 0 0 3 0 0 0 6 0 0 0 2 0 0 1 0 0 0 0 0 0 0 0 0 0 0 0 0 0 0 15 14 44 42 0 0 8 12 11 18 9 0 12 0 9 20 0 0 0 0 0 0 0 0 0 0 0 4 0 0 0 2 0 25 1 0 58 11 19 0 0 0 1 0 0 0 0 0 0 0 0 0 0 0 0 0 0 0 0 0 0 0 0 0 0 0 0 0 0 0 0 0 1 0 0 8 0 0 0 0 9 0 9 28 21 0 0 15 12 11 10 0 0 0 15 9 12 0 0 0 0 15 0 1 0 0 0 0 0 0 8 0 58 18 26 0 0 20 19 0 0 0 0 0 0 0 0 0 0 0 1 0 0 0 21 0 0 0 1 0 0 10 0 0 0 0 1 0 0 0 0 0 0 6 2 0 153 79 0 19 2 0 0 0 0 0 0 0 0 0 0 0 0 0 0 0 0 0 0 0 0 0 0 0 0 0 0 0 0 
 0 1 0 0 0 0 3 77 0 1 0 0 0 1 1 0 0 1 0 0 260 328 173 0 174 121 60 102 204 235 233 118 93 136 135 35 259 162 81 172 2 1 1 0 0 0 40 0 2 0 4 0 0 2 3 0 0 3 70 77 0 0 0 57 0 0 0 2 0 2 0 0 0 0 3 0 0 0 0 0 0 19 0 12 0 0 0 0 0 0 0 0 0 0 0 0 0 0 0 0 15 9 1 18 10 0 0 0 28 42 19 33 2 0 0 4 10 2 0 0 43 0 0 0 0 0 7 0 22 0 4 7 15 60 18 0 0 9 37 22 0 0 0 4 0 0 0 0 0 0 0 0 0 0 0 0 0 0 0 12 0 0 2 0 0 1 0 0 0 0 0 0 0 0 0 0 0 0 0 0 0 0 2 17 27 31 0 0 0 0 23 1 0 16 0 1 19 9 0 0 0 7 0 0 0 0 14 44 22 0 0 1 2 10 24 1 0 19 0 24 0 2 0 0 0 1 2 0 0 0 0 0 0 0 0 0 0 0 0 0 0 0 0 0 0 0 0 0 0 0 0 0 0 0 6 0 0 12 75 0 4 0 0 0 0 0 0 0 0 0 0 0 0 0 0 0 0 0 0 0 0 29 0 0 0 0 18 0 0 10 
 0 0 4 0 0 0 0 0 0 0 0 0 0 3 0 0 0 1 0 1 108 26 59 174 0 87 40 71 76 155 177 133 69 75 69 82 117 207 171 87 2 62 0 0 0 3 64 62 3 0 6 7 67 33 3 0 64 5 145 77 42 0 0 2 0 0 0 46 0 5 0 0 2 0 3 0 5 0 0 0 0 0 0 0 0 0 0 0 0 0 0 0 0 0 0 0 2 0 0 0 0 11 19 22 39 52 0 0 43 1 19 22 0 0 0 9 18 0 1 0 0 2 2 1 0 0 20 0 23 24 15 0 18 29 11 1 0 8 1 23 0 0 0 0 0 0 0 1 0 0 2 0 0 0 0 0 1 0 0 1 0 0 0 0 0 9 0 0 9 1 0 0 0 0 0 0 3 4 0 1 0 0 9 3 26 19 0 0 1 18 7 27 0 0 0 0 4 1 0 0 9 26 0 0 0 0 14 0 21 19 0 0 0 12 1 1 2 0 18 31 0 0 0 0 0 0 0 1 0 0 0 0 0 0 0 0 0 0 0 0 0 0 0 0 0 2 0 0 0 0 0 0 0 0 7 0 0 3 46 0 6 0 0 0 0 0 0 0 0 0 0 0 0 0 0 0 0 1 0 0 0 13 0 0 0 10 0 0 0 0 
 0 0 0 0 0 0 0 0 0 0 2 0 41 2 0 0 0 2 0 85 102 28 361 121 87 0 35 39 94 232 262 190 33 114 42 240 143 67 270 348 1 2 4 0 1 0 68 0 3 76 1 1 2 3 42 90 68 3 0 65 0 0 3 8 0 6 0 1 0 2 13 6 2 8 5 0 3 0 18 0 0 0 0 0 0 11 0 0 0 0 0 0 0 0 1 0 0 0 2 0 0 0 31 12 14 0 0 1 13 31 0 35 0 12 0 10 34 0 0 0 23 11 1 1 0 15 0 0 35 27 1 10 19 17 0 1 32 65 61 64 0 0 0 0 0 0 0 0 0 0 0 0 0 0 0 0 0 0 0 0 0 0 0 0 0 0 0 0 0 0 0 0 0 0 0 0 7 0 0 0 0 0 14 28 24 93 0 0 0 20 22 0 0 0 1 1 0 0 0 0 5 1 19 9 0 0 0 31 20 0 0 6 14 41 33 32 13 12 0 14 0 0 0 0 16 0 0 8 0 0 0 0 0 0 0 0 0 0 0 0 0 0 0 0 0 0 0 0 0 0 0 0 0 0 6 4 0 3 2 4 22 1 0 0 0 0 0 0 0 0 0 0 0 0 0 0 0 0 0 0 0 14 0 0 1 0 30 0 0 0 
 0 1 51 0 1 282 0 0 0 0 0 0 0 0 2 0 0 0 0 0 121 97 66 60 40 35 0 155 226 31 137 71 126 74 177 190 106 53 165 93 2 4 0 0 0 0 0 0 0 2 1 0 0 63 3 0 0 3 0 0 0 0 0 0 0 0 0 2 0 2 0 0 0 0 3 0 0 0 0 1 0 0 0 0 0 19 0 7 0 0 0 0 0 0 7 0 0 0 0 0 1 0 0 25 23 2 7 31 0 1 34 0 0 21 9 8 12 12 7 9 0 0 18 0 0 0 0 0 0 0 0 0 0 0 0 0 0 0 1 0 0 0 0 0 0 0 0 0 0 0 0 1 0 2 0 0 0 0 6 4 2 0 0 0 0 27 0 0 0 0 0 0 0 0 2 0 0 0 0 0 9 26 5 10 16 0 7 0 22 14 0 38 11 11 18 36 22 22 9 13 0 0 0 0 0 0 0 0 0 0 0 0 0 10 0 0 0 0 14 0 0 0 0 0 0 0 0 0 0 0 0 0 0 0 1 0 0 2 0 0 0 0 10 0 0 43 0 0 0 0 0 0 0 2 2 0 3 128 0 0 0 18 0 0 0 0 0 0 0 0 0 0 0 0 0 0 0 0 0 12 0 1 0 0 0 0 0 0 0 0 
 3 3 1 4 76 162 3 2 4 3 3 79 1 2 2 2 1 1 2 2 132 249 165 102 71 39 155 0 158 29 42 59 316 143 149 47 123 95 139 118 2 66 0 0 0 0 0 0 0 3 0 0 0 0 2 0 0 3 63 0 0 1 2 0 0 0 0 49 3 2 0 1 0 3 3 0 0 0 0 4 0 0 0 0 0 15 0 0 0 0 0 0 0 0 0 0 0 0 0 0 0 11 27 41 1 0 42 43 22 13 38 0 5 36 10 5 21 0 47 74 0 0 0 0 0 0 0 0 0 0 0 0 0 0 0 0 0 0 0 0 0 0 0 0 0 0 0 0 0 0 0 0 0 0 0 1 0 0 10 0 1 0 0 0 0 0 0 0 0 0 0 67 0 2 0 0 0 0 0 0 11 3 46 23 24 2 16 20 10 0 8 9 16 0 29 45 14 16 12 0 0 0 46 0 0 0 0 0 0 0 0 0 21 12 1 0 0 0 0 0 0 0 0 0 0 0 0 0 0 0 0 0 0 0 0 0 0 0 0 0 0 0 9 0 0 0 0 0 2 0 0 0 0 3 8 2 2 39 0 0 0 12 0 0 0 0 0 0 0 0 0 1 0 0 0 0 0 0 0 0 0 1 0 0 0 0 0 0 0 0 
 0 0 0 0 0 0 0 2 1 0 0 0 0 0 75 0 0 0 0 0 186 124 498 204 76 94 226 158 0 208 126 553 187 267 184 262 41 124 81 131 5 1 0 0 0 0 0 2 0 6 0 0 65 0 5 0 0 64 62 0 0 0 0 0 0 0 0 3 0 53 0 0 0 0 59 0 0 0 0 0 0 0 0 1 0 0 0 0 0 0 0 0 0 0 0 0 0 0 0 0 1 22 30 34 31 22 0 12 36 42 23 20 0 27 0 51 63 0 0 0 1 0 0 0 0 0 0 0 7 0 0 0 5 0 9 0 1 46 45 17 17 0 0 0 0 0 0 0 0 0 0 0 0 0 0 0 0 0 2 21 0 0 0 0 0 9 0 0 0 0 0 0 0 0 0 0 6 0 0 0 0 0 7 0 24 24 18 0 0 0 29 41 0 11 0 45 21 15 0 0 0 0 3 0 0 0 0 0 0 0 0 0 0 26 11 0 0 0 12 11 0 0 0 0 0 0 0 0 0 7 0 0 0 0 0 0 0 0 0 0 0 0 2 0 0 0 0 0 0 0 0 0 0 0 6 0 0 77 0 1 16 2 2 0 0 0 0 0 0 0 0 0 0 0 0 0 0 0 0 0 0 22 0 0 0 0 0 0 0 0 
 0 0 0 0 75 0 0 0 0 0 0 0 1 2 0 2 0 3 0 2 76 321 212 235 155 232 31 29 208 0 377 109 143 116 241 143 213 43 272 255 3 0 0 59 0 0 0 0 0 0 0 0 2 0 4 0 0 2 0 2 0 0 0 1 0 0 0 3 0 3 0 0 0 0 3 0 0 0 0 0 0 0 0 0 0 0 0 0 0 0 0 0 0 0 0 0 0 0 0 0 30 27 7 9 35 0 0 0 36 3 13 0 0 14 0 9 18 10 0 0 2 12 10 0 0 0 0 0 29 0 0 0 10 14 0 0 0 0 46 20 0 0 0 31 0 0 0 0 0 0 0 0 0 0 0 0 0 0 0 5 0 0 0 0 0 58 0 0 0 0 0 0 2 0 0 0 0 0 0 0 10 22 15 12 8 1 0 43 4 1 48 0 10 13 29 2 19 27 29 0 0 0 12 0 0 20 0 0 15 0 0 6 0 31 33 7 0 0 1 0 2 0 0 0 0 0 0 0 0 0 0 0 0 0 0 0 0 0 0 0 0 0 0 0 0 0 0 0 0 0 0 0 0 0 6 0 0 50 0 2 1 0 0 0 0 0 0 0 0 0 0 0 0 0 0 0 0 0 0 0 0 17 0 0 21 0 12 0 0 0 
 4 3 3 2 2 2 5 2 4 4 2 2 2 5 2 2 2 4 2 2 324 210 272 233 177 262 137 42 126 377 0 143 37 335 100 151 712 127 43 144 3 1 0 0 0 0 0 0 0 1 0 0 0 0 24 0 0 3 1 0 0 0 0 0 0 0 0 3 0 2 0 0 0 0 3 0 0 0 0 0 0 0 0 0 0 2 0 0 0 0 0 0 0 0 0 0 0 0 0 0 23 8 8 42 34 0 0 0 20 33 36 1 0 0 0 0 0 9 0 0 12 0 9 0 0 2 1 0 4 0 0 0 0 20 22 1 0 0 15 23 4 4 0 4 0 0 0 0 3 0 0 0 0 0 0 2 0 0 0 0 2 0 0 0 0 0 0 0 0 0 0 0 0 1 2 0 0 0 0 0 15 15 18 0 10 12 11 28 13 13 33 6 10 12 7 19 10 12 0 0 0 0 9 0 0 0 12 0 13 0 0 6 0 22 19 21 0 0 14 23 0 1 0 0 0 0 0 0 0 0 0 0 0 0 0 0 0 0 0 0 0 0 1 0 0 36 0 0 0 0 0 0 0 0 313 1 0 74 0 4 8 0 0 0 0 0 0 0 0 0 0 2 0 0 0 0 0 0 0 0 0 0 0 0 0 0 19 0 0 0 
 1 1 0 0 0 0 1 3 2 3 1 0 2 6 2 1 2 4 1 2 36 44 134 118 133 190 71 59 553 109 143 0 237 111 253 93 76 163 64 258 2 68 0 0 0 0 68 63 5 0 3 0 0 26 3 0 67 5 63 123 0 6 6 2 0 0 0 3 0 2 5 0 0 0 3 3 4 0 0 0 0 0 0 0 0 0 0 0 0 0 0 2 0 0 0 0 0 0 0 0 14 0 28 2 16 28 0 0 0 0 0 3 0 14 0 25 35 1 2 0 12 3 13 1 0 0 0 0 53 20 1 0 73 14 0 0 0 2 26 16 0 0 0 0 3 0 2 0 1 0 0 0 0 0 0 0 0 0 0 0 0 2 0 0 0 0 51 0 0 0 0 0 0 0 0 0 10 0 0 0 0 1 1 0 10 38 0 2 0 21 0 1 0 0 0 0 9 0 0 0 0 28 0 0 0 0 9 13 10 0 0 0 0 34 0 0 0 4 15 13 0 0 0 0 1 0 0 0 0 0 0 0 0 0 0 0 0 0 0 0 0 0 0 0 0 0 0 0 0 0 0 0 0 0 5 2 1 0 2 2 17 4 0 0 0 1 0 0 0 0 0 0 0 0 0 0 0 0 0 1 0 0 0 0 0 4 9 0 0 0 
 1 0 0 0 23 193 0 0 0 0 0 1 0 0 0 0 36 0 0 0 124 123 276 93 69 33 126 316 187 143 37 237 0 240 286 57 242 107 177 249 3 1 0 0 0 1 0 0 0 0 0 0 0 0 3 0 0 3 3 0 0 0 0 0 0 0 21 3 0 2 0 0 4 0 7 0 0 0 4 0 0 0 0 0 0 41 0 0 0 0 0 0 0 0 0 0 0 0 0 0 0 14 0 0 0 0 24 47 0 13 11 13 19 13 7 4 2 26 2 41 0 0 0 0 0 0 0 0 0 0 0 20 0 1 0 0 0 0 0 0 0 1 0 0 0 0 0 0 0 0 2 0 0 0 0 0 0 0 3 7 0 0 0 0 13 17 0 0 0 0 0 0 0 1 0 0 0 0 0 0 12 1 30 10 1 0 17 9 17 0 8 1 33 12 28 12 39 12 26 17 0 0 0 0 0 0 0 0 0 0 0 0 0 0 0 0 0 0 0 0 0 0 0 0 0 12 23 0 0 0 0 0 0 0 0 0 0 0 0 0 0 0 0 0 0 0 0 0 0 0 0 0 0 0 0 2 2 5 0 0 1 9 0 0 0 0 30 0 0 0 0 0 0 0 0 0 0 0 0 0 0 3 0 0 0 0 0 0 0 12 
 2 2 2 3 229 76 5 2 2 4 2 76 2 15 2 2 17 2 2 2 356 93 155 136 75 114 74 143 267 116 335 111 240 0 186 40 554 56 223 147 2 1 0 1 0 2 0 0 0 0 3 0 68 0 3 0 0 5 0 0 0 0 0 1 0 0 0 4 0 39 0 0 0 0 3 0 0 0 0 0 0 0 0 0 0 19 0 1 0 15 11 7 0 0 0 13 11 0 0 0 0 0 12 18 0 0 0 0 0 17 13 11 15 41 25 9 3 10 15 71 0 0 0 0 0 0 0 0 0 0 0 0 9 0 0 0 2 0 22 0 15 0 0 0 0 0 0 0 0 0 0 0 0 0 0 0 0 0 1 0 0 0 0 0 59 30 0 0 0 0 0 16 0 0 0 0 20 4 0 0 27 11 5 13 19 0 0 66 48 0 0 0 24 15 11 0 0 22 23 32 7 0 0 0 0 0 0 0 0 0 0 0 0 26 0 0 0 0 0 0 0 0 0 0 0 0 0 0 0 0 0 0 0 0 0 0 0 0 0 0 0 0 0 0 0 0 0 0 94 0 0 0 0 0 3 2 0 77 0 0 4 0 0 0 0 0 23 0 0 0 0 0 0 0 0 0 0 6 0 0 0 0 0 0 0 0 0 0 0 0 
 0 75 0 2 0 74 2 0 0 2 1 37 0 0 0 0 0 3 0 0 40 158 103 135 69 42 177 149 184 241 100 253 286 186 0 74 65 79 150 319 2 1 0 0 0 0 0 0 0 42 0 0 0 0 3 64 0 3 56 0 0 0 1 0 0 0 3 3 3 2 0 5 3 0 7 0 0 0 3 0 0 0 0 0 1 15 0 0 0 0 0 0 0 0 0 0 0 0 0 0 1 25 0 17 39 0 18 36 11 16 11 5 0 17 11 13 34 15 0 18 1 0 0 2 0 0 0 0 0 0 0 0 10 0 0 0 0 0 27 0 0 0 9 0 0 0 0 0 0 13 0 0 0 0 0 0 0 0 0 42 0 0 0 0 0 10 0 0 0 0 0 0 0 2 0 0 0 0 0 0 14 10 18 14 0 0 29 0 1 14 10 22 17 12 21 45 60 27 19 0 0 0 0 0 0 0 0 0 2 0 0 0 0 8 0 0 0 0 14 0 0 0 0 0 0 0 0 0 0 0 0 0 0 1 0 0 0 0 0 0 0 0 11 0 0 0 0 0 0 0 0 0 0 0 13 2 0 78 0 2 5 0 10 0 0 0 19 0 0 0 0 0 0 0 0 0 0 0 0 0 0 21 0 0 0 0 0 0 0 0 
 0 0 0 0 0 0 2 0 0 0 0 0 0 3 0 0 0 0 0 64 61 215 203 35 82 240 190 47 262 143 151 93 57 40 74 0 213 112 48 80 1 2 0 0 0 0 0 0 0 1 5 0 64 0 2 2 0 3 0 0 0 2 0 0 0 0 0 1 0 2 0 0 0 0 3 2 0 0 0 0 0 0 1 0 0 0 0 0 0 0 0 12 0 0 0 0 0 0 0 0 23 8 47 45 55 16 16 12 1 36 27 14 0 32 1 7 19 19 16 14 6 0 0 0 0 19 1 0 0 0 0 0 10 12 0 0 0 11 1 0 7 5 0 2 0 0 0 0 9 0 0 0 0 0 0 0 0 0 0 0 0 0 0 0 10 0 0 0 0 0 0 0 0 1 0 0 3 0 0 0 3 18 12 11 0 42 1 0 9 24 19 8 6 12 6 16 10 10 0 0 0 0 0 0 2 0 11 0 30 0 0 0 0 13 0 8 0 0 12 24 0 0 0 0 18 0 0 0 0 0 0 0 0 0 0 0 0 0 0 0 0 0 0 0 0 0 0 0 0 0 0 0 0 0 14 0 1 1 0 2 8 0 0 0 0 0 0 0 0 0 0 0 0 0 2 0 0 0 0 6 0 0 0 0 0 0 0 0 0 0 
 1 3 1 0 1 1 2 2 1 3 1 1 1 2 2 1 1 2 3 3 118 213 286 259 117 143 106 123 41 213 712 76 242 554 65 213 0 334 41 116 1 2 0 0 0 0 0 0 0 0 1 0 126 4 2 0 0 3 0 0 0 0 0 0 0 0 0 3 0 2 0 0 0 0 3 0 0 0 0 0 0 1 0 0 0 0 0 0 0 0 2 0 0 0 0 0 0 0 0 1 12 0 45 75 2 0 8 11 29 36 6 25 0 29 0 11 57 25 8 12 18 0 0 0 0 0 0 0 9 0 0 0 0 30 0 0 0 0 50 31 21 11 0 2 0 0 0 0 10 0 0 2 0 2 1 0 0 0 0 0 2 0 0 0 0 0 0 0 0 0 0 0 0 1 0 2 0 0 0 0 15 16 72 13 39 49 10 18 0 17 32 23 18 18 0 25 0 20 0 0 0 0 0 0 0 0 18 2 36 0 0 0 17 9 0 9 0 0 9 17 0 0 0 0 0 0 0 0 0 0 0 0 0 0 1 0 0 2 0 0 0 0 0 0 0 0 0 0 0 0 0 0 0 2 12 0 0 0 1 2 2 1 0 0 0 0 0 0 0 0 0 0 0 0 0 0 0 0 0 8 0 3 0 0 0 0 0 0 0 0 
 0 0 0 0 0 78 2 0 0 0 0 0 1 74 0 0 0 2 0 2 299 180 49 162 207 67 53 95 124 43 127 163 107 56 79 112 334 0 157 123 1 2 0 0 0 0 29 0 9 0 4 7 58 12 2 6 7 8 1 6 6 3 2 3 0 7 0 5 0 2 7 0 0 0 5 0 2 0 3 0 0 0 18 0 0 0 0 1 0 0 0 0 0 0 0 0 0 0 0 0 34 25 48 1 0 25 52 12 26 63 0 6 0 0 0 16 58 3 0 36 21 0 0 0 0 0 0 0 19 0 0 0 0 13 0 0 2 11 0 28 6 6 0 8 0 0 0 0 8 0 0 0 0 0 0 0 0 0 1 0 0 0 0 0 0 0 0 0 0 0 0 0 0 0 0 0 0 0 0 0 10 0 53 20 8 45 21 0 0 13 62 13 0 0 0 32 20 3 0 0 0 0 0 0 0 0 24 0 23 0 0 0 14 0 0 1 0 0 12 9 0 0 0 0 0 0 0 0 0 0 0 0 0 0 0 0 0 0 0 0 0 0 0 0 0 0 0 0 0 0 0 2 0 0 11 2 0 0 2 2 1 3 0 0 0 0 0 0 0 0 0 0 0 0 0 0 0 0 0 0 0 12 0 0 0 17 0 0 0 0 
 2 2 75 2 35 0 1 78 1 2 12 1 3 3 3 2 78 9 0 3 64 218 35 81 171 270 165 139 81 272 43 64 177 223 150 48 41 157 0 101 1 3 0 0 5 35 0 0 0 0 0 0 0 0 2 0 0 4 0 0 0 0 0 0 0 0 0 2 0 2 0 0 0 0 3 0 0 0 0 0 0 33 0 1 20 23 0 0 3 2 32 0 0 0 0 0 2 1 0 0 1 2 2 11 3 2 2 2 1 1 3 12 2 14 4 2 1 3 16 31 1 1 0 2 0 3 1 0 11 1 2 0 1 0 0 2 0 1 0 1 1 9 0 3 0 0 0 9 0 2 7 7 16 11 0 2 9 11 0 3 9 0 2 0 19 12 0 1 0 2 18 10 18 0 2 0 21 18 0 0 3 2 0 11 18 2 0 0 22 7 1 2 13 2 1 1 0 11 32 25 2 0 0 1 0 0 1 0 0 1 1 0 2 0 0 0 0 2 0 1 7 11 0 3 0 0 0 0 7 0 11 11 9 3 0 3 3 1 0 0 0 0 0 0 0 0 37 0 0 2 2 0 0 0 9 0 0 80 0 4 4 0 9 0 0 0 20 0 0 0 0 2 0 0 0 13 1 0 0 2 0 0 0 0 0 2 0 0 0 2 
 1 19 0 0 37 76 4 76 0 22 62 77 1 5 4 78 0 4 0 2 254 124 29 172 87 348 93 118 131 255 144 258 249 147 319 80 116 123 101 0 5 0 67 0 0 6 0 0 0 1 0 0 0 0 3 0 0 2 0 0 0 0 0 0 0 0 0 3 0 3 0 0 0 0 3 2 0 0 0 0 0 0 0 0 12 0 0 0 16 0 7 0 11 0 0 0 24 0 0 0 1 25 0 20 12 0 0 54 8 0 81 7 15 0 0 10 19 13 8 36 1 0 0 0 0 0 0 0 0 0 0 0 0 0 0 0 0 0 22 0 0 0 0 0 0 0 0 0 0 0 0 0 0 0 0 0 20 0 1 38 0 0 2 0 0 19 0 13 8 0 0 0 0 0 0 0 18 0 0 0 17 7 2 10 0 0 38 81 12 0 8 11 11 39 36 51 31 32 15 21 0 0 0 0 0 0 0 0 0 0 0 0 0 0 0 1 18 0 0 0 0 2 0 11 0 0 2 0 0 0 0 0 0 0 0 0 0 0 0 0 0 0 0 0 0 0 0 0 73 0 12 0 0 0 17 0 0 78 0 13 0 3 0 0 0 0 12 0 0 0 0 0 0 0 0 0 10 0 0 0 0 14 0 0 0 0 0 0 0 0 
 0 0 0 0 0 0 3 0 0 0 56 0 0 0 0 0 0 0 0 0 3 208 2 2 2 1 2 2 5 3 3 2 3 2 2 1 1 1 1 5 0 171 141 131 247 46 478 170 118 336 158 49 129 131 375 45 233 28 96 120 0 7 5 2 0 0 0 0 0 0 0 4 0 2 2 51 2 0 58 15 0 0 0 0 0 0 0 0 0 0 0 0 0 0 0 0 0 0 0 0 0 0 0 0 0 20 0 0 0 0 0 0 0 0 0 0 0 0 0 0 11 6 46 32 0 9 8 62 20 35 27 0 11 13 35 13 39 7 0 10 13 0 0 0 0 4 0 12 2 0 0 0 0 4 0 0 12 0 0 0 0 0 0 0 0 0 1 0 0 0 0 0 0 0 0 0 0 2 0 0 0 0 0 0 0 0 0 0 0 0 0 1 0 0 0 0 0 0 0 0 27 24 11 0 13 0 13 10 8 10 9 2 37 0 19 10 3 0 27 0 0 0 4 0 0 22 0 7 11 0 12 24 0 0 11 0 0 0 10 15 0 0 0 0 0 0 0 0 0 0 0 7 0 2 0 0 0 0 61 0 0 0 0 0 2 11 4 5 0 0 7 0 0 0 0 0 0 0 0 0 0 0 0 0 21 12 0 10 0 1 
 0 0 0 0 0 0 0 30 0 0 0 0 0 0 0 0 0 0 0 0 0 1 1 1 62 2 4 66 1 0 1 68 1 1 1 2 2 2 3 0 171 0 142 66 122 127 112 159 184 122 118 29 116 131 257 98 167 49 153 283 0 3 0 0 0 1 0 0 0 3 12 6 0 0 0 4 0 0 0 0 0 0 0 0 0 0 0 0 0 21 0 0 0 0 0 0 0 0 0 0 0 0 0 0 0 14 0 0 0 0 0 19 0 0 0 0 0 0 0 0 7 23 0 7 0 17 28 52 0 10 14 3 27 0 11 22 51 10 0 1 0 0 0 0 1 0 0 0 1 0 0 0 0 0 0 1 0 0 0 12 0 0 0 0 0 0 0 0 0 0 0 0 0 0 0 0 0 0 0 0 0 0 7 1 3 0 0 0 0 0 0 0 0 0 0 0 0 0 0 0 0 23 20 0 10 0 12 11 0 55 7 0 13 0 12 0 55 12 1 0 0 0 0 0 5 0 8 0 0 1 1 0 0 0 0 0 0 0 0 10 0 0 0 0 0 0 0 0 0 0 0 7 0 0 0 0 0 0 0 0 0 0 2 0 0 1 0 5 0 0 0 0 0 0 0 11 0 0 0 0 0 0 0 0 0 28 0 11 0 0 
 0 0 0 0 0 0 0 0 0 0 0 0 0 2 0 0 0 0 0 0 1 0 0 1 0 4 0 0 0 0 0 0 0 0 0 0 0 0 0 67 141 142 0 100 112 41 81 343 143 96 43 87 103 112 52 47 44 96 94 43 0 0 0 0 0 0 0 0 0 0 0 4 0 53 0 0 0 0 0 0 0 0 0 0 0 0 0 0 0 0 0 0 0 0 0 0 0 0 0 0 0 0 0 15 0 0 0 0 0 0 0 0 0 0 0 0 0 0 0 0 1 25 12 57 0 0 9 20 0 11 9 7 1 16 9 31 35 0 2 0 0 0 1 0 0 10 1 0 0 0 0 0 0 0 0 0 10 0 8 14 0 0 0 0 0 0 0 0 0 0 0 0 0 0 0 0 0 0 0 0 0 0 0 1 0 1 0 0 0 0 0 0 0 0 0 0 0 0 0 0 40 7 21 7 3 0 0 3 13 34 1 0 22 0 8 0 10 21 0 1 0 0 0 0 0 0 0 0 0 0 0 0 0 0 0 0 0 0 0 0 0 0 0 0 0 0 0 0 0 0 0 17 0 0 0 0 0 1 0 1 0 0 0 4 0 2 2 1 0 0 0 0 0 1 0 0 0 0 0 0 0 0 0 0 22 14 0 0 1 0 
 0 0 0 0 0 0 2 0 4 0 0 0 2 3 0 0 0 0 0 0 0 0 0 0 0 0 0 0 0 59 0 0 0 1 0 0 0 0 0 0 131 66 100 0 101 52 309 76 150 136 151 354 275 79 74 95 124 142 54 91 0 4 7 1 0 1 21 0 0 3 1 3 5 16 22 0 8 0 22 17 0 0 0 0 0 0 0 0 0 0 0 0 0 0 0 0 0 0 0 0 0 0 0 0 0 0 0 0 0 0 0 0 0 0 0 0 0 0 0 0 0 0 27 0 8 12 0 18 1 0 14 0 0 0 7 7 13 0 0 0 13 0 38 0 0 3 12 33 2 8 0 0 25 18 9 6 16 0 24 1 0 0 0 0 0 0 0 0 0 0 0 0 0 0 0 0 0 0 0 0 0 0 0 0 0 0 0 0 0 0 0 0 0 0 0 0 0 0 0 1 1 8 0 11 2 35 0 0 9 8 0 12 1 0 0 0 0 0 0 0 14 6 4 0 0 6 0 33 4 0 2 7 22 14 15 11 9 0 49 14 0 0 9 0 0 0 0 0 62 0 0 15 0 0 0 0 0 0 0 11 0 0 0 5 1 0 2 0 2 0 10 0 0 0 0 0 0 0 0 0 0 0 0 0 16 0 0 0 2 0 
 3 3 5 6 3 10 3 3 3 3 4 7 3 3 3 3 2 5 3 2 5 0 0 0 0 1 0 0 0 0 0 0 0 0 0 0 0 0 5 0 247 122 112 101 0 322 120 277 158 77 339 118 100 287 90 46 116 44 30 82 0 0 0 0 0 0 5 0 0 0 0 0 0 0 0 0 0 0 1 2 0 0 9 5 0 6 0 0 0 0 11 0 0 0 0 0 0 7 0 0 0 0 0 0 0 0 0 0 9 0 0 0 0 0 12 0 0 0 8 0 0 19 7 0 9 65 1 8 7 0 12 0 1 0 0 12 47 1 0 0 0 0 5 0 0 3 8 0 0 1 0 0 11 0 0 2 0 0 21 17 0 0 0 0 11 0 0 0 1 0 0 6 0 0 0 0 1 11 0 0 1 0 0 0 0 0 0 0 0 0 0 0 0 0 0 0 0 0 0 0 0 7 2 0 0 29 0 0 9 17 6 27 0 0 0 10 9 0 0 0 0 0 0 0 0 0 16 9 0 0 0 0 37 0 0 0 0 0 16 12 0 6 0 0 0 0 6 0 0 0 0 7 0 1 0 0 0 0 0 0 0 16 0 3 2 9 5 0 0 0 1 0 0 0 0 0 0 0 0 0 0 0 0 0 23 0 0 0 0 0 
 8 3 3 3 3 3 9 3 6 6 4 3 4 7 3 8 9 10 3 4 0 0 0 0 3 0 0 0 0 0 0 0 1 2 0 0 0 0 35 6 46 127 41 52 322 0 57 55 105 117 81 52 252 56 63 114 68 56 36 493 52 51 9 1 0 0 40 2 106 0 0 0 0 0 0 52 0 0 30 16 0 1 0 0 0 0 0 0 5 0 3 0 3 8 0 0 0 0 0 1 0 0 0 0 0 0 3 0 0 0 0 0 0 0 0 0 0 0 0 0 0 0 0 0 1 16 0 0 41 0 10 9 0 0 0 0 0 0 0 0 0 15 0 0 0 0 1 7 5 0 14 0 22 1 18 1 0 7 33 25 7 0 0 0 0 0 1 15 0 6 0 0 0 0 0 0 0 0 0 1 0 0 0 0 0 0 0 0 0 0 0 0 0 0 0 0 0 0 0 0 0 0 0 0 14 28 0 0 24 0 0 3 0 0 0 14 0 0 0 0 23 27 11 21 0 0 24 0 20 20 7 0 16 12 0 2 0 10 0 17 13 0 0 0 0 0 0 0 0 0 0 6 0 0 0 0 0 0 0 1 0 0 0 0 46 2 0 0 0 0 0 0 50 17 0 0 0 0 0 0 0 0 0 0 10 0 0 0 0 0 
 0 0 0 0 0 0 2 63 0 0 0 0 0 0 0 0 0 0 0 2 0 0 0 40 64 68 0 0 0 0 0 68 0 0 0 0 0 29 0 0 478 112 81 309 120 57 0 219 343 339 257 248 242 169 141 147 341 99 106 349 4 18 0 0 0 0 4 0 0 0 0 15 6 0 0 0 4 1 0 0 0 0 0 0 0 0 0 0 0 0 0 0 0 0 0 0 0 0 0 0 0 0 0 0 0 3 0 0 0 0 0 0 0 0 0 0 0 0 0 0 18 17 17 13 0 0 13 20 39 46 11 14 27 9 18 13 29 14 0 55 0 0 1 0 0 0 6 0 0 27 0 1 11 0 4 0 0 0 0 0 0 0 0 0 0 0 19 0 0 0 0 0 0 0 0 0 0 0 0 0 0 0 0 0 1 0 0 0 0 0 0 0 0 0 0 0 0 0 0 0 0 13 14 1 2 0 4 32 12 22 0 37 33 0 7 13 29 18 3 0 4 0 1 0 0 0 0 0 0 0 0 0 3 2 0 0 0 0 5 16 0 0 0 0 0 0 0 0 0 0 0 6 0 0 0 0 0 1 0 0 0 0 0 0 2 3 0 40 0 0 0 0 0 0 0 0 0 0 0 0 0 0 0 0 14 4 0 0 0 0 
 0 0 0 0 0 0 0 0 0 0 2 0 0 0 0 0 0 3 0 0 0 0 0 0 62 0 0 0 2 0 0 63 0 0 0 0 0 0 0 0 170 159 343 76 277 55 219 0 136 42 85 274 158 382 103 30 109 98 128 224 0 8 5 8 0 0 0 0 0 0 0 6 0 54 12 0 1 0 0 6 0 0 0 0 0 0 13 0 0 0 0 0 0 0 0 0 0 0 10 0 0 0 0 0 0 26 0 0 0 0 0 26 0 0 0 0 0 0 0 0 29 18 18 11 0 12 33 14 7 33 0 0 24 9 26 16 11 15 0 5 7 0 0 0 1 5 0 13 6 0 0 0 0 13 0 0 9 0 0 0 0 0 0 0 0 0 6 0 0 0 0 0 0 0 1 0 0 0 0 0 0 0 2 1 28 0 0 0 0 1 0 0 0 0 0 0 0 0 0 0 9 55 17 1 0 0 1 23 5 11 11 9 27 0 5 7 20 9 21 0 0 0 6 0 0 7 0 10 8 0 0 6 0 0 29 0 0 0 12 24 0 0 0 0 0 0 0 0 0 19 0 12 0 0 0 0 0 0 2 0 0 0 0 0 0 14 7 5 0 0 0 0 0 0 0 0 0 0 0 0 0 0 0 0 0 0 0 12 0 0 
 0 0 0 0 0 0 0 0 0 0 0 0 0 0 0 0 0 4 0 3 0 0 0 2 3 3 0 0 0 0 0 5 0 0 0 0 0 9 0 0 118 184 143 150 158 105 343 136 0 178 84 40 93 169 193 195 104 172 80 71 0 0 0 42 0 0 1 0 0 0 0 8 22 0 0 0 0 0 52 0 0 0 0 0 0 0 2 0 0 0 0 0 0 0 0 0 0 0 0 0 0 0 0 0 0 0 0 0 0 4 0 3 0 0 0 0 0 0 0 0 0 1 0 0 13 0 25 24 6 14 11 9 0 3 34 12 14 12 0 5 27 0 4 0 0 8 1 0 0 0 0 0 23 1 0 0 0 0 27 0 5 0 0 0 0 0 0 0 0 0 0 0 0 0 6 0 0 0 0 0 0 0 0 0 3 4 0 0 0 0 6 0 0 0 0 0 0 0 0 0 0 10 12 19 43 0 9 1 25 17 13 7 21 0 9 1 0 0 0 2 18 0 0 0 0 0 10 15 0 0 0 0 1 0 0 0 0 0 0 0 0 0 0 0 0 0 0 0 0 0 0 11 0 0 0 0 0 0 6 6 0 0 0 34 64 0 2 66 0 2 7 0 0 0 0 0 0 0 0 0 0 2 0 0 9 23 0 0 1 0 
 0 0 0 0 0 1 0 0 0 0 0 0 0 2 0 0 0 0 0 0 0 0 2 0 0 76 2 3 6 0 1 0 0 0 42 1 0 0 0 1 336 122 96 136 77 117 339 42 178 0 228 243 63 142 279 341 140 102 72 284 6 5 0 0 0 0 53 0 0 0 0 20 50 0 0 0 0 0 0 1 0 0 8 0 0 0 0 0 0 0 0 0 0 0 0 0 0 0 0 0 6 5 0 3 4 0 0 10 0 0 4 0 0 0 0 2 0 1 0 0 0 0 1 25 60 0 0 14 0 0 14 19 0 0 0 0 67 6 0 0 40 0 3 0 0 0 10 0 0 15 0 0 18 14 0 0 21 0 34 0 4 0 0 0 0 0 0 0 0 0 0 0 0 0 0 0 0 0 7 0 1 8 0 10 0 0 0 0 0 6 0 7 0 0 1 13 8 6 0 0 30 0 9 32 20 15 16 19 0 0 14 0 10 7 31 0 10 14 5 0 14 0 0 0 0 0 5 6 0 0 0 0 0 0 0 0 0 0 31 1 0 0 7 0 0 0 0 0 0 0 0 9 0 1 0 0 0 0 0 13 0 16 2 64 107 3 3 66 0 0 0 0 0 0 0 0 0 0 0 0 0 0 0 0 0 10 0 0 0 0 
 7 0 0 0 0 0 17 0 2 5 6 0 10 0 6 7 8 0 5 6 0 0 2 4 6 1 1 0 0 0 0 3 0 3 0 5 1 4 0 0 158 118 43 151 339 81 257 85 84 228 0 52 103 63 274 82 158 271 22 97 7 5 0 0 1 1 20 0 1 1 0 0 2 0 6 3 2 1 63 1 0 5 1 0 0 0 0 6 8 0 0 0 6 12 0 0 0 0 6 34 0 0 0 0 0 0 0 0 0 0 0 0 0 0 0 0 0 0 0 0 6 0 9 12 6 14 15 57 0 5 33 9 6 0 28 7 0 24 0 0 13 0 16 0 0 0 12 0 0 6 0 0 11 9 0 0 4 0 11 0 14 0 0 0 0 0 11 16 0 17 5 0 0 1 0 3 0 0 0 1 0 0 0 0 0 7 0 9 0 0 11 0 0 9 0 0 0 0 0 0 0 0 0 35 18 6 1 2 0 22 18 28 2 0 0 10 20 0 0 0 11 1 0 0 1 0 0 0 0 0 0 0 11 7 0 9 9 0 37 14 0 0 0 0 0 0 0 0 0 0 0 12 0 1 0 0 0 0 1 4 0 16 5 2 1 1 0 5 0 8 2 0 0 0 0 0 0 0 0 0 0 0 0 0 20 0 0 2 0 2 
 0 0 4 0 0 0 2 0 0 2 0 0 2 2 0 1 0 1 0 0 0 0 3 0 7 1 0 0 0 0 0 0 0 0 0 0 0 7 0 0 49 29 87 354 118 52 248 274 40 243 52 0 261 45 26 26 78 90 29 278 2 0 0 0 0 0 55 3 3 3 0 2 61 47 51 0 8 0 61 60 0 9 0 0 0 0 0 0 0 0 0 0 0 0 0 0 0 0 0 0 0 0 0 0 5 0 0 0 0 0 0 0 0 0 0 0 0 0 0 0 0 7 0 0 0 16 0 0 0 0 0 0 0 0 0 0 18 0 0 0 17 1 17 0 0 1 6 42 0 11 0 6 10 17 12 4 3 21 10 31 0 0 0 0 0 0 0 0 0 0 0 0 0 0 0 0 0 0 0 0 0 0 0 0 0 0 0 0 0 0 0 0 0 0 0 0 0 0 0 0 0 0 0 7 0 10 0 23 0 14 1 0 0 0 0 1 0 0 0 0 14 18 0 3 0 0 0 52 8 0 25 22 14 5 8 28 3 0 11 10 9 0 9 0 0 0 0 1 0 0 0 0 0 0 0 0 0 0 0 14 0 0 68 0 1 0 2 0 0 0 0 0 0 0 0 0 0 0 0 0 0 0 0 0 0 0 0 0 1 0 
 5 3 3 3 3 3 3 3 6 3 3 3 3 7 3 3 3 6 3 3 0 0 0 0 67 2 0 0 65 2 0 0 0 68 0 64 126 58 0 0 129 116 103 275 100 252 242 158 93 63 103 261 0 107 124 33 88 39 126 369 0 0 0 9 0 0 0 2 0 0 0 0 0 0 0 0 0 0 0 0 0 0 0 0 0 0 0 0 0 0 0 0 0 0 0 0 0 0 0 0 0 0 53 20 1 15 0 0 7 29 0 42 0 16 0 0 17 0 0 0 27 0 8 1 0 11 32 7 0 13 0 0 9 10 18 0 20 8 0 9 7 7 0 0 1 0 0 0 3 0 0 0 0 0 10 0 0 0 0 0 0 0 0 0 0 0 0 0 0 0 0 0 0 0 1 19 1 6 0 0 0 0 48 3 1 15 0 0 0 20 11 19 0 0 0 0 0 0 0 0 0 7 0 0 0 0 17 11 19 1 11 0 0 0 1 1 5 0 10 27 11 0 0 0 0 0 0 0 0 0 0 0 0 0 0 0 0 0 10 11 0 0 0 0 0 0 0 0 0 0 0 0 0 0 0 0 0 0 30 0 1 0 0 0 0 5 0 0 2 0 0 0 0 0 0 0 0 0 0 0 0 0 0 0 0 0 0 11 0 0 
 0 0 0 0 0 0 0 0 0 0 0 0 0 0 0 0 0 2 57 0 0 0 3 2 33 3 63 0 0 0 0 26 0 0 0 0 4 12 0 0 131 131 112 79 287 56 169 382 169 142 63 45 107 0 297 44 162 82 135 241 4 3 0 39 0 0 0 0 0 0 0 0 0 0 0 0 0 0 0 0 0 0 0 0 0 0 0 0 0 0 0 0 0 0 0 0 0 0 0 0 0 0 6 0 1 26 0 0 0 3 0 3 0 0 0 0 3 0 0 0 14 11 32 23 0 0 2 0 46 33 14 1 20 32 0 15 0 7 19 28 0 0 0 0 0 0 0 0 0 0 1 0 0 0 0 0 0 0 0 0 0 0 0 0 0 0 5 0 0 0 0 0 0 0 1 0 0 0 0 0 0 0 3 15 54 2 0 0 0 0 5 0 0 0 0 0 0 0 0 0 6 26 0 4 0 0 0 11 5 0 0 10 39 0 0 22 0 9 41 0 0 0 0 0 0 0 0 0 0 4 0 0 0 0 0 0 0 0 3 0 0 0 0 0 0 0 0 0 0 0 0 5 0 0 0 0 0 0 0 0 0 0 2 0 2 15 0 1 0 0 0 0 0 0 0 0 0 0 0 0 0 2 0 0 0 0 0 0 0 0 
 0 1 0 0 0 0 0 0 0 0 0 0 0 0 0 0 0 0 0 0 3 7 5 3 3 42 3 2 5 4 24 3 3 3 3 2 2 2 2 3 375 257 52 74 90 63 141 103 193 279 274 26 124 297 0 132 177 38 404 197 0 7 0 0 0 5 0 0 0 0 3 9 2 1 0 0 0 0 0 45 0 0 0 0 0 0 0 0 0 0 0 0 0 0 0 0 0 0 0 0 0 2 0 0 0 0 0 0 0 0 0 0 0 0 0 0 0 0 0 0 6 7 0 8 0 24 14 54 18 45 19 18 9 0 18 24 21 18 0 17 0 0 0 0 0 0 0 0 0 0 0 0 0 0 0 0 0 0 0 0 0 0 0 0 0 0 0 0 0 0 0 0 0 0 3 0 0 0 6 0 0 0 0 0 0 0 0 0 0 0 0 2 0 0 0 0 0 0 0 0 5 7 34 7 4 0 3 28 0 20 13 0 18 0 25 0 38 20 0 0 0 0 0 0 24 0 14 0 0 0 0 0 0 0 0 0 0 0 0 10 0 0 0 0 0 0 0 0 2 0 0 9 0 0 0 0 0 0 0 2 0 0 4 0 0 0 2 37 0 0 0 0 0 0 0 7 0 0 0 0 0 0 0 0 2 3 0 10 0 0 
 4 2 2 2 2 2 5 2 9 2 2 2 2 4 2 2 2 3 2 2 0 2 0 0 0 90 0 0 0 0 0 0 0 0 64 2 0 6 0 0 45 98 47 95 46 114 147 30 195 341 82 26 33 44 132 0 253 81 93 58 0 6 0 1 0 0 7 0 0 0 2 4 20 0 1 0 2 1 0 0 0 0 15 0 0 0 0 0 0 0 0 0 0 0 0 0 0 0 0 0 0 0 10 0 0 0 0 24 0 0 0 0 0 19 0 0 0 0 0 0 0 7 0 7 5 0 0 8 30 20 9 37 0 0 10 11 6 0 0 15 4 0 0 0 0 0 1 0 0 0 0 0 21 0 0 0 0 0 36 1 10 0 0 0 0 0 0 0 0 0 0 0 0 0 0 0 0 0 0 0 0 0 0 0 0 0 0 0 0 7 0 0 0 0 0 0 0 0 0 0 2 7 19 27 8 15 12 23 21 8 15 0 31 0 19 0 3 17 0 0 15 0 0 0 0 0 7 0 0 0 0 0 1 0 0 0 0 0 0 0 0 0 0 0 0 0 0 0 1 0 0 1 0 0 0 0 0 0 0 8 0 0 0 32 14 5 0 11 1 0 0 0 0 0 0 0 0 0 0 0 0 0 0 0 19 26 0 0 1 7 
 0 0 0 0 0 0 3 0 2 0 0 0 5 3 0 0 0 0 0 0 0 1 0 0 64 68 0 0 0 0 0 67 0 0 0 0 0 7 0 0 233 167 44 124 116 68 341 109 104 140 158 78 88 162 177 253 0 119 20 32 2 6 0 1 0 0 1 0 0 0 2 1 31 1 0 0 2 0 0 0 0 0 0 0 0 0 0 0 0 0 0 0 0 0 0 0 0 0 0 0 0 0 0 0 0 0 0 0 0 0 0 0 0 0 0 0 11 0 0 0 55 10 11 8 1 1 19 21 19 45 11 8 26 0 1 1 17 18 0 20 8 0 0 0 0 0 0 0 0 0 0 0 23 0 0 0 0 0 15 0 2 0 0 0 0 0 0 0 0 0 0 0 0 0 0 0 0 0 0 0 0 0 0 0 1 0 0 0 0 0 0 0 0 0 0 0 0 0 0 0 1 17 2 45 0 0 20 22 0 1 6 0 1 0 19 1 22 19 0 0 12 0 0 0 0 0 0 0 0 0 0 0 0 0 0 0 0 0 24 14 0 0 0 0 0 0 0 0 0 0 0 16 0 0 0 0 0 0 0 11 0 0 0 6 2 0 0 64 0 0 0 0 0 0 0 0 0 0 0 0 0 0 0 0 1 24 0 0 1 0 
 2 70 3 2 2 2 9 73 2 2 31 2 2 5 66 2 3 4 2 2 2 3 5 3 5 3 3 3 64 2 3 5 3 5 3 3 3 8 4 2 28 49 96 142 44 56 99 98 172 102 271 90 39 82 38 81 119 0 105 61 0 0 0 0 0 3 57 3 0 0 18 3 50 0 76 0 2 0 52 2 0 0 0 8 25 0 0 0 23 0 0 0 0 0 0 0 20 0 0 0 0 6 0 0 0 20 0 0 0 0 0 0 0 0 0 0 0 0 0 0 3 0 14 8 7 10 0 0 18 0 0 27 0 0 0 0 0 0 0 18 0 0 12 0 0 0 9 0 0 0 1 0 19 0 15 11 6 0 20 0 0 0 0 0 0 0 16 3 3 0 14 0 0 10 15 24 15 68 0 0 0 0 0 15 0 0 0 0 0 0 0 1 0 0 0 0 0 0 16 0 0 13 0 7 0 10 0 4 13 0 0 13 14 0 1 14 0 0 8 0 0 15 0 0 6 0 7 8 0 3 0 0 10 0 0 2 0 0 0 10 0 0 10 0 0 0 2 0 0 0 0 17 0 0 0 0 2 0 0 9 0 0 14 0 3 8 3 2 0 0 1 0 0 0 0 9 0 0 0 0 0 0 0 0 0 15 0 0 1 0 
 0 0 0 0 0 0 0 0 0 0 0 42 0 0 0 0 0 0 0 0 37 62 0 70 145 0 0 63 62 0 1 63 3 0 56 0 0 1 0 0 96 153 94 54 30 36 106 128 80 72 22 29 126 135 404 93 20 105 0 141 0 2 1 2 1 0 4 48 2 0 2 12 0 2 53 2 0 2 0 1 0 0 0 0 0 0 0 0 0 0 0 0 0 0 0 0 0 0 0 0 0 0 5 5 0 9 0 0 9 10 5 20 0 0 0 1 0 0 0 0 11 24 0 0 0 10 18 23 0 24 0 24 19 0 30 9 10 0 0 5 0 10 0 0 0 0 0 0 0 0 0 0 0 0 0 0 0 0 0 0 0 0 0 0 0 0 6 0 0 0 0 0 0 0 5 0 0 0 0 0 0 21 0 1 27 11 0 0 0 13 0 0 0 0 0 0 8 0 0 0 1 19 18 1 22 0 19 11 0 18 0 30 5 0 12 0 3 21 13 10 0 0 0 0 0 0 0 0 0 0 0 0 0 0 0 0 0 0 0 0 0 0 0 0 0 0 0 0 0 0 0 3 0 2 0 0 1 0 0 2 0 0 0 0 0 1 2 69 0 0 0 0 0 0 0 0 0 0 0 0 0 0 0 0 0 13 0 2 2 0 
 2 65 2 2 2 2 5 2 2 2 2 2 2 2 2 2 2 26 2 2 0 0 3 77 77 65 0 0 0 2 0 123 0 0 0 0 0 6 0 0 120 283 43 91 82 493 349 224 71 284 97 278 369 241 197 58 32 61 141 0 0 0 0 0 0 0 0 0 0 6 0 0 4 56 0 0 5 0 0 6 0 0 0 0 0 0 0 0 0 0 0 0 0 0 0 0 0 7 0 0 0 0 0 0 0 24 0 0 0 0 0 18 0 0 0 0 0 0 0 0 25 10 25 9 0 11 30 0 19 13 0 21 50 2 0 0 1 13 11 19 13 0 31 0 0 0 4 5 0 3 0 0 0 0 0 0 0 0 0 0 0 0 0 0 0 0 7 0 0 0 0 0 0 0 7 0 0 0 0 0 0 0 0 0 12 7 0 0 0 0 0 0 0 0 0 0 0 0 0 0 11 24 1 0 8 0 0 72 15 13 6 13 14 1 0 14 23 11 16 6 4 0 1 0 0 0 0 3 0 0 6 0 30 0 4 0 0 0 0 12 0 0 16 0 0 0 0 0 0 0 0 12 0 0 0 0 0 0 0 0 0 0 1 0 0 36 2 0 1 0 0 0 0 0 0 0 0 0 0 0 0 0 0 0 0 0 12 20 0 0 
 0 0 0 0 0 0 1 0 0 0 0 0 0 0 0 0 0 1 0 0 0 26 3 0 42 0 0 0 0 0 0 0 0 0 0 0 0 6 0 0 0 0 0 0 0 52 4 0 0 6 7 2 0 4 0 0 2 0 0 0 0 182 340 105 87 246 396 117 66 124 69 128 181 58 82 72 14 119 108 91 0 0 0 0 14 0 0 0 0 0 0 0 0 0 0 0 0 0 0 0 0 0 0 0 0 0 0 0 0 3 0 10 0 0 0 0 0 0 0 0 0 0 0 10 0 0 0 0 0 0 7 7 0 0 0 0 13 6 0 0 0 0 10 1 11 0 0 18 9 1 30 0 6 0 20 10 0 14 0 15 0 0 0 0 0 0 0 0 0 0 0 0 0 0 0 0 0 0 0 0 0 0 0 0 0 0 0 0 0 0 0 0 0 0 0 0 0 0 0 0 0 0 0 29 16 0 3 0 0 0 0 0 0 0 11 2 0 0 0 0 1 6 38 22 1 3 0 1 1 8 0 1 21 16 30 19 19 20 12 46 0 0 0 10 0 0 0 0 0 2 0 0 0 0 2 0 0 0 0 0 0 0 0 0 0 0 0 4 0 0 3 0 29 10 4 0 0 0 0 0 0 0 0 0 0 10 0 0 0 0 
