 0 417 269 43 136 31 254 209 227 120 338 338 342 324 46 357 146 274 53 216 3 0 0 0 37 1 74 2 3 2 0 0 0 0 0 0 0 0 1 0 0 67 2 0 3 0 0 0 0 0 0 0 0 0 0 1 0 0 0 0 0 3 0 0 0 0 0 2 0 0 0 2 0 0 1 1 0 0 0 0 11 32 32 14 0 26 28 32 12 50 14 1 29 16 25 9 20 22 0 2 0 0 0 0 0 0 0 0 0 0 0 0 1 0 0 0 0 1 7 0 0 0 0 0 0 0 0 0 0 0 0 0 0 0 0 34 0 0 0 0 0 6 0 2 0 2 0 0 0 0 10 0 31 0 0 0 0 0 0 0 6 11 13 35 2 0 6 2 19 1 0 0 25 1 38 48 38 0 0 14 0 0 0 0 0 0 0 0 0 0 0 2 20 0 0 0 20 0 14 0 0 0 0 2 0 0 0 0 14 0 0 0 0 0 0 0 0 0 0 0 0 0 0 0 0 0 0 0 0 0 0 0 0 0 0 0 1 0 0 0 0 12 0 0 0 1 47 0 90 2 0 5 0 0 0 0 0 2 0 0 0 0 0 0 0 2 0 0 0 0 0 0 0 0 0 0 0 18 0 0 0 0 0 0 0 0 0 0 0 0 
 417 0 299 238 33 30 82 187 28 55 36 44 85 153 57 361 48 351 43 158 5 0 0 0 0 0 0 0 0 0 2 0 0 0 0 0 0 69 0 1 0 56 1 0 4 4 0 57 0 0 0 2 0 0 0 0 0 0 0 0 0 2 0 0 0 0 0 2 0 53 0 2 0 0 2 0 0 0 0 0 24 31 20 22 0 10 17 34 26 18 42 0 22 38 17 24 0 0 0 56 0 0 14 0 0 0 0 0 0 0 0 0 0 0 0 0 0 0 0 1 0 0 0 0 0 0 0 0 0 0 0 0 0 0 0 0 0 0 0 0 3 0 0 0 0 0 0 0 3 0 0 0 0 0 0 0 0 0 0 0 42 38 0 16 0 0 30 40 29 0 16 18 24 0 23 19 10 0 0 10 0 0 0 0 0 0 0 0 0 0 0 0 0 0 0 0 0 0 9 0 0 0 0 0 0 0 0 0 0 0 0 0 0 0 0 0 0 0 0 0 0 0 0 0 0 0 0 19 0 0 0 0 0 0 8 0 0 0 0 0 0 12 0 0 0 0 160 0 0 0 2 9 0 0 0 0 0 0 0 0 0 0 15 0 0 0 0 0 0 0 0 0 0 0 0 0 0 0 0 0 0 0 0 0 0 0 0 0 0 0 
 269 299 0 440 70 48 330 98 92 252 138 138 173 63 57 134 69 276 344 79 4 0 206 0 0 75 0 0 0 0 1 0 109 0 0 0 0 0 0 0 6 3 1 6 3 0 0 0 0 0 0 0 0 0 0 0 0 0 0 0 0 3 0 0 0 0 0 2 0 0 0 2 0 0 1 0 0 3 2 0 8 10 26 7 18 57 16 10 13 57 26 1 24 14 33 0 40 11 1 11 0 9 0 0 0 0 23 14 10 0 0 0 15 0 0 0 0 0 11 16 0 2 1 0 0 0 0 2 0 0 10 0 55 0 0 0 0 0 0 0 0 0 0 0 0 13 0 0 2 0 2 0 0 1 0 0 0 0 0 0 0 16 21 22 12 12 0 0 7 60 3 7 22 0 10 12 0 14 1 1 10 0 0 0 0 0 0 17 0 0 0 0 1 17 0 0 18 0 28 10 0 0 0 0 0 0 0 0 0 0 0 0 0 0 0 2 0 0 0 0 0 0 0 0 0 0 0 0 0 0 0 0 0 0 0 0 0 0 0 0 0 8 0 0 0 1 92 2 1 6 18 6 11 0 0 0 0 0 0 0 0 0 19 0 0 0 0 0 0 0 0 0 0 0 0 10 0 0 0 0 0 0 0 0 0 0 0 0 0 0 
 43 238 440 0 153 30 69 67 304 181 111 249 55 64 176 116 27 119 73 252 74 0 0 0 0 2 68 79 3 0 0 0 2 76 1 0 74 0 83 1 0 0 2 0 0 0 0 0 0 0 0 0 0 1 0 1 2 2 0 1 0 0 3 1 0 5 0 0 0 0 0 4 2 0 3 0 0 10 0 0 7 22 0 16 0 25 0 0 2 15 45 11 0 16 14 0 1 0 0 28 15 15 0 0 0 0 15 26 0 0 0 0 0 16 0 23 0 6 3 0 0 9 0 0 0 0 0 0 0 0 0 9 0 11 0 0 0 0 0 0 11 0 15 0 0 0 0 0 11 0 0 0 0 0 0 0 0 0 0 0 0 11 0 14 8 11 0 0 0 1 48 22 0 0 3 0 0 0 0 19 12 60 21 0 0 0 14 16 0 0 0 0 14 0 0 28 0 0 18 32 0 0 0 0 0 0 0 0 0 0 0 0 0 0 0 0 0 0 0 0 0 0 0 0 0 0 0 0 0 0 0 0 0 0 0 0 0 0 0 0 0 21 0 0 0 0 94 0 2 1 0 4 0 0 0 0 0 0 0 0 0 0 17 0 0 0 0 0 0 0 0 0 0 0 0 0 22 0 0 0 0 0 0 0 0 0 0 0 0 0 
 136 33 70 153 0 179 38 68 43 123 142 27 475 51 110 334 131 29 51 58 75 75 0 1 2 1 61 126 1 0 0 0 2 1 21 0 4 0 203 123 0 4 1 2 4 0 0 0 0 2 0 0 0 0 0 2 0 2 0 0 0 3 2 0 0 0 35 3 2 0 0 2 0 1 6 0 0 0 0 2 2 0 0 1 18 0 18 0 0 0 0 1 0 2 0 0 0 0 0 0 34 19 11 1 0 0 0 26 13 0 0 1 0 47 1 21 0 3 18 12 0 0 0 0 2 0 0 0 0 0 0 0 0 0 0 0 0 0 0 0 0 0 1 0 2 0 0 0 0 1 1 0 0 0 0 0 0 0 0 0 0 1 6 14 6 23 0 0 0 1 0 10 0 0 0 0 14 15 0 0 18 24 57 0 0 0 26 11 1 15 0 0 39 0 0 20 0 0 39 22 0 0 0 0 0 0 0 1 0 0 0 0 0 0 0 0 0 0 0 0 0 1 0 0 0 0 1 0 0 0 0 1 0 0 0 0 0 0 0 0 0 0 0 0 0 7 0 2 0 0 2 6 0 0 0 0 0 0 0 0 0 0 0 0 0 0 0 0 0 0 0 0 0 0 0 0 29 0 0 0 0 0 0 0 0 0 0 0 0 0 
 31 30 48 30 179 0 64 33 122 53 222 37 42 117 51 96 125 259 30 31 2 103 0 1 0 0 0 21 0 2 0 0 74 162 22 151 0 4 74 74 0 3 2 0 3 0 0 0 0 0 0 0 0 0 0 1 0 1 0 3 0 3 0 0 0 0 0 2 0 0 0 2 0 0 1 0 0 0 0 0 1 0 16 0 20 13 0 1 0 0 0 0 0 0 7 1 13 10 0 0 11 0 3 48 0 0 0 0 8 0 0 0 13 74 35 0 29 10 0 17 0 0 0 0 0 0 0 0 0 0 0 0 0 0 0 0 0 0 0 0 0 0 2 0 0 0 0 0 0 0 0 0 0 0 0 0 0 0 0 0 0 0 19 0 0 5 6 0 0 36 13 0 0 0 1 0 0 12 0 2 0 10 1 15 0 0 17 0 2 0 0 0 23 18 14 0 17 26 14 21 0 0 0 0 0 0 0 0 0 0 0 12 0 0 0 9 0 0 0 0 0 0 0 0 0 0 0 0 0 0 0 0 0 0 0 0 0 0 0 0 0 15 0 0 0 1 4 0 3 0 0 21 0 0 0 0 0 0 124 0 0 0 0 0 0 0 0 0 0 0 0 0 0 0 0 8 10 1 0 0 0 0 0 0 0 0 0 0 0 0 
 254 82 330 69 38 64 0 298 203 35 115 111 341 276 121 41 387 340 236 312 4 2 0 4 0 4 0 0 202 0 3 0 4 2 2 202 2 0 2 0 0 3 1 0 6 0 64 0 0 0 0 1 0 2 0 0 0 0 1 3 0 5 1 0 0 0 0 4 0 0 0 57 0 0 0 0 0 0 0 0 9 19 17 0 41 0 23 10 3 10 0 14 10 0 41 1 12 9 12 15 0 0 0 0 0 0 0 0 0 0 0 0 0 0 0 0 0 0 0 0 0 0 0 0 0 6 0 0 0 0 0 0 0 0 0 0 0 0 0 0 0 6 0 0 0 0 0 0 0 0 0 0 9 0 0 0 0 0 0 0 0 5 18 29 0 0 22 14 0 0 8 0 70 0 0 30 3 15 0 12 0 0 0 0 0 0 0 0 0 0 0 0 1 0 0 0 0 0 12 0 0 0 0 0 0 0 0 0 0 0 0 0 0 0 0 0 0 0 0 0 0 0 0 0 0 0 0 0 0 0 0 0 0 0 0 0 0 0 14 0 0 0 0 0 0 2 0 0 4 0 23 18 0 0 0 0 0 0 0 0 0 0 0 0 0 2 0 0 0 0 0 0 0 0 0 0 0 0 0 0 0 0 0 0 0 0 0 0 0 0 
 209 187 98 67 68 33 298 0 215 38 255 42 473 233 253 211 191 61 157 81 3 0 0 0 0 1 0 0 0 0 0 0 0 7 0 0 0 0 78 0 0 3 1 0 3 0 0 0 0 0 0 2 65 1 0 0 0 62 0 0 0 2 0 0 0 0 0 2 0 0 0 2 0 0 0 0 0 0 0 0 15 27 28 2 38 0 11 14 43 0 16 8 1 33 8 35 0 8 26 10 0 0 1 0 0 0 0 0 0 2 1 0 1 0 0 0 0 0 0 16 0 0 0 0 0 0 0 0 0 0 0 0 0 0 0 0 0 0 0 0 0 3 0 0 0 0 0 0 0 0 0 0 27 0 0 0 0 0 0 0 23 8 10 21 0 0 51 54 1 0 7 0 31 8 7 27 22 28 0 25 0 0 0 0 0 0 0 0 0 0 0 0 0 0 0 0 0 0 0 0 0 0 0 0 0 0 0 0 0 0 0 2 0 0 0 0 0 0 0 0 0 0 0 0 0 0 0 0 0 0 0 0 0 0 0 0 0 0 0 0 0 0 0 0 0 3 0 0 0 0 1 12 0 0 0 0 0 0 0 0 0 0 0 0 0 0 0 0 0 0 0 0 0 0 0 0 0 7 0 0 0 0 0 0 0 0 0 0 0 0 
 227 28 92 304 43 122 203 215 0 245 139 399 153 100 78 144 323 145 175 66 78 1 0 0 0 2 1 0 0 0 0 0 0 0 1 0 0 0 1 0 0 3 1 0 3 1 0 0 0 0 0 0 0 0 0 1 0 1 0 1 0 2 0 0 0 0 0 2 0 0 0 2 0 0 0 0 2 0 0 0 17 12 11 0 19 11 9 16 18 11 0 19 9 0 41 14 13 13 0 24 11 0 11 0 0 0 18 0 0 0 0 0 10 0 22 0 0 0 0 15 0 0 1 0 0 2 0 0 0 0 0 0 0 0 0 0 0 0 0 0 0 9 0 0 0 0 0 0 0 0 1 0 1 0 0 0 0 0 0 0 9 0 36 23 0 30 27 0 20 18 7 0 42 0 4 20 11 55 0 0 13 30 0 0 7 1 0 0 0 0 0 0 37 0 0 45 0 0 5 0 0 0 0 0 0 0 0 0 0 0 0 0 0 0 0 0 0 0 0 0 0 0 0 2 0 0 0 0 0 0 0 0 0 0 0 0 0 0 0 0 0 0 0 0 0 1 1 0 3 2 20 12 0 0 0 0 0 0 0 0 0 0 0 0 0 0 0 0 0 2 0 0 0 0 0 0 39 4 0 0 0 0 0 0 0 0 0 0 0 0 
 120 55 252 181 123 53 35 38 245 0 149 335 38 171 83 533 41 95 169 323 4 0 2 0 0 0 0 30 0 0 0 0 97 0 0 0 0 0 153 84 0 3 2 0 3 7 0 0 0 0 0 3 0 0 0 0 0 64 0 0 0 3 0 0 0 1 0 2 0 0 0 2 30 1 5 0 0 0 0 0 0 0 12 75 16 22 0 12 39 19 30 21 0 0 0 14 28 29 0 0 26 16 0 0 0 0 33 15 3 0 0 0 38 0 15 1 0 0 21 15 0 7 6 0 0 0 0 0 0 0 0 0 17 0 0 0 0 0 0 0 0 0 0 1 0 1 0 0 0 0 0 0 0 0 0 15 0 0 0 0 0 17 22 5 21 28 0 0 5 39 0 7 0 0 0 0 22 28 0 0 3 0 0 0 0 0 29 11 0 15 0 1 48 0 0 10 2 0 0 1 0 0 18 1 0 0 0 0 0 0 0 0 0 0 0 0 0 0 0 0 0 0 0 11 0 0 0 0 0 0 0 0 0 0 0 0 1 0 13 0 0 0 0 0 0 0 1 0 1 91 2 5 17 0 0 0 0 0 0 0 12 0 0 0 0 0 0 0 0 0 0 0 0 0 0 3 0 0 0 0 0 0 0 0 0 0 0 0 0 0 
 338 36 138 111 142 222 115 255 139 149 0 220 54 134 237 346 203 53 36 70 76 0 0 0 0 0 27 0 0 0 0 75 0 1 0 0 0 0 0 0 0 3 2 0 3 0 0 0 0 0 0 0 0 0 49 0 0 2 2 0 0 3 0 0 0 0 0 2 0 0 0 2 0 0 1 0 0 0 0 0 0 0 18 25 19 10 0 24 0 35 1 3 0 0 24 0 28 13 0 0 4 14 0 0 0 0 24 31 0 0 0 0 27 0 16 21 0 17 42 0 0 0 0 0 0 0 0 0 0 0 0 0 1 0 0 0 0 0 0 0 22 0 0 0 0 0 1 0 0 0 0 0 0 0 0 0 0 0 0 0 0 0 37 16 36 37 0 0 4 68 10 2 0 0 0 15 20 16 0 0 15 13 17 0 0 1 47 16 0 0 0 0 59 0 0 28 0 0 1 15 0 0 0 0 0 0 0 0 0 0 0 0 0 0 0 0 0 0 0 0 0 0 0 0 0 0 0 0 0 0 0 0 0 0 0 0 0 0 0 0 0 0 0 0 0 0 1 0 7 0 4 6 0 0 1 0 0 0 0 0 0 0 0 0 0 0 0 0 0 1 0 0 0 0 0 21 34 0 0 0 0 0 0 0 0 0 0 0 0 0 
 338 44 138 249 27 37 111 42 399 335 220 0 323 249 38 245 162 111 28 308 77 0 0 0 0 0 0 1 2 2 0 0 0 0 0 0 0 0 1 0 0 5 1 0 3 0 0 0 0 0 0 0 0 0 0 0 0 1 0 0 0 3 0 0 0 0 0 3 0 0 0 2 0 0 3 0 0 0 0 0 6 10 10 0 0 32 12 12 9 12 20 12 13 0 26 0 1 11 0 0 0 0 0 0 11 0 0 0 0 0 0 0 12 0 0 0 0 0 0 0 0 0 0 0 0 0 0 0 0 0 0 0 0 0 0 0 0 0 0 0 5 0 0 0 0 0 0 0 2 0 0 0 0 0 0 0 0 0 0 0 0 22 12 21 0 0 0 10 7 1 0 13 1 0 9 12 0 0 0 0 10 19 0 0 0 0 0 1 0 0 0 0 30 0 0 19 0 0 12 0 0 0 0 0 0 0 0 0 0 0 0 0 0 0 0 0 0 0 0 0 0 0 0 0 0 0 0 0 0 0 0 0 0 0 0 0 0 0 0 0 0 22 0 0 0 2 87 0 86 4 6 11 0 0 0 0 0 0 0 0 0 0 15 0 0 0 0 0 0 0 0 0 0 0 0 20 19 0 0 0 0 0 0 0 0 0 0 0 0 0 
 342 85 173 55 475 42 341 473 153 38 54 323 0 317 34 129 114 216 490 62 4 0 0 0 0 0 0 0 0 0 74 0 0 0 0 0 0 0 0 2 68 3 2 0 3 0 0 0 0 0 0 0 0 0 0 2 0 0 0 0 0 3 0 0 0 0 0 2 0 0 0 2 0 0 1 45 0 0 0 0 10 4 9 0 19 0 21 20 13 11 0 19 50 0 19 11 61 0 39 47 0 0 0 0 0 0 0 0 0 0 0 0 1 0 0 0 0 0 0 0 0 0 0 0 0 0 0 0 0 0 0 0 0 0 0 0 0 0 0 0 0 0 0 0 0 16 0 0 0 0 0 0 0 0 0 0 0 0 0 0 63 0 15 35 0 0 14 1 10 1 16 0 32 19 0 36 1 14 5 0 0 0 0 0 0 0 0 0 0 10 0 0 5 0 9 0 0 0 4 0 0 0 0 0 0 0 0 0 0 0 0 0 0 0 0 0 0 0 0 0 0 0 0 0 0 0 0 0 0 0 0 0 0 0 0 0 0 0 0 0 0 0 0 0 0 0 0 1 5 88 18 5 0 0 0 0 0 0 0 0 0 0 0 0 0 0 0 0 0 0 0 0 0 0 0 16 0 0 0 0 0 0 0 0 0 0 0 0 0 0 
 324 153 63 64 51 117 276 233 100 171 134 249 317 0 303 233 221 46 319 102 9 0 0 0 0 0 0 0 0 0 0 1 0 0 0 0 0 0 79 0 27 3 0 0 3 1 0 0 0 0 0 0 0 0 0 0 0 62 0 0 0 44 0 0 0 0 0 2 0 0 0 2 0 0 2 0 0 0 0 1 11 2 37 12 29 4 1 24 36 8 17 1 0 26 22 23 16 11 10 16 11 0 0 0 0 0 13 0 0 0 0 0 1 0 0 0 0 0 10 16 0 0 0 0 0 0 0 0 0 0 1 0 0 0 0 10 10 0 0 0 0 6 0 0 0 0 0 0 0 0 0 1 1 0 0 0 0 0 0 0 14 14 1 0 0 0 23 5 35 9 12 0 16 0 6 13 42 14 0 10 0 2 2 0 0 0 0 0 0 0 0 0 13 2 0 0 0 0 1 0 0 0 0 0 0 0 0 0 0 0 0 0 0 1 0 0 0 0 0 0 0 0 0 0 0 0 0 40 0 0 0 0 0 1 0 0 0 0 0 0 0 0 0 0 0 0 95 0 3 0 1 2 0 0 0 0 0 0 0 0 0 0 0 0 0 0 0 0 0 0 0 0 0 0 0 9 0 7 0 0 0 0 0 0 0 0 0 0 0 0 
 46 57 57 176 110 51 121 253 78 83 237 38 34 303 0 296 139 39 67 91 3 0 0 0 0 0 0 2 0 0 2 0 0 0 2 0 2 0 0 0 5 3 1 0 3 0 0 0 0 0 0 0 0 0 0 0 37 0 0 0 0 3 0 0 0 30 0 2 0 0 0 2 0 0 2 0 0 0 0 0 7 16 29 23 0 30 1 20 11 1 0 21 0 15 38 0 17 13 0 12 1 0 0 0 0 0 0 0 1 0 0 0 13 0 0 0 0 0 8 25 0 0 0 0 0 0 0 0 16 0 2 0 0 0 0 0 0 0 0 0 0 0 0 0 0 0 0 0 0 0 0 0 4 0 0 0 0 0 0 0 3 0 2 11 13 0 0 21 13 21 1 0 0 13 11 0 13 0 0 33 0 0 2 0 0 0 0 0 0 0 0 0 17 2 0 0 0 0 0 0 0 0 0 0 0 1 0 0 0 0 0 0 0 1 0 0 0 12 0 0 0 0 1 0 0 0 0 0 0 0 0 0 0 1 0 0 0 0 0 0 0 11 0 0 0 0 3 2 91 4 0 18 0 0 0 0 0 0 0 0 0 0 13 0 0 0 0 0 0 0 0 0 0 0 0 9 0 1 0 0 0 0 0 0 0 0 0 0 0 0 
 357 361 134 116 334 96 41 211 144 533 346 245 129 233 296 0 126 185 54 420 4 74 0 0 0 0 0 8 0 0 0 0 79 0 0 0 0 0 23 1 0 3 1 3 3 3 0 0 0 0 0 0 0 0 0 0 0 38 0 0 0 3 0 0 0 0 0 2 0 0 0 5 0 4 2 0 0 0 0 0 10 27 38 11 23 62 1 4 20 18 60 41 0 18 22 28 24 0 0 26 0 0 0 0 0 0 5 0 11 2 0 0 24 0 0 0 0 0 5 12 0 11 0 0 0 0 0 0 0 0 0 0 20 0 0 0 0 0 15 0 0 0 0 0 0 7 2 0 0 0 0 10 2 0 0 0 0 0 0 2 0 7 19 19 1 1 0 0 9 20 13 0 2 0 11 0 4 25 0 12 23 0 0 0 0 0 0 16 0 0 0 0 0 0 0 0 0 0 0 0 0 0 0 0 0 0 0 0 0 0 0 2 0 0 0 0 0 2 0 0 0 0 0 0 0 0 0 0 0 0 0 0 0 0 0 1 0 0 0 0 0 8 0 0 0 0 88 0 2 2 2 3 0 0 0 0 0 0 0 0 0 0 17 0 0 0 0 0 0 0 0 0 0 0 0 11 0 0 0 0 0 0 0 0 0 0 0 0 0 0 
 146 48 69 27 131 125 387 191 323 41 203 162 114 221 139 126 0 269 50 38 74 0 0 0 0 2 2 34 0 0 0 0 1 1 31 20 0 25 6 1 63 0 2 0 0 0 0 0 0 0 0 0 0 0 0 0 4 1 0 3 0 0 3 0 0 0 0 0 0 0 0 0 2 0 0 0 0 48 0 0 0 24 55 1 23 10 11 14 11 11 0 20 0 0 44 9 0 17 0 18 0 0 12 0 0 0 0 0 0 0 0 0 29 16 15 0 0 0 10 21 2 0 0 0 0 0 0 2 0 0 0 0 0 0 0 0 0 0 0 0 0 6 0 0 0 0 0 0 0 0 0 0 12 1 0 0 0 0 0 0 0 0 64 37 0 14 4 0 1 53 5 0 17 1 35 18 16 19 1 14 0 0 0 0 0 0 0 0 0 0 0 0 14 7 0 2 0 0 0 0 0 0 0 0 0 0 0 0 0 0 0 0 0 0 0 0 0 0 0 0 0 0 0 1 0 18 0 0 0 0 0 0 0 0 0 0 0 0 0 0 0 0 0 0 0 0 0 0 3 1 0 8 0 0 0 0 0 0 22 0 0 0 0 0 0 0 0 0 0 0 0 0 0 0 0 0 0 25 0 0 0 0 0 0 0 0 0 0 0 0 
 274 351 276 119 29 259 340 61 145 95 53 111 216 46 39 185 269 0 53 136 3 0 0 0 0 0 0 0 0 0 0 0 34 0 0 208 0 71 75 75 0 63 62 0 3 0 0 0 0 0 0 0 0 0 0 0 0 0 0 0 0 3 0 0 0 0 0 2 0 0 0 2 0 0 2 0 0 0 39 0 20 23 32 5 24 20 39 8 24 22 16 1 47 0 15 31 44 0 0 3 0 0 17 0 0 0 8 3 12 0 0 0 9 0 0 0 0 0 8 0 0 0 0 0 0 0 0 0 0 0 0 0 17 0 0 0 0 0 0 0 0 0 0 0 0 18 0 0 0 0 0 0 0 0 0 0 0 0 0 0 22 10 15 1 10 10 14 0 63 18 0 0 68 0 26 14 27 13 0 0 12 0 0 0 0 0 13 12 0 1 0 0 0 0 0 0 0 0 12 0 0 0 0 0 0 0 0 0 0 0 0 0 23 0 0 0 0 0 0 0 0 0 0 0 0 0 0 0 0 0 0 0 0 0 0 0 0 0 0 0 0 5 0 0 0 5 86 0 3 43 19 12 0 0 0 0 0 0 0 0 0 14 19 0 0 0 0 0 0 0 0 0 0 0 0 1 0 0 0 0 0 0 0 0 0 0 0 0 0 0 
 53 43 344 73 51 30 236 157 175 169 36 28 490 319 67 54 50 53 0 208 3 0 2 0 0 1 0 0 4 0 1 0 0 28 0 0 0 0 0 0 0 3 2 0 9 0 64 0 0 0 0 0 0 0 0 0 0 0 0 0 0 2 0 0 0 0 0 2 0 0 0 2 0 37 0 0 0 0 7 0 0 0 2 0 0 0 32 15 0 1 10 0 26 14 0 14 6 0 51 23 0 0 0 0 0 0 0 0 0 0 0 0 0 0 0 0 0 0 2 0 0 0 0 0 0 0 0 0 0 0 0 0 0 0 0 0 0 1 0 0 0 0 0 0 0 0 0 0 0 0 0 0 0 0 0 0 0 0 0 0 16 0 0 0 0 0 0 0 2 1 0 0 22 29 0 49 0 0 10 0 0 0 0 0 0 0 0 0 0 0 0 0 0 0 0 0 0 0 14 0 0 0 1 0 0 0 0 0 0 0 2 0 0 4 0 0 0 0 0 0 0 0 0 0 1 0 0 0 0 0 0 0 0 0 1 0 0 0 0 0 0 0 0 0 0 2 0 0 3 0 20 17 0 0 0 0 0 0 0 0 0 0 0 0 0 0 0 0 0 0 0 0 0 0 0 0 0 0 0 0 0 0 0 0 0 0 0 0 0 0 
 216 158 79 252 58 31 312 81 66 323 70 308 62 102 91 420 38 136 208 0 4 0 0 0 0 0 0 0 0 0 0 0 0 0 0 0 1 2 0 0 0 3 0 0 5 0 0 0 0 0 2 0 56 0 0 0 0 0 0 0 0 3 0 0 0 0 0 2 0 0 0 2 0 1 1 0 0 32 0 0 38 38 34 42 0 10 5 0 12 0 47 0 0 29 14 12 10 0 14 25 0 0 0 0 0 0 0 0 0 0 0 0 2 0 0 0 0 0 0 0 1 2 0 0 0 0 0 2 0 0 0 0 0 0 0 0 0 0 0 0 3 1 0 0 0 0 0 0 11 0 17 0 0 1 0 0 0 0 0 0 12 33 0 1 0 0 0 0 36 0 9 14 22 0 22 16 0 0 1 3 0 0 0 0 0 0 0 0 0 0 0 0 0 0 0 0 0 0 15 0 0 0 0 0 0 0 0 0 0 0 0 0 0 0 0 2 0 0 0 0 0 0 0 0 0 0 0 0 0 0 0 0 0 10 0 0 0 0 0 0 0 4 0 0 0 0 98 0 3 0 20 6 0 0 0 0 0 0 0 0 0 0 19 0 0 0 0 0 0 0 0 0 0 0 0 0 0 1 0 0 0 0 0 17 11 0 0 0 0 0 
 3 5 4 74 75 2 4 3 78 4 76 77 4 9 3 4 74 3 3 4 0 196 396 119 66 260 378 117 138 124 50 44 148 197 143 123 48 64 53 150 0 0 0 0 0 3 3 0 2 0 2 2 0 0 34 0 0 4 0 0 0 0 0 5 17 0 4 0 0 0 0 0 3 0 0 1 2 48 0 0 0 0 0 1 0 1 0 0 0 2 0 14 0 0 1 0 0 0 0 0 11 0 9 20 10 0 14 13 9 0 0 0 32 1 32 55 10 10 24 0 0 0 0 0 0 0 0 0 0 0 0 0 0 0 0 0 0 0 0 0 0 0 0 0 0 0 0 0 0 0 0 0 0 0 0 0 0 0 0 1 0 0 0 2 1 12 0 0 0 0 16 10 0 0 0 0 0 0 0 0 25 31 25 3 0 0 26 28 0 21 29 0 10 15 41 8 12 0 36 19 0 0 0 2 0 15 0 0 0 0 0 0 0 0 0 0 0 0 0 0 2 0 0 0 0 50 0 0 0 0 0 0 0 0 0 0 0 0 0 0 0 0 1 0 0 0 2 0 0 0 0 0 0 6 45 0 0 0 0 2 2 0 0 0 0 0 0 0 0 0 0 0 0 0 0 0 6 0 0 0 0 0 0 0 2 9 0 0 0 0 
 0 0 0 0 75 103 2 0 1 0 0 0 0 0 0 74 0 0 0 0 196 0 159 155 50 328 176 256 153 217 52 30 487 327 271 131 248 44 64 104 0 0 2 2 0 1 3 4 1 0 0 1 0 0 0 0 0 3 0 0 0 0 0 0 3 0 0 0 0 0 0 0 3 0 0 11 3 3 0 0 0 0 0 0 0 0 0 0 0 0 0 0 0 0 0 0 0 0 0 0 19 17 19 15 33 13 6 13 12 9 31 13 0 0 44 9 11 5 0 0 13 0 0 0 0 0 0 11 0 0 0 0 31 1 0 0 0 0 34 0 0 0 1 0 0 0 0 0 0 0 0 0 0 0 0 0 0 0 0 0 0 0 0 10 13 14 0 0 0 0 0 0 0 0 0 0 0 0 0 0 17 0 0 15 16 22 0 14 1 16 20 0 23 11 25 0 30 13 0 37 11 0 0 0 0 0 0 0 0 0 0 0 18 0 16 0 0 0 0 0 0 0 0 0 0 0 0 0 0 0 0 0 0 0 0 0 0 0 0 0 0 0 0 0 0 0 0 0 0 0 0 0 0 0 13 0 0 0 78 0 11 0 0 0 0 0 0 0 0 0 0 0 0 0 0 0 0 0 0 0 0 42 0 0 0 42 0 0 0 0 
 0 0 206 0 0 0 0 0 0 2 0 0 0 0 0 0 0 0 2 0 396 159 0 249 141 47 142 242 586 405 49 30 385 142 86 239 211 212 106 66 0 0 1 0 0 0 4 0 1 2 0 1 5 0 85 0 0 3 0 0 0 0 0 0 0 0 0 10 0 0 0 0 3 7 0 0 3 0 0 0 0 0 0 0 0 0 8 0 0 0 0 0 0 0 0 0 2 0 0 0 5 29 35 12 3 48 27 0 9 15 53 0 0 0 20 20 22 18 0 0 27 0 0 0 0 0 21 0 0 0 0 0 30 0 0 10 0 13 10 10 0 0 0 8 8 0 1 0 0 7 0 0 0 0 0 0 0 0 0 7 0 0 0 0 0 10 0 0 0 0 0 0 0 0 0 0 0 0 0 0 20 0 11 47 12 14 0 24 23 17 21 12 0 5 20 21 30 2 0 30 0 0 0 0 0 0 0 0 0 0 0 0 18 0 0 0 0 0 34 3 0 0 0 0 0 0 19 0 0 0 0 19 0 0 0 0 0 0 0 0 0 0 0 0 0 0 0 0 0 0 0 0 0 0 9 2 0 5 0 2 2 4 0 0 0 0 0 0 0 0 0 0 0 0 0 0 0 0 0 0 0 6 0 0 0 21 1 0 0 0 
 0 0 0 0 1 1 4 0 0 0 0 0 0 0 0 0 0 0 0 0 119 155 249 0 99 79 302 146 75 145 238 188 63 182 365 71 31 55 302 66 0 1 0 0 2 3 213 0 0 28 0 2 2 2 209 3 1 3 0 67 2 0 0 0 0 0 0 0 0 0 0 0 11 1 0 0 3 0 1 27 0 0 0 0 2 0 0 0 0 0 0 0 2 0 0 0 0 0 0 0 12 10 27 52 33 10 7 1 7 62 24 18 0 10 5 26 17 0 0 20 0 15 1 10 0 0 12 20 0 0 0 0 10 32 12 0 0 0 38 22 0 0 2 1 0 0 5 0 0 0 0 0 2 0 0 0 0 0 0 0 0 1 0 0 0 7 0 2 0 0 0 0 0 0 0 0 0 0 0 0 14 10 8 0 2 0 1 9 18 55 0 8 0 1 25 1 6 16 0 7 0 20 0 0 0 0 13 8 0 11 0 0 31 18 13 14 0 0 9 0 0 0 1 0 0 0 0 0 0 0 0 0 0 0 2 0 0 0 0 0 0 0 0 0 0 0 0 0 0 0 0 0 0 0 20 1 0 2 1 0 14 0 0 0 0 0 11 0 0 23 0 0 0 0 0 0 0 0 0 0 0 1 0 0 0 12 7 0 0 0 
 37 0 0 0 2 0 0 0 0 0 0 0 0 0 0 0 0 0 0 0 66 50 141 99 0 100 465 65 174 216 323 71 356 219 107 86 168 295 306 77 53 0 2 0 0 0 5 0 216 0 0 5 50 0 426 3 0 8 0 0 0 0 55 0 0 0 0 1 0 0 0 0 4 4 0 0 2 1 0 3 0 0 0 0 2 0 0 0 0 0 0 0 2 0 0 0 0 0 0 0 0 28 27 0 7 2 0 14 11 30 23 28 0 39 0 1 40 13 0 14 0 24 0 0 0 0 23 1 0 0 0 0 7 22 0 0 0 0 29 10 0 0 2 0 0 0 2 0 0 1 0 0 1 0 0 0 0 0 0 0 0 0 0 0 15 0 0 2 0 0 0 0 0 0 0 0 0 0 0 0 10 10 15 0 30 12 0 0 24 6 42 23 0 29 12 29 11 1 0 4 13 2 0 0 0 0 0 0 0 0 0 0 13 0 25 1 0 0 24 12 0 0 1 0 0 0 0 0 0 0 0 0 0 0 17 0 0 0 0 0 0 22 0 0 0 1 0 0 0 0 0 0 0 0 11 2 1 123 1 3 4 0 0 0 0 0 0 0 0 0 0 0 0 0 0 0 0 0 0 0 0 0 0 0 0 0 1 0 0 0 
 1 0 75 2 1 0 4 1 2 0 0 0 0 0 0 0 2 0 1 0 260 328 47 79 100 0 47 45 112 233 102 211 57 257 294 315 80 267 274 256 78 64 1 0 0 0 66 90 68 3 0 1 87 60 0 91 0 6 0 9 0 0 0 0 0 0 1 1 0 44 0 0 3 1 0 92 3 2 0 0 10 0 0 0 0 0 0 2 0 0 0 1 0 0 0 0 0 0 2 0 0 0 0 18 12 0 0 0 20 0 0 10 0 0 0 0 0 42 0 0 0 38 37 30 35 2 23 0 13 0 17 0 0 60 53 0 0 2 37 37 2 0 2 0 3 0 0 6 0 0 0 0 0 0 0 0 16 0 1 4 0 0 0 0 0 0 0 0 0 0 0 0 0 0 2 0 0 0 0 0 17 0 0 0 2 4 0 11 1 0 20 14 0 4 24 0 0 0 0 0 28 21 0 1 0 0 51 0 0 21 5 0 23 41 14 50 24 0 41 14 0 0 0 0 0 1 0 0 0 0 0 0 0 0 0 1 0 0 0 0 0 0 1 0 0 0 0 0 0 0 0 0 0 0 4 3 0 3 6 2 0 0 0 0 0 0 0 0 0 0 0 0 0 0 0 0 0 1 0 0 0 0 0 0 0 0 0 0 0 0 
 74 0 0 68 61 0 0 0 1 0 27 0 0 0 0 0 2 0 0 0 378 176 142 302 465 47 0 168 53 190 254 40 209 160 41 115 143 198 148 55 0 0 2 0 0 0 5 0 1 0 1 1 4 2 8 0 0 5 0 1 0 0 0 0 0 0 0 0 0 0 0 0 3 0 0 2 3 0 0 0 0 0 0 1 0 0 0 0 0 1 0 0 0 0 1 0 0 0 0 0 0 54 16 29 0 19 0 28 0 12 29 6 2 20 19 19 13 17 11 13 0 0 0 0 0 0 0 0 0 0 0 0 6 0 0 0 0 0 9 0 0 0 2 0 0 0 2 0 0 0 0 0 0 0 0 0 0 0 0 1 0 0 0 2 0 0 0 0 0 0 0 0 0 0 0 0 0 0 0 0 31 29 21 0 0 1 14 28 23 0 14 11 12 42 27 59 0 0 1 23 0 0 0 2 0 0 0 0 0 0 0 0 0 0 0 0 8 0 56 0 2 0 0 11 0 0 0 0 0 0 0 0 0 0 0 0 0 0 0 0 0 0 1 0 0 0 0 0 70 0 0 0 0 0 6 2 0 86 0 0 1 2 0 0 0 0 0 0 0 0 0 0 0 0 0 0 26 0 0 0 0 0 0 0 2 0 0 0 0 0 
 2 0 0 79 126 21 0 0 0 30 0 1 0 0 2 8 34 0 0 0 117 256 242 146 65 45 168 0 130 187 118 40 241 172 145 104 133 136 280 115 0 0 2 6 0 0 3 0 1 2 0 1 0 3 0 0 1 4 3 2 0 2 3 5 0 1 0 0 0 0 6 5 5 0 1 0 3 0 0 2 0 0 0 0 7 0 21 0 0 0 0 0 0 0 0 0 0 2 0 0 25 13 3 0 10 0 12 2 21 0 11 0 0 48 16 22 20 1 16 0 1 8 0 0 0 0 0 0 0 0 0 0 0 0 0 0 0 0 13 0 0 0 2 11 4 0 0 0 0 0 0 0 0 0 0 11 0 0 0 0 0 0 0 0 48 23 6 0 0 3 1 12 0 0 1 0 0 0 0 2 0 68 8 10 7 11 9 0 13 1 12 20 13 10 40 18 14 10 37 32 0 0 11 0 0 0 0 0 0 0 0 0 1 0 0 0 2 0 1 0 0 0 0 2 0 0 0 0 0 0 0 0 0 0 0 0 0 0 0 0 0 0 0 0 0 1 0 0 0 0 0 0 0 0 10 0 0 77 77 0 0 14 0 0 0 0 0 0 0 0 0 0 0 0 0 0 0 0 0 0 0 8 0 0 0 2 0 0 0 0 
 3 0 0 3 1 0 202 0 0 0 0 2 0 0 0 0 0 0 4 0 138 153 586 75 174 112 53 130 0 449 118 333 66 179 103 281 52 48 97 220 128 63 4 0 0 0 3 1 2 0 0 4 63 0 0 0 0 3 30 1 0 0 0 0 5 0 0 0 0 0 0 0 3 1 1 9 2 4 0 0 0 0 0 0 0 0 0 1 0 0 0 0 0 0 0 0 0 0 0 0 1 35 2 6 29 1 0 24 30 11 0 20 11 0 21 81 0 0 25 0 2 0 0 37 0 1 7 0 0 0 0 0 15 9 0 0 0 0 11 13 1 0 2 4 11 0 0 0 0 0 2 0 0 0 0 0 0 0 0 0 0 0 0 0 47 1 0 0 0 0 12 0 0 0 2 0 0 0 0 0 0 18 24 16 22 43 17 2 0 35 34 20 0 0 14 15 0 13 18 1 23 1 0 0 0 5 0 9 0 0 0 0 10 0 26 0 0 0 1 11 0 0 0 0 0 0 0 0 0 0 0 0 0 0 0 0 0 0 0 0 0 0 11 0 0 0 0 0 0 0 0 0 0 0 9 0 2 90 0 0 14 12 0 0 0 0 0 0 0 0 0 0 0 0 0 0 0 2 0 12 0 7 0 0 0 0 0 0 0 0 
 2 0 0 0 0 2 0 0 0 0 0 2 0 0 0 0 0 0 0 0 124 217 405 145 216 233 190 187 449 0 165 608 103 185 205 354 58 53 80 106 63 0 0 0 0 0 4 17 1 4 0 1 63 0 0 5 0 3 0 17 0 0 0 0 0 0 0 4 0 0 0 0 3 1 0 3 3 0 0 0 0 0 0 2 0 0 0 0 0 0 0 0 1 0 2 0 1 0 0 0 2 24 27 6 22 0 18 16 0 14 51 18 1 2 18 11 16 12 0 0 1 0 0 1 0 0 2 1 0 0 0 0 0 24 0 9 0 0 11 0 0 0 11 0 6 0 3 0 0 0 0 0 0 0 0 0 0 0 0 1 0 2 0 0 0 10 0 0 0 0 0 0 0 0 8 0 0 0 0 0 10 0 12 0 33 39 0 41 9 0 33 0 0 13 43 1 17 32 0 17 7 3 0 0 0 0 21 11 0 0 0 0 10 0 42 22 0 0 14 20 0 0 0 0 0 0 20 0 0 0 0 19 0 0 1 0 0 0 0 0 0 0 0 0 0 0 0 0 0 0 0 0 0 0 3 0 0 6 5 2 16 0 0 0 0 0 0 0 0 0 0 0 0 0 0 0 0 0 0 0 0 17 0 0 0 18 0 0 0 0 
 0 2 1 0 0 0 3 0 0 0 0 0 74 0 2 0 0 0 1 0 50 52 49 238 323 102 254 118 118 165 0 535 80 216 392 188 271 375 26 71 3 0 2 3 0 0 64 64 2 0 0 2 105 0 1 1 0 3 0 1 0 0 0 0 0 0 1 0 53 0 0 2 8 5 0 0 3 0 0 3 0 0 0 0 0 0 0 0 0 0 0 0 0 0 0 0 0 0 0 0 2 22 13 0 41 12 0 18 10 21 15 29 0 11 0 0 7 18 0 0 11 18 12 0 0 2 9 7 0 0 0 0 12 29 7 0 0 0 11 10 2 0 2 0 0 0 0 11 0 15 1 0 0 0 0 0 0 0 0 0 0 10 0 0 0 0 0 0 0 0 0 6 0 0 0 0 0 0 0 0 7 16 0 11 12 0 0 1 14 14 20 0 0 3 57 1 6 0 0 0 26 18 0 0 0 0 47 12 0 0 1 0 26 8 53 12 0 0 13 11 0 0 0 0 0 0 0 0 0 0 0 0 0 0 0 0 0 0 0 0 0 0 0 0 0 2 0 0 0 0 0 0 0 0 27 2 3 111 0 0 13 0 0 0 0 0 12 0 0 0 0 0 0 0 0 0 0 1 0 0 0 0 0 0 0 0 12 0 0 0 
 0 0 0 0 0 0 0 0 0 0 75 0 0 1 0 0 0 0 0 0 44 30 30 188 71 211 40 40 333 608 535 0 258 123 244 47 79 63 52 54 69 61 2 0 0 13 6 30 63 0 62 0 90 61 1 3 1 6 1 227 0 0 0 0 0 0 2 0 0 0 0 2 11 4 0 0 3 0 0 4 0 0 0 0 0 0 0 0 0 0 9 0 0 0 0 0 0 0 0 1 0 0 0 0 43 11 0 0 0 10 0 34 0 0 0 0 0 8 0 0 1 64 15 20 0 0 72 9 11 7 0 11 0 43 37 0 0 0 19 46 0 0 0 0 0 0 0 2 0 0 0 0 0 0 0 0 0 0 0 1 0 0 0 0 0 0 0 0 0 0 0 0 0 2 0 0 0 0 0 0 14 0 0 0 15 2 0 0 0 0 20 23 0 0 0 0 0 1 0 0 21 53 1 11 1 0 8 10 0 30 34 8 10 51 40 19 0 0 12 56 0 0 0 0 0 0 0 0 0 12 0 0 0 0 0 0 0 0 0 0 0 0 0 0 0 0 0 0 0 0 0 0 0 0 5 2 0 1 0 1 1 1 0 0 0 0 22 0 0 0 0 0 0 0 0 0 0 0 0 1 0 0 0 0 0 0 17 0 0 9 
 0 0 109 2 2 74 4 0 0 97 0 0 0 0 0 79 1 34 0 0 148 487 385 63 356 57 209 241 66 103 80 258 0 87 376 145 121 119 271 198 0 0 1 0 0 0 3 0 1 0 0 1 5 0 7 1 0 5 0 0 0 0 0 0 0 0 0 0 0 0 0 0 3 0 0 0 3 0 0 48 0 0 0 9 1 45 0 0 0 16 20 18 0 0 0 0 37 25 0 0 12 39 12 2 15 19 38 20 2 1 10 0 30 12 6 34 39 0 9 22 0 0 0 0 0 0 0 0 0 0 0 0 17 0 0 0 0 0 0 14 0 0 0 0 0 0 0 0 0 0 0 0 0 0 0 0 0 0 0 0 0 12 1 0 11 18 0 0 0 24 0 11 0 0 1 0 0 11 0 0 54 1 18 0 0 0 12 32 9 1 0 0 0 16 11 18 5 0 62 61 0 0 0 0 0 0 0 0 0 0 18 0 0 0 0 0 0 0 15 0 0 0 0 0 0 0 0 0 0 0 0 0 0 0 0 0 0 0 0 0 0 0 0 0 0 0 0 0 0 36 0 0 41 0 9 0 0 0 1 0 2 0 0 0 0 9 0 0 0 0 0 0 0 0 0 2 0 0 0 0 0 0 0 11 0 12 0 0 0 0 
 0 0 0 76 1 162 2 7 0 0 1 0 0 0 0 0 1 0 28 0 197 327 142 182 219 257 160 172 179 185 216 123 87 0 383 31 363 516 100 177 0 0 2 0 0 0 3 0 2 0 0 2 0 0 0 0 0 5 0 0 0 0 0 0 6 0 0 0 0 0 0 0 3 0 0 3 2 6 0 0 0 0 0 0 0 1 0 0 0 0 0 20 0 0 0 0 14 0 0 0 0 33 0 29 12 0 2 12 20 12 6 14 31 42 27 30 8 14 25 0 12 2 0 0 0 0 8 0 2 0 0 0 0 0 0 7 0 0 19 0 0 0 1 0 0 0 0 0 0 0 0 2 0 0 0 0 0 2 1 0 0 0 0 0 0 0 0 0 0 9 0 0 0 0 0 0 0 0 0 0 21 9 18 22 0 0 0 0 39 0 17 0 1 65 0 12 26 12 19 0 0 0 0 0 0 9 0 0 0 0 0 0 8 0 0 0 0 1 12 0 0 0 0 0 0 0 6 0 0 0 0 12 0 0 0 6 0 0 0 0 0 0 0 0 0 0 0 0 0 0 0 0 0 0 13 2 2 0 1 0 0 2 0 0 0 0 0 0 0 0 0 0 0 0 0 0 0 0 0 0 0 0 0 0 0 0 0 0 0 0 
 0 0 0 1 21 22 2 0 1 0 0 0 0 0 2 0 31 0 0 0 143 271 86 365 107 294 41 145 103 205 392 244 376 383 0 609 51 165 221 470 0 0 0 0 1 0 3 0 2 1 0 2 0 0 0 0 0 4 0 0 0 0 0 0 0 0 0 7 0 0 0 0 3 0 0 1 3 2 1 0 0 0 0 11 0 0 0 0 0 0 0 0 0 0 0 0 0 0 0 0 8 36 23 1 12 0 19 11 20 18 96 11 0 34 21 9 48 36 0 0 18 2 0 0 0 0 15 5 2 0 0 0 8 0 0 0 0 0 2 0 0 0 1 0 0 0 0 0 0 0 0 0 0 0 0 0 0 2 0 0 0 0 0 10 0 23 4 0 0 6 0 0 0 0 1 0 0 0 0 2 10 0 9 18 5 0 10 10 4 14 0 0 35 35 34 1 62 13 13 41 0 0 0 0 0 0 0 0 0 0 0 0 19 0 0 0 0 1 18 4 0 0 0 0 0 0 0 0 0 0 0 0 0 0 0 0 0 0 0 2 0 0 0 0 0 0 0 0 0 0 0 0 0 0 8 2 4 2 76 2 4 2 0 0 0 0 0 0 0 0 0 0 0 0 0 0 0 0 0 0 0 2 0 0 0 23 1 0 0 0 
 0 0 0 0 0 151 202 0 0 0 0 0 0 0 0 0 20 208 0 0 123 131 239 71 86 315 115 104 281 354 188 47 145 31 609 0 90 185 101 386 0 95 2 0 0 0 65 0 1 0 0 1 75 0 32 0 0 4 0 0 0 0 0 0 0 0 0 0 0 0 0 0 4 4 0 0 3 0 0 2 0 0 0 2 0 0 0 0 0 0 0 0 1 0 2 0 0 0 0 0 10 0 24 10 7 21 2 21 12 6 13 35 1 2 13 16 30 29 0 0 8 12 1 0 0 0 33 0 0 0 23 0 9 0 0 0 0 0 11 11 0 0 2 5 0 0 0 10 0 0 0 0 0 0 0 0 0 0 0 3 0 2 13 0 0 0 6 0 0 1 16 0 0 0 4 0 0 0 14 3 7 0 7 30 6 0 25 17 0 18 0 38 0 29 14 9 0 12 0 14 0 0 0 0 0 1 0 0 0 0 0 0 59 0 13 1 0 0 26 0 0 0 0 0 0 0 0 0 1 0 0 0 0 0 1 0 0 0 0 0 0 0 7 0 0 0 0 0 0 0 0 0 0 0 9 1 1 45 7 2 4 13 0 0 0 0 0 0 0 0 0 0 0 0 0 0 0 0 0 0 0 6 0 0 0 23 1 0 0 0 
 0 0 0 74 4 0 2 0 0 0 0 0 0 0 2 0 0 0 0 1 48 248 211 31 168 80 143 133 52 58 271 79 121 363 51 90 0 433 223 169 1 4 1 3 0 0 3 0 2 0 0 2 3 0 6 0 1 3 0 3 0 0 0 0 7 0 0 51 0 2 0 0 3 0 0 4 3 7 0 0 0 0 0 0 0 0 0 0 0 0 2 0 0 0 0 0 0 0 0 0 10 16 11 54 0 0 13 17 32 29 27 13 11 24 30 17 20 9 13 20 0 0 0 0 0 0 0 0 0 0 0 15 0 20 0 0 0 0 1 0 0 0 2 0 0 0 5 0 0 0 0 0 0 0 0 0 0 0 0 0 12 0 0 0 0 0 0 0 0 0 0 0 0 0 3 0 0 0 0 2 6 21 13 70 11 2 0 0 43 58 37 9 0 10 37 2 27 15 18 0 0 0 0 0 0 3 0 0 0 0 0 0 0 0 0 0 0 0 30 0 0 0 0 0 0 0 0 0 0 0 2 0 0 2 0 0 0 0 0 0 0 0 1 0 0 0 0 0 0 0 0 0 0 0 15 0 0 1 4 0 1 1 0 0 0 0 0 1 0 0 0 0 0 0 0 0 0 0 0 0 0 0 0 0 0 0 0 0 0 2 
 0 69 0 0 0 4 0 0 0 0 0 0 0 0 0 0 25 71 0 2 64 44 212 55 295 267 198 136 48 53 375 63 119 516 165 185 433 0 26 36 0 0 1 0 0 0 3 0 1 0 5 1 5 0 18 0 0 3 0 0 0 0 0 0 0 0 0 5 0 0 0 17 3 4 0 1 3 5 49 0 0 0 0 0 0 0 0 0 0 0 0 0 0 0 0 0 2 0 0 0 2 25 24 19 0 0 13 17 18 30 29 8 0 23 9 0 55 43 0 20 0 13 0 0 0 0 11 0 0 19 0 0 25 0 0 0 0 0 0 0 0 0 2 0 0 0 5 0 0 0 0 0 0 0 0 0 0 0 0 0 0 0 0 0 0 0 7 0 2 0 0 0 0 0 4 0 0 0 0 5 5 20 15 16 24 1 0 1 55 19 15 9 0 12 57 4 28 39 0 6 0 0 0 0 0 0 0 1 0 0 0 0 11 0 0 0 0 0 22 11 0 0 0 0 1 0 1 0 0 0 0 0 0 0 0 0 0 0 0 0 0 0 0 0 0 1 0 0 2 0 0 0 0 0 2 2 0 75 79 1 3 2 0 0 0 0 0 0 0 0 0 0 0 0 0 0 0 0 0 0 0 0 0 0 0 0 0 0 0 0 
 1 0 0 83 203 74 2 78 1 153 0 1 0 79 0 23 6 75 0 0 53 64 106 302 306 274 148 280 97 80 26 52 271 100 221 101 223 26 0 494 0 0 2 3 1 0 3 0 2 0 2 2 1 0 9 0 0 26 0 2 0 0 3 4 5 1 2 2 0 0 31 8 4 2 5 0 4 4 1 2 0 0 0 9 15 23 0 0 4 0 11 1 0 0 0 14 0 0 0 0 20 1 0 1 0 26 5 34 36 0 0 1 18 11 0 1 0 15 12 12 0 2 0 0 0 0 0 0 2 0 0 0 18 0 0 0 0 0 0 0 0 0 0 0 0 0 0 0 0 0 0 2 0 0 0 0 0 2 1 0 0 0 15 13 10 14 0 0 0 18 14 0 0 0 0 0 5 17 0 0 12 3 14 9 1 0 28 24 0 21 1 10 21 15 0 35 0 0 27 8 0 0 0 0 0 0 0 0 0 0 0 0 0 0 0 0 0 0 0 0 0 0 0 0 0 0 0 0 0 0 0 0 0 0 0 0 12 0 1 0 0 0 9 0 0 0 0 0 0 0 0 0 0 0 7 0 0 0 0 1 2 0 0 0 0 0 0 0 0 0 0 0 0 0 0 0 0 0 0 0 0 0 0 0 0 0 0 0 0 0 
 0 1 0 1 123 74 0 0 0 84 0 0 2 0 0 1 1 75 0 0 150 104 66 66 77 256 55 115 220 106 71 54 198 177 470 386 169 36 494 0 0 0 0 0 0 0 3 0 1 0 0 1 0 0 0 0 0 5 0 0 1 0 0 0 16 0 0 0 0 0 0 0 3 0 0 3 3 48 0 0 0 0 2 0 23 12 0 0 0 1 0 0 0 0 0 0 0 0 0 0 0 49 0 28 0 21 2 33 29 0 0 6 29 15 9 44 0 1 52 1 2 0 0 0 0 0 0 0 0 0 0 0 13 0 0 2 0 0 7 0 0 0 0 0 0 0 0 0 0 0 0 0 0 0 0 0 0 0 0 0 0 0 17 13 1 1 0 0 0 15 13 1 0 0 0 0 1 17 0 0 47 0 45 12 0 0 39 30 1 37 14 1 3 17 0 20 2 0 9 9 0 0 0 0 0 9 0 0 0 20 0 0 0 0 0 0 0 0 0 0 0 0 0 0 0 0 0 2 0 0 0 0 0 0 0 0 1 0 0 0 0 0 4 0 0 0 0 0 0 0 0 0 0 0 14 2 1 0 2 0 0 0 0 0 0 0 0 0 0 0 0 0 0 0 0 0 9 0 0 0 0 0 0 3 0 0 0 0 0 0 
 0 0 6 0 0 0 0 0 0 0 0 0 68 27 5 0 63 0 0 0 0 0 0 0 53 78 0 0 128 63 3 69 0 0 0 0 1 0 0 0 0 436 135 116 51 74 183 28 49 43 31 81 154 198 138 30 92 82 389 533 0 0 0 0 0 0 4 0 0 0 0 0 0 1 0 0 0 0 3 0 0 0 0 0 0 15 0 0 0 0 0 0 0 0 0 0 0 0 0 0 0 0 0 0 0 9 0 0 0 14 4 22 0 0 0 0 0 0 0 10 0 0 0 6 0 0 0 8 4 10 16 0 9 10 0 47 7 7 15 30 0 0 1 0 0 0 0 0 0 0 2 0 4 0 0 0 0 4 0 0 0 0 0 0 0 0 0 0 0 0 0 0 0 0 0 13 0 0 0 0 0 0 0 0 38 0 0 0 0 16 30 17 0 0 0 0 0 11 0 0 9 17 12 10 1 0 0 39 12 11 0 0 0 0 33 0 0 19 0 12 0 0 0 0 0 0 0 0 0 0 0 0 5 9 0 0 0 0 0 0 0 0 0 0 0 0 0 0 0 0 0 3 0 0 0 0 0 63 0 0 0 0 76 0 2 2 3 0 0 0 0 0 0 0 0 0 0 0 0 28 0 0 0 0 0 10 0 0 1 0 
 67 56 3 0 4 3 3 3 3 3 3 5 3 3 3 3 0 63 3 3 0 0 0 1 0 64 0 0 63 0 0 61 0 0 0 95 4 0 0 0 436 0 121 285 266 126 322 166 120 96 44 30 41 286 217 204 131 255 45 44 0 0 0 0 6 0 0 0 0 0 0 4 0 1 0 0 0 0 0 0 0 0 0 0 0 0 8 0 0 14 0 0 6 0 0 0 0 0 0 0 0 0 0 0 0 0 0 0 0 2 0 3 0 0 0 0 0 0 0 0 0 36 19 0 11 0 0 10 28 26 2 0 0 0 0 6 10 34 0 0 0 0 2 0 0 0 0 0 0 0 0 0 0 0 5 0 0 0 0 0 8 0 0 0 0 0 0 0 7 0 0 0 0 0 7 9 11 0 0 0 0 0 0 0 0 0 0 0 0 0 0 0 0 0 0 0 0 0 0 0 0 2 0 0 0 0 8 21 0 10 0 9 21 10 0 9 15 29 5 0 0 0 0 0 0 4 13 0 11 0 0 0 0 0 0 0 0 0 12 0 0 0 1 0 0 0 0 0 0 0 0 3 0 2 0 0 0 0 0 0 0 0 46 1 0 0 0 1 0 0 4 18 0 0 0 0 0 0 0 0 0 1 0 0 0 0 0 0 0 0 
 2 1 1 2 1 2 1 1 1 2 2 1 2 0 1 1 2 62 2 0 0 2 1 0 2 1 2 2 4 0 2 2 1 2 0 2 1 1 2 0 135 121 0 149 137 42 153 169 61 189 178 40 141 73 117 132 265 125 54 276 0 0 0 3 0 3 1 3 0 0 0 0 38 54 0 54 0 0 52 0 0 0 0 0 0 0 0 0 0 0 0 0 0 0 0 0 0 0 0 0 0 0 0 0 0 0 0 0 0 0 0 0 0 0 0 0 0 0 0 0 9 12 2 25 9 33 2 15 13 3 20 8 1 1 2 34 1 3 1 1 1 2 1 0 0 2 2 5 0 2 0 2 3 3 1 8 0 0 5 25 0 0 0 0 0 0 0 0 0 0 0 0 0 0 0 0 0 0 0 1 0 0 0 0 0 0 0 0 0 0 0 0 0 0 0 0 0 0 0 0 2 0 27 2 14 6 5 2 2 27 6 1 0 0 1 15 20 13 0 1 2 2 2 1 1 0 11 12 2 1 1 0 2 3 0 2 2 2 31 13 0 0 0 0 0 0 1 0 0 0 0 7 0 0 0 0 0 0 1 1 0 0 0 47 33 16 0 0 0 0 1 0 0 0 0 0 0 0 0 0 0 0 2 0 10 7 0 1 0 0 
 0 0 6 0 2 0 0 0 0 0 0 0 0 0 0 3 0 0 0 0 0 2 0 0 0 0 0 6 0 0 3 0 0 0 0 0 3 0 3 0 116 285 149 0 540 23 114 120 77 107 86 329 54 63 152 217 372 117 55 150 52 0 3 9 0 4 0 1 0 0 2 0 51 52 6 0 1 0 0 0 0 0 0 0 0 0 0 0 10 0 0 0 0 0 0 0 0 0 0 0 0 0 0 0 0 0 0 0 0 0 0 0 0 0 0 0 0 13 0 0 0 20 0 14 0 14 10 23 16 20 0 12 0 0 4 0 44 21 0 0 0 6 2 0 0 5 0 7 0 0 2 14 0 0 0 0 0 1 10 10 0 0 0 0 0 0 0 0 0 0 0 0 0 0 0 9 0 0 6 0 0 0 0 0 0 0 0 0 0 0 0 0 0 0 0 0 0 0 0 0 0 0 11 4 20 8 0 6 22 2 12 0 4 0 2 2 22 36 0 0 0 23 0 4 0 0 10 29 0 0 0 0 0 23 0 0 0 0 4 10 0 0 6 0 0 0 0 0 0 0 0 3 0 0 0 0 0 0 0 9 0 0 37 67 1 13 5 0 1 0 0 0 0 0 0 10 0 0 0 0 0 0 0 0 0 18 0 0 0 0 
 3 4 3 0 4 3 6 3 3 3 3 3 3 3 3 3 0 3 9 5 0 0 0 2 0 0 0 0 0 0 0 0 0 0 1 0 0 0 1 0 51 266 137 540 0 166 48 45 82 141 263 358 42 488 68 465 312 64 44 74 0 47 37 0 0 5 1 0 0 51 0 0 24 50 51 0 0 0 49 0 0 0 0 0 0 0 0 0 0 0 0 0 0 0 0 0 0 0 0 0 0 0 0 0 0 0 0 0 0 0 0 0 0 0 0 0 0 0 0 0 0 0 0 34 38 0 0 18 0 0 0 7 0 1 0 18 0 0 0 0 0 2 11 0 0 0 0 8 0 9 10 0 0 49 0 22 0 8 18 37 0 4 0 0 5 0 0 0 0 0 37 0 0 0 0 6 0 24 0 0 0 0 0 0 0 0 0 0 0 0 0 0 0 0 0 0 0 0 0 0 0 0 0 15 32 0 0 0 0 0 21 8 0 0 0 0 0 14 0 0 31 14 2 1 0 0 39 13 0 18 0 5 9 0 12 5 0 9 22 53 0 0 0 0 0 0 2 0 0 0 0 0 0 0 0 0 0 0 0 3 0 1 0 0 5 3 2 66 0 0 5 0 0 0 0 0 0 0 0 0 0 3 0 0 21 0 0 0 2 0 
 0 4 0 0 0 0 0 0 1 7 0 0 0 1 0 3 0 0 0 0 3 1 0 3 0 0 0 0 0 0 0 13 0 0 0 0 0 0 0 0 74 126 42 23 166 0 239 249 40 70 68 279 61 42 265 88 87 54 42 47 53 33 0 0 0 9 1 0 0 0 0 0 54 34 3 0 5 0 53 11 0 0 0 0 0 0 0 0 0 0 0 0 0 0 0 0 0 0 0 0 0 0 0 0 0 0 0 0 0 0 0 0 0 0 0 0 0 0 0 0 0 9 0 10 6 39 7 0 13 28 0 0 1 0 20 0 0 5 0 1 1 0 16 34 0 0 10 14 0 0 0 0 0 9 20 1 21 1 38 0 0 0 0 0 0 29 0 0 0 0 0 0 0 0 0 0 0 0 0 0 0 0 0 0 0 0 0 0 19 0 0 0 0 0 0 0 0 0 0 0 0 0 0 0 9 22 0 10 0 5 6 12 0 0 0 0 0 10 0 9 10 9 13 0 0 0 77 0 7 0 0 16 0 18 0 0 0 0 21 15 0 0 0 0 0 0 0 0 0 0 0 4 2 0 0 0 0 0 0 23 0 0 1 0 1 1 2 1 0 2 0 2 0 0 0 0 0 0 0 0 0 0 0 0 15 0 0 0 0 0 
 0 0 0 0 0 0 64 0 0 0 0 0 0 0 0 0 0 0 64 0 3 3 4 213 5 66 5 3 3 4 64 6 3 3 3 65 3 3 3 3 183 322 153 114 48 239 0 314 59 56 43 93 324 363 184 528 45 248 40 142 0 0 0 0 0 0 4 0 0 0 0 0 0 2 0 0 0 51 8 0 0 0 0 0 0 0 0 0 0 0 15 0 0 0 0 0 0 0 0 0 0 0 0 0 0 0 0 0 0 0 9 0 0 0 0 1 0 12 0 0 31 11 0 19 0 13 37 1 10 23 7 50 7 3 2 21 21 37 14 7 0 0 1 1 0 0 0 3 0 0 0 0 27 20 0 0 0 0 10 14 0 0 0 0 0 0 0 0 0 0 0 0 0 0 0 0 0 0 0 0 0 0 0 1 0 0 0 0 0 0 0 1 0 0 0 1 0 0 0 0 0 0 24 23 26 15 0 0 19 0 23 0 8 0 0 2 31 0 0 68 0 0 0 0 0 9 0 10 0 11 0 0 10 0 0 0 0 0 0 0 0 0 0 0 0 0 0 0 0 18 0 5 0 2 0 0 0 1 0 2 0 0 2 64 0 22 0 0 2 0 0 0 0 0 0 0 0 0 0 0 0 7 0 0 20 1 0 22 1 1 
 0 57 0 0 0 0 0 0 0 0 0 0 0 0 0 0 0 0 0 0 0 4 0 0 0 90 0 0 1 17 64 30 0 0 0 0 0 0 0 0 28 166 169 120 45 249 314 0 231 114 109 50 83 279 153 139 64 99 116 134 0 0 1 0 0 3 23 0 0 0 0 0 0 3 0 0 2 3 5 0 0 0 0 0 0 0 0 0 0 0 0 0 0 0 19 0 0 0 0 0 0 0 0 0 7 0 0 0 0 0 2 0 0 0 0 0 0 0 0 0 15 12 71 40 31 30 5 5 34 36 53 49 0 16 36 27 11 7 3 16 0 0 0 0 0 0 0 4 0 0 0 0 0 0 0 0 0 0 0 4 0 0 0 0 0 0 0 0 0 0 0 0 0 0 0 0 0 0 0 0 0 0 0 3 5 18 0 13 0 0 7 0 0 0 0 0 0 3 0 0 15 29 6 40 15 3 42 0 27 16 55 1 31 34 28 23 54 0 14 36 0 0 0 58 0 7 0 0 0 0 0 0 0 0 0 0 0 0 18 0 0 0 0 0 0 0 0 0 0 26 0 5 0 1 0 0 0 0 8 0 0 0 0 1 0 24 2 0 0 0 0 0 0 0 0 0 0 0 0 0 0 4 0 0 0 0 0 0 2 0 
 0 0 0 0 0 0 0 0 0 0 0 0 0 0 0 0 0 0 0 0 2 1 1 0 216 68 1 1 2 1 2 63 1 2 2 1 2 1 2 1 49 120 61 77 82 40 59 231 0 391 100 33 118 133 79 248 481 58 54 226 0 0 0 0 0 0 1 2 0 5 0 0 0 2 1 0 0 0 53 0 0 0 0 0 0 0 0 0 0 0 0 0 0 0 0 0 0 0 0 0 0 0 0 0 0 3 0 0 0 0 0 0 0 0 0 0 0 0 0 0 11 17 71 43 12 0 9 0 9 0 24 29 0 0 39 15 7 21 0 0 0 0 1 0 0 0 20 0 0 0 1 0 0 2 0 25 0 1 17 1 0 0 0 0 0 0 0 0 8 10 0 0 0 0 0 0 0 0 0 0 0 0 0 0 0 22 0 0 0 0 0 8 0 0 0 0 0 5 0 0 5 20 8 14 12 0 15 0 22 42 10 9 32 32 0 20 19 0 13 0 0 0 0 0 0 0 0 0 0 0 0 0 10 11 0 0 0 0 0 9 0 0 0 0 0 0 0 0 0 0 0 3 0 0 0 0 0 0 0 1 0 22 3 0 1 1 0 0 0 0 6 0 0 0 0 0 0 0 0 0 0 0 0 0 0 0 0 0 2 0 
 0 0 0 0 2 0 0 0 0 0 0 0 0 0 0 0 0 0 0 0 0 0 2 28 0 3 0 2 0 4 0 0 0 0 1 0 0 0 0 0 43 96 189 107 141 70 56 114 391 0 158 97 119 380 154 195 328 179 70 139 0 0 0 0 0 0 2 0 0 0 0 0 0 57 0 0 0 0 102 0 0 0 0 0 0 0 0 0 0 0 0 0 0 0 0 0 0 0 0 0 0 0 0 0 0 2 0 0 0 0 0 0 0 0 0 0 0 0 0 0 10 0 1 16 0 18 1 18 28 0 20 8 0 4 0 41 2 15 17 0 0 1 2 0 0 0 1 0 0 0 7 0 0 0 29 4 0 9 17 22 0 0 0 0 0 0 0 0 0 0 0 0 0 0 0 0 0 0 0 0 0 0 0 0 3 4 0 0 0 0 6 0 0 0 0 0 0 2 0 0 22 3 44 0 36 8 18 6 15 93 9 0 1 1 0 42 27 11 0 0 0 0 0 0 0 0 13 18 0 0 0 0 3 10 0 0 0 0 8 0 0 0 0 0 0 0 0 0 19 0 0 8 0 0 0 0 0 0 4 1 0 17 1 64 39 20 1 0 0 0 1 0 0 0 0 0 0 0 0 0 0 3 0 0 0 0 0 2 2 0 
 0 0 0 0 0 0 0 0 0 0 0 0 0 0 0 0 0 0 0 2 2 0 0 0 0 0 1 0 0 0 0 62 0 0 0 0 0 5 2 0 31 44 178 86 263 68 43 109 100 158 0 67 70 261 261 407 248 65 91 568 1 0 45 0 2 0 1 0 0 0 0 6 0 28 0 0 0 2 33 0 0 0 0 0 0 0 0 0 0 0 0 0 0 0 0 0 0 0 0 0 0 0 0 0 0 0 0 0 0 0 0 0 0 0 0 0 0 0 0 0 0 21 0 41 12 15 10 19 1 13 0 30 0 0 3 21 17 45 0 0 0 0 1 0 0 0 0 2 8 0 0 26 13 32 0 1 0 0 26 1 0 0 0 0 0 0 0 0 0 0 5 0 0 0 0 0 0 0 0 0 16 0 0 0 0 0 0 0 0 1 0 0 0 0 0 0 0 0 0 0 0 0 21 14 33 15 0 0 25 0 53 8 0 0 0 0 7 14 0 0 0 0 11 0 0 5 33 32 0 0 0 0 0 0 2 0 0 0 6 9 0 0 0 0 0 0 0 0 0 0 0 2 0 1 0 0 0 0 0 0 0 1 0 63 63 12 1 4 0 0 8 0 0 0 0 0 0 0 0 0 0 4 0 0 11 0 0 26 1 0 
 0 2 0 0 0 0 1 2 0 3 0 0 0 0 0 0 0 0 0 0 2 1 1 2 5 1 1 1 4 1 2 0 1 2 2 1 2 1 2 1 81 30 40 329 358 279 93 50 33 97 67 0 447 316 121 41 78 96 40 44 85 66 51 5 0 0 6 0 0 0 0 0 94 50 19 0 0 0 62 0 0 0 0 0 0 0 0 0 0 0 0 0 0 0 0 0 0 0 0 0 0 0 0 0 0 0 0 0 8 0 0 0 0 0 0 0 0 0 0 0 0 0 0 11 10 21 0 0 2 22 1 0 0 0 0 0 0 24 0 0 0 19 1 0 0 0 0 48 0 7 4 9 31 2 0 16 0 37 10 34 0 0 0 0 0 1 0 0 0 0 0 0 0 0 0 5 0 0 0 0 0 0 0 0 0 0 0 0 0 0 0 0 0 0 0 0 0 0 28 0 0 0 0 13 20 0 0 0 0 3 0 10 0 0 0 0 9 0 0 0 10 9 8 0 0 0 46 0 0 7 0 0 49 36 15 17 0 14 20 26 0 0 1 0 0 0 0 0 8 0 0 9 0 1 0 0 0 0 0 0 0 1 0 4 7 0 2 2 1 0 26 0 0 0 0 0 0 0 0 0 0 0 0 0 0 21 0 0 2 0 
 0 0 0 0 0 0 0 65 0 0 0 0 0 0 0 0 0 0 0 56 0 0 5 2 50 87 4 0 63 63 105 90 5 0 0 75 3 5 1 0 154 41 141 54 42 61 324 83 118 119 70 447 0 292 258 51 56 97 145 336 0 0 0 0 0 0 1 1 51 34 0 0 1 1 0 24 0 1 0 0 0 0 0 0 0 0 0 0 0 0 0 0 0 0 0 0 0 0 0 0 0 5 0 0 0 13 0 0 0 16 0 29 0 0 0 0 0 11 0 0 24 7 14 0 0 0 13 2 12 0 19 0 0 24 18 17 0 0 18 15 0 0 0 0 0 0 0 6 0 0 0 0 1 0 0 0 0 0 0 1 0 0 0 0 0 0 0 0 0 0 4 0 0 0 0 0 0 0 0 0 13 0 0 0 32 8 0 10 6 0 21 18 0 5 0 2 0 1 0 2 20 6 4 0 0 0 13 0 0 23 0 10 12 0 14 4 0 0 7 20 0 0 0 0 0 0 0 0 0 0 0 0 0 0 0 0 0 0 19 0 0 0 0 0 0 0 0 0 0 0 0 13 0 2 0 0 0 0 0 0 0 0 0 0 0 0 2 0 0 0 0 0 0 0 0 0 0 0 0 19 0 0 0 0 8 0 0 0 1 0 
 0 0 0 1 0 0 2 1 0 0 0 0 0 0 0 0 0 0 0 0 0 0 0 2 0 60 2 3 0 0 0 61 0 0 0 0 0 0 0 0 198 286 73 63 488 42 363 279 133 380 261 316 292 0 180 118 55 85 127 119 0 3 0 0 0 0 5 0 0 0 2 0 0 0 0 0 0 0 70 50 0 0 0 0 0 0 0 7 0 0 0 0 0 0 0 0 0 0 0 0 0 0 0 0 0 0 0 0 0 0 0 0 0 0 0 0 0 0 0 0 1 6 24 1 0 8 0 36 20 0 4 8 0 19 0 13 20 30 0 9 0 0 2 0 8 0 20 0 0 0 12 0 19 1 0 0 0 25 0 9 0 0 0 0 0 0 0 0 0 0 0 0 0 0 0 0 0 0 0 0 0 0 0 0 0 23 0 0 0 0 19 13 0 0 0 0 0 0 0 0 0 22 20 13 22 0 44 0 13 36 0 6 12 36 0 16 9 9 27 0 0 0 0 0 0 0 0 0 0 0 0 0 30 0 0 0 0 0 0 0 0 0 0 0 0 0 0 0 0 0 0 11 0 2 0 0 0 0 0 2 0 0 1 0 0 2 2 0 0 0 7 0 0 17 0 0 0 0 0 0 0 0 0 0 0 0 0 0 0 10 
 0 0 0 0 0 0 0 0 0 0 49 0 0 0 0 0 0 0 0 0 34 0 85 209 426 0 8 0 0 0 1 1 7 0 0 32 6 18 9 0 138 217 117 152 68 265 184 153 79 154 261 121 258 180 0 118 129 53 138 398 0 0 0 0 0 0 11 0 0 0 0 0 0 2 0 0 0 0 3 0 0 0 0 0 0 0 0 0 0 0 0 0 0 0 0 0 0 0 0 0 0 8 0 0 0 5 0 1 0 0 0 0 0 0 0 0 0 1 0 0 11 3 0 1 1 7 0 2 40 26 1 59 0 9 0 0 12 33 0 0 0 0 0 0 0 0 0 0 0 0 1 0 32 9 13 0 0 0 11 8 0 0 0 0 0 0 0 0 0 0 0 0 0 21 0 0 0 0 0 0 10 0 0 0 0 0 0 7 8 0 0 6 0 9 0 5 0 0 0 13 0 0 8 58 27 48 0 34 9 0 19 0 0 0 15 0 51 0 6 12 0 0 0 0 0 0 0 11 0 0 0 0 29 0 7 0 0 0 0 0 0 0 0 0 0 0 0 0 0 27 0 8 0 1 35 0 0 0 0 0 0 0 69 64 1 52 3 0 0 0 0 0 0 0 0 0 0 0 0 0 0 0 0 0 12 0 0 9 2 0 
 1 0 0 1 2 1 0 0 1 0 0 0 2 0 0 0 0 0 0 0 0 0 0 3 3 91 0 0 0 5 1 3 1 0 0 0 0 0 0 0 30 204 132 217 465 88 528 139 248 195 407 41 51 118 118 0 161 394 159 225 0 3 0 0 0 0 2 2 0 13 0 4 3 2 1 0 7 4 0 0 0 0 0 0 0 0 0 0 0 0 0 0 0 0 0 0 0 0 0 0 0 0 13 0 7 8 0 0 0 0 0 0 0 0 0 0 0 0 0 0 33 41 32 11 39 10 13 8 5 7 42 17 0 2 58 29 12 25 6 1 0 0 0 0 0 0 0 0 0 0 0 0 1 0 0 0 0 0 0 0 0 0 0 0 0 0 0 0 0 0 0 0 0 0 0 0 0 0 0 0 0 0 0 0 5 5 0 0 0 0 14 0 0 0 0 0 0 3 0 0 8 9 13 12 0 0 18 10 13 13 24 2 17 12 7 19 31 0 10 3 0 0 8 0 0 0 0 0 0 0 0 0 0 0 0 0 0 0 19 0 0 0 0 0 0 0 0 0 0 0 0 0 0 0 0 0 0 0 5 1 0 0 66 1 0 0 0 0 2 0 0 0 0 0 0 0 0 0 0 0 0 4 0 0 0 6 0 0 0 0 
 0 0 0 2 0 0 0 0 0 0 0 0 0 0 37 0 4 0 0 0 0 0 0 1 0 0 0 1 0 0 0 1 0 0 0 0 1 0 0 0 92 131 265 372 312 87 45 64 481 328 248 78 56 55 129 161 0 323 83 34 0 0 8 6 21 0 0 0 0 0 2 2 2 64 3 2 0 0 105 5 0 0 0 0 0 0 0 0 0 0 0 30 0 0 0 0 0 0 0 0 0 0 0 0 0 0 0 0 0 0 0 0 0 0 0 0 0 0 0 0 0 0 0 57 1 0 0 27 44 6 0 0 0 0 0 12 33 0 0 0 0 1 7 0 5 23 10 0 9 0 3 0 0 1 10 1 1 7 0 10 0 0 0 0 0 3 0 0 0 0 0 0 0 0 0 0 0 0 0 0 0 0 0 0 0 0 0 0 0 0 0 0 0 0 0 0 0 0 0 0 0 0 0 2 1 0 0 26 13 2 15 1 0 0 1 0 22 39 0 0 0 6 7 0 0 0 16 29 8 0 4 1 0 7 0 0 0 1 8 6 0 0 3 0 0 0 0 0 0 0 0 17 0 0 0 0 0 0 0 9 0 21 5 1 31 3 1 0 0 0 0 0 0 0 0 3 0 0 0 0 0 0 0 0 0 0 0 0 2 0 
 0 0 0 2 2 1 0 62 1 64 2 1 0 62 0 38 1 0 0 0 4 3 3 3 8 6 5 4 3 3 3 6 5 5 4 4 3 3 26 5 82 255 125 117 64 54 248 99 58 179 65 96 97 85 53 394 323 0 96 58 51 0 0 0 1 0 0 0 0 0 0 2 51 50 0 0 0 0 68 0 0 0 0 41 4 11 0 0 5 7 13 0 0 0 0 13 0 0 0 0 0 0 0 0 0 0 0 0 0 0 0 0 0 0 0 0 0 0 0 23 9 1 0 1 0 22 0 16 30 14 30 7 8 0 0 25 13 15 0 7 0 6 2 0 0 0 0 7 0 0 9 0 10 0 0 0 0 13 0 21 0 0 0 0 0 0 0 0 0 6 0 0 0 0 0 0 4 0 0 0 0 0 0 0 0 3 0 0 0 7 0 0 0 0 0 0 0 0 0 0 5 0 19 0 30 1 4 0 13 99 1 3 13 0 0 20 16 16 0 0 0 10 0 0 0 0 10 0 0 0 0 0 11 0 0 0 0 0 23 10 0 0 0 0 0 0 0 0 0 0 0 7 0 0 0 0 0 0 1 7 0 0 7 0 1 8 1 1 0 0 7 0 0 0 0 0 0 0 0 0 0 0 0 0 9 14 0 0 0 0 
 0 0 0 0 0 0 1 0 0 0 2 0 0 0 0 0 0 0 0 0 0 0 0 0 0 0 0 3 30 0 0 1 0 0 0 0 0 0 0 0 389 45 54 55 44 42 40 116 54 70 91 40 145 127 138 159 83 96 0 88 57 0 0 0 0 0 0 0 0 0 0 0 0 0 0 0 0 0 0 0 0 0 0 0 0 0 0 0 0 0 0 0 0 0 0 0 0 0 0 0 0 0 0 0 0 0 0 0 0 0 0 0 0 0 0 0 12 0 0 0 9 1 9 0 0 7 1 26 30 12 18 29 10 10 0 6 20 5 7 30 0 0 2 0 0 0 0 0 0 0 0 0 0 0 0 0 0 1 0 10 0 0 0 0 0 0 0 0 0 0 0 0 0 0 0 0 0 0 0 0 0 0 0 0 0 23 0 0 0 2 11 11 0 0 0 0 0 19 0 0 10 7 9 1 15 0 32 26 2 8 1 3 0 19 23 18 24 16 10 12 0 0 0 0 0 0 0 0 0 0 0 0 0 0 0 0 0 0 10 0 0 0 0 0 0 0 0 0 0 0 0 9 0 0 0 0 0 30 0 0 0 0 35 0 0 2 0 0 0 0 0 0 0 0 0 0 0 0 0 20 0 0 0 0 7 0 0 0 1 0 
 0 0 0 1 0 3 3 0 1 0 0 0 0 0 0 0 3 0 0 0 0 0 0 67 0 9 1 2 1 17 1 227 0 0 0 0 3 0 2 0 533 44 276 150 74 47 142 134 226 139 568 44 336 119 398 225 34 58 88 0 0 0 6 0 0 0 0 0 0 5 0 2 7 3 51 0 0 2 1 3 0 0 0 0 0 0 0 0 0 0 0 0 0 0 0 0 0 0 0 0 0 0 0 0 12 33 47 0 0 11 0 7 0 18 0 0 0 0 0 0 7 29 30 30 0 21 6 14 30 8 8 31 0 30 49 38 53 2 6 10 0 0 2 0 0 0 0 0 0 0 0 0 0 0 0 0 0 0 0 1 0 0 0 0 0 0 0 0 0 0 0 0 0 0 0 0 0 0 0 0 0 0 0 0 9 52 0 0 0 1 6 5 0 0 0 0 0 4 7 0 20 91 23 4 1 0 14 14 19 39 19 7 0 21 9 20 18 0 0 10 0 0 0 0 0 0 0 0 0 0 6 0 0 0 0 0 0 0 0 0 0 0 0 0 0 0 0 0 0 0 0 0 0 2 0 0 0 1 5 0 0 0 2 2 3 3 20 0 0 0 0 0 0 2 0 0 0 0 0 11 0 4 0 0 0 0 18 0 1 0 
 0 0 0 0 0 0 0 0 0 0 0 0 0 0 0 0 0 0 0 0 0 0 0 2 0 0 0 0 0 0 0 0 0 0 0 0 0 0 0 1 0 0 0 52 0 53 0 0 0 0 1 85 0 0 0 0 0 51 57 0 0 153 86 88 40 56 130 118 82 56 90 30 92 42 300 174 89 34 254 97 0 0 0 0 0 0 0 0 0 0 0 0 0 0 0 0 0 0 0 0 0 0 0 0 0 0 0 0 0 0 0 0 0 0 0 0 0 0 0 0 0 0 0 0 0 33 0 0 0 0 0 8 0 0 0 0 0 0 0 0 9 20 0 11 0 0 9 50 9 0 0 0 0 1 8 0 8 1 30 4 0 0 0 0 0 0 0 12 0 0 0 0 0 0 0 0 0 4 0 0 10 3 2 3 2 1 3 2 2 3 2 3 2 2 3 3 2 2 2 2 0 0 0 0 2 0 0 0 0 0 0 0 0 0 0 0 0 0 0 0 0 6 10 30 0 0 0 12 6 10 7 10 1 0 0 0 0 1 29 15 0 0 0 0 0 0 0 0 0 0 0 0 0 0 6 0 0 0 0 0 0 0 9 0 0 0 0 0 0 0 1 0 1 10 0 0 0 0 0 0 0 0 0 0 0 0 0 0 3 0 
