 0 106 165 148 195 324 163 403 55 62 347 253 237 507 148 111 45 121 163 156 2 2 0 1 5 0 1 2 1 1 0 2 4 72 0 5 0 2 3 1 3 3 3 0 4 3 3 4 0 0 4 5 3 3 0 0 5 3 35 0 0 2 0 5 0 0 2 1 0 0 0 0 10 4 0 0 3 0 6 0 18 25 25 0 1 0 24 9 15 0 3 25 10 36 29 25 14 0 0 0 0 0 0 0 2 0 0 10 0 0 0 0 0 0 0 2 0 0 0 13 0 0 0 0 2 0 0 0 0 0 0 0 0 0 0 0 0 0 0 4 3 0 0 0 0 0 0 0 0 0 0 0 0 0 0 0 0 0 14 0 0 1 11 11 0 27 8 0 0 2 20 0 15 11 1 17 10 13 0 22 22 0 0 0 0 0 0 0 0 0 16 0 9 0 0 0 0 0 21 0 0 0 0 0 0 0 0 0 0 0 0 0 2 0 0 0 0 0 2 0 0 0 0 0 0 0 0 1 0 0 0 0 0 0 0 0 0 0 0 0 0 0 0 0 0 1 0 0 0 0 0 0 0 0 0 0 0 0 0 0 0 0 0 0 0 0 0 0 0 0 0 0 0 0 0 0 11 0 0 0 0 0 0 0 0 0 0 0 0 0 
 106 0 119 198 126 57 84 271 42 137 356 223 127 60 241 154 54 114 47 111 0 2 0 0 0 2 0 2 78 0 0 0 5 0 0 3 0 0 12 0 3 0 1 0 2 3 3 0 0 0 0 0 3 0 0 0 2 3 2 0 7 0 0 1 0 0 3 3 6 0 0 0 7 0 11 2 2 57 0 0 13 10 13 1 21 14 0 3 10 1 0 27 16 0 0 32 10 16 19 11 0 0 0 0 1 0 19 0 0 0 0 0 0 0 0 1 0 0 0 0 1 0 0 0 1 0 0 0 0 0 0 0 0 0 0 0 0 0 0 0 0 2 0 0 0 0 0 0 0 0 0 0 0 0 0 0 0 0 0 0 17 6 30 19 0 27 0 2 30 22 0 20 0 0 39 17 0 10 0 0 13 0 0 0 0 0 0 0 0 0 0 0 17 0 0 14 0 0 29 0 0 0 0 0 0 0 0 0 0 0 0 0 1 0 0 0 0 0 0 0 0 0 16 0 0 0 0 2 0 0 0 0 0 0 0 0 0 0 0 0 0 0 0 0 0 0 62 0 1 1 2 2 11 0 0 0 0 0 0 0 0 0 0 0 0 0 0 0 0 0 0 0 0 0 0 14 8 0 0 0 0 0 0 0 0 0 0 0 0 0 
 165 119 0 205 151 328 75 222 269 82 125 111 355 151 274 246 80 231 33 204 0 2 2 1 0 0 0 0 1 0 0 0 0 0 0 3 0 0 0 0 3 0 0 0 4 3 3 0 0 0 0 2 3 0 0 0 2 3 1 0 0 0 0 3 0 0 2 0 0 2 0 0 5 26 0 0 3 0 0 0 0 13 12 20 18 0 18 12 26 25 0 0 1 30 16 11 27 9 0 0 0 0 0 0 0 0 11 19 0 0 0 0 19 18 0 0 0 5 21 18 0 0 0 0 0 0 0 0 0 0 0 0 0 0 0 0 0 0 0 0 0 0 0 0 0 0 0 0 0 0 0 0 0 0 0 0 0 0 0 0 0 4 28 22 0 39 1 0 10 35 17 0 30 0 1 13 2 16 0 31 0 0 0 0 0 0 0 0 0 0 0 0 38 0 0 0 0 0 44 0 0 0 0 0 0 0 0 0 0 0 0 0 0 0 0 0 0 0 0 0 0 0 0 0 0 0 0 0 0 0 0 17 0 0 0 0 0 0 4 0 0 0 0 0 0 0 64 2 5 55 16 7 0 0 0 0 0 0 0 0 0 0 0 0 0 0 0 0 0 0 0 0 0 0 0 12 18 6 0 0 0 0 0 0 0 0 0 0 0 0 
 148 198 205 0 186 121 169 96 70 64 142 147 78 77 72 182 55 33 70 149 1 2 0 0 47 0 83 0 2 0 0 1 133 0 0 3 0 0 75 0 3 0 0 0 4 3 3 0 0 0 6 0 3 0 0 0 2 65 0 0 0 1 0 5 1 0 2 0 3 0 0 2 3 2 0 0 3 11 0 5 18 10 14 27 31 0 18 0 28 0 19 36 12 18 0 13 0 5 0 0 0 1 0 0 1 0 12 14 1 0 0 0 0 0 32 0 0 0 25 29 0 0 0 0 0 0 0 0 0 0 0 0 0 0 0 0 0 0 0 0 0 2 0 0 0 0 0 0 0 0 0 0 0 0 10 0 0 0 0 0 0 0 23 3 0 0 12 0 0 0 14 12 1 0 0 26 0 12 0 12 0 0 0 0 0 0 2 8 18 0 6 0 17 28 21 11 0 0 36 7 0 0 0 0 0 0 0 0 9 0 0 0 1 0 0 0 0 0 1 0 1 0 10 0 0 0 0 2 0 0 0 0 0 0 0 0 0 0 0 0 0 0 0 0 0 0 0 0 1 2 0 2 0 0 0 0 1 0 0 0 0 0 0 0 0 0 1 0 0 0 0 0 0 0 0 10 15 0 0 0 0 0 0 0 0 0 0 0 0 0 
 195 126 151 186 0 453 55 102 187 267 114 195 84 62 500 99 66 199 60 101 0 2 0 1 0 0 2 0 1 0 0 0 1 0 0 3 0 0 73 0 3 0 0 0 2 3 3 0 1 0 1 1 3 0 0 0 2 3 32 0 4 0 0 0 0 0 2 3 8 0 0 1 3 0 13 0 3 0 1 0 1 23 66 0 0 15 14 0 15 15 34 33 0 0 0 13 2 12 0 7 0 0 0 0 1 0 19 23 0 0 0 0 0 18 0 10 0 0 0 17 0 0 0 0 0 0 0 0 0 0 0 0 0 0 0 0 0 0 0 0 2 0 0 0 0 0 0 0 0 0 0 0 0 0 0 13 0 0 14 0 0 18 0 36 1 44 0 0 53 26 25 0 0 0 13 1 26 0 0 0 32 0 0 0 0 0 0 0 0 0 0 0 44 0 0 0 0 0 22 2 2 0 0 0 0 0 0 0 0 0 0 0 0 0 14 0 0 0 0 0 0 0 0 2 0 0 0 2 0 0 2 0 0 0 0 0 0 0 0 0 0 13 0 0 0 2 3 0 1 2 13 4 10 2 0 0 0 0 0 0 0 0 11 0 0 0 0 0 0 0 0 0 0 7 0 15 13 0 0 0 0 0 0 0 0 0 0 0 0 0 
 324 57 328 121 453 0 98 257 148 272 86 138 44 50 79 58 60 58 35 50 78 75 0 0 0 0 76 75 2 0 1 0 0 0 22 114 75 0 145 104 3 0 3 0 2 3 3 0 5 0 2 44 3 0 0 0 2 3 2 0 0 0 0 0 1 3 3 0 0 0 0 3 3 0 0 3 4 1 2 2 0 12 29 0 2 18 0 0 0 1 28 0 0 0 0 0 0 0 0 15 108 26 24 10 0 0 0 37 27 1 0 0 19 17 0 13 0 0 2 29 0 0 0 0 0 0 0 0 0 2 0 0 0 10 9 2 0 0 2 0 0 0 0 0 0 0 0 1 0 0 50 0 0 0 0 2 0 0 0 0 0 12 0 0 14 0 0 0 0 14 34 1 0 0 0 7 31 4 0 6 9 22 31 0 0 0 34 14 10 11 39 0 7 0 11 20 12 0 23 7 0 0 0 0 14 0 0 0 0 0 0 0 0 0 0 0 0 0 0 16 0 0 0 0 0 0 0 0 0 0 0 0 0 0 0 0 0 0 0 0 0 0 0 0 0 5 10 1 13 0 20 95 0 0 0 0 0 0 0 0 0 0 2 0 0 0 0 0 0 0 0 1 0 0 0 0 3 0 0 0 0 15 0 0 0 0 0 0 0 0 
 163 84 75 169 55 98 0 130 144 47 130 16 163 139 107 172 97 104 63 218 3 2 3 1 0 0 0 0 1 0 3 0 0 0 0 3 3 0 6 0 3 0 0 0 2 4 5 0 0 0 0 0 3 2 0 0 2 4 3 0 0 0 3 0 0 0 2 0 0 0 44 0 4 0 0 0 3 0 0 0 20 20 0 19 32 0 29 2 16 10 48 29 39 33 2 14 0 25 20 0 0 0 0 0 0 0 0 0 0 0 0 0 0 0 0 0 0 0 0 0 0 0 0 0 0 0 0 0 0 0 0 0 0 13 0 0 0 10 0 15 0 0 0 0 0 0 0 0 0 0 0 0 0 0 0 9 0 0 1 0 15 10 0 15 17 0 18 44 0 0 0 0 0 0 0 11 0 20 0 12 0 0 0 0 0 0 0 0 0 0 0 0 0 0 13 0 0 0 11 0 0 0 0 0 0 0 0 0 0 0 0 0 0 0 0 0 0 0 0 0 0 0 0 0 0 0 0 0 0 0 0 0 0 0 0 0 0 0 0 0 0 0 0 0 0 0 1 2 0 0 1 2 0 0 0 0 0 0 0 0 0 0 0 0 0 0 0 0 0 0 0 0 0 0 0 0 0 0 0 0 0 0 0 0 0 0 0 0 0 0 
 403 271 222 96 102 257 130 0 409 186 38 31 243 313 161 127 82 209 52 158 0 2 0 1 0 0 0 0 1 7 0 0 0 73 0 3 0 0 0 0 3 0 0 64 4 3 3 0 0 0 0 0 3 0 0 0 2 3 30 0 0 15 0 3 0 0 2 0 0 0 0 0 3 1 0 0 3 0 1 0 0 11 8 7 0 0 17 1 32 19 4 14 23 15 11 44 33 22 5 29 0 0 16 1 0 2 0 0 0 0 0 11 0 0 0 0 0 15 0 0 0 0 0 0 0 0 0 0 0 0 0 0 0 0 0 0 8 0 0 0 5 0 0 0 0 0 0 0 0 0 0 0 0 0 1 0 0 0 4 0 1 2 33 10 1 13 10 0 20 10 18 0 1 0 22 35 19 11 0 23 14 0 0 0 0 0 0 0 0 0 0 0 0 1 0 0 0 0 1 1 0 0 0 0 0 0 0 0 0 0 0 0 0 0 0 0 0 0 0 0 0 0 0 0 0 0 0 0 0 0 0 0 0 0 0 0 0 0 0 0 0 0 0 0 0 0 1 0 0 2 0 1 2 0 0 0 0 0 0 0 0 0 0 0 0 0 0 0 0 0 0 0 0 0 0 0 0 0 0 0 0 0 0 0 0 0 0 0 0 0 
 55 42 269 70 187 148 144 409 0 372 172 115 101 181 132 360 61 207 282 66 0 2 0 1 0 2 0 1 3 0 0 0 1 1 0 3 0 0 102 0 3 0 0 0 4 3 2 0 2 0 1 0 3 0 0 0 3 3 2 0 1 0 0 7 0 0 2 2 14 0 0 0 3 0 0 0 3 0 1 0 14 10 13 26 0 0 56 21 50 11 20 21 13 13 23 6 0 26 0 0 0 0 0 0 1 0 0 46 0 0 0 0 21 58 0 10 0 0 0 4 0 0 0 0 0 0 21 0 0 7 0 0 0 0 0 0 0 0 0 0 0 0 0 0 0 0 0 0 0 0 2 0 0 0 0 0 0 0 14 0 0 0 0 21 0 77 27 25 11 24 0 0 0 0 0 1 12 0 0 0 15 0 0 0 0 2 0 0 0 0 0 0 31 0 0 0 0 0 11 0 0 0 0 19 0 0 0 0 0 0 0 35 0 0 0 0 0 0 0 0 0 0 0 0 0 10 0 0 0 0 0 0 0 0 0 0 0 26 0 0 0 13 0 0 0 0 88 0 1 98 0 0 0 0 0 0 0 0 0 0 2 2 11 0 0 0 0 0 0 0 0 0 0 0 0 3 0 12 0 0 0 0 0 0 0 0 0 0 0 0 
 62 137 82 64 267 272 47 186 372 0 99 297 134 75 121 184 193 118 279 84 4 4 2 1 2 2 75 2 1 0 0 0 75 25 2 6 5 2 5 5 9 0 2 6 7 6 5 0 7 0 26 68 3 5 0 3 3 3 4 0 0 3 3 4 2 5 2 0 5 3 0 3 4 0 8 3 5 1 0 0 22 30 16 12 87 0 0 1 16 16 71 14 20 2 0 26 12 12 0 10 0 0 0 16 0 0 19 46 11 0 0 0 5 16 9 1 10 0 0 35 0 0 0 2 0 0 0 0 0 1 0 0 0 18 0 1 0 0 1 0 0 0 0 0 0 0 0 0 0 0 0 0 0 0 0 0 0 0 1 0 0 21 0 18 41 10 12 25 0 9 37 18 0 0 0 11 27 0 0 0 80 0 0 0 0 0 0 0 0 0 0 0 8 4 0 17 0 0 15 25 0 0 0 0 0 0 0 0 0 0 0 0 0 0 0 0 0 0 0 0 0 0 2 0 0 0 0 0 0 0 0 0 0 0 0 0 0 0 0 0 0 0 16 0 0 4 0 0 12 0 9 16 0 0 0 0 0 0 0 0 0 0 0 0 0 0 0 0 0 0 2 0 0 0 0 0 25 0 0 0 0 0 0 0 0 0 0 0 0 0 
 347 356 125 142 114 86 130 38 172 99 0 288 36 207 160 126 106 208 30 359 0 66 0 1 0 0 0 0 1 0 1 0 2 0 208 3 0 0 0 0 3 0 0 0 2 3 2 0 0 0 0 2 3 0 0 0 3 3 5 0 1 0 0 5 0 0 2 19 3 0 0 0 3 0 35 0 6 45 2 0 22 7 1 12 14 0 22 7 22 15 10 11 15 10 14 24 0 41 0 1 0 0 0 0 0 0 0 0 0 0 0 1 13 13 0 0 1 2 0 0 0 0 0 0 0 0 0 0 0 0 0 0 0 1 0 0 0 0 0 0 0 0 0 0 0 0 0 0 0 0 0 1 0 0 0 0 0 0 1 1 32 0 12 15 1 16 26 38 10 39 0 38 0 0 16 1 0 2 0 0 15 0 0 2 0 0 0 0 0 0 0 1 7 0 0 0 0 0 10 0 0 12 0 0 0 0 2 0 0 0 0 0 0 0 0 0 0 0 0 2 0 0 0 0 1 2 0 56 0 0 0 0 0 0 0 0 0 0 0 2 0 2 0 0 0 2 172 2 3 21 2 11 0 0 0 0 0 0 0 0 0 0 0 0 0 0 0 0 0 0 1 0 0 0 0 19 0 7 0 0 0 0 0 0 0 2 0 0 0 0 
 253 223 111 147 195 138 16 31 115 297 288 0 38 28 47 105 89 137 46 36 5 5 0 1 0 0 74 4 1 0 0 0 72 75 0 8 2 5 8 3 6 0 3 2 3 3 3 0 7 0 2 0 3 2 3 2 2 3 2 0 2 0 0 0 0 0 2 0 2 3 0 0 40 0 7 52 4 0 0 0 0 2 20 16 39 0 15 0 18 38 19 42 0 0 0 1 0 30 0 10 10 14 0 0 18 0 9 16 0 0 0 25 11 0 9 10 14 0 15 28 14 0 0 0 0 0 0 0 0 0 0 0 0 0 0 0 0 0 0 2 0 0 2 0 0 0 0 2 0 16 1 0 0 0 12 0 0 0 0 0 0 19 0 11 25 13 1 0 0 15 30 17 0 0 0 0 11 0 30 2 13 0 1 0 0 0 13 29 16 0 16 0 14 32 23 14 0 0 20 23 0 0 1 0 0 0 0 0 0 2 0 0 0 0 0 0 0 0 0 0 0 0 0 0 0 0 0 0 0 0 0 0 23 0 0 0 0 0 0 0 0 0 0 0 0 8 0 0 88 2 23 4 0 0 0 30 0 0 0 0 0 0 0 0 0 0 0 0 0 0 0 0 0 0 0 1 0 0 0 0 25 0 0 0 0 0 0 0 0 0 
 237 127 355 78 84 44 163 243 101 134 36 38 0 128 126 34 189 251 192 250 0 2 0 47 0 0 0 0 1 0 0 0 0 0 0 3 0 0 0 0 3 0 0 0 4 3 4 0 2 0 5 0 3 0 0 0 2 3 0 2 0 0 0 0 0 0 2 0 2 0 0 22 3 0 0 0 3 0 0 0 22 22 0 14 0 0 9 42 1 1 16 0 43 19 28 28 15 1 1 0 0 0 0 0 0 0 0 0 0 0 16 0 0 0 0 0 0 0 0 0 0 0 0 0 0 0 0 0 0 0 0 0 0 0 15 0 0 0 17 18 7 0 0 12 0 0 0 0 0 0 0 0 0 9 0 0 0 0 0 0 5 0 0 9 11 0 14 20 8 0 0 0 0 15 28 14 45 11 0 13 0 0 0 0 0 0 0 0 0 0 0 0 0 0 0 0 14 6 18 0 0 0 0 0 0 0 0 0 0 0 0 15 0 0 0 0 0 0 0 0 0 0 0 0 0 0 0 0 0 0 0 0 0 0 0 0 0 0 7 0 0 0 0 0 0 3 0 2 2 1 0 8 0 0 0 0 0 0 2 0 0 0 0 0 0 0 0 0 0 0 0 0 0 0 0 0 0 0 0 0 0 0 0 0 0 0 0 0 0 0 
 507 60 151 77 62 50 139 313 181 75 207 28 128 0 459 123 96 230 258 232 0 2 0 1 0 0 0 0 1 0 0 0 0 0 0 3 2 0 2 0 3 0 0 0 4 5 3 5 0 0 0 0 3 0 0 0 2 3 35 0 0 0 0 2 0 0 2 44 0 0 0 0 3 0 0 0 3 0 0 0 22 7 11 24 0 2 25 34 20 0 0 26 33 13 33 13 0 11 0 0 0 0 0 0 0 0 0 0 0 0 0 0 0 0 0 0 19 0 0 0 0 0 0 0 0 0 0 0 0 0 0 0 0 0 0 0 0 0 0 0 3 0 10 0 0 0 0 0 0 0 0 0 0 0 0 0 0 0 8 0 0 0 0 29 1 16 26 20 0 0 10 0 0 18 12 11 15 0 0 0 36 0 0 0 0 0 0 0 0 0 0 0 1 0 0 0 0 0 1 0 0 0 0 0 0 0 0 0 0 0 0 0 0 0 0 0 0 0 0 0 0 0 0 0 0 0 0 0 0 0 0 0 0 0 0 0 0 0 0 0 0 0 0 0 0 0 0 0 1 60 0 0 0 0 0 0 0 0 0 0 0 0 0 0 0 0 0 0 0 0 0 2 0 0 0 0 0 0 0 0 0 0 0 0 0 0 0 14 0 10 
 148 241 274 72 500 79 107 161 132 121 160 47 126 459 0 350 148 132 63 103 0 2 0 0 0 0 0 0 3 0 0 0 164 0 206 3 0 0 72 0 3 0 0 0 4 3 3 0 0 0 0 0 3 0 0 0 2 3 63 0 5 0 0 0 0 22 3 10 19 0 0 0 3 0 0 0 3 0 0 0 29 9 42 55 0 19 20 27 43 1 16 98 14 13 0 19 18 5 0 7 0 0 0 0 0 0 11 0 0 0 0 0 0 13 0 0 0 0 0 2 0 0 0 10 0 0 0 0 0 0 0 0 6 0 0 0 0 0 0 0 5 0 0 0 9 0 2 0 0 0 0 0 0 0 1 0 0 0 6 0 0 20 0 26 45 19 32 24 16 8 8 1 0 0 11 0 10 8 0 0 27 0 0 0 0 0 0 0 0 2 0 0 31 1 0 0 0 0 14 2 0 0 0 0 2 0 0 0 0 0 0 0 0 0 0 0 0 0 0 0 0 0 0 0 1 14 0 0 0 0 0 0 0 0 0 15 0 0 0 0 0 22 0 0 0 0 1 0 5 3 1 2 6 0 0 0 0 0 0 0 0 0 7 0 0 0 0 0 0 0 0 0 0 0 0 17 8 0 0 0 0 0 0 0 0 0 0 0 0 0 
 111 154 246 182 99 58 172 127 360 184 126 105 34 123 350 0 257 22 50 164 0 2 0 1 0 0 0 0 2 0 0 0 75 8 1 3 0 0 0 0 3 0 0 0 2 3 3 0 0 2 0 0 3 0 0 2 2 3 2 0 4 0 9 0 0 1 2 6 8 0 0 0 3 0 11 0 3 0 3 38 16 73 22 8 0 15 33 30 18 13 9 34 0 25 0 4 62 33 33 0 0 0 0 0 0 0 20 23 0 0 0 0 0 0 0 0 0 0 8 0 0 0 0 0 0 0 0 0 0 0 0 0 29 0 0 0 0 0 0 0 1 0 0 0 18 0 1 0 0 0 0 0 0 0 2 0 0 2 0 2 4 17 9 45 1 10 28 82 45 27 0 15 3 0 16 3 3 1 0 25 11 0 0 0 0 0 0 27 0 1 2 0 24 2 0 0 0 0 34 10 0 0 0 0 1 0 0 0 0 0 0 0 19 0 0 0 0 0 0 0 0 0 0 0 2 0 0 0 0 0 0 0 0 0 0 1 0 0 0 0 0 0 0 0 0 0 90 0 0 87 0 2 10 0 0 2 0 0 0 0 0 0 0 0 0 0 0 0 0 0 0 0 0 0 0 15 1 0 0 0 0 0 0 0 0 0 0 0 0 2 
 45 54 80 55 66 60 97 82 61 193 106 89 189 96 148 257 0 361 40 228 16 2 31 1 0 0 32 4 1 0 1 0 1 0 0 3 0 50 0 31 3 0 0 0 2 3 3 0 0 0 0 0 3 0 0 0 2 3 0 0 1 0 0 5 0 0 2 3 1 0 0 0 3 0 0 0 3 0 0 0 10 23 0 10 0 0 0 40 0 0 19 1 25 11 0 9 20 14 1 0 0 0 0 0 0 0 0 0 0 0 0 0 0 0 0 0 22 12 0 0 0 0 2 0 0 0 0 0 0 2 0 0 0 0 0 0 0 0 0 0 0 0 0 0 0 0 0 0 0 0 0 0 0 0 0 0 0 0 0 0 0 0 7 0 14 0 24 18 8 10 2 0 0 0 0 10 0 0 0 10 0 0 0 0 0 0 0 0 0 0 0 0 0 0 0 1 0 0 0 0 0 0 0 0 0 0 0 0 0 0 0 0 0 0 0 0 0 0 0 0 0 0 1 0 0 0 0 0 0 0 0 0 0 0 0 0 1 0 0 0 0 0 0 0 0 1 0 0 2 7 0 1 1 0 0 0 0 0 0 0 0 0 0 0 0 0 0 0 0 0 0 0 0 0 0 2 20 0 0 0 0 0 0 0 0 0 0 0 0 0 
 121 114 231 33 199 58 104 209 207 118 208 137 251 230 132 22 361 0 26 47 0 2 0 2 0 0 0 0 0 0 0 120 0 2 0 3 0 0 0 0 3 0 0 0 3 3 2 0 0 0 0 0 3 0 0 0 3 3 63 0 0 0 0 0 0 0 2 5 91 0 0 0 3 0 0 0 3 0 3 2 15 21 51 2 25 38 25 7 0 36 0 14 0 0 17 22 0 57 0 0 0 0 0 0 0 0 0 16 0 0 0 0 4 4 0 0 0 0 1 16 0 19 0 0 0 0 0 0 0 0 0 0 0 0 0 0 0 0 0 0 0 0 13 0 0 0 0 0 0 0 0 0 0 0 0 0 0 0 4 0 30 10 0 0 0 42 0 26 18 25 31 22 0 0 26 0 10 0 0 0 19 0 0 0 0 0 0 0 0 0 0 0 14 0 0 0 0 0 25 0 0 0 0 0 0 0 0 0 0 0 0 0 0 0 0 0 0 0 0 0 0 0 0 0 0 0 0 0 0 0 0 0 0 0 0 0 0 0 2 0 0 0 0 0 0 1 89 0 83 172 15 3 7 0 0 0 0 0 0 0 0 0 0 0 0 0 0 0 0 0 0 0 0 0 0 39 1 0 0 0 0 0 0 0 0 0 0 0 0 0 
 163 47 33 70 60 35 63 52 282 279 30 46 192 258 63 50 40 26 0 359 0 2 0 66 0 0 2 0 1 0 0 0 0 0 0 3 1 0 0 0 3 0 0 0 3 3 3 7 0 0 0 0 3 0 0 0 2 3 0 0 0 0 0 0 0 0 2 0 0 0 0 0 3 57 0 0 3 1 0 0 35 0 0 0 0 0 12 10 1 0 1 0 0 18 16 0 21 0 12 30 0 0 0 0 10 0 0 0 0 0 0 0 7 0 0 0 0 0 0 0 0 0 0 0 0 0 0 0 0 0 0 0 0 0 0 0 0 0 18 11 0 0 2 0 0 0 0 0 0 0 0 0 0 0 0 0 0 0 0 0 11 1 0 0 0 0 28 0 0 0 0 0 48 33 10 3 18 0 28 14 0 0 2 0 0 0 0 0 0 0 0 0 0 0 2 0 0 0 2 0 0 0 0 0 0 0 0 0 0 0 0 0 0 0 0 0 0 0 0 0 0 0 0 0 0 0 0 0 0 0 0 0 0 0 0 0 0 0 0 0 0 0 0 0 0 2 0 0 0 0 1 4 0 0 0 0 0 0 0 0 0 0 0 0 0 0 0 0 0 0 0 0 0 0 0 0 0 0 0 0 0 0 0 0 0 0 0 0 0 5 
 156 111 204 149 101 50 218 158 66 84 359 36 250 232 103 164 228 47 359 0 0 5 2 0 3 4 2 0 4 0 90 0 0 0 0 3 0 3 0 0 3 0 3 0 4 3 3 8 0 0 3 0 3 3 0 0 2 3 0 0 0 1 0 1 0 0 3 0 0 0 0 0 8 4 0 0 3 0 2 0 57 13 0 14 0 0 15 27 20 0 0 14 16 92 16 17 31 0 0 0 0 0 0 0 0 0 0 2 0 0 0 0 0 0 2 0 0 0 0 1 0 0 0 0 0 0 0 0 0 0 0 0 0 0 0 0 0 0 0 1 0 0 0 0 0 0 1 0 0 0 0 0 0 0 0 0 15 6 0 2 19 20 25 11 0 0 20 18 0 0 11 0 15 39 1 21 3 11 0 20 0 0 0 0 0 0 0 0 0 1 0 0 0 0 0 0 0 0 0 0 0 0 0 0 0 0 0 0 0 0 0 0 0 0 0 11 0 0 0 0 0 0 0 0 2 0 0 0 0 0 0 0 1 0 0 0 0 0 0 0 0 0 0 0 0 0 0 0 1 3 0 2 0 0 0 0 0 0 0 0 0 0 0 0 0 0 1 0 0 0 0 0 0 0 0 0 0 0 0 0 0 0 0 0 0 0 0 0 0 1 
 2 0 0 1 0 78 3 0 0 4 0 5 0 0 0 0 16 0 0 0 0 89 179 184 251 30 211 161 40 127 118 110 111 207 380 121 33 168 44 182 3 2 0 4 1 2 0 3 0 0 0 3 0 1 0 3 4 2 3 0 43 4 53 0 0 4 2 2 0 57 0 3 2 0 3 0 0 0 2 4 0 0 18 0 0 6 0 2 0 0 13 0 0 0 0 0 0 0 0 0 19 33 27 16 0 13 0 8 25 68 0 38 0 11 39 0 0 0 13 12 0 0 0 0 0 0 2 0 0 0 0 0 0 0 9 0 0 0 0 0 0 0 0 0 0 9 0 8 0 0 4 0 3 0 0 0 0 0 0 0 1 0 0 0 0 0 0 0 0 0 0 12 0 0 0 1 0 1 0 0 13 25 22 17 12 0 4 21 1 18 4 13 0 11 18 26 24 27 0 14 0 0 0 0 0 0 1 1 0 0 0 0 3 0 0 1 0 0 3 1 4 0 0 0 0 0 0 0 0 0 0 0 0 0 0 0 0 0 0 0 0 0 14 0 0 75 0 0 0 0 0 0 0 0 5 0 2 1 2 2 0 0 0 0 0 0 0 0 0 0 0 0 0 0 0 0 2 0 0 10 0 11 0 0 0 0 0 0 0 0 
 2 2 2 2 2 75 2 2 2 4 66 5 2 2 2 2 2 2 2 5 89 0 308 121 52 126 156 266 355 216 102 114 49 245 38 102 46 104 82 106 3 2 0 0 0 0 5 0 0 0 0 0 0 1 0 0 0 0 3 63 0 0 0 26 53 0 2 0 0 0 0 0 0 0 0 0 6 0 0 0 0 0 0 0 12 0 0 0 0 0 15 0 0 0 0 0 0 0 0 0 1 0 42 101 0 6 0 26 10 0 38 2 30 0 8 4 14 24 0 0 0 0 0 0 0 0 0 0 0 0 0 2 0 0 26 0 0 2 0 0 0 0 0 0 0 0 0 0 0 0 0 4 4 0 0 0 0 0 0 0 0 0 0 0 0 0 0 14 0 0 0 0 2 0 0 0 0 0 0 29 0 29 48 13 18 37 23 0 39 19 0 30 0 26 13 10 11 13 0 0 0 0 0 0 0 0 0 0 0 0 1 0 1 0 0 0 0 0 2 12 0 0 0 0 0 0 0 0 0 0 0 0 0 0 0 0 0 1 0 0 0 0 12 0 0 0 0 0 0 0 0 0 0 0 4 0 4 16 0 0 2 14 0 0 0 0 0 0 0 0 0 0 0 0 0 0 0 0 0 0 0 0 0 0 0 11 8 0 0 0 
 0 0 2 0 0 0 3 0 0 2 0 0 0 0 0 0 31 0 0 2 179 308 0 172 885 481 111 431 102 124 561 332 376 150 116 62 358 93 50 65 3 0 0 0 1 0 1 0 0 0 0 0 0 1 0 0 3 0 4 0 0 0 0 0 0 0 2 0 0 0 0 1 0 0 0 0 0 0 0 0 0 16 0 0 0 0 0 0 0 0 0 0 0 0 0 0 0 2 0 0 0 14 22 1 49 34 1 0 6 31 20 35 0 0 19 16 10 22 60 0 11 0 1 0 0 0 13 0 0 0 0 0 41 19 7 0 0 0 16 12 0 0 0 4 0 0 0 0 0 0 0 32 0 0 0 0 0 0 0 0 2 0 4 0 0 0 0 0 0 0 0 0 0 16 0 0 0 0 2 0 7 32 8 31 0 26 14 8 12 2 11 21 0 0 8 12 2 28 0 12 0 7 0 0 0 0 1 0 2 0 0 0 24 0 0 13 0 0 12 18 0 0 0 0 0 2 0 1 0 0 0 0 0 0 0 0 0 0 0 0 0 0 13 0 0 0 0 0 0 0 0 0 0 0 5 0 2 41 0 0 0 1 0 0 0 0 0 0 0 0 0 0 0 0 0 0 0 0 0 0 0 0 0 0 0 0 7 0 0 2 
 1 0 1 0 1 0 1 1 1 1 1 1 47 1 0 1 1 2 66 0 184 121 172 0 380 302 90 288 95 124 141 40 50 243 66 35 35 98 102 119 4 0 0 2 0 0 6 0 0 0 0 0 0 2 0 0 4 0 33 64 0 0 2 0 1 0 2 0 0 0 2 0 1 0 0 3 0 0 0 0 0 0 0 0 0 18 0 0 0 0 0 0 0 0 0 0 0 2 0 0 0 13 12 6 1 28 0 0 0 42 8 13 0 0 7 0 8 1 0 0 0 0 0 0 0 0 18 0 0 0 10 0 36 6 26 11 0 0 9 0 0 0 0 0 0 0 0 14 0 0 2 0 7 0 12 0 0 0 0 0 35 0 5 0 0 0 0 0 0 0 0 0 0 0 0 0 0 0 0 0 1 55 9 32 9 23 1 0 19 12 0 36 0 15 0 30 0 21 0 32 1 12 0 0 0 0 3 0 1 0 0 0 12 13 0 9 0 0 17 16 0 0 0 0 0 0 0 0 0 0 0 0 0 0 0 0 0 0 19 0 0 0 13 0 0 0 0 0 0 0 0 0 0 0 11 0 0 76 0 0 2 2 0 0 0 0 0 0 0 0 0 0 0 0 0 0 0 0 0 0 0 10 0 0 0 1 0 0 0 0 
 5 0 0 47 0 0 0 0 0 2 0 0 0 0 0 0 0 0 0 3 251 52 885 380 0 553 63 192 243 234 323 54 70 101 386 213 282 423 134 78 3 3 33 20 0 0 0 62 0 0 9 0 64 5 124 19 6 0 21 80 0 2 0 0 2 0 2 0 2 0 0 0 5 0 0 0 0 0 5 7 0 0 2 0 0 0 0 0 0 0 0 0 0 0 0 0 0 0 0 0 0 0 35 15 28 35 0 13 0 22 27 45 0 0 0 28 24 4 0 0 10 0 19 0 0 0 16 33 14 0 0 0 0 11 13 0 9 0 8 7 0 0 0 0 0 0 0 0 0 0 0 5 4 0 0 0 0 0 2 0 0 0 0 3 0 1 0 0 2 0 32 1 0 5 0 0 2 0 0 0 0 14 47 1 18 9 0 1 0 33 0 0 0 0 1 0 0 43 0 0 9 0 13 0 1 0 9 0 18 0 0 0 29 0 7 0 7 1 7 28 0 0 0 0 0 0 0 2 0 0 0 0 0 0 0 0 0 0 0 0 0 0 0 0 0 0 0 0 0 0 0 0 0 0 14 0 5 76 2 11 0 18 0 1 1 0 1 0 0 0 0 0 0 0 0 0 0 0 0 0 0 0 0 0 0 10 0 0 0 0 
 0 2 0 0 0 0 0 0 2 2 0 0 0 0 0 0 0 0 0 4 30 126 481 302 553 0 27 360 137 154 374 232 53 118 59 319 82 548 252 39 66 1 0 66 8 0 0 0 0 0 0 1 63 1 1 0 2 0 3 74 0 0 0 0 0 0 2 0 0 0 2 0 3 0 0 0 0 0 0 0 0 0 0 0 0 0 0 0 0 0 0 0 0 0 0 0 0 0 0 0 0 18 10 0 28 28 0 0 0 48 23 31 0 0 21 3 17 9 0 0 18 0 20 0 0 1 16 0 0 0 0 0 12 9 19 1 0 0 48 10 0 0 0 3 0 0 0 0 0 0 0 0 2 0 0 0 0 0 0 0 4 0 5 0 0 0 0 0 0 0 0 0 0 0 0 0 0 0 0 2 0 19 14 18 0 12 0 0 28 0 0 58 0 0 0 19 0 55 0 0 0 5 0 0 0 2 0 1 19 0 0 0 10 1 0 13 0 18 1 0 0 0 0 0 0 0 0 0 0 0 0 0 0 0 0 0 0 0 0 0 0 0 17 0 0 0 0 0 2 0 0 0 0 0 18 1 1 157 0 3 5 0 0 0 0 0 0 0 0 0 0 1 0 0 0 0 0 0 0 0 0 0 0 0 0 2 13 0 0 0 
 1 0 0 83 2 76 0 0 0 75 0 74 0 0 0 0 32 0 2 2 211 156 111 90 63 27 0 98 135 79 161 53 227 235 114 73 117 265 132 120 3 14 0 0 0 0 9 0 0 0 0 0 0 1 0 0 0 0 4 0 0 0 0 0 0 32 2 0 0 0 0 0 0 0 0 0 0 0 0 0 0 0 0 10 42 0 0 1 0 13 9 10 0 0 0 0 0 0 0 0 20 0 32 54 0 14 0 12 60 10 0 0 30 21 62 11 15 20 30 37 0 0 0 0 0 0 0 0 0 0 0 0 0 0 0 0 0 0 0 0 0 0 0 0 0 0 0 0 0 0 0 2 12 0 12 0 0 0 0 0 0 0 0 3 13 0 0 0 0 0 0 40 0 0 0 14 0 9 0 6 6 0 19 18 0 13 5 4 27 0 28 0 0 53 7 33 8 0 10 16 0 0 0 0 0 0 0 0 9 0 0 2 1 0 0 2 0 0 7 0 0 0 0 0 0 0 0 18 0 0 0 0 0 0 1 0 0 0 0 0 0 0 0 0 0 0 0 0 0 0 0 0 0 0 5 2 0 0 0 0 0 0 0 0 0 0 0 0 0 0 0 0 0 0 0 0 1 0 0 10 0 0 0 2 0 0 0 0 0 0 
 2 2 0 0 0 75 0 0 1 2 0 4 0 0 0 0 4 0 0 0 161 266 431 288 192 360 98 0 368 188 98 286 166 204 53 271 204 433 78 138 3 1 4 0 1 1 1 0 2 0 0 0 0 2 3 63 12 0 4 0 0 0 0 0 0 0 2 0 0 2 0 0 3 0 2 0 5 0 0 0 0 0 0 0 0 0 0 0 0 0 0 0 0 0 0 0 0 0 0 0 12 37 28 0 21 9 12 16 7 49 21 25 0 11 0 24 69 6 35 0 1 0 0 0 0 0 14 0 0 0 16 0 11 0 12 0 0 0 22 0 0 0 0 0 0 0 0 0 0 0 0 0 18 0 0 6 0 0 0 0 2 0 7 2 3 0 0 0 0 0 0 0 0 0 0 0 1 0 0 0 0 32 41 28 20 53 14 11 4 24 11 22 0 0 8 8 15 11 0 14 0 0 0 0 0 0 1 0 0 0 0 0 9 0 0 0 1 0 10 13 0 0 0 0 0 0 0 0 0 0 0 0 2 0 0 0 0 0 0 23 0 0 0 0 0 0 0 0 0 0 0 0 0 0 8 1 0 0 1 2 5 3 0 0 0 0 10 0 0 0 0 0 0 0 0 0 0 0 0 0 0 0 0 0 0 0 0 0 0 0 
 1 78 1 2 1 2 1 1 3 1 1 1 1 1 3 2 1 0 1 4 40 355 102 95 243 137 135 368 0 192 272 34 103 66 90 147 111 75 334 82 3 22 0 0 0 0 2 0 0 0 0 0 0 1 0 0 0 0 5 130 0 0 0 0 9 0 2 0 0 0 0 0 0 0 0 0 0 0 0 0 0 0 0 0 0 0 0 0 0 0 0 0 0 0 0 0 0 0 0 0 0 0 0 12 9 22 0 0 0 13 7 15 8 0 0 18 24 22 12 0 7 0 1 0 0 0 1 0 0 0 1 0 10 60 18 24 0 0 30 12 0 0 0 3 0 0 0 0 0 0 0 0 0 0 0 0 0 0 0 0 2 0 0 0 0 0 0 0 12 0 0 0 0 0 3 0 0 0 0 0 0 0 0 13 13 12 7 0 23 16 0 24 0 12 0 0 0 46 0 0 0 49 0 0 1 0 8 0 30 0 0 0 31 0 0 12 18 0 40 34 0 0 0 0 0 0 0 0 0 0 0 0 0 0 0 0 0 0 0 0 0 0 0 0 0 0 0 0 0 0 0 0 0 0 13 0 1 79 73 2 15 0 0 0 0 0 0 0 0 20 0 0 0 0 0 0 0 0 0 0 0 0 0 0 0 0 0 0 0 0 
 1 0 0 0 0 0 0 7 0 0 0 0 0 0 0 0 0 0 0 0 127 216 124 124 234 154 79 188 192 0 193 103 148 80 226 135 53 74 111 173 3 4 0 2 0 0 2 2 0 0 1 0 0 1 0 0 0 0 3 70 0 1 0 0 0 0 2 0 0 0 0 1 2 0 0 0 0 0 2 0 0 0 0 0 0 13 0 0 0 0 0 0 0 0 5 0 0 0 0 0 0 15 0 8 16 9 0 4 0 30 17 25 6 0 0 1 13 17 2 4 0 0 0 0 0 0 0 0 0 0 0 0 40 14 26 0 0 0 12 0 0 0 0 0 2 0 0 0 0 0 0 0 4 0 0 0 0 0 0 0 4 0 5 0 0 0 0 0 0 0 0 0 0 0 0 0 0 0 0 0 0 19 0 43 0 19 8 0 22 0 0 31 0 8 0 30 7 38 0 6 0 1 28 0 0 0 0 12 19 0 0 0 1 0 0 1 0 0 0 0 0 0 0 0 0 0 1 0 0 0 0 0 0 0 2 0 11 0 0 0 0 0 0 0 0 0 0 0 0 0 0 0 0 0 5 0 0 129 1 0 7 3 0 0 0 0 0 0 0 0 0 0 0 0 0 0 0 0 0 0 0 9 0 1 0 2 14 0 0 0 
 0 0 0 0 0 1 3 0 0 0 1 0 0 0 0 0 1 0 0 90 118 102 561 141 323 374 161 98 272 193 0 117 120 88 203 140 111 248 54 201 3 4 5 0 0 0 2 3 3 0 0 0 63 1 63 0 0 0 3 1 0 0 0 0 0 0 2 0 0 0 0 0 0 0 0 0 0 0 0 0 0 0 0 0 0 18 0 0 0 18 0 0 0 0 0 0 0 0 0 0 9 0 20 13 18 28 0 0 6 38 0 13 8 0 7 35 5 29 1 0 1 0 0 0 0 0 0 0 0 0 0 0 0 1 9 4 0 0 0 1 0 0 0 0 0 0 0 1 0 0 2 0 7 0 0 0 0 0 0 0 0 0 0 0 0 6 0 0 1 5 12 0 0 16 0 0 0 0 13 0 1 18 0 12 0 21 10 0 0 0 0 0 0 22 0 34 7 41 0 11 10 14 0 0 0 0 0 0 0 0 0 0 30 0 0 0 0 1 5 22 0 13 0 0 0 0 0 0 0 0 0 0 0 0 0 0 0 0 0 0 0 0 17 0 0 0 0 0 0 0 0 0 0 0 20 0 0 77 93 5 1 0 0 0 0 0 0 0 0 0 0 0 0 0 0 0 0 0 0 11 0 10 0 0 0 0 0 0 0 0 
 2 0 0 1 0 0 0 0 0 0 0 0 0 0 0 0 0 120 0 0 110 114 332 40 54 232 53 286 34 103 117 0 59 64 240 151 177 224 56 61 25 0 0 0 0 0 0 0 0 0 1 2 55 2 65 0 9 0 19 0 0 0 0 0 0 0 2 0 26 0 0 0 0 0 0 0 13 0 0 0 0 0 2 0 0 0 0 0 0 0 7 0 0 0 0 0 0 0 0 0 13 0 3 0 25 14 0 0 1 1 33 1 0 13 0 24 0 9 0 0 0 11 38 8 0 0 23 1 19 0 14 0 8 22 1 0 18 0 15 13 0 0 15 0 0 0 0 0 0 0 0 0 0 0 0 0 0 0 0 0 0 0 0 0 0 0 0 0 0 0 0 0 0 0 0 12 0 5 1 0 12 0 0 7 27 2 0 9 18 12 9 31 0 0 9 0 12 13 0 0 0 26 0 14 1 0 9 0 1 0 0 0 23 12 3 28 0 32 0 1 0 0 0 0 0 0 0 2 0 0 0 0 0 0 0 0 0 0 0 0 0 0 0 0 0 0 0 0 0 0 0 0 0 0 8 0 2 116 1 0 4 0 1 0 0 0 10 0 0 0 0 0 0 0 0 0 0 0 0 0 0 0 0 0 0 0 10 0 0 0 
 4 5 0 133 1 0 0 0 1 75 2 72 0 0 164 75 1 0 0 0 111 49 376 50 70 53 227 166 103 148 120 59 0 237 49 29 86 131 389 191 3 2 201 0 64 0 3 0 0 2 0 1 0 1 0 0 0 0 3 1 1 0 1 0 1 3 2 0 1 0 1 0 0 0 0 23 0 0 0 0 0 0 11 22 16 0 0 0 0 13 19 8 0 1 2 0 0 0 0 0 1 21 0 23 0 0 31 32 4 0 0 20 9 31 28 18 14 24 30 27 0 0 0 0 0 0 0 0 12 0 0 3 0 0 0 0 0 0 0 0 0 0 0 0 0 0 0 0 0 0 0 0 0 0 5 3 0 0 0 0 0 1 0 0 14 0 0 0 1 0 0 28 1 0 0 0 0 0 0 0 0 21 13 8 0 0 67 29 13 16 17 9 0 32 28 27 20 0 24 37 0 0 0 0 0 0 0 0 0 2 0 0 0 0 0 0 0 0 0 0 0 0 0 0 0 0 0 0 0 0 0 0 0 0 0 0 0 0 0 0 0 0 12 0 0 0 0 0 0 3 0 0 0 0 13 2 1 0 0 1 0 0 0 0 0 0 0 0 0 0 0 0 0 0 0 1 0 0 0 0 0 0 0 0 0 0 0 0 0 0 
 72 0 0 0 0 0 0 73 1 25 0 75 0 0 0 8 0 2 0 0 207 245 150 243 101 118 235 204 66 80 88 64 237 0 233 41 123 251 138 202 3 0 0 29 0 0 3 0 0 2 0 1 0 1 0 0 58 0 3 0 0 0 0 0 0 6 2 54 0 0 0 0 0 0 16 0 0 0 0 0 0 0 2 0 3 0 0 0 0 11 21 0 0 0 0 0 0 0 0 0 17 0 24 82 1 12 18 19 1 14 12 21 12 4 13 24 23 18 0 4 0 0 0 0 0 0 10 0 0 0 1 0 0 0 0 0 0 0 0 0 0 0 0 0 0 0 1 0 0 0 0 2 1 2 0 0 0 0 0 0 0 0 0 61 12 0 0 0 0 0 0 18 0 0 0 12 0 5 0 0 23 27 7 9 26 8 4 0 1 18 0 5 0 19 0 33 18 10 0 23 0 0 0 15 0 0 0 0 0 0 0 0 15 0 0 0 0 0 12 15 0 0 0 0 0 11 2 0 0 0 0 0 0 0 0 0 0 0 0 0 0 0 12 0 0 0 0 0 0 0 0 0 0 0 2 0 0 2 0 0 0 12 0 0 0 0 0 0 0 0 0 0 0 0 0 0 0 0 0 10 0 0 0 0 0 0 0 0 0 0 
 0 0 0 0 0 22 0 0 0 2 208 0 0 0 206 1 0 0 0 0 380 38 116 66 386 59 114 53 90 226 203 240 49 233 0 167 42 81 144 160 3 3 0 0 1 0 5 0 0 0 0 2 0 1 0 0 0 0 4 0 0 0 2 0 0 0 2 0 3 0 0 0 0 0 0 0 0 0 0 0 0 0 0 0 0 40 0 0 0 0 0 0 0 0 0 0 0 0 0 0 9 41 0 19 21 0 0 0 12 23 10 29 9 0 8 1 0 21 0 0 0 0 0 0 0 0 1 0 0 0 0 0 0 0 17 0 0 0 0 0 0 0 0 0 0 0 0 1 0 0 7 0 1 0 0 0 0 0 0 0 0 0 0 0 6 0 0 2 1 0 0 15 0 0 0 0 1 0 0 0 19 14 0 10 12 2 34 13 18 23 0 7 0 18 0 33 63 15 11 7 0 0 0 0 0 0 0 2 0 0 0 0 0 0 0 0 0 0 0 0 0 0 2 0 0 0 26 0 0 0 0 0 2 0 0 0 0 0 0 0 0 0 11 0 0 0 0 0 75 0 0 0 0 0 13 2 2 4 0 3 4 0 0 0 0 0 0 0 0 0 0 0 0 0 0 0 0 0 0 0 0 10 0 0 0 0 11 0 0 0 
 5 3 3 3 3 114 3 3 3 6 3 8 3 3 3 3 3 3 3 3 121 102 62 35 213 319 73 271 147 135 140 151 29 41 167 0 144 91 29 99 0 1 0 0 0 3 0 0 0 0 0 10 0 1 0 1 3 0 1 124 0 0 0 0 0 0 0 0 0 0 0 3 0 0 0 0 4 3 0 0 0 0 0 0 0 21 0 0 0 0 0 0 0 0 0 0 0 0 0 0 16 18 54 14 9 8 0 35 33 12 8 20 0 26 0 21 34 0 0 0 0 12 0 0 0 0 1 16 11 0 0 0 0 7 24 12 0 0 8 0 0 0 0 0 0 0 0 4 0 0 6 0 0 0 0 0 0 0 0 2 0 0 0 0 0 0 0 0 0 0 0 0 0 0 0 25 0 9 0 6 0 0 20 0 19 6 12 18 15 26 32 9 0 0 0 21 3 18 0 8 0 12 10 0 0 0 0 11 11 0 0 0 8 8 0 0 2 1 18 16 0 0 0 0 0 0 0 0 0 0 1 0 2 0 0 0 0 0 0 0 0 0 0 0 0 1 0 0 0 0 0 0 0 0 7 31 0 74 5 2 0 0 0 0 0 0 0 0 0 0 0 0 0 0 0 0 0 0 0 0 0 20 0 0 0 12 0 0 0 0 
 0 0 0 0 0 75 3 0 0 5 0 2 0 2 0 0 0 0 1 0 33 46 358 35 282 82 117 204 111 53 111 177 86 123 42 144 0 70 112 252 3 2 0 0 2 0 0 0 2 0 6 0 0 2 2 0 0 0 3 3 0 10 10 0 0 4 3 0 0 1 11 0 0 10 0 2 2 11 0 0 0 0 0 0 0 1 0 0 0 2 0 0 0 0 0 0 0 0 0 0 26 13 12 0 0 0 7 15 35 0 0 13 8 17 0 12 0 14 31 0 0 0 0 0 0 0 0 0 7 0 0 2 0 0 0 0 0 0 0 0 0 0 0 0 0 0 0 0 0 0 0 0 0 0 0 0 0 0 0 0 0 0 0 0 1 0 2 0 0 0 1 0 2 0 2 3 0 7 0 2 11 18 7 2 1 10 19 29 41 32 44 0 0 0 20 0 16 15 0 26 0 0 0 0 0 0 2 0 0 0 1 0 0 0 0 0 0 0 1 0 0 0 0 0 0 0 0 0 0 2 0 0 10 0 0 0 0 0 0 0 0 0 0 0 0 0 0 0 0 0 0 0 0 0 10 1 0 1 1 2 1 1 0 1 0 0 2 0 0 0 0 0 0 0 52 0 0 0 0 0 0 0 0 0 0 0 0 0 0 0 
 2 0 0 0 0 0 0 0 0 2 0 5 0 0 0 0 50 0 0 3 168 104 93 98 423 548 265 433 75 74 248 224 131 251 81 91 70 0 38 48 3 1 0 0 0 0 3 2 4 0 0 1 0 2 0 0 6 0 6 66 0 0 6 0 1 0 2 2 0 54 0 1 0 0 0 0 0 0 0 0 0 0 0 0 0 13 0 0 0 0 0 0 1 0 0 0 0 0 0 0 2 14 17 12 0 42 0 0 0 55 0 30 0 1 8 18 2 0 0 0 0 0 0 0 0 0 15 0 0 0 1 0 0 45 11 26 0 0 1 0 0 0 0 0 0 0 0 0 0 0 0 0 3 0 0 0 0 0 0 0 1 0 0 0 0 0 0 0 0 0 0 0 0 0 0 1 0 1 0 0 9 44 24 15 24 13 0 3 9 34 2 13 2 0 0 24 14 59 0 6 0 34 0 0 0 12 1 0 0 0 0 0 21 0 0 0 0 0 44 19 0 0 0 0 0 0 0 0 0 0 22 0 0 0 0 0 0 0 0 0 0 0 16 0 0 0 0 0 18 0 0 0 0 0 22 3 0 77 0 3 0 1 0 0 0 0 0 0 0 0 0 2 0 0 0 0 0 0 0 0 0 9 0 0 0 0 0 0 0 0 
 3 12 0 75 73 145 6 0 102 5 0 8 0 2 72 0 0 0 0 0 44 82 50 102 134 252 132 78 334 111 54 56 389 138 144 29 112 38 0 146 6 0 3 2 5 0 3 0 0 0 2 4 0 7 0 2 3 4 4 63 0 1 3 28 0 0 2 0 0 49 5 0 0 0 3 3 3 0 0 8 0 0 8 13 24 23 0 0 14 2 15 16 0 0 0 0 0 0 1 0 12 11 40 19 0 0 24 29 20 0 0 0 28 32 0 1 0 1 13 31 0 0 0 0 0 0 0 0 0 0 0 0 0 0 0 0 0 0 0 0 0 0 0 0 0 0 0 0 0 0 0 0 0 0 2 0 0 0 0 14 0 0 0 0 11 19 2 0 0 0 0 7 0 0 2 0 16 13 0 7 0 11 45 21 0 0 17 0 9 0 16 0 12 10 27 0 15 0 0 0 0 0 0 0 0 0 2 0 0 0 0 0 0 0 0 0 0 0 0 0 0 0 0 0 0 0 0 0 0 2 0 0 0 0 0 0 0 0 0 0 0 8 0 0 0 0 22 0 73 0 0 0 0 0 14 0 2 0 0 1 2 0 9 0 0 0 2 0 0 0 0 0 0 0 0 0 0 0 0 0 0 0 0 0 0 0 0 0 0 0 
 1 0 0 0 0 104 0 0 0 5 0 3 0 0 0 0 31 0 0 0 182 106 65 119 78 39 120 138 82 173 201 61 191 202 160 99 252 48 146 0 3 6 0 0 1 2 6 1 2 4 1 2 0 3 0 0 1 0 9 67 0 0 0 3 14 3 2 5 1 0 0 5 0 0 0 0 1 5 0 2 0 0 0 0 0 20 0 0 0 0 0 0 0 0 0 0 0 0 0 0 33 9 41 38 0 0 0 0 33 9 0 8 12 10 30 25 0 52 7 0 0 0 0 0 0 0 0 0 0 0 0 0 0 0 10 6 0 0 0 0 0 0 0 0 0 0 0 0 0 0 3 0 14 0 0 0 0 0 0 0 0 0 0 0 0 0 0 0 0 0 0 0 0 0 0 28 0 9 0 6 7 69 34 26 1 1 40 6 2 0 48 9 0 26 12 19 8 0 0 18 0 0 0 0 0 0 10 0 0 0 0 0 0 0 0 0 0 0 0 0 0 0 0 0 0 0 0 0 0 0 0 0 0 0 0 0 0 0 0 0 0 0 15 0 0 0 0 0 0 1 0 0 0 1 7 2 4 0 0 0 0 1 0 0 0 0 0 0 0 0 0 1 0 0 0 0 0 0 0 0 0 35 0 0 0 0 0 0 0 0 
 3 3 3 3 3 3 3 3 3 9 3 6 3 3 3 3 3 3 3 3 3 3 3 4 3 66 3 3 3 3 3 25 3 3 3 0 3 3 6 3 0 59 82 40 254 461 478 131 64 95 34 39 168 111 174 93 86 45 68 313 1 0 0 0 0 0 2 5 0 0 0 0 10 0 3 1 0 0 1 0 0 0 0 0 0 0 0 0 0 0 0 0 0 0 0 1 0 0 0 0 0 0 0 0 7 15 0 0 0 0 0 0 0 0 0 0 0 0 0 0 32 1 13 7 33 10 39 19 36 6 17 12 28 1 0 1 16 0 39 43 1 0 38 0 2 0 0 0 4 0 0 0 0 3 0 0 0 0 4 7 0 0 0 0 1 0 0 0 5 0 0 0 0 0 0 0 69 0 0 0 0 0 0 0 0 0 0 0 0 0 0 14 0 0 0 0 0 0 0 0 24 23 27 34 16 0 21 10 7 26 0 19 0 51 18 38 14 34 12 0 6 0 3 0 0 0 4 0 23 0 0 0 0 5 0 0 0 7 0 1 0 0 0 0 0 0 0 0 0 0 0 0 0 0 0 0 0 33 0 0 0 0 0 3 65 2 0 1 0 0 0 0 0 0 0 3 0 0 0 0 0 0 0 0 0 0 0 0 2 0 
 3 0 0 0 0 0 0 0 0 0 0 0 0 0 0 0 0 0 0 0 2 2 0 0 3 1 14 1 22 4 4 0 2 0 3 1 2 1 0 6 59 0 130 359 71 50 312 183 238 168 40 41 44 120 89 189 116 126 46 46 0 0 10 204 0 0 1 0 0 0 11 0 29 0 0 0 0 0 0 0 0 0 0 0 0 0 0 0 0 0 0 0 0 0 0 0 0 0 0 0 0 0 0 6 0 0 0 0 0 0 0 0 11 1 0 0 0 2 2 0 14 40 4 25 22 0 1 0 0 20 21 0 0 0 4 18 7 0 1 1 6 0 20 0 0 0 2 9 5 0 0 0 0 0 14 0 0 0 22 1 0 0 0 0 1 0 0 14 1 0 0 0 0 0 0 0 1 0 0 0 0 0 0 7 0 0 8 0 0 0 0 0 0 6 0 30 7 0 0 0 10 1 1 29 56 11 7 0 43 9 12 4 0 1 9 7 1 2 11 0 0 1 0 0 0 0 13 9 0 0 0 0 0 0 0 0 0 0 0 0 0 0 0 0 0 0 0 0 0 0 0 4 0 1 0 0 0 0 0 0 0 0 0 0 0 6 2 1 1 0 0 0 0 0 0 0 0 0 0 0 0 0 0 0 12 8 0 0 0 0 
 3 1 0 0 0 3 0 0 0 2 0 3 0 0 0 0 0 0 0 3 0 0 0 0 33 0 0 4 0 0 5 0 201 0 0 0 0 0 3 0 82 130 0 96 109 34 144 491 169 135 116 34 115 274 153 396 47 436 275 74 2 0 5 0 0 0 0 0 0 5 8 0 3 0 7 6 1 0 5 0 0 0 0 0 0 0 0 0 0 0 0 0 0 0 0 0 0 0 0 0 0 0 0 0 0 0 0 0 0 0 0 0 0 0 0 0 0 0 0 0 41 27 11 63 7 8 14 20 14 2 0 6 0 0 11 11 0 0 0 10 0 2 10 0 9 0 11 0 5 0 4 0 0 23 18 0 0 0 4 17 0 0 0 0 0 17 0 0 6 9 7 0 0 24 0 0 21 0 24 0 0 0 0 0 0 0 0 0 0 0 0 0 0 0 0 0 0 0 0 0 8 0 11 11 13 0 0 9 0 0 0 10 0 1 20 0 23 11 0 0 8 0 12 8 0 0 0 0 6 11 0 0 0 7 0 0 0 19 4 0 0 0 0 0 0 0 0 0 0 0 0 11 0 0 0 0 0 0 0 17 0 0 5 1 1 3 0 0 2 0 0 0 0 0 0 0 0 0 0 0 0 0 0 0 20 67 0 9 0 0 
 0 0 0 0 0 0 0 64 0 6 0 2 0 0 0 0 0 0 0 0 4 0 0 2 20 66 0 0 0 2 0 0 0 29 0 0 0 0 2 0 40 359 96 0 161 161 172 88 113 170 148 367 54 155 46 40 28 149 74 67 50 0 7 0 0 0 0 0 0 0 2 0 26 20 80 1 0 0 62 0 0 0 0 0 0 0 0 0 0 0 0 0 0 0 0 0 0 0 0 0 0 0 0 0 0 0 0 0 0 0 0 9 0 0 0 0 0 0 0 0 0 14 28 15 18 15 0 0 0 0 1 8 0 0 0 1 0 51 0 1 0 0 0 0 0 0 4 1 18 0 0 0 0 17 0 0 0 0 13 11 0 0 0 0 7 0 0 6 0 0 9 0 0 0 0 0 0 0 0 0 0 0 0 0 0 0 0 0 0 0 0 0 0 0 0 0 0 0 0 0 0 0 0 8 12 17 0 9 0 0 3 0 0 0 0 8 0 0 0 0 36 14 0 0 0 0 3 0 0 12 0 0 20 7 41 0 0 10 18 23 0 0 20 0 0 0 0 0 0 0 0 12 0 0 0 0 0 0 0 9 0 0 2 2 0 16 2 0 3 0 0 0 0 0 0 0 0 0 0 0 0 0 0 0 0 10 0 0 0 0 
 4 2 4 4 2 2 2 4 4 7 2 3 4 4 4 2 2 3 3 4 1 0 1 0 0 8 0 1 0 0 0 0 64 0 1 0 2 0 5 1 254 71 109 161 0 117 61 151 442 169 110 106 263 103 69 126 46 327 46 117 0 0 1 0 0 0 1 0 0 0 4 0 0 0 48 0 211 0 0 0 31 0 0 0 0 0 0 0 0 0 0 0 0 0 0 0 0 0 0 0 0 0 0 0 0 0 11 0 0 0 0 0 0 0 0 0 0 0 0 0 11 21 5 20 16 1 9 11 1 18 34 7 0 0 16 9 0 5 0 6 0 0 0 0 0 0 0 0 0 0 0 0 3 0 18 0 0 0 11 0 0 0 0 0 1 0 13 4 0 0 0 0 11 0 0 0 0 0 0 0 0 0 0 0 0 0 0 0 0 0 0 0 0 0 0 0 0 0 0 0 8 3 12 12 18 0 8 12 0 4 0 0 0 0 0 4 8 0 0 0 0 0 0 1 0 1 12 9 1 0 0 0 0 0 0 0 0 0 12 0 0 0 0 0 0 0 0 0 2 0 0 2 0 0 55 0 0 0 0 1 0 0 4 2 1 9 2 0 5 0 2 0 0 0 0 0 0 0 0 0 0 0 0 0 10 7 0 0 0 2 
 3 3 3 3 3 3 4 3 3 6 3 3 3 5 3 3 3 3 3 3 2 0 0 0 0 0 0 1 0 0 0 0 0 0 0 3 0 0 0 2 461 50 34 161 117 0 59 49 260 64 60 127 31 54 60 52 289 44 29 271 55 1 4 3 0 0 50 100 0 21 1 0 51 45 131 138 0 0 66 0 0 0 0 0 0 0 0 0 0 0 0 0 0 0 0 0 0 0 0 0 0 0 0 0 0 0 0 0 0 0 0 0 0 0 0 0 0 0 0 0 0 0 0 0 12 32 10 0 0 0 0 12 0 0 0 0 0 10 0 0 8 3 11 0 28 0 13 1 20 15 20 2 11 30 4 0 0 0 0 21 0 0 0 0 0 0 0 0 0 0 0 0 0 0 0 0 0 0 0 0 0 0 0 0 0 0 0 0 0 0 0 0 0 0 0 0 0 0 0 18 0 0 0 0 20 30 0 0 0 0 15 17 0 0 0 0 1 0 0 0 31 18 20 22 0 0 1 0 0 13 0 0 15 8 42 0 0 18 34 65 0 0 4 0 0 0 0 0 0 0 0 5 0 0 0 0 0 2 0 0 10 0 8 0 0 3 1 0 4 0 0 0 0 0 0 0 0 0 0 0 0 0 0 0 0 0 0 0 1 0 
 3 3 3 3 3 3 5 3 2 5 2 3 4 3 3 3 3 2 3 3 0 5 1 6 0 0 9 1 2 2 2 0 3 3 5 0 0 3 3 6 478 312 144 172 61 59 0 107 57 88 127 245 167 210 187 186 257 41 52 166 0 0 0 0 0 0 0 0 0 0 0 0 0 0 0 0 0 0 0 0 0 0 0 0 0 0 0 0 0 0 0 0 0 0 0 0 0 0 0 0 0 0 0 4 0 0 0 0 0 0 0 0 0 0 6 0 0 5 0 0 34 37 51 6 5 0 7 0 21 0 5 26 12 0 0 16 21 1 0 12 0 0 0 0 0 0 2 0 0 0 0 0 0 0 0 0 0 0 16 0 0 0 0 0 2 0 0 1 0 0 0 0 0 0 0 0 0 0 0 0 0 2 0 21 0 0 8 0 0 0 0 4 0 4 0 20 6 0 0 0 15 0 23 29 14 0 16 46 20 34 4 13 0 20 35 9 8 34 0 0 0 0 0 0 0 0 0 0 0 0 0 0 0 0 0 0 0 0 0 0 0 0 28 0 0 0 0 0 0 0 0 6 0 1 0 0 0 0 0 0 0 0 0 68 65 4 0 64 2 0 23 0 0 0 0 0 0 0 0 0 0 0 0 0 0 0 0 9 1 0 
 4 0 0 0 0 0 0 0 0 0 0 0 0 5 0 0 0 0 7 8 3 0 0 0 62 0 0 0 0 2 3 0 0 0 0 0 0 2 0 1 131 183 491 88 151 49 107 0 269 324 103 106 140 137 63 106 63 107 349 129 2 0 0 0 0 0 7 0 0 0 0 0 51 0 0 0 0 0 0 0 0 0 0 14 0 0 0 0 0 0 0 0 9 0 1 0 0 0 0 0 0 0 0 0 0 0 0 0 0 0 0 0 8 0 0 0 0 0 0 0 12 3 33 0 3 29 60 34 17 17 9 8 0 0 0 10 0 20 0 10 26 0 0 0 0 0 0 10 0 0 0 0 17 0 9 18 0 0 10 0 0 0 0 0 0 6 7 0 4 0 5 0 0 5 0 15 17 0 0 0 0 0 0 0 0 0 0 0 0 0 0 0 0 0 0 0 0 0 0 11 0 0 21 0 22 0 0 3 0 0 8 23 0 31 10 26 43 34 0 0 0 0 0 0 0 0 0 0 1 0 0 0 0 0 0 0 0 0 18 0 0 0 0 0 0 0 0 0 0 0 0 9 0 1 0 0 0 0 0 13 0 0 62 67 1 4 0 65 0 0 0 0 0 0 0 0 0 0 0 0 0 0 0 0 22 0 0 0 1 0 
 0 0 0 0 1 5 0 0 2 7 0 7 2 0 0 0 0 0 0 0 0 0 0 0 0 0 0 2 0 0 3 0 0 0 0 0 2 4 0 2 64 238 169 113 442 260 57 269 0 233 183 43 70 181 191 120 112 198 66 62 0 76 8 0 0 0 0 0 2 0 87 0 0 0 0 0 49 0 0 0 13 0 0 0 0 0 0 0 0 0 11 0 0 0 0 0 0 0 0 0 9 0 0 0 0 0 0 0 0 0 0 0 0 9 0 7 0 0 2 0 10 46 31 21 19 11 9 0 4 4 6 6 0 0 11 7 0 0 0 0 2 0 0 0 0 0 0 0 0 0 0 0 0 0 12 0 0 0 15 0 0 0 0 0 18 0 0 2 0 0 5 0 0 0 0 0 0 0 0 0 32 0 0 0 0 0 0 9 6 0 0 0 0 0 8 0 0 0 0 7 1 0 0 16 11 0 0 14 0 9 0 12 0 0 0 2 31 12 0 0 0 0 0 6 0 0 11 6 0 0 0 0 0 0 0 0 0 1 0 0 0 0 0 0 0 0 0 0 0 0 0 1 0 2 0 0 0 0 0 0 0 0 5 0 0 12 1 0 0 0 0 0 0 0 0 0 0 0 0 0 0 0 0 0 10 7 0 1 2 0 
 0 0 0 0 0 0 0 0 0 0 0 0 0 0 0 2 0 0 0 0 0 0 0 0 0 0 0 0 0 0 0 0 2 2 0 0 0 0 0 4 95 168 135 170 169 64 88 324 233 0 105 109 40 84 72 400 134 68 58 178 0 0 2 1 0 0 4 0 0 0 5 0 19 0 0 0 0 22 0 0 0 0 0 0 0 0 0 0 0 0 0 0 0 0 0 0 0 0 0 0 0 0 0 0 0 0 0 0 0 0 0 0 0 0 0 0 0 0 0 0 6 40 0 0 42 11 0 10 0 39 11 0 0 0 9 31 35 10 0 0 24 0 4 28 0 0 3 23 0 0 0 0 10 0 11 0 0 0 49 0 0 0 0 0 7 0 0 0 0 0 0 0 0 0 0 0 0 0 0 0 0 0 0 0 0 0 0 0 0 0 0 0 0 0 0 0 0 0 0 0 10 0 0 38 49 0 7 6 3 23 2 38 0 21 17 28 0 13 20 0 0 3 0 0 0 4 0 0 0 0 1 1 0 11 0 0 0 0 0 0 0 0 0 0 0 0 0 0 0 0 0 8 0 1 0 0 0 0 0 2 0 0 0 64 0 2 0 0 0 0 2 0 0 0 0 0 0 0 0 0 0 0 0 0 12 1 0 0 0 0 
 4 0 0 6 1 2 0 0 1 26 0 2 5 0 0 0 0 0 0 3 0 0 0 0 9 0 0 0 0 1 0 1 0 0 0 0 6 0 2 1 34 40 116 148 110 60 127 103 183 105 0 293 61 371 128 137 180 112 51 273 0 0 0 0 0 0 0 0 0 0 0 0 0 0 0 0 0 0 0 1 0 0 0 19 0 0 0 0 0 0 0 0 0 0 0 19 0 0 0 0 17 0 0 0 0 0 0 0 0 0 0 0 0 0 0 0 0 0 2 1 12 20 26 15 7 9 0 1 29 13 27 10 10 0 0 10 0 11 1 11 0 0 0 0 0 0 0 0 0 0 0 0 1 0 0 0 0 0 11 0 0 0 0 1 4 0 0 4 0 0 3 0 0 0 0 0 0 0 0 0 24 0 0 0 0 0 0 3 3 0 0 10 0 0 6 0 0 0 0 6 1 0 20 3 0 0 0 19 0 2 0 0 0 7 10 5 21 8 0 0 1 0 0 0 0 0 21 9 0 0 0 0 21 0 0 0 0 10 0 0 0 0 0 0 0 0 0 0 0 0 0 2 0 0 0 0 0 0 0 6 0 15 65 0 66 7 0 47 0 0 0 0 0 0 0 14 0 0 0 0 0 0 0 0 0 0 0 8 0 0 
 5 0 2 0 1 44 0 0 0 68 2 0 0 0 0 0 0 0 0 0 3 0 0 0 0 1 0 0 0 0 0 2 1 1 2 10 0 1 4 2 39 41 34 367 106 127 245 106 43 109 293 0 32 76 15 89 82 95 39 58 0 0 5 0 0 0 73 50 0 2 1 2 25 27 22 72 2 2 7 0 0 0 0 0 0 0 0 0 0 0 0 0 0 0 0 0 0 0 0 0 0 0 0 0 24 0 0 0 0 0 3 17 0 0 0 0 4 0 0 0 0 10 0 10 13 8 1 1 4 0 25 1 0 2 1 0 7 0 9 0 7 0 0 0 0 10 17 44 0 27 0 0 9 13 1 3 0 0 14 2 0 0 0 0 0 0 0 0 0 0 0 0 0 0 1 0 0 0 0 0 0 0 0 0 7 24 0 0 0 8 7 0 0 0 0 0 0 0 0 0 1 0 9 20 14 0 14 26 0 18 31 0 1 6 14 7 5 2 10 9 11 3 9 0 0 0 0 0 0 15 0 0 10 0 19 0 0 1 25 21 0 0 15 0 0 0 0 0 18 0 0 77 0 0 0 0 0 0 3 12 0 0 3 0 0 0 2 0 1 0 20 0 2 0 0 0 0 0 0 0 0 5 0 0 12 9 0 0 0 0 
 3 3 3 3 3 3 3 3 3 3 3 3 3 3 3 3 3 3 3 3 0 0 0 0 64 63 0 0 0 0 63 55 0 0 0 0 0 0 0 0 168 44 115 54 263 31 167 140 70 40 61 32 0 220 145 161 115 40 151 92 7 0 9 0 0 1 0 202 0 13 3 1 0 0 2 0 203 0 2 5 0 0 0 0 0 0 0 0 0 0 0 0 0 0 0 0 0 0 0 0 0 0 0 0 9 10 0 0 0 0 0 0 0 0 0 0 0 0 0 0 11 0 17 9 0 6 23 17 31 1 0 10 23 1 0 2 0 1 17 27 7 9 0 0 0 0 0 58 0 0 6 8 1 0 5 0 16 0 0 0 0 0 0 0 0 3 0 0 0 1 3 0 0 4 0 0 0 0 1 0 0 0 0 0 1 0 0 0 0 0 0 6 0 0 0 0 0 0 0 0 31 24 21 8 0 0 0 50 0 4 0 0 2 14 19 10 21 16 0 0 0 3 3 43 0 15 0 3 0 0 4 0 0 0 3 14 0 0 0 6 0 0 0 0 0 0 0 0 0 0 0 2 0 0 0 0 0 19 0 10 0 0 0 0 64 0 0 39 2 0 0 0 0 0 0 0 0 0 0 0 0 0 0 0 0 0 0 0 2 0 
 3 0 0 0 0 0 2 0 0 5 0 2 0 0 0 0 0 0 0 3 1 1 1 2 5 1 1 2 1 1 1 2 1 1 1 1 2 2 7 3 111 120 274 155 103 54 210 137 181 84 371 76 220 0 94 145 146 33 62 105 0 0 0 0 0 0 37 6 0 2 3 0 18 5 1 0 18 14 0 0 0 0 0 0 0 0 0 0 0 0 0 0 47 0 0 0 0 0 0 0 0 8 0 0 7 0 0 0 0 0 0 0 0 0 0 0 0 0 0 0 28 17 31 40 11 10 0 31 0 23 19 3 19 0 0 14 9 16 14 37 3 0 0 0 0 0 8 0 0 0 0 0 12 0 0 0 0 5 45 0 0 0 0 0 1 0 0 2 0 0 0 0 0 0 0 0 0 0 0 0 0 0 0 0 0 0 0 0 0 0 0 0 0 0 0 0 0 0 0 0 14 0 18 29 0 11 6 25 0 32 23 7 0 2 55 0 8 14 0 0 2 0 0 0 0 0 15 10 0 0 0 0 10 2 0 0 0 0 33 0 0 0 0 0 0 0 0 0 0 29 0 9 0 2 0 0 0 2 1 2 0 0 2 0 4 8 0 66 0 0 6 0 0 0 0 0 0 0 0 0 0 0 0 0 0 0 0 7 2 0 
 0 0 0 0 0 0 0 0 0 0 0 3 0 0 0 0 0 0 0 0 0 0 0 0 124 1 0 3 0 0 63 65 0 0 0 0 2 0 0 0 174 89 153 46 69 60 187 63 191 72 128 15 145 94 0 121 313 322 142 121 0 6 0 0 14 0 0 0 0 0 48 3 0 0 0 0 3 0 0 4 0 0 0 0 0 0 0 0 0 0 0 0 0 0 0 0 0 0 0 0 0 0 0 0 1 0 0 0 0 0 0 0 0 0 0 0 0 1 0 0 0 11 25 15 0 0 12 15 12 20 9 10 13 1 0 25 8 0 13 1 0 0 0 1 0 2 1 0 0 6 0 0 0 0 15 3 3 0 10 0 0 0 0 0 0 3 18 0 0 5 5 0 0 6 0 0 0 0 5 0 0 0 0 0 0 0 0 0 0 0 0 14 0 0 0 0 0 0 0 0 24 1 18 0 0 0 8 6 6 8 0 10 1 15 31 0 10 23 15 0 0 7 0 0 0 25 0 7 0 9 18 0 1 0 21 31 0 0 0 0 0 0 0 0 0 0 0 0 0 0 0 3 0 0 0 0 0 62 0 15 0 0 0 1 1 0 10 2 0 0 6 0 0 0 0 0 0 0 0 0 0 0 0 0 0 0 0 9 1 0 
 0 0 0 0 0 0 0 0 0 3 0 2 0 0 0 2 0 0 0 0 3 0 0 0 19 0 0 63 0 0 0 0 0 0 0 1 0 0 2 0 93 189 396 40 126 52 186 106 120 400 137 89 161 145 121 0 152 109 65 158 0 2 0 0 0 0 10 0 0 0 23 0 0 0 0 0 0 0 0 0 0 0 0 0 0 0 0 0 0 0 0 0 0 0 0 0 0 0 0 0 0 0 0 0 7 0 0 0 0 0 0 0 0 0 0 0 0 0 0 0 38 11 0 10 2 47 13 49 10 17 6 0 21 0 9 0 1 14 12 19 0 0 4 0 0 0 3 0 0 0 0 0 13 0 16 9 0 0 0 0 0 0 0 0 0 11 0 0 2 1 6 0 0 8 0 0 4 0 2 0 0 0 0 0 0 0 0 0 0 0 0 0 0 0 0 0 0 0 0 0 21 0 32 74 16 0 1 19 9 29 11 20 12 19 53 0 25 1 11 0 0 0 0 0 0 0 0 0 0 0 0 0 0 0 0 0 0 0 0 1 0 0 0 0 0 0 0 0 0 0 0 23 0 0 0 0 0 0 1 8 0 0 2 1 35 0 0 0 2 0 19 0 0 0 0 0 0 0 0 0 0 0 0 0 0 14 0 9 0 0 
 5 2 2 2 2 2 2 2 3 3 3 2 2 2 2 2 2 3 2 2 4 0 3 4 6 2 0 12 0 0 0 9 0 58 0 3 0 6 3 1 86 116 47 28 46 289 257 63 112 134 180 82 115 146 313 152 0 122 47 260 0 0 0 0 0 0 11 1 0 0 0 0 0 0 0 0 60 8 50 0 0 0 0 0 0 0 0 0 0 0 0 0 0 0 0 0 0 0 0 0 0 0 30 0 23 4 0 0 0 28 0 3 0 0 0 0 3 0 0 0 11 4 16 20 0 24 15 35 13 48 0 11 56 4 0 15 1 25 36 63 0 0 13 0 0 0 0 0 11 0 0 0 15 11 0 0 0 0 0 10 0 0 0 0 0 0 0 0 0 0 0 0 0 0 0 0 0 0 0 0 0 0 7 13 0 5 0 0 0 4 3 0 0 0 0 0 0 5 8 0 12 13 25 12 0 26 0 12 9 26 0 19 1 19 44 0 13 15 42 14 0 19 0 0 0 0 0 0 0 7 0 0 11 0 0 11 0 0 2 9 0 0 0 0 0 2 0 0 0 0 0 14 0 1 0 0 0 0 0 0 0 0 0 0 67 2 0 63 1 0 0 0 0 0 0 0 0 0 0 0 0 0 0 0 0 0 0 0 0 0 
 3 3 3 65 3 3 4 3 3 3 3 3 3 3 3 3 3 3 3 3 2 0 0 0 0 0 0 0 0 0 0 0 0 0 0 0 0 0 4 0 45 126 436 149 327 44 41 107 198 68 112 95 40 33 322 109 122 0 35 29 0 0 0 0 0 0 61 52 0 0 4 0 51 0 51 0 0 0 47 0 0 0 0 1 0 0 0 0 0 0 0 0 0 0 0 0 0 0 0 0 0 0 0 0 0 0 0 0 0 0 0 0 0 0 0 0 0 0 0 0 14 44 38 0 13 46 0 9 1 29 1 7 0 0 16 21 0 49 0 5 3 0 20 0 0 0 7 10 5 0 0 0 22 17 29 0 0 22 26 14 0 0 0 0 0 0 0 0 0 0 0 0 0 0 0 0 0 0 6 0 0 0 0 0 0 0 0 0 0 0 0 0 0 0 0 0 0 0 0 0 7 16 0 9 20 17 14 13 1 6 7 5 0 0 0 3 58 3 0 0 12 0 0 0 0 0 9 0 0 0 0 0 31 0 0 29 0 10 0 23 0 0 0 0 0 0 0 0 0 0 0 10 0 0 0 0 0 0 65 8 0 0 4 0 1 0 3 0 0 0 0 0 0 0 0 0 0 0 0 0 0 0 0 0 11 15 0 0 0 0 
 35 2 1 0 32 2 3 30 2 4 5 2 0 35 63 2 0 63 0 0 3 3 4 33 21 3 4 4 5 3 3 19 3 3 4 1 3 6 4 9 68 46 275 74 46 29 52 349 66 58 51 39 151 62 142 65 47 35 0 155 0 0 0 0 0 0 0 0 0 0 0 0 0 0 0 0 0 0 0 0 0 1 20 0 0 0 0 17 0 0 0 0 0 0 0 14 0 0 0 0 0 0 0 0 0 0 0 0 0 41 0 0 0 0 0 0 0 0 0 0 10 0 4 0 0 0 28 11 10 0 28 1 19 17 0 19 0 0 0 8 10 0 0 0 0 0 0 0 0 0 0 0 0 0 0 0 0 0 7 0 0 0 0 8 0 23 0 0 2 1 15 0 0 6 2 0 18 7 0 0 20 0 0 22 10 0 0 0 0 13 0 0 0 0 0 0 0 0 0 0 13 15 12 0 10 0 1 0 4 10 0 0 0 20 13 19 9 2 19 10 0 0 0 0 0 1 0 0 0 0 0 0 0 0 0 0 0 0 0 0 0 0 0 0 0 0 1 0 0 0 0 2 0 2 0 0 0 1 0 7 0 0 2 1 0 4 0 0 0 0 0 0 0 0 0 0 17 0 0 0 0 0 0 0 4 34 0 0 0 0 
 0 0 0 0 0 0 0 0 0 0 0 0 2 0 0 0 0 0 0 0 0 63 0 64 80 74 0 0 130 70 1 0 1 0 0 124 3 66 63 67 313 46 74 67 117 271 166 129 62 178 273 58 92 105 121 158 260 29 155 0 0 0 0 51 0 0 0 0 0 0 0 0 0 0 0 0 0 0 0 0 0 0 0 0 0 0 46 0 0 0 0 0 0 0 0 0 0 0 0 0 0 0 21 0 0 15 0 0 0 1 0 1 0 0 0 11 11 1 0 0 10 14 0 0 23 0 30 0 13 0 11 0 0 19 10 20 20 0 0 15 0 0 0 0 0 0 1 0 0 0 0 0 0 0 0 0 0 1 1 0 0 0 0 0 1 0 0 0 5 0 0 0 0 0 0 0 8 9 0 0 0 0 0 0 12 0 0 0 0 6 0 0 0 0 0 0 0 16 0 0 0 8 8 23 15 0 25 16 4 43 12 19 16 22 12 24 9 14 5 11 0 0 0 0 0 1 0 0 0 11 0 7 0 0 0 0 0 0 0 0 0 0 0 0 0 0 0 0 0 0 0 8 0 0 0 0 0 0 0 0 0 0 0 3 0 4 3 0 0 0 12 0 0 0 0 0 0 0 0 0 0 0 0 0 0 11 1 0 0 0 
 0 7 0 0 4 0 0 0 1 0 1 2 0 0 5 4 1 0 0 0 43 0 0 0 0 0 0 0 0 0 0 0 1 0 0 0 0 0 0 0 1 0 2 50 0 55 0 2 0 0 0 0 7 0 0 0 0 0 0 0 0 171 165 275 40 256 159 66 103 117 136 90 92 107 87 68 298 102 107 92 0 7 5 0 0 3 0 1 0 0 0 9 0 0 0 0 0 0 0 0 0 0 0 0 2 0 1 2 0 1 1 1 0 0 0 1 2 0 0 0 0 0 0 0 0 20 0 0 0 0 0 0 0 0 0 0 0 0 0 0 8 5 1 1 8 8 17 19 2 1 29 7 0 0 24 0 18 0 0 4 0 6 0 1 0 7 0 0 2 4 0 0 0 0 0 0 0 0 0 0 8 0 0 0 0 0 0 0 0 0 0 0 10 0 0 0 0 0 3 0 0 0 0 0 0 8 0 0 0 0 0 0 0 0 0 0 0 0 0 0 22 0 10 6 16 0 10 30 15 0 9 0 0 7 41 0 0 0 0 34 7 0 0 5 0 56 0 0 0 1 0 0 15 0 15 0 0 0 0 0 0 0 0 55 0 0 0 2 0 0 2 0 54 7 2 3 0 0 0 0 0 0 0 0 0 1 0 0 0 0 
