 0 112 185 253 30 185 275 171 754 365 137 216 103 522 467 527 445 71 49 39 1 0 0 0 0 3 0 0 0 2 2 0 0 0 0 0 0 80 0 1 4 2 0 0 0 0 5 0 0 0 0 0 0 0 0 0 3 0 2 0 0 0 3 0 2 0 0 2 0 0 0 0 0 0 0 0 0 0 0 0 20 0 0 21 24 19 17 38 26 20 1 70 0 0 13 35 15 18 0 18 0 0 0 0 0 0 0 0 0 0 0 0 0 0 0 0 0 0 16 0 0 0 0 0 2 0 0 0 0 0 0 0 0 0 0 0 0 0 0 0 0 0 0 9 0 0 0 0 0 0 0 0 0 0 0 0 1 0 0 0 0 17 19 28 1 10 0 17 15 64 0 25 0 0 25 10 10 24 0 0 0 0 0 0 0 0 0 1 0 0 0 0 0 20 0 0 0 0 32 0 0 2 11 0 0 0 0 0 0 0 0 0 0 9 0 0 1 0 0 0 0 0 1 0 1 0 2 0 0 0 0 0 0 0 0 0 0 0 0 0 0 0 0 0 0 0 0 0 0 2 15 11 0 0 0 0 0 0 0 0 0 0 0 0 0 0 0 0 0 0 0 0 0 0 0 11 0 0 0 0 0 0 0 0 0 0 0 0 0 0 
 112 0 225 83 63 35 78 380 531 37 128 426 187 117 275 102 32 50 37 144 1 0 0 1 3 3 0 0 0 0 2 0 75 0 21 2 0 5 1 22 0 2 0 0 0 0 2 0 0 0 4 0 0 0 0 0 3 0 0 0 0 0 3 0 2 0 0 2 0 0 0 0 0 0 0 0 0 0 0 0 3 26 43 20 0 16 22 13 14 35 9 1 0 13 18 38 6 11 16 20 0 0 0 0 0 0 0 0 0 1 0 0 7 0 0 0 0 0 0 2 0 0 11 0 0 0 0 0 1 0 0 16 0 0 0 0 0 0 0 0 0 0 0 5 0 0 0 0 0 0 0 0 0 0 0 0 0 0 0 0 22 0 24 4 17 25 0 19 5 10 34 16 0 11 2 38 13 2 13 33 0 0 0 0 0 0 0 9 2 2 0 0 0 15 0 0 0 0 5 2 0 0 0 0 0 1 0 0 4 0 0 0 0 0 0 0 0 0 0 0 0 0 0 0 21 0 0 0 0 0 0 0 0 0 0 2 0 0 0 0 0 3 0 0 0 0 1 0 1 3 2 13 0 2 0 0 0 0 0 0 0 0 0 0 0 0 1 0 0 0 0 0 0 0 0 5 0 34 0 0 0 0 0 0 0 0 0 0 0 0 
 185 225 0 288 356 41 77 128 231 69 134 122 78 196 252 284 562 387 46 375 2 0 0 0 1 3 1 0 2 0 2 0 73 0 1 2 1 3 73 17 2 2 0 0 0 0 0 5 0 0 48 0 0 0 0 2 3 0 2 70 0 0 3 0 53 0 0 2 0 0 0 0 0 0 41 0 0 0 0 0 0 14 0 22 26 21 17 0 45 28 10 1 0 0 1 17 35 15 0 13 10 0 0 0 0 0 18 0 0 0 0 0 13 0 14 0 0 9 0 0 0 0 0 0 0 0 0 0 0 0 0 0 0 0 0 0 2 0 0 0 0 0 0 0 0 0 0 0 0 0 0 0 0 0 2 0 0 0 0 0 0 8 1 2 19 14 0 33 9 22 15 17 0 0 0 10 0 8 0 0 32 0 0 0 0 0 0 12 0 0 0 0 12 0 0 0 0 2 17 9 0 1 0 0 0 0 0 0 10 0 0 0 0 0 0 0 0 0 0 16 0 0 0 0 0 0 0 0 0 0 0 0 2 0 0 0 0 15 0 0 0 0 0 0 0 0 18 2 0 3 12 14 0 0 0 0 1 0 0 0 0 0 0 0 0 0 1 0 0 0 0 0 0 0 0 6 0 10 0 0 0 0 0 15 0 0 0 0 0 0 
 253 83 288 0 93 145 518 402 98 465 145 45 80 548 172 140 525 141 64 60 4 2 0 1 3 6 2 0 3 1 5 5 2 0 3 5 3 3 75 5 0 2 3 0 2 2 0 2 0 4 0 3 0 0 0 0 5 0 2 0 3 0 5 0 3 51 0 6 3 0 0 0 0 4 3 3 2 1 0 2 24 1 0 11 47 38 25 28 49 7 19 69 0 14 10 0 24 1 0 1 5 0 0 0 0 0 0 0 0 0 0 0 21 0 23 0 0 0 19 0 0 0 0 0 0 0 0 0 0 0 0 2 0 0 0 0 0 0 0 0 0 0 0 2 0 0 0 0 0 0 0 1 0 0 0 0 0 0 0 0 0 10 7 28 1 0 0 7 26 35 0 37 2 0 41 0 32 10 0 0 22 0 0 0 1 0 0 0 0 0 0 0 11 0 0 0 0 0 23 1 0 0 0 0 0 0 0 0 0 0 0 0 0 0 0 0 0 0 0 1 0 0 0 2 0 0 0 0 0 0 0 0 0 0 0 0 0 0 0 0 0 0 0 0 0 4 0 0 0 0 10 13 0 0 0 0 0 0 0 0 0 0 0 0 0 0 0 0 0 0 50 0 0 0 1 14 0 0 0 0 0 0 0 0 0 0 0 0 0 0 
 30 63 356 93 0 154 57 71 288 95 173 209 93 164 100 184 30 50 57 63 0 74 2 0 0 3 100 0 1 0 2 0 79 151 72 62 0 77 79 92 0 2 0 0 0 0 0 0 0 0 0 0 0 0 0 0 3 0 2 36 0 0 1 0 3 0 4 3 0 7 0 0 0 0 0 0 0 0 0 0 0 0 0 12 0 2 1 0 0 0 0 0 0 0 0 9 1 0 0 0 1 24 11 1 4 0 8 14 12 0 0 0 14 0 23 19 0 9 9 0 0 0 0 0 0 0 0 0 0 0 0 0 0 0 0 0 0 0 0 0 0 0 0 0 0 0 2 0 0 0 0 0 0 0 0 0 0 0 0 1 0 0 0 13 12 35 0 1 6 0 1 23 0 0 0 14 9 0 0 0 19 0 0 5 0 0 19 31 0 13 14 15 10 0 11 8 18 38 28 34 0 13 0 0 0 1 0 0 0 0 0 0 0 0 0 2 0 0 0 0 0 0 16 0 0 0 0 0 2 0 0 0 0 0 0 0 0 0 0 0 0 0 16 0 0 2 86 0 66 0 4 8 0 0 0 0 0 0 0 0 0 0 0 0 0 1 14 0 0 0 0 0 0 0 0 2 0 14 0 0 0 24 0 0 0 0 0 0 0 0 
 185 35 41 145 154 0 229 75 62 73 83 170 247 88 186 361 61 65 43 48 1 20 76 2 7 3 1 0 74 0 2 0 1 0 76 145 4 20 60 6 9 29 0 0 0 0 10 0 0 0 29 0 0 0 0 0 3 0 3 0 0 0 3 0 1 0 0 2 0 0 0 0 0 0 0 0 0 0 0 0 0 0 0 11 55 53 18 19 22 7 18 3 0 0 0 41 45 21 0 18 9 1 26 0 0 0 0 0 0 22 1 0 0 10 0 23 6 14 14 23 0 0 0 14 0 0 0 2 0 0 0 0 0 0 0 1 0 0 0 0 0 0 0 16 0 0 0 0 0 0 0 1 0 0 4 0 0 0 0 0 0 18 0 38 22 6 0 4 2 0 0 27 2 0 10 2 2 6 0 0 6 1 9 0 0 1 16 1 16 22 7 0 2 27 0 0 11 0 11 13 0 0 0 0 0 0 0 0 0 0 0 0 0 0 0 0 0 0 0 0 0 13 0 2 0 0 0 0 0 0 0 0 0 0 0 12 0 0 0 0 0 0 0 0 0 5 0 0 4 4 0 293 0 0 0 0 0 0 0 0 0 15 0 0 0 0 0 0 0 0 0 0 0 0 0 18 21 0 0 0 0 0 0 0 0 1 0 0 0 0 
 275 78 77 518 57 229 0 197 202 203 38 126 176 145 224 47 138 141 133 121 4 1 0 3 3 5 0 5 0 0 4 2 0 2 8 0 0 5 0 0 6 2 0 0 0 0 8 0 0 0 0 0 0 0 0 0 3 3 57 0 0 0 3 0 5 0 0 5 0 0 0 0 0 0 0 0 0 0 0 0 36 24 22 11 16 0 19 19 6 11 18 8 38 0 33 0 25 42 0 34 0 0 1 0 0 0 1 0 0 0 0 0 0 0 0 15 1 0 16 0 0 0 1 2 0 0 2 1 0 0 0 0 0 0 0 0 0 0 0 0 0 0 0 12 0 0 0 2 0 0 0 0 0 1 0 0 0 10 0 0 0 3 11 63 1 10 7 29 0 0 19 2 12 0 21 53 21 22 0 0 0 0 0 0 0 0 0 0 0 0 1 0 0 0 0 0 0 0 0 0 0 0 0 0 0 0 0 0 0 0 0 0 0 0 0 0 33 0 0 0 0 0 0 0 0 0 0 0 0 0 0 0 0 0 0 0 0 0 0 0 0 0 0 0 0 0 0 2 0 0 1 16 0 0 1 0 0 0 0 0 0 0 0 0 0 0 0 0 0 0 0 0 0 0 0 0 0 0 0 0 0 0 0 0 0 0 0 0 0 0 
 171 380 128 402 71 75 197 0 508 49 25 89 341 207 87 265 111 135 76 239 2 0 2 0 1 3 0 0 0 0 2 0 0 2 0 0 0 31 0 0 0 2 0 0 0 0 1 2 0 0 42 0 0 0 0 0 3 0 2 92 0 0 3 0 2 0 0 2 0 0 0 1 0 0 0 0 0 0 0 2 16 44 39 25 2 27 62 31 1 19 27 0 0 20 6 10 11 14 15 46 0 0 0 0 0 0 0 0 0 0 0 0 0 0 0 0 0 0 19 0 0 0 0 0 0 0 0 0 2 0 0 28 0 0 0 0 0 0 0 0 0 0 0 42 0 0 0 0 0 0 0 0 0 0 0 0 0 1 0 0 22 23 25 21 26 0 0 23 14 15 52 8 10 10 1 13 57 1 16 17 0 0 0 0 0 1 0 0 0 1 0 0 14 0 0 2 0 0 20 10 0 0 0 0 0 0 0 0 14 0 0 0 0 2 0 0 0 0 0 0 0 0 0 0 0 0 0 0 0 0 0 0 0 1 0 1 0 0 0 0 0 13 0 0 0 2 0 0 0 0 0 3 0 1 0 0 0 0 0 0 0 0 0 0 0 0 2 0 0 0 0 0 0 0 0 12 0 0 0 0 0 0 0 0 0 0 0 0 0 0 
 754 531 231 98 288 62 202 508 0 168 128 215 116 111 395 277 121 53 91 101 2 0 0 1 0 3 0 0 0 0 2 0 75 0 0 0 0 3 0 63 8 2 0 0 0 0 5 0 0 0 6 0 0 0 0 0 3 0 2 0 0 32 3 0 1 0 0 2 0 0 0 0 0 0 0 0 0 0 0 0 26 16 0 8 16 39 17 0 18 30 1 0 16 24 0 26 23 30 0 58 0 1 0 0 0 0 0 0 0 0 0 0 3 0 0 0 0 0 16 0 0 0 0 0 2 0 0 0 2 0 0 0 0 0 0 0 0 0 0 0 0 0 0 11 0 0 0 0 0 3 0 0 0 0 0 0 0 0 0 0 1 27 19 20 9 21 0 21 0 5 45 26 11 0 11 15 26 8 1 0 0 0 0 0 0 2 0 1 1 0 0 0 11 0 0 2 0 0 19 10 0 0 0 0 0 0 0 0 14 0 0 0 0 2 0 0 1 0 0 0 0 0 0 0 0 0 0 0 0 0 0 0 0 1 0 1 0 20 0 0 0 0 0 0 0 2 0 0 0 4 2 10 1 1 0 0 0 0 0 0 0 0 0 0 0 0 2 0 0 0 0 0 0 0 0 7 0 0 0 0 0 0 0 0 0 0 0 0 0 0 
 365 37 69 465 95 73 203 49 168 0 148 291 159 200 287 106 99 125 91 147 1 0 2 2 0 3 0 0 0 0 2 0 0 0 1 2 0 3 0 23 5 2 0 0 0 104 5 0 0 0 0 0 4 0 0 53 3 0 2 0 0 0 3 0 1 0 0 15 0 3 0 0 0 0 0 0 0 0 0 0 37 15 0 60 30 23 69 34 55 1 9 63 19 0 7 38 21 20 0 36 0 0 0 0 0 0 0 0 0 0 0 0 0 0 0 0 0 0 1 0 0 0 0 0 0 0 0 0 0 0 0 0 0 0 0 1 0 0 0 0 0 0 0 14 0 0 0 0 0 0 0 0 0 0 0 0 0 0 0 0 0 59 42 64 2 10 71 2 3 0 14 32 2 0 29 22 13 29 16 0 0 0 0 0 0 0 1 0 0 0 0 0 2 0 0 0 0 0 24 0 0 1 0 0 0 0 0 0 0 0 0 0 0 0 0 0 0 0 0 0 0 0 0 2 0 0 0 0 0 0 0 0 0 0 0 0 0 0 0 0 0 0 0 0 0 2 2 0 0 1 0 312 0 0 0 0 0 2 0 0 0 0 0 0 0 0 0 0 0 0 0 0 0 0 0 18 0 0 0 0 0 0 0 0 0 0 0 0 0 0 
 137 128 134 145 173 83 38 25 128 148 0 50 48 131 83 143 178 223 44 53 80 0 0 0 2 3 170 62 74 0 2 0 26 21 32 0 0 5 100 76 0 2 0 0 0 0 0 0 0 0 0 0 0 0 0 0 3 0 2 0 0 0 2 0 3 0 0 3 0 0 0 0 0 0 0 0 0 0 0 0 0 0 1 0 1 0 0 0 18 18 0 14 15 0 0 1 0 0 0 0 0 0 0 0 0 0 37 0 1 0 0 0 63 2 23 0 0 1 29 17 0 0 0 0 0 0 0 4 0 0 1 0 0 0 0 0 0 0 1 0 12 0 0 0 0 0 0 0 2 1 1 0 0 0 0 0 0 0 2 0 1 0 0 0 32 0 0 0 0 2 38 0 0 0 0 16 2 0 0 2 20 0 1 0 0 0 14 0 0 0 0 0 7 0 0 0 1 1 14 0 0 0 0 0 0 0 0 0 0 0 1 0 0 0 1 0 0 0 0 0 0 0 0 0 0 0 0 0 1 0 0 0 0 0 0 13 0 0 0 0 0 0 0 0 2 2 11 0 0 175 0 5 0 0 0 0 0 0 0 0 0 0 18 0 0 0 0 0 0 0 0 0 0 2 0 0 10 0 0 0 0 0 0 0 0 0 0 0 0 0 
 216 426 122 45 209 170 126 89 215 291 50 0 37 39 48 139 156 307 234 45 77 0 0 152 0 98 1 0 2 0 2 0 23 0 74 74 0 3 0 148 6 2 0 0 0 0 6 0 0 0 0 0 0 0 0 0 4 3 2 0 0 0 2 0 3 0 0 4 0 0 0 0 0 0 0 0 0 0 0 0 0 0 1 14 19 67 0 0 0 20 25 0 0 12 0 0 40 20 0 15 0 0 15 0 0 0 10 0 0 0 0 0 27 0 0 28 0 14 32 11 0 0 0 18 2 0 0 0 0 0 0 0 0 0 0 0 0 0 0 0 0 0 0 4 0 0 0 0 0 0 0 0 0 0 0 0 0 0 0 0 11 0 4 38 8 23 0 40 8 0 43 45 0 0 0 18 23 11 0 0 15 0 0 0 0 0 11 2 0 0 0 0 1 1 0 0 0 0 9 28 0 2 0 0 0 0 0 0 10 0 0 0 0 0 0 0 1 0 0 0 0 0 1 0 1 0 2 0 0 0 0 0 0 0 0 0 0 0 0 0 0 0 0 0 0 1 3 0 91 126 2 8 0 0 0 0 0 1 0 0 0 0 0 0 0 0 0 0 0 0 0 0 0 0 0 9 30 0 0 0 0 0 0 0 0 0 0 6 0 0 
 103 187 78 80 93 247 176 341 116 159 48 37 0 304 243 134 116 405 131 54 0 2 0 0 2 3 2 0 2 2 2 0 24 0 0 1 0 3 0 3 2 3 0 0 0 1 2 0 0 2 0 0 0 0 0 2 3 0 63 0 0 0 4 3 2 1 2 2 0 0 0 0 2 0 1 0 0 3 0 0 32 21 15 9 12 33 19 32 24 1 17 0 11 19 7 20 0 14 9 0 0 0 0 0 0 0 0 0 0 0 0 0 0 0 0 0 0 0 0 0 0 0 0 0 1 0 0 0 0 0 0 0 0 0 0 0 0 0 0 0 0 0 0 0 0 0 0 0 0 0 0 0 0 3 0 0 0 0 0 0 33 0 0 33 0 0 47 0 24 22 0 0 21 31 0 0 28 0 1 13 0 1 0 0 0 0 0 0 0 0 0 0 0 0 0 0 0 0 0 0 0 0 0 0 0 0 0 0 0 0 0 0 0 0 0 0 19 0 0 0 0 0 0 0 1 0 2 0 0 0 0 0 11 0 0 0 0 0 0 0 0 0 0 0 0 2 2 1 5 1 2 9 15 0 0 0 0 0 0 0 0 0 0 0 0 0 0 0 0 0 0 0 0 0 0 0 0 0 0 0 0 0 0 0 0 0 0 0 0 0 
 522 117 196 548 164 88 145 207 111 200 131 39 304 0 196 305 163 176 293 150 0 0 0 101 2 3 0 0 0 0 2 0 0 0 0 0 1 3 0 4 0 2 0 0 0 0 0 0 0 0 0 0 0 0 0 0 3 0 2 0 0 0 3 34 3 1 0 3 0 0 0 49 0 0 0 0 55 0 0 0 28 12 12 11 15 0 18 68 38 13 9 22 12 14 34 33 9 0 0 14 0 0 0 0 0 0 0 0 0 0 0 0 0 0 0 0 0 0 0 0 0 0 0 0 0 0 0 0 8 0 0 0 0 0 0 2 0 0 0 0 0 10 0 0 0 0 0 0 0 0 0 2 0 0 0 0 0 0 13 0 19 19 4 3 3 2 12 18 20 19 0 12 17 16 20 0 1 0 0 0 0 0 0 0 0 14 0 2 0 0 0 0 0 0 0 0 0 0 13 0 0 0 0 2 0 0 0 0 0 0 0 0 0 0 0 0 0 0 0 0 0 0 0 0 0 0 0 0 0 0 0 0 0 0 0 0 0 0 0 0 0 0 0 0 0 0 0 0 0 0 9 11 0 0 0 0 0 0 0 0 0 0 0 0 0 0 0 0 0 0 0 0 0 0 0 18 0 0 0 0 0 0 0 0 0 0 0 0 0 0 
 467 275 252 172 100 186 224 87 395 287 83 48 243 196 0 216 162 270 58 79 1 75 3 0 0 3 1 2 0 1 2 5 76 0 0 0 0 3 0 87 3 2 0 0 0 0 2 0 0 31 0 0 0 0 0 0 3 0 2 0 0 0 1 0 3 0 0 3 0 0 0 0 0 0 0 0 6 0 0 0 21 16 0 53 100 19 14 0 33 53 9 27 0 22 2 41 16 53 4 23 0 0 0 0 0 0 0 0 0 2 0 0 1 22 0 0 0 0 0 0 0 0 0 0 0 0 0 10 0 0 0 0 0 0 0 0 1 0 0 0 0 0 0 0 0 0 0 0 0 0 0 0 0 0 1 0 0 0 0 0 0 0 0 26 0 25 73 33 26 28 0 28 0 0 30 0 10 42 0 0 2 0 0 0 0 0 23 0 0 0 0 0 1 0 0 0 0 0 1 0 0 16 0 0 0 0 0 0 0 0 0 0 0 0 0 0 0 1 0 0 0 0 0 0 5 0 0 0 0 0 0 0 1 0 0 0 0 0 0 0 0 0 0 0 0 0 0 2 8 3 15 18 0 0 1 0 0 0 0 0 0 0 0 0 0 21 0 0 0 0 0 0 0 0 0 17 0 0 0 0 0 0 0 0 0 0 0 0 0 0 
 527 102 284 140 184 361 47 265 277 106 143 139 134 305 216 0 117 103 239 56 0 0 0 0 1 3 73 0 0 0 8 2 0 0 0 0 1 3 23 28 0 2 0 0 0 0 0 62 0 0 0 0 0 0 0 0 3 0 2 0 0 0 5 0 3 0 0 3 0 0 0 0 0 0 0 0 0 0 0 7 41 30 20 30 5 0 19 28 22 18 0 7 0 32 0 77 0 19 36 0 0 0 0 0 0 0 9 0 0 2 0 0 27 0 12 0 0 0 10 10 0 0 0 0 0 0 0 0 0 0 1 17 0 0 0 0 0 0 0 0 0 0 0 0 19 0 0 0 0 0 14 0 0 4 0 0 0 0 0 0 8 35 0 39 1 9 15 0 11 16 0 32 0 18 10 0 0 3 9 0 14 0 0 0 1 0 11 0 0 0 0 0 0 0 0 0 0 0 11 0 0 14 0 2 0 3 0 0 2 0 0 0 1 0 0 0 0 0 0 0 0 0 0 0 0 0 0 0 3 0 0 0 0 0 0 0 0 0 0 0 0 0 0 0 0 1 0 0 50 92 0 8 0 0 0 0 0 0 0 0 0 0 0 0 0 0 0 0 0 0 0 0 0 0 0 18 26 0 0 0 0 0 0 0 0 0 0 0 0 0 
 445 32 562 525 30 61 138 111 121 99 178 156 116 163 162 117 0 245 29 115 1 0 0 0 1 3 0 0 2 0 208 206 0 0 0 0 2 3 81 0 1 2 0 0 0 0 1 0 0 0 0 68 1 0 0 0 3 0 2 0 0 0 3 0 2 0 0 2 0 0 0 0 4 0 34 0 0 0 0 0 76 14 15 1 32 36 0 22 28 5 0 42 13 0 2 2 18 15 0 0 5 0 0 0 0 0 0 0 0 0 0 0 24 0 20 0 0 0 38 1 0 0 0 0 0 0 0 13 0 0 0 0 0 0 0 0 0 0 0 0 0 0 0 13 0 0 0 0 0 0 0 0 0 0 0 0 0 0 0 0 12 0 56 9 0 0 2 14 20 49 0 24 7 10 15 0 13 63 0 0 17 0 0 0 0 0 0 1 0 0 0 0 11 0 0 0 0 1 10 55 0 20 0 0 0 0 0 0 4 0 0 0 0 0 0 0 0 0 0 0 13 0 0 0 0 0 0 0 0 0 0 0 0 0 0 0 0 0 0 0 0 0 0 0 0 1 0 0 2 1 3 3 13 0 0 0 0 0 2 0 0 0 0 0 0 0 0 1 0 0 0 0 0 0 0 0 0 0 0 0 0 0 0 0 0 0 0 0 0 0 
 71 50 387 141 50 65 141 135 53 125 223 307 405 176 270 103 245 0 257 40 27 0 0 0 2 3 0 0 0 1 2 1 73 0 0 0 0 5 77 0 1 2 0 0 0 0 0 0 0 39 0 0 0 0 0 4 3 0 2 0 0 0 3 0 2 0 0 2 0 0 0 0 0 0 0 0 34 0 0 0 0 39 0 12 14 0 0 17 23 32 20 15 1 11 9 19 9 27 18 18 10 12 0 0 0 0 19 0 1 0 0 0 42 0 17 0 1 0 33 2 0 0 0 1 0 0 0 0 0 0 0 0 0 5 0 0 0 0 0 0 0 0 0 0 0 0 0 10 0 0 0 0 0 6 0 0 0 0 0 0 8 4 0 16 14 1 22 8 24 32 20 0 0 0 0 1 0 1 52 0 10 0 0 0 0 0 3 12 0 0 1 0 23 9 0 9 0 0 12 0 2 0 0 0 0 0 0 0 0 0 0 0 0 0 0 0 0 0 0 0 0 0 0 0 0 2 0 0 0 0 0 0 0 0 2 0 0 0 0 0 0 0 0 0 0 2 2 2 2 43 10 6 0 4 0 0 0 0 0 0 0 0 0 0 0 0 0 0 0 0 0 0 0 0 0 0 0 0 0 0 0 0 0 0 0 0 0 0 0 0 
 49 37 46 64 57 43 133 76 91 91 44 234 131 293 58 239 29 257 0 255 1 0 1 5 4 96 0 2 58 0 3 0 1 0 7 0 1 3 3 0 0 4 0 0 5 5 0 3 0 0 0 0 0 0 3 3 3 0 2 0 0 0 3 0 8 0 0 2 0 3 0 2 0 61 0 0 0 0 0 6 14 1 34 0 0 4 0 8 1 19 0 0 11 11 18 1 11 0 31 2 0 0 0 1 0 0 1 0 0 0 0 0 0 0 0 0 1 0 0 0 0 0 0 2 0 0 2 0 0 0 0 0 0 0 0 0 0 0 0 0 0 0 0 0 0 0 0 2 0 0 24 0 0 1 0 0 0 0 0 0 0 85 1 0 0 0 18 19 1 0 0 0 1 14 9 18 1 0 29 6 0 0 0 0 0 0 0 0 0 0 1 0 0 0 14 0 0 0 0 0 0 0 0 0 0 0 0 0 0 0 0 0 0 0 0 0 0 0 0 0 0 0 0 0 0 0 0 0 0 0 0 0 0 0 0 0 0 0 0 0 0 0 0 0 0 1 3 2 2 0 1 8 0 0 0 0 0 0 0 0 0 0 0 0 0 0 0 0 0 0 0 0 0 0 0 0 0 0 0 0 0 0 0 0 0 0 0 0 0 0 
 39 144 375 60 63 48 121 239 101 147 53 45 54 150 79 56 115 40 255 0 2 2 5 1 5 209 2 0 5 2 5 1 211 4 3 219 3 6 9 1 0 3 0 2 2 0 0 63 0 0 3 5 0 0 0 0 11 0 1 0 0 0 5 3 3 3 0 3 2 3 6 3 86 0 0 2 5 0 0 0 2 8 40 20 0 0 14 21 0 7 0 0 21 38 28 3 14 0 9 19 0 0 0 0 0 0 0 0 0 0 0 0 0 0 0 0 0 0 0 0 0 0 0 0 0 0 0 0 0 0 0 0 0 0 0 0 0 0 0 0 0 18 0 0 0 0 0 0 0 0 0 0 0 0 0 0 0 0 0 0 50 6 0 0 0 0 31 0 0 14 0 0 21 30 8 16 0 0 10 22 0 0 0 0 0 0 0 0 0 0 0 0 0 0 0 0 0 0 0 0 0 0 0 0 0 0 0 0 0 0 0 0 0 0 0 0 0 0 0 0 0 0 0 0 0 0 0 0 0 0 0 0 0 0 0 0 0 0 0 0 0 0 0 0 0 3 2 0 1 0 0 10 15 0 0 0 0 0 0 0 0 0 0 0 0 1 0 0 0 0 0 0 0 0 0 0 0 0 0 0 0 0 0 0 0 0 0 0 0 0 
 1 1 2 4 0 1 4 2 2 1 80 77 0 0 1 0 1 27 1 2 0 242 87 57 38 38 62 56 138 131 34 30 395 120 48 27 113 116 41 207 4 7 2 4 2 0 1 2 3 0 0 0 1 3 1 6 3 2 1 1 2 0 0 0 2 2 5 0 3 0 2 3 0 0 3 3 0 0 0 0 0 14 1 0 0 0 0 0 0 0 18 0 0 0 0 0 0 59 0 0 14 12 26 11 13 13 8 0 26 19 18 31 19 34 14 0 9 13 0 52 0 0 0 0 0 0 0 0 0 0 0 0 0 0 0 0 0 0 0 0 0 0 0 0 0 0 7 0 0 0 0 0 0 0 0 0 0 0 0 0 0 0 0 0 10 0 0 0 0 0 13 0 0 0 0 0 2 0 0 0 0 37 2 0 2 0 26 49 9 35 19 14 58 47 18 36 29 10 0 0 0 0 0 0 0 0 0 0 0 0 0 0 0 0 0 0 0 0 0 0 0 0 0 0 0 0 0 0 0 0 7 0 0 0 0 0 0 0 0 0 0 0 0 0 0 0 2 0 0 36 1 0 0 0 79 0 0 0 105 0 2 0 3 0 0 0 0 0 0 0 0 0 0 0 0 0 0 0 0 0 0 0 0 0 0 4 0 0 0 0 
 0 0 0 2 74 20 1 0 0 0 0 0 2 0 75 0 0 0 0 2 242 0 488 235 136 83 93 334 75 504 324 71 359 47 188 433 193 33 46 211 0 4 0 2 0 0 0 0 4 0 3 0 0 3 0 0 3 4 1 92 0 0 0 0 3 14 2 5 0 0 2 1 0 0 3 0 3 0 0 0 0 0 0 0 0 17 0 0 0 0 9 0 0 0 0 0 0 0 0 0 0 18 13 7 0 55 11 20 0 0 77 16 0 11 0 65 2 72 0 64 1 0 0 0 0 0 28 2 18 0 0 0 21 0 1 14 0 0 0 37 0 0 0 0 0 0 11 0 0 0 0 0 0 6 3 7 0 0 0 0 0 0 0 0 0 0 0 0 0 0 0 0 0 0 0 0 1 0 0 0 0 80 0 0 14 14 0 8 6 0 31 29 8 0 9 25 0 18 0 13 11 0 0 8 0 0 5 1 0 0 0 0 1 0 24 9 0 0 23 0 0 2 0 0 0 0 0 0 0 0 0 0 0 0 0 14 0 0 0 0 0 0 0 0 0 0 0 0 0 0 0 0 0 0 6 2 0 89 0 2 4 1 0 0 0 0 0 0 0 0 0 0 0 0 0 0 0 0 0 8 0 0 0 0 0 0 0 0 0 0 
 0 0 0 0 2 76 0 2 0 2 0 0 0 0 3 0 0 0 1 5 87 488 0 126 388 104 161 228 168 209 108 28 246 201 74 345 98 294 35 149 1 109 0 2 0 0 62 0 0 0 62 0 62 3 0 0 2 2 65 65 0 0 0 0 3 2 2 10 0 0 2 0 0 0 3 0 7 0 0 0 0 0 0 0 0 0 0 0 0 0 0 0 0 0 0 0 0 0 0 2 1 13 1 5 0 23 0 21 28 13 13 0 0 16 1 0 8 1 0 22 3 0 1 0 0 0 39 0 1 0 0 0 28 40 0 0 15 0 0 11 0 0 0 2 0 0 0 0 0 0 0 0 0 0 3 2 0 2 0 0 0 0 0 0 0 0 0 2 0 0 0 0 0 0 0 0 0 0 0 0 0 17 20 18 8 0 10 10 12 1 6 44 1 31 14 14 25 1 0 15 11 0 0 0 0 0 18 0 0 0 0 0 29 0 0 4 1 0 2 24 0 0 0 1 0 0 0 0 0 0 0 0 0 0 0 0 0 2 0 2 0 0 0 0 0 0 0 0 0 0 0 0 0 0 2 2 0 0 76 0 2 0 5 0 0 0 0 0 0 9 0 0 0 0 0 0 0 0 0 0 0 0 0 0 0 0 48 0 0 0 
 0 1 0 1 0 2 3 0 1 2 0 152 0 101 0 0 0 0 5 1 57 235 126 0 204 43 89 280 318 114 149 96 137 93 311 69 434 260 73 85 124 3 2 2 0 0 3 0 6 0 0 0 65 64 63 0 3 3 282 23 55 2 0 0 2 2 2 1 0 0 2 2 0 0 3 1 0 1 0 0 0 0 0 0 2 0 0 0 0 0 0 0 0 0 0 0 0 0 0 0 0 0 9 13 23 24 0 14 4 30 33 0 0 18 0 9 9 15 0 12 0 1 0 12 0 0 16 16 26 0 0 0 7 39 0 19 14 0 1 50 0 0 1 0 0 2 1 0 0 0 2 0 0 0 0 0 0 2 0 0 0 0 0 0 0 0 0 8 0 0 1 0 0 0 0 0 0 0 0 0 0 0 17 11 9 18 0 0 10 3 39 17 0 9 0 7 10 0 0 0 0 0 14 0 0 0 21 0 0 36 0 1 12 11 0 0 2 0 39 0 0 0 0 0 0 0 0 0 0 0 0 0 0 0 0 0 0 0 0 0 0 0 1 0 0 0 0 0 0 0 0 0 0 0 6 0 1 78 76 2 1 0 0 0 0 0 0 0 0 0 0 0 0 0 0 0 0 0 0 3 0 0 0 0 0 0 19 0 0 0 
 0 3 1 3 0 7 3 1 0 0 2 0 2 2 0 1 1 2 4 5 38 136 388 204 0 164 52 111 307 99 258 115 71 185 288 182 122 51 62 94 62 3 66 5 1 0 0 68 20 1 0 0 63 3 136 0 3 0 64 1 0 47 0 0 2 2 5 9 0 0 2 3 0 3 3 0 0 0 0 4 0 0 0 0 0 0 0 0 0 0 0 0 1 0 0 0 0 0 0 0 0 0 0 1 0 31 0 11 19 0 2 2 0 0 0 0 0 0 0 8 19 0 29 0 1 0 19 0 0 0 0 3 14 20 0 43 0 0 16 13 0 0 0 0 0 1 3 0 0 12 1 0 0 0 0 0 0 0 0 0 0 0 0 0 0 0 0 0 0 0 5 0 2 0 0 5 0 0 0 0 0 0 0 11 48 39 0 3 0 0 9 43 0 0 0 16 1 0 0 0 0 20 0 7 0 0 39 0 1 18 0 13 17 0 38 0 14 0 5 0 0 0 0 0 0 0 0 0 0 0 0 0 0 0 0 2 0 0 0 0 0 0 0 0 12 0 0 0 0 0 0 0 0 0 6 1 5 2 3 2 3 0 0 0 0 0 0 0 0 0 0 0 0 0 0 0 0 0 0 7 0 0 0 0 1 0 40 0 0 0 
 3 3 3 6 3 3 5 3 3 3 3 98 3 3 3 3 3 3 96 209 38 83 104 43 164 0 26 313 53 71 94 278 36 44 60 382 125 119 53 40 86 3 5 2 0 0 87 27 87 0 0 0 190 3 88 0 4 216 64 89 0 0 0 0 2 6 2 7 0 0 2 4 0 0 3 0 4 0 0 0 0 0 0 0 0 0 0 0 0 0 0 0 0 0 0 0 0 0 0 0 0 0 0 0 9 9 0 0 1 0 0 0 0 0 0 0 0 9 0 0 58 21 31 3 22 0 10 29 0 0 0 4 14 0 0 21 24 15 8 26 3 0 0 0 0 2 4 0 0 2 7 0 0 0 0 0 0 1 0 0 0 0 0 0 0 0 0 0 0 0 0 0 0 0 0 16 0 3 0 0 0 1 0 0 11 22 0 0 0 0 1 10 0 0 0 0 0 0 0 0 4 11 26 19 15 0 35 19 12 0 11 11 20 0 35 0 32 11 15 26 0 0 0 0 2 0 0 0 0 0 0 0 0 1 0 0 0 0 0 0 0 0 0 0 0 0 0 0 0 0 0 0 0 0 7 6 1 1 75 21 15 1 0 0 63 0 0 0 0 0 0 0 0 0 0 0 0 0 0 0 0 0 0 0 1 0 0 19 0 0 
 0 0 1 2 100 1 0 0 0 0 170 1 2 0 1 73 0 0 0 2 62 93 161 89 52 26 0 101 74 497 258 120 162 202 552 32 170 177 134 50 0 3 0 2 0 0 0 0 27 1 7 0 0 3 0 0 3 4 0 1 0 0 32 0 2 2 4 1 0 3 2 2 0 0 5 0 0 0 0 0 0 0 12 0 0 0 0 0 1 0 0 8 0 0 0 0 0 0 0 1 12 29 10 0 0 0 27 0 9 15 9 3 13 0 52 0 0 9 42 12 0 0 0 11 0 0 0 0 0 0 0 0 0 0 0 0 0 0 0 0 0 0 0 0 0 0 0 0 0 0 0 0 0 0 0 0 0 0 0 0 0 0 0 0 13 13 0 0 0 0 9 0 0 0 0 0 0 0 0 0 26 17 0 0 0 0 0 21 6 28 20 0 37 20 15 0 30 26 0 0 1 0 4 0 0 0 0 0 0 0 0 0 0 0 0 0 2 0 0 0 0 0 0 0 0 0 0 0 0 0 0 0 0 0 0 0 0 1 0 0 0 0 0 0 0 0 100 0 0 17 0 0 0 0 8 0 0 2 0 2 0 0 6 0 0 0 9 0 0 0 0 0 0 0 0 0 12 0 0 0 0 0 0 0 0 3 0 0 0 0 
 0 0 0 0 0 0 5 0 0 0 62 0 0 0 2 0 0 0 2 0 56 334 228 280 111 313 101 0 386 296 212 168 120 199 274 185 108 311 258 65 0 4 0 2 0 0 91 0 0 0 1 0 63 3 0 0 3 0 65 65 0 27 0 0 3 13 3 1 0 0 2 1 0 0 3 0 4 0 0 0 0 0 0 0 0 0 0 0 0 0 0 12 0 0 0 0 0 0 0 0 0 19 0 1 0 9 14 29 27 16 2 14 0 9 2 0 0 12 13 23 12 0 1 0 0 0 34 0 1 14 0 0 0 31 0 0 9 0 0 39 0 0 0 0 0 0 0 0 1 0 0 0 0 0 5 6 0 0 0 0 0 0 0 0 0 0 2 4 0 2 13 0 0 0 0 0 0 0 0 0 0 28 0 49 16 15 22 0 21 0 21 12 0 0 2 15 26 12 0 1 7 0 0 0 0 0 43 0 0 0 0 0 19 21 0 0 0 0 81 14 3 0 0 0 0 0 0 0 0 0 0 0 0 0 0 0 0 0 0 0 0 0 0 0 0 0 80 0 0 0 0 0 0 0 10 0 0 76 81 0 0 0 11 0 0 0 0 0 0 0 0 0 0 0 0 0 0 0 0 1 0 0 0 0 0 0 0 0 0 0 
 0 0 2 3 1 74 0 0 0 0 74 2 2 0 0 0 2 0 58 5 138 75 168 318 307 53 74 386 0 273 357 27 244 462 426 94 164 257 116 219 0 65 0 4 0 0 0 2 0 0 71 0 0 3 0 0 2 0 0 0 0 45 0 0 3 2 2 0 0 1 2 0 0 0 3 0 0 0 4 1 0 0 0 0 0 0 0 0 0 0 0 0 0 0 0 0 0 0 0 0 18 56 8 36 14 16 29 31 23 13 0 10 0 50 1 0 37 0 0 19 23 0 0 0 0 0 0 0 1 0 0 0 11 0 0 0 0 0 0 0 2 0 10 0 0 0 0 0 0 2 0 0 0 0 9 1 0 10 0 0 0 0 0 14 0 1 0 0 0 0 0 0 0 0 0 0 0 2 0 0 0 27 80 27 1 1 31 0 33 11 0 0 1 37 27 14 4 18 0 0 0 0 0 0 0 0 10 0 0 0 0 0 0 0 0 0 0 0 0 0 0 0 0 0 2 0 0 0 1 0 0 0 0 0 0 0 0 0 0 0 0 0 0 0 0 0 1 0 0 0 0 0 0 0 6 0 0 0 0 1 2 0 0 0 0 0 10 0 0 0 0 0 0 0 0 0 0 0 0 0 0 0 0 0 0 0 0 0 0 18 
 2 0 0 1 0 0 0 0 0 0 0 0 2 0 1 0 0 1 0 2 131 504 209 114 99 71 497 296 273 0 175 134 101 73 191 75 197 84 176 437 0 3 2 3 1 12 0 0 0 0 66 0 4 5 2 0 2 0 64 0 3 0 2 3 3 4 2 0 0 0 2 1 1 0 3 0 0 53 12 0 2 0 0 0 0 0 13 0 0 0 0 0 2 0 0 0 0 0 0 0 4 0 16 44 50 23 12 67 9 43 48 20 0 41 0 10 9 0 0 0 1 0 0 0 2 0 0 0 0 0 0 0 47 22 29 0 0 0 12 1 0 0 0 0 0 0 1 0 0 0 0 0 0 0 0 0 0 2 0 0 0 0 0 0 0 0 0 2 0 14 0 0 0 0 0 0 0 0 0 0 11 24 40 43 24 0 0 0 2 0 40 7 0 31 17 8 12 12 0 23 0 0 0 0 0 0 9 19 0 0 0 0 14 30 0 8 0 0 13 22 0 0 0 0 0 0 0 0 0 0 0 0 0 0 0 1 0 0 0 0 0 0 0 0 0 0 0 0 0 0 0 0 0 0 8 2 3 3 1 3 85 0 0 0 0 0 0 0 0 0 0 0 0 0 0 0 0 0 0 0 0 9 0 0 0 9 0 0 0 2 
 2 2 2 5 2 2 4 2 2 2 2 2 2 2 2 8 208 2 3 5 34 324 108 149 258 94 258 212 357 175 0 58 104 49 131 453 131 272 98 153 24 5 0 2 0 0 66 45 3 0 1 0 62 3 33 0 5 5 0 0 0 0 0 0 2 2 2 0 0 1 4 2 0 0 3 0 2 0 5 2 0 0 0 0 0 0 0 0 0 0 0 0 0 0 0 0 0 0 0 0 8 18 8 40 16 29 28 29 14 19 0 4 0 19 0 20 17 20 0 18 1 0 11 0 0 0 15 0 0 0 0 0 15 14 0 25 10 0 2 13 0 0 0 0 0 0 0 0 0 0 0 0 0 0 3 3 0 0 0 0 0 0 0 0 0 0 0 0 0 0 0 0 0 0 0 6 0 0 0 0 0 13 49 40 27 16 1 0 5 9 0 0 0 0 17 25 0 21 0 0 0 0 0 0 0 0 10 1 0 0 0 0 0 0 17 0 11 0 38 15 0 0 0 0 0 0 0 0 0 0 0 0 0 0 0 0 0 0 0 0 0 0 0 0 0 0 0 0 2 0 0 0 0 0 6 2 2 75 101 11 12 0 2 0 0 0 9 0 0 0 0 0 0 0 0 0 0 0 0 0 0 0 0 0 0 0 0 0 0 0 
 0 0 0 5 0 0 2 0 0 0 0 0 0 0 5 2 206 1 0 1 30 71 28 96 115 278 120 168 27 134 58 0 236 122 33 36 53 47 40 39 124 3 0 6 0 0 0 70 2 0 0 1 0 105 0 0 7 0 139 72 5 0 0 0 3 2 2 4 0 1 2 1 0 3 3 0 6 0 0 0 0 0 0 0 0 1 0 0 0 0 0 0 0 0 0 0 0 0 0 0 0 0 0 0 42 15 0 13 4 13 26 0 0 8 0 0 0 0 0 2 0 0 0 0 0 0 5 9 13 0 0 0 0 30 23 0 0 0 22 0 1 0 0 0 0 1 0 12 12 1 1 0 0 0 0 0 0 0 7 0 0 0 0 0 0 0 0 5 0 0 0 0 0 0 0 0 1 1 0 0 0 0 22 20 29 11 0 0 0 0 9 5 0 10 0 7 10 11 0 0 0 0 21 0 0 0 22 9 7 30 9 0 35 12 9 0 2 7 18 7 0 0 0 0 3 0 0 0 2 0 0 0 2 2 0 0 0 0 0 8 0 0 0 0 0 0 0 0 0 0 0 0 2 0 4 0 0 1 0 0 3 2 2 0 0 0 0 0 0 0 0 0 0 0 0 0 0 0 0 0 0 0 0 0 0 0 17 15 0 0 
 0 75 73 2 79 1 0 0 75 0 26 23 24 0 76 0 0 73 1 211 395 359 246 137 71 36 162 120 244 101 104 236 0 147 69 489 179 321 312 281 3 9 0 2 0 0 3 0 0 66 1 0 0 3 0 13 3 0 0 0 2 0 2 3 2 4 3 0 3 4 2 3 2 0 4 2 0 3 0 0 0 0 0 0 1 10 0 0 0 25 14 0 0 0 0 0 0 2 0 0 0 19 15 8 14 1 0 21 6 20 1 20 15 19 0 17 7 14 0 38 0 6 0 0 0 0 0 0 0 0 0 0 12 1 0 0 0 0 0 0 2 0 0 0 0 1 0 0 0 2 0 0 0 0 5 7 0 0 0 0 0 0 0 0 9 0 0 0 3 0 15 0 6 0 0 0 23 2 0 0 0 39 13 0 0 0 44 55 1 1 0 10 10 18 13 0 18 21 16 16 0 0 0 0 0 0 0 0 0 0 0 0 0 0 0 0 0 0 0 1 0 0 0 0 0 0 0 0 0 0 0 0 0 1 0 0 0 0 0 0 0 0 0 0 0 0 0 0 0 73 0 0 0 0 8 0 1 1 1 0 3 2 0 0 0 0 0 0 0 0 0 0 0 0 0 0 0 0 0 0 0 0 0 1 0 11 0 0 0 0 
 0 0 0 0 151 0 2 2 0 0 21 0 0 0 0 0 0 0 0 4 120 47 201 93 185 44 202 199 462 73 49 122 147 0 201 113 156 245 124 199 0 3 0 2 0 0 0 0 0 0 0 1 20 3 0 0 3 0 0 0 0 0 0 0 3 2 2 0 0 4 2 2 0 0 3 0 0 0 0 0 0 0 0 0 0 0 0 0 0 0 14 0 0 0 0 0 0 27 0 2 0 23 1 18 22 12 34 54 52 79 0 18 10 31 27 0 22 0 10 6 0 0 9 0 0 0 0 0 10 0 0 0 13 2 0 0 0 0 0 2 0 0 0 2 0 0 0 0 0 0 0 0 0 0 0 0 0 2 0 0 0 0 0 0 14 5 0 0 0 0 0 0 0 0 0 0 0 0 0 0 18 36 24 12 20 28 27 37 11 14 11 0 21 43 0 36 36 20 13 1 2 0 0 0 0 0 0 0 0 0 0 0 0 2 0 0 1 0 10 0 0 0 0 2 0 0 0 0 0 0 0 0 0 0 0 0 0 2 0 2 0 0 0 0 0 0 21 0 0 0 0 0 0 1 0 0 0 0 1 0 2 1 0 0 0 0 7 0 0 0 0 0 0 0 0 0 0 2 0 0 0 0 0 0 0 0 0 0 0 0 
 0 21 1 3 72 76 8 0 0 1 32 74 0 0 0 0 0 0 7 3 48 188 74 311 288 60 552 274 426 191 131 33 69 201 0 196 100 120 222 99 0 3 0 2 0 0 0 0 10 0 0 0 0 3 0 0 2 5 0 0 0 0 0 0 3 6 2 0 0 0 2 1 0 0 3 0 1 0 6 0 0 0 0 1 2 2 0 0 0 0 17 0 0 0 0 1 0 0 0 0 12 10 9 32 30 0 51 56 0 83 13 23 25 48 9 29 69 10 0 54 26 1 0 0 0 0 10 0 0 0 0 0 30 13 0 0 0 0 0 14 0 0 2 0 0 0 0 0 0 0 0 0 0 0 0 0 0 0 0 0 0 0 0 18 14 0 0 0 0 0 0 0 0 0 0 0 0 0 0 0 28 41 28 0 0 0 21 0 38 16 2 0 8 11 10 0 0 1 0 18 1 0 0 0 0 1 0 0 0 0 0 0 0 0 0 0 0 0 31 0 0 0 0 0 22 0 0 0 0 0 0 0 0 0 0 0 0 0 0 0 0 0 1 0 0 0 34 0 0 0 0 0 0 0 15 0 2 78 1 2 0 2 0 0 0 0 1 0 0 0 0 0 0 0 0 0 2 0 0 0 0 0 0 0 0 0 0 0 0 0 
 0 2 2 5 62 145 0 0 0 2 0 74 1 0 0 0 0 0 0 219 27 433 345 69 182 382 32 185 94 75 453 36 489 113 196 0 222 134 37 221 126 68 5 65 0 0 0 2 9 0 62 0 0 3 0 1 2 4 26 95 3 0 0 0 9 2 2 7 0 3 2 0 0 3 4 0 10 0 3 0 0 0 0 0 0 14 0 0 0 0 0 0 0 0 0 0 0 0 0 0 0 22 37 9 0 37 0 34 19 46 0 0 0 22 0 25 17 25 0 33 0 0 0 0 0 0 21 0 1 0 0 0 0 27 0 0 0 0 0 14 2 0 0 0 0 0 0 0 4 2 0 0 0 0 7 41 0 0 0 0 0 0 0 0 0 0 0 0 3 0 5 0 0 0 0 0 5 2 0 0 0 15 7 10 22 16 37 12 27 3 23 34 7 19 0 13 4 20 0 49 6 0 0 0 0 0 10 0 0 0 0 0 12 0 0 0 0 0 28 0 0 0 0 0 2 0 0 0 1 0 0 0 0 0 0 0 0 0 0 0 0 0 0 0 0 0 0 0 1 0 0 0 0 0 5 1 1 1 75 0 2 0 0 0 0 0 0 0 0 15 0 0 0 0 0 0 0 0 0 0 0 0 0 0 0 0 14 0 0 0 
 0 0 1 3 0 4 0 0 0 0 0 0 0 1 0 1 2 0 1 3 113 193 98 434 122 125 170 108 164 197 131 53 179 156 100 222 0 70 71 175 2 60 0 6 0 0 0 3 3 2 0 3 0 3 2 2 3 2 3 66 0 0 0 0 3 2 2 15 0 45 2 1 0 0 3 0 10 0 0 0 0 1 0 0 0 0 0 0 40 0 0 0 0 0 0 0 0 0 0 0 17 31 14 22 26 30 9 35 12 27 7 30 0 28 19 13 13 20 15 47 0 0 0 0 0 0 24 0 0 0 0 0 0 11 0 0 0 0 0 2 0 0 0 0 2 0 0 0 0 0 0 0 0 0 1 8 0 0 9 0 0 0 0 0 19 0 0 0 0 0 0 0 0 0 13 0 0 0 0 0 0 58 9 2 0 0 21 29 30 33 13 12 6 30 8 13 25 1 0 0 8 0 0 0 0 0 2 0 0 0 0 0 14 0 0 0 0 15 0 0 0 15 0 0 0 0 0 0 0 0 2 2 0 0 0 0 0 0 0 0 0 0 0 0 0 0 0 0 0 1 0 0 0 1 8 0 2 76 76 0 3 0 0 0 0 0 0 0 0 0 0 0 0 0 0 0 0 0 0 0 0 0 0 0 0 8 11 0 0 0 
 80 5 3 3 77 20 5 31 3 3 5 3 3 3 3 3 3 5 3 6 116 33 294 260 51 119 177 311 257 84 272 47 321 245 120 134 70 0 106 44 63 32 0 3 0 0 19 62 4 2 16 0 17 3 63 1 3 3 1 0 0 0 0 0 2 2 2 0 0 6 2 2 0 0 3 0 0 0 2 0 1 0 0 0 0 0 0 0 0 0 0 0 0 0 0 0 0 0 0 10 9 1 23 30 3 0 0 0 14 32 0 7 1 38 0 9 23 15 13 10 21 0 12 0 1 0 1 0 12 0 0 0 27 11 8 0 12 0 21 22 0 0 0 0 0 0 0 0 0 0 0 0 0 0 4 0 20 0 0 1 0 21 0 0 0 0 0 0 0 0 0 0 0 0 1 0 0 0 0 1 1 13 34 19 0 0 15 0 22 25 9 1 0 16 8 0 13 6 0 0 0 0 0 0 0 0 21 0 0 0 0 0 12 0 12 0 13 2 19 9 0 0 1 0 0 0 0 0 0 0 0 0 0 0 0 0 0 0 0 0 0 0 0 0 0 0 0 0 0 0 0 0 0 0 7 0 3 6 112 0 3 25 0 0 0 0 5 0 0 0 0 0 0 0 0 0 0 0 0 0 0 0 0 0 0 6 0 0 0 0 
 0 1 73 75 79 60 0 0 0 0 100 0 0 0 0 23 81 77 3 9 41 46 35 73 62 53 134 258 116 176 98 40 312 124 222 37 71 106 0 92 0 3 0 2 0 0 0 0 0 0 1 0 0 3 201 0 66 0 0 0 0 0 0 0 3 2 2 49 0 0 2 1 0 0 3 0 0 0 4 0 0 0 11 1 1 11 0 0 15 0 13 0 0 0 0 1 2 0 0 0 17 0 9 12 12 0 52 0 14 3 0 0 26 10 38 10 0 0 28 20 0 0 1 0 0 0 0 0 0 0 0 0 0 0 0 0 0 0 0 0 0 0 0 0 0 0 0 0 1 21 0 0 0 0 0 0 0 0 0 0 1 0 0 1 20 0 0 0 0 7 10 1 0 0 0 0 0 0 0 0 29 0 7 12 0 0 1 0 8 0 0 0 26 0 10 0 0 19 1 1 0 0 0 0 0 0 0 0 1 0 0 0 0 0 0 0 0 0 0 2 0 10 0 0 0 0 0 0 0 0 0 0 0 0 0 0 0 0 0 0 0 0 0 0 0 0 36 0 0 74 0 0 0 0 4 0 2 0 0 0 4 1 8 0 0 0 6 0 0 0 0 0 0 0 0 1 45 0 0 0 0 0 0 0 0 0 0 0 0 0 
 1 22 17 5 92 6 0 0 63 23 76 148 3 4 87 28 0 0 0 1 207 211 149 85 94 40 50 65 219 437 153 39 281 199 99 221 175 44 92 0 0 4 0 2 0 0 0 1 6 0 1 0 0 3 0 0 3 0 0 0 0 0 0 0 2 2 2 32 0 0 2 2 0 0 3 0 53 1 0 0 0 0 0 13 15 9 0 0 14 12 0 2 0 0 0 26 0 1 0 0 0 19 23 2 10 1 8 18 19 19 0 28 11 30 0 18 0 13 0 36 0 0 1 0 0 0 0 0 0 0 0 0 0 0 0 0 0 0 0 0 0 0 0 12 0 0 0 0 0 0 0 0 0 0 5 5 0 0 2 0 0 0 0 16 7 8 0 0 0 16 0 12 0 0 0 0 3 3 0 0 8 52 0 0 0 0 32 53 1 0 10 11 21 15 0 0 44 5 0 18 0 16 0 0 0 0 0 0 0 0 0 0 0 0 0 0 0 0 1 1 0 0 0 0 0 0 0 0 0 0 0 0 0 0 0 0 0 0 0 0 0 0 0 0 0 0 0 0 61 1 0 0 0 0 4 3 2 2 77 4 0 0 0 0 0 0 0 0 0 0 0 1 0 0 0 1 0 0 0 0 0 0 0 0 0 0 0 0 0 0 
 4 0 2 0 0 9 6 0 8 5 0 6 2 0 3 0 1 1 0 0 4 0 1 124 62 86 0 0 0 0 24 124 3 0 0 126 2 63 0 0 0 103 69 39 34 254 275 61 110 52 50 175 179 90 211 38 56 37 66 172 9 0 0 0 3 0 0 2 0 2 0 2 0 0 0 0 0 3 0 2 0 0 0 7 8 3 0 0 0 8 0 0 0 0 0 0 5 6 0 5 0 0 0 1 14 1 0 0 20 0 5 0 0 0 0 0 0 0 0 0 5 0 19 11 10 0 20 33 13 0 0 0 0 0 14 21 34 9 3 0 0 0 0 0 0 0 0 0 0 0 0 0 0 0 0 0 0 23 0 0 0 0 0 6 0 9 0 10 0 9 0 8 0 0 0 28 5 9 0 0 0 0 0 0 26 35 0 0 0 0 8 1 2 0 0 0 0 0 0 0 11 0 33 43 0 0 34 11 0 4 10 0 0 0 40 0 74 13 10 29 0 0 0 0 0 0 0 0 0 0 0 0 0 0 0 0 0 0 0 0 0 0 0 0 0 0 0 0 0 0 0 9 0 2 0 0 0 0 63 62 13 0 0 0 66 1 0 0 0 0 0 0 0 0 0 0 0 0 0 0 0 1 0 0 0 0 0 15 0 0 
 2 2 2 2 2 29 2 2 2 2 2 2 3 2 2 2 2 2 4 3 7 4 109 3 3 3 3 4 65 3 5 3 9 3 3 68 60 32 3 4 103 0 172 279 88 21 78 159 95 95 48 18 25 49 180 169 94 42 23 57 46 0 4 3 0 0 1 0 7 3 2 4 56 2 4 0 3 0 55 45 0 0 0 0 0 0 0 0 0 0 0 0 0 0 0 0 0 0 0 0 9 1 18 0 0 15 0 0 0 12 0 0 0 10 0 0 16 0 0 0 0 36 0 0 9 0 0 0 0 8 14 21 0 0 0 0 15 0 0 0 16 0 0 1 0 0 0 0 0 4 0 0 0 7 4 0 0 0 1 0 0 0 0 0 0 4 0 0 0 0 0 1 0 0 0 0 0 0 0 0 0 0 11 0 0 0 12 0 4 48 0 0 0 6 38 0 14 0 0 0 0 0 0 0 10 0 0 6 12 0 0 17 0 0 0 9 0 8 0 0 13 0 0 0 0 0 0 0 0 0 1 1 0 0 0 0 0 0 0 8 0 0 0 0 0 0 0 0 0 0 0 8 0 0 0 0 0 1 20 0 0 18 1 85 0 10 9 72 2 0 7 0 0 0 0 1 0 0 0 0 0 0 0 0 0 0 0 0 2 0 
 0 0 0 3 0 0 0 0 0 0 0 0 0 0 0 0 0 0 0 0 2 0 0 2 66 5 0 0 0 2 0 0 0 0 0 5 0 0 0 0 69 172 0 123 295 28 364 123 149 219 349 239 343 95 290 104 98 39 253 54 1 0 3 0 0 0 0 3 0 0 0 0 17 3 0 0 0 2 3 0 0 0 0 0 0 0 0 0 0 0 0 0 0 0 0 0 0 0 0 0 0 1 0 0 0 0 0 0 0 0 0 0 0 0 0 0 0 0 0 0 8 30 14 9 9 16 0 0 0 2 14 18 33 0 9 21 12 16 0 0 8 0 0 0 0 0 0 0 0 0 0 0 0 21 0 0 0 0 0 0 0 0 8 0 0 0 0 0 0 0 6 0 13 0 0 9 0 0 9 0 0 0 0 0 12 14 0 42 0 0 0 0 0 0 0 0 0 0 0 0 0 16 40 19 16 8 1 0 46 12 8 13 4 14 24 1 11 1 9 8 9 0 0 0 0 0 1 11 19 0 11 0 0 7 2 0 7 0 0 8 0 0 0 0 0 0 0 0 0 0 0 15 0 1 0 0 0 0 0 19 12 0 32 0 2 23 0 0 2 0 0 0 0 0 0 0 0 0 0 0 0 3 0 0 0 9 0 0 1 11 
 0 0 0 0 0 0 0 0 0 0 0 0 0 0 0 0 0 0 0 2 4 2 2 2 5 2 2 2 4 3 2 6 2 2 2 65 6 3 2 2 39 279 123 0 84 253 97 59 80 276 168 253 48 135 40 61 52 65 96 150 50 1 3 4 0 0 30 6 1 0 6 4 22 72 63 2 4 2 0 10 0 0 0 0 0 0 0 0 0 0 0 0 0 0 0 0 0 0 0 0 0 0 9 0 0 0 0 0 0 0 0 0 0 0 0 0 20 0 0 0 0 0 0 4 8 9 9 0 6 25 0 29 3 0 0 0 0 10 0 0 9 0 9 0 0 0 10 10 0 0 0 0 21 19 19 0 11 0 0 12 0 0 0 0 0 0 0 0 0 1 1 0 3 0 3 0 0 0 3 7 0 0 0 0 1 14 12 0 0 0 0 7 0 0 0 0 16 0 0 0 1 37 14 16 10 21 0 8 13 19 10 19 0 0 0 0 6 0 0 0 10 44 0 0 0 0 33 2 23 6 0 0 48 8 0 16 7 13 10 6 0 0 10 0 0 2 0 0 0 0 0 3 0 2 0 0 0 0 0 14 0 0 10 0 0 1 0 65 1 0 0 0 0 0 0 0 0 0 0 0 0 0 0 0 8 12 2 0 0 0 
 0 0 0 2 0 0 0 0 0 0 0 0 0 0 0 0 0 0 5 2 2 0 0 0 1 0 0 0 0 1 0 0 0 0 0 0 0 0 0 0 34 88 295 84 0 431 53 77 124 492 79 394 74 75 64 354 153 34 63 77 10 0 0 6 6 0 3 0 24 0 20 1 5 51 5 6 1 3 0 70 0 0 0 0 0 0 0 0 0 0 0 0 0 0 0 0 0 0 10 0 0 0 0 0 0 0 0 0 0 0 0 0 0 0 0 0 0 0 0 0 13 0 0 0 19 12 0 0 0 6 23 10 0 0 0 0 0 13 0 0 7 29 20 28 0 0 19 21 0 0 0 12 15 0 0 3 6 1 12 11 0 0 0 0 0 6 0 0 0 0 0 4 0 0 0 0 0 0 0 0 0 0 0 0 0 0 0 0 0 0 0 0 0 0 0 0 0 0 0 0 0 0 0 0 31 29 0 0 0 44 0 0 0 1 0 0 9 24 0 0 0 9 3 5 12 0 1 4 16 0 0 0 11 0 14 8 0 9 0 11 0 0 0 0 0 0 0 0 0 0 0 3 0 0 0 0 0 0 0 1 0 0 2 66 0 5 2 2 2 0 11 0 0 0 0 0 0 0 0 0 0 0 0 0 0 0 0 0 1 0 
 0 0 0 2 0 0 0 0 0 104 0 0 1 0 0 0 0 0 5 0 0 0 0 0 0 0 0 0 0 12 0 0 0 0 0 0 0 0 0 0 254 21 28 253 431 0 468 128 36 102 126 130 42 36 56 120 87 118 45 57 41 0 0 0 0 1 60 0 58 0 10 6 70 48 24 51 0 1 0 58 0 0 0 0 0 1 0 0 0 0 0 0 0 0 0 0 0 0 0 0 0 0 0 0 0 0 0 0 0 0 4 0 0 0 0 0 0 0 0 0 19 1 0 1 0 30 0 6 1 26 0 0 3 1 3 9 0 9 6 0 41 20 22 0 0 0 17 4 0 0 1 0 15 17 21 9 18 12 29 0 2 0 0 0 0 0 0 0 0 0 0 7 0 0 0 0 0 0 3 0 0 0 0 0 9 0 0 0 0 0 0 3 0 0 0 0 0 0 0 0 0 0 0 0 20 16 2 6 0 5 1 14 0 8 0 1 0 6 0 9 0 11 7 0 15 0 20 40 32 0 0 0 9 25 16 1 5 7 0 14 0 0 0 0 0 0 0 0 0 0 0 2 0 1 0 0 0 0 0 2 0 19 6 0 1 0 3 74 2 4 10 0 0 0 0 0 0 0 0 0 0 0 0 0 0 0 0 0 2 0 
 5 2 0 0 0 10 8 1 5 5 0 6 2 0 2 0 1 0 0 0 1 0 62 3 0 87 0 91 0 0 66 0 3 0 0 0 0 19 0 0 275 78 364 97 53 468 0 286 177 241 139 46 405 131 169 262 35 245 44 103 0 0 0 0 0 0 0 0 0 0 0 203 50 0 2 0 0 0 0 3 0 0 0 13 3 11 0 0 0 31 1 0 0 0 0 0 3 5 0 4 0 0 0 0 10 0 0 8 12 0 0 0 0 0 0 0 0 0 0 0 12 17 39 16 27 6 0 13 7 1 8 18 5 19 11 5 8 2 18 18 0 0 0 0 0 0 0 0 0 0 0 0 0 0 10 0 0 0 0 0 0 0 28 5 2 6 0 6 0 0 0 0 0 0 0 13 1 6 0 0 0 0 0 5 0 0 0 0 0 0 1 0 0 0 0 0 1 0 0 0 10 19 25 29 0 0 12 31 0 0 12 18 34 11 26 30 21 8 0 12 7 0 0 0 0 0 0 0 0 0 5 0 0 8 0 0 0 0 0 1 0 1 0 0 0 0 0 0 0 0 0 15 0 0 0 0 0 0 57 0 0 0 44 0 70 0 2 0 0 0 0 0 0 0 0 0 0 0 0 0 0 0 0 0 13 0 0 21 0 0 
 0 0 5 2 0 0 0 2 0 0 0 0 0 0 0 62 0 0 3 63 2 0 0 0 68 27 0 0 2 0 45 70 0 0 0 2 3 62 0 1 61 159 123 59 77 128 286 0 135 331 41 258 167 139 158 109 126 236 117 69 50 0 0 0 0 0 0 0 0 0 0 2 2 0 0 2 0 0 0 2 0 0 0 0 0 0 0 0 0 0 0 0 0 0 0 0 0 0 0 0 0 0 0 0 0 0 0 0 0 0 0 0 0 0 0 0 0 0 0 0 20 3 15 9 8 25 0 0 1 2 14 0 1 1 9 40 12 8 10 0 0 0 0 0 0 0 0 3 0 0 0 0 2 21 0 0 0 0 0 0 0 0 0 0 0 0 0 0 0 0 0 0 0 0 0 6 0 0 0 0 0 0 0 0 15 1 0 0 0 0 0 0 0 0 0 0 0 0 0 0 3 8 19 0 12 37 9 1 21 18 5 0 10 12 30 12 22 9 7 29 1 0 0 0 0 0 0 3 1 0 0 0 1 7 0 0 0 0 0 15 0 0 0 0 0 0 0 0 0 19 0 5 0 2 0 0 0 63 70 10 10 0 1 0 2 0 1 1 0 0 12 0 0 0 0 0 0 0 0 0 0 0 0 0 0 0 0 0 0 0 
 0 0 0 0 0 0 0 0 0 0 0 0 0 0 0 0 0 0 0 0 3 4 0 6 20 87 27 0 0 0 3 2 0 0 10 9 3 4 0 6 110 95 149 80 124 36 177 135 0 74 127 25 199 141 223 163 114 105 142 303 0 0 2 0 0 0 52 0 0 0 0 0 49 0 0 0 0 0 0 3 0 15 8 0 0 0 0 0 0 0 0 0 0 0 0 0 0 0 0 0 0 0 5 3 0 0 0 0 1 5 0 0 0 5 0 3 12 0 0 18 20 24 18 22 34 17 2 15 0 0 16 0 0 40 5 0 0 22 7 14 9 0 0 0 0 3 5 0 0 0 9 0 0 0 0 0 0 1 19 0 0 0 0 0 0 3 3 0 3 0 0 13 0 0 0 0 0 0 0 0 0 0 5 0 0 10 2 3 3 6 7 0 0 0 0 0 0 0 0 0 8 9 37 13 1 0 0 40 0 0 5 28 0 25 9 25 5 8 5 0 6 0 0 0 0 0 0 10 0 0 0 0 1 5 0 0 0 0 0 1 0 0 0 0 0 0 0 0 0 0 0 11 0 0 0 0 0 0 5 0 0 0 0 2 36 11 0 0 0 0 0 0 0 0 0 0 0 0 0 0 0 0 0 0 1 0 0 0 1 0 
 0 0 0 4 0 0 0 0 0 0 0 0 2 0 31 0 0 39 0 0 0 0 0 0 1 0 1 0 0 0 0 0 66 0 0 0 2 2 0 0 52 95 219 276 492 102 241 331 74 0 190 51 26 92 299 255 339 56 68 85 53 0 50 0 0 0 109 0 0 0 5 6 104 0 50 0 0 0 0 8 0 0 0 0 0 0 0 0 0 0 0 0 0 0 0 0 0 0 0 0 0 0 0 0 0 0 0 0 0 0 0 0 0 0 8 0 0 0 0 0 0 0 0 0 11 0 0 1 0 0 6 0 0 16 0 0 0 10 0 0 16 0 11 0 0 0 3 3 0 0 0 0 20 3 18 0 16 0 20 0 0 0 0 0 0 3 0 0 0 0 0 8 0 0 0 0 0 0 0 0 0 0 0 0 0 0 0 0 0 0 0 0 0 0 0 0 0 0 0 0 0 0 0 0 6 0 0 0 1 7 0 0 0 0 0 0 19 17 0 0 8 5 0 0 0 0 0 19 35 0 0 0 1 0 0 17 0 1 0 5 0 0 0 0 0 0 0 0 0 0 0 6 0 0 0 0 0 0 0 11 0 0 68 2 0 12 1 1 0 0 8 0 0 0 3 0 0 0 0 0 0 0 0 0 0 14 0 0 2 0 
 0 4 48 0 0 29 0 42 6 0 0 0 0 0 0 0 0 0 0 3 0 3 62 0 0 0 7 1 71 66 1 0 1 0 0 62 0 16 1 1 50 48 349 168 79 126 139 41 127 190 0 440 107 248 295 95 93 500 40 73 80 0 0 0 0 0 105 0 0 3 0 0 102 5 70 0 0 0 4 0 0 0 0 0 0 11 0 0 0 0 0 0 0 0 0 0 0 0 0 0 35 3 11 1 0 0 1 0 0 10 0 0 0 10 0 0 8 0 0 0 0 38 14 20 14 40 0 0 6 0 9 0 0 0 12 13 0 0 0 0 26 0 22 1 0 0 1 0 0 0 0 0 19 48 5 24 19 15 19 0 30 0 0 0 0 0 0 0 0 0 0 0 0 0 0 0 0 0 0 0 0 0 12 0 0 0 9 0 29 11 0 0 9 4 0 0 7 0 0 0 0 0 44 19 11 0 0 1 0 4 4 11 0 26 18 0 6 0 0 12 6 3 13 0 0 0 18 10 0 1 0 0 23 31 0 10 0 0 0 23 0 0 2 0 0 0 0 0 0 0 0 2 0 0 0 0 0 2 0 8 2 12 3 0 0 3 1 0 0 0 0 0 0 0 0 0 0 0 0 0 0 0 5 0 3 26 0 0 1 0 
 0 0 0 3 0 0 0 0 0 0 0 0 0 0 0 0 68 0 0 5 0 0 0 0 0 0 0 0 0 0 0 1 0 1 0 0 3 0 0 0 175 18 239 253 394 130 46 258 25 51 440 0 55 30 32 108 103 301 57 45 105 3 2 0 3 0 51 0 0 0 4 0 101 0 204 3 0 0 0 3 0 11 0 0 0 0 0 0 0 0 0 0 0 0 0 0 0 0 0 0 0 0 0 0 0 3 0 0 0 0 0 0 0 0 0 0 0 0 0 0 0 0 0 0 14 19 0 0 0 0 0 9 0 0 0 0 0 1 0 0 7 0 30 0 0 0 0 19 14 3 0 0 28 29 0 18 32 5 9 10 15 0 35 0 0 0 0 0 2 0 10 0 5 0 0 0 0 0 0 0 0 0 0 0 0 0 0 0 0 0 0 0 0 0 0 0 0 0 0 0 0 0 0 0 16 11 0 0 0 0 0 5 0 0 0 0 0 1 0 0 22 0 13 0 3 0 19 8 16 0 0 16 18 27 0 26 2 12 14 19 11 0 0 0 0 0 0 0 0 0 0 5 1 0 0 0 0 0 62 13 0 0 64 0 2 3 0 0 0 0 1 0 0 0 0 0 0 0 0 0 0 0 0 0 0 15 0 0 2 0 
 0 0 0 0 0 0 0 0 0 4 0 0 0 0 0 0 1 0 0 0 1 0 62 65 63 190 0 63 0 4 62 0 0 20 0 0 0 17 0 0 179 25 343 48 74 42 405 167 199 26 107 55 0 138 124 183 97 183 73 173 0 0 3 0 0 0 0 0 0 0 0 0 0 0 0 0 0 0 0 0 0 0 0 0 0 0 0 0 0 0 0 0 0 0 0 0 0 0 0 0 0 0 0 0 1 0 0 0 11 0 1 0 0 0 0 0 0 0 0 0 20 11 46 9 6 1 19 27 0 0 12 0 9 19 1 37 20 11 10 24 0 0 0 0 0 3 6 0 0 0 3 0 0 0 0 0 0 6 0 0 0 0 0 0 0 0 0 0 0 0 0 0 0 0 0 0 0 0 0 0 0 0 1 1 0 8 0 0 0 0 1 0 0 1 0 0 2 0 0 0 9 11 17 41 0 0 11 7 0 0 25 11 12 1 13 10 20 0 0 14 0 0 0 0 0 6 0 0 0 0 0 0 0 0 0 0 0 0 0 1 0 0 12 0 0 0 0 0 0 0 0 11 0 0 0 0 0 2 54 0 0 0 0 0 5 1 2 0 0 0 0 0 0 0 0 0 0 0 0 0 0 0 0 0 0 11 0 0 2 0 
 0 0 0 0 0 0 0 0 0 0 0 0 0 0 0 0 0 0 0 0 3 3 3 64 3 3 3 3 3 5 3 105 3 3 3 3 3 3 3 3 90 49 95 135 75 36 131 139 141 92 248 30 138 0 151 50 65 143 118 260 0 0 0 0 0 0 0 2 0 0 0 0 0 2 0 0 0 1 2 0 0 0 0 0 0 0 0 0 0 0 17 0 0 0 0 0 0 0 0 0 0 0 12 0 24 0 0 0 6 0 12 0 0 0 0 0 0 0 0 0 9 22 30 10 10 17 24 18 19 5 6 0 0 0 24 11 14 0 19 8 0 0 0 0 0 0 0 0 0 0 0 0 0 1 0 0 0 4 0 3 0 0 0 0 0 0 0 0 0 0 0 1 0 0 4 0 0 0 2 6 0 0 0 0 0 7 0 0 0 0 13 0 0 0 0 0 0 7 0 0 19 1 63 28 2 8 0 13 25 8 13 17 6 20 34 0 0 7 0 30 0 0 0 1 0 0 0 0 10 0 0 0 0 6 0 0 0 0 31 0 0 0 0 0 0 0 0 0 2 0 0 7 0 0 0 0 0 0 0 0 0 0 0 0 0 2 2 0 0 0 0 0 0 0 0 0 0 0 0 0 0 0 0 0 0 9 0 21 2 0 
 0 0 0 0 0 0 0 0 0 0 0 0 0 0 0 0 0 0 3 0 1 0 0 63 136 88 0 0 0 2 33 0 0 0 0 0 2 63 201 0 211 180 290 40 64 56 169 158 223 299 295 32 124 151 0 174 127 325 70 182 0 0 0 0 0 0 3 0 0 0 2 0 0 0 0 51 0 0 0 3 0 0 0 0 0 0 0 0 0 0 0 1 0 0 0 0 0 0 0 0 0 0 0 0 0 0 0 0 0 0 0 0 0 0 0 0 0 0 0 0 22 4 14 20 23 43 21 14 53 9 32 0 0 8 33 67 17 18 4 21 0 0 0 0 0 7 9 0 0 0 4 0 18 15 0 0 0 6 14 7 0 19 0 0 0 0 0 0 0 0 0 0 0 0 0 6 0 0 0 0 15 0 0 0 17 8 0 0 0 0 0 0 0 0 0 0 0 0 0 0 0 3 26 0 10 0 9 18 11 14 3 20 0 30 19 20 19 2 7 14 9 0 0 0 0 0 29 0 0 1 0 0 10 24 0 0 0 0 34 13 0 0 0 0 0 0 0 0 0 0 0 10 0 0 0 0 0 0 67 10 10 0 0 0 3 2 1 2 0 0 0 0 0 1 0 0 0 0 0 0 0 0 4 0 11 0 0 0 0 0 
 0 0 2 0 0 0 0 0 0 53 0 0 2 0 0 0 0 4 3 0 6 0 0 0 0 0 0 0 0 0 0 0 13 0 0 1 2 1 0 0 38 169 104 61 354 120 262 109 163 255 95 108 183 50 174 0 145 84 39 85 4 8 0 0 0 0 55 5 0 5 1 0 107 0 0 0 0 0 1 0 17 0 0 0 0 0 0 0 0 0 0 1 0 0 0 0 0 0 0 3 0 0 0 0 0 0 0 0 0 0 0 0 0 0 0 0 0 0 0 0 4 1 6 0 28 10 6 0 1 0 29 0 11 13 10 20 13 16 0 0 36 8 0 0 0 0 2 10 10 0 0 4 1 0 3 0 1 4 16 19 0 0 0 0 0 4 0 0 0 0 0 0 0 0 0 0 0 0 15 0 0 0 0 0 0 0 0 0 0 0 0 0 0 0 0 0 0 0 0 0 0 7 0 46 0 0 0 11 0 0 20 8 0 11 10 11 40 17 0 7 4 0 0 0 0 0 1 21 17 0 0 0 0 1 0 26 34 44 5 22 0 0 14 0 0 0 0 0 0 0 0 11 0 0 0 0 0 0 0 1 0 0 7 1 65 11 1 0 0 0 0 0 0 0 0 0 0 0 0 0 0 0 0 0 43 10 0 0 0 0 
 3 3 3 5 3 3 3 3 3 3 3 4 3 3 3 3 3 3 3 11 3 3 2 3 3 4 3 3 2 2 5 7 3 3 2 2 3 3 66 3 56 94 98 52 153 87 35 126 114 339 93 103 97 65 127 145 0 142 36 39 2 0 0 0 51 0 0 0 0 0 0 0 0 0 1 0 0 0 83 0 0 0 0 0 0 0 0 0 0 0 0 0 0 0 0 0 0 0 0 0 0 0 0 0 0 0 11 0 0 0 0 0 0 0 0 0 0 0 0 0 33 18 1 0 23 33 0 1 1 72 21 2 20 5 10 18 34 25 0 0 1 17 0 0 0 0 0 4 0 0 0 0 16 0 0 0 0 0 0 11 0 0 0 0 1 5 0 0 0 0 0 4 0 0 0 0 0 0 0 0 0 0 0 0 0 1 0 0 0 0 0 0 0 0 0 0 0 0 0 0 4 12 2 32 41 26 1 0 0 9 41 1 1 52 24 0 11 14 0 8 0 0 0 0 10 0 16 0 0 0 0 0 0 0 0 0 0 0 9 45 0 0 12 0 0 0 0 0 0 0 0 2 0 1 0 0 0 0 0 1 0 0 6 67 2 2 0 0 2 0 10 0 0 0 0 0 0 0 0 0 0 0 0 0 11 11 0 1 0 0 
 0 0 0 0 0 0 3 0 0 0 0 3 0 0 0 0 0 0 0 0 2 4 2 3 0 216 4 0 0 0 5 0 0 0 5 4 2 3 0 0 37 42 39 65 34 118 245 236 105 56 500 301 183 143 325 84 142 0 40 115 1 0 1 0 0 0 0 0 0 0 0 0 0 0 0 0 0 0 0 0 0 0 0 0 0 0 24 0 0 0 0 0 0 0 0 9 0 0 0 0 0 0 0 7 0 0 0 0 1 8 2 0 0 0 0 9 5 19 0 0 45 0 25 3 16 58 12 0 8 4 3 21 13 7 22 20 13 49 0 12 13 14 0 0 0 0 0 0 0 0 0 0 6 0 0 0 0 0 0 16 0 0 0 0 0 0 0 0 0 0 11 64 39 0 3 0 0 0 13 4 0 0 3 0 0 10 0 0 7 5 0 0 0 0 0 0 0 0 0 0 17 17 10 33 19 22 0 42 14 21 39 28 0 27 10 26 32 6 3 7 10 0 0 0 0 0 15 0 1 0 0 0 0 0 0 0 0 0 50 12 0 0 12 0 0 0 0 0 0 0 0 8 0 1 0 0 0 0 0 0 0 21 5 2 63 2 0 2 0 0 1 0 0 0 0 0 0 0 0 0 0 0 0 0 10 10 0 0 2 0 
 2 0 2 2 2 3 57 2 2 2 2 2 63 2 2 2 2 2 2 1 1 1 65 282 64 64 0 65 0 64 0 139 0 0 0 26 3 1 0 0 66 23 253 96 63 45 44 117 142 68 40 57 73 118 70 39 36 40 0 379 8 0 0 0 3 0 0 0 1 0 0 0 0 0 0 0 2 0 0 0 0 0 0 0 0 0 0 0 0 0 0 0 0 0 0 0 0 0 0 0 0 0 0 0 4 44 0 0 33 0 35 0 0 0 0 0 0 0 0 0 20 6 1 0 0 0 20 16 24 1 0 0 0 15 0 23 34 12 10 46 0 0 0 0 0 6 11 0 0 0 5 0 0 0 0 0 0 8 0 0 0 0 0 0 0 0 0 10 0 0 0 0 0 0 0 0 0 0 0 0 0 0 0 4 7 33 0 0 0 0 11 1 0 0 0 21 3 1 0 0 3 5 13 2 5 8 11 1 1 2 8 0 22 18 4 0 17 7 0 0 0 0 0 0 0 0 0 0 0 0 0 0 9 0 0 0 0 0 0 0 0 0 0 0 0 0 0 0 0 0 0 12 0 2 0 0 0 58 0 2 0 0 0 0 0 2 0 0 0 0 0 0 0 0 0 0 0 0 0 6 0 0 0 0 0 0 0 0 0 9 
 0 0 70 0 36 0 0 92 0 0 0 0 0 0 0 0 0 0 0 0 1 92 65 23 1 89 1 65 0 0 0 72 0 0 0 95 66 0 0 0 172 57 54 150 77 57 103 69 303 85 73 45 173 260 182 85 39 115 379 0 0 0 0 0 0 4 0 8 0 0 0 0 0 0 1 0 5 0 0 0 0 0 0 0 0 0 0 0 0 0 0 0 0 0 0 0 0 0 6 0 0 0 0 0 7 9 15 0 0 0 9 10 0 0 0 0 0 19 0 0 0 0 0 10 0 0 22 29 18 0 0 0 1 2 1 0 13 0 16 24 0 0 0 0 0 2 1 0 0 0 2 0 0 0 0 0 0 2 0 4 0 0 0 0 0 0 0 0 0 0 0 1 0 0 4 0 0 0 2 6 0 0 0 0 1 8 0 0 0 0 0 12 0 0 0 0 0 0 0 0 29 10 63 6 0 4 1 6 21 7 7 32 8 0 8 1 0 2 0 22 0 0 0 9 0 0 0 0 0 0 0 0 0 0 0 0 0 0 15 0 0 0 0 0 0 0 0 0 0 0 0 5 0 0 0 0 0 2 0 0 0 0 0 1 2 3 0 2 0 0 0 0 0 0 0 3 0 0 0 0 0 0 0 0 0 0 3 23 2 0 
 0 0 0 3 0 0 0 0 0 0 0 0 0 0 0 0 0 0 0 0 2 0 0 55 0 0 0 0 0 3 0 5 2 0 0 3 0 0 0 0 9 46 1 50 10 41 0 50 0 53 80 105 0 0 0 4 2 1 8 0 0 107 85 39 77 55 196 106 41 90 80 30 117 138 153 93 95 99 84 276 0 0 0 0 0 0 0 0 0 0 0 0 0 0 0 0 0 0 0 0 0 0 0 0 0 0 0 0 0 0 0 0 0 0 0 0 0 0 0 0 0 0 0 0 0 19 0 9 38 0 0 0 4 0 0 0 8 7 0 0 43 0 26 8 7 0 1 18 0 0 0 0 43 41 0 21 22 11 14 0 2 0 0 0 0 0 0 0 0 0 0 0 0 0 0 0 0 0 0 0 0 0 0 0 4 14 0 0 0 0 0 0 0 0 0 0 0 0 0 0 0 1 0 0 17 7 4 0 0 9 1 0 0 0 0 0 8 9 0 0 2 0 37 2 14 0 9 17 0 0 3 0 42 34 42 17 0 0 22 29 0 0 4 0 0 0 0 0 0 0 0 0 0 0 1 0 13 0 0 0 0 0 0 0 0 0 0 0 0 0 0 0 0 2 4 1 0 0 0 0 0 0 0 0 0 2 0 0 0 0 
