 0 259 66 40 468 332 141 276 38 246 27 38 459 336 131 86 248 32 119 246 0 0 0 3 2 0 0 2 0 0 0 1 3 0 0 5 0 0 3 3 3 3 2 2 0 7 43 0 2 0 2 0 0 0 0 0 0 1 0 0 3 0 0 0 0 0 0 53 0 0 0 0 3 0 0 32 0 0 0 0 40 5 1 0 11 15 14 0 15 0 1 19 1 1 0 10 2 0 13 9 0 0 0 0 0 0 0 2 0 0 0 0 0 0 0 0 0 0 0 0 0 0 0 0 0 0 0 0 21 0 0 0 0 0 0 0 0 0 0 0 0 0 0 0 0 0 0 0 14 0 4 0 0 0 0 0 0 0 0 0 7 0 0 0 4 0 16 1 26 36 0 1 0 29 37 9 1 0 19 20 0 0 0 0 0 0 1 0 8 0 0 0 0 0 0 0 0 0 0 0 0 12 0 0 0 0 2 0 0 0 0 0 0 0 0 0 0 0 0 0 0 0 0 0 0 0 1 0 0 0 0 0 0 0 0 0 0 0 0 0 0 0 0 0 0 4 2 0 0 1 0 5 1 0 0 0 0 0 0 0 0 0 0 0 0 0 0 0 0 0 0 0 0 0 0 0 0 0 0 0 0 0 0 0 0 0 0 0 0 0 
 259 0 115 159 38 14 206 211 44 96 124 32 50 125 231 117 83 339 41 205 0 0 0 3 2 0 0 76 2 0 2 2 115 0 0 4 0 0 61 3 3 3 2 2 0 3 3 0 2 0 2 0 5 0 0 0 0 0 0 2 3 0 0 0 0 0 0 0 0 0 6 0 3 4 0 2 3 0 0 0 0 13 17 20 0 0 16 18 12 46 2 13 9 21 55 5 10 0 10 0 0 0 0 0 0 0 0 0 19 0 0 0 0 0 0 11 0 0 54 11 0 0 0 0 10 0 0 0 0 0 0 0 0 0 0 0 0 0 0 0 0 0 0 0 0 0 0 0 0 0 0 0 0 0 0 0 0 0 9 0 23 17 47 16 19 0 0 37 20 10 18 9 10 0 13 27 11 29 0 0 0 0 0 0 0 0 3 0 0 4 0 0 0 0 0 0 0 0 4 13 0 0 0 0 0 0 0 0 0 0 0 0 0 0 0 0 0 0 0 0 0 0 0 0 0 0 0 0 0 0 0 0 0 0 0 0 0 0 0 0 0 0 0 0 0 1 90 0 3 128 12 3 0 0 4 1 0 0 0 0 0 0 0 0 0 0 0 0 0 0 0 0 0 0 0 9 10 0 0 0 0 0 0 0 11 0 0 0 0 0 
 66 115 0 150 200 29 288 113 118 44 130 128 185 207 468 62 226 135 117 52 87 0 0 3 2 0 0 2 0 0 0 2 35 0 0 3 0 0 29 3 3 3 2 11 0 3 3 0 2 0 1 0 0 0 0 0 0 0 0 0 4 0 0 0 0 0 0 0 0 0 0 0 3 0 0 0 0 0 0 0 16 11 9 14 8 16 15 14 1 20 33 1 2 27 36 15 18 9 18 22 0 0 0 0 0 0 1 0 0 0 0 0 51 0 0 0 0 2 12 7 0 0 0 0 0 0 0 0 0 0 0 0 0 0 0 0 0 0 0 0 0 0 0 0 0 0 3 0 0 0 0 0 0 0 5 0 0 0 1 0 16 0 17 15 0 0 14 0 3 2 14 6 34 13 7 0 13 50 1 0 0 0 0 0 0 0 12 0 0 19 0 0 0 0 0 0 0 0 9 7 0 0 0 0 0 0 2 0 0 0 0 0 0 0 0 0 0 0 0 0 0 0 0 0 0 0 1 0 0 0 0 0 0 15 0 0 0 0 0 0 0 0 0 0 0 2 90 0 0 88 0 2 0 0 0 0 0 0 0 0 0 0 0 0 0 0 0 0 0 0 0 0 0 2 0 10 0 9 0 0 0 0 0 0 0 0 0 0 0 0 
 40 159 150 0 89 224 219 155 77 146 136 125 151 176 251 220 215 150 81 117 0 0 0 3 2 1 0 79 0 0 0 0 1 79 0 4 0 0 81 80 3 3 2 7 2 3 3 0 2 0 2 2 0 3 0 0 3 2 0 0 3 0 0 5 0 0 0 0 0 0 29 0 3 27 0 0 0 0 2 0 0 10 7 17 25 32 0 10 29 30 1 21 2 2 17 13 45 11 10 0 0 0 0 2 0 0 0 0 11 0 0 0 14 15 0 0 0 0 17 20 0 6 0 2 0 0 0 0 0 0 0 24 0 0 0 0 0 0 1 0 14 0 0 0 0 0 2 0 0 12 0 0 0 0 3 0 0 0 0 19 21 2 0 22 18 10 0 14 13 46 10 23 10 24 20 26 9 22 1 1 27 12 0 0 0 0 16 11 16 0 0 0 0 0 2 0 0 0 7 3 0 0 0 0 0 1 0 0 0 0 0 0 1 0 0 0 0 0 0 0 0 0 0 0 1 0 0 0 0 0 0 0 0 0 0 0 0 0 0 0 0 0 0 0 0 2 90 0 89 51 0 9 2 0 0 0 0 0 0 0 0 0 0 0 0 0 0 0 0 0 0 0 0 0 0 0 11 7 0 0 0 0 0 0 0 0 0 0 0 0 
 468 38 200 89 0 257 54 71 385 105 333 127 74 125 241 115 382 221 53 79 149 0 74 3 2 0 20 35 0 0 0 0 1 84 77 76 0 0 82 85 3 3 3 2 0 3 6 3 2 0 3 4 0 0 0 0 6 3 3 0 5 0 0 0 0 1 0 0 45 0 0 3 3 5 5 0 0 0 4 0 0 0 0 44 23 0 0 9 9 0 33 16 0 0 7 0 0 13 0 2 13 14 15 0 1 0 11 0 0 0 0 0 38 14 33 13 0 21 1 17 0 0 0 15 0 0 0 0 0 0 0 0 0 0 0 0 0 0 0 0 0 0 0 0 0 0 1 0 0 0 0 0 2 0 4 0 0 0 0 0 1 0 10 8 15 24 0 0 0 13 16 2 0 0 0 0 9 13 0 0 37 0 6 0 0 0 15 39 35 0 0 0 13 0 20 34 10 0 12 13 0 0 2 0 2 0 0 0 0 0 0 0 0 0 0 0 0 0 0 0 0 0 0 0 6 0 0 0 0 1 0 0 0 0 0 0 0 0 0 10 0 14 10 0 0 1 2 0 90 3 0 16 0 0 0 0 0 0 0 2 61 0 4 0 0 0 0 0 0 0 0 0 0 0 0 9 0 6 0 0 0 0 0 0 0 1 0 0 0 0 
 332 14 29 224 257 0 116 63 92 149 129 194 48 95 46 157 92 123 68 132 12 1 0 2 3 0 0 148 3 0 2 0 81 76 6 75 0 1 1 3 0 0 0 0 0 0 0 0 0 51 0 0 0 4 0 3 3 5 0 0 1 0 0 4 0 1 3 3 0 0 3 0 0 0 0 0 2 0 2 0 0 16 13 28 8 44 0 6 23 10 14 30 0 0 0 0 10 13 0 0 0 12 0 11 0 0 14 8 56 0 0 0 16 0 0 9 0 12 56 1 0 0 0 0 0 0 14 0 0 0 0 0 0 0 0 0 0 0 0 0 0 0 10 0 0 0 0 0 0 0 0 5 0 0 0 0 0 0 0 0 0 0 9 0 22 0 0 0 0 1 33 1 0 1 16 13 12 0 0 0 11 39 14 11 0 0 22 26 0 18 0 0 11 0 0 9 14 0 1 26 0 0 0 0 0 0 2 0 0 0 0 0 0 0 0 0 0 1 1 1 0 0 0 0 0 0 1 0 0 0 0 0 0 0 0 0 0 0 0 0 0 1 0 0 0 3 0 0 2 170 0 4 1 0 0 0 0 0 0 0 0 0 17 0 0 0 0 0 40 0 0 0 0 2 0 1 12 0 0 0 0 0 0 0 0 14 0 0 0 0 
 141 206 288 219 54 116 0 120 169 503 37 90 295 149 283 49 270 27 145 333 6 3 1 3 6 0 0 1 2 3 5 4 1 5 0 4 0 2 3 3 3 7 2 9 10 3 3 0 5 0 1 69 0 0 0 4 3 0 0 2 3 0 4 0 0 0 0 0 0 1 4 0 6 2 0 0 2 4 1 0 0 10 1 1 17 31 14 12 36 14 1 22 11 64 29 32 23 0 3 21 0 0 0 0 0 0 0 0 0 0 0 0 13 0 0 0 0 0 0 0 0 0 0 0 1 0 0 0 10 0 0 2 0 0 0 0 0 0 0 2 2 1 0 0 0 0 0 0 0 0 0 0 0 0 0 0 0 0 5 0 14 32 0 7 18 1 1 1 48 10 47 11 4 46 43 21 29 2 71 41 0 0 0 0 0 0 1 0 0 0 0 9 0 0 0 0 0 0 3 6 0 0 0 0 0 0 0 0 0 0 0 0 0 0 0 0 0 0 0 0 0 0 0 0 0 0 0 0 0 0 0 0 0 0 2 0 0 0 0 0 0 0 0 0 0 0 3 0 0 1 2 6 1 0 0 0 0 0 0 0 2 0 0 0 0 0 0 0 0 0 0 0 0 0 0 0 0 0 0 0 0 0 0 0 0 0 0 0 0 0 
 276 211 113 155 71 63 120 0 524 109 202 39 99 89 381 217 58 239 286 55 0 0 0 2 2 0 0 1 0 0 2 0 1 0 0 4 0 1 3 3 3 3 2 2 0 3 3 1 2 0 3 0 0 0 0 0 0 0 0 0 3 0 0 2 0 0 0 0 0 0 0 0 3 0 2 1 0 0 0 1 12 35 27 20 0 21 0 25 32 43 0 42 20 0 16 41 22 19 0 0 0 0 0 0 0 0 13 0 23 0 0 0 0 0 0 0 0 0 11 0 0 0 0 0 0 0 0 0 2 0 0 0 0 0 0 0 0 18 0 0 0 0 0 0 0 0 0 0 0 0 0 15 0 0 0 0 0 0 8 0 19 16 18 24 6 0 21 45 14 8 0 2 11 0 11 24 11 14 0 23 1 1 0 0 1 1 0 0 0 0 0 0 0 0 0 0 0 0 0 0 0 0 0 2 0 0 0 0 2 0 0 0 0 0 0 0 0 0 0 0 0 0 0 0 0 2 0 1 2 0 0 0 0 0 0 1 0 0 0 0 0 0 0 0 0 1 1 0 3 0 12 6 0 0 0 0 0 0 0 0 0 0 0 0 0 0 0 0 0 0 0 0 0 0 0 0 9 0 0 0 0 0 0 0 0 0 0 0 0 0 
 38 44 118 77 385 92 169 524 0 221 143 110 125 163 84 254 125 207 301 52 1 0 0 3 2 0 0 1 0 0 0 0 1 74 0 4 72 0 45 3 3 4 2 2 0 3 3 0 2 0 2 1 0 0 0 0 0 0 0 0 3 0 0 0 0 0 51 0 0 0 0 0 35 0 0 0 1 0 0 0 17 0 12 25 1 0 16 5 13 0 0 23 0 10 1 13 16 25 0 11 10 0 0 0 0 0 32 0 0 0 0 0 1 0 0 0 0 0 0 0 0 0 0 0 0 0 0 0 2 0 0 0 0 0 0 0 0 0 0 0 0 0 0 0 0 0 0 0 0 0 0 0 0 1 0 0 0 0 0 0 0 0 0 0 25 14 14 0 1 0 26 0 0 0 6 0 0 0 1 2 12 1 0 0 1 1 0 0 0 0 1 0 0 0 1 0 0 0 32 0 0 0 0 2 0 0 0 0 2 0 0 0 0 0 0 0 0 0 0 0 0 1 0 0 2 0 0 1 2 0 0 1 0 0 0 0 0 0 0 0 0 1 0 0 0 2 4 1 1 1 0 9 0 1 0 0 0 0 0 0 0 0 55 0 0 0 0 0 0 0 0 0 0 0 0 17 0 0 0 0 0 0 0 0 0 0 0 0 0 0 
 246 96 44 146 105 149 503 109 221 0 375 103 154 281 483 117 434 38 99 298 0 3 0 3 2 0 1 76 0 0 2 2 0 0 0 3 0 0 226 3 3 3 2 4 2 3 3 0 2 0 1 1 0 6 0 0 0 0 0 0 3 0 0 0 0 0 46 0 0 0 0 0 3 0 0 0 0 0 0 0 0 0 0 55 10 15 19 31 0 121 0 14 0 21 30 18 11 30 1 14 20 0 0 0 0 0 22 0 16 0 1 0 37 0 0 0 0 0 64 54 0 0 0 0 0 0 0 0 0 0 0 14 0 0 0 0 0 0 2 0 1 0 0 0 0 0 0 0 0 0 0 0 0 7 0 1 2 0 0 0 1 26 23 48 20 16 11 0 23 8 8 8 36 8 1 26 23 30 0 0 11 9 0 0 0 0 0 17 0 0 0 0 0 0 0 0 0 0 7 0 0 0 0 0 0 10 0 0 0 0 0 0 0 0 0 0 0 0 0 0 0 0 0 0 0 0 0 0 0 0 0 0 0 0 0 0 0 0 0 0 0 7 0 0 0 0 87 2 2 6 7 9 9 0 0 0 0 0 0 0 0 0 0 0 0 0 0 0 0 0 0 0 0 0 0 27 25 0 0 0 0 0 0 0 0 0 0 0 0 0 
 27 124 130 136 333 129 37 202 143 375 0 60 12 142 200 300 218 258 34 97 88 0 0 2 4 0 0 94 0 3 2 0 1 77 2 8 4 0 4 3 3 5 2 3 3 3 4 0 3 0 3 3 0 3 0 2 0 0 0 0 9 0 5 0 0 0 2 2 0 0 2 0 3 11 5 0 0 2 0 0 0 0 18 17 0 17 0 23 13 28 0 35 1 0 12 15 23 30 0 3 0 0 0 0 0 17 59 0 15 1 0 0 0 0 5 0 0 0 0 0 0 0 0 0 0 0 0 0 0 0 0 0 0 0 0 0 0 0 0 0 0 0 0 0 0 0 7 0 0 0 0 0 0 0 12 0 0 0 1 0 10 1 26 11 18 11 0 0 0 0 25 14 0 1 1 24 27 4 0 0 22 0 0 0 0 0 0 17 0 0 1 0 0 0 21 0 0 0 2 0 0 0 0 0 0 0 0 0 0 0 0 0 0 0 0 0 0 0 0 0 0 0 0 0 0 0 0 0 52 0 0 0 0 0 0 0 0 0 0 0 0 0 0 0 0 3 0 0 0 1 38 4 0 0 0 0 0 0 0 32 0 0 15 0 0 0 0 0 0 0 0 0 0 0 0 0 0 8 0 0 0 0 0 0 0 0 0 0 0 0 
 38 32 128 125 127 194 90 39 110 103 60 0 208 125 166 48 206 127 52 100 62 0 0 3 2 0 77 74 0 1 0 1 143 4 73 79 0 0 3 23 3 3 2 6 0 3 3 0 2 0 2 2 0 0 0 0 0 0 0 0 3 0 0 0 0 27 0 0 50 0 0 0 3 0 0 0 0 0 0 0 0 0 0 13 27 36 0 27 15 6 31 48 0 15 0 12 10 1 1 0 0 0 0 1 0 0 13 25 0 0 0 13 38 0 14 9 12 13 0 7 0 0 0 0 0 0 0 0 0 0 0 0 0 0 0 0 0 0 2 0 3 0 0 0 0 0 0 0 0 0 0 1 16 0 0 0 2 0 0 0 18 11 0 10 14 0 0 0 25 10 30 29 0 20 20 25 24 6 0 0 10 20 20 0 0 0 2 0 13 9 0 0 0 10 0 17 22 0 10 23 0 0 0 0 0 0 0 0 0 0 0 0 2 0 0 0 0 0 1 0 0 0 0 0 0 0 0 0 0 0 0 0 0 0 0 0 16 0 0 0 0 0 0 0 0 0 1 0 2 0 0 3 0 0 0 0 0 0 0 2 0 0 0 0 0 0 0 0 0 0 0 0 0 0 0 0 0 0 0 0 0 0 0 0 0 20 0 0 0 0 
 459 50 185 151 74 48 295 99 125 154 12 208 0 86 129 252 552 245 103 189 0 0 0 3 2 0 0 3 0 0 0 2 0 0 0 6 0 0 3 3 3 3 2 5 0 3 3 0 2 0 2 0 0 0 0 0 0 0 0 0 3 0 0 0 0 0 0 0 0 0 0 0 3 0 0 0 0 0 33 0 28 0 14 0 8 13 46 0 10 12 0 0 0 28 15 13 20 0 32 45 0 0 0 0 0 0 0 0 1 0 0 0 14 0 0 0 0 0 0 0 0 0 0 0 1 0 0 0 0 0 0 2 0 0 0 0 0 0 0 2 1 7 0 0 0 0 0 0 0 0 0 0 0 0 0 0 0 0 0 0 13 0 1 10 7 0 15 0 9 9 0 12 24 27 13 13 17 35 0 1 0 0 0 0 0 0 0 0 0 0 0 0 0 0 0 0 0 0 1 0 1 0 0 0 0 0 0 0 0 0 0 0 0 0 0 0 0 0 0 0 0 0 0 0 0 0 0 0 1 0 0 0 0 0 2 0 0 0 0 0 0 0 0 0 0 1 92 0 2 0 0 0 7 0 0 14 0 0 0 0 0 0 0 0 0 0 0 0 0 0 0 0 0 0 0 0 0 0 0 0 0 0 0 0 0 0 0 0 0 0 
 336 125 207 176 125 95 149 89 163 281 142 125 86 0 65 61 114 115 122 278 0 0 1 3 2 0 0 26 2 0 0 2 0 0 0 3 0 0 5 3 3 3 2 2 0 6 3 0 2 0 2 0 0 0 0 0 0 0 0 0 3 0 0 0 0 0 0 0 0 0 0 0 3 0 0 0 0 0 0 0 30 13 0 13 10 11 0 20 30 1 30 26 0 11 11 0 20 9 1 0 0 0 0 0 0 0 0 0 0 0 1 0 1 0 0 0 0 0 10 0 0 0 0 0 0 0 0 0 0 0 0 0 0 0 0 0 0 0 0 0 0 0 0 12 0 0 7 0 0 0 2 0 0 0 8 0 0 0 0 0 12 0 11 4 6 0 15 0 7 14 14 0 1 0 18 13 18 25 12 10 0 0 0 0 0 0 0 0 0 3 0 0 0 0 0 0 0 0 18 7 0 0 0 0 0 0 0 0 0 0 0 0 0 0 0 0 0 0 0 0 0 0 0 0 0 0 0 0 0 0 0 0 23 0 0 0 1 0 0 0 0 0 0 0 0 2 0 0 0 90 0 0 0 0 0 0 0 0 0 0 0 0 0 0 0 0 0 0 0 0 0 0 0 0 0 0 0 12 0 0 0 0 0 0 0 0 0 0 0 0 
 131 231 468 251 241 46 283 381 84 483 200 166 129 65 0 201 224 271 155 386 0 0 0 2 2 0 1 1 0 0 0 1 0 0 2 5 0 0 3 3 3 3 2 5 0 3 3 0 2 0 3 1 0 0 0 0 0 0 0 0 3 0 0 0 0 0 0 0 0 0 0 0 3 0 0 0 0 0 0 0 0 23 12 3 11 12 25 37 32 9 0 3 6 47 27 36 20 1 0 41 0 0 0 0 0 0 0 0 0 0 0 0 10 0 0 0 0 0 0 0 0 0 0 0 0 0 0 0 0 0 0 0 0 0 0 0 0 0 0 0 0 0 0 0 0 0 0 10 0 8 0 0 0 0 0 0 0 0 5 0 14 30 1 6 8 1 1 16 42 40 11 13 1 22 2 21 29 16 1 1 0 0 0 0 0 0 0 0 0 0 0 0 0 0 0 0 0 0 1 0 0 0 0 0 0 0 0 0 0 0 0 0 0 0 14 0 0 0 0 0 0 0 0 0 0 0 0 0 0 0 0 0 0 0 0 0 0 0 0 16 0 0 0 0 0 1 1 2 0 1 2 4 11 0 0 0 0 0 0 0 0 0 0 0 0 0 0 1 0 0 0 0 0 0 0 0 0 0 0 0 0 0 0 0 0 0 0 0 0 0 
 86 117 62 220 115 157 49 217 254 117 300 48 252 61 201 0 93 88 47 84 0 2 0 3 2 0 0 1 0 0 0 0 0 0 0 4 0 0 79 3 3 3 2 2 0 3 3 0 2 0 2 0 0 0 0 0 0 2 0 0 31 0 0 8 0 0 0 0 1 0 0 0 3 0 0 0 0 0 0 0 13 13 24 13 1 39 0 43 19 81 0 40 20 6 18 34 29 32 0 1 0 1 0 0 0 2 24 0 25 15 0 0 0 0 0 0 0 0 7 2 0 0 0 0 0 0 0 0 0 0 0 0 0 0 0 0 0 0 0 0 0 0 0 0 0 0 0 0 0 0 0 0 0 0 3 0 0 0 5 0 11 20 10 21 21 27 51 30 17 38 32 0 13 1 0 19 13 70 0 5 11 0 0 0 0 0 0 0 0 0 0 0 0 0 0 1 0 0 0 0 0 0 0 0 0 0 14 0 0 0 0 0 0 0 0 0 0 0 0 0 0 0 0 0 0 0 35 0 0 0 0 0 0 0 0 0 0 0 0 0 0 8 0 0 0 2 0 0 5 0 8 19 3 0 0 0 0 0 0 0 1 0 6 0 0 0 0 0 0 0 0 0 0 0 0 0 10 21 0 0 0 0 0 0 0 0 0 0 0 0 
 248 83 226 215 382 92 270 58 125 434 218 206 552 114 224 93 0 322 49 257 3 0 0 3 2 0 0 2 0 5 34 0 34 0 1 3 0 0 99 3 2 3 50 74 0 3 3 0 2 0 0 0 0 0 0 0 0 0 0 0 5 0 0 0 0 0 0 0 0 0 0 0 4 0 0 0 0 0 0 36 23 0 45 0 0 31 18 18 47 35 11 0 3 11 21 13 15 1 0 17 0 0 0 0 0 0 1 19 16 0 0 0 43 0 0 0 0 0 9 40 0 0 0 0 0 0 0 0 0 0 0 0 0 0 0 0 0 0 0 0 0 0 0 0 0 0 7 0 0 0 0 0 0 0 10 0 0 0 0 0 10 17 19 7 1 17 0 1 13 1 27 0 0 16 21 15 22 1 0 0 10 12 0 0 0 0 11 15 0 1 19 0 0 0 0 0 0 0 8 20 0 0 0 0 0 0 0 0 0 0 0 0 0 0 0 0 0 0 0 0 0 0 0 0 0 0 0 0 0 0 0 0 0 0 0 0 0 0 0 0 0 10 0 0 0 0 0 0 0 171 1 6 2 0 0 0 0 0 2 0 0 0 1 0 0 0 0 0 0 0 0 0 0 0 0 10 12 12 0 0 0 0 0 0 0 0 0 0 0 0 
 32 339 135 150 221 123 27 239 207 38 258 127 245 115 271 88 322 0 33 31 2 2 0 2 2 0 0 74 0 0 0 1 151 61 0 3 0 0 166 33 3 66 2 2 0 3 3 1 2 0 3 0 0 0 0 0 0 0 0 0 7 0 0 0 0 0 0 0 0 0 0 0 3 44 16 3 0 0 0 2 0 0 0 12 7 0 0 25 10 1 60 37 0 0 7 0 8 53 0 0 0 0 0 1 0 0 11 0 18 0 0 0 20 14 0 0 0 0 0 9 0 0 0 0 0 0 0 0 0 0 0 0 0 0 0 0 0 0 0 0 0 0 0 0 0 0 5 0 0 0 0 0 0 0 7 0 0 0 0 0 1 0 8 8 6 23 0 0 0 10 33 18 0 0 0 0 23 16 0 0 12 0 4 0 0 0 20 0 16 0 1 0 0 0 0 0 0 0 23 0 0 0 0 0 0 0 0 0 0 0 0 0 0 0 0 0 0 0 0 0 0 0 0 0 0 0 0 0 0 0 0 0 0 0 0 0 0 0 0 0 0 13 0 0 0 1 2 0 6 1 0 6 0 0 0 0 0 0 0 0 0 0 0 0 0 0 0 0 0 0 0 0 0 0 0 11 0 13 0 0 0 0 0 0 0 0 0 0 0 0 
 119 41 117 81 53 68 145 286 301 99 34 52 103 122 155 47 49 33 0 362 0 0 0 4 2 0 0 3 3 73 0 2 0 0 1 8 0 2 4 5 3 3 4 5 62 3 3 0 2 0 2 0 0 0 0 0 0 0 0 0 3 0 0 1 6 3 2 0 0 0 3 2 3 0 0 0 5 2 0 7 1 45 0 27 7 2 19 2 0 0 16 0 29 23 44 10 0 7 11 18 10 0 0 0 0 0 0 0 0 17 0 0 1 0 2 0 0 0 0 0 0 0 0 8 0 0 1 0 0 0 0 0 0 0 0 0 0 0 0 0 0 0 0 0 0 0 0 0 0 0 0 0 2 0 0 0 0 0 0 0 1 0 0 0 0 0 13 0 9 0 8 0 0 0 2 0 0 15 40 7 0 0 0 0 0 0 0 0 0 10 0 0 6 0 0 0 0 0 0 0 0 0 0 0 2 0 0 0 0 0 0 0 10 0 0 0 0 0 0 0 0 0 0 0 0 0 0 0 0 1 0 0 0 0 0 0 0 0 0 0 0 2 0 0 0 1 3 1 0 0 1 10 2 0 2 0 0 0 0 0 0 0 2 0 0 0 0 0 0 0 0 0 0 0 0 0 0 3 0 0 0 0 0 0 0 0 0 0 0 0 
 246 205 52 117 79 132 333 55 52 298 97 100 189 278 386 84 257 31 362 0 0 0 0 3 2 0 0 1 0 1 0 26 0 0 0 3 2 0 3 3 3 3 2 2 0 3 3 0 2 0 3 0 0 0 0 0 0 0 0 0 3 0 0 0 0 0 3 0 0 0 0 0 3 0 0 1 0 0 0 2 10 31 8 0 10 37 15 0 22 0 2 16 14 1 1 0 0 0 14 1 0 0 0 0 2 0 9 0 0 0 0 0 0 0 1 0 0 0 0 0 0 0 0 0 0 0 2 0 0 0 0 0 0 0 0 0 0 0 0 0 0 0 0 0 0 0 0 0 0 0 0 0 1 0 0 0 0 0 0 0 0 0 14 1 17 0 0 10 17 6 1 0 9 6 26 13 49 1 7 0 0 0 0 0 0 0 0 0 0 2 0 0 0 0 22 0 0 0 0 0 0 0 1 0 1 0 0 0 0 0 0 0 0 0 0 0 0 0 0 0 0 0 0 0 0 0 0 0 0 2 0 17 0 0 0 0 0 0 0 0 0 1 0 0 0 3 2 2 2 2 3 6 7 0 0 0 0 0 0 0 0 0 0 0 0 0 0 0 0 0 0 0 0 0 0 0 0 0 0 0 0 0 0 0 0 0 0 0 0 0 
 0 0 87 0 149 12 6 0 1 0 88 62 0 0 0 0 3 2 0 0 0 153 172 86 356 40 330 453 201 338 631 151 311 324 158 546 140 46 26 35 0 0 2 0 0 0 3 1 0 6 2 0 0 0 2 1 1 1 0 0 4 2 3 0 0 0 0 0 0 0 0 3 0 4 5 0 2 37 0 2 15 0 0 11 7 1 0 2 0 0 16 0 0 0 0 0 0 0 0 0 0 0 19 2 12 0 0 9 0 6 18 14 21 11 28 6 18 28 0 3 0 0 0 0 0 0 0 11 0 0 0 0 0 13 0 0 0 0 14 8 0 0 0 0 0 0 0 0 0 0 0 0 0 0 0 0 1 0 0 1 9 0 0 0 0 18 0 4 0 0 2 12 1 0 0 0 2 0 0 0 25 31 15 0 16 42 1 19 1 0 28 16 0 9 11 20 11 38 19 0 0 0 0 0 0 2 1 0 0 0 0 0 0 0 0 0 0 1 0 0 0 0 0 0 2 0 1 0 0 0 0 0 0 0 15 0 0 0 0 0 0 0 0 0 0 0 0 0 17 0 0 0 0 0 4 0 0 1 2 1 2 10 0 0 0 0 0 0 0 0 0 0 0 0 0 0 0 0 0 0 0 0 0 0 0 12 0 0 0 0 
 0 0 0 0 0 1 3 0 0 3 0 0 0 0 0 2 0 2 0 0 153 0 175 309 128 236 107 89 196 41 46 92 52 145 309 49 102 644 37 35 0 0 3 0 19 0 133 0 0 7 0 0 85 3 1 5 0 5 93 65 2 2 3 0 0 1 7 3 0 0 3 3 0 0 0 0 2 0 6 2 0 0 0 0 0 0 0 0 6 5 0 0 0 0 0 0 0 0 0 0 0 0 20 53 41 0 0 20 0 4 28 12 0 1 24 29 0 13 0 1 1 12 0 4 0 0 16 25 0 0 0 0 37 22 1 0 0 1 25 11 0 0 15 5 0 0 0 0 0 0 0 0 0 0 0 0 0 4 0 0 0 0 0 0 0 0 3 0 0 0 0 0 0 0 0 0 0 0 0 2 18 0 25 40 34 17 0 0 0 0 13 24 0 11 0 0 0 7 0 0 3 0 0 0 0 0 10 28 0 0 27 0 10 0 1 20 0 0 0 24 0 0 0 0 0 0 0 0 0 0 0 0 0 0 0 0 0 0 9 0 0 0 0 0 0 0 0 0 0 0 0 0 0 0 8 0 1 1 84 0 0 25 0 0 0 0 0 0 0 0 0 0 0 0 0 0 0 0 0 0 0 0 0 0 0 0 0 0 0 0 
 0 0 0 0 74 0 1 0 0 0 0 0 0 1 0 0 0 0 0 0 172 175 0 236 34 26 138 83 96 102 125 116 63 220 63 131 132 160 36 31 0 0 3 0 3 0 8 0 0 0 9 0 0 0 1 0 0 0 62 0 2 2 3 0 0 0 1 0 0 0 0 3 0 0 40 0 2 0 0 2 0 0 0 0 0 1 0 0 0 0 0 0 2 0 0 0 0 0 0 0 13 0 30 10 16 12 0 17 9 0 37 28 0 20 21 11 19 27 11 0 11 0 0 0 0 0 7 16 0 0 2 0 18 9 0 0 0 1 19 9 0 0 0 0 0 0 0 1 0 0 0 0 20 0 0 0 0 0 0 0 0 0 0 0 0 0 4 6 0 0 0 0 0 0 0 0 0 2 0 26 9 14 10 35 34 15 53 0 0 0 31 42 2 3 18 22 22 10 1 8 0 0 0 0 0 0 25 0 0 12 0 0 0 1 25 0 0 0 17 10 0 0 0 0 0 0 0 0 0 2 0 1 0 0 0 0 0 0 0 14 0 0 18 0 0 0 0 0 0 0 0 0 0 0 6 0 0 78 76 0 0 0 0 0 0 0 1 0 0 0 0 0 0 0 0 0 0 0 0 1 0 13 0 0 2 0 0 0 0 0 
 3 3 3 3 3 2 3 2 3 3 2 3 3 3 2 3 3 2 4 3 86 309 236 0 79 154 86 54 224 163 351 74 50 84 72 114 547 67 64 53 0 0 3 0 0 2 31 2 0 2 4 0 0 7 0 0 0 2 80 0 2 2 3 0 1 0 10 0 0 0 2 3 0 0 0 0 2 0 28 2 0 0 0 0 0 0 0 0 0 0 0 0 0 0 0 0 0 0 0 0 19 22 4 1 38 30 9 1 19 12 9 13 0 10 0 12 20 17 1 0 8 30 0 0 0 0 36 1 16 0 38 0 20 0 1 1 0 19 0 10 0 0 0 0 0 9 0 0 0 0 0 0 0 0 0 0 0 0 0 0 0 0 0 0 0 0 9 0 0 2 0 0 0 0 0 0 1 17 0 1 18 4 28 1 8 18 0 1 11 10 23 21 0 0 0 15 1 29 0 10 11 0 1 0 0 0 0 12 0 0 1 0 1 9 0 13 0 0 11 6 0 0 0 0 0 0 0 0 0 0 0 0 0 0 0 0 0 0 0 0 0 0 0 0 0 0 0 0 0 0 0 0 0 0 5 1 0 77 35 0 1 9 0 0 0 0 0 0 0 0 0 0 0 0 0 0 0 0 0 0 0 0 0 0 0 0 14 0 0 0 
 2 2 2 2 2 3 6 2 2 2 4 2 2 2 2 2 2 2 2 2 356 128 34 79 0 202 50 273 375 143 187 64 82 307 131 89 268 146 43 60 62 21 86 21 0 0 4 31 0 15 2 0 125 0 1 0 0 0 0 0 2 71 3 0 0 0 0 0 0 0 0 4 1 0 0 0 2 0 0 2 0 0 0 0 0 0 0 0 0 0 0 0 0 0 0 0 0 0 0 0 0 0 29 0 25 0 0 9 0 8 25 43 0 0 6 11 0 0 0 0 9 2 0 0 0 0 11 0 0 0 0 0 51 22 2 0 0 8 40 1 0 0 0 4 0 0 0 0 0 0 0 0 0 0 0 0 0 5 0 0 0 1 0 3 0 0 0 0 0 0 0 0 0 0 0 0 0 0 0 0 0 0 16 0 20 16 20 4 0 0 0 31 0 0 0 0 3 9 0 0 10 10 0 0 0 0 21 0 0 0 0 0 13 0 1 1 8 0 9 0 23 0 0 0 0 0 0 0 0 0 14 0 0 0 0 0 0 0 0 0 0 0 0 0 0 0 0 0 0 18 0 0 0 0 4 0 4 2 0 3 4 19 0 0 0 0 10 0 0 0 47 0 0 0 0 0 0 0 0 0 0 20 0 0 0 0 0 0 0 0 
 0 0 0 1 0 0 0 0 0 0 0 0 0 0 0 0 0 0 0 0 40 236 26 154 202 0 27 36 40 49 118 100 53 38 64 64 67 302 50 35 163 61 71 0 0 0 4 65 6 0 0 0 80 4 1 0 20 0 4 30 2 2 3 0 0 0 0 0 0 0 0 4 0 0 0 0 2 1 0 2 0 0 0 0 0 0 0 0 0 0 0 0 0 0 0 0 0 0 0 0 0 0 12 0 31 11 0 0 0 0 0 11 0 0 0 0 0 0 0 0 42 1 1 0 0 0 1 2 35 0 0 0 49 25 0 49 35 38 30 3 0 0 0 0 3 0 0 0 7 0 0 0 0 0 0 0 0 0 0 0 0 0 0 12 0 0 0 17 0 0 0 0 0 0 0 0 0 0 0 0 0 0 0 1 41 41 0 0 0 0 0 19 0 0 0 0 1 0 0 0 38 10 10 1 0 0 15 9 11 0 0 0 24 11 13 0 13 13 19 11 0 25 5 0 0 0 0 0 0 0 15 0 0 0 0 0 0 0 0 0 0 0 0 0 0 0 1 0 0 0 0 0 0 0 2 4 2 41 0 0 0 4 20 0 0 0 3 0 0 0 4 0 0 0 0 0 0 0 0 0 0 0 0 0 0 0 0 0 0 0 
 0 0 0 0 20 0 0 0 0 1 0 77 0 0 1 0 0 0 0 0 330 107 138 86 50 27 0 190 173 108 24 26 213 61 120 191 35 42 45 152 1 0 3 2 0 0 4 0 12 0 61 0 1 0 1 0 0 0 0 1 2 2 3 0 0 45 0 0 0 0 0 3 29 0 0 0 2 21 0 2 0 0 0 0 10 0 0 0 0 0 17 4 0 0 0 1 0 4 0 0 27 12 10 14 0 0 10 11 9 47 0 0 20 24 11 21 27 24 13 16 0 0 0 0 0 0 0 0 0 0 0 0 0 0 0 0 0 0 0 0 4 0 0 0 0 0 0 0 0 0 0 0 0 0 0 0 0 0 0 0 0 0 0 0 9 24 0 0 0 8 1 49 0 0 0 0 0 0 0 0 20 15 11 10 0 0 0 0 31 0 3 0 44 17 11 39 9 0 28 11 0 0 0 0 0 0 0 0 0 0 0 2 0 0 0 0 24 0 0 0 0 10 0 0 0 0 0 0 0 0 0 0 0 0 9 0 0 1 0 0 0 1 1 0 0 0 0 0 0 0 0 0 0 0 15 2 0 1 0 2 14 2 0 0 0 0 0 0 0 0 0 0 0 0 0 0 0 0 0 0 0 1 0 0 0 0 0 0 0 0 
 2 76 2 79 35 148 1 1 1 76 94 74 3 26 1 1 2 74 3 1 453 89 83 54 273 36 190 0 89 37 27 62 221 230 40 34 145 235 104 121 0 0 2 0 0 46 3 0 0 1 64 0 63 1 2 0 0 0 0 0 2 2 3 1 0 0 4 0 0 1 0 3 0 1 2 0 3 0 1 2 0 0 0 14 13 11 0 0 0 0 24 0 0 0 1 0 0 0 0 0 0 9 0 20 0 0 0 0 5 13 0 0 32 16 11 18 0 24 16 11 0 0 0 0 18 0 0 0 0 0 0 0 0 0 0 0 0 0 0 0 0 0 0 0 0 0 0 0 0 0 0 4 0 12 0 0 0 0 2 0 0 0 0 0 0 16 0 0 0 20 0 15 0 0 0 0 0 0 0 0 32 14 0 27 0 0 34 28 50 0 7 0 37 0 25 55 10 1 22 0 0 0 1 0 0 0 0 0 0 0 0 0 0 1 0 0 0 0 17 9 0 1 0 0 0 0 0 0 0 0 0 0 9 0 0 0 0 0 0 0 0 0 0 0 0 0 1 0 73 74 0 0 0 0 24 0 1 79 20 0 2 0 0 0 0 0 0 0 0 0 0 0 0 0 0 0 10 0 0 0 0 0 0 0 14 5 0 0 0 0 
 0 2 0 0 0 3 2 0 0 0 0 0 0 2 0 0 0 0 3 0 201 196 96 224 375 40 173 89 0 91 175 39 195 262 287 276 42 193 77 147 0 0 2 0 3 0 65 0 0 2 0 0 0 0 2 2 3 0 66 0 2 2 3 0 0 0 1 0 0 4 3 4 0 0 0 0 2 0 4 2 0 0 0 0 0 0 0 0 0 0 0 0 0 0 0 0 0 0 0 0 0 5 18 14 31 1 0 10 1 12 8 39 0 59 1 32 1 25 3 0 0 36 0 0 0 0 9 20 0 12 0 0 29 20 11 0 0 1 16 18 0 0 0 0 0 12 0 0 3 0 0 0 0 0 0 2 0 0 0 0 0 0 0 0 0 0 1 28 0 0 25 0 0 0 0 0 6 0 0 24 12 0 0 21 30 13 62 11 0 0 40 2 0 8 15 15 9 19 0 0 1 2 0 0 0 0 0 0 0 0 0 0 0 6 2 0 0 0 12 9 0 0 0 0 0 8 0 0 0 1 0 2 0 0 0 0 0 0 0 0 0 0 0 0 0 0 0 0 0 0 0 0 0 0 3 0 0 84 153 0 2 0 0 0 0 0 0 0 0 0 0 0 0 0 0 0 0 0 0 0 0 0 0 0 1 0 0 0 0 0 
 0 0 0 0 0 0 3 0 0 0 3 1 0 0 0 0 5 0 73 1 338 41 102 163 143 49 108 37 91 0 76 57 59 163 133 271 491 220 119 77 10 2 3 0 0 0 69 66 0 0 73 0 69 0 1 0 0 0 63 0 2 2 3 0 0 0 0 1 0 0 0 3 0 0 0 0 2 0 0 2 0 0 0 0 30 7 0 0 0 0 0 0 0 0 0 0 0 0 0 0 21 14 0 20 1 10 58 18 20 30 19 13 16 11 1 0 22 23 10 0 0 0 0 0 0 0 19 0 0 0 0 0 2 0 12 11 0 0 12 0 0 2 0 3 0 0 0 0 0 0 0 0 0 0 0 0 2 4 0 2 0 0 0 0 0 0 0 0 0 0 0 0 2 0 0 0 0 0 0 0 0 47 45 0 0 10 12 21 0 35 6 12 28 0 17 19 30 14 0 11 13 0 0 0 0 1 30 12 0 0 0 0 21 0 12 31 0 0 0 13 0 0 0 0 0 9 0 2 0 0 0 0 0 0 1 0 0 0 0 0 0 0 8 0 0 0 0 0 0 0 0 5 0 0 6 0 0 1 0 0 1 9 0 0 0 0 0 0 0 0 0 0 0 0 0 0 0 0 0 1 0 14 0 0 0 19 16 0 0 0 
 0 2 0 0 0 2 5 2 0 2 2 0 0 0 0 0 34 0 0 0 631 46 125 351 187 118 24 27 175 76 0 101 78 122 311 124 440 121 30 57 28 0 1 0 0 0 4 0 0 9 0 0 18 32 2 0 0 2 1 32 2 2 3 0 0 0 0 0 0 0 0 4 2 0 0 0 3 4 0 2 0 0 0 0 0 0 0 0 0 0 0 0 0 0 2 0 0 0 0 0 0 0 33 0 12 0 0 10 0 0 22 41 0 5 9 10 11 31 1 0 10 0 0 0 0 0 0 8 2 0 0 0 41 9 0 10 15 0 26 9 0 0 0 0 0 0 0 0 0 0 0 1 0 0 0 0 0 0 1 0 1 0 0 0 0 0 0 3 0 0 1 0 0 0 0 0 2 0 0 10 17 5 0 1 23 13 13 8 0 0 11 6 1 9 9 12 25 30 0 0 12 0 2 0 0 0 7 0 13 0 0 0 10 3 10 0 0 0 14 9 0 2 0 0 0 2 0 0 0 0 0 0 0 0 0 0 0 0 0 0 0 0 0 0 0 0 0 0 0 0 0 0 0 0 16 0 1 120 2 1 5 0 0 0 0 0 23 0 0 0 0 0 0 0 2 0 0 0 0 0 0 6 0 0 0 0 0 0 0 0 
 1 2 2 0 0 0 4 0 0 2 0 1 2 2 1 0 0 1 2 26 151 92 116 74 64 100 26 62 39 57 101 0 107 31 191 111 618 123 48 41 62 61 3 0 2 0 3 0 0 0 2 0 0 0 66 1 2 0 1 58 2 2 3 0 0 0 2 0 0 0 0 3 0 0 0 0 2 1 5 3 0 0 0 0 0 0 0 0 0 0 0 0 0 0 0 0 0 0 0 2 0 0 47 0 35 16 2 21 0 0 69 14 0 0 17 24 0 0 0 9 11 0 0 0 0 10 35 2 9 0 0 0 12 22 1 25 18 17 45 0 0 0 0 1 1 0 0 0 1 0 0 0 0 0 0 0 0 0 0 0 0 0 0 0 0 0 0 0 0 0 2 0 0 0 0 0 0 0 0 0 0 0 0 6 9 59 20 4 0 0 12 4 9 21 0 0 0 25 0 18 0 10 0 0 0 0 0 9 11 0 0 11 0 95 0 0 0 0 9 0 0 0 0 0 1 0 0 0 0 0 0 17 0 0 0 0 0 0 1 0 0 0 0 0 0 2 0 0 0 0 0 0 0 0 3 0 0 13 2 0 2 0 0 0 0 0 0 0 0 0 0 0 0 0 0 0 0 0 0 19 0 9 0 0 0 0 0 0 0 0 
 3 115 35 1 1 81 1 1 1 0 1 143 0 0 0 0 34 151 0 0 311 52 63 50 82 53 213 221 195 59 78 107 0 293 103 28 36 118 204 209 0 0 3 0 0 0 3 0 0 0 0 0 0 0 1 0 0 0 0 0 5 2 3 0 0 44 0 0 0 0 0 3 0 0 0 0 2 0 0 2 0 2 0 2 0 2 0 0 0 0 20 4 0 1 0 0 0 1 0 0 9 3 12 26 1 1 0 0 0 0 18 12 0 8 10 8 9 11 57 62 1 0 0 0 0 0 0 2 0 0 0 0 0 0 0 0 1 0 1 0 0 0 0 0 0 0 0 0 0 0 0 7 0 0 0 0 0 0 0 0 4 14 9 0 1 8 0 6 0 0 18 0 0 0 0 0 26 0 0 0 1 0 15 12 0 6 45 20 18 36 1 12 87 39 26 10 1 31 7 37 0 0 0 0 0 0 0 0 0 0 0 0 0 0 0 0 0 2 41 0 0 0 0 0 0 0 0 0 0 0 0 0 0 0 0 0 0 0 0 1 0 0 2 0 0 0 0 0 0 74 0 0 0 0 3 0 2 0 6 1 0 0 0 0 0 0 0 0 0 0 0 0 0 0 0 15 2 0 0 8 0 0 0 0 0 0 0 0 0 0 
 0 0 0 79 84 76 5 0 74 0 77 4 0 0 0 0 0 61 0 0 324 145 220 84 307 38 61 230 262 163 122 31 293 0 93 33 128 306 62 320 0 0 3 0 0 0 3 0 0 0 57 0 7 0 2 0 0 0 4 0 8 2 3 0 0 0 0 0 0 0 0 3 0 0 0 0 2 12 0 2 0 0 0 5 0 0 0 0 0 0 60 21 0 0 0 0 0 9 0 0 1 0 5 22 41 0 0 19 39 18 0 11 28 51 9 0 9 35 0 9 0 0 0 0 0 0 1 16 0 0 0 0 0 0 0 0 0 0 0 7 8 0 0 0 0 0 0 0 0 0 0 0 0 0 0 0 0 0 0 0 1 0 0 0 0 22 2 6 0 9 1 39 0 0 0 0 5 11 0 14 54 0 0 19 0 0 15 0 17 0 19 10 11 1 4 19 0 24 9 0 0 0 0 0 0 0 0 0 0 0 0 0 0 0 0 0 0 0 0 0 0 11 0 0 0 0 0 0 0 0 0 0 0 0 0 0 0 0 0 0 0 0 0 0 0 0 0 0 60 0 0 2 0 0 7 2 2 11 49 4 0 24 11 0 0 0 0 0 0 0 0 0 0 0 0 0 0 0 0 0 0 0 0 0 0 0 0 0 0 0 
 0 0 0 0 77 6 0 0 0 0 2 73 0 0 2 0 1 0 1 0 158 309 63 72 131 64 120 40 287 133 311 191 103 93 0 180 45 331 70 357 3 4 2 0 4 0 3 3 0 5 0 0 0 4 5 0 0 0 0 0 2 2 3 0 4 51 5 0 0 0 12 6 1 0 0 0 2 2 8 2 0 0 0 0 4 4 0 0 0 0 0 12 0 0 0 0 0 0 0 0 35 29 51 0 13 8 11 29 0 15 25 11 8 0 21 46 4 0 0 16 0 0 0 0 0 0 14 12 0 0 0 0 0 12 10 0 0 0 13 10 52 0 0 0 0 0 0 0 0 0 0 0 0 0 0 0 2 0 0 1 3 0 0 0 11 9 0 0 0 20 3 18 2 0 0 0 0 0 0 0 0 1 0 13 10 22 0 12 7 25 13 11 21 73 14 40 12 11 22 22 0 0 0 0 0 0 2 0 0 0 0 0 0 0 0 0 0 0 8 0 0 0 0 0 0 0 0 2 0 0 0 0 0 0 0 0 0 0 0 0 0 0 0 0 0 0 1 0 0 0 0 0 0 0 17 1 0 82 2 3 15 2 0 0 0 0 0 0 0 0 0 0 0 0 0 0 0 0 0 23 0 0 0 0 0 0 0 0 0 0 
 5 4 3 4 76 75 4 4 4 3 8 79 6 3 5 4 3 3 8 3 546 49 131 114 89 64 191 34 276 271 124 111 28 33 180 0 74 64 120 76 0 0 3 0 0 0 11 0 0 0 3 0 0 0 1 0 0 0 0 0 2 2 3 0 0 0 0 0 0 0 0 3 0 0 31 0 3 2 0 2 0 0 0 0 7 17 0 0 1 0 0 0 0 0 0 0 0 0 1 0 42 45 12 16 0 0 27 5 16 0 13 0 7 13 0 13 27 37 2 0 0 0 0 0 0 0 0 0 0 0 0 0 0 0 0 2 0 0 0 0 2 0 0 0 0 0 0 0 0 2 0 0 0 0 0 0 0 0 0 0 5 0 0 0 0 0 0 0 0 4 2 0 0 0 0 0 0 0 0 0 0 70 58 0 0 0 2 1 28 5 1 0 18 10 19 34 79 20 0 21 0 0 0 0 0 0 0 0 0 0 0 0 0 0 0 0 0 15 0 0 0 0 0 0 2 2 0 0 0 1 0 0 0 0 0 0 0 0 0 0 0 0 29 0 0 0 0 0 0 0 0 0 0 0 0 1 1 74 2 0 11 1 0 0 0 0 0 0 0 0 6 0 0 0 0 0 0 0 0 0 0 0 0 0 0 21 16 0 0 0 
 0 0 0 0 0 0 0 0 72 0 4 0 0 0 0 0 0 0 0 2 140 102 132 547 268 67 35 145 42 491 440 618 36 128 45 74 0 166 21 111 4 0 3 0 0 0 133 65 0 0 73 0 69 0 1 0 0 0 63 0 2 2 3 0 0 1 0 0 0 0 0 53 0 0 0 0 2 0 0 2 0 0 0 0 0 0 0 0 0 0 0 0 0 0 0 0 0 0 0 0 0 9 17 14 10 0 0 0 2 35 8 9 11 19 13 10 0 21 0 0 0 10 0 0 0 0 39 0 0 0 0 0 20 0 15 10 0 0 15 6 0 0 0 15 0 0 0 0 0 0 0 0 0 0 0 0 0 14 0 0 0 0 0 0 0 7 0 0 0 0 12 13 0 0 13 0 44 0 0 0 11 5 10 32 14 8 18 8 0 1 3 18 12 0 0 1 9 18 0 9 13 0 0 0 0 0 9 18 0 0 0 0 26 0 15 12 0 0 0 19 0 0 0 21 0 0 0 0 0 0 1 0 0 0 0 0 0 0 0 0 0 0 20 0 0 0 0 0 0 0 0 0 0 0 19 0 0 1 0 0 4 14 0 0 0 0 0 0 0 0 0 0 0 0 0 0 0 0 0 0 0 4 0 0 0 0 0 0 0 0 
 0 0 0 0 0 1 2 1 0 0 0 0 0 0 0 0 0 0 2 0 46 644 160 67 146 302 42 235 193 220 121 123 118 306 331 64 166 0 311 63 0 0 0 0 3 29 3 0 0 0 0 0 63 0 0 3 0 0 0 0 2 2 3 0 0 0 0 0 3 0 0 3 0 0 0 0 2 0 0 2 0 0 1 0 0 10 0 0 0 0 0 0 0 0 0 0 0 0 0 0 3 11 9 31 37 0 15 11 0 18 8 40 2 26 10 0 17 14 0 10 10 12 2 0 0 0 0 12 1 0 0 0 21 9 9 0 0 12 16 9 0 0 16 6 0 0 0 0 0 0 0 0 0 0 0 0 0 5 0 0 0 0 0 0 0 0 0 4 0 0 0 0 0 0 0 0 7 0 0 4 0 0 4 11 12 33 9 5 2 18 21 18 9 8 20 0 14 44 0 9 0 0 1 0 0 0 18 1 0 0 0 0 2 9 1 2 0 0 9 0 0 0 0 0 0 1 0 0 0 0 0 0 0 0 0 0 0 0 0 0 0 0 0 0 0 0 0 0 0 0 0 0 0 0 13 2 5 1 30 4 5 24 0 0 0 0 34 0 0 0 0 0 0 0 0 0 0 0 0 21 0 19 0 0 0 0 0 0 0 0 
 3 61 29 81 82 1 3 3 45 226 4 3 3 5 3 79 99 166 4 3 26 37 36 64 43 50 45 104 77 119 30 48 204 62 70 120 21 311 0 63 0 0 3 0 0 2 3 0 0 0 0 0 0 0 1 0 0 0 1 0 3 2 3 49 0 0 0 0 0 0 0 3 0 0 0 0 2 0 0 2 0 0 0 40 66 24 0 9 14 0 32 5 0 29 24 26 0 16 0 0 22 2 13 11 0 0 30 62 0 0 0 0 11 0 1 1 0 0 42 20 0 0 0 0 0 0 0 0 0 0 0 0 0 0 0 0 0 0 0 0 0 0 0 0 0 0 1 0 0 0 0 0 0 7 2 0 0 0 0 0 0 9 8 0 8 11 1 0 14 0 52 2 0 0 0 13 20 12 0 0 10 24 18 9 3 0 19 29 0 25 0 0 15 0 17 0 23 0 8 9 0 0 0 0 2 0 0 0 0 0 0 0 0 0 0 0 0 0 0 0 0 0 0 1 0 0 0 0 0 0 1 42 0 0 0 0 0 0 0 0 0 4 0 0 0 0 1 0 0 168 0 0 0 0 4 0 0 0 0 3 4 0 0 0 0 0 0 0 0 0 0 0 0 0 0 12 27 1 0 1 0 0 0 0 0 19 0 0 0 0 
 3 3 3 80 85 3 3 3 3 3 3 23 3 3 3 3 3 33 5 3 35 35 31 53 60 35 152 121 147 77 57 41 209 320 357 76 111 63 63 0 1 0 2 0 0 0 3 0 0 0 63 0 0 0 2 0 62 0 0 0 2 2 3 0 0 1 0 0 0 0 0 3 0 0 0 0 4 0 0 2 0 0 0 6 1 0 0 0 0 0 32 0 0 0 0 0 0 8 0 0 0 1 0 9 0 0 11 0 37 28 13 10 35 19 0 0 20 26 0 8 0 0 0 0 0 0 0 0 0 0 0 0 0 0 0 0 0 0 0 0 0 0 0 0 0 0 0 0 0 0 0 0 0 0 0 0 0 0 0 0 2 0 0 1 0 18 0 3 0 9 2 28 0 0 0 0 2 3 0 0 9 0 14 13 0 0 15 0 52 0 8 0 14 21 0 32 0 27 16 1 0 0 0 0 0 0 0 0 0 8 0 0 8 0 0 0 0 0 1 0 0 0 0 0 2 0 1 0 0 0 0 0 0 0 0 0 0 1 0 0 0 0 0 0 0 0 0 0 30 0 0 0 0 0 8 1 0 1 2 0 2 0 12 0 0 0 7 0 0 0 0 0 0 0 0 0 0 0 0 0 0 0 0 0 0 0 11 0 0 0 
 3 3 3 3 3 0 3 3 3 3 3 3 3 3 3 3 2 3 3 3 0 0 0 0 62 163 1 0 0 10 28 62 0 0 3 0 4 0 0 1 0 314 323 70 32 33 107 142 69 38 116 63 69 66 125 107 25 102 116 274 0 0 2 0 0 0 0 0 0 0 0 1 204 0 0 0 0 0 0 0 0 0 0 0 0 0 0 0 0 0 0 0 0 0 0 0 0 0 0 0 0 0 0 0 12 10 0 0 0 2 0 10 0 0 0 0 1 0 0 0 2 21 16 0 0 15 0 10 33 10 40 3 2 10 0 44 12 37 12 20 0 0 0 0 3 0 1 9 19 0 0 1 0 0 0 0 0 0 5 0 0 0 6 4 0 0 0 0 0 18 0 0 0 0 0 0 0 0 0 0 0 0 0 1 0 10 0 0 0 0 0 3 0 0 0 0 0 0 0 0 9 10 0 0 0 16 0 12 14 0 10 3 9 16 12 0 15 7 11 8 2 0 0 0 0 0 0 0 0 0 0 0 0 0 0 0 0 0 6 0 0 0 10 0 0 0 2 0 0 0 0 10 0 0 0 0 0 60 0 9 0 0 0 0 0 2 0 0 2 0 0 0 0 0 0 0 0 0 0 0 0 0 1 0 5 0 0 0 0 0 
 3 3 3 3 3 0 7 3 4 3 5 3 3 3 3 3 3 66 3 3 0 0 0 0 21 61 0 0 0 2 0 61 0 0 4 0 0 0 0 0 314 0 169 375 168 36 87 133 327 104 36 329 58 288 176 165 98 65 34 48 4 4 4 10 0 0 0 1 0 0 5 0 205 0 0 0 0 4 0 52 0 0 0 0 0 0 0 0 0 0 0 0 0 0 0 0 0 0 0 0 0 0 0 0 0 1 0 0 0 0 0 0 0 0 0 0 0 0 0 0 38 0 12 18 134 19 0 6 28 0 3 17 0 17 0 7 30 43 8 0 0 0 1 0 0 3 14 0 0 0 7 0 18 14 0 0 0 0 15 3 0 0 0 0 2 0 0 0 0 0 0 0 0 0 0 0 0 0 0 22 0 0 0 0 2 7 0 0 0 0 0 0 0 0 0 0 0 0 0 0 0 23 25 15 1 9 15 7 46 15 18 48 0 2 3 17 9 44 0 0 3 37 0 0 11 12 4 0 0 0 0 9 0 14 0 0 0 9 0 0 0 0 0 0 0 0 0 0 0 0 0 9 0 0 0 0 0 0 0 0 0 0 0 0 0 4 7 0 2 0 0 0 0 8 0 9 0 0 0 0 0 0 0 0 0 7 0 0 0 6 
 2 2 2 2 3 0 2 2 2 2 2 2 2 2 2 2 50 2 4 2 2 3 3 3 86 71 3 2 2 3 1 3 3 3 2 3 3 0 3 2 323 169 0 176 52 176 299 108 94 360 168 62 74 306 134 114 127 46 236 98 3 0 0 0 0 0 0 2 0 0 0 2 0 0 0 0 0 0 0 54 0 0 0 0 0 0 0 0 0 0 0 0 0 0 0 0 0 0 0 0 0 0 0 0 0 0 0 1 8 0 0 0 0 0 0 0 0 8 0 0 32 11 47 61 15 9 0 3 25 11 9 53 7 0 9 0 19 32 0 1 0 0 0 0 1 0 3 18 1 0 0 0 11 0 0 0 0 0 3 7 0 0 1 7 1 7 0 0 0 0 0 0 0 0 10 0 0 0 0 0 18 0 0 7 7 0 0 0 0 0 0 0 0 0 0 0 0 0 0 0 19 86 0 14 0 15 0 20 15 23 28 5 0 26 12 10 42 43 7 1 6 0 0 0 4 0 0 0 0 0 0 0 0 0 0 0 0 0 6 0 0 0 1 0 0 0 0 0 0 0 0 4 0 1 0 0 0 0 0 13 0 0 2 0 0 0 0 0 0 0 0 0 0 0 0 0 0 0 0 0 0 0 5 0 4 0 0 0 0 0 
 2 2 11 7 2 0 9 2 2 4 3 6 5 2 5 2 74 2 5 2 0 0 0 0 21 0 2 0 0 0 0 0 0 0 0 0 0 0 0 0 70 375 176 0 106 251 154 150 72 180 66 117 71 99 125 91 98 234 75 63 52 2 0 4 1 0 0 0 0 0 0 0 0 0 0 2 0 1 1 64 0 0 0 0 0 3 0 4 0 9 0 0 0 3 0 4 0 1 3 37 0 0 0 0 0 0 0 0 0 0 0 0 15 0 0 0 0 0 0 0 11 15 7 0 10 1 0 1 0 8 0 39 1 11 1 0 14 33 0 0 0 0 3 0 0 0 0 0 0 0 0 0 0 14 0 0 0 0 6 12 2 5 0 8 0 1 0 0 32 0 0 7 1 23 1 9 5 0 0 0 0 0 0 0 0 0 0 0 0 0 0 0 0 0 0 0 0 0 0 0 0 18 31 33 0 31 6 34 33 0 15 29 0 3 1 22 19 0 0 8 0 0 0 0 0 0 0 0 0 0 0 0 0 0 16 0 0 10 15 2 0 0 18 0 0 0 2 0 0 0 0 11 0 0 0 0 0 0 0 12 0 0 1 0 0 2 2 0 0 0 9 0 0 0 0 0 0 0 0 0 0 0 0 0 0 16 0 0 0 0 
 0 0 0 2 0 0 10 0 0 2 3 0 0 0 0 0 0 0 62 0 0 19 3 0 0 0 0 0 3 0 0 2 0 0 4 0 0 3 0 0 32 168 52 106 0 188 53 67 219 66 143 153 73 168 107 112 63 125 73 58 45 2 0 0 0 0 95 60 0 0 2 0 0 0 0 0 0 0 0 146 0 0 0 0 0 0 0 0 0 0 0 0 0 0 0 0 10 0 0 0 0 0 0 6 2 0 0 13 0 9 0 0 0 0 0 0 0 0 0 0 13 9 0 21 35 21 0 0 1 11 8 0 0 0 4 0 4 2 0 6 0 0 0 0 0 0 16 0 0 0 0 0 21 45 0 0 0 0 0 7 0 0 4 0 6 4 25 0 0 0 0 0 3 0 0 0 0 0 0 0 0 0 0 0 0 0 0 0 0 0 4 0 0 0 0 0 0 0 0 0 0 0 15 0 11 28 0 0 0 20 21 25 0 5 0 0 0 25 3 0 10 6 20 0 0 0 13 4 7 21 0 11 20 2 12 23 0 0 0 0 0 0 0 0 0 0 0 0 0 0 0 6 0 0 0 0 0 0 28 0 0 0 70 0 2 16 2 0 0 0 0 0 0 0 0 0 0 0 0 0 0 0 0 0 8 3 0 0 0 0 
 7 3 3 3 3 0 3 3 3 3 3 3 3 6 3 3 3 3 3 3 0 0 0 2 0 0 0 46 0 0 0 0 0 0 0 0 0 29 2 0 33 36 176 251 188 0 326 101 51 52 112 195 20 58 89 70 56 128 49 40 1 0 1 3 0 0 3 60 0 0 1 0 23 22 77 51 0 0 1 0 3 2 0 0 0 0 1 0 0 0 0 0 1 0 0 0 0 0 0 0 0 0 0 0 0 0 0 0 0 7 0 0 0 0 0 0 0 0 0 0 0 0 0 22 0 20 0 0 7 20 0 12 0 0 8 0 11 0 0 0 12 0 0 6 0 0 4 39 7 0 0 0 42 0 17 0 13 10 13 17 0 0 0 0 0 0 0 0 0 3 0 0 0 1 0 0 0 0 5 0 0 0 0 0 0 0 0 0 0 0 0 0 0 0 0 0 0 0 0 0 0 0 1 7 11 19 0 15 0 33 47 1 0 1 0 0 29 17 0 1 19 0 0 0 0 0 14 0 0 0 0 0 0 10 18 20 0 1 0 12 0 0 0 0 0 0 0 0 0 0 0 9 0 0 0 0 0 0 46 6 0 20 144 2 0 4 1 0 0 0 9 0 0 0 0 0 0 0 0 0 0 0 0 0 7 8 0 0 0 0 
 43 3 3 3 6 0 3 3 3 3 4 3 3 3 3 3 3 3 3 3 3 133 8 31 4 4 4 3 65 69 4 3 3 3 3 11 133 3 3 3 107 87 299 154 53 326 0 78 118 48 49 25 70 211 94 54 124 113 137 91 0 0 0 0 0 0 0 6 0 0 0 0 0 0 0 1 0 0 0 0 0 0 0 0 0 0 0 0 0 0 0 0 0 0 0 0 0 0 0 0 6 5 0 0 0 0 0 6 10 24 7 0 0 3 0 0 5 7 10 0 0 41 9 35 0 0 20 0 0 2 0 7 24 1 12 0 0 0 0 0 0 0 23 0 0 0 0 0 0 0 0 0 0 0 0 0 0 0 0 7 0 0 0 0 0 1 3 0 0 0 0 0 0 0 0 0 0 0 0 0 0 9 14 2 0 4 5 0 0 55 1 8 0 0 3 11 9 0 0 25 64 14 19 13 0 10 0 27 10 10 0 0 2 15 22 3 24 0 0 24 0 0 0 0 0 0 0 0 0 0 0 0 0 0 0 0 0 0 0 0 0 0 7 0 0 0 0 0 0 17 0 10 0 1 0 0 0 0 0 2 0 0 0 0 1 1 0 0 0 0 0 0 0 0 0 0 0 0 0 0 0 8 0 0 0 0 0 0 0 0 
 0 0 0 0 3 0 0 1 0 0 0 0 0 0 0 0 0 1 0 0 1 0 0 2 31 65 0 0 0 66 0 0 0 0 3 0 65 0 0 0 142 133 108 150 67 101 78 0 137 167 93 39 185 174 63 48 36 213 107 131 0 1 5 30 0 0 0 0 0 0 0 4 0 0 0 0 0 6 0 0 0 0 0 0 0 0 0 0 0 0 0 0 0 0 0 0 0 0 0 0 0 0 0 0 0 0 0 0 0 18 0 0 0 0 0 0 0 0 0 0 14 14 38 26 13 0 19 7 20 26 1 9 18 10 21 23 0 38 12 15 0 0 0 0 0 14 0 0 0 0 7 0 10 0 0 0 0 0 0 0 3 0 0 0 0 0 0 0 0 0 0 0 0 0 0 0 0 0 0 0 0 0 0 0 0 2 0 0 0 9 0 0 0 0 0 0 0 0 0 0 24 69 15 11 0 0 0 43 0 0 10 14 14 0 13 16 11 20 0 7 0 0 0 0 8 23 0 0 0 0 16 8 0 0 17 0 0 16 7 1 0 0 20 0 0 0 0 0 0 0 0 5 31 0 0 0 0 0 0 0 0 0 2 0 0 1 39 0 2 1 18 0 0 0 0 8 0 0 0 0 0 0 0 0 0 0 0 0 0 1 
 2 2 2 2 2 0 5 2 2 2 3 2 2 2 2 2 2 2 2 2 0 0 0 0 0 6 12 0 0 0 0 0 0 0 0 0 0 0 0 0 69 327 94 72 219 51 118 137 0 113 35 109 83 453 251 109 37 127 73 99 0 0 0 0 0 0 0 1 0 0 6 0 0 0 0 0 0 0 0 0 0 0 0 0 0 0 0 0 0 0 0 0 0 0 0 0 0 0 0 0 0 0 0 0 19 0 0 0 0 0 0 0 0 0 0 0 0 0 0 0 16 10 12 22 48 12 0 11 13 17 5 0 8 0 10 3 31 0 12 24 0 0 5 0 0 0 16 0 0 0 0 0 15 2 0 0 0 0 5 1 0 0 5 0 6 5 0 0 10 0 0 0 0 0 0 0 0 0 0 0 0 0 0 0 0 0 0 0 0 0 0 0 0 0 0 0 0 0 0 0 12 11 48 5 9 27 11 0 14 5 8 31 0 10 9 0 0 39 0 10 0 16 0 0 0 0 8 0 0 0 0 0 14 20 0 0 0 0 0 3 0 0 0 0 0 0 0 0 0 0 0 7 0 0 0 0 0 1 0 1 0 0 0 0 0 2 2 0 2 0 0 0 0 0 0 0 0 0 0 0 0 0 0 0 0 8 0 0 0 0 
 0 0 0 0 0 51 0 0 0 0 0 0 0 0 0 0 0 0 0 0 6 7 0 2 15 0 0 1 2 0 9 0 0 0 5 0 0 0 0 0 38 104 360 180 66 52 48 167 113 0 281 260 38 110 114 232 127 409 65 151 56 0 0 0 0 0 0 0 0 0 0 1 0 0 1 0 0 0 68 0 0 0 0 0 0 0 0 0 5 0 0 0 0 0 0 0 0 0 0 0 0 0 12 3 0 0 0 4 0 4 0 5 0 0 0 5 0 0 11 0 13 18 8 18 3 0 0 16 6 10 8 10 1 11 3 8 32 24 4 14 0 0 3 0 0 1 0 0 0 0 0 0 0 0 8 6 0 0 15 10 0 0 0 0 0 0 0 0 0 0 0 0 0 0 0 0 6 0 0 0 0 0 0 0 6 0 0 21 0 0 1 0 0 0 0 0 0 0 0 0 0 33 26 32 0 0 13 5 24 1 9 46 0 0 1 16 0 9 0 7 0 0 0 0 0 0 0 16 0 0 0 0 0 0 0 0 0 10 20 4 0 0 9 0 0 0 0 0 0 0 0 1 0 2 0 0 0 0 0 0 0 0 0 80 0 2 0 0 39 0 14 0 0 0 0 0 0 0 0 0 0 3 0 0 0 0 0 0 0 0 
 2 2 1 2 3 0 1 3 2 1 3 2 2 2 3 2 0 3 2 3 2 0 9 4 2 0 61 64 0 73 0 2 0 57 0 3 73 0 0 63 116 36 168 66 143 112 49 93 35 281 0 112 26 109 132 96 101 339 26 82 2 0 2 3 0 0 1 3 3 0 2 0 0 0 52 1 0 7 0 0 0 0 0 1 0 0 0 0 0 0 0 0 0 0 0 0 0 0 0 0 2 4 0 9 0 0 0 0 5 4 6 0 9 12 8 0 2 11 3 0 0 14 4 10 0 8 0 0 28 22 0 1 0 0 3 0 0 0 0 15 0 0 0 0 0 0 0 19 0 0 0 0 18 0 0 0 2 0 0 6 0 0 4 3 0 11 0 0 0 0 14 21 0 0 0 0 0 0 0 0 9 2 0 0 0 0 3 9 0 0 8 0 14 0 7 15 8 2 0 24 0 0 0 0 26 0 28 0 26 10 8 0 0 13 0 16 3 10 0 0 24 0 9 0 0 0 0 0 0 0 0 0 20 0 10 9 0 0 0 0 0 0 4 0 0 0 0 0 0 0 0 4 0 0 0 0 0 1 0 16 0 0 33 0 0 3 0 0 2 0 0 0 0 0 0 0 0 0 0 0 0 45 0 0 8 15 0 6 0 0 
 0 0 0 2 4 0 69 0 1 1 3 2 0 0 1 0 0 0 0 0 0 0 0 0 0 0 0 0 0 0 0 0 0 0 0 0 0 0 0 0 63 329 62 117 153 195 25 39 109 260 112 0 44 110 32 258 313 73 40 54 104 0 0 0 0 0 114 4 0 27 3 22 61 101 26 0 11 0 57 81 0 0 0 0 0 0 0 0 0 0 0 0 0 0 0 0 0 0 0 0 0 0 0 0 0 0 0 0 0 0 0 0 0 0 15 0 0 0 0 0 0 0 0 12 1 9 0 0 0 0 15 8 0 0 0 0 15 0 0 0 20 3 6 40 3 42 15 8 1 0 0 0 10 19 6 0 26 23 7 7 0 0 0 0 0 0 0 0 0 0 0 0 0 0 0 0 0 0 5 0 0 0 0 0 0 0 0 0 0 0 0 0 0 0 0 0 0 0 0 0 0 0 11 0 0 11 0 0 0 33 19 26 0 0 0 0 0 12 0 0 0 7 13 3 0 0 31 4 24 10 9 0 25 21 49 0 3 9 8 42 0 0 0 0 0 0 0 0 0 0 0 10 0 0 0 0 2 0 0 17 0 0 0 64 0 2 1 6 1 0 35 4 0 0 0 0 0 10 0 0 0 0 0 0 0 12 0 0 0 0 
 0 5 0 0 0 0 0 0 0 0 0 0 0 0 0 0 0 0 0 0 0 85 0 0 125 80 1 63 0 69 18 0 0 7 0 0 69 63 0 0 69 58 74 71 73 20 70 185 83 38 26 44 0 70 49 246 49 37 226 214 0 1 3 7 0 0 0 0 0 0 0 16 0 0 0 0 0 3 0 0 0 0 0 0 0 0 0 0 0 0 0 0 0 0 0 0 0 0 0 0 0 0 2 0 39 14 0 0 0 9 13 1 0 0 0 0 0 0 0 0 1 32 0 0 0 0 12 7 0 0 0 0 10 28 50 19 11 9 20 53 0 0 0 4 0 4 0 0 0 0 5 0 19 0 0 0 0 6 0 0 0 0 0 1 0 0 0 0 0 0 0 0 0 0 0 0 0 0 0 0 0 0 15 0 0 7 0 0 0 0 0 10 0 0 0 0 0 0 0 0 25 12 0 8 0 0 13 1 0 0 0 0 35 1 34 24 9 0 12 0 0 0 0 0 9 5 0 0 0 0 0 2 0 0 0 0 0 7 0 0 0 0 0 0 0 0 0 0 0 0 0 10 0 0 0 0 0 68 0 0 0 18 0 0 0 1 7 0 0 0 0 0 0 0 0 2 0 0 0 0 0 9 0 0 0 0 0 0 0 0 
 0 0 0 3 0 4 0 0 0 6 3 0 0 0 0 0 0 0 0 0 0 3 0 7 0 4 0 1 0 0 32 0 0 0 4 0 0 0 0 0 66 288 306 99 168 58 211 174 453 110 109 110 70 0 200 97 59 108 62 202 0 0 0 0 0 0 0 4 0 0 0 0 204 0 0 0 0 0 0 0 0 0 17 0 0 0 0 0 0 0 0 0 0 1 0 0 0 14 0 0 0 0 0 0 4 2 0 0 0 1 0 0 0 0 0 0 0 0 0 0 29 19 37 47 10 20 0 7 42 42 10 13 12 0 13 2 12 2 0 14 0 0 3 0 0 0 3 19 0 0 0 0 23 0 0 1 0 0 0 23 0 0 8 0 5 22 0 0 0 0 0 0 0 0 0 0 0 0 0 0 0 0 0 0 0 3 0 36 0 0 8 0 0 0 12 0 0 0 0 0 4 7 2 16 6 28 3 15 15 47 8 9 0 20 27 0 14 42 3 1 1 0 0 0 11 0 0 0 0 0 0 0 13 0 0 0 0 0 0 0 0 0 0 0 0 0 0 0 0 0 0 9 0 1 0 0 0 0 0 12 0 0 0 0 0 9 0 0 2 0 0 0 0 0 0 0 11 0 0 0 0 0 0 0 0 12 0 3 0 0 
 0 0 0 0 0 0 0 0 0 0 0 0 0 0 0 0 0 0 0 0 2 1 1 0 1 1 1 2 2 1 2 66 1 2 5 1 1 0 1 2 125 176 134 125 107 89 94 63 251 114 132 32 49 200 0 193 42 191 57 244 0 0 0 35 0 2 6 11 0 0 8 2 0 0 0 1 0 5 0 0 0 0 0 0 0 0 0 0 0 11 0 0 3 0 0 0 0 0 0 0 0 0 0 0 0 0 0 0 0 0 0 0 0 0 0 0 0 0 0 0 13 1 42 34 20 15 0 16 30 46 29 17 5 0 65 19 0 22 0 16 0 0 6 0 0 0 12 13 0 0 0 1 12 9 12 3 0 0 3 10 0 0 4 1 3 3 0 0 0 0 0 0 0 0 0 0 0 0 0 0 0 0 0 0 0 0 0 0 0 0 0 0 0 0 0 0 0 0 0 0 26 25 5 15 8 17 0 0 1 37 6 11 0 0 3 0 23 46 0 9 6 0 0 0 0 0 0 0 0 0 0 0 2 0 0 0 0 0 4 7 0 0 24 0 0 0 0 0 0 0 0 0 0 0 0 0 0 0 0 0 0 0 1 0 2 7 0 0 2 0 0 0 0 0 0 0 0 0 0 0 0 0 8 0 4 0 0 13 0 0 
 0 0 0 0 0 3 4 0 0 0 2 0 0 0 0 0 0 0 0 0 1 5 0 0 0 0 0 0 2 0 0 1 0 0 0 0 0 3 0 0 107 165 114 91 112 70 54 48 109 232 96 258 246 97 193 0 137 169 30 277 0 0 0 0 0 2 6 7 0 0 12 1 63 0 0 0 0 3 0 50 0 0 0 0 0 0 0 0 0 0 0 0 0 0 0 0 0 0 0 0 0 0 1 3 0 0 0 1 0 7 0 1 0 0 0 1 0 0 0 0 22 2 10 37 23 2 0 3 4 0 0 37 20 1 5 0 24 6 0 34 0 0 4 0 0 0 14 20 1 0 0 0 0 0 0 18 0 0 0 40 0 0 0 0 0 0 0 0 0 0 0 0 0 0 0 0 0 0 1 0 0 0 0 0 9 0 0 0 0 0 6 0 21 0 0 0 0 0 0 0 19 15 25 6 2 0 0 0 0 22 21 20 0 12 10 0 37 13 0 0 24 21 15 0 0 0 8 26 0 0 0 0 9 13 0 0 0 0 2 8 0 0 0 0 0 0 0 0 0 0 0 6 0 1 0 1 0 0 3 0 0 0 1 1 77 2 0 1 0 0 0 0 0 0 0 0 0 0 0 0 0 0 0 0 0 0 0 14 0 0 
 0 0 0 3 6 3 3 0 0 0 0 0 0 0 0 0 0 0 0 0 1 0 0 0 0 20 0 0 3 0 0 2 0 0 0 0 0 0 0 62 25 98 127 98 63 56 124 36 37 127 101 313 49 59 42 137 0 261 45 53 1 0 0 0 0 0 57 208 0 208 0 0 50 59 0 0 0 0 24 71 0 0 0 0 0 0 0 0 0 0 0 0 0 0 0 0 0 0 0 0 0 0 0 0 0 0 0 0 0 0 0 0 0 0 0 0 0 0 0 0 0 0 5 7 0 23 5 0 0 28 23 30 0 0 0 0 49 10 0 0 0 0 0 0 0 51 12 0 27 0 0 0 1 13 0 14 18 0 0 11 0 0 0 0 0 0 0 0 0 0 0 0 0 0 0 0 0 1 0 0 0 0 0 0 0 0 0 0 0 0 0 0 0 0 0 0 0 0 0 0 0 12 12 15 5 1 0 12 5 30 15 14 0 18 10 10 26 0 0 9 14 26 0 0 0 0 10 14 0 0 0 0 8 14 0 0 0 0 33 22 0 0 16 0 0 0 0 0 0 0 0 2 0 1 0 0 0 0 0 1 0 1 0 0 63 1 19 0 0 0 22 0 50 0 0 0 0 0 0 0 0 2 0 0 2 0 0 0 0 0 
 1 0 0 2 3 5 0 0 0 0 0 0 0 0 0 2 0 0 0 0 1 5 0 2 0 0 0 0 0 0 2 0 0 0 0 0 0 0 0 0 102 65 46 234 125 128 113 213 127 409 339 73 37 108 191 169 261 0 42 307 0 0 3 2 3 11 0 0 0 8 1 1 5 0 3 0 13 51 4 55 0 0 0 0 0 0 0 0 0 0 0 0 0 20 0 0 0 0 0 0 0 0 0 0 0 0 0 0 0 0 0 0 0 0 0 0 15 0 0 0 0 27 11 9 11 0 0 1 2 31 10 28 3 0 22 10 0 6 0 1 0 1 14 10 3 0 0 6 1 0 0 0 13 7 5 6 0 1 0 11 0 0 0 0 15 0 0 0 0 0 0 0 0 0 0 0 0 0 0 0 0 0 0 13 0 0 0 0 0 0 0 0 0 0 0 0 0 0 0 0 0 11 16 13 9 0 0 1 14 12 11 12 0 11 0 9 21 15 0 14 4 0 3 3 0 0 0 0 0 0 9 0 0 0 0 0 19 0 0 12 0 0 8 0 0 0 0 0 0 0 0 5 1 2 0 0 0 0 0 3 0 1 4 2 2 0 2 1 0 0 3 0 0 2 0 0 0 0 0 0 0 3 0 0 0 0 0 12 0 0 
 0 0 0 0 3 0 0 0 0 0 0 0 0 0 0 0 0 0 0 0 0 93 62 80 0 4 0 0 66 63 1 1 0 4 0 0 63 0 1 0 116 34 236 75 73 49 137 107 73 65 26 40 226 62 57 30 45 42 0 86 5 0 0 0 0 12 0 6 3 0 6 10 3 5 18 9 0 0 0 0 0 0 0 0 0 0 0 0 0 0 0 0 0 0 0 0 0 0 0 0 0 0 0 7 0 27 0 18 0 20 0 17 0 1 8 15 1 0 0 0 9 18 0 0 0 0 11 14 0 0 0 0 16 0 4 2 0 1 0 1 0 0 0 0 8 23 0 0 2 6 0 0 0 0 8 0 0 3 0 0 0 0 0 0 0 0 13 0 0 0 0 0 0 0 21 0 1 0 0 4 0 0 3 28 19 0 0 0 0 0 0 5 0 0 0 0 0 0 0 0 13 0 0 11 0 0 7 10 0 0 0 0 10 0 23 15 0 8 9 20 17 0 0 6 0 0 0 0 0 0 0 1 0 0 5 1 5 0 0 0 0 0 0 0 0 0 0 0 0 0 0 1 0 0 1 0 0 0 0 0 0 0 2 0 2 0 2 0 0 0 0 0 0 0 0 0 0 0 0 0 0 13 0 0 0 0 0 0 0 0 
 0 2 0 0 0 0 2 0 0 0 0 0 0 0 0 0 0 0 0 0 0 65 0 0 0 30 1 0 0 0 32 58 0 0 0 0 0 0 0 0 274 48 98 63 58 40 91 131 99 151 82 54 214 202 244 277 53 307 86 0 0 201 0 0 0 0 0 0 0 2 0 5 0 2 0 0 4 2 2 0 0 0 0 0 0 0 0 0 10 0 0 0 0 0 0 0 0 0 0 0 0 0 0 0 16 10 0 0 0 0 0 0 0 0 0 0 0 0 0 0 1 60 39 11 1 0 0 11 7 8 7 0 12 0 8 12 14 1 0 20 0 0 11 0 0 0 0 0 0 0 0 0 0 0 0 0 0 0 0 0 0 0 3 1 0 3 0 0 0 0 0 0 0 0 0 0 0 0 12 0 0 0 0 0 0 0 0 0 3 0 0 0 0 0 15 0 0 0 0 0 28 10 12 19 9 1 13 0 19 0 0 0 26 8 21 5 2 0 9 0 0 0 0 0 0 0 0 0 0 0 0 0 59 0 0 0 0 0 0 0 0 0 0 0 0 0 0 0 0 0 0 7 0 0 0 0 0 32 0 41 0 0 0 0 3 0 1 0 0 0 0 0 0 0 0 0 0 0 0 0 0 0 0 0 0 0 0 0 0 0 
 3 3 4 3 5 1 3 3 3 3 9 3 3 3 3 31 5 7 3 3 4 2 2 2 2 2 2 2 2 2 2 2 5 8 2 2 2 2 3 2 0 4 3 52 45 1 0 0 0 56 2 104 0 0 0 0 1 0 5 0 0 172 66 41 51 69 105 214 103 72 111 323 276 221 159 44 17 20 65 133 0 0 0 3 9 0 0 0 0 0 5 0 0 0 0 0 0 0 0 0 0 0 0 0 0 0 0 0 0 8 0 0 0 0 6 0 0 0 0 6 0 0 0 9 0 0 0 0 0 0 1 0 0 0 0 0 13 19 0 0 1 0 0 2 1 0 0 7 0 7 1 0 0 9 23 0 2 10 26 0 0 0 0 0 0 6 0 0 0 0 0 0 0 0 0 0 0 0 1 0 2 0 0 0 0 0 3 2 0 0 21 0 0 0 2 0 0 0 0 11 0 0 0 25 0 0 0 0 0 0 0 0 0 0 0 0 0 0 0 0 0 0 11 19 2 36 0 30 19 23 1 48 2 0 31 25 13 11 4 0 1 0 0 9 0 0 0 0 0 1 0 0 0 0 1 0 0 0 0 0 0 0 0 31 0 0 3 0 0 0 2 0 0 1 0 82 0 0 0 0 0 0 0 0 0 1 0 0 0 5 
