 0 275 59 51 123 63 103 154 48 30 57 55 153 133 185 48 210 283 101 40 0 0 0 1 0 2 0 1 1 0 0 0 3 3 0 0 0 2 0 1 3 0 0 2 1 2 2 2 0 0 0 0 1 0 0 0 0 0 0 0 0 0 2 0 3 0 0 0 0 0 1 2 0 0 0 0 0 0 0 0 25 0 47 19 15 11 10 0 9 14 35 1 0 9 13 12 0 0 68 24 6 0 20 0 0 0 0 0 0 0 0 0 2 0 0 1 0 1 11 0 0 0 0 0 0 0 0 0 0 0 0 0 0 1 0 0 20 0 0 0 0 0 0 0 0 0 0 0 0 0 0 0 0 0 0 0 0 11 0 0 3 0 20 0 0 0 12 12 0 12 5 7 24 0 9 24 0 2 4 36 0 0 0 0 0 0 2 0 1 0 0 0 0 0 0 0 0 0 0 0 0 0 0 0 0 0 2 0 0 0 0 0 0 0 0 0 0 0 0 0 0 0 0 0 0 0 0 0 0 0 0 0 0 0 0 0 0 0 0 0 0 0 0 0 0 0 0 1 0 0 2 4 0 0 0 0 0 0 0 0 0 0 0 0 0 0 0 0 0 0 0 0 0 0 0 0 19 14 0 0 0 0 0 0 0 0 0 0 0 0 
 275 0 288 72 212 248 184 112 238 147 118 336 315 381 583 98 188 153 342 133 1 0 0 0 0 0 0 1 0 125 0 0 3 3 3 0 0 0 0 2 3 0 0 65 0 0 2 2 0 0 0 0 2 0 0 0 0 5 0 0 0 0 2 0 3 53 0 0 0 0 2 3 0 0 5 0 0 0 0 0 11 69 22 0 17 0 23 41 46 0 0 0 29 28 6 25 28 49 1 35 0 0 0 0 0 0 0 0 0 0 0 0 0 0 1 0 0 0 0 0 24 0 0 0 0 0 0 0 0 0 0 0 0 0 0 0 0 0 0 0 0 0 0 0 0 0 2 30 0 0 9 1 0 0 0 0 0 0 1 0 0 35 15 20 23 0 0 30 50 2 7 42 0 23 13 24 34 47 10 10 17 0 0 0 0 0 0 0 0 0 0 0 0 0 0 0 0 0 0 0 0 0 0 0 0 0 0 0 0 0 0 0 0 0 0 0 0 0 0 0 0 0 1 0 0 2 0 0 0 0 0 0 0 0 0 0 0 0 0 0 0 2 0 0 0 0 89 0 1 0 0 7 0 0 0 0 0 0 0 0 0 0 6 0 0 0 0 0 0 7 0 0 0 0 0 15 8 0 0 0 0 0 0 0 0 0 0 0 0 0 
 59 288 0 292 45 19 99 279 165 145 213 30 137 334 45 146 92 80 32 132 0 0 0 0 0 0 0 1 0 1 0 0 3 3 0 0 0 0 24 73 3 0 0 2 2 0 2 3 0 0 0 0 3 0 0 0 63 3 0 0 0 0 2 0 3 0 0 0 0 0 3 3 0 0 0 0 0 0 0 0 1 23 0 16 25 0 17 12 10 44 0 29 11 2 19 33 50 28 0 0 1 0 0 0 0 0 0 0 0 0 0 0 0 0 0 0 0 0 0 0 0 0 0 0 0 0 0 0 0 0 0 0 0 0 0 0 0 0 0 0 0 0 0 0 0 0 0 20 3 0 0 0 0 0 0 0 0 0 0 0 27 20 0 58 1 0 0 11 59 0 0 39 0 32 0 14 30 26 0 0 0 0 0 0 0 0 0 0 0 0 0 0 20 9 0 0 0 0 0 0 0 0 0 0 0 0 0 0 0 0 0 0 0 0 0 0 0 0 0 0 0 0 0 0 0 0 0 0 0 0 0 0 0 9 0 0 0 0 0 0 0 0 0 0 0 1 0 1 50 0 0 3 15 0 0 0 0 0 2 0 0 0 0 0 0 0 0 0 0 0 0 0 0 0 0 0 0 0 0 0 0 0 0 0 0 0 0 0 0 0 
 51 72 292 0 93 48 254 464 77 66 112 253 66 177 52 113 122 72 79 60 73 1 0 0 0 2 2 1 0 0 77 0 79 7 0 1 0 0 77 72 3 0 0 2 1 1 2 2 0 2 0 6 2 0 0 0 0 0 0 0 0 0 2 0 3 0 0 0 10 0 2 3 0 43 0 0 0 0 3 0 0 2 0 44 32 21 0 0 0 23 49 16 35 41 0 16 2 31 0 0 0 15 0 0 0 0 31 16 0 0 0 0 0 0 14 0 0 0 0 10 0 0 0 13 0 0 0 2 0 0 0 17 0 1 0 0 0 0 0 0 0 0 0 0 0 0 2 0 9 0 0 0 0 0 8 0 0 0 0 0 15 33 8 12 21 10 0 1 3 12 7 2 0 57 1 0 26 0 0 0 0 0 20 0 0 0 9 0 10 0 0 0 26 32 17 0 0 0 17 0 0 0 0 0 0 0 0 0 0 0 0 0 0 0 13 0 0 0 0 0 0 0 0 0 0 2 0 0 0 0 0 0 0 0 0 0 0 0 0 0 0 3 0 0 0 0 98 0 5 3 1 8 0 0 0 0 0 0 0 0 0 0 0 0 0 0 1 0 0 0 0 0 0 0 0 16 0 0 0 0 0 0 0 0 0 0 0 0 0 0 
 123 212 45 93 0 294 45 106 293 148 95 152 65 148 139 71 39 57 99 273 88 0 0 0 4 1 74 3 2 4 2 1 115 3 0 4 3 0 1 1 3 2 0 4 2 0 4 2 64 2 0 2 2 0 3 33 0 0 0 0 0 0 5 0 3 0 0 0 2 0 0 55 0 2 3 7 0 0 0 2 10 16 28 14 33 19 11 13 59 15 34 32 0 0 20 21 15 12 0 0 8 22 0 0 0 0 27 11 0 0 0 1 14 0 0 0 0 0 16 0 0 0 0 0 0 0 0 0 0 0 0 0 0 0 0 0 0 0 0 0 2 0 0 0 0 0 0 0 0 0 5 0 0 0 0 0 0 0 0 9 0 17 1 37 12 10 0 19 23 26 13 35 14 0 0 0 29 28 0 1 0 0 22 0 0 0 28 0 14 0 0 0 7 21 25 0 0 0 38 0 0 0 0 0 0 0 0 0 1 0 0 0 0 0 0 0 14 0 0 0 0 0 0 0 0 0 0 0 0 0 0 1 0 0 0 0 0 0 0 0 0 0 0 0 0 2 173 0 1 92 17 12 0 0 0 0 0 0 0 0 0 0 0 0 0 0 0 0 0 0 0 0 0 1 2 0 0 0 0 0 0 0 0 0 0 0 0 0 0 0 
 63 248 19 48 294 0 21 30 301 128 161 140 47 59 44 80 57 97 40 244 77 0 75 74 0 1 135 75 0 3 0 0 3 4 21 1 2 87 73 108 7 0 3 2 2 3 2 3 0 4 0 0 3 0 3 2 0 3 0 0 2 0 2 3 5 0 3 8 0 0 3 7 0 2 0 3 0 0 0 3 0 0 0 9 0 6 0 11 1 2 1 44 0 0 0 0 13 0 0 0 9 0 1 0 7 0 31 1 0 0 15 7 33 34 21 7 0 17 19 3 0 0 0 0 0 0 0 0 0 0 0 0 0 0 0 0 0 0 0 0 0 0 0 0 0 0 0 7 2 0 0 0 0 0 0 0 0 0 0 0 0 10 0 0 43 22 0 0 1 0 8 18 0 18 3 4 0 0 0 0 7 0 3 0 0 0 25 37 1 8 0 0 27 22 0 0 16 12 17 13 0 0 0 0 0 0 0 0 2 0 21 0 0 0 0 0 0 0 0 0 0 0 0 0 0 0 0 0 0 0 0 2 0 0 0 0 0 0 0 0 0 0 0 0 0 4 4 0 0 87 0 16 0 0 0 0 0 0 83 0 0 0 0 0 0 0 1 0 0 0 0 0 0 0 0 0 0 0 0 0 0 0 0 0 0 0 0 0 0 0 
 103 184 99 254 45 21 0 288 80 36 123 114 305 70 125 204 40 126 368 378 0 3 0 0 0 0 0 2 0 0 0 42 3 3 0 1 0 0 0 1 3 0 0 2 2 0 2 2 0 0 0 0 1 0 0 0 0 0 0 0 0 42 3 0 3 0 0 0 0 0 0 2 0 0 2 1 0 0 0 0 4 26 28 16 14 0 18 8 41 0 0 0 36 52 0 1 0 0 26 21 0 0 0 0 0 0 0 16 0 0 0 0 0 0 0 0 0 0 0 1 0 0 0 0 0 0 0 0 0 1 0 0 0 0 0 9 0 0 0 0 12 0 0 0 0 0 0 0 2 13 1 0 0 0 0 0 0 0 0 0 12 24 15 0 18 0 11 0 0 29 0 0 0 32 24 42 1 0 0 15 0 0 0 0 0 1 0 0 0 1 0 0 0 0 0 0 0 0 0 0 0 0 0 0 0 0 0 0 0 0 0 0 0 2 0 0 0 0 0 0 0 2 11 0 0 0 0 0 0 0 0 0 0 0 0 0 2 0 0 0 0 0 0 0 0 0 0 0 2 0 0 12 0 0 0 0 0 0 0 0 0 0 0 0 0 0 0 0 0 0 2 0 0 0 0 22 0 0 0 0 0 0 0 0 0 0 0 0 0 0 
 154 112 279 464 106 30 288 0 112 143 132 134 71 364 522 394 286 43 265 72 2 0 0 0 0 2 0 1 0 79 0 0 4 12 0 0 0 0 25 2 6 0 0 2 0 0 2 2 4 0 0 0 2 0 0 0 0 4 4 0 0 6 2 0 3 0 0 0 0 6 2 3 0 0 2 1 0 0 0 0 7 41 0 74 29 1 7 0 29 34 6 16 27 33 10 39 0 27 1 25 0 0 0 0 2 0 0 0 0 0 0 0 0 0 0 0 0 0 14 0 0 0 0 0 0 0 0 0 0 0 0 0 0 0 0 0 0 0 0 0 0 0 0 0 0 0 0 0 15 0 0 0 0 0 0 0 0 0 0 0 15 27 0 0 9 0 0 10 40 16 0 26 0 36 0 0 27 14 0 6 0 0 0 0 0 26 0 0 0 0 0 0 22 10 2 0 0 0 0 0 0 0 0 0 0 0 0 0 0 0 0 0 0 0 0 0 0 0 0 0 0 0 0 0 0 0 0 0 0 0 0 0 0 0 0 0 0 0 0 0 0 0 0 0 2 0 0 2 4 1 0 3 0 0 0 0 0 0 0 0 0 0 7 0 0 0 0 0 0 0 0 0 0 1 0 17 0 0 0 0 0 0 0 0 0 0 0 0 0 0 
 48 238 165 77 293 301 80 112 0 166 181 33 107 203 172 66 156 450 110 70 2 0 0 0 0 0 0 0 0 0 0 0 3 3 0 1 0 0 0 1 3 0 0 2 0 0 2 3 0 0 0 0 3 0 0 0 0 0 0 1 0 0 2 0 3 0 0 1 0 0 3 3 0 0 0 6 0 0 0 0 11 43 32 1 15 9 20 15 17 18 30 22 0 0 12 15 5 32 1 10 0 0 0 0 0 0 1 0 0 0 0 0 1 1 0 0 0 0 11 10 0 1 0 0 1 0 0 0 2 0 0 0 0 0 0 0 1 49 0 2 0 0 0 0 2 0 0 0 0 0 4 0 0 0 0 0 0 0 0 0 0 22 23 13 25 0 0 31 29 30 12 27 1 22 0 32 27 37 2 2 0 2 0 0 0 0 11 0 0 0 10 0 0 5 9 0 0 0 10 8 0 0 2 0 0 0 0 0 0 0 0 0 0 10 0 0 0 0 0 0 0 0 0 0 0 0 0 0 0 0 1 0 0 0 0 0 6 0 0 0 0 0 0 0 0 0 86 0 0 88 0 5 0 0 0 0 0 0 0 0 0 0 1 0 0 0 0 0 0 0 0 0 0 0 0 0 19 0 0 0 0 0 0 0 0 0 0 0 0 0 
 30 147 145 66 148 128 36 143 166 0 149 214 62 173 79 188 134 100 86 76 2 2 2 0 0 0 136 2 0 1 0 0 76 76 3 0 0 3 1 62 3 0 13 2 0 0 2 2 0 0 0 0 0 0 0 55 1 1 0 0 0 0 3 2 3 0 0 0 0 0 0 2 0 0 0 0 0 0 0 0 1 8 0 28 0 20 14 10 2 11 10 14 0 0 10 14 38 0 4 0 44 0 0 0 0 0 18 0 0 0 0 0 39 36 25 0 0 0 1 15 0 0 0 0 0 0 0 0 0 0 0 0 0 0 0 0 0 0 0 0 0 0 0 0 0 0 0 0 4 0 0 0 0 0 0 0 0 0 14 0 12 7 0 9 0 0 0 11 22 13 9 17 0 20 0 0 17 10 0 0 0 0 0 0 0 0 17 15 0 0 0 0 0 0 1 0 0 0 23 13 0 2 0 0 0 2 0 0 0 0 0 0 0 0 0 0 0 0 1 0 0 0 0 0 0 0 0 0 0 0 0 0 1 0 0 0 0 1 0 0 0 0 0 0 0 0 0 0 2 3 14 3 8 0 0 0 0 0 0 0 0 0 0 0 0 0 0 0 0 0 0 0 0 0 0 0 15 0 0 0 0 0 0 0 0 0 0 0 0 0 
 57 118 213 112 95 161 123 132 181 149 0 363 49 214 59 225 249 314 310 351 0 0 0 0 0 2 0 2 0 1 0 0 3 212 0 0 0 0 0 0 3 0 0 2 2 0 2 2 0 0 0 0 1 0 0 0 0 0 0 0 0 0 3 0 3 0 0 0 0 0 0 2 0 51 1 0 0 0 1 0 0 51 10 18 14 0 7 30 20 29 27 11 0 28 0 79 41 11 0 28 0 0 0 0 0 0 0 0 0 0 0 0 0 1 0 0 0 0 0 0 0 0 0 1 0 0 0 0 0 0 0 0 0 0 0 0 16 0 0 0 0 0 0 0 0 0 0 0 0 0 0 0 0 0 0 0 0 0 0 0 15 47 39 16 22 0 0 26 15 47 7 2 16 30 10 16 19 14 0 0 0 0 0 0 0 0 0 0 0 0 0 0 0 8 0 0 0 0 14 0 0 0 0 0 0 0 0 0 0 0 0 0 0 0 0 0 0 0 0 0 0 0 0 0 0 0 0 0 0 0 0 0 0 0 0 0 0 0 0 0 0 0 0 0 0 0 86 2 2 0 0 0 0 0 0 0 0 0 0 0 0 0 0 0 0 0 0 0 0 0 0 0 0 0 0 12 0 12 0 0 0 0 0 0 0 0 0 0 0 0 
 55 336 30 253 152 140 114 134 33 214 363 0 28 246 335 146 82 93 32 41 1 0 0 0 0 0 74 1 0 0 0 0 50 4 4 1 0 2 1 89 3 0 0 2 0 3 2 2 0 0 0 6 66 0 0 1 0 0 0 0 0 0 3 1 3 0 0 0 0 0 0 2 0 0 4 0 0 2 5 0 0 11 15 14 20 9 0 9 8 1 9 25 1 19 0 16 0 13 0 0 1 0 16 38 0 0 29 14 0 0 0 1 37 0 13 0 17 7 73 2 0 0 0 0 0 0 12 0 0 0 0 0 0 0 0 0 0 0 0 0 0 29 0 0 0 0 2 0 11 0 0 0 0 0 0 0 0 0 8 0 0 11 12 12 12 0 0 1 0 0 0 0 0 14 0 13 0 14 18 0 0 0 15 0 0 1 1 9 19 2 0 0 33 12 12 0 0 0 18 8 0 0 0 0 0 0 0 0 0 0 0 0 0 1 0 0 0 0 0 0 0 0 0 0 0 2 0 0 0 0 0 0 0 0 0 0 1 0 0 0 0 0 0 0 0 0 1 1 2 2 0 9 0 0 0 0 0 0 0 0 0 0 0 28 0 0 0 0 0 0 0 0 0 0 0 14 0 0 0 0 0 0 0 0 0 0 0 0 0 1 
 153 315 137 66 65 47 305 71 107 62 49 28 0 308 108 44 31 26 291 140 0 0 1 4 4 0 0 0 0 0 0 2 79 36 2 73 0 0 6 7 8 0 0 0 2 6 60 0 6 4 0 0 6 0 6 0 0 0 0 6 0 31 0 0 4 6 4 0 0 0 1 0 6 2 0 0 0 2 0 0 31 8 19 0 0 0 1 9 0 0 14 0 34 16 3 0 22 0 17 37 0 0 0 0 0 0 0 0 0 0 0 0 0 0 0 0 0 0 0 2 0 0 0 0 0 0 0 0 0 2 0 0 0 0 0 0 0 0 0 0 3 14 4 0 0 0 0 0 1 8 2 0 0 0 0 0 0 0 17 0 37 0 0 0 0 0 9 14 0 0 1 0 4 21 0 1 0 0 32 17 0 0 0 0 0 0 0 0 0 0 0 0 0 0 0 0 0 0 0 0 0 0 0 0 0 0 0 0 0 0 0 0 0 0 0 0 0 0 0 0 0 0 28 0 0 0 0 0 0 0 0 1 0 0 0 0 0 0 8 0 0 0 0 0 0 0 0 0 0 0 2 2 0 0 0 0 0 0 0 0 0 0 0 0 0 0 0 0 0 0 0 0 0 0 0 0 0 0 0 0 0 0 0 0 0 0 0 0 0 0 
 133 381 334 177 148 59 70 364 203 173 214 246 308 0 67 127 282 264 90 128 2 0 2 0 0 0 0 1 2 1 0 0 3 3 4 4 0 3 77 0 3 0 0 5 2 0 2 2 0 3 3 0 1 0 0 2 3 0 0 0 0 0 2 0 6 54 0 0 0 0 2 4 0 0 0 0 0 2 0 0 9 36 23 53 52 0 14 36 26 46 43 3 0 1 48 33 0 18 0 0 1 0 0 0 0 0 0 0 0 0 0 0 0 0 0 0 0 0 15 0 0 0 0 0 0 0 0 0 0 0 0 0 0 0 0 0 0 0 0 0 0 0 0 0 0 14 0 0 11 0 9 0 0 0 0 0 0 0 0 0 38 24 13 22 26 0 0 0 72 11 0 36 11 13 0 0 35 20 10 0 0 0 0 0 0 1 0 0 0 2 0 0 4 11 0 0 0 0 0 0 0 0 0 0 0 0 0 0 0 0 0 0 0 0 0 0 0 0 0 0 0 1 0 0 0 0 0 0 0 0 0 0 0 0 6 0 0 0 0 0 0 0 0 0 0 0 2 0 87 0 2 9 25 0 0 0 0 0 0 2 0 0 0 0 0 0 0 0 0 0 0 0 0 0 0 0 0 0 0 0 0 0 0 0 0 0 0 0 0 0 
 185 583 45 52 139 44 125 522 172 79 59 335 108 67 0 213 36 212 100 93 0 0 0 0 1 0 0 2 0 0 1 0 3 3 0 0 1 0 0 2 3 0 0 2 2 0 2 3 0 0 0 1 3 0 0 0 0 0 0 1 0 0 2 0 3 0 0 0 0 0 3 3 0 0 1 0 0 0 0 0 8 15 50 0 30 10 0 6 20 0 41 11 12 10 25 11 1 15 10 18 0 0 0 0 0 0 0 0 0 0 0 0 1 0 0 0 0 0 0 10 0 0 0 0 0 0 0 0 0 0 0 0 0 0 0 0 14 0 0 0 1 0 0 0 0 0 0 0 0 0 0 0 0 0 0 0 0 0 0 0 0 4 26 0 9 0 38 0 0 14 7 1 16 0 10 35 1 13 0 0 0 0 0 0 0 0 9 0 0 0 0 0 0 20 9 0 0 0 14 7 0 0 0 0 12 0 6 0 0 0 0 0 0 0 0 0 0 0 0 0 0 0 0 0 0 0 0 0 0 0 0 0 0 0 0 0 7 0 0 0 0 0 0 0 0 0 1 2 1 87 0 6 0 0 0 0 0 0 0 0 0 0 0 0 0 0 0 0 0 0 0 0 0 0 0 2 1 13 0 0 0 0 0 0 0 0 0 0 0 0 
 48 98 146 113 71 80 204 394 66 188 225 146 44 127 213 0 47 139 275 56 73 0 0 6 0 0 31 0 0 6 0 2 3 4 8 0 2 0 79 5 3 2 2 4 0 4 2 6 0 13 0 0 4 0 0 0 0 3 0 1 0 0 2 1 5 7 0 0 33 1 4 5 0 2 17 0 2 2 0 0 0 10 12 36 47 20 0 19 8 18 0 10 0 30 0 35 0 42 0 0 19 13 0 0 0 0 36 9 0 0 0 0 10 33 16 0 0 0 0 31 0 0 0 0 0 0 0 0 0 0 0 0 0 0 0 0 0 0 1 0 0 0 0 0 0 0 0 0 13 0 0 0 0 0 0 0 0 0 0 0 14 19 11 1 41 10 0 9 0 12 7 0 0 27 0 24 17 7 0 0 0 0 0 0 0 0 13 0 0 0 0 0 18 22 18 0 0 0 45 7 0 0 0 0 0 0 0 0 0 0 0 0 0 0 0 0 0 0 0 0 0 0 0 0 0 0 0 0 0 0 0 0 0 0 0 0 0 0 0 0 0 11 0 0 0 2 95 0 1 87 0 8 0 0 0 0 0 0 0 0 0 0 0 0 0 0 0 0 0 0 0 0 0 0 2 14 11 0 0 0 0 0 0 0 0 0 0 0 0 0 
 210 188 92 122 39 57 40 286 156 134 249 82 31 282 36 47 0 148 115 210 0 0 30 0 0 2 0 1 0 62 0 0 3 4 7 0 0 0 0 2 3 0 0 2 2 0 2 2 0 0 0 0 2 0 0 0 0 6 0 0 29 0 2 0 3 0 31 0 0 0 2 3 0 0 1 0 0 0 0 0 20 35 9 25 0 0 29 11 41 20 3 0 22 1 49 42 0 17 19 29 0 0 0 0 0 0 0 0 0 0 0 0 0 0 0 0 1 0 16 0 0 0 0 0 0 0 0 0 0 0 0 0 6 0 0 0 0 0 0 0 0 0 0 0 0 0 0 0 0 0 30 0 0 0 0 0 0 0 0 0 37 10 8 65 10 0 1 15 36 25 7 43 0 0 13 8 27 19 10 24 0 0 0 0 0 0 0 0 0 0 0 0 0 2 0 0 0 0 0 0 0 0 0 0 0 0 0 0 0 0 0 0 0 0 0 0 0 0 0 0 0 0 0 0 0 0 0 0 0 0 0 0 0 0 8 0 0 0 0 0 0 0 0 0 0 2 87 0 2 1 0 6 19 0 1 0 0 0 0 0 0 0 17 0 0 0 0 0 0 0 0 0 0 0 0 0 8 3 0 0 0 0 0 0 0 0 0 0 0 0 
 283 153 80 72 57 97 126 43 450 100 314 93 26 264 212 139 148 0 198 127 1 60 4 42 0 0 0 1 0 0 6 0 3 83 0 0 0 2 0 2 3 0 0 2 0 0 2 2 0 2 0 0 2 0 0 0 1 0 0 0 0 0 2 0 3 0 0 0 0 0 2 3 0 2 5 0 0 0 0 0 13 30 20 10 11 0 0 19 8 11 16 13 0 18 0 36 31 13 0 7 10 0 0 0 0 0 0 0 0 0 0 0 16 23 0 0 0 0 0 0 0 0 0 0 0 0 0 0 0 0 0 0 0 0 0 0 16 0 2 0 0 0 0 0 0 0 0 0 0 0 0 0 0 0 0 0 0 10 0 0 0 16 43 0 21 13 0 1 0 1 46 14 19 34 33 39 0 7 49 12 0 0 0 0 0 0 0 0 0 0 0 0 0 0 1 0 0 0 1 0 0 0 0 0 0 0 0 0 0 0 0 0 0 0 6 0 0 0 0 0 0 0 0 0 0 0 0 0 0 12 0 0 0 0 0 0 0 0 0 0 0 0 0 0 0 7 4 0 1 9 0 2 0 2 0 0 0 0 0 0 0 0 0 0 0 0 0 0 0 0 0 0 0 0 0 36 29 5 0 0 0 0 0 0 0 0 0 0 0 0 
 101 342 32 79 99 40 368 265 110 86 310 32 291 90 100 275 115 198 0 368 0 0 3 0 1 0 3 1 0 3 1 0 5 6 0 0 0 2 0 2 3 0 0 2 1 0 2 2 0 0 0 3 1 0 0 2 0 2 0 0 0 0 2 0 6 0 0 3 0 0 1 2 0 0 2 49 0 0 0 0 22 37 2 9 0 0 30 0 6 0 14 0 1 32 0 42 1 0 19 29 0 0 0 0 0 0 0 0 0 0 0 0 0 0 0 0 0 0 0 0 0 0 0 0 0 0 0 0 0 0 0 0 0 0 0 0 21 0 0 0 0 0 0 0 0 0 0 0 0 0 0 0 0 0 0 0 0 0 0 0 2 3 23 20 0 0 0 36 0 9 0 0 18 2 26 10 3 7 0 7 0 0 0 0 0 0 0 0 0 0 0 1 0 0 0 0 0 1 0 0 0 0 0 0 7 0 0 0 0 0 0 0 0 0 0 0 0 0 0 0 0 0 0 0 0 0 0 0 2 0 46 0 0 0 0 0 0 0 0 0 0 0 0 0 0 0 89 0 0 0 1 0 0 0 0 0 0 0 0 0 0 0 0 0 0 0 0 0 0 0 0 0 0 0 0 17 18 11 0 0 0 0 0 0 0 0 0 0 0 0 
 40 133 132 60 273 244 378 72 70 76 351 41 140 128 93 56 210 127 368 0 0 0 0 0 0 0 0 1 0 0 0 0 3 3 0 0 0 2 0 1 3 0 0 2 0 0 2 2 0 0 0 0 1 0 0 0 0 0 0 0 0 57 2 0 3 0 0 0 0 0 1 49 0 0 0 0 0 0 0 0 11 18 0 15 1 14 16 0 0 9 0 0 29 49 9 0 0 0 19 21 0 0 0 0 0 0 0 0 0 0 0 0 0 0 0 0 0 0 0 0 0 0 0 0 0 0 0 0 0 0 0 0 0 0 0 0 0 0 0 0 6 0 0 0 0 0 0 0 0 0 0 0 0 0 14 0 0 0 0 0 22 45 39 0 0 0 2 0 0 26 0 0 6 54 9 42 0 0 11 0 0 0 0 0 0 0 0 0 0 0 0 0 0 0 0 0 0 0 0 0 0 0 0 0 0 0 0 0 0 0 0 0 0 0 0 0 0 0 0 0 0 0 0 0 0 0 0 0 0 0 0 0 0 0 0 0 0 0 0 0 0 0 0 0 0 2 2 0 0 0 0 10 0 0 0 0 0 0 0 0 0 0 0 0 0 0 0 0 0 0 0 0 0 0 0 58 13 0 0 0 0 0 0 0 0 0 0 0 0 0 
 0 1 0 73 88 77 0 2 2 2 0 1 0 2 0 73 0 1 0 0 0 169 294 123 71 53 115 265 104 260 157 116 76 106 282 34 94 123 128 141 0 4 2 2 1 0 3 3 0 3 3 0 0 1 0 66 0 110 1 0 0 0 0 0 0 1 0 3 0 0 0 0 1 2 3 0 0 0 0 0 1 0 0 0 0 10 0 0 0 0 10 0 0 0 0 0 0 0 0 0 0 45 12 0 10 10 20 37 1 31 29 0 11 10 40 6 19 17 0 0 0 0 6 0 0 0 0 0 0 0 0 0 0 0 0 0 0 0 8 9 0 0 0 0 0 0 0 0 0 0 0 0 0 0 0 0 4 0 0 0 0 0 0 11 0 13 0 0 11 3 8 0 0 3 0 17 0 0 0 0 0 45 11 16 1 0 9 0 16 11 11 6 11 27 15 17 13 12 7 0 12 0 0 0 0 0 5 0 0 0 0 0 0 0 0 0 0 0 9 0 0 0 0 0 0 0 0 0 0 0 0 0 0 0 0 0 0 14 0 0 0 31 0 0 0 0 71 0 0 0 0 0 0 0 9 1 0 77 1 2 0 10 0 0 0 0 0 0 0 0 0 0 0 0 0 0 0 0 0 0 0 13 0 0 0 11 18 0 0 0 
 0 0 0 1 0 0 3 0 0 2 0 0 0 0 0 0 0 60 0 0 169 0 148 66 33 117 68 141 126 61 190 94 37 49 122 196 162 174 82 43 0 2 0 0 1 0 0 0 0 3 3 0 0 1 0 0 0 1 65 126 0 6 36 0 0 1 0 0 0 0 0 0 0 0 3 0 0 0 0 0 0 0 0 0 0 0 0 0 0 0 0 1 0 0 0 0 0 0 2 13 12 77 0 30 9 0 7 8 33 9 35 14 12 19 17 14 1 0 2 0 0 2 15 0 0 0 10 0 0 0 0 0 15 0 0 0 0 0 8 29 0 0 0 1 0 0 0 2 0 0 0 0 0 13 0 0 0 0 0 0 47 0 0 0 0 14 0 0 0 0 0 0 0 2 2 0 1 0 0 0 27 49 0 5 9 0 9 22 37 21 2 50 9 17 19 17 9 0 0 56 15 0 0 0 0 0 0 1 0 0 0 0 0 0 2 0 0 0 0 2 0 0 0 0 0 0 0 0 0 2 0 0 0 0 0 0 0 0 1 0 0 0 0 0 0 0 0 0 0 0 0 0 0 0 3 2 0 110 0 0 2 0 0 0 0 0 0 0 0 0 0 0 0 0 0 0 0 0 0 0 0 0 0 0 0 17 1 0 0 0 
 0 0 0 0 0 75 0 0 0 2 0 0 1 2 0 0 30 4 3 0 294 148 0 284 169 118 134 440 159 138 411 90 464 192 180 56 126 108 48 181 113 3 0 0 2 1 0 0 0 3 16 113 6 5 22 0 0 0 0 0 0 3 0 4 0 3 0 0 3 0 0 0 0 5 3 1 0 2 0 0 0 0 1 0 0 0 0 0 0 0 0 0 0 0 0 0 0 0 0 0 10 8 25 0 9 14 10 32 10 21 25 1 1 12 25 9 9 20 0 10 0 0 0 0 1 0 9 0 0 0 0 0 0 0 0 0 0 0 9 11 0 0 0 0 0 0 2 0 0 0 0 0 0 0 0 0 2 0 0 0 1 0 0 0 6 0 2 0 0 0 0 0 0 0 4 0 3 0 0 2 10 12 25 48 13 6 0 2 0 24 0 41 0 10 56 62 52 43 0 9 20 0 0 0 0 0 18 0 0 0 0 0 15 0 0 0 0 0 13 0 0 0 0 10 0 0 0 0 0 0 0 0 0 0 0 0 0 0 0 0 0 0 11 0 0 2 0 0 0 0 0 0 0 0 12 0 4 2 6 1 0 0 0 0 0 0 0 0 0 0 0 0 0 0 0 2 0 0 0 0 0 5 0 0 2 0 11 0 0 0 
 1 0 0 0 0 74 0 0 0 0 0 0 4 0 0 6 0 42 0 0 123 66 284 0 122 88 158 182 318 187 131 165 381 199 158 117 180 220 317 223 0 5 0 0 1 10 0 0 0 3 7 0 4 1 14 0 6 1 1 68 0 10 0 0 0 1 0 0 0 0 0 0 0 0 44 0 0 1 0 0 0 1 0 0 0 0 0 0 0 0 0 0 0 0 0 0 0 0 0 0 11 12 19 0 42 0 11 22 1 24 31 2 8 0 77 20 0 2 4 10 0 9 0 0 0 0 1 0 0 0 0 0 24 0 0 0 0 0 20 0 0 0 2 0 0 1 0 0 0 0 0 0 0 0 0 0 7 0 0 0 0 0 0 0 8 0 0 0 0 0 0 0 0 0 3 12 9 0 0 0 10 2 51 26 7 1 0 0 0 28 18 13 0 10 0 21 21 18 0 9 35 0 0 0 0 0 6 0 0 0 0 0 15 0 0 0 0 0 0 0 0 0 0 0 2 0 0 0 0 0 0 0 0 0 0 0 0 0 0 0 0 0 1 0 0 0 0 0 0 0 0 0 0 0 15 0 0 91 8 0 5 16 1 0 0 0 0 0 0 0 0 0 0 0 0 0 0 0 0 8 0 11 0 0 0 0 0 0 0 0 
 0 0 0 0 4 0 0 0 0 0 0 0 4 0 1 0 0 0 1 0 71 33 169 122 0 291 56 155 204 233 154 204 308 174 324 146 118 126 294 269 7 4 0 0 0 0 101 1 0 5 3 0 22 1 2 0 6 3 1 1 0 0 0 0 0 1 0 0 0 0 0 0 0 0 3 0 0 0 0 0 0 0 0 0 0 0 0 0 0 0 0 0 2 0 0 0 0 0 0 0 0 0 11 0 37 14 0 6 0 33 2 0 0 0 0 0 0 1 0 0 24 13 12 0 0 0 0 14 15 8 0 0 20 27 0 0 28 0 21 13 0 0 0 0 0 0 0 0 0 9 0 0 0 0 0 0 3 0 0 0 0 0 0 6 0 0 30 2 6 0 4 0 0 0 0 0 0 0 0 0 0 0 34 22 0 12 0 0 0 1 36 0 0 0 0 6 2 0 0 0 12 0 42 0 0 0 3 58 0 27 0 2 19 1 25 2 0 26 0 32 0 2 0 0 0 0 20 0 0 0 0 0 0 0 0 0 0 0 0 0 0 0 0 0 0 0 0 0 0 0 0 0 0 0 10 0 0 6 0 2 3 20 0 0 0 0 0 0 0 0 0 0 0 0 0 0 0 0 0 16 0 15 0 0 0 0 0 0 0 0 
 2 0 0 2 1 1 0 2 0 0 2 0 0 0 0 0 2 0 0 0 53 117 118 88 291 0 39 52 324 54 103 65 57 58 69 81 138 53 79 120 79 2 62 0 1 0 76 21 31 23 3 0 1 93 0 62 61 1 1 102 0 10 0 0 0 1 0 0 0 0 35 0 0 0 3 0 0 0 2 0 0 0 0 0 0 0 0 0 0 0 0 0 0 0 0 0 0 0 0 0 0 19 10 0 3 13 0 9 0 33 0 0 0 16 16 0 14 23 0 0 17 36 17 22 0 20 12 39 6 0 10 19 55 0 16 58 0 0 18 0 0 0 6 4 0 0 0 0 0 1 0 0 0 0 0 0 1 5 0 0 0 0 0 0 0 0 0 0 0 0 0 0 15 0 0 0 0 0 0 0 0 0 0 8 33 28 0 0 0 51 3 2 0 1 0 0 0 0 0 0 7 14 29 9 14 10 7 2 12 17 14 0 12 9 0 21 31 0 0 0 0 0 0 0 0 1 0 0 0 0 0 0 2 0 0 0 0 0 0 0 0 0 2 0 0 1 0 0 0 0 0 2 0 2 7 0 0 86 9 0 0 1 0 0 0 11 0 0 0 0 0 0 0 0 0 0 0 0 0 0 0 0 1 0 0 0 0 0 0 0 
 0 0 0 2 74 135 0 0 0 136 0 74 0 0 0 31 0 0 3 0 115 68 134 158 56 39 0 94 43 250 30 41 424 50 246 244 27 114 141 127 0 3 0 0 2 0 0 0 0 18 3 0 0 4 0 67 0 0 2 0 0 0 0 0 0 3 0 3 0 0 0 0 0 0 3 0 0 0 0 0 0 0 0 10 0 19 0 0 0 0 0 13 0 0 0 0 0 0 0 0 14 11 8 1 6 23 34 15 0 0 13 13 25 20 19 6 0 0 0 15 0 0 0 0 0 0 1 8 0 0 0 0 0 0 0 0 0 0 0 0 0 0 0 0 0 0 0 4 0 0 0 0 0 10 0 0 0 0 0 0 0 0 0 1 4 26 0 0 0 0 17 12 0 0 4 10 3 0 0 0 9 0 11 0 10 0 42 44 0 0 0 7 34 15 0 14 21 16 56 7 0 0 0 0 0 0 0 0 0 0 0 0 0 0 0 0 0 0 0 0 0 0 0 0 0 0 0 0 0 0 0 0 0 25 0 0 0 0 0 0 0 11 0 0 0 0 85 0 0 72 12 0 0 0 5 0 2 0 78 0 2 0 0 0 0 0 0 0 0 0 0 0 0 0 0 0 0 0 0 0 0 0 0 0 0 0 0 0 0 0 
 1 1 1 1 3 75 2 1 0 2 2 1 0 1 2 0 1 1 1 1 265 141 440 182 155 52 94 0 314 120 93 41 187 70 311 50 60 62 172 120 0 3 5 0 2 0 0 0 0 3 3 25 3 2 4 1 0 0 1 0 0 2 0 2 0 1 0 47 0 0 3 0 0 0 3 0 0 0 0 0 0 0 0 0 0 0 0 10 0 0 1 0 0 0 0 0 0 0 0 0 0 19 15 18 0 14 0 27 10 56 37 1 13 15 25 19 29 15 0 0 0 0 0 0 0 0 22 0 0 0 0 0 1 10 0 0 0 0 16 25 0 0 2 0 7 0 0 0 0 0 0 0 0 0 0 0 0 0 0 0 0 0 0 0 0 0 0 0 0 2 0 0 0 0 0 20 0 0 0 0 0 53 16 13 11 9 7 0 6 7 0 26 0 27 39 35 24 10 0 0 6 0 0 0 0 0 13 0 0 0 0 0 0 1 0 0 0 0 12 0 0 0 2 0 0 0 0 0 0 0 0 0 0 0 0 0 0 0 0 0 0 0 0 0 0 0 0 0 0 0 0 0 0 2 9 0 2 1 41 0 4 0 0 0 0 0 0 0 0 0 0 0 0 0 0 0 0 0 0 0 0 19 0 1 0 17 19 0 0 0 
 1 0 0 0 2 0 0 0 0 0 0 0 0 2 0 0 0 0 0 0 104 126 159 318 204 324 43 314 0 168 162 84 193 195 126 82 43 185 103 88 0 3 0 0 2 43 1 0 0 3 11 0 0 2 16 0 0 0 54 0 0 0 0 0 0 2 0 0 0 0 0 0 0 0 3 0 0 0 0 0 0 0 0 0 0 22 0 0 0 0 1 0 0 0 0 0 0 0 0 0 13 31 22 20 9 14 13 8 24 12 0 11 24 0 0 1 35 14 37 18 0 0 0 0 0 0 19 0 0 0 0 0 0 15 0 0 0 0 14 10 0 0 2 0 0 4 0 0 0 0 0 0 0 1 0 0 3 0 0 0 11 0 0 0 0 23 0 0 0 0 0 0 0 0 0 0 0 0 0 0 24 0 42 31 0 17 16 21 6 0 7 1 18 0 0 8 18 2 0 2 1 0 0 0 0 0 12 0 0 0 0 0 0 0 1 32 0 0 0 0 0 0 2 0 0 0 0 11 0 0 0 0 0 0 0 0 0 0 0 0 0 0 0 0 0 0 0 0 0 0 0 0 0 1 11 0 0 77 0 3 23 11 0 0 0 0 33 0 0 0 0 0 0 0 0 0 0 0 0 10 0 0 0 0 0 0 0 0 0 0 
 0 125 1 0 4 3 0 79 0 1 1 0 0 1 0 6 62 0 3 0 260 61 138 187 233 54 250 120 168 0 415 87 322 151 201 176 152 64 173 420 0 5 0 3 4 0 37 0 0 5 3 0 2 2 4 0 3 4 62 1 0 0 3 0 0 2 0 0 3 0 0 0 35 0 3 0 0 0 0 0 47 1 1 0 0 0 0 0 9 0 0 0 11 0 0 11 0 15 15 10 0 0 33 7 0 17 0 1 0 0 12 24 2 0 0 12 1 0 0 0 16 1 0 0 0 0 0 1 1 2 0 4 0 9 0 0 9 0 11 0 0 0 0 0 0 0 0 1 0 8 2 0 0 0 10 0 0 0 0 0 0 0 2 7 0 0 0 0 8 9 5 15 0 0 0 0 19 11 0 15 0 0 45 29 0 23 0 0 7 0 19 15 0 0 0 12 0 10 0 12 0 13 2 0 0 0 16 3 0 0 0 0 0 1 23 1 1 27 10 27 0 0 0 0 0 0 0 0 1 0 0 0 0 0 0 0 0 0 0 0 0 0 0 0 0 0 0 0 0 0 0 0 0 0 16 0 4 160 0 1 16 0 8 0 0 0 0 0 0 0 0 0 2 0 0 0 0 0 0 13 0 0 0 2 0 0 1 0 0 0 
 0 0 0 77 2 0 0 0 0 0 0 0 0 0 1 0 0 6 1 0 157 190 411 131 154 103 30 93 162 415 0 49 339 88 372 211 193 253 126 139 0 3 0 0 74 3 0 1 0 3 9 3 4 2 5 0 27 3 20 0 0 0 3 0 0 5 0 0 0 0 0 2 15 0 3 0 0 1 0 0 0 0 0 0 0 0 23 0 0 0 0 0 0 0 0 0 0 0 0 0 18 17 31 16 1 20 0 11 11 11 30 11 14 0 10 28 29 18 13 10 0 0 0 0 0 0 45 0 0 0 0 0 0 0 0 0 0 10 7 16 0 0 0 0 0 0 0 0 0 0 0 0 0 1 0 0 6 0 0 0 4 0 0 0 0 0 0 1 0 0 0 0 0 0 0 0 0 0 0 0 23 18 13 24 0 9 14 0 44 7 0 54 7 18 2 26 23 6 0 20 55 0 0 0 0 0 14 0 0 0 0 0 35 0 0 0 0 0 0 0 0 1 0 0 0 0 0 0 0 0 0 0 0 0 0 1 0 0 0 0 0 0 0 0 0 0 0 0 0 0 0 0 0 0 13 4 0 0 0 0 10 1 1 0 0 0 1 0 0 0 0 0 0 0 0 0 0 0 0 0 0 12 0 0 0 18 0 0 0 0 
 0 0 0 0 1 0 42 0 0 0 0 0 2 0 0 2 0 0 0 0 116 94 90 165 204 65 41 41 84 87 49 0 106 66 34 43 174 169 38 239 10 3 0 0 1 1 0 21 1 3 3 0 0 2 37 0 64 0 0 125 0 7 0 0 0 3 0 0 0 0 0 0 0 0 3 0 0 0 1 0 0 0 0 0 0 0 0 0 0 0 0 0 0 0 0 0 0 0 0 0 0 19 0 0 44 52 0 5 21 27 0 0 0 4 17 0 19 0 0 0 8 10 2 0 0 0 8 18 8 1 0 0 0 20 33 29 13 0 43 0 0 0 0 0 0 6 0 0 0 0 0 0 0 0 0 0 8 0 0 0 0 0 0 2 6 0 0 0 1 0 0 0 0 0 0 0 0 0 0 0 19 1 36 16 22 73 0 0 0 19 55 0 0 0 2 5 19 0 0 0 18 0 53 0 0 0 14 31 16 39 23 10 0 9 0 9 15 27 15 22 10 0 0 1 0 0 0 0 0 0 0 0 0 0 2 0 0 0 0 0 0 0 0 0 0 0 0 0 0 0 0 0 0 0 13 4 0 77 2 0 2 28 0 0 0 0 0 0 0 0 0 0 0 0 0 0 1 1 0 0 0 0 1 0 0 0 1 0 0 0 
 3 3 3 79 115 3 3 4 3 76 3 50 79 3 3 3 3 3 5 3 76 37 464 381 308 57 424 187 193 322 339 106 0 325 198 151 32 181 289 135 30 205 0 202 1 13 0 0 0 3 3 18 0 3 3 76 0 0 0 0 0 0 0 0 0 3 0 0 0 0 0 0 5 0 3 0 0 0 0 2 0 0 0 0 3 1 0 0 9 26 10 0 0 0 0 0 31 13 0 0 17 0 19 0 14 26 12 32 7 0 31 12 24 0 0 24 6 10 25 0 0 0 0 0 0 0 1 0 0 0 0 0 0 0 0 0 0 0 0 33 0 0 0 0 0 22 0 0 0 0 0 10 0 10 0 0 3 13 0 0 0 0 0 27 2 0 0 0 10 0 0 0 0 0 4 0 3 14 0 0 30 0 17 0 0 5 0 16 25 0 11 30 28 0 23 29 37 36 10 27 0 0 0 0 0 0 0 0 0 0 0 0 0 0 0 0 0 0 9 0 0 0 0 0 0 0 0 0 0 0 0 0 0 0 0 0 0 0 0 0 0 0 0 0 0 0 0 0 0 2 11 0 0 0 18 2 2 0 77 2 6 9 0 0 0 1 0 0 0 0 0 0 0 0 0 0 0 0 0 0 0 0 0 0 0 0 1 0 0 0 
 3 3 3 7 3 4 3 12 3 76 212 4 36 3 3 4 4 83 6 3 106 49 192 199 174 58 50 70 195 151 88 66 325 0 108 166 111 254 251 243 0 3 0 0 2 0 0 0 0 3 6 0 4 2 207 0 0 0 0 0 0 0 0 0 0 2 0 1 0 0 0 0 7 0 3 0 0 0 0 0 0 0 0 0 0 0 0 0 0 0 0 2 0 0 0 0 0 1 0 0 17 0 17 9 9 31 0 21 14 32 10 7 1 13 11 6 46 8 14 11 0 0 0 0 0 0 0 0 0 0 0 0 12 0 0 0 0 0 7 1 0 0 0 0 0 14 0 0 0 15 1 0 0 0 0 2 6 0 0 0 0 0 1 0 0 0 0 0 2 7 0 0 0 3 0 0 0 0 0 0 21 10 12 31 8 7 13 0 22 15 6 18 0 0 1 19 42 6 0 18 2 0 0 0 0 0 0 0 0 0 0 0 11 0 0 0 0 0 0 0 1 0 0 0 0 0 0 0 0 0 0 0 0 0 0 0 0 0 0 0 0 0 0 0 0 0 0 0 0 0 0 0 0 0 4 1 1 1 0 2 2 9 0 0 0 0 1 2 0 0 0 0 0 1 0 0 1 0 0 0 0 0 0 0 0 0 0 0 0 1 
 0 3 0 0 0 21 0 0 0 3 0 4 2 4 0 8 7 0 0 0 282 122 180 158 324 69 246 311 126 201 372 34 198 108 0 209 122 231 185 143 0 6 0 0 2 0 0 0 0 3 3 0 1 8 3 0 0 1 0 0 0 0 0 0 0 33 0 0 0 0 0 0 0 0 3 0 0 0 0 0 0 0 0 0 0 0 0 0 0 0 0 0 0 0 0 0 0 0 0 0 0 14 0 36 35 16 0 18 64 12 76 0 13 39 17 27 25 13 0 0 0 0 0 0 0 0 0 0 0 0 0 0 0 0 0 0 0 0 0 18 0 0 0 0 0 8 0 0 0 0 0 0 0 0 0 0 0 0 0 0 0 0 0 0 3 0 0 0 0 0 0 0 0 0 0 7 3 0 0 0 34 63 0 0 13 24 10 0 13 19 0 35 0 40 18 40 86 12 0 9 0 0 0 0 0 0 0 0 0 0 0 0 7 0 0 0 0 0 1 0 0 0 0 0 0 0 0 0 0 0 0 0 8 0 0 0 0 0 0 0 0 0 19 0 0 0 0 0 1 0 0 0 0 0 23 0 2 4 152 1 5 0 0 0 0 0 0 0 0 0 0 0 0 0 0 0 0 0 0 0 0 0 0 0 0 29 22 0 0 0 
 0 0 0 1 4 1 1 0 1 0 0 1 73 4 0 0 0 0 0 0 34 196 56 117 146 81 244 50 82 176 211 43 151 166 209 0 302 122 54 153 0 3 0 0 2 0 1 0 0 3 3 0 6 2 0 0 0 0 62 0 0 0 2 0 0 2 0 0 0 0 0 0 7 54 3 0 0 0 0 0 0 0 0 0 16 2 0 0 0 0 11 0 2 0 0 0 0 0 0 0 14 12 11 22 0 11 0 0 10 16 19 20 0 1 10 17 13 1 26 10 0 1 0 0 0 0 18 0 0 0 0 0 0 0 0 0 0 0 18 19 0 0 0 0 0 0 0 4 1 0 0 0 0 0 0 0 0 0 0 0 3 0 0 0 0 8 0 0 0 0 0 0 0 0 0 0 0 0 0 0 13 19 14 0 0 21 15 14 14 70 1 40 0 0 19 26 30 0 1 11 0 0 0 0 0 0 34 0 0 0 0 2 14 0 0 0 0 0 1 7 0 0 0 0 0 0 0 0 0 0 0 0 0 0 0 0 0 0 0 0 0 0 22 0 0 0 0 0 0 0 0 0 0 0 12 0 0 75 1 0 10 0 0 0 0 0 0 0 0 0 0 0 0 0 0 0 0 0 0 11 0 1 0 8 0 0 0 0 0 0 
 0 0 0 0 3 2 0 0 0 0 0 0 0 0 1 2 0 0 0 0 94 162 126 180 118 138 27 60 43 152 193 174 32 111 122 302 0 60 315 38 0 4 2 2 2 0 30 6 1 3 5 0 3 1 2 0 1 4 67 1 0 0 0 0 0 1 0 0 0 2 0 2 0 2 3 26 0 0 0 1 0 0 0 0 0 0 0 0 0 0 0 0 0 0 0 0 0 0 0 0 0 7 0 43 7 13 25 24 23 14 88 24 35 39 39 8 0 17 0 11 9 1 1 0 0 0 0 1 0 13 0 1 12 10 0 0 7 0 11 21 0 0 0 0 0 0 0 0 0 4 0 0 0 0 6 1 0 0 0 0 0 0 0 2 0 0 12 0 5 1 4 0 0 0 0 0 0 0 0 0 33 34 10 18 0 0 5 0 8 21 8 12 24 25 9 1 6 0 0 0 32 37 0 0 0 0 1 8 0 0 0 0 14 0 6 19 0 13 0 33 15 0 0 7 0 0 0 0 0 0 0 0 0 0 2 0 0 2 0 0 0 0 12 0 0 0 0 0 0 0 0 0 0 0 5 0 0 86 0 1 0 0 0 0 0 0 0 0 0 0 0 0 0 0 0 0 0 0 0 0 0 0 0 0 0 54 21 0 0 0 
 2 0 0 0 0 87 0 0 0 3 0 2 0 3 0 0 0 2 2 2 123 174 108 220 126 53 114 62 185 64 253 169 181 254 231 122 60 0 173 192 0 3 0 0 1 2 0 0 0 3 4 3 1 3 5 0 0 1 0 0 0 0 0 0 0 3 0 1 0 0 2 0 6 0 3 0 0 0 0 0 0 0 0 0 1 9 0 0 0 0 0 0 0 0 0 0 0 0 0 0 32 1 30 20 13 29 32 23 31 9 36 14 31 42 13 35 23 15 23 18 0 0 0 0 0 0 11 0 0 0 0 0 0 0 0 0 0 0 13 11 0 0 1 0 0 5 0 0 0 0 0 0 0 0 0 0 12 0 0 1 0 0 0 0 8 0 0 0 0 0 0 0 0 0 24 0 5 0 0 0 49 20 32 28 0 0 16 0 26 6 17 0 13 82 0 21 27 24 0 26 3 0 0 0 20 0 0 0 0 0 0 0 0 0 0 0 0 0 0 0 0 0 1 0 0 0 0 0 0 0 0 0 0 0 0 0 0 0 0 0 0 0 0 0 0 0 0 0 0 0 0 0 0 0 5 0 4 4 4 1 1 4 0 0 0 0 18 0 0 0 0 0 0 0 0 0 0 0 0 0 0 0 0 0 0 31 0 0 0 0 
 0 0 24 77 1 73 0 25 0 1 0 1 6 77 0 79 0 0 0 0 128 82 48 317 294 79 141 172 103 173 126 38 289 251 185 54 315 173 0 438 0 3 0 0 2 0 0 0 0 3 2 0 0 3 0 0 2 0 0 0 0 0 0 0 0 3 0 0 0 0 0 0 9 1 3 0 0 0 0 0 0 0 0 0 18 0 0 0 0 19 0 51 0 0 0 0 0 11 0 2 0 8 20 23 15 11 15 13 14 0 28 12 15 40 43 41 12 0 14 1 0 0 0 0 0 0 0 0 0 0 0 0 0 0 0 0 0 0 0 23 0 0 0 0 0 0 0 0 2 0 2 0 0 0 0 0 0 0 0 0 0 0 2 0 8 0 0 0 18 0 0 14 0 0 3 9 10 0 0 0 13 6 0 2 0 9 21 0 13 10 0 48 58 34 11 34 33 12 0 11 0 0 0 0 0 0 0 0 0 0 0 0 0 0 0 0 0 0 0 0 2 0 0 0 0 0 0 0 0 0 0 0 0 0 0 0 2 0 0 0 0 0 0 0 0 0 0 0 0 0 0 0 0 0 3 0 2 0 6 3 3 0 0 0 0 0 0 0 0 0 0 0 0 0 0 0 0 0 0 0 0 0 0 2 0 10 0 0 0 2 
 1 2 73 72 1 108 1 2 1 62 0 89 7 0 2 5 2 2 2 1 141 43 181 223 269 120 127 120 88 420 139 239 135 243 143 153 38 192 438 0 0 3 0 0 2 0 0 0 0 3 3 0 4 3 0 0 0 0 0 0 0 0 0 0 0 3 0 0 0 0 0 0 7 0 3 0 0 0 0 0 0 0 0 17 0 34 0 0 0 0 0 0 0 0 0 0 0 0 0 0 2 1 12 9 8 11 29 0 0 2 35 9 7 19 42 25 9 20 13 22 0 0 0 7 0 0 0 0 0 0 0 0 0 0 0 0 0 0 0 15 0 0 0 0 0 0 0 0 2 0 0 0 0 0 0 0 0 0 0 0 0 0 0 0 2 0 0 0 0 0 9 0 0 19 0 4 0 0 0 0 10 0 0 11 0 8 27 0 24 30 0 14 1 2 1 9 71 18 21 11 0 0 0 0 0 0 0 0 0 0 0 0 10 0 0 0 0 0 0 0 0 0 0 0 0 0 0 0 0 0 0 0 0 0 0 0 0 0 0 0 0 0 13 0 0 0 0 0 0 0 0 0 0 0 14 0 3 0 76 4 2 0 0 0 0 0 0 0 0 0 0 0 0 0 0 0 0 0 0 0 0 0 0 0 0 0 0 0 0 1 
 3 3 3 3 3 7 3 6 3 3 3 3 8 3 3 3 3 3 3 3 0 0 113 0 7 79 0 0 0 0 0 10 30 0 0 0 0 0 0 0 0 146 149 364 168 232 156 239 26 75 119 236 65 210 122 23 26 163 116 90 1 0 0 3 10 0 0 0 0 1 2 0 0 0 0 0 5 1 4 0 0 0 0 0 0 0 0 0 0 0 0 10 0 0 8 0 0 0 0 0 0 0 0 0 0 16 0 0 0 0 0 0 0 0 0 0 0 0 0 0 32 32 4 34 25 16 3 15 0 11 30 43 6 23 8 39 0 65 0 0 0 0 0 6 0 0 0 0 0 0 0 0 0 0 0 0 0 3 20 0 0 0 10 0 0 0 0 0 0 0 0 0 8 0 0 0 0 0 0 0 0 0 0 0 10 17 8 0 7 0 0 0 0 0 0 0 0 0 0 0 0 0 23 36 29 0 13 17 0 16 35 15 10 19 9 6 40 13 4 11 0 0 0 0 0 0 0 0 0 0 0 0 0 0 0 0 0 0 1 9 0 0 13 0 0 0 0 0 0 0 0 4 0 0 0 0 0 0 0 16 0 0 2 0 2 1 0 0 1 0 0 0 2 2 0 0 0 0 0 0 0 0 0 0 0 14 0 18 0 0 
 0 0 0 0 2 0 0 0 0 0 0 0 0 0 0 2 0 0 0 0 4 2 3 5 4 2 3 3 3 5 3 3 205 3 6 3 4 3 3 3 146 0 114 70 111 75 128 665 26 257 167 32 273 386 130 163 40 366 93 74 1 0 0 0 0 0 0 0 0 0 0 0 4 4 0 0 0 0 2 0 0 0 0 0 0 0 0 0 0 0 0 0 0 0 0 0 0 0 0 0 0 0 0 0 0 0 0 0 0 0 0 0 0 0 0 0 0 0 0 0 0 0 0 8 1 24 0 19 8 8 10 0 0 0 1 10 1 11 0 0 1 4 8 2 0 0 7 0 0 2 0 0 21 0 3 0 6 2 0 0 0 0 5 0 0 0 8 16 0 0 0 0 3 0 9 0 0 0 0 0 0 0 0 0 0 0 0 0 0 0 0 0 0 0 0 0 0 0 0 0 0 8 0 18 4 13 0 11 7 9 18 39 0 11 12 11 16 9 1 0 0 8 0 0 0 0 2 0 10 0 0 0 27 3 7 6 0 0 17 10 0 0 0 0 0 0 0 0 0 0 0 8 0 1 0 0 0 1 0 0 0 0 2 84 0 2 1 35 0 0 2 0 0 0 0 0 0 0 0 0 0 0 0 0 0 0 0 10 0 0 
 0 0 0 0 0 3 0 0 0 13 0 0 0 0 0 2 0 0 0 0 2 0 0 0 0 62 0 5 0 0 0 0 0 0 0 0 2 0 0 0 149 114 0 151 111 47 277 328 127 424 111 35 136 212 106 144 164 328 40 47 0 0 0 3 5 0 53 206 0 0 0 0 206 0 48 0 0 0 25 0 0 0 0 0 0 0 0 0 0 0 0 0 0 7 0 0 0 0 21 0 0 0 0 7 0 0 0 0 7 0 0 0 10 0 0 7 17 0 0 0 9 3 4 32 28 0 0 0 24 0 39 4 9 0 2 5 0 33 6 0 1 0 0 0 17 0 0 0 0 0 0 0 0 0 0 0 0 0 0 4 0 0 0 0 0 0 0 0 0 0 0 0 0 0 0 0 0 0 0 0 0 0 0 0 30 9 0 0 0 0 0 0 0 0 0 0 0 0 0 0 0 6 10 28 29 11 13 13 0 23 10 73 0 3 15 0 85 60 6 13 0 7 0 0 0 0 8 0 0 0 0 0 0 14 0 0 0 0 13 2 0 0 17 0 0 0 0 0 0 0 0 8 0 1 0 0 0 0 15 2 0 0 0 0 0 17 2 0 0 0 0 0 0 0 0 0 0 0 0 0 0 6 0 0 10 12 0 0 0 0 
 2 65 2 2 4 2 2 2 2 2 2 2 0 5 2 4 2 2 2 2 2 0 0 0 0 0 0 0 0 3 0 0 202 0 0 0 2 0 0 0 364 70 151 0 239 264 119 77 58 249 384 147 74 117 135 108 46 59 53 33 99 1 0 18 34 0 101 87 3 0 0 0 144 50 0 0 0 0 56 104 0 0 0 0 0 0 0 0 0 0 0 0 0 0 0 0 0 0 0 0 0 0 0 0 0 0 0 0 0 0 0 0 0 0 0 0 0 0 0 0 0 0 0 0 28 27 15 0 1 0 44 24 0 0 0 22 0 0 0 0 13 0 0 0 0 0 17 15 0 0 0 0 0 9 29 0 0 0 1 11 0 36 0 0 0 0 0 0 0 0 0 0 0 0 0 0 0 0 0 0 20 0 0 0 0 0 0 0 0 0 0 0 0 0 0 0 0 0 0 0 0 1 11 0 15 0 0 0 17 15 8 1 0 0 7 0 0 14 0 0 0 22 10 0 0 0 15 0 17 15 0 0 12 0 23 19 0 0 0 32 0 0 16 0 0 0 0 0 0 0 0 9 0 1 0 0 0 0 0 0 0 0 4 3 64 0 0 0 2 0 0 0 0 0 0 0 0 0 0 0 0 4 0 0 19 9 0 0 0 0 
 1 0 2 1 2 2 2 0 0 0 2 0 2 2 2 0 2 0 1 0 1 1 2 1 0 1 2 2 2 4 74 1 1 2 2 2 2 1 2 2 168 111 111 239 0 177 331 64 56 133 333 418 57 345 67 75 79 82 65 174 50 8 0 0 0 3 46 56 69 6 9 0 67 0 0 3 53 0 3 7 0 0 0 0 0 0 0 0 0 0 0 0 0 0 0 0 0 0 0 0 0 0 0 0 0 0 0 0 0 0 0 0 0 0 0 0 0 0 0 0 0 0 10 10 8 8 0 1 0 0 0 0 0 0 0 1 0 11 0 0 7 0 0 0 0 0 16 0 11 0 12 1 0 0 9 0 0 1 4 0 0 0 0 0 0 0 0 0 0 0 0 0 0 0 0 0 0 0 0 22 0 0 0 0 0 0 0 0 0 0 0 0 0 20 0 0 0 0 0 0 0 0 0 5 0 0 0 9 0 0 11 0 1 1 0 10 4 0 0 0 0 9 28 0 7 12 11 0 0 0 0 0 0 0 9 0 1 9 10 13 0 0 0 0 0 0 0 0 0 0 0 5 0 0 0 0 0 2 0 2 0 0 38 0 0 4 0 0 0 0 0 0 0 0 0 0 0 0 0 0 0 0 0 0 0 0 0 1 0 8 
 2 0 0 1 0 3 0 0 0 0 0 3 6 0 0 4 0 0 0 0 0 0 1 10 0 0 0 0 43 0 3 1 13 0 0 0 0 2 0 0 232 75 47 264 177 0 53 40 44 90 144 184 46 386 268 135 67 126 46 46 49 50 0 0 0 0 50 22 28 0 0 0 50 50 0 53 0 0 1 72 0 0 0 0 6 0 0 0 0 0 0 0 0 0 0 0 0 0 0 0 5 0 4 0 0 0 0 0 0 0 0 0 20 0 0 0 0 9 8 1 0 0 3 35 7 10 0 0 15 0 0 0 0 0 0 0 0 1 0 0 22 0 0 0 0 0 44 0 0 0 0 0 12 0 9 0 0 0 0 0 0 0 0 0 0 0 0 0 0 0 0 0 0 0 6 0 0 17 0 0 0 0 6 2 0 0 0 0 1 0 0 0 0 0 7 0 0 4 0 3 0 14 0 34 12 0 0 13 3 0 0 12 0 0 0 0 31 22 0 0 0 0 12 0 0 0 4 0 17 0 0 0 26 7 14 10 0 17 3 0 0 0 0 0 0 0 0 0 0 0 0 20 2 0 0 0 0 0 0 0 0 29 2 1 0 1 0 1 2 0 0 0 0 0 0 0 0 0 0 0 0 0 0 0 0 0 0 0 0 0 
 2 2 2 2 4 2 2 2 2 2 2 2 60 2 2 2 2 2 2 2 3 0 0 0 101 76 0 0 1 37 0 0 0 0 0 1 30 0 0 0 156 128 277 119 331 53 0 366 114 149 45 25 391 180 112 27 240 161 177 119 0 0 0 0 0 0 0 0 28 0 0 0 0 0 0 0 0 53 0 0 0 0 0 0 0 0 0 0 0 0 0 0 0 0 0 0 0 0 0 0 0 1 0 0 0 2 0 0 0 0 0 0 0 0 0 0 7 0 0 0 31 0 24 1 0 0 0 47 14 23 11 0 19 24 10 56 6 19 0 10 0 0 29 3 0 0 0 0 0 0 0 0 0 0 0 0 0 3 0 0 0 0 0 6 0 0 0 0 6 0 4 0 0 0 0 0 0 0 0 0 0 0 9 8 0 0 0 0 1 0 4 0 0 0 0 0 0 0 0 0 0 0 18 23 0 0 0 45 1 0 13 0 19 29 20 14 34 15 0 13 0 0 0 0 0 0 0 0 0 0 0 0 9 0 0 0 0 0 0 0 0 0 0 0 0 0 0 0 0 0 0 6 0 2 0 0 0 1 0 0 0 0 0 0 0 2 0 0 0 0 1 0 0 0 0 0 0 0 0 0 0 0 0 0 8 0 0 18 0 0 
 2 2 3 2 2 3 2 2 3 2 2 2 0 2 3 6 2 2 2 2 3 0 0 0 1 21 0 0 0 0 1 21 0 0 0 0 6 0 0 0 239 665 328 77 64 40 366 0 131 28 77 29 139 263 80 350 63 251 41 65 0 0 0 0 0 0 0 0 0 0 0 0 0 0 0 0 0 0 0 0 0 0 0 0 0 0 0 0 0 0 0 10 0 0 0 0 0 0 0 0 0 0 0 0 18 5 0 0 0 0 0 8 0 0 0 0 0 0 0 0 22 25 30 4 0 17 5 0 0 0 12 30 41 22 10 20 0 11 1 0 0 0 0 7 0 0 10 0 0 0 0 0 18 0 0 0 0 23 13 0 0 0 13 0 0 0 0 9 0 0 0 0 3 0 0 0 0 0 0 0 0 0 0 0 11 35 0 0 0 0 10 0 0 0 0 0 0 0 0 0 21 11 2 21 36 1 21 3 0 0 1 8 10 10 0 1 14 16 11 4 0 0 0 0 0 0 9 0 17 0 0 0 58 0 0 0 0 0 7 8 0 0 0 0 0 0 0 0 0 0 0 4 0 0 0 0 0 1 0 10 0 0 0 1 0 3 2 3 2 0 0 0 0 6 0 0 0 0 0 0 0 0 0 0 0 0 0 0 0 0 
 0 0 0 0 64 0 0 4 0 0 0 0 6 0 0 0 0 0 0 0 0 0 0 0 0 31 0 0 0 0 0 1 0 0 0 0 1 0 0 0 26 26 127 58 56 44 114 131 0 119 60 44 175 209 170 119 220 122 286 282 0 0 0 0 0 0 54 0 0 0 0 0 1 0 0 0 0 0 2 1 0 0 0 0 0 0 8 0 0 0 0 0 0 0 0 0 0 0 0 0 0 0 0 0 0 0 0 0 0 0 0 0 0 0 0 0 1 0 0 0 1 0 1 0 23 24 0 17 25 42 9 22 2 0 47 38 0 0 0 0 6 0 0 0 0 0 12 1 0 0 0 0 14 13 0 0 0 10 0 15 0 22 0 1 0 0 0 0 1 0 0 0 0 0 0 0 0 0 0 0 0 0 0 0 8 0 0 0 0 0 0 0 0 0 0 0 0 0 0 0 1 19 3 8 10 26 0 29 14 3 20 9 17 9 2 9 9 18 1 1 4 0 0 0 0 14 0 0 29 0 0 0 22 5 0 0 0 0 16 0 0 0 0 0 0 0 0 0 0 0 0 2 0 0 0 0 0 0 0 1 0 0 0 0 1 42 0 1 0 0 30 0 41 0 0 0 0 0 0 0 0 0 0 0 5 13 0 0 0 0 
 0 0 0 2 2 4 0 0 0 0 0 0 4 3 0 13 0 2 0 0 3 3 3 3 5 23 18 3 3 5 3 3 3 3 3 3 3 3 3 3 75 257 424 249 133 90 149 28 119 0 175 44 124 209 486 160 113 85 74 59 0 0 0 0 11 52 77 52 3 0 0 0 50 0 0 0 0 0 54 50 0 0 0 6 0 3 0 0 0 2 0 0 0 0 0 0 0 0 0 0 0 0 0 0 0 0 3 0 0 0 0 0 0 7 0 0 0 0 0 0 0 0 0 0 35 14 0 7 6 21 34 21 11 0 32 41 0 18 0 0 7 0 0 0 0 0 0 0 0 0 0 0 0 9 39 0 0 10 0 1 0 0 0 0 3 3 0 0 0 0 3 0 0 0 0 4 0 0 0 10 0 0 0 0 35 0 4 0 0 0 0 0 0 4 0 0 0 0 4 0 8 10 10 1 0 14 13 4 10 8 45 0 9 9 16 9 15 11 0 15 0 27 0 0 0 0 7 0 13 23 0 0 3 0 0 21 0 0 0 14 0 5 79 0 0 0 11 0 0 0 0 4 0 2 0 0 0 0 0 0 0 0 2 0 74 13 0 0 0 0 10 0 0 0 0 0 0 0 0 0 0 3 0 0 21 13 0 0 0 0 
 0 0 0 0 0 0 0 0 0 0 0 0 0 3 0 0 0 0 0 0 3 3 16 7 3 3 3 3 11 3 9 3 3 6 3 3 5 4 2 3 119 167 111 384 333 144 45 77 60 175 0 125 44 366 306 143 97 54 247 32 0 0 0 0 0 0 0 17 0 0 0 0 22 0 0 0 0 0 288 22 0 6 0 0 1 0 0 0 0 0 0 0 0 0 0 0 0 0 0 0 5 0 0 0 0 0 0 22 0 0 3 0 0 0 10 0 0 2 0 5 0 1 0 20 1 16 0 1 6 0 0 50 0 0 0 0 0 16 0 0 0 0 0 0 5 0 7 10 0 0 0 0 27 0 12 0 0 14 10 0 0 0 4 0 0 0 0 2 0 0 0 1 16 0 0 0 0 3 0 0 3 1 0 11 0 0 0 0 0 3 0 1 0 0 0 1 3 6 0 5 0 7 0 10 0 26 0 0 13 13 0 20 1 0 0 0 10 13 0 0 0 15 1 0 0 0 1 10 10 9 0 0 9 0 0 9 0 0 48 24 0 0 0 0 0 0 0 0 0 0 0 0 0 1 0 0 0 0 0 11 0 0 1 1 4 0 0 34 2 0 14 0 0 0 0 0 0 0 0 0 0 0 0 0 13 0 0 0 0 0 
 0 0 0 6 2 0 0 0 0 0 0 6 0 0 1 0 0 0 3 0 0 0 113 0 0 0 0 25 0 0 3 0 18 0 0 0 0 3 0 0 236 32 35 147 418 184 25 29 44 44 125 0 40 48 32 26 350 195 47 43 52 3 0 2 0 0 49 74 56 0 4 0 152 49 0 0 3 0 50 151 0 0 0 0 7 10 0 0 0 0 7 0 0 0 0 0 0 0 0 19 0 0 4 0 0 0 0 10 0 0 0 0 13 0 0 0 0 8 4 0 0 0 0 0 8 9 0 0 0 0 19 0 1 0 0 9 0 0 0 0 0 0 0 0 0 0 21 6 16 0 0 0 7 0 18 0 1 14 9 0 0 0 0 4 0 0 0 0 0 0 0 0 0 0 0 0 0 0 0 0 0 0 4 0 0 0 4 0 10 0 0 0 2 0 8 0 6 1 33 0 0 7 0 50 0 33 0 0 0 0 0 0 0 0 0 0 0 0 0 0 3 7 31 0 0 0 22 12 14 15 0 0 21 15 28 12 0 0 15 0 0 0 0 0 0 0 2 0 0 0 0 24 0 23 0 0 0 0 0 24 0 0 62 1 66 0 0 1 0 4 17 0 0 0 0 0 0 0 0 0 0 0 0 0 0 0 0 0 0 0 
 1 2 3 2 2 3 1 2 3 0 1 66 6 1 3 4 2 2 1 1 0 0 6 4 22 1 0 3 0 2 4 0 0 4 1 6 3 1 0 4 65 273 136 74 57 46 391 139 175 124 44 40 0 84 67 365 50 141 236 100 0 0 3 3 1 1 0 0 0 6 53 2 0 0 3 1 3 1 2 0 0 0 0 0 0 0 0 0 0 0 0 2 0 0 0 0 0 0 0 0 0 0 0 0 0 0 0 0 0 5 8 0 0 0 10 0 0 0 0 14 33 34 13 24 9 0 9 54 8 28 30 0 0 30 34 16 34 2 0 19 0 9 0 0 0 0 15 0 0 0 0 0 0 0 0 0 0 6 0 0 0 0 0 0 0 0 0 0 0 0 0 0 0 0 0 0 0 0 0 0 11 4 0 5 0 0 0 0 0 11 16 4 0 0 0 2 18 0 0 4 0 41 0 2 24 35 0 20 19 7 10 0 27 20 21 1 0 0 1 4 0 0 0 0 0 0 0 0 0 0 0 0 8 0 0 0 0 0 0 9 0 0 4 0 0 0 0 0 0 0 0 7 0 2 0 1 0 0 0 0 0 0 0 0 2 2 0 0 1 0 11 0 0 0 0 0 0 0 0 0 0 0 0 0 0 0 0 20 1 0 
 0 0 0 0 0 0 0 0 0 0 0 0 0 0 0 0 0 0 0 0 1 1 5 1 1 93 4 2 2 2 2 2 3 2 8 2 1 3 3 3 210 386 212 117 345 386 180 263 209 209 366 48 84 0 99 129 117 128 76 136 0 0 0 0 0 0 0 0 3 0 0 0 0 0 0 0 0 0 2 0 0 0 0 0 0 0 0 0 0 0 0 0 0 0 0 0 0 0 0 0 0 0 0 0 0 0 0 0 0 0 0 0 0 0 0 0 0 0 0 0 13 0 34 43 0 0 10 0 8 0 16 0 13 0 18 21 0 21 0 0 20 0 0 8 0 0 0 10 0 0 0 0 0 0 0 0 0 5 0 9 0 0 0 0 0 0 0 0 0 0 0 0 0 0 0 0 0 13 0 0 0 0 0 0 28 0 2 0 0 0 0 0 0 0 0 0 0 0 0 0 0 34 6 24 11 13 0 22 53 8 37 10 11 14 0 27 61 12 0 0 0 0 0 0 0 0 0 0 3 0 0 0 7 0 0 0 0 0 9 0 0 0 1 0 0 0 0 0 2 0 0 8 49 1 0 0 0 0 0 1 0 0 1 0 0 6 0 64 0 0 0 0 0 0 0 0 0 0 0 0 0 0 0 0 0 10 0 0 0 0 
 0 0 0 0 3 3 0 0 0 0 0 0 6 0 0 0 0 0 0 0 0 0 22 14 2 0 0 4 16 4 5 37 3 207 3 0 2 5 0 0 122 130 106 135 67 268 112 80 170 486 306 32 67 99 0 155 36 121 63 32 0 0 52 3 17 0 0 0 0 0 2 1 0 0 0 0 3 3 0 0 0 0 0 0 1 0 0 0 0 0 0 0 0 0 0 0 0 0 0 0 7 0 7 0 11 0 0 0 0 0 3 0 12 0 3 0 0 39 10 3 5 10 0 0 50 6 6 26 0 10 17 19 0 13 36 19 0 21 0 0 0 0 0 0 0 0 0 0 0 0 0 0 10 0 0 0 0 6 10 0 0 0 3 0 0 0 0 2 0 0 0 0 3 0 0 0 0 0 0 0 5 0 6 9 0 27 0 0 0 5 48 0 0 0 2 0 1 9 0 8 10 0 10 0 0 1 25 17 0 0 21 14 13 0 35 0 0 13 8 23 0 0 0 0 0 0 0 0 0 0 0 0 18 0 0 0 0 0 8 8 0 0 67 0 0 0 0 0 0 26 0 9 0 1 0 0 0 0 0 15 0 0 0 2 1 2 2 0 0 0 23 0 0 0 1 0 0 0 0 2 0 0 0 0 0 7 0 0 0 0 
 0 0 0 0 33 2 0 0 0 55 0 1 0 2 0 0 0 0 2 0 66 0 0 0 0 62 67 1 0 0 0 0 76 0 0 0 0 0 0 0 23 163 144 108 75 135 27 350 119 160 143 26 365 129 155 0 299 49 240 83 0 0 49 0 0 0 0 0 0 0 0 0 0 0 0 0 0 0 1 0 0 0 0 0 0 1 0 0 9 34 0 0 0 0 0 0 34 10 0 0 4 0 0 0 3 0 0 0 1 0 8 7 0 0 9 0 1 0 0 0 3 8 0 9 8 0 10 7 8 20 9 5 20 6 37 1 1 0 0 0 0 0 0 0 0 0 0 0 0 0 0 0 0 0 0 0 0 7 0 9 14 0 0 10 0 0 0 0 10 0 0 0 0 0 0 0 0 10 0 0 0 0 1 0 0 0 0 12 0 0 3 0 0 0 6 0 0 0 10 0 0 15 15 7 20 24 0 2 29 8 20 13 0 8 21 17 9 0 0 1 0 0 0 0 0 0 0 0 2 0 0 0 0 0 0 0 0 0 0 0 0 0 1 0 0 0 0 0 0 0 7 7 0 2 0 0 0 0 0 2 0 0 0 0 2 12 4 63 0 0 8 0 0 0 50 0 0 0 0 0 0 6 0 0 0 1 0 0 0 0 
 0 0 63 0 0 0 0 0 0 1 0 0 0 3 0 0 0 1 0 0 0 0 0 6 6 61 0 0 0 3 27 64 0 0 0 0 1 0 2 0 26 40 164 46 79 67 240 63 220 113 97 350 50 117 36 299 0 106 25 83 53 0 0 2 46 0 110 0 0 0 3 0 1 0 2 0 1 0 50 2 0 0 0 0 0 0 15 0 0 0 0 0 0 0 0 0 0 0 0 0 0 0 0 0 0 0 0 0 0 0 0 0 0 0 0 0 0 0 0 0 0 0 10 8 8 42 0 11 40 0 0 24 10 0 4 6 1 0 12 0 7 0 0 0 8 0 3 1 1 0 0 0 2 19 0 0 0 12 14 13 0 0 0 0 0 0 0 0 0 0 0 0 0 0 0 7 0 0 0 0 0 0 3 0 9 10 0 0 0 0 1 0 0 0 0 0 0 0 0 0 7 2 22 0 9 4 0 0 14 3 7 8 0 16 0 13 13 18 10 0 11 3 0 0 0 0 1 0 16 0 0 0 1 12 0 0 0 0 8 20 0 0 0 0 0 0 0 0 0 0 0 4 0 0 0 0 0 0 0 0 0 0 13 0 2 14 0 0 0 0 0 0 0 0 0 0 0 0 0 0 0 0 0 0 5 14 0 0 0 0 
 0 5 3 0 0 3 0 4 0 1 0 0 0 0 0 3 6 0 2 0 110 1 0 1 3 1 0 0 0 4 3 0 0 0 1 0 4 1 0 0 163 366 328 59 82 126 161 251 122 85 54 195 141 128 121 49 106 0 33 38 0 0 0 0 0 0 0 0 0 0 0 0 0 0 0 0 0 0 0 0 0 2 0 0 14 0 4 0 5 0 0 0 35 0 0 3 0 3 10 3 0 0 0 0 0 0 0 0 0 0 0 0 0 0 0 0 0 0 0 0 2 1 11 14 7 10 0 7 0 11 16 11 0 1 14 10 0 24 0 0 0 10 0 0 0 0 0 1 30 0 0 0 10 0 0 0 0 16 16 1 0 0 10 0 0 0 0 6 1 5 0 46 3 0 0 0 5 5 0 14 0 0 0 0 0 0 0 0 0 0 0 0 0 0 0 0 0 0 12 0 0 0 0 5 0 29 0 20 0 0 12 7 12 0 16 10 6 0 0 0 8 0 0 0 0 0 0 0 0 0 0 0 9 8 0 0 0 0 30 9 0 0 0 0 0 0 0 0 0 0 0 8 0 0 0 0 0 0 0 11 0 9 10 0 2 5 0 1 0 0 10 0 0 0 0 0 0 0 0 0 0 0 0 0 0 0 0 0 0 0 
 0 0 0 0 0 0 0 4 0 0 0 0 0 0 0 0 0 0 0 0 1 65 0 1 1 1 2 1 54 62 20 0 0 0 0 62 67 0 0 0 116 93 40 53 65 46 177 41 286 74 247 47 236 76 63 240 25 33 0 144 1 3 0 0 0 6 0 0 2 9 7 0 0 0 0 4 6 0 0 0 0 0 0 0 0 0 0 24 0 0 0 0 0 0 0 0 0 0 0 0 0 8 0 18 8 0 0 0 10 0 0 0 0 0 0 0 0 48 0 0 0 0 14 0 0 0 16 13 26 6 2 0 0 30 4 15 24 45 0 23 0 0 0 0 0 0 0 0 5 3 12 5 0 0 2 22 0 0 0 0 1 0 0 0 0 0 0 0 0 0 0 0 0 0 0 0 0 0 0 0 0 0 0 14 0 0 4 0 12 0 0 0 0 0 0 0 20 0 0 0 2 53 1 4 0 0 26 13 18 0 15 0 0 26 12 34 0 0 0 44 0 0 0 0 30 3 0 0 0 1 0 0 0 0 0 0 1 7 1 0 0 0 0 0 0 0 0 0 0 0 0 6 0 1 0 0 0 0 1 2 7 0 1 0 0 3 0 0 0 0 2 0 0 0 0 0 0 0 0 0 0 0 0 0 0 0 0 22 2 0 
 0 0 0 0 0 0 0 0 1 0 0 0 6 0 1 1 0 0 0 0 0 126 0 68 1 102 0 0 0 1 0 125 0 0 0 0 1 0 0 0 90 74 47 33 174 46 119 65 282 59 32 43 100 136 32 83 83 38 144 0 0 40 0 0 0 0 0 0 0 51 0 0 0 0 0 0 1 0 0 0 0 0 0 0 0 0 0 0 0 0 0 0 0 0 0 0 0 0 0 6 0 0 0 1 8 0 0 18 0 3 0 0 0 0 0 0 0 0 0 0 54 43 31 0 0 0 0 14 7 37 26 19 31 0 22 66 22 0 24 0 0 0 0 4 0 0 0 0 0 0 0 0 0 0 1 0 0 5 12 0 0 0 0 0 0 0 0 0 0 0 0 0 0 0 0 0 0 0 0 0 0 0 9 0 17 25 0 0 0 24 20 0 0 22 0 0 0 0 0 0 17 12 16 7 14 0 0 0 13 0 10 0 33 19 19 10 17 12 22 18 0 0 0 0 0 0 0 0 0 0 0 0 0 0 0 0 0 0 0 0 0 0 0 0 0 0 0 0 0 0 0 5 0 0 0 0 0 0 0 0 0 0 0 0 0 0 0 0 0 0 0 0 0 0 0 0 0 0 0 0 0 0 0 0 0 0 0 27 0 0 
 0 0 0 0 0 2 0 0 0 0 0 0 0 0 0 0 29 0 0 0 0 0 0 0 0 0 0 0 0 0 0 0 0 0 0 0 0 0 0 0 1 1 0 99 50 49 0 0 0 0 0 52 0 0 0 0 53 0 1 0 0 193 126 48 63 103 261 108 91 173 66 80 331 94 153 106 98 45 26 147 0 0 3 0 0 0 0 0 0 0 0 0 0 0 0 0 0 0 0 0 0 0 0 0 0 0 0 0 12 0 0 0 0 0 0 0 0 0 0 0 0 0 0 0 10 12 0 0 1 0 0 0 0 0 0 0 0 1 0 0 1 13 9 28 6 0 4 0 0 0 19 25 0 1 0 8 4 33 9 0 0 0 0 0 0 0 0 1 0 0 0 19 0 0 0 0 0 0 0 0 0 0 0 0 0 19 0 0 0 0 0 0 0 0 0 0 0 0 0 0 0 0 0 0 0 0 0 0 0 0 0 0 0 0 0 0 0 0 0 0 0 7 0 3 8 0 23 4 5 31 6 33 4 1 10 0 2 5 0 8 1 0 0 0 0 0 0 0 0 0 0 0 0 0 4 0 0 0 0 0 2 0 60 52 0 0 9 0 0 0 13 0 0 3 2 0 0 0 0 0 0 0 0 0 12 1 0 0 4 0 
