 0 68 48 124 130 255 156 162 343 118 38 43 60 47 121 123 115 62 434 17 0 0 0 68 0 3 0 0 2 4 0 0 3 3 0 0 0 2 0 2 2 2 2 1 5 3 20 0 3 0 2 2 2 64 2 2 1 0 3 0 3 0 0 0 0 0 0 0 3 0 0 4 2 0 3 50 0 0 2 1 0 53 10 41 5 0 10 41 0 17 10 18 0 24 24 28 34 33 6 0 0 0 0 0 0 0 17 0 0 0 0 0 1 0 0 0 1 0 2 0 0 0 0 0 0 0 0 0 0 2 15 0 0 0 0 0 0 0 0 0 0 0 0 0 0 0 0 0 0 1 0 5 0 0 0 0 0 0 0 0 7 27 14 0 0 0 0 0 11 12 12 5 9 12 47 10 0 0 0 0 0 0 0 0 0 2 35 0 0 0 0 0 0 0 1 0 0 0 22 0 0 0 0 0 0 0 0 0 0 0 0 0 17 0 0 10 0 0 0 0 0 0 0 0 0 0 0 0 0 0 0 0 0 0 0 1 0 0 0 0 0 1 0 0 0 0 90 0 2 2 16 4 0 0 0 0 0 0 0 0 0 0 0 0 0 2 0 0 0 0 0 0 0 0 0 0 17 19 0 0 0 0 0 0 0 0 0 0 0 0 
 68 0 103 271 120 41 219 287 264 44 260 96 172 147 156 89 235 179 289 125 0 0 0 82 0 0 0 0 2 2 0 0 3 3 1 0 0 2 19 3 2 2 0 0 0 3 0 0 0 0 0 2 0 0 0 2 0 0 0 2 3 0 0 0 0 3 3 0 3 0 0 0 0 0 8 0 0 0 3 0 14 12 5 9 14 22 1 0 57 14 21 0 0 2 0 20 27 31 1 0 5 0 0 0 0 0 12 0 0 0 0 0 0 0 15 0 1 0 0 0 0 0 0 0 0 0 0 0 0 0 0 10 0 0 0 0 0 0 0 0 0 0 0 0 0 0 0 0 0 0 0 4 0 0 0 0 0 0 0 0 15 0 7 19 0 14 9 54 13 0 3 33 0 13 4 8 0 31 17 23 17 38 0 0 0 0 0 0 0 0 0 0 7 0 0 0 0 0 0 10 0 0 0 0 0 0 0 0 0 0 0 0 0 0 28 0 13 0 0 0 0 0 0 0 0 0 0 0 0 0 0 0 0 0 0 0 0 0 0 0 0 9 0 0 0 0 130 0 0 91 2 15 0 0 0 0 0 0 0 0 0 0 12 2 0 0 0 0 0 0 0 0 0 0 0 36 7 18 0 0 0 0 0 0 0 0 0 0 0 0 
 48 103 0 178 133 22 115 80 274 149 45 243 280 72 159 133 123 136 296 37 0 0 0 4 0 0 0 2 2 2 0 0 2 105 2 0 2 4 152 30 7 2 0 2 0 3 0 0 0 0 0 4 0 0 2 0 0 1 0 1 3 0 0 0 0 1 0 1 3 0 0 0 0 0 0 0 0 0 2 0 9 0 8 35 15 0 27 0 51 24 55 3 8 3 27 1 55 11 0 11 0 0 0 0 0 1 21 0 0 0 0 0 8 16 18 0 0 0 77 0 0 17 0 0 0 1 0 0 0 0 2 0 0 0 0 0 0 0 0 0 0 0 0 2 2 0 0 0 0 0 0 0 0 0 0 0 0 4 0 0 36 10 0 14 10 6 10 87 25 3 26 38 3 39 1 20 0 1 23 20 0 9 0 0 0 0 60 0 0 0 2 0 26 0 1 0 0 0 12 15 1 0 0 0 0 0 11 0 0 1 0 0 2 0 2 0 0 0 0 0 0 0 0 0 1 0 0 0 0 0 0 0 0 0 0 0 0 0 0 0 0 17 0 0 0 0 90 0 1 49 11 0 11 0 86 2 0 0 0 0 0 0 0 0 0 0 0 0 0 0 0 0 0 0 0 19 7 0 0 0 0 0 0 0 0 0 0 0 0 0 
 124 271 178 0 115 120 131 256 193 285 64 348 68 98 155 52 31 114 291 47 0 74 0 2 0 0 2 0 3 2 0 0 77 79 78 0 0 2 163 33 2 2 0 2 0 3 0 0 0 5 0 1 0 0 1 3 0 0 2 1 3 2 0 0 0 3 1 0 3 0 0 0 0 0 0 0 0 3 2 50 0 11 0 12 0 20 0 24 29 18 45 17 0 1 6 26 0 21 0 0 0 0 1 0 0 0 0 1 20 10 0 0 15 16 19 0 0 2 27 25 0 0 0 0 0 0 0 1 0 11 0 0 0 0 0 0 0 0 0 0 0 0 0 0 0 0 0 0 0 0 0 0 0 0 0 0 0 0 0 0 0 10 0 0 36 0 0 0 0 20 2 16 0 0 0 14 13 8 0 0 60 9 0 0 0 0 42 0 0 0 0 1 27 4 1 12 0 0 35 16 0 0 0 0 0 0 0 0 0 2 0 0 0 2 0 0 0 0 0 0 0 0 0 0 2 0 0 0 0 0 0 0 0 0 0 0 0 0 0 0 0 0 0 0 0 1 90 0 0 1 0 5 0 0 0 0 0 0 0 0 0 0 0 0 0 0 0 0 0 2 0 0 0 0 0 0 0 0 0 0 0 0 0 0 0 0 0 0 0 0 
 130 120 133 115 0 332 49 175 264 273 96 287 77 179 102 189 173 63 53 82 0 0 73 2 2 0 72 0 2 0 0 0 152 78 75 0 0 75 173 3 2 2 0 2 0 3 0 0 45 0 0 2 0 0 2 1 0 0 0 1 3 0 0 26 0 0 0 43 3 0 0 0 0 0 0 0 0 0 2 0 0 0 37 20 25 0 0 0 8 32 15 1 12 0 15 24 0 10 0 0 9 12 0 0 2 0 18 0 0 0 0 0 14 1 15 0 7 0 31 0 0 0 0 1 0 0 0 0 0 0 0 0 0 0 0 1 0 0 0 0 0 0 0 0 1 0 0 0 0 0 0 4 0 0 0 0 0 0 2 0 0 0 1 0 0 4 0 14 0 13 14 13 0 14 19 6 16 0 6 0 7 7 0 0 0 0 46 0 1 0 0 0 32 0 1 0 0 0 25 0 0 9 0 0 15 0 1 0 0 0 0 0 0 0 0 0 0 0 0 0 0 0 0 0 0 1 0 0 0 0 0 0 0 0 0 0 0 0 0 0 0 0 0 0 9 0 10 0 3 6 0 6 2 14 0 0 0 0 0 0 0 0 0 0 0 0 0 0 0 0 0 0 0 0 0 39 1 41 0 0 0 0 0 0 0 0 0 0 0 0 
 255 41 22 120 332 0 32 300 110 49 146 156 235 65 56 160 381 43 54 40 76 74 60 4 0 0 18 75 2 0 74 0 75 2 137 21 2 2 36 29 2 2 9 2 0 3 0 0 0 0 0 2 0 0 3 2 0 0 0 2 3 0 0 0 0 0 0 0 3 0 0 0 0 0 30 0 0 0 4 0 0 0 17 13 51 28 0 0 0 45 0 1 0 0 0 18 0 0 0 0 23 24 0 0 0 0 23 10 16 9 0 0 59 1 0 17 15 0 0 15 0 0 0 0 0 0 0 0 2 15 0 0 0 0 0 0 0 0 0 0 0 0 0 0 0 0 0 0 0 0 0 4 0 0 0 0 0 0 0 0 0 2 0 0 12 9 0 0 0 26 12 24 0 0 26 13 73 17 0 0 23 23 0 0 0 0 20 29 0 0 0 0 1 10 23 6 14 11 0 12 0 0 0 0 0 0 0 0 0 0 0 7 0 19 0 2 0 0 0 12 0 0 0 2 0 0 0 0 2 0 0 0 0 0 0 0 0 0 0 0 0 0 0 0 0 2 87 1 6 7 2 3 0 0 0 0 0 0 0 2 0 0 0 0 0 0 0 0 0 0 0 0 0 0 0 19 0 31 0 0 0 0 0 0 0 0 0 0 0 0 
 156 219 115 131 49 32 0 214 97 225 52 257 322 247 47 117 75 32 32 443 0 0 0 2 0 0 0 2 2 1 0 4 1 0 0 0 1 2 1 2 2 2 0 2 0 3 0 0 0 0 0 1 0 0 2 0 0 2 0 0 3 0 0 0 4 1 0 0 3 0 0 0 1 0 0 0 0 64 2 0 1 10 0 0 3 3 8 11 38 0 9 1 0 29 0 12 40 25 1 15 0 0 0 0 0 0 0 0 0 0 0 0 0 0 0 2 0 0 0 0 0 0 1 0 0 0 0 0 0 0 0 11 0 0 0 0 0 0 2 0 0 0 0 0 0 0 0 0 0 0 0 0 0 6 0 0 0 0 0 8 16 19 16 16 0 0 33 18 35 10 10 0 0 60 2 0 0 8 25 27 0 0 0 8 0 0 0 0 0 0 0 0 0 0 0 0 0 0 0 0 0 0 0 0 0 0 0 0 0 0 1 0 0 0 0 0 0 0 0 0 0 0 0 0 0 0 0 0 0 0 0 14 0 0 0 0 0 2 0 0 0 0 0 0 0 2 0 0 0 1 4 11 0 0 0 0 0 0 0 0 0 0 50 0 0 0 0 0 0 0 0 0 0 0 0 0 9 0 0 0 0 0 0 0 0 0 0 0 0 0 
 162 287 80 256 175 300 214 0 267 22 56 23 475 286 121 335 258 122 48 132 0 0 0 2 2 0 0 0 2 2 0 2 3 2 0 0 0 2 77 2 2 0 62 2 0 3 0 0 0 0 0 1 0 0 1 0 0 1 0 0 3 0 0 0 0 2 1 0 3 0 0 0 0 0 0 0 0 38 2 0 10 22 47 14 12 31 18 38 12 1 21 1 1 13 0 32 23 17 0 20 0 0 0 0 0 0 1 0 0 0 0 0 19 0 0 0 0 0 10 0 0 0 0 0 0 0 0 0 0 0 0 12 0 0 0 0 0 0 0 0 0 11 0 0 0 0 0 0 0 0 0 0 0 0 0 0 24 0 0 2 0 2 20 1 0 1 0 0 17 4 18 2 0 33 24 36 27 8 12 10 0 0 0 0 0 0 25 0 0 0 0 0 5 0 0 0 0 9 0 0 0 0 0 0 0 0 0 0 0 2 0 0 0 0 0 0 0 0 0 0 0 0 0 0 0 0 0 0 0 0 0 0 10 0 0 0 0 0 0 0 0 0 0 0 0 0 1 2 2 1 4 12 0 0 0 0 0 0 0 0 1 0 28 0 0 0 0 0 0 0 0 0 0 0 0 0 0 0 0 0 0 0 0 0 0 0 0 0 0 0 
 343 264 274 193 264 110 97 267 0 121 352 194 90 142 374 143 51 46 301 273 0 0 2 2 0 2 0 0 2 0 0 76 6 92 0 0 0 2 84 23 2 2 0 0 0 3 0 1 0 0 0 1 0 0 1 1 0 1 0 1 3 0 0 0 0 2 1 0 3 15 0 0 0 0 0 0 0 0 2 0 0 9 11 21 0 0 16 17 31 28 31 12 10 1 26 17 0 11 0 0 0 0 0 0 0 0 1 0 0 0 0 0 12 16 16 0 0 0 17 0 0 0 0 0 1 0 0 0 0 0 0 0 0 0 0 0 0 0 0 0 0 0 0 0 0 0 1 0 1 0 0 0 2 0 0 0 0 2 0 0 1 50 0 0 12 0 2 18 0 14 33 15 10 9 19 20 26 0 5 0 4 9 0 0 0 0 31 0 0 0 0 0 20 0 1 0 0 1 10 11 0 0 2 0 0 0 0 0 0 0 0 0 0 0 0 0 0 0 0 0 0 0 2 0 0 0 0 0 0 0 0 0 30 0 0 0 0 0 0 0 0 0 0 0 0 0 89 2 0 2 0 0 11 0 0 0 0 0 0 0 1 0 0 0 0 0 0 0 0 0 0 0 0 0 0 16 0 0 0 0 0 0 0 0 0 0 0 0 0 0 
 118 44 149 285 273 49 225 22 121 0 107 380 257 88 83 89 276 53 61 101 0 1 0 3 0 2 0 24 2 99 0 0 63 63 0 0 1 35 229 24 2 0 0 0 0 3 0 0 0 0 0 1 0 0 2 2 0 0 0 0 3 0 31 0 0 1 0 0 3 0 0 0 0 0 0 0 0 0 2 0 9 6 21 15 23 17 0 0 27 38 0 14 10 0 0 15 0 3 0 0 0 0 12 0 0 0 9 0 0 0 1 0 0 2 41 1 9 0 17 20 0 0 0 0 0 0 0 0 0 0 0 0 0 0 0 0 0 0 0 10 0 0 21 0 5 0 2 1 1 0 0 0 7 0 0 0 0 0 0 0 0 0 14 34 52 13 0 12 0 19 3 26 0 0 0 13 13 17 0 0 21 45 0 0 0 0 12 2 0 0 0 0 24 0 0 0 0 1 51 12 0 0 0 0 0 0 0 0 0 22 0 21 0 0 0 0 0 0 0 0 1 0 0 0 0 0 0 0 0 0 0 0 0 0 0 0 0 0 0 0 0 10 0 0 0 2 2 0 1 172 0 6 0 0 0 0 0 0 0 0 0 0 0 0 0 0 0 0 0 0 0 0 0 0 0 0 0 0 0 0 0 0 0 0 0 0 0 0 0 0 
 38 260 45 64 96 146 52 56 352 107 0 52 124 102 232 273 369 158 54 46 0 0 0 2 0 3 4 74 2 1 3 0 0 0 0 3 0 74 0 2 2 2 0 2 0 3 34 0 0 2 0 2 0 0 3 0 0 0 3 0 3 0 0 0 0 0 0 0 3 0 0 0 0 0 0 0 0 0 2 0 37 16 59 42 7 20 53 0 15 52 44 30 7 0 34 24 41 27 0 20 0 0 0 0 0 0 28 0 0 2 0 0 7 0 0 0 0 0 1 2 0 0 0 0 0 0 0 0 0 0 0 12 0 0 0 0 0 0 0 0 2 0 0 0 0 0 0 0 0 0 0 0 0 0 0 0 0 9 0 0 14 20 34 30 25 8 0 40 17 3 31 26 36 40 21 21 3 0 62 2 2 20 1 2 0 0 20 0 0 2 0 0 0 1 0 0 0 0 14 0 0 0 0 0 0 0 0 0 1 0 0 0 0 0 0 0 0 0 0 0 0 2 0 0 0 0 0 0 0 0 0 0 0 0 0 0 1 0 2 0 0 7 0 0 0 2 4 0 2 3 46 5 3 0 0 0 0 0 0 1 0 0 0 0 0 63 0 0 0 0 0 0 0 0 0 25 13 0 0 0 0 0 0 0 0 0 0 0 0 0 
 43 96 243 348 287 156 257 23 194 380 52 0 105 268 41 134 186 65 30 45 44 76 85 5 0 0 0 95 4 3 0 0 78 231 24 41 0 5 137 363 2 2 1 1 1 3 2 0 0 0 0 2 0 1 1 6 0 0 0 2 4 0 0 0 0 5 1 0 3 4 0 0 0 0 0 0 0 0 2 5 0 14 5 35 43 18 0 24 0 21 16 24 2 0 0 21 0 21 0 0 18 21 0 0 0 0 64 0 18 8 0 0 21 24 17 2 14 0 54 36 0 0 0 0 0 1 0 0 0 0 0 0 0 0 0 0 0 0 0 0 1 0 0 0 0 0 0 0 0 0 0 5 0 0 0 24 0 0 0 0 0 0 0 0 21 15 0 0 0 10 0 14 0 0 1 23 0 0 0 0 8 9 2 11 0 0 62 1 0 0 0 0 17 0 14 9 0 0 58 11 0 0 0 0 0 0 0 0 2 0 0 0 0 0 0 0 0 0 0 0 0 0 0 0 0 0 0 0 0 0 0 0 0 0 0 0 0 0 0 0 0 0 0 0 0 2 109 0 100 45 0 8 0 0 0 0 2 0 0 0 0 0 0 0 0 0 0 0 0 0 0 0 0 0 0 11 0 20 0 7 0 0 0 0 0 0 0 0 0 0 
 60 172 280 68 77 235 322 475 90 257 124 105 0 577 126 136 362 170 312 155 0 0 2 2 0 0 200 0 4 2 0 0 2 0 0 0 0 2 0 39 2 2 0 1 0 3 0 0 0 0 0 1 0 0 1 0 0 0 0 0 3 0 0 0 0 3 2 0 3 0 0 0 0 0 0 0 0 0 2 0 39 2 0 0 0 25 18 23 61 1 0 0 0 19 1 13 13 31 14 1 0 0 0 0 0 0 0 2 0 0 0 0 0 0 0 0 0 0 0 0 0 0 0 0 0 0 0 0 0 0 0 13 0 0 2 0 0 0 0 0 0 0 0 0 0 0 0 0 0 0 0 0 0 0 0 0 0 4 0 0 51 11 24 19 0 0 11 42 38 35 2 0 0 8 0 13 15 23 26 36 17 0 0 0 0 0 0 0 0 0 0 0 0 0 0 0 0 0 0 0 13 0 0 0 0 0 0 0 0 0 0 0 0 0 0 0 0 0 0 0 14 0 0 0 0 12 0 0 0 0 0 0 0 0 0 0 0 0 0 0 0 9 0 0 0 0 1 0 4 1 0 5 0 0 0 0 0 0 0 0 0 0 13 0 0 0 10 0 0 0 0 0 0 0 0 0 0 0 0 0 0 0 0 0 0 0 0 0 0 0 
 47 147 72 98 179 65 247 286 142 88 102 268 577 0 231 143 43 50 156 423 0 0 2 2 0 0 2 0 4 1 1 0 3 2 0 0 0 2 0 2 2 2 0 67 0 3 0 0 0 0 0 1 0 0 66 0 66 0 0 0 3 0 0 0 0 3 3 0 3 0 0 0 0 0 0 0 0 0 3 0 0 24 9 11 14 0 1 7 101 0 1 0 0 42 10 32 9 12 10 66 0 0 0 0 0 0 0 0 0 1 0 0 0 0 0 0 49 0 5 1 0 0 0 0 0 0 0 0 0 0 0 10 0 0 0 0 0 0 0 0 0 0 0 0 0 0 0 0 0 0 0 0 0 9 0 0 0 0 0 7 17 0 20 1 10 3 48 21 1 1 10 0 0 22 6 1 13 11 24 66 0 0 2 1 0 0 0 0 0 1 0 0 11 0 0 0 0 0 0 1 0 0 0 0 0 0 0 0 2 0 0 0 0 0 0 0 0 0 0 0 0 1 0 0 0 0 0 0 0 1 0 0 0 0 0 0 2 0 1 0 0 4 0 0 0 0 0 0 4 2 0 9 0 0 0 0 0 1 0 0 0 0 12 0 0 0 0 0 0 0 0 0 0 0 0 0 1 0 0 0 0 0 0 0 0 0 0 0 0 0 
 121 156 159 155 102 56 47 121 374 83 232 41 126 231 0 385 172 30 220 225 2 0 3 2 0 0 0 3 2 2 0 0 2 2 35 0 0 4 74 3 3 2 0 2 1 3 0 8 0 1 0 0 0 0 0 1 6 0 0 2 3 0 6 0 4 3 2 0 7 0 4 0 2 0 0 52 0 0 2 0 0 32 9 36 9 0 0 46 54 0 26 15 13 29 39 25 14 23 28 14 0 0 0 0 0 0 0 0 1 0 1 0 0 0 0 0 0 0 14 0 0 0 0 0 0 0 0 0 0 0 0 0 0 2 0 0 1 0 0 0 0 0 0 0 0 0 0 2 0 0 1 0 0 0 0 0 2 5 0 12 63 0 0 0 29 5 31 7 43 0 2 0 10 0 14 19 2 2 15 24 0 0 0 0 0 0 0 0 0 0 0 13 11 0 0 0 0 0 8 0 0 0 0 0 0 0 0 2 0 0 0 0 0 0 0 0 0 0 0 0 1 0 0 0 0 0 0 0 0 0 0 0 0 0 0 0 0 0 0 0 0 0 0 0 0 2 3 0 0 2 0 4 0 0 0 0 0 0 0 0 0 0 0 0 0 1 0 0 0 0 0 0 0 0 0 0 1 0 0 0 0 0 0 0 0 0 0 0 0 0 
 123 89 133 52 189 160 117 335 143 89 273 134 136 143 385 0 228 204 45 57 2 0 0 4 5 3 0 6 10 2 0 3 2 3 5 0 75 2 138 5 5 0 3 6 0 5 0 0 0 0 0 0 0 0 3 2 0 0 0 0 3 0 0 0 0 6 2 0 3 7 5 8 0 0 5 3 4 0 2 0 10 29 23 33 43 0 27 0 7 11 30 28 24 10 0 1 15 40 0 28 0 0 0 0 0 0 17 0 0 0 7 0 14 0 0 0 0 0 17 0 0 0 0 0 0 0 0 13 0 0 0 0 0 2 0 0 0 0 0 0 0 0 0 0 0 0 0 0 0 0 0 0 0 0 1 0 2 0 0 1 18 38 15 0 0 23 0 0 25 12 19 19 1 10 83 33 13 21 28 0 9 0 0 0 0 0 8 0 0 0 0 0 25 0 0 0 0 0 0 9 0 0 0 0 0 0 0 2 0 0 0 0 0 0 0 0 0 0 0 1 0 0 0 0 0 0 0 0 0 0 0 1 0 0 0 0 0 0 0 0 0 0 0 0 0 0 2 0 0 173 16 12 0 0 0 0 0 0 0 0 2 0 10 0 0 0 0 0 0 0 0 0 0 0 0 0 0 0 0 0 12 0 0 0 0 1 0 0 0 0 
 115 235 123 31 173 381 75 258 51 276 369 186 362 43 172 228 0 354 133 81 0 2 0 2 2 0 0 0 2 1 0 74 3 75 32 0 0 2 155 79 2 0 0 2 6 3 0 0 0 0 0 1 0 0 1 0 58 2 7 0 3 0 0 0 0 2 1 0 3 0 0 0 0 0 0 52 0 0 2 0 0 11 26 1 31 0 2 0 17 13 22 0 19 16 10 0 22 1 1 0 6 0 0 0 0 0 0 0 0 0 1 0 1 0 20 0 0 0 18 0 0 0 0 0 0 0 0 0 0 0 0 0 0 2 0 0 1 0 0 0 0 0 0 0 1 0 0 0 0 0 1 0 0 0 0 0 2 0 0 0 26 0 0 0 0 12 8 10 21 0 13 21 12 7 13 39 0 19 24 16 11 13 0 0 0 0 18 0 0 0 0 0 27 0 0 0 0 0 10 12 0 0 0 0 0 0 0 2 0 0 0 0 0 0 0 0 0 0 0 0 0 0 0 0 3 0 0 0 0 0 0 0 0 0 0 0 0 0 0 0 0 0 0 0 0 1 5 0 1 139 2 7 0 0 0 0 0 0 0 0 0 0 0 0 0 0 2 0 0 0 0 0 0 0 0 23 7 0 0 0 0 0 0 9 0 0 0 0 0 0 
 62 179 136 114 63 43 32 122 46 53 158 65 170 50 30 204 354 0 325 210 0 0 0 1 0 0 0 1 0 3 0 0 2 0 0 2 2 2 207 0 0 2 63 3 0 0 0 0 45 0 0 2 0 0 0 2 0 0 0 0 0 0 0 31 0 0 0 0 0 0 2 2 0 0 2 0 2 0 0 0 5 10 0 0 0 0 12 0 22 0 0 7 2 14 0 0 26 14 1 0 0 0 15 0 2 0 0 0 29 0 0 0 0 0 0 0 21 0 0 0 0 0 0 1 0 0 0 0 26 0 0 10 0 0 0 1 0 0 0 0 0 0 0 0 0 0 0 0 0 0 0 0 0 0 0 0 0 6 2 0 37 10 0 1 2 27 0 0 13 12 10 0 0 15 0 13 19 14 9 27 0 0 0 0 0 0 0 16 0 0 0 0 0 0 17 0 0 0 29 9 0 0 0 0 0 0 1 0 0 0 0 0 0 0 0 0 0 0 0 0 0 0 0 0 0 1 0 0 0 0 0 0 0 0 0 0 0 0 0 0 0 5 0 0 0 0 0 0 92 87 0 11 2 2 1 0 0 0 0 0 0 0 12 0 0 0 0 0 0 0 0 0 1 0 0 0 0 0 0 1 0 0 0 0 0 0 0 0 0 0 
 434 289 296 291 53 54 32 48 301 61 54 30 312 156 220 45 133 325 0 222 0 0 0 2 2 0 0 0 2 2 0 0 1 0 0 0 0 3 0 2 2 2 0 0 0 3 0 0 0 0 0 2 0 0 2 0 0 0 0 0 3 0 0 0 0 1 0 0 3 0 0 0 0 0 0 0 0 0 2 0 15 0 0 0 0 0 16 21 38 0 13 1 13 13 29 7 24 3 35 0 0 0 0 0 0 0 0 0 0 0 0 0 0 0 0 0 0 0 0 0 0 0 0 0 2 0 0 0 0 0 0 0 0 0 0 5 0 0 0 0 0 0 0 0 0 0 0 0 1 0 0 0 2 0 0 9 0 4 0 0 40 9 0 0 10 0 18 15 29 1 0 0 10 0 7 1 8 12 13 44 0 0 0 0 0 0 0 0 0 0 0 0 0 0 0 0 0 0 2 0 0 0 2 0 0 0 0 0 0 0 0 0 0 0 0 0 0 0 0 0 0 0 1 0 0 0 0 0 16 0 0 0 0 1 0 13 0 0 0 0 0 0 0 0 0 0 1 0 0 0 0 9 0 0 0 0 0 0 0 0 0 0 0 0 0 0 0 0 0 0 0 0 0 0 0 0 0 0 0 0 0 0 0 0 0 0 0 1 0 1 
 17 125 37 47 82 40 443 132 273 101 46 45 155 423 225 57 81 210 222 0 0 2 0 7 2 1 0 0 2 2 2 0 81 0 0 0 3 2 2 2 2 0 0 2 0 3 0 4 0 2 0 2 0 0 1 0 0 0 0 0 4 0 2 0 3 6 1 0 5 3 3 2 0 0 2 1 2 0 2 3 9 7 0 0 0 19 0 26 17 0 0 0 0 51 12 0 11 30 90 1 0 0 0 0 0 23 3 0 0 0 21 0 0 0 0 0 0 0 0 0 0 0 0 0 0 0 0 0 0 0 0 3 0 0 0 0 0 0 0 0 0 0 0 0 0 0 0 0 0 0 0 0 0 8 0 0 0 0 0 0 7 0 0 21 0 0 32 38 2 0 6 0 0 3 1 0 0 25 16 21 0 0 0 0 0 10 0 0 0 0 0 0 0 0 0 0 0 0 0 0 0 0 0 0 0 0 0 0 0 0 0 0 0 0 0 0 0 0 0 0 0 0 0 0 0 0 0 0 0 0 0 0 0 0 0 0 0 0 0 0 0 9 0 0 0 0 0 0 0 0 2 9 0 0 0 0 0 0 0 0 0 0 69 0 0 0 0 0 0 0 0 0 0 1 0 0 0 0 0 0 0 0 0 0 0 0 0 0 0 0 
 0 0 0 0 0 76 0 0 0 0 0 44 0 0 2 2 0 0 0 0 0 258 481 43 113 30 188 358 279 165 43 40 136 170 106 317 30 136 18 266 0 3 2 5 0 0 1 0 2 0 4 0 0 0 0 67 0 0 1 2 3 0 0 0 4 6 0 3 0 3 0 7 3 0 0 2 0 0 0 0 0 0 0 0 0 3 0 0 0 0 0 0 0 0 0 0 0 0 0 2 37 122 19 32 9 0 22 10 54 32 9 8 0 21 2 21 20 28 4 28 0 0 0 0 0 0 0 0 0 0 0 0 17 1 0 0 0 0 0 7 0 0 0 0 0 0 8 0 0 0 0 0 0 0 0 0 0 0 8 0 0 0 0 0 4 18 0 0 0 3 1 0 0 0 0 0 0 0 12 0 9 12 12 70 0 17 0 52 34 12 24 23 0 16 29 64 30 65 14 14 0 1 0 0 0 0 0 0 0 0 0 0 11 0 0 0 0 0 40 2 0 0 0 2 0 0 0 0 0 0 0 0 0 2 0 0 0 0 0 0 0 0 18 0 0 0 0 0 103 0 0 0 0 0 10 0 0 75 82 0 2 0 0 0 0 0 10 0 0 0 0 1 0 0 0 0 0 0 0 8 0 1 0 1 0 0 0 0 0 0 
 0 0 0 74 0 74 0 0 0 1 0 76 0 0 0 0 2 0 0 2 258 0 349 140 368 37 184 183 53 38 142 114 145 127 55 181 274 193 39 315 0 6 5 3 0 73 1 0 2 1 3 1 1 2 0 2 0 0 2 2 3 0 2 5 0 4 0 4 0 2 0 2 3 0 0 0 0 0 0 0 0 0 0 0 0 3 0 0 6 0 0 0 0 0 0 0 0 0 0 0 27 25 6 0 25 0 9 20 0 22 35 9 10 35 16 42 23 24 10 17 0 0 0 0 0 0 10 0 12 0 0 0 11 0 0 0 0 0 0 28 0 0 0 0 2 0 0 0 0 0 0 0 0 0 0 0 0 0 4 0 0 0 0 0 7 1 0 0 0 0 0 0 0 0 0 0 0 0 0 0 0 5 10 38 0 0 0 24 17 14 30 0 0 12 21 0 46 31 15 13 0 0 0 0 0 0 20 0 0 0 1 0 0 6 0 0 0 0 20 1 0 0 0 0 0 0 0 1 0 0 0 0 0 0 0 0 0 0 0 0 0 0 0 0 0 0 0 0 1 0 0 0 0 0 4 0 0 1 77 1 0 2 0 0 1 0 7 0 0 0 0 0 0 0 0 0 0 0 0 10 0 0 0 0 0 0 0 0 0 0 
 0 0 0 0 73 60 0 0 2 0 0 85 2 2 3 0 0 0 0 0 481 349 0 73 125 46 93 143 87 281 176 151 43 73 114 159 386 131 28 78 0 4 2 2 0 5 0 0 2 0 3 6 31 63 0 0 0 1 0 59 3 0 47 6 0 0 0 33 0 2 0 0 3 0 0 0 0 0 0 0 0 0 0 0 0 45 0 0 0 9 0 0 0 9 0 13 0 0 0 0 25 29 3 0 17 12 22 23 0 1 36 0 36 46 12 14 0 6 15 10 0 0 7 0 0 0 23 0 22 0 0 0 0 0 5 0 0 0 0 0 0 0 0 0 0 0 7 0 0 0 0 0 0 0 0 0 0 0 0 0 0 0 0 0 8 7 0 0 0 0 0 0 0 0 21 0 0 0 0 0 0 0 11 11 12 20 6 9 2 21 1 9 0 10 15 0 27 10 0 35 0 0 0 0 0 0 1 0 0 0 0 0 1 20 0 1 0 0 0 29 0 0 0 0 15 0 0 0 0 0 0 0 0 0 0 0 0 0 0 0 0 0 0 0 0 0 0 0 12 0 0 0 0 0 8 2 0 1 2 0 0 0 0 0 0 0 0 0 0 0 0 0 0 0 0 0 0 0 0 8 0 0 0 0 0 0 4 0 0 0 
 68 82 4 2 2 4 2 2 2 3 2 5 2 2 2 4 2 1 2 7 43 140 73 0 144 219 127 71 62 200 303 227 55 90 289 53 209 286 361 264 0 65 3 2 0 8 6 3 70 0 3 4 91 0 0 25 0 0 0 86 18 0 0 0 0 5 0 3 0 3 0 0 3 0 0 0 0 0 0 6 0 0 1 0 0 0 0 0 0 0 2 0 10 2 0 0 0 0 0 0 14 0 8 0 43 24 1 18 0 0 1 25 0 10 4 22 10 0 0 1 12 18 0 0 0 0 8 0 0 58 0 0 7 0 0 0 0 0 19 52 0 0 0 0 0 0 0 0 8 0 0 0 0 0 0 6 0 0 0 0 0 0 0 0 5 0 0 0 0 0 0 0 0 0 0 0 0 0 0 13 0 0 12 0 57 13 0 14 8 14 29 8 0 69 0 1 0 16 0 0 10 4 0 0 0 13 9 10 0 0 0 0 0 27 0 20 0 0 1 31 0 0 0 0 0 0 0 0 0 1 0 0 0 0 0 0 0 0 0 0 0 0 0 0 0 0 0 0 0 0 0 0 0 0 4 0 1 106 0 0 3 6 0 0 0 0 0 0 0 0 0 0 0 0 0 0 0 0 0 0 0 12 0 0 0 0 0 0 0 0 
 0 0 0 0 2 0 0 2 0 0 0 0 0 0 0 5 2 0 2 2 113 368 125 144 0 626 58 238 165 374 90 135 135 386 296 231 590 157 48 84 3 70 0 1 0 10 7 54 2 0 3 6 69 5 0 12 0 0 5 0 0 0 0 4 0 1 0 0 0 0 0 0 0 0 2 3 0 0 1 0 0 0 0 0 0 0 0 0 0 0 0 0 0 0 0 0 0 0 0 0 0 0 14 16 44 11 0 3 1 43 38 0 0 0 7 42 0 20 0 0 0 0 19 0 0 0 20 0 1 0 0 0 0 19 8 6 0 0 32 12 0 0 0 0 0 0 0 0 0 0 0 0 0 0 0 0 0 0 2 10 1 0 0 1 0 0 0 0 0 3 0 0 0 0 0 0 8 0 0 0 1 0 35 11 25 12 0 6 13 24 38 2 0 7 1 9 4 4 0 0 0 0 0 0 0 0 2 0 0 0 0 0 0 21 0 14 14 0 11 28 1 0 0 0 0 0 0 0 0 0 0 0 0 0 0 0 1 0 0 1 0 0 0 0 0 0 0 0 0 0 0 0 0 0 2 2 4 78 73 3 14 0 0 0 0 0 0 0 0 0 0 0 0 0 0 0 0 2 0 0 0 19 0 0 0 0 10 0 0 0 
 3 0 0 0 0 0 0 0 2 2 3 0 0 0 0 3 0 0 0 1 30 37 46 219 626 0 20 44 128 118 75 245 31 75 74 68 161 142 38 62 3 2 71 1 0 0 102 2 114 6 3 1 28 65 82 2 62 0 70 65 3 0 0 12 5 0 0 3 0 2 0 0 2 0 0 0 0 19 0 0 0 0 0 2 0 0 0 0 0 0 0 0 0 0 0 0 0 0 0 0 0 0 0 26 8 11 0 0 21 3 28 53 0 0 7 19 1 44 0 0 19 42 0 0 2 0 11 22 11 0 17 0 0 0 4 21 5 10 1 24 9 0 5 0 0 0 0 0 4 0 2 0 0 0 0 0 2 0 9 0 0 13 0 0 3 0 4 0 0 1 0 0 0 0 3 0 1 0 0 8 20 4 3 0 11 31 0 12 1 6 1 14 0 0 0 27 0 1 0 0 28 0 10 8 0 30 10 18 21 14 0 1 20 0 18 20 10 12 38 24 0 0 0 0 0 0 0 0 0 0 0 0 0 0 0 0 0 0 0 0 0 0 0 0 0 0 0 0 0 0 0 0 0 0 0 2 0 9 2 0 14 0 0 0 0 0 0 0 0 0 0 0 0 0 0 0 0 0 0 0 0 0 0 0 0 0 4 0 0 0 
 0 0 0 2 72 18 0 0 0 0 4 0 200 2 0 0 0 0 0 0 188 184 93 127 58 20 0 355 137 176 69 45 143 114 88 110 122 230 35 57 3 2 13 4 0 0 4 3 105 0 0 2 0 0 2 2 0 0 0 2 3 0 0 0 0 1 0 0 0 0 0 0 0 0 0 0 0 0 0 0 0 0 0 0 13 0 0 0 0 0 0 1 0 9 0 0 0 0 0 0 12 30 0 0 0 0 1 14 0 25 10 0 32 11 50 13 16 1 0 18 0 0 0 0 0 0 0 0 0 23 0 0 0 0 0 0 0 0 0 13 0 0 0 0 0 0 0 0 0 0 0 14 0 0 0 0 0 0 9 0 0 0 0 0 0 9 0 0 0 0 0 0 0 0 0 0 0 0 0 0 0 18 0 0 0 0 0 19 18 20 10 0 0 38 13 1 22 1 0 29 0 0 0 0 0 0 0 0 0 0 0 0 0 0 0 0 0 0 0 0 0 0 0 0 0 0 0 16 0 0 0 0 0 0 0 0 0 0 0 0 0 0 0 0 0 0 0 0 0 0 0 0 0 0 13 0 0 0 0 4 0 9 0 0 0 0 0 0 0 0 0 0 2 0 0 0 10 0 0 0 0 0 0 0 0 4 0 0 0 0 
 0 0 2 0 0 75 2 0 0 24 74 95 0 0 3 6 0 1 0 0 358 183 143 71 238 44 355 0 84 608 87 266 187 137 220 214 114 148 336 126 0 4 17 3 0 0 0 0 2 0 3 0 0 0 0 0 0 0 0 1 10 0 52 0 0 0 0 3 0 2 0 0 3 0 0 0 0 0 0 0 0 0 3 11 10 18 0 0 0 1 18 18 1 0 0 0 0 0 0 0 28 45 0 0 0 0 16 30 0 12 14 0 13 25 16 39 35 0 13 32 0 0 0 0 0 0 0 0 0 17 0 0 0 0 0 0 0 0 0 17 0 0 20 0 0 0 5 0 1 0 0 0 0 0 0 0 0 0 0 0 0 0 0 0 8 17 0 0 0 0 0 0 0 0 2 0 0 0 0 0 15 25 2 11 1 0 10 19 0 19 0 11 1 34 9 0 0 7 0 29 0 0 1 0 0 15 0 0 0 0 0 18 0 0 1 0 0 0 0 1 0 0 0 0 0 18 0 0 0 0 0 0 0 0 7 0 0 0 0 0 0 0 0 0 0 0 0 0 5 0 0 0 0 0 9 2 2 0 0 0 0 1 0 0 0 0 0 0 0 0 0 0 0 0 0 0 14 0 0 9 0 0 0 0 0 0 0 0 0 0 
 2 2 2 3 2 2 2 2 2 2 2 4 4 4 2 10 2 0 2 2 279 53 87 62 165 128 137 84 0 166 25 115 65 127 265 161 175 417 76 77 0 3 3 5 0 0 52 0 2 0 3 3 27 63 0 1 0 0 27 67 3 0 0 20 0 0 0 3 0 2 0 0 3 0 0 0 0 0 0 0 0 0 0 0 0 0 0 0 0 0 0 0 0 0 0 0 0 0 0 0 8 19 29 40 12 18 0 56 40 4 11 9 0 0 0 22 19 26 0 0 8 0 0 0 0 13 17 1 0 0 0 1 29 9 5 0 1 0 19 17 0 0 0 0 0 0 0 0 0 14 0 0 0 0 0 0 0 0 0 0 2 0 0 0 3 15 9 0 0 1 0 11 0 0 0 0 1 0 0 0 9 0 40 23 29 26 0 16 14 0 21 27 0 10 0 30 32 13 0 0 6 0 0 0 0 0 5 0 0 0 0 0 13 0 0 1 0 0 83 16 0 0 0 0 0 0 0 0 0 0 0 0 0 0 0 0 0 0 0 0 0 0 19 0 0 0 0 0 0 0 0 0 0 0 11 0 0 1 0 0 4 0 0 0 0 0 0 0 0 0 0 0 0 0 0 0 0 0 0 0 0 3 0 0 0 18 4 0 0 0 
 4 2 2 2 0 0 1 2 0 99 1 3 2 1 2 2 1 3 2 2 165 38 281 200 374 118 176 608 166 0 132 269 45 83 471 100 278 459 293 130 0 3 3 2 3 0 0 0 2 0 3 2 0 0 0 2 0 0 0 1 8 1 10 0 0 0 0 3 0 3 11 0 3 0 1 0 4 1 0 0 0 0 0 0 0 0 0 0 0 0 0 0 5 0 0 0 0 0 0 0 8 14 0 32 0 0 0 24 12 32 51 3 0 12 22 17 27 1 0 0 1 1 0 0 0 0 0 0 0 0 0 0 0 0 0 0 0 0 0 53 0 0 0 0 0 0 0 0 2 0 0 0 0 0 0 0 0 0 3 0 0 0 0 0 10 0 5 0 0 0 0 0 0 0 0 0 0 0 0 1 0 0 0 0 0 7 0 30 52 14 14 16 0 52 0 15 27 12 0 13 0 0 1 0 0 0 0 4 0 0 0 0 0 0 2 0 0 0 0 1 0 0 0 0 0 0 0 0 0 0 0 0 0 0 2 0 0 0 0 0 0 0 0 0 0 0 0 0 0 0 0 0 0 0 9 0 2 0 0 0 2 1 0 51 0 0 0 0 0 0 0 0 0 0 0 0 0 0 0 0 0 0 0 0 0 12 0 0 0 0 
 0 0 0 0 0 74 0 0 0 0 3 0 0 1 0 0 0 0 0 2 43 142 176 303 90 75 69 87 25 132 0 372 121 64 153 186 417 57 38 156 0 68 5 5 0 0 0 65 2 1 3 0 0 2 0 1 0 0 3 0 10 0 0 5 3 0 0 3 0 2 0 0 3 0 46 0 0 0 0 0 0 0 0 0 0 24 0 0 0 0 0 0 0 0 0 0 0 1 0 0 36 5 0 9 14 4 0 70 0 26 24 20 8 57 5 54 9 22 0 0 0 20 39 0 0 0 0 0 0 0 0 0 0 17 0 0 0 0 9 29 0 0 1 0 0 0 13 0 0 0 0 0 0 0 0 0 0 0 1 12 0 0 0 0 0 0 0 0 0 0 0 0 0 0 0 0 0 0 0 0 0 2 12 19 0 11 6 28 0 18 1 9 2 22 2 0 15 18 0 1 0 0 10 0 2 0 3 10 1 0 0 0 0 1 0 34 11 0 20 20 0 0 0 0 0 0 0 0 0 0 0 0 0 0 0 0 0 0 0 0 0 0 0 0 0 0 0 0 0 0 0 0 0 0 13 0 0 0 119 4 3 0 0 0 0 0 0 0 0 0 0 0 0 0 0 0 0 0 0 0 0 0 0 0 0 0 0 0 0 0 
 0 0 0 0 0 0 4 2 76 0 0 0 0 0 0 3 74 0 0 0 40 114 151 227 135 245 45 266 115 269 372 0 45 46 55 138 419 253 36 44 0 27 3 1 0 4 0 61 4 3 3 3 132 3 0 2 19 2 1 24 3 0 3 5 0 1 0 4 0 2 0 0 3 0 1 0 0 3 1 0 0 0 0 1 0 0 0 0 0 0 0 0 0 0 0 0 0 0 0 0 0 5 13 34 23 7 0 0 0 0 47 12 0 0 4 0 0 9 10 0 4 6 10 0 0 0 30 0 13 3 0 0 19 8 8 0 0 0 22 39 0 0 0 2 0 0 0 0 0 0 1 0 0 0 0 10 0 0 0 0 0 0 0 0 5 0 5 12 0 0 0 0 0 0 0 0 0 0 0 1 0 0 19 0 17 0 0 0 1 15 0 20 0 0 0 0 10 2 30 0 0 19 0 0 0 0 34 5 0 0 0 1 17 12 0 0 11 0 40 28 0 0 0 0 0 0 0 0 0 0 0 0 0 0 0 0 0 0 0 0 0 0 0 0 0 0 1 0 0 0 0 0 0 2 4 4 2 155 6 2 2 12 0 1 0 0 0 0 0 0 0 0 0 0 0 0 0 0 0 0 0 0 0 0 12 0 9 0 0 0 
 3 3 2 77 152 75 1 3 6 63 0 78 2 3 2 2 3 2 1 81 136 145 43 55 135 31 143 187 65 45 121 45 0 81 264 49 115 51 83 50 0 4 8 5 0 0 0 0 2 63 3 2 0 3 0 0 0 1 3 3 3 0 0 51 3 0 0 3 0 53 0 0 3 0 0 0 0 0 0 0 0 0 0 0 14 37 0 0 0 15 0 2 0 0 0 0 0 15 0 0 13 17 8 0 11 7 64 28 18 16 24 0 44 0 12 34 6 6 22 19 1 10 0 0 0 0 0 0 0 19 0 0 0 0 0 0 0 0 9 0 0 0 0 0 1 0 5 0 0 0 0 0 2 0 1 0 0 0 0 0 0 0 0 0 13 17 0 0 0 15 0 0 0 0 0 0 15 0 0 0 21 1 0 23 0 0 30 14 0 0 0 10 35 0 47 22 12 0 0 9 0 0 0 0 0 0 0 0 13 0 0 2 1 0 0 0 0 0 8 9 0 0 8 0 0 0 0 0 0 0 0 0 0 0 0 0 0 0 0 0 0 0 0 0 0 2 0 0 0 0 0 0 0 0 4 0 0 0 2 0 2 0 0 0 0 0 0 0 0 0 0 0 0 0 0 0 0 0 0 0 0 11 0 0 1 0 0 0 0 0 
 3 3 105 79 78 2 0 2 92 63 0 231 0 2 2 3 75 0 0 0 170 127 73 90 386 75 114 137 127 83 64 46 81 0 659 110 33 149 196 313 0 4 3 1 0 0 3 0 2 0 205 2 0 0 0 5 0 0 63 2 3 0 0 1 0 5 0 3 0 2 0 0 3 0 0 3 0 0 0 0 0 0 13 0 0 0 0 0 0 0 6 0 0 0 25 1 0 0 0 0 0 9 18 36 0 7 1 1 33 0 0 23 2 13 37 18 44 13 11 11 0 0 0 0 0 0 20 0 0 0 2 0 0 0 1 0 2 0 7 13 0 0 0 0 5 0 0 0 0 0 0 0 9 0 0 0 0 0 0 0 1 29 0 12 1 0 29 0 0 11 15 14 0 9 2 14 2 11 2 0 12 41 65 2 0 10 9 0 17 17 20 0 15 1 8 29 0 11 0 14 0 0 0 0 0 0 0 0 0 0 0 0 0 0 0 0 0 0 19 0 0 0 0 0 0 0 0 0 0 0 0 0 0 0 0 0 0 0 0 0 0 0 0 0 0 0 0 0 0 0 0 0 0 0 5 0 2 76 1 5 19 0 0 0 0 0 4 0 0 0 0 0 0 0 0 0 1 0 0 0 0 0 0 0 0 1 0 0 0 0 
 0 1 2 78 75 137 0 0 0 0 0 24 0 0 35 5 32 0 0 0 106 55 114 289 296 74 88 220 265 471 153 55 264 659 0 83 209 119 269 115 0 4 10 1 0 0 0 0 2 0 3 1 0 0 0 2 0 0 1 3 3 0 0 0 0 0 0 3 0 5 0 0 3 0 0 51 0 0 0 0 0 0 0 0 13 36 0 0 0 0 0 9 0 0 0 0 0 0 0 0 0 17 17 0 0 0 29 36 32 18 26 0 46 15 16 17 22 0 2 20 0 0 0 0 0 0 15 0 0 12 0 0 0 0 0 0 0 0 9 0 1 0 0 0 1 0 5 0 0 0 0 0 0 0 20 0 11 0 0 0 48 0 0 0 11 8 23 0 0 2 0 0 0 0 0 0 0 0 0 0 5 1 22 2 0 13 40 3 27 0 10 3 0 10 14 5 27 0 15 17 7 0 0 0 0 0 11 0 0 0 0 0 0 0 0 0 0 0 0 0 0 0 0 0 0 0 0 1 0 0 1 0 0 0 2 0 0 2 0 0 0 0 0 0 0 0 0 0 0 0 0 0 0 0 4 1 2 0 0 2 21 2 0 0 0 0 0 0 0 0 0 0 0 17 0 0 0 0 0 0 0 14 0 0 0 11 0 0 0 0 
 0 0 0 0 0 21 0 0 0 0 3 41 0 0 0 0 0 2 0 0 317 181 159 53 231 68 110 214 161 100 186 138 49 110 83 0 68 60 37 182 0 4 3 6 0 0 0 0 2 4 3 2 4 1 0 2 0 0 0 1 3 0 0 0 0 7 0 3 0 2 0 0 19 0 0 0 0 0 0 0 0 0 0 0 0 9 0 0 2 0 0 0 0 0 0 0 0 0 0 0 47 40 3 40 0 0 9 20 21 26 0 0 20 12 0 0 20 9 2 8 0 0 0 0 0 0 0 0 0 0 0 0 1 0 0 0 0 0 0 0 10 0 0 0 0 0 0 0 0 0 0 0 0 0 0 0 0 0 3 0 32 0 0 0 6 14 0 0 0 0 0 0 0 0 0 0 0 0 0 0 0 0 19 30 0 7 1 38 15 1 14 10 0 53 20 22 27 28 14 14 0 0 0 0 0 0 0 0 0 0 0 0 14 0 0 0 0 0 2 17 0 0 0 0 0 0 0 0 0 0 0 0 0 0 25 1 0 0 0 0 0 0 11 0 0 0 0 0 77 0 0 0 0 0 0 0 0 45 3 2 0 0 0 0 0 0 13 0 0 0 0 0 0 0 0 0 0 0 0 9 0 0 0 0 0 0 0 0 0 0 
 0 0 2 0 0 2 1 0 0 1 0 0 0 0 0 75 0 2 0 3 30 274 386 209 590 161 122 114 175 278 417 419 115 33 209 68 0 187 244 29 0 3 3 3 0 10 7 0 87 0 3 5 30 64 0 17 0 0 0 65 3 0 0 4 0 0 0 3 0 2 0 0 3 0 0 0 0 0 0 0 0 0 0 0 0 19 0 0 0 0 0 0 0 1 0 0 0 0 0 0 0 2 4 17 17 17 0 36 1 11 26 10 9 17 0 54 0 9 0 0 9 9 0 0 0 0 36 18 1 0 0 0 0 0 8 0 0 0 23 33 0 0 0 0 0 0 7 0 2 0 0 0 0 0 0 0 0 0 0 0 0 0 0 0 20 0 4 0 0 0 0 0 0 0 0 0 1 0 0 0 0 0 25 0 19 12 7 0 5 0 20 4 0 11 0 2 20 4 0 0 10 0 0 0 0 0 9 9 0 0 0 0 0 21 0 0 0 0 0 20 0 0 0 0 0 0 4 0 0 1 0 0 4 0 0 0 0 0 0 0 0 0 0 0 0 26 0 0 0 0 0 0 0 0 9 0 1 2 1 3 2 0 0 0 0 0 0 0 0 0 0 0 0 0 0 0 0 0 0 0 0 38 0 0 0 14 9 0 0 0 
 2 2 4 2 75 2 2 2 2 35 74 5 2 2 4 2 2 2 3 2 136 193 131 286 157 142 230 148 417 459 57 253 51 149 119 60 187 0 62 105 0 2 2 2 0 5 8 0 2 0 3 13 0 0 0 5 0 0 35 2 3 0 0 0 0 4 0 34 0 2 0 0 3 0 0 0 0 0 0 0 0 0 0 0 1 0 0 1 0 0 0 0 0 0 0 0 0 0 0 0 9 30 40 28 13 8 11 17 13 0 2 28 1 9 7 11 0 8 2 0 24 11 0 0 0 0 23 0 1 0 0 0 11 16 27 2 0 1 22 36 0 0 0 0 0 0 0 0 0 0 0 0 0 0 0 1 0 0 0 0 0 0 0 0 3 0 3 0 0 0 0 0 0 0 0 0 0 0 0 2 0 0 50 26 63 36 0 0 20 1 36 12 0 16 0 16 13 22 0 12 9 0 0 0 0 0 8 9 0 0 0 0 0 13 0 0 0 0 14 0 0 1 0 0 0 0 0 0 0 0 0 0 0 0 0 1 0 0 0 0 0 0 0 0 0 0 0 0 0 0 0 0 0 0 7 4 3 43 4 0 2 0 0 0 0 0 10 0 0 0 0 0 0 0 0 0 0 0 0 6 0 17 0 0 0 11 0 0 0 0 
 0 19 152 163 173 36 1 77 84 229 0 137 0 0 74 138 155 207 0 2 18 39 28 361 48 38 35 336 76 293 38 36 83 196 269 37 244 62 0 269 0 12 3 0 0 0 62 0 2 0 3 2 0 0 62 0 0 0 0 2 3 0 6 4 0 0 0 3 0 2 0 0 3 0 0 0 2 0 0 0 0 19 23 22 37 0 0 0 0 51 28 1 11 0 0 0 0 14 0 0 0 0 13 0 0 0 12 0 0 0 0 0 0 18 57 0 4 0 55 18 0 0 0 0 0 0 0 0 0 0 0 0 0 0 0 2 0 0 0 1 0 0 0 0 6 0 0 0 0 0 0 0 9 0 0 0 0 0 0 0 0 0 0 18 6 17 0 0 0 52 10 4 0 0 0 28 40 7 0 2 18 4 0 10 0 0 63 0 0 0 0 0 71 0 20 0 1 0 16 20 0 0 0 0 0 0 0 0 0 0 0 0 0 0 0 0 0 0 0 0 0 0 0 0 0 0 0 0 0 0 0 0 0 0 0 2 0 0 0 0 0 0 0 0 0 1 0 0 0 90 0 0 0 0 13 1 5 0 0 0 2 2 0 0 0 0 0 0 0 0 22 0 0 0 0 0 0 0 0 0 0 0 0 0 0 0 0 0 0 0 
 2 3 30 33 3 29 2 2 23 24 2 363 39 2 3 5 79 0 2 2 266 315 78 264 84 62 57 126 77 130 156 44 50 313 115 182 29 105 269 0 0 8 5 4 0 0 0 0 2 0 3 2 5 0 0 2 2 62 4 1 6 0 0 0 0 6 0 3 0 2 0 0 5 1 0 0 0 0 0 0 0 0 0 0 0 9 0 0 19 0 31 0 0 0 0 0 0 0 0 0 61 16 0 0 0 0 9 10 0 4 1 7 18 34 50 2 19 0 19 29 0 0 0 0 0 0 0 0 0 0 0 0 13 0 0 0 0 0 0 14 1 0 0 9 6 0 0 0 0 0 0 0 4 0 0 0 0 0 0 0 0 9 0 25 40 0 0 0 1 13 1 46 11 0 0 13 0 38 0 0 14 55 0 24 0 0 23 11 0 15 4 0 26 30 14 0 16 17 53 37 0 0 0 0 0 0 0 0 0 0 0 0 0 0 0 0 0 0 12 11 0 0 0 0 0 6 0 0 0 0 1 0 0 0 1 0 0 2 0 6 0 0 1 0 0 0 75 0 0 0 0 0 0 0 0 0 1 1 9 1 0 4 0 0 0 0 23 0 0 0 0 0 0 0 0 0 0 0 0 8 0 0 0 0 0 12 0 0 0 0 
 2 2 7 2 2 2 2 2 2 2 2 2 2 2 3 5 2 0 2 2 0 0 0 0 3 3 3 0 0 0 0 0 0 0 0 0 0 0 0 0 0 102 173 54 43 34 50 94 394 88 42 146 203 414 109 91 23 152 118 68 1 0 0 0 0 0 0 1 0 0 0 0 0 4 2 0 20 0 2 0 0 0 0 0 0 0 0 0 0 0 0 0 0 0 0 0 0 0 0 0 0 0 0 0 0 0 0 0 0 0 7 0 0 0 0 0 0 0 0 0 8 0 47 4 0 0 0 22 18 3 6 39 17 16 12 16 14 21 19 0 0 0 0 0 0 5 0 3 0 0 0 0 0 0 0 0 9 0 0 0 0 0 0 0 0 0 0 0 0 0 0 0 0 0 0 0 14 0 0 3 0 0 0 0 20 3 0 0 0 0 0 0 0 0 0 0 0 0 0 0 79 30 24 5 14 0 16 5 31 17 18 27 0 7 29 36 69 25 0 19 1 0 0 0 0 0 0 0 0 0 0 0 0 0 0 0 0 0 0 1 0 0 11 0 0 0 0 0 0 0 0 11 0 2 0 0 0 0 0 0 0 0 1 0 1 0 0 0 0 0 3 0 0 0 0 0 0 0 0 0 0 0 1 0 0 0 0 9 0 0 
 2 2 2 2 2 2 2 0 2 0 2 2 2 2 2 0 0 2 2 0 3 6 4 65 70 2 2 4 3 3 68 27 4 4 4 4 3 2 12 8 102 0 147 257 54 36 95 147 38 91 35 32 109 70 112 39 173 149 93 57 0 0 12 1 0 0 0 0 0 1 0 0 3 0 3 4 0 0 0 0 0 0 0 0 0 0 0 0 0 21 0 0 0 0 0 0 0 0 0 0 0 0 0 0 9 0 10 0 0 0 0 10 0 0 0 0 0 0 0 0 0 26 8 0 1 0 10 0 0 5 7 1 42 6 0 0 0 0 11 6 2 0 3 0 0 0 18 0 5 0 0 0 0 0 0 1 0 0 0 2 0 0 0 0 0 0 0 9 0 0 0 0 0 0 0 0 0 0 0 0 0 0 0 0 0 0 0 0 0 0 0 0 0 0 0 0 0 0 0 0 0 16 0 0 0 0 18 0 0 3 0 0 13 0 0 0 14 0 0 10 0 0 0 0 0 2 19 0 10 0 9 0 0 0 0 0 0 0 0 0 0 0 0 0 0 0 0 0 0 2 0 7 0 0 0 0 0 61 2 0 0 7 2 0 0 0 2 1 0 0 0 0 0 0 0 0 0 0 0 0 0 0 0 0 10 18 0 0 0 1 
 2 0 0 0 0 9 0 62 0 0 0 1 0 0 0 3 0 63 0 0 2 5 2 3 0 71 13 17 3 3 5 3 8 3 10 3 3 2 3 5 173 147 0 567 74 29 401 184 281 117 55 119 310 148 172 298 49 139 88 47 2 57 0 0 3 0 0 2 0 4 0 0 56 3 6 0 5 0 0 3 0 0 0 0 7 0 0 0 0 0 0 10 0 0 0 0 0 0 0 0 0 9 0 0 11 0 0 0 18 4 0 0 6 0 0 0 9 0 0 0 18 4 8 15 0 0 0 10 23 39 10 16 13 3 0 18 0 0 0 0 16 0 3 0 0 0 12 0 6 0 0 1 0 0 0 0 0 0 0 9 0 2 0 2 0 5 0 0 0 0 0 0 0 0 0 0 0 0 0 0 0 0 0 0 0 0 0 2 0 0 0 0 0 4 3 0 0 0 0 0 2 16 32 54 38 13 6 30 1 9 7 20 26 0 34 10 22 7 0 0 0 0 0 0 0 0 0 0 0 0 0 0 0 0 4 0 0 0 2 0 0 0 0 0 0 0 0 0 0 0 0 10 0 1 0 0 0 0 0 3 0 0 2 35 4 2 2 0 0 0 0 0 0 0 0 0 0 0 0 0 0 3 0 0 0 9 0 11 0 0 
 1 0 2 2 2 2 2 2 0 0 2 1 1 67 2 6 2 3 0 2 5 3 2 2 1 1 4 3 5 2 5 1 5 1 1 6 3 2 0 4 54 257 567 0 95 383 89 79 132 228 117 163 273 153 114 312 73 57 79 31 0 0 0 0 3 2 0 0 0 0 5 3 24 0 0 0 1 2 51 0 0 0 0 0 1 0 0 0 0 0 0 0 0 0 0 0 0 0 0 0 16 0 0 4 0 0 0 8 6 3 0 0 1 0 0 0 0 7 0 0 0 9 8 3 23 31 0 27 9 4 0 18 3 18 3 24 13 10 0 0 0 0 0 0 0 5 12 0 0 0 0 0 0 10 0 0 14 0 0 0 0 0 0 0 0 2 0 0 0 0 0 0 0 0 0 0 0 0 0 0 5 0 0 3 0 0 0 7 11 0 0 6 0 13 1 4 0 1 0 0 0 0 0 34 0 0 0 0 11 3 7 19 16 15 15 0 0 42 5 0 10 0 0 0 0 0 63 16 28 20 0 0 28 13 21 0 0 0 5 8 0 0 3 0 0 0 0 0 0 2 0 17 0 2 0 0 0 2 0 2 0 12 2 0 0 1 0 0 0 0 0 0 0 0 0 0 0 0 0 0 0 0 0 0 0 0 0 0 0 0 
 5 0 0 0 0 0 0 0 0 0 0 1 0 0 1 0 6 0 0 0 0 0 0 0 0 0 0 0 0 3 0 0 0 0 0 0 0 0 0 0 43 54 74 95 0 184 54 289 46 81 147 37 295 97 61 90 51 76 75 299 48 145 54 0 0 3 0 53 52 0 1 2 54 54 53 0 0 6 104 93 0 0 0 0 0 0 0 0 0 0 0 0 0 0 0 0 0 0 0 0 0 0 0 0 0 0 0 0 0 0 0 11 0 0 0 0 0 0 0 0 0 0 0 0 11 23 0 0 0 0 10 41 0 0 0 0 11 0 0 0 3 0 0 6 0 11 8 14 1 0 1 4 47 1 8 3 0 1 30 26 0 3 0 0 0 0 17 0 0 0 0 0 5 0 0 0 0 3 0 0 0 0 0 0 0 0 0 0 0 0 0 0 0 0 0 0 0 0 0 0 0 0 0 0 0 34 0 0 0 1 0 0 0 0 1 0 0 0 0 0 1 0 15 17 0 0 18 20 0 9 15 1 32 0 1 68 0 0 19 26 0 0 0 0 0 0 0 0 0 0 0 19 0 0 0 0 0 0 0 1 0 0 0 4 0 2 2 35 0 0 0 0 0 0 0 0 0 0 0 0 0 0 0 0 0 0 0 0 0 0 
 3 3 3 3 3 3 3 3 3 3 3 3 3 3 3 5 3 0 3 3 0 73 5 8 10 0 0 0 0 0 0 4 0 0 0 0 10 5 0 0 34 36 29 383 184 0 41 252 46 137 363 51 34 40 45 89 57 53 48 46 52 51 1 0 5 0 92 0 0 0 0 0 148 29 20 4 0 0 0 45 0 0 0 0 0 0 0 0 0 0 0 0 0 0 0 0 0 0 0 0 0 0 6 0 8 0 0 0 0 0 4 11 0 0 0 4 0 0 0 0 4 16 0 0 8 17 9 0 3 12 3 13 0 0 0 34 0 11 0 6 0 0 2 1 0 0 10 26 3 0 0 11 6 8 13 30 0 1 11 0 0 4 0 12 0 0 0 0 0 0 0 0 2 0 0 0 0 3 0 0 0 0 0 0 0 0 0 0 6 0 0 0 0 0 0 0 15 6 0 0 0 0 0 7 18 15 12 0 0 0 0 0 0 2 0 0 3 13 0 0 6 23 15 1 0 0 1 28 0 18 33 0 22 47 10 14 27 0 18 37 0 0 0 0 0 0 0 0 0 0 0 13 0 1 0 0 0 0 0 1 1 18 0 1 1 0 0 8 0 0 0 0 0 0 0 0 0 0 0 0 0 0 0 0 0 0 0 0 9 0 
 20 0 0 0 0 0 0 0 0 0 34 2 0 0 0 0 0 0 0 0 1 1 0 6 7 102 4 0 52 0 0 0 0 3 0 0 7 8 62 0 50 95 401 89 54 41 0 124 146 42 112 124 303 245 412 409 250 95 140 34 0 0 0 0 6 0 0 0 0 0 0 0 0 1 0 0 3 0 0 0 0 0 0 0 0 0 0 0 0 0 0 0 0 0 0 0 0 0 0 0 0 0 10 2 4 0 0 5 0 0 0 0 0 0 0 7 0 2 0 0 3 12 18 19 42 0 4 35 52 3 13 6 20 36 18 7 3 10 5 9 1 0 4 0 0 0 0 0 0 23 0 0 0 0 0 0 0 0 0 0 0 0 0 0 0 0 0 0 0 0 0 5 0 0 0 0 0 0 0 0 9 0 20 0 19 0 0 0 11 0 9 0 0 0 0 0 18 7 0 0 9 7 7 34 23 23 0 7 24 67 25 3 22 17 37 13 0 26 6 0 1 0 0 0 0 0 0 0 0 0 0 0 0 0 0 0 0 0 1 1 0 0 0 0 0 0 0 0 0 18 0 3 0 2 0 0 0 0 1 2 0 0 68 0 1 0 0 0 0 0 0 0 0 0 0 0 0 0 0 0 0 28 0 0 13 14 0 16 0 0 
 0 0 0 0 0 0 0 0 1 0 0 0 0 0 8 0 0 0 0 4 0 0 0 3 54 2 3 0 0 0 65 61 0 0 0 0 0 0 0 0 94 147 184 79 289 252 124 0 183 147 40 102 239 142 55 124 254 307 49 53 0 22 2 0 0 0 0 0 0 0 0 0 0 49 0 0 0 0 0 0 0 0 0 0 0 0 0 0 0 0 0 0 0 0 0 0 0 0 0 0 0 0 0 0 0 0 0 0 0 0 0 0 0 0 0 0 0 0 0 0 0 38 44 25 8 1 0 14 0 0 12 20 0 13 22 12 16 33 10 0 0 0 0 3 0 5 2 3 0 0 0 0 0 0 0 0 0 0 0 1 0 0 0 0 0 0 0 0 0 0 0 0 0 0 0 0 0 7 0 1 0 0 0 0 16 1 0 0 0 0 0 3 0 0 0 0 0 1 0 0 14 20 14 1 10 1 14 3 30 0 24 0 6 16 0 27 10 0 0 6 0 0 0 0 7 0 0 0 0 0 0 0 3 6 0 0 0 0 0 9 0 0 0 0 0 0 0 0 0 0 0 2 0 2 0 0 0 0 0 2 0 0 1 0 0 0 1 0 0 0 3 0 0 0 0 0 0 0 0 0 0 0 5 0 0 0 0 0 0 0 
 3 0 0 0 45 0 0 0 0 0 0 0 0 0 0 0 0 45 0 0 2 2 2 70 2 114 105 2 2 2 2 4 2 2 2 2 87 2 2 2 394 38 281 132 46 46 146 183 0 149 269 30 85 88 168 53 43 71 159 64 0 0 0 84 0 0 0 0 0 0 205 0 73 10 0 0 0 0 8 0 0 0 0 0 0 0 0 0 0 0 0 0 0 0 0 0 0 0 0 0 0 0 0 0 0 0 0 0 0 0 0 0 0 0 0 0 0 0 0 0 15 11 17 1 54 0 0 61 17 19 0 0 16 0 0 34 0 23 20 0 0 0 3 0 0 0 29 0 0 0 0 0 0 6 0 0 0 0 1 0 0 0 0 0 5 0 0 0 0 0 0 0 0 42 0 0 0 0 0 0 0 0 0 0 0 0 0 0 1 0 0 0 0 0 0 0 0 0 0 0 2 11 14 17 0 21 15 0 27 31 1 26 27 2 25 59 32 41 14 0 6 14 0 0 0 0 1 16 0 6 0 0 17 26 0 0 0 0 0 6 0 0 10 0 0 0 0 0 0 25 0 8 0 1 0 0 0 0 2 0 0 0 66 0 1 4 0 0 0 0 0 0 41 0 0 0 0 0 0 0 0 0 0 0 12 0 0 0 0 0 
 0 0 0 5 0 0 0 0 0 0 2 0 0 0 1 0 0 0 0 2 0 1 0 0 0 6 0 0 0 0 1 3 63 0 0 4 0 0 0 0 88 91 117 228 81 137 42 147 149 0 299 173 63 149 76 299 114 257 96 90 2 0 0 0 4 0 0 2 7 18 0 0 102 11 0 0 0 0 2 6 0 0 0 0 0 0 0 0 0 0 0 0 0 0 0 0 0 0 0 0 0 0 0 0 0 0 0 0 0 0 0 0 0 0 0 0 0 0 0 0 0 13 9 16 25 15 0 0 2 9 13 24 0 0 12 8 10 53 0 0 29 19 0 0 0 8 36 11 5 0 0 2 0 13 27 0 0 35 3 16 0 7 0 5 0 0 0 0 0 0 0 0 0 0 1 0 0 5 0 0 0 10 0 0 0 0 0 0 0 0 0 0 0 0 0 0 0 0 0 0 12 0 12 11 19 31 0 9 0 9 16 0 0 15 0 0 33 10 0 0 14 6 22 10 21 7 12 45 25 22 8 0 24 14 0 0 4 0 0 19 0 0 0 0 0 0 0 0 0 0 0 7 0 1 0 2 0 0 0 4 0 21 4 64 3 3 0 1 0 0 12 0 0 0 0 30 0 0 0 0 0 0 0 0 1 0 0 0 0 0 
 2 0 0 0 0 0 0 0 0 0 0 0 0 0 0 0 0 0 0 0 4 3 3 3 3 3 0 3 3 3 3 3 3 205 3 3 3 3 3 3 42 35 55 117 147 363 112 40 269 299 0 298 315 42 274 185 119 212 108 129 51 51 4 0 0 0 46 0 0 2 0 0 62 51 53 4 0 0 0 65 0 0 0 0 0 0 0 0 0 0 0 0 0 0 0 0 21 0 0 0 0 0 0 0 0 0 0 0 0 0 0 0 15 0 0 0 0 0 0 0 0 0 14 11 11 0 0 0 1 0 16 50 17 30 28 0 21 0 0 0 0 0 0 6 0 0 8 0 0 0 0 0 5 0 0 0 0 0 0 1 0 0 0 0 0 0 0 0 0 0 0 0 0 0 0 0 0 0 0 0 0 0 0 0 0 0 0 0 0 0 0 0 0 0 0 0 0 0 0 0 0 0 0 11 14 20 0 17 0 23 11 0 11 6 8 0 0 0 0 0 0 0 0 31 0 0 18 14 0 35 0 0 13 0 0 25 0 0 24 26 0 0 0 0 0 0 0 0 0 0 0 7 0 0 0 0 0 0 0 9 0 0 1 0 10 1 1 34 0 0 0 0 0 0 0 0 0 0 0 0 0 0 0 0 0 0 0 0 0 0 
 2 2 4 1 2 2 1 1 1 1 2 2 1 1 0 0 1 2 2 2 0 1 6 4 6 1 2 0 3 2 0 3 2 2 1 2 5 13 2 2 146 32 119 163 37 51 124 102 30 173 298 0 32 76 84 158 100 188 44 109 0 0 0 0 0 0 0 0 0 0 0 0 2 0 0 0 0 0 58 0 0 0 0 0 0 0 1 0 0 0 0 0 0 0 0 0 0 0 0 0 0 0 12 0 6 0 0 0 0 0 2 0 6 0 0 10 0 0 0 0 8 8 0 23 0 0 5 9 25 0 11 24 0 0 13 0 6 35 2 11 0 0 0 0 0 7 2 1 0 0 0 0 14 0 0 0 7 0 0 0 0 0 0 0 0 0 0 0 7 0 0 0 0 0 0 0 0 0 0 0 0 0 10 0 14 0 0 0 9 0 3 0 0 0 0 0 0 5 0 0 0 0 17 0 19 0 0 7 55 15 0 26 0 8 3 0 50 0 0 0 0 0 0 0 0 0 0 0 17 0 0 0 0 2 37 0 0 0 0 0 0 0 0 0 0 0 0 0 0 2 0 7 0 1 0 0 0 0 2 2 0 22 0 0 0 4 2 2 0 0 9 0 0 0 0 0 0 0 0 0 0 9 0 0 0 0 0 4 0 0 
 2 0 0 0 0 0 0 0 0 0 0 0 0 0 0 0 0 0 0 0 0 1 31 91 69 28 0 0 27 0 0 132 0 0 0 4 30 0 0 5 203 109 310 273 295 34 303 239 85 63 315 32 0 171 24 35 108 42 84 248 0 0 0 9 0 0 0 0 0 0 0 0 0 0 0 0 0 0 0 53 0 0 0 0 0 0 0 0 0 0 0 0 0 0 0 0 0 0 0 0 0 0 0 1 19 10 0 0 0 0 14 1 0 15 0 0 0 9 0 0 1 0 0 12 0 0 33 15 0 20 20 0 11 0 23 0 13 1 1 3 3 0 0 0 0 0 0 0 26 0 0 0 0 0 0 6 0 0 0 1 0 0 0 0 0 0 0 0 0 0 0 0 0 0 0 0 0 0 0 5 0 0 0 0 35 20 0 0 0 14 0 1 0 0 0 0 0 0 0 0 0 31 6 0 0 0 5 9 0 0 13 0 15 0 0 21 1 0 0 37 0 0 0 0 0 0 0 0 0 0 0 0 0 0 0 0 0 0 0 0 0 0 0 0 0 0 0 0 0 0 0 4 0 0 0 0 0 27 0 2 0 3 0 0 68 2 0 0 1 0 0 0 0 0 0 0 0 0 0 0 0 0 0 0 19 0 1 0 0 0 
 64 0 0 0 0 0 0 0 0 0 0 1 0 0 0 0 0 0 0 0 0 2 63 0 5 65 0 0 63 0 2 3 3 0 0 1 64 0 0 0 414 70 148 153 97 40 245 142 88 149 42 76 171 0 208 194 258 271 164 352 0 0 0 8 3 0 0 0 0 51 0 0 0 0 0 46 0 0 53 0 0 0 0 0 0 0 0 0 0 0 0 0 0 0 0 0 0 0 0 0 0 0 0 0 8 2 0 0 0 0 15 0 0 0 0 0 0 7 0 0 9 0 27 25 34 0 6 8 27 0 0 22 12 7 72 0 18 6 0 0 0 0 0 0 0 5 0 13 0 0 0 0 0 1 0 0 0 0 0 0 0 0 0 0 0 0 0 0 0 0 0 0 0 0 0 0 0 0 0 0 0 0 0 0 15 20 0 0 0 0 0 21 0 0 0 0 0 0 0 0 15 0 28 11 15 0 0 7 12 46 22 11 10 8 19 0 8 13 1 29 0 0 0 0 0 0 0 0 0 0 0 0 0 0 0 12 0 0 0 0 0 0 0 0 0 0 0 0 0 0 0 4 0 0 0 0 0 0 0 0 0 0 65 0 0 0 1 0 0 0 10 0 0 0 0 0 4 0 0 0 0 0 0 0 9 0 8 13 0 0 
 2 0 2 1 2 3 2 1 1 2 3 1 1 66 0 3 1 0 2 1 0 0 0 0 0 82 2 0 0 0 0 0 0 0 0 0 0 0 62 0 109 112 172 114 61 45 412 55 168 76 274 84 24 208 0 176 149 93 54 72 0 0 0 0 6 0 0 0 4 0 0 0 0 21 0 0 0 0 0 5 0 0 0 5 0 0 0 0 8 0 0 0 0 0 0 0 0 0 0 0 0 0 0 0 1 0 0 0 0 0 0 0 0 0 0 0 0 0 0 0 9 11 11 11 13 0 0 12 34 55 6 6 2 2 10 18 19 0 28 0 7 10 8 0 0 10 1 9 12 0 0 0 0 8 5 1 0 10 0 0 0 0 0 0 15 0 0 0 0 0 0 0 0 0 0 0 0 0 0 0 0 0 0 0 0 0 0 0 0 0 0 0 0 0 0 0 18 0 0 0 0 0 14 18 12 55 13 0 12 30 9 36 14 0 34 26 19 16 18 0 1 6 4 9 12 6 7 18 12 0 8 0 0 0 0 0 5 0 10 1 0 0 4 0 0 0 0 0 0 0 0 11 0 0 0 0 0 0 0 10 0 0 5 1 1 7 0 0 2 0 11 0 0 0 0 10 0 0 0 0 0 0 0 0 0 0 0 19 0 0 
 2 2 0 3 1 2 0 0 1 2 0 6 0 0 1 2 0 2 0 0 67 2 0 25 12 2 2 0 1 2 1 2 0 5 2 2 17 5 0 2 91 39 298 312 90 89 409 124 53 299 185 158 35 194 176 0 61 106 40 55 0 0 0 5 2 0 0 0 0 0 0 1 0 0 0 0 2 0 2 0 0 0 0 0 0 0 0 0 0 0 0 0 0 0 0 0 0 0 0 0 0 0 7 0 2 0 0 0 0 0 0 0 0 0 7 3 0 0 0 0 14 9 16 14 22 0 2 19 33 0 21 7 4 74 15 0 11 14 7 4 0 0 0 0 0 0 0 0 0 0 0 0 0 0 6 0 0 0 0 0 0 0 0 0 0 0 0 0 0 17 0 0 0 0 0 0 0 0 11 0 5 0 5 0 8 0 0 0 7 0 3 0 0 0 0 0 0 7 0 0 0 14 17 16 47 0 0 14 30 27 17 10 0 41 22 0 0 10 5 0 0 0 0 0 0 0 0 0 0 0 0 0 0 0 0 0 0 0 1 0 0 0 0 0 0 0 1 0 1 0 0 6 0 2 0 0 0 1 1 0 0 0 1 0 8 0 2 1 0 0 0 0 0 0 0 0 0 0 0 0 0 3 0 0 0 12 0 12 0 0 
 1 0 0 0 0 0 0 0 0 0 0 0 0 66 6 0 58 0 0 0 0 0 0 0 0 62 0 0 0 0 0 19 0 0 0 0 0 0 0 2 23 173 49 73 51 57 250 254 43 114 119 100 108 258 149 61 0 335 31 106 0 0 0 0 0 0 4 0 0 0 0 0 3 0 0 0 4 0 4 0 0 0 0 0 0 0 0 0 0 0 0 0 0 0 0 0 0 0 0 0 0 0 0 0 11 1 0 0 0 0 0 1 0 0 0 0 0 0 22 0 0 4 0 45 11 0 1 0 8 37 29 1 1 0 16 2 6 0 1 0 10 0 8 0 0 0 37 0 5 0 0 0 2 2 0 5 0 0 10 2 0 0 0 1 0 0 0 10 0 0 0 0 0 0 0 0 0 0 11 0 0 0 0 3 0 0 0 0 0 0 0 0 0 0 0 0 0 0 0 0 0 18 0 0 0 0 20 8 0 4 26 5 17 0 9 9 0 17 1 0 1 0 0 0 0 0 19 0 0 4 0 0 0 0 0 10 0 5 27 0 0 0 0 0 0 0 0 0 0 0 0 10 0 0 0 0 0 0 0 21 0 0 0 0 4 4 0 2 1 0 0 0 0 0 0 0 0 0 0 0 0 0 0 0 0 8 0 0 0 0 
 0 0 1 0 0 0 2 1 1 0 0 0 0 0 0 0 2 0 0 0 0 0 1 0 0 0 0 0 0 0 0 2 1 0 0 0 0 0 0 62 152 149 139 57 76 53 95 307 71 257 212 188 42 271 93 106 335 0 101 58 52 0 4 3 0 0 52 0 3 0 0 0 0 0 0 0 3 3 51 10 0 0 0 0 0 1 0 0 6 0 0 0 0 0 0 0 0 0 0 0 0 0 0 0 0 0 0 0 0 0 0 0 0 0 0 0 0 0 0 0 10 0 0 0 11 17 0 22 11 0 0 58 46 2 0 5 1 4 0 0 0 0 0 9 0 0 8 0 0 0 0 0 5 1 0 0 0 0 0 1 0 0 0 0 0 0 0 0 0 7 0 0 0 0 0 0 0 0 0 0 0 0 0 0 0 0 0 0 0 0 0 0 0 0 0 0 0 0 0 0 0 13 16 0 22 20 0 0 31 12 0 19 22 0 15 19 0 0 0 0 0 0 0 11 0 0 44 11 0 10 0 0 42 0 10 1 0 0 9 7 0 0 0 0 0 0 0 0 2 0 0 26 1 0 2 0 0 1 0 9 2 0 0 0 0 4 3 35 0 0 0 0 0 0 2 0 0 0 0 0 0 0 0 0 0 15 0 11 0 0 
 3 0 0 2 0 0 0 0 0 0 3 0 0 0 0 0 7 0 0 0 1 2 0 0 5 70 0 0 27 0 3 1 3 63 1 0 0 35 0 4 118 93 88 79 75 48 140 49 159 96 108 44 84 164 54 40 31 101 0 144 0 0 0 4 0 0 0 0 0 0 0 0 0 7 4 2 8 0 0 0 0 0 0 0 0 0 7 0 0 2 0 0 0 0 0 0 0 0 0 0 0 18 18 48 11 6 0 0 30 0 0 29 0 0 0 0 0 36 0 0 12 0 22 1 0 0 10 10 20 11 0 0 48 40 0 16 0 13 8 10 0 0 0 0 0 0 0 0 0 0 0 0 0 0 0 0 0 0 0 0 0 0 0 0 0 11 0 0 0 0 0 0 0 0 0 0 0 0 0 0 0 0 0 0 5 13 0 0 0 7 11 0 0 1 0 38 18 21 0 0 35 14 6 18 28 0 1 12 21 0 8 33 31 18 47 0 12 10 25 0 0 0 0 0 0 0 0 0 0 0 0 0 0 0 0 0 0 0 0 0 0 0 0 0 0 0 0 0 0 0 0 8 0 0 0 0 0 65 0 0 0 0 0 0 0 2 0 0 0 0 0 0 0 0 0 0 0 0 0 0 0 0 0 0 0 14 0 0 0 0 
 0 2 1 1 1 2 0 0 1 0 0 2 0 0 2 0 0 0 0 0 2 2 59 86 0 65 2 1 67 1 0 24 3 2 3 1 65 2 2 1 68 57 47 31 299 46 34 53 64 90 129 109 248 352 72 55 106 58 144 0 0 0 0 5 2 0 0 0 0 0 0 0 0 21 0 0 2 0 0 0 0 0 0 0 0 0 0 0 0 0 0 0 0 0 0 0 0 0 0 12 0 0 0 0 6 20 0 0 0 0 12 8 0 0 0 0 0 6 0 0 0 0 1 9 0 0 45 0 0 6 15 0 34 0 16 0 52 0 8 10 1 1 1 0 0 2 0 1 2 0 2 1 2 2 1 6 22 1 0 1 0 0 0 0 0 0 0 0 0 0 0 0 0 0 0 0 0 0 0 0 0 0 0 0 17 10 0 0 0 0 0 18 0 0 0 0 0 0 0 0 0 17 0 0 0 0 10 8 0 0 8 0 11 0 0 0 2 0 16 35 39 2 2 0 1 2 1 2 0 1 0 2 0 0 0 0 2 2 1 0 0 0 0 0 0 0 1 0 0 0 0 10 0 0 0 0 0 70 1 0 0 10 0 2 70 0 2 2 1 0 2 0 0 0 0 0 0 0 0 0 0 0 0 0 10 0 8 0 0 0 
 3 3 3 3 3 3 3 3 3 3 3 4 3 3 3 3 3 0 3 4 3 3 3 18 0 3 3 10 3 8 10 3 3 3 3 3 3 3 3 6 1 0 2 0 48 52 0 0 0 2 51 0 0 0 0 0 0 52 0 0 0 146 149 349 91 477 103 93 417 80 77 83 208 105 388 265 34 20 53 127 0 0 0 0 0 0 0 0 0 2 0 0 0 0 0 0 0 0 0 0 6 3 0 0 0 0 0 3 0 0 0 3 0 17 7 8 10 0 0 0 0 0 0 0 0 13 0 0 0 0 0 0 0 0 0 0 0 6 0 4 9 4 0 0 0 11 0 0 0 7 1 12 9 0 0 0 24 15 3 7 0 0 0 0 0 0 0 0 0 0 0 0 0 0 0 0 0 0 0 0 0 0 0 0 0 0 0 11 0 0 3 0 0 8 3 0 0 5 0 0 0 0 0 0 9 4 0 0 0 0 7 1 0 0 0 0 0 0 0 0 0 36 14 36 1 12 7 43 7 8 0 19 2 8 0 35 0 0 7 9 0 0 0 0 0 0 0 0 0 0 0 0 0 0 4 0 0 0 0 0 0 0 0 0 0 0 0 0 0 0 2 2 53 11 0 64 0 0 0 0 0 0 0 0 0 2 0 0 0 0 
