 0 382 397 199 40 111 94 450 190 226 214 25 368 60 312 150 37 578 137 107 0 0 0 0 0 0 2 1 3 0 0 2 3 0 0 0 0 2 0 3 69 3 2 0 0 2 0 0 0 0 0 0 0 0 0 0 0 2 0 0 0 0 3 0 3 0 0 0 0 0 0 3 0 3 0 2 0 59 0 41 9 0 9 9 7 23 0 0 0 0 13 0 0 24 8 20 16 1 11 0 0 0 0 0 0 0 21 0 0 0 0 0 0 0 0 0 0 0 6 0 0 0 0 0 0 0 0 0 0 0 2 0 0 0 0 0 0 2 0 0 0 0 0 0 0 0 0 0 0 0 0 0 0 0 0 0 1 0 0 0 1 7 0 1 0 0 27 14 43 0 0 0 1 0 3 46 13 7 0 10 0 0 0 0 1 0 0 0 0 0 0 18 0 8 0 0 0 0 2 9 0 0 0 0 0 0 0 0 0 0 0 0 0 0 0 0 0 0 0 2 0 0 0 0 0 0 0 0 0 0 0 0 0 0 0 0 0 0 0 0 0 0 0 0 0 1 2 0 2 9 0 15 0 0 0 0 0 0 0 0 0 0 0 0 0 30 0 0 0 0 0 0 0 0 0 13 6 41 0 0 0 0 0 0 0 0 0 0 0 0 
 382 0 316 162 51 39 200 289 60 208 213 30 52 43 175 541 28 170 337 36 0 0 3 0 0 0 2 1 3 0 0 2 3 0 0 0 0 0 0 3 66 3 2 0 0 2 0 0 0 3 0 0 0 0 0 0 0 2 0 0 0 45 3 0 3 0 0 0 0 0 0 3 0 3 0 2 0 7 0 0 26 20 21 1 10 30 21 24 9 25 10 1 0 0 2 0 25 13 0 0 0 0 0 0 0 0 1 0 0 0 0 0 0 6 10 2 0 1 1 0 0 0 0 8 10 0 0 0 0 3 9 11 0 0 0 4 0 0 0 0 0 0 0 0 0 0 0 0 0 0 0 0 8 0 0 0 0 0 9 0 0 0 27 0 0 0 1 64 10 10 2 28 10 44 17 39 0 30 10 0 0 0 1 0 1 0 9 0 0 0 0 0 0 9 0 0 0 0 10 6 1 0 2 0 0 0 0 1 1 0 0 0 0 0 0 0 0 0 0 0 0 0 0 0 0 0 0 0 0 0 0 0 0 0 0 8 0 0 10 0 0 13 0 0 0 4 8 0 0 3 0 7 0 1 0 0 0 0 0 0 0 0 0 0 0 0 0 0 0 0 0 0 0 0 0 17 1 13 0 0 0 0 0 0 0 2 0 6 0 0 
 397 316 0 181 137 363 107 87 177 88 47 399 61 70 98 311 126 141 259 31 0 1 0 0 0 0 2 0 3 0 0 2 3 1 0 0 0 0 25 159 3 3 0 0 0 24 0 0 0 0 0 4 0 0 0 0 0 3 0 0 0 0 3 3 1 0 0 0 0 0 0 3 0 2 0 3 0 1 0 0 0 0 44 18 19 0 12 0 12 0 0 38 8 13 0 24 32 0 0 0 3 0 0 15 0 0 0 0 0 0 0 0 20 0 7 13 0 0 0 3 0 0 0 0 0 0 0 0 0 0 0 0 0 0 0 0 0 0 0 0 0 0 0 0 0 0 0 0 0 2 0 0 0 8 0 0 0 0 0 0 0 0 0 17 11 11 20 0 10 11 22 21 12 0 0 16 0 11 0 0 11 0 0 0 0 1 27 0 0 0 0 0 0 0 0 1 3 0 33 32 0 0 0 0 0 0 0 0 0 0 0 0 0 0 0 1 0 0 0 0 0 0 0 0 0 0 0 0 0 0 0 1 0 0 0 0 0 10 0 0 0 0 0 0 0 0 46 2 0 2 0 5 0 2 0 0 0 0 0 0 0 0 9 0 0 0 0 0 0 0 0 0 0 0 0 0 0 0 0 0 0 0 0 0 0 0 0 0 0 0 
 199 162 181 0 295 59 86 79 202 225 134 34 146 93 61 61 30 82 68 85 4 2 4 2 99 1 102 1 3 1 2 3 6 4 5 3 2 2 4 3 66 2 1 4 0 5 2 2 0 2 78 2 0 3 2 0 4 6 0 0 0 0 5 7 2 0 1 3 3 0 0 5 0 3 0 3 0 7 0 2 0 0 0 0 28 16 0 11 0 10 0 0 0 7 0 8 18 0 0 0 0 0 0 0 0 0 11 0 0 0 0 0 50 22 0 0 0 0 0 2 0 0 0 0 0 0 0 0 0 0 0 13 0 0 0 0 0 0 0 0 0 0 0 0 0 0 0 0 0 0 0 0 0 0 0 0 0 0 0 0 0 0 0 0 6 29 21 1 16 0 0 0 1 0 0 36 0 0 0 7 0 37 0 0 0 0 0 0 0 0 0 0 21 7 1 10 0 0 0 26 0 0 0 0 6 25 0 0 0 0 0 0 0 0 0 12 0 0 0 0 0 0 0 0 0 0 0 0 0 0 0 0 0 0 0 0 0 0 0 0 0 0 0 0 0 2 2 0 0 87 1 3 0 0 1 0 0 2 2 1 0 0 2 0 0 0 0 0 0 0 0 0 0 0 0 0 0 0 0 0 0 0 0 0 0 0 0 0 0 0 
 40 51 137 295 0 176 42 74 86 68 100 308 253 700 43 58 261 53 459 69 0 0 35 1 0 0 112 5 3 72 0 2 62 0 284 74 75 2 100 108 4 3 5 0 0 2 0 0 0 0 0 0 0 0 0 0 0 2 0 0 0 0 3 0 3 0 0 0 0 0 2 2 0 3 3 2 0 3 0 0 0 0 0 0 12 21 0 0 0 0 0 21 0 1 0 10 1 29 0 0 15 20 7 7 0 0 10 8 0 9 0 0 30 12 53 22 20 11 22 1 0 0 0 0 0 0 0 0 0 0 0 0 0 0 0 0 0 0 0 0 0 0 17 1 3 0 0 0 0 0 0 0 0 0 0 0 4 0 0 0 0 0 0 9 14 15 0 0 5 3 0 0 0 0 0 0 0 0 0 0 51 22 12 15 0 0 37 7 10 22 1 7 34 11 0 38 11 7 43 10 0 0 0 1 0 0 0 0 0 0 0 0 0 0 0 0 0 0 0 0 0 0 0 0 15 0 0 0 0 0 0 0 0 0 0 0 0 15 0 0 0 0 8 0 0 0 0 0 2 4 2 8 0 0 0 0 2 0 0 0 0 0 0 0 0 0 14 0 0 0 0 0 0 0 0 0 0 0 0 0 0 1 0 0 0 0 0 0 0 0 
 111 39 363 59 176 0 49 340 68 206 84 347 29 256 155 98 274 145 274 35 0 0 79 0 0 0 83 0 3 89 76 2 14 4 289 37 0 1 219 100 4 2 0 0 0 3 0 0 0 0 1 0 0 0 0 0 0 5 0 0 0 0 3 1 3 0 0 0 1 0 0 3 0 3 0 3 0 1 0 4 0 0 0 0 28 6 0 0 0 0 34 36 0 0 0 15 0 14 0 0 0 37 0 0 0 0 29 39 15 2 0 0 27 16 21 19 15 0 53 12 0 0 0 0 0 0 0 0 0 0 0 0 0 0 0 0 0 0 0 0 0 0 1 0 0 0 0 0 0 0 0 0 0 0 0 0 0 11 0 0 0 19 2 20 15 21 0 0 0 3 24 24 0 0 0 12 0 0 0 0 32 9 2 0 0 0 22 32 0 38 1 11 0 30 21 1 1 0 26 1 0 0 0 0 0 0 0 0 0 0 0 0 0 0 0 0 0 0 0 0 0 0 0 0 11 0 1 0 0 0 0 0 0 0 0 0 0 0 0 0 0 0 11 0 0 11 0 0 5 6 0 7 0 0 0 0 0 0 0 0 2 0 0 0 0 0 17 0 0 0 0 0 0 0 0 14 19 8 0 0 0 0 0 0 0 0 0 0 0 0 
 94 200 107 86 42 49 0 76 351 254 131 36 79 137 227 122 163 265 111 61 0 0 0 0 0 0 2 1 3 0 0 2 3 0 0 0 0 0 0 3 4 3 2 0 0 2 0 0 0 0 0 0 0 0 0 0 0 2 0 0 0 0 3 0 3 0 0 0 0 2 0 2 0 32 0 2 0 47 0 0 101 28 1 12 0 0 25 42 24 32 14 1 17 0 2 0 15 31 10 0 0 0 0 0 0 0 0 0 0 0 0 0 0 0 0 0 0 0 15 0 0 0 12 0 0 0 0 21 0 0 1 0 0 0 0 0 0 0 0 0 0 0 0 0 0 2 0 0 0 0 0 0 0 0 0 0 0 1 0 0 7 0 53 0 6 0 38 50 0 17 0 75 52 39 23 20 8 13 22 16 0 0 0 0 0 0 0 0 0 0 0 0 2 0 0 0 0 0 0 0 0 0 0 0 0 0 0 0 0 0 0 0 0 0 0 0 0 0 0 0 0 0 0 0 0 0 0 0 15 0 1 0 7 0 0 0 0 0 0 0 0 13 0 0 0 0 8 0 2 2 0 7 0 0 0 0 0 0 0 0 0 0 0 0 0 0 0 0 0 0 0 0 0 13 0 1 9 0 0 0 0 0 0 0 0 0 0 0 0 0 
 450 289 87 79 74 340 76 0 177 121 351 46 462 179 148 274 97 83 216 53 0 0 0 5 0 0 2 5 3 0 0 2 3 1 0 3 0 2 0 3 3 1 1 0 0 3 0 0 0 3 3 0 0 0 0 1 0 2 0 6 0 0 3 3 1 0 0 0 0 0 0 3 0 3 0 3 36 45 2 0 46 1 16 4 0 24 5 13 0 25 15 0 15 1 10 30 14 7 2 22 0 0 0 0 22 11 0 0 0 0 0 0 0 0 0 0 0 0 9 0 0 0 0 0 0 0 0 0 0 0 0 0 0 0 0 0 0 0 0 0 0 0 0 0 0 0 0 0 0 0 19 0 0 0 15 0 0 0 0 3 14 46 0 11 0 10 15 0 19 10 0 0 0 0 15 21 27 0 0 10 0 0 0 0 0 0 0 0 0 0 0 0 0 0 0 0 0 0 10 0 0 0 0 0 0 0 0 0 0 0 0 0 0 0 0 0 0 32 0 0 0 0 0 0 0 0 0 0 0 0 0 0 0 0 0 0 31 0 0 0 0 0 0 0 0 0 3 0 89 13 2 6 13 0 0 0 0 0 0 0 0 0 0 0 0 0 0 0 0 0 0 0 0 0 0 0 10 0 0 0 0 0 0 0 0 0 0 0 0 0 
 190 60 177 202 86 68 351 177 0 191 311 91 338 183 380 697 157 47 378 163 0 0 0 0 0 0 2 2 3 0 0 2 87 1 2 0 0 0 149 141 68 1 2 0 0 3 0 0 0 0 0 4 0 0 0 0 0 2 0 0 0 0 3 3 1 0 0 0 0 0 0 3 0 2 0 3 0 54 0 0 16 1 24 32 32 4 14 14 0 27 0 31 0 9 31 0 42 0 0 0 0 0 0 0 0 6 25 0 0 0 0 0 0 0 0 0 0 0 5 10 0 0 0 0 0 0 0 0 0 1 0 0 0 0 0 0 0 0 0 0 0 0 0 0 0 0 0 0 0 0 4 0 0 31 0 0 0 0 0 0 4 0 13 0 0 1 5 42 31 0 23 36 0 20 0 42 0 30 9 0 0 0 0 0 0 0 3 14 0 0 0 0 11 11 0 20 0 0 0 23 0 0 0 0 0 0 0 0 0 0 0 0 0 0 0 0 7 0 0 0 0 0 0 0 0 0 0 0 0 0 0 0 0 0 1 0 0 0 0 0 0 0 0 0 0 2 0 0 2 92 12 3 0 0 0 0 0 0 0 0 0 0 0 0 0 0 0 0 0 0 0 0 0 0 0 0 43 0 0 0 0 0 0 0 0 0 0 0 0 0 
 226 208 88 225 68 206 254 121 191 0 230 66 52 75 217 201 57 136 78 300 2 2 0 0 2 0 3 2 3 0 0 2 76 1 0 0 0 0 82 3 34 3 0 0 0 2 0 0 0 0 65 0 0 0 0 0 0 2 0 0 0 0 3 1 3 0 0 0 0 0 0 3 0 3 0 3 0 13 0 0 0 12 22 36 29 29 0 0 0 27 37 15 0 22 6 1 16 0 0 0 0 0 0 0 0 0 13 0 0 0 0 0 17 47 0 0 7 0 0 21 0 0 0 0 0 0 0 0 0 0 0 0 0 0 0 0 0 0 0 0 0 0 2 0 0 0 0 0 0 0 0 0 0 0 0 0 0 0 0 0 0 36 0 9 9 33 0 0 33 0 11 0 0 0 28 39 0 3 0 0 0 16 0 0 0 0 0 2 0 0 0 0 15 28 1 2 0 0 18 36 0 0 0 0 0 0 0 1 0 0 0 0 0 0 0 0 0 0 0 0 0 0 0 0 1 0 2 0 0 0 0 0 0 0 0 0 0 0 0 0 0 0 0 0 0 0 1 0 91 174 8 2 0 0 2 0 0 0 0 0 0 0 0 0 0 0 0 0 0 0 0 0 0 0 0 13 0 13 0 0 0 0 0 0 0 0 0 0 0 0 
 214 213 47 134 100 84 131 351 311 230 0 66 140 40 199 272 252 140 121 60 0 0 0 0 0 0 79 2 3 0 0 2 4 1 0 0 0 0 1 5 3 2 0 0 0 3 47 0 0 0 0 0 0 0 0 0 1 2 0 0 0 0 3 3 1 0 0 3 0 0 0 3 0 2 0 3 0 37 0 0 12 29 50 22 34 31 14 9 0 37 2 26 0 10 15 0 20 10 0 0 0 0 0 0 0 0 10 0 0 0 0 0 21 15 0 0 0 0 5 21 0 0 1 0 0 0 0 0 0 0 0 0 0 0 0 0 0 0 0 0 0 0 0 0 0 0 0 2 0 0 29 0 1 21 0 0 0 0 0 0 42 10 12 11 10 13 5 20 37 17 0 14 11 8 39 24 0 10 8 1 0 21 0 0 0 0 0 0 0 0 0 0 32 0 0 12 0 0 0 9 0 0 0 0 0 0 0 0 0 0 0 0 0 0 0 0 0 7 0 0 0 0 0 0 0 0 0 0 0 0 0 0 0 0 2 0 0 0 0 0 0 0 1 0 0 10 0 0 92 107 24 2 0 0 0 0 0 0 0 0 0 0 0 0 0 0 0 0 0 0 0 0 0 0 0 1 9 0 0 0 0 0 0 0 0 0 0 0 0 0 
 25 30 399 34 308 347 36 46 91 66 66 0 32 44 145 122 186 75 21 56 1 0 0 0 0 0 77 0 211 0 0 2 222 0 0 0 1 0 136 99 3 3 2 0 0 2 0 0 0 0 1 8 0 0 0 0 0 2 0 0 0 0 3 1 3 0 0 4 1 0 11 3 2 3 0 3 0 1 0 0 0 0 15 7 19 9 0 0 0 0 13 29 0 0 0 8 0 0 0 0 0 1 0 0 0 0 2 19 11 14 0 0 25 10 75 0 20 0 9 19 0 0 0 0 1 0 12 0 0 0 0 0 0 0 0 9 0 0 0 0 0 0 0 0 6 0 0 0 0 0 0 0 0 0 0 1 9 1 2 0 0 0 0 4 11 9 0 0 0 27 8 20 0 0 1 0 0 0 0 0 14 10 10 0 0 0 35 0 1 10 0 0 16 14 0 0 0 0 29 30 0 0 0 0 0 0 0 0 0 0 0 0 0 0 0 1 0 0 0 0 0 6 0 0 0 0 0 0 0 0 0 0 0 0 0 0 0 0 0 1 0 0 0 0 0 2 0 1 0 4 0 2 0 0 1 0 0 0 0 0 0 0 1 0 0 0 10 0 0 0 0 0 0 0 0 0 0 0 0 0 0 0 0 0 0 0 0 0 0 0 
 368 52 61 146 253 29 79 462 338 52 140 32 0 373 52 89 47 131 237 124 0 0 0 0 0 0 2 1 3 0 0 2 3 0 3 0 0 0 0 3 11 3 1 0 0 2 0 51 0 0 0 0 0 0 0 0 1 66 0 0 0 0 3 0 3 0 0 0 0 0 0 3 0 3 0 2 0 2 0 0 0 25 1 4 0 0 0 38 16 16 0 2 44 21 48 20 7 14 18 51 0 0 0 0 0 23 0 0 0 0 0 0 0 0 0 0 0 0 0 0 0 0 2 1 0 0 0 0 0 0 0 0 0 0 0 0 0 0 0 0 0 0 0 0 0 0 0 1 0 0 1 0 2 0 1 0 6 0 5 0 15 23 15 1 0 0 21 0 0 0 0 0 16 0 0 0 16 0 19 40 0 0 0 0 0 0 0 0 0 0 0 0 0 0 0 1 0 0 0 0 0 0 0 0 2 0 0 0 0 0 0 0 0 0 0 0 0 0 6 0 0 0 0 0 0 0 0 0 0 0 0 0 0 0 0 0 0 0 0 0 0 13 0 0 0 0 2 0 3 5 2 18 19 0 0 0 0 0 0 0 0 0 0 0 0 0 2 0 0 0 0 0 0 0 2 0 0 0 0 0 0 0 0 0 0 0 0 0 0 0 
 60 43 70 93 700 256 137 179 183 75 40 44 373 0 85 124 137 45 94 238 0 0 0 0 0 1 206 2 3 0 0 2 3 0 204 0 0 1 0 3 2 3 1 0 0 2 0 67 0 0 0 0 0 0 0 0 0 2 0 0 0 0 3 0 3 0 0 0 0 0 0 2 0 3 0 2 29 3 0 0 2 5 0 17 1 10 0 1 16 10 0 0 23 0 34 14 0 24 8 0 0 1 0 0 0 21 0 0 0 0 0 0 0 0 0 0 0 0 0 0 0 0 0 0 0 0 1 0 0 0 0 0 0 0 0 0 0 0 0 0 0 0 0 0 0 0 0 0 0 0 5 0 0 0 0 0 0 0 0 0 21 27 16 11 0 0 27 7 0 0 0 0 0 0 10 0 32 0 22 10 0 0 17 0 0 0 0 0 0 0 0 0 0 0 0 0 0 0 0 0 0 0 0 0 0 0 0 0 0 0 0 0 0 0 0 2 0 0 0 0 0 0 0 0 0 0 0 0 0 0 0 0 0 0 0 0 0 0 0 0 0 0 0 0 0 1 0 0 96 2 2 6 0 2 0 0 0 0 0 0 0 0 0 0 0 0 0 0 0 2 0 0 0 0 0 1 0 0 0 0 0 0 0 0 0 0 0 0 0 0 
 312 175 98 61 43 155 227 148 380 217 199 145 52 85 0 94 267 48 260 423 0 0 0 0 0 0 2 2 3 0 0 6 3 6 0 0 2 1 5 77 74 3 0 0 6 8 0 0 0 0 63 11 0 0 0 0 0 2 0 0 0 3 9 39 5 0 0 0 7 0 2 2 0 3 0 2 0 40 0 0 15 3 31 15 1 1 0 10 7 23 0 17 0 15 18 0 32 1 7 0 0 0 0 0 0 0 16 0 0 0 0 0 0 0 0 0 0 0 14 0 0 0 1 2 0 0 0 0 0 0 0 0 0 0 0 0 0 13 0 0 0 0 0 0 0 0 0 2 0 0 0 0 0 0 2 0 0 23 0 0 0 16 0 2 10 25 4 15 32 11 0 14 0 8 2 43 1 0 1 0 0 0 0 0 0 0 9 0 0 0 0 0 0 6 5 1 0 0 28 12 0 0 0 0 1 0 0 1 0 0 0 0 0 0 0 0 0 0 0 0 0 0 0 0 0 0 0 0 0 0 19 0 0 0 0 0 0 0 0 0 0 0 0 0 0 0 3 0 0 181 2 0 0 0 0 0 0 0 0 0 0 0 12 0 0 0 0 0 0 0 0 0 0 0 0 0 8 0 0 0 0 0 0 0 0 0 0 0 0 0 
 150 541 311 61 58 98 122 274 697 201 272 122 89 124 94 0 66 46 40 64 0 0 0 0 0 2 2 1 3 0 0 2 3 0 0 0 0 0 73 5 71 3 0 0 0 2 0 0 0 0 70 0 0 0 0 0 0 2 0 0 0 0 3 0 3 51 0 0 1 0 0 3 0 3 0 2 0 13 0 0 6 53 36 10 11 9 6 23 9 41 21 13 0 10 17 7 45 12 0 41 0 0 0 0 0 0 11 0 0 0 0 0 0 15 9 0 0 0 1 10 0 0 0 0 0 0 0 15 0 0 0 0 0 0 0 0 0 0 0 0 0 0 0 0 0 0 0 0 1 1 0 0 0 0 17 0 0 0 0 0 0 13 24 3 0 15 0 14 26 0 0 9 9 17 16 22 0 14 22 15 10 0 0 0 0 2 8 11 0 0 0 0 13 11 1 16 0 7 14 27 0 14 0 0 0 0 0 0 0 0 0 0 0 0 0 0 0 0 0 0 0 0 0 0 0 0 0 0 0 0 0 2 0 0 0 0 0 0 0 0 0 15 0 0 0 2 1 0 7 88 13 3 0 1 0 0 0 0 0 0 0 0 0 0 0 0 0 0 0 0 0 0 0 0 0 14 1 7 0 0 0 0 0 0 0 0 0 0 0 0 
 37 28 126 30 261 274 163 97 157 57 252 186 47 137 267 66 0 216 65 116 1 1 0 0 1 0 76 1 3 0 0 4 3 4 1 0 76 0 117 3 5 2 0 9 3 6 0 0 0 0 61 17 0 0 0 0 0 2 0 0 1 4 6 4 3 0 1 0 10 0 3 44 0 2 0 3 2 52 0 1 16 0 19 1 0 1 11 14 0 28 14 19 0 1 14 0 0 43 1 0 0 0 0 0 0 9 2 11 0 0 0 0 1 1 1 0 0 0 31 0 0 0 0 0 0 0 0 0 1 0 0 0 0 0 0 14 0 0 0 0 0 0 0 0 0 0 0 0 0 0 6 0 0 0 0 2 0 0 1 0 4 0 9 24 0 14 6 39 0 27 9 0 0 34 13 49 0 11 9 0 0 0 0 1 0 0 0 0 0 6 0 0 0 0 11 0 0 0 16 4 0 0 0 0 0 0 0 0 0 0 0 0 0 0 0 0 0 0 1 0 15 0 0 0 0 3 0 0 0 0 0 0 0 2 0 0 0 0 0 0 0 0 0 0 0 2 2 0 0 88 0 7 0 0 0 0 0 0 0 0 0 0 4 0 0 0 0 0 0 0 0 0 0 0 0 18 7 0 0 0 0 0 0 0 0 0 0 0 0 0 
 578 170 141 82 53 145 265 83 47 136 140 75 131 45 48 46 216 0 119 46 0 76 3 0 0 0 86 2 3 0 0 2 3 1 0 0 0 0 77 3 4 2 0 0 0 3 0 0 0 7 63 0 0 0 0 0 0 2 0 0 0 0 3 2 2 0 0 0 5 0 0 3 0 3 0 3 0 0 0 0 16 11 0 0 0 13 18 20 1 23 27 2 0 10 0 5 10 20 1 26 0 0 0 0 0 0 0 12 0 0 0 0 0 0 0 0 0 0 24 5 1 0 0 0 3 0 0 0 0 0 4 0 0 0 0 0 0 0 0 0 0 0 0 0 0 2 0 0 0 0 0 0 0 0 0 0 0 1 0 0 0 1 11 23 21 14 16 23 0 11 54 11 0 25 19 30 0 9 6 27 0 0 0 0 0 0 0 0 0 0 0 0 2 0 35 0 0 0 14 0 0 0 0 0 0 0 0 0 0 0 0 0 0 0 0 0 0 0 0 0 0 1 0 0 0 0 0 0 0 0 1 0 0 0 0 0 0 0 0 0 0 0 0 0 0 4 113 0 0 91 0 1 0 0 0 0 0 0 0 0 0 0 10 0 0 0 0 0 0 0 0 0 0 0 0 56 0 8 0 0 0 0 0 0 0 0 0 0 0 0 
 137 337 259 68 459 274 111 216 378 78 121 21 237 94 260 40 65 119 0 306 0 0 1 0 0 1 2 1 3 0 0 2 3 1 0 0 0 0 0 5 3 1 3 3 0 3 0 0 1 2 0 0 0 0 0 2 1 2 0 0 0 0 3 3 3 1 0 0 0 0 3 6 0 2 0 3 1 53 0 0 7 14 0 1 0 0 0 20 1 8 13 0 16 9 15 0 0 0 11 23 0 0 0 0 0 0 0 0 0 0 0 0 0 0 0 0 0 0 13 0 0 0 0 0 0 0 2 0 0 0 0 0 0 0 0 0 0 0 0 0 0 0 0 0 0 0 0 0 0 0 0 0 0 0 0 0 14 0 14 0 0 13 0 0 0 0 15 36 0 2 0 0 11 6 0 7 11 0 24 35 0 0 0 0 0 0 10 0 0 0 0 0 0 0 2 0 0 0 0 0 10 0 0 0 0 0 0 14 0 0 0 0 0 0 0 0 0 0 0 0 0 0 0 2 0 0 0 0 1 0 0 0 0 0 0 0 0 0 0 0 0 0 0 0 18 0 2 0 2 1 0 5 0 0 0 0 0 0 0 0 0 0 2 0 0 0 0 0 0 0 0 0 0 0 0 0 7 0 0 0 0 0 0 0 0 0 0 0 0 0 
 107 36 31 85 69 35 61 53 163 300 60 56 124 238 423 64 116 46 306 0 0 0 0 0 0 0 2 1 3 0 201 204 3 0 1 0 0 0 0 3 2 3 0 3 0 2 0 0 0 0 0 0 0 0 0 0 0 2 0 0 0 0 3 1 52 0 0 0 0 0 0 3 2 3 0 2 18 1 0 0 12 2 0 2 0 0 2 66 10 1 0 0 0 6 14 10 0 0 28 45 0 0 0 0 0 1 5 0 0 0 0 0 0 13 0 0 0 0 0 0 0 0 0 0 0 0 0 0 0 2 0 0 0 0 0 0 0 0 1 0 0 0 0 0 0 0 0 0 0 0 7 0 0 0 0 0 0 0 13 0 7 0 0 1 0 0 10 11 20 0 0 2 0 27 0 0 18 0 11 0 0 0 0 0 0 0 0 0 0 0 0 7 0 0 0 0 3 0 8 0 0 0 0 0 0 0 0 0 0 0 0 0 0 0 0 0 0 0 0 0 0 0 0 0 2 0 0 0 0 0 0 0 0 0 12 0 1 0 11 0 0 0 0 0 0 1 0 2 1 2 1 8 21 0 0 0 0 0 0 0 16 0 0 0 0 0 0 0 0 0 0 0 0 0 0 0 0 0 0 0 0 0 0 0 0 0 0 0 0 0 
 0 0 0 4 0 0 0 0 0 2 0 1 0 0 0 0 1 0 0 0 0 99 191 126 37 29 122 138 183 75 27 47 118 145 197 62 157 152 43 188 2 0 4 2 0 0 3 0 0 0 0 0 0 0 2 3 1 1 0 0 0 0 3 0 2 0 0 0 0 5 52 3 0 0 0 0 2 2 0 45 0 0 0 0 0 15 0 0 0 0 0 0 0 0 0 0 0 0 0 0 10 2 18 11 19 13 15 15 7 27 12 0 0 0 23 15 23 27 0 0 0 0 4 0 0 0 0 0 0 0 1 0 0 0 0 0 0 0 0 0 0 0 0 0 0 0 0 1 0 7 0 8 0 0 0 0 0 1 0 0 0 0 0 0 0 0 0 21 0 0 0 0 0 0 0 0 0 0 0 0 37 19 3 17 33 12 13 12 0 12 0 14 29 50 28 16 16 14 0 0 0 0 0 9 0 0 1 0 0 0 0 0 0 0 0 0 0 0 0 1 0 13 0 0 2 0 0 0 0 0 0 0 0 0 0 0 0 0 0 0 0 0 0 0 0 0 0 0 0 0 0 0 0 0 17 2 2 77 0 1 1 0 0 0 0 0 0 0 0 0 0 0 0 0 0 0 0 0 0 0 0 0 0 0 0 15 0 0 0 0 
 0 0 1 2 0 0 0 0 0 2 0 0 0 0 0 0 1 76 0 0 99 0 156 120 27 41 73 79 268 63 22 31 164 370 237 157 78 136 119 129 2 0 4 0 0 0 3 0 0 0 0 0 0 0 2 3 0 0 2 0 0 0 3 0 2 0 0 0 0 0 6 4 0 0 0 0 2 3 1 0 0 0 0 0 0 0 0 0 19 0 0 0 0 0 0 0 0 0 0 0 37 22 16 26 11 19 23 10 23 1 27 52 1 9 7 0 2 19 0 3 0 0 0 0 0 0 0 0 0 0 2 0 0 0 0 0 0 0 0 8 0 0 0 0 0 0 0 0 0 3 0 0 6 0 0 0 0 1 0 0 0 0 0 0 0 0 0 0 0 0 0 0 0 0 0 0 0 1 0 0 21 8 14 36 27 19 3 12 24 1 11 0 8 1 13 13 25 22 0 0 0 0 0 11 0 0 0 0 0 0 0 0 0 1 0 0 0 0 0 2 0 0 0 0 2 0 0 0 0 0 0 0 0 0 0 0 0 0 0 0 0 0 0 0 0 0 0 0 0 0 0 0 0 0 7 0 0 0 0 0 21 0 0 0 0 0 0 0 0 0 0 0 0 0 0 0 0 0 0 0 0 13 0 0 0 0 0 0 0 0 
 0 3 0 4 35 79 0 0 0 0 0 0 0 0 0 0 0 3 1 0 191 156 0 379 187 125 136 297 147 308 189 446 57 212 320 326 271 65 37 18 1 0 5 0 0 0 6 0 1 3 0 0 0 0 2 3 0 0 0 0 0 0 3 0 3 0 0 0 0 0 3 2 0 0 0 0 2 4 0 0 0 0 0 0 0 15 0 0 0 0 0 0 0 0 2 0 0 0 0 0 20 2 32 12 14 2 0 0 0 0 11 3 0 0 11 0 25 18 2 1 21 0 0 0 0 0 12 2 2 0 0 0 0 0 0 9 0 0 0 0 0 0 3 0 0 0 0 0 0 0 0 0 0 0 0 0 0 0 0 0 0 0 1 0 11 6 0 4 0 0 0 0 2 0 1 0 0 0 0 6 1 29 0 24 22 2 0 16 0 0 31 40 18 0 28 38 14 62 0 0 0 0 0 14 0 0 0 0 0 0 0 0 21 0 0 0 2 0 0 9 0 0 0 0 1 0 0 0 0 0 0 0 0 1 0 0 2 0 0 0 0 0 3 0 0 0 0 0 0 0 0 0 0 0 14 0 2 102 0 0 0 14 0 0 0 0 0 0 0 0 0 0 0 0 0 0 0 0 0 0 0 21 0 0 0 12 0 0 0 2 
 0 0 0 2 1 0 0 5 0 0 0 0 0 0 0 0 0 0 0 0 126 120 379 0 179 55 262 200 801 447 78 116 264 245 374 122 227 326 72 77 32 0 5 0 0 0 21 66 0 0 0 61 0 20 2 3 0 0 65 81 0 0 3 0 2 0 0 0 0 0 10 3 0 0 0 0 2 3 0 0 0 0 0 0 0 0 0 0 0 0 0 0 0 0 0 0 0 0 0 0 11 1 16 12 20 15 0 0 7 0 39 20 0 0 22 1 18 0 0 0 36 11 0 0 0 0 25 33 0 0 0 0 19 15 0 9 0 1 18 12 0 0 0 0 0 0 5 0 0 0 0 0 0 0 0 0 0 0 0 0 0 0 0 0 0 0 0 0 0 0 0 0 0 0 0 0 0 0 0 0 10 14 15 25 11 24 0 11 21 1 2 8 0 0 0 0 10 26 0 0 13 10 0 14 1 0 21 0 0 0 0 0 9 11 0 0 7 0 0 1 0 0 0 0 0 0 0 0 0 0 0 0 0 0 0 0 0 0 0 0 0 0 0 0 0 2 0 0 0 0 0 0 0 0 11 2 4 2 164 0 3 0 0 0 0 0 0 0 0 0 0 0 0 0 0 0 0 0 0 11 0 0 0 0 0 0 0 0 0 0 
 0 0 0 99 0 0 0 0 0 2 0 0 0 0 0 0 1 0 0 0 37 27 187 179 0 148 49 181 91 131 308 171 67 223 104 120 128 86 70 96 1 0 5 0 0 1 56 63 0 0 0 0 0 54 2 3 0 0 66 118 0 0 3 6 2 0 0 0 0 0 3 3 0 0 0 0 2 3 0 0 0 0 0 0 0 0 0 0 0 0 0 0 0 0 0 0 0 0 0 0 29 0 35 12 3 0 9 11 8 0 1 45 0 0 0 0 2 28 0 0 44 24 0 0 0 0 18 22 0 0 2 0 15 55 0 11 0 0 19 19 0 0 0 0 0 0 10 0 0 0 0 0 0 0 13 0 0 1 0 0 0 0 0 0 0 0 0 0 0 0 0 8 0 0 0 0 2 1 0 0 14 0 8 34 23 2 0 2 17 1 8 29 0 0 10 0 10 0 0 0 29 9 0 0 0 0 19 9 17 0 0 0 8 1 13 2 9 0 0 0 0 0 0 0 2 0 0 0 0 0 0 11 0 0 0 0 0 0 0 0 0 0 0 0 0 0 0 0 0 0 0 0 0 0 15 0 1 159 76 0 0 2 0 0 0 0 0 0 0 0 0 0 0 0 0 0 0 0 0 0 0 12 0 0 0 13 0 0 0 0 
 0 0 0 1 0 0 0 0 0 0 0 0 0 1 0 2 0 0 1 0 29 41 125 55 148 0 37 117 334 358 329 142 16 57 131 97 61 283 64 52 0 3 3 62 2 0 3 65 0 0 0 0 50 84 68 37 64 0 0 110 0 0 3 0 2 0 0 0 0 0 3 3 0 0 0 0 2 3 0 6 0 0 0 1 0 0 0 0 0 0 0 0 0 0 0 0 0 0 0 0 0 9 0 0 8 0 0 0 16 2 11 0 0 0 0 9 12 32 0 0 13 24 12 0 7 0 26 12 0 7 0 0 8 30 11 0 66 13 33 35 0 0 5 0 0 0 2 0 0 0 0 0 0 0 0 0 0 0 0 0 0 0 0 0 0 0 0 0 0 0 0 0 0 0 0 0 0 0 0 0 0 0 15 11 2 12 0 0 0 1 39 11 0 0 0 1 9 11 0 0 25 28 1 0 0 0 26 0 12 7 14 0 11 0 0 25 11 24 21 8 0 0 0 0 0 0 0 0 0 0 0 0 27 0 0 0 0 0 12 0 0 0 0 0 0 0 0 0 0 0 0 0 0 2 6 0 5 76 81 0 6 12 0 0 0 0 0 0 0 0 0 0 0 0 0 0 0 0 0 0 0 2 0 0 0 0 0 0 0 0 
 2 2 2 102 112 83 2 2 2 3 79 77 2 206 2 2 76 86 2 2 122 73 136 262 49 37 0 71 596 33 35 50 448 245 546 42 31 51 97 348 1 0 5 0 0 0 3 0 0 0 7 0 0 0 2 3 0 0 0 0 0 0 3 0 2 0 0 0 5 0 3 3 0 0 50 0 3 3 0 36 0 2 0 0 0 12 0 0 0 0 17 58 0 11 1 0 0 0 0 11 0 22 0 0 0 14 17 6 29 49 0 0 19 28 23 0 28 0 38 37 0 0 0 0 0 14 0 0 1 0 0 0 0 0 0 0 0 0 1 0 0 0 0 0 0 0 0 0 8 4 0 6 0 0 0 0 0 0 0 0 0 0 2 18 10 19 2 5 0 18 10 14 1 0 0 0 0 0 0 0 9 19 3 10 12 0 14 1 1 29 0 0 36 26 31 2 0 0 24 37 0 0 0 0 2 0 0 0 0 0 0 0 0 0 0 7 0 0 0 1 0 0 0 0 9 35 0 0 12 0 15 0 0 2 0 0 0 0 0 0 0 0 12 0 0 1 0 0 0 0 0 0 0 0 1 0 0 0 0 0 0 2 0 0 0 0 11 0 0 0 0 0 0 0 0 20 0 0 0 0 0 0 0 0 0 0 0 0 0 0 
 1 1 0 1 5 0 1 5 2 2 2 0 1 2 2 1 1 2 1 1 138 79 297 200 181 117 71 0 284 152 261 42 76 194 93 55 553 435 85 42 2 0 4 0 0 0 4 0 0 0 0 0 0 0 3 3 1 0 5 0 0 0 3 0 2 0 60 0 0 0 3 3 0 50 0 0 2 3 2 0 0 0 0 0 0 0 0 0 0 0 0 0 0 0 0 0 0 0 0 0 9 6 26 38 38 18 0 0 23 3 13 21 0 8 0 13 0 17 0 0 0 0 0 0 0 0 8 0 0 0 0 0 0 0 0 0 0 0 4 0 0 0 5 0 0 7 0 0 0 0 0 0 1 0 0 2 0 0 0 0 0 0 0 0 0 0 0 0 0 0 0 0 0 0 0 0 0 0 0 0 0 1 30 31 25 18 0 13 33 0 17 1 0 0 12 0 16 42 14 0 1 0 0 0 1 0 13 0 0 0 0 0 2 10 0 0 0 0 0 1 0 0 0 9 0 0 0 0 0 0 0 2 0 0 0 0 0 0 0 0 0 0 0 0 0 3 0 0 0 1 0 0 1 0 16 2 0 2 77 0 2 16 0 0 0 0 0 0 0 0 0 0 0 0 0 0 0 0 0 0 0 10 0 0 0 20 0 0 0 2 
 3 3 3 3 3 3 3 3 3 3 3 211 3 3 3 3 3 3 3 3 183 268 147 801 91 334 596 284 0 478 144 132 275 275 363 255 120 326 65 56 64 0 5 0 0 0 3 0 0 0 0 0 63 0 7 3 0 0 0 0 0 0 3 0 2 0 0 0 0 37 3 2 0 0 0 0 2 3 0 51 0 0 0 0 0 1 0 0 0 0 2 0 0 7 0 0 0 0 0 0 29 45 10 59 22 13 12 30 29 14 23 16 9 12 0 0 8 0 0 6 19 0 0 0 0 0 13 0 0 0 0 0 0 1 0 0 0 0 0 20 0 0 0 0 0 0 0 0 0 1 0 0 4 0 0 0 0 0 0 0 0 0 0 0 0 0 0 0 0 0 0 0 0 0 0 0 0 0 0 0 23 33 22 10 9 14 10 11 0 0 12 0 9 10 14 0 19 18 0 0 0 0 0 13 0 1 24 0 0 0 0 0 16 14 0 0 2 0 0 34 0 0 0 0 0 0 0 0 0 0 0 1 0 0 0 0 0 0 0 0 0 0 0 0 0 0 0 0 0 0 0 0 0 0 8 0 0 0 35 0 13 2 0 0 0 0 0 0 0 0 0 0 0 0 0 0 0 0 0 11 0 0 0 1 0 0 0 0 0 0 
 0 0 0 1 72 89 0 0 0 0 0 0 0 0 0 0 0 0 0 0 75 63 308 447 131 358 33 152 478 0 173 41 85 88 192 211 117 140 85 184 32 0 4 0 0 0 4 63 1 0 0 0 0 0 2 3 0 0 0 84 0 25 3 0 2 0 0 0 0 0 26 3 0 0 0 0 2 3 0 0 0 0 0 0 0 0 0 0 0 0 13 0 0 0 2 0 0 0 0 0 10 12 0 0 27 11 0 0 2 0 30 29 0 0 50 0 34 27 20 0 26 9 0 0 0 0 9 14 2 0 0 0 4 9 0 0 0 1 28 0 0 0 5 0 0 0 0 0 0 0 0 0 0 0 0 0 0 0 0 0 0 0 1 0 0 1 0 0 0 0 0 0 2 0 0 0 0 0 0 0 33 10 14 33 12 0 0 25 0 0 0 23 0 11 9 16 24 19 0 0 0 9 0 8 0 0 19 6 0 0 0 0 8 0 0 0 2 0 0 3 0 0 0 0 9 0 0 0 0 0 0 1 0 1 0 0 2 0 0 0 0 0 7 0 0 0 0 0 0 0 0 0 0 0 19 0 2 76 75 0 4 10 0 0 0 0 0 0 0 0 0 0 0 0 0 0 0 0 0 11 0 12 0 0 0 0 0 0 0 2 
 0 0 0 2 0 76 0 0 0 0 0 0 0 0 0 0 0 0 0 201 27 22 189 78 308 329 35 261 144 173 0 356 35 25 225 316 107 46 57 63 1 0 4 0 2 0 22 0 0 0 0 0 20 19 2 3 16 0 63 71 0 0 3 8 2 0 0 0 0 0 3 3 0 0 0 50 2 5 0 0 0 0 0 0 0 0 0 0 0 0 0 0 0 0 0 0 0 0 0 2 14 12 14 0 1 1 10 0 18 0 1 34 0 0 2 11 20 1 29 0 27 16 0 0 0 0 11 25 0 0 0 0 9 38 0 10 0 0 21 68 0 0 0 0 0 0 3 0 0 0 0 0 0 0 9 0 0 0 0 0 0 0 0 0 0 0 0 0 0 0 0 0 0 0 0 0 0 1 0 0 23 0 9 8 7 49 0 9 0 28 13 16 2 6 9 0 0 4 0 0 11 0 0 0 0 0 42 18 13 0 0 0 1 0 38 0 10 0 0 1 0 0 2 0 0 0 0 0 0 0 0 0 0 0 0 0 0 0 0 0 0 0 0 0 0 0 0 0 0 0 0 0 0 0 9 0 0 20 0 1 4 0 0 0 0 0 0 0 0 0 0 0 0 0 0 0 0 0 0 0 0 11 0 0 0 0 0 0 0 0 
 2 2 2 3 2 2 2 2 2 2 2 2 2 2 6 2 4 2 2 204 47 31 446 116 171 142 50 42 132 41 356 0 27 353 57 186 82 82 51 327 1 0 4 4 0 0 64 0 0 0 0 0 62 99 3 11 0 0 29 19 0 0 2 4 4 0 0 0 0 67 2 3 0 0 0 0 2 3 0 0 0 0 0 0 0 2 0 0 0 0 0 0 0 0 0 0 0 0 0 0 0 9 13 0 1 0 0 0 17 0 13 11 0 0 0 11 1 0 0 0 1 32 32 0 0 0 8 23 0 0 0 0 24 61 0 0 8 0 40 26 0 0 0 0 0 0 3 0 0 0 0 0 0 0 21 0 0 0 0 0 0 0 0 0 0 0 0 0 0 0 0 0 0 0 0 0 0 0 0 0 0 2 6 7 19 38 0 12 0 11 2 27 0 0 1 0 2 10 0 0 9 20 10 0 0 1 22 25 28 0 9 0 12 0 20 11 14 19 13 5 0 0 0 0 0 0 0 0 0 0 0 2 0 0 0 0 2 0 0 0 0 0 0 0 0 0 0 0 0 0 0 0 0 0 9 2 0 157 2 0 0 0 0 0 0 0 0 0 0 0 0 0 0 0 0 0 0 0 0 0 0 0 0 2 0 0 1 0 0 0 
 3 3 3 6 62 14 3 3 87 76 4 222 3 3 3 3 3 3 3 3 118 164 57 264 67 16 448 76 275 85 35 27 0 197 84 117 37 104 157 239 2 0 3 0 0 0 3 0 0 0 0 1 0 3 2 3 0 0 0 0 0 4 30 30 2 0 0 0 0 0 26 3 0 0 0 0 2 2 0 0 0 0 10 9 27 16 0 0 0 0 0 0 0 0 0 0 0 2 0 0 1 75 0 24 0 0 12 0 9 9 0 1 46 27 87 0 18 10 12 4 0 0 0 0 0 0 0 0 0 0 0 0 0 0 0 0 0 0 9 0 0 0 0 0 13 0 0 0 0 3 0 2 6 0 0 0 0 0 0 0 0 0 0 20 15 26 0 0 0 1 19 14 0 7 0 0 0 0 0 0 45 46 66 20 14 0 34 0 9 18 9 0 31 8 11 24 12 0 13 16 0 0 0 0 0 0 0 0 0 0 0 0 0 0 0 0 0 0 0 9 0 0 0 0 0 0 0 0 0 0 0 0 0 0 0 0 0 0 0 0 0 0 0 0 0 0 0 0 0 0 0 0 0 0 8 0 0 0 0 0 21 0 0 0 0 0 30 0 0 0 0 0 0 0 0 0 0 0 0 0 0 0 0 0 0 0 0 0 0 0 
 0 0 1 4 0 4 0 1 1 1 1 0 0 0 6 0 4 1 1 0 145 370 212 245 223 57 245 194 275 88 25 353 197 0 287 142 319 144 311 373 2 0 4 0 0 0 5 0 0 0 62 1 0 0 2 3 0 2 0 0 0 0 3 0 2 0 3 0 0 1 6 3 0 0 0 0 2 4 0 2 4 0 0 0 0 3 0 0 0 0 0 0 0 0 0 0 0 0 0 0 11 44 1 31 44 19 14 13 41 1 22 21 13 8 10 14 0 27 1 8 0 0 0 0 0 0 0 0 0 0 0 0 2 9 0 0 0 0 0 16 0 0 0 0 0 0 0 0 0 3 0 0 6 0 0 0 0 0 0 0 0 0 0 1 0 0 0 0 0 0 0 2 0 0 0 0 1 0 1 0 9 9 18 29 35 41 4 17 18 1 27 10 7 1 13 17 38 12 0 0 0 0 0 9 0 0 0 1 0 0 0 0 0 12 0 0 0 0 0 3 0 0 0 0 0 0 0 0 0 0 0 0 0 0 2 0 0 0 0 0 0 0 0 0 0 0 0 0 0 0 0 0 0 0 12 1 0 8 1 0 8 2 0 0 0 0 0 0 0 0 0 0 0 0 0 0 0 0 0 0 0 2 0 0 0 14 0 0 0 0 
 0 0 0 5 284 289 0 0 2 0 0 0 3 204 0 0 1 0 0 1 197 237 320 374 104 131 546 93 363 192 225 57 84 287 0 533 354 186 361 608 2 0 4 0 0 0 3 0 0 0 0 0 62 0 2 3 1 0 0 0 1 0 3 3 2 0 0 0 0 0 10 3 0 0 0 0 2 2 0 1 0 0 0 0 0 0 0 0 0 0 0 0 0 0 0 0 0 0 0 0 29 27 1 0 11 13 11 1 20 21 4 13 0 9 27 13 21 9 15 0 0 0 0 0 0 0 8 0 0 0 0 0 0 1 0 0 0 0 12 17 0 0 0 0 0 0 0 0 0 5 0 2 9 0 0 0 0 0 0 1 13 0 0 0 0 4 0 12 0 0 0 0 0 1 0 0 0 0 0 7 15 12 0 19 29 23 11 29 0 0 30 27 13 12 65 47 12 57 0 0 0 0 0 12 0 0 9 0 0 10 0 0 0 0 0 0 0 0 0 24 0 0 0 0 10 0 0 0 0 0 0 0 0 0 0 0 0 0 0 0 0 0 6 0 0 0 0 0 0 0 0 0 0 0 9 0 2 76 0 3 1 4 0 0 0 0 0 0 0 0 0 0 0 0 0 0 0 0 0 0 0 0 0 0 0 0 0 0 0 0 
 0 0 0 3 74 37 0 3 0 0 0 0 0 0 0 0 0 0 0 0 62 157 326 122 120 97 42 55 255 211 316 186 117 142 533 0 187 160 82 146 2 0 4 0 0 0 3 0 0 2 1 1 30 0 5 6 0 0 0 2 1 0 3 0 2 0 2 0 0 0 10 5 0 0 3 0 4 6 0 0 0 0 0 0 0 0 0 0 0 0 0 0 0 0 0 0 0 0 0 20 17 31 17 1 10 12 14 0 25 0 19 21 0 11 40 9 53 9 38 0 2 0 0 0 0 0 10 1 0 0 0 0 2 13 0 0 15 1 0 19 0 0 0 0 0 0 0 0 0 1 0 1 4 0 0 0 0 0 0 0 0 0 0 0 0 1 0 0 0 0 0 2 0 0 0 0 1 0 1 0 23 33 0 42 22 39 8 33 0 24 27 7 0 25 37 20 17 45 0 0 0 0 0 12 0 0 16 0 0 0 23 0 0 0 0 0 0 0 0 23 0 0 0 0 9 0 0 0 0 0 0 0 0 0 2 0 0 0 0 0 0 0 10 0 0 0 0 0 0 0 0 0 0 0 2 1 1 4 0 0 2 0 0 0 0 0 0 0 0 0 0 0 0 1 0 0 0 0 0 0 0 0 0 0 0 0 0 0 0 0 
 0 0 0 2 75 0 0 0 0 0 0 1 0 0 2 0 76 0 0 0 157 78 271 227 128 61 31 553 120 117 107 82 37 319 354 187 0 240 43 437 2 0 4 0 0 0 3 0 0 0 0 61 0 0 2 3 0 0 0 0 0 0 3 0 2 2 24 0 0 0 7 3 0 0 0 0 2 2 0 0 0 0 0 0 0 0 0 0 0 0 0 0 0 0 0 0 0 0 0 0 30 1 11 33 33 10 0 18 5 27 5 11 0 1 22 0 33 36 18 0 0 0 0 0 0 1 7 0 0 0 0 0 30 0 0 0 0 0 0 0 0 2 0 0 0 0 0 0 0 0 0 5 0 0 0 0 0 0 2 0 0 0 0 3 0 3 0 1 0 0 0 0 0 0 0 0 0 0 0 7 26 19 20 41 67 0 0 36 16 15 9 0 0 9 47 32 25 45 1 0 0 0 0 11 0 0 11 0 0 0 0 0 15 16 0 0 0 0 0 27 0 0 0 0 0 0 0 0 0 0 0 0 1 0 0 0 0 0 2 0 0 0 0 0 0 0 0 0 0 0 0 0 0 0 23 0 3 4 44 1 3 1 0 0 0 0 0 0 0 0 0 0 0 0 0 0 0 0 0 0 0 0 0 0 0 12 0 0 0 0 
 2 0 0 2 2 1 0 2 0 0 0 0 0 1 1 0 0 0 0 0 152 136 65 326 86 283 51 435 326 140 46 82 104 144 186 160 240 0 56 54 28 0 5 0 0 0 3 0 2 63 0 0 0 2 2 64 0 2 0 0 0 0 3 0 3 4 0 0 2 0 2 3 0 0 51 1 2 1 57 30 0 0 1 0 0 1 0 11 0 0 0 2 0 0 0 0 0 0 0 28 4 12 9 0 0 70 12 3 33 31 46 32 0 13 0 1 18 0 0 0 19 0 0 0 0 0 10 0 0 0 0 0 0 1 0 0 0 1 1 0 0 0 0 0 2 0 0 0 0 1 0 0 6 0 0 0 0 0 0 0 0 0 0 0 0 1 0 19 0 0 0 0 0 0 0 0 0 0 0 0 0 37 1 0 11 15 15 7 0 19 15 0 9 1 15 1 3 27 2 0 0 0 0 14 0 0 14 4 0 0 0 0 12 0 9 2 0 0 0 30 0 0 0 0 0 0 2 0 0 0 2 0 2 0 0 0 0 0 0 0 0 0 0 0 0 0 0 0 0 0 0 0 0 1 14 1 5 2 76 0 4 0 0 0 0 0 0 0 0 0 0 0 0 0 0 0 0 0 0 11 0 0 0 0 0 0 0 0 0 0 
 0 0 25 4 100 219 0 0 149 82 1 136 0 0 5 73 117 77 0 0 43 119 37 72 70 64 97 85 65 85 57 51 157 311 361 82 43 56 0 371 0 0 5 5 0 1 3 0 0 0 1 6 1 0 2 3 0 2 0 199 0 5 5 1 2 0 1 0 12 6 3 3 0 0 3 6 2 2 0 1 0 0 0 12 8 0 0 0 0 5 19 13 0 0 0 8 14 16 0 0 0 0 16 0 0 0 27 37 11 11 0 0 13 1 9 5 18 0 12 14 0 0 0 0 0 0 0 0 0 0 0 0 0 0 0 0 0 2 0 0 0 0 0 0 0 0 2 0 0 4 0 6 0 0 0 0 0 0 0 0 0 0 0 23 0 24 0 0 0 24 33 31 0 0 0 0 0 12 0 4 11 13 0 0 14 0 51 10 0 9 0 0 27 9 32 13 0 0 11 10 0 32 0 0 0 0 0 0 0 8 0 0 1 1 0 0 0 0 0 1 0 0 0 0 0 0 0 10 0 0 0 0 0 0 0 0 0 0 0 0 0 0 0 0 0 0 2 0 0 5 0 0 0 2 9 1 2 0 0 1 4 0 0 0 0 0 1 0 0 0 0 0 0 1 0 12 10 0 0 0 0 0 0 0 0 0 0 0 0 0 
 3 3 159 3 108 100 3 3 141 3 5 99 3 3 77 5 3 3 5 3 188 129 18 77 96 52 348 42 56 184 63 327 239 373 608 146 437 54 371 0 0 0 5 0 0 0 3 0 23 0 0 3 0 0 2 5 0 0 0 0 0 0 3 0 2 0 0 4 0 3 10 3 0 0 5 3 3 3 0 7 0 0 17 30 12 8 0 0 0 0 0 32 0 0 0 9 13 16 0 0 2 0 6 6 0 0 16 49 0 13 9 0 1 1 10 20 30 20 50 1 0 0 0 0 0 0 0 0 0 0 0 0 0 0 0 0 0 0 0 0 0 0 0 0 0 2 0 0 0 3 0 4 0 0 0 0 0 0 0 0 0 0 0 7 1 2 0 0 0 14 18 23 0 0 0 1 0 12 0 1 31 10 0 5 13 0 16 14 12 12 0 0 70 12 2 19 13 10 4 13 2 0 0 10 0 0 0 0 0 0 0 0 0 0 0 0 0 0 0 0 0 0 0 0 0 0 0 0 0 0 0 0 0 0 0 0 0 0 0 0 0 0 0 0 0 0 0 0 0 0 0 0 0 0 9 0 0 0 0 3 4 0 0 0 0 0 1 0 0 0 0 0 0 0 0 0 7 0 0 0 0 0 0 0 0 0 0 0 0 0 
 69 66 3 66 4 4 4 3 68 34 3 3 11 2 74 71 5 4 3 2 2 2 1 32 1 0 1 2 64 32 1 1 2 2 2 2 2 28 0 0 0 312 290 46 267 252 217 90 101 131 95 78 121 81 218 130 98 238 54 46 0 0 0 204 0 7 0 51 0 0 0 0 0 0 0 0 0 5 53 0 0 5 1 0 0 0 0 4 9 17 0 0 0 5 5 0 36 0 0 18 0 0 15 0 18 6 22 8 0 0 25 20 0 0 0 0 23 0 0 0 14 10 0 0 0 0 1 0 10 41 9 0 0 0 8 19 1 19 0 0 2 0 0 0 0 0 0 0 0 0 0 0 0 0 0 0 0 0 0 0 0 9 39 0 5 9 0 0 14 0 0 0 13 0 1 11 0 1 36 36 0 0 0 0 0 0 0 0 0 0 0 0 0 10 9 0 0 0 0 8 2 35 0 20 36 0 0 0 0 9 23 1 1 42 0 0 0 10 0 0 0 0 0 0 0 0 0 0 0 0 0 0 13 0 0 0 0 0 0 0 0 1 0 0 0 0 0 0 0 63 0 5 0 0 0 0 0 2 1 0 0 0 0 0 0 4 2 0 0 0 6 0 0 0 0 0 0 9 0 13 0 0 0 0 0 0 0 0 1 0 
 3 3 3 2 3 2 3 1 1 3 2 3 3 3 3 3 2 2 1 3 0 0 0 0 0 3 0 0 0 0 0 0 0 0 0 0 0 0 0 0 312 0 80 79 33 306 85 204 83 365 176 30 20 139 112 79 72 181 117 102 0 0 0 0 0 0 0 51 1 0 3 0 0 0 0 0 13 63 51 0 0 0 0 0 0 0 0 0 0 0 0 0 0 0 0 0 0 0 0 0 0 0 0 0 0 0 0 0 0 0 0 0 0 0 0 0 0 0 0 0 0 0 26 11 32 1 0 4 23 55 21 8 0 0 37 21 1 0 0 0 56 0 0 0 0 0 4 0 0 0 0 0 5 0 0 0 0 0 7 4 0 0 0 0 0 0 0 0 0 19 0 0 0 0 0 0 0 0 0 0 0 0 0 0 0 0 0 0 0 0 0 0 0 0 1 0 0 0 0 0 18 27 25 17 33 23 0 6 14 14 13 6 6 6 20 40 37 22 23 0 34 0 0 0 0 0 41 0 23 0 0 0 19 0 46 0 0 0 62 0 0 0 26 0 0 0 0 0 0 0 0 1 0 1 0 0 0 0 0 1 0 0 0 0 0 11 0 0 2 0 0 0 0 0 0 0 0 0 0 0 0 0 0 0 14 10 0 0 0 11 
 2 2 0 1 5 0 2 1 2 0 0 2 1 1 0 0 0 0 3 0 4 4 5 5 5 3 5 4 5 4 4 4 3 4 4 4 4 5 5 5 290 80 0 103 344 37 87 444 310 59 130 106 126 116 402 350 108 188 260 48 0 0 20 0 0 0 2 0 4 0 0 0 4 3 6 0 0 2 51 4 0 0 0 0 0 0 0 0 0 0 0 0 0 0 0 0 0 0 0 0 0 0 0 3 0 0 0 0 0 0 0 0 0 0 0 0 0 0 0 0 0 16 0 15 4 10 0 0 21 3 11 0 14 0 11 0 2 22 0 0 0 3 0 3 0 4 0 25 3 0 0 0 2 0 0 0 12 7 9 0 2 0 0 0 1 0 0 0 0 0 0 0 5 0 0 0 0 0 0 0 0 0 0 0 0 0 0 0 0 0 0 0 0 0 0 0 0 0 0 0 0 0 0 28 1 0 0 1 19 0 18 20 1 19 48 1 0 0 1 0 1 15 8 0 0 0 0 10 2 0 0 0 0 21 24 0 0 0 0 0 0 0 0 0 0 0 0 0 0 4 0 6 0 1 0 0 1 1 0 2 0 0 0 0 0 0 4 0 0 0 11 0 0 0 0 0 0 0 0 0 0 3 0 0 0 0 0 14 2 1 
 0 0 0 4 0 0 0 0 0 0 0 0 0 0 0 0 9 0 3 3 2 0 0 0 0 62 0 0 0 0 0 4 0 0 0 0 0 0 5 0 46 79 103 0 193 49 291 67 236 177 53 60 144 527 51 139 102 99 73 70 51 5 5 0 1 0 3 18 6 2 0 0 97 50 0 3 22 4 27 7 0 0 0 0 0 0 0 0 0 0 0 0 0 0 0 0 0 0 0 0 0 0 0 0 0 0 0 0 0 0 4 0 0 0 0 0 0 0 0 0 0 0 1 4 17 28 6 0 0 8 2 28 38 22 0 11 44 0 6 9 0 7 0 0 0 0 0 10 7 0 0 0 28 41 16 0 1 0 29 0 21 0 0 0 0 0 0 0 0 1 0 0 0 0 0 0 0 0 0 0 0 0 0 0 0 8 0 0 0 0 0 0 0 0 0 0 0 0 0 0 0 26 0 0 11 19 0 0 4 23 8 10 0 15 15 0 1 8 0 19 0 0 0 0 0 0 0 11 3 0 0 0 0 13 1 18 0 0 3 29 0 0 0 0 0 0 0 0 0 0 0 6 0 0 0 0 0 0 0 10 0 0 29 64 2 1 3 0 2 0 0 0 0 0 0 0 0 0 0 0 0 0 0 0 0 0 0 0 0 0 
 0 0 0 0 0 0 0 0 0 0 0 0 0 0 6 0 3 0 0 0 0 0 0 0 0 2 0 0 0 0 2 0 0 0 0 0 0 0 0 0 267 33 344 193 0 101 248 56 51 85 70 111 83 146 63 62 46 253 57 75 1 0 2 0 0 3 50 55 10 0 0 0 61 58 0 0 0 0 5 96 0 0 0 0 0 0 0 0 0 0 0 0 0 0 0 0 0 0 0 0 0 55 0 0 0 0 0 0 0 0 0 0 0 0 0 0 0 0 0 0 0 0 19 36 0 22 0 0 0 0 2 0 0 0 0 0 0 0 0 0 13 2 10 4 0 0 29 1 8 0 0 0 11 20 14 14 19 13 0 55 0 12 0 0 0 0 0 0 0 0 0 0 0 0 0 0 0 0 0 0 0 0 0 0 0 0 0 0 0 0 0 0 0 0 0 10 0 0 7 0 0 0 0 0 1 0 0 0 0 0 12 13 0 0 20 0 0 22 0 1 3 17 1 0 0 0 4 0 42 0 0 48 8 33 65 0 0 0 10 29 0 0 0 0 0 0 0 0 0 0 0 5 1 0 0 0 0 0 0 1 0 0 68 0 6 0 2 65 0 0 12 0 0 0 0 0 0 0 0 0 0 0 0 0 0 0 0 0 0 0 
 2 2 24 5 2 3 2 3 3 2 3 2 2 2 8 2 6 3 3 2 0 0 0 0 1 0 0 0 0 0 0 0 0 0 0 0 0 0 1 0 252 306 37 49 101 0 49 35 83 180 138 40 32 49 94 56 111 131 57 131 0 4 0 6 0 3 1 2 0 0 60 0 0 52 0 5 13 2 0 1 0 0 0 0 0 0 0 0 0 0 0 0 0 0 0 0 7 1 0 0 0 0 0 0 0 0 0 0 0 0 0 0 0 0 7 0 0 0 0 0 0 0 10 0 52 0 0 0 0 24 22 41 0 0 0 16 0 0 0 0 0 3 0 0 0 4 9 21 7 0 3 0 15 0 0 0 1 4 10 0 0 0 0 0 17 0 0 0 0 12 0 0 0 0 0 0 0 0 0 15 0 0 0 0 0 0 0 0 0 0 0 0 0 0 0 0 0 0 0 0 0 0 0 0 32 32 0 0 0 23 0 34 0 0 0 0 8 0 0 0 24 22 15 5 0 0 18 61 23 8 11 17 9 0 28 30 0 16 47 2 0 0 0 0 0 0 0 0 30 0 0 14 0 0 0 0 0 0 0 14 0 0 0 62 4 5 5 0 1 0 1 0 0 0 0 13 0 0 0 0 0 0 0 0 0 13 0 0 0 0 
 0 0 0 2 0 0 0 0 0 0 47 0 0 0 0 0 0 0 0 0 3 3 6 21 56 3 3 4 3 4 22 64 3 5 3 3 3 3 3 3 217 85 87 291 248 49 0 165 80 78 123 49 427 225 136 268 44 93 267 106 0 3 1 3 0 205 0 7 0 0 5 0 0 0 1 3 12 0 0 4 0 0 0 0 0 10 0 0 0 0 0 0 0 0 0 0 0 0 0 0 0 0 0 0 19 0 0 0 1 0 1 0 0 0 0 0 0 2 0 0 13 4 0 0 0 0 19 39 27 19 0 12 18 4 28 29 40 26 2 18 0 41 0 0 0 1 2 1 0 0 3 0 0 0 0 0 0 0 6 1 0 5 0 0 5 0 0 0 0 0 0 0 4 0 0 0 0 0 0 0 0 0 0 0 0 0 0 0 0 0 0 1 0 0 0 0 1 0 0 0 17 13 25 14 0 0 0 17 14 11 12 0 10 49 0 10 7 5 14 1 0 0 0 3 0 0 0 0 0 0 0 1 10 0 0 0 0 3 0 0 0 0 13 0 0 0 0 0 0 0 0 24 0 0 0 0 0 0 0 0 0 0 0 0 0 3 0 0 0 0 0 0 0 0 0 1 0 0 0 0 0 0 0 0 20 0 0 0 1 0 
 0 0 0 2 0 0 0 0 0 0 0 0 51 67 0 0 0 0 0 0 0 0 0 66 63 65 0 0 0 63 0 0 0 0 0 0 0 0 0 0 90 204 444 67 56 35 165 0 130 145 33 101 197 91 73 120 132 255 131 199 0 0 0 0 0 0 0 4 0 0 0 0 0 0 0 0 0 1 0 0 0 0 0 0 0 0 0 0 0 0 0 0 0 0 0 0 0 0 0 0 0 0 0 0 0 0 0 0 0 0 9 0 0 0 0 0 0 0 0 0 10 2 0 0 19 0 13 21 84 28 10 13 19 1 25 13 34 21 1 8 0 0 0 0 0 0 1 4 2 0 0 0 0 0 0 0 0 0 6 0 0 3 0 0 0 0 0 0 0 0 0 0 0 0 0 0 0 0 0 0 0 0 0 1 1 0 0 0 0 0 0 0 0 0 0 0 0 0 0 0 30 39 53 2 0 0 13 19 36 0 15 10 10 19 31 36 9 9 14 0 0 0 0 0 0 0 0 0 0 0 0 0 6 0 0 2 0 0 14 0 0 0 4 0 0 0 0 0 0 0 0 6 0 2 0 0 0 0 63 2 0 0 0 0 0 0 2 0 0 0 0 0 0 0 0 0 0 0 0 0 0 0 0 0 0 0 0 0 1 0 
 0 0 0 0 0 0 0 0 0 0 0 0 0 0 0 0 0 0 1 0 0 0 1 0 0 0 0 0 0 1 0 0 0 0 0 0 0 2 0 23 101 83 310 236 51 83 80 130 0 220 93 36 108 435 162 87 33 100 87 108 0 3 3 0 0 5 0 55 0 0 3 0 2 2 0 0 2 0 55 3 0 0 0 0 0 0 0 0 0 0 0 0 0 0 0 0 0 0 0 0 0 0 0 0 0 0 0 0 0 0 0 0 0 0 0 0 0 0 0 0 0 0 0 4 9 0 11 20 20 28 23 33 0 0 20 10 19 0 0 1 4 0 7 0 0 0 0 0 8 1 0 0 10 3 0 0 0 0 17 27 0 0 0 0 4 0 0 0 0 0 0 0 9 0 0 0 0 0 0 0 0 0 0 0 0 0 0 0 0 0 0 0 0 0 0 0 0 0 0 0 12 24 17 17 22 21 0 0 0 21 16 64 0 31 10 0 0 11 0 0 15 0 0 0 0 0 12 0 0 9 0 0 16 10 0 20 0 0 11 0 0 0 10 0 0 0 0 0 0 0 0 12 0 0 0 0 0 0 0 0 0 0 0 0 1 0 0 0 0 0 1 0 0 0 0 0 0 0 0 0 0 0 6 0 12 0 0 0 0 0 
 0 3 0 2 0 0 0 3 0 0 0 0 0 0 0 0 0 7 2 0 0 0 3 0 0 0 0 0 0 0 0 0 0 0 0 2 0 63 0 0 131 365 59 177 85 180 78 145 220 0 142 123 41 82 364 370 136 196 295 78 0 0 0 0 0 0 0 18 0 0 0 0 0 1 0 0 0 2 85 0 0 0 0 0 0 0 0 19 0 0 0 0 0 0 0 0 0 0 0 0 0 0 0 0 0 0 0 0 0 0 0 0 0 0 0 0 0 0 0 0 0 0 0 6 40 0 9 16 8 15 35 15 0 0 7 13 10 0 0 0 7 0 0 1 1 0 7 1 0 0 0 0 7 0 0 0 0 0 21 11 0 0 0 0 0 0 0 0 0 2 0 0 0 0 0 0 0 0 0 0 0 0 0 0 0 0 0 0 0 0 0 0 0 0 0 0 0 11 0 0 0 12 7 0 15 10 0 0 0 6 39 11 0 4 0 9 10 24 0 0 6 0 0 0 0 0 6 0 11 0 0 0 44 0 4 8 0 0 10 0 0 0 16 0 0 0 0 0 0 0 0 6 0 1 0 0 0 0 0 11 0 0 0 3 4 13 2 0 2 0 0 0 0 0 0 0 0 0 0 0 0 0 0 0 16 0 0 28 2 0 
 0 0 0 78 0 1 0 3 0 65 0 1 0 0 63 70 61 63 0 0 0 0 0 0 0 0 7 0 0 0 0 0 0 62 0 1 0 0 1 0 95 176 130 53 70 138 123 33 93 142 0 126 56 246 44 195 246 102 77 137 0 0 0 0 0 0 0 50 0 0 0 0 0 1 0 0 0 2 49 0 0 0 0 0 0 0 0 0 0 4 0 0 0 0 0 0 11 0 0 0 0 0 0 13 0 0 0 0 0 0 0 0 0 0 0 0 0 0 1 0 0 16 1 3 12 10 0 0 1 19 42 54 2 0 13 7 1 21 0 0 12 0 0 0 0 0 7 12 5 0 0 0 0 6 0 9 10 0 5 15 0 0 0 0 0 13 0 0 0 2 0 0 0 0 0 0 0 0 0 0 0 0 0 2 0 0 0 0 0 0 0 0 0 43 17 0 0 0 0 11 9 24 15 25 36 35 0 24 0 20 14 2 11 12 0 13 10 29 0 0 22 0 1 0 0 0 31 10 12 0 0 0 11 0 8 0 0 0 0 0 0 0 0 0 0 0 0 0 0 32 0 10 1 2 0 0 0 0 0 14 0 0 1 1 0 13 0 0 0 0 0 0 0 0 0 26 0 0 0 0 0 4 0 0 17 0 0 0 1 0 
 0 0 4 2 0 0 0 0 4 0 0 8 0 0 11 0 17 0 0 0 0 0 0 61 0 0 0 0 0 0 0 0 1 1 0 1 61 0 6 3 78 30 106 60 111 40 49 101 36 123 126 0 93 36 40 152 127 146 36 33 47 0 0 0 0 0 0 8 0 0 0 0 50 36 0 0 0 1 0 32 0 0 2 3 0 0 0 0 0 0 0 2 0 0 0 0 0 1 0 0 0 0 0 0 0 0 0 0 14 0 0 0 0 0 0 0 0 0 0 0 0 6 11 11 24 5 29 22 21 0 0 12 0 0 29 0 18 13 0 0 10 0 0 0 0 0 2 2 2 0 0 0 0 13 47 0 8 9 6 23 0 0 0 0 0 0 0 0 0 1 3 3 0 0 1 1 0 1 0 0 0 0 0 0 0 0 4 0 18 0 0 0 0 0 0 0 0 0 0 4 0 14 8 0 13 6 0 0 0 0 0 2 0 45 22 12 0 11 0 0 31 0 0 1 0 0 12 0 15 0 0 0 124 31 22 0 0 0 0 13 0 0 12 0 0 0 0 0 0 0 0 13 2 2 0 0 0 0 0 1 0 1 2 0 63 22 0 1 2 0 17 0 0 0 0 20 0 0 0 0 0 0 0 0 0 0 0 0 1 0 
 0 0 0 0 0 0 0 0 0 0 0 0 0 0 0 0 0 0 0 0 0 0 0 0 0 50 0 0 63 0 20 62 0 0 62 30 0 0 1 0 121 20 126 144 83 32 427 197 108 41 56 93 0 150 243 77 210 102 217 151 0 1 0 0 0 0 0 2 0 0 0 0 0 0 0 0 0 0 34 24 0 0 0 0 0 0 0 0 0 0 0 0 0 0 0 0 0 0 0 0 17 8 0 0 7 1 0 0 20 0 0 0 0 0 0 8 20 0 0 0 1 58 0 0 2 0 5 0 56 10 0 0 20 8 18 7 9 32 12 33 0 0 19 0 0 0 0 6 6 5 0 0 0 4 3 0 0 0 0 8 0 3 0 0 4 0 0 0 0 0 0 0 5 0 0 0 0 0 0 0 0 0 0 0 0 18 0 0 22 0 8 1 0 0 0 0 0 4 0 0 9 1 17 0 0 0 1 17 20 7 1 8 1 53 15 26 0 13 21 9 7 0 0 0 0 0 0 0 0 32 0 0 9 43 0 9 0 0 0 1 0 0 0 0 0 0 0 0 0 0 0 13 0 1 0 0 0 1 0 0 0 0 2 0 0 2 0 0 0 0 10 0 0 0 0 0 0 0 0 0 0 0 30 0 0 0 0 0 1 0 
 0 0 0 3 0 0 0 0 0 0 0 0 0 0 0 0 0 0 0 0 0 0 0 20 54 84 0 0 0 0 19 99 3 0 0 0 0 2 0 0 81 139 116 527 146 49 225 91 435 82 246 36 150 0 215 261 135 52 217 297 0 0 0 0 0 0 0 0 0 0 51 0 0 0 0 0 0 2 0 0 0 0 0 0 0 0 0 0 0 0 0 0 0 0 0 0 0 0 0 0 0 0 0 0 0 0 0 0 0 0 0 0 0 0 0 0 0 0 0 0 11 10 0 0 0 9 6 7 0 0 12 0 0 5 11 10 9 24 11 11 0 0 0 0 0 0 10 0 0 0 0 0 0 0 0 0 0 0 0 0 0 0 0 0 0 0 0 0 0 0 0 12 1 0 0 0 7 0 0 0 0 0 0 0 0 0 0 0 0 0 0 1 0 0 0 0 0 0 0 0 20 10 26 18 0 0 10 8 0 3 19 13 9 8 5 13 7 34 7 12 10 0 0 0 0 0 0 0 0 0 0 0 0 0 0 0 0 0 0 0 0 0 0 0 0 0 0 0 0 0 0 11 0 0 0 0 0 2 0 0 0 0 0 0 2 1 4 0 0 0 0 0 0 0 0 0 0 0 0 0 0 0 0 0 6 0 0 0 0 0 
 0 0 0 2 0 0 0 0 0 0 0 0 0 0 0 0 0 0 0 0 2 2 2 2 2 68 2 3 7 2 2 3 2 2 2 5 2 2 2 2 218 112 402 51 63 94 136 73 162 364 44 40 243 215 0 296 92 46 48 309 0 0 0 2 0 3 1 0 0 3 0 0 5 0 0 3 0 2 25 0 0 0 0 0 0 0 0 0 0 0 0 0 0 0 21 0 0 0 13 0 0 0 0 0 11 0 0 0 0 0 0 0 0 0 0 0 0 0 0 0 0 4 0 9 1 0 0 0 13 28 4 1 0 0 15 19 6 28 3 0 0 0 0 0 9 0 0 2 2 0 0 0 12 0 0 0 0 0 13 0 0 1 13 0 2 0 0 0 0 0 0 0 3 0 0 0 12 0 0 0 0 0 0 0 0 0 0 0 0 0 0 0 0 0 0 0 0 0 0 0 9 0 1 23 0 0 18 2 2 4 13 0 0 17 14 4 0 0 14 26 0 0 0 0 0 0 0 0 0 0 0 0 9 0 0 16 0 0 0 0 0 0 0 0 0 0 0 0 0 0 0 2 0 0 0 0 1 0 0 0 0 0 1 0 0 2 0 0 0 0 4 0 0 0 0 0 0 0 0 0 0 0 0 0 0 12 0 12 0 0 
 0 0 0 0 0 0 0 1 0 0 0 0 0 0 0 0 0 0 2 0 3 3 3 3 3 37 3 3 3 3 3 11 3 3 3 6 3 64 3 5 130 79 350 139 62 56 268 120 87 370 195 152 77 261 296 0 239 113 338 141 0 0 0 0 0 0 0 54 0 0 0 0 50 0 0 0 0 0 50 6 0 0 0 9 0 0 6 0 0 0 0 0 0 0 0 0 0 0 0 5 0 0 0 0 1 0 0 0 0 0 0 0 0 0 0 0 0 0 0 0 0 8 3 5 3 0 0 0 17 42 21 0 0 0 40 1 10 10 23 22 4 0 0 0 0 0 0 0 0 0 0 0 0 11 0 0 0 0 0 0 0 0 0 0 14 0 0 0 0 0 0 0 7 0 0 0 0 0 0 0 11 0 0 0 0 6 0 0 0 0 0 0 0 0 0 0 0 0 0 0 17 29 20 21 14 0 0 17 41 41 48 14 18 30 40 17 8 18 25 21 1 0 0 0 0 0 0 0 0 0 0 0 3 0 0 0 0 0 1 0 0 0 0 0 0 0 0 0 0 0 0 15 0 1 0 0 0 0 0 1 0 0 2 0 0 2 3 0 0 0 8 0 0 0 0 0 0 0 0 0 0 0 0 0 14 0 0 0 2 0 
 0 0 0 4 0 0 0 0 0 0 1 0 1 0 0 0 0 0 1 0 1 0 0 0 0 64 0 1 0 0 16 0 0 0 1 0 0 0 0 0 98 72 108 102 46 111 44 132 33 136 246 127 210 135 92 239 0 199 122 72 4 4 206 18 0 1 8 27 5 2 4 0 0 56 4 5 1 4 0 1 0 0 0 0 0 0 0 0 3 0 0 0 0 0 0 0 0 0 0 0 0 0 0 0 0 0 0 0 0 0 0 0 0 0 0 0 0 0 7 0 0 29 0 0 12 0 0 0 10 0 0 11 0 0 14 0 0 57 22 0 0 0 0 0 0 0 10 13 2 0 0 0 2 0 0 0 15 1 17 0 0 0 0 0 0 0 0 0 0 5 0 0 0 0 0 0 0 0 0 0 0 0 0 0 0 0 0 0 0 0 0 0 0 0 0 0 0 0 0 0 33 14 6 5 0 0 18 14 15 10 22 0 12 55 24 7 13 26 13 46 10 0 0 0 0 0 47 11 12 0 0 0 25 0 10 0 3 4 0 0 0 0 0 0 0 0 0 0 0 0 0 11 0 0 0 0 0 0 0 8 0 0 0 61 1 5 1 0 0 2 6 0 0 0 0 0 0 0 0 0 0 0 0 0 18 13 0 0 0 0 
 2 2 3 6 2 5 2 2 2 2 2 2 66 2 2 2 2 2 2 2 1 0 0 0 0 0 0 0 0 0 0 0 0 2 0 0 0 2 2 0 238 181 188 99 253 131 93 255 100 196 102 146 102 52 46 113 199 0 29 112 0 4 2 13 2 2 0 3 0 0 3 10 2 55 0 4 8 8 3 2 0 0 0 0 0 0 0 0 0 0 0 0 0 0 0 0 0 0 0 0 0 0 0 0 0 0 0 0 0 0 0 0 0 0 1 0 0 0 0 0 0 5 0 0 33 0 41 24 48 18 10 30 22 0 10 1 14 21 0 0 0 1 0 0 5 0 4 28 7 0 12 10 4 0 1 0 0 0 13 0 0 0 0 0 0 0 0 0 0 7 0 0 0 0 0 0 0 0 0 5 0 0 11 0 0 0 0 0 0 0 0 0 0 0 0 0 0 0 0 0 9 22 22 0 0 0 0 0 20 42 14 20 0 22 37 0 9 8 0 0 14 0 0 13 0 2 0 16 35 0 9 20 17 0 18 1 0 1 12 0 0 0 6 0 0 0 1 0 0 0 0 12 0 0 0 0 0 0 0 23 0 0 1 62 4 7 4 0 0 0 1 0 0 0 0 34 0 0 0 0 0 0 0 0 0 0 0 0 0 0 
 0 0 0 0 0 0 0 0 0 0 0 0 0 0 0 0 0 0 0 0 0 2 0 65 66 0 0 5 0 0 63 29 0 0 0 0 0 0 0 0 54 117 260 73 57 57 267 131 87 295 77 36 217 217 48 338 122 29 0 221 0 0 0 0 6 0 0 5 0 0 0 0 0 0 0 0 3 2 0 3 0 0 0 0 0 0 0 0 0 0 0 0 0 0 0 0 0 0 0 0 0 0 3 10 12 0 0 0 0 19 0 0 0 0 0 22 0 0 0 0 8 20 19 0 0 0 11 4 11 1 0 0 0 19 14 13 11 30 0 34 0 0 0 0 0 0 6 0 0 6 0 0 0 0 0 0 0 0 0 0 0 7 0 0 0 0 0 0 0 6 0 0 0 0 0 0 0 0 0 0 0 0 0 0 0 14 0 0 8 16 19 0 0 0 0 0 0 0 0 0 34 30 37 17 0 0 10 26 27 0 20 0 66 5 0 24 1 12 21 0 0 0 0 0 0 0 0 0 0 0 0 0 0 0 0 0 0 0 0 0 0 0 0 0 0 0 0 0 0 0 0 12 0 2 0 0 0 2 63 0 0 0 0 0 2 2 4 2 0 0 0 0 0 0 0 0 0 0 0 0 0 0 0 0 15 0 10 0 1 0 
 0 0 0 0 0 0 0 6 0 0 0 0 0 0 0 0 0 0 0 0 0 0 0 81 118 110 0 0 0 84 71 19 0 0 0 2 0 0 199 0 46 102 48 70 75 131 106 199 108 78 137 33 151 297 309 141 72 112 221 0 0 49 0 0 0 0 3 0 2 0 0 2 0 2 0 0 3 1 3 0 0 0 0 0 0 0 0 0 0 0 0 0 0 0 0 0 0 0 0 0 0 0 2 0 0 0 0 0 0 0 11 0 0 0 0 0 0 0 0 0 10 30 9 1 0 0 13 18 36 0 0 1 8 33 30 0 0 4 18 10 0 1 1 4 0 0 9 0 0 6 0 0 0 0 7 7 8 0 0 0 0 0 0 0 0 0 0 0 0 0 0 0 0 0 26 0 0 0 0 0 0 0 0 6 1 2 0 0 0 2 0 0 0 0 0 0 6 0 0 0 12 38 43 0 0 0 41 56 34 0 16 0 29 7 26 24 10 13 25 23 0 1 0 0 0 0 0 0 0 0 0 0 1 0 8 0 0 0 0 6 0 0 0 0 0 1 0 0 0 0 0 0 0 0 0 0 0 0 62 0 0 0 0 0 0 2 2 0 0 17 0 0 0 0 0 0 0 0 0 0 0 0 0 0 13 0 0 0 2 0 
 0 0 0 0 0 0 0 0 0 0 0 0 0 0 0 0 1 0 0 0 0 0 0 0 0 0 0 0 0 0 0 0 0 0 1 1 0 0 0 0 0 0 0 51 1 0 0 0 0 0 0 47 0 0 0 0 4 0 0 0 0 265 90 128 70 75 482 197 59 109 83 60 40 117 366 490 305 64 102 97 0 0 0 0 0 0 0 0 0 17 0 0 0 0 0 0 0 0 0 0 0 0 0 0 0 0 0 0 0 0 0 0 0 0 0 0 0 0 0 0 0 0 0 0 0 1 0 0 0 0 0 0 0 0 0 0 0 0 0 0 0 12 68 9 12 0 0 1 0 13 5 0 8 8 10 10 0 0 0 0 0 0 0 0 0 0 0 0 0 0 0 0 0 0 0 0 0 0 0 0 0 0 0 0 0 0 0 4 0 0 0 0 0 0 0 0 0 0 0 0 0 0 0 0 0 0 0 0 0 0 0 0 13 0 0 0 0 0 0 0 14 9 20 23 0 0 4 7 30 0 8 11 0 0 0 0 32 40 0 0 0 0 0 0 0 0 0 0 0 0 0 0 0 28 4 0 0 0 0 0 0 0 11 52 0 0 15 0 0 0 20 1 0 0 1 24 0 0 0 0 0 0 0 0 0 1 0 12 0 0 
