 0 89 128 50 32 35 199 138 75 260 204 234 44 387 271 109 30 39 249 106 0 3 0 2 3 3 2 0 0 2 0 3 0 3 0 0 0 0 0 0 0 0 0 0 3 5 67 0 0 0 13 0 3 66 0 6 2 8 0 0 3 2 0 0 0 0 0 0 0 0 3 0 0 0 3 0 2 0 0 0 13 27 13 0 0 0 14 19 44 10 11 12 61 32 16 21 13 14 45 0 0 0 0 0 0 0 0 0 0 0 0 0 0 0 0 0 0 0 0 18 0 0 0 0 0 0 0 0 0 0 0 0 0 0 1 0 0 0 0 0 0 0 0 0 0 1 0 0 0 0 0 0 0 0 0 21 0 0 0 0 32 10 0 0 0 0 0 2 35 12 1 10 52 9 23 1 36 20 10 25 0 0 0 0 0 0 0 0 0 0 0 0 0 0 0 0 0 0 0 0 13 0 0 0 0 0 0 0 0 0 0 0 0 0 0 9 0 0 0 0 0 0 0 0 0 0 0 0 0 0 0 0 0 0 0 0 0 0 0 0 0 0 0 0 0 0 1 0 2 1 0 6 0 0 0 0 0 0 0 0 0 0 0 0 0 0 0 0 0 0 0 0 0 0 0 0 0 0 0 0 0 0 0 0 0 0 0 0 0 0 
 89 0 390 293 59 38 277 81 231 49 140 271 30 74 144 248 353 135 39 140 0 0 1 0 3 3 2 0 0 4 0 5 0 3 0 5 0 2 0 1 0 0 0 0 28 0 2 2 0 0 0 0 3 3 7 0 2 0 0 32 3 2 0 0 0 2 0 0 0 0 9 0 0 4 3 0 2 0 0 0 59 1 11 24 9 1 48 0 0 26 0 12 26 0 0 0 22 0 11 29 0 0 0 0 0 0 0 0 0 0 0 0 4 0 0 0 18 0 0 19 2 0 0 0 0 0 0 0 0 0 0 0 0 0 0 0 0 1 0 0 0 0 0 0 0 0 0 0 0 0 0 0 0 0 6 0 0 0 0 5 6 17 0 0 0 0 15 31 14 0 32 0 12 5 0 40 34 0 28 1 0 0 0 0 1 0 0 0 0 0 0 0 0 0 0 0 0 0 18 0 0 0 0 0 0 0 0 0 0 0 0 0 0 0 0 0 0 0 0 0 0 0 0 0 0 0 0 0 0 0 0 0 0 0 0 0 0 0 0 0 0 0 0 0 0 0 5 0 0 0 0 10 0 0 2 0 0 0 0 0 0 0 0 0 0 0 0 0 0 0 0 0 0 0 0 0 0 0 0 0 0 0 0 0 0 0 0 0 0 0 
 128 390 0 252 51 68 169 243 250 275 122 31 256 164 196 43 276 42 220 62 0 1 0 1 3 3 7 0 2 0 0 3 0 4 0 0 0 0 0 0 0 0 0 0 3 0 0 0 0 32 0 0 3 3 0 0 2 0 24 0 5 2 0 0 0 35 0 0 68 0 3 1 0 0 3 0 2 0 0 0 32 14 39 0 13 0 40 6 26 19 0 32 49 20 32 0 17 21 5 18 1 0 0 0 0 0 0 2 0 0 0 8 0 0 0 0 0 0 0 0 0 1 0 0 0 0 1 0 0 0 0 0 0 0 0 0 0 0 0 0 2 0 1 0 0 0 0 0 0 0 0 1 0 0 0 0 0 0 0 5 1 10 26 46 0 8 34 11 12 13 12 1 32 1 9 30 10 2 11 12 14 0 0 0 1 0 0 0 0 0 0 1 0 0 0 0 0 0 0 1 2 0 0 0 0 1 0 13 0 0 0 0 0 0 12 0 0 0 0 0 0 0 0 0 0 0 8 0 0 0 0 0 0 0 0 0 0 0 0 0 0 0 0 0 0 2 174 2 1 2 7 9 0 0 0 0 0 0 0 0 0 0 0 0 0 0 0 0 0 0 0 0 0 0 0 0 0 0 0 0 0 0 0 0 0 2 0 0 0 0 
 50 293 252 0 380 236 167 327 220 275 61 255 366 264 361 49 270 295 116 379 0 0 76 0 3 3 1 37 8 5 0 3 0 3 28 0 0 0 78 0 63 58 0 0 3 0 0 0 9 0 0 0 3 3 0 0 3 0 0 0 12 3 0 0 0 3 0 0 0 0 3 0 0 0 9 0 2 0 0 0 0 0 1 10 0 20 1 10 20 14 3 35 2 0 28 29 40 9 0 0 0 0 0 0 0 0 13 12 0 17 0 0 3 0 0 16 27 0 27 0 1 0 0 0 0 0 0 0 0 0 0 0 0 0 3 0 0 0 0 0 0 0 0 0 0 17 0 0 0 0 0 0 0 0 16 0 0 0 0 0 13 0 0 36 0 39 30 12 0 47 13 7 26 10 0 14 6 36 2 0 10 0 0 0 2 0 0 0 0 0 17 21 10 0 11 23 0 0 0 0 0 0 0 0 0 0 0 0 0 0 0 0 0 0 0 0 0 0 0 0 0 0 0 0 0 0 1 0 0 0 0 0 0 0 0 0 0 0 0 0 0 5 0 0 0 0 1 0 54 182 7 16 0 0 1 0 0 0 0 0 0 0 8 0 0 0 0 0 0 0 0 0 0 0 0 0 22 0 0 0 0 0 0 0 0 0 0 0 0 0 
 32 59 51 380 0 131 47 75 166 295 405 205 299 177 291 308 226 91 65 280 0 0 75 0 3 3 2 20 0 2 0 3 151 3 59 0 0 0 223 37 0 0 0 0 3 0 0 0 10 7 0 0 3 3 0 5 2 0 0 0 3 3 0 0 0 0 0 0 0 0 3 0 0 0 3 0 2 0 0 0 0 32 25 17 30 24 0 0 16 3 31 5 0 0 0 0 11 23 0 0 0 0 0 0 0 0 23 20 0 0 0 0 23 0 11 15 10 0 58 12 0 0 0 0 0 0 0 0 0 0 0 0 0 0 0 0 0 0 0 0 0 15 0 0 0 0 20 17 0 0 0 0 0 0 0 0 0 0 0 0 0 0 18 13 49 0 0 0 11 1 10 10 0 0 0 7 0 0 0 0 10 1 0 0 0 0 0 0 0 0 16 0 56 0 4 28 0 15 22 0 0 0 0 0 0 0 0 0 0 0 0 0 0 0 0 0 0 0 0 0 0 0 0 0 0 0 0 0 0 0 0 0 0 0 0 0 0 0 0 0 0 15 0 0 0 6 2 0 0 94 0 4 0 0 0 0 0 0 0 0 0 0 0 0 0 0 0 0 0 0 0 0 0 0 0 24 30 0 0 0 0 0 0 0 0 0 0 0 0 0 
 35 38 68 236 131 0 37 81 359 207 181 324 30 131 136 290 159 156 248 60 74 177 74 0 3 3 2 109 0 2 1 3 1 52 21 20 75 0 76 0 0 0 0 0 3 0 0 0 3 0 0 0 3 36 0 0 3 0 0 0 3 3 0 0 0 38 0 0 0 0 3 0 0 0 3 0 2 0 0 0 0 0 13 10 27 25 0 0 18 11 1 2 0 0 0 14 3 5 1 0 1 0 0 0 0 0 28 44 8 0 0 0 0 1 9 20 13 10 46 7 0 0 0 0 0 0 0 0 0 0 0 0 0 2 0 0 0 1 0 1 0 0 0 2 0 2 0 0 0 0 0 0 0 0 0 0 18 0 0 0 0 1 0 18 22 49 0 0 0 26 0 20 0 0 0 0 33 25 0 0 26 0 15 0 0 0 0 1 10 0 23 0 12 9 28 24 0 10 2 18 0 0 0 0 0 0 1 0 0 0 0 0 0 0 0 0 0 0 0 16 0 2 0 0 0 0 0 0 2 0 0 0 2 0 0 0 0 0 0 0 0 14 0 0 0 0 0 0 6 90 0 4 0 0 0 0 0 0 0 0 0 2 12 0 0 66 11 0 0 0 0 0 0 0 0 0 11 0 0 0 0 12 0 0 0 0 0 0 0 0 
 199 277 169 167 47 37 0 100 61 25 57 34 113 297 220 112 24 82 177 192 0 0 1 0 3 3 1 0 0 1 0 3 0 3 0 31 0 0 0 0 0 0 0 0 3 0 0 0 59 0 0 0 3 3 0 0 3 0 0 0 6 3 0 0 0 0 0 0 0 0 3 0 0 0 47 0 2 0 0 0 0 3 0 25 1 0 21 15 0 0 0 11 11 41 14 0 0 0 11 14 0 0 0 0 0 0 0 0 0 0 0 0 0 0 0 0 0 0 0 0 0 0 9 0 0 0 1 0 0 1 0 0 0 0 0 0 1 0 0 0 0 0 0 0 0 6 0 0 0 0 0 0 0 0 0 12 0 0 0 0 1 17 0 0 0 0 0 10 14 1 9 0 0 10 3 25 20 14 9 15 16 0 0 0 0 0 0 0 0 0 0 0 0 0 0 0 0 0 0 0 0 0 0 0 0 0 0 0 0 0 0 0 0 2 0 0 0 0 0 0 2 19 0 0 0 0 0 0 0 0 0 0 0 0 2 2 0 0 0 0 0 0 0 0 0 2 5 0 4 8 2 7 0 0 0 0 0 0 0 0 0 0 0 2 0 0 0 0 0 2 0 0 0 0 0 0 0 0 0 0 0 0 0 0 0 0 0 0 0 2 
 138 81 243 327 75 81 100 0 270 121 154 74 104 252 238 74 105 252 56 140 2 0 0 0 3 5 2 0 0 4 80 3 74 3 0 0 0 0 0 2 0 0 0 0 2 0 2 0 0 0 0 0 3 6 0 0 3 3 3 2 3 0 0 3 1 0 0 3 2 0 3 0 0 0 2 2 2 0 0 0 14 36 16 0 16 1 46 8 47 44 17 1 16 6 43 10 38 23 21 10 0 0 0 0 0 0 0 0 0 0 0 0 0 0 1 0 0 0 14 13 0 0 0 0 0 0 0 26 0 0 0 0 0 0 0 0 0 0 0 0 0 0 0 0 0 0 0 0 0 0 0 0 0 0 0 0 0 0 0 5 0 12 2 12 0 14 10 22 18 18 20 11 12 1 0 9 87 1 0 4 52 0 0 0 0 10 0 0 0 0 0 17 15 0 0 0 0 0 0 0 0 0 0 0 0 0 0 1 0 0 18 0 0 0 0 10 0 0 0 0 0 0 2 0 0 0 0 0 0 0 0 0 0 0 0 0 0 0 0 0 0 0 0 0 0 0 2 0 0 2 2 176 0 0 0 0 0 2 0 0 0 0 10 0 0 0 0 0 0 0 0 0 0 0 0 0 0 0 0 0 0 0 0 0 0 0 0 0 0 0 
 75 231 250 220 166 359 61 270 0 164 218 170 406 217 99 254 66 209 139 71 0 0 1 0 3 3 4 0 0 0 0 3 23 3 0 0 0 0 0 0 0 0 0 0 3 0 0 0 3 0 0 0 3 3 0 0 3 0 0 0 4 3 0 0 0 0 0 0 0 0 3 0 0 0 9 0 2 0 0 0 27 1 31 1 15 14 0 0 27 29 28 10 11 0 1 20 11 10 6 0 0 0 0 0 0 0 0 0 0 0 0 0 17 0 0 1 0 0 14 16 0 0 0 0 0 0 0 0 0 0 0 0 0 0 0 0 0 2 0 0 0 0 0 0 0 0 0 0 3 0 3 0 0 0 0 0 0 0 0 0 11 0 0 31 0 28 21 11 16 31 0 56 0 0 12 15 18 40 7 8 0 0 0 0 0 0 0 0 0 0 0 0 0 0 0 0 0 0 9 17 0 0 0 0 0 0 2 0 0 0 0 0 0 0 14 2 0 0 0 0 0 0 0 0 0 0 0 0 0 0 0 0 0 0 0 0 0 0 0 0 0 13 0 0 0 5 8 0 1 1 0 10 0 0 0 0 0 0 0 0 0 0 11 0 0 0 0 1 0 0 0 0 0 0 0 41 0 9 0 0 0 0 0 0 0 0 0 0 0 0 
 260 49 275 275 295 207 25 121 164 0 363 244 76 392 133 174 178 285 97 402 0 0 0 0 3 3 78 2 0 1 0 5 29 4 0 0 0 2 180 147 0 0 0 0 3 0 0 1 4 0 0 0 3 3 3 96 2 0 0 0 3 2 0 0 0 0 0 0 0 0 3 0 0 0 3 0 2 0 0 0 35 18 41 30 32 30 0 0 0 11 0 0 15 0 0 19 0 35 8 0 1 13 0 0 0 0 10 16 1 1 0 0 1 11 4 0 6 0 53 9 0 1 0 0 0 0 0 0 0 0 0 0 0 0 0 0 0 0 0 0 0 0 1 0 0 0 0 0 0 0 0 1 0 0 0 0 0 0 2 0 0 0 19 26 26 8 1 0 6 17 1 28 2 0 0 1 0 40 0 0 0 9 0 0 0 0 0 0 0 0 0 0 4 0 0 15 0 0 56 1 0 0 0 0 2 1 0 0 0 0 0 0 0 0 0 0 0 0 0 0 0 0 0 0 0 0 0 0 0 0 0 0 0 0 0 0 0 0 0 0 0 24 0 0 0 3 0 3 2 3 0 7 19 0 0 0 0 0 0 0 0 0 16 0 0 0 0 0 0 0 0 0 0 0 0 17 22 10 0 0 0 0 0 0 0 2 0 0 0 0 
 204 140 122 61 405 181 57 154 218 363 0 63 36 253 67 100 398 115 35 159 77 0 0 2 4 3 5 0 0 0 0 4 192 4 0 0 0 0 203 6 0 0 0 0 3 0 0 3 6 4 0 0 3 3 0 0 3 0 0 0 3 3 0 0 0 0 0 0 2 0 3 0 0 0 3 0 2 0 0 0 0 57 11 16 35 16 14 11 25 5 29 0 12 1 1 29 11 22 0 0 7 0 0 0 0 0 0 0 0 0 1 0 18 0 31 0 0 0 17 18 0 0 0 0 0 0 0 0 0 0 0 0 0 0 0 0 0 0 0 0 0 5 0 0 0 0 0 5 0 0 1 0 7 0 0 0 0 0 0 0 0 0 10 10 30 11 1 1 29 36 11 4 0 0 0 11 15 19 0 0 0 21 0 0 0 0 0 0 0 0 0 0 20 0 0 0 0 0 4 0 0 0 0 0 0 0 0 0 0 0 0 0 51 0 0 11 0 0 0 0 0 0 0 0 0 0 0 0 0 0 0 0 0 0 0 0 0 0 0 0 0 18 0 0 0 0 0 1 0 1 0 9 16 0 0 0 0 0 0 0 0 0 0 0 0 0 0 0 0 0 0 0 0 0 0 22 0 0 0 0 0 0 0 0 0 0 0 0 0 0 
 234 271 31 255 205 324 34 74 170 244 63 0 219 346 146 258 241 174 244 524 0 79 59 0 3 4 5 142 2 0 0 3 74 80 73 78 3 0 183 1 0 0 0 0 3 0 0 0 0 2 0 0 3 3 0 0 3 0 0 0 30 3 0 0 0 0 0 0 0 0 3 0 0 0 3 0 2 0 0 0 0 0 9 39 13 33 0 0 0 9 0 0 1 1 18 1 16 15 0 0 0 0 1 0 0 0 18 30 30 0 0 0 0 15 39 0 18 16 69 0 0 0 0 0 0 0 0 0 0 2 0 0 0 0 0 1 0 0 0 0 0 0 0 0 0 0 0 0 0 0 0 0 0 0 0 0 0 0 0 0 15 0 1 0 30 44 5 18 0 0 0 31 0 0 2 9 0 23 2 1 75 19 23 0 0 0 1 0 1 10 11 0 24 10 26 32 0 32 24 0 0 0 0 0 0 0 0 0 0 0 0 0 0 0 0 0 0 0 0 0 1 0 0 0 0 0 0 0 0 0 0 0 0 0 0 0 0 0 0 1 0 0 0 0 0 1 5 0 3 3 2 1 0 0 0 0 0 0 0 0 0 0 10 0 0 0 0 0 0 1 0 0 0 0 0 59 3 0 0 0 0 0 0 0 0 0 0 0 0 0 
 44 30 256 366 299 30 113 104 406 76 36 219 0 137 214 119 180 266 393 671 0 0 0 0 3 8 2 1 0 0 4 3 0 3 1 1 0 1 0 0 0 0 0 0 3 0 0 0 0 0 0 0 3 71 0 0 3 0 0 0 3 3 56 0 0 0 0 0 74 0 3 0 0 0 3 0 2 0 4 0 12 0 9 16 0 3 45 23 11 0 0 14 38 25 28 36 6 0 15 14 0 0 0 0 0 0 2 0 0 0 0 0 14 12 0 0 0 2 0 0 0 0 0 0 1 6 0 0 0 0 0 0 1 0 2 1 0 0 0 0 0 0 0 0 0 15 0 0 0 0 5 0 0 0 0 0 0 0 0 0 24 0 6 11 0 0 20 50 14 10 1 21 10 0 10 33 0 8 29 3 0 0 0 0 0 0 0 0 0 0 12 0 11 0 0 0 0 0 0 0 0 0 0 0 0 0 0 0 0 0 0 1 0 0 1 0 0 0 0 10 0 0 0 0 0 0 0 0 0 0 2 0 0 0 0 0 0 0 0 0 0 0 0 0 0 0 145 0 89 0 8 0 0 0 0 0 0 0 0 0 0 0 0 0 0 0 0 0 0 0 0 0 0 0 0 9 0 0 0 0 0 0 0 0 0 0 0 0 0 0 
 387 74 164 264 177 131 297 252 217 392 253 346 137 0 205 35 120 340 318 248 0 0 0 0 3 2 5 6 0 0 44 3 1 5 74 0 0 0 0 0 2 2 0 0 2 0 0 0 0 0 0 0 3 3 0 0 1 0 2 0 3 1 2 0 0 1 2 0 40 12 3 0 0 0 2 1 2 38 0 0 0 25 24 18 0 0 24 23 2 12 17 81 31 12 24 28 47 12 24 0 0 0 0 0 0 0 15 0 0 0 0 0 15 24 0 46 0 0 27 0 0 0 0 2 0 0 0 0 0 13 0 0 0 0 0 0 0 0 0 0 0 0 0 0 0 0 0 7 0 0 0 0 0 0 0 0 0 17 0 0 49 14 9 17 0 7 47 31 40 25 0 8 31 3 0 14 0 20 25 12 2 0 0 0 0 0 0 0 0 0 0 0 18 0 7 0 0 0 1 0 2 0 0 0 0 0 0 0 0 0 0 0 0 0 0 0 0 0 0 0 0 0 0 0 0 6 0 0 0 0 0 0 0 0 0 1 0 0 0 0 0 0 0 0 0 1 0 0 98 2 6 6 0 0 10 0 0 0 0 0 0 0 11 0 0 0 0 0 0 0 0 0 0 0 0 0 0 0 0 0 0 0 0 0 0 0 0 0 0 0 
 271 144 196 361 291 136 220 238 99 133 67 146 214 205 0 475 217 457 383 481 4 0 1 0 3 6 3 1 2 0 4 5 2 3 2 205 2 0 3 8 0 0 2 0 3 3 0 0 0 0 0 0 3 5 7 0 3 0 0 0 7 5 0 0 0 0 49 0 52 3 4 0 0 0 3 0 2 0 0 0 29 18 1 32 0 4 10 13 38 1 15 18 5 9 14 13 11 22 11 0 0 0 0 0 0 0 0 0 0 0 0 0 17 0 0 0 0 0 0 0 0 0 2 0 0 0 0 0 0 0 0 0 0 0 0 0 0 0 0 0 0 5 0 0 0 0 2 5 0 0 1 0 0 0 0 0 0 1 0 0 26 0 27 9 9 35 0 15 23 22 13 0 0 43 0 30 7 51 0 26 14 1 0 0 0 0 0 0 2 0 0 0 0 0 2 0 2 0 0 0 0 0 0 0 0 0 0 0 0 0 0 0 2 0 0 0 0 0 0 0 0 0 0 0 0 0 0 0 0 0 0 0 0 0 0 0 2 0 0 0 0 0 0 0 0 0 90 0 162 98 0 6 0 0 0 0 0 0 0 0 0 0 0 0 0 0 0 0 0 0 0 0 0 0 0 1 0 0 0 0 0 0 0 0 0 0 0 0 0 0 
 109 248 43 49 308 290 112 74 254 174 100 258 119 35 475 0 252 55 132 80 0 0 1 0 4 5 31 0 0 1 0 3 75 3 0 0 1 0 0 59 0 0 0 0 3 0 0 0 0 0 0 0 3 3 0 0 3 0 0 0 3 3 0 0 0 0 0 0 56 0 10 0 0 0 3 0 2 0 0 0 27 0 21 0 19 6 10 1 1 20 22 25 37 7 0 7 12 0 0 0 0 16 0 0 0 0 0 0 0 0 0 0 14 3 0 0 8 1 10 13 0 0 0 0 0 0 0 0 0 0 0 0 0 0 0 0 0 0 0 0 0 9 0 0 0 0 0 1 0 0 0 0 0 0 0 0 0 0 0 0 8 0 12 3 11 0 3 0 35 7 0 0 0 8 0 22 16 8 0 16 0 9 0 0 0 0 0 0 0 0 0 0 2 0 0 0 0 0 36 14 0 0 0 0 0 0 0 0 0 0 0 0 0 0 0 12 0 0 0 14 0 0 0 0 1 0 0 0 14 0 0 0 0 0 0 0 0 0 0 0 0 0 0 0 0 1 87 0 3 0 0 6 0 0 0 0 0 0 0 0 0 0 0 0 0 0 0 0 0 0 0 0 0 0 0 0 0 10 0 0 0 0 0 0 0 0 0 0 0 0 
 30 353 276 270 226 159 24 105 66 178 398 241 180 120 217 252 0 151 518 136 0 0 0 1 3 3 78 0 0 0 0 3 1 4 0 0 0 1 3 76 0 0 0 0 66 0 0 0 75 0 0 0 3 3 0 0 1 0 0 0 3 0 0 0 0 0 0 0 30 0 3 0 0 0 2 0 2 0 6 0 29 1 30 29 20 0 27 0 19 14 5 1 17 42 26 0 16 11 0 0 0 15 0 0 0 0 0 0 0 0 0 0 22 0 0 0 17 0 1 0 0 0 0 0 0 0 0 0 0 0 0 1 0 0 0 0 0 0 0 0 0 18 0 23 0 0 2 13 0 0 0 0 0 2 0 0 0 0 0 0 2 0 8 66 7 32 24 31 23 19 0 19 19 0 0 14 2 0 18 11 0 0 0 0 0 0 0 0 0 0 0 0 0 0 0 0 0 0 22 0 0 0 0 0 0 0 0 0 0 0 0 18 0 0 0 0 7 11 0 0 0 0 0 0 0 0 0 0 0 0 0 1 0 0 0 0 0 0 0 0 0 0 0 0 0 2 3 0 2 2 9 5 0 0 0 0 0 0 0 0 0 0 0 0 0 0 0 0 0 0 0 0 0 0 0 0 0 2 0 0 0 0 0 0 0 0 0 0 0 0 
 39 135 42 295 91 156 82 252 209 285 115 174 266 340 457 55 151 0 75 137 0 0 2 0 3 6 4 0 1 0 0 3 150 6 17 0 0 0 34 33 0 0 0 3 3 0 0 0 6 0 0 0 3 3 0 0 2 1 0 0 8 2 0 3 0 4 0 0 1 0 3 0 2 0 3 0 2 0 1 0 1 27 0 12 32 0 0 0 22 46 8 0 0 0 5 7 67 14 0 0 0 0 0 0 0 0 16 1 0 0 0 0 23 0 0 0 0 2 26 0 0 0 0 0 0 0 0 2 0 0 0 0 0 0 2 0 0 0 0 0 0 12 0 0 1 0 0 8 0 0 0 0 0 0 0 0 0 0 0 0 3 0 18 0 18 18 12 10 8 16 21 11 0 0 0 59 13 45 0 0 19 0 0 0 0 0 0 0 0 0 0 0 13 0 0 0 0 2 1 38 0 0 0 0 0 0 0 0 1 0 0 0 0 0 2 0 0 1 0 0 0 0 0 0 0 0 0 2 0 0 2 0 0 10 0 0 0 0 0 19 0 4 0 0 0 0 3 0 0 68 0 9 0 0 0 0 0 0 0 0 0 0 15 0 0 0 0 0 0 0 0 0 0 0 0 0 12 0 0 0 0 0 0 15 0 0 0 0 0 0 
 249 39 220 116 65 248 177 56 139 97 35 244 393 318 383 132 518 75 0 230 0 2 0 0 3 7 2 0 1 0 0 3 0 3 0 0 0 0 0 0 0 50 0 0 3 0 0 0 0 0 1 0 3 3 2 0 2 0 0 0 3 3 0 0 5 0 0 0 30 0 3 0 0 0 3 0 2 0 0 0 35 8 0 1 0 0 13 6 8 0 0 2 35 34 19 1 1 0 37 35 0 0 0 0 0 0 0 0 0 0 0 0 0 0 0 0 0 0 0 0 0 0 0 0 0 0 1 0 0 0 0 0 0 0 0 0 0 0 0 1 0 0 0 0 0 0 0 0 1 0 33 0 0 0 14 0 0 0 0 0 0 22 5 2 0 0 29 29 14 0 0 15 0 0 58 25 1 1 14 2 0 0 0 0 0 0 1 0 6 7 0 0 0 0 0 0 0 0 0 0 0 0 0 0 0 0 0 0 0 0 0 0 0 0 0 0 0 0 18 0 0 0 5 0 0 0 0 0 2 2 0 0 6 0 0 0 0 0 0 0 0 0 0 0 0 91 59 0 0 0 0 0 4 0 0 0 0 0 0 0 0 0 0 0 0 0 0 0 0 0 0 0 0 0 0 15 0 0 0 0 0 0 0 0 0 0 0 0 0 0 
 106 140 62 379 280 60 192 140 71 402 159 524 671 248 481 80 136 137 230 0 0 0 0 0 5 4 5 2 2 1 0 5 1 3 2 2 2 0 0 2 0 0 0 0 4 0 0 0 0 0 2 0 3 3 0 0 2 4 0 0 3 0 0 0 0 0 0 0 52 0 4 0 0 0 2 0 2 0 0 0 12 15 17 2 0 8 23 23 4 0 0 29 33 19 56 0 0 10 0 0 0 0 0 0 0 0 0 0 0 0 0 0 0 0 0 0 0 0 0 0 0 0 0 0 0 0 0 0 0 2 0 0 0 0 0 0 1 0 0 0 0 0 0 0 0 1 0 0 0 0 0 0 0 0 0 0 0 0 0 0 12 0 8 19 0 0 14 0 10 0 0 0 24 7 1 13 3 0 2 12 2 0 0 0 0 0 0 0 15 0 0 0 0 0 0 0 0 0 1 0 2 0 0 0 0 0 0 0 0 0 0 0 0 1 0 0 0 0 22 0 0 11 0 0 0 0 0 0 0 0 0 0 0 0 1 1 0 0 0 0 0 0 0 0 0 0 90 0 48 2 6 6 0 0 0 0 0 0 0 0 0 0 0 0 0 0 0 0 0 0 0 0 0 0 0 0 0 0 0 0 0 0 0 0 0 0 0 0 0 0 
 0 0 0 0 0 74 0 2 0 0 77 0 0 0 4 0 0 0 0 0 0 444 87 86 31 101 408 143 198 33 270 24 122 276 266 378 351 105 112 45 0 0 4 24 4 0 0 0 0 0 0 0 0 0 3 4 4 0 126 2 5 0 3 3 2 2 3 0 0 0 0 0 0 8 0 0 0 2 3 0 0 0 0 0 0 0 0 0 0 0 0 0 0 0 0 0 0 0 0 1 9 30 68 8 0 20 0 52 19 11 0 0 0 24 54 15 23 30 0 10 0 0 0 0 0 0 0 0 0 0 0 0 0 0 0 0 0 0 0 13 0 0 0 0 0 0 0 0 0 2 0 0 0 0 0 0 0 0 0 0 0 0 0 0 19 29 0 0 0 0 0 0 0 0 0 0 0 0 0 0 36 9 10 0 41 0 12 55 6 22 13 0 0 23 61 29 13 9 0 17 24 0 0 0 0 0 0 0 0 0 0 0 17 0 0 0 0 0 0 16 0 0 8 0 0 0 0 0 0 0 0 0 0 0 0 0 0 0 0 0 0 0 0 0 0 0 0 0 0 0 0 0 0 0 16 1 2 9 0 2 0 23 0 0 0 0 0 0 0 0 0 2 0 0 0 0 0 0 0 0 0 1 0 0 0 0 0 0 0 0 
 3 0 1 0 0 177 0 0 0 0 0 79 0 0 0 0 0 0 2 0 444 0 106 595 267 126 307 81 199 49 264 62 54 539 269 281 142 184 40 136 0 98 1 7 0 0 0 0 0 0 0 0 0 0 0 4 3 0 63 2 1 0 3 0 2 0 41 0 0 0 0 0 0 8 0 0 0 4 0 0 0 0 0 14 0 0 0 0 0 0 0 0 0 0 0 0 0 0 0 0 6 21 53 11 0 29 0 53 14 44 1 0 0 11 38 13 14 19 1 21 0 0 0 12 0 0 0 0 0 0 0 0 0 0 0 0 0 0 0 1 0 0 0 0 0 0 0 0 1 0 0 0 0 2 0 0 0 0 0 0 0 0 0 2 10 29 0 0 0 0 0 0 9 0 0 0 1 0 0 0 32 0 18 11 8 10 8 29 23 24 0 0 0 22 22 25 15 10 9 1 16 0 0 1 0 0 0 2 1 0 0 1 8 0 0 11 0 0 1 12 0 0 0 41 0 0 0 0 0 0 0 0 0 0 0 21 0 0 0 0 0 0 0 0 0 0 0 0 0 0 0 0 0 0 9 0 0 55 0 0 1 14 0 0 0 0 0 0 0 0 0 0 0 0 0 0 0 0 0 0 0 14 0 0 0 0 0 0 0 0 
 0 1 0 76 75 74 1 0 1 0 0 59 0 0 1 1 0 2 0 0 87 106 0 98 158 127 94 168 185 106 42 42 65 90 217 201 97 51 108 136 0 0 0 0 0 0 0 0 0 0 0 0 0 0 0 3 3 0 0 0 0 0 2 0 2 0 0 0 0 0 0 0 0 4 0 0 0 40 0 0 0 0 0 0 0 11 15 0 0 0 0 0 0 0 0 0 0 0 0 0 11 11 34 8 32 56 41 13 45 27 22 12 13 0 0 39 39 0 1 0 7 0 0 0 0 1 0 0 0 0 2 0 0 11 0 0 1 0 24 12 0 0 0 0 0 0 6 0 5 0 0 0 0 0 0 0 0 0 0 0 0 0 0 2 0 0 0 0 0 0 0 0 0 0 0 0 2 0 0 5 24 12 15 10 1 20 56 0 35 0 44 34 13 21 16 14 31 34 0 27 17 0 0 0 0 0 30 1 0 8 0 0 0 0 0 0 1 0 29 14 0 0 0 0 0 0 0 0 0 0 0 0 0 0 0 0 0 0 0 0 0 0 1 0 0 0 0 0 0 0 0 0 0 0 3 0 0 7 0 0 2 2 0 0 0 0 9 0 0 0 0 0 0 0 0 0 0 0 0 0 0 5 0 0 0 10 9 0 0 0 
 2 0 1 0 0 0 0 0 0 0 2 0 0 0 0 0 1 0 0 0 86 595 98 0 91 37 207 71 181 101 150 222 166 265 82 263 181 255 95 143 61 0 0 0 2 3 0 0 2 0 0 0 2 2 0 5 3 0 63 3 2 0 1 0 2 2 2 0 0 0 1 2 2 8 0 0 0 2 3 0 0 0 0 0 2 0 0 0 0 0 0 0 0 0 2 0 11 0 1 0 3 20 9 16 18 31 1 16 0 1 47 15 0 22 8 10 31 25 0 0 14 0 11 0 0 0 8 0 0 0 0 0 0 1 6 0 0 0 20 0 8 0 0 0 2 0 1 0 0 0 0 2 0 0 0 0 0 0 2 0 0 0 0 0 0 0 0 3 5 5 0 0 0 0 0 0 0 0 0 0 17 16 0 16 9 16 1 23 0 33 9 18 0 24 20 26 0 13 0 6 11 6 0 0 0 0 0 8 10 0 0 0 22 0 0 9 0 0 8 11 0 0 0 0 1 0 0 0 0 0 0 0 0 0 1 0 0 0 8 0 0 0 0 0 0 0 0 0 0 0 0 0 0 0 0 0 0 2 75 3 7 0 0 0 0 0 0 0 0 0 0 0 0 0 0 0 0 0 0 7 0 0 0 0 0 0 0 0 0 2 
 3 3 3 3 3 3 3 3 3 3 4 3 3 3 3 4 3 3 3 5 31 267 158 91 0 79 45 63 165 124 95 339 93 104 76 84 53 111 98 71 0 0 1 0 0 0 33 0 1 0 0 0 64 124 0 3 3 0 63 2 0 0 3 0 2 2 0 0 0 0 0 0 0 3 0 0 57 2 0 1 0 0 8 0 0 0 0 0 0 2 0 0 0 0 0 0 0 0 0 0 0 8 1 4 2 0 0 0 32 0 1 47 2 0 0 9 0 13 0 6 18 0 0 0 0 0 0 0 12 0 0 7 49 89 6 0 0 0 0 55 0 0 0 0 0 0 2 0 2 0 0 0 1 0 0 0 0 0 0 0 0 0 0 0 0 0 0 0 0 0 0 0 0 0 0 0 0 0 0 0 0 0 35 14 26 13 0 10 1 51 8 18 0 0 1 0 0 23 12 0 1 1 2 0 0 0 10 0 0 0 1 0 13 0 22 0 0 0 30 35 0 0 0 0 1 0 0 1 0 0 0 0 0 0 0 0 15 0 0 2 0 0 9 0 7 0 0 0 0 0 0 0 0 0 9 2 0 163 1 0 16 0 0 0 0 0 0 0 0 0 0 0 0 0 0 0 0 0 0 0 0 0 0 0 0 0 0 0 0 0 
 3 3 3 3 3 3 3 5 3 3 3 4 8 2 6 5 3 6 7 4 101 126 127 37 79 0 458 32 135 87 379 215 253 118 77 54 108 48 64 34 0 63 42 0 4 2 27 64 6 0 0 0 0 84 17 72 3 6 29 23 0 0 6 0 2 1 0 0 1 0 10 0 0 53 0 0 0 18 0 1 0 0 0 0 0 0 0 0 0 0 0 0 0 0 0 0 0 0 0 1 0 0 9 8 0 0 0 12 19 0 0 65 0 0 0 12 0 11 0 0 12 0 15 0 0 0 0 19 8 0 0 0 0 31 1 0 0 11 10 15 0 0 0 0 0 0 1 0 4 0 0 0 0 0 0 0 0 0 0 0 0 0 0 0 0 0 0 6 0 0 5 0 0 4 0 0 0 0 0 0 0 0 22 10 13 19 0 11 9 9 0 14 0 0 9 0 0 0 0 0 29 1 0 0 0 0 11 0 10 0 0 0 18 10 12 0 0 0 32 76 0 0 0 0 0 0 0 0 0 0 0 0 0 0 0 0 0 0 0 0 0 0 10 0 0 0 0 0 0 2 0 0 0 0 4 0 3 149 0 1 17 0 0 0 0 0 0 0 0 0 0 0 0 0 0 0 0 0 0 0 0 0 0 0 0 0 0 0 0 0 
 2 2 7 1 2 2 1 2 4 78 5 5 2 5 3 31 78 4 2 5 408 307 94 207 45 458 0 273 80 43 123 22 107 620 65 378 84 38 60 170 0 0 3 0 3 65 0 1 0 0 0 1 0 2 0 4 3 0 0 0 2 2 2 0 2 0 39 54 0 3 1 0 0 9 0 0 0 5 0 0 0 0 14 0 12 0 0 0 0 0 12 0 2 0 0 0 0 0 0 0 14 30 0 27 0 17 14 28 0 12 0 0 10 31 0 7 5 22 10 0 2 0 0 0 0 0 0 1 0 0 0 0 0 2 0 0 0 0 1 12 0 9 0 0 0 0 0 1 0 2 0 0 41 0 0 0 0 0 0 0 0 0 0 1 25 8 0 11 10 0 11 0 9 0 0 0 0 0 0 8 10 20 12 8 6 0 16 22 11 0 10 23 10 9 14 3 1 1 22 16 15 0 0 0 0 0 0 0 0 2 7 0 22 0 0 0 0 0 0 0 0 0 0 0 0 0 0 0 0 0 0 0 0 7 0 0 0 0 0 0 0 0 0 0 0 4 0 0 0 0 0 0 2 0 2 0 0 88 2 3 2 0 0 0 0 0 0 2 0 0 0 0 0 0 0 0 0 11 0 0 0 0 0 0 0 0 0 0 0 0 
 0 0 0 37 20 109 0 0 0 2 0 142 1 6 1 0 0 0 0 2 143 81 168 71 63 32 273 0 52 40 30 46 130 162 176 255 110 110 219 133 0 0 1 0 0 0 0 62 0 0 0 63 0 74 0 3 3 0 0 0 0 0 56 0 2 0 2 0 0 0 0 0 48 10 0 0 0 2 0 0 0 0 0 0 0 19 0 0 0 15 0 1 0 0 22 0 0 11 0 0 8 9 19 12 15 41 13 20 32 13 30 0 0 30 9 34 15 20 35 0 0 0 0 0 0 0 0 0 0 0 0 0 0 0 15 0 0 2 9 0 0 0 0 0 0 0 0 0 0 0 0 0 0 0 0 0 0 0 0 0 0 0 1 0 1 12 0 0 0 0 0 0 0 0 0 0 0 0 0 1 22 1 47 11 7 12 14 24 14 0 61 55 11 11 7 32 23 19 1 6 0 0 0 0 0 0 12 0 0 0 0 0 1 0 0 0 0 0 0 10 0 0 0 0 0 2 0 0 2 0 0 0 0 0 0 0 0 0 0 0 0 0 1 0 0 0 0 0 0 81 0 0 0 0 4 0 2 1 0 0 0 0 0 0 0 0 0 0 0 0 0 0 0 0 0 0 13 0 0 0 0 3 0 0 0 0 0 0 0 0 
 0 0 2 8 0 0 0 0 0 0 0 2 0 0 2 0 0 1 1 2 198 199 185 181 165 135 80 52 0 463 241 53 322 580 130 356 94 109 457 156 0 0 0 0 0 0 2 0 0 0 0 0 0 0 0 3 3 0 27 0 0 0 1 0 2 0 0 0 0 0 0 0 0 5 0 0 0 2 0 0 0 0 0 0 0 0 2 2 0 0 0 0 0 0 0 0 0 0 0 0 17 2 30 29 14 6 0 11 3 14 48 16 0 0 11 0 0 40 2 0 14 0 14 0 0 0 0 0 0 0 1 0 2 11 11 0 0 0 28 1 4 0 0 0 0 0 0 0 0 0 0 10 0 10 0 0 0 0 0 0 8 0 0 1 0 17 0 0 0 0 0 0 0 0 0 17 1 0 16 0 0 14 9 71 1 12 11 43 9 63 0 15 0 21 8 0 51 0 0 0 23 0 0 0 0 0 8 0 2 0 0 2 11 0 0 0 3 0 11 33 0 0 0 0 0 0 0 0 0 0 0 0 0 0 0 0 0 0 0 0 0 0 11 0 0 0 0 0 0 0 0 0 0 0 11 0 0 77 4 0 0 2 0 0 0 0 0 0 0 0 0 0 0 0 0 0 0 0 0 9 0 0 0 0 0 1 0 0 0 0 
 2 4 0 5 2 2 1 4 0 1 0 0 0 0 0 1 0 0 0 1 33 49 106 101 124 87 43 40 463 0 177 122 57 200 89 88 52 77 292 146 1 2 1 0 0 0 38 1 0 0 208 0 0 0 0 7 3 0 63 36 0 0 3 0 2 4 0 0 0 0 0 0 0 3 0 0 0 2 2 0 0 0 0 0 0 0 0 0 0 0 0 0 0 0 0 0 0 0 0 0 14 4 0 49 13 0 12 0 45 20 12 12 14 0 1 11 11 0 0 0 11 0 0 0 0 0 0 0 0 0 0 0 14 14 0 0 0 0 23 19 0 0 1 2 0 0 0 0 0 4 0 0 0 0 3 0 0 0 0 0 2 0 0 0 0 0 0 11 0 0 0 0 0 0 0 0 0 0 0 0 0 19 37 0 22 14 8 8 1 27 2 29 1 11 0 0 0 30 0 7 0 11 0 0 0 0 25 0 0 0 0 0 0 6 0 0 10 2 0 16 0 0 0 0 0 0 0 0 0 0 0 0 0 0 0 0 0 0 0 0 0 0 10 0 0 0 2 0 0 0 0 0 0 0 9 1 3 76 2 0 13 0 0 2 2 0 10 0 0 0 0 0 0 0 0 0 0 0 0 0 0 2 0 0 0 0 10 0 0 0 
 0 0 0 0 0 1 0 80 0 0 0 0 4 44 4 0 0 0 0 0 270 264 42 150 95 379 123 30 241 177 0 140 201 274 197 160 354 163 530 334 0 0 1 0 3 0 63 0 0 0 0 0 0 0 0 3 3 0 64 63 0 0 110 0 2 0 3 0 0 0 0 0 0 9 0 0 0 2 0 0 0 0 0 0 7 0 0 0 0 0 0 0 0 0 0 0 0 0 0 0 27 25 32 24 0 22 20 44 0 36 0 0 0 30 22 35 12 8 0 25 13 0 0 0 0 0 0 0 0 0 0 0 0 0 0 0 0 0 11 2 0 0 0 0 0 0 0 0 0 2 0 7 0 0 0 0 0 9 0 0 0 0 0 0 0 1 0 0 0 0 0 0 0 0 0 0 0 0 0 0 41 8 18 0 19 36 26 32 13 23 0 16 9 12 56 43 19 0 0 21 51 15 7 0 0 0 0 0 0 0 0 0 18 19 0 0 23 0 0 49 0 0 0 0 0 0 0 0 0 0 0 0 0 0 0 0 0 0 0 10 0 0 0 0 0 0 2 0 0 0 0 0 0 0 10 6 2 8 0 2 8 17 64 0 0 0 0 0 0 0 0 2 0 0 0 0 0 0 0 23 0 10 0 0 0 0 0 0 0 0 
 3 5 3 3 3 3 3 3 3 5 4 3 3 3 5 3 3 3 3 5 24 62 42 222 339 215 22 46 53 122 140 0 96 56 108 243 67 317 42 34 0 0 64 0 0 0 75 87 0 0 0 0 0 65 0 67 4 0 1 63 0 0 0 0 50 0 0 0 0 0 0 0 0 2 0 51 0 2 0 0 0 0 0 0 0 0 0 0 0 0 0 0 0 0 0 0 0 0 0 1 20 0 0 8 7 7 14 0 0 0 11 20 0 0 0 9 0 14 0 0 32 0 35 20 0 0 13 14 18 0 0 0 0 17 14 0 0 14 23 0 1 0 0 0 0 0 0 0 0 2 0 0 0 0 0 0 0 0 0 0 0 0 0 0 0 0 0 9 1 1 0 0 0 34 0 0 0 0 0 0 0 10 0 24 0 30 9 21 0 24 8 23 0 15 6 9 0 0 0 12 11 25 0 0 0 0 0 14 12 0 0 0 19 0 3 0 1 0 8 29 0 0 0 0 0 0 0 0 0 0 0 0 0 0 0 0 0 0 0 0 0 0 11 0 0 0 0 0 0 0 0 0 0 0 2 0 0 2 1 0 2 1 0 0 0 0 0 0 0 0 0 2 0 0 0 0 0 0 0 14 0 0 0 0 0 0 0 0 0 0 
 0 0 0 0 151 1 0 74 23 29 192 74 0 1 2 75 1 150 0 1 122 54 65 166 93 253 107 130 322 57 201 96 0 325 253 248 52 176 464 354 0 0 202 0 3 0 3 0 0 0 0 0 0 0 1 3 3 0 0 62 0 0 2 0 2 3 0 0 0 0 0 0 0 3 0 0 0 2 0 0 0 23 18 0 19 0 0 0 21 10 8 9 0 0 0 0 10 12 0 0 18 18 1 9 0 0 17 39 0 10 0 0 19 8 1 2 15 0 14 9 0 0 0 0 0 0 0 0 0 0 0 0 0 0 0 0 0 0 0 0 0 0 0 0 0 0 18 0 0 0 0 0 0 0 0 0 0 0 0 0 6 0 21 1 20 0 1 0 0 0 2 23 0 0 0 10 0 0 0 0 0 3 0 0 0 0 2 9 0 16 11 0 5 0 4 15 0 1 11 53 0 0 3 0 0 0 0 0 0 0 0 0 9 0 0 0 0 0 0 0 0 0 0 0 0 0 22 0 0 0 0 0 0 0 0 0 0 0 0 6 0 0 0 0 0 0 0 0 0 0 0 0 19 0 8 2 2 0 0 2 0 14 0 0 0 0 0 0 0 0 0 0 0 0 0 18 20 0 0 0 0 0 0 0 0 0 0 0 0 0 
 3 3 4 3 3 52 3 3 3 4 4 80 3 5 3 3 4 6 3 3 276 539 90 265 104 118 620 162 580 200 274 56 325 0 299 242 282 417 315 107 0 0 1 62 0 0 0 0 0 0 0 0 0 3 0 3 3 0 63 1 0 0 3 0 2 0 3 0 0 0 0 0 0 6 0 0 0 2 0 0 0 0 0 0 0 0 0 0 0 0 0 0 0 0 0 0 0 0 0 0 1 9 34 1 14 31 0 10 17 27 6 8 0 12 35 21 29 43 0 4 0 0 0 0 0 0 0 0 2 0 0 0 0 0 0 0 0 0 0 51 0 0 1 1 0 0 0 0 0 0 0 0 0 0 0 0 0 0 0 8 0 0 0 0 0 19 0 0 0 0 1 0 0 0 0 0 0 0 0 1 39 0 31 25 23 12 15 26 36 21 0 1 0 11 30 10 29 29 0 0 8 0 0 0 0 0 0 0 0 0 0 0 11 0 0 0 0 1 5 11 0 0 0 0 0 0 0 0 0 0 0 0 0 0 0 0 0 0 0 1 0 0 0 0 0 0 0 0 0 0 0 0 0 0 11 1 1 42 0 0 2 3 0 0 0 0 0 0 0 0 0 0 0 0 0 0 0 0 0 0 0 10 0 0 0 10 0 0 0 0 
 0 0 0 28 59 21 0 0 0 0 0 73 1 74 2 0 0 17 0 2 266 269 217 82 76 77 65 176 130 89 197 108 253 299 0 95 271 100 188 74 0 0 0 0 2 0 0 0 0 0 0 0 0 0 0 58 3 0 27 0 0 0 1 0 2 0 0 0 0 0 0 0 0 14 0 0 0 2 0 0 0 0 2 0 0 11 0 0 1 0 0 0 0 0 0 0 0 1 0 0 18 25 28 8 2 12 29 40 13 19 0 0 0 17 7 23 47 23 55 11 0 0 0 2 0 0 1 0 0 0 12 0 0 0 0 0 0 0 0 0 0 0 0 0 0 0 0 0 0 0 0 0 0 0 1 0 0 0 0 0 0 0 0 0 0 1 0 0 0 0 0 0 0 0 1 22 0 0 0 0 27 17 10 11 0 0 21 28 34 19 36 1 19 0 53 30 10 1 0 25 16 2 0 0 0 0 0 0 0 0 0 0 18 0 0 0 0 0 25 13 0 0 0 0 0 11 0 0 0 0 0 0 2 0 0 0 0 0 0 0 0 0 0 0 0 0 0 0 0 76 0 0 0 0 15 0 3 75 0 3 0 9 0 0 0 0 0 0 0 0 0 0 0 0 0 0 10 0 0 0 0 10 0 0 0 0 0 0 0 0 
 0 5 0 0 0 20 31 0 0 0 0 78 1 0 205 0 0 0 0 2 378 281 201 263 84 54 378 255 356 88 160 243 248 242 95 0 374 48 242 35 0 0 0 0 0 0 0 0 0 0 0 0 0 0 0 3 3 0 0 0 0 0 2 0 2 0 0 0 0 0 0 0 0 3 0 0 0 2 0 0 0 0 0 0 0 1 0 0 0 0 0 0 0 0 0 0 0 4 0 0 0 14 26 0 11 16 0 0 18 18 9 0 0 5 51 3 13 68 1 0 0 0 0 0 0 0 0 0 0 0 0 0 0 0 0 17 0 2 0 44 0 0 0 0 0 0 0 0 0 0 0 0 0 0 0 3 0 0 0 0 0 0 1 0 0 7 0 0 0 0 0 0 0 0 0 0 0 0 0 2 26 0 12 12 12 11 15 13 41 1 12 0 0 31 12 0 37 28 0 22 0 0 0 0 0 1 0 0 0 0 0 0 0 0 0 0 0 0 28 0 0 1 0 0 0 1 0 0 2 0 0 0 0 0 0 0 0 0 0 0 0 0 0 0 0 0 0 0 0 0 0 0 0 0 4 0 1 0 0 1 2 3 0 0 0 0 0 0 0 0 41 0 0 0 0 0 0 0 0 0 0 18 0 0 0 1 0 0 0 0 
 0 0 0 0 0 75 0 0 0 0 0 3 0 0 2 1 0 0 0 2 351 142 97 181 53 108 84 110 94 52 354 67 52 282 271 374 0 200 239 102 0 0 5 0 8 0 0 16 0 6 0 0 0 0 0 3 9 4 0 0 0 0 3 0 2 0 6 1 0 0 0 0 0 7 0 0 0 2 0 0 0 0 0 0 0 0 0 0 0 0 0 0 0 0 0 0 0 1 0 0 6 44 19 24 21 24 0 42 14 29 1 0 1 31 13 38 57 34 0 11 0 0 0 0 0 0 0 0 0 0 0 0 0 0 0 0 0 0 0 1 0 0 0 0 0 0 0 0 0 0 0 0 0 0 0 0 0 0 0 0 0 0 0 0 0 13 0 0 0 0 0 0 0 0 0 0 0 0 0 0 22 20 47 0 8 0 18 94 65 16 0 0 1 11 25 37 11 30 0 22 21 0 0 0 0 0 0 0 0 0 0 0 12 0 0 0 0 0 17 0 0 0 0 0 0 0 0 0 0 0 0 0 0 0 0 0 0 0 0 0 0 0 0 0 0 0 0 0 0 0 0 0 0 0 13 0 0 74 0 0 2 21 0 0 0 0 0 0 0 0 0 0 0 0 0 0 0 0 0 0 0 11 0 0 0 68 0 0 0 0 
 0 2 0 0 0 0 0 0 0 2 0 0 1 0 0 0 1 0 0 0 105 184 51 255 111 48 38 110 109 77 163 317 176 417 100 48 200 0 46 61 0 0 0 0 4 1 62 0 0 0 0 2 0 0 0 3 3 0 32 0 0 0 0 0 2 0 0 0 0 0 0 47 0 2 0 0 0 2 0 0 0 0 0 0 0 0 0 0 0 0 0 0 0 0 0 2 0 0 0 0 29 19 0 35 0 11 16 28 0 12 10 96 0 6 26 10 39 9 0 12 11 0 0 0 0 0 12 0 30 0 0 0 0 27 12 0 0 1 0 23 0 0 0 0 0 0 0 0 0 0 0 0 0 0 0 0 0 0 0 0 0 1 1 0 0 0 0 0 3 4 0 2 0 0 0 1 0 0 0 0 22 9 0 8 0 8 10 0 6 14 13 17 0 0 35 24 0 0 0 12 1 34 0 0 0 0 0 13 0 0 0 0 12 0 9 0 0 0 8 31 0 0 0 0 0 2 0 0 2 0 0 0 0 0 0 0 0 0 0 0 0 1 1 0 0 0 0 0 0 0 0 0 0 0 5 0 4 4 17 0 1 9 0 0 0 0 0 0 0 0 0 0 0 0 0 0 0 0 0 18 0 18 0 0 0 0 0 0 0 0 
 0 0 0 78 223 76 0 0 0 180 203 183 0 0 3 0 3 34 0 0 112 40 108 95 98 64 60 219 457 292 530 42 464 315 188 242 239 46 0 95 27 0 202 0 199 0 0 0 7 5 0 0 0 0 2 3 3 0 0 1 0 0 3 0 2 0 0 0 3 0 0 0 0 3 0 0 2 2 0 0 0 31 55 1 41 43 0 0 29 0 4 0 0 0 0 0 0 21 0 1 0 14 0 0 0 0 36 21 0 1 0 0 2 15 29 0 10 1 41 11 0 0 0 0 0 0 0 0 0 0 0 0 0 0 0 0 0 0 0 0 0 0 0 0 0 0 0 0 0 0 0 0 0 6 0 0 0 0 0 0 0 0 18 14 37 1 0 0 0 0 10 14 0 0 0 10 0 0 0 2 11 25 17 0 0 0 1 0 0 0 25 7 36 0 14 21 0 15 37 0 0 0 0 0 0 0 0 0 0 0 0 0 0 0 0 0 0 9 0 0 0 0 0 0 0 0 0 0 0 0 0 0 0 0 0 0 0 0 12 0 0 20 0 0 0 0 0 0 0 0 0 0 19 0 13 2 2 0 0 4 3 1 0 0 0 0 0 0 0 0 0 1 0 0 0 18 18 7 0 0 0 0 0 0 0 0 0 0 0 0 
 0 1 0 0 37 0 0 2 0 147 6 1 0 0 8 59 76 33 0 2 45 136 136 143 71 34 170 133 156 146 334 34 354 107 74 35 102 61 95 0 0 0 1 0 2 0 0 0 0 0 0 0 94 0 0 3 3 1 0 0 0 0 36 0 2 0 0 54 31 0 0 11 0 3 0 0 0 2 0 0 0 13 8 2 25 14 0 0 18 0 6 11 0 0 1 0 0 3 0 0 41 29 0 21 7 0 28 9 2 26 7 9 12 24 12 0 18 20 58 0 0 0 0 0 0 0 0 0 0 0 0 0 0 0 0 0 0 0 44 0 0 4 0 0 1 0 0 1 0 0 0 0 0 0 19 0 0 0 0 0 1 0 18 11 21 7 0 0 9 1 23 0 0 0 0 8 0 14 0 1 1 8 0 14 0 0 61 0 0 0 0 7 19 29 0 1 14 13 19 33 0 0 0 0 0 0 0 3 14 0 0 0 0 1 0 0 0 0 0 0 0 0 0 0 0 0 0 0 0 0 0 0 0 0 2 1 0 0 0 0 0 0 0 0 0 0 0 0 0 0 0 0 0 0 4 0 3 1 0 1 2 0 0 0 0 0 1 0 0 0 0 0 0 0 0 0 19 7 0 0 0 0 0 0 0 0 1 0 0 0 
 0 0 0 63 0 0 0 0 0 0 0 0 0 2 0 0 0 0 0 0 0 0 0 61 0 0 0 0 0 1 0 0 0 0 0 0 0 0 27 0 0 132 145 391 339 110 46 165 31 145 37 29 258 72 95 48 117 145 113 60 0 0 0 3 0 0 6 0 6 0 2 0 0 1 2 0 2 0 0 8 0 0 0 0 0 0 0 0 0 0 0 0 0 0 0 0 0 0 0 0 0 0 0 0 1 11 0 0 0 0 0 0 0 0 0 0 0 0 0 0 0 36 6 41 41 8 30 20 9 0 0 36 8 0 7 22 34 26 0 0 36 0 0 0 0 0 0 0 0 0 0 4 12 0 9 0 0 0 3 0 0 0 0 0 0 0 0 0 0 0 0 0 0 0 15 0 0 0 1 0 0 0 0 0 0 0 0 0 0 0 0 0 13 0 0 0 0 0 0 0 0 0 49 0 19 10 35 26 0 15 27 36 0 12 48 2 5 3 0 0 14 0 0 0 0 0 0 0 0 0 0 0 0 0 0 0 0 0 0 30 0 0 18 0 0 0 0 0 0 0 0 5 0 0 0 0 0 0 0 6 1 0 0 1 10 0 0 0 0 0 0 0 1 0 0 0 0 0 0 0 0 0 0 0 2 7 0 7 0 0 
 0 0 0 58 0 0 0 0 0 0 0 0 0 2 0 0 0 0 50 0 0 98 0 0 0 63 0 0 0 2 0 0 0 0 0 0 0 0 0 0 132 0 284 344 29 242 140 218 402 109 39 50 193 125 156 143 292 49 110 105 0 0 0 0 0 0 0 0 0 0 0 0 0 0 0 0 0 0 0 2 0 0 0 0 0 0 0 0 0 0 0 0 0 0 0 0 0 0 0 0 0 11 0 0 0 0 0 0 0 26 0 0 0 0 0 0 0 0 0 0 0 9 41 30 2 9 19 51 25 0 19 1 20 0 51 8 14 21 8 7 0 0 0 0 0 0 0 0 0 0 0 8 0 2 0 0 0 0 0 0 0 0 0 0 0 0 0 0 0 1 5 0 0 1 0 0 0 0 0 0 0 0 0 0 1 6 0 0 0 0 0 0 0 0 0 0 0 0 0 0 26 6 13 10 0 2 32 27 20 24 17 7 15 24 1 14 24 28 0 0 7 0 0 0 0 0 0 0 0 0 0 0 9 0 0 0 0 0 0 0 0 0 0 0 0 0 0 0 0 33 0 9 0 1 0 0 0 0 0 1 0 0 0 0 0 0 4 0 0 0 0 0 0 0 0 0 0 0 0 0 0 0 0 0 5 7 0 0 0 0 
 0 0 0 0 0 0 0 0 0 0 0 0 0 0 2 0 0 0 0 0 4 1 0 0 1 42 3 1 0 1 1 64 202 1 0 0 5 0 202 1 145 284 0 366 273 21 197 251 134 72 126 49 158 107 135 138 159 70 33 189 1 4 0 4 0 51 0 0 0 0 0 0 0 27 28 0 6 0 0 7 0 0 0 0 0 0 0 0 0 0 0 0 0 0 0 0 0 0 0 0 0 0 0 0 0 0 0 0 0 0 0 0 0 0 0 0 0 0 0 0 0 0 19 15 8 0 6 24 12 10 17 0 13 0 9 8 0 38 7 0 0 0 5 7 0 0 0 0 7 0 0 0 0 0 11 0 10 0 0 0 0 0 0 0 0 0 0 6 0 0 4 0 0 7 0 0 0 0 1 0 0 5 0 0 0 53 0 0 0 0 0 0 0 0 0 0 0 0 0 0 28 1 8 8 37 0 22 31 33 13 0 3 0 15 0 0 0 28 2 0 0 0 0 7 18 0 0 0 1 4 3 19 0 0 5 8 0 9 12 0 0 0 0 0 0 0 0 0 0 0 0 1 0 0 0 0 0 0 0 1 0 2 0 0 4 1 11 0 0 0 0 0 0 0 0 0 0 0 0 0 0 0 0 0 8 18 0 7 0 0 
 0 0 0 0 0 0 0 0 0 0 0 0 0 0 0 0 0 3 0 0 24 7 0 0 0 0 0 0 0 0 0 0 0 62 0 0 0 0 0 0 391 344 366 0 302 55 106 87 132 174 90 147 112 323 217 124 104 197 64 271 55 0 0 0 0 4 92 0 0 8 0 0 10 50 0 0 7 0 5 2 0 0 0 0 0 0 0 0 0 0 0 0 0 0 0 0 0 0 0 0 0 0 0 0 0 0 0 0 0 0 0 0 0 0 0 0 0 0 0 0 0 23 14 0 21 30 18 10 11 13 10 10 26 16 0 29 19 1 0 0 33 5 4 7 0 0 3 0 22 0 0 20 1 11 22 1 15 5 0 23 0 0 0 0 0 0 0 0 0 0 2 0 0 0 0 0 0 0 0 0 0 0 0 0 0 0 9 0 0 0 0 0 0 0 0 0 0 0 18 0 0 0 13 22 6 31 9 5 2 13 16 5 0 0 0 24 18 0 0 0 2 15 4 0 9 0 0 0 0 0 0 0 0 3 24 30 19 5 48 11 0 0 0 0 0 0 0 0 0 0 0 0 0 0 0 0 0 0 0 22 0 0 2 0 0 0 9 68 0 0 9 0 0 0 0 0 0 0 0 0 0 0 0 0 0 0 0 0 0 0 
 3 28 3 3 3 3 3 2 3 3 3 3 3 2 3 3 66 3 3 4 4 0 0 2 0 4 3 0 0 0 3 0 3 0 2 0 8 4 199 2 339 29 273 302 0 103 53 130 129 79 190 130 85 74 160 98 63 272 49 82 57 0 0 0 0 0 99 49 0 0 0 0 75 101 0 7 0 1 50 2 0 0 0 0 0 0 0 0 0 0 0 0 0 0 0 0 0 0 0 0 0 8 0 0 0 0 13 4 0 0 0 0 0 5 0 0 2 3 0 0 0 0 0 0 0 40 0 0 0 45 0 23 0 0 0 0 0 0 0 0 21 4 1 31 0 10 33 20 16 0 2 1 24 8 30 8 15 3 0 0 0 0 0 0 0 0 0 0 0 0 4 0 0 0 0 0 0 0 0 0 0 11 0 0 0 0 5 0 0 2 0 0 0 0 0 15 0 0 0 6 0 0 0 0 0 51 0 19 0 0 0 0 0 0 0 0 0 0 0 0 0 15 12 0 0 0 31 0 6 2 3 0 9 0 11 32 4 10 20 9 0 0 0 0 0 0 0 0 0 0 0 17 0 0 0 0 0 0 0 1 0 0 65 0 0 4 4 0 3 0 3 0 0 0 0 0 0 0 0 0 0 0 0 0 0 0 0 0 15 0 
 5 0 0 0 0 0 0 0 0 0 0 0 0 0 3 0 0 0 0 0 0 0 0 3 0 2 65 0 0 0 0 0 0 0 0 0 0 1 0 0 110 242 21 55 103 0 35 281 97 72 196 140 56 212 57 190 70 197 42 49 0 0 0 0 0 8 52 49 0 9 0 0 53 24 0 0 4 0 61 2 0 6 0 0 0 0 0 0 9 0 0 0 0 0 0 0 0 0 1 0 0 0 0 0 0 0 0 0 0 0 0 1 0 0 0 0 0 0 0 0 0 39 0 10 1 51 0 0 0 50 0 11 0 0 0 0 11 14 0 16 6 0 0 0 0 0 0 0 0 0 0 0 10 7 3 1 0 1 11 0 2 5 0 0 0 0 0 0 0 0 0 0 9 0 2 0 0 0 3 0 0 0 0 0 0 0 0 0 0 0 0 0 0 0 0 0 0 0 0 0 0 0 0 10 31 0 0 0 0 41 0 15 0 0 0 16 10 31 0 0 13 0 0 0 0 0 16 2 6 0 0 0 17 2 28 16 4 24 41 8 0 0 0 0 0 0 0 0 0 0 0 10 0 0 0 0 0 0 0 1 0 22 76 63 91 12 10 65 0 0 0 0 0 0 0 0 0 0 0 0 0 2 0 0 9 0 0 0 0 0 
 67 2 0 0 0 0 0 2 0 0 0 0 0 0 0 0 0 0 0 0 0 0 0 0 33 27 0 0 2 38 63 75 3 0 0 0 0 62 0 0 46 140 197 106 53 35 0 169 107 23 37 33 86 74 97 199 34 28 115 148 0 0 62 0 0 0 6 0 0 0 0 0 7 0 0 0 2 0 0 0 0 0 9 0 0 0 0 0 0 0 0 0 0 1 0 0 10 0 5 0 0 17 1 10 11 14 0 0 0 0 0 12 0 0 0 0 0 11 0 0 22 0 18 12 7 0 0 20 3 1 9 0 10 13 0 12 0 20 18 27 0 0 6 0 0 0 13 0 6 0 0 0 0 0 16 0 0 0 0 0 0 0 1 0 0 0 0 12 0 9 17 0 0 10 0 0 0 0 0 0 9 25 11 14 14 12 0 0 3 15 6 17 0 0 1 0 0 0 0 0 16 12 9 0 4 0 4 3 25 0 6 0 13 10 0 10 11 0 16 3 5 0 6 0 0 0 0 0 0 0 0 0 0 59 0 5 0 2 10 0 0 0 0 0 0 0 0 0 0 0 0 7 0 2 0 0 0 62 0 2 0 0 0 0 0 0 29 0 0 0 0 0 0 0 0 0 0 0 0 0 0 0 0 0 7 0 0 0 0 0 
 0 2 0 0 0 0 0 0 0 1 3 0 0 0 0 0 0 0 0 0 0 0 0 0 0 64 1 62 0 1 0 87 0 0 0 0 16 0 0 0 165 218 251 87 130 281 169 0 138 114 112 204 103 193 160 52 273 37 61 401 0 0 0 0 0 0 6 0 0 0 0 0 6 0 0 0 1 0 50 8 0 0 0 0 0 0 0 0 0 0 0 0 0 0 0 0 0 0 0 0 0 0 0 0 0 0 0 0 0 0 21 0 0 0 0 0 0 0 0 0 0 6 4 19 6 0 0 22 27 5 0 1 18 0 0 0 7 24 4 0 0 3 5 0 0 0 17 4 5 0 0 0 12 0 10 0 0 0 7 0 0 0 0 0 0 0 0 0 0 0 6 0 0 4 0 0 0 3 0 0 0 0 0 0 0 18 0 0 0 0 0 14 0 0 0 0 0 0 0 0 0 11 0 24 0 9 10 12 2 34 10 19 0 10 8 0 0 0 0 0 21 0 5 0 0 0 0 0 0 0 0 0 0 30 0 3 0 2 10 0 0 0 0 0 0 0 0 0 0 0 0 3 0 0 0 0 0 0 0 0 0 0 2 0 67 1 21 0 0 0 0 0 0 0 0 0 0 0 0 0 0 0 0 0 13 12 0 0 0 0 
 0 0 0 9 10 3 59 0 3 4 6 0 0 0 0 0 75 6 0 0 0 0 0 2 1 6 0 0 0 0 0 0 0 0 0 0 0 0 7 0 31 402 134 132 129 97 107 138 0 150 265 20 415 167 205 350 122 50 77 169 0 0 0 49 0 0 0 0 0 0 0 0 54 54 0 0 0 0 23 0 0 0 6 0 4 4 0 0 0 8 11 0 0 10 0 4 1 5 0 0 0 0 0 0 0 0 0 0 0 0 0 0 0 0 0 0 0 0 0 12 0 0 14 64 1 19 14 14 10 0 20 8 37 12 4 29 0 23 3 0 0 0 0 2 0 0 0 0 0 0 0 6 0 4 0 0 0 0 0 0 0 0 0 6 2 25 0 0 0 5 0 0 0 0 0 0 0 3 6 0 0 0 0 0 0 0 0 0 0 0 0 0 0 0 0 0 0 3 3 0 1 0 16 0 29 0 8 19 0 7 14 0 11 11 13 29 2 1 0 0 0 5 0 0 0 0 0 0 0 0 0 0 6 0 9 0 0 0 11 0 0 12 0 0 0 2 0 0 0 0 0 45 2 1 0 0 0 0 0 0 0 0 0 13 0 4 1 0 2 0 0 0 0 0 0 0 0 0 0 0 0 0 0 0 0 9 0 0 0 0 
 0 0 32 0 7 0 0 0 0 0 4 2 0 0 0 0 0 0 0 0 0 0 0 0 0 0 0 0 0 0 0 0 0 0 0 0 6 0 5 0 145 109 72 174 79 72 23 114 150 0 220 55 200 217 224 149 64 106 57 122 0 0 0 0 0 0 0 0 9 19 0 0 0 0 0 0 0 0 20 9 0 0 21 0 4 2 0 0 0 0 6 0 0 0 0 0 0 5 0 0 0 0 0 0 0 0 0 0 0 0 0 0 0 0 0 0 0 0 0 11 0 10 20 2 24 0 8 8 0 10 15 44 18 14 27 61 12 1 0 0 17 6 0 0 0 0 0 0 0 0 0 0 0 0 1 0 0 0 0 14 0 0 0 3 2 0 0 0 0 0 0 0 0 0 0 10 0 0 0 0 0 0 0 0 0 0 0 0 0 0 0 0 0 0 0 0 0 2 4 0 0 0 34 9 0 22 0 0 11 11 65 41 14 0 40 0 5 12 0 0 0 0 0 0 0 0 8 0 0 0 0 0 0 30 0 0 0 0 0 36 0 3 18 0 0 0 0 0 0 0 0 12 0 1 0 0 0 1 0 21 0 0 1 2 0 0 0 0 0 0 7 0 0 0 2 0 0 0 0 0 0 0 0 0 0 0 0 1 0 0 
 13 0 0 0 0 0 0 0 0 0 0 0 0 0 0 0 0 0 1 2 0 0 0 0 0 0 0 0 0 208 0 0 0 0 0 0 0 0 0 0 37 39 126 90 190 196 37 112 265 220 0 156 32 47 83 99 172 105 32 76 53 0 0 0 0 1 50 0 0 209 0 0 51 101 0 3 0 0 73 2 0 11 0 5 0 0 0 0 6 0 0 0 0 0 0 0 0 0 13 0 0 6 0 0 0 0 0 0 0 0 0 0 0 0 0 0 0 0 0 0 8 0 0 0 9 42 0 0 0 18 0 0 0 0 0 0 0 0 0 0 47 26 0 0 1 0 0 0 10 0 0 0 49 9 26 17 43 11 8 21 4 9 0 0 0 0 0 0 0 0 0 0 6 15 4 0 7 0 1 0 0 0 0 0 0 0 0 0 0 0 0 0 0 0 0 0 0 0 0 0 0 0 0 17 25 45 0 0 1 13 0 10 0 0 0 18 0 0 0 0 0 9 1 0 0 0 0 14 0 0 0 0 20 0 8 0 0 0 45 0 0 0 0 0 0 0 0 0 0 0 0 6 0 2 0 0 0 0 0 0 0 0 1 1 2 2 0 0 0 0 9 0 0 0 0 0 0 0 0 0 0 0 0 0 6 0 0 0 0 0 
 0 0 0 0 0 0 0 0 0 0 0 0 0 0 0 0 0 0 0 0 0 0 0 0 0 0 1 63 0 0 0 0 0 0 0 0 0 2 0 0 29 50 49 147 130 140 33 204 20 55 156 0 35 42 29 45 170 263 43 58 1 0 0 0 0 1 51 0 0 3 0 0 52 53 0 0 3 0 57 1 0 0 0 0 0 0 0 0 0 1 0 0 0 0 0 0 0 0 0 0 0 0 0 0 0 0 0 0 0 0 0 0 0 0 0 0 0 0 0 0 0 23 0 0 9 12 0 0 1 18 1 13 0 0 0 0 2 0 0 0 21 3 23 0 0 0 15 10 1 0 0 0 36 12 21 0 0 1 1 1 0 0 0 0 0 0 0 0 0 0 0 0 0 0 0 0 31 0 0 0 0 0 0 0 0 0 0 0 0 0 0 0 0 0 0 0 0 0 0 0 0 0 15 27 16 9 0 0 15 14 6 35 0 0 0 0 0 9 0 0 15 1 0 0 0 0 4 29 1 0 0 0 19 12 23 0 1 0 20 2 0 0 0 0 0 0 0 0 0 0 0 7 0 0 0 0 0 0 0 15 0 0 2 0 2 2 2 63 4 0 13 0 0 0 0 0 0 0 0 0 0 0 8 0 2 0 0 0 0 0 
 3 3 3 3 3 3 3 3 3 3 3 3 3 3 3 3 3 3 3 3 0 0 0 2 64 0 0 0 0 0 0 0 0 0 0 0 0 0 0 94 258 193 158 112 85 56 86 103 415 200 32 35 0 92 101 106 103 110 169 108 0 0 0 0 0 98 0 3 0 0 0 89 0 0 0 0 0 6 0 6 0 0 0 0 0 0 0 0 0 0 0 0 0 0 0 0 0 0 0 0 0 1 0 0 9 0 0 0 8 0 0 0 0 0 0 0 0 0 0 0 0 6 38 1 7 0 7 8 11 0 1 22 32 14 51 11 31 0 0 0 0 0 0 0 0 0 0 0 0 0 0 0 0 0 0 0 0 0 0 0 0 0 0 0 0 0 0 0 0 0 0 0 0 0 0 0 0 0 0 0 0 0 0 0 1 0 0 0 0 0 0 0 0 0 0 0 0 0 0 0 0 18 30 24 0 0 36 24 0 38 39 14 13 12 20 0 38 8 0 0 0 0 0 0 0 0 0 0 0 0 23 9 0 0 0 0 0 0 0 0 0 0 1 0 0 0 0 0 0 2 0 5 0 0 0 1 0 0 0 14 0 0 0 0 0 2 2 0 2 0 0 0 0 0 0 0 0 0 0 0 0 0 0 0 0 11 0 0 0 0 
 66 3 3 3 3 36 3 6 3 3 3 3 71 3 5 3 3 3 3 3 0 0 0 2 124 84 2 74 0 0 0 65 0 3 0 0 0 0 0 0 72 125 107 323 74 212 74 193 167 217 47 42 92 0 156 213 105 96 126 168 6 8 29 32 0 2 4 0 4 5 2 2 4 10 7 0 18 4 2 4 0 0 0 0 0 0 0 0 0 0 0 0 0 0 30 0 0 0 0 0 0 0 0 0 22 0 0 0 0 0 0 0 0 0 0 0 0 0 0 0 0 0 37 1 14 0 0 19 16 0 6 27 19 30 37 20 7 19 6 0 0 0 4 10 0 0 19 0 21 0 0 0 0 2 4 0 5 0 0 15 0 0 0 0 0 0 0 19 0 0 5 0 0 10 0 0 0 0 0 0 0 0 0 0 6 17 0 0 0 0 0 0 0 0 0 0 0 0 0 0 16 10 9 0 0 0 2 1 12 1 24 3 14 6 43 0 15 0 10 13 0 0 0 12 9 0 0 0 2 21 5 8 0 0 5 9 0 7 0 12 0 0 15 0 0 0 0 0 0 0 0 2 0 0 0 0 0 0 0 0 0 0 0 0 0 1 8 0 0 0 1 0 0 0 0 1 0 0 0 0 0 0 0 0 0 1 0 0 0 0 
 0 7 0 0 0 0 0 0 0 3 0 0 0 0 7 0 0 0 2 0 3 0 0 0 0 17 0 0 0 0 0 0 1 0 0 0 0 0 2 0 95 156 135 217 160 57 97 160 205 224 83 29 101 156 0 269 129 98 277 161 0 2 0 0 0 13 0 0 2 7 0 0 0 0 0 0 2 0 1 2 0 0 0 0 0 0 0 0 0 0 0 0 0 0 0 0 0 0 0 0 0 0 0 0 0 0 0 0 0 0 0 0 0 0 0 0 0 6 0 0 0 1 11 36 9 8 14 20 17 0 30 3 20 1 12 31 30 22 7 0 1 0 0 0 0 0 0 0 0 0 0 7 0 14 0 0 0 0 0 26 0 0 0 0 0 0 0 0 0 0 2 0 0 1 0 0 0 0 0 0 0 0 0 0 0 2 0 0 0 0 0 0 0 0 0 0 0 0 0 0 12 1 38 46 19 0 11 10 78 7 19 11 1 7 2 37 17 10 0 0 0 0 0 0 0 0 0 0 0 0 0 0 0 0 21 6 0 0 0 0 0 0 0 0 0 1 0 0 0 0 0 18 0 0 0 0 0 0 0 0 0 0 1 0 1 4 2 66 0 0 0 0 0 0 0 0 0 0 0 0 0 0 0 0 0 13 0 0 0 0 
 6 0 0 0 5 0 0 0 0 96 0 0 0 0 0 0 0 0 0 0 4 4 3 5 3 72 4 3 3 7 3 67 3 3 58 3 3 3 3 3 48 143 138 124 98 190 199 52 350 149 99 45 106 213 269 0 165 124 49 202 3 0 0 0 2 8 8 0 1 163 0 4 4 2 2 1 6 0 4 0 0 0 0 0 0 0 0 0 0 0 0 0 0 0 0 0 0 10 0 0 0 0 0 0 0 0 0 0 0 0 0 0 0 0 0 0 0 0 0 0 0 0 6 9 0 7 19 29 34 1 20 22 33 24 6 29 7 57 2 0 0 0 5 2 0 0 0 0 5 0 0 6 0 8 6 0 0 9 0 11 0 0 0 0 0 0 0 0 0 0 9 0 9 5 0 0 0 0 0 0 0 0 0 0 0 10 0 0 0 0 0 0 0 0 0 0 0 0 0 0 3 0 14 37 20 9 12 9 8 37 31 0 12 3 13 34 13 2 0 0 0 0 5 0 11 0 0 0 0 0 0 1 0 0 19 21 0 10 0 0 0 0 0 0 0 0 0 0 0 0 0 7 0 2 0 0 0 0 0 0 0 0 0 0 1 2 12 66 0 0 0 0 0 0 0 0 0 0 0 0 0 0 0 0 0 0 0 0 0 0 
 2 2 2 3 2 3 3 3 3 2 3 3 3 1 3 3 1 2 2 2 4 3 3 3 3 3 3 3 3 3 3 4 3 3 3 3 9 3 3 3 117 292 159 104 63 70 34 273 122 64 172 170 103 105 129 165 0 372 129 34 0 0 0 0 0 2 0 0 4 13 0 0 26 24 0 0 1 0 103 2 0 0 0 0 0 0 0 0 0 0 0 0 0 0 0 0 0 0 0 0 0 0 0 0 0 0 0 0 0 0 0 0 0 0 0 0 0 0 0 0 0 16 17 8 1 24 11 8 10 9 13 8 2 0 1 0 25 23 0 0 0 4 0 0 0 0 0 0 0 0 0 3 39 31 17 0 0 0 0 13 0 0 0 0 0 0 0 0 0 0 0 0 0 0 0 0 0 0 0 0 0 0 0 0 0 1 0 0 0 0 0 0 0 0 0 0 0 0 0 0 13 1 0 2 47 3 30 23 24 0 17 31 0 10 0 10 17 28 1 1 0 3 0 0 0 0 20 1 0 0 0 0 0 0 11 9 0 0 9 18 0 0 0 0 0 0 0 0 0 0 0 6 0 0 0 0 0 0 0 0 0 0 0 0 64 1 1 40 1 0 0 0 0 0 0 0 0 0 0 0 0 0 6 0 48 13 0 2 0 0 
 8 0 0 0 0 0 0 3 0 0 0 0 0 0 0 0 0 1 0 4 0 0 0 0 0 6 0 0 0 0 0 0 0 0 0 0 4 0 0 1 145 49 70 197 272 197 28 37 50 106 105 263 110 96 98 124 372 0 99 454 0 0 0 0 0 8 50 0 0 6 0 0 0 54 0 0 2 0 0 2 0 8 0 8 0 0 0 0 4 0 0 0 0 0 0 0 0 0 4 0 0 0 0 0 0 0 0 0 0 0 0 0 0 0 0 0 0 0 0 0 0 16 25 12 2 26 17 2 10 33 2 11 0 0 0 11 34 6 0 0 12 0 0 0 0 0 37 6 0 0 0 5 0 28 1 0 0 0 8 0 2 6 0 0 0 0 0 0 0 0 0 0 4 0 2 4 7 0 0 0 0 0 0 0 0 0 0 0 0 0 0 0 0 0 0 0 0 0 0 0 0 0 1 17 0 33 14 9 11 8 0 1 0 8 12 12 31 18 0 0 0 0 0 0 0 0 0 0 0 0 0 0 20 0 6 10 0 0 12 5 0 0 0 0 0 0 0 0 0 0 0 0 0 0 0 0 0 0 0 11 0 13 0 71 0 13 7 5 0 0 0 0 0 0 0 0 0 0 0 0 0 3 0 0 0 0 0 0 0 0 
 0 0 24 0 0 0 0 3 0 0 0 0 0 2 0 0 0 0 0 0 126 63 0 63 63 29 0 0 27 63 64 1 0 63 27 0 0 32 0 0 113 110 33 64 49 42 115 61 77 57 32 43 169 126 277 49 129 99 0 222 0 0 0 0 0 0 0 0 0 0 0 1 0 7 0 0 0 0 0 5 0 0 0 0 0 0 0 0 0 0 0 0 0 0 0 0 0 11 0 0 0 0 18 18 10 29 0 13 0 0 0 3 0 1 0 0 0 35 0 0 28 7 17 0 0 0 24 8 24 6 0 10 7 19 43 0 22 0 3 0 0 5 0 0 0 0 0 0 0 15 0 0 1 0 0 0 0 0 0 2 0 0 0 0 0 0 0 0 6 8 18 0 0 0 0 0 0 0 0 0 0 0 17 10 11 0 0 0 8 4 0 15 0 0 15 0 0 0 0 0 23 76 1 6 11 0 6 24 0 0 8 0 32 30 2 0 29 1 33 26 0 19 0 0 0 0 1 6 0 0 0 0 0 0 0 0 3 0 10 5 0 0 0 0 0 0 0 0 0 0 0 15 0 0 1 0 0 85 35 0 0 0 1 0 1 0 0 0 0 0 0 0 0 15 0 0 0 0 0 0 0 0 6 0 0 0 0 0 0 0 
 0 32 0 0 0 0 0 2 0 0 0 0 0 0 0 0 0 0 0 0 2 2 0 3 2 23 0 0 0 36 63 63 62 1 0 0 0 0 1 0 60 105 189 271 82 49 148 401 169 122 76 58 108 168 161 202 34 454 222 0 8 6 3 0 0 0 0 0 0 4 1 0 0 0 0 1 0 0 0 0 0 0 0 0 0 0 0 0 0 0 0 0 0 0 0 0 0 0 0 0 0 0 0 23 0 0 0 0 0 0 0 0 0 0 0 0 0 0 0 0 7 0 44 27 43 0 0 27 7 2 8 0 38 1 0 18 0 38 16 0 0 0 0 0 0 21 0 0 0 3 0 2 10 0 0 3 0 6 0 0 0 0 0 0 0 0 0 6 1 0 5 0 0 5 0 0 0 0 0 0 0 17 2 0 28 25 0 0 0 46 1 32 0 0 0 0 0 0 0 0 22 6 9 0 23 0 14 3 25 6 7 0 0 26 2 34 49 0 0 0 0 0 0 0 0 0 0 0 3 0 0 0 0 0 0 0 0 1 12 0 0 0 0 0 0 0 0 0 0 0 0 7 0 0 1 0 0 61 0 0 0 0 2 0 3 2 2 0 0 0 2 0 0 0 0 2 0 0 0 0 0 0 0 0 30 6 0 0 0 0 
 3 3 5 12 3 3 6 3 4 3 3 30 3 3 7 3 3 8 3 3 5 1 0 2 0 0 2 0 0 0 0 0 0 0 0 0 0 0 0 0 0 0 1 55 57 0 0 0 0 0 53 1 0 6 0 3 0 0 0 8 0 154 158 118 100 36 105 40 88 92 325 98 54 123 91 92 175 58 58 58 0 14 0 5 0 0 0 0 0 0 1 0 1 0 12 0 1 0 0 0 0 0 0 3 0 0 0 0 0 18 0 0 0 0 0 0 0 0 0 8 0 0 1 0 0 0 0 0 0 0 0 0 0 0 0 1 0 0 0 0 6 20 0 23 13 15 11 0 4 33 0 8 0 0 10 0 29 34 0 63 1 1 0 0 0 0 0 7 0 6 11 0 0 0 0 5 16 4 0 0 1 0 0 0 0 0 0 0 0 0 0 0 0 0 0 0 10 0 0 0 0 0 0 0 0 0 0 0 0 0 0 0 0 0 0 0 0 0 0 0 10 5 28 38 0 16 1 54 23 34 14 26 0 46 0 0 0 1 9 8 0 0 0 6 0 0 0 0 0 3 0 0 0 0 9 0 0 0 0 0 0 0 0 0 0 0 0 0 0 0 27 0 0 2 0 27 0 0 0 0 0 0 0 0 0 0 0 0 0 0 
