 0 222 187 74 39 120 232 382 59 222 557 42 157 217 491 569 82 61 60 46 0 204 39 0 0 0 0 3 0 0 2 2 0 4 0 0 1 0 1 3 0 0 0 3 4 0 0 2 0 0 0 1 0 0 0 1 0 0 0 0 0 0 0 0 0 0 0 0 0 0 0 0 0 0 0 0 1 0 0 0 12 12 2 34 17 0 10 12 23 12 0 9 25 16 8 31 0 22 5 18 0 0 0 0 0 0 0 0 0 0 0 0 0 0 0 0 0 0 14 7 0 0 0 0 0 0 0 0 0 0 2 0 0 0 1 0 0 1 0 0 0 1 0 0 0 0 0 7 0 0 0 0 0 0 0 0 0 0 0 0 14 8 0 11 14 0 0 28 14 17 1 30 18 0 14 5 1 57 0 23 0 0 0 0 0 0 2 0 0 0 0 0 17 0 0 0 0 0 23 2 2 0 0 0 16 0 0 0 0 0 0 0 0 0 0 0 0 0 0 0 0 2 0 0 0 0 0 0 0 1 0 0 14 0 0 2 0 0 0 0 0 19 0 0 0 3 4 0 3 2 2 6 0 0 0 0 0 0 0 0 0 0 0 0 0 0 0 0 0 0 0 0 0 0 0 14 0 0 0 0 0 0 0 0 0 0 0 0 0 0 
 222 0 169 219 46 103 204 523 342 149 247 33 363 241 293 399 478 30 154 103 0 0 1 0 3 6 2 5 0 205 3 82 1 0 0 1 3 0 0 3 0 0 0 0 3 0 0 5 0 0 0 0 0 0 0 6 3 0 0 0 0 0 1 15 4 0 3 1 2 2 3 0 0 0 1 7 0 6 0 1 10 26 31 36 29 0 26 14 47 39 36 9 30 32 1 20 13 83 22 24 0 0 0 0 0 0 8 0 0 0 0 0 0 0 9 0 12 0 0 14 0 0 0 0 0 0 0 0 0 0 0 0 0 0 0 0 0 16 0 0 0 0 0 0 0 0 0 2 0 0 0 0 0 0 0 0 0 0 0 0 15 0 26 12 28 29 0 11 31 0 26 23 0 12 12 0 15 18 0 0 0 0 0 0 0 0 38 0 14 0 0 0 18 11 0 0 0 0 0 23 0 0 0 0 2 0 0 0 0 0 0 0 0 0 0 22 0 0 0 0 0 0 0 0 0 0 0 0 0 0 0 0 0 0 0 0 0 14 0 0 0 0 0 0 0 1 2 0 1 0 2 11 13 0 0 0 0 0 0 26 0 0 0 0 0 0 0 0 0 0 0 0 2 0 0 0 0 0 0 0 0 0 0 0 0 0 0 0 0 0 
 187 169 0 198 52 29 161 539 179 76 47 277 168 46 128 142 194 51 35 147 0 0 2 0 0 0 1 3 0 0 208 3 0 0 0 1 0 0 0 58 0 0 0 1 2 0 0 3 3 0 0 0 0 0 0 0 0 0 0 0 0 0 0 0 32 0 2 0 0 0 2 0 0 0 0 10 0 0 0 0 5 18 67 26 0 1 27 0 0 15 0 0 6 11 3 0 15 14 5 44 0 15 0 0 0 0 0 0 0 0 0 0 0 0 0 0 0 0 10 0 0 0 0 0 0 0 0 0 0 0 0 0 0 0 0 0 2 0 0 0 0 0 0 0 0 2 0 0 0 0 0 0 0 0 0 0 0 0 0 0 0 42 12 14 0 12 0 10 22 7 36 0 19 4 25 0 1 23 14 48 0 0 0 0 0 0 0 3 0 0 0 0 15 0 0 1 0 0 2 0 0 1 0 2 0 0 0 0 0 0 0 0 0 0 0 0 0 0 0 0 0 0 0 0 0 2 0 0 0 0 0 0 33 0 0 0 0 15 1 0 0 0 0 0 0 2 87 2 3 1 2 6 14 0 0 0 0 0 0 0 35 0 11 0 0 0 0 0 0 0 0 0 0 0 0 0 0 0 0 0 0 0 0 0 0 0 0 0 0 0 
 74 219 198 0 171 131 68 170 88 184 232 130 96 80 64 214 214 116 83 290 0 0 0 2 3 4 0 2 0 2 0 2 0 0 4 1 4 0 95 83 0 0 0 0 3 1 0 3 0 0 2 0 2 2 0 0 0 0 0 2 0 0 0 1 0 2 2 1 0 0 2 0 0 0 0 0 1 0 0 31 10 0 26 0 26 1 0 0 22 17 31 52 0 2 19 10 51 18 0 6 9 36 0 0 0 0 16 9 0 0 0 0 1 0 20 1 1 0 19 43 0 0 0 0 0 0 0 0 0 0 0 0 0 0 0 0 0 0 0 0 0 0 0 0 0 0 0 0 0 0 0 0 0 0 0 0 0 0 0 0 0 0 8 23 16 18 0 10 11 0 6 10 2 13 0 0 3 1 0 0 0 0 0 0 0 0 21 21 15 0 0 0 12 22 0 19 0 0 28 0 0 0 0 0 0 0 0 0 0 0 0 0 0 0 0 0 0 0 2 0 0 0 0 12 0 0 0 0 0 0 0 0 0 0 0 0 0 1 0 0 0 0 0 0 0 2 0 0 3 92 1 9 0 0 0 0 0 0 0 0 0 0 0 0 0 0 0 0 0 0 0 0 0 0 0 14 15 26 0 0 0 0 0 0 0 0 0 0 0 0 
 39 46 52 171 0 247 46 69 412 79 86 34 143 79 58 426 64 130 84 85 0 161 10 1 0 1 229 77 70 0 0 2 141 97 0 75 35 0 44 44 0 0 0 0 3 0 0 3 0 0 0 0 0 33 0 0 0 0 0 0 0 0 0 0 0 0 2 0 0 0 2 0 0 0 0 0 40 0 0 0 0 0 0 13 0 61 0 0 0 0 9 16 0 0 0 0 10 2 1 0 13 14 11 0 0 0 8 0 30 36 0 5 25 23 34 0 0 18 0 13 0 0 0 0 0 0 0 0 0 51 0 0 0 0 0 0 1 2 0 2 0 0 0 0 0 0 0 0 0 0 0 0 0 0 0 0 0 0 0 0 0 0 0 15 15 0 0 0 0 0 0 1 0 0 0 0 0 0 0 30 0 0 27 3 0 0 0 19 9 9 0 0 46 67 0 10 23 10 19 14 0 0 0 0 0 0 0 0 0 0 0 0 0 0 15 0 0 0 16 0 0 0 0 0 0 1 0 0 0 0 0 0 0 0 0 0 0 0 0 0 0 0 0 0 0 2 0 0 0 4 0 5 0 0 0 0 0 0 0 0 0 13 0 0 0 0 0 0 0 0 0 0 0 0 0 15 1 0 0 14 0 0 0 0 0 4 0 0 0 2 
 120 103 29 131 247 0 121 48 212 138 456 148 36 131 62 241 229 37 76 61 74 35 75 0 1 67 1 14 72 0 0 2 85 0 1 2 0 0 225 76 0 0 0 0 3 1 0 3 0 0 0 0 0 63 0 0 0 0 0 0 0 0 0 0 0 0 3 0 1 0 3 0 0 0 0 0 0 0 0 0 0 0 14 12 0 6 16 0 43 85 24 1 0 0 27 22 12 25 0 0 2 0 0 0 0 0 0 13 0 8 0 16 19 37 10 0 23 0 0 26 0 0 0 0 0 0 0 0 0 0 0 0 0 0 0 0 0 0 0 0 0 0 0 0 0 0 1 3 0 0 0 0 0 0 0 0 0 0 0 2 11 21 0 16 11 26 0 21 0 14 27 36 0 0 0 6 14 20 0 0 21 0 0 0 0 0 10 27 0 0 0 0 17 21 0 0 0 0 22 0 0 0 1 0 0 0 0 0 2 0 0 0 2 1 0 0 0 0 0 0 0 0 0 0 0 0 0 0 0 0 0 0 0 1 0 0 0 0 0 0 0 0 0 0 0 0 117 0 1 50 0 6 0 0 0 0 0 0 0 0 0 0 0 0 0 0 0 0 0 0 0 0 0 0 0 40 13 0 0 1 0 0 0 0 0 13 0 0 0 0 
 232 204 161 68 46 121 0 105 374 129 57 140 342 297 56 32 46 323 252 122 1 1 3 1 5 2 1 3 2 3 5 4 0 2 2 2 1 2 0 3 0 0 0 1 3 0 0 3 0 0 0 0 0 0 0 0 0 0 0 0 0 0 0 30 2 2 2 2 0 0 4 0 0 0 2 2 2 2 0 0 1 10 2 17 12 21 31 23 18 22 13 0 17 9 13 12 0 29 21 20 0 1 0 0 0 0 0 0 0 0 0 0 0 0 0 0 0 0 9 9 0 0 0 0 0 0 0 0 0 0 0 0 0 0 0 0 0 0 0 0 0 0 0 0 0 0 0 5 0 0 0 0 0 0 0 0 0 0 0 1 15 14 1 25 16 0 9 20 11 61 22 20 16 0 2 3 7 13 17 0 0 0 0 0 0 0 0 0 0 0 0 0 0 0 0 0 1 1 9 0 0 0 0 0 0 0 0 0 2 1 0 0 2 0 0 0 0 0 0 11 0 0 0 0 0 0 0 0 0 0 0 0 0 1 0 0 0 0 0 0 0 0 0 0 0 3 4 0 92 0 0 2 13 0 0 2 0 0 2 0 0 0 0 2 0 0 0 0 0 0 0 2 0 0 0 22 0 0 0 0 0 0 0 0 0 0 0 0 0 0 
 382 523 539 170 69 48 105 0 244 127 124 46 249 202 210 88 184 24 242 50 0 0 0 0 2 0 0 3 140 205 1 2 0 0 0 1 0 0 0 3 41 0 0 56 3 0 0 3 0 0 0 0 0 0 0 0 0 0 0 0 0 0 0 0 0 0 1 0 0 0 1 0 0 0 0 0 0 0 0 0 20 9 8 0 19 0 1 27 13 0 41 11 33 20 0 62 16 51 13 22 0 0 0 0 0 0 0 0 0 0 0 0 0 0 1 0 0 0 0 1 0 0 0 0 0 0 0 0 0 0 0 0 0 0 0 0 0 0 0 0 0 0 0 0 0 0 0 0 0 0 18 0 0 0 0 0 0 0 0 2 17 13 7 0 42 0 0 50 23 25 8 2 15 0 18 3 14 16 13 23 10 0 0 0 0 0 0 0 0 0 0 0 14 2 0 0 1 1 1 0 0 0 0 0 14 0 0 0 2 1 0 0 2 0 0 0 0 0 0 0 15 0 0 0 13 0 0 0 0 0 0 0 0 1 0 0 0 0 0 0 0 0 0 0 0 0 0 2 4 0 12 2 0 0 0 0 0 0 0 0 0 0 0 0 0 0 0 0 0 0 0 0 0 0 0 0 0 0 0 0 0 0 0 0 0 0 0 0 0 0 
 59 342 179 88 412 212 374 244 0 263 267 686 94 259 308 178 516 44 97 211 0 0 0 0 0 0 0 2 0 0 2 2 0 0 0 2 0 0 0 3 0 0 0 1 3 0 0 3 0 0 0 61 0 0 0 0 0 0 0 0 0 0 0 0 0 0 3 0 1 0 3 0 0 0 0 6 0 0 0 0 10 28 18 35 28 4 31 45 24 13 19 10 15 39 7 117 0 28 16 40 0 0 0 0 0 0 14 0 0 0 0 0 3 2 21 0 2 0 21 31 0 0 0 0 0 0 0 0 0 0 0 0 0 0 0 0 0 16 0 0 0 0 0 0 0 0 0 3 0 0 0 0 0 0 0 0 0 0 0 0 14 5 26 7 22 19 15 47 37 24 11 21 19 11 37 1 0 13 0 0 0 0 0 0 0 0 0 0 0 0 0 0 13 11 0 0 0 0 10 0 0 0 0 0 0 0 0 0 0 0 0 2 0 0 0 0 0 0 0 0 0 0 0 0 0 0 0 0 0 0 0 0 0 0 0 0 0 0 0 0 0 0 0 0 0 0 1 0 3 2 0 4 9 0 0 0 0 0 0 0 0 0 0 0 0 0 2 0 0 0 0 0 0 2 0 14 0 0 0 0 0 0 0 0 0 0 0 0 0 0 
 222 149 76 184 79 138 129 127 263 0 177 241 363 367 156 422 139 310 175 314 0 0 0 0 1 0 0 3 0 0 2 2 0 0 0 2 0 2 0 4 0 0 0 0 3 0 0 3 0 0 41 2 0 0 0 0 0 2 0 0 0 0 0 0 0 0 3 0 54 0 3 0 0 0 43 0 0 0 0 0 10 9 24 32 11 27 7 0 0 28 35 0 0 21 39 0 58 20 9 10 0 0 0 0 1 2 1 0 0 0 0 0 0 19 0 0 0 0 19 0 0 2 0 0 0 0 0 0 0 0 0 0 2 0 0 0 0 11 0 0 0 0 1 0 0 0 0 2 0 23 0 0 0 0 0 0 0 0 0 0 11 0 8 0 11 19 0 0 8 65 2 23 5 0 12 7 0 39 0 1 0 0 0 2 0 0 0 0 11 0 0 0 2 10 0 0 0 0 3 0 0 0 0 0 30 0 0 0 0 0 0 0 0 0 0 0 0 0 0 0 0 0 0 12 0 0 0 0 0 0 0 2 0 0 0 0 0 0 1 0 0 18 0 0 0 2 96 0 88 0 1 8 0 0 0 0 0 0 0 0 0 0 0 0 0 0 0 0 0 0 0 0 0 0 0 0 0 0 0 0 0 0 0 0 0 0 0 0 0 0 
 557 247 47 232 86 456 57 124 267 177 0 51 44 52 48 119 402 44 48 147 74 208 0 0 1 3 0 2 0 0 1 2 0 73 0 1 0 0 98 76 0 0 0 0 3 0 0 3 0 0 0 61 0 0 0 0 0 0 0 0 0 0 0 0 29 0 35 0 0 0 2 0 0 0 0 0 0 2 0 0 0 12 25 42 45 11 6 0 37 22 9 10 0 0 10 25 11 35 0 18 15 23 0 0 0 2 2 17 9 2 0 0 25 0 4 3 20 0 0 30 0 2 0 0 11 0 0 0 0 0 0 0 1 0 2 0 0 0 0 0 0 0 0 0 0 0 0 14 0 0 0 0 0 0 0 0 0 0 0 0 14 6 0 53 26 43 0 1 1 0 21 61 0 0 0 0 39 45 0 0 1 0 19 2 0 0 21 34 26 11 0 0 14 3 0 0 15 0 10 28 0 0 0 0 1 0 0 0 0 0 0 0 0 0 0 0 20 0 0 0 0 0 0 0 0 0 0 0 0 0 0 2 0 0 0 0 0 0 0 0 0 0 0 0 0 1 2 0 0 4 0 5 0 0 0 0 0 0 0 0 0 0 0 0 0 0 0 0 0 0 0 0 0 0 0 19 0 0 0 0 0 0 0 0 0 0 0 0 0 0 
 42 33 277 130 34 148 140 46 686 241 51 0 519 122 61 266 168 188 37 32 73 0 0 0 89 0 76 3 0 0 1 2 144 20 73 0 0 0 0 83 0 0 0 0 3 0 0 2 0 0 0 0 0 0 0 0 0 0 0 0 0 0 0 0 0 0 0 0 0 0 0 0 0 0 0 0 0 0 0 0 1 0 57 25 13 16 0 0 8 62 0 34 0 8 0 0 15 0 0 2 14 0 0 0 0 0 16 7 0 0 0 0 1 59 13 0 0 0 0 0 0 0 0 0 0 0 0 0 0 2 0 0 0 2 0 0 0 0 0 0 0 0 0 0 0 0 0 0 0 0 0 0 0 0 0 0 0 0 0 0 0 0 0 0 7 20 0 5 0 14 9 19 10 0 18 7 25 8 0 0 7 0 10 0 10 0 1 1 1 0 0 0 31 13 1 1 0 0 10 16 0 0 0 0 3 0 0 0 0 0 0 0 0 0 0 0 1 0 0 0 0 26 0 0 0 0 19 0 0 0 0 0 0 0 1 0 0 15 0 0 0 20 0 0 0 0 5 0 1 85 1 3 1 0 0 0 0 0 0 0 0 15 0 0 0 0 0 0 0 0 0 0 0 1 0 0 13 4 0 3 0 0 0 0 0 0 0 0 0 0 
 157 363 168 96 143 36 342 249 94 363 44 519 0 205 330 38 349 62 300 212 0 2 0 1 19 2 0 4 0 0 1 2 0 2 0 1 0 0 1 6 0 3 0 0 3 1 2 3 0 0 0 2 0 2 0 2 0 0 0 0 0 2 0 0 0 0 4 0 5 0 5 0 0 2 0 27 0 2 4 0 8 26 31 12 0 0 1 29 0 27 20 0 80 0 0 0 15 14 10 57 0 1 0 0 0 0 0 0 0 3 1 0 0 0 0 0 0 0 0 0 0 0 0 0 0 0 0 0 0 0 0 0 0 0 0 0 0 0 0 0 2 0 0 0 0 0 0 0 0 0 0 0 0 0 0 0 0 0 0 0 0 0 15 0 0 0 15 5 10 1 0 0 18 42 68 22 6 4 0 24 2 0 0 0 0 0 0 0 0 0 0 0 0 9 18 0 0 0 11 0 0 0 0 0 1 0 0 0 0 0 0 0 0 0 0 0 0 14 15 0 0 0 0 0 0 0 0 0 0 0 0 0 0 0 0 0 0 0 0 0 0 13 0 0 0 2 52 0 2 1 0 19 0 14 0 0 1 0 0 0 0 0 2 0 0 0 0 0 0 0 0 0 0 0 0 0 0 0 0 0 0 0 0 0 0 0 0 0 0 0 
 217 241 46 80 79 131 297 202 259 367 52 122 205 0 274 38 67 46 294 118 0 2 0 2 1 0 0 3 0 0 1 2 3 3 0 0 0 2 0 3 0 3 0 0 0 0 0 2 3 0 2 2 0 0 0 3 3 0 2 0 0 2 0 3 0 2 0 0 0 0 2 0 0 0 2 0 0 0 0 0 11 28 18 48 0 8 5 11 15 40 9 0 20 20 10 2 17 14 11 28 0 1 0 0 0 0 0 0 0 0 0 0 0 15 0 0 0 0 1 11 0 0 0 0 15 0 0 0 0 0 0 0 0 0 0 0 0 1 0 0 0 0 0 0 0 0 0 38 0 0 0 0 0 0 0 0 0 0 0 0 14 24 0 13 14 10 1 0 1 14 1 33 7 11 18 7 15 25 0 0 0 0 0 0 0 0 0 0 0 0 0 0 0 0 0 0 0 0 24 0 0 0 0 0 2 0 0 0 0 0 0 0 0 0 0 0 0 0 0 0 0 0 0 0 0 0 0 0 0 0 0 0 0 0 1 0 0 0 0 0 0 13 0 0 0 1 53 2 2 0 0 5 0 0 0 0 0 0 0 0 0 0 1 0 0 0 0 0 0 0 0 0 0 0 0 19 0 0 0 0 0 0 0 0 0 0 0 0 0 0 
 491 293 128 64 58 62 56 210 308 156 48 61 330 274 0 296 130 38 132 185 0 3 3 0 0 137 0 3 0 0 1 2 0 3 0 1 0 0 0 3 0 3 2 0 2 1 0 3 0 0 0 0 0 0 0 0 3 0 5 1 0 0 0 0 2 0 2 2 0 3 3 0 0 3 0 5 0 3 2 0 34 38 31 0 0 0 37 41 0 0 28 0 32 41 0 19 0 18 25 73 0 0 0 16 0 1 0 0 0 0 0 0 0 0 0 0 0 0 0 0 14 19 0 0 0 0 0 0 0 0 0 0 0 0 15 0 0 0 0 0 0 0 0 0 0 0 0 0 0 0 0 0 0 0 0 0 0 0 0 0 15 11 34 0 15 0 0 0 12 7 0 3 2 20 11 4 21 10 14 30 0 0 0 0 0 0 0 0 0 0 0 0 23 0 0 0 0 0 0 0 0 0 0 0 0 1 0 0 0 0 0 0 0 0 0 0 0 0 0 0 0 0 0 0 0 0 0 0 0 0 0 0 0 0 0 0 0 0 0 0 0 0 0 0 0 0 0 0 1 0 1 2 0 0 0 0 1 0 0 0 1 0 0 0 0 0 0 0 0 0 0 0 0 0 0 0 0 0 0 0 0 0 0 0 0 0 0 0 0 0 
 569 399 142 214 426 241 32 88 178 422 119 266 38 38 296 0 187 38 27 89 4 0 0 2 3 0 2 2 0 0 5 5 63 75 9 2 3 1 89 197 5 0 0 0 3 0 0 3 0 0 0 0 32 2 0 0 0 0 0 4 0 0 0 0 54 2 3 0 1 0 3 0 2 0 0 0 1 0 0 0 11 0 14 1 28 11 0 0 15 29 18 2 0 1 0 33 34 24 0 0 16 23 0 0 0 0 1 11 1 0 0 0 28 32 1 0 0 0 0 1 0 0 0 2 2 0 0 0 0 0 0 0 0 0 0 0 0 0 9 0 0 0 0 2 0 0 0 0 2 0 0 0 0 0 0 0 0 2 0 0 0 21 0 13 14 43 0 36 11 53 44 1 15 0 0 27 19 14 0 0 8 0 0 0 0 0 12 34 10 0 0 0 17 4 0 5 0 0 13 20 0 0 0 0 15 0 0 0 0 0 0 18 0 0 1 0 0 2 0 0 0 0 0 0 0 0 0 1 0 0 0 0 1 0 0 0 0 0 0 0 0 0 0 0 0 1 87 2 1 91 2 2 0 0 2 0 0 0 0 0 0 0 0 0 0 0 0 0 0 0 0 0 0 0 0 0 4 20 0 0 0 0 0 0 0 0 0 0 0 0 
 82 478 194 214 64 229 46 184 516 139 402 168 349 67 130 187 0 54 245 176 75 2 2 0 1 0 0 3 1 0 0 3 73 1 0 1 0 0 75 3 0 0 0 2 6 0 0 3 0 0 0 0 0 2 0 0 3 1 0 0 0 0 0 0 2 0 1 0 0 0 1 0 0 0 0 4 0 3 0 0 8 41 38 18 0 0 18 0 18 29 11 0 0 7 9 2 10 64 0 35 1 1 0 0 0 0 0 1 0 2 0 0 0 12 8 0 60 0 0 33 0 0 0 0 0 0 0 0 0 0 0 0 0 0 0 0 0 0 0 0 0 0 0 0 0 0 0 7 0 0 0 0 0 0 0 0 0 0 0 1 14 1 14 25 25 25 0 3 34 1 51 30 0 13 20 0 34 10 0 0 7 0 0 0 0 0 20 27 10 0 0 0 74 13 0 0 2 2 39 20 1 14 0 0 0 0 0 0 1 2 0 0 1 0 0 0 0 0 0 0 0 0 0 0 0 0 0 0 0 0 0 0 0 2 0 0 0 0 0 0 0 0 0 0 0 0 0 0 2 9 1 10 13 0 0 0 0 0 0 0 0 1 0 0 0 0 0 0 0 0 0 0 0 0 0 19 9 0 0 0 0 0 0 0 0 0 0 0 0 0 
 61 30 51 116 130 37 323 24 44 310 44 188 62 46 38 38 54 0 65 161 78 1 4 5 7 0 0 3 0 0 1 2 74 0 88 0 7 0 105 156 2 0 0 0 4 3 3 2 0 0 0 0 0 5 0 0 0 0 0 4 0 1 0 3 0 4 1 0 1 0 1 0 2 2 0 28 2 1 0 0 0 9 48 26 22 0 0 0 1 21 14 92 0 6 14 0 44 12 0 0 20 19 0 0 2 1 34 30 0 0 0 0 0 1 9 1 0 0 0 0 0 1 0 0 0 0 0 0 18 0 0 0 0 0 0 0 0 13 0 0 0 0 2 0 0 0 0 0 0 0 0 0 0 0 0 0 0 0 0 0 0 1 0 48 53 11 0 0 0 1 10 10 7 0 36 0 18 2 11 2 45 0 0 1 0 0 5 24 0 0 0 0 62 0 0 21 1 0 50 19 0 0 0 0 3 0 0 0 0 0 0 0 0 0 0 0 0 0 0 0 0 0 0 0 0 0 0 0 0 0 0 1 0 0 0 0 0 0 2 0 0 13 0 0 0 0 46 0 4 102 3 3 5 0 2 0 0 0 0 0 0 0 1 0 0 0 0 0 0 0 0 0 0 0 0 17 4 11 0 0 0 0 0 0 0 0 0 0 0 0 
 60 154 35 83 84 76 252 242 97 175 48 37 300 294 132 27 245 65 0 81 5 75 0 2 3 4 0 3 0 0 2 2 0 60 2 1 3 0 3 3 0 0 0 0 8 0 0 2 0 0 0 0 0 2 0 0 0 0 0 2 0 2 0 0 0 2 1 0 30 0 3 0 0 0 0 0 1 0 0 0 13 10 9 1 0 0 9 31 0 0 39 0 2 29 27 10 2 21 22 20 0 0 0 0 0 0 0 0 0 0 0 0 0 0 1 0 1 0 0 1 0 0 0 0 0 0 0 0 0 0 0 0 0 0 0 0 0 0 1 0 0 0 0 0 0 0 2 0 0 0 0 0 0 0 0 0 0 0 0 0 45 0 0 0 16 0 33 1 0 11 0 5 0 25 0 11 25 7 5 14 0 0 0 0 0 0 0 0 0 0 0 0 0 0 0 0 0 0 1 0 0 0 0 0 0 0 0 0 0 0 2 0 17 1 0 0 0 0 0 0 0 0 0 0 0 0 0 0 0 0 0 0 0 0 0 0 0 0 0 0 0 0 0 0 0 1 0 0 0 0 0 13 0 0 2 0 0 0 0 0 0 0 0 0 0 0 0 0 0 0 0 0 0 0 0 0 0 0 0 0 0 0 0 0 0 0 0 0 0 0 
 46 103 147 290 85 61 122 50 211 314 147 32 212 118 185 89 176 161 81 0 0 0 0 0 1 0 0 77 0 0 1 4 0 2 0 1 0 0 0 3 0 0 0 1 6 0 0 3 0 0 0 0 0 0 0 0 3 0 0 0 0 0 0 0 2 0 2 0 0 0 2 0 0 0 0 9 0 3 0 0 7 5 30 32 0 12 10 0 1 23 37 1 39 24 31 7 27 20 5 18 0 0 0 0 0 0 0 0 0 0 0 0 0 0 0 0 0 0 14 0 0 0 0 0 0 0 0 2 0 0 0 0 0 1 0 0 0 0 0 0 0 0 0 0 0 0 0 0 0 0 0 0 10 0 0 10 0 0 0 0 0 0 38 0 0 0 8 17 5 2 9 0 47 1 23 0 1 0 0 0 0 0 0 0 0 0 0 0 0 0 1 0 0 0 0 0 0 0 10 0 0 0 0 0 1 0 0 0 0 0 0 0 0 0 0 0 2 0 0 0 0 0 0 0 0 0 0 0 0 0 0 0 0 0 2 0 0 0 0 0 0 20 0 0 0 1 6 1 55 0 0 10 14 0 0 0 0 0 0 0 0 0 0 0 1 0 0 0 0 0 0 0 0 0 0 0 0 0 0 0 0 0 0 0 0 0 0 0 0 0 
 0 0 0 0 0 74 1 0 0 0 74 73 0 0 0 4 75 78 5 0 0 327 230 75 256 76 73 133 148 81 250 310 126 140 67 116 118 141 200 51 0 2 0 0 0 1 0 4 3 0 0 0 0 0 3 3 0 0 0 0 2 0 0 0 0 54 0 3 2 3 0 2 2 0 3 2 0 0 0 0 0 0 0 23 13 19 0 0 1 0 3 14 0 0 0 1 1 0 0 0 13 1 14 10 0 0 13 6 9 13 10 23 31 0 9 0 31 23 0 19 0 0 0 0 0 0 0 0 0 0 0 0 61 0 0 0 0 0 24 11 0 0 0 0 1 5 0 0 4 0 0 18 0 0 0 0 0 0 0 0 0 0 0 11 13 14 0 1 1 0 8 17 0 0 0 0 21 0 0 0 9 25 0 24 21 0 7 1 0 28 62 30 7 9 32 13 20 17 11 1 0 0 0 0 0 0 0 0 0 0 12 2 0 6 1 0 2 0 12 0 0 0 0 0 0 0 0 0 0 0 0 0 0 0 0 0 0 0 0 0 0 0 0 0 0 1 0 0 0 0 0 0 0 0 27 1 0 0 0 2 0 0 0 0 0 0 0 0 0 0 0 0 0 0 0 0 13 0 0 11 0 0 0 0 0 0 0 0 0 0 
 204 0 0 0 161 35 1 0 0 0 208 0 2 2 3 0 2 1 75 0 327 0 247 281 43 39 105 133 646 39 24 26 214 350 224 145 178 107 286 121 0 3 0 0 0 0 0 64 3 0 0 0 0 61 3 3 0 0 0 0 0 2 0 0 18 0 0 3 52 3 0 0 0 0 3 2 0 0 0 0 0 0 0 0 0 0 0 1 0 0 0 1 0 0 0 0 0 0 0 0 12 0 0 2 11 0 9 23 27 40 1 50 40 14 5 14 50 12 24 1 0 0 0 0 0 0 0 0 1 10 0 0 13 10 0 0 0 0 0 0 0 0 0 0 0 0 0 17 0 0 0 4 0 0 3 0 0 0 0 0 0 0 0 0 1 0 0 0 0 0 0 0 0 0 0 0 0 0 0 0 27 59 0 25 0 0 1 19 0 0 0 0 0 1 21 0 24 12 1 33 0 0 0 0 0 0 0 0 0 0 25 0 0 0 0 0 0 0 9 0 0 0 0 0 0 0 0 0 0 0 0 0 0 0 0 0 0 0 0 0 0 0 0 0 0 0 0 0 0 1 0 0 0 0 11 3 0 75 0 2 2 0 0 0 0 0 0 0 0 0 0 0 0 0 0 0 0 0 0 0 0 0 0 0 0 15 0 0 0 0 
 39 1 2 0 10 75 3 0 0 0 0 0 0 0 3 0 2 4 0 0 230 247 0 152 44 62 80 330 82 52 73 109 69 134 368 168 148 234 299 232 0 3 0 0 5 0 0 3 3 0 0 0 0 97 3 3 0 0 4 0 0 0 0 0 0 0 0 3 2 3 0 0 0 0 3 2 0 0 0 0 0 0 0 14 0 0 0 0 0 0 0 0 0 1 0 0 0 19 0 0 0 0 19 20 1 13 11 4 4 22 0 25 25 46 0 0 17 9 13 1 0 0 0 0 0 0 0 0 0 0 0 0 11 0 0 0 0 0 4 0 0 0 0 0 0 0 0 0 0 0 0 7 0 0 0 0 0 0 0 1 0 0 0 0 0 0 0 0 0 0 0 0 0 0 0 0 0 0 0 0 58 22 15 27 0 0 13 18 0 0 22 29 1 1 22 5 1 25 19 1 0 0 1 0 0 0 0 0 0 0 17 0 34 0 0 0 1 0 15 10 0 2 0 0 0 0 2 0 0 0 8 0 0 14 0 0 0 0 0 0 0 0 0 0 0 0 0 0 0 0 0 0 0 0 7 2 4 2 0 2 0 2 0 0 0 0 0 0 0 0 0 0 0 0 0 0 0 0 0 14 0 47 0 0 0 5 10 0 0 0 
 0 0 0 2 1 0 1 0 0 0 0 0 1 2 0 2 0 5 2 0 75 281 152 0 288 139 140 155 205 451 150 107 64 144 378 134 138 264 292 84 0 2 0 0 0 1 63 67 3 0 4 0 1 0 3 3 0 0 61 20 1 0 0 0 0 0 0 3 2 3 0 0 0 0 3 2 0 0 0 0 0 0 0 0 0 0 0 0 0 0 0 0 0 0 0 0 0 0 0 2 26 24 36 11 30 28 0 0 19 0 14 16 2 0 12 30 23 65 0 9 0 0 0 0 2 0 1 0 0 37 0 0 54 10 12 12 17 0 0 0 0 0 0 0 0 0 0 0 0 0 2 0 0 0 0 0 0 0 0 0 0 0 0 0 0 0 0 2 0 0 0 0 0 0 0 0 0 0 0 0 0 8 31 2 4 21 12 9 0 24 57 57 15 0 34 0 18 23 0 0 25 9 13 0 1 0 0 28 9 18 0 0 25 5 11 0 12 7 20 0 0 0 0 0 0 0 0 0 0 0 0 0 0 0 0 0 0 0 0 0 0 0 12 0 0 0 0 0 0 0 0 0 0 0 0 0 2 1 0 3 0 0 0 0 0 0 9 0 0 0 0 0 0 0 0 0 0 0 0 0 0 7 0 0 0 0 0 0 0 0 
 0 3 0 3 0 1 5 2 0 1 1 89 19 1 0 3 1 7 3 1 256 43 44 288 0 177 52 81 137 162 715 287 73 86 120 75 344 114 67 98 52 2 0 0 2 85 85 4 5 0 2 0 78 0 3 3 0 2 71 415 0 2 0 0 0 5 1 3 6 3 4 0 0 0 3 2 0 4 0 0 0 0 0 0 0 20 0 0 0 0 0 0 0 0 0 0 0 0 0 0 0 1 14 0 14 29 0 0 0 0 24 0 0 0 1 8 2 0 0 0 2 20 0 1 0 0 10 16 8 27 0 0 15 7 1 0 0 0 0 13 0 0 0 0 0 0 0 0 0 0 0 17 0 0 0 0 0 0 0 0 0 0 0 3 0 0 0 0 0 0 0 0 0 0 0 0 0 0 2 0 0 1 0 25 29 30 0 0 0 2 0 10 0 0 1 8 0 19 0 0 35 53 75 37 0 0 21 1 13 47 26 0 28 42 10 13 26 0 20 2 0 0 0 0 0 0 0 0 0 0 0 0 0 0 0 0 0 9 0 0 0 0 0 0 0 0 0 0 0 0 0 0 0 0 6 0 0 12 74 5 14 2 0 0 0 0 0 0 0 0 27 0 0 0 0 0 0 0 0 0 0 0 9 1 0 0 0 0 0 0 
 0 6 0 4 1 67 2 0 0 0 3 0 2 0 137 0 0 0 4 0 76 39 62 139 177 0 36 116 106 141 187 79 114 67 72 287 125 137 50 54 23 3 0 1 0 62 191 3 3 0 0 0 115 64 106 3 0 0 75 123 0 0 0 0 1 1 0 4 3 3 0 0 0 0 3 2 0 0 0 0 0 0 0 0 0 0 0 0 0 0 0 0 0 0 0 0 0 0 0 0 33 16 32 0 0 19 3 0 0 0 34 0 0 0 3 9 0 0 0 0 28 13 0 4 0 0 21 8 0 9 13 0 35 7 5 7 17 0 13 36 0 0 0 0 0 0 0 0 0 0 2 0 0 0 0 0 0 8 0 0 0 0 0 0 0 0 0 0 0 0 0 0 0 0 2 0 0 0 3 1 0 0 0 22 3 54 0 0 15 6 16 10 0 0 1 23 0 19 0 0 44 23 42 24 1 0 28 13 0 13 17 0 26 1 11 7 18 1 2 12 0 0 0 0 2 0 0 0 0 0 0 0 0 0 0 0 0 0 3 2 0 0 0 0 0 0 0 0 0 0 0 0 0 0 8 2 1 7 75 1 6 0 0 0 0 7 0 0 0 0 0 0 0 0 0 0 0 0 0 0 0 1 0 0 0 0 0 0 0 0 
 0 2 1 0 229 1 1 0 0 0 0 76 0 0 0 2 0 0 0 0 73 105 80 140 52 36 0 459 149 328 50 241 186 143 34 339 100 106 150 199 0 2 0 3 2 1 0 2 3 0 0 2 0 0 3 3 0 4 0 0 6 0 2 57 0 2 0 3 2 3 0 2 0 0 3 2 0 0 0 0 0 0 0 2 0 6 0 0 0 0 0 0 0 2 0 0 0 2 0 0 1 12 17 0 0 0 12 17 43 12 0 72 0 12 32 11 15 0 17 69 6 0 0 0 0 0 0 0 0 0 0 0 11 0 0 0 0 0 10 0 0 0 0 0 0 0 0 0 0 0 0 2 0 0 1 0 0 0 0 1 0 13 0 0 0 0 0 0 0 0 0 0 0 0 0 0 0 0 0 0 10 11 21 29 0 0 10 9 33 16 20 61 46 56 25 13 3 44 0 41 0 0 0 0 0 0 0 0 0 0 0 0 0 1 0 0 0 0 11 0 0 1 0 0 0 0 1 0 0 0 0 0 0 0 0 0 0 0 19 0 0 0 0 0 0 0 0 0 1 0 0 0 0 0 6 0 0 2 0 2 0 11 0 0 0 0 10 0 0 0 0 0 0 0 0 0 0 0 0 0 0 0 0 0 0 1 0 0 0 0 
 3 5 3 2 77 14 3 3 2 3 2 3 4 3 3 2 3 3 3 77 133 133 330 155 81 116 459 0 268 150 49 107 93 139 297 262 48 244 146 255 0 3 0 0 0 2 0 68 3 0 0 0 0 63 3 3 0 0 0 0 1 0 0 60 0 0 0 3 5 3 0 0 0 0 3 2 0 0 0 0 0 0 0 2 0 1 0 0 0 0 0 0 0 2 0 0 0 2 0 0 13 6 21 14 21 0 0 12 13 11 17 21 12 14 0 14 8 14 0 8 0 0 0 0 0 0 0 0 0 0 0 0 1 0 0 0 0 0 9 0 0 0 0 0 0 0 0 9 0 0 0 2 0 0 0 0 0 0 0 2 0 11 0 0 0 0 0 0 0 0 0 0 0 0 0 0 0 0 0 0 0 0 8 13 18 15 16 41 11 14 37 18 7 0 24 35 1 22 0 0 0 0 0 0 0 0 0 16 0 0 0 0 0 0 0 0 0 0 0 8 0 1 0 0 2 0 1 0 0 1 0 0 0 0 0 1 0 0 0 0 0 0 0 0 0 3 0 1 0 0 0 0 0 0 0 2 2 0 2 1 3 0 0 0 0 0 8 0 0 0 0 0 0 0 0 0 0 0 0 0 0 0 0 0 0 9 0 0 0 0 
 0 0 0 0 70 72 2 140 0 0 0 0 0 0 0 0 1 0 0 0 148 646 82 205 137 106 149 268 0 65 109 107 150 215 193 153 261 184 202 59 0 3 0 0 0 0 0 67 3 0 0 0 0 0 3 3 0 0 0 0 1 9 0 0 5 0 0 3 2 2 0 0 0 0 3 2 58 0 0 0 0 0 0 0 0 0 0 9 0 0 0 0 0 0 0 0 0 0 0 0 15 21 61 13 23 0 0 6 13 34 17 24 2 0 0 46 2 25 0 7 0 0 0 0 0 0 0 0 0 0 0 0 18 12 0 0 0 0 7 0 0 0 0 0 0 8 0 0 4 0 12 2 0 0 2 0 0 0 0 0 0 0 1 0 0 0 0 0 0 0 0 0 0 0 0 0 0 0 1 4 36 3 8 18 13 30 0 0 22 26 23 8 0 7 17 24 4 10 4 9 1 0 0 0 0 0 0 8 0 0 0 0 0 1 21 0 0 0 20 14 12 0 0 0 9 0 0 0 0 0 0 0 0 0 0 0 0 0 0 0 0 0 0 0 0 0 0 0 0 6 0 0 0 0 8 0 0 0 0 1 3 0 0 0 0 0 0 0 0 0 0 0 0 0 0 0 0 0 0 0 0 0 0 0 0 0 0 0 0 0 
 0 205 0 2 0 0 3 205 0 0 0 0 0 0 0 0 0 0 0 0 81 39 52 451 162 141 328 150 65 0 146 113 66 177 222 298 72 189 67 99 0 2 0 0 0 1 0 62 3 61 0 0 147 0 3 3 0 0 1 64 0 3 0 42 0 0 0 3 2 3 0 0 0 2 3 2 0 0 0 0 0 0 0 0 0 0 0 0 0 0 0 0 0 0 0 0 0 0 0 0 14 0 14 12 37 24 0 0 9 0 19 12 1 0 0 0 17 13 0 3 0 1 0 0 0 0 0 0 1 7 0 0 26 0 10 23 14 0 1 0 0 0 0 0 0 0 0 0 0 0 0 0 0 0 0 0 0 0 0 0 0 0 0 0 0 0 0 21 0 0 0 0 0 0 0 0 0 0 0 0 0 60 4 0 10 7 27 8 0 6 16 27 8 0 23 13 18 14 0 10 6 22 0 0 0 0 0 0 0 0 0 0 24 0 16 0 0 9 1 0 0 0 0 0 0 0 0 0 0 0 0 0 0 0 0 0 0 0 0 0 0 0 14 0 0 0 0 0 0 0 0 0 0 0 6 2 0 92 2 2 2 0 0 0 0 0 3 0 0 0 0 0 0 0 0 0 0 0 0 0 0 15 0 0 0 0 0 0 0 0 
 2 3 208 0 0 0 5 1 2 2 1 1 1 1 1 5 0 1 2 1 250 24 73 150 715 187 50 49 109 146 0 144 52 43 72 298 125 55 29 87 62 3 0 0 0 1 124 66 3 0 0 1 1 63 67 3 0 0 126 83 4 1 0 0 1 0 1 3 2 3 0 0 0 56 3 8 0 0 1 3 0 0 0 0 0 0 0 0 0 0 0 0 0 0 0 0 0 0 0 0 0 0 0 22 18 18 0 0 0 0 12 0 0 0 0 8 0 1 0 0 16 0 0 0 0 0 8 0 0 9 0 0 0 9 13 37 24 0 11 0 0 2 0 0 0 0 0 0 0 0 0 0 7 0 0 0 0 0 0 0 0 0 0 0 0 0 0 0 0 0 0 0 0 0 1 0 0 0 2 1 0 0 0 32 9 22 0 0 0 1 12 12 1 0 0 14 0 0 0 0 19 10 12 0 0 0 0 0 0 0 0 0 38 0 13 24 9 9 13 8 0 0 0 0 0 0 9 5 0 0 0 0 0 0 0 0 0 0 0 0 0 0 0 0 0 0 1 0 0 0 0 0 0 0 1 2 0 2 4 1 0 0 0 0 0 0 0 0 0 0 0 0 0 0 0 0 0 0 0 0 0 9 0 0 0 0 31 0 0 0 
 2 82 3 2 2 2 4 2 2 2 2 2 2 2 2 5 3 2 2 4 310 26 109 107 287 79 241 107 107 113 144 0 24 36 33 300 320 218 117 41 0 3 0 1 64 2 68 5 3 0 0 0 65 0 36 3 0 0 1 77 6 0 0 0 1 0 0 3 2 3 1 0 0 0 3 2 0 1 0 0 0 0 0 0 0 0 0 0 0 0 0 0 0 0 0 0 0 0 0 0 0 25 43 0 24 15 0 12 12 15 10 19 0 10 6 23 73 44 0 0 6 0 0 0 0 0 15 0 0 0 23 0 25 15 1 8 11 0 71 13 0 0 0 8 0 6 0 0 5 0 0 7 0 0 0 0 0 0 19 1 0 0 1 0 0 0 0 0 0 0 0 0 0 0 8 0 0 0 0 0 0 36 17 15 27 0 1 0 24 27 1 25 0 0 6 32 20 42 0 0 13 0 8 0 0 0 14 1 0 0 63 0 22 14 14 0 0 0 31 16 0 0 0 0 0 0 2 0 0 0 0 0 0 0 0 0 0 0 0 0 0 0 0 0 0 0 0 0 0 0 0 2 0 0 12 1 0 4 84 0 2 2 0 0 0 29 0 0 0 0 0 0 0 0 0 0 0 0 0 0 0 21 0 0 0 0 0 0 0 0 
 0 1 0 0 141 85 0 0 0 0 0 144 0 3 0 63 73 74 0 0 126 214 69 64 73 114 186 93 150 66 52 24 0 338 53 111 34 39 96 135 3 1 0 0 0 31 0 0 4 0 0 0 1 0 3 4 0 0 0 0 0 27 0 0 7 0 2 2 2 3 1 0 0 0 3 2 1 0 0 0 0 0 0 12 22 23 0 0 8 15 1 26 0 0 0 24 1 0 0 0 41 0 0 0 2 0 38 0 15 13 0 10 87 30 18 13 6 0 0 1 0 0 0 0 0 0 0 0 0 0 0 0 0 17 1 0 0 0 0 0 0 0 0 0 0 0 0 0 0 0 0 0 0 0 0 0 0 0 0 0 0 0 0 0 8 2 0 31 0 0 0 6 0 0 0 0 0 0 0 0 43 0 14 1 0 0 1 10 13 0 0 0 13 14 12 0 16 0 40 38 0 0 9 0 0 0 0 0 0 0 0 0 0 0 0 0 0 0 16 0 0 0 0 0 0 0 0 0 0 0 0 0 0 0 0 0 0 0 6 0 0 0 0 0 0 1 0 0 0 148 0 0 0 0 0 0 1 1 2 0 0 8 0 0 0 0 1 0 0 0 0 0 0 0 0 0 11 0 0 11 0 0 0 0 0 0 0 0 0 0 
 4 0 0 0 97 0 2 0 0 0 73 20 2 3 3 75 1 0 60 2 140 350 134 144 86 67 143 139 215 177 43 36 338 0 84 83 132 135 279 140 0 2 0 0 0 3 0 2 3 0 0 0 5 0 3 3 0 0 0 3 0 5 0 0 60 0 0 3 2 3 2 0 2 0 3 2 0 0 0 0 0 0 0 0 8 18 0 0 9 1 10 37 0 0 2 6 0 0 0 0 9 8 31 0 0 12 35 11 0 1 0 0 28 12 37 23 13 16 0 1 0 0 0 0 18 0 0 1 1 0 0 0 24 30 0 0 0 2 1 0 0 0 0 0 0 1 0 0 0 0 0 0 0 0 0 0 0 0 0 0 0 0 32 9 0 3 0 1 0 0 0 3 0 0 0 0 11 0 0 45 25 17 16 0 0 0 9 20 0 9 0 10 13 6 10 0 39 28 27 12 0 0 0 0 0 0 0 0 0 0 0 0 12 0 0 0 0 0 20 0 0 0 0 0 0 0 0 2 0 2 0 0 0 0 0 0 0 0 0 0 0 0 0 0 0 0 0 0 0 75 0 0 0 0 6 0 2 1 0 2 2 12 0 0 0 0 1 0 0 0 0 0 0 0 0 0 0 0 0 0 0 0 0 0 0 0 0 0 0 0 
 0 0 0 4 0 1 2 0 0 0 0 73 0 0 0 9 0 88 2 0 67 224 368 378 120 72 34 297 193 222 72 33 53 84 0 496 126 230 511 132 2 2 0 2 0 1 0 23 3 0 0 0 0 5 3 3 0 0 0 4 0 6 0 0 5 4 0 3 2 7 0 0 0 0 3 2 2 1 0 0 0 0 0 13 13 7 0 0 0 0 0 13 0 0 0 0 0 0 0 0 48 19 1 10 68 0 15 1 8 0 0 82 33 13 0 3 26 21 12 8 0 0 0 0 0 0 0 0 0 0 0 0 19 19 0 26 0 0 0 0 0 0 0 0 0 0 0 0 0 0 0 0 0 0 7 0 0 2 0 0 0 0 0 0 10 1 0 0 0 0 0 12 0 0 0 0 0 0 0 0 28 6 24 0 9 0 2 0 38 2 30 26 30 0 34 37 9 18 21 11 0 0 0 0 0 0 0 0 0 0 0 0 0 1 0 0 0 0 11 16 0 0 0 0 0 0 0 0 0 0 0 0 0 0 0 0 0 0 0 0 0 0 0 0 0 2 0 0 2 0 0 0 2 0 2 0 3 6 0 2 1 0 2 0 0 2 9 0 0 0 0 0 0 0 0 0 12 0 0 11 0 10 0 0 0 0 0 0 0 0 
 0 1 1 1 75 2 2 1 2 2 1 0 1 0 1 2 1 0 1 1 116 145 168 134 75 287 339 262 153 298 298 300 111 83 496 0 147 438 277 149 0 3 0 0 0 1 63 65 3 0 0 0 0 0 3 3 27 0 0 0 1 3 0 0 1 0 1 3 2 3 0 0 0 3 3 5 0 0 0 4 0 0 0 0 0 0 0 0 0 0 1 0 0 0 28 0 0 0 0 0 15 8 17 13 13 63 13 0 28 16 0 9 0 2 13 20 10 19 9 17 1 0 0 0 0 0 0 0 0 0 0 0 23 1 0 0 0 0 0 0 0 0 0 1 0 0 1 0 0 0 0 0 0 0 0 0 0 0 0 0 2 0 0 1 0 0 0 0 0 0 0 0 0 13 0 0 0 0 0 0 9 43 10 19 0 0 20 8 0 3 10 13 7 0 45 0 32 23 0 10 0 0 2 0 0 0 0 0 0 0 0 0 16 0 0 2 14 0 19 0 0 0 0 0 0 0 0 0 0 0 0 1 0 0 0 0 0 2 0 0 0 0 0 0 0 0 0 0 0 0 0 0 0 0 7 2 0 1 0 2 4 0 0 0 0 0 19 0 0 0 0 0 0 0 0 0 0 0 0 0 0 0 0 0 0 0 0 0 0 0 
 1 3 0 4 35 0 1 0 0 0 0 0 0 0 0 3 0 7 3 0 118 178 148 138 344 125 100 48 261 72 125 320 34 132 126 147 0 184 46 247 0 7 0 25 2 0 6 5 4 0 0 4 133 0 1 3 0 2 2 0 2 0 0 8 0 5 0 0 4 6 2 2 0 0 0 0 0 0 0 0 0 0 0 0 1 9 0 0 1 0 0 0 0 0 0 0 0 0 2 0 0 14 33 4 7 8 0 18 16 50 51 14 1 10 17 1 0 42 0 2 0 0 0 0 0 0 0 0 0 0 0 0 14 0 2 2 0 0 19 10 9 0 0 0 0 5 0 0 3 0 0 0 0 0 0 0 0 0 0 0 0 0 0 0 0 2 0 0 0 0 0 3 0 0 6 0 0 0 0 0 0 45 31 15 94 1 0 1 15 28 14 26 17 18 0 57 25 70 0 9 0 0 0 0 0 0 0 0 0 0 0 0 32 19 14 0 0 0 0 1 0 0 0 19 0 0 0 0 0 0 0 0 0 0 0 0 0 0 0 0 0 0 0 0 0 0 0 0 0 0 0 0 0 0 6 0 0 80 2 0 3 0 0 0 0 0 0 0 0 0 0 0 0 0 0 0 0 0 0 0 0 9 0 0 26 0 10 0 0 0 
 0 0 0 0 0 0 2 0 0 2 0 0 0 2 0 1 0 0 0 0 141 107 234 264 114 137 106 244 184 189 55 218 39 135 230 438 184 0 113 259 0 2 0 0 0 1 0 63 3 0 0 0 68 0 3 3 0 1 0 0 2 2 0 0 0 0 0 3 2 3 0 0 0 0 3 2 0 1 0 0 0 0 0 17 0 0 0 0 0 0 0 0 0 0 0 0 0 0 0 0 14 12 32 15 30 20 0 0 19 0 0 23 0 8 0 5 48 53 0 10 0 0 0 0 0 0 0 0 0 0 0 0 22 0 1 1 0 0 21 0 0 0 0 0 0 6 0 0 6 0 0 7 0 0 0 0 0 0 0 0 0 0 0 0 0 0 0 0 0 0 0 0 0 0 0 0 0 0 0 0 0 49 28 5 37 2 37 8 18 11 7 17 8 0 20 14 53 45 0 1 0 0 0 0 0 0 0 2 0 9 24 0 11 0 1 0 0 0 13 12 0 0 0 0 0 0 0 0 0 0 0 0 0 0 0 0 0 0 0 0 0 0 0 0 0 0 0 0 0 0 0 0 0 0 2 1 0 80 4 2 4 3 0 0 0 0 10 0 0 0 0 0 0 0 0 0 0 0 0 0 0 9 0 2 0 0 0 27 0 0 
 1 0 0 95 44 225 0 0 0 0 98 0 1 0 0 89 75 105 3 0 200 286 299 292 67 50 150 146 202 67 29 117 96 279 511 277 46 113 0 225 0 3 0 0 0 1 3 203 4 0 0 0 0 1 3 3 0 64 0 0 0 32 0 0 49 0 0 3 2 3 0 0 2 0 29 2 0 0 0 1 0 0 0 0 10 49 0 13 9 0 23 8 0 0 0 20 10 0 0 0 13 17 11 0 0 0 1 36 28 19 0 15 31 0 12 0 16 8 0 33 0 0 0 0 0 0 0 0 0 0 0 0 0 0 0 0 0 0 1 0 0 0 0 0 0 0 0 0 1 0 0 12 0 0 2 0 0 0 0 2 0 0 2 36 19 24 0 0 0 0 0 28 0 0 0 0 6 10 0 0 13 8 27 10 0 0 11 24 10 10 17 0 0 35 1 0 34 0 0 1 0 0 0 0 0 0 0 0 0 0 6 0 1 0 0 0 0 0 14 0 0 0 0 0 0 0 0 0 0 0 0 0 0 0 0 0 0 0 0 0 0 0 0 0 0 0 0 0 0 1 0 0 0 0 9 0 0 4 0 2 4 1 0 0 0 0 0 0 0 0 0 0 0 0 0 17 0 0 0 0 0 0 0 0 0 0 0 0 0 0 
 3 3 58 83 44 76 3 3 3 4 76 83 6 3 3 197 3 156 3 3 51 121 232 84 98 54 199 255 59 99 87 41 135 140 132 149 247 259 225 0 0 3 0 0 2 1 0 2 3 0 0 200 0 10 3 3 2 0 3 0 2 0 0 0 49 1 0 3 2 3 0 0 0 0 3 2 0 0 0 0 0 0 0 12 28 0 0 0 8 0 8 39 0 0 0 18 25 0 0 0 95 23 1 0 0 0 32 20 30 12 0 0 2 19 0 0 0 0 21 0 0 0 0 0 0 0 0 0 0 0 0 0 0 0 0 0 0 0 0 0 0 0 0 1 0 0 0 0 0 0 0 0 0 0 0 0 0 0 0 0 2 21 0 19 23 32 1 3 0 2 21 10 0 0 0 0 0 0 0 0 26 16 0 8 0 0 1 11 0 0 0 0 7 6 30 5 0 0 26 0 0 0 2 0 0 0 0 0 0 0 0 0 0 0 0 0 0 0 0 0 0 0 0 4 14 0 0 1 0 0 0 2 0 0 0 0 0 0 0 0 0 0 0 0 0 0 74 0 0 1 0 1 0 0 5 0 2 0 0 0 1 0 0 0 0 0 0 0 0 0 0 0 0 0 0 15 10 0 0 26 0 0 0 0 0 0 0 0 0 0 
 0 0 0 0 0 0 0 41 0 0 0 0 0 0 0 5 0 2 0 0 0 0 0 0 52 23 0 0 0 0 62 0 3 0 2 0 0 0 0 0 0 173 100 103 122 46 133 164 40 173 100 57 70 588 116 33 105 106 51 131 0 0 0 9 0 0 0 0 0 3 0 2 0 0 0 0 8 0 51 0 0 0 0 0 0 0 0 0 0 0 20 0 1 0 0 0 0 0 0 0 0 0 0 46 0 0 0 0 0 0 0 0 0 0 0 0 0 0 0 0 12 19 46 21 7 0 12 13 0 0 13 3 14 39 9 10 0 0 1 23 0 0 0 0 1 3 1 0 0 0 0 0 2 0 0 0 0 3 1 10 0 0 0 0 0 0 0 0 0 0 10 0 0 5 0 0 0 0 0 19 0 0 0 0 0 1 0 0 0 0 16 0 0 0 0 1 0 0 0 0 11 51 10 36 21 0 85 0 0 20 23 19 0 0 11 13 29 2 0 14 0 0 0 0 0 0 0 0 0 0 3 0 0 0 0 0 0 0 6 0 0 0 0 0 0 0 0 0 0 0 0 0 0 2 0 0 0 0 0 7 0 0 2 0 1 1 0 0 0 0 0 0 0 0 0 0 0 0 0 0 0 0 0 0 78 0 0 0 0 0 
 0 0 0 0 0 0 0 0 0 0 0 0 3 3 3 0 0 0 0 0 2 3 3 2 2 3 2 3 3 2 3 3 1 2 2 3 7 2 3 3 173 0 166 117 363 35 74 305 140 86 130 45 45 302 320 90 222 67 34 250 0 0 0 30 0 0 0 0 0 0 0 4 0 0 0 0 6 0 52 0 0 0 0 0 0 0 0 0 0 0 0 0 0 0 0 0 0 0 0 0 0 0 0 24 0 0 0 0 0 0 0 0 0 0 0 0 0 0 0 0 10 21 16 30 41 0 0 15 27 0 21 3 0 13 8 0 0 0 0 7 0 0 0 6 6 0 9 0 11 7 5 0 6 0 14 9 0 1 21 12 0 0 0 0 0 0 0 0 0 0 10 0 0 5 0 0 0 0 0 0 0 0 0 0 0 0 0 0 0 0 0 0 0 0 0 0 0 0 0 0 0 19 0 8 77 21 14 12 7 12 11 33 0 0 0 0 29 1 0 19 22 0 0 0 23 5 0 0 0 0 5 0 29 0 0 0 0 12 23 0 0 4 19 0 0 0 0 0 0 0 0 2 0 0 0 0 0 0 0 8 0 0 3 0 13 2 2 1 0 0 0 0 0 0 0 11 0 0 0 0 0 0 0 0 24 0 0 0 2 0 
 0 0 0 0 0 0 0 0 0 0 0 0 0 0 2 0 0 0 0 0 0 0 0 0 0 0 0 0 0 0 0 0 0 0 0 0 0 0 0 0 100 166 0 123 112 98 147 124 230 67 122 321 68 68 67 279 148 38 45 35 206 0 0 4 0 0 105 0 5 1 0 3 52 4 0 4 3 0 2 16 0 8 0 0 0 0 0 0 0 0 0 0 0 0 0 0 0 0 0 0 0 0 0 0 0 0 0 0 0 0 0 0 0 0 0 0 0 22 0 0 0 10 22 23 11 22 0 9 42 21 8 60 0 0 34 13 37 23 0 0 0 6 0 0 1 6 29 0 2 1 0 0 9 0 0 6 0 0 1 0 0 0 0 0 0 0 0 0 0 0 0 0 0 0 0 0 0 0 0 0 0 0 0 0 0 0 0 0 0 0 0 0 0 0 0 9 0 0 0 0 0 12 0 7 0 0 0 13 13 0 0 1 0 0 0 21 11 0 8 0 6 0 0 0 0 1 34 15 0 0 4 0 13 9 12 0 10 1 10 0 0 0 0 0 0 0 0 0 0 0 0 0 0 0 0 0 0 0 0 4 0 0 1 0 0 0 0 0 0 0 12 0 0 0 0 0 0 0 0 0 0 0 0 0 0 12 0 0 0 0 
 3 0 1 0 0 0 1 56 1 0 0 0 0 0 0 0 2 0 0 1 0 0 0 0 0 1 3 0 0 0 0 1 0 0 2 0 25 0 0 0 103 117 123 0 319 60 102 67 142 143 203 370 262 83 118 119 145 330 75 45 0 2 0 0 5 20 4 0 0 0 0 0 3 51 3 0 0 0 1 1 0 0 0 0 0 0 3 10 0 0 0 0 0 0 0 18 0 0 0 0 0 0 0 0 0 0 0 0 0 0 0 0 0 0 4 0 0 0 0 0 0 13 0 22 36 29 1 0 31 1 13 0 0 13 0 1 2 0 0 0 0 19 0 5 10 0 20 24 0 7 5 0 5 0 12 0 8 0 11 10 0 0 0 0 0 0 0 10 11 0 0 0 0 1 22 0 0 14 14 0 0 0 0 0 0 0 0 0 44 0 0 0 0 0 0 0 0 0 0 0 0 0 0 2 10 51 7 15 0 2 1 11 0 1 0 0 0 1 0 19 38 0 0 0 0 0 0 0 0 0 15 0 8 0 0 0 0 7 0 7 0 0 9 0 0 0 0 0 1 0 14 7 3 0 0 0 0 0 0 11 0 0 1 63 0 2 0 2 0 0 0 0 0 0 2 0 0 0 0 0 0 0 0 0 13 15 0 0 0 0 
 4 3 2 3 3 3 3 3 3 3 3 3 3 0 2 3 6 4 8 6 0 0 5 0 2 0 2 0 0 0 0 64 0 0 0 0 2 0 0 2 122 363 112 319 0 192 266 139 178 77 233 64 66 365 137 70 209 261 53 290 0 0 0 0 2 0 51 0 0 0 0 1 53 0 3 0 3 5 75 3 0 0 0 0 0 0 0 6 0 0 0 0 0 0 5 0 0 0 0 0 0 0 0 0 0 0 0 0 0 0 0 0 0 0 0 0 0 0 0 0 0 0 14 42 19 17 0 19 15 1 0 18 0 0 2 0 11 5 0 0 0 13 0 0 0 0 3 0 13 5 0 0 4 1 29 0 0 6 60 13 8 0 0 0 0 0 5 0 0 0 25 0 0 2 0 0 0 0 0 0 0 0 0 0 0 0 0 0 0 0 0 0 0 0 0 0 0 0 0 0 0 1 0 25 16 8 0 0 0 11 12 18 7 0 0 11 3 9 0 0 18 0 0 10 0 0 10 1 0 11 8 0 12 30 10 0 13 0 10 0 0 0 9 0 0 0 0 0 0 0 0 0 0 0 0 0 0 0 0 11 0 0 7 0 2 2 2 2 2 0 7 0 0 0 0 0 11 0 0 0 0 4 0 0 0 0 0 0 1 0 
 0 0 0 1 0 1 0 0 0 0 0 0 1 0 1 0 0 3 0 0 1 0 0 1 85 62 1 2 0 1 1 2 31 3 1 1 0 1 1 1 46 35 98 60 192 0 105 45 39 42 238 61 40 135 384 54 168 57 164 246 0 0 2 8 1 15 52 59 5 0 4 0 48 50 25 1 0 4 0 138 0 0 0 0 0 0 0 0 0 7 0 0 0 0 0 0 0 0 0 0 0 0 0 0 0 0 0 0 0 9 0 0 0 0 0 0 0 0 0 0 14 1 0 13 10 5 13 11 8 27 2 8 10 1 0 0 0 0 0 11 13 25 3 0 4 0 0 20 10 8 15 0 19 1 13 19 0 2 19 1 0 0 0 0 0 0 0 0 0 0 0 0 0 0 0 0 1 0 0 0 0 0 0 0 0 0 0 0 0 8 0 0 0 0 0 0 0 0 0 0 14 0 13 14 22 19 0 0 0 17 0 14 0 30 0 0 10 0 0 0 19 3 0 1 0 13 5 27 1 5 14 3 2 1 16 10 3 39 23 0 0 0 24 0 0 0 0 0 0 0 0 3 0 0 0 0 0 0 0 5 0 0 2 62 0 1 2 0 0 0 7 0 0 0 0 0 0 0 0 0 0 0 0 0 0 0 0 10 2 0 
 0 0 0 0 0 0 0 0 0 0 0 0 2 0 0 0 0 3 0 0 0 0 0 63 85 191 0 0 0 0 124 68 0 0 0 63 6 0 3 0 133 74 147 102 266 105 0 315 68 107 44 29 161 127 109 105 88 36 102 233 0 0 0 0 2 0 0 0 13 0 0 1 0 4 0 0 0 0 0 0 0 0 0 0 0 0 0 0 0 0 0 0 0 0 0 0 0 0 0 0 0 0 0 1 0 17 0 0 0 0 20 0 0 0 0 0 0 0 0 0 15 13 11 10 1 0 22 50 10 14 15 6 12 0 11 15 9 0 22 16 0 0 0 0 0 0 0 8 0 0 0 0 0 0 0 0 0 0 0 0 0 0 0 0 0 0 0 3 0 0 13 0 0 0 9 0 0 0 0 0 0 0 0 19 33 36 0 0 0 0 13 18 0 0 0 3 0 0 0 0 61 18 42 39 0 0 28 20 38 8 21 0 27 17 0 34 24 0 5 1 15 0 0 0 0 0 0 0 0 0 0 0 0 0 0 0 0 0 0 0 0 0 0 0 0 0 0 0 0 17 0 3 0 1 0 0 0 64 0 2 0 0 0 0 0 16 3 0 0 0 0 0 0 0 0 0 0 0 0 0 0 0 6 0 0 0 0 0 0 0 
 2 5 3 3 3 3 3 3 3 3 3 2 3 2 3 3 3 2 2 3 4 64 3 67 4 3 2 68 67 62 66 5 0 2 23 65 5 63 203 2 164 305 124 67 139 45 315 0 163 44 27 65 95 164 57 263 82 39 67 39 0 19 0 5 7 4 0 3 0 0 5 0 0 0 3 0 0 2 68 0 0 0 0 0 0 0 0 0 0 0 0 0 0 0 0 0 0 0 0 0 16 0 1 1 22 0 0 1 0 0 0 0 15 0 0 0 20 0 0 6 3 0 23 11 22 10 0 9 0 0 0 23 0 22 8 8 4 28 0 0 0 0 0 0 0 0 40 0 0 0 0 0 7 0 0 0 0 0 8 14 0 0 0 0 0 0 0 0 0 0 3 0 0 4 0 0 0 0 0 0 0 0 7 2 0 0 0 0 0 0 15 0 0 0 15 0 8 0 0 0 0 0 19 20 38 11 0 1 0 8 24 19 0 1 9 66 0 15 33 3 13 0 0 0 0 0 21 0 0 0 0 0 11 0 0 0 0 0 2 0 0 0 0 0 0 0 0 0 0 0 0 2 0 0 0 0 0 1 0 20 0 0 66 0 2 0 7 1 2 0 0 0 0 0 0 0 0 0 0 0 0 0 0 0 0 0 0 0 1 0 
 0 0 3 0 0 0 0 0 0 0 0 0 0 3 0 0 0 0 0 0 3 3 3 3 5 3 3 3 3 3 3 3 4 3 3 3 4 3 4 3 40 140 230 142 178 39 68 163 0 218 131 124 96 120 224 411 111 102 323 124 0 0 0 0 2 0 51 0 0 0 0 0 53 0 0 0 1 0 0 0 0 0 0 0 0 0 0 0 0 0 0 0 0 0 0 0 0 9 0 0 0 0 0 21 1 11 0 0 0 0 0 0 0 0 0 0 0 0 0 0 13 20 23 3 7 20 13 45 18 28 28 23 0 28 1 0 1 35 0 20 0 12 0 0 0 0 11 0 0 0 0 0 11 0 15 0 0 0 22 2 0 0 0 12 0 0 0 0 0 0 0 0 0 0 1 0 0 0 0 0 0 0 0 0 0 0 0 0 0 0 0 0 0 0 0 0 0 0 0 0 29 0 0 0 41 19 0 28 17 11 20 18 0 0 0 34 6 0 0 0 31 0 1 0 0 0 11 0 0 0 5 0 13 3 0 0 34 0 29 1 0 0 19 0 0 0 0 0 0 0 0 5 0 0 0 0 0 0 0 1 0 0 1 0 1 2 0 1 0 0 6 0 0 0 0 0 0 0 0 0 0 0 0 0 8 15 0 0 0 0 
 0 0 0 0 0 0 0 0 0 0 0 0 0 0 0 0 0 0 0 0 0 0 0 0 0 0 0 0 0 61 0 0 0 0 0 0 0 0 0 0 173 86 67 143 77 42 107 44 218 0 186 26 127 101 167 78 139 72 372 144 0 28 0 0 0 0 0 0 1 0 0 0 0 0 0 0 0 0 0 0 0 0 0 0 0 0 0 4 0 0 0 0 0 0 1 0 0 0 0 0 0 0 0 0 9 19 0 0 0 0 0 0 0 0 0 0 0 0 0 0 0 7 13 3 10 18 16 0 39 52 48 11 0 34 9 22 16 21 15 4 0 0 0 36 0 0 10 0 0 15 9 0 16 0 2 0 0 6 1 0 5 0 0 0 0 0 6 0 0 0 0 0 0 0 3 0 0 0 0 0 0 0 0 0 0 0 0 0 0 0 0 0 0 0 0 0 0 30 0 9 31 21 11 0 1 10 34 33 10 1 36 19 35 14 5 10 0 0 0 25 0 0 0 0 0 0 19 0 0 0 0 0 5 0 0 0 0 0 0 0 0 0 0 0 0 0 0 0 0 0 0 0 0 1 0 0 0 0 0 2 0 0 1 0 1 11 0 0 0 0 0 0 0 0 0 0 0 0 0 0 0 0 0 0 12 0 0 0 0 0 
 0 0 0 2 0 0 0 0 0 41 0 0 0 2 0 0 0 0 0 0 0 0 0 4 2 0 0 0 0 0 0 0 0 0 0 0 0 0 0 0 100 130 122 203 233 238 44 27 131 186 0 191 209 47 74 104 157 220 56 49 6 21 0 0 2 0 73 55 0 0 0 0 60 49 0 0 0 0 0 50 0 0 0 0 0 0 0 0 0 0 0 0 0 0 0 0 0 0 0 0 0 0 0 0 0 0 0 0 0 0 0 0 0 0 0 0 0 0 0 0 0 13 0 28 31 43 0 0 30 0 14 15 0 15 0 0 0 0 0 0 25 14 0 38 0 0 18 26 12 31 25 0 35 0 16 21 6 8 10 6 0 0 0 0 0 0 0 0 0 0 0 0 0 0 0 0 0 0 0 0 0 0 0 0 0 0 0 0 0 0 0 0 0 0 0 0 0 0 0 0 0 3 0 15 1 22 10 9 0 0 0 6 0 0 0 0 0 0 0 38 28 0 9 0 0 0 0 46 3 7 14 0 15 4 5 1 3 22 1 0 0 0 0 0 0 0 0 0 0 0 0 2 0 0 0 0 0 1 0 8 0 0 1 14 0 2 13 0 0 0 0 0 0 0 0 0 0 0 0 0 0 0 0 0 17 15 0 0 0 0 
 1 0 0 0 0 0 0 0 61 2 61 0 2 2 0 0 0 0 0 0 0 0 0 0 0 0 2 0 0 0 1 0 0 0 0 0 4 0 0 200 57 45 321 370 64 61 29 65 124 26 191 0 20 245 53 380 57 291 255 39 0 0 0 0 1 0 29 1 3 0 0 0 38 51 0 0 0 0 6 1 0 0 0 0 0 0 0 0 0 0 0 0 0 0 0 0 0 0 0 3 0 0 0 0 0 0 0 0 0 0 0 0 0 0 0 0 0 0 0 0 1 0 0 0 0 5 0 2 0 0 0 8 0 0 0 0 20 1 0 1 8 15 10 9 18 0 32 9 0 1 0 0 7 0 0 0 16 0 0 0 0 0 0 0 0 0 0 0 0 0 0 0 0 1 0 0 0 0 0 0 0 0 0 0 0 0 0 0 0 0 0 0 0 0 0 0 0 0 0 0 0 0 0 12 0 11 0 0 8 8 0 0 0 0 0 1 10 5 0 0 4 0 10 15 0 0 10 9 0 0 22 0 27 8 9 0 9 1 26 15 0 0 0 0 0 0 0 0 0 0 0 4 0 0 0 0 0 0 0 13 0 0 4 62 1 6 0 5 0 0 10 0 0 0 0 0 0 0 0 0 0 0 0 0 0 6 0 3 2 0 
 0 0 0 2 0 0 0 0 0 0 0 0 0 0 0 32 0 0 0 0 0 0 0 1 78 115 0 0 0 147 1 65 1 5 0 0 133 68 0 0 70 45 68 262 66 40 161 95 96 127 209 20 0 90 115 64 33 29 142 137 1 2 3 0 2 1 2 9 4 0 2 1 28 0 10 0 0 3 2 0 0 0 0 0 0 0 0 0 0 0 0 0 0 0 0 0 0 0 0 0 0 0 17 27 17 31 0 0 0 10 26 0 0 0 23 13 0 0 0 0 10 10 0 10 0 1 21 0 0 14 7 0 16 0 10 18 19 0 9 10 10 14 3 0 0 0 0 0 0 0 6 2 0 1 0 0 0 1 0 1 0 0 0 0 0 0 0 0 18 0 0 0 23 0 10 0 0 0 0 0 0 0 24 25 4 25 0 0 0 13 0 10 0 0 0 12 0 24 0 0 14 14 29 12 11 0 36 10 10 8 36 0 27 0 11 15 9 25 0 0 0 3 0 0 12 0 6 0 0 3 0 1 0 0 4 46 0 0 21 0 0 0 0 0 0 0 0 0 0 0 0 4 0 0 0 0 0 36 2 0 0 0 0 0 0 10 2 0 0 0 5 0 0 0 0 0 0 9 0 0 0 14 0 0 0 0 0 0 2 0 
 0 0 0 2 33 63 0 0 0 0 0 0 2 0 0 2 2 5 2 0 0 61 97 0 0 64 0 63 0 0 63 0 0 0 5 0 0 0 1 10 588 302 68 83 365 135 127 164 120 101 47 245 90 0 136 55 341 36 203 291 0 0 0 0 0 0 2 0 1 0 0 0 2 0 0 0 0 0 53 3 0 0 0 13 0 0 0 0 0 0 0 0 0 0 0 0 0 0 0 0 0 0 0 20 0 21 0 1 0 21 0 0 13 16 0 0 0 0 0 1 23 1 8 18 7 0 8 5 0 6 59 12 38 18 8 0 0 4 0 21 0 0 0 0 1 0 1 0 0 0 0 0 0 0 33 0 0 13 5 14 0 0 0 0 14 0 0 0 0 0 7 0 0 9 0 0 0 0 0 0 1 0 0 0 0 14 0 31 0 0 0 11 1 1 0 0 0 0 20 0 0 15 18 6 20 0 10 0 0 14 10 23 7 9 9 0 19 0 0 11 1 0 0 0 0 0 10 0 0 0 0 0 0 0 0 0 5 0 3 10 0 0 0 0 0 0 0 0 0 0 0 4 0 1 0 0 0 62 0 7 0 0 1 0 0 3 2 0 1 0 0 0 0 7 0 0 0 0 0 27 0 0 0 0 1 3 0 0 0 0 
 0 0 0 0 0 0 0 0 0 0 0 0 0 0 0 0 0 0 0 0 3 3 3 3 3 106 3 3 3 3 67 36 3 3 3 3 1 3 3 3 116 320 67 118 137 384 109 57 224 167 74 53 115 136 0 136 51 118 142 225 0 0 0 0 1 0 0 0 0 0 0 0 0 1 0 0 0 0 0 0 0 0 0 0 0 0 0 0 0 0 0 0 0 0 0 0 0 0 0 0 0 0 0 0 1 1 0 0 0 0 0 0 0 0 0 0 0 0 0 0 28 9 0 1 7 9 33 13 12 1 53 0 7 54 7 6 3 0 5 7 0 0 0 13 0 0 8 0 0 0 0 0 1 0 11 0 0 6 11 0 0 0 0 0 0 0 0 0 0 0 0 0 0 0 15 0 0 0 3 0 0 0 0 0 0 0 0 0 0 0 0 0 0 0 0 0 0 0 0 0 23 0 18 0 16 11 25 14 0 31 0 18 10 10 11 0 4 0 0 0 0 0 0 0 0 0 0 0 0 0 0 0 11 0 0 0 0 0 0 0 0 0 0 0 0 0 0 0 0 0 0 4 0 0 0 0 0 0 65 0 0 0 2 0 76 14 0 1 0 0 0 0 0 0 0 0 0 0 0 0 0 0 0 0 6 0 0 0 1 0 
 1 6 0 0 0 0 0 0 0 0 0 0 2 3 0 0 0 0 0 0 3 3 3 3 3 3 3 3 3 3 3 3 4 3 3 3 3 3 3 3 33 90 279 119 70 54 105 263 411 78 104 380 64 55 136 0 277 97 259 295 0 0 0 50 2 0 206 0 4 0 0 0 50 5 0 0 0 0 55 52 11 0 0 0 0 0 0 0 0 0 0 0 0 0 0 0 0 0 0 0 0 0 0 0 0 0 0 0 0 0 0 0 0 22 0 0 0 0 0 0 0 8 34 31 9 20 0 12 1 9 14 42 0 0 2 9 50 15 0 0 0 13 0 0 26 0 37 0 0 0 0 0 0 0 0 20 13 0 6 0 0 0 0 0 8 0 0 0 0 0 0 0 0 0 0 0 0 0 0 0 0 0 0 0 0 0 0 9 0 0 0 0 0 0 0 0 0 0 0 0 1 0 0 25 0 10 0 2 1 0 1 4 0 0 0 13 0 15 0 0 48 0 0 0 0 0 13 29 0 1 9 0 30 10 0 0 0 0 11 18 0 0 0 0 0 0 0 0 0 0 0 13 0 0 0 0 0 0 0 0 0 0 3 1 0 2 5 0 0 0 12 0 0 0 0 0 0 0 0 0 0 0 0 0 0 0 0 9 2 0 
 0 3 0 0 0 0 0 0 0 0 0 0 0 3 3 0 3 0 0 3 0 0 0 0 0 0 0 0 0 0 0 0 0 0 0 27 0 0 0 2 105 222 148 145 209 168 88 82 111 139 157 57 33 341 51 277 0 109 49 32 0 0 0 0 16 4 54 0 49 0 0 0 0 0 0 0 0 0 22 20 0 0 0 11 0 0 0 0 0 0 0 0 0 0 0 0 0 0 0 0 0 0 0 0 0 0 0 0 0 0 0 0 0 0 0 0 0 0 0 0 0 18 51 18 21 48 0 15 28 4 0 66 0 0 5 1 24 24 0 0 0 0 0 1 0 0 11 0 0 13 2 0 0 0 18 4 0 0 18 0 0 0 0 0 0 0 0 0 0 0 4 0 0 1 0 0 0 0 0 0 0 0 0 0 0 0 0 0 0 0 0 0 0 0 0 0 0 0 0 0 0 17 0 9 13 35 0 3 0 0 0 21 0 0 0 10 41 1 0 0 11 0 0 0 0 0 60 12 0 0 0 0 22 0 10 0 10 0 3 4 0 0 0 0 0 0 0 0 0 0 0 4 0 0 0 0 0 0 0 0 0 0 65 0 2 2 0 0 0 0 0 0 0 0 0 0 0 0 0 0 0 0 0 0 0 15 0 7 0 0 
 0 0 0 0 0 0 0 0 0 2 0 0 0 0 0 0 1 0 0 0 0 0 0 0 2 0 4 0 0 0 0 0 0 0 0 0 2 1 64 0 106 67 38 330 261 57 36 39 102 72 220 291 29 36 118 97 109 0 101 91 0 2 0 0 1 0 0 0 0 0 0 0 0 51 0 0 0 0 0 0 0 0 0 1 0 0 0 0 0 0 0 0 0 0 0 0 0 0 0 0 0 0 0 4 10 3 0 0 0 0 0 0 0 0 12 0 0 0 0 0 0 12 14 4 12 17 14 32 33 20 41 12 8 82 9 10 8 20 21 13 0 11 0 7 12 0 20 0 0 8 6 0 5 0 1 0 10 0 1 0 0 2 0 0 0 0 0 0 0 0 0 0 0 1 0 0 0 0 0 0 0 0 0 6 0 0 0 8 0 0 0 14 0 0 0 0 0 0 0 0 14 25 0 3 1 13 57 31 33 11 58 22 0 21 1 1 0 1 1 24 4 0 0 0 0 0 0 0 0 0 9 0 12 0 0 0 0 1 0 7 0 0 0 0 0 0 0 0 0 0 0 2 0 1 0 0 0 0 5 0 0 2 0 62 0 1 0 2 2 0 0 0 0 0 0 0 0 0 0 0 0 0 8 0 34 0 0 0 0 0 
 0 0 0 0 0 0 0 0 0 0 0 0 0 2 5 0 0 0 0 0 0 0 4 61 71 75 0 0 0 1 126 1 0 0 0 0 2 0 0 3 51 34 45 75 53 164 102 67 323 372 56 255 142 203 142 259 49 101 0 283 0 1 0 0 0 0 0 0 0 3 0 0 0 0 0 0 0 0 0 0 0 0 0 0 0 0 0 0 0 0 0 0 0 0 0 0 0 0 0 0 0 0 0 0 28 18 0 0 0 0 1 0 0 0 16 10 7 0 0 0 19 12 15 0 0 0 27 11 0 9 23 0 5 27 3 0 0 19 0 9 0 0 0 0 0 0 0 0 0 0 0 0 0 0 0 0 0 0 0 0 0 0 0 3 0 0 0 0 0 0 0 0 0 12 0 0 0 0 3 0 0 0 0 5 12 6 0 0 0 0 10 0 0 0 0 0 0 0 0 0 24 72 19 0 16 0 21 24 0 17 20 2 10 24 22 0 24 1 9 9 0 0 0 0 0 0 0 0 0 0 0 0 0 0 0 0 0 0 0 0 0 0 0 0 0 0 0 0 0 0 0 2 0 0 0 0 0 30 61 0 19 0 2 0 1 2 2 0 0 0 0 0 0 0 0 0 0 0 0 0 0 1 0 0 0 0 0 0 1 2 
 0 0 0 2 0 0 0 0 0 0 0 0 0 0 1 4 0 4 2 0 0 0 0 20 415 123 0 0 0 64 83 77 0 3 4 0 0 0 0 0 131 250 35 45 290 246 233 39 124 144 49 39 137 291 225 295 32 91 283 0 0 0 52 0 0 0 0 0 0 0 0 0 0 3 0 0 0 0 0 0 0 0 0 0 0 0 0 0 0 0 0 0 0 0 0 0 0 0 0 0 0 0 0 0 15 9 0 0 0 0 1 0 0 0 0 37 0 0 0 0 23 12 53 21 0 0 28 38 2 14 10 0 0 22 24 10 20 12 35 11 0 0 0 0 0 0 0 0 8 0 0 0 0 0 0 0 14 0 0 0 0 0 0 0 0 0 0 0 0 0 0 0 0 0 5 0 0 0 2 0 0 0 0 22 9 7 0 0 0 0 0 12 0 0 0 0 0 0 0 0 46 9 1 2 10 0 1 12 0 0 24 8 7 3 29 9 25 7 11 0 0 0 0 0 0 0 0 0 0 0 0 0 0 0 0 0 0 0 0 0 0 0 0 0 0 0 0 0 0 31 0 0 0 2 0 0 0 0 36 1 0 0 0 0 3 1 0 0 0 0 0 0 0 0 0 0 0 0 0 0 0 7 0 0 0 0 0 0 0 0 
 0 0 0 0 0 0 0 0 0 0 0 0 0 0 0 0 0 0 0 0 2 0 0 1 0 0 6 1 1 0 4 6 0 0 0 1 2 2 0 2 0 0 206 0 0 0 0 0 0 0 6 0 1 0 0 0 0 0 0 0 0 427 70 506 91 25 80 147 50 46 40 91 81 171 119 121 73 51 41 93 0 0 0 0 0 0 0 0 0 0 0 0 9 0 0 0 0 0 0 0 0 0 11 0 0 0 1 6 7 6 2 8 1 0 0 0 1 2 1 2 1 0 0 0 0 5 0 0 0 0 0 0 2 0 0 0 0 0 8 6 10 0 23 34 0 0 0 26 0 15 0 8 0 17 24 8 22 2 0 10 2 0 0 0 0 0 0 0 2 0 0 0 6 0 0 0 3 0 0 0 0 0 1 5 0 0 6 6 0 5 1 0 6 0 0 2 1 8 0 0 0 0 0 0 0 18 0 0 0 0 0 0 0 6 0 0 0 0 1 0 6 2 33 22 0 18 9 18 20 8 0 7 47 21 0 19 1 0 14 3 1 0 0 13 0 0 0 0 0 0 0 0 0 0 11 0 0 0 0 0 0 0 0 0 0 0 19 0 0 0 8 2 0 6 0 1 0 0 0 0 0 0 0 0 0 1 0 0 0 0 
