 0 300 78 357 674 126 161 456 143 32 220 24 95 219 314 212 28 451 35 129 0 0 1 0 0 3 0 4 0 0 1 0 0 0 77 2 0 3 74 2 0 0 0 0 0 0 0 0 1 0 0 0 0 0 3 4 2 0 0 0 0 0 3 0 0 0 0 0 0 0 3 0 0 3 3 0 0 0 0 1 33 32 10 0 0 0 0 67 16 15 0 15 11 15 11 0 55 17 21 11 0 0 0 0 1 0 0 9 0 0 1 0 11 0 0 0 0 0 9 0 0 0 3 0 0 0 0 0 1 0 0 0 0 0 0 0 0 0 0 0 0 0 0 0 0 0 0 0 0 0 0 0 0 0 0 0 0 0 1 0 43 33 15 0 0 0 28 9 22 11 25 5 43 21 22 9 0 0 0 0 0 0 2 0 0 0 0 0 0 0 7 0 18 0 0 0 0 0 0 0 1 0 0 0 0 0 0 0 0 0 0 0 0 0 0 0 0 0 0 0 0 0 0 0 0 10 0 0 0 0 0 0 0 0 2 11 0 0 2 0 0 0 0 0 0 3 2 0 0 2 0 5 0 0 0 0 0 0 0 0 0 0 0 0 0 0 0 0 0 0 0 0 0 0 0 11 1 16 0 0 0 0 0 0 0 0 0 0 0 1 
 300 0 214 122 122 41 354 231 340 497 187 165 51 313 321 79 216 741 173 135 0 0 0 0 206 3 0 3 0 76 2 0 77 0 32 0 0 4 23 2 0 0 36 0 0 0 0 0 2 0 0 0 0 0 3 2 2 0 0 0 0 0 3 0 0 0 0 0 0 0 3 0 0 3 3 0 0 0 0 0 19 25 37 25 0 11 0 0 13 24 30 24 2 74 16 10 18 54 0 2 20 0 0 0 9 0 0 0 0 0 0 0 12 0 0 0 0 0 7 0 2 0 0 0 0 3 0 0 0 0 0 0 0 0 0 0 0 0 0 0 0 0 0 0 0 0 0 0 0 0 0 0 0 0 0 0 0 0 30 0 0 0 45 24 48 13 12 9 50 30 18 11 0 14 59 40 24 31 0 0 0 0 0 0 0 0 1 0 0 0 0 0 24 18 0 0 0 0 15 0 0 0 0 0 0 0 0 0 0 0 0 0 0 0 0 0 0 0 0 0 0 0 0 0 22 0 0 0 0 0 0 0 0 0 31 0 0 0 0 0 0 0 0 0 0 3 0 1 0 1 18 3 29 0 0 0 0 0 0 0 0 0 10 0 0 0 0 0 0 0 0 0 0 0 0 25 1 18 0 0 0 0 0 0 0 0 0 0 0 0 
 78 214 0 379 145 134 149 530 72 121 125 329 174 382 293 231 249 346 68 58 0 0 0 0 0 5 0 5 0 0 3 0 0 0 3 0 0 3 159 62 2 0 0 0 2 0 0 0 2 0 0 0 0 0 3 4 2 0 0 0 0 0 3 0 0 0 0 0 0 0 3 0 0 3 3 0 0 0 31 1 0 2 0 19 11 18 1 25 0 13 10 24 1 0 0 20 15 37 0 0 0 0 0 0 0 0 0 0 0 0 0 0 0 24 0 0 0 0 0 54 0 0 0 0 0 0 0 0 0 0 0 0 2 0 0 0 0 0 0 0 0 0 0 0 1 0 0 0 0 1 0 0 2 0 0 0 0 0 0 0 0 57 0 0 22 30 3 0 18 0 1 10 0 14 5 43 1 36 6 0 0 0 0 0 0 0 1 0 0 0 0 0 23 1 0 0 0 2 20 17 0 0 0 0 2 0 0 0 0 0 0 0 0 2 0 12 0 0 0 0 0 0 0 0 0 0 2 0 0 0 0 0 0 0 0 0 13 0 0 0 0 0 0 0 0 0 0 2 53 4 0 3 5 0 0 0 0 0 0 0 1 0 11 0 0 0 0 0 0 0 0 0 0 0 0 0 0 0 0 0 0 0 0 0 0 1 0 0 0 0 
 357 122 379 0 129 43 116 155 162 200 142 96 152 161 102 228 135 36 70 52 5 1 0 0 0 4 0 2 75 0 7 5 2 0 42 0 0 2 48 2 0 0 0 0 0 64 0 0 0 0 0 4 0 2 0 0 0 0 0 2 0 2 0 0 2 0 0 0 0 3 56 0 0 3 0 2 0 0 3 2 29 19 61 30 12 9 0 7 18 47 19 21 11 0 14 17 16 35 0 1 0 0 0 0 0 0 0 0 0 0 0 0 0 6 0 0 0 0 0 35 0 0 0 0 0 0 0 0 0 0 0 0 0 0 0 0 0 0 0 0 0 0 0 0 0 0 0 0 0 0 0 0 0 0 0 0 0 0 0 0 18 29 0 11 15 33 14 0 17 8 0 29 10 0 68 41 14 39 7 0 0 0 4 0 0 0 36 0 0 0 0 0 31 0 0 0 0 0 14 17 0 0 0 0 0 0 0 0 0 0 0 0 0 0 0 0 0 0 0 0 0 0 0 0 0 0 0 0 0 0 0 1 0 0 0 0 0 0 31 0 0 0 0 0 0 1 1 2 79 0 0 11 25 0 0 0 0 0 0 0 0 0 9 0 0 0 0 0 0 0 0 0 0 0 0 0 0 0 0 0 0 0 0 0 0 0 0 0 0 0 
 674 122 145 129 0 243 42 180 149 133 68 155 66 153 377 269 276 335 67 55 74 0 0 0 0 3 37 3 6 2 1 0 17 74 2 0 0 3 177 2 0 0 0 0 0 0 0 0 1 0 0 0 0 0 3 4 2 0 0 3 0 0 3 0 0 0 0 0 3 0 3 0 0 3 3 0 0 0 0 1 0 0 1 0 12 61 0 15 1 6 0 44 0 0 0 22 0 0 0 0 1 0 0 0 0 0 14 0 2 0 0 0 24 44 0 0 0 6 19 17 0 0 0 2 0 0 2 0 0 0 0 0 0 0 0 0 0 0 0 0 0 0 0 0 0 0 0 0 0 0 0 0 0 0 0 0 0 0 4 0 27 11 0 14 11 25 2 0 0 16 10 29 0 0 0 10 19 0 0 0 0 0 4 0 0 0 21 19 0 0 1 0 14 20 14 0 0 10 34 17 0 0 0 0 0 0 0 0 0 0 0 0 0 0 2 0 0 0 0 0 0 2 0 0 0 0 0 1 0 2 0 0 0 0 0 0 0 0 0 0 0 0 0 0 0 6 7 2 1 95 3 3 0 0 0 0 0 0 2 0 0 0 0 1 0 0 2 0 0 0 0 0 2 0 0 10 16 0 0 0 0 0 0 0 0 0 0 0 0 0 
 126 41 134 43 243 0 32 57 142 240 91 218 44 62 106 117 173 70 67 45 75 2 118 0 2 5 98 117 2 2 93 1 155 2 8 2 74 6 46 150 0 0 0 4 4 3 0 3 5 0 0 0 0 0 3 2 7 0 0 3 0 4 3 2 0 0 0 0 0 0 3 0 0 3 3 0 0 0 0 4 15 0 16 57 2 35 0 0 0 1 0 13 9 0 0 21 0 41 0 0 19 9 0 0 10 2 0 11 0 0 13 0 26 13 0 27 16 0 0 37 0 0 0 0 0 0 0 0 0 0 9 0 0 0 0 0 0 0 0 0 0 0 1 0 0 0 0 0 0 0 0 0 0 0 0 0 0 9 5 0 0 25 0 0 11 43 19 0 0 0 0 0 0 0 0 11 8 42 0 0 23 1 11 0 0 0 14 0 8 50 14 0 17 9 19 8 30 32 0 17 0 0 0 1 0 0 0 0 2 0 2 27 0 0 0 0 9 0 0 0 0 0 0 0 0 0 0 0 0 0 0 0 0 0 0 0 0 0 0 0 0 12 0 0 0 6 1 0 44 1 0 6 4 0 0 2 0 74 0 0 0 0 2 0 0 0 0 0 0 0 0 0 0 1 0 0 0 0 0 0 0 0 0 0 0 0 21 0 0 0 
 161 354 149 116 42 32 0 54 196 233 333 131 182 125 202 49 111 44 394 37 0 89 0 0 3 0 2 0 0 1 2 0 0 2 23 0 0 5 0 2 0 0 0 2 0 2 3 3 1 0 0 0 2 0 0 0 0 2 3 0 0 0 0 0 0 0 0 0 0 0 0 3 0 0 0 0 0 0 0 5 20 46 27 28 0 0 1 1 30 38 21 0 2 23 33 0 38 31 14 48 0 0 0 1 0 0 0 0 0 0 0 0 0 0 0 0 0 0 0 0 16 0 0 0 0 0 0 0 0 0 0 0 0 0 0 0 0 0 0 0 0 0 0 0 0 0 0 0 0 0 0 0 0 0 0 0 0 0 0 0 21 0 25 30 19 1 31 7 6 2 24 1 21 5 0 49 5 30 6 1 0 0 0 0 0 0 0 0 0 0 0 0 0 0 0 0 0 0 0 0 0 0 0 15 0 2 0 2 0 0 0 2 0 0 0 0 0 0 0 0 0 0 0 0 0 0 0 0 2 0 0 0 0 0 4 0 0 0 0 0 0 0 0 0 1 0 0 1 0 0 19 2 0 0 0 0 0 0 0 0 0 0 1 0 0 0 0 0 0 0 0 0 0 0 0 0 0 0 0 0 0 0 0 0 0 0 0 0 0 0 
 456 231 530 155 180 57 54 0 84 205 149 208 723 416 204 89 38 139 155 73 75 2 0 0 1 3 0 3 203 0 2 2 80 0 2 0 0 3 38 2 0 0 0 0 0 0 0 0 1 0 2 0 0 0 3 3 2 0 1 8 0 0 3 0 0 0 0 0 0 0 4 0 0 3 1 0 0 0 0 0 16 0 0 5 0 23 0 9 3 2 15 68 11 11 5 12 3 26 13 0 0 0 0 0 0 0 0 0 0 0 0 0 9 6 0 0 0 0 8 0 0 0 0 0 0 0 0 0 0 0 0 0 0 0 0 0 0 0 0 0 0 0 0 0 0 0 0 19 0 0 0 4 9 0 0 0 0 0 4 0 11 0 0 0 32 10 1 26 45 9 12 6 13 0 58 0 0 24 11 1 0 0 0 0 0 0 0 0 0 0 0 0 14 11 0 0 0 0 1 8 0 0 0 0 0 0 0 0 0 0 0 0 0 0 0 0 0 0 0 0 0 0 0 0 0 0 0 0 0 0 0 0 0 0 0 0 0 0 0 0 0 0 0 0 0 2 0 2 0 3 2 2 6 0 2 0 0 0 0 0 0 0 0 0 0 0 0 0 0 0 0 0 0 0 0 12 18 14 0 0 0 0 0 0 0 0 0 0 0 0 
 143 340 72 162 149 142 196 84 0 265 88 371 88 83 247 136 75 57 92 75 0 0 0 0 0 3 73 4 1 0 1 0 75 0 75 0 0 5 88 2 0 0 0 0 0 0 0 0 1 0 0 0 0 0 3 4 2 65 0 0 0 0 3 0 0 0 0 0 0 0 3 0 0 45 3 0 0 0 0 29 15 16 23 11 11 7 0 0 19 13 1 1 12 22 0 22 26 52 13 7 1 0 0 0 1 0 0 0 0 0 0 0 0 9 2 0 0 27 0 23 0 0 0 0 0 0 0 0 0 0 0 0 0 0 0 0 0 0 0 0 0 0 0 0 0 0 0 0 0 0 0 0 0 0 0 0 0 0 5 1 0 20 14 21 42 33 8 12 2 3 17 1 0 1 0 0 0 15 0 0 0 0 2 0 0 0 28 0 0 0 0 0 15 12 0 0 0 0 9 26 0 0 2 0 0 0 0 0 0 0 0 0 0 0 0 0 0 0 0 0 0 0 0 0 0 0 0 0 0 0 0 0 0 0 0 0 0 0 0 0 0 0 0 0 0 0 1 0 1 87 0 4 0 1 0 0 0 0 0 0 0 0 0 0 0 0 0 0 0 0 0 0 0 50 0 3 14 0 0 0 0 0 0 0 0 0 0 0 0 2 
 32 497 121 200 133 240 233 205 265 0 144 132 64 362 268 209 172 288 125 194 73 0 0 0 0 3 0 3 0 0 1 0 19 0 2 0 3 3 75 3 0 0 0 0 0 0 29 0 1 0 0 0 0 0 3 4 2 0 0 3 0 0 3 0 0 0 0 0 0 0 3 0 0 3 2 0 0 0 0 0 0 19 17 18 3 10 4 0 10 25 16 38 0 53 15 25 7 41 0 0 0 0 0 0 0 0 0 0 0 0 0 1 1 22 0 0 0 0 22 5 4 0 12 0 0 0 0 0 0 0 0 0 0 0 0 0 2 0 0 0 0 0 0 0 0 0 0 0 0 0 0 0 0 0 0 0 0 0 9 0 0 0 25 16 47 75 6 14 27 11 13 1 0 23 20 0 9 20 0 1 0 0 0 0 0 0 9 0 13 0 0 0 10 21 0 0 0 1 11 1 0 0 0 0 0 0 0 0 0 0 0 0 0 0 10 0 0 0 0 0 0 0 0 0 0 0 0 0 0 0 0 0 0 0 0 0 0 2 18 0 0 0 0 0 0 5 1 0 0 47 22 0 21 0 0 0 0 0 0 0 0 0 18 0 0 0 0 0 0 1 0 0 0 0 0 13 0 0 0 0 0 0 0 0 0 0 0 0 0 0 
 220 187 125 142 68 91 333 149 88 144 0 160 33 84 36 212 332 501 129 126 0 1 1 0 2 3 0 4 0 1 1 1 72 0 77 0 0 3 73 2 39 0 0 0 0 0 0 0 0 0 0 0 62 0 3 4 2 0 0 0 0 0 4 1 0 0 2 2 30 31 3 0 3 4 10 0 12 0 3 3 0 1 1 9 0 0 5 12 9 12 8 1 12 31 6 43 34 26 0 0 0 0 0 14 0 0 0 0 0 0 0 0 10 0 0 0 0 0 0 18 0 0 0 0 0 0 0 0 18 0 0 0 0 0 0 0 0 0 0 0 0 0 1 0 0 0 0 0 0 0 0 0 0 0 0 0 0 0 0 0 14 30 11 2 1 0 31 17 40 0 0 7 16 10 0 14 0 0 4 0 0 0 0 0 0 1 0 0 0 1 0 0 75 14 0 0 0 0 0 0 0 0 0 0 0 0 0 0 0 2 2 0 2 0 0 0 0 0 0 0 0 0 0 0 0 0 0 0 0 0 0 0 0 0 0 0 0 0 0 0 0 0 0 0 0 0 1 2 1 1 0 7 0 0 0 0 0 0 0 0 0 0 1 0 0 0 0 0 0 0 0 1 0 2 0 0 27 13 0 0 0 0 0 0 0 0 0 0 0 0 
 24 165 329 96 155 218 131 208 371 132 160 0 35 16 294 338 175 192 21 240 1 0 0 0 0 3 1 5 4 0 1 0 18 0 2 1 0 5 111 62 0 0 3 0 0 0 0 0 1 0 0 0 0 0 3 4 2 0 0 0 0 0 3 0 0 0 0 0 0 0 5 0 0 3 2 0 0 0 0 3 11 12 25 27 1 34 0 1 14 10 21 28 0 19 0 23 1 19 0 0 0 0 0 0 2 0 0 0 0 0 2 0 0 24 0 0 0 0 6 0 0 0 0 0 0 0 0 0 0 0 0 0 0 0 0 0 0 0 0 0 0 0 0 0 0 0 0 0 0 0 0 0 0 0 0 0 0 0 2 0 0 1 16 0 61 12 6 10 18 6 9 35 0 20 20 0 0 32 0 0 0 0 0 0 0 0 0 1 0 0 0 0 0 11 0 0 0 1 11 0 2 0 0 9 0 0 0 0 0 0 0 0 0 0 0 0 0 0 0 0 0 0 0 0 0 0 0 0 0 0 0 0 0 0 1 0 0 0 0 0 0 0 0 0 0 0 4 0 0 2 0 0 21 2 0 0 0 0 0 0 0 0 10 0 0 0 0 0 0 0 0 0 0 0 0 9 12 0 0 0 0 0 0 0 0 0 0 0 0 2 
 95 51 174 152 66 44 182 723 88 64 33 35 0 139 64 221 125 50 265 285 0 0 1 0 2 3 2 3 0 5 0 6 2 1 5 0 0 5 3 2 1 0 0 0 0 5 0 0 5 5 0 0 3 0 3 4 2 0 5 0 0 0 3 0 1 0 0 0 0 0 3 0 0 3 7 0 0 0 0 0 28 35 18 29 0 10 24 20 16 2 31 0 16 9 66 1 5 0 44 21 0 0 0 0 0 0 0 0 0 0 0 0 0 0 0 0 0 0 2 0 0 0 0 1 0 0 0 0 0 0 0 0 0 0 0 0 0 2 0 1 0 0 0 0 0 0 0 0 0 0 0 0 0 0 0 0 0 0 0 0 47 13 11 5 0 0 26 5 0 21 3 19 10 1 4 17 23 5 29 20 0 0 0 0 0 0 0 2 0 0 0 0 0 0 0 0 0 0 0 0 0 0 0 0 0 0 0 0 0 0 0 0 0 0 2 0 0 0 0 0 0 2 0 0 0 0 0 0 0 0 0 0 0 0 0 0 0 0 0 0 0 0 0 0 0 0 0 0 0 2 1 0 0 0 0 0 0 0 0 0 0 0 0 0 0 0 0 0 0 0 0 0 0 0 0 10 0 0 0 0 0 0 0 0 0 0 0 0 0 0 
 219 313 382 161 153 62 125 416 83 362 84 16 139 0 294 51 406 114 199 314 4 52 0 0 3 3 0 3 0 0 2 0 1 0 4 0 0 7 74 2 0 0 0 0 0 0 69 3 2 0 0 0 0 0 3 3 2 0 0 1 4 0 3 0 0 0 0 0 49 6 3 0 0 3 42 0 0 0 0 2 8 0 2 9 10 0 20 26 3 20 0 11 0 35 4 11 58 11 7 0 0 0 0 0 0 0 0 0 0 0 0 0 16 0 0 0 0 0 0 33 0 0 0 0 0 0 0 0 0 0 0 0 0 0 0 0 0 0 0 0 0 0 0 0 0 0 0 0 0 0 0 0 0 0 0 0 0 0 0 0 14 32 0 0 0 14 31 0 20 1 0 20 29 23 11 10 0 3 13 1 0 0 0 0 0 0 0 0 0 0 0 0 35 1 0 0 0 0 7 0 0 0 0 0 0 0 0 0 0 0 0 0 0 0 0 0 0 0 0 0 0 0 0 0 0 0 0 0 0 0 0 18 0 0 0 0 0 0 0 0 0 0 0 0 0 2 0 1 0 1 0 3 0 0 0 0 1 0 0 0 0 0 14 0 0 0 0 0 0 0 0 0 0 0 0 0 0 19 0 0 0 0 0 0 0 0 0 0 0 0 
 314 321 293 102 377 106 202 204 247 268 36 294 64 294 0 131 52 248 116 193 0 2 0 0 1 3 0 3 0 0 2 2 72 0 3 2 0 3 40 109 0 0 0 0 0 0 0 0 2 0 0 0 0 0 3 2 2 0 0 0 0 0 3 0 0 0 0 0 0 0 3 0 0 3 3 0 0 0 0 0 102 44 40 13 0 40 0 0 24 21 17 51 0 44 19 1 9 77 10 14 0 0 0 0 0 0 0 0 0 0 0 0 9 4 0 0 0 0 8 0 2 0 0 0 0 17 0 0 0 0 0 0 0 0 0 0 0 0 0 5 0 0 0 0 0 0 0 0 0 0 0 0 0 0 0 0 0 0 3 0 0 0 24 22 32 24 0 10 54 9 27 25 15 0 18 0 23 21 0 0 0 0 0 0 0 0 0 0 0 0 0 0 15 10 0 0 0 0 1 0 0 0 0 0 0 0 0 0 0 0 0 0 0 0 0 0 0 0 0 0 0 0 0 0 0 0 0 0 0 0 0 0 0 0 0 0 0 0 0 0 0 0 0 0 0 4 2 2 0 2 18 2 12 0 2 0 0 0 0 0 0 0 0 0 0 0 0 0 0 0 0 0 0 0 0 11 0 17 0 0 0 0 0 0 0 0 0 0 0 0 
 212 79 231 228 269 117 49 89 136 209 212 338 221 51 131 0 181 139 44 274 0 0 0 0 3 3 0 3 0 0 4 1 74 0 23 0 0 3 123 93 0 0 0 0 0 0 0 0 2 0 0 0 0 0 3 2 2 0 0 2 0 0 3 0 0 0 0 0 0 0 3 0 0 3 2 0 1 0 0 0 22 3 45 23 37 12 12 12 0 24 2 2 21 13 0 12 34 46 0 1 0 0 0 0 0 0 0 32 0 0 0 0 11 31 0 0 0 0 6 32 1 0 0 0 0 0 0 0 0 0 0 0 2 0 0 0 0 0 0 0 0 0 0 0 0 0 0 0 0 1 0 0 2 0 0 0 0 0 12 0 0 26 0 0 12 26 0 0 40 30 25 22 0 0 0 11 27 8 21 14 0 0 0 0 0 0 12 0 0 0 0 0 33 9 0 0 0 1 14 25 0 0 0 0 2 0 1 0 0 0 0 0 0 2 0 0 0 0 0 0 0 0 0 0 0 0 2 0 0 0 0 0 0 0 0 0 0 0 0 0 0 1 0 0 0 1 103 2 6 2 1 6 0 0 0 0 0 0 0 0 1 0 0 0 0 0 0 0 0 0 0 0 0 0 0 34 0 26 0 0 0 0 0 0 0 1 0 0 0 0 
 28 216 249 135 276 173 111 38 75 172 332 175 125 406 52 181 0 310 93 51 1 0 0 0 37 3 0 3 0 0 2 0 0 0 2 0 0 3 0 2 0 0 0 0 0 0 1 0 10 0 0 67 2 0 3 3 2 1 0 2 0 0 3 0 0 0 0 4 0 0 3 0 0 3 3 0 2 3 0 0 0 10 22 27 1 0 56 9 22 10 29 9 0 1 20 33 18 18 0 36 0 0 0 0 0 0 0 0 22 2 0 0 0 9 0 0 0 9 0 2 14 0 0 0 0 0 0 0 0 0 0 0 1 0 0 0 0 0 0 9 0 0 0 0 2 0 0 0 0 0 0 0 1 0 0 0 0 0 0 1 19 16 35 30 21 27 38 0 0 0 1 16 9 26 2 39 18 47 4 14 0 0 0 4 0 0 0 0 0 11 0 0 0 13 0 0 0 2 9 46 0 0 0 0 1 0 0 0 0 0 0 0 0 0 0 0 0 0 0 0 0 0 0 0 0 0 0 6 0 0 0 0 0 0 0 0 0 0 0 0 0 0 0 0 0 0 2 0 87 85 0 0 4 0 0 0 0 0 0 0 0 0 3 0 0 0 10 0 0 0 0 0 0 0 0 0 0 0 0 0 0 0 0 0 0 0 0 0 0 0 
 451 741 346 36 335 70 44 139 57 288 501 192 50 114 248 139 310 0 109 54 0 0 0 0 0 3 0 3 0 0 2 0 2 0 2 0 0 3 75 76 0 0 0 0 1 0 0 0 0 0 0 0 0 0 3 2 2 0 0 0 2 0 3 0 0 0 0 0 0 0 3 0 0 3 10 0 0 0 7 6 0 19 0 0 11 18 0 14 0 0 20 24 0 2 9 12 27 18 0 20 1 13 0 0 0 0 0 0 0 0 0 2 3 13 0 0 0 10 22 0 15 0 0 10 0 0 0 0 22 0 0 0 0 0 0 0 0 0 0 0 0 0 2 0 0 0 0 0 0 0 0 0 0 2 0 14 0 0 0 0 0 19 14 39 0 1 0 0 17 9 22 12 0 0 20 2 5 0 3 0 0 0 0 0 0 2 0 1 0 2 0 0 24 17 0 0 0 0 23 21 0 0 0 0 0 0 24 0 0 1 1 0 1 0 0 0 0 0 2 0 0 0 0 0 0 0 0 0 0 0 0 0 0 0 0 0 0 0 0 0 0 0 0 0 0 4 1 1 3 179 19 4 0 0 0 0 0 0 0 0 0 0 0 0 0 0 0 0 0 0 0 0 0 16 0 9 0 16 0 0 0 0 0 0 0 0 0 0 0 0 
 35 173 68 70 67 67 394 155 92 125 129 21 265 199 116 44 93 109 0 299 0 0 0 2 0 4 0 3 0 0 2 0 0 0 2 0 0 3 1 2 0 0 0 0 0 0 0 0 2 0 0 0 0 0 3 3 2 0 1 0 0 0 3 0 0 0 0 0 5 0 3 0 0 3 1 26 0 0 0 0 0 23 21 28 0 0 33 0 11 26 27 16 16 15 99 12 0 0 1 27 0 0 0 0 0 0 0 0 0 0 0 0 0 0 0 0 0 1 0 0 0 0 0 0 0 0 0 0 0 0 0 0 0 0 0 0 0 0 0 0 0 0 0 0 0 0 0 0 0 0 0 0 0 0 0 0 1 0 0 0 13 0 26 16 1 0 13 0 16 0 12 0 11 3 0 13 18 7 13 24 0 0 0 0 1 0 0 0 0 0 0 0 0 2 0 0 2 0 0 0 0 0 0 0 10 0 0 0 0 0 0 0 0 0 0 0 0 0 0 0 0 0 0 0 0 0 13 0 0 0 0 0 0 0 0 0 0 0 0 0 0 0 0 0 0 3 0 0 1 2 27 6 0 0 0 0 0 1 0 0 62 0 0 0 0 0 0 0 0 0 0 0 0 0 0 0 2 13 0 0 0 0 0 0 0 0 0 0 0 0 
 129 135 58 52 55 45 37 73 75 194 126 240 285 314 193 274 51 54 299 0 0 0 0 0 0 3 0 3 0 2 2 0 0 0 3 0 0 3 0 2 0 0 0 0 0 1 0 0 1 0 0 0 0 0 3 2 2 0 0 0 0 2 2 0 0 0 0 0 0 0 3 0 0 3 3 0 0 0 0 3 0 19 17 0 0 0 58 2 0 1 59 0 29 15 24 5 15 16 25 65 0 0 0 0 0 0 0 15 0 0 0 0 0 0 0 0 0 0 0 0 28 0 15 0 0 0 0 0 0 0 0 0 0 0 6 0 0 0 0 0 0 0 0 0 0 0 0 0 0 0 0 0 0 0 0 0 0 0 0 6 33 0 22 18 0 1 19 14 0 2 11 0 19 18 19 2 10 0 16 16 0 0 0 0 0 0 0 0 0 0 0 0 0 0 0 0 0 0 0 0 0 0 0 0 0 0 0 0 0 0 0 0 0 0 0 13 0 0 0 0 0 0 0 0 0 0 0 0 0 0 0 0 0 0 0 0 0 0 0 0 0 0 24 0 0 2 2 0 3 2 20 5 0 0 0 0 0 0 0 0 0 0 0 0 0 0 0 0 0 0 0 0 0 0 0 0 0 0 0 0 0 0 0 0 0 0 0 0 0 0 
 0 0 0 5 74 75 0 75 0 73 0 1 0 4 0 0 1 0 0 0 0 255 236 81 34 464 274 233 39 146 227 48 282 47 195 199 215 176 129 194 3 0 0 2 4 3 0 3 4 0 2 3 15 0 0 0 0 0 1 0 0 1 0 0 0 0 0 52 0 0 3 1 0 5 2 0 0 4 0 0 0 0 0 0 0 0 0 0 0 0 0 0 0 0 0 0 7 0 0 0 24 21 0 30 11 30 35 10 6 11 14 23 11 3 1 20 8 0 22 12 0 0 0 0 10 0 2 0 0 6 0 0 0 0 0 0 1 0 24 0 0 0 0 0 5 0 0 0 0 0 0 0 0 0 0 0 1 0 0 0 0 0 0 0 0 1 0 0 0 0 0 1 0 0 0 0 0 0 13 0 9 55 20 0 0 0 12 22 0 8 1 24 6 43 17 21 45 26 4 24 0 0 0 0 0 0 0 0 0 0 0 2 0 0 0 0 0 0 17 0 0 0 0 0 0 0 0 0 0 0 0 0 0 0 0 0 0 0 0 0 0 0 0 0 0 0 0 0 0 76 0 0 0 0 2 0 1 49 0 1 0 2 0 0 0 0 0 0 0 0 0 0 0 0 0 0 2 0 0 6 0 0 0 0 0 11 8 0 0 1 
 0 0 0 1 0 2 89 2 0 0 1 0 0 52 2 0 0 0 0 0 255 0 196 286 214 36 279 349 140 285 104 377 155 145 59 132 106 175 48 86 3 0 0 3 3 3 0 3 4 0 0 3 28 0 0 2 0 0 129 64 0 2 0 0 0 0 0 0 0 0 0 0 0 10 0 0 0 4 0 0 0 0 0 0 0 0 0 0 0 0 0 0 0 1 0 0 0 2 0 0 9 16 10 73 31 35 14 14 13 12 0 31 0 0 17 14 0 0 11 10 2 0 0 0 0 0 18 0 0 0 0 0 8 0 0 0 0 0 1 48 0 0 0 0 0 0 0 15 0 0 0 23 0 0 0 0 0 0 0 0 0 0 0 0 0 0 0 0 0 0 0 0 0 0 0 0 2 2 0 8 26 29 12 66 0 10 0 36 23 7 12 17 0 9 0 11 0 5 9 0 8 0 0 0 0 0 0 0 0 0 0 0 11 14 0 11 0 0 25 0 0 2 2 0 0 0 0 0 1 0 0 0 0 0 0 0 0 0 0 0 0 0 1 0 0 0 0 0 0 0 0 0 0 0 12 0 0 154 74 0 6 11 0 0 0 0 0 0 0 0 0 0 0 0 0 0 0 0 0 0 0 0 0 0 0 0 12 0 0 0 
 1 0 0 0 0 118 0 0 0 0 1 0 1 0 0 0 0 0 0 0 236 196 0 194 55 19 147 244 252 152 175 148 221 68 96 75 295 112 243 95 3 0 0 2 3 6 0 4 10 0 0 3 31 2 7 4 0 2 129 63 5 4 2 0 0 0 4 0 1 0 0 0 0 2 0 0 1 3 2 1 0 0 0 0 0 0 0 0 0 0 0 0 0 0 0 0 0 0 0 2 38 81 12 30 20 11 0 25 16 22 17 33 11 0 35 41 25 18 15 11 0 0 0 0 0 0 19 0 0 0 0 0 0 0 52 2 0 0 0 9 0 0 0 0 0 0 0 1 0 0 0 5 0 0 0 0 0 1 0 0 0 1 0 0 0 41 2 0 0 0 0 0 0 0 0 0 16 2 0 0 37 7 36 12 0 12 0 0 7 41 39 18 0 13 24 26 29 75 0 1 0 0 0 0 0 0 0 2 0 0 1 0 13 0 0 12 0 0 18 0 0 0 0 0 0 0 0 0 0 0 0 0 0 1 0 0 0 0 0 0 0 0 0 0 0 0 0 0 0 0 0 0 0 29 3 1 0 78 76 0 9 0 0 0 0 0 0 0 0 0 0 0 0 0 0 0 0 0 0 12 0 17 0 0 0 12 16 0 0 0 
 0 0 0 0 0 0 0 0 0 0 0 0 0 0 0 0 0 0 2 0 81 286 194 0 219 141 78 259 541 125 65 49 73 168 252 132 635 168 65 203 4 1 2 2 3 3 0 2 3 0 0 3 144 0 0 2 23 0 1 67 0 1 0 0 0 0 0 0 0 27 0 3 1 53 3 3 0 3 0 0 0 0 11 8 0 0 0 0 0 0 0 0 0 0 0 0 0 0 0 0 16 7 50 20 21 0 0 0 18 52 33 37 0 0 18 10 0 18 0 0 3 0 0 0 0 0 1 0 1 0 0 0 6 21 0 1 0 0 59 0 0 0 0 0 0 0 0 1 0 0 0 0 0 0 0 0 0 0 0 0 0 0 0 17 0 0 0 0 0 0 0 0 13 0 0 0 0 0 0 0 1 21 1 8 18 28 0 10 34 14 1 14 0 0 9 27 1 0 10 9 6 0 0 0 0 0 12 0 0 0 0 0 21 0 26 0 0 0 54 9 0 0 0 0 0 0 0 0 0 0 0 0 0 0 0 0 0 0 0 0 0 0 17 0 0 0 0 0 0 0 0 0 0 0 3 2 0 42 2 1 2 2 0 0 0 0 6 0 0 0 0 0 0 0 0 0 0 0 0 0 0 22 0 0 0 1 0 0 0 0 
 0 206 0 0 0 2 3 1 0 0 2 0 2 3 1 3 37 0 0 0 34 214 55 219 0 268 62 346 85 167 76 128 70 68 79 44 61 126 57 88 55 55 63 63 3 3 1 72 58 0 3 3 0 6 1 1 1 1 62 5 1 2 5 1 0 0 0 0 0 0 0 1 3 2 5 0 0 3 0 0 0 0 0 0 0 0 0 0 0 0 0 0 0 2 0 0 0 23 0 0 0 6 0 0 0 11 0 0 10 0 8 31 0 0 0 2 0 2 0 2 23 0 10 0 0 0 8 19 23 9 2 0 0 31 27 21 25 9 3 11 5 0 0 0 0 0 0 0 0 0 0 0 0 0 0 0 0 0 0 0 1 0 0 0 0 0 3 0 0 8 0 0 0 0 0 0 0 0 0 0 0 0 0 5 7 6 2 0 0 4 0 29 0 0 0 0 0 0 7 0 12 24 27 0 0 0 32 0 22 18 4 0 1 7 0 33 27 48 13 18 0 0 1 0 0 0 0 0 1 0 1 0 0 0 0 0 0 0 0 0 0 0 1 0 0 0 0 0 0 0 0 22 0 0 6 2 3 0 1 2 0 0 0 0 0 0 0 0 0 0 0 0 0 0 0 0 0 0 0 0 0 0 0 0 1 0 0 0 0 0 
 3 3 5 4 3 5 0 3 3 3 3 3 3 3 3 3 3 3 4 3 464 36 19 141 268 0 241 273 50 271 229 135 256 474 381 255 86 131 67 264 69 124 62 2 5 3 1 6 64 68 0 3 0 2 64 0 20 0 63 60 5 0 0 28 0 0 0 0 0 0 0 0 0 2 0 0 0 30 14 0 0 0 0 0 0 0 0 0 0 0 0 0 0 0 0 0 0 0 0 2 0 0 0 1 27 7 0 0 0 1 0 15 1 0 0 0 1 14 0 0 20 19 14 0 0 0 0 9 11 39 17 0 26 23 66 19 41 16 19 0 3 0 0 0 0 0 0 0 0 0 0 0 0 0 0 4 0 0 1 0 12 0 0 0 5 0 0 0 0 2 0 0 0 0 0 37 0 0 0 0 0 2 0 0 20 0 0 0 0 0 2 0 0 0 0 0 0 0 0 0 23 34 32 0 13 0 31 11 14 0 2 0 0 7 21 21 20 8 15 36 0 0 0 0 0 0 0 0 0 0 0 0 19 0 0 1 0 0 0 0 0 0 0 0 0 0 0 0 0 0 0 1 0 0 12 1 5 74 4 47 2 1 0 0 0 12 0 61 0 0 0 0 0 0 0 0 0 0 0 0 0 0 11 0 0 0 0 0 0 0 
 0 0 0 0 37 98 2 0 73 0 0 1 2 0 0 0 0 0 0 0 274 279 147 78 62 241 0 173 251 41 37 241 107 162 37 36 55 44 124 47 3 0 0 2 3 3 0 3 205 0 0 3 0 0 0 2 0 0 0 0 0 2 0 0 0 0 0 0 0 0 0 54 0 2 0 0 49 5 49 0 0 0 0 0 38 14 0 0 0 0 0 0 0 0 0 25 0 0 0 0 0 21 27 0 1 0 71 14 0 0 5 0 68 29 29 9 15 14 14 11 0 2 0 0 0 0 0 0 0 0 0 0 0 0 0 0 0 0 0 0 0 0 0 0 0 0 0 7 0 0 0 0 0 0 0 0 0 0 0 0 0 0 0 21 0 0 0 0 0 0 0 0 0 0 0 0 0 0 0 0 15 9 0 10 0 0 14 28 0 28 13 0 3 0 35 3 0 11 16 28 22 0 0 0 0 0 0 0 0 0 0 0 0 0 8 0 0 0 0 0 0 0 0 0 0 0 0 0 0 0 0 0 0 0 0 0 0 0 0 0 0 0 0 0 0 0 115 0 0 74 0 0 0 2 2 0 0 0 0 0 1 0 0 0 0 0 0 0 0 0 0 0 0 0 0 0 0 0 0 0 0 0 0 0 0 0 0 0 0 0 
 4 3 5 2 3 117 0 3 4 3 4 5 3 3 3 3 3 3 3 3 233 349 244 259 346 273 173 0 126 288 160 108 120 86 261 174 192 14 184 415 3 0 0 4 3 2 0 2 3 0 0 3 0 0 0 0 0 0 2 0 0 0 0 0 0 0 0 0 0 0 0 0 0 7 0 0 0 3 0 0 0 0 0 1 0 0 0 0 0 1 0 0 0 0 0 2 0 0 0 0 11 17 1 87 24 20 33 36 39 0 0 6 45 0 6 44 105 18 10 16 0 0 0 0 0 0 1 0 0 0 0 0 0 0 0 0 0 0 0 0 0 0 0 0 1 0 0 0 0 0 0 7 0 0 0 0 0 0 0 0 0 0 0 0 0 0 0 0 0 0 0 0 0 0 0 0 1 0 0 0 48 25 0 13 0 0 12 24 17 70 11 7 0 32 15 10 18 45 13 13 0 0 0 0 0 9 0 0 0 2 7 0 0 0 0 0 0 0 12 0 0 0 0 0 0 0 0 0 0 0 0 0 0 0 0 0 0 0 0 0 0 0 0 0 0 0 0 0 0 0 0 0 0 0 4 0 0 44 0 2 1 0 0 0 0 0 0 0 0 0 0 0 0 8 0 0 0 0 0 0 0 19 0 0 0 0 14 0 0 0 
 0 0 0 75 6 2 0 203 1 0 0 4 0 0 0 0 0 0 0 0 39 140 252 541 85 50 251 126 0 143 63 81 286 367 265 104 569 206 60 68 3 0 0 2 3 3 0 2 3 0 0 3 102 0 0 2 5 0 65 76 29 0 0 0 0 0 0 0 3 0 1 1 26 7 0 3 0 3 0 0 0 0 0 0 0 0 0 5 0 0 0 0 0 0 0 0 0 0 0 0 30 21 10 31 12 17 0 0 16 60 0 11 0 0 18 29 23 17 9 0 0 13 0 0 0 0 1 0 0 0 0 0 3 30 0 0 0 0 15 13 0 0 0 0 0 0 0 0 0 0 0 12 0 0 0 0 0 0 0 0 0 0 0 0 0 0 0 0 0 0 0 0 0 0 0 0 3 4 0 0 5 32 24 40 0 41 0 12 15 52 2 15 0 0 28 23 25 7 0 0 0 0 0 0 0 0 0 0 0 0 0 0 74 0 23 18 0 0 25 1 0 0 0 0 0 0 0 0 0 0 0 0 0 0 0 0 0 0 0 0 0 0 14 0 0 0 0 0 0 0 0 0 0 0 18 0 0 2 81 2 16 0 0 0 0 0 9 0 0 0 0 0 0 0 0 0 0 0 0 11 0 29 0 0 0 11 0 0 0 0 
 0 76 0 0 2 2 1 0 0 0 1 0 5 0 0 0 0 0 0 2 146 285 152 125 167 271 41 288 143 0 116 43 94 286 417 227 106 57 282 377 3 0 0 2 3 3 0 64 4 0 64 3 4 55 0 2 0 1 63 62 0 0 0 0 0 0 6 0 0 7 0 0 0 2 0 0 0 3 0 0 0 0 0 0 0 0 0 0 0 0 0 0 0 0 0 0 0 0 0 0 10 0 0 49 5 22 0 17 12 0 0 12 0 0 0 0 15 34 0 0 0 0 0 0 0 0 0 0 1 0 0 0 1 1 0 0 0 0 13 0 2 0 0 0 0 0 0 0 0 0 0 5 2 5 0 0 1 0 0 0 0 0 0 0 0 0 8 2 0 0 0 0 0 0 1 0 15 10 0 0 12 10 0 31 9 15 0 25 13 13 1 10 0 20 14 7 15 31 6 0 0 0 0 2 0 0 4 0 0 0 0 0 13 1 19 19 0 2 9 10 0 0 0 0 0 0 0 0 0 0 0 0 0 0 0 0 0 0 0 0 0 0 0 0 0 0 0 0 0 0 0 0 23 0 15 0 0 0 0 4 2 0 0 0 0 0 0 0 0 0 0 0 0 0 0 0 0 0 0 0 0 19 0 0 0 0 0 0 0 0 
 1 2 3 7 1 93 2 2 1 1 1 1 0 2 2 4 2 2 2 2 227 104 175 65 76 229 37 160 63 116 0 334 116 46 155 76 173 326 148 150 3 1 0 2 3 3 0 2 3 0 1 5 14 0 3 1 15 2 46 2 0 0 2 0 0 2 0 0 0 2 0 3 0 8 0 2 0 5 0 0 0 0 0 0 14 0 2 0 0 0 32 0 0 0 0 0 0 0 0 0 0 0 0 59 12 0 0 27 14 22 0 34 0 0 12 28 23 14 10 0 0 0 21 0 0 0 0 0 0 0 0 0 8 22 0 3 2 0 18 9 0 0 0 0 0 0 0 0 0 15 0 6 0 0 0 0 0 0 0 0 0 0 0 0 0 0 0 0 2 0 0 0 1 0 0 0 0 0 0 0 10 0 3 8 0 20 2 13 0 31 0 0 0 0 14 0 22 8 0 0 0 0 0 0 0 2 0 0 0 0 0 0 0 0 0 0 0 0 1 2 0 0 0 0 0 0 0 0 0 0 0 0 0 0 0 0 0 0 1 0 0 0 16 0 0 0 0 0 0 1 0 0 1 0 17 19 0 3 0 0 2 0 0 0 0 0 0 0 0 0 0 0 0 0 0 0 0 0 0 0 0 32 0 0 0 0 20 0 0 0 
 0 0 0 5 0 1 0 2 0 0 1 0 6 0 2 1 0 0 0 0 48 377 148 49 128 135 241 108 81 43 334 0 235 48 58 119 59 547 34 40 3 0 0 2 38 65 93 69 67 0 0 3 46 61 64 2 0 0 156 93 29 0 0 0 0 0 0 0 0 2 0 0 3 2 0 1 26 3 0 0 2 0 0 0 0 0 0 0 1 0 2 0 0 0 0 0 0 0 0 0 33 0 0 10 31 17 0 0 11 18 1 12 0 0 0 25 11 0 0 0 13 0 24 0 0 0 1 0 8 2 0 0 19 7 22 11 0 0 9 23 0 0 0 0 0 0 0 0 0 0 0 0 0 0 0 1 0 0 0 0 0 0 0 0 0 0 1 0 0 0 0 0 0 0 0 0 5 5 0 0 0 0 0 15 10 30 0 0 0 0 0 7 0 20 1 18 0 0 0 0 14 0 1 0 0 0 18 0 11 22 0 0 28 7 0 26 21 0 49 36 0 0 2 0 0 0 0 0 2 0 0 0 0 0 0 0 0 0 0 0 0 0 2 0 0 2 0 0 0 0 0 0 0 0 6 2 1 7 74 1 22 2 0 0 0 0 0 0 0 0 0 0 0 0 0 0 0 0 0 0 0 0 0 0 0 8 0 0 0 0 
 0 77 0 2 17 155 0 80 75 19 72 18 2 1 72 74 0 2 0 0 282 155 221 73 70 256 107 120 286 94 116 235 0 101 75 111 119 36 261 227 3 0 0 2 3 3 0 3 4 0 0 3 0 0 0 4 202 1 0 0 0 33 0 0 0 0 0 0 26 0 0 1 0 2 0 0 0 3 0 0 1 0 0 0 1 18 0 0 0 0 0 21 0 0 0 13 0 0 0 0 19 14 30 11 1 11 23 21 17 0 13 0 25 25 34 15 37 1 37 2 0 2 0 0 0 0 0 8 0 0 0 0 0 0 0 0 0 0 0 0 0 0 0 0 0 0 0 0 0 0 23 0 0 0 0 0 0 0 4 0 0 0 0 0 11 28 0 0 0 7 10 5 7 0 0 0 0 0 0 0 26 1 4 17 0 0 0 10 34 22 11 16 0 26 43 8 7 45 9 0 0 0 0 0 0 0 0 0 0 0 0 0 0 0 0 0 0 0 0 0 0 0 0 0 0 0 0 0 0 0 0 0 0 5 0 0 0 0 0 0 0 0 0 0 0 0 0 0 0 1 0 0 0 0 7 2 2 1 0 2 3 0 0 0 0 0 0 0 0 0 0 0 0 0 22 10 0 0 0 0 0 0 0 0 0 0 1 0 0 0 
 0 0 0 0 74 2 2 0 0 0 0 0 1 0 0 0 0 0 0 0 47 145 68 168 68 474 162 86 367 286 46 48 101 0 499 394 147 105 77 424 3 0 0 2 3 3 0 2 4 0 0 3 64 0 63 2 0 0 1 0 0 0 0 0 0 0 0 0 0 0 2 0 0 5 0 1 0 3 0 0 1 0 0 0 25 20 0 0 0 0 6 0 0 0 0 8 0 0 0 0 31 0 51 1 11 0 17 9 11 28 11 0 6 16 25 0 0 0 22 23 0 0 0 0 0 0 0 0 0 0 0 0 3 0 0 0 0 0 0 0 0 0 0 0 1 0 0 6 0 0 0 0 0 0 1 0 0 0 0 8 0 0 0 0 0 0 0 0 14 0 0 14 2 0 0 0 0 0 0 1 5 12 8 10 0 7 0 9 35 6 0 18 26 0 15 20 12 0 2 11 0 0 19 0 0 0 0 0 0 0 0 0 0 0 19 0 0 0 24 0 0 0 0 0 0 0 0 0 0 2 0 0 0 0 0 0 0 0 0 0 0 11 0 0 0 0 151 0 0 0 0 0 0 0 5 1 2 1 75 3 5 0 0 0 0 0 7 0 0 0 0 0 0 0 0 0 1 0 0 0 0 0 0 0 0 0 1 0 0 0 
 77 32 3 42 2 8 23 2 75 2 77 2 5 4 3 23 2 2 2 3 195 59 96 252 79 381 37 261 265 417 155 58 75 499 0 220 140 88 76 255 3 0 2 7 3 6 0 2 3 2 0 3 28 0 2 0 5 0 1 3 0 0 0 0 0 0 0 0 0 0 2 20 0 2 7 10 2 3 0 0 25 2 15 0 3 0 0 0 0 1 0 0 4 0 0 0 38 9 0 0 28 68 6 30 1 0 2 9 28 74 13 28 0 0 17 20 11 9 0 0 0 0 0 0 0 0 0 0 0 0 0 0 31 0 0 0 0 0 11 0 0 0 0 1 0 0 0 4 0 0 0 0 0 0 0 0 0 0 0 0 0 0 0 0 0 0 0 0 10 3 0 0 0 0 13 0 0 0 0 0 0 44 17 0 1 9 0 18 26 0 10 22 0 14 19 71 26 14 13 10 2 0 1 0 0 0 24 9 0 0 0 0 12 0 8 0 0 0 27 10 3 0 0 0 0 0 0 0 0 2 0 1 0 1 0 21 0 0 0 0 0 0 0 0 0 0 0 0 0 0 0 0 0 0 7 0 3 1 1 0 4 0 0 0 0 0 10 0 0 0 0 0 0 0 0 0 0 0 0 15 0 0 0 0 2 7 0 0 0 0 
 2 0 0 0 0 2 0 0 0 0 0 1 0 0 2 0 0 0 0 0 199 132 75 132 44 255 36 174 104 227 76 119 111 394 220 0 223 116 26 237 3 0 0 2 3 3 0 3 2 0 0 4 92 0 0 2 0 0 67 97 2 1 0 0 0 0 0 0 0 0 8 7 1 2 8 8 0 3 0 0 2 0 0 0 0 0 0 0 2 0 2 0 0 0 0 0 0 0 0 12 21 7 17 29 24 38 16 0 34 49 11 14 0 0 11 18 0 0 0 0 0 0 0 0 0 0 1 0 0 0 0 0 15 0 0 0 0 0 0 7 0 0 0 0 2 0 0 0 0 0 0 0 0 0 2 0 0 0 0 0 0 0 0 0 0 0 1 1 0 0 0 0 13 0 0 0 6 7 0 2 9 24 0 27 0 30 0 19 31 0 0 18 0 17 0 54 5 0 16 10 2 0 0 0 0 0 17 0 0 0 0 0 43 0 33 29 0 0 47 15 0 0 0 0 0 0 0 0 1 2 0 0 0 0 0 0 0 0 0 0 0 0 0 0 0 0 0 0 0 0 0 0 0 0 11 0 0 0 75 2 18 0 0 0 0 0 8 0 0 0 0 0 0 0 0 0 0 0 0 0 0 0 0 0 0 0 0 0 0 0 
 0 0 0 0 0 74 0 0 0 3 0 0 0 0 0 0 0 0 0 0 215 106 295 635 61 86 55 192 569 106 173 59 119 147 140 223 0 152 83 216 3 0 0 3 3 3 0 2 4 0 0 3 33 0 0 64 0 0 3 0 1 55 0 0 0 0 0 0 0 0 0 0 0 2 0 0 0 3 0 0 0 0 0 0 0 0 0 0 0 0 0 0 0 0 0 0 0 0 0 0 67 20 8 16 24 20 1 19 15 23 16 13 0 1 1 11 16 1 0 12 0 0 0 0 0 0 0 0 0 0 0 0 1 0 2 0 0 0 23 0 0 0 0 0 0 0 0 0 0 0 0 0 0 0 0 0 0 0 0 0 0 0 0 0 0 43 0 0 0 1 0 0 3 0 0 2 0 0 0 13 7 68 43 1 0 0 0 18 35 7 24 34 0 39 29 52 18 27 11 8 1 0 11 0 8 0 0 0 0 0 0 0 0 0 6 0 0 0 42 17 0 0 0 0 0 0 0 0 0 0 0 0 0 0 0 0 1 0 0 13 0 0 0 0 0 1 0 0 0 0 0 0 0 0 26 1 1 79 80 0 2 0 0 0 0 0 0 0 0 0 0 0 0 0 0 0 0 0 0 15 0 0 0 0 0 2 13 0 0 0 
 3 4 3 2 3 6 5 3 5 3 3 5 5 7 3 3 3 3 3 3 176 175 112 168 126 131 44 14 206 57 326 547 36 105 88 116 152 0 241 28 67 0 0 10 3 3 64 3 3 16 0 3 196 2 0 1 4 0 31 154 1 1 0 0 0 0 0 0 2 8 0 0 5 2 3 64 0 3 0 0 0 0 0 0 0 0 0 0 0 0 0 0 0 0 0 0 0 0 8 0 46 1 0 13 50 32 0 1 2 21 14 1 0 0 0 8 2 20 0 0 21 0 3 0 8 0 48 0 24 0 0 0 17 31 8 12 0 0 29 45 1 0 0 0 0 0 0 10 0 0 0 0 0 0 0 0 2 0 0 0 0 0 0 0 0 0 0 12 0 0 0 0 0 0 2 0 0 2 0 0 0 0 30 27 30 12 0 0 1 13 6 15 0 1 4 28 7 0 0 0 42 0 0 0 0 0 0 0 0 0 0 0 17 18 10 1 3 1 23 11 0 0 0 0 0 0 0 0 0 0 0 0 0 0 0 0 0 0 0 0 0 0 8 0 0 0 0 0 0 0 0 0 0 2 9 0 0 3 7 2 16 14 0 0 0 0 0 0 0 0 0 0 0 0 0 0 0 0 0 1 0 6 0 0 0 11 0 0 0 0 
 74 23 159 48 177 46 0 38 88 75 73 111 3 74 40 123 0 75 1 0 129 48 243 65 57 67 124 184 60 282 148 34 261 77 76 26 83 241 0 131 4 3 0 2 3 3 0 65 2 0 2 3 0 3 0 0 0 0 1 2 5 1 3 0 0 0 0 0 0 4 0 86 0 2 0 3 0 3 0 0 0 0 0 0 1 9 0 10 0 11 0 11 0 9 0 0 0 9 0 0 19 15 0 0 9 0 19 29 0 0 0 0 21 1 0 22 22 0 3 46 0 0 0 0 0 0 0 0 0 0 0 0 0 0 0 0 0 0 0 0 0 0 0 0 0 0 0 0 0 0 0 0 0 0 0 0 0 0 7 0 0 13 0 0 17 43 0 0 21 14 1 39 0 0 0 10 20 0 0 0 25 15 10 0 0 0 34 1 0 33 17 0 18 10 0 0 33 38 12 18 0 0 0 0 0 0 0 0 0 0 0 0 0 16 0 0 0 0 0 0 0 0 0 0 0 0 0 0 0 0 0 0 0 0 0 0 0 0 0 0 0 0 0 0 0 0 1 0 0 0 0 1 0 0 3 2 0 75 0 0 4 0 4 0 0 0 0 0 0 0 0 0 0 0 0 1 14 23 0 0 0 0 0 0 0 0 23 0 0 0 
 2 2 62 2 2 150 2 2 2 3 2 62 2 2 109 93 2 76 2 2 194 86 95 203 88 264 47 415 68 377 150 40 227 424 255 237 216 28 131 0 3 0 0 2 3 3 0 3 2 0 0 3 62 0 0 2 0 0 1 0 0 0 27 0 0 50 0 0 0 0 6 0 0 2 0 0 0 3 0 0 0 1 0 0 0 20 0 0 0 2 20 13 1 0 0 0 0 0 0 0 30 0 18 57 10 11 19 17 1 10 36 0 0 23 9 12 9 0 0 19 0 0 2 2 5 15 0 0 0 0 0 0 2 0 0 0 0 0 0 0 0 0 0 0 14 0 0 0 0 0 2 0 0 0 0 0 0 0 0 0 0 0 0 0 0 14 0 0 10 12 0 0 8 0 0 0 18 0 0 0 17 25 8 7 0 0 14 0 59 9 16 0 13 0 0 12 10 18 20 12 0 0 0 0 0 0 0 0 0 0 0 0 0 0 18 0 0 0 0 0 0 0 0 0 0 0 0 1 0 0 0 1 0 0 0 0 12 0 0 0 0 28 0 0 0 0 36 0 0 0 0 0 0 0 9 0 1 75 0 2 1 0 0 0 0 0 0 0 0 0 0 0 0 0 0 0 0 0 0 0 0 0 0 0 1 0 14 2 0 2 
 0 0 2 0 0 0 0 0 0 0 39 0 1 0 0 0 0 0 0 0 3 3 3 4 55 69 3 3 3 3 3 3 3 3 3 3 3 67 4 3 0 99 194 56 42 34 224 246 253 33 32 269 55 96 128 33 286 96 66 37 3 0 0 1 0 0 0 0 0 74 2 0 0 0 0 0 0 0 0 0 0 0 7 0 0 0 0 0 0 0 0 0 0 0 0 0 0 0 0 0 0 0 0 0 2 0 0 0 0 0 0 10 0 0 7 0 0 0 0 0 0 5 3 5 3 20 17 0 8 20 0 2 8 24 18 10 6 8 26 21 0 0 0 0 0 24 0 0 0 0 0 0 0 0 0 0 0 0 4 0 0 0 0 0 0 0 1 0 0 0 0 0 0 0 0 0 0 0 0 0 0 0 9 18 1 17 0 0 0 0 18 0 0 21 0 0 0 0 0 0 1 32 14 35 29 0 0 37 52 10 10 11 12 29 2 7 77 14 3 0 0 0 0 0 0 0 0 6 0 0 0 0 2 0 0 0 0 0 0 5 0 0 0 0 0 0 0 0 0 19 0 9 0 2 0 0 0 63 0 0 0 2 0 0 11 2 0 35 0 0 0 0 0 0 0 0 0 0 0 0 0 0 0 0 14 0 0 0 0 0 
 0 0 0 0 0 0 0 0 0 0 0 0 0 0 0 0 0 0 0 0 0 0 0 1 55 124 0 0 0 0 1 0 0 0 0 0 0 0 3 0 99 0 387 53 32 32 515 86 72 263 97 44 331 110 55 49 35 113 102 292 22 0 0 0 0 0 0 0 0 5 0 0 0 0 2 0 2 0 16 0 0 0 0 0 0 0 0 0 0 0 0 0 0 0 0 0 0 0 0 0 0 0 0 0 0 8 0 0 0 0 0 1 0 0 0 0 0 1 0 0 8 15 2 4 0 10 0 6 12 27 11 6 1 18 6 2 15 0 0 7 3 0 0 0 0 2 11 0 0 0 0 20 2 0 13 3 0 0 0 1 0 0 0 0 0 0 0 0 0 0 0 0 0 0 0 0 0 0 0 0 0 0 0 0 0 9 0 0 0 0 0 0 0 0 0 0 0 0 0 0 1 22 13 1 19 1 0 10 21 14 7 0 0 38 0 18 0 16 1 1 0 0 0 0 0 6 0 0 0 0 0 0 11 0 0 0 0 0 8 0 0 0 0 0 0 0 0 0 0 0 0 17 0 0 0 0 0 0 0 0 0 0 0 0 1 2 0 1 0 0 7 0 0 0 0 0 0 0 0 0 0 0 0 0 1 9 0 0 1 0 
 0 36 0 0 0 0 0 0 0 0 0 3 0 0 0 0 0 0 0 0 0 0 0 2 63 62 0 0 0 0 0 0 0 0 2 0 0 0 0 0 194 387 0 174 60 248 45 119 185 496 99 309 280 335 124 71 183 197 48 33 6 0 0 0 0 0 0 0 0 0 0 0 0 0 9 0 55 0 60 5 0 0 0 0 0 0 0 0 0 0 0 0 0 0 0 0 0 0 0 0 8 0 0 0 0 0 0 0 0 0 0 0 0 0 0 0 0 0 9 0 0 0 22 2 9 26 9 0 20 24 10 13 0 14 8 2 23 42 0 1 1 5 0 2 1 0 10 0 6 0 0 8 0 42 1 2 6 8 10 15 0 0 0 0 0 0 0 0 0 0 0 0 0 0 0 0 0 0 0 0 0 0 0 0 0 7 0 0 0 0 0 0 21 0 0 0 0 0 0 0 0 27 1 18 19 33 0 21 0 21 0 22 0 0 4 1 24 2 0 0 6 4 0 0 9 0 15 4 11 0 0 0 2 7 10 0 0 0 7 0 0 0 0 0 0 0 0 0 0 29 0 0 0 1 0 0 0 0 0 0 0 0 1 78 67 2 4 37 0 0 0 0 0 0 0 0 0 0 0 0 0 0 0 0 29 0 0 0 0 0 
 0 0 0 0 0 4 2 0 0 0 0 0 0 0 0 0 0 0 0 0 2 3 2 2 63 2 2 4 2 2 2 2 2 2 7 2 3 10 2 2 56 53 174 0 186 252 79 112 85 229 89 258 59 67 70 50 138 160 41 77 51 51 0 0 0 3 0 0 0 0 0 0 36 50 0 0 1 0 0 3 0 0 0 0 0 0 0 0 0 0 0 0 0 0 0 0 0 0 0 0 0 0 0 0 0 0 0 0 0 0 0 0 0 0 0 0 0 0 0 0 0 24 1 18 24 8 0 0 0 0 20 42 0 0 0 0 0 30 0 0 0 0 0 6 0 0 12 12 12 0 0 0 28 17 0 3 1 0 11 1 0 0 0 0 0 2 0 0 0 0 0 0 0 0 0 0 0 0 0 0 0 0 0 0 0 0 0 0 0 0 0 0 0 0 0 0 0 0 0 0 0 0 0 9 0 43 0 0 0 0 9 0 0 0 0 0 0 0 0 0 0 15 0 0 0 0 18 12 10 0 19 4 1 1 0 0 27 0 28 19 0 0 0 0 0 0 0 0 0 0 0 0 0 0 0 0 0 0 0 9 0 0 66 80 0 8 0 2 0 0 0 0 0 0 0 0 0 0 0 0 0 0 0 0 8 0 0 0 2 0 
 0 0 2 0 0 4 0 0 0 0 0 0 0 0 0 0 0 1 0 0 4 3 3 3 3 5 3 3 3 3 3 38 3 3 3 3 3 3 3 3 42 32 60 186 0 605 72 175 221 235 219 355 110 96 152 163 114 93 75 155 49 53 1 0 0 9 31 9 0 0 0 0 40 102 0 0 50 0 4 55 0 0 0 0 0 0 0 0 0 0 0 0 0 0 0 0 0 0 0 0 0 0 0 0 0 0 0 0 0 0 0 0 0 0 0 0 0 0 0 0 0 6 0 11 50 14 0 7 0 0 3 8 0 0 0 0 0 50 0 0 5 0 3 3 6 0 11 25 13 0 6 7 0 6 1 9 0 9 11 1 0 0 0 0 0 3 0 0 0 0 0 0 0 0 0 0 0 0 0 0 0 0 0 0 0 0 0 0 0 0 0 0 0 0 0 0 0 0 0 0 0 0 0 10 0 11 0 0 0 0 0 0 0 0 0 0 0 0 20 0 0 15 3 0 0 0 13 16 0 0 6 5 6 17 0 17 0 0 20 44 0 0 0 0 0 0 0 0 0 0 0 1 0 1 0 0 0 0 0 2 0 0 65 72 2 3 0 4 3 0 0 0 0 0 0 0 0 0 0 0 0 0 0 0 0 0 0 0 2 0 
 0 0 0 64 0 3 2 0 0 0 0 0 5 0 0 0 0 0 0 1 3 3 6 3 3 3 3 2 3 3 3 65 3 3 6 3 3 3 3 3 34 32 248 252 605 0 248 308 296 129 176 172 67 57 49 185 267 196 248 105 54 113 0 0 8 15 19 104 31 0 44 0 74 53 0 6 3 0 21 1 0 0 0 0 0 0 0 0 0 0 0 0 0 0 0 0 0 0 0 0 0 0 13 0 0 0 0 0 0 0 0 0 0 0 0 0 0 0 0 0 0 0 0 8 26 0 0 0 0 0 9 0 0 0 0 10 0 13 0 0 0 0 0 0 0 3 27 0 0 5 0 0 12 0 9 1 12 0 13 13 0 0 0 0 0 11 0 0 0 0 15 0 0 0 0 0 0 0 0 0 0 0 0 0 0 0 0 0 0 0 0 0 0 0 0 0 0 0 0 0 0 0 0 19 0 10 0 0 0 0 4 13 0 0 0 0 0 0 0 0 25 33 0 4 12 3 11 0 7 26 0 45 0 30 26 18 8 8 0 31 9 0 0 0 0 0 0 0 0 0 0 1 0 0 0 0 0 0 0 1 0 0 6 66 4 2 1 0 1 0 0 0 0 0 0 0 0 0 0 0 0 0 0 0 0 0 0 9 2 0 
 0 0 0 0 0 0 3 0 0 29 0 0 0 69 0 0 1 0 0 0 0 0 0 0 1 1 0 0 0 0 0 93 0 0 0 0 0 64 0 0 224 515 45 79 72 248 0 388 140 258 56 104 399 428 104 47 129 36 115 126 0 0 0 0 1 0 0 0 0 7 0 0 4 0 0 0 0 0 0 2 0 27 0 0 0 0 0 0 0 0 0 0 0 0 0 0 0 0 0 0 0 0 0 0 9 0 0 0 0 0 0 0 0 0 0 0 0 0 0 0 28 15 27 0 0 6 25 31 1 28 19 1 0 21 21 18 1 41 13 14 0 0 0 0 0 0 0 0 0 0 0 0 0 0 4 0 18 0 0 0 0 0 0 0 2 0 0 0 0 0 0 0 19 0 0 0 0 0 16 0 0 0 0 1 14 6 0 0 0 0 1 11 0 0 0 0 0 0 0 0 26 2 0 19 39 0 2 20 30 26 3 4 9 25 8 0 22 0 10 0 0 0 0 0 0 0 0 0 0 0 0 0 9 0 0 0 0 0 9 0 0 0 0 0 0 0 0 0 0 0 0 11 0 0 0 0 0 1 0 0 0 0 0 0 66 24 2 0 0 2 0 0 0 2 0 0 0 0 0 0 0 0 10 0 10 2 0 0 2 0 
 0 0 0 0 0 3 3 0 0 0 0 0 0 3 0 0 0 0 0 0 3 3 4 2 72 6 3 2 2 64 2 69 3 2 2 3 2 3 65 3 246 86 119 112 175 308 388 0 197 270 37 89 117 443 112 404 110 255 493 81 4 0 1 0 0 3 0 0 3 6 6 17 3 0 0 0 1 0 0 0 0 0 0 0 0 0 0 0 0 8 0 0 0 0 0 0 0 0 0 0 1 0 0 0 18 1 0 0 0 0 0 14 0 0 0 0 0 13 0 0 1 13 0 19 5 0 0 0 6 10 31 32 0 1 0 18 5 51 22 1 0 0 0 0 0 0 1 0 0 0 0 0 0 0 0 0 0 0 0 0 0 0 0 0 0 0 4 0 0 0 0 0 0 0 0 0 0 0 0 0 0 0 0 0 15 13 0 0 0 6 0 0 0 0 0 0 0 0 3 0 0 4 17 4 3 0 16 0 0 26 15 0 10 0 19 5 48 31 32 24 0 14 0 0 0 0 0 0 0 0 0 0 0 0 0 0 0 0 2 2 0 0 0 0 0 2 22 0 0 0 0 2 0 3 0 0 0 0 0 2 0 0 0 0 0 2 0 0 2 0 0 0 0 3 0 0 0 0 0 0 0 0 1 0 0 0 0 0 2 0 
 1 2 2 0 1 5 1 1 1 1 0 1 5 2 2 2 10 0 2 1 4 4 10 3 58 64 205 3 3 4 3 67 4 4 3 2 4 3 2 2 253 72 185 85 221 296 140 197 0 161 224 318 90 348 96 100 156 331 64 78 0 0 0 0 0 0 0 0 0 0 0 0 0 0 0 0 0 0 1 0 0 0 0 0 0 0 0 0 0 0 0 0 0 0 0 0 0 0 0 0 0 0 0 0 0 0 0 0 0 0 0 0 0 0 0 0 0 0 0 0 2 1 2 14 14 33 5 40 0 12 21 1 0 29 30 9 1 14 0 2 6 1 0 2 1 0 11 1 10 0 1 0 2 63 1 1 2 0 9 6 0 0 0 0 0 0 0 0 11 0 0 0 0 0 0 0 0 0 0 0 0 0 0 5 1 0 0 0 0 0 0 0 0 0 0 0 0 0 0 0 2 16 16 29 5 8 8 17 26 7 2 1 0 20 2 9 22 27 11 8 5 2 0 0 1 1 0 7 1 1 1 2 0 7 0 1 1 1 2 10 0 0 13 0 0 0 1 0 0 0 0 9 0 2 0 0 0 0 0 2 0 0 2 63 3 0 1 0 0 0 0 0 0 0 0 0 0 0 0 0 0 4 2 0 15 0 0 0 2 6 
 0 0 0 0 0 0 0 0 0 0 0 0 5 0 0 0 0 0 0 0 0 0 0 0 0 68 0 0 0 0 0 0 0 0 2 0 0 16 0 0 33 263 496 229 235 129 258 270 161 0 229 124 270 310 364 245 425 114 73 96 46 0 0 0 0 11 68 53 54 0 0 0 0 0 0 51 1 25 26 5 0 0 0 0 0 0 0 0 0 0 0 0 0 0 0 0 14 0 0 0 0 0 0 0 0 0 0 0 0 0 0 0 0 0 0 0 0 0 0 0 5 0 0 0 26 8 0 15 0 3 55 9 18 13 0 0 25 17 0 0 0 0 0 56 0 0 10 14 15 0 0 0 7 0 0 0 9 0 1 9 30 0 0 0 10 0 8 2 0 0 0 0 0 0 0 17 0 0 0 0 0 0 0 0 0 0 0 0 0 0 0 0 0 0 0 0 0 0 15 0 13 13 2 4 0 0 0 0 0 0 0 6 0 0 0 0 0 0 0 0 7 2 0 0 0 0 0 10 0 12 0 0 0 23 10 8 0 0 13 30 0 0 0 0 0 0 0 0 0 0 0 16 0 0 0 0 0 0 0 35 62 0 39 0 0 26 0 0 0 0 0 0 0 0 0 0 0 5 0 0 0 0 0 0 7 0 0 9 1 0 
 0 0 0 0 0 0 0 2 0 0 0 0 0 0 0 0 0 0 0 0 2 0 0 0 3 0 0 0 0 64 1 0 0 0 0 0 0 0 2 0 32 97 99 89 219 176 56 37 224 229 0 187 21 39 60 250 382 164 34 75 210 63 0 0 13 18 94 61 223 2 0 0 5 13 0 7 4 3 96 26 0 0 0 0 0 0 0 0 0 0 0 0 0 0 0 0 0 0 0 0 0 0 0 0 0 0 0 0 0 0 0 0 0 0 0 0 5 0 0 0 0 0 0 10 27 22 0 0 0 0 3 10 0 0 0 0 0 20 0 0 0 0 0 0 0 1 20 25 24 2 0 0 7 11 14 0 3 0 0 35 0 0 0 0 0 0 0 0 0 0 0 0 0 0 0 0 0 0 0 0 0 0 0 0 7 0 0 0 0 0 0 0 0 0 0 0 0 0 0 0 0 0 0 0 4 0 0 0 0 1 0 7 0 0 0 0 0 0 10 0 6 0 0 13 19 0 0 25 7 31 0 10 11 11 9 41 7 25 11 21 0 0 0 0 0 0 0 0 0 0 0 0 0 0 0 0 0 0 0 6 0 0 2 2 2 6 11 0 0 0 0 0 0 0 0 0 0 0 0 0 0 0 0 0 0 0 0 19 1 0 
 0 0 0 4 0 0 0 0 0 0 0 0 0 0 0 0 67 0 0 0 3 3 3 3 3 3 3 3 3 3 5 3 3 3 3 4 3 3 3 3 269 44 309 258 355 172 104 89 318 124 187 0 30 259 79 44 54 120 314 51 4 53 2 4 0 7 53 0 0 4 0 3 50 46 2 2 1 0 1 50 0 0 0 0 0 0 0 0 0 0 0 0 0 0 0 0 0 0 0 0 0 0 0 0 0 0 0 0 14 0 0 0 0 0 0 0 0 1 0 0 0 10 0 6 64 5 0 0 0 6 25 19 0 16 0 0 0 16 0 0 0 0 0 0 0 0 35 22 20 5 1 0 52 22 0 0 0 0 38 21 0 0 0 0 0 3 0 0 0 0 0 0 0 0 0 0 0 0 0 0 0 0 0 0 0 0 0 0 0 0 0 0 0 0 0 0 0 0 0 0 0 0 0 10 0 31 0 0 0 0 10 0 0 0 0 0 0 33 0 0 1 15 0 0 0 0 19 33 0 0 0 26 2 10 7 4 6 0 14 41 0 0 0 0 0 0 0 0 0 0 0 3 0 0 0 0 0 0 0 0 0 0 3 34 0 5 2 0 2 0 0 0 0 0 0 0 0 0 0 0 0 0 0 0 3 0 0 0 0 0 
 0 0 0 0 0 0 2 0 0 0 62 0 3 0 0 0 2 0 0 0 15 28 31 144 0 0 0 0 102 4 14 46 0 64 28 92 33 196 0 62 55 331 280 59 110 67 399 117 90 270 21 30 0 148 52 48 266 26 325 242 0 0 3 3 0 0 0 0 0 16 2 0 2 0 0 1 4 4 0 0 0 0 0 0 0 0 0 0 0 0 0 0 0 0 0 0 0 0 0 0 31 0 7 20 11 16 0 0 0 27 10 14 0 0 0 3 7 13 0 0 12 0 12 0 0 0 0 0 38 0 0 0 5 10 9 42 0 0 56 74 0 0 0 0 0 0 0 0 0 0 0 3 0 0 0 0 0 0 0 0 0 0 0 0 0 0 1 0 0 0 0 0 0 0 0 0 7 11 0 0 0 18 0 39 53 19 0 3 12 26 10 18 0 0 16 31 7 0 16 11 18 0 0 0 0 0 1 0 11 0 0 0 22 12 12 23 0 0 62 41 0 0 0 0 0 0 0 0 0 0 0 0 0 0 0 0 0 0 0 0 0 0 0 0 0 0 0 0 0 0 0 7 0 0 0 0 0 62 66 0 37 0 0 0 0 2 0 0 2 0 0 0 0 0 0 0 0 0 0 32 0 0 0 0 0 51 0 0 0 0 
 0 0 0 2 0 0 0 0 0 0 0 0 0 0 0 0 0 0 0 0 0 0 2 0 6 2 0 0 0 55 0 61 0 0 0 0 0 2 3 0 96 110 335 67 96 57 428 443 348 310 39 259 148 0 75 89 110 313 145 286 3 0 0 0 0 0 0 0 0 7 0 0 0 0 2 0 0 0 0 0 0 0 0 0 0 0 1 0 0 0 0 0 0 0 0 0 0 0 10 0 4 0 0 0 0 0 0 0 0 0 0 1 0 0 0 0 0 7 0 0 13 14 15 10 0 10 8 0 23 11 0 0 0 56 16 0 16 0 17 13 0 0 0 0 0 2 0 0 0 0 0 0 1 2 0 0 2 0 0 0 0 0 0 0 0 0 10 0 0 0 0 0 0 0 0 0 1 1 0 2 0 0 0 10 9 10 0 0 0 0 0 1 0 0 0 0 0 0 0 0 0 6 6 8 15 0 11 19 30 0 6 0 10 20 5 32 8 7 0 9 0 0 0 0 0 0 6 0 0 0 0 0 40 0 0 0 0 0 1 0 0 0 0 0 0 0 0 0 0 0 0 5 0 1 0 0 0 0 1 1 0 0 0 0 37 3 1 0 0 0 14 0 0 0 0 0 0 0 0 0 0 0 0 0 6 12 0 0 1 0 
 3 3 3 0 3 3 0 3 3 3 3 3 3 3 3 3 3 3 3 3 0 0 7 0 1 64 0 0 0 0 3 64 0 63 2 0 0 0 0 0 128 55 124 70 152 49 104 112 96 364 60 79 52 75 0 114 370 313 54 96 13 2 2 0 0 0 0 0 0 0 0 0 0 0 13 0 0 2 7 13 0 0 0 0 0 0 0 0 0 0 0 0 0 0 0 5 0 0 0 0 0 0 0 0 8 12 0 0 0 0 0 0 0 0 0 0 0 0 0 0 0 27 19 12 3 7 3 14 0 24 29 3 0 1 0 10 12 13 13 0 0 9 0 0 0 0 1 0 0 0 0 5 0 0 6 0 0 5 0 0 0 0 0 0 2 0 0 0 0 0 0 0 0 0 0 0 0 0 0 0 0 0 0 0 9 14 0 0 0 0 0 0 0 0 0 0 0 0 0 0 0 20 1 4 28 7 0 30 0 16 11 13 15 0 8 1 38 3 27 4 6 4 0 0 0 0 5 0 0 0 0 0 1 5 0 0 0 0 9 0 0 0 0 0 0 0 0 0 0 19 0 20 0 2 0 0 0 0 0 0 0 0 0 0 0 15 0 38 2 0 0 0 0 0 0 0 0 0 0 0 0 0 0 0 0 0 0 0 0 0 
 4 2 4 0 4 2 0 3 4 4 4 4 4 3 2 2 3 2 3 2 0 2 4 2 1 0 2 0 2 2 1 2 4 2 0 2 64 1 0 2 33 49 71 50 163 185 47 404 100 245 250 44 48 89 114 0 218 371 52 114 0 0 0 0 0 0 52 0 0 0 2 5 0 0 4 0 0 0 92 0 0 0 0 0 0 0 0 0 0 0 0 0 0 0 0 0 0 0 0 0 0 0 0 0 0 0 0 0 0 0 0 0 0 0 0 0 0 0 0 0 22 0 9 30 10 0 0 0 14 0 37 4 0 0 0 7 17 10 0 0 0 0 0 0 0 6 1 0 0 0 0 0 4 1 0 3 13 0 0 12 0 4 0 0 0 0 0 0 0 0 3 0 0 0 0 0 0 0 0 0 0 0 0 0 0 0 0 0 0 0 0 0 0 0 0 0 0 0 0 0 0 0 4 9 29 1 0 19 16 0 18 9 0 0 0 0 0 0 0 0 0 0 0 0 0 9 0 0 0 21 0 0 36 7 13 11 0 0 0 9 0 0 0 0 0 0 0 0 0 2 0 11 0 1 0 0 0 0 2 3 0 0 6 0 2 2 2 0 1 0 20 0 3 0 0 1 0 0 0 0 0 0 0 0 0 0 0 0 1 0 
 2 2 2 0 2 7 0 2 2 2 2 2 2 2 2 2 2 2 2 2 0 0 0 23 1 20 0 0 5 0 15 0 202 0 5 0 0 4 0 0 286 35 183 138 114 267 129 110 156 425 382 54 266 110 370 218 0 77 37 37 0 0 0 0 0 0 0 0 0 0 1 0 0 1 0 0 53 0 51 0 0 0 0 0 0 0 0 0 0 0 0 0 0 0 0 0 0 0 0 0 0 0 0 5 0 0 0 0 0 30 0 25 0 0 0 0 0 8 0 0 19 0 0 7 18 19 10 0 0 13 42 9 10 21 40 7 11 22 37 0 0 0 0 29 0 0 0 0 0 0 0 0 0 5 0 0 0 0 0 0 2 0 0 0 19 0 0 0 0 0 0 0 0 0 0 6 0 0 0 0 0 0 0 8 0 13 0 0 0 0 0 0 0 0 0 0 0 0 0 0 9 15 25 19 11 4 0 10 25 0 5 19 0 16 0 6 26 6 0 0 0 0 0 0 0 0 25 0 19 0 0 0 0 9 10 0 0 0 32 19 0 0 11 0 0 0 0 0 0 0 0 4 0 2 0 0 0 0 1 15 0 0 0 2 35 2 1 0 0 0 0 0 0 0 0 0 0 0 0 0 0 11 0 0 12 0 0 0 2 0 
 0 0 0 0 0 0 2 0 65 0 0 0 0 0 0 0 1 0 0 0 0 0 2 0 1 0 0 0 0 1 2 0 1 0 0 0 0 0 0 0 96 113 197 160 93 196 36 255 331 114 164 120 26 313 313 371 77 0 44 315 1 0 0 0 0 0 60 0 0 0 2 1 51 0 0 0 0 0 52 48 0 0 0 0 0 0 0 22 0 0 0 0 0 0 0 0 0 0 0 0 0 0 0 0 0 6 0 0 0 0 0 0 5 0 0 0 0 0 0 0 4 7 0 1 12 0 0 19 17 0 14 0 0 0 0 0 13 0 0 0 0 0 0 0 0 4 16 0 11 0 0 0 3 10 0 3 8 6 28 36 0 0 0 0 0 1 0 0 0 0 0 0 0 0 0 0 0 0 0 0 0 0 0 0 0 0 0 0 0 0 0 0 0 0 0 0 0 0 0 0 0 29 0 0 13 4 0 20 7 1 32 7 0 0 8 11 1 0 0 0 1 9 0 0 0 0 9 11 0 15 0 9 0 0 9 15 0 0 1 9 0 0 19 0 0 0 0 0 0 0 0 8 0 0 0 0 0 0 0 7 0 0 2 10 0 1 0 63 0 0 10 0 0 0 0 0 0 0 0 0 0 0 0 0 0 0 0 0 1 0 
 0 0 0 0 0 0 3 1 0 0 0 0 5 0 0 0 0 0 1 0 1 129 129 1 62 63 0 2 65 63 46 156 0 1 1 67 3 31 1 1 66 102 48 41 75 248 115 493 64 73 34 314 325 145 54 52 37 44 0 249 0 0 0 50 0 47 0 0 0 8 0 0 4 0 3 0 0 0 0 0 0 0 0 0 0 0 0 0 0 0 0 0 0 12 0 0 0 0 0 0 0 16 0 21 14 44 0 14 1 1 15 33 0 0 0 0 14 9 0 0 19 0 50 0 0 0 31 0 8 6 0 4 21 28 8 0 3 1 8 34 0 0 0 0 0 0 4 4 0 0 0 18 5 0 0 0 0 0 7 10 0 0 0 0 0 0 0 0 0 0 0 0 0 0 0 0 3 3 0 0 34 0 0 11 13 8 0 0 0 0 0 13 1 0 1 1 0 0 0 0 67 0 1 4 0 0 10 0 0 0 0 0 8 25 10 11 0 4 1 7 0 0 0 0 0 0 0 0 0 0 0 0 3 0 4 0 0 0 0 4 0 0 0 0 0 0 0 0 0 0 0 3 0 0 0 0 0 2 1 0 11 41 2 0 2 1 0 0 2 0 0 0 0 0 0 0 0 0 0 0 0 18 0 0 5 9 0 0 2 0 
 0 0 0 2 3 3 0 8 0 3 0 0 0 1 0 2 2 0 0 0 0 64 63 67 5 60 0 0 76 62 2 93 0 0 3 97 0 154 2 0 37 292 33 77 155 105 126 81 78 96 75 51 242 286 96 114 37 315 249 0 3 3 1 0 0 0 0 2 1 18 0 0 4 0 0 0 0 0 0 0 0 0 0 0 0 0 0 0 0 0 0 0 0 0 0 0 0 0 0 0 0 0 0 13 11 14 0 0 0 3 0 0 0 0 0 12 11 37 0 0 32 3 49 11 0 0 0 13 18 0 0 0 0 44 3 12 11 0 14 24 0 0 0 0 0 4 0 0 0 0 0 1 1 2 0 1 2 0 10 0 0 0 0 0 0 0 1 0 0 0 0 0 0 0 0 0 6 28 0 0 0 0 0 16 19 25 0 0 0 9 0 8 0 0 0 0 0 0 0 0 52 0 0 0 4 0 15 9 34 11 11 0 40 7 51 25 0 1 10 41 0 0 0 0 0 0 0 0 0 0 0 0 11 0 0 0 0 0 0 0 0 0 0 0 0 0 0 0 0 0 0 7 0 0 0 0 0 27 0 0 19 0 0 0 0 2 0 0 0 0 8 0 0 0 0 0 0 0 0 0 0 0 0 0 0 6 0 0 0 0 
 0 0 0 0 0 0 0 0 0 0 0 0 0 4 0 0 0 2 0 0 0 0 5 0 1 5 0 0 29 0 0 29 0 0 0 2 1 1 5 0 3 22 6 51 49 54 0 4 0 46 210 4 0 3 13 0 0 1 0 3 0 110 75 49 29 97 417 374 287 99 44 289 261 61 129 124 37 180 122 132 0 0 0 0 0 0 0 0 0 0 0 0 0 0 0 0 0 0 0 21 0 0 0 0 0 0 0 0 0 7 0 0 0 0 0 0 0 0 0 0 0 8 0 0 4 11 0 0 0 12 9 33 0 0 0 0 4 0 0 0 0 13 38 1 7 7 0 1 0 40 0 15 0 0 0 0 14 5 0 1 0 0 0 0 0 0 0 0 0 4 0 0 0 0 0 0 0 0 0 0 0 0 0 0 0 0 1 0 0 0 0 0 0 0 0 0 0 0 0 0 0 0 0 10 0 12 0 0 3 0 0 1 0 7 3 14 0 0 0 0 10 48 17 0 2 0 0 0 1 0 27 2 9 0 0 0 1 8 0 10 0 0 0 0 0 0 0 0 0 0 0 0 0 2 4 0 0 0 0 0 0 0 16 0 0 0 0 0 0 0 5 2 0 0 0 2 0 0 0 0 0 0 0 0 6 0 0 0 0 0 
