 0 300 166 48 38 27 334 145 44 45 130 31 151 379 133 49 130 46 189 266 0 1 6 3 7 0 1 1 2 1 0 3 0 0 2 1 0 3 0 2 3 2 0 0 3 0 0 2 0 0 1 0 0 0 0 2 0 0 3 0 0 1 2 0 0 3 2 0 0 0 0 2 4 0 0 2 0 0 3 0 0 1 0 9 15 0 14 14 0 29 8 1 15 0 45 7 10 0 9 0 0 0 2 0 0 0 0 2 0 0 0 0 0 0 0 0 0 0 0 0 0 0 0 0 0 0 0 0 0 0 0 0 0 0 0 0 0 0 0 16 0 0 0 0 0 4 0 0 12 0 0 0 0 0 0 0 0 0 0 0 1 0 15 14 0 0 32 25 0 21 0 7 8 0 19 20 1 39 0 11 0 0 0 0 0 0 0 0 0 0 0 0 0 0 0 0 0 0 0 0 0 0 0 0 0 0 0 14 0 0 0 0 0 0 0 0 0 0 0 0 0 0 0 0 0 0 0 0 0 0 0 0 0 2 0 0 0 0 0 0 0 0 0 0 0 0 0 0 2 0 0 10 0 0 0 0 0 0 0 0 0 0 0 0 0 0 0 0 0 16 0 0 0 0 0 0 30 0 0 0 0 0 0 0 0 0 0 0 0 0 
 300 0 147 268 247 28 157 466 209 345 359 23 579 191 69 274 268 437 64 137 0 0 3 3 2 0 2 0 0 0 0 0 0 0 0 0 0 3 0 2 3 2 0 0 2 0 0 2 0 0 4 0 0 4 0 0 0 0 3 0 0 0 0 1 0 3 0 0 0 0 0 2 2 0 0 0 0 0 3 0 0 0 1 5 9 24 11 13 11 0 35 39 15 2 12 21 14 21 21 17 0 0 0 0 0 0 0 0 0 0 0 0 0 0 0 0 0 0 9 0 0 0 0 0 0 0 0 0 0 0 0 0 0 0 0 0 0 0 0 1 0 0 0 0 0 0 0 0 0 0 0 0 0 0 0 0 0 0 0 2 12 0 12 14 0 0 19 12 0 13 26 17 3 29 1 26 18 19 22 13 0 0 0 0 0 0 0 0 0 0 0 0 0 45 0 0 0 0 0 0 0 0 0 0 0 0 0 0 0 0 0 0 0 0 0 0 0 0 0 0 0 0 0 0 0 0 0 0 0 0 0 0 0 0 0 0 0 0 0 0 0 17 0 0 0 4 0 0 4 1 2 6 0 0 2 0 0 0 0 0 0 0 0 0 0 0 0 0 0 0 0 0 0 0 0 0 0 0 0 0 0 0 0 0 0 0 0 0 0 0 
 166 147 0 451 194 255 183 280 297 146 170 133 152 288 62 76 164 213 41 73 0 1 4 2 3 0 7 4 0 0 0 0 83 0 0 4 0 7 15 2 3 2 0 0 3 4 0 3 0 0 3 0 0 4 0 6 0 0 3 0 0 0 0 0 4 3 0 0 0 0 56 3 2 0 0 0 1 0 9 0 10 12 13 5 22 35 0 34 8 7 43 10 0 3 30 24 11 2 0 17 0 0 0 0 0 0 13 7 0 0 0 0 27 0 0 0 0 0 24 23 0 0 0 0 0 0 0 0 0 0 0 2 0 0 0 0 0 15 0 1 0 0 1 0 2 0 0 0 0 0 0 0 0 0 0 0 0 0 0 0 32 31 28 15 9 0 8 0 18 26 18 17 1 26 15 0 19 15 0 0 59 13 0 2 0 0 0 0 22 0 11 0 0 9 0 0 0 0 0 21 0 0 0 0 0 0 0 0 0 0 0 0 0 0 0 0 1 2 0 0 0 0 0 1 0 0 0 0 0 0 0 0 0 0 1 0 0 0 1 0 0 21 0 0 1 2 2 0 89 7 0 14 0 0 0 0 0 0 0 0 0 0 0 0 0 0 0 0 0 0 0 0 0 2 0 11 0 0 0 0 0 0 0 0 0 0 0 0 0 0 
 48 268 451 0 374 115 83 254 305 343 294 215 62 52 53 182 168 233 367 59 31 152 3 2 2 0 102 0 0 0 3 0 178 150 210 0 0 3 78 152 3 2 0 0 3 0 0 3 0 0 0 0 61 0 0 0 8 0 3 1 0 0 3 0 0 3 0 0 2 0 0 3 3 0 0 16 2 45 3 0 0 2 32 18 5 21 0 11 43 0 0 22 0 0 4 0 0 18 0 0 35 4 0 0 0 0 0 43 1 2 0 0 70 0 10 0 0 0 53 50 0 0 0 0 0 0 0 0 0 0 0 0 0 0 0 0 0 0 0 0 0 0 0 0 0 0 0 0 0 0 0 0 0 0 0 0 0 0 0 0 2 18 0 38 45 20 0 14 42 11 24 1 0 0 0 0 11 17 25 0 40 23 23 2 0 0 13 11 0 18 23 0 10 13 17 0 3 0 12 13 0 14 0 0 0 0 0 0 0 0 22 0 0 0 0 0 0 0 0 0 0 0 0 0 0 0 0 0 0 0 0 0 0 0 0 0 0 0 0 0 0 0 0 0 1 2 92 1 2 43 2 7 19 74 0 0 0 0 75 0 0 0 0 0 0 0 0 0 0 0 0 0 0 1 0 31 12 0 0 0 0 0 0 0 0 0 0 0 0 0 
 38 247 194 374 0 169 44 169 60 80 157 303 283 294 82 70 211 71 70 264 146 287 0 211 6 0 80 36 2 4 1 2 152 2 76 0 0 4 78 20 0 0 0 0 0 0 0 0 0 3 2 0 0 3 0 3 0 0 0 3 1 3 5 2 4 3 5 3 4 5 0 0 3 0 1 9 2 4 2 1 0 32 0 0 21 0 0 6 0 8 10 20 0 0 1 0 0 0 0 0 0 18 0 0 0 0 16 0 0 8 0 0 19 1 10 9 0 0 1 10 0 0 5 0 0 0 0 2 0 0 0 0 2 0 0 0 0 0 0 1 0 0 0 0 0 0 0 2 0 0 0 0 0 0 0 0 7 0 0 0 1 32 0 17 8 15 0 0 0 0 9 28 0 0 0 9 1 19 0 0 18 42 23 15 0 0 11 0 0 0 1 0 15 20 17 0 0 0 27 10 0 0 0 0 0 1 0 0 0 0 0 0 0 0 0 0 0 0 0 0 0 0 0 12 0 0 0 0 0 0 0 0 0 0 0 0 0 0 0 0 0 0 0 0 0 7 48 2 1 89 7 20 13 0 0 0 2 25 0 0 0 0 0 0 0 0 0 0 0 0 0 0 0 0 0 0 0 0 0 0 0 0 0 0 0 0 0 0 0 8 
 27 28 255 115 169 0 70 50 37 233 594 160 26 44 355 155 57 70 51 248 37 110 75 0 0 0 59 0 0 0 23 0 76 0 137 38 21 25 75 1 0 0 0 2 0 2 0 2 0 0 0 0 0 0 2 0 0 0 0 6 0 0 0 0 0 0 0 0 0 0 0 0 0 0 0 6 0 1 0 1 0 11 16 1 0 34 0 10 0 0 2 19 0 0 9 0 0 0 10 0 10 8 0 0 8 0 1 7 14 0 9 0 16 17 20 26 9 3 15 0 0 0 20 0 0 0 0 0 0 0 0 0 0 0 0 0 0 0 0 0 0 5 0 0 0 0 0 0 0 0 0 0 0 0 2 0 0 0 0 0 0 17 0 0 19 17 0 10 0 0 0 13 0 0 1 3 16 0 0 0 38 9 28 75 0 0 16 16 27 0 0 0 35 18 15 0 26 16 19 13 0 0 0 0 0 0 0 0 0 0 0 0 0 0 0 0 0 0 0 0 0 0 0 0 0 0 0 0 0 0 0 0 0 0 0 0 0 0 0 0 0 0 20 0 0 1 8 1 2 5 0 7 0 0 0 0 0 0 0 0 0 0 0 0 0 0 0 0 1 0 0 0 0 0 0 1 16 10 0 0 0 1 0 0 0 0 0 0 0 0 
 334 157 183 83 44 70 0 161 266 250 34 106 241 254 239 78 44 198 110 119 0 0 3 6 4 0 1 3 0 0 0 0 0 3 1 0 4 6 3 2 5 4 0 0 3 3 2 2 2 0 5 3 0 4 2 0 3 2 6 0 0 0 0 2 3 3 0 0 21 0 0 3 2 0 1 0 0 0 3 0 0 0 6 0 0 0 21 14 0 0 9 2 0 0 27 17 9 0 10 3 0 0 0 0 0 0 0 0 0 0 0 0 2 0 0 0 0 0 27 3 0 4 0 0 0 0 0 0 0 0 0 0 0 0 0 0 0 1 0 0 0 0 0 0 0 8 0 0 0 0 4 0 0 0 0 0 1 0 0 0 1 0 8 0 0 0 31 0 0 9 0 0 7 0 0 0 0 0 3 14 0 0 0 0 0 0 0 0 0 0 1 0 0 0 0 0 1 0 0 1 0 0 0 0 0 0 0 0 0 14 0 0 0 0 0 0 0 0 0 0 0 0 0 0 0 0 0 0 0 0 0 0 0 0 0 0 2 0 0 0 0 0 0 0 0 0 1 0 0 6 0 15 2 0 0 0 0 0 0 0 7 0 0 0 0 0 0 0 0 0 0 0 0 0 0 0 0 0 0 0 0 0 0 0 0 0 0 0 0 0 
 145 466 280 254 169 50 161 0 227 45 52 129 183 279 272 133 31 157 81 98 2 2 5 2 2 0 5 0 2 2 2 0 2 1 0 0 3 5 0 2 3 2 0 0 4 1 0 2 0 0 0 0 0 0 3 0 0 0 3 59 0 3 1 0 0 3 0 0 1 0 0 3 2 0 0 0 0 0 3 0 15 14 16 10 14 17 20 0 0 7 20 0 2 0 0 9 24 1 0 11 0 0 0 0 0 0 22 0 0 0 0 0 0 0 0 0 0 0 11 0 0 0 0 0 0 0 0 0 0 0 0 0 0 0 0 0 0 0 0 0 1 0 0 0 0 0 0 0 0 0 0 0 0 0 0 4 0 0 0 0 0 7 0 2 0 10 12 0 1 0 6 10 1 6 0 27 30 16 18 13 0 0 0 0 0 0 14 0 2 0 0 0 0 0 0 0 0 0 0 0 1 2 0 0 0 0 0 0 0 0 2 0 0 0 0 0 0 0 0 0 0 0 1 0 0 0 0 0 0 1 0 0 0 0 0 0 0 0 0 0 0 0 0 0 0 2 90 0 0 1 2 10 0 0 0 0 0 0 0 0 0 0 15 0 0 0 0 0 0 0 0 0 0 0 0 0 0 0 0 0 0 0 0 0 0 0 0 0 0 0 
 44 209 297 305 60 37 266 227 0 213 126 112 403 511 567 168 145 170 94 162 0 1 5 2 4 0 1 1 0 0 0 0 0 0 0 0 1 3 154 2 3 2 0 2 3 0 0 2 0 0 0 0 0 0 0 0 0 0 3 0 0 0 54 0 0 3 0 0 0 0 34 32 2 0 0 0 0 0 3 0 28 34 10 19 31 8 0 46 17 0 23 7 1 0 10 9 50 36 0 43 0 0 13 0 0 0 8 0 0 0 0 0 19 0 0 0 0 0 10 17 0 0 0 0 0 0 0 0 0 0 0 0 0 0 0 0 0 0 9 0 0 0 1 0 0 0 0 0 0 0 0 0 0 0 0 0 1 0 0 0 21 8 25 0 0 10 0 0 20 26 8 19 0 25 29 1 33 0 0 0 22 0 0 0 0 0 0 0 0 0 0 0 0 0 0 0 0 0 0 12 0 0 0 0 0 0 0 0 0 0 0 0 0 0 0 0 0 0 0 0 0 0 0 0 0 0 0 0 0 0 0 0 0 0 0 0 0 0 0 0 0 0 0 0 0 0 44 0 137 93 2 11 0 0 0 0 0 0 0 0 0 0 17 0 0 0 0 0 0 0 0 0 0 0 0 0 0 0 0 0 0 0 0 0 0 0 0 0 0 0 
 45 345 146 343 80 233 250 45 213 0 101 36 54 77 281 297 59 133 97 54 96 34 3 2 2 0 46 0 0 0 0 0 52 146 0 0 1 3 146 27 3 2 0 0 3 0 0 2 0 61 0 0 0 0 0 0 46 0 3 0 0 0 4 0 0 3 0 0 2 0 50 2 2 0 0 0 0 51 3 79 11 14 12 51 0 8 0 28 12 0 0 1 0 0 18 0 18 41 0 9 17 0 0 0 0 0 20 0 0 0 0 0 53 0 5 0 1 0 32 47 0 0 1 0 0 0 0 0 0 0 0 0 0 0 0 0 0 0 0 10 0 0 0 0 0 0 0 0 0 0 0 0 0 0 0 0 0 0 0 0 0 6 50 13 41 21 0 19 0 2 0 0 0 13 0 1 10 0 0 0 31 1 21 0 0 0 23 0 0 0 0 0 0 66 29 0 0 0 0 20 8 0 0 0 0 0 0 0 0 0 0 0 0 0 0 0 0 0 0 0 0 0 0 0 0 0 0 0 0 0 0 0 0 12 0 0 0 0 0 0 0 0 0 0 0 0 1 0 0 193 3 6 10 0 0 0 0 0 0 0 0 0 0 0 0 0 0 0 0 0 0 0 0 0 0 23 12 0 0 0 0 0 0 0 0 0 0 0 0 0 
 130 359 170 294 157 594 34 52 126 101 0 362 120 271 177 176 238 145 349 94 2 0 3 3 7 0 154 1 0 3 0 0 2 0 3 0 1 4 0 77 3 3 3 0 2 0 0 2 0 0 3 0 0 2 0 0 0 2 3 0 0 0 0 0 0 3 0 0 0 0 0 2 2 0 0 36 2 54 3 0 0 0 14 25 32 24 1 11 0 37 11 21 11 1 14 17 0 23 0 8 1 32 4 0 0 0 33 10 0 0 0 0 1 10 17 3 0 26 0 10 0 0 0 0 0 0 0 0 0 0 20 0 0 0 0 0 0 0 0 0 0 0 0 0 0 0 0 0 0 0 0 0 0 0 1 11 0 0 0 0 10 0 0 58 0 21 7 9 15 6 13 11 0 10 24 16 0 11 0 0 17 19 19 0 0 0 0 0 0 0 11 0 48 0 6 10 1 21 0 0 0 0 0 0 0 0 0 0 0 0 0 0 0 0 0 0 0 0 0 0 0 0 0 0 0 0 0 0 0 0 0 0 0 0 0 0 0 0 0 0 0 10 0 0 0 1 0 0 5 0 0 7 0 0 0 0 0 0 0 0 0 0 0 0 0 0 0 0 0 0 0 0 0 0 0 0 0 8 0 0 0 0 0 0 0 0 0 0 0 0 
 31 23 133 215 303 160 106 129 112 36 362 0 45 343 25 303 214 301 28 111 73 0 3 2 2 0 26 0 0 0 0 0 51 68 83 0 0 3 78 10 3 2 0 5 3 0 0 3 0 1 0 0 0 0 5 0 0 0 3 0 0 0 5 0 0 3 0 0 2 0 0 3 2 0 0 0 1 51 3 0 18 29 32 0 30 26 0 12 0 10 12 23 0 0 11 0 2 27 2 0 10 6 0 0 0 0 35 0 0 0 0 0 57 50 1 0 0 0 48 25 0 0 0 0 0 0 0 0 0 0 0 0 0 0 2 0 0 0 0 17 0 2 0 0 0 0 0 0 0 0 0 0 0 0 0 0 0 0 0 0 0 30 18 32 37 2 0 14 27 0 7 19 0 1 0 26 26 47 0 0 30 32 0 0 0 0 53 0 0 2 0 0 15 24 38 0 25 0 0 15 0 0 0 0 0 0 0 0 0 0 0 0 0 0 0 0 0 0 0 0 0 0 0 2 0 0 0 0 0 0 0 0 0 0 0 0 0 0 0 0 0 0 0 0 0 4 179 0 0 86 0 13 11 0 1 0 0 0 0 0 0 0 19 0 0 0 0 1 0 0 0 0 0 52 0 29 10 0 0 0 0 0 0 0 0 0 0 0 0 0 
 151 579 152 62 283 26 241 183 403 54 120 45 0 446 319 122 32 170 262 363 0 0 3 3 2 2 4 0 0 0 0 0 0 0 3 0 0 3 0 2 3 5 2 0 2 2 3 2 0 0 0 3 0 6 0 0 0 0 3 0 0 0 0 2 0 3 0 0 4 0 2 2 3 0 0 0 0 0 3 0 13 16 22 0 16 0 10 3 20 0 10 8 0 19 0 15 29 22 7 16 0 0 0 0 0 0 0 0 0 2 0 1 23 0 0 0 0 0 1 18 0 0 0 0 0 0 0 0 0 0 0 2 0 0 0 2 0 0 0 0 0 0 63 0 1 0 0 0 0 0 0 0 0 0 0 0 0 0 0 0 37 28 14 13 0 0 10 1 10 12 10 0 0 27 9 0 12 0 13 15 3 0 0 2 0 0 0 0 0 0 6 5 0 0 0 0 2 0 9 0 0 0 0 0 0 0 0 0 0 0 0 0 9 0 0 0 0 0 0 0 0 0 0 1 0 0 0 0 0 0 0 0 0 0 0 0 0 0 0 0 0 16 0 0 0 4 1 0 2 88 0 5 1 0 0 0 0 0 0 0 0 0 0 0 0 0 0 0 0 0 0 0 0 2 0 0 0 0 0 0 0 0 0 0 0 0 0 0 0 0 
 379 191 288 52 294 44 254 279 511 77 271 343 446 0 288 96 54 145 202 524 0 205 5 206 2 0 0 0 0 73 0 0 0 0 0 0 0 3 1 2 3 2 0 0 3 0 0 3 0 0 0 0 0 0 0 0 0 0 3 0 0 0 0 0 0 3 0 0 1 0 0 3 3 0 0 0 2 0 3 0 28 17 14 0 20 0 17 0 16 13 0 1 11 7 11 10 14 0 20 0 0 0 0 0 1 0 0 0 0 0 0 0 0 0 0 0 0 0 0 0 10 16 0 0 0 0 2 0 0 0 0 0 0 0 0 0 0 8 0 0 2 0 0 0 0 3 0 0 0 1 0 1 0 0 0 0 0 0 0 0 11 40 0 0 0 0 45 2 19 0 0 25 37 0 0 19 2 3 30 12 0 0 0 0 0 0 2 2 0 0 0 0 0 0 0 0 0 0 0 0 0 1 0 0 2 0 0 0 0 1 33 0 0 0 0 0 0 6 0 0 1 0 0 0 0 0 0 0 0 0 0 0 2 0 0 0 1 0 0 0 0 0 0 0 0 2 49 1 1 2 0 1 0 0 0 0 0 0 0 0 0 0 23 0 0 0 0 0 0 0 0 0 0 0 0 0 10 0 0 0 0 0 0 0 0 0 0 0 0 0 
 133 69 62 53 82 355 239 272 567 281 177 25 319 288 0 338 214 40 101 89 1 0 3 78 2 0 3 2 0 2 0 0 3 0 0 2 2 5 75 2 3 4 0 0 3 2 0 5 0 0 0 0 0 0 0 1 0 0 3 1 3 0 0 0 0 3 2 0 2 0 31 3 3 0 1 0 2 3 4 0 42 4 15 11 10 2 31 25 90 0 0 17 0 5 15 1 45 23 16 13 0 0 0 0 0 1 0 0 2 0 0 0 4 2 0 0 0 0 11 0 0 0 0 0 0 2 0 0 0 0 0 0 0 0 0 0 0 0 0 0 0 0 0 0 0 0 0 0 0 0 0 0 2 2 0 0 0 0 0 0 20 21 9 0 20 0 3 16 47 24 16 14 0 7 26 1 20 0 0 0 15 0 0 0 0 0 0 9 0 0 0 0 0 0 0 0 0 0 0 13 0 0 0 0 0 0 0 1 0 0 0 0 0 41 0 0 0 0 0 1 0 2 0 0 0 0 0 0 0 0 0 0 0 0 0 0 0 0 14 0 0 0 0 0 0 2 87 0 87 1 0 15 0 0 0 0 0 0 0 0 0 0 15 0 0 0 0 0 0 0 0 0 0 0 0 0 0 0 0 0 0 0 0 0 0 0 0 0 0 0 
 49 274 76 182 70 155 78 133 168 297 176 303 122 96 338 0 375 297 265 173 0 0 3 2 2 0 164 0 0 0 0 0 74 78 0 0 0 3 78 13 3 2 0 0 3 0 0 3 0 0 0 0 0 0 0 0 0 0 5 0 0 2 4 0 0 3 0 0 2 0 0 3 3 0 0 0 2 67 3 0 11 17 32 14 15 10 2 3 22 0 0 1 1 1 9 1 54 43 0 0 23 26 0 0 0 0 29 0 0 0 0 0 35 0 0 2 0 0 29 10 0 1 0 0 0 0 0 0 0 0 0 0 0 0 0 0 0 0 0 2 0 0 0 19 0 0 8 0 0 0 0 0 0 0 0 15 1 0 0 0 11 0 28 19 36 17 0 13 50 19 0 19 0 17 0 3 38 0 1 0 15 0 1 0 0 0 20 10 0 0 0 2 0 0 1 0 0 0 15 9 0 1 0 0 0 0 0 0 0 0 0 0 0 0 0 0 0 0 0 0 0 0 0 13 0 0 0 2 0 0 0 0 0 0 0 0 0 0 0 0 0 0 0 0 0 1 11 0 0 2 0 11 0 0 1 0 0 0 0 0 1 0 16 0 0 0 0 0 0 0 0 0 0 0 0 65 18 0 0 0 0 0 0 0 0 0 0 0 0 0 
 130 268 164 168 211 57 44 31 145 59 238 214 32 54 214 375 0 195 342 225 0 0 3 2 2 0 27 0 0 0 0 0 74 0 0 0 0 36 2 79 3 2 0 0 3 0 0 2 0 0 0 0 0 65 0 0 0 0 3 0 0 0 2 0 0 4 0 0 0 0 0 2 2 0 0 0 0 0 3 0 17 17 38 2 16 0 0 20 72 21 7 27 0 11 28 30 15 9 1 6 0 0 0 0 0 0 1 0 0 0 2 0 24 0 0 0 0 0 1 1 0 2 0 0 0 0 18 0 0 0 0 0 0 0 7 0 0 0 0 0 0 0 0 0 0 0 0 0 0 0 0 0 0 0 0 0 1 0 0 0 32 33 10 32 0 0 0 16 26 16 17 28 18 25 28 4 0 39 0 0 0 0 1 0 0 0 0 27 0 0 0 0 11 7 0 0 0 0 11 7 0 0 0 0 0 0 0 0 0 1 0 0 2 0 0 0 0 0 0 0 0 0 0 0 0 0 0 0 0 0 0 0 0 0 0 0 0 0 0 0 0 15 0 0 0 1 13 0 2 0 0 4 0 0 0 0 0 0 0 0 0 0 0 0 0 0 0 0 0 0 0 0 0 0 0 0 0 0 0 0 0 0 0 0 0 0 0 0 0 1 
 46 437 213 233 71 70 198 157 170 133 145 301 170 145 40 297 195 0 32 414 0 0 3 2 2 116 3 0 0 0 0 0 75 0 0 0 0 5 0 4 3 2 0 0 2 0 0 2 0 0 0 0 0 0 0 0 0 0 3 0 0 0 1 0 0 3 0 0 1 0 8 2 2 0 0 0 0 29 3 0 17 32 38 28 23 28 13 9 0 0 18 17 0 0 12 1 0 8 1 12 0 0 0 0 0 0 29 0 0 0 2 0 76 0 0 0 0 0 16 14 0 2 0 0 0 0 0 0 0 0 0 0 0 0 0 0 0 0 0 0 0 0 0 0 0 0 0 0 0 0 0 0 0 0 0 0 1 0 0 0 0 12 0 25 0 10 0 0 12 0 29 13 20 6 7 0 35 60 15 0 20 0 1 0 0 0 14 1 0 0 0 0 20 7 0 0 0 11 0 17 0 0 0 0 0 0 0 0 0 1 0 0 2 0 0 0 0 0 0 0 0 0 0 0 0 0 22 0 0 0 0 0 0 0 0 0 0 0 0 0 0 0 0 0 0 2 87 0 2 87 0 8 0 0 0 0 1 0 0 0 0 0 15 0 0 0 1 0 0 0 0 0 0 0 0 0 14 0 0 0 0 0 0 0 0 0 0 0 0 0 
 189 64 41 367 70 51 110 81 94 97 349 28 262 202 101 265 342 32 0 367 1 2 3 3 2 0 2 2 78 0 0 0 6 4 4 4 0 3 1 4 3 2 3 3 3 4 0 3 1 2 0 0 0 0 0 4 1 0 3 61 0 0 0 0 0 3 0 0 1 0 0 3 3 0 0 0 2 0 3 0 0 0 11 1 0 0 47 8 0 27 0 0 8 0 38 3 0 0 9 0 0 0 0 0 0 0 0 0 0 0 0 0 0 0 0 0 0 16 0 0 0 0 0 0 0 0 20 0 0 1 0 0 0 0 0 2 0 0 0 0 0 0 0 0 10 7 0 0 1 0 0 0 0 0 0 0 0 0 0 0 0 15 0 11 0 0 47 20 21 14 0 2 25 0 25 16 0 31 19 23 0 0 0 0 0 0 0 0 0 0 0 0 0 0 0 0 0 0 0 0 0 0 0 0 10 2 0 0 1 0 0 0 0 0 0 0 0 0 0 0 0 0 0 0 0 0 0 0 0 0 0 0 0 0 0 1 5 0 0 0 0 0 0 0 0 0 0 0 0 1 0 2 0 0 3 0 0 0 0 0 0 0 0 0 0 0 0 0 0 0 0 0 0 0 0 0 0 0 0 0 0 0 0 0 0 0 0 0 0 0 
 266 137 73 59 264 248 119 98 162 54 94 111 363 524 89 173 225 414 367 0 0 0 3 3 2 0 1 0 0 0 0 0 0 1 0 0 0 3 1 2 3 2 0 0 3 0 0 3 0 0 0 0 0 0 0 0 0 0 3 0 0 0 0 0 0 3 0 0 0 0 1 3 2 0 0 0 1 0 3 0 49 0 26 0 11 0 33 7 0 11 2 15 0 0 21 34 1 6 20 0 0 0 0 0 0 0 0 0 0 0 0 0 1 0 0 0 0 0 0 0 0 0 0 0 0 0 6 7 0 13 0 0 0 1 0 0 15 0 0 0 0 0 0 0 0 3 0 0 0 0 0 0 0 0 0 0 0 0 0 0 0 0 0 10 0 0 23 8 26 0 14 12 76 0 17 20 10 36 16 14 0 0 0 0 0 0 0 0 0 0 0 0 0 0 0 0 0 0 0 0 0 0 0 0 0 0 0 0 0 0 0 0 0 0 0 0 0 0 0 0 0 0 0 0 0 0 0 0 0 0 0 10 0 0 0 2 0 2 0 0 0 0 0 0 0 3 89 2 0 0 0 12 0 0 0 0 0 0 2 0 0 0 15 0 0 0 0 0 0 0 0 0 0 0 0 0 0 0 0 0 0 0 0 0 0 0 0 0 0 0 
 0 0 0 31 146 37 0 2 0 96 2 73 0 0 1 0 0 0 1 0 0 172 107 98 38 50 296 351 33 135 119 236 258 353 277 68 33 474 123 127 0 0 2 0 0 0 0 0 0 0 0 0 0 0 0 8 0 0 0 0 0 0 4 0 0 0 0 0 1 0 0 0 1 0 0 0 0 2 0 0 0 0 0 0 0 11 1 0 0 0 0 20 0 0 0 0 0 18 0 0 46 2 2 2 0 14 0 0 1 66 0 1 29 26 19 11 0 17 20 9 0 0 0 0 0 0 1 0 0 0 0 0 0 0 0 0 0 0 0 11 0 2 0 0 0 0 0 0 1 0 0 0 0 0 10 0 0 0 2 0 0 5 0 0 16 0 0 0 0 0 0 0 0 0 2 15 0 0 0 0 36 10 29 12 13 0 12 0 5 4 14 16 0 25 35 0 23 42 16 1 0 0 0 0 0 0 2 0 0 0 0 0 1 0 0 0 0 0 0 0 0 0 0 0 0 0 0 0 0 0 0 0 0 0 0 0 0 0 0 0 0 0 0 0 0 0 0 0 0 48 0 0 3 0 3 0 1 0 0 1 3 0 0 0 0 0 0 0 0 0 0 2 0 0 0 23 0 0 0 0 0 0 0 0 0 0 0 0 0 0 
 1 0 1 152 287 110 0 2 1 34 0 0 0 205 0 0 0 0 2 0 172 0 129 162 66 126 526 164 204 111 31 198 224 86 507 213 275 266 61 48 0 3 0 0 3 0 4 0 3 0 0 0 0 0 2 0 0 0 13 3 2 6 0 0 0 0 2 0 2 0 0 51 0 0 0 26 3 0 0 52 0 0 0 0 0 9 0 19 26 0 1 6 0 0 0 0 0 0 0 0 27 15 20 31 2 9 1 0 19 7 26 22 0 0 9 0 7 0 0 0 0 0 0 0 0 0 11 0 0 0 0 0 28 10 1 0 0 0 0 14 6 0 0 0 37 0 0 0 0 0 0 0 0 0 1 0 0 0 0 0 0 6 0 0 0 0 0 0 0 0 0 0 0 42 0 6 0 0 0 0 5 9 16 23 0 0 0 0 10 0 19 3 0 30 30 31 57 18 0 0 0 0 0 0 0 0 0 0 0 0 0 0 22 13 8 0 0 0 10 14 0 0 0 0 0 0 0 0 0 0 0 0 0 12 0 0 0 0 0 0 0 0 0 0 0 0 0 0 0 73 0 0 31 22 9 0 2 0 76 3 6 8 0 0 0 0 0 0 0 0 0 0 0 0 0 0 0 0 0 0 0 1 0 0 0 0 0 0 0 0 
 6 3 4 3 0 75 3 5 5 3 3 3 3 5 3 3 3 3 3 3 107 129 0 104 326 164 272 93 177 228 66 100 76 182 31 217 247 104 35 335 0 3 0 0 3 0 55 0 0 0 0 0 40 0 0 0 2 1 45 67 2 3 0 0 4 0 3 2 2 12 1 5 0 0 0 3 2 0 0 0 0 0 0 0 0 17 0 0 0 0 0 0 0 0 0 0 0 0 0 0 31 0 26 19 0 16 0 18 28 41 19 6 16 28 0 5 42 13 8 0 0 1 0 0 0 0 45 16 0 0 0 0 20 8 17 20 0 0 76 78 0 0 0 0 8 0 0 0 0 0 0 0 0 0 2 0 0 3 0 0 0 0 0 0 0 0 0 0 0 0 0 0 0 0 0 0 0 0 0 0 0 22 9 33 24 0 1 1 0 13 19 46 13 22 2 12 38 0 0 0 0 0 0 0 0 0 1 17 12 0 0 0 27 37 20 39 0 0 18 31 0 0 13 0 0 0 0 0 0 0 0 0 0 0 0 0 0 0 0 0 0 0 8 0 0 0 0 0 0 0 0 0 0 0 13 0 0 105 78 0 2 2 0 0 0 0 12 0 0 0 0 0 0 0 0 0 0 0 0 0 0 0 0 0 0 0 0 0 0 0 
 3 3 2 2 211 0 6 2 2 2 3 2 3 206 78 2 2 2 3 3 98 162 104 0 367 61 309 128 117 118 48 52 146 126 92 118 285 39 70 264 0 3 0 1 3 2 0 0 21 2 0 0 0 3 8 0 62 2 0 3 6 3 0 0 0 0 2 0 2 0 0 58 2 0 0 3 6 0 0 4 0 0 0 0 0 12 0 0 0 0 0 0 0 0 0 5 0 0 0 0 31 0 41 2 0 12 0 12 39 33 23 22 0 0 63 1 33 3 0 0 1 9 0 0 0 0 10 3 0 0 0 0 39 0 0 2 0 0 25 21 0 0 2 0 0 0 0 0 0 0 0 2 0 0 1 0 0 0 0 0 0 2 0 0 0 0 0 0 11 0 0 0 0 0 0 3 0 0 1 0 0 10 0 10 11 0 0 24 14 19 11 27 0 11 0 61 25 16 1 1 25 0 0 0 0 0 1 0 0 0 1 0 36 0 0 0 0 0 7 1 0 0 0 0 0 0 0 0 0 17 0 0 0 0 0 0 0 0 1 10 0 0 0 0 0 0 0 0 0 0 0 0 1 0 9 0 1 0 5 0 25 2 0 0 0 0 0 0 0 0 0 0 0 0 0 0 0 0 0 19 0 0 0 0 0 11 0 0 0 0 
 7 2 3 2 6 0 4 2 4 2 7 2 2 2 2 2 2 2 2 2 38 66 326 367 0 157 51 296 479 142 133 325 162 264 288 350 109 261 61 66 61 3 0 0 3 0 65 0 180 0 0 3 65 89 4 0 0 0 137 3 2 8 0 0 0 0 3 0 2 0 1 49 0 0 0 3 2 0 0 0 0 0 0 0 0 0 0 0 0 0 0 0 0 0 0 0 0 0 12 0 13 0 10 1 0 0 0 13 11 0 12 0 0 0 0 0 23 0 0 0 0 26 41 0 0 0 20 17 0 0 8 0 1 13 0 0 0 59 20 13 0 0 0 0 0 0 0 0 0 0 0 0 0 0 2 0 0 0 0 0 0 0 0 0 0 0 0 0 0 0 0 0 0 0 0 0 0 0 0 0 0 0 0 11 19 16 0 0 22 0 12 51 0 11 0 23 17 0 0 0 25 22 0 1 0 0 19 9 61 9 0 0 25 0 1 10 12 1 32 8 0 0 0 0 0 0 0 0 0 0 0 0 0 5 0 0 0 0 0 0 0 0 12 0 0 0 0 0 0 0 0 0 0 0 5 0 3 83 118 0 4 1 0 0 0 0 0 0 0 21 4 0 0 0 0 0 10 0 0 9 0 0 0 0 24 15 0 0 0 0 
 0 0 0 0 0 0 0 0 0 0 0 0 2 0 0 0 0 116 0 0 50 126 164 61 157 0 34 111 205 206 199 356 51 62 266 69 142 134 41 40 0 3 0 1 3 0 112 0 63 0 0 0 135 28 0 0 0 28 144 3 2 3 0 0 0 0 2 0 2 0 1 2 1 0 0 3 3 0 0 0 0 0 0 0 0 0 0 0 0 0 0 0 0 0 0 0 0 0 0 0 0 0 0 22 9 9 0 0 12 13 5 14 2 9 0 0 36 17 0 0 28 12 0 0 0 0 19 14 9 0 8 0 18 23 10 0 11 32 10 0 6 0 0 0 45 0 0 0 8 0 0 0 0 0 2 0 0 0 0 0 0 0 0 0 0 0 0 0 0 0 0 2 0 0 0 0 0 0 0 0 0 0 0 0 0 30 0 2 19 14 0 58 0 0 2 14 0 0 0 0 6 28 0 10 0 0 16 47 32 39 56 13 12 51 41 24 5 10 3 13 0 0 10 0 0 0 0 0 0 0 0 0 0 0 0 0 0 0 0 0 0 0 2 0 0 0 0 0 0 0 0 0 0 0 6 0 1 73 38 0 1 22 0 0 0 0 0 1 0 0 0 0 0 0 0 0 0 0 0 0 0 0 0 0 11 0 0 0 0 0 
 1 2 7 102 80 59 1 5 1 46 154 26 4 0 3 164 27 3 2 1 296 526 272 309 51 34 0 162 89 40 99 21 176 126 81 238 49 36 37 130 0 3 6 0 5 0 1 0 0 0 3 0 0 0 0 0 0 0 0 3 2 3 4 0 0 0 3 0 2 0 0 1 0 0 0 3 7 4 3 0 0 0 0 20 8 1 0 0 20 5 0 0 0 0 2 0 0 27 1 0 27 27 11 10 0 11 34 0 0 19 19 0 33 0 14 15 0 17 20 9 0 0 0 0 0 0 0 0 0 0 0 0 0 0 0 0 0 1 0 24 0 2 0 0 4 0 0 0 0 0 0 0 0 0 2 0 0 0 0 0 0 0 22 0 14 7 0 0 0 0 9 4 0 0 0 0 0 2 0 0 26 0 10 0 10 0 10 22 0 9 11 1 35 44 31 1 0 13 22 19 0 0 2 0 0 0 0 0 0 0 0 0 1 0 0 0 0 2 0 1 0 0 0 0 0 0 0 0 0 0 0 0 0 0 0 0 0 0 0 0 0 0 0 0 0 1 0 0 0 108 0 0 10 0 16 0 2 0 0 0 2 1 0 0 0 0 0 0 0 0 0 0 0 0 0 24 2 24 0 0 0 29 0 0 0 0 0 0 0 0 
 1 0 4 0 36 0 3 0 1 0 1 0 0 0 2 0 0 0 2 0 351 164 93 128 296 111 162 0 144 117 30 279 178 110 200 40 61 100 49 276 0 3 5 0 3 0 3 0 0 0 0 0 0 0 0 23 0 0 0 3 2 3 0 0 0 0 3 0 2 1 1 2 0 0 0 3 3 1 0 0 0 0 0 0 13 0 0 0 0 0 0 0 0 0 0 0 0 0 0 0 0 5 6 30 19 64 0 19 13 56 20 8 0 3 14 37 41 44 0 0 0 1 0 0 0 0 2 0 0 0 0 0 45 0 0 0 0 0 12 18 7 6 0 0 0 0 0 0 0 0 0 0 0 0 2 0 0 0 0 0 0 0 0 0 0 21 0 0 0 0 0 0 0 0 0 0 0 0 0 0 3 21 30 27 19 0 0 38 37 64 32 0 0 0 0 14 1 3 10 3 0 0 0 0 0 0 0 0 0 0 0 0 0 27 0 0 0 0 0 20 0 0 9 0 0 0 0 0 0 0 0 0 0 0 0 0 0 0 0 0 0 0 1 0 0 0 0 0 0 0 9 0 0 0 6 0 3 1 0 2 0 26 0 0 0 0 0 0 0 0 0 0 0 0 0 0 0 0 0 0 0 17 0 0 0 0 0 0 0 0 
 2 0 0 0 2 0 0 2 0 0 0 0 0 0 0 0 0 0 78 0 33 204 177 117 479 205 89 144 0 190 30 127 103 295 157 248 83 38 74 48 2 6 2 1 3 2 55 0 0 0 2 0 31 0 8 0 2 0 21 68 5 3 0 0 7 0 3 0 2 4 2 42 3 2 2 3 3 0 0 0 0 0 0 0 0 0 0 0 0 0 0 0 0 0 0 0 0 0 0 0 12 0 29 2 0 16 0 14 11 28 25 39 9 0 10 10 55 8 0 3 0 9 0 0 0 0 59 20 0 0 0 12 45 0 12 29 0 7 29 12 24 0 0 0 9 0 0 0 0 0 0 0 0 0 1 0 0 20 0 0 0 0 0 0 3 0 0 0 0 0 0 0 0 0 0 0 0 0 0 0 0 16 12 22 75 0 0 15 31 13 15 38 0 12 0 31 26 0 0 0 0 0 0 0 0 0 20 12 8 0 1 0 34 64 20 8 0 0 10 13 0 0 0 0 0 0 0 0 0 0 0 0 0 0 0 0 0 0 0 0 0 0 0 0 0 0 0 0 0 0 0 0 0 0 2 0 0 2 79 2 0 20 0 0 0 0 14 0 0 0 0 0 0 0 0 0 0 0 0 8 0 4 0 0 0 11 0 0 0 0 
 1 0 0 0 4 0 0 2 0 0 3 0 0 73 2 0 0 0 0 0 135 111 228 118 142 206 40 117 190 0 80 42 34 65 375 191 205 33 73 287 62 3 6 1 3 0 371 0 0 0 0 1 48 0 0 0 0 0 112 57 2 3 0 0 5 0 2 0 2 3 1 53 0 0 0 3 3 0 0 0 0 0 0 0 0 0 0 0 0 7 0 0 0 0 0 0 0 0 0 0 0 12 37 28 41 43 0 0 0 29 0 32 0 0 0 11 13 14 0 0 1 21 20 0 0 0 81 13 0 0 1 0 1 4 23 20 18 0 7 16 3 0 0 0 10 0 0 0 0 0 5 0 0 0 0 0 0 0 0 0 0 0 0 0 0 0 0 0 0 0 0 0 0 0 0 0 0 0 0 0 10 0 27 18 23 31 0 0 1 9 22 9 0 0 0 9 0 0 0 9 9 0 0 0 0 0 42 17 34 1 0 0 12 63 36 49 0 7 10 63 0 0 0 0 0 0 0 0 0 0 0 0 0 0 0 1 0 0 0 0 0 0 0 0 0 0 0 0 0 0 0 0 0 0 2 3 0 88 75 0 2 9 0 0 0 0 15 0 0 0 0 0 0 0 0 0 0 0 0 0 0 28 0 0 0 0 0 0 0 0 
 0 0 0 3 1 23 0 2 0 0 0 0 0 0 0 0 0 0 0 0 119 31 66 48 133 199 99 30 30 80 0 133 36 197 101 89 271 229 331 259 0 3 0 1 3 0 9 0 0 0 0 0 0 0 4 0 0 0 0 6 2 3 0 8 0 0 3 0 2 0 0 1 0 0 0 3 3 1 0 0 0 0 0 0 5 0 0 0 0 0 0 0 0 0 2 0 0 0 2 0 0 0 0 0 29 1 0 9 17 19 15 0 0 28 23 2 1 29 0 0 0 17 0 0 0 0 0 0 0 0 0 0 17 0 0 0 0 23 12 17 0 0 0 0 0 0 0 0 0 0 0 0 0 0 2 0 0 25 0 0 0 0 0 0 0 0 0 0 0 0 0 0 0 0 0 0 0 1 0 0 0 0 2 17 9 23 0 0 0 11 4 39 12 0 0 0 12 8 18 32 0 0 1 0 0 0 0 0 0 7 0 0 16 25 0 0 0 1 0 0 0 0 0 0 0 0 0 0 0 14 0 0 0 0 0 0 0 0 0 0 0 0 0 0 0 2 0 0 0 0 0 0 0 0 9 0 0 75 1 2 1 0 63 0 0 0 0 0 0 0 0 0 0 0 0 0 1 0 0 0 0 0 0 0 2 0 0 0 0 0 
 3 0 0 0 2 0 0 0 0 0 0 0 0 0 0 0 0 0 0 0 236 198 100 52 325 356 21 279 127 42 133 0 92 48 32 40 165 154 54 248 128 117 0 0 68 0 100 0 61 1 2 0 6 62 0 0 62 1 121 5 2 5 2 2 0 0 9 0 6 0 6 3 0 0 0 3 5 0 0 0 0 0 0 0 0 0 0 0 0 0 0 0 0 0 0 0 0 0 0 0 0 0 0 27 18 1 0 0 10 10 13 0 0 0 0 2 12 0 0 0 3 15 13 0 0 0 12 12 0 0 12 0 6 28 0 1 17 32 2 1 57 0 0 0 13 0 0 0 0 0 0 1 0 2 2 0 0 1 0 0 0 2 0 0 0 0 0 0 0 0 0 0 0 0 0 0 1 0 0 0 0 1 0 1 5 50 0 0 11 11 0 1 0 0 0 12 0 0 0 0 13 21 0 1 0 0 27 1 29 22 18 0 13 40 18 3 10 0 28 12 0 0 0 0 0 0 0 0 0 0 0 0 0 0 0 0 0 0 2 0 0 0 10 0 0 0 0 0 0 0 0 0 0 0 4 0 2 79 6 15 2 15 0 0 0 9 0 0 0 0 0 0 0 0 0 0 0 0 0 0 0 0 0 0 24 0 0 0 0 0 
 0 0 83 178 152 76 0 2 0 52 2 51 0 0 3 74 74 75 6 0 258 224 76 146 162 51 176 178 103 34 36 92 0 297 194 118 46 109 235 50 0 3 0 1 3 1 0 0 0 3 0 0 0 3 4 0 66 62 0 3 2 3 9 0 0 0 16 11 8 0 0 0 1 0 0 3 3 4 0 0 0 0 26 20 15 16 0 24 0 0 0 5 0 0 0 3 0 19 0 0 12 0 0 0 0 0 18 0 0 19 1 20 35 1 9 12 1 0 37 45 1 0 0 0 0 0 0 0 4 0 0 0 0 1 0 0 0 0 0 11 15 0 0 0 0 0 0 0 0 0 0 0 0 0 0 0 0 0 0 0 0 23 18 20 31 64 0 0 20 17 20 1 0 1 0 3 0 17 0 0 4 3 46 0 0 0 12 11 10 0 0 0 0 18 67 0 0 8 0 12 0 0 0 0 0 0 1 0 0 0 0 0 0 0 0 0 0 0 0 0 0 0 0 0 0 0 0 0 0 0 0 0 0 0 0 0 0 0 0 0 0 0 0 0 0 0 76 0 0 74 3 0 11 1 5 0 0 0 0 0 0 2 0 0 0 0 0 0 0 0 0 0 10 0 0 27 0 0 0 0 0 0 0 0 0 0 0 0 0 0 
 0 0 0 150 2 0 3 1 0 146 0 68 0 0 0 78 0 0 4 1 353 86 182 126 264 62 126 110 295 65 197 48 297 0 170 46 111 185 830 458 2 3 0 0 6 0 3 0 0 0 0 0 0 1 0 0 4 0 1 4 2 3 4 0 0 0 3 0 3 2 0 0 0 0 0 3 3 1 2 0 0 0 0 12 0 9 0 0 0 0 0 1 1 0 0 2 0 5 0 0 32 0 8 0 0 0 17 26 36 0 17 18 19 8 17 0 41 21 7 22 0 0 0 0 0 0 0 0 0 0 0 0 0 0 0 0 7 0 16 25 1 0 0 0 0 0 0 0 0 0 0 0 0 0 1 0 0 5 0 0 0 7 12 0 13 38 0 0 0 0 0 0 0 0 0 27 0 0 0 0 1 33 17 0 39 0 19 0 11 19 0 18 0 10 27 36 59 17 0 0 0 0 0 0 0 0 0 0 0 0 0 0 35 1 0 24 0 0 0 2 0 0 0 0 12 0 0 0 0 0 0 0 0 0 0 0 0 0 0 0 0 0 0 0 0 0 0 0 0 74 0 0 22 0 4 0 0 45 0 2 19 1 0 0 0 0 0 0 0 0 0 0 0 0 0 9 0 0 0 0 0 0 0 0 0 11 0 0 0 0 
 2 0 0 210 76 137 1 0 0 0 3 83 3 0 0 0 0 0 4 0 277 507 31 92 288 266 81 200 157 375 101 32 194 170 0 181 288 203 180 201 0 6 10 144 3 0 3 0 0 0 3 0 0 0 0 0 3 1 0 3 3 3 3 3 2 0 3 0 4 0 0 0 0 2 0 9 3 1 0 0 0 0 0 0 1 0 0 0 0 0 1 37 0 0 0 0 0 0 0 0 0 19 8 65 0 9 0 0 8 45 13 0 0 44 0 6 15 22 0 14 0 0 0 0 0 0 0 0 0 0 0 0 7 0 0 0 0 0 0 18 4 0 0 0 0 9 0 0 0 0 0 0 0 0 2 2 0 0 0 0 0 0 0 0 0 0 0 0 0 2 1 0 1 0 0 4 0 0 0 0 21 19 35 10 14 0 0 0 22 51 8 0 54 12 13 12 25 13 21 7 0 0 0 0 0 0 0 0 0 0 0 0 0 13 0 0 0 0 17 0 0 0 0 0 0 0 0 0 1 0 0 0 0 0 0 0 0 0 0 0 0 0 0 0 0 0 0 0 0 1 0 0 0 0 18 0 0 1 0 3 3 12 0 0 0 0 0 0 0 0 0 0 0 0 0 0 0 0 0 0 0 13 0 0 0 0 0 0 0 0 
 1 0 4 0 0 38 0 0 0 0 0 0 0 0 2 0 0 0 4 0 68 213 217 118 350 69 238 40 248 191 89 40 118 46 181 0 239 55 165 58 0 3 0 38 3 0 69 0 4 0 0 0 61 0 1 3 0 4 125 6 2 3 0 12 0 0 2 0 2 0 0 1 0 0 0 3 3 0 0 0 0 0 0 0 0 9 0 0 0 0 1 0 0 1 0 0 0 0 0 0 15 1 24 9 0 8 1 22 7 1 16 13 0 0 34 0 14 0 0 0 0 0 0 0 0 0 29 0 0 0 0 0 0 0 0 0 0 0 0 39 26 0 0 0 7 0 0 0 0 0 0 0 0 0 19 0 22 0 0 0 0 8 0 0 0 0 0 0 0 0 0 0 0 0 0 6 0 0 0 0 0 10 0 22 36 12 0 17 23 0 8 12 0 17 18 14 28 5 0 27 0 0 0 0 0 0 0 0 0 0 0 0 0 0 11 1 0 0 16 0 5 0 0 0 0 0 0 0 0 0 0 0 0 0 0 0 0 0 0 0 0 0 0 0 0 0 0 0 0 0 0 0 0 0 5 0 0 0 0 1 81 18 0 0 0 0 0 0 0 0 0 0 0 0 0 0 0 0 0 6 0 13 0 0 0 0 6 0 0 0 
 0 0 0 0 0 21 4 3 1 1 1 0 0 0 2 0 0 0 0 0 33 275 247 285 109 142 49 61 83 205 271 165 46 111 288 239 0 203 34 132 0 3 0 1 3 0 18 0 0 0 0 0 31 0 4 0 0 0 89 3 2 3 0 9 0 0 3 0 2 0 1 3 0 0 0 3 3 0 0 1 0 0 0 0 0 29 2 0 0 0 0 0 0 0 0 0 0 0 0 0 18 1 11 19 12 39 0 11 52 8 74 0 0 50 26 13 21 21 13 0 0 1 0 0 0 0 32 0 0 0 0 0 1 8 1 0 0 0 7 34 0 0 0 0 5 0 0 0 0 0 0 0 0 0 2 0 0 5 2 0 0 0 0 0 0 0 0 0 0 0 0 0 0 0 1 0 0 0 19 0 0 0 10 40 21 0 0 13 27 11 39 61 22 23 0 53 37 9 0 15 0 33 0 7 0 0 0 13 9 0 0 0 18 25 0 9 0 0 11 36 0 0 0 0 0 0 0 0 0 0 0 13 0 0 0 0 0 0 0 0 0 0 10 0 0 0 0 0 0 0 0 0 0 0 9 0 2 12 74 0 0 0 0 0 0 0 0 0 0 0 0 0 0 0 0 0 0 0 0 0 0 0 0 0 0 0 17 0 0 0 
 3 3 7 3 4 25 6 5 3 3 4 3 3 3 5 3 36 5 3 3 474 266 104 39 261 134 36 100 38 33 229 154 109 185 203 55 203 0 183 300 0 3 0 0 3 1 0 0 0 0 0 0 0 0 2 0 0 0 0 3 2 3 0 13 0 1 3 0 2 0 0 0 0 0 0 3 3 1 0 0 0 0 0 0 0 23 0 0 0 0 0 0 0 0 0 0 0 0 0 0 9 2 9 1 7 0 0 12 38 8 37 7 0 54 35 17 33 16 13 0 0 0 0 0 1 0 0 0 0 0 0 0 19 0 0 0 1 0 0 14 0 0 0 0 0 0 0 0 0 0 0 0 0 0 2 0 0 3 0 0 0 1 0 0 0 0 0 0 0 0 0 0 0 0 0 0 0 0 0 0 0 1 0 12 11 0 0 18 26 11 8 10 44 22 0 26 10 28 9 10 0 0 0 0 0 0 12 0 0 0 0 0 0 15 0 0 0 0 0 1 0 0 0 0 0 0 0 0 0 0 0 0 0 0 0 0 0 0 0 0 0 0 14 0 0 0 0 0 2 0 0 0 0 0 2 0 0 75 2 2 13 3 0 0 0 0 0 0 0 0 0 0 0 0 0 0 0 0 0 0 0 5 0 0 0 14 0 0 0 0 
 0 0 15 78 78 75 3 0 154 146 0 78 0 1 75 78 2 0 1 1 123 61 35 70 61 41 37 49 74 73 331 54 235 830 180 165 34 183 0 337 0 3 0 1 4 0 0 0 0 0 0 0 0 0 0 0 0 1 0 3 2 18 0 0 0 0 3 0 2 0 50 0 0 0 0 8 3 1 0 0 0 0 18 27 11 10 0 35 23 18 0 0 0 0 10 0 13 23 0 0 1 10 0 0 19 0 21 8 19 0 15 0 18 17 9 0 1 31 14 29 0 0 0 0 0 12 0 0 0 0 0 1 0 0 0 0 0 0 0 0 0 0 0 0 0 0 0 0 0 0 0 0 0 0 0 0 0 0 0 0 0 10 0 0 12 0 0 0 9 0 9 0 0 0 0 13 0 13 0 0 14 12 15 15 0 0 20 7 0 15 18 8 3 38 0 1 0 8 6 29 0 0 0 0 0 0 0 0 0 0 0 0 0 0 0 0 0 0 0 0 1 0 0 0 0 0 0 0 0 0 0 1 0 0 0 0 0 0 0 0 0 0 1 0 0 0 1 0 0 0 0 0 0 0 0 0 1 0 0 2 4 2 0 0 0 0 0 0 0 0 0 0 0 0 0 14 0 0 0 0 0 0 0 0 0 0 0 0 0 0 
 2 2 2 152 20 1 2 2 2 27 77 10 2 2 2 13 79 4 4 2 127 48 335 264 66 40 130 276 48 287 259 248 50 458 201 58 132 300 337 0 0 4 0 2 2 0 0 0 0 3 0 0 0 0 0 0 7 0 0 4 2 2 0 9 0 0 1 0 2 0 0 0 0 0 0 3 3 0 0 0 2 0 0 17 27 0 0 0 1 1 10 0 0 0 0 0 0 0 0 0 11 7 1 0 7 0 11 10 7 0 9 0 0 38 25 1 24 20 0 18 0 0 0 0 0 0 0 1 0 0 2 0 0 0 0 0 0 0 0 1 0 4 0 0 0 0 0 0 0 0 0 0 8 0 1 0 0 0 0 2 0 0 0 0 11 28 0 0 0 0 0 0 0 0 0 0 0 0 0 0 1 3 28 8 0 2 10 1 14 10 8 22 71 0 9 0 21 19 37 10 0 0 0 0 0 0 0 0 0 0 0 0 11 0 0 0 13 0 2 0 0 0 0 0 0 0 0 1 1 0 0 0 0 2 0 0 0 0 0 0 0 0 0 0 0 0 0 0 0 0 0 0 0 0 3 0 2 2 0 0 1 0 0 0 0 0 0 0 0 0 0 0 0 0 0 0 0 1 0 0 0 0 0 0 0 20 0 0 0 0 
 3 3 3 3 0 0 5 3 3 3 3 3 3 3 3 3 3 3 3 3 0 0 0 0 61 0 0 0 2 62 0 128 0 2 0 0 0 0 0 0 0 227 60 53 275 47 165 177 31 95 32 49 72 39 199 34 314 106 56 388 49 0 0 3 50 0 0 0 0 2 0 1 0 0 0 0 9 7 2 0 0 0 0 0 0 0 0 0 0 0 0 0 0 0 0 0 0 0 0 0 0 0 0 0 0 0 0 8 0 1 0 0 0 0 0 1 0 0 0 0 0 23 34 0 0 11 18 65 27 0 22 0 0 21 0 19 1 11 0 0 0 0 8 0 10 0 0 0 0 1 1 5 0 0 2 14 0 1 11 0 0 0 0 0 0 0 0 1 0 0 0 0 0 13 0 0 5 0 0 0 0 1 0 0 0 20 0 0 0 0 0 0 0 0 0 0 14 0 0 0 39 19 13 17 7 7 29 8 12 11 27 0 16 19 18 1 13 7 30 14 0 0 0 0 0 0 0 0 0 1 6 6 0 0 0 0 7 0 0 6 0 0 0 0 0 0 0 0 0 0 0 4 0 0 0 0 0 29 0 18 0 0 3 0 64 9 3 0 0 0 3 0 0 0 0 5 0 0 0 0 0 0 0 0 0 0 0 0 0 0 
 2 2 2 2 0 0 4 2 2 2 3 2 5 2 4 2 2 2 2 2 0 3 3 3 3 3 3 3 6 3 3 117 3 3 6 3 3 3 3 4 227 0 90 86 136 35 60 300 129 130 37 167 112 399 183 112 90 85 55 334 0 0 1 0 205 0 0 67 0 0 3 0 54 0 0 0 0 1 81 0 0 0 0 0 0 0 0 0 0 0 0 0 0 0 0 0 0 0 0 0 0 0 0 0 0 0 0 0 0 0 0 0 0 0 0 0 0 0 0 0 0 13 12 14 39 1 8 0 29 15 91 7 0 0 10 10 8 23 10 0 0 13 0 0 0 0 0 10 0 0 0 0 13 0 7 1 0 0 19 75 12 5 0 0 0 0 0 7 0 0 0 0 0 3 0 0 0 0 0 2 0 0 0 0 0 0 0 0 0 0 0 0 0 0 0 0 0 0 0 0 17 0 16 33 40 21 0 9 0 0 11 30 23 0 0 8 13 25 0 0 0 1 0 0 0 0 0 0 0 0 0 0 0 0 0 0 0 0 0 29 0 0 0 0 0 0 0 0 0 0 0 7 0 0 0 0 0 0 0 0 0 0 65 0 2 2 0 65 2 0 31 0 0 0 0 0 0 0 0 0 6 0 0 0 64 7 0 0 0 0 
 0 0 0 0 0 0 0 0 0 0 3 0 2 0 0 0 0 0 3 0 2 0 0 0 0 0 6 5 2 6 0 0 0 0 10 0 0 0 0 0 60 90 0 168 62 210 52 186 92 180 400 19 45 40 56 90 88 45 31 58 22 1 0 0 3 0 0 51 3 0 5 10 49 0 0 2 4 6 0 0 0 0 0 0 0 0 0 0 0 0 0 0 0 0 0 0 0 0 6 0 0 13 8 26 0 14 0 0 0 5 10 0 0 0 0 4 0 11 0 20 15 23 15 44 13 11 0 0 0 10 0 11 18 0 0 0 20 0 22 0 0 0 9 6 0 0 22 10 27 0 0 0 0 0 2 20 0 0 1 0 0 0 0 0 0 0 0 0 5 0 0 0 0 2 0 0 0 0 0 0 16 0 0 6 8 0 0 4 6 3 5 0 0 0 0 0 0 0 0 20 0 0 18 17 19 31 0 0 0 0 2 28 64 0 0 0 29 9 0 0 1 14 0 0 0 0 56 0 0 0 0 1 14 1 13 46 0 0 0 0 0 0 7 0 0 0 0 0 0 0 0 15 0 2 0 0 0 0 2 1 0 0 0 80 3 0 0 0 0 0 0 0 1 0 0 0 0 0 0 0 0 10 0 0 31 0 0 3 2 0 
 0 0 0 0 0 2 0 0 2 0 0 5 0 0 0 0 0 0 3 0 0 0 0 1 0 1 0 0 1 1 1 0 1 0 144 38 1 0 1 2 53 86 168 0 153 86 85 130 67 321 597 124 68 97 156 116 133 181 53 292 25 0 0 0 0 0 0 54 0 0 4 0 0 0 209 0 0 1 0 54 0 0 0 0 0 0 0 0 0 0 0 0 0 0 0 0 0 7 0 4 0 0 0 0 0 0 0 0 0 0 0 0 0 0 0 0 0 0 0 0 5 0 15 4 10 4 0 16 11 10 9 10 0 6 3 16 16 10 0 0 14 0 7 1 0 0 5 0 0 0 0 3 8 13 17 1 0 0 0 11 0 0 10 0 0 0 0 5 0 0 0 0 0 0 0 0 8 0 0 0 0 0 0 0 0 0 0 0 0 0 0 0 0 0 0 7 0 0 0 0 3 33 41 2 3 11 10 6 0 1 0 21 0 0 0 0 2 0 1 4 19 15 9 0 0 0 11 0 0 0 0 0 1 10 15 9 10 0 11 8 0 0 0 0 0 0 0 0 0 0 0 3 0 1 1 0 0 0 1 2 0 0 1 0 0 0 2 0 0 0 0 0 0 0 0 0 0 0 0 0 0 3 1 0 0 0 0 0 1 0 
 3 2 3 3 0 0 3 4 3 3 2 3 2 3 3 3 3 2 3 3 0 3 3 3 3 3 5 3 3 3 3 68 3 6 3 3 3 3 4 2 275 136 62 153 0 98 53 300 576 123 97 171 52 349 97 89 73 46 74 77 1 0 0 0 5 4 0 1 0 0 1 0 0 0 0 0 0 2 20 0 0 0 0 0 0 0 0 0 0 0 0 0 0 0 0 0 0 0 11 0 0 0 0 0 0 0 0 0 0 0 0 0 0 0 0 0 0 0 0 0 0 28 0 36 36 0 0 0 0 11 14 17 0 0 0 0 6 0 0 0 0 46 0 7 15 0 0 8 0 4 0 0 17 11 2 50 0 0 41 37 10 0 0 0 0 0 0 0 0 0 0 0 0 0 0 0 0 0 0 11 0 0 0 0 0 0 0 0 0 0 0 0 0 0 0 0 0 0 0 0 0 0 0 0 28 43 0 0 13 23 13 37 0 0 4 0 0 29 0 0 16 35 0 0 0 0 3 19 0 8 3 4 0 12 1 0 0 10 12 32 0 0 0 0 0 0 0 0 0 0 0 5 0 0 0 0 0 0 0 0 0 12 2 0 0 0 0 0 3 0 0 0 0 0 0 0 0 0 0 0 0 0 0 0 0 0 0 0 1 3 
 0 0 4 0 0 2 3 1 0 0 0 0 2 0 2 0 0 0 4 0 0 0 0 2 0 0 0 0 2 0 0 0 1 0 0 0 0 1 0 0 47 35 210 86 98 0 72 73 55 137 125 64 38 43 52 145 130 72 36 115 52 3 3 0 3 2 2 22 0 0 2 0 45 2 50 0 0 2 58 0 0 0 0 0 0 0 5 0 0 0 0 0 5 0 0 0 0 0 1 0 0 0 0 0 0 0 0 0 0 0 0 0 0 0 0 0 0 0 0 0 0 0 0 16 36 9 0 0 0 25 20 10 0 0 0 1 20 0 0 0 10 0 8 8 0 0 28 0 3 0 0 0 0 0 29 21 0 19 0 0 0 0 1 0 0 4 0 0 6 0 0 0 5 0 0 0 0 0 0 7 0 0 3 0 0 0 0 0 0 0 0 0 0 0 0 0 0 0 0 19 15 0 6 1 18 29 0 0 26 20 12 14 0 0 0 7 0 8 0 0 0 25 0 0 0 0 65 20 0 0 0 0 28 0 6 19 1 20 0 0 0 0 0 0 0 0 0 0 0 0 0 8 0 0 0 0 0 0 0 0 0 0 10 36 6 0 0 0 0 0 10 0 0 0 0 0 0 0 0 0 0 0 0 0 0 0 0 0 0 0 
 0 0 0 0 0 0 2 0 0 0 0 0 3 0 0 0 0 0 0 0 0 4 55 0 65 112 1 3 55 371 9 100 0 3 3 69 18 0 0 0 165 60 52 85 53 72 0 69 297 50 47 39 169 82 51 32 22 232 103 139 0 0 0 0 4 0 0 0 0 3 1 3 0 0 0 0 0 0 0 0 0 0 0 0 0 0 0 0 0 0 0 0 0 0 0 0 0 0 0 0 0 9 35 11 20 32 0 0 0 17 0 22 1 0 0 19 26 7 0 0 1 19 0 0 0 0 35 18 0 0 0 0 30 7 13 22 11 3 49 0 2 0 0 0 1 0 0 0 0 0 3 0 0 0 0 0 0 0 0 0 0 0 0 0 0 0 0 0 0 0 0 0 0 0 0 0 0 0 0 0 0 8 15 8 3 41 0 0 1 17 1 11 0 0 0 10 0 0 0 0 0 0 0 0 0 0 25 20 7 0 0 0 26 48 44 17 0 0 0 39 0 0 0 0 0 0 0 0 0 0 0 0 0 0 0 0 0 0 0 0 0 0 0 0 0 0 0 0 0 0 0 1 0 0 0 0 0 61 67 0 0 1 0 0 0 2 16 0 0 0 0 0 0 0 0 0 0 0 0 0 0 8 0 0 5 0 0 0 0 8 
 2 2 3 3 0 2 2 2 2 2 2 3 2 3 5 3 2 2 3 3 0 0 0 0 0 0 0 0 0 0 0 0 0 0 0 0 0 0 0 0 177 300 186 130 300 73 69 0 158 160 72 99 65 62 164 52 85 114 38 175 0 6 0 1 0 0 6 3 7 0 2 0 1 2 8 3 0 3 9 0 0 0 0 0 15 0 0 0 0 0 0 0 0 0 0 0 0 0 0 0 0 0 0 0 0 0 0 0 0 0 0 12 0 0 0 0 0 0 0 0 7 11 16 15 12 0 0 17 41 24 1 0 4 0 17 8 0 14 34 0 0 3 0 12 0 0 9 26 12 0 0 0 0 3 3 0 2 0 8 19 11 0 5 0 0 0 0 0 0 0 0 0 0 0 0 0 13 0 0 3 0 0 0 0 0 0 0 0 0 0 1 0 0 0 0 0 0 0 0 0 74 1 9 7 0 24 7 20 0 0 0 0 10 0 10 0 23 0 0 19 11 0 13 0 0 2 0 0 0 0 0 0 3 0 0 0 0 0 0 48 0 0 0 0 0 0 0 0 0 0 0 12 0 0 0 0 0 74 0 0 0 0 12 0 0 2 1 65 2 0 7 0 0 0 0 0 0 0 0 0 0 0 0 0 10 17 0 7 0 0 
 0 0 0 0 0 0 2 0 0 0 0 0 0 0 0 0 0 0 1 0 0 3 0 21 180 63 0 0 0 0 0 61 0 0 0 4 0 0 0 0 31 129 92 67 576 55 297 158 0 145 21 336 159 161 158 136 114 197 89 238 0 0 0 0 0 0 14 0 0 0 2 0 62 3 0 0 0 2 0 0 0 0 0 0 0 0 0 0 0 0 0 0 0 0 0 0 0 0 0 0 0 0 0 0 0 0 0 0 0 0 0 0 0 0 0 0 0 0 0 0 26 11 7 5 22 5 0 1 17 22 39 33 0 15 28 9 9 46 12 0 6 0 0 0 0 12 0 0 0 0 0 1 0 0 1 0 0 0 1 12 0 0 0 0 0 0 0 0 12 0 0 0 0 0 0 1 0 0 0 5 0 0 0 0 0 6 0 0 0 0 0 0 0 0 0 0 10 0 0 5 16 20 13 11 5 0 1 19 18 38 47 0 0 0 7 7 29 20 4 9 0 0 0 0 0 0 16 20 0 0 0 0 0 0 0 0 0 0 17 20 0 0 12 0 0 0 0 0 0 0 0 15 0 0 0 0 0 0 0 1 0 0 67 0 2 0 0 0 0 0 12 0 0 0 0 0 0 0 0 0 0 0 6 0 10 13 0 0 0 0 
 0 0 0 0 3 0 0 0 0 61 0 1 0 0 0 0 0 0 2 0 0 0 0 2 0 0 0 0 0 0 0 1 3 0 0 0 0 0 0 3 95 130 180 321 123 137 50 160 145 0 273 173 41 84 383 321 311 67 263 101 52 2 0 206 0 0 0 7 0 0 5 29 5 0 0 0 0 2 0 7 0 0 0 0 0 0 0 0 0 0 0 0 0 0 0 0 0 0 0 0 0 0 0 0 0 0 0 0 0 0 0 0 0 0 0 0 0 0 0 0 0 0 13 6 59 0 0 11 14 21 19 7 0 1 3 28 6 8 0 0 3 0 0 0 0 0 0 0 0 0 0 0 2 0 12 0 0 0 0 12 0 0 3 0 0 0 0 0 0 0 0 0 0 0 0 0 19 0 0 0 0 0 0 0 0 0 0 0 0 0 0 0 0 0 0 0 0 0 0 0 0 1 16 0 1 27 22 0 9 0 0 9 0 0 0 12 0 10 1 0 11 24 2 0 0 0 24 21 0 0 0 0 7 0 41 3 0 0 16 6 0 0 0 0 0 0 0 0 0 0 0 0 0 0 0 0 0 0 0 13 0 0 0 0 0 4 2 5 0 0 0 0 0 0 0 0 0 0 0 0 0 0 3 0 0 0 0 0 0 0 
 1 4 3 0 2 0 5 0 0 0 3 0 0 0 0 0 0 0 0 0 0 0 0 0 0 0 3 0 2 0 0 2 0 0 3 0 0 0 0 0 32 37 400 597 97 125 47 72 21 273 0 233 24 69 139 87 111 65 33 77 74 4 0 0 1 2 2 31 3 2 1 2 7 0 51 2 3 2 1 51 0 0 0 0 0 0 0 1 0 0 6 0 0 0 7 11 7 5 0 11 0 0 0 0 0 0 0 0 0 0 0 0 0 0 0 0 0 0 0 0 0 0 0 0 85 7 0 0 0 25 18 0 0 0 0 0 1 0 0 0 11 0 0 28 0 0 16 0 11 0 0 0 0 0 13 10 0 0 0 26 27 0 7 6 0 2 41 0 8 6 1 0 0 6 5 0 0 0 0 0 0 0 0 0 0 0 0 0 0 0 0 0 0 0 0 0 0 0 0 0 0 0 0 3 10 61 0 0 0 1 10 36 0 0 0 0 0 0 0 0 11 23 12 0 0 0 14 11 0 0 0 0 10 0 12 24 10 9 11 8 0 3 0 0 0 0 0 0 0 0 0 4 0 1 0 0 0 0 1 2 0 0 0 4 4 0 0 63 0 0 22 0 0 10 0 0 0 0 0 0 0 3 0 0 0 0 0 0 1 0 
 0 0 0 0 0 0 3 0 0 0 0 0 3 0 0 0 0 0 0 0 0 0 0 0 3 0 0 0 0 1 0 0 0 0 0 0 0 0 0 0 49 167 19 124 171 64 39 99 336 173 233 0 30 97 29 112 77 160 30 28 20 0 1 2 85 0 2 51 0 0 21 0 3 0 0 0 2 1 2 96 0 0 0 0 0 0 0 0 0 0 0 0 0 0 0 0 0 0 0 0 0 0 0 0 13 0 18 0 0 0 0 0 0 0 0 0 0 0 0 0 0 12 0 20 26 0 0 0 0 35 13 9 0 0 0 0 65 0 0 0 2 11 0 2 0 0 0 0 0 0 0 2 23 27 2 0 0 17 10 16 2 0 0 0 0 0 0 0 0 0 0 0 0 12 0 0 0 0 0 3 0 0 0 0 0 0 0 0 0 0 0 0 0 0 0 0 0 0 0 0 0 0 0 0 0 19 0 0 0 9 0 25 0 0 0 6 0 9 0 0 3 35 15 0 0 13 24 1 0 2 0 1 1 16 43 21 10 6 3 6 0 0 0 0 0 0 0 0 0 0 0 5 1 0 0 0 0 0 0 15 0 0 0 2 2 4 2 33 0 0 0 0 0 0 0 1 0 0 0 0 0 0 0 0 0 7 0 0 0 0 
 0 0 0 61 0 0 0 0 0 0 0 0 0 0 0 0 0 0 0 0 0 0 40 0 65 135 0 0 31 48 0 6 0 0 0 61 31 0 0 0 72 112 45 68 52 38 169 65 159 41 24 30 0 122 138 53 83 80 285 132 2 0 0 0 0 0 0 0 3 0 1 66 2 0 2 0 0 2 0 0 0 0 0 0 0 0 0 0 0 0 0 0 0 0 0 0 0 0 0 0 0 0 13 13 7 29 0 0 0 16 0 10 0 0 0 0 3 26 0 0 22 0 0 11 4 34 4 15 28 0 8 0 0 21 6 5 7 19 6 0 4 0 0 21 0 0 0 0 0 0 4 0 0 0 0 0 0 0 17 0 0 0 0 0 0 27 0 0 0 0 0 0 0 0 0 0 0 0 0 0 0 0 8 9 0 23 0 0 1 0 0 9 0 0 0 0 0 0 0 0 18 13 12 19 14 0 10 27 19 38 25 0 0 8 11 66 10 29 0 0 0 39 0 0 0 0 0 0 0 0 0 0 0 0 0 0 0 0 7 20 0 0 20 0 0 0 0 0 0 0 0 5 0 0 0 0 0 0 61 0 0 0 0 0 65 1 0 1 27 0 0 0 0 0 0 0 0 0 0 0 0 6 6 0 0 16 0 0 0 0 
 0 4 4 0 3 0 4 0 0 0 2 0 6 0 0 0 65 0 0 0 0 0 0 3 89 28 0 0 0 0 0 62 3 1 0 0 0 0 0 0 39 399 40 97 349 43 82 62 161 84 69 97 122 0 164 119 44 120 297 158 0 0 0 0 0 0 0 0 0 0 2 0 2 0 0 0 1 2 0 0 0 0 1 0 0 0 0 0 0 0 0 2 0 0 1 7 0 7 0 9 0 0 0 0 0 0 0 0 0 0 0 0 0 0 0 0 0 0 0 0 28 27 0 2 0 16 0 12 7 19 30 39 0 10 11 7 0 12 0 0 0 0 0 0 2 0 0 0 0 11 0 0 0 0 2 1 0 0 18 13 7 0 1 5 0 0 10 2 1 1 3 0 0 5 7 0 0 0 0 11 0 0 0 0 0 13 0 0 0 0 0 0 0 0 0 0 0 0 0 0 27 26 1 14 0 0 0 26 9 27 34 0 0 0 10 9 25 23 0 0 0 0 0 0 0 0 14 0 0 0 0 0 0 0 0 0 8 0 12 28 0 2 4 0 0 0 0 0 0 0 0 5 0 2 0 13 0 2 2 1 0 0 1 10 0 4 2 1 0 0 0 0 0 0 2 0 0 0 0 0 0 0 0 0 0 0 0 0 2 10 
 0 0 0 0 0 2 2 3 0 0 0 5 0 0 0 0 0 0 0 0 0 2 0 8 4 0 0 0 8 0 4 0 4 0 0 1 4 2 0 0 199 183 56 156 97 52 51 164 158 383 139 29 138 164 0 149 112 98 49 147 50 1 0 2 0 0 57 1 3 0 4 3 22 0 0 0 0 1 0 0 0 0 0 0 0 0 0 0 0 0 0 0 0 0 0 0 0 0 0 0 0 0 0 0 0 0 0 0 0 0 0 3 0 0 0 0 0 0 0 0 0 3 13 0 6 11 0 32 47 0 1 10 2 0 7 18 0 26 29 0 0 0 0 0 0 0 0 0 0 0 0 0 0 0 10 0 0 0 8 6 0 0 13 0 0 0 0 0 0 0 0 0 0 0 0 0 8 0 0 0 0 0 0 0 0 0 0 0 0 0 0 3 0 0 0 3 1 0 0 0 37 13 16 15 0 3 5 11 0 0 11 0 3 0 1 12 10 12 0 34 14 0 0 0 0 0 0 0 0 0 0 0 0 0 0 0 0 0 0 11 0 0 0 0 0 0 0 0 0 24 0 12 0 2 0 0 0 0 14 0 0 0 11 0 2 4 0 5 0 0 7 0 0 0 0 0 0 0 0 0 0 0 0 0 16 0 0 0 2 0 
 2 0 6 0 3 0 0 0 0 0 0 0 0 0 1 0 0 0 4 0 8 0 0 0 0 0 0 23 0 0 0 0 0 0 0 3 0 0 0 0 34 112 90 116 89 145 32 52 136 321 87 112 53 119 149 0 294 40 27 76 1 0 1 0 0 0 0 0 0 0 23 0 30 0 0 0 0 2 17 0 0 0 0 0 0 0 0 0 0 0 0 0 0 0 0 0 0 0 0 0 0 0 0 0 0 0 0 0 0 0 0 0 0 0 0 0 0 0 0 0 0 14 0 34 23 22 0 12 0 19 18 28 0 1 0 21 37 1 0 0 0 17 24 0 5 0 8 0 0 4 0 0 22 0 2 4 32 0 31 9 5 0 0 0 0 0 0 0 0 0 0 0 0 15 0 0 0 0 0 7 0 0 0 0 0 0 0 0 0 0 0 0 0 0 0 0 0 0 0 0 0 10 22 2 11 10 0 1 24 16 18 32 0 0 0 67 2 27 0 0 0 0 0 0 0 0 19 0 0 0 0 0 7 0 0 0 0 0 9 20 0 0 0 0 0 0 0 0 0 0 0 10 0 2 0 0 0 0 2 0 0 0 2 0 0 2 1 0 0 0 0 0 0 0 0 0 0 0 0 0 0 0 0 0 0 0 0 0 2 0 
 0 0 0 8 0 0 3 0 0 46 0 0 0 0 0 0 0 0 1 0 0 0 2 62 0 0 0 0 2 0 0 62 66 4 3 0 0 0 0 7 314 90 88 133 73 130 22 85 114 311 111 77 83 44 112 294 0 114 45 40 0 0 0 0 0 0 0 0 0 0 19 0 0 11 0 0 0 1 0 0 0 0 0 2 0 2 0 0 0 0 0 0 0 0 0 0 0 0 0 0 18 0 0 0 0 0 0 5 5 0 0 0 4 2 10 0 4 0 2 2 0 19 22 0 0 1 0 0 18 0 21 4 0 10 0 0 13 11 1 0 0 2 4 0 2 0 8 0 0 4 0 0 0 0 2 1 0 0 1 0 0 0 4 0 1 5 0 1 2 0 0 0 0 0 0 0 4 0 0 0 0 7 4 0 0 10 0 0 0 0 0 0 2 5 8 0 0 0 0 0 26 0 42 15 11 0 10 36 1 1 24 15 22 0 0 0 9 12 12 0 0 0 0 0 0 0 12 1 0 0 0 0 7 0 0 0 0 0 0 14 0 0 0 0 0 0 0 0 0 0 0 4 0 0 0 0 1 0 6 9 0 1 1 0 0 6 2 0 0 0 0 0 0 0 0 0 0 0 0 0 0 0 0 0 12 0 0 6 1 0 
 0 0 0 0 0 0 2 0 0 0 2 0 0 0 0 0 0 0 0 0 0 0 1 2 0 28 0 0 0 0 0 1 62 0 1 4 0 0 1 0 106 85 45 181 46 72 232 114 197 67 65 160 80 120 98 40 114 0 80 63 3 0 0 4 0 0 0 0 52 5 2 0 0 0 0 0 3 5 0 0 0 0 0 0 0 0 0 0 0 0 0 0 0 0 0 0 0 0 0 0 0 0 0 8 0 0 0 0 0 0 0 0 0 0 0 0 0 0 0 0 19 0 48 16 20 0 0 9 18 0 38 0 0 1 14 29 1 43 17 0 0 6 11 0 0 0 0 0 0 0 3 3 0 0 4 0 0 0 0 10 0 0 2 0 0 0 0 0 0 0 0 0 0 0 0 0 5 0 0 0 0 0 0 0 0 14 0 0 0 0 0 1 0 0 0 0 0 0 0 0 22 0 37 10 0 10 12 35 1 10 24 23 0 0 0 9 22 5 1 0 11 30 0 0 4 0 0 26 0 18 9 2 0 0 2 0 0 0 0 0 0 0 11 0 0 0 0 0 0 0 0 9 0 0 0 0 0 0 1 11 7 0 39 0 0 15 4 39 0 0 16 0 0 0 0 0 0 0 0 0 0 0 0 0 28 9 0 0 0 0 
 3 3 3 3 0 0 6 3 3 3 3 3 3 3 3 5 3 3 3 3 0 13 45 0 137 144 0 0 21 112 0 121 0 1 0 125 89 0 0 0 56 55 31 53 74 36 103 38 89 263 33 30 285 297 49 27 45 80 0 76 0 0 51 0 0 0 0 0 3 0 1 0 0 3 0 0 0 0 0 0 0 0 0 0 0 0 0 0 0 0 0 0 0 0 0 0 16 0 0 10 18 0 17 19 8 34 0 2 23 6 19 14 0 0 0 0 14 8 0 0 10 0 0 0 0 0 20 1 7 6 8 0 1 16 1 4 0 16 7 14 3 0 0 0 2 0 0 0 0 0 6 0 6 0 0 0 0 0 0 0 0 0 0 0 0 0 0 0 0 0 0 0 0 0 0 0 0 0 0 19 0 0 9 15 1 28 0 0 0 1 20 9 0 14 0 9 18 15 0 0 0 23 0 7 0 1 10 36 18 8 25 8 1 6 4 30 22 7 10 14 2 0 0 0 0 0 0 0 0 0 0 0 1 10 0 0 0 0 0 0 0 0 12 0 0 0 0 0 0 0 0 3 0 0 0 0 0 1 61 0 0 0 0 0 0 0 0 0 0 0 0 0 0 0 0 0 0 0 0 1 0 15 0 0 0 0 0 0 0 0 
 0 0 0 1 3 6 0 59 0 0 0 0 0 0 1 0 0 0 61 0 0 3 67 3 3 3 3 3 68 57 6 5 3 4 3 6 3 3 3 4 388 334 58 292 77 115 139 175 238 101 77 28 132 158 147 76 40 63 76 0 0 0 0 0 3 0 0 0 0 1 0 0 0 0 0 0 0 3 0 0 0 0 0 0 0 0 0 0 0 0 0 0 0 0 0 0 0 0 0 0 0 0 28 0 0 0 0 0 0 14 0 7 0 0 0 10 1 0 0 10 26 7 34 53 9 0 17 16 38 43 1 8 20 0 64 33 12 11 48 0 8 0 0 0 0 0 0 0 0 0 0 0 2 0 2 0 0 0 1 10 0 0 2 0 0 0 0 3 0 0 0 0 0 0 0 0 0 0 0 4 0 1 0 0 10 0 0 0 0 1 0 0 0 0 0 0 0 0 0 0 91 0 18 7 0 0 9 9 9 10 0 0 58 4 17 6 59 14 12 27 0 0 0 0 0 0 82 0 0 0 0 0 0 0 0 0 0 0 12 1 0 0 0 0 0 0 0 0 0 0 0 7 2 0 0 0 0 62 0 0 0 0 13 0 1 3 13 0 3 0 8 0 0 0 0 0 0 0 0 0 0 0 4 0 37 0 0 1 0 0 
 0 0 0 0 1 0 0 0 0 0 0 0 0 0 3 0 0 0 0 0 0 2 2 6 2 2 2 2 5 2 2 2 2 2 3 2 2 2 2 2 49 0 22 25 1 52 0 0 0 52 74 20 2 0 50 1 0 3 0 0 0 110 116 105 46 37 192 149 97 138 104 25 371 69 96 32 29 29 56 108 0 0 0 0 0 0 0 0 0 0 0 0 0 0 0 0 0 0 0 0 0 0 0 0 0 0 0 13 0 0 0 0 0 0 0 0 0 0 0 0 0 0 0 0 14 3 0 0 0 13 0 0 0 0 0 0 25 0 0 0 0 9 19 15 11 0 1 18 25 9 23 0 0 0 15 34 0 9 0 2 0 0 0 0 0 0 0 0 3 0 0 0 0 2 0 0 0 0 0 0 0 0 0 0 0 0 0 0 0 0 0 0 0 0 0 0 4 0 1 0 0 0 0 13 20 9 0 0 1 1 13 9 0 0 0 0 0 0 0 0 14 2 14 11 9 0 19 1 11 0 0 15 13 2 20 46 22 22 14 0 0 0 0 0 0 0 0 0 0 0 0 0 0 0 10 0 0 0 0 0 0 0 9 59 0 0 0 0 0 0 2 0 0 0 2 0 0 0 0 0 0 0 0 0 0 0 0 0 0 0 
