 0 364 114 318 124 53 70 170 204 354 146 28 209 32 262 175 229 133 38 68 4 0 1 4 0 0 0 2 0 0 3 0 0 0 3 0 0 0 74 3 0 2 12 0 0 0 0 0 0 0 0 0 2 3 0 2 0 0 3 0 0 2 3 1 0 0 0 0 0 0 0 0 0 0 0 1 0 0 0 0 0 16 15 13 8 8 25 11 14 16 31 27 1 10 28 43 1 36 15 30 0 0 0 0 0 0 0 0 0 0 0 0 47 0 0 0 0 0 6 6 0 0 0 0 0 0 40 0 0 0 0 0 0 1 0 0 0 0 0 0 0 0 0 0 10 0 0 0 0 0 5 0 4 0 0 0 0 0 0 0 6 0 20 0 0 0 0 20 9 13 18 41 2 10 1 9 0 19 0 16 0 0 0 0 0 0 0 0 0 0 0 0 15 1 0 0 0 0 13 0 0 0 0 2 0 0 0 0 0 1 0 0 0 0 0 2 0 0 0 0 0 0 0 2 0 0 0 0 0 14 0 0 0 0 0 14 0 0 0 0 0 0 0 0 0 0 10 0 2 0 21 11 1 0 0 0 0 0 0 0 0 0 0 0 0 0 0 0 0 0 0 0 0 0 0 0 23 21 0 0 0 0 0 0 0 0 0 0 0 0 
 364 0 116 73 51 30 91 88 119 47 148 20 256 146 69 152 132 49 44 133 5 5 0 3 2 1 2 0 0 5 5 0 74 0 3 6 0 2 0 4 0 1 0 0 2 0 0 0 0 1 0 0 2 3 0 1 0 0 2 0 0 3 0 3 0 1 0 0 0 3 0 3 0 0 0 1 0 1 0 0 14 0 13 10 9 9 29 19 10 39 0 0 56 18 40 0 18 9 19 8 0 0 0 0 0 0 0 0 0 0 0 0 30 0 0 0 14 0 0 6 0 0 0 0 0 0 0 0 0 0 0 0 0 0 0 1 0 0 0 0 0 0 0 0 0 0 14 0 0 0 0 7 0 0 0 0 0 0 5 0 0 0 12 12 2 0 25 13 0 26 10 3 4 15 1 0 23 4 0 0 8 0 0 0 0 0 16 0 0 0 0 0 9 0 0 0 0 0 8 0 0 0 0 0 0 0 0 0 1 0 0 0 0 0 0 18 0 0 0 0 15 0 0 0 0 0 0 0 0 0 0 0 0 0 0 0 0 0 0 0 0 0 0 0 0 0 0 0 2 0 0 14 0 0 0 0 0 0 0 0 0 0 0 0 0 0 0 0 0 0 0 0 28 0 0 0 1 0 0 0 0 0 0 0 0 0 0 0 0 2 
 114 116 0 239 313 130 271 142 300 180 58 703 76 276 244 62 284 148 61 51 10 0 2 3 0 1 0 0 0 2 7 1 0 2 3 42 3 1 0 3 0 3 2 0 0 0 0 0 0 0 3 3 2 5 6 0 3 0 9 2 0 2 3 3 0 5 0 1 0 6 0 3 1 0 0 2 0 0 0 0 0 30 22 16 10 1 0 22 9 13 0 0 2 0 0 5 15 8 0 0 0 0 0 0 0 0 0 0 0 0 0 0 11 15 0 0 1 0 11 58 0 0 0 0 0 0 1 0 0 0 0 0 0 0 0 0 0 0 0 0 0 0 0 0 6 0 0 0 0 1 15 0 12 0 0 0 0 0 0 0 25 0 0 0 15 15 0 0 11 8 35 19 15 18 1 22 38 28 0 29 0 0 0 0 0 0 18 14 0 0 0 0 40 0 0 2 0 0 15 33 0 0 0 0 0 0 0 0 0 0 0 13 0 0 0 0 0 0 0 0 0 0 0 0 0 0 0 0 2 0 0 0 0 0 0 0 0 0 0 0 0 1 0 0 0 0 131 2 87 4 13 20 0 1 0 0 0 0 0 0 0 0 0 0 0 0 0 0 0 0 0 0 0 0 0 0 7 23 0 0 0 0 0 0 0 0 0 0 0 0 
 318 73 239 0 142 262 82 119 178 271 299 139 314 284 304 47 132 259 112 140 3 0 0 3 1 0 77 0 0 0 3 0 77 0 93 1 0 1 0 77 0 1 0 0 0 0 0 0 0 0 0 2 2 3 7 0 3 0 2 0 0 3 0 3 0 0 0 0 0 0 0 0 0 0 0 1 0 0 0 0 0 30 0 14 4 20 0 10 2 0 13 12 0 0 0 11 13 33 0 9 0 0 0 0 2 0 0 0 15 0 8 0 42 2 2 0 0 0 2 21 0 0 0 0 2 0 0 0 0 0 0 0 0 0 0 0 0 0 0 0 2 0 0 0 0 0 0 0 0 0 5 0 0 0 0 0 0 0 0 2 2 0 24 20 16 25 0 28 10 8 31 22 0 0 3 12 41 38 0 0 0 0 0 0 0 0 0 22 2 0 0 0 0 10 0 13 6 0 0 22 0 0 0 0 2 0 0 0 1 0 0 0 0 0 0 0 1 0 0 0 0 0 0 0 0 0 0 0 0 0 0 0 0 0 1 0 0 0 0 2 0 0 0 0 0 2 90 0 0 0 44 11 0 0 0 0 0 0 0 0 0 0 0 0 0 0 0 0 0 0 0 0 0 0 0 0 41 19 0 0 0 0 0 0 0 0 0 0 0 0 
 124 51 313 142 0 107 54 271 404 358 347 62 173 379 121 508 80 40 94 64 4 0 0 3 1 0 78 0 0 0 5 2 0 0 3 4 0 2 0 76 0 2 0 0 0 0 0 0 0 0 0 0 2 3 0 0 0 0 2 0 0 3 0 3 0 0 3 3 0 0 0 0 0 4 1 1 0 0 4 5 0 47 13 55 24 1 0 0 11 32 0 15 0 0 0 12 1 0 0 2 0 0 0 0 0 0 0 0 0 18 0 0 0 20 0 1 10 0 50 7 0 0 0 0 0 0 0 0 0 0 0 0 0 1 0 0 0 0 0 0 0 0 0 0 7 0 0 0 0 0 0 0 8 0 0 0 0 0 0 0 14 0 0 9 5 28 0 0 0 1 4 24 2 4 0 30 15 0 0 13 0 12 0 0 0 0 26 0 0 0 0 0 29 0 21 12 5 0 43 17 0 0 0 0 0 0 0 0 0 0 0 0 0 0 0 0 0 0 0 0 0 0 0 2 0 0 2 0 0 0 0 0 0 0 0 0 0 0 0 0 0 19 0 0 0 7 88 0 2 89 0 11 0 0 0 0 0 0 0 0 0 0 0 0 0 0 0 0 0 0 0 0 0 0 0 19 0 0 0 0 0 0 0 0 0 0 0 0 0 0 
 53 30 130 262 107 0 40 50 127 95 505 52 55 45 53 75 184 155 289 48 36 65 0 3 0 0 147 28 7 75 3 0 83 0 85 78 0 2 45 155 0 2 0 0 0 0 0 63 0 1 0 0 2 3 0 0 0 0 2 0 0 3 0 3 0 0 0 0 0 0 0 0 28 0 0 1 0 0 0 0 0 26 0 13 11 34 0 12 5 0 0 0 0 0 0 0 0 23 0 0 18 20 1 0 0 0 1 3 15 11 0 0 16 4 15 0 27 11 10 0 0 2 0 0 0 0 0 0 0 0 0 0 0 0 0 0 0 0 0 0 0 0 0 0 0 0 0 0 0 0 7 0 0 0 0 0 0 0 0 1 0 0 0 49 0 32 1 0 31 0 32 2 0 0 9 0 16 10 0 0 29 24 21 0 2 23 13 66 0 2 2 2 0 19 24 35 31 2 12 38 0 0 0 0 0 0 0 2 0 0 0 0 0 0 0 0 0 0 0 0 0 0 0 0 0 0 0 0 0 0 3 0 0 0 0 0 0 0 0 0 0 0 0 0 2 0 5 0 2 5 0 10 0 0 0 0 0 0 0 0 0 0 0 0 0 0 0 0 0 0 0 0 0 0 0 0 0 19 0 15 0 0 0 0 0 0 0 0 0 0 
 70 91 271 82 54 40 0 397 26 126 40 241 453 216 50 110 324 138 129 145 3 0 0 3 0 1 0 0 0 0 3 0 2 0 3 0 0 0 0 3 0 2 2 0 0 0 1 0 2 0 5 0 2 4 0 2 0 0 3 0 0 2 0 1 0 0 0 0 0 0 0 0 0 0 0 0 2 0 0 4 26 21 0 11 15 0 6 0 10 0 11 10 37 22 46 0 17 0 24 14 0 0 0 0 0 0 0 0 0 0 0 0 0 0 0 0 0 0 0 0 0 0 0 0 0 0 0 0 0 0 0 0 0 0 0 0 0 0 0 0 0 0 0 0 0 0 0 0 0 0 0 0 0 0 0 0 0 0 0 0 11 17 20 0 0 0 40 14 16 12 0 13 0 18 6 17 1 0 21 11 0 0 0 0 0 0 0 0 0 0 0 0 14 0 0 0 0 0 0 0 0 0 0 0 22 0 0 0 0 0 0 10 0 0 0 0 0 0 0 0 0 0 0 0 0 0 0 0 0 0 0 0 0 0 0 0 0 0 0 0 0 0 0 0 0 1 1 2 1 0 2 7 0 0 0 0 0 0 0 0 0 0 10 0 0 0 0 0 0 0 0 0 0 0 0 8 0 0 0 0 0 0 0 0 0 0 0 0 0 0 
 170 88 142 119 271 50 397 0 70 47 263 333 323 182 215 44 214 116 69 162 3 2 2 3 2 0 0 0 0 0 58 0 1 0 3 6 1 0 2 3 0 4 10 0 0 0 1 0 0 0 3 3 2 5 0 3 3 0 6 68 0 2 0 0 3 3 0 0 0 3 1 0 1 0 0 1 0 0 0 0 9 17 29 23 9 9 1 14 11 28 0 0 14 3 28 5 28 33 11 25 0 0 0 0 0 0 0 0 14 0 0 2 31 0 0 0 0 0 12 9 0 0 0 0 0 0 0 0 0 0 0 0 0 0 0 0 0 0 0 0 0 0 0 0 4 0 14 7 0 0 0 0 17 0 0 0 0 0 0 0 11 0 0 0 0 0 10 2 29 9 9 20 0 19 16 35 0 6 0 15 0 3 0 0 0 0 17 0 0 0 0 0 19 0 0 0 0 0 17 0 0 0 0 0 0 0 1 0 0 2 0 0 0 0 0 0 0 0 0 0 0 0 0 0 0 0 0 0 0 12 0 0 0 0 0 0 0 0 0 0 0 0 0 0 0 3 2 0 2 7 2 16 0 0 0 0 0 0 0 0 0 0 2 0 0 0 0 0 0 0 0 0 0 0 0 17 0 0 0 0 0 0 0 0 0 0 0 0 0 0 
 204 119 300 178 404 127 26 70 0 295 44 138 104 274 201 464 294 277 96 77 4 0 0 3 3 2 0 0 0 0 3 0 0 0 78 1 0 1 0 12 0 0 0 0 0 0 0 0 61 0 0 1 2 3 0 0 1 0 2 0 0 3 0 3 0 0 0 0 0 0 0 0 0 0 0 2 0 0 0 0 41 12 15 23 27 6 15 28 41 10 16 11 16 49 29 28 6 1 0 0 0 0 0 0 0 0 0 0 0 0 0 0 15 39 1 0 21 0 0 0 0 0 0 0 0 2 0 0 0 0 0 0 0 0 19 0 0 0 0 0 0 0 0 0 2 0 0 0 0 0 7 0 1 0 0 0 0 0 0 0 21 0 1 15 38 0 0 0 2 56 20 12 4 12 10 0 17 52 0 22 0 0 0 0 0 0 0 0 0 0 0 0 0 0 0 0 12 0 11 10 0 0 0 0 0 0 0 0 0 0 0 0 0 0 0 0 0 0 0 0 0 0 0 11 0 0 0 0 0 0 0 0 0 0 0 0 0 0 0 0 0 18 0 0 0 4 88 0 52 0 2 12 16 0 0 0 0 0 0 0 0 0 0 0 0 56 0 0 0 0 0 0 0 0 0 0 29 13 0 0 0 0 0 0 0 0 0 0 0 0 
 354 47 180 271 358 95 126 47 295 0 401 125 293 183 726 450 185 132 118 67 4 0 0 3 0 0 0 39 0 3 5 0 77 2 3 1 0 75 1 27 0 1 0 0 2 0 0 0 0 0 3 3 2 35 0 0 3 3 3 0 0 2 4 3 0 2 0 2 0 0 0 0 0 0 2 1 0 0 0 0 0 32 28 17 39 7 0 35 21 2 37 38 0 0 0 10 0 14 0 36 0 0 0 0 0 0 0 0 18 0 0 0 30 37 1 0 21 0 0 0 0 0 0 0 1 0 0 0 0 0 0 0 0 0 0 0 0 0 0 0 1 0 0 0 0 2 0 0 0 0 14 0 2 0 0 0 0 0 0 0 2 0 0 31 42 7 0 1 10 10 14 21 0 2 15 0 11 38 0 5 0 0 0 0 0 0 0 16 0 0 0 19 9 0 0 17 13 0 10 11 0 20 0 0 1 0 0 0 2 0 0 0 0 0 0 0 2 0 0 0 0 0 0 0 0 0 0 0 15 0 0 0 0 0 2 0 0 0 0 1 0 17 0 0 0 3 1 0 2 2 18 15 8 0 0 0 0 0 0 0 0 0 0 0 0 0 0 0 1 0 0 0 0 0 0 0 5 18 0 0 0 0 0 0 0 0 0 0 0 0 
 146 148 58 299 347 505 40 263 44 401 0 231 241 27 121 93 224 160 35 37 149 78 9 5 4 1 170 74 6 1 7 0 35 0 67 0 0 0 149 150 0 0 0 0 0 0 0 0 2 0 0 0 2 3 61 1 0 0 3 0 0 2 0 1 0 0 0 0 0 0 0 0 0 0 0 2 0 0 0 0 0 0 10 9 17 23 0 10 12 21 10 18 0 0 0 0 0 2 0 2 0 1 17 0 0 0 0 0 0 28 0 0 82 16 22 0 15 20 53 19 0 0 0 0 0 0 0 0 0 0 0 0 0 0 1 0 2 0 0 0 0 0 0 0 0 0 0 0 0 0 0 0 0 0 1 0 0 0 0 0 0 0 0 22 16 0 0 0 0 11 12 0 0 13 1 0 0 50 0 0 33 8 1 0 0 0 34 0 21 0 0 0 16 23 19 14 8 0 37 40 1 2 0 0 0 0 0 0 0 0 0 0 0 0 0 0 0 0 1 0 0 0 1 0 2 0 0 0 1 0 0 0 0 0 0 0 0 0 0 0 0 0 0 0 0 2 4 0 0 0 0 3 19 12 0 0 0 0 0 0 0 0 0 2 0 0 0 0 0 0 0 0 0 0 0 0 0 0 0 0 0 0 0 0 0 0 0 0 0 0 
 28 20 703 139 62 52 241 333 138 125 231 0 248 234 37 130 415 295 22 26 99 0 1 3 4 1 0 73 0 0 10 0 151 73 168 1 0 1 62 101 0 1 0 0 0 0 0 0 0 0 0 0 3 3 3 1 0 0 3 0 0 2 0 2 0 0 8 0 0 0 0 0 0 0 0 1 0 0 0 0 0 89 8 41 0 11 0 1 8 26 16 31 0 0 0 0 25 45 0 0 0 0 20 0 0 0 0 1 25 0 0 0 28 12 42 0 0 0 8 20 0 0 0 0 0 0 0 0 0 0 0 0 0 0 0 48 0 0 0 0 0 0 0 0 0 0 9 0 0 0 0 0 0 0 0 0 0 0 0 0 0 0 0 30 36 51 0 0 13 0 10 11 0 0 0 14 14 22 0 0 10 21 0 0 0 0 35 19 9 0 0 0 12 27 15 21 0 0 1 19 0 0 0 0 0 0 0 0 0 0 0 0 0 0 0 0 0 0 0 0 0 0 0 0 0 0 0 0 0 0 0 0 0 0 0 0 0 0 0 0 0 21 0 0 0 2 1 2 2 171 2 2 0 0 0 0 0 0 0 0 0 0 0 0 0 0 0 0 0 0 0 0 0 0 0 0 0 0 0 0 0 0 0 0 0 0 0 0 0 0 
 209 256 76 314 173 55 453 323 104 293 241 248 0 112 193 46 525 134 242 191 3 0 0 3 0 1 0 0 0 0 3 0 0 0 3 1 0 1 0 3 0 2 5 0 0 0 1 0 0 0 0 0 2 3 6 1 0 0 2 0 0 3 0 3 0 0 0 0 0 0 0 0 0 0 0 0 0 0 0 6 18 61 16 0 1 0 4 11 0 0 0 0 35 41 14 46 6 17 52 43 2 0 0 0 0 0 0 0 0 0 0 0 0 0 0 0 0 0 8 9 0 0 0 0 0 0 0 0 0 0 0 0 0 0 0 0 0 0 0 0 12 0 0 0 2 0 1 0 0 0 0 0 3 0 1 0 0 0 0 0 31 11 0 0 0 0 0 1 16 0 0 17 0 30 4 24 1 1 0 13 0 0 0 0 0 0 0 0 0 0 0 0 13 0 0 0 0 0 14 0 0 0 0 0 0 0 0 0 0 0 0 0 0 0 0 0 0 0 0 0 0 0 0 0 0 1 0 0 0 0 0 0 0 0 0 0 0 2 6 0 0 2 0 0 0 0 1 2 1 0 0 3 0 0 0 0 0 0 0 0 0 0 0 0 0 0 0 0 0 0 0 0 0 0 0 45 0 0 0 0 0 0 0 0 0 0 0 0 0 0 
 32 146 276 284 379 45 216 182 274 183 27 234 112 0 523 40 44 36 239 307 3 1 0 3 0 0 0 0 0 0 3 0 0 0 5 0 0 0 0 3 0 0 0 0 0 0 0 0 0 0 0 1 2 3 0 63 8 0 3 0 0 32 0 0 3 0 0 2 0 0 1 0 0 0 0 0 0 0 0 3 2 0 43 1 26 0 14 15 38 13 12 3 19 47 36 0 47 21 14 43 0 0 0 0 0 0 0 0 0 0 2 14 0 0 0 0 0 0 0 1 0 0 0 0 0 0 0 1 15 11 0 0 0 0 0 0 0 0 0 0 0 0 0 0 0 11 0 4 0 0 1 3 0 9 16 0 0 0 0 0 39 19 19 0 0 0 32 17 21 9 10 1 11 16 14 0 34 7 0 62 0 0 0 0 1 0 0 0 0 0 0 0 8 0 0 0 0 0 0 0 0 0 0 0 0 0 0 0 0 0 0 18 0 0 0 0 0 0 0 0 0 0 0 0 0 0 0 0 0 0 0 0 0 0 0 0 0 0 0 0 0 0 0 0 0 0 0 0 119 1 14 8 1 0 2 0 0 0 0 0 0 0 0 0 0 0 0 0 0 0 0 0 0 0 0 27 7 19 0 0 0 0 0 0 0 0 0 0 0 0 
 262 69 244 304 121 53 50 215 201 726 121 37 193 523 0 211 327 135 184 131 3 1 0 3 0 0 0 0 0 0 3 0 0 0 4 1 0 2 0 5 0 2 4 0 0 0 0 0 0 0 0 0 2 3 0 1 0 0 3 0 0 2 0 3 0 0 0 0 0 0 0 0 0 0 3 2 0 0 0 0 0 4 72 9 81 8 0 7 20 9 10 10 19 14 15 24 10 27 14 25 0 0 0 0 0 0 0 0 0 0 0 0 14 0 0 17 0 0 10 6 0 0 0 0 0 0 0 0 0 0 0 0 0 0 0 0 0 0 0 0 0 0 0 0 8 0 0 0 0 0 1 0 12 0 0 0 0 0 22 0 31 0 50 0 7 0 0 0 20 20 8 36 0 16 0 6 8 23 0 52 0 3 0 18 0 0 0 0 0 0 0 0 26 0 0 0 0 0 22 0 0 0 0 0 0 0 0 0 0 0 0 0 0 0 0 0 0 0 0 0 0 0 0 0 0 0 0 0 0 0 0 0 0 0 0 0 0 0 0 0 0 0 0 0 0 0 88 0 7 1 3 14 14 0 0 0 0 0 0 0 0 0 0 3 0 0 0 0 0 0 28 0 0 0 0 18 0 0 0 0 0 0 0 0 0 0 0 0 0 0 
 175 152 62 47 508 75 110 44 464 450 93 130 46 40 211 0 108 47 346 107 3 0 0 3 0 0 2 0 0 0 3 0 0 0 3 2 74 2 0 37 0 0 0 0 0 0 0 0 2 0 2 0 2 3 0 0 0 0 2 23 2 3 0 3 0 0 34 0 0 0 0 0 37 0 0 0 0 3 0 7 33 22 0 2 0 1 26 11 0 0 12 25 0 42 20 51 0 0 26 24 0 0 0 0 0 0 0 0 0 0 0 0 11 15 0 2 14 0 60 12 0 0 0 0 0 0 0 0 0 0 0 0 0 2 0 0 0 0 0 0 12 0 0 0 4 0 0 0 0 0 8 0 5 0 0 0 0 0 0 0 35 10 14 16 25 1 0 13 11 0 21 29 8 0 21 57 0 29 0 21 3 1 0 0 0 0 1 2 0 0 0 0 14 0 0 0 8 0 26 7 0 0 0 1 0 0 0 0 0 0 1 0 0 0 0 1 0 0 0 0 42 0 0 1 0 0 0 0 0 0 0 0 0 0 0 0 0 0 0 0 0 9 0 0 0 0 38 1 0 0 15 10 0 0 0 0 0 0 0 0 0 0 0 0 0 0 0 0 0 0 0 0 0 16 0 25 22 20 0 0 0 0 0 0 0 0 0 0 0 0 
 229 132 284 132 80 184 324 214 294 185 224 415 525 44 327 108 0 190 46 114 5 2 3 3 0 0 73 0 0 6 5 0 80 6 3 3 0 1 3 77 0 3 63 2 0 2 0 0 2 0 0 0 2 3 0 2 1 3 3 0 0 11 0 3 0 0 0 0 0 6 0 0 0 0 0 1 0 2 0 2 10 33 32 18 1 7 0 27 1 0 27 0 7 14 0 11 32 41 16 0 0 0 0 0 0 0 0 0 16 0 0 1 1 11 0 20 0 0 0 0 0 0 0 0 0 0 0 0 0 0 0 0 0 0 0 0 0 0 0 0 0 0 0 0 0 0 8 0 0 0 6 0 0 0 0 0 0 0 0 0 21 0 0 47 4 7 0 2 29 0 24 13 1 5 19 0 0 29 0 27 0 0 0 0 0 0 0 53 0 0 0 0 0 3 0 0 0 0 4 0 0 0 11 0 0 0 2 0 0 0 0 0 0 0 0 0 0 0 0 0 0 0 0 0 0 0 0 0 0 0 0 0 0 0 0 0 0 0 0 0 0 0 0 0 0 0 1 0 92 2 0 6 16 0 0 0 0 0 0 1 2 0 0 0 0 0 0 0 0 0 0 0 0 0 0 0 1 15 0 0 0 0 0 0 0 0 0 0 0 0 
 133 49 148 259 40 155 138 116 277 132 160 295 134 36 135 47 190 0 32 329 100 74 0 7 0 0 73 73 0 152 3 0 138 79 84 0 0 0 81 155 0 5 5 0 0 0 0 0 0 0 0 1 2 3 0 4 0 0 3 0 0 2 0 0 0 0 0 0 0 0 1 0 0 0 0 1 0 0 1 0 0 1 5 43 2 5 0 0 17 22 18 37 0 2 21 11 12 69 16 0 0 1 0 0 0 0 0 3 21 0 0 11 1 29 16 0 0 0 8 3 0 0 0 0 0 0 0 0 0 0 2 0 0 0 0 0 0 0 0 0 0 0 0 0 2 0 0 0 0 0 0 0 0 0 0 0 0 0 0 0 0 11 3 31 1 16 0 0 13 15 24 27 0 20 13 0 16 0 0 0 1 19 0 0 0 0 20 27 9 0 2 0 11 60 1 22 0 0 1 4 0 0 0 0 0 0 0 0 0 0 0 0 0 0 0 0 0 0 0 0 0 0 0 0 0 2 0 0 0 0 0 1 0 0 0 0 0 0 0 0 0 0 0 0 0 5 3 0 0 91 0 13 0 0 0 0 0 2 0 0 0 0 10 0 0 0 0 0 0 0 0 0 0 0 0 0 0 0 0 0 0 0 0 0 0 0 0 0 0 0 
 38 44 61 112 94 289 129 69 96 118 35 22 242 239 184 346 46 32 0 408 5 1 2 2 1 2 0 0 74 3 8 3 2 0 3 8 0 4 3 6 0 60 2 0 3 0 89 0 0 3 3 2 0 4 0 0 2 2 1 0 4 0 2 0 3 3 3 2 2 0 0 2 0 2 1 0 3 0 6 27 80 0 12 0 0 0 28 0 0 0 0 1 17 10 48 22 14 0 17 25 1 0 0 0 0 0 0 0 0 0 0 0 0 0 0 0 0 0 0 0 0 0 0 0 0 0 0 0 0 0 0 0 0 0 2 0 1 0 0 0 0 0 2 0 0 0 0 0 0 0 0 0 0 0 0 3 0 0 0 0 22 27 6 0 0 0 22 0 12 0 0 0 27 1 8 18 0 0 43 9 0 0 2 0 0 0 0 0 0 0 0 1 0 0 0 0 0 0 0 2 0 0 0 0 8 0 0 0 0 0 0 0 0 0 0 1 0 0 0 0 0 0 2 0 0 0 0 0 0 0 0 0 0 0 0 0 0 0 0 0 0 0 0 0 0 2 0 1 2 0 0 11 0 0 0 0 0 0 0 0 0 0 0 0 0 0 0 0 0 0 0 0 0 2 0 9 17 0 0 0 0 0 0 0 0 0 0 0 0 0 
 68 133 51 140 64 48 145 162 77 67 37 26 191 307 131 107 114 329 408 0 3 0 0 3 0 0 1 0 0 0 3 0 0 0 4 1 0 75 0 5 0 2 4 0 0 0 1 0 0 0 0 0 2 3 0 1 0 0 3 0 0 2 0 3 0 0 0 0 0 0 0 0 0 0 0 0 0 0 3 3 42 21 9 9 0 0 18 0 0 0 35 0 7 60 29 13 0 1 15 0 0 0 0 0 0 0 0 0 0 0 0 0 13 0 0 0 10 0 0 0 0 0 0 0 0 15 0 0 0 0 0 0 0 0 0 0 0 0 0 0 0 26 0 0 0 0 6 0 0 0 0 4 0 0 0 0 0 0 8 0 14 20 25 0 0 0 0 24 21 25 0 20 0 36 9 13 63 0 1 0 0 0 0 0 0 0 0 0 0 0 0 0 0 0 0 0 14 0 0 0 0 0 0 0 0 0 0 0 0 0 0 0 0 0 0 0 0 0 0 0 0 7 0 0 0 0 0 0 0 0 0 0 0 0 0 0 0 0 0 0 0 0 0 0 0 2 3 0 3 0 3 13 0 0 0 0 0 0 0 0 0 0 9 0 0 0 19 0 0 0 0 0 0 0 0 14 0 0 0 0 0 0 0 0 0 0 0 0 0 0 
 4 5 10 3 4 36 3 3 4 4 149 99 3 3 3 3 5 100 5 3 0 386 62 145 172 174 123 220 34 51 130 68 113 121 103 349 28 252 57 31 0 2 5 0 0 0 0 0 1 0 5 4 2 0 2 0 3 0 2 2 0 3 3 0 0 0 0 2 3 0 0 2 0 0 45 2 3 2 0 1 0 1 1 11 10 12 0 0 0 13 0 0 0 0 0 1 0 11 0 0 0 28 1 25 18 0 0 11 18 19 0 37 0 13 52 15 37 25 14 22 0 0 0 0 0 0 1 0 0 0 1 0 0 0 0 0 0 0 22 0 0 11 0 0 0 0 0 0 0 0 9 0 0 0 0 0 0 0 0 0 0 0 0 13 0 17 6 3 0 0 0 11 0 0 0 11 1 1 0 1 4 17 34 8 0 0 30 0 8 30 19 22 14 8 7 29 0 0 15 0 0 0 2 0 0 0 1 0 0 0 0 0 16 0 0 2 0 0 0 10 0 0 0 0 0 0 0 0 0 0 0 0 0 0 0 0 0 0 0 0 0 0 0 0 0 0 0 0 0 60 0 0 0 0 11 0 0 1 0 0 0 3 0 0 0 0 0 0 0 0 0 0 0 0 0 0 0 0 0 0 0 1 0 0 0 0 0 0 0 0 
 0 5 0 0 0 65 0 2 0 0 78 0 0 1 1 0 2 74 1 0 386 0 227 141 208 39 123 258 76 269 118 39 357 63 505 333 107 254 37 151 0 0 2 0 0 0 0 0 0 0 3 3 0 0 2 0 3 0 6 2 0 3 1 0 0 0 0 16 3 3 0 2 0 0 0 0 3 2 0 0 2 0 0 0 13 13 0 0 0 0 0 0 18 0 0 0 12 0 0 0 13 20 32 18 18 35 11 12 14 55 10 6 0 12 33 28 24 26 3 17 0 0 0 0 0 14 0 0 0 0 0 0 0 2 0 0 0 0 0 0 0 0 1 0 0 0 0 0 0 0 0 0 0 0 0 0 0 0 0 0 0 15 0 0 7 7 3 0 0 0 0 0 0 0 0 0 0 0 0 1 13 1 19 0 10 22 6 13 7 34 15 1 7 0 24 1 24 10 0 21 0 0 6 0 0 0 0 0 0 0 0 0 8 0 0 0 0 0 0 10 0 0 0 0 0 0 0 0 0 0 0 0 0 0 0 0 0 0 0 0 0 0 0 0 0 0 0 0 0 0 0 0 0 0 5 2 0 78 33 2 0 2 0 0 0 0 13 0 0 0 0 0 0 0 1 0 0 0 0 11 0 0 0 0 0 0 0 0 0 0 
 1 0 2 0 0 0 0 2 0 0 9 1 0 0 0 0 3 0 2 0 62 227 0 444 157 287 817 342 529 92 375 112 320 298 189 64 183 480 68 48 0 1 2 0 0 0 0 0 0 5 3 3 20 7 2 0 3 67 2 33 0 3 1 0 0 0 0 2 3 0 0 2 0 0 0 2 3 4 0 0 0 0 0 0 14 15 0 0 3 0 0 0 0 0 0 0 0 0 0 0 18 28 12 6 29 20 21 0 8 35 42 9 12 1 0 1 16 31 4 0 0 0 0 0 0 0 0 1 0 0 0 0 0 14 0 0 0 0 1 13 0 0 0 0 0 0 1 0 0 0 16 0 0 0 0 0 0 0 0 0 0 1 0 0 0 0 0 0 0 0 0 0 0 0 0 5 0 0 0 0 19 25 0 25 0 18 0 26 0 11 29 0 0 0 0 8 52 44 14 0 0 0 0 0 0 0 0 0 0 0 0 0 21 0 0 0 0 0 18 14 0 0 0 0 0 0 0 0 0 0 0 0 0 0 0 0 2 0 0 0 0 0 0 0 0 0 0 0 0 0 0 0 0 0 0 2 2 0 1 0 2 0 0 0 0 0 0 0 0 0 0 0 0 0 0 0 0 0 0 0 0 0 0 0 0 17 13 0 0 0 
 4 3 3 3 3 3 3 3 3 3 5 3 3 3 3 3 3 7 2 3 145 141 444 0 316 281 117 175 174 343 171 181 77 135 340 347 112 128 73 68 0 5 2 3 4 0 0 0 0 0 3 3 62 0 2 0 6 0 134 64 0 3 3 0 0 2 0 2 3 1 0 5 48 0 0 1 3 5 3 0 0 0 0 0 0 0 0 0 2 0 0 0 0 0 0 0 0 0 0 0 14 13 9 1 14 0 9 24 15 2 18 13 0 0 24 25 19 2 0 0 0 0 0 0 0 0 21 0 0 0 0 0 5 8 0 19 0 0 2 2 0 0 0 0 0 0 1 0 0 0 0 0 0 0 0 0 0 0 0 0 14 1 0 0 0 0 7 9 0 0 0 0 0 0 0 0 0 12 0 2 0 18 6 12 0 2 0 12 14 15 12 20 0 0 0 5 17 21 0 13 0 19 0 0 0 0 0 13 0 0 0 3 0 0 0 0 0 0 0 41 0 0 0 0 0 0 0 0 0 0 0 0 0 0 0 11 2 0 0 0 0 0 11 0 0 0 0 0 0 0 0 0 0 0 13 0 1 10 0 2 2 1 0 0 1 0 0 0 0 0 0 0 0 0 0 0 0 0 0 0 0 9 0 0 0 0 15 0 0 0 
 0 2 0 1 1 0 0 2 3 0 4 4 0 0 0 0 0 0 1 0 172 208 157 316 0 160 56 157 441 89 436 125 222 140 66 161 49 110 40 72 0 3 2 61 0 0 0 2 0 0 3 4 36 62 2 0 3 63 32 26 0 3 2 0 0 3 0 2 6 0 0 3 0 1 0 2 3 2 0 0 0 0 0 0 0 0 0 0 0 0 0 2 0 0 0 0 0 0 0 0 35 8 15 0 55 49 1 8 12 10 13 22 0 0 14 51 1 0 0 0 1 0 0 0 0 0 19 60 0 16 0 0 0 15 0 0 0 0 0 11 0 0 0 0 0 0 0 0 0 0 0 0 0 0 2 0 0 16 0 0 3 36 0 0 0 0 1 2 0 0 0 0 0 0 0 0 0 3 6 1 0 10 11 8 25 34 19 0 15 23 7 8 11 0 0 0 14 41 2 0 7 0 0 0 0 0 0 0 1 0 0 11 21 23 0 1 0 0 64 16 0 0 0 6 0 0 0 0 0 0 0 0 0 0 0 0 0 0 0 0 0 0 18 0 0 0 0 0 0 0 0 0 0 0 15 0 1 2 2 3 15 0 0 0 0 0 0 0 0 0 0 2 0 0 0 0 0 0 0 0 0 7 0 0 16 0 12 0 0 0 
 0 1 1 0 0 0 1 0 2 0 1 1 1 0 0 0 0 0 2 0 174 39 287 281 160 0 40 76 123 130 267 59 34 326 54 72 96 68 48 74 1 21 45 1 0 0 60 0 2 62 4 3 19 31 2 63 67 0 120 44 4 7 1 0 0 1 0 2 3 0 51 51 0 0 5 0 17 2 0 0 0 0 0 0 1 0 0 0 0 0 0 0 0 0 0 0 0 0 0 0 0 0 0 5 0 12 0 0 7 17 17 18 0 0 22 17 19 18 0 0 28 12 0 6 0 0 3 9 0 16 0 0 19 0 0 5 28 12 39 1 0 7 0 0 0 0 0 0 0 0 0 0 0 0 0 0 0 18 0 0 11 1 0 0 2 0 7 3 16 0 0 0 0 0 0 0 0 4 0 2 0 0 14 13 0 1 0 15 12 27 22 43 0 0 0 7 0 10 0 0 2 15 9 1 18 0 23 6 0 10 0 9 13 1 9 10 0 0 34 61 0 0 0 0 0 0 0 0 0 0 0 0 0 0 0 0 0 0 0 0 0 0 12 0 0 0 0 0 0 0 0 0 0 0 4 1 0 1 0 1 1 12 0 0 1 0 0 0 0 0 0 0 0 0 0 0 0 0 0 0 0 0 0 0 25 0 0 21 0 0 
 0 2 0 77 78 147 0 0 0 0 170 0 0 0 0 2 73 73 0 1 123 123 817 117 56 40 0 265 365 32 261 63 362 108 255 55 108 51 189 125 0 0 2 0 0 0 0 0 0 0 3 3 0 0 2 0 3 0 3 2 0 3 2 0 0 0 0 21 3 0 0 3 0 0 0 0 3 2 0 0 0 0 0 0 24 12 0 0 0 0 27 1 0 0 0 0 10 0 0 0 28 1 28 8 0 2 8 0 0 17 23 17 12 21 14 17 14 1 8 0 0 0 0 0 0 0 0 1 0 0 0 0 0 0 0 0 0 2 0 0 0 0 0 0 0 0 0 0 0 0 11 0 0 0 0 1 0 0 0 0 0 0 0 13 11 2 0 0 1 0 3 0 0 0 0 0 0 0 0 0 28 9 1 18 11 4 22 12 0 1 8 24 0 0 35 0 28 0 10 53 0 0 0 0 0 0 0 0 0 0 0 0 0 0 1 0 0 0 0 0 0 0 0 0 0 0 0 0 0 0 0 0 0 0 0 0 0 0 0 0 0 1 0 0 0 0 0 0 0 0 0 0 0 0 2 0 2 76 0 0 3 0 0 0 0 0 13 0 0 0 0 0 0 0 0 0 0 0 0 1 0 0 0 0 0 11 0 0 0 0 
 2 0 0 0 0 28 0 0 0 39 74 73 0 0 0 0 0 73 0 0 220 258 342 175 157 76 265 0 143 136 36 59 99 57 48 142 47 133 158 61 0 2 2 0 0 0 0 0 0 0 3 3 0 29 2 0 3 0 68 2 0 3 3 0 5 0 0 6 3 0 0 3 0 0 0 2 3 2 0 0 0 0 0 11 18 10 0 3 0 0 0 0 18 0 0 0 0 9 0 0 0 8 1 1 3 18 27 0 39 31 43 11 7 2 55 24 29 22 22 4 0 0 0 0 0 35 3 0 0 0 0 0 0 22 0 0 0 0 0 2 0 0 0 0 0 0 0 0 0 0 0 0 0 0 0 0 0 0 0 0 3 2 0 0 22 0 10 5 0 0 0 0 0 0 0 0 0 6 1 2 35 14 1 17 9 0 15 0 15 23 30 7 0 11 13 55 17 18 12 10 0 8 0 0 0 0 0 0 0 0 0 0 2 0 0 0 0 0 0 6 0 0 0 0 0 0 0 0 16 0 0 0 0 0 0 0 1 0 0 0 0 0 0 0 0 0 0 0 0 0 0 0 0 0 3 0 0 11 2 0 0 0 0 0 0 0 0 0 0 0 0 0 0 0 0 0 0 0 0 0 0 0 0 0 0 0 9 0 0 2 
 0 0 0 0 0 7 0 0 0 0 6 0 0 0 0 0 0 0 74 0 34 76 529 174 441 123 365 143 0 304 372 115 109 269 46 50 229 174 51 68 0 2 2 0 0 0 0 0 0 0 3 3 63 16 2 0 3 0 64 84 0 3 2 0 0 0 0 2 3 2 0 2 0 0 0 1 3 2 0 0 0 0 0 0 0 0 0 0 0 0 0 0 0 0 0 0 0 0 0 0 12 0 24 21 41 32 0 11 19 13 52 20 0 3 0 14 0 12 0 0 0 0 1 0 0 0 12 0 0 0 0 0 0 37 14 0 0 0 13 1 0 0 0 0 0 0 0 0 13 0 11 0 0 0 0 0 0 0 0 0 3 39 0 0 0 2 0 1 5 0 0 0 0 0 0 0 0 1 7 2 0 18 19 26 38 13 0 12 13 64 30 9 0 0 0 4 14 21 0 0 0 0 0 0 0 0 2 13 0 0 0 9 9 0 0 0 0 0 23 40 0 0 0 0 0 0 0 0 0 0 0 0 0 0 0 0 0 0 0 0 0 0 12 0 0 0 0 0 0 0 0 0 0 0 0 2 0 0 77 2 11 0 0 0 0 0 0 0 0 0 0 0 0 0 0 0 0 0 0 0 0 10 0 0 0 9 14 0 0 0 
 0 5 2 0 0 75 0 0 0 3 1 0 0 0 0 0 6 152 3 0 51 269 92 343 89 130 32 136 304 0 87 24 50 145 162 217 148 137 95 73 0 2 2 0 0 0 0 0 0 0 3 3 0 0 2 0 3 0 21 2 0 3 54 0 0 0 0 3 3 0 0 3 0 0 0 31 3 2 0 0 2 0 0 0 4 0 0 0 0 0 0 0 0 0 0 0 0 0 0 0 1 25 10 11 2 19 33 23 41 23 18 97 7 17 41 15 26 0 0 0 0 0 0 0 0 0 16 0 0 0 0 0 0 20 1 0 0 0 0 0 0 0 0 1 0 0 0 0 0 0 0 0 0 0 0 0 0 0 0 0 9 5 9 0 0 11 15 11 3 0 0 0 0 0 0 0 0 16 4 1 0 13 11 6 23 25 0 0 20 9 25 30 21 0 8 24 27 33 0 8 0 0 0 0 0 2 18 5 0 0 0 29 0 0 0 0 0 0 11 5 0 0 0 0 0 0 0 0 0 0 0 0 2 0 0 0 0 0 0 0 0 0 1 0 0 0 0 0 0 0 0 0 0 0 5 0 3 3 2 2 12 0 0 0 0 0 0 0 0 0 0 0 0 0 0 0 0 0 0 9 0 0 0 0 0 0 9 0 0 0 
 3 5 7 3 5 3 3 58 3 5 7 10 3 3 3 3 5 3 8 3 130 118 375 171 436 267 261 36 372 87 0 237 121 60 37 110 328 157 349 80 0 71 2 0 0 1 0 0 62 0 3 3 0 8 2 0 9 0 66 2 0 3 2 0 0 0 0 15 3 0 0 3 0 0 0 0 3 2 0 0 9 0 0 0 0 0 0 0 0 0 0 0 0 0 0 0 0 0 0 0 13 27 13 39 14 13 25 37 0 0 13 21 0 0 0 11 0 1 0 0 0 0 0 0 0 0 27 0 0 0 0 0 18 0 12 23 0 0 14 0 0 1 0 0 0 0 0 0 0 0 0 13 0 0 0 0 0 0 0 0 0 1 0 0 3 27 0 0 2 0 0 0 0 0 0 0 2 0 0 2 9 22 8 5 13 22 0 15 25 21 0 0 20 0 10 11 0 1 0 0 0 33 0 0 0 0 7 13 0 21 0 0 19 0 12 1 0 0 0 27 0 0 0 0 0 0 0 0 2 0 0 0 0 0 0 0 0 0 0 0 0 0 0 0 0 0 0 0 0 0 0 0 0 0 5 2 1 81 75 15 2 9 0 0 1 0 12 0 0 0 0 0 0 0 0 0 0 0 0 0 0 0 0 0 0 0 0 0 0 0 
 0 0 1 0 2 0 0 0 0 0 0 0 0 0 0 0 0 0 3 0 68 39 112 181 125 59 63 59 115 24 237 0 61 46 30 40 47 244 230 236 0 24 3 0 0 0 125 0 22 3 3 3 119 63 2 0 66 6 65 101 0 3 1 0 0 0 0 2 3 0 0 2 0 0 0 2 3 2 0 0 0 0 0 0 0 0 0 0 0 12 0 0 0 0 0 0 0 0 0 0 0 0 5 0 19 1 0 0 19 0 13 9 0 0 0 0 0 0 0 0 0 0 0 2 0 0 34 15 0 11 0 0 53 22 0 8 0 0 22 31 0 0 0 0 0 0 0 0 0 7 0 0 0 0 0 0 0 17 6 0 0 1 0 0 5 5 0 0 0 0 0 2 0 0 0 0 2 0 0 1 0 0 0 0 10 46 0 0 0 0 1 22 0 0 0 0 18 0 0 0 14 40 0 9 14 0 18 10 1 10 0 0 20 22 44 43 0 0 14 11 0 0 0 0 0 0 0 0 0 0 0 0 0 9 3 1 0 0 0 0 0 0 0 0 0 0 0 0 0 0 0 0 0 1 0 0 2 41 75 13 2 2 0 0 0 0 0 0 0 0 0 1 0 0 0 0 0 0 0 0 0 0 0 0 9 0 12 0 0 0 
 0 74 0 77 0 83 2 1 0 77 35 151 0 0 0 0 80 138 2 0 113 357 320 77 222 34 362 99 109 50 121 61 0 159 110 44 131 115 473 229 0 2 2 0 0 0 4 0 0 0 25 3 0 0 2 0 3 0 3 4 4 7 3 12 0 2 0 16 3 0 0 5 0 4 0 0 3 2 0 0 0 9 2 61 0 18 0 4 7 10 0 20 0 0 1 0 0 7 0 0 23 19 55 0 14 1 32 16 11 23 26 19 0 15 1 34 0 1 42 20 0 0 0 0 0 4 0 0 0 0 0 0 0 0 11 0 0 0 0 0 0 0 0 0 0 2 0 0 0 0 6 0 0 0 0 0 0 0 0 0 0 0 0 27 0 8 0 0 21 0 15 0 0 0 30 7 0 0 0 0 37 12 0 1 0 18 10 38 14 0 9 0 33 15 12 39 14 9 26 1 0 0 0 1 0 15 0 0 0 0 0 0 0 0 0 0 0 0 0 0 0 0 0 0 0 0 2 0 0 0 0 0 2 0 0 0 0 0 0 0 0 0 1 0 0 0 0 0 0 0 0 0 0 0 16 1 1 78 0 0 2 2 0 0 0 0 15 0 0 0 0 0 0 0 0 0 0 0 0 0 0 0 0 0 0 0 0 0 0 0 
 0 0 2 0 0 0 0 0 0 2 0 73 0 0 0 0 6 79 0 0 121 63 298 135 140 326 108 57 269 145 60 46 159 0 126 44 185 31 175 61 0 2 2 0 0 0 0 0 0 0 3 3 0 0 2 0 3 0 2 2 0 10 4 0 0 0 0 2 3 0 0 3 0 0 0 47 3 2 0 0 0 0 0 0 0 1 0 0 0 0 0 0 0 0 1 0 0 0 0 0 21 30 10 42 25 9 11 41 2 18 0 4 0 29 0 22 10 34 6 1 0 0 0 0 0 0 0 0 0 0 0 0 0 0 0 0 0 0 3 0 0 4 0 0 0 0 0 0 0 0 20 0 0 0 17 0 0 0 0 0 0 0 0 11 0 0 0 17 0 0 0 53 0 15 0 4 0 0 0 1 7 56 24 20 14 0 23 30 23 31 13 1 12 19 0 24 0 14 13 0 0 0 0 0 0 0 10 0 0 0 0 0 21 0 0 0 0 0 0 12 0 0 0 0 0 0 0 0 0 0 0 0 0 0 0 0 0 0 0 0 0 0 9 0 0 0 0 0 0 71 0 0 0 0 4 0 0 1 0 3 2 9 65 0 0 0 0 0 0 0 0 0 0 0 0 0 0 0 0 0 0 14 0 0 0 24 0 0 0 0 
 3 3 3 93 3 85 3 3 78 3 67 168 3 5 4 3 3 84 3 4 103 505 189 340 66 54 255 48 46 162 37 30 110 126 0 102 79 39 243 447 0 2 78 0 0 0 2 0 0 0 3 4 0 0 2 0 3 0 3 2 2 5 2 2 0 1 0 2 3 0 0 3 0 0 4 2 4 2 0 26 0 0 0 0 10 0 0 0 9 2 0 13 0 0 0 0 0 2 0 0 21 21 25 10 2 0 28 29 10 27 0 25 0 35 28 0 25 32 10 4 0 0 0 0 0 0 0 0 0 0 0 0 0 0 0 0 0 0 0 0 0 0 0 0 0 0 0 0 0 0 0 1 0 0 0 0 0 0 0 1 0 0 0 3 45 4 0 0 3 0 1 1 0 0 0 4 0 0 0 2 23 22 13 0 0 3 58 1 0 0 0 25 32 29 13 48 25 0 13 26 0 0 0 0 0 0 0 0 0 0 0 0 1 0 0 0 0 0 0 0 0 0 0 0 0 0 0 0 0 0 0 0 0 0 0 0 12 0 0 0 0 0 0 0 0 0 0 0 0 22 0 0 0 0 3 0 0 0 0 2 2 0 0 0 0 0 0 0 0 0 0 0 0 0 0 0 0 0 0 11 0 0 0 0 0 0 0 0 0 0 
 0 6 42 1 4 78 0 6 1 1 0 1 1 0 1 2 3 0 8 1 349 333 64 347 161 72 55 142 50 217 110 40 44 44 102 0 139 292 45 311 0 2 4 0 3 0 1 0 0 0 3 3 0 1 2 0 3 0 3 2 2 3 3 0 3 0 0 2 3 0 0 8 0 0 0 0 4 5 0 0 0 0 1 0 0 1 0 0 0 0 0 2 0 0 0 0 0 0 0 0 0 42 18 11 19 30 12 12 8 31 0 38 0 24 95 47 38 21 1 49 0 0 0 0 0 0 0 0 0 0 0 0 0 0 0 0 0 0 14 0 0 5 0 0 0 0 0 0 0 0 0 0 0 0 5 0 0 1 0 0 0 0 0 0 0 12 25 0 0 0 0 0 19 0 0 1 0 0 0 1 17 0 32 22 7 12 1 15 0 16 30 33 11 0 6 22 14 18 9 9 1 0 0 0 0 0 0 0 0 0 0 0 18 0 0 0 0 0 0 18 0 0 0 0 0 0 0 0 0 1 0 0 0 0 0 0 0 0 0 0 0 0 0 0 0 2 0 0 0 0 0 0 0 0 4 0 0 78 2 0 3 1 0 0 0 0 16 0 0 0 0 0 0 0 0 0 0 0 0 9 0 11 0 0 0 0 0 0 0 0 
 0 0 3 0 0 0 0 1 0 0 0 0 0 0 0 74 0 0 0 0 28 107 183 112 49 96 108 47 229 148 328 47 131 185 79 139 0 76 47 38 0 2 2 0 0 0 0 0 0 0 3 3 0 0 2 0 3 0 3 2 0 3 1 0 0 0 0 8 3 0 0 2 0 0 0 2 3 2 0 0 0 0 0 0 0 0 0 0 0 0 0 1 0 6 0 0 0 0 0 1 12 10 17 24 9 8 29 8 12 0 9 40 1 10 19 18 2 0 0 0 1 0 0 0 0 0 10 0 0 0 0 0 1 0 8 0 0 0 11 0 15 19 0 0 23 0 0 0 0 0 19 0 0 0 0 0 0 0 0 0 1 4 0 1 0 18 0 0 28 0 0 0 0 0 2 0 0 0 2 1 1 7 0 60 31 14 0 49 23 0 7 13 29 0 12 25 1 12 0 0 0 7 0 0 0 0 12 9 0 0 0 13 0 0 1 0 0 1 12 8 0 0 0 0 0 2 0 0 0 0 0 0 0 0 0 0 0 2 0 0 0 0 1 0 0 0 0 0 0 0 0 0 0 0 2 0 0 2 41 0 18 0 0 0 0 0 0 0 0 0 0 0 0 0 0 0 0 0 0 0 0 0 0 0 0 13 0 0 0 0 
 0 2 1 1 2 2 0 0 1 75 0 1 1 0 2 2 1 0 4 75 252 254 480 128 110 68 51 133 174 137 157 244 115 31 39 292 76 0 122 248 0 2 2 0 0 2 0 0 0 0 3 5 62 0 2 0 4 2 37 63 0 3 2 0 0 0 0 2 3 0 0 3 0 2 0 0 3 2 4 0 0 0 0 0 13 0 0 0 0 0 0 0 0 0 0 0 0 0 0 0 20 21 16 0 14 0 53 13 18 4 11 0 8 12 0 9 15 4 6 1 0 0 0 0 0 0 5 27 0 0 0 0 10 0 0 22 0 0 10 28 5 0 0 0 0 0 0 0 5 0 0 0 0 8 0 0 0 0 0 1 0 0 0 19 0 0 0 0 0 0 0 0 0 0 0 1 0 0 0 1 15 2 8 7 0 17 0 11 0 0 0 19 0 0 0 8 29 14 18 0 0 2 0 0 0 1 0 0 0 10 0 0 12 15 0 0 0 0 28 12 0 0 0 0 0 0 0 0 0 0 0 0 15 0 0 0 0 0 0 0 0 0 8 0 0 0 0 0 0 0 0 0 0 0 2 15 0 77 0 2 6 0 0 0 0 0 0 0 0 0 0 0 0 0 0 0 0 0 0 0 0 8 0 0 0 0 0 0 0 0 
 74 0 0 0 0 45 0 2 0 1 149 62 0 0 0 0 3 81 3 0 57 37 68 73 40 48 189 158 51 95 349 230 473 175 243 45 47 122 0 154 0 4 4 0 0 0 0 0 0 0 6 6 0 0 2 0 6 0 5 4 1 8 1 0 0 3 0 11 3 3 0 2 1 0 0 31 3 2 0 0 0 0 0 63 10 36 0 0 53 0 2 18 0 0 0 0 0 31 0 0 29 0 11 0 0 0 32 0 25 1 10 1 2 6 61 0 2 12 19 0 0 0 0 0 0 0 0 0 0 0 0 0 0 0 0 0 0 0 2 0 0 0 0 0 0 0 0 0 0 0 0 0 0 0 0 0 0 9 0 0 0 0 0 58 23 8 0 0 50 0 1 0 0 0 7 27 0 0 0 1 67 28 0 10 12 0 19 64 48 2 9 0 0 41 60 25 47 9 22 23 0 0 0 0 0 0 0 0 0 0 0 0 0 7 0 0 0 0 0 0 0 2 0 0 0 0 0 0 0 0 0 0 0 0 0 11 0 0 0 0 0 0 0 0 0 4 0 0 2 0 0 0 0 0 6 1 0 1 0 1 0 0 2 0 0 0 0 0 0 0 2 0 0 0 0 0 0 0 0 1 0 0 0 0 0 0 0 0 0 0 
 3 4 3 77 76 155 3 3 12 27 150 101 3 3 5 37 77 155 6 5 31 151 48 68 72 74 125 61 68 73 80 236 229 61 447 311 38 248 154 0 0 0 2 0 0 0 0 0 0 0 3 3 0 0 2 0 3 0 3 2 0 3 3 0 0 0 0 2 3 0 0 3 0 0 0 2 3 2 0 0 1 0 0 0 1 9 0 0 14 0 12 44 0 0 0 0 10 18 0 0 1 24 36 9 0 0 0 48 20 11 0 7 20 31 16 0 34 35 1 14 0 0 0 0 0 0 0 0 0 0 0 0 0 0 0 0 0 0 0 0 0 0 0 0 0 0 0 0 0 0 0 2 0 0 0 0 0 0 0 0 0 0 0 39 22 34 0 0 9 0 18 2 0 0 0 0 0 19 0 0 25 4 17 7 0 11 35 20 12 0 0 11 0 12 16 0 29 0 1 66 0 0 0 0 0 0 0 0 0 0 0 0 0 0 0 0 0 0 0 0 0 0 0 0 0 0 0 0 0 0 0 0 0 0 0 0 0 0 0 0 0 82 0 0 0 0 0 0 0 0 0 0 0 0 5 2 0 0 0 0 5 0 0 0 0 0 0 0 0 0 0 0 0 0 0 0 0 0 0 8 0 0 0 0 0 0 0 0 0 0 
 0 0 0 0 0 0 0 0 0 0 0 0 0 0 0 0 0 0 0 0 0 0 0 0 0 1 0 0 0 0 0 0 0 0 0 0 0 0 0 0 0 175 87 192 32 32 151 135 44 167 42 42 65 30 112 370 107 359 107 149 0 0 0 0 0 65 0 0 1 0 0 0 0 0 3 1 0 1 0 0 0 0 0 0 0 0 0 0 0 0 0 0 0 0 0 0 0 0 0 0 0 0 0 0 0 0 0 0 0 0 0 0 0 0 0 0 0 0 0 0 39 33 4 0 33 0 9 10 11 10 21 1 36 34 29 5 25 29 0 0 0 0 0 0 0 0 0 0 0 0 0 0 11 0 0 0 4 0 0 0 0 0 0 0 0 0 0 0 0 2 0 0 0 0 0 0 0 0 0 0 0 0 0 0 0 0 0 0 0 0 0 0 0 0 0 0 0 0 0 0 9 14 10 10 35 0 71 25 34 18 48 22 0 0 43 14 1 33 0 0 0 0 0 0 0 0 1 0 0 0 0 0 6 0 0 0 0 0 5 0 0 0 1 0 0 0 0 0 0 0 0 0 0 0 0 0 0 0 0 0 0 0 0 65 34 15 2 0 0 0 0 0 0 0 0 0 0 0 0 0 0 0 0 0 20 0 0 16 0 1 
 2 1 3 1 2 2 2 4 0 1 0 1 2 0 2 0 3 5 60 2 2 0 1 5 3 21 0 2 2 2 71 24 2 2 2 2 2 2 4 0 175 0 172 97 95 457 141 106 248 120 34 273 262 154 40 118 489 256 83 32 2 0 0 0 0 0 1 0 2 0 0 6 0 6 0 2 0 0 2 0 0 0 0 0 0 0 0 0 0 0 0 0 0 0 8 0 0 0 0 0 0 0 0 0 0 0 0 0 0 0 0 0 0 0 0 0 0 0 0 0 28 37 10 19 12 10 0 0 1 20 1 24 24 7 9 12 18 23 3 10 1 10 1 0 1 2 14 1 1 2 2 1 2 2 0 1 1 2 2 43 0 0 0 0 6 5 0 0 1 0 0 0 0 0 0 0 0 15 0 1 0 0 0 0 0 0 0 0 0 0 0 1 0 0 0 0 0 0 0 0 0 84 7 0 14 2 59 13 18 12 26 12 0 21 42 0 24 21 0 13 1 0 1 0 0 2 34 1 2 2 0 1 19 0 2 0 0 1 1 1 0 0 0 0 0 0 2 0 0 0 0 0 0 0 0 0 0 1 13 21 0 2 0 0 2 4 1 1 0 0 2 0 0 0 0 0 0 0 0 0 0 0 2 0 10 13 0 10 0 0 
 12 0 2 0 0 0 2 10 0 0 0 0 5 0 4 0 63 5 2 4 5 2 2 2 2 45 2 2 2 2 2 3 2 2 78 4 2 2 4 2 87 172 0 262 63 30 139 201 115 356 58 245 93 72 129 265 328 112 105 58 0 0 40 0 0 0 0 0 10 0 0 0 0 3 0 0 5 0 47 0 0 17 1 3 0 0 0 0 0 0 7 0 0 0 5 13 0 6 11 0 0 0 0 0 0 0 0 0 0 0 0 0 0 0 0 1 0 0 0 0 27 35 13 18 24 0 0 0 8 28 1 6 10 10 0 0 20 23 0 11 0 0 0 0 0 0 0 0 0 5 0 0 20 24 22 0 0 24 0 0 0 0 0 0 0 0 0 1 9 10 0 9 0 14 0 0 0 0 0 0 0 0 0 0 2 0 0 0 0 0 0 0 0 13 0 0 0 0 0 0 9 14 22 19 10 22 13 5 52 10 20 50 0 3 9 26 0 18 0 37 0 3 0 0 0 0 15 1 0 0 0 0 1 0 0 0 0 0 0 0 0 0 0 0 0 0 0 0 0 0 0 0 0 2 0 0 0 0 0 0 0 0 9 0 2 15 3 1 0 0 0 0 0 0 0 0 0 0 0 0 0 0 0 0 24 0 0 19 0 0 
 0 0 0 0 0 0 0 0 0 0 0 0 0 0 0 0 2 0 0 0 0 0 0 3 61 1 0 0 0 0 0 0 0 0 0 0 0 0 0 0 192 97 262 0 80 36 72 116 153 188 117 130 58 87 149 115 56 196 84 153 0 0 5 4 18 10 0 9 0 2 0 1 0 6 5 1 5 0 0 7 0 0 0 0 0 0 0 0 0 0 0 0 0 0 0 0 0 0 0 0 0 0 0 0 0 0 0 0 0 0 0 0 0 0 0 0 0 0 0 0 15 81 35 28 39 0 1 0 11 15 11 1 1 16 7 20 24 11 0 1 0 0 0 69 0 7 0 0 4 4 0 3 22 0 0 0 10 14 0 0 0 1 0 0 0 0 16 0 0 2 0 0 0 0 0 0 0 0 0 0 0 0 0 0 0 0 0 0 0 0 0 0 0 0 0 0 0 0 0 0 12 22 19 19 10 21 14 23 79 12 30 34 0 9 15 10 7 10 0 0 0 0 10 0 0 0 0 0 0 0 7 5 25 0 0 0 0 0 7 0 0 0 0 0 0 0 2 0 0 0 0 13 0 2 0 2 0 0 0 13 0 0 0 66 1 13 15 0 0 0 9 0 0 0 0 0 0 0 0 0 0 0 0 0 0 0 0 0 0 0 
 0 2 0 0 0 0 0 0 0 2 0 0 0 0 0 0 0 0 3 0 0 0 0 4 0 0 0 0 0 0 0 0 0 0 0 3 0 0 0 0 32 95 63 80 0 311 46 77 162 135 148 219 138 102 110 142 115 42 61 69 38 0 2 0 0 0 1 50 3 50 12 2 50 19 23 0 3 4 71 47 0 0 0 0 0 0 0 0 0 0 0 0 0 0 0 0 0 0 0 0 0 0 0 0 0 0 0 15 0 0 0 0 0 0 0 0 0 0 0 0 0 0 4 0 0 15 0 0 0 16 32 20 0 0 0 0 0 0 0 0 18 16 14 0 0 4 12 0 0 11 0 0 0 20 18 30 13 15 10 25 0 0 0 0 0 0 0 0 0 0 0 0 0 0 0 0 0 0 0 2 0 0 0 0 0 0 0 0 0 0 0 0 0 0 0 0 0 0 0 0 0 0 0 0 0 11 0 0 0 0 0 10 0 0 1 0 0 0 0 0 9 15 0 12 3 0 15 34 0 0 0 0 14 8 7 10 6 15 13 11 1 0 5 0 0 0 0 0 0 0 0 5 0 0 0 0 0 0 0 1 0 0 7 0 0 2 3 0 0 0 0 0 0 0 0 0 0 0 0 0 0 0 0 0 0 0 0 0 0 0 
 0 0 0 0 0 0 0 0 0 0 0 0 0 0 0 0 2 0 0 0 0 0 0 0 0 0 0 0 0 0 1 0 0 0 0 0 0 2 0 0 32 457 30 36 311 0 38 22 38 50 150 65 232 60 132 83 215 43 37 48 111 2 57 1 7 3 61 55 0 1 7 0 51 57 57 63 0 54 18 58 0 0 0 0 0 0 0 0 0 0 0 0 0 0 0 0 0 0 0 0 0 0 0 0 0 0 0 0 3 0 0 0 0 0 0 0 0 0 0 0 0 0 0 0 7 0 0 0 1 2 8 0 0 0 1 0 0 0 0 0 15 21 5 28 0 22 1 0 30 33 0 0 0 73 0 17 10 8 27 32 0 0 0 0 0 0 0 0 0 0 0 0 0 0 9 0 0 0 0 1 0 0 0 0 0 0 0 0 0 0 0 0 0 0 0 0 0 0 0 0 0 0 24 0 9 0 0 0 0 0 1 8 0 0 1 0 13 0 1 0 0 0 0 20 15 0 24 10 9 0 16 0 0 0 0 15 0 11 10 35 0 0 8 0 0 0 0 0 0 0 0 0 0 0 0 0 0 0 0 5 0 0 67 0 1 1 4 0 0 0 19 0 0 0 0 1 0 0 0 0 0 0 0 0 0 9 0 0 0 0 
 0 0 0 0 0 0 1 1 0 0 0 0 1 0 0 0 0 0 89 1 0 0 0 0 0 60 0 0 0 0 0 125 4 0 2 1 0 0 0 0 151 141 139 72 46 38 0 56 176 39 37 29 137 85 25 25 71 40 59 44 0 0 1 1 1 19 0 0 0 0 0 0 0 0 4 4 4 0 1 0 0 0 0 0 0 0 8 0 0 0 0 0 0 0 6 0 0 0 7 0 0 0 0 0 1 0 0 0 0 0 0 0 0 0 0 0 0 0 0 0 0 0 0 20 0 0 12 6 0 13 0 0 25 17 0 11 17 7 5 2 0 0 0 0 0 0 0 0 0 54 0 0 0 0 0 0 1 6 0 0 0 9 0 0 2 0 0 0 0 1 0 0 9 0 0 0 0 0 8 2 0 0 0 0 7 0 0 0 0 0 0 27 0 0 0 0 0 0 0 0 0 0 0 0 13 0 10 27 0 19 9 0 0 9 10 20 15 0 9 0 0 0 0 0 0 0 0 0 0 0 0 1 0 0 0 0 0 0 0 0 0 0 24 0 0 0 0 0 0 0 0 3 0 0 0 0 0 0 0 10 0 0 0 0 0 1 0 0 0 0 0 0 0 0 0 0 0 0 0 0 0 0 0 0 19 0 0 0 0 7 
 0 0 0 0 0 63 0 0 0 0 0 0 0 0 0 0 0 0 0 0 0 0 0 0 2 0 0 0 0 0 0 0 0 0 0 0 0 0 0 0 135 106 201 116 77 22 56 0 71 222 137 34 121 186 138 196 108 91 303 107 0 0 4 0 0 0 12 0 0 0 0 0 6 0 6 1 2 0 0 0 0 0 0 0 0 1 0 0 0 0 0 0 0 0 0 0 0 0 0 0 0 0 0 0 0 0 0 0 0 0 0 0 0 0 0 0 0 0 0 0 39 14 23 18 22 0 0 19 12 0 47 9 0 21 21 4 25 29 1 15 0 4 0 0 0 8 5 9 0 0 0 0 2 8 0 0 2 0 0 1 0 0 0 0 0 0 0 0 0 1 0 0 0 0 0 0 0 0 0 9 0 0 0 0 0 0 0 0 0 0 0 0 0 0 0 0 0 0 0 0 23 6 37 25 1 7 0 19 1 13 21 10 0 10 7 0 10 13 0 0 8 6 0 0 0 0 7 0 2 1 1 0 2 0 0 0 4 0 2 39 0 0 1 0 0 0 0 0 0 31 0 9 0 0 0 0 0 0 0 0 0 0 0 65 36 2 2 0 2 0 26 0 0 0 0 0 0 0 0 0 0 0 0 0 18 0 0 14 2 0 
 0 0 0 0 0 0 2 0 61 0 2 0 0 0 0 2 2 0 0 0 1 0 0 0 0 2 0 0 0 0 62 22 0 0 0 0 0 0 0 0 44 248 115 153 162 38 176 71 0 143 59 38 73 189 92 60 214 162 160 67 1 0 1 0 0 0 0 0 216 0 0 3 0 0 0 0 2 0 66 0 0 0 0 0 0 1 0 0 0 0 0 0 0 0 0 0 0 0 0 0 0 0 0 0 0 0 0 0 0 0 0 0 0 0 0 0 0 0 0 0 0 11 16 20 0 11 1 0 16 11 1 6 40 15 0 0 3 9 0 7 10 9 0 0 0 8 6 0 0 6 13 0 12 8 8 0 0 4 0 12 0 0 0 0 8 5 0 0 0 25 0 0 0 0 0 0 0 0 0 1 0 0 0 0 0 1 0 0 0 0 0 0 0 0 0 0 0 0 0 0 0 7 0 13 6 0 27 19 17 15 3 14 0 6 19 21 27 22 1 0 0 0 0 0 0 0 10 6 0 0 0 0 8 0 10 0 0 43 4 0 0 0 0 0 0 0 0 0 2 0 0 0 0 0 0 0 0 0 0 15 0 0 0 0 0 69 1 1 0 0 0 0 0 0 0 0 0 0 0 0 0 0 0 0 0 11 0 0 0 0 
 0 1 0 0 0 1 0 0 0 0 0 0 0 0 0 0 0 0 3 0 0 0 5 0 0 62 0 0 0 0 0 3 0 0 0 0 0 0 0 0 167 120 356 188 135 50 39 222 143 0 184 86 99 163 157 185 150 57 66 189 0 0 6 0 0 32 0 0 1 0 0 0 0 52 0 0 61 0 0 53 0 0 0 0 0 0 0 0 0 0 0 0 0 0 0 0 0 0 0 0 0 0 0 0 0 2 0 0 0 0 3 0 0 0 0 0 0 0 0 0 16 29 36 13 20 12 1 4 29 12 55 56 3 16 19 18 13 10 2 5 0 0 0 0 0 0 11 0 15 0 0 0 29 0 13 0 23 11 0 0 0 0 0 0 0 0 0 0 13 0 0 0 0 0 0 0 0 0 0 1 0 0 0 0 5 0 0 0 11 0 4 3 0 0 0 0 0 0 0 0 11 15 49 21 0 53 0 15 20 0 2 0 0 12 34 4 0 2 0 0 14 16 0 0 0 0 1 1 0 0 0 0 15 17 0 0 0 0 0 0 0 0 0 0 0 0 0 0 0 0 0 2 0 0 0 0 0 0 4 15 0 0 0 0 65 2 0 2 2 0 0 0 0 50 0 0 0 0 0 0 0 0 0 0 6 15 0 8 0 0 
 0 0 3 0 0 0 5 3 0 3 0 0 0 0 0 2 0 0 3 0 5 3 3 3 3 4 3 3 3 3 3 3 25 3 3 3 3 3 6 3 42 34 58 117 148 150 37 137 59 184 0 62 45 71 343 196 121 102 58 50 2 2 7 8 5 1 17 77 0 0 0 18 0 52 1 1 13 0 50 68 0 0 0 0 0 0 0 0 0 0 0 0 0 0 0 0 0 0 0 0 0 0 0 0 0 0 0 0 0 2 43 0 0 0 0 0 0 0 0 0 8 0 22 2 10 11 1 15 27 0 31 58 8 0 23 5 0 25 0 0 0 0 0 40 0 36 10 0 0 0 0 0 20 0 2 19 7 13 0 0 0 0 0 0 0 0 0 5 0 0 0 0 0 0 0 0 0 0 0 2 0 0 0 0 0 0 0 0 0 0 0 6 0 0 0 0 0 0 0 0 42 14 34 21 8 4 3 8 26 13 1 0 14 7 0 0 8 12 0 0 11 14 0 11 0 0 0 11 0 0 0 0 8 29 7 0 7 6 0 12 0 0 0 0 0 0 0 0 0 0 0 4 0 2 0 0 0 0 0 1 0 0 2 4 0 0 2 2 0 0 23 0 0 0 0 0 0 0 0 0 0 0 0 0 0 0 0 0 0 0 
 0 0 3 2 0 0 0 3 1 3 0 0 0 1 0 0 0 1 2 0 4 3 3 3 4 3 3 3 3 3 3 3 3 3 4 3 3 5 6 3 42 273 245 130 219 65 29 34 38 86 62 0 23 50 255 43 390 276 470 62 11 0 0 0 4 0 5 54 0 0 0 0 0 76 0 0 0 1 0 17 0 0 0 0 0 0 12 0 0 0 2 0 0 0 0 0 0 0 0 0 0 0 0 0 0 0 0 0 0 0 0 0 0 0 0 0 0 1 0 0 0 0 8 0 0 39 0 0 15 0 11 12 0 0 0 0 0 0 0 0 0 0 6 0 0 0 12 13 7 15 0 10 19 18 0 20 8 12 3 0 0 0 0 0 0 0 0 0 0 0 0 0 0 0 11 0 0 0 0 2 8 0 0 0 0 0 0 0 0 0 0 0 0 0 0 0 0 0 0 0 0 0 0 8 0 0 0 0 15 0 0 1 0 0 3 8 7 8 0 0 10 25 10 0 0 0 9 12 0 12 0 0 8 25 21 10 7 0 23 10 1 0 0 0 0 0 0 0 0 0 0 2 0 0 0 0 0 0 25 17 0 0 63 2 0 5 4 0 0 0 1 0 0 0 0 0 0 0 0 0 0 0 0 0 0 11 0 0 0 0 
 2 2 2 2 2 2 2 2 2 2 2 3 2 2 2 2 2 2 0 2 2 0 20 62 36 19 0 0 63 0 0 119 0 0 0 0 0 62 0 0 65 262 93 58 138 232 137 121 73 99 45 23 0 173 41 157 119 48 202 245 3 0 2 0 0 0 0 0 16 5 5 0 0 0 0 2 3 0 7 0 0 0 0 0 0 0 0 0 0 0 0 0 0 0 0 0 0 0 0 0 0 0 17 0 20 0 0 0 4 0 0 9 0 0 0 0 0 0 0 0 19 10 2 23 0 0 15 13 0 43 0 0 0 11 0 20 20 11 1 24 10 0 12 0 0 0 0 0 0 0 4 0 1 0 9 0 0 8 0 8 0 0 0 0 0 0 0 0 0 1 0 0 0 0 0 0 0 0 0 0 0 0 0 0 23 13 0 0 0 0 0 0 0 0 0 0 9 0 0 0 32 11 22 19 26 0 0 0 0 0 0 0 9 8 8 2 0 0 6 15 0 0 0 0 3 0 0 4 0 0 0 0 0 1 1 3 0 4 10 0 0 0 0 0 0 0 0 0 0 0 0 0 0 1 0 0 0 0 0 0 0 0 0 69 2 0 0 0 2 0 0 0 0 0 0 0 0 0 0 0 0 0 0 0 37 0 9 15 0 0 
 3 3 5 3 3 3 4 5 3 35 3 3 3 3 3 3 3 3 4 3 0 0 7 0 62 31 0 29 16 0 8 63 0 0 0 1 0 0 0 0 30 154 72 87 102 60 85 186 189 163 71 50 173 0 159 169 110 44 98 144 0 0 0 0 0 0 0 54 55 0 0 8 0 0 0 0 2 0 2 0 0 0 0 0 0 0 0 0 0 0 0 0 0 0 0 0 6 0 0 0 0 0 0 9 2 20 0 0 0 2 0 0 0 0 0 0 0 2 0 0 15 19 1 5 8 0 15 0 8 16 0 8 21 10 13 0 11 19 0 4 5 0 0 0 0 0 0 0 0 0 0 0 14 0 6 0 14 0 0 0 0 0 0 0 20 0 0 0 0 1 0 0 0 0 0 0 0 0 0 2 0 0 0 24 1 6 0 3 0 10 6 0 0 0 0 6 0 3 0 0 30 39 8 0 0 2 0 3 10 10 11 0 0 7 44 0 24 10 13 19 11 0 0 2 0 0 11 0 16 0 6 0 7 0 0 0 0 0 0 0 0 0 0 0 0 0 0 0 0 0 0 1 0 2 0 0 0 1 0 16 0 0 2 0 2 0 0 6 1 0 0 0 0 0 0 0 0 0 0 0 0 9 0 0 10 0 0 10 1 0 
 0 0 6 7 0 0 0 0 0 0 61 3 6 0 0 0 0 0 0 0 2 2 2 2 2 2 2 2 2 2 2 2 2 2 2 2 2 2 2 2 112 40 129 149 110 132 25 138 92 157 343 255 41 159 0 253 36 50 71 95 0 0 3 0 0 4 0 1 6 2 0 7 0 0 0 1 0 0 55 0 0 3 0 0 13 0 0 0 0 0 0 1 0 0 0 0 8 0 0 0 0 0 0 0 0 0 0 0 0 0 0 0 5 0 0 0 0 31 0 3 1 10 0 0 31 5 0 0 68 13 24 22 0 0 11 0 0 0 0 0 20 0 0 0 0 5 0 0 0 0 0 0 50 5 0 0 2 0 0 0 0 0 4 0 1 7 0 3 0 1 5 0 0 0 13 7 3 1 0 2 0 0 0 0 0 0 0 0 0 0 0 0 0 0 0 0 0 0 0 0 18 0 14 1 10 21 8 0 35 9 30 10 0 0 10 9 45 23 0 0 0 0 0 0 0 0 59 0 0 21 13 0 18 19 0 0 0 0 11 2 0 0 0 0 0 0 3 0 0 32 0 5 0 0 0 0 0 0 0 0 0 0 4 1 1 7 0 30 0 0 3 0 0 0 0 0 0 0 0 0 0 0 0 0 0 0 0 0 2 0 
 2 1 0 0 0 0 2 3 0 0 1 1 1 63 1 0 2 4 0 1 0 0 0 0 0 63 0 0 0 0 0 0 0 0 0 0 0 0 0 0 370 118 265 115 142 83 25 196 60 185 196 43 157 169 253 0 175 101 48 157 0 0 7 0 0 0 0 0 6 0 0 1 0 0 0 0 7 0 0 0 0 0 0 0 0 0 3 0 0 0 0 0 7 56 0 0 0 0 0 19 0 0 0 0 0 0 0 0 0 1 0 0 0 0 0 0 0 0 0 0 26 10 21 18 3 0 0 15 34 12 1 3 0 12 12 19 20 17 0 0 20 0 0 0 0 4 0 0 0 0 0 0 46 5 0 0 0 0 0 0 15 11 0 0 0 20 0 0 0 1 0 0 14 0 16 0 0 0 0 14 0 0 0 0 0 0 0 0 0 0 0 0 0 0 0 0 0 0 0 0 17 4 68 32 26 16 0 15 19 0 29 0 0 31 44 0 7 2 0 1 0 0 0 18 0 0 23 0 0 0 15 0 0 0 0 0 0 0 43 7 0 0 0 0 0 0 0 0 0 0 0 6 0 1 0 0 0 0 0 0 0 0 66 53 64 30 1 63 2 0 8 0 0 0 0 0 0 0 0 0 0 0 0 0 6 0 0 8 0 0 
 0 0 3 3 0 0 0 3 1 3 0 0 0 8 0 0 1 0 2 0 3 3 3 6 3 67 3 3 3 3 9 66 3 3 3 3 3 4 6 3 107 489 328 56 115 215 71 108 214 150 121 390 119 110 36 175 0 102 51 99 17 31 0 0 0 0 10 0 0 0 0 0 4 0 0 0 0 6 0 0 0 0 0 0 0 0 0 0 0 0 0 0 5 0 0 25 0 0 0 0 0 0 0 0 0 0 0 0 0 0 0 0 0 0 0 0 0 0 0 0 20 14 0 18 0 7 0 0 0 19 12 0 19 30 0 0 14 28 1 0 0 14 0 0 0 2 11 0 0 4 6 0 8 5 0 4 0 0 7 17 0 0 0 0 4 0 0 0 0 1 0 0 0 0 0 0 0 0 0 2 2 0 0 0 0 0 0 0 0 0 0 0 0 0 0 0 0 0 0 0 0 0 2 0 0 1 0 19 0 9 0 7 0 2 16 0 33 0 0 15 4 31 0 0 0 0 27 0 0 4 0 0 0 0 11 0 2 0 7 13 0 0 0 0 0 0 0 0 0 0 0 2 2 0 0 0 0 1 0 15 0 0 42 1 68 5 0 0 0 0 0 0 0 0 0 2 0 4 0 0 0 0 0 0 19 11 0 13 0 2 
 0 0 0 0 0 0 0 0 0 3 0 0 0 0 0 0 3 0 2 0 0 0 67 0 63 0 0 0 0 0 0 6 0 0 0 0 0 2 0 0 359 256 112 196 42 43 40 91 162 57 102 276 48 44 50 101 102 0 77 112 0 0 2 1 2 0 61 58 0 0 0 0 1 52 0 2 0 0 4 19 0 0 0 0 0 0 0 0 0 0 0 0 0 0 0 0 0 0 0 0 0 0 0 0 0 0 0 0 0 0 19 0 0 0 0 0 0 0 0 0 24 19 39 23 10 0 6 12 0 0 0 0 25 6 0 13 18 14 4 11 0 0 1 0 0 0 8 0 0 2 0 0 0 0 0 0 1 0 37 0 0 0 0 0 1 0 0 0 0 1 0 0 0 0 0 0 0 0 0 0 0 0 0 0 0 0 0 0 0 0 0 3 0 0 0 0 0 0 0 0 6 23 9 12 41 0 22 47 9 38 10 8 1 6 13 12 1 0 0 0 0 0 0 5 0 0 0 0 0 0 0 0 9 16 0 0 0 19 1 0 0 0 0 0 0 0 0 0 0 0 0 0 0 0 0 0 0 0 4 13 0 0 2 61 0 0 0 2 0 0 0 0 0 0 0 0 0 0 0 0 0 0 0 0 0 15 0 0 0 0 
 3 2 9 2 2 2 3 6 2 3 3 3 2 3 3 2 3 3 1 3 2 6 2 134 32 120 3 68 64 21 66 65 3 2 3 3 3 37 5 3 107 83 105 84 61 37 59 303 160 66 58 470 202 98 71 48 51 77 0 91 0 50 0 0 0 1 0 1 0 4 0 1 201 0 91 2 0 36 0 0 0 0 0 0 10 0 0 0 0 0 0 0 0 0 0 0 0 0 0 0 0 0 1 0 0 0 0 0 7 0 9 10 0 0 1 1 4 0 0 0 7 22 25 19 9 0 20 26 0 0 0 0 26 13 0 52 17 7 14 10 0 0 0 0 10 0 0 0 0 4 0 0 0 0 0 0 1 0 0 0 3 4 0 0 0 0 1 2 0 0 4 0 0 0 0 0 0 3 11 0 0 0 0 9 0 10 0 0 8 1 0 19 0 0 0 0 1 0 0 0 0 23 0 0 12 0 28 29 3 17 9 24 1 15 15 7 0 0 38 0 0 0 0 0 8 6 0 0 0 0 0 0 15 14 0 0 0 0 0 0 0 0 6 0 0 0 0 0 0 0 0 4 0 2 0 0 0 63 0 0 9 0 2 0 0 1 0 0 2 0 0 0 0 0 0 0 0 0 0 0 0 0 0 0 2 0 1 0 0 0 
 0 0 2 0 0 0 0 68 0 0 0 0 0 0 0 23 0 0 0 0 2 2 33 64 26 44 2 2 84 2 2 101 4 2 2 2 2 63 4 2 149 32 58 153 69 48 44 107 67 189 50 62 245 144 95 157 99 112 91 0 2 54 0 110 0 7 26 8 0 21 0 0 0 0 6 46 0 1 0 0 0 0 0 0 0 0 0 0 0 0 0 0 0 0 0 0 0 0 0 0 0 0 2 27 48 14 0 0 51 0 0 8 2 0 0 0 0 0 0 0 39 12 15 4 0 0 8 12 0 26 0 0 0 24 0 12 23 10 0 22 0 0 0 0 0 0 0 0 4 0 0 42 10 0 2 0 19 6 0 0 0 0 0 0 0 1 0 0 0 1 0 0 0 0 0 0 0 0 0 2 0 0 0 0 8 47 0 0 0 17 0 0 0 0 0 0 9 0 0 0 20 13 13 11 10 0 0 1 2 0 15 0 26 7 9 8 0 1 16 27 0 0 32 0 0 5 0 0 0 0 0 6 14 0 0 0 0 0 10 0 0 0 0 0 0 0 0 1 20 0 0 0 0 1 0 0 1 0 0 0 1 0 0 6 3 3 0 0 0 0 0 0 0 0 0 4 0 0 0 0 0 0 0 0 40 0 9 15 0 0 
 0 0 0 0 0 0 0 0 0 0 0 0 0 0 0 2 0 0 4 0 0 0 0 0 0 4 0 0 0 0 0 0 4 0 2 2 0 0 1 0 0 2 0 0 38 111 0 0 1 0 2 11 3 0 0 0 17 0 0 2 0 94 91 65 116 47 310 155 55 116 108 38 127 160 57 68 79 323 183 92 0 0 0 0 0 0 0 0 0 0 0 0 0 0 0 0 0 0 0 0 0 0 0 0 0 0 0 0 0 0 0 0 0 0 7 0 0 0 0 0 0 0 0 0 0 8 0 0 0 0 8 0 0 0 0 0 0 0 0 0 18 9 11 0 0 8 0 0 48 36 0 0 0 8 8 34 7 12 35 27 0 0 0 0 0 0 0 0 0 0 0 0 0 0 7 0 9 0 0 2 2 0 0 0 0 0 0 0 0 0 0 0 0 0 0 0 0 0 0 0 0 0 0 0 13 19 0 0 0 0 0 13 0 7 0 0 8 0 0 0 1 4 0 23 8 0 35 28 4 0 2 0 6 1 9 19 23 1 0 23 10 0 2 0 0 0 0 0 0 0 0 0 0 0 3 0 0 0 0 0 0 0 1 0 0 0 0 1 0 0 12 1 0 2 0 2 0 0 0 0 0 4 0 0 0 12 0 0 0 0 
