 0 225 75 80 36 58 84 136 270 244 43 347 149 343 173 258 138 120 51 117 0 2 2 24 0 0 0 0 0 0 0 3 77 3 0 0 0 0 1 0 4 2 0 3 0 3 0 0 4 1 0 4 67 0 0 2 0 0 0 3 0 0 0 3 0 0 0 0 0 2 0 2 3 0 0 2 0 6 0 0 21 24 6 27 0 18 31 10 13 27 11 9 0 3 30 24 2 12 4 11 2 0 0 0 0 0 0 0 0 0 0 0 0 0 0 0 0 0 11 0 0 0 0 0 0 0 0 0 0 0 0 0 14 0 0 20 0 0 0 0 0 0 0 2 0 0 0 0 0 0 0 0 0 0 0 0 0 0 0 0 39 24 21 16 2 19 0 14 41 27 39 21 14 29 16 30 11 10 0 12 0 1 0 0 0 0 0 0 0 0 2 0 0 0 0 0 0 0 0 0 0 0 0 0 0 8 0 0 0 0 0 0 0 0 0 0 0 0 0 0 0 0 0 0 0 0 0 0 21 0 0 0 0 0 0 0 0 0 0 0 0 0 0 0 2 2 0 0 2 43 11 8 12 0 0 0 0 0 0 0 0 0 0 0 0 0 0 0 0 0 0 0 0 0 0 0 1 0 0 0 0 0 0 0 0 0 0 0 0 0 
 225 0 94 212 149 91 172 202 39 36 79 338 183 56 218 260 42 51 33 48 4 25 3 3 1 2 74 3 1 0 0 6 0 3 3 0 4 0 0 3 4 2 2 4 2 0 0 3 2 1 0 4 3 0 0 7 0 0 0 0 0 0 6 3 28 0 0 0 0 0 0 43 3 0 3 7 0 2 0 0 10 0 50 20 0 21 1 49 0 0 7 0 1 33 16 15 6 0 14 0 0 0 0 0 0 0 1 0 0 0 0 0 0 0 0 0 0 0 12 12 0 0 0 0 0 0 0 0 13 0 0 0 0 0 0 0 0 0 0 0 0 0 0 0 0 0 0 0 0 21 0 0 0 0 0 0 0 0 0 0 19 1 8 10 8 15 0 22 30 7 10 46 0 12 0 14 0 36 0 0 0 0 0 0 0 0 1 0 0 0 0 0 0 0 1 0 0 8 47 0 0 0 0 20 0 12 0 0 0 0 0 0 0 0 0 0 0 0 0 0 0 0 0 0 0 0 0 0 0 12 0 0 0 0 0 0 26 0 0 13 0 0 0 0 0 0 183 1 1 1 11 0 11 0 0 0 1 0 0 0 0 0 0 0 0 6 0 0 0 0 0 0 0 0 0 6 0 11 0 0 0 0 0 0 0 0 0 0 0 0 
 75 94 0 79 34 48 473 202 111 352 132 444 170 70 361 337 212 478 19 25 0 0 1 0 0 0 0 3 0 2 0 2 0 3 0 0 0 3 0 3 5 2 0 0 0 0 0 29 2 63 0 2 5 0 4 0 0 0 0 0 0 0 0 8 0 0 0 0 0 0 0 0 3 0 0 2 0 0 0 0 0 20 18 11 12 5 33 44 39 62 34 7 33 30 46 0 58 25 0 0 0 14 0 0 0 0 0 0 0 0 0 0 0 0 0 0 0 0 0 3 0 0 0 0 0 0 0 0 2 0 0 0 0 0 0 0 0 0 0 0 0 0 0 0 0 0 0 0 0 0 0 0 0 0 0 0 0 33 0 0 19 22 20 1 0 0 8 55 2 10 33 1 14 43 36 39 49 9 0 1 0 0 0 0 0 0 0 0 0 0 0 0 0 0 0 0 0 0 1 12 0 0 0 0 0 10 0 0 0 0 0 0 0 0 0 0 0 0 0 0 0 0 0 0 0 0 0 0 0 0 0 0 17 0 0 0 0 0 0 0 0 10 0 0 0 2 91 0 0 1 2 8 0 0 0 0 0 0 0 0 0 0 0 0 0 0 0 0 0 0 0 0 0 0 0 0 0 10 0 0 0 0 0 0 0 0 0 0 0 0 
 80 212 79 0 267 158 113 115 123 216 218 31 98 113 85 80 64 67 73 167 1 39 5 0 8 3 36 4 0 0 3 6 0 22 17 0 0 2 40 2 5 2 0 0 3 0 3 0 2 3 5 6 3 0 0 0 5 3 0 0 0 0 2 9 31 0 0 6 0 6 6 0 2 0 0 2 0 0 0 2 30 7 20 28 17 33 0 8 0 11 11 17 2 1 27 22 27 2 0 0 7 0 0 0 0 0 13 0 0 0 0 0 0 18 14 0 0 0 8 34 1 0 11 0 22 0 0 0 16 0 0 0 0 7 0 0 0 0 0 0 0 0 0 0 0 0 0 0 0 0 0 0 0 0 0 0 0 0 0 0 1 0 21 0 14 11 4 0 21 1 0 27 0 12 0 14 0 0 0 0 0 0 36 2 0 0 9 0 0 2 1 0 0 16 51 0 10 0 84 16 8 0 0 9 0 0 0 0 0 0 0 0 0 0 0 0 2 0 0 0 0 0 7 0 0 0 0 0 0 0 0 0 0 0 0 0 0 0 0 0 0 0 0 0 0 0 53 0 2 0 26 8 0 0 0 0 0 0 0 0 0 0 12 0 0 0 0 0 0 0 0 0 0 0 0 27 1 0 0 0 0 0 0 0 0 0 0 0 0 0 
 36 149 34 267 0 167 258 409 89 127 393 114 91 100 89 148 66 104 54 201 0 0 36 0 0 0 35 0 2 3 0 3 2 51 2 29 18 0 1 75 4 2 0 5 0 0 0 0 2 1 0 2 3 0 3 0 0 2 0 0 0 0 2 3 12 0 0 0 1 2 0 0 3 0 3 2 0 0 0 0 0 29 11 14 37 1 0 24 0 0 57 25 0 0 0 10 10 38 2 0 10 18 14 0 0 0 11 2 7 0 0 0 10 57 15 30 7 0 0 14 0 0 0 0 0 0 0 0 14 0 0 0 0 0 0 0 0 0 0 0 0 0 0 0 0 0 0 0 0 0 0 0 0 0 0 0 0 0 0 0 0 0 21 0 36 8 4 0 54 11 0 14 0 0 0 1 0 14 0 0 7 13 0 0 0 0 25 0 9 14 0 15 0 41 23 0 0 0 78 25 1 0 0 8 0 0 0 13 0 0 0 0 0 0 0 0 0 0 0 0 0 0 0 0 0 0 0 0 0 0 0 0 1 0 0 0 0 0 0 0 0 0 0 0 0 0 62 1 0 0 0 12 0 0 0 0 0 0 0 0 74 0 0 0 0 0 0 0 0 0 0 0 0 0 0 21 0 0 0 0 0 0 0 0 0 0 0 0 0 0 
 58 91 48 158 167 0 121 111 186 59 170 317 44 277 352 113 168 145 41 71 73 75 0 0 0 0 147 0 0 62 0 3 75 3 22 0 0 0 162 65 2 2 0 36 0 0 0 16 2 1 0 2 3 0 31 9 0 0 0 0 0 22 0 3 0 0 0 0 0 0 0 0 3 0 0 2 0 0 35 0 0 0 26 15 1 17 0 29 0 0 0 81 0 0 4 0 14 14 0 0 15 0 5 0 0 0 9 41 0 0 1 0 11 18 11 2 0 2 18 34 0 0 0 0 0 0 0 0 17 0 0 0 0 0 2 0 0 0 0 0 1 0 1 0 0 0 0 0 0 0 0 0 11 0 0 0 0 0 0 64 18 0 21 16 18 6 0 11 4 12 29 15 0 0 0 0 0 44 0 0 0 0 0 8 0 1 0 4 17 6 0 0 45 0 2 0 0 0 19 25 2 0 0 20 0 0 0 0 0 0 0 0 0 0 0 0 0 0 0 0 0 1 10 0 2 0 0 0 0 0 2 0 0 0 0 0 0 16 0 0 0 0 0 0 0 1 177 0 99 10 1 15 0 0 0 0 0 0 0 0 0 0 0 0 0 0 0 0 0 0 0 0 0 0 0 10 23 10 0 0 0 0 0 0 0 0 30 0 0 0 
 84 172 473 113 258 121 0 171 146 251 131 47 252 186 148 29 465 59 324 166 0 0 0 0 0 0 0 0 0 0 0 3 0 3 0 1 0 0 0 0 3 2 0 4 0 0 0 22 2 1 0 2 3 0 0 8 0 0 0 0 0 0 0 7 0 0 0 0 0 0 0 0 12 0 0 2 0 0 0 0 18 13 15 15 0 0 24 23 24 26 40 0 37 28 20 0 38 8 14 0 0 0 0 0 0 0 0 0 0 0 0 0 0 0 0 0 0 0 0 0 0 0 0 0 0 0 0 0 0 0 0 0 0 0 0 0 0 0 0 0 0 0 1 0 0 10 0 0 0 0 0 0 0 2 0 0 0 0 0 0 31 26 12 16 16 0 24 18 0 10 54 2 0 6 23 12 0 0 21 0 0 0 0 0 0 1 0 2 0 0 0 0 0 0 0 0 0 0 0 0 0 0 0 0 2 0 0 0 0 0 0 0 0 0 0 0 0 0 0 0 0 2 2 0 0 0 21 0 0 0 0 0 0 0 0 0 0 0 0 0 0 9 0 0 0 0 46 0 2 0 0 12 0 0 0 0 0 0 0 0 0 0 0 0 0 0 0 0 0 0 0 0 0 0 0 0 0 0 0 0 0 0 0 0 0 0 0 0 0 0 
 136 202 202 115 409 111 171 0 436 356 375 297 107 182 177 55 215 98 277 265 0 0 1 0 0 0 2 0 0 0 0 3 0 3 0 0 0 0 73 0 4 2 0 46 0 2 0 18 2 1 5 2 7 0 0 7 0 0 0 0 2 0 2 3 4 0 0 0 0 0 0 0 3 0 0 2 0 0 0 0 0 19 28 27 9 6 0 11 1 0 18 0 0 0 11 0 33 39 0 13 0 21 0 0 0 0 9 0 0 0 2 0 0 0 0 0 0 0 24 0 0 0 0 0 0 0 2 0 1 0 0 0 0 0 0 0 0 0 0 0 1 0 0 0 0 26 0 16 0 0 0 0 0 0 0 0 0 0 0 0 18 0 0 16 18 26 9 25 18 31 51 0 1 0 1 2 0 25 0 0 0 0 0 0 0 0 0 0 0 0 0 0 13 0 0 0 0 0 24 3 0 0 0 0 0 6 0 0 0 0 0 0 0 0 0 0 0 0 0 0 0 0 0 0 0 0 0 0 0 2 0 0 0 0 0 0 1 0 0 0 0 0 15 0 0 0 92 1 87 1 2 12 9 0 0 0 0 0 0 0 0 0 0 0 0 0 0 0 0 0 0 0 0 0 0 0 8 0 0 0 0 0 0 0 0 0 0 0 0 0 
 270 39 111 123 89 186 146 436 0 270 28 329 144 207 184 209 58 438 47 324 0 0 0 2 0 0 0 0 0 0 20 3 0 3 1 0 0 0 58 0 5 2 0 5 0 0 0 4 2 2 0 2 3 0 0 4 0 0 0 4 3 0 0 3 10 0 53 0 55 0 0 0 2 0 0 2 0 0 0 0 0 43 21 20 14 1 0 9 0 17 12 25 0 0 1 0 12 28 0 11 0 14 0 0 0 0 51 0 0 0 0 0 0 0 0 0 0 18 12 2 0 0 0 0 0 0 0 0 8 0 0 0 0 0 0 0 0 0 0 0 0 0 9 0 0 0 0 0 0 0 0 0 0 0 0 0 0 0 0 2 16 0 14 49 28 6 0 0 0 34 28 0 0 0 0 0 0 60 0 0 0 0 0 0 0 0 11 0 2 0 0 0 12 14 2 0 0 0 16 10 0 0 0 0 0 0 0 1 0 0 0 0 0 0 0 0 0 0 0 0 0 0 0 0 0 0 0 0 0 0 0 0 0 0 0 0 0 0 0 0 0 0 0 0 0 0 90 0 2 2 0 13 0 0 0 0 0 0 0 0 0 0 0 0 0 0 0 0 0 0 0 0 0 0 0 14 10 0 0 0 0 0 0 0 0 0 0 0 0 0 
 244 36 352 216 127 59 251 356 270 0 199 213 71 337 215 165 193 257 151 180 0 0 2 0 0 3 1 0 0 0 1 2 2 3 208 2 0 0 1 0 3 2 0 2 0 0 0 0 2 0 0 2 2 0 0 0 1 0 67 0 4 0 64 2 6 0 0 0 56 0 1 2 3 0 0 2 1 3 2 1 0 5 17 33 0 21 0 7 0 0 0 24 18 0 18 2 58 6 0 13 0 0 0 0 0 0 0 9 0 0 0 0 1 0 0 0 1 0 54 20 0 0 0 0 0 0 1 0 0 0 0 0 0 0 0 0 0 0 0 0 0 2 1 0 0 0 0 0 0 2 0 0 0 0 0 0 0 0 0 0 1 0 57 15 0 27 14 13 15 21 24 6 1 12 0 6 0 75 0 0 0 0 0 0 0 0 1 0 0 0 0 0 0 0 0 14 0 0 20 7 0 0 1 0 0 13 0 0 0 0 0 0 0 20 0 0 0 0 0 0 0 0 0 0 0 0 0 0 0 0 0 0 0 0 0 0 0 0 0 0 0 65 0 0 0 3 2 2 4 3 0 8 10 0 0 0 0 0 0 0 0 0 0 0 0 0 0 0 0 0 0 0 0 0 3 0 0 0 0 0 0 0 0 0 0 1 0 0 0 0 
 43 79 132 218 393 170 131 375 28 199 0 85 245 48 73 188 190 219 338 310 0 38 0 0 0 0 10 0 0 209 0 3 81 64 60 0 0 0 26 2 4 2 0 0 0 0 0 0 2 1 0 2 3 0 0 0 0 0 0 0 0 0 0 3 0 0 0 0 0 0 0 0 3 0 0 2 0 0 0 0 22 1 15 26 12 59 0 7 37 23 8 11 17 0 26 38 39 18 0 0 11 0 0 0 0 0 36 12 0 0 0 0 0 16 19 0 0 0 16 20 0 0 11 0 0 0 0 1 0 0 1 0 0 9 0 0 0 0 0 0 0 0 0 0 0 0 0 0 10 12 0 0 0 0 0 0 0 0 0 0 0 2 0 0 13 28 16 17 48 0 0 3 0 4 20 15 14 1 0 0 0 0 16 1 0 0 10 0 0 0 0 0 13 14 0 0 9 0 1 1 0 0 0 0 0 0 0 0 0 0 0 0 2 0 0 0 0 0 0 0 0 0 0 0 0 0 0 0 0 0 0 0 0 0 2 0 0 0 0 0 0 0 0 0 0 3 1 0 10 2 8 5 3 0 0 0 0 0 0 0 0 0 2 0 0 0 0 0 0 0 0 0 0 25 0 14 7 1 0 0 0 0 0 0 0 0 0 0 0 0 
 347 338 444 31 114 317 47 297 329 213 85 0 44 45 100 483 190 250 35 111 0 0 0 0 0 1 0 0 0 0 0 3 0 3 0 0 0 0 1 2 2 2 0 1 0 0 0 3 3 1 0 2 3 0 3 2 0 0 0 0 0 0 19 3 0 0 0 0 0 0 0 0 3 0 0 2 0 19 0 0 9 1 15 15 1 39 0 60 11 17 9 0 0 0 25 21 26 46 0 0 0 0 0 0 0 0 41 0 0 0 0 0 0 0 0 0 0 0 18 15 0 0 2 18 0 0 0 0 16 0 1 1 0 0 0 0 0 0 0 0 0 0 0 0 0 0 0 0 13 0 2 0 0 0 0 0 0 0 0 0 17 1 11 17 13 19 7 29 60 12 14 0 0 1 5 14 15 48 0 0 0 0 0 0 0 0 0 0 0 0 0 0 1 0 0 0 0 0 8 0 0 0 0 0 0 18 0 0 0 0 0 0 0 0 0 0 0 0 0 0 0 0 0 0 0 0 0 0 0 0 0 2 0 0 0 0 12 0 0 0 0 7 0 0 0 2 46 0 6 91 7 12 12 0 0 0 0 0 0 0 0 0 0 0 0 0 0 0 0 0 0 0 0 0 0 10 7 4 0 0 0 0 0 0 0 0 0 0 0 0 
 149 183 170 98 91 44 252 107 144 71 245 44 0 230 550 215 37 76 323 144 0 0 0 0 0 0 0 0 0 0 0 3 0 3 0 0 0 0 0 0 3 2 0 3 0 0 0 1 2 1 0 2 3 0 0 0 0 0 0 63 0 0 0 17 0 0 0 0 0 0 0 0 3 0 0 2 0 4 0 0 61 1 5 24 0 9 31 13 38 7 24 0 2 2 24 32 2 4 18 0 0 0 0 0 0 0 0 0 0 0 0 0 0 0 0 0 0 0 0 0 0 0 0 0 0 0 0 0 0 0 0 0 0 0 0 0 0 0 0 0 2 0 2 0 0 1 0 0 0 0 0 0 0 0 0 0 0 0 0 0 19 0 0 14 0 9 11 12 20 7 16 15 23 10 29 28 13 0 21 0 0 1 0 8 0 2 0 0 0 0 0 0 0 0 0 0 0 0 0 0 1 0 0 0 1 0 1 0 0 0 0 0 0 0 0 0 0 0 0 0 0 0 1 0 1 0 0 0 0 0 0 0 0 0 0 0 0 0 0 0 0 0 0 0 0 1 0 0 2 89 11 15 0 0 0 0 0 0 0 0 0 0 0 0 0 0 0 0 0 0 0 0 0 0 0 0 1 0 0 0 0 0 0 0 0 0 0 0 0 0 
 343 56 70 113 100 277 186 182 207 337 48 45 230 0 362 41 112 79 258 202 0 3 8 0 6 2 30 1 0 0 0 2 1 3 0 2 0 0 0 0 3 2 0 0 0 0 1 0 2 0 0 6 7 2 0 0 0 1 0 0 40 0 0 10 0 0 1 8 0 0 0 1 3 2 0 2 11 2 0 5 0 41 0 18 0 0 11 0 23 0 18 0 28 31 15 0 14 51 18 24 0 0 0 0 0 0 0 0 0 0 0 0 0 0 0 0 0 0 20 0 0 0 0 0 0 0 0 0 0 0 2 0 0 0 0 0 0 0 0 0 0 0 0 0 0 0 0 0 0 0 1 0 0 0 0 0 0 11 0 0 0 21 0 0 0 15 26 22 0 16 31 0 28 11 40 21 31 0 2 19 0 0 0 0 0 0 0 0 0 0 0 0 0 0 0 0 0 0 0 0 0 0 0 0 14 59 0 0 0 0 0 0 0 0 0 0 0 0 2 0 0 0 0 0 0 0 0 0 0 0 0 1 0 0 0 0 0 0 0 0 0 0 0 0 0 1 0 0 1 6 0 17 0 0 0 0 0 0 0 0 0 0 0 0 0 0 0 0 0 0 0 0 0 0 0 0 0 0 0 0 0 0 0 0 0 0 0 0 0 0 
 173 218 361 85 89 352 148 177 184 215 73 100 550 362 0 168 126 53 62 367 0 62 0 0 0 0 0 0 0 0 0 2 0 3 0 0 0 0 1 0 2 65 0 1 0 3 0 2 2 0 0 2 1 0 0 2 0 0 0 0 0 0 0 6 0 0 0 0 0 0 0 0 3 0 0 2 0 2 0 0 23 1 6 29 0 58 11 13 16 0 33 0 10 88 37 34 17 15 25 0 0 0 0 0 0 0 0 0 0 0 0 3 0 0 0 0 0 0 0 0 0 0 0 0 0 0 0 0 0 0 0 0 0 0 0 0 0 0 0 0 11 0 0 0 0 2 0 0 0 0 0 0 0 0 2 0 0 0 2 0 13 0 0 52 24 17 19 37 24 12 41 13 29 47 42 24 0 0 0 1 0 0 10 0 0 0 0 0 0 0 0 1 0 0 0 0 0 0 0 0 0 0 0 0 0 0 0 0 0 0 0 0 0 1 0 0 0 0 0 0 0 0 0 0 0 10 0 0 0 0 0 0 2 0 0 0 0 0 0 0 0 7 0 0 0 1 46 0 4 2 10 16 0 2 0 0 0 0 0 0 1 0 0 0 0 0 9 0 0 0 0 0 0 0 0 0 1 0 0 0 0 0 0 0 0 0 0 0 0 8 
 258 260 337 80 148 113 29 55 209 165 188 483 215 41 168 0 47 167 22 68 0 0 0 0 0 0 0 0 74 0 2 2 1 3 0 2 0 0 81 0 34 2 0 0 0 0 0 0 2 0 0 2 2 0 0 0 0 0 0 0 0 0 0 2 0 0 0 0 0 0 0 0 3 0 0 2 0 5 0 0 12 0 0 18 0 20 6 20 14 13 0 8 0 0 42 14 28 20 0 14 0 0 0 0 0 0 21 0 0 0 0 0 0 0 0 0 0 0 15 0 0 0 0 0 0 0 0 0 0 0 0 0 0 0 0 0 0 0 0 0 0 0 0 0 22 0 0 0 0 0 0 0 0 0 0 0 0 0 0 0 11 1 12 13 0 2 9 43 31 36 50 12 14 17 35 10 12 11 0 1 0 0 0 0 0 13 0 0 0 0 0 0 15 0 0 0 0 5 11 0 0 0 0 0 0 7 0 0 0 0 0 0 0 0 0 0 0 0 0 0 0 0 0 0 0 0 0 0 0 0 0 0 0 0 0 0 0 0 0 0 0 7 0 0 0 1 2 0 89 43 0 9 12 0 0 0 0 0 0 0 0 0 0 0 0 0 0 0 0 0 0 0 0 0 0 0 8 0 0 0 0 0 0 0 0 0 0 0 0 0 
 138 42 212 64 66 168 465 215 58 193 190 190 37 112 126 47 0 352 34 34 0 2 0 0 0 1 3 3 0 0 2 3 38 5 0 84 0 0 1 0 9 4 0 0 0 2 0 10 4 5 3 2 3 3 0 3 0 0 0 5 0 2 2 3 6 4 0 3 2 0 3 1 5 0 1 2 0 4 5 0 0 42 22 21 13 12 0 0 1 24 17 35 0 0 29 10 55 30 13 0 0 10 0 0 0 0 0 7 0 0 0 0 0 0 1 0 0 2 21 17 0 0 0 0 0 0 0 0 0 0 0 0 0 0 1 0 0 0 0 0 1 0 1 0 0 0 0 0 0 0 0 0 0 0 0 0 0 0 0 0 0 1 34 12 13 12 5 26 23 0 7 10 0 30 0 47 15 16 0 7 0 0 0 0 0 2 10 2 1 1 0 0 0 23 0 14 0 0 16 21 2 0 0 0 2 0 0 0 0 0 0 0 0 0 0 0 7 0 0 0 0 2 0 0 2 0 0 0 0 0 2 0 0 1 0 0 0 65 0 0 0 9 0 0 0 1 2 0 0 0 0 14 0 0 0 0 2 0 0 0 0 0 0 0 0 0 2 0 0 0 0 0 0 0 0 15 0 0 0 0 0 0 0 0 0 0 0 0 0 0 
 120 51 478 67 104 145 59 98 438 257 219 250 76 79 53 167 352 0 33 24 2 1 0 0 0 0 0 0 4 3 0 3 26 3 75 3 0 0 75 75 3 2 0 0 0 0 0 2 2 0 0 2 2 0 3 3 0 8 0 2 0 0 18 2 8 0 0 0 0 2 0 0 3 0 0 2 0 0 0 0 0 6 23 0 1 13 0 14 11 41 0 39 0 0 30 0 56 14 0 0 0 0 0 0 0 7 6 0 0 0 0 0 0 0 0 0 0 0 20 1 0 0 0 2 0 0 0 16 0 0 0 0 0 0 0 0 0 0 9 0 0 0 0 0 2 0 0 0 0 0 0 0 0 1 0 0 0 0 0 0 1 2 27 0 14 0 0 34 11 0 16 7 0 20 0 20 26 9 0 29 0 0 0 0 0 0 10 0 0 0 0 0 20 16 0 0 0 0 21 11 0 0 0 0 0 0 0 0 0 0 0 0 0 0 0 0 0 0 0 0 0 0 0 0 0 0 0 0 0 0 0 0 0 1 0 0 0 0 0 0 0 11 0 0 0 0 0 0 89 91 7 0 0 0 1 0 0 0 0 0 0 0 0 0 0 0 0 0 0 0 0 0 0 0 0 16 18 11 0 0 0 0 0 0 0 0 0 0 0 0 
 51 33 19 73 54 41 324 277 47 151 338 35 323 258 62 22 34 33 0 268 0 0 0 1 0 0 0 0 0 0 0 3 34 3 0 0 0 0 0 0 2 2 0 0 0 0 0 0 2 1 0 2 5 0 0 0 0 0 0 0 49 0 0 3 0 0 0 0 0 0 0 0 3 0 0 2 0 0 0 0 29 2 0 39 1 0 2 2 73 0 0 0 81 16 18 1 10 1 24 34 0 0 0 0 0 0 0 0 0 1 0 0 0 0 0 0 0 2 0 0 0 0 0 0 0 0 0 18 0 0 0 0 0 0 2 0 0 8 0 0 1 0 0 0 2 0 0 0 0 0 0 0 0 0 0 0 0 0 0 0 10 0 1 0 0 0 15 0 0 0 0 0 54 0 14 0 10 0 13 14 0 0 0 0 1 0 0 0 0 0 0 0 0 0 0 0 0 0 0 0 2 0 0 0 0 0 0 0 0 0 0 0 0 0 0 0 0 0 0 0 0 0 0 0 2 10 0 0 0 0 0 0 0 1 0 0 0 0 0 0 0 0 0 0 0 1 0 0 0 0 2 5 0 0 0 0 0 0 0 0 0 7 0 0 0 0 0 0 0 0 0 0 0 0 0 0 0 0 0 0 0 0 0 0 0 0 0 0 0 0 
 117 48 25 167 201 71 166 265 324 180 310 111 144 202 367 68 34 24 268 0 0 3 3 1 0 3 1 1 2 0 0 3 1 3 2 2 0 1 1 0 6 2 0 2 6 0 0 0 2 4 3 2 8 0 2 3 3 0 3 3 0 0 0 4 3 3 0 54 0 0 2 3 18 0 0 2 0 2 3 35 16 10 9 22 0 10 0 7 7 0 12 0 21 31 31 24 1 0 12 23 0 0 0 0 0 0 0 0 0 0 0 0 2 0 0 0 0 0 0 0 0 1 0 0 2 0 0 0 0 0 0 0 0 0 0 0 0 0 2 0 0 0 0 0 0 7 0 0 0 0 0 0 0 0 0 0 0 0 0 0 29 66 0 0 0 52 9 1 16 0 0 12 33 10 14 28 12 0 35 17 0 0 0 0 0 0 0 0 0 1 0 0 0 0 0 0 0 0 11 0 0 0 2 0 0 0 0 0 0 0 0 0 0 0 0 0 0 0 0 0 0 0 0 0 0 0 0 0 0 0 0 0 0 0 0 0 0 0 0 0 0 0 0 0 0 1 0 1 4 0 7 16 0 0 0 0 0 0 0 0 0 0 0 0 0 0 0 0 0 0 0 1 0 0 0 0 0 0 0 0 0 0 0 0 0 0 0 0 0 0 
 0 4 0 1 0 73 0 0 0 0 0 0 0 0 0 0 0 2 0 0 0 90 175 142 256 70 64 320 251 250 153 34 40 68 34 141 163 115 50 118 1 0 0 3 0 0 0 0 1 0 36 2 0 0 0 0 3 2 0 1 2 2 2 0 0 3 3 0 2 3 0 0 0 0 4 2 2 0 4 0 0 0 0 0 0 0 0 0 0 0 0 0 0 0 0 0 0 0 0 0 10 2 22 19 52 41 0 9 53 60 1 10 12 0 11 0 14 0 0 11 0 0 0 0 0 0 0 0 0 0 0 0 13 0 0 0 2 0 16 0 51 0 0 0 0 0 0 0 0 6 0 0 0 0 0 0 8 0 0 2 0 0 0 22 0 0 0 0 0 0 0 0 0 0 0 0 0 0 0 0 3 13 2 66 8 0 14 20 40 0 26 53 0 0 38 9 10 68 0 0 0 0 0 0 1 0 0 0 0 0 0 0 2 0 0 4 0 0 0 58 0 1 0 0 0 0 0 0 8 0 0 0 0 0 0 0 0 0 0 0 0 0 0 0 0 0 0 0 0 0 0 0 0 0 14 0 2 0 0 0 2 0 0 0 0 0 0 0 0 0 0 0 0 0 0 0 0 0 0 0 0 0 0 0 0 0 9 0 0 0 
 2 25 0 39 0 75 0 0 0 0 38 0 0 3 62 0 2 1 0 3 90 0 105 373 132 198 167 132 213 185 202 34 156 83 343 261 134 41 451 178 2 0 0 3 3 0 2 0 0 2 1 6 0 0 0 0 0 1 0 2 0 2 5 0 2 3 0 3 3 3 3 3 0 0 3 0 0 2 2 1 0 0 0 0 43 6 0 34 0 0 1 0 0 0 0 0 0 0 1 0 45 0 1 9 20 47 0 9 25 10 1 11 0 14 0 9 0 11 28 4 0 0 0 0 0 0 0 15 0 0 0 0 51 23 0 0 0 0 0 66 2 0 0 0 0 0 1 0 1 14 0 0 0 4 0 0 8 0 7 14 0 0 0 0 0 10 0 2 0 0 0 0 0 6 0 0 1 0 1 0 11 28 14 19 16 0 3 39 18 13 15 19 18 25 8 17 21 41 0 9 0 1 0 0 0 0 9 0 0 0 0 0 18 0 0 0 0 0 18 3 0 0 0 0 0 11 0 0 0 0 0 0 0 0 0 0 0 0 0 0 0 0 31 0 0 0 0 0 0 73 0 0 2 0 2 0 0 78 75 0 2 0 0 0 0 0 21 0 0 0 0 0 0 0 0 0 10 0 0 17 0 13 0 0 0 0 0 0 0 24 
 2 3 1 5 36 0 0 1 0 2 0 0 0 8 0 0 0 0 0 3 175 105 0 159 191 138 77 311 153 157 57 244 81 239 122 267 181 57 46 36 4 0 3 0 0 2 2 0 0 3 0 1 0 3 0 0 5 1 100 2 0 0 14 0 0 3 0 6 0 1 0 0 0 0 2 0 0 1 5 0 0 0 0 0 13 0 0 0 0 0 0 0 0 0 0 0 0 0 7 0 16 51 15 1 16 42 0 10 21 21 27 11 11 4 33 11 37 20 0 0 0 0 0 0 0 0 0 0 0 0 0 0 22 0 0 0 0 0 0 10 2 20 0 0 0 0 1 0 0 1 0 0 0 0 0 0 0 0 0 0 0 0 3 6 18 0 0 0 0 0 0 0 0 0 3 0 0 0 0 0 19 17 1 9 56 0 31 0 37 27 0 41 24 13 9 63 38 16 10 0 0 0 0 0 0 0 41 0 0 0 0 0 26 0 0 0 0 0 0 2 0 0 0 0 0 0 0 0 0 0 0 0 0 0 0 0 0 0 0 0 0 0 0 0 0 0 0 0 0 0 0 0 0 0 8 1 2 2 2 2 3 16 0 0 0 0 10 0 0 0 0 0 0 0 0 0 0 0 0 0 0 2 0 0 0 0 0 0 0 0 
 24 3 0 0 0 0 0 0 2 0 0 0 0 0 0 0 0 0 1 1 142 373 159 0 162 68 157 167 165 75 252 375 78 214 162 262 45 200 356 92 1 0 0 0 0 0 0 0 0 0 0 0 124 0 0 0 0 0 18 63 0 0 2 0 0 2 0 0 0 0 0 0 0 0 2 0 3 0 4 0 0 0 0 7 0 0 0 0 0 0 0 0 0 0 0 0 0 0 0 0 0 0 23 33 55 44 0 0 0 0 30 47 0 0 0 32 0 11 0 0 12 3 2 0 0 0 0 1 11 0 0 0 50 9 10 0 0 0 19 3 0 0 0 0 0 0 0 0 0 5 0 0 0 0 0 0 10 2 0 0 0 0 0 0 0 5 0 0 0 0 5 0 6 0 0 0 0 0 0 0 10 8 0 29 0 10 0 9 0 0 31 2 0 0 2 21 1 36 0 0 7 0 0 0 0 1 20 0 2 0 0 0 25 17 0 54 0 0 74 55 0 0 0 0 0 0 0 0 0 0 0 0 0 0 0 0 0 0 0 0 0 0 30 0 0 0 0 0 0 0 0 0 0 0 16 0 2 42 59 0 9 0 0 0 0 0 1 0 0 0 0 0 0 0 0 0 0 0 0 0 0 12 0 0 1 0 0 0 0 0 
 0 1 0 8 0 0 0 0 0 0 0 0 0 6 0 0 0 0 0 0 256 132 191 162 0 224 58 56 226 165 321 187 88 229 168 325 145 390 59 102 2 0 0 0 7 0 145 30 0 15 0 0 1 62 1 0 0 0 37 24 0 0 2 0 0 4 0 0 0 0 0 0 0 0 2 0 0 0 3 0 0 0 0 0 0 0 0 0 0 0 0 0 0 0 0 0 1 0 0 0 18 12 0 8 30 0 0 0 0 11 33 10 0 0 0 0 0 32 10 0 1 0 0 0 0 0 0 24 13 0 0 0 22 8 9 2 1 12 10 29 0 18 0 0 0 0 0 0 0 0 0 0 0 0 0 0 0 0 0 0 0 1 0 0 0 5 0 0 0 4 2 0 0 0 0 0 2 0 0 2 0 9 10 1 28 17 0 12 0 0 0 8 0 0 13 16 0 26 0 0 0 1 12 17 0 0 18 12 0 0 0 0 105 36 24 0 0 1 22 0 0 0 0 0 0 2 0 2 0 0 0 0 0 0 0 0 0 0 0 0 0 0 0 0 0 0 0 0 0 0 0 0 0 0 33 0 0 1 73 0 10 52 0 0 0 0 0 0 2 0 0 0 0 0 0 0 0 0 0 0 0 11 0 1 0 17 0 0 0 0 
 0 2 0 3 0 0 0 0 0 3 0 1 0 2 0 0 1 0 0 3 70 198 138 68 224 0 21 118 119 51 156 171 39 107 100 67 58 155 263 69 62 0 64 0 0 0 1 0 0 0 0 0 80 62 61 0 0 1 76 1 0 0 2 0 0 3 0 2 0 2 0 0 0 0 2 0 0 0 3 0 0 0 0 0 0 0 0 0 0 0 0 2 0 0 0 1 0 0 0 0 0 2 16 0 25 9 0 0 0 1 23 32 5 0 0 12 0 11 1 0 23 9 0 0 0 0 0 13 19 0 0 0 42 12 17 0 21 0 24 44 3 0 0 0 0 0 0 0 0 0 0 0 0 1 0 0 1 0 0 0 0 0 0 0 0 0 0 0 8 9 2 1 6 0 0 0 0 0 0 0 0 39 13 42 48 6 0 25 0 10 52 2 0 0 1 17 27 21 0 0 20 10 0 0 12 0 26 27 27 8 0 0 14 0 0 0 0 0 0 0 0 0 0 0 0 0 1 0 0 0 0 0 0 0 0 0 0 0 0 0 0 0 21 0 0 0 0 0 0 0 0 0 0 0 11 0 0 50 123 1 2 2 0 0 0 0 0 0 0 0 0 0 0 0 0 0 0 0 0 0 0 13 0 0 7 0 0 0 0 0 
 0 74 0 36 35 147 0 2 0 1 10 0 0 30 0 0 3 0 0 1 64 167 77 157 58 21 0 224 71 43 263 34 188 91 36 30 55 314 367 121 2 0 0 0 0 0 0 0 0 0 0 0 0 0 1 0 6 0 0 0 0 0 2 0 0 3 0 0 0 0 0 0 1 3 2 0 0 0 3 1 0 0 19 0 0 0 0 0 0 0 0 9 0 0 0 0 0 0 0 0 16 10 40 1 1 0 14 37 2 2 0 0 27 41 16 14 10 23 0 36 0 0 0 0 0 0 0 10 15 0 0 0 0 0 0 0 0 0 0 0 0 0 0 0 0 0 0 0 0 0 0 1 0 0 0 1 0 0 0 25 0 0 10 0 0 0 0 0 0 0 0 2 0 6 0 0 6 1 0 0 6 0 9 8 0 0 17 14 0 42 26 0 63 25 25 17 6 0 13 34 0 0 0 26 0 0 0 0 0 0 2 0 0 0 0 0 0 0 0 0 0 0 0 0 0 0 5 0 0 0 0 0 0 0 0 1 0 0 0 0 0 5 0 0 0 0 25 0 0 0 0 0 0 0 12 1 0 0 0 0 3 0 0 2 0 0 0 0 0 0 0 0 0 0 0 9 23 3 0 0 0 0 0 0 1 0 0 0 0 0 
 0 3 3 4 0 0 0 0 0 0 0 0 0 1 0 0 3 0 0 1 320 132 311 167 56 118 224 0 91 86 152 235 127 168 63 198 19 217 99 78 8 3 0 0 0 0 0 0 0 9 2 0 0 0 7 0 3 0 0 0 0 4 79 0 0 2 0 0 0 0 0 0 0 2 2 7 0 1 3 0 0 0 0 0 0 0 0 0 0 0 0 0 0 0 0 0 0 0 0 0 21 19 13 19 46 13 1 15 24 5 11 12 23 0 0 0 8 6 0 13 0 0 0 2 1 0 0 0 0 0 0 0 13 0 2 0 1 0 30 0 0 0 0 0 0 0 0 0 0 4 0 0 0 0 0 2 1 0 0 18 2 0 2 0 20 0 0 0 0 0 0 0 0 3 0 0 5 0 0 5 19 0 42 8 11 0 26 49 15 6 46 45 6 10 60 17 1 13 0 0 0 0 0 0 2 0 0 0 0 0 0 0 10 0 0 7 0 0 0 13 0 14 0 0 12 0 0 0 0 0 0 0 0 0 0 0 0 0 0 0 0 0 0 0 0 0 0 0 0 0 0 0 0 0 15 3 2 0 0 0 0 2 0 0 0 0 0 0 0 0 0 0 0 0 0 0 20 0 0 0 0 0 0 0 0 0 0 0 0 0 
 0 1 0 0 2 0 0 0 0 0 0 0 0 0 0 74 0 4 0 2 251 213 153 165 226 119 71 91 0 428 199 206 119 394 131 119 50 411 310 75 1 0 0 0 2 0 54 0 0 4 0 0 0 0 0 0 0 0 0 65 0 0 2 0 0 2 2 0 0 0 0 0 0 0 2 0 0 0 3 0 0 0 0 0 0 0 0 0 0 0 16 0 0 0 0 0 0 0 0 46 0 0 16 9 44 45 0 0 0 22 0 11 0 0 11 11 0 21 0 0 0 0 0 0 0 0 0 13 0 0 0 0 42 10 20 0 0 0 18 25 0 0 0 0 0 0 0 0 0 9 0 0 0 0 0 0 0 0 0 0 0 0 0 0 0 0 0 0 0 0 0 0 0 0 0 0 0 0 0 0 9 8 0 32 57 0 0 20 0 5 18 12 0 0 0 26 35 33 1 0 0 0 0 0 0 0 12 0 0 0 0 0 31 0 0 18 0 0 13 31 0 0 0 0 0 0 0 0 0 0 0 0 0 0 0 0 0 0 0 0 0 0 18 0 0 0 0 0 0 0 0 0 0 0 6 0 0 0 1 1 0 1 0 0 0 0 2 0 0 0 0 0 0 0 0 0 0 0 0 0 0 12 0 0 0 0 0 0 0 0 
 0 0 2 0 3 62 0 0 0 0 209 0 0 0 0 0 0 3 0 0 250 185 157 75 165 51 43 86 428 0 331 182 225 418 149 336 50 240 61 187 2 0 0 0 13 0 0 0 0 5 7 0 0 0 0 2 0 2 66 65 1 7 2 0 0 5 0 0 0 0 0 0 3 2 2 0 3 0 57 0 0 0 0 0 0 0 0 0 0 0 2 0 0 0 0 0 0 0 0 0 19 22 0 0 14 16 0 0 15 46 46 2 9 8 20 11 11 22 0 0 0 0 0 0 0 0 0 35 0 0 0 9 0 0 22 0 1 0 12 22 0 2 0 0 0 0 2 0 0 0 0 0 0 0 0 0 0 0 0 0 0 0 0 0 1 9 0 0 0 0 1 0 0 0 0 0 0 0 0 0 6 0 29 6 27 15 12 25 0 0 17 37 0 0 15 14 15 0 0 13 0 0 0 0 0 0 10 0 0 0 0 0 40 1 0 0 0 0 12 11 0 0 0 0 0 0 0 0 0 0 0 0 0 0 0 0 0 0 0 0 0 0 7 0 0 0 0 0 0 0 0 0 0 0 8 1 0 43 0 2 2 3 0 0 0 0 0 0 0 0 0 0 0 0 0 0 0 0 0 12 0 0 0 0 0 0 0 0 0 0 
 0 0 0 3 0 0 0 0 20 1 0 0 0 0 0 2 2 0 0 0 153 202 57 252 321 156 263 152 199 331 0 91 192 45 222 109 96 104 37 395 1 0 0 0 0 2 0 0 0 2 0 1 0 0 0 0 0 1 0 55 0 8 2 0 2 3 0 0 0 7 0 0 0 0 2 0 0 0 3 0 0 0 0 0 18 0 0 0 0 0 0 0 0 0 0 0 0 0 0 0 14 1 21 4 45 36 1 1 33 30 13 0 1 12 17 12 15 10 0 10 0 0 0 0 0 0 0 51 0 0 0 0 10 0 1 0 0 0 13 11 0 0 0 0 0 0 1 0 0 7 0 0 0 0 0 0 14 0 3 7 0 14 0 0 13 5 0 0 0 0 0 0 1 0 0 0 0 0 17 0 8 11 12 9 4 0 0 23 24 2 44 13 9 0 0 0 24 31 0 11 0 0 0 0 0 0 14 0 0 0 0 0 1 3 0 8 0 0 11 19 0 0 0 0 0 0 0 0 0 0 0 0 0 0 0 0 0 0 0 0 0 0 8 0 0 0 0 0 0 0 0 0 0 0 5 0 1 75 75 0 12 0 0 0 0 0 0 0 0 0 0 0 0 0 0 0 0 0 0 6 0 9 0 0 0 0 10 0 0 0 
 3 6 2 6 3 3 3 3 3 2 3 3 3 2 2 2 3 3 3 3 34 34 244 375 187 171 34 235 206 182 91 0 18 56 152 39 446 317 32 56 65 0 0 0 3 0 76 23 0 5 0 0 0 0 0 0 0 1 0 79 0 0 2 0 0 47 8 0 0 2 0 0 0 0 2 0 0 2 3 0 0 0 0 0 0 0 0 0 0 0 0 0 0 0 0 0 0 0 0 0 0 0 0 0 16 21 0 0 3 11 0 30 0 0 13 12 0 42 0 0 4 9 0 0 0 0 19 28 2 0 0 0 35 2 23 0 0 21 0 23 6 14 0 0 0 0 0 0 0 20 0 1 0 0 0 0 0 0 0 0 0 18 0 0 0 7 0 0 0 0 0 0 0 0 0 0 9 0 0 10 0 10 0 18 40 12 0 0 0 9 0 25 0 0 0 15 20 0 0 0 18 38 15 0 0 0 11 16 15 5 0 8 72 38 16 19 0 0 12 15 0 0 0 0 0 0 0 0 0 0 0 0 0 0 0 0 0 0 0 0 0 0 0 0 0 0 0 0 0 0 0 0 0 0 4 1 1 3 0 2 7 2 0 0 0 0 19 0 0 0 0 0 0 0 0 0 0 0 0 0 0 0 0 0 15 3 0 0 0 0 
 77 0 0 0 2 75 0 0 0 2 81 0 0 1 0 1 38 26 34 1 40 156 81 78 88 39 188 127 119 225 192 18 0 94 423 132 53 351 155 425 0 3 0 0 0 0 3 0 2 0 2 0 0 2 0 0 3 1 0 0 3 1 2 0 1 5 0 0 2 3 0 0 0 5 2 6 0 0 3 0 0 0 20 0 20 25 0 0 0 11 0 18 0 0 0 0 0 0 0 0 8 17 1 18 3 0 10 30 38 9 1 1 28 37 26 1 0 0 27 0 0 0 0 0 0 0 0 0 0 0 0 0 0 0 0 0 0 9 0 0 0 0 0 0 0 0 0 0 0 0 0 0 0 5 0 0 11 0 7 39 0 0 0 0 0 1 0 0 6 0 1 9 0 0 0 12 0 0 0 0 8 21 8 0 0 0 34 28 32 0 0 24 33 14 20 0 11 35 1 24 0 0 0 0 0 0 0 0 0 0 0 0 0 0 0 0 0 0 11 0 0 0 0 0 0 0 0 8 0 0 0 0 0 0 0 0 0 12 0 0 0 0 0 0 0 1 0 0 0 74 0 0 0 0 2 2 0 43 0 2 5 60 0 0 0 0 0 0 0 0 0 0 0 0 0 0 0 0 0 23 0 0 0 0 0 0 1 0 0 0 
 3 3 3 22 51 3 3 3 3 3 64 3 3 3 3 3 5 3 3 3 68 83 239 214 229 107 91 168 394 418 45 56 94 0 242 102 236 64 135 126 2 0 0 3 0 0 0 0 0 0 0 9 0 0 0 0 0 0 0 0 0 0 2 0 0 2 2 0 2 0 26 40 0 0 4 2 1 0 5 1 0 0 0 0 26 13 0 0 0 57 0 0 0 0 0 0 0 0 0 0 25 34 15 0 0 21 0 0 9 15 11 0 9 11 48 21 10 18 27 32 0 0 0 0 0 0 0 0 0 0 0 0 14 7 0 0 0 0 10 0 0 0 0 0 0 0 0 0 0 0 0 0 0 0 0 0 0 0 0 0 0 0 0 0 20 0 0 0 0 0 0 0 0 0 0 0 0 0 0 0 8 8 21 9 19 0 20 9 17 17 0 41 0 16 35 29 19 24 12 0 0 0 0 0 0 0 0 0 0 0 0 0 25 0 0 0 0 0 0 13 0 0 0 0 0 0 8 0 0 0 0 0 0 0 0 0 0 0 0 0 0 0 0 0 0 0 0 0 0 0 0 2 0 0 8 2 1 1 0 0 1 1 12 0 0 0 0 0 0 0 0 0 0 0 0 0 0 0 0 0 0 0 0 0 0 0 0 0 0 0 
 0 3 0 17 2 22 0 0 1 208 60 0 0 0 0 0 0 75 0 2 34 343 122 162 168 100 36 63 131 149 222 152 423 242 0 104 35 343 420 665 1 0 0 0 0 0 0 0 0 6 0 0 0 0 4 0 0 0 0 0 0 0 2 0 0 2 0 0 0 0 0 0 0 0 2 25 0 0 3 0 0 0 0 0 31 26 0 0 0 11 0 19 0 0 0 0 0 0 0 0 21 16 0 8 31 0 0 10 24 6 0 0 10 25 46 1 1 4 26 12 0 0 0 0 0 0 0 0 0 0 0 0 19 20 0 0 0 0 0 0 0 0 0 0 0 0 0 0 0 0 0 0 0 4 0 0 4 0 13 24 0 0 0 0 0 0 0 0 0 0 0 0 0 0 0 0 0 0 0 0 9 16 21 0 13 0 19 32 18 1 0 16 17 13 15 13 18 40 0 3 0 0 0 0 0 0 0 0 0 0 0 0 13 0 0 0 0 0 21 0 0 0 0 0 7 0 0 0 0 0 0 0 0 0 0 0 0 0 0 0 0 0 0 0 0 0 0 0 0 21 0 0 0 0 1 0 5 5 0 0 2 0 18 0 0 0 0 0 0 0 0 0 0 0 0 0 8 0 0 20 0 0 0 0 0 0 0 0 0 0 
 0 0 0 0 29 0 1 0 0 2 0 0 0 2 0 2 84 3 0 2 141 261 267 262 325 67 30 198 119 336 109 39 132 102 104 0 241 166 52 171 1 51 0 0 0 0 63 0 7 0 0 0 0 0 0 0 2 1 48 1 0 7 2 0 0 3 0 0 0 2 0 0 0 0 2 0 0 0 3 0 0 20 0 0 17 0 0 0 0 0 0 2 0 0 0 0 0 0 0 0 25 12 65 13 3 8 0 0 30 52 35 15 20 1 23 12 21 8 0 21 2 0 0 0 0 0 0 0 0 0 0 0 0 0 0 0 0 0 1 0 0 7 0 0 0 0 0 0 0 0 0 0 0 0 0 9 1 0 0 0 0 0 0 3 44 0 0 0 1 0 0 0 6 0 2 0 0 0 0 0 7 47 1 9 8 0 24 22 65 26 19 37 0 15 25 0 6 19 12 2 0 1 1 0 0 0 0 0 0 0 0 1 0 10 0 0 0 0 8 12 0 0 0 0 0 0 1 0 0 0 0 0 0 0 0 0 0 0 0 0 0 0 0 0 0 1 0 0 0 0 0 0 0 0 8 0 0 1 1 0 0 11 1 0 0 0 0 0 0 0 0 0 0 0 0 0 0 0 0 0 0 15 0 0 0 0 9 0 0 0 
 0 4 0 0 18 0 0 0 0 0 0 0 0 0 0 0 0 0 0 0 163 134 181 45 145 58 55 19 50 50 96 446 53 236 35 241 0 378 36 45 1 0 0 0 0 0 24 1 0 0 0 1 0 0 0 0 6 2 62 1 0 0 2 0 0 3 0 0 0 3 0 0 0 0 2 0 0 1 2 0 0 0 0 0 22 0 0 0 0 0 0 0 0 0 0 0 14 0 0 0 13 21 10 1 32 28 0 9 7 9 19 20 10 3 12 9 14 27 0 5 0 0 0 0 0 0 0 19 0 0 0 0 0 10 1 0 0 0 0 1 0 12 0 0 0 0 0 16 0 0 0 0 0 0 0 0 0 0 0 0 0 0 0 4 17 0 0 0 0 0 0 0 0 0 3 0 0 10 0 0 13 15 0 28 36 0 12 0 28 36 0 23 10 13 7 17 43 11 47 3 0 9 0 0 0 0 0 0 0 0 0 0 1 11 0 0 0 0 5 1 5 0 0 0 0 0 0 0 0 0 0 0 0 0 0 0 0 0 0 0 0 0 0 0 0 0 0 0 0 0 0 0 0 0 4 0 2 3 0 2 0 1 0 0 0 0 5 0 0 0 0 0 0 0 0 0 0 0 0 0 0 11 0 0 1 0 0 0 0 0 
 0 0 3 2 0 0 0 0 0 0 0 0 0 0 0 0 0 0 0 1 115 41 57 200 390 155 314 217 411 240 104 317 351 64 343 166 378 0 95 61 2 0 0 0 0 0 32 0 0 0 0 0 0 62 0 0 0 1 63 1 0 0 2 0 0 3 28 0 0 1 0 0 78 0 2 0 0 0 3 0 0 0 0 0 0 0 0 0 0 0 0 0 0 0 0 0 1 0 0 0 12 10 12 21 18 42 0 0 10 24 47 27 10 0 1 0 0 7 0 0 0 0 0 0 0 0 0 20 13 0 4 0 25 8 0 2 0 0 20 0 0 5 14 0 0 0 0 16 0 0 0 0 0 0 0 0 0 0 0 0 0 1 0 0 0 1 0 0 0 0 7 0 0 0 0 0 2 0 0 2 0 20 9 35 13 0 21 29 13 10 11 20 0 0 18 12 0 22 0 0 0 11 0 0 0 0 7 0 0 0 0 0 12 20 0 0 0 0 18 20 0 0 0 0 0 2 0 2 0 0 0 0 0 0 0 0 0 0 0 0 0 0 0 0 0 0 0 0 0 0 0 0 0 0 4 0 6 2 72 4 9 14 0 0 0 0 0 0 0 0 0 0 0 0 0 0 0 0 0 0 0 8 0 1 0 0 0 0 0 0 
 1 0 0 40 1 162 0 73 58 1 26 1 0 0 1 81 1 75 0 1 50 451 46 356 59 263 367 99 310 61 37 32 155 135 420 52 36 95 0 195 0 0 0 0 0 0 0 0 0 0 0 0 0 0 63 0 0 1 0 0 0 1 2 0 0 3 0 0 0 1 0 0 0 0 2 0 0 0 3 0 0 0 0 0 26 17 0 0 0 13 0 14 0 0 0 2 0 1 1 0 19 10 13 0 1 0 26 10 31 0 0 0 79 27 27 36 15 0 17 88 0 0 0 0 0 0 0 0 0 0 0 0 0 8 1 0 0 0 1 0 0 0 0 0 0 0 0 0 0 0 0 0 0 7 0 0 0 0 6 25 0 0 0 11 0 1 0 2 0 0 0 0 0 8 0 0 17 47 0 0 2 0 32 9 0 0 21 15 16 74 22 0 53 19 5 0 23 0 1 8 0 0 0 0 0 0 0 0 0 0 0 0 0 0 0 0 0 0 0 0 0 0 0 0 0 0 0 0 0 0 0 15 0 0 0 0 0 0 0 0 0 0 0 0 0 0 0 0 1 0 0 0 0 0 5 0 0 0 0 0 2 0 1 0 0 0 0 0 0 0 0 0 0 0 0 0 18 0 0 0 0 0 0 0 0 0 10 0 0 0 
 0 3 3 2 75 65 0 0 0 0 2 2 0 0 0 0 0 75 0 0 118 178 36 92 102 69 121 78 75 187 395 56 425 126 665 171 45 61 195 0 2 0 0 0 64 0 4 0 0 0 0 0 0 0 0 0 0 1 0 0 0 6 2 0 0 3 0 0 0 1 0 0 0 0 6 0 0 0 3 5 0 0 0 1 0 13 0 0 0 22 12 24 0 0 0 16 0 11 0 0 24 15 0 0 0 14 14 2 11 27 21 0 0 12 16 0 11 1 8 0 0 0 0 0 0 0 0 0 0 0 2 0 0 0 0 0 0 0 22 0 0 0 0 0 0 0 0 1 0 0 2 0 0 0 11 0 0 0 0 23 0 0 0 0 0 16 0 0 19 0 0 0 0 1 0 0 0 0 0 0 0 0 22 0 1 0 0 39 0 1 17 0 7 14 18 2 0 0 9 26 0 0 0 0 0 0 0 0 0 0 0 0 1 0 14 0 0 0 27 0 2 0 3 0 1 0 0 0 0 0 0 0 0 0 0 0 0 0 7 0 0 0 2 0 0 2 0 0 0 86 0 0 0 0 4 0 4 80 0 1 2 0 0 0 0 0 0 0 0 0 0 0 0 0 0 0 9 0 0 6 0 0 0 0 0 0 0 0 0 0 
 4 4 5 5 4 2 3 4 5 3 4 2 3 3 2 34 9 3 2 6 1 2 4 1 2 62 2 8 1 2 1 65 0 2 1 1 1 2 0 2 0 158 516 45 41 33 135 66 107 189 35 58 481 45 377 25 95 106 38 337 0 5 2 3 0 0 1 1 34 3 0 0 1 1 3 0 3 0 6 2 0 0 0 0 0 0 0 0 0 0 0 0 0 0 0 0 0 12 9 0 0 0 0 0 0 0 0 0 0 0 0 14 0 0 0 0 0 0 0 0 19 19 4 12 0 0 14 34 0 12 16 0 15 2 10 35 0 0 1 14 6 0 0 0 0 0 1 4 3 5 1 4 1 0 0 4 4 0 0 0 0 0 0 0 0 0 0 0 3 4 0 0 0 0 0 0 0 0 0 0 0 0 0 0 12 2 0 0 0 8 0 0 0 9 0 0 5 0 0 0 1 1 6 11 0 0 12 1 23 15 1 0 0 0 19 12 9 21 0 0 3 0 3 0 0 2 0 1 0 3 4 0 6 0 0 0 0 0 11 0 0 0 0 0 0 0 0 0 0 2 0 3 0 0 0 0 0 68 0 2 0 0 0 0 0 0 4 0 2 0 12 0 0 0 0 1 0 0 0 0 0 0 0 0 8 0 0 15 0 0 
 2 2 2 2 2 2 2 2 2 2 2 2 2 2 65 2 4 2 2 2 0 0 0 0 0 0 0 3 0 0 0 0 3 0 0 51 0 0 0 0 158 0 162 92 76 118 317 311 570 620 158 257 36 356 196 141 48 324 44 44 0 9 0 0 0 5 53 23 7 2 0 0 4 21 9 0 0 0 15 7 0 0 0 0 0 0 0 0 0 0 0 0 0 0 0 0 0 0 0 0 0 0 13 0 0 0 0 15 0 0 0 0 0 0 0 0 0 0 0 1 0 1 2 18 60 37 0 0 0 19 10 73 0 1 0 11 34 26 0 0 11 0 0 0 0 0 8 0 0 15 5 0 6 18 1 19 0 5 10 0 0 0 0 0 0 0 0 5 0 0 0 0 0 0 0 7 0 0 0 0 0 0 0 0 0 0 0 0 0 0 0 0 0 0 0 0 0 0 0 0 0 9 0 0 11 12 0 0 4 14 27 27 0 0 5 32 12 15 0 0 4 13 1 0 0 3 11 27 5 0 0 0 2 23 0 0 30 0 22 26 0 0 7 0 0 0 0 0 0 0 0 10 0 0 0 0 0 0 0 7 0 0 0 41 0 13 0 1 2 0 0 0 0 0 0 0 0 0 0 0 0 0 0 0 0 0 0 7 0 0 
 0 2 0 0 0 0 0 0 0 0 0 0 0 0 0 0 0 0 0 0 0 0 3 0 0 64 0 0 0 0 0 0 0 0 0 0 0 0 0 0 516 162 0 345 64 34 161 394 231 97 82 58 354 87 126 191 378 208 125 83 0 8 0 2 0 0 52 11 57 3 0 0 6 11 17 3 2 0 7 9 0 0 0 0 0 0 0 0 0 0 0 0 0 0 0 0 0 0 0 0 0 0 0 0 0 0 0 0 0 0 0 42 0 6 0 0 0 0 0 0 6 24 0 4 2 0 7 27 0 20 10 10 23 0 48 62 12 10 7 10 1 0 0 0 0 0 24 0 0 5 0 6 12 0 0 0 0 6 0 0 0 0 0 0 0 0 0 0 4 4 0 0 0 0 0 0 0 0 0 0 0 0 0 0 0 56 0 0 0 0 0 0 0 0 0 0 0 0 0 0 12 7 11 15 0 0 15 33 22 7 0 9 0 0 11 22 9 24 0 3 3 24 0 0 0 2 0 9 5 0 0 0 13 12 0 0 9 0 26 0 0 0 0 0 0 0 0 0 0 0 0 5 0 1 0 0 0 0 0 0 0 0 0 0 2 1 2 0 0 0 35 0 0 0 0 0 0 0 0 0 0 0 0 0 7 0 0 14 0 0 
 3 4 0 0 5 36 4 46 5 2 0 1 3 0 1 0 0 0 0 2 3 3 0 0 0 0 0 0 0 0 0 0 0 3 0 0 0 0 0 0 45 92 345 0 166 121 372 141 158 261 134 400 102 67 124 150 106 45 270 89 0 0 0 0 0 0 8 0 1 2 0 0 56 0 24 0 0 0 0 101 0 11 0 5 0 0 0 2 0 0 0 0 0 0 1 4 0 0 0 0 0 0 0 0 0 0 4 0 0 0 0 0 0 0 0 0 0 0 0 0 0 0 13 10 0 25 0 9 0 0 0 10 0 0 31 0 0 10 0 0 10 0 0 0 5 0 0 0 10 0 0 0 18 19 0 0 0 28 1 54 2 0 0 4 7 8 1 0 2 13 20 0 0 0 0 0 0 8 0 0 0 0 1 0 0 0 0 0 8 0 0 0 0 3 0 0 0 0 5 12 0 0 6 7 23 0 0 0 0 0 90 10 0 0 0 0 0 0 0 0 0 10 24 0 0 0 0 9 1 1 0 0 16 0 25 0 9 14 11 1 10 0 0 0 0 0 11 0 0 0 0 9 0 2 0 0 0 0 0 0 0 0 34 0 11 2 6 0 0 0 0 0 0 0 0 0 0 0 0 0 0 3 0 0 0 0 2 0 0 0 
 0 2 0 3 0 0 0 0 0 0 0 0 0 0 0 0 0 0 0 6 0 3 0 0 7 0 0 0 2 13 0 3 0 0 0 0 0 0 0 64 41 76 64 166 0 142 48 122 95 214 166 79 86 90 364 97 257 40 52 92 53 0 0 0 1 0 52 58 2 0 0 2 101 7 58 0 2 2 52 34 0 0 0 5 0 0 15 0 0 0 0 0 0 0 0 0 0 0 0 0 0 0 0 0 1 0 0 0 0 37 0 0 0 0 0 0 0 0 0 0 8 21 2 16 12 25 18 4 0 34 1 14 0 18 5 22 19 0 0 2 0 0 11 0 0 0 32 5 20 0 0 1 17 0 9 14 0 0 25 13 0 0 0 0 0 0 0 0 0 0 0 1 0 0 1 3 0 0 0 0 0 0 0 0 8 13 0 31 0 0 0 0 0 0 0 0 0 0 0 0 0 2 2 6 23 23 5 0 0 4 0 2 11 2 7 1 0 12 9 0 36 0 47 8 0 0 7 0 27 0 0 0 33 9 0 0 0 0 28 32 0 0 8 0 0 0 0 0 0 0 0 8 0 0 0 0 0 0 0 0 0 0 14 2 64 8 0 11 2 0 0 0 0 12 0 0 0 0 0 0 0 0 0 0 0 20 1 0 0 0 
 3 0 0 0 0 0 0 2 0 0 0 0 0 0 3 0 2 0 0 0 0 0 2 0 0 0 0 0 0 0 2 0 0 0 0 0 0 0 0 0 33 118 34 121 142 0 35 38 55 158 70 101 462 46 116 139 114 158 39 259 3 0 0 0 0 34 51 27 58 0 0 0 50 2 55 0 0 0 2 78 0 0 0 0 0 0 0 0 0 0 0 0 0 0 0 0 0 0 0 0 0 0 0 0 0 0 0 0 0 0 0 0 0 0 0 0 0 0 0 0 0 0 0 31 21 1 0 0 0 14 6 4 0 0 0 0 2 1 0 0 0 0 0 0 3 0 15 0 19 9 1 0 4 16 11 2 0 0 15 0 0 0 0 0 0 0 0 3 0 0 0 0 0 0 0 3 0 0 0 0 0 17 0 0 0 0 0 0 0 0 0 0 0 0 0 0 0 0 0 7 0 11 0 18 19 27 0 0 0 10 24 3 0 0 8 11 10 0 0 0 43 17 24 0 0 0 13 7 27 0 0 0 20 14 0 0 5 0 18 53 1 0 6 0 0 0 0 0 0 0 0 6 0 0 0 0 0 0 0 8 0 0 62 62 7 12 0 58 1 0 0 0 0 0 0 0 0 16 0 0 0 0 0 0 0 6 0 0 0 0 
 0 0 0 3 0 0 0 0 0 0 0 0 0 1 0 0 0 0 0 0 0 2 2 0 145 1 0 0 54 0 0 76 3 0 0 63 24 32 0 4 135 317 161 372 48 35 0 480 285 45 102 143 171 115 153 483 251 295 128 149 0 6 0 0 0 0 0 7 5 202 0 0 3 7 5 0 0 0 6 7 0 0 0 0 0 0 0 0 0 0 0 0 0 0 0 1 0 0 0 0 0 0 14 0 0 0 0 0 0 0 23 0 0 0 0 0 0 0 0 0 10 1 8 20 0 0 17 28 10 18 15 0 0 0 5 12 0 13 0 11 3 10 0 0 0 0 5 4 0 8 0 0 5 0 0 0 0 7 0 1 0 0 0 0 0 0 0 0 0 0 0 0 0 0 1 0 0 0 0 0 0 0 0 19 0 0 0 0 0 24 0 10 0 0 0 0 0 0 0 0 20 24 12 28 0 1 0 10 8 11 19 31 0 14 0 10 12 12 6 0 7 5 2 0 0 7 0 6 6 0 0 0 0 7 20 0 5 0 5 0 0 0 0 0 0 0 0 0 0 0 0 6 0 0 0 0 0 0 0 0 0 16 2 0 0 3 0 0 1 0 0 0 0 0 0 0 0 0 0 0 0 13 0 0 26 8 0 0 0 0 
 0 3 29 0 0 16 22 18 4 0 0 3 1 0 2 0 10 2 0 0 0 0 0 0 30 0 0 0 0 0 0 23 0 0 0 0 1 0 0 0 66 311 394 141 122 38 480 0 106 59 176 522 154 161 428 151 319 54 37 101 0 0 0 0 0 1 0 0 1 0 0 0 0 0 0 0 0 0 0 0 0 0 0 0 0 0 0 6 0 0 0 0 0 0 18 0 30 0 0 0 0 0 0 0 0 0 0 0 0 0 0 0 0 0 0 0 0 18 0 0 5 20 44 18 0 0 27 20 11 36 10 4 0 20 19 16 21 65 0 40 0 0 0 0 0 0 10 5 0 2 0 0 5 15 0 0 0 0 0 0 2 0 1 3 5 0 0 5 0 3 24 0 0 0 0 0 0 0 0 0 0 0 0 0 0 7 0 0 0 0 0 0 0 0 0 0 0 0 0 0 0 16 16 3 0 26 0 31 12 5 8 15 19 13 28 22 22 6 0 9 0 0 0 0 0 0 0 0 0 0 0 0 0 0 0 0 0 0 0 0 0 7 0 0 0 0 12 0 0 0 0 9 0 2 0 0 0 0 0 0 0 0 0 0 2 2 0 0 1 0 0 0 0 0 0 0 0 0 0 0 0 0 0 0 0 4 0 0 0 0 
 4 2 2 2 2 2 2 2 2 2 2 3 2 2 2 2 4 2 2 2 1 0 0 0 0 0 0 0 0 0 0 0 2 0 0 7 0 0 0 0 107 570 231 158 95 55 285 106 0 101 103 30 487 160 220 160 127 136 67 183 0 0 0 0 0 0 0 0 57 0 0 0 0 0 0 0 0 1 0 0 0 0 0 0 0 0 0 1 0 0 19 0 0 0 0 0 0 0 0 0 0 0 0 0 0 0 0 0 0 0 0 3 0 0 0 0 0 0 0 0 18 45 31 1 0 0 24 0 8 5 53 0 1 8 14 21 26 13 8 18 0 0 0 0 0 0 0 0 0 1 0 6 0 0 0 0 0 0 0 0 0 10 0 0 0 0 0 0 1 0 0 0 0 0 0 0 0 0 0 0 16 0 0 0 0 26 0 0 0 0 0 0 0 0 0 0 0 0 0 0 0 34 10 17 0 10 20 33 10 15 0 14 0 0 19 0 35 18 0 42 0 0 0 0 0 0 0 0 0 0 0 0 0 0 0 0 0 0 0 0 0 0 0 0 0 0 0 0 0 0 0 10 0 0 0 0 0 0 1 0 62 0 0 0 1 2 0 0 0 0 27 0 0 0 0 11 0 0 0 0 0 0 0 0 0 13 0 0 0 0 
 1 1 63 3 1 1 1 1 2 0 1 1 1 0 0 0 5 0 1 4 0 2 3 0 15 0 0 9 4 5 2 5 0 0 6 0 0 0 0 0 189 620 97 261 214 158 45 59 101 0 182 319 57 143 397 99 168 117 72 120 1 0 0 0 0 0 25 0 0 0 0 0 0 0 3 3 0 0 0 0 0 0 0 0 0 0 0 0 0 0 0 0 0 0 0 0 0 0 0 0 0 0 0 0 10 0 0 0 0 5 0 0 0 0 0 0 0 0 0 0 1 0 8 15 30 25 0 7 0 7 0 25 8 0 8 21 19 15 0 5 13 0 0 0 0 0 0 6 0 16 5 0 4 30 9 1 0 15 10 33 0 0 0 0 0 0 0 3 0 0 0 0 0 0 0 3 0 0 0 0 8 0 0 1 6 5 0 0 0 0 0 0 0 0 0 0 0 0 0 0 0 1 0 7 44 12 12 0 19 12 21 0 2 0 0 2 8 0 5 0 12 0 0 0 0 0 11 1 0 0 0 0 20 0 26 0 9 52 0 12 0 0 1 0 0 0 0 0 0 0 0 0 0 0 0 0 0 0 0 6 0 0 0 38 1 16 0 1 3 0 0 0 0 0 0 0 0 0 0 0 0 2 0 0 0 0 1 1 0 0 
 0 0 0 5 0 0 0 5 0 0 0 0 0 0 0 0 3 0 0 3 36 1 0 0 0 0 0 2 0 7 0 0 2 0 0 0 0 0 0 0 35 158 82 134 166 70 102 176 103 182 0 102 19 51 75 140 170 165 32 60 0 0 0 0 0 6 6 5 0 215 0 0 52 0 2 0 0 0 0 0 0 0 0 0 0 0 0 0 0 0 0 0 13 0 0 0 0 0 0 0 0 0 0 0 0 0 0 0 0 0 0 0 0 0 0 0 0 0 0 0 15 10 0 0 8 24 11 20 0 34 1 39 0 10 18 14 1 34 0 8 13 0 37 0 3 0 0 8 12 0 3 9 2 15 0 11 9 0 21 14 0 0 0 0 0 0 0 2 0 0 0 0 0 0 0 43 0 0 0 0 0 0 0 0 0 12 0 0 0 0 0 31 0 0 0 0 0 0 0 0 0 19 11 0 30 15 0 10 22 45 1 0 0 0 13 51 8 36 0 11 0 0 19 0 0 0 10 0 1 12 11 4 23 0 0 0 0 0 0 24 0 0 0 0 0 0 0 0 0 0 0 0 0 0 0 0 0 0 0 8 0 0 0 124 2 12 4 1 0 0 0 0 0 0 0 3 0 0 0 0 0 0 0 0 0 5 0 1 0 0 
 4 4 2 6 2 2 2 2 2 2 2 2 2 6 2 2 2 2 2 2 2 6 1 0 0 0 0 0 0 0 1 0 0 9 0 0 1 0 0 0 58 257 58 400 79 101 143 522 30 319 102 0 103 63 85 393 110 154 41 42 0 0 57 0 0 3 30 53 21 3 0 0 3 0 50 0 0 0 0 0 0 0 0 0 0 0 0 0 0 0 0 0 0 0 0 0 0 0 0 0 0 0 0 0 0 0 0 0 0 0 0 0 0 0 0 0 0 0 0 0 0 0 8 3 0 0 0 8 0 20 0 10 0 0 27 6 6 30 0 0 0 0 4 0 6 0 12 4 4 0 3 18 14 0 0 6 3 14 7 0 0 0 0 0 0 0 0 0 0 0 0 0 0 0 0 0 0 0 0 0 0 0 0 0 0 0 0 0 0 0 0 0 0 0 0 0 0 0 0 0 0 31 0 2 0 17 0 0 0 6 2 17 0 0 0 34 0 11 0 0 0 36 15 10 0 0 29 0 10 6 5 1 7 7 10 0 0 0 6 10 4 0 0 0 0 0 0 0 0 0 0 3 0 0 0 0 0 0 0 2 0 21 65 0 100 2 0 2 0 0 0 0 0 0 0 4 0 0 0 0 0 0 0 0 0 0 2 0 0 0 
 67 3 5 3 3 3 3 7 3 2 3 3 3 7 1 2 3 2 5 8 0 0 0 124 1 80 0 0 0 0 0 0 0 0 0 0 0 0 0 0 481 36 354 102 86 462 171 154 487 57 19 103 0 144 50 131 53 36 131 140 0 0 0 0 0 0 0 0 1 0 0 0 32 0 0 0 4 0 51 0 0 4 0 0 0 0 1 0 13 0 0 0 4 4 0 0 0 0 0 5 0 0 0 7 0 0 0 0 0 0 8 27 0 0 0 0 0 10 0 0 6 12 12 11 0 0 10 0 12 0 0 0 11 18 14 0 0 23 6 14 2 0 0 0 0 0 0 0 0 0 0 2 0 0 0 0 0 0 0 0 0 1 0 0 0 0 9 0 0 0 0 0 7 0 4 0 9 0 1 4 0 0 0 0 10 118 0 0 0 0 6 0 0 0 0 0 15 0 0 0 12 0 32 7 0 0 28 36 13 3 6 18 11 3 13 28 1 0 12 9 0 0 0 0 0 0 0 0 0 0 0 0 0 0 0 0 0 0 0 0 0 0 0 0 0 0 0 0 0 0 0 5 0 2 0 0 0 65 0 2 0 0 0 0 0 2 2 0 2 0 21 0 0 0 0 1 0 0 0 0 0 0 0 0 6 9 0 0 1 0 
 0 0 0 0 0 0 0 0 0 0 0 0 0 2 0 0 3 0 0 0 0 0 3 0 62 62 0 0 0 0 0 0 2 0 0 0 0 62 0 0 45 356 87 67 90 46 115 161 160 143 51 63 144 0 139 108 134 134 171 114 0 9 0 0 0 2 55 9 17 3 0 0 0 3 0 0 0 0 5 2 0 0 0 0 0 0 0 0 0 0 0 0 0 0 0 0 0 0 0 0 0 0 0 8 0 0 0 0 0 0 18 19 0 0 0 0 0 6 0 0 69 41 39 0 8 0 33 0 28 12 16 14 4 45 0 20 70 0 1 0 0 0 0 0 1 0 9 17 5 6 4 1 6 0 0 5 5 0 0 0 0 0 0 0 0 0 0 0 1 4 6 0 0 0 0 0 0 0 0 0 0 0 0 0 0 22 0 0 0 0 0 0 0 0 0 0 0 0 0 0 20 12 3 10 0 0 15 18 10 8 1 0 0 8 12 0 16 8 14 20 3 0 20 0 0 8 0 3 0 5 8 0 1 0 0 0 0 0 0 7 0 0 0 0 0 0 0 0 0 0 0 3 0 0 0 0 0 0 30 0 0 0 0 0 2 0 0 0 0 0 0 0 0 0 0 1 0 0 0 0 0 0 0 0 0 0 0 0 0 0 
 0 0 4 0 3 31 0 0 0 0 0 3 0 0 0 0 0 3 0 2 0 0 0 0 1 61 1 7 0 0 0 0 0 0 4 0 0 0 63 0 377 196 126 124 364 116 153 428 220 397 75 85 50 139 0 172 261 45 77 348 0 0 0 0 0 1 50 9 2 0 0 0 0 3 0 0 0 0 38 0 0 0 0 8 0 0 0 0 0 0 0 0 0 0 0 0 0 0 0 0 14 0 0 0 0 0 0 0 0 0 0 0 0 0 0 0 0 0 0 0 9 32 3 19 23 0 19 11 0 18 1 15 0 18 1 33 31 27 0 1 0 0 0 0 0 0 0 15 0 0 0 2 5 0 0 0 0 0 0 0 0 0 0 0 0 0 0 0 9 0 1 0 0 0 0 0 7 0 0 0 0 0 0 0 0 0 0 0 0 0 0 0 0 0 0 0 0 0 0 0 0 2 15 7 0 1 0 0 21 0 6 28 0 0 23 7 8 10 0 1 1 0 0 0 0 0 0 0 0 0 0 0 14 0 0 0 0 16 32 17 0 0 8 0 0 0 0 0 0 0 0 6 0 0 0 0 0 2 0 1 0 0 0 0 0 4 0 66 2 0 1 0 0 0 0 0 0 0 0 0 0 0 0 0 0 10 0 3 0 0 
 2 7 0 0 0 9 8 7 4 0 0 2 0 0 2 0 3 3 0 3 0 0 0 0 0 0 0 0 0 2 0 0 0 0 0 0 0 0 0 0 25 141 191 150 97 139 483 151 160 99 140 393 131 108 172 0 93 41 150 278 0 0 2 0 0 4 0 3 1 2 0 0 0 1 0 2 0 0 5 50 0 0 0 1 0 0 0 26 0 0 0 0 0 0 1 5 0 0 0 0 0 0 0 0 0 0 0 0 0 10 0 0 0 0 0 0 7 0 0 0 13 0 49 22 0 9 52 6 20 10 31 11 0 12 0 10 42 52 0 0 0 0 0 0 0 0 0 0 0 1 2 0 0 0 0 3 0 0 0 0 2 0 0 3 38 1 0 1 3 9 10 0 0 0 0 0 0 2 0 0 0 0 0 0 0 0 0 0 3 0 0 0 0 0 0 0 0 0 0 2 37 43 15 10 12 3 12 0 0 19 9 118 0 0 13 18 1 31 0 0 0 0 0 0 0 0 0 8 0 0 0 0 0 0 0 0 0 0 0 0 0 2 0 0 0 0 14 0 0 0 0 4 0 2 0 0 0 0 0 0 0 0 1 0 0 2 0 0 1 0 3 0 0 0 0 0 0 0 0 0 0 0 0 0 12 0 0 0 0 0 
 0 0 0 5 0 0 0 0 0 1 0 0 0 0 0 0 0 0 0 3 3 0 5 0 0 0 6 3 0 0 0 0 3 0 0 2 6 0 0 0 95 48 378 106 257 114 251 319 127 168 170 110 53 134 261 93 0 147 87 41 0 0 0 0 0 0 61 0 0 0 0 0 0 0 7 0 0 0 0 0 0 0 0 0 0 0 0 0 0 0 0 0 0 0 0 0 0 0 0 0 0 5 0 9 0 1 0 15 0 0 0 0 6 0 0 0 5 6 0 0 10 38 13 22 38 23 18 14 0 10 37 38 0 30 0 42 28 0 0 2 0 0 0 0 0 0 0 5 0 10 0 0 26 9 10 1 0 19 10 15 0 0 0 0 0 0 0 4 0 0 0 0 0 0 0 7 0 0 0 0 5 0 0 0 0 0 6 3 6 1 0 2 0 0 0 7 0 0 0 0 0 28 0 24 21 12 0 0 0 25 20 0 0 0 8 0 15 10 0 3 25 0 0 0 0 0 13 0 0 0 0 0 25 0 4 0 4 11 0 43 0 0 0 0 0 0 0 0 0 0 0 4 0 2 0 0 0 0 0 7 0 0 1 38 0 16 0 2 0 0 0 0 0 0 0 0 0 0 0 0 0 0 0 0 0 0 0 3 0 0 
 0 0 0 3 2 0 0 0 0 0 0 0 0 1 0 0 0 8 0 0 2 1 1 0 0 1 0 0 0 2 1 1 1 0 0 1 2 1 1 1 106 324 208 45 40 158 295 54 136 117 165 154 36 134 45 41 147 0 84 37 0 0 14 1 1 2 0 0 0 4 5 6 0 0 0 6 0 3 3 51 0 0 0 0 0 0 0 0 0 0 0 0 0 0 0 0 10 0 0 0 0 0 0 0 0 0 0 0 0 0 0 0 0 0 9 0 0 0 0 0 0 16 16 41 22 17 0 20 0 26 42 21 0 52 41 32 0 3 0 0 0 0 0 0 0 2 0 0 0 20 12 0 0 5 0 5 0 0 11 0 0 0 0 0 0 0 0 49 0 0 0 0 0 0 0 4 0 0 0 0 0 0 0 0 0 0 0 0 0 0 0 0 0 0 0 0 0 0 0 0 0 43 0 15 42 74 0 0 18 33 2 12 7 0 0 26 35 8 0 0 0 0 0 4 0 0 9 11 0 0 0 0 16 7 0 0 0 7 0 14 0 0 0 0 0 0 0 0 0 0 0 4 0 0 0 0 0 0 0 12 0 0 0 63 1 36 5 0 0 0 0 0 0 0 0 0 0 0 0 0 0 0 0 0 0 15 0 0 0 0 
 0 0 0 0 0 0 0 0 0 67 0 0 0 0 0 0 0 0 0 3 0 0 100 18 37 76 0 0 0 66 0 0 0 0 0 48 62 63 0 0 38 44 125 270 52 39 128 37 67 72 32 41 131 171 77 150 87 84 0 73 0 0 0 0 0 0 0 0 0 0 0 0 0 0 0 0 3 0 0 200 0 0 0 0 6 0 0 23 0 0 0 0 0 0 0 0 0 0 0 0 0 0 0 17 0 0 0 0 0 7 11 0 0 0 0 0 0 10 0 0 22 9 5 0 0 4 1 0 24 5 21 4 7 3 0 2 17 0 2 29 0 24 0 0 0 0 0 0 0 0 0 0 0 1 0 0 0 0 0 0 0 0 0 0 0 0 0 0 3 5 0 0 0 0 0 0 0 0 0 0 0 0 0 0 0 38 0 0 0 0 0 7 0 0 0 0 0 0 0 0 25 20 2 21 0 0 39 26 14 14 0 3 1 43 6 0 1 0 17 37 0 0 0 0 0 0 0 0 0 0 0 0 4 0 0 0 0 0 0 3 0 0 0 0 0 0 0 0 0 0 0 7 0 0 0 0 0 53 66 0 0 51 0 0 1 0 17 0 0 0 0 0 0 0 0 0 0 0 0 0 0 9 0 0 0 0 0 0 0 0 
 3 0 0 0 0 0 0 0 4 0 0 0 63 0 0 0 5 2 0 3 1 2 2 63 24 1 0 0 65 65 55 79 0 0 0 1 1 1 0 0 337 44 83 89 92 259 149 101 183 120 60 42 140 114 348 278 41 37 73 0 2 0 0 8 4 0 0 0 0 0 8 2 0 0 0 0 0 0 0 0 0 0 12 0 0 0 0 0 0 0 0 0 0 0 0 0 0 0 0 0 0 0 0 0 0 0 0 1 0 4 2 11 0 0 10 15 0 19 0 0 20 27 23 0 0 0 12 11 11 2 14 0 11 0 40 0 0 55 0 33 1 0 0 0 0 8 10 0 0 0 0 2 0 0 0 0 0 0 0 0 0 0 0 0 0 2 0 0 0 0 0 0 0 0 0 0 0 0 0 0 0 0 0 19 1 16 0 0 0 0 0 11 0 0 0 0 2 1 6 0 0 0 20 0 0 0 14 15 19 1 0 0 29 7 12 0 17 0 1 33 0 0 0 0 0 0 0 0 0 0 0 0 0 0 0 0 0 0 0 0 0 0 0 0 0 0 0 0 0 33 0 2 0 1 0 0 0 0 1 2 8 1 0 0 0 2 4 0 0 0 5 0 0 0 0 0 0 0 0 0 0 0 0 0 15 11 0 0 1 0 
 0 0 0 0 0 0 0 2 3 4 0 0 0 40 0 0 0 0 49 0 2 0 0 0 0 0 0 0 0 1 0 0 3 0 0 0 0 0 0 0 0 0 0 0 53 3 0 0 0 1 0 0 0 0 0 0 0 0 0 2 0 142 84 174 116 79 106 54 86 150 84 86 120 87 119 265 26 28 76 43 0 0 11 0 0 0 0 0 0 0 0 0 0 0 0 0 0 0 0 0 0 0 0 0 0 0 0 0 0 0 0 0 0 0 0 0 0 0 0 0 0 0 0 0 5 0 0 4 0 9 9 0 0 0 0 0 0 0 0 0 23 31 25 32 8 0 23 0 0 8 0 9 0 0 30 11 0 0 1 0 0 0 0 0 0 0 0 5 0 0 0 0 0 0 0 0 0 0 0 0 0 0 0 0 0 0 0 0 0 0 0 0 0 0 0 0 0 0 0 0 0 0 0 0 0 3 0 12 0 0 0 0 0 6 0 0 0 0 0 0 16 0 10 9 27 10 8 0 23 0 8 0 11 10 2 13 1 0 10 0 0 0 0 6 0 0 0 0 0 1 0 0 0 55 3 0 24 0 0 0 0 0 12 0 0 0 0 0 0 0 0 0 0 1 0 2 0 0 0 0 0 0 0 0 5 2 0 0 0 0 
