 0 196 162 46 42 34 149 272 54 59 125 58 136 273 228 136 123 37 271 366 0 76 0 3 0 0 6 3 3 3 6 0 0 0 2 0 0 10 0 3 6 0 3 63 0 0 0 0 0 0 0 0 2 4 6 2 8 0 0 0 4 3 0 0 0 4 0 7 0 1 0 0 2 0 0 0 0 1 3 3 11 16 9 28 7 11 3 9 11 0 15 38 0 8 33 26 28 29 30 9 0 0 0 0 0 0 0 0 0 0 0 0 0 0 0 0 0 0 7 0 0 1 0 0 0 0 0 0 1 0 0 0 0 0 0 0 2 0 2 0 0 0 0 0 0 0 0 0 0 2 0 0 0 0 0 0 0 0 0 0 20 35 23 0 0 0 1 19 50 10 0 0 10 16 0 8 15 21 8 20 0 0 0 0 0 0 0 0 0 0 0 0 0 0 0 0 0 0 0 0 0 0 0 0 0 0 0 0 0 0 0 0 0 0 0 0 0 0 0 0 0 0 0 1 0 0 0 0 0 0 10 0 0 0 0 0 0 2 0 0 0 2 0 0 0 2 89 1 0 0 0 9 0 0 0 0 0 0 0 44 0 0 15 0 0 0 0 0 0 0 0 0 0 0 0 20 0 0 0 0 0 0 0 0 0 0 0 0 0 0 
 196 0 316 161 120 28 185 416 88 48 353 329 155 63 69 61 132 31 36 222 0 0 0 3 0 0 0 83 3 0 2 0 0 0 2 5 0 2 2 3 86 0 3 0 0 0 0 63 0 0 1 0 2 0 2 2 0 0 0 0 2 5 1 4 0 1 0 4 1 0 0 4 4 2 1 0 1 8 4 3 1 73 12 15 37 0 21 0 65 31 0 3 17 10 29 31 32 58 22 1 0 0 0 0 0 9 17 0 0 0 0 0 1 0 0 0 0 0 0 0 0 0 0 0 0 0 0 0 0 0 0 6 0 0 1 0 0 0 0 0 0 0 0 0 0 0 0 2 0 0 0 0 0 0 0 0 0 0 0 0 0 0 42 22 16 0 12 9 8 22 43 62 19 0 4 7 43 19 0 2 0 0 0 0 0 0 25 19 0 0 0 0 44 0 7 0 0 0 19 8 0 0 0 11 0 2 0 0 0 0 0 0 0 0 0 0 2 0 0 1 0 0 0 0 0 16 0 2 0 0 0 0 0 0 0 5 0 0 0 0 0 10 0 0 0 4 1 0 8 87 2 15 0 0 0 0 1 0 0 0 0 0 0 0 0 0 0 0 0 0 0 0 0 0 0 12 0 0 0 0 0 0 0 0 0 2 0 0 0 0 
 162 316 0 97 153 118 171 669 180 66 465 119 236 189 153 232 209 44 50 430 74 0 0 3 0 0 0 4 4 0 0 2 1 0 0 0 0 0 0 3 0 0 3 0 0 0 0 0 0 0 0 0 2 5 0 2 1 0 0 26 0 1 0 0 0 2 0 3 0 0 0 0 3 0 0 6 0 0 54 3 0 0 16 22 8 15 11 7 15 3 19 6 11 51 33 0 0 7 1 0 0 0 0 0 0 0 15 0 0 0 0 0 0 0 0 19 0 0 10 0 0 0 0 0 0 0 0 0 0 0 0 0 0 0 0 0 0 0 0 0 0 0 0 0 0 0 0 0 0 0 0 0 5 0 0 0 0 0 0 0 21 0 7 24 0 9 31 11 17 36 18 14 2 10 0 0 23 0 0 6 1 0 0 0 0 0 1 0 0 0 0 0 35 0 0 0 0 0 21 10 0 0 0 0 0 0 0 0 0 0 0 0 0 0 0 0 0 0 0 0 0 0 0 0 0 0 0 0 0 0 0 0 0 0 0 0 0 0 0 0 0 0 0 0 0 0 88 2 88 4 1 7 0 0 0 0 0 0 0 0 0 0 0 0 0 0 0 0 0 0 0 0 0 0 49 15 0 16 0 0 0 0 0 0 0 0 0 0 0 0 
 46 161 97 0 81 269 245 153 308 246 178 41 148 287 70 272 38 536 181 351 0 0 0 4 0 0 0 3 3 0 0 0 73 106 0 0 0 0 143 95 0 0 3 0 0 0 0 0 0 0 0 0 2 0 0 2 2 0 0 0 0 3 0 0 0 35 1 3 0 0 0 0 5 4 0 0 0 1 7 3 0 0 54 0 0 10 20 0 0 11 10 32 21 14 0 11 8 2 19 35 19 0 0 0 0 0 9 5 0 0 0 0 38 20 0 0 0 0 1 17 0 0 0 0 0 0 0 0 0 0 0 0 0 0 0 0 0 0 0 0 0 0 0 0 0 0 0 0 0 0 0 0 0 0 18 0 0 0 0 0 0 0 16 0 10 0 4 0 20 3 19 25 19 7 4 15 0 30 0 14 41 0 0 0 0 0 0 0 0 1 0 0 0 0 16 0 0 0 0 35 0 0 0 0 0 0 0 0 0 0 0 0 0 0 0 0 0 0 0 0 0 0 0 0 0 0 0 0 0 0 0 0 0 0 0 0 14 0 0 0 0 3 0 0 0 0 89 0 0 99 2 11 0 0 0 0 0 0 0 0 0 0 0 0 0 0 0 0 0 0 0 0 0 0 0 0 20 0 0 0 0 0 0 0 0 0 0 0 0 0 
 42 120 153 81 0 154 34 114 145 435 133 159 54 154 85 193 211 125 83 74 0 74 3 3 0 0 34 4 79 6 0 0 301 0 0 2 0 0 3 78 0 0 3 0 0 0 0 0 0 0 1 0 2 3 0 2 69 2 0 8 0 3 0 5 1 0 3 5 0 0 0 0 2 0 44 4 0 1 3 3 0 8 12 0 13 22 0 8 3 22 11 0 0 0 20 0 0 24 0 0 18 0 0 0 0 0 60 2 0 0 23 0 30 0 0 0 0 20 0 37 0 0 0 4 0 0 0 0 1 0 0 0 0 8 0 0 0 0 0 0 0 0 0 0 0 0 0 0 0 0 0 0 0 0 0 0 0 1 0 0 0 7 18 27 50 21 0 0 0 1 29 20 0 0 13 0 0 0 0 0 25 20 2 0 0 0 24 71 1 0 0 0 1 21 16 11 1 0 28 22 0 0 0 0 0 0 0 0 0 0 0 0 0 0 0 0 0 0 0 0 0 0 0 0 0 0 0 0 0 0 0 0 0 0 0 0 0 0 0 0 0 0 0 0 0 0 2 0 2 2 0 20 41 0 0 0 0 0 0 0 0 0 0 0 0 0 0 0 0 15 0 0 0 0 0 15 10 0 0 0 0 0 0 0 0 0 0 0 0 0 
 34 28 118 269 154 0 135 204 99 102 95 58 26 41 56 92 168 124 56 50 74 73 0 3 0 0 0 76 81 2 0 0 216 81 6 0 1 2 159 162 0 60 3 0 0 0 0 0 0 0 0 0 2 0 0 2 1 1 0 1 0 2 0 0 0 0 0 3 36 0 0 0 2 0 0 0 0 0 3 3 0 15 23 21 13 20 2 0 14 20 0 13 0 0 0 0 24 13 0 0 39 0 43 45 0 0 26 0 5 15 0 30 1 10 11 23 16 0 6 30 0 0 0 0 0 0 0 0 0 0 0 0 0 0 0 0 0 0 0 0 0 0 0 1 0 0 0 0 0 0 0 0 0 0 0 0 0 0 0 0 0 0 2 20 16 0 0 0 0 0 16 21 0 2 18 0 21 0 0 0 0 10 10 9 0 0 15 1 0 0 0 0 43 10 34 1 2 0 44 102 12 7 2 0 0 0 0 0 0 0 0 0 1 0 0 0 0 0 0 0 0 0 0 0 0 0 0 0 0 0 0 0 0 0 0 0 7 0 14 0 0 0 0 0 0 4 0 0 15 45 0 7 0 5 0 0 0 0 0 0 0 0 0 0 0 0 0 0 0 0 0 0 0 0 0 1 15 0 0 0 0 0 0 0 0 0 0 0 0 0 
 149 185 171 245 34 135 0 153 107 250 40 210 342 240 138 95 122 47 280 48 2 0 0 3 0 0 0 3 3 0 0 0 29 19 0 0 0 0 0 3 0 0 3 0 0 0 0 0 0 0 0 0 2 3 0 2 0 1 0 4 0 3 0 6 0 0 0 3 0 5 6 0 2 0 0 0 0 1 3 3 9 18 15 1 8 0 22 0 26 0 1 11 33 0 40 42 0 29 35 18 0 0 0 0 0 0 0 0 0 0 0 0 0 0 0 0 0 0 12 0 0 0 0 0 0 0 0 0 0 0 0 0 0 0 0 0 0 0 0 0 0 0 0 1 0 0 0 0 0 0 0 0 2 0 0 0 0 0 0 0 0 0 21 0 0 7 32 8 0 7 0 10 17 28 23 1 44 21 0 16 0 0 0 0 0 0 0 0 0 0 0 0 13 0 0 0 0 0 0 0 0 0 0 0 0 0 0 0 0 0 0 0 0 0 0 0 0 0 0 0 0 0 0 0 0 0 0 0 0 0 0 0 0 0 0 0 0 0 0 0 0 0 0 0 0 2 46 0 2 0 2 7 0 0 2 0 0 0 0 0 0 0 13 0 0 0 0 0 0 0 0 0 0 0 0 0 0 10 0 0 0 0 0 0 0 0 0 0 0 0 
 272 416 669 153 114 204 153 0 183 148 206 66 99 186 120 303 550 329 57 352 0 0 0 3 1 0 0 3 3 0 0 0 0 0 0 4 0 2 2 3 2 0 3 0 0 0 2 0 0 0 1 0 2 5 2 2 67 2 0 4 0 4 0 0 0 0 0 3 0 1 0 2 2 0 0 0 0 0 3 3 0 0 32 1 51 0 29 37 61 12 18 13 13 9 17 0 11 24 0 0 0 0 0 0 0 0 10 0 0 0 0 0 1 0 0 0 0 1 8 0 2 0 14 0 0 1 0 2 0 0 0 1 0 0 0 0 0 0 0 2 0 0 0 9 0 0 0 0 0 0 0 0 0 20 0 0 0 0 0 0 0 0 18 61 7 12 19 13 9 15 27 22 0 1 0 0 13 0 0 13 0 0 0 0 0 19 0 0 2 0 0 0 26 0 8 0 0 0 23 18 0 0 0 0 0 0 0 0 0 0 0 0 0 0 0 0 0 0 0 0 0 1 0 0 0 0 10 0 0 0 0 0 0 0 0 0 0 0 0 0 0 0 0 0 0 0 1 0 89 87 12 7 0 0 0 0 0 0 0 0 0 0 0 0 0 0 0 0 0 0 0 0 0 0 0 27 0 0 0 0 0 0 0 0 0 0 0 0 0 0 
 54 88 180 308 145 99 107 183 0 380 131 164 145 380 217 79 89 128 98 63 0 0 0 3 0 0 77 3 3 0 0 0 0 0 74 0 0 0 18 22 0 0 3 0 0 0 0 5 0 0 0 0 2 2 6 2 39 0 0 7 0 3 0 0 0 0 0 3 0 0 0 0 2 0 0 0 0 1 3 3 0 1 67 20 0 0 24 11 0 0 26 0 0 9 2 12 18 0 15 9 0 0 2 0 0 0 10 0 2 0 0 12 22 1 0 0 2 0 0 25 0 0 0 0 0 0 0 0 0 0 0 0 0 0 0 0 0 0 0 0 1 1 0 0 0 0 0 20 11 0 0 0 0 0 0 0 0 0 0 0 0 17 11 27 1 0 10 0 24 10 0 3 32 16 21 0 0 43 1 12 0 0 23 0 0 0 0 0 1 0 0 0 0 0 18 0 0 0 10 21 0 0 0 0 0 0 0 0 0 0 0 0 0 0 0 0 0 0 0 0 0 0 0 0 0 1 0 0 0 2 0 0 0 0 0 0 0 0 0 0 0 0 0 0 0 0 0 2 2 88 1 14 0 0 0 0 0 0 0 0 0 0 0 0 0 0 2 0 0 0 0 0 0 0 0 0 7 0 0 0 0 0 0 0 0 0 0 0 0 0 
 59 48 66 246 435 102 250 148 380 0 538 402 50 158 158 115 76 256 79 64 0 0 1 5 3 0 72 3 3 3 3 0 75 74 2 0 0 2 72 210 0 0 3 0 0 0 0 3 0 0 0 3 2 0 2 2 4 3 0 0 3 1 0 0 0 6 0 2 0 0 0 2 3 0 0 0 0 0 3 3 0 0 10 20 9 7 0 15 16 11 0 13 0 1 0 0 19 9 0 0 17 0 0 0 0 0 10 21 14 0 0 0 61 23 0 0 0 0 8 9 0 0 0 0 0 0 0 0 1 0 0 0 0 14 18 0 0 0 0 0 0 0 0 0 0 0 0 0 0 0 0 0 0 0 0 0 0 15 0 0 0 0 0 2 15 0 0 0 0 13 25 19 0 13 49 0 0 0 0 0 30 11 15 0 0 0 0 8 7 0 0 0 0 9 11 0 0 2 0 14 0 0 0 0 0 0 0 0 0 0 0 0 0 0 0 1 0 0 0 0 0 0 0 0 0 0 1 0 6 0 0 0 0 0 21 0 0 0 0 0 0 0 0 0 0 2 85 0 2 91 12 4 0 0 0 0 0 0 0 0 0 0 0 0 0 0 0 0 0 0 0 0 0 0 0 0 0 0 0 0 0 0 0 0 0 0 0 0 0 0 
 125 353 465 178 133 95 40 206 131 538 0 56 252 86 59 149 392 230 267 160 45 0 0 3 0 0 0 153 10 2 0 0 13 36 0 0 0 1 21 9 0 0 3 0 0 0 0 0 0 0 0 0 2 0 0 2 7 0 0 0 0 3 56 3 0 0 0 3 0 0 0 0 4 0 0 3 0 3 2 3 0 22 15 19 0 22 4 19 17 36 5 20 0 19 0 0 1 10 0 0 0 0 0 0 0 0 48 15 0 0 0 0 37 16 0 17 0 0 16 14 0 0 0 0 0 0 0 0 0 0 1 2 0 0 0 0 0 0 0 0 0 1 0 0 2 0 0 0 0 0 0 0 0 0 0 0 0 0 0 0 0 0 0 0 19 1 0 16 37 42 34 19 0 0 2 18 28 14 0 3 29 22 0 0 0 0 0 0 0 1 0 0 0 0 13 0 0 10 0 14 0 1 0 0 0 0 0 0 0 1 0 0 0 0 0 0 0 0 0 0 0 2 0 0 0 0 10 0 0 0 0 0 0 0 0 0 0 0 0 0 0 12 0 0 0 3 1 1 3 50 0 12 0 4 0 0 1 0 0 0 0 0 15 2 1 0 0 0 0 0 0 0 0 0 0 0 0 0 0 0 0 0 0 0 0 0 0 0 0 0 
 58 329 119 41 159 58 210 66 164 402 56 0 118 47 38 142 67 208 18 70 74 0 0 3 1 2 286 4 3 0 1 0 208 80 0 0 0 0 1 3 0 0 3 0 0 0 0 7 0 0 63 0 2 0 3 2 5 0 0 0 0 3 0 0 0 0 0 3 0 0 46 0 2 0 0 0 0 1 5 6 0 0 37 19 89 0 21 18 35 12 0 0 14 0 12 15 0 15 2 0 10 11 0 2 0 0 52 14 0 2 0 0 15 20 16 0 0 0 7 69 0 0 0 0 0 0 0 0 0 0 0 0 0 0 0 0 0 0 0 0 0 0 0 0 0 0 0 1 0 0 0 0 1 0 0 0 0 0 0 0 2 0 15 0 18 14 44 7 0 24 42 22 0 12 16 0 11 0 18 2 16 12 17 0 0 1 11 80 15 0 0 15 12 16 1 0 0 0 19 12 0 0 0 0 0 12 0 0 0 0 0 0 0 0 0 0 0 0 0 0 0 0 0 0 0 0 0 0 0 0 0 0 0 0 0 0 1 0 0 0 0 0 0 0 0 1 4 0 4 0 11 6 42 0 0 0 0 0 0 0 0 0 0 0 0 0 0 0 0 0 0 0 0 0 0 13 0 1 0 0 0 0 0 0 0 14 0 0 0 2 
 136 155 236 148 54 26 342 99 145 50 252 118 0 382 130 128 109 234 513 113 0 0 0 3 0 1 2 3 3 0 0 0 0 0 0 0 0 6 2 3 0 0 5 0 0 2 0 0 3 0 0 0 4 0 0 2 2 0 0 0 0 3 0 6 0 0 0 3 0 3 13 0 2 0 0 2 0 1 3 3 18 0 25 18 2 0 25 0 10 0 14 10 26 0 47 37 1 19 32 10 0 0 0 0 0 0 0 0 0 0 0 0 0 0 0 0 0 0 0 0 0 0 0 0 0 0 0 24 0 0 0 0 0 0 0 0 0 19 0 0 0 0 0 0 0 0 0 0 0 0 0 0 5 0 0 0 0 0 0 0 0 21 11 0 0 0 40 9 0 0 0 4 19 18 26 0 2 49 3 37 0 0 0 0 0 0 0 0 0 0 0 0 0 0 0 0 0 0 0 0 0 0 0 0 0 0 0 0 0 0 0 0 0 0 0 10 0 0 0 0 0 0 0 0 0 0 0 0 0 0 0 0 0 0 0 0 0 0 0 0 0 0 0 0 0 1 0 0 0 0 2 10 0 0 0 0 0 0 0 0 0 0 0 0 0 0 0 0 0 0 0 0 0 0 0 0 0 2 0 0 0 0 0 0 0 0 0 0 0 0 
 273 63 189 287 154 41 240 186 380 158 86 47 382 0 287 169 43 268 305 180 0 0 0 3 0 0 0 3 3 0 0 0 0 0 0 0 0 0 0 3 0 0 3 0 0 0 0 0 0 0 0 0 2 4 0 3 2 0 3 4 0 54 0 0 0 3 0 3 0 8 1 0 2 0 0 0 0 2 3 3 0 8 17 0 19 9 22 88 3 9 19 15 14 19 10 27 14 10 8 0 0 0 0 0 0 0 0 0 0 0 0 0 9 0 0 0 0 0 14 0 0 0 0 0 0 0 0 0 0 0 0 0 0 0 0 1 23 0 0 0 0 0 0 0 0 0 0 0 0 0 0 0 0 0 0 0 0 0 0 0 37 12 23 2 0 9 5 0 2 0 0 13 1 25 11 13 14 0 11 4 0 0 0 0 0 0 0 0 0 0 0 0 0 0 0 16 0 0 14 0 0 0 0 0 0 0 0 0 0 0 0 0 0 0 17 0 0 0 0 0 0 0 0 0 0 0 0 0 0 0 0 0 0 0 0 0 0 0 0 0 0 1 0 0 0 2 113 0 2 1 11 0 0 0 0 0 0 0 0 0 0 0 1 0 0 0 0 0 0 0 0 0 0 0 0 0 0 0 0 0 0 0 0 0 0 0 0 0 0 0 
 228 69 153 70 85 56 138 120 217 158 59 38 130 287 0 204 129 320 107 108 0 0 2 5 0 0 0 76 3 0 0 0 0 0 1 0 0 0 0 3 0 0 68 0 0 0 0 0 0 0 1 0 2 4 0 2 0 0 0 27 0 1 2 2 0 3 0 3 0 4 5 0 3 0 0 0 0 0 3 3 17 18 29 58 8 0 10 33 12 11 10 10 19 0 65 23 0 8 21 13 0 0 0 0 0 0 2 0 0 0 0 0 0 0 0 0 0 0 12 2 0 0 0 0 0 0 0 0 0 0 0 0 0 0 0 0 0 0 0 0 0 0 0 0 0 0 9 0 0 0 0 0 7 0 0 0 0 0 0 0 12 48 11 0 0 9 1 10 16 0 0 0 0 0 17 2 19 28 0 19 0 0 0 0 0 0 0 0 0 0 0 0 0 0 3 1 1 0 0 1 0 0 0 0 0 0 0 0 0 0 0 0 0 0 0 0 0 0 0 0 0 0 0 0 0 0 0 0 1 0 0 0 0 0 0 0 0 0 0 0 0 0 0 0 0 0 44 1 3 3 3 9 0 0 0 0 0 0 0 0 0 0 13 0 2 0 0 0 0 0 0 0 0 0 0 0 0 11 0 0 0 0 0 0 0 0 0 0 0 0 
 136 61 232 272 193 92 95 303 79 115 149 142 128 169 204 0 79 436 139 390 0 0 0 4 0 0 74 5 3 0 2 0 0 0 0 2 0 0 2 3 63 0 3 0 0 0 0 0 0 0 0 0 2 2 11 2 32 0 0 3 0 3 0 0 0 10 0 3 0 0 0 0 2 0 0 0 0 1 3 3 34 22 3 1 0 11 10 52 22 14 34 39 26 14 28 1 9 0 21 10 0 0 0 0 0 0 7 0 0 0 0 0 33 1 0 0 0 0 0 10 0 0 0 0 0 0 0 0 0 0 0 0 0 0 0 0 0 0 0 0 0 0 0 0 0 0 0 0 0 0 0 0 6 0 0 0 0 0 0 0 14 18 9 16 0 0 48 35 16 37 1 12 0 0 0 14 10 0 2 1 0 1 18 0 0 0 0 0 1 0 0 0 23 0 0 0 0 0 10 5 2 0 0 0 0 0 0 0 0 0 43 0 0 0 1 0 0 0 0 0 2 0 0 0 0 0 0 0 0 0 0 0 0 1 0 0 0 0 2 0 0 0 0 0 0 0 1 0 1 0 0 15 0 32 0 0 0 0 0 0 20 0 0 0 0 0 0 0 0 0 0 0 0 0 0 0 8 13 0 0 0 0 0 0 0 0 0 0 0 0 
 123 132 209 38 211 168 122 550 89 76 392 67 109 43 129 79 0 358 38 97 76 0 0 3 0 1 2 3 3 0 0 0 81 0 76 0 5 0 62 114 0 0 3 0 0 0 0 0 0 0 2 62 2 6 0 2 1 0 0 17 2 1 0 0 0 5 0 2 0 0 0 0 3 0 0 0 39 51 3 9 0 16 12 17 19 19 0 7 47 31 10 31 0 16 16 0 5 18 0 0 14 0 0 0 0 0 14 0 0 0 0 0 2 0 0 15 0 0 8 15 0 0 0 0 0 0 0 0 0 0 0 0 0 0 0 0 0 0 0 0 0 0 0 0 0 0 0 0 0 0 0 0 0 0 0 0 0 0 0 0 52 0 7 37 13 18 0 11 2 13 18 3 0 3 13 0 9 0 0 0 0 0 0 0 0 0 16 0 0 0 0 0 17 11 2 0 0 0 38 22 0 0 0 0 0 0 0 0 0 0 0 0 0 9 0 0 0 0 0 0 0 0 0 0 0 0 0 0 0 0 0 0 0 0 0 0 0 0 0 0 0 0 0 0 0 3 86 0 88 46 0 8 0 0 0 0 0 0 0 0 0 0 66 0 0 0 0 0 0 0 0 0 0 0 0 18 9 0 0 0 0 0 0 0 0 0 0 0 0 0 
 37 31 44 536 125 124 47 329 128 256 230 208 234 268 320 436 358 0 42 89 0 0 0 3 0 0 64 3 5 0 0 0 95 0 36 0 0 0 0 77 0 0 3 0 0 0 0 10 0 0 0 0 2 0 3 2 89 0 0 0 0 2 0 0 0 0 0 3 0 0 0 0 2 0 0 0 0 0 3 3 2 15 21 33 0 0 0 15 0 33 12 25 14 11 0 1 0 7 11 34 21 1 0 0 0 0 12 11 0 0 0 3 50 1 0 0 0 0 0 15 0 0 0 0 0 0 0 0 0 0 0 0 0 0 0 0 0 0 0 0 0 0 0 0 0 0 0 0 0 0 0 0 0 0 0 0 0 0 0 0 0 21 32 40 14 0 10 9 0 9 23 10 14 0 30 14 0 27 1 0 14 16 14 0 0 0 0 16 0 0 0 0 0 17 6 0 0 1 26 28 1 0 0 0 0 0 0 0 0 0 0 0 0 0 0 0 0 0 0 0 2 15 0 0 0 0 0 0 0 0 0 0 0 1 0 0 0 0 0 0 0 0 0 0 0 2 0 0 2 87 0 2 0 0 1 0 0 0 0 0 0 0 0 0 0 0 0 0 0 0 0 0 0 0 0 0 8 0 0 0 0 0 0 0 0 0 0 0 0 0 
 271 36 50 181 83 56 280 57 98 79 267 18 513 305 107 139 38 42 0 389 0 0 0 3 0 145 0 3 5 0 0 0 0 0 0 0 0 0 0 3 0 0 3 0 0 30 0 0 0 0 63 0 2 0 0 2 1 0 0 0 0 3 0 4 53 0 0 3 0 3 0 0 2 0 0 0 0 3 2 3 18 11 1 0 0 0 24 0 1 0 11 10 10 70 14 0 0 0 21 50 0 0 0 0 0 0 2 0 0 0 0 0 0 0 0 0 0 0 0 0 0 0 2 0 0 0 0 0 6 0 0 0 0 0 0 3 0 0 0 0 0 0 0 0 0 0 0 0 0 3 0 0 0 0 0 0 0 0 0 6 0 22 11 0 0 0 17 9 0 0 0 0 18 1 0 12 0 16 10 14 0 0 0 0 0 0 0 0 0 0 0 0 0 0 0 2 1 0 0 0 0 0 1 0 0 0 0 0 0 8 18 0 3 0 14 0 0 0 0 0 0 0 0 0 0 0 0 0 0 0 0 0 0 0 0 0 13 0 0 0 0 0 0 0 0 2 2 2 1 0 2 17 0 0 0 0 0 0 0 0 0 0 0 0 0 0 1 0 0 0 0 0 0 0 0 0 8 0 0 0 0 0 0 0 0 0 0 0 0 0 
 366 222 430 351 74 50 48 352 63 64 160 70 113 180 108 390 97 89 389 0 0 0 0 4 0 0 0 3 3 0 0 0 0 0 2 2 1 5 0 3 0 0 3 0 0 21 0 0 0 0 0 0 2 0 0 2 2 0 0 0 2 45 0 0 0 1 0 3 0 0 0 0 2 0 0 0 0 1 3 3 16 27 0 12 0 0 8 10 23 15 2 55 33 36 19 23 25 13 16 1 0 0 0 0 0 0 0 0 0 0 0 0 0 0 0 0 0 2 0 0 1 0 0 0 0 0 0 1 0 0 0 2 0 0 0 0 0 0 0 1 0 0 0 0 0 0 0 0 0 0 0 0 0 0 0 0 0 12 0 0 25 21 10 20 0 0 17 35 25 10 0 0 36 13 0 40 17 30 16 53 0 0 0 0 11 0 0 0 1 0 0 0 0 0 2 0 0 0 0 0 0 0 0 0 0 0 0 0 0 0 0 0 0 0 0 0 0 0 0 0 0 2 0 0 0 0 0 0 0 0 0 0 0 0 0 0 13 0 0 0 0 47 0 0 0 2 3 0 0 0 2 2 0 0 0 0 0 0 0 0 0 0 1 0 0 0 0 0 0 0 0 0 0 0 0 16 5 0 0 0 0 0 0 0 0 0 0 0 0 0 
 0 0 74 0 0 74 2 0 0 0 45 74 0 0 0 0 76 0 0 0 0 267 64 81 235 96 146 235 34 39 31 127 64 106 44 86 69 116 201 110 0 0 0 2 3 0 2 0 0 0 3 0 0 3 0 0 6 0 3 0 0 1 2 0 0 5 0 0 0 0 3 46 2 0 6 3 2 0 3 0 2 0 0 18 2 18 0 0 0 11 0 0 0 0 0 0 0 10 0 0 11 14 0 0 19 12 15 35 27 19 23 27 0 9 0 46 54 21 20 14 0 0 0 0 0 0 0 0 0 0 0 0 0 0 0 0 0 0 0 17 0 13 6 0 0 0 0 0 0 0 0 0 0 5 0 0 0 0 0 0 0 0 6 0 26 17 0 0 4 12 20 21 0 0 0 0 0 0 13 11 20 21 8 0 0 0 0 0 8 20 0 28 0 28 22 22 10 9 0 0 0 0 0 0 0 0 0 0 0 0 0 0 12 0 0 0 0 0 10 0 0 0 0 0 0 0 0 0 0 0 0 0 0 0 0 0 0 0 0 0 0 0 0 0 0 0 0 0 0 0 0 0 0 0 4 0 0 0 0 0 16 0 0 0 0 0 15 0 0 0 0 0 0 0 0 0 0 0 0 0 0 0 0 0 0 0 0 0 0 0 
 76 0 0 0 74 73 0 0 0 0 0 0 0 0 0 0 0 0 0 0 267 0 151 100 31 102 448 97 145 44 46 112 169 215 144 102 148 98 214 205 5 0 0 0 3 0 0 0 0 0 4 0 0 3 1 0 4 0 0 0 0 0 0 0 0 3 1 0 0 0 0 12 3 0 2 0 0 0 0 0 0 0 0 0 0 2 0 8 0 0 0 0 0 0 0 0 0 0 0 0 39 14 28 0 19 13 1 30 12 23 57 30 15 1 0 31 89 28 0 14 0 0 0 0 0 0 0 0 0 0 0 0 0 0 0 0 0 0 0 17 0 7 6 0 0 0 0 0 0 0 0 0 0 6 0 0 0 0 0 0 0 0 0 0 0 11 0 0 5 13 0 19 0 0 0 0 0 0 1 0 1 0 8 4 24 0 0 0 0 15 11 6 4 17 21 32 37 0 0 0 0 0 0 0 0 0 0 0 0 0 0 0 0 0 0 0 0 0 21 0 0 0 0 0 0 0 0 0 0 0 0 14 0 0 0 0 0 0 0 0 0 0 0 0 0 0 0 0 0 0 0 0 0 0 6 0 4 0 80 2 19 0 0 0 0 0 18 0 0 0 0 0 0 0 0 0 0 0 0 0 0 0 0 0 0 0 0 0 0 0 
 0 0 0 0 3 0 0 0 0 1 0 0 0 0 2 0 0 0 0 0 64 151 0 112 296 277 217 75 241 75 116 129 55 55 503 531 123 55 363 39 0 0 0 0 64 0 6 0 0 3 3 0 65 3 0 0 3 1 0 64 0 0 0 0 0 3 0 0 0 48 0 15 3 0 2 0 0 0 0 0 0 0 0 2 0 0 0 0 0 0 7 0 2 0 0 0 0 0 0 0 0 16 2 35 1 27 0 15 34 1 12 41 0 12 47 47 10 18 0 0 0 0 0 0 0 1 69 0 0 0 0 0 10 1 0 0 0 0 55 23 0 0 0 0 0 8 0 0 0 0 0 0 0 0 2 0 0 0 0 0 3 0 0 12 0 0 0 0 0 0 0 0 0 0 0 0 0 12 0 0 0 24 48 14 16 13 0 24 60 17 8 73 19 0 24 9 4 23 0 25 0 0 0 0 0 0 3 0 0 0 0 0 31 11 0 0 0 0 52 12 0 0 0 0 0 0 0 0 0 0 0 0 0 12 0 0 0 0 0 0 0 0 17 0 0 46 0 0 0 0 0 0 0 1 3 0 2 0 0 0 4 0 0 0 0 0 30 0 0 0 0 0 0 0 0 0 0 0 0 0 0 20 0 0 28 10 0 0 0 0 
 3 3 3 4 3 3 3 3 3 5 3 3 3 3 5 4 3 3 3 4 81 100 112 0 412 116 94 277 335 91 183 166 106 218 116 75 236 147 119 67 0 34 1 0 3 0 0 0 0 1 3 0 63 3 0 0 3 0 0 61 2 0 0 0 0 2 0 0 0 41 0 5 2 0 2 0 0 0 0 0 16 0 0 2 0 0 0 0 0 0 0 0 2 0 0 0 0 0 0 0 14 13 52 0 14 2 0 0 29 15 31 22 0 0 0 8 9 33 0 0 6 0 0 0 0 1 0 0 0 0 0 0 0 1 0 0 0 0 10 17 0 1 1 0 0 11 0 0 0 0 0 0 0 0 2 0 0 0 0 0 0 0 0 0 0 0 0 0 4 3 0 0 0 0 0 0 0 0 0 0 0 41 7 0 11 0 8 12 11 27 29 13 0 6 4 10 16 22 0 0 0 0 0 0 0 0 0 0 1 0 0 0 30 13 0 0 0 0 27 0 0 0 0 0 0 0 0 0 0 0 0 0 0 2 0 0 0 1 0 0 0 0 0 0 0 0 0 0 0 0 0 0 0 0 2 0 1 2 79 0 16 0 0 0 0 0 0 0 0 0 0 0 0 0 0 0 0 0 0 15 0 0 0 0 0 0 10 0 0 0 
 0 0 0 0 0 0 0 1 0 3 0 1 0 0 0 0 0 0 0 0 235 31 296 412 0 136 131 73 89 146 299 81 79 283 105 175 185 119 44 66 0 0 1 0 3 0 2 6 0 9 3 62 63 3 0 26 3 0 63 0 0 0 0 0 0 2 0 0 0 47 0 4 2 0 2 0 0 0 0 0 0 0 0 0 0 0 0 0 0 0 0 0 0 0 0 0 0 0 0 0 0 16 26 13 0 5 0 1 10 10 11 19 0 0 15 37 21 24 0 0 18 0 0 0 0 1 10 0 0 2 1 11 0 20 0 1 0 0 9 21 0 0 0 0 2 4 0 0 0 0 0 0 0 0 0 2 0 0 0 0 0 0 0 0 0 0 0 0 0 0 0 0 0 0 0 0 0 0 0 0 0 0 23 24 7 12 1 0 1 1 8 15 2 0 18 18 25 13 0 0 31 17 0 0 0 10 15 24 0 0 0 0 8 37 0 0 0 0 1 0 0 0 0 0 0 0 0 2 0 2 0 0 0 11 11 0 0 0 0 0 0 0 1 0 0 0 0 0 0 0 0 0 0 0 1 2 0 1 10 14 2 0 0 0 0 0 1 0 0 0 0 0 0 0 0 0 0 0 0 0 0 9 0 0 0 11 0 0 0 0 
 0 0 0 0 0 0 0 0 0 0 0 2 1 0 0 0 1 0 145 0 96 102 277 116 136 0 60 106 63 146 103 199 22 152 355 147 202 138 43 69 30 0 6 0 5 0 5 66 0 1 3 0 1 66 2 0 3 0 78 18 0 7 0 0 3 7 2 0 4 1 0 3 2 0 2 4 0 0 18 0 0 0 0 0 0 0 1 0 0 0 0 0 0 0 12 0 0 0 0 0 23 0 1 0 26 12 0 0 24 0 13 0 0 18 9 6 15 12 0 0 9 1 6 10 0 0 17 19 0 0 0 0 4 59 19 0 0 0 13 27 0 0 0 0 1 0 0 0 0 2 0 0 0 0 0 1 0 0 0 0 5 0 0 0 0 0 0 0 2 3 0 0 0 0 0 0 0 2 0 0 0 0 24 13 19 49 0 18 0 2 1 0 0 13 0 1 0 11 0 0 27 14 0 0 0 0 0 8 19 12 11 0 13 10 38 14 0 8 13 16 0 0 0 0 0 0 0 0 0 0 0 0 5 19 1 0 13 0 0 0 0 0 0 0 0 0 0 0 0 0 0 0 0 0 4 0 7 6 0 2 11 2 0 2 0 0 0 0 0 0 0 0 0 0 0 0 0 0 0 0 0 14 0 0 0 9 0 0 0 0 
 6 0 0 0 34 0 0 0 77 72 0 286 2 0 0 74 2 64 0 0 146 448 217 94 131 60 0 83 492 55 248 49 244 314 127 45 118 114 47 137 0 0 1 0 3 0 0 4 0 0 3 0 0 4 5 0 70 0 0 0 0 0 0 0 2 2 0 0 0 1 0 7 2 27 2 0 0 0 0 0 0 0 11 16 9 1 0 0 0 0 3 0 0 0 0 1 0 0 0 0 1 11 22 0 0 8 17 21 9 11 50 9 26 8 24 0 7 7 32 30 0 2 0 0 0 0 0 0 0 0 3 1 0 0 0 0 0 0 2 0 0 0 0 0 0 0 0 0 0 0 0 0 0 0 9 0 0 0 0 0 0 0 0 17 2 0 0 0 0 5 10 0 0 0 0 0 0 0 2 0 27 36 15 0 0 0 15 21 30 10 0 12 1 0 28 18 20 0 0 10 0 0 0 0 0 0 0 0 0 0 0 0 0 0 0 0 0 0 0 0 0 0 0 0 0 0 0 0 0 0 0 0 0 0 0 0 0 0 0 0 0 0 0 0 0 0 0 0 0 0 0 0 0 0 0 0 3 0 0 2 0 2 0 0 0 0 11 0 0 0 0 0 0 0 0 0 0 0 0 0 0 0 0 0 0 0 0 0 0 0 
 3 83 4 3 4 76 3 3 3 3 153 4 3 3 76 5 3 3 3 3 235 97 75 277 73 106 83 0 157 122 358 102 142 261 68 255 83 33 211 139 0 0 0 0 3 0 0 0 0 0 3 0 0 3 0 0 5 0 62 16 0 5 0 3 0 3 0 0 0 0 0 3 3 0 2 0 0 0 0 0 0 0 0 1 0 53 12 0 0 0 0 0 0 0 0 0 0 0 0 0 11 14 15 0 19 0 12 13 8 19 0 14 3 36 0 48 19 32 27 13 67 0 0 0 0 0 0 15 0 0 0 0 0 30 0 0 0 0 0 17 0 9 5 0 0 0 0 0 0 0 0 0 0 0 0 0 0 0 0 0 0 0 0 0 36 22 0 0 4 35 9 15 0 0 1 0 0 0 1 0 44 2 8 0 13 0 8 7 8 1 9 0 0 24 28 42 21 20 0 18 0 0 0 0 0 0 0 0 12 0 0 0 2 0 0 10 0 0 30 0 0 0 1 0 0 0 0 0 0 0 0 2 0 0 0 6 0 0 0 0 0 0 0 0 0 0 74 0 0 0 0 0 0 0 4 0 0 1 0 2 18 1 0 0 0 0 0 0 0 0 0 0 0 0 0 0 0 0 0 0 0 0 0 0 0 0 14 0 0 0 
 3 3 4 3 79 81 3 3 3 3 10 3 3 3 3 3 3 5 5 3 34 145 241 335 89 63 492 157 0 137 146 114 265 523 344 497 161 111 157 133 0 0 1 0 3 0 0 0 0 8 3 0 62 3 0 207 7 0 0 62 0 0 0 0 0 2 0 51 0 0 0 5 2 0 2 0 0 0 0 0 0 0 0 0 0 0 0 0 3 1 0 0 10 0 0 0 0 1 0 0 9 19 12 38 0 1 1 0 18 9 56 44 16 0 30 41 1 11 8 6 0 0 0 0 0 0 7 0 2 10 0 0 16 0 0 0 0 0 7 0 0 2 0 0 3 0 0 0 0 0 0 10 0 4 0 0 0 0 0 0 6 0 0 0 9 0 1 0 1 0 0 0 0 0 0 0 0 5 2 0 18 25 13 52 9 0 28 0 1 70 22 14 29 0 3 7 15 23 0 17 0 0 0 0 0 0 0 0 0 7 0 0 33 15 0 0 0 0 22 1 9 0 4 2 0 0 0 0 1 0 0 0 0 0 0 0 0 0 0 0 0 0 22 0 0 0 0 0 0 0 0 0 0 0 6 0 2 0 1 2 4 0 0 0 0 0 0 0 0 0 0 0 0 0 0 0 0 1 0 0 0 0 0 0 0 0 0 0 0 0 
 3 0 0 0 6 2 0 0 0 3 2 0 0 0 0 0 0 0 0 0 39 44 75 91 146 146 55 122 137 0 132 234 268 232 172 211 212 73 75 98 63 0 1 0 3 0 0 93 0 2 3 0 7 3 0 0 2 0 23 65 0 9 0 5 4 5 0 0 0 2 0 3 2 0 2 0 0 0 0 0 0 0 0 0 8 0 0 0 0 0 0 0 0 0 0 0 0 0 0 0 0 16 9 2 39 16 6 6 8 20 25 19 0 19 23 1 8 33 8 0 11 0 0 0 0 0 1 36 0 0 0 0 12 50 48 9 0 0 9 0 0 0 0 0 0 0 0 0 0 0 0 0 13 0 0 0 0 0 0 0 0 0 0 3 0 0 0 0 0 0 0 0 0 0 0 0 0 0 1 0 11 0 25 1 26 14 18 23 14 13 58 8 4 0 0 12 0 36 0 0 2 0 0 0 0 0 2 0 18 0 0 0 52 0 13 1 0 1 79 25 0 0 21 0 0 0 0 0 0 0 0 0 0 13 0 0 0 0 0 0 0 0 0 0 0 0 0 0 0 0 0 0 0 0 0 0 0 129 76 3 0 11 0 0 0 0 0 0 0 0 0 0 0 0 0 0 0 0 0 0 0 13 0 0 0 10 13 0 0 0 
 6 2 0 0 0 0 0 0 0 3 0 1 0 0 0 2 0 0 0 0 31 46 116 183 299 103 248 358 146 132 0 131 88 93 243 278 254 566 234 350 0 0 1 0 3 0 6 0 52 2 3 0 80 3 0 0 4 0 0 126 0 0 0 0 0 2 0 0 0 26 0 3 2 0 2 0 0 0 0 0 0 0 0 0 0 0 11 0 0 0 0 0 0 0 0 0 0 0 0 0 1 14 19 11 17 6 0 0 38 22 33 32 0 0 0 20 16 31 0 1 12 0 0 0 0 0 18 10 0 0 0 0 23 0 0 0 0 0 27 0 0 0 0 0 0 3 0 0 0 0 0 0 0 0 0 0 0 0 0 0 6 0 0 0 0 0 1 0 0 0 1 0 0 0 0 0 0 39 0 0 0 0 14 21 30 0 3 0 0 25 62 13 0 0 0 13 15 35 0 0 0 0 0 0 0 0 14 0 1 0 0 0 77 27 0 0 0 1 25 1 0 0 1 0 0 0 0 0 0 0 0 2 0 13 0 0 0 0 0 0 0 0 0 0 0 0 0 0 0 0 0 0 0 0 3 0 5 0 82 0 0 1 2 0 0 0 0 0 0 0 0 0 0 0 0 0 0 0 0 0 0 0 0 0 0 9 10 0 0 0 
 0 0 2 0 0 0 0 0 0 0 0 0 0 0 0 0 0 0 0 0 127 112 129 166 81 199 49 102 114 234 131 0 34 305 136 69 294 91 32 45 63 0 0 0 3 0 62 176 0 25 3 0 67 3 0 0 2 0 15 1 0 1 0 0 0 3 0 0 0 47 0 3 2 23 56 0 0 0 0 0 0 0 0 0 0 0 0 14 0 0 0 0 0 0 15 0 1 0 0 0 16 0 20 0 40 24 0 0 25 3 18 45 0 0 0 6 26 38 0 0 11 0 11 1 0 0 1 17 0 0 0 0 24 47 13 4 2 2 54 24 0 0 0 0 0 0 0 0 0 0 0 0 0 0 0 0 0 0 0 0 75 0 0 0 0 0 0 0 47 3 0 0 0 0 0 2 0 2 0 0 0 0 25 3 11 6 6 0 0 2 31 0 0 15 0 0 59 32 0 0 6 0 0 0 0 0 0 2 1 0 0 0 80 4 10 1 0 1 55 10 0 0 0 0 0 0 0 0 0 0 0 0 0 13 0 0 0 0 0 0 0 0 1 0 0 0 0 0 0 0 0 0 0 0 1 0 0 85 77 0 14 9 0 0 0 0 0 0 0 0 0 0 0 0 0 0 0 0 0 0 0 14 0 0 0 1 0 0 0 0 
 0 0 1 73 301 216 29 0 0 75 13 208 0 0 0 0 81 95 0 0 64 169 55 106 79 22 244 142 265 268 88 34 0 158 45 19 35 80 494 239 0 0 0 3 3 0 2 1 3 0 3 2 3 3 2 0 6 0 3 0 0 1 0 0 3 8 0 0 0 0 5 55 3 0 7 5 3 0 5 0 0 0 0 0 12 24 0 0 0 14 0 10 0 0 0 0 0 0 0 1 31 0 0 17 0 0 14 35 9 21 9 20 43 24 10 25 20 0 9 10 0 0 0 0 0 0 0 0 0 0 0 0 0 0 0 0 0 0 0 0 0 11 0 0 0 0 0 0 2 12 0 0 0 0 0 0 0 0 0 1 0 2 1 20 34 14 0 0 0 0 0 22 0 0 13 0 0 0 3 0 29 17 11 9 0 0 18 47 10 0 0 0 26 33 33 17 12 1 30 14 0 0 0 0 0 0 0 0 0 0 0 0 0 0 0 0 0 0 9 0 2 0 0 0 0 0 0 0 0 0 0 0 0 0 0 0 0 0 0 0 0 0 0 0 0 0 1 0 0 0 0 0 0 0 11 0 0 0 0 2 2 0 0 0 0 0 0 0 0 0 0 0 0 0 0 0 1 0 0 0 0 0 0 1 0 0 0 0 0 0 
 0 0 0 106 0 81 19 0 0 74 36 80 0 0 0 0 0 0 0 0 106 215 55 218 283 152 314 261 523 232 93 305 158 0 247 100 115 62 199 145 0 0 1 0 3 0 0 0 0 0 3 0 0 8 0 2 4 85 0 0 0 0 0 0 0 2 0 0 0 1 0 3 2 0 2 0 0 0 0 12 0 0 0 0 12 16 0 0 0 0 0 0 0 0 0 0 0 0 0 1 34 22 21 16 8 0 5 22 11 27 39 1 19 53 31 10 20 15 63 18 0 0 0 0 0 0 0 0 0 0 0 0 0 0 0 0 0 0 0 12 0 0 0 0 0 0 0 0 1 0 0 0 17 0 0 0 0 0 0 0 4 0 0 0 0 0 0 0 3 4 0 1 0 0 0 0 0 5 0 0 5 28 14 27 20 16 49 11 30 11 12 1 7 13 2 0 0 37 74 19 0 0 0 0 0 0 0 0 0 0 0 0 14 2 0 0 0 0 13 0 2 0 0 0 0 0 0 0 13 0 0 0 0 0 0 0 0 0 0 0 0 0 0 0 0 0 36 0 0 0 0 0 0 0 3 0 0 0 40 0 18 4 0 0 0 0 0 0 0 0 0 0 0 0 0 0 1 0 0 0 0 0 0 0 0 0 0 0 0 0 
 2 2 0 0 0 6 0 0 74 2 0 0 0 0 1 0 76 36 0 2 44 144 503 116 105 355 127 68 344 172 243 136 45 247 0 331 242 96 211 446 0 0 1 0 3 0 0 0 0 1 3 70 0 3 0 0 3 0 0 0 0 0 0 0 0 2 0 0 0 1 0 64 2 0 2 0 0 1 0 0 0 0 0 0 0 0 0 0 0 0 0 0 0 0 0 0 0 0 0 0 0 49 0 44 18 13 2 27 18 50 30 34 0 12 31 35 12 50 1 0 0 0 0 0 0 0 35 0 0 0 0 0 0 0 0 1 0 0 18 14 0 0 2 0 0 18 0 0 0 0 0 0 0 1 0 0 0 0 0 0 6 0 0 0 0 0 0 0 0 3 0 0 0 0 0 0 0 19 0 0 0 0 43 49 25 12 9 17 12 18 33 0 13 0 19 0 2 11 0 16 0 0 17 0 0 0 19 0 0 0 0 18 62 9 0 0 0 0 24 9 0 0 0 0 0 0 0 0 0 0 0 0 0 0 0 0 0 0 0 0 0 0 0 0 0 0 0 0 0 0 0 0 0 0 1 0 2 1 76 1 21 0 0 0 0 0 12 0 0 0 0 0 0 0 0 0 0 0 0 0 0 0 0 1 0 0 0 0 0 0 
 0 5 0 0 2 0 0 4 0 0 0 0 0 0 0 2 0 0 0 2 86 102 531 75 175 147 45 255 497 211 278 69 19 100 331 0 330 41 23 123 64 0 2 0 3 0 63 0 1 13 3 0 88 3 206 0 4 0 1 22 0 0 0 0 0 2 0 0 0 46 0 6 2 0 2 0 1 0 0 0 0 0 0 0 0 0 0 0 0 0 0 0 0 0 0 28 0 0 0 0 0 13 19 14 7 27 0 8 5 3 30 53 0 0 14 19 13 22 0 0 0 0 0 0 0 0 10 17 0 0 0 0 15 0 0 0 0 0 19 0 0 0 0 0 0 3 0 0 0 0 1 0 0 12 0 0 0 0 0 0 2 0 13 2 0 0 0 0 1 18 0 0 0 1 2 0 0 0 0 0 0 0 14 20 0 0 5 0 1 43 49 0 1 0 0 0 21 8 0 1 12 0 0 0 0 0 12 0 0 1 0 0 44 12 0 0 0 1 17 9 0 0 1 0 0 0 0 0 0 0 0 0 0 11 0 0 0 0 0 0 0 0 1 0 0 0 0 0 0 0 0 0 0 0 7 1 2 2 79 3 4 0 1 0 0 0 7 0 0 0 0 0 0 0 0 0 0 0 0 0 0 0 0 0 0 2 0 0 0 0 
 0 0 0 0 0 1 0 0 0 0 0 0 0 0 0 0 5 0 0 1 69 148 123 236 185 202 118 83 161 212 254 294 35 115 242 330 0 57 148 84 0 0 1 0 3 0 0 0 0 8 9 0 50 3 0 0 2 0 0 206 6 0 0 0 2 7 0 0 0 55 0 10 2 0 2 0 0 0 0 5 0 0 0 0 0 0 0 0 0 0 0 0 0 0 0 0 0 0 0 0 15 48 21 8 23 22 0 15 14 30 0 62 0 0 25 57 21 12 0 0 0 0 0 0 0 0 2 11 0 0 0 0 12 0 0 0 0 0 1 12 0 0 0 0 0 9 0 0 0 0 0 0 0 0 0 0 0 0 0 0 0 0 0 0 0 0 0 0 4 3 0 0 0 0 0 0 0 0 0 0 0 0 43 0 0 0 14 0 0 29 12 0 22 6 0 0 1 29 14 14 0 0 0 0 0 13 20 11 0 0 0 0 39 29 0 0 0 0 56 2 0 0 0 0 0 0 0 2 0 1 0 0 0 19 0 0 0 0 0 0 0 0 27 0 0 0 0 0 0 0 0 0 0 0 9 0 0 0 1 2 13 1 0 0 0 0 63 0 0 0 0 2 0 0 0 0 0 0 0 2 0 0 0 0 0 9 0 0 0 3 
 10 2 0 0 0 2 0 2 0 2 1 0 6 0 0 0 0 0 0 5 116 98 55 147 119 138 114 33 111 73 566 91 80 62 96 41 57 0 101 35 0 0 3 0 3 2 9 0 4 0 3 0 2 3 0 0 3 0 0 0 2 0 0 0 0 2 0 0 0 3 0 4 2 0 2 2 0 0 0 0 0 0 0 0 11 0 0 0 2 0 0 0 0 0 0 0 0 0 0 0 0 20 24 17 0 9 15 69 19 21 63 1 0 31 24 2 48 34 4 0 27 0 0 0 0 0 12 0 0 0 0 0 12 0 0 0 0 0 0 0 0 0 0 0 0 0 0 0 0 0 0 0 0 0 0 0 0 0 0 0 0 0 0 6 0 1 0 2 0 7 0 0 0 0 0 0 0 0 3 0 4 11 0 14 23 23 0 24 48 0 0 49 0 2 1 33 53 11 11 0 11 0 0 0 0 0 0 1 0 0 0 0 11 8 0 0 0 2 0 7 0 0 0 0 0 0 0 0 0 0 0 0 2 0 20 0 0 0 0 1 0 0 0 0 0 0 0 0 0 0 0 0 0 0 5 0 1 4 1 0 3 0 0 0 0 0 0 0 0 2 0 0 0 0 0 0 0 0 0 0 0 13 0 0 0 1 0 0 0 0 
 0 2 0 143 3 159 0 2 18 72 21 1 2 0 0 2 62 0 0 0 201 214 363 119 44 43 47 211 157 75 234 32 494 199 211 23 148 101 0 338 0 0 1 0 3 0 0 0 0 0 3 0 0 3 0 0 5 0 0 0 0 0 0 0 0 2 0 0 0 1 0 7 2 0 2 0 0 0 0 0 0 0 6 0 0 17 2 0 0 0 0 0 0 0 0 1 24 0 0 0 37 10 20 63 0 0 12 33 6 36 0 38 12 8 0 14 27 0 23 36 0 2 0 0 0 6 0 0 0 0 0 0 0 0 0 0 0 0 2 0 0 0 4 0 0 0 0 0 0 0 0 0 0 0 0 0 0 0 0 0 0 1 0 0 0 0 0 0 0 0 0 26 0 0 4 0 0 0 0 0 10 14 3 24 20 0 0 1 10 9 0 0 61 0 45 18 0 10 0 54 0 0 0 0 0 0 0 0 0 0 0 0 0 0 0 0 0 0 0 0 0 0 0 0 0 0 0 0 0 0 0 0 11 0 0 0 0 0 0 0 0 0 0 0 0 0 23 0 0 17 0 0 0 0 3 0 1 0 1 4 1 0 0 0 0 0 2 0 0 0 0 0 0 0 0 0 7 0 0 0 0 0 0 0 0 0 0 0 0 0 
 3 3 3 95 78 162 3 3 22 210 9 3 3 3 3 3 114 77 3 3 110 205 39 67 66 69 137 139 133 98 350 45 239 145 446 123 84 35 338 0 0 0 0 0 3 0 0 0 0 0 3 0 0 3 0 0 3 0 0 0 0 0 0 3 0 3 0 0 0 0 0 13 5 0 2 0 3 0 2 0 2 18 6 0 12 7 0 0 0 11 0 14 0 12 0 0 9 0 0 0 35 4 13 19 0 18 0 28 9 9 38 14 0 47 11 32 11 0 0 12 0 0 0 0 0 0 7 0 0 0 0 0 0 0 0 0 0 0 0 0 0 0 0 0 0 0 0 0 0 0 15 0 0 0 0 0 0 0 0 0 0 0 0 20 20 0 0 0 0 0 1 17 0 0 15 0 0 0 0 0 5 0 10 1 11 34 18 15 3 3 7 0 26 12 24 2 12 0 0 31 0 0 0 0 0 0 0 0 0 0 0 0 0 0 0 0 0 0 0 0 0 0 0 0 0 0 0 0 0 0 0 0 0 0 0 0 0 0 0 0 0 0 0 0 0 0 1 0 0 17 0 0 0 0 11 0 1 0 2 2 1 2 0 0 0 0 20 0 0 0 0 0 0 0 0 0 7 0 0 0 0 0 0 0 1 1 0 0 0 0 
 6 86 0 0 0 0 0 2 0 0 0 0 0 0 0 63 0 0 0 0 0 5 0 0 0 30 0 0 0 63 0 63 0 0 0 64 0 0 0 0 0 177 118 49 28 27 111 116 52 101 119 31 141 111 175 104 250 134 112 99 55 12 0 0 0 0 2 0 0 4 0 2 32 0 0 0 0 0 0 0 0 0 0 0 0 0 0 0 0 0 0 0 0 0 0 0 0 0 0 0 0 0 0 0 21 9 0 1 1 0 0 0 0 0 0 0 0 0 0 0 21 18 24 0 0 3 14 37 0 9 31 40 13 16 36 14 8 31 4 1 0 0 0 0 0 0 3 8 0 0 0 0 0 0 0 0 0 0 25 0 1 0 0 0 0 0 2 0 0 0 0 0 0 0 0 0 0 0 0 0 0 0 0 0 0 20 0 0 0 10 0 0 2 0 0 0 0 9 0 0 0 0 5 34 24 17 9 31 41 11 35 27 1 10 19 51 5 0 1 0 0 0 0 0 0 0 12 0 0 0 0 0 0 0 0 0 0 0 5 0 0 0 0 0 0 0 0 0 0 0 0 8 0 0 0 0 0 20 62 0 0 0 71 0 2 2 2 0 0 0 0 0 0 0 0 0 0 0 0 0 0 0 0 0 0 0 0 0 0 0 
 0 0 0 0 0 60 0 0 0 0 0 0 0 0 0 0 0 0 0 0 0 0 0 34 0 0 0 0 0 0 0 0 0 0 0 0 0 0 0 0 177 0 385 130 149 248 74 90 43 329 103 132 68 135 361 187 245 293 67 61 0 0 3 0 0 0 56 52 0 8 0 0 0 0 1 3 3 0 51 0 0 0 0 0 0 0 0 0 0 0 0 0 0 0 0 0 0 0 0 0 0 0 0 2 0 0 0 0 0 0 0 0 0 0 0 0 0 0 0 0 0 87 14 0 8 20 0 0 22 12 7 36 0 0 22 16 37 43 0 0 0 0 0 0 0 15 64 11 9 0 0 0 0 0 22 0 0 0 31 6 0 0 0 0 0 0 0 0 0 0 0 0 0 0 0 3 8 0 0 0 0 0 0 0 15 0 0 0 0 0 0 0 0 0 0 0 0 0 0 0 0 28 38 32 21 3 19 6 18 0 0 13 0 33 0 3 10 28 0 0 1 0 0 0 0 0 0 0 0 0 5 0 0 0 0 19 0 0 27 10 0 0 0 0 0 0 0 0 0 0 0 9 0 0 0 0 0 0 0 0 0 0 64 0 0 2 1 0 0 0 0 0 0 0 0 0 0 0 0 0 0 0 0 0 0 0 0 19 0 0 
 3 3 3 3 3 3 3 3 3 3 3 3 5 3 68 3 3 3 3 3 0 0 0 1 1 6 1 0 1 1 1 0 0 1 1 2 1 3 1 0 118 385 0 95 49 50 172 393 495 189 401 44 108 150 201 123 78 163 80 34 53 0 0 0 1 206 0 0 0 1 0 0 0 0 0 0 0 0 0 0 0 0 0 0 0 0 0 0 0 0 0 0 0 0 0 0 0 0 0 0 0 0 0 0 7 4 0 0 0 0 0 0 0 0 0 0 0 0 0 0 19 1 23 17 0 14 30 53 12 9 29 19 37 4 0 39 20 24 1 14 0 0 0 0 0 0 1 1 0 0 0 0 0 16 0 3 0 0 10 0 0 0 0 0 0 0 0 0 0 0 0 0 0 0 0 0 0 0 0 0 0 0 0 5 0 25 0 0 0 0 0 0 0 0 0 0 0 9 0 0 10 7 2 1 19 9 0 17 3 31 11 10 0 0 16 29 17 7 0 8 0 0 0 0 0 0 0 0 0 0 0 0 0 0 10 0 0 0 1 1 0 0 0 0 0 0 0 0 0 0 0 4 0 2 0 0 0 1 0 2 0 0 66 28 0 41 0 0 2 0 0 0 0 0 0 0 0 0 0 0 0 0 0 0 9 0 0 0 0 0 
 63 0 0 0 0 0 0 0 0 0 0 0 0 0 0 0 0 0 0 0 2 0 0 0 0 0 0 0 0 0 0 0 3 0 0 0 0 0 0 0 49 130 95 0 203 107 354 89 74 403 70 68 92 119 84 54 49 187 301 221 5 4 0 0 0 1 0 5 0 0 0 0 0 0 5 13 0 0 0 2 0 0 0 0 0 6 0 0 0 0 0 0 0 0 0 0 0 0 0 0 0 0 0 0 0 0 0 0 0 0 0 0 1 0 0 0 0 0 0 0 0 13 8 10 0 0 0 11 14 38 0 8 0 0 68 14 10 13 0 0 26 8 0 1 0 1 21 0 0 15 5 0 10 0 23 1 0 0 0 7 0 0 0 0 0 0 0 0 0 0 0 0 0 0 0 5 0 0 0 0 0 0 0 0 0 0 0 0 0 0 0 0 0 0 0 0 0 0 0 0 0 0 35 8 0 23 10 4 18 0 0 10 0 0 0 0 14 14 0 0 5 17 8 6 6 10 0 3 0 0 0 4 11 8 0 6 0 6 37 7 0 0 8 0 0 0 0 0 0 0 0 10 0 0 0 0 0 0 0 8 0 0 0 0 73 0 3 0 0 0 54 0 0 0 0 0 0 0 0 0 0 0 0 0 0 15 0 0 2 0 
 0 0 0 0 0 0 0 0 0 0 0 0 0 0 0 0 0 0 0 0 3 3 64 3 3 5 3 3 3 3 3 3 3 3 3 3 3 3 3 3 28 149 49 203 0 62 37 57 282 211 185 60 89 63 101 73 244 192 256 509 4 0 0 0 1 0 1 8 0 3 0 0 0 21 57 10 0 13 0 66 0 0 0 0 0 0 0 0 0 0 0 0 0 0 0 0 0 0 0 0 0 0 0 0 1 4 0 0 0 0 0 0 0 0 0 0 0 0 0 0 0 20 25 3 0 1 0 9 8 11 8 5 0 0 21 0 8 20 0 0 33 12 0 0 0 0 6 7 0 0 0 0 9 0 0 57 0 0 10 11 0 0 0 0 0 0 0 0 0 0 0 0 0 0 0 0 15 0 0 0 0 0 0 0 0 0 0 0 0 0 0 0 0 0 0 0 0 0 0 0 10 0 18 22 12 29 4 0 24 0 12 0 0 0 0 7 2 3 0 18 0 6 6 0 0 0 1 9 3 10 0 0 7 12 33 0 0 0 38 15 0 0 16 0 0 64 0 0 0 0 0 12 0 0 0 2 0 0 0 1 0 0 71 64 41 1 5 4 0 0 0 0 0 0 0 0 0 0 0 0 0 0 0 0 0 0 0 0 2 0 
 0 0 0 0 0 0 0 0 0 0 0 0 2 0 0 0 0 0 30 21 0 0 0 0 0 0 0 0 0 0 0 0 0 0 0 0 0 2 0 0 27 248 50 107 62 0 26 33 65 78 179 215 284 63 66 142 128 53 93 450 3 3 5 0 7 2 8 0 0 2 0 1 0 0 0 2 4 0 0 52 0 0 0 0 0 0 0 0 0 0 0 0 0 0 0 0 0 0 6 0 0 0 0 0 0 0 0 0 0 0 0 0 0 0 0 0 0 0 0 0 0 28 1 0 2 27 0 1 21 36 0 5 0 0 12 14 0 14 0 0 0 5 0 0 0 0 65 0 0 0 0 0 0 2 4 7 0 0 22 16 0 0 0 0 0 0 0 0 0 0 0 0 0 0 0 2 0 0 0 0 0 0 0 0 0 19 0 0 0 0 0 0 0 0 0 0 0 8 0 0 0 19 29 11 0 36 26 10 20 0 0 11 0 0 3 0 51 11 0 0 7 0 0 0 0 0 0 0 2 0 2 0 10 0 8 10 0 0 16 14 0 0 0 0 0 0 0 0 0 0 0 6 0 0 0 0 0 0 0 0 0 0 0 1 0 0 2 0 0 0 0 0 0 0 1 0 1 0 0 0 0 0 0 0 38 6 0 18 0 0 
 0 0 0 0 0 0 0 2 0 0 0 0 0 0 0 0 0 0 0 0 2 0 6 0 2 5 0 0 0 0 6 62 2 0 0 63 0 9 0 0 111 74 172 354 37 26 0 526 126 69 55 29 385 201 120 116 32 35 584 394 58 0 2 0 3 0 6 0 0 52 4 0 0 0 0 0 2 0 47 0 0 0 0 0 0 0 0 0 0 0 16 0 0 0 0 0 0 0 0 0 0 0 0 0 0 13 0 0 0 0 0 0 0 0 0 0 0 0 0 0 67 10 19 13 0 0 26 10 11 13 0 0 47 15 1 19 0 43 10 64 2 0 0 0 0 0 0 0 0 7 0 0 0 0 0 0 0 0 0 0 0 0 0 0 0 0 2 0 0 7 0 0 21 0 0 0 0 0 0 0 0 0 0 1 20 18 0 0 0 14 0 19 0 0 0 22 0 32 0 0 9 11 0 0 1 0 11 19 0 35 3 0 0 18 25 0 0 0 0 14 0 0 0 0 0 0 0 0 0 0 0 0 0 0 0 0 0 0 0 0 0 0 0 0 0 0 0 0 0 31 0 8 0 36 0 0 0 65 68 2 0 0 0 0 0 4 0 0 0 0 12 0 0 0 0 0 0 0 0 0 0 6 0 0 0 0 0 0 0 0 
 0 63 0 0 0 0 0 0 5 3 0 7 0 0 0 0 0 10 0 0 0 0 0 0 6 66 4 0 0 93 0 176 1 0 0 0 0 0 0 0 116 90 393 89 57 33 526 0 63 81 41 30 255 76 97 46 35 40 241 108 1 0 0 1 2 0 0 0 0 1 0 2 1 2 0 0 67 0 0 0 0 0 4 6 0 0 0 0 0 0 0 0 0 0 0 0 0 0 0 0 1 0 0 0 2 27 0 4 0 0 0 0 6 6 0 0 0 0 0 9 16 20 11 0 0 0 10 9 0 9 0 0 12 121 0 8 0 2 10 31 0 0 0 0 0 0 0 0 0 0 0 0 0 0 0 0 0 0 19 0 0 0 0 0 5 0 7 0 0 0 9 0 0 0 0 0 0 0 0 0 4 7 17 0 9 27 0 9 7 12 0 6 0 7 0 0 0 1 0 0 21 0 0 21 0 0 13 8 0 12 8 0 9 0 39 0 0 18 11 40 0 0 0 0 0 0 0 0 0 0 0 0 0 0 0 0 0 0 0 0 0 0 0 0 0 0 0 0 0 30 0 3 0 2 2 0 0 124 28 20 2 9 0 0 0 2 0 0 0 0 0 0 0 0 0 0 0 0 0 15 0 12 0 0 0 0 0 0 0 0 
 0 0 0 0 0 0 0 0 0 0 0 0 3 0 0 0 0 0 0 0 0 0 0 0 0 0 0 0 0 0 52 0 3 0 0 1 0 4 0 0 52 43 495 74 282 65 126 63 0 400 53 132 94 748 196 134 50 98 79 77 53 0 0 0 0 0 0 0 0 1 0 0 0 0 0 7 0 5 0 0 0 0 0 0 0 0 0 0 0 0 0 0 0 0 0 0 0 0 0 0 0 0 0 0 0 0 0 0 0 0 0 0 0 0 0 0 0 0 0 0 59 0 17 13 0 9 16 0 3 10 28 41 2 0 21 31 1 37 1 0 24 8 0 0 0 0 0 0 0 5 0 0 13 0 0 1 0 0 3 0 0 0 0 0 0 0 0 0 0 0 0 0 0 0 0 0 0 0 0 0 0 0 0 0 0 0 0 0 0 0 0 0 0 0 0 0 0 0 0 10 17 13 0 0 28 0 0 16 0 42 35 0 0 3 1 38 1 0 0 1 4 0 0 0 0 0 0 0 0 0 0 0 10 0 0 1 0 0 0 13 0 0 8 0 0 0 0 0 0 0 0 6 0 1 0 0 0 0 0 2 0 0 0 0 0 23 0 1 0 0 20 0 0 0 0 0 0 0 0 0 0 0 0 0 0 0 0 0 0 0 
 0 0 0 0 0 0 0 0 0 0 0 0 0 0 0 0 0 0 0 0 0 0 3 1 9 1 0 0 8 2 2 25 0 0 1 13 8 0 0 0 101 329 189 403 211 78 69 81 400 0 110 116 111 398 465 228 85 380 99 159 0 0 0 2 0 0 57 0 1 52 0 11 2 25 0 0 4 0 34 0 0 0 0 0 0 0 0 0 0 0 0 0 0 0 0 0 0 0 0 0 0 3 0 5 1 0 0 0 0 0 0 0 0 0 9 0 0 0 0 0 19 20 11 44 0 10 1 0 54 12 44 9 0 0 20 53 16 0 0 5 4 0 0 0 0 0 17 5 0 0 0 0 0 0 0 0 0 0 1 0 0 0 0 0 0 0 0 0 0 0 0 0 0 0 0 0 0 0 0 0 0 0 0 0 0 0 4 0 7 34 0 2 0 0 0 5 0 1 0 0 36 22 33 28 6 0 21 29 9 29 0 0 5 9 3 12 13 40 4 5 0 0 0 0 0 17 0 0 0 0 0 0 0 0 0 1 0 0 19 0 0 0 10 0 0 0 0 0 0 0 0 2 0 1 0 0 0 0 0 0 0 0 2 0 100 25 2 0 2 0 18 0 0 0 0 0 0 0 0 0 0 1 0 0 0 0 0 0 0 0 
 0 1 0 0 1 0 0 1 0 0 0 63 0 0 1 0 2 0 63 0 3 4 3 3 3 3 3 3 3 3 3 3 3 3 3 3 9 3 3 3 119 103 401 70 185 179 55 41 53 110 0 198 35 127 145 57 74 116 44 98 0 0 0 0 23 6 213 0 0 4 0 0 0 0 0 0 0 6 0 0 0 0 0 0 8 0 0 0 0 0 0 0 0 0 0 0 0 0 0 0 0 0 0 0 4 0 0 0 0 0 0 0 0 0 0 0 0 0 0 0 38 16 11 7 25 33 0 2 18 0 13 12 0 0 22 14 15 12 0 0 0 0 0 0 0 0 18 24 0 0 0 0 0 0 18 22 0 0 19 0 0 9 0 0 0 0 0 0 0 0 0 0 0 0 0 0 0 0 0 0 0 0 0 0 0 0 0 0 0 0 0 0 0 0 0 0 0 0 0 0 0 20 30 11 32 17 5 0 26 52 0 13 15 0 9 8 2 9 0 39 0 0 0 0 0 0 0 0 7 0 0 0 20 7 0 0 0 0 10 0 0 0 0 0 0 0 0 0 0 0 0 3 0 0 0 0 0 0 0 7 0 0 2 0 1 23 4 40 1 0 0 0 0 0 0 0 0 0 0 0 0 0 0 0 0 19 0 8 2 1 
 0 0 0 0 0 0 0 0 0 3 0 0 0 0 0 0 62 0 0 0 0 0 0 0 62 0 0 0 0 0 0 0 2 0 70 0 0 0 0 0 31 132 44 68 60 215 29 30 132 116 198 0 40 36 278 44 53 182 62 27 0 0 0 0 52 0 0 2 0 0 0 0 1 6 0 0 0 15 3 57 0 0 0 0 0 0 0 0 0 0 0 0 0 0 0 0 0 0 0 0 0 0 0 0 0 0 0 0 0 0 0 0 0 0 0 0 0 0 0 0 5 0 7 16 35 57 0 0 10 0 10 1 0 0 0 10 8 0 0 0 0 2 0 0 0 1 35 24 0 0 0 8 0 0 13 39 5 5 37 4 0 0 0 0 0 13 0 0 0 0 0 0 0 0 0 0 0 0 0 0 0 0 0 0 0 0 0 0 0 0 0 0 0 0 0 19 0 0 0 0 0 4 1 0 15 21 0 0 3 7 0 36 0 0 16 10 41 0 0 0 0 0 0 0 0 0 0 0 0 0 0 0 8 1 0 0 8 1 1 5 0 0 0 0 0 0 0 0 0 0 0 8 0 0 0 0 0 0 0 3 0 0 6 0 2 8 1 34 0 2 12 0 0 0 0 0 0 0 0 0 0 0 1 0 24 0 0 24 2 0 
 2 2 2 2 2 2 2 2 2 2 2 2 4 2 2 2 2 2 2 2 0 0 65 63 63 1 0 0 62 7 80 67 3 0 0 88 50 2 0 0 141 68 108 92 89 284 385 255 94 111 35 40 0 91 383 59 31 30 133 106 9 5 4 0 0 0 0 7 0 24 0 3 0 0 5 1 67 0 0 0 0 0 0 0 0 0 0 3 0 0 0 0 0 0 0 0 0 0 0 0 0 0 5 16 0 23 0 0 9 0 0 14 0 0 0 0 10 1 0 0 0 9 11 7 0 0 15 15 5 22 8 0 9 0 33 0 0 0 26 11 4 0 10 0 0 0 2 0 0 9 8 0 0 0 0 0 0 0 0 0 2 0 0 0 0 0 0 0 0 0 0 0 0 0 0 0 0 0 0 0 0 0 25 34 0 1 0 0 0 23 60 0 0 0 0 0 18 28 0 0 11 0 1 0 0 0 10 3 0 7 0 0 13 51 0 0 16 1 0 21 0 0 0 3 12 0 0 4 1 1 0 0 0 11 0 0 0 0 1 0 0 0 0 0 0 0 0 0 0 18 0 6 0 0 0 0 0 0 0 2 0 0 0 0 0 0 2 0 2 0 21 0 0 0 0 0 0 0 0 9 0 0 0 0 0 9 0 0 0 0 
 4 0 5 0 3 0 3 5 2 0 0 0 0 4 4 2 6 0 0 0 3 3 3 3 3 66 4 3 3 3 3 3 3 8 3 3 3 3 3 3 111 135 150 119 63 63 201 76 748 398 127 36 91 0 395 50 363 106 177 192 21 0 37 0 0 0 4 0 0 1 0 0 0 0 0 0 14 0 0 0 0 0 2 0 27 0 0 6 0 0 9 0 0 0 5 0 0 8 0 0 0 0 0 0 1 0 2 0 0 0 0 1 0 0 0 0 0 0 5 0 44 0 6 27 0 12 23 0 19 26 16 18 9 14 0 24 10 20 9 0 0 0 0 0 0 0 11 0 0 6 0 0 7 0 0 0 0 0 11 0 0 0 12 1 0 14 0 0 0 0 0 0 0 0 0 0 0 0 0 0 0 0 0 0 0 21 0 0 0 0 0 0 0 0 0 0 0 0 6 2 24 9 2 9 3 0 9 11 0 21 23 0 1 4 23 31 9 20 2 2 0 0 0 9 0 0 0 0 0 0 0 0 0 0 0 0 0 0 0 1 0 0 0 0 0 0 5 0 0 0 0 18 0 0 0 0 0 0 0 2 0 0 0 0 0 12 1 0 0 0 0 0 0 10 0 0 0 0 0 0 0 0 0 0 0 0 0 0 0 0 
 6 2 0 0 0 0 0 2 6 2 0 3 0 0 0 11 0 3 0 0 0 1 0 0 0 2 5 0 0 0 0 0 2 0 0 206 0 0 0 0 175 361 201 84 101 66 120 97 196 465 145 278 383 395 0 164 166 101 120 194 4 0 3 0 0 2 1 4 3 0 6 0 0 1 0 1 3 3 0 2 0 0 7 3 0 0 0 0 0 0 0 0 0 0 0 0 0 0 0 0 0 0 0 0 1 18 9 1 0 0 0 1 22 1 0 0 0 0 0 4 0 23 1 8 0 1 33 18 0 11 27 15 20 22 0 0 7 13 1 1 0 0 0 0 0 0 0 0 0 0 0 0 0 0 0 7 0 0 0 0 0 0 0 3 1 0 4 0 0 0 7 0 0 0 0 0 0 0 0 0 1 19 9 0 0 0 0 7 2 0 0 0 0 2 0 0 0 0 0 4 27 0 6 1 16 18 46 0 0 19 14 10 0 9 0 25 51 11 0 32 0 0 9 0 0 0 21 0 0 0 0 0 0 0 0 0 0 0 0 0 0 0 0 0 0 0 0 0 0 32 0 11 0 2 0 0 0 1 21 20 0 0 93 0 2 4 0 0 0 0 0 0 0 0 2 0 0 0 0 0 0 0 0 0 36 0 0 0 0 0 
 2 2 2 2 2 2 2 2 2 2 2 2 2 3 2 2 2 2 2 2 0 0 0 0 26 0 0 0 207 0 0 0 0 2 0 0 0 0 0 0 104 187 123 54 73 142 116 46 134 228 57 44 59 50 164 0 185 97 105 77 4 5 0 0 0 0 8 0 0 3 0 2 0 0 0 0 4 0 0 0 0 0 0 0 0 0 0 0 0 0 0 0 38 0 0 0 0 0 0 0 0 0 0 0 1 0 0 0 0 0 0 0 0 23 0 0 0 0 0 0 2 5 0 22 0 1 16 1 20 22 29 19 8 19 23 3 10 3 0 0 4 0 0 0 0 0 15 0 13 6 0 0 0 0 0 0 0 0 0 0 0 0 0 14 0 0 0 0 0 0 0 0 0 0 0 0 0 0 0 0 0 0 0 0 0 13 0 0 0 0 0 0 0 0 0 0 0 0 0 0 54 34 8 25 2 0 11 30 0 25 18 0 0 13 0 20 7 12 0 21 0 0 0 0 0 0 0 0 0 0 0 0 0 0 0 0 0 0 1 0 0 0 0 0 0 59 0 0 0 0 0 4 0 0 0 0 0 0 1 15 0 0 0 0 1 0 2 0 1 0 21 0 0 0 0 0 0 0 0 0 0 0 0 0 0 0 0 0 2 0 
 8 0 1 2 69 1 0 67 39 4 7 5 2 2 0 32 1 89 1 2 6 4 3 3 3 3 70 5 7 2 4 2 6 4 3 4 2 3 5 3 250 245 78 49 244 128 32 35 50 85 74 53 31 363 166 185 0 90 29 28 50 0 0 0 0 0 29 0 0 1 0 0 23 0 0 0 3 0 28 0 0 0 6 1 0 0 0 9 0 0 16 0 0 0 1 0 21 0 0 0 0 0 0 0 0 0 3 0 0 0 0 0 20 1 0 0 0 0 0 17 19 3 0 13 7 0 22 0 28 34 27 6 2 0 0 26 15 19 0 0 0 0 0 0 0 0 49 0 48 0 0 0 0 0 1 0 0 0 0 0 0 0 0 21 0 3 0 0 0 0 0 0 0 0 0 1 0 0 0 0 0 0 18 0 0 0 0 0 1 0 0 0 0 0 0 0 0 0 9 18 9 11 3 23 20 11 22 39 13 7 13 0 0 21 0 20 10 22 0 6 0 0 0 0 0 0 0 0 0 2 0 0 0 0 0 1 0 0 1 1 0 0 0 0 0 0 2 0 0 0 0 0 0 0 0 0 0 0 0 0 0 0 15 1 0 0 0 0 0 0 0 0 0 0 0 0 0 0 0 0 0 0 0 0 0 1 0 0 2 0 
 0 0 0 0 2 1 1 2 0 3 0 0 0 0 0 0 0 0 0 0 0 0 1 0 0 0 0 0 0 0 0 0 0 85 0 0 0 0 0 0 134 293 163 187 192 53 35 40 98 380 116 182 30 106 101 97 90 0 42 64 0 1 0 0 0 0 1 0 3 0 0 0 6 0 0 2 0 9 0 6 0 0 0 0 0 0 0 0 0 0 0 0 0 9 0 0 0 0 0 0 0 0 0 0 1 0 0 0 0 0 0 0 0 0 0 0 0 0 0 0 10 23 29 18 0 10 0 10 8 0 13 23 0 0 10 14 6 13 0 0 63 17 11 0 0 4 3 12 0 0 0 4 9 6 1 4 0 0 31 0 0 0 0 0 0 0 0 0 0 9 0 0 0 0 0 0 6 0 0 0 0 0 0 0 0 0 0 0 0 0 0 0 0 0 0 10 0 0 0 0 73 10 18 33 8 11 23 0 23 17 15 0 0 0 0 21 33 13 0 10 0 2 13 1 0 5 0 1 0 0 1 3 7 6 2 0 0 8 22 15 0 0 28 0 0 0 0 0 0 0 0 5 0 0 0 0 0 0 0 7 0 0 4 1 2 22 7 0 0 0 0 0 0 0 0 12 0 0 0 0 0 0 0 0 12 15 0 0 0 0 
 0 0 0 0 0 0 0 0 0 0 0 0 0 3 0 0 0 0 0 0 3 0 0 0 63 78 0 62 0 23 0 15 3 0 0 1 0 0 0 0 112 67 80 301 256 93 584 241 79 99 44 62 133 177 120 105 29 42 0 427 0 6 0 0 0 0 0 0 0 1 0 2 0 0 0 0 0 0 2 0 0 0 0 0 0 0 0 0 0 0 0 0 0 0 0 0 0 0 0 0 0 0 0 0 31 15 0 0 0 0 0 0 0 0 0 0 0 0 0 0 1 18 0 10 0 22 1 29 0 9 0 0 1 61 20 10 16 0 28 5 0 0 0 0 0 0 0 0 0 0 0 0 0 0 0 0 0 0 0 0 31 0 0 0 0 0 14 0 0 0 0 0 0 0 0 0 0 0 0 0 0 0 0 0 13 23 0 0 0 11 19 7 0 0 0 0 0 1 0 0 12 21 0 0 0 0 16 11 37 17 9 0 0 0 15 5 0 25 20 2 0 0 0 0 0 0 0 0 0 0 0 0 0 0 0 0 0 0 0 0 0 0 0 0 0 0 0 0 0 0 0 4 0 0 0 0 0 139 65 14 0 0 0 0 2 2 1 0 1 0 0 0 0 0 0 0 0 0 0 11 0 11 0 0 0 0 8 0 0 0 
 0 0 26 0 8 1 4 4 7 0 0 0 0 4 27 3 17 0 0 0 0 0 64 61 0 18 0 16 62 65 126 1 0 0 0 22 206 0 0 0 99 61 34 221 509 450 394 108 77 159 98 27 106 192 194 77 28 64 427 0 2 25 3 0 0 0 0 0 0 0 0 0 2 0 2 0 0 0 0 0 0 0 3 0 3 6 0 6 0 0 5 0 0 0 19 0 0 2 0 0 0 0 6 14 1 18 14 0 0 0 0 7 0 0 0 0 0 10 3 0 11 19 7 12 0 1 9 44 6 0 0 1 5 21 10 0 0 0 19 0 0 0 0 0 0 0 0 0 0 0 0 0 0 0 0 0 0 0 0 0 2 0 3 0 0 10 0 0 0 0 0 0 0 0 0 0 0 0 0 0 0 0 0 19 7 14 0 0 0 21 33 0 0 0 0 10 0 14 6 4 15 52 7 16 0 19 3 0 16 10 13 0 0 14 0 10 13 10 9 27 0 0 0 0 12 0 0 0 0 0 0 0 0 0 0 0 0 0 20 0 0 0 16 0 0 1 2 0 0 0 0 8 0 0 0 0 0 0 1 3 0 0 0 0 28 2 4 0 0 0 0 0 0 0 0 0 0 0 0 0 0 49 0 0 0 0 19 0 0 0 
 4 2 0 0 0 0 0 0 0 3 0 0 0 0 0 0 2 0 0 2 0 0 0 2 0 0 0 0 0 0 0 0 0 0 0 0 6 2 0 0 55 0 53 5 4 3 58 1 53 0 0 0 9 21 4 4 50 0 0 2 0 168 95 107 112 32 87 131 81 255 32 49 77 86 218 36 35 311 35 88 0 0 0 0 0 0 0 0 0 0 0 0 0 0 0 0 0 0 0 0 0 0 0 0 2 0 0 0 0 0 0 0 0 18 0 0 0 0 0 0 31 2 2 2 2 2 18 2 1 16 2 12 11 24 2 18 3 33 3 3 0 0 0 1 0 0 0 14 0 0 14 0 0 21 20 0 1 16 0 0 0 0 0 0 0 11 0 0 0 0 0 0 0 0 0 0 0 0 0 0 1 0 13 0 0 0 0 0 0 0 0 0 0 0 0 0 0 0 0 0 0 0 0 0 0 0 0 6 0 5 32 0 0 12 23 20 0 0 0 0 44 0 14 16 6 9 0 20 6 1 4 0 0 0 0 17 3 38 0 0 0 0 0 0 0 0 0 0 0 0 0 0 0 0 14 0 0 2 0 0 0 0 0 55 0 0 0 1 0 0 1 0 8 0 3 0 0 0 0 0 0 0 0 0 0 1 0 0 0 7 
