 0 141 97 230 46 115 186 178 36 135 56 330 76 133 344 95 283 34 334 187 0 3 3 0 3 3 0 0 3 1 0 3 0 1 0 1 14 0 85 0 0 0 0 0 1 0 0 0 0 0 0 0 0 0 3 0 3 2 0 0 0 0 9 0 0 0 0 0 4 2 2 0 0 0 2 0 0 0 1 0 0 35 0 17 0 0 22 12 1 0 0 27 27 30 22 54 20 20 0 1 0 0 0 0 0 0 0 0 0 0 0 0 0 0 0 0 0 0 20 0 0 0 1 0 0 0 0 0 0 7 0 0 0 0 0 0 12 0 0 0 0 0 0 0 0 0 1 0 0 0 0 0 0 0 0 0 1 0 0 0 1 1 19 37 10 26 0 0 12 15 0 25 18 6 21 0 10 14 18 11 0 0 0 0 0 0 0 0 15 0 0 21 0 0 0 0 0 0 0 14 0 0 0 0 0 0 0 2 13 0 0 0 0 0 0 0 0 0 0 0 0 0 0 0 0 0 0 0 0 0 0 0 0 0 0 0 0 0 0 0 0 0 0 0 0 2 0 0 89 0 2 19 0 2 0 0 0 0 2 0 23 0 0 0 0 0 0 0 0 0 0 0 0 0 0 0 12 0 0 0 0 0 0 0 0 2 0 0 0 0 
 141 0 297 92 50 45 294 202 238 232 35 31 279 191 581 87 245 465 146 395 0 3 3 0 3 4 0 0 3 0 0 5 0 1 0 0 0 0 0 0 0 0 0 0 1 0 0 0 0 0 0 0 0 0 3 0 3 2 0 0 1 0 0 0 0 0 0 0 0 0 2 0 0 13 2 0 0 0 0 0 26 24 17 54 14 21 8 0 0 0 36 0 11 42 7 0 1 26 38 16 0 0 0 0 0 0 0 0 0 0 0 0 10 0 0 0 0 0 14 22 0 0 0 0 0 0 0 0 0 0 0 0 0 0 0 0 1 0 0 0 0 0 0 0 7 4 0 0 0 15 0 0 0 0 0 0 2 0 0 0 6 0 18 49 15 21 0 11 0 20 0 17 21 0 15 10 0 2 26 2 0 1 0 0 0 0 0 0 0 0 0 0 1 6 14 0 0 0 49 0 0 0 0 0 0 0 0 0 0 0 0 0 0 0 0 0 4 0 0 0 0 0 0 0 0 0 0 0 0 0 0 0 0 2 0 0 0 0 18 11 0 0 0 0 0 0 176 2 90 87 2 6 11 0 0 0 0 0 0 0 0 0 9 0 0 0 0 0 0 2 0 0 0 0 0 9 11 0 0 0 0 0 0 0 0 0 0 0 0 0 
 97 297 0 75 39 119 86 184 150 142 295 39 63 131 91 72 616 318 40 38 2 4 3 0 77 3 0 0 3 0 0 5 0 0 1 0 0 2 0 0 0 0 0 0 0 0 0 0 0 0 0 0 0 0 3 0 3 2 0 0 0 0 0 0 0 1 0 2 0 0 3 0 0 7 3 0 46 0 0 0 12 20 56 18 0 9 0 18 31 20 38 11 0 0 9 61 17 2 4 29 0 0 0 0 0 0 0 2 0 0 0 2 3 0 0 0 0 0 45 10 0 0 0 2 0 0 0 0 0 0 0 0 0 0 0 0 0 0 0 0 1 0 0 0 0 0 0 0 0 0 0 0 0 0 0 0 2 0 0 0 43 1 9 0 17 8 16 12 1 63 12 2 0 1 21 10 4 0 25 9 0 0 0 0 0 0 0 0 0 0 0 0 0 0 0 0 0 0 0 0 0 0 0 0 0 0 0 0 0 0 0 0 0 0 0 0 1 0 0 0 0 0 2 0 0 0 0 0 0 0 0 0 0 0 0 0 0 0 0 0 0 0 0 0 0 1 88 0 1 3 0 10 0 0 0 0 0 0 0 0 0 0 0 0 0 0 0 0 0 0 0 0 0 0 0 11 0 0 0 0 0 0 0 0 0 0 0 0 0 0 
 230 92 75 0 70 46 274 449 359 284 216 365 48 48 222 93 45 418 102 62 0 5 3 0 3 3 0 75 4 0 0 3 0 0 1 0 0 2 40 0 0 0 0 28 8 0 0 0 0 0 0 0 0 0 3 0 3 2 0 0 0 0 0 0 0 0 0 1 0 0 2 0 0 3 3 0 0 0 0 0 0 33 23 68 26 1 1 20 45 55 12 13 0 57 17 1 24 17 0 0 0 1 0 0 0 0 2 0 0 0 0 0 9 0 0 1 0 0 11 37 0 0 0 0 0 0 0 1 0 0 0 0 0 0 0 1 0 0 0 0 0 0 0 0 0 0 0 0 0 0 0 0 0 0 0 0 1 0 0 0 9 89 1 0 45 0 0 0 36 44 17 0 0 20 22 19 0 2 0 0 0 64 0 0 0 0 0 0 6 2 0 0 4 18 0 0 0 0 2 4 0 0 1 0 0 0 0 0 0 0 0 2 0 0 0 0 0 0 0 0 0 0 0 0 0 0 0 0 2 0 0 0 0 0 0 2 0 0 0 0 0 18 0 0 0 0 1 2 0 2 10 19 0 0 0 0 0 0 0 0 0 0 0 0 0 0 0 0 0 0 0 0 0 0 0 0 0 0 0 0 0 0 0 0 0 0 0 0 0 0 
 46 50 39 70 0 156 82 280 170 172 103 430 276 54 291 92 61 52 87 281 2 77 3 0 3 3 224 0 3 0 0 3 168 149 73 5 0 5 75 90 0 0 1 2 5 0 0 0 0 0 0 4 0 40 3 0 3 2 0 0 1 0 0 2 5 4 0 4 0 8 3 0 1 0 16 0 0 0 1 0 0 0 13 20 22 33 0 0 16 4 0 9 0 14 1 55 0 29 0 0 10 3 0 0 0 1 7 18 0 10 0 0 0 24 0 14 0 9 21 14 0 0 0 0 0 0 0 0 0 0 0 0 0 0 0 0 0 17 0 0 0 0 0 0 0 1 0 0 0 0 0 5 0 0 0 0 0 0 0 0 0 19 0 1 0 0 0 0 0 0 9 0 0 0 1 0 0 17 0 0 36 21 0 0 0 0 1 12 13 0 0 0 10 26 12 0 13 0 14 28 0 0 0 0 0 0 0 0 0 0 0 0 0 0 0 0 0 0 0 0 0 0 0 0 0 0 0 0 0 0 0 0 0 0 0 19 0 0 0 0 0 24 0 0 0 1 3 0 0 7 0 5 0 2 0 0 0 0 1 0 0 0 0 0 0 0 15 0 0 0 0 0 0 0 0 11 0 8 0 0 0 0 0 0 0 20 0 0 0 0 
 115 45 119 46 156 0 49 159 285 353 214 176 262 42 133 95 89 49 50 66 4 103 3 0 3 5 74 0 62 2 3 6 77 0 82 0 60 0 2 243 0 0 4 0 7 2 0 0 0 0 0 0 0 34 3 0 71 2 1 0 2 0 0 0 4 5 0 1 0 0 2 47 0 0 6 0 0 0 0 0 0 9 0 14 66 31 0 0 1 6 0 3 0 0 0 0 14 17 23 0 15 5 0 25 5 0 25 0 0 43 0 21 0 18 5 26 17 0 0 36 0 0 0 0 0 2 0 0 0 0 0 0 0 0 0 0 0 0 0 0 0 0 0 0 0 7 1 0 0 0 0 5 0 0 0 0 2 0 0 0 0 10 0 21 1 0 0 0 7 19 17 20 0 0 9 0 0 11 0 0 13 25 0 9 0 0 21 14 18 21 0 0 20 11 61 0 10 51 10 13 0 0 0 0 0 0 0 2 0 0 0 0 0 0 0 0 0 0 0 1 0 0 0 2 2 0 0 0 0 0 0 0 0 0 0 0 0 0 0 0 0 17 0 0 0 6 87 0 0 0 0 12 0 0 0 0 0 0 3 0 0 0 0 0 0 0 18 0 0 0 0 0 0 0 0 17 0 29 0 0 0 0 0 0 0 12 0 0 0 0 
 186 294 86 274 82 49 0 197 80 114 328 47 177 258 136 356 71 210 153 72 0 3 3 2 3 5 0 0 3 0 0 6 0 0 0 2 0 0 80 2 0 0 31 5 0 0 0 0 0 0 0 0 0 0 3 0 3 2 0 0 0 0 0 0 0 6 0 2 0 5 3 0 0 1 3 0 0 2 39 0 24 17 20 18 13 9 15 0 0 31 14 25 21 40 7 0 1 17 6 14 0 0 0 0 14 0 0 0 0 0 0 0 0 0 11 0 0 0 1 0 0 0 0 0 0 0 0 0 0 0 0 0 0 0 0 0 0 2 0 0 0 0 0 1 11 1 0 0 0 0 0 0 0 0 0 0 2 0 0 0 7 0 8 22 10 2 1 1 47 16 2 12 13 3 22 6 0 23 21 6 0 0 0 0 0 0 0 0 0 0 0 0 0 0 0 0 0 0 20 0 0 0 0 0 0 0 0 0 0 2 0 0 0 0 0 1 7 0 0 0 0 0 0 0 20 0 0 0 0 0 0 0 0 0 0 0 0 0 0 0 0 0 0 0 0 2 88 0 52 55 0 10 12 0 0 0 0 0 0 0 0 0 9 0 0 0 0 0 0 0 0 0 0 0 0 13 13 0 0 0 0 0 0 0 0 0 0 0 0 0 
 178 202 184 449 280 159 197 0 273 236 209 24 241 66 96 153 103 469 70 284 2 5 5 1 3 7 1 0 3 1 2 4 2 2 0 5 0 2 0 2 0 0 2 2 3 3 0 0 2 0 3 0 0 0 3 2 3 4 0 0 2 0 3 0 0 5 40 3 1 0 3 0 2 30 3 0 0 0 0 0 28 38 0 16 1 0 0 33 1 26 11 19 0 33 0 19 10 0 0 1 0 0 0 0 0 0 0 0 0 0 0 0 11 2 0 0 18 0 11 7 0 0 0 0 0 2 0 0 0 0 0 11 0 0 0 0 0 0 0 14 0 0 0 0 0 0 15 0 0 0 0 0 0 0 0 0 20 0 0 0 0 0 1 10 20 12 19 11 18 22 0 1 0 26 30 0 1 15 0 19 0 0 20 0 0 14 0 0 0 0 0 0 10 0 0 0 0 0 20 0 0 0 0 0 0 0 0 2 0 16 0 0 0 0 0 0 0 0 0 1 0 0 0 2 2 0 0 0 0 0 0 0 1 0 0 0 0 0 0 0 0 1 0 0 0 4 0 0 0 5 0 14 0 0 0 30 0 0 0 0 0 0 2 2 0 0 0 0 0 0 0 0 0 0 0 7 0 15 0 0 0 0 0 0 0 2 0 0 0 0 
 36 238 150 359 170 285 80 273 0 291 54 45 74 182 197 177 168 518 101 278 0 4 3 0 3 3 2 0 3 0 0 3 0 0 1 0 0 2 36 0 0 0 2 0 0 0 0 0 0 0 0 0 0 0 3 0 3 2 0 0 0 0 0 0 0 2 30 3 0 0 54 0 0 9 3 0 0 0 0 0 0 0 52 46 0 60 0 1 69 0 35 15 0 2 11 15 1 12 17 13 0 0 0 0 0 0 0 12 8 0 0 0 0 0 0 1 0 0 2 33 0 0 0 0 0 0 0 0 44 14 0 0 0 0 0 0 1 0 0 0 0 0 0 1 46 10 0 0 0 0 0 0 0 0 0 0 2 0 0 0 10 14 16 21 10 13 0 2 8 24 35 13 0 0 20 19 0 2 26 0 0 2 0 0 0 6 0 9 0 0 0 0 0 13 25 4 0 2 2 0 13 0 0 0 0 0 0 0 0 0 0 0 0 0 2 0 0 0 0 0 0 0 0 0 0 0 0 0 0 0 0 0 0 0 0 0 0 0 0 0 0 0 0 0 0 2 173 0 1 99 0 7 1 0 0 0 0 0 0 0 0 0 0 0 0 0 0 0 0 0 0 0 0 0 0 0 12 0 0 0 0 0 0 0 0 0 0 0 0 0 
 135 232 142 284 172 353 114 236 291 0 512 218 260 184 379 269 370 130 103 191 0 3 5 0 3 4 0 0 3 0 0 3 0 0 0 0 0 0 92 2 0 50 0 0 63 0 0 0 0 0 0 0 0 0 3 0 3 2 0 0 0 0 0 0 0 0 0 0 0 0 2 0 0 3 2 0 0 0 0 2 1 10 24 1 11 27 0 0 8 0 49 10 2 26 13 12 22 55 0 0 12 0 0 0 0 0 10 0 0 0 0 0 26 0 14 0 0 0 32 21 0 0 0 0 0 0 0 0 0 0 0 0 0 0 1 0 0 0 0 0 0 0 0 0 0 14 0 0 0 0 0 2 0 0 1 0 0 0 0 14 0 1 20 26 41 32 1 9 16 16 8 30 0 0 3 10 6 1 0 0 0 0 0 0 2 0 0 0 0 0 0 0 0 13 14 0 0 0 10 16 0 0 17 0 0 0 0 0 0 0 0 0 0 0 0 0 0 1 0 0 0 0 0 0 0 0 0 0 0 0 0 0 0 0 0 0 0 0 0 0 0 0 0 0 0 1 49 0 2 1 11 11 0 0 0 0 0 0 0 0 0 0 18 0 0 0 0 0 0 0 0 0 0 19 0 9 0 0 0 0 0 0 0 0 0 0 0 0 0 0 
 56 35 295 216 103 214 328 209 54 512 0 563 51 49 206 142 432 87 306 152 0 3 3 1 3 3 0 0 3 0 0 3 74 75 0 0 2 0 76 17 0 0 0 0 3 0 0 4 0 0 1 0 0 0 3 0 3 2 0 0 0 0 0 0 0 0 0 2 0 0 3 0 0 0 4 0 0 0 0 0 0 14 1 10 52 0 1 0 11 41 45 1 1 27 16 14 23 50 0 1 11 2 0 0 0 0 9 0 0 0 0 0 9 1 0 11 0 1 35 14 0 0 0 0 0 0 0 0 0 0 0 0 0 0 0 0 0 0 2 0 0 0 0 0 0 0 0 0 0 0 0 2 0 0 0 0 0 0 0 0 15 45 6 1 21 0 0 0 9 66 20 10 0 8 16 0 11 21 0 8 11 24 0 0 0 0 17 2 0 0 0 0 19 19 0 0 0 0 11 26 0 0 0 0 0 0 0 0 0 0 0 0 0 0 0 0 0 0 0 0 0 0 0 0 0 0 0 0 0 69 0 0 0 0 0 0 0 0 0 0 0 19 0 0 0 0 1 2 2 87 10 5 10 0 0 2 0 0 0 0 0 0 0 0 0 0 1 0 0 0 0 0 0 0 0 12 0 14 0 0 0 0 0 0 0 0 0 0 0 0 
 330 31 39 365 430 176 47 24 45 218 563 0 30 43 171 393 319 287 243 118 2 3 3 0 3 3 0 0 3 0 0 3 0 0 0 0 0 0 209 75 0 0 0 0 6 0 0 0 0 0 0 1 0 0 3 2 3 2 0 0 0 0 0 0 0 0 0 0 0 0 2 0 0 1 2 0 0 1 0 0 0 31 36 10 21 9 0 0 8 29 0 27 0 0 0 11 1 36 0 0 11 0 0 0 0 0 27 0 0 0 0 0 0 0 0 24 0 14 5 32 2 0 0 0 0 1 1 0 0 0 0 0 0 0 0 0 0 0 0 0 0 2 0 0 1 2 0 0 1 0 3 4 0 0 0 0 2 0 0 2 7 33 0 14 12 0 0 0 20 10 36 6 8 0 0 11 0 14 0 0 10 22 0 0 0 0 0 0 2 0 0 0 23 59 14 0 0 0 36 11 0 0 0 0 0 0 0 0 0 0 0 0 0 0 0 0 0 0 0 1 0 2 2 0 0 0 0 2 0 0 0 0 0 0 0 0 0 0 0 2 0 11 0 0 0 0 88 0 3 0 1 7 0 0 0 0 0 0 0 0 0 0 0 0 0 0 0 0 0 0 0 0 0 0 0 13 0 13 0 0 0 0 0 0 0 0 0 0 0 0 
 76 279 63 48 276 262 177 241 74 260 51 30 0 427 175 72 115 237 165 84 0 3 3 0 3 3 0 0 3 0 0 5 0 0 0 4 201 2 0 0 0 0 0 0 1 0 0 0 0 0 0 0 0 28 3 0 3 2 0 0 0 0 0 0 0 0 0 0 5 0 2 0 0 0 2 0 0 1 0 0 42 11 0 0 0 0 42 14 0 0 0 0 17 0 18 27 0 17 14 1 0 0 0 0 0 0 0 0 0 0 0 0 0 0 0 0 0 20 2 0 0 0 2 0 0 21 0 0 0 0 0 0 0 0 0 0 0 19 0 0 0 0 0 0 0 0 0 0 0 0 0 0 0 0 0 0 0 0 0 0 3 2 1 42 0 0 10 2 0 0 0 0 11 20 24 11 2 0 18 21 0 0 0 0 0 0 0 0 0 0 0 0 0 0 0 0 0 0 0 0 0 0 0 0 0 0 0 1 0 0 0 0 0 0 0 1 16 0 0 0 0 0 0 77 0 0 0 0 0 0 0 0 0 0 0 0 0 0 0 0 0 0 0 0 0 2 0 0 1 2 0 23 0 0 0 0 0 0 0 0 1 0 0 0 0 0 0 0 0 0 0 0 0 0 0 0 0 0 0 0 0 0 0 0 0 0 0 0 0 0 
 133 191 131 48 54 42 258 66 182 184 49 43 427 0 77 38 40 378 205 277 0 3 8 0 3 3 2 0 5 18 1 5 81 0 0 0 2 0 2 0 0 0 0 0 0 0 2 0 0 0 0 0 0 0 6 0 5 2 3 0 0 0 0 0 0 2 0 9 9 0 4 1 2 2 3 0 0 0 0 4 16 5 0 14 0 12 17 0 0 0 15 0 35 15 2 19 1 15 14 9 0 0 0 0 0 0 0 0 0 0 0 0 0 0 0 0 0 0 0 0 0 0 0 0 0 0 0 0 17 0 0 0 0 0 0 0 0 0 0 0 0 0 0 9 9 0 0 0 0 0 0 0 0 0 4 0 0 0 0 0 29 0 21 51 10 0 20 0 0 20 0 0 20 56 37 6 11 1 16 0 0 0 0 0 0 0 0 0 0 0 0 0 0 0 0 0 0 0 17 0 0 0 0 0 0 0 0 0 0 0 0 0 0 0 0 0 8 0 0 0 0 0 0 0 0 0 0 0 0 0 0 0 0 0 0 0 0 0 0 0 0 0 0 0 0 0 89 0 88 1 1 6 0 0 0 0 0 0 0 0 0 0 8 0 0 0 0 0 0 0 0 0 0 0 0 0 11 0 0 0 0 0 0 0 0 0 0 0 0 0 
 344 581 91 222 291 133 136 96 197 379 206 171 175 77 0 304 144 137 98 213 0 3 3 0 3 77 0 0 3 0 0 5 0 0 91 0 0 0 0 1 0 0 0 0 0 0 0 0 0 0 0 0 0 0 3 0 3 2 0 31 0 0 0 0 0 1 0 2 24 0 3 0 0 0 3 0 0 0 0 0 0 45 32 8 9 0 18 12 7 50 73 0 24 17 34 22 28 25 0 10 0 0 0 0 0 1 0 0 0 0 0 0 9 0 0 0 0 0 6 0 0 0 0 9 0 0 0 2 0 0 0 0 0 0 0 2 0 0 0 0 0 0 0 0 26 0 0 0 0 0 0 0 0 0 0 0 1 0 0 0 25 31 35 31 27 15 0 0 18 8 7 0 0 22 20 0 11 10 1 0 0 0 0 0 0 0 0 0 0 1 14 0 7 2 0 0 0 0 17 0 0 1 0 0 0 0 0 0 2 0 0 0 0 0 0 0 0 0 0 0 0 0 1 0 0 0 0 0 1 0 0 0 0 0 0 1 0 0 0 0 0 0 0 0 2 0 2 0 0 1 11 15 1 0 0 0 0 0 0 0 0 0 1 0 0 0 0 0 0 0 0 0 0 0 0 0 0 0 0 0 0 0 0 0 0 0 0 0 0 0 
 95 87 72 93 92 95 356 153 177 269 142 393 72 38 304 0 173 368 554 175 0 4 3 0 3 3 0 0 7 0 3 5 1 2 0 3 0 207 62 0 0 0 0 0 10 1 0 2 0 61 0 0 0 0 5 0 5 4 3 0 0 2 0 0 0 3 0 5 0 2 4 0 0 3 4 0 0 0 0 0 0 30 57 2 18 11 12 18 10 53 18 19 8 9 36 0 14 4 1 62 0 1 0 0 0 0 0 0 0 0 1 0 0 0 0 2 0 0 0 40 0 0 0 0 0 0 0 0 0 0 0 0 0 0 0 0 0 0 0 0 0 0 0 0 4 4 0 0 0 0 0 0 0 0 0 0 2 0 0 5 3 49 27 29 17 27 0 0 24 37 7 29 15 0 0 5 7 17 1 0 0 43 0 0 0 0 0 0 0 0 0 0 5 19 13 0 0 0 0 0 0 0 2 0 0 0 0 0 0 0 0 1 0 0 0 0 0 0 0 0 0 0 0 0 0 0 0 0 0 0 0 0 0 11 0 0 0 0 0 0 0 18 0 0 0 0 88 0 87 0 2 10 0 0 0 0 0 0 0 0 0 0 0 0 0 0 0 0 0 5 0 0 0 2 0 0 9 0 0 0 0 0 0 0 0 0 0 0 0 0 
 283 245 616 45 61 89 71 103 168 370 432 319 115 40 144 173 0 305 37 152 0 216 3 0 3 3 16 0 5 0 4 4 0 0 2 0 0 0 103 4 0 0 4 0 0 4 0 0 0 0 69 0 0 4 3 0 9 2 0 0 0 0 0 0 0 6 0 1 0 0 2 4 0 8 9 0 0 0 0 0 11 20 22 33 0 13 2 70 9 16 37 10 0 14 18 17 10 13 19 14 0 0 16 0 0 0 28 0 0 0 0 0 2 0 0 13 0 0 13 9 0 0 0 0 0 0 0 2 0 0 0 0 0 0 0 2 0 0 0 0 0 0 0 0 0 0 0 0 0 0 0 0 0 0 0 0 1 0 0 0 0 19 0 0 22 18 11 12 1 6 28 1 0 23 37 0 27 0 7 15 1 0 0 0 0 0 0 0 0 1 0 0 0 2 0 0 0 0 10 0 0 1 0 0 0 0 0 0 2 2 0 0 0 0 0 0 0 0 0 0 0 0 0 0 11 0 0 0 1 0 0 0 0 0 0 1 0 0 0 0 0 0 0 0 2 1 0 1 2 3 1 7 0 0 0 0 0 0 0 0 0 0 0 0 0 0 0 0 0 0 0 0 0 0 0 10 0 0 0 0 0 0 0 0 0 0 0 0 0 0 
 34 465 318 418 52 49 210 469 518 130 87 287 237 378 137 368 305 0 134 114 0 3 3 2 3 5 0 0 3 0 0 6 0 0 0 0 0 208 146 0 0 0 0 0 0 0 0 1 0 0 0 2 0 3 5 0 3 2 0 0 0 0 51 0 0 0 0 1 0 0 2 0 0 3 3 0 0 0 0 0 0 19 14 17 0 3 1 55 18 1 14 23 11 16 1 27 16 33 15 20 0 0 0 0 0 0 0 0 0 0 0 0 12 0 0 0 0 0 21 9 0 0 0 0 0 0 0 0 0 1 0 0 0 0 0 0 0 0 0 0 0 0 0 0 11 0 0 0 0 2 0 0 0 0 0 0 1 0 0 0 1 1 0 20 16 9 0 20 7 27 10 0 19 22 20 17 20 0 27 13 0 0 0 0 0 0 0 0 0 0 0 0 0 0 1 0 0 0 0 13 0 0 0 0 0 0 0 0 0 0 0 0 0 0 0 0 0 0 0 0 0 0 0 0 0 0 0 0 0 0 0 0 0 0 0 0 6 0 0 0 0 0 0 0 0 0 4 4 85 5 2 19 0 0 0 0 0 0 0 0 0 0 0 0 0 0 0 0 0 0 0 0 0 0 0 0 9 0 0 0 0 0 0 0 0 0 0 0 0 0 
 334 146 40 102 87 50 153 70 101 103 306 243 165 205 98 554 37 134 0 294 0 3 3 0 5 3 0 35 7 0 0 5 0 0 0 0 0 200 0 0 2 0 0 0 0 0 0 0 0 0 0 0 0 0 9 0 3 2 0 0 0 0 0 0 1 2 0 3 0 0 8 5 2 2 3 0 0 0 0 0 7 2 0 0 16 0 37 0 0 1 1 17 20 20 9 0 0 0 24 22 0 0 0 0 0 0 0 0 0 0 0 0 0 0 0 0 0 0 1 0 0 0 0 0 0 0 0 0 0 0 0 0 0 0 0 0 0 0 0 0 1 9 0 0 0 0 5 0 0 0 0 0 0 0 0 0 1 0 1 0 30 11 11 9 0 0 11 0 0 37 0 43 22 12 19 25 29 14 18 14 0 0 0 0 0 2 0 0 0 0 0 0 0 0 0 0 11 0 0 0 0 0 0 0 0 0 0 0 12 0 0 0 0 0 0 0 0 0 0 0 0 0 0 0 0 0 0 0 0 0 0 0 0 0 0 0 0 0 0 0 0 0 0 0 0 0 2 0 49 87 1 8 70 0 2 0 0 0 0 0 0 0 0 0 0 0 0 0 0 0 0 0 0 0 0 0 9 0 0 0 0 0 0 0 0 0 0 0 0 0 
 187 395 38 62 281 66 72 284 278 191 152 118 84 277 213 175 152 114 294 0 0 3 3 0 3 3 0 1 3 0 0 5 0 1 0 2 58 0 0 0 0 0 0 0 0 0 0 0 0 0 0 0 0 0 3 0 3 2 2 0 0 1 0 0 0 1 0 2 2 0 3 0 0 0 3 0 0 0 0 0 45 33 0 0 2 0 43 0 0 11 6 17 21 1 22 18 0 0 45 35 0 0 0 0 0 1 0 0 0 0 0 0 0 0 0 0 0 0 0 0 0 0 0 0 0 0 0 0 0 0 0 0 0 0 0 0 0 18 0 0 2 0 0 0 0 0 8 0 0 0 0 0 0 0 0 0 3 0 0 0 15 18 7 9 5 0 13 0 0 19 0 1 22 6 16 31 6 16 33 24 0 0 1 2 0 15 0 0 0 0 0 0 0 0 0 1 0 1 0 0 0 0 0 0 0 0 0 0 0 0 0 0 0 0 0 0 1 0 0 0 0 0 0 0 0 0 0 0 0 0 0 0 0 0 0 0 0 0 0 0 0 0 0 0 0 3 0 2 51 4 0 8 0 0 0 0 0 0 0 0 0 0 0 0 0 0 0 0 0 0 0 0 0 0 0 0 9 0 0 0 0 0 0 0 0 0 0 0 0 0 
 0 0 2 0 2 4 0 2 0 0 0 2 0 0 0 0 0 0 0 0 0 196 396 64 34 50 181 210 23 40 29 49 80 110 458 122 101 199 37 270 0 0 0 273 0 0 0 0 0 0 3 6 0 0 0 0 0 0 1 0 0 0 3 0 0 0 3 5 3 0 0 0 0 0 0 0 0 2 0 0 0 0 0 0 0 0 0 0 0 0 0 0 0 0 0 0 0 0 0 0 0 11 9 12 0 20 0 12 24 31 23 54 0 28 9 13 14 46 0 0 44 0 0 0 0 0 0 0 0 0 0 0 0 0 0 0 0 1 7 13 15 0 0 0 0 0 0 0 0 0 0 0 0 0 0 0 2 0 0 2 0 0 1 0 3 0 0 0 0 0 0 0 0 0 0 0 9 0 0 0 0 25 88 1 8 15 8 0 52 7 14 7 0 14 8 36 12 14 0 2 0 0 0 0 0 0 1 7 0 0 0 0 8 0 0 0 0 0 8 7 0 0 0 0 2 0 0 0 0 0 0 0 0 0 9 2 0 0 0 0 0 0 8 0 0 0 0 0 0 0 0 0 39 0 6 0 4 90 0 0 10 0 0 0 0 0 0 0 0 0 0 0 0 0 0 0 0 0 0 0 0 0 0 0 0 0 0 0 0 0 
 3 3 4 5 77 103 3 5 4 3 3 3 3 3 3 4 216 3 3 3 196 0 90 42 38 26 92 186 189 12 38 39 271 223 354 70 143 32 26 117 0 0 0 0 0 0 0 0 93 0 3 3 2 0 0 0 2 0 20 62 0 0 2 0 0 0 1 3 28 0 0 0 0 0 48 0 0 2 0 0 2 0 0 0 0 0 0 0 0 0 0 0 0 0 0 0 0 0 0 0 7 7 16 0 17 13 30 8 0 53 10 10 12 1 0 33 19 18 1 11 38 0 0 0 0 0 0 1 12 0 0 0 0 0 0 0 0 0 6 15 2 0 0 0 0 0 0 0 2 0 0 0 0 0 0 0 2 0 0 0 0 0 1 0 0 0 0 0 0 0 0 8 0 0 0 0 0 0 0 19 29 21 10 12 1 40 35 29 27 14 16 21 0 0 0 8 14 11 0 31 0 0 0 0 0 0 0 0 2 0 0 0 25 0 0 0 0 0 0 0 0 0 0 0 0 0 0 0 0 0 0 0 0 0 0 0 0 2 0 0 0 0 0 0 0 0 0 0 0 0 0 0 0 0 2 0 0 7 0 2 1 9 0 0 0 0 0 0 0 0 0 0 0 0 0 0 0 0 0 0 0 0 0 0 0 0 0 0 0 0 
 3 3 3 3 3 3 3 5 3 5 3 3 3 8 3 3 3 3 3 3 396 90 0 276 50 316 301 265 200 84 54 338 275 145 55 165 249 142 43 130 0 0 0 0 1 0 0 0 6 0 3 0 0 2 0 0 1 0 104 65 0 0 5 0 0 0 2 3 0 0 0 0 0 0 0 0 0 2 0 0 0 0 0 0 0 0 0 0 0 0 0 0 0 0 0 0 0 0 0 0 19 64 27 33 26 9 9 3 0 22 66 25 0 4 16 2 13 0 0 0 47 0 0 0 0 0 50 0 12 0 0 0 0 4 0 0 0 0 6 15 0 0 0 0 0 0 0 19 0 0 0 0 0 0 0 0 1 0 0 0 0 0 1 0 1 0 0 0 0 0 1 0 0 0 0 0 2 0 0 0 15 0 12 23 6 15 17 33 1 29 0 35 42 0 37 25 0 4 15 5 17 10 0 0 0 0 12 4 0 0 0 18 19 14 0 0 0 2 0 18 0 0 0 0 0 0 0 0 0 0 0 0 0 0 0 0 0 0 0 0 0 0 0 0 0 0 0 0 0 0 0 0 0 0 0 0 0 82 50 2 4 0 1 0 0 0 0 0 0 0 0 0 0 0 0 0 0 0 0 0 0 0 0 0 0 0 0 0 0 0 
 0 0 0 0 0 0 2 1 0 0 1 0 0 0 0 0 0 2 0 0 64 42 276 0 179 256 53 269 328 223 153 38 82 80 93 133 269 92 288 63 62 76 0 0 0 0 108 0 9 0 3 0 0 65 0 7 0 0 39 2 0 0 64 0 0 0 3 3 0 1 0 0 0 0 0 0 0 4 0 0 0 0 0 0 0 0 0 6 0 0 0 0 6 0 0 0 0 0 0 0 14 20 13 26 42 7 8 7 0 8 19 8 0 0 9 0 12 0 0 0 0 19 0 0 0 0 51 0 0 0 0 0 15 1 24 0 0 0 0 12 0 0 0 0 0 0 0 0 0 0 0 0 0 0 22 0 1 0 0 0 0 0 1 0 0 0 0 0 0 0 0 0 0 0 0 0 0 0 0 0 12 0 0 11 29 52 14 24 1 10 71 15 0 0 9 1 0 10 0 10 27 0 12 0 0 0 38 0 0 0 24 0 29 24 0 21 0 0 0 45 0 0 0 0 0 0 0 0 0 0 0 0 0 0 0 0 0 0 0 0 0 0 0 0 0 0 0 0 0 0 0 0 0 0 13 2 2 3 41 2 2 9 0 0 0 0 0 0 0 0 0 0 0 0 2 0 0 0 0 19 0 0 0 0 0 0 0 0 0 0 
 3 3 77 3 3 3 3 3 3 3 3 3 3 3 3 3 3 3 5 3 34 38 50 179 0 171 47 138 233 263 337 120 73 56 92 254 43 122 83 87 86 0 0 4 0 0 84 61 42 2 8 0 123 70 65 0 1 0 0 1 0 0 2 0 0 0 2 3 0 0 0 0 1 0 0 0 0 2 0 0 0 0 0 0 0 0 2 0 0 0 0 1 0 0 2 1 0 0 0 0 0 12 0 10 0 10 0 11 13 14 12 0 0 0 45 0 0 8 0 0 0 29 12 9 0 0 54 0 10 0 0 0 24 0 8 13 0 18 38 12 3 4 0 0 0 0 1 2 0 0 0 0 3 2 1 0 0 10 0 17 0 0 0 0 0 0 0 0 0 0 3 0 0 14 0 0 0 0 0 0 0 0 13 14 38 1 0 14 37 0 9 19 2 0 10 0 0 2 0 0 11 0 0 24 51 0 46 37 13 0 1 0 0 22 12 13 0 8 28 25 0 0 0 0 0 0 0 0 0 0 0 0 0 0 0 0 0 0 2 0 0 0 0 0 0 0 0 0 13 0 0 0 0 0 6 0 3 1 3 4 1 0 0 0 0 0 0 0 0 0 0 0 0 0 0 0 0 0 0 19 0 12 0 0 0 0 0 0 0 0 
 3 4 3 3 3 5 5 7 3 4 3 3 3 3 77 3 3 5 3 3 50 26 316 256 171 0 23 31 33 346 108 200 50 43 276 104 127 83 125 59 128 63 0 0 0 4 153 92 0 62 65 0 55 117 0 42 1 0 64 64 0 0 2 0 0 51 1 3 0 0 0 0 0 0 0 0 0 2 0 0 0 0 0 0 0 0 0 0 0 0 0 0 0 0 0 0 0 0 0 19 0 0 0 13 0 35 0 0 0 0 0 17 0 0 0 0 10 0 0 0 8 18 15 8 22 0 24 11 13 30 0 19 31 32 15 0 18 0 22 22 0 0 0 0 0 0 0 2 0 0 0 0 20 0 0 0 0 2 17 0 0 0 0 0 0 0 0 0 0 0 5 0 0 0 0 0 0 0 0 0 0 0 0 0 27 14 0 0 0 0 1 14 0 0 0 0 0 0 0 2 0 15 1 12 11 0 34 14 30 14 17 0 0 52 17 13 17 10 25 9 0 0 2 0 0 0 0 0 0 0 0 0 1 0 0 0 0 0 0 0 0 0 0 0 0 0 1 0 0 0 0 0 0 0 12 0 0 0 0 1 5 0 0 0 0 0 0 0 0 0 0 0 0 0 0 0 0 0 0 0 0 0 0 0 0 0 0 0 0 0 
 0 0 0 0 224 74 0 1 2 0 0 0 0 2 0 0 16 0 0 0 181 92 301 53 47 23 0 308 53 42 27 48 347 84 333 74 141 418 311 319 0 66 0 0 0 0 0 0 0 0 3 0 4 63 0 0 1 0 0 0 0 0 2 0 5 0 0 2 0 0 0 0 0 0 0 0 0 2 0 0 0 0 0 16 0 37 0 0 13 0 0 7 1 0 0 0 0 0 0 0 0 9 0 0 0 0 2 30 50 0 39 33 1 49 0 23 59 37 0 27 0 0 0 0 1 0 0 0 12 0 0 0 0 0 0 0 0 0 15 0 0 0 0 0 0 0 0 0 0 0 0 1 0 2 0 0 2 0 0 0 1 0 0 0 3 0 0 0 0 0 1 2 0 0 0 0 0 21 0 0 15 50 4 0 0 1 31 16 16 0 18 0 7 0 0 19 11 0 14 19 0 0 0 0 0 0 1 0 0 0 0 9 0 0 0 0 2 0 0 0 0 0 0 0 0 12 0 0 0 0 0 0 0 0 2 0 2 0 0 0 0 0 22 0 0 0 0 0 0 73 0 0 0 0 12 0 0 0 0 2 2 0 0 0 0 0 10 0 0 0 0 0 0 0 0 0 41 0 0 0 0 0 0 0 0 0 0 0 0 7 
 0 0 0 75 0 0 0 0 0 0 0 0 0 0 0 0 0 0 35 1 210 186 265 269 138 31 308 0 449 127 114 34 439 186 114 78 111 339 48 217 0 0 0 71 0 0 0 0 7 0 3 0 0 0 0 0 0 0 30 0 0 0 3 0 0 0 3 3 0 0 0 0 0 0 0 0 0 2 0 0 0 0 0 0 0 1 0 0 0 0 0 0 0 0 0 0 0 0 0 0 32 20 56 11 71 0 23 33 1 21 24 47 0 18 10 0 11 3 0 0 0 0 0 0 0 0 19 0 0 0 0 0 0 0 0 0 0 0 0 0 0 0 0 0 0 0 0 0 0 0 0 0 0 1 0 0 1 0 0 0 1 0 0 0 0 0 30 4 0 0 0 4 0 0 0 0 0 0 0 0 36 2 13 9 14 13 40 38 15 76 25 22 61 1 26 40 0 8 14 6 1 0 0 0 0 0 27 0 0 0 0 0 52 0 0 0 0 0 0 23 0 0 0 0 0 0 0 0 0 0 0 0 0 0 1 0 0 0 0 0 0 0 0 0 0 0 0 0 0 0 0 0 0 0 0 0 3 155 83 0 2 19 0 0 0 0 0 0 0 12 0 0 0 0 0 0 0 0 0 0 0 0 0 0 0 0 0 0 0 0 
 3 3 3 4 3 62 3 3 3 3 3 3 3 5 3 7 5 3 7 3 23 189 200 328 233 33 53 449 0 178 231 25 97 383 106 74 126 23 321 377 7 0 0 4 0 0 0 0 8 0 3 0 0 3 3 0 1 0 65 2 3 0 2 0 3 0 2 3 0 0 1 0 1 0 0 0 0 2 0 0 0 0 0 0 1 0 0 0 0 0 0 0 0 0 0 0 0 0 0 0 11 22 12 32 24 0 8 32 24 13 32 11 1 0 34 6 7 0 0 0 0 0 0 0 2 0 21 0 0 0 0 0 0 0 0 0 0 0 15 0 0 0 0 0 0 0 0 0 0 0 0 0 0 0 0 0 1 0 0 0 0 0 0 8 0 0 2 0 0 0 0 0 0 0 0 0 0 0 2 0 11 12 8 15 0 1 38 25 0 27 27 26 9 0 13 3 9 17 15 8 2 0 0 0 0 0 32 8 0 0 0 0 32 0 0 0 2 0 0 22 0 1 0 0 0 0 2 0 0 0 0 0 0 0 0 0 0 0 0 0 0 0 4 0 0 0 0 0 0 0 0 0 0 0 6 0 0 1 90 0 3 17 0 0 0 0 1 0 0 0 0 0 0 0 0 0 0 0 0 15 0 0 0 0 2 0 0 0 0 0 
 1 0 0 0 0 2 0 1 0 0 0 0 0 18 0 0 0 0 0 0 40 12 84 223 263 346 42 127 178 0 204 49 116 55 168 171 181 120 171 210 62 0 0 1 2 0 126 0 4 2 3 0 0 62 0 2 0 0 4 0 0 0 3 0 0 0 3 3 0 0 0 0 0 0 0 0 0 2 3 3 0 0 0 0 0 0 0 0 0 0 2 0 0 0 0 0 0 0 0 0 9 13 9 25 14 15 13 0 10 0 11 19 0 19 0 1 0 1 0 0 0 33 0 0 0 0 39 0 0 0 0 0 1 2 10 0 0 0 11 37 0 0 0 0 0 0 2 0 0 0 0 0 0 0 0 0 0 1 2 0 0 0 0 0 0 0 11 4 0 0 0 4 0 0 0 0 0 0 0 0 9 4 0 13 27 23 11 13 0 20 37 20 14 3 11 0 0 0 0 0 11 0 1 0 0 0 11 0 1 0 24 0 0 14 2 19 0 0 0 23 0 0 0 0 0 0 0 0 0 0 0 0 0 0 0 0 0 0 0 1 0 0 0 0 0 0 0 0 0 0 0 0 0 0 5 0 0 0 11 2 0 0 0 0 0 0 0 0 0 0 0 0 0 0 0 0 0 0 0 19 0 0 0 0 0 0 16 0 0 9 
 0 0 0 0 0 3 0 2 0 0 0 0 0 1 0 3 4 0 0 0 29 38 54 153 337 108 27 114 231 204 0 64 100 235 203 370 85 141 41 152 2 3 0 4 0 0 14 0 6 4 3 63 63 23 1 0 0 0 1 123 0 6 3 0 0 2 3 3 0 0 0 0 0 1 0 0 2 4 3 4 0 0 0 0 0 16 0 0 1 0 24 0 0 0 0 0 0 0 0 14 11 12 19 3 0 8 11 11 18 14 12 16 0 28 35 0 10 9 0 0 0 32 0 0 0 0 29 3 9 0 0 0 0 37 1 0 10 20 14 20 0 0 0 0 0 0 0 5 0 0 0 0 14 0 0 0 22 0 0 0 0 0 0 0 0 0 10 3 0 0 0 6 0 0 0 0 0 0 0 0 11 3 40 39 12 0 11 24 29 15 36 25 13 21 11 0 18 14 0 0 1 1 0 20 0 0 25 28 0 6 3 0 0 1 46 0 14 0 15 38 0 0 1 0 0 0 0 16 0 0 0 0 0 0 1 0 1 0 0 0 0 0 0 0 0 0 0 0 0 0 0 0 0 0 0 0 2 37 5 2 4 0 0 0 0 0 0 0 0 0 0 0 0 0 0 0 0 0 0 7 0 14 0 0 0 0 4 0 0 0 
 3 5 5 3 3 6 6 4 3 3 3 3 5 5 5 5 4 6 5 5 49 39 338 38 120 200 48 34 25 49 64 0 243 24 49 49 172 88 47 264 80 0 7 0 0 0 122 25 0 70 3 0 69 66 64 65 7 0 65 130 0 0 3 0 0 0 3 3 0 0 0 0 0 0 0 0 0 3 0 0 0 0 0 0 0 0 0 0 0 0 0 0 0 0 0 0 0 0 0 0 0 0 0 0 0 13 0 0 0 0 0 17 0 0 0 0 9 0 0 0 19 0 1 0 0 0 41 0 34 15 0 9 7 35 13 0 13 14 0 22 0 0 0 0 2 2 0 6 0 0 0 0 0 0 0 0 2 0 0 0 0 0 0 0 0 0 0 0 0 0 0 0 0 0 0 0 0 0 0 0 0 0 0 1 24 33 0 0 0 0 1 5 0 12 0 0 4 17 0 2 0 12 0 2 0 0 28 0 17 0 19 0 19 50 32 40 0 5 59 0 0 3 0 3 0 0 0 0 0 1 0 0 0 0 0 0 0 0 0 0 0 0 0 0 0 0 0 0 0 0 0 0 0 0 4 0 0 0 2 6 0 0 0 0 0 0 0 0 0 0 0 0 0 2 0 0 0 0 0 0 0 0 0 0 0 9 0 0 0 1 
 0 0 0 0 168 77 0 2 0 0 74 0 0 81 0 1 0 0 0 0 80 271 275 82 73 50 347 439 97 116 100 243 0 131 492 42 216 81 114 245 0 0 0 0 0 0 0 0 60 0 8 2 4 62 0 0 0 0 0 0 0 0 53 0 4 0 3 3 0 0 0 0 0 0 0 0 0 2 0 0 0 0 0 0 19 24 0 0 0 0 0 0 1 0 0 0 0 0 0 0 26 9 14 0 0 0 65 10 0 10 18 21 11 51 0 17 5 47 7 0 1 0 0 0 0 0 0 0 0 0 0 2 0 0 0 0 0 0 0 0 0 0 0 0 0 0 0 0 0 0 0 3 0 0 0 0 2 0 0 0 0 0 0 0 1 0 4 4 0 0 21 13 0 0 0 0 0 27 0 0 42 8 20 0 0 0 17 0 25 0 43 0 52 12 0 2 14 0 28 29 0 0 0 0 0 0 0 0 0 0 0 0 0 0 0 0 0 0 0 0 0 0 0 0 0 0 0 0 0 2 0 0 0 0 0 0 0 0 0 0 0 0 0 0 0 0 0 0 0 0 0 0 0 0 0 0 4 0 74 0 2 2 0 0 0 0 14 0 0 0 0 0 0 0 0 20 0 18 0 0 0 0 0 0 0 0 0 0 0 0 
 1 1 0 0 149 0 0 2 0 0 75 0 0 0 0 2 0 0 0 1 110 223 145 80 56 43 84 186 383 55 235 24 131 0 194 126 350 350 124 355 0 0 0 0 0 0 0 0 0 0 3 3 0 0 0 0 0 0 0 1 0 0 3 0 0 0 3 3 0 0 0 0 0 0 0 0 0 2 0 0 0 0 22 0 18 0 0 2 0 0 0 12 0 0 0 10 0 0 0 0 11 0 39 0 15 10 14 12 0 18 7 14 10 41 0 28 15 33 6 0 34 0 0 0 0 0 0 0 0 0 0 0 0 2 0 0 0 0 8 21 0 0 0 0 9 0 0 0 0 20 0 4 0 0 0 0 2 0 0 0 0 0 3 0 1 0 0 7 0 13 11 7 0 0 0 0 0 10 0 0 20 16 32 1 3 21 0 0 27 10 0 7 94 44 0 21 10 26 12 0 0 0 0 0 0 0 1 0 0 0 0 0 0 0 0 0 0 0 3 7 0 0 0 18 0 0 0 0 0 2 0 0 0 0 0 0 0 0 0 0 0 0 0 0 0 0 0 0 0 0 0 0 0 20 3 0 1 79 0 1 20 2 0 0 0 0 1 0 0 0 0 0 46 0 0 15 0 18 0 0 0 0 0 0 0 12 0 0 0 0 
 0 0 1 1 73 82 0 0 1 0 0 0 0 0 91 0 2 0 0 0 458 354 55 93 92 276 333 114 106 168 203 49 492 194 0 103 126 121 369 226 0 0 0 0 0 0 0 0 0 4 3 0 3 0 0 0 0 0 0 0 0 0 3 0 0 0 3 16 0 0 0 0 0 51 0 0 0 2 0 0 2 0 0 0 0 5 0 0 0 0 0 0 0 0 0 0 8 0 0 0 26 0 15 0 0 0 5 3 34 38 17 50 3 53 3 22 30 53 1 11 14 1 0 0 0 0 0 1 0 0 0 0 0 36 0 0 0 0 0 0 2 0 0 0 0 0 0 0 0 0 0 0 0 0 0 0 2 0 0 12 0 0 0 0 8 0 6 5 0 0 0 17 0 0 0 0 0 0 0 19 44 24 20 6 0 0 43 13 25 45 32 0 19 1 0 6 17 16 0 68 0 0 0 0 0 0 29 0 2 0 0 0 2 0 28 0 0 0 0 4 0 0 0 0 0 0 0 0 0 0 0 0 0 0 0 0 0 2 0 0 0 0 21 0 0 0 0 0 0 0 0 0 0 0 18 2 1 1 44 2 3 0 0 0 0 0 2 0 0 0 0 0 0 0 0 0 0 0 0 0 0 0 0 0 0 0 8 0 0 0 
 1 0 0 0 5 0 2 5 0 0 0 0 4 0 0 3 0 0 0 2 122 70 165 133 254 104 74 78 74 171 370 49 42 126 103 0 288 339 66 85 6 0 1 10 0 1 0 0 11 2 3 0 0 0 0 0 0 1 51 62 0 0 3 0 1 2 3 3 0 0 0 0 0 0 0 0 0 2 0 0 0 1 0 0 0 0 0 0 0 0 0 0 0 0 0 0 0 0 0 0 0 59 5 29 16 24 0 9 20 29 88 11 10 0 0 11 12 0 0 0 33 1 0 0 0 0 21 0 25 0 0 2 0 38 0 0 0 0 66 18 0 4 15 0 0 0 0 0 11 0 0 0 0 0 0 0 3 0 0 0 0 0 2 0 0 0 0 0 0 0 0 0 0 0 0 0 0 0 0 0 0 18 31 48 1 28 0 22 13 23 11 53 0 1 2 1 43 14 0 0 0 0 2 0 0 0 87 21 0 0 0 0 6 0 16 0 0 0 4 28 0 0 0 0 0 0 0 9 0 0 0 0 0 0 0 13 0 0 0 0 0 0 0 0 0 0 0 0 1 0 0 0 0 0 0 0 2 2 75 0 0 0 0 0 0 0 0 0 0 0 0 0 0 0 0 0 0 0 0 12 0 0 0 0 0 0 8 0 0 0 
 14 0 0 0 0 60 0 0 0 0 2 0 201 2 0 0 0 0 0 58 101 143 249 269 43 127 141 111 126 181 85 172 216 350 126 288 0 201 22 112 0 0 0 0 0 0 0 0 2 0 3 0 0 1 0 0 4 0 75 3 12 0 3 0 3 0 3 3 0 0 83 0 0 0 0 0 0 2 0 0 0 0 0 0 0 0 0 0 0 0 2 0 0 0 0 0 0 0 0 0 0 0 37 41 12 0 0 0 0 19 12 11 0 16 1 0 48 30 0 11 8 0 0 0 0 0 33 0 0 0 0 0 0 4 45 0 0 0 20 6 0 0 0 0 0 0 0 0 0 0 0 0 0 0 0 0 1 0 2 0 0 0 0 0 0 0 0 2 0 0 0 3 0 0 0 0 0 0 0 0 0 0 11 11 44 2 32 8 23 51 10 26 23 34 0 9 13 13 23 19 11 10 1 0 0 0 15 8 0 0 0 0 0 14 0 0 0 0 8 42 0 2 1 0 0 0 0 0 0 6 0 0 0 0 0 0 0 0 0 0 0 0 0 0 0 0 0 0 0 0 0 0 0 0 11 0 2 2 75 0 17 0 0 0 0 0 16 0 0 0 0 0 0 0 0 0 0 0 0 0 0 15 0 0 0 33 0 0 0 0 
 0 0 2 2 5 0 0 2 2 0 0 0 2 0 0 207 0 208 200 0 199 32 142 92 122 83 418 339 23 120 141 88 81 350 121 339 201 0 101 37 0 0 53 0 0 0 63 0 0 0 3 0 0 68 0 0 7 0 7 0 0 0 3 0 0 0 3 3 0 0 0 2 0 0 2 0 0 4 2 2 0 0 0 21 0 0 0 0 0 0 0 0 0 19 0 2 0 0 0 0 0 20 6 16 17 63 0 18 1 24 18 10 14 3 0 15 12 13 1 0 35 7 0 0 0 0 15 2 0 2 0 0 1 0 19 0 0 0 9 30 0 0 0 0 0 0 0 0 1 0 0 0 14 0 0 0 0 0 0 0 0 0 1 0 9 0 0 1 0 2 0 1 0 0 0 2 0 1 0 0 0 17 13 0 37 85 0 0 34 40 11 17 1 14 0 32 18 1 2 9 14 0 0 0 0 0 43 4 0 4 18 0 18 1 13 14 0 0 11 12 0 4 0 0 0 0 8 0 0 0 0 0 0 0 0 0 0 0 0 0 0 0 0 0 0 0 0 0 0 0 0 0 0 0 4 0 0 4 1 1 12 0 0 0 0 62 0 0 0 0 0 1 0 12 0 0 0 0 0 13 0 14 0 0 0 0 0 0 0 0 
 85 0 0 40 75 2 80 0 36 92 76 209 0 2 0 62 103 146 0 0 37 26 43 288 83 125 311 48 321 171 41 47 114 124 369 66 22 101 0 103 0 0 0 3 0 0 0 0 33 0 3 0 0 0 0 0 0 0 1 24 0 0 3 0 0 3 3 3 0 0 2 0 0 3 0 0 3 14 0 2 0 0 16 0 0 28 0 0 64 2 0 9 0 7 0 9 0 21 0 0 0 8 0 0 0 12 19 14 11 12 14 42 39 8 9 13 13 15 14 20 0 0 0 0 0 0 0 0 0 0 0 0 0 0 0 0 0 0 0 0 0 0 0 0 0 0 1 0 22 0 2 0 0 0 0 0 2 1 0 9 0 16 0 0 10 0 0 0 11 14 9 0 0 0 5 8 0 0 0 0 0 0 81 0 0 10 8 10 20 0 15 0 0 30 0 0 24 0 7 9 0 0 2 0 0 0 0 0 0 0 0 0 0 0 2 0 0 0 0 2 0 0 2 0 0 0 0 0 0 0 0 0 0 15 0 0 0 0 0 2 0 0 8 0 0 4 0 0 0 0 0 0 0 0 0 2 3 0 0 0 0 2 0 0 0 2 0 0 0 0 0 0 0 0 0 0 0 0 0 0 0 0 0 0 0 0 0 0 0 0 
 0 0 0 0 90 243 2 2 0 2 17 75 0 0 1 0 4 0 0 0 270 117 130 63 87 59 319 217 377 210 152 264 245 355 226 85 112 37 103 0 0 0 0 0 0 0 0 0 0 1 4 7 4 61 0 0 0 0 0 0 0 0 10 0 3 0 3 3 0 0 0 0 0 0 0 49 0 4 0 0 0 0 1 0 9 24 0 0 1 0 0 0 38 0 0 0 0 14 0 0 38 11 21 0 8 0 27 0 1 0 26 32 1 27 9 63 13 0 8 2 0 0 1 0 0 0 0 0 0 0 0 0 0 0 0 0 0 0 0 0 0 0 0 0 0 2 1 0 0 0 0 4 0 0 0 0 0 2 0 0 0 0 0 7 0 0 4 0 0 1 13 20 0 0 0 0 3 20 0 19 56 10 0 1 0 0 23 1 0 31 1 0 23 13 15 0 19 32 28 40 0 0 0 0 0 0 0 0 0 0 0 0 0 0 2 0 0 0 0 0 0 0 0 0 0 0 0 0 0 0 0 0 0 0 0 0 0 0 0 0 0 0 0 0 0 0 2 0 0 0 0 0 0 0 13 0 0 4 75 0 0 2 0 0 0 0 12 0 0 0 0 0 0 0 0 18 0 9 0 0 0 0 0 0 0 7 0 0 0 0 
 0 0 0 0 0 0 0 0 0 0 0 0 0 0 0 0 0 0 2 0 0 0 0 62 86 128 0 0 7 62 2 80 0 0 0 6 0 0 0 0 0 293 92 116 246 38 119 350 174 39 199 23 56 292 144 26 243 41 102 110 5 0 0 0 3 0 1 0 0 0 0 0 0 0 0 0 0 0 0 0 0 0 0 0 0 0 0 0 0 0 0 0 0 0 0 0 0 0 0 7 0 0 0 9 8 0 0 0 0 0 0 0 0 0 0 0 13 0 15 0 22 20 21 1 0 0 12 0 30 30 0 6 1 14 35 9 18 0 28 0 0 0 0 0 0 0 0 0 0 0 0 0 1 5 0 0 1 9 0 0 0 6 0 0 0 0 0 0 0 0 0 0 0 0 0 0 15 0 0 0 0 0 0 10 9 0 0 0 0 0 0 15 0 0 2 0 0 0 0 0 22 9 15 0 7 0 0 1 25 0 3 0 0 21 20 27 7 31 26 0 0 0 0 0 0 0 0 0 0 0 0 0 0 0 0 0 0 0 0 0 0 0 0 0 0 0 0 0 0 0 0 13 0 16 0 0 0 0 0 0 0 0 1 0 0 0 0 0 0 0 0 0 0 0 0 0 0 0 0 0 0 0 0 0 0 0 0 0 0 0 
 0 0 0 0 0 0 0 0 0 50 0 0 0 0 0 0 0 0 0 0 0 0 0 76 0 63 66 0 0 0 3 0 0 0 0 0 0 0 0 0 293 0 165 189 32 48 87 168 53 358 72 69 113 113 66 39 74 90 283 47 39 0 0 0 41 0 0 0 0 3 3 0 49 25 0 0 1 6 4 1 0 0 0 0 0 0 0 0 0 0 0 16 48 0 0 0 0 0 0 0 0 0 0 0 0 0 0 12 0 0 0 0 0 0 0 0 0 0 0 0 2 11 8 30 10 0 14 0 0 30 6 35 10 0 0 0 0 12 0 27 6 0 4 0 0 0 1 10 9 5 0 0 23 2 0 0 8 0 0 4 0 0 0 0 0 0 1 0 0 0 0 0 5 0 0 0 0 0 0 0 0 0 6 0 0 0 0 0 0 0 0 0 0 0 0 0 0 0 0 0 75 19 0 18 35 26 14 20 0 23 13 0 0 0 30 13 7 20 0 1 17 0 0 0 0 8 8 1 10 0 3 0 0 0 0 1 0 0 0 14 0 0 0 0 0 0 0 0 0 0 0 7 0 1 0 0 0 0 0 7 0 0 1 0 65 6 0 0 0 0 30 0 0 0 0 0 0 0 0 0 0 0 0 0 3 0 0 0 0 0 
 0 0 0 0 1 4 31 2 2 0 0 0 0 0 0 0 4 0 0 0 0 0 0 0 0 0 0 0 0 0 0 7 0 0 0 1 0 53 0 0 92 165 0 196 36 259 123 180 158 316 128 30 268 86 50 98 169 42 32 246 0 0 0 0 2 3 0 3 0 0 0 7 77 0 0 0 25 2 51 23 0 0 0 0 0 0 0 0 0 0 0 0 0 14 0 0 0 0 0 0 0 0 0 1 15 0 0 1 0 0 0 0 0 4 0 0 0 0 0 0 0 0 3 37 9 8 0 0 0 86 0 52 14 9 0 20 10 27 4 9 18 0 2 0 0 0 0 18 0 0 0 0 46 0 0 0 0 0 19 4 0 0 0 0 0 0 0 0 0 0 0 0 8 0 0 0 0 4 0 0 0 0 0 0 0 0 0 0 0 0 0 0 8 0 0 0 0 10 0 0 0 23 33 7 17 74 25 0 12 28 8 0 7 7 20 12 7 46 7 0 0 24 0 0 13 0 28 0 0 0 0 0 13 0 0 10 0 0 0 13 0 0 6 0 0 0 0 0 0 0 0 5 0 0 0 0 0 0 0 2 0 0 71 0 66 68 0 0 0 0 0 0 0 0 0 0 0 0 0 0 0 0 0 0 52 16 0 0 2 0 
 0 0 0 28 2 0 5 2 0 0 0 0 0 0 0 0 0 0 0 0 273 0 0 0 4 0 0 71 4 1 4 0 0 0 0 10 0 0 3 0 116 189 196 0 78 44 437 87 83 163 115 57 62 106 219 61 208 76 80 81 66 0 0 0 0 7 0 0 0 0 0 0 29 0 0 0 0 3 0 0 0 0 0 0 0 0 0 0 0 0 0 0 0 0 0 0 0 0 0 0 0 17 0 0 8 0 0 5 5 9 2 0 0 0 11 0 0 0 0 0 13 12 0 44 13 18 3 19 0 28 5 20 10 0 0 10 0 0 0 0 1 0 0 1 0 0 0 0 0 0 0 0 13 4 0 0 0 9 0 9 0 0 0 0 0 0 0 0 0 0 0 0 6 0 0 0 0 7 0 0 0 0 3 0 0 0 2 2 11 0 0 2 0 0 4 0 0 0 0 0 9 13 0 60 22 25 12 0 21 8 10 11 0 0 6 19 0 20 0 0 0 0 1 0 0 0 18 0 17 0 0 0 11 0 0 0 0 0 0 11 0 0 0 0 0 0 0 0 0 0 0 13 64 1 0 0 0 0 0 9 0 1 0 0 2 11 3 11 0 0 0 0 0 0 0 0 0 0 0 0 0 0 0 0 9 0 0 0 0 0 
 1 1 0 8 5 7 0 3 0 63 3 6 1 0 0 10 0 0 0 0 0 0 1 0 0 0 0 0 0 2 0 0 0 0 0 0 0 0 0 0 246 32 36 78 0 287 46 289 115 534 110 195 51 73 398 74 353 320 85 69 0 0 0 5 0 0 0 51 209 0 0 0 1 1 0 0 16 0 25 0 0 3 3 0 6 0 0 0 0 9 0 3 0 0 0 5 0 0 0 0 0 0 0 0 0 0 0 0 0 0 0 0 0 0 0 0 0 0 0 3 0 0 14 1 14 21 0 0 0 0 0 18 0 0 0 15 18 12 0 0 0 0 0 10 0 0 29 13 20 0 4 0 19 19 21 0 0 0 38 37 0 9 0 1 1 0 13 0 24 2 0 0 0 0 0 0 0 5 0 0 0 5 0 0 0 0 0 0 0 0 0 0 7 1 0 0 0 0 0 0 0 0 0 0 0 16 0 0 0 0 0 34 0 0 0 0 0 38 0 0 25 29 7 0 0 0 35 11 0 13 10 0 5 0 0 9 8 0 25 1 10 15 0 0 0 0 2 0 0 0 0 1 0 1 0 0 0 0 0 2 0 1 1 3 1 1 1 0 4 0 0 0 0 0 0 0 0 0 0 0 0 0 0 0 0 0 0 0 0 0 
 0 0 0 0 0 2 0 3 0 0 0 0 0 0 0 1 4 0 0 0 0 0 0 0 0 4 0 0 0 0 0 0 0 0 0 1 0 0 0 0 38 48 259 44 287 0 234 269 264 115 312 183 251 45 175 79 125 29 32 53 1 1 0 7 0 0 1 0 0 0 0 0 106 0 70 53 52 0 131 20 0 0 0 0 0 0 0 0 0 0 0 0 0 0 0 0 0 0 0 0 0 0 0 0 0 1 0 0 0 0 0 0 0 0 0 0 0 0 0 0 0 8 4 8 44 0 0 17 6 2 9 6 0 0 0 0 13 0 0 0 13 0 6 27 0 0 0 12 13 0 6 0 0 0 10 0 4 0 31 3 0 0 0 0 0 0 0 0 0 0 0 0 0 0 0 0 0 0 0 0 0 0 0 0 0 0 0 0 0 12 0 0 0 0 0 0 0 0 0 0 0 0 40 6 0 1 0 0 0 10 2 1 0 0 0 0 2 1 0 0 49 10 17 0 0 0 15 0 26 0 11 0 2 0 0 10 9 5 70 25 0 0 0 0 0 0 0 0 0 0 0 11 0 0 0 0 0 0 0 0 0 0 64 0 1 0 0 0 1 0 0 0 0 0 0 0 0 6 0 0 0 0 3 0 8 0 0 5 1 0 
 0 0 0 0 0 0 0 0 0 0 0 0 0 2 0 0 0 0 0 0 0 0 0 108 84 153 0 0 0 126 14 122 0 0 0 0 0 63 0 0 119 87 123 437 46 234 0 474 349 266 115 41 384 166 84 109 34 48 50 79 0 0 0 0 0 0 0 0 0 0 0 0 50 0 0 0 0 0 0 0 0 0 0 0 0 0 0 0 0 0 0 0 0 0 0 0 0 0 0 0 0 0 0 12 0 8 0 0 1 0 0 0 0 0 0 0 0 0 0 0 9 31 14 2 0 0 29 1 0 15 0 19 7 9 52 8 1 0 22 4 0 0 0 0 0 0 0 0 0 0 0 0 28 7 0 0 1 8 0 0 0 0 0 0 0 0 0 0 0 0 0 0 6 0 9 0 0 0 0 0 0 0 0 0 31 21 0 0 0 0 0 0 0 0 0 0 0 0 0 0 7 10 0 14 14 0 20 0 14 22 21 0 0 30 23 58 0 33 14 13 0 0 0 0 0 0 0 0 0 0 4 0 0 0 0 0 0 0 0 0 0 0 0 0 0 0 0 0 0 29 0 6 0 2 1 0 0 0 0 7 0 0 1 0 0 10 0 0 0 0 0 0 0 0 0 0 0 0 0 0 0 0 0 0 0 3 1 0 0 0 
 0 0 0 0 0 0 0 0 0 0 4 0 0 0 0 2 0 1 0 0 0 0 0 0 61 92 0 0 0 0 0 25 0 0 0 0 0 0 0 0 350 168 180 87 289 269 474 0 80 308 169 71 106 178 64 110 74 241 150 53 3 0 0 0 1 5 0 3 2 2 0 2 4 2 0 0 53 3 7 2 0 0 0 0 0 0 0 0 0 0 0 0 0 0 0 0 0 0 0 0 0 0 0 0 0 2 4 0 0 0 0 0 0 0 0 0 0 0 0 0 11 13 7 23 14 9 10 5 30 48 0 10 12 3 5 0 3 8 0 8 0 0 0 0 0 0 0 0 0 0 0 0 23 2 0 0 0 0 11 0 0 0 0 0 0 1 0 0 0 0 3 0 0 0 0 2 0 0 0 0 0 0 0 0 0 22 0 0 0 0 0 0 12 0 0 0 0 0 0 0 0 2 11 9 25 29 15 1 25 6 30 0 0 15 17 22 21 2 20 1 0 0 0 0 0 0 0 0 0 0 0 0 11 0 0 0 17 0 0 20 0 0 0 0 0 0 0 0 0 33 0 8 0 2 0 0 0 0 0 0 0 0 1 0 0 1 1 0 1 0 12 0 0 0 0 0 0 0 0 0 0 0 2 0 0 0 0 0 0 0 
 0 0 0 0 0 0 0 2 0 0 0 0 0 0 0 0 0 0 0 0 0 93 6 9 42 0 0 7 8 4 6 0 60 0 0 11 2 0 33 0 174 53 158 83 115 264 349 80 0 469 166 39 427 116 229 181 157 24 91 146 0 0 0 0 0 5 0 4 0 2 3 4 4 0 0 0 54 0 0 0 0 0 0 0 0 0 0 0 0 0 0 0 0 0 5 0 0 0 0 0 0 7 0 2 41 5 0 5 0 0 2 0 0 0 0 0 0 0 15 0 1 0 47 0 0 11 8 3 19 12 10 0 0 0 21 15 28 66 13 19 0 0 0 0 0 0 13 0 0 0 0 0 14 12 7 0 1 37 8 5 7 0 0 0 0 0 0 9 6 5 0 0 0 0 0 0 0 0 0 0 0 0 0 0 0 0 0 6 0 0 0 4 0 0 6 0 0 0 0 0 17 17 9 20 9 28 19 33 25 12 0 6 0 0 11 31 24 16 20 5 0 3 0 0 0 0 10 0 0 0 0 0 11 0 0 0 0 0 0 11 0 0 0 0 0 0 0 0 0 0 0 5 0 2 0 0 0 0 3 1 0 0 0 38 0 4 0 0 0 0 0 0 0 0 0 0 0 0 0 0 0 16 0 0 0 0 0 15 0 0 
 0 0 0 0 0 0 0 0 0 0 0 0 0 0 0 61 0 0 0 0 0 0 0 0 2 62 0 0 0 2 4 70 0 0 4 2 0 0 0 1 39 358 316 163 534 115 266 308 469 0 154 64 120 145 171 207 224 188 316 110 0 4 0 3 0 0 0 7 206 2 0 3 75 0 3 0 0 0 0 55 0 0 0 0 0 0 0 0 0 0 0 0 0 0 0 0 1 0 0 0 0 0 0 0 0 0 0 0 0 0 0 0 0 0 0 0 0 0 0 0 0 0 0 22 10 0 22 0 0 14 10 34 0 0 0 0 1 16 0 0 5 10 3 19 0 0 0 12 0 0 1 0 48 0 0 6 0 2 8 16 0 0 0 0 0 0 0 0 0 0 0 0 13 0 0 0 0 0 0 0 0 0 0 0 0 0 0 0 11 0 0 0 0 0 0 0 0 0 0 0 0 31 13 36 24 7 31 0 1 19 0 8 0 0 22 7 0 11 0 0 10 12 1 0 10 9 41 0 11 0 0 0 0 0 0 0 0 11 17 0 0 0 0 0 0 0 0 0 0 0 0 0 0 0 0 0 0 0 0 17 0 0 2 0 35 13 9 14 0 0 0 0 0 0 0 0 0 0 0 0 0 0 0 0 43 0 0 0 0 0 
 0 0 0 0 0 0 0 3 0 0 1 0 0 0 0 0 69 0 0 0 3 3 3 3 8 65 3 3 3 3 3 3 8 3 3 3 3 3 3 4 199 72 128 115 110 312 115 169 166 154 0 48 160 322 363 338 115 57 330 138 0 0 3 0 0 5 0 5 0 3 0 1 81 0 2 0 0 2 0 0 0 0 0 0 0 0 0 0 0 0 0 0 0 0 0 0 0 0 0 0 0 0 0 0 0 0 0 0 0 0 0 0 0 0 0 0 0 0 0 0 20 18 11 34 0 18 17 0 6 61 10 21 10 0 0 1 9 9 0 0 0 0 0 0 0 0 0 0 0 0 0 11 38 5 0 0 0 6 11 0 0 0 0 0 0 0 0 0 0 0 0 0 30 0 0 0 15 0 0 0 0 0 0 0 0 0 0 0 0 0 0 0 0 0 0 0 0 0 0 0 21 60 0 13 43 23 14 11 11 18 11 0 0 0 21 19 18 10 0 0 0 0 0 0 5 0 0 0 0 0 0 0 9 0 0 0 0 0 0 17 0 0 0 0 0 0 0 0 1 0 0 12 0 0 0 0 0 0 0 15 0 0 1 0 1 12 2 0 0 0 0 0 0 0 0 0 0 0 0 0 0 0 0 0 0 0 0 9 2 0 
 0 0 0 0 4 0 0 0 0 0 0 1 0 0 0 0 0 2 0 0 6 3 0 0 0 0 0 0 0 0 63 0 2 3 0 0 0 0 0 7 23 69 30 57 195 183 41 71 39 64 48 0 28 55 26 251 298 133 36 59 0 0 1 6 0 0 1 3 0 0 0 0 0 0 57 0 0 0 74 0 0 0 7 0 2 0 0 0 0 0 0 5 0 0 0 7 0 0 0 10 2 0 0 0 0 0 8 0 0 0 0 0 13 0 0 2 0 0 0 0 0 0 0 19 59 17 0 0 0 14 50 4 18 0 0 0 0 0 0 0 0 1 0 14 0 0 13 8 17 0 21 0 1 14 6 0 10 0 28 11 0 1 0 0 0 0 0 0 0 0 0 11 0 0 0 0 0 0 2 0 2 0 0 0 0 0 0 14 0 0 0 0 0 4 0 0 0 0 0 0 1 0 0 0 18 9 0 0 0 0 29 26 0 0 0 0 13 2 0 0 13 7 15 7 0 0 0 0 29 0 0 0 8 0 0 0 20 0 20 29 0 0 0 0 0 0 0 0 0 0 0 0 0 1 0 0 0 2 0 1 0 0 2 0 0 8 2 5 0 0 3 0 0 0 0 0 0 0 0 0 0 0 0 0 0 0 0 0 1 0 
 0 0 0 0 0 0 0 0 0 0 0 0 0 0 0 0 0 0 0 0 0 2 0 0 123 55 4 0 0 0 63 69 4 0 3 0 0 0 0 4 56 113 268 62 51 251 384 106 427 120 160 28 0 390 104 47 23 23 128 295 5 0 0 0 0 0 0 0 0 0 0 0 0 0 0 0 51 1 0 0 0 0 1 0 0 0 0 0 2 0 0 15 0 0 0 1 0 0 0 25 2 0 0 0 0 20 7 0 0 0 0 2 6 0 0 6 0 0 0 0 8 9 25 8 0 0 25 7 22 21 0 20 11 10 10 10 15 4 20 30 0 0 0 0 0 0 0 5 0 0 0 0 36 0 0 0 0 0 0 0 23 0 0 0 0 0 0 0 0 0 5 8 0 0 0 0 0 0 0 0 0 0 0 0 9 0 0 0 0 11 1 0 0 0 0 0 0 0 0 3 21 10 0 18 8 0 16 11 40 8 0 0 0 2 28 0 8 6 28 12 0 0 0 0 0 0 0 0 0 0 0 0 7 0 0 0 4 0 0 0 0 0 31 0 0 0 0 0 0 33 0 16 0 2 0 0 0 63 0 1 1 0 0 0 0 1 0 0 0 21 0 0 0 0 0 0 0 0 0 0 0 16 0 0 0 11 0 0 0 11 
 0 0 0 0 40 34 0 0 0 0 0 0 28 0 0 0 4 3 0 0 0 0 2 65 70 117 63 0 3 62 23 66 62 0 0 0 1 68 0 61 292 113 86 106 73 45 166 178 116 145 322 55 390 0 295 102 74 81 126 398 0 0 0 0 5 0 0 0 0 0 0 0 1 2 0 0 0 0 0 0 0 0 0 19 0 2 0 0 1 0 0 0 0 0 0 0 0 0 0 0 0 3 10 0 1 7 0 0 0 0 0 0 1 32 0 0 8 0 0 0 7 62 2 14 0 0 23 2 9 21 0 19 7 29 15 7 26 56 1 25 0 0 0 0 0 0 0 4 0 0 0 0 17 0 0 0 2 0 0 0 0 0 0 0 0 0 0 0 0 2 1 0 0 0 0 0 0 16 0 0 0 0 0 0 39 31 1 0 0 2 0 0 0 1 8 14 6 1 1 0 19 0 0 27 12 0 10 44 1 4 20 0 0 15 19 24 0 0 17 30 0 3 0 0 0 0 0 0 0 0 0 0 0 0 0 0 0 0 0 0 0 0 0 0 0 0 0 10 2 0 0 5 0 1 0 0 1 28 0 2 0 0 0 0 0 2 17 0 0 0 0 0 2 0 0 0 0 0 0 1 0 19 0 0 0 0 0 0 0 0 
 3 3 3 3 3 3 3 3 3 3 3 3 3 6 3 5 3 5 9 3 0 0 0 0 65 0 0 0 3 0 1 64 0 0 0 0 0 0 0 0 144 66 50 219 398 175 84 64 229 171 363 26 104 295 0 164 322 256 284 372 12 0 4 0 5 2 2 0 55 8 13 3 6 16 5 10 2 3 1 2 0 0 0 0 0 0 0 0 0 0 0 0 0 0 0 0 0 0 0 0 0 0 0 0 0 4 0 0 0 0 0 0 2 0 0 0 0 0 0 0 14 29 28 9 0 1 6 16 0 1 0 6 0 0 12 20 11 18 10 26 0 6 4 0 0 5 0 23 0 0 0 0 0 16 12 0 0 9 0 12 0 0 0 0 0 0 0 0 4 5 0 0 0 0 0 0 0 1 0 0 0 0 0 0 0 0 14 0 0 0 0 0 0 0 0 0 0 0 0 0 17 0 0 1 5 16 0 8 6 0 0 10 0 0 10 21 0 47 15 0 40 0 0 0 0 0 6 2 2 0 0 0 1 0 7 2 5 0 0 0 0 0 0 0 0 0 0 0 0 0 0 10 0 0 0 0 0 1 0 0 0 0 0 69 64 2 8 0 0 0 6 4 0 0 0 0 0 0 0 0 0 0 0 0 2 20 0 4 2 0 
 0 0 0 0 0 0 0 2 0 0 0 2 0 0 0 0 0 0 0 0 0 0 0 7 0 42 0 0 0 2 0 65 0 0 0 0 0 0 0 0 26 39 98 61 74 79 109 110 181 207 338 251 47 102 164 0 146 37 117 72 0 0 0 0 0 2 0 7 0 0 0 0 67 0 0 0 0 5 50 47 0 0 0 0 0 0 0 0 0 0 0 0 0 0 10 0 0 0 0 0 0 0 0 0 0 7 0 0 0 0 0 0 0 0 0 0 0 0 0 0 9 9 18 0 26 7 0 20 39 79 0 10 10 10 3 9 9 25 7 12 0 18 5 0 0 0 0 0 0 0 0 0 27 6 12 38 0 0 27 15 0 0 0 15 0 0 0 0 0 2 0 0 0 0 0 0 0 9 0 0 0 0 0 0 0 27 0 0 0 0 0 0 0 0 0 0 0 0 0 0 1 17 16 0 16 9 0 29 23 6 19 1 6 30 17 20 5 5 15 0 0 20 0 0 20 0 4 0 0 0 0 0 0 0 0 0 0 0 1 0 0 0 1 0 0 0 0 0 0 0 0 3 0 1 0 0 0 0 0 0 0 15 66 12 2 2 0 0 0 0 0 0 0 28 0 0 0 0 0 0 0 0 0 0 13 0 0 13 0 0 
 3 3 3 3 3 71 3 3 3 3 3 3 3 5 3 5 9 3 3 3 0 2 1 0 1 1 1 0 1 0 0 7 0 0 0 0 4 7 0 0 243 74 169 208 353 125 34 74 157 224 115 298 23 74 322 146 0 496 59 44 0 0 0 0 0 0 0 0 0 0 0 0 20 0 0 0 5 0 8 63 0 0 5 0 0 0 0 0 0 0 0 0 0 0 0 0 0 0 22 0 0 0 9 3 0 0 0 0 0 0 0 0 0 0 0 0 0 0 0 0 15 0 0 21 0 12 0 1 0 0 8 1 0 22 6 13 18 18 0 11 27 0 21 0 0 0 8 16 0 0 0 7 1 9 14 9 1 0 24 64 0 0 0 0 0 0 0 0 11 0 28 0 15 0 0 0 0 0 1 0 0 0 0 0 10 7 0 0 0 9 0 0 0 0 0 4 7 5 0 0 0 5 15 36 14 26 0 5 0 10 21 20 4 0 12 26 0 37 5 0 29 9 0 0 0 0 59 0 0 1 0 0 9 0 0 0 1 0 24 0 0 0 6 0 0 0 0 0 0 0 0 69 0 1 0 0 0 0 0 1 0 0 1 63 71 0 1 65 1 0 0 0 0 0 0 0 0 0 0 0 0 4 0 0 25 0 0 0 0 0 
 2 2 2 2 2 2 2 4 2 2 2 2 2 2 2 4 2 2 2 2 0 0 0 0 0 0 0 0 0 0 0 0 0 0 0 1 0 0 0 0 41 90 42 76 320 29 48 241 24 188 57 133 23 81 256 37 496 0 33 44 0 0 0 0 0 0 2 0 0 0 0 0 50 50 0 0 0 0 123 1 0 0 0 0 0 0 0 0 0 0 0 0 0 0 0 0 0 0 0 0 0 0 0 0 0 0 0 0 0 0 0 0 0 0 0 0 0 0 0 0 0 0 0 9 35 8 0 0 0 0 33 16 0 0 0 0 0 9 0 0 10 0 0 1 16 0 21 58 0 0 0 0 10 3 0 11 0 0 8 29 0 0 0 0 0 0 0 0 0 10 0 0 0 0 0 0 0 0 1 0 0 0 0 0 0 0 0 0 0 0 0 0 0 0 0 0 0 0 0 14 0 0 0 17 10 35 0 0 0 0 12 35 0 0 0 0 0 11 0 0 23 10 1 0 0 0 81 0 20 0 0 0 9 4 0 0 10 3 28 1 0 0 0 0 0 0 0 0 0 0 0 5 0 2 0 0 0 0 0 1 0 1 0 1 67 4 3 9 3 0 0 0 0 0 0 0 0 0 0 0 0 0 0 0 0 0 0 0 0 0 
 0 0 0 0 0 1 0 0 0 0 0 0 0 3 0 3 0 0 0 2 1 20 104 39 0 64 0 30 65 4 1 65 0 0 0 51 75 7 1 0 102 283 32 80 85 32 50 150 91 316 330 36 128 126 284 117 59 33 0 171 7 2 0 0 0 5 0 0 0 0 4 0 0 0 0 0 3 15 0 4 0 0 0 0 0 0 0 0 0 0 0 0 0 0 0 0 0 0 0 0 0 1 21 32 7 18 0 0 0 14 5 35 0 0 0 0 8 0 0 0 22 0 21 0 0 0 19 0 32 24 8 0 8 10 16 0 9 0 9 22 0 0 0 0 0 19 0 1 0 0 0 0 0 0 0 0 1 0 0 0 0 0 10 0 0 0 0 0 0 0 0 0 0 0 0 0 0 0 0 0 0 0 0 39 9 12 18 1 0 22 35 16 0 0 18 9 6 23 0 0 21 10 0 0 0 0 19 18 14 0 0 0 25 16 15 0 8 0 16 4 0 3 0 0 0 0 0 0 0 0 0 0 0 0 0 0 0 0 0 0 0 0 0 0 0 0 0 0 0 0 0 4 0 0 0 0 0 0 6 0 1 9 0 0 0 1 2 0 0 0 0 0 0 0 0 0 0 0 0 0 0 3 0 0 0 0 0 0 2 0 
 0 0 0 0 0 0 0 0 0 0 0 0 0 0 31 0 0 0 0 0 0 62 65 2 1 64 0 0 2 0 123 130 0 1 0 62 3 0 24 0 110 47 246 81 69 53 79 53 146 110 138 59 295 398 372 72 44 44 171 0 1 0 0 0 0 0 0 0 0 4 0 0 0 2 0 0 0 1 0 0 0 0 0 0 0 7 0 0 0 0 0 0 0 0 0 0 0 1 0 0 0 0 0 0 14 11 0 0 0 0 18 2 0 0 0 0 14 0 0 0 0 0 8 1 0 11 15 20 26 0 20 13 0 32 8 14 15 0 0 10 4 0 0 0 0 0 0 35 22 0 0 0 4 2 0 0 0 0 0 3 1 0 0 0 0 0 0 0 0 0 0 0 0 0 0 0 0 0 0 0 0 0 0 34 2 0 0 0 0 0 13 27 0 0 0 0 0 0 0 0 3 20 0 2 18 4 1 0 4 8 0 0 13 38 0 0 21 18 12 10 0 0 0 0 0 0 6 0 0 0 0 0 10 9 6 0 0 0 7 0 0 0 0 0 0 0 0 0 0 0 0 7 0 0 0 0 0 61 0 1 0 0 0 0 0 2 2 0 2 0 0 0 1 0 0 0 0 0 0 0 0 1 0 0 5 17 0 6 0 0 
 0 1 0 0 1 2 0 2 0 0 0 0 0 0 0 0 0 0 0 0 0 0 0 0 0 0 0 0 3 0 0 0 0 0 0 0 12 0 0 0 5 39 0 66 0 1 0 3 0 0 0 0 5 0 12 0 0 0 7 1 0 178 117 172 53 33 217 45 79 108 30 93 68 154 117 99 46 155 112 54 0 0 0 0 0 0 0 0 0 0 0 0 0 0 0 0 0 0 0 0 0 0 0 0 0 0 0 0 0 0 0 0 0 0 0 0 0 0 0 0 0 0 9 0 0 0 4 0 0 0 27 4 0 0 0 0 0 0 0 16 14 18 9 10 38 5 14 0 2 32 8 9 0 0 0 30 19 19 0 14 0 0 0 0 0 0 0 0 0 0 0 0 0 0 0 2 3 0 1 2 0 0 15 0 0 0 0 0 0 0 0 0 0 0 0 0 0 0 0 0 34 4 0 0 0 0 0 1 0 0 0 0 0 0 0 0 0 0 0 0 19 0 6 3 46 20 0 7 27 10 32 16 0 13 62 21 7 40 0 0 0 0 0 0 0 0 0 0 0 0 0 0 0 0 14 0 26 0 0 0 0 0 1 74 0 0 0 0 0 0 40 2 30 0 0 1 0 0 0 0 0 0 0 0 0 0 0 0 0 0 
