 0 78 172 136 120 34 232 271 140 22 34 205 141 145 138 254 207 133 123 43 3 0 3 3 0 3 0 0 2 0 0 0 1 4 5 41 2 2 0 0 0 3 0 0 3 0 3 0 0 0 3 0 0 6 0 0 3 3 3 0 1 0 0 0 0 3 3 0 3 1 3 0 0 5 0 3 42 2 0 0 16 8 45 0 6 5 0 38 0 29 18 0 28 9 10 28 49 28 14 12 10 0 0 0 0 0 0 0 6 0 0 0 8 0 0 0 0 0 0 0 0 0 0 0 0 0 17 0 0 0 0 0 0 0 0 0 0 0 0 0 0 0 0 0 0 0 10 0 0 0 0 0 0 0 0 0 0 0 0 0 66 1 43 0 9 44 0 10 9 11 11 10 16 32 52 10 27 0 9 12 0 0 0 0 0 0 0 0 0 0 0 0 12 14 0 0 0 0 2 0 0 0 0 0 0 0 0 0 0 23 0 0 0 0 0 0 0 0 11 0 0 0 0 0 0 0 0 0 0 0 0 0 0 0 0 0 0 0 21 0 0 0 0 0 0 2 0 0 1 2 12 5 0 2 0 0 0 0 0 0 0 0 0 0 0 0 0 0 0 0 0 0 0 0 0 0 34 0 0 0 0 0 0 0 0 0 0 0 0 0 
 78 0 302 127 337 28 63 164 260 61 28 201 163 55 155 202 111 128 252 213 1 0 5 2 75 3 0 2 3 3 2 3 2 0 3 0 0 2 76 0 0 5 56 3 3 2 0 0 0 0 63 0 0 3 0 0 0 4 6 3 0 2 0 0 2 2 3 0 5 0 3 31 0 5 2 1 1 2 2 2 0 0 1 0 2 12 24 47 15 0 27 19 0 14 47 39 2 0 15 0 0 16 0 0 0 0 0 2 0 0 0 0 11 0 1 0 0 0 0 10 0 0 2 0 0 0 0 21 0 17 0 0 1 0 0 0 0 0 0 0 0 0 0 0 0 0 0 0 0 69 0 0 0 0 0 0 0 0 0 0 5 19 0 14 0 0 20 18 0 8 0 0 16 2 14 33 28 12 0 0 17 0 0 1 0 0 0 0 0 0 0 0 0 1 9 0 0 0 19 57 0 0 0 0 0 0 0 0 0 1 0 0 0 0 0 0 0 0 0 0 0 0 0 0 0 0 0 0 0 0 1 0 0 4 0 1 0 0 0 0 0 0 0 0 0 0 3 1 0 44 0 8 15 0 0 0 1 0 0 0 2 0 0 0 0 0 0 0 3 0 0 0 0 0 0 19 11 0 0 0 0 0 0 0 0 0 0 0 0 0 
 172 302 0 205 55 157 67 300 67 92 218 161 61 168 142 62 294 212 46 51 73 0 0 0 0 3 0 0 0 0 0 0 59 7 3 4 0 2 0 61 0 3 0 0 2 0 0 0 0 0 2 77 0 3 0 0 0 2 3 0 0 0 0 0 3 2 2 0 40 4 3 0 0 3 0 0 0 0 0 0 0 0 33 24 27 9 0 35 17 19 29 39 0 18 27 25 58 0 0 15 0 0 8 0 0 0 1 0 0 0 0 0 10 0 0 0 2 0 0 13 0 0 0 0 0 0 23 0 0 0 0 3 0 0 0 0 0 1 0 0 0 0 0 0 0 0 11 0 0 1 0 0 0 0 0 0 0 0 0 4 0 0 10 9 30 19 0 34 72 10 34 33 0 0 0 9 17 37 0 0 23 0 3 2 0 0 0 20 0 0 0 0 2 33 0 2 0 0 10 21 1 0 0 0 0 22 0 0 17 0 0 0 0 0 0 0 0 0 0 0 0 0 0 0 0 0 0 34 0 0 0 0 0 0 0 0 0 0 0 0 0 12 0 0 0 2 87 0 2 0 0 7 0 1 0 11 0 0 0 0 0 0 1 0 0 0 0 0 0 0 0 0 0 0 0 29 28 0 0 0 0 0 0 0 0 0 0 0 0 0 
 136 127 205 0 409 130 88 77 275 305 39 152 159 140 161 457 84 221 261 90 0 0 0 0 0 5 0 1 0 0 2 3 92 0 3 0 3 5 139 73 0 3 0 0 2 1 0 0 0 0 5 6 0 3 0 0 0 66 3 0 0 0 2 3 3 55 3 0 3 3 6 0 0 3 29 5 3 0 0 0 13 0 10 24 0 55 18 7 0 45 31 14 0 0 20 25 16 14 0 0 0 12 11 0 0 0 10 1 21 10 0 0 12 0 19 0 0 0 7 13 0 0 0 0 0 0 0 0 0 0 0 14 2 0 0 0 0 0 0 0 0 0 0 0 63 0 9 0 10 0 0 0 0 0 0 0 0 0 0 0 0 0 40 47 0 14 2 0 37 0 4 0 18 39 0 13 24 18 0 9 0 0 18 0 0 0 10 0 0 0 0 0 23 18 0 0 0 0 10 22 0 3 0 0 0 0 0 0 0 2 0 0 0 0 0 0 0 0 0 0 0 0 0 0 0 0 0 0 0 0 2 0 0 0 0 2 0 0 0 0 0 15 0 0 0 2 6 2 0 62 0 8 42 0 72 0 0 0 0 0 0 0 37 0 0 0 0 0 0 0 0 0 0 0 0 0 13 13 0 0 0 0 0 0 0 0 0 0 0 0 
 120 337 55 409 0 65 99 80 440 209 198 187 74 145 149 84 133 46 42 65 4 211 0 0 0 3 1 91 76 0 0 2 1 0 38 0 0 2 0 1 34 3 0 0 7 0 0 0 0 0 3 0 0 3 0 0 0 2 3 0 0 0 0 0 0 2 2 3 3 0 3 0 0 3 0 1 0 0 0 0 0 14 8 0 7 56 1 0 0 2 1 0 0 0 12 0 3 21 0 0 41 13 0 0 0 0 0 0 0 36 13 0 16 1 0 0 11 0 8 12 0 0 0 1 0 0 0 0 0 0 0 0 0 0 0 0 0 0 0 0 0 1 0 0 0 0 0 0 0 0 0 0 0 0 0 1 0 0 0 3 12 0 0 0 37 10 0 0 2 0 0 0 0 0 22 0 44 1 0 0 0 0 0 12 0 0 18 1 0 0 29 0 8 14 1 0 7 0 0 0 0 0 0 0 0 0 0 0 0 0 1 0 0 0 0 0 0 2 0 0 0 0 0 0 10 0 0 2 0 0 0 0 0 0 0 0 0 0 0 0 0 0 0 0 0 1 7 0 7 94 0 18 0 0 0 0 0 0 0 0 0 0 0 0 0 3 0 0 0 0 0 0 0 0 0 0 0 0 0 0 0 0 0 0 0 2 0 0 0 0 
 34 28 157 130 65 0 46 33 38 127 98 154 34 54 156 148 44 375 57 63 5 3 215 0 0 3 76 7 6 1 2 3 155 4 216 3 76 2 27 126 68 3 57 2 1 2 0 0 0 0 5 2 4 3 3 2 0 2 3 0 2 2 0 0 3 5 2 0 3 0 3 1 1 3 0 1 1 0 2 0 0 2 1 47 16 19 0 0 14 0 19 29 0 0 0 0 0 16 0 0 11 20 1 9 0 0 7 11 62 13 19 23 0 30 17 0 16 5 20 33 0 0 0 0 0 0 0 0 0 0 0 0 0 0 1 0 0 0 0 14 0 2 12 0 0 13 0 0 0 6 0 0 0 0 0 0 0 0 0 0 0 0 0 0 11 2 0 2 0 13 17 10 0 0 2 0 10 30 0 0 10 37 40 0 0 0 31 6 10 0 10 5 1 41 43 0 0 17 86 31 0 0 0 0 0 0 0 0 0 0 0 0 0 0 0 0 0 0 21 11 0 0 0 0 0 0 0 1 0 19 0 0 0 0 0 0 0 0 10 5 0 0 0 0 0 1 13 0 137 91 0 0 0 0 0 0 0 0 0 0 0 0 31 0 0 0 0 0 0 0 0 0 0 0 0 19 0 0 0 0 0 0 0 0 0 0 15 0 0 0 
 232 63 67 88 99 46 0 85 501 355 124 33 146 398 122 365 31 35 202 63 0 0 0 0 0 3 1 0 0 73 0 0 0 0 5 0 0 2 0 54 0 3 0 0 5 0 0 0 0 0 3 0 0 3 0 0 0 2 3 0 0 0 0 0 2 2 2 0 3 0 3 0 2 3 0 1 0 0 0 0 0 0 0 0 0 0 44 9 14 9 0 2 10 0 0 0 16 50 9 13 14 1 0 0 0 0 0 0 0 0 0 0 0 0 0 1 0 0 0 0 0 0 0 0 0 0 0 0 0 0 0 0 0 0 0 0 0 0 2 0 0 0 2 0 0 0 0 0 2 0 0 0 0 0 0 0 0 0 1 0 23 0 9 0 39 12 8 0 37 0 0 0 1 0 14 47 38 0 16 11 0 0 0 0 0 0 25 0 0 0 0 0 7 1 0 0 0 0 0 0 0 1 0 0 0 0 0 0 0 0 0 0 2 0 0 2 0 0 0 0 0 0 0 0 0 0 0 0 0 0 0 0 0 0 0 0 20 0 0 0 0 0 0 0 0 0 0 0 0 0 0 6 0 0 0 0 0 0 0 0 5 0 0 0 0 0 0 0 0 0 0 0 0 0 0 0 15 0 0 0 0 0 0 0 0 0 0 0 0 2 
 271 164 300 77 80 33 85 0 71 53 51 38 261 261 115 62 127 121 140 462 205 0 1 0 0 5 0 4 0 0 0 0 76 0 3 0 0 2 0 0 6 3 0 6 0 0 0 0 0 0 9 6 0 3 0 6 0 2 3 0 0 0 0 0 0 2 2 0 3 4 7 0 0 3 0 3 0 65 0 0 12 15 28 12 0 0 0 28 23 31 0 28 2 28 0 9 14 12 46 14 0 0 0 0 0 0 0 0 1 0 0 0 0 0 0 0 0 0 0 0 0 0 0 0 0 0 0 0 0 0 0 13 0 0 0 0 0 0 0 0 0 0 0 1 9 0 0 0 0 0 0 0 2 0 10 0 0 0 0 0 15 38 21 12 0 2 3 14 7 33 25 0 18 24 24 53 15 0 12 0 0 0 0 0 0 0 0 0 0 2 0 0 7 0 1 0 0 0 0 0 0 0 0 0 0 0 0 0 0 0 0 0 0 0 0 0 0 0 0 0 19 0 0 0 0 0 0 0 0 0 0 0 0 0 0 0 0 0 0 2 0 0 0 0 0 0 0 2 2 0 20 18 0 0 0 3 0 0 0 0 0 0 0 0 0 0 0 0 0 0 0 0 0 0 0 17 0 0 0 0 0 0 0 0 0 0 0 0 0 0 
 140 260 67 275 440 38 501 71 0 228 238 226 112 166 275 168 135 117 189 62 2 0 2 3 0 3 0 0 2 72 0 3 0 2 3 74 0 2 0 0 0 6 62 0 10 3 0 2 0 0 6 0 2 6 0 0 0 23 3 0 0 3 51 0 0 2 2 0 3 0 3 33 3 3 0 1 0 0 0 0 0 19 13 11 0 22 12 0 1 16 0 15 0 0 25 3 1 20 0 0 18 0 0 0 0 0 0 0 0 0 0 0 17 0 0 0 0 0 0 0 0 0 0 0 0 0 0 0 0 0 0 0 2 0 0 0 0 0 0 0 0 0 0 0 0 0 0 0 0 8 0 0 0 0 0 0 0 0 0 0 7 0 70 0 22 59 2 53 24 0 15 0 0 0 20 29 24 4 0 14 0 0 0 0 0 0 0 0 0 0 0 0 3 31 1 0 0 0 0 23 0 0 0 0 0 15 0 0 0 29 0 0 0 0 0 0 0 0 0 0 0 0 0 0 0 0 0 0 0 0 2 0 0 0 0 2 0 0 17 0 0 0 0 0 0 2 0 0 0 1 0 12 0 0 0 0 0 0 0 0 2 0 0 0 0 0 0 0 0 0 0 0 0 0 0 0 14 10 0 0 0 0 0 0 0 0 0 0 0 0 
 22 61 92 305 209 127 355 53 228 0 136 133 54 52 508 186 51 129 53 88 0 0 0 0 0 3 0 0 1 0 0 0 73 0 3 1 0 3 111 75 0 3 63 0 0 0 0 0 0 0 2 0 0 3 0 0 0 2 3 0 0 5 0 44 0 2 2 0 3 0 3 0 0 3 0 0 0 0 0 52 19 16 0 51 11 18 37 0 15 27 21 36 0 11 13 0 2 37 0 0 0 0 0 0 0 0 29 0 0 15 0 0 13 0 10 0 0 0 10 27 0 0 0 0 0 0 10 0 0 0 0 15 0 0 2 0 0 0 0 0 0 0 0 0 0 0 0 0 0 4 0 0 0 0 0 0 0 0 0 0 18 0 11 12 38 0 0 1 14 22 14 1 0 0 0 0 32 18 0 0 0 14 12 0 0 0 5 0 0 0 11 0 0 27 23 0 10 0 16 15 0 0 0 0 0 0 0 0 0 0 0 0 0 0 0 0 0 0 0 0 0 0 0 0 0 0 0 0 0 0 16 0 0 0 0 0 0 0 0 0 0 0 0 0 0 3 2 0 90 2 0 0 9 0 0 0 0 0 0 0 0 0 0 0 0 0 0 0 0 0 0 0 0 0 0 1 0 12 0 0 0 0 0 0 0 0 0 0 0 0 
 34 28 218 39 198 98 124 51 238 136 0 251 32 46 316 212 81 134 24 60 1 8 2 2 2 3 0 0 0 0 0 0 1 0 3 0 0 3 0 3 0 3 57 0 3 0 0 0 3 0 5 0 2 3 0 0 0 3 3 0 0 0 0 0 0 3 5 0 3 0 3 1 0 2 0 3 0 0 2 0 0 26 1 33 23 0 0 32 15 8 0 57 0 0 3 11 29 14 0 0 10 0 0 0 0 0 0 0 0 0 0 0 8 0 0 0 0 0 0 10 0 0 0 0 0 0 24 0 0 0 0 0 0 0 0 0 0 0 0 0 0 0 0 0 0 2 10 0 0 6 0 0 0 0 0 0 0 0 0 0 0 1 2 0 93 16 0 44 0 24 29 20 0 0 23 25 31 27 0 0 9 2 2 0 0 0 10 0 0 0 2 0 0 51 17 7 0 0 20 41 0 0 0 0 0 11 0 0 18 0 0 0 0 0 0 0 0 0 0 0 0 0 0 0 0 1 0 0 0 4 0 0 0 0 0 0 10 0 1 0 0 0 0 0 0 1 21 0 0 4 0 20 0 11 0 0 0 0 0 0 0 0 0 0 0 0 0 0 0 0 0 0 0 0 0 18 0 1 0 0 0 0 0 0 0 0 0 0 0 0 
 205 201 161 152 187 154 33 38 226 133 251 0 36 433 334 242 232 298 116 268 80 24 2 3 0 3 0 0 0 0 0 0 76 1 3 82 2 2 0 80 0 3 0 0 7 0 3 0 0 0 3 0 0 5 0 0 3 3 5 0 2 0 29 0 0 3 5 0 3 0 3 0 0 6 0 2 0 3 0 0 0 16 15 11 1 19 22 24 1 31 27 10 0 0 0 17 39 14 0 1 14 0 18 0 0 0 0 1 0 0 0 0 18 0 0 0 0 0 0 65 0 0 0 0 0 0 19 0 0 0 0 10 2 0 0 0 0 0 0 0 0 0 0 0 0 0 2 0 0 4 0 0 0 0 0 0 0 0 0 2 8 0 23 0 28 18 2 1 21 0 1 13 0 0 21 21 36 14 1 9 6 0 0 0 0 0 0 19 0 0 0 0 18 25 1 0 0 0 16 0 0 0 1 0 0 1 0 0 14 2 0 0 0 0 0 0 0 0 0 0 1 0 0 0 0 0 0 0 0 0 2 0 0 0 0 2 0 0 0 0 0 16 0 0 0 3 91 4 6 83 0 16 1 0 0 0 0 0 0 0 0 0 0 0 0 0 0 0 0 0 0 0 0 0 0 24 12 0 0 0 0 0 0 0 0 0 0 0 0 0 
 141 163 61 159 74 34 146 261 112 54 32 36 0 94 113 29 35 30 257 281 0 202 4 0 0 5 0 75 0 0 0 2 0 0 4 0 0 4 0 0 2 3 0 0 0 0 0 0 3 0 3 0 0 3 0 2 61 2 3 0 0 0 0 0 0 2 2 0 3 0 3 33 0 6 0 1 0 0 0 0 37 16 0 0 0 1 15 18 9 0 0 0 46 3 2 8 0 20 44 15 41 13 0 0 0 0 19 0 0 1 0 0 0 0 2 3 0 0 19 0 0 0 0 0 0 0 0 0 0 0 0 11 0 0 0 0 0 0 0 0 1 0 0 0 0 0 0 2 0 0 0 1 0 0 0 0 0 0 0 0 30 19 1 17 0 0 5 13 20 17 12 0 54 22 18 3 0 0 1 0 0 7 42 0 0 0 0 0 0 0 0 3 0 0 19 0 0 0 0 0 0 0 0 0 0 0 0 0 2 0 0 0 0 1 0 0 0 0 0 0 0 0 0 1 0 0 0 0 0 0 0 2 0 0 0 0 0 0 0 0 0 0 0 0 0 0 2 0 2 0 2 2 0 3 0 0 0 0 0 0 0 0 0 0 0 0 0 0 0 0 0 0 0 0 0 0 0 0 0 0 0 0 0 0 0 0 0 0 0 0 
 145 55 168 140 145 54 398 261 166 52 46 433 94 0 250 38 132 133 125 417 0 0 0 0 2 3 0 2 0 0 0 0 6 0 4 0 0 2 0 0 0 3 0 0 17 0 0 0 0 0 3 0 0 3 0 1 0 2 3 0 0 0 0 0 0 2 2 0 3 0 3 0 0 3 0 1 0 0 0 0 11 0 11 22 0 0 27 43 12 17 1 0 5 0 10 14 24 48 18 24 11 0 0 0 0 0 0 0 0 0 0 0 0 0 0 0 0 0 0 0 0 0 0 0 0 0 12 0 1 0 0 0 0 0 0 0 0 0 0 0 0 0 0 0 0 0 10 0 0 0 3 0 19 0 0 0 0 0 0 0 12 11 8 0 10 10 15 0 11 0 1 16 19 58 7 0 23 0 0 28 0 0 0 0 0 0 0 0 0 0 0 0 9 16 0 0 0 0 0 0 0 0 0 0 0 0 0 0 0 0 0 0 0 0 0 0 0 0 0 0 0 0 0 0 0 0 0 0 0 0 0 0 0 0 0 0 0 0 0 0 0 0 0 0 0 1 0 0 0 2 12 5 0 0 0 0 0 0 0 0 0 0 0 0 0 0 0 0 0 0 0 0 0 0 0 0 19 0 0 0 0 0 0 0 0 0 0 0 0 0 
 138 155 142 161 149 156 122 115 275 508 316 334 113 250 0 269 118 136 163 91 0 0 0 0 0 3 0 0 0 0 0 0 76 1 5 0 0 2 0 74 0 3 26 0 6 0 1 0 0 0 3 0 0 3 0 0 0 3 3 0 0 0 0 0 0 3 3 0 3 0 3 0 0 2 0 3 0 0 0 0 2 20 68 58 0 9 0 17 3 45 0 18 18 0 1 14 32 33 0 10 42 0 0 11 0 0 0 0 0 0 0 0 19 0 0 0 0 0 0 7 7 0 0 0 0 0 10 0 0 0 0 11 0 0 0 0 0 0 0 12 0 0 0 0 0 0 21 0 0 3 0 0 0 0 0 0 0 0 0 0 17 1 25 2 0 20 18 0 20 0 0 13 18 30 15 0 23 17 14 12 1 0 0 0 0 0 12 0 0 0 0 0 20 49 0 0 0 0 0 10 0 0 0 0 0 0 0 0 7 0 0 0 0 0 0 0 2 0 0 0 0 0 0 0 0 0 0 0 0 0 0 0 0 0 0 0 0 0 0 0 0 14 0 0 0 0 2 0 0 0 11 0 0 0 2 0 0 0 0 0 0 0 0 0 0 0 0 1 0 0 0 0 0 0 0 14 13 0 0 0 0 0 0 0 0 0 0 0 0 7 
 254 202 62 457 84 148 365 62 168 186 212 242 29 38 269 0 226 152 74 63 0 0 0 0 1 3 0 0 0 2 0 2 62 0 3 1 0 2 0 65 0 3 23 0 2 0 0 0 0 0 1 0 0 3 0 0 0 2 3 0 0 0 0 0 50 2 2 0 3 0 3 1 0 3 0 0 1 0 0 0 2 16 22 45 1 17 11 12 63 63 0 55 2 19 0 10 20 20 0 20 0 0 0 0 0 0 0 0 0 0 0 0 0 0 0 0 0 0 0 5 0 0 0 0 0 0 18 0 0 0 0 2 0 0 0 0 0 0 0 0 0 0 0 0 17 0 10 0 0 5 0 0 0 0 0 0 0 0 0 0 0 2 39 12 0 13 0 0 26 0 1 10 0 0 24 11 22 70 0 14 0 0 1 0 0 0 6 0 0 0 0 0 2 28 15 0 0 0 0 13 0 0 0 0 0 0 0 0 3 0 0 0 0 0 0 0 2 0 0 0 0 0 0 0 0 0 0 0 0 0 0 0 0 0 1 0 0 0 0 0 0 11 0 0 0 1 3 2 0 0 0 7 0 0 0 0 0 0 0 0 0 0 1 0 0 0 0 0 0 0 0 0 0 1 0 51 17 3 0 0 0 0 0 0 0 0 0 0 0 0 
 207 111 294 84 133 44 31 127 135 51 81 232 35 132 118 226 0 201 15 28 11 0 0 0 0 3 1 0 0 0 1 2 72 0 3 0 0 2 0 76 0 3 0 0 0 0 0 0 0 0 2 0 0 3 0 0 0 2 3 0 0 0 0 0 0 2 2 0 3 0 3 0 0 3 0 0 0 0 0 0 0 1 30 27 20 7 0 33 4 42 32 62 0 16 0 34 44 14 0 0 1 0 9 0 0 0 0 0 12 12 0 0 14 0 0 0 0 0 0 18 0 0 0 0 0 0 0 0 0 0 0 42 0 0 0 0 0 15 0 0 0 0 0 0 18 0 1 0 0 0 0 0 0 0 0 0 0 0 0 4 5 11 13 11 14 11 0 4 19 0 2 9 0 9 0 0 13 19 0 0 7 0 18 0 0 0 12 8 0 0 0 0 17 1 0 0 0 0 13 15 0 0 9 0 0 1 0 0 0 0 0 0 0 0 0 0 15 0 0 0 0 0 0 0 0 0 0 0 0 0 0 0 0 0 0 0 0 0 0 0 0 51 0 0 0 4 24 0 0 0 12 7 0 0 0 0 0 0 0 0 0 0 18 0 0 0 0 0 0 0 0 0 0 0 0 23 17 0 0 0 0 0 0 0 0 0 0 0 0 0 
 133 128 212 221 46 375 35 121 117 129 134 298 30 133 136 152 201 0 247 236 0 3 0 0 0 5 0 0 0 1 0 0 75 2 3 0 0 3 6 4 0 3 26 0 0 0 0 0 0 0 3 0 0 3 0 0 0 2 3 0 0 0 0 56 0 2 2 0 3 0 3 0 0 3 0 1 0 0 0 0 0 0 92 51 7 23 0 26 29 10 0 48 0 12 1 7 62 46 0 0 0 13 0 0 2 0 10 0 37 21 0 0 0 0 0 0 0 0 17 4 0 0 1 0 0 0 0 0 0 0 0 1 0 0 0 0 0 0 0 0 1 0 0 0 34 0 0 0 0 3 2 0 0 0 0 0 0 0 0 0 0 10 1 6 0 0 0 1 11 0 2 0 0 12 0 1 32 38 0 0 0 0 42 0 0 0 16 0 0 0 0 0 10 0 15 0 0 0 9 22 0 1 0 0 0 0 0 0 0 0 0 0 0 0 0 0 0 0 0 0 0 2 0 0 0 0 0 0 0 0 0 0 0 0 0 0 0 0 0 0 0 0 0 0 0 1 85 0 3 86 12 24 0 0 0 0 0 0 0 0 74 0 11 0 0 0 0 0 0 2 0 0 0 0 0 23 0 0 0 0 0 0 0 0 0 0 0 0 0 0 
 123 252 46 261 42 57 202 140 189 53 24 116 257 125 163 74 15 247 0 374 0 0 0 1 0 3 0 0 0 0 0 0 2 0 4 1 0 2 0 0 0 3 0 0 0 0 0 0 0 0 3 0 0 3 0 0 0 2 3 0 0 0 0 0 46 2 2 0 3 0 3 0 0 3 0 1 0 0 0 0 26 0 0 0 0 1 63 23 30 23 0 0 33 14 0 12 0 14 38 19 0 0 0 0 0 0 0 0 0 0 0 0 0 0 0 0 0 1 0 0 0 0 0 0 0 0 0 0 0 0 0 0 0 2 0 1 0 0 0 2 0 0 0 0 0 0 0 0 0 0 0 0 1 0 1 0 0 0 0 0 14 0 20 17 0 25 0 11 19 3 2 0 20 17 17 11 0 0 12 38 0 0 0 0 0 0 0 0 2 0 0 0 0 0 0 0 0 0 0 0 0 0 0 0 0 0 0 0 0 0 0 1 0 0 0 0 0 0 0 0 0 0 0 0 0 0 0 0 0 0 0 0 0 0 0 0 0 0 0 0 0 0 0 0 0 0 0 0 3 1 0 5 0 0 0 0 0 0 0 0 0 0 0 0 0 0 0 0 0 0 0 0 0 0 0 0 17 0 0 0 0 0 0 0 0 0 0 0 0 0 
 43 213 51 90 65 63 63 462 62 88 60 268 281 417 91 63 28 236 374 0 207 0 0 0 0 3 0 0 0 0 0 0 0 0 5 1 0 2 0 74 0 3 1 0 0 0 0 0 0 0 3 0 0 3 0 0 0 2 3 0 25 0 0 0 0 4 2 0 3 0 3 0 0 3 0 1 0 0 0 0 14 22 0 0 0 17 36 4 14 0 0 0 26 19 30 37 0 0 32 0 2 3 1 0 1 0 0 0 0 0 0 0 0 0 0 0 0 0 0 0 0 0 0 0 0 0 0 0 0 0 0 0 0 0 0 13 0 0 0 0 0 0 0 0 0 0 0 0 0 0 0 0 0 0 0 20 0 0 0 0 17 36 9 19 0 0 0 15 16 15 15 0 19 10 16 32 0 0 1 0 0 0 0 0 0 0 0 0 0 0 0 0 0 0 0 0 0 0 2 0 0 0 0 0 0 0 0 0 0 0 0 0 0 0 0 0 0 0 0 0 0 1 0 0 0 0 0 0 0 0 0 0 0 0 0 0 0 12 0 0 0 0 0 0 0 3 0 2 2 0 1 12 0 0 0 0 0 0 0 0 0 14 0 0 0 0 0 0 0 1 0 0 0 0 0 0 0 10 0 0 0 0 0 0 0 0 0 0 0 0 
 3 1 73 0 4 5 0 205 2 0 1 80 0 0 0 0 11 0 0 207 0 264 268 154 111 29 66 111 113 30 47 237 42 252 198 84 108 76 103 51 2 2 0 3 0 2 62 3 0 4 2 3 5 2 0 1 0 1 3 0 0 3 0 2 0 6 0 5 0 1 0 2 2 3 0 0 3 0 0 0 0 0 0 0 8 0 0 0 0 0 31 0 0 0 0 0 2 0 0 0 3 0 18 0 0 49 0 62 8 0 0 40 1 0 0 23 6 3 0 8 0 0 0 0 0 0 10 13 0 0 0 0 0 10 0 1 0 0 0 16 0 0 0 0 0 0 0 0 0 0 0 0 0 0 0 0 0 0 0 4 0 0 0 0 13 12 0 0 0 0 0 19 0 0 0 0 0 1 0 0 12 1 25 28 46 0 0 30 14 11 21 35 0 0 15 44 13 16 12 0 21 0 0 0 0 0 7 0 0 0 0 0 18 0 0 0 0 0 21 13 0 0 0 0 0 0 0 0 0 0 0 0 0 0 11 0 0 0 0 0 0 0 0 0 0 0 21 0 0 0 0 1 0 0 4 2 2 76 82 2 2 0 0 0 0 0 31 0 0 0 0 0 0 0 0 2 0 0 0 0 0 10 0 0 0 21 0 0 0 0 
 0 0 0 0 211 3 0 0 0 0 8 24 202 0 0 0 0 3 0 0 264 0 231 141 29 50 180 309 190 42 182 115 51 140 52 169 153 349 30 43 1 2 0 3 3 0 0 0 0 0 0 2 2 0 0 0 0 13 2 0 0 0 0 2 0 0 0 0 0 3 0 0 0 3 0 0 3 0 0 0 0 0 0 0 0 0 0 0 0 0 0 0 0 13 19 0 0 0 0 0 45 33 21 11 0 14 0 10 29 0 18 43 6 0 13 38 20 12 0 0 20 0 0 0 0 0 32 15 0 0 0 0 0 0 0 3 0 0 14 14 2 0 0 11 0 0 9 0 0 0 0 0 0 0 0 0 0 0 0 0 0 0 0 0 0 0 0 0 0 0 0 2 0 0 1 0 0 0 0 0 35 29 0 9 12 8 0 0 22 52 8 48 0 0 0 20 56 5 0 0 24 0 0 0 0 2 30 6 0 0 0 0 12 0 0 0 0 0 39 14 0 0 0 0 0 0 0 0 0 0 0 0 0 0 0 0 0 0 0 0 0 0 0 0 0 0 0 0 0 0 0 0 0 2 8 0 1 0 77 0 7 0 0 0 0 0 0 0 0 0 0 0 0 0 0 0 0 0 0 0 0 0 0 0 0 0 0 0 0 0 
 3 5 0 0 0 215 0 1 2 0 2 2 4 0 0 0 0 0 0 0 268 231 0 510 142 85 143 183 68 201 59 271 75 539 290 277 142 165 250 58 2 2 0 3 0 0 0 0 0 0 0 1 6 0 6 5 0 0 3 0 0 0 0 2 0 0 0 0 3 4 2 3 51 3 0 0 5 0 3 0 0 0 1 0 0 0 0 0 0 0 0 0 0 0 0 0 0 0 0 0 12 0 20 13 26 0 20 28 13 32 9 3 0 12 35 29 14 1 6 0 0 0 0 0 0 0 7 0 0 0 0 0 0 10 9 0 0 0 6 7 0 0 2 0 0 2 2 0 0 0 0 0 0 0 0 0 0 0 0 0 0 0 3 0 0 0 0 0 0 0 0 10 0 0 0 0 0 0 0 0 17 12 30 23 8 0 27 12 35 33 7 0 0 2 9 37 0 1 0 0 11 1 0 23 0 0 0 1 0 0 0 0 22 0 0 0 0 0 23 0 0 0 0 0 0 0 0 0 0 0 0 0 0 0 0 0 0 0 0 0 0 0 0 0 0 0 0 0 0 0 0 0 0 0 13 2 0 20 5 0 2 21 0 0 0 0 0 0 0 0 0 0 0 0 0 0 0 0 0 10 0 20 0 0 0 0 0 0 0 0 
 3 2 0 0 0 0 0 0 3 0 2 3 0 0 0 0 0 0 1 0 154 141 510 0 417 133 221 101 71 239 127 152 177 274 72 160 129 51 95 143 32 2 0 2 3 0 63 0 0 0 0 2 65 0 37 0 0 0 2 125 0 0 0 2 1 1 27 0 0 3 0 0 0 3 0 0 3 0 0 0 0 0 0 0 0 0 0 0 0 0 0 0 0 0 0 0 0 2 0 0 0 0 17 0 12 14 2 21 16 1 12 11 0 17 22 12 2 12 18 5 24 0 0 0 0 0 0 7 0 0 0 0 12 12 41 13 0 12 0 0 0 0 4 0 0 26 0 2 0 0 0 0 0 0 0 0 0 0 0 0 0 0 0 0 0 0 0 0 0 4 0 0 0 0 0 2 0 0 0 0 10 20 11 0 29 9 11 21 33 0 0 0 0 11 26 21 2 12 0 0 0 8 0 0 0 0 13 24 0 13 8 0 0 0 1 0 36 0 20 0 0 0 0 0 0 0 0 0 0 0 0 0 0 0 0 0 0 0 0 0 0 0 0 0 0 1 0 0 0 0 0 0 0 0 11 3 0 78 5 0 2 18 0 0 0 0 0 0 0 0 0 0 0 0 0 0 0 0 0 11 0 11 0 1 2 12 0 0 0 0 
 0 75 0 0 0 0 0 0 0 0 2 0 0 2 0 1 0 0 0 0 111 29 142 417 0 41 133 138 162 393 152 198 162 267 85 175 128 197 64 169 0 11 0 3 3 0 0 0 69 0 0 1 2 0 30 0 0 0 3 63 0 0 0 2 0 1 0 0 0 51 0 0 0 3 0 0 3 0 0 0 0 0 0 0 2 0 0 0 0 0 0 0 0 0 0 0 0 0 0 0 0 0 6 14 25 23 0 22 7 5 0 12 0 0 11 25 13 0 0 0 16 1 14 2 0 0 1 0 0 0 0 0 0 1 0 16 1 14 31 10 0 0 0 0 0 0 6 7 0 0 0 0 0 0 0 0 0 0 0 0 0 0 0 0 0 0 0 0 0 4 0 0 0 0 0 0 0 0 0 0 0 0 0 24 47 10 0 9 8 12 34 11 0 0 67 20 11 13 0 0 0 0 0 2 0 0 29 39 12 21 19 0 7 0 0 0 45 0 0 14 0 0 0 0 0 0 0 0 0 0 0 0 0 0 0 0 0 0 0 0 0 0 0 0 0 0 0 0 0 0 0 0 0 0 14 2 0 82 3 0 0 0 0 0 0 0 16 0 0 0 0 0 0 0 0 0 0 0 0 9 0 12 0 0 0 8 0 0 0 0 
 3 3 3 5 3 3 3 5 3 3 3 3 5 3 3 3 3 5 3 3 29 50 85 133 41 0 40 238 56 278 155 44 30 53 63 85 103 57 39 60 87 64 0 3 3 0 15 67 127 1 0 39 107 0 63 0 56 0 58 59 0 0 0 3 0 2 0 0 0 0 0 0 0 2 0 0 5 0 0 0 0 0 0 0 0 0 0 0 0 0 0 0 0 0 0 0 0 0 0 0 0 0 2 0 112 15 0 0 0 10 0 0 0 0 0 0 0 0 0 0 12 26 1 10 6 0 0 11 40 0 0 8 1 9 0 1 8 38 23 25 0 6 0 0 2 0 0 0 2 0 11 4 0 1 0 0 0 3 0 0 0 0 0 0 0 0 0 0 0 0 0 0 0 0 0 0 0 5 0 0 0 0 0 0 10 31 0 0 0 0 1 0 0 0 0 0 47 0 0 0 16 23 18 6 0 0 27 28 11 13 1 20 7 3 33 7 24 1 0 34 0 0 0 0 0 0 0 0 2 0 0 0 0 0 0 0 0 0 0 0 0 0 0 0 0 0 0 0 0 0 0 0 0 0 3 0 0 2 1 4 1 1 0 0 0 63 0 0 0 0 22 0 0 0 0 0 0 0 0 0 0 0 0 0 2 0 0 0 0 0 
 0 0 0 0 1 76 1 0 0 0 0 0 0 0 0 0 1 0 0 0 66 180 143 221 133 40 0 153 48 190 29 42 96 487 32 161 181 171 120 68 28 2 0 3 3 0 0 0 0 0 0 2 2 0 0 0 0 0 3 0 0 34 0 2 0 0 0 0 0 2 0 0 0 3 0 0 3 0 0 0 0 0 0 0 9 0 0 0 0 0 0 0 2 0 0 0 0 0 0 0 19 1 8 13 19 12 37 63 13 35 5 3 0 25 33 16 16 1 27 0 1 0 0 0 0 0 0 0 0 0 0 0 0 2 0 0 0 0 0 0 0 0 2 0 0 2 2 0 0 0 0 0 0 0 0 0 0 0 0 0 1 2 0 0 0 10 0 0 0 0 5 8 0 0 0 0 0 0 0 12 34 13 34 26 0 0 40 0 4 10 8 10 4 2 9 20 9 26 7 3 41 0 0 0 0 0 0 0 0 0 0 0 18 0 0 0 0 0 10 0 0 24 0 0 0 0 0 0 0 0 0 0 0 2 0 6 0 0 0 0 0 0 7 0 0 0 74 0 0 0 0 0 0 0 13 2 0 7 1 0 0 18 0 0 0 0 0 0 0 0 0 0 0 0 0 0 0 2 0 10 0 8 0 0 0 5 0 0 0 0 
 0 2 0 1 91 7 0 4 0 0 0 0 75 2 0 0 0 0 0 0 111 309 183 101 138 238 153 0 82 109 86 25 89 65 39 30 182 108 143 64 2 2 2 5 1 0 0 0 0 0 2 1 2 0 0 1 0 4 3 0 0 26 0 3 2 3 0 0 0 0 0 0 0 3 0 0 3 1 1 0 0 0 0 0 2 9 0 0 0 0 0 0 0 0 0 0 0 0 0 0 0 0 27 12 1 14 0 0 0 45 27 8 8 0 6 2 7 1 0 0 0 1 0 2 0 0 2 0 0 0 0 0 0 0 0 0 0 0 18 15 0 0 0 0 0 0 0 15 0 0 0 0 0 0 0 0 0 0 0 0 0 0 0 0 0 9 0 0 0 0 0 2 0 0 0 0 0 5 0 0 22 1 0 48 19 0 25 0 0 25 6 21 0 0 18 7 14 0 0 0 13 0 0 0 0 0 4 0 0 0 0 11 1 0 0 0 0 0 9 15 0 0 0 0 0 0 0 0 0 0 0 0 0 0 0 0 0 0 0 0 0 0 6 0 0 0 2 0 0 0 0 0 0 0 7 0 0 78 46 1 8 1 0 0 0 0 15 0 0 0 0 0 0 0 0 0 0 0 0 1 0 0 0 0 0 0 0 0 0 0 
 2 3 0 0 76 6 0 0 2 1 0 0 0 0 0 0 0 0 0 0 113 190 68 71 162 56 48 82 0 144 72 188 107 112 150 26 183 129 95 82 3 5 0 3 3 0 0 0 0 0 0 11 18 0 0 0 0 0 7 0 0 0 0 3 3 1 0 0 0 0 0 0 0 6 0 0 3 0 0 3 0 10 0 0 0 0 0 0 0 0 1 0 0 0 0 10 0 0 0 0 13 18 8 1 19 50 0 1 2 15 26 21 10 8 0 2 9 31 19 0 4 0 0 0 0 0 5 0 0 0 0 0 0 10 0 9 0 0 19 54 0 0 0 9 0 0 0 0 0 0 0 0 0 0 0 0 0 0 0 0 0 0 0 0 1 0 2 0 0 0 1 1 0 0 0 0 0 5 0 0 19 40 0 21 25 26 36 0 2 16 18 17 13 8 28 1 32 0 0 0 0 10 0 0 0 0 23 3 0 0 0 0 0 1 0 0 0 0 10 14 0 0 0 0 0 0 0 0 0 0 0 0 0 0 1 0 0 2 0 0 0 0 0 0 0 0 0 0 0 0 0 0 0 0 4 0 6 4 1 0 0 1 0 2 0 0 15 0 0 0 0 0 0 0 0 0 0 0 0 0 0 0 0 0 0 0 0 0 0 0 
 0 3 0 0 0 1 73 0 72 0 0 0 0 0 0 2 0 1 0 0 30 42 201 239 393 278 190 109 144 0 223 106 133 333 111 194 78 154 180 178 3 13 0 8 3 0 0 0 0 0 3 5 66 0 74 5 2 4 4 2 5 0 0 2 0 1 0 0 3 47 4 3 0 5 0 0 5 0 3 2 0 0 0 0 0 0 0 0 0 0 0 0 0 0 0 0 0 0 0 0 1 25 23 37 71 23 0 1 17 32 8 19 0 14 12 0 35 12 0 13 24 0 0 0 0 0 0 0 0 0 0 0 13 0 0 16 0 0 17 25 0 0 0 0 0 0 7 0 0 0 0 0 0 0 0 0 0 2 0 0 0 0 0 0 0 0 0 0 0 3 0 0 0 0 0 0 0 13 0 0 8 1 12 1 5 31 13 0 1 1 34 9 0 14 26 21 0 13 18 0 0 13 0 0 0 0 25 44 0 0 21 0 6 0 0 0 22 0 20 13 2 0 0 11 0 0 0 0 0 0 0 8 2 0 0 1 0 0 0 0 0 0 0 0 0 0 0 0 0 0 0 0 0 0 10 1 1 119 0 0 0 0 0 0 0 0 0 0 0 0 0 0 0 0 0 0 0 0 0 11 0 6 0 0 0 3 14 0 0 0 
 0 2 0 2 0 2 0 0 0 0 0 0 0 0 0 0 1 0 0 0 47 182 59 127 152 155 29 86 72 223 0 476 51 59 176 67 151 240 112 162 87 2 0 3 3 0 64 0 25 0 0 6 65 0 26 0 0 0 58 126 0 0 0 3 0 2 0 0 0 0 0 0 0 3 0 0 3 0 0 0 0 0 0 0 0 0 0 0 0 0 0 0 0 0 0 0 0 0 0 0 0 3 5 27 7 10 1 27 0 21 10 10 4 2 0 1 28 25 0 0 12 9 12 0 0 0 1 7 0 21 0 0 13 20 37 17 1 11 19 4 0 0 1 0 0 1 7 0 0 0 14 0 0 0 0 0 0 0 0 0 0 0 0 0 0 0 0 0 1 5 0 0 0 0 0 21 0 0 1 0 10 17 0 11 20 9 0 20 16 11 0 9 0 0 14 0 8 12 1 0 0 6 0 0 0 0 59 44 0 21 19 0 0 3 12 0 45 0 6 0 0 0 0 0 0 0 0 0 0 0 0 0 0 0 0 0 0 0 0 0 0 0 0 0 0 0 0 0 0 0 0 0 0 0 10 0 2 0 0 1 6 0 0 0 0 0 0 0 0 0 0 0 0 0 0 0 0 0 0 0 0 9 0 0 0 0 0 0 0 0 
 0 3 0 3 2 3 0 0 3 0 0 0 2 0 0 2 2 0 0 0 237 115 271 152 198 44 42 25 188 106 476 0 332 143 123 339 82 271 36 335 1 2 0 3 3 0 61 0 2 0 61 6 2 2 64 0 0 0 5 54 2 0 0 2 0 3 0 0 0 1 0 0 0 3 0 0 3 0 0 0 0 0 0 0 0 0 0 0 0 0 0 0 1 0 0 0 0 0 0 2 0 10 19 1 12 15 0 16 13 0 0 0 0 0 0 0 8 45 0 0 0 0 0 0 0 0 19 11 0 30 0 0 10 10 14 27 0 4 0 0 0 0 0 33 0 0 0 0 0 0 0 0 0 0 0 0 0 0 0 1 2 1 0 0 0 0 0 0 0 4 0 0 0 1 0 0 0 0 0 0 1 19 17 31 49 25 0 0 9 12 10 55 0 4 25 63 11 13 0 0 12 0 0 1 0 0 0 27 0 19 19 0 33 15 11 20 43 0 22 28 0 0 2 0 0 0 0 0 0 0 0 13 0 0 0 0 0 0 0 0 0 0 0 0 0 0 0 0 0 0 0 0 0 0 18 0 1 41 0 2 0 0 0 0 0 0 32 0 0 0 0 0 0 0 0 0 0 1 0 0 0 0 0 0 0 0 0 0 0 0 
 1 2 59 92 1 155 0 76 0 73 1 76 0 6 76 62 72 75 2 0 42 51 75 177 162 30 96 89 107 133 51 332 0 228 117 107 28 106 163 110 3 5 0 6 4 0 0 0 0 0 3 8 2 0 0 3 0 2 5 0 31 2 0 2 3 50 1 0 0 4 2 0 0 6 0 2 3 0 2 3 0 0 8 3 0 22 0 7 1 24 12 12 0 0 0 10 14 1 0 0 12 20 8 26 0 0 28 8 43 14 1 21 0 30 12 9 16 15 14 15 0 0 0 0 0 0 13 0 0 0 0 21 0 0 0 0 0 0 0 0 0 2 2 0 0 3 25 0 0 0 0 0 0 0 0 0 0 0 0 0 8 0 8 9 12 0 0 0 20 0 3 14 0 2 2 0 0 31 0 0 0 8 40 12 0 0 1 0 11 11 27 10 16 33 29 9 0 12 64 8 0 0 0 0 0 0 1 0 1 0 12 0 0 0 0 0 0 0 33 0 0 0 15 0 0 0 0 0 0 2 0 0 0 0 0 0 0 0 0 0 0 10 0 0 0 0 0 0 60 60 0 0 0 8 10 0 4 120 0 0 0 15 1 0 0 0 2 0 0 0 0 0 0 0 0 0 0 0 0 0 0 8 0 0 0 0 15 0 0 0 
 4 0 7 0 0 4 0 0 2 0 0 1 0 0 1 0 0 2 0 0 252 140 539 274 267 53 487 65 112 333 59 143 228 0 169 134 398 207 136 304 2 2 0 3 3 0 0 0 0 0 0 7 2 0 0 0 0 0 3 0 2 0 0 3 0 2 0 0 0 0 0 0 0 2 0 0 3 0 0 0 0 0 0 0 1 0 0 0 0 0 0 0 0 0 3 0 0 0 2 0 13 1 25 7 17 33 12 49 27 1 14 8 0 6 26 22 8 54 13 11 0 0 0 0 0 0 1 0 0 0 0 0 0 0 0 0 0 0 0 0 0 0 14 0 0 4 0 0 0 0 0 0 0 0 0 0 0 0 0 1 0 0 0 0 0 1 0 0 0 0 1 7 0 0 0 0 0 0 0 0 20 26 48 38 40 2 16 46 72 1 23 39 13 9 32 71 19 26 0 0 12 0 0 0 0 0 0 2 0 0 0 0 7 2 0 0 0 0 20 0 0 0 0 0 0 0 0 0 0 0 0 2 0 0 0 0 0 2 0 0 0 0 0 0 0 0 0 0 0 0 0 0 0 0 18 0 0 83 78 2 1 8 0 0 0 0 27 0 0 0 0 0 0 0 0 0 0 0 0 0 0 43 0 0 0 17 0 0 0 0 
 5 3 3 3 38 216 5 3 3 3 3 3 4 4 5 3 3 3 4 5 198 52 290 72 85 63 32 39 150 111 176 123 117 169 0 395 127 238 150 182 1 2 0 3 3 0 0 0 0 0 0 1 2 0 2 0 0 1 4 0 0 0 0 2 0 10 0 0 0 2 0 1 0 3 0 3 3 0 0 0 0 0 0 12 10 0 0 0 0 0 1 14 0 0 0 0 0 0 0 0 14 20 27 1 1 0 9 21 6 3 19 25 11 27 21 22 12 10 0 13 0 9 0 0 0 0 11 21 0 0 7 0 0 0 0 0 0 0 0 0 0 0 1 12 0 1 0 0 0 0 2 0 0 0 0 0 1 0 0 5 0 0 2 0 0 12 0 0 0 0 0 0 0 0 0 1 0 0 0 0 0 1 1 0 19 7 2 23 8 8 11 0 57 0 0 25 21 12 0 20 0 0 0 0 0 0 0 0 0 0 0 0 0 0 0 2 0 0 21 1 0 0 1 0 0 0 7 0 0 0 0 2 0 0 0 0 0 0 0 0 0 0 0 0 0 2 0 0 0 0 0 0 0 0 13 0 0 1 4 1 0 2 0 0 0 0 0 0 0 0 0 0 0 0 0 0 0 0 0 0 0 12 0 0 0 0 0 0 0 0 
 41 0 4 0 0 3 0 0 74 1 0 82 0 0 0 1 0 0 1 1 84 169 277 160 175 85 161 30 26 194 67 339 107 134 395 0 151 83 48 125 1 8 0 5 3 0 125 0 2 0 0 1 2 0 3 0 2 0 4 0 3 0 0 2 0 0 0 0 0 4 0 0 1 3 0 2 6 0 0 1 0 0 0 0 0 0 0 0 0 0 0 1 0 0 0 0 0 0 0 0 11 6 35 23 31 43 0 8 10 0 10 12 0 23 17 10 1 10 0 0 13 0 2 0 0 0 11 0 0 13 0 0 0 0 0 0 2 0 0 0 0 1 0 0 0 0 0 0 0 0 0 0 0 0 0 0 0 0 0 0 0 0 1 0 0 0 0 0 0 0 1 4 0 0 0 0 0 0 0 0 18 11 26 12 29 2 0 29 38 0 41 22 0 14 19 37 4 24 39 0 28 0 0 0 0 0 8 22 0 20 0 0 18 0 0 0 0 0 53 0 0 2 0 0 0 0 0 0 0 0 0 11 0 0 0 0 0 0 0 0 0 0 0 0 0 0 0 0 0 0 0 0 0 1 8 0 1 192 77 0 0 0 0 0 0 0 0 0 0 0 0 0 0 0 0 0 0 0 0 0 0 10 0 0 0 18 14 0 0 0 
 2 0 0 3 0 76 0 0 0 0 0 2 0 0 0 0 0 0 0 0 108 153 142 129 128 103 181 182 183 78 151 82 28 398 127 151 0 135 27 39 1 2 0 3 0 64 0 0 0 0 0 2 3 0 0 0 1 3 3 0 0 2 0 2 0 0 0 0 0 3 0 0 0 3 0 0 3 0 0 0 0 0 0 0 8 0 0 0 0 0 0 0 0 0 0 0 0 0 0 0 22 27 8 11 0 23 10 34 31 3 62 36 14 12 38 28 12 26 8 0 0 0 0 0 0 0 10 18 0 0 0 0 0 0 0 0 0 0 0 1 0 8 2 0 0 7 0 0 0 0 0 0 0 0 0 0 0 0 0 0 0 0 0 0 0 13 0 0 0 1 0 11 0 0 0 0 0 0 0 0 38 43 12 10 10 0 19 22 39 22 13 21 15 10 0 23 21 21 0 9 18 0 0 0 0 0 0 0 0 0 0 0 19 0 0 0 0 0 12 0 0 0 0 0 0 0 0 0 0 0 0 0 0 0 0 0 0 0 0 0 0 0 0 0 0 0 0 0 0 0 0 0 0 0 11 1 0 1 86 4 16 12 0 0 0 0 0 0 0 0 0 0 0 0 0 0 0 0 0 0 0 0 0 0 0 18 0 0 0 0 
 2 2 2 5 2 2 2 2 2 3 3 2 4 2 2 2 2 3 2 2 76 349 165 51 197 57 171 108 129 154 240 271 106 207 238 83 135 0 29 118 4 7 0 67 3 3 0 1 0 0 0 0 10 3 0 0 0 0 4 0 0 0 0 5 0 1 0 0 2 2 0 0 0 3 0 0 3 2 2 0 0 0 0 0 0 0 0 0 0 0 0 0 0 0 0 0 0 0 0 0 4 0 10 18 22 23 0 16 1 6 0 0 0 0 3 16 13 19 0 0 6 0 0 0 0 1 0 0 0 0 2 0 0 8 0 0 0 0 18 11 0 0 0 14 0 2 6 4 0 0 0 0 0 0 0 0 0 0 0 0 0 0 0 0 0 0 12 0 0 0 0 8 0 0 0 0 0 0 0 0 17 5 23 41 25 44 0 0 0 11 34 51 0 0 32 43 0 0 0 0 29 0 0 0 0 0 28 11 0 0 0 0 27 5 1 0 0 0 27 12 0 0 0 0 0 0 2 0 1 0 0 0 0 0 6 0 1 0 0 0 0 0 0 0 0 0 0 0 0 0 0 0 0 0 10 2 0 76 0 0 3 0 0 0 0 0 32 0 0 0 0 0 0 0 0 0 0 0 0 0 0 10 0 0 0 0 0 0 0 0 
 0 76 0 139 0 27 0 0 0 111 0 0 0 0 0 0 0 6 0 0 103 30 250 95 64 39 120 143 95 180 112 36 163 136 150 48 27 29 0 227 62 2 1 7 9 2 0 0 4 4 0 0 2 0 1 0 4 2 6 2 0 0 0 6 3 1 0 0 0 1 0 0 0 4 0 6 3 1 0 6 0 0 0 15 10 1 1 0 0 0 22 0 0 0 0 0 0 0 0 0 0 0 30 0 0 0 2 14 0 10 0 22 8 9 28 0 18 5 6 49 0 0 0 0 0 0 0 2 0 0 0 0 0 0 0 1 0 0 18 0 0 0 0 0 0 0 0 0 0 0 0 0 0 0 0 0 0 1 2 0 0 10 12 14 12 11 0 0 0 21 15 5 0 0 0 0 0 20 8 0 0 21 49 11 0 0 0 25 2 0 20 11 0 21 10 0 0 16 14 1 0 0 0 0 0 0 2 0 5 0 0 0 1 0 0 0 0 0 0 0 1 0 0 0 0 0 0 0 0 0 0 0 0 0 0 2 1 0 0 0 0 0 8 0 0 0 0 0 75 74 0 0 3 0 7 1 2 2 0 0 1 0 0 0 0 0 0 0 0 0 0 0 0 0 0 0 0 0 0 0 0 0 0 0 0 0 0 0 0 0 
 0 0 61 73 1 126 54 0 0 75 3 80 0 0 74 65 76 4 0 74 51 43 58 143 169 60 68 64 82 178 162 335 110 304 182 125 39 118 227 0 0 2 0 3 3 0 0 0 62 0 0 0 2 0 0 0 0 3 3 0 14 0 0 3 0 2 0 0 0 0 0 0 0 2 0 0 3 0 0 0 0 0 9 1 0 11 0 13 0 9 19 9 0 0 0 17 17 0 0 2 27 18 42 22 0 0 38 24 30 13 0 37 0 27 13 10 20 17 9 39 0 0 0 0 0 0 15 0 0 0 0 12 0 0 0 0 0 0 0 0 0 0 1 0 0 3 12 0 0 0 0 0 0 0 0 0 0 0 0 0 0 1 14 7 19 0 0 0 13 0 0 9 0 1 0 0 0 30 2 0 0 26 100 11 0 0 0 20 0 10 21 9 11 28 41 9 0 24 29 0 0 0 0 0 0 0 1 0 0 1 0 0 0 0 0 0 0 0 19 0 0 0 0 0 0 0 0 0 0 0 0 0 0 0 0 0 0 9 2 0 0 12 0 0 0 0 0 0 53 0 0 0 0 0 10 0 0 76 0 2 2 37 1 0 0 0 0 0 0 0 0 0 0 0 0 0 0 1 0 0 0 9 0 0 0 0 14 0 0 0 
 0 0 0 0 34 68 0 6 0 0 0 0 2 0 0 0 0 0 0 0 2 1 2 32 0 87 28 2 3 3 87 1 3 2 1 1 1 4 62 0 0 187 108 58 26 30 173 175 393 43 38 270 131 77 48 26 38 45 111 120 0 0 0 0 0 0 1 0 4 0 0 0 22 0 46 4 1 0 4 4 0 0 0 0 8 0 0 0 0 0 0 0 0 0 0 0 0 0 0 0 0 0 0 8 8 0 10 0 0 0 1 0 1 5 1 1 0 23 3 0 22 42 12 7 1 0 0 11 10 6 0 19 13 17 7 0 0 20 7 0 0 7 0 0 0 0 0 0 0 0 0 3 7 1 0 0 0 3 0 0 0 0 0 0 0 10 0 0 0 0 0 0 0 0 0 0 0 0 0 0 0 0 0 15 0 27 0 0 0 0 0 34 0 0 0 14 0 2 20 0 0 32 36 9 8 0 7 18 7 0 1 2 0 14 31 0 6 0 0 0 0 0 16 0 3 0 0 1 0 0 0 0 0 0 0 0 0 0 11 9 0 0 9 0 0 0 64 0 0 33 0 9 0 2 0 0 0 0 1 3 0 0 0 65 1 5 0 0 1 0 10 0 0 0 0 0 0 0 0 0 0 0 0 0 1 0 0 0 2 0 
 3 5 3 3 3 3 3 3 6 3 3 3 3 3 3 3 3 3 3 3 2 2 2 2 11 64 2 2 5 13 2 2 5 2 2 8 2 7 2 2 187 0 127 88 119 41 399 239 112 119 42 127 244 684 291 162 106 64 346 343 0 0 0 0 0 0 0 56 11 0 9 6 5 4 0 0 3 0 0 0 0 0 0 0 0 0 0 0 0 0 0 0 0 0 0 0 0 0 0 0 0 0 0 5 0 0 0 0 0 0 0 0 0 0 0 6 0 0 0 0 5 18 13 25 10 21 7 16 0 1 1 31 11 22 49 19 10 44 0 2 0 1 0 0 0 0 0 0 0 0 0 0 1 0 0 0 0 3 7 0 0 0 0 0 0 10 0 0 0 0 0 0 0 0 0 0 0 0 0 0 0 0 0 0 0 0 0 0 0 0 9 0 0 0 0 0 0 12 0 0 2 7 36 27 25 15 6 21 19 7 0 11 17 11 11 16 28 28 0 8 0 0 0 0 0 0 0 0 0 0 0 0 9 17 0 0 0 0 21 0 0 0 0 0 0 0 0 0 0 0 0 6 0 1 0 0 0 0 0 0 0 0 0 0 70 1 0 67 0 0 0 0 0 0 0 0 0 0 0 0 0 0 0 0 0 10 0 8 0 0 
 0 56 0 0 0 57 0 0 62 63 57 0 0 0 26 23 0 26 0 1 0 0 0 0 0 0 0 2 0 0 0 0 0 0 0 0 0 0 1 0 108 127 0 143 68 110 89 113 123 117 50 33 112 134 62 73 82 44 69 34 52 0 0 5 3 0 3 3 3 0 0 0 0 3 0 20 0 4 0 0 1 0 0 10 0 0 0 0 0 0 0 4 0 0 0 0 0 0 1 0 0 7 0 0 0 0 0 0 0 0 0 0 0 0 0 0 0 0 0 0 0 0 0 0 0 10 14 12 2 1 11 63 0 18 13 0 11 1 0 0 11 0 0 0 0 3 45 0 12 4 0 1 0 25 3 23 0 5 16 0 0 0 0 0 0 2 0 0 0 0 0 0 0 0 0 0 9 9 0 0 0 0 0 0 1 0 0 0 0 0 0 0 0 0 0 0 0 0 0 7 0 0 1 12 8 9 0 0 13 0 14 9 0 2 0 12 0 7 0 0 7 14 0 0 0 16 50 12 0 0 4 2 0 0 0 0 10 0 11 12 0 0 42 0 0 0 0 0 0 0 0 6 0 0 0 0 0 0 0 1 0 0 2 1 0 0 8 0 0 0 6 0 0 0 0 15 0 0 0 0 0 0 0 10 19 10 0 0 0 0 
 0 3 0 0 0 2 0 6 0 0 0 0 0 0 0 0 0 0 0 0 3 3 3 2 3 3 3 5 3 8 3 3 6 3 3 5 3 67 7 3 58 88 143 0 374 28 79 60 65 164 134 546 328 91 155 54 61 119 81 65 19 57 0 2 3 1 24 57 8 2 29 0 4 36 51 0 1 2 0 52 0 0 0 0 0 0 0 0 0 0 0 0 0 0 0 0 0 0 13 0 0 0 0 0 0 0 0 0 0 0 0 0 0 0 0 0 0 0 0 0 0 0 11 0 0 1 0 12 13 0 4 0 0 36 0 0 13 0 0 0 31 34 0 0 0 9 34 8 54 0 0 1 15 39 0 21 22 15 84 0 0 0 0 0 1 0 0 1 0 0 0 0 0 0 0 0 0 0 0 0 0 0 0 0 0 0 0 0 0 0 0 0 0 0 0 0 0 0 0 0 0 9 0 13 6 14 0 0 0 10 0 11 4 0 0 0 15 15 0 0 15 49 8 12 0 3 0 15 31 0 1 4 14 8 0 17 20 19 15 37 0 0 9 0 0 0 0 0 0 0 0 8 0 0 0 0 0 0 0 10 0 0 2 0 0 11 7 0 2 0 8 0 2 0 0 3 0 0 0 0 0 0 0 0 6 0 0 0 0 0 
 3 3 2 2 7 1 5 0 10 0 3 7 0 17 6 2 0 0 0 0 0 3 0 3 3 3 3 1 3 3 3 3 4 3 3 3 0 3 9 3 26 119 68 374 0 222 56 58 60 274 85 124 93 89 60 65 55 36 129 64 51 48 58 0 0 1 55 50 0 0 0 0 0 54 22 0 0 0 74 26 0 0 3 0 0 3 0 9 1 3 0 3 0 0 0 1 3 1 0 0 9 0 0 0 0 0 0 0 0 0 0 0 0 0 0 0 0 0 0 3 0 1 0 10 0 1 5 0 0 0 8 2 0 0 0 0 0 0 0 0 24 34 0 0 8 0 26 1 32 5 0 3 33 19 0 9 23 9 2 1 0 0 1 0 11 0 0 0 2 0 1 7 1 0 4 0 5 0 0 10 0 0 0 0 0 0 0 0 0 0 0 0 2 8 0 0 0 0 0 0 0 0 0 0 0 9 0 0 0 0 0 1 0 0 0 0 0 0 0 0 28 0 16 8 0 0 15 15 18 0 0 0 29 10 39 16 1 14 14 10 0 1 0 0 0 0 0 0 0 0 0 6 0 0 0 0 0 0 0 2 0 0 93 3 0 4 0 0 0 0 0 0 1 0 0 0 0 0 0 0 0 0 0 0 0 0 0 0 2 0 
 0 2 0 1 0 2 0 0 3 0 0 0 0 0 0 0 0 0 0 0 2 0 0 0 0 0 0 0 0 0 0 0 0 0 0 0 64 3 2 0 30 41 110 28 222 0 43 36 56 169 200 71 29 45 49 69 67 42 59 47 0 0 0 0 0 1 55 0 58 0 0 3 50 1 51 0 21 0 50 106 0 0 0 0 0 0 0 0 0 0 0 0 0 0 0 0 0 0 0 0 0 0 0 0 0 0 0 0 0 0 0 0 0 0 0 0 0 0 0 0 0 0 11 14 15 40 0 0 0 20 27 0 0 7 0 0 0 0 0 0 10 18 12 0 0 0 10 11 10 13 0 0 0 0 0 13 11 0 31 15 0 0 0 0 0 0 0 0 0 0 0 0 4 0 0 0 0 0 0 10 0 0 0 0 0 0 0 0 0 0 0 0 0 0 0 0 2 0 0 0 0 0 12 8 19 9 0 0 25 11 3 35 0 0 0 11 1 6 0 0 38 0 1 0 0 0 24 35 29 0 7 0 19 13 20 0 21 2 0 13 0 0 10 0 0 0 0 0 0 0 0 10 0 0 0 0 0 0 0 0 0 0 9 0 0 10 1 0 0 0 0 0 0 0 0 2 0 0 0 0 0 0 1 0 2 0 0 0 0 0 
 3 0 0 0 0 0 0 0 0 0 0 3 0 0 1 0 0 0 0 0 62 0 0 63 0 15 0 0 0 0 64 61 0 0 0 125 0 0 0 0 173 399 89 79 56 43 0 166 209 42 247 234 199 444 19 47 53 52 57 152 14 7 8 0 0 1 0 0 0 5 15 0 21 0 0 0 4 3 0 0 0 0 0 0 0 0 0 0 0 0 0 0 0 0 0 0 0 0 0 0 0 0 0 0 24 12 0 0 0 0 0 0 0 0 0 0 0 0 0 0 14 11 0 8 1 9 15 9 25 5 0 13 0 7 13 6 0 1 1 10 0 0 0 5 0 0 0 0 0 0 0 0 7 0 0 0 0 6 1 0 0 0 0 0 0 0 0 0 0 0 0 0 0 0 0 0 0 0 0 0 0 0 0 0 6 25 0 0 0 0 0 7 0 0 0 0 0 0 0 0 57 22 20 10 10 0 0 43 0 0 0 0 10 7 30 33 46 23 4 10 0 24 0 4 0 0 0 0 33 0 0 17 0 0 13 0 0 15 21 14 0 0 0 0 0 0 0 0 0 0 0 11 0 0 0 0 0 62 0 5 0 0 0 66 14 1 2 0 0 0 7 0 0 0 0 0 0 0 0 0 0 0 0 0 0 0 0 6 0 0 
 0 0 0 0 0 0 0 0 2 0 0 0 0 0 0 0 0 0 0 0 3 0 0 0 0 67 0 0 0 0 0 0 0 0 0 0 0 1 0 0 175 239 113 60 58 36 166 0 108 55 106 116 275 282 116 179 202 100 205 173 6 8 9 0 0 4 0 0 26 5 11 0 48 0 0 0 2 5 0 1 0 0 0 0 0 0 0 0 0 0 0 0 0 0 0 0 0 0 0 0 0 0 0 0 0 0 0 0 0 0 0 0 0 0 0 0 0 0 0 0 0 33 47 31 60 19 0 5 25 15 0 50 18 7 39 18 1 9 0 0 0 4 0 8 0 0 0 0 0 0 0 2 2 0 1 7 22 6 5 2 0 0 0 0 0 0 0 0 0 0 0 0 0 0 0 0 0 0 0 0 0 0 0 0 0 0 0 0 0 0 0 0 0 0 11 10 0 0 0 0 3 13 25 19 18 0 0 19 0 14 18 14 5 39 17 8 19 10 0 0 0 5 1 9 0 0 0 17 9 6 0 6 10 0 0 0 0 7 0 36 0 0 0 0 0 0 0 0 0 0 0 0 0 0 0 0 0 0 0 18 0 0 0 42 1 4 2 27 0 0 22 0 0 0 0 0 0 0 0 0 0 0 0 0 0 7 0 0 0 0 
 0 0 0 0 0 0 0 0 0 0 3 0 3 0 0 0 0 0 0 0 0 0 0 0 69 127 0 0 0 0 25 2 0 0 0 2 0 0 4 62 393 112 123 65 60 56 209 108 0 62 115 89 106 118 72 112 501 122 165 57 0 0 0 0 0 5 5 0 0 0 0 3 50 2 0 0 0 0 2 0 0 0 0 0 0 0 0 0 0 0 0 0 0 0 0 0 0 0 0 0 0 0 0 0 0 0 0 0 0 0 0 0 0 0 0 0 0 0 0 0 0 16 13 8 23 7 0 0 31 33 19 8 0 7 0 11 13 22 0 0 0 1 0 0 0 0 1 1 9 0 0 0 8 0 0 0 0 3 16 0 0 0 0 0 0 0 0 0 0 0 0 0 0 0 0 0 0 0 0 0 0 0 0 0 0 0 0 0 0 0 0 0 0 0 0 0 0 0 0 0 6 5 39 0 22 0 0 0 30 0 2 33 18 21 28 9 3 29 0 15 19 0 0 0 0 0 21 22 0 0 0 0 0 0 11 0 0 0 8 17 0 0 9 0 0 0 0 0 0 0 0 3 0 1 0 0 0 1 0 10 0 0 0 4 65 1 0 0 0 0 0 0 0 0 0 0 0 0 0 0 0 0 7 0 0 0 0 6 0 0 
 0 0 0 0 0 0 0 0 0 0 0 0 0 0 0 0 0 0 0 0 4 0 0 0 0 1 0 0 0 0 0 0 0 0 0 0 0 0 4 0 43 119 117 164 274 169 42 55 62 0 376 106 61 363 156 144 138 153 164 141 0 1 0 0 1 4 8 0 0 0 1 2 18 0 1 0 1 0 9 54 0 0 0 0 0 0 0 0 0 0 0 0 0 0 0 0 0 0 0 0 0 0 0 0 0 0 0 0 0 0 0 0 0 0 0 0 0 0 0 0 0 0 9 39 2 42 0 6 8 0 15 1 8 0 62 19 11 0 17 0 0 2 0 0 0 0 13 1 0 6 0 0 1 0 1 3 0 0 12 12 0 0 0 0 0 0 0 0 0 0 0 1 4 0 0 0 0 0 0 0 0 0 0 0 0 0 0 0 0 0 0 0 0 10 0 0 0 0 0 0 18 31 2 0 15 0 0 25 0 9 7 14 1 33 20 16 42 11 0 1 10 0 0 0 0 0 0 0 1 0 0 0 15 0 10 0 9 0 0 1 0 0 0 0 0 0 0 0 1 0 0 3 0 0 0 0 0 0 0 9 0 0 1 0 1 12 0 2 0 0 0 0 0 0 0 0 0 1 0 0 0 0 0 0 23 15 0 0 0 0 
 3 63 2 5 3 5 3 9 6 2 5 3 3 3 3 1 2 3 3 3 2 0 0 0 0 0 0 2 0 3 0 61 3 0 0 0 0 0 0 0 38 42 50 134 85 200 247 106 115 376 0 436 37 146 91 71 194 185 47 65 0 0 0 0 0 24 0 0 0 0 0 6 53 4 0 2 0 1 0 1 0 0 0 0 0 0 0 0 0 0 0 0 0 0 0 0 0 0 0 0 10 0 0 0 0 0 0 0 0 0 0 0 0 0 0 0 0 0 0 0 0 6 15 18 23 44 0 1 2 15 24 27 0 0 21 0 15 0 0 0 0 0 0 0 0 0 6 0 0 14 0 1 0 1 0 32 0 0 8 33 0 0 0 0 0 0 0 0 0 0 0 0 4 5 0 0 0 0 0 0 0 0 0 0 0 0 0 0 0 0 0 0 0 0 0 0 0 0 0 0 0 6 19 14 32 0 0 0 13 15 2 29 0 0 0 0 11 1 0 0 1 1 0 0 3 0 10 0 0 0 0 0 0 19 0 0 0 0 0 0 0 0 0 0 0 0 0 0 0 0 0 2 0 0 0 0 0 0 0 7 0 0 1 1 1 0 0 0 0 0 0 0 0 0 0 0 0 0 0 0 0 0 0 0 14 0 0 0 0 0 
 0 0 77 6 0 2 0 6 0 0 0 0 0 0 0 0 0 0 0 0 3 2 1 2 1 39 2 1 11 5 6 6 8 7 1 1 2 0 0 0 270 127 33 546 124 71 234 116 89 106 436 0 34 244 37 256 85 107 240 22 0 6 0 0 0 1 12 76 0 0 0 0 58 0 0 0 0 0 51 51 0 0 0 0 0 0 0 0 0 0 0 0 0 0 0 0 0 0 0 0 0 8 10 0 2 6 0 2 0 0 0 0 0 0 0 0 6 3 0 0 0 10 19 44 0 44 0 0 0 8 9 0 0 0 0 0 18 0 0 0 21 32 0 0 0 0 33 8 6 23 0 0 25 26 0 0 0 0 0 0 0 0 0 0 0 0 0 0 0 0 0 0 7 0 0 0 0 0 0 0 0 6 0 0 3 0 0 0 6 0 0 0 0 0 8 2 6 0 0 0 0 13 0 13 18 16 0 0 0 11 1 12 0 0 0 0 4 0 0 0 11 9 8 10 0 0 0 25 5 0 0 0 11 10 7 9 15 12 41 38 0 0 0 0 0 0 1 0 0 0 0 14 0 0 0 0 0 0 0 11 0 0 3 78 1 68 7 4 0 0 0 0 0 0 0 0 0 0 0 0 0 0 0 0 14 0 0 0 0 0 
 0 0 0 0 0 4 0 0 2 0 2 0 0 0 0 0 0 0 0 0 5 2 6 65 2 107 2 2 18 66 65 2 2 2 2 2 3 10 2 2 131 244 112 328 93 29 199 275 106 61 37 34 0 105 52 71 112 30 378 193 0 6 0 0 3 2 0 31 8 0 10 0 1 19 53 0 15 3 0 0 0 0 0 0 0 0 0 0 0 0 0 6 0 0 0 0 0 0 0 0 0 0 0 0 19 13 0 0 0 8 0 0 0 0 0 0 0 0 0 0 15 6 60 0 48 0 0 60 22 0 0 7 36 4 2 0 11 10 8 24 0 3 0 12 0 4 0 0 0 0 0 2 0 4 0 21 15 4 0 0 0 0 0 0 0 0 0 0 0 0 0 0 0 0 0 0 0 5 0 0 0 0 0 0 6 21 0 0 0 0 1 0 0 0 0 0 18 0 0 0 0 13 9 9 0 0 22 11 0 11 2 0 13 0 19 12 11 11 1 7 0 47 0 5 0 6 0 0 44 0 0 4 0 0 0 0 3 0 22 0 0 0 0 0 0 0 0 0 0 0 0 2 0 0 0 0 0 0 0 0 0 0 1 0 0 2 6 0 0 0 16 0 0 0 0 2 0 0 0 0 0 0 0 0 0 0 0 0 0 0 
 6 3 3 3 3 3 3 3 6 3 3 5 3 3 3 3 3 3 3 3 2 0 0 0 0 0 0 0 0 0 0 2 0 0 0 0 0 3 0 0 77 684 134 91 89 45 444 282 118 363 146 244 105 0 119 280 32 55 191 185 0 0 0 0 0 6 0 0 5 0 1 10 1 2 0 43 1 51 0 0 0 0 0 0 0 8 0 0 0 0 0 0 0 0 0 0 0 0 0 0 0 0 0 0 0 0 0 0 0 0 0 0 0 0 0 0 0 0 0 0 0 9 1 14 27 10 7 36 22 25 9 31 30 30 36 20 6 12 0 0 0 3 0 0 0 0 0 0 0 5 0 9 0 4 0 9 0 0 7 0 0 0 0 0 0 6 0 0 0 0 0 0 0 0 0 0 0 0 0 0 0 0 0 0 0 0 14 0 0 0 0 0 0 0 0 3 0 7 0 0 31 16 14 14 21 15 0 5 21 1 3 10 1 2 0 24 40 20 4 18 0 0 0 0 12 1 2 10 0 0 0 0 11 12 0 0 0 0 8 0 0 0 0 0 0 0 0 0 0 0 0 9 0 0 0 0 0 0 0 0 0 0 1 0 72 0 0 2 0 0 9 0 0 0 0 0 0 0 0 0 0 0 0 0 0 16 0 6 0 0 
 0 0 0 0 0 3 0 0 0 0 0 0 0 0 0 0 0 0 0 0 0 0 6 37 30 63 0 0 0 74 26 64 0 0 2 3 0 0 1 0 48 291 62 155 60 49 19 116 72 156 91 37 52 119 0 122 105 69 102 172 0 0 0 0 0 1 0 0 11 0 4 5 53 6 0 0 0 0 0 0 0 0 0 20 0 0 0 0 0 0 0 0 0 0 0 0 0 0 0 0 0 0 0 5 0 1 0 0 0 0 0 0 0 0 0 4 1 0 0 0 2 26 54 2 24 21 1 1 0 1 10 7 26 0 0 24 32 76 0 8 0 0 0 0 0 0 0 0 0 0 0 0 0 0 0 0 0 0 0 0 0 0 0 0 0 0 0 0 0 5 0 0 0 0 0 0 0 0 0 0 0 0 0 0 13 0 0 4 0 0 1 3 0 0 0 0 1 16 0 0 0 14 19 40 18 0 14 23 1 43 22 2 26 14 13 0 25 0 16 18 0 0 0 0 0 0 0 0 0 0 0 0 9 10 0 0 0 0 1 0 0 0 0 0 0 0 0 0 0 0 0 10 0 1 0 0 0 0 2 3 0 0 0 0 1 0 3 81 0 0 0 0 0 0 0 0 0 0 0 0 0 4 0 0 14 8 0 0 0 0 
 0 0 0 0 0 2 0 6 0 0 0 0 2 1 0 0 0 0 0 0 1 0 5 0 0 0 0 1 0 5 0 0 3 0 0 0 0 0 0 0 26 162 73 54 65 69 47 179 112 144 71 256 71 280 122 0 101 39 23 164 0 1 0 0 0 0 0 0 11 1 7 9 4 7 2 3 1 0 5 1 0 0 0 0 0 0 0 0 0 0 0 0 0 0 0 0 0 0 0 0 0 0 0 0 0 0 0 0 0 0 16 0 0 0 0 3 0 0 0 0 0 11 19 4 17 0 6 34 33 1 0 17 42 11 12 19 9 11 0 0 5 1 0 1 16 0 0 6 0 0 1 1 0 3 1 11 7 0 17 0 0 0 0 0 0 4 0 0 0 0 0 0 0 0 0 0 0 0 0 0 0 0 0 0 0 0 0 0 0 0 0 0 0 0 0 0 0 0 0 0 10 13 22 24 14 16 0 58 12 13 12 3 10 0 0 20 17 41 0 0 6 0 0 0 0 0 0 0 0 16 0 0 9 16 0 6 0 0 24 21 0 0 0 0 0 0 0 0 0 0 0 0 0 0 0 0 0 0 0 1 0 0 0 0 11 0 2 72 16 0 10 0 0 0 0 0 0 0 0 0 0 0 0 0 1 17 0 2 0 0 
 3 0 0 0 0 0 0 0 0 0 0 3 61 0 0 0 0 0 0 0 0 0 0 0 0 56 0 0 0 2 0 0 0 0 0 2 1 0 4 0 38 106 82 61 55 67 53 202 501 138 194 85 112 32 105 101 0 96 149 35 1 11 4 3 4 11 0 2 6 0 5 52 7 4 0 0 4 4 0 0 0 0 0 0 0 0 0 0 0 0 0 0 0 0 0 0 0 0 0 0 7 0 0 0 1 0 17 0 0 0 2 10 0 0 0 0 0 0 0 0 4 29 15 15 20 20 0 0 26 11 0 1 0 1 0 0 17 24 0 7 0 6 0 0 0 7 10 0 0 0 0 4 6 1 0 0 0 8 0 0 0 0 0 0 0 0 0 0 0 0 0 0 36 0 0 0 0 0 0 0 0 0 0 0 1 0 0 0 0 0 0 0 0 0 0 0 0 0 0 0 35 0 37 7 0 0 0 0 8 19 7 14 20 13 9 11 18 29 0 6 0 3 0 12 8 3 0 0 9 0 12 4 0 0 0 0 0 15 0 17 0 0 0 0 0 0 0 0 0 0 0 11 0 0 0 0 0 0 0 0 0 0 0 78 0 3 7 4 2 0 18 0 0 0 0 3 0 0 0 0 0 0 0 0 1 15 0 0 0 0 
 3 4 2 66 2 2 2 2 23 2 3 3 2 2 3 2 2 2 2 2 1 13 0 0 0 0 0 4 0 4 0 0 2 0 1 0 3 0 2 3 45 64 44 119 36 42 52 100 122 153 185 107 30 55 69 39 96 0 90 24 0 9 51 0 0 9 0 0 0 0 0 0 52 0 0 0 4 0 0 0 0 0 0 0 0 0 0 0 0 0 0 0 0 0 0 0 0 0 0 0 0 0 0 0 0 0 0 0 0 0 4 31 9 7 7 0 0 0 0 0 0 18 15 27 1 39 0 1 6 14 30 18 0 0 0 0 23 0 0 0 20 1 0 0 0 0 15 0 0 0 0 0 7 15 8 11 0 0 1 0 0 0 0 0 0 10 0 0 0 0 0 0 3 0 0 0 0 0 0 0 6 0 0 7 0 0 0 0 0 0 0 11 0 10 0 0 0 0 0 0 7 26 1 13 24 18 0 0 0 3 19 30 0 14 17 10 20 34 0 0 0 30 0 0 0 0 3 0 0 0 0 0 0 0 0 0 0 0 0 18 0 0 7 0 0 0 0 0 0 0 0 16 0 1 0 0 0 0 0 2 0 2 3 63 0 1 3 2 1 2 0 0 0 0 0 0 0 0 0 0 0 3 0 0 28 1 0 0 0 0 
 3 6 3 3 3 3 3 3 3 3 3 5 3 3 3 3 3 3 3 3 3 2 3 2 3 58 3 3 7 4 58 5 5 3 4 4 3 4 6 3 111 346 69 81 129 59 57 205 165 164 47 240 378 191 102 23 149 90 0 96 0 0 0 0 0 16 0 0 0 0 3 9 0 0 0 0 0 0 0 0 0 0 0 0 0 0 0 0 0 0 0 0 0 0 0 0 0 0 0 0 0 0 0 8 5 1 0 0 0 0 0 0 0 0 0 0 0 10 0 0 13 36 21 9 0 0 11 11 9 6 0 18 27 27 14 1 22 11 6 0 0 2 0 0 0 15 0 0 0 29 0 9 0 0 0 0 0 17 0 0 0 0 0 0 0 3 0 0 0 0 3 0 0 0 0 0 0 0 0 0 0 7 0 0 0 0 0 0 0 0 0 25 0 0 0 0 0 0 0 0 6 0 11 22 17 6 7 0 19 7 8 11 10 29 14 12 0 14 0 8 0 0 0 0 4 0 0 0 0 0 0 1 0 0 0 0 0 0 9 0 0 0 0 0 0 0 0 0 0 0 0 0 0 0 0 0 0 0 0 0 0 0 2 0 0 1 2 64 1 0 10 0 0 0 0 0 0 0 0 0 0 0 0 0 0 0 0 0 0 0 
 0 3 0 0 0 0 0 0 0 0 0 0 0 0 0 0 0 0 0 0 0 0 0 125 63 59 0 0 0 2 126 54 0 0 0 0 0 0 2 0 120 343 34 65 64 47 152 173 57 141 65 22 193 185 172 164 35 24 96 0 0 0 0 3 0 82 0 0 0 0 0 8 2 0 0 0 6 0 0 0 0 0 0 0 10 0 0 0 0 0 0 0 0 0 0 0 0 0 0 0 0 0 0 19 1 1 0 0 0 0 0 0 0 0 0 0 0 0 0 0 21 0 0 9 22 9 0 25 24 0 0 0 29 0 10 22 3 11 0 1 0 3 0 0 0 0 0 0 0 17 0 9 0 4 0 12 0 0 7 0 0 0 0 0 0 0 0 12 0 3 0 0 0 6 0 0 0 0 6 0 0 0 0 0 0 18 0 0 0 0 0 0 0 0 0 0 0 0 0 0 0 31 7 3 9 0 0 29 0 5 13 2 1 0 6 21 33 36 0 9 0 0 0 0 5 0 0 0 0 0 1 0 0 0 0 0 1 0 11 0 0 0 0 0 0 0 0 0 0 0 0 4 0 0 0 0 0 1 0 8 0 0 0 0 63 0 2 0 0 0 29 0 0 0 0 0 0 0 0 0 0 0 0 0 0 0 0 6 0 0 
 1 0 0 0 0 2 0 0 0 0 0 2 0 0 0 0 0 0 0 25 0 0 0 0 0 0 0 0 0 5 0 2 31 2 0 3 0 0 0 14 0 0 52 19 51 0 14 6 0 0 0 0 0 0 0 0 1 0 0 0 0 199 401 44 59 48 103 73 139 135 100 32 273 51 94 46 153 149 309 102 0 0 0 0 0 0 0 0 0 0 0 0 0 0 0 0 9 0 0 0 1 22 7 4 0 0 0 1 3 0 0 2 0 3 0 0 0 4 0 0 0 0 0 0 0 0 0 0 0 0 0 0 0 0 0 0 0 0 0 0 4 1 0 8 4 0 0 1 26 0 0 0 0 10 6 0 11 19 6 0 3 0 0 0 13 0 0 3 0 0 0 0 0 0 0 0 0 0 0 0 0 1 4 0 4 0 0 0 0 0 1 3 0 3 6 5 0 5 2 0 0 0 0 0 0 0 1 0 0 0 0 0 0 0 0 0 0 0 2 0 11 45 0 26 13 1 5 12 37 8 0 10 10 8 0 10 0 17 0 6 0 0 0 0 0 0 0 0 0 0 0 0 0 57 3 0 0 1 0 0 0 0 0 0 0 0 0 0 0 0 9 0 0 1 0 0 0 0 0 0 0 0 0 8 0 0 3 0 0 0 
