 0 90 291 247 133 33 455 269 54 41 208 63 170 144 75 119 43 221 49 35 0 3 5 6 2 0 0 0 0 0 7 0 1 0 2 0 2 0 0 0 7 0 3 3 0 0 3 0 0 0 3 3 2 3 0 0 0 0 2 0 0 2 0 0 1 2 3 2 0 3 0 0 0 0 32 2 3 0 3 0 42 8 23 11 24 0 10 28 30 5 0 21 19 2 22 15 0 28 0 1 0 0 0 0 0 0 0 0 0 0 0 0 2 0 0 0 0 0 9 12 0 2 0 0 0 0 0 0 0 0 1 0 0 0 0 0 0 0 0 0 0 0 0 0 0 0 0 0 1 0 0 0 0 0 0 0 1 0 0 0 69 2 66 29 10 1 9 1 4 0 0 0 5 0 24 13 23 0 26 11 1 0 0 0 0 0 0 0 0 0 0 0 10 11 1 2 0 2 27 0 0 0 0 0 0 0 1 0 0 0 0 0 0 14 0 0 2 0 0 0 0 0 0 0 1 0 0 0 0 0 0 0 0 0 2 0 0 0 0 0 0 14 0 0 0 0 91 2 95 89 66 16 7 11 1 0 0 0 0 1 0 0 0 0 0 0 0 0 0 0 0 0 0 0 0 0 0 0 0 0 0 0 0 0 13 0 0 0 0 0 
 90 0 70 51 41 132 73 55 123 51 276 79 39 97 209 112 179 188 150 199 1 3 5 6 2 0 0 0 0 0 2 2 3 2 2 0 1 0 75 78 3 3 3 3 0 0 3 3 0 0 2 3 2 2 0 0 0 0 1 8 0 2 0 0 0 1 0 2 0 3 0 0 0 0 0 2 3 1 3 0 0 0 18 30 0 0 9 9 11 0 10 0 0 30 11 16 34 26 0 0 0 0 0 0 0 0 0 0 0 0 0 0 1 0 0 0 0 0 19 1 0 0 0 0 0 0 12 0 0 0 0 0 0 0 0 0 0 0 0 0 0 0 0 0 0 0 0 0 0 0 0 0 2 0 0 0 0 0 0 0 0 0 9 22 0 2 0 1 30 10 3 10 0 14 38 63 19 32 18 19 0 0 20 0 0 0 35 0 0 0 0 0 1 9 1 0 0 0 34 8 0 0 0 0 0 0 0 0 0 0 0 0 0 0 0 0 0 0 0 0 0 0 0 0 0 0 0 0 0 0 0 0 0 0 0 0 10 0 0 0 0 0 0 0 0 0 0 0 0 21 0 9 0 0 0 0 0 0 0 0 0 0 0 0 0 0 0 0 0 0 0 0 0 0 0 15 0 0 0 0 0 0 0 0 0 0 0 0 0 0 
 291 70 0 148 79 289 496 115 178 76 152 148 378 259 65 146 418 437 468 137 74 3 3 5 2 0 0 0 0 0 4 8 77 0 3 0 1 3 0 0 7 0 9 3 0 0 3 0 0 0 2 3 2 2 2 0 0 0 1 0 0 2 0 0 0 1 0 35 0 3 0 0 0 0 0 2 3 0 3 0 29 23 1 32 50 0 0 27 5 26 14 12 0 0 21 0 0 44 0 0 0 0 0 0 0 0 0 5 0 0 0 0 0 10 0 0 0 0 14 28 0 0 26 2 0 0 0 1 0 0 0 0 0 0 0 0 0 1 0 0 0 0 0 0 0 5 0 0 0 0 0 0 0 0 0 0 0 0 0 0 19 0 48 4 20 1 0 4 10 33 28 11 2 0 12 0 34 25 12 10 0 0 0 0 0 0 19 19 2 6 0 0 1 9 1 1 0 0 49 9 0 0 12 0 0 0 0 0 10 0 0 0 0 0 0 0 0 0 0 0 0 1 0 0 0 0 0 0 0 0 0 0 0 0 0 0 0 0 0 0 0 16 0 0 0 4 4 0 1 3 2 10 0 0 0 0 0 0 0 0 0 0 0 0 0 0 0 0 0 0 0 0 0 0 0 5 0 18 0 0 0 0 0 0 0 2 0 0 0 0 
 247 51 148 0 213 131 94 92 181 186 88 172 383 88 628 22 259 52 89 68 76 41 5 6 2 0 75 1 5 0 0 2 238 144 3 0 6 2 0 75 0 0 3 6 0 2 3 2 0 0 3 3 2 3 0 2 0 0 2 0 0 3 0 2 0 37 0 5 0 3 0 0 0 0 0 2 3 0 3 0 15 0 21 25 38 22 0 18 26 23 41 22 27 0 0 12 15 28 0 0 0 13 0 0 0 0 30 35 0 0 0 0 15 36 19 12 14 32 22 17 0 2 0 0 0 1 0 0 0 0 0 0 0 0 0 0 0 0 0 0 0 0 0 0 0 0 0 0 1 0 0 0 0 0 0 0 1 0 0 0 0 0 16 12 11 29 15 11 0 15 2 19 13 0 21 0 0 0 0 0 15 17 1 0 0 0 39 0 0 12 0 1 0 0 18 1 0 26 8 36 0 0 0 0 0 0 1 1 0 0 0 0 0 0 0 0 0 0 0 0 0 0 0 0 1 0 0 0 0 0 0 0 0 0 2 0 0 0 0 0 0 0 0 0 0 1 1 0 0 91 0 15 0 0 0 0 0 0 0 0 0 0 0 0 0 0 0 0 0 0 1 0 0 0 0 1 2 0 0 0 0 0 0 0 0 0 0 0 0 0 
 133 41 79 213 0 300 259 57 86 272 93 172 47 57 73 65 135 46 98 89 78 4 77 28 2 0 138 63 0 22 0 0 221 172 79 0 65 59 150 143 0 0 3 3 0 0 3 0 0 0 3 3 2 3 0 0 0 0 3 0 2 3 0 0 0 3 0 2 0 38 0 0 0 0 0 2 3 1 3 0 0 0 0 21 34 35 0 0 14 11 19 24 0 0 0 12 11 0 0 0 16 0 32 1 0 0 17 12 12 0 30 1 32 34 31 11 12 29 18 55 0 0 0 2 0 0 0 0 0 0 0 0 0 0 0 0 0 0 10 0 0 0 0 0 0 0 0 0 0 0 0 0 1 0 0 0 0 0 0 0 0 0 3 0 14 4 0 27 0 2 0 0 2 0 2 0 0 0 0 0 25 23 0 17 0 0 80 30 2 14 1 0 15 17 31 28 0 21 20 10 0 4 0 0 0 0 0 0 0 0 0 0 0 0 8 0 0 0 0 0 0 1 0 0 0 0 0 0 0 0 0 0 0 0 0 0 0 0 0 0 0 0 0 0 0 2 1 1 4 88 1 4 0 0 0 0 0 0 0 0 0 0 5 0 0 0 0 0 0 0 0 0 0 0 0 0 23 0 0 0 0 0 0 0 0 2 0 0 0 0 
 33 132 289 131 300 0 27 26 59 51 65 358 33 110 56 76 67 58 208 47 73 88 3 102 4 3 102 1 0 2 0 0 243 5 17 2 6 3 77 78 2 3 5 3 0 2 21 63 0 0 4 6 2 3 0 0 0 0 2 3 0 5 11 9 0 2 2 7 0 10 0 2 0 0 0 4 3 54 12 0 0 0 0 11 59 14 0 11 0 2 45 1 0 0 0 0 0 11 0 0 10 0 39 10 0 0 11 78 37 0 1 0 0 0 12 0 13 1 46 26 0 0 0 0 0 0 0 0 0 0 0 0 0 2 0 1 0 0 0 0 0 0 0 0 0 3 0 0 0 0 0 0 0 0 0 15 0 0 0 0 0 0 0 0 22 0 23 0 0 55 9 25 0 0 0 0 0 0 0 6 10 12 1 0 0 0 14 28 2 41 5 10 25 0 0 31 0 14 0 18 0 0 0 0 0 0 0 82 0 0 0 0 0 2 0 1 0 0 0 0 0 0 0 0 0 0 0 0 0 0 0 0 0 0 0 0 1 0 1 0 0 0 0 0 0 8 0 0 0 5 2 2 0 0 0 0 0 0 0 0 0 0 0 0 0 0 0 0 0 0 0 0 0 5 29 9 0 0 0 0 0 0 0 0 0 0 0 0 0 0 
 455 73 496 94 259 27 0 86 280 119 100 49 180 53 290 26 135 475 214 90 0 3 3 3 2 0 1 0 0 0 5 0 2 0 4 0 2 1 2 0 0 0 3 3 3 0 3 0 0 0 2 3 2 2 0 0 7 0 1 6 0 2 0 0 1 0 0 2 0 3 0 0 0 0 0 2 2 0 3 0 14 0 27 0 0 0 0 33 15 0 10 15 37 27 28 12 15 19 25 11 0 0 0 0 0 0 0 0 0 24 0 0 0 0 0 0 0 0 0 0 0 0 0 0 0 0 0 0 0 0 0 0 0 0 0 0 0 0 0 0 0 0 0 0 0 0 0 0 0 0 2 0 0 0 0 0 0 2 0 0 2 15 12 28 1 39 25 12 10 0 1 0 56 30 37 77 0 0 0 6 0 0 0 0 0 0 0 0 0 0 0 0 1 0 0 0 0 0 0 0 0 0 0 0 0 0 0 0 0 0 0 0 2 0 0 0 0 0 0 0 0 0 0 0 0 1 0 0 0 0 0 0 0 0 0 0 0 0 46 0 0 0 0 0 0 42 1 2 0 18 0 5 14 0 0 2 0 0 0 0 2 0 0 0 0 0 0 0 0 0 0 0 0 0 0 0 0 0 0 0 0 0 0 0 0 0 0 0 0 0 
 269 55 115 92 57 26 86 0 138 42 128 41 346 207 111 69 53 120 162 227 0 3 4 5 2 0 0 0 0 0 4 0 0 0 2 0 1 0 0 0 1 0 3 3 0 0 3 0 0 0 3 2 2 3 0 0 0 0 3 0 0 3 0 0 0 3 0 3 0 3 0 44 0 0 0 2 3 0 3 0 36 29 27 10 7 15 38 20 19 13 0 0 0 0 6 0 16 10 30 2 11 2 0 0 0 0 0 0 0 0 2 0 0 0 0 2 0 0 0 16 0 0 0 0 2 0 0 0 0 0 0 0 0 0 0 0 0 0 0 0 0 0 0 0 0 0 0 0 0 0 0 2 1 0 0 0 0 0 0 0 25 26 8 3 0 0 0 0 10 1 0 0 12 0 0 0 49 0 31 11 0 0 0 0 0 0 0 0 0 0 0 0 0 0 0 0 0 0 20 0 0 0 0 0 0 0 0 0 0 0 0 0 0 0 0 0 0 0 0 0 0 0 0 0 0 0 0 0 0 0 2 0 0 0 0 0 0 0 0 0 0 12 0 0 0 0 47 0 88 0 7 6 0 0 1 0 0 0 0 0 0 0 7 0 0 9 0 0 0 0 0 0 0 0 0 1 18 0 0 0 0 0 0 0 0 0 0 0 0 0 
 54 123 178 181 86 59 280 138 0 253 165 30 92 86 137 56 224 148 95 226 0 3 3 4 2 0 0 0 0 0 0 4 3 0 2 0 2 2 0 0 0 0 3 3 2 0 3 27 0 0 2 6 2 2 0 0 53 1 1 0 0 2 0 0 0 0 0 5 0 3 0 0 0 0 0 2 2 0 9 0 1 22 26 0 0 10 3 9 41 22 13 16 15 0 0 13 24 11 18 2 6 0 0 0 0 1 13 0 0 0 5 1 0 0 0 0 4 0 0 0 0 0 0 0 0 0 0 0 0 2 0 0 0 0 0 0 0 0 0 0 0 0 0 0 0 0 0 0 0 0 0 0 0 0 0 0 0 0 0 0 4 0 19 43 19 33 0 19 12 15 2 0 1 15 13 1 17 30 0 14 0 0 0 0 0 0 9 0 0 0 0 0 0 0 0 0 0 0 0 1 0 0 0 0 0 0 0 0 0 0 0 0 0 0 0 0 0 0 0 0 0 0 0 0 0 0 1 0 0 0 0 0 0 0 0 0 0 0 0 0 0 15 0 0 0 3 174 1 1 90 0 33 1 2 0 0 0 0 0 0 0 0 6 0 0 0 0 0 0 0 0 0 0 0 0 0 0 4 0 0 0 0 0 0 0 0 0 0 0 0 
 41 51 76 186 272 51 119 42 253 0 173 31 54 174 128 110 74 43 205 105 0 3 3 5 4 208 0 0 0 0 0 0 1 0 210 0 1 1 0 0 0 0 3 3 0 0 3 0 0 0 3 3 2 3 0 0 0 0 3 0 0 3 0 0 0 3 0 2 0 3 0 0 0 0 0 2 3 4 3 0 42 0 52 16 0 14 37 17 18 44 0 0 19 0 0 0 0 0 15 11 11 0 0 0 0 0 17 39 0 0 0 0 14 0 0 0 48 21 12 12 0 0 0 0 0 0 0 0 0 0 0 0 0 0 0 0 0 0 0 0 0 0 2 0 0 0 0 0 0 0 0 0 0 0 0 0 0 0 0 0 12 0 24 6 11 22 10 0 0 9 0 19 6 0 10 0 0 0 43 0 0 15 0 0 0 0 16 0 0 1 0 0 17 2 0 0 0 0 0 21 0 0 0 0 0 0 0 0 0 0 0 0 0 0 1 0 0 0 0 0 0 0 0 0 0 0 28 0 2 0 0 0 0 0 0 0 0 1 0 0 0 1 0 0 0 0 3 2 0 0 2 7 0 0 0 0 0 0 0 0 0 0 13 0 0 0 0 0 0 0 0 0 0 0 0 0 0 0 0 0 0 0 0 0 0 0 0 0 0 0 
 208 276 152 88 93 65 100 128 165 173 0 155 251 290 235 434 534 116 340 206 1 3 3 5 2 0 2 0 0 0 0 0 2 0 2 2 0 0 73 74 38 0 3 3 0 0 3 29 29 0 2 3 2 2 0 0 2 0 1 2 0 2 0 0 0 0 0 2 0 3 0 0 0 0 0 2 2 0 3 0 39 0 45 27 0 0 4 16 26 0 0 11 8 13 0 10 49 65 1 0 0 0 0 0 0 0 0 0 0 0 0 0 8 0 0 0 0 0 28 16 0 0 0 0 0 0 0 0 0 0 0 0 0 0 0 0 0 0 0 0 0 0 14 0 0 2 0 0 0 0 0 0 0 0 0 11 0 0 0 0 10 0 21 21 14 7 13 7 30 7 10 10 7 0 28 33 0 11 1 1 0 0 16 0 0 0 14 0 0 0 0 0 9 0 0 0 0 0 17 0 0 0 0 1 0 0 0 0 0 0 0 0 0 0 0 0 0 0 0 0 0 0 0 0 0 0 0 0 0 0 0 0 0 0 0 0 0 0 0 0 0 0 0 0 0 1 2 0 0 0 0 6 7 0 0 0 0 0 0 0 0 0 0 0 0 0 0 0 0 0 0 0 0 0 0 0 0 0 0 0 0 0 0 0 0 0 0 0 0 0 
 63 79 148 172 172 358 49 41 30 31 155 0 57 25 46 34 301 172 118 36 61 29 3 5 2 0 0 0 3 0 5 0 119 0 2 0 2 0 204 161 0 0 3 3 0 1 3 2 1 0 3 3 2 3 0 0 0 0 3 0 0 3 0 0 47 3 0 10 0 3 0 0 0 0 0 4 3 0 3 0 0 2 13 0 42 21 0 10 0 26 16 0 0 0 2 18 14 56 0 0 12 23 0 0 0 0 23 53 2 0 1 0 4 0 9 0 32 25 31 18 0 0 0 0 0 0 0 0 0 0 0 0 0 0 0 0 0 0 0 0 0 0 0 0 0 0 0 0 0 0 0 0 0 0 0 0 0 0 0 0 0 0 23 14 19 20 0 2 14 26 12 75 0 0 79 8 0 0 0 0 1 29 19 0 2 0 28 0 0 22 0 0 0 10 1 8 0 27 30 31 0 0 0 0 2 0 0 0 0 0 0 0 0 0 0 0 0 0 0 0 1 0 0 0 0 0 0 0 0 0 0 2 0 0 0 0 0 0 0 2 0 0 0 0 0 0 0 0 2 10 0 8 2 2 0 0 0 0 0 0 0 0 0 0 0 0 0 0 0 0 0 0 0 0 0 20 0 0 0 0 0 0 0 0 0 0 0 0 0 0 
 170 39 378 383 47 33 180 346 92 54 251 57 0 97 292 89 65 44 468 105 0 3 2 4 2 0 0 0 0 0 0 1 0 0 2 0 1 1 0 0 0 0 3 3 0 0 3 0 0 0 3 2 2 3 0 0 0 0 3 0 0 3 0 0 0 3 0 3 0 3 0 0 0 0 0 2 3 1 3 0 24 12 38 4 0 2 50 40 39 12 0 0 26 0 34 0 1 0 15 8 0 2 0 0 0 1 0 0 0 0 2 0 0 0 0 2 0 0 2 0 0 0 0 0 3 0 0 0 0 0 0 0 0 0 0 0 0 0 0 0 0 0 0 0 0 0 0 0 0 0 0 1 0 0 0 0 0 0 0 0 27 46 26 8 23 0 10 30 0 0 1 0 13 32 10 0 0 0 28 29 0 0 0 0 0 0 0 4 0 0 0 0 0 0 0 0 16 0 19 13 0 0 0 0 0 0 0 0 0 0 0 0 0 0 0 0 0 0 0 0 0 0 12 0 0 0 0 0 0 0 0 0 0 0 0 0 0 0 0 0 0 0 11 0 0 4 1 0 1 1 2 28 0 0 0 0 0 0 0 0 0 0 0 0 0 0 0 0 0 0 0 0 0 0 0 0 0 0 0 0 0 0 0 0 0 0 0 0 0 0 
 144 97 259 88 57 110 53 207 86 174 290 25 97 0 172 182 98 59 317 159 0 3 5 6 79 0 1 0 0 0 0 0 1 0 2 0 6 3 0 3 0 0 3 4 4 0 3 2 1 0 2 3 2 2 0 0 0 1 2 11 3 2 0 0 0 0 0 2 0 3 0 0 0 0 0 4 2 0 10 0 7 26 21 15 0 0 41 0 10 0 0 19 0 50 16 0 20 0 27 24 0 0 0 0 0 0 0 0 0 1 0 0 20 1 0 0 0 0 16 16 0 3 0 0 0 0 0 0 0 0 0 1 0 0 0 0 0 0 0 0 1 0 0 0 0 0 2 0 0 0 0 0 0 0 0 26 0 0 0 0 0 28 6 14 0 0 0 1 0 0 1 0 19 14 24 39 0 16 0 0 0 0 0 0 0 0 0 0 0 0 0 0 11 0 0 0 0 0 19 0 0 2 0 0 0 0 0 0 0 0 0 0 7 0 0 0 0 0 0 0 1 0 0 0 0 0 0 0 0 0 0 0 0 0 0 0 0 0 0 0 0 0 0 0 0 1 0 2 0 1 2 11 13 1 0 0 0 0 0 0 0 0 0 0 0 0 0 0 0 0 0 0 0 0 0 0 0 0 0 0 0 0 0 0 0 0 0 0 0 0 
 75 209 65 628 73 56 290 111 137 128 235 46 292 172 0 100 221 222 302 262 33 3 6 3 36 36 0 28 3 22 32 5 4 0 2 0 1 2 0 5 1 64 6 5 0 0 3 3 0 32 3 3 2 3 0 3 0 4 5 11 0 2 0 2 0 5 0 2 0 6 2 0 52 0 3 2 3 0 3 0 15 0 21 1 0 0 19 8 28 0 15 1 17 4 24 53 17 1 31 0 0 0 0 2 0 0 0 1 0 0 0 0 0 0 0 0 0 0 0 0 0 0 0 0 0 0 0 0 0 0 0 0 0 0 0 0 0 0 0 1 0 0 0 0 0 0 0 0 0 0 0 0 0 0 0 0 0 0 0 0 9 33 15 55 11 0 11 11 11 0 0 0 12 11 14 11 0 25 23 20 0 2 0 0 0 0 0 0 0 0 0 0 0 0 0 16 0 0 19 0 0 0 0 0 0 0 0 0 0 0 0 0 0 0 0 0 0 0 14 0 0 0 11 0 0 0 0 0 0 0 0 0 0 0 0 0 0 0 0 0 0 0 0 0 0 0 1 0 0 86 0 21 0 0 0 0 0 0 0 0 0 0 0 0 0 0 0 0 0 0 0 0 0 0 0 0 0 0 0 0 0 0 0 0 0 0 0 0 0 0 
 119 112 146 22 65 76 26 69 56 110 434 34 89 182 100 0 324 92 350 144 0 5 3 4 3 0 0 0 0 0 0 0 5 2 2 0 1 0 0 0 6 62 3 4 0 0 3 0 0 0 2 3 2 2 0 0 0 0 1 1 0 2 0 0 0 0 0 2 0 3 0 0 0 0 0 2 7 0 32 0 40 19 33 27 11 0 17 9 10 10 0 11 0 17 0 2 0 9 25 0 0 0 0 0 0 0 0 0 0 0 0 0 14 0 0 0 0 0 11 30 0 0 0 7 0 1 0 0 0 0 0 0 0 0 0 0 0 0 0 0 0 0 0 0 0 13 0 0 0 0 0 0 4 0 0 0 0 0 0 0 21 0 26 1 11 0 0 10 11 1 12 0 5 1 0 13 0 54 20 11 0 0 0 0 11 0 0 0 0 1 0 2 13 1 0 0 0 0 22 0 0 0 0 0 0 1 0 0 0 0 0 0 0 0 2 0 0 0 0 0 0 0 0 0 0 0 0 0 0 0 0 0 1 0 0 2 0 2 0 0 0 2 0 0 0 1 2 0 2 0 0 1 0 0 0 0 0 0 0 0 0 0 0 0 0 0 0 0 0 0 0 0 0 0 8 10 0 0 0 0 0 0 0 0 0 0 0 0 0 2 
 43 179 418 259 135 67 135 53 224 74 534 301 65 98 221 324 0 191 170 181 0 3 3 4 3 0 0 0 0 0 1 0 24 0 2 0 1 0 0 0 0 0 3 3 0 0 3 0 0 0 3 5 2 3 0 0 0 0 2 14 0 3 0 0 2 3 0 2 0 3 0 0 0 0 0 6 69 0 3 0 0 16 18 34 0 0 9 19 49 12 25 22 19 18 19 7 50 27 12 0 0 0 0 0 23 0 9 1 0 0 0 0 2 2 17 0 0 0 0 0 0 0 0 0 0 0 0 0 0 0 0 0 0 0 0 13 0 0 0 0 0 2 0 0 0 1 0 0 0 0 9 0 0 0 0 0 0 0 2 0 0 3 25 1 20 7 0 15 10 0 2 0 0 40 24 17 19 76 18 6 10 0 0 0 0 0 37 2 0 0 0 0 2 10 5 0 0 0 0 0 0 0 0 0 0 0 0 0 0 0 0 0 0 0 0 0 0 0 0 0 0 0 0 0 0 0 0 0 0 0 0 0 0 0 0 0 5 0 0 0 0 0 0 0 0 0 85 0 3 48 0 1 0 0 0 0 0 0 0 0 0 0 0 0 0 0 0 0 0 0 54 0 0 0 0 0 0 2 0 0 0 0 0 0 0 0 0 0 0 0 
 221 188 437 52 46 58 475 120 148 43 116 172 44 59 222 92 191 0 147 134 2 3 3 4 4 0 0 0 0 0 0 2 97 0 5 0 1 2 0 0 0 62 3 3 0 0 3 0 0 0 3 5 2 3 0 0 0 0 3 2 0 3 0 0 0 3 0 3 0 3 0 0 0 0 0 2 3 0 3 0 9 0 0 53 52 3 26 5 55 36 26 9 10 14 35 10 34 18 1 0 0 22 0 0 0 0 0 0 0 0 0 0 14 12 24 0 0 0 14 0 0 0 0 0 0 0 0 0 0 0 0 2 0 0 0 0 0 0 0 0 0 0 0 0 43 6 1 0 0 0 0 0 0 0 0 0 0 0 0 0 0 0 14 0 15 0 0 20 9 16 14 14 0 13 40 12 33 18 22 15 16 0 0 0 0 0 40 19 0 0 0 0 0 4 0 1 0 0 3 3 0 0 0 0 0 0 0 0 0 0 0 0 0 0 0 0 0 0 0 0 0 0 0 0 0 42 0 0 0 0 0 0 0 0 0 0 0 0 0 0 0 0 0 0 0 1 1 1 1 135 0 3 0 0 0 0 1 0 0 0 0 0 0 0 0 0 0 0 0 0 0 0 0 1 0 0 0 18 0 0 0 0 0 0 0 0 0 0 0 0 
 49 150 468 89 98 208 214 162 95 205 340 118 468 317 302 350 170 147 0 220 0 3 3 5 2 0 0 0 0 0 0 2 1 0 2 0 1 1 0 0 0 0 3 96 6 0 3 0 0 1 3 3 2 3 0 0 0 0 2 4 0 3 0 0 37 3 0 2 0 3 0 0 0 50 0 2 3 0 3 0 9 11 20 16 0 0 30 1 13 0 19 1 0 33 8 14 11 0 14 31 0 0 0 0 0 0 12 0 0 0 0 0 0 0 0 0 0 0 0 0 0 0 1 0 0 0 0 0 0 2 0 0 0 0 0 0 0 0 0 0 0 0 0 0 0 0 0 0 0 0 0 0 0 0 0 0 0 0 0 0 0 15 0 20 0 3 0 1 12 0 1 0 14 43 2 15 6 26 0 9 0 0 0 0 0 0 0 0 0 0 0 1 0 0 0 0 0 0 0 0 0 0 0 0 0 0 0 0 2 0 0 0 0 0 0 0 0 2 0 0 0 0 0 0 0 0 0 0 0 0 0 0 0 0 0 0 0 0 0 0 0 0 0 0 0 2 2 0 0 86 1 14 0 0 0 0 0 0 0 0 0 0 0 0 0 0 0 0 0 0 0 0 0 0 0 0 0 0 0 0 0 0 0 0 0 0 0 0 0 0 
 35 199 137 68 89 47 90 227 226 105 206 36 105 159 262 144 181 134 220 0 0 3 2 4 2 0 0 0 0 0 0 1 0 0 2 0 3 2 0 2 0 0 3 3 0 3 3 0 0 0 3 5 2 3 0 0 10 0 3 3 0 3 0 0 2 3 0 3 0 3 0 0 0 0 0 52 3 0 3 0 11 2 15 0 0 0 14 38 19 19 0 1 16 11 7 0 20 0 38 1 0 0 0 0 14 0 0 0 0 0 0 0 0 0 0 0 0 0 0 0 0 0 0 0 13 0 0 0 0 0 0 0 0 0 0 0 14 0 0 0 0 0 0 0 0 0 0 0 0 0 0 0 0 0 0 0 0 0 0 0 13 38 0 0 9 0 0 21 8 1 0 0 15 13 11 25 19 37 26 36 0 0 0 0 0 0 0 0 7 0 0 0 0 0 0 0 0 0 13 0 0 0 0 0 0 0 0 0 0 0 0 0 0 0 0 0 0 0 0 0 0 0 0 0 0 0 0 0 0 0 0 0 0 0 0 0 0 0 0 11 0 0 0 0 0 0 2 0 2 1 0 10 0 0 0 1 0 0 0 0 0 0 0 2 0 0 0 0 0 0 0 0 0 0 0 8 0 0 0 0 0 0 0 0 0 0 0 0 0 0 
 0 1 74 76 78 73 0 0 0 0 1 61 0 0 33 0 0 2 0 0 0 115 271 66 34 27 299 428 32 120 104 128 110 261 118 268 201 329 327 221 0 3 5 0 0 0 4 4 5 0 0 0 2 3 1 0 0 1 2 0 0 0 0 0 20 2 2 5 0 0 0 0 1 0 0 0 0 0 2 0 0 0 0 3 22 18 0 0 1 24 0 0 0 0 12 0 0 13 0 0 38 53 0 17 10 0 10 21 22 28 17 13 11 12 0 0 17 38 2 0 0 0 8 0 0 0 12 0 0 0 0 0 13 0 0 0 0 0 0 11 0 0 0 0 0 0 0 0 0 0 0 0 0 0 0 0 0 0 0 0 0 0 0 0 14 11 0 0 0 13 9 11 0 0 0 0 0 6 0 0 11 10 12 1 0 6 0 21 11 22 0 12 1 0 63 0 12 11 0 42 0 0 0 2 0 0 0 0 0 0 0 0 1 0 0 0 0 0 11 0 0 0 0 7 0 0 0 0 0 0 0 0 0 0 1 0 0 0 0 0 0 0 9 0 0 2 0 0 0 0 0 0 0 0 11 0 2 2 1 0 2 0 0 0 0 0 0 0 0 0 0 0 0 0 0 7 14 0 0 0 0 0 0 0 0 0 0 0 0 0 
 3 3 3 41 4 88 3 3 3 3 3 29 3 3 3 5 3 3 3 3 115 0 483 202 247 129 64 475 153 130 130 69 197 130 63 436 76 30 111 263 0 209 0 1 0 0 0 3 0 0 0 0 2 0 0 0 0 0 2 206 0 0 0 0 0 3 2 0 0 51 0 0 0 0 0 5 0 2 0 1 0 0 0 0 0 0 0 0 0 0 17 0 0 0 24 0 0 0 0 0 13 13 1 9 11 32 28 19 16 0 1 6 1 0 7 45 48 52 12 0 10 9 0 0 0 0 4 0 0 0 0 0 0 20 0 0 0 0 21 13 0 0 0 2 0 0 0 0 0 0 0 0 0 0 0 0 0 0 0 0 1 0 0 2 3 0 0 0 0 0 0 22 0 0 0 2 0 0 0 0 34 42 6 9 51 18 13 15 18 13 53 10 27 12 19 10 51 48 0 18 9 0 0 0 0 0 19 13 0 0 0 1 39 19 0 2 0 1 68 29 0 0 0 0 2 1 0 0 0 10 0 7 0 0 0 0 0 0 0 0 0 0 0 0 0 0 0 0 0 0 0 0 0 0 10 0 0 78 40 0 13 0 0 0 0 0 33 0 0 0 0 0 0 0 0 0 0 0 0 0 0 0 0 0 0 0 0 0 0 0 
 5 5 3 5 77 3 3 4 3 3 3 3 2 5 6 3 3 3 3 2 271 483 0 170 205 39 169 616 138 421 176 115 71 135 384 265 994 151 187 303 67 2 27 0 0 0 7 3 34 0 0 0 2 0 0 0 0 1 2 0 1 0 0 0 0 2 2 0 0 0 0 0 0 0 0 0 0 0 0 0 0 0 0 0 0 0 0 0 0 0 0 0 0 0 0 0 0 0 0 0 25 23 19 0 21 23 0 0 19 10 12 36 12 34 20 49 20 22 0 0 0 0 0 0 0 0 8 0 0 1 0 0 11 0 0 0 0 0 8 0 0 0 0 0 5 0 0 0 0 0 0 2 0 0 0 2 0 0 0 0 0 0 0 0 0 0 0 0 0 0 1 0 1 0 0 0 0 0 0 0 20 0 0 10 28 33 0 41 50 10 18 18 1 2 50 0 33 13 0 14 0 0 0 0 0 0 1 0 0 0 0 0 0 6 0 0 0 0 2 0 0 0 2 0 0 0 1 0 0 0 1 0 0 0 0 0 0 0 0 0 0 0 0 0 0 0 0 0 0 0 0 0 0 0 90 2 0 0 78 1 2 17 0 0 0 0 0 0 0 0 0 0 0 0 0 0 0 0 0 0 0 17 0 0 0 0 0 0 0 0 
 6 6 5 6 28 102 3 5 4 5 5 5 4 6 3 4 4 4 5 4 66 202 170 0 170 131 222 107 143 169 182 172 85 215 130 67 272 38 116 145 1 4 0 2 0 0 62 4 63 0 0 5 61 0 0 2 0 2 2 0 0 0 0 1 5 3 2 0 5 1 1 0 0 0 0 0 0 0 0 6 0 0 0 0 0 0 0 0 0 0 0 0 0 0 0 0 0 0 0 0 0 0 15 13 2 29 0 0 7 0 0 0 0 0 0 6 0 0 0 12 0 4 1 0 0 0 0 40 0 0 0 0 0 1 15 0 1 0 1 0 0 0 0 0 3 0 0 0 0 0 0 0 0 0 2 0 0 0 0 0 1 0 0 1 0 0 0 0 0 27 0 0 2 0 0 0 0 0 0 4 10 12 0 0 29 0 0 0 13 1 21 17 12 0 0 24 0 0 0 0 2 14 0 0 0 0 22 0 0 42 0 0 16 22 3 26 0 0 0 4 0 0 0 0 0 0 0 0 0 0 0 0 0 0 0 0 0 10 1 0 0 0 17 0 0 0 0 0 1 0 0 0 0 0 8 2 1 0 1 0 1 2 0 0 0 0 0 0 0 0 0 0 0 0 0 0 0 0 0 0 0 0 1 0 2 0 0 0 0 0 
 2 2 2 2 2 4 2 2 2 4 2 2 2 79 36 3 3 4 2 2 34 247 205 170 0 156 55 363 237 208 172 216 94 74 137 323 117 114 95 66 0 3 16 0 0 0 0 3 65 0 0 5 4 0 0 64 0 63 65 0 0 5 0 0 0 3 2 0 3 0 0 0 0 0 1 0 0 0 0 0 0 0 0 0 0 0 0 0 0 0 0 0 0 0 0 0 0 0 0 0 0 1 0 0 1 39 0 0 0 21 14 11 14 0 0 52 13 0 0 0 0 0 16 0 6 0 9 26 0 0 12 0 7 0 2 0 17 0 0 0 0 0 0 0 7 0 0 0 0 0 0 0 0 0 0 0 0 0 0 0 0 0 0 0 0 0 0 1 0 0 0 0 4 0 0 0 0 0 0 0 4 0 0 23 17 11 2 0 9 0 0 12 0 8 0 12 12 0 0 0 1 0 0 0 12 0 31 0 0 0 0 0 7 27 3 2 0 0 22 2 0 0 0 0 0 0 0 0 0 0 0 0 12 1 0 0 0 0 1 0 0 0 9 0 0 0 0 0 0 0 0 0 0 0 11 2 0 80 5 0 1 9 0 0 0 0 0 0 0 0 0 0 0 0 0 0 0 0 0 0 0 0 1 9 3 20 0 0 0 2 
 0 0 0 0 0 3 0 0 0 208 0 0 0 0 36 0 0 0 0 0 27 129 39 131 156 0 32 48 62 224 68 197 24 62 37 410 433 268 49 65 0 3 62 0 0 0 18 3 245 0 0 0 66 0 0 0 0 0 2 0 0 3 0 0 2 3 2 0 4 0 0 0 2 0 0 0 1 1 0 1 0 0 16 0 0 0 0 0 0 0 0 0 0 0 0 0 0 0 0 0 0 1 9 0 15 0 0 0 0 19 24 0 0 0 0 0 0 0 0 0 12 20 17 0 10 0 107 0 0 5 14 0 21 40 75 0 30 0 24 0 0 2 0 0 0 0 0 0 0 0 0 0 0 0 0 1 0 21 1 0 0 0 0 0 0 0 13 0 0 0 0 0 0 0 0 5 0 0 0 0 1 0 0 14 2 6 0 11 11 0 0 40 0 10 0 17 11 0 13 0 11 0 18 0 3 0 20 15 0 0 0 0 31 58 1 59 0 8 40 28 0 0 0 0 0 0 0 0 0 0 0 0 0 0 0 0 0 0 0 7 0 0 10 0 0 0 0 0 0 0 0 0 0 0 7 2 3 74 77 6 7 13 0 0 0 0 0 0 0 0 0 0 0 0 0 0 0 0 0 0 0 6 9 0 9 12 0 0 0 0 
 0 0 0 75 138 102 1 0 0 0 2 0 0 1 0 0 0 0 0 0 299 64 169 222 55 32 0 445 39 50 121 24 97 151 104 99 271 76 422 168 2 3 0 0 0 0 3 3 0 0 0 0 2 0 5 0 0 0 2 0 0 0 2 0 0 3 2 0 0 0 0 0 0 0 0 0 3 0 0 0 0 0 0 0 14 47 0 0 0 0 8 14 0 0 0 0 0 0 0 0 1 6 39 31 12 0 12 12 30 0 32 45 13 26 20 11 0 18 18 14 0 0 0 0 0 0 0 0 0 0 0 0 0 0 0 0 0 0 0 0 0 0 0 0 0 1 0 0 0 0 0 0 0 0 1 0 0 0 0 0 2 0 0 0 5 3 0 0 0 7 0 0 0 0 0 0 0 0 0 14 0 36 0 23 0 0 9 20 1 11 11 0 27 20 12 0 0 0 9 9 0 0 0 0 0 0 0 0 0 0 0 0 0 0 0 0 0 0 0 0 0 0 0 0 0 0 0 0 0 0 0 0 0 0 0 0 0 0 0 0 0 0 0 0 0 0 0 0 0 0 0 0 0 0 14 0 2 1 0 0 1 2 0 0 0 0 0 0 0 0 0 0 0 0 0 0 32 0 0 0 0 8 0 0 0 0 0 0 0 0 
 0 0 0 1 63 1 0 0 0 0 0 0 0 0 28 0 0 0 0 0 428 475 616 107 363 48 445 0 244 174 69 189 129 100 154 494 133 194 159 87 0 13 2 0 0 1 6 3 207 0 0 0 2 5 0 0 0 0 2 0 0 0 0 0 1 3 2 0 0 0 49 0 0 0 0 0 0 0 0 0 0 0 0 0 0 0 0 0 0 1 1 0 0 0 0 0 0 0 0 0 14 53 2 0 11 16 15 0 7 13 32 9 11 1 7 25 32 0 0 0 0 0 0 0 0 0 39 0 0 0 0 0 0 0 0 0 0 0 1 0 0 0 0 0 6 0 0 0 0 0 0 0 0 0 2 1 0 0 0 0 0 0 0 0 0 1 0 0 0 0 0 0 6 0 0 0 0 0 0 0 55 0 1 9 42 31 10 59 35 15 0 13 0 0 31 11 10 10 9 0 1 0 0 18 0 0 4 0 0 0 0 0 0 17 0 0 0 0 25 0 0 0 0 0 0 0 0 0 0 0 0 0 0 0 0 0 0 0 0 0 0 0 8 0 0 0 0 0 0 0 0 0 0 0 10 0 0 0 80 2 1 0 0 0 0 0 0 0 0 0 0 0 0 0 0 0 0 0 0 0 0 1 0 1 0 0 0 0 0 0 
 0 0 0 5 0 0 0 0 0 0 0 3 0 0 3 0 0 0 0 0 32 153 138 143 237 62 39 244 0 333 127 180 93 171 282 167 191 277 127 62 0 10 2 0 0 0 6 3 3 0 0 3 59 4 0 0 0 1 2 63 60 0 0 4 0 2 2 3 0 0 0 1 1 2 0 0 0 0 0 0 0 0 0 0 0 0 0 0 0 0 0 13 0 0 0 0 0 0 0 0 22 0 29 8 0 6 0 0 2 29 1 42 0 19 0 11 19 1 0 1 0 0 0 0 0 0 8 37 0 0 0 0 53 0 1 0 0 0 8 10 0 0 0 0 3 0 0 0 0 0 0 0 0 0 0 2 0 0 0 0 0 0 0 0 0 0 0 0 0 0 0 0 4 0 0 0 0 0 0 0 7 23 44 63 35 19 0 11 56 22 1 45 0 0 11 14 57 0 0 0 0 0 0 0 0 0 1 0 0 0 0 0 9 27 0 0 0 0 17 16 0 0 0 0 0 0 0 0 0 0 0 0 0 0 0 0 0 0 0 0 0 0 5 0 0 0 0 0 0 0 0 1 0 0 6 1 0 104 175 0 1 11 0 0 0 0 0 0 0 0 0 0 0 0 0 0 0 0 0 0 0 1 0 0 0 17 9 0 0 0 
 0 0 0 0 22 2 0 0 0 0 0 0 0 0 22 0 0 0 0 0 120 130 421 169 208 224 50 174 333 0 403 194 68 236 179 198 61 82 226 142 0 11 0 0 0 0 0 3 0 0 0 8 66 65 1 0 0 0 2 62 5 0 0 0 0 56 2 35 0 0 0 0 0 0 0 0 0 0 0 0 0 0 0 0 0 0 0 0 0 0 2 0 0 0 0 0 0 0 0 0 13 9 0 0 16 6 0 0 9 13 63 10 15 8 10 6 0 0 0 2 0 29 0 0 0 0 13 0 0 0 0 0 18 0 12 1 0 0 2 4 0 0 0 0 4 0 1 14 0 0 0 0 0 2 1 0 0 0 0 0 0 0 0 0 0 0 0 0 0 0 0 0 0 0 0 2 0 0 0 0 27 1 11 88 17 0 1 55 81 0 0 14 14 17 13 3 1 10 0 0 10 0 0 0 0 2 15 0 13 1 0 0 0 8 1 0 0 1 39 0 3 0 0 0 0 0 0 0 0 0 0 0 19 0 0 0 0 0 0 0 0 0 9 0 0 0 0 0 0 0 0 0 0 1 16 0 0 2 42 0 10 0 0 0 0 0 0 0 0 0 0 0 0 0 0 0 0 0 0 0 0 0 0 0 0 0 13 0 0 5 
 7 2 4 0 0 0 5 4 0 0 0 5 0 0 32 0 1 0 0 0 104 130 176 182 172 68 121 69 127 403 0 42 38 124 56 103 146 34 73 71 0 3 3 0 15 2 0 3 0 0 2 8 33 30 0 2 0 0 5 29 2 0 0 3 6 3 2 44 0 6 0 0 2 0 1 5 0 3 0 0 0 0 0 0 0 0 0 0 0 0 0 0 0 0 0 0 0 0 0 0 14 46 13 14 17 6 19 0 0 9 34 10 19 1 0 15 19 0 0 0 0 0 0 0 0 0 10 3 0 2 0 0 19 0 11 0 0 0 14 25 0 0 0 0 0 0 0 0 0 0 0 1 2 0 0 0 0 0 0 0 0 2 0 0 0 0 0 0 0 0 2 0 0 0 0 0 0 0 0 0 6 11 58 19 12 12 0 8 6 0 0 35 14 32 44 0 6 35 0 0 0 0 1 0 0 0 21 0 13 0 0 0 28 6 37 0 13 12 26 1 1 0 0 0 0 0 2 0 0 0 2 0 0 0 0 0 0 0 0 0 0 0 0 0 0 0 0 0 0 0 0 0 0 0 18 0 0 0 95 1 1 0 0 0 0 0 0 0 0 0 0 0 0 0 0 0 0 0 0 0 0 0 0 0 0 0 6 0 0 0 
 0 2 8 2 0 0 0 0 4 0 0 0 1 0 5 0 0 2 2 1 128 69 115 172 216 197 24 189 180 194 42 0 31 112 21 110 119 114 31 28 21 20 12 2 2 0 107 5 75 0 0 1 23 65 3 3 1 4 2 4 0 0 0 0 3 3 60 0 5 0 2 0 4 0 0 3 0 0 0 13 0 0 0 0 0 0 0 10 0 0 0 0 0 0 0 0 0 0 0 0 0 29 0 11 20 40 19 0 0 10 0 0 0 0 1 22 21 0 0 0 0 38 0 0 0 0 5 0 0 0 0 0 0 0 25 39 1 0 1 19 0 0 0 0 0 0 0 0 0 0 0 0 0 0 0 1 0 0 0 0 0 0 0 0 0 0 0 0 0 0 0 0 0 0 0 3 1 0 0 0 10 0 9 9 47 76 0 27 24 11 11 18 45 18 1 2 11 32 0 0 41 27 9 0 0 0 33 12 0 30 0 0 26 30 0 10 10 1 26 12 2 0 0 0 0 0 0 0 0 0 0 0 0 0 0 0 0 0 0 0 0 0 14 0 0 0 0 0 1 0 1 1 0 2 11 0 2 5 37 0 54 0 0 0 0 0 1 0 0 0 0 0 0 0 0 0 0 0 0 0 0 0 0 0 10 0 0 0 0 0 
 1 3 77 238 221 243 2 0 3 1 2 119 0 1 4 5 24 97 1 0 110 197 71 85 94 24 97 129 93 68 38 31 0 113 128 32 25 28 191 283 0 3 0 0 0 0 0 3 0 0 0 0 2 0 0 25 0 0 8 0 3 0 0 0 0 12 2 4 0 1 0 6 6 1 1 0 4 0 0 1 0 0 1 29 22 24 0 10 12 28 28 0 0 0 0 5 0 18 0 0 14 25 21 0 0 0 64 24 20 0 0 0 3 0 74 0 12 32 12 7 0 0 0 0 0 0 0 0 0 0 0 0 0 0 0 0 0 3 0 0 0 0 0 0 0 1 0 0 0 0 0 0 0 0 0 0 0 0 0 0 0 0 16 0 33 20 0 0 0 14 11 33 0 2 15 0 0 0 0 0 24 23 0 0 13 0 20 1 22 72 0 1 18 9 1 56 0 6 0 20 0 0 0 0 0 0 0 0 0 0 1 0 0 0 0 0 0 0 0 0 0 0 0 0 0 0 0 0 0 0 0 0 0 10 0 1 1 0 0 0 0 0 2 0 0 0 0 0 0 49 0 0 0 0 8 2 0 0 0 2 4 3 1 0 0 0 0 0 0 0 0 0 0 0 0 10 0 0 0 0 0 0 0 0 0 0 0 0 0 0 
 0 2 0 144 172 5 0 0 0 0 0 0 0 0 0 2 0 0 0 0 261 130 135 215 74 62 151 100 171 236 124 112 113 0 317 125 30 53 117 126 0 3 5 0 5 0 9 3 4 63 4 0 2 0 0 0 0 0 2 0 13 0 0 0 0 3 2 0 0 0 0 0 0 0 0 0 0 0 0 0 0 0 0 13 26 28 0 0 0 8 28 10 0 0 0 11 1 0 0 0 18 24 19 1 11 25 30 15 11 39 0 24 0 44 7 18 1 12 0 11 0 0 0 0 0 0 0 0 0 0 0 0 0 1 0 0 0 0 0 0 0 0 0 0 6 0 0 0 0 0 0 0 0 0 21 0 21 0 0 0 2 0 0 2 0 57 0 0 0 0 0 3 1 0 0 0 0 0 0 0 5 9 2 5 3 24 5 9 17 0 18 0 0 0 38 0 24 0 0 19 0 0 0 0 0 0 0 0 0 0 0 0 0 0 0 2 0 0 0 0 0 0 0 0 0 0 0 0 0 0 0 0 0 0 0 0 0 0 0 0 0 12 0 0 0 0 0 0 0 0 0 0 0 0 17 0 1 0 0 0 0 0 0 0 0 0 0 0 0 0 0 0 0 0 0 0 44 0 0 0 0 10 0 0 0 0 5 0 0 0 
 2 2 3 3 79 17 4 2 2 210 2 2 2 2 2 2 2 5 2 2 118 63 384 130 137 37 104 154 282 179 56 21 128 317 0 172 43 123 55 169 0 7 3 2 0 0 3 5 7 0 203 1 2 3 0 3 1 0 2 0 5 0 2 0 0 3 5 3 0 0 0 0 0 0 0 2 0 0 0 0 0 0 0 1 24 26 0 1 0 0 14 1 1 11 0 0 0 0 0 0 13 19 29 1 0 0 8 28 11 28 0 17 0 25 7 0 14 16 0 2 0 0 2 0 0 0 0 0 0 0 0 0 9 1 0 0 0 0 11 0 0 0 0 0 4 0 0 0 0 0 0 0 0 0 0 8 0 1 0 0 0 0 0 0 0 0 0 0 0 0 0 0 0 0 0 0 0 0 0 0 10 26 25 14 9 28 2 6 21 11 0 37 11 10 34 0 0 0 0 46 0 0 0 0 0 0 0 0 0 0 0 0 0 0 0 0 0 0 3 0 0 0 0 0 0 0 0 0 0 0 0 0 0 1 0 0 0 0 2 0 0 0 10 0 0 0 0 0 0 0 0 0 0 0 8 0 3 2 2 2 4 19 0 0 0 0 0 0 0 0 0 0 0 0 0 0 13 0 0 0 0 2 0 0 0 0 9 0 0 2 
 0 0 0 0 0 2 0 0 0 0 2 0 0 0 0 0 0 0 0 0 268 436 265 67 323 410 99 494 167 198 103 110 32 125 172 0 261 230 130 279 0 3 0 0 0 0 64 3 0 0 0 0 62 0 0 5 0 0 2 63 0 0 0 0 4 5 2 0 0 52 0 0 0 0 0 2 0 0 0 0 2 0 0 0 0 0 0 0 3 0 0 0 0 0 0 0 0 0 0 0 0 3 58 11 16 13 0 0 13 37 10 22 12 10 14 12 0 12 0 0 11 14 0 0 0 0 24 15 0 0 0 0 40 13 4 0 0 0 21 10 0 0 0 0 3 0 0 0 0 0 0 0 0 0 0 6 0 1 0 0 0 0 2 0 0 0 19 0 1 0 0 0 0 0 0 4 0 0 0 0 14 0 0 21 3 17 0 9 19 0 44 20 1 0 14 24 64 0 0 0 2 1 0 0 0 1 20 30 0 0 0 0 10 10 0 0 0 0 43 19 0 2 0 0 0 0 0 0 0 0 0 0 16 0 0 0 0 0 0 6 0 0 0 0 0 0 2 0 0 0 0 0 0 0 10 0 1 156 110 0 5 11 0 0 0 0 58 0 0 0 0 0 0 0 0 0 0 0 0 4 0 25 0 2 0 21 0 2 0 0 
 2 1 1 6 65 6 2 1 2 1 0 2 1 6 1 1 1 1 1 3 201 76 994 272 117 433 271 133 191 61 146 119 25 30 43 261 0 435 130 102 2 2 0 0 0 0 0 3 0 0 0 0 80 0 0 0 0 1 2 0 1 0 0 0 5 3 2 0 1 0 0 0 0 0 0 0 0 0 0 0 0 0 0 0 0 2 0 0 0 1 0 0 0 2 0 0 0 0 2 12 1 12 0 11 0 43 13 0 18 12 19 11 7 1 8 13 12 2 0 0 0 23 0 1 0 0 13 0 0 0 0 0 1 0 1 0 0 2 12 0 0 0 0 0 1 0 0 0 2 0 1 0 0 0 0 0 0 0 0 0 0 0 0 0 0 5 0 0 0 0 0 2 0 0 0 2 0 0 0 0 0 0 7 34 16 12 9 21 11 0 0 0 11 46 13 14 15 11 10 3 10 0 0 0 0 0 13 0 0 0 0 0 18 14 0 0 0 0 12 0 0 0 0 0 0 0 0 0 0 0 0 0 0 0 0 0 17 0 0 0 0 0 0 0 0 0 3 0 0 0 0 0 0 1 8 4 0 6 8 0 7 0 0 0 0 0 0 0 0 0 0 0 0 0 0 0 1 0 0 21 0 0 0 0 0 14 0 0 0 0 
 0 0 3 2 59 3 1 0 2 1 0 0 1 3 2 0 0 2 1 2 329 30 151 38 114 268 76 194 277 82 34 114 28 53 123 230 435 0 87 76 0 10 16 0 0 0 82 68 17 0 0 0 65 11 0 0 0 0 64 0 10 0 0 0 4 3 2 2 0 0 0 0 0 2 0 0 48 0 0 0 0 0 0 0 0 0 0 0 0 0 0 0 0 0 0 0 0 0 0 0 13 13 0 0 0 19 0 0 9 45 13 0 0 17 9 14 19 0 0 0 0 15 0 0 0 0 26 0 0 0 0 0 0 1 0 7 0 0 11 0 5 0 0 0 0 0 0 0 0 0 0 0 0 0 0 0 0 3 0 0 0 0 0 0 0 0 0 0 0 0 0 0 0 0 0 3 0 0 0 0 0 0 1 8 22 52 1 24 2 0 0 14 0 6 0 10 29 0 0 0 10 0 0 0 0 0 21 0 0 0 0 0 8 32 0 36 0 1 33 12 0 0 0 0 0 0 0 0 13 0 0 0 0 7 0 9 0 0 0 0 0 0 20 0 0 20 0 0 0 0 0 0 0 0 8 0 0 116 50 0 10 1 0 0 0 0 0 0 0 0 0 0 0 0 0 0 0 0 0 10 0 12 0 0 0 15 0 0 0 0 
 0 75 0 0 150 77 2 0 0 0 73 204 0 0 0 0 0 0 0 0 327 111 187 116 95 49 422 159 127 226 73 31 191 117 55 130 130 87 0 186 0 3 2 0 1 0 0 12 0 0 0 2 2 0 2 3 0 0 2 0 1 0 1 6 0 3 58 1 0 0 0 2 0 1 0 3 2 0 0 0 0 0 15 0 0 0 0 0 0 0 0 0 0 14 0 13 0 13 1 0 38 0 29 14 10 0 0 0 24 0 33 14 20 31 46 11 12 18 0 54 0 0 0 1 0 0 0 0 0 14 0 0 0 0 0 0 0 2 0 0 0 0 0 0 2 0 0 0 2 0 1 0 0 0 0 0 0 0 0 0 0 0 0 7 0 49 0 9 13 23 9 1 5 0 61 12 0 0 0 4 0 27 1 32 0 1 4 38 2 19 33 0 30 13 19 30 4 3 18 0 0 0 0 0 0 0 0 0 0 0 0 0 0 0 0 0 0 0 0 0 8 0 0 0 0 0 0 0 0 0 0 21 0 0 0 0 0 0 0 0 0 0 0 0 0 0 0 0 0 2 0 0 0 0 3 0 0 2 0 3 1 0 0 0 0 0 0 0 0 0 0 0 0 0 0 0 1 0 0 0 0 10 0 0 0 0 0 0 0 0 
 0 78 0 75 143 78 0 0 0 0 74 161 0 3 5 0 0 0 0 2 221 263 303 145 66 65 168 87 62 142 71 28 283 126 169 279 102 76 186 0 0 3 0 0 0 0 0 3 0 0 0 0 2 0 0 90 0 0 2 0 0 0 0 0 0 3 2 0 0 0 0 0 0 0 0 0 0 1 0 0 0 0 14 13 11 26 19 0 0 7 15 1 0 0 0 20 16 0 0 0 20 0 10 2 1 0 20 1 1 18 23 0 14 9 1 29 10 30 23 15 0 0 0 0 0 0 0 0 0 0 0 0 0 0 0 0 0 0 0 0 0 0 0 0 0 2 0 0 0 0 0 0 0 0 0 0 0 0 0 0 0 0 0 0 1 7 0 0 13 0 0 18 0 1 11 13 0 0 0 0 4 16 15 16 0 0 9 0 0 25 0 0 17 31 19 10 0 19 22 21 0 0 0 0 0 0 0 0 0 0 2 0 0 0 0 0 2 0 0 0 0 0 0 0 0 0 0 0 0 0 0 0 0 0 0 2 2 0 0 0 0 0 1 0 0 0 0 0 0 0 0 0 0 0 9 2 0 0 0 1 0 0 0 0 0 0 0 0 0 0 0 0 0 0 0 0 19 0 0 0 0 0 0 0 2 0 0 0 0 0 
 7 3 7 0 0 2 0 1 0 0 38 0 0 0 1 6 0 0 0 0 0 0 67 1 0 0 2 0 0 0 0 21 0 0 0 0 2 0 0 0 0 414 94 198 114 76 335 259 115 123 175 73 274 184 127 115 42 56 53 156 0 0 6 0 0 0 0 0 0 0 0 0 0 0 0 0 0 0 3 0 6 6 0 0 15 0 0 0 0 0 0 20 0 0 0 0 0 9 0 0 0 20 0 6 0 0 0 0 0 0 0 0 0 0 0 1 0 0 0 4 0 16 0 0 6 9 10 26 47 3 8 14 0 30 19 22 3 7 8 37 2 2 0 0 0 0 3 0 2 0 0 2 0 1 4 0 0 0 0 12 10 0 8 7 0 0 2 2 5 0 5 0 0 0 0 0 1 17 0 0 0 0 0 0 0 12 0 0 0 0 12 0 0 0 0 0 1 0 10 0 23 4 25 51 14 2 13 24 17 2 0 42 0 7 0 8 0 0 0 11 0 0 0 0 0 0 0 0 0 0 0 0 0 0 0 0 0 0 0 0 0 1 0 0 0 0 3 0 0 19 0 3 0 2 0 0 0 0 0 0 0 0 0 0 2 0 0 65 1 0 0 0 0 0 0 0 0 0 0 0 0 0 0 0 15 0 0 0 2 0 
 0 3 0 0 0 3 0 0 0 0 0 0 0 0 64 62 0 62 0 0 3 209 2 4 3 3 3 13 10 11 3 20 3 3 7 3 2 10 3 3 414 0 94 188 45 250 111 201 415 221 94 49 135 125 189 195 58 110 37 178 0 0 1 0 0 0 0 0 0 0 0 0 0 0 0 0 0 3 27 21 0 0 0 0 0 0 0 0 0 0 0 0 0 0 0 0 0 0 0 0 0 1 0 0 0 0 0 0 0 1 0 0 0 0 0 0 0 0 0 0 14 1 5 6 43 24 1 11 11 26 0 27 12 0 17 48 1 3 0 5 0 6 0 0 0 0 0 0 0 0 0 0 0 14 1 2 10 0 0 1 0 5 0 0 0 0 0 0 0 0 0 0 0 0 0 0 0 1 0 0 0 0 3 0 8 1 0 0 11 8 0 6 0 0 0 0 0 0 0 0 0 0 24 3 6 0 5 1 31 6 0 33 0 0 21 10 0 0 7 0 0 0 0 0 0 0 9 11 0 0 0 0 10 14 0 0 0 0 9 5 0 0 6 0 0 0 0 0 0 0 0 7 0 1 0 0 0 0 3 2 0 0 2 0 5 4 0 46 0 0 0 0 0 0 0 0 0 0 0 0 0 0 0 0 11 7 0 2 0 0 
 3 3 9 3 3 5 3 3 3 3 3 3 3 3 6 3 3 3 3 3 5 0 27 0 16 62 0 2 2 0 3 12 0 5 3 0 0 16 2 0 94 94 0 159 36 81 147 410 254 194 111 131 63 66 112 349 87 494 122 41 0 6 0 0 0 0 0 0 0 207 0 0 20 7 1 0 0 0 0 0 0 0 0 0 0 0 0 0 0 0 0 0 0 0 28 0 0 0 0 0 0 4 0 0 0 0 0 0 0 6 0 0 0 0 0 0 0 0 0 0 6 0 23 33 13 0 0 0 0 23 49 0 28 0 10 0 31 18 0 0 11 0 0 0 0 0 0 0 0 0 0 0 2 18 0 10 5 0 12 0 0 0 0 0 0 0 2 0 0 4 0 0 0 0 0 0 0 0 0 0 0 0 0 0 0 5 0 10 6 6 0 22 0 0 5 0 4 0 0 0 0 14 16 11 24 22 10 11 7 1 3 27 1 0 11 14 11 10 0 30 0 0 0 0 0 0 38 0 0 0 0 0 27 0 0 0 0 0 17 8 0 0 14 0 0 0 0 0 0 0 0 12 0 2 0 0 0 0 0 2 0 0 1 0 0 13 4 0 0 0 10 0 0 0 0 0 0 0 0 0 0 4 0 0 9 0 0 0 0 0 
 3 3 3 6 3 3 3 3 3 3 3 3 3 4 5 4 3 3 96 3 0 1 0 2 0 0 0 0 0 0 0 2 0 0 2 0 0 0 0 0 198 188 159 0 74 157 160 455 85 155 72 101 55 69 96 325 159 139 101 100 2 0 6 2 0 0 2 2 19 0 0 1 0 0 2 0 0 0 55 5 0 0 0 0 0 0 0 0 0 0 0 0 0 0 0 0 0 0 0 0 0 0 0 0 0 0 16 0 0 0 0 0 0 0 0 0 0 0 0 0 0 0 0 13 39 21 11 10 23 14 0 34 0 0 14 6 62 31 0 0 1 0 0 0 0 0 1 0 0 0 4 0 1 9 7 1 8 0 17 11 0 0 0 0 0 0 0 0 0 0 0 0 0 0 0 6 0 0 0 0 0 0 0 0 0 0 0 0 0 0 0 20 0 0 0 0 0 0 0 0 0 10 15 11 1 19 0 20 50 43 23 8 0 0 27 16 70 20 0 0 1 0 8 0 0 0 7 0 0 0 0 0 0 0 0 9 0 0 32 20 0 0 0 0 0 0 0 0 0 0 0 21 0 1 0 0 0 0 0 1 0 20 1 0 66 0 1 1 1 0 10 0 0 0 0 0 0 0 0 0 0 0 0 0 9 0 0 7 0 0 
 0 0 0 0 0 0 3 0 2 0 0 0 0 4 0 0 0 0 6 0 0 0 0 0 0 0 0 0 0 0 15 2 0 5 0 0 0 0 1 0 114 45 36 74 0 152 69 292 102 59 182 302 74 56 80 80 99 50 285 76 150 3 73 3 0 0 61 131 1 4 12 0 2 1 53 7 51 0 12 0 0 0 0 0 0 0 0 0 0 0 0 0 0 0 0 0 0 0 0 0 0 0 0 0 0 0 0 0 0 0 0 0 0 0 0 0 0 0 0 0 53 0 0 0 0 19 0 16 9 0 90 15 0 10 0 12 11 0 0 0 1 0 17 48 0 0 5 32 12 8 7 1 11 8 0 6 20 12 0 16 0 0 0 0 0 2 6 1 0 0 0 0 0 0 0 0 0 0 0 0 0 0 0 0 0 0 0 0 0 0 0 0 0 0 0 0 0 0 0 0 0 7 0 11 14 30 0 16 0 0 10 1 0 0 0 16 0 0 0 0 16 65 14 0 0 1 14 36 23 18 9 0 12 11 10 29 34 17 0 22 1 0 0 0 0 0 0 0 0 0 0 12 0 1 0 0 0 0 0 1 0 0 0 79 0 6 0 0 1 0 0 0 0 0 0 3 0 0 0 0 0 0 0 0 0 0 0 0 0 0 
 0 0 0 2 0 2 0 0 0 0 0 1 0 0 0 0 0 0 0 3 0 0 0 0 0 0 0 1 0 0 2 0 0 0 0 0 0 0 0 0 76 250 81 157 152 0 44 163 366 41 230 142 41 40 332 165 172 66 57 126 1 0 0 2 3 0 0 3 0 0 0 5 24 2 0 0 0 7 22 50 0 0 0 0 0 0 0 0 0 0 0 0 0 0 0 0 0 0 0 3 0 0 0 0 0 0 0 0 0 0 0 0 0 0 0 0 0 0 0 0 2 0 0 51 8 15 0 12 7 11 46 10 0 0 0 19 25 0 0 0 10 0 0 0 0 0 0 0 0 0 0 0 0 13 0 20 0 0 22 14 0 0 0 0 0 0 6 1 22 0 0 0 0 0 0 0 0 0 1 0 0 0 0 0 0 0 0 0 0 0 0 0 0 0 0 0 0 0 0 0 0 57 0 17 40 42 0 5 1 10 8 36 0 0 0 20 26 9 0 0 0 11 0 0 0 9 9 17 0 0 18 0 8 23 1 0 0 0 92 10 10 0 0 0 0 0 0 0 0 0 0 10 0 2 0 0 0 0 0 2 0 14 71 0 4 4 8 4 0 5 0 0 0 0 0 0 0 0 0 0 0 0 0 0 0 8 0 0 0 0 
 3 3 3 3 3 21 3 3 3 3 3 3 3 3 3 3 3 3 3 3 4 0 7 62 0 18 3 6 6 0 0 107 0 9 3 64 0 82 0 0 335 111 147 160 69 44 0 96 66 41 84 212 436 133 35 20 34 25 109 52 0 3 9 0 3 0 0 0 53 2 0 1 0 0 0 203 2 4 0 3 0 0 0 0 0 0 0 8 0 0 0 0 0 0 0 0 0 0 0 0 0 10 9 8 10 1 0 0 0 46 0 1 0 1 0 0 1 0 0 0 20 21 10 3 0 12 20 7 0 1 0 0 36 12 28 26 0 0 7 5 0 0 0 0 0 3 0 0 0 0 4 0 0 0 0 1 7 3 0 0 0 0 0 0 0 0 4 6 0 0 0 0 0 0 0 0 0 0 0 0 0 0 1 0 5 22 0 12 6 16 3 22 0 0 9 10 53 0 0 0 49 25 13 0 1 0 15 29 0 7 10 0 9 26 0 9 0 1 17 25 0 0 0 0 0 0 0 0 0 0 0 0 0 0 0 0 0 0 0 0 0 0 6 0 0 0 0 0 0 0 0 7 0 0 1 0 0 1 0 0 0 14 0 0 2 5 0 0 2 0 0 0 0 0 0 0 0 0 0 0 0 6 0 0 25 0 0 0 0 0 
 0 3 0 2 0 63 0 0 27 0 29 2 0 2 3 0 0 0 0 0 4 3 3 4 3 3 3 3 3 3 3 5 3 3 5 3 3 68 12 3 259 201 410 455 292 163 96 0 193 114 100 328 534 120 51 410 174 238 115 128 0 0 6 4 0 0 1 0 4 205 0 0 57 0 0 0 0 1 0 0 0 0 0 0 0 0 0 0 10 0 0 0 0 0 0 0 0 0 0 0 0 0 0 0 0 0 0 0 0 0 0 0 0 0 0 0 0 0 0 0 11 0 0 9 0 0 9 37 21 0 15 9 0 32 0 18 31 12 0 0 6 0 4 0 0 0 4 9 2 0 0 0 6 0 14 7 16 13 13 7 0 0 0 0 0 0 3 5 0 0 0 0 0 0 0 0 0 0 0 0 0 0 0 0 0 0 0 0 0 0 0 0 0 0 0 0 17 0 0 0 0 21 6 24 21 18 0 8 10 0 10 2 0 12 0 46 12 0 8 23 5 4 0 3 0 0 0 0 4 11 7 0 13 7 0 0 0 0 7 13 0 0 0 0 0 0 0 0 0 0 0 3 0 2 0 0 0 30 0 2 0 0 2 0 3 1 12 65 0 0 0 0 0 0 0 3 0 0 0 0 0 0 0 0 0 0 0 0 0 0 
 0 0 0 0 0 0 0 0 0 0 29 1 0 1 0 0 0 0 0 0 5 0 34 63 65 245 0 207 3 0 0 75 0 4 7 0 0 17 0 0 115 415 254 85 102 366 66 193 0 313 98 318 264 173 116 64 97 37 128 148 0 11 0 69 5 0 0 0 46 0 0 0 24 1 0 4 0 0 7 1 0 0 0 0 0 0 0 0 0 0 0 0 0 0 0 0 0 0 0 0 0 4 0 0 9 0 0 14 0 6 0 0 0 0 0 0 0 0 0 0 26 16 17 17 0 0 0 8 15 1 49 0 21 19 16 3 47 1 0 21 10 6 0 0 0 0 0 0 3 0 0 3 0 0 0 46 1 0 14 8 0 0 0 0 0 0 7 5 0 0 0 0 0 0 0 0 0 0 0 0 0 0 0 0 0 5 0 10 6 6 0 11 0 0 5 0 4 0 0 0 20 34 2 32 29 23 10 9 0 0 14 18 15 15 0 47 19 0 0 0 0 0 0 0 0 0 10 0 0 0 0 0 8 0 0 0 0 0 24 10 0 0 8 0 0 0 0 0 0 0 0 22 0 1 0 0 0 0 0 0 0 0 0 0 0 3 0 0 0 0 0 0 0 0 0 0 0 0 0 0 0 0 0 0 0 0 0 0 0 0 
 0 0 0 0 0 0 0 0 0 0 0 0 0 0 32 0 0 0 1 0 0 0 0 0 0 0 0 0 0 0 0 0 0 63 0 0 0 0 0 0 123 221 194 155 59 41 41 114 313 0 103 327 65 389 243 68 252 47 181 66 6 1 2 6 0 1 0 0 2 0 0 2 6 14 2 0 0 5 207 51 0 0 0 0 0 0 18 0 0 0 0 0 0 2 0 0 0 0 0 0 0 0 0 1 0 0 0 0 0 0 0 0 0 0 0 0 0 0 0 0 6 0 42 36 29 15 0 12 4 23 0 0 0 16 7 23 32 1 0 1 0 32 6 1 30 0 10 2 0 0 0 0 0 1 14 8 23 4 11 0 0 7 0 0 4 0 0 0 0 0 0 0 0 0 0 0 0 0 2 0 0 0 0 0 0 0 0 0 0 0 1 0 0 0 0 0 0 0 0 0 0 0 21 20 0 0 20 28 52 50 14 18 0 0 12 0 1 15 0 13 3 0 0 7 0 0 3 12 14 2 0 6 12 28 1 12 5 1 9 0 0 0 0 0 0 0 0 0 0 0 0 8 0 1 0 0 0 0 0 10 0 0 1 64 1 0 4 4 1 0 0 0 0 0 0 5 0 0 0 0 0 3 0 0 11 6 0 1 0 0 
 3 2 2 3 3 4 2 3 2 3 2 3 3 2 3 2 3 3 3 3 0 0 0 0 0 0 0 0 0 0 2 0 0 4 203 0 0 0 0 0 175 94 111 72 182 230 84 100 98 103 0 116 52 59 267 105 362 116 47 96 48 53 3 0 0 0 20 0 0 0 0 0 51 50 26 54 0 0 51 0 0 0 0 0 0 0 0 0 0 0 0 0 0 0 0 0 0 0 0 0 0 0 0 0 0 0 0 0 1 0 0 0 0 0 0 0 0 0 0 0 1 0 0 12 21 11 16 15 20 0 35 31 0 11 0 0 9 17 0 0 13 0 0 0 0 0 0 13 0 0 0 0 0 22 0 18 11 0 0 6 0 0 0 0 0 0 1 0 0 0 0 0 0 0 0 0 0 0 0 0 1 0 0 0 0 0 0 0 0 0 0 0 0 0 0 0 0 1 0 0 0 1 9 21 1 18 10 0 0 9 12 18 0 0 9 1 13 0 0 0 51 0 8 0 0 0 11 15 0 0 0 0 22 0 9 16 12 0 13 17 9 0 0 0 0 0 0 0 0 0 0 7 0 0 0 0 0 0 0 8 0 0 1 5 1 0 2 1 2 0 0 0 0 0 0 0 0 0 0 0 0 0 0 0 0 0 0 1 0 0 
 3 3 3 3 3 6 3 2 6 3 3 3 2 3 3 3 5 5 3 5 0 0 0 5 5 0 0 0 3 8 8 1 0 0 1 0 0 0 2 0 73 49 131 101 302 142 212 328 318 327 116 0 36 49 59 309 313 139 32 21 73 0 50 0 0 0 11 43 0 0 20 3 0 14 45 0 1 0 3 1 0 0 0 0 0 0 0 0 0 0 0 0 0 13 0 0 0 0 0 0 0 0 0 0 0 0 0 0 0 1 0 0 0 0 0 0 0 0 0 0 0 0 1 8 25 31 0 0 9 14 9 21 4 0 14 9 26 0 0 8 0 1 62 0 0 0 0 18 20 8 0 0 30 0 19 0 6 9 3 23 0 0 0 0 0 0 0 0 0 0 0 0 0 0 0 0 0 0 0 0 0 0 7 0 8 0 0 1 0 0 0 0 0 0 0 0 0 0 0 0 0 0 0 4 10 42 2 20 19 0 1 9 0 6 23 9 0 20 7 0 12 0 0 0 0 0 14 17 1 0 0 0 0 2 0 22 0 0 0 4 0 0 0 0 0 0 1 0 0 0 0 0 1 1 0 3 0 0 5 2 0 22 1 2 0 1 4 0 4 2 9 0 0 0 0 0 0 0 0 0 0 1 0 0 9 0 0 0 0 0 
 2 2 2 2 2 2 2 2 2 2 2 2 2 2 2 2 2 2 2 2 2 2 2 61 4 66 2 2 59 66 33 23 2 2 2 62 80 65 2 2 274 135 63 55 74 41 436 534 264 65 52 36 0 71 55 29 38 44 174 223 0 2 0 1 7 0 0 0 25 5 0 0 0 6 4 202 0 0 202 3 0 0 0 0 0 0 0 0 0 0 0 0 0 0 0 0 0 0 0 0 0 0 0 0 30 27 0 0 0 12 9 10 0 0 0 0 0 13 0 0 4 25 13 0 0 0 0 10 0 2 0 0 12 0 25 0 1 1 31 29 0 5 1 0 0 0 4 0 3 0 14 4 0 0 1 0 0 0 0 1 0 0 0 0 0 0 0 0 0 0 0 0 0 0 0 3 0 0 0 0 0 0 0 16 11 0 0 0 0 0 0 26 0 0 0 14 13 2 0 0 27 12 10 1 0 0 8 0 5 12 0 13 38 19 7 7 15 15 0 0 0 0 0 0 0 0 10 0 0 0 0 3 0 1 2 0 5 0 0 0 0 0 12 0 0 0 0 0 0 0 0 6 0 1 0 0 0 65 0 0 1 10 1 0 0 2 5 0 2 0 0 0 0 0 0 0 0 0 0 22 0 0 0 0 0 15 0 0 0 0 
 3 2 2 3 3 3 2 3 2 3 2 3 3 2 3 2 3 3 3 3 3 0 0 0 0 0 0 5 4 65 30 65 0 0 3 0 0 11 0 0 184 125 66 69 56 40 133 120 173 389 59 49 71 0 184 50 26 52 115 107 0 0 2 0 0 0 0 0 0 0 0 0 0 0 0 0 0 29 0 0 0 0 0 0 0 0 0 0 0 0 0 0 0 0 0 0 0 0 0 0 0 2 0 0 25 0 0 0 0 5 8 0 0 0 0 0 0 0 0 0 0 20 1 0 0 0 4 22 10 10 0 9 1 32 29 14 0 12 20 38 2 1 0 0 0 0 4 0 2 0 0 5 0 0 2 0 0 0 9 2 0 0 0 0 0 0 0 0 0 0 0 0 0 0 0 7 0 0 0 0 0 0 2 0 3 28 0 24 6 9 8 29 13 0 0 0 1 5 0 0 10 8 27 22 0 0 7 24 36 22 0 12 30 0 21 20 45 17 2 22 0 0 0 0 0 0 0 0 0 0 0 0 0 10 0 0 0 0 0 0 0 0 8 0 0 0 0 0 0 0 0 4 0 2 0 0 0 1 2 2 57 0 0 0 0 0 0 40 2 0 0 0 0 0 0 0 0 0 0 0 0 0 0 0 23 9 0 0 1 0 
 0 0 2 0 0 0 0 0 0 0 0 0 0 0 0 0 0 0 0 0 1 0 0 0 0 0 5 0 0 1 0 3 0 0 0 0 0 0 2 0 127 189 112 96 80 332 35 51 116 243 267 59 55 184 0 99 72 107 215 113 1 0 0 0 35 4 1 0 2 0 0 50 0 0 0 0 0 3 0 0 0 0 0 0 0 0 0 0 0 0 0 0 0 0 0 0 0 0 0 0 0 0 0 0 0 0 0 0 0 0 0 0 0 0 0 0 0 0 0 0 18 0 19 15 21 6 0 10 11 28 0 1 17 10 10 9 10 10 0 0 0 0 0 0 0 0 0 0 19 0 0 0 0 9 0 0 3 0 10 0 0 0 0 0 0 0 3 6 0 0 0 0 0 0 0 0 0 0 0 0 0 0 0 0 11 0 0 0 0 0 0 0 0 0 0 0 0 0 0 0 0 26 1 11 1 0 0 22 29 1 19 9 0 0 10 0 0 29 0 0 0 0 0 0 0 3 0 0 0 0 0 0 0 15 0 0 0 0 1 1 0 0 0 0 0 0 2 0 0 26 0 15 0 18 0 0 0 0 0 0 0 0 3 0 64 2 0 66 0 0 10 0 0 0 0 0 0 0 0 0 0 0 0 0 9 9 0 7 1 0 
 0 0 0 2 0 0 0 0 0 0 0 0 0 0 3 0 0 0 0 0 0 0 0 2 64 0 0 0 0 0 2 3 25 0 3 5 0 0 3 90 115 195 349 325 80 165 20 410 64 68 105 309 29 50 99 0 300 312 78 54 3 25 0 0 0 0 0 0 0 206 0 0 0 0 7 0 1 0 73 50 0 0 0 0 0 0 0 0 29 0 0 0 0 0 0 0 1 0 0 0 0 0 0 0 0 0 0 0 0 0 0 0 0 0 0 0 0 0 0 0 0 0 14 10 23 13 0 0 25 0 25 33 39 0 0 5 49 23 0 0 21 0 0 0 0 0 0 0 0 0 8 0 0 26 2 1 0 0 14 8 0 0 0 0 0 0 0 0 0 0 0 0 0 0 0 0 0 0 0 0 0 0 0 0 0 0 0 0 7 0 0 0 0 0 0 0 0 0 0 0 0 7 0 21 54 34 3 0 19 53 47 17 0 0 10 16 41 0 0 0 0 0 2 0 0 0 6 15 0 0 12 0 51 39 0 0 0 0 54 28 10 0 0 0 0 0 0 0 0 0 0 9 0 1 0 0 0 0 0 2 0 0 64 0 64 0 2 0 2 0 0 0 0 0 0 0 0 0 0 0 0 0 0 0 0 0 0 7 0 0 
 0 0 0 0 0 0 7 0 53 0 2 0 0 0 0 0 0 0 0 10 0 0 0 0 0 0 0 0 0 0 0 1 0 0 1 0 0 0 0 0 42 58 87 159 99 172 34 174 97 252 362 313 38 26 72 300 0 140 102 111 50 1 5 0 0 0 50 0 0 0 0 0 26 0 5 0 0 0 52 1 0 0 0 0 0 0 0 9 0 0 0 0 5 0 3 0 2 0 4 2 0 0 0 0 0 0 0 0 0 0 0 0 0 0 0 0 0 0 0 0 0 0 1 8 20 23 9 2 27 0 56 37 1 0 0 10 32 1 0 0 10 0 0 0 0 0 0 1 0 0 0 0 0 15 0 10 0 0 28 7 0 5 0 0 0 0 2 10 0 0 0 0 4 1 7 0 0 0 0 6 0 0 0 0 0 0 0 0 0 0 0 0 0 0 0 0 0 12 0 0 0 8 0 38 35 20 9 2 0 0 27 29 0 0 5 20 15 0 0 0 39 0 0 0 0 0 9 22 0 0 0 0 27 10 0 1 0 1 32 10 11 0 0 0 0 0 0 0 0 0 0 9 0 2 0 0 0 0 0 0 0 0 5 0 0 1 0 0 0 0 0 0 0 0 0 0 0 0 0 0 0 0 0 0 0 0 0 0 0 0 
 0 0 0 0 0 0 0 0 1 0 0 0 0 1 4 0 0 0 0 0 1 0 1 2 63 0 0 0 1 0 0 4 0 0 0 0 1 0 0 0 56 110 494 139 50 66 25 238 37 47 116 139 44 52 107 312 140 0 194 53 3 15 2 1 0 0 3 3 0 0 0 0 0 0 4 0 0 0 6 60 0 0 0 0 0 0 0 0 0 0 7 0 0 0 0 0 0 0 0 0 0 0 0 0 0 0 22 0 10 0 0 0 0 0 0 0 0 0 0 0 22 0 32 0 20 6 0 7 11 0 12 35 38 10 0 6 26 17 0 0 0 0 0 1 0 0 0 0 0 0 16 0 0 1 9 0 2 0 3 8 0 0 0 10 0 0 4 6 0 0 0 0 0 0 0 0 0 0 0 0 0 0 0 0 0 0 0 0 0 0 0 0 0 0 0 0 0 0 0 0 0 19 0 0 18 1 11 25 28 17 32 6 0 0 11 10 30 29 0 0 0 0 6 0 0 0 0 2 0 0 16 0 5 3 0 36 0 1 31 0 0 0 0 0 0 0 0 0 0 0 0 10 0 0 0 0 0 0 0 9 0 0 63 3 62 4 0 2 4 0 6 0 0 0 0 0 0 0 0 0 0 0 0 0 0 0 0 7 0 0 
 2 1 1 2 3 2 1 3 1 3 1 3 3 2 5 1 2 3 2 3 2 2 2 2 65 2 2 2 2 2 5 2 8 2 2 2 2 64 2 2 53 37 122 101 285 57 109 115 128 181 47 32 174 115 215 78 102 194 0 121 0 8 3 0 0 0 0 0 0 0 0 0 0 0 4 0 0 0 0 0 0 0 0 0 0 0 0 0 0 0 0 0 0 0 0 0 0 0 0 0 0 0 1 0 0 0 0 0 0 0 0 0 0 0 0 0 0 0 0 0 9 0 28 0 24 17 1 9 10 18 32 0 39 26 0 11 10 33 0 0 3 0 0 0 0 0 0 0 0 0 0 1 0 0 0 0 0 4 0 0 0 0 0 0 0 0 1 0 0 0 0 0 0 0 0 0 0 0 0 0 0 0 0 0 0 1 0 0 0 0 0 1 0 0 0 0 1 1 0 0 9 1 14 2 10 0 11 0 0 18 39 0 0 11 20 9 10 3 6 25 0 0 0 0 0 0 0 0 0 0 0 0 8 0 0 0 0 0 10 0 0 0 0 0 13 0 0 0 0 0 0 15 0 2 0 0 0 19 0 0 0 0 0 0 1 13 0 0 1 0 0 0 0 0 0 0 0 0 0 0 0 0 0 0 0 0 0 0 0 8 
 0 8 0 0 0 3 6 0 0 0 2 0 0 11 11 1 14 2 4 3 0 206 0 0 0 0 0 0 63 62 29 4 0 0 0 63 0 0 0 0 156 178 41 100 76 126 52 128 148 66 96 21 223 107 113 54 111 53 121 0 0 0 9 0 52 0 0 0 0 0 52 0 0 0 5 0 0 0 0 0 0 0 0 1 0 0 2 0 4 0 0 0 0 0 25 0 14 0 5 0 0 0 0 6 54 10 0 0 0 0 11 7 0 0 0 0 0 11 0 0 7 13 10 0 22 0 4 21 15 3 0 0 20 0 51 15 11 10 56 44 0 7 0 0 0 0 0 0 15 0 0 3 0 0 0 0 4 0 1 2 0 23 0 0 0 0 0 5 4 0 0 0 0 5 8 8 0 0 0 13 0 0 0 0 0 0 0 0 0 0 0 9 0 0 0 0 3 13 0 0 30 0 51 0 0 0 22 0 4 0 23 3 29 79 15 0 27 20 0 1 0 0 0 0 0 0 0 0 0 0 15 0 0 1 0 0 0 0 19 0 0 0 0 0 0 0 0 0 0 0 0 20 0 2 0 0 0 0 0 0 4 0 0 0 0 6 3 2 0 0 0 0 0 0 0 0 0 0 0 10 0 0 0 0 1 0 0 0 1 0 
 0 0 0 0 2 0 0 0 0 0 0 0 0 3 0 0 0 0 0 0 0 0 1 0 0 0 0 0 60 5 2 0 3 13 5 0 1 10 1 0 0 0 0 2 150 1 0 0 0 6 48 73 0 0 1 3 50 3 0 0 0 99 215 71 44 52 196 272 96 38 58 17 343 50 230 126 455 41 59 333 0 0 0 0 0 0 2 0 0 0 0 0 0 0 0 0 0 0 0 6 5 0 2 0 0 0 0 0 0 7 0 9 0 8 0 0 3 0 0 0 0 0 0 4 0 1 0 0 0 0 4 13 0 0 0 0 0 0 0 0 0 29 8 28 0 0 9 15 25 7 12 0 9 12 25 0 11 22 0 18 0 7 0 0 0 0 0 0 0 0 0 0 0 0 0 0 2 0 11 0 0 6 3 8 0 1 0 1 10 0 0 0 0 6 4 0 0 0 0 4 0 0 0 0 10 18 0 0 0 0 0 0 0 0 0 0 0 0 0 0 2 0 10 0 0 0 0 25 0 0 0 0 12 14 0 50 33 8 0 7 11 0 0 0 0 0 0 0 0 0 0 0 0 0 11 0 0 0 0 0 0 3 0 51 0 0 0 0 0 0 1 0 0 2 0 0 0 0 0 0 0 0 0 0 0 2 9 0 0 0 
