 0 100 138 256 42 106 72 134 121 126 114 69 235 93 35 403 198 117 32 85 0 0 0 0 0 0 0 3 63 0 0 0 0 0 3 0 0 3 0 0 3 0 0 0 2 0 2 0 0 3 0 0 0 0 0 0 0 0 0 0 0 0 2 0 0 0 0 3 0 0 0 0 0 0 0 0 0 0 3 0 8 73 38 0 12 0 0 8 14 38 0 14 11 26 29 0 1 0 0 36 0 0 0 0 0 0 0 0 0 0 0 0 0 0 0 0 0 0 19 0 0 0 0 0 0 0 0 0 0 0 0 0 0 0 0 0 0 0 0 0 0 0 0 0 0 9 0 0 0 0 0 0 0 0 0 0 0 0 0 0 10 49 19 9 8 0 27 14 16 30 24 0 7 64 2 0 18 38 0 7 0 0 0 0 0 0 0 0 0 0 0 0 0 0 0 0 0 0 12 0 0 0 21 0 0 0 0 0 0 0 0 0 0 0 0 0 0 0 1 0 0 0 0 0 10 0 0 0 0 0 0 0 0 0 0 0 0 0 0 0 0 0 0 0 0 0 3 0 0 0 0 0 0 0 0 0 0 0 0 0 0 0 0 0 0 0 0 0 0 0 0 0 0 0 0 0 19 0 0 0 0 0 0 0 0 0 0 0 0 0 
 100 0 176 103 170 27 105 54 104 213 140 127 76 262 40 254 205 235 46 149 0 2 2 4 3 6 0 4 4 0 0 3 5 2 5 0 2 1 0 0 3 3 43 0 4 2 1 0 4 6 2 0 3 4 0 2 2 0 0 1 0 1 3 0 3 6 0 4 0 5 0 21 0 0 0 0 0 0 8 0 18 9 21 0 12 0 1 5 13 15 0 1 0 0 12 13 22 63 11 0 0 0 0 0 0 0 0 0 0 0 0 0 0 0 16 0 0 0 0 1 0 0 0 0 0 0 0 0 0 0 0 0 0 0 0 0 0 0 0 0 0 0 0 0 0 2 0 0 0 0 0 0 0 0 0 0 6 0 0 0 10 0 35 0 25 13 26 15 0 3 0 0 14 0 0 25 14 0 1 21 0 0 0 0 0 0 0 0 0 0 0 0 0 0 0 0 0 0 12 17 0 0 0 0 0 0 0 0 0 0 0 0 0 0 25 0 0 0 0 2 0 0 0 0 0 0 0 0 0 0 0 0 0 0 0 0 0 0 0 14 0 11 0 0 0 0 0 0 0 90 0 8 0 0 1 0 0 0 0 0 0 0 27 0 0 0 0 2 0 0 0 0 0 1 0 0 1 0 0 0 0 0 0 0 0 0 0 0 0 0 
 138 176 0 131 131 254 98 203 266 233 145 174 174 151 275 132 340 269 209 252 0 0 0 2 0 0 0 3 2 0 206 0 0 0 2 0 0 0 22 0 3 0 0 0 2 0 0 0 0 3 0 0 0 0 0 0 0 0 0 0 0 0 2 0 0 0 0 3 0 0 0 0 0 0 0 0 0 0 1 0 22 0 14 41 7 0 0 7 14 1 11 31 28 23 15 14 22 14 0 0 0 0 0 0 0 0 0 14 0 0 7 0 0 2 0 0 0 0 51 16 0 0 0 0 0 0 0 0 0 0 0 0 10 0 0 0 0 0 0 0 0 0 0 0 0 0 0 0 0 0 0 0 0 0 0 1 0 3 0 0 31 0 42 1 53 11 10 46 14 12 12 26 29 11 16 29 32 32 1 15 0 30 2 0 0 0 8 35 0 1 0 0 0 0 0 0 0 0 11 42 0 2 0 0 0 0 0 0 0 0 0 0 0 0 0 2 0 0 4 0 0 0 0 0 0 2 0 0 0 0 0 0 0 0 0 0 0 0 0 0 0 13 0 0 0 3 1 0 89 1 2 4 0 0 0 0 0 0 0 0 0 0 16 0 0 12 0 0 0 0 0 0 0 0 0 0 0 10 0 0 0 0 0 0 0 0 0 0 0 0 
 256 103 131 0 328 225 38 387 165 285 147 216 46 94 136 153 307 152 82 59 0 1 0 0 7 7 1 78 2 0 5 2 1 74 3 0 2 4 4 75 4 0 0 4 2 0 0 4 74 7 0 1 0 0 3 1 37 2 0 0 6 0 2 0 0 3 0 6 0 0 0 0 0 1 5 0 38 0 3 0 0 27 44 0 15 27 0 0 9 34 39 0 0 0 2 13 29 30 0 0 1 0 0 15 0 7 14 0 4 0 0 0 1 9 38 0 2 0 39 1 0 0 0 0 0 0 0 0 0 1 0 0 1 0 0 0 0 0 0 0 0 0 0 2 0 0 0 0 0 1 0 0 0 0 0 0 0 7 0 0 0 19 9 14 10 8 6 0 20 6 1 2 0 0 0 42 0 1 0 0 0 2 0 0 0 0 9 0 0 0 0 0 15 0 0 2 19 0 42 14 14 0 0 0 0 0 1 0 0 0 0 0 0 0 0 0 0 1 4 0 2 0 1 0 0 0 1 0 0 0 0 0 0 0 1 10 0 2 1 0 0 0 0 0 0 0 2 0 2 94 0 15 16 0 0 0 0 0 0 0 0 0 0 0 0 0 0 0 0 0 0 0 0 3 0 26 0 0 0 0 0 16 0 0 0 2 0 0 0 1 
 42 170 131 328 0 90 37 255 243 373 156 234 71 73 95 267 133 128 278 298 77 4 1 0 0 0 75 64 3 0 0 2 155 137 2 0 87 2 0 10 3 0 0 0 6 2 0 0 0 3 0 0 4 3 5 0 62 0 0 0 0 0 2 0 0 0 0 3 0 2 0 2 0 2 0 2 0 0 1 0 0 9 27 0 33 26 0 0 9 0 10 0 0 0 0 0 12 20 0 0 12 23 0 17 0 0 10 0 12 11 0 0 40 25 24 15 0 0 0 44 0 0 0 0 0 0 0 0 0 2 0 0 1 0 0 0 0 2 0 0 11 0 0 0 0 0 0 0 0 0 0 0 8 0 0 0 0 0 0 0 0 0 10 0 19 19 4 0 14 17 9 8 0 0 0 28 0 0 0 0 0 0 0 11 0 2 13 0 0 34 0 0 16 0 0 0 17 0 37 26 0 0 0 0 0 0 0 0 0 0 0 0 0 0 0 0 0 0 0 0 0 0 0 0 0 0 0 0 1 2 0 0 0 0 0 0 0 0 0 0 0 1 23 0 0 4 0 2 1 173 0 20 0 0 0 0 0 0 0 0 1 0 0 0 0 0 0 0 0 0 0 0 0 0 0 0 0 0 0 0 0 10 0 0 0 0 0 0 0 0 
 106 27 254 225 90 0 35 103 50 152 143 54 40 137 133 76 362 44 54 235 18 27 77 0 0 0 107 4 2 37 74 0 60 108 78 0 74 0 40 26 3 0 0 0 2 0 0 0 0 64 0 2 0 0 0 0 62 0 0 0 0 0 2 0 0 0 0 4 1 0 0 0 0 0 0 0 0 0 3 0 0 10 11 18 14 1 0 17 10 3 27 24 0 8 0 11 15 3 0 13 19 8 15 25 11 0 30 7 19 10 0 0 18 10 0 11 7 10 20 14 20 2 0 0 0 1 0 0 0 0 0 0 0 0 0 8 0 0 0 0 0 0 0 0 0 2 0 0 0 1 0 0 0 0 0 0 0 4 0 0 0 9 10 44 18 45 16 1 14 1 2 15 0 1 0 0 3 1 0 0 14 6 0 11 0 0 15 24 0 7 19 13 24 22 21 0 19 10 16 0 0 0 1 1 0 0 0 0 0 0 0 1 0 0 0 0 0 13 0 0 0 1 0 0 1 0 0 0 0 0 0 1 0 0 0 0 2 0 0 0 0 0 0 0 1 5 92 1 96 0 18 8 0 4 0 0 1 0 0 0 0 0 0 0 0 0 0 0 0 0 0 0 0 0 0 13 0 0 0 0 0 0 0 0 0 0 0 0 0 0 
 72 105 98 38 37 35 0 127 37 43 245 46 82 121 23 105 32 249 75 124 0 0 0 0 75 1 0 3 2 0 0 0 0 0 2 0 0 1 0 0 3 0 0 0 2 0 0 0 0 3 0 0 0 0 0 147 3 0 0 0 0 4 2 0 0 0 0 6 0 3 0 0 0 0 0 0 0 0 3 0 6 0 0 4 0 0 0 84 26 0 0 10 13 23 8 16 0 0 17 1 0 0 0 0 0 0 0 0 0 0 0 0 0 0 0 0 0 0 0 0 0 0 0 0 0 0 0 0 0 0 0 0 0 0 0 0 0 0 0 0 0 0 0 0 0 25 0 0 0 0 0 0 0 0 0 0 5 0 0 0 24 1 0 0 0 0 0 0 0 0 0 0 0 7 0 0 0 0 0 12 0 0 0 0 0 0 0 0 0 0 0 0 0 0 0 0 0 0 0 0 0 0 0 0 0 0 0 0 0 0 0 0 0 0 0 0 0 0 0 0 0 0 0 0 0 0 0 0 0 0 0 0 0 0 0 0 0 0 0 0 0 0 0 0 0 5 0 2 2 2 0 7 0 0 0 0 0 0 0 0 0 0 0 0 0 0 0 0 0 0 0 0 0 0 0 0 0 0 0 0 0 0 0 0 0 0 0 0 0 0 
 134 54 203 387 255 103 127 0 278 39 54 252 157 275 137 188 209 336 70 268 0 0 0 0 0 0 0 3 7 0 0 1 0 2 2 0 0 1 0 0 3 0 0 0 2 0 0 0 2 3 0 0 0 0 0 0 0 2 0 0 7 0 2 2 2 0 0 3 0 1 0 0 0 0 2 0 0 0 0 0 11 30 26 22 0 19 30 12 12 20 18 2 18 21 9 64 29 29 0 38 0 0 0 0 0 0 0 0 0 0 0 0 0 0 0 0 0 0 13 0 0 0 0 0 0 0 0 0 0 0 0 0 1 0 0 0 0 0 0 0 0 0 0 0 0 0 0 0 0 0 0 0 0 0 0 0 0 13 0 0 17 32 0 10 8 0 16 9 24 0 17 23 0 8 28 46 13 48 3 0 0 11 0 0 0 0 0 0 0 0 0 0 11 0 0 0 0 14 12 2 0 0 11 0 0 0 0 0 0 0 0 0 0 0 0 0 0 0 4 0 0 0 0 0 0 0 0 0 0 0 0 0 0 0 0 0 0 0 0 0 0 11 0 0 0 0 2 0 2 1 0 3 19 0 0 0 0 0 0 0 0 0 0 0 0 0 0 0 0 0 0 0 0 0 0 60 35 0 0 0 0 0 0 0 0 0 0 0 0 0 
 121 104 266 165 243 50 37 278 0 281 38 154 106 103 163 359 220 466 180 540 2 0 0 0 0 0 2 3 75 2 0 0 0 0 3 0 0 2 74 0 2 0 0 0 2 0 0 0 41 36 0 0 0 0 0 0 0 0 0 2 0 0 3 0 0 0 0 3 0 0 0 0 0 1 0 0 0 0 3 0 22 0 20 3 0 1 11 10 18 0 2 26 30 25 24 0 42 29 12 5 0 0 0 0 0 0 0 0 0 0 0 0 0 0 21 26 12 0 0 0 0 0 0 0 0 0 0 0 0 0 0 0 0 0 0 1 0 1 0 0 0 0 0 0 0 0 0 0 0 0 0 0 0 0 0 0 0 7 0 0 18 11 29 0 26 10 52 23 19 7 64 5 36 23 17 24 42 27 1 11 0 20 0 0 0 0 0 2 0 1 0 20 14 0 0 0 0 0 2 36 0 0 12 0 0 0 0 0 0 0 0 0 0 0 0 0 0 0 5 0 0 0 0 0 0 0 0 0 2 0 0 0 1 0 0 0 0 0 0 0 0 9 0 0 0 0 0 1 2 88 1 3 0 0 0 0 0 0 0 0 1 0 10 0 0 0 0 0 0 0 0 0 0 0 0 18 1 0 0 0 0 0 0 0 0 0 0 0 0 0 
 126 213 233 285 373 152 43 39 281 0 123 153 445 302 182 258 189 315 55 587 208 0 0 0 0 0 2 3 2 0 0 0 0 0 3 0 0 0 0 1 3 0 0 0 2 0 0 0 0 3 0 0 0 0 0 0 0 0 0 0 0 0 3 0 43 0 0 3 0 0 0 0 0 0 0 3 0 0 3 0 14 34 40 16 0 1 0 9 0 22 0 14 0 15 0 37 20 30 0 14 1 0 0 0 0 0 0 0 2 0 0 0 0 0 1 0 0 0 10 14 0 0 0 1 0 0 0 0 0 0 0 0 0 0 0 0 0 0 0 0 0 0 0 0 0 9 0 0 0 0 0 1 0 0 0 0 0 0 0 2 1 25 23 17 35 9 17 41 20 81 0 29 31 47 26 42 38 35 0 0 0 0 0 0 0 0 17 0 0 0 0 0 0 0 0 0 0 0 3 26 0 0 0 0 0 0 0 0 9 0 0 0 0 0 0 0 0 0 1 0 2 0 0 7 0 0 0 0 0 0 1 0 0 2 0 0 0 0 0 0 0 0 0 0 0 4 3 1 5 6 0 5 0 0 0 0 0 0 0 0 0 0 0 0 0 0 0 0 0 0 0 0 0 0 0 8 18 0 0 0 0 0 0 0 0 0 0 0 0 0 
 114 140 145 147 156 143 245 54 38 123 0 132 33 184 54 326 169 40 35 86 0 1 0 208 0 0 19 3 2 1 0 0 74 1 2 1 0 0 0 65 3 0 0 0 2 0 0 0 0 3 0 0 0 0 0 0 0 0 0 0 2 0 2 0 0 0 0 3 1 0 0 0 0 5 0 0 0 0 1 0 0 25 40 14 34 38 0 2 6 2 0 1 0 0 0 0 19 15 0 0 10 21 0 0 0 0 27 8 0 0 0 17 38 20 30 0 0 0 23 62 8 0 0 0 0 1 0 0 0 0 0 0 10 0 0 0 0 0 0 0 38 1 0 0 0 0 0 0 0 0 1 0 30 0 0 0 0 0 0 0 0 1 5 0 23 1 1 0 23 29 20 30 0 15 0 7 3 0 0 0 0 3 0 0 0 0 50 22 0 16 0 0 0 0 6 0 0 0 33 2 0 0 0 0 0 0 0 0 0 0 0 1 0 0 0 15 0 0 1 0 0 0 15 0 1 0 0 0 0 0 0 1 0 0 0 0 2 0 0 0 0 0 0 0 0 1 1 1 3 86 1 11 0 0 0 0 0 0 0 0 0 0 0 0 0 0 0 0 0 0 0 0 0 0 0 0 0 12 0 0 18 0 0 0 0 0 0 0 0 0 
 69 127 174 216 234 54 46 252 154 153 132 0 126 130 218 214 380 208 206 44 0 0 2 73 0 2 1 3 5 0 0 3 4 11 6 3 4 2 3 73 3 0 0 0 2 0 3 0 3 3 0 0 0 0 0 0 0 0 0 0 3 0 5 0 0 0 0 3 0 1 0 45 0 0 0 0 0 0 3 0 0 11 19 16 34 36 1 1 24 44 11 0 0 18 0 43 1 27 0 0 16 10 0 0 0 0 47 0 0 0 0 0 21 48 15 0 1 0 53 12 0 0 0 0 0 0 0 0 0 0 0 0 0 2 0 0 0 0 0 0 0 0 0 57 0 0 0 0 0 0 0 0 15 0 0 0 0 21 0 0 19 22 0 7 14 23 15 13 0 25 9 17 0 6 17 28 0 39 0 0 0 0 0 0 13 0 25 1 0 0 0 0 0 0 12 0 0 0 10 0 0 0 9 0 0 0 0 0 0 0 0 0 0 0 0 0 0 0 0 0 0 0 0 0 0 0 2 0 0 8 0 0 0 0 1 0 0 0 0 0 0 0 0 0 0 1 0 0 3 18 0 7 13 0 0 0 0 0 0 0 0 0 0 0 0 0 0 0 0 0 0 0 0 0 0 8 29 2 0 0 0 0 0 0 0 2 0 0 0 0 
 235 76 174 46 71 40 82 157 106 445 33 126 0 359 234 55 244 126 138 274 0 0 0 0 0 5 0 3 5 1 0 0 0 0 3 1 0 2 0 0 3 0 0 0 2 0 2 0 0 3 0 3 0 39 0 0 0 3 0 0 2 0 2 0 2 0 0 3 0 0 0 0 0 0 0 0 0 0 5 1 88 9 7 15 0 0 3 37 0 23 0 1 14 86 22 14 12 21 75 30 0 0 0 0 0 0 0 0 0 0 0 0 0 0 0 0 0 0 0 0 0 0 0 0 0 0 0 0 0 0 0 0 0 0 0 0 0 0 0 0 0 0 0 0 0 4 0 0 0 0 0 0 0 0 0 0 0 0 0 0 10 19 12 2 0 0 20 51 0 6 0 0 26 36 36 25 57 34 4 34 0 0 0 0 0 0 0 0 0 0 0 0 0 0 0 0 0 0 0 0 0 0 0 0 0 1 0 0 0 0 0 0 0 2 0 1 0 0 1 0 0 0 0 0 0 0 0 0 0 0 0 0 0 0 0 0 0 0 0 0 0 15 0 0 0 0 93 0 1 1 2 10 0 0 0 0 0 0 0 0 0 0 0 0 0 0 0 0 0 0 0 0 0 0 0 0 0 0 0 0 0 0 0 0 0 0 0 0 0 0 
 93 262 151 94 73 137 121 275 103 302 184 130 359 0 233 51 154 322 277 189 0 2 0 3 0 3 5 4 4 2 0 0 6 0 5 2 2 3 4 0 3 0 3 3 5 2 3 0 3 6 3 0 0 6 0 0 0 4 0 0 0 2 2 3 1 2 0 3 0 0 0 2 0 0 0 38 0 0 5 0 36 27 35 17 14 14 0 21 16 35 14 0 0 23 0 32 21 1 17 9 0 0 0 0 0 0 0 0 0 0 0 0 1 0 2 2 0 0 28 0 0 1 0 0 0 0 0 0 0 0 0 0 0 0 0 0 0 0 0 0 0 2 2 0 0 7 0 0 20 1 0 0 0 0 0 0 0 5 0 0 29 48 15 27 35 0 16 12 7 42 2 9 4 14 47 24 43 34 17 10 0 0 0 0 0 0 1 0 0 0 0 0 0 0 0 0 0 0 0 16 0 0 1 2 0 0 9 0 0 0 0 0 0 0 0 0 0 0 2 0 0 2 0 0 0 0 0 22 0 0 0 0 0 0 0 0 0 0 0 0 0 0 0 0 2 2 1 0 0 0 1 10 0 0 0 0 2 0 0 0 0 0 0 0 0 0 0 0 0 0 0 0 0 0 0 9 0 0 0 0 0 0 0 0 0 0 0 0 0 0 
 35 40 275 136 95 133 23 137 163 182 54 218 234 233 0 157 124 133 75 287 0 0 0 2 0 0 0 80 2 0 0 0 0 0 3 0 0 1 0 0 3 0 0 0 2 0 0 0 0 3 0 0 0 0 0 0 0 0 0 0 5 0 3 0 0 0 0 3 0 0 0 2 0 0 0 0 0 0 3 0 10 24 15 0 0 14 16 18 0 30 7 0 34 17 19 20 1 36 10 21 0 0 0 16 0 0 0 0 0 1 0 0 0 0 0 0 0 0 17 0 0 0 0 0 0 0 0 0 0 0 0 0 10 0 0 2 0 2 0 0 0 0 0 0 0 8 0 0 0 0 0 0 0 0 0 0 0 1 2 0 0 18 16 20 2 0 37 11 1 51 1 13 26 14 12 11 24 13 26 1 0 0 0 0 0 0 0 1 0 2 0 0 14 0 0 0 0 0 0 0 0 0 4 0 2 0 0 0 0 0 0 0 0 0 0 0 0 0 11 0 0 0 0 0 0 0 0 0 0 2 0 0 0 0 0 0 0 0 0 0 0 0 0 0 0 3 1 0 0 87 0 4 19 0 0 0 0 0 0 0 0 0 0 0 0 0 0 0 0 0 0 0 0 0 0 12 10 0 0 0 0 0 0 0 0 0 0 0 0 0 
 403 254 132 153 267 76 105 188 359 258 326 214 55 51 157 0 176 200 48 248 0 0 2 6 1 0 78 3 4 3 0 3 3 0 6 9 3 1 3 0 9 3 0 0 4 60 3 7 2 6 0 0 2 3 0 6 0 0 2 6 0 0 2 0 0 0 0 8 4 0 3 0 0 3 0 5 0 6 3 0 0 27 42 28 0 13 14 0 10 1 7 0 19 13 25 23 8 25 0 11 7 0 0 0 1 0 0 0 0 0 0 0 0 0 8 0 0 0 15 0 0 0 0 0 0 0 0 0 0 0 0 1 0 0 0 0 2 0 11 0 0 0 0 0 0 2 0 0 2 0 0 0 0 0 0 0 5 0 0 0 1 27 0 9 16 6 25 27 8 17 15 8 0 16 16 17 13 15 1 0 0 0 0 0 0 0 1 0 0 0 0 2 0 0 0 0 0 0 0 13 0 0 3 0 0 0 2 0 0 0 0 0 0 0 0 0 2 0 0 0 0 0 0 0 0 0 0 0 0 0 0 0 0 0 0 0 0 0 0 0 0 0 0 0 0 1 1 0 2 1 0 7 0 0 0 0 0 0 0 0 0 0 0 0 0 0 1 0 0 0 0 0 0 0 0 8 15 0 0 0 0 0 0 0 0 0 0 0 0 0 
 198 205 340 307 133 362 32 209 220 189 169 380 244 154 124 176 0 227 77 27 0 0 0 0 0 0 74 3 3 207 0 0 6 4 3 0 0 1 79 0 3 0 0 0 2 4 0 0 0 3 0 0 2 6 6 0 0 1 0 0 0 0 2 0 0 0 0 3 0 4 0 4 0 0 0 4 0 0 2 0 0 18 24 19 7 15 0 0 0 37 25 7 0 15 1 34 48 20 0 1 7 0 0 0 0 0 0 0 0 0 0 0 0 0 8 0 0 0 24 0 0 0 0 0 0 14 0 0 0 0 0 0 0 0 0 6 0 0 0 0 0 0 16 0 0 0 0 0 0 0 0 0 0 0 0 0 0 5 0 0 0 13 0 8 40 4 4 1 15 10 9 5 0 25 39 57 15 29 0 0 0 16 0 0 0 0 7 0 0 0 0 0 15 0 0 0 0 0 17 33 0 0 0 0 0 0 0 0 0 0 0 0 0 0 20 0 0 0 3 0 0 0 0 0 0 0 0 0 0 0 0 0 0 0 0 0 0 0 0 0 0 0 0 0 0 0 2 0 47 1 0 11 10 0 0 0 0 0 0 0 0 0 0 0 0 0 0 0 0 0 0 0 0 0 0 25 14 0 0 0 0 0 0 0 0 0 0 0 0 0 
 117 235 269 152 128 44 249 336 466 315 40 208 126 322 133 200 227 0 323 163 0 206 0 0 0 0 0 3 2 2 0 0 0 0 5 2 0 75 36 0 3 1 0 0 2 0 0 0 0 3 0 0 0 0 0 0 0 1 0 0 0 0 2 0 0 0 0 3 0 0 0 0 0 0 0 0 0 0 2 0 15 10 0 16 1 0 13 10 14 0 13 60 27 12 10 14 14 54 0 13 0 0 0 0 0 0 0 1 0 0 0 0 0 0 1 0 0 0 39 19 0 0 0 0 0 0 0 0 0 0 0 1 7 0 0 0 2 0 0 0 0 0 0 0 0 0 0 0 2 0 0 0 0 0 0 0 0 2 0 0 21 8 29 7 12 3 28 39 1 4 34 22 8 9 20 28 20 19 0 17 0 24 0 0 0 0 3 25 0 0 0 2 0 0 0 0 0 0 12 22 0 0 11 0 0 0 2 0 0 0 0 0 0 0 0 0 1 0 1 0 0 0 0 0 0 0 2 0 0 0 0 0 0 0 0 0 0 0 0 0 0 3 0 0 0 0 0 0 5 48 0 17 0 0 0 0 0 0 0 0 0 0 21 0 0 0 0 0 0 0 0 0 0 0 0 7 33 9 0 0 0 0 0 0 0 0 0 0 0 11 
 32 46 209 82 278 54 75 70 180 55 35 206 138 277 75 48 77 323 0 298 0 0 0 0 0 2 0 3 66 2 0 0 6 2 3 3 0 1 0 4 3 0 0 0 2 5 0 3 0 3 0 0 1 6 5 0 0 0 0 0 0 0 2 0 0 0 0 3 0 4 0 4 0 0 1 4 0 0 3 0 16 0 6 23 8 0 20 15 14 18 8 14 11 13 11 21 23 19 23 11 0 0 0 0 0 0 0 0 0 0 0 0 0 0 0 0 0 0 0 0 0 0 0 0 0 0 0 0 0 0 0 0 0 0 0 0 0 0 0 0 0 0 0 0 0 0 11 0 0 0 0 0 0 0 0 0 0 0 0 0 46 7 8 0 4 0 8 24 6 27 15 0 8 11 39 15 19 64 18 19 0 0 0 0 0 0 0 0 0 19 0 0 0 0 0 0 0 0 0 0 0 0 0 0 0 0 0 0 0 0 0 0 0 0 0 0 0 0 0 1 0 0 0 0 0 0 0 0 0 0 0 0 0 0 0 0 0 0 0 0 0 12 0 0 0 1 0 0 0 0 0 3 0 0 0 0 0 0 0 0 0 0 0 0 0 0 0 0 0 0 0 0 0 2 0 0 0 0 0 0 0 0 0 0 0 0 0 0 0 0 
 85 149 252 59 298 235 124 268 540 587 86 44 274 189 287 248 27 163 298 0 0 0 2 0 0 0 0 3 2 0 0 0 0 2 3 1 0 2 0 0 3 0 0 0 2 0 1 0 0 3 0 0 0 0 0 0 0 4 0 0 0 0 2 0 0 0 0 3 0 0 0 0 0 0 0 0 0 0 3 0 25 19 13 1 11 0 10 27 30 52 10 16 22 22 28 1 24 12 0 35 0 0 0 0 0 0 2 0 0 0 0 0 0 0 0 0 0 2 0 0 0 0 0 0 0 0 0 0 0 0 1 0 0 0 0 0 0 0 0 0 2 0 0 0 1 7 0 0 0 0 0 0 0 1 0 0 0 1 0 0 22 28 31 10 1 0 39 36 7 25 10 0 26 36 5 0 32 38 41 15 0 0 0 0 0 0 0 0 0 0 0 0 2 0 0 0 0 0 0 0 0 0 10 0 0 0 0 0 1 0 14 0 0 0 0 0 0 0 0 0 0 0 0 1 0 0 0 0 0 0 0 0 0 0 0 0 0 0 0 0 0 13 0 0 0 2 3 1 2 0 0 5 0 0 0 0 0 0 0 2 0 0 16 0 0 0 0 0 0 2 0 0 0 0 0 0 12 0 0 0 0 0 0 0 0 0 0 0 0 0 
 0 0 0 0 77 18 0 0 2 208 0 0 0 0 0 0 0 0 0 0 0 149 194 40 44 38 96 309 317 108 37 46 121 118 106 377 36 231 38 84 0 2 0 0 0 0 0 0 0 2 0 0 6 2 0 0 0 2 0 0 0 0 0 0 0 2 0 8 6 0 0 3 3 3 0 0 3 4 0 0 1 0 0 16 0 6 0 0 0 0 11 9 0 0 0 15 0 0 0 0 0 0 31 25 0 0 40 1 0 31 24 0 15 9 0 26 1 13 8 34 0 0 0 0 1 0 0 1 0 0 1 0 0 15 0 0 0 0 12 0 0 0 2 0 1 1 0 0 0 0 3 0 0 0 0 0 0 0 0 0 0 0 0 13 0 21 0 0 0 0 0 0 0 0 0 0 0 0 0 0 18 10 1 12 0 6 9 19 0 22 0 23 19 21 8 17 81 5 8 23 0 0 0 0 0 0 0 0 0 0 0 0 1 0 0 0 1 0 5 12 0 26 0 0 2 0 0 0 0 0 0 0 0 2 1 0 0 1 0 0 0 0 6 0 0 1 0 0 75 74 8 0 0 0 3 2 2 76 0 0 19 0 0 0 0 0 0 0 0 0 0 0 0 0 0 0 0 0 0 0 0 25 0 0 0 0 0 0 0 0 
 0 2 0 1 4 27 0 0 0 0 1 0 0 2 0 0 0 206 0 0 149 0 168 76 100 45 178 226 198 121 112 38 245 67 246 115 22 184 121 46 0 2 0 0 0 0 9 0 0 2 0 0 28 1 1 0 1 2 0 0 1 2 0 0 0 2 0 2 2 0 0 3 3 0 0 0 3 2 0 0 0 0 0 0 0 3 0 0 0 0 0 0 0 0 0 0 0 0 9 0 10 10 13 77 1 8 0 13 7 23 17 0 0 34 9 23 10 38 8 0 0 0 0 0 0 0 15 0 0 0 0 0 0 0 0 0 0 0 23 0 0 0 2 0 0 2 0 0 0 0 6 0 0 0 0 0 0 0 0 0 0 0 0 0 0 0 0 11 0 0 0 0 0 0 0 0 0 0 0 0 8 0 22 10 38 0 1 11 23 29 52 0 41 2 0 10 0 64 29 9 17 17 0 0 0 0 24 0 0 0 0 0 7 0 1 0 0 0 0 14 0 0 0 0 0 0 0 0 0 0 0 0 0 0 0 0 0 0 5 0 0 0 22 0 0 0 0 0 0 0 0 0 0 0 2 0 0 84 0 1 1 0 0 0 0 0 0 0 0 0 0 0 0 0 0 0 0 0 0 0 0 7 0 0 0 0 5 0 0 0 
 0 2 0 0 1 77 0 0 0 0 0 2 0 0 0 2 0 0 0 2 194 168 0 74 127 38 335 245 128 142 138 46 162 195 120 113 338 208 199 162 0 2 0 0 0 0 0 0 0 2 0 0 0 0 0 5 2 2 0 0 2 28 0 0 0 3 0 5 6 0 0 49 3 0 0 1 3 2 0 0 0 0 0 0 0 1 0 0 0 0 0 0 0 0 0 0 0 0 0 0 1 0 29 0 10 0 13 12 5 14 25 0 13 3 2 50 2 19 0 26 0 0 0 0 0 0 0 0 0 0 0 0 3 0 8 0 0 0 4 0 1 0 0 0 0 0 0 0 0 0 1 0 0 0 0 0 0 0 0 0 0 0 0 7 0 12 0 0 0 0 0 0 0 0 0 0 0 0 0 0 22 22 0 16 26 11 1 16 0 17 26 42 26 28 32 15 21 27 0 35 1 0 0 0 0 0 0 0 0 0 0 11 6 0 0 0 0 0 8 0 0 2 0 0 0 0 0 0 0 0 0 4 0 0 0 0 0 0 0 0 0 0 0 0 0 0 0 0 0 0 0 0 0 0 3 0 0 1 0 2 9 5 0 0 0 0 0 0 0 0 0 0 0 0 0 0 0 0 0 23 0 0 0 0 0 0 0 0 0 0 
 0 4 2 0 0 0 0 0 0 0 208 73 0 3 2 6 0 0 0 0 40 76 74 0 337 132 189 164 430 88 311 294 374 79 185 193 47 56 137 265 26 2 0 0 0 0 67 1 0 2 0 0 30 65 54 5 2 2 63 26 1 0 0 0 0 3 0 2 3 0 0 3 3 0 0 6 3 2 3 0 0 0 0 0 0 0 0 0 0 0 0 0 0 0 9 0 0 0 0 0 10 0 21 34 32 36 13 21 0 0 8 55 0 13 0 12 10 4 2 0 3 0 0 11 0 0 19 15 9 0 0 21 17 19 0 0 1 0 11 11 0 0 0 0 0 2 0 0 0 1 0 0 0 0 0 0 0 0 0 0 1 0 0 4 0 0 0 0 0 0 0 0 7 0 0 0 0 0 0 0 1 8 24 10 38 39 0 0 23 0 29 8 19 4 9 11 5 29 10 0 14 20 0 0 0 0 0 0 0 2 2 0 11 0 17 6 16 0 12 2 0 0 0 0 0 0 0 0 0 1 0 0 0 0 0 0 0 0 0 0 0 0 0 0 0 2 0 0 0 0 0 0 1 0 3 1 2 53 103 2 7 0 0 0 0 2 22 0 0 0 0 0 0 0 0 0 0 0 0 0 0 0 0 0 9 0 0 0 0 0 
 0 3 0 7 0 0 75 0 0 0 0 0 0 0 0 1 0 0 0 0 44 100 127 337 0 80 48 159 240 270 194 290 291 356 170 207 131 174 77 129 6 2 0 0 0 0 0 0 0 2 0 1 0 0 0 3 2 2 0 0 2 6 0 0 0 3 0 2 3 0 0 3 3 0 0 0 3 2 0 0 0 0 0 0 0 0 0 0 0 0 0 11 0 0 0 0 0 0 0 12 0 11 13 19 12 27 0 0 31 20 0 2 0 10 15 0 0 14 0 0 11 0 1 0 0 0 22 0 8 0 11 0 18 31 23 1 0 6 56 21 0 0 2 0 0 2 0 0 0 0 3 0 0 0 0 0 0 0 0 0 0 0 0 0 0 0 0 0 0 0 0 10 1 0 0 0 0 0 0 0 16 0 1 30 22 67 0 0 26 11 0 37 0 0 0 40 12 0 0 0 20 0 0 1 0 0 0 8 1 8 0 0 25 16 0 0 0 0 20 12 0 0 0 0 0 0 0 0 0 0 0 0 0 0 0 0 0 0 0 0 0 0 0 0 0 0 0 0 0 0 0 0 0 0 0 5 0 79 1 2 6 2 0 0 0 0 0 0 0 0 0 0 0 0 0 0 16 0 0 20 0 25 15 0 0 25 8 0 0 0 
 0 6 0 7 0 0 1 0 0 0 0 2 5 3 0 0 0 0 2 0 38 45 38 132 80 0 20 28 151 36 63 288 245 72 547 112 146 338 263 57 7 4 137 1 0 0 0 1 26 6 0 0 25 0 0 66 66 2 125 126 3 0 0 0 0 3 0 2 3 0 0 3 3 0 0 1 2 2 0 0 0 0 0 0 0 0 0 0 0 0 0 0 0 0 0 0 0 0 0 0 0 0 0 0 7 5 0 16 0 0 0 27 0 11 0 0 2 0 0 0 20 18 17 25 1 0 39 0 0 0 0 0 13 16 20 32 12 3 0 29 0 0 0 0 0 0 0 6 0 5 0 0 0 0 0 0 0 0 0 0 0 0 0 3 0 0 0 0 0 0 0 6 4 0 0 0 0 0 0 0 0 9 11 14 3 29 0 0 0 10 1 1 0 0 34 18 0 1 0 0 11 1 0 21 0 0 10 1 7 19 19 0 15 19 23 15 9 12 19 11 0 0 2 1 0 0 0 0 0 0 0 0 0 0 0 0 0 0 0 0 0 0 2 0 0 0 0 0 0 0 0 0 0 0 12 0 6 0 38 1 1 0 0 0 0 0 0 1 0 0 0 0 0 0 0 5 0 0 0 0 0 0 0 0 13 0 0 0 0 0 
 0 0 0 1 75 107 0 0 2 2 19 1 0 5 0 78 74 0 0 0 96 178 335 189 48 20 0 108 79 33 30 24 73 255 188 42 108 52 119 132 0 5 0 0 0 0 3 0 2 2 0 0 0 0 0 0 0 2 0 0 2 1 1 0 0 6 0 8 23 2 0 3 3 0 0 1 3 2 0 0 0 0 12 0 17 7 0 2 3 0 0 17 0 0 0 0 0 0 0 2 88 1 32 1 10 0 28 59 7 0 0 0 1 1 13 14 9 11 0 32 0 0 0 9 0 0 0 0 0 0 0 0 11 0 0 0 0 0 0 0 0 0 0 0 2 1 1 0 0 0 0 0 2 0 0 0 0 0 0 0 0 0 0 15 21 46 1 0 0 0 0 12 0 0 0 1 6 0 0 0 18 10 0 10 21 37 18 12 0 0 1 4 51 39 17 0 18 0 0 0 0 0 0 0 0 0 0 0 0 0 0 0 9 0 0 0 0 0 0 21 0 0 0 0 0 0 0 0 0 0 0 0 0 0 1 0 0 1 27 0 0 0 0 0 0 1 26 0 0 0 0 0 0 0 4 0 4 76 0 0 1 11 0 0 0 0 0 0 0 0 0 0 0 0 0 0 0 1 0 0 0 0 0 0 0 0 0 0 0 0 
 3 4 3 78 64 4 3 3 3 3 3 3 3 4 80 3 3 3 3 3 309 226 245 164 159 28 108 0 161 42 88 36 327 89 344 142 41 28 563 99 2 2 0 3 3 6 0 0 0 2 3 3 2 2 0 5 69 5 0 0 0 2 0 3 4 3 3 22 16 1 4 5 3 8 0 0 8 4 46 0 0 0 0 0 18 8 0 0 1 0 29 0 0 0 0 0 0 0 0 0 12 0 27 32 6 0 8 9 12 1 9 0 21 56 14 24 10 35 0 43 0 0 0 0 0 0 0 0 0 0 0 0 0 10 0 0 0 0 6 0 0 0 3 0 0 0 0 0 0 0 1 0 0 0 0 0 0 0 0 0 0 0 0 0 0 12 0 0 0 0 0 0 0 0 0 0 0 0 0 0 35 15 0 18 1 0 22 18 0 26 14 37 52 96 0 3 50 16 8 28 1 0 0 0 0 0 9 0 0 0 0 0 11 0 0 0 0 0 40 7 0 0 0 0 0 0 0 0 0 0 0 0 0 0 0 0 0 0 0 0 0 0 11 0 0 0 0 0 0 75 0 0 0 0 4 0 1 86 0 0 4 0 0 0 0 0 0 0 0 0 0 0 0 0 0 0 0 0 0 0 0 32 0 0 0 0 0 0 0 0 
 63 4 2 2 3 2 2 7 75 2 2 5 5 4 2 4 3 2 66 2 317 198 128 430 240 151 79 161 0 160 86 44 184 73 364 347 77 403 270 56 0 2 0 0 0 0 62 0 0 63 0 0 65 1 0 0 2 2 0 0 1 0 0 0 0 3 0 2 3 0 0 3 3 0 0 6 3 2 0 0 0 0 0 0 0 0 0 0 17 0 0 0 0 0 0 0 0 0 0 0 16 0 0 40 4 13 0 14 0 47 27 40 1 8 37 58 9 56 0 0 0 0 0 0 0 0 36 0 0 0 0 0 13 11 0 8 0 0 3 31 0 0 0 0 0 1 0 0 0 0 5 0 0 0 0 0 0 0 0 0 0 0 0 0 0 0 0 0 0 0 0 9 0 0 0 0 0 0 0 0 25 17 2 0 38 31 0 0 1 26 1 11 0 19 44 42 7 49 4 0 25 0 0 0 0 0 1 0 0 0 0 0 33 0 0 0 0 0 14 5 0 0 0 0 11 0 0 0 0 0 0 0 0 0 0 0 0 0 0 0 0 0 0 0 0 0 0 0 0 0 0 0 0 0 5 2 1 180 76 1 1 30 0 0 0 0 0 0 0 0 0 0 0 0 0 0 0 0 0 0 0 0 0 0 0 0 0 0 0 0 
 0 0 0 0 0 37 0 0 2 0 1 0 1 2 0 3 207 2 2 0 108 121 142 88 270 36 33 42 160 0 152 129 73 165 344 158 220 119 126 75 2 2 0 0 0 0 63 2 1 2 6 0 0 0 0 0 1 2 0 0 3 0 0 0 0 3 0 5 6 0 0 3 3 0 0 50 2 2 0 0 0 0 0 0 0 0 0 0 0 0 0 0 0 0 5 0 0 0 0 0 0 0 35 23 16 13 8 8 0 1 0 9 1 0 0 10 17 10 0 15 22 1 1 0 0 0 20 0 0 0 0 1 10 10 0 0 0 0 18 27 0 0 4 0 0 1 0 0 0 0 24 0 0 0 0 0 0 0 0 0 0 0 0 1 4 10 0 0 0 0 0 5 0 0 0 0 0 0 0 0 15 9 1 10 1 12 9 3 3 23 10 26 9 9 18 1 22 0 0 0 53 22 11 0 9 0 8 1 0 8 0 0 38 1 8 1 0 0 18 13 0 0 0 0 0 1 0 0 0 0 0 0 0 0 0 0 0 0 0 0 0 0 0 0 0 0 0 0 0 0 0 0 0 0 3 0 0 8 77 0 0 0 0 0 0 0 0 0 0 0 0 0 0 0 0 0 0 0 0 0 0 9 0 0 0 0 0 0 0 0 
 0 0 206 5 0 74 0 0 0 0 0 0 0 0 0 0 0 0 0 0 37 112 138 311 194 63 30 88 86 152 0 56 110 255 198 152 264 73 116 410 61 2 0 1 0 0 0 0 4 2 3 0 0 64 0 0 2 2 0 0 2 5 0 0 0 3 0 2 3 0 0 3 3 0 0 1 3 4 0 0 0 0 0 0 0 0 0 0 0 0 0 0 0 0 0 0 0 2 0 0 0 39 89 4 3 14 31 6 18 0 90 7 0 11 10 0 9 17 9 23 0 0 19 0 0 0 17 0 12 0 0 0 19 0 12 0 0 0 12 0 0 0 0 25 0 2 0 0 0 0 0 0 0 0 0 0 0 0 0 0 0 0 0 0 0 0 0 11 0 0 0 12 0 0 0 0 0 0 0 0 12 2 14 19 24 13 6 13 20 0 41 19 11 0 0 11 1 43 27 19 12 17 0 1 0 0 0 0 0 0 0 0 17 21 14 0 9 0 20 1 0 0 0 0 0 46 0 0 14 0 0 0 0 0 0 0 0 0 0 0 0 0 0 0 0 0 0 0 0 0 0 0 0 0 2 1 1 0 2 0 0 0 0 0 0 0 0 0 0 0 0 0 0 0 0 0 0 0 0 12 0 0 0 0 0 11 0 0 0 0 
 0 3 0 2 2 0 0 1 0 0 0 3 0 0 0 3 0 0 0 0 46 38 46 294 290 288 24 36 44 129 56 0 465 41 35 35 403 67 44 44 31 33 70 0 0 0 124 32 1 2 10 0 0 69 60 62 65 2 93 85 0 0 2 2 0 3 0 2 1 0 0 3 3 0 0 0 3 2 0 0 0 0 0 0 10 0 0 0 0 0 0 0 0 0 0 0 1 0 0 0 0 0 0 0 29 31 1 0 0 0 0 20 0 0 12 0 0 0 0 0 32 13 62 20 0 0 10 25 9 0 0 53 9 34 37 8 10 8 22 1 6 1 0 0 0 1 0 0 0 0 0 0 0 0 0 0 0 0 0 0 0 0 0 0 0 0 0 2 0 0 0 2 0 0 1 0 0 0 0 0 0 0 0 11 0 10 0 0 0 0 4 0 0 0 0 0 0 0 0 0 4 23 29 0 0 0 14 11 18 22 12 11 28 16 9 11 15 11 0 1 2 0 0 0 0 0 0 0 0 0 0 0 0 0 0 0 0 0 0 0 0 0 1 0 0 2 0 0 0 0 0 0 0 0 7 4 4 0 1 2 4 0 0 0 0 0 22 0 0 0 0 0 0 0 0 0 0 0 0 0 0 0 0 0 2 0 0 0 0 0 
 0 5 0 1 155 60 0 0 0 0 74 4 0 6 0 3 6 0 6 0 121 245 162 374 291 245 73 327 184 73 110 465 0 449 60 168 24 53 251 195 0 2 3 0 0 0 1 0 0 2 0 0 35 3 0 4 0 2 0 0 3 3 0 9 0 11 1 7 17 0 0 3 3 34 2 2 2 2 2 0 0 0 0 0 43 7 0 0 46 0 0 0 0 0 0 0 0 4 0 0 4 8 8 42 0 0 0 21 17 34 14 0 17 23 20 30 0 31 8 24 0 0 0 0 0 0 0 0 0 0 0 0 0 0 0 0 0 0 0 0 10 16 1 0 0 0 1 0 0 0 0 0 0 0 0 0 0 0 0 0 0 0 0 0 0 0 0 8 0 0 13 0 0 0 0 0 0 0 0 0 25 9 0 16 0 8 14 28 0 15 15 0 22 56 0 19 40 79 42 9 0 0 0 0 0 0 0 0 0 0 0 0 1 0 0 0 0 0 16 0 0 0 0 0 0 0 0 0 0 0 0 0 0 0 0 0 0 0 0 0 0 0 8 0 0 0 0 2 0 38 0 0 0 0 2 0 0 77 0 0 2 14 0 0 2 0 0 0 0 0 0 0 0 0 0 0 0 0 0 0 0 12 0 0 0 0 0 0 0 0 
 0 2 0 74 137 108 0 2 0 0 1 11 0 0 0 0 4 0 2 2 118 67 195 79 356 72 255 89 73 165 255 41 449 0 720 125 268 33 251 103 0 2 3 0 0 0 0 0 0 2 0 0 0 3 0 0 63 2 0 0 1 11 51 0 0 3 0 2 3 0 0 3 3 0 0 0 3 2 0 0 0 0 0 0 13 16 2 0 0 0 34 0 0 1 2 0 0 0 0 0 13 3 10 21 11 0 48 26 29 11 0 0 26 26 19 21 4 15 3 1 0 0 0 0 0 0 0 0 0 0 0 0 11 0 1 0 0 0 1 0 0 0 0 0 0 1 0 0 0 0 0 0 7 0 0 0 0 0 0 0 0 0 0 2 0 14 0 0 0 0 0 0 0 0 0 0 1 0 0 0 10 0 0 36 7 11 19 13 0 0 33 57 29 10 42 0 6 14 26 9 0 0 0 0 0 0 0 0 0 0 0 0 8 0 0 0 0 0 0 0 0 0 0 0 0 0 0 0 0 0 0 0 0 0 0 0 0 0 0 0 0 0 15 0 0 0 0 0 0 0 0 0 0 0 4 0 0 1 0 1 2 10 0 0 0 0 0 0 0 0 0 0 0 0 0 0 0 0 0 1 0 8 0 0 0 0 0 0 0 0 
 3 5 2 3 2 78 2 2 3 3 2 6 3 5 3 6 3 5 3 3 106 246 120 185 170 547 188 344 364 344 198 35 60 720 0 392 353 55 160 375 2 2 0 2 0 0 0 0 1 2 37 0 2 2 0 0 2 2 0 0 1 5 0 51 0 2 0 3 6 0 0 54 29 0 0 0 3 2 0 0 21 0 0 0 0 0 0 0 0 0 0 0 0 0 0 0 0 0 0 0 0 18 22 40 18 6 4 20 8 0 1 20 0 0 15 11 27 85 0 0 0 0 0 0 13 0 0 10 0 0 0 0 20 9 0 0 0 0 17 3 0 0 6 0 0 1 0 0 0 0 13 0 0 0 11 0 0 0 0 0 0 0 0 5 0 0 0 0 32 0 0 0 5 0 0 0 0 0 0 0 12 3 4 28 20 14 5 0 0 24 11 34 37 2 28 19 0 2 0 0 5 1 0 0 0 0 9 0 0 1 0 0 45 11 8 0 0 0 41 11 0 0 0 0 4 0 0 0 0 0 0 0 0 0 12 0 0 0 0 0 0 0 0 0 0 0 0 0 0 0 0 0 0 0 0 0 3 116 119 38 12 0 0 0 0 0 0 0 0 0 0 0 0 0 0 0 0 0 0 0 0 5 0 0 0 0 0 0 0 0 
 0 0 0 0 0 0 0 0 0 0 1 3 1 2 0 9 0 2 3 1 377 115 113 193 207 112 42 142 347 158 152 35 168 125 392 0 233 191 235 201 0 2 0 0 0 0 2 0 206 3 0 3 0 1 0 0 1 2 0 0 3 5 0 0 0 3 0 2 3 0 0 3 3 0 0 0 3 2 3 0 0 0 0 0 0 1 0 0 0 0 0 0 0 0 0 0 0 0 0 0 9 1 3 25 2 0 10 44 4 29 21 8 3 20 37 15 22 32 0 0 0 0 0 0 0 0 12 0 0 0 0 0 8 5 0 0 0 0 23 13 0 0 5 0 0 1 0 0 0 0 4 0 0 14 0 0 0 0 0 14 0 0 0 1 0 0 0 0 0 0 0 0 35 0 0 0 0 0 0 0 44 14 21 37 18 20 10 0 2 62 0 21 23 13 16 39 20 28 16 9 0 0 0 0 0 0 1 0 0 0 0 0 12 0 1 0 0 0 14 16 0 0 0 0 0 0 0 0 0 0 0 0 0 0 0 0 0 0 0 0 0 0 20 0 0 0 0 0 0 0 0 0 0 0 3 1 2 153 5 0 4 2 0 0 0 0 0 0 0 0 0 0 0 0 0 0 0 0 0 0 0 11 0 0 0 0 0 0 0 0 
 0 2 0 2 87 74 0 0 0 0 0 4 0 2 0 3 0 0 0 0 36 22 338 47 131 146 108 41 77 220 264 403 24 268 353 233 0 146 320 23 1 7 0 1 0 0 0 0 0 3 11 0 0 1 35 0 1 2 0 0 1 7 0 0 0 5 0 2 2 0 0 3 3 0 0 0 3 2 0 0 0 0 0 0 0 1 0 0 0 0 0 0 0 0 0 0 0 0 0 0 16 0 34 1 13 10 3 30 19 0 0 27 0 0 16 9 13 0 2 0 0 0 0 0 0 0 24 0 0 0 0 0 10 0 0 0 0 0 0 18 0 0 0 0 8 1 0 0 0 0 0 0 1 10 0 0 0 0 0 0 0 0 0 0 0 21 0 0 0 0 0 7 0 0 0 0 0 0 0 0 10 0 0 11 14 13 6 0 0 36 9 27 0 10 19 45 0 0 0 0 22 0 0 0 0 0 0 0 0 0 0 0 28 8 4 0 0 0 35 0 0 0 0 0 0 0 0 0 0 0 0 0 0 0 0 0 0 0 0 0 0 0 0 0 0 0 0 0 0 0 0 0 0 0 2 2 0 0 169 0 2 12 0 0 0 2 0 0 0 0 0 0 0 0 0 0 0 0 0 0 0 0 0 0 0 0 0 0 0 0 
 3 1 0 4 2 0 1 1 2 0 0 2 2 3 1 1 1 75 1 2 231 184 208 56 174 338 52 28 403 119 73 67 53 33 55 191 146 0 83 24 0 2 0 0 0 0 0 0 0 2 0 0 1 1 0 0 2 2 0 0 1 0 0 0 0 2 0 2 2 0 0 3 3 0 0 0 3 2 0 0 0 0 0 0 0 0 0 0 0 0 0 0 0 0 0 0 0 2 0 0 9 9 0 8 6 8 0 10 9 55 18 25 0 9 0 21 9 49 0 0 0 0 0 0 0 0 6 0 2 0 0 0 11 0 0 0 0 0 7 6 0 0 1 0 0 0 0 0 0 0 0 0 0 0 0 2 28 0 0 0 0 0 0 0 0 0 0 0 0 0 0 6 0 0 0 0 0 0 0 0 12 8 30 0 26 18 0 0 12 65 25 0 2 25 23 49 21 34 4 0 13 0 0 1 0 0 22 0 0 15 0 0 15 0 1 0 0 0 13 1 0 0 0 0 0 0 0 0 0 0 0 0 0 0 0 0 0 0 0 0 0 0 0 0 0 0 0 0 0 0 0 0 0 0 2 0 1 0 74 0 2 12 0 0 0 0 0 0 0 0 0 0 0 0 0 0 0 0 0 0 0 0 0 0 0 0 12 0 0 0 
 0 0 22 4 0 40 0 0 74 0 0 3 0 4 0 3 79 36 0 0 38 121 199 137 77 263 119 563 270 126 116 44 251 251 160 235 320 83 0 129 0 2 0 0 0 0 0 5 0 2 0 0 0 0 0 0 2 2 0 0 2 0 0 0 0 3 0 7 14 0 0 3 3 1 0 0 3 2 1 0 0 0 0 16 0 14 0 0 1 0 17 5 0 0 0 0 0 0 2 0 7 4 29 20 31 0 12 35 11 33 32 0 10 17 20 11 20 28 25 16 0 0 0 11 0 0 0 0 0 0 0 1 8 0 2 2 0 0 2 0 0 0 0 0 0 0 0 0 0 0 0 0 0 0 0 0 0 3 0 0 0 0 0 0 0 12 0 0 0 0 5 10 9 0 0 74 0 2 0 0 32 44 2 12 18 0 10 32 0 9 23 14 17 19 20 11 12 36 38 14 2 0 0 0 0 0 0 6 0 0 0 0 0 0 0 0 0 0 6 0 0 2 0 0 0 0 0 0 0 0 0 0 0 0 0 0 1 0 0 0 0 0 1 0 0 0 0 0 0 0 0 0 0 0 0 0 3 1 0 3 7 0 0 0 0 0 0 0 0 0 0 0 0 0 0 0 0 25 0 0 0 0 0 0 0 0 0 0 0 0 
 0 0 0 75 10 26 0 0 0 1 65 73 0 0 0 0 0 0 4 0 84 46 162 265 129 57 132 99 56 75 410 44 195 103 375 201 23 24 129 0 0 2 0 18 0 0 1 0 3 2 0 2 0 0 0 0 2 2 0 0 2 0 0 0 0 4 0 9 23 0 0 3 3 27 0 1 3 2 0 0 0 0 0 12 8 20 0 0 13 0 0 0 0 0 0 0 0 0 2 1 0 29 44 8 9 11 10 0 3 10 0 0 24 20 7 21 13 25 16 40 0 0 0 0 0 0 0 0 0 9 0 0 46 0 1 2 0 0 1 0 1 0 0 0 0 0 0 0 0 0 0 0 4 0 0 0 0 0 0 0 0 0 0 0 11 12 0 0 0 0 0 7 0 0 0 0 0 0 0 0 0 13 8 19 11 8 10 30 13 13 30 13 36 15 26 14 12 27 32 0 2 0 0 0 0 0 4 0 0 0 0 0 9 0 0 0 0 0 15 6 0 0 0 0 0 12 0 0 0 0 0 0 0 0 0 0 0 0 0 0 0 0 0 0 0 0 0 0 0 73 0 0 0 0 18 2 1 3 2 0 0 0 0 0 0 0 0 0 0 0 0 0 0 0 0 0 0 20 0 1 0 0 0 0 0 0 0 0 0 0 
 3 3 3 4 3 3 3 3 2 3 3 3 3 3 3 9 3 3 3 3 0 0 0 26 6 7 0 2 0 2 61 31 0 0 2 0 1 0 0 0 0 207 327 49 250 92 390 132 50 38 48 27 36 156 173 41 96 173 105 44 46 1 3 3 0 0 0 0 2 0 2 0 0 2 0 3 0 53 0 1 0 0 0 0 0 0 0 0 0 0 0 0 0 0 0 0 0 0 0 0 1 0 0 0 0 19 0 0 0 1 0 9 0 0 0 0 0 0 0 0 0 8 0 29 20 21 1 15 8 31 11 34 7 3 0 21 10 26 0 2 0 0 0 0 0 0 2 0 0 1 0 0 0 0 0 0 0 0 11 1 0 0 0 0 0 0 0 1 0 0 0 10 0 0 1 0 0 47 0 0 0 0 0 0 0 18 0 0 0 0 3 0 0 0 0 0 0 0 0 0 0 0 14 41 19 0 0 0 3 10 0 24 1 1 1 22 25 15 0 0 0 0 0 0 0 0 0 0 5 0 0 0 7 0 13 0 0 0 0 6 0 0 0 0 0 0 0 0 0 0 0 7 0 2 0 0 0 1 0 0 0 0 0 0 0 0 19 0 0 0 4 0 0 0 0 0 0 0 0 0 0 0 0 0 8 0 0 14 0 0 
 0 3 0 0 0 0 0 0 0 0 0 0 0 0 0 3 0 1 0 0 2 2 2 2 2 4 5 2 2 2 2 33 2 2 2 2 7 2 2 2 207 0 210 51 42 40 452 209 66 263 49 48 320 45 173 72 180 115 132 160 0 0 0 7 0 52 2 0 0 0 0 0 0 0 0 0 0 0 0 0 0 0 0 0 0 0 0 0 0 0 5 0 0 0 0 0 0 0 0 0 0 0 0 0 7 19 0 0 0 6 1 0 0 0 0 0 0 0 13 0 20 11 15 22 0 15 22 58 0 31 1 81 0 42 4 2 18 43 0 1 0 0 0 0 0 1 0 0 0 0 0 0 0 0 0 0 0 0 0 0 0 0 0 0 0 0 0 2 0 0 0 0 0 0 0 5 0 22 0 0 0 0 0 0 0 0 0 0 0 0 0 19 0 0 0 1 0 0 0 0 9 19 22 0 1 0 9 10 11 0 5 11 13 8 16 6 12 32 0 13 0 0 0 0 0 0 0 0 0 0 0 0 7 0 7 0 0 0 0 11 0 0 11 0 0 0 0 0 0 19 0 4 0 1 47 0 0 0 0 2 0 0 0 0 0 8 12 0 0 0 12 0 0 0 0 0 0 0 0 0 0 0 0 0 0 0 0 0 0 0 
 0 43 0 0 0 0 0 0 0 0 0 0 0 3 0 0 0 0 0 0 0 0 0 0 0 137 0 0 0 0 0 70 3 3 0 0 0 0 0 0 327 210 0 381 80 38 399 217 144 247 49 21 152 136 180 351 46 157 118 183 0 0 4 1 0 1 1 0 0 0 0 0 0 0 0 0 0 0 0 0 0 0 0 0 0 0 0 11 0 0 0 0 0 0 0 6 0 0 0 0 0 0 0 0 3 1 0 2 0 0 0 0 0 0 0 0 0 0 0 0 13 5 16 18 8 16 4 32 1 21 7 21 0 14 35 44 51 29 1 26 0 7 0 0 0 2 0 5 0 6 0 0 0 0 0 0 0 0 0 0 0 0 0 0 0 0 0 0 0 0 0 0 0 0 0 0 0 4 0 0 19 0 0 1 0 0 0 0 0 1 0 0 0 0 0 0 0 0 0 0 12 18 9 36 13 5 30 22 12 0 5 3 0 46 36 33 19 20 0 11 0 0 0 0 0 0 0 0 0 0 0 8 0 0 0 0 0 0 0 1 0 0 18 0 0 0 0 0 0 0 0 2 0 0 0 0 0 0 0 1 1 0 0 0 0 23 0 4 0 0 0 0 0 0 0 0 0 0 0 0 0 0 1 0 10 16 0 0 0 0 
 0 0 0 4 0 0 0 0 0 0 0 0 0 3 0 0 0 0 0 0 0 0 0 0 0 1 0 3 0 0 1 0 0 0 2 0 1 0 0 18 49 51 381 0 90 518 107 148 64 189 156 161 99 137 77 52 126 195 70 61 1 0 0 1 0 0 76 1 0 0 0 0 19 0 1 0 1 0 44 96 0 0 0 0 0 0 0 0 0 16 0 0 0 0 0 0 0 0 0 0 0 3 0 0 5 6 0 0 0 0 0 0 0 0 0 0 11 3 0 0 5 0 0 0 0 16 0 8 0 13 0 1 21 7 10 0 11 0 0 0 7 27 0 0 0 0 0 11 0 0 0 0 4 11 0 4 0 0 0 8 0 0 0 0 0 0 0 0 0 0 0 0 0 0 0 0 0 0 0 0 0 5 8 0 0 0 11 0 7 0 0 2 0 0 4 10 0 0 0 0 0 8 0 23 11 19 0 0 0 0 20 17 1 0 0 1 0 12 0 3 3 0 19 19 0 0 52 2 0 0 7 8 13 0 0 0 0 0 0 9 0 0 0 0 0 0 0 0 1 0 0 9 0 0 0 0 0 0 0 10 0 0 4 9 67 0 0 63 0 0 1 0 0 0 0 0 0 0 0 0 0 0 0 0 0 15 0 0 0 0 
 2 4 2 2 6 2 2 2 2 2 2 2 2 5 2 4 2 2 2 2 0 0 0 0 0 0 0 3 0 0 0 0 0 0 0 0 0 0 0 0 250 42 80 90 0 75 65 111 114 316 143 230 112 316 159 299 120 56 69 71 18 51 0 0 0 0 0 27 52 58 0 4 0 0 49 10 0 0 2 52 0 0 0 0 0 0 0 0 0 0 0 0 0 0 0 0 0 0 0 0 0 0 0 0 0 0 0 0 0 0 0 0 0 0 0 0 0 0 0 0 0 14 0 10 33 0 0 0 20 0 72 0 0 0 0 12 0 24 0 0 0 18 0 0 21 1 33 15 13 11 0 1 13 9 2 9 1 0 24 33 0 0 0 0 0 0 0 0 0 0 0 0 0 0 3 0 0 0 0 0 0 3 25 0 0 0 0 0 0 0 0 0 0 0 0 0 0 3 0 0 0 0 0 0 34 0 0 0 0 0 11 0 0 0 0 3 3 13 0 0 1 0 0 1 0 0 1 28 21 0 11 1 25 1 0 0 0 10 21 0 0 0 0 0 0 2 0 0 0 0 0 14 0 0 0 0 0 0 0 16 0 0 5 1 1 2 2 1 2 0 0 0 0 0 0 0 0 0 0 0 1 0 2 0 0 14 2 0 0 0 
 0 2 0 0 2 0 0 0 0 0 0 0 0 2 0 60 4 0 5 0 0 0 0 0 0 0 0 6 0 0 0 0 0 0 0 0 0 0 0 0 92 40 38 518 75 0 43 41 44 126 292 339 248 108 273 192 340 290 121 87 50 52 1 3 0 0 68 0 0 59 54 0 128 0 0 5 0 0 3 61 0 0 0 0 0 0 0 0 0 0 0 0 0 0 0 0 0 0 0 0 0 0 0 0 0 0 0 0 0 0 0 0 0 0 0 0 0 0 0 0 0 1 0 0 24 15 0 0 0 0 26 0 0 0 7 3 0 0 0 0 0 14 0 0 0 1 32 4 0 0 0 0 1 11 3 19 10 0 2 18 0 0 0 0 0 0 0 0 0 0 0 0 0 0 0 0 0 0 0 0 0 0 0 0 0 0 0 0 0 0 0 0 0 0 0 0 0 0 0 0 0 0 2 4 20 4 8 34 11 13 16 1 0 0 0 36 18 4 0 0 1 0 8 0 0 0 9 37 8 20 0 8 0 8 0 0 0 10 45 26 0 0 0 0 0 0 0 0 0 0 0 4 0 0 0 0 0 0 28 14 0 0 0 63 7 3 0 0 2 8 0 0 0 0 0 0 0 0 0 0 0 0 0 0 25 0 0 0 0 0 
 2 1 0 0 0 0 0 0 0 0 0 3 2 3 0 3 0 0 0 1 0 9 0 67 0 0 3 0 62 63 0 124 1 0 0 2 0 0 0 1 390 452 399 107 65 43 0 166 53 258 37 235 98 113 157 118 87 98 65 273 0 0 0 0 0 0 0 0 0 0 0 0 1 19 0 0 0 0 0 10 0 0 0 0 0 0 0 0 0 0 0 0 0 0 0 0 0 0 0 0 0 0 0 0 0 8 0 0 0 0 18 5 0 0 0 0 0 0 0 0 6 0 4 14 7 32 0 22 0 11 2 25 1 29 19 56 15 37 0 30 6 6 0 0 0 0 0 0 0 6 2 0 3 1 0 0 24 4 1 0 0 0 9 0 0 0 0 0 0 0 0 0 0 0 0 0 0 8 0 0 0 0 0 0 0 16 0 0 0 0 0 0 0 0 0 0 0 0 0 0 10 7 15 38 12 0 0 3 0 0 0 0 0 14 13 0 26 4 0 0 1 0 0 0 0 0 0 0 6 6 0 17 1 46 0 4 5 1 0 9 0 0 0 0 0 0 0 0 0 0 0 2 0 0 0 0 0 0 0 2 0 0 0 0 0 10 4 0 0 0 0 18 0 0 0 0 0 0 0 0 0 0 0 0 0 0 0 0 1 0 
 0 0 0 4 0 0 0 0 0 0 0 0 0 0 0 7 0 0 3 0 0 0 0 1 0 1 0 0 0 2 0 32 0 0 0 0 0 0 5 0 132 209 217 148 111 41 166 0 90 83 102 36 156 372 63 254 335 301 337 105 3 0 1 7 205 0 7 8 0 216 0 0 0 0 1 0 0 7 60 0 0 0 0 0 0 0 0 0 0 0 0 0 0 0 0 0 0 0 10 0 0 0 3 0 7 24 0 0 0 0 0 0 0 0 0 0 0 0 0 0 20 0 22 23 0 0 10 38 0 41 0 61 0 7 1 8 10 6 22 0 0 0 7 0 0 2 0 4 0 0 0 0 0 0 8 0 0 0 0 0 0 0 0 0 0 0 0 0 0 0 0 0 0 0 0 0 0 0 0 0 0 0 0 0 0 0 0 0 0 0 0 0 0 0 0 0 0 0 0 0 21 11 10 0 0 14 10 38 14 0 22 3 6 7 13 9 9 23 0 34 0 0 12 0 3 0 6 0 0 0 16 0 4 0 17 0 0 0 0 8 0 0 10 0 0 0 0 0 0 0 0 9 0 2 0 0 0 0 0 2 0 0 0 0 0 1 15 0 0 0 10 0 0 0 0 2 0 0 0 0 0 0 0 0 0 0 0 0 0 0 
 0 4 0 74 0 0 0 2 41 0 0 3 0 3 0 2 0 0 0 0 0 0 0 0 0 26 2 0 0 1 4 1 0 0 1 206 0 0 0 3 50 66 144 64 114 44 53 90 0 85 117 34 219 125 181 140 53 45 204 145 9 0 0 0 0 0 0 0 6 0 0 0 0 0 0 4 0 45 0 0 0 0 0 0 0 0 0 0 0 0 0 0 0 0 0 0 0 0 0 0 0 4 0 0 27 12 0 0 0 0 1 0 0 0 0 5 3 3 0 0 19 68 1 15 13 1 1 0 20 19 13 0 3 27 20 3 2 31 9 26 0 19 0 0 0 13 10 9 0 5 0 0 0 0 0 0 0 0 13 37 0 0 0 0 0 0 0 6 0 0 0 0 0 0 0 0 0 0 0 0 0 5 11 0 1 0 0 0 3 0 0 14 0 0 5 0 0 0 0 0 0 7 1 30 13 0 1 45 24 27 21 28 0 44 1 29 25 0 1 15 0 0 0 0 0 0 0 0 0 0 0 0 7 0 0 0 0 0 0 0 0 0 0 0 0 0 0 0 0 0 0 13 0 1 0 0 0 0 0 2 0 0 0 0 2 19 0 10 0 0 0 0 0 0 0 0 0 0 0 0 0 2 0 0 6 35 0 15 0 0 
 3 6 3 7 3 64 3 3 36 3 3 3 3 6 3 6 3 3 3 3 2 2 2 2 2 6 2 2 63 2 2 2 2 2 2 3 3 2 2 2 38 263 247 189 316 126 258 83 85 0 124 94 53 177 176 165 128 287 72 364 47 0 0 0 0 0 0 3 0 0 0 0 0 0 0 0 0 2 0 2 0 0 0 0 0 0 0 0 2 0 0 0 0 0 0 0 0 0 0 0 0 0 0 0 0 0 0 0 0 0 0 0 0 0 0 0 0 0 0 0 43 43 0 23 34 16 0 0 8 0 36 0 0 8 32 49 11 26 0 21 0 6 0 0 0 0 11 0 0 3 0 0 0 0 0 10 0 0 12 11 0 0 0 0 0 0 0 0 0 0 0 0 0 0 9 0 0 0 0 0 0 0 0 0 0 0 0 0 0 0 0 0 0 0 0 0 0 0 0 0 0 3 15 38 1 0 0 4 0 8 12 33 0 14 0 19 12 18 0 0 0 0 0 0 0 0 0 10 0 0 0 0 1 0 0 0 0 0 0 0 0 0 0 0 0 0 0 0 0 0 0 12 0 0 0 0 0 0 0 23 0 0 0 1 2 0 4 69 2 0 0 0 0 0 0 0 0 0 0 0 0 0 0 0 0 8 0 14 0 5 
 0 2 0 0 0 0 0 0 0 0 0 0 0 3 0 0 0 0 0 0 0 0 0 0 0 0 0 3 0 6 3 10 0 0 37 0 11 0 0 0 48 49 49 156 143 292 37 102 117 124 0 125 32 32 49 82 221 419 32 66 2 0 0 0 0 0 0 0 0 0 0 0 0 0 0 6 0 0 95 51 0 0 0 0 0 0 0 0 0 0 0 0 0 0 0 0 0 0 0 0 0 0 9 0 0 0 0 0 0 0 0 0 0 0 0 0 0 0 0 0 11 14 0 18 23 19 0 8 20 22 47 0 0 0 0 13 1 28 0 0 0 68 0 0 0 0 26 0 22 12 0 0 23 6 0 20 1 0 23 38 0 12 0 10 0 0 0 0 0 0 0 0 0 0 5 0 0 1 0 0 0 0 0 0 0 1 0 0 0 0 8 6 0 0 20 0 0 0 0 0 0 0 0 0 32 0 0 0 0 0 14 24 7 9 9 0 0 17 6 0 8 0 0 33 0 0 44 27 0 0 0 0 52 0 0 0 0 0 0 0 0 0 0 0 0 0 0 0 0 0 0 9 0 2 0 0 0 0 7 14 0 1 3 0 35 5 4 1 0 0 3 0 0 0 0 0 0 0 0 0 0 4 0 0 0 16 0 0 0 0 
 0 0 0 1 0 2 0 0 0 0 0 0 3 0 0 0 0 0 0 0 0 0 0 0 1 0 0 3 0 0 0 0 0 0 0 3 0 0 0 2 27 48 21 161 230 339 235 36 34 94 125 0 238 23 257 125 69 144 33 29 57 0 0 0 0 28 50 51 0 1 4 0 0 0 15 0 0 2 50 119 0 0 0 0 0 0 0 0 0 0 0 0 0 0 0 0 0 0 0 0 0 0 0 0 0 0 0 0 0 0 0 0 0 0 0 0 0 0 0 0 0 0 0 8 8 14 0 1 0 0 14 5 0 0 0 0 0 0 0 0 0 1 8 0 0 2 25 0 0 0 19 11 6 1 18 20 0 7 0 26 0 0 0 0 0 0 0 0 0 0 0 0 0 0 6 0 0 0 0 0 0 0 0 0 0 0 0 0 0 0 0 18 0 0 0 0 0 0 0 8 0 0 0 14 7 40 0 0 9 0 66 1 0 0 0 0 0 13 0 0 14 4 30 1 0 0 17 27 0 0 7 15 1 13 19 23 0 0 0 29 0 0 0 0 0 0 0 0 0 0 0 4 0 1 0 0 0 0 0 34 0 0 69 3 1 0 4 0 0 0 0 0 0 0 0 0 0 0 0 0 0 0 0 0 22 0 0 1 1 0 
 0 3 0 0 4 0 0 0 0 0 0 0 0 0 0 2 2 0 1 0 6 28 0 30 0 25 0 2 65 0 0 0 35 0 2 0 0 1 0 0 36 320 152 99 112 248 98 156 219 53 32 238 0 91 307 398 52 29 275 192 0 1 0 0 0 0 0 5 0 3 0 0 0 0 2 5 0 2 3 0 0 0 0 1 0 0 0 0 0 0 0 0 0 0 0 0 0 0 0 0 20 0 0 0 0 0 0 0 0 14 9 0 0 0 0 0 0 10 0 9 19 45 0 15 0 1 18 10 16 36 0 21 0 0 20 13 1 14 6 12 0 26 5 1 0 0 0 7 0 4 4 0 0 0 7 1 0 0 0 1 0 0 0 0 0 0 0 7 0 0 0 0 0 0 0 0 0 0 0 0 0 0 14 0 6 0 0 0 13 0 17 0 0 0 0 0 0 0 0 0 0 0 0 20 0 0 12 4 7 26 19 32 0 30 47 30 7 0 0 4 4 0 0 0 1 0 4 14 0 0 1 0 4 0 10 0 0 0 0 0 0 0 0 0 0 0 0 0 0 0 0 6 0 0 0 0 0 61 0 0 0 0 2 0 0 26 0 1 0 0 1 0 0 0 0 1 0 0 0 0 0 0 0 0 2 0 2 15 0 0 
 0 4 0 0 3 0 0 0 0 0 0 0 39 6 0 3 6 0 6 0 2 1 0 65 0 0 0 2 1 0 64 69 3 3 2 1 1 1 0 0 156 45 136 137 316 108 113 372 125 177 32 23 91 0 413 57 21 184 115 79 47 0 0 9 70 20 3 0 0 0 4 0 0 0 0 0 0 0 0 1 0 0 0 0 0 0 0 0 0 0 0 0 0 0 0 0 0 0 0 0 0 0 3 0 8 1 0 0 0 0 13 10 0 0 0 0 0 0 0 0 12 11 19 10 19 23 0 0 55 54 10 0 0 0 7 10 16 0 0 0 0 0 0 0 5 7 0 0 0 0 0 0 0 0 0 0 0 0 17 1 0 0 0 0 0 0 0 0 0 0 0 0 0 0 10 0 0 1 0 0 0 0 0 10 0 0 0 0 11 0 11 0 0 0 0 0 0 21 0 0 12 12 0 7 4 0 0 48 1 14 1 18 0 7 27 21 16 0 0 0 0 0 0 0 0 0 0 0 0 0 0 0 0 0 0 0 0 0 0 0 0 0 10 0 0 0 0 0 0 0 0 5 0 1 0 0 0 0 0 2 0 0 1 0 0 2 1 5 0 0 0 0 0 0 0 0 0 0 0 0 0 0 0 0 0 0 0 14 0 0 
 0 0 0 3 5 0 0 0 0 0 0 0 0 0 0 0 6 0 5 0 0 1 0 54 0 0 0 0 0 0 0 60 0 0 0 0 35 0 0 0 173 173 180 77 159 273 157 63 181 176 49 257 307 413 0 296 43 58 171 298 50 0 0 9 14 12 3 1 0 0 6 0 1 1 0 7 0 0 1 0 0 1 0 0 0 0 0 6 0 0 0 0 0 0 0 0 0 0 0 0 0 0 0 0 0 9 0 0 0 1 0 9 0 0 0 0 0 0 0 0 0 36 0 21 29 15 0 21 11 0 15 44 6 1 12 5 11 19 0 9 0 4 0 0 36 4 25 15 0 16 0 3 0 8 0 0 0 0 0 0 0 0 0 0 0 0 0 3 0 0 0 0 0 0 0 0 0 0 0 0 0 0 0 0 1 9 0 0 0 0 0 0 0 0 0 0 0 0 0 0 0 1 13 21 6 0 0 10 13 0 2 1 1 22 14 36 30 0 0 12 1 0 0 0 0 1 0 1 0 0 0 0 0 0 0 0 0 0 0 0 0 0 0 0 0 0 0 0 0 0 0 8 0 1 0 0 0 0 0 0 0 0 0 0 1 13 9 0 1 0 0 0 0 0 0 0 0 0 0 0 0 0 0 0 53 0 0 0 0 0 
 0 2 0 1 0 0 147 0 0 0 0 0 0 0 0 6 0 0 0 0 0 0 5 5 3 66 0 5 0 0 0 62 4 0 0 0 0 0 0 0 41 72 351 52 299 192 118 254 140 165 82 125 398 57 296 0 97 123 330 79 1 0 0 0 0 0 53 0 0 4 0 0 7 0 0 6 0 0 0 1 0 0 0 0 0 0 0 0 0 0 0 0 0 0 0 0 0 0 0 0 0 0 0 0 12 0 0 0 0 0 0 43 0 0 0 0 0 0 0 0 8 19 10 0 0 25 33 2 4 7 13 24 0 5 0 0 26 17 3 46 0 10 0 0 0 2 39 2 0 16 0 0 2 9 0 0 8 0 2 13 0 0 0 0 0 0 0 2 0 0 0 0 0 0 0 0 0 7 0 0 0 1 0 9 0 5 0 0 3 0 0 0 0 0 0 0 0 0 0 0 8 0 0 16 18 10 0 1 22 18 18 0 0 1 41 12 2 10 0 8 0 0 12 0 0 0 0 0 0 0 0 0 1 0 0 0 0 0 26 0 0 0 0 0 0 0 1 0 0 0 0 13 0 0 0 0 0 0 0 2 0 0 0 0 0 21 25 0 0 0 0 0 0 0 0 0 0 0 0 0 0 0 5 0 35 18 0 0 0 0 
 0 2 0 37 62 62 3 0 0 0 0 0 0 0 0 0 0 0 0 0 0 1 2 2 2 66 0 69 2 1 2 65 0 63 2 1 1 2 2 2 96 180 46 126 120 340 87 335 53 128 221 69 52 21 43 97 0 80 52 78 0 1 0 0 0 0 0 0 0 3 0 0 4 4 0 5 0 0 64 70 0 0 0 0 15 8 0 0 0 0 2 0 0 0 0 0 0 0 0 7 0 0 0 16 2 0 15 0 1 0 0 0 3 10 0 0 0 0 0 0 0 0 2 12 15 0 3 34 0 21 13 23 0 20 0 11 4 28 7 0 0 15 0 0 0 2 24 3 9 0 0 0 1 1 0 20 6 0 0 44 0 0 4 27 14 0 0 0 0 0 0 0 0 0 6 0 0 0 0 0 0 0 0 0 0 0 24 0 0 0 0 0 0 0 0 0 26 0 0 1 0 0 0 0 15 0 3 0 0 14 22 11 0 0 10 0 6 48 0 13 0 0 0 0 0 0 1 26 0 0 1 0 2 0 21 0 0 1 15 25 0 0 1 0 0 0 0 0 0 0 0 11 0 1 0 0 0 0 2 13 0 0 0 0 0 0 2 0 2 0 9 0 0 0 0 0 0 0 0 0 0 15 0 0 0 0 0 0 0 0 
 0 0 0 2 0 0 0 2 0 0 0 0 3 4 0 0 1 1 0 4 2 2 2 2 2 2 2 5 2 2 2 2 2 2 2 2 2 2 2 2 173 115 157 195 56 290 98 301 45 287 419 144 29 184 58 123 80 0 135 115 1 0 1 2 213 5 52 0 37 0 10 0 0 1 0 8 0 0 106 18 0 0 0 0 0 0 0 0 0 0 0 0 0 0 0 0 0 0 0 0 0 0 0 0 0 0 0 0 0 0 0 0 0 0 0 0 0 0 0 0 19 7 0 0 1 79 0 9 0 2 0 22 0 6 13 15 11 0 0 0 0 10 0 0 17 2 1 0 1 0 0 7 1 0 0 0 0 0 0 18 0 0 0 0 0 0 0 0 0 0 0 0 0 0 0 0 0 6 0 0 0 11 0 0 0 0 0 0 0 0 0 0 0 0 0 0 0 0 0 0 0 2 1 49 27 10 0 0 2 0 15 15 0 0 22 0 19 0 0 0 39 0 10 13 0 3 18 10 0 0 0 0 1 0 0 0 0 0 0 0 0 0 0 0 0 0 0 0 1 0 0 3 0 1 0 0 0 0 0 4 0 1 119 2 64 25 0 62 0 0 0 0 0 0 0 0 0 0 0 0 0 0 0 0 0 0 0 0 0 0 
 0 0 0 0 0 0 0 0 0 0 0 0 0 0 0 2 0 0 0 0 0 0 0 63 0 125 0 0 0 0 0 93 0 0 0 0 0 0 0 0 105 132 118 70 69 121 65 337 204 72 32 33 275 115 171 330 52 135 0 296 0 0 17 21 0 4 10 0 0 0 2 0 1 0 0 0 0 0 0 3 0 0 0 0 0 0 0 0 0 0 0 0 0 20 0 0 0 0 0 0 0 0 0 0 15 21 0 0 0 0 0 0 0 0 0 0 0 0 0 0 17 10 24 15 0 0 0 4 19 19 0 20 16 21 61 1 0 0 10 0 0 0 0 0 14 5 0 4 0 2 0 0 0 0 0 0 0 0 0 0 0 0 0 0 0 0 0 0 0 0 0 2 0 0 0 0 0 0 0 0 0 13 0 0 0 0 0 12 3 0 0 0 0 0 0 14 0 2 0 0 8 12 14 10 0 0 2 18 36 44 32 16 15 27 45 32 43 0 0 30 0 0 0 0 0 0 0 0 0 0 0 0 0 0 0 0 0 0 0 0 0 0 0 0 0 0 0 0 0 0 0 12 0 0 17 0 0 0 0 0 0 0 0 0 0 0 21 0 0 0 0 0 0 0 0 0 0 0 0 0 0 0 0 0 8 0 0 0 0 0 
 0 1 0 0 0 0 0 0 2 0 0 0 0 0 0 6 0 0 0 0 0 0 0 26 0 126 0 0 0 0 0 85 0 0 0 0 0 0 0 0 44 160 183 61 71 87 273 105 145 364 66 29 192 79 298 79 78 115 296 0 0 0 0 2 0 0 0 0 0 0 0 1 0 0 0 0 0 0 0 2 0 12 0 0 0 0 0 0 0 0 0 0 0 0 0 0 0 0 0 0 0 0 0 0 8 20 0 0 0 0 0 15 0 0 0 0 0 0 0 0 0 14 8 40 10 16 19 41 0 7 10 46 7 14 6 22 30 36 0 12 0 5 0 0 0 2 0 13 0 30 0 0 0 0 0 0 0 0 0 0 0 0 3 0 0 0 0 3 0 0 0 0 0 0 0 0 0 4 0 0 0 0 0 0 0 11 0 0 0 0 0 0 0 0 0 0 0 0 0 0 0 0 0 16 0 0 11 9 6 0 6 0 0 11 30 10 29 5 0 24 0 0 0 0 0 0 0 0 0 0 0 0 0 0 0 0 0 0 0 0 0 0 0 0 0 0 0 0 0 0 0 37 0 9 0 0 0 0 0 0 0 0 0 0 0 24 24 0 0 0 0 0 0 0 0 0 0 0 0 0 0 0 0 0 60 0 0 0 0 0 
 0 0 0 6 0 0 0 7 0 0 2 3 2 0 5 0 0 0 0 0 0 1 2 1 2 3 2 0 1 3 2 0 3 1 1 3 1 1 2 2 46 0 0 1 18 50 0 3 9 47 2 57 0 47 50 1 0 1 0 0 0 183 127 59 43 24 142 104 84 17 30 43 67 32 89 60 34 65 53 99 0 0 5 0 0 4 0 0 2 6 5 0 0 0 0 5 0 8 0 0 0 0 0 0 0 0 0 0 0 0 0 0 0 0 0 0 0 0 8 0 4 15 0 0 2 1 0 0 11 1 8 0 0 0 0 0 0 0 0 0 2 0 19 0 0 0 0 33 0 0 21 16 0 0 2 0 38 0 0 9 0 0 0 0 0 0 0 0 0 0 1 0 0 0 0 0 0 0 0 0 0 0 0 0 0 0 0 0 0 0 0 0 0 0 0 0 0 0 7 0 0 0 0 0 0 0 0 0 0 10 0 9 0 0 0 2 11 0 0 0 12 0 24 18 8 0 0 7 8 0 4 9 0 0 0 0 19 0 7 0 0 0 0 3 0 0 0 0 0 0 0 0 6 0 5 0 32 0 0 0 0 0 0 1 0 0 0 0 0 0 2 0 1 0 0 55 0 0 0 0 0 0 0 0 0 2 0 9 0 0 
