 0 132 72 53 24 109 184 197 119 27 41 19 47 57 159 41 126 24 249 142 5 27 0 4 2 2 4 3 3 3 0 2 4 6 46 3 0 0 1 1 0 2 0 6 0 0 0 0 5 3 1 0 0 1 0 3 0 3 0 0 2 0 2 2 3 3 2 0 5 0 4 0 46 0 2 0 0 2 3 0 13 22 0 0 25 0 0 18 0 10 1 0 25 13 1 0 20 10 16 1 0 0 0 0 0 0 0 0 0 0 0 0 0 0 0 0 0 0 4 0 0 0 0 0 0 0 0 5 0 0 0 11 0 0 0 0 0 0 0 0 0 2 0 0 0 0 0 0 0 0 0 2 0 0 0 0 0 0 0 0 1 0 8 0 18 15 0 14 0 0 10 8 16 33 11 14 19 3 0 12 0 0 0 0 0 0 0 0 0 0 0 0 0 0 0 1 0 0 11 0 0 0 0 0 0 0 0 0 0 0 0 0 0 0 0 0 0 0 0 8 0 0 0 0 0 0 0 0 0 0 0 0 0 0 0 0 0 0 0 0 0 0 0 0 0 1 0 0 2 0 0 7 0 0 0 0 0 0 0 0 0 0 0 0 0 0 0 0 0 0 0 0 0 0 0 11 0 0 0 0 0 0 0 0 0 0 0 0 0 0 
 132 0 396 219 65 35 174 144 217 354 158 32 54 331 370 213 127 40 143 87 2 0 1 2 3 0 2 0 3 3 1 2 0 3 3 3 0 104 0 100 0 4 25 3 0 0 42 8 0 3 0 0 0 0 0 0 0 3 0 0 0 0 0 0 2 3 0 0 0 0 5 0 0 2 0 0 2 2 5 0 0 0 19 29 17 49 0 14 12 46 3 17 9 0 5 0 23 39 0 2 20 0 0 0 0 0 2 0 0 0 0 0 27 4 12 0 0 0 0 25 0 0 0 0 0 0 0 0 0 0 0 10 0 0 0 0 0 0 0 0 0 14 0 0 0 0 0 0 0 0 0 0 0 0 0 0 19 0 5 0 10 32 18 2 20 28 0 27 0 12 17 18 1 0 19 22 73 17 0 0 5 9 0 0 0 0 2 1 0 0 0 0 36 42 0 6 0 0 24 28 0 0 0 0 0 0 0 0 0 0 0 0 2 0 0 0 0 0 0 0 0 0 0 0 0 0 0 0 0 0 0 1 0 0 0 0 0 0 0 0 0 3 0 0 0 22 1 0 91 0 21 9 16 0 0 0 0 0 0 0 0 0 0 0 0 0 14 0 0 2 0 0 0 0 1 0 10 10 0 0 0 0 0 0 0 0 0 0 0 0 
 72 396 0 245 261 29 60 330 443 284 268 117 74 162 163 299 226 438 96 45 75 0 0 3 14 0 2 0 0 3 4 2 34 4 3 1 0 0 74 150 0 0 46 3 0 1 0 6 0 0 0 0 2 0 0 0 0 3 0 0 0 0 0 0 3 3 0 0 0 0 3 0 0 0 0 0 0 2 3 0 19 14 26 13 12 56 0 0 26 20 16 33 0 1 7 6 29 25 0 10 24 0 0 0 0 0 1 10 0 0 15 0 42 27 16 0 0 0 0 14 0 0 0 0 1 0 0 0 0 0 0 11 0 0 0 0 0 0 0 0 0 0 0 0 0 1 0 0 0 0 0 0 15 0 0 1 0 0 5 0 11 18 1 14 16 25 26 18 34 0 30 12 0 0 11 0 31 15 17 0 18 9 0 0 0 0 30 15 0 0 0 0 33 1 0 0 0 0 21 46 0 0 0 0 0 0 0 0 0 0 0 0 0 0 0 0 0 0 0 0 0 0 0 0 0 0 0 0 0 0 0 0 0 0 0 0 0 0 0 0 0 23 0 0 0 1 90 1 91 2 22 20 0 0 0 0 0 0 0 1 0 0 0 0 0 0 0 0 0 0 0 0 0 0 0 0 1 9 0 0 0 0 0 0 0 0 0 0 0 0 
 53 219 245 0 123 53 149 154 52 298 120 138 75 182 143 264 140 319 72 84 4 0 0 2 0 79 2 0 0 5 0 2 3 4 3 4 0 1 4 61 0 0 9 3 3 0 0 29 0 0 0 32 0 0 2 0 1 3 0 0 46 0 0 0 1 3 0 0 0 0 3 5 0 0 0 0 0 2 3 0 2 0 15 39 47 28 0 5 7 9 15 3 0 0 0 14 0 12 0 0 43 11 0 0 0 0 0 0 0 24 0 0 13 74 14 10 19 0 27 10 0 0 2 0 0 0 0 0 0 11 0 0 0 0 0 0 0 0 0 0 0 0 0 0 0 0 0 0 0 0 0 0 0 0 0 0 0 0 0 0 0 31 19 0 17 14 18 29 1 24 18 21 0 0 1 0 11 30 0 0 17 0 0 0 0 9 20 0 0 0 0 0 39 1 20 9 0 1 46 27 0 0 0 0 0 0 0 0 0 1 1 0 0 0 0 0 0 0 0 0 0 0 0 0 0 0 0 0 0 0 0 0 0 0 0 0 0 0 0 0 0 0 0 0 0 0 2 0 0 49 1 11 0 0 0 0 0 0 0 0 0 0 0 0 0 0 0 0 0 0 0 0 0 0 0 9 12 0 0 0 0 0 0 0 0 0 0 0 0 5 
 24 65 261 123 0 212 59 56 353 498 178 47 470 283 72 114 144 223 73 118 84 2 0 4 0 63 76 75 0 5 210 2 42 5 4 73 0 0 158 128 0 6 0 3 0 0 0 2 0 0 0 0 4 0 0 0 0 3 0 32 0 0 0 0 0 3 0 0 0 0 3 0 0 0 0 0 0 2 3 0 0 0 35 0 11 41 0 0 70 11 36 40 0 0 0 42 0 0 0 0 0 15 26 0 0 0 21 26 0 2 0 0 0 15 1 0 21 0 4 2 0 0 20 0 0 0 0 0 0 0 0 0 0 0 0 0 0 0 0 0 0 0 0 0 0 0 0 0 0 0 0 0 0 0 0 0 0 0 0 0 0 33 0 10 11 11 0 0 31 17 45 12 0 0 0 0 0 6 0 0 13 20 9 0 0 0 18 36 16 0 9 0 1 18 20 0 13 0 1 0 0 0 0 13 0 0 13 0 0 0 0 0 0 0 0 0 0 0 0 0 0 0 0 0 0 0 0 0 0 0 0 0 0 0 0 0 0 0 0 0 0 17 0 0 0 5 93 1 3 5 1 5 0 0 0 0 0 0 0 0 0 0 13 0 0 0 0 0 0 0 0 0 0 0 0 36 0 0 0 15 0 1 0 0 0 0 0 0 0 0 
 109 35 29 53 212 0 36 58 248 377 276 48 73 43 53 69 287 159 81 61 0 75 3 2 0 0 171 100 0 3 0 2 104 78 31 91 77 0 75 75 0 6 63 3 0 2 0 0 0 0 0 0 0 0 64 0 0 3 0 0 0 0 34 0 3 2 0 0 0 0 2 0 0 0 0 0 0 2 1 0 0 10 1 0 0 0 0 0 0 0 0 22 1 0 0 9 14 0 0 0 0 17 20 0 18 0 41 42 0 27 14 6 23 10 13 0 27 1 18 10 0 0 0 0 0 0 11 0 0 0 0 0 0 0 0 0 0 0 0 0 0 0 0 2 0 0 0 0 0 0 2 0 0 0 0 0 0 0 0 0 0 0 0 0 19 1 0 0 15 0 2 14 0 3 0 1 13 11 25 10 26 12 20 23 25 0 0 23 0 0 23 30 13 12 0 0 19 21 21 24 0 0 0 0 0 0 0 0 0 0 0 0 0 0 0 0 0 0 0 0 0 0 0 0 0 0 0 0 0 0 0 0 0 0 0 2 0 0 0 0 0 0 12 0 0 5 61 1 0 0 1 11 5 0 0 0 0 0 0 0 0 0 0 0 0 0 0 0 0 0 0 0 0 0 0 2 0 0 0 1 0 9 0 0 0 0 0 0 0 0 
 184 174 60 149 59 36 0 119 186 161 349 374 505 186 97 39 39 243 191 130 2 0 0 2 0 0 2 2 0 3 1 2 2 3 3 0 1 0 2 0 0 0 5 3 0 0 0 0 0 0 0 0 0 1 0 0 0 3 0 0 0 0 0 0 2 5 0 0 0 0 3 0 0 0 0 0 0 2 3 0 0 30 14 25 14 2 11 46 16 0 0 0 14 12 0 19 10 2 15 0 0 0 0 2 0 0 0 0 0 0 0 0 0 0 0 0 0 0 0 0 0 0 0 0 0 0 2 0 0 0 0 0 0 0 0 0 0 0 0 0 0 0 0 0 0 0 0 0 0 0 0 0 7 0 0 0 0 0 0 0 0 41 0 0 2 0 17 0 0 41 26 7 20 0 0 11 15 54 0 12 0 0 0 0 0 0 0 0 0 0 0 11 0 0 0 0 26 0 1 0 0 0 0 9 0 0 0 0 0 0 0 0 0 0 1 0 0 0 0 0 0 0 0 0 0 0 0 0 0 0 0 0 0 0 0 0 0 0 0 0 0 0 0 0 0 0 2 0 3 12 0 17 0 0 0 0 0 0 0 0 0 0 0 0 0 0 0 0 0 0 0 0 0 0 0 0 0 1 0 0 0 0 0 0 0 0 0 0 0 0 
 197 144 330 154 56 58 119 0 68 36 157 18 101 190 258 54 367 419 283 64 0 1 38 2 0 0 3 1 0 4 0 2 2 3 77 0 2 0 0 75 0 0 12 3 0 0 0 3 0 0 0 0 1 0 0 0 0 3 0 0 0 0 0 0 1 3 0 0 1 0 3 0 0 0 0 0 0 2 3 0 15 13 1 0 0 0 0 1 0 0 0 21 0 16 10 30 33 33 8 17 0 0 0 0 0 0 0 1 0 13 0 0 24 11 28 0 0 0 2 21 0 0 0 1 2 0 0 16 0 0 0 0 0 0 0 0 0 0 0 0 0 0 0 0 0 0 0 0 0 0 0 0 0 0 0 0 0 0 0 0 12 62 16 0 34 20 2 6 32 0 3 17 0 3 30 10 23 31 0 9 0 0 0 0 0 0 0 0 1 0 0 0 18 0 0 0 7 0 16 12 0 0 0 0 0 0 0 0 0 0 0 0 0 0 0 2 1 0 0 0 0 0 0 0 0 2 0 0 2 0 2 0 0 0 3 0 0 0 2 0 0 0 0 0 0 0 0 0 2 2 0 4 0 0 0 0 0 0 0 0 0 0 0 0 0 0 0 0 0 0 0 0 0 0 0 12 10 0 0 0 0 0 0 0 0 0 0 0 0 1 
 119 217 443 52 353 248 186 68 0 165 271 224 148 448 260 199 116 114 174 195 2 2 0 2 0 0 75 0 0 3 0 2 42 3 3 0 44 1 0 3 0 0 0 3 0 0 0 0 0 0 0 0 0 0 0 0 0 3 2 0 0 0 0 0 1 3 19 0 0 0 3 0 0 0 0 0 0 2 3 0 0 1 53 33 9 17 15 12 67 12 44 15 10 13 10 22 30 0 0 11 11 0 0 0 0 0 0 12 20 0 0 0 0 2 0 8 0 0 0 0 0 0 0 0 0 0 0 0 0 0 0 0 0 0 0 0 0 0 0 0 0 6 0 0 0 2 0 0 0 0 0 0 0 0 0 0 0 0 0 0 14 13 9 24 0 38 10 0 13 0 20 44 0 5 0 17 21 0 0 0 0 0 0 0 0 0 0 0 0 0 0 0 2 0 0 0 0 0 7 2 2 0 0 2 0 0 0 0 0 0 11 0 0 0 0 0 0 0 0 0 0 0 0 0 0 0 0 0 0 0 0 0 0 0 0 0 0 0 0 0 0 0 0 0 0 0 0 2 2 87 0 10 0 0 0 0 0 0 0 0 0 0 6 0 0 0 0 0 0 0 0 0 0 0 0 0 0 1 0 0 0 0 0 0 0 0 0 0 0 0 
 27 354 284 298 498 377 161 36 165 0 190 103 45 316 103 92 220 140 93 188 1 0 2 2 0 1 2 0 0 3 1 3 68 3 4 74 0 0 0 62 0 0 0 3 0 0 0 0 0 0 0 2 0 0 62 0 0 3 0 0 35 0 0 0 3 3 0 0 0 0 3 0 0 0 0 0 0 2 3 0 30 0 44 10 45 28 13 45 36 0 32 11 0 39 10 18 0 0 0 0 19 1 0 1 0 0 0 12 0 0 14 0 5 16 0 4 21 0 31 24 2 0 0 0 0 0 0 0 0 0 0 0 0 0 0 0 0 0 0 0 0 0 0 0 0 0 0 0 0 0 15 0 0 0 0 0 0 0 0 1 0 0 18 13 10 19 37 1 0 23 32 0 0 0 0 0 0 5 0 0 1 2 0 0 0 0 0 12 0 0 0 0 10 0 18 0 25 0 0 38 0 0 0 0 0 0 0 0 0 0 0 2 0 0 1 0 0 0 0 0 0 0 0 0 0 0 0 2 0 0 0 0 0 0 0 0 0 0 0 0 0 0 0 0 2 0 92 2 2 89 0 188 0 0 0 0 0 0 0 0 0 0 0 0 0 0 0 0 0 0 0 0 0 0 0 0 2 0 0 0 0 0 0 0 0 0 0 0 0 0 
 41 158 268 120 178 276 349 157 271 190 0 92 274 151 246 199 214 284 127 140 2 0 0 2 0 79 0 0 0 1 0 0 3 3 3 0 0 0 13 45 3 0 4 2 0 0 1 5 0 0 0 0 0 0 0 2 0 27 0 0 0 0 0 2 0 0 0 2 0 0 0 5 0 0 36 0 0 0 0 0 2 1 8 12 24 35 13 0 12 14 11 11 0 7 8 9 14 28 1 11 12 9 0 0 0 0 0 0 0 14 0 0 26 24 12 6 37 0 11 11 0 1 0 0 0 0 0 0 0 0 0 10 0 0 0 0 0 0 0 0 0 3 0 0 0 0 0 0 8 0 0 0 0 0 0 0 0 0 1 0 12 11 15 1 21 25 1 25 0 1 20 15 0 0 36 13 25 8 1 0 0 10 0 14 0 0 10 0 0 0 0 0 26 0 17 7 0 0 26 79 0 0 0 14 0 0 0 0 0 0 0 0 0 0 0 0 0 0 0 0 0 0 0 0 0 0 0 0 13 0 0 0 0 0 11 0 0 0 0 0 0 0 0 0 0 2 5 0 90 122 15 3 0 0 0 0 0 0 0 0 0 0 0 0 0 0 0 0 0 2 0 0 0 0 0 0 0 9 0 0 0 0 0 0 0 0 0 0 0 0 
 19 32 117 138 47 48 374 18 224 103 92 0 26 288 79 62 278 309 328 118 7 0 4 2 79 0 4 1 0 5 0 2 36 4 3 0 0 2 0 18 0 2 3 6 0 2 0 0 2 33 0 0 0 0 2 3 0 6 0 0 5 0 5 0 8 2 0 0 0 0 5 0 0 0 0 0 0 2 5 0 29 0 43 11 24 14 12 26 41 1 23 21 0 43 15 48 0 18 0 2 0 6 0 0 0 0 0 10 0 0 0 0 2 14 0 0 0 0 8 0 0 0 0 0 25 0 0 0 0 0 0 0 0 0 0 0 0 0 0 0 0 9 0 0 0 0 0 0 0 0 0 0 0 0 0 0 0 0 3 0 4 0 19 43 0 52 33 14 45 19 48 9 0 0 18 14 3 6 0 0 14 0 0 0 0 0 10 0 0 0 0 0 1 29 0 0 0 0 0 0 0 0 0 0 0 0 0 0 1 0 0 0 0 0 0 0 0 0 0 0 0 0 0 0 0 0 0 0 0 0 0 0 0 0 0 0 0 0 0 0 0 0 0 0 0 0 1 2 0 0 0 3 2 0 0 0 0 0 0 0 0 0 0 0 0 0 0 0 0 0 0 0 0 0 0 0 1 13 0 0 0 0 0 0 0 0 0 0 0 0 
 47 54 74 75 470 73 505 101 148 45 274 26 0 156 222 34 251 91 214 197 2 0 0 2 0 0 2 0 0 3 0 5 3 3 3 0 73 1 0 0 0 0 0 3 0 0 0 0 0 0 0 0 0 0 0 0 4 5 0 0 0 0 2 0 2 3 0 0 0 0 3 0 0 0 0 0 0 33 3 0 2 0 1 11 0 0 13 15 10 23 0 0 25 0 0 8 0 13 0 1 0 0 0 0 0 0 0 0 0 2 0 0 0 0 0 0 0 0 0 0 0 0 11 0 0 0 0 4 0 0 0 0 0 0 0 0 0 0 0 0 0 0 0 0 0 0 0 0 0 0 0 0 0 0 0 0 0 0 0 0 2 14 0 0 0 0 0 0 0 24 0 5 0 31 0 9 3 0 1 9 0 0 0 0 0 0 0 0 0 0 0 0 0 0 0 0 0 1 0 0 0 0 0 14 0 0 0 0 0 0 1 0 55 0 0 0 0 0 0 0 0 0 0 0 0 0 0 0 0 0 0 0 0 0 0 0 0 15 0 0 0 0 0 0 0 2 2 0 0 129 1 7 17 0 0 0 0 0 0 0 0 0 0 0 0 0 0 0 0 16 0 0 0 0 0 0 0 0 0 0 0 0 0 0 0 0 0 0 0 0 
 57 331 162 182 283 43 186 190 448 316 151 288 156 0 224 125 137 44 186 221 2 0 0 3 0 72 2 0 0 3 1 4 1 3 3 0 4 6 0 0 3 0 0 2 63 0 0 0 0 0 1 2 0 0 0 3 3 0 0 0 0 0 2 2 0 30 0 2 3 0 0 3 0 3 0 0 3 0 0 1 9 0 31 15 13 44 0 16 32 46 0 0 0 1 20 20 24 52 10 11 0 0 0 0 0 0 0 0 0 0 0 1 9 0 0 0 0 0 6 2 0 0 10 0 0 0 0 0 0 0 0 0 1 0 0 0 0 20 0 17 0 26 0 0 0 0 0 0 0 0 0 1 0 0 0 0 0 0 4 0 25 4 14 0 1 18 17 43 1 6 31 10 0 0 33 13 8 0 0 0 1 1 0 2 0 0 6 0 0 0 0 2 0 0 0 0 0 0 0 2 0 0 0 11 0 0 0 0 0 0 0 0 0 0 0 0 0 0 0 0 0 0 0 20 0 0 0 0 0 0 0 0 0 0 0 2 0 0 0 0 0 0 0 0 0 4 2 0 1 3 0 20 0 0 1 0 0 0 1 0 0 0 0 0 0 0 0 0 0 0 0 0 0 1 0 0 0 7 0 0 0 0 0 0 0 0 0 0 0 0 
 159 370 163 143 72 53 97 258 260 103 246 79 222 224 0 121 610 337 243 78 2 0 0 2 0 0 2 74 32 28 0 5 1 5 3 2 0 0 0 76 0 0 6 4 0 0 0 0 0 0 0 0 0 0 0 0 0 4 0 0 0 0 0 0 1 3 0 0 0 30 3 0 0 0 0 0 0 2 3 0 0 30 21 14 15 40 1 12 1 1 34 0 7 1 25 31 21 67 10 13 0 0 0 0 0 0 0 0 0 0 0 19 17 15 14 0 0 0 0 15 0 0 0 0 0 0 0 16 19 0 0 0 0 0 2 0 0 0 0 0 0 28 0 0 0 0 0 0 0 0 0 0 0 0 0 0 0 0 5 0 36 70 14 0 15 36 0 43 1 16 18 23 0 16 43 36 36 26 0 19 0 0 0 0 0 0 0 0 0 0 0 0 10 0 0 0 0 0 10 10 0 0 0 43 0 0 0 0 0 0 0 0 0 0 0 0 0 0 0 0 0 0 0 0 9 0 0 0 0 0 0 0 0 0 0 0 0 0 0 0 0 2 0 0 0 0 1 0 5 3 1 10 1 0 0 0 0 0 0 0 0 0 0 0 0 0 0 0 0 0 4 0 0 0 0 0 0 7 0 0 0 0 0 0 0 0 0 0 0 0 
 41 213 299 264 114 69 39 54 199 92 199 62 34 125 121 0 317 291 206 72 5 0 0 2 0 0 3 0 0 84 0 2 42 3 152 3 2 0 1 29 0 0 0 3 0 0 0 7 2 0 0 0 0 0 0 0 0 3 3 0 0 0 0 0 1 3 7 0 0 0 3 0 0 0 0 0 0 2 3 0 0 8 28 0 0 33 13 1 22 10 41 21 9 0 5 21 17 23 0 4 52 0 0 0 0 0 0 11 0 0 5 0 21 14 12 0 0 0 6 12 0 0 0 1 2 0 0 0 0 0 0 17 0 0 0 0 0 0 0 0 0 12 3 0 0 0 0 0 0 0 0 0 0 0 0 0 0 0 4 0 21 0 0 43 1 43 2 15 14 0 18 32 0 15 18 21 17 0 11 12 16 3 0 0 0 0 26 0 15 0 0 0 9 2 0 0 0 0 22 12 0 0 0 0 0 0 0 0 0 0 0 0 0 0 0 2 1 0 0 0 0 0 0 0 0 0 0 0 1 0 0 0 0 0 2 0 0 0 2 0 0 0 0 0 0 0 1 0 42 0 37 9 0 0 0 0 0 0 0 0 0 0 8 0 0 0 0 0 0 0 0 0 0 0 0 0 12 10 0 0 0 0 0 0 0 0 0 0 0 0 
 126 127 226 140 144 287 39 367 116 220 214 278 251 137 610 317 0 123 37 31 7 3 0 2 4 4 2 4 0 6 10 7 76 3 77 3 3 2 4 151 2 4 0 3 3 7 2 0 0 5 0 2 0 1 0 3 5 3 0 0 0 2 2 0 5 7 3 0 4 2 3 2 2 0 5 1 3 9 3 2 9 0 30 0 20 11 0 0 11 0 8 0 0 3 30 9 0 14 18 32 10 0 0 67 0 0 0 11 0 0 0 0 19 0 0 8 0 0 6 11 0 0 0 2 0 0 0 11 0 0 0 0 25 0 0 0 0 0 0 0 0 4 0 0 0 0 0 0 0 0 0 0 0 0 0 0 0 0 0 0 21 0 26 11 1 30 0 7 29 6 18 17 0 0 13 23 23 0 0 16 29 0 0 0 0 0 1 0 0 0 0 0 28 0 47 0 0 2 10 0 0 0 0 0 0 0 0 0 0 0 0 0 0 0 0 0 0 0 0 0 0 0 0 0 0 0 0 0 0 0 0 1 0 0 0 0 0 0 0 0 0 1 0 0 0 0 1 2 0 0 0 9 0 0 0 0 0 0 0 0 0 0 14 0 0 0 0 0 0 0 0 0 0 0 2 0 22 0 0 0 0 0 0 0 0 0 0 0 0 0 
 24 40 438 319 223 159 243 419 114 140 284 309 91 44 337 291 123 0 29 25 76 0 0 2 0 0 0 0 0 1 0 0 227 3 76 0 1 2 0 271 3 0 5 2 0 0 2 0 0 0 0 0 0 67 65 2 1 0 0 0 3 0 0 2 0 0 0 2 0 0 0 0 0 0 0 0 0 0 0 0 12 0 0 0 0 0 0 0 1 0 90 58 0 0 29 98 0 16 0 0 0 0 0 0 0 0 7 0 0 24 0 0 45 21 11 0 0 0 26 19 0 0 1 0 9 0 0 0 0 0 0 7 0 0 0 0 0 0 0 0 0 0 0 0 0 0 0 0 0 0 0 0 0 0 0 0 0 0 0 0 0 16 31 15 18 14 13 7 48 63 10 31 0 9 15 0 38 7 0 0 14 9 0 0 0 0 18 0 42 0 0 0 18 23 0 0 26 2 23 14 0 0 0 0 0 0 0 0 0 1 2 0 0 0 0 0 0 0 0 0 0 0 11 0 0 0 0 0 0 0 0 0 0 0 0 0 0 0 0 0 0 0 0 0 0 1 2 0 84 3 18 13 0 19 2 30 0 0 0 0 0 0 0 0 0 0 0 0 0 0 0 0 0 0 0 26 10 0 0 0 0 0 0 0 0 0 0 0 0 0 
 249 143 96 72 73 81 191 283 174 93 127 328 214 186 243 206 37 29 0 122 1 0 0 2 0 0 2 0 0 3 0 2 2 3 3 0 2 0 0 74 0 0 0 3 0 1 0 0 0 0 0 0 0 0 0 0 0 3 4 0 0 0 0 0 3 3 0 0 0 0 2 0 0 0 0 0 0 2 2 0 26 51 34 13 0 11 6 28 19 40 9 0 36 23 19 0 40 45 14 44 0 0 0 0 0 0 0 0 0 0 0 0 0 0 0 0 0 0 0 0 0 0 0 0 0 0 0 0 0 0 0 0 0 0 0 0 0 0 0 0 0 2 0 0 0 13 0 0 0 0 0 0 2 0 0 0 0 0 4 0 14 13 0 0 0 1 31 12 23 18 20 0 20 0 27 32 1 0 35 0 0 0 0 0 0 0 0 0 0 0 0 0 0 0 0 0 0 0 0 0 0 0 0 0 0 0 0 0 1 0 0 0 0 0 0 0 0 0 0 21 0 0 0 0 0 0 0 12 0 0 0 0 0 0 0 0 0 0 0 0 0 0 0 0 0 3 0 0 2 1 0 16 15 0 1 0 0 0 0 0 0 0 8 0 0 0 0 0 0 0 0 0 0 0 0 0 0 5 0 0 0 0 0 0 0 0 0 0 0 0 
 142 87 45 84 118 61 130 64 195 188 140 118 197 221 78 72 31 25 122 0 2 1 0 2 0 1 2 0 0 3 0 2 2 3 3 0 0 1 0 0 0 0 0 3 0 0 0 3 0 0 0 0 0 3 0 0 4 3 3 0 0 0 5 0 0 3 0 0 0 0 3 0 0 0 0 0 0 2 3 0 1 20 17 21 19 0 39 11 11 0 0 0 0 11 0 15 1 13 53 0 0 0 0 0 0 0 0 0 0 0 0 0 0 1 0 0 0 0 0 0 0 0 0 0 0 0 0 0 0 0 12 0 0 0 0 0 0 0 0 0 0 0 0 0 0 0 0 0 0 0 0 0 3 0 0 0 0 0 0 0 19 9 0 2 0 0 29 10 1 14 18 6 20 1 1 1 0 10 9 14 0 0 0 0 0 0 0 0 0 0 0 0 0 0 0 0 0 0 1 0 0 0 0 10 0 0 0 0 0 0 0 0 0 0 0 0 14 1 0 0 0 0 0 0 0 0 0 0 7 0 0 0 0 0 0 0 0 0 0 0 0 0 0 0 0 0 0 0 1 17 0 8 0 0 0 0 0 0 0 0 0 0 0 0 0 0 0 0 0 0 0 0 0 1 0 0 1 0 0 0 0 0 0 0 0 0 0 0 0 0 
 5 2 75 4 84 0 2 0 2 1 2 7 2 2 2 5 7 76 1 2 0 118 167 76 48 48 77 331 41 194 147 254 194 142 162 67 37 34 228 118 3 5 4 1 0 2 2 5 5 2 0 2 5 2 0 0 3 1 0 2 2 2 0 2 0 2 1 3 5 3 0 5 2 0 0 2 0 2 0 26 0 0 2 1 19 14 0 0 0 1 0 14 0 0 2 15 1 0 0 0 10 0 39 0 0 0 34 0 0 0 11 1 0 0 72 0 23 0 11 10 0 0 2 0 0 0 0 0 0 2 0 1 0 0 16 0 0 0 0 0 0 0 1 0 0 0 0 0 0 0 0 0 0 0 0 5 0 0 0 0 0 0 0 27 9 0 0 0 34 0 20 3 0 0 6 0 0 0 2 5 16 16 11 0 0 10 28 41 15 0 3 16 16 33 26 2 12 25 0 0 0 0 0 2 0 0 0 0 0 0 0 0 0 0 0 0 0 0 0 0 0 0 0 0 0 0 0 0 0 0 9 0 0 0 0 0 0 0 0 0 0 12 0 0 0 0 62 0 0 0 0 0 0 0 19 1 1 1 9 0 2 2 2 0 0 0 21 0 0 0 0 0 0 0 0 0 0 0 0 9 0 0 0 0 0 0 0 0 0 0 
 27 0 0 0 2 75 0 1 2 0 0 0 0 0 0 0 3 0 0 1 118 0 96 77 27 38 464 296 49 37 151 320 50 271 177 259 188 26 202 248 0 0 3 0 7 2 0 0 0 0 0 1 0 75 3 0 3 0 0 2 2 0 0 0 0 0 0 3 3 0 0 3 0 0 8 0 0 0 0 3 0 0 0 0 0 0 0 0 0 0 0 0 0 0 0 0 0 0 0 0 11 7 9 8 7 21 44 0 38 0 50 21 0 17 12 25 11 7 0 0 26 0 0 0 0 16 0 0 1 0 0 0 1 0 0 0 0 0 18 0 0 0 0 0 0 0 0 0 0 0 0 0 0 0 34 0 0 20 0 0 0 0 0 0 1 0 1 0 0 0 0 0 0 2 4 0 0 0 7 6 14 23 17 13 0 19 0 37 9 18 9 17 4 10 39 1 13 15 0 0 0 0 0 0 0 0 10 0 0 0 0 0 0 0 0 0 0 0 16 0 0 0 0 0 2 0 0 0 0 0 0 0 0 0 0 0 1 0 0 0 0 0 0 0 0 0 0 0 0 0 0 0 0 0 8 2 2 0 14 0 0 0 0 0 0 0 0 0 0 0 0 0 0 0 0 0 0 0 0 1 0 0 0 0 0 0 3 0 0 0 
 0 1 0 0 0 3 0 38 0 2 0 4 0 0 0 0 0 0 0 0 167 96 0 183 436 118 57 98 172 291 48 250 322 398 185 136 100 172 33 26 0 0 3 0 0 2 0 0 0 1 0 2 68 63 0 0 2 0 33 64 0 0 0 0 0 0 0 3 3 0 0 3 0 0 0 0 0 0 0 21 18 0 0 0 0 0 0 0 0 0 0 0 0 0 0 0 0 0 0 0 6 8 33 8 20 34 14 11 9 14 55 0 0 0 38 25 0 0 0 0 1 0 0 0 0 0 20 10 0 0 0 0 27 0 0 0 0 0 14 0 3 0 0 0 0 0 0 0 13 0 0 0 0 0 0 4 0 7 0 0 0 0 0 0 0 0 0 0 0 0 1 0 0 0 0 0 0 0 0 1 2 21 1 13 14 25 0 8 38 9 25 25 0 21 35 24 24 19 0 0 0 0 0 0 0 0 0 0 0 0 0 0 0 0 0 13 0 0 0 0 2 0 1 0 0 0 0 0 0 0 0 0 0 0 0 0 0 0 0 0 0 0 12 0 0 0 0 0 0 0 0 0 0 0 12 0 1 2 0 0 10 16 0 0 0 0 13 0 0 0 0 0 0 0 0 0 0 0 0 0 0 31 0 0 0 0 0 0 0 0 
 4 2 3 2 4 2 2 2 2 2 2 2 2 3 2 2 2 2 2 2 76 77 183 0 206 120 90 69 159 405 169 100 84 94 138 266 109 114 79 59 3 4 3 0 3 6 0 0 0 0 0 1 63 130 1 0 3 5 61 32 0 0 0 0 0 0 4 3 3 0 42 3 4 0 2 0 3 0 0 10 0 0 0 0 0 0 0 0 0 0 0 0 0 0 0 0 0 0 0 0 12 0 20 16 29 33 29 0 19 0 13 1 0 0 14 0 0 0 0 0 1 0 16 6 0 0 11 17 1 0 0 0 15 0 9 1 10 0 0 0 0 0 0 0 0 2 0 0 0 0 0 0 0 0 0 0 0 3 0 0 0 0 7 0 0 0 0 0 1 0 0 0 0 5 0 0 0 0 0 0 2 44 0 0 0 20 0 9 5 12 29 16 0 44 0 14 11 41 0 0 39 26 15 0 0 0 19 27 4 0 0 0 6 63 20 22 0 0 9 0 0 0 0 0 0 0 0 0 0 0 0 0 0 0 0 0 0 0 0 0 0 0 0 0 0 0 0 0 0 0 0 0 0 0 13 2 4 1 81 8 1 12 0 0 0 0 22 0 0 0 0 0 0 0 0 0 0 0 0 0 0 16 0 0 0 0 0 0 0 0 
 2 3 14 0 0 0 0 0 0 0 0 79 0 0 0 0 4 0 0 0 48 27 436 206 0 375 27 67 128 189 374 141 87 144 68 179 200 64 36 52 67 0 59 2 3 2 0 0 3 10 0 2 178 30 6 0 4 9 62 64 0 0 3 0 0 0 0 3 6 2 0 4 6 0 2 0 0 6 0 3 0 0 0 0 0 0 0 0 0 0 0 0 24 0 0 0 0 40 0 0 0 0 0 24 0 20 0 14 8 10 34 2 0 0 0 27 25 8 0 0 13 0 1 0 0 0 30 61 9 0 0 0 40 16 0 0 1 1 29 10 0 0 0 0 0 0 0 0 0 0 0 0 0 0 0 0 0 3 0 0 0 0 0 0 0 0 0 0 0 0 0 0 0 0 6 0 0 0 0 0 0 13 0 1 0 17 0 18 10 0 0 0 0 0 16 0 26 10 0 0 0 0 0 0 0 0 3 7 0 0 0 0 0 2 19 14 12 3 11 0 0 0 0 0 0 0 0 0 0 0 0 0 0 0 0 0 0 0 0 0 0 0 0 0 0 0 0 0 0 0 0 0 0 0 6 0 1 233 76 3 24 0 0 0 0 0 0 0 0 0 0 0 2 0 0 0 0 0 0 0 0 13 0 0 0 0 0 0 0 0 
 2 0 0 79 63 0 0 0 0 1 79 0 0 72 0 0 4 0 0 1 48 38 118 120 375 0 33 42 167 284 98 224 34 68 39 169 72 244 149 47 7 5 3 0 3 1 18 29 0 5 105 1 0 0 0 63 70 0 124 2 0 0 0 0 0 51 0 3 3 0 0 25 0 0 0 0 2 0 0 3 0 0 0 0 0 8 0 0 0 0 0 0 0 0 0 0 0 0 0 0 1 19 9 18 1 12 0 0 25 25 14 0 0 13 0 15 12 0 18 16 0 1 26 11 1 1 5 14 0 1 0 0 0 25 19 0 25 3 30 19 0 2 0 0 0 2 0 0 0 0 0 5 0 0 0 0 0 0 0 3 0 0 2 0 0 0 10 2 0 0 0 0 8 0 1 0 0 0 0 0 0 0 0 9 0 0 3 0 0 5 21 0 0 0 0 12 0 16 0 15 12 9 18 0 0 0 4 0 20 12 0 0 26 21 0 10 6 15 0 11 0 2 0 0 0 0 0 0 0 0 0 0 0 0 0 0 0 0 63 0 0 0 0 0 0 0 0 0 0 74 0 0 0 0 21 0 2 1 0 2 0 0 0 0 0 0 20 0 0 0 0 0 0 0 0 0 0 0 0 0 0 0 0 0 8 0 0 0 0 0 
 4 2 2 2 76 171 2 3 75 2 0 4 2 2 2 3 2 0 2 2 77 464 57 90 27 33 0 154 128 47 77 32 125 295 375 92 268 47 40 15 2 6 3 3 0 1 3 0 0 0 0 1 4 65 3 4 3 3 2 12 0 0 0 3 0 0 0 57 3 3 0 3 3 2 19 0 0 3 0 3 0 0 0 0 0 0 0 0 0 0 0 1 0 0 0 1 0 0 0 10 0 20 34 0 39 0 27 15 10 33 12 36 1 17 28 0 19 1 15 0 0 0 0 0 0 0 0 0 0 0 0 0 6 0 0 0 0 0 0 13 0 0 0 0 0 0 0 0 0 16 0 0 0 0 0 0 0 0 0 0 0 0 0 0 1 0 0 0 1 0 1 0 0 0 0 0 0 0 0 13 25 27 26 20 60 0 0 27 1 20 37 27 9 9 13 9 35 5 0 15 0 0 0 0 0 0 0 0 0 0 0 0 0 0 0 0 0 0 0 0 0 0 0 0 0 0 0 0 0 0 0 12 0 0 0 0 0 0 1 0 0 0 10 0 0 0 1 0 0 0 0 0 0 0 10 0 2 0 0 2 0 2 0 0 0 12 0 0 0 0 0 0 0 0 0 0 0 0 0 1 0 36 0 0 0 0 6 0 0 0 
 3 0 0 0 75 100 2 1 0 0 0 1 0 0 74 0 4 0 0 0 331 296 98 69 67 42 154 0 93 64 111 47 343 169 196 394 181 51 165 28 0 7 3 0 1 0 2 0 0 2 0 0 0 117 1 0 3 0 1 2 0 0 1 0 0 0 0 4 3 3 0 3 0 0 8 0 1 0 0 3 0 0 0 0 0 6 0 0 0 0 0 0 0 0 0 0 0 0 0 0 9 20 36 15 17 1 48 30 0 27 20 9 4 9 27 13 34 13 0 0 0 0 1 0 0 16 0 0 0 0 0 0 1 0 0 0 0 0 0 0 0 0 0 0 0 0 0 0 0 0 0 0 0 0 4 0 0 0 0 0 0 0 0 0 0 0 0 0 0 0 0 0 0 2 5 0 0 0 7 2 42 64 25 37 0 16 12 43 22 21 26 25 20 22 22 0 22 19 0 0 0 0 0 0 0 2 0 0 0 0 0 0 0 0 0 0 0 0 2 0 0 0 0 0 2 0 0 0 0 0 0 0 0 0 0 0 1 0 0 0 0 0 11 0 0 0 0 0 0 0 0 0 0 0 10 0 2 0 33 0 2 0 0 0 0 0 0 0 0 0 0 0 0 0 0 0 0 0 0 0 0 8 0 0 0 0 2 0 0 0 
 3 3 0 0 0 0 0 0 0 0 0 0 0 0 32 0 0 0 0 0 41 49 172 159 128 167 128 93 0 161 117 115 117 192 84 351 125 383 219 90 2 0 3 3 2 1 0 0 130 0 2 1 1 1 3 0 3 3 1 2 1 0 1 2 0 0 0 5 3 0 2 3 0 0 0 0 3 0 3 3 0 0 0 0 0 0 0 0 0 0 0 0 0 0 0 0 8 0 0 0 0 6 6 6 26 38 12 0 27 20 30 18 0 8 0 15 0 10 0 9 0 0 0 0 0 0 10 0 30 0 0 0 11 0 0 0 0 11 21 2 6 0 0 0 2 0 0 0 0 10 0 0 0 0 0 25 0 1 0 0 0 0 2 0 0 0 0 0 0 0 0 0 0 0 0 0 1 0 0 1 1 11 33 18 27 3 0 0 8 19 15 23 0 9 31 28 0 42 0 2 0 1 0 0 0 0 0 4 0 0 0 0 20 12 0 0 0 0 0 0 0 0 0 0 0 0 0 0 0 0 0 0 0 0 0 0 0 0 0 0 0 0 10 0 0 1 0 0 0 0 0 0 0 0 8 0 0 58 0 0 2 1 0 0 0 0 0 0 0 0 0 0 0 0 0 0 0 0 0 0 0 15 0 0 0 0 0 0 0 0 
 3 3 3 5 5 3 3 4 3 3 1 5 3 3 28 84 6 1 3 3 194 37 291 405 189 284 47 64 161 0 152 129 58 333 173 172 170 185 57 207 0 0 4 0 10 3 0 0 0 2 0 4 5 3 2 2 3 5 23 2 0 0 0 0 0 0 0 3 3 0 0 3 0 0 0 0 22 0 0 7 0 0 0 0 0 0 0 0 0 0 0 0 0 0 0 0 0 0 0 0 10 0 16 29 3 45 19 0 20 22 1 11 0 0 14 1 4 24 0 0 2 0 12 0 0 0 11 23 1 0 0 0 33 0 28 0 0 1 33 0 17 0 15 0 0 0 0 0 0 5 0 0 2 0 0 6 0 2 0 0 0 0 23 0 0 0 0 0 0 0 0 0 0 2 0 0 0 0 0 0 1 14 18 10 0 36 0 7 9 9 59 30 0 15 0 79 12 44 0 9 22 21 0 0 0 2 16 2 0 0 0 0 21 26 18 1 0 0 14 0 0 0 0 0 13 0 0 0 0 0 0 0 0 0 0 0 0 0 0 0 0 0 0 0 0 0 0 0 0 0 0 0 0 0 20 0 2 1 57 0 3 20 0 0 0 0 25 0 0 0 0 0 0 0 0 0 0 0 0 0 0 0 0 0 0 6 0 0 0 0 
 0 1 4 0 210 0 1 0 0 1 0 0 0 1 0 0 10 0 0 0 147 151 48 169 374 98 77 111 117 152 0 126 67 214 210 123 193 49 43 62 0 0 3 0 0 1 0 0 0 0 0 1 0 0 4 0 3 0 55 2 0 0 0 0 0 0 0 3 3 0 0 4 0 0 0 0 0 0 0 6 0 0 0 0 0 2 15 0 0 0 0 0 0 0 0 0 0 0 0 0 20 0 6 0 52 16 27 0 10 14 35 40 0 4 10 14 11 19 0 2 33 0 13 0 0 0 14 0 0 0 0 0 0 0 2 1 0 0 35 0 0 0 0 0 0 0 0 0 0 17 2 0 0 0 0 0 0 0 0 0 0 0 0 0 0 0 0 0 0 0 0 0 2 0 5 0 0 0 2 0 0 31 17 1 1 27 10 39 14 1 9 45 19 10 26 30 32 12 0 0 14 9 0 0 0 0 15 3 0 0 0 0 0 25 2 0 0 0 1 0 0 0 0 0 0 0 0 0 21 0 0 2 0 0 0 0 0 0 0 0 0 0 0 0 0 0 0 0 0 0 0 0 2 0 3 0 1 1 75 2 2 0 2 0 0 0 13 0 0 0 0 0 0 0 0 0 0 0 0 0 0 0 0 0 0 9 0 0 0 0 
 2 2 2 2 2 2 2 2 2 3 0 2 5 4 5 2 7 0 2 2 254 320 250 100 141 224 32 47 115 129 126 0 42 400 458 26 92 88 29 250 64 36 3 210 8 1 0 1 0 0 0 1 150 64 8 0 69 0 99 2 0 0 0 0 0 0 0 3 3 0 0 3 0 0 0 0 0 0 13 3 0 0 18 0 0 0 0 0 0 0 0 0 0 0 0 0 0 0 0 0 3 0 0 30 11 33 0 0 22 10 34 39 0 0 0 21 11 36 0 0 22 0 14 1 0 0 10 5 18 1 0 0 12 0 0 0 13 14 25 17 0 0 0 0 0 0 0 0 0 0 6 0 11 0 0 0 0 0 0 0 0 0 4 0 0 0 0 9 1 0 0 0 0 4 0 0 2 2 0 0 0 0 0 0 13 0 0 0 12 9 8 0 13 0 0 17 7 1 0 0 35 17 27 0 0 0 29 14 0 0 0 0 9 20 0 12 15 25 13 2 0 0 0 2 0 0 0 0 0 0 0 0 0 0 0 0 0 0 0 0 0 0 0 0 0 0 0 0 0 0 0 1 0 0 6 2 1 148 3 0 2 0 0 0 0 20 0 0 0 0 0 0 0 0 0 0 0 1 0 0 0 0 0 0 1 0 0 0 0 0 
 4 0 34 3 42 104 2 2 42 68 3 36 3 1 1 42 76 227 2 2 194 50 322 84 87 34 125 343 117 58 67 42 0 94 72 128 42 59 156 207 64 12 3 0 2 2 0 0 0 0 0 2 1 0 19 0 2 2 0 3 0 0 0 0 0 0 4 2 3 0 0 3 4 33 2 0 0 0 0 2 0 0 10 0 2 1 0 0 21 0 35 21 0 2 0 37 0 0 0 1 0 9 17 0 17 0 34 31 0 19 21 0 2 0 17 18 30 0 21 24 0 0 0 6 0 0 0 0 0 0 0 13 0 0 0 0 0 2 0 0 0 0 0 0 0 0 0 0 0 0 0 0 0 0 0 0 0 5 0 0 0 0 0 43 19 16 0 0 15 0 7 40 0 0 0 0 0 1 0 0 18 9 19 10 0 0 13 10 12 0 23 0 1 22 0 0 22 0 1 13 0 0 0 0 0 0 1 0 0 0 0 0 0 0 0 15 0 0 40 0 0 0 0 0 0 0 0 0 0 0 0 0 0 0 0 0 0 19 0 0 0 0 10 0 0 0 75 0 0 2 1 0 0 0 4 2 0 0 0 2 2 0 0 0 0 0 0 0 0 0 0 0 0 0 6 1 0 0 0 10 0 47 0 0 0 0 0 0 0 0 
 6 3 4 4 5 78 3 3 3 3 3 4 3 3 5 3 3 3 3 3 142 271 398 94 144 68 295 169 192 333 214 400 94 0 527 128 256 130 97 103 0 0 6 0 0 0 1 0 0 0 0 0 0 0 4 37 6 1 0 4 0 0 0 2 0 0 0 6 3 0 0 4 0 2 0 0 0 3 52 8 0 0 0 0 0 0 0 0 0 0 0 0 0 0 0 0 0 0 0 0 24 21 18 22 10 0 44 0 36 14 44 29 0 7 26 26 0 20 0 0 11 0 0 0 0 1 0 0 1 0 0 0 0 0 0 0 0 0 6 0 0 0 0 0 0 0 0 0 0 2 0 0 0 0 2 0 0 0 0 0 0 1 0 0 0 0 0 0 0 0 0 0 0 0 0 0 0 0 6 6 1 23 28 6 29 7 0 24 34 12 6 21 0 17 12 0 13 41 0 14 0 0 0 0 12 0 0 0 0 0 0 0 0 0 0 0 0 0 0 0 0 0 0 0 0 0 0 0 0 0 0 0 0 0 0 0 0 0 0 0 0 0 0 0 0 0 0 0 0 0 0 0 0 3 9 0 0 1 78 15 2 1 0 0 0 0 18 0 0 0 0 0 0 0 0 0 0 0 0 0 0 0 0 0 0 0 0 0 0 2 
 46 3 3 3 4 31 3 77 3 4 3 3 3 3 3 152 77 76 3 3 162 177 185 138 68 39 375 196 84 173 210 458 72 527 0 191 63 32 293 192 0 0 3 0 0 3 0 0 0 0 0 2 0 0 3 1 2 0 0 3 0 0 0 0 0 0 0 2 3 0 0 3 52 0 1 0 0 1 0 2 0 0 0 0 0 0 0 0 0 0 0 0 0 0 0 17 0 0 0 0 22 16 21 1 17 12 30 0 0 0 17 3 21 0 41 0 1 9 24 10 0 0 0 0 0 0 0 0 0 0 0 0 0 0 0 0 0 0 0 0 0 0 0 0 0 0 0 0 0 0 0 0 2 0 0 0 0 0 0 0 0 0 0 12 25 0 0 0 0 0 0 8 0 1 0 0 0 0 9 8 40 11 0 12 39 0 25 24 34 21 8 14 12 24 0 16 16 44 0 25 0 0 0 0 0 2 0 0 0 0 0 0 0 0 0 0 0 0 0 0 0 0 0 0 0 0 0 0 0 0 0 0 0 0 0 0 1 0 0 0 0 0 36 0 0 0 1 0 0 0 0 0 0 0 14 1 2 0 2 3 0 0 0 0 0 0 0 0 0 0 0 0 0 0 0 0 0 0 0 10 0 10 0 0 0 0 13 0 0 0 
 3 3 1 4 73 91 0 0 0 74 0 0 0 0 2 3 3 0 0 0 67 259 136 266 179 169 92 394 351 172 123 26 128 128 191 0 766 239 113 68 0 8 3 0 0 1 0 4 6 0 0 4 0 75 2 0 3 0 70 6 0 0 2 0 1 3 0 3 5 0 0 3 1 0 7 0 1 0 0 4 0 0 0 0 0 0 0 0 0 0 0 0 0 0 0 0 0 0 0 0 0 16 49 24 36 0 22 31 23 22 0 10 1 9 15 34 19 0 0 0 0 0 0 0 0 0 10 0 0 0 0 0 12 0 0 0 0 0 12 0 0 0 0 0 0 0 0 0 0 0 0 0 0 0 4 0 0 0 0 0 12 1 0 0 0 0 0 0 1 0 0 0 0 0 0 0 0 0 0 0 14 39 25 46 0 0 0 30 30 30 29 22 11 19 8 14 12 0 0 0 0 0 0 0 0 0 0 0 0 0 0 0 0 2 0 1 0 0 0 0 0 0 0 0 0 0 0 0 0 0 0 0 0 0 0 0 0 0 0 0 0 0 10 0 0 0 0 0 0 0 0 0 0 0 16 0 4 0 0 4 36 2 0 0 0 0 0 0 0 0 0 0 0 9 0 0 0 0 0 0 0 8 0 0 0 0 13 0 0 0 
 0 0 0 0 0 77 1 2 44 0 0 0 73 4 0 2 3 1 2 0 37 188 100 109 200 72 268 181 125 170 193 92 42 256 63 766 0 145 49 60 0 0 3 0 0 5 0 0 0 2 0 2 0 30 1 0 2 3 24 9 0 0 0 0 0 2 0 2 3 0 0 3 0 0 7 0 0 0 0 2 0 0 0 0 0 0 0 0 0 0 0 0 0 0 9 0 0 0 0 0 1 0 20 16 0 28 0 15 9 24 12 35 0 20 1 12 0 0 0 0 0 0 0 0 0 0 0 10 0 0 0 0 29 1 0 0 0 0 25 3 5 0 0 0 0 0 0 0 0 5 0 0 0 0 0 2 1 0 0 0 2 0 0 0 0 0 0 0 2 0 0 5 0 0 3 0 0 0 0 0 17 24 36 25 9 13 0 22 5 14 14 21 5 0 26 19 17 24 0 0 0 1 0 0 0 0 0 1 0 0 0 0 10 0 6 0 19 0 0 0 0 0 0 0 0 0 0 0 2 0 0 0 0 0 0 0 0 4 0 0 0 0 2 0 0 0 0 0 0 0 0 0 0 0 19 1 1 0 0 1 20 1 0 0 0 0 0 0 0 0 0 0 0 0 0 0 0 0 0 0 0 0 0 2 0 0 13 0 0 0 
 0 104 0 1 0 0 0 0 1 0 0 2 1 6 0 0 2 2 0 1 34 26 172 114 64 244 47 51 383 185 49 88 59 130 32 239 145 0 45 33 63 0 3 0 0 3 0 0 0 21 4 2 42 93 0 0 2 6 0 64 0 45 0 0 0 0 0 2 3 0 0 3 38 0 0 0 0 0 0 2 0 0 0 0 0 0 0 1 0 0 0 0 0 0 0 0 0 0 0 0 0 17 0 14 10 22 0 0 38 0 13 0 0 0 2 18 2 0 0 0 13 0 1 0 0 0 0 8 0 0 0 0 19 28 0 1 1 1 0 25 0 0 0 0 0 0 1 0 0 0 0 0 0 0 0 3 0 3 0 0 0 0 4 0 8 0 0 0 0 0 0 0 0 12 0 0 4 0 0 0 0 0 1 1 0 3 0 0 0 9 15 0 1 0 13 0 0 17 0 0 15 17 22 0 0 0 9 10 2 0 0 0 3 13 19 22 0 0 11 0 0 0 0 0 0 0 0 0 0 4 0 0 0 0 1 0 0 0 12 0 0 0 0 0 0 0 0 0 0 0 0 0 0 0 12 1 1 73 78 1 0 1 0 0 0 0 0 0 0 0 0 0 0 0 0 0 0 0 0 0 0 13 0 0 0 0 0 0 0 0 
 1 0 74 4 158 75 2 0 0 0 13 0 0 0 0 1 4 0 0 0 228 202 33 79 36 149 40 165 219 57 43 29 156 97 293 113 49 45 0 97 0 1 4 0 0 1 0 3 0 0 0 1 3 0 1 0 3 0 0 2 0 1 0 0 0 54 0 3 3 0 0 21 0 1 0 0 0 0 0 7 0 0 0 0 19 14 0 0 0 0 0 11 0 0 0 0 0 0 0 0 26 33 15 29 0 0 60 19 0 12 1 12 0 1 46 15 34 23 14 12 0 0 0 0 0 0 0 0 0 0 2 1 0 0 1 0 0 0 0 0 0 0 0 0 0 0 0 0 0 0 0 0 0 1 4 0 0 0 0 0 0 0 0 0 2 0 0 0 20 0 17 10 0 0 0 0 0 0 6 6 10 2 14 23 20 1 29 36 36 7 0 0 25 42 16 6 1 18 0 14 0 0 0 0 0 0 0 2 0 0 0 0 0 0 1 0 2 0 0 0 0 0 0 0 4 0 0 0 0 0 0 0 0 0 0 0 0 0 0 0 0 10 0 0 0 2 68 0 0 0 0 0 0 0 4 0 0 0 78 0 0 0 0 0 0 0 23 0 0 0 0 0 0 0 0 0 0 0 0 3 0 0 0 0 2 0 0 0 0 0 
 1 100 150 61 128 75 0 75 3 62 45 18 0 0 76 29 151 271 74 0 118 248 26 59 52 47 15 28 90 207 62 250 207 103 192 68 60 33 97 0 0 1 10 0 0 2 62 15 2 0 0 2 2 0 18 0 5 0 3 3 0 0 0 0 0 39 0 3 5 0 0 4 0 0 2 0 0 0 1 29 0 0 10 0 14 20 0 0 38 0 30 19 0 0 0 26 0 1 0 0 15 0 1 0 0 0 10 74 0 0 14 0 2 16 3 0 11 0 15 32 0 17 0 0 0 0 0 0 0 0 0 0 0 0 0 0 0 0 0 0 0 0 0 0 0 0 0 0 0 0 0 0 0 0 0 10 0 0 0 0 0 18 13 10 49 11 0 12 17 0 0 29 0 0 0 0 10 20 0 0 28 0 0 0 0 0 11 12 19 0 0 0 27 33 0 7 21 0 24 16 0 0 12 0 0 0 0 0 0 0 0 0 8 0 0 0 0 0 0 0 0 0 0 2 0 0 0 16 0 0 0 0 0 0 0 0 0 0 0 0 0 0 0 0 0 0 74 0 0 2 0 0 0 0 10 1 1 0 0 0 0 0 0 0 0 0 0 0 0 0 0 0 1 0 0 12 11 0 0 1 0 0 0 0 0 0 0 0 0 0 
 0 0 0 0 0 0 0 0 0 0 3 0 0 3 0 0 2 3 0 0 3 0 0 3 67 7 2 0 2 0 0 64 64 0 0 0 0 63 0 0 0 180 143 350 71 52 222 59 126 109 56 41 97 104 134 24 125 30 263 150 0 4 6 0 1 0 8 3 2 0 0 0 0 51 0 0 5 0 0 1 0 0 0 0 0 0 0 0 0 0 0 0 0 0 0 0 0 0 0 0 0 0 0 0 0 0 0 16 0 0 0 0 0 0 0 0 0 0 10 0 13 0 19 2 15 0 13 2 13 25 0 1 0 11 5 15 10 13 1 20 0 0 0 0 0 0 7 0 0 0 0 1 0 0 0 0 0 12 10 0 0 0 0 0 0 0 0 1 0 0 0 0 0 0 0 0 0 2 0 0 0 0 0 0 0 0 0 0 0 0 0 0 0 0 0 0 0 0 0 0 2 10 11 10 0 0 5 1 10 40 0 1 23 28 10 20 14 0 16 11 0 0 0 0 0 0 13 0 0 0 39 0 10 0 0 0 0 0 0 10 0 0 0 0 0 0 0 0 0 0 0 2 0 0 0 1 0 24 0 0 0 0 1 0 0 10 2 0 0 0 0 0 0 0 0 0 0 0 0 0 0 22 0 0 0 17 0 1 0 6 
 2 4 0 0 6 6 0 0 0 0 0 2 0 0 0 0 4 0 0 0 5 0 0 4 0 5 6 7 0 0 0 36 12 0 0 8 0 0 1 1 180 0 210 539 245 19 140 173 339 75 64 117 59 152 112 76 339 72 116 71 0 0 0 0 0 6 4 0 0 0 0 0 0 0 18 0 0 5 0 0 0 0 0 0 0 1 0 0 0 0 0 0 0 0 0 0 0 1 0 0 0 5 8 0 1 0 4 6 0 3 0 0 0 1 1 0 6 0 0 0 14 15 20 19 7 20 0 0 23 1 22 18 0 1 0 14 20 25 20 22 0 1 0 0 0 0 0 0 0 0 0 0 0 0 0 0 0 3 0 0 0 0 3 0 0 34 0 0 5 0 0 0 0 17 0 0 21 0 0 0 6 5 10 4 0 0 1 1 0 0 14 0 0 2 5 0 0 0 1 1 31 14 66 0 0 8 8 9 14 0 5 16 0 13 17 7 10 82 14 2 0 4 0 0 0 0 0 0 0 0 0 0 0 0 0 0 0 0 0 18 0 1 16 0 0 0 0 0 0 0 0 4 0 1 0 0 2 63 5 22 0 0 0 0 64 4 0 0 0 0 0 0 0 0 0 0 0 0 0 0 0 3 0 0 0 0 0 11 0 0 
 0 25 46 9 0 63 5 12 0 0 4 3 0 0 6 0 0 5 0 0 4 3 3 3 59 3 3 3 3 4 3 3 3 6 3 3 3 3 4 10 143 210 0 223 258 134 219 176 377 350 90 149 293 117 374 67 67 103 254 24 0 49 0 2 2 4 2 0 3 0 0 0 0 0 0 0 1 4 0 19 0 0 0 0 5 0 0 0 0 0 0 2 2 0 0 0 0 7 0 0 0 0 0 0 0 0 0 0 0 0 0 0 2 8 16 0 0 0 0 2 3 11 20 51 21 18 0 0 0 32 50 16 0 0 0 0 0 10 0 0 0 1 0 0 0 0 22 0 0 0 4 0 0 0 0 0 0 0 13 0 0 6 14 0 5 9 0 8 2 0 2 36 0 0 2 0 22 8 0 18 0 0 0 0 0 0 2 0 0 0 0 0 11 0 0 0 0 0 28 18 0 0 0 11 5 15 0 0 0 1 21 17 0 0 1 0 14 0 19 0 0 10 0 0 0 0 13 12 0 0 0 0 3 0 0 0 0 0 0 18 0 3 10 0 0 0 2 0 0 0 0 9 0 2 0 0 0 0 0 0 0 0 0 0 65 11 0 1 0 0 0 0 0 0 0 0 0 0 0 0 0 0 0 0 0 0 0 2 2 0 
 6 3 3 3 3 3 3 3 3 3 2 6 3 2 4 3 3 2 3 3 1 0 0 0 2 0 3 0 3 0 0 210 0 0 0 0 0 0 0 0 350 539 223 0 124 129 210 88 298 100 134 122 99 90 75 46 112 125 91 86 51 4 3 0 0 1 52 1 0 0 0 0 9 5 0 0 7 5 0 51 0 0 0 0 0 0 0 0 0 0 0 0 0 0 0 0 0 0 0 0 0 0 0 0 0 0 0 0 0 0 0 0 0 0 0 0 0 0 0 0 0 14 4 11 5 8 0 0 0 34 10 47 0 0 0 12 0 10 0 0 1 0 0 0 0 0 3 0 21 28 4 0 28 0 0 0 0 0 0 30 0 0 0 0 0 0 0 0 0 0 0 10 5 0 0 0 0 0 0 0 0 0 0 0 0 0 0 0 0 0 0 0 0 0 0 0 0 0 18 0 5 17 19 4 19 6 0 5 0 0 1 21 0 10 0 0 8 0 10 0 2 1 0 0 1 0 0 3 1 9 0 0 0 0 15 0 0 0 21 25 0 0 0 0 0 0 0 0 0 0 0 17 0 2 0 0 0 0 1 0 0 27 0 18 68 4 0 0 1 0 0 0 0 0 0 0 0 0 0 0 0 0 42 0 0 0 0 11 1 0 
 0 0 0 3 0 0 0 0 0 0 0 0 0 63 0 0 3 0 0 0 0 7 0 3 3 3 0 1 2 10 0 8 2 0 0 0 0 0 0 0 71 245 258 124 0 123 258 53 136 107 104 141 323 45 63 373 159 124 71 86 9 0 2 0 0 0 0 0 0 0 0 0 1 0 6 0 4 51 45 2 0 0 0 0 0 0 0 0 0 0 0 0 0 0 0 0 0 0 0 0 0 0 0 0 0 0 0 0 0 0 8 0 0 0 0 0 0 0 0 0 0 18 2 34 31 8 8 0 0 19 5 5 0 0 0 15 0 0 0 23 5 23 0 0 26 6 0 0 38 0 0 0 0 24 8 0 0 0 9 51 0 0 0 0 0 0 0 0 0 0 0 0 0 0 0 19 0 0 0 0 0 0 0 0 0 0 0 0 0 0 0 0 0 0 0 0 0 0 0 0 7 17 3 0 0 3 11 16 8 1 23 18 12 0 15 0 11 8 0 0 20 0 0 0 16 0 0 8 20 1 0 0 32 2 17 0 28 0 13 22 0 0 9 0 0 0 0 0 2 0 0 22 0 0 0 0 0 0 0 1 0 3 65 2 2 3 0 1 1 0 29 0 0 0 0 0 0 0 0 0 0 0 6 0 20 0 0 0 16 0 
 0 0 1 0 0 2 0 0 0 0 0 2 0 0 0 0 7 0 1 0 2 2 2 6 2 1 1 0 1 3 1 1 2 0 3 1 5 3 1 2 52 19 134 129 123 0 35 195 40 111 165 162 23 47 54 67 117 335 83 63 59 3 37 3 0 0 51 2 0 2 1 0 6 0 31 0 0 7 0 115 0 0 8 0 0 0 0 0 0 0 0 0 0 0 0 0 0 0 0 0 0 0 0 10 0 0 0 0 7 10 4 0 0 0 0 0 0 0 0 0 0 0 0 0 0 17 0 1 0 7 10 16 0 0 0 0 0 0 0 0 0 0 0 0 0 1 16 20 18 10 15 2 16 16 0 0 0 0 0 26 0 0 0 0 0 0 0 0 0 0 0 0 7 0 0 0 0 0 0 0 0 0 0 0 0 6 0 0 0 0 0 0 0 0 0 0 0 3 0 0 54 0 0 1 21 12 0 0 1 17 0 9 0 0 2 0 0 0 0 0 23 1 0 0 1 0 23 49 1 10 0 13 11 9 32 0 0 0 22 34 0 0 0 0 0 0 0 0 0 0 0 3 0 0 0 0 0 0 3 0 0 0 0 34 0 0 0 4 1 0 0 0 0 0 0 0 0 0 0 0 0 0 0 0 0 0 0 0 14 0 
 0 42 0 0 0 0 0 0 0 0 1 0 0 0 0 0 2 2 0 0 2 0 0 0 0 18 3 2 0 0 0 0 0 1 0 0 0 0 0 62 222 140 219 210 258 35 0 120 123 169 107 41 77 157 111 398 171 116 124 121 0 0 0 2 0 51 0 2 1 0 0 0 0 0 0 0 0 0 1 0 0 0 0 0 0 0 0 0 0 0 0 0 0 0 0 0 0 0 0 0 0 0 0 6 0 0 0 0 0 0 0 0 0 0 0 0 0 0 0 0 11 14 21 6 1 0 0 7 7 30 1 0 0 15 13 0 24 0 11 9 0 0 0 0 0 0 16 0 0 0 0 3 0 0 0 0 0 0 13 3 0 0 0 0 12 0 0 5 0 1 0 0 0 0 0 0 0 5 0 0 0 0 0 0 14 17 0 0 0 0 0 0 0 11 0 10 0 0 0 0 10 0 20 12 0 0 0 0 65 18 0 10 1 0 9 10 8 14 9 6 0 0 0 0 0 0 9 8 0 0 0 0 10 0 0 0 0 0 0 0 0 0 0 0 9 0 0 0 0 0 0 9 0 0 0 0 0 0 0 0 0 0 3 0 5 5 0 0 0 0 0 0 0 0 0 0 0 0 0 0 0 0 0 0 4 10 0 11 0 0 
 0 8 6 29 2 0 0 3 0 0 5 0 0 0 0 7 0 0 0 3 5 0 0 0 0 29 0 0 0 0 0 1 0 0 0 4 0 0 3 15 59 173 176 88 53 195 120 0 407 319 125 32 194 278 70 117 161 37 440 40 0 0 0 0 0 0 0 0 0 0 0 0 0 0 0 0 0 0 4 0 0 0 0 0 5 3 0 0 0 0 0 6 0 0 0 0 0 5 11 0 0 0 0 11 0 0 0 0 10 0 0 0 0 5 7 0 0 0 0 3 11 8 18 21 10 0 2 7 9 0 0 0 0 42 7 75 31 9 18 22 0 0 1 0 0 0 0 0 0 0 0 13 0 0 0 0 0 0 0 6 0 5 2 0 7 7 0 0 8 0 19 4 0 0 0 0 8 4 0 0 1 0 0 0 16 0 5 3 0 0 0 0 7 0 0 0 0 0 32 14 33 0 25 11 1 1 71 4 38 20 0 0 36 0 15 20 13 36 0 20 15 0 0 0 0 0 11 0 0 0 0 0 0 0 0 0 0 0 0 0 0 6 0 0 0 0 6 0 0 0 0 7 0 2 0 0 0 1 0 11 0 0 2 0 0 2 0 0 1 0 3 0 0 0 0 0 0 0 0 0 0 0 0 0 22 18 0 1 0 11 
 5 0 0 0 0 0 0 0 0 0 0 2 0 0 0 2 0 0 0 0 5 0 0 0 3 0 0 0 130 0 0 0 0 0 0 6 0 0 0 2 126 339 377 298 136 40 123 407 0 180 119 69 72 322 168 479 190 175 326 218 0 10 0 0 0 1 0 4 8 0 0 8 0 0 0 17 0 0 16 49 2 0 0 0 0 0 0 0 0 0 0 0 0 0 0 0 0 0 0 0 0 0 0 0 0 0 0 0 0 0 0 0 0 0 0 0 0 0 0 0 10 10 25 11 15 7 0 0 14 0 29 0 0 8 24 0 0 0 0 15 0 0 0 0 0 0 2 0 10 0 2 0 0 12 0 0 0 6 0 11 0 0 0 0 0 0 0 0 0 0 0 0 0 0 0 3 0 0 0 0 0 0 0 0 0 12 0 0 0 0 0 0 0 0 0 0 0 0 0 0 0 1 22 27 9 8 0 0 6 17 15 26 0 0 33 0 0 0 21 8 0 0 0 4 0 0 11 6 0 0 11 0 0 0 0 0 6 0 0 15 0 0 0 0 0 0 0 0 0 0 0 6 0 2 0 0 0 0 0 1 0 0 0 1 3 1 4 0 0 0 0 0 0 0 0 4 0 0 0 0 0 0 0 0 0 0 0 0 2 0 
 3 3 0 0 0 0 0 0 0 0 0 33 0 0 0 0 5 0 0 0 2 0 1 0 10 5 0 2 0 2 0 0 0 0 0 0 2 21 0 0 109 75 350 100 107 111 169 319 180 0 158 30 67 299 172 212 171 231 324 501 0 0 0 0 0 0 50 1 9 0 0 0 0 0 1 0 0 0 0 50 0 0 0 0 0 0 0 0 0 0 0 0 0 0 0 0 0 0 0 0 0 0 7 2 0 8 0 0 0 0 0 0 0 0 0 0 0 0 0 0 21 12 5 0 3 9 3 26 11 22 0 16 4 33 19 0 9 4 0 42 0 0 0 0 0 0 14 0 0 0 3 0 0 0 0 0 0 0 9 0 0 0 0 0 0 0 0 3 0 0 0 0 0 0 0 0 1 18 0 0 0 0 0 0 1 10 0 0 0 3 0 0 0 0 0 0 0 2 0 0 1 0 24 51 30 12 3 0 24 25 0 11 0 4 22 2 4 1 11 14 0 3 0 0 0 0 0 0 0 0 0 0 0 0 0 0 0 0 9 14 0 0 0 0 0 0 0 0 0 0 0 16 0 2 0 0 0 0 2 0 0 0 0 0 2 10 0 0 0 0 0 0 0 0 0 0 0 0 0 0 0 0 0 0 0 1 0 0 2 0 
 1 0 0 0 0 0 0 0 0 0 0 0 0 1 0 0 0 0 0 0 0 0 0 0 0 105 0 0 2 0 0 0 0 0 0 0 0 4 0 0 56 64 90 134 104 165 107 125 119 158 0 266 33 47 60 174 182 100 41 38 55 0 208 0 0 11 0 0 0 0 208 0 0 0 52 0 0 5 0 0 0 0 0 0 0 0 0 0 0 0 0 0 0 0 0 0 0 0 0 0 0 0 0 0 0 1 0 0 0 0 0 0 0 0 0 0 0 0 0 0 0 38 7 34 19 43 18 13 4 0 17 40 0 26 4 1 5 7 0 11 1 1 0 0 1 7 10 12 33 11 11 3 14 0 9 0 0 0 1 27 0 0 0 0 0 0 0 0 0 0 0 0 3 0 0 0 0 0 0 0 0 0 0 0 0 0 0 0 0 0 0 0 0 0 0 0 0 0 0 0 0 0 0 0 1 18 19 1 0 4 6 0 5 8 0 5 25 1 0 24 12 6 0 0 0 0 8 13 0 10 0 0 10 0 10 0 8 0 7 11 0 0 16 0 0 0 0 0 0 0 0 5 0 1 0 0 0 0 0 0 0 0 65 55 5 9 0 0 0 0 0 0 0 0 0 0 0 0 0 0 0 4 0 0 36 0 0 0 0 0 
 0 0 0 32 0 0 0 0 0 2 0 0 0 2 0 0 2 0 0 0 2 1 2 1 2 1 1 0 1 4 1 1 2 0 2 4 2 2 1 2 41 117 149 122 141 162 41 32 69 30 266 0 32 269 48 104 82 211 32 39 231 6 0 0 0 3 51 51 0 0 0 8 0 0 28 8 48 6 0 153 0 0 0 0 0 0 14 0 0 0 0 0 0 0 0 0 0 0 10 0 0 0 0 0 0 0 0 0 9 0 0 0 0 0 0 0 0 0 0 0 0 0 0 0 9 27 0 0 0 14 14 26 0 0 0 0 0 10 0 0 0 0 0 0 0 5 17 12 1 11 12 0 21 0 2 0 0 5 37 13 0 0 0 0 0 0 13 0 0 0 12 0 29 0 0 0 0 0 18 0 0 0 0 0 0 6 0 0 0 0 0 0 0 0 0 0 0 0 0 0 0 0 0 5 55 22 0 0 0 0 9 1 0 0 0 0 0 0 0 0 19 6 0 6 0 4 30 14 0 17 4 21 1 9 12 7 0 0 23 24 0 0 17 0 0 0 0 0 0 0 0 0 0 21 0 0 0 0 0 15 0 0 7 64 0 2 7 2 0 0 20 0 0 0 0 1 0 0 0 0 0 0 0 0 1 0 0 0 0 0 
 0 0 2 0 4 0 0 1 0 0 0 0 0 0 0 0 0 0 0 0 5 0 68 63 178 0 4 0 1 5 0 150 1 0 0 0 0 42 3 2 97 59 293 99 323 23 77 194 72 67 33 32 0 90 32 47 32 55 113 163 0 0 0 0 0 0 0 0 0 0 0 7 0 0 1 53 0 18 3 0 0 0 0 0 4 3 0 0 0 0 0 7 0 0 0 0 0 0 0 0 0 0 2 62 0 0 4 0 1 14 0 11 0 0 0 0 18 23 0 0 22 11 0 0 0 0 13 11 3 0 0 0 13 0 4 0 5 10 20 14 0 0 0 0 0 0 0 0 0 0 7 0 0 0 0 0 0 6 0 0 0 9 0 0 0 0 0 1 16 0 5 1 0 0 0 0 1 0 0 0 0 0 1 0 0 2 4 4 0 1 0 0 11 0 1 5 4 0 0 0 14 0 0 0 31 17 25 10 0 0 0 0 0 1 14 17 22 26 14 6 0 0 0 0 0 0 0 0 0 0 0 0 0 0 0 0 0 0 0 0 0 4 0 0 0 0 5 0 0 0 0 6 0 0 0 1 0 94 1 2 0 0 0 0 0 0 0 0 0 0 0 0 0 0 1 0 0 0 0 0 0 24 0 0 0 6 0 0 1 0 
 1 0 0 0 0 0 1 0 0 0 0 0 0 0 0 0 1 67 0 3 2 75 63 130 30 0 65 117 1 3 0 64 0 0 0 75 30 93 0 0 104 152 117 90 45 47 157 278 322 299 47 269 90 0 99 16 38 46 130 202 0 0 0 0 0 0 1 0 0 0 0 0 2 2 7 0 2 0 2 0 0 0 0 0 0 0 0 0 0 0 0 0 0 0 7 0 0 0 0 0 0 0 0 0 12 8 0 0 0 17 8 3 0 0 0 0 0 0 0 0 18 7 0 0 14 0 0 0 21 1 12 0 20 13 1 27 0 12 29 0 0 0 0 0 0 0 2 11 0 0 0 0 0 0 0 1 0 6 0 0 0 0 8 0 0 0 0 0 7 0 0 0 0 5 0 0 7 0 0 0 14 0 17 56 0 0 0 0 0 5 13 0 0 0 0 0 0 0 0 0 27 21 13 4 5 0 10 17 29 0 0 15 12 52 28 19 13 6 14 0 0 0 0 0 0 0 0 0 0 0 0 0 9 0 7 0 0 0 6 1 0 0 0 0 0 1 0 0 0 0 0 13 0 0 0 25 0 64 0 28 0 0 0 0 65 0 1 0 0 0 1 0 0 0 0 0 0 0 0 0 0 20 0 0 0 17 11 11 0 0 
 0 0 0 2 0 64 0 0 0 62 0 2 0 0 0 0 0 65 0 0 0 3 0 1 6 0 3 1 3 2 4 8 19 4 3 2 1 0 1 18 134 112 374 75 63 54 111 70 168 172 60 48 32 99 0 125 87 114 89 95 203 0 0 0 0 0 0 0 1 0 0 0 0 0 0 0 0 52 1 4 0 0 0 0 2 0 0 0 0 0 10 7 0 9 0 11 0 0 0 0 9 0 1 0 0 0 0 0 0 0 8 10 0 0 0 3 9 2 0 12 4 4 31 17 0 0 0 0 10 1 13 0 0 0 10 0 0 11 4 23 0 12 0 0 0 0 16 0 0 0 0 0 10 51 0 2 0 0 0 0 0 0 0 0 7 0 0 0 0 1 0 0 0 0 0 20 0 3 0 0 0 0 0 0 11 11 0 10 8 0 0 0 0 0 0 7 18 0 0 10 0 0 5 11 0 0 0 0 10 0 13 34 0 0 8 9 25 0 7 12 0 0 0 0 0 0 9 0 0 0 0 0 12 0 0 0 1 0 0 0 0 0 0 0 0 0 65 0 0 17 0 3 0 1 0 0 0 0 1 0 0 0 0 0 65 0 2 0 0 0 0 0 0 0 0 0 0 0 0 0 0 0 0 0 0 9 0 11 0 0 
 3 0 0 0 0 0 0 0 0 0 2 3 0 3 0 0 3 2 0 0 0 0 0 0 0 63 4 0 0 2 0 0 0 37 1 0 0 0 0 0 24 76 67 46 373 67 398 117 479 212 174 104 47 16 125 0 137 273 47 105 0 25 0 0 0 3 0 0 0 0 3 5 0 0 14 8 3 4 54 0 0 0 0 0 0 0 0 0 0 0 0 0 5 0 0 0 0 0 0 0 1 0 0 0 0 0 8 0 0 0 0 0 0 0 0 0 0 0 0 0 11 38 18 59 38 5 7 0 0 0 13 13 0 22 0 1 0 2 0 0 0 0 0 0 0 8 0 0 0 2 3 20 0 3 0 0 0 6 0 3 0 0 0 0 0 0 0 0 0 0 0 0 0 0 0 6 0 0 0 0 0 0 0 0 0 0 0 0 0 0 0 0 0 0 0 0 0 0 0 0 0 1 12 11 14 7 10 0 11 20 14 43 0 0 10 0 10 0 0 10 0 10 0 23 0 1 0 0 0 0 4 3 0 0 1 10 22 0 0 27 0 0 9 0 0 0 0 0 0 0 0 5 0 1 22 0 0 0 0 2 0 0 65 0 66 1 3 0 0 0 3 0 0 0 0 3 0 0 0 0 0 4 0 0 10 0 0 0 0 0 
 0 0 0 1 0 0 0 0 0 0 0 0 4 3 0 0 5 1 0 4 3 3 2 3 4 70 3 3 3 3 3 69 2 6 2 3 2 2 3 5 125 339 67 112 159 117 171 161 190 171 182 82 32 38 87 137 0 52 294 301 2 0 2 0 1 4 3 0 0 0 0 0 0 0 0 0 0 0 49 0 0 0 0 0 0 0 0 0 0 0 0 0 0 0 0 0 0 14 14 0 0 0 0 0 0 0 0 0 0 0 0 0 0 7 0 0 0 0 0 0 10 10 42 22 25 11 1 0 21 0 6 32 0 28 16 0 21 9 21 21 0 0 0 0 0 0 0 0 13 0 0 4 11 0 0 0 0 0 0 8 0 0 0 0 0 21 0 0 0 0 0 0 0 0 0 0 0 0 0 0 0 20 0 0 17 5 0 0 0 0 0 0 0 0 0 0 0 0 0 0 14 0 38 14 0 0 1 0 51 11 0 16 0 14 26 14 0 25 14 22 0 0 0 0 7 0 0 10 0 0 0 0 0 0 1 0 10 0 0 18 0 0 0 0 0 0 0 0 0 0 0 2 0 0 0 0 0 0 0 0 0 0 3 91 0 1 1 0 2 0 0 0 0 0 0 3 0 0 0 0 0 0 0 0 21 34 0 0 0 0 
 3 3 3 3 3 3 3 3 3 3 27 6 5 0 4 3 3 0 3 3 1 0 0 5 9 0 3 0 3 5 0 0 2 1 0 0 3 6 0 0 30 72 103 125 124 335 116 37 175 231 100 211 55 46 114 273 52 0 255 34 0 0 0 0 0 10 0 0 4 0 0 0 0 0 4 0 0 4 54 18 0 0 0 0 0 10 0 0 0 0 0 0 0 0 0 0 0 0 0 0 0 0 0 31 0 10 0 0 5 0 0 0 0 0 0 0 0 0 0 0 0 19 18 25 23 16 0 6 0 10 55 59 14 0 0 0 0 13 0 2 19 0 0 0 0 0 3 0 0 13 3 0 0 4 0 0 0 0 0 0 0 0 0 0 0 0 0 0 0 0 0 0 0 0 0 6 0 0 0 0 0 0 0 0 0 5 0 0 0 0 0 0 0 0 0 0 0 8 0 0 0 0 0 11 5 13 0 0 0 0 28 36 0 0 27 0 13 0 0 0 0 16 0 0 0 0 9 10 0 0 0 0 0 0 8 0 26 0 0 27 0 0 11 0 0 0 0 0 0 0 0 11 0 1 0 0 0 1 3 1 0 1 0 0 66 2 3 0 0 0 0 0 0 0 0 0 0 10 0 0 0 4 0 0 0 0 0 11 0 0 
 0 0 0 0 0 0 0 0 2 0 0 0 0 0 0 3 0 0 4 3 0 0 33 61 62 124 2 1 1 23 55 99 0 0 0 70 24 0 0 3 263 116 254 91 71 83 124 440 326 324 41 32 113 130 89 47 294 255 0 126 0 0 0 0 0 0 0 0 1 4 0 0 0 0 0 0 0 58 6 0 0 5 0 0 0 0 4 0 8 4 9 0 8 2 0 0 27 0 0 0 0 0 11 25 0 1 0 13 0 33 0 9 0 0 0 38 0 11 0 0 4 0 20 13 0 0 14 1 7 0 0 0 6 12 13 0 13 11 36 16 0 0 0 0 0 0 0 0 0 0 0 2 0 0 0 0 0 0 0 0 27 0 0 0 0 0 0 47 0 0 0 0 0 0 2 7 0 0 10 0 0 14 0 13 25 10 0 0 4 0 0 0 0 0 0 19 15 0 6 0 32 9 12 0 0 25 32 0 45 0 0 0 4 14 0 15 0 26 14 14 0 4 0 7 1 0 0 0 0 0 2 0 0 18 0 0 0 0 0 11 0 0 0 0 0 0 0 0 0 0 0 5 0 0 0 0 0 1 0 0 23 0 8 0 0 0 3 0 2 0 0 0 0 0 0 0 0 0 0 0 0 0 0 0 28 32 0 0 1 0 
 0 0 0 0 32 0 0 0 0 0 0 0 0 0 0 0 0 0 0 0 2 2 64 32 64 2 12 2 2 2 2 2 3 4 3 6 9 64 2 3 150 71 24 86 86 63 121 40 218 501 38 39 163 202 95 105 301 34 126 0 0 5 7 2 25 0 0 8 3 2 4 0 0 0 7 0 3 2 0 0 0 0 0 0 0 0 0 0 0 0 0 0 0 0 0 0 0 0 0 0 0 0 2 0 0 11 0 0 0 0 0 6 0 0 0 0 0 0 1 0 9 18 11 0 9 0 0 18 0 34 0 0 9 33 22 12 21 18 0 15 0 0 0 0 0 22 0 0 0 4 2 0 0 0 0 0 0 23 0 0 0 0 0 0 0 0 0 4 0 0 0 0 0 0 0 0 0 1 0 0 0 0 0 0 0 12 0 0 0 0 9 0 0 0 7 0 0 0 0 0 0 0 0 20 26 25 0 0 22 33 0 11 0 9 14 5 14 0 26 21 0 7 0 6 0 3 1 0 0 0 15 3 0 0 0 8 0 0 0 0 0 0 0 0 0 0 0 0 0 0 0 5 0 0 0 0 0 0 0 0 0 9 2 0 64 6 3 0 0 0 3 0 0 0 0 0 0 0 0 0 0 9 0 0 0 0 0 1 0 0 
 2 0 0 46 0 0 0 0 0 35 0 5 0 0 0 0 0 3 0 0 2 2 0 0 0 0 0 0 1 0 0 0 0 0 0 0 0 0 0 0 0 0 0 51 9 59 0 0 0 0 55 231 0 0 203 0 2 0 0 0 0 189 447 274 49 33 182 340 342 107 37 27 120 305 121 101 33 37 153 101 0 0 0 0 0 0 0 0 0 0 0 0 0 0 0 0 0 0 0 0 3 1 3 3 2 2 2 2 3 3 1 2 3 3 1 3 1 1 3 2 0 0 0 0 0 10 0 0 0 0 0 19 0 0 0 0 0 0 0 0 0 0 35 14 19 18 0 8 22 24 7 11 39 45 10 3 3 30 1 6 0 0 0 0 0 0 0 18 0 0 0 0 7 0 0 0 0 0 0 0 0 0 0 0 0 0 0 0 0 0 0 0 0 0 0 0 0 0 0 10 0 0 0 0 0 0 0 0 0 0 0 0 0 0 0 0 0 0 0 0 34 0 19 14 2 0 7 20 24 34 30 0 6 84 23 14 42 0 2 0 10 0 0 0 0 0 0 0 0 0 0 0 2 0 19 0 0 0 0 0 0 0 0 52 0 0 0 0 0 0 1 1 0 4 0 0 0 0 0 0 0 0 0 0 0 0 0 0 8 0 
