 0 353 268 154 17 35 224 170 232 43 38 38 268 37 450 230 239 117 55 337 0 0 6 4 2 0 3 0 0 1 2 1 0 0 0 3 0 2 0 0 3 64 3 3 5 0 0 2 3 0 0 0 0 0 3 1 3 6 2 2 0 3 0 0 0 0 2 0 0 2 0 3 0 3 2 0 45 2 7 0 14 0 25 15 0 14 10 23 34 31 0 0 26 21 20 29 7 14 0 4 0 0 0 0 0 0 7 0 0 0 0 0 0 0 0 0 0 0 0 7 0 0 0 0 0 0 0 0 0 0 0 8 0 0 0 0 0 0 0 0 6 0 0 0 0 0 3 0 19 0 0 0 0 0 0 6 0 0 0 0 0 0 13 0 8 10 10 4 11 14 17 8 0 14 15 15 0 41 1 0 0 0 0 0 0 0 0 1 0 0 0 0 0 17 0 0 0 17 0 0 0 0 0 0 0 0 0 0 47 0 0 10 0 0 0 0 0 0 0 0 0 0 0 9 0 9 0 0 0 0 0 0 0 0 0 0 0 0 0 0 0 0 0 0 0 0 95 0 0 103 0 16 0 0 0 0 0 0 0 0 0 0 0 2 0 0 0 0 0 0 0 0 0 0 0 0 16 0 0 0 0 0 0 0 0 0 0 0 0 0 
 353 0 77 150 27 40 178 200 210 47 28 25 130 71 484 63 45 278 165 133 2 2 6 7 5 8 4 0 1 2 5 6 0 8 6 6 3 3 0 4 2 2 3 4 6 3 0 0 3 3 3 0 0 0 3 3 3 3 3 2 3 3 2 0 2 0 2 1 0 7 0 3 2 10 3 8 0 0 0 36 14 48 1 2 19 19 0 55 18 9 20 42 7 9 0 0 14 14 3 21 0 0 0 0 0 0 1 0 0 2 0 0 0 0 0 0 17 0 0 5 0 0 0 0 0 0 0 0 0 0 0 0 0 2 1 0 0 0 0 0 2 0 0 0 0 0 0 0 0 0 13 2 0 0 0 3 2 0 0 0 12 28 0 14 0 0 18 32 12 13 1 0 47 31 3 0 32 12 40 0 0 0 0 0 0 0 0 4 41 0 0 0 0 1 0 0 0 0 0 0 1 0 0 0 0 0 0 0 0 0 0 1 0 0 0 0 0 0 0 0 0 0 1 0 0 0 0 0 0 0 0 0 0 0 0 0 0 0 0 0 0 0 0 0 0 0 1 0 0 2 0 12 2 0 0 0 0 0 0 0 0 0 0 0 0 0 0 0 0 0 0 0 0 0 3 13 0 0 0 0 0 0 0 0 0 0 0 0 0 11 
 268 77 0 194 163 96 297 224 68 405 298 46 48 31 145 226 265 136 31 50 0 1 3 4 1 0 0 0 0 0 2 1 75 4 0 0 0 1 4 0 0 2 3 0 1 0 0 0 3 0 2 0 0 0 3 0 0 3 2 3 0 3 0 0 0 0 3 0 0 2 0 39 0 2 0 0 0 0 0 0 19 0 27 1 25 16 1 0 28 21 0 9 19 14 7 53 10 18 0 0 15 0 0 0 0 0 26 0 0 9 2 0 0 13 0 0 0 0 10 20 0 0 0 1 0 0 0 0 0 0 0 1 0 0 0 0 0 0 0 0 0 0 0 0 0 7 0 0 0 0 0 0 0 0 0 0 0 6 1 0 0 0 14 2 20 12 25 0 12 20 26 33 0 14 31 23 0 35 1 0 0 0 0 0 11 0 9 1 0 0 0 0 61 13 0 0 0 0 28 0 0 0 0 0 2 0 0 2 12 0 0 0 0 0 0 0 0 14 0 0 0 0 0 0 0 0 0 0 0 0 0 0 0 0 0 0 0 1 0 0 0 0 0 0 0 0 90 0 3 88 2 4 0 0 0 0 0 0 0 0 0 0 0 0 0 0 0 0 0 0 14 0 0 0 0 23 0 0 0 0 0 0 0 0 0 0 0 0 0 0 
 154 150 194 0 324 163 120 156 160 256 272 423 50 158 85 120 130 53 90 102 1 0 6 4 1 0 0 0 0 1 4 0 76 0 1 1 0 0 75 75 1 2 3 0 3 0 0 0 3 1 9 0 0 0 3 2 1 6 2 1 0 3 0 0 0 0 3 2 0 2 0 0 1 3 0 0 0 0 0 0 11 1 16 10 13 28 0 1 0 41 27 14 8 0 4 11 1 1 1 0 10 11 16 0 0 0 34 0 0 0 0 1 0 0 0 0 0 0 10 24 0 0 0 0 0 0 0 0 0 0 0 0 0 0 0 0 0 0 0 0 0 0 0 0 0 2 0 0 0 0 0 0 0 0 4 0 0 5 1 0 0 0 2 9 24 1 0 0 37 12 0 35 19 17 1 29 23 34 14 0 0 0 6 0 0 0 0 6 0 0 0 0 0 55 0 0 0 0 1 24 0 0 0 0 0 0 0 0 9 0 0 0 0 0 0 0 0 13 0 0 0 0 0 0 0 0 0 0 0 0 0 0 0 0 0 0 0 0 0 0 0 0 0 0 0 1 42 0 4 92 0 0 0 0 0 0 0 0 0 0 4 0 0 0 0 0 0 0 0 0 0 0 0 14 0 0 0 0 0 0 0 0 0 0 0 0 0 0 0 0 
 17 27 163 324 0 225 142 402 136 154 172 130 137 75 278 122 367 40 86 89 1 77 3 3 0 0 0 75 78 0 2 0 142 0 0 2 0 0 84 77 0 4 3 70 2 0 0 0 3 61 0 0 0 0 3 1 0 3 0 2 27 3 0 0 0 2 2 0 0 2 3 0 0 3 0 0 9 0 0 3 15 13 10 13 0 26 0 0 0 51 1 0 0 6 24 23 25 0 2 0 32 0 14 0 0 0 26 0 24 16 0 27 1 0 0 2 13 0 24 47 0 0 0 0 0 0 0 0 1 2 0 0 0 0 0 0 0 1 0 0 0 0 0 0 3 0 0 0 0 0 0 0 0 2 21 0 0 20 3 0 0 0 0 13 13 96 19 0 0 34 0 1 17 0 0 23 22 28 0 0 0 0 0 2 0 0 0 10 0 15 0 0 14 11 0 9 0 13 45 20 0 0 0 14 0 0 0 0 7 0 0 0 0 0 0 1 2 10 0 0 0 0 0 0 2 0 0 0 0 0 0 0 0 0 15 0 0 35 0 0 0 0 0 0 0 3 102 0 3 90 0 0 1 0 0 0 0 0 0 0 10 0 15 0 0 0 0 0 0 1 0 0 0 0 0 0 0 0 0 0 0 0 0 0 0 0 0 0 0 0 
 35 40 96 163 225 0 249 24 61 442 240 353 36 99 48 80 137 63 108 82 212 0 3 4 0 0 82 1 0 0 2 0 0 77 72 0 0 1 149 151 0 2 3 7 1 0 0 0 3 0 0 0 0 0 3 0 0 3 2 3 0 3 0 0 0 0 2 0 0 2 0 0 0 3 0 0 0 0 0 0 0 0 34 0 0 30 0 0 0 40 15 0 13 0 9 31 22 0 0 0 8 15 0 0 0 0 32 7 0 0 1 1 30 0 1 13 0 10 7 2 0 0 0 0 0 0 0 0 0 0 0 0 0 0 0 0 0 0 0 0 0 0 0 0 0 0 0 0 2 0 0 0 0 0 0 0 0 0 0 0 0 0 1 0 10 0 0 0 15 1 0 30 4 14 0 15 18 10 5 0 27 0 20 14 0 0 0 51 28 0 0 0 0 0 0 0 2 10 10 8 0 0 0 0 1 0 0 0 0 0 0 0 10 0 0 0 0 13 0 0 0 0 0 0 0 0 7 0 0 10 0 0 0 0 0 0 0 2 0 0 0 0 14 0 0 1 1 0 91 138 0 13 0 0 0 0 0 0 0 0 14 0 18 0 0 0 0 0 0 0 0 0 0 0 0 0 0 0 0 0 0 0 0 0 0 0 0 0 0 0 
 224 178 297 120 142 249 0 174 457 461 30 240 241 135 24 122 126 94 76 415 2 0 3 5 0 0 0 0 0 0 2 0 0 0 0 0 0 0 0 0 0 2 3 0 1 0 0 0 3 0 0 0 1 0 3 1 0 3 1 3 0 3 0 0 0 0 34 8 0 2 0 0 0 3 0 0 0 0 0 0 26 22 22 20 0 0 39 3 0 0 1 3 17 17 24 10 20 28 20 10 0 0 0 0 0 0 0 0 0 0 0 0 0 0 0 0 0 0 0 0 0 0 0 0 0 0 0 0 0 0 0 0 0 0 0 7 0 0 0 0 0 0 0 0 8 0 0 0 0 0 0 12 0 0 0 0 0 0 8 0 0 30 0 11 0 5 22 0 26 0 18 0 23 21 27 14 38 13 0 17 0 0 0 0 0 0 0 0 0 0 0 0 0 0 0 0 0 0 0 0 0 0 0 0 0 0 0 0 0 0 0 0 0 0 0 0 0 0 0 0 0 0 1 0 0 0 0 0 0 0 0 0 0 0 0 0 4 0 0 0 0 0 0 0 0 0 1 0 0 1 0 2 0 0 0 0 0 0 0 0 0 0 0 0 0 0 0 0 56 0 0 0 0 0 0 15 0 0 0 0 0 0 0 0 0 0 0 0 0 0 
 170 200 224 156 402 24 174 0 94 135 126 43 232 74 159 562 39 133 493 49 0 2 3 7 0 5 0 1 1 2 4 2 77 5 1 5 0 7 93 0 0 53 3 5 67 0 68 0 3 1 0 0 0 0 3 6 0 3 2 2 0 56 0 0 0 45 2 0 2 6 0 2 0 9 0 0 0 0 3 0 17 33 0 51 17 41 0 42 28 20 0 0 0 18 0 16 4 1 13 0 0 0 0 0 0 0 8 10 0 0 0 0 0 0 0 0 0 0 1 58 0 0 0 0 1 0 1 1 0 0 0 0 0 0 0 0 0 0 0 0 0 0 0 0 0 2 0 0 0 0 0 1 2 0 15 0 0 9 4 0 0 23 10 11 0 2 1 17 10 30 19 21 0 1 14 49 25 10 15 0 0 0 22 0 0 0 0 0 0 0 0 2 17 16 0 0 0 0 19 1 0 0 0 0 0 1 2 0 5 0 0 0 0 0 0 0 11 0 0 0 0 0 0 0 0 2 0 0 0 0 0 0 0 0 0 0 0 0 0 0 0 0 0 0 0 0 24 1 6 0 1 12 0 0 0 0 0 0 0 0 0 0 0 0 0 0 2 0 0 0 0 0 0 0 0 0 31 0 0 0 0 0 0 0 0 1 0 0 0 0 
 232 210 68 160 136 61 457 94 0 156 141 551 268 194 163 103 187 110 308 162 1 0 3 4 0 0 1 0 0 0 2 0 0 0 0 0 0 0 73 79 1 2 3 6 3 0 0 0 3 0 0 48 0 0 3 2 0 3 2 1 0 3 0 0 0 0 3 0 0 2 0 0 1 3 0 0 0 0 0 0 11 11 23 2 0 9 3 33 17 20 142 14 0 8 0 19 29 11 8 22 0 16 0 0 0 0 22 1 0 0 0 0 21 0 1 0 0 0 2 1 1 0 0 0 2 0 0 0 0 0 0 0 2 0 0 0 0 0 0 0 0 0 0 0 0 0 0 0 0 0 0 0 0 0 0 0 0 0 0 2 13 51 0 0 0 4 10 7 41 13 25 31 8 0 8 3 29 2 6 0 0 0 9 0 0 0 0 0 0 0 0 1 0 0 0 0 0 0 0 0 0 0 0 0 0 0 0 0 0 0 0 0 10 0 0 0 0 0 0 0 0 0 0 0 0 6 0 0 0 0 0 0 0 0 0 0 0 0 0 0 0 0 0 0 0 0 107 0 117 0 0 9 0 0 1 0 0 0 0 0 0 0 17 0 0 0 0 0 0 0 0 0 0 0 0 10 1 0 0 0 0 0 0 0 0 0 0 0 0 0 
 43 47 405 256 154 442 461 135 156 0 584 24 56 165 218 181 189 53 77 288 4 1 6 5 3 0 2 75 0 0 4 3 100 6 3 2 0 0 0 2 1 2 9 0 3 2 0 0 3 69 0 0 0 0 3 2 0 3 2 1 2 3 0 58 0 0 3 0 1 2 0 3 2 3 0 2 0 0 0 0 0 0 0 14 16 11 0 0 10 17 1 25 0 0 17 9 0 21 0 0 21 0 0 0 0 0 10 16 0 0 0 5 22 0 0 0 0 0 24 35 0 0 0 0 0 0 0 0 0 0 0 0 0 0 0 0 0 0 0 0 0 0 0 0 0 4 0 0 0 0 0 0 0 0 4 0 1 13 3 0 0 0 17 15 14 21 18 0 12 24 14 16 8 0 0 5 14 0 0 0 6 0 0 1 0 0 19 7 0 0 1 0 25 0 0 0 0 0 10 24 0 0 0 0 0 0 0 0 0 0 0 0 0 0 0 0 0 12 0 0 0 0 0 0 0 0 0 0 0 0 0 0 0 0 0 0 0 0 0 0 0 0 0 0 0 0 1 0 2 121 13 8 9 0 0 0 0 0 0 0 10 0 0 0 0 0 0 0 0 0 0 0 0 0 0 9 0 0 0 0 0 0 0 0 0 0 0 0 0 0 
 38 28 298 272 172 240 30 126 141 584 0 151 38 101 386 137 282 166 78 68 0 1 3 5 3 0 3 36 0 3 3 8 35 0 0 2 2 3 1 3 0 2 12 0 2 0 0 3 3 28 0 0 3 0 3 1 0 3 0 4 2 6 2 0 0 0 4 0 0 2 4 54 0 6 0 0 0 0 0 0 0 0 1 19 14 15 0 0 2 19 22 20 0 11 9 0 0 1 0 0 15 10 16 0 0 0 29 16 17 0 0 13 9 0 0 0 1 0 37 15 0 0 0 0 0 0 0 0 0 0 0 0 0 0 0 0 0 0 0 7 0 0 0 0 0 5 0 0 0 0 0 0 0 0 2 0 0 13 1 0 0 0 0 14 13 24 9 0 1 0 10 50 6 0 0 25 14 1 0 0 0 0 8 0 2 0 13 42 0 0 0 0 10 8 0 1 0 0 11 20 0 0 0 1 0 0 0 0 0 0 0 0 0 0 7 0 0 12 0 1 2 0 0 0 0 0 0 0 0 0 0 0 0 1 0 0 2 0 0 0 0 0 0 0 0 0 0 1 53 92 2 3 0 0 0 0 0 0 0 0 12 0 29 0 0 0 0 0 0 0 0 0 0 0 0 12 0 0 0 0 0 0 0 0 0 0 0 0 0 0 
 38 25 46 423 130 353 240 43 551 24 151 0 37 62 137 54 170 284 68 267 1 4 3 12 0 0 78 2 78 0 2 0 77 2 2 0 0 0 74 45 1 2 3 11 3 0 0 0 3 0 0 0 0 0 3 2 0 3 1 1 0 3 0 0 0 0 3 0 0 2 0 0 2 3 0 0 0 0 0 0 0 0 13 0 0 8 0 0 0 21 13 0 0 0 1 17 20 0 0 0 0 16 10 0 0 2 16 10 0 0 0 0 0 0 12 0 5 0 5 13 0 0 0 0 0 0 0 0 0 0 0 0 10 0 0 0 0 0 0 0 0 0 0 0 0 0 0 0 0 0 1 0 0 0 0 0 0 0 0 0 10 0 8 11 32 0 0 0 0 1 0 17 5 0 0 0 11 0 0 0 0 16 18 14 0 0 22 64 9 2 0 0 35 15 0 55 0 0 10 25 0 1 0 0 0 0 0 0 0 1 10 0 4 0 0 0 0 0 0 0 0 0 0 0 0 0 0 0 0 0 0 2 0 0 0 0 0 0 0 0 0 17 12 0 0 4 1 0 91 92 0 15 10 1 0 0 0 0 0 0 11 0 21 0 0 0 0 0 0 0 0 0 0 0 0 0 0 0 0 0 0 0 0 0 0 0 0 0 0 1 
 268 130 48 50 137 36 241 232 268 56 38 37 0 489 59 207 247 71 188 175 1 0 3 5 0 0 0 0 0 0 2 0 0 200 0 0 0 0 2 0 1 2 3 0 3 0 0 0 3 0 0 0 0 0 3 2 0 3 0 1 0 3 0 0 0 0 3 0 0 2 0 0 2 3 0 0 0 0 0 0 27 24 0 33 0 0 16 14 1 0 0 2 14 1 0 40 20 46 51 14 0 0 0 0 0 0 0 0 1 0 0 0 0 0 0 0 21 0 0 0 0 0 0 0 0 0 0 0 0 0 0 1 0 0 0 0 0 0 0 0 0 13 0 0 0 0 0 0 0 0 0 0 0 0 0 0 0 0 6 0 1 24 0 0 0 14 46 0 4 2 10 0 28 14 34 36 18 0 1 15 0 0 0 0 0 0 0 0 0 0 0 0 0 0 0 0 0 0 0 0 0 0 0 0 0 0 0 0 0 0 0 0 0 0 0 0 0 0 0 0 0 0 0 0 0 0 0 0 0 0 0 0 0 0 0 0 0 0 0 0 0 0 0 0 0 2 0 0 0 0 0 5 0 0 0 0 0 0 0 0 0 0 0 0 0 0 0 0 0 0 0 0 0 0 0 13 14 0 0 0 0 0 0 0 0 0 0 0 0 0 
 37 71 31 158 75 99 135 74 194 165 101 62 489 0 345 43 135 287 118 490 1 0 3 16 0 0 0 4 0 4 2 0 0 0 0 0 0 2 0 1 9 6 14 0 7 0 0 0 3 60 0 0 0 0 9 2 0 4 2 1 0 9 4 0 0 0 3 0 6 2 0 0 8 3 0 0 4 0 0 0 0 0 1 14 42 1 21 0 11 0 21 23 20 7 10 2 9 25 12 9 0 0 0 0 0 0 0 0 0 0 0 0 0 0 0 10 0 0 0 0 0 0 0 0 0 0 0 0 0 0 0 0 0 0 0 0 0 0 0 0 4 0 0 0 0 0 0 0 0 2 0 3 0 0 0 3 0 0 0 0 14 0 11 9 0 0 41 0 40 14 9 0 22 0 0 24 14 0 24 11 0 0 0 0 0 0 0 0 0 0 0 0 0 0 0 0 0 0 0 0 0 0 0 0 0 0 0 7 0 0 0 0 0 0 0 0 0 0 0 0 0 0 0 0 0 0 0 15 0 0 0 0 0 0 0 0 0 0 0 0 0 0 0 0 0 0 0 2 0 2 0 13 0 0 0 0 0 0 0 0 0 0 0 0 0 0 0 0 0 0 0 0 0 0 0 13 17 0 0 0 0 0 0 0 0 0 0 0 0 0 
 450 484 145 85 278 48 24 159 163 218 386 137 59 345 0 232 131 159 97 124 1 8 3 14 0 3 0 0 2 0 2 1 2 1 0 0 0 0 0 3 1 2 10 0 3 0 0 3 3 4 2 2 0 0 4 2 0 3 2 1 3 5 3 0 0 0 3 0 0 2 0 3 1 3 0 0 5 0 2 0 1 26 20 11 43 33 0 40 53 13 13 26 5 45 2 1 3 21 0 2 0 0 0 0 0 0 0 0 0 0 0 0 0 13 0 0 0 0 1 11 0 0 2 1 0 0 0 0 0 0 0 0 0 0 0 0 2 0 0 0 2 0 0 0 0 0 0 0 0 0 0 0 0 0 0 0 0 0 13 0 2 17 45 1 10 0 40 39 18 10 14 3 12 17 1 48 0 9 9 0 0 0 0 0 0 0 0 0 0 0 0 0 14 0 0 0 0 0 14 0 0 0 0 0 0 0 0 1 0 0 0 0 0 2 27 0 0 0 0 0 0 0 0 0 0 0 0 0 0 2 0 0 0 0 0 0 0 0 0 0 0 0 0 0 0 0 5 0 5 91 0 3 0 0 0 0 2 0 0 0 0 0 0 0 0 0 0 0 0 0 0 0 0 0 0 0 10 0 0 0 0 0 0 0 0 0 0 0 0 0 
 230 63 226 120 122 80 122 562 103 181 137 54 207 43 232 0 195 131 56 159 0 0 3 4 0 0 0 0 0 0 2 1 109 0 0 0 0 0 2 0 0 2 3 4 2 0 0 0 3 0 0 0 0 0 3 1 0 3 2 2 0 3 0 0 0 0 2 0 0 2 0 49 0 3 0 0 0 0 0 0 6 10 12 24 7 14 2 10 10 6 1 21 0 25 10 18 10 11 0 5 0 0 0 0 0 0 0 2 0 0 0 0 0 0 34 0 0 0 0 32 0 0 0 2 0 0 0 0 0 0 0 1 0 0 0 0 0 0 0 0 0 0 0 0 0 7 0 0 0 0 0 0 0 0 7 0 0 6 0 0 0 0 32 10 14 28 16 17 15 0 0 23 0 0 1 30 0 11 3 0 0 0 0 0 0 0 28 10 8 0 0 0 29 16 0 0 0 0 0 10 0 0 0 0 1 0 0 1 1 0 0 0 0 0 0 0 0 0 0 0 0 0 0 0 0 0 0 0 0 0 16 0 0 0 0 0 0 0 0 0 0 0 0 0 0 0 4 0 5 2 2 13 10 0 0 0 0 0 0 0 0 0 19 0 0 0 0 0 0 0 0 0 0 0 0 10 13 0 0 0 0 0 0 0 0 0 0 0 0 0 
 239 45 265 130 367 137 126 39 187 189 282 170 247 135 131 195 0 71 109 34 7 3 3 4 2 1 5 74 0 0 2 0 74 0 0 0 0 0 74 75 0 6 3 36 2 0 0 64 3 64 0 2 0 0 3 1 0 5 0 2 3 3 0 0 0 0 2 6 0 2 2 0 0 3 0 0 0 3 0 0 10 21 69 0 8 9 0 0 0 19 24 0 0 18 20 30 23 17 0 23 30 13 0 0 0 0 15 3 0 2 0 0 21 0 7 0 0 0 38 16 0 0 0 25 0 0 0 0 0 0 0 0 0 0 1 0 0 0 0 0 0 0 0 0 6 0 0 0 0 0 13 0 0 0 0 0 0 0 6 0 22 0 0 8 0 4 0 0 25 21 10 13 0 0 8 4 17 15 0 0 0 0 7 0 0 0 0 10 0 0 0 0 14 1 0 0 0 0 44 15 1 0 0 0 0 0 0 0 0 0 0 1 11 0 0 0 0 0 0 0 0 0 0 0 0 0 0 0 0 0 0 0 0 0 0 0 0 0 0 0 0 0 0 0 0 2 88 1 86 0 2 27 12 0 2 0 0 0 0 0 1 37 18 0 0 0 0 0 0 0 0 0 0 0 0 0 16 0 0 0 0 0 0 0 0 0 0 0 0 0 
 117 278 136 53 40 63 94 133 110 53 166 284 71 287 159 131 71 0 101 90 1 0 3 7 0 0 0 74 0 0 2 0 0 0 0 0 0 0 2 0 3 2 12 0 3 0 0 0 3 0 0 0 0 2 3 2 0 3 0 1 0 3 0 0 0 0 3 0 0 2 0 2 4 3 0 0 0 0 0 0 1 28 0 32 20 3 15 30 19 1 27 60 0 25 0 11 3 23 17 14 0 0 0 0 0 0 0 0 0 0 0 0 17 21 0 0 0 0 10 0 0 0 0 2 0 0 0 0 0 0 0 0 0 0 0 0 1 0 0 0 19 0 0 0 0 3 0 0 0 0 0 0 0 0 0 8 0 0 7 0 20 20 13 11 16 20 56 33 16 0 32 0 22 15 20 10 20 10 17 0 0 0 0 0 0 0 21 0 0 0 0 0 10 11 8 0 0 0 0 10 0 0 0 0 0 0 0 1 0 0 0 0 0 1 2 0 0 0 2 0 0 0 0 0 0 0 8 0 0 1 0 0 0 0 0 0 0 0 0 0 0 0 0 0 0 0 0 2 4 0 0 9 0 0 0 0 0 0 0 0 0 0 0 0 0 0 0 0 0 0 0 0 0 0 0 20 28 22 0 0 0 0 0 0 0 0 0 0 0 0 
 55 165 31 90 86 108 76 493 308 77 78 68 188 118 97 56 109 101 0 123 2 41 4 10 1 3 4 4 2 1 4 1 1 1 2 2 2 1 0 4 2 2 5 5 3 0 0 0 3 2 0 2 2 0 3 3 0 3 0 0 52 3 1 2 2 2 7 2 2 4 0 2 2 3 0 2 0 1 0 0 9 19 10 22 0 13 0 30 33 0 8 3 1 0 0 9 27 29 21 11 13 0 0 0 0 0 2 0 0 0 0 0 0 0 0 0 0 0 0 0 0 0 0 0 1 0 0 1 0 0 0 0 0 0 0 0 0 0 0 0 0 0 0 0 0 0 0 0 0 0 0 0 2 0 0 0 0 1 0 1 17 58 14 0 0 0 22 32 18 16 26 3 20 7 18 24 23 0 10 0 0 0 0 13 0 0 0 0 0 0 0 2 0 11 0 0 0 0 9 1 0 0 0 0 0 1 0 0 0 0 0 0 0 0 0 0 0 0 0 0 0 0 0 0 0 2 0 0 0 0 0 0 0 0 0 0 0 0 0 2 0 0 0 0 0 0 11 0 4 3 0 15 0 0 0 0 0 0 2 0 0 0 0 0 0 0 1 0 0 0 0 0 0 0 0 17 0 0 0 0 0 0 0 0 0 0 0 0 0 0 
 337 133 50 102 89 82 415 49 162 288 68 267 175 490 124 159 34 90 123 0 1 0 4 4 0 0 0 0 0 0 3 1 1 0 0 72 0 0 0 0 1 2 3 0 3 65 0 0 3 0 0 0 0 0 3 2 0 3 1 1 0 5 0 0 0 0 2 0 0 2 0 0 0 3 0 0 0 0 0 0 51 1 27 0 14 0 19 1 10 19 10 14 35 20 11 0 46 0 1 11 0 0 0 0 0 0 0 0 0 0 0 0 0 0 0 0 0 0 0 0 0 0 0 0 0 0 0 0 0 0 0 0 0 10 0 0 0 0 0 0 6 0 0 0 0 0 0 0 3 7 0 3 0 0 0 6 0 0 0 0 0 0 19 0 11 6 14 0 22 2 10 0 11 16 11 23 0 34 62 10 0 0 0 0 0 0 0 0 0 0 0 0 0 0 0 0 0 8 0 0 0 0 0 0 0 0 0 0 0 0 0 0 0 0 0 0 0 0 0 0 0 0 0 0 0 21 0 0 0 0 0 0 0 0 0 0 0 0 1 0 0 0 0 0 0 1 0 0 0 90 2 21 0 0 0 0 0 0 0 0 0 0 0 0 0 0 0 0 0 0 0 0 0 0 0 0 1 0 0 0 0 0 0 0 0 0 0 0 0 0 
 0 2 0 1 1 212 2 0 1 4 0 1 1 1 1 0 7 1 2 1 0 278 109 107 51 46 296 193 570 118 244 37 38 54 187 53 154 102 142 275 0 3 0 2 2 0 0 0 0 1 36 0 0 0 0 0 0 3 65 0 4 0 0 3 0 0 0 0 0 0 3 3 0 0 0 0 0 0 0 0 0 0 0 0 2 0 0 0 0 0 2 0 0 0 0 0 0 0 0 0 1 7 13 0 12 17 0 9 46 55 57 8 7 32 24 40 27 49 0 0 0 0 1 0 0 5 1 0 0 0 0 0 48 0 1 0 0 1 12 12 9 0 0 0 0 0 2 0 0 0 3 0 0 0 0 0 0 0 0 0 0 0 0 0 0 1 0 0 0 2 0 0 0 0 0 0 0 0 5 0 15 42 10 11 6 0 2 10 26 20 10 36 0 14 51 12 8 0 10 0 0 0 0 0 0 2 0 0 0 0 0 0 10 10 0 0 0 0 3 13 0 0 0 0 0 0 0 0 0 0 0 1 0 0 0 2 0 0 0 0 0 0 0 0 0 1 0 0 0 0 0 0 0 0 4 2 0 90 79 0 4 0 0 0 0 0 4 0 0 0 0 0 0 0 0 0 0 0 0 0 0 0 0 0 0 0 0 0 0 0 
 0 2 1 0 77 0 0 2 0 1 1 4 0 0 8 0 3 0 41 0 278 0 111 60 45 33 176 195 414 76 18 357 81 116 482 61 394 38 44 480 0 4 0 0 2 0 0 2 58 6 6 0 0 0 3 0 0 10 2 0 8 2 3 3 0 0 0 0 0 0 3 3 0 0 0 0 3 0 0 2 0 0 0 0 0 0 0 0 0 0 0 0 0 0 0 0 0 0 0 0 18 59 17 20 23 4 7 9 20 10 36 19 1 21 36 31 25 15 13 10 20 0 0 2 0 0 0 0 0 0 0 0 11 0 8 0 0 0 20 0 0 0 0 0 0 0 0 0 0 0 3 0 0 0 0 0 0 0 0 0 0 0 0 0 0 13 0 0 0 0 0 0 0 1 0 0 0 0 3 0 37 24 9 8 21 0 2 10 0 13 10 37 12 0 30 10 46 1 1 0 0 17 0 0 0 0 31 0 0 0 0 0 10 0 0 0 0 0 0 12 0 0 0 11 0 0 0 8 19 0 0 0 0 0 0 0 0 0 0 0 0 0 1 0 0 0 0 0 0 0 0 0 0 0 4 0 2 81 77 0 0 0 0 0 0 0 0 0 0 0 0 1 0 0 0 0 0 0 0 8 0 0 0 0 0 0 0 0 0 0 
 6 6 3 6 3 3 3 3 3 6 3 3 3 3 3 3 3 3 4 4 109 111 0 346 74 125 157 243 197 49 287 87 148 392 411 247 409 41 112 49 0 2 0 1 2 0 0 0 0 1 3 0 0 0 1 23 0 3 65 0 0 0 0 3 0 0 2 0 0 0 0 3 0 0 0 0 0 0 53 0 0 0 0 0 0 0 0 0 0 0 0 0 0 0 0 0 19 0 0 0 12 44 1 0 9 27 26 0 28 18 31 9 14 9 15 21 41 14 0 1 0 0 1 2 0 15 18 0 0 0 0 0 0 0 1 0 0 0 20 23 0 0 0 5 0 0 0 0 0 0 0 0 0 0 0 0 0 0 0 0 0 0 0 0 0 0 0 0 1 0 0 0 0 1 0 0 0 1 1 0 30 49 57 0 10 0 2 0 23 57 20 49 2 0 33 19 32 24 0 9 0 0 0 0 0 0 10 7 0 0 0 0 28 10 0 0 0 0 1 0 0 0 0 0 0 0 0 0 0 0 0 0 0 0 0 0 0 0 0 0 0 0 0 0 0 0 0 0 0 0 0 0 0 0 8 1 0 0 0 0 7 18 1 0 0 0 0 0 0 0 0 1 0 0 0 0 0 0 0 0 0 28 0 0 0 0 0 0 0 0 
 4 7 4 4 3 4 5 7 4 5 5 12 5 16 14 4 4 7 10 4 107 60 346 0 106 42 80 84 68 264 169 63 57 522 98 266 107 84 98 146 41 7 4 0 4 0 0 74 0 3 3 6 0 0 3 19 0 3 0 3 0 3 2 4 0 49 0 3 0 0 0 4 0 0 0 0 2 1 0 0 0 0 0 0 12 0 0 0 0 0 0 0 0 0 0 0 0 0 0 0 10 11 0 27 0 17 0 0 12 0 11 6 0 0 10 0 13 0 0 0 35 12 7 0 0 0 21 12 12 10 0 0 47 0 10 0 0 35 18 13 0 0 0 0 0 0 0 0 0 0 2 0 0 0 0 1 0 0 0 0 0 0 0 0 0 0 0 0 0 0 8 0 0 0 0 0 17 0 0 0 0 9 0 9 13 37 0 0 0 13 27 0 0 0 0 8 14 0 0 0 11 26 0 0 0 0 29 0 0 0 0 0 0 0 19 0 0 0 0 49 0 0 0 0 0 0 0 0 0 0 0 11 0 0 0 0 0 0 0 0 0 0 16 0 0 0 0 0 0 2 0 0 1 0 0 0 2 0 1 0 3 0 0 0 0 0 0 0 0 0 0 0 0 0 0 0 0 0 0 0 0 0 0 0 0 0 1 0 1 0 
 2 5 1 1 0 0 0 0 0 3 3 0 0 0 0 0 2 0 1 0 51 45 74 106 0 461 60 142 224 243 90 200 65 124 357 485 368 196 84 520 0 2 4 0 2 0 0 0 0 2 3 2 68 0 2 0 0 6 76 62 0 0 8 2 0 51 0 0 6 0 0 3 0 0 0 0 11 0 1 0 0 0 0 0 0 0 0 0 0 0 0 0 0 0 0 0 0 0 0 0 10 14 25 21 0 26 17 0 32 54 20 1 0 18 9 23 18 24 0 0 11 19 1 0 0 0 10 0 0 0 0 0 0 9 12 0 0 0 21 27 0 0 0 0 0 0 0 0 0 0 5 0 0 0 0 0 0 0 0 0 0 0 0 0 0 0 0 0 0 0 0 0 0 0 0 0 1 0 0 0 5 32 9 0 15 6 0 0 9 13 61 37 0 0 20 0 18 8 0 0 0 0 9 0 0 0 21 0 0 0 0 0 31 9 0 0 0 0 1 0 0 0 0 0 0 0 0 0 0 0 0 0 0 0 0 1 0 0 0 0 0 0 0 0 0 0 0 0 0 0 0 0 0 0 2 2 2 0 8 5 5 11 0 0 0 0 0 0 0 0 0 0 0 0 0 0 0 0 0 0 0 19 0 0 0 0 20 0 0 0 
 0 8 0 0 0 0 0 5 0 0 0 0 0 0 3 0 1 0 3 0 46 33 125 42 461 0 250 54 43 130 153 220 55 60 32 141 267 284 265 63 66 64 0 0 2 0 91 31 30 1 3 0 0 62 64 5 0 21 64 0 0 0 13 3 0 1 0 0 1 0 0 3 0 49 0 0 3 0 0 0 0 0 0 0 0 0 0 0 0 0 0 0 2 0 0 0 0 0 0 0 0 0 20 17 25 0 0 0 0 15 17 0 2 0 0 0 0 0 0 0 28 5 36 0 14 0 44 24 0 19 1 0 6 53 0 8 14 0 0 23 0 0 0 0 0 0 14 0 0 0 0 0 0 0 0 0 0 0 11 2 0 0 7 0 0 0 0 0 0 0 0 0 0 0 0 0 0 0 0 0 1 0 13 0 22 15 0 0 1 0 10 15 0 0 0 0 11 0 0 0 6 21 27 0 0 11 9 18 14 19 0 0 25 0 34 4 0 0 31 15 0 0 0 2 0 0 0 0 0 0 0 0 0 0 0 0 0 0 0 0 0 0 0 0 0 0 0 0 0 0 0 0 0 0 10 0 1 76 4 7 3 2 0 0 0 0 0 0 0 0 0 0 0 0 0 0 2 0 0 0 0 0 0 0 0 0 10 8 0 0 
 3 4 0 0 0 82 0 0 1 2 3 78 0 0 0 0 5 0 4 0 296 176 157 80 60 250 0 147 149 77 23 101 261 321 202 113 36 41 98 464 0 2 0 5 2 0 0 0 0 2 3 0 0 0 0 0 0 7 3 0 0 0 0 3 0 0 0 0 0 0 0 3 0 0 22 0 0 2 0 0 0 0 2 0 0 0 0 0 0 0 0 0 0 2 0 0 0 0 0 0 7 56 12 0 35 0 1 10 3 1 65 8 34 34 44 37 47 30 1 16 0 0 0 0 0 0 2 0 0 0 0 0 0 0 0 1 0 0 0 0 0 0 0 0 0 0 0 0 0 0 2 0 0 0 0 0 0 0 0 0 0 0 0 1 9 3 0 0 0 0 0 12 0 0 0 0 0 0 6 1 47 28 7 29 0 0 44 35 47 63 0 8 35 10 20 59 35 0 11 0 0 0 0 0 0 0 0 0 0 0 0 0 20 0 0 0 0 2 0 0 0 0 2 0 0 0 0 0 0 0 0 0 0 0 0 0 0 0 23 0 0 11 0 0 0 0 0 0 0 0 0 0 0 0 7 0 4 155 2 2 1 0 0 0 0 0 14 0 0 0 0 0 0 0 0 0 0 0 0 8 0 0 0 0 0 0 0 0 0 0 
 0 0 0 0 75 1 0 1 0 75 36 2 0 4 0 0 74 74 4 0 193 195 243 84 142 54 147 0 74 335 43 132 81 175 259 384 115 40 159 420 2 2 3 2 5 0 2 0 0 54 5 0 3 1 0 0 2 5 42 3 4 1 7 5 0 0 2 0 0 1 5 3 0 2 0 2 0 3 0 0 0 0 0 0 0 0 0 0 0 0 0 0 6 0 0 0 0 0 0 0 1 7 26 0 20 0 8 44 72 12 29 27 29 41 2 16 22 1 56 2 0 0 0 2 0 0 0 5 0 0 0 1 0 0 0 0 0 0 0 0 0 0 0 0 0 0 0 0 0 0 0 0 0 0 0 0 0 0 0 0 0 0 1 0 0 29 0 0 0 0 0 0 0 0 0 0 0 1 21 0 33 6 0 0 0 1 9 0 9 0 16 39 1 4 0 27 19 29 2 12 0 0 0 0 0 0 0 0 0 0 0 0 1 9 0 0 0 0 1 1 0 1 0 0 0 0 0 0 0 0 0 0 0 0 0 0 0 0 0 0 0 0 0 0 0 0 0 0 0 0 0 0 2 0 6 0 2 0 13 0 0 0 0 0 0 0 0 0 0 2 0 1 0 2 0 7 0 17 0 0 0 10 0 0 0 0 0 0 0 0 
 0 1 0 0 78 0 0 1 0 0 0 78 0 0 2 0 0 0 2 0 570 414 197 68 224 43 149 74 0 81 133 44 175 323 232 154 171 39 93 248 0 2 0 3 5 0 0 0 0 4 6 0 0 0 2 2 2 3 67 0 10 0 0 3 3 2 0 0 0 0 7 5 0 0 0 0 0 2 0 0 0 0 0 0 1 0 0 0 0 0 0 0 0 0 0 0 0 0 0 0 1 0 13 21 18 14 10 0 23 53 2 10 0 17 0 0 0 15 18 16 0 0 0 0 0 0 0 0 0 0 0 0 0 15 0 0 0 2 0 7 0 0 34 0 0 0 1 0 0 0 0 0 0 0 0 0 0 0 0 0 8 0 0 0 0 16 0 0 0 1 0 0 0 0 0 0 1 0 0 0 12 41 8 10 13 0 0 20 9 102 2 17 0 8 37 0 2 0 1 0 0 0 0 0 0 1 17 0 0 2 0 0 10 0 0 0 0 0 9 0 0 0 0 0 0 0 0 0 0 0 1 1 9 0 0 1 0 0 0 0 0 9 0 0 0 2 0 0 0 0 0 0 0 0 2 0 0 5 0 0 0 8 0 0 0 3 1 1 0 0 0 0 0 0 0 0 0 0 0 14 0 13 0 0 0 0 0 0 0 0 
 1 2 0 1 0 0 0 2 0 0 3 0 0 4 0 0 0 0 1 0 118 76 49 264 243 130 77 335 81 0 304 119 34 106 93 385 121 196 99 184 62 0 0 0 2 0 62 0 0 1 3 0 0 0 0 0 23 3 3 0 0 0 0 0 0 48 0 0 4 3 0 1 0 0 2 0 8 0 0 0 0 0 1 0 0 0 0 0 0 0 0 0 0 0 0 0 0 0 0 0 23 18 0 38 1 17 9 1 35 0 31 29 19 22 14 0 20 0 23 0 0 38 0 0 0 0 14 29 2 0 0 0 1 0 10 0 0 1 52 12 0 0 0 0 0 0 0 0 5 0 6 0 0 0 0 0 0 0 0 0 0 0 0 0 1 18 0 2 0 0 0 0 7 0 0 0 9 0 0 0 14 11 0 0 9 47 0 1 19 14 22 0 0 0 0 23 16 21 9 0 11 12 8 0 0 0 29 22 0 0 0 0 0 0 53 0 0 0 12 12 0 0 0 0 0 0 0 0 11 0 0 0 0 2 0 0 0 0 0 0 0 0 0 0 0 0 0 0 0 0 0 0 0 0 4 0 2 0 98 0 0 0 0 0 0 0 0 0 0 0 0 0 0 0 0 0 0 0 0 0 0 4 0 0 0 0 13 0 0 0 
 2 5 2 4 2 2 2 4 2 4 3 2 2 2 2 2 2 2 4 3 244 18 287 169 90 153 23 43 133 304 0 386 46 113 71 94 72 198 30 71 82 5 0 1 2 2 126 62 1 4 5 0 0 1 2 4 24 3 22 65 0 1 4 6 0 41 0 0 3 2 0 3 0 0 0 0 5 0 0 0 0 0 0 0 0 0 0 0 0 0 0 0 0 0 0 0 0 0 0 0 0 0 9 51 34 21 0 0 0 8 0 2 0 0 0 0 0 0 0 0 12 33 33 0 0 0 24 26 34 25 0 0 22 15 1 8 0 21 24 26 0 0 0 0 0 2 0 0 0 8 0 1 0 1 2 0 0 0 0 0 0 0 0 0 0 0 0 0 0 0 6 0 0 0 0 0 4 0 0 0 0 0 0 18 13 24 0 0 1 0 37 0 0 7 0 0 4 0 0 0 28 12 41 0 11 1 41 22 0 0 2 0 6 0 34 0 0 21 47 37 0 0 0 0 0 0 0 0 0 0 0 0 0 0 0 0 0 0 0 7 0 0 9 0 0 1 0 0 0 0 0 0 0 0 2 1 0 6 6 0 2 1 0 0 0 0 0 0 0 0 0 0 0 0 0 0 0 0 0 0 0 0 0 0 0 0 13 0 0 0 
 1 6 1 0 0 0 0 2 0 3 8 0 0 0 1 1 0 0 1 1 37 357 87 63 200 220 101 132 44 119 386 0 42 87 105 115 205 86 104 47 2 3 4 2 3 2 6 1 0 5 5 2 66 1 0 3 2 3 65 148 0 1 3 3 3 54 0 0 0 0 5 4 0 0 0 0 0 0 0 0 0 0 0 0 0 0 0 0 0 0 0 0 0 0 0 0 0 0 0 0 9 12 0 21 16 10 6 0 15 29 18 0 0 31 18 10 65 22 0 0 0 21 0 0 0 0 35 0 0 0 0 0 1 0 7 4 0 0 9 0 0 0 0 1 0 0 0 0 0 0 6 0 0 0 1 0 2 0 0 0 0 0 0 0 0 0 0 0 0 0 0 0 0 0 0 0 2 0 0 10 0 12 0 8 16 23 11 0 9 0 42 10 0 15 10 10 31 24 0 0 18 2 11 1 0 0 28 9 0 0 1 0 8 7 9 0 0 0 0 3 0 0 0 0 0 0 0 0 2 0 0 0 0 0 0 0 0 0 0 0 0 0 0 0 0 0 0 0 0 0 0 0 0 0 5 0 0 73 3 0 4 8 0 0 0 0 8 0 0 0 0 0 0 0 0 0 0 0 0 0 0 12 0 0 0 0 0 0 0 0 
 0 0 75 76 142 0 0 77 0 100 35 77 0 0 2 109 74 0 1 1 38 81 148 57 65 55 261 81 175 34 46 42 0 135 413 119 244 40 353 72 0 2 0 63 2 0 0 0 0 0 3 0 0 0 0 0 0 3 64 1 0 0 0 3 0 0 0 0 0 0 0 3 0 0 0 0 0 49 0 0 0 0 0 14 4 21 0 0 0 0 0 49 0 0 0 12 0 0 0 0 9 3 0 0 0 1 0 47 21 0 0 0 20 16 25 0 4 0 0 30 12 0 0 0 0 0 0 0 0 0 0 0 0 0 0 0 10 0 0 0 0 0 0 0 0 6 0 0 0 0 0 0 0 0 9 0 0 6 0 0 3 0 9 20 24 26 0 0 0 0 0 24 0 0 0 0 0 0 0 0 6 0 13 0 0 0 54 35 20 13 0 3 57 0 16 23 0 3 9 0 0 0 0 0 0 0 0 2 0 0 0 0 10 0 0 1 0 9 0 0 0 0 0 0 2 0 0 0 0 0 0 0 0 0 0 0 0 0 0 1 0 15 0 0 0 0 0 0 0 0 0 0 1 0 0 0 0 79 1 5 2 0 0 0 0 0 0 0 0 0 0 0 0 0 0 9 0 0 0 12 0 0 0 0 0 0 0 0 0 0 
 0 8 4 0 0 77 0 5 0 6 0 2 200 0 1 0 0 0 1 0 54 116 392 522 124 60 321 175 323 106 113 87 135 0 440 279 110 25 215 144 0 2 0 0 2 0 0 0 0 1 3 0 0 1 1 0 0 3 1 0 5 0 0 3 0 1 0 1 0 0 0 3 0 0 0 0 0 0 0 0 0 0 0 0 0 0 0 0 0 0 0 0 0 0 0 0 0 0 0 0 25 59 36 0 0 17 18 6 29 25 43 10 7 23 33 24 13 19 0 18 0 0 0 0 0 0 18 0 0 0 0 0 0 0 0 0 0 0 43 20 0 0 0 0 0 0 0 0 0 0 0 0 0 0 0 0 0 0 0 0 6 0 0 0 0 0 25 0 0 0 0 0 0 0 0 0 0 0 0 11 55 31 27 8 18 0 0 11 16 17 28 2 14 6 27 13 8 60 0 0 13 41 0 0 0 0 1 0 0 0 0 0 23 0 0 0 0 0 0 0 0 0 0 0 0 0 0 0 0 0 0 0 0 0 0 0 0 0 0 0 0 0 0 0 0 0 0 0 0 0 0 0 0 0 0 0 3 80 76 2 0 11 0 0 0 0 0 0 0 0 0 0 0 0 0 0 0 0 0 13 0 18 0 0 0 0 0 0 0 0 
 0 6 0 1 0 72 0 1 0 3 0 2 0 0 0 0 0 0 2 0 187 482 411 98 357 32 202 259 232 93 71 105 413 440 0 405 151 211 258 289 0 2 0 0 2 0 0 0 0 1 3 0 0 62 2 0 0 3 1 0 0 0 0 2 0 0 0 0 0 0 0 3 0 0 0 0 0 0 0 0 0 0 0 0 0 0 0 0 0 0 0 0 0 1 0 0 0 0 0 0 10 20 0 11 0 15 0 12 27 0 13 29 8 36 45 49 78 28 0 12 0 0 0 0 0 0 1 0 0 0 0 0 0 0 0 0 0 0 11 0 0 0 0 0 0 0 0 0 0 0 7 0 0 0 0 0 0 0 0 0 3 0 7 0 0 0 0 0 0 0 1 0 0 2 0 0 0 0 1 0 21 31 18 41 12 0 19 51 8 88 12 15 16 26 33 22 15 25 0 0 0 0 0 0 0 0 12 0 0 0 0 0 0 0 0 0 2 0 9 0 0 0 0 0 0 0 0 0 0 0 0 0 0 0 0 0 2 0 0 0 0 0 0 0 0 0 0 0 0 0 0 0 0 0 0 0 2 151 0 0 0 0 0 0 0 0 4 0 0 0 0 0 0 0 0 0 0 0 0 12 0 0 0 0 0 17 0 0 0 0 
 3 6 0 1 2 0 0 5 0 2 2 0 0 0 0 0 0 0 2 72 53 61 247 266 485 141 113 384 154 385 94 115 119 279 405 0 292 188 168 96 0 3 0 5 4 0 0 0 0 1 3 0 0 0 1 5 0 3 14 0 0 0 9 3 0 0 0 0 0 2 2 5 0 6 0 0 3 0 0 0 0 0 0 0 0 0 0 0 0 0 0 0 0 0 0 0 0 0 0 0 15 7 57 24 11 14 18 13 26 2 18 40 26 23 22 15 31 9 12 0 5 0 0 0 0 0 0 0 0 1 0 0 0 2 0 0 0 0 14 99 0 0 0 0 0 0 0 0 0 0 0 0 0 0 1 0 2 0 0 22 0 0 0 0 0 37 0 0 0 0 0 0 0 0 0 0 0 0 1 0 25 0 68 21 16 0 12 0 2 11 0 15 15 0 18 35 19 31 23 38 0 0 1 1 0 0 20 0 0 0 1 0 20 0 9 0 0 0 0 0 1 0 0 0 0 0 0 0 0 0 0 0 0 0 0 0 0 0 0 0 0 0 0 0 0 0 0 0 0 0 0 0 0 0 2 0 0 75 42 2 3 5 0 0 0 0 0 0 0 0 0 0 0 0 0 0 0 0 0 1 0 30 0 0 0 2 8 0 0 0 
 0 3 0 0 0 0 0 0 0 0 2 0 0 0 0 0 0 0 2 0 154 394 409 107 368 267 36 115 171 121 72 205 244 110 151 292 0 424 25 30 0 2 0 0 2 0 0 0 0 1 3 0 29 0 0 0 0 3 63 29 0 0 0 3 0 1 0 0 0 0 0 3 0 0 0 0 0 0 0 0 0 0 0 0 0 0 0 0 0 0 0 0 0 0 0 0 0 0 0 0 18 15 0 0 1 27 14 0 25 12 56 0 0 13 25 0 9 11 0 0 30 0 0 0 0 0 0 0 0 0 0 0 2 0 10 0 0 0 19 3 0 0 0 0 0 0 0 0 0 0 2 11 0 0 0 0 0 0 0 0 0 0 0 0 0 0 0 0 0 0 0 0 0 0 0 0 0 0 0 0 1 14 3 0 27 8 0 0 14 13 9 4 0 0 2 7 12 8 0 0 0 0 0 0 0 0 9 0 0 0 0 0 9 11 0 0 0 0 9 9 0 0 0 0 0 0 0 0 0 0 0 0 0 0 0 0 0 0 0 0 0 0 0 0 0 0 0 0 0 0 0 0 0 0 3 1 0 0 72 1 1 0 0 0 0 0 0 0 0 0 0 0 0 0 0 0 0 0 0 0 0 0 0 0 0 5 0 0 0 0 
 2 3 1 0 0 1 0 7 0 0 3 0 0 2 0 0 0 0 1 0 102 38 41 84 196 284 41 40 39 196 198 86 40 25 211 188 424 0 40 98 0 3 2 2 2 0 61 0 0 3 3 0 74 0 1 8 0 3 1 64 2 0 3 3 0 47 0 0 40 0 0 3 0 0 0 0 4 0 0 0 0 0 0 0 0 0 7 1 1 0 0 0 0 0 0 0 0 2 0 2 19 12 1 89 15 0 0 12 6 19 12 30 0 1 26 21 23 19 2 0 21 32 19 0 0 0 9 12 11 0 0 0 12 0 12 0 0 0 25 13 0 0 0 0 0 0 0 0 0 0 40 0 0 0 0 0 0 0 0 0 0 0 0 0 14 13 0 0 0 0 0 0 0 0 0 0 8 0 0 0 1 10 0 28 15 29 0 14 1 22 51 0 20 0 0 9 18 43 2 0 11 10 11 0 0 0 22 0 0 0 0 0 0 0 11 0 0 0 13 7 0 0 0 0 0 0 0 0 0 0 1 0 0 0 0 0 0 0 0 0 0 0 3 0 0 0 0 0 0 0 0 0 0 0 7 2 2 106 1 0 2 3 0 0 0 0 0 0 0 0 0 0 0 0 0 0 0 0 0 1 0 0 0 1 0 16 32 0 0 0 
 0 0 4 75 84 149 0 93 73 0 1 74 2 0 0 2 74 2 0 0 142 44 112 98 84 265 98 159 93 99 30 104 353 215 258 168 25 40 0 82 0 2 0 6 5 0 0 3 33 4 5 3 0 0 1 0 2 3 2 0 0 0 0 6 2 52 0 0 62 2 0 3 0 0 3 3 0 0 2 0 19 0 10 0 0 20 0 0 0 17 0 0 0 0 0 20 44 0 0 0 10 8 23 2 0 0 9 6 11 4 10 36 8 20 13 73 30 9 10 9 0 0 0 0 0 0 0 0 0 0 0 0 0 0 0 0 0 26 0 0 0 0 0 0 0 0 4 0 0 14 0 0 0 0 0 0 0 0 0 0 0 0 0 0 2 15 0 0 0 32 0 0 0 0 0 0 8 14 0 0 15 0 19 20 0 0 54 0 0 18 0 1 0 36 20 48 18 48 1 11 0 0 0 0 0 0 0 0 10 20 0 0 0 0 0 0 0 0 0 0 0 0 0 0 0 0 0 0 0 0 0 0 0 0 0 0 0 0 0 0 0 0 0 0 0 0 82 1 0 0 0 0 0 0 2 0 2 8 0 2 1 0 22 0 0 0 7 0 0 0 0 0 0 0 0 0 0 25 0 0 0 0 0 0 0 0 0 0 0 0 
 0 4 0 75 77 151 0 0 79 2 3 45 0 1 3 0 75 0 4 0 275 480 49 146 520 63 464 420 248 184 71 47 72 144 289 96 30 98 82 0 0 2 0 11 2 2 0 0 0 5 7 0 0 0 204 4 6 3 3 0 5 0 3 6 1 0 0 0 1 2 7 6 0 0 6 2 0 0 0 2 0 0 10 0 0 0 0 0 0 20 0 0 0 14 0 0 15 0 0 0 0 0 0 19 0 0 10 13 47 20 9 13 10 34 24 0 2 11 18 5 1 2 0 0 0 0 0 0 0 0 0 0 0 0 0 0 0 0 2 0 0 0 0 0 0 0 0 0 0 0 6 0 0 0 0 0 0 0 1 0 6 0 0 0 13 9 0 0 0 0 0 2 25 0 0 1 9 0 0 0 10 11 1 29 0 0 49 44 26 11 0 0 31 7 14 8 0 0 10 12 0 0 0 0 0 0 0 0 0 0 0 0 17 1 0 0 0 0 0 0 0 0 0 0 0 0 0 8 0 0 0 0 0 0 0 0 0 3 1 0 0 43 0 0 0 0 0 0 0 78 0 0 0 0 3 0 1 80 0 4 11 2 23 0 0 0 1 0 0 0 0 0 0 0 3 0 0 1 0 12 0 0 0 0 0 0 0 0 0 0 
 3 2 0 1 0 0 0 0 1 1 0 1 1 9 1 0 0 3 2 1 0 0 0 41 0 66 0 2 0 62 82 2 0 0 0 0 0 0 0 0 0 102 300 67 48 49 210 435 164 37 38 24 330 45 258 336 51 107 52 132 0 0 0 5 2 4 0 0 0 6 4 5 0 6 0 3 0 0 0 2 0 0 0 0 0 0 0 0 0 0 0 0 0 0 0 0 0 0 0 0 0 13 0 22 29 20 0 0 0 0 0 0 0 0 0 0 0 0 0 0 11 4 20 0 0 0 6 58 29 1 0 0 14 14 0 0 0 19 25 86 0 5 0 0 7 1 0 0 0 0 0 0 0 0 0 0 1 1 0 0 0 0 6 0 0 0 0 0 0 0 7 0 0 0 0 0 0 0 0 0 0 0 0 0 34 19 0 3 0 0 0 12 0 0 0 0 0 0 0 0 41 41 7 0 0 9 18 20 27 24 10 9 20 24 19 0 0 6 32 17 17 0 0 0 0 10 0 0 0 2 5 0 0 20 0 10 0 3 0 0 0 0 0 0 0 0 0 0 0 0 0 2 1 0 0 0 0 64 0 23 0 0 0 0 0 2 0 0 2 0 0 0 0 0 0 0 0 0 0 0 0 0 0 0 0 0 0 0 0 0 
 64 2 2 2 4 2 2 53 2 2 2 2 2 6 2 2 6 2 2 2 3 4 2 7 2 64 2 2 2 0 5 3 2 2 2 3 2 3 2 2 102 0 208 135 44 30 133 195 514 135 271 82 118 183 580 67 108 330 55 40 0 2 0 6 0 0 0 1 0 0 0 0 20 0 0 0 0 0 0 62 0 0 0 0 0 0 0 0 0 0 0 0 0 0 0 0 0 0 0 0 0 0 0 0 0 0 0 19 0 0 11 0 0 0 0 0 0 0 0 0 11 10 11 10 5 1 21 20 1 18 13 12 0 7 16 25 36 10 0 10 8 0 14 0 0 0 3 19 0 0 0 0 0 14 0 0 0 0 11 0 0 0 1 3 0 0 0 0 0 0 0 0 0 0 0 0 0 0 0 0 0 0 0 0 0 0 0 0 0 0 0 0 0 0 0 0 0 0 0 0 0 17 11 0 0 10 7 7 11 10 13 12 0 32 10 15 0 10 0 13 2 0 0 9 0 0 7 0 12 0 0 0 0 8 0 0 0 0 22 0 0 0 0 0 0 0 0 0 0 0 0 0 0 0 0 0 0 0 0 10 0 0 67 0 0 2 1 0 2 0 0 0 0 0 0 0 0 0 0 0 0 0 0 0 0 27 0 10 1 0 
 3 3 3 3 3 3 3 3 3 9 12 3 3 14 10 3 3 12 5 3 0 0 0 4 4 0 0 3 0 0 0 4 0 0 0 0 0 2 0 0 300 208 0 398 109 155 54 156 347 145 393 96 56 64 56 97 363 137 46 271 0 0 0 1 4 1 2 0 0 12 0 0 75 0 0 0 0 0 10 26 0 0 0 0 47 0 0 0 5 0 0 8 0 9 4 0 0 1 0 0 0 0 0 0 0 0 0 0 0 0 0 0 0 0 0 0 0 0 0 0 32 0 0 0 2 0 19 0 0 24 27 37 0 0 19 23 2 0 0 0 0 0 11 5 0 0 31 30 0 0 0 0 10 21 0 11 0 0 0 0 1 0 0 14 0 0 5 0 1 0 4 0 0 0 0 12 0 1 0 6 0 0 0 0 0 0 0 0 0 0 0 0 0 0 0 0 0 0 0 0 0 25 5 1 10 0 0 9 19 19 16 0 0 7 0 19 0 3 0 0 15 0 0 0 0 0 10 8 0 0 0 13 15 0 1 0 14 0 11 12 0 0 0 0 0 0 0 0 0 0 0 2 0 1 0 0 0 0 1 3 0 0 44 0 2 25 1 0 0 0 16 0 0 0 0 0 0 0 0 0 0 0 0 0 10 0 0 11 2 0 
 3 4 0 0 70 7 0 5 6 0 0 11 0 0 0 4 36 0 5 0 2 0 1 0 0 0 5 2 3 0 1 2 63 0 0 5 0 2 6 11 67 135 398 0 186 78 139 347 145 186 120 221 282 198 100 43 192 190 105 63 0 57 0 0 0 1 53 2 0 0 0 0 0 0 0 0 0 69 1 0 0 0 7 0 0 0 0 0 0 3 0 0 0 0 0 0 5 0 0 0 0 0 0 0 0 0 0 4 0 0 0 0 0 0 4 0 0 0 0 0 9 0 30 17 0 13 11 0 27 1 10 22 0 0 61 6 22 0 0 0 0 0 8 3 0 0 0 0 0 0 0 0 4 21 29 1 0 0 0 2 0 0 0 0 7 1 0 0 0 0 0 0 0 0 2 0 9 0 0 0 0 0 0 0 0 0 1 6 0 0 0 0 12 0 0 0 0 0 0 0 12 9 35 14 9 3 0 14 25 10 2 13 10 18 0 12 0 23 0 0 17 0 0 0 0 0 10 7 1 0 0 0 11 0 0 0 0 0 11 1 0 1 0 0 0 0 0 0 0 0 0 0 0 2 0 0 0 0 0 5 0 0 32 3 6 4 2 0 0 0 19 0 0 0 0 0 0 0 0 0 0 0 0 0 0 0 0 1 2 0 
 5 6 1 3 2 1 1 67 3 3 2 3 3 7 3 2 2 3 3 3 2 2 2 4 2 2 2 5 5 2 2 3 2 2 2 4 2 2 5 2 48 44 109 186 0 185 59 134 264 191 187 68 95 79 70 510 287 322 57 91 0 0 5 0 1 2 23 26 0 1 0 0 0 7 28 44 4 0 71 0 0 0 0 0 0 0 0 21 0 0 0 0 0 0 0 0 0 0 0 0 0 0 0 0 0 0 0 0 0 0 0 0 0 0 0 0 0 0 0 0 0 0 0 4 16 22 0 0 0 0 15 33 0 0 0 0 0 4 0 0 0 4 0 10 1 0 0 1 0 0 22 0 11 9 41 0 16 7 0 7 0 0 0 4 0 0 0 0 0 0 0 0 0 0 0 0 0 0 0 21 0 0 23 0 0 0 0 0 0 0 0 0 0 0 0 0 0 0 0 0 0 0 12 0 15 9 23 20 0 0 7 3 0 10 0 20 0 0 0 0 13 1 7 1 5 0 23 0 7 9 0 0 32 6 34 9 11 0 9 0 0 0 0 0 0 0 0 0 0 0 0 2 0 0 0 0 0 0 0 1 0 0 2 0 1 12 0 0 2 0 24 0 0 0 0 0 0 0 0 0 0 0 0 0 13 0 0 1 0 0 
 0 3 0 0 0 0 0 0 0 2 0 0 0 0 0 0 0 0 0 65 0 0 0 0 0 0 0 0 0 0 2 2 0 0 0 0 0 0 0 2 49 30 155 78 185 0 33 75 48 339 88 214 244 96 137 350 143 90 39 72 89 51 0 61 3 1 53 0 0 5 22 11 0 55 0 10 71 4 50 0 20 0 0 0 0 0 0 0 0 0 0 0 0 0 0 0 0 0 0 0 0 0 0 0 0 0 0 0 0 0 0 23 10 0 0 0 0 0 0 0 11 0 9 10 11 22 0 0 10 13 23 22 0 21 0 8 12 10 0 0 0 0 0 3 5 2 6 0 15 13 19 9 11 1 23 12 14 0 7 16 0 0 0 0 0 0 0 0 0 0 0 0 0 0 0 0 0 0 0 6 0 0 0 0 0 0 0 0 0 0 0 0 0 0 0 6 0 0 0 0 0 0 9 6 21 19 0 16 19 29 9 0 0 0 0 27 11 12 0 0 10 18 0 15 0 5 0 11 0 15 7 0 0 0 0 0 36 4 33 16 0 0 16 0 0 0 0 0 0 0 0 2 0 1 0 0 0 0 0 2 0 13 64 0 1 20 0 35 0 0 22 0 0 0 0 0 0 0 0 0 0 2 0 0 0 0 0 0 2 0 
 0 0 0 0 0 0 0 68 0 0 0 0 0 0 0 0 0 0 0 0 0 0 0 0 0 91 0 2 0 62 126 6 0 0 0 0 0 61 0 0 210 133 54 139 59 33 0 120 59 59 239 269 126 217 172 115 104 72 123 197 0 0 0 0 0 1 0 0 1 0 0 0 0 0 0 0 2 0 0 0 0 0 19 0 0 0 0 0 0 0 0 0 0 0 0 0 0 0 0 0 0 0 0 15 9 10 0 0 0 10 0 0 0 0 0 0 0 0 0 0 22 28 30 14 19 15 0 18 9 10 2 12 22 11 11 0 35 1 20 13 0 0 0 0 0 0 0 0 0 0 0 0 0 0 0 0 0 0 20 0 9 0 3 0 0 0 0 0 0 0 2 0 0 0 0 0 0 0 0 0 0 0 0 0 0 0 0 0 0 0 15 0 0 0 0 0 0 0 0 0 33 25 15 0 12 4 3 10 25 46 0 11 19 1 0 17 0 20 34 49 0 0 0 0 0 0 0 0 0 0 0 0 0 0 0 0 0 0 0 0 0 0 0 0 0 0 0 0 0 0 0 6 0 0 0 0 0 63 0 22 4 0 0 0 63 4 0 0 0 0 0 0 0 0 0 0 0 0 0 0 0 0 0 0 0 0 10 0 2 0 
 2 0 0 0 0 0 0 0 0 0 3 0 0 0 3 0 64 0 0 0 0 2 0 74 0 31 0 0 0 0 62 1 0 0 0 0 0 0 3 0 435 195 156 347 134 75 120 0 176 125 93 77 176 304 198 128 92 85 75 44 24 6 0 0 11 1 2 6 5 0 0 0 0 0 0 0 0 0 57 0 0 0 0 0 0 0 0 0 0 0 0 0 0 0 0 0 0 0 0 0 0 0 0 0 0 7 0 0 0 0 0 0 0 18 0 0 0 0 0 0 19 0 19 9 30 0 10 31 10 0 0 34 20 4 0 10 25 9 0 22 0 0 4 6 0 0 8 0 10 7 0 13 10 13 0 15 0 0 28 0 0 0 3 0 0 0 0 0 0 0 2 0 0 0 0 0 0 0 0 0 0 0 0 0 0 0 0 0 0 0 0 0 0 0 0 0 0 0 0 0 1 26 18 4 39 4 7 7 48 45 0 0 19 1 0 34 12 11 14 0 12 42 0 9 0 0 0 0 0 0 0 5 12 0 7 0 0 0 3 4 0 0 26 0 0 0 0 0 0 0 0 8 0 0 0 0 0 0 0 22 0 0 65 52 2 5 0 38 0 0 18 0 0 0 0 0 0 0 0 0 0 0 0 0 0 0 0 0 2 0 
 3 3 3 3 3 3 3 3 3 3 3 3 3 3 3 3 3 3 3 3 0 58 0 0 0 30 0 0 0 0 1 0 0 0 0 0 0 0 33 0 164 514 347 145 264 48 59 176 0 109 51 43 301 227 396 58 599 80 176 125 0 0 0 5 0 1 0 0 56 0 0 0 59 0 3 0 0 0 0 4 12 0 0 0 0 0 0 0 0 0 0 0 0 0 0 0 0 0 0 0 0 0 0 0 20 21 0 0 0 0 0 0 0 0 0 0 0 0 0 0 0 0 32 0 21 16 29 27 9 20 33 13 21 2 54 32 40 0 1 13 18 0 7 0 0 0 0 1 0 10 0 0 7 1 0 0 0 0 32 1 0 0 3 0 0 0 0 0 0 0 2 0 0 0 0 0 1 0 0 0 0 0 0 0 0 0 0 0 0 0 0 0 0 0 0 0 0 0 0 0 0 15 11 14 7 20 8 20 27 19 8 26 19 33 1 15 0 24 14 8 14 2 9 2 0 0 2 17 7 0 0 0 3 14 0 0 7 0 24 1 0 0 0 0 0 0 0 0 0 0 0 2 0 0 0 0 0 0 0 26 0 0 1 0 65 0 0 0 1 0 1 0 0 0 0 0 0 0 0 0 0 0 0 0 0 14 0 0 2 0 
 0 3 0 1 61 0 0 1 0 69 28 0 0 60 4 0 64 0 2 0 1 6 1 3 2 1 2 54 4 1 4 5 0 1 1 1 1 3 4 5 37 135 145 186 191 339 59 125 109 0 403 272 54 137 149 127 515 151 92 301 2 0 0 0 0 0 1 1 0 0 25 0 0 0 0 0 0 0 59 0 0 0 0 0 0 0 0 0 0 0 0 0 0 0 0 0 0 0 0 0 11 0 0 0 0 0 56 12 10 0 0 15 19 0 0 0 0 0 31 0 0 0 7 8 34 83 0 0 14 10 25 60 0 0 22 0 81 4 0 0 19 0 1 29 0 0 0 0 14 0 0 0 0 2 0 0 0 0 34 13 0 0 0 9 0 10 0 0 0 0 0 1 16 0 0 0 0 0 0 7 0 0 0 0 0 0 0 0 0 0 0 0 0 0 0 0 0 0 39 0 0 0 14 7 14 1 0 16 6 0 1 10 0 3 0 37 1 10 0 0 21 0 1 0 0 0 0 0 0 0 0 0 0 7 0 0 1 0 24 0 0 0 0 0 0 0 0 0 2 0 0 3 0 1 0 0 0 2 1 3 0 0 4 0 64 20 2 0 0 0 13 0 0 0 0 0 0 0 0 0 0 0 0 0 0 0 0 0 2 0 
 0 3 2 9 0 0 0 0 0 0 0 0 0 0 2 0 0 0 0 0 36 6 3 3 3 3 3 5 6 3 5 5 3 3 3 3 3 3 5 7 38 271 393 120 187 88 239 93 51 403 0 387 121 103 117 212 437 333 261 70 0 3 3 1 3 1 0 1 0 0 0 27 72 0 0 2 0 0 52 50 0 0 0 0 0 0 0 0 0 0 0 0 0 0 0 0 0 24 0 0 0 0 0 0 0 0 0 0 0 0 1 0 0 0 0 0 0 0 0 0 12 17 12 20 8 23 1 0 0 30 4 18 8 0 2 18 12 24 0 0 25 0 13 5 0 0 10 30 0 0 0 0 12 15 0 0 0 0 48 44 0 0 0 0 0 0 0 0 0 0 0 0 0 0 0 0 0 0 0 0 0 0 0 0 0 0 0 0 0 0 0 0 0 0 0 0 0 0 0 0 0 1 26 11 25 0 0 9 14 21 24 15 0 0 0 7 6 6 0 0 17 0 7 0 0 0 15 0 0 0 0 0 3 9 28 0 0 0 59 0 0 0 13 0 0 0 0 0 0 0 0 8 0 1 0 0 0 0 0 1 0 12 65 4 3 0 0 0 0 0 6 0 0 0 0 0 0 0 0 0 0 2 8 0 2 11 0 9 2 0 
 0 0 0 0 0 0 0 0 48 0 0 0 0 0 2 0 2 0 2 0 0 0 0 6 2 0 0 0 0 0 0 2 0 0 0 0 0 0 3 0 24 82 96 221 68 214 269 77 43 272 387 0 30 249 97 110 258 141 247 92 0 0 0 0 1 2 46 0 0 5 0 0 0 0 0 2 0 0 24 0 0 0 0 0 0 9 0 0 0 0 12 0 0 0 0 0 0 0 0 0 0 0 0 0 0 0 0 0 0 0 0 0 0 0 0 0 0 0 0 0 35 22 1 32 0 11 18 0 22 19 10 31 0 0 30 8 15 4 12 0 0 9 7 8 0 0 0 10 10 0 0 0 18 29 0 4 0 1 0 1 0 0 0 0 0 0 0 0 0 0 0 0 0 0 4 19 0 0 0 0 0 0 0 0 0 0 0 0 0 0 0 0 0 0 0 0 0 0 0 0 12 8 18 0 47 0 0 7 24 40 0 11 0 0 0 21 13 16 1 0 15 0 0 0 0 0 3 0 0 20 0 9 8 6 0 0 0 0 9 24 0 0 0 0 0 0 0 0 0 0 0 0 0 1 0 0 0 1 0 1 0 11 33 63 61 6 3 5 2 0 28 0 0 1 0 0 0 0 0 0 0 3 0 0 0 0 0 0 0 0 
 0 0 0 0 0 0 1 0 0 0 3 0 0 0 0 0 0 0 2 0 0 0 0 0 68 0 0 3 0 0 0 66 0 0 0 0 29 74 0 0 330 118 56 282 95 244 126 176 301 54 121 30 0 66 55 324 261 41 174 419 5 15 1 5 0 0 2 6 16 0 0 0 0 0 0 0 1 0 14 3 0 0 0 0 0 0 0 0 0 0 0 0 0 0 0 0 0 0 0 0 0 0 0 4 0 2 0 0 0 21 0 0 0 0 18 0 0 3 0 0 0 19 0 44 0 0 0 1 13 0 10 0 10 16 25 0 0 20 0 14 0 0 7 0 0 0 22 0 10 10 0 6 0 10 0 0 1 1 0 0 0 0 36 0 0 0 0 0 0 0 0 0 0 0 0 0 0 0 3 0 0 19 0 0 16 6 0 0 0 0 3 41 0 0 0 0 0 18 0 0 0 20 0 0 0 0 2 0 0 0 13 28 0 0 24 0 19 0 9 18 0 1 0 0 0 0 0 0 0 0 0 4 0 0 7 0 0 0 10 3 0 0 0 0 0 0 0 0 0 0 0 2 0 0 0 0 0 64 62 0 0 0 0 0 0 2 10 0 0 0 0 0 0 0 0 0 0 0 0 0 0 0 0 0 2 25 0 0 1 0 
 0 0 0 0 0 0 0 0 0 0 0 0 0 0 0 0 0 2 0 0 0 0 0 0 0 62 0 1 0 0 1 1 0 1 62 0 0 0 0 0 45 183 64 198 79 96 217 304 227 137 103 249 66 0 284 88 164 217 93 353 0 0 0 0 4 1 0 0 0 0 0 0 0 0 0 0 0 0 21 0 0 0 0 0 0 0 0 0 0 0 0 0 0 0 0 0 0 0 0 0 0 0 0 0 0 0 0 0 0 0 0 0 0 0 0 0 0 0 0 0 25 0 26 0 32 7 18 13 30 10 4 57 0 8 34 14 33 0 0 14 19 0 0 26 0 0 6 0 0 0 0 0 12 30 0 0 0 0 63 0 0 0 12 6 0 0 0 0 0 0 0 0 0 0 0 0 0 0 0 0 0 0 0 0 0 4 0 0 6 0 3 0 0 0 0 0 12 0 0 0 0 14 19 17 0 10 0 7 57 41 0 10 0 18 0 51 9 12 0 0 23 0 0 0 0 0 0 0 0 0 0 0 0 7 0 0 1 0 46 0 0 0 11 0 0 0 0 0 0 0 0 10 0 0 0 0 0 0 0 20 0 0 54 0 68 20 1 36 2 0 15 0 0 0 0 0 0 0 0 0 0 0 0 0 0 0 0 0 1 0 
 3 3 3 3 3 3 3 3 3 3 3 3 3 9 4 3 3 3 3 3 0 3 1 3 2 64 0 0 2 0 2 0 0 1 2 1 0 1 1 204 258 580 56 100 70 137 172 198 396 149 117 97 55 284 0 141 110 230 76 116 0 28 4 2 15 52 0 0 0 6 6 11 204 0 0 7 0 5 0 0 0 0 0 0 0 0 6 0 0 0 0 0 0 0 0 0 0 0 0 0 0 0 58 0 0 0 24 0 0 0 0 0 0 0 0 0 0 0 0 0 9 2 45 10 25 6 0 33 22 1 37 12 2 9 22 8 52 19 16 18 0 1 0 0 1 1 17 0 0 0 0 0 29 0 0 0 0 0 10 0 0 0 6 0 0 0 0 0 0 0 7 0 0 0 0 0 0 0 0 0 0 0 0 0 0 0 0 0 0 0 0 0 0 0 0 6 0 0 0 0 36 2 12 29 0 9 0 0 43 44 0 23 23 17 0 7 10 29 22 0 8 0 0 0 0 7 0 0 0 4 1 0 0 2 0 0 0 0 8 0 0 0 4 0 0 0 0 0 0 0 0 0 62 0 0 0 0 0 0 24 0 0 2 0 35 2 0 64 0 0 0 0 0 0 0 1 0 0 0 0 0 0 0 0 35 0 0 0 2 0 
 1 3 0 2 1 0 1 6 2 2 1 2 2 2 2 1 1 2 3 2 0 0 23 19 0 5 0 0 2 0 4 3 0 0 0 5 0 8 0 4 336 67 97 43 510 350 115 128 58 127 212 110 324 88 141 0 428 122 40 91 2 12 0 0 10 0 0 0 0 0 0 0 55 0 0 0 2 0 53 0 0 0 0 0 0 0 0 0 0 0 0 0 0 0 0 0 0 0 0 0 6 4 0 3 0 0 0 0 0 0 0 0 0 0 0 0 0 0 0 0 26 3 7 38 27 17 4 0 18 1 0 12 10 14 3 18 4 15 25 0 11 0 1 0 0 0 41 9 0 10 0 1 50 15 13 0 0 0 14 15 0 0 0 0 15 0 0 0 0 0 0 0 0 0 0 0 0 0 0 0 0 0 0 5 9 27 0 0 0 0 9 9 0 0 0 0 3 0 0 17 33 3 3 32 26 0 0 0 19 13 6 37 0 27 68 0 68 1 13 51 46 0 0 0 0 5 0 0 0 0 0 0 20 0 7 0 0 0 8 0 0 0 27 0 0 0 0 0 0 0 0 5 0 1 0 0 0 0 1 3 0 0 1 7 1 0 20 64 1 0 0 0 0 0 0 0 0 0 0 0 0 0 0 0 22 0 0 0 2 0 
 3 3 0 1 0 0 0 0 0 0 0 0 0 0 0 0 0 0 0 0 0 0 0 0 0 0 0 2 2 23 24 2 0 0 0 0 0 0 2 6 51 108 363 192 287 143 104 92 599 515 437 258 261 164 110 428 0 213 38 293 0 5 0 0 17 1 4 4 0 6 0 18 25 3 0 0 0 3 1 0 0 0 0 0 0 0 0 0 0 0 0 0 0 0 0 0 0 0 0 0 0 0 0 0 0 0 0 0 0 0 0 0 0 0 0 0 0 0 0 0 31 21 1 4 26 24 5 11 24 32 4 10 0 0 31 22 26 0 18 0 5 0 4 1 0 0 57 0 42 7 0 9 1 17 1 14 5 5 13 10 0 0 0 0 0 0 0 0 0 0 0 0 0 0 0 0 0 0 0 0 0 0 0 0 0 0 0 0 0 0 0 0 0 0 0 0 0 0 0 0 3 10 17 34 60 0 0 9 39 23 9 32 0 26 0 18 20 29 0 0 10 0 0 0 0 0 0 0 0 0 0 0 7 0 17 0 0 0 6 13 0 0 0 0 0 0 0 0 0 0 0 2 0 0 0 0 0 0 1 0 0 0 63 0 62 4 20 66 0 0 0 0 0 0 0 0 0 0 0 0 0 0 0 0 0 8 0 0 2 0 
 6 3 3 6 3 3 3 3 3 3 3 3 3 4 3 3 5 3 3 3 3 10 3 3 6 21 7 5 3 3 3 3 3 3 3 3 3 3 3 3 107 330 137 190 322 90 72 85 80 151 333 141 41 217 230 122 213 0 64 38 2 0 0 3 3 1 0 0 0 0 0 0 2 0 0 1 0 2 52 1 0 0 0 0 0 0 5 0 0 0 0 0 0 0 0 0 0 0 0 0 0 0 0 0 0 0 0 0 0 0 0 0 0 0 0 9 0 0 0 0 18 1 35 9 26 7 0 8 19 24 22 39 18 29 19 6 41 9 0 8 9 0 0 6 0 0 4 0 0 0 0 0 12 5 0 0 0 0 24 0 0 0 6 20 0 0 0 0 0 0 0 0 0 0 0 7 0 0 0 0 0 0 0 0 0 0 0 0 3 0 0 0 0 0 0 0 0 0 0 0 0 6 47 17 22 11 0 20 62 44 0 19 12 0 0 29 9 21 11 1 28 0 0 0 0 0 1 0 0 0 0 0 0 8 0 0 0 0 22 0 0 0 11 0 0 0 0 0 0 0 0 7 0 2 0 0 0 0 0 34 0 0 65 0 63 4 0 32 0 0 12 0 0 0 0 0 0 0 0 0 0 0 0 0 0 15 0 0 1 0 
 2 3 2 2 0 2 1 2 2 2 0 1 0 2 2 2 0 0 0 1 65 2 65 0 76 64 3 42 67 3 22 65 64 1 1 14 63 1 2 3 52 55 46 105 57 39 123 75 176 92 261 247 174 93 76 40 38 64 0 104 0 2 0 3 0 3 0 0 1 3 0 0 0 0 0 0 1 51 0 0 0 0 0 0 0 0 0 0 0 0 0 12 0 0 0 0 0 0 0 0 0 0 7 7 27 2 0 0 28 51 20 0 0 0 0 0 0 0 0 0 0 23 11 9 0 0 1 0 1 12 8 0 0 16 6 6 9 50 0 19 0 0 0 0 0 1 0 0 0 0 0 0 0 0 0 0 0 0 0 0 0 0 0 0 5 0 0 0 0 0 0 0 0 0 0 0 0 2 0 0 0 19 0 0 0 0 0 0 1 0 13 28 0 0 1 0 0 0 0 0 0 0 1 0 0 0 16 2 0 0 0 0 1 31 1 0 0 5 10 19 0 0 0 14 0 0 0 0 0 0 0 0 0 0 0 0 0 0 0 0 0 0 0 0 0 0 0 0 0 2 0 2 0 0 0 0 0 3 2 0 0 1 0 0 0 2 2 0 0 0 0 0 0 0 0 0 0 0 0 0 0 0 0 0 0 9 0 0 0 0 
 2 2 3 1 2 3 3 2 1 1 4 1 1 1 1 2 2 1 0 1 0 0 0 3 62 0 0 3 0 0 65 148 1 0 0 0 29 64 0 0 132 40 271 63 91 72 197 44 125 301 70 92 419 353 116 91 293 38 104 0 5 4 0 34 0 4 0 0 0 7 6 10 2 0 3 31 0 13 0 0 0 0 0 0 11 0 0 0 0 0 0 0 0 0 0 0 0 0 0 0 0 0 0 19 23 32 0 0 0 46 0 0 0 0 20 0 0 4 0 0 49 9 0 13 6 11 1 25 14 1 0 0 2 14 15 0 7 17 40 0 0 0 0 0 4 0 0 0 0 0 0 0 0 0 0 0 0 0 0 0 0 0 0 0 0 0 0 0 0 0 0 0 0 0 0 0 0 0 3 0 0 0 0 0 32 13 0 0 0 0 0 9 0 0 0 0 0 4 0 0 52 0 0 0 22 0 8 27 0 19 5 19 0 21 24 2 33 5 28 47 1 0 0 0 0 5 0 0 0 5 18 0 0 0 0 0 0 8 0 0 0 0 15 0 0 0 0 0 0 0 0 0 0 0 0 0 0 0 63 0 0 0 0 0 1 2 0 1 2 13 0 0 0 0 0 2 0 0 0 0 0 0 0 0 23 0 0 0 2 0 
 0 3 0 0 27 0 0 0 0 2 2 0 0 0 3 0 3 0 52 0 4 8 0 0 0 0 0 4 10 0 0 0 0 5 0 0 0 2 0 5 0 0 0 0 0 89 0 24 0 2 0 0 5 0 0 2 0 2 0 5 0 262 102 71 59 96 49 92 238 46 26 68 47 131 315 157 71 87 87 40 0 0 0 0 0 0 0 0 0 0 1 0 0 0 0 0 0 0 0 0 22 0 0 0 0 0 13 1 3 7 0 23 2 0 0 0 0 0 6 0 0 0 0 0 0 0 0 0 0 0 0 0 0 0 0 0 0 0 0 0 0 0 5 1 0 14 8 0 24 7 0 15 0 12 25 21 11 0 1 15 0 0 0 0 0 46 0 0 0 0 0 0 0 0 0 0 0 0 0 0 0 0 0 10 0 0 0 2 0 0 0 0 0 0 4 0 0 0 6 0 0 0 0 0 0 5 0 0 0 0 0 0 0 0 0 0 0 0 0 0 0 32 2 24 6 5 0 0 0 1 0 4 0 0 5 24 25 20 0 41 1 0 0 3 0 0 0 0 0 0 0 0 1 11 12 0 21 0 0 0 0 0 0 2 0 0 0 2 0 0 12 4 0 2 2 0 0 0 0 0 0 0 0 0 0 1 0 0 0 0 
