 0 78 359 135 122 134 266 160 56 130 86 234 60 337 175 118 59 39 362 174 2 3 3 0 0 1 0 3 3 0 4 3 0 4 0 1 4 0 0 0 2 0 0 0 0 3 0 0 0 2 59 0 6 0 4 5 3 0 0 2 0 0 3 0 0 0 6 0 0 3 0 0 2 3 2 0 6 0 6 0 40 21 1 8 0 0 28 12 2 11 0 3 23 32 24 11 11 0 10 19 1 0 0 0 0 0 0 2 0 0 2 0 0 0 0 0 0 0 16 0 0 0 0 0 0 0 0 1 0 0 0 0 0 0 0 1 0 0 0 26 0 0 0 0 4 0 1 0 0 0 0 10 0 0 0 0 0 0 0 0 1 30 29 18 0 0 16 28 1 0 0 0 0 19 9 1 0 0 0 24 0 0 0 0 0 0 2 0 0 0 0 0 11 0 0 2 2 0 0 13 0 0 0 0 0 0 0 0 0 0 0 0 0 0 1 0 0 21 2 0 0 0 0 0 0 0 0 0 0 0 0 0 0 0 2 0 0 0 0 0 0 0 0 0 0 0 1 0 2 3 8 11 0 0 0 0 0 0 0 0 0 0 11 0 0 0 0 0 0 0 0 0 0 0 0 0 0 0 0 0 0 0 0 0 0 0 0 0 0 0 
 78 0 215 52 41 142 206 173 63 63 273 39 78 66 115 35 212 137 49 57 3 3 4 0 3 2 80 5 3 0 4 5 16 1 3 1 3 0 74 1 2 12 0 0 18 24 0 1 0 9 4 21 0 0 0 27 3 3 2 1 0 0 3 3 0 0 0 0 3 4 0 0 4 6 5 0 0 0 0 1 19 20 20 2 0 17 27 0 13 45 15 5 22 21 18 41 0 1 19 0 0 1 0 0 0 0 1 16 0 0 1 0 0 0 0 0 0 0 0 0 0 0 0 0 0 0 0 0 0 0 0 0 0 0 0 1 0 0 0 0 0 0 0 1 0 0 0 0 0 0 0 0 0 0 0 14 0 0 0 0 0 8 0 1 0 1 10 17 22 18 2 15 0 11 0 19 14 0 0 22 0 0 0 0 0 2 15 0 0 0 0 0 11 0 0 2 0 0 14 17 0 0 0 0 0 1 0 0 0 17 0 0 0 0 1 0 0 0 0 0 0 0 0 0 6 0 0 0 0 0 0 0 0 0 2 0 0 0 0 0 0 0 0 0 0 0 1 1 3 15 9 12 2 0 0 0 0 0 0 0 0 2 0 0 0 0 0 0 0 0 0 2 0 0 0 12 1 14 0 0 0 0 0 0 0 0 0 0 0 0 
 359 215 0 219 370 263 324 143 314 197 302 51 91 281 245 38 124 127 115 116 1 3 6 0 0 0 75 2 6 4 5 3 32 0 0 5 0 3 0 0 2 0 0 0 0 8 4 6 0 69 4 0 0 0 5 6 3 0 0 1 0 3 0 0 1 0 4 0 1 0 0 3 2 3 0 0 0 5 0 0 20 30 12 32 0 27 42 0 29 14 6 30 19 34 36 7 0 11 0 1 0 10 0 0 0 10 0 0 0 0 0 0 1 6 0 0 0 0 12 0 0 0 0 0 0 0 0 0 0 8 0 0 0 0 0 0 0 0 0 3 0 1 0 0 0 0 1 0 0 0 0 0 0 0 0 0 0 0 0 0 12 38 5 18 0 0 11 0 18 15 11 0 0 14 21 16 0 18 0 0 0 0 0 0 0 0 0 0 0 0 0 0 10 0 0 21 0 0 8 0 0 0 0 0 0 0 0 0 0 0 0 0 0 0 0 0 0 19 0 0 0 0 0 0 0 0 0 0 0 0 0 0 0 0 0 0 0 0 0 0 0 0 0 0 0 0 1 0 0 89 15 8 1 0 0 0 0 0 0 0 0 0 15 0 0 0 0 0 0 0 0 0 0 0 0 13 8 0 0 0 0 0 0 0 0 0 0 0 0 0 
 135 52 219 0 272 33 96 151 321 370 294 138 86 165 170 159 339 272 186 143 78 3 3 0 0 0 167 76 3 0 1 7 152 0 35 0 0 0 154 178 2 0 3 0 0 3 0 2 0 2 8 0 59 0 0 3 3 0 0 61 0 2 0 0 52 0 0 0 0 2 1 0 2 3 31 0 0 6 0 0 0 12 0 15 55 42 0 0 28 16 32 44 0 1 14 20 3 18 1 0 0 11 0 0 0 0 25 8 0 0 0 0 44 19 13 0 0 0 30 10 0 0 0 0 0 0 0 0 0 0 0 0 0 0 0 0 0 0 0 0 0 2 0 0 0 0 3 0 0 0 0 0 10 0 1 0 0 0 0 0 13 10 0 0 23 1 32 1 14 20 45 32 1 0 0 1 16 15 0 0 1 11 37 0 23 0 25 0 0 0 2 0 20 0 24 7 17 0 16 46 0 0 0 0 0 0 1 0 0 0 0 0 0 0 0 0 11 0 0 0 0 0 0 0 0 0 0 0 0 0 0 0 1 0 0 0 0 0 0 2 0 16 0 0 0 2 2 2 4 56 1 8 0 0 0 0 0 0 0 0 0 0 0 0 0 0 0 0 0 0 0 11 0 0 0 12 7 0 0 0 0 0 0 0 0 0 0 0 0 0 
 122 41 370 272 0 173 55 151 74 253 149 141 309 308 162 220 112 147 73 119 3 3 0 0 3 0 0 34 3 2 2 0 0 2 1 2 0 2 0 58 0 2 0 0 0 6 0 0 0 0 3 0 2 0 0 5 0 3 0 2 11 0 0 0 0 1 1 0 0 0 6 5 0 0 0 0 3 2 0 0 0 19 26 34 9 20 0 19 0 2 5 0 0 0 33 0 14 21 0 2 0 0 0 0 0 0 0 2 0 0 10 0 29 0 0 0 45 0 30 1 0 0 0 0 0 0 0 0 0 0 2 0 0 0 0 0 0 0 0 21 0 1 0 19 0 0 0 0 0 0 0 0 2 0 0 0 0 0 0 0 0 26 10 0 43 16 0 0 0 25 37 7 0 0 19 22 47 10 0 0 0 15 12 0 0 0 13 10 0 0 14 0 4 0 8 0 14 0 10 0 0 0 0 2 0 0 0 0 0 0 0 0 0 0 0 0 0 0 0 0 0 0 0 0 0 0 0 0 0 0 0 0 0 0 0 0 20 0 0 0 0 0 0 0 0 2 87 2 9 2 0 3 21 1 0 0 0 0 0 0 9 0 14 0 0 0 0 0 0 0 0 0 0 0 0 4 11 0 0 0 0 0 0 0 0 0 0 0 0 0 
 134 142 263 33 173 0 38 45 341 55 249 61 31 226 292 64 125 98 121 51 7 4 3 2 0 2 1 75 3 1 2 170 0 0 0 2 0 0 76 2 2 0 0 0 0 3 0 0 0 2 3 0 2 0 30 3 3 3 0 2 0 0 3 0 2 0 0 0 0 3 0 0 2 3 11 0 0 0 0 3 1 21 17 16 8 9 0 0 0 27 10 11 0 1 12 0 23 0 0 0 0 0 21 0 0 0 39 1 2 18 0 3 0 0 0 0 0 2 0 12 0 0 0 0 0 0 0 0 0 0 0 0 9 0 10 12 0 0 0 11 3 0 0 0 0 0 0 0 0 0 0 0 0 0 0 0 0 0 0 0 0 7 3 1 15 23 0 0 8 12 0 0 0 0 15 14 10 0 0 0 36 1 10 0 0 0 10 0 4 0 0 0 12 11 27 0 14 0 0 34 0 0 0 0 0 0 0 0 14 0 0 0 0 0 0 0 0 0 0 0 1 0 0 0 0 0 0 0 0 0 0 0 0 0 0 0 0 0 0 0 0 0 0 0 0 2 83 1 0 88 2 7 1 0 0 0 0 74 0 0 0 0 14 0 0 0 10 0 0 0 0 0 0 2 0 0 31 0 0 0 0 0 0 0 0 0 0 0 0 0 
 266 206 324 96 55 38 0 310 144 25 206 110 436 211 231 444 244 126 260 158 3 3 3 0 0 0 0 2 3 0 1 3 0 0 0 5 3 58 0 0 2 36 0 0 0 3 0 5 0 4 1 1 0 0 59 3 5 2 0 4 0 3 0 0 3 2 10 0 1 2 0 0 2 3 0 0 0 0 0 0 38 26 9 19 0 8 20 11 14 0 0 0 30 31 28 21 18 13 20 16 0 0 0 0 0 11 0 0 0 0 0 0 3 0 0 0 0 0 0 0 0 0 0 14 0 0 0 0 0 0 0 0 0 0 0 20 0 0 0 0 0 2 0 0 0 0 0 0 0 0 0 0 0 0 0 0 0 0 0 0 15 12 19 26 21 0 40 20 12 12 0 0 15 43 27 31 0 0 32 30 0 0 0 0 11 0 0 1 0 0 9 0 0 5 0 0 0 0 0 0 0 0 0 0 0 0 0 0 0 0 0 0 0 0 0 0 0 0 0 0 0 0 0 0 0 0 0 0 0 0 0 0 0 0 0 0 0 0 0 0 0 0 0 0 0 0 2 0 2 0 21 21 0 0 0 0 0 0 0 0 0 0 0 0 0 0 0 0 0 0 0 0 0 0 0 0 11 0 0 0 0 0 0 0 0 0 0 0 0 11 
 160 173 143 151 151 45 310 0 300 162 189 38 359 183 424 366 146 330 361 218 1 3 3 0 2 0 0 4 5 2 3 3 2 0 0 2 1 0 1 2 2 0 0 0 0 7 0 1 0 2 1 0 0 0 0 5 5 5 0 0 2 1 1 0 0 0 0 0 8 32 0 0 2 3 0 0 0 0 0 0 21 23 0 14 0 10 40 16 0 0 10 16 0 18 0 0 8 51 2 0 0 2 0 2 0 0 0 0 0 0 0 0 0 0 0 0 0 0 0 0 0 0 0 0 0 0 0 0 0 0 0 0 0 0 0 0 0 0 0 0 0 1 0 0 0 0 12 0 0 0 0 0 0 2 0 1 0 0 0 0 41 23 2 0 3 0 24 8 0 25 14 0 21 20 26 18 2 0 26 13 0 0 0 1 0 0 0 0 0 0 0 0 0 0 0 0 0 0 0 0 0 0 0 0 0 0 0 0 0 0 0 0 0 0 0 0 0 0 0 0 0 0 0 0 0 0 0 0 0 0 0 0 0 0 0 0 0 0 0 0 0 0 0 0 0 0 2 0 2 0 15 13 0 0 0 0 0 0 0 0 0 0 0 0 0 0 0 0 0 0 0 0 0 24 0 0 9 0 0 0 0 0 0 0 0 0 0 0 0 0 
 56 63 314 321 74 341 144 300 0 243 125 99 428 309 97 128 125 154 186 78 1 4 3 0 0 0 73 3 3 0 3 3 75 0 0 1 0 0 94 0 2 0 0 0 0 3 0 1 0 2 2 0 0 0 0 3 3 0 3 0 0 0 33 0 0 0 4 0 0 0 0 0 2 3 0 0 0 0 43 0 18 26 23 0 0 8 0 12 40 9 45 39 30 11 20 0 21 31 20 22 0 10 0 0 0 0 10 13 0 0 0 0 1 0 0 0 0 0 0 10 0 0 0 0 0 0 0 0 0 0 0 0 0 0 0 0 0 0 0 3 0 2 0 0 0 0 4 0 0 0 0 0 0 0 0 0 0 0 0 0 33 1 13 16 29 0 1 28 0 10 0 14 26 23 38 5 11 23 10 0 0 0 0 0 0 0 0 0 0 0 0 0 21 0 19 0 0 0 12 14 0 0 0 0 0 0 0 0 0 0 0 0 0 0 0 0 0 0 0 0 0 0 0 0 0 0 0 0 0 0 0 0 0 0 0 0 0 0 0 0 0 14 0 0 0 0 86 0 1 27 1 10 0 0 0 0 0 0 0 0 0 0 0 0 0 0 0 0 0 0 0 0 0 0 0 0 10 0 0 0 0 0 0 0 0 0 0 0 0 0 
 130 63 197 370 253 55 25 162 243 0 110 127 398 306 334 154 55 370 81 388 2 3 5 0 0 0 20 15 3 6 2 3 85 0 0 2 0 0 48 1 4 0 0 0 0 3 0 8 0 2 1 0 0 0 0 3 3 0 10 1 0 3 0 0 0 1 0 0 1 2 0 0 2 3 0 0 0 0 0 0 13 0 0 10 0 15 0 17 25 0 21 32 0 0 21 0 0 30 52 0 0 0 0 0 0 0 11 13 0 0 0 0 34 17 1 0 0 0 21 32 0 0 0 0 0 0 0 0 0 0 0 0 2 0 0 0 0 0 0 0 0 1 0 0 0 0 4 0 0 0 0 0 0 0 0 33 2 0 0 0 10 0 2 0 27 21 2 0 10 1 18 27 0 0 0 23 24 18 0 0 0 9 0 0 0 0 0 0 2 0 0 0 0 0 0 0 0 0 6 15 0 0 0 0 0 8 0 9 0 0 0 0 0 0 0 1 4 8 0 0 0 0 0 0 0 0 0 0 0 0 0 0 0 0 0 0 0 0 0 0 0 13 0 0 2 2 2 2 4 6 3 15 22 0 0 0 0 0 0 0 0 0 0 0 0 0 0 0 0 0 0 0 0 1 4 0 0 0 0 0 0 0 0 0 0 0 0 0 0 2 
 86 273 302 294 149 249 206 189 125 110 0 143 34 58 70 89 144 87 113 64 79 3 3 0 0 0 101 5 3 0 3 6 74 75 0 3 0 0 230 78 2 0 0 0 0 6 0 2 0 2 0 0 0 0 0 3 3 0 0 2 3 3 0 0 0 0 0 0 3 2 0 7 2 3 0 0 0 2 0 5 21 14 22 37 20 58 24 0 0 34 14 41 8 25 5 15 7 0 11 0 8 10 0 0 0 0 14 15 0 0 0 0 0 0 0 0 0 0 0 0 0 0 0 0 0 0 0 0 0 0 0 0 1 0 0 0 0 0 0 0 0 0 0 0 0 0 0 0 0 0 1 0 0 0 0 0 0 0 0 0 0 20 12 14 0 12 9 15 16 17 0 0 0 19 0 13 0 11 0 3 0 0 0 0 0 0 0 0 1 0 0 0 7 0 0 0 0 0 12 10 0 0 0 23 0 0 0 0 2 1 0 0 0 2 0 0 0 0 0 0 0 0 0 0 0 2 0 0 1 0 0 0 0 0 0 2 0 0 0 0 0 2 0 0 1 4 41 0 0 89 16 22 0 0 1 0 0 0 0 0 1 0 0 0 0 0 0 0 0 1 0 0 0 0 0 0 7 0 0 0 0 2 0 0 20 0 0 0 0 1 
 234 39 51 138 141 61 110 38 99 127 143 0 255 52 349 29 177 151 41 131 36 5 3 2 1 0 223 2 3 0 1 3 79 38 74 1 0 0 111 99 2 0 0 0 0 3 1 3 0 2 0 0 0 0 0 3 4 0 6 0 0 3 0 0 0 0 0 0 1 2 0 3 2 3 43 0 0 0 0 0 0 20 6 0 9 1 0 0 19 31 33 43 0 0 0 15 13 18 0 0 0 9 0 0 0 0 1 41 0 0 0 0 3 0 0 3 0 0 0 30 0 0 0 0 0 0 0 0 0 0 0 0 0 0 0 0 0 0 0 0 0 2 0 0 2 0 0 0 0 0 0 0 0 0 0 0 0 0 0 0 0 12 0 0 35 0 0 0 16 18 2 21 0 0 0 0 28 20 0 0 0 0 0 0 0 0 16 15 0 0 0 1 13 0 9 0 1 0 39 19 0 0 0 0 0 0 0 0 32 0 0 0 0 14 0 0 0 0 0 0 0 0 0 0 0 0 0 0 0 0 2 0 0 0 0 0 0 0 0 0 0 20 0 0 0 0 88 2 6 0 0 4 0 0 0 0 0 0 0 0 0 0 0 0 0 0 0 0 0 0 0 0 0 0 0 0 0 0 0 0 0 0 0 0 0 0 0 0 0 0 
 60 78 91 86 309 31 436 359 428 398 34 255 0 214 43 264 39 141 123 78 2 3 3 0 0 0 0 4 3 0 0 3 0 0 0 1 0 2 0 0 2 0 5 0 0 3 0 0 0 4 1 0 0 0 0 3 3 0 0 0 0 0 2 0 3 0 37 0 0 3 0 0 2 3 0 0 0 0 0 0 17 0 12 11 1 0 0 17 16 1 0 0 33 12 22 0 14 0 13 40 0 0 0 2 0 0 0 0 0 0 0 0 0 0 1 0 0 0 0 0 0 0 0 0 0 0 0 0 0 0 0 0 0 0 0 0 0 0 0 0 2 0 0 0 0 0 1 0 0 2 0 0 0 0 0 2 0 0 0 0 19 0 36 14 1 0 1 15 0 7 0 0 21 0 16 13 0 0 0 0 0 0 0 0 0 0 0 0 0 0 0 0 0 0 0 0 0 0 0 0 0 0 0 0 0 0 0 0 0 0 1 0 0 0 0 0 0 0 0 0 1 0 0 0 0 0 0 0 0 43 0 0 0 0 0 0 0 0 0 0 0 0 0 0 0 3 1 2 0 0 0 3 0 0 0 0 0 0 0 0 0 0 0 0 0 0 0 0 0 0 0 0 0 0 0 0 0 0 0 0 0 0 0 0 0 0 0 0 0 0 
 337 66 281 165 308 226 211 183 309 306 58 52 214 0 91 665 133 59 108 94 0 4 3 0 0 0 0 2 77 0 2 3 0 0 0 1 0 2 0 0 2 0 0 0 0 3 0 2 0 2 62 0 0 0 0 3 67 0 0 1 0 2 0 0 0 0 0 0 0 2 0 0 2 3 0 50 0 0 0 0 31 12 19 30 0 0 18 34 27 9 0 1 0 22 55 0 0 0 0 0 0 0 0 0 0 0 0 0 1 0 0 0 17 0 0 19 0 1 31 2 0 0 0 0 0 0 0 0 17 18 0 0 0 0 1 0 0 0 0 32 0 2 2 0 0 0 0 0 0 0 0 0 0 0 0 0 0 0 0 15 0 24 24 19 3 15 21 34 0 13 12 5 25 14 17 2 17 0 0 15 0 2 0 0 0 0 0 0 0 0 0 0 11 0 0 0 0 0 1 0 0 0 0 0 25 0 0 0 0 0 0 0 0 0 0 0 0 17 0 0 1 0 0 0 0 0 0 0 0 0 0 0 0 0 0 0 0 0 0 0 0 0 0 0 0 1 1 0 0 3 0 5 38 0 0 0 0 0 0 0 0 0 10 0 0 0 0 0 0 0 0 0 0 0 0 1 6 0 0 0 0 0 0 0 0 0 0 0 0 0 
 175 115 245 170 162 292 231 424 97 334 70 349 43 91 0 131 129 341 164 343 2 3 3 0 4 2 0 3 3 2 1 3 0 0 0 13 0 0 0 0 2 0 0 0 0 3 0 1 0 2 0 0 0 0 0 3 3 2 0 0 0 1 1 0 0 0 1 15 0 2 0 39 2 3 0 0 0 0 0 40 34 38 10 0 0 29 19 25 1 0 0 0 19 15 4 0 13 72 21 0 0 0 0 0 0 0 0 0 0 0 0 0 0 0 0 0 0 0 0 0 0 0 0 0 0 0 0 0 0 0 0 0 0 0 0 0 0 0 0 0 0 0 0 0 10 2 0 0 0 0 0 0 0 0 0 0 0 0 0 0 0 23 6 0 16 0 48 13 0 11 17 0 20 18 0 14 0 7 16 30 0 0 0 17 0 0 20 0 0 0 2 0 0 2 0 0 0 0 1 0 0 0 0 0 1 0 0 0 0 0 0 37 0 0 0 0 0 0 0 0 0 0 0 0 0 0 0 0 0 0 0 0 0 1 0 0 0 0 0 0 0 0 0 0 0 0 0 0 4 0 22 5 0 0 2 0 0 0 0 0 0 0 0 0 0 0 0 0 0 0 0 0 0 0 0 0 0 0 0 0 0 0 0 0 0 0 0 0 0 0 
 118 35 38 159 220 64 444 366 128 154 89 29 264 665 131 0 86 102 45 59 2 3 3 0 33 0 0 4 3 1 1 4 0 0 0 0 0 0 0 0 16 0 0 0 0 3 0 1 0 13 1 0 0 0 22 23 24 0 0 0 0 1 1 0 0 0 1 1 0 2 0 9 2 3 0 0 0 4 0 0 23 48 0 0 0 14 2 4 15 14 0 0 23 3 57 9 29 19 3 32 0 0 0 0 0 2 0 1 0 0 0 1 14 7 0 0 0 0 14 0 0 0 0 0 0 0 0 0 0 0 0 0 0 0 0 0 0 0 0 10 0 0 0 0 0 0 3 0 0 0 0 0 0 0 0 0 0 0 0 0 0 0 21 14 3 30 0 0 8 0 18 7 0 0 32 11 72 0 0 1 0 0 0 0 0 0 0 0 0 0 0 0 14 0 0 0 0 0 0 0 5 0 0 0 0 0 0 0 0 0 0 0 0 0 0 0 1 0 0 0 0 0 0 0 0 0 0 0 0 0 0 0 0 1 0 0 0 0 0 0 0 0 0 0 0 0 92 0 0 89 0 5 20 14 0 0 0 0 0 0 0 0 17 0 0 0 0 0 0 0 0 0 0 0 0 23 0 0 0 0 0 0 0 9 0 0 0 0 0 0 
 59 212 124 339 112 125 244 146 125 55 144 177 39 133 129 86 0 154 31 39 2 4 9 0 0 0 0 3 3 0 2 4 0 3 0 4 5 207 75 0 2 0 0 0 0 3 0 1 0 2 0 0 6 0 4 5 3 0 0 2 0 1 1 0 0 0 16 0 0 0 0 0 2 3 2 0 0 0 6 0 30 15 70 20 0 38 10 0 0 8 11 10 1 0 0 14 31 42 13 0 0 0 0 0 0 0 1 0 0 0 0 0 0 0 0 0 0 0 0 0 0 0 0 0 0 0 0 0 0 0 0 0 0 0 0 0 0 0 0 0 0 0 0 0 1 0 1 0 0 0 0 0 0 0 0 0 0 0 0 0 12 25 1 4 59 10 6 14 0 65 16 0 0 5 18 13 2 19 36 11 0 0 2 0 0 0 0 2 0 0 0 0 0 0 1 0 0 0 1 21 0 0 0 0 0 0 0 0 0 0 0 0 0 0 0 0 0 0 0 0 0 0 0 0 0 0 0 0 0 0 1 0 0 0 0 0 0 0 0 0 0 0 0 0 0 0 0 0 1 86 0 86 0 0 0 0 0 0 0 0 0 0 0 0 0 0 0 0 0 0 0 0 0 0 0 0 23 0 0 0 0 0 0 0 0 0 0 0 0 0 
 39 137 127 272 147 98 126 330 154 370 87 151 141 59 341 102 154 0 196 40 3 3 6 0 0 2 75 82 3 5 5 6 1 4 85 38 2 5 0 97 2 0 0 2 0 3 0 0 0 2 4 0 4 0 2 6 8 0 0 3 2 2 2 0 2 4 6 0 1 5 1 0 2 5 54 1 2 0 5 0 18 1 8 26 17 53 2 13 0 11 20 10 0 0 0 30 0 44 1 0 0 13 0 16 0 0 10 16 0 0 0 0 17 0 0 0 0 0 0 20 0 0 0 0 0 0 0 0 0 0 0 7 2 0 0 0 0 0 0 0 0 1 0 0 0 0 13 0 0 0 0 0 0 0 0 0 2 0 0 0 10 0 11 3 1 0 13 19 0 65 33 1 0 1 0 16 0 0 0 18 0 9 20 0 1 0 10 0 2 0 0 0 45 0 28 0 0 0 8 18 0 0 0 0 0 0 0 0 1 0 0 0 0 0 0 0 2 0 0 12 0 0 0 0 0 0 0 0 0 0 0 0 0 0 0 18 0 0 0 0 0 1 0 0 2 6 3 0 5 2 0 13 1 0 0 0 1 0 0 2 0 0 0 0 0 0 0 0 0 1 0 0 0 0 33 0 0 0 0 0 0 0 0 0 0 0 0 0 0 2 
 362 49 115 186 73 121 260 361 186 81 113 41 123 108 164 45 31 196 0 102 2 3 3 0 1 1 0 2 3 0 2 3 0 0 0 0 0 0 2 0 2 0 0 5 0 3 0 2 0 2 1 0 0 0 0 3 3 0 2 0 0 2 4 0 41 0 0 0 0 2 0 0 2 3 0 0 0 51 5 0 52 0 0 0 0 13 6 0 5 0 11 8 24 28 1 0 1 47 2 37 0 0 0 0 0 0 0 0 0 0 0 0 0 0 0 0 0 0 0 0 0 0 0 0 0 0 0 0 0 0 0 0 0 0 0 0 0 0 0 0 0 1 0 0 10 0 3 0 0 0 0 0 0 0 2 0 11 5 0 0 17 0 0 1 5 0 10 3 0 0 13 0 21 0 1 7 0 0 54 15 0 0 0 0 1 0 0 0 0 0 0 0 0 0 0 0 0 0 0 0 0 0 0 0 0 0 2 0 0 0 0 0 0 0 0 0 0 0 0 0 0 0 0 0 0 0 2 0 0 0 0 0 2 0 0 0 0 1 0 0 0 0 0 0 0 1 1 0 1 2 0 13 0 0 0 0 0 0 0 0 0 0 0 0 0 0 0 0 0 0 0 0 0 0 0 0 0 0 0 0 0 0 0 0 0 0 0 0 0 0 
 174 57 116 143 119 51 158 218 78 388 64 131 78 94 343 59 39 40 102 0 2 5 3 59 0 0 0 3 3 0 2 3 74 0 0 1 0 0 0 3 2 0 0 0 0 3 6 0 0 2 0 0 0 0 0 3 20 16 0 1 0 0 3 0 0 0 0 0 0 0 0 0 35 3 0 0 18 0 0 0 0 35 22 11 0 13 0 42 9 0 7 0 11 0 0 11 17 13 26 12 0 0 0 0 0 0 19 0 0 0 0 0 0 0 0 0 0 0 1 0 0 0 0 0 0 0 0 0 0 0 0 0 0 0 0 0 0 0 0 0 0 0 0 0 0 0 0 0 0 0 0 14 0 0 0 0 0 0 0 0 20 17 20 3 18 0 1 14 0 33 27 0 54 11 0 0 1 25 0 4 0 0 0 1 0 0 0 0 0 0 0 0 0 0 0 0 0 0 1 0 0 0 0 0 0 0 25 0 0 0 0 0 0 0 0 0 0 1 0 0 0 0 0 0 0 0 0 0 0 0 0 0 0 0 0 0 0 0 0 19 0 0 0 0 0 2 2 0 3 0 3 1 0 0 0 0 0 0 0 0 0 0 0 0 0 0 0 0 0 0 0 0 0 0 0 0 0 0 0 0 0 0 0 0 0 0 0 0 0 0 
 2 3 1 78 3 7 3 1 1 2 79 36 2 0 2 2 2 3 2 2 0 163 86 70 69 35 171 295 80 50 118 42 125 73 98 319 130 24 154 66 2 2 205 2 2 2 3 2 2 0 3 1 3 0 2 3 2 0 68 4 0 0 0 0 3 2 0 0 3 0 0 6 2 1 1 0 0 2 0 0 0 19 0 0 20 0 0 0 0 14 14 16 0 2 0 0 0 0 21 0 18 39 3 28 0 0 22 17 26 0 0 1 25 36 21 15 0 0 0 0 0 0 0 0 0 0 0 19 0 0 0 0 5 0 0 0 1 0 0 0 0 0 0 0 2 0 0 0 2 0 2 0 0 0 0 0 0 0 0 0 0 1 0 0 0 0 0 0 0 3 0 0 0 0 0 0 0 0 0 0 20 24 8 9 0 9 3 46 26 37 21 0 40 30 1 9 12 40 1 20 0 0 0 0 0 0 0 0 0 0 0 0 0 23 0 1 0 0 0 2 0 0 0 0 0 0 0 19 0 0 2 0 0 0 0 0 0 0 0 0 0 2 0 0 0 0 2 0 0 0 0 0 0 0 2 0 0 0 0 2 3 1 2 0 0 0 0 0 0 0 0 0 0 0 0 0 0 0 0 0 0 0 0 0 0 0 0 0 0 11 
 3 3 3 3 3 4 3 3 4 3 3 5 3 4 3 3 4 3 3 5 163 0 354 63 39 151 290 414 180 36 97 395 240 50 94 139 283 57 50 394 0 0 0 0 0 0 5 0 0 0 0 0 3 0 0 2 0 0 0 1 0 0 0 0 11 3 0 0 7 0 0 0 2 0 0 7 0 0 0 0 0 0 0 0 8 1 0 0 36 0 0 0 1 0 0 0 0 0 0 0 1 0 32 10 11 21 21 0 36 19 28 10 0 4 10 85 32 13 10 0 10 0 0 0 0 0 31 0 0 0 0 0 16 30 0 1 0 0 34 30 0 0 0 0 0 0 2 0 0 0 0 0 0 0 1 0 0 0 0 0 0 0 0 0 0 0 0 0 4 0 10 0 5 0 0 0 0 19 0 0 7 50 1 23 2 9 13 0 27 18 21 10 0 9 0 21 0 12 0 14 20 0 0 0 0 0 2 0 0 0 0 0 0 0 0 0 1 0 3 0 0 0 0 0 0 0 0 0 0 0 0 0 0 0 6 0 0 0 0 0 0 0 0 0 0 0 0 0 0 0 0 0 0 0 0 0 0 40 2 3 3 19 0 0 0 0 0 0 0 0 0 0 0 0 0 0 0 0 0 13 0 0 0 0 0 0 0 0 0 0 
 3 4 6 3 0 3 3 3 3 5 3 3 3 3 3 3 9 6 3 3 86 354 0 232 50 163 62 279 206 316 364 336 64 26 299 605 295 140 43 84 3 0 0 0 0 0 28 0 0 0 0 0 37 1 0 0 0 0 0 2 0 0 0 0 51 2 0 0 3 0 0 0 2 0 0 6 0 2 0 0 0 0 0 0 17 0 0 0 0 0 0 0 0 0 0 0 0 0 0 0 13 0 12 0 11 1 0 0 27 13 11 52 0 0 12 16 71 10 12 2 11 2 0 0 0 0 21 0 0 0 0 0 1 16 0 0 2 0 50 39 0 0 0 0 0 0 0 0 0 0 0 0 0 0 2 0 0 0 0 7 0 0 0 0 0 0 0 51 3 0 28 0 6 0 0 0 0 0 0 0 44 9 52 50 12 4 1 0 19 42 29 30 0 4 0 17 13 71 0 4 17 0 0 0 0 0 0 10 0 0 0 0 10 0 1 0 0 0 23 0 0 0 0 0 0 0 0 0 0 0 0 0 0 0 0 0 0 0 0 0 0 0 0 0 0 20 0 0 0 0 0 0 0 0 4 0 2 0 75 0 4 0 0 0 0 0 0 0 0 0 0 0 0 0 0 0 0 0 0 10 0 23 0 0 0 0 11 0 0 0 
 0 0 0 0 0 2 0 0 0 0 0 2 0 0 0 0 0 0 0 59 70 63 232 0 51 42 64 302 251 102 87 43 172 86 129 128 267 147 99 359 92 28 0 0 0 0 88 1 8 0 0 0 3 68 64 2 1 0 1 64 0 0 0 0 3 2 0 0 3 0 0 0 3 0 0 0 0 0 0 0 0 0 0 0 0 1 0 0 0 0 2 0 2 0 0 0 0 21 0 0 10 0 12 39 31 47 0 0 26 17 9 17 0 0 0 0 54 2 9 0 0 16 16 0 0 0 41 0 0 0 0 0 7 0 0 27 13 0 40 0 0 0 0 0 0 0 1 0 0 0 0 0 0 0 12 12 0 0 0 0 0 0 0 0 0 0 0 0 0 2 39 0 0 0 0 0 0 12 0 0 20 0 25 23 8 0 0 0 37 34 17 24 0 22 14 1 19 35 0 0 1 0 1 0 0 0 16 16 0 0 0 0 12 14 12 0 12 9 0 10 0 0 0 0 0 0 0 0 0 0 0 0 0 0 0 0 0 0 0 0 0 0 0 0 0 0 0 0 0 0 0 0 0 2 0 2 3 0 2 1 2 2 0 0 0 0 0 0 0 0 0 0 0 0 0 0 0 0 0 9 0 0 0 1 0 0 0 0 0 0 
 0 3 0 0 3 0 0 2 0 0 0 1 0 0 4 33 0 0 1 0 69 39 50 51 0 55 41 64 168 72 178 32 64 143 137 103 346 192 69 86 145 0 29 0 0 1 3 30 6 69 2 0 65 90 119 24 183 64 117 86 0 0 0 0 42 3 0 0 3 0 0 0 2 0 0 0 0 0 0 0 0 0 2 0 8 24 0 0 0 0 0 0 0 0 0 0 0 0 0 0 0 1 19 0 14 15 2 0 20 0 9 11 0 0 0 4 0 0 1 0 0 20 20 0 0 0 0 9 16 24 0 0 0 0 10 19 37 0 13 0 0 11 0 0 0 0 12 0 0 0 0 0 0 5 2 0 0 4 0 0 0 0 2 0 0 1 9 0 0 0 0 2 0 0 0 0 2 0 0 0 1 0 14 0 0 13 0 9 1 3 0 0 0 11 9 8 0 0 0 0 27 14 7 1 0 0 15 9 0 12 0 0 33 17 13 15 28 10 10 43 0 0 0 0 0 0 0 0 0 0 0 0 0 0 0 0 0 0 0 0 0 0 0 0 0 0 0 0 0 0 0 0 0 0 5 0 0 0 3 0 0 1 0 0 0 1 0 0 0 0 1 0 0 0 0 0 0 0 0 0 0 0 0 0 17 0 0 12 0 0 
 1 2 0 0 0 2 0 0 0 0 0 0 0 0 2 0 0 2 1 0 35 151 163 42 55 0 27 452 184 556 314 419 44 48 63 362 301 113 83 51 30 0 0 0 0 0 75 0 0 0 0 0 69 137 0 2 1 0 1 35 0 0 0 0 8 1 0 0 3 0 0 0 3 0 0 12 0 0 35 0 0 0 0 10 2 0 0 2 0 0 0 0 0 0 0 0 0 0 0 0 0 0 0 0 0 14 0 0 9 0 24 8 0 0 0 12 0 23 0 0 1 18 57 0 0 0 39 17 7 0 0 0 33 21 0 16 13 2 42 41 0 0 0 0 0 0 0 0 0 0 0 0 19 0 2 0 0 0 0 0 0 0 0 0 0 12 0 0 6 0 0 0 5 0 0 1 0 0 10 0 0 0 0 27 24 11 0 0 2 49 15 36 0 0 0 8 2 16 0 0 46 0 24 0 0 0 7 0 18 0 0 0 17 21 0 0 1 15 27 16 0 0 0 0 0 0 0 0 0 0 0 0 0 0 0 0 0 0 0 0 0 0 0 0 0 1 0 0 0 0 0 0 1 0 6 0 0 40 44 0 0 0 0 0 0 0 2 1 0 0 0 0 0 2 0 0 0 0 0 0 0 0 0 0 0 7 6 0 0 0 
 0 80 75 167 0 1 0 0 73 20 101 223 0 0 0 0 0 75 0 0 171 290 62 64 41 27 0 74 57 131 37 46 281 150 300 49 28 78 317 412 0 0 0 0 1 0 3 0 0 0 0 0 3 24 0 0 0 0 207 0 1 0 0 0 3 38 0 0 3 0 0 6 2 0 41 0 0 2 0 0 0 0 0 23 8 10 0 0 10 46 27 17 0 0 0 0 1 0 0 0 9 7 8 0 0 0 17 28 0 9 0 0 12 29 23 14 0 0 14 21 0 0 0 0 0 0 0 0 0 0 0 0 0 0 0 0 0 10 0 0 13 0 0 0 0 0 0 0 0 0 0 0 0 0 1 0 0 0 0 0 8 0 0 0 12 11 0 0 10 5 13 28 0 0 0 0 0 27 0 0 10 1 0 0 0 0 21 8 0 0 1 0 31 0 9 19 0 0 22 6 0 0 16 0 0 0 0 0 0 0 0 0 0 0 0 0 0 0 0 0 0 0 0 0 0 0 0 0 0 0 0 0 0 0 0 0 0 0 0 0 0 11 0 0 0 0 74 0 0 0 0 0 0 0 6 2 0 0 0 0 2 2 0 0 0 15 0 0 0 0 0 0 0 0 0 11 0 14 0 0 0 0 0 0 0 0 0 0 0 0 
 3 5 2 76 34 75 2 4 3 15 5 2 4 2 3 4 3 82 2 3 295 414 279 302 64 452 74 0 263 286 135 42 75 99 210 68 342 182 73 150 0 0 0 0 0 0 3 2 5 5 0 0 3 0 65 1 3 3 0 2 0 2 0 3 6 3 3 0 3 0 0 0 3 0 5 0 2 0 0 0 0 0 0 11 9 1 0 0 0 10 1 0 0 0 0 0 1 0 0 0 30 6 32 0 21 0 0 1 0 6 35 21 23 1 19 0 41 14 16 45 9 0 0 0 0 0 16 0 2 0 0 0 0 0 0 0 1 0 19 0 0 0 0 0 0 0 0 0 0 0 0 0 0 0 1 0 0 7 1 0 14 0 0 0 0 0 1 0 0 0 0 0 0 0 0 0 0 1 0 0 36 32 26 6 0 1 33 9 49 0 16 16 0 22 40 13 25 26 10 13 0 2 0 0 0 0 0 13 0 1 0 0 0 0 0 0 0 0 0 0 0 0 0 0 0 0 0 0 0 0 17 0 0 0 0 0 0 0 0 0 0 0 0 0 0 1 0 0 0 0 1 0 0 0 0 0 4 76 0 0 7 2 0 0 0 0 9 0 0 0 0 0 0 0 3 0 1 0 0 0 0 0 0 0 0 0 0 0 0 0 
 3 3 6 3 3 3 3 5 3 3 3 3 3 77 3 3 3 3 3 3 80 180 206 251 168 184 57 263 0 124 114 130 253 100 159 263 394 202 108 71 0 0 0 3 3 2 36 0 7 0 0 0 36 1 0 2 0 0 2 2 0 0 0 0 12 0 0 4 6 0 0 0 5 1 52 10 3 0 0 0 0 0 0 0 0 0 0 0 0 0 0 0 0 0 0 0 0 0 0 2 24 12 27 12 12 0 0 1 37 19 31 0 0 0 2 68 30 0 0 0 12 1 0 0 1 0 1 0 25 0 0 15 10 0 0 0 0 0 79 28 0 0 0 0 0 0 0 0 0 0 0 0 0 0 2 0 0 2 0 5 0 0 0 0 0 0 0 33 0 0 0 0 0 0 0 7 0 0 0 0 0 0 24 37 9 2 0 12 24 25 17 42 0 40 6 28 31 39 0 0 0 0 0 0 0 0 0 0 0 0 0 0 0 0 0 0 0 22 8 0 0 0 0 0 0 1 0 0 0 0 0 1 0 0 0 0 0 2 0 0 0 0 0 0 0 0 0 0 0 0 0 0 0 0 3 0 0 0 0 0 0 0 0 0 0 0 0 0 0 0 0 2 0 0 0 0 0 8 0 10 0 9 0 0 0 0 9 0 0 0 
 0 0 4 0 2 1 0 2 0 6 0 0 0 0 2 1 0 5 0 0 50 36 316 102 72 556 131 286 124 0 166 323 145 141 176 400 69 192 91 158 0 0 0 1 0 6 3 1 0 0 208 1 64 0 208 1 0 0 0 2 0 0 0 0 3 0 1 0 3 0 0 0 3 0 0 0 0 0 0 0 14 0 0 0 0 0 0 0 0 0 0 0 0 0 0 0 0 0 0 0 28 18 7 16 11 1 0 11 21 1 8 10 3 22 25 33 13 3 2 3 11 0 0 0 0 0 8 13 0 1 0 0 1 0 22 0 0 2 12 0 0 0 0 0 0 0 0 0 0 14 0 0 0 0 1 0 0 0 0 0 6 0 0 0 0 0 0 0 0 6 0 1 0 0 0 0 1 0 0 0 17 23 0 0 36 5 29 21 18 1 13 0 0 23 9 53 2 24 0 42 5 0 0 0 0 0 0 0 0 0 0 0 0 0 5 0 0 0 0 0 0 0 0 0 0 0 0 0 0 0 0 0 0 0 0 0 0 0 0 0 0 0 16 0 0 0 0 0 0 0 0 0 0 0 2 0 2 4 2 2 4 0 0 0 0 0 1 0 0 0 0 0 0 0 0 0 0 0 0 0 0 14 0 0 0 1 8 0 0 0 
 4 4 5 1 2 2 1 3 3 2 3 1 0 2 1 1 2 5 2 2 118 97 364 87 178 314 37 135 114 166 0 313 42 36 142 174 128 211 60 147 3 1 62 0 0 0 40 0 0 21 209 1 28 1 0 1 61 0 0 2 0 0 3 0 7 1 2 0 3 0 0 0 3 0 0 0 0 0 0 0 0 0 0 0 0 0 0 0 0 0 0 0 0 0 0 0 1 0 0 0 19 0 0 0 0 1 0 0 10 0 0 15 0 0 18 0 13 8 0 1 10 16 10 0 0 0 14 0 13 0 0 0 2 11 0 0 0 0 15 25 0 0 0 0 0 0 0 0 0 0 0 0 1 0 2 0 0 0 0 7 0 0 0 0 0 0 0 0 4 0 0 0 9 0 0 0 0 7 0 0 0 21 10 18 0 12 26 0 40 16 20 21 0 0 0 0 0 44 4 0 12 3 0 0 0 0 0 5 0 12 0 0 52 2 0 4 10 1 23 28 2 0 0 0 0 0 0 0 0 0 0 0 0 0 0 0 0 0 0 0 0 0 0 0 0 0 2 0 0 0 0 0 0 0 4 0 0 1 40 0 2 0 0 0 0 0 0 0 0 0 0 0 0 0 0 0 0 0 0 0 0 14 0 0 0 16 9 0 0 0 
 3 5 3 7 0 170 3 3 3 3 6 3 3 3 3 4 4 6 3 3 42 395 336 43 32 419 46 42 130 323 313 0 43 197 43 56 175 343 70 224 0 4 5 0 0 9 68 6 2 5 3 3 7 66 70 5 5 6 5 6 4 2 0 6 21 3 7 0 4 0 0 0 3 0 3 0 0 26 50 3 0 0 0 0 0 0 0 0 0 0 0 0 0 0 0 0 0 0 0 0 18 0 42 0 71 1 0 0 26 6 6 9 1 0 30 13 10 10 0 0 0 9 15 0 0 0 33 0 8 0 0 0 7 18 37 2 0 0 24 75 0 0 2 2 0 0 0 0 0 1 0 0 0 0 2 0 1 0 2 0 0 0 0 0 0 1 0 0 5 1 0 0 9 0 0 0 0 0 0 1 0 14 0 20 8 18 0 10 12 0 0 29 0 0 0 74 12 21 0 0 75 0 1 0 0 0 18 19 2 0 0 0 12 12 0 7 10 0 59 0 0 0 0 0 0 0 0 0 0 2 0 0 0 0 0 0 0 0 0 0 0 0 12 0 0 0 0 0 0 0 0 0 0 0 2 5 1 77 75 1 0 1 0 0 0 0 0 0 0 0 0 0 0 0 0 0 0 0 0 0 0 18 0 0 0 1 4 0 0 0 
 0 16 32 152 0 0 0 2 75 85 74 79 0 0 0 0 0 1 0 74 125 240 64 172 64 44 281 75 253 145 42 43 0 73 130 71 488 37 228 91 0 0 0 0 0 0 3 72 69 0 200 0 4 0 0 2 72 0 33 1 0 0 0 0 2 3 47 0 3 0 0 4 2 0 0 0 1 4 0 0 0 0 2 0 1 13 0 0 26 31 12 37 0 0 0 58 0 19 0 0 0 10 25 10 0 0 14 27 61 15 0 0 16 28 32 21 2 0 0 28 0 0 0 0 0 0 0 0 0 0 0 1 10 0 0 1 0 0 0 0 0 0 0 0 0 0 0 0 0 0 0 18 0 0 0 0 2 0 0 0 0 0 0 0 20 13 0 0 30 4 2 40 0 0 0 10 32 37 0 0 0 0 0 0 0 0 1 16 1 16 0 0 21 14 0 0 0 2 31 24 0 0 0 0 0 0 0 0 1 0 0 0 0 0 0 0 0 0 0 0 0 0 0 0 0 0 0 0 0 0 0 0 0 0 0 0 0 0 0 0 0 25 0 0 0 2 0 0 36 74 0 0 0 0 4 0 0 0 0 2 2 0 0 0 0 0 0 0 0 0 0 0 0 0 0 25 0 37 0 0 0 0 0 0 0 0 0 0 0 0 
 4 1 0 0 2 0 0 0 0 0 75 38 0 0 0 0 3 4 0 0 73 50 26 86 143 48 150 99 100 141 36 197 73 0 322 117 78 77 387 90 0 0 0 0 0 0 3 0 2 0 0 0 3 0 0 1 0 0 67 0 3 0 0 0 3 2 40 0 3 0 0 13 3 0 1 0 3 1 0 2 0 0 0 0 1 0 0 0 0 29 23 13 0 1 0 0 0 0 0 0 26 78 56 24 11 0 0 17 31 29 19 2 11 32 10 42 6 0 0 9 0 0 0 0 0 0 12 0 0 0 0 0 0 0 2 0 1 0 0 0 0 0 0 0 2 0 0 0 1 0 2 0 0 0 1 0 0 0 0 0 20 2 0 0 0 0 0 0 0 5 0 0 0 0 0 0 0 0 0 0 27 24 11 15 11 48 0 53 28 0 18 0 11 12 9 56 9 0 0 2 0 0 0 0 0 0 1 0 0 0 0 0 13 15 0 1 0 0 12 2 0 0 19 0 0 0 0 0 0 0 2 0 0 0 0 0 0 0 0 0 0 0 21 0 0 0 0 0 0 0 0 0 2 0 2 0 1 53 0 0 0 17 0 0 0 0 0 0 0 0 0 0 0 0 0 0 0 0 0 0 0 0 0 0 0 0 0 0 0 0 
 0 3 0 35 1 0 0 0 0 0 0 74 0 0 0 0 0 85 0 0 98 94 299 129 137 63 300 210 159 176 142 43 130 322 0 164 138 125 168 183 0 0 0 0 0 0 3 0 4 1 0 0 4 0 0 1 0 0 0 2 0 0 0 0 3 2 0 0 3 0 0 0 3 0 32 0 0 0 0 0 0 0 0 2 19 9 0 0 0 20 16 0 0 0 0 0 0 0 0 0 13 24 23 36 14 0 4 23 21 1 7 1 0 0 36 8 12 0 46 11 0 0 0 0 0 0 0 0 0 0 0 1 14 0 0 1 1 0 0 0 0 0 0 0 0 0 0 0 19 0 0 0 0 0 1 0 1 5 4 0 0 0 0 0 0 0 0 0 0 0 22 10 0 0 0 0 0 2 0 0 35 24 14 1 0 0 28 20 21 14 0 1 11 58 18 14 1 12 9 1 0 0 0 0 0 0 0 0 1 0 0 0 22 0 0 0 0 0 10 0 0 0 0 0 0 0 0 0 0 0 0 0 0 0 0 0 0 0 0 0 0 0 0 0 0 2 0 0 0 0 0 0 0 0 2 2 0 74 1 0 4 3 0 0 0 0 14 0 0 0 0 0 0 0 0 0 0 0 0 0 0 0 0 0 0 0 0 0 0 0 
 1 1 5 0 2 2 5 2 1 2 3 1 1 1 13 0 4 38 0 1 319 139 605 128 103 362 49 68 263 400 174 56 71 117 164 0 241 86 50 140 0 0 0 0 0 4 3 0 0 0 0 0 6 0 2 1 0 0 3 1 0 0 4 0 12 4 28 2 3 1 2 2 2 1 1 0 6 0 7 1 0 0 0 0 0 0 0 0 0 0 0 0 0 0 0 0 0 0 0 0 18 0 20 45 14 29 0 0 3 9 0 0 0 1 37 35 9 9 0 1 22 0 0 0 0 0 35 0 0 0 0 0 8 0 19 0 0 0 15 11 0 0 9 0 0 0 0 0 0 0 0 0 0 0 2 0 0 0 0 9 0 0 0 0 0 0 0 0 0 6 0 0 0 0 0 0 0 0 0 0 1 14 10 1 0 0 0 11 11 26 9 1 0 20 0 29 0 31 0 0 0 0 0 0 0 0 9 0 0 0 0 0 0 1 15 0 0 0 2 0 0 0 0 0 0 0 0 0 0 0 0 0 0 0 0 11 0 0 0 0 0 0 0 0 0 0 2 0 2 0 0 0 0 0 2 0 2 73 74 2 1 7 0 0 1 0 0 0 0 0 0 0 0 0 0 0 0 0 0 0 0 15 0 0 0 0 5 0 0 0 
 4 3 0 0 0 0 3 1 0 0 0 0 0 0 0 0 5 2 0 0 130 283 295 267 346 301 28 342 394 69 128 175 488 78 138 241 0 134 56 61 18 0 0 0 0 0 33 0 7 0 0 2 3 0 2 1 0 0 64 2 0 0 0 0 3 1 0 0 3 0 0 0 3 0 1 0 3 0 0 0 0 0 0 0 0 0 0 0 0 0 0 0 0 0 0 0 0 0 0 1 30 30 13 50 25 12 0 1 64 28 33 1 11 9 17 24 48 17 0 1 0 8 2 0 1 0 10 0 0 0 0 0 22 0 0 12 0 0 0 0 2 0 0 7 0 0 0 0 0 0 0 0 0 0 1 0 0 1 0 0 0 0 0 0 0 0 0 0 0 0 0 0 0 0 0 0 0 0 0 0 21 9 31 19 0 10 0 25 25 26 38 13 0 35 16 12 25 27 0 0 0 0 0 0 0 0 15 7 0 0 0 0 0 0 20 0 10 2 0 0 0 0 0 0 0 2 0 0 0 0 0 2 0 0 0 0 0 0 0 0 0 0 0 0 0 0 0 0 0 0 0 0 0 0 2 0 1 5 2 0 1 18 0 0 0 0 0 0 0 0 0 0 0 0 0 0 0 2 0 0 0 0 0 0 1 0 0 0 0 0 
 0 0 3 0 2 0 58 0 0 0 0 0 2 2 0 0 207 5 0 0 24 57 140 147 192 113 78 182 202 192 211 343 37 77 125 86 134 0 27 47 0 0 0 0 0 0 27 0 5 0 0 2 28 0 0 1 0 0 0 2 0 0 0 0 33 2 0 2 4 0 0 0 2 0 0 0 0 0 0 0 0 0 0 0 0 0 0 0 12 0 0 2 0 0 0 0 0 0 0 0 37 9 18 0 14 0 0 11 27 29 4 0 0 6 26 20 29 0 6 9 10 1 0 0 0 0 12 0 0 0 0 0 0 0 0 0 0 0 48 24 0 0 0 0 2 0 0 0 0 0 0 0 0 0 2 0 0 0 0 8 2 2 0 0 0 0 0 0 0 8 0 0 0 0 0 0 0 0 0 0 9 13 22 19 22 0 4 7 2 9 19 15 0 18 5 19 19 31 20 2 0 0 0 0 0 0 1 0 0 0 0 0 0 0 0 1 0 0 20 2 0 0 0 0 0 0 0 0 0 0 0 0 0 0 0 0 0 0 0 0 0 0 0 0 0 0 0 0 0 0 0 0 0 0 8 0 1 4 4 0 2 2 0 0 0 0 0 0 0 0 0 0 0 0 0 0 0 0 0 17 0 11 0 0 0 0 10 0 0 13 
 0 74 0 154 0 76 0 1 94 48 230 111 0 0 0 0 75 0 2 0 154 50 43 99 69 83 317 73 108 91 60 70 228 387 168 50 56 27 0 118 0 0 0 0 0 0 3 0 0 0 0 0 3 0 0 1 0 0 11 0 0 0 0 0 3 1 0 0 3 0 3 11 3 0 45 0 0 0 0 0 0 6 10 25 16 24 0 0 17 40 52 34 0 0 0 0 9 0 0 0 13 41 1 15 0 0 22 53 0 0 0 0 16 30 19 11 0 2 18 1 0 0 0 0 0 0 14 0 0 0 0 0 0 0 0 0 0 0 0 0 0 1 0 0 0 0 0 0 0 0 0 0 0 1 0 0 0 0 1 0 0 0 0 0 3 9 0 0 35 0 0 36 0 0 0 2 0 17 0 0 23 9 0 0 0 0 0 27 0 0 47 0 32 0 14 0 13 0 9 15 0 0 0 0 0 0 0 0 0 0 0 0 0 15 0 0 0 0 0 0 0 0 0 0 0 0 8 0 0 0 0 0 0 0 0 0 0 0 0 0 0 22 0 0 0 0 84 0 0 0 0 0 0 0 6 0 2 1 0 2 0 0 0 0 0 0 0 0 0 0 0 0 0 0 0 9 8 19 0 0 0 0 0 0 0 0 0 0 0 0 
 0 1 0 178 58 2 0 2 0 1 78 99 0 0 0 0 0 97 0 3 66 394 84 359 86 51 412 150 71 158 147 224 91 90 183 140 61 47 118 0 0 0 0 0 3 21 3 0 0 4 4 4 6 0 0 5 0 9 201 2 0 0 0 0 7 2 0 0 3 0 3 8 18 0 57 0 6 0 0 8 0 0 0 12 42 15 0 0 0 22 26 17 2 0 0 0 0 14 0 0 16 17 1 0 5 0 1 25 12 33 22 3 22 12 18 14 25 0 5 13 0 0 0 0 0 0 0 0 1 0 0 0 0 0 0 0 0 0 0 0 0 0 0 0 0 0 1 0 0 0 0 0 0 0 1 0 0 0 0 0 0 0 0 0 0 0 0 0 1 0 12 0 0 0 0 0 1 0 0 0 6 24 26 34 0 10 52 33 7 0 19 15 36 33 20 0 75 18 59 13 0 0 0 0 0 0 0 0 0 0 0 0 0 23 0 0 0 0 0 0 0 0 0 0 0 0 0 0 0 0 0 0 0 0 0 0 0 0 0 0 0 0 0 0 0 0 0 0 1 0 0 0 0 2 0 3 0 2 0 2 9 0 0 0 0 0 0 0 0 0 0 0 0 0 2 0 0 0 0 0 0 0 0 1 0 0 0 0 0 0 
 2 2 2 2 0 2 2 2 2 4 2 2 2 2 2 16 2 2 2 2 2 0 3 92 145 30 0 0 0 0 3 0 0 0 0 0 18 0 0 0 0 112 79 52 236 253 261 99 44 98 17 55 82 189 254 102 111 53 58 38 0 0 0 0 3 0 5 0 3 0 0 0 0 2 1 2 3 3 0 0 0 0 0 0 0 0 0 0 0 0 0 0 0 0 0 0 0 0 0 0 0 0 0 8 4 20 0 0 0 0 0 9 0 2 0 0 0 6 0 0 0 26 33 0 0 0 0 0 0 38 9 0 10 19 7 23 35 10 13 0 0 0 0 0 0 0 0 0 0 0 0 0 1 0 2 0 0 0 0 0 0 16 0 0 0 0 7 0 0 0 0 0 0 0 0 0 0 0 0 0 0 0 0 0 19 0 0 0 0 21 28 0 0 0 0 0 0 0 0 0 0 17 0 0 0 4 13 7 9 9 0 22 22 3 15 9 19 3 0 35 11 0 0 0 10 0 0 0 0 0 0 0 0 0 0 0 0 0 0 0 0 0 0 0 0 0 0 0 0 0 0 8 0 0 0 0 0 0 0 0 0 0 2 0 0 3 0 0 0 0 0 0 0 0 0 0 0 0 0 0 0 0 0 0 0 0 0 13 0 0 
 0 12 0 0 2 0 36 0 0 0 0 0 0 0 0 0 0 0 0 0 2 0 0 28 0 0 0 0 0 0 1 4 0 0 0 0 0 0 0 0 112 0 531 161 146 154 54 429 625 96 100 320 36 50 118 139 477 268 57 54 3 0 0 0 21 206 1 0 0 1 0 0 52 34 0 0 23 0 28 51 0 0 0 0 0 0 0 0 0 0 0 0 0 0 0 0 0 0 0 0 0 0 0 0 0 0 0 0 0 0 0 0 0 0 0 0 0 0 0 0 0 0 12 52 30 0 0 0 16 60 0 2 0 0 0 31 9 31 0 0 0 0 0 0 0 0 0 5 0 0 5 0 6 0 14 0 0 0 9 63 0 0 0 0 0 0 0 0 0 0 0 0 0 0 0 0 0 0 0 0 0 0 0 0 0 0 0 0 0 0 0 0 0 0 0 0 8 0 0 0 0 34 12 21 60 9 0 0 21 23 39 7 0 0 0 0 0 13 0 0 0 7 0 0 0 0 22 0 0 0 13 0 17 11 0 0 0 0 24 0 0 0 17 0 0 0 0 0 0 0 0 6 0 0 0 0 0 0 0 0 0 0 0 77 0 0 1 0 0 0 0 0 0 0 0 0 0 0 0 0 0 0 0 0 14 16 0 0 0 0 
 0 0 0 3 0 0 0 0 0 0 0 0 5 0 0 0 0 0 0 0 205 0 0 0 29 0 0 0 0 0 62 5 0 0 0 0 0 0 0 0 79 531 0 120 145 97 57 174 368 165 309 40 149 61 145 80 259 259 109 302 0 0 0 0 0 0 2 0 0 4 0 0 57 52 0 9 0 0 0 23 0 0 3 0 0 0 0 0 0 0 0 0 0 0 0 0 0 0 0 0 0 19 0 0 0 0 0 0 0 0 0 0 0 0 0 0 0 0 0 0 0 0 0 51 1 19 1 0 14 19 14 14 0 0 2 16 56 38 0 0 10 0 1 0 3 0 0 19 0 0 0 0 0 0 2 0 7 0 12 0 0 0 0 0 0 0 0 0 0 0 0 0 0 0 0 0 0 0 0 0 0 14 11 0 0 15 0 0 0 0 0 0 0 0 0 0 0 0 0 0 30 8 53 0 20 0 18 2 9 14 32 0 2 0 0 0 0 24 0 17 3 5 6 0 0 0 14 0 1 0 15 0 3 14 0 0 0 8 0 0 0 0 0 0 0 0 0 0 0 0 0 18 0 0 0 15 1 0 0 3 0 0 0 1 2 3 0 1 0 0 0 0 0 0 0 0 0 0 0 0 0 0 0 0 16 16 0 0 0 0 
 0 0 0 0 0 0 0 0 0 0 0 0 0 0 0 0 0 2 5 0 2 0 0 0 0 0 0 0 3 1 0 0 0 0 0 0 0 0 0 0 52 161 120 0 141 36 92 375 75 156 51 189 40 65 62 370 39 464 521 36 8 1 0 0 0 0 5 0 0 0 0 0 4 53 0 0 1 0 6 0 0 0 0 0 0 0 0 0 0 0 0 0 0 0 0 0 0 0 0 0 0 0 0 0 0 0 0 0 0 0 0 0 0 0 0 0 0 0 0 0 10 0 3 4 38 26 0 38 23 16 21 0 8 1 36 12 0 1 0 0 0 0 0 0 0 0 24 18 3 7 0 0 6 28 2 0 0 28 0 15 0 0 0 6 0 0 0 0 0 0 0 0 0 0 0 0 0 0 0 0 0 0 0 0 0 0 0 0 0 0 0 0 0 0 0 0 0 0 0 0 11 0 2 17 17 6 0 10 8 0 35 14 0 4 9 12 6 29 0 0 1 6 22 0 0 6 2 0 18 0 0 0 0 29 21 1 1 5 7 6 0 0 0 0 0 0 0 0 0 0 0 11 0 0 0 0 0 0 0 33 0 20 35 1 1 24 2 0 0 0 7 0 0 0 0 0 0 0 0 0 0 0 1 0 18 0 0 0 3 0 
 0 18 0 0 0 0 0 0 0 0 0 0 0 0 0 0 0 0 0 0 2 0 0 0 0 0 1 0 3 0 0 0 0 0 0 0 0 0 0 3 236 146 145 141 0 496 48 196 184 152 150 179 63 67 77 161 38 34 86 67 6 0 0 0 6 2 1 0 0 0 0 0 58 28 0 0 0 0 60 57 0 0 0 0 0 0 0 0 0 0 0 0 0 0 0 0 0 0 0 0 0 0 0 0 0 0 0 0 0 0 0 0 0 0 0 0 0 0 0 0 0 0 13 61 8 22 0 0 17 40 0 1 0 0 0 0 8 51 0 0 8 0 0 0 6 0 0 9 0 0 7 0 8 0 11 0 7 0 19 6 0 0 0 0 9 0 0 0 0 0 44 0 0 0 0 0 0 0 0 0 0 0 0 0 0 0 0 0 0 0 0 0 0 0 0 0 0 0 0 0 0 17 11 22 0 17 0 0 19 16 39 21 0 0 0 0 0 14 0 0 0 1 0 0 0 0 32 0 0 0 15 0 18 14 0 0 0 0 35 0 0 0 18 0 0 0 0 0 0 0 0 8 0 0 0 0 0 0 0 1 0 0 3 1 0 3 2 1 0 0 0 0 0 0 0 0 0 0 0 0 0 0 0 0 20 0 0 0 0 0 
 3 24 8 3 6 3 3 7 3 3 6 3 3 3 3 3 3 3 3 3 2 0 0 0 1 0 0 0 2 6 0 9 0 0 0 4 0 0 0 21 253 154 97 36 496 0 35 87 113 263 85 187 18 48 251 67 91 122 52 35 7 0 0 0 0 0 57 50 58 0 0 0 2 54 53 0 7 2 51 0 0 0 0 0 0 0 23 0 0 0 0 0 0 0 0 0 0 0 0 0 0 1 0 5 0 0 0 0 0 0 0 0 0 0 0 1 0 5 0 0 0 0 10 25 0 8 0 0 0 25 7 0 0 0 17 8 0 2 0 0 0 0 9 0 0 0 10 10 8 0 1 0 11 0 1 0 0 23 3 0 0 0 0 0 0 0 0 0 0 0 0 0 0 0 0 0 0 0 0 0 0 0 0 0 9 0 0 1 0 0 0 0 0 0 0 3 0 0 0 0 0 6 0 0 38 6 8 0 10 6 7 22 0 0 10 10 0 11 1 0 0 0 25 0 0 15 29 0 8 7 0 0 0 0 10 0 0 0 3 8 0 0 30 0 0 0 0 0 0 0 0 12 0 0 0 0 0 0 0 0 0 0 0 4 0 5 0 1 0 0 0 0 0 0 0 0 9 0 0 0 0 15 0 0 12 0 0 0 0 0 
 0 0 4 0 0 0 0 0 0 0 0 1 0 0 0 0 0 0 0 6 3 5 28 88 3 75 3 3 36 3 40 68 3 3 3 3 33 27 3 3 261 54 57 92 48 35 0 109 46 25 34 37 92 254 267 111 117 104 139 116 0 0 0 0 0 0 2 0 0 0 0 0 0 0 0 2 0 0 0 0 0 0 0 0 0 0 0 0 0 0 0 0 0 0 0 0 0 0 0 0 0 0 0 14 20 18 0 0 0 0 0 21 0 0 0 0 0 19 0 0 10 32 18 0 0 0 0 1 10 0 3 0 23 0 8 18 0 0 16 28 0 0 0 0 0 0 0 0 0 0 0 0 0 0 2 0 0 0 0 7 0 0 0 0 0 0 2 0 0 0 12 10 0 0 0 0 0 0 0 0 0 0 9 0 11 0 0 0 0 30 42 41 0 0 0 0 0 24 0 0 0 2 25 14 0 0 52 8 29 0 0 20 0 0 5 22 9 0 22 4 23 0 0 0 0 0 0 0 0 0 2 0 0 0 0 0 0 0 0 0 0 0 0 0 0 0 0 0 0 0 0 11 0 0 0 0 0 67 0 4 0 0 0 0 0 4 0 0 2 0 0 0 0 0 0 0 0 0 0 0 0 16 0 0 0 22 0 0 0 0 
 0 1 6 2 0 0 5 1 1 8 2 3 0 2 1 1 1 0 2 0 2 0 0 1 30 0 0 2 0 1 0 6 72 0 0 0 0 0 0 0 99 429 174 375 196 87 109 0 177 47 166 37 222 104 153 34 259 244 292 309 0 0 0 0 3 0 6 0 3 0 0 0 0 31 50 0 0 4 62 0 0 0 0 0 0 0 0 0 0 0 0 0 0 0 0 0 0 0 0 14 0 0 0 0 0 0 0 0 0 0 0 0 0 0 0 0 0 0 0 0 11 8 22 13 18 0 0 17 53 32 6 63 0 13 0 0 15 8 0 0 0 0 0 0 0 0 0 0 0 0 7 0 0 0 1 0 0 0 0 8 0 0 0 5 0 0 0 0 0 0 0 0 0 0 0 0 0 0 0 0 0 0 0 0 0 14 0 0 0 0 0 0 0 0 0 0 0 0 0 0 15 10 43 22 8 40 24 21 22 0 24 11 2 0 1 0 6 22 0 8 0 0 0 0 0 0 1 0 0 0 0 0 5 1 0 0 0 0 32 0 0 0 0 0 0 0 0 0 0 26 0 4 0 2 0 0 0 0 0 0 0 0 2 65 0 15 2 1 2 0 0 0 0 0 0 0 0 0 0 0 0 0 0 0 35 0 0 0 0 0 
 0 0 0 0 0 0 0 0 0 0 0 0 0 0 0 0 0 0 0 0 2 0 0 8 6 0 0 5 7 0 0 2 69 2 4 0 7 5 0 0 44 625 368 75 184 113 46 177 0 138 107 263 59 94 65 406 55 87 253 263 1 53 0 0 0 0 2 0 0 0 0 0 50 52 0 0 51 0 0 25 0 0 0 0 0 9 0 0 0 0 0 0 0 0 0 0 0 0 0 0 4 8 6 0 6 0 0 0 0 4 13 20 0 0 0 45 6 0 0 0 0 0 0 41 6 11 0 0 0 19 2 32 0 0 0 8 11 20 0 0 8 0 1 0 0 0 0 5 0 0 0 0 1 21 10 0 13 0 9 7 0 0 0 0 0 0 0 0 0 0 0 0 0 0 0 0 0 0 0 0 0 0 9 32 0 0 0 4 0 0 0 5 0 5 34 3 9 0 0 0 0 10 0 10 26 0 0 0 19 25 38 0 0 0 6 0 0 16 2 0 8 9 0 0 0 0 10 0 1 0 19 0 20 37 0 2 0 0 1 0 0 0 0 0 0 0 0 0 0 0 0 2 0 2 0 0 0 0 0 2 0 0 0 3 2 0 1 0 0 0 0 0 0 0 0 0 0 0 0 0 0 0 0 0 19 1 0 0 1 0 
 2 9 69 2 0 2 4 2 2 2 2 2 4 2 2 13 2 2 2 2 0 0 0 0 69 0 0 5 0 0 21 5 0 0 1 0 0 0 0 4 98 96 165 156 152 263 25 47 138 0 120 66 71 153 381 180 121 117 89 69 5 6 34 0 0 0 4 0 2 0 2 0 2 3 0 0 10 0 0 51 0 0 0 0 0 0 0 0 0 5 0 0 0 0 0 0 0 0 0 0 0 0 0 0 0 0 0 0 0 0 0 0 0 0 8 0 0 0 0 0 12 0 0 14 3 7 15 11 1 10 23 3 6 20 95 0 25 41 0 0 0 0 6 0 0 0 0 4 0 11 0 0 10 31 0 0 4 5 0 0 0 0 0 0 0 0 0 0 0 0 0 0 0 0 0 0 0 0 0 0 0 0 0 0 0 0 0 0 0 0 0 0 0 0 0 0 0 0 0 0 0 27 0 1 7 10 0 11 0 16 34 41 28 0 0 27 32 12 0 22 46 13 0 0 0 0 14 3 0 0 19 2 8 26 1 1 3 5 21 3 0 0 0 0 0 0 0 0 0 0 0 3 0 0 0 0 0 0 0 13 0 0 67 66 1 0 2 10 0 0 8 0 0 0 0 0 0 0 0 0 0 0 0 0 0 0 0 8 0 0 
 59 4 4 8 3 3 1 1 2 1 0 0 1 62 0 1 0 4 1 0 3 0 0 0 2 0 0 0 0 208 209 3 200 0 0 0 0 0 0 4 17 100 309 51 150 85 34 166 107 120 0 185 45 233 299 143 116 59 28 57 0 0 0 0 6 0 2 0 0 0 0 0 0 52 0 0 0 0 51 1 0 0 0 0 0 0 0 10 1 0 0 0 0 0 0 0 0 0 0 0 0 0 0 0 0 0 0 0 0 0 0 0 0 0 0 0 0 0 0 0 0 0 0 9 18 11 0 0 0 11 0 31 0 0 0 8 21 0 0 0 7 2 0 0 0 0 0 0 0 0 0 0 1 36 9 23 27 11 8 8 0 0 0 0 0 0 10 4 0 0 0 15 16 9 0 0 0 0 1 14 0 0 0 0 0 0 0 0 0 0 0 0 0 0 0 0 0 0 0 0 0 0 0 10 21 0 0 0 19 10 17 0 0 0 4 0 1 12 0 0 0 1 8 0 0 0 0 0 1 0 3 0 22 0 0 16 0 0 28 0 0 0 0 0 0 0 0 0 0 0 0 10 0 0 0 0 0 0 0 9 0 0 0 0 0 2 1 0 0 0 0 0 0 0 0 0 0 0 0 0 0 0 0 0 16 1 0 0 0 0 
 0 21 0 0 0 0 1 0 0 0 0 0 0 0 0 0 0 0 0 0 1 0 0 0 0 0 0 0 0 1 1 3 0 0 0 0 2 2 0 4 55 320 40 189 179 187 37 37 263 66 185 0 18 26 26 33 323 158 177 36 3 0 0 0 1 3 50 0 0 0 0 0 0 7 0 0 0 0 20 0 0 0 0 0 0 0 0 0 0 0 0 0 0 0 0 0 0 0 0 0 0 0 0 0 0 0 0 0 0 0 0 0 0 0 0 0 0 0 0 0 0 0 10 18 25 0 0 3 14 8 6 0 10 16 12 0 0 6 0 0 0 0 0 0 0 0 1 0 7 0 0 0 8 4 0 10 0 34 22 58 0 0 0 0 0 0 0 0 0 0 0 0 0 0 0 0 0 0 0 0 0 0 0 0 0 0 0 0 0 0 0 0 0 0 0 0 0 0 0 0 0 11 1 24 60 26 0 3 1 0 17 29 0 0 0 28 0 65 0 0 0 0 15 0 0 0 11 0 16 0 0 0 0 11 15 10 0 0 23 8 0 0 22 0 0 0 0 0 0 0 0 8 0 0 0 0 0 0 0 14 0 0 79 1 0 2 0 1 0 4 2 0 0 0 0 0 0 0 0 0 0 0 0 0 0 0 0 0 0 0 
 6 0 0 59 2 2 0 0 0 0 0 0 0 0 0 0 6 4 0 0 3 3 37 3 65 69 3 3 36 64 28 7 4 3 4 6 3 28 3 6 82 36 149 40 63 18 92 222 59 71 45 18 0 171 87 522 99 303 231 146 0 0 0 0 0 0 2 0 0 0 0 0 0 0 0 0 0 0 0 0 0 0 0 0 0 0 0 0 0 0 0 0 0 0 0 0 0 0 0 0 0 0 0 0 38 0 0 0 0 0 13 0 0 0 0 0 0 13 0 0 38 4 0 0 6 0 51 47 27 0 23 3 0 0 12 0 10 0 14 52 0 0 0 0 0 0 0 0 0 0 0 0 0 0 2 0 0 0 0 8 0 0 0 8 0 0 23 0 0 0 0 0 0 0 0 0 0 0 0 0 0 0 19 0 31 7 0 0 9 12 19 6 0 0 0 0 0 33 0 0 8 3 36 16 0 1 3 0 0 0 0 26 8 3 0 0 21 0 15 1 2 0 0 0 0 0 1 0 0 0 0 0 11 0 0 0 0 0 0 0 0 0 0 0 0 0 0 0 0 17 0 7 0 1 0 0 0 65 0 22 0 0 2 1 2 20 2 1 0 0 0 0 0 0 0 0 0 0 0 0 0 49 0 0 0 11 0 0 2 0 
 0 0 0 0 0 0 0 0 0 0 0 0 0 0 0 0 0 0 0 0 0 0 1 68 90 137 24 0 1 0 1 66 0 0 0 0 0 0 0 0 189 50 61 65 67 48 254 104 94 153 233 26 171 0 262 115 379 258 262 210 1 0 0 0 0 71 2 0 0 0 0 0 0 0 0 0 0 0 0 0 0 0 0 0 0 0 0 0 0 0 0 0 0 0 0 0 0 0 0 0 0 0 0 0 0 17 0 0 0 0 2 28 0 0 0 0 0 12 0 0 3 35 30 0 5 7 16 22 41 3 5 11 13 0 21 18 30 42 13 11 0 0 0 0 0 0 0 0 0 0 0 0 0 0 0 0 0 0 0 0 0 0 0 0 0 2 5 0 0 0 0 0 0 0 0 0 0 0 0 0 0 0 0 0 67 18 0 0 0 0 7 15 0 0 0 4 0 0 0 0 15 9 35 0 0 0 3 2 0 0 0 7 10 13 26 6 7 0 4 22 0 0 0 0 0 0 0 0 0 0 22 0 7 0 0 0 0 0 1 0 0 0 0 0 0 0 0 0 0 0 0 0 0 0 0 0 0 65 0 0 0 0 1 0 2 3 3 63 0 0 0 0 0 0 0 0 0 0 0 0 0 0 0 0 35 18 0 0 0 0 
 4 0 5 0 0 30 59 0 0 0 0 0 0 0 0 22 4 2 0 0 2 0 0 64 119 0 0 65 0 208 0 70 0 0 0 2 2 0 0 0 254 118 145 62 77 251 267 153 65 381 299 26 87 262 0 178 220 134 124 104 0 0 0 0 0 0 1 0 0 0 0 0 0 0 0 0 0 0 0 0 0 0 0 0 0 0 0 0 0 0 0 0 0 0 0 0 25 0 0 0 0 0 0 3 0 16 0 0 0 0 0 35 0 0 0 0 0 0 0 0 0 9 29 0 0 0 0 10 0 6 21 0 2 8 16 38 29 0 14 0 0 0 0 0 0 0 0 0 0 0 0 0 10 5 2 0 0 0 0 0 0 0 0 0 0 2 25 0 0 0 0 0 0 0 0 0 0 0 0 0 0 0 0 0 0 0 0 0 0 0 0 0 0 0 0 0 0 0 0 0 37 10 19 0 0 0 22 8 3 0 0 6 17 0 26 15 27 25 0 22 0 0 0 0 0 0 0 0 0 0 0 0 0 0 0 0 0 0 0 0 0 0 0 0 0 0 0 0 0 0 0 6 0 0 0 0 0 0 0 0 0 0 5 0 1 0 4 0 0 0 1 0 0 0 0 0 0 0 0 0 0 0 0 0 19 15 0 17 0 0 
 5 27 6 3 5 3 3 5 3 3 3 3 3 3 3 23 5 6 3 3 3 2 0 2 24 2 0 1 2 1 1 5 2 1 1 1 1 1 1 5 102 139 80 370 161 67 111 34 406 180 143 33 522 115 178 0 141 150 128 65 2 48 0 85 0 4 1 0 0 0 0 0 0 0 0 0 0 0 6 0 0 0 0 0 0 0 0 0 0 0 0 0 0 0 0 0 5 0 0 0 0 0 0 0 0 10 0 0 0 0 0 0 0 0 0 0 0 0 0 0 0 28 38 6 0 0 0 10 25 5 21 8 4 20 17 9 44 0 2 0 0 0 0 0 0 0 0 3 4 0 0 0 22 5 19 0 0 0 11 35 0 0 0 0 0 0 0 0 0 0 0 0 0 0 0 0 0 0 0 0 0 0 0 0 0 0 0 0 0 0 0 0 0 0 0 0 0 0 0 0 31 21 0 28 3 27 49 1 28 17 0 65 3 23 13 0 8 1 0 29 40 0 0 0 0 0 9 0 9 0 0 0 14 4 0 0 1 0 17 0 0 0 1 0 0 0 0 0 0 0 0 8 0 0 0 0 0 0 0 22 0 21 3 0 0 3 0 0 2 0 1 0 0 0 0 0 0 0 0 0 0 0 3 0 22 7 0 18 0 0 
 3 3 3 3 0 3 5 5 3 3 3 4 3 67 3 24 3 8 3 20 2 0 0 1 183 1 0 3 0 0 61 5 72 0 0 0 0 0 0 0 111 477 259 39 38 91 117 259 55 121 116 323 99 379 220 141 0 395 240 139 0 0 0 0 0 0 0 0 0 52 0 0 0 0 0 0 0 0 0 0 0 0 0 0 0 0 0 11 0 0 0 0 0 0 0 21 0 0 0 14 0 0 0 0 0 13 0 0 0 0 0 12 0 0 3 0 0 0 0 0 0 18 17 0 0 0 2 12 25 12 0 0 1 0 10 23 37 0 0 0 0 0 0 0 0 0 0 0 0 0 0 0 0 4 2 0 0 0 0 0 3 0 0 0 0 0 6 0 0 0 0 0 0 9 0 0 0 0 0 0 0 0 0 0 0 19 0 0 0 0 0 0 0 0 0 0 0 0 0 0 30 16 21 0 0 0 37 9 21 3 0 0 34 13 17 30 9 10 1 53 16 0 1 0 0 0 0 0 0 16 0 0 0 0 0 0 0 0 0 0 0 0 0 0 0 0 0 0 0 0 0 6 0 2 0 0 0 0 0 1 0 0 2 46 0 2 4 1 2 0 0 0 0 0 0 0 0 0 0 0 0 0 0 0 6 0 0 15 1 0 
 0 3 0 0 3 3 2 5 0 0 0 0 0 0 2 0 0 0 0 16 0 0 0 0 64 0 0 3 0 0 0 6 0 0 0 0 0 0 0 9 53 268 259 464 34 122 104 244 87 117 59 158 303 258 134 150 395 0 137 319 5 0 0 0 0 208 0 0 0 0 0 50 2 0 0 0 0 0 0 0 0 0 0 0 0 0 0 5 0 0 0 0 0 0 0 0 0 0 0 5 0 0 0 0 0 2 0 0 0 0 0 0 0 0 0 0 0 0 0 2 1 19 0 7 3 0 1 15 19 14 28 0 7 0 33 14 0 18 0 0 0 0 0 0 0 0 0 0 0 0 0 0 9 3 0 0 0 0 24 20 2 0 0 0 0 0 0 0 0 0 0 0 2 6 0 0 0 0 0 0 0 0 0 0 0 0 0 0 0 0 0 0 0 0 0 0 0 0 0 0 23 19 0 20 0 1 18 0 14 0 33 13 0 16 11 12 10 1 0 23 18 0 0 0 0 0 9 0 2 0 0 0 0 20 3 0 0 0 10 0 0 0 9 0 0 0 0 0 0 0 0 2 0 0 0 0 0 0 0 20 0 21 70 2 3 3 3 68 0 0 0 0 0 0 0 0 0 0 0 0 0 0 0 0 11 0 0 0 0 0 
 0 2 0 0 0 0 0 0 3 10 0 6 0 0 0 0 0 0 2 0 68 0 0 1 117 1 207 0 2 0 0 5 33 67 0 3 64 0 11 201 58 57 109 521 86 52 139 292 253 89 28 177 231 262 124 128 240 137 0 191 0 0 0 3 0 2 0 0 0 3 0 0 0 0 1 0 0 0 3 0 0 0 0 0 0 0 0 0 3 0 6 3 0 0 0 0 12 0 0 0 11 1 1 0 0 10 0 8 12 0 0 0 11 7 0 2 30 0 0 6 26 22 11 0 0 0 35 21 79 1 11 9 0 0 19 10 37 0 0 0 0 0 0 0 0 0 0 0 0 0 0 0 0 4 2 0 0 0 0 0 0 0 0 0 6 0 0 0 0 0 0 5 0 0 0 0 6 8 0 0 0 4 9 15 1 28 0 14 0 0 0 0 0 0 6 14 0 0 21 0 34 6 21 7 0 0 16 0 13 0 1 14 10 10 12 7 16 0 0 39 23 0 0 0 0 0 0 0 0 0 0 0 0 0 0 0 0 0 0 0 0 11 0 0 0 0 20 0 10 0 0 2 0 1 0 0 0 0 0 13 0 0 1 0 1 81 2 1 0 0 0 0 0 0 0 0 0 0 0 12 0 0 0 0 4 0 0 0 2 0 
 2 1 1 61 2 2 4 0 0 1 2 0 0 1 0 0 2 3 0 1 4 1 2 64 86 35 0 2 2 2 2 6 1 0 2 1 2 2 0 2 38 54 302 36 67 35 116 309 263 69 57 36 146 210 104 65 139 319 191 0 0 4 1 0 0 0 6 0 10 0 4 6 0 5 0 0 5 0 0 0 0 0 0 0 0 0 0 0 0 0 0 0 0 0 0 0 0 0 0 0 0 0 0 0 0 15 0 0 0 0 0 0 0 0 0 0 0 26 0 0 0 8 36 0 0 0 0 46 0 0 0 0 13 0 0 10 14 0 0 2 0 0 9 0 0 12 0 0 9 6 0 6 5 11 2 0 2 3 0 0 0 0 0 0 0 0 20 0 0 0 0 0 0 0 0 0 0 0 0 0 0 0 0 0 69 0 0 0 0 0 0 16 0 0 0 0 0 0 0 0 19 0 39 0 0 0 26 11 0 0 0 0 6 1 11 1 36 2 7 42 0 0 0 1 0 0 0 3 0 0 0 18 0 0 0 0 2 4 0 1 0 1 0 0 0 0 0 0 0 0 0 3 0 2 0 0 0 18 3 0 62 0 3 0 1 0 0 0 0 0 2 0 0 0 0 0 0 0 0 0 0 0 0 0 20 19 0 0 1 1 
 0 0 0 0 11 0 0 2 0 0 3 0 0 0 0 0 0 2 0 0 0 0 0 0 0 0 1 0 0 0 0 4 0 3 0 0 0 0 0 0 0 3 0 8 6 7 0 0 1 5 0 3 0 1 0 2 0 5 0 0 0 327 150 100 45 30 124 212 94 86 108 114 49 115 52 40 30 29 32 66 0 0 0 0 0 0 0 0 0 0 0 22 0 0 0 0 0 0 0 0 0 0 0 8 0 0 0 0 0 0 0 0 0 0 0 0 0 9 0 0 1 0 4 17 0 9 0 1 0 6 14 0 0 0 0 0 0 0 0 0 0 19 3 51 22 10 0 13 8 29 6 10 35 21 0 8 0 6 6 25 0 0 0 0 0 0 18 2 0 0 0 0 0 0 0 0 1 4 5 0 0 0 0 0 0 0 0 0 0 0 0 0 0 0 0 0 0 0 0 0 0 8 0 0 0 17 0 0 0 0 9 1 0 0 0 6 0 0 0 0 0 13 8 39 14 0 5 6 10 0 0 12 17 20 27 8 21 9 37 27 0 0 3 0 0 0 0 0 0 0 0 0 0 0 4 0 0 0 0 0 0 0 0 0 0 0 0 0 0 0 23 0 0 2 0 0 0 0 0 0 0 0 0 0 10 1 0 0 0 0 
