 0 409 66 139 37 112 74 231 212 44 31 39 140 46 225 121 212 35 257 169 0 0 2 1 4 2 0 3 1 7 3 8 0 1 3 3 8 4 77 7 7 6 0 8 0 1 0 0 0 3 4 0 0 0 0 6 0 9 0 0 0 2 0 59 0 0 6 4 6 0 5 2 0 0 6 6 4 0 0 0 1 0 23 0 0 0 22 14 10 0 31 0 34 27 24 28 0 0 0 15 0 0 0 0 0 14 0 0 0 0 0 0 17 0 0 0 0 0 0 0 0 0 1 0 0 0 0 0 0 0 0 0 0 0 0 0 0 14 0 0 0 0 0 0 0 0 0 0 0 2 0 0 0 0 0 0 5 0 0 0 35 0 0 1 8 0 0 20 4 22 3 0 10 30 0 16 0 13 20 31 0 0 0 2 0 0 0 0 0 0 0 0 0 0 0 0 1 0 23 0 0 0 0 0 0 0 0 0 0 0 0 0 1 0 8 0 0 0 0 0 0 0 0 0 0 0 0 0 0 0 0 0 0 0 0 0 0 0 0 0 0 0 0 0 0 0 2 0 0 47 0 0 4 0 0 0 2 0 0 0 1 0 0 0 0 0 0 0 0 0 0 0 0 2 0 0 0 0 0 0 0 0 0 0 0 0 0 0 0 0 
 409 0 263 137 261 35 302 176 262 232 245 181 279 144 504 563 122 354 41 328 0 0 3 0 0 0 0 0 0 0 31 0 72 0 0 0 0 3 74 4 0 0 2 0 0 0 0 0 0 62 0 0 0 0 0 0 0 0 0 3 0 0 0 0 0 3 0 29 0 0 0 0 0 0 0 3 0 0 0 0 30 4 10 41 0 0 0 7 38 12 14 21 0 17 0 14 42 11 10 19 0 0 0 0 0 0 0 0 0 0 0 0 12 0 0 0 0 0 0 2 0 22 0 0 1 0 0 0 0 0 0 0 0 0 0 0 0 0 0 0 0 0 0 0 0 0 0 0 0 0 0 0 0 0 2 2 16 0 0 0 25 5 37 0 7 0 12 28 0 51 16 0 6 10 31 0 0 22 2 33 0 0 0 0 0 0 0 0 0 0 0 0 0 2 0 0 0 0 2 0 0 0 0 13 0 0 0 0 0 0 0 0 0 0 0 0 0 0 0 0 0 0 0 0 0 1 16 0 0 0 0 0 0 0 0 0 0 0 0 0 0 1 0 0 0 1 3 0 2 1 1 13 8 0 0 0 0 0 0 0 0 0 0 0 0 0 0 0 0 0 0 0 0 0 0 0 13 1 0 0 0 0 0 0 0 0 0 0 0 0 
 66 263 0 175 307 23 150 587 364 69 58 33 281 155 475 41 184 277 247 49 0 0 2 0 0 2 0 1 0 0 0 3 90 0 0 0 0 5 76 5 3 0 0 0 13 0 0 0 0 0 0 0 0 0 0 0 0 0 0 0 0 1 0 0 0 0 0 0 0 0 0 2 0 0 3 0 0 0 0 0 51 36 29 22 0 0 12 43 61 8 60 32 15 18 1 17 12 0 10 12 0 0 0 0 0 0 0 0 0 0 0 0 14 0 0 0 0 0 0 0 0 0 0 0 0 0 5 0 0 0 0 0 0 0 0 0 0 0 0 0 0 0 2 0 0 0 0 0 0 0 0 0 0 0 0 0 0 0 0 0 15 28 29 8 0 0 19 25 10 0 21 0 0 0 30 0 0 18 0 0 0 0 0 0 0 0 0 16 0 0 0 0 0 0 0 0 0 0 0 0 0 0 0 0 0 0 0 0 0 0 0 0 0 0 0 0 0 0 0 0 0 0 0 0 0 0 0 0 0 0 0 0 0 0 0 0 0 0 0 0 0 14 0 0 0 2 92 0 0 3 0 3 18 0 0 0 0 0 0 0 0 0 17 0 0 0 0 0 0 0 0 0 0 0 0 2 1 13 0 0 0 0 0 0 0 0 0 0 0 0 
 139 137 175 0 251 113 125 196 89 61 150 232 156 274 153 280 89 333 70 351 38 1 35 3 209 0 24 0 2 1 0 3 85 1 30 1 0 3 1 78 3 0 0 0 0 0 36 0 0 0 0 0 0 2 0 0 0 0 0 0 0 0 0 0 0 0 0 0 0 2 0 3 2 2 2 0 0 0 1 0 1 12 23 3 0 0 20 15 0 10 37 12 27 0 19 11 4 16 1 0 1 2 0 1 0 0 0 19 0 0 0 0 0 16 0 0 0 0 0 8 1 0 9 0 0 0 0 0 0 0 0 0 0 0 0 0 0 0 0 0 2 0 0 2 0 0 0 0 0 0 0 0 0 0 0 0 0 0 0 0 0 12 14 27 5 1 12 0 0 0 30 0 0 36 1 27 11 17 0 0 0 37 0 0 0 0 2 0 28 0 0 8 0 13 1 0 0 0 44 32 0 0 0 0 0 0 0 1 0 0 0 0 0 0 0 0 2 0 0 0 0 0 0 0 0 0 0 0 0 0 0 0 0 0 0 0 0 0 0 0 0 0 0 0 0 3 1 0 49 0 0 19 15 0 0 0 0 0 0 0 0 0 0 0 0 0 0 0 0 0 0 0 0 0 0 14 0 0 0 0 0 0 0 0 0 0 0 0 0 0 
 37 261 307 251 0 62 52 250 84 120 179 164 264 390 266 103 137 136 253 171 48 0 2 0 1 0 0 74 66 1 0 4 82 0 1 3 0 3 75 86 3 0 0 0 0 0 0 0 0 0 0 0 0 0 0 0 0 0 0 0 0 2 0 0 0 0 0 0 0 0 0 2 0 0 3 0 6 0 0 0 0 39 17 0 25 0 0 29 0 25 15 15 12 0 0 11 0 0 0 0 0 0 0 1 0 0 16 0 1 7 0 11 13 0 0 0 0 0 14 13 0 0 0 0 0 0 0 0 0 0 0 0 0 0 0 0 0 0 0 0 0 0 0 0 0 0 0 0 0 0 0 0 0 0 0 0 0 0 0 0 5 20 35 0 4 9 22 0 9 0 22 0 0 19 0 1 10 0 0 0 0 0 0 0 0 0 8 2 5 0 0 0 15 51 0 5 10 0 74 0 0 0 0 0 0 0 0 0 0 0 0 32 0 0 0 0 0 0 0 0 0 0 0 0 0 0 0 0 0 0 0 0 0 0 0 0 0 0 0 0 0 14 0 0 0 3 93 0 13 3 0 8 8 0 0 0 0 0 0 0 0 0 10 0 0 0 0 0 0 0 0 0 0 0 0 0 12 0 0 0 0 0 0 0 0 0 0 0 0 0 
 112 35 23 113 62 0 70 69 60 230 80 161 41 60 53 77 85 221 54 52 2 0 36 77 1 23 0 1 0 0 0 4 79 28 76 0 0 6 170 228 3 0 0 8 0 3 76 0 0 0 0 0 0 2 0 0 5 2 0 8 0 0 0 0 0 3 0 2 4 3 0 3 5 0 2 0 0 0 0 0 30 0 10 10 32 24 0 0 1 10 16 16 0 0 0 0 0 11 0 0 41 0 22 2 11 0 32 0 10 7 13 0 26 0 18 0 0 9 38 32 0 21 0 0 0 18 0 0 0 0 0 0 0 0 0 0 0 0 10 0 0 0 0 0 15 0 0 0 0 0 0 0 0 4 0 2 0 0 0 0 0 0 0 1 26 10 0 0 12 18 0 11 2 0 0 0 5 0 0 0 29 0 7 7 10 0 17 1 12 40 17 0 13 0 50 0 0 0 1 22 0 0 0 0 0 0 0 0 0 0 0 0 13 0 0 2 0 0 2 0 0 0 0 0 0 1 0 0 0 0 0 0 0 0 0 0 0 0 0 0 0 0 0 0 0 4 4 0 7 4 17 7 0 0 0 0 0 0 0 0 0 0 0 0 0 0 0 0 0 0 0 0 0 0 0 28 12 0 0 0 0 0 0 0 0 0 0 0 0 0 
 74 302 150 125 52 70 0 281 146 38 25 39 253 234 109 31 37 126 127 230 1 22 2 26 23 0 0 31 0 2 25 4 0 0 31 31 22 5 0 3 5 0 3 2 2 0 0 1 3 0 0 0 0 0 0 6 0 0 22 0 0 0 0 0 0 0 0 0 0 0 0 2 0 0 5 0 3 1 2 0 44 38 8 22 0 0 1 38 37 29 0 24 26 61 0 30 1 0 9 0 5 0 0 0 0 0 0 0 0 0 0 0 0 0 0 0 0 0 0 0 0 0 0 0 0 0 0 0 0 0 9 0 0 0 0 0 0 0 0 0 0 0 2 0 0 0 0 0 0 0 0 0 0 0 0 0 0 20 0 0 13 31 45 0 0 0 41 10 0 0 3 0 0 19 20 0 13 22 0 0 0 0 0 0 0 0 0 0 0 0 0 0 3 0 0 0 0 0 5 0 0 0 0 0 0 0 0 0 0 0 0 0 0 0 0 0 0 0 0 0 0 0 0 0 0 0 0 0 0 0 0 0 0 0 0 0 0 0 0 0 0 10 0 0 0 0 88 1 4 0 0 16 0 0 0 0 0 0 0 0 0 0 7 0 0 0 0 0 0 0 0 0 0 0 0 0 0 12 0 0 0 0 0 0 0 0 0 0 0 0 
 231 176 587 196 250 69 281 0 91 154 236 132 138 318 77 303 73 186 264 117 1 0 5 3 208 0 0 2 0 0 2 2 0 0 1 0 0 208 112 76 7 0 0 0 0 0 3 0 0 0 0 2 0 4 0 16 62 12 0 0 0 2 0 0 0 0 2 0 3 0 0 2 0 0 5 0 0 0 0 0 11 59 13 0 0 13 14 0 0 10 29 12 20 31 14 36 13 20 22 0 0 0 0 0 0 0 1 0 0 0 0 1 26 0 0 0 0 0 5 0 0 14 0 0 0 14 0 4 0 0 0 0 2 0 0 0 0 0 0 7 0 0 0 0 5 1 0 0 0 0 0 0 0 7 1 0 0 0 0 0 0 3 0 0 0 0 3 0 56 49 15 11 0 20 10 0 16 1 0 0 0 0 0 0 5 19 0 0 0 0 0 0 0 0 0 0 0 0 14 0 0 0 0 0 0 0 0 0 0 0 0 0 0 0 9 0 0 0 0 0 0 0 1 0 0 0 0 0 0 0 0 0 2 0 0 1 0 0 0 0 0 0 0 0 0 0 1 2 118 86 2 5 13 0 0 0 0 0 0 17 0 0 0 0 0 0 0 0 0 0 0 0 0 0 0 11 0 0 0 0 0 0 0 0 0 0 0 0 0 0 
 212 262 364 89 84 60 146 91 0 421 140 68 207 276 245 172 134 159 350 163 62 0 2 0 2 1 0 1 0 0 0 4 77 0 0 0 0 4 0 3 3 63 0 0 0 0 0 0 0 0 0 0 0 2 0 0 1 0 0 0 0 4 0 0 0 0 0 0 1 0 0 3 0 0 2 0 2 0 0 0 48 21 11 23 0 0 25 31 38 32 4 46 17 15 20 11 32 10 14 39 0 0 0 0 0 0 0 0 0 0 0 0 0 0 0 0 0 0 1 0 0 0 0 0 0 0 0 0 0 0 0 0 0 0 0 0 0 0 0 0 3 0 0 0 0 0 0 0 0 0 0 0 0 0 0 0 9 0 0 2 15 26 74 29 0 0 24 16 14 15 6 9 35 1 44 13 23 22 0 15 0 1 0 0 0 0 1 0 0 0 0 0 0 0 0 0 0 0 0 0 0 0 0 0 0 0 0 0 0 0 0 0 0 0 0 0 0 0 0 0 0 0 0 0 0 0 1 0 0 0 0 0 0 0 0 0 0 0 0 0 0 1 0 0 0 0 0 1 3 101 0 8 0 0 0 0 0 0 0 0 0 0 0 0 0 0 0 0 0 0 0 0 0 0 0 0 0 14 0 0 0 0 0 0 0 0 0 0 0 0 
 44 232 69 61 120 230 38 154 421 0 300 377 108 118 120 246 138 93 99 77 31 1 2 0 0 0 0 75 0 0 0 2 0 0 2 0 0 3 0 151 3 0 0 0 0 0 0 0 0 0 0 0 0 1 62 0 0 2 0 0 0 2 0 0 0 0 0 0 0 0 0 2 0 0 3 0 0 0 0 0 29 0 1 37 7 19 10 0 20 15 9 49 0 40 34 0 9 39 0 0 9 0 14 0 0 0 21 0 0 0 0 0 1 0 0 0 0 0 27 9 0 17 0 0 0 16 0 0 0 0 0 0 0 0 0 0 0 0 0 0 0 0 8 0 0 0 0 1 0 0 0 0 0 5 0 0 1 0 0 0 19 24 43 1 8 0 21 1 55 88 0 24 8 22 12 0 11 22 0 57 0 0 0 0 0 0 6 0 0 1 0 0 0 16 0 2 9 0 32 0 0 0 0 0 0 0 0 0 0 0 0 0 0 0 4 0 0 18 0 0 0 0 0 0 0 0 0 0 0 0 0 0 0 0 0 52 0 0 0 0 0 0 0 0 0 0 2 0 2 2 13 9 0 0 0 0 0 0 0 0 0 0 0 0 0 0 0 0 0 0 0 0 0 2 0 7 23 0 0 0 0 0 0 0 0 2 0 0 0 0 
 31 245 58 150 179 80 25 236 140 300 0 217 240 303 58 159 97 146 255 60 77 0 2 2 1 1 83 2 0 0 0 2 148 1 0 0 0 3 147 80 3 0 0 0 0 0 0 0 0 0 0 1 0 1 0 0 0 0 0 36 0 8 0 0 0 0 0 0 0 0 0 2 0 0 3 0 0 0 0 0 8 0 0 10 10 0 13 0 0 10 15 16 0 7 8 0 0 48 0 0 13 14 2 0 0 0 9 11 0 0 0 0 13 0 0 0 0 0 0 0 0 0 0 1 0 0 0 0 0 0 16 0 0 0 0 0 0 0 0 0 0 0 0 0 1 0 0 0 0 0 0 0 13 0 0 0 0 0 0 0 0 0 24 13 7 0 9 0 1 23 13 26 0 11 0 15 15 24 0 0 0 15 0 0 0 0 9 0 9 0 0 0 0 23 0 0 0 0 25 23 0 0 0 0 0 23 0 0 0 0 0 0 0 0 0 14 0 0 0 0 0 7 0 0 0 0 0 0 0 0 0 0 0 0 0 0 0 0 0 0 0 0 0 0 0 0 45 0 2 4 1 3 0 0 0 0 0 0 0 14 0 0 0 0 0 0 0 0 0 0 0 0 0 0 0 0 17 0 0 0 0 0 0 0 0 0 0 0 0 0 
 39 181 33 232 164 161 39 132 68 377 217 0 234 34 110 35 169 121 32 45 95 0 2 0 80 0 0 76 1 2 0 2 74 0 110 2 0 5 75 159 3 0 0 0 0 0 0 0 0 0 0 1 0 0 0 0 0 2 0 0 0 0 0 0 0 0 2 0 0 0 0 3 1 1 1 0 44 0 0 1 0 0 11 30 1 14 0 0 0 0 15 1 0 0 0 0 0 13 0 0 7 0 13 0 0 0 29 0 0 0 0 0 16 38 0 0 4 10 15 19 0 0 0 0 0 0 2 0 0 0 0 0 0 0 0 12 0 0 0 0 0 0 0 0 0 26 0 0 0 0 0 0 0 0 0 0 0 0 0 0 0 0 0 20 10 0 17 0 0 8 44 13 0 2 0 0 0 3 0 0 0 10 7 8 0 0 2 9 0 0 13 0 0 1 0 0 7 1 15 32 22 0 2 0 0 2 0 0 0 2 0 0 0 0 1 0 0 0 0 0 0 1 0 0 0 0 0 0 0 10 0 0 0 19 0 0 0 0 2 0 0 0 0 0 0 0 96 0 6 1 22 18 17 2 0 0 0 0 0 0 0 0 0 0 0 0 0 0 0 0 0 0 0 0 0 0 8 0 0 0 0 0 0 0 0 0 0 0 0 0 
 140 279 281 156 264 41 253 138 207 108 240 234 0 90 473 346 70 24 442 173 0 3 43 0 3 2 0 0 0 0 0 4 0 0 2 0 0 3 0 3 3 0 2 0 3 0 1 0 3 0 3 0 3 0 3 3 0 8 0 0 0 4 3 0 3 0 3 4 0 0 0 2 0 0 4 0 0 0 39 1 15 13 0 6 0 0 18 21 0 13 7 11 67 15 15 0 9 0 11 37 0 0 0 0 0 0 0 0 0 0 0 0 0 0 0 0 0 0 0 0 0 0 0 0 0 0 0 0 0 0 0 0 0 1 0 0 0 0 0 0 0 1 0 0 0 0 0 0 0 0 0 0 20 1 0 0 0 0 2 0 20 11 12 0 1 0 11 1 0 19 19 0 0 14 25 0 11 0 1 0 0 0 0 0 0 0 0 0 0 0 0 0 0 0 0 0 0 0 7 13 0 0 0 0 9 0 0 0 0 0 0 0 12 0 0 0 0 0 0 0 0 0 0 0 0 0 0 0 0 0 0 0 0 0 0 0 0 0 0 0 0 0 0 0 0 2 0 0 89 0 0 14 0 0 0 0 0 0 2 0 0 0 0 0 0 0 2 0 0 0 0 0 0 0 0 0 0 0 0 0 0 0 0 0 0 0 0 0 0 0 
 46 144 155 274 390 60 234 318 276 118 303 34 90 0 103 475 232 126 93 507 0 3 2 0 2 0 0 0 0 0 0 2 0 0 5 0 3 3 0 7 3 0 0 0 0 0 5 0 0 0 0 2 11 1 0 0 2 0 0 0 0 0 0 0 0 0 0 0 0 0 0 3 2 0 9 0 0 0 0 0 30 21 9 20 0 0 21 14 27 10 14 32 39 24 43 23 2 12 0 0 0 0 0 1 2 0 0 0 0 0 0 0 0 0 0 0 0 0 9 0 0 0 0 0 0 1 0 0 0 0 0 0 0 0 0 0 0 0 0 0 0 0 3 0 0 0 0 0 0 0 0 0 0 0 2 1 0 26 0 0 16 17 52 0 3 0 22 1 1 18 2 2 0 29 10 0 1 18 0 16 0 0 0 0 0 0 0 0 0 0 0 0 0 0 0 0 0 0 36 0 0 0 0 0 0 0 0 0 0 0 0 0 0 0 0 1 0 0 0 0 0 0 0 0 0 2 0 0 0 0 0 0 0 0 0 0 0 0 0 0 0 0 0 0 0 1 0 0 89 2 0 8 0 0 0 0 0 0 0 0 0 0 0 0 0 0 0 0 0 0 0 0 0 0 0 0 0 13 0 0 0 0 0 0 0 0 0 0 0 12 
 225 504 475 153 266 53 109 77 245 120 58 110 473 103 0 288 212 97 408 520 0 0 2 0 1 0 0 5 0 68 0 2 0 0 0 0 0 3 35 77 3 0 0 0 0 0 0 0 0 0 0 5 0 2 0 0 0 0 0 0 0 0 0 0 0 0 0 0 0 0 0 3 0 0 2 23 0 0 0 0 24 19 22 14 0 0 1 24 36 30 16 3 25 6 25 30 0 0 0 24 0 0 0 0 0 0 0 0 0 0 0 0 13 0 0 0 0 0 0 0 0 0 0 0 0 0 0 0 0 0 0 1 0 0 0 0 0 1 0 0 0 2 0 0 0 0 0 0 0 0 0 0 0 2 0 0 14 0 1 0 32 8 3 29 9 0 8 26 21 1 34 0 6 11 32 0 0 16 26 26 0 0 0 0 0 0 0 0 0 6 0 0 11 0 0 0 0 0 2 0 0 0 0 0 0 0 20 0 0 0 11 0 0 0 9 0 0 0 0 0 0 0 2 0 0 9 0 0 0 0 0 0 0 0 0 0 0 0 0 0 0 22 0 0 0 5 72 2 0 88 0 11 13 0 0 0 0 0 0 0 0 0 17 0 0 0 1 0 0 0 0 0 0 0 0 0 0 1 0 0 0 0 0 0 0 0 0 0 0 11 
 121 563 41 280 103 77 31 303 172 246 159 35 346 475 288 0 182 50 46 169 0 0 2 0 0 0 0 0 0 0 2 2 0 0 0 1 0 3 78 3 3 0 0 2 0 0 0 0 0 0 0 0 0 0 0 0 0 3 0 0 0 0 0 0 0 0 1 0 0 0 0 3 0 0 2 0 0 0 0 0 1 6 11 0 0 8 22 3 0 10 33 2 54 10 30 32 10 11 1 0 0 0 0 0 0 0 0 0 0 0 0 0 16 0 0 0 0 2 10 0 1 14 2 0 0 16 0 19 0 0 0 0 0 0 0 0 0 9 2 0 0 0 7 0 0 0 0 0 0 1 0 0 0 3 0 0 0 0 0 0 1 9 3 0 6 0 8 2 5 31 4 0 0 0 3 0 0 13 0 20 0 0 0 0 1 0 0 1 0 0 0 0 0 0 0 0 2 0 25 0 0 0 0 0 0 0 0 0 0 0 0 0 0 0 7 0 0 0 0 0 0 0 0 0 0 0 0 0 0 0 0 0 0 0 0 0 0 0 0 0 0 0 0 0 0 0 0 1 1 50 0 6 0 0 0 0 0 0 0 0 0 0 0 0 0 0 0 0 0 0 0 0 0 0 0 8 0 8 0 0 0 0 0 0 0 0 0 0 0 0 
 212 122 184 89 137 85 37 73 134 138 97 169 70 232 212 182 0 160 40 30 0 0 2 0 6 4 1 1 1 0 3 5 58 0 0 0 3 6 1 119 3 1 1 0 0 2 0 0 0 2 0 2 3 2 0 0 2 8 0 2 6 2 0 0 0 2 0 0 3 3 0 5 3 0 3 0 0 0 4 0 40 19 28 0 17 0 44 46 20 3 1 0 63 0 75 24 0 0 0 0 0 0 0 0 0 0 0 0 0 0 0 0 0 0 0 2 0 0 0 2 0 4 0 0 0 0 0 0 0 0 0 0 0 0 0 0 0 0 0 0 1 0 20 0 0 0 0 0 0 1 0 0 0 0 0 0 0 0 0 2 0 31 16 15 17 0 10 0 0 15 18 0 0 0 24 0 0 0 0 0 1 0 0 0 2 0 0 0 0 0 0 0 0 0 0 0 2 0 0 9 0 0 0 0 0 0 0 0 0 0 0 0 0 1 1 0 0 0 0 0 0 0 0 0 0 0 0 0 0 0 0 0 0 0 0 0 0 0 0 0 0 0 0 0 0 3 0 0 0 2 0 8 54 0 0 0 2 1 0 0 0 0 0 0 0 0 2 0 0 0 0 0 0 0 0 28 0 14 0 0 0 0 0 0 0 0 0 0 0 0 
 35 354 277 333 136 221 126 186 159 93 146 121 24 126 97 50 160 0 24 233 0 0 2 0 0 2 0 0 0 0 0 2 153 0 0 0 0 3 2 114 3 0 0 0 0 0 0 0 0 0 0 0 0 0 0 0 0 0 0 0 0 2 0 0 0 0 0 0 4 0 0 2 0 0 3 33 0 0 0 0 20 48 8 4 13 13 0 31 24 19 0 21 20 0 0 20 0 11 0 19 27 0 17 0 0 0 0 0 0 0 0 0 0 0 0 0 0 0 1 11 0 2 0 0 1 0 0 0 0 0 0 0 0 0 0 0 0 0 0 0 0 0 1 0 0 0 17 0 0 0 0 0 0 0 0 0 0 0 0 1 1 28 41 0 13 1 13 14 21 13 17 15 0 0 17 0 0 18 2 0 0 23 0 0 0 0 1 27 13 0 0 0 10 2 0 0 0 0 0 10 0 0 0 0 0 0 0 0 0 0 0 0 0 0 0 0 0 0 0 0 0 0 0 0 0 0 1 0 0 0 0 0 0 0 0 0 0 0 0 0 0 17 0 0 0 3 19 3 0 88 23 7 1 0 0 0 0 0 0 0 0 0 12 0 0 0 0 0 0 0 0 0 0 0 0 10 20 10 0 1 0 0 0 0 0 0 0 0 0 0 
 257 41 247 70 253 54 127 264 350 99 255 32 442 93 408 46 40 24 0 214 0 0 3 2 0 1 0 0 0 0 0 6 1 0 0 0 0 4 2 3 3 0 0 1 0 0 0 0 0 0 0 2 0 1 0 0 1 2 6 0 0 4 0 0 0 0 3 0 0 0 0 3 1 7 1 0 3 0 2 4 15 11 0 13 0 15 0 0 29 3 2 0 7 2 19 0 76 17 40 1 0 0 0 0 0 0 0 0 0 0 0 0 0 0 0 2 0 0 0 0 0 0 0 0 0 0 0 0 0 0 0 0 0 0 0 0 0 0 0 0 0 0 0 0 0 0 0 0 0 1 0 0 2 9 0 0 0 0 0 2 11 0 16 3 1 0 10 0 6 0 11 5 3 15 4 16 14 0 19 18 0 0 0 0 2 0 0 10 0 0 0 0 0 0 0 0 2 6 0 0 0 0 0 0 0 0 0 0 0 0 0 0 0 1 1 0 0 0 0 0 0 0 0 0 0 0 0 0 0 0 0 0 16 0 0 0 0 0 0 0 0 0 0 0 0 2 0 0 2 0 2 5 0 0 0 0 0 0 0 0 0 0 0 0 0 0 0 0 0 0 0 0 0 0 0 0 0 0 0 0 0 0 0 0 0 0 0 0 0 0 
 169 328 49 351 171 52 230 117 163 77 60 45 173 507 520 169 30 233 214 0 0 0 2 0 2 0 2 0 2 0 0 2 0 0 0 0 0 3 0 3 3 0 0 64 0 0 0 0 0 0 0 0 0 1 0 0 1 5 0 0 0 1 0 0 0 1 0 0 0 0 0 2 0 4 3 1 0 0 0 0 22 39 10 17 0 0 11 23 17 12 11 2 22 0 14 1 21 0 28 20 0 0 0 0 0 0 0 0 0 0 0 0 0 0 0 0 0 0 0 0 0 0 0 0 0 0 0 0 0 0 0 14 0 0 0 0 0 0 0 0 0 14 0 0 0 0 0 0 0 0 0 0 0 0 0 0 5 0 8 0 1 20 18 21 0 0 4 10 0 15 23 0 17 21 32 30 18 0 10 21 0 0 0 0 0 0 10 0 0 0 0 0 0 0 0 0 0 0 11 0 0 0 0 0 0 0 0 0 0 0 0 0 0 0 0 0 0 0 0 0 0 0 0 0 0 0 0 0 0 0 0 0 0 0 0 0 0 0 0 0 0 0 0 0 0 1 2 1 88 0 0 12 0 0 0 0 0 0 0 0 0 0 0 0 0 0 0 0 0 0 0 0 0 0 0 0 0 0 0 0 0 0 0 0 0 0 0 0 0 0 
 0 0 0 38 48 2 1 1 62 31 77 95 0 0 0 0 0 0 0 0 0 132 67 192 32 48 166 238 284 70 24 165 46 63 202 128 34 112 42 139 0 3 0 5 3 61 0 3 0 0 204 0 65 1 2 3 5 0 0 0 5 1 0 3 2 8 0 0 0 0 0 3 2 1 0 0 9 1 0 3 0 0 0 3 3 0 0 0 0 0 0 0 0 0 0 0 0 0 0 2 0 10 0 19 12 0 42 0 31 1 11 19 0 80 19 29 1 9 30 12 0 0 0 0 0 0 0 0 0 0 0 0 0 0 2 0 0 0 0 10 0 0 0 0 0 0 0 2 0 0 0 2 0 0 0 0 0 0 0 0 0 15 40 19 6 10 0 0 0 0 29 0 0 0 0 0 0 9 0 0 9 16 10 7 10 0 16 9 4 1 37 13 1 39 15 18 10 0 27 19 0 0 0 0 0 0 23 0 0 0 0 0 14 0 0 0 0 0 18 19 1 0 0 0 0 0 0 0 0 0 0 1 0 0 1 0 0 0 0 0 0 0 10 0 0 0 2 0 0 0 0 0 0 0 7 0 0 150 0 0 2 0 1 0 0 0 0 0 0 0 0 0 0 0 2 0 13 0 0 0 0 0 0 0 0 10 0 0 0 0 
 0 0 0 1 0 0 22 0 0 1 0 0 3 3 0 0 0 0 0 0 132 0 120 185 33 141 94 241 75 334 109 262 60 52 362 139 48 181 54 42 0 3 0 2 0 62 0 2 0 0 0 0 0 2 2 0 2 0 61 18 3 5 0 11 0 1 0 1 0 0 0 50 0 0 0 0 6 2 0 3 0 9 0 0 0 0 2 0 0 0 0 0 0 0 0 0 0 0 0 0 1 32 26 14 30 14 0 0 12 0 29 0 0 22 0 48 21 10 0 0 0 0 2 0 0 0 0 0 0 0 0 0 0 0 1 0 0 0 7 41 0 0 0 0 0 0 0 0 0 0 3 0 0 0 1 0 0 0 0 0 0 0 0 0 0 0 0 0 0 0 0 0 0 0 4 0 0 0 0 4 7 21 26 11 15 0 0 11 0 11 0 24 0 34 0 16 0 22 0 0 10 11 0 0 0 0 45 0 21 0 0 0 0 13 0 0 0 0 0 43 0 0 0 0 0 0 0 0 0 0 0 0 0 0 0 0 0 0 0 0 0 0 10 0 0 0 0 0 0 0 0 0 0 0 14 2 0 120 46 0 0 10 0 0 0 0 0 0 0 0 0 0 0 0 0 0 0 0 0 0 0 0 0 0 0 0 0 0 0 0 
 2 3 2 35 2 36 2 5 2 2 2 2 43 2 2 2 2 2 3 2 67 120 0 184 172 30 166 191 173 204 79 40 75 126 126 60 133 195 591 42 208 3 0 210 0 0 9 3 0 6 0 0 0 2 2 0 0 0 0 0 3 0 0 3 0 0 0 0 2 0 0 0 0 0 0 0 3 0 0 3 0 0 0 1 0 14 0 0 0 0 0 0 0 0 0 2 0 0 0 0 30 56 20 19 20 7 17 33 11 20 2 1 3 64 10 30 24 30 9 0 0 0 0 0 0 0 0 0 0 0 0 0 2 0 0 1 0 0 9 1 2 0 0 0 0 0 0 0 0 0 0 1 0 0 5 0 0 0 0 0 0 0 0 0 0 17 0 0 0 0 0 0 4 0 0 0 0 0 0 0 23 0 19 45 29 28 27 25 0 17 36 17 60 0 14 0 9 9 0 36 0 0 0 0 10 0 1 18 0 0 0 0 1 21 0 0 0 0 9 17 0 0 0 0 0 2 0 0 0 0 0 0 0 0 0 0 0 0 0 0 0 0 0 0 0 0 0 0 0 0 0 0 0 0 6 0 2 6 76 0 2 10 0 0 0 0 9 0 0 0 0 0 0 0 0 0 0 0 0 0 0 9 0 0 0 0 0 0 0 0 
 1 0 0 3 0 77 26 3 0 0 2 0 0 0 0 0 0 0 2 0 192 185 184 0 175 33 170 204 153 283 135 210 129 319 176 81 131 155 80 149 1 3 0 2 0 0 0 3 0 0 0 0 0 2 2 0 1 0 63 4 3 4 0 17 2 5 0 0 0 0 0 0 0 2 0 0 9 0 0 3 0 0 0 0 0 0 0 0 0 0 0 0 0 0 0 0 0 0 0 0 23 40 14 27 17 3 9 60 20 3 31 27 0 17 29 20 3 10 1 0 0 0 0 0 0 0 9 0 0 0 0 0 0 0 0 0 0 0 0 30 0 0 0 0 0 0 0 0 0 0 0 8 0 0 0 5 0 0 0 0 0 0 0 0 0 20 0 0 0 0 0 0 2 0 0 0 0 0 0 1 11 39 10 13 15 30 45 0 16 13 23 12 0 1 15 19 8 43 0 0 16 0 0 0 0 0 27 0 0 2 0 0 16 6 0 0 1 0 19 19 0 0 7 0 0 0 0 0 0 13 14 0 0 0 0 0 0 0 0 0 0 0 0 0 0 0 0 0 0 0 0 0 0 0 10 0 2 205 2 0 3 2 0 0 0 0 0 0 0 0 0 0 0 0 0 0 0 0 0 0 0 12 0 33 0 0 0 0 0 1 
 4 0 0 209 1 1 23 208 2 0 1 80 3 2 1 0 6 0 0 2 32 33 172 175 0 71 348 347 65 407 203 222 259 74 138 217 70 358 73 69 62 4 0 3 0 0 0 69 0 0 0 0 0 31 64 0 1 0 150 0 3 3 0 4 3 1 13 0 0 0 0 0 0 1 0 0 26 0 0 7 0 0 0 0 0 0 0 0 0 0 0 0 0 0 0 0 0 0 0 0 0 18 12 0 8 13 0 0 4 0 14 0 0 0 2 18 2 2 0 0 12 0 3 0 0 0 13 14 0 0 0 0 19 18 20 17 2 11 12 14 0 0 2 0 0 0 3 0 1 0 0 0 0 0 0 0 0 0 9 1 0 2 0 0 0 0 0 0 5 0 0 0 0 0 0 0 0 0 0 8 0 10 13 24 14 0 1 0 27 18 0 3 0 0 0 0 0 10 0 0 12 11 1 1 0 0 31 0 0 0 17 0 17 0 0 0 1 0 14 9 10 0 0 0 0 0 0 0 0 0 0 0 0 0 0 0 0 0 0 1 0 0 0 0 0 2 0 0 0 0 0 0 0 0 3 6 1 75 5 1 17 0 0 0 0 0 0 0 0 0 13 0 0 0 0 0 0 0 0 0 0 0 0 0 0 0 0 0 0 0 
 2 0 2 0 0 23 0 0 1 0 1 0 2 0 0 0 4 2 1 0 48 141 30 33 71 0 24 104 55 336 120 208 21 51 42 377 386 188 272 41 35 3 0 2 0 0 64 3 278 158 0 0 86 0 32 2 2 0 0 83 3 0 0 3 5 1 0 0 0 2 0 0 0 0 0 0 3 0 0 3 0 0 0 0 0 0 0 0 0 0 0 0 0 0 0 0 0 0 0 0 0 14 12 0 10 0 0 0 12 0 20 0 0 13 0 20 9 9 0 0 9 0 0 0 0 0 7 14 0 10 24 0 0 0 10 9 0 1 17 17 0 0 0 0 0 0 0 0 0 0 39 0 0 0 1 0 0 0 1 0 0 0 0 0 0 0 0 21 0 0 0 0 2 0 0 2 0 2 22 3 6 0 14 1 0 18 0 11 0 0 0 23 0 0 0 9 0 12 0 0 0 0 0 13 3 0 25 28 11 11 2 13 0 26 14 19 1 7 9 45 0 0 0 1 0 0 0 0 1 0 0 0 0 0 0 0 0 0 0 0 0 0 10 0 0 0 0 0 0 0 0 0 0 0 9 0 4 1 81 2 28 6 0 0 0 0 0 0 0 0 0 0 0 0 0 0 0 0 0 0 0 0 0 0 0 0 0 0 0 0 
 0 0 0 24 0 0 0 0 0 0 83 0 0 0 0 0 1 0 0 2 166 94 166 170 348 24 0 99 247 192 33 100 158 163 45 185 46 211 77 52 0 3 0 2 0 54 0 3 0 0 202 0 0 2 2 0 1 0 0 0 4 1 0 4 3 9 0 0 0 0 0 1 0 0 0 0 3 0 0 3 0 0 9 0 0 0 0 0 2 0 13 0 1 0 0 0 0 49 0 0 0 21 4 56 0 1 1 61 20 9 0 26 10 36 40 21 25 50 0 1 0 0 0 0 0 0 0 0 0 1 0 0 0 0 0 0 0 0 0 16 0 0 0 0 0 0 0 0 0 0 1 2 0 1 0 0 0 0 0 0 0 0 0 3 0 9 0 0 0 0 0 0 2 0 0 18 0 0 0 1 16 18 14 0 0 27 13 27 14 19 32 20 34 23 11 132 26 15 14 0 0 1 0 0 0 2 0 0 0 0 0 0 11 0 0 1 0 0 27 10 0 0 0 38 0 36 0 0 0 0 0 0 0 0 0 0 0 0 0 0 0 0 0 0 0 0 0 0 0 0 0 0 0 0 19 0 0 4 1 0 1 0 0 0 0 0 0 0 0 0 0 0 0 0 0 0 0 0 0 9 0 6 0 2 0 1 14 0 0 0 
 3 0 1 0 74 1 31 2 1 75 2 76 0 0 5 0 1 0 0 0 238 241 191 204 347 104 99 0 50 475 130 124 270 134 316 84 180 94 163 118 0 3 0 2 0 61 0 3 0 0 0 5 0 2 2 0 2 23 0 62 3 2 0 4 1 4 0 0 0 0 0 0 0 0 0 0 23 1 0 3 1 0 0 0 14 1 0 0 0 0 0 0 1 0 7 0 0 0 0 0 16 7 11 13 23 1 34 0 40 11 1 27 1 25 26 8 0 29 10 2 2 0 0 0 0 0 0 12 0 0 0 0 0 0 0 0 0 0 0 0 0 0 0 0 0 0 0 0 0 0 2 1 0 0 7 0 0 0 0 0 0 0 5 0 0 11 0 0 0 2 0 0 0 0 0 0 0 0 0 0 9 13 19 11 0 0 27 25 0 36 12 8 0 32 23 64 12 23 10 23 13 0 0 0 0 0 9 0 0 0 9 0 0 8 0 0 0 0 18 1 0 0 23 0 0 0 0 0 0 0 0 0 0 0 0 0 0 0 0 0 0 0 11 0 0 0 0 0 0 0 0 0 0 0 5 2 4 77 0 0 0 8 0 0 0 0 0 0 0 0 0 0 0 0 0 0 0 0 0 0 0 1 0 0 0 5 0 0 0 0 
 1 0 0 2 66 0 0 0 0 0 0 1 0 0 0 0 1 0 0 2 284 75 173 153 65 55 247 50 0 186 25 48 165 477 170 110 144 105 171 70 0 3 0 2 0 0 0 3 0 9 1 0 0 2 5 0 0 0 0 2 9 0 0 3 1 2 1 2 0 2 0 0 2 0 0 0 3 0 1 3 0 0 0 0 10 0 0 0 2 0 0 0 1 0 0 0 0 2 0 0 0 53 23 37 25 5 0 44 11 19 12 55 11 16 10 0 41 38 9 1 0 0 0 0 0 0 0 0 0 1 0 0 0 0 0 0 0 0 0 3 0 0 0 0 0 0 0 0 0 0 1 3 0 0 16 0 0 0 0 0 0 0 0 0 9 9 0 0 0 0 0 0 27 0 0 0 0 1 1 0 23 12 40 38 50 66 0 45 32 42 10 5 60 12 29 51 26 37 0 0 0 1 0 0 0 2 0 26 0 0 0 0 1 0 0 1 0 0 22 17 0 0 0 0 0 0 0 0 0 0 0 0 0 0 0 0 0 0 0 0 0 0 0 0 0 0 0 0 0 0 0 0 0 0 17 0 2 1 80 0 0 0 0 0 0 0 14 0 0 0 0 0 0 0 0 0 0 0 0 9 0 21 0 2 0 1 19 0 0 0 
 7 0 0 1 1 0 2 0 0 0 0 2 0 0 68 0 0 0 0 0 70 334 204 283 407 336 192 475 186 0 271 63 337 154 73 92 679 274 62 91 65 3 0 6 2 0 1 3 0 3 0 0 0 65 2 0 0 0 23 0 5 5 0 3 0 0 0 0 6 0 0 0 0 0 0 0 3 0 0 3 0 0 0 0 0 8 0 0 0 0 0 0 0 0 0 0 0 0 0 0 34 10 27 24 7 17 1 22 21 10 20 11 0 24 16 0 23 32 9 2 0 0 0 0 0 0 8 0 0 0 0 0 1 0 0 0 2 0 0 18 0 0 2 0 0 0 0 0 1 0 0 5 0 0 0 0 0 0 0 1 0 2 0 0 1 1 0 0 0 0 0 0 1 0 0 0 25 0 0 0 18 16 39 29 13 31 15 10 18 13 27 19 11 0 7 0 19 1 0 0 0 9 0 0 0 0 2 7 0 1 0 0 13 0 0 0 0 0 10 12 0 0 0 0 0 0 0 0 0 0 0 0 0 0 0 0 0 0 0 1 0 0 0 0 0 2 0 0 0 0 0 6 0 0 11 0 5 78 148 1 0 2 0 0 0 0 10 0 0 0 0 0 0 0 0 0 0 0 0 0 0 19 0 0 0 0 12 0 0 0 
 3 31 0 0 0 0 25 2 0 0 0 0 0 0 0 2 3 0 0 0 24 109 79 135 203 120 33 130 25 271 0 42 99 112 355 95 253 215 169 61 0 3 13 2 0 0 0 2 0 1 0 0 7 4 2 2 2 0 53 62 3 3 0 5 0 0 0 0 0 0 2 1 0 0 0 0 4 0 0 3 0 0 0 0 0 0 0 0 2 0 0 0 1 0 0 0 0 2 0 0 34 23 35 0 17 11 1 10 0 6 10 6 0 24 10 19 30 12 0 0 0 10 10 0 0 0 0 3 19 15 0 0 0 21 0 0 0 0 0 15 0 0 0 0 35 0 0 0 0 0 5 1 0 0 5 0 0 0 0 0 0 0 8 0 0 0 0 0 0 1 0 0 0 0 0 0 0 0 0 5 0 40 37 29 0 9 19 1 1 27 15 16 34 11 8 14 30 21 0 12 20 2 46 0 0 0 0 2 0 0 0 0 10 21 0 0 0 0 0 23 6 0 0 0 0 0 0 0 0 14 0 0 0 0 0 0 0 0 0 0 0 0 0 0 0 0 0 0 0 0 0 52 0 0 4 0 1 2 39 0 1 8 0 0 0 0 0 0 0 0 0 0 0 0 0 0 0 0 0 0 0 6 0 0 0 8 0 0 0 0 
 8 0 3 3 4 4 4 2 4 2 2 2 4 2 2 2 5 2 6 2 165 262 40 210 222 208 100 124 48 63 42 0 36 58 121 56 342 259 57 284 2 214 0 5 0 0 1 3 0 0 2 0 0 63 2 2 2 0 1 55 3 0 0 3 6 2 3 2 5 0 5 0 0 0 0 3 5 2 0 3 0 0 0 0 0 0 0 0 0 0 0 0 0 2 0 0 0 0 0 0 0 55 10 13 21 10 13 0 21 0 24 12 1 12 0 44 43 10 0 0 19 0 0 0 0 0 0 1 13 15 24 0 6 0 12 0 0 0 0 0 0 0 0 0 0 0 0 0 0 0 5 0 0 0 3 0 1 0 0 0 11 0 0 0 0 13 0 2 0 0 0 0 0 0 0 0 0 1 0 1 7 0 1 5 31 12 53 0 0 0 0 16 0 0 18 12 0 0 0 0 0 0 0 0 0 0 36 12 6 0 0 13 0 19 0 10 0 0 0 32 0 0 0 2 0 0 0 1 2 0 0 0 0 0 0 0 0 0 0 0 0 0 10 0 0 0 2 0 0 0 0 0 0 0 18 1 0 41 4 3 12 9 0 0 0 0 0 0 0 0 0 0 0 0 0 0 0 0 0 0 0 0 0 0 0 0 0 0 0 0 
 0 72 90 85 82 79 0 0 77 0 148 74 0 0 0 0 58 153 1 0 46 60 75 129 259 21 158 270 165 337 99 36 0 97 44 158 242 127 349 206 0 3 0 2 0 0 0 3 0 0 0 0 0 2 2 0 0 0 0 0 3 0 0 3 0 0 0 0 0 0 0 0 0 0 0 0 3 0 0 3 0 0 16 0 18 12 0 0 0 0 12 2 0 0 0 0 0 7 0 0 13 1 19 9 0 0 13 87 2 0 0 3 9 0 0 0 0 2 22 10 0 0 0 0 0 0 0 0 0 0 0 1 0 0 0 0 0 0 0 0 0 0 0 0 1 0 0 0 0 0 0 5 0 0 0 0 0 0 0 0 0 4 4 17 1 8 0 0 1 0 15 15 0 0 0 16 2 0 0 0 6 8 4 0 0 9 9 11 9 20 26 1 18 11 10 46 11 0 24 18 0 0 0 0 0 0 0 0 0 0 0 0 8 0 0 0 0 0 0 0 0 0 0 0 0 0 0 0 0 1 0 0 0 0 2 0 0 0 0 0 0 0 0 0 0 0 0 0 0 0 19 0 17 0 16 0 0 1 0 2 2 3 1 0 0 0 0 0 0 0 0 0 0 0 0 13 11 0 0 9 0 20 0 0 0 0 0 0 0 0 
 1 0 0 1 0 28 0 0 0 0 1 0 0 0 0 0 0 0 0 0 63 52 126 319 74 51 163 134 477 154 112 58 97 0 305 194 118 193 171 104 0 3 7 11 0 0 0 3 7 1 2 0 6 2 2 0 7 0 0 5 5 0 0 5 2 0 0 0 0 0 0 0 0 0 3 3 3 0 0 3 0 0 0 0 0 23 2 0 0 0 0 1 0 0 0 0 0 0 0 0 8 19 8 69 9 0 12 34 11 23 18 38 1 21 36 0 20 41 22 1 0 0 2 0 0 0 0 0 1 0 0 0 0 0 0 0 0 0 0 1 0 0 0 0 0 0 0 0 0 0 0 10 0 0 0 0 0 0 0 0 0 0 0 0 7 12 0 0 0 0 0 0 1 0 0 0 0 0 0 0 35 1 19 13 16 19 35 19 7 30 12 15 37 0 56 13 27 17 0 10 0 0 0 0 0 0 0 0 0 0 0 0 0 11 0 0 0 0 0 0 0 0 0 0 0 0 0 0 0 0 0 0 2 0 0 0 0 0 0 0 0 0 0 0 0 0 0 0 0 0 0 0 0 0 11 2 0 2 2 0 0 1 0 0 0 0 10 0 0 0 0 2 0 0 0 0 0 0 0 1 0 6 0 0 0 19 12 0 0 0 
 3 0 0 30 1 76 31 1 0 2 0 110 2 5 0 0 0 0 0 0 202 362 126 176 138 42 45 316 170 73 355 121 44 305 0 163 208 29 86 481 0 3 0 4 0 0 0 3 0 0 0 0 0 2 2 0 0 0 0 6 3 2 0 4 1 6 0 0 0 51 38 0 0 0 0 0 8 0 53 3 8 0 0 4 1 14 1 0 0 0 0 1 0 0 0 0 0 0 0 0 11 0 15 14 13 1 40 0 12 4 33 36 0 36 26 5 16 33 13 10 0 0 1 0 0 0 0 0 0 0 0 0 0 0 0 0 0 0 0 0 0 0 0 0 1 0 0 0 0 0 0 0 0 0 0 0 0 0 0 0 0 0 0 24 0 17 0 0 0 0 14 0 0 0 0 0 0 9 0 0 0 79 9 27 0 0 13 19 0 10 32 0 0 2 20 14 22 23 31 62 14 0 0 0 0 0 12 0 0 0 0 0 0 0 0 0 0 0 14 2 0 0 0 0 0 0 0 0 0 0 0 0 1 0 0 0 0 0 0 0 0 0 1 0 0 0 0 0 0 0 0 0 0 0 16 1 2 4 0 0 2 0 0 0 0 0 0 0 0 0 0 0 0 0 0 0 0 0 0 0 0 0 0 0 0 8 0 0 0 0 
 3 0 0 1 3 0 31 0 0 0 0 2 0 0 0 1 0 0 0 0 128 139 60 81 217 377 185 84 110 92 95 56 158 194 163 0 212 115 141 68 0 3 0 2 207 0 0 3 0 0 2 0 0 64 2 0 1 1 1 0 3 2 0 4 1 9 0 0 0 0 0 0 0 0 0 0 8 0 0 3 0 0 0 0 0 0 0 0 0 0 0 0 0 0 0 0 0 0 0 0 2 0 0 30 13 1 0 0 31 11 0 20 0 27 24 13 17 53 0 0 0 0 0 0 0 0 0 1 0 0 0 18 0 0 0 0 0 0 7 12 0 2 0 0 0 0 0 0 0 0 0 5 0 0 0 2 0 0 0 0 0 0 0 8 1 0 0 0 0 0 0 0 0 0 0 0 0 2 0 1 18 23 45 0 0 2 7 15 8 36 21 12 16 26 11 90 49 33 0 13 18 0 0 0 0 0 35 2 0 0 0 0 0 0 0 0 0 0 19 10 0 0 0 0 0 0 0 0 0 0 0 0 0 0 19 0 0 0 0 0 0 0 9 0 0 0 0 0 0 0 0 0 0 0 8 1 2 4 4 2 13 0 0 0 0 0 0 0 0 0 0 0 0 0 0 0 0 0 0 0 0 22 0 0 0 9 0 0 0 0 
 8 0 0 0 0 0 22 0 0 0 0 0 0 3 0 0 3 0 0 0 34 48 133 131 70 386 46 180 144 679 253 342 242 118 208 212 0 145 336 63 0 3 0 2 0 0 0 3 0 6 0 0 1 4 2 0 0 0 61 30 3 4 0 15 2 1 0 0 1 0 0 0 0 0 0 0 7 0 0 3 0 0 0 0 0 0 0 0 0 0 0 0 0 0 0 0 0 0 0 0 0 17 43 27 34 22 0 1 0 17 10 18 0 23 7 18 32 20 0 0 0 0 0 0 0 1 0 0 0 0 0 0 0 0 1 0 0 0 10 14 0 0 0 0 0 0 0 0 0 0 6 0 0 0 1 0 0 0 0 0 0 0 0 0 0 0 2 0 0 0 0 0 0 0 0 0 0 0 0 15 0 23 12 0 22 4 9 0 0 17 0 33 0 16 12 14 4 44 0 14 11 11 0 0 0 0 44 27 0 0 0 0 0 14 0 0 0 0 15 28 0 0 0 0 0 0 4 0 0 0 0 0 0 2 0 0 0 0 0 0 0 0 1 0 0 0 0 0 0 0 0 0 0 0 0 1 2 1 84 4 3 6 0 0 0 0 0 0 0 0 0 0 0 1 0 0 0 0 0 0 0 0 0 0 0 34 0 0 0 0 
 4 3 5 3 3 6 5 208 4 3 3 5 3 3 3 3 6 3 4 3 112 181 195 155 358 188 211 94 105 274 215 259 127 193 29 115 145 0 34 333 2 3 0 2 0 0 85 3 0 0 0 0 0 0 2 1 18 0 63 0 9 0 0 3 0 42 0 0 0 0 0 0 0 0 0 0 3 0 0 3 0 0 0 6 0 9 0 0 0 0 0 0 0 0 0 0 1 0 0 0 14 39 10 21 0 1 27 34 27 0 37 33 0 18 9 19 23 22 4 0 0 0 0 0 0 0 41 0 0 0 0 0 0 0 0 0 0 0 0 39 0 0 0 0 0 0 0 0 0 0 0 5 0 0 1 0 0 0 0 1 0 0 0 0 0 22 0 0 0 0 0 0 0 0 0 2 0 0 0 0 43 13 21 30 35 29 2 14 58 26 26 18 9 0 21 0 7 1 0 0 0 0 0 0 0 0 11 0 0 0 0 0 19 0 0 0 11 0 0 13 0 0 0 0 0 0 0 0 0 0 0 0 0 0 0 0 0 0 0 0 0 0 24 0 0 0 0 0 0 0 0 0 0 0 17 0 0 148 73 0 3 0 0 0 0 0 1 0 0 0 0 0 0 0 51 0 0 0 0 0 0 19 0 0 0 0 0 0 0 0 
 77 74 76 1 75 170 0 112 0 0 147 75 0 0 35 78 1 2 2 0 42 54 591 80 73 272 77 163 171 62 169 57 349 171 86 141 336 34 0 83 63 3 0 2 0 0 0 3 0 0 0 0 1 2 2 0 0 0 0 0 3 0 1 3 1 0 0 0 0 0 0 0 0 0 0 0 3 0 0 3 0 0 21 1 0 0 0 0 0 0 12 16 0 0 0 22 43 14 0 0 15 17 0 0 31 0 12 39 13 17 2 27 56 12 35 12 37 20 0 11 0 0 0 0 0 0 0 0 0 0 0 0 2 0 5 0 0 0 0 0 2 0 0 0 7 0 0 0 0 0 0 0 0 0 0 0 0 0 0 0 0 0 0 0 0 0 0 0 23 14 31 22 3 0 0 0 22 15 0 0 11 7 0 1 11 0 4 0 6 32 1 7 6 0 26 10 11 15 19 13 0 0 0 0 1 0 0 0 0 0 0 0 0 0 21 0 0 0 0 0 0 0 0 0 0 2 0 0 0 0 0 0 0 0 0 0 0 0 0 0 0 0 0 0 0 0 73 0 0 74 0 0 22 0 11 0 0 0 0 1 3 0 0 0 0 0 0 0 0 0 0 0 0 0 0 0 0 0 0 0 0 0 0 0 1 8 0 0 0 0 
 7 4 5 78 86 228 3 76 3 151 80 159 3 7 77 3 119 114 3 3 139 42 42 149 69 41 52 118 70 91 61 284 206 104 481 68 63 333 83 0 0 3 0 4 0 0 0 3 0 0 0 0 0 0 2 0 8 0 1 0 3 0 0 3 0 0 0 48 56 0 0 0 0 0 4 0 3 2 0 3 0 0 0 22 56 10 0 0 0 0 0 16 0 0 1 0 0 15 1 0 28 2 8 0 0 0 53 0 27 1 0 11 8 24 0 0 0 12 19 67 0 0 0 0 0 2 0 19 0 0 0 0 0 0 0 0 0 0 1 0 0 0 0 0 14 0 0 0 0 0 0 0 0 0 2 0 0 0 0 0 0 0 18 0 20 10 0 0 12 12 0 17 0 0 0 0 9 0 0 0 37 0 0 0 0 0 18 23 25 0 1 0 0 14 9 0 12 0 15 4 0 0 0 0 0 0 9 0 0 1 0 0 0 0 0 0 0 1 0 0 0 0 0 0 0 0 1 0 0 0 0 0 0 0 0 0 0 0 0 0 0 0 12 0 0 0 73 0 0 0 21 0 1 0 2 0 0 0 0 0 2 0 0 0 0 17 0 0 0 0 0 0 0 0 0 29 9 0 0 0 0 0 0 0 0 0 0 0 0 0 
 7 0 3 3 3 3 5 7 3 3 3 3 3 3 3 3 3 3 3 3 0 0 208 1 62 35 0 0 0 65 0 2 0 0 0 0 0 2 63 0 0 85 136 129 103 25 231 150 61 92 46 23 438 87 108 36 37 50 421 260 0 2 0 23 5 0 0 0 0 0 0 0 0 0 0 0 1 0 6 0 0 0 0 0 0 0 0 0 0 0 0 0 0 0 0 0 0 0 0 0 0 0 0 0 0 1 0 0 16 0 0 0 0 0 0 0 0 0 0 0 23 1 9 0 0 0 42 0 0 20 8 0 24 8 0 16 10 0 14 23 3 0 0 0 0 0 14 17 0 0 9 5 12 11 8 3 0 2 16 0 0 0 0 0 0 26 0 0 0 0 0 0 0 0 0 0 28 6 0 0 0 0 0 0 0 23 0 0 15 0 12 7 0 0 0 0 0 0 1 0 33 11 39 20 2 0 0 14 0 42 2 0 10 18 21 9 1 0 0 0 2 0 13 0 0 0 0 4 0 4 0 3 0 13 0 11 0 0 1 8 0 0 0 0 0 0 0 0 0 0 0 1 0 0 0 0 0 0 0 15 0 0 0 0 0 3 2 0 0 0 28 0 0 0 0 0 0 0 0 0 0 0 0 0 0 0 0 0 2 0 
 6 0 0 0 0 0 0 0 63 0 0 0 0 0 0 0 1 0 0 0 3 3 3 3 4 3 3 3 3 3 3 214 3 3 3 3 3 3 3 3 85 0 232 157 53 107 84 262 53 37 112 89 59 106 405 109 109 46 60 76 1 0 0 8 0 0 0 0 9 2 0 0 0 0 10 5 3 1 0 0 0 0 0 0 0 0 0 0 0 0 0 0 0 0 1 0 0 0 0 0 0 0 0 0 0 13 0 0 0 0 0 0 0 0 0 0 0 0 0 0 0 13 20 27 38 19 1 0 11 0 0 31 0 13 9 10 7 20 10 1 0 0 0 3 0 1 17 12 0 3 2 15 3 0 32 18 0 0 9 9 0 0 0 0 0 0 0 0 4 0 0 0 0 0 0 0 0 0 0 0 0 0 0 0 0 0 0 0 0 0 0 0 0 0 0 0 0 0 0 0 1 10 39 0 0 0 0 11 0 17 15 15 13 0 7 0 30 31 12 0 17 0 3 4 0 0 2 0 0 0 3 1 0 0 0 2 0 6 46 1 0 0 12 0 0 0 0 0 0 0 0 7 0 0 0 0 0 0 0 0 0 0 2 0 1 0 3 7 0 0 1 0 0 0 0 0 12 0 0 0 0 0 0 0 7 28 0 0 2 0 
 0 2 0 0 0 0 3 0 0 0 0 0 2 0 0 0 1 0 0 0 0 0 0 0 0 0 0 0 0 0 13 0 0 7 0 0 0 0 0 0 136 232 0 193 120 98 91 158 171 126 347 101 318 59 268 225 382 69 254 242 0 0 0 0 0 0 54 0 52 0 0 0 0 0 54 3 0 1 1 0 0 0 0 0 0 0 0 0 0 0 0 0 0 0 0 0 0 0 0 0 0 0 0 0 0 0 0 0 0 0 0 0 0 0 0 0 0 0 0 0 5 37 18 43 6 43 3 20 9 7 14 89 0 17 6 17 11 9 0 0 0 0 9 0 0 0 16 5 7 0 0 0 29 15 10 0 0 0 15 0 0 0 0 0 0 5 0 0 0 0 0 0 0 0 0 0 4 2 0 3 0 0 8 0 0 0 0 0 0 0 15 0 0 0 0 0 2 0 0 0 0 0 19 13 23 0 0 2 0 2 9 7 4 3 12 0 7 24 0 0 1 0 0 0 0 0 0 0 0 0 0 0 5 30 19 2 0 0 1 11 0 0 20 0 0 0 0 0 0 0 0 3 0 2 0 0 0 0 0 1 0 0 64 1 65 2 0 65 0 0 0 0 0 0 0 0 0 0 0 0 0 0 15 0 2 1 0 0 0 0 
 8 0 0 0 0 8 2 0 0 0 0 0 0 0 0 2 0 0 1 64 5 2 210 2 3 2 2 2 2 6 2 5 2 11 4 2 2 2 2 4 129 157 193 0 251 547 86 420 121 52 304 295 100 109 48 382 274 335 100 78 52 0 0 0 0 1 7 0 0 0 2 0 0 55 0 51 0 0 0 0 0 0 0 0 0 0 0 0 0 0 0 0 0 0 0 0 0 0 0 0 7 0 0 0 0 0 0 0 0 0 4 0 0 0 4 11 0 0 3 5 0 1 0 35 0 11 0 0 18 12 0 0 0 0 0 0 17 0 0 0 12 19 13 0 0 0 0 27 2 0 0 14 13 7 2 34 10 0 7 23 0 0 0 0 8 7 0 0 0 0 0 3 0 0 0 0 6 5 0 0 0 5 0 0 0 0 2 0 0 0 0 0 0 0 2 5 0 0 0 0 0 0 34 18 27 65 0 0 1 5 21 1 0 0 14 0 0 0 0 0 27 12 20 0 1 0 24 1 0 0 0 1 0 7 0 5 0 0 19 24 0 0 0 0 0 1 0 0 0 0 0 13 0 1 0 0 0 0 0 0 0 0 0 0 0 8 6 2 0 0 0 0 0 0 0 0 0 0 0 0 0 4 0 0 2 0 0 21 5 0 
 0 0 13 0 0 0 2 0 0 0 0 0 3 0 0 0 0 0 0 0 3 0 0 0 0 0 0 0 0 2 0 0 0 0 0 207 0 0 0 0 103 53 120 251 0 101 54 54 117 60 159 221 371 70 72 179 113 145 100 270 25 0 0 0 0 0 56 0 0 0 0 0 0 3 0 0 0 2 0 0 0 0 0 0 0 0 0 0 0 0 0 0 0 0 0 5 0 0 6 0 10 0 0 0 0 0 0 0 0 0 0 0 0 0 0 0 0 0 0 0 19 7 0 11 11 17 0 0 10 0 18 34 1 0 12 20 3 0 0 0 2 25 23 0 0 0 14 13 1 0 0 11 28 0 9 0 0 0 0 39 0 0 0 0 0 0 0 0 0 0 0 9 4 3 0 0 7 7 0 0 0 0 0 0 0 0 0 0 0 0 0 0 0 0 0 0 0 0 0 0 0 0 0 19 12 8 0 3 7 0 0 0 0 0 15 0 0 11 0 0 0 12 16 0 0 0 3 0 0 0 0 0 12 10 40 18 0 0 15 18 0 0 0 0 0 0 0 0 0 0 0 2 0 0 0 0 0 0 0 13 0 13 67 0 5 14 0 0 0 0 0 0 0 0 0 0 0 0 0 0 0 0 0 0 59 10 0 30 9 0 
 1 0 0 0 0 3 0 0 0 0 0 0 0 0 0 0 2 0 0 0 61 62 0 0 0 0 54 61 0 0 0 0 0 0 0 0 0 0 0 0 25 107 98 547 101 0 109 102 171 46 347 411 40 112 259 233 143 351 120 52 0 0 0 0 0 0 5 0 0 0 0 1 61 50 0 0 0 8 96 0 0 8 0 0 0 0 0 0 0 0 0 0 0 0 0 0 0 0 0 0 0 0 0 0 0 0 0 9 0 0 0 0 0 0 0 0 0 0 0 0 0 19 19 10 18 67 0 17 27 6 2 17 0 0 0 0 21 21 0 0 0 0 0 0 0 0 3 0 4 0 0 0 22 6 32 0 0 0 9 9 0 0 3 0 0 0 0 0 0 0 0 0 0 0 29 4 0 0 0 0 0 0 0 0 0 9 0 0 0 0 0 0 0 0 0 0 0 0 0 0 0 0 18 42 17 4 0 0 3 14 20 16 0 0 7 0 25 53 0 0 17 6 2 7 0 10 20 0 1 0 0 0 8 16 23 0 1 0 39 0 0 0 20 0 0 0 0 0 0 0 0 7 0 0 0 0 0 0 0 1 0 0 4 63 0 1 4 33 0 0 0 0 0 0 0 0 0 0 0 0 0 0 0 0 8 0 0 0 2 0 
 0 0 0 36 0 76 0 3 0 0 0 0 1 5 0 0 0 0 0 0 0 0 9 0 0 64 0 0 0 1 0 1 0 0 0 0 0 85 0 0 231 84 91 86 54 109 0 102 139 99 172 32 277 119 232 163 52 38 87 67 4 1 5 0 0 0 0 6 4 9 3 0 4 3 0 6 3 26 0 0 22 0 0 0 0 0 0 0 0 0 0 0 0 0 0 0 0 0 0 0 0 0 0 0 0 0 0 0 0 0 0 0 0 0 0 0 7 0 0 0 59 18 5 0 11 1 20 14 0 11 21 13 23 0 0 50 23 12 11 0 0 0 0 4 4 7 3 0 0 4 0 0 20 9 0 0 6 0 25 0 0 0 0 0 0 0 0 0 0 0 0 0 0 0 0 0 22 0 0 0 0 0 0 0 0 12 0 0 1 0 0 0 0 0 0 0 0 0 0 0 20 0 27 31 18 0 0 29 20 1 10 16 1 1 25 11 67 18 7 0 0 0 0 1 0 0 0 0 0 0 5 0 0 4 0 18 0 0 2 11 0 0 1 0 0 0 0 0 0 0 0 13 0 0 0 0 0 0 0 15 0 0 0 0 0 22 5 67 0 0 9 0 0 0 20 0 0 0 0 0 0 0 0 0 0 0 0 0 1 0 
 0 0 0 0 0 0 1 0 0 0 0 0 0 0 0 0 0 0 0 0 3 2 3 3 69 3 3 3 3 3 2 3 3 3 3 3 3 3 3 3 150 262 158 420 54 102 102 0 380 53 387 31 352 290 344 175 52 61 385 172 0 4 0 2 0 0 49 0 0 0 0 0 6 0 0 0 0 5 2 0 0 0 0 0 0 0 0 0 0 0 0 0 0 0 0 0 0 0 0 0 0 0 0 0 0 0 0 0 0 0 0 0 0 0 0 0 0 0 0 0 0 8 0 0 39 0 2 10 0 0 0 19 0 27 9 0 12 24 10 0 2 0 7 0 0 0 14 9 4 0 3 3 21 0 0 4 0 4 14 0 0 0 0 0 0 0 4 0 9 0 0 0 0 0 0 0 0 0 0 0 0 0 0 0 0 0 0 0 0 0 0 0 0 0 0 0 0 0 0 0 0 0 20 16 11 1 10 49 26 26 36 39 0 0 0 0 10 0 15 0 0 0 3 0 0 0 0 3 0 4 0 7 0 9 13 0 11 0 16 0 0 0 4 0 0 0 0 0 0 0 0 2 0 0 0 0 0 0 0 0 1 0 2 0 33 1 0 66 2 0 7 0 0 0 0 0 0 0 0 0 0 0 0 0 7 0 0 0 1 0 
 0 0 0 0 0 0 3 0 0 0 0 0 3 0 0 0 0 0 0 0 0 0 0 0 0 278 0 0 0 0 0 0 0 7 0 0 0 0 0 0 61 53 171 121 117 171 139 380 0 281 111 98 271 325 200 131 77 114 93 113 3 1 0 3 0 0 0 0 0 0 0 0 0 3 0 1 0 40 0 2 0 0 0 0 0 0 0 0 0 0 0 0 0 0 0 0 0 0 0 0 0 0 0 0 0 0 0 0 0 0 0 0 0 0 0 0 0 0 0 0 24 34 8 25 6 0 60 40 24 13 19 56 9 11 5 31 13 24 14 0 0 0 0 0 0 0 0 0 2 0 0 6 13 0 0 0 0 11 15 0 0 0 0 0 0 0 0 0 0 0 0 0 0 0 0 7 0 0 8 0 0 0 0 0 0 10 0 0 0 0 0 0 0 0 0 0 0 0 0 0 4 1 0 25 19 18 0 1 16 6 18 6 5 24 7 32 10 24 7 0 0 0 0 0 0 0 0 0 0 0 0 4 7 5 17 32 0 0 0 0 0 0 2 0 0 0 0 0 0 0 0 15 0 2 0 0 0 0 0 2 0 0 1 0 2 33 0 70 0 0 0 0 0 0 0 0 0 0 0 0 0 2 4 0 0 0 0 0 1 0 
 3 62 0 0 0 0 0 0 0 0 0 0 0 0 0 0 2 0 0 0 0 0 6 0 0 158 0 0 9 3 1 0 0 1 0 0 6 0 0 0 92 37 126 52 60 46 99 53 281 0 68 63 213 86 166 79 109 72 88 189 3 4 0 2 0 0 63 0 0 6 0 2 2 0 0 0 0 0 0 0 0 0 16 0 0 0 0 0 0 0 0 0 0 0 0 14 0 0 0 0 0 0 6 41 12 11 0 0 0 0 0 0 0 0 0 0 3 0 0 0 2 14 0 10 0 0 16 33 9 20 24 20 10 0 11 11 1 36 39 0 0 0 0 0 0 0 0 0 2 0 0 0 0 0 0 0 0 0 19 0 0 0 0 0 0 0 0 0 0 0 0 0 0 0 0 0 0 0 15 0 0 0 0 7 25 4 0 0 0 0 0 0 0 0 0 0 3 0 0 0 8 2 4 23 36 0 0 27 32 17 20 18 1 44 15 39 6 35 10 11 0 0 0 0 0 0 0 0 0 0 0 0 12 11 11 0 0 0 0 0 0 0 0 0 0 0 0 0 0 0 0 4 0 0 0 0 0 0 20 10 0 0 64 0 2 9 0 0 0 0 0 0 0 0 0 0 0 0 0 0 0 7 0 0 0 15 0 0 1 0 
 4 0 0 0 0 0 0 0 0 0 0 0 3 0 0 0 0 0 0 0 204 0 0 0 0 0 202 0 1 0 0 2 0 2 0 2 0 0 0 0 46 112 347 304 159 347 172 387 111 68 0 415 308 30 66 99 80 101 50 56 75 0 0 0 0 0 52 0 0 0 0 0 0 113 0 57 0 4 21 0 0 0 0 0 0 0 0 0 0 0 0 0 0 0 0 0 3 0 0 0 0 0 0 0 0 0 0 0 0 0 0 0 0 0 0 0 0 0 0 0 7 7 20 7 22 10 24 28 0 0 1 0 5 7 25 7 7 0 0 0 10 11 10 0 0 0 0 11 0 0 13 0 6 0 11 66 10 0 0 23 0 0 0 0 0 0 0 0 0 0 0 0 0 0 0 4 0 0 0 0 0 0 0 0 0 0 0 0 0 0 0 0 0 0 0 0 0 0 0 0 24 0 1 29 11 38 0 20 0 4 1 11 0 6 9 0 56 0 0 0 0 9 9 0 0 0 10 1 0 0 0 1 31 1 0 0 10 0 24 4 0 0 21 0 0 0 0 0 0 0 0 12 0 0 0 0 0 0 0 12 0 0 0 72 2 4 0 37 2 0 1 0 0 0 0 0 0 0 0 0 0 0 46 0 0 0 0 11 0 0 
 0 0 0 0 0 0 0 2 0 0 1 1 0 2 5 0 2 0 2 0 0 0 0 0 0 0 0 5 0 0 0 0 0 0 0 0 0 0 0 0 23 89 101 295 221 411 32 31 98 63 415 0 34 26 241 318 139 180 20 46 54 0 0 0 0 0 59 0 0 4 0 0 49 109 0 67 0 0 19 2 0 0 0 0 0 0 0 0 0 14 0 0 0 0 0 0 0 0 0 0 0 0 0 0 0 0 0 0 0 0 0 0 0 0 0 0 0 0 0 0 0 0 0 12 11 15 0 1 0 0 8 23 0 0 0 9 0 18 0 0 16 19 18 0 0 0 9 17 0 0 8 0 10 0 15 27 21 0 18 35 0 0 0 16 0 0 0 0 0 0 0 0 0 0 0 4 0 0 11 0 0 10 0 0 0 0 0 0 0 0 0 0 0 0 0 0 15 0 0 0 0 0 0 1 33 45 0 0 7 0 2 33 0 0 27 0 9 29 0 0 0 13 9 0 0 0 10 1 5 0 0 2 19 11 15 0 0 0 31 3 0 0 7 0 0 0 0 0 0 0 0 2 0 0 0 0 0 0 0 2 0 21 73 69 2 0 1 63 0 0 0 0 0 0 0 0 0 0 0 0 0 0 0 0 0 1 0 15 2 0 
 0 0 0 0 0 0 0 0 0 0 0 0 3 11 0 0 3 0 0 0 65 0 0 0 0 86 0 0 0 0 7 0 0 6 0 0 1 0 1 0 438 59 318 100 371 40 277 352 271 213 308 34 0 99 174 242 256 43 141 148 0 0 0 0 0 59 0 1 0 0 0 0 0 0 0 0 0 0 0 0 0 0 0 0 0 0 0 0 0 0 0 0 0 0 0 0 0 0 0 0 0 0 1 0 1 0 0 0 0 0 0 0 0 0 0 0 0 0 0 0 33 15 11 0 58 0 24 31 1 11 8 6 16 1 11 26 10 25 11 0 0 0 20 0 0 0 0 0 0 0 0 0 0 0 0 0 0 1 20 0 0 6 0 0 0 0 0 0 0 11 0 0 0 0 0 0 0 0 0 0 0 0 0 3 0 2 0 0 0 0 0 0 0 0 0 6 3 0 0 0 32 0 5 24 17 0 0 32 25 30 20 25 5 38 21 23 10 7 11 3 0 0 0 0 0 0 0 0 0 0 0 0 0 0 0 10 0 0 0 0 0 0 0 0 0 2 0 0 0 0 0 9 0 2 0 0 0 0 0 9 0 0 0 0 1 7 2 0 0 0 9 0 0 3 0 0 0 0 0 0 0 5 0 0 0 0 0 0 0 0 
 0 0 0 2 0 2 0 4 2 1 1 0 0 1 2 0 2 0 1 1 1 2 2 2 31 0 2 2 2 65 4 63 2 2 2 64 4 0 2 0 87 106 59 109 70 112 119 290 325 86 30 26 99 0 146 43 29 40 209 86 0 0 0 0 0 0 0 0 3 43 0 0 28 0 0 0 0 2 0 0 0 0 0 0 0 0 0 0 0 0 0 0 0 0 0 0 0 0 0 0 0 1 0 0 0 15 0 0 0 0 1 0 0 0 0 1 0 0 0 0 0 0 0 0 2 0 9 0 17 0 0 0 10 0 0 0 11 0 6 0 0 0 0 0 0 0 0 0 3 0 0 0 0 0 0 1 0 0 0 0 0 0 0 0 0 0 0 0 0 0 0 0 0 0 0 0 0 0 0 1 18 0 0 0 1 0 0 0 9 0 11 6 0 0 0 0 0 0 0 0 10 10 13 0 2 9 24 0 0 22 6 2 10 9 0 0 6 0 9 0 0 0 0 0 0 0 0 15 0 0 0 0 0 1 0 0 0 0 6 0 0 0 0 0 0 0 0 0 0 0 0 1 0 0 0 0 0 3 0 0 18 0 0 0 1 4 0 0 0 0 0 0 0 0 0 0 0 0 0 0 0 0 0 0 10 0 0 0 2 5 
 0 0 0 0 0 0 0 0 0 62 0 0 3 0 0 0 0 0 0 0 2 2 2 2 64 32 2 2 5 2 2 2 2 2 2 2 2 2 2 2 108 405 268 48 72 259 232 344 200 166 66 241 174 146 0 78 92 36 282 443 4 0 7 0 0 0 0 40 4 10 0 0 0 0 10 13 3 10 0 0 0 0 0 0 0 0 0 0 0 0 0 0 0 0 0 0 0 0 0 0 0 0 0 0 0 18 0 0 0 0 0 0 0 0 0 0 0 0 0 0 8 4 13 0 0 0 1 44 8 20 13 0 12 22 33 4 12 39 31 13 4 0 0 10 1 8 7 0 0 9 0 0 0 0 0 0 34 0 18 0 0 0 0 0 0 0 0 0 5 0 0 0 0 0 0 0 0 0 0 0 0 0 0 8 0 0 0 0 0 0 0 0 0 0 0 0 0 12 1 0 0 30 0 35 13 0 0 22 29 10 21 30 7 0 22 25 14 39 31 0 0 0 0 0 0 0 0 0 0 0 8 0 0 0 0 0 0 0 0 0 0 0 0 0 0 0 0 0 0 0 0 7 0 0 0 0 0 0 0 0 0 0 0 0 4 4 6 4 0 0 0 0 0 0 0 0 0 0 0 0 0 0 0 0 0 0 0 0 1 0 
 6 0 0 0 0 0 6 16 0 0 0 0 3 0 0 0 0 0 0 0 3 0 0 0 0 2 0 0 0 0 2 2 0 0 0 0 0 1 0 0 36 109 225 382 179 233 163 175 131 79 99 318 242 43 78 0 371 104 48 298 0 1 1 0 0 1 1 0 2 2 2 2 23 0 0 0 0 5 20 3 0 0 0 0 0 0 0 0 0 0 0 0 0 0 0 0 0 0 0 0 0 0 0 0 0 0 0 0 0 0 0 0 0 0 0 0 0 0 0 0 25 0 2 1 58 24 0 14 29 29 0 2 0 0 0 0 28 6 0 0 0 1 8 0 0 0 9 1 7 0 0 0 20 29 18 4 0 0 32 2 0 0 0 0 21 7 0 0 0 0 0 0 0 0 0 0 7 6 0 0 0 0 0 0 0 0 18 0 0 0 0 0 0 0 21 0 0 0 0 0 0 0 26 30 3 9 0 10 0 13 4 6 0 0 19 0 37 3 0 7 11 0 0 0 0 0 0 8 0 0 0 0 2 18 0 10 0 0 13 4 0 0 18 0 0 0 0 0 0 0 0 8 0 1 0 0 0 0 0 15 0 0 0 0 0 2 0 35 0 0 0 0 0 0 0 0 0 0 0 0 0 0 0 0 28 0 0 2 2 0 
 0 0 0 0 0 5 0 62 1 0 0 0 0 2 0 0 2 0 1 1 5 2 0 1 1 2 1 2 0 0 2 2 0 7 0 1 0 18 0 8 37 109 382 274 113 143 52 52 77 109 80 139 256 29 92 371 0 228 257 35 0 0 0 0 5 3 0 2 2 4 6 3 56 52 0 3 4 2 51 0 0 0 0 0 0 0 0 9 0 0 0 0 10 0 0 0 0 0 0 0 1 0 0 0 0 0 0 0 18 0 0 1 0 7 0 0 0 4 0 0 0 19 14 73 19 23 0 0 28 1 29 12 0 0 0 0 14 9 0 2 0 0 0 0 7 0 5 14 12 0 0 0 6 1 0 1 0 0 4 1 29 19 0 0 0 1 0 21 14 0 0 0 0 0 18 0 0 3 17 9 13 0 2 1 0 9 0 5 0 0 0 11 0 0 15 0 0 0 0 0 0 0 0 0 29 8 0 0 0 0 20 6 0 0 0 0 0 13 0 0 2 0 0 0 0 0 0 21 0 0 0 0 13 37 20 0 0 0 0 0 0 0 25 0 0 0 0 0 0 0 0 0 2 1 0 0 0 1 0 1 0 0 0 63 2 1 1 0 0 4 0 0 0 0 0 0 0 0 0 0 0 0 0 0 0 0 0 1 2 0 
 9 0 0 0 0 2 0 12 0 2 0 2 8 0 0 3 8 0 2 5 0 0 0 0 0 0 0 23 0 0 0 0 0 0 0 1 0 0 0 0 50 46 69 335 145 351 38 61 114 72 101 180 43 40 36 104 228 0 30 39 51 0 0 0 0 0 54 0 0 19 0 0 52 29 0 0 0 0 110 0 0 0 0 0 0 0 11 0 0 0 0 0 43 0 8 0 0 0 0 0 0 0 0 0 0 0 0 0 17 0 0 0 0 0 0 0 0 0 7 0 0 0 0 33 33 0 0 0 0 0 31 20 0 0 0 1 0 0 0 0 0 29 24 0 0 0 1 21 3 0 0 34 9 0 16 0 0 0 0 79 0 0 0 0 0 0 0 0 0 5 0 0 0 14 3 6 0 0 5 0 0 0 0 0 0 0 0 0 0 0 0 1 0 0 0 0 0 0 0 0 0 0 0 0 13 7 0 0 0 0 13 9 0 0 0 0 0 22 0 0 0 48 45 0 0 0 3 11 0 0 0 0 36 14 21 16 0 0 0 13 0 0 0 0 0 0 0 0 0 0 0 6 0 2 0 0 0 0 0 0 0 2 64 33 0 0 1 0 0 0 0 0 0 0 0 0 0 0 0 0 0 0 0 0 20 10 0 53 47 0 
 0 0 0 0 0 0 22 0 0 0 0 0 0 0 0 0 0 0 6 0 0 61 0 63 150 0 0 0 0 23 53 1 0 0 0 1 61 63 0 1 421 60 254 100 100 120 87 385 93 88 50 20 141 209 282 48 257 30 0 228 1 1 5 2 0 4 0 5 0 16 6 0 0 1 0 0 0 7 0 0 0 0 0 0 0 0 0 11 0 0 0 0 0 0 3 0 0 0 0 0 0 0 6 0 10 25 0 0 9 0 0 0 0 0 0 0 0 0 0 0 7 0 21 0 0 0 2 14 0 18 0 0 16 58 31 18 0 14 19 28 0 0 0 0 9 4 8 0 0 0 0 0 0 0 0 0 0 0 7 0 0 0 0 0 0 0 0 6 8 0 0 0 0 0 0 0 0 0 0 0 0 11 0 15 8 0 0 0 2 7 9 15 0 1 0 0 0 10 0 0 11 25 11 0 0 0 1 0 0 7 0 0 24 0 0 0 10 9 11 1 0 0 0 5 5 4 0 0 0 0 0 22 0 0 0 0 0 0 0 0 0 0 0 0 0 0 0 0 0 0 0 9 0 0 0 0 0 0 0 0 0 0 1 0 2 0 6 0 0 0 9 0 0 0 0 13 0 0 0 0 0 0 0 0 0 0 0 0 1 0 
 0 3 0 0 0 8 0 0 0 0 36 0 0 0 0 0 2 0 0 0 0 18 0 4 0 83 0 62 2 0 62 55 0 5 6 0 30 0 0 0 260 76 242 78 270 52 67 172 113 189 56 46 148 86 443 298 35 39 228 0 0 0 0 0 0 21 0 0 0 0 0 0 0 0 0 0 0 0 0 0 0 0 0 0 14 0 0 0 0 0 0 0 0 0 0 0 0 0 0 0 23 13 26 0 13 34 24 0 0 0 6 0 0 0 11 10 0 0 7 0 26 0 12 0 0 0 0 22 19 20 22 0 3 13 29 17 0 13 15 0 0 0 0 0 0 0 0 0 0 0 8 0 0 0 1 0 0 0 0 0 0 0 0 0 14 6 0 0 7 0 0 1 0 0 0 0 0 0 0 0 0 6 0 0 0 16 6 0 0 18 0 10 0 0 6 3 0 0 0 0 0 21 3 20 0 0 25 20 3 13 0 21 14 12 16 10 28 45 18 17 0 0 0 0 0 0 0 0 0 0 0 0 0 0 2 0 0 0 0 0 0 0 0 0 0 0 0 0 0 0 0 10 0 2 0 0 0 0 0 0 0 6 0 0 1 0 0 0 0 0 0 0 0 0 0 0 0 0 0 0 0 0 0 0 0 0 0 0 0 0 
 0 0 0 0 0 0 0 0 0 0 0 0 0 0 0 0 6 0 0 0 5 3 3 3 3 3 4 3 9 5 3 3 3 5 3 3 3 9 3 3 0 1 0 52 25 0 4 0 3 3 75 54 0 0 4 0 0 51 1 0 0 78 101 99 99 17 76 335 58 105 73 242 263 327 111 192 55 17 93 156 0 0 0 0 0 0 0 0 0 0 0 0 0 0 0 0 0 0 0 0 0 2 0 0 0 0 0 6 0 5 6 7 0 14 0 0 3 14 7 0 0 0 0 0 0 0 0 0 0 0 0 0 0 0 0 0 0 0 0 0 1 36 22 9 1 49 1 2 0 14 15 0 0 0 17 7 8 0 0 20 0 0 0 0 0 0 0 1 0 0 0 0 0 0 4 0 0 0 0 0 0 0 5 7 6 0 0 5 0 0 0 1 6 1 5 0 3 0 0 0 0 0 0 0 0 2 0 0 0 0 0 0 0 0 0 0 0 0 15 1 0 0 14 7 10 0 2 0 0 26 15 4 0 0 0 0 39 9 15 0 0 0 0 0 0 0 0 0 0 0 0 0 0 0 5 0 0 1 0 0 0 0 1 31 0 0 6 0 0 0 16 0 0 0 2 0 0 0 0 0 0 0 0 0 18 0 3 20 0 0 
