 0 83 286 56 244 121 476 144 134 34 336 172 673 115 108 132 40 40 235 231 77 0 0 4 0 0 0 0 0 4 2 76 0 0 1 1 2 1 0 2 0 0 0 0 0 0 0 0 3 0 0 0 0 0 0 0 0 2 0 0 0 0 0 0 0 0 0 2 0 2 0 0 0 0 3 0 7 0 3 0 56 0 13 28 14 10 0 55 28 16 50 1 18 27 27 17 0 14 29 34 1 0 1 0 0 0 14 2 0 0 0 0 1 0 0 0 0 0 12 0 1 0 0 0 0 0 0 1 0 0 0 0 0 60 0 0 0 0 0 0 0 0 0 0 0 0 0 0 0 0 0 0 0 0 0 0 0 0 0 0 22 20 32 19 17 0 0 0 11 12 28 10 0 0 17 6 21 0 0 28 0 0 0 0 0 2 0 0 0 0 0 0 0 14 0 0 0 0 0 0 0 0 0 0 0 0 0 0 0 0 0 0 0 0 0 0 0 0 0 1 0 0 0 0 0 0 0 0 0 0 0 0 0 0 0 0 0 0 0 0 0 0 0 0 0 0 2 0 94 3 10 8 0 0 0 0 0 0 0 0 0 0 0 0 0 0 0 0 0 0 0 0 0 0 0 0 0 0 0 0 0 0 0 0 0 0 0 0 0 0 
 83 0 104 245 151 40 153 201 134 199 432 23 112 48 399 260 96 61 227 28 3 0 0 1 0 0 2 0 0 3 0 0 0 2 1 0 0 4 76 118 0 0 0 0 0 0 0 0 0 0 0 0 2 3 0 1 0 2 0 0 0 0 0 0 0 22 0 2 0 2 0 0 2 0 3 0 3 0 3 0 47 43 0 32 0 10 32 13 26 5 10 23 21 37 15 35 33 33 0 10 0 0 0 26 0 0 0 0 0 0 0 0 0 25 0 0 0 0 0 0 10 0 0 0 0 0 0 0 0 14 0 0 0 0 0 0 0 0 0 0 0 0 0 0 0 0 0 0 0 0 0 0 0 0 0 0 1 0 0 0 0 15 18 8 1 0 0 31 20 0 17 2 0 0 16 2 33 26 15 8 0 0 10 0 0 0 0 0 0 0 0 0 10 8 0 1 2 0 0 2 0 0 0 0 0 0 0 0 0 0 0 0 0 0 0 0 0 0 0 0 0 0 0 0 1 0 0 0 2 0 2 0 0 0 0 0 0 0 0 0 0 0 0 0 0 6 0 0 0 9 0 6 0 0 0 0 0 0 0 0 0 0 0 0 0 0 11 0 0 0 0 0 0 0 0 0 0 0 0 0 0 0 0 0 0 0 0 0 0 0 
 286 104 0 140 70 48 125 209 82 234 278 224 119 36 146 169 643 247 173 339 2 1 0 0 2 0 28 0 0 3 0 0 74 207 0 1 0 1 69 0 0 11 0 0 0 0 7 0 0 3 3 3 2 0 0 4 0 2 0 3 3 0 2 3 0 0 3 6 0 2 0 0 1 3 3 4 3 7 8 4 24 0 32 63 22 14 19 24 15 15 0 15 12 16 13 22 39 9 0 0 17 0 0 0 0 0 0 0 0 0 0 0 33 0 0 0 0 0 16 0 0 0 0 0 0 0 0 0 0 9 0 0 0 0 0 0 0 0 0 0 0 0 0 0 0 0 0 0 0 0 0 0 0 0 0 0 0 0 0 0 0 0 0 10 0 0 0 42 0 0 0 1 0 10 13 0 17 0 9 14 2 0 0 0 0 0 7 0 0 0 0 0 4 0 0 0 0 0 0 0 0 0 0 0 0 0 0 0 0 0 0 0 0 0 0 0 0 0 0 0 0 0 6 0 0 0 11 0 0 0 0 0 0 0 0 0 0 0 0 0 0 0 0 0 0 0 0 0 2 47 0 5 9 0 0 0 0 0 0 0 0 0 15 0 0 0 0 0 0 0 0 0 0 0 0 10 22 0 0 0 0 0 0 0 0 0 0 0 0 0 
 56 245 140 0 130 62 139 162 109 284 279 160 63 179 210 379 244 248 131 268 2 0 0 0 5 6 2 0 1 5 6 0 0 0 3 0 6 0 74 41 2 0 0 3 0 0 10 0 0 3 5 0 0 0 0 4 0 2 0 30 0 0 3 45 3 4 0 2 6 2 0 0 31 0 3 3 3 0 8 0 40 49 0 28 9 0 12 0 9 25 0 22 5 14 14 18 32 34 0 12 0 1 0 0 0 0 11 0 6 0 0 0 10 9 0 0 0 0 0 16 0 0 0 0 0 0 0 0 0 0 0 0 0 1 0 0 0 0 0 1 0 0 0 0 0 0 1 0 0 4 0 0 0 0 0 1 0 1 0 0 0 0 0 81 0 0 15 13 30 0 0 0 0 0 2 20 18 10 6 10 0 0 0 0 0 0 15 1 0 0 0 0 23 8 0 0 0 0 11 0 0 0 0 0 0 15 0 0 0 2 0 0 0 0 0 0 0 10 0 0 0 0 0 0 0 1 0 0 0 0 0 0 0 0 0 0 0 0 0 0 0 0 0 0 0 1 1 2 3 90 1 5 0 0 1 0 0 0 0 1 0 0 15 0 0 1 0 0 0 0 0 0 0 2 2 14 11 0 0 0 0 0 0 0 0 0 0 0 0 0 
 244 151 70 130 0 164 17 148 89 183 102 96 293 79 179 181 178 223 76 302 3 73 78 0 2 2 73 3 0 78 0 2 91 76 5 2 10 0 219 196 0 0 3 0 0 0 0 0 0 0 0 0 0 0 0 0 2 2 0 0 0 0 0 0 0 0 0 2 0 2 0 0 0 0 3 0 3 0 3 0 0 7 19 42 0 12 0 7 0 30 15 12 0 0 0 10 6 9 0 2 14 0 21 0 0 1 17 22 0 10 23 0 38 29 0 0 0 17 2 61 0 0 0 0 0 1 0 0 0 0 0 0 0 0 0 0 0 0 0 0 0 0 0 0 0 0 0 0 0 7 0 0 0 0 0 0 0 1 0 0 0 0 0 30 31 12 0 0 14 0 0 2 4 0 0 14 0 8 0 7 14 71 0 0 0 0 12 50 0 8 0 0 23 17 0 0 0 12 22 14 0 0 0 0 0 16 0 0 15 0 0 0 0 0 0 0 0 2 0 0 0 0 0 0 0 0 0 0 0 0 0 0 0 1 0 0 0 0 0 1 0 15 0 0 0 0 8 0 0 0 2 13 0 0 0 0 0 0 0 0 76 0 0 0 2 0 0 0 0 0 0 0 0 0 0 17 0 0 0 0 0 0 0 0 0 0 0 0 0 0 
 121 40 48 62 164 0 27 41 428 114 90 75 61 119 58 75 71 370 64 56 2 92 78 0 0 0 67 1 154 28 0 0 193 1 75 0 0 73 92 92 2 0 0 0 0 0 0 0 0 0 0 0 0 0 0 2 0 2 0 0 0 0 0 0 0 0 0 2 0 2 0 0 0 0 3 0 6 0 3 0 0 0 14 0 13 16 0 0 0 0 3 50 0 0 14 8 0 0 0 1 60 28 1 21 0 0 118 21 8 12 0 0 20 0 0 2 0 0 72 17 0 0 0 0 0 0 0 0 0 0 0 0 0 0 0 0 0 0 0 0 0 0 0 0 0 0 0 0 0 0 0 0 1 0 0 0 0 4 0 0 0 0 0 14 0 26 0 0 0 0 0 0 0 0 0 0 0 8 0 0 33 15 0 21 0 0 32 25 22 21 0 30 0 2 54 1 36 0 0 73 0 0 0 0 0 15 0 0 0 0 0 0 0 0 0 0 0 0 0 0 0 0 0 2 0 0 0 0 0 0 0 0 0 0 0 0 2 0 0 0 0 0 6 0 0 8 1 2 8 2 0 14 0 0 0 0 0 0 0 0 0 0 0 0 0 0 15 0 0 0 0 0 0 0 0 0 18 0 0 0 0 0 0 0 0 0 0 0 0 0 
 476 153 125 139 17 27 0 133 104 26 114 102 373 125 27 201 108 20 171 440 2 0 0 73 0 0 0 0 0 3 0 0 0 0 0 0 0 2 2 0 0 0 0 0 0 0 0 0 0 0 0 0 33 0 0 0 0 2 0 0 0 0 0 0 0 0 0 2 0 2 0 0 0 0 3 0 3 0 3 0 34 10 0 19 4 11 15 22 5 0 11 10 35 43 32 36 21 39 26 21 1 0 0 0 0 0 22 0 0 0 0 19 0 0 0 9 0 0 2 0 0 0 0 0 0 0 0 0 0 0 0 0 0 0 0 0 0 0 0 0 0 0 0 0 0 0 0 0 0 0 0 0 2 0 0 0 0 0 0 0 40 8 19 0 8 0 0 9 17 2 13 0 0 0 0 10 9 0 6 56 0 0 0 0 0 0 0 0 0 0 0 0 0 0 0 0 0 0 0 0 0 0 0 0 0 0 0 0 0 0 0 0 0 0 0 0 0 0 0 0 0 0 0 0 0 0 0 0 0 0 0 0 0 0 0 0 0 0 0 0 0 0 0 0 0 0 0 0 2 1 0 9 0 0 2 0 0 0 0 0 0 0 0 0 0 0 0 0 0 0 0 0 0 0 0 0 0 0 0 0 0 0 0 0 0 0 0 0 0 0 
 144 201 209 162 148 41 133 0 434 72 570 223 200 87 140 140 73 132 349 380 3 0 0 0 0 0 0 0 0 3 1 0 0 0 1 1 1 1 0 2 0 0 0 0 0 0 0 0 0 0 54 0 0 0 0 0 0 2 0 0 0 0 0 0 0 0 0 2 0 2 0 0 0 0 3 0 3 0 3 0 23 0 25 10 1 0 15 36 7 0 30 0 0 8 14 11 27 25 62 0 0 0 0 0 0 0 0 0 0 10 0 0 0 0 0 0 0 17 13 0 0 0 0 0 0 0 0 2 0 0 0 0 0 0 1 0 0 0 0 0 0 0 0 6 0 0 0 0 0 2 0 0 0 0 0 0 0 0 0 8 0 2 30 0 0 0 12 53 11 30 13 10 15 17 13 1 11 14 0 0 0 0 0 0 0 0 0 0 0 2 0 0 24 0 0 0 0 0 0 0 0 0 0 0 0 0 0 0 0 0 0 0 0 18 2 0 0 0 0 0 0 0 0 0 0 0 0 0 0 0 0 0 0 0 2 0 0 0 0 0 0 0 0 0 0 3 0 0 90 92 0 7 0 0 0 0 0 0 0 0 0 0 17 0 0 0 0 0 0 0 0 0 0 0 0 0 0 13 0 0 0 0 0 0 0 0 0 0 0 0 
 134 134 82 109 89 428 104 434 0 71 158 105 310 276 158 54 77 227 329 260 3 0 0 0 3 0 0 1 1 5 0 0 0 0 0 0 0 1 1 0 0 0 0 0 0 0 0 0 0 0 0 0 0 0 0 0 0 2 0 0 0 19 0 0 0 0 0 2 0 2 0 0 1 0 4 0 3 0 3 0 41 0 29 0 0 26 4 17 18 0 63 10 0 21 21 9 2 13 48 22 19 0 14 0 0 0 19 0 0 0 0 0 0 0 0 0 0 0 2 20 0 0 0 0 1 0 0 0 0 0 0 0 0 0 0 0 0 0 0 0 0 0 0 0 2 0 0 0 2 0 0 0 0 0 0 0 0 4 1 2 9 16 43 20 0 5 19 14 1 14 39 18 0 13 16 29 25 9 0 0 0 0 2 0 0 0 0 0 0 0 0 0 0 0 1 0 0 0 32 0 0 0 0 0 0 21 0 0 0 0 0 0 0 0 0 0 16 0 0 0 0 0 0 0 0 0 0 1 0 0 0 0 0 0 0 0 1 0 0 0 0 0 0 0 0 2 1 1 1 5 2 2 0 10 0 0 0 0 0 0 0 0 0 0 0 0 1 0 0 0 0 0 0 0 0 0 28 0 0 0 0 0 0 0 0 0 0 0 0 0 
 34 199 234 284 183 114 26 72 71 0 285 154 163 73 175 423 370 145 320 234 77 0 0 0 77 0 24 0 0 3 2 0 74 0 1 0 20 1 2 2 0 0 0 0 0 0 0 0 0 0 0 0 0 0 4 2 75 2 0 0 0 0 0 0 0 0 0 2 0 2 0 27 0 0 9 0 3 0 3 0 27 1 15 1 12 0 9 38 0 10 0 45 9 14 0 23 21 57 15 0 1 0 0 0 0 0 14 0 0 0 0 0 0 0 0 0 0 0 32 11 0 0 0 0 0 0 0 0 0 2 0 0 0 0 0 0 0 0 0 0 0 0 0 1 0 0 0 0 0 0 0 0 0 0 0 0 2 0 0 0 0 0 3 1 2 24 0 45 10 0 0 1 11 7 6 1 21 0 6 16 0 10 0 0 0 0 37 0 0 0 0 0 29 0 8 2 1 0 0 9 0 0 0 0 0 0 0 0 0 0 0 0 0 0 0 0 0 0 0 0 0 0 0 0 0 0 0 0 1 0 0 0 0 0 0 0 0 0 0 0 0 0 0 0 0 3 0 0 0 0 0 5 0 0 0 0 0 0 0 0 0 0 15 0 0 0 0 0 0 0 0 0 0 0 0 0 14 11 0 0 0 0 0 0 0 0 0 0 0 0 
 336 432 278 279 102 90 114 570 158 285 0 142 353 35 180 368 229 153 119 104 4 0 0 0 0 0 0 0 3 5 2 0 0 0 1 0 0 0 0 0 0 0 0 0 0 0 0 0 58 0 0 0 0 0 0 0 0 4 0 0 0 0 0 0 0 6 0 2 0 2 0 0 0 0 3 0 3 0 3 0 30 10 0 45 0 20 2 37 29 0 42 1 1 8 15 0 49 39 10 18 0 0 0 0 0 10 0 0 0 0 0 0 1 0 0 0 0 0 9 0 3 0 0 0 0 0 0 0 0 0 0 0 0 0 0 0 0 0 0 0 0 0 2 0 0 0 0 0 0 0 2 0 0 0 0 0 0 0 0 0 12 0 34 19 14 0 0 36 46 2 26 0 28 0 13 25 16 18 0 0 0 0 0 0 0 0 0 0 0 0 0 0 9 1 0 0 0 0 1 0 0 10 0 0 0 0 0 0 0 0 0 0 0 0 0 0 0 0 0 0 0 0 0 0 0 0 0 0 0 0 0 0 0 0 0 0 0 1 0 0 0 0 0 0 0 0 0 0 87 92 1 6 11 0 0 0 0 0 0 0 0 0 18 0 0 0 0 0 0 0 0 0 0 0 0 0 1 38 0 0 0 0 0 0 0 0 0 0 0 0 
 172 23 224 160 96 75 102 223 105 154 142 0 27 38 26 111 230 403 57 109 38 0 1 0 0 0 0 76 2 3 5 0 0 3 3 0 0 4 146 0 0 3 0 0 0 0 8 0 2 0 0 0 0 0 0 1 0 2 0 2 0 0 2 0 0 6 0 2 0 2 0 4 0 0 3 1 3 1 5 0 17 0 16 22 10 11 1 5 10 31 10 10 0 13 23 21 10 9 0 0 14 0 0 0 0 0 0 0 0 0 0 2 23 13 0 49 0 0 13 21 10 0 0 0 0 0 0 0 0 0 0 0 0 0 0 0 0 0 0 0 0 0 0 0 0 0 0 0 13 7 0 0 0 0 0 0 0 7 0 0 0 0 0 46 0 3 0 20 21 1 0 12 0 0 9 0 11 33 0 0 0 0 0 0 0 0 23 0 0 0 0 0 3 0 0 0 0 0 0 0 0 0 0 0 0 20 0 0 0 0 2 0 0 0 0 0 0 1 1 0 0 0 0 0 0 0 0 0 0 0 0 0 0 0 0 0 0 1 0 0 0 0 0 0 0 2 1 1 3 86 11 12 2 0 0 0 0 0 0 0 0 0 14 0 0 0 0 0 0 10 0 0 0 0 0 34 6 0 0 0 0 0 0 0 0 0 0 0 0 0 
 673 112 119 63 293 61 373 200 310 163 353 27 0 210 217 74 84 255 295 241 2 0 0 74 0 0 0 0 1 3 2 0 4 0 0 1 8 1 0 2 0 0 0 0 0 0 0 69 0 0 0 0 0 0 0 0 1 2 0 0 0 0 0 0 0 0 0 2 0 2 0 0 0 0 3 0 3 0 3 0 1 14 4 18 15 5 37 25 13 0 12 17 42 35 7 13 8 0 40 35 0 0 0 0 0 0 0 0 0 0 0 0 4 0 0 0 0 0 0 0 0 0 0 0 0 0 0 0 0 0 0 0 0 0 0 0 0 0 0 0 0 0 0 0 0 1 0 2 0 0 0 0 0 0 0 0 0 0 0 0 21 0 29 0 0 2 0 62 16 24 17 16 0 0 0 15 3 0 7 26 0 0 0 0 0 0 0 0 2 0 0 0 1 0 0 0 0 0 0 0 0 0 0 2 14 0 0 0 0 0 0 1 0 0 0 0 0 0 0 0 0 0 0 0 0 0 0 0 0 0 0 0 0 0 0 12 0 0 0 0 0 0 0 0 0 2 2 2 0 0 0 8 0 0 0 0 0 0 0 0 0 0 0 0 0 0 0 0 0 0 0 0 0 0 0 0 0 0 0 0 0 0 0 0 0 0 0 0 0 0 
 115 48 36 179 79 119 125 87 276 73 35 38 210 0 66 97 28 35 217 151 3 0 0 0 10 0 0 0 0 3 0 0 0 0 3 0 5 0 1 0 0 0 61 0 0 0 0 1 0 0 0 0 0 0 0 0 6 2 0 0 0 0 0 0 0 0 0 2 0 2 0 0 0 0 3 0 3 0 3 0 34 11 0 0 9 0 9 0 6 0 11 0 19 17 9 0 0 18 18 13 14 0 0 0 0 0 8 0 0 0 0 0 0 0 0 0 0 0 10 0 0 0 0 0 0 0 0 0 0 0 0 0 0 0 0 0 0 0 0 0 36 0 0 0 0 0 0 0 0 0 0 0 0 3 0 0 0 2 0 0 24 0 8 0 0 16 19 0 26 10 1 0 0 10 0 17 0 0 0 13 0 0 0 0 0 0 0 0 0 0 0 0 0 0 0 0 0 0 3 0 0 0 0 0 0 0 0 0 0 0 0 0 0 23 0 0 0 0 0 0 0 0 0 0 0 0 0 0 0 0 1 0 0 0 0 0 0 0 7 0 0 0 0 0 0 2 0 0 0 1 0 11 0 0 0 0 0 0 0 0 0 0 0 0 0 0 0 0 0 0 0 0 0 0 0 0 6 0 0 0 0 0 0 0 0 0 0 0 0 0 
 108 399 146 210 179 58 27 140 158 175 180 26 217 66 0 537 487 150 63 223 3 1 1 0 0 1 0 0 2 3 0 1 2 0 1 0 1 0 0 74 0 0 0 0 0 0 7 0 0 0 0 0 0 0 0 1 0 2 0 0 0 0 0 0 0 1 0 2 0 2 0 0 0 0 3 0 3 0 3 0 21 22 0 53 10 23 19 14 19 0 12 2 13 10 11 17 37 28 1 60 0 0 0 0 0 0 0 0 0 0 0 0 0 7 0 0 0 0 0 0 9 0 0 1 0 0 0 0 0 0 0 0 2 0 0 0 1 0 0 0 0 0 0 0 0 0 0 0 0 0 0 13 0 0 0 0 0 0 0 0 13 39 41 8 0 2 0 28 21 0 29 0 15 2 34 12 45 14 41 0 0 2 1 0 0 0 0 0 0 0 0 0 11 12 13 0 0 0 0 0 0 0 0 0 0 0 0 0 0 0 0 0 0 0 13 0 0 0 0 0 0 0 0 0 0 0 0 0 0 0 0 0 0 0 14 0 0 0 0 0 0 0 0 0 1 0 0 0 3 89 0 6 0 0 0 0 0 0 0 0 0 0 0 0 0 0 0 0 0 2 0 0 0 0 0 1 1 17 0 0 0 0 0 0 0 0 0 0 0 0 
 132 260 169 379 181 75 201 140 54 423 368 111 74 97 537 0 264 35 343 190 2 0 0 0 0 1 0 0 0 3 0 1 5 0 0 0 0 0 0 36 0 0 0 0 0 0 5 0 0 0 0 0 0 0 0 1 0 2 0 0 0 0 0 0 0 0 27 2 2 2 0 0 0 0 4 0 3 0 3 0 64 20 0 65 25 7 32 14 17 15 14 20 42 24 23 33 24 34 0 10 0 0 0 0 0 0 0 0 0 0 0 0 0 4 0 0 0 0 0 0 0 0 0 0 0 0 0 4 4 0 2 0 0 0 0 0 0 0 0 0 2 0 0 2 0 0 0 0 4 0 0 0 0 0 0 0 0 0 0 2 3 15 17 10 0 0 0 23 39 10 6 0 2 0 31 7 17 4 16 24 0 0 0 0 0 0 0 9 7 0 0 0 14 4 0 0 0 0 0 0 0 0 0 0 24 0 0 0 0 0 5 0 0 0 0 0 0 0 0 0 0 0 1 0 0 0 1 0 0 0 0 0 0 0 0 0 0 11 0 0 0 0 0 0 0 0 0 0 1 46 0 22 0 0 0 0 0 0 0 0 0 0 1 0 0 0 0 0 0 0 0 0 0 0 0 0 0 3 0 0 0 0 0 0 0 0 0 0 0 0 
 40 96 643 244 178 71 108 73 77 370 229 230 84 28 487 264 0 88 146 48 3 0 1 0 0 0 0 0 0 3 5 0 0 0 1 0 0 0 76 75 0 0 0 0 0 0 4 0 0 0 0 0 0 0 11 1 0 2 0 0 0 0 6 0 0 6 0 2 0 2 0 0 0 0 3 0 3 0 3 4 18 10 14 34 3 11 16 11 1 19 11 14 11 37 0 33 15 20 0 2 21 0 0 0 0 0 0 0 0 0 0 0 18 9 0 0 0 0 20 1 11 0 2 1 0 0 0 0 0 0 0 0 2 0 0 0 1 0 0 0 0 0 0 0 0 0 0 0 0 12 0 0 0 0 0 0 0 26 0 0 0 29 0 4 0 3 13 11 19 0 0 0 0 2 17 1 37 21 27 7 0 2 0 0 0 0 0 0 0 0 0 0 18 11 0 0 0 0 0 0 0 0 0 0 0 0 0 0 0 0 0 0 13 0 0 0 0 0 0 0 0 0 0 0 0 0 0 0 0 0 0 0 0 0 0 0 0 0 0 0 0 0 0 0 1 5 1 0 2 0 1 4 0 0 2 0 0 0 0 0 0 0 0 0 0 0 0 0 0 2 0 0 0 0 0 0 2 0 0 0 0 0 0 0 0 0 0 0 0 0 
 40 61 247 248 223 370 20 132 227 145 153 403 255 35 150 35 88 0 31 116 3 0 0 1 0 0 83 0 0 3 0 0 60 0 2 1 0 0 110 2 0 0 0 0 0 0 2 0 0 0 0 0 0 0 0 0 38 2 0 0 0 2 0 0 0 0 0 3 0 2 0 0 0 0 3 0 3 0 3 0 22 0 27 6 2 0 10 8 0 27 12 1 0 0 25 10 0 19 26 11 19 0 2 0 0 0 15 1 0 0 0 0 27 0 20 0 0 0 18 12 2 0 0 0 0 0 0 1 0 0 0 0 0 0 0 0 0 0 0 0 0 0 0 0 0 0 0 0 0 11 0 0 0 0 13 0 0 0 0 0 9 0 3 20 11 0 10 4 33 0 1 0 1 14 0 27 10 0 0 0 0 0 0 0 0 2 34 6 0 0 0 0 0 0 1 0 0 0 3 20 0 0 0 0 1 0 0 2 0 0 0 0 0 0 0 0 0 0 0 2 0 0 0 0 0 0 0 0 0 0 0 0 0 0 0 0 0 0 0 0 0 0 0 0 0 1 90 2 7 89 0 9 0 0 0 0 0 0 0 0 0 0 0 0 0 0 0 0 0 0 0 0 0 49 0 27 24 0 0 0 0 0 0 0 0 0 0 0 0 0 
 235 227 173 131 76 64 171 349 329 320 119 57 295 217 63 343 146 31 0 194 6 0 0 0 5 0 0 0 2 3 0 0 0 0 1 0 0 0 2 0 2 0 63 0 0 0 0 61 0 0 0 0 0 0 0 7 0 2 5 0 1 0 0 0 0 0 0 2 2 2 0 0 0 0 3 0 3 3 3 1 32 11 13 0 0 0 10 34 17 0 17 0 29 8 0 0 28 18 28 7 0 15 0 0 0 0 0 0 0 0 0 13 0 0 0 0 0 0 0 0 2 0 0 0 0 0 0 0 0 0 0 0 0 0 0 0 0 0 0 0 0 0 0 0 0 0 6 0 0 0 0 0 0 0 0 0 0 0 0 18 15 38 41 0 0 0 14 18 6 18 20 10 0 0 3 5 0 0 0 18 0 0 0 1 0 0 0 0 0 0 0 0 0 0 0 0 0 0 0 0 0 0 0 2 0 0 0 0 0 0 0 0 0 0 0 0 0 0 0 0 0 0 0 0 0 0 0 0 0 0 0 0 0 5 0 0 0 0 13 0 0 0 0 0 0 4 1 0 2 91 1 18 0 0 0 0 0 0 0 0 0 0 0 0 0 0 0 0 0 0 0 0 0 0 0 0 0 0 0 0 0 0 0 0 0 0 0 0 0 0 
 231 28 339 268 302 56 440 380 260 234 104 109 241 151 223 190 48 116 194 0 3 2 0 1 0 0 0 2 0 3 0 0 0 3 2 0 0 0 0 2 0 3 0 3 0 0 12 0 0 0 0 0 0 3 0 2 0 4 0 0 24 0 0 0 0 0 0 2 0 2 2 0 0 0 3 0 3 0 3 0 60 0 0 27 4 10 0 29 0 0 13 0 9 0 0 12 0 27 12 19 0 0 0 0 0 0 0 0 0 0 0 0 0 0 0 0 0 0 0 0 0 0 0 0 0 0 0 0 0 0 0 0 21 0 0 0 0 0 0 0 0 0 0 0 0 0 0 0 0 0 0 0 0 0 0 0 2 0 0 0 38 20 21 0 14 0 11 27 11 2 19 0 14 10 17 24 39 0 0 13 0 0 0 0 0 0 0 0 0 0 0 16 12 0 0 0 0 0 13 0 0 0 0 0 0 0 0 0 21 0 0 0 0 0 0 0 0 2 2 0 0 0 0 0 0 0 0 0 0 0 0 0 0 0 0 2 0 0 0 1 0 0 0 0 0 0 0 1 3 1 0 2 0 0 0 0 0 0 0 0 0 0 34 0 0 0 0 0 0 0 0 0 0 2 0 0 10 12 0 0 0 0 0 4 0 0 0 0 0 0 
 77 3 2 2 3 2 2 3 3 77 4 38 2 3 3 2 3 3 6 3 0 377 144 105 50 45 299 125 129 337 283 256 73 190 211 73 121 116 68 225 0 55 2 2 0 0 2 0 0 3 0 3 0 0 0 0 0 0 5 5 0 0 0 3 0 0 0 0 3 1 3 0 2 0 5 0 3 0 0 0 0 0 13 0 21 0 0 0 0 9 0 27 0 0 1 0 0 0 0 0 0 14 12 16 8 0 2 33 4 33 12 11 0 51 38 36 10 13 21 14 0 0 0 21 0 0 0 0 0 0 0 0 9 0 0 0 0 2 14 0 0 0 0 0 0 0 0 0 0 0 12 0 0 31 0 0 0 0 0 0 0 0 0 1 0 19 0 0 0 1 12 3 0 0 0 0 0 1 0 0 13 3 1 0 0 17 31 18 36 0 27 31 22 20 0 16 67 0 34 14 0 0 0 0 0 0 0 0 1 0 0 0 0 0 0 0 0 0 0 22 0 0 0 0 0 0 0 0 0 0 0 10 0 0 0 0 0 0 0 0 0 0 0 0 0 0 0 0 0 0 12 0 0 0 0 2 2 0 78 0 9 0 0 0 0 0 0 0 0 0 0 0 0 0 0 0 0 0 0 0 0 22 0 1 0 0 0 0 0 0 
 0 0 1 0 73 92 0 0 0 0 0 0 0 0 1 0 0 0 0 2 377 0 93 130 254 38 105 326 336 129 28 124 624 367 219 128 116 194 41 50 0 0 2 2 0 0 3 0 0 2 0 3 0 0 0 0 0 0 3 8 40 0 0 3 0 0 0 0 3 0 0 0 2 0 0 0 3 0 0 0 1 0 0 0 26 0 0 0 0 0 0 0 0 0 0 0 0 0 0 0 11 40 15 16 12 0 31 42 7 11 25 1 0 19 1 39 0 14 2 0 0 0 0 23 0 0 0 0 0 0 0 0 2 0 0 0 0 1 0 1 0 0 0 0 0 0 0 0 4 0 3 0 0 0 3 0 0 0 0 0 0 0 0 0 27 13 0 0 0 0 0 0 0 0 0 5 0 0 0 0 75 7 34 20 8 10 1 8 24 16 42 30 18 0 40 12 47 0 20 10 0 0 0 0 0 0 0 0 1 0 0 0 0 0 31 0 0 0 12 22 0 0 0 0 0 0 0 0 0 0 0 0 0 0 17 0 0 0 0 0 0 0 0 0 0 0 0 0 0 0 0 0 0 0 9 2 0 0 80 0 1 0 0 0 0 0 11 0 0 0 0 0 0 0 0 0 0 0 0 0 0 10 0 1 0 0 0 0 0 0 
 0 0 0 0 78 78 0 0 0 0 0 1 0 0 1 0 1 0 0 0 144 93 0 159 54 111 102 114 246 80 112 120 81 189 153 275 105 123 37 122 63 64 3 2 21 0 64 0 0 3 0 3 61 0 0 2 0 0 57 0 0 0 52 3 0 0 0 0 3 2 0 0 3 0 0 0 3 0 3 1 0 0 0 2 0 39 0 0 0 0 0 0 0 0 0 0 0 0 6 0 0 0 30 0 12 0 0 15 0 2 26 27 0 10 11 9 25 12 0 0 0 0 0 0 0 0 0 0 0 3 1 0 2 25 0 0 0 20 0 14 0 0 0 0 0 34 0 0 0 0 0 0 23 0 0 0 0 0 2 0 0 1 0 0 0 0 2 0 0 0 0 0 0 0 0 0 0 0 0 0 0 10 3 0 19 16 0 20 19 0 32 11 10 9 0 18 7 25 15 0 0 8 10 0 0 0 13 15 12 0 0 0 20 0 1 18 38 0 32 1 0 0 0 1 0 0 0 0 0 0 0 0 0 0 0 10 0 0 0 0 0 0 0 0 0 0 0 0 0 0 0 0 0 0 12 0 2 156 2 0 37 0 0 0 0 0 0 0 0 0 0 0 0 0 0 0 0 2 0 0 0 0 0 0 0 21 2 0 0 0 
 4 1 0 0 0 0 73 0 0 0 0 0 74 0 0 0 0 1 0 1 105 130 159 0 237 122 114 165 88 212 53 278 49 442 105 385 217 210 64 172 0 0 2 2 0 0 2 1 0 3 0 3 6 0 0 1 1 0 66 71 28 1 5 3 2 0 0 0 7 2 0 0 3 0 0 0 3 0 0 2 0 0 0 0 0 0 0 0 0 0 0 0 0 0 0 0 0 0 0 0 8 17 0 26 14 14 0 9 10 31 1 0 0 0 26 17 27 29 0 41 0 0 0 0 0 0 13 25 0 0 0 0 17 10 0 0 0 22 9 0 0 0 19 0 0 4 0 0 0 0 0 0 0 12 0 0 0 0 0 0 0 0 0 0 2 0 0 0 0 0 0 0 0 0 0 4 0 0 0 0 19 0 16 34 10 15 0 0 0 0 25 37 0 5 0 25 0 10 0 0 10 24 0 0 0 0 17 15 0 0 0 0 22 14 14 9 3 0 4 13 0 0 0 0 0 0 0 0 0 0 0 0 0 0 0 20 0 0 0 0 0 0 0 0 0 0 0 0 0 0 0 65 0 0 4 0 0 158 0 0 0 0 0 0 0 0 0 0 0 0 0 0 0 0 11 0 0 0 0 0 0 24 0 3 0 0 0 0 0 0 
 0 0 2 5 2 0 0 0 3 77 0 0 0 10 0 0 0 0 5 0 50 254 54 237 0 186 139 76 219 80 226 30 70 132 325 107 151 59 75 112 0 87 6 26 0 0 83 2 0 2 0 3 66 0 61 7 58 3 5 2 0 1 3 3 0 3 0 2 12 2 0 0 9 0 0 0 3 0 0 0 0 0 0 1 0 0 0 0 0 0 0 0 0 0 0 0 0 0 0 0 5 0 11 28 38 9 0 0 1 1 16 19 2 0 11 0 34 6 0 11 2 0 0 1 0 0 0 0 0 0 0 1 13 85 0 0 0 11 20 22 0 0 0 0 0 1 0 0 0 0 0 0 0 0 0 0 2 0 0 0 0 0 0 0 0 0 0 0 0 0 0 0 0 0 0 0 0 0 0 0 0 0 1 12 8 1 0 0 0 1 0 16 0 0 0 19 0 58 2 0 1 17 0 0 0 0 22 55 35 0 13 10 12 33 13 7 0 60 2 18 0 0 0 0 0 0 0 0 0 0 11 29 0 2 0 0 0 0 10 0 0 0 0 0 0 1 0 0 0 0 0 0 0 0 5 2 0 4 2 1 8 19 0 1 2 0 0 0 0 0 0 0 0 0 0 0 0 1 0 0 0 0 0 0 0 0 0 0 0 0 
 0 0 0 6 2 0 0 0 0 0 0 0 0 0 1 1 0 0 0 0 45 38 111 122 186 0 441 120 299 346 470 61 40 222 232 335 299 126 266 62 0 64 2 3 0 0 7 0 2 2 0 3 1 0 64 1 60 0 3 1 1 0 38 3 0 0 0 0 10 0 0 0 2 0 0 0 3 0 0 1 0 0 0 0 0 0 0 0 0 13 0 0 0 0 0 0 0 0 2 0 3 1 20 8 18 12 0 0 1 1 60 37 0 6 23 0 1 7 0 10 8 0 20 0 0 0 0 24 0 6 13 13 1 19 0 11 0 23 10 48 0 0 2 10 0 0 0 0 0 0 0 0 0 0 0 0 0 0 0 0 0 0 0 0 0 0 0 0 0 0 0 0 0 2 16 2 0 0 0 1 16 0 1 27 0 17 0 0 0 1 0 0 0 0 13 15 0 15 0 2 0 12 14 0 1 0 0 20 22 0 19 30 21 27 0 0 0 40 0 0 0 2 0 0 0 0 0 0 0 0 0 21 0 0 0 0 0 0 0 0 0 0 0 0 0 0 0 0 0 0 0 0 0 0 10 0 0 2 5 0 5 12 0 0 0 0 0 0 0 0 0 0 0 0 0 0 0 0 0 9 0 0 10 0 12 12 0 0 0 0 
 0 2 28 2 73 67 0 0 0 24 0 0 0 0 0 0 0 83 0 0 299 105 102 114 139 441 0 261 120 187 24 29 185 327 166 133 109 124 77 53 0 3 2 5 0 0 2 7 1 3 0 3 0 0 19 4 0 1 3 0 0 0 54 3 0 0 0 0 8 2 2 31 3 0 0 0 3 0 0 1 0 0 23 0 12 0 0 0 0 10 0 13 0 0 0 2 0 0 0 0 9 6 16 0 12 9 11 0 10 0 13 9 4 14 17 15 20 0 1 24 0 0 0 0 0 0 0 0 0 0 0 0 0 0 0 0 0 0 9 0 0 0 0 0 0 0 0 0 5 0 3 0 0 0 3 0 0 0 0 0 0 0 0 37 0 0 0 0 1 27 0 22 0 0 0 0 0 16 0 0 14 10 19 15 11 0 19 25 29 17 35 42 0 7 20 19 0 12 0 8 0 0 0 0 0 0 0 0 0 0 0 0 0 25 0 0 0 13 0 13 0 0 0 0 0 0 0 0 11 0 0 0 0 0 0 0 0 0 0 0 0 9 0 0 0 0 0 0 0 0 0 0 0 0 4 2 1 0 0 0 0 0 0 0 0 0 0 0 0 0 0 0 0 0 0 0 12 0 0 0 0 11 0 3 0 31 0 6 0 2 
 0 0 0 0 3 1 0 0 1 0 0 76 0 0 0 0 0 0 0 2 125 326 114 165 76 120 261 0 532 117 114 111 133 221 114 113 107 97 237 264 0 1 2 2 0 0 3 0 0 2 0 3 0 0 0 2 0 0 4 4 0 1 0 3 25 0 0 0 4 0 0 0 2 0 0 0 3 0 0 0 0 0 0 0 0 13 0 0 0 1 0 0 0 0 0 0 0 0 0 0 0 31 1 0 20 8 64 0 35 1 67 1 50 17 15 52 14 15 0 17 0 0 0 0 0 0 12 15 0 0 0 0 0 0 0 0 0 0 10 24 0 0 0 0 0 0 0 0 2 0 0 0 0 0 1 0 0 0 0 0 0 2 0 11 19 1 0 0 0 0 0 12 0 0 0 6 0 0 0 0 70 0 48 12 14 0 19 7 11 29 2 0 15 12 8 32 2 0 0 0 0 0 0 0 0 0 0 0 0 0 0 0 0 1 3 0 0 0 14 6 0 0 0 0 0 2 0 0 1 1 0 0 0 0 0 0 0 0 0 0 0 0 0 0 0 0 0 0 0 0 9 0 0 0 19 0 1 0 1 1 0 29 0 0 0 0 1 0 0 0 0 0 0 0 0 0 0 0 0 0 0 13 0 0 0 0 0 0 0 0 
 0 0 0 1 0 154 0 0 1 0 3 2 1 0 2 0 0 0 2 0 129 336 246 88 219 299 120 532 0 326 86 116 380 224 274 69 76 593 81 281 0 8 2 2 0 0 8 0 0 2 0 3 0 0 1 0 0 0 3 4 0 0 0 7 0 1 0 0 3 0 0 0 2 4 0 0 3 0 0 0 0 0 0 0 29 0 0 0 0 0 0 0 0 0 1 0 0 0 0 0 25 39 16 19 16 0 37 28 4 9 36 21 0 0 4 10 11 35 0 0 0 0 0 25 0 0 1 0 0 0 0 0 0 0 0 0 2 0 0 19 0 0 42 0 0 0 0 0 0 0 8 0 0 0 1 0 0 0 0 0 0 0 0 0 4 0 0 0 0 0 0 0 0 0 0 5 0 0 0 0 41 21 39 29 0 0 0 16 38 12 12 16 15 2 40 34 34 28 18 20 0 2 0 0 0 0 0 0 4 0 0 0 0 0 10 2 0 0 10 10 0 0 0 0 0 0 0 1 6 0 0 0 0 0 0 1 0 2 0 0 0 0 0 0 0 0 0 0 0 0 0 0 0 0 3 0 2 0 82 0 3 11 0 0 0 0 11 0 0 0 0 0 0 0 0 0 0 0 0 0 0 0 0 0 0 0 0 0 0 0 
 4 3 3 5 78 28 3 3 5 3 5 3 3 3 3 3 3 3 3 3 337 129 80 212 80 346 187 117 326 0 148 113 131 133 455 249 86 100 164 222 0 3 2 2 0 0 6 0 2 2 0 3 0 2 0 4 0 0 4 0 0 1 3 3 0 3 2 0 4 30 0 0 2 0 0 0 3 0 0 0 0 0 0 0 0 0 0 0 0 0 0 0 0 2 0 0 0 0 0 0 12 42 1 0 37 27 21 7 29 73 22 5 13 0 52 51 0 31 18 55 0 0 0 0 0 1 2 38 0 0 0 0 13 0 0 0 0 0 13 1 0 0 0 0 0 0 0 0 2 0 0 0 0 0 1 0 0 0 0 0 0 0 0 0 1 12 0 0 0 0 0 0 0 0 0 8 2 0 0 0 36 6 9 16 13 21 0 19 15 29 57 5 4 19 31 15 28 5 0 5 0 0 0 0 0 0 0 0 0 0 0 10 0 1 0 1 0 0 20 0 0 0 0 0 0 0 0 0 0 0 0 0 0 0 0 0 0 0 0 0 0 0 0 0 0 0 0 0 0 0 0 0 0 0 8 0 0 0 0 2 3 13 0 0 0 1 0 0 0 0 0 0 0 0 0 0 0 0 0 0 0 31 0 0 0 0 0 0 0 0 
 2 0 0 6 0 0 0 1 0 2 2 5 2 0 0 0 5 0 0 0 283 28 112 53 226 470 24 114 86 148 0 209 78 429 114 251 480 211 113 182 23 91 2 2 2 0 3 0 3 4 0 6 56 126 4 1 0 1 3 27 0 2 59 3 3 0 0 0 5 0 0 0 5 0 5 0 3 0 0 5 0 0 0 0 0 0 0 8 0 0 0 0 0 0 0 0 0 0 0 0 7 29 12 18 11 0 0 13 12 13 28 9 0 16 30 0 19 19 0 0 0 0 0 0 0 0 0 0 0 0 0 0 1 19 0 10 0 25 8 15 0 0 0 0 0 0 0 0 1 0 3 0 20 0 0 0 0 0 0 0 0 0 0 2 0 0 0 0 0 0 0 0 0 0 0 0 0 0 0 25 0 0 23 11 30 1 0 8 10 0 40 38 44 10 0 32 19 10 0 23 0 0 0 0 0 0 0 0 0 0 0 0 0 23 16 7 1 0 0 46 0 0 0 0 2 0 0 0 0 0 0 0 0 0 0 0 0 0 0 0 0 0 0 0 0 1 0 0 0 0 0 0 0 0 0 5 1 147 0 3 1 0 0 0 0 0 0 0 0 0 0 0 0 0 0 0 0 0 0 12 0 0 0 0 0 14 0 0 0 0 
 76 0 0 0 2 0 0 0 0 0 0 0 0 0 1 1 0 0 0 0 256 124 120 278 30 61 29 111 116 113 209 0 35 134 39 302 248 272 29 54 1 63 2 4 0 0 3 0 0 2 0 5 3 0 0 64 3 0 182 97 0 2 8 3 0 0 0 0 5 9 0 2 2 2 0 50 3 0 1 1 0 2 0 0 0 0 0 0 0 0 8 0 0 0 0 0 0 0 0 0 0 0 0 10 0 11 0 0 20 14 34 8 0 0 1 0 12 14 0 12 10 17 0 0 2 0 27 25 0 0 1 0 31 35 14 0 7 22 22 35 0 0 2 0 0 1 1 0 0 0 0 0 0 0 0 0 0 0 0 0 0 0 0 0 1 0 0 0 2 0 0 2 0 0 0 3 0 0 1 2 14 0 18 10 37 18 0 0 0 8 37 6 0 1 0 48 0 16 0 0 42 19 0 26 0 0 11 32 0 12 0 0 40 11 41 0 16 0 26 11 0 2 0 0 0 0 0 0 0 0 0 2 0 0 0 0 0 0 0 0 0 0 0 0 0 0 0 0 0 0 0 0 0 0 8 2 1 78 3 0 3 0 0 0 0 66 0 0 0 0 0 0 0 0 0 0 2 0 0 0 0 0 0 0 0 0 0 0 0 0 
 0 0 74 0 91 193 0 0 0 74 0 0 4 0 2 5 0 60 0 0 73 624 81 49 70 40 185 133 380 131 78 35 0 60 34 26 254 27 434 221 0 57 2 3 0 0 6 0 0 2 0 3 0 0 0 202 0 0 6 1 0 0 0 3 0 0 0 0 3 0 0 0 2 0 0 2 55 2 0 0 0 0 10 0 41 20 0 0 0 28 0 0 0 0 0 36 0 0 0 0 31 47 10 4 0 0 56 35 9 29 0 1 38 33 16 2 0 0 14 20 0 0 0 0 0 0 0 0 0 0 0 0 0 2 0 0 0 0 13 8 0 0 0 0 0 0 0 0 1 0 6 0 0 0 0 0 0 0 0 0 0 0 0 0 14 26 0 0 2 7 0 10 0 0 0 0 0 14 0 0 28 53 0 0 2 0 12 30 37 10 27 13 17 38 26 15 54 25 6 135 0 0 0 0 0 1 0 0 0 0 0 0 0 0 0 0 0 0 0 21 0 0 0 0 0 0 0 0 0 0 0 0 5 0 0 0 0 0 0 0 0 1 0 0 0 1 60 0 0 0 0 0 0 0 19 0 0 0 0 4 4 0 0 0 0 0 24 0 0 0 0 0 0 0 0 0 6 0 0 0 0 1 0 0 0 0 0 0 0 0 
 0 2 207 0 76 1 0 0 0 0 0 3 0 0 0 0 0 0 0 3 190 367 189 442 132 222 327 221 224 133 429 134 60 0 325 350 259 115 89 154 2 1 66 2 0 0 3 2 0 2 0 5 0 0 0 2 0 0 3 4 0 0 42 3 0 2 0 0 7 0 0 1 2 1 0 0 3 0 0 1 0 0 0 0 0 9 1 0 0 0 0 0 0 0 0 0 0 0 0 0 8 0 32 7 18 6 0 38 0 1 115 45 0 15 58 18 32 10 0 10 0 0 0 0 0 0 0 0 0 0 0 0 23 8 0 0 0 0 7 1 0 0 0 0 0 0 0 0 6 0 2 0 0 0 3 0 0 0 0 0 0 0 0 0 0 0 0 0 0 0 0 0 0 0 0 0 0 0 0 2 29 10 24 29 20 8 2 25 0 9 13 8 7 10 19 26 13 25 2 0 0 0 22 0 0 0 0 0 16 0 0 0 0 8 11 0 0 0 0 8 0 0 0 0 0 0 0 0 0 0 0 0 0 0 0 0 0 0 0 0 0 0 0 0 0 0 0 0 0 0 0 0 0 2 16 0 1 3 1 2 73 17 2 0 0 0 1 0 0 0 0 0 0 0 0 0 0 0 0 9 0 15 0 0 0 17 0 0 0 0 
 1 1 0 3 5 75 0 1 0 1 1 3 0 3 1 0 1 2 1 2 211 219 153 105 325 232 166 114 274 455 114 39 34 325 0 315 332 84 81 366 0 1 5 5 1 0 2 0 0 3 2 4 0 0 0 0 0 0 3 3 0 0 38 3 0 0 0 0 3 1 0 0 2 0 7 0 18 0 0 2 0 0 0 0 18 41 2 0 0 1 0 19 0 0 0 0 0 0 0 0 0 0 26 27 31 0 39 57 0 26 42 31 0 14 55 68 8 4 37 33 0 0 0 19 0 2 0 0 0 0 0 0 10 1 0 0 0 0 0 0 0 0 0 0 0 0 0 0 6 0 3 2 0 0 3 0 0 0 0 0 0 0 0 0 0 18 0 0 6 0 0 0 0 0 0 0 0 0 0 0 22 9 21 42 20 0 15 1 13 27 6 35 16 10 42 0 56 0 30 9 0 0 0 0 0 0 0 0 0 0 0 0 0 0 1 0 1 0 0 4 0 0 0 0 0 0 0 0 0 0 0 0 0 0 0 0 0 0 0 0 0 0 0 0 0 0 0 0 0 0 0 74 0 0 10 3 0 75 78 4 49 18 0 0 0 0 0 0 0 0 0 0 0 0 0 0 0 0 0 5 0 36 0 0 0 21 0 0 0 0 
 1 0 1 0 2 0 0 1 0 0 0 0 1 0 0 0 0 1 0 0 73 128 275 385 107 335 133 113 69 249 251 302 26 350 315 0 145 213 46 78 0 2 2 2 0 0 2 0 2 3 0 3 0 0 0 0 0 1 67 16 3 2 40 3 0 0 0 0 3 2 0 2 2 3 0 0 3 2 0 1 0 0 0 0 0 0 0 0 0 0 0 0 0 0 1 0 0 0 0 0 0 0 26 48 13 0 0 29 1 26 36 20 0 27 50 32 18 7 0 16 0 0 0 0 0 0 0 0 0 0 0 0 20 15 0 0 2 0 0 0 0 0 0 0 0 0 0 0 30 0 5 0 2 0 4 0 0 0 0 0 0 0 0 1 0 0 0 0 0 0 0 0 0 0 0 0 0 0 0 0 33 0 1 27 40 12 0 0 27 9 45 70 20 11 12 15 25 14 13 0 0 0 0 0 0 0 0 7 0 0 0 0 0 0 0 0 0 0 0 27 0 0 0 0 1 0 0 2 0 0 0 0 0 0 0 0 0 2 1 0 0 0 0 0 0 0 0 0 0 0 0 0 0 0 6 0 1 42 79 0 30 0 0 0 0 0 0 0 0 0 0 0 0 0 0 0 0 0 0 9 0 49 0 0 0 12 0 0 0 0 
 2 0 0 6 10 0 0 1 0 20 0 0 8 5 1 0 0 0 0 0 121 116 105 217 151 299 109 107 76 86 480 248 254 259 332 145 0 174 122 40 0 1 2 2 0 1 19 1 0 2 0 3 30 61 1 2 3 0 23 4 0 0 0 3 0 0 0 0 4 0 0 32 2 0 0 0 3 1 0 0 0 0 0 0 0 0 0 0 0 0 0 0 0 0 2 0 0 0 0 0 0 31 13 2 54 23 0 0 22 31 34 15 7 0 24 0 26 39 0 7 0 0 0 0 0 0 1 1 0 0 0 0 8 8 0 10 0 0 52 1 0 0 0 0 0 0 0 0 0 0 0 0 0 0 2 0 0 0 0 0 0 0 0 2 1 0 0 0 0 0 0 0 0 0 0 0 0 0 0 0 28 0 27 1 8 15 0 10 15 19 35 1 0 0 1 26 0 0 0 0 0 0 0 0 0 0 1 0 0 0 0 0 0 7 21 7 0 0 0 20 0 0 0 0 2 0 0 0 0 0 0 0 0 0 0 0 0 0 0 0 0 0 0 0 0 0 0 0 0 0 0 0 0 0 5 0 0 8 1 1 4 0 0 0 2 0 0 0 0 0 0 0 0 0 0 0 0 0 0 7 0 0 0 0 0 0 0 0 0 0 
 1 4 1 0 0 73 2 1 1 1 0 4 1 0 0 0 0 0 0 0 116 194 123 210 59 126 124 97 593 100 211 272 27 115 84 213 174 0 254 204 64 11 3 2 0 0 7 2 2 3 0 3 81 54 0 2 0 0 132 88 0 2 8 7 0 0 0 0 3 1 1 3 2 5 0 1 6 1 4 0 0 0 0 0 0 0 0 0 0 0 0 0 0 0 0 0 0 0 0 0 12 6 1 28 7 0 23 0 9 19 32 7 0 0 0 7 2 0 0 0 0 0 0 0 0 0 0 0 0 0 0 0 11 9 0 10 0 0 33 3 0 0 0 0 0 0 0 0 2 0 0 0 1 0 1 0 0 0 0 0 0 0 0 1 0 0 0 0 0 0 14 0 0 0 0 0 0 0 0 0 26 13 9 32 23 17 0 7 12 23 36 12 0 0 22 35 13 31 0 13 0 0 18 0 0 0 0 7 0 0 0 0 1 14 44 11 8 0 0 48 0 0 0 0 0 0 0 0 0 0 0 0 0 0 0 0 0 0 2 0 0 0 0 0 0 0 0 0 0 0 0 0 0 0 15 1 3 45 0 0 1 20 0 0 0 0 0 0 0 0 0 0 0 0 0 0 0 0 0 0 0 13 0 0 0 0 0 0 0 0 
 0 76 69 74 219 92 2 0 1 2 0 146 0 1 0 0 76 110 2 0 68 41 37 64 75 266 77 237 81 164 113 29 434 89 81 46 122 254 0 156 4 0 2 2 0 0 3 1 0 2 0 3 0 0 0 2 1 0 3 0 2 0 0 3 0 0 0 0 7 0 0 0 2 0 0 36 3 4 0 2 7 0 23 13 24 11 0 0 0 54 2 0 0 0 0 26 0 2 0 0 8 13 0 8 0 1 9 0 7 0 31 0 30 17 0 24 0 0 8 13 0 0 0 0 0 0 0 0 0 2 0 0 0 0 0 0 0 1 0 0 1 0 0 0 1 1 0 0 0 5 0 0 0 0 0 0 0 0 8 0 0 0 0 23 10 16 0 0 1 9 0 13 0 0 9 1 0 14 0 0 22 8 7 0 0 0 23 63 15 7 1 0 8 20 0 0 0 0 0 1 0 0 0 0 0 0 0 0 0 2 0 0 2 0 0 0 0 0 0 2 0 0 0 0 0 0 0 0 0 0 0 0 0 0 0 0 0 0 0 0 0 8 0 0 0 0 75 0 0 0 0 0 0 0 0 0 1 0 0 1 1 1 0 0 0 0 18 0 0 0 0 0 0 0 0 37 12 0 0 0 0 0 0 0 0 0 0 0 0 2 
 2 118 0 41 196 92 0 2 0 2 0 0 2 0 74 36 75 2 0 2 225 50 122 172 112 62 53 264 281 222 182 54 221 154 366 78 40 204 156 0 0 65 2 2 0 0 2 0 0 3 0 3 0 0 0 0 0 0 3 0 0 0 0 3 0 0 0 0 3 0 0 0 2 0 1 0 3 0 0 0 0 14 2 48 1 23 0 0 10 13 0 2 0 0 0 0 10 19 0 0 11 26 19 15 0 0 8 30 23 44 11 0 0 16 23 14 10 0 8 24 0 0 0 0 0 0 0 0 0 0 9 0 10 0 0 0 0 0 15 0 0 0 0 10 0 0 0 0 0 0 0 0 2 0 1 0 0 0 0 0 0 0 0 10 10 15 0 0 0 0 13 0 12 0 0 0 0 31 0 4 12 46 0 29 0 0 3 29 1 28 0 11 12 18 74 14 23 13 10 23 0 0 0 0 0 0 0 0 0 0 0 0 0 0 0 0 0 0 0 0 0 0 0 0 0 0 0 0 0 0 0 0 0 0 0 0 0 0 1 0 0 0 13 0 0 0 0 0 0 0 0 0 0 0 5 3 2 0 1 4 2 0 0 0 0 0 0 0 0 0 0 0 0 0 0 0 0 0 0 0 0 12 0 0 0 0 0 0 0 0 
 0 0 0 2 0 2 0 0 0 0 0 0 0 0 0 0 0 0 2 0 0 0 63 0 0 0 0 0 0 0 23 1 0 2 0 0 0 64 4 0 0 143 170 171 137 61 141 53 136 41 29 100 163 162 131 312 97 92 46 104 0 0 0 0 0 0 0 0 0 0 0 0 4 0 0 0 4 6 0 1 0 0 0 0 0 1 0 0 0 0 0 0 0 0 0 0 0 0 0 0 0 0 0 0 0 0 0 0 1 1 0 0 0 0 0 0 0 1 0 0 0 0 27 0 21 26 0 1 30 22 0 6 1 10 1 22 0 10 0 9 0 0 0 0 12 0 0 0 0 0 0 0 9 0 0 0 0 0 14 1 0 0 0 0 0 0 0 0 0 11 0 0 0 0 20 0 0 0 0 0 0 0 0 0 9 1 0 0 0 0 0 0 16 25 0 0 0 0 0 0 0 8 22 10 0 0 0 0 6 9 0 1 6 10 9 16 0 40 10 22 1 0 0 0 9 0 0 0 0 0 6 0 7 0 0 0 0 0 0 20 0 0 0 0 0 0 0 0 0 0 0 2 0 0 0 0 0 0 0 0 0 0 64 0 67 3 0 0 0 0 0 0 0 0 0 3 0 0 0 0 0 0 0 0 0 0 0 0 0 0 
 0 0 11 0 0 0 0 0 0 0 0 3 0 0 0 0 0 0 0 3 55 0 64 0 87 64 3 1 8 3 91 63 57 1 1 2 1 11 0 65 143 0 223 63 32 37 89 177 54 110 41 38 166 42 128 119 107 153 36 413 0 2 0 0 0 0 2 4 0 0 0 0 8 3 0 4 1 2 4 7 0 0 0 0 0 0 0 0 0 0 0 0 0 0 0 0 0 0 0 0 0 13 0 8 13 0 0 11 12 10 0 0 1 10 17 0 44 7 0 0 13 14 0 7 13 0 0 0 1 0 16 0 0 18 2 20 18 10 8 24 0 0 0 0 0 0 0 0 1 0 3 0 0 0 0 0 0 0 0 16 0 0 0 0 0 0 0 8 0 0 0 0 0 0 0 0 0 0 0 0 0 0 0 0 1 9 0 6 10 0 16 24 16 12 0 11 10 0 0 13 13 36 0 19 1 0 18 33 14 0 11 3 10 1 14 30 0 8 4 22 0 0 0 0 0 0 0 0 0 0 27 0 0 0 0 0 0 0 0 19 0 0 0 0 0 0 0 0 0 0 0 19 0 2 0 0 0 0 0 2 0 0 0 0 1 0 0 64 0 0 0 0 0 0 0 0 0 0 0 0 0 0 0 0 0 0 0 19 1 0 
 0 0 0 0 3 0 0 0 0 0 0 0 0 61 0 0 0 0 63 0 2 2 3 2 6 2 2 2 2 2 2 2 2 66 5 2 2 3 2 2 170 223 0 178 35 114 303 193 259 63 97 307 50 48 289 297 106 203 253 58 0 2 0 0 0 0 0 0 0 0 0 0 0 0 0 0 1 1 0 1 0 0 0 0 0 0 0 0 0 0 0 0 0 0 0 0 0 0 0 0 0 3 0 0 0 0 0 0 0 0 0 13 0 0 0 0 0 0 0 0 45 10 30 2 15 10 0 9 8 9 12 10 9 1 16 19 20 10 0 1 0 0 0 0 0 0 1 0 0 0 0 0 30 25 0 27 0 0 15 15 0 0 0 0 0 10 0 0 0 0 0 0 0 0 0 0 0 0 8 0 0 20 0 0 0 0 0 0 0 0 0 0 0 0 0 0 0 0 0 0 0 0 30 0 12 0 0 1 0 8 1 12 1 0 0 0 10 50 0 0 0 0 0 0 0 0 3 0 0 0 0 0 0 0 0 0 0 0 13 8 0 0 0 0 0 0 0 0 0 0 0 20 0 2 0 0 0 0 0 0 0 0 8 0 67 3 4 37 2 0 0 0 0 0 0 0 0 0 0 0 0 0 0 0 1 0 0 0 1 0 
 0 0 0 3 0 0 0 0 0 0 0 0 0 0 0 0 0 0 0 3 2 2 2 2 26 3 5 2 2 2 2 4 3 2 5 2 2 2 2 2 171 63 178 0 199 206 292 221 83 92 389 115 75 386 276 62 130 41 102 62 2 0 0 0 2 0 25 0 0 0 0 2 28 4 0 0 0 0 50 3 0 0 0 0 0 0 0 0 0 0 0 0 0 0 0 0 0 0 0 0 0 18 0 0 0 0 0 0 0 0 0 8 4 0 0 0 0 0 0 0 0 0 28 6 39 14 2 11 36 6 12 21 1 26 10 20 0 11 0 0 30 0 9 9 0 0 0 14 15 0 0 0 4 0 0 16 0 0 12 4 0 0 0 3 0 0 0 0 0 0 0 5 0 7 0 0 0 0 0 12 0 0 0 0 0 0 0 0 0 0 0 0 0 0 0 0 0 0 0 0 0 1 17 2 0 22 3 1 16 0 0 9 0 0 0 1 15 37 0 0 30 0 10 14 0 0 0 1 0 0 0 0 0 22 10 8 0 0 14 10 0 0 0 0 0 0 0 0 0 0 0 13 0 0 1 0 0 0 0 0 0 0 4 2 4 0 0 2 0 0 0 0 0 0 0 0 0 0 0 0 0 0 5 0 20 24 0 0 0 0 
 0 0 0 0 0 0 0 0 0 0 0 0 0 0 0 0 0 0 0 0 0 0 21 0 0 0 0 0 0 0 2 0 0 0 1 0 0 0 0 0 137 32 35 199 0 131 270 141 158 323 71 188 67 264 368 148 49 111 93 84 35 0 0 0 12 5 12 0 5 0 0 0 95 4 0 0 3 0 7 0 0 0 0 0 0 0 0 0 0 0 0 0 0 0 0 0 0 0 4 0 0 0 0 0 0 0 19 0 0 0 0 0 0 0 0 0 0 0 0 0 0 4 8 7 0 72 0 7 2 60 0 22 0 0 0 0 0 0 0 0 19 11 5 2 0 0 0 0 19 6 0 8 53 1 7 17 0 0 17 5 0 0 0 0 0 0 0 0 0 0 0 7 0 5 0 0 0 0 0 0 0 0 0 0 0 0 0 0 0 0 0 0 0 0 0 0 0 0 0 0 0 0 0 13 51 0 0 0 11 0 1 7 0 0 0 0 0 7 0 0 11 0 0 0 6 0 17 24 0 6 0 0 3 18 11 52 1 0 15 15 0 0 0 0 0 0 0 0 0 0 0 14 0 0 0 0 0 0 0 1 0 0 2 0 2 1 3 0 1 1 4 0 0 0 0 1 0 0 0 0 0 0 0 0 0 0 0 0 0 0 
 0 0 0 0 0 0 0 0 0 0 0 0 0 0 0 0 0 0 0 0 0 0 0 0 0 0 0 0 0 0 0 0 0 0 0 0 1 0 0 0 61 37 114 206 131 0 94 245 62 63 55 127 32 29 91 209 121 281 67 285 4 0 0 0 5 0 102 16 0 0 0 0 50 32 0 51 0 51 21 52 0 0 0 0 0 0 0 0 22 0 0 0 0 0 0 0 0 0 0 0 0 0 0 0 0 0 0 0 0 0 0 0 0 0 0 0 0 0 0 0 6 6 3 0 29 9 0 4 13 19 1 6 0 0 2 8 6 6 0 0 29 11 2 5 1 0 0 14 12 24 16 8 0 0 0 4 9 0 25 0 0 0 0 5 0 0 0 0 0 0 0 0 0 4 0 0 0 0 0 0 0 0 0 0 0 0 0 0 0 0 0 0 0 0 0 0 0 0 0 0 0 0 22 0 0 20 0 3 1 5 1 0 4 5 0 0 0 38 0 0 0 0 0 0 22 0 14 1 7 0 0 0 0 26 0 5 9 0 13 19 0 0 0 0 0 0 0 0 0 0 0 12 0 1 0 0 0 0 0 2 0 14 0 0 63 2 2 0 2 0 0 0 0 0 0 0 0 0 0 0 0 0 0 0 0 0 0 0 1 0 
 0 0 7 10 0 0 0 0 0 0 0 8 0 0 7 5 4 2 0 12 2 3 64 2 83 7 2 3 8 6 3 3 6 3 2 2 19 7 3 2 141 89 303 292 270 94 0 162 281 526 103 43 139 321 132 459 81 108 295 135 5 1 0 0 0 0 0 2 0 52 3 0 7 2 0 0 0 0 0 2 12 0 0 5 5 0 0 0 0 0 0 0 0 0 0 3 0 0 0 0 0 0 10 0 0 0 0 0 0 0 0 11 0 0 0 0 0 0 0 0 27 3 10 0 24 0 0 8 9 0 18 6 0 19 38 32 1 13 0 0 0 0 0 0 25 0 0 0 0 0 0 0 0 0 0 0 0 0 6 23 0 4 0 0 0 0 0 1 0 0 0 0 0 0 5 1 2 0 0 0 0 0 0 0 0 0 0 0 0 0 0 0 5 0 0 0 0 0 0 0 0 31 23 0 21 0 0 0 18 9 0 73 6 1 16 10 14 35 0 0 0 0 0 0 2 0 0 0 0 0 0 18 0 0 0 0 0 0 0 28 0 0 0 0 0 0 0 0 0 0 0 11 0 1 0 0 0 2 0 0 0 0 3 0 2 18 0 65 2 0 0 0 0 0 0 0 0 0 0 0 0 0 0 0 11 0 0 0 2 0 
 0 0 0 0 0 0 0 0 0 0 0 0 69 1 0 0 0 0 61 0 0 0 0 1 2 0 7 0 0 0 0 0 0 2 0 0 1 2 1 0 53 177 193 221 141 245 162 0 145 120 82 108 117 224 66 98 141 225 130 67 0 1 1 2 0 0 3 0 0 0 22 0 0 2 0 0 0 0 17 2 0 0 0 0 0 0 0 0 0 0 0 0 3 0 0 0 0 0 0 0 0 0 0 0 0 0 0 0 0 0 0 0 0 0 0 0 0 0 0 0 1 13 16 9 3 5 17 16 44 10 17 11 0 4 0 9 9 0 0 22 10 6 0 0 0 0 9 0 1 0 7 0 14 7 9 0 0 0 14 10 14 0 0 0 0 0 0 0 0 0 0 0 0 0 0 0 0 0 0 0 0 0 0 0 0 3 0 0 0 0 0 0 0 0 0 0 0 0 0 0 9 0 22 27 8 0 21 8 0 14 0 30 7 13 0 0 25 35 7 0 0 7 0 16 0 0 0 18 1 0 0 0 9 25 10 15 0 0 5 0 0 0 20 0 0 0 0 0 0 0 0 16 0 2 0 0 0 0 0 35 0 0 68 10 67 0 1 0 0 0 0 0 0 0 0 0 0 0 0 0 0 0 0 0 20 0 52 0 1 0 
 3 0 0 0 0 0 0 0 0 0 58 2 0 0 0 0 0 0 0 0 0 0 0 0 0 2 1 0 0 2 3 0 0 0 0 2 0 2 0 0 136 54 259 83 158 62 281 145 0 634 32 321 114 63 189 70 261 150 114 362 54 2 0 0 0 0 0 0 0 0 0 0 76 0 0 0 7 0 0 0 0 0 0 0 0 0 6 0 0 0 0 0 0 0 0 0 0 0 0 0 0 10 0 0 0 0 0 0 0 0 0 0 0 0 0 0 0 0 0 0 9 23 21 0 12 22 0 4 21 2 19 18 0 0 10 32 36 1 0 0 0 0 0 0 0 0 6 0 27 0 0 0 27 0 0 0 0 0 1 35 0 0 0 8 0 0 0 0 0 2 0 0 0 0 0 0 0 0 0 0 0 0 0 0 0 0 0 0 0 0 0 0 0 0 0 0 0 0 0 0 0 22 16 6 30 0 0 0 0 0 2 9 2 2 14 0 5 0 0 0 0 0 0 1 0 0 15 22 0 0 0 0 12 0 32 0 19 0 15 21 0 0 0 0 0 0 0 0 0 0 0 17 0 1 0 0 0 0 0 11 0 0 34 1 0 10 2 63 1 0 0 0 0 0 0 0 0 0 0 0 0 3 7 0 9 0 0 0 1 0 
 0 0 3 3 0 0 0 0 0 0 0 0 0 0 0 0 0 0 0 0 3 2 3 3 2 2 3 2 2 2 4 2 2 2 3 3 2 3 2 3 41 110 63 92 323 63 526 120 634 0 246 344 55 46 171 264 97 179 91 305 1 1 0 3 0 0 0 0 0 0 0 0 18 0 50 0 0 1 0 0 0 0 0 0 0 0 0 0 0 0 0 0 0 0 0 0 0 0 0 0 0 0 0 0 0 0 0 0 0 0 0 0 0 0 0 0 0 0 0 0 0 19 1 20 35 0 0 4 3 12 12 8 0 0 7 10 11 1 0 0 3 0 0 0 0 0 1 0 10 0 0 9 13 8 0 0 12 0 0 10 0 0 0 4 0 0 0 0 0 0 0 0 0 0 0 0 0 0 0 0 0 0 0 0 6 0 0 0 0 19 0 0 0 0 8 7 0 0 0 0 0 0 0 0 25 0 0 0 0 0 14 14 0 0 0 0 0 16 0 0 0 4 15 0 0 0 10 14 0 0 0 0 23 16 3 0 0 0 25 20 16 0 0 0 0 0 0 0 0 0 0 11 0 0 0 0 0 0 0 11 0 0 2 65 0 2 0 37 0 0 0 0 0 0 0 0 0 0 0 0 0 0 0 0 0 15 0 0 0 1 
 0 0 3 5 0 0 0 54 0 0 0 0 0 0 0 0 0 0 0 0 0 0 0 0 0 0 0 0 0 0 0 0 0 0 2 0 0 0 0 0 29 41 97 389 71 55 103 82 32 246 0 503 43 30 103 177 199 105 61 277 0 1 0 6 0 0 0 1 0 0 0 0 0 0 24 0 0 0 0 12 0 0 0 0 0 0 0 0 0 0 0 0 0 0 0 0 0 0 0 0 0 0 0 0 0 0 0 0 0 0 0 0 2 0 0 0 0 0 0 0 0 21 18 42 45 13 0 1 29 27 15 17 0 0 5 23 24 3 0 0 0 0 10 0 2 0 24 0 0 0 0 0 0 10 0 0 0 0 24 19 0 0 0 0 0 0 0 0 0 0 0 0 0 0 0 0 0 0 0 0 0 0 0 0 0 0 0 0 0 0 0 0 0 0 0 0 0 0 0 0 0 0 10 24 9 26 0 0 0 0 21 0 0 0 0 0 0 25 0 0 15 25 21 0 0 28 12 21 3 0 0 0 17 21 19 24 12 0 1 24 7 0 0 0 0 0 0 0 0 0 0 15 0 0 1 0 0 0 0 18 0 0 0 34 69 9 0 0 0 0 0 0 0 0 0 0 0 0 0 0 0 0 0 0 2 23 0 0 0 0 
 0 0 3 0 0 0 0 0 0 0 0 0 0 0 0 0 0 0 0 0 3 3 3 3 3 3 3 3 3 3 6 5 3 5 4 3 3 3 3 3 100 38 307 115 188 127 43 108 321 344 503 0 240 240 95 477 307 73 252 269 0 2 1 1 0 0 51 0 0 0 24 0 51 0 0 0 5 8 0 7 0 0 0 16 0 0 0 0 0 0 0 0 0 0 0 0 0 0 0 0 0 0 0 0 0 0 0 0 0 0 0 0 0 0 0 0 0 0 0 0 0 34 39 6 19 0 0 8 14 28 0 18 0 1 7 0 28 7 0 0 11 0 14 0 12 0 3 0 6 0 0 0 35 1 0 0 0 0 9 24 0 0 0 0 0 0 0 0 0 19 0 0 0 0 0 0 0 0 0 0 0 0 0 0 0 0 0 0 0 0 0 0 0 0 0 0 0 0 0 0 25 0 0 1 17 4 0 0 10 0 15 6 0 0 0 0 9 23 0 0 29 0 30 0 0 0 30 0 8 16 27 0 34 6 12 7 0 0 20 31 0 0 0 0 0 0 0 0 0 0 0 5 0 0 0 0 0 0 0 21 0 0 4 63 3 7 4 0 0 0 12 0 0 0 0 13 0 0 0 0 0 0 0 0 11 13 0 0 0 0 
 0 2 2 0 0 0 33 0 0 0 0 0 0 0 0 0 0 0 0 0 0 0 61 6 66 1 0 0 0 0 56 3 0 0 0 0 30 81 0 0 163 166 50 75 67 32 139 117 114 55 43 240 0 148 53 42 121 29 221 202 4 7 0 8 9 0 0 0 6 1 8 4 0 0 6 24 0 0 0 1 0 0 0 0 0 0 0 0 0 0 0 0 0 0 0 0 0 0 0 0 0 0 13 0 0 0 0 0 0 0 0 20 0 0 0 0 0 0 0 0 9 21 4 10 0 0 10 0 10 0 10 0 0 14 0 24 7 20 4 29 0 0 0 0 0 2 0 0 0 6 0 0 12 0 0 7 0 9 0 0 0 0 0 0 0 0 0 0 0 0 0 0 0 0 0 0 0 0 0 0 0 0 0 0 6 0 0 0 0 2 0 0 1 0 0 0 0 0 0 0 9 1 0 10 0 0 0 12 10 23 1 10 31 25 4 35 1 0 24 12 0 0 3 13 0 2 0 3 0 4 0 36 14 0 0 8 9 0 0 0 0 0 11 0 0 0 2 0 0 0 0 8 0 0 0 2 0 0 0 0 0 1 0 0 0 3 2 0 0 0 0 0 0 0 0 0 0 0 0 0 0 0 0 0 0 0 0 7 0 0 
 0 3 0 0 0 0 0 0 0 0 0 0 0 0 0 0 0 0 0 3 0 0 0 0 0 0 0 0 0 2 126 0 0 0 0 0 61 54 0 0 162 42 48 386 264 29 321 224 63 46 30 240 148 0 220 29 85 22 289 206 0 2 0 0 0 4 0 0 0 0 0 0 0 0 0 0 0 0 3 1 0 0 0 0 0 0 0 0 0 0 0 0 0 0 0 0 0 0 0 0 0 0 7 1 0 0 0 15 0 53 15 7 0 0 0 0 0 15 0 0 0 9 9 7 3 10 2 8 0 7 15 19 9 9 0 21 1 0 12 0 0 0 0 0 0 0 0 0 0 0 0 0 5 0 0 0 0 0 29 4 0 0 0 0 0 0 0 0 0 0 0 0 0 0 0 0 0 0 0 0 0 0 0 1 8 8 0 0 0 11 0 0 0 0 0 0 0 0 0 0 0 0 26 14 0 0 5 24 37 14 0 26 10 22 38 7 31 21 0 10 10 0 0 0 0 0 0 0 0 0 0 0 0 0 15 0 0 0 4 0 0 0 0 0 0 0 0 0 0 0 0 14 0 0 0 0 0 0 63 0 0 0 11 0 66 0 0 0 0 0 0 0 0 0 0 0 0 0 0 0 0 0 0 0 24 0 4 0 0 0 
 0 0 0 0 0 0 0 0 0 4 0 0 0 0 0 0 11 0 0 0 0 0 0 0 61 64 19 0 1 0 4 0 0 0 0 0 1 0 0 0 131 128 289 276 368 91 132 66 189 171 103 95 53 220 0 161 138 179 81 214 0 0 0 3 4 0 0 0 0 0 2 1 6 0 0 1 3 3 0 3 0 0 0 0 0 0 0 0 0 0 0 0 0 0 0 0 0 0 0 0 0 0 0 0 0 0 0 0 0 0 0 0 0 0 0 0 0 0 0 0 28 3 27 0 37 4 0 2 37 22 18 12 0 12 26 34 2 19 0 19 0 0 0 0 0 0 0 0 0 0 0 0 8 0 0 0 0 0 23 16 0 0 0 0 0 0 0 20 0 0 0 8 5 2 0 0 0 0 0 0 0 0 0 0 0 0 0 0 0 0 0 0 0 0 0 0 0 0 0 0 0 28 24 15 1 5 12 9 11 3 11 17 33 9 14 9 0 75 0 1 0 0 0 0 0 0 0 0 0 0 0 11 0 0 0 0 0 0 0 70 0 0 0 0 0 0 0 0 0 0 0 12 0 0 0 0 0 0 0 0 0 0 91 0 80 3 3 90 35 0 0 0 1 0 0 0 0 0 0 0 0 0 0 0 1 0 0 0 0 0 
 0 1 4 4 0 2 0 0 0 2 0 1 0 0 1 1 1 0 7 2 0 0 2 1 7 1 4 2 0 4 1 64 202 2 0 0 2 2 2 0 312 119 297 62 148 209 459 98 70 264 177 477 42 29 161 0 145 114 151 230 0 0 0 0 0 3 0 0 3 0 0 0 57 0 0 0 0 0 0 1 0 0 0 0 0 0 0 0 0 0 0 0 0 0 0 0 0 0 0 0 0 0 0 0 0 0 0 0 0 0 0 0 0 0 0 0 0 0 0 0 0 2 8 0 33 0 23 29 14 19 35 18 17 0 44 47 1 7 6 3 0 0 0 0 0 0 0 0 0 0 0 0 1 0 0 0 0 0 1 16 0 0 0 0 0 0 0 0 0 0 0 0 0 0 0 0 0 0 0 0 9 11 0 8 0 0 0 0 0 0 0 0 0 0 0 12 0 0 0 0 12 38 0 0 2 0 0 0 32 13 0 3 1 3 18 0 0 20 0 0 0 0 0 0 0 0 19 0 0 0 0 0 7 0 0 0 0 0 0 37 0 0 0 0 0 0 0 0 0 1 0 2 0 1 0 0 0 0 2 0 0 0 0 0 1 1 0 82 0 0 0 0 0 0 0 0 0 0 0 0 0 0 0 0 0 0 0 0 2 0 
 0 0 0 0 2 0 0 0 0 75 0 0 1 6 0 0 0 38 0 0 0 0 0 1 58 60 0 0 0 0 0 3 0 0 0 0 3 0 1 0 97 107 106 130 49 121 81 141 261 97 199 307 121 85 138 145 0 62 256 135 0 0 0 0 0 0 0 0 0 0 0 0 3 0 0 0 0 0 0 2 0 0 0 0 0 0 0 0 0 0 0 0 0 0 0 0 0 0 0 0 0 0 0 0 0 0 0 0 0 0 0 0 0 0 0 0 0 0 0 0 10 0 42 0 26 0 15 66 20 3 24 3 15 26 22 11 0 22 0 23 0 0 0 0 0 1 0 0 0 0 0 0 4 0 0 0 0 0 16 6 6 0 0 0 0 0 0 0 0 0 0 0 0 0 0 0 0 0 0 0 0 0 0 0 0 1 0 0 0 0 0 0 0 0 0 0 0 0 0 0 2 22 4 0 0 0 15 6 24 24 35 11 20 10 17 8 20 33 12 0 0 0 0 0 0 0 1 0 0 0 0 13 6 0 0 0 0 0 0 19 0 0 1 0 0 0 0 0 0 0 0 9 0 0 0 0 0 1 0 0 0 0 2 0 33 1 1 0 0 0 0 0 0 0 0 0 0 0 0 0 0 0 6 0 31 9 0 0 0 0 
 2 2 2 2 2 2 2 2 2 2 4 2 2 2 2 2 2 2 2 4 0 0 0 0 3 0 1 0 0 0 1 0 0 0 0 1 0 0 0 0 92 153 203 41 111 281 108 225 150 179 105 73 29 22 179 114 62 0 45 57 52 1 0 0 0 0 0 0 0 0 0 0 82 0 0 0 0 0 0 0 0 0 0 0 0 0 0 0 0 0 0 0 0 0 10 0 0 0 0 11 0 0 0 0 0 0 0 0 0 0 0 0 0 0 0 0 0 0 0 0 10 8 0 4 24 22 0 0 38 8 44 0 1 0 7 20 14 0 0 0 0 9 1 0 0 0 42 0 20 0 0 0 9 9 9 0 15 0 0 75 0 0 0 11 0 0 0 0 16 0 0 0 0 0 0 0 0 3 4 19 0 0 0 0 0 0 0 0 0 0 0 0 0 0 0 0 0 0 0 0 1 0 6 0 10 1 0 0 0 0 0 9 0 0 0 0 0 18 0 0 0 0 0 0 20 0 10 44 0 0 0 0 40 0 28 0 10 0 27 19 0 0 0 0 0 0 0 0 0 0 0 1 0 1 0 0 0 0 0 0 0 2 29 63 0 6 0 3 2 0 0 0 0 0 0 0 0 0 0 0 0 0 0 0 1 0 0 0 2 0 
 0 0 0 0 0 0 0 0 0 0 0 0 0 0 0 0 0 0 5 0 5 3 57 66 5 3 3 4 3 4 3 182 6 3 3 67 23 132 3 3 46 36 253 102 93 67 295 130 114 91 61 252 221 289 81 151 256 45 0 186 0 0 2 0 0 0 0 0 0 0 0 0 0 0 0 0 0 0 0 2 0 0 0 0 0 0 0 0 0 0 0 0 0 0 0 0 0 0 0 0 0 1 41 0 0 10 0 12 21 20 0 8 0 0 0 0 0 12 0 0 1 0 0 9 0 0 15 6 0 0 24 0 21 15 11 13 19 11 7 7 0 0 0 0 0 1 0 0 0 0 0 0 1 0 0 0 0 0 0 0 23 0 0 0 0 0 0 0 0 0 0 0 0 0 0 0 0 0 0 0 0 0 0 0 17 18 0 0 0 10 21 61 0 0 0 7 0 0 0 0 11 5 52 0 0 0 6 30 0 24 0 6 19 31 20 11 30 0 8 2 0 0 0 0 0 0 0 0 0 0 0 0 0 0 0 0 0 0 0 0 0 0 0 0 0 0 0 0 0 0 0 6 0 2 0 0 0 126 0 0 0 0 2 0 1 2 1 0 0 0 0 0 0 0 0 0 0 0 0 0 0 0 0 0 11 0 0 10 0 0 
 0 0 3 30 0 0 0 0 0 0 0 2 0 0 0 0 0 0 0 0 5 8 0 71 2 1 0 4 4 0 27 97 1 4 3 16 4 88 0 0 104 413 58 62 84 285 135 67 362 305 277 269 202 206 214 230 135 57 186 0 0 0 0 0 0 0 0 0 0 0 0 0 2 0 0 0 0 54 0 2 0 0 0 0 0 0 0 0 0 0 0 0 0 0 0 0 0 0 0 0 0 0 0 0 0 0 23 0 0 0 3 0 0 8 0 0 1 4 0 0 14 20 1 8 13 0 27 34 11 1 1 0 1 16 22 27 22 44 0 33 0 0 0 0 0 4 0 0 0 0 0 0 12 0 0 0 0 0 0 0 0 0 0 0 0 0 0 0 0 0 0 0 0 0 0 0 0 0 0 0 3 0 5 0 7 31 0 0 3 0 5 0 0 0 0 6 0 0 1 0 85 41 0 19 0 0 8 10 26 15 6 11 23 20 37 31 9 0 13 61 0 0 0 0 0 0 0 0 0 0 0 0 11 0 0 0 0 0 0 0 0 0 0 0 0 0 0 0 0 0 0 11 0 1 0 0 0 65 0 3 0 0 0 0 2 4 0 2 3 0 0 0 0 0 0 0 0 0 0 0 0 0 0 0 0 0 0 19 2 0 
 0 0 3 0 0 0 0 0 0 0 0 0 0 0 0 0 0 0 1 24 0 40 0 28 0 1 0 0 0 0 0 0 0 0 0 3 0 0 2 0 0 0 0 2 35 4 5 0 54 1 0 0 4 0 0 0 0 52 0 0 0 137 100 127 132 46 63 100 107 123 88 86 34 40 56 42 71 59 44 62 0 0 0 0 0 0 0 0 0 0 0 0 0 0 0 0 0 0 0 0 0 0 0 0 0 0 0 0 0 0 0 0 0 0 0 0 0 0 0 0 0 0 0 0 0 9 0 0 0 0 0 0 0 0 0 0 0 0 0 0 5 0 0 0 13 26 0 1 16 36 0 13 15 8 9 22 0 35 9 0 0 0 0 0 1 0 0 1 0 0 0 0 0 0 0 0 0 0 6 0 0 0 0 0 0 17 0 0 0 0 0 0 0 0 6 0 0 0 0 0 0 0 0 0 29 0 0 0 0 0 48 0 0 0 0 0 0 0 0 0 1 1 33 9 17 31 2 13 16 24 0 7 2 7 6 17 42 5 9 0 0 0 0 0 0 0 0 0 0 0 1 0 0 0 2 0 0 0 0 0 0 0 0 72 0 0 8 0 0 0 6 0 28 16 0 1 0 0 0 0 0 0 0 0 0 0 0 0 0 0 
