 0 191 322 147 35 117 235 143 85 137 39 52 148 163 164 205 44 183 224 232 0 2 0 7 0 1 2 0 0 2 0 9 0 0 0 0 3 0 0 75 0 0 0 5 0 0 0 0 3 2 0 5 2 0 0 0 0 0 0 3 0 0 0 0 0 5 0 4 0 0 0 3 0 10 0 5 0 2 0 3 21 42 22 1 0 0 64 11 31 11 0 0 1 0 71 4 54 24 13 13 0 0 0 0 0 0 0 1 0 0 0 0 0 0 0 0 0 0 0 43 0 0 0 0 0 0 0 0 0 0 0 0 0 0 0 0 0 0 0 0 0 1 0 0 0 0 0 0 0 0 0 0 0 0 0 0 0 0 0 0 15 11 20 0 0 0 16 9 0 0 1 0 9 0 11 36 28 7 15 19 0 0 0 0 0 0 0 0 0 0 0 0 0 0 0 0 0 0 0 1 0 0 0 0 0 0 0 0 0 0 0 0 0 0 0 0 0 0 0 0 0 0 0 0 0 0 0 0 0 0 0 0 0 13 0 0 0 0 0 0 0 0 0 0 0 2 0 0 97 2 11 5 0 0 0 14 0 0 0 0 0 0 6 0 0 0 0 0 0 0 0 0 0 0 0 0 13 0 0 0 0 0 0 0 0 0 0 0 0 0 
 191 0 179 166 79 36 212 247 69 102 21 48 200 221 424 58 126 100 39 22 0 2 0 2 0 0 0 0 0 2 0 0 154 0 0 0 0 0 2 0 0 0 0 0 0 0 2 0 6 0 0 38 61 0 0 0 0 0 0 3 0 0 40 0 3 2 0 0 0 0 0 3 0 0 0 0 0 2 45 3 14 8 0 10 34 11 19 8 48 16 1 0 10 0 54 11 20 0 15 19 0 0 0 0 0 0 12 0 0 0 0 0 32 0 0 0 0 0 0 0 0 0 0 0 0 0 0 0 0 0 0 0 0 0 0 0 0 0 0 0 0 0 0 0 0 0 0 0 0 0 0 0 22 0 0 0 0 12 0 0 17 38 1 0 0 38 1 0 14 0 21 10 8 9 28 1 0 13 0 0 0 0 0 0 0 0 0 0 0 0 0 0 0 0 0 0 0 0 9 7 0 0 0 0 0 0 0 0 0 0 0 0 0 0 13 0 0 0 0 0 0 0 0 0 0 0 0 0 12 0 0 0 0 1 1 0 0 0 3 0 0 0 0 0 0 3 4 2 0 4 0 1 2 0 0 0 1 0 0 0 0 0 2 0 0 0 0 0 0 0 0 0 0 29 0 0 0 0 0 0 0 0 0 0 0 0 0 0 0 0 
 322 179 0 298 57 40 105 259 159 362 43 73 369 158 463 162 162 45 118 220 0 0 0 2 0 0 0 1 0 4 0 0 0 0 0 0 1 0 0 0 60 0 0 0 0 0 17 0 3 0 0 0 72 0 0 0 0 0 0 3 0 0 0 0 0 3 0 0 0 0 0 3 0 0 0 0 0 16 0 3 0 29 28 17 0 0 39 37 27 16 10 1 7 35 50 78 6 13 0 0 0 0 0 0 0 0 0 0 1 0 0 0 0 0 0 0 0 0 8 8 0 0 0 0 0 0 0 0 0 0 0 1 0 0 0 0 0 0 0 0 0 0 0 0 0 0 0 0 0 0 0 4 0 0 0 0 6 5 0 0 0 27 10 0 0 0 8 19 25 0 2 0 0 0 30 61 11 7 0 15 0 0 0 0 0 0 0 0 0 0 0 0 0 0 0 0 0 1 0 0 0 0 23 0 18 0 0 0 0 0 0 0 0 0 0 0 0 0 0 0 0 0 0 0 0 0 0 0 0 0 0 0 0 0 0 0 0 0 15 0 0 0 0 0 0 0 1 0 92 0 0 16 12 0 0 0 0 0 0 0 0 0 0 0 0 0 0 0 0 0 0 0 0 0 0 9 14 0 0 0 0 0 0 0 0 0 0 0 0 0 
 147 166 298 0 267 123 101 67 255 134 107 162 55 288 151 42 351 220 87 507 74 0 72 3 0 0 0 0 0 2 0 0 25 0 0 0 0 0 0 1 0 0 0 0 0 0 0 0 3 0 0 0 2 0 0 0 0 0 0 3 0 0 0 0 0 3 0 0 0 53 0 3 0 0 0 0 0 2 0 3 0 2 14 29 40 1 0 23 0 36 26 28 0 0 8 30 20 47 0 0 18 0 0 0 0 0 10 0 0 0 0 0 67 17 17 0 0 0 8 23 0 0 0 1 1 0 0 0 0 0 0 0 0 0 0 0 0 0 0 0 0 0 0 0 0 0 0 0 0 0 0 0 0 0 0 0 0 2 0 0 12 0 4 29 44 27 0 0 0 31 7 22 1 15 0 4 0 4 0 0 52 4 0 0 0 0 33 23 0 0 0 0 15 0 11 0 0 0 35 20 0 0 0 0 0 0 0 0 0 0 0 0 0 0 0 0 0 0 0 0 0 0 0 0 0 0 0 0 0 0 0 0 0 0 0 0 0 0 0 0 0 0 0 0 0 4 0 0 0 85 0 15 0 0 0 0 0 0 0 0 0 0 14 0 0 0 0 0 0 0 0 0 0 0 0 0 0 1 0 0 0 0 0 0 0 0 0 0 0 0 
 35 79 57 267 0 243 864 169 99 101 407 374 287 75 123 285 281 40 301 69 75 1 74 2 0 1 0 1 0 2 0 0 0 148 3 76 0 0 77 88 0 0 0 2 4 0 0 0 3 0 0 0 2 0 0 0 0 0 0 3 0 0 0 0 0 1 0 0 0 0 0 3 0 0 0 0 0 2 0 3 18 0 14 14 42 47 0 16 1 46 21 31 0 0 18 1 0 22 0 0 0 0 4 0 0 0 50 15 0 0 0 0 0 59 34 0 11 0 3 12 0 0 0 0 0 0 0 0 1 0 0 0 0 0 0 0 0 0 0 0 0 14 0 1 0 0 0 0 0 1 1 0 0 0 2 0 0 0 0 2 0 21 1 17 0 0 0 0 0 14 9 0 0 16 11 1 2 15 4 0 16 3 0 10 13 0 0 35 17 0 22 0 27 13 1 0 20 15 17 8 0 0 3 0 0 0 0 0 2 0 0 0 0 0 0 0 0 0 0 0 0 0 0 0 0 0 0 0 0 0 2 0 0 0 0 0 1 0 0 0 0 1 0 0 0 0 0 2 1 3 0 10 0 0 0 0 0 0 0 0 0 0 16 0 0 0 0 0 0 0 0 0 0 0 0 0 0 0 0 0 0 0 0 0 0 0 0 0 0 0 
 117 36 40 123 243 0 32 28 56 187 151 373 45 268 164 84 162 127 43 145 73 1 0 2 0 0 74 0 1 4 0 0 1 1 1 74 0 1 75 73 0 0 0 0 0 0 0 0 3 0 0 0 8 0 0 0 0 0 0 3 1 0 0 0 0 0 0 0 1 3 33 3 1 2 0 2 0 2 0 3 0 25 13 12 0 11 0 0 11 10 0 25 0 0 30 10 14 31 0 0 2 0 0 0 7 0 0 0 0 0 7 0 0 20 29 0 14 14 0 33 0 0 0 0 0 2 0 0 0 0 0 0 0 0 0 0 0 0 0 0 0 0 0 0 0 0 1 0 0 0 0 0 0 0 0 0 13 0 0 3 5 1 0 1 9 0 0 0 0 37 0 0 0 0 0 0 0 16 1 0 10 0 0 14 0 0 17 13 9 8 0 0 0 0 15 10 0 0 15 10 9 0 0 0 0 0 0 0 0 0 0 0 0 0 0 0 12 0 0 0 0 0 0 0 0 0 0 0 0 0 0 0 0 0 0 0 0 0 0 0 0 0 0 0 0 6 0 0 1 6 0 10 0 0 0 0 0 0 0 0 0 0 0 0 0 0 0 0 0 0 0 0 0 0 0 0 13 0 0 0 0 0 0 0 0 0 0 0 0 0 
 235 212 105 101 864 32 0 179 123 43 38 271 222 147 105 89 118 29 136 57 0 0 0 3 0 0 0 0 0 2 0 2 0 0 0 0 0 0 0 0 0 0 0 0 0 0 0 3 3 1 0 0 2 0 0 0 0 0 0 3 0 0 0 0 0 3 0 2 0 0 0 3 0 42 0 0 0 2 0 3 0 10 13 10 0 0 17 31 28 0 0 0 36 21 12 12 13 0 25 19 0 0 0 0 0 0 0 2 0 0 0 0 0 0 0 0 0 0 1 2 0 0 0 0 0 0 0 0 2 19 0 0 0 0 0 0 0 0 0 0 0 0 0 0 0 0 0 0 0 18 0 4 0 0 0 0 0 15 0 0 10 41 2 8 0 0 1 23 1 0 19 2 14 1 0 21 0 0 0 11 0 0 0 0 0 0 0 0 0 0 0 0 0 0 1 0 0 0 0 0 0 0 1 0 0 0 0 0 1 0 0 0 0 0 0 0 0 0 0 2 0 0 0 0 0 0 0 0 0 0 1 0 0 0 2 0 2 0 0 0 0 0 0 0 0 0 1 0 2 0 0 8 0 0 0 0 0 0 0 0 23 0 0 0 2 0 0 0 0 0 0 0 0 0 0 10 0 0 0 0 0 0 0 0 0 0 0 0 0 0 
 143 247 259 67 169 28 179 0 87 206 114 52 244 127 363 222 408 44 149 275 0 2 0 6 0 2 2 0 0 2 0 0 0 0 0 0 6 0 0 0 0 0 0 4 1 0 5 0 3 0 0 2 2 0 0 0 0 0 0 3 0 0 6 0 0 4 0 0 6 0 0 3 0 0 0 0 0 2 0 3 27 0 12 0 11 2 17 22 19 24 10 0 8 15 0 11 6 27 0 10 0 0 0 0 0 0 11 0 0 0 0 0 0 0 0 0 0 0 8 8 0 0 0 0 2 0 0 0 0 0 0 0 0 0 0 0 0 0 0 0 0 0 0 0 0 0 0 0 0 0 0 22 0 0 0 0 0 0 0 1 0 30 9 12 0 0 18 0 38 18 0 25 1 32 19 37 12 22 12 0 0 0 0 0 0 0 0 0 0 0 0 0 0 0 0 0 0 0 0 0 0 0 8 0 0 1 0 0 0 2 0 0 0 0 0 1 0 0 0 16 0 0 0 0 0 0 0 6 0 0 0 0 0 0 0 0 0 0 0 0 0 0 0 0 0 0 46 0 92 0 0 10 0 0 0 0 0 0 0 0 0 0 1 0 0 0 0 0 0 0 0 0 0 0 0 0 16 0 0 0 0 0 0 0 0 0 0 0 0 0 
 85 69 159 255 99 56 123 87 0 251 34 144 76 134 96 121 161 343 77 46 0 0 0 78 1 8 0 11 1 2 2 0 0 1 75 0 4 0 0 0 2 0 0 0 0 3 0 2 3 0 0 0 2 0 1 0 3 0 2 3 0 1 0 0 0 2 4 0 0 0 2 3 0 4 0 0 0 2 4 4 0 31 19 24 12 2 0 25 29 41 12 27 0 14 20 9 18 48 0 0 10 0 0 0 0 0 9 0 0 0 0 0 0 0 7 0 0 0 0 35 0 7 0 0 2 0 0 0 0 0 0 0 0 0 0 0 0 0 0 0 0 0 0 0 10 0 0 0 0 0 1 8 0 0 0 0 0 9 0 0 4 13 0 10 11 0 0 0 0 29 0 3 2 0 0 0 0 66 0 0 16 0 0 0 0 0 19 1 0 0 0 0 1 29 0 0 0 0 9 0 0 0 0 0 0 1 0 0 0 1 0 0 0 0 0 0 0 0 0 0 0 0 0 0 0 0 0 0 0 0 0 0 5 0 0 0 0 0 0 0 0 10 0 0 0 0 2 0 2 2 0 6 0 0 0 0 0 0 0 0 0 0 0 0 0 0 0 0 0 0 0 0 0 0 0 8 56 0 0 0 0 0 0 15 0 0 0 0 0 0 
 137 102 362 134 101 187 43 206 251 0 316 357 52 188 197 160 90 297 216 291 0 0 0 3 0 0 0 75 0 2 0 1 0 91 0 1 0 1 0 75 0 7 0 0 0 0 0 0 3 0 0 0 2 0 0 0 0 0 0 3 0 0 0 0 0 3 0 0 0 0 0 3 0 0 0 2 0 2 0 3 18 8 33 10 26 14 0 0 37 41 26 16 0 10 0 36 0 24 0 0 32 1 1 0 0 0 43 82 5 0 0 0 7 0 11 0 0 0 9 8 0 0 6 0 0 0 0 0 0 0 0 0 0 0 0 0 0 0 0 0 0 0 0 0 0 0 0 0 0 0 16 0 0 0 0 0 0 0 0 0 2 20 7 15 32 17 0 0 0 3 0 12 0 6 59 11 0 26 0 0 49 18 0 0 0 0 24 10 26 0 0 0 20 0 0 0 11 0 6 7 0 0 9 0 0 0 0 0 0 0 0 0 0 0 0 0 0 0 0 0 0 0 0 0 0 0 0 0 0 0 0 0 0 0 0 0 0 0 0 0 0 2 0 0 0 2 4 0 3 2 2 11 0 0 0 0 0 0 0 0 0 0 0 0 0 0 0 0 0 0 0 0 0 0 0 0 17 18 0 0 0 0 0 0 0 0 0 0 0 0 
 39 21 43 107 407 151 38 114 34 316 0 93 37 110 66 174 307 338 209 142 153 0 1 3 0 0 0 77 0 2 0 0 5 150 77 1 0 0 139 85 23 7 0 0 0 0 0 3 3 0 0 0 2 0 0 0 0 0 0 3 0 0 0 0 0 3 0 0 0 0 0 3 0 0 0 0 0 2 0 3 40 0 16 34 25 1 0 0 8 27 36 20 0 2 0 13 0 1 0 0 27 0 1 0 18 0 32 47 37 0 0 0 10 9 24 0 0 0 21 0 0 0 0 0 0 0 9 0 0 0 0 0 0 0 1 0 0 10 0 0 0 2 0 0 0 0 0 0 0 0 14 0 0 0 0 12 0 0 2 0 0 1 16 2 45 22 0 0 0 13 14 9 16 0 7 0 0 0 0 0 37 44 0 0 0 0 30 14 40 0 2 0 18 18 13 0 62 0 16 18 0 0 0 2 2 0 0 0 0 0 0 0 0 0 0 0 0 0 0 0 0 0 0 0 0 0 0 0 0 0 0 0 0 0 0 0 0 0 1 0 0 0 6 0 0 2 45 0 0 96 0 5 0 0 0 0 0 0 0 0 0 0 0 0 0 0 0 0 0 0 0 0 0 0 0 0 0 54 0 0 0 0 0 0 0 9 0 0 0 0 
 52 48 73 162 374 373 271 52 144 357 93 0 247 40 48 122 302 139 349 137 155 5 5 6 2 4 4 117 1 6 4 3 1 80 78 76 7 1 73 79 0 2 0 5 0 4 0 0 6 0 0 3 2 0 2 2 2 0 0 3 3 5 1 12 6 5 0 2 11 6 2 53 2 6 1 7 2 4 3 3 10 12 2 0 12 14 0 14 0 0 0 12 0 0 0 0 16 14 0 0 0 0 4 0 0 0 18 27 0 0 0 0 31 13 20 0 25 0 22 27 2 0 0 0 0 0 0 0 0 0 0 0 0 0 0 0 0 0 0 0 0 0 0 1 0 0 0 0 0 0 2 0 0 2 0 0 0 0 0 0 0 0 0 15 27 0 10 0 0 12 0 0 0 0 6 1 10 0 30 0 0 23 0 16 0 0 11 16 10 0 18 0 7 10 0 0 36 15 9 0 0 0 0 0 0 0 36 0 0 0 0 0 15 0 0 0 0 0 0 0 0 0 0 0 0 0 0 0 0 0 0 0 0 13 0 0 0 0 0 0 0 0 0 0 0 6 7 2 85 0 11 6 0 0 0 0 0 0 1 0 0 0 0 0 0 0 2 0 0 0 0 0 0 0 3 1 0 0 0 0 0 0 0 0 0 2 0 0 0 0 
 148 200 369 55 287 45 222 244 76 52 37 247 0 281 238 243 422 412 503 381 3 0 3 2 0 0 0 0 0 2 0 3 3 0 0 0 2 3 0 2 0 0 5 2 0 0 2 0 3 0 0 0 2 0 0 0 0 63 0 3 0 0 3 0 0 3 0 0 3 0 0 3 0 1 0 0 0 8 0 3 1 14 15 0 0 0 62 20 0 0 9 0 48 0 2 23 0 0 6 21 0 17 0 0 0 0 0 0 0 0 0 0 0 0 0 0 0 0 20 0 0 0 0 0 0 0 0 9 0 0 0 0 0 0 0 0 0 0 0 0 0 0 0 0 0 0 0 0 0 0 0 0 0 0 0 0 0 0 0 0 1 43 0 0 0 0 19 0 27 0 32 62 36 0 1 11 0 0 13 2 0 0 0 0 0 0 0 0 2 0 0 0 0 2 0 0 0 0 0 0 0 0 0 0 0 0 0 1 0 0 0 0 0 0 0 0 0 0 0 0 0 0 6 0 0 0 0 0 2 0 0 0 0 22 0 1 0 0 0 0 0 0 0 0 0 0 1 0 1 0 0 3 4 0 0 0 0 0 0 0 0 0 9 0 0 0 0 0 0 0 0 0 0 0 0 0 0 0 0 0 0 0 0 0 0 0 0 0 0 0 
 163 221 158 288 75 268 147 127 134 188 110 40 281 0 263 243 127 94 103 220 3 0 0 3 0 0 0 1 0 3 0 0 0 0 0 0 4 0 0 0 0 0 3 2 0 0 2 0 3 0 0 0 2 0 0 0 0 0 0 3 0 0 3 0 0 4 56 0 3 0 1 3 0 0 0 0 3 6 0 3 2 10 11 0 2 0 0 15 26 14 29 0 57 27 0 36 18 22 0 5 0 0 0 0 0 0 0 0 0 0 0 0 0 0 0 0 0 0 7 10 0 0 0 0 0 0 0 0 0 0 0 0 0 0 0 0 0 0 0 7 0 0 0 0 0 0 0 0 0 0 0 0 0 2 0 0 2 0 0 0 19 11 27 0 0 0 10 14 31 2 1 14 8 5 24 24 28 7 0 5 0 0 0 2 2 0 0 0 0 0 0 0 0 0 0 0 0 0 0 0 0 0 7 0 0 0 0 7 0 0 0 0 0 1 0 18 0 0 0 0 0 0 0 0 2 0 0 0 0 0 0 0 0 0 0 0 0 0 0 0 0 0 0 0 0 0 2 0 90 0 2 7 10 0 0 0 0 0 0 0 0 0 0 0 0 0 0 0 0 0 0 0 0 0 0 0 8 0 0 0 0 0 0 0 0 2 0 0 0 0 
 164 424 463 151 123 164 105 363 96 197 66 48 238 263 0 234 249 51 82 280 0 0 0 4 0 2 0 1 0 2 0 2 77 0 0 0 3 0 0 2 0 0 0 0 0 0 4 0 3 4 0 0 2 0 0 46 0 0 0 3 0 0 0 0 0 3 0 0 0 0 0 3 0 0 0 0 0 2 3 3 18 11 0 11 22 0 26 2 25 49 11 0 10 43 1 22 28 3 0 0 0 0 0 0 0 0 18 0 0 0 0 0 24 0 1 0 0 0 10 11 0 0 0 7 0 0 1 0 0 0 0 0 0 0 0 0 0 0 0 0 0 0 12 0 1 0 0 2 0 1 0 0 0 0 0 0 0 14 0 0 0 30 8 0 0 20 1 0 0 0 10 0 0 5 21 17 12 21 0 0 0 0 0 0 0 0 0 0 0 0 0 0 0 0 0 0 0 0 16 10 0 0 10 0 0 0 0 0 0 0 0 0 0 0 0 0 0 0 0 0 0 2 0 0 0 0 0 0 0 0 0 0 0 0 0 0 0 0 0 0 0 0 0 0 0 88 0 0 89 0 0 83 0 0 0 0 0 0 0 0 0 0 0 0 0 0 0 0 0 0 0 0 0 0 0 0 31 0 0 0 0 0 0 0 0 0 0 0 0 0 
 205 58 162 42 285 84 89 222 121 160 174 122 243 243 234 0 217 289 34 426 3 0 0 4 2 0 0 0 0 2 0 0 0 0 2 0 0 1 2 73 0 3 33 0 0 0 0 0 6 0 0 0 2 0 0 0 0 0 0 5 0 0 0 2 0 3 0 3 0 0 37 3 0 0 0 0 0 3 0 3 18 33 22 20 1 0 10 18 42 2 11 21 9 18 4 22 18 24 0 0 7 0 0 0 0 0 0 25 0 0 0 0 0 0 0 0 0 0 0 22 0 0 1 0 0 0 0 0 0 0 0 0 0 7 0 0 0 0 0 0 0 0 0 0 0 0 0 0 0 0 0 5 0 0 0 0 0 5 0 0 0 33 10 0 0 11 3 0 10 1 17 13 8 0 17 1 4 2 0 0 0 0 0 0 0 0 8 0 0 0 0 0 0 0 0 0 0 0 0 10 0 0 0 0 0 21 0 0 0 0 0 0 0 0 0 0 2 0 0 0 0 0 0 0 0 0 0 0 0 2 0 1 0 0 0 0 0 0 0 0 0 0 0 0 0 1 1 2 4 86 10 16 7 0 2 0 0 0 0 0 0 0 0 0 0 0 0 0 0 0 0 0 0 0 0 11 34 0 0 0 0 0 0 0 0 0 0 0 0 0 
 44 126 162 351 281 162 118 408 161 90 307 302 422 127 249 217 0 332 125 226 0 0 0 2 0 0 0 0 0 2 2 0 0 0 0 0 1 0 0 0 0 0 0 0 0 0 4 0 3 0 0 0 2 0 0 0 0 0 0 3 0 0 36 0 0 1 0 37 0 0 0 3 0 0 0 0 0 2 0 3 22 20 7 10 0 8 17 29 10 0 0 20 9 0 13 15 16 10 0 0 0 0 0 0 0 0 0 0 0 0 0 0 15 0 8 2 0 0 7 34 0 0 0 0 0 0 0 0 0 0 0 0 0 0 17 0 0 0 0 0 0 0 2 0 4 0 0 0 0 0 0 1 0 1 0 0 0 10 0 0 0 30 9 1 17 0 19 0 8 16 0 0 0 0 8 12 10 2 27 17 0 0 0 1 1 0 17 16 0 0 0 0 20 0 0 0 0 0 0 0 0 14 0 0 0 0 0 0 0 0 0 0 0 2 0 0 0 8 0 0 0 0 0 0 0 0 14 0 0 0 0 0 0 13 14 0 0 0 0 0 0 0 0 0 0 0 4 1 88 0 11 15 0 0 0 0 0 0 0 0 0 0 0 0 0 0 0 0 0 0 0 0 0 0 0 9 0 0 0 0 0 0 0 0 0 1 0 0 0 0 
 183 100 45 220 40 127 29 44 343 297 338 139 412 94 51 289 332 0 163 109 5 3 0 4 2 0 2 1 7 2 0 0 76 0 2 0 2 0 75 0 4 7 0 0 0 1 0 0 6 2 0 0 2 0 3 0 0 0 0 5 0 3 0 5 3 3 6 6 0 0 0 4 0 0 0 0 0 4 7 3 17 55 29 18 9 0 0 13 12 8 22 16 1 0 0 42 11 19 0 0 7 0 0 0 0 0 22 12 8 0 0 2 15 0 0 0 0 0 0 29 0 0 0 0 0 0 0 0 0 0 0 0 1 0 0 0 0 1 0 0 0 0 0 0 0 0 0 2 0 0 12 0 0 0 0 0 0 0 0 0 20 0 12 0 29 19 11 0 11 9 17 21 17 1 0 0 10 22 18 0 10 13 0 0 0 0 10 20 10 0 0 0 18 0 0 0 1 0 6 15 0 0 0 0 0 0 0 0 0 0 1 0 0 0 0 0 0 0 0 0 0 1 0 0 0 0 0 0 0 12 0 0 0 15 0 0 0 0 0 0 0 10 0 0 0 0 87 0 88 4 4 7 10 1 0 0 0 0 0 0 0 0 0 0 0 0 0 0 0 2 0 0 0 0 0 16 23 13 0 0 0 0 0 0 0 0 0 0 0 0 
 224 39 118 87 301 43 136 149 77 216 209 349 503 103 82 34 125 163 0 149 3 0 0 2 2 0 0 0 0 12 0 0 1 0 2 0 0 0 2 0 0 3 0 0 0 71 0 2 6 0 0 0 2 0 0 0 0 0 0 5 0 1 1 3 1 2 0 3 2 3 0 3 1 0 0 2 2 4 2 3 41 32 12 0 0 0 10 11 40 0 8 0 33 0 0 14 17 10 0 62 1 0 0 0 9 15 0 0 0 2 0 0 0 2 0 0 0 0 0 0 0 0 6 0 0 1 0 0 0 0 0 0 0 0 0 0 0 0 0 0 0 0 0 0 0 0 1 0 0 0 0 1 0 0 3 0 0 0 0 0 0 16 28 16 0 0 30 2 82 4 6 44 21 19 0 1 24 3 12 0 0 0 0 0 0 0 0 0 0 0 0 0 0 0 0 0 0 0 0 0 0 0 0 0 0 0 0 0 0 0 0 0 0 0 0 11 0 0 0 0 0 0 0 0 0 0 0 0 0 0 0 0 0 17 0 0 0 0 0 0 0 0 20 0 0 2 89 0 2 1 10 4 6 0 0 0 2 0 0 0 0 0 0 0 0 0 0 0 0 0 0 0 0 0 0 0 0 0 0 0 0 0 0 0 0 0 0 0 0 0 
 232 22 220 507 69 145 57 275 46 291 142 137 381 220 280 426 226 109 149 0 0 0 0 2 3 0 0 0 0 2 1 0 0 0 3 0 0 0 0 2 0 0 0 0 8 0 4 0 3 2 0 0 3 0 0 0 0 2 0 7 1 0 0 0 0 5 0 3 0 0 0 3 3 0 55 2 0 4 0 3 38 10 48 0 0 20 15 3 19 0 5 21 0 0 24 17 13 21 0 19 0 0 0 0 0 0 0 0 0 0 0 0 0 0 0 0 0 0 0 9 0 0 0 0 0 0 0 0 0 0 2 0 0 0 0 0 0 0 0 0 0 0 0 0 0 0 2 0 0 0 0 2 0 0 0 0 0 0 0 0 0 0 46 33 0 0 20 0 53 3 0 51 21 48 48 11 25 10 6 10 0 0 0 0 0 0 0 0 0 0 0 0 1 0 0 0 0 0 0 0 0 0 0 0 0 0 0 0 0 0 0 0 0 0 0 13 27 0 0 0 0 0 0 0 0 0 0 0 0 0 0 0 0 0 0 0 0 0 0 0 0 0 0 0 0 0 93 0 49 0 9 13 10 0 0 0 0 1 0 0 0 0 7 0 0 0 0 0 0 0 0 0 0 0 0 0 7 0 0 0 0 0 0 0 0 0 0 0 0 0 
 0 0 0 74 75 73 0 0 0 0 153 155 3 3 0 3 0 5 3 0 0 114 88 128 105 38 111 40 41 85 313 36 335 132 103 88 35 27 204 269 3 1 0 0 25 2 0 0 0 0 0 0 0 0 0 0 3 0 56 28 0 0 0 0 0 0 1 0 0 3 0 3 3 0 0 3 3 43 0 0 0 0 0 47 8 111 0 0 0 0 11 0 1 52 0 0 10 0 0 0 67 0 6 0 15 1 43 2 25 1 1 0 33 11 11 0 2 0 20 30 0 0 0 0 0 1 0 0 0 0 0 0 18 0 0 0 0 0 0 0 1 0 0 0 0 0 0 0 0 0 0 0 0 0 0 0 0 0 0 2 0 0 0 20 2 38 0 0 0 0 7 0 0 0 0 0 0 0 4 0 11 26 13 18 8 0 11 25 24 13 32 0 11 22 0 11 28 1 10 10 0 0 0 0 0 0 0 0 0 0 0 0 0 0 0 0 0 0 0 0 0 0 0 0 2 0 0 0 0 0 0 0 0 0 0 0 2 0 0 0 0 0 0 0 0 0 77 0 0 40 0 0 0 0 8 0 2 0 0 1 2 0 0 0 0 0 0 0 0 0 0 0 0 0 0 10 0 0 0 16 0 0 0 0 0 0 0 0 0 0 
 2 2 0 0 1 1 0 2 0 0 0 5 0 0 0 0 0 3 0 0 114 0 112 282 285 122 368 177 249 275 34 69 322 117 207 117 46 200 306 117 0 21 0 0 0 2 0 0 5 0 0 0 46 3 3 10 3 0 36 65 0 0 0 1 0 0 14 5 3 3 0 3 0 3 0 3 3 0 0 0 0 0 0 0 0 0 0 0 34 0 0 0 0 0 0 0 0 0 0 0 0 8 0 35 0 0 0 10 18 0 0 0 0 21 0 15 2 0 1 0 11 0 0 0 0 0 12 0 0 0 0 0 14 11 0 0 0 0 0 23 0 3 0 0 0 0 0 0 0 0 0 0 1 0 0 2 4 0 0 0 0 0 0 0 18 0 0 0 1 0 0 0 5 0 1 0 0 0 0 0 1 0 7 0 0 7 0 0 1 13 17 12 10 0 13 11 11 20 1 16 0 0 0 0 0 0 0 0 0 0 0 0 14 0 1 0 0 0 7 6 0 0 0 0 0 0 0 0 0 0 0 0 0 0 0 0 0 0 0 0 0 0 0 0 0 0 0 0 1 0 0 0 0 0 7 0 0 0 77 0 3 10 0 0 0 0 0 0 0 0 0 0 0 0 0 0 0 0 0 0 0 9 0 0 0 0 11 0 0 0 
 0 0 0 72 74 0 0 0 0 0 1 5 3 0 0 0 0 0 0 0 88 112 0 355 83 441 536 86 131 303 44 71 178 172 117 148 427 119 92 129 0 0 0 0 0 2 0 64 0 0 0 2 73 0 0 3 3 0 37 63 9 0 0 6 0 0 2 0 0 3 0 3 0 0 0 2 2 0 0 0 0 0 0 0 0 2 0 30 0 0 0 0 0 0 0 0 0 0 0 0 0 17 56 40 1 0 13 14 17 0 11 15 0 25 17 7 30 45 0 0 19 0 0 0 0 0 0 0 2 0 0 0 1 1 18 0 1 5 35 14 0 4 0 0 0 0 0 0 0 0 0 0 1 0 0 2 4 0 0 0 21 0 0 0 0 0 0 0 3 0 0 0 1 0 0 19 0 0 0 0 0 65 7 0 18 9 0 12 0 39 4 27 12 21 0 21 11 12 1 0 0 0 1 0 4 0 1 0 0 0 0 0 25 10 20 0 0 0 23 21 19 0 0 0 0 0 0 0 0 0 0 0 0 0 0 0 0 0 0 0 0 0 21 0 0 0 0 0 0 0 0 0 0 0 10 0 2 81 78 2 0 10 0 0 0 0 8 0 0 0 0 0 0 0 0 0 0 0 0 0 0 7 0 0 0 0 18 0 0 0 
 7 2 2 3 2 2 3 6 78 3 3 6 2 3 4 4 2 4 2 2 128 282 355 0 137 69 390 112 309 188 154 143 80 171 138 264 244 121 169 65 0 3 4 3 2 2 65 80 1 3 9 0 64 0 3 0 5 1 0 20 0 0 5 3 1 3 0 0 5 3 0 5 0 0 0 2 2 2 0 0 0 0 0 0 0 0 0 0 0 0 0 0 0 0 0 0 0 0 0 0 0 0 20 12 11 29 10 0 0 0 50 31 0 21 23 9 42 69 0 0 0 0 0 0 0 0 9 9 1 0 0 0 9 32 30 0 0 0 10 10 0 19 0 0 0 0 0 0 19 0 0 0 1 0 0 0 0 0 0 4 0 0 0 0 0 0 0 0 16 0 0 0 0 0 0 0 0 0 0 0 1 0 22 47 23 0 0 24 1 0 0 0 9 22 31 28 2 0 0 0 9 41 8 0 4 0 0 1 1 12 14 0 1 5 33 11 0 14 0 7 0 0 0 0 0 0 0 0 0 0 0 0 0 0 0 0 0 0 0 0 0 0 13 0 0 0 0 0 2 0 0 0 0 0 8 3 1 0 41 0 4 0 0 0 0 2 0 0 0 0 0 0 0 0 0 0 0 0 0 0 0 0 0 0 0 0 0 0 0 0 
 0 0 0 0 0 0 0 0 1 0 0 2 0 0 0 2 0 2 2 3 105 285 83 137 0 189 69 61 153 156 382 60 70 131 90 46 45 113 75 46 0 0 0 0 2 2 65 26 61 0 0 0 55 2 0 19 9 1 59 66 0 0 0 2 0 2 0 0 0 0 2 0 0 0 1 0 0 3 0 0 0 0 0 0 0 0 0 0 0 0 0 0 0 0 0 0 0 0 0 0 6 2 0 24 22 8 11 0 4 5 0 0 0 0 0 12 0 14 0 0 0 0 0 0 0 0 26 19 43 0 54 0 45 6 14 0 10 15 25 14 0 29 0 0 0 0 0 0 0 0 0 0 18 0 0 17 7 0 0 0 0 0 0 0 0 0 0 0 0 0 0 0 0 0 0 0 0 0 0 1 4 0 9 22 27 11 0 0 9 0 20 31 0 18 0 8 0 0 0 0 15 57 24 14 0 0 29 52 31 45 14 0 19 32 9 11 10 2 0 0 0 0 0 0 0 0 0 0 0 0 0 0 0 0 0 1 0 1 0 0 0 0 0 0 0 0 0 0 0 0 0 0 0 0 9 2 0 3 0 25 8 10 0 0 0 0 0 0 0 0 0 0 0 0 0 0 0 0 0 19 0 14 0 0 0 0 0 0 0 0 
 1 0 0 0 1 0 0 2 8 0 0 4 0 0 2 0 0 0 0 0 38 122 441 69 189 0 33 60 77 135 200 137 41 135 54 146 273 321 47 70 0 0 0 0 0 2 63 55 0 0 2 0 96 1 0 0 3 1 64 62 0 0 0 3 0 3 0 0 53 3 0 4 0 0 0 3 29 0 0 0 0 0 0 0 0 0 0 0 0 0 0 0 0 0 0 0 0 11 0 0 11 0 0 31 0 31 0 0 13 6 20 2 0 0 0 0 8 29 0 0 14 0 0 0 0 0 73 40 46 0 0 2 75 22 9 0 38 0 26 14 0 6 2 0 7 0 0 0 0 0 0 0 0 0 1 10 7 0 0 0 2 2 0 0 6 0 0 0 0 0 0 0 7 0 1 0 0 0 1 0 0 0 27 9 13 46 0 0 1 0 15 2 0 0 0 19 0 0 0 0 13 0 25 1 48 0 0 28 1 31 0 0 19 3 10 10 0 1 0 9 0 0 0 0 0 0 0 0 0 0 0 0 0 0 0 0 0 0 0 0 0 0 0 0 0 1 0 0 0 0 0 0 0 0 12 1 0 111 74 0 1 3 0 0 0 0 0 0 0 0 0 0 0 0 0 0 0 0 0 0 0 7 0 0 0 12 0 0 0 0 
 2 0 0 0 0 74 0 2 0 0 0 4 0 0 0 0 0 2 0 0 111 368 536 390 69 33 0 273 254 172 534 43 177 207 135 86 64 38 69 113 0 0 0 0 0 2 0 0 0 0 0 0 0 27 0 41 3 0 8 0 17 0 0 3 0 0 0 0 0 3 0 3 0 0 0 3 3 0 0 0 0 1 0 0 0 15 0 0 0 0 0 0 0 0 0 20 0 0 0 1 5 12 18 3 15 0 23 14 16 0 29 0 0 50 11 10 41 19 0 34 0 0 0 0 0 0 0 0 0 0 0 0 22 0 2 0 0 0 0 2 0 0 0 0 1 0 0 0 0 0 0 0 0 0 0 0 1 0 0 6 0 0 0 0 0 0 0 0 7 0 0 0 0 0 2 0 0 0 1 0 1 17 22 20 27 0 0 47 13 24 28 1 10 71 25 27 1 0 0 0 0 0 0 0 12 0 0 0 0 0 0 0 0 0 0 0 0 0 12 0 0 0 0 0 0 0 0 0 0 0 0 0 0 0 0 0 0 0 0 2 0 0 10 0 0 1 0 0 0 0 0 0 0 0 10 2 1 12 1 2 2 0 0 0 0 0 9 0 0 0 0 0 0 2 0 0 0 0 0 21 0 0 0 0 0 0 0 0 0 0 
 0 0 1 0 1 0 0 0 11 75 77 117 0 1 1 0 0 1 0 0 40 177 86 112 61 60 273 0 200 65 25 112 160 58 248 108 104 41 161 59 1 2 0 0 0 2 0 0 3 0 4 0 3 3 3 8 3 0 9 3 4 0 0 2 1 0 1 0 5 3 1 3 0 5 2 3 2 1 0 0 1 0 0 0 9 31 0 0 0 0 13 0 0 0 0 0 0 0 0 0 3 13 0 0 52 0 1 0 14 19 15 1 17 2 0 38 26 13 19 1 0 1 0 0 0 0 0 0 0 0 0 0 0 0 0 0 0 0 0 0 0 0 0 0 0 0 0 0 3 0 2 0 0 0 2 0 0 0 0 3 0 0 0 4 13 0 0 0 0 16 2 0 0 0 0 0 0 0 4 0 0 18 10 20 0 0 0 11 55 45 18 0 0 35 19 16 7 3 24 10 0 0 0 0 0 0 0 0 0 0 0 0 2 0 0 0 0 0 11 2 0 0 0 0 0 0 0 0 0 0 0 0 1 0 0 0 0 0 0 0 0 0 0 0 0 0 17 0 1 0 0 0 0 1 14 0 0 78 0 0 2 0 0 0 0 0 10 0 0 0 0 0 0 0 0 0 0 0 0 15 0 10 0 0 0 0 0 0 0 0 
 0 0 0 0 0 1 0 0 1 0 0 1 0 0 0 0 0 7 0 0 41 249 131 309 153 77 254 200 0 241 257 148 159 96 144 124 44 114 75 70 6 0 0 2 0 2 0 1 0 0 65 0 87 0 0 6 3 1 69 1 1 2 0 0 0 0 2 1 0 3 0 3 0 0 0 3 3 0 4 0 0 0 0 33 0 0 0 0 0 0 0 2 0 0 0 0 0 0 0 0 0 36 0 12 12 0 2 9 4 9 0 18 1 42 2 45 0 0 11 0 19 11 0 0 0 0 5 0 0 0 0 0 14 15 0 0 0 0 0 20 0 8 0 0 20 0 0 0 1 0 0 0 12 0 0 0 0 0 0 0 0 0 0 0 23 0 0 0 0 0 0 0 16 0 4 0 0 0 0 10 0 0 10 0 0 1 2 0 13 27 17 14 11 1 6 0 1 36 1 41 20 0 0 0 0 0 0 0 0 0 0 0 11 0 0 0 0 0 10 29 0 0 1 0 0 0 0 0 0 0 0 0 0 0 0 0 0 0 0 0 0 0 0 0 0 0 0 0 0 0 0 0 0 0 5 0 2 2 75 0 4 2 0 0 0 0 0 0 0 0 0 0 0 0 0 0 0 0 0 0 0 13 0 0 0 0 0 0 0 0 
 2 2 4 2 2 4 2 2 2 2 2 6 2 3 2 2 2 2 12 2 85 275 303 188 156 135 172 65 241 0 90 123 202 205 213 264 58 168 159 452 0 62 0 0 0 2 0 0 0 0 3 0 130 0 0 1 3 0 98 1 2 0 0 8 0 0 10 0 0 3 0 3 0 0 0 3 3 0 0 0 1 0 0 0 0 0 11 0 0 0 0 0 0 0 0 0 0 0 0 0 14 30 29 15 9 0 12 22 17 0 0 38 0 32 0 6 21 7 0 0 2 2 0 0 0 0 10 0 0 0 0 0 33 0 0 0 0 14 7 18 0 6 0 0 0 0 0 0 0 0 0 0 5 0 0 0 1 0 0 0 0 0 0 0 7 0 0 0 1 0 0 0 6 0 5 0 0 0 0 0 0 1 16 9 12 4 0 0 30 2 31 29 0 57 1 18 1 14 0 0 0 0 0 0 0 0 0 0 0 0 0 0 0 0 15 0 0 0 1 19 0 0 0 0 0 0 0 0 0 0 0 0 2 0 0 0 19 0 0 0 0 0 11 0 0 0 0 0 0 0 0 0 0 2 24 0 3 6 76 0 19 0 0 0 0 0 0 0 0 0 0 0 0 0 2 0 0 0 0 21 0 0 0 0 0 0 19 0 0 4 
 0 0 0 0 0 0 0 0 2 0 0 4 0 0 0 0 2 0 0 1 313 34 44 154 382 200 534 25 257 90 0 254 43 116 93 65 273 51 37 59 0 0 0 0 0 10 0 68 0 0 0 0 0 63 0 0 3 0 0 61 0 0 0 0 0 0 0 0 0 3 0 6 0 0 0 2 2 0 0 0 0 0 0 0 0 0 0 0 1 0 0 0 0 0 4 9 0 0 0 0 13 3 2 28 45 34 13 1 8 2 46 32 0 0 0 10 10 2 0 0 0 24 0 0 0 0 4 8 0 0 0 0 56 36 4 0 0 4 19 34 0 0 0 0 0 0 0 0 0 0 11 1 0 0 0 1 4 0 0 2 0 0 2 0 1 0 0 0 12 0 0 5 3 0 12 16 0 0 0 0 0 0 32 83 53 12 0 0 34 0 21 31 0 18 9 9 0 25 0 0 1 20 0 0 0 0 19 13 9 17 15 0 27 8 3 4 0 0 3 24 0 0 0 0 0 0 0 0 0 0 0 0 0 0 0 15 0 0 0 0 0 0 0 0 0 0 0 0 0 0 0 0 0 0 5 0 0 72 6 4 15 15 0 0 0 0 0 0 0 0 0 0 0 0 0 0 0 0 0 19 0 6 0 0 0 0 0 0 0 0 
 9 0 0 0 0 0 2 0 0 1 0 3 3 0 2 0 0 0 0 0 36 69 71 143 60 137 43 112 148 123 254 0 40 23 28 112 87 55 18 25 0 1 0 0 2 2 0 274 64 5 0 0 54 3 0 0 7 2 23 65 4 0 2 0 0 0 0 0 0 3 0 3 0 2 3 5 3 0 0 0 0 0 0 0 0 0 0 0 0 0 0 0 0 0 0 0 0 0 0 0 2 1 0 21 4 0 0 0 0 13 0 12 0 0 0 20 0 0 0 0 18 16 0 1 0 6 15 37 10 0 0 0 23 28 1 0 0 14 0 11 0 9 0 0 0 0 0 0 1 0 0 0 7 0 0 14 5 0 0 0 0 0 0 0 2 0 0 0 0 0 0 0 0 0 7 6 0 0 0 0 0 0 5 0 0 0 0 0 11 0 15 27 0 0 0 0 0 1 0 0 8 25 9 0 1 0 5 18 0 9 14 0 49 0 1 0 21 0 11 32 0 0 0 0 0 0 0 0 0 0 0 0 0 0 0 0 0 0 0 0 0 0 0 0 0 0 0 0 0 0 0 0 0 0 4 0 0 1 74 4 2 10 0 0 0 0 0 0 0 0 0 0 0 0 0 0 0 0 0 0 0 10 0 0 0 0 0 0 0 0 
 0 154 0 25 0 1 0 0 0 0 5 1 3 0 77 0 0 76 1 0 335 322 178 80 70 41 177 160 159 202 43 40 0 306 232 159 256 23 585 264 1 0 0 0 2 2 0 2 0 0 0 0 0 0 0 0 3 0 0 0 7 0 0 6 0 0 2 0 0 3 0 3 0 0 0 3 3 0 0 0 0 0 0 14 2 0 0 15 0 9 14 0 0 0 0 15 0 0 0 0 0 33 21 36 0 0 10 43 30 0 0 0 55 22 27 39 29 6 10 0 0 0 2 0 0 0 0 0 0 0 0 0 0 0 0 0 0 0 1 0 1 0 0 18 0 0 0 0 0 0 0 0 0 0 0 0 0 2 0 0 0 0 0 0 8 34 0 0 8 0 4 0 0 0 0 0 0 0 0 0 37 41 0 0 11 9 66 19 0 30 3 1 14 18 18 12 42 10 18 6 0 0 0 0 0 0 0 0 0 0 0 1 1 0 0 0 0 0 9 0 0 2 0 0 0 0 0 0 1 0 0 0 0 0 0 0 0 0 0 0 0 0 0 0 0 0 0 0 0 0 0 0 0 0 19 0 0 79 0 2 0 1 0 0 0 0 9 0 0 0 0 0 0 13 0 0 0 2 0 0 0 12 0 0 0 0 37 0 0 0 
 0 0 0 0 148 1 0 0 1 91 150 80 0 0 0 0 0 0 0 0 132 117 172 171 131 135 207 58 96 205 116 23 306 0 176 122 115 100 257 376 5 1 3 9 1 2 0 1 0 0 3 3 1 0 0 1 3 3 1 0 0 3 0 5 0 2 8 0 0 6 3 3 0 0 0 3 3 0 0 1 0 0 0 0 0 1 0 0 0 0 0 6 0 0 0 0 5 0 0 0 8 13 31 22 0 10 40 36 27 20 0 16 10 20 34 0 44 7 0 0 0 0 13 0 0 0 0 0 0 0 0 0 20 0 0 0 0 0 17 0 0 0 0 0 0 0 0 0 0 0 0 0 0 0 0 0 0 0 0 0 0 0 0 0 14 7 0 0 0 0 6 0 0 0 0 0 0 0 4 0 2 28 6 10 27 8 11 7 0 1 41 0 71 73 0 19 29 24 0 0 0 0 0 5 0 0 0 21 0 0 0 0 0 0 0 0 0 0 0 0 0 0 0 0 0 0 0 0 0 0 0 10 0 0 0 0 0 0 0 0 0 0 0 0 0 0 73 0 0 0 0 0 0 0 5 0 0 3 0 0 0 0 0 0 0 0 0 0 0 15 0 0 0 0 0 0 0 15 0 0 0 0 0 0 0 20 15 0 0 0 
 0 0 0 0 3 1 0 0 75 0 77 78 0 0 0 2 0 2 2 3 103 207 117 138 90 54 135 248 144 213 93 28 232 176 0 70 306 80 249 354 0 9 3 8 0 2 0 3 0 2 0 6 0 9 3 7 6 6 5 1 3 3 0 0 0 0 3 3 5 7 0 6 0 0 0 3 3 0 3 0 0 0 0 0 10 41 0 0 0 0 19 0 0 0 0 0 0 0 0 0 2 11 0 0 16 0 13 0 16 22 1 19 5 10 0 6 0 0 19 0 0 27 0 0 0 11 0 0 0 0 11 0 16 1 0 0 0 0 0 2 0 0 0 0 0 0 0 0 4 0 0 0 1 0 0 0 0 0 0 0 0 0 0 7 0 0 0 0 0 0 0 0 0 0 0 0 0 0 7 0 0 10 28 18 10 0 0 9 30 1 14 0 1 42 14 29 12 10 22 4 0 0 0 0 14 0 1 0 0 0 0 0 11 0 1 0 0 0 0 15 0 0 0 0 0 0 0 0 0 0 0 0 0 0 0 0 0 0 0 0 0 0 24 0 0 0 0 0 0 0 0 0 0 0 9 0 2 2 3 1 0 0 0 0 0 0 0 0 0 0 0 0 0 0 0 0 0 0 0 19 0 0 0 24 0 2 0 0 0 0 
 0 0 0 0 76 74 0 0 0 1 1 76 0 0 0 0 0 0 0 0 88 117 148 264 46 146 86 108 124 264 65 112 159 122 70 0 175 126 118 164 0 0 0 0 0 2 0 0 0 0 0 0 4 0 0 0 6 0 9 0 0 0 0 0 0 0 5 0 0 3 0 3 0 0 0 3 3 0 0 0 0 0 0 0 0 24 0 0 0 0 0 1 0 0 0 14 0 0 0 0 18 3 55 3 0 12 8 0 1 18 10 0 11 32 39 12 54 72 1 19 59 0 0 0 0 0 0 0 0 0 0 0 0 0 0 0 9 0 10 0 0 0 0 0 0 0 0 0 0 0 0 0 0 0 0 0 0 0 0 7 0 0 0 0 0 7 0 0 49 0 0 0 0 0 0 0 0 0 0 0 40 26 0 1 14 17 29 15 2 28 41 16 9 17 25 16 0 52 0 25 0 0 0 0 0 0 15 19 0 0 0 0 0 46 0 0 0 0 11 0 0 0 0 0 0 0 0 0 0 0 0 0 0 0 0 0 0 0 0 0 0 0 0 0 0 0 0 0 0 0 0 0 0 13 8 0 0 11 0 2 0 0 0 0 0 0 0 0 0 0 0 0 0 0 0 11 0 0 0 0 0 13 0 0 0 14 1 0 0 0 
 3 0 1 0 0 0 0 6 4 0 0 7 2 4 3 0 1 2 0 0 35 46 427 244 45 273 64 104 44 58 273 87 256 115 306 175 0 137 240 49 0 0 0 0 0 2 0 1 0 0 0 0 62 0 0 0 36 0 0 0 1 0 0 0 0 0 1 0 0 3 0 6 0 0 0 3 3 0 0 44 0 0 0 0 0 0 0 0 2 0 0 0 0 0 0 0 0 0 5 0 0 17 17 13 54 0 10 0 0 13 36 42 1 24 12 11 10 42 0 0 10 15 0 0 0 0 7 7 0 0 0 0 10 8 40 0 0 0 18 31 0 0 0 0 0 0 0 0 8 0 0 0 0 0 0 0 0 0 0 1 0 0 0 0 0 0 0 0 20 0 0 0 0 0 0 0 0 0 0 0 1 36 37 23 63 69 0 42 1 1 0 19 9 16 26 28 0 28 10 0 10 0 0 0 4 0 7 0 0 0 0 0 10 8 31 7 0 0 26 41 0 0 0 0 0 0 0 0 0 0 0 0 0 0 0 0 0 0 0 0 0 0 0 0 0 0 0 0 0 0 0 0 0 0 10 1 0 83 78 0 2 0 0 0 0 0 1 0 0 0 0 0 0 0 0 0 0 0 0 0 0 0 0 0 0 3 0 0 0 0 
 0 0 0 0 0 1 0 0 0 1 0 1 3 0 0 1 0 0 0 0 27 200 119 121 113 321 38 41 114 168 51 55 23 100 80 126 137 0 45 29 0 0 0 0 0 2 64 66 0 0 0 0 64 62 0 5 3 0 5 60 0 0 0 0 0 0 1 0 0 3 0 12 0 0 0 3 3 0 0 0 0 0 0 0 0 0 0 0 0 0 0 0 0 0 0 0 0 0 0 0 0 1 0 56 0 13 2 1 10 19 16 1 0 10 0 1 18 23 1 11 1 0 0 0 0 0 20 12 14 0 0 0 33 5 19 0 0 0 33 71 9 0 0 0 0 0 0 0 0 0 7 0 0 0 0 1 4 0 0 0 0 0 0 0 19 0 0 0 0 0 0 19 5 0 4 0 0 0 0 9 0 0 27 22 1 54 0 0 14 0 19 32 0 0 1 11 0 18 0 0 1 13 0 0 0 0 20 34 12 19 18 0 27 23 1 6 0 0 0 11 0 0 2 0 0 0 0 0 0 0 0 0 0 0 0 0 0 0 0 0 0 0 13 0 0 0 0 0 0 0 0 0 0 0 10 0 1 145 2 5 14 13 0 0 0 0 0 0 0 0 0 0 0 0 0 0 0 0 0 0 0 7 0 0 0 11 0 0 0 0 
 0 2 0 0 77 75 0 0 0 0 139 73 0 0 0 2 0 75 2 0 204 306 92 169 75 47 69 161 75 159 37 18 585 257 249 118 240 45 0 123 2 2 9 1 0 5 0 3 3 0 11 1 0 0 0 0 7 0 6 0 0 0 5 1 3 3 32 2 0 3 0 4 0 4 0 4 2 1 0 0 0 0 0 13 8 22 0 0 1 1 13 5 0 0 0 0 0 0 0 0 2 1 1 9 7 1 0 16 16 0 5 0 8 8 2 11 17 11 8 20 0 0 0 2 0 0 0 0 0 0 0 0 1 2 0 0 0 0 0 0 0 0 0 0 0 0 0 0 0 0 40 0 0 0 0 2 0 0 0 8 0 0 0 3 24 13 0 0 0 0 9 0 0 0 0 0 0 0 30 0 3 8 8 18 8 7 2 18 15 9 0 0 13 7 27 16 30 12 9 3 0 0 0 0 0 0 0 0 0 0 0 2 0 0 0 0 0 0 0 0 0 0 0 0 0 0 2 0 2 0 2 0 0 0 0 0 0 0 0 0 0 6 0 0 0 0 23 3 0 0 0 2 0 0 10 0 3 0 0 2 0 0 0 0 4 0 0 0 0 0 0 0 0 0 0 1 1 0 0 0 0 0 0 0 0 0 12 0 0 0 
 75 0 0 1 88 73 0 0 0 75 85 79 2 0 2 73 0 0 0 2 269 117 129 65 46 70 113 59 70 452 59 25 264 376 354 164 49 29 123 0 0 0 0 3 2 3 0 0 0 0 0 0 0 0 0 8 5 0 4 0 5 0 3 11 1 2 2 0 3 4 0 6 0 0 0 3 4 2 0 0 0 0 11 17 12 25 0 2 12 19 21 11 13 16 0 9 2 1 0 0 14 38 23 9 0 0 0 19 29 0 2 0 10 44 8 0 18 0 41 15 0 0 0 0 0 0 0 0 0 0 0 0 0 0 0 0 0 0 0 0 0 0 0 1 0 0 0 0 0 0 0 0 0 0 0 0 0 0 1 4 0 0 9 0 0 19 0 0 0 0 0 0 0 0 0 10 0 8 0 0 0 16 0 0 0 9 8 1 30 16 17 0 0 2 14 0 11 2 0 6 0 0 38 0 0 0 0 0 0 0 47 0 0 0 0 0 0 0 23 0 0 0 0 0 0 0 0 0 0 0 0 0 0 0 0 0 0 0 0 0 0 0 10 0 0 0 0 0 0 65 0 0 0 0 13 15 4 77 2 2 1 0 0 0 0 0 8 0 0 0 0 0 0 0 0 0 0 0 0 0 0 0 0 0 0 0 18 0 0 0 
 0 0 60 0 0 0 0 0 2 0 23 0 0 0 0 0 0 4 0 0 3 0 0 0 0 0 0 1 6 0 0 0 1 5 0 0 0 0 2 0 0 197 166 332 26 121 291 43 57 97 116 169 39 95 46 60 113 110 37 112 0 0 0 0 0 50 0 56 0 0 0 0 0 0 1 0 52 0 0 203 0 0 0 2 0 0 0 0 0 0 0 0 0 0 0 0 0 0 0 0 0 0 0 0 0 0 0 5 4 0 0 0 4 0 4 0 0 0 5 0 11 16 49 25 0 1 0 42 40 21 35 57 0 2 17 12 0 86 0 0 0 0 52 0 0 0 28 7 0 0 1 0 1 0 0 0 0 0 0 0 0 0 0 0 3 2 8 0 0 0 19 0 0 0 0 0 52 0 0 0 0 1 0 0 0 0 4 2 30 0 0 0 0 15 0 0 3 0 0 0 14 0 20 13 45 19 0 27 41 0 0 27 0 19 0 0 20 12 8 0 2 0 0 21 0 0 26 0 0 0 0 0 0 0 6 0 0 0 7 26 0 0 4 0 0 0 2 0 0 0 0 7 0 1 0 0 0 0 2 2 0 0 0 0 0 2 0 2 0 0 0 0 0 0 0 0 0 0 0 0 0 0 0 0 0 14 0 0 2 0 
 0 0 0 0 0 0 0 0 0 7 7 2 0 0 0 3 0 7 3 0 1 21 0 3 0 0 0 2 0 62 0 1 0 1 9 0 0 0 2 0 197 0 197 76 30 34 153 317 115 55 92 94 56 155 72 93 104 43 105 181 0 50 2 10 3 3 2 0 6 0 2 0 3 6 7 8 4 0 0 6 0 0 0 7 0 0 0 0 0 0 0 0 0 0 0 0 0 0 0 0 3 0 0 0 0 0 0 6 0 0 0 0 0 0 0 0 0 0 0 0 9 9 19 33 10 1 15 1 21 18 2 15 0 8 8 35 20 20 0 0 0 0 3 0 0 0 19 4 0 0 3 0 0 0 0 0 0 0 2 0 0 0 0 0 4 1 0 0 0 14 14 23 0 0 0 0 0 5 0 6 2 0 0 0 0 0 0 7 10 0 0 0 0 0 0 0 2 0 20 0 30 0 39 13 33 1 7 20 0 0 28 29 0 27 6 0 0 49 1 0 0 0 0 0 8 0 12 0 0 0 0 0 19 0 0 0 0 0 8 10 0 4 4 0 0 0 2 0 0 0 0 1 0 0 0 0 0 0 0 1 0 1 1 0 0 2 2 5 1 0 0 0 0 2 0 0 0 0 0 0 0 0 0 0 0 15 0 0 1 0 
 0 0 0 0 0 0 0 0 0 0 0 0 5 3 0 33 0 0 0 0 0 0 0 4 0 0 0 0 0 0 0 0 0 3 3 0 0 0 9 0 166 197 0 293 105 104 346 304 72 340 562 47 144 99 121 114 307 434 55 45 0 0 3 2 0 50 0 0 2 0 0 0 0 0 0 0 0 0 54 0 0 0 0 0 0 0 0 0 0 0 0 0 0 0 0 0 0 0 0 0 0 0 0 0 0 19 0 9 0 0 0 0 0 0 0 0 0 0 0 0 0 23 0 0 2 18 0 0 11 1 0 34 0 0 35 19 30 6 0 0 4 0 0 5 0 0 0 0 0 0 0 0 18 0 0 0 0 0 0 0 0 0 0 0 0 0 0 0 0 0 0 0 0 0 0 0 0 0 0 0 0 9 0 0 10 0 0 0 0 0 0 0 0 0 0 0 0 0 0 0 11 16 23 1 0 19 0 15 19 9 13 10 0 0 12 7 26 25 0 0 0 0 0 0 0 0 0 0 0 0 0 0 0 0 0 0 0 0 1 10 0 0 0 0 0 0 0 0 0 0 0 9 0 1 0 0 0 0 2 0 0 0 1 0 68 0 2 0 1 0 0 0 0 0 0 0 0 0 0 0 0 0 0 0 20 0 0 0 0 0 
 5 0 0 0 2 0 0 4 0 0 0 5 2 2 0 0 0 0 0 0 0 0 0 3 0 0 0 0 2 0 0 0 0 9 8 0 0 0 1 3 332 76 293 0 131 50 72 124 303 111 99 229 76 71 59 102 114 55 132 138 0 1 0 0 0 2 0 0 0 0 0 0 53 0 0 2 0 0 0 3 0 0 0 0 0 0 0 0 0 13 0 0 0 0 0 0 0 0 0 0 0 0 0 0 0 0 0 0 0 0 0 0 0 0 0 0 0 0 0 0 0 14 6 20 4 13 13 1 2 14 4 0 0 0 9 21 30 6 0 0 2 0 1 9 0 0 7 0 1 0 11 0 0 0 0 0 0 0 5 16 0 0 0 0 9 0 5 0 0 21 0 0 0 0 0 0 2 0 0 0 0 0 0 0 0 0 0 1 0 0 0 0 0 0 0 0 0 0 0 0 11 0 17 0 1 10 7 0 0 0 9 25 0 1 0 10 9 27 1 0 10 0 0 0 7 1 0 11 0 8 0 0 26 0 12 0 0 7 9 11 0 0 0 0 0 0 0 0 0 0 0 20 0 0 0 0 0 0 0 0 0 0 31 0 1 6 0 0 2 0 19 0 0 0 0 0 0 0 0 0 0 0 0 0 0 0 0 0 0 0 
 0 0 0 0 4 0 0 1 0 0 0 0 0 0 0 0 0 0 0 8 25 0 0 2 2 0 0 0 0 0 0 2 2 1 0 0 0 0 0 2 26 30 105 131 0 185 43 69 69 172 308 92 285 266 71 61 126 35 78 306 49 51 0 0 0 0 51 50 0 0 0 0 0 0 0 0 0 54 39 26 0 0 9 0 0 3 0 0 0 0 0 34 1 0 4 1 0 0 0 0 0 0 0 0 0 0 0 0 0 0 0 0 0 0 0 0 0 0 0 0 0 0 0 0 0 0 0 9 0 0 1 10 0 0 0 3 0 18 0 0 9 0 0 0 0 0 0 10 12 7 44 0 9 0 20 23 26 0 22 32 0 1 13 0 0 0 0 0 0 0 1 0 0 17 9 1 0 0 0 4 0 0 0 0 0 0 0 0 0 0 0 0 15 0 0 0 0 0 0 0 0 0 0 10 0 18 0 0 25 0 0 10 0 0 0 0 0 0 0 0 10 7 9 8 0 0 0 23 0 21 0 0 0 11 15 0 0 7 0 0 0 0 0 0 0 0 0 0 0 0 0 10 0 0 0 0 0 0 0 1 0 0 13 1 6 4 4 5 0 0 0 0 0 7 0 0 0 0 0 0 0 0 0 0 25 0 0 0 0 0 
 0 0 0 0 0 0 0 0 3 0 0 4 0 0 0 0 0 1 71 0 2 2 2 2 2 2 2 2 2 2 10 2 2 2 2 2 2 2 5 3 121 34 104 50 185 0 54 39 296 136 321 109 42 197 118 106 212 58 291 126 0 2 2 0 0 2 23 0 0 0 1 0 0 108 5 0 0 0 72 6 0 0 0 25 0 0 0 0 0 0 0 0 0 0 0 0 0 0 0 0 0 0 0 6 7 6 0 0 0 14 0 0 0 0 0 0 0 0 0 0 0 5 3 0 23 18 2 25 0 0 42 0 1 0 7 0 0 42 0 5 29 17 1 0 10 0 21 29 0 0 0 0 16 11 4 15 18 19 28 36 0 0 1 0 0 0 0 0 0 0 5 0 0 0 0 0 0 0 0 6 0 0 0 0 6 0 0 0 0 0 0 0 0 0 0 0 0 9 0 0 0 5 0 0 0 9 0 4 48 0 2 10 0 0 0 0 3 0 5 6 0 0 0 28 7 0 0 21 1 22 1 11 24 11 10 0 0 1 31 0 0 0 0 0 0 0 0 0 0 0 0 2 0 0 0 0 1 0 0 1 0 0 8 5 3 5 0 0 0 0 0 0 0 0 0 0 0 0 0 0 0 0 0 0 6 0 0 0 0 0 
 0 2 17 0 0 0 0 5 0 0 0 0 2 2 4 0 4 0 0 4 0 0 0 65 65 63 0 0 0 0 0 0 0 0 0 0 0 64 0 0 291 153 346 72 43 54 0 221 113 52 218 78 181 199 240 50 110 28 35 49 0 0 0 0 0 0 0 0 0 0 0 0 0 0 0 0 201 1 0 0 13 0 1 0 0 0 1 0 0 0 0 2 8 0 1 5 13 0 0 0 0 0 0 0 0 10 0 46 0 0 0 0 0 0 0 0 0 0 0 0 0 7 20 16 0 0 1 22 1 7 16 13 0 10 30 62 2 9 0 0 0 0 3 0 0 0 2 2 0 0 0 0 0 0 0 0 0 0 0 0 0 6 7 5 0 0 5 0 3 0 0 0 0 0 4 22 0 0 0 1 0 0 0 9 14 0 0 0 0 0 0 0 1 0 0 0 0 0 0 0 20 1 26 17 22 10 18 31 18 11 22 13 1 7 24 0 1 12 11 17 0 0 0 0 6 0 0 0 0 0 0 0 11 0 10 0 0 0 8 10 0 0 0 0 0 0 0 0 0 16 0 16 0 1 0 0 0 1 2 2 0 0 0 0 0 4 2 0 0 0 0 0 0 0 0 0 0 0 0 0 0 0 0 0 0 0 0 0 0 0 
 0 0 0 0 0 0 3 0 2 0 3 0 0 0 0 0 0 0 2 0 0 0 64 80 26 55 0 0 1 0 68 274 2 1 3 0 1 66 3 0 43 317 304 124 69 39 221 0 72 48 53 93 379 178 77 34 156 90 55 136 2 0 0 0 0 0 0 0 0 6 0 2 1 14 0 0 0 0 0 0 0 0 0 0 0 0 0 0 0 0 0 0 0 0 0 0 0 0 0 0 0 0 0 14 0 4 0 0 7 0 0 10 0 0 0 0 0 11 0 0 1 0 0 0 32 0 8 8 0 0 0 16 9 20 39 26 23 0 3 10 5 0 0 7 0 0 0 0 0 0 0 11 0 0 7 5 0 0 5 0 0 0 0 0 0 0 7 0 0 0 0 0 0 0 0 0 0 0 0 4 0 0 6 13 11 0 0 0 0 0 0 3 0 0 0 0 0 1 0 0 35 9 32 0 1 10 1 22 13 11 23 0 0 11 19 8 13 34 0 7 0 0 4 0 0 0 0 0 6 0 0 14 0 0 0 8 4 12 0 1 0 0 0 0 0 0 0 0 0 0 0 12 0 2 0 0 0 0 1 2 0 0 74 0 0 1 0 0 0 0 21 0 43 0 0 0 0 0 0 0 0 0 0 0 1 0 0 0 0 0 
 3 6 3 3 3 3 3 3 3 3 3 6 3 3 3 6 3 6 6 3 0 5 0 1 61 0 0 3 0 0 0 64 0 0 0 0 0 0 3 0 57 115 72 303 69 296 113 72 0 92 101 302 111 193 122 110 104 36 278 210 0 0 0 205 0 0 0 0 214 0 0 0 0 4 0 0 0 0 0 0 0 0 0 0 0 0 0 0 0 0 0 0 0 0 0 0 0 0 0 0 0 0 0 0 0 0 0 0 0 0 1 11 0 0 7 0 0 0 0 0 7 17 0 17 14 0 0 8 66 38 19 0 0 14 1 23 1 0 0 0 0 0 15 0 0 6 7 7 0 0 0 0 0 9 0 0 0 0 0 0 0 0 0 0 0 0 0 0 0 0 0 0 0 0 0 10 0 0 0 5 0 1 0 3 1 0 0 0 0 0 0 0 0 0 0 0 0 0 0 0 24 12 1 13 15 1 15 20 13 2 7 1 8 24 5 0 9 9 8 0 0 0 0 0 0 5 9 13 0 0 0 0 0 0 2 0 0 0 7 0 0 0 0 0 0 0 0 0 0 0 0 9 0 0 0 0 0 0 0 13 0 0 0 0 1 0 0 46 1 0 0 0 0 0 0 0 0 0 0 0 0 0 0 0 0 5 0 0 0 0 
 2 0 0 0 0 0 1 0 0 0 0 0 0 0 4 0 0 2 0 2 0 0 0 3 0 0 0 0 0 0 0 5 0 0 2 0 0 0 0 0 97 55 340 111 172 136 52 48 92 0 125 120 86 157 358 91 454 411 127 148 0 0 10 3 30 1 0 1 0 0 1 0 72 56 0 0 3 0 50 0 0 0 0 0 0 0 0 0 0 0 0 0 0 0 0 0 0 0 0 0 0 0 0 0 0 0 0 0 0 0 0 0 0 0 0 0 0 0 0 0 7 0 14 12 0 7 0 0 15 41 3 30 0 0 0 0 0 25 0 0 0 7 0 0 0 0 10 0 0 0 0 0 11 0 10 0 0 0 0 0 0 0 0 0 0 0 0 0 0 8 0 0 0 0 0 0 0 0 0 0 0 0 0 0 0 0 0 0 0 0 11 0 0 0 0 0 0 0 0 0 0 0 0 0 7 0 0 0 22 8 0 5 0 0 0 14 18 0 0 0 19 3 1 0 0 0 10 0 0 0 5 0 8 0 39 21 2 0 19 0 0 0 12 0 0 0 0 0 0 0 0 10 0 0 0 0 0 0 0 11 0 0 0 2 3 16 0 35 0 0 0 0 0 0 0 0 0 0 0 0 0 0 0 0 19 17 0 0 0 0 
 0 0 0 0 0 0 0 0 0 0 0 0 0 0 0 0 0 0 0 0 0 0 0 9 0 2 0 4 65 3 0 0 0 3 0 0 0 0 11 0 116 92 562 99 308 321 218 53 101 125 0 82 56 41 48 111 97 151 41 67 51 54 0 0 0 4 68 51 0 0 0 0 0 76 3 2 0 0 28 1 0 0 0 0 0 0 0 0 0 0 0 0 0 0 0 0 0 0 0 0 0 0 0 0 0 1 0 0 0 0 0 0 0 0 0 0 0 0 0 0 0 15 0 0 20 16 0 0 9 2 19 0 0 11 0 0 0 0 0 0 0 21 0 0 0 0 18 24 11 11 0 0 48 78 28 15 22 0 43 0 0 0 0 0 0 0 0 0 0 0 0 0 0 10 0 0 0 0 0 0 0 0 0 0 0 0 0 1 0 0 0 0 0 0 0 0 0 0 0 0 0 0 14 10 38 7 0 6 0 0 0 10 0 5 0 0 0 22 0 0 0 1 0 4 0 33 17 11 0 11 0 0 0 0 8 12 9 0 25 2 0 0 1 0 0 0 0 0 0 3 0 2 0 0 0 0 0 0 0 0 0 1 14 2 1 21 0 0 0 0 1 0 0 7 0 0 0 0 0 0 0 0 0 0 16 0 0 12 0 0 
 5 38 0 0 0 0 0 2 0 0 0 3 0 0 0 0 0 0 0 0 0 0 2 0 0 0 0 0 0 0 0 0 0 3 6 0 0 0 1 0 169 94 47 229 92 109 78 93 302 120 82 0 96 87 103 43 457 379 83 328 0 0 0 0 0 0 0 52 0 0 0 0 1 50 1 0 0 0 52 0 9 0 0 0 0 0 0 0 0 0 0 0 0 0 0 0 0 0 0 0 0 0 0 0 0 0 0 2 0 0 0 0 0 0 0 0 0 0 0 0 4 1 34 28 0 11 0 19 38 8 20 0 0 13 0 76 18 51 0 0 5 11 0 5 0 0 1 0 24 9 0 0 0 0 11 0 15 0 0 2 0 0 0 0 0 0 0 0 0 0 0 0 0 0 0 0 0 0 0 0 0 0 0 0 0 0 0 0 0 0 0 17 0 0 0 0 0 0 0 0 1 0 0 27 10 6 1 0 37 0 1 10 0 0 0 5 16 19 0 0 0 21 0 0 7 0 55 11 0 0 0 0 15 0 16 19 0 0 0 17 0 0 14 0 0 0 0 0 0 0 0 10 0 0 0 0 0 0 1 0 0 0 6 38 2 11 0 63 0 0 0 0 0 10 0 0 0 0 0 0 0 0 26 0 44 16 0 0 0 0 
 2 61 72 2 2 8 2 2 2 2 2 2 2 2 2 2 2 2 2 3 0 46 73 64 55 96 0 3 87 130 0 54 0 1 0 4 62 64 0 0 39 56 144 76 285 42 181 379 111 86 56 96 0 155 116 245 31 281 205 345 0 0 0 0 0 0 0 0 0 0 0 0 0 0 0 0 3 0 52 0 15 0 0 0 0 0 0 0 0 0 0 0 0 0 0 0 0 0 0 0 0 0 0 34 1 63 0 12 4 2 9 4 0 0 0 25 0 1 0 0 34 0 0 0 0 0 5 0 13 0 0 12 24 19 8 0 10 0 0 37 0 6 0 0 0 0 0 0 0 0 0 0 1 0 0 2 9 0 0 0 0 0 0 0 7 18 0 0 0 0 0 0 8 0 2 0 0 0 0 0 0 11 8 1 0 1 0 0 0 0 0 24 0 0 0 0 0 13 0 0 0 6 0 0 3 0 0 0 0 0 10 0 13 11 8 0 10 0 11 52 0 0 0 0 0 0 0 0 0 0 0 0 0 0 0 0 0 0 0 0 0 0 0 0 0 62 0 0 0 30 0 16 0 2 0 0 0 1 63 1 0 45 0 0 1 1 1 1 0 0 0 0 0 0 0 0 0 0 0 0 0 7 0 0 0 0 0 0 0 0 
 0 0 0 0 0 0 0 0 0 0 0 0 0 0 0 0 0 0 0 0 0 3 0 0 2 1 27 3 0 0 63 3 0 0 9 0 0 62 0 0 95 155 99 71 266 197 199 178 193 157 41 87 155 0 379 61 68 182 293 327 6 0 0 0 0 0 0 0 0 2 0 0 0 0 5 0 0 0 0 5 0 0 0 0 0 0 0 0 0 0 15 7 0 0 0 0 0 0 0 0 0 0 0 0 0 23 0 0 2 0 0 0 0 0 0 0 0 0 0 0 16 0 7 0 2 0 10 12 15 1 10 43 21 0 14 18 10 8 11 1 0 29 8 0 0 0 0 0 0 0 5 37 0 0 0 0 15 0 2 0 0 0 0 0 0 0 0 0 0 0 0 0 0 0 0 0 0 0 0 3 0 0 0 0 68 10 0 0 0 0 0 0 0 0 0 0 0 0 0 0 28 15 13 16 9 0 0 0 29 35 52 0 0 7 6 0 11 19 0 0 0 0 0 0 2 0 14 17 0 0 0 0 0 0 58 7 2 23 0 5 0 0 0 0 0 0 0 0 0 0 0 13 0 0 0 0 0 41 0 17 0 0 0 0 2 1 0 0 2 0 2 0 0 0 0 0 0 0 0 0 0 1 0 0 0 0 0 0 0 0 
 0 0 0 0 0 0 0 0 1 0 0 2 0 0 0 0 0 3 0 0 0 3 0 3 0 0 0 3 0 0 0 0 0 0 3 0 0 0 0 0 46 72 121 59 71 118 240 77 122 358 48 103 116 379 0 55 37 189 54 216 0 0 0 2 2 0 0 0 0 0 2 0 0 0 1 1 2 0 0 0 0 0 0 0 0 0 0 0 0 0 0 0 0 0 0 0 0 0 0 0 0 0 0 0 0 20 0 0 0 0 0 0 0 0 0 0 0 0 0 0 41 0 32 15 7 0 11 39 21 2 19 43 0 0 30 16 17 22 22 0 0 0 0 0 0 0 1 0 0 0 9 0 0 7 0 0 0 0 0 2 0 0 0 0 0 0 0 0 0 0 0 0 0 0 0 0 0 0 0 4 0 3 0 0 17 10 0 0 0 0 0 0 0 0 19 0 0 0 0 0 31 32 82 30 0 0 27 9 17 12 37 0 0 9 24 0 20 23 0 12 0 0 0 0 0 0 0 0 0 0 0 0 0 0 4 0 0 0 0 1 0 0 0 0 0 0 0 0 0 0 0 6 0 0 0 0 1 62 0 2 0 0 2 0 1 4 2 1 0 0 0 0 0 0 0 0 0 0 0 0 0 0 0 0 1 0 0 0 0 0 
 0 0 0 0 0 0 0 0 0 0 0 2 0 0 46 0 0 0 0 0 0 10 3 0 19 0 41 8 6 1 0 0 0 1 7 0 0 5 0 8 60 93 114 102 61 106 50 34 110 91 111 43 245 61 55 0 62 262 116 61 0 0 0 0 0 0 93 0 0 0 0 0 0 1 3 0 1 1 0 1 0 0 0 0 0 0 0 0 0 0 0 0 0 0 0 0 0 0 0 0 0 0 0 0 21 9 0 0 0 0 0 0 0 17 0 0 0 0 0 0 7 9 0 0 30 20 0 1 24 0 21 0 0 0 27 0 7 1 11 0 0 12 0 43 0 0 13 15 0 0 0 0 27 36 10 10 0 0 48 0 0 0 0 0 0 0 0 0 0 0 0 0 0 0 0 0 0 0 0 0 0 0 0 0 0 0 0 0 14 4 9 0 0 0 0 0 0 9 0 7 0 11 20 19 26 7 9 0 9 15 0 10 19 25 1 10 0 9 0 0 0 0 0 0 0 0 0 0 0 0 0 0 0 0 0 0 6 0 17 6 0 0 3 0 0 0 0 0 0 0 0 39 0 0 0 0 0 0 1 9 0 29 63 0 15 2 0 0 0 0 17 0 0 0 0 0 0 0 0 0 0 4 0 0 15 0 0 0 0 0 
 0 0 0 0 0 0 0 0 3 0 0 2 0 0 0 0 0 0 0 0 3 3 3 5 9 3 3 3 3 3 3 7 3 3 6 6 36 3 7 5 113 104 307 114 126 212 110 156 104 454 97 457 31 68 37 62 0 132 233 322 0 0 0 0 0 0 0 0 0 0 0 0 22 8 0 0 0 0 51 0 0 0 0 0 0 0 0 0 0 0 0 0 0 0 0 0 0 0 15 0 0 9 0 0 0 5 0 0 0 0 0 0 0 0 0 0 0 0 0 0 8 2 39 31 0 0 3 18 29 38 18 15 3 0 0 20 12 70 0 0 2 0 0 2 0 0 18 0 0 1 0 0 0 0 2 0 0 0 0 0 0 0 0 0 0 0 6 0 28 6 0 0 0 0 0 0 5 0 0 0 0 0 0 0 9 0 0 0 0 0 0 6 0 28 0 0 0 0 0 0 5 10 7 9 1 11 0 4 25 5 5 1 0 0 0 14 60 17 0 0 27 10 0 0 0 0 11 0 0 0 0 0 3 0 2 0 0 0 20 10 0 0 10 0 0 0 0 0 0 0 0 9 0 1 0 0 0 0 2 1 0 1 1 0 0 0 0 65 0 0 0 0 0 0 0 0 0 0 0 0 0 0 0 0 10 15 0 0 0 0 
 0 0 0 0 0 0 0 0 0 0 0 0 63 0 0 0 0 0 0 2 0 0 0 1 1 1 0 0 1 0 0 2 0 3 6 0 0 0 0 0 110 43 434 55 35 58 28 90 36 411 151 379 281 182 189 262 132 0 313 35 216 10 0 0 0 10 0 0 11 11 1 11 0 21 15 11 0 11 8 5 0 0 0 0 0 0 0 0 0 0 0 0 0 0 0 0 0 0 0 0 0 0 0 0 0 20 0 0 0 0 0 0 0 0 0 0 0 0 0 0 0 0 0 0 0 16 0 0 41 19 0 17 0 0 0 0 27 18 0 0 0 13 6 0 0 0 7 0 5 10 0 11 10 0 11 0 13 0 31 0 0 0 0 0 0 0 0 0 0 6 0 0 0 0 0 0 0 0 0 0 0 0 0 1 0 0 9 0 0 0 0 0 0 0 0 0 0 0 0 0 0 13 0 1 8 0 0 1 1 6 13 0 0 1 0 1 29 0 0 0 0 22 1 0 0 0 46 15 0 0 0 0 0 6 22 13 1 0 1 7 0 0 0 0 0 0 0 0 0 0 0 9 0 1 0 0 0 0 3 0 0 2 1 73 5 14 2 0 1 0 1 0 0 0 0 0 0 0 0 0 0 0 0 0 0 1 0 0 0 0 
 0 0 0 0 0 0 0 0 2 0 0 0 0 0 0 0 0 0 0 0 56 36 37 0 59 64 8 9 69 98 0 23 0 1 5 9 0 5 6 4 37 105 55 132 78 291 35 55 278 127 41 83 205 293 54 116 233 313 0 228 0 0 0 0 0 0 0 0 0 0 0 0 0 53 0 0 0 83 0 0 0 0 0 0 0 0 0 0 0 0 0 0 0 6 0 0 0 0 0 0 0 8 0 23 18 10 0 0 0 0 0 0 0 2 0 14 0 0 3 0 0 9 0 9 1 0 15 0 27 18 14 9 1 0 0 16 42 0 18 10 0 8 0 0 0 0 0 0 0 0 0 0 3 0 0 4 15 0 0 0 0 0 0 0 0 0 0 0 0 0 0 0 0 0 0 0 0 0 0 0 0 0 0 0 0 0 0 0 0 4 10 19 0 0 3 0 0 12 0 12 16 31 0 16 0 0 11 0 16 6 8 10 30 7 1 0 20 5 0 0 0 0 0 0 1 0 0 0 0 0 0 0 0 0 0 0 0 0 0 0 0 0 0 0 0 0 0 0 0 0 0 11 0 2 0 0 0 0 1 14 0 12 0 0 1 2 2 64 0 0 0 0 0 0 0 0 0 0 0 0 0 17 0 0 0 0 0 0 1 0 
 3 3 3 3 3 3 3 3 3 3 3 3 3 3 3 5 3 5 5 7 28 65 63 20 66 62 0 3 1 1 61 65 0 0 1 0 0 60 0 0 112 181 45 138 306 126 49 136 210 148 67 328 345 327 216 61 322 35 228 0 0 0 0 0 0 0 0 1 0 0 0 0 0 0 0 0 0 1 0 0 0 0 0 0 0 0 0 0 0 0 0 0 0 0 0 0 0 0 0 0 0 0 0 3 0 8 0 0 0 0 0 2 0 0 0 0 0 0 0 0 7 18 1 28 1 1 9 0 18 9 0 25 9 1 10 22 9 6 0 12 0 28 0 0 0 0 0 0 1 0 0 0 1 0 0 4 2 0 0 0 0 0 0 0 0 0 0 0 0 0 0 0 0 0 0 0 0 0 0 3 0 0 0 0 0 7 0 0 0 0 0 1 0 0 0 0 0 0 0 0 22 1 6 0 1 11 12 15 0 0 21 21 10 0 11 0 18 32 0 1 0 0 0 0 0 0 10 0 0 0 0 0 0 0 0 0 0 0 23 21 0 0 0 0 0 0 0 0 0 0 0 2 0 0 0 0 0 1 0 0 0 11 2 0 3 2 0 3 0 0 0 0 0 0 0 0 0 0 0 0 0 8 0 0 0 0 0 0 0 10 
 0 0 0 0 0 1 0 0 0 0 0 3 0 0 0 0 0 0 0 1 0 0 9 0 0 0 17 4 1 2 0 4 7 0 3 0 1 0 0 5 0 0 0 0 49 0 0 2 0 0 51 0 0 6 0 0 0 216 0 0 0 181 296 78 49 112 88 283 94 312 81 366 59 133 212 100 34 89 106 220 0 0 0 0 0 0 0 0 0 0 0 0 0 0 0 1 0 0 0 0 0 2 2 0 0 0 0 3 5 0 0 0 0 0 0 0 2 0 0 0 0 0 0 0 10 0 0 0 0 0 0 0 0 0 0 0 0 0 0 0 0 16 27 0 0 0 36 13 0 0 7 21 1 24 0 9 19 0 10 0 0 0 0 14 0 0 0 0 0 0 0 0 0 0 0 0 0 0 0 0 0 10 9 0 0 0 0 0 1 11 7 19 0 7 0 0 0 0 0 0 0 0 0 1 0 1 0 5 0 1 0 0 0 0 0 0 0 0 4 1 0 0 7 7 24 0 15 12 28 19 18 0 0 0 10 9 17 23 2 8 0 0 0 0 0 0 0 0 0 0 0 0 0 0 0 0 20 11 0 0 0 0 10 85 0 0 5 0 0 0 3 0 0 54 0 1 0 0 0 0 0 0 0 0 1 0 0 7 0 0 
