 0 274 149 48 112 47 139 233 30 49 21 97 304 59 50 42 48 248 39 26 0 0 0 0 2 0 0 0 2 5 0 1 0 0 1 0 2 0 2 2 2 0 0 0 0 0 0 63 0 0 0 0 0 0 0 0 0 0 0 0 3 0 0 0 0 0 0 0 0 0 0 0 0 3 0 0 0 0 3 0 18 37 0 20 0 11 11 0 22 14 10 0 14 12 0 45 0 29 17 0 0 0 0 0 0 0 0 0 0 0 0 0 30 0 0 0 0 0 0 0 0 0 0 0 0 0 0 0 0 1 0 0 0 15 0 0 0 0 0 0 0 0 0 0 0 0 0 0 0 0 0 0 0 31 0 0 0 3 0 0 1 4 10 0 18 0 11 44 12 0 12 15 19 24 10 10 0 0 16 36 0 0 0 0 0 0 0 0 0 0 0 0 0 0 0 0 0 0 21 13 0 0 0 0 0 0 0 0 0 0 0 0 0 0 0 0 0 1 0 0 0 0 0 0 0 0 0 0 0 0 0 0 0 0 0 0 0 0 0 0 0 1 0 0 0 0 0 2 92 6 0 6 14 0 0 0 0 0 0 0 0 0 0 0 0 0 2 0 0 0 0 0 0 0 0 0 0 0 0 0 0 0 0 0 0 0 0 0 0 0 
 274 0 324 120 322 272 92 444 78 323 200 78 471 323 192 64 147 44 59 205 2 0 0 0 0 0 1 0 0 0 0 2 0 2 0 0 2 1 26 21 0 0 0 0 0 2 3 2 0 0 2 3 0 0 0 0 0 0 0 0 0 0 1 0 0 0 2 0 3 0 0 0 0 0 2 0 2 0 8 0 6 17 42 28 0 9 0 54 5 3 26 28 6 1 39 54 0 0 14 0 0 0 0 0 0 0 9 0 0 0 0 0 0 2 0 0 0 0 0 18 0 0 0 0 0 0 0 0 0 0 0 0 0 0 0 0 0 0 0 0 0 0 0 0 0 0 0 0 0 0 0 0 0 0 0 0 0 0 0 0 30 77 33 14 26 58 1 14 41 3 25 0 0 24 2 24 18 0 0 18 0 0 0 0 0 0 0 0 0 0 0 0 0 0 0 0 0 0 0 34 0 0 0 0 0 0 11 0 0 0 0 0 0 0 0 0 0 0 0 0 0 0 0 0 0 13 0 1 0 0 0 0 0 0 0 0 0 0 0 0 0 10 0 0 0 2 90 0 0 89 0 12 0 0 1 0 0 0 0 0 0 0 16 0 0 0 0 0 0 0 0 0 0 0 0 0 31 0 0 0 0 0 0 14 0 0 0 17 0 0 
 149 324 0 251 52 126 72 159 169 87 39 301 59 80 181 142 253 44 132 131 5 0 0 1 1 0 75 0 0 0 0 0 2 75 0 0 2 0 76 76 4 0 0 0 0 3 3 2 0 0 3 5 0 0 0 0 0 0 0 0 0 0 2 0 0 0 2 0 3 0 0 0 28 0 2 0 2 0 3 0 13 34 29 31 0 6 1 9 0 0 39 1 0 3 21 18 30 29 0 18 0 0 0 0 0 0 8 0 0 0 0 0 0 9 0 0 0 0 0 1 0 0 0 0 0 0 0 0 0 0 0 0 0 0 0 0 0 0 0 0 0 0 0 0 0 0 0 0 0 0 0 0 0 0 0 0 0 0 0 0 27 0 12 0 0 51 21 0 0 10 25 11 0 0 0 0 2 1 18 0 0 0 0 0 0 0 0 0 0 0 0 0 1 0 0 0 0 9 0 0 0 7 0 0 0 0 0 0 0 0 0 0 0 0 0 0 0 0 0 0 0 0 0 0 0 0 0 0 0 0 0 0 0 0 0 0 0 0 0 0 0 0 0 0 0 0 88 2 48 89 0 6 0 0 0 0 0 0 0 0 0 0 0 0 0 0 0 0 0 0 0 0 0 0 0 0 17 10 0 0 0 0 0 0 0 0 0 0 0 0 
 48 120 251 0 152 302 196 241 290 70 126 124 89 330 286 236 313 241 165 200 74 8 0 0 1 0 80 73 0 0 0 0 1 56 0 0 2 0 88 35 0 0 0 0 0 3 3 2 0 0 3 3 0 0 0 0 0 0 0 0 0 0 3 0 0 0 2 0 36 0 0 0 0 0 3 0 2 0 13 0 0 13 10 13 25 28 0 0 0 9 25 11 0 0 8 0 5 1 0 0 11 0 17 0 0 0 17 0 0 1 13 0 26 3 0 0 2 0 10 30 0 1 0 0 0 0 0 0 1 0 0 0 0 0 0 0 0 0 0 0 0 2 4 0 0 1 2 3 0 0 0 0 0 0 0 0 0 0 0 0 0 9 15 10 17 15 0 13 7 0 17 3 0 0 0 0 0 21 0 0 0 0 0 2 0 0 1 25 11 0 0 1 48 18 0 0 0 1 37 23 0 0 0 0 2 0 0 0 0 0 0 0 0 0 1 0 0 0 0 0 0 0 0 0 0 0 0 0 0 0 0 0 0 0 0 0 0 0 0 0 0 6 0 0 0 1 87 0 91 2 0 10 0 0 0 0 0 0 0 0 0 0 8 0 0 0 0 0 0 0 0 0 0 0 0 18 0 0 0 0 0 0 0 0 0 0 0 0 0 0 
 112 322 52 152 0 154 57 89 246 165 131 442 58 65 74 261 67 197 278 289 89 1 0 74 0 0 147 154 0 0 0 0 206 3 95 0 2 0 182 80 0 0 0 0 32 4 4 2 0 0 3 5 0 0 3 0 0 0 34 0 0 0 2 0 0 0 2 0 55 0 51 1 0 0 2 0 2 0 8 47 0 14 23 0 10 24 0 0 18 27 41 0 0 12 0 10 26 25 0 0 11 16 9 0 0 0 22 2 42 0 0 0 12 38 47 0 0 15 34 44 0 0 0 0 0 0 0 1 0 0 0 0 0 0 0 0 0 0 0 0 0 0 7 0 0 0 0 0 0 0 0 0 0 0 0 0 0 0 0 0 0 0 9 17 0 12 0 27 17 10 0 33 0 0 5 0 0 13 0 0 14 0 0 9 14 0 70 0 25 20 0 18 10 26 10 20 10 0 20 23 0 0 0 10 6 0 0 0 0 0 0 0 2 0 1 0 0 0 0 0 2 0 0 0 0 0 0 0 0 0 0 0 0 0 2 0 0 0 0 0 0 0 0 0 0 3 1 1 2 0 0 9 0 0 0 0 0 0 0 0 0 0 0 0 0 0 0 0 0 1 0 0 0 0 0 0 0 0 0 0 0 0 0 0 0 0 0 0 0 0 
 47 272 126 302 154 0 32 58 224 95 453 168 34 262 42 150 67 68 46 54 153 36 0 2 1 20 183 39 0 0 0 0 6 216 0 72 3 0 22 78 0 0 0 0 0 2 3 2 0 0 2 3 0 0 0 0 0 0 0 0 0 0 0 51 6 0 10 0 9 0 0 0 0 0 2 0 2 1 3 0 0 0 1 0 36 11 0 0 0 0 0 25 0 0 0 0 0 1 0 0 20 30 15 39 0 0 7 0 8 0 11 0 0 0 0 14 0 23 16 27 2 0 0 0 0 0 0 0 0 0 0 0 0 0 0 0 14 0 0 1 0 0 2 0 0 0 0 4 0 0 0 0 0 0 0 0 0 0 0 0 0 0 1 0 15 0 0 0 0 0 0 7 0 0 0 0 0 14 0 0 1 0 7 0 0 0 1 41 30 8 0 0 47 27 8 8 0 12 14 9 0 9 0 24 0 15 0 7 0 0 0 0 0 0 0 0 0 2 0 0 0 0 0 0 0 0 0 2 0 0 0 0 15 0 0 0 0 0 0 0 0 0 0 0 0 0 0 1 2 96 0 11 0 0 0 0 0 0 0 0 0 0 0 0 0 10 0 0 0 0 0 0 0 0 2 29 0 0 0 0 0 0 0 0 0 0 0 0 0 0 
 139 92 72 196 57 32 0 75 73 120 121 92 464 70 140 124 249 133 51 392 0 0 0 0 0 2 0 0 0 7 0 2 0 3 0 2 3 0 2 2 0 0 0 0 0 3 3 2 0 0 3 3 0 0 8 0 1 0 1 0 0 0 1 0 6 0 17 0 3 0 0 0 0 0 2 0 2 0 3 0 2 24 56 25 31 9 0 28 8 31 27 10 11 9 20 13 0 55 0 0 0 0 8 0 0 0 0 0 1 0 0 0 14 12 0 0 0 0 0 0 0 0 0 0 0 0 0 0 0 0 0 0 0 0 0 0 0 0 0 0 0 0 0 0 0 0 0 0 0 0 0 0 0 0 0 0 0 0 0 0 10 37 11 22 22 0 0 17 17 20 19 7 2 29 23 55 75 22 11 18 0 0 0 0 0 0 0 0 0 0 0 0 0 0 0 0 0 1 9 0 0 0 0 0 0 0 0 0 0 0 0 0 0 0 0 0 0 0 0 0 0 0 0 0 0 0 0 0 0 0 0 1 1 0 0 0 0 0 0 0 0 0 0 0 0 2 1 0 0 93 43 11 17 0 0 0 0 0 3 0 0 0 0 0 0 0 0 0 0 0 0 0 1 2 0 1 14 0 0 0 0 0 0 0 0 0 0 0 0 0 
 233 444 159 241 89 58 75 0 168 157 31 109 255 82 133 155 35 104 127 41 0 0 0 0 1 0 0 0 0 0 0 3 0 2 0 0 2 0 76 83 0 2 0 0 0 3 9 2 0 0 3 5 0 0 0 0 0 0 0 0 0 0 3 0 0 0 14 0 1 0 0 0 0 0 3 0 2 0 26 0 1 41 11 35 7 9 0 0 45 27 20 2 0 15 13 13 0 16 0 0 0 19 0 0 0 0 7 0 0 2 0 0 14 9 0 0 0 0 0 9 0 0 1 0 0 0 0 0 1 10 0 0 0 0 0 0 0 0 0 0 0 2 0 0 0 1 2 0 0 0 0 0 0 0 0 0 0 0 0 0 16 12 25 13 10 13 9 28 61 0 14 43 16 26 0 19 0 0 0 18 1 0 0 2 0 0 0 0 0 0 0 0 0 2 0 0 0 0 28 5 0 1 0 0 2 0 20 0 0 0 0 0 0 0 0 0 0 0 0 0 0 0 0 0 0 0 0 0 0 0 0 0 0 0 0 0 0 0 0 0 0 6 0 0 0 2 91 0 0 2 0 18 0 0 0 0 0 0 0 0 0 0 9 0 0 66 0 0 0 0 0 0 0 0 0 0 0 1 0 0 0 0 0 0 0 0 0 22 0 0 
 30 78 169 290 246 224 73 168 0 374 142 124 80 114 92 235 224 149 131 76 0 0 0 0 1 0 21 0 0 0 0 0 19 3 0 0 2 2 29 23 0 0 0 0 0 2 3 2 0 0 2 5 0 0 0 138 0 0 0 0 0 2 0 0 0 0 2 0 3 0 0 0 0 0 2 0 2 0 10 0 0 2 15 2 43 16 0 0 12 49 44 15 0 7 0 1 39 34 0 1 0 1 0 1 0 0 24 0 0 11 0 0 14 3 0 1 0 0 1 29 1 0 0 0 0 0 0 0 0 0 0 0 0 0 0 0 0 0 0 0 0 0 6 0 14 0 0 0 0 0 0 0 0 0 0 0 0 0 0 0 0 0 23 22 0 0 0 1 0 20 10 0 0 0 23 18 0 27 0 0 0 0 0 0 0 0 40 0 0 0 0 0 58 0 14 0 0 0 18 32 12 0 0 10 0 0 2 0 0 0 0 0 0 0 0 0 0 0 0 0 0 0 0 0 0 0 0 1 0 0 0 0 29 0 0 0 0 0 0 0 0 0 0 0 0 0 0 2 3 0 2 5 0 0 0 0 0 0 0 0 0 0 0 0 0 0 0 0 0 0 0 0 0 0 0 0 0 0 0 0 0 0 0 0 0 0 0 0 0 0 
 49 323 87 70 165 95 120 157 374 0 78 126 67 104 176 276 222 123 89 317 0 1 0 2 1 0 84 0 0 0 2 0 83 120 0 0 2 0 4 76 0 0 0 0 0 3 3 2 0 0 3 3 0 0 0 53 0 0 1 0 0 17 3 0 0 0 2 0 2 0 0 0 0 0 3 0 2 0 15 36 15 10 10 18 15 0 0 10 22 44 22 12 0 10 10 15 6 11 0 0 9 0 0 0 0 0 0 0 0 2 0 0 9 14 0 20 0 0 1 29 0 0 0 5 0 0 0 0 0 0 0 0 0 0 0 0 0 0 0 0 2 0 3 0 0 1 2 0 0 0 0 0 0 2 0 0 0 0 0 0 0 16 16 12 1 3 0 25 13 10 12 18 0 0 14 14 0 46 0 0 0 0 0 1 0 0 21 0 0 0 0 1 13 0 18 0 0 0 13 10 0 0 0 0 0 0 0 0 0 0 0 0 0 0 1 0 0 0 0 0 0 0 0 0 0 0 0 0 2 0 0 0 0 0 0 0 0 1 0 0 0 9 0 0 0 2 0 1 0 88 0 8 13 0 0 0 0 0 0 0 0 0 0 0 0 0 0 0 0 0 0 0 0 0 0 0 20 0 0 0 0 0 0 0 0 0 0 0 0 0 
 21 200 39 126 131 453 121 31 142 78 0 436 21 102 85 180 135 157 47 76 83 0 0 0 0 0 228 86 0 211 208 1 26 74 120 1 3 2 143 77 0 0 0 0 0 3 9 2 0 0 3 5 0 0 14 0 0 2 4 0 0 0 2 0 0 0 2 0 4 2 0 0 0 0 2 0 2 0 3 0 22 0 10 6 38 28 0 0 0 2 25 12 9 0 0 2 0 19 0 0 17 9 0 0 0 0 44 0 20 0 1 1 3 23 21 1 0 33 35 10 0 10 2 0 0 0 0 0 0 0 0 0 0 0 0 0 0 0 0 9 0 0 0 2 0 0 0 0 0 0 0 0 0 0 0 0 0 0 0 0 2 2 12 15 0 10 0 0 0 12 1 16 0 0 14 14 25 10 0 0 0 0 14 12 0 0 31 0 16 20 0 0 11 29 10 20 0 0 1 17 2 7 0 10 0 0 0 0 14 0 0 0 0 0 0 0 0 0 0 1 0 0 0 0 0 0 0 0 0 0 0 0 0 0 0 2 0 0 0 0 0 0 4 0 0 0 1 0 0 3 20 13 0 0 0 1 0 0 0 0 0 0 0 1 0 0 0 0 0 0 0 0 0 0 0 0 11 15 0 0 0 0 0 0 0 0 0 0 0 0 
 97 78 301 124 442 168 92 109 124 126 436 0 135 93 167 126 133 82 235 125 36 77 0 0 0 0 28 72 1 0 0 2 149 75 75 0 2 0 151 2 0 0 0 1 0 2 3 2 0 0 2 3 0 0 8 0 0 0 2 0 0 0 1 0 0 0 2 0 3 0 0 0 0 0 2 0 2 0 7 0 21 21 0 21 14 22 0 15 18 29 1 44 11 10 11 19 0 31 0 0 17 0 0 0 0 0 13 1 0 0 7 0 17 1 8 1 0 12 11 0 0 0 0 16 0 0 0 0 0 0 0 0 0 0 0 0 0 0 0 0 10 0 5 0 0 0 0 1 0 0 0 0 0 0 0 0 0 0 0 0 9 10 11 20 14 0 0 24 21 3 11 20 0 10 18 15 12 1 0 0 0 0 0 10 0 0 19 0 0 0 0 0 0 9 12 0 0 9 18 38 4 0 0 0 0 0 0 0 0 0 0 0 0 0 0 0 0 0 0 0 0 0 0 0 0 0 1 0 0 0 0 0 0 0 0 0 0 0 0 0 0 0 0 0 0 1 4 0 1 54 12 10 15 0 0 0 0 0 0 0 0 0 26 0 0 0 0 0 0 0 0 0 0 0 0 14 36 0 0 0 0 0 0 0 0 0 0 0 0 0 
 304 471 59 89 58 34 464 255 80 67 21 135 0 183 142 27 49 38 222 386 0 0 0 0 0 0 0 0 1 1 0 1 0 2 0 0 3 1 2 2 0 0 0 0 0 3 3 2 2 0 68 5 0 0 0 0 1 0 0 0 31 0 1 0 0 0 2 0 3 0 0 3 0 0 2 0 2 0 3 0 14 33 20 51 9 3 21 13 0 1 0 57 41 1 12 35 57 43 0 33 0 0 0 0 0 0 0 0 0 0 0 2 2 0 0 0 0 1 0 0 0 0 1 0 0 0 0 0 0 0 0 0 0 0 0 0 0 0 1 0 0 0 0 1 0 0 0 0 0 0 0 0 0 0 0 0 0 0 0 0 43 18 0 15 16 0 24 0 61 42 36 0 4 49 10 30 21 0 48 7 0 0 1 0 0 0 0 0 0 0 0 0 2 0 0 0 0 0 0 0 0 0 2 0 0 0 0 0 2 0 0 0 0 0 0 0 0 0 0 0 0 0 0 0 0 0 0 0 0 0 0 3 0 0 0 1 0 0 0 0 0 0 0 0 0 1 89 0 1 1 14 8 0 0 0 0 0 0 0 0 0 0 0 0 0 0 0 0 0 0 0 0 0 0 0 0 10 0 0 0 0 0 0 0 0 0 0 0 0 0 
 59 323 80 330 65 262 70 82 114 104 102 93 183 0 119 52 207 33 291 93 0 0 0 0 0 0 0 72 0 0 0 1 0 2 0 0 2 0 2 2 0 0 0 0 0 3 3 2 0 0 3 5 0 0 0 0 0 0 0 0 0 0 3 0 0 0 2 0 4 0 0 46 0 0 2 0 2 0 3 0 35 1 44 1 1 0 11 10 22 0 12 11 17 7 11 19 17 0 2 0 0 0 0 0 0 0 0 0 0 0 0 0 0 27 0 0 0 0 2 0 0 1 0 0 0 0 0 0 2 0 0 0 0 0 0 0 0 0 0 0 0 1 0 0 0 0 0 0 0 0 0 0 0 0 0 0 0 0 0 0 1 0 2 0 0 13 33 0 20 1 2 0 9 32 0 0 0 11 2 74 2 0 0 1 0 0 0 0 0 0 0 0 0 2 0 0 0 0 0 0 0 0 0 0 1 0 0 0 0 0 0 0 0 0 2 0 0 0 0 0 0 0 0 0 0 0 0 0 0 0 0 0 11 1 0 0 0 0 0 0 0 0 0 0 0 1 0 2 0 91 0 19 0 0 0 0 0 0 1 0 0 0 0 0 0 0 0 0 0 0 0 0 0 0 0 0 48 9 0 0 0 0 0 0 0 0 0 0 0 0 
 50 192 181 286 74 42 140 133 92 176 85 167 142 119 0 154 431 253 132 205 0 0 0 0 0 0 0 0 0 0 2 1 0 3 0 2 2 2 2 2 0 0 0 0 0 3 3 2 0 0 3 5 0 0 0 0 0 0 0 0 0 0 5 0 3 0 2 0 3 0 0 0 0 0 2 0 2 0 3 0 25 13 10 21 28 0 9 11 1 15 16 21 9 6 11 4 0 12 0 13 0 0 0 0 0 0 0 0 0 0 0 0 0 0 0 0 0 0 0 8 0 0 1 0 0 0 0 0 0 0 0 0 0 0 0 0 0 0 1 0 0 0 0 13 0 0 0 0 0 0 0 0 0 0 0 0 0 0 0 0 25 2 22 42 0 0 11 7 22 10 18 14 21 15 22 41 24 21 0 0 0 0 0 0 0 0 0 11 0 2 0 0 0 0 0 0 0 1 0 0 0 0 0 0 0 0 0 0 1 0 0 0 0 0 0 0 0 0 0 0 0 0 0 0 0 0 0 0 0 0 0 0 0 0 0 0 1 0 0 0 0 0 0 0 0 0 47 0 2 88 19 5 2 0 0 0 0 0 0 0 0 0 0 0 0 0 0 0 0 2 0 0 0 0 0 9 29 0 0 0 0 0 0 0 0 0 0 0 0 0 
 42 64 142 236 261 150 124 155 235 276 180 126 27 52 154 0 200 139 47 181 2 2 0 0 2 0 20 0 0 1 0 0 10 2 0 2 4 0 29 19 0 0 0 0 0 11 5 4 3 77 3 5 0 0 0 0 0 0 0 0 0 3 3 0 0 0 2 0 3 0 0 0 0 0 2 0 2 0 6 0 0 6 14 6 18 39 0 0 10 30 38 0 0 5 1 0 56 33 0 16 0 1 0 1 0 0 30 0 0 1 0 0 15 4 0 1 0 0 3 23 0 0 0 0 0 0 0 0 0 0 0 0 0 0 0 0 0 0 0 0 0 0 5 0 8 2 0 0 0 0 0 0 0 0 0 0 0 0 0 0 46 0 18 2 0 0 19 0 0 25 12 0 0 0 23 17 0 26 0 0 2 0 0 1 0 0 37 0 0 0 0 2 33 2 14 0 0 0 18 25 0 3 0 10 1 0 0 0 0 0 0 0 0 0 2 0 0 0 0 0 0 0 0 0 0 0 0 10 0 0 0 0 0 0 0 0 0 1 0 0 0 1 0 0 0 2 2 0 2 0 0 9 0 0 0 0 0 0 0 0 0 0 0 0 0 0 0 0 0 0 0 0 0 0 0 0 0 0 0 0 0 0 0 0 0 0 0 0 0 0 
 48 147 253 313 67 67 249 35 224 222 135 133 49 207 431 200 0 160 63 49 0 0 0 0 1 0 73 0 0 0 0 0 0 2 0 0 2 0 2 2 0 0 0 0 0 2 3 2 0 0 2 3 0 0 0 0 0 0 0 0 0 0 0 0 0 6 2 0 3 0 0 0 0 0 2 0 2 0 3 0 17 1 33 0 2 0 16 16 10 24 15 3 2 0 1 12 11 0 0 9 0 0 0 0 0 0 0 0 0 0 0 0 0 10 0 0 0 0 0 14 0 0 0 0 0 7 0 0 0 0 0 0 0 0 0 0 0 0 0 0 0 0 0 0 0 0 0 0 0 0 0 0 0 0 0 0 0 0 0 0 20 26 0 15 0 3 9 16 1 5 8 0 16 0 0 0 0 53 1 15 0 0 0 0 0 0 0 0 0 0 0 0 14 0 27 0 0 0 0 0 0 0 0 0 0 0 0 0 0 0 0 1 0 22 0 0 0 0 0 0 0 0 0 0 0 0 0 0 0 0 0 0 0 0 0 0 0 0 2 0 0 9 0 0 0 4 0 0 86 44 1 9 0 0 2 0 0 0 0 0 0 0 0 0 0 0 0 0 0 0 0 0 0 0 0 12 0 11 0 0 0 0 0 0 0 0 0 0 0 0 
 248 44 44 241 197 68 133 104 149 123 157 82 38 33 253 139 160 0 230 120 0 0 0 1 0 0 0 2 0 0 0 2 148 2 74 0 2 0 82 2 0 0 0 0 0 2 8 5 0 0 2 5 0 0 8 0 0 0 0 0 0 0 1 0 4 0 2 3 3 0 0 0 0 0 2 0 2 0 3 0 5 19 10 5 14 17 7 8 32 44 22 0 0 13 10 0 22 1 0 6 16 0 0 0 0 0 10 0 0 0 0 0 29 12 0 11 0 0 16 12 0 0 2 0 0 0 0 0 0 0 0 0 0 0 0 0 0 0 0 0 0 2 0 0 0 0 0 0 0 0 0 0 4 0 0 0 0 0 0 0 16 11 0 40 0 0 6 0 0 49 18 22 0 0 8 0 20 18 12 0 0 0 0 9 1 0 25 0 0 0 0 0 1 0 0 0 0 0 34 9 13 0 0 1 0 0 1 0 0 0 0 2 0 1 0 0 0 0 0 0 0 0 0 0 0 0 0 0 0 0 0 0 0 0 0 0 0 0 1 0 0 0 0 0 0 0 1 0 52 1 0 15 1 0 0 0 0 0 0 0 0 0 1 0 0 0 0 0 0 0 0 0 0 0 0 16 0 0 0 0 0 0 0 0 0 0 0 0 0 0 
 39 59 132 165 278 46 51 127 131 89 47 235 222 291 132 47 63 230 0 620 1 0 0 0 2 3 1 2 0 2 0 1 0 5 0 0 205 0 4 2 0 1 0 2 0 6 14 3 0 0 3 9 0 0 0 2 0 0 0 0 0 0 4 52 0 0 2 2 31 0 2 1 0 3 55 0 5 0 3 3 2 14 0 17 0 0 2 4 14 0 0 0 39 14 0 0 15 16 1 12 0 0 0 0 0 0 0 0 0 0 0 0 0 0 0 0 0 0 0 0 0 0 0 0 0 0 0 0 0 0 0 0 0 0 0 0 0 0 0 0 0 0 0 0 0 0 0 0 0 0 0 0 0 0 0 0 0 0 0 0 16 1 9 0 0 0 39 4 30 0 10 20 21 32 0 13 0 0 0 36 0 0 0 0 0 0 0 0 0 0 0 0 0 0 0 0 0 0 0 0 0 0 0 0 0 0 0 0 0 0 0 0 0 0 0 0 0 0 0 11 0 0 0 0 0 0 0 0 0 0 0 0 0 0 0 0 0 0 0 0 0 0 0 0 0 2 4 0 1 1 0 3 0 0 0 0 0 0 0 0 0 0 0 0 0 0 0 0 0 0 0 0 0 0 0 0 0 0 0 0 0 0 0 0 0 0 0 0 0 0 
 26 205 131 200 289 54 392 41 76 317 76 125 386 93 205 181 49 120 620 0 9 2 0 0 0 0 0 0 0 0 0 3 0 4 0 0 2 1 2 2 2 0 0 15 0 3 3 2 2 0 3 5 0 0 0 0 0 0 0 0 0 0 45 0 6 43 2 0 3 0 0 0 0 0 2 0 2 0 3 0 10 25 15 35 34 0 10 16 0 0 9 11 19 28 93 2 10 9 15 24 0 0 3 0 0 0 0 0 0 0 0 0 1 0 0 0 0 0 0 0 0 0 0 0 0 0 0 0 0 0 0 0 0 0 0 0 0 0 1 0 0 0 0 0 0 0 23 0 0 0 0 0 0 0 0 0 0 0 0 0 22 23 0 29 0 20 45 22 1 33 20 0 4 0 38 48 79 0 24 12 0 0 7 0 0 0 0 0 0 1 0 24 0 0 0 0 0 5 0 0 0 0 1 0 0 0 0 0 2 1 0 0 0 0 0 0 0 0 0 0 0 0 0 0 2 0 0 0 0 0 0 0 0 0 0 0 2 0 0 0 0 0 0 0 0 0 1 2 0 3 38 19 1 0 0 0 0 0 0 0 3 0 0 0 0 0 15 0 0 0 0 0 0 0 0 13 13 0 0 0 0 0 0 0 0 0 0 0 0 0 
 0 2 5 74 89 153 0 0 0 0 83 36 0 0 0 2 0 0 1 9 0 162 137 47 34 101 101 301 197 35 124 113 138 341 189 338 117 109 252 55 6 0 0 0 3 0 13 0 1 3 3 1 2 3 7 0 3 0 91 0 0 2 0 0 0 0 0 0 0 3 2 0 3 3 3 0 0 0 0 4 0 0 0 0 25 14 0 0 0 0 0 15 0 0 0 0 0 0 0 0 15 0 12 9 0 10 5 9 9 28 27 0 0 0 29 50 18 33 13 1 0 1 0 0 0 0 0 0 0 0 0 0 20 0 0 0 0 0 20 10 0 0 0 0 0 0 0 3 0 0 0 0 0 0 0 0 0 0 0 0 0 0 0 0 0 0 3 0 0 0 0 0 0 0 13 0 0 0 0 0 22 9 23 12 0 0 10 14 16 0 19 18 13 78 1 56 0 33 23 12 0 0 0 0 0 0 0 0 0 0 0 0 0 0 0 1 0 0 13 0 0 0 0 2 0 0 0 0 0 0 0 0 0 0 0 0 0 0 0 0 0 0 0 0 0 0 0 0 0 0 0 0 0 0 7 1 0 0 0 0 3 2 0 1 0 0 8 0 0 0 0 0 0 0 0 15 0 0 0 0 0 9 0 0 0 17 0 0 0 0 
 0 0 0 8 1 36 0 0 0 1 0 77 0 0 0 2 0 0 0 2 162 0 244 132 64 32 70 86 65 122 269 110 163 95 154 109 31 35 235 75 2 2 9 0 3 3 64 0 1 4 1 2 3 3 0 0 3 5 0 0 0 6 0 0 3 5 0 0 0 1 7 9 0 3 5 0 6 0 0 1 0 0 0 0 19 11 0 0 3 0 0 10 0 0 0 0 1 0 0 0 47 0 32 11 9 38 0 0 0 46 41 9 0 4 15 13 11 0 26 17 0 0 0 0 0 0 3 0 0 1 0 0 0 1 0 0 0 0 31 7 0 0 4 0 0 0 1 6 0 0 0 0 0 5 0 0 0 0 0 0 0 1 0 0 0 0 0 0 0 0 0 0 1 0 1 0 5 0 0 0 3 4 23 34 18 34 5 51 9 2 72 7 14 40 11 9 20 4 19 23 1 0 0 0 0 0 23 0 0 0 0 0 0 0 0 0 0 0 0 38 0 1 0 0 0 0 0 0 0 0 0 0 0 0 0 0 0 0 0 0 0 0 26 0 0 0 0 0 0 0 0 0 0 0 15 2 0 35 0 1 0 0 0 0 0 0 0 0 0 0 0 0 0 0 0 10 0 0 0 0 0 20 0 0 0 0 12 0 0 0 
 0 0 0 0 0 0 0 0 0 0 0 0 0 0 0 0 0 0 0 0 137 244 0 171 180 94 131 89 231 191 343 212 58 68 349 309 195 47 40 48 3 0 14 0 3 0 30 0 2 3 0 2 64 67 0 0 3 0 0 0 0 2 0 0 0 0 0 0 0 0 5 0 0 91 3 0 0 0 0 0 0 0 1 0 0 0 0 0 0 0 0 0 0 0 0 0 0 0 0 0 7 22 14 23 22 9 0 2 19 6 18 10 0 0 18 0 49 29 10 30 0 0 0 0 0 0 0 0 0 0 0 0 21 0 0 0 1 0 9 0 0 0 0 0 0 0 0 0 1 0 3 0 0 0 0 0 6 0 0 0 0 0 0 0 17 0 0 0 0 0 0 0 0 2 0 0 0 0 0 0 9 16 33 8 64 8 37 11 14 27 28 41 0 15 12 1 7 16 0 13 12 0 0 0 0 0 0 12 0 0 0 0 0 0 12 2 10 12 9 0 0 0 1 0 0 0 0 0 0 0 0 0 0 0 0 0 0 0 0 0 0 0 9 0 0 0 0 0 0 0 0 0 0 0 16 1 0 0 1 1 2 0 0 0 0 0 0 0 0 0 0 2 0 0 0 0 0 0 0 0 0 13 0 0 0 6 22 0 0 1 
 0 0 1 0 74 2 0 0 0 2 0 0 0 0 0 0 0 1 0 0 47 132 171 0 188 101 88 92 302 271 80 33 68 147 61 75 31 52 94 45 2 2 2 0 66 0 89 0 0 3 0 1 95 69 0 0 4 0 0 0 0 0 0 0 0 4 0 0 1 0 0 0 0 3 2 0 0 0 0 0 0 0 0 0 0 0 0 0 0 0 0 0 0 0 0 0 0 0 0 0 0 21 0 14 83 9 0 11 50 41 0 51 0 42 0 0 17 0 0 0 0 22 13 0 0 0 32 15 0 0 0 0 0 0 0 0 0 0 32 14 16 0 0 0 0 0 4 0 2 0 19 4 0 0 0 0 0 0 0 0 0 0 0 0 29 0 0 0 0 0 0 0 0 4 1 0 1 0 0 0 5 0 54 3 58 20 0 11 0 12 41 0 0 0 1 11 13 24 0 0 47 0 0 0 0 0 2 14 0 0 0 0 14 41 16 6 12 0 9 20 0 0 0 0 0 0 0 0 0 0 0 0 0 0 0 2 0 0 0 0 0 0 13 0 0 2 0 0 0 0 0 0 0 0 14 0 0 169 1 0 4 17 0 0 0 0 0 2 0 0 0 0 0 0 0 0 0 0 0 0 0 0 0 0 0 0 0 0 0 0 
 2 0 1 1 0 1 0 1 1 1 0 0 0 0 0 2 1 0 2 0 34 64 180 188 0 78 108 79 190 176 170 187 101 85 87 77 60 60 73 51 69 0 8 0 3 2 67 0 61 5 7 0 22 130 3 0 3 0 70 0 0 0 0 0 0 0 0 0 0 0 0 0 0 3 3 0 0 0 0 0 0 0 0 0 0 0 0 0 0 0 0 0 0 0 0 0 0 0 0 0 0 0 18 11 0 1 0 0 0 0 0 35 0 1 0 0 11 0 0 0 22 16 0 0 0 0 3 21 0 1 0 0 9 30 22 31 0 1 59 42 0 0 0 0 0 0 0 0 2 0 0 4 0 0 0 0 0 0 0 0 0 0 0 0 2 0 0 0 0 0 0 0 0 1 0 0 1 0 0 0 0 0 7 14 10 48 0 0 0 0 31 10 0 0 1 0 37 1 0 0 38 1 14 27 0 0 20 8 0 0 0 0 40 14 14 20 0 0 12 42 0 0 0 0 0 0 0 0 0 0 0 0 0 1 0 0 0 0 12 0 0 0 33 0 0 0 0 0 0 0 0 0 0 0 5 0 6 154 1 2 0 16 61 0 0 0 0 0 0 0 0 0 0 0 0 0 0 0 0 12 0 18 0 0 0 0 0 0 0 0 
 0 0 0 0 0 20 2 0 0 0 0 0 0 0 0 0 0 0 3 0 101 32 94 101 78 0 236 87 223 117 321 186 327 60 263 109 310 273 40 22 15 62 0 7 3 0 66 0 0 2 0 2 4 58 0 0 3 22 62 0 0 0 0 0 0 0 0 0 0 0 0 0 0 3 3 0 0 1 0 0 0 0 0 0 0 0 0 0 0 0 0 0 0 0 0 0 0 0 0 0 0 0 0 40 32 23 0 35 0 12 0 29 0 0 0 9 6 0 0 0 5 9 0 0 0 0 0 10 5 18 0 0 38 18 28 0 36 1 15 8 0 0 0 0 0 0 0 0 2 0 0 8 0 0 0 0 6 0 0 0 0 1 0 0 4 9 0 0 0 0 0 0 0 7 0 0 0 0 0 0 0 0 9 0 15 3 0 7 0 30 0 9 0 0 1 12 10 13 0 0 1 0 0 1 0 0 8 1 6 1 0 0 18 39 10 8 12 0 17 2 0 0 0 0 0 0 0 0 0 0 0 0 0 0 0 0 0 0 0 0 0 0 0 0 0 0 0 0 0 0 0 0 0 0 6 4 1 5 74 1 4 23 0 0 0 0 13 0 0 0 0 0 0 0 0 0 0 0 0 0 0 0 0 0 10 0 0 0 0 0 
 0 1 75 80 147 183 0 0 21 84 228 28 0 0 0 20 73 0 1 0 101 70 131 88 108 236 0 382 49 44 71 37 406 176 341 114 52 467 112 35 3 2 2 0 3 0 2 0 1 2 0 4 2 3 37 0 6 0 3 0 0 0 0 0 0 0 13 0 0 2 0 2 0 3 3 0 1 2 0 0 2 0 9 0 1 0 0 0 0 0 0 14 0 0 0 0 10 0 0 0 37 33 0 26 11 1 30 1 31 13 7 0 30 0 9 2 7 19 28 14 0 0 2 0 0 0 0 0 0 0 0 0 0 0 0 0 0 0 0 9 0 0 0 0 0 0 0 0 0 0 5 0 0 0 0 0 1 0 2 0 0 20 3 0 22 0 0 0 0 0 9 13 0 0 0 0 0 7 0 0 1 9 10 23 12 0 1 0 14 18 0 12 24 26 26 18 0 0 0 13 0 10 0 0 0 39 0 0 0 0 0 0 0 0 0 0 0 0 0 0 0 0 0 0 0 0 0 0 0 0 0 0 0 0 0 0 0 0 0 0 0 0 0 0 0 0 0 0 0 116 0 0 0 0 5 2 0 0 0 1 2 0 0 0 0 0 0 0 0 0 0 0 0 0 0 0 0 0 0 0 0 0 0 0 0 0 0 0 0 0 
 0 0 0 73 154 39 0 0 0 0 86 72 0 72 0 0 0 2 2 0 301 86 89 92 79 87 382 0 85 47 29 284 131 280 155 124 41 358 89 280 3 1 3 4 3 0 2 0 0 5 0 2 5 3 0 2 4 0 79 0 0 0 0 0 2 1 0 0 3 0 3 3 0 3 54 0 1 2 0 0 0 0 0 0 14 0 0 0 0 0 0 0 0 13 0 0 0 0 2 0 19 4 13 15 1 0 20 13 19 1 30 0 10 0 71 27 9 55 13 2 0 0 0 0 0 0 0 0 0 0 0 0 0 0 0 0 0 0 13 0 0 0 0 0 0 0 0 0 0 0 2 0 1 0 0 0 0 0 0 2 0 0 3 0 0 0 0 0 0 0 1 6 0 0 0 0 0 0 0 0 18 0 43 1 0 0 0 24 34 34 7 10 24 27 21 37 0 0 14 0 0 0 0 1 0 0 7 0 0 0 0 0 0 0 0 0 0 0 14 0 0 0 0 0 0 0 0 0 0 0 0 0 2 0 0 0 0 0 0 0 0 0 0 0 0 0 0 0 0 0 0 0 0 0 8 2 1 0 0 2 1 2 0 0 0 0 3 0 0 0 0 0 0 0 0 0 0 0 0 0 0 11 0 0 0 0 0 0 0 0 
 2 0 0 0 0 0 0 0 0 0 0 1 1 0 0 0 0 0 0 0 197 65 231 302 190 223 49 85 0 126 71 293 89 95 85 257 353 363 88 30 8 1 4 0 3 3 64 0 0 3 0 2 63 47 2 0 33 0 56 0 3 2 0 2 0 0 0 0 0 0 0 0 0 6 3 0 0 1 1 0 0 0 0 0 0 0 0 0 0 0 0 0 0 0 0 0 0 0 0 0 0 14 0 2 9 0 0 4 14 24 1 1 0 0 10 9 25 14 1 0 22 2 0 0 0 0 16 0 0 0 0 0 18 0 1 0 0 0 78 25 0 0 0 0 0 0 0 0 4 0 0 3 0 0 2 0 2 0 0 0 0 0 0 0 4 0 17 0 0 0 0 0 0 20 0 0 0 2 12 0 7 0 26 0 27 21 0 66 5 0 10 10 0 0 9 28 40 47 0 1 24 0 0 0 0 0 9 11 0 0 0 0 34 7 0 0 1 0 30 0 0 0 0 0 0 0 0 0 0 0 0 0 0 0 0 0 0 0 0 2 0 0 14 0 0 0 0 0 0 0 0 0 0 0 6 0 3 1 1 0 5 8 0 0 0 0 5 0 2 0 0 0 0 0 0 0 0 0 0 0 0 0 0 0 0 0 0 0 0 0 
 5 0 0 0 0 0 7 0 0 0 211 0 1 0 0 1 0 0 2 0 35 122 191 271 176 117 44 47 126 0 175 171 59 86 82 150 112 74 89 84 5 0 42 1 0 1 129 0 0 5 3 0 47 1 2 0 3 3 0 0 3 2 45 0 0 51 0 4 0 0 0 0 0 3 0 0 0 0 0 0 0 0 0 0 0 0 0 0 0 0 0 0 0 0 0 0 0 0 0 0 0 13 1 45 23 20 0 0 0 1 0 31 0 1 0 1 1 0 0 0 19 11 9 9 0 0 17 32 0 0 0 0 9 0 1 12 0 0 9 10 0 12 0 0 0 0 2 0 2 0 0 0 0 0 0 9 9 0 0 0 0 0 0 0 2 0 0 0 0 0 0 0 0 2 0 19 1 2 0 0 0 0 0 15 43 16 0 2 0 8 18 19 0 0 1 1 9 15 0 13 41 0 0 0 0 0 14 8 0 0 0 0 13 20 0 43 0 0 8 7 0 0 5 0 0 0 0 3 0 1 0 0 0 0 0 0 0 0 0 2 0 0 1 0 0 0 0 0 2 0 0 0 0 0 5 0 1 78 78 2 0 2 0 0 0 0 1 0 0 0 0 0 0 0 0 0 0 0 0 8 0 0 0 0 0 0 0 0 0 0 
 0 0 0 0 0 0 0 0 0 2 208 0 0 0 2 0 0 0 0 0 124 269 343 80 170 321 71 29 71 175 0 68 117 25 530 181 200 132 42 214 3 0 2 2 3 0 0 0 0 2 67 2 2 5 0 2 3 0 0 0 2 26 0 0 1 0 3 0 0 0 4 0 0 3 7 0 0 50 0 0 0 1 0 0 0 0 0 0 0 0 0 0 0 0 0 0 0 0 0 19 31 0 48 19 8 9 22 24 12 44 13 0 12 21 16 22 19 0 1 12 0 0 0 0 0 0 0 0 0 0 0 0 11 21 0 0 0 0 0 27 0 0 0 0 0 0 0 2 0 0 5 0 0 0 0 0 0 0 0 0 0 19 0 0 0 0 0 0 0 1 0 0 0 0 2 0 5 0 0 0 13 5 24 22 20 0 12 20 0 0 40 7 0 0 47 25 10 37 0 0 0 0 0 0 1 0 19 1 0 0 0 0 0 12 0 12 1 0 0 12 0 0 0 0 0 0 2 7 0 0 0 0 0 0 0 1 0 0 0 0 0 0 3 0 0 0 0 0 0 0 0 0 0 1 7 0 1 0 1 3 16 0 0 0 0 0 0 0 0 0 0 0 0 0 0 0 0 0 0 0 0 32 0 0 0 0 8 0 0 0 
 1 2 0 0 0 0 2 3 0 0 1 2 1 1 1 0 0 2 1 3 113 110 212 33 187 186 37 284 293 171 68 0 58 28 243 61 170 136 27 43 5 3 13 0 8 0 0 1 0 3 0 1 68 4 0 0 5 3 20 3 29 0 0 0 3 0 0 0 0 3 2 0 3 3 3 6 0 0 0 0 0 0 0 0 0 0 0 0 0 0 0 0 0 0 0 0 0 0 0 0 0 1 15 1 0 1 0 0 1 6 0 0 0 0 10 8 48 12 0 0 22 1 0 0 0 0 0 0 0 0 0 2 15 0 0 0 0 0 21 0 0 0 0 0 0 0 0 0 1 0 0 2 0 0 0 0 2 0 0 0 0 0 0 0 0 0 0 0 0 0 1 0 0 0 0 0 0 0 0 0 0 0 16 1 90 8 0 1 0 15 33 0 1 0 6 12 7 13 0 0 12 0 0 0 0 0 14 12 0 0 0 2 23 17 0 0 0 0 34 1 0 0 0 0 0 0 0 0 0 0 0 1 0 0 0 0 0 0 0 0 0 0 9 0 0 0 0 0 2 0 0 0 0 0 2 0 0 2 4 1 7 14 0 0 0 0 11 0 0 0 0 0 0 0 0 0 0 0 0 0 0 13 0 17 0 0 0 0 0 0 
 0 0 2 1 206 6 0 0 19 83 26 149 0 0 0 10 0 148 0 0 138 163 58 68 101 327 406 131 89 59 117 58 0 271 297 126 35 30 238 129 2 2 0 0 3 0 4 0 1 3 0 2 3 3 9 0 3 0 11 0 0 25 0 0 0 0 0 0 0 0 0 0 0 3 7 0 0 0 0 0 0 0 0 0 0 31 0 0 9 19 14 0 0 0 0 0 12 0 0 0 23 5 19 13 0 0 13 11 0 7 2 0 10 1 75 33 0 24 34 34 0 0 2 0 0 0 0 0 0 0 0 0 0 0 0 0 0 0 0 0 0 0 8 0 0 0 0 0 0 0 0 21 0 0 0 0 0 0 0 0 0 0 0 3 0 0 0 0 0 14 0 16 0 0 9 0 0 0 0 0 63 26 10 29 0 0 42 11 1 0 14 10 0 22 24 0 19 3 0 22 0 2 0 0 0 0 0 0 0 0 0 0 0 0 0 0 0 0 1 0 0 0 7 2 0 0 0 10 0 0 0 14 0 0 0 0 0 0 0 0 0 0 0 0 0 1 1 0 0 0 0 2 0 0 1 2 2 0 0 0 2 0 0 0 0 0 0 0 0 0 0 0 0 0 0 4 0 0 0 0 0 0 0 0 0 0 15 0 0 0 
 0 2 75 56 3 216 3 2 3 120 74 75 2 2 3 2 2 2 5 4 341 95 68 147 85 60 176 280 95 86 25 28 271 0 465 96 286 107 315 173 3 1 2 0 3 2 1 0 1 3 3 4 3 66 0 3 68 2 0 0 0 0 2 0 1 1 20 6 2 2 0 2 0 3 6 0 2 1 0 0 0 0 0 0 25 14 0 0 0 0 0 30 0 0 0 0 0 0 0 0 21 27 17 19 16 0 19 18 19 1 10 0 0 21 0 8 2 0 16 10 0 0 0 0 0 0 0 0 0 0 0 0 0 0 0 0 0 0 0 0 0 0 4 0 0 0 0 5 0 0 0 0 0 0 0 0 0 0 0 0 0 0 0 0 9 0 0 0 1 2 0 8 0 0 2 0 2 0 0 0 25 20 4 0 0 0 0 27 37 39 0 0 47 26 20 38 0 1 19 23 0 8 0 1 0 0 0 0 0 0 0 0 0 0 0 0 0 0 0 0 0 0 5 0 0 0 2 0 0 0 0 0 0 0 0 1 0 0 0 0 0 0 0 0 0 0 0 0 1 74 0 0 0 0 12 2 0 0 0 1 0 0 0 0 0 0 0 0 0 0 0 0 1 0 0 21 0 0 0 0 0 0 0 0 0 0 0 0 0 0 
 1 0 0 0 95 0 0 0 0 0 120 75 0 0 0 0 0 74 0 0 189 154 349 61 87 263 341 155 85 82 530 243 297 465 0 172 71 513 234 313 3 0 0 0 3 0 4 0 1 3 0 2 3 4 9 0 3 1 5 3 0 46 0 0 0 0 0 0 0 0 4 0 0 3 5 0 0 0 0 0 0 0 0 0 14 18 0 0 0 0 0 0 0 0 0 0 0 0 0 0 52 5 30 0 0 0 41 21 0 32 23 0 22 12 13 52 0 26 32 12 0 0 0 0 0 0 0 0 0 0 17 1 0 0 0 0 0 0 0 0 0 0 0 0 0 0 0 0 0 0 0 0 0 0 0 0 0 0 0 0 0 0 0 0 0 0 0 0 0 10 0 33 0 0 0 0 4 0 0 0 54 21 17 34 1 0 20 46 8 0 33 12 17 23 30 0 4 0 15 39 0 0 0 0 0 0 0 0 0 0 0 0 0 0 0 0 0 0 0 0 0 0 0 0 0 0 0 0 0 0 0 0 0 0 0 0 0 8 0 0 0 0 0 0 0 0 0 0 0 0 0 0 0 0 11 2 0 0 0 4 2 0 0 0 0 0 0 0 0 0 0 0 0 0 0 0 0 0 0 0 0 11 0 0 0 0 8 0 0 0 
 0 0 0 0 0 72 2 0 0 0 1 0 0 0 2 2 0 0 0 0 338 109 309 75 77 109 114 124 257 150 181 61 126 96 172 0 83 33 115 57 3 0 25 0 3 0 0 0 1 65 0 2 3 8 0 63 3 0 0 0 0 1 0 0 0 0 0 0 0 0 0 0 0 13 8 0 0 29 0 0 0 0 0 0 0 0 0 0 0 0 0 0 0 0 0 0 0 0 0 0 0 18 22 9 24 0 0 36 30 37 2 0 0 28 0 1 0 1 67 23 8 1 0 12 0 2 4 0 0 21 0 0 20 0 0 0 0 0 0 35 0 0 0 0 0 0 0 0 1 0 0 2 0 0 0 0 2 2 0 0 0 0 0 0 0 0 0 0 1 0 0 0 0 0 0 0 0 0 0 0 29 37 53 2 42 0 12 14 12 24 12 0 0 25 15 24 21 49 0 12 0 0 0 0 0 0 0 0 0 0 0 0 11 11 0 0 0 0 1 0 0 0 0 0 0 0 0 0 0 0 0 0 0 0 0 0 0 14 0 0 0 0 0 0 0 0 0 0 0 0 0 0 0 0 9 0 0 0 0 2 2 10 0 0 0 0 0 0 0 0 0 0 0 0 0 0 0 0 0 0 0 0 0 0 0 19 14 0 0 0 
 2 2 2 2 2 3 3 2 2 2 3 2 3 2 2 4 2 2 205 2 117 31 195 31 60 310 52 41 353 112 200 170 35 286 71 83 0 402 41 324 2 2 0 0 3 0 0 2 1 3 0 80 14 3 0 0 3 2 0 0 0 6 0 0 0 0 0 0 0 0 22 0 0 3 2 0 0 0 0 0 0 0 0 0 0 0 0 0 0 0 0 0 0 0 9 0 0 0 0 0 60 9 32 11 12 17 14 11 19 0 9 0 0 18 49 0 46 36 1 0 66 4 0 0 0 0 2 0 0 0 0 0 15 0 0 0 0 0 1 0 0 0 0 0 0 0 0 0 3 0 0 13 0 0 2 0 5 0 0 0 0 4 0 0 2 28 0 0 0 0 0 0 0 1 0 0 4 0 13 0 0 9 31 22 7 1 10 17 25 27 4 26 9 38 13 31 9 57 0 5 1 0 0 0 0 0 0 0 0 0 23 0 37 13 1 0 0 0 16 23 0 0 0 0 0 0 0 0 0 1 0 0 0 0 0 0 0 0 0 0 0 0 0 0 0 0 0 0 0 0 0 0 0 0 16 0 2 0 0 1 11 17 0 0 0 0 0 0 0 0 0 0 0 0 0 0 0 0 0 0 0 0 0 0 0 23 0 0 0 0 
 0 1 0 0 0 0 0 0 2 0 2 0 1 0 2 0 0 0 0 1 109 35 47 52 60 273 467 358 363 74 132 136 30 107 513 33 402 0 49 86 3 0 0 0 3 0 62 0 0 3 0 2 35 3 1 0 3 0 3 0 0 0 0 0 0 0 4 0 0 0 0 0 0 3 3 0 0 0 0 0 0 0 0 0 0 0 0 0 0 0 0 0 0 0 0 0 0 0 0 0 14 0 0 13 49 14 0 11 0 14 7 53 0 0 27 0 18 0 0 0 10 24 11 1 0 0 0 34 0 0 0 1 12 0 0 0 0 0 15 9 0 0 0 0 1 1 0 0 2 0 0 6 0 0 0 0 0 1 0 0 0 3 0 0 0 0 0 0 0 0 0 19 0 0 0 0 0 0 0 0 2 0 31 0 39 69 0 8 11 21 2 0 9 0 10 41 1 35 0 0 26 0 0 0 0 0 2 0 0 0 0 0 25 28 0 7 0 0 6 32 35 0 0 0 0 0 0 0 0 0 0 0 0 4 0 0 0 0 12 0 0 0 0 0 0 0 0 0 0 0 0 0 0 0 6 1 1 153 0 0 41 13 0 0 0 0 0 0 0 0 0 0 0 0 0 0 0 0 0 0 0 0 0 0 0 0 0 0 0 0 
 2 26 76 88 182 22 2 76 29 4 143 151 2 2 2 29 2 82 4 2 252 235 40 94 73 40 112 89 88 89 42 27 238 315 234 115 41 49 0 270 3 2 0 0 3 0 2 0 0 8 0 2 3 3 3 0 3 0 3 0 0 0 0 0 0 47 0 0 0 0 0 0 0 3 3 0 0 0 3 0 0 0 1 1 12 31 0 0 1 0 29 10 0 0 0 0 0 1 0 0 30 0 15 13 0 1 30 0 0 0 11 0 11 1 11 29 0 11 16 0 1 0 0 0 0 0 0 0 0 0 0 0 0 0 0 0 0 0 0 0 0 0 3 0 0 0 0 36 0 0 0 0 0 0 0 0 0 0 0 0 0 0 1 1 0 0 0 0 0 0 1 14 0 0 1 1 0 0 0 0 29 19 16 16 0 0 7 26 8 0 0 10 11 36 10 0 0 17 13 51 2 0 0 0 0 0 0 0 0 0 0 0 0 0 0 0 9 0 0 0 0 0 13 1 0 0 0 0 0 0 0 0 0 0 0 0 0 0 0 0 0 0 0 0 12 0 0 0 0 0 0 0 0 0 10 2 0 0 0 0 3 0 1 0 0 0 0 0 0 0 0 0 0 0 0 10 0 0 0 0 0 0 0 0 0 0 0 0 0 0 
 2 21 76 35 80 78 2 83 23 76 77 2 2 2 2 19 2 2 2 2 55 75 48 45 51 22 35 280 30 84 214 43 129 173 313 57 324 86 270 0 2 2 0 0 3 0 0 0 0 3 0 2 3 3 0 0 3 0 3 0 0 0 0 0 0 0 0 0 0 0 0 0 0 3 2 0 0 0 11 0 0 0 4 1 0 4 0 0 0 0 17 0 0 0 0 0 0 0 0 2 25 0 11 0 0 13 21 18 0 6 21 0 0 11 31 45 0 0 0 0 0 0 0 0 0 0 0 0 0 0 0 0 0 0 0 0 0 1 0 0 0 0 2 0 0 0 13 0 0 0 1 0 0 0 0 0 0 0 0 0 0 2 0 0 0 0 0 0 0 0 0 8 0 0 0 0 3 0 0 0 19 0 0 6 0 0 0 13 14 35 29 0 5 0 43 35 0 0 0 11 0 0 0 0 0 0 0 0 0 0 0 0 0 0 0 0 0 0 2 17 0 0 0 0 0 0 0 0 0 0 0 0 0 0 0 0 0 0 0 0 0 0 0 0 0 0 0 0 0 0 0 0 0 0 25 0 2 0 0 0 2 0 0 0 0 0 0 0 0 0 0 0 0 0 0 0 0 0 0 0 0 16 0 0 0 0 0 0 0 0 
 2 0 4 0 0 0 0 0 0 0 0 0 0 0 0 0 0 0 0 2 6 2 3 2 69 15 3 3 8 5 3 5 2 3 3 3 2 3 3 2 0 311 316 66 75 184 126 117 189 298 95 267 122 160 329 321 24 55 38 43 3 0 0 0 4 0 0 0 1 0 0 0 0 0 3 50 0 7 5 0 0 0 0 0 0 0 1 0 0 0 0 0 0 0 0 0 0 0 0 0 0 0 0 0 0 2 0 0 0 0 0 2 0 0 0 0 0 0 0 0 12 3 0 12 7 0 13 6 25 3 3 0 7 50 11 53 11 11 0 0 0 0 0 0 0 0 1 0 0 0 0 0 0 9 10 0 0 0 0 0 0 0 0 0 0 0 0 0 5 0 0 0 0 0 0 0 0 0 0 0 0 0 0 8 0 0 0 0 0 0 0 0 0 0 0 0 0 0 0 0 0 39 40 12 1 19 3 21 35 31 0 0 35 0 20 27 13 1 21 21 10 0 0 0 0 0 0 0 0 0 0 0 0 0 0 0 0 0 0 0 0 0 6 0 0 0 0 0 0 0 0 0 0 0 0 0 0 0 5 20 0 0 0 67 0 2 2 0 0 12 3 0 0 0 0 0 0 0 0 0 0 0 0 0 26 0 0 0 1 1 
 0 0 0 0 0 0 0 2 0 0 0 0 0 0 0 0 0 0 1 0 0 2 0 2 0 62 2 1 1 0 0 3 2 1 0 0 2 0 2 2 311 0 237 212 255 92 328 166 358 121 226 255 45 73 511 124 479 40 52 152 5 7 3 0 0 0 0 66 0 0 0 0 0 0 1 0 0 0 51 28 0 0 0 0 0 0 0 0 0 0 1 0 0 0 0 0 0 0 0 0 0 0 1 0 0 0 0 0 0 0 0 0 0 0 0 7 0 0 0 0 0 0 0 0 0 2 20 23 27 32 22 12 1 27 16 0 1 54 0 0 0 18 0 0 0 0 1 8 5 2 0 0 0 25 12 0 0 13 3 2 0 0 0 0 0 0 0 0 5 0 0 0 0 0 0 0 0 0 0 0 0 0 0 0 0 0 0 0 0 0 0 0 0 0 0 0 0 0 0 0 0 21 7 1 3 9 18 26 5 0 0 42 0 0 0 0 26 3 0 0 25 11 0 0 0 0 22 12 8 0 2 1 0 0 0 2 0 2 13 8 0 0 0 0 0 0 0 0 0 0 0 12 0 2 0 0 0 0 0 25 0 0 1 70 67 0 0 0 0 0 0 0 0 0 0 0 0 0 0 0 0 0 0 0 0 11 0 4 1 0 
 0 0 0 0 0 0 0 0 0 0 0 0 0 0 0 0 0 0 0 0 0 9 14 2 8 0 2 3 4 42 2 13 0 2 0 25 0 0 0 0 316 237 0 82 375 108 180 216 60 68 196 48 49 79 138 124 117 65 106 185 14 0 7 0 0 1 0 0 54 0 0 0 0 0 0 0 0 0 74 22 0 0 0 0 0 0 0 0 0 0 0 0 0 0 0 18 0 0 0 0 0 1 5 0 0 11 0 0 0 4 0 0 0 0 0 0 16 0 0 0 9 5 42 0 3 3 9 26 38 24 0 0 0 3 0 19 23 25 9 0 0 0 0 0 0 0 10 0 0 0 0 0 0 4 0 0 0 0 0 0 0 0 0 0 0 0 0 0 0 0 0 0 0 0 0 0 0 0 0 0 0 0 8 0 11 4 0 2 0 0 15 0 0 0 0 0 4 0 0 0 0 40 14 0 17 1 41 10 1 16 18 20 0 5 20 0 20 10 0 0 0 0 0 0 0 0 0 0 0 16 0 0 22 0 8 0 0 0 0 0 0 0 6 0 0 0 0 0 0 0 0 2 0 1 0 0 0 0 0 0 48 0 0 70 0 0 0 0 0 0 0 0 0 0 0 0 0 0 0 0 0 6 0 0 7 6 0 1 2 0 
 0 0 0 0 0 0 0 0 0 0 0 1 0 0 0 0 0 0 2 15 0 0 0 0 0 7 0 4 0 1 2 0 0 0 0 0 0 0 0 0 66 212 82 0 224 62 339 378 74 137 78 120 67 135 59 83 74 155 133 116 0 3 0 0 0 45 0 5 0 0 0 0 13 0 0 0 209 0 58 24 0 0 0 0 0 0 0 0 0 0 0 0 0 0 0 0 0 0 0 0 0 0 0 0 0 1 0 0 0 0 0 0 0 0 0 0 0 0 0 0 0 0 11 3 23 10 2 24 11 30 47 39 6 2 30 24 12 9 0 0 0 0 0 0 0 0 18 0 0 0 0 0 9 0 19 0 0 0 0 11 4 0 0 0 0 0 0 0 0 5 0 0 0 0 0 0 0 0 0 3 0 0 0 0 0 0 0 0 0 0 0 1 0 0 0 0 0 0 0 0 0 20 0 1 30 37 1 14 41 32 10 67 5 0 18 18 6 35 5 7 0 9 0 15 0 0 10 6 0 0 0 0 11 0 9 0 0 0 0 0 0 0 0 0 0 0 0 0 0 0 0 5 0 0 0 0 0 0 0 10 3 0 2 0 20 4 2 0 2 0 0 0 0 0 0 0 0 0 0 0 0 0 0 0 20 0 0 20 0 0 
 0 0 0 0 32 0 0 0 0 0 0 0 0 0 0 0 0 0 0 0 3 3 3 66 3 3 3 3 3 0 3 8 3 3 3 3 3 3 3 3 75 255 375 224 0 118 50 74 72 59 153 175 51 75 288 136 195 143 59 53 0 58 0 7 0 0 0 3 0 7 0 0 0 50 19 50 52 2 71 54 1 0 0 0 0 0 0 0 0 0 0 0 0 0 0 0 0 0 0 0 0 0 0 0 0 0 0 0 0 0 0 0 0 0 0 0 0 0 0 0 1 25 12 10 5 15 0 0 18 16 14 0 0 0 0 12 0 0 0 0 0 21 0 1 0 0 11 13 0 0 0 0 0 33 8 0 0 0 37 0 0 0 0 0 0 0 1 0 0 3 0 0 0 0 0 0 0 0 0 0 0 11 0 0 11 0 0 0 0 0 0 0 0 0 0 0 0 0 0 0 0 34 0 0 7 19 0 0 4 10 40 15 0 4 18 10 0 5 0 0 9 26 0 0 0 0 29 23 0 0 0 0 8 0 10 0 0 0 16 8 24 0 0 0 0 0 0 0 0 0 0 15 0 0 0 0 0 0 0 1 0 0 67 2 64 4 0 65 0 0 0 0 0 0 0 0 0 0 0 0 0 0 0 0 1 0 0 1 0 0 
 0 2 3 3 4 2 3 3 2 3 3 2 3 3 3 11 2 2 6 3 0 3 0 0 2 0 0 0 3 1 0 0 0 2 0 0 0 0 0 0 184 92 108 62 118 0 52 39 194 126 98 62 38 57 62 85 122 109 41 64 0 108 216 0 0 0 55 216 56 54 0 1 0 54 2 50 49 26 51 0 11 7 28 9 0 0 0 0 0 0 0 0 0 0 0 0 0 0 0 0 0 0 0 0 0 0 0 0 0 0 0 0 0 0 0 0 0 0 0 0 5 10 29 40 0 1 0 21 10 0 0 0 0 15 0 0 0 2 0 0 31 15 0 9 0 1 29 0 0 10 4 9 10 10 15 0 0 27 0 0 0 0 0 0 0 0 0 0 0 0 0 0 0 0 0 0 0 0 0 0 0 18 0 0 0 0 0 0 0 0 0 0 0 0 0 0 0 0 0 0 0 6 7 2 0 10 0 14 9 9 45 0 8 0 0 0 23 7 9 3 24 0 0 13 1 0 12 17 10 5 7 18 49 29 0 7 8 10 11 21 0 0 0 0 0 0 0 0 0 0 0 1 0 64 0 0 0 0 0 11 0 0 1 54 0 4 0 1 1 0 0 0 0 0 0 0 0 0 0 0 0 0 2 0 0 16 0 0 13 0 
 0 3 3 3 4 3 3 9 3 3 9 3 3 3 3 5 3 8 14 3 13 64 30 89 67 66 2 2 64 129 0 0 4 1 4 0 0 62 2 0 126 328 180 339 50 52 0 248 265 30 236 35 306 208 134 31 279 36 109 180 0 0 2 2 0 1 0 2 0 4 3 4 0 0 0 0 0 2 0 1 0 0 0 0 0 14 0 0 2 0 0 0 0 0 0 0 0 0 0 0 2 0 0 0 25 0 0 0 0 0 1 41 22 0 0 15 0 0 4 4 29 0 47 8 7 9 9 17 0 10 0 0 10 0 24 0 1 7 0 18 0 0 0 0 0 9 0 0 0 0 0 0 0 0 0 0 0 0 0 0 0 0 2 6 8 3 0 0 3 0 0 6 0 8 0 0 0 0 0 0 0 0 0 6 5 11 8 0 0 17 0 2 0 0 0 23 1 7 8 6 41 69 14 0 0 1 15 24 1 19 0 11 1 14 72 0 15 9 19 0 0 0 0 0 2 0 0 0 0 0 0 0 0 0 0 0 0 0 0 0 0 0 0 0 0 0 4 0 0 0 0 9 0 2 0 0 0 23 0 0 0 0 0 0 0 2 0 0 0 0 3 0 0 0 0 0 0 0 0 0 0 0 0 0 28 0 0 0 1 0 
 63 2 2 2 2 2 2 2 2 2 2 2 2 2 2 4 2 5 3 2 0 0 0 0 0 0 0 0 0 0 0 1 0 0 0 0 2 0 0 0 117 166 216 378 74 39 248 0 75 96 124 107 97 94 180 51 124 153 292 335 56 0 4 0 0 0 0 3 0 0 0 0 0 0 0 0 0 0 0 51 11 0 0 0 0 0 0 0 0 0 2 0 27 0 0 0 0 0 0 0 0 0 0 0 1 0 0 0 0 0 0 1 0 0 0 0 3 0 0 0 16 0 51 12 26 13 18 5 9 19 0 10 12 0 11 0 2 10 9 0 0 0 0 0 0 0 0 0 0 0 0 0 10 0 4 0 1 0 0 0 0 0 0 0 0 4 0 0 0 0 0 0 0 0 0 0 0 0 0 0 0 0 0 0 0 12 0 0 0 0 0 0 0 0 0 0 3 0 0 0 0 29 20 0 0 13 14 23 26 0 0 1 0 28 31 10 9 25 0 0 0 0 0 0 0 0 0 0 0 0 0 0 0 0 0 0 0 0 0 0 0 0 0 0 0 0 0 0 0 24 0 7 0 1 0 0 0 0 0 0 0 0 0 0 0 10 0 0 2 0 7 0 0 0 0 0 0 0 0 0 0 0 0 0 10 11 0 1 2 0 
 0 0 0 0 0 0 0 0 0 0 0 0 2 0 0 3 0 0 0 2 1 1 2 0 61 0 1 0 0 0 0 0 1 1 1 1 1 0 0 0 189 358 60 74 72 194 265 75 0 197 418 117 99 112 103 60 345 222 77 50 0 0 0 0 0 0 3 0 0 0 0 0 0 0 3 0 4 0 27 76 0 0 0 0 0 0 0 0 0 0 0 13 0 0 0 0 0 0 0 0 0 14 10 0 0 0 0 8 0 0 0 0 0 0 0 0 0 0 10 0 1 14 14 1 9 6 0 0 22 0 28 30 0 8 0 5 0 38 0 0 0 9 0 0 0 0 0 8 0 0 0 0 6 10 10 0 22 0 0 5 0 0 13 0 6 0 0 0 6 0 0 0 0 0 0 0 0 0 0 0 0 7 0 0 0 0 0 0 2 0 0 0 15 0 0 0 10 0 0 0 0 17 34 3 1 42 0 0 25 23 1 1 0 0 0 49 0 1 7 0 0 8 0 0 0 0 0 6 0 0 0 0 6 19 12 0 0 0 14 27 0 0 0 0 0 0 0 0 0 63 0 4 0 0 0 0 0 0 0 7 0 0 0 64 1 4 2 0 0 0 8 0 0 0 0 0 0 0 0 0 0 0 2 0 0 7 0 10 0 0 
 0 0 0 0 0 0 0 0 0 0 0 0 0 0 0 77 0 0 0 0 3 4 3 3 5 2 2 5 3 5 2 3 3 3 3 65 3 3 8 3 298 121 68 137 59 126 30 96 197 0 286 27 71 86 125 163 161 79 64 167 60 6 11 0 0 0 0 7 0 0 0 0 105 2 54 0 0 0 58 55 0 0 0 0 0 0 0 0 0 0 0 0 0 0 0 0 0 0 0 0 0 0 0 0 0 0 0 0 0 0 0 0 0 0 0 0 0 0 0 0 0 0 14 6 13 0 34 0 1 0 12 41 0 7 0 0 0 27 0 1 0 18 4 0 0 0 1 6 4 8 2 0 0 20 3 2 17 3 13 3 0 0 0 0 0 0 0 0 3 0 0 0 0 0 0 0 0 0 0 0 0 0 0 0 0 22 0 0 0 0 0 0 19 0 0 0 39 0 0 0 0 15 27 0 49 9 7 9 13 11 0 0 0 0 0 0 7 0 0 0 4 14 0 0 0 0 13 8 1 12 7 0 7 73 8 6 0 7 12 12 0 0 0 0 0 0 0 0 0 0 0 9 0 0 0 0 0 0 0 22 0 0 6 84 1 0 1 0 0 0 0 0 0 0 0 0 0 0 0 0 0 0 0 0 0 17 0 0 0 0 
 0 2 3 3 3 2 3 3 2 3 3 2 68 3 3 3 2 2 3 3 3 1 0 0 7 0 0 0 0 3 67 0 0 3 0 0 0 0 0 0 95 226 196 78 153 98 236 124 418 286 0 53 30 51 127 138 137 233 70 85 8 0 6 0 0 0 9 1 0 0 0 0 1 3 5 0 6 0 1 50 0 0 0 0 0 0 0 0 0 0 0 0 0 0 0 0 0 0 0 0 0 0 0 0 0 0 0 0 0 0 0 0 0 0 0 0 0 0 0 0 1 11 19 20 11 23 0 0 29 10 31 25 0 28 0 9 0 0 0 0 0 0 4 0 0 0 1 1 6 6 4 0 10 20 3 7 4 5 0 7 0 0 0 0 0 0 0 0 1 0 0 0 0 0 0 0 0 0 0 0 0 0 0 0 0 0 0 0 0 0 0 0 0 0 0 0 0 0 0 0 0 20 9 7 12 29 0 5 35 24 23 13 0 1 0 0 0 23 0 0 6 0 0 0 1 0 0 13 3 0 6 1 13 25 0 4 0 6 0 1 0 0 0 0 0 0 0 0 0 0 0 20 0 2 0 0 0 0 49 21 0 16 0 37 7 0 0 0 68 0 0 0 0 0 0 0 0 0 0 0 0 3 0 0 1 10 0 36 0 0 
 0 3 5 3 5 3 3 5 5 3 5 3 5 5 5 5 3 5 9 5 1 2 2 1 0 2 4 2 2 0 2 1 2 4 2 2 80 2 2 2 267 255 48 120 175 62 35 107 117 27 53 0 35 144 41 278 148 103 43 28 0 3 0 11 2 3 9 4 2 27 0 2 50 2 0 2 7 1 4 7 0 0 0 0 0 0 0 0 0 0 0 0 0 3 0 0 0 0 0 0 0 0 0 0 0 0 0 0 0 0 0 0 0 0 0 0 0 0 0 0 0 0 0 14 22 14 0 0 25 0 12 18 0 0 0 7 0 0 0 0 5 13 0 0 0 2 6 16 0 0 1 0 73 22 23 23 1 0 15 9 0 0 0 0 0 0 0 0 0 3 0 0 0 0 6 0 0 1 0 0 0 0 0 0 0 0 0 24 0 8 0 0 0 0 0 0 0 0 0 0 0 20 11 6 1 58 0 0 27 1 11 18 0 0 10 27 15 0 0 7 14 0 1 2 6 0 16 29 2 2 0 3 0 9 18 0 16 0 23 1 0 0 0 0 0 0 0 0 2 0 0 10 0 0 0 1 0 0 0 17 0 0 0 0 0 3 0 63 0 2 3 0 0 0 0 0 0 0 0 0 0 0 0 0 24 0 0 0 0 0 
 0 0 0 0 0 0 0 0 0 0 0 0 0 0 0 0 0 0 0 0 2 3 64 95 22 4 2 5 63 47 2 68 3 3 3 3 14 35 3 3 122 45 49 67 51 38 306 97 99 71 30 35 0 91 134 139 21 22 95 244 2 0 0 0 0 0 0 0 0 0 0 0 0 0 0 16 2 0 0 0 0 0 0 0 0 0 0 0 0 0 0 0 0 0 0 0 0 0 0 0 0 0 0 30 8 6 0 0 0 0 0 71 0 0 0 0 1 0 0 0 28 35 48 3 8 3 0 27 3 0 2 2 0 0 15 18 14 2 14 0 0 0 0 0 0 0 0 0 1 0 0 0 6 0 0 0 0 0 0 0 0 4 0 0 2 0 0 0 0 0 0 0 0 2 0 0 0 0 0 0 0 0 0 0 26 28 0 0 0 32 0 10 0 0 1 0 0 15 0 1 36 6 7 2 0 0 36 25 0 22 6 0 12 9 0 7 11 2 25 7 0 0 0 0 0 0 0 0 0 0 0 0 1 2 0 0 0 0 34 3 0 0 1 0 0 0 0 0 0 0 0 9 0 0 0 0 0 127 0 0 0 0 2 0 2 0 0 0 0 0 0 0 50 0 0 0 0 0 0 0 0 0 26 0 2 0 0 0 2 0 
 0 0 0 0 0 0 0 0 0 0 0 0 0 0 0 0 0 0 0 0 3 3 67 69 130 58 3 3 47 1 5 4 3 66 4 8 3 3 3 3 160 73 79 135 75 57 208 94 112 86 51 144 91 0 150 141 46 98 168 79 2 0 0 0 0 0 0 0 0 0 0 0 0 0 0 0 0 0 0 0 0 0 0 0 0 0 0 0 0 0 0 0 0 0 0 0 0 0 0 0 0 5 10 0 12 0 5 1 9 5 0 4 0 3 0 0 2 0 0 0 12 0 0 0 2 0 34 22 20 0 0 0 1 22 20 9 40 16 5 2 0 0 0 0 0 0 0 0 0 0 0 0 0 2 20 0 0 0 0 0 0 0 0 0 5 0 0 0 0 0 0 0 0 9 0 0 0 0 0 0 8 0 9 11 4 7 0 24 0 1 2 8 0 0 0 0 12 43 0 0 7 21 28 26 0 20 0 16 17 0 0 0 22 2 17 47 10 0 9 11 0 0 0 0 0 0 0 0 0 0 0 0 0 0 0 0 0 0 0 0 0 0 34 0 0 0 0 0 0 0 0 5 0 2 0 0 0 61 62 2 0 0 0 0 2 2 0 0 0 0 7 0 0 0 0 0 1 0 0 9 0 0 0 0 35 5 0 0 1 0 
 0 0 0 0 3 0 8 0 0 0 14 8 0 0 0 0 0 8 0 0 7 0 0 0 3 0 37 0 2 2 0 0 9 0 9 0 0 1 3 0 329 511 138 59 288 62 134 180 103 125 127 41 134 150 0 234 557 39 389 196 5 0 19 0 0 0 0 3 0 0 0 0 0 3 0 0 0 1 3 53 0 0 0 0 0 5 0 0 0 0 0 0 0 0 0 0 0 0 0 0 16 0 0 0 0 13 11 0 0 0 1 1 3 0 3 6 0 6 20 0 8 9 7 18 0 1 22 15 0 12 0 8 11 7 26 19 24 10 1 0 0 0 0 0 0 0 0 0 0 0 0 0 0 0 0 0 0 0 0 0 0 0 0 0 0 1 0 0 0 3 0 26 0 0 0 0 0 0 0 0 0 0 0 15 0 22 10 0 0 0 0 0 0 2 6 0 10 0 5 11 1 0 0 0 0 0 36 30 0 20 11 50 0 8 0 0 25 0 13 10 0 0 0 0 0 0 0 0 0 0 0 0 0 0 0 0 0 0 0 0 0 0 0 0 0 0 0 0 0 0 0 22 0 2 0 0 0 1 70 1 0 0 0 0 2 14 0 0 0 0 0 0 0 0 0 0 0 0 0 0 0 0 0 0 3 12 0 0 1 0 
 0 0 0 0 0 0 0 0 138 53 0 0 0 0 0 0 0 0 2 0 0 0 0 0 0 0 0 2 0 0 2 0 0 3 0 63 0 0 0 0 321 124 124 83 136 85 31 51 60 163 138 278 139 141 234 0 133 52 30 58 62 0 5 0 0 0 0 0 0 0 0 0 51 2 0 0 0 0 77 81 0 0 0 0 0 0 0 0 0 0 0 0 0 0 0 0 13 0 0 0 0 0 0 0 0 0 0 0 0 0 0 0 0 0 0 0 0 0 0 0 28 5 36 54 20 0 1 11 0 23 20 30 0 38 6 60 14 17 0 0 1 0 0 0 0 0 9 0 0 0 0 0 3 2 9 0 0 0 1 3 0 0 0 24 0 0 0 0 0 6 0 0 0 0 0 0 0 0 0 0 0 0 0 0 0 0 0 0 0 0 0 0 0 0 0 0 0 0 0 0 14 0 11 20 26 5 42 40 0 43 0 15 26 0 0 12 25 9 22 5 0 13 0 0 0 0 21 0 0 0 0 0 23 16 30 0 0 0 0 0 0 0 0 0 0 0 0 0 0 0 0 8 0 1 0 0 0 0 0 1 0 0 4 0 0 1 0 0 0 0 0 0 0 0 0 0 0 0 0 0 0 0 0 0 0 29 0 0 2 0 
 0 0 0 0 0 0 1 0 0 0 0 0 1 0 0 0 0 0 0 0 3 3 3 4 3 3 6 4 33 3 3 5 3 68 3 3 3 3 3 3 24 479 117 74 195 122 279 124 345 161 137 148 21 46 557 133 0 113 49 201 0 0 0 14 0 0 0 15 0 34 0 0 0 0 0 0 0 0 0 1 0 0 0 0 0 0 0 0 0 0 0 0 0 0 0 0 0 0 0 0 0 0 0 0 0 0 0 0 0 0 0 0 0 0 0 0 0 0 0 0 58 0 32 51 0 10 10 14 1 19 19 0 12 0 1 21 1 10 9 0 0 0 0 0 0 0 0 17 0 0 0 0 0 10 13 0 0 0 12 14 0 0 0 0 0 5 0 0 0 0 0 0 0 0 0 0 0 0 0 0 0 0 0 0 0 31 0 0 5 0 0 0 0 0 0 0 5 0 0 0 0 16 12 10 14 13 1 0 12 18 25 25 0 23 6 2 2 19 0 0 0 0 0 0 0 0 13 0 0 0 0 0 0 13 0 0 0 0 11 0 0 0 0 0 0 0 0 0 63 0 0 12 0 0 0 0 0 0 7 0 0 0 1 2 1 13 1 1 1 0 0 0 0 0 0 0 0 0 0 0 0 0 0 0 19 8 0 0 0 0 
 0 0 0 0 0 0 0 0 0 0 2 0 0 0 0 0 0 0 0 0 0 5 0 0 0 22 0 0 0 3 0 3 0 2 1 0 2 0 0 0 55 40 65 155 143 109 36 153 222 79 233 103 22 98 39 52 113 0 24 301 0 2 2 0 0 2 50 0 0 0 0 0 52 0 50 0 0 0 114 22 0 0 0 0 0 0 0 0 0 0 0 0 0 0 0 0 0 0 0 0 0 0 0 0 0 0 0 0 0 0 0 0 0 10 0 0 0 0 8 0 1 5 10 0 30 6 5 0 51 13 0 7 0 1 0 35 9 9 0 0 0 20 0 0 0 0 19 8 27 0 0 0 16 24 17 0 2 0 9 1 0 0 0 0 0 0 0 0 0 0 0 0 0 0 0 0 0 0 0 0 0 0 0 0 0 0 0 0 0 0 0 0 0 0 0 0 0 0 0 0 0 29 16 7 45 4 0 11 13 0 13 0 0 0 11 25 0 6 0 0 0 8 0 0 0 0 0 1 0 0 0 0 20 2 19 0 0 0 15 9 0 0 0 0 0 0 0 0 0 0 0 7 0 0 0 0 0 0 0 11 0 0 0 73 0 1 1 0 2 0 9 0 0 0 0 0 0 0 0 0 0 0 0 0 15 16 0 0 0 0 
 0 0 0 0 34 0 1 0 0 1 4 2 0 0 0 0 0 0 0 0 91 0 0 0 70 62 3 79 56 0 0 20 11 0 5 0 0 3 3 3 38 52 106 133 59 41 109 292 77 64 70 43 95 168 389 30 49 24 0 247 0 29 0 0 0 0 1 0 0 0 0 0 0 0 0 0 0 0 0 0 0 0 0 0 0 0 0 0 0 0 0 0 0 0 0 0 0 0 0 0 3 0 0 0 4 0 9 0 0 0 9 0 0 0 23 14 10 19 4 0 0 0 0 17 0 0 16 66 0 37 0 0 11 36 19 0 32 16 22 0 0 0 0 0 0 0 0 0 0 0 0 0 0 0 0 0 0 0 0 0 0 0 0 0 0 60 0 0 0 0 0 0 0 0 0 0 0 0 0 11 0 0 0 20 0 31 0 0 1 0 0 1 3 5 6 30 0 3 0 5 8 0 0 9 0 0 25 15 0 0 1 19 17 8 0 15 8 24 13 0 0 0 0 0 0 0 0 0 0 0 0 0 0 0 0 0 0 0 0 0 0 0 0 0 0 0 0 0 0 0 0 8 0 2 0 0 0 25 34 0 0 0 0 0 0 14 11 0 0 0 0 0 0 0 0 0 0 0 0 12 0 0 0 0 0 0 0 0 0 0 
 0 0 0 0 0 0 0 0 0 0 0 0 0 0 0 0 0 0 0 0 0 0 0 0 0 0 0 0 0 0 0 3 0 0 3 0 0 0 0 0 43 152 185 116 53 64 180 335 50 167 85 28 244 79 196 58 201 301 247 0 3 0 4 0 0 0 0 0 0 0 0 0 0 0 0 0 0 4 0 51 0 0 0 0 0 0 0 0 0 0 0 0 0 0 0 0 0 0 0 0 0 0 0 0 1 3 0 0 0 0 0 2 0 0 0 0 0 0 0 0 7 2 22 11 8 19 14 27 0 35 0 9 10 9 18 0 20 11 0 0 0 0 0 0 0 0 0 0 0 0 0 0 10 0 0 0 0 0 0 0 0 0 0 0 0 0 0 0 0 0 0 0 0 0 0 0 0 0 0 0 0 0 0 0 0 29 0 0 0 0 0 0 0 0 0 0 30 16 0 0 0 25 12 0 0 0 25 50 9 0 0 4 0 18 19 0 20 27 0 0 0 0 0 2 0 0 0 0 0 0 0 0 0 0 0 0 0 0 0 0 0 0 0 0 0 0 0 0 0 0 0 12 0 2 0 0 0 0 65 0 0 0 2 0 1 8 0 0 0 0 0 0 0 0 0 0 0 0 0 0 0 0 0 0 6 11 0 1 1 0 
 3 0 0 0 0 0 0 0 0 0 0 0 31 0 0 0 0 0 0 0 0 0 0 0 0 0 0 0 3 3 2 29 0 0 0 0 0 0 0 0 3 5 14 0 0 0 0 56 0 60 8 0 2 2 5 62 0 0 0 3 0 93 194 39 109 28 132 67 119 299 141 54 168 118 45 92 92 378 48 82 0 16 0 0 0 0 0 10 0 0 0 0 0 0 0 0 0 0 0 0 0 0 0 0 0 0 0 0 0 0 0 0 0 0 0 0 0 0 0 0 8 0 0 8 0 10 12 0 0 0 0 12 0 5 0 5 0 6 0 0 1 0 16 3 1 37 0 0 5 35 5 7 0 0 10 12 1 0 0 1 0 0 0 0 0 0 0 0 0 0 0 0 0 0 0 0 0 0 0 0 0 0 0 0 0 0 0 0 0 0 0 0 0 0 0 0 0 0 0 0 0 0 5 3 9 0 0 5 0 0 0 0 0 0 0 0 12 0 0 0 1 0 7 14 0 11 9 0 14 2 0 0 8 26 7 0 9 0 0 16 0 0 0 0 0 0 0 0 0 0 0 0 0 0 9 0 0 0 0 0 0 0 50 0 0 0 4 0 0 0 0 2 0 11 0 0 0 0 0 0 0 0 0 0 0 9 0 0 0 0 
