 0 230 241 50 45 50 275 337 33 27 104 30 101 213 418 132 130 87 331 130 0 0 0 0 0 2 0 3 0 0 1 0 0 0 0 0 0 0 3 2 0 0 0 0 0 0 0 34 0 0 0 0 3 0 37 3 0 0 3 0 0 51 0 7 0 0 0 3 0 3 0 0 0 0 0 3 0 0 0 1 0 0 8 2 0 0 23 23 0 10 14 14 21 1 1 19 7 17 0 16 1 1 0 0 0 0 0 0 0 0 0 0 0 0 0 0 0 17 0 11 0 0 0 0 0 0 17 0 0 0 0 0 0 0 0 0 0 0 0 0 0 0 0 6 0 0 0 0 0 0 0 16 0 0 0 0 1 0 0 1 29 28 0 1 1 32 1 20 6 7 5 0 9 17 2 20 44 14 0 25 0 1 0 0 0 0 0 0 0 0 0 0 0 9 0 0 0 0 0 11 0 0 1 0 0 0 0 2 0 0 0 0 0 0 0 0 0 0 0 0 0 0 0 0 0 0 0 0 0 0 0 0 0 0 0 0 0 0 0 0 0 1 0 0 0 2 0 0 1 3 0 6 0 16 0 0 0 0 0 0 0 0 0 0 0 0 0 0 0 1 0 0 0 0 0 0 0 0 0 0 0 0 0 0 0 0 0 0 0 0 
 230 0 155 334 441 249 150 225 219 37 436 255 100 250 145 163 192 171 147 87 0 0 0 0 0 0 0 3 0 0 0 0 1 1 0 0 0 1 76 16 0 0 0 0 0 0 0 0 0 0 0 0 3 0 3 0 0 0 3 0 0 0 26 15 0 0 0 3 0 2 0 2 0 0 0 2 0 0 0 3 15 65 13 9 0 12 0 24 13 12 35 15 15 0 9 22 11 11 0 38 10 0 0 0 0 0 5 0 0 0 0 0 0 0 0 0 0 0 18 2 0 0 0 0 0 0 0 0 0 0 0 0 0 0 0 0 0 0 0 0 0 0 0 1 0 9 12 0 0 0 0 0 0 6 3 0 0 0 0 0 40 0 14 28 1 44 0 10 30 1 23 5 0 10 0 13 5 34 0 0 0 0 0 0 2 0 3 0 0 0 0 0 19 8 0 0 0 1 15 18 0 0 0 0 0 0 0 0 0 0 0 0 0 0 0 0 0 0 0 1 0 0 0 0 0 0 0 0 0 0 0 0 0 0 0 0 0 0 2 0 0 0 0 0 0 2 1 0 20 2 0 6 0 0 0 0 0 0 0 0 0 0 0 0 0 0 0 0 0 0 0 0 0 0 0 0 36 15 0 0 0 0 0 0 0 0 0 0 0 0 
 241 155 0 131 148 140 82 74 494 63 163 123 81 140 136 335 35 43 33 134 0 0 0 0 0 0 0 3 0 0 2 0 0 45 0 0 0 1 114 86 0 0 0 0 0 0 0 0 0 0 0 0 3 0 3 0 0 2 3 0 0 0 1 31 0 0 0 47 0 2 0 2 0 0 0 2 0 1 0 3 17 36 12 0 1 2 0 14 30 0 48 27 14 7 44 37 9 64 0 0 19 47 0 0 0 0 0 0 1 0 0 0 0 0 0 0 0 12 1 0 0 0 0 0 0 0 0 0 0 0 0 0 0 0 0 0 0 0 0 0 0 0 0 0 0 0 0 0 0 0 0 0 0 0 20 0 2 0 0 2 0 9 55 0 53 10 27 6 6 9 50 9 0 34 14 45 0 1 1 2 0 25 0 0 0 0 12 0 0 0 0 0 18 12 2 0 0 0 0 30 0 17 0 0 0 0 0 1 0 0 0 0 0 0 0 0 17 0 0 0 0 0 0 0 0 0 0 0 0 0 0 0 0 0 1 0 0 0 0 0 0 2 0 0 1 0 1 0 0 1 13 7 0 2 0 0 0 0 0 0 0 0 0 0 0 0 1 0 0 0 0 0 0 0 0 17 0 0 0 0 0 0 0 0 0 0 0 0 0 0 
 50 334 131 0 301 422 85 80 248 147 166 66 58 276 165 228 297 171 91 142 0 2 0 0 5 0 164 3 0 0 161 0 2 1 1 73 5 0 179 59 0 1 0 0 0 0 2 0 0 0 63 0 3 1 5 1 2 0 4 0 0 0 1 0 0 0 0 3 8 10 0 2 0 0 0 2 0 0 0 3 0 27 14 21 29 19 0 0 13 12 43 16 0 0 1 12 48 27 0 0 15 19 1 0 0 0 6 0 1 0 1 0 10 42 16 0 0 0 28 18 1 0 0 0 0 0 0 0 0 0 0 0 0 0 0 0 0 0 0 0 0 0 0 0 0 8 0 0 0 0 0 0 0 10 3 0 0 0 0 0 0 24 0 22 16 0 0 1 0 25 4 16 0 0 0 0 28 38 0 0 29 0 0 0 0 0 3 0 0 0 0 0 35 25 9 0 0 0 22 17 0 0 0 0 0 0 0 0 0 0 0 0 0 0 4 0 0 0 0 0 0 0 0 0 0 1 0 0 0 0 0 0 0 0 0 0 0 0 0 0 0 0 0 0 0 1 89 1 4 47 0 5 0 0 2 0 0 0 0 0 0 0 20 0 0 0 0 0 0 0 0 0 0 0 0 4 0 53 0 0 0 0 0 0 0 0 0 0 0 0 
 45 441 148 301 0 578 35 57 168 131 370 148 95 69 191 180 121 352 63 83 0 0 22 0 0 1 0 24 0 0 2 0 60 38 41 150 74 0 64 160 0 0 6 0 0 0 0 0 0 0 66 0 3 0 3 0 0 6 3 0 0 0 2 0 0 0 0 3 0 2 1 58 0 0 0 2 0 56 0 3 0 11 0 14 23 27 0 1 8 13 2 33 0 13 2 18 4 15 0 0 18 2 0 0 0 0 22 10 1 14 5 0 0 18 0 4 20 0 35 0 0 0 0 0 0 0 0 0 0 0 0 0 0 0 0 0 0 0 0 0 0 0 0 0 0 2 19 0 0 0 0 0 0 6 7 0 0 0 0 2 0 10 0 9 0 10 0 0 0 10 0 10 0 0 0 0 11 20 0 0 4 49 19 0 11 0 22 29 15 0 0 0 13 0 0 0 1 0 0 75 0 0 0 0 0 0 0 0 0 0 0 0 0 0 0 0 0 0 0 0 0 9 0 0 0 0 0 0 0 0 0 0 0 0 0 0 0 0 0 1 0 0 0 0 0 3 2 0 0 89 0 4 0 2 0 0 0 0 0 0 0 0 0 0 0 0 0 0 0 2 0 0 0 0 0 19 0 0 0 0 0 0 0 0 0 0 0 0 0 0 
 50 249 140 422 578 0 47 331 346 207 157 363 34 56 57 312 102 377 254 457 0 0 0 1 0 0 156 3 0 0 0 0 76 2 147 0 0 0 160 247 58 0 7 3 0 0 0 2 0 0 1 0 3 0 3 0 0 0 3 0 0 0 0 0 0 0 0 3 2 3 34 1 0 0 0 3 0 0 0 2 0 10 0 0 0 7 0 1 11 0 13 50 0 8 0 25 16 40 0 0 1 4 0 0 0 0 13 18 25 0 11 1 25 25 15 9 42 0 19 0 0 0 0 0 0 0 0 0 0 0 0 0 0 0 0 14 0 0 0 0 0 0 0 1 0 17 0 0 0 0 0 0 0 6 0 0 0 0 2 0 0 0 0 19 21 0 0 0 0 11 0 43 0 0 8 0 0 12 0 0 45 0 21 15 0 0 17 7 0 0 0 0 15 31 11 11 0 14 2 19 0 0 0 0 0 0 0 0 0 0 0 0 0 0 1 0 0 0 0 0 2 0 0 0 0 0 0 0 0 0 0 0 0 0 0 0 0 0 0 0 0 12 0 0 0 0 3 0 1 87 0 7 9 0 0 0 0 1 0 0 0 0 0 0 0 0 0 0 0 0 0 0 0 0 0 0 0 14 0 0 0 0 0 0 0 0 0 0 0 0 
 275 150 82 85 35 47 0 164 51 16 125 131 479 57 359 21 35 116 413 154 1 0 2 0 0 2 0 4 2 0 0 0 0 0 0 0 2 4 3 0 3 0 0 7 0 3 0 5 0 0 0 0 3 0 6 2 0 0 3 0 0 0 2 2 0 0 0 3 0 5 3 3 0 0 50 2 0 0 0 43 27 10 0 0 0 0 22 15 1 20 0 16 51 0 37 0 0 13 37 59 0 0 0 0 0 2 0 0 0 0 0 0 0 0 0 0 1 0 0 0 0 0 0 0 0 0 0 0 0 0 0 0 0 0 17 0 0 0 2 0 0 0 0 0 0 0 0 0 0 0 0 0 0 0 0 0 0 1 0 0 0 10 11 3 2 0 31 5 20 0 58 0 18 0 3 0 8 0 10 11 0 15 0 0 0 0 0 0 0 0 1 0 30 0 0 0 0 0 0 0 0 0 1 0 0 0 0 0 0 0 0 0 0 0 0 0 21 0 0 0 0 0 0 0 0 0 0 0 0 0 0 0 0 2 0 0 0 0 0 0 0 0 0 0 0 0 0 0 88 0 0 8 0 0 0 0 0 0 0 0 0 0 0 0 0 0 0 0 0 0 0 0 0 0 0 0 0 0 0 0 0 0 0 0 0 0 0 0 0 0 
 337 225 74 80 57 331 164 0 276 31 218 51 359 540 183 89 171 298 81 198 0 0 0 0 0 0 1 0 0 0 0 0 0 0 2 0 0 0 64 0 0 0 0 0 0 0 0 63 0 0 67 0 0 0 0 0 0 2 0 0 0 0 0 0 0 0 0 0 1 0 3 0 0 38 0 1 0 0 6 1 11 39 49 32 10 12 15 21 34 18 23 18 6 0 9 21 19 0 15 27 0 1 0 0 2 0 0 0 17 0 0 0 0 35 0 0 0 0 0 0 0 0 0 0 0 0 0 0 0 0 0 0 0 0 0 0 0 0 0 0 0 0 0 3 0 0 0 0 0 0 0 0 0 0 0 0 0 0 0 0 12 0 0 5 0 36 0 24 23 0 26 0 0 18 0 20 5 22 1 0 1 0 1 0 0 0 0 0 0 0 22 0 1 10 0 0 0 0 0 9 0 0 0 0 0 0 0 0 0 0 0 1 0 0 2 0 0 0 0 0 1 0 1 0 0 0 0 0 0 0 27 0 0 0 0 0 0 0 0 0 0 0 0 0 0 2 88 0 89 0 0 4 0 0 0 0 0 0 0 0 0 0 18 0 0 0 0 0 2 0 0 0 0 0 0 1 17 0 0 0 0 0 0 0 0 0 0 0 0 0 
 33 219 494 248 168 346 51 276 0 182 141 104 225 188 252 152 141 136 307 47 0 0 0 0 0 2 73 0 0 0 1 0 0 1 2 0 0 0 14 120 0 0 0 0 0 0 0 0 0 0 0 0 3 0 4 0 0 0 3 0 0 0 0 0 0 0 0 3 6 3 0 0 0 0 0 3 0 0 37 1 8 10 9 0 0 27 0 0 10 8 22 10 0 7 21 33 32 53 0 0 0 0 0 0 0 0 26 0 0 0 0 0 21 0 70 0 0 0 14 24 0 0 0 0 0 0 0 0 0 0 0 0 0 0 0 0 0 0 0 1 0 0 0 11 0 1 0 1 0 0 0 0 0 7 7 0 0 0 19 0 10 18 89 28 34 0 0 10 10 22 14 53 0 0 0 22 14 18 0 0 22 0 0 0 0 0 41 0 0 0 0 0 3 1 2 0 0 0 21 21 10 0 0 0 0 0 0 0 0 0 0 0 0 0 0 4 0 0 0 0 10 0 0 0 0 0 0 0 0 0 0 0 0 0 0 0 0 0 0 0 0 0 0 0 0 1 2 0 0 139 18 3 0 0 0 0 0 0 0 0 0 0 0 0 0 0 0 0 0 0 0 0 0 0 0 25 0 0 0 0 0 0 0 0 0 0 0 0 0 0 
 27 37 63 147 131 207 16 31 182 0 175 163 40 130 175 386 41 43 77 129 0 9 0 0 0 0 25 0 0 0 0 0 0 0 0 0 0 0 77 80 0 0 34 1 21 0 0 1 21 0 1 22 3 0 72 11 1 6 3 0 0 0 0 0 0 0 0 3 38 5 0 0 0 0 0 3 0 0 0 11 41 11 24 0 0 13 0 12 0 31 10 21 0 17 28 15 10 22 0 0 0 9 1 0 0 0 0 0 19 0 0 0 21 0 13 0 0 0 0 21 0 0 0 0 0 0 0 0 0 0 0 0 0 2 0 0 0 0 0 0 1 2 0 26 0 0 0 0 1 0 0 0 0 3 11 0 0 0 0 10 0 22 29 32 31 12 13 6 0 11 26 1 0 0 11 18 0 0 0 0 17 13 0 0 0 0 0 0 0 0 0 0 11 26 10 0 0 0 78 0 0 0 0 0 0 0 0 0 0 0 0 0 0 0 0 0 13 0 0 0 0 0 0 0 0 0 0 0 0 0 0 0 0 0 0 0 0 0 0 0 0 10 0 0 0 0 1 1 0 89 0 9 11 0 0 0 0 1 0 0 0 0 0 0 0 0 0 0 0 0 0 0 0 0 0 26 16 0 0 0 0 0 0 0 0 0 0 0 0 0 
 104 436 163 166 370 157 125 218 141 175 0 604 59 376 272 187 265 375 137 97 0 0 0 0 0 0 75 4 0 2 0 0 0 2 74 0 0 0 32 148 0 0 0 0 0 0 0 0 0 0 0 0 3 0 2 3 0 0 3 0 0 0 52 0 0 0 0 3 0 7 0 1 0 0 0 3 0 0 3 0 22 49 16 0 0 2 0 0 0 11 16 9 0 1 10 9 30 32 0 30 0 8 0 0 0 0 0 0 0 0 0 2 38 0 14 0 0 0 0 2 0 0 0 0 0 0 0 2 0 0 0 0 0 0 1 0 0 0 0 2 0 0 0 5 0 0 0 0 0 0 0 0 0 0 0 0 0 0 0 0 33 0 22 24 0 0 0 30 40 0 16 16 27 20 0 0 1 0 0 14 14 1 0 13 0 0 0 0 0 0 0 0 0 0 11 0 0 2 12 17 0 0 0 0 0 0 0 0 0 0 0 0 0 0 0 0 0 0 0 0 0 0 0 0 0 0 0 0 0 0 0 0 0 23 0 0 0 0 1 0 0 0 0 0 0 0 88 1 2 89 0 5 9 0 0 0 0 0 0 0 0 0 20 0 0 0 0 0 0 0 0 0 0 0 0 0 19 0 0 0 0 0 0 0 0 0 0 0 0 0 
 30 255 123 66 148 363 131 51 104 163 604 0 263 35 35 41 68 92 146 39 74 2 60 0 0 0 2 2 2 0 0 0 2 1 37 0 0 0 150 96 0 63 13 0 0 0 0 0 0 0 1 0 3 0 2 0 19 43 3 0 1 0 0 0 0 0 0 3 0 3 0 0 0 0 0 3 0 0 0 0 14 17 34 14 33 18 0 11 18 0 13 23 0 0 20 19 0 21 0 0 0 16 0 0 1 0 2 0 41 0 0 0 13 0 4 0 0 0 6 19 0 0 0 0 18 0 0 0 0 0 0 0 0 0 1 0 0 0 0 0 1 0 0 2 0 0 0 0 0 0 0 0 0 0 0 0 0 0 2 0 0 28 29 27 38 25 15 19 0 0 10 16 0 0 16 24 0 0 0 5 1 10 2 13 0 0 1 0 0 0 0 0 26 78 17 0 0 1 2 0 12 0 0 0 0 0 0 0 0 0 0 0 0 0 1 0 14 0 0 0 2 0 0 0 0 0 0 0 0 0 0 0 0 0 0 0 0 0 0 0 0 11 0 0 0 5 1 2 5 2 0 3 15 0 0 0 0 1 0 0 0 0 0 0 0 0 0 0 0 0 0 0 0 0 0 0 13 0 0 0 0 0 0 0 0 0 0 0 0 0 
 101 100 81 58 95 34 479 359 225 40 59 263 0 295 30 237 22 57 243 182 0 0 0 0 0 0 0 1 0 3 0 0 0 0 0 0 2 0 3 45 2 3 0 0 0 2 0 3 0 0 0 0 3 0 2 0 2 0 5 0 0 0 0 0 0 0 0 3 0 3 0 0 0 0 0 3 3 2 0 0 0 0 0 0 0 0 25 23 0 0 0 0 13 31 0 0 0 1 26 7 1 0 0 0 0 0 0 0 0 0 0 0 0 0 0 0 0 0 0 0 0 0 0 0 0 0 0 0 0 0 6 0 0 0 0 0 0 0 0 0 0 0 19 0 0 0 0 0 0 2 0 0 0 0 0 0 0 0 0 0 0 0 0 0 0 0 20 2 0 0 0 9 0 0 26 0 0 1 15 18 0 1 0 0 0 0 0 0 0 0 0 1 0 0 0 0 2 0 0 0 0 0 0 0 0 0 0 2 0 59 0 0 0 12 0 0 0 0 0 0 0 0 0 0 0 0 0 0 0 0 0 0 0 0 2 0 0 0 0 1 0 1 0 0 2 0 0 0 1 0 2 13 0 0 0 0 0 0 0 0 0 0 0 0 0 0 2 0 0 0 0 0 0 0 0 0 0 0 0 0 0 0 0 0 0 0 0 0 0 0 
 213 250 140 276 69 56 57 540 188 130 376 35 295 0 285 237 134 265 87 393 0 0 0 3 0 0 3 0 0 3 0 5 0 2 0 0 0 1 3 0 0 0 0 0 0 0 0 0 0 0 3 0 3 0 6 0 0 0 3 0 0 0 4 0 1 4 3 3 1 6 0 4 0 3 3 2 0 0 3 3 21 0 19 0 0 0 14 8 11 15 29 29 8 10 12 68 22 15 20 12 0 0 0 0 0 6 0 0 0 0 0 0 0 2 2 0 0 0 0 8 0 0 0 0 0 0 0 0 0 0 0 0 0 0 1 0 0 0 0 0 0 0 0 4 0 0 0 0 0 0 0 2 0 0 2 0 0 0 0 0 18 43 0 0 0 19 2 13 25 10 9 0 0 21 12 66 23 18 0 0 0 0 0 0 0 0 8 2 0 0 0 0 0 7 0 0 0 0 11 2 1 0 0 0 0 0 0 0 0 0 0 0 0 0 0 0 0 0 0 0 0 1 0 2 0 0 0 0 0 0 0 0 0 9 0 0 0 0 0 0 0 0 0 0 0 1 1 1 1 1 0 1 0 0 0 0 0 0 0 0 0 0 0 0 0 0 0 0 0 0 0 0 0 0 0 0 18 0 0 0 0 0 0 0 0 13 0 0 0 0 
 418 145 136 165 191 57 359 183 252 175 272 35 30 285 0 88 83 215 277 97 0 0 0 0 0 0 0 3 0 0 2 1 0 0 0 0 1 0 81 0 31 0 0 0 0 0 0 0 0 0 0 0 3 0 2 0 0 0 3 52 0 0 0 0 0 0 0 3 7 3 0 0 0 0 0 3 1 0 0 1 8 9 32 0 0 7 0 11 62 14 14 1 24 11 1 0 15 8 9 10 0 1 0 0 1 0 2 0 1 0 0 0 7 0 2 0 0 0 1 23 0 0 0 0 0 3 0 0 0 0 0 0 0 0 0 0 0 0 0 0 2 0 0 2 0 0 0 0 0 0 1 0 0 0 4 0 0 0 2 0 12 22 11 17 38 37 16 24 12 28 35 0 0 18 15 21 11 0 14 0 1 1 2 0 0 0 0 0 0 0 0 0 0 16 0 0 0 0 11 10 0 0 0 0 0 0 0 0 0 0 0 0 0 0 1 0 4 0 0 0 2 0 0 0 0 0 0 0 0 0 0 0 0 0 0 0 0 0 0 0 0 0 0 0 0 2 0 0 89 91 0 7 0 0 0 0 0 0 0 0 0 0 0 0 0 0 0 0 0 0 0 0 0 0 0 18 10 0 0 0 0 0 0 0 0 0 0 0 0 0 
 132 163 335 228 180 312 21 89 152 386 187 41 237 237 88 0 130 127 194 91 0 0 0 0 0 1 75 3 1 0 2 0 0 0 0 0 0 0 185 76 0 59 67 0 0 0 0 0 2 0 0 0 5 1 2 0 0 0 3 0 0 0 2 0 0 0 0 4 0 3 0 0 0 0 0 3 0 0 0 0 23 1 25 63 39 7 0 74 11 0 45 8 0 28 12 10 22 20 0 0 27 16 0 0 0 0 0 0 0 0 12 0 2 1 1 0 0 0 28 13 0 0 0 0 36 0 0 0 0 0 0 0 0 0 0 0 0 0 0 0 0 0 2 0 0 0 2 0 0 0 0 0 0 0 12 0 0 0 0 0 48 0 25 0 18 26 0 16 18 10 16 20 0 0 24 21 3 51 0 0 0 0 0 0 1 0 16 0 0 0 0 0 20 22 0 0 0 0 28 25 0 0 10 0 0 0 0 0 0 0 0 0 0 0 0 0 0 0 0 2 0 0 0 0 0 0 0 0 0 0 0 0 0 0 0 0 0 0 0 0 0 0 0 0 0 2 2 0 2 0 13 15 0 0 0 0 0 0 0 0 0 0 0 0 0 0 0 0 0 0 0 0 0 0 0 10 13 0 0 0 0 0 0 0 0 0 0 0 0 0 
 130 192 35 297 121 102 35 171 141 41 265 68 22 134 83 130 0 282 32 55 0 0 6 0 0 0 0 208 0 0 0 2 0 1 0 0 207 0 154 2 0 0 0 0 0 0 0 0 0 0 0 0 3 0 3 0 0 1 3 0 0 10 0 0 0 0 0 3 2 3 0 1 4 0 0 14 10 0 0 2 7 19 43 13 0 10 0 21 28 23 17 17 0 0 0 35 25 0 0 10 0 0 0 0 0 16 13 0 0 0 0 0 0 3 0 0 0 0 16 3 0 0 0 0 0 0 0 0 0 0 0 0 0 0 0 0 0 0 0 0 0 0 0 0 0 10 0 0 0 0 0 0 0 29 3 0 0 0 0 0 41 0 20 8 0 42 0 60 12 0 20 8 0 8 0 27 59 63 0 0 1 0 0 0 0 0 5 0 0 0 0 0 32 11 0 0 0 0 14 9 0 0 0 0 0 0 0 0 0 0 0 0 0 0 0 0 0 0 0 0 0 0 0 0 0 0 0 0 0 0 0 0 0 0 0 0 0 0 0 0 0 0 0 0 0 0 51 0 87 3 0 6 0 0 0 0 0 0 0 0 0 0 40 0 0 0 0 0 0 0 0 0 0 0 0 1 10 17 0 0 0 0 0 0 0 0 0 0 0 0 
 87 171 43 171 352 377 116 298 136 43 375 92 57 265 215 127 282 0 127 391 0 12 19 8 1 0 0 0 0 0 0 0 0 75 0 0 0 0 82 0 0 4 6 0 0 0 0 6 0 2 8 0 3 65 3 0 0 4 3 0 0 0 0 0 0 0 6 3 0 4 0 0 0 0 0 3 0 0 4 1 8 95 62 16 18 13 0 0 3 36 19 33 0 10 10 84 45 10 0 41 0 0 0 0 0 0 0 1 0 0 0 0 0 3 0 0 0 0 0 57 0 0 0 0 2 0 0 0 0 0 0 0 0 1 0 0 0 0 0 0 0 1 0 0 0 8 0 0 0 0 27 0 0 1 0 0 0 0 0 0 37 33 22 51 0 17 0 5 22 12 16 0 0 10 0 47 49 10 0 0 0 0 0 0 0 0 40 0 0 0 0 0 18 7 0 15 0 0 15 4 0 2 11 0 0 0 0 0 0 0 0 0 0 0 0 0 0 0 0 0 0 45 0 0 0 0 1 0 0 0 0 0 0 0 0 0 1 0 0 0 0 0 0 0 0 6 134 1 4 48 3 0 0 0 1 0 0 0 0 0 0 0 16 0 0 0 0 0 0 0 0 0 0 0 0 0 40 14 0 0 0 0 0 0 0 0 0 0 0 0 
 331 147 33 91 63 254 413 81 307 77 137 146 243 87 277 194 32 127 0 153 0 0 0 1 0 0 0 1 2 1 0 0 0 0 74 2 0 0 3 1 0 0 0 0 0 0 0 4 0 0 0 0 3 0 2 0 0 0 3 0 0 1 0 0 0 0 35 3 0 3 34 0 0 0 0 3 0 0 0 1 21 17 0 0 0 0 36 29 0 1 0 16 9 0 27 0 0 2 55 83 0 14 0 0 0 0 0 0 0 1 0 0 0 0 0 10 0 0 16 0 0 0 3 0 0 0 14 0 0 0 0 0 0 0 14 0 0 0 0 0 0 0 1 0 0 0 0 1 0 0 0 0 0 0 0 2 0 0 0 0 12 9 0 1 0 0 26 1 2 0 51 0 19 0 15 0 14 2 0 27 0 20 0 0 0 0 0 0 0 0 0 0 0 0 0 0 0 0 2 0 14 0 0 0 0 0 0 0 0 0 0 0 0 0 0 0 19 0 0 0 0 0 0 0 0 0 0 0 0 0 1 0 0 0 0 0 0 0 0 0 0 0 0 0 0 0 1 2 87 0 1 5 0 0 0 0 0 0 0 2 0 0 0 0 0 0 0 0 0 0 0 0 0 0 0 0 1 0 0 0 0 0 0 0 0 0 0 0 0 0 
 130 87 134 142 83 457 154 198 47 129 97 39 182 393 97 91 55 391 153 0 0 0 0 2 1 2 1 4 1 1 1 0 59 0 0 0 0 0 3 0 0 0 0 0 0 0 0 6 0 0 0 1 5 0 3 0 0 0 5 0 0 0 3 0 0 0 0 3 0 2 0 3 0 0 0 2 0 0 0 3 26 12 17 7 0 10 19 25 16 29 5 2 2 9 11 0 17 0 16 63 0 0 0 0 0 0 0 0 0 0 0 0 0 0 0 0 0 0 1 0 0 0 0 0 0 0 0 0 0 0 0 0 0 0 0 0 19 0 0 0 0 0 0 14 0 0 0 0 0 1 0 0 0 0 0 1 2 0 0 0 19 0 7 1 0 0 1 49 8 0 0 0 19 24 15 1 0 14 2 23 0 2 0 0 0 0 0 0 0 0 0 2 0 0 2 9 0 0 17 0 0 0 0 0 0 0 0 0 0 0 0 0 0 0 0 0 0 0 0 0 0 0 0 0 0 0 0 0 0 0 0 0 0 0 0 0 0 0 0 2 0 2 0 0 0 6 1 0 0 7 0 6 0 0 1 0 0 0 0 0 0 0 0 0 0 0 0 0 0 0 0 0 0 0 5 0 0 3 0 0 0 0 0 0 0 0 0 0 0 0 
 0 0 0 0 0 0 1 0 0 0 0 74 0 0 0 0 0 0 0 0 0 180 199 125 55 29 76 225 147 41 119 55 121 146 340 29 293 107 39 53 0 0 0 0 0 0 0 0 2 0 5 0 3 1 0 0 0 0 4 1 0 0 5 0 0 0 0 3 0 2 0 0 0 2 0 3 2 3 1 3 0 0 0 11 23 0 0 0 0 1 0 0 0 0 0 0 0 0 0 0 0 15 14 23 0 0 10 38 16 0 8 0 0 13 20 33 33 26 16 0 0 0 0 0 0 0 3 0 0 0 0 0 34 0 0 0 0 5 23 0 0 0 0 0 0 0 0 8 0 0 0 0 0 0 0 0 0 0 0 0 0 0 0 0 0 0 0 0 0 0 0 0 0 0 0 0 0 0 0 52 0 0 0 0 9 17 9 2 27 0 23 11 1 0 0 10 19 33 0 4 0 0 0 0 0 0 7 0 0 0 0 0 18 0 14 0 0 0 13 0 0 0 0 0 0 0 0 0 0 0 0 0 0 0 0 10 0 0 0 0 0 0 0 0 0 0 77 0 0 0 0 0 0 0 8 0 1 82 77 2 0 1 0 0 0 0 0 0 0 0 0 0 0 0 0 0 0 0 0 0 0 0 0 0 0 5 0 0 0 0 
 0 0 0 2 0 0 0 0 0 9 0 2 0 0 0 0 0 12 0 0 180 0 174 392 158 24 349 294 138 469 179 231 288 57 127 149 176 198 59 35 0 0 0 11 0 0 0 0 0 0 5 0 3 1 0 0 0 0 0 1 0 0 0 0 0 0 5 3 45 2 0 0 0 0 0 0 0 3 0 0 0 0 0 0 29 0 0 0 0 0 0 0 0 0 0 0 0 0 0 0 0 19 18 27 1 0 11 21 30 47 2 28 0 8 11 26 34 11 0 31 28 0 0 0 0 0 18 0 0 1 0 0 39 0 0 0 0 0 27 0 10 0 0 0 0 0 2 0 0 0 0 0 0 0 0 5 0 3 0 0 0 0 0 0 0 0 0 0 0 0 0 0 0 3 0 0 0 0 0 0 0 12 2 1 12 25 21 32 20 0 0 51 0 0 12 50 31 22 2 20 0 0 0 24 0 0 4 0 0 0 0 0 16 0 34 0 0 0 0 73 0 0 0 0 0 0 0 0 0 0 0 0 0 0 0 0 0 0 0 0 0 0 0 0 0 0 0 0 0 0 0 0 0 0 2 2 3 1 52 2 1 14 0 0 0 0 0 0 0 0 0 0 0 0 0 0 0 0 0 0 0 5 0 0 0 9 12 0 0 0 
 0 0 0 0 22 0 2 0 0 0 0 60 0 0 0 0 6 19 0 0 199 174 0 167 61 128 85 194 356 55 122 60 200 509 66 186 289 127 36 71 0 5 5 0 0 0 0 5 0 0 10 0 3 62 0 0 0 2 64 1 0 0 0 0 0 0 4 3 0 3 0 0 0 0 0 0 44 3 4 0 0 0 0 1 8 10 0 0 1 0 0 0 1 0 0 0 0 0 2 0 13 13 1 24 3 28 28 10 0 0 19 0 25 0 29 0 0 71 35 0 23 0 0 0 0 0 12 0 0 0 0 0 19 0 0 2 0 0 54 19 0 0 0 0 0 0 0 0 0 15 0 0 0 0 9 0 0 0 0 2 0 0 1 0 0 0 0 0 0 0 0 5 0 0 0 1 0 1 0 0 0 12 0 0 21 14 10 40 54 30 60 13 9 0 15 0 45 0 0 0 0 0 0 1 0 0 28 0 0 0 0 0 34 0 6 0 0 0 13 16 0 0 0 0 0 0 0 0 0 0 0 0 0 0 0 0 1 0 0 0 0 0 0 0 0 0 0 0 0 0 0 0 2 0 9 0 0 0 7 0 15 0 2 0 0 0 0 0 0 0 0 0 0 0 0 0 0 1 0 0 0 10 0 0 0 4 0 0 0 0 
 0 0 0 0 0 1 0 0 0 0 0 0 0 3 0 0 0 8 1 2 125 392 167 0 83 27 92 167 163 217 44 182 290 149 60 214 130 372 58 74 0 0 0 0 0 0 2 0 0 0 4 0 71 1 18 0 4 0 65 1 0 0 5 0 0 0 49 3 0 2 0 0 0 0 0 0 0 3 0 0 0 0 0 0 0 11 0 21 0 0 0 1 0 0 0 0 0 0 0 0 2 6 36 35 31 12 8 1 15 11 67 19 0 23 13 12 12 36 0 18 16 0 0 0 0 0 17 0 0 0 0 0 31 7 0 0 0 0 3 0 4 0 0 0 21 0 0 0 0 15 0 0 0 0 0 4 0 0 0 0 0 0 0 0 0 0 0 0 0 0 0 0 0 0 0 0 0 0 0 0 0 20 1 20 31 14 0 23 57 22 25 30 0 0 8 26 74 38 0 12 41 0 0 10 0 0 8 32 0 0 0 0 11 0 0 19 0 0 10 13 0 0 0 0 0 0 0 0 0 0 0 0 0 0 0 0 0 0 16 0 0 0 8 0 0 0 0 0 0 0 0 0 0 0 9 0 0 68 0 0 34 17 0 0 0 0 0 0 0 0 0 0 0 0 0 0 0 0 0 9 0 1 0 0 0 0 0 0 0 11 
 0 0 0 5 0 0 0 0 0 0 0 0 0 0 0 0 0 1 0 1 55 158 61 83 0 96 71 159 392 92 159 117 95 86 491 158 149 125 52 500 0 65 4 0 0 1 65 62 21 0 3 0 38 91 0 5 36 0 66 128 0 0 0 0 0 0 0 3 0 2 6 1 0 0 0 0 0 3 0 0 0 0 0 0 0 0 0 0 0 0 0 0 0 0 0 0 0 0 0 0 0 5 11 22 0 14 18 17 14 0 13 11 0 0 19 0 0 30 0 0 19 1 26 0 0 0 15 33 1 0 0 0 43 25 14 17 0 11 14 0 3 0 0 0 0 23 0 0 0 0 0 0 0 0 0 1 0 0 0 0 0 0 7 0 0 0 0 0 3 0 0 0 0 0 3 0 0 0 13 0 0 0 0 0 4 0 0 7 29 0 0 46 0 0 0 0 26 11 0 0 12 0 0 18 0 0 31 1 0 0 0 10 22 1 12 18 11 0 16 7 0 0 0 0 0 0 0 0 0 0 0 0 0 0 0 0 0 0 0 0 0 0 0 0 0 0 2 0 0 0 0 0 0 0 3 0 0 0 5 0 4 14 0 0 0 9 18 0 0 0 0 0 0 0 0 0 0 0 0 0 0 0 0 0 0 4 0 0 0 0 
 2 0 0 0 1 0 2 0 2 0 0 0 0 0 0 1 0 0 0 2 29 24 128 27 96 0 53 13 56 57 217 296 21 112 148 142 141 265 40 55 64 177 0 0 0 1 7 0 0 31 6 0 11 130 63 44 41 33 66 99 0 0 0 0 0 0 0 3 0 2 7 0 0 0 0 0 0 3 0 0 0 2 0 0 0 0 0 0 0 0 0 0 0 0 0 6 0 0 0 0 0 14 0 4 22 1 0 0 0 0 1 10 0 0 0 0 0 13 0 0 17 13 0 18 15 0 0 23 0 2 27 16 17 24 0 12 15 11 25 37 0 0 0 0 0 0 0 0 5 0 1 0 0 0 0 0 0 0 4 0 0 0 0 0 0 0 0 0 1 0 0 0 0 0 1 0 0 0 0 0 2 0 10 0 0 14 0 0 18 76 2 10 0 0 0 0 12 0 0 0 1 10 7 27 18 0 30 1 0 13 31 12 0 0 13 38 26 21 24 16 0 0 0 0 0 0 0 0 0 0 2 0 0 0 0 0 0 0 0 0 0 0 2 0 0 0 0 0 0 0 0 0 0 0 9 0 0 0 76 0 2 0 18 0 0 0 20 0 0 0 0 0 0 0 0 0 0 0 0 0 0 0 0 0 28 0 0 1 0 0 
 0 0 0 164 0 156 0 1 73 25 75 2 0 3 0 75 0 0 0 1 76 349 85 92 71 53 0 87 271 43 266 57 206 266 39 20 44 124 206 67 0 0 0 4 0 0 0 0 0 1 5 4 3 2 0 0 0 0 1 2 0 0 0 0 2 0 0 4 8 2 0 0 0 0 0 0 0 2 0 0 0 0 0 13 10 0 0 0 0 10 12 0 0 0 0 0 2 15 0 0 25 21 10 0 0 21 27 30 14 23 0 0 57 45 38 10 21 16 31 31 16 0 0 0 0 0 21 0 0 0 0 0 0 0 0 0 0 0 0 0 8 0 0 0 0 0 0 3 0 0 0 0 0 0 0 0 0 2 0 0 0 1 0 19 27 7 0 0 0 13 9 10 0 0 0 0 1 0 0 0 37 0 0 13 0 0 11 13 0 0 12 0 11 41 32 11 0 61 16 0 0 0 0 0 0 0 0 0 0 0 0 0 0 0 0 0 0 4 0 0 0 0 0 0 0 6 0 0 0 0 0 0 0 0 0 0 0 0 0 0 0 9 0 0 0 0 0 0 0 74 1 0 8 0 5 0 0 74 0 2 2 0 0 0 0 0 0 0 0 0 0 0 0 0 0 9 0 0 0 0 0 0 0 0 0 0 0 0 0 0 
 3 3 3 3 24 3 4 0 0 0 4 2 1 0 3 3 208 0 1 4 225 294 194 167 159 13 87 0 254 119 149 117 658 270 444 241 644 179 134 287 0 0 0 0 0 0 0 0 0 0 4 0 3 1 3 0 0 0 63 101 0 0 0 0 0 0 0 3 1 2 6 0 0 4 0 0 0 7 0 0 0 20 0 0 16 8 0 0 0 0 0 0 0 0 0 0 0 0 0 0 21 0 11 31 14 0 41 9 0 34 1 31 0 11 32 0 22 47 10 0 0 0 0 0 0 0 23 0 0 0 1 0 35 0 0 0 0 0 15 0 0 0 0 0 0 0 0 8 0 21 0 0 0 0 0 0 0 0 0 0 0 0 0 0 0 8 0 0 0 0 0 0 0 0 0 0 0 0 0 0 0 39 0 34 0 0 14 19 45 9 19 14 9 0 35 28 1 0 0 22 0 0 1 0 0 0 17 0 0 0 0 0 59 0 17 0 0 0 1 10 0 0 0 0 0 0 2 0 0 0 0 0 0 0 0 0 0 0 0 0 0 0 0 0 0 0 0 0 0 0 0 0 0 2 7 2 0 0 4 2 0 2 0 0 0 0 0 0 0 0 0 0 0 0 0 0 0 0 0 0 0 7 0 0 0 9 0 0 0 0 
 0 0 0 0 0 0 2 0 0 0 0 2 0 0 0 1 0 0 2 1 147 138 356 163 392 56 271 254 0 157 195 36 151 264 176 118 71 207 64 84 0 63 62 0 0 0 0 0 63 0 5 0 3 65 0 0 0 0 153 66 0 0 0 0 0 0 1 3 0 7 19 0 0 0 3 0 0 3 0 0 0 0 0 2 0 0 0 0 2 0 0 0 0 0 0 0 0 0 1 0 0 0 23 21 32 16 12 0 0 28 15 52 0 22 15 0 13 32 0 0 24 0 0 0 0 0 24 0 0 0 0 0 19 2 0 1 0 0 33 0 0 0 0 0 0 0 0 0 0 14 0 0 0 0 1 0 0 0 0 7 0 2 2 0 0 0 0 0 0 0 0 0 0 1 0 2 0 2 0 0 0 36 20 9 4 17 12 10 18 53 32 11 0 0 23 28 0 0 0 0 0 0 0 0 0 0 50 0 0 0 0 0 22 28 23 0 0 0 48 12 0 0 0 0 0 0 0 0 7 0 0 9 0 0 0 0 2 0 0 0 0 0 0 0 0 0 0 0 0 0 0 0 0 0 4 0 1 0 1 2 2 0 0 0 0 0 21 0 0 0 0 0 0 0 0 0 0 2 0 0 0 14 0 0 0 10 20 0 0 0 
 0 0 0 0 0 0 0 0 0 0 2 0 3 3 0 0 0 0 1 1 41 469 55 217 92 57 43 119 157 0 238 107 281 86 306 181 169 147 54 100 0 0 0 22 21 22 0 0 0 0 26 0 3 1 15 4 22 0 68 2 0 0 0 0 0 0 0 3 0 2 0 0 0 0 0 0 0 3 0 0 0 0 0 0 0 0 0 0 0 0 0 2 0 0 0 0 0 0 0 0 0 0 8 10 13 0 8 0 15 0 17 0 0 2 19 29 2 13 0 14 7 11 0 0 0 2 14 0 0 0 11 0 48 8 0 7 0 0 16 11 1 0 0 0 0 0 0 2 0 0 0 0 0 0 0 2 0 6 0 0 0 0 0 0 0 0 0 0 1 0 0 0 0 1 1 0 0 0 0 0 0 0 6 0 11 19 0 1 41 15 17 32 0 34 0 0 18 12 0 0 0 0 0 0 0 0 5 27 0 0 2 0 28 0 15 0 16 0 0 7 0 0 0 0 0 0 0 0 0 0 0 0 0 0 0 0 0 0 0 0 0 0 12 0 0 0 0 0 0 0 0 0 0 0 16 0 3 75 1 1 2 19 0 0 0 0 0 0 0 0 0 0 0 0 0 0 0 0 0 0 0 0 0 0 0 5 0 0 0 0 
 1 0 2 161 2 0 0 0 1 0 0 0 0 0 2 2 0 0 0 1 119 179 122 44 159 217 266 149 195 238 0 184 39 303 76 90 128 215 32 67 1 73 0 0 0 0 0 0 0 1 5 0 3 25 0 1 0 2 62 130 0 0 0 0 0 0 0 68 0 2 62 0 1 0 0 0 0 3 0 0 0 2 0 0 1 0 0 0 0 0 0 0 0 0 0 0 0 0 0 0 12 3 1 8 0 1 0 20 0 55 0 52 8 12 36 0 10 31 0 0 0 9 0 0 0 0 11 34 0 0 0 0 27 8 0 0 0 0 1 9 0 0 0 0 0 0 0 2 0 0 0 0 0 0 0 0 0 2 0 2 0 0 0 0 0 7 0 0 0 0 18 0 0 3 0 0 20 0 0 0 1 10 0 12 11 10 19 1 8 0 13 26 0 12 24 31 1 0 0 11 0 0 14 0 0 0 17 0 0 0 20 1 24 0 11 0 33 0 18 0 0 0 0 0 0 0 0 0 0 0 1 0 0 0 0 0 0 0 0 0 0 0 0 0 0 0 0 0 0 0 0 0 0 0 5 0 2 75 82 0 0 0 0 0 0 0 26 0 0 0 0 0 0 0 0 0 0 0 0 1 0 0 0 0 0 11 0 0 0 0 
 0 0 0 0 0 0 0 0 0 0 0 0 0 5 1 0 2 0 0 0 55 231 60 182 117 296 57 117 36 107 184 0 157 202 95 59 87 417 17 238 0 59 0 0 0 0 1 0 0 1 5 0 3 64 0 64 1 0 0 19 0 0 0 63 1 0 0 3 0 2 14 0 0 0 4 0 0 3 0 0 0 0 0 0 0 0 0 0 0 0 2 0 0 0 0 2 0 0 0 0 0 0 15 0 0 23 38 0 20 17 4 19 15 0 33 8 1 12 1 6 1 1 0 0 13 0 1 22 0 2 2 0 15 1 20 0 1 0 12 0 4 0 0 0 0 0 0 0 0 19 0 0 0 0 0 21 0 3 0 0 0 0 0 0 0 0 0 0 0 0 0 0 0 0 0 0 0 0 0 0 1 10 0 54 0 0 13 40 10 21 30 10 0 14 33 28 29 28 0 4 0 0 13 0 0 0 12 0 59 0 0 0 48 0 0 0 1 0 0 37 0 0 0 0 0 0 0 0 0 0 0 0 0 14 0 0 0 0 0 0 0 0 0 0 0 0 0 0 0 0 0 0 0 0 1 0 2 152 2 2 1 17 0 0 0 0 6 0 0 0 0 1 0 0 0 0 0 0 0 6 0 8 0 0 0 0 0 0 0 0 
 0 1 0 2 60 76 0 0 0 0 0 2 0 0 0 0 0 0 0 59 121 288 200 290 95 21 206 658 151 281 39 157 0 239 67 190 270 366 64 121 0 0 1 0 0 0 0 0 0 0 5 0 3 1 0 0 0 0 63 1 0 0 1 0 0 0 0 3 0 2 0 0 0 0 2 0 0 3 0 0 0 0 0 62 10 14 0 0 0 0 0 10 0 0 13 0 0 0 0 0 11 0 1 1 0 15 27 11 0 30 14 9 13 1 17 5 18 2 30 1 0 0 0 0 0 25 19 0 0 0 0 0 0 0 0 0 0 0 0 0 0 0 0 0 13 0 0 10 0 0 0 0 0 0 0 8 0 0 0 0 0 0 0 0 0 0 0 0 0 0 0 0 0 0 0 0 0 0 0 7 20 29 19 1 13 0 34 7 11 0 0 0 9 0 9 33 25 0 0 15 0 0 0 0 0 13 0 0 0 0 0 0 0 0 0 0 0 0 0 0 0 3 0 0 0 0 0 0 0 0 0 0 0 0 0 0 0 0 0 0 0 0 0 0 0 0 93 0 0 0 0 0 0 0 11 1 1 1 0 0 14 0 0 0 0 0 0 0 0 12 0 0 0 0 0 18 0 0 0 0 0 0 0 0 0 0 0 0 0 0 
 0 1 45 1 38 2 0 0 1 0 2 1 0 2 0 0 1 75 0 0 146 57 509 149 86 112 266 270 264 86 303 202 239 0 188 191 385 118 62 101 0 0 0 0 0 0 0 0 0 1 5 0 3 2 0 2 0 2 0 2 0 0 1 31 1 0 0 3 0 2 0 0 0 0 0 0 0 3 0 0 0 0 0 1 30 13 0 1 0 18 0 0 0 0 0 0 0 0 0 0 12 0 36 18 15 0 26 1 0 22 8 19 0 18 24 0 0 4 29 29 0 0 0 0 0 0 0 0 0 0 0 0 0 0 0 0 0 2 2 0 0 0 0 0 0 0 0 0 0 18 0 0 0 1 0 0 0 0 0 0 0 0 0 0 1 12 0 0 0 0 0 2 0 1 0 0 18 0 0 0 0 50 0 38 9 19 34 34 27 24 24 0 9 0 29 26 29 0 0 11 0 28 0 0 0 0 0 0 0 0 0 0 0 0 0 0 0 0 13 3 0 0 0 0 0 0 0 0 0 0 0 0 0 0 0 0 0 2 0 0 0 0 0 0 0 0 35 0 0 0 0 12 0 0 14 0 3 7 0 1 10 0 0 0 0 0 0 0 0 0 0 0 0 0 0 0 0 0 0 4 0 0 0 0 0 1 0 0 0 0 
 0 0 0 1 41 147 0 2 2 0 74 37 0 0 0 0 0 0 74 0 340 127 66 60 491 148 39 444 176 306 76 95 67 188 0 365 399 347 143 394 0 0 0 0 0 0 0 0 0 0 4 0 3 1 0 0 0 26 0 1 0 0 0 0 0 0 0 3 0 2 46 0 0 0 0 0 0 4 0 0 0 0 0 11 14 1 0 0 0 1 0 12 0 0 10 0 0 0 0 0 0 47 36 26 20 0 0 22 0 31 3 14 0 30 1 45 29 18 0 0 0 0 0 0 0 0 1 0 0 0 0 0 0 0 0 0 0 0 46 19 0 0 0 0 0 0 0 8 0 1 0 0 0 0 0 0 0 0 0 0 0 0 0 0 2 0 0 0 0 0 1 17 0 3 0 0 0 0 10 9 0 29 48 13 43 1 1 0 31 29 27 9 17 0 10 23 17 0 1 15 0 0 0 0 0 0 24 0 0 0 0 0 24 0 0 0 0 0 30 4 0 0 0 0 0 0 0 0 0 0 0 0 0 0 0 0 0 0 0 15 0 0 0 0 0 0 78 0 0 0 0 0 9 0 17 0 0 1 82 0 2 3 0 0 0 0 0 0 0 0 0 0 0 0 0 1 0 0 0 0 0 0 0 0 0 0 0 0 0 0 
 0 0 0 73 150 0 0 0 0 0 0 0 0 0 0 0 0 0 2 0 29 149 186 214 158 142 20 241 118 181 90 59 190 191 365 0 130 136 62 162 4 0 0 9 0 0 206 0 0 1 5 0 3 208 0 0 0 0 33 2 0 0 0 0 2 0 0 3 0 2 0 0 0 0 0 19 0 2 0 0 0 0 0 0 0 13 0 0 0 0 0 32 0 0 0 0 0 2 0 0 1 13 9 14 12 1 10 14 0 25 22 20 0 0 1 10 38 15 14 25 8 9 0 0 0 0 6 0 0 0 0 0 13 8 0 0 0 0 8 9 2 0 0 0 0 0 0 0 0 0 0 0 2 10 0 0 2 0 0 2 0 0 0 0 16 0 0 0 0 0 0 0 0 3 0 0 0 0 0 0 0 18 20 28 20 11 35 24 2 10 1 16 0 0 12 55 28 0 0 20 0 0 0 16 0 1 8 0 0 0 0 0 21 1 1 0 24 0 0 0 0 0 0 0 0 0 0 0 0 0 0 0 0 0 0 0 0 0 0 0 0 0 0 0 0 0 0 0 0 0 0 0 0 0 3 0 0 99 79 2 3 2 1 0 0 0 0 0 0 0 0 0 0 0 0 0 0 1 0 11 0 20 0 0 0 0 0 0 0 0 
 0 0 0 5 74 0 2 0 0 0 0 0 2 0 1 0 207 0 0 0 293 176 289 130 149 141 44 644 71 169 128 87 270 385 399 130 0 458 28 44 0 0 0 0 0 0 0 0 0 0 4 0 3 1 0 0 0 0 67 63 0 0 0 0 0 0 0 3 0 2 0 0 0 0 0 0 0 3 0 0 0 0 0 0 0 15 0 0 0 0 0 0 0 0 0 0 18 0 0 0 12 10 2 20 3 15 30 22 0 7 3 0 15 1 23 0 10 62 28 0 0 0 0 0 0 0 15 0 0 0 0 0 14 0 0 0 0 0 18 11 0 0 0 0 0 0 0 3 0 21 0 0 0 0 0 0 0 0 0 0 8 0 0 0 0 7 0 0 0 0 0 0 0 0 0 0 0 0 0 0 0 13 0 0 0 0 15 16 33 10 12 11 5 0 21 0 40 0 0 6 0 0 0 0 0 0 37 0 0 0 0 0 14 0 59 0 0 0 22 11 0 0 0 0 0 0 0 0 0 0 0 0 0 0 0 0 0 11 0 0 0 0 0 0 0 0 0 0 0 0 0 1 0 0 1 0 1 3 40 0 1 0 0 0 0 0 0 0 0 0 0 0 0 0 0 0 0 0 0 0 0 0 0 0 0 7 0 0 0 0 
 0 1 1 0 0 0 4 0 0 0 0 0 0 1 0 0 0 0 0 0 107 198 127 372 125 265 124 179 207 147 215 417 366 118 347 136 458 0 28 32 1 2 0 0 0 0 0 0 0 0 4 0 3 1 0 0 0 0 31 56 0 0 0 0 6 0 0 3 37 6 0 0 0 0 0 0 0 3 0 0 0 16 0 0 0 0 0 1 0 0 0 0 0 0 0 0 0 0 0 0 0 19 9 27 0 19 19 31 29 26 13 21 10 14 24 53 0 0 5 0 8 0 0 0 0 0 74 0 0 0 0 2 22 0 0 0 0 0 1 0 10 0 2 0 0 0 0 0 0 0 0 0 0 0 0 5 0 3 0 0 0 0 0 0 0 2 0 0 0 0 0 0 0 0 0 0 0 0 0 0 11 13 0 10 13 9 6 46 47 0 0 8 0 0 13 20 36 41 0 13 0 0 0 24 0 0 16 0 1 12 0 0 0 0 20 0 0 0 0 22 0 1 0 0 1 0 0 0 0 1 0 0 0 0 0 0 0 0 0 0 0 0 0 0 0 0 0 0 0 0 0 0 0 0 4 2 3 4 2 1 11 19 0 0 0 0 0 0 0 0 0 0 0 0 0 0 0 0 0 0 0 8 0 0 0 0 0 0 0 0 
 3 76 114 179 64 160 3 64 14 77 32 150 3 3 81 185 154 82 3 3 39 59 36 58 52 40 206 134 64 54 32 17 64 62 143 62 28 28 0 141 0 4 0 0 0 0 0 0 0 93 70 56 3 1 0 0 0 0 0 1 0 0 0 0 0 0 0 3 0 2 0 0 0 0 0 0 0 3 0 0 0 17 12 52 32 16 2 0 9 10 64 0 0 6 0 0 36 12 0 0 31 41 0 0 0 0 9 1 8 0 0 1 10 16 11 0 0 0 28 19 0 0 0 10 18 0 0 0 0 0 0 0 0 0 0 0 0 0 0 0 0 0 0 0 0 1 1 0 0 0 0 0 0 2 4 0 0 0 0 0 1 1 3 11 0 0 0 0 0 9 0 32 0 0 0 0 13 25 0 7 11 1 0 16 0 0 24 0 0 0 0 0 20 17 11 0 0 0 21 0 1 0 0 2 0 0 0 0 0 0 0 0 0 0 0 0 0 0 0 0 2 0 0 0 0 0 0 0 0 0 0 0 0 0 0 8 0 0 0 0 0 0 0 0 0 0 75 0 0 0 13 0 8 2 6 0 0 0 0 0 2 0 12 2 0 0 0 0 0 0 0 0 0 0 0 17 10 12 0 0 0 0 0 0 0 0 0 0 0 0 
 2 16 86 59 160 247 0 0 120 80 148 96 45 0 0 76 2 0 1 0 53 35 71 74 500 55 67 287 84 100 67 238 121 101 394 162 44 32 141 0 0 0 9 0 0 4 0 0 0 0 69 0 3 1 0 0 3 8 3 1 0 0 0 7 0 0 0 3 0 53 51 0 2 0 0 0 9 5 0 0 0 12 0 10 17 35 0 0 0 11 61 27 0 0 0 7 0 43 0 0 14 9 0 0 0 8 0 12 3 12 9 0 1 22 1 13 13 1 0 1 0 1 0 0 0 0 0 0 0 0 0 0 0 0 0 0 0 0 0 0 0 0 0 0 0 0 0 0 0 0 4 0 0 0 0 0 0 0 0 0 38 11 0 12 0 5 0 0 0 1 0 7 0 0 0 0 0 0 0 0 5 7 18 11 10 0 2 1 0 0 0 0 13 5 13 2 0 0 0 27 0 0 0 0 0 0 0 0 0 0 0 0 25 0 0 0 0 0 0 1 0 0 0 0 0 0 0 0 0 0 0 0 0 0 0 0 0 0 0 0 0 0 0 0 0 0 0 0 0 0 0 0 8 0 6 0 1 2 0 0 1 3 0 0 0 0 0 0 0 0 0 1 0 0 0 0 0 0 0 0 0 0 0 0 1 0 0 0 0 13 
 0 0 0 0 0 58 3 0 0 0 0 0 2 0 31 0 0 0 0 0 0 0 0 0 0 64 0 0 0 0 1 0 0 0 0 4 0 1 0 0 0 151 98 64 23 71 238 52 49 155 43 26 118 34 390 551 106 163 71 179 5 0 0 0 0 0 0 60 0 0 55 0 0 18 9 0 0 0 0 0 0 0 0 0 0 0 0 0 0 0 0 0 0 0 0 13 0 0 0 0 0 0 0 0 15 0 0 0 0 0 0 23 0 0 0 0 0 0 0 0 3 0 0 23 23 24 0 0 0 5 39 1 0 10 14 14 53 4 13 9 1 0 0 0 0 0 0 0 14 0 1 0 0 0 0 0 0 11 22 9 0 0 0 0 3 0 0 0 0 14 0 0 0 2 0 0 0 0 0 0 0 0 0 0 0 0 0 0 0 0 0 0 0 0 0 0 0 0 0 0 19 6 10 3 0 28 0 6 15 37 0 4 18 0 53 27 1 11 20 16 0 3 0 0 0 0 0 0 0 5 0 0 0 0 2 0 11 0 9 8 0 0 0 0 0 0 0 0 0 0 0 9 0 0 0 0 2 0 0 13 0 0 0 3 0 0 4 68 0 0 0 0 0 0 0 0 0 0 0 0 0 0 0 0 9 0 0 0 2 0 
 0 0 0 1 0 0 0 0 0 0 0 63 3 0 0 59 0 4 0 0 0 0 5 0 65 177 0 0 63 0 73 59 0 0 0 0 0 2 4 0 151 0 123 102 50 246 82 103 82 162 235 84 125 105 79 370 50 112 237 170 0 0 0 0 0 0 0 0 0 0 6 0 0 1 5 0 0 0 52 0 0 0 0 0 0 0 0 0 0 0 0 0 0 0 0 0 0 0 0 0 0 0 0 0 13 9 0 0 0 0 12 0 0 0 0 0 0 0 15 0 0 35 0 26 48 18 0 14 34 26 22 16 0 8 0 13 13 0 1 13 3 0 0 0 0 0 0 0 4 0 1 0 0 0 0 0 0 0 4 8 0 0 0 0 0 0 0 0 0 0 0 0 0 0 0 0 0 0 0 0 0 0 0 0 0 0 14 0 0 0 0 0 0 0 0 0 0 0 0 0 1 15 46 0 34 0 6 0 24 4 63 13 12 6 1 7 11 28 7 27 0 0 0 0 0 0 0 0 0 0 0 6 0 0 0 0 0 0 8 0 0 0 0 0 0 0 0 0 0 0 0 13 64 1 0 2 0 0 0 0 0 0 0 2 1 1 1 0 2 0 0 0 0 0 0 0 0 0 0 0 0 0 0 0 13 0 0 11 1 0 
 0 0 0 0 6 7 0 0 0 34 0 13 0 0 0 67 0 6 0 0 0 0 5 0 4 0 0 0 62 0 0 0 1 0 0 0 0 0 0 9 98 123 0 237 46 114 135 473 119 93 136 29 110 337 39 216 69 67 72 182 0 0 0 51 0 0 53 0 0 0 0 0 53 11 1 0 7 50 0 0 0 0 0 1 1 6 0 0 0 2 0 18 0 0 0 0 0 4 0 0 0 0 1 0 0 0 15 0 9 4 0 0 0 1 0 0 0 0 0 0 46 0 21 19 17 51 0 14 13 6 0 13 0 0 15 0 11 12 0 0 19 0 0 0 4 0 1 0 0 0 0 0 4 14 0 0 0 0 0 3 9 4 3 3 0 9 0 0 3 0 0 0 0 0 3 0 0 0 6 0 2 0 0 0 0 0 0 0 0 0 0 0 6 10 0 0 0 0 0 0 0 0 13 17 21 2 10 1 18 0 0 25 0 1 0 18 18 13 9 0 0 20 0 0 0 0 0 0 7 0 0 0 27 0 0 0 0 0 0 3 0 4 7 0 0 0 0 0 0 0 0 6 0 1 0 0 0 0 0 2 0 0 1 0 0 33 0 0 0 0 19 0 0 0 0 0 0 0 0 0 0 0 0 0 0 10 0 0 1 0 
 0 0 0 0 0 3 7 0 0 1 0 0 0 0 0 0 0 0 0 0 0 11 0 0 0 0 4 0 0 22 0 0 0 0 0 9 0 0 0 0 64 102 237 0 171 47 86 587 259 155 151 60 91 66 141 358 41 458 92 73 0 1 3 57 0 0 52 23 0 0 2 0 55 34 26 0 3 50 2 51 0 0 0 0 0 0 0 0 0 0 0 0 0 0 0 0 0 0 0 0 0 0 5 0 0 0 0 12 0 1 0 2 4 0 0 0 27 0 7 6 0 0 16 18 10 35 0 0 23 0 0 15 0 0 0 0 0 0 0 0 10 1 7 0 0 0 0 0 0 0 1 0 16 13 0 0 0 0 18 7 6 0 0 0 19 7 0 0 0 0 0 10 0 0 11 0 0 0 0 0 5 3 0 6 0 0 1 5 0 0 0 0 0 0 3 4 0 4 0 6 0 10 0 7 1 7 0 0 0 0 0 0 0 13 0 0 38 14 0 0 9 9 0 0 0 0 23 0 0 0 0 0 12 27 0 0 0 10 0 18 0 0 9 0 0 0 0 0 0 0 0 6 0 1 0 0 0 0 0 0 0 0 1 0 0 2 0 0 1 0 0 0 0 0 0 0 0 0 0 0 0 13 0 0 0 0 0 0 1 0 
 0 0 0 0 0 0 0 0 0 21 0 0 0 0 0 0 0 0 0 0 0 0 0 0 0 0 0 0 0 21 0 0 0 0 0 0 0 0 0 0 23 50 46 171 0 144 39 311 90 63 174 176 81 62 150 159 80 54 272 65 51 48 0 0 0 0 0 49 0 50 0 0 0 50 49 0 1 1 0 72 0 0 17 0 0 0 0 0 0 0 0 0 0 0 0 0 0 0 0 0 0 0 0 0 0 0 0 0 0 0 0 0 0 0 0 0 0 0 0 0 16 0 23 14 0 7 0 0 15 13 3 4 0 0 0 19 0 14 1 0 28 2 0 0 0 0 24 1 0 0 1 0 27 10 1 0 3 0 13 1 0 0 0 0 0 0 0 0 0 0 0 0 0 0 0 5 0 0 0 0 0 0 0 0 0 0 0 0 0 0 0 0 0 0 0 0 0 0 0 0 0 20 0 1 23 41 0 13 0 7 4 0 0 0 0 6 0 0 0 0 29 10 16 0 0 0 19 15 1 4 0 7 8 35 0 7 0 8 21 0 0 0 1 0 0 0 0 0 0 0 0 7 0 0 0 0 0 0 0 1 0 0 1 0 4 8 0 0 0 0 10 0 0 0 0 0 0 0 0 0 0 0 0 0 0 0 0 0 0 0 
 0 0 0 0 0 0 3 0 0 0 0 0 2 0 0 0 0 0 0 0 0 0 0 0 1 1 0 0 0 22 0 0 0 0 0 0 0 0 0 4 71 246 114 47 144 0 36 400 38 40 79 83 35 24 167 150 102 112 274 48 49 57 1 0 0 0 0 0 64 1 0 3 2 59 0 0 55 23 1 0 0 0 0 0 0 0 0 0 0 0 0 1 0 0 0 0 0 0 0 0 0 0 0 0 0 0 0 0 0 0 0 0 0 0 0 0 0 0 0 0 0 6 1 12 1 0 0 3 23 0 2 0 0 0 0 0 0 0 0 0 10 10 0 0 0 0 32 22 0 0 0 0 40 8 22 20 18 23 12 28 0 0 0 0 0 0 0 0 0 0 0 0 0 0 0 16 0 0 0 0 0 0 0 0 0 0 0 0 0 0 0 0 0 0 0 0 0 0 0 0 0 16 9 7 22 32 0 0 10 0 0 27 0 12 0 0 0 3 0 9 27 2 16 0 0 0 0 13 21 24 0 10 0 13 27 0 0 12 89 0 0 0 9 0 0 0 0 0 0 0 0 5 0 0 0 0 0 0 0 4 2 0 71 0 7 1 3 0 1 0 8 0 0 0 0 0 0 0 0 0 0 0 0 0 0 12 0 0 2 0 
 0 0 0 2 0 0 0 0 0 0 0 0 0 0 0 0 0 0 0 0 0 0 0 2 65 7 0 0 0 0 0 1 0 0 0 206 0 0 0 0 238 82 135 86 39 36 0 82 189 106 96 237 156 251 64 156 137 39 67 93 0 0 1 0 9 3 0 0 0 1 0 7 0 0 2 10 0 1 0 0 0 0 0 0 0 0 0 0 1 0 0 0 0 0 0 0 0 3 0 0 0 0 0 0 0 0 0 0 0 0 0 0 0 0 0 0 0 0 0 0 18 0 0 0 23 0 0 21 0 0 64 10 0 32 13 0 23 30 6 23 0 0 16 0 0 0 0 0 0 0 1 0 0 6 0 0 0 0 5 0 0 0 35 0 0 0 0 0 1 0 0 0 0 7 0 0 0 0 0 0 0 0 0 0 0 0 0 0 0 0 0 0 0 0 0 0 0 0 0 21 28 5 0 14 13 0 11 13 21 0 11 11 11 31 11 18 0 36 0 32 0 0 0 0 0 8 0 0 0 0 0 0 0 0 0 0 20 0 0 0 0 0 0 0 0 0 0 0 0 0 0 4 0 0 1 0 0 0 0 0 0 0 0 0 0 7 0 65 0 0 2 0 0 0 0 0 0 0 0 0 0 0 0 0 1 0 0 0 1 0 
 34 0 0 0 0 2 5 63 0 1 0 0 3 0 0 0 0 6 4 6 0 0 5 0 62 0 0 0 0 0 0 0 0 0 0 0 0 0 0 0 52 103 473 587 311 400 82 0 258 116 136 27 158 109 46 49 104 59 366 280 0 0 0 21 4 0 0 0 0 0 1 0 0 0 4 0 0 0 0 0 0 0 0 0 0 0 6 6 0 0 0 0 0 0 0 0 0 0 6 6 0 0 0 5 0 0 0 0 3 0 0 0 0 0 0 0 0 0 0 0 11 10 15 0 0 10 0 18 16 0 11 13 2 31 16 0 1 46 1 15 0 0 0 0 2 0 0 0 0 0 1 0 0 14 0 0 0 0 7 0 0 0 4 0 0 0 0 0 4 0 0 0 5 0 22 0 0 0 5 5 0 0 0 0 0 0 0 0 0 0 0 0 0 0 0 0 0 0 0 0 18 0 0 1 16 0 0 9 0 0 13 0 1 26 11 0 20 34 0 0 0 0 0 0 0 0 28 0 0 0 11 0 0 0 0 0 0 0 0 11 0 0 0 0 0 0 0 0 0 0 0 7 0 2 0 0 0 0 0 1 0 0 1 0 0 12 0 69 0 0 1 0 0 0 0 0 0 0 0 0 0 0 0 0 0 0 0 0 2 0 
 0 0 0 0 0 0 0 0 0 21 0 0 0 0 0 2 0 0 0 0 2 0 0 0 21 0 0 0 63 0 0 0 0 0 0 0 0 0 0 0 49 82 119 259 90 38 189 258 0 122 57 67 153 147 82 309 143 51 73 160 0 0 0 8 6 2 0 0 0 0 0 0 0 0 1 0 0 2 0 32 0 0 0 0 0 0 0 0 0 0 0 0 0 9 0 0 0 0 0 0 0 0 0 0 0 7 0 0 0 0 0 0 0 0 0 0 0 0 0 0 52 34 16 14 0 7 0 28 13 12 0 10 1 44 20 3 13 31 0 3 20 0 0 0 3 0 14 1 0 0 2 0 17 0 1 0 0 0 5 1 0 0 3 0 2 0 0 0 3 0 0 0 0 0 3 0 0 0 7 0 0 0 0 0 0 0 0 0 0 0 0 0 0 0 0 0 0 0 0 0 25 0 2 13 21 25 10 4 9 0 0 10 0 16 16 10 7 9 0 2 37 0 0 0 0 0 15 0 0 0 0 6 24 0 0 0 0 0 28 0 0 0 0 0 0 0 0 0 0 0 0 3 0 1 0 0 0 0 1 0 0 0 0 0 1 16 0 74 2 0 15 0 0 0 0 0 0 0 0 0 0 0 0 0 0 0 0 0 1 0 
 0 0 0 0 0 0 0 0 0 0 0 0 0 0 0 0 0 2 0 0 0 0 0 0 0 31 1 0 0 0 1 1 0 1 0 1 0 0 93 0 155 162 93 155 63 40 106 116 122 0 132 153 108 332 235 266 329 34 116 294 0 0 0 50 8 0 54 0 4 0 0 0 21 0 9 0 2 24 52 51 0 0 0 0 0 0 0 0 0 0 0 0 0 0 0 0 0 0 0 0 0 0 1 0 0 0 0 0 0 0 0 0 0 0 0 0 0 0 0 0 11 14 0 12 43 4 0 0 0 12 27 0 0 11 8 0 47 10 13 8 14 5 7 3 0 0 0 5 0 24 5 0 0 22 1 0 0 0 0 0 0 0 0 0 0 0 0 0 0 0 0 0 0 0 0 0 0 0 0 0 0 0 0 0 0 0 0 0 0 0 0 0 0 0 0 0 0 0 0 0 21 0 14 7 20 0 0 1 0 19 64 0 0 0 21 23 0 6 3 9 0 16 7 0 0 0 29 0 11 0 0 0 20 3 12 0 0 13 0 0 0 0 0 0 0 0 0 0 0 0 0 9 0 0 0 0 0 0 0 11 0 0 3 0 0 0 13 7 0 0 0 0 0 0 0 0 0 0 0 0 0 0 0 0 6 15 0 0 2 0 
 0 0 0 63 66 1 0 67 0 1 0 1 0 3 0 0 0 8 0 0 5 5 10 4 3 6 5 4 5 26 5 5 5 5 4 5 4 4 70 69 43 235 136 151 174 79 96 136 57 132 0 109 47 31 122 175 159 80 58 61 1 0 0 0 4 0 57 49 0 1 0 0 0 21 63 0 0 2 6 53 0 16 22 19 5 3 0 0 0 21 0 0 0 0 0 0 0 0 0 0 0 0 0 0 0 0 0 0 16 0 0 0 0 21 0 0 0 0 0 0 0 1 40 0 0 21 0 18 33 14 0 38 0 14 1 6 7 20 0 0 10 0 7 0 4 0 0 0 1 0 1 0 1 22 0 0 0 0 16 0 0 16 0 14 0 24 0 0 0 0 0 0 0 0 0 0 9 9 0 0 0 0 0 0 0 0 0 17 0 0 0 0 7 0 0 0 0 1 0 0 5 11 0 0 0 0 0 33 19 8 13 0 0 29 0 30 4 10 0 0 4 21 0 0 0 0 19 0 0 12 0 0 20 20 0 0 0 7 0 10 0 0 0 0 0 8 0 0 0 0 0 20 0 0 0 0 0 0 1 9 0 0 0 0 0 0 4 2 6 0 21 0 0 0 0 0 0 0 0 0 0 0 0 0 1 0 0 0 1 0 
 0 0 0 0 0 0 0 0 0 22 0 0 0 0 0 0 0 0 0 1 0 0 0 0 0 0 4 0 0 0 0 0 0 0 0 0 0 0 56 0 26 84 29 60 176 83 237 27 67 153 109 0 43 41 250 169 56 80 29 33 0 9 0 4 0 4 52 0 0 1 1 0 2 0 0 6 0 2 51 83 0 0 0 0 0 0 0 0 0 0 0 0 0 0 0 0 0 0 0 0 0 0 0 0 0 0 0 0 0 0 0 0 0 0 0 0 0 0 0 19 0 0 5 10 0 0 0 0 0 12 0 10 0 0 0 0 0 0 0 0 23 7 31 0 1 6 24 0 5 0 19 0 11 0 0 8 16 0 11 0 0 0 0 0 0 0 0 0 0 0 0 0 0 0 0 0 0 0 0 0 0 0 0 0 0 0 0 0 0 0 0 0 0 0 0 0 0 0 0 0 0 0 0 0 16 21 0 0 0 0 11 0 0 0 0 0 0 0 0 0 11 0 21 0 18 0 8 14 1 15 0 8 10 0 0 5 0 0 31 14 0 0 0 0 0 0 0 0 0 0 0 5 0 0 0 0 0 0 0 13 0 0 62 0 0 2 0 0 0 0 4 0 0 0 0 5 0 0 0 0 0 0 0 0 0 0 0 0 2 0 
 3 3 3 3 3 3 3 0 3 3 3 3 3 3 3 5 3 3 3 5 3 3 3 71 38 11 3 3 3 3 3 3 3 3 3 3 3 3 3 3 118 125 110 91 81 35 156 158 153 108 47 43 0 319 126 33 57 277 308 158 0 0 0 4 21 0 0 0 0 0 0 0 0 0 0 0 0 0 0 0 0 0 0 0 0 0 0 0 0 0 0 0 0 0 0 0 0 0 9 0 0 0 0 0 38 18 0 0 0 0 1 16 0 0 0 0 0 0 0 0 30 12 5 0 0 7 0 24 1 9 4 1 8 16 25 2 0 15 8 15 0 0 0 0 0 0 0 0 0 0 0 0 0 0 0 0 0 0 0 3 0 0 7 0 0 0 0 0 6 0 0 0 0 0 7 0 0 0 8 0 0 0 0 0 4 14 0 0 0 0 0 0 0 0 0 0 0 3 0 0 25 0 28 19 0 0 12 0 7 44 10 11 5 0 24 6 6 15 19 39 0 0 0 0 0 0 11 0 0 0 0 0 0 0 0 0 0 0 0 0 0 0 3 0 0 0 0 0 0 0 0 3 0 2 0 0 0 0 0 1 0 0 0 0 0 9 0 68 0 0 0 0 0 0 0 0 0 0 0 0 0 0 0 0 12 0 0 23 0 0 
 0 0 0 1 0 0 0 0 0 0 0 0 0 0 0 1 0 65 0 0 1 1 62 1 91 130 2 1 65 1 25 64 1 2 1 208 1 1 1 1 34 105 337 66 62 24 251 109 147 332 31 41 319 0 58 33 78 91 184 234 0 0 0 0 0 0 0 0 0 3 6 0 0 0 0 0 0 0 0 0 0 0 0 0 0 0 0 0 0 0 0 0 0 0 0 0 0 0 0 0 0 0 0 0 28 28 0 0 0 0 1 31 19 0 0 0 0 0 0 0 16 8 0 0 1 0 0 38 0 0 0 0 0 0 14 0 2 10 7 0 0 0 0 0 0 0 0 0 0 0 0 0 0 0 0 0 0 0 0 4 0 0 6 0 0 0 0 12 7 0 0 0 0 0 7 0 0 0 10 0 0 13 0 0 6 14 0 0 0 36 0 0 0 0 0 0 0 0 0 0 0 0 72 3 0 0 5 0 1 7 13 0 24 0 9 13 10 0 26 21 0 0 0 0 0 0 9 0 0 0 0 0 0 0 0 0 0 0 0 0 0 0 0 0 0 0 0 0 0 0 0 19 0 1 0 0 0 0 0 2 0 0 2 0 0 11 18 0 0 0 0 0 0 0 0 0 0 0 0 0 0 23 0 0 23 0 0 13 1 0 
 37 3 3 5 3 3 6 0 4 72 2 2 2 6 2 2 3 3 2 3 0 0 0 18 0 63 0 3 0 15 0 0 0 0 0 0 0 0 0 0 390 79 39 141 150 167 64 46 82 235 122 250 126 58 0 176 113 185 70 104 0 53 0 51 3 0 0 10 0 1 0 0 64 9 0 0 1 52 0 0 0 0 0 0 0 0 0 0 0 0 0 0 0 0 0 0 0 0 0 0 0 8 0 0 12 0 0 0 0 0 0 0 5 0 0 3 0 11 0 0 11 7 48 11 16 18 0 0 33 14 9 0 0 0 0 32 13 7 0 2 5 0 0 0 16 0 0 0 0 0 7 25 2 0 0 0 0 0 22 11 0 0 0 0 0 0 0 0 0 0 0 0 0 0 0 0 0 0 0 0 0 0 0 0 0 0 0 0 0 0 0 0 0 0 0 0 0 0 0 0 9 14 25 0 0 11 0 9 25 17 38 0 30 0 6 41 0 0 7 12 0 4 0 0 0 0 0 0 0 0 0 0 22 19 0 0 0 0 11 11 0 0 7 0 0 0 0 0 0 0 0 6 0 0 0 0 0 0 0 1 0 0 0 36 2 0 1 0 3 0 18 0 0 0 0 0 0 0 0 0 0 0 0 0 10 0 0 11 1 0 
 3 0 0 1 0 0 2 0 0 11 3 0 0 0 0 0 0 0 0 0 0 0 0 0 5 44 0 0 0 4 1 64 0 2 0 0 0 0 0 0 551 370 216 358 159 150 156 49 309 266 175 169 33 33 176 0 98 53 48 124 2 0 2 3 0 4 0 2 3 4 8 3 3 6 7 4 0 4 20 58 0 0 0 0 0 0 0 0 0 0 0 0 0 11 0 0 0 0 0 0 0 0 0 0 0 0 0 0 0 0 0 0 0 0 0 0 0 0 0 0 0 0 22 16 4 16 0 14 33 29 72 6 0 0 0 0 30 0 16 11 37 0 0 0 8 3 11 0 3 0 1 0 0 0 0 0 0 0 11 20 0 0 0 0 0 0 0 0 0 0 0 0 0 0 0 0 0 0 0 0 0 0 0 0 0 0 0 0 0 0 0 0 0 0 0 0 0 0 0 0 6 0 10 0 10 4 1 9 7 1 4 0 20 20 1 16 11 11 0 28 0 11 0 0 3 0 0 0 0 0 0 3 22 0 0 9 0 0 11 10 0 0 0 0 0 0 0 0 0 0 0 9 0 0 0 0 0 0 0 1 0 0 2 1 0 0 1 1 1 0 5 0 0 0 2 2 0 0 0 0 0 0 0 0 0 10 0 0 1 0 
 0 0 0 2 0 0 0 0 0 1 0 19 2 0 0 0 0 0 0 0 0 0 0 4 36 41 0 0 0 22 0 1 0 0 0 0 0 0 0 3 106 50 69 41 80 102 137 104 143 329 159 56 57 78 113 98 0 71 59 112 6 0 0 0 0 0 0 0 0 0 0 0 0 0 0 0 0 0 0 50 0 6 0 0 0 0 0 0 0 0 0 0 0 0 0 0 0 4 0 0 0 0 0 1 0 7 0 0 0 0 1 0 0 0 0 0 0 0 0 0 24 1 11 0 11 6 3 35 11 19 25 10 9 22 23 18 10 96 0 9 11 0 0 0 0 0 0 0 0 0 1 0 0 1 0 0 0 0 20 0 0 0 6 0 0 0 0 0 6 0 0 0 0 0 8 0 0 0 5 0 0 0 0 0 4 1 0 0 0 0 0 1 0 0 0 0 0 0 0 0 17 17 0 33 14 0 61 30 0 8 29 15 7 30 4 26 17 11 0 0 0 0 0 0 0 0 10 0 0 0 0 15 0 12 0 0 0 0 0 0 0 0 5 0 0 0 0 0 0 0 0 5 0 0 0 0 0 0 0 0 0 0 0 0 1 10 1 2 1 0 2 0 0 0 0 0 0 0 0 0 0 0 0 0 1 11 0 0 1 0 
 0 0 2 0 6 0 0 2 0 6 0 43 0 0 0 0 1 4 0 0 0 0 2 0 0 33 0 0 0 0 2 0 0 2 26 0 0 0 0 8 163 112 67 458 54 112 39 59 51 34 80 80 277 91 185 53 71 0 65 44 1 4 6 1 2 2 6 2 0 5 1 2 0 5 0 210 8 4 4 0 0 0 23 10 8 9 0 0 0 10 0 6 0 0 0 0 0 4 0 0 0 0 0 0 0 0 0 0 0 0 0 0 0 2 1 0 0 0 0 0 11 0 9 5 16 1 0 0 9 1 22 0 0 24 0 3 35 13 0 0 1 8 0 0 0 0 1 0 0 0 1 0 5 0 0 1 0 0 25 2 0 6 0 4 0 8 0 0 0 0 0 0 0 0 0 0 0 8 0 0 0 0 0 0 0 0 0 1 14 0 0 0 7 0 0 0 0 0 0 0 3 14 0 46 21 23 0 27 0 39 9 10 0 0 44 21 0 15 2 11 0 0 0 0 0 0 11 0 0 0 0 0 0 11 0 0 0 0 15 33 0 0 7 0 0 0 0 0 0 0 0 3 0 2 0 0 0 0 0 21 0 1 63 71 1 1 3 0 2 0 0 0 0 0 0 0 0 15 0 0 0 2 0 0 4 10 0 0 2 0 
 3 3 3 4 3 3 3 0 3 3 3 3 5 3 3 3 3 3 3 5 4 0 64 65 66 66 1 63 153 68 62 0 63 0 0 33 67 31 0 3 71 237 72 92 272 274 67 366 73 116 58 29 308 184 70 48 59 65 0 131 1 0 0 0 0 0 0 0 4 0 0 0 8 0 1 0 5 0 0 0 0 0 0 0 0 0 0 0 0 40 0 0 0 0 0 0 0 0 0 0 0 19 0 24 26 8 0 0 0 3 6 12 0 0 0 0 0 0 0 0 17 8 0 0 0 0 36 0 0 0 0 0 9 7 17 0 0 0 6 8 10 5 0 6 9 0 0 4 0 12 4 0 0 7 3 0 0 0 0 2 0 0 0 0 0 0 0 0 5 0 0 0 0 0 6 0 0 0 12 1 0 0 21 0 6 2 0 35 11 11 46 1 0 0 0 0 24 0 0 0 0 0 0 25 0 6 21 0 1 1 0 0 10 4 24 0 22 0 25 0 0 0 6 2 0 0 12 0 10 0 0 0 0 7 4 0 0 6 0 0 0 0 0 0 0 0 0 0 0 0 0 0 0 0 0 0 0 0 53 0 0 0 0 0 0 3 27 0 0 0 0 0 0 0 0 0 0 0 0 0 0 17 0 0 0 0 20 0 1 0 
 0 0 0 0 0 0 0 0 0 0 0 0 0 0 52 0 0 0 0 0 1 1 1 1 128 99 2 101 66 2 130 19 1 2 1 2 63 56 1 1 179 170 182 73 65 48 93 280 160 294 61 33 158 234 104 124 112 44 131 0 0 0 0 0 0 0 0 0 0 0 8 0 0 0 7 0 0 0 0 0 0 0 0 0 0 0 0 0 0 0 0 0 1 0 0 26 0 0 0 0 0 0 0 27 13 36 0 0 0 0 0 19 0 0 11 0 0 0 0 0 37 0 0 1 20 0 6 26 0 11 5 1 0 1 0 0 1 11 1 0 0 0 0 0 0 0 0 0 0 0 0 0 0 0 0 0 0 0 0 3 0 0 7 0 0 0 0 0 4 0 0 0 0 0 3 0 0 0 0 0 0 0 0 0 0 19 0 0 7 1 0 0 0 0 0 0 0 0 0 0 28 0 9 44 0 0 20 4 20 23 0 5 22 21 20 0 4 19 18 10 0 0 0 0 0 0 0 0 0 0 0 0 0 0 0 0 0 0 0 0 0 0 0 0 0 0 0 0 0 29 0 22 0 2 0 0 0 0 0 1 0 0 1 0 0 28 0 1 0 0 0 0 0 0 0 0 0 0 0 0 0 0 0 0 0 0 0 0 2 0 
 0 0 0 0 0 0 0 0 0 0 0 1 0 0 0 0 0 0 0 0 0 0 0 0 0 0 0 0 0 0 0 0 0 0 0 0 0 0 0 0 5 0 0 0 51 49 0 0 0 0 1 0 0 0 0 2 6 1 1 0 0 54 103 93 92 39 127 155 153 36 84 13 98 156 136 95 50 167 33 96 8 0 0 0 0 0 0 0 0 0 0 0 0 0 0 0 0 0 0 0 0 0 0 0 0 0 0 0 0 0 0 0 0 0 0 0 0 0 0 0 0 0 0 0 0 8 0 0 0 0 0 24 0 0 0 0 0 0 0 0 1 5 15 1 0 0 14 0 0 6 2 28 10 46 10 34 8 7 0 0 0 0 0 0 0 0 0 0 0 0 0 0 0 0 0 5 0 0 0 0 0 0 0 0 0 0 0 0 0 0 0 0 0 0 0 0 0 0 0 0 0 0 0 0 0 15 0 0 0 28 8 33 0 0 0 10 5 0 0 0 8 27 6 6 7 0 2 20 29 24 3 7 24 25 35 12 47 16 0 0 12 0 0 0 0 0 0 0 0 0 0 0 0 0 5 0 0 0 0 0 0 0 0 0 0 0 20 0 0 0 25 0 0 0 2 0 0 0 0 0 0 0 0 0 0 0 0 0 10 0 
