 0 321 356 64 230 227 239 41 22 212 331 167 30 211 105 293 119 118 84 23 0 2 0 2 0 0 0 0 2 2 0 2 0 3 2 2 0 0 5 0 0 0 0 0 3 0 2 2 0 3 0 4 2 3 6 6 0 0 0 0 5 1 0 2 0 3 0 0 3 0 0 2 0 0 3 0 7 5 42 3 2 15 24 34 0 0 16 1 25 59 41 7 27 0 50 11 0 25 9 1 0 0 0 0 0 0 0 0 0 0 0 0 0 0 1 0 0 0 0 0 0 0 0 0 0 0 0 0 0 0 0 0 0 0 0 0 0 0 0 0 0 0 9 0 0 20 0 0 0 0 0 0 0 0 0 0 1 8 0 0 12 11 17 2 19 20 23 0 47 34 15 0 0 6 41 39 1 37 0 0 0 0 0 0 0 0 0 0 1 0 0 0 0 0 0 0 0 13 20 0 0 0 0 0 0 0 0 0 0 0 1 0 0 0 0 0 21 0 0 0 0 0 0 0 0 0 0 0 0 0 0 0 0 0 0 0 0 0 0 1 0 10 0 0 0 0 0 2 0 1 0 8 0 0 0 0 0 0 0 0 8 0 0 0 0 0 0 0 0 1 0 0 0 0 0 0 25 0 0 0 0 0 0 0 0 0 0 0 0 0 
 321 0 154 226 124 335 392 113 226 275 55 123 83 58 377 185 131 220 265 135 0 2 0 2 0 0 0 0 2 0 31 1 0 3 0 2 0 0 3 0 0 0 0 0 0 0 0 0 0 2 0 0 69 95 3 3 0 0 0 0 3 0 0 2 0 0 0 0 3 0 0 0 16 0 3 40 7 3 3 0 19 0 4 0 25 27 0 0 21 18 7 29 19 0 0 9 21 9 5 15 0 0 0 0 0 0 0 0 0 0 0 0 10 0 0 0 0 0 0 25 0 6 2 0 0 0 0 0 0 0 0 7 0 0 0 0 0 0 0 0 0 2 2 0 0 0 0 0 0 0 0 0 0 2 0 0 12 0 0 0 2 3 8 15 13 0 1 18 10 29 1 15 1 8 11 1 18 44 12 1 0 0 0 0 0 0 9 0 0 0 0 0 0 0 0 0 0 0 0 0 0 0 0 0 0 0 0 0 0 0 0 0 0 0 0 0 0 0 0 1 0 0 0 0 0 0 0 1 0 0 0 0 0 0 0 0 1 0 0 0 0 10 0 0 0 5 89 0 0 87 0 4 0 1 0 0 0 0 0 0 0 0 0 0 0 0 0 0 0 0 0 0 0 0 0 7 0 14 0 0 0 0 0 0 10 0 0 0 0 0 
 356 154 0 178 263 161 419 100 188 275 156 171 163 149 463 169 333 57 101 57 0 3 0 2 0 0 0 3 2 2 0 0 0 3 2 3 0 0 40 4 0 0 5 0 0 0 0 0 0 3 3 0 2 2 3 3 0 0 0 0 7 2 0 2 0 2 0 0 5 16 2 3 0 0 3 0 0 3 3 0 19 13 48 1 76 0 14 14 21 33 25 18 17 0 10 13 0 10 21 1 0 0 0 0 0 0 0 0 0 0 0 0 3 0 0 1 0 0 0 0 0 0 0 0 0 0 0 0 0 0 0 0 0 0 0 0 0 0 0 0 0 0 24 0 0 0 0 0 0 0 0 0 0 0 0 0 0 0 0 0 13 32 1 0 17 19 26 0 24 34 0 0 0 17 17 37 0 14 0 0 0 0 0 0 1 0 0 0 16 0 0 0 11 14 0 0 0 0 32 0 0 0 0 0 0 1 0 0 0 0 0 0 0 0 0 0 3 21 0 0 0 0 0 1 0 0 0 0 0 0 0 0 0 0 0 0 0 0 0 0 0 0 0 0 0 2 4 0 0 102 2 3 0 0 0 0 0 0 2 0 0 0 9 0 0 0 0 0 0 0 0 0 0 0 0 0 25 0 0 0 0 0 0 0 0 0 0 0 0 0 
 64 226 178 0 289 134 89 81 448 366 407 120 70 178 73 136 145 63 74 38 0 2 0 2 0 0 0 0 2 0 0 0 0 6 1 2 0 2 49 0 0 0 0 0 0 0 3 0 0 3 17 0 2 2 3 3 0 0 0 0 6 0 0 2 0 0 0 0 3 0 0 0 0 0 7 0 0 4 3 0 0 8 0 8 31 45 1 12 5 16 0 27 0 13 0 5 42 14 0 0 0 0 0 0 0 0 0 25 0 0 0 0 14 1 0 0 0 0 10 59 0 0 0 0 0 0 0 0 0 0 0 0 0 0 0 0 0 0 0 0 0 0 0 0 1 0 0 0 0 0 0 0 0 16 0 0 0 0 0 0 0 7 11 32 27 13 1 0 5 14 19 23 0 0 0 1 5 19 0 0 0 0 0 0 0 0 2 1 17 0 0 0 21 16 0 0 0 0 19 0 16 0 0 0 0 0 0 0 0 0 0 0 0 0 0 0 0 1 0 2 0 3 0 0 0 0 0 0 0 0 0 0 0 0 0 2 0 0 0 0 0 0 0 0 0 2 43 2 2 88 2 0 0 0 0 0 0 0 0 0 0 0 12 0 0 0 1 0 0 0 0 0 0 0 0 11 1 9 0 0 0 0 0 0 0 0 0 0 0 0 
 230 124 263 289 0 153 67 166 175 180 223 39 78 96 283 86 116 37 53 56 9 41 0 3 0 1 74 46 2 4 1 0 75 1 95 3 230 37 19 29 0 0 0 0 0 1 0 2 0 0 0 0 0 0 0 63 0 3 0 3 0 0 0 0 0 2 0 0 0 3 0 0 0 1 0 0 0 0 0 0 0 5 0 15 0 14 0 25 7 0 7 28 0 12 0 10 11 0 0 0 7 0 14 0 3 0 51 21 0 0 0 0 0 0 14 0 0 0 8 31 0 0 0 0 0 15 0 0 0 0 0 0 0 0 0 0 0 0 2 0 0 0 0 1 0 0 0 2 0 0 0 16 0 0 0 0 0 0 0 0 0 0 14 34 32 41 18 2 0 1 12 0 1 0 0 0 10 21 0 0 8 7 1 12 0 2 0 0 0 6 9 0 9 0 0 14 35 0 19 24 0 0 0 4 0 0 12 0 0 0 0 0 0 0 0 2 1 0 0 0 0 0 0 0 0 0 0 0 0 0 0 0 0 0 0 0 0 0 0 0 0 0 0 0 0 2 0 3 1 4 7 0 14 0 0 0 0 0 0 0 1 0 0 0 0 0 0 0 0 0 0 0 0 0 0 14 0 0 0 0 0 0 0 0 0 0 0 0 0 0 
 227 335 161 134 153 0 373 139 91 65 99 121 42 311 146 85 236 47 350 68 34 76 75 8 0 0 77 91 2 40 0 0 101 78 0 3 102 1 80 213 0 0 0 0 0 0 0 0 0 3 0 62 2 2 3 4 0 0 0 0 2 0 0 2 3 0 0 0 3 0 0 0 0 0 3 0 0 3 0 0 0 0 0 11 15 15 0 0 1 20 0 35 0 0 0 0 0 0 0 0 10 16 28 13 0 0 2 21 0 13 21 0 13 49 0 27 14 0 46 1 0 0 0 0 2 0 0 0 0 0 0 0 0 0 0 0 0 0 0 0 0 0 6 0 0 0 0 0 0 0 0 0 0 0 0 0 0 0 0 1 0 14 24 0 16 19 0 0 18 24 0 0 0 0 0 31 0 7 0 0 0 24 2 0 0 0 14 0 0 23 0 0 31 0 11 26 21 0 45 1 1 0 0 9 0 0 0 0 0 0 0 0 0 0 0 0 2 0 0 0 0 0 0 0 0 0 0 0 0 0 0 0 0 0 0 0 0 0 5 0 0 0 0 0 0 4 1 0 89 2 0 5 0 0 0 0 0 0 0 2 2 0 0 0 0 0 0 0 0 0 0 0 0 0 0 0 0 0 0 0 0 0 0 0 0 0 0 0 0 0 
 239 392 419 89 67 373 0 289 154 36 111 153 56 427 36 154 205 181 115 43 109 1 0 2 0 202 0 0 5 0 0 0 0 3 0 2 0 1 3 0 0 55 0 0 0 0 2 0 0 3 0 0 2 0 3 3 0 0 0 0 3 2 0 2 0 0 0 0 3 0 0 0 0 0 8 0 0 3 4 0 32 16 24 14 20 0 0 11 0 0 66 3 28 0 23 0 29 18 23 0 0 0 0 0 0 0 0 0 0 0 0 0 0 0 0 0 0 0 0 0 16 0 0 0 0 0 0 0 0 0 0 0 0 0 0 0 0 0 0 0 0 0 9 0 0 11 9 0 0 0 0 0 0 0 0 0 1 4 0 0 0 32 24 0 17 18 15 0 29 0 20 0 18 12 58 45 5 5 0 9 0 0 0 0 0 0 0 0 1 0 0 0 0 0 0 0 0 0 17 0 0 0 0 0 0 0 0 0 0 0 0 0 0 0 0 0 2 0 0 9 0 0 0 0 0 0 0 0 0 0 0 0 0 0 0 0 0 0 0 0 0 18 0 0 0 3 0 0 2 0 0 2 0 0 0 0 0 2 0 2 0 0 0 0 0 0 0 0 0 0 0 0 0 0 1 0 0 0 0 0 0 0 0 0 0 0 0 0 0 0 
 41 113 100 81 166 139 289 0 262 95 138 45 97 184 238 291 163 121 244 33 0 9 0 3 0 1 0 1 2 2 2 1 0 3 8 2 0 0 3 41 0 0 4 0 0 0 0 2 0 3 2 0 2 1 3 32 0 0 0 0 11 2 0 8 0 0 0 0 3 0 0 0 0 0 3 0 0 3 1 0 9 39 0 0 0 0 0 20 14 5 35 27 3 13 22 15 11 10 11 10 0 0 1 0 18 0 0 0 0 0 0 0 0 0 0 0 0 0 0 0 0 0 1 0 0 0 0 0 0 0 0 0 0 0 0 0 0 0 2 0 0 0 0 1 0 0 8 0 0 0 0 0 0 0 0 0 0 0 0 0 22 0 48 0 19 0 0 12 0 0 5 0 16 50 0 13 22 22 0 18 0 0 0 0 0 0 22 0 0 0 0 0 12 0 0 0 0 0 0 10 0 0 0 0 0 0 0 0 0 0 0 0 0 2 1 0 0 0 0 0 0 0 1 0 0 0 0 1 0 0 2 0 17 0 0 0 0 0 2 0 0 11 0 0 0 0 0 1 1 2 8 0 0 0 0 0 0 0 0 0 0 0 0 0 0 0 0 0 0 0 0 0 0 0 0 0 1 0 0 0 5 0 0 0 0 0 0 0 0 0 
 22 226 188 448 175 91 154 262 0 389 174 31 88 395 210 160 144 202 72 64 2 2 1 2 2 0 75 3 210 0 0 0 0 81 0 2 0 0 80 2 0 0 0 0 3 0 3 0 3 2 8 0 2 3 6 65 0 0 0 0 3 0 0 2 0 0 0 0 3 0 0 2 0 0 2 0 2 3 6 0 11 19 0 33 8 21 0 23 13 64 15 30 62 13 13 52 21 0 0 0 0 0 0 0 0 1 59 1 23 0 0 0 12 0 0 0 0 0 1 27 0 0 0 0 13 0 0 0 1 0 0 0 0 16 0 0 0 1 0 0 0 0 0 0 0 14 0 0 0 0 0 0 0 1 0 0 0 13 0 0 0 0 15 54 19 21 0 0 10 12 18 1 0 0 0 0 47 32 0 0 0 0 0 0 0 0 22 14 12 0 0 0 28 12 0 0 0 1 9 5 0 0 0 0 0 0 1 0 0 0 0 0 0 0 0 0 0 0 0 0 0 0 0 0 1 0 0 0 0 0 0 0 2 0 0 0 0 2 0 0 0 0 0 0 2 1 175 2 0 3 19 4 22 0 0 0 2 0 0 0 0 0 20 0 2 0 0 0 0 0 0 0 0 0 0 6 0 12 0 0 0 0 0 0 0 0 0 0 0 0 
 212 275 275 366 180 65 36 95 389 0 801 47 23 185 295 209 72 124 46 90 0 0 0 2 0 84 0 0 2 1 0 0 157 89 0 3 3 0 85 0 0 0 0 0 0 0 4 63 0 3 14 0 2 1 3 37 0 0 0 0 2 2 0 2 0 0 0 0 3 0 0 0 0 0 3 0 0 3 0 0 12 33 42 15 38 13 0 16 7 26 37 38 2 0 1 10 2 0 23 14 0 0 0 0 0 0 0 12 0 0 0 0 0 6 2 0 0 0 9 23 0 0 25 0 0 0 0 0 0 0 0 0 0 0 0 0 2 0 0 0 0 0 0 0 0 0 0 0 0 0 0 0 0 13 0 0 0 0 0 0 0 25 0 5 0 0 15 0 24 0 1 14 0 12 21 0 0 1 0 0 0 0 5 0 0 0 46 15 13 0 0 0 26 12 0 0 0 0 30 10 0 0 0 0 0 0 0 0 0 0 1 0 0 0 0 0 2 0 0 0 0 0 0 0 0 0 0 0 0 0 0 0 0 0 0 0 0 0 0 1 0 0 0 0 0 2 172 1 9 2 6 3 0 0 0 0 0 0 0 0 0 0 24 0 0 0 0 0 0 2 0 0 0 0 0 0 10 12 0 0 0 0 0 0 0 0 0 0 0 0 
 331 55 156 407 223 99 111 138 174 801 0 273 23 133 64 75 260 141 58 37 5 77 2 5 3 0 0 2 5 0 3 0 107 27 80 2 0 0 81 152 0 0 3 1 0 2 4 4 0 3 11 5 2 2 3 69 3 3 0 0 5 1 5 2 6 7 47 4 3 0 5 3 3 5 5 0 3 6 2 0 2 53 19 35 16 13 0 2 6 12 73 19 14 0 11 0 28 0 42 0 0 0 0 0 1 0 6 19 0 0 0 0 13 16 0 0 0 0 10 23 0 0 0 0 0 0 0 0 0 0 0 0 0 0 0 0 0 0 1 0 0 0 0 2 0 0 0 2 0 0 0 0 0 14 0 0 0 0 0 0 0 9 0 1 0 0 16 4 18 0 1 20 14 5 26 0 0 0 0 0 0 0 20 0 0 0 34 17 15 0 0 0 46 14 0 18 0 0 38 31 0 0 0 0 0 0 0 0 0 0 0 0 0 1 2 16 9 0 0 0 0 0 0 0 0 0 0 0 0 0 0 0 0 0 0 0 0 0 2 0 0 0 0 0 0 7 9 2 90 89 19 2 0 0 0 0 0 1 0 0 0 0 13 0 0 0 2 0 0 0 0 0 0 0 0 0 10 0 0 0 0 0 0 0 0 0 0 0 0 0 
 167 123 171 120 39 121 153 45 31 47 273 0 26 38 146 83 91 88 28 31 3 75 0 4 2 2 164 6 76 0 2 2 0 79 75 4 0 0 79 62 0 0 0 2 0 0 4 3 0 3 9 6 3 0 3 8 0 1 6 0 2 0 10 2 1 3 0 1 5 1 0 1 6 0 8 0 5 3 0 0 1 0 1 19 9 20 0 1 7 0 0 35 0 0 0 12 9 26 0 0 25 0 0 11 0 0 15 28 26 0 1 0 13 0 9 13 0 0 33 25 0 0 0 0 0 0 0 0 0 0 0 0 0 0 0 0 0 0 0 0 0 0 4 0 0 0 0 0 1 0 0 0 0 0 0 0 0 0 0 0 0 13 0 0 13 24 0 0 0 22 10 0 0 0 0 21 0 18 0 0 15 22 18 0 0 0 11 20 18 9 0 0 12 0 9 0 0 8 13 9 9 0 0 0 0 0 0 0 0 0 0 0 0 0 0 10 0 0 0 0 0 0 0 0 0 0 0 0 0 23 0 0 0 0 0 0 0 0 0 0 0 0 0 0 0 2 87 2 0 128 0 2 15 0 0 0 0 0 0 0 0 0 1 0 0 0 0 0 0 0 0 0 0 0 0 0 2 0 0 0 0 0 0 0 0 0 0 0 0 0 
 30 83 163 70 78 42 56 97 88 23 23 26 0 78 73 124 125 25 60 320 0 3 0 2 0 0 0 3 4 0 0 0 0 6 3 2 0 0 3 3 0 0 0 3 0 0 0 0 0 5 0 0 2 0 3 75 1 0 0 0 2 2 0 2 8 2 0 0 3 0 3 3 0 6 3 0 1 5 1 0 32 11 12 0 0 0 0 0 11 14 0 0 14 8 10 0 16 3 12 22 0 0 0 0 0 0 0 0 0 0 0 0 0 0 0 0 0 0 1 0 9 0 0 0 0 0 16 0 0 0 0 0 0 0 0 0 0 0 0 0 0 0 0 0 0 0 0 0 0 0 0 0 0 0 0 0 0 0 0 0 2 0 0 1 5 11 0 15 6 0 4 10 28 11 17 10 12 14 28 12 0 0 0 0 0 0 0 0 0 0 0 0 0 0 0 0 0 0 0 0 0 0 0 0 0 0 0 0 0 0 0 0 0 0 0 0 0 0 0 0 0 0 0 0 0 0 0 0 0 0 0 0 0 0 0 0 0 0 0 0 0 0 0 0 0 1 0 0 0 0 2 0 0 0 0 0 0 0 0 0 0 0 0 0 0 0 0 0 0 0 0 0 0 0 0 0 0 0 0 0 0 0 0 0 0 0 0 0 0 0 
 211 58 149 178 96 311 427 184 395 185 133 38 78 0 235 203 416 119 166 154 52 1 0 2 2 0 0 0 2 75 0 0 0 3 0 2 0 0 3 0 0 0 0 0 29 0 0 0 0 3 0 0 2 0 3 140 0 0 0 0 3 2 0 2 0 0 0 0 3 0 0 0 0 0 3 0 0 3 4 48 43 18 32 15 30 0 0 27 0 8 49 23 0 40 13 0 25 2 18 0 0 0 0 0 0 0 0 0 0 0 0 0 1 0 2 0 0 0 0 0 0 0 0 0 0 0 0 0 0 0 0 0 0 0 0 0 0 0 5 0 0 0 4 0 0 0 0 0 0 0 0 0 0 0 0 0 0 0 0 0 2 32 14 19 15 37 15 0 13 14 16 11 20 11 19 22 5 2 0 10 0 0 0 0 0 0 0 0 0 0 0 0 7 0 0 0 0 0 15 0 0 0 0 0 0 0 0 0 0 0 0 0 0 0 0 0 2 0 0 20 0 0 0 0 0 0 10 0 0 2 0 0 0 0 0 0 0 0 0 0 0 0 0 0 0 2 0 0 2 1 12 23 0 0 0 0 0 0 0 0 0 0 0 0 0 0 0 0 0 2 0 0 0 0 0 0 0 0 0 0 0 0 0 0 0 0 0 0 0 0 
 105 377 463 73 283 146 36 238 210 295 64 146 73 235 0 363 249 147 83 166 0 1 0 2 0 0 1 2 6 0 0 0 0 3 0 2 0 0 3 0 0 0 0 0 0 0 0 0 4 3 0 0 2 1 3 3 0 0 0 0 3 1 0 2 0 0 0 0 3 0 0 0 0 0 3 0 0 3 2 0 10 27 17 2 0 10 41 9 21 26 0 21 44 16 23 20 14 11 0 27 0 0 0 0 0 1 0 0 0 0 0 0 17 0 0 2 0 0 0 0 0 0 0 2 0 0 0 0 0 0 0 0 0 0 0 0 20 0 0 0 0 0 2 0 0 0 0 0 0 2 0 0 0 0 0 0 0 0 0 0 18 25 0 10 0 0 19 14 1 27 7 0 0 18 9 43 0 63 40 0 0 0 0 0 0 0 0 0 0 0 0 0 0 0 0 0 0 0 0 0 0 0 0 0 9 0 0 0 0 0 0 0 0 0 0 0 0 0 0 0 0 0 0 0 0 0 0 0 0 0 0 17 0 0 0 0 0 11 0 0 0 0 0 0 0 1 7 0 0 0 0 3 0 0 0 0 0 0 0 0 0 0 0 0 0 0 0 0 0 0 0 0 0 0 0 0 15 0 0 0 0 0 0 0 0 0 0 0 0 0 
 293 185 169 136 86 85 154 291 160 209 75 83 124 203 363 0 167 220 348 90 0 0 0 2 0 1 0 0 2 0 0 0 0 3 78 3 0 0 3 0 0 0 0 0 0 0 0 0 1 3 0 0 3 2 3 3 0 0 0 0 2 1 2 2 0 0 0 0 3 0 0 0 0 0 3 0 0 3 5 0 6 42 80 0 19 28 17 24 30 14 0 34 2 0 41 19 8 38 0 7 0 0 0 0 0 0 1 0 0 0 0 0 2 6 0 10 0 0 0 21 0 0 0 0 0 0 0 0 0 0 0 20 0 0 0 0 0 0 2 0 0 0 38 2 0 0 0 0 0 0 0 0 0 0 0 5 1 6 0 0 20 33 0 33 0 24 40 1 0 66 16 14 2 0 0 39 34 0 17 14 0 0 0 0 0 1 0 0 0 0 0 0 0 0 0 0 0 0 14 0 0 0 0 0 0 0 0 0 0 0 0 0 0 0 14 1 0 0 0 0 0 0 0 0 0 0 0 0 0 0 0 0 0 0 0 0 0 0 0 0 0 0 0 0 0 0 1 0 1 1 0 0 0 0 0 0 0 0 0 0 0 0 0 0 0 0 0 0 0 0 0 0 0 0 0 0 22 0 0 0 0 0 0 0 0 0 0 0 0 0 
 119 131 333 145 116 236 205 163 144 72 260 91 125 416 249 167 0 334 31 81 118 0 2 4 1 2 75 0 2 0 0 0 19 5 17 3 0 0 3 0 0 0 0 0 0 0 0 0 1 3 0 0 2 1 3 4 0 0 0 0 2 0 0 2 0 8 0 0 3 0 0 0 0 0 3 0 0 3 0 0 14 24 19 0 0 48 7 7 21 0 2 46 13 0 29 16 6 16 0 10 0 0 0 0 0 0 20 1 0 0 0 0 15 8 0 1 0 0 10 19 0 0 0 0 0 0 0 0 2 0 2 0 0 0 0 0 0 0 0 0 0 0 4 0 0 0 0 0 0 0 0 0 0 1 0 0 0 0 0 0 10 13 0 24 2 17 0 0 6 20 13 14 1 0 0 27 23 22 22 14 0 0 0 0 0 0 15 0 0 0 0 0 0 0 10 0 0 1 23 11 0 0 0 0 0 0 0 0 0 0 0 0 0 0 0 0 0 0 0 0 0 0 0 0 2 0 0 0 14 0 0 0 0 0 0 0 0 0 0 0 0 0 0 0 0 4 1 0 5 2 2 4 19 2 0 0 0 0 0 0 0 0 0 0 0 0 0 0 0 0 0 0 0 0 0 7 0 0 0 0 0 0 0 0 0 0 0 0 0 0 
 118 220 57 63 37 47 181 121 202 124 141 88 25 119 147 220 334 0 111 124 17 1 0 2 9 3 73 0 5 0 2 3 77 3 0 2 2 2 8 3 0 0 0 3 3 0 2 4 3 3 0 0 2 1 6 7 0 3 6 0 12 2 0 2 5 9 3 0 5 1 0 2 0 3 3 2 2 37 1 3 37 23 2 10 10 20 21 24 11 74 24 0 80 6 29 27 11 11 18 19 0 0 0 1 0 0 0 40 0 0 1 0 44 19 0 19 0 0 26 0 2 0 0 0 0 0 0 0 0 0 0 0 0 0 0 0 0 0 0 0 0 0 0 0 0 0 0 2 0 0 0 0 0 7 0 0 0 0 3 0 0 0 43 12 0 0 15 25 1 0 13 21 15 25 6 1 2 26 9 40 0 0 0 0 0 0 2 0 0 0 0 0 17 0 18 0 0 0 13 0 0 0 0 0 0 0 0 0 0 0 1 0 0 0 0 0 0 0 2 0 0 0 0 0 0 0 0 0 0 0 2 0 0 2 2 0 0 0 0 0 0 0 0 0 0 1 46 0 93 2 2 4 0 0 0 0 0 0 0 2 0 0 0 0 0 0 0 0 0 0 0 0 0 0 2 0 0 11 0 0 0 0 0 0 0 0 0 0 0 6 
 84 265 101 74 53 350 115 244 72 46 58 28 60 166 83 348 31 111 0 53 0 1 0 2 0 1 0 0 2 0 0 0 0 3 0 2 0 0 3 0 0 0 0 0 0 0 0 5 1 3 0 0 2 0 3 9 0 0 0 0 15 1 0 2 0 0 0 0 3 0 0 0 0 0 3 0 0 3 1 0 0 13 16 17 15 0 15 0 13 25 17 0 39 12 15 4 0 13 10 10 0 0 0 0 2 0 2 0 0 0 0 0 0 0 0 0 0 0 0 0 0 0 0 0 0 0 0 0 0 0 0 0 0 0 14 0 0 0 2 0 0 0 0 1 0 0 0 0 0 0 0 0 0 0 0 0 0 15 0 0 32 15 24 0 0 0 30 12 0 9 0 0 11 37 0 36 0 18 0 23 0 0 0 0 0 2 0 0 0 0 0 0 0 0 0 0 0 0 7 0 0 0 0 0 0 0 0 0 0 0 0 0 0 0 1 2 1 0 0 0 0 0 0 0 0 0 0 0 0 0 0 0 0 0 0 0 0 0 0 0 0 0 0 0 0 2 0 0 0 0 0 2 0 0 0 0 0 0 0 0 0 0 0 0 0 0 0 0 0 0 0 0 0 0 0 0 18 0 0 0 0 0 0 0 0 0 0 0 0 0 
 23 135 57 38 56 68 43 33 64 90 37 31 320 154 166 90 81 124 53 0 0 1 0 2 3 0 0 3 2 0 0 0 0 3 0 3 0 1 3 0 16 0 0 0 0 0 3 0 5 3 0 0 2 0 3 3 3 3 0 0 2 2 0 2 0 2 0 0 3 3 0 0 0 1 3 0 0 3 0 0 21 0 24 27 0 0 13 0 10 14 12 0 17 42 34 0 0 21 10 40 0 0 0 0 0 0 0 0 0 0 0 0 0 0 0 0 0 0 0 0 22 0 0 0 0 0 14 0 0 0 0 0 14 0 0 0 0 0 0 0 0 0 23 0 0 0 0 0 0 0 0 0 0 0 0 0 2 0 0 0 9 2 0 9 0 0 7 24 19 0 22 23 1 10 33 41 9 0 60 11 0 0 0 0 0 0 0 0 0 0 0 0 0 0 0 0 0 0 3 0 0 0 0 0 0 0 0 0 0 0 0 0 30 0 0 0 0 0 0 6 0 0 0 0 0 0 0 0 0 0 0 0 0 0 0 0 0 0 0 0 0 0 0 0 0 0 0 0 0 0 0 6 0 0 0 0 0 0 0 0 0 0 0 0 0 0 0 0 0 0 0 0 0 0 0 9 0 0 0 0 0 0 0 0 0 0 0 0 0 0 
 0 0 0 0 9 34 109 0 2 0 5 3 0 52 0 0 118 17 0 0 0 388 85 39 123 43 297 92 313 38 306 249 208 105 123 42 120 347 49 271 0 1 0 0 0 0 3 0 0 2 3 0 0 2 0 1 0 2 0 0 0 2 3 0 0 0 0 0 0 0 0 0 0 0 0 0 0 0 0 0 0 0 0 1 0 32 0 0 0 0 0 2 0 0 0 0 0 0 0 0 34 9 51 58 33 0 18 15 0 19 0 0 10 30 0 42 17 35 11 0 8 0 0 0 0 0 19 0 0 0 2 0 0 0 0 0 0 0 13 15 0 0 0 0 0 0 13 0 0 0 0 8 0 0 0 0 0 0 3 1 0 0 0 0 0 22 0 0 0 0 0 0 0 3 0 0 0 1 0 0 11 35 12 8 12 0 14 0 10 0 19 13 0 27 33 2 24 0 12 37 0 0 0 2 0 0 0 0 0 1 0 0 0 0 0 0 0 0 0 0 0 0 0 0 0 0 0 0 0 0 0 0 0 0 0 0 0 0 0 0 0 0 17 0 0 0 0 0 73 0 0 0 0 0 7 2 0 7 0 2 16 2 0 0 0 0 12 0 0 0 0 2 0 0 0 0 0 0 0 0 0 0 0 0 0 0 17 0 0 0 
 2 2 3 2 41 76 1 9 2 0 77 75 3 1 1 0 0 1 1 1 388 0 206 62 120 104 132 103 472 147 26 265 229 43 307 413 539 341 147 142 0 0 2 63 0 0 65 35 0 2 3 0 0 4 0 1 0 2 62 0 2 2 3 8 0 0 0 0 0 0 0 0 0 3 0 0 0 0 0 0 0 0 0 0 24 0 0 0 0 0 0 0 0 0 0 11 0 0 0 0 27 24 19 9 15 0 25 4 18 0 24 20 22 14 0 2 14 25 0 10 0 0 0 0 0 0 34 14 0 0 0 0 0 6 0 0 0 0 0 0 0 0 0 0 0 0 0 2 0 6 0 0 0 20 1 0 0 0 14 0 0 0 0 0 10 0 0 0 0 0 0 0 0 2 0 0 0 0 0 0 10 7 36 1 0 10 13 10 7 0 19 0 0 3 12 26 1 10 0 10 0 0 0 0 0 0 0 0 0 0 0 0 0 1 0 0 0 0 0 0 1 1 0 0 2 0 0 0 0 16 2 0 0 0 0 1 0 0 0 0 0 0 11 0 0 0 0 0 1 0 0 0 0 0 9 0 0 0 1 1 2 0 0 0 0 0 1 0 0 0 0 0 0 0 0 0 0 0 0 0 0 7 0 0 0 0 0 0 0 0 
 0 0 0 0 0 75 0 0 1 0 2 0 0 0 0 0 2 0 0 0 85 206 0 175 494 61 131 192 206 263 276 207 153 131 103 44 200 143 114 602 0 0 0 0 0 0 3 0 0 2 3 0 0 3 0 0 0 4 0 0 0 2 3 0 0 0 0 0 0 0 0 0 0 0 2 0 0 0 0 0 0 0 0 0 1 0 0 0 0 0 0 0 0 0 0 0 0 0 0 0 15 26 15 18 11 33 0 0 27 36 64 48 0 57 48 31 39 0 0 10 0 0 0 0 0 0 9 0 0 0 0 0 16 8 0 0 0 0 14 17 0 0 0 0 0 0 0 0 0 0 0 4 0 0 0 0 0 0 0 0 0 0 0 0 0 0 0 0 0 0 0 18 0 0 0 0 0 0 0 0 18 19 14 24 0 18 15 29 0 5 12 9 0 8 8 31 4 24 0 1 0 0 20 0 0 0 0 0 0 0 0 0 0 0 0 0 0 0 0 18 0 0 0 0 0 0 0 0 0 0 0 0 0 0 0 0 0 0 0 0 0 0 0 0 0 0 0 0 0 0 0 0 0 0 1 0 2 2 76 0 4 0 0 0 0 0 1 0 0 0 0 0 0 0 0 0 0 0 0 0 0 1 0 0 0 0 0 0 0 0 
 2 2 2 2 3 8 2 3 2 2 5 4 2 2 2 2 4 2 2 2 39 62 175 0 523 103 76 295 169 392 380 121 46 58 48 412 223 135 48 178 29 0 0 0 0 0 193 0 0 2 3 0 56 4 0 0 0 11 159 5 2 2 3 0 0 0 0 0 0 19 0 0 0 0 0 0 0 0 2 0 0 0 0 0 0 0 0 0 0 0 0 0 0 0 0 0 0 0 0 0 0 0 4 1 0 45 0 55 34 9 53 36 0 17 0 4 0 11 0 0 18 0 0 0 0 0 32 75 31 0 0 0 19 32 0 0 10 0 12 17 0 0 0 0 0 0 3 0 2 0 0 0 0 0 0 0 0 4 0 0 19 0 0 0 0 0 0 0 0 0 0 0 0 0 0 0 0 0 0 3 0 0 1 28 28 25 0 0 21 26 13 61 0 0 0 12 0 2 0 0 10 0 0 0 13 0 21 22 20 0 0 0 3 22 8 11 0 1 0 18 0 0 0 0 0 0 0 0 0 0 0 0 0 0 0 0 0 0 0 0 0 0 0 0 0 0 0 0 0 0 0 0 0 0 8 1 1 1 0 4 4 1 0 0 0 0 0 0 0 0 0 0 0 0 0 0 0 0 0 6 0 0 0 0 0 13 0 0 0 0 
 0 0 0 0 0 0 0 0 2 0 3 2 0 2 0 0 1 9 0 3 123 120 494 523 0 142 77 376 187 316 442 283 70 70 148 183 81 60 43 119 123 0 0 0 0 0 4 0 13 2 6 0 63 3 0 0 0 4 7 0 0 2 3 0 0 5 0 0 42 3 3 2 0 0 0 0 50 0 0 0 0 0 0 0 0 0 0 0 0 0 0 0 0 0 0 0 0 0 0 0 0 0 0 40 6 35 0 0 36 31 11 18 25 18 0 13 26 14 0 0 0 0 1 0 0 0 0 11 0 0 0 12 15 6 0 0 13 2 13 31 0 0 0 0 0 0 5 0 4 0 0 0 0 0 0 0 0 3 0 0 0 0 0 0 0 0 0 0 7 0 0 0 0 3 0 0 0 0 0 0 10 10 12 2 0 9 14 0 0 20 12 0 0 9 0 14 11 11 0 0 30 0 0 0 0 0 13 18 0 0 5 0 0 7 1 11 0 0 1 36 0 0 0 0 0 0 0 0 0 4 0 0 0 0 0 0 0 0 0 0 0 0 0 0 0 0 0 0 0 0 0 0 0 0 5 0 3 148 77 2 4 2 0 0 0 0 6 0 0 0 0 0 0 0 0 0 1 0 0 13 0 0 0 1 0 12 0 0 0 0 
 0 0 0 0 1 0 202 1 0 84 0 2 0 0 0 1 2 3 1 0 43 104 61 103 142 0 25 42 126 183 121 360 33 38 90 58 81 126 65 276 63 0 0 0 0 0 5 0 62 2 3 0 0 31 19 62 0 2 0 0 0 2 3 0 0 0 0 0 0 7 0 0 0 0 0 0 0 0 0 0 0 0 0 0 0 0 0 0 0 0 0 0 0 0 0 0 0 0 0 0 0 0 13 22 13 9 0 0 9 19 0 11 1 0 0 0 23 0 0 0 10 1 12 0 0 0 10 9 0 21 0 17 22 15 0 1 0 0 0 51 0 0 0 0 0 0 2 0 3 0 0 0 0 0 0 0 0 0 0 0 0 0 5 0 0 0 0 0 16 0 0 0 0 0 0 0 0 0 0 0 0 0 12 10 25 11 0 13 8 0 10 9 0 0 0 0 0 36 0 0 16 10 10 0 0 0 21 0 30 0 0 0 0 0 7 6 13 11 12 12 0 0 0 0 0 0 0 0 0 0 0 0 0 0 0 0 0 0 0 0 0 0 0 0 0 0 0 0 0 0 0 0 0 0 0 0 6 79 175 1 1 0 0 0 0 0 0 0 0 0 0 0 0 0 0 0 1 0 0 0 0 22 0 0 0 0 15 0 0 0 
 0 0 0 0 74 77 0 0 75 0 0 164 0 0 1 0 75 73 0 0 297 132 131 76 77 25 0 152 116 21 44 38 111 106 45 146 31 175 144 24 0 0 0 0 0 1 3 0 0 2 3 0 6 3 0 2 0 6 0 0 4 2 3 0 2 0 0 0 0 0 0 0 0 0 1 0 0 0 4 0 0 0 1 0 0 0 0 0 0 0 0 0 0 0 0 12 0 0 2 0 35 17 40 30 20 10 13 8 13 18 22 0 50 9 0 17 65 16 22 0 0 0 0 0 0 13 12 0 0 0 0 0 0 0 0 0 0 0 9 11 0 0 0 2 0 0 0 0 0 0 0 3 0 0 0 1 0 0 19 0 0 0 0 0 12 7 0 0 0 0 12 0 0 3 0 0 0 13 0 0 9 8 11 0 0 0 13 0 21 12 0 1 2 34 40 0 0 18 10 42 0 0 0 0 0 0 14 0 0 0 0 0 0 0 0 0 0 0 25 13 0 0 0 0 0 0 0 0 0 0 0 0 0 0 0 0 0 0 0 0 0 0 10 0 0 2 0 0 0 3 0 0 10 0 22 2 0 76 77 0 1 0 0 0 0 0 0 0 0 0 0 0 0 0 0 6 0 0 0 0 0 0 0 0 0 0 0 0 0 0 
 0 0 3 0 46 91 0 1 3 0 2 6 3 0 2 0 0 0 0 3 92 103 192 295 376 42 152 0 157 160 318 114 176 225 197 43 41 96 265 141 0 0 0 0 0 0 3 0 0 3 3 0 0 3 1 0 0 2 0 0 50 2 3 0 104 3 0 0 0 0 0 0 0 0 0 0 0 0 0 0 0 0 0 10 0 21 0 0 0 0 0 16 0 0 0 0 13 0 0 0 0 9 55 6 14 0 13 7 0 0 1 4 0 10 18 0 21 13 33 2 0 0 0 0 0 0 0 0 0 0 0 0 0 0 0 0 50 0 0 0 0 0 0 0 0 0 0 3 0 0 0 1 0 0 0 0 0 2 0 0 0 0 0 0 44 25 0 0 0 0 0 1 0 0 0 0 0 1 0 0 10 38 27 28 12 0 0 22 2 9 34 1 12 13 0 34 29 18 1 14 0 0 0 0 0 0 0 0 0 0 0 0 0 0 0 0 0 0 0 0 0 0 0 0 0 0 1 0 0 0 0 0 0 0 0 0 0 0 0 0 0 0 0 0 0 0 0 0 0 1 0 0 0 0 10 1 1 7 1 0 0 1 0 0 0 0 12 1 0 0 0 0 0 0 0 0 0 0 0 0 0 11 0 0 0 0 16 0 0 0 
 2 2 2 2 2 2 5 2 210 2 5 76 4 2 6 2 2 5 2 2 313 472 206 169 187 126 116 157 0 133 217 47 235 297 282 80 55 175 158 89 62 0 0 0 0 0 87 4 0 2 6 0 0 4 0 1 0 2 126 0 0 2 3 0 0 2 0 0 0 0 0 0 0 0 0 2 0 1 0 0 2 0 0 0 19 0 0 0 0 0 0 0 0 0 0 0 0 0 1 0 42 4 33 26 22 0 17 0 16 0 9 65 1 0 0 0 52 53 1 0 0 0 0 0 0 0 1 0 8 0 0 0 0 6 0 0 10 0 10 0 0 0 0 0 0 0 0 0 0 0 0 0 0 0 0 0 0 24 0 0 1 0 0 0 0 13 0 0 0 0 0 0 0 0 0 0 0 0 0 0 23 47 25 3 46 10 0 9 59 10 42 0 0 14 17 1 38 21 1 14 0 0 0 0 0 0 0 10 0 0 0 0 0 0 1 0 0 0 0 9 0 0 0 0 0 0 0 0 0 0 0 0 0 0 0 0 0 0 0 0 0 0 21 0 0 0 0 0 0 0 0 0 0 0 6 0 1 43 1 0 1 16 63 0 0 0 18 0 0 0 0 0 0 0 0 0 0 0 0 0 0 0 0 0 0 0 64 0 0 0 
 2 0 2 0 4 40 0 2 0 1 0 0 0 75 0 0 0 0 0 0 38 147 263 392 316 183 21 160 133 0 135 48 43 394 175 540 309 50 71 372 64 0 0 0 0 0 65 0 0 2 3 0 65 4 2 0 0 2 61 1 0 2 3 0 0 0 0 0 0 0 0 0 0 0 0 0 0 0 0 0 0 0 0 0 0 0 0 0 0 0 0 0 0 0 0 0 0 0 0 0 0 17 0 17 1 46 13 0 18 31 26 13 0 21 7 13 36 0 0 0 0 0 0 0 0 0 0 10 9 0 0 0 1 9 0 0 0 0 13 31 0 0 0 0 0 0 0 3 0 0 0 0 0 0 0 0 0 0 0 0 0 0 0 0 15 0 0 0 0 0 0 0 0 0 0 0 0 0 0 0 0 0 13 12 0 61 14 20 0 17 18 0 0 0 0 26 0 1 0 15 25 0 0 0 0 0 0 0 13 0 0 0 0 9 0 14 0 9 0 1 0 0 0 0 0 0 0 0 0 0 0 0 0 0 0 0 0 0 0 0 0 0 0 0 0 0 0 0 0 0 0 0 0 0 9 0 1 79 77 0 0 0 0 0 0 0 0 0 0 0 0 0 0 0 0 0 0 0 0 12 0 32 0 0 0 23 0 0 0 0 
 0 31 0 0 1 0 0 2 0 0 3 2 0 0 0 0 0 2 0 0 306 26 276 380 442 121 44 318 217 135 0 105 23 39 162 538 218 60 54 75 30 0 0 0 0 0 97 64 3 2 3 0 124 65 81 0 1 6 1 62 0 2 3 0 0 0 0 0 0 0 0 0 0 0 0 0 0 0 0 0 0 0 0 0 0 0 0 0 0 1 0 19 0 0 1 0 0 0 0 0 1 0 12 18 12 0 0 1 21 11 21 14 0 0 0 0 6 29 0 0 0 0 0 0 0 0 2 0 41 0 0 4 10 7 15 1 13 2 22 15 0 0 0 0 0 0 3 0 4 0 0 0 0 0 0 0 0 4 0 0 0 0 0 0 0 0 0 10 0 0 0 0 0 0 0 0 0 0 0 4 0 8 14 2 23 14 0 0 0 24 32 17 0 13 0 16 11 0 0 0 17 0 0 0 0 0 6 11 19 0 0 0 10 20 0 0 0 0 30 20 0 0 0 0 0 0 0 0 0 0 0 0 0 0 0 0 0 0 0 0 0 0 0 0 0 0 0 0 0 0 0 0 0 0 8 2 0 72 77 0 3 0 0 0 0 0 14 0 0 0 0 0 0 0 0 0 0 0 0 0 0 19 0 0 0 0 0 0 0 0 
 2 1 0 0 0 0 0 1 0 0 0 2 0 0 0 0 0 3 0 0 249 265 207 121 283 360 38 114 47 48 105 0 37 78 114 24 183 334 396 109 1 0 0 0 0 0 102 0 21 2 3 0 0 4 0 62 0 12 85 0 0 2 3 0 0 0 0 0 0 5 0 0 0 9 0 0 0 0 0 0 0 0 0 0 0 0 0 2 0 0 1 0 0 0 0 0 0 2 0 0 0 9 2 4 0 17 0 20 24 0 7 78 0 17 14 4 0 0 0 12 0 0 12 0 0 0 24 0 0 24 0 24 47 31 0 0 0 0 0 21 1 11 0 0 1 0 2 0 3 0 0 0 0 0 0 0 0 0 0 0 0 0 0 0 0 0 0 0 0 0 0 0 1 0 0 0 0 0 0 0 9 0 15 12 2 56 0 28 0 0 12 41 0 11 0 15 11 20 0 0 1 1 0 0 0 0 26 0 10 0 0 0 0 0 6 25 0 12 12 8 0 0 0 10 0 0 0 0 0 0 0 0 1 0 0 0 0 0 0 0 0 0 0 0 0 0 0 0 0 0 0 0 0 0 2 2 0 0 3 1 0 1 0 0 0 49 0 0 0 1 0 0 0 0 0 2 0 0 0 0 0 0 0 0 10 0 0 0 0 0 
 0 0 0 0 75 101 0 0 0 157 107 0 0 0 0 0 19 77 0 0 208 229 153 46 70 33 111 176 235 43 23 37 0 213 111 138 252 113 140 227 0 0 0 0 0 0 3 0 0 2 3 0 0 4 0 0 0 2 0 0 0 2 3 0 0 0 0 1 0 0 0 0 0 0 0 0 0 0 0 0 0 0 0 8 24 20 0 0 0 0 10 0 0 0 0 0 12 0 0 0 21 29 19 0 19 0 10 34 0 12 19 0 28 64 0 14 71 33 47 17 0 0 22 1 0 0 3 0 0 2 0 0 0 0 0 0 0 0 0 0 0 0 0 0 0 0 0 0 0 0 2 0 0 25 0 8 0 0 0 0 0 0 0 0 2 0 0 0 0 0 0 18 0 0 0 0 1 0 0 0 0 19 2 0 0 0 29 0 0 14 2 1 41 0 48 23 1 71 18 20 0 0 0 0 0 0 0 0 0 0 15 0 0 0 0 0 0 0 0 0 0 0 0 0 0 0 0 0 0 0 0 0 0 0 0 0 0 0 0 0 0 0 13 0 0 0 2 0 27 1 0 0 0 0 12 0 2 0 0 0 0 0 0 0 0 0 0 0 0 0 0 0 0 0 0 0 0 0 0 0 0 0 0 0 0 0 0 0 0 0 
 3 3 3 6 1 78 3 3 81 89 27 79 6 3 3 3 5 3 3 3 105 43 131 58 70 38 106 225 297 394 39 78 213 0 78 265 189 98 151 469 0 0 0 0 1 0 6 0 0 2 40 0 0 6 0 0 0 4 5 0 0 2 6 0 0 2 0 1 1 0 0 2 2 2 1 0 0 0 0 1 0 0 0 27 17 17 0 0 0 0 0 20 0 0 0 0 13 0 0 0 25 25 16 20 33 0 0 0 0 14 11 9 0 25 22 17 7 1 13 14 0 0 0 0 0 0 10 0 0 0 0 0 8 0 0 0 0 0 19 11 0 0 0 0 0 0 0 0 0 0 1 3 0 0 0 0 0 0 6 6 0 0 0 0 0 0 0 0 0 0 0 9 0 0 0 0 0 0 0 0 13 45 41 9 0 0 20 30 16 9 0 34 28 39 10 32 19 13 18 0 0 0 0 0 0 0 0 0 17 0 0 0 0 0 0 0 0 11 0 0 0 0 0 0 0 18 0 0 0 0 0 0 11 0 0 0 0 0 0 0 0 0 0 0 0 0 19 0 0 0 0 0 0 0 13 0 1 1 0 3 2 0 21 0 0 0 0 0 0 0 0 0 0 0 0 0 0 0 0 0 0 0 0 0 0 0 0 0 0 0 
 2 0 2 1 95 0 0 8 0 0 80 75 3 0 0 78 17 0 0 0 123 307 103 48 148 90 45 197 282 175 162 114 111 78 0 83 42 292 89 417 0 0 65 0 0 0 4 0 0 2 3 0 0 3 0 0 0 2 1 0 0 2 3 25 0 0 0 0 0 3 0 0 43 0 0 0 0 0 0 0 0 0 0 1 7 15 0 0 0 0 0 13 0 0 0 2 0 0 0 0 12 1 0 22 0 9 12 0 21 10 1 27 0 1 12 0 14 11 11 48 0 0 0 0 0 0 0 0 0 0 0 0 0 4 0 0 0 0 0 0 0 0 1 0 0 0 0 2 0 0 0 0 0 0 1 0 0 0 0 0 0 0 0 0 15 0 0 0 1 0 0 1 0 1 0 0 0 0 0 0 13 33 43 11 1 0 2 2 0 21 19 1 0 14 0 13 10 24 0 0 0 0 0 0 0 0 0 8 1 0 0 0 0 2 0 0 0 0 0 19 1 0 0 0 1 0 0 0 15 0 0 0 0 0 0 1 0 0 0 0 0 0 0 0 0 0 21 0 0 0 0 0 0 0 2 0 4 2 108 0 0 0 0 0 0 0 22 0 0 0 0 0 0 0 0 0 0 0 0 0 0 0 0 0 0 0 0 0 0 0 
 2 2 3 2 3 3 2 2 2 3 2 4 2 2 2 3 3 2 2 3 42 413 44 412 183 58 146 43 80 540 538 24 138 265 83 0 419 63 48 99 62 0 0 0 0 0 26 0 0 2 3 0 63 3 0 0 0 8 62 1 0 2 31 0 0 0 0 0 0 0 0 0 0 0 0 0 0 0 0 0 7 0 0 0 0 0 0 0 0 0 0 0 0 0 0 0 0 0 0 0 17 3 13 15 22 23 0 33 7 25 0 9 24 0 0 1 70 44 0 0 0 6 0 0 0 0 16 16 0 0 0 0 0 0 0 0 7 0 19 0 0 0 0 0 0 0 0 0 13 0 0 1 0 0 0 0 0 2 0 0 0 0 0 4 0 0 0 0 0 0 0 0 0 7 0 0 0 0 0 0 26 25 8 0 7 0 66 0 14 19 17 12 0 12 15 1 26 42 0 13 17 0 0 0 0 0 0 10 0 0 0 0 12 9 0 0 0 0 13 28 0 0 0 0 0 0 0 0 0 0 0 0 0 0 0 0 0 0 0 0 0 0 16 0 0 0 0 0 0 0 0 0 0 0 3 0 0 1 75 1 4 13 0 0 0 0 12 0 0 0 0 0 0 0 0 0 0 0 0 19 0 0 0 0 0 1 0 0 0 0 
 0 0 0 0 230 102 0 0 0 3 0 0 0 0 0 0 0 2 0 0 120 539 200 223 81 81 31 41 55 309 218 183 252 189 42 419 0 110 27 292 0 0 0 0 0 0 3 0 0 2 6 0 63 2 0 0 0 22 0 0 0 2 3 0 0 0 0 0 0 0 0 0 0 0 0 0 0 0 0 0 0 0 0 12 0 0 0 0 0 2 0 14 0 0 0 0 0 0 0 0 21 26 42 2 17 12 24 17 1 29 41 1 12 55 1 63 27 30 0 0 0 0 0 0 0 0 42 10 1 0 0 0 2 0 0 0 0 0 22 24 0 0 0 0 0 0 0 0 0 0 15 12 0 0 0 0 0 0 3 0 0 0 0 0 0 0 0 0 0 0 0 0 0 0 0 0 0 10 1 0 0 9 17 6 0 0 14 0 0 24 7 12 0 12 13 22 18 6 19 16 12 0 0 4 0 0 0 0 0 0 0 0 6 7 0 0 0 0 12 0 0 0 1 0 0 0 0 0 0 0 1 0 0 0 0 0 0 0 0 0 0 0 0 0 0 0 0 0 0 2 0 0 0 0 2 0 1 80 2 2 2 0 0 0 0 0 0 2 0 0 0 0 0 0 0 0 0 0 0 12 0 0 0 0 0 0 0 0 0 0 
 0 0 0 2 37 1 1 0 0 0 0 0 0 0 0 0 0 2 0 1 347 341 143 135 60 126 175 96 175 50 60 334 113 98 292 63 110 0 76 34 66 0 2 0 2 1 8 2 3 2 5 0 65 2 6 3 0 4 0 3 0 2 3 0 0 2 0 0 0 7 3 0 0 0 9 0 3 0 0 0 0 0 0 0 0 0 0 0 0 0 0 0 0 0 0 0 0 11 0 0 26 22 33 24 53 13 27 1 0 32 12 0 1 25 0 34 21 10 0 0 15 0 0 0 0 0 24 30 0 0 0 0 2 0 0 9 0 2 24 34 0 0 0 0 0 0 0 0 0 0 0 10 0 0 0 0 0 0 3 0 0 0 0 0 0 13 0 0 2 0 0 0 0 5 0 0 0 0 0 0 9 19 13 70 10 0 15 0 36 3 24 18 0 11 36 0 33 0 0 24 12 0 0 0 0 0 0 0 0 0 0 0 0 9 3 14 0 0 0 0 0 0 0 0 15 0 0 0 0 0 0 0 0 0 0 0 0 0 0 0 0 0 15 0 0 0 0 0 0 0 0 0 0 0 30 2 5 240 2 1 5 8 0 0 0 0 0 0 0 0 0 0 0 0 0 0 0 0 0 12 0 0 0 1 0 28 11 0 0 0 
 5 3 40 49 19 80 3 3 80 85 81 79 3 3 3 3 3 8 3 3 49 147 114 48 43 65 144 265 158 71 54 396 140 151 89 48 27 76 0 144 0 0 0 0 0 0 3 0 0 2 29 0 0 2 0 0 0 2 0 0 0 2 3 0 0 0 0 0 0 0 0 0 0 0 0 0 0 50 0 0 2 0 0 0 11 1 0 0 0 17 0 0 0 0 0 0 0 0 0 0 13 1 0 9 7 0 30 25 13 7 12 0 1 0 7 29 17 0 1 16 0 0 0 0 0 0 0 0 0 0 0 0 0 0 0 0 0 0 0 0 0 0 0 0 0 0 0 4 0 0 0 0 0 1 11 0 0 2 0 0 0 0 0 0 30 10 0 0 3 0 1 14 0 5 0 0 0 0 0 0 17 13 0 13 0 0 13 21 46 7 0 0 19 27 1 16 0 10 19 13 0 0 0 0 0 0 0 0 0 0 0 0 0 0 0 0 0 0 0 0 0 0 0 11 0 0 0 0 0 0 0 0 0 0 0 0 0 0 0 0 0 0 0 0 0 0 0 0 0 73 0 0 0 0 4 2 0 0 0 2 15 0 12 0 0 0 0 0 0 0 0 0 0 0 0 0 0 0 0 0 0 0 0 0 0 0 0 0 0 0 
 0 0 4 0 29 213 0 41 2 0 152 62 3 0 0 0 0 3 0 0 271 142 602 178 119 276 24 141 89 372 75 109 227 469 417 99 292 34 144 0 0 2 2 0 0 0 27 0 0 54 4 0 0 2 0 0 0 2 0 0 0 2 6 6 0 0 0 0 0 0 0 0 0 0 0 0 0 0 0 0 0 0 0 15 1 12 0 0 0 0 0 23 2 0 0 0 15 0 0 0 3 13 15 0 0 0 12 9 0 8 15 14 0 35 0 12 14 0 17 29 0 0 0 0 0 0 0 27 0 0 0 0 0 0 0 0 2 0 0 0 0 0 0 0 0 0 0 2 0 0 4 0 3 0 0 0 0 1 0 0 12 0 0 0 12 0 0 0 0 0 0 0 0 0 0 0 0 4 0 0 0 11 33 12 0 0 18 29 0 21 6 0 10 0 2 22 8 7 4 0 0 0 0 1 0 0 0 0 0 0 1 0 0 0 0 0 0 0 0 0 0 1 0 0 0 0 0 0 0 0 3 2 0 0 0 0 0 0 0 0 0 0 2 0 0 0 74 0 0 0 0 0 0 0 8 0 3 0 0 1 4 3 0 0 0 1 0 0 0 0 0 0 0 13 0 0 0 2 0 0 0 3 0 0 0 0 0 0 0 0 
 0 0 0 0 0 0 0 0 0 0 0 0 0 0 0 0 0 0 0 16 0 0 0 29 123 63 0 0 62 64 30 1 0 0 0 62 0 66 0 0 0 122 78 73 37 659 149 276 369 113 299 37 55 123 191 34 22 29 54 25 2 0 1 2 0 2 2 4 0 1 0 0 4 0 0 0 2 0 6 5 0 0 0 0 0 0 0 0 0 0 0 0 0 0 0 0 0 0 0 0 0 7 0 0 0 0 0 0 1 0 0 15 0 0 0 0 0 0 0 0 12 0 0 25 0 11 1 0 2 9 10 6 8 6 0 13 14 0 4 19 0 0 0 0 0 0 10 0 3 0 0 0 5 1 0 0 0 4 14 3 0 0 0 0 0 0 0 3 0 0 0 0 0 0 0 0 0 0 0 0 0 0 0 0 19 0 0 0 0 2 0 0 0 0 0 0 1 0 0 0 15 52 8 0 0 0 1 75 0 0 0 5 0 2 0 9 0 10 0 1 2 5 4 0 0 0 2 0 0 0 0 0 4 10 4 0 0 1 0 1 0 0 0 0 0 0 0 0 0 0 0 4 0 0 0 0 0 24 0 0 0 0 0 0 2 1 1 42 0 0 4 0 0 0 0 0 0 0 0 0 0 0 0 0 0 26 0 0 1 0 
 0 0 0 0 0 0 55 0 0 0 0 0 0 0 0 0 0 0 0 0 1 0 0 0 0 0 0 0 0 0 0 0 0 0 0 0 0 0 0 2 122 0 172 73 62 49 73 210 174 63 60 133 118 143 182 66 131 32 48 94 0 0 2 0 0 0 5 0 0 0 0 0 4 0 0 0 0 0 55 5 0 0 0 0 0 0 0 0 0 0 0 0 0 20 0 0 0 0 0 0 0 0 0 0 0 0 0 0 0 0 0 0 0 0 0 0 0 0 0 0 11 58 3 41 0 3 0 23 0 44 21 7 0 7 19 16 20 99 0 0 31 2 10 5 2 0 0 9 0 0 6 0 6 28 0 7 0 0 26 6 0 0 0 0 0 0 1 19 0 0 0 0 0 0 0 0 0 0 0 0 0 0 0 0 0 0 0 0 0 0 0 0 0 2 0 0 0 0 0 0 20 17 26 21 0 19 0 13 0 0 9 8 2 8 29 0 4 19 0 0 0 4 15 0 0 0 24 0 0 0 0 0 41 0 9 0 0 6 0 9 0 0 0 0 0 0 0 0 0 0 0 2 0 0 0 0 0 0 0 9 0 0 1 74 1 0 0 4 0 0 5 0 0 0 0 0 0 0 0 0 0 0 0 0 9 15 0 0 0 0 
 0 0 5 0 0 0 0 4 0 0 3 0 0 0 0 0 0 0 0 0 0 2 0 0 0 0 0 0 0 0 0 0 0 0 65 0 0 2 0 2 78 172 0 150 109 105 84 124 461 98 59 330 153 188 127 118 159 317 103 115 3 0 3 31 0 9 0 0 3 1 2 2 3 50 1 0 0 0 1 0 0 0 0 0 0 0 0 0 0 0 0 0 0 0 0 0 0 0 0 0 0 0 0 0 0 0 0 0 0 0 0 0 0 0 0 0 0 0 0 0 29 18 15 23 0 5 30 32 9 32 0 7 0 0 31 18 12 63 0 0 8 0 0 4 0 0 0 0 0 0 3 0 3 19 0 0 0 0 22 0 0 0 0 0 0 0 15 0 0 0 0 0 0 0 0 0 0 0 0 0 0 0 0 0 10 0 0 0 0 0 0 0 0 0 0 0 0 0 0 0 17 11 42 6 0 0 11 0 0 11 8 13 12 8 14 13 46 21 0 0 0 0 0 0 0 0 0 0 0 0 0 0 4 0 0 0 0 0 0 0 0 0 0 0 0 0 0 0 0 0 2 5 0 1 0 0 0 0 0 9 0 0 1 65 81 0 2 1 1 0 0 0 0 0 0 0 0 0 0 0 0 0 0 0 0 0 0 0 0 0 
 0 0 0 0 0 0 0 0 0 0 1 2 3 0 0 0 0 3 0 0 0 63 0 0 0 0 0 0 0 0 0 0 0 0 0 0 0 0 0 0 73 73 150 0 143 312 168 85 90 510 353 122 61 79 146 40 47 237 325 92 0 0 0 0 0 0 23 6 0 0 0 0 4 0 0 0 0 0 49 53 0 0 0 0 0 0 0 0 0 0 0 0 0 0 0 0 0 18 0 0 0 0 16 0 0 0 0 0 0 0 0 0 10 0 0 0 0 0 0 0 18 0 8 0 34 14 0 0 20 0 0 23 0 0 11 18 0 11 23 0 43 4 0 0 0 0 16 10 0 0 3 1 9 0 8 0 19 0 8 4 0 6 0 0 0 0 0 0 0 0 0 4 0 0 0 0 0 0 0 0 0 0 0 0 7 0 0 0 0 0 0 0 0 0 0 0 0 0 0 0 0 12 8 9 15 13 0 0 1 12 11 25 0 0 0 0 11 10 0 0 29 0 0 0 0 0 3 9 0 0 0 0 0 15 13 19 0 0 19 0 0 0 0 0 0 0 0 0 0 0 0 1 0 0 0 0 0 0 0 8 0 0 69 0 47 0 2 3 0 0 0 0 0 0 0 0 0 0 0 0 0 0 0 0 16 7 0 0 2 0 
 3 0 0 0 0 0 0 0 3 0 0 0 0 29 0 0 0 3 0 0 0 0 0 0 0 0 0 0 0 0 0 0 0 1 0 0 0 2 0 0 37 62 109 143 0 179 52 310 69 357 108 128 262 279 107 102 60 120 77 80 22 0 0 0 0 0 1 0 0 1 4 2 2 54 0 65 1 10 57 4 0 0 0 0 0 0 0 8 0 0 9 0 0 0 0 0 0 0 0 0 0 0 0 0 0 0 0 0 0 0 0 0 0 0 0 0 0 0 0 0 0 0 0 0 19 3 0 0 0 0 0 1 0 0 0 0 0 0 0 0 13 26 1 0 35 0 12 19 22 8 19 15 29 26 0 9 26 0 2 30 0 0 0 0 0 0 0 0 0 0 0 0 0 0 0 5 0 0 0 0 0 0 0 0 0 0 0 21 0 0 0 0 0 0 0 0 0 0 0 0 0 0 0 15 12 26 0 0 0 19 19 3 0 0 0 0 0 0 0 0 0 4 4 0 0 0 12 35 15 28 0 0 1 29 4 14 0 5 10 7 0 0 0 0 0 0 0 0 0 0 0 12 0 0 0 0 0 1 0 2 0 16 12 0 0 4 1 3 2 0 9 0 26 0 0 0 0 0 0 0 0 0 0 0 0 1 0 0 1 0 
 0 0 0 0 1 0 0 0 0 0 2 0 0 0 0 0 0 0 0 0 0 0 0 0 0 0 1 0 0 0 0 0 0 0 0 0 0 1 0 0 659 49 105 312 179 0 59 236 65 395 173 142 50 52 365 102 272 62 41 54 2 65 2 0 0 0 51 11 57 22 0 0 6 51 91 10 2 16 51 1 0 0 0 0 0 0 0 0 0 0 0 0 13 0 0 0 0 0 0 0 0 0 0 0 0 0 1 0 0 0 0 0 0 0 0 0 0 0 0 0 0 0 0 22 13 19 0 0 0 14 0 0 0 0 0 2 1 0 0 0 1 5 0 8 15 0 11 21 5 12 14 37 18 0 10 0 17 9 16 0 18 0 0 0 0 0 0 0 0 7 0 3 0 0 0 11 0 0 0 0 0 0 0 0 0 0 0 0 0 0 0 0 0 0 0 0 0 0 0 0 0 13 12 0 36 25 0 0 0 0 0 0 0 0 0 0 0 0 0 0 3 1 10 10 3 0 25 13 0 1 0 0 22 0 15 9 11 4 1 10 0 0 0 0 0 0 0 0 0 0 0 2 0 0 0 0 0 0 0 0 0 0 4 0 0 2 10 3 0 0 0 0 0 0 0 0 0 0 0 0 0 0 0 0 0 0 0 0 1 0 
 2 0 0 3 0 0 2 0 3 4 4 4 0 0 0 0 0 2 0 3 3 65 3 193 4 5 3 3 87 65 97 102 3 6 4 26 3 8 3 27 149 73 84 168 52 59 0 82 193 43 54 34 390 86 151 100 35 41 246 114 74 0 0 2 0 0 0 0 0 1 0 2 2 0 7 0 0 0 0 0 0 0 0 3 0 0 0 0 0 0 0 12 0 0 0 0 0 0 0 0 0 0 0 0 0 0 0 0 36 0 1 17 0 0 0 0 0 20 0 5 9 0 9 0 0 0 32 0 6 0 0 0 19 21 6 4 7 11 0 9 0 0 0 0 0 0 0 0 0 0 0 0 0 0 0 0 0 3 0 0 0 0 0 0 0 0 0 0 0 0 0 0 0 0 0 0 0 0 0 0 13 0 35 1 23 37 4 12 13 9 7 1 4 30 0 0 8 1 5 0 0 1 10 0 0 0 21 9 0 9 0 0 0 31 7 1 11 9 0 17 0 0 0 0 0 0 0 0 0 0 0 0 0 0 0 0 0 0 0 0 0 0 0 0 0 0 4 0 0 0 0 6 0 1 0 0 0 0 1 1 17 11 6 0 66 0 0 0 0 0 0 0 0 0 0 0 0 0 0 0 0 0 0 0 0 1 0 0 0 0 
 2 0 0 0 2 0 0 2 0 63 4 3 0 0 0 0 0 4 5 0 0 35 0 0 0 0 0 0 4 0 64 0 0 0 0 0 0 2 0 0 276 210 124 85 310 236 82 0 703 57 99 257 171 481 69 330 43 40 69 103 3 0 5 0 0 0 4 1 0 2 1 2 0 3 0 1 0 1 5 4 0 0 0 0 0 0 13 0 0 0 0 0 6 0 0 0 0 0 20 0 0 0 0 0 0 13 0 0 0 0 24 0 0 0 0 0 0 18 0 0 1 17 7 34 0 4 0 0 15 0 23 0 9 9 14 13 55 16 32 1 4 0 0 4 0 0 0 1 0 0 4 0 1 13 0 0 0 0 10 10 0 3 0 0 0 0 7 8 0 0 0 0 0 0 0 0 0 0 0 4 0 0 0 0 0 0 0 0 0 0 0 14 0 0 0 0 0 0 0 0 50 10 1 1 3 0 17 35 40 8 28 8 21 21 16 21 11 39 12 8 0 0 0 0 0 0 11 0 0 0 0 0 33 0 0 0 0 0 0 1 0 0 1 0 0 1 0 0 0 33 0 6 0 1 0 1 0 0 0 0 0 0 65 0 2 15 1 0 2 0 0 0 0 0 0 0 0 0 0 0 0 0 0 0 10 0 0 0 0 0 
 0 0 0 0 0 0 0 0 3 0 0 0 0 0 4 1 1 3 1 5 0 0 0 0 13 62 0 0 0 0 3 21 0 0 0 0 0 3 0 0 369 174 461 90 69 65 193 703 0 164 251 312 85 548 413 85 36 61 102 135 0 0 0 0 0 0 0 0 0 0 0 0 0 0 0 0 0 0 1 0 0 0 0 0 0 0 5 19 5 0 0 0 0 6 0 3 0 0 0 5 0 0 0 0 0 0 0 0 0 0 3 0 0 0 0 0 8 0 0 0 0 33 11 64 0 0 23 0 29 10 15 1 14 0 28 36 31 45 23 14 9 1 0 7 0 0 0 0 0 0 6 0 0 0 0 0 0 0 0 0 0 0 0 0 0 0 0 9 0 0 0 0 0 2 5 1 0 0 3 5 0 0 0 0 8 0 0 0 0 0 0 0 0 0 0 0 0 0 0 0 30 14 19 0 0 0 9 14 23 0 0 7 0 0 24 0 50 14 11 0 0 0 0 0 0 0 0 0 0 2 0 0 20 0 0 0 0 0 48 0 0 0 0 0 0 0 0 0 0 0 0 5 0 2 0 0 0 3 0 0 0 0 110 0 2 1 0 1 0 0 0 0 0 0 0 0 0 0 0 0 0 0 0 0 16 0 0 0 0 0 
 3 2 3 3 0 3 3 3 2 3 3 3 5 3 3 3 3 3 3 3 2 2 2 2 2 2 2 3 2 2 2 2 2 2 2 2 2 2 2 54 113 63 98 510 357 395 43 57 164 0 172 51 290 101 167 136 119 47 151 166 0 0 0 0 0 0 3 6 0 0 0 0 16 0 0 0 0 2 0 6 0 0 0 0 0 0 0 0 0 0 0 0 0 0 0 0 0 0 0 0 0 0 0 0 0 0 0 0 0 0 0 0 0 0 0 0 0 0 0 0 12 0 10 0 22 17 28 0 8 19 0 21 0 0 8 8 0 33 21 0 0 0 3 0 0 0 3 0 0 3 27 0 4 3 1 6 18 0 45 5 0 0 0 0 0 0 0 0 0 0 0 1 0 0 0 8 0 0 0 0 0 0 0 0 10 0 0 0 0 0 0 0 0 0 0 0 0 0 0 0 0 22 27 0 19 33 10 0 17 30 35 0 0 0 0 0 68 11 0 0 18 4 9 0 0 0 16 23 0 0 0 0 28 19 9 0 8 3 7 0 0 0 0 0 0 0 0 0 0 0 0 2 0 0 0 0 0 0 0 9 0 0 0 0 73 24 2 69 2 0 12 0 0 0 0 0 0 0 0 0 0 0 0 0 0 15 0 0 0 0 
 0 0 3 17 0 0 0 2 8 14 11 9 0 0 0 0 0 0 0 0 3 3 3 3 6 3 3 3 6 3 3 3 3 40 3 3 6 5 29 4 299 60 59 353 108 173 54 99 251 172 0 143 54 35 97 109 78 59 33 46 11 52 2 3 0 0 0 21 0 0 3 66 6 1 59 1 0 2 51 4 0 0 0 4 6 0 0 0 0 3 0 1 0 0 0 0 0 0 0 0 0 0 0 0 0 0 0 0 0 0 0 0 0 0 0 0 0 0 0 7 0 9 0 6 16 18 0 0 2 32 36 19 0 19 0 1 11 0 19 0 0 0 0 0 0 0 0 10 0 44 0 0 0 0 1 0 0 0 29 10 0 0 0 0 0 0 0 0 9 0 0 1 0 0 0 0 0 0 0 0 0 0 1 0 0 0 5 13 5 8 0 0 10 6 0 0 0 0 3 0 0 21 13 0 18 32 0 9 6 26 9 0 0 0 7 0 0 3 0 0 25 1 6 0 0 0 19 22 0 1 3 0 35 20 0 0 12 2 8 20 0 0 0 0 0 0 5 0 2 0 0 15 0 2 0 0 0 0 0 0 0 0 11 0 2 5 0 63 0 0 0 0 0 0 0 0 0 0 0 0 0 0 0 0 10 0 0 0 0 1 
 4 0 0 0 0 62 0 0 0 0 5 6 0 0 0 0 0 0 0 0 0 0 0 0 0 0 0 0 0 0 0 0 0 0 0 0 0 0 0 0 37 133 330 122 128 142 34 257 312 51 143 0 238 100 79 49 226 328 46 37 259 0 4 0 0 3 1 0 0 1 0 2 100 208 49 0 0 2 9 3 0 0 0 0 0 0 0 0 0 0 0 0 0 0 0 0 0 0 0 0 0 0 0 0 0 0 0 0 0 0 0 0 0 0 0 0 0 23 0 0 0 34 10 33 11 20 9 12 0 17 0 13 0 0 13 21 8 41 0 0 12 10 0 0 0 0 9 42 11 3 0 0 9 25 0 0 0 0 1 0 0 0 0 0 0 0 4 0 0 0 0 0 0 0 0 0 0 0 0 0 0 0 0 0 0 0 0 0 0 0 0 0 0 0 0 0 0 0 0 0 9 0 17 6 10 30 0 0 0 0 1 14 33 0 13 8 13 19 0 0 0 0 0 0 0 0 43 18 0 15 0 0 7 7 0 0 5 0 16 23 0 0 0 0 0 0 0 0 0 0 0 3 0 0 0 0 0 0 0 20 0 0 0 37 2 2 0 4 1 0 9 0 0 0 0 0 0 0 0 0 0 0 0 0 1 0 0 11 0 0 
 2 69 2 2 0 2 2 2 2 2 2 3 2 2 2 3 2 2 2 2 0 0 0 56 63 0 6 0 0 65 124 0 0 0 0 63 63 65 0 0 55 118 153 61 262 50 390 171 85 290 54 238 0 194 259 67 156 317 388 158 51 3 13 0 1 0 4 54 3 0 1 0 0 4 29 0 7 2 0 0 0 0 20 0 0 0 0 0 0 0 0 0 0 0 0 0 0 0 0 0 0 0 0 0 0 28 0 0 0 18 12 21 0 0 0 0 0 7 0 0 28 0 7 17 0 0 0 11 0 6 0 0 0 1 3 0 0 21 22 14 4 0 0 6 3 0 0 6 0 2 1 0 4 0 15 0 19 6 0 0 0 0 0 0 0 0 0 0 0 5 0 0 0 0 0 14 0 0 0 3 0 0 1 0 13 13 0 1 0 36 31 12 0 0 0 0 0 0 0 0 20 1 27 12 0 0 14 19 13 0 6 0 39 42 0 58 24 42 8 6 0 0 0 0 3 0 0 4 0 0 0 2 0 0 0 8 4 0 0 0 0 0 19 0 0 0 0 0 0 0 0 5 0 0 0 0 0 9 0 0 0 0 0 0 1 0 1 0 1 0 0 0 0 0 0 0 0 0 0 19 0 0 0 0 0 10 0 0 1 0 
 3 95 2 2 0 2 0 1 3 1 2 0 0 0 1 2 1 1 0 0 2 4 3 4 3 31 3 3 4 4 65 4 4 6 3 3 2 2 2 2 123 143 188 79 279 52 86 481 548 101 35 100 194 0 458 120 114 35 112 244 0 0 0 0 0 6 19 0 0 0 0 2 0 0 2 0 0 2 9 5 0 0 0 0 0 0 0 0 0 0 0 0 0 0 0 0 0 0 0 0 0 10 0 0 0 15 0 0 0 0 0 0 0 0 0 0 0 0 0 0 20 29 0 16 10 3 12 16 7 13 19 0 0 0 17 24 14 40 0 0 0 0 0 6 0 0 0 0 1 0 5 0 4 0 0 0 0 0 0 0 0 0 0 0 0 0 0 0 0 0 0 0 0 0 0 0 0 0 0 0 0 0 0 0 0 0 0 0 0 0 0 0 0 0 0 0 0 0 0 0 13 19 28 13 11 0 19 14 1 4 9 0 12 44 19 14 21 8 0 0 4 0 0 0 0 0 0 0 0 0 0 0 25 0 11 0 0 0 0 2 0 0 0 0 0 0 0 0 0 0 0 13 0 0 0 0 0 63 2 0 0 0 3 0 0 2 0 0 0 0 0 0 0 0 0 0 0 0 0 0 0 0 0 0 0 1 0 0 1 0 
 6 3 3 3 0 3 3 3 6 3 3 3 3 3 3 3 3 6 3 3 0 0 0 0 0 19 0 1 0 2 81 0 0 0 0 0 0 6 0 0 191 182 127 146 107 365 151 69 413 167 97 79 259 458 0 118 114 33 38 102 0 0 2 0 0 3 0 4 2 0 0 2 59 0 0 0 0 0 0 0 0 0 0 0 0 0 9 0 0 0 4 0 0 0 0 0 0 0 0 0 0 0 0 0 15 0 0 0 0 0 0 0 0 0 0 0 0 0 0 0 6 17 18 0 12 31 28 8 10 1 13 18 0 6 4 18 0 37 12 3 4 0 0 5 1 0 0 0 0 0 5 0 2 11 0 0 0 0 14 0 6 0 0 0 0 0 3 0 0 0 0 0 0 0 17 0 0 0 0 0 0 0 0 0 8 0 0 0 0 0 0 0 0 0 0 0 0 0 0 0 10 33 41 5 0 0 16 6 8 10 0 20 18 1 10 63 29 0 5 0 17 0 0 0 0 0 0 0 0 0 0 0 50 0 0 0 0 0 0 12 0 0 0 0 0 0 0 0 0 0 0 9 0 2 0 0 0 65 0 18 0 0 64 2 1 0 2 65 2 0 0 0 0 0 0 0 0 0 0 0 0 0 2 0 17 31 0 0 0 0 
 6 3 3 3 63 4 3 32 65 37 69 8 75 140 3 3 4 7 9 3 1 1 0 0 0 62 2 0 1 0 0 62 0 0 0 0 0 3 0 0 34 66 118 40 102 102 100 330 85 136 109 49 67 120 118 0 145 140 32 53 0 0 0 0 0 14 0 0 0 0 0 0 1 1 0 0 4 0 6 0 0 0 0 0 0 0 0 0 0 0 2 19 4 0 0 0 3 0 0 0 0 0 0 0 0 0 0 0 0 0 0 0 0 0 0 0 0 0 0 0 0 19 42 41 1 1 0 0 0 38 0 8 9 0 13 3 21 22 0 0 0 0 1 0 26 0 1 0 2 0 0 0 1 0 0 0 0 0 22 0 0 1 0 0 0 7 0 0 0 0 0 1 0 1 0 0 0 0 0 0 0 0 0 0 0 14 21 0 0 0 0 0 1 0 0 0 0 0 0 10 9 9 0 4 0 0 8 0 24 10 19 0 25 0 0 9 0 23 41 0 0 0 0 0 0 16 1 20 0 0 0 0 0 19 0 0 0 0 16 0 0 0 0 0 0 0 0 0 1 0 2 14 0 2 0 0 0 0 0 1 0 0 2 0 0 15 2 1 1 0 0 0 0 0 0 0 0 0 0 0 0 1 0 0 0 0 0 0 0 0 
 0 0 0 0 0 0 0 0 0 0 3 0 1 0 0 0 0 0 0 3 0 0 0 0 0 0 0 0 0 0 1 0 0 0 0 0 0 0 0 0 22 131 159 47 60 272 35 43 36 119 78 226 156 114 114 145 0 208 27 157 0 0 4 10 0 2 5 0 0 0 0 4 24 0 0 0 0 4 57 0 0 0 0 0 0 0 0 0 0 0 0 0 0 0 0 0 0 0 0 0 0 0 0 0 0 14 10 0 0 0 0 0 0 9 0 0 0 0 0 0 15 10 30 9 2 13 0 26 0 38 0 19 0 1 13 0 0 13 0 0 13 0 0 0 0 0 8 19 2 0 0 0 2 4 0 0 0 0 10 0 0 0 0 0 0 0 0 0 0 0 0 0 0 0 0 0 0 0 0 0 0 0 0 0 0 0 0 0 0 0 0 0 0 0 0 0 0 0 0 0 9 10 33 24 0 19 0 27 9 0 9 28 42 28 10 56 0 37 11 8 0 0 0 0 0 0 0 22 0 21 0 0 29 15 0 0 0 0 2 14 0 0 0 0 0 0 0 0 0 0 0 0 0 0 0 0 0 0 0 23 0 0 1 64 2 0 2 1 0 0 0 0 0 53 0 4 0 0 0 0 0 0 0 0 14 13 0 3 2 0 
 0 0 0 0 3 0 0 0 0 0 3 1 0 0 0 0 0 3 0 3 2 2 4 11 4 2 6 2 2 2 6 12 2 4 2 8 22 4 2 2 29 32 317 237 120 62 41 40 61 47 59 328 317 35 33 140 208 0 65 309 56 0 0 0 0 6 52 0 5 4 4 0 56 207 0 0 2 5 76 18 0 0 0 0 0 0 0 0 0 0 0 0 0 0 0 0 0 0 0 0 0 0 0 0 8 0 0 5 1 0 8 1 4 3 0 12 0 0 0 0 10 0 19 12 37 18 3 12 0 10 0 33 7 0 9 0 0 1 11 0 36 27 0 8 0 0 17 0 20 0 0 0 18 11 41 1 0 0 13 0 0 6 0 0 0 0 0 0 0 0 0 2 0 0 0 0 0 0 0 0 0 0 0 0 0 1 0 0 0 0 0 5 0 0 0 5 0 5 0 0 0 0 11 44 42 7 1 0 50 23 0 42 12 7 0 13 0 12 50 3 28 0 0 0 0 0 21 28 0 21 0 0 0 66 11 18 0 0 18 0 0 0 0 0 0 0 0 0 0 0 0 2 0 0 1 0 0 0 0 7 0 0 5 0 1 0 0 0 3 0 0 0 0 0 0 0 0 0 0 0 0 0 0 0 0 28 0 42 0 0 
 0 0 0 0 0 0 0 0 0 0 0 6 0 0 0 0 0 6 0 0 0 62 0 159 7 0 0 0 126 61 1 85 0 5 1 62 0 0 0 0 54 48 103 325 77 41 246 69 102 151 33 46 388 112 38 32 27 65 0 111 1 0 3 0 0 0 0 0 0 8 0 0 0 54 0 0 0 3 2 0 0 0 0 0 0 0 0 0 0 0 0 0 0 0 0 0 0 0 0 0 0 0 0 11 42 0 0 0 0 0 0 24 0 0 0 0 0 26 0 0 23 1 28 5 10 3 5 5 44 7 0 0 10 30 51 23 2 10 0 7 0 0 0 0 0 0 2 0 0 8 0 0 0 0 0 0 0 2 1 0 0 0 0 0 0 0 0 0 0 0 0 0 0 0 0 0 0 0 0 8 0 0 28 0 28 22 0 21 8 0 24 11 0 0 0 0 30 0 0 0 0 0 0 0 15 0 42 0 0 31 2 0 0 9 6 3 8 15 0 0 1 0 0 0 0 0 0 0 0 0 0 0 0 0 0 0 0 0 0 0 0 0 0 0 0 0 1 0 0 0 0 7 0 2 0 0 0 0 1 0 0 9 0 0 8 0 0 0 1 21 0 0 0 0 0 1 0 0 0 0 0 0 0 0 0 0 0 0 0 0 
 0 0 0 0 3 0 0 0 0 0 0 0 0 0 0 0 0 0 0 0 0 0 0 5 0 0 0 0 0 1 62 0 0 0 0 1 0 3 0 0 25 94 115 92 80 54 114 103 135 166 46 37 158 244 102 53 157 309 111 0 3 29 9 0 3 1 11 3 3 0 35 0 0 9 0 1 8 0 14 50 0 0 0 0 0 0 0 0 0 0 0 0 0 0 0 0 0 0 0 0 15 0 0 0 0 15 0 0 0 0 18 0 0 0 0 1 26 0 0 0 26 2 19 13 0 0 0 17 19 0 15 0 6 0 56 21 20 18 22 0 8 0 0 4 0 0 0 8 0 1 0 0 3 0 10 0 4 8 0 0 0 0 0 0 0 0 0 7 0 0 0 0 0 0 0 0 0 0 0 3 0 0 0 0 12 1 0 0 0 0 0 14 0 0 0 0 0 0 0 0 61 0 5 6 9 0 14 8 11 21 9 0 18 19 0 17 28 63 14 9 0 0 0 0 4 0 0 8 0 0 0 2 1 0 0 9 6 0 0 0 0 0 0 0 0 0 0 0 0 0 0 15 0 1 0 0 0 0 0 2 0 0 1 0 5 3 0 0 0 0 0 0 0 0 0 0 0 0 0 0 0 0 0 0 0 0 0 0 0 0 
 5 3 7 6 0 2 3 11 3 2 5 2 2 3 3 2 2 12 15 2 0 2 0 2 0 0 4 50 0 0 0 0 0 0 0 0 0 0 0 0 2 0 3 0 22 2 74 3 0 0 11 259 51 0 0 0 0 56 1 3 0 227 158 60 63 39 84 168 57 33 254 22 59 343 55 83 99 156 43 121 2 0 0 5 0 0 0 3 0 11 0 0 5 0 6 1 0 6 0 40 0 0 0 0 0 0 0 0 0 0 0 0 0 0 0 0 0 0 0 0 0 0 0 0 0 17 1 0 0 0 0 0 0 0 0 0 0 0 0 0 2 33 28 11 0 9 6 9 39 32 23 0 1 7 14 0 21 22 0 53 4 0 3 0 0 0 2 8 0 0 0 0 6 2 0 21 0 0 4 9 0 0 0 0 0 0 0 0 0 0 0 0 0 0 0 0 0 0 0 0 0 0 0 18 4 0 0 0 0 0 0 0 0 0 0 0 0 0 0 0 20 7 3 0 30 7 0 27 9 53 0 0 0 23 0 24 2 18 0 9 0 0 0 0 0 0 0 0 0 0 0 0 0 0 12 0 0 0 0 0 0 0 10 1 0 0 0 0 0 0 0 0 0 2 0 2 0 0 0 0 0 0 0 0 0 2 0 0 0 0 
