 0 638 82 38 134 144 295 130 211 416 169 46 339 265 135 366 165 142 121 274 0 0 0 5 2 3 3 3 0 2 2 3 0 2 2 2 4 1 0 34 0 0 2 0 0 0 0 0 2 0 0 8 2 0 0 0 0 0 0 0 0 3 3 3 3 0 30 4 0 0 3 0 0 0 0 2 0 3 0 3 33 14 17 0 37 19 0 0 8 15 16 0 0 22 16 5 14 49 14 17 0 0 0 0 0 0 0 14 0 0 0 0 10 0 0 0 0 0 0 14 0 0 0 0 0 0 0 0 0 0 0 4 0 0 0 0 0 0 0 0 0 0 0 0 0 0 0 0 0 0 0 0 0 0 0 0 0 0 0 0 22 0 35 12 18 14 9 9 14 0 33 47 0 1 13 0 22 0 0 15 0 0 0 0 0 0 22 0 0 0 0 0 0 0 0 0 0 0 12 0 0 0 0 0 0 0 19 0 0 0 0 0 0 0 0 0 0 0 0 0 0 0 0 0 0 0 0 0 0 0 0 0 0 0 0 0 0 6 0 0 0 0 0 0 0 2 0 1 92 100 14 4 0 0 0 0 0 0 0 0 0 0 0 0 0 0 0 0 0 0 0 0 0 0 0 13 21 0 0 0 0 0 0 0 0 0 0 0 0 0 
 638 0 241 137 39 118 295 112 176 358 304 221 147 103 74 58 322 142 136 117 3 0 0 0 0 75 3 0 0 2 2 3 0 0 2 4 0 0 0 0 0 0 1 0 0 0 0 0 2 0 0 0 0 0 0 0 0 0 0 0 0 42 0 3 0 0 0 0 0 0 3 1 0 0 0 1 0 3 0 2 8 0 44 8 0 0 0 1 14 17 0 6 0 1 45 32 1 62 0 13 0 0 0 0 0 2 0 11 0 0 0 0 16 0 0 0 0 0 12 12 0 0 0 0 0 0 0 0 1 0 0 1 0 0 0 0 0 0 0 0 0 0 0 0 12 1 0 0 0 0 0 0 0 0 0 0 0 0 0 0 15 0 17 20 20 1 24 24 5 1 1 15 0 0 8 19 21 4 8 0 12 0 0 0 0 0 0 0 0 0 0 0 0 0 0 0 0 0 0 0 0 0 0 0 0 0 0 0 0 0 0 0 0 0 0 0 0 0 0 0 0 0 0 0 2 0 0 0 0 0 0 0 0 0 0 0 0 0 0 0 0 27 0 0 0 4 0 0 0 3 2 6 15 0 2 0 0 0 0 0 0 0 0 0 0 0 0 0 0 0 0 0 0 0 0 10 0 0 0 0 0 0 0 0 0 0 0 0 0 0 
 82 241 0 182 71 37 640 185 413 146 134 198 153 58 159 41 51 145 120 44 1 0 0 0 0 39 3 0 0 2 2 3 0 0 1 2 0 0 0 0 0 0 0 0 2 0 0 0 2 0 2 0 2 0 0 0 2 1 0 1 0 0 0 3 4 0 0 0 0 0 3 8 1 3 0 0 0 5 0 1 0 23 24 33 0 35 50 13 0 32 25 8 22 0 23 39 11 57 24 0 0 0 0 0 0 0 22 0 0 0 0 0 0 0 0 0 0 0 7 0 0 0 0 0 0 0 0 0 0 0 0 0 0 0 0 0 0 0 0 1 0 0 0 0 0 0 0 0 1 0 0 0 0 0 4 0 0 0 0 0 0 1 0 15 0 0 10 25 19 2 0 0 0 17 0 13 8 29 17 20 5 0 0 0 27 0 0 16 13 0 0 0 3 0 0 0 1 0 19 0 1 0 0 0 0 10 0 0 0 0 0 0 0 0 0 0 0 0 0 0 0 0 0 0 0 0 0 0 0 2 0 0 0 0 0 1 0 0 0 0 0 11 0 0 0 2 1 0 3 0 0 12 0 0 0 0 0 0 0 0 2 0 0 0 0 0 0 0 2 0 0 0 0 0 0 0 0 1 0 0 0 0 0 0 0 0 0 0 0 0 
 38 137 182 0 275 127 286 477 160 87 264 145 61 160 158 71 109 61 50 359 78 0 0 2 0 3 6 1 0 3 2 3 73 0 1 0 4 1 118 75 0 0 2 1 0 0 0 2 2 0 0 2 1 0 0 0 0 0 0 0 2 0 0 3 0 0 0 0 3 0 2 0 1 0 9 12 0 3 1 3 0 7 20 12 13 16 0 0 58 52 15 41 0 24 11 0 9 1 0 0 10 7 0 0 0 0 21 25 21 0 2 0 35 19 11 0 0 0 51 0 0 7 0 0 0 0 0 0 0 0 0 0 0 0 0 0 0 0 1 0 0 0 0 1 0 0 0 0 0 0 0 0 0 0 27 0 0 0 0 0 1 34 0 1 0 13 0 0 12 10 15 31 0 0 8 35 18 19 0 0 11 0 0 0 0 0 0 0 0 0 0 0 34 0 0 1 18 0 0 0 0 0 0 0 0 0 0 0 0 0 0 2 1 0 0 0 0 0 0 0 0 0 2 0 0 0 0 0 0 0 0 0 0 0 0 0 0 0 0 0 0 14 0 0 0 2 88 0 3 91 1 13 1 0 2 0 0 0 0 0 0 0 0 0 0 0 0 0 0 1 0 2 0 0 0 20 21 18 0 0 0 0 0 0 0 0 0 0 0 0 
 134 39 71 275 0 240 70 64 87 115 128 479 288 384 141 129 50 172 54 197 25 0 1 0 2 0 3 109 0 2 2 3 101 0 1 0 0 3 3 2 0 0 2 0 0 0 0 0 2 0 0 0 0 0 0 0 0 0 0 0 0 0 0 6 0 0 0 0 0 0 2 0 0 0 0 3 0 8 0 3 0 16 0 22 25 9 4 1 21 13 64 47 0 36 18 6 18 0 2 0 1 0 0 0 0 0 13 28 14 1 0 0 73 5 9 0 0 15 24 14 0 0 0 0 0 0 0 0 18 0 0 0 0 0 0 0 0 0 0 0 0 0 0 0 0 0 0 0 2 0 0 0 0 0 3 2 0 0 0 0 7 19 0 13 13 29 0 0 13 10 35 23 0 0 11 16 3 12 0 0 1 13 0 0 0 0 12 28 0 9 1 0 75 17 0 15 10 0 0 1 1 1 15 0 0 0 0 8 0 0 0 0 0 0 0 0 0 0 0 0 2 0 0 0 0 0 0 0 3 0 0 2 0 0 1 0 0 0 0 0 0 0 0 0 0 0 181 2 3 11 0 10 0 0 0 0 0 0 0 0 0 0 8 0 0 0 0 0 0 0 0 0 0 0 0 11 16 11 0 0 0 0 0 0 0 0 0 0 0 0 
 144 118 37 127 240 0 27 136 216 312 260 84 36 148 410 238 259 330 47 223 0 79 0 0 1 0 3 0 74 124 2 3 0 0 75 21 0 61 0 139 0 3 2 0 0 0 0 0 2 0 0 0 0 0 0 0 1 0 0 0 3 0 0 3 0 0 0 0 0 0 3 0 0 0 0 1 0 3 0 2 27 26 9 41 43 0 19 0 37 2 34 3 0 33 13 0 53 18 0 0 10 0 7 6 0 8 0 32 0 0 0 0 10 0 10 11 15 0 1 34 0 0 0 0 1 0 0 0 0 0 0 0 0 0 0 2 0 0 1 0 0 0 0 0 0 0 0 0 0 0 0 0 0 0 8 0 0 0 0 0 6 57 2 12 8 36 10 17 31 29 41 13 0 0 11 16 13 9 0 0 2 12 0 0 0 0 60 0 18 2 0 0 35 0 0 0 1 0 23 0 0 0 0 0 0 0 0 0 0 0 0 0 1 0 0 0 0 0 0 0 0 0 0 0 0 0 0 0 0 0 0 0 0 0 0 0 0 0 0 0 0 0 0 0 0 9 8 0 2 123 14 83 0 0 0 0 0 0 0 0 0 0 0 0 0 0 0 0 63 0 0 0 0 0 0 27 13 11 0 0 0 0 0 0 0 0 0 0 0 0 
 295 295 640 286 70 27 0 212 504 47 124 32 192 444 128 128 123 228 156 131 1 0 1 3 1 112 5 1 2 4 3 5 2 2 4 1 4 0 2 0 0 2 3 2 2 1 0 0 4 0 2 6 2 2 2 2 0 2 2 2 0 0 2 3 3 1 0 0 40 0 1 0 0 0 1 3 0 5 0 3 28 12 33 6 0 0 10 29 10 14 1 0 0 15 28 59 10 36 0 18 0 0 0 0 0 0 0 0 0 0 0 0 1 0 0 0 1 0 0 15 0 0 0 0 0 0 0 0 0 0 1 0 0 0 0 0 2 0 0 0 0 0 0 0 7 0 0 0 0 0 0 0 0 0 0 0 0 0 0 0 18 0 22 12 24 0 21 35 0 1 1 0 0 0 5 0 25 0 25 14 0 0 0 0 0 0 0 3 0 0 0 0 0 0 0 0 0 0 0 0 0 0 0 0 0 0 0 0 0 0 0 0 0 0 0 0 0 0 0 0 0 0 0 0 2 0 0 0 0 0 0 0 0 0 0 0 0 0 0 0 0 0 0 0 0 1 0 0 2 4 2 7 16 0 0 0 0 0 1 0 0 0 0 0 0 0 0 0 0 2 0 0 2 0 0 32 0 0 0 0 0 0 0 0 0 0 0 0 0 0 
 130 112 185 477 64 136 212 0 181 199 282 28 268 277 115 129 35 67 343 156 0 0 0 0 0 0 5 1 0 3 2 5 0 0 2 0 0 0 2 30 0 0 1 0 56 0 54 0 2 0 0 0 0 0 0 0 0 0 0 0 0 0 0 3 1 0 0 0 0 0 3 7 0 0 0 1 2 3 3 2 11 40 43 49 21 14 51 23 40 28 41 20 0 19 47 1 30 35 10 0 0 8 0 0 2 0 0 0 0 0 0 0 1 0 0 0 1 35 0 15 0 0 0 0 0 0 0 0 0 0 0 0 0 0 0 0 0 0 0 0 0 0 0 0 13 0 0 0 7 0 2 0 12 0 0 0 0 0 0 0 9 0 35 9 0 1 0 28 14 25 28 22 0 25 12 72 32 0 0 0 0 0 0 0 0 0 0 0 0 0 0 0 0 0 0 0 1 13 22 0 0 0 0 0 0 0 0 0 0 0 34 0 0 0 2 0 0 0 0 0 6 0 0 0 0 0 0 0 0 0 0 0 0 0 0 0 2 0 0 0 0 0 0 0 0 0 0 0 87 1 16 13 0 0 0 0 0 0 2 0 0 0 0 0 0 0 0 0 0 0 0 0 0 1 0 0 25 0 0 0 0 0 0 0 0 0 0 0 0 0 
 211 176 413 160 87 216 504 181 0 359 353 42 201 214 245 291 224 54 94 301 1 3 2 0 0 1 8 0 0 4 5 5 3 0 2 0 4 0 91 27 0 0 5 0 0 0 4 0 11 0 0 6 3 4 0 0 0 0 0 9 34 0 0 6 0 1 3 0 0 0 1 2 0 0 0 9 4 15 3 3 3 24 6 0 28 0 22 26 0 0 2 0 10 0 15 31 0 0 11 1 16 0 0 0 1 0 0 27 0 0 0 2 15 21 0 0 0 0 16 28 0 0 0 0 0 1 0 0 0 0 0 0 0 0 1 0 0 0 1 0 0 0 0 0 35 0 0 0 0 0 0 0 0 0 0 0 0 0 0 0 23 6 7 26 16 14 7 0 35 0 38 45 1 2 9 0 47 43 0 18 10 1 0 0 0 0 12 1 0 0 1 2 10 0 0 0 0 0 19 2 0 0 0 0 0 0 0 0 0 0 0 0 0 0 0 0 0 0 0 0 7 0 0 0 0 0 0 0 0 0 0 0 0 0 0 0 0 0 0 0 0 0 0 0 1 1 0 0 89 21 2 10 0 0 0 0 0 0 0 0 0 0 0 0 0 14 2 0 0 0 0 0 0 1 0 0 27 0 0 0 0 0 0 0 0 0 0 1 0 1 
 416 358 146 87 115 312 47 199 359 0 189 42 135 209 256 383 102 87 160 258 0 0 0 0 0 1 3 2 0 4 2 3 4 0 4 2 0 0 2 38 0 2 5 0 0 6 0 0 2 0 0 2 0 0 0 3 0 0 0 0 0 0 0 3 0 1 0 3 0 0 1 3 0 0 61 3 0 3 0 5 17 14 18 28 66 42 12 0 51 15 27 0 0 27 7 0 26 14 0 0 0 0 0 0 0 9 9 14 0 0 0 0 14 0 0 0 0 0 0 20 0 0 0 0 0 0 0 0 1 0 0 2 0 0 0 0 0 0 0 0 0 0 0 0 0 0 0 0 0 0 0 0 0 0 11 0 0 0 0 0 0 0 30 15 30 10 0 1 50 10 27 18 0 0 13 8 23 26 0 0 10 0 0 0 0 0 6 19 0 0 0 0 10 21 0 0 0 0 29 3 0 0 0 0 0 0 0 0 0 0 0 0 0 9 0 4 0 0 0 0 0 0 0 2 0 0 0 0 0 10 0 0 0 0 5 0 0 0 0 10 0 0 0 0 0 4 0 0 88 52 17 26 0 0 0 0 0 0 0 0 0 16 0 0 0 0 0 0 0 0 0 0 0 0 0 0 21 0 0 0 0 0 0 0 0 0 0 0 0 0 
 169 304 134 264 128 260 124 282 353 189 0 433 61 64 91 112 122 275 21 77 1 0 0 0 0 0 3 74 0 2 2 3 2 0 1 0 0 0 0 80 0 2 0 0 0 0 0 0 2 0 0 0 0 0 0 0 65 0 0 1 0 0 1 3 3 0 0 0 0 0 3 0 0 1 0 0 0 3 0 1 15 45 8 48 18 0 0 0 59 20 15 35 3 47 33 16 26 29 11 17 0 0 0 0 0 0 1 25 0 0 0 2 12 0 2 0 0 0 24 0 0 0 0 0 0 1 0 0 11 0 0 0 0 0 0 0 0 0 0 11 0 0 0 0 0 0 2 0 0 0 0 0 0 0 3 10 0 0 0 0 0 15 14 0 0 0 0 24 33 0 3 0 1 0 74 27 38 16 9 17 26 1 0 0 0 0 0 22 0 0 1 0 15 1 0 0 1 0 4 3 0 0 0 0 0 0 0 0 0 0 0 0 0 0 0 0 0 0 0 0 0 0 0 0 0 0 0 0 0 0 1 0 0 0 0 0 0 0 0 0 0 11 0 0 1 0 91 1 46 5 19 17 22 0 0 2 0 0 0 0 0 0 0 0 0 0 0 0 0 0 0 0 0 0 0 1 47 0 0 0 0 0 0 0 0 0 0 0 0 0 
 46 221 198 145 479 84 32 28 42 42 433 0 50 124 45 60 489 405 39 118 77 0 0 0 0 3 76 94 0 2 2 3 84 0 76 0 0 0 74 21 0 0 2 0 0 0 50 0 2 0 0 0 0 0 0 0 0 0 0 0 0 0 1 3 0 0 0 0 0 0 2 0 0 0 0 3 0 3 0 3 19 2 1 0 55 0 0 0 11 12 0 11 0 0 0 0 11 12 8 9 15 1 0 0 0 0 9 26 29 0 0 0 28 16 11 15 0 22 46 19 0 0 0 0 0 0 0 0 0 0 0 0 0 0 0 0 1 0 0 0 0 0 0 5 0 0 0 0 2 0 0 0 0 0 0 1 0 0 0 0 15 1 3 0 14 1 11 0 10 0 0 23 0 0 6 2 42 30 27 0 12 0 0 0 13 0 2 0 9 0 0 0 19 16 0 14 23 44 0 0 1 0 0 0 0 20 0 0 0 0 0 0 0 0 0 0 0 0 0 0 2 0 0 0 0 0 0 2 0 19 0 0 0 0 0 0 0 0 0 0 0 14 0 0 0 6 0 0 1 0 2 3 17 0 0 0 0 0 0 0 1 15 0 0 0 0 0 0 0 0 0 0 0 0 0 18 0 0 0 0 0 0 0 0 0 0 0 0 0 0 
 339 147 153 61 288 36 192 268 201 135 61 50 0 65 123 58 126 62 84 89 0 1 0 0 0 35 3 0 0 2 2 3 0 0 1 0 3 1 0 2 0 0 1 0 0 0 0 0 2 0 0 0 0 0 0 0 0 1 0 0 0 0 0 3 7 0 0 0 0 0 3 8 0 0 0 0 0 3 0 2 14 27 15 8 0 0 28 35 11 13 21 0 14 2 18 37 19 10 35 2 0 0 0 0 6 0 0 0 2 0 0 0 0 0 0 0 0 0 0 0 0 0 0 0 0 0 0 0 0 0 0 0 0 0 0 0 0 0 0 0 0 0 0 0 0 0 0 0 0 0 0 0 0 0 0 0 0 0 0 0 14 0 11 14 13 0 29 17 0 18 9 16 1 34 1 0 3 0 11 21 0 0 0 0 0 0 0 0 0 0 0 0 0 0 0 0 0 0 0 0 0 0 0 0 0 0 0 0 0 0 0 0 0 0 0 0 0 1 0 0 0 0 0 0 0 0 0 0 0 0 0 0 0 0 0 2 0 0 0 0 0 0 0 0 0 2 1 0 0 0 2 8 0 0 0 0 0 0 0 0 0 0 0 0 0 0 0 0 0 0 0 0 0 0 0 0 0 0 0 0 0 0 0 0 0 0 0 0 0 0 
 265 103 58 160 384 148 444 277 214 209 64 124 65 0 99 46 56 476 258 277 0 0 0 0 0 3 3 0 0 3 2 3 0 0 2 0 3 0 1 77 0 0 2 0 0 0 2 0 9 0 0 0 34 0 0 0 0 0 0 0 2 0 0 3 0 0 0 0 0 0 2 0 0 0 0 3 0 3 0 3 117 33 0 0 0 0 34 29 57 0 20 31 3 59 0 31 12 1 0 28 1 0 0 0 0 0 0 14 0 0 0 0 17 0 0 0 0 0 1 36 0 10 14 0 0 0 0 0 0 0 0 0 0 0 0 0 0 0 0 0 0 0 0 1 0 0 0 0 0 0 0 0 0 0 0 0 0 0 0 0 16 19 16 40 21 16 16 0 0 16 18 23 0 8 79 13 0 1 1 0 1 0 0 0 0 0 0 0 0 0 0 0 10 0 0 0 0 0 0 0 0 0 0 0 0 0 0 0 0 0 0 0 0 0 0 0 0 0 0 0 0 0 0 0 0 0 0 0 0 0 0 0 0 0 0 0 0 0 0 0 0 0 0 0 0 0 3 0 1 2 19 6 21 0 0 0 0 0 0 0 0 0 0 1 0 0 0 0 0 0 0 0 33 0 0 26 1 12 0 0 0 0 0 0 0 0 0 0 0 0 
 135 74 159 158 141 410 128 115 245 256 91 45 123 99 0 152 22 46 164 109 0 1 0 0 2 76 3 0 0 2 2 3 2 24 2 0 0 2 0 2 0 0 1 0 3 0 0 0 2 0 30 0 0 0 0 0 0 0 0 0 0 1 0 3 0 2 0 0 0 0 3 0 0 3 0 0 1 5 50 3 0 0 56 40 11 6 20 11 64 0 14 11 4 19 61 55 15 74 24 27 0 11 0 0 0 0 0 13 0 0 18 8 26 0 4 0 0 0 16 25 0 0 0 0 0 0 0 0 0 0 0 0 0 0 0 0 0 0 0 0 0 0 0 0 8 0 0 0 0 0 0 0 0 0 0 0 0 0 0 0 0 0 15 21 19 10 0 24 16 15 11 18 14 0 0 24 11 16 3 1 0 0 0 0 0 0 2 0 0 0 0 0 21 0 0 0 0 0 0 1 0 0 0 0 0 0 7 0 0 0 0 31 0 0 0 0 0 0 0 0 0 0 1 0 0 0 18 0 0 0 0 0 0 0 0 0 0 0 0 0 0 4 0 0 0 0 2 0 1 55 0 7 0 0 1 0 0 0 73 0 0 0 2 0 0 0 0 0 0 0 0 0 0 0 0 12 25 0 0 0 0 0 0 0 0 0 0 0 0 2 
 366 58 41 71 129 238 128 129 291 383 112 60 58 46 152 0 389 335 232 97 0 5 0 2 0 1 3 0 0 4 2 3 0 0 1 3 3 0 1 73 0 0 0 0 2 0 2 3 2 0 2 2 0 0 0 0 0 0 0 1 0 1 0 3 1 0 0 0 0 2 3 0 0 3 0 0 2 3 0 1 22 15 26 1 26 14 13 0 21 22 27 0 0 20 29 20 15 18 1 0 0 0 0 0 0 0 0 13 0 0 0 0 17 0 0 0 0 0 0 17 0 0 0 0 0 0 0 0 0 7 0 0 0 0 0 0 0 0 0 0 0 0 0 0 21 0 0 0 0 0 0 0 0 0 0 10 0 0 0 0 17 9 17 11 39 20 0 4 17 14 23 26 0 0 12 0 19 10 1 0 0 0 0 1 0 0 11 10 0 0 0 0 7 0 0 0 0 0 1 0 0 0 0 0 0 0 0 10 0 0 0 0 0 0 0 0 0 0 0 0 0 0 0 0 0 0 0 0 0 0 0 0 14 0 0 0 0 0 0 0 0 0 0 0 0 0 0 2 44 4 15 9 0 2 0 0 0 0 1 0 0 0 0 0 0 0 43 0 0 0 0 0 0 25 0 1 10 0 0 0 0 0 0 0 0 0 0 0 0 0 
 165 322 51 109 50 259 123 35 224 102 122 489 126 56 22 389 0 130 131 189 0 0 0 0 2 1 3 1 0 2 2 3 76 0 1 0 1 0 66 2 0 0 1 0 0 0 0 0 2 0 0 5 0 0 0 0 0 0 8 0 0 0 0 3 0 0 0 0 0 0 3 0 0 0 0 1 0 3 0 2 45 0 45 1 2 26 0 0 19 21 17 0 0 0 27 0 0 21 10 22 10 0 0 0 0 0 0 16 0 0 0 0 33 5 0 0 0 0 10 20 0 0 0 0 0 0 0 0 0 0 0 0 0 0 0 0 0 0 0 0 0 0 0 0 0 0 0 0 0 0 0 0 0 0 0 0 0 0 0 0 27 10 36 13 30 0 8 0 0 0 12 46 0 0 40 0 0 19 0 0 2 0 0 15 0 8 0 0 0 16 0 0 0 0 0 0 0 0 0 0 0 0 0 0 0 0 0 0 0 0 0 0 0 0 0 0 0 0 0 0 0 0 0 0 0 0 0 0 0 0 0 0 0 0 0 0 0 0 0 0 0 0 0 0 0 0 1 0 2 1 1 6 21 0 0 0 0 0 0 0 0 0 0 0 0 0 0 0 0 0 0 0 0 0 0 11 0 0 0 0 0 0 0 0 0 0 0 0 0 0 
 142 142 145 61 172 330 228 67 54 87 275 405 62 476 46 335 130 0 26 341 75 0 0 0 0 0 77 0 0 2 4 3 72 19 2 0 0 0 79 39 0 0 2 0 0 0 0 0 2 0 0 0 0 0 0 0 0 0 0 0 0 0 0 3 0 0 0 0 0 0 3 0 0 2 0 2 0 3 0 3 11 30 2 1 20 0 0 0 47 63 26 20 0 25 0 0 14 0 0 24 0 0 0 0 0 0 11 25 1 0 0 0 16 9 0 0 0 0 6 19 0 0 0 0 0 0 0 0 0 0 0 0 0 0 1 0 0 0 0 0 0 0 0 0 0 0 0 0 0 0 0 0 0 0 17 0 0 2 0 0 8 12 57 10 14 13 14 0 27 10 27 27 0 0 44 24 42 22 0 10 37 0 0 0 2 0 2 14 1 0 0 0 43 22 0 10 31 0 23 12 0 0 0 0 0 1 0 0 0 0 0 0 0 0 0 0 0 0 1 2 0 2 0 0 13 0 0 0 0 0 0 0 0 0 0 0 0 0 0 0 0 19 0 0 0 7 85 0 89 0 26 28 17 0 0 0 0 0 0 0 0 0 0 0 0 0 0 0 0 0 0 0 0 0 0 22 38 10 0 0 0 0 0 0 0 0 0 0 0 0 
 121 136 120 50 54 47 156 343 94 160 21 39 84 258 164 232 131 26 0 172 2 0 0 0 0 1 5 0 0 3 2 3 0 0 2 0 1 1 0 0 0 43 63 0 0 2 0 0 2 0 0 0 0 0 0 0 0 0 2 1 0 0 0 2 9 0 0 0 0 0 3 6 0 2 0 0 0 3 0 0 66 16 8 0 0 13 12 14 0 0 15 0 0 18 46 59 0 14 25 22 0 0 0 0 0 0 0 0 0 0 2 0 0 1 1 0 0 0 0 19 0 0 0 0 0 16 0 0 0 0 0 0 0 0 25 0 0 0 1 0 0 0 0 0 10 0 0 0 0 0 0 0 0 0 0 0 0 43 0 0 20 0 9 8 0 0 0 3 0 8 1 0 13 69 0 0 19 0 12 41 0 0 0 0 0 0 0 0 0 0 0 0 0 0 1 0 0 0 0 0 0 0 0 0 0 0 0 0 0 0 0 2 1 0 0 0 0 0 0 0 0 0 2 0 0 0 0 0 0 0 15 0 0 0 0 3 0 0 5 0 0 0 0 0 0 1 0 0 0 0 0 10 0 0 0 0 0 0 0 0 0 0 0 0 0 0 2 0 64 0 0 0 0 0 0 0 0 0 0 0 0 0 0 0 0 0 0 0 0 0 
 274 117 44 359 197 223 131 156 301 258 77 118 89 277 109 97 189 341 172 0 2 1 0 5 0 2 5 0 0 2 2 4 0 5 2 0 1 0 1 0 0 0 3 0 1 0 0 0 2 0 0 0 5 0 0 0 0 0 0 0 0 50 0 3 0 0 0 0 0 0 2 0 0 0 0 3 0 3 0 3 75 4 56 4 0 35 45 11 50 21 47 12 0 20 2 14 37 21 7 14 0 0 0 0 0 0 0 35 0 0 0 0 15 0 0 0 0 0 0 30 2 0 0 0 0 0 0 0 0 1 0 0 0 0 0 0 0 1 0 0 0 0 1 0 0 0 1 0 0 0 0 1 0 0 0 0 0 0 0 12 33 49 33 25 36 26 15 0 0 31 32 66 0 0 16 5 0 1 0 0 0 0 0 0 0 1 0 0 0 0 1 0 41 2 0 0 0 0 0 0 0 0 0 0 0 0 0 0 0 0 0 0 0 0 0 0 0 0 0 0 0 0 0 0 0 0 0 0 1 0 2 0 2 1 0 0 0 0 0 0 0 0 0 0 0 2 3 1 1 3 0 12 46 0 2 0 0 0 0 0 0 0 0 0 0 0 0 0 0 0 0 0 0 0 2 25 0 9 0 0 0 0 0 0 0 0 0 0 0 0 
 0 3 1 78 25 0 1 0 1 0 1 77 0 0 0 0 0 75 2 2 0 66 263 340 323 38 253 178 66 123 95 45 131 48 53 112 123 252 45 31 0 0 0 0 0 0 2 0 2 0 65 0 0 2 0 0 0 0 0 2 2 66 0 0 0 0 0 0 55 2 0 0 2 0 0 0 0 0 0 0 0 0 0 0 12 0 0 0 0 0 18 10 0 0 0 0 0 0 0 0 10 1 37 13 0 0 21 0 58 13 39 14 11 1 8 0 18 18 8 0 0 0 0 0 0 0 0 0 0 0 0 0 0 0 0 0 2 0 9 16 0 0 0 1 0 2 0 0 0 0 0 0 0 5 0 0 0 0 0 0 0 2 0 0 0 12 0 0 12 0 0 2 0 6 0 0 8 0 0 0 0 10 17 7 0 0 0 10 42 19 12 0 13 18 36 61 93 2 7 13 0 0 2 0 0 0 0 0 0 0 0 0 0 0 0 0 0 2 0 7 1 0 0 0 0 0 0 0 0 0 0 0 0 0 0 0 0 0 0 0 0 1 0 0 0 0 72 0 0 0 0 0 0 0 5 0 1 80 0 1 2 0 7 0 0 0 0 0 0 0 0 0 0 0 0 0 0 0 0 7 0 0 0 0 0 0 0 0 0 0 
 0 0 0 0 0 79 0 0 3 0 0 0 1 0 1 5 0 0 0 1 66 0 215 101 111 205 180 55 170 124 113 325 60 67 359 127 336 282 31 341 0 0 0 0 0 0 2 0 3 0 1 0 2 2 0 0 0 0 23 66 3 0 0 0 0 0 0 0 0 2 0 0 2 0 0 0 2 1 0 0 0 0 0 0 0 0 0 0 0 0 0 0 0 0 0 0 0 1 0 0 11 25 46 15 31 0 29 25 9 1 36 24 0 0 24 14 61 33 0 0 0 0 0 0 0 0 41 11 0 1 0 0 22 18 0 7 0 0 0 37 0 0 0 0 0 0 0 0 0 3 0 0 0 0 2 0 0 0 0 0 0 7 1 0 0 0 0 0 0 0 0 0 0 0 0 0 1 0 0 0 8 24 11 7 13 7 1 0 34 9 20 9 0 0 19 0 9 13 8 0 0 0 0 0 0 0 0 1 0 0 0 0 0 1 0 0 0 0 0 9 0 0 0 0 0 0 0 0 4 0 0 0 0 0 0 0 0 0 0 0 0 0 0 0 0 3 0 0 0 0 0 30 0 0 12 10 0 154 1 0 2 0 0 0 0 0 0 0 0 0 1 0 0 0 0 0 0 0 0 0 0 34 0 0 0 0 0 0 0 0 
 0 0 0 0 1 0 1 0 2 0 0 0 0 0 0 0 0 0 0 0 263 215 0 106 60 346 81 74 169 479 33 22 68 133 121 195 140 57 122 50 0 0 0 0 0 0 2 0 3 0 0 0 0 2 0 0 0 0 92 66 3 0 0 0 0 0 0 0 0 2 0 0 2 0 0 0 0 1 0 0 0 0 0 0 0 18 0 0 0 0 0 0 0 0 0 0 0 0 0 0 0 13 27 17 13 0 0 0 36 13 30 20 0 9 0 10 51 26 0 13 0 0 0 0 0 0 23 10 0 0 11 0 15 0 0 0 0 0 0 38 0 0 12 0 0 0 0 0 4 7 0 0 0 0 0 0 0 0 0 0 0 0 0 1 0 3 0 0 0 0 0 0 0 25 0 0 6 0 0 0 0 24 14 0 13 0 14 0 44 0 37 35 9 13 9 0 0 59 12 21 0 0 0 8 0 27 0 0 0 0 0 14 1 12 0 0 0 0 1 26 0 0 0 0 0 0 0 0 0 0 0 0 0 0 0 0 0 0 0 0 0 0 0 0 0 0 0 0 0 0 0 0 0 0 12 0 2 3 1 0 18 0 0 0 0 0 0 0 0 0 0 0 0 0 0 0 0 0 0 6 0 17 0 0 0 9 0 0 0 0 
 5 0 0 2 0 0 3 0 0 0 0 0 0 0 0 2 0 0 0 5 340 101 106 0 392 120 363 69 138 370 124 45 153 86 140 63 460 53 140 66 1 0 0 0 6 2 2 83 3 2 0 0 0 2 0 0 0 0 108 66 3 0 0 0 0 0 0 0 0 2 0 0 3 0 0 0 0 2 31 0 0 0 0 0 0 0 0 0 1 0 0 0 0 0 0 0 0 0 0 0 18 10 34 15 15 0 0 0 27 12 51 37 0 7 20 0 12 34 0 0 1 0 0 0 0 0 0 21 1 12 0 0 52 35 36 0 6 2 0 40 0 0 0 1 0 21 0 0 0 0 0 0 0 0 0 0 30 0 0 0 0 0 1 0 0 0 0 0 0 0 0 0 0 8 0 0 6 0 0 2 0 4 45 11 45 0 9 0 12 19 15 32 0 0 22 0 0 10 19 14 0 0 0 0 0 0 9 25 0 0 0 0 16 0 13 14 0 0 16 38 0 0 0 0 0 0 0 0 0 0 0 0 0 0 0 0 0 0 0 0 0 0 21 0 0 77 0 0 0 0 0 0 0 0 8 0 0 2 0 1 17 2 0 0 0 0 0 0 61 0 0 0 0 0 0 0 0 0 0 0 0 0 0 0 0 0 0 0 0 0 
 2 0 0 0 2 1 1 0 0 0 0 0 0 0 2 0 2 0 0 0 323 111 60 392 0 122 70 47 63 145 169 148 295 144 169 65 144 39 53 97 0 0 0 2 1 0 4 71 3 0 0 2 70 3 62 62 0 0 2 76 3 0 0 0 0 0 0 0 0 3 26 0 2 0 0 2 0 2 0 1 0 1 1 0 0 0 0 0 11 0 0 0 6 0 0 0 0 0 0 0 0 2 10 11 17 40 0 0 7 9 18 12 0 0 0 0 1 11 0 0 22 1 0 0 17 0 17 25 0 13 0 0 47 67 39 13 0 0 0 31 42 2 0 0 0 0 0 0 0 1 0 0 0 0 0 0 0 0 0 0 0 0 0 0 0 0 0 0 0 0 0 0 0 2 9 0 0 0 2 0 0 55 0 25 20 0 0 17 8 7 0 64 0 0 0 21 9 0 2 0 12 0 19 0 0 0 8 30 41 0 0 29 27 0 12 14 17 0 12 59 0 0 0 0 0 0 1 0 0 0 0 0 0 0 0 16 0 0 0 0 0 0 9 0 0 0 0 0 0 0 0 0 0 0 13 1 0 4 3 3 2 0 0 0 0 0 0 0 0 0 0 0 0 0 0 0 0 0 0 0 0 12 0 0 0 0 8 0 0 0 
 3 75 39 3 0 0 112 0 1 1 0 3 35 3 76 1 1 0 1 2 38 205 346 120 122 0 76 25 62 65 78 138 26 265 39 79 116 64 37 266 59 55 5 0 4 0 7 4 2 5 0 3 65 2 0 1 0 8 62 5 51 0 3 0 0 2 0 3 1 3 3 2 2 0 86 0 1 2 0 0 0 0 20 10 0 0 1 13 0 20 0 0 12 0 13 0 0 17 10 2 0 0 1 9 16 13 14 0 8 17 12 14 0 0 0 0 17 10 0 0 0 0 5 0 0 0 21 0 22 0 32 0 31 0 11 20 0 22 10 16 0 0 0 0 0 0 2 0 4 3 0 0 0 0 0 0 0 0 0 0 0 0 22 9 0 0 8 15 0 0 0 0 0 0 0 0 0 0 13 11 0 17 0 19 13 0 0 0 12 13 1 24 0 0 0 0 1 0 0 0 21 17 20 21 0 0 0 0 4 2 0 0 9 14 0 0 0 46 9 20 0 0 0 8 0 0 0 0 0 0 1 0 0 0 0 0 0 0 0 0 0 0 0 0 0 0 0 0 0 0 0 0 0 0 16 1 0 3 15 2 1 0 0 0 0 0 0 0 2 0 0 0 0 0 0 0 0 0 0 0 0 16 14 0 23 0 12 0 0 0 
 3 3 3 6 3 3 5 5 8 3 3 76 3 3 3 3 3 77 5 5 253 180 81 363 70 76 0 107 238 116 114 348 308 280 29 291 567 46 172 129 0 1 0 0 7 0 2 2 205 0 0 1 0 2 0 0 0 3 0 2 2 0 3 0 0 0 0 2 2 2 0 0 2 0 0 0 0 50 2 0 0 0 0 0 1 0 0 0 0 0 0 6 0 0 0 0 0 0 0 0 27 36 12 9 0 0 9 0 2 12 15 0 24 39 20 0 0 0 2 0 0 0 0 0 0 0 0 0 0 0 0 0 0 8 0 0 0 0 0 0 0 0 0 4 0 0 0 0 0 0 5 0 2 0 0 0 5 0 1 0 0 0 0 0 0 1 0 0 0 0 0 0 0 0 0 0 0 2 0 12 14 2 36 0 2 0 26 0 1 0 0 0 0 13 19 14 16 0 0 16 0 0 0 1 0 0 0 0 0 0 0 12 0 0 0 0 0 0 0 20 0 2 0 0 0 0 0 0 0 0 0 0 0 0 0 0 0 2 1 0 0 0 0 0 0 0 0 0 0 0 0 0 0 0 8 2 0 7 0 1 2 3 0 0 0 0 0 0 0 0 0 0 0 0 0 0 1 0 0 0 0 0 0 0 1 6 0 0 0 0 
 3 0 0 1 109 0 1 1 0 2 74 94 0 0 0 0 1 0 0 0 178 55 74 69 47 25 107 0 43 104 32 42 261 143 45 101 28 47 72 40 0 0 0 0 3 0 2 0 3 0 2 2 0 2 0 0 0 0 62 3 3 0 2 0 0 0 0 1 0 2 0 0 2 0 0 0 0 1 0 0 0 0 1 0 22 9 0 0 0 0 0 0 0 0 1 0 1 2 0 0 10 11 14 0 0 0 11 1 37 10 19 0 22 1 0 7 0 37 8 1 0 0 0 0 0 0 0 0 0 0 0 0 0 0 0 0 0 0 0 10 0 0 0 0 0 0 6 0 0 0 0 0 0 0 1 0 0 0 0 0 0 0 8 7 11 12 0 0 1 0 0 11 0 7 0 0 5 1 0 0 1 20 12 0 0 0 0 25 0 8 0 0 12 28 0 8 19 21 1 0 0 0 0 0 0 0 0 0 0 0 0 0 1 0 0 0 0 0 1 9 0 0 0 0 0 0 0 0 0 0 0 0 0 0 0 0 0 0 0 0 0 0 0 0 0 0 23 0 0 0 0 0 0 0 10 0 0 0 0 0 17 13 8 0 0 0 0 0 0 0 0 0 0 0 0 0 0 0 0 1 0 0 0 0 0 0 0 0 0 0 
 0 0 0 0 0 74 2 0 0 0 0 0 0 0 0 0 0 0 0 0 66 170 169 138 63 62 238 43 0 273 30 189 232 206 91 345 110 186 129 278 0 0 0 0 0 0 3 0 1 1 95 0 0 25 0 0 0 0 0 1 2 0 0 0 0 0 0 0 0 3 0 0 2 0 0 0 0 0 0 0 0 0 0 0 0 0 0 0 2 0 0 0 0 0 0 0 0 0 0 0 30 17 22 26 2 0 17 26 18 12 6 14 19 21 0 18 14 13 0 0 0 0 0 0 0 0 13 0 0 0 0 0 0 0 7 1 0 0 0 0 0 0 0 5 0 9 0 0 0 0 19 0 0 2 0 0 11 0 0 0 0 3 0 1 1 0 0 0 0 0 0 0 13 0 0 0 2 0 3 0 2 14 76 11 0 12 21 0 63 24 0 0 0 28 81 11 11 12 21 6 0 0 0 0 0 0 0 2 0 2 0 0 0 0 0 0 0 0 0 2 0 0 0 0 0 0 0 0 0 0 0 0 0 0 0 0 0 0 0 2 0 0 1 0 0 0 0 0 0 0 0 0 0 0 5 0 0 80 0 0 1 1 0 0 0 0 0 0 0 0 0 0 0 0 0 0 0 0 0 0 0 0 0 0 0 6 0 0 0 0 
 2 2 2 3 2 124 4 3 4 4 2 2 2 3 2 4 2 2 3 2 123 124 479 370 145 65 116 104 273 0 188 58 125 160 307 182 134 60 140 293 0 1 0 0 2 0 3 0 3 121 0 0 0 4 72 0 0 0 87 57 5 0 4 0 19 0 0 0 0 2 39 5 2 0 0 0 0 1 0 0 0 0 0 0 0 1 0 13 0 12 0 0 0 0 0 0 0 0 0 0 13 0 38 40 10 0 0 0 11 26 38 20 0 8 7 0 28 25 0 0 0 0 0 0 0 0 10 17 0 0 0 0 2 23 11 0 0 0 0 18 0 0 0 1 0 2 0 0 0 0 0 0 0 0 0 0 3 0 0 0 0 0 0 0 0 0 0 0 0 0 0 0 3 7 0 0 7 0 0 3 0 0 21 16 13 11 28 0 7 9 33 0 10 0 12 0 0 25 0 21 0 0 0 0 0 0 0 0 0 0 0 0 15 0 10 0 0 0 0 0 0 0 0 0 0 0 0 0 0 0 3 0 0 0 0 0 0 0 0 0 0 0 0 0 0 0 0 0 0 0 0 2 0 0 2 0 2 76 1 0 11 0 0 0 0 0 0 0 0 0 0 0 0 0 0 0 0 0 0 13 0 0 0 0 0 8 0 0 0 0 
 2 2 2 2 2 2 3 2 5 2 2 2 2 2 2 2 2 4 2 2 95 113 33 124 169 78 114 32 30 188 0 664 34 131 284 90 350 154 39 176 5 0 0 3 0 0 2 3 3 0 10 0 0 2 0 0 0 0 62 3 3 0 0 0 0 0 0 0 0 2 0 0 2 0 0 1 0 1 0 0 0 0 0 0 0 0 0 0 0 0 0 0 0 0 0 0 0 0 0 0 0 12 21 3 12 0 10 0 1 15 21 0 0 0 3 17 0 0 0 0 7 11 0 0 0 0 41 18 0 0 0 0 8 2 11 0 0 0 22 12 1 0 0 0 0 0 0 0 0 0 0 0 0 0 0 0 0 0 0 0 0 0 0 0 0 0 0 0 0 0 0 0 0 2 0 0 2 0 0 11 27 11 50 36 0 3 0 49 8 9 4 65 0 1 0 6 8 10 1 16 0 0 0 0 16 0 6 11 0 0 0 0 13 0 0 0 1 0 40 36 0 0 0 0 0 0 0 1 0 0 0 0 0 0 0 0 9 0 0 0 0 0 19 0 0 0 0 0 0 0 0 0 0 0 4 0 0 81 0 0 15 4 0 0 0 0 2 0 0 0 0 0 0 0 0 0 0 0 0 0 0 12 0 0 0 0 5 0 0 0 
 3 3 3 3 3 3 5 5 5 3 3 3 3 3 3 3 3 3 3 4 45 325 22 45 148 138 348 42 189 58 664 0 147 224 241 114 179 109 109 41 66 5 29 3 0 0 2 0 3 3 0 0 36 2 0 0 0 0 0 3 3 0 0 0 0 1 0 0 0 2 0 0 2 0 0 0 0 1 0 0 0 0 0 0 0 0 0 0 0 0 0 0 0 0 0 0 0 0 0 2 13 10 0 22 11 58 16 0 1 65 13 25 1 6 18 49 0 0 0 0 5 14 0 0 0 0 2 18 0 0 0 0 22 0 0 30 0 0 17 0 0 0 0 3 0 2 2 0 0 0 0 0 0 7 0 0 3 0 0 0 0 0 0 0 1 0 0 0 0 0 0 0 0 0 0 0 0 13 0 0 9 0 22 38 7 0 23 2 1 1 1 2 0 13 8 0 0 0 0 24 12 0 8 0 0 0 0 0 11 0 0 0 0 0 0 0 12 0 29 1 0 0 0 0 0 0 0 0 0 0 0 0 0 0 0 0 0 0 0 0 0 0 0 0 0 0 0 0 0 0 0 0 0 0 13 0 2 8 79 0 56 0 0 0 0 0 15 0 0 0 0 0 0 0 0 0 0 0 0 0 0 0 2 0 0 8 1 0 0 0 
 0 0 0 73 101 0 2 0 3 4 2 84 0 0 2 0 76 72 0 0 131 60 68 153 295 26 308 261 232 125 34 147 0 326 65 130 133 257 223 106 2 0 0 0 0 0 3 0 2 66 45 0 0 2 0 0 0 0 0 6 2 0 0 0 0 2 0 0 0 2 0 0 2 0 0 0 2 0 0 0 0 0 0 27 0 0 0 0 0 0 0 0 0 0 0 0 0 0 0 0 20 24 14 0 14 0 0 23 1 11 0 0 30 44 27 0 12 1 14 0 0 0 0 0 1 0 0 0 0 0 0 0 0 0 0 0 0 0 0 0 0 0 0 4 0 0 0 0 0 0 2 0 0 0 0 0 2 0 0 0 0 0 0 0 0 0 0 0 0 0 0 13 0 0 0 0 0 16 0 0 44 19 9 0 11 0 47 9 19 0 9 0 0 29 30 1 19 2 12 12 0 0 0 0 0 0 0 0 0 0 0 0 0 0 0 0 0 0 1 0 0 0 0 0 0 0 0 0 0 0 0 0 0 0 0 0 0 0 0 0 0 0 0 0 0 0 0 0 0 29 0 0 0 0 9 1 0 0 4 1 0 0 0 0 2 0 0 0 0 0 0 0 0 0 0 0 1 0 0 0 0 33 0 0 0 0 0 0 0 0 
 2 0 0 0 0 0 2 0 0 0 0 0 0 0 24 0 0 19 0 5 48 67 133 86 144 265 280 143 206 160 131 224 326 0 69 248 53 121 273 80 0 2 2 0 0 0 2 3 2 0 91 3 0 2 2 0 0 0 0 3 2 0 0 0 1 0 6 0 0 3 0 0 2 0 0 0 0 0 0 1 0 0 0 0 13 0 0 0 0 0 0 0 0 0 2 0 0 0 0 0 13 8 0 13 0 0 10 0 36 12 0 11 18 31 7 18 0 0 0 18 0 0 0 0 0 0 0 0 1 0 0 0 0 0 0 0 0 2 0 0 0 0 0 1 0 3 0 0 0 0 0 0 0 0 0 0 4 0 0 0 0 0 0 7 0 13 0 0 0 0 0 0 0 0 0 0 22 0 0 2 19 0 17 29 0 0 26 95 9 0 0 1 0 27 27 29 1 0 21 66 0 0 0 0 0 0 0 0 13 0 0 7 0 0 0 0 13 0 12 0 0 0 0 0 0 0 0 0 0 0 0 0 0 0 0 0 0 0 0 0 0 0 0 0 0 0 74 0 0 0 0 0 0 0 2 0 0 76 0 0 0 0 9 0 0 0 25 0 0 0 0 0 0 0 0 0 0 0 0 1 0 0 0 1 0 4 0 0 0 0 
 2 2 1 1 1 75 4 2 2 4 1 76 1 2 2 1 1 2 2 2 53 359 121 140 169 39 29 45 91 307 284 241 65 69 0 382 257 139 106 201 0 0 0 2 0 0 2 0 6 0 2 2 2 4 2 0 0 0 79 4 4 0 0 2 0 2 0 52 0 2 0 3 2 0 0 1 0 3 0 2 0 0 0 0 12 11 0 0 0 0 0 0 0 0 0 0 0 0 0 0 0 0 0 22 16 0 0 11 9 1 12 0 1 7 5 24 15 15 0 43 0 0 0 0 0 0 0 0 0 0 0 0 28 0 0 0 0 0 0 0 0 0 0 0 0 0 0 0 0 0 0 0 0 0 0 0 0 0 0 1 0 0 0 0 0 0 0 0 0 0 0 0 0 0 0 0 0 0 0 0 0 58 0 0 19 0 12 0 36 38 24 35 0 11 1 1 9 0 17 9 0 0 0 0 1 0 0 0 0 0 0 0 0 0 0 0 0 0 0 6 0 0 0 0 0 0 0 10 0 0 0 0 0 0 0 30 0 0 0 0 0 0 0 0 0 0 1 0 1 0 0 0 0 0 3 0 3 2 2 0 3 0 0 0 1 0 0 0 0 0 0 0 0 0 0 0 0 0 0 0 0 0 0 0 0 0 12 0 0 0 
 2 4 2 0 0 21 1 0 0 2 0 0 0 0 0 3 0 0 0 0 112 127 195 63 65 79 291 101 345 182 90 114 130 248 382 0 107 242 109 119 1 1 2 0 3 2 3 4 1 0 22 2 0 2 8 0 0 0 0 2 56 1 0 0 0 2 0 5 0 3 0 9 2 2 0 0 3 0 0 8 0 0 0 0 26 0 0 0 0 0 0 0 0 0 0 0 0 0 0 0 40 15 40 83 0 0 7 2 29 25 0 18 13 8 28 13 15 0 0 33 0 0 0 0 0 0 1 0 0 0 0 0 0 2 0 0 0 0 0 0 0 0 2 2 0 9 0 0 0 0 7 0 0 0 0 0 12 0 0 0 0 1 0 8 0 8 0 0 0 0 0 0 0 0 0 0 0 0 0 0 7 18 14 0 0 0 19 22 29 5 0 0 0 0 32 13 8 0 24 44 0 0 0 0 0 1 0 0 0 0 1 0 0 0 0 0 0 0 0 0 0 0 0 0 0 0 0 0 1 0 0 11 0 0 0 0 1 0 0 0 0 0 0 0 0 0 74 0 0 0 0 0 0 0 7 0 2 84 0 0 0 2 8 0 0 0 0 0 0 0 0 0 0 0 0 0 0 0 0 0 0 0 0 0 0 15 0 0 0 0 
 4 0 0 4 0 0 4 0 4 0 0 0 3 3 0 3 1 0 1 1 123 336 140 460 144 116 567 28 110 134 350 179 133 53 257 107 0 292 107 64 18 3 0 0 0 0 2 0 54 0 0 1 83 2 0 0 0 0 62 25 3 0 4 0 0 0 1 0 0 2 0 2 2 0 4 0 3 1 0 0 0 0 0 0 0 0 0 0 0 0 0 0 0 0 1 0 0 0 0 0 15 0 0 20 11 0 7 3 1 23 14 61 0 8 13 18 12 0 0 0 0 1 0 0 0 0 26 0 0 16 0 0 13 14 15 1 0 0 9 17 0 0 0 3 0 6 0 0 0 0 4 1 0 0 0 0 8 0 0 0 1 0 0 0 0 0 0 3 0 0 0 0 0 0 0 0 0 0 0 5 0 0 13 31 24 1 16 0 10 0 11 54 0 0 9 0 0 0 0 13 0 0 12 0 0 0 0 0 0 0 0 0 71 0 23 10 1 0 27 20 0 0 0 1 0 2 0 0 0 0 0 0 0 0 0 2 0 0 0 0 0 0 0 0 0 0 2 0 0 0 0 0 0 0 19 1 1 73 52 1 2 1 0 2 0 0 0 0 0 0 0 0 0 0 0 0 0 0 0 0 0 0 0 2 0 0 0 0 0 0 
 1 0 0 1 3 61 0 0 0 0 0 0 1 0 2 0 0 0 1 0 252 282 57 53 39 64 46 47 186 60 154 109 257 121 139 242 292 0 52 47 0 0 0 0 1 0 4 0 2 0 0 0 0 2 0 0 0 21 0 3 2 0 0 0 0 4 0 0 0 2 21 0 2 0 0 0 0 0 0 0 0 0 0 0 12 0 0 0 0 0 0 0 0 0 0 0 0 0 0 0 10 19 0 32 28 0 2 19 1 37 33 12 0 1 43 69 28 9 0 15 0 0 0 0 0 0 26 1 0 0 0 0 0 0 0 0 0 0 0 0 0 0 0 0 2 0 0 6 0 0 2 0 0 0 0 0 0 0 0 7 0 3 0 0 0 0 0 0 0 0 1 0 2 0 0 0 0 0 0 0 18 13 13 41 0 12 0 2 9 18 1 4 0 0 9 0 2 16 7 25 0 0 0 0 0 0 0 0 2 0 0 0 11 0 1 0 1 0 18 1 0 0 1 0 0 1 0 0 1 0 2 0 0 0 0 0 0 0 0 0 0 0 0 0 0 0 0 0 2 0 0 0 1 0 10 0 0 3 2 2 4 0 0 0 0 0 7 0 0 0 0 0 0 0 0 0 0 0 0 0 0 26 0 0 0 0 1 0 0 0 
 0 0 0 118 3 0 2 2 91 2 0 74 0 1 0 1 66 79 0 1 45 31 122 140 53 37 172 72 129 140 39 109 223 273 106 109 107 52 0 72 0 0 0 0 3 0 2 0 2 0 6 0 0 2 0 0 0 0 0 6 2 0 0 0 0 0 0 0 0 2 0 0 2 0 0 0 1 0 0 51 0 0 0 23 1 11 0 0 0 7 0 0 0 0 0 0 0 0 0 0 17 0 0 1 0 0 10 17 0 8 0 0 25 107 0 18 1 0 19 15 0 0 0 0 0 0 0 0 0 0 0 0 0 0 0 0 0 0 0 0 0 0 0 3 0 0 0 0 0 0 2 0 0 0 0 0 2 0 0 1 1 27 0 1 0 1 1 0 18 0 1 6 0 0 0 0 1 36 0 0 32 32 11 0 4 0 14 9 2 0 11 0 8 30 13 1 0 0 14 21 0 0 0 0 0 0 0 0 0 0 0 0 0 0 0 0 0 0 0 0 0 0 0 0 0 0 0 0 0 0 0 0 0 0 0 0 0 0 0 0 0 0 0 0 0 0 0 0 0 1 0 0 0 0 5 0 0 0 1 0 2 2 0 0 0 0 0 0 0 0 0 0 0 0 0 0 0 0 0 0 0 0 0 0 0 0 0 0 0 9 
 34 0 0 75 2 139 0 30 27 38 80 21 2 77 2 73 2 39 0 0 31 341 50 66 97 266 129 40 278 293 176 41 106 80 201 119 64 47 72 0 2 0 0 0 0 0 2 0 3 0 8 0 0 2 0 0 0 0 3 14 3 0 5 0 0 3 0 0 0 2 0 0 2 0 0 0 0 1 0 0 2 19 0 0 43 1 0 0 8 13 0 3 0 20 0 0 14 1 0 0 22 16 0 8 11 0 9 11 54 3 0 0 0 8 20 19 16 12 9 12 0 0 3 0 0 0 0 0 0 1 0 0 0 0 0 7 0 0 0 0 0 0 0 0 0 0 0 0 0 0 0 0 0 0 1 0 0 11 0 0 0 8 16 1 15 0 0 0 18 0 10 0 0 0 5 0 33 0 0 0 7 23 9 0 9 0 10 0 12 11 10 0 0 37 7 9 0 13 23 0 0 0 0 0 0 0 0 0 0 0 0 0 0 0 0 0 0 0 0 0 0 0 0 0 0 0 0 0 0 0 0 0 0 0 0 0 9 0 0 1 0 0 2 0 0 2 0 2 74 0 26 0 2 0 13 12 1 0 39 3 0 16 0 0 0 62 0 0 0 0 0 0 0 0 0 0 26 0 0 0 0 14 0 0 0 0 0 0 0 0 
 0 0 0 0 0 0 0 0 0 0 0 0 0 0 0 0 0 0 0 0 0 0 0 1 0 59 0 0 0 0 5 66 2 0 0 1 18 0 0 2 0 181 156 163 39 42 53 125 115 129 42 126 199 110 96 109 102 389 72 266 4 0 0 2 0 0 4 0 0 0 0 0 0 6 0 0 0 0 4 9 0 0 0 0 0 0 0 0 0 0 0 0 0 0 0 0 0 0 0 0 0 0 0 0 1 1 0 0 0 13 0 7 0 0 0 0 0 0 0 0 6 18 0 60 0 30 11 6 3 0 1 40 5 6 20 4 31 11 19 1 0 0 4 0 0 0 0 0 0 0 0 0 0 0 0 0 0 0 0 0 0 0 0 0 0 0 0 0 8 0 0 0 0 0 0 0 0 0 0 12 0 0 0 12 0 1 0 0 0 0 0 0 0 0 0 0 0 0 0 0 2 0 12 0 0 0 7 19 0 0 0 0 10 0 0 22 11 14 12 0 0 0 0 0 0 0 0 0 0 0 0 0 0 0 0 0 0 0 0 0 0 0 0 0 0 0 0 0 0 26 0 2 0 2 0 0 0 0 57 0 0 0 0 0 0 3 1 0 0 0 0 0 0 0 0 0 0 0 0 0 0 0 0 0 0 14 0 11 0 0 
 0 0 0 0 0 3 2 0 0 2 2 0 0 0 0 0 0 0 43 0 0 0 0 0 0 55 1 0 0 1 0 5 0 2 0 1 3 0 0 0 181 0 95 126 33 39 140 106 192 282 30 41 319 94 355 31 99 90 37 285 54 0 0 0 0 0 0 0 0 0 0 0 0 0 0 0 0 0 0 0 0 1 0 2 0 2 1 1 1 0 1 0 0 0 0 1 1 1 0 0 2 1 1 1 0 17 2 24 1 2 2 2 0 0 1 2 0 1 0 0 13 25 2 29 0 59 1 16 10 0 23 32 0 22 1 0 19 10 0 4 0 0 6 0 0 0 0 3 0 0 0 0 0 0 1 3 0 0 0 0 1 0 11 2 2 2 0 0 5 0 0 1 0 0 8 0 0 2 0 1 0 1 2 2 2 52 2 0 2 1 0 16 2 0 0 0 2 1 0 0 11 2 61 19 11 0 24 34 1 11 0 0 1 48 13 50 0 1 0 0 0 0 0 0 0 0 0 0 0 0 0 0 0 0 0 0 0 0 1 0 0 1 0 0 0 0 2 0 0 0 0 6 0 1 0 0 0 0 0 12 0 0 1 0 1 17 0 0 0 0 0 0 0 0 0 0 0 0 0 0 0 1 1 0 1 10 0 0 0 9 
 2 1 0 2 2 2 3 1 5 5 0 2 1 2 1 0 1 2 63 3 0 0 0 0 0 5 0 0 0 0 0 29 0 2 0 2 0 0 0 0 156 95 0 248 140 111 65 92 419 331 130 101 282 333 143 378 113 121 45 283 1 0 0 0 12 25 0 8 0 0 0 0 56 63 0 0 0 0 47 0 0 0 0 0 0 0 0 0 19 0 0 0 0 0 0 0 0 0 0 0 0 0 0 0 0 7 0 0 0 0 0 0 0 0 0 0 0 0 0 0 4 11 72 15 0 27 0 0 13 19 35 5 8 1 11 33 23 27 1 0 0 35 12 0 0 0 0 10 0 0 0 0 0 12 21 0 1 0 35 1 0 0 0 0 0 0 0 0 0 0 0 0 3 0 7 0 0 0 0 0 0 0 0 0 0 0 0 0 0 0 0 1 0 0 0 0 0 1 0 0 24 8 0 19 17 35 1 2 5 7 35 12 0 0 0 0 12 18 0 0 1 0 0 0 0 0 19 16 8 0 0 0 19 7 11 0 0 0 14 9 0 0 6 0 0 0 0 0 0 0 0 11 0 1 0 0 0 0 0 0 29 0 0 1 1 0 0 120 2 0 0 0 0 0 0 0 0 0 0 0 0 0 7 0 7 0 0 0 0 0 
 0 0 0 1 0 0 2 0 0 0 0 0 0 0 0 0 0 0 0 0 0 0 0 0 2 0 0 0 0 0 3 3 0 0 2 0 0 0 0 0 163 126 248 0 191 102 81 353 88 253 35 139 54 96 79 220 222 201 275 49 2 0 0 0 51 0 1 54 0 0 0 0 0 73 0 0 0 0 55 61 0 0 0 0 0 0 0 0 0 0 0 0 0 0 0 0 0 0 0 0 0 0 0 0 0 0 0 0 0 0 0 0 0 0 0 0 0 0 0 0 6 14 0 29 19 11 0 5 3 0 7 17 1 7 8 11 8 17 1 0 0 4 20 0 0 0 8 0 8 0 0 0 13 28 7 0 1 0 4 0 0 0 0 20 0 32 0 2 0 0 0 0 4 0 0 0 0 4 0 0 0 0 0 1 0 0 0 0 0 0 0 6 0 0 0 0 0 0 0 0 0 0 0 17 1 11 6 17 0 8 0 0 0 0 0 9 10 6 3 2 0 10 14 0 0 0 11 0 0 0 0 0 0 0 0 9 1 0 7 0 0 0 2 0 0 0 0 0 0 0 0 9 0 0 0 0 0 0 0 8 0 0 1 65 69 0 0 0 0 0 0 0 0 0 0 0 0 0 0 0 0 0 0 0 11 7 0 0 2 0 
 0 0 2 0 0 0 2 56 0 0 0 0 0 0 3 2 0 0 0 1 0 0 0 6 1 4 7 3 0 2 0 0 0 0 0 3 0 1 3 0 39 33 140 191 0 332 42 146 75 72 381 56 130 87 110 107 117 56 78 275 0 51 0 0 17 0 1 27 0 0 50 1 53 50 46 0 0 60 0 21 0 0 0 0 0 0 0 0 0 0 0 0 0 0 0 0 0 0 0 0 0 0 2 0 0 0 0 1 0 0 1 0 0 0 0 11 0 0 0 0 1 3 0 0 27 16 8 0 2 8 0 9 0 3 5 0 21 0 0 5 1 10 0 0 0 0 7 23 0 0 0 0 12 25 10 0 10 1 34 0 0 0 0 0 0 0 0 0 0 0 0 7 0 0 0 0 0 0 0 0 4 0 1 4 0 0 0 0 0 2 0 3 0 0 0 0 0 0 0 0 0 7 0 0 19 10 4 3 0 6 1 7 5 0 0 0 0 20 0 1 20 0 0 0 1 0 16 10 0 15 0 0 0 51 22 8 31 1 8 7 3 0 1 0 0 1 0 0 0 0 0 14 0 0 0 0 0 0 1 3 0 0 0 1 40 1 3 6 0 0 0 0 0 0 0 0 0 0 0 0 0 0 0 0 0 0 0 0 0 0 
 0 0 0 0 0 0 1 0 0 6 0 0 0 0 0 0 0 0 2 0 0 0 0 2 0 0 0 0 0 0 0 0 0 0 0 2 0 0 0 0 42 39 111 102 332 0 47 24 76 63 356 131 42 292 66 108 61 71 51 54 74 0 0 5 0 1 0 11 2 5 0 6 0 52 59 0 0 53 105 113 0 0 0 0 0 0 0 0 0 0 0 0 0 0 0 0 0 0 0 0 0 0 0 0 0 0 0 0 0 0 0 0 0 0 1 0 0 0 0 0 0 0 1 2 0 14 0 0 0 33 18 0 0 0 17 3 19 14 0 0 7 24 2 0 0 0 0 0 0 0 0 61 0 9 31 1 0 9 0 0 0 0 0 0 0 0 0 10 0 15 0 0 0 0 0 0 0 3 0 0 0 0 0 0 0 0 0 0 0 0 0 0 0 0 0 0 0 0 0 0 15 0 10 42 19 23 25 0 8 12 25 8 0 0 0 0 0 0 0 0 9 0 0 0 0 0 11 0 0 0 6 1 25 0 0 27 0 0 13 0 0 0 10 0 0 63 0 0 0 0 0 8 0 0 0 0 0 0 0 0 0 0 30 4 0 0 4 0 9 0 22 0 0 17 0 0 0 0 0 0 0 0 0 0 3 0 0 0 1 0 
 0 0 0 0 0 0 0 54 4 0 0 50 0 2 0 2 0 0 0 0 2 2 2 2 4 7 2 2 3 3 2 2 3 2 2 3 2 4 2 2 53 140 65 81 42 47 0 227 57 66 37 43 220 182 26 104 30 118 124 46 0 3 0 0 0 1 2 0 0 0 0 0 0 0 0 0 0 0 5 7 0 0 0 0 0 0 0 0 0 0 0 0 0 0 0 0 0 0 0 0 0 0 0 0 6 20 0 0 0 0 0 0 0 0 0 0 0 0 0 9 23 14 0 30 0 0 10 0 14 0 0 0 0 0 9 0 0 19 68 0 0 0 0 0 0 0 0 0 21 8 0 0 0 4 0 0 0 3 0 18 0 0 0 0 0 0 0 0 1 30 0 26 0 0 10 0 0 0 0 0 0 0 0 0 11 9 0 0 0 0 10 0 0 0 0 0 0 0 0 0 17 13 10 0 0 0 24 4 0 23 0 10 9 25 19 0 5 0 7 0 0 0 0 0 0 0 0 0 0 0 0 0 0 1 0 0 0 0 0 0 0 0 0 0 0 0 0 0 0 1 0 15 0 0 0 0 0 0 0 0 0 0 1 0 2 12 0 0 0 0 0 0 0 0 0 0 0 0 0 0 0 0 0 0 0 0 0 0 0 0 
 0 0 0 2 0 0 0 0 0 0 0 0 0 0 0 3 0 0 0 0 0 0 0 83 71 4 2 0 0 0 3 0 0 3 0 4 0 0 0 0 125 106 92 353 146 24 227 0 300 111 97 47 180 84 205 48 137 66 79 51 0 4 0 0 0 0 7 0 0 0 0 0 0 0 0 0 0 0 5 8 0 0 0 0 0 0 0 0 0 0 0 20 0 0 0 0 0 0 0 0 0 0 0 15 2 11 0 0 0 0 0 12 0 0 0 0 0 0 0 0 18 22 1 0 1 0 0 8 21 50 0 27 0 4 21 0 19 7 0 12 0 0 0 0 0 0 0 0 6 0 0 0 0 9 0 0 10 6 1 9 0 0 0 0 0 0 0 0 0 0 0 0 0 0 0 0 0 0 0 0 0 0 0 1 30 10 0 0 0 1 19 11 0 0 0 0 0 0 0 0 30 31 0 0 0 0 8 64 0 12 0 0 13 26 62 35 20 3 11 19 0 0 0 0 0 0 0 0 0 0 0 0 0 4 0 0 0 0 0 0 0 0 4 0 0 0 0 0 0 0 0 7 2 1 0 0 0 0 0 2 0 0 0 0 0 3 0 0 0 0 0 0 0 0 0 0 0 0 0 0 0 0 0 0 0 15 0 0 0 0 
 2 2 2 2 2 2 4 2 11 2 2 2 2 9 2 2 2 2 2 2 2 3 3 3 3 2 205 3 1 3 3 3 2 2 6 1 54 2 2 3 115 192 419 88 75 76 57 300 0 311 60 102 101 107 232 63 47 78 174 407 0 0 0 0 0 0 0 55 0 0 0 0 74 0 0 0 0 0 3 2 0 0 0 0 0 0 0 0 0 0 0 0 0 0 0 0 0 0 0 5 0 0 0 0 0 0 9 0 0 10 0 0 0 0 0 0 0 0 0 0 0 2 21 12 20 20 0 6 7 17 6 5 0 4 1 9 11 1 0 6 0 10 8 0 0 0 20 20 0 0 0 0 9 5 33 5 0 0 25 6 0 0 0 0 0 0 0 0 0 0 0 0 5 0 0 0 0 0 0 0 0 0 0 0 1 2 0 0 0 0 0 0 0 0 0 0 0 0 0 0 10 14 7 42 23 21 19 1 0 26 35 3 0 10 0 8 2 10 12 0 0 10 10 0 0 0 1 0 15 0 0 0 13 10 11 11 0 1 14 8 0 0 10 0 0 0 0 0 0 0 0 7 0 0 0 0 0 0 0 1 0 0 2 67 0 4 0 1 2 0 0 0 0 0 0 0 0 0 0 0 0 0 0 0 10 5 0 0 1 0 
 0 0 0 0 0 0 0 0 0 0 0 0 0 0 0 0 0 0 0 0 0 0 0 2 0 5 0 0 1 121 0 3 66 0 0 0 0 0 0 0 129 282 331 253 72 63 66 111 311 0 63 237 305 213 101 425 99 139 498 306 2 0 206 0 25 0 1 0 0 0 0 0 0 51 0 0 0 0 57 11 0 0 0 0 0 0 0 0 0 9 0 0 0 0 0 0 0 0 0 0 0 0 0 18 0 3 0 0 0 0 0 0 0 0 0 0 0 0 0 0 0 29 6 42 10 5 0 1 3 0 11 11 4 8 9 11 8 44 0 0 0 21 32 0 0 0 0 0 0 0 0 0 0 7 14 0 0 0 0 12 0 0 0 0 0 0 0 0 3 0 0 0 0 0 10 0 0 0 0 0 0 0 0 0 0 0 0 0 0 0 0 1 0 0 0 0 0 0 0 0 5 6 2 12 0 14 10 5 5 23 21 10 0 11 15 21 0 14 0 0 0 0 0 0 0 0 0 0 0 0 0 0 0 0 0 0 0 0 2 0 0 0 0 0 0 0 0 0 0 0 0 5 0 1 0 0 0 0 0 3 0 0 0 0 2 12 0 0 2 0 0 0 0 0 0 0 0 0 0 0 0 0 11 0 5 7 0 0 0 0 
 0 0 2 0 0 0 2 0 0 0 0 0 0 0 30 2 0 0 0 0 65 1 0 0 0 0 0 2 95 0 10 0 45 91 2 22 0 0 6 8 42 30 130 35 381 356 37 97 60 63 0 68 46 29 108 81 148 35 45 86 55 18 56 0 51 0 0 50 1 0 0 0 22 1 1 1 0 0 0 77 0 0 0 0 0 0 0 0 0 0 0 0 0 0 0 0 0 0 0 0 0 11 14 0 1 0 0 0 0 0 0 0 0 9 6 0 6 0 0 0 0 0 0 0 7 10 0 0 4 7 0 22 0 0 0 10 26 0 0 0 0 0 0 0 12 0 21 0 0 0 0 0 0 0 0 0 6 11 17 5 0 0 0 0 0 0 0 0 0 0 0 20 1 0 0 0 0 0 0 0 14 3 3 0 10 0 7 1 6 0 7 0 0 7 20 1 12 1 4 7 0 8 0 0 18 7 0 0 0 0 1 13 0 0 0 0 0 9 1 0 1 1 0 0 0 0 17 42 0 0 9 0 24 46 1 11 25 0 9 0 7 0 0 0 0 0 0 0 0 0 0 18 0 0 0 0 0 0 6 1 0 0 67 0 68 3 0 2 0 0 0 0 2 0 0 0 0 0 0 0 0 5 0 0 0 0 0 0 0 0 
 8 0 0 2 0 0 6 0 6 2 0 0 0 0 0 2 5 0 0 0 0 0 0 0 2 3 1 2 0 0 0 0 0 3 2 2 1 0 0 0 126 41 101 139 56 131 43 47 102 237 68 0 44 53 86 100 201 219 35 63 3 0 0 0 0 0 0 88 0 0 0 0 0 51 17 0 0 0 52 52 0 18 0 0 0 0 0 4 0 0 0 0 0 0 0 1 0 0 8 0 0 0 0 0 0 0 0 0 0 0 0 0 0 0 0 0 0 0 0 0 0 0 2 19 19 24 0 0 40 0 8 53 0 24 0 0 14 13 0 0 14 2 18 0 0 0 10 11 23 0 0 0 24 20 0 3 0 0 0 12 8 0 0 0 0 0 7 1 0 0 0 12 4 0 7 0 0 4 0 5 0 0 0 0 0 8 0 0 0 0 0 0 9 0 0 0 0 0 0 0 10 0 8 44 21 12 16 20 3 5 6 30 0 0 0 31 20 0 0 0 0 31 14 0 0 7 4 0 0 0 0 0 6 0 0 10 0 0 7 0 0 0 0 0 0 0 0 0 0 0 0 10 0 0 0 0 0 0 0 0 0 1 1 63 2 4 2 2 0 0 0 0 0 1 0 0 0 0 0 0 0 3 0 0 12 10 0 0 0 0 
 2 0 2 1 0 0 2 0 3 0 0 0 0 34 0 0 0 0 0 5 0 2 0 0 70 65 0 0 0 0 0 36 0 0 2 0 83 0 0 0 199 319 282 54 130 42 220 180 101 305 46 44 0 154 44 59 242 29 292 336 0 8 4 0 0 0 0 0 0 0 0 2 7 0 2 2 0 2 5 2 0 0 0 0 0 0 0 0 0 0 0 0 0 0 0 0 0 0 0 0 0 0 0 0 27 57 0 0 0 16 0 15 0 0 0 0 0 0 2 0 37 16 0 14 1 0 21 8 32 0 0 6 21 0 3 15 0 0 34 6 0 0 0 0 0 0 0 0 3 0 0 0 0 14 8 0 0 3 5 9 0 0 0 0 0 0 0 0 0 0 0 0 0 0 0 0 0 0 0 2 0 0 0 0 25 3 0 0 0 0 10 0 0 0 0 0 0 7 0 0 27 18 31 0 0 1 19 23 9 9 6 32 9 34 13 1 47 0 9 0 0 25 0 0 0 0 2 0 0 0 0 0 21 0 0 0 0 0 14 0 0 0 0 0 0 2 0 0 0 0 0 2 0 0 0 1 0 0 72 1 0 0 1 0 0 0 0 0 0 0 0 0 0 0 0 0 0 0 0 0 0 0 0 0 0 0 0 9 0 0 
 0 0 0 0 0 0 2 0 4 0 0 0 0 0 0 0 0 0 0 0 2 2 2 2 3 2 2 2 25 4 2 2 2 2 4 2 2 2 2 2 110 94 333 96 87 292 182 84 107 213 29 53 154 0 346 253 111 382 104 134 0 4 6 0 0 1 0 0 0 0 0 0 0 0 0 0 0 0 8 0 0 0 0 0 0 0 0 0 0 0 0 0 0 0 0 0 0 0 0 0 0 0 0 0 0 17 0 0 0 0 0 3 0 0 0 0 5 0 0 0 20 18 22 25 0 10 19 0 9 0 11 30 0 0 19 15 31 11 16 1 16 0 1 0 0 0 0 15 0 0 0 0 22 0 0 0 0 0 8 23 19 0 0 0 24 0 0 0 5 0 0 0 0 0 4 0 0 0 0 0 0 0 0 0 1 9 18 0 0 0 1 0 0 0 0 0 0 1 0 0 0 9 26 0 16 0 13 29 7 13 0 0 8 13 17 9 21 15 0 0 0 0 0 1 0 0 0 0 0 0 0 0 0 0 0 0 0 7 1 0 0 0 0 0 0 0 0 0 0 0 0 8 0 0 0 0 0 62 0 12 0 0 1 0 2 5 1 0 0 0 0 0 0 0 0 0 0 0 0 0 0 0 0 0 0 0 0 0 0 0 
 0 0 0 0 0 0 2 0 0 0 0 0 0 0 0 0 0 0 0 0 0 0 0 0 62 0 0 0 0 72 0 0 0 2 2 8 0 0 0 0 96 355 143 79 110 66 26 205 232 101 108 86 44 346 0 172 160 152 151 113 16 0 0 0 0 6 10 0 3 3 48 7 76 2 0 2 3 0 4 5 0 0 0 0 0 0 0 0 0 0 0 0 0 0 0 6 9 0 0 0 0 0 0 0 0 0 0 0 0 10 0 0 0 0 0 0 0 0 0 0 0 1 51 15 14 21 0 0 41 15 0 47 0 61 0 7 30 23 19 0 10 3 0 0 0 0 13 10 0 0 0 0 20 75 7 16 0 0 35 14 0 0 0 0 0 0 0 0 0 0 0 0 0 0 0 0 0 0 0 0 0 0 0 0 0 10 0 0 0 0 0 0 0 0 0 0 0 0 0 0 1 23 28 12 32 17 11 0 3 2 32 10 0 2 0 15 13 53 6 0 0 3 0 0 0 0 10 0 0 0 0 0 0 10 0 0 0 0 11 0 0 0 0 0 0 0 0 0 0 0 0 12 0 1 0 0 0 0 0 3 0 0 0 1 2 2 0 0 0 0 0 0 0 0 0 0 0 0 0 0 0 0 0 0 11 6 0 0 0 0 
 0 0 0 0 0 0 2 0 0 3 0 0 0 0 0 0 0 0 0 0 0 0 0 0 62 1 0 0 0 0 0 0 0 0 0 0 0 0 0 0 109 31 378 220 107 108 104 48 63 425 81 100 59 253 172 0 258 102 38 76 0 4 6 9 0 1 6 0 0 0 0 1 0 50 0 5 50 6 35 16 0 0 0 0 0 0 0 0 0 0 0 7 0 0 0 0 0 0 0 0 0 0 0 0 18 28 0 0 0 0 0 21 0 0 0 0 0 0 0 0 26 16 0 8 0 1 0 14 55 0 31 22 20 5 11 7 0 14 0 0 2 11 9 0 0 4 0 0 0 0 0 5 0 7 9 0 0 0 0 0 0 0 0 0 0 0 0 0 5 0 7 0 0 0 0 0 0 0 0 0 0 0 0 0 8 0 29 0 0 0 0 7 0 0 0 0 0 0 0 0 14 16 0 11 8 7 0 45 10 16 11 32 0 15 0 46 50 0 0 0 0 15 0 6 0 0 0 0 0 0 0 0 1 0 0 0 0 0 18 0 0 0 0 0 0 0 0 0 0 0 0 8 0 0 0 0 0 0 1 44 0 0 1 0 1 0 2 0 0 0 7 0 0 0 0 0 0 0 0 0 0 0 0 0 26 20 0 0 1 0 
 0 0 2 0 0 1 0 0 0 0 65 0 0 0 0 0 0 0 0 0 0 0 0 0 0 0 0 0 0 0 0 0 0 0 0 0 0 0 0 0 102 99 113 222 117 61 30 137 47 99 148 201 242 111 160 258 0 137 63 44 8 0 4 0 4 0 6 4 1 17 0 3 0 60 0 0 7 0 52 6 0 0 0 0 0 0 0 0 0 0 0 0 0 0 0 0 0 0 0 0 0 0 0 0 0 0 0 0 0 0 0 0 0 0 0 0 0 0 0 0 0 14 0 31 0 0 0 0 19 9 19 37 0 8 13 9 22 33 0 0 1 24 14 9 0 0 5 0 9 0 5 0 0 8 14 9 6 0 1 10 0 0 0 0 0 0 0 0 0 0 0 0 0 0 0 0 0 0 0 0 0 30 7 0 0 0 0 0 0 0 0 0 0 0 0 0 0 0 0 0 7 8 0 5 27 32 0 0 0 6 18 25 0 0 0 21 5 32 0 0 0 0 11 0 5 0 1 9 20 0 14 0 1 7 0 0 22 0 4 10 0 0 0 0 0 0 0 0 0 0 0 12 0 0 0 0 0 0 0 0 0 0 1 0 1 1 0 0 0 0 12 0 0 0 0 0 0 0 0 0 0 0 0 0 7 19 0 0 1 0 
 0 0 1 0 0 0 2 0 0 0 0 0 1 0 0 0 0 0 0 0 0 0 0 0 0 8 3 0 0 0 0 0 0 0 0 0 0 21 0 0 389 90 121 201 56 71 118 66 78 139 35 219 29 382 152 102 137 0 42 17 0 1 0 0 0 0 3 0 0 0 0 0 48 1 0 0 0 0 12 8 1 0 0 0 0 0 0 0 0 0 1 0 0 0 0 0 0 0 0 0 0 0 0 0 0 0 0 0 0 0 0 0 0 0 0 0 20 0 0 0 0 25 40 16 23 44 0 0 53 11 12 52 0 0 27 22 35 60 0 0 0 15 47 0 0 31 7 5 0 0 0 0 14 0 0 0 0 0 15 6 0 0 0 0 0 0 0 0 0 0 0 0 9 0 0 0 0 0 0 0 0 21 0 0 0 0 23 0 0 0 0 0 0 0 0 0 0 0 0 0 5 21 32 46 17 10 0 38 14 99 2 0 0 7 8 30 11 23 0 0 0 6 27 0 0 0 0 0 3 0 0 0 0 18 2 0 0 0 10 17 0 0 0 0 0 0 0 0 0 1 0 17 1 0 0 1 0 1 0 3 0 1 4 65 2 1 2 2 0 0 0 0 0 0 0 0 0 0 0 0 0 3 7 0 26 9 0 27 0 0 
 0 0 0 0 0 0 2 0 0 0 0 0 0 0 0 0 8 0 2 0 0 23 92 108 2 62 0 62 0 87 62 0 0 0 79 0 62 0 0 3 72 37 45 275 78 51 124 79 174 498 45 35 292 104 151 38 63 42 0 234 3 3 7 0 0 0 0 2 0 8 0 0 0 5 0 0 7 0 0 0 0 0 0 0 0 0 0 0 0 0 0 0 0 0 0 0 0 0 0 0 0 0 12 0 5 0 0 0 7 0 31 15 0 0 0 0 14 35 0 0 12 0 7 0 7 9 0 22 0 7 0 0 32 0 0 7 0 0 7 20 0 0 3 10 0 0 4 0 3 3 5 0 4 1 0 7 16 3 0 0 0 0 0 0 0 0 7 0 0 6 0 0 0 6 0 0 10 0 0 0 0 1 3 23 26 16 0 0 4 0 28 0 0 0 0 0 0 9 0 0 10 10 11 0 0 0 28 0 0 2 8 11 0 1 12 0 0 0 11 1 0 0 9 0 0 0 0 7 28 0 2 0 0 0 3 0 7 0 0 3 0 0 0 0 0 0 0 0 0 0 0 10 0 0 0 0 0 1 1 0 15 0 2 0 0 1 0 0 0 0 8 0 0 0 0 0 0 0 0 0 0 0 0 0 10 0 0 15 0 0 
 0 0 1 0 0 0 2 0 9 0 1 0 0 0 0 1 0 0 1 0 2 66 66 66 76 5 2 3 1 57 3 3 6 3 4 2 25 3 6 14 266 285 283 49 275 54 46 51 407 306 86 63 336 134 113 76 44 17 234 0 0 0 5 0 0 0 0 0 0 0 1 0 0 0 0 0 0 0 0 0 0 0 0 0 0 3 0 0 0 0 0 0 0 0 0 0 0 0 0 0 1 0 0 0 28 49 0 0 0 1 14 13 0 4 2 1 15 0 0 0 29 6 11 3 9 0 2 44 12 9 9 0 19 12 0 16 0 0 13 27 0 0 0 0 0 0 0 2 0 0 0 0 0 0 0 5 0 0 0 0 0 0 0 1 0 0 0 0 6 0 0 0 0 0 0 0 0 0 0 0 0 3 0 0 26 21 3 0 9 0 17 4 0 2 0 0 0 1 0 0 17 6 14 15 0 0 10 20 9 0 11 65 7 10 11 20 19 0 54 0 0 0 0 0 0 0 0 0 0 0 0 0 0 0 0 0 0 0 0 12 0 0 0 0 0 0 0 0 0 0 0 6 0 2 0 0 0 63 3 9 0 0 2 0 0 2 0 0 2 0 0 0 0 0 0 0 0 0 0 0 0 3 0 0 13 0 0 0 0 0 
 0 0 0 2 0 3 0 0 34 0 0 0 0 2 0 0 0 0 0 0 2 3 3 3 3 51 2 3 2 5 3 3 2 2 4 56 3 2 2 3 4 54 1 2 0 74 0 0 0 2 55 3 0 0 16 0 8 0 3 0 0 111 97 85 69 54 171 112 34 40 82 302 257 107 51 112 72 90 61 89 0 0 0 0 0 0 0 0 0 0 0 0 0 0 0 0 0 0 0 0 0 0 0 0 0 0 0 0 0 0 0 0 0 0 0 0 0 0 0 0 0 0 0 3 0 0 0 0 0 0 0 2 0 13 0 0 1 1 0 0 0 1 7 27 0 0 16 1 13 2 16 0 1 0 8 0 0 12 0 0 0 0 4 0 0 0 0 2 0 0 0 0 0 0 0 0 0 5 0 0 0 0 0 0 0 0 0 0 0 0 0 0 29 0 0 0 0 0 0 0 3 5 4 0 4 0 1 0 7 1 0 0 0 1 0 2 0 0 0 0 25 5 30 2 21 0 4 7 20 34 0 10 31 12 13 30 8 20 18 27 0 0 0 0 0 0 0 0 0 0 0 0 0 0 7 0 0 0 0 0 0 0 27 0 0 3 0 0 0 0 51 0 0 9 4 2 0 0 0 0 0 0 0 0 0 3 0 0 0 0 
