 0 160 151 139 112 54 248 44 271 155 126 106 462 33 270 43 53 26 135 374 3 0 0 0 0 0 2 0 0 0 0 0 0 2 2 3 0 2 0 1 3 0 0 0 0 4 0 7 0 3 0 2 7 3 2 0 6 0 0 0 7 0 0 0 0 0 0 0 0 2 0 3 0 0 2 0 0 0 0 0 26 6 14 5 17 0 40 11 0 0 2 2 39 45 1 18 22 16 0 31 0 0 0 0 0 0 0 0 0 0 0 0 0 0 0 0 0 0 0 0 0 0 0 0 0 0 0 0 0 0 0 0 0 0 4 0 0 0 0 0 0 0 0 0 0 0 0 0 0 0 0 0 0 0 0 0 0 0 0 0 7 44 16 44 0 12 12 14 36 83 0 1 18 12 15 1 52 37 21 0 0 0 0 0 0 0 0 0 0 0 0 0 0 0 0 0 0 0 1 0 0 0 0 0 0 0 0 0 0 0 0 0 0 0 0 0 0 0 0 0 0 0 0 0 0 0 0 0 0 0 0 0 0 0 0 0 0 0 0 0 0 0 0 0 0 0 0 0 2 0 0 7 9 0 0 0 0 0 0 0 0 0 1 0 0 0 0 0 0 0 0 0 0 0 0 0 15 0 0 0 0 0 0 0 0 0 0 0 0 0 
 160 0 125 86 227 557 223 190 263 76 139 397 223 332 139 42 44 611 157 69 5 0 0 2 0 0 36 0 1 0 0 3 3 2 0 4 1 2 76 0 4 0 0 0 0 3 3 0 0 3 0 2 3 3 4 0 0 0 0 0 3 0 0 0 0 0 0 0 0 3 0 0 0 0 2 0 0 0 0 3 31 13 1 9 9 0 0 26 43 21 50 10 1 21 40 26 8 24 0 22 0 0 0 0 0 0 0 0 0 0 2 0 1 16 0 0 0 0 0 9 0 0 0 0 0 0 0 0 0 0 0 0 0 0 0 0 0 0 0 0 0 0 0 0 0 0 0 0 0 0 0 0 1 0 0 0 0 0 0 1 0 20 34 0 14 1 0 9 22 13 0 0 37 11 11 0 23 19 0 3 0 0 0 0 1 0 0 0 0 0 0 0 0 0 0 0 0 0 14 0 2 0 0 0 1 0 0 2 0 0 0 0 0 0 0 0 0 0 0 0 0 0 0 0 0 0 0 0 0 0 0 0 0 0 0 0 0 0 0 0 0 2 0 0 0 4 0 0 0 94 2 8 0 0 0 0 0 2 0 0 0 0 0 0 0 0 0 0 0 0 0 0 0 0 0 14 8 0 0 0 0 0 0 0 0 0 0 4 0 0 
 151 125 0 234 141 132 72 81 116 315 34 48 297 153 141 36 133 141 133 362 4 1 0 3 0 0 3 3 0 0 0 3 0 11 81 4 3 3 0 3 2 2 0 0 0 3 3 0 0 3 0 5 3 3 2 0 0 0 2 2 12 0 0 2 0 0 0 0 0 2 3 10 0 3 6 2 0 0 1 0 15 10 14 23 29 20 13 35 12 6 31 18 14 43 0 0 37 10 1 11 14 0 0 0 0 0 0 0 0 0 13 0 0 0 0 0 0 0 0 0 0 0 0 0 0 0 0 0 0 0 0 7 0 0 0 0 0 38 0 0 0 0 0 0 8 2 0 0 0 0 0 1 0 0 0 0 0 0 0 0 27 0 0 19 0 0 6 9 0 1 11 0 0 0 0 19 0 1 10 18 6 0 0 0 0 0 15 0 0 0 0 0 10 0 0 9 2 0 0 12 0 0 10 0 0 0 0 0 0 0 0 0 0 0 0 0 0 0 0 0 0 0 0 0 0 0 0 0 0 0 0 0 0 0 0 0 0 0 0 0 0 0 0 0 0 0 93 0 0 104 0 9 0 0 0 0 0 0 0 0 0 0 0 0 0 0 0 0 0 0 0 0 0 0 0 0 1 21 0 0 0 0 0 0 0 0 0 0 0 0 
 139 86 234 0 302 162 185 460 98 125 78 128 142 201 51 40 226 114 163 148 3 1 0 75 1 4 5 0 0 0 0 0 0 0 0 2 0 2 74 74 2 0 0 0 0 3 0 0 0 59 74 3 0 3 2 0 0 0 0 0 0 0 0 0 0 0 0 0 0 2 0 0 0 34 2 0 0 0 0 0 0 11 0 12 24 0 9 22 1 10 13 37 0 7 17 28 1 22 0 0 1 0 0 0 0 0 20 0 0 0 0 0 0 0 0 9 0 2 9 0 0 0 0 0 0 0 0 0 0 0 0 0 0 0 0 0 0 0 0 0 0 0 0 0 1 0 0 0 0 0 0 0 0 0 0 0 0 0 0 0 0 0 0 0 20 14 2 1 14 24 18 9 0 0 0 9 11 24 0 8 0 0 0 0 0 0 16 0 0 2 0 0 0 0 34 45 0 0 10 0 16 0 0 0 0 0 0 0 0 0 0 0 0 0 0 0 0 0 0 0 0 0 0 0 0 0 0 1 0 0 0 0 0 0 0 0 0 0 0 0 0 0 0 0 0 2 2 0 2 1 0 9 2 0 2 0 0 0 0 0 0 0 0 0 0 0 0 0 0 0 0 0 0 0 0 0 7 0 0 0 0 0 0 0 0 0 0 0 0 0 
 112 227 141 302 0 301 155 140 80 181 125 134 160 223 67 81 320 203 66 98 3 0 0 0 0 1 2 0 0 0 0 0 0 0 0 2 1 4 53 1 3 0 0 0 0 3 0 5 0 3 0 2 1 3 2 0 0 0 0 0 0 0 0 0 0 0 0 0 0 2 0 0 0 0 2 0 1 0 0 0 7 60 59 11 14 0 2 24 31 24 51 18 13 0 28 20 48 28 0 0 19 0 0 0 0 0 0 0 0 0 0 0 0 17 0 9 0 0 0 0 0 0 0 0 0 2 0 0 0 0 1 0 0 0 0 0 0 0 0 0 0 0 0 0 18 2 0 0 0 0 0 0 0 0 0 0 0 0 0 0 1 12 14 3 0 14 2 0 15 14 3 25 0 1 21 16 15 40 0 9 0 0 0 0 0 0 0 0 0 0 0 0 10 0 0 0 0 0 12 0 0 0 0 0 0 0 0 1 0 0 2 0 0 0 0 0 1 0 0 0 9 0 0 0 0 0 0 0 0 0 1 0 0 0 0 0 0 0 0 0 0 1 0 0 0 6 90 0 3 6 2 5 3 0 0 0 0 0 0 0 0 0 0 0 0 0 0 0 0 0 0 0 0 0 0 0 29 0 0 0 0 0 0 0 0 0 0 0 0 0 
 54 557 132 162 301 0 117 307 52 368 324 290 34 68 48 74 148 160 59 50 78 212 0 0 24 0 88 285 39 56 3 0 81 75 5 2 124 3 3 3 3 0 3 3 0 3 0 0 0 3 0 2 0 6 2 0 0 0 0 3 0 2 0 0 0 0 1 1 0 2 0 0 2 7 2 1 0 0 0 8 0 45 31 0 32 68 0 6 57 4 11 3 0 0 35 0 40 0 0 0 26 0 18 57 0 0 6 6 8 0 21 0 12 0 14 16 0 26 7 47 0 0 0 7 0 0 0 0 0 1 0 0 0 0 0 0 0 0 0 0 0 0 0 0 5 0 0 0 0 0 0 0 0 0 0 0 0 0 0 0 0 20 0 2 0 5 0 0 0 14 0 10 0 4 10 0 0 18 0 2 0 0 9 15 0 0 21 0 1 2 15 0 24 0 22 0 45 7 31 25 0 0 0 2 0 0 0 0 0 0 0 0 0 0 0 0 0 0 0 0 0 0 0 0 0 0 0 0 9 0 0 0 0 0 0 15 0 0 0 0 0 0 0 0 0 2 97 1 6 1 1 6 0 0 0 0 1 0 0 2 0 0 0 0 0 0 18 0 0 0 0 0 0 0 0 0 19 0 0 0 0 0 0 0 0 0 0 0 0 0 
 248 223 72 185 155 117 0 381 273 29 205 155 403 170 291 358 73 769 177 172 3 0 2 0 0 2 6 0 0 0 2 0 3 0 0 4 1 2 0 7 6 2 0 0 2 3 0 0 0 6 0 4 0 6 2 1 0 0 0 0 0 2 3 0 0 0 0 0 0 2 0 0 0 2 2 0 0 46 0 0 1 33 10 14 34 0 10 1 49 0 26 42 0 8 23 1 53 14 0 68 0 0 0 0 0 0 0 2 0 0 0 0 0 0 0 0 0 0 0 0 2 0 0 0 0 0 0 0 0 0 2 0 0 0 20 0 0 0 0 0 0 0 0 0 0 1 0 0 0 13 0 0 2 0 0 17 0 0 0 0 15 8 4 0 0 30 0 6 15 19 0 19 0 10 51 21 12 29 0 15 0 0 0 0 0 2 0 0 0 0 0 0 0 1 0 0 0 0 27 0 0 0 0 0 0 0 0 0 0 0 1 6 0 15 0 0 2 0 0 0 0 0 0 0 0 0 0 0 0 0 0 0 0 0 0 0 0 0 0 0 0 10 0 0 0 2 0 0 0 88 0 10 0 0 0 0 0 0 0 0 0 0 0 0 0 0 0 0 0 0 0 0 0 0 0 21 13 0 0 0 0 0 0 0 0 0 0 0 0 0 
 44 190 81 460 140 307 381 0 66 244 31 42 148 310 403 83 114 111 148 174 2 0 0 0 0 0 3 3 0 0 0 4 0 0 0 2 8 2 1 0 2 0 3 0 4 3 0 0 0 89 0 3 0 3 2 0 0 0 2 0 0 0 0 0 0 0 0 0 0 2 0 0 0 0 2 0 0 0 0 0 0 38 53 1 54 0 26 20 31 23 2 19 16 21 5 27 70 20 0 22 14 0 0 0 0 0 23 0 0 0 0 0 0 0 0 0 0 0 0 0 0 0 0 0 0 0 0 0 0 0 0 0 0 0 0 0 16 0 0 0 1 0 0 0 4 0 0 0 0 0 0 0 0 0 0 0 0 0 0 0 0 13 11 0 0 10 0 10 30 34 16 11 0 0 37 10 80 40 0 0 0 0 0 0 0 0 1 0 0 0 0 0 0 0 31 0 0 0 13 5 0 0 0 0 0 0 0 0 0 0 0 0 0 0 0 0 0 0 0 0 0 0 0 0 0 0 0 0 0 0 0 0 0 1 0 0 0 0 0 0 0 0 0 0 0 1 90 0 1 4 0 9 0 0 0 0 0 0 0 0 0 0 0 0 0 0 0 0 0 0 0 0 0 0 0 19 29 0 0 0 0 0 0 0 0 0 0 0 0 0 
 271 263 116 98 80 52 273 66 0 412 217 38 204 540 91 342 157 574 213 387 2 0 0 0 0 0 3 0 0 74 0 0 0 0 1 2 0 2 0 1 1 0 0 0 0 3 0 0 0 3 0 3 0 39 2 0 0 0 0 0 8 0 0 0 0 0 0 0 0 2 0 4 0 0 2 0 0 1 0 0 20 11 3 6 0 0 0 3 18 11 12 0 49 20 0 16 13 13 14 13 0 0 1 0 0 0 0 0 0 1 0 0 0 0 0 0 0 0 0 10 0 0 0 0 0 0 0 0 0 0 0 0 0 0 0 0 0 2 0 0 0 1 0 2 2 0 0 0 0 0 1 0 6 0 0 0 0 1 0 0 9 18 8 0 30 2 19 0 10 0 13 14 26 0 0 15 9 0 15 0 0 0 0 0 0 0 0 0 0 0 0 0 0 0 0 0 40 0 0 0 0 0 0 0 0 0 0 0 0 0 0 0 0 0 0 0 0 0 0 0 0 0 0 2 0 2 0 0 0 0 0 1 0 0 0 1 1 14 0 1 0 12 0 0 0 0 2 0 3 97 0 1 0 0 0 0 0 0 0 0 0 0 0 0 0 0 0 0 0 0 0 0 0 0 0 3 0 0 0 0 0 0 0 0 0 0 0 0 0 0 
 155 76 315 125 181 368 29 244 412 0 304 115 232 93 81 172 108 140 185 514 76 0 0 0 0 0 3 0 0 0 0 0 75 0 2 2 0 2 25 20 2 0 0 0 0 3 0 0 0 5 0 3 0 3 4 0 0 0 0 0 4 0 0 0 2 0 0 0 0 2 0 1 0 0 2 0 0 0 0 0 0 11 18 6 21 0 8 9 12 36 14 0 0 7 1 37 25 24 0 8 11 0 5 0 0 0 0 0 0 0 0 0 0 14 0 0 0 0 4 9 0 1 0 3 0 0 0 0 0 0 0 0 0 0 3 2 0 0 0 0 0 0 0 0 3 0 0 0 0 0 0 0 0 0 0 0 0 0 0 0 8 0 0 44 9 0 6 0 21 14 0 0 0 0 16 0 11 31 18 0 21 0 0 0 0 0 15 16 25 0 0 0 12 1 2 0 0 0 16 15 0 0 0 0 0 0 0 0 0 0 0 0 0 0 0 0 0 2 0 0 0 0 0 0 0 0 0 0 0 0 2 0 0 0 0 0 0 0 0 0 0 0 0 0 0 1 111 0 2 3 2 6 11 0 0 0 0 0 0 0 0 0 12 0 0 0 0 1 0 0 0 0 0 0 10 0 1 1 0 0 0 0 0 0 0 0 0 0 0 0 
 126 139 34 78 125 324 205 31 217 304 0 376 157 154 170 78 263 143 132 72 4 0 0 2 0 4 82 0 0 0 0 0 0 74 0 2 78 2 74 150 3 0 0 0 0 3 0 5 5 3 64 2 0 3 2 0 0 0 6 0 0 0 0 0 0 0 0 0 0 2 0 0 0 5 2 0 0 0 0 0 19 22 27 14 0 0 0 0 9 30 1 16 13 20 3 20 31 10 0 2 0 0 0 0 0 0 9 0 0 0 0 0 23 1 0 1 0 0 0 3 0 0 0 0 0 0 11 2 0 0 8 0 0 0 13 0 0 0 0 0 0 0 8 0 0 0 0 0 0 0 0 0 6 0 0 0 0 0 0 0 0 19 29 22 22 35 0 0 35 23 20 46 34 0 33 21 11 42 1 0 8 0 1 0 0 0 0 0 28 0 0 0 0 0 10 34 0 0 0 0 0 0 0 0 0 0 0 0 0 2 0 0 0 0 0 0 0 0 0 0 0 0 0 0 0 1 0 0 0 0 0 0 1 0 0 0 0 0 0 0 0 1 0 0 0 12 3 0 1 6 0 6 10 0 0 0 0 0 0 0 0 0 0 0 0 0 0 0 0 0 0 0 0 14 0 0 0 0 0 0 0 0 0 0 0 0 0 0 0 0 
 106 397 48 128 134 290 155 42 38 115 376 0 140 37 41 25 258 250 36 28 3 72 2 0 0 0 3 0 0 0 0 0 0 0 38 2 75 2 80 78 3 0 0 0 0 3 0 4 0 3 0 2 0 3 2 0 0 0 0 0 0 0 0 0 0 0 0 0 5 2 0 0 0 0 2 1 39 0 0 0 1 64 25 0 0 12 0 12 73 12 63 5 13 5 39 36 29 15 0 1 15 0 0 0 0 0 10 0 0 0 0 0 0 25 0 10 0 0 0 3 0 0 0 0 0 0 0 0 0 0 0 0 0 0 0 0 0 0 0 0 2 0 0 0 0 0 0 0 0 0 0 0 6 0 0 0 0 0 0 0 0 28 11 1 0 12 0 13 15 19 0 45 0 4 19 11 14 39 3 0 0 0 0 0 0 0 0 10 11 0 0 0 10 0 0 13 0 0 27 41 0 0 0 0 0 0 0 0 0 0 0 0 0 0 0 0 0 0 0 0 0 0 0 0 0 0 0 0 0 0 0 0 0 0 0 0 0 0 0 0 0 0 0 0 0 3 3 0 1 3 0 16 0 0 0 0 0 0 1 0 0 0 0 0 0 0 0 0 0 0 0 0 0 0 0 0 19 0 0 0 0 0 0 0 0 0 0 0 0 0 
 462 223 297 142 160 34 403 148 204 232 157 140 0 259 95 222 211 28 366 255 3 0 0 0 0 0 4 0 2 0 0 22 0 0 0 2 0 2 0 0 2 0 0 61 0 3 0 0 0 3 0 3 0 3 2 0 0 0 0 0 1 0 0 0 0 0 0 0 0 2 0 2 0 0 2 0 0 0 0 0 39 11 23 16 18 0 48 2 36 1 10 19 0 35 12 20 27 19 1 86 1 0 0 0 0 0 0 0 0 0 0 0 0 0 0 0 0 0 0 2 0 0 0 0 0 0 2 0 0 0 0 0 0 0 17 0 0 0 0 0 0 0 0 0 0 0 0 0 1 2 0 0 6 0 0 0 0 0 0 0 29 1 0 9 14 16 42 6 32 42 0 20 30 0 32 11 41 36 11 14 0 0 1 0 0 0 0 11 11 0 0 0 0 0 0 0 0 0 40 0 0 0 0 0 0 0 0 0 2 0 0 0 0 0 0 0 0 13 0 2 0 1 0 0 0 1 0 0 0 0 0 0 0 0 1 2 0 0 0 0 0 10 0 0 0 0 0 0 0 0 0 5 26 0 0 0 0 0 0 0 0 0 0 0 1 0 0 0 0 0 0 0 0 0 0 0 23 0 0 0 0 0 0 0 0 0 0 0 0 0 
 33 332 153 201 223 68 170 310 540 93 154 37 259 0 337 140 119 34 253 294 5 0 0 0 0 0 4 0 0 2 0 0 0 0 0 2 0 2 204 0 3 0 0 0 0 3 0 0 0 3 0 2 0 3 2 0 0 0 0 0 3 0 0 0 0 0 0 0 0 2 0 2 0 0 2 0 0 0 0 0 27 20 32 31 0 0 41 22 43 0 40 23 0 0 24 14 18 26 3 0 0 0 0 0 0 0 0 0 0 2 0 0 0 0 0 0 0 0 0 0 0 2 0 0 0 0 0 0 0 0 0 0 0 0 0 0 0 0 0 0 0 0 0 0 0 0 0 0 0 0 0 0 4 0 0 0 0 2 0 0 14 14 13 0 10 1 13 14 8 14 9 49 15 32 10 11 13 0 0 26 0 0 0 0 2 0 2 0 0 0 0 0 10 0 0 0 0 0 11 0 0 0 0 0 2 0 0 1 0 0 0 0 0 0 0 0 0 0 0 0 0 0 0 0 0 0 0 0 0 0 0 0 0 0 0 0 0 0 0 0 0 12 0 0 0 2 0 2 1 0 0 7 0 0 0 0 0 0 0 0 18 0 0 0 0 0 0 0 0 0 0 0 0 0 0 0 24 17 0 0 0 0 0 0 0 0 0 0 0 0 
 270 139 141 51 67 48 291 403 91 81 170 41 95 337 0 157 51 37 268 297 2 0 0 0 0 0 3 0 0 0 1 0 1 0 0 2 0 2 0 0 2 0 0 0 0 3 0 0 0 3 0 3 0 3 2 0 0 0 0 0 0 0 0 0 0 0 0 0 0 2 0 0 0 0 2 0 0 0 0 0 12 0 10 10 11 0 10 27 45 7 18 0 38 70 18 2 31 27 0 31 0 0 2 0 0 2 0 0 0 0 0 2 0 1 0 0 0 0 0 0 0 0 0 0 1 0 0 0 0 0 0 0 0 0 0 0 0 0 0 0 0 0 0 0 0 0 0 0 0 0 0 0 1 0 0 0 0 0 0 0 39 9 31 0 0 10 0 34 1 0 2 0 1 0 32 12 6 0 13 39 0 2 0 0 0 0 0 0 0 0 0 0 0 0 27 0 0 0 2 0 0 1 0 0 0 0 0 0 0 0 0 0 0 0 0 0 0 0 0 0 0 0 1 0 0 7 0 0 0 0 0 0 0 0 0 0 0 0 0 0 0 11 0 0 1 0 2 1 2 43 0 15 0 0 0 0 0 0 0 0 0 0 0 0 0 0 0 0 0 0 0 0 0 0 0 34 0 0 0 0 0 0 0 0 0 0 0 0 0 0 
 43 42 36 40 81 74 358 83 342 172 78 25 222 140 157 0 61 124 164 214 5 0 0 0 0 0 77 75 0 4 0 1 74 112 0 2 0 2 0 77 3 0 0 0 0 3 0 0 0 3 0 2 0 25 2 0 0 0 0 0 3 0 0 0 0 0 0 0 0 2 0 3 0 0 2 0 2 0 0 0 9 1 24 48 13 36 0 16 52 0 17 14 13 51 1 0 54 2 0 25 14 10 0 0 0 0 12 0 0 0 1 0 0 17 0 0 0 0 13 6 0 0 0 0 0 0 0 0 0 11 0 0 0 0 21 0 0 0 0 0 0 0 0 0 11 0 0 0 0 0 0 0 0 0 0 0 0 0 0 0 1 30 27 51 9 4 0 0 11 14 20 0 24 0 16 0 16 20 0 0 10 0 0 0 0 0 32 0 19 0 0 0 10 0 0 11 0 0 0 10 0 0 0 0 0 0 0 0 0 0 0 0 0 0 0 0 0 0 0 0 0 0 0 0 0 12 0 0 9 0 0 0 0 0 0 0 0 0 0 0 0 2 0 0 0 2 87 1 17 5 17 7 13 0 0 0 1 0 0 0 0 0 0 0 0 0 0 0 0 0 0 0 0 0 0 0 0 21 0 0 17 0 0 13 0 0 0 0 0 0 
 53 44 133 226 320 148 73 114 157 108 263 258 211 119 51 61 0 153 16 28 3 0 0 0 0 0 3 0 0 0 0 0 73 0 0 4 0 4 0 5 3 0 0 0 3 3 0 5 0 48 1 2 0 3 2 0 0 0 0 0 7 0 0 0 0 0 35 0 0 2 0 3 0 0 2 5 0 0 0 0 18 50 30 27 64 0 19 24 14 24 33 74 0 22 28 43 2 12 0 5 0 0 0 0 0 0 6 0 0 0 0 0 0 1 1 0 0 0 14 0 0 0 0 2 0 0 0 0 9 2 0 0 0 0 3 0 0 0 0 1 0 0 0 0 0 0 0 0 0 0 0 0 6 0 0 0 1 0 0 0 5 11 28 58 0 30 15 1 20 59 27 28 0 9 17 20 0 58 9 7 0 0 0 0 0 0 2 0 0 0 0 0 10 0 0 0 0 0 25 0 0 0 0 1 0 0 0 0 0 0 0 1 0 0 0 0 0 0 0 0 0 0 0 0 0 0 0 0 0 0 0 0 0 0 0 0 0 0 0 0 0 0 0 0 0 1 1 0 2 1 0 9 9 0 0 0 0 0 0 0 0 0 0 0 0 0 0 0 0 0 0 0 0 0 0 0 4 0 0 0 0 0 0 0 0 0 0 0 0 0 
 26 611 141 114 203 160 769 111 574 140 143 250 28 34 37 124 153 0 247 274 3 0 0 0 0 4 23 0 0 0 0 0 4 1 1 4 0 4 165 17 3 0 0 0 0 3 0 0 0 32 0 2 0 3 2 0 0 0 0 0 0 0 0 0 0 0 0 0 0 2 37 0 0 0 2 0 0 0 0 0 0 8 0 18 1 15 0 22 0 33 18 21 0 8 8 28 0 28 0 0 1 13 11 0 0 0 35 0 0 0 0 0 0 26 0 0 0 0 8 9 0 0 0 0 0 0 0 0 0 0 0 2 0 0 0 0 0 0 0 0 0 0 0 0 1 0 0 0 0 0 0 0 1 0 0 0 0 0 0 0 0 0 10 15 17 16 0 11 0 8 12 3 0 0 0 11 26 10 0 0 33 1 0 0 0 0 26 0 9 0 0 0 0 0 13 1 0 0 10 0 0 0 1 0 0 0 0 0 0 0 0 0 0 0 0 0 0 0 0 0 0 2 0 10 0 0 0 0 0 0 0 0 0 0 0 1 0 0 1 0 0 0 0 0 2 5 4 1 89 13 15 21 0 0 0 0 0 0 0 0 0 0 14 0 0 0 0 0 0 0 0 0 0 0 0 0 0 0 0 0 0 0 0 0 0 0 0 0 0 0 
 135 157 133 163 66 59 177 148 213 185 132 36 366 253 268 164 16 247 0 364 3 0 0 0 3 0 3 0 0 0 0 2 1 2 1 2 0 2 2 0 3 6 0 0 2 2 6 4 0 2 0 5 0 9 2 4 0 0 0 0 0 0 4 0 0 4 0 1 6 2 0 0 1 4 4 0 1 4 3 0 42 1 0 0 9 0 36 26 33 9 6 1 24 24 13 30 15 11 9 27 0 0 0 0 0 1 0 0 0 0 0 1 0 0 0 0 0 0 0 0 0 0 0 0 2 0 0 0 0 0 0 2 0 0 0 0 0 0 0 0 0 0 0 0 0 0 0 0 0 0 0 0 7 0 0 0 0 0 0 0 16 20 11 0 11 4 0 15 7 1 1 16 64 0 0 13 21 1 1 50 0 1 0 0 0 0 0 0 0 0 0 0 0 0 0 0 0 0 0 0 0 0 1 0 0 0 0 16 0 0 0 0 0 0 0 0 0 0 0 0 0 0 1 0 0 0 0 0 0 0 0 0 0 0 0 0 0 0 0 0 0 2 0 0 2 1 1 0 2 0 0 5 0 0 0 0 1 0 0 0 0 0 0 0 0 0 0 0 0 0 0 0 0 0 0 0 1 0 0 0 0 0 0 0 0 2 0 0 0 0 
 374 69 362 148 98 50 172 174 387 514 72 28 255 294 297 214 28 274 364 0 3 0 1 0 0 0 2 4 2 0 0 0 0 2 73 2 2 2 0 0 3 0 0 0 0 3 0 0 0 3 0 2 0 3 2 0 0 36 5 0 0 0 0 0 0 0 0 0 0 2 0 0 0 0 2 0 0 0 1 0 43 18 3 0 7 1 12 10 23 0 5 0 44 24 0 0 17 3 69 19 0 0 0 0 0 0 0 0 14 0 0 0 0 0 0 0 0 0 0 0 0 0 0 0 0 0 0 0 0 0 0 0 0 0 0 0 0 12 0 0 0 0 0 0 0 0 0 0 0 0 0 0 2 0 0 0 0 0 0 0 1 26 0 0 0 1 0 20 0 0 10 0 21 28 5 16 20 1 11 0 0 0 0 0 0 0 0 0 11 0 0 0 0 0 0 0 0 0 0 0 0 0 0 0 0 0 0 0 0 0 0 0 0 0 0 0 0 0 0 0 0 0 0 0 0 0 0 0 0 0 0 0 0 0 0 0 0 0 0 1 0 9 0 0 0 0 0 2 0 0 0 7 0 0 0 0 0 0 0 0 0 0 0 0 0 0 0 0 0 0 0 0 0 0 0 0 0 0 0 0 0 0 0 0 0 0 0 0 0 5 
 3 5 4 3 3 78 3 2 2 76 4 3 3 5 2 5 3 3 3 3 0 284 246 259 32 53 60 162 196 46 62 279 178 208 108 116 30 407 253 34 62 2 0 0 3 0 0 0 4 1 0 0 36 0 2 0 0 0 0 0 0 0 0 0 3 0 4 3 0 0 44 0 0 2 0 3 0 0 0 7 0 0 0 14 0 10 0 0 0 0 0 0 1 0 0 1 0 0 0 0 6 17 29 37 0 11 19 7 6 0 7 43 64 13 15 20 0 0 10 12 0 0 0 0 0 0 0 0 0 0 0 0 0 0 0 0 0 0 0 0 0 0 0 0 0 5 0 0 0 0 0 0 0 0 0 4 0 0 0 0 7 0 0 0 13 24 0 0 0 0 0 0 0 0 0 5 0 0 0 0 4 21 9 27 2 0 0 0 0 58 12 1 2 44 27 15 10 10 0 8 0 0 0 0 0 0 0 0 0 0 0 0 17 0 0 0 0 0 11 0 0 0 0 2 0 0 0 0 0 0 0 0 0 0 0 0 0 0 0 0 0 0 0 0 0 0 24 0 0 0 0 0 0 0 9 0 2 91 0 2 3 0 13 0 0 2 11 0 0 0 0 0 0 0 0 0 0 0 0 0 0 12 0 0 0 0 0 0 0 0 
 0 0 1 1 0 212 0 0 0 0 0 72 0 0 0 0 0 0 0 0 284 0 193 64 47 37 599 256 52 66 149 155 138 58 168 173 290 228 55 51 0 0 0 0 0 0 0 0 4 0 0 0 0 0 0 0 5 0 0 0 0 0 0 0 0 0 3 0 0 11 0 0 0 0 0 3 0 0 0 0 0 0 0 0 0 8 0 0 0 0 0 0 0 0 1 0 0 0 0 1 10 0 0 16 10 0 21 0 0 31 29 17 10 24 11 44 11 0 11 0 10 0 0 0 0 0 0 10 0 1 0 0 0 14 0 12 0 0 17 26 0 0 0 0 0 0 0 0 0 0 2 0 0 0 0 3 0 0 0 0 0 0 0 0 0 5 0 0 0 0 0 0 0 0 0 0 0 0 0 0 0 30 15 18 8 0 12 28 22 0 10 0 48 29 32 17 0 46 0 17 0 0 0 0 0 0 18 0 0 0 0 0 31 0 0 0 0 0 31 0 0 0 0 0 0 0 0 0 0 0 0 0 0 0 0 0 2 0 0 0 0 0 2 0 0 0 0 0 0 0 0 0 0 2 11 0 0 1 0 2 0 14 0 0 0 0 0 0 0 0 0 0 0 0 0 0 0 0 0 0 0 11 0 0 0 0 0 0 0 0 
 0 0 0 0 0 0 2 0 0 0 0 2 0 0 0 0 0 0 0 1 246 193 0 147 51 32 51 362 139 67 120 186 85 93 294 72 264 133 50 142 0 0 0 0 0 1 0 0 3 1 0 2 0 0 0 0 2 1 25 0 0 0 0 0 0 0 3 0 0 4 0 0 0 0 0 5 1 0 0 0 0 0 0 0 0 5 0 0 0 0 0 0 0 0 0 0 0 0 0 0 1 11 3 0 34 0 9 0 10 29 22 2 8 25 14 14 26 0 0 15 19 0 0 1 0 0 0 10 0 0 0 0 0 11 0 0 0 0 10 16 0 0 0 2 8 0 0 0 0 0 0 0 0 0 0 3 0 0 0 0 0 0 2 0 0 1 0 28 6 0 0 1 2 0 0 0 0 0 0 0 15 21 0 30 31 0 1 10 6 0 34 1 1 51 50 1 0 22 14 22 0 0 0 0 0 0 7 0 0 0 0 0 34 1 0 0 0 0 13 0 0 0 0 0 0 0 0 0 0 0 0 0 0 0 0 0 0 0 0 0 0 0 0 0 0 0 8 0 0 0 0 0 0 0 5 0 2 7 0 0 23 15 0 0 0 0 0 0 0 0 0 0 0 0 0 0 0 0 0 0 0 14 0 0 0 0 0 0 0 0 
 0 2 3 75 0 0 0 0 0 0 2 0 0 0 0 0 0 0 0 0 259 64 147 0 231 689 95 78 187 117 256 127 76 105 350 384 36 226 285 288 1 0 0 0 0 4 0 63 23 0 67 0 0 0 62 0 0 0 47 21 0 2 0 0 0 0 3 0 1 7 0 0 0 0 0 5 0 0 0 0 0 0 0 0 0 2 0 0 0 0 0 0 0 0 0 0 0 0 0 0 0 1 27 53 25 25 0 2 61 21 18 12 0 0 7 0 10 22 0 0 14 27 0 13 0 0 22 13 0 12 0 0 28 5 35 0 0 0 10 9 0 4 0 0 0 2 0 0 0 0 0 0 0 0 1 0 0 0 0 0 0 4 6 0 0 0 0 0 0 0 0 0 0 0 0 0 2 0 0 0 21 10 4 31 7 43 0 11 13 0 5 35 0 0 0 0 0 28 0 0 1 0 0 0 0 0 23 0 21 17 0 0 20 52 12 0 0 0 21 14 0 0 0 0 0 0 0 0 0 0 1 0 0 0 0 14 0 0 0 0 0 0 0 0 0 0 0 0 0 0 0 0 0 0 12 0 0 4 44 1 1 0 0 0 0 0 0 0 0 0 0 2 0 0 0 0 0 0 0 0 0 0 0 0 0 0 0 0 0 0 
 0 0 0 1 0 24 0 0 0 0 0 0 0 0 0 0 0 0 3 0 32 47 51 231 0 242 258 91 255 174 338 132 89 297 152 127 240 142 70 148 0 0 0 0 4 1 26 0 5 0 0 7 0 62 5 0 0 0 36 0 0 5 0 0 0 0 3 0 0 0 0 0 0 4 4 3 26 4 6 0 1 0 0 0 0 0 0 0 0 0 0 0 0 0 2 0 0 0 0 0 0 0 9 15 1 16 0 2 10 0 8 38 0 0 15 0 1 9 0 0 14 11 0 2 0 20 11 9 0 5 0 0 40 0 12 2 0 0 11 11 0 0 0 0 0 3 0 0 0 0 0 0 0 0 0 0 0 0 0 0 0 3 5 1 0 0 0 4 2 0 0 0 0 0 0 0 0 0 0 0 0 1 0 19 20 33 0 3 0 0 46 21 0 0 0 0 0 13 0 0 26 0 11 0 0 0 11 0 0 27 0 0 3 39 24 0 10 2 59 59 2 0 0 0 0 0 0 0 0 0 0 0 0 0 0 0 1 0 0 0 0 0 0 0 0 0 0 0 0 0 0 0 0 0 16 3 2 87 78 2 0 0 0 0 0 0 0 0 0 0 0 0 0 0 0 0 0 0 0 1 0 0 0 0 0 0 0 0 0 0 
 0 0 0 4 1 0 2 0 0 0 4 0 0 0 0 0 0 4 0 0 53 37 32 689 242 0 66 27 74 154 164 117 30 72 133 159 126 192 76 59 0 0 0 0 0 0 0 63 3 0 0 2 0 0 62 0 70 0 187 76 0 2 8 0 0 0 2 0 0 0 0 0 0 3 0 9 0 0 0 0 0 0 0 0 0 2 0 0 0 0 0 0 0 0 0 0 0 0 0 0 14 0 13 33 23 35 0 13 12 18 22 20 0 0 43 0 0 40 0 0 29 10 1 18 0 0 10 0 26 9 8 0 14 17 8 14 1 0 9 20 0 3 0 0 0 2 0 0 0 0 0 0 0 0 8 0 0 0 1 0 0 4 6 0 0 0 0 0 1 0 0 0 0 0 0 0 2 0 0 0 0 0 28 22 0 33 0 38 0 15 14 29 0 0 0 0 30 14 0 0 19 0 11 0 0 0 9 0 19 0 0 0 7 33 0 0 0 12 9 10 0 0 0 0 0 0 15 0 0 0 1 0 0 0 0 0 0 0 0 0 0 0 17 0 0 0 1 0 0 0 0 0 0 0 8 0 1 160 2 2 5 0 0 0 0 0 0 0 0 0 0 2 0 0 0 0 0 0 0 17 0 0 0 0 0 18 9 0 0 0 
 2 36 3 5 2 88 6 3 3 3 82 3 4 4 3 77 3 23 3 2 60 599 51 95 258 66 0 212 49 202 248 26 107 295 268 126 126 38 66 522 1 0 0 0 2 3 0 0 3 1 0 0 0 0 0 5 0 31 0 1 4 0 0 0 0 0 3 0 2 0 0 0 0 0 0 3 0 0 0 0 0 0 0 0 0 65 0 0 0 0 0 0 0 0 0 0 0 0 0 0 24 41 15 16 0 1 24 19 21 1 11 0 15 24 0 24 24 16 81 97 0 0 0 0 0 0 0 0 0 0 1 2 0 0 0 0 0 0 19 0 0 0 0 0 0 0 0 0 0 0 0 0 0 0 0 0 0 0 0 0 0 0 0 21 12 7 0 0 0 0 17 0 0 0 0 0 0 0 0 0 28 12 8 1 0 0 33 12 8 8 13 10 4 15 5 19 7 4 40 16 0 0 0 0 0 0 0 0 0 0 0 0 0 0 0 0 2 0 0 0 0 0 0 0 0 0 0 0 0 0 0 0 0 0 0 0 0 2 0 0 0 0 0 0 0 0 2 0 75 0 17 0 0 0 16 0 0 0 86 0 0 0 0 1 0 0 0 0 0 0 0 0 0 0 0 0 0 0 0 0 0 9 0 0 0 0 0 0 0 0 
 0 0 3 0 0 285 0 3 0 0 0 0 0 0 0 75 0 0 0 4 162 256 362 78 91 27 212 0 385 211 246 38 441 257 318 271 297 314 77 42 0 0 0 2 0 0 0 0 3 1 0 1 0 0 0 4 0 2 2 0 0 0 0 0 0 0 3 0 0 0 0 0 0 0 0 3 0 0 0 3 0 0 0 0 0 23 0 0 0 0 0 0 0 0 0 0 0 0 0 0 110 64 15 26 0 0 21 66 24 0 10 11 12 20 21 34 15 15 11 39 0 0 0 0 0 0 0 1 0 0 0 0 5 0 0 0 0 0 0 0 0 0 0 0 0 3 0 0 0 0 0 0 0 0 0 18 0 0 0 0 0 0 0 0 0 4 0 0 0 0 0 0 0 0 0 0 0 0 0 0 28 36 15 15 0 0 20 21 17 29 98 15 22 0 49 18 16 28 32 30 0 0 0 15 0 0 8 0 0 0 0 0 7 0 0 0 0 0 10 0 0 0 0 0 0 0 0 0 0 0 0 0 0 0 0 0 0 0 0 0 0 0 1 0 0 0 0 0 0 0 0 0 0 0 11 2 0 158 1 2 0 2 0 0 0 0 3 0 0 0 0 0 0 0 0 0 0 0 0 22 0 35 0 0 0 25 0 0 0 0 
 0 1 0 0 0 39 0 0 0 0 0 0 2 0 0 0 0 0 0 2 196 52 139 187 255 74 49 385 0 113 108 254 115 192 95 181 81 189 106 97 0 0 0 0 0 1 0 0 5 0 0 0 2 2 0 2 44 1 99 0 0 2 0 9 0 0 3 0 0 0 0 2 56 0 0 3 52 1 0 5 0 0 6 0 0 6 0 0 0 0 0 0 0 1 0 0 0 0 0 0 21 0 36 38 6 13 8 11 17 0 1 48 0 0 14 0 7 15 0 16 30 1 0 0 0 0 0 0 0 1 0 0 0 15 0 0 0 0 24 30 0 0 0 1 0 4 0 0 0 0 0 0 0 0 0 0 0 0 0 0 0 0 5 0 0 0 0 8 10 0 0 0 0 0 0 0 0 0 0 0 0 0 34 15 23 35 0 0 15 7 25 12 0 0 16 0 4 4 0 17 0 0 0 0 0 0 12 0 0 0 0 0 48 16 0 0 0 0 27 0 0 0 0 0 0 0 0 0 0 0 0 0 0 0 0 0 0 0 0 0 0 0 0 0 0 0 0 0 0 0 0 0 0 0 14 0 2 47 1 2 22 2 0 0 0 0 6 0 0 0 0 0 0 52 0 0 0 0 0 0 0 13 0 0 0 0 0 0 0 0 
 0 0 0 0 0 56 0 0 74 0 0 0 0 2 0 4 0 0 0 0 46 66 67 117 174 154 202 211 113 0 180 60 120 208 163 192 264 70 149 202 0 0 0 0 0 0 71 0 3 0 0 0 0 96 3 4 0 0 0 0 0 6 6 0 0 0 3 3 0 0 0 0 38 0 0 3 0 0 10 0 0 0 0 0 0 1 0 0 0 0 1 0 0 0 0 0 0 0 10 0 20 27 20 25 11 1 12 17 15 39 7 8 30 0 11 10 30 24 10 1 0 11 0 0 0 0 13 0 0 0 1 2 29 0 0 47 0 0 23 0 0 0 0 0 0 0 0 0 0 0 12 0 0 0 0 0 0 0 0 0 0 0 0 0 0 5 0 0 0 0 0 0 0 0 0 0 0 0 0 0 14 21 13 30 0 10 23 37 8 20 22 34 10 14 10 0 20 10 7 0 0 0 0 0 0 0 0 0 0 0 0 0 0 0 10 0 2 0 12 13 0 0 0 0 0 0 0 0 0 0 0 0 0 0 0 0 0 0 0 0 0 0 1 0 0 0 0 0 0 0 0 0 0 0 12 2 3 83 43 2 0 20 0 0 0 0 0 0 0 0 0 0 0 0 0 0 0 0 0 17 0 13 0 0 0 18 10 0 0 0 
 0 0 0 0 0 3 2 0 0 0 0 0 0 0 1 0 0 0 0 0 62 149 120 256 338 164 248 246 108 180 0 71 268 62 177 241 165 171 39 70 0 0 0 87 0 0 63 63 3 0 0 0 0 0 0 14 0 0 61 0 0 4 0 0 0 0 2 0 0 0 0 0 0 1 27 3 1 0 0 0 0 0 0 0 0 0 0 0 0 0 0 0 0 0 14 0 0 0 2 0 0 0 20 21 66 17 0 0 20 29 10 19 0 0 33 15 0 30 0 1 69 0 1 18 2 1 0 11 1 14 0 0 1 12 12 2 2 0 13 10 0 0 0 0 0 0 0 0 0 0 6 0 0 0 0 0 0 0 0 0 0 11 7 0 0 0 0 0 0 0 0 0 0 0 30 0 0 0 0 0 0 0 0 15 8 12 0 0 1 15 8 25 0 18 0 0 13 19 0 0 0 0 19 1 2 1 8 0 24 0 0 2 9 36 5 1 0 2 27 0 0 2 21 2 0 1 2 2 2 2 1 1 1 2 2 2 0 1 2 4 2 0 20 0 0 0 0 0 0 0 0 0 0 0 7 0 1 0 79 1 4 0 0 0 0 0 0 0 0 0 2 0 0 0 0 0 0 0 0 0 0 0 0 2 4 0 0 0 0 2 
 0 3 3 0 0 0 0 4 0 0 0 0 22 0 0 1 0 0 2 0 279 155 186 127 132 117 26 38 254 60 71 0 58 397 142 479 91 227 25 239 3 3 0 61 0 0 0 1 3 2 3 0 0 1 62 0 118 0 149 0 0 2 4 0 0 0 2 0 0 2 0 0 0 0 0 8 9 0 0 0 0 0 0 0 0 0 0 0 0 0 0 0 5 0 0 0 0 0 0 0 0 19 29 47 53 26 0 18 27 12 1 27 0 9 32 14 17 14 0 0 7 12 0 0 0 0 6 0 11 0 7 0 0 11 0 12 13 0 9 16 0 0 0 0 0 2 0 0 0 0 0 0 8 0 0 3 0 0 0 0 0 0 0 0 0 0 0 9 6 0 10 0 0 0 0 0 0 0 0 0 0 3 17 7 17 0 0 0 13 8 19 0 0 0 10 0 0 30 0 0 0 0 11 0 0 0 27 0 0 0 0 0 25 21 0 0 0 0 23 10 0 0 0 0 0 0 0 0 0 0 0 0 0 0 0 0 0 0 0 0 0 0 0 0 0 0 0 0 0 0 0 0 0 0 21 0 0 157 2 2 26 0 0 0 0 0 0 0 0 0 0 0 0 0 0 0 0 0 0 0 0 8 0 0 0 0 9 0 0 0 
 0 3 0 0 0 81 3 0 0 75 0 0 0 0 1 74 73 4 1 0 178 138 85 76 89 30 107 441 115 120 268 58 0 93 125 137 66 50 163 117 10 3 2 0 8 1 0 3 3 3 5 0 0 7 2 4 3 0 0 0 2 7 4 0 0 3 6 0 0 2 0 3 0 6 3 9 7 2 0 6 0 27 14 48 0 21 0 0 1 0 1 3 2 0 1 1 0 0 0 0 24 18 45 24 0 0 24 11 27 0 9 0 30 19 0 10 1 16 49 35 0 0 0 0 0 0 0 0 0 0 0 0 0 0 0 0 0 0 0 0 0 0 0 0 1 0 0 0 0 0 0 0 0 0 3 0 0 0 2 0 0 10 6 11 4 6 0 0 0 0 0 14 0 1 0 0 0 0 0 0 8 12 16 0 1 0 53 13 0 35 1 16 10 49 8 20 0 7 12 24 15 0 0 0 0 0 0 0 0 0 0 0 0 0 2 0 0 0 0 0 0 0 0 0 0 0 0 0 0 0 1 0 0 0 0 0 0 0 0 0 0 0 0 0 0 0 52 0 73 0 13 0 0 0 8 0 2 0 0 0 0 2 13 0 0 0 2 0 0 0 0 0 0 0 1 0 0 0 0 0 0 0 0 0 0 0 0 0 0 0 
 2 2 11 0 0 75 0 0 0 0 74 0 0 0 0 112 0 1 2 2 208 58 93 105 297 72 295 257 192 208 62 397 93 0 407 415 124 35 104 188 0 0 0 0 0 0 4 7 3 0 0 0 1 0 0 2 0 0 0 1 0 1 0 0 0 0 2 0 0 0 1 0 0 0 0 3 0 0 2 0 0 0 0 0 0 9 0 0 0 2 0 0 0 0 0 0 0 0 0 0 9 15 2 0 8 9 9 22 16 70 0 0 19 30 30 20 24 12 0 15 0 0 0 0 0 0 0 0 0 3 0 0 0 0 0 2 0 0 17 8 0 0 0 0 0 0 1 0 2 0 0 0 0 0 0 3 0 0 0 0 0 0 0 0 19 14 0 0 0 0 3 0 0 0 0 2 0 0 0 0 29 30 11 0 12 0 0 0 40 0 23 10 11 15 31 11 10 8 13 2 0 0 0 0 1 0 11 0 0 0 0 0 12 0 0 0 0 0 11 0 0 0 0 0 0 0 0 0 0 0 0 0 0 2 0 1 0 0 0 0 0 0 0 0 0 0 0 0 1 0 0 0 0 0 6 2 0 1 75 2 1 13 0 0 0 0 9 0 0 0 0 0 0 0 0 0 0 0 0 0 0 20 0 0 0 0 0 0 0 0 
 2 0 81 0 0 5 0 0 1 2 0 38 0 0 0 0 0 1 1 73 108 168 294 350 152 133 268 318 95 163 177 142 125 407 0 169 77 84 294 538 0 0 0 0 0 0 0 0 3 2 0 0 0 0 0 0 0 0 86 0 0 2 0 0 0 0 3 41 0 3 0 15 0 0 0 3 0 0 0 0 0 0 0 0 0 24 0 0 0 0 0 0 0 0 0 0 0 0 0 0 0 21 35 24 20 19 1 30 27 26 6 0 4 0 17 0 30 13 23 20 0 0 0 0 0 0 0 0 0 0 0 0 10 10 0 2 1 0 11 3 0 0 0 0 0 0 1 0 2 0 0 0 0 0 0 0 0 0 0 0 0 0 0 0 9 0 0 3 2 0 31 0 0 0 0 2 0 0 0 0 10 25 0 23 20 13 26 11 0 1 0 28 49 19 2 10 21 13 0 9 0 0 0 0 1 0 14 0 0 0 0 0 18 19 0 0 0 0 1 0 0 0 0 0 0 0 0 0 0 0 0 0 0 2 0 0 0 0 0 0 0 0 0 0 0 0 75 0 0 0 0 0 0 0 20 2 2 1 0 2 21 2 0 0 0 0 1 0 0 0 0 0 0 0 0 0 0 18 0 0 0 0 0 0 0 0 0 0 0 0 
 3 4 4 2 2 2 4 2 2 2 2 2 2 2 2 2 4 4 2 2 116 173 72 384 127 159 126 271 181 192 241 479 137 415 169 0 295 302 195 133 3 0 0 0 0 0 0 0 4 0 0 0 0 0 0 0 0 0 3 0 0 1 0 0 0 0 3 0 0 5 0 0 0 0 0 6 0 0 29 0 0 0 0 0 0 0 0 0 0 1 0 0 0 0 0 0 0 0 0 0 0 23 11 0 24 33 0 15 0 36 13 21 9 0 29 0 29 0 1 0 11 0 0 0 0 0 0 19 0 0 0 0 0 13 1 1 0 0 41 21 0 0 0 0 0 0 2 0 0 0 0 0 0 0 0 24 17 0 0 0 14 0 0 0 0 0 0 0 0 0 15 0 0 0 0 3 0 0 0 0 15 32 22 12 22 0 0 27 10 22 2 1 0 26 2 0 0 26 0 0 0 0 0 0 2 0 23 0 0 0 0 51 14 15 0 0 0 0 0 0 0 0 0 0 0 0 0 0 0 0 0 0 0 0 0 2 0 0 0 0 0 0 0 0 0 0 0 0 0 0 0 0 0 0 6 2 0 0 0 1 0 3 0 0 0 0 0 0 0 0 0 0 0 0 0 0 0 0 0 0 0 0 0 0 0 0 0 0 0 0 
 0 1 3 0 1 124 1 8 0 0 78 75 0 0 0 0 0 0 0 2 30 290 264 36 240 126 126 297 81 264 165 91 66 124 77 295 0 142 40 35 0 0 3 0 6 0 29 0 6 1 22 0 0 63 0 0 0 0 68 3 0 5 0 0 0 0 3 0 0 1 0 0 0 0 0 33 0 0 0 0 0 0 1 0 0 0 0 0 0 0 0 0 0 0 0 0 0 0 0 0 22 12 9 0 12 23 0 40 52 0 4 19 1 8 0 4 22 0 0 38 34 1 0 0 0 0 0 9 0 0 0 0 12 0 0 1 0 0 23 6 0 4 0 0 1 0 0 0 0 0 0 10 0 0 7 0 0 0 0 0 0 0 3 0 0 0 0 3 1 0 0 0 0 0 0 0 0 0 0 0 18 34 7 3 15 8 0 14 0 8 30 31 0 0 8 0 7 1 55 8 18 0 0 0 0 0 6 0 0 0 0 0 10 14 13 0 0 10 19 0 0 0 0 0 0 0 0 0 0 0 0 0 0 0 0 0 0 0 0 0 0 0 1 0 0 0 0 0 0 0 0 0 0 0 14 1 2 74 11 1 13 0 0 0 0 0 0 0 0 0 0 0 0 0 0 0 0 0 0 15 0 15 0 0 0 12 0 0 0 0 
 2 2 3 2 4 3 2 2 2 2 2 2 2 2 2 2 4 4 2 2 407 228 133 226 142 192 38 314 189 70 171 227 50 35 84 302 142 0 36 130 3 3 0 0 0 0 1 3 5 1 3 0 3 0 0 2 35 0 0 2 0 0 0 0 0 0 3 0 0 6 0 0 0 8 0 3 0 0 0 0 0 0 0 3 0 0 0 0 0 1 0 0 0 0 0 0 0 0 0 0 1 2 0 8 4 0 21 0 0 33 38 29 0 13 25 25 4 1 0 0 44 2 0 0 2 0 0 2 0 0 0 0 0 19 19 0 0 0 11 10 0 0 0 0 0 0 0 0 0 17 0 0 0 0 0 16 2 0 0 0 0 1 9 0 0 2 0 6 3 0 0 0 0 0 2 0 0 0 0 0 10 16 8 38 8 6 19 0 16 14 60 14 0 13 23 0 1 51 0 11 0 0 0 0 0 0 14 0 0 0 0 0 39 23 0 0 0 0 15 0 0 0 0 0 0 0 0 0 0 0 13 0 0 0 0 15 0 0 0 0 0 0 38 0 0 2 0 0 0 0 0 0 0 0 15 1 0 0 77 0 2 30 0 0 0 0 0 0 0 0 1 0 0 0 0 0 0 0 0 0 0 25 0 0 0 0 0 0 0 0 
 0 76 0 74 53 3 0 1 0 25 74 80 0 204 0 0 0 165 2 0 253 55 50 285 70 76 66 77 106 149 39 25 163 104 294 195 40 36 0 399 0 0 0 0 0 2 0 0 3 2 0 0 0 0 0 0 0 0 0 0 0 0 0 0 0 0 3 0 8 0 0 0 0 0 0 50 0 0 0 0 0 0 0 5 1 0 0 1 0 27 13 0 0 0 1 15 0 19 0 6 0 16 14 0 0 10 11 10 1 13 0 0 16 13 1 7 8 0 5 0 0 0 7 0 0 0 44 0 0 0 0 0 0 0 0 0 0 0 0 0 0 0 0 0 0 0 0 0 0 0 0 0 0 0 0 0 0 0 0 0 0 0 0 0 35 14 0 1 0 0 0 0 0 0 0 5 20 0 0 0 28 20 15 18 0 0 13 22 7 28 0 0 10 83 1 36 0 1 0 0 0 0 0 0 0 0 0 0 0 10 0 0 0 0 0 0 0 0 6 0 0 0 0 0 0 0 0 0 0 0 6 0 0 0 0 0 0 0 0 0 0 0 0 0 0 0 73 0 0 0 0 0 0 0 10 0 1 0 0 2 1 12 10 0 0 0 0 0 0 0 0 0 0 0 0 0 0 0 0 0 0 0 0 0 0 0 0 0 0 0 
 1 0 3 74 1 3 7 0 1 20 150 78 0 0 0 77 5 17 0 0 34 51 142 288 148 59 522 42 97 202 70 239 117 188 538 133 35 130 399 0 0 0 0 0 5 3 0 0 7 4 0 3 4 0 3 6 0 0 0 6 0 2 3 0 0 2 3 0 1 3 1 1 0 2 0 3 0 0 0 1 0 0 0 0 0 19 0 0 0 2 0 0 0 0 0 11 0 0 0 0 12 32 18 0 0 0 18 21 16 2 0 1 36 35 9 11 26 0 7 40 0 0 0 1 0 0 0 0 0 0 0 0 0 0 0 1 2 0 0 0 0 0 0 0 0 0 2 0 1 0 0 0 0 0 0 0 0 0 0 0 0 0 0 16 35 1 0 0 0 0 14 2 0 0 0 1 0 0 15 0 37 41 4 1 0 0 13 13 40 4 10 0 9 11 2 15 0 0 17 1 0 0 0 0 2 0 0 0 0 0 0 0 1 0 0 0 0 0 0 0 0 0 0 2 0 0 0 0 0 0 0 0 0 0 0 0 0 0 0 0 0 0 1 0 0 0 0 0 76 0 16 0 0 0 19 0 2 0 2 2 1 0 0 0 0 0 0 0 0 0 0 0 0 1 0 0 0 0 0 0 0 15 0 0 0 0 0 0 0 0 
 3 4 2 2 3 3 6 2 1 2 3 3 2 3 2 3 3 3 3 3 62 0 0 1 0 0 1 0 0 0 0 3 10 0 0 3 0 3 0 0 0 395 184 63 72 42 582 149 163 310 45 311 324 71 326 167 129 413 63 50 0 2 203 0 0 203 0 0 1 0 0 0 0 1 0 5 4 0 4 0 0 0 0 0 0 0 0 0 0 0 38 0 0 0 0 0 0 0 0 0 0 0 0 0 0 0 0 0 0 0 0 18 0 0 0 0 0 0 0 0 21 0 24 10 1 0 1 1 21 3 13 0 0 41 9 23 37 9 0 0 0 0 3 0 0 0 16 0 0 0 0 0 0 4 11 0 9 0 0 16 0 0 0 0 0 0 0 0 0 0 0 12 0 0 0 0 0 0 0 0 0 0 0 0 0 0 0 0 0 0 0 0 0 0 0 0 0 0 0 0 28 2 11 14 10 13 15 13 0 57 8 2 19 4 43 17 1 34 36 38 0 0 0 3 1 0 0 0 0 0 1 1 8 4 2 4 0 1 4 5 0 0 0 0 0 0 0 0 0 0 0 13 0 0 0 0 0 0 0 14 0 0 2 66 0 2 2 1 2 0 0 0 0 0 0 0 0 0 0 0 0 0 0 0 12 9 0 0 1 0 
 0 0 2 0 0 0 2 0 0 0 0 0 0 0 0 0 0 0 6 0 2 0 0 0 0 0 0 0 0 0 0 3 3 0 0 0 0 3 0 0 395 0 183 68 104 18 119 89 101 99 144 37 296 127 138 64 49 31 78 113 0 1 0 0 204 0 0 0 4 0 0 0 258 0 0 0 0 1 52 6 0 0 0 0 0 0 0 0 0 0 0 0 0 0 8 0 0 0 0 0 0 0 0 0 0 0 0 0 0 0 0 0 0 0 0 0 0 0 0 0 9 42 14 6 0 9 7 13 0 20 33 50 24 0 8 81 42 7 0 11 0 0 0 0 0 0 42 0 0 0 0 0 18 14 0 0 0 0 52 11 0 0 0 0 0 0 0 0 18 0 0 0 0 0 0 0 0 0 0 0 0 0 0 0 0 3 0 0 0 0 0 0 0 0 0 0 0 0 0 0 5 23 4 24 0 8 12 19 8 20 16 36 0 18 11 20 48 6 0 1 0 0 0 0 0 0 0 0 0 0 1 0 31 0 10 0 5 0 26 0 0 0 0 0 0 0 0 0 0 0 0 10 0 2 0 0 0 0 0 2 0 0 0 0 2 2 0 0 0 0 0 0 0 0 0 0 0 0 0 0 0 0 0 0 0 9 0 0 0 0 
 0 0 0 0 0 3 0 3 0 0 0 0 0 0 0 0 0 0 0 0 0 0 0 0 0 0 0 0 0 0 0 0 2 0 0 0 3 0 0 0 184 183 0 115 113 306 182 388 85 161 239 43 66 114 120 56 173 122 46 109 23 0 0 0 0 0 0 0 5 0 0 0 53 0 0 0 11 0 55 48 0 0 0 0 0 0 0 0 0 0 0 0 0 0 0 0 0 0 0 0 0 0 0 0 0 0 0 0 0 0 0 0 0 0 0 0 0 0 0 0 12 25 12 13 0 10 18 17 26 0 16 22 0 0 0 11 13 32 0 0 8 7 32 4 0 0 39 8 0 0 1 0 14 20 9 4 13 16 9 15 0 0 0 8 0 0 0 0 0 0 0 0 0 0 0 0 0 0 0 0 27 0 0 0 0 0 0 0 0 0 0 0 0 0 0 0 0 0 0 0 0 13 0 0 0 17 0 14 0 45 8 10 0 32 0 8 11 24 0 0 0 0 0 5 0 0 0 7 0 0 28 30 23 5 0 0 4 9 28 0 0 0 0 0 0 0 0 0 0 0 0 10 1 0 0 0 0 0 0 4 0 0 10 0 2 2 8 0 0 0 39 0 0 0 0 0 0 0 0 0 0 0 0 0 18 27 0 8 2 0 
 0 0 0 0 0 3 0 0 0 0 0 0 61 0 0 0 0 0 0 0 0 0 0 0 0 0 0 2 0 0 87 61 0 0 0 0 0 0 0 0 63 68 115 0 121 162 156 77 70 133 64 234 70 94 83 143 40 354 110 81 51 0 0 5 2 0 0 1 0 0 0 0 0 0 45 0 0 1 0 0 0 0 0 0 0 0 0 0 0 0 0 0 0 0 0 0 0 0 0 0 0 0 0 0 0 0 0 0 0 0 0 0 0 0 0 0 0 1 0 0 0 0 0 21 30 21 8 11 0 7 13 23 0 9 0 0 0 1 12 1 10 13 0 0 0 0 0 22 0 0 0 0 9 17 14 0 0 1 25 2 0 0 0 14 0 0 0 0 0 0 0 0 0 7 12 0 0 0 0 0 0 11 0 0 0 0 0 0 0 0 0 0 0 0 0 0 0 0 0 0 0 18 8 0 19 0 0 0 0 0 11 11 0 0 0 7 1 7 0 10 0 0 19 0 0 0 3 8 10 0 10 0 7 3 2 0 0 17 0 9 0 0 28 0 0 0 0 0 0 0 0 10 0 0 0 0 0 0 0 14 0 0 0 0 3 0 0 1 0 0 50 0 0 0 0 0 0 0 0 0 0 0 0 0 0 15 0 0 2 0 
 0 0 0 0 0 0 2 4 0 0 0 0 0 0 0 0 3 0 2 0 3 0 0 0 4 0 2 0 0 0 0 0 8 0 0 0 6 0 0 5 72 104 113 121 0 162 46 125 136 61 135 104 81 122 113 88 116 120 296 75 0 0 0 26 0 0 0 50 0 0 0 0 22 0 6 0 0 0 54 58 9 0 0 0 22 0 0 0 0 0 0 1 8 0 0 0 0 0 0 0 0 0 0 0 0 0 0 0 0 0 0 2 0 0 0 0 0 0 0 0 0 0 21 7 29 9 0 0 54 28 21 37 0 27 0 17 47 60 0 0 0 15 0 0 0 0 24 1 0 1 0 0 25 17 0 1 3 0 7 14 0 5 0 0 0 0 0 0 0 0 0 0 0 0 0 0 0 0 0 0 0 0 0 0 0 0 0 0 0 0 0 0 0 0 0 0 0 0 0 0 0 9 11 6 0 23 0 1 11 1 4 11 0 0 1 12 0 16 0 11 17 20 18 11 0 0 26 0 0 8 0 0 0 0 18 0 0 0 12 0 0 0 0 0 0 0 0 0 0 0 0 4 0 0 0 0 0 0 0 1 0 0 0 0 66 0 0 0 0 0 0 0 0 0 0 0 0 0 0 0 0 0 4 0 12 0 0 0 2 0 
 4 3 3 3 3 3 3 3 3 3 3 3 3 3 3 3 3 3 2 3 0 0 1 4 1 0 3 0 1 0 0 0 1 0 0 0 0 0 2 3 42 18 306 162 162 0 39 43 44 52 71 189 38 41 63 84 59 73 76 57 58 0 3 6 2 0 23 51 2 0 0 0 53 0 97 0 0 0 50 0 0 0 0 0 0 0 0 0 0 0 0 0 0 0 0 0 0 0 0 0 0 0 0 0 0 0 0 0 0 0 0 1 0 0 0 0 0 0 0 0 0 23 0 0 6 0 0 13 0 33 13 7 0 0 0 26 0 0 0 0 6 10 0 2 0 3 0 4 0 0 0 0 0 56 0 0 0 0 16 0 0 0 0 4 0 0 0 0 0 0 0 0 0 18 0 0 0 0 0 0 0 0 0 21 0 0 0 0 0 0 0 0 0 0 0 0 0 0 0 0 0 0 0 26 10 8 0 0 0 0 3 14 0 0 0 0 0 6 0 0 0 0 14 7 0 1 12 10 0 0 1 0 1 8 0 0 3 7 8 1 0 0 0 0 0 0 0 0 0 0 0 10 0 0 0 0 0 0 0 0 0 0 12 4 0 2 0 0 1 0 13 0 0 0 0 0 0 0 0 0 0 0 0 0 11 0 0 0 1 0 
 0 3 3 0 0 0 0 0 0 0 0 0 0 0 0 0 0 0 6 0 0 0 0 0 26 0 0 0 0 71 63 0 0 4 0 0 29 1 0 0 582 119 182 156 46 39 0 200 66 107 58 26 183 196 185 75 237 54 62 352 0 7 0 0 2 2 0 1 3 0 0 0 0 0 1 6 6 0 12 1 5 0 0 0 0 0 0 0 0 0 0 0 0 0 0 0 10 0 0 0 0 0 0 0 1 0 0 0 0 0 0 6 0 0 0 0 1 0 0 0 0 31 0 1 4 0 33 9 30 0 1 1 37 0 7 6 16 12 3 18 1 4 4 0 0 0 3 0 0 0 0 0 0 7 5 0 6 0 4 5 0 0 0 0 0 0 0 0 0 0 0 0 0 0 0 0 0 0 0 0 0 1 0 0 0 0 0 1 0 0 0 0 0 0 0 0 0 0 0 0 16 30 7 0 10 13 22 0 32 10 13 0 0 0 54 1 7 0 19 0 0 0 0 4 1 0 0 0 0 0 3 4 0 7 6 6 0 2 10 7 0 0 0 0 0 0 0 0 0 0 0 15 0 2 0 0 0 0 2 44 0 0 0 66 0 3 4 0 0 0 0 0 0 0 0 0 0 0 0 0 0 0 0 0 19 0 0 3 1 0 
 7 0 0 0 5 0 0 0 0 0 5 4 0 0 0 0 5 0 4 0 0 0 0 63 0 63 0 0 0 0 63 1 3 7 0 0 0 3 0 0 149 89 388 77 125 43 200 0 90 59 148 46 108 374 139 36 360 141 288 314 0 50 0 23 0 0 0 0 2 0 0 0 0 0 0 10 0 0 0 0 0 2 4 0 0 0 10 1 0 5 0 2 4 0 0 6 7 0 0 0 0 0 0 0 0 1 0 0 0 0 0 0 0 0 0 0 0 0 0 0 10 0 15 42 0 16 21 8 36 28 7 0 0 10 18 5 21 19 0 0 0 0 0 2 0 0 0 0 0 0 0 0 0 0 0 0 10 10 1 0 0 4 7 6 0 5 0 0 5 0 0 4 0 0 6 5 0 2 0 0 0 0 0 0 0 1 0 0 0 0 0 1 0 0 0 0 0 0 0 0 9 9 24 21 0 6 2 25 30 0 0 0 0 25 0 0 30 11 1 9 0 0 0 0 8 0 0 0 0 0 0 0 11 0 0 0 0 0 9 0 0 0 0 0 0 0 0 0 0 0 0 9 0 1 0 0 0 0 63 1 0 0 0 0 0 0 2 0 1 0 0 0 0 4 0 0 0 0 0 0 0 0 0 0 19 0 0 9 1 0 
 0 0 0 0 0 0 0 0 0 0 5 0 0 0 0 0 0 0 0 0 4 4 3 23 5 3 3 3 5 3 3 3 3 3 3 4 6 5 3 7 163 101 85 70 136 44 66 90 0 144 306 43 95 165 145 76 40 114 98 200 0 1 0 1 11 4 55 0 0 0 0 0 58 0 6 0 0 9 51 1 0 0 0 0 0 12 0 0 0 0 0 0 0 0 0 0 0 0 0 0 0 0 0 0 0 3 0 0 0 0 0 1 0 0 0 0 0 0 0 0 1 9 29 0 0 10 7 0 0 0 27 28 22 11 18 9 0 7 0 16 0 0 0 0 0 0 33 0 0 0 0 0 11 14 0 0 0 0 21 0 0 0 0 0 0 0 0 0 0 0 0 0 0 0 0 0 0 0 0 0 0 0 0 0 0 0 0 0 0 0 0 0 0 0 0 0 0 0 0 0 32 26 0 0 0 10 22 11 12 38 29 22 4 0 22 21 25 12 9 13 0 0 0 0 10 0 0 0 0 0 0 0 0 0 23 0 0 0 15 0 0 0 2 0 0 0 0 0 0 0 0 0 0 1 0 0 0 0 0 3 0 0 0 0 0 4 2 72 0 0 0 0 0 0 0 0 0 0 0 0 0 0 0 0 0 0 0 0 1 0 
 3 3 3 59 3 3 6 89 3 5 3 3 3 3 3 3 48 32 2 3 1 0 1 0 0 0 1 1 0 0 0 2 3 0 2 0 1 1 2 4 310 99 161 133 61 52 107 59 144 0 145 168 111 78 175 374 117 256 103 178 0 1 0 0 0 0 2 55 0 0 0 3 3 2 2 0 2 3 55 0 0 18 8 1 16 0 0 0 0 8 0 28 0 0 3 11 0 0 0 0 0 0 0 0 0 0 48 0 0 0 0 0 0 0 0 0 0 0 1 0 0 6 0 0 17 28 7 0 0 0 8 10 0 0 0 5 8 7 0 0 0 0 0 4 0 0 17 0 0 0 0 0 8 0 13 0 0 0 0 8 0 0 0 0 0 0 0 0 15 13 18 9 0 0 9 8 0 18 0 0 0 0 0 0 0 0 2 0 0 0 0 0 0 0 16 0 0 0 0 0 32 1 7 21 8 28 0 25 0 19 17 26 0 0 21 10 0 9 0 0 0 0 4 0 0 0 9 1 6 0 12 0 40 0 7 0 0 0 0 0 0 0 1 0 0 0 1 0 0 0 0 8 0 1 0 0 0 0 0 3 0 0 2 40 63 41 0 2 2 0 3 0 0 0 0 0 0 0 0 0 0 0 0 0 45 10 0 0 1 0 
 0 0 0 74 0 0 0 0 0 0 64 0 0 0 0 0 1 0 0 0 0 0 0 67 0 0 0 0 0 0 0 3 5 0 0 0 22 3 0 0 45 144 239 64 135 71 58 148 306 145 0 109 89 114 82 65 151 299 30 62 0 1 0 0 0 0 15 0 4 0 0 0 60 0 0 1 0 0 102 3 0 0 0 0 0 0 0 0 0 0 0 0 0 0 0 0 0 0 0 0 0 0 0 0 0 0 0 0 0 0 0 0 0 0 0 0 0 0 0 0 15 20 24 9 1 20 19 1 33 0 29 37 15 0 2 9 14 10 0 0 0 0 0 2 0 0 55 0 0 0 0 0 18 11 0 0 0 0 11 9 0 0 0 0 0 0 0 0 0 0 0 0 0 0 0 0 0 0 0 0 0 0 0 0 0 5 0 0 0 0 0 0 0 0 0 0 0 5 0 0 11 16 7 21 0 17 0 20 21 8 2 22 0 7 0 28 41 9 0 0 0 0 0 0 1 0 0 9 1 10 0 0 44 0 0 0 0 0 24 0 0 0 0 0 0 0 0 0 0 0 0 8 0 0 0 0 0 0 0 2 0 22 1 0 0 5 0 5 1 0 15 0 0 0 0 0 0 0 0 0 0 3 0 0 57 13 0 4 1 0 
 2 2 5 3 2 2 4 3 3 3 2 2 3 2 3 2 2 2 5 2 0 0 2 0 7 2 0 1 0 0 0 0 0 0 0 0 0 0 0 3 311 37 43 234 104 189 26 46 43 168 109 0 23 35 40 42 79 130 26 112 17 0 0 1 9 30 52 51 0 0 51 5 0 0 0 0 0 6 60 0 0 0 0 0 0 7 0 0 0 0 0 0 0 0 0 0 0 0 0 0 0 0 0 0 0 0 1 0 0 0 0 0 0 0 0 0 0 0 0 0 0 0 0 0 29 10 0 0 0 0 0 11 0 0 0 0 0 10 0 0 3 0 12 1 2 2 10 38 1 0 10 1 11 0 10 0 1 47 0 1 0 0 0 0 6 0 0 0 0 0 0 0 0 4 0 0 0 0 0 0 0 0 0 0 1 0 0 0 0 0 0 0 0 0 0 0 0 0 0 0 6 0 20 0 24 11 0 0 0 8 8 52 0 0 0 1 0 1 0 0 0 0 23 0 0 7 39 20 8 0 28 0 24 28 10 0 0 12 0 0 0 0 1 0 0 0 0 0 0 0 0 9 0 0 0 0 0 0 0 15 0 0 64 0 62 0 2 61 0 0 8 0 0 0 0 0 0 0 0 0 0 0 0 0 12 1 0 0 1 0 
 7 3 3 0 1 0 0 0 0 0 0 0 0 0 0 0 0 0 0 0 36 0 0 0 0 0 0 0 2 0 0 0 0 1 0 0 0 3 0 4 324 296 66 70 81 38 183 108 95 111 89 23 0 63 101 141 35 105 160 378 3 2 0 0 0 0 0 0 2 0 6 0 0 0 0 0 0 0 0 0 0 0 0 0 0 0 0 0 0 0 7 0 0 0 0 0 0 0 0 0 0 0 0 0 0 0 0 0 0 0 0 19 0 0 0 0 12 0 0 0 47 1 20 0 6 0 14 19 26 0 10 6 0 51 0 0 53 8 0 14 0 4 0 5 0 0 10 2 0 0 3 0 0 0 0 9 1 1 0 71 5 0 0 0 0 0 0 0 0 0 0 0 0 0 0 0 0 0 0 0 0 0 0 0 7 0 0 0 0 0 0 0 0 0 0 0 0 0 0 0 18 39 8 0 5 10 1 34 0 15 30 10 0 13 10 15 11 10 7 26 0 0 0 0 1 0 0 0 0 0 0 0 11 0 0 0 8 3 13 0 0 0 1 0 0 0 0 0 0 0 0 0 0 0 0 0 0 0 0 12 0 0 1 2 0 2 8 0 0 0 0 0 0 0 0 2 0 0 0 0 0 2 0 0 0 12 0 0 0 0 
 3 3 3 3 3 6 6 3 39 3 3 3 3 3 3 25 3 3 9 3 0 0 0 0 62 0 0 0 2 96 0 1 7 0 0 0 63 0 0 0 71 127 114 94 122 41 196 374 165 78 114 35 63 0 188 476 306 101 116 167 0 6 8 1 2 0 1 0 0 1 0 4 0 3 0 0 3 0 0 6 0 0 0 0 0 0 4 0 0 0 0 0 0 0 0 0 0 0 6 0 0 0 0 0 0 2 0 0 0 0 0 4 0 0 0 0 0 0 0 0 0 35 25 11 0 11 7 17 20 28 53 17 23 24 0 66 31 1 11 0 0 0 0 0 0 0 0 0 0 0 0 0 1 0 0 0 13 0 18 4 6 0 0 0 0 0 0 4 0 0 0 0 0 16 0 0 4 0 0 1 0 0 0 0 0 0 0 0 0 0 0 0 0 0 0 0 0 0 0 0 0 13 15 49 0 11 0 7 0 12 40 11 0 0 21 11 11 10 18 19 0 0 0 0 0 12 0 0 5 0 1 0 3 0 0 0 0 0 24 0 0 1 0 0 0 0 0 0 0 26 0 6 0 1 0 0 0 65 0 2 0 0 0 1 0 17 0 0 1 0 0 0 0 0 0 0 0 0 0 0 0 0 0 0 0 0 9 0 0 0 
 2 4 2 2 2 2 2 2 2 4 2 2 2 2 2 2 2 2 2 2 2 0 0 62 5 62 0 0 0 3 0 62 2 0 0 0 0 0 0 3 326 138 120 83 113 63 185 139 145 175 82 40 101 188 0 145 97 37 226 240 46 2 206 0 0 204 0 0 0 0 0 2 0 0 0 8 0 0 0 0 0 0 0 0 0 0 0 0 10 0 0 0 0 0 0 0 0 0 0 0 0 0 0 0 0 23 0 0 0 0 0 1 0 0 0 0 0 9 0 0 0 32 0 4 11 0 11 15 7 24 16 0 30 0 26 29 16 10 0 9 9 0 0 0 0 0 0 0 0 0 56 0 0 0 0 0 0 0 22 0 0 0 0 0 0 0 0 0 0 0 0 0 0 0 0 0 0 0 0 0 0 0 0 0 4 13 0 0 0 0 0 0 0 0 0 0 0 0 0 0 12 3 15 26 9 23 7 3 14 12 15 0 0 1 24 9 26 0 6 2 0 0 0 0 0 0 0 0 0 0 1 0 0 0 0 0 0 0 9 9 0 0 0 0 0 0 0 0 0 19 0 13 2 2 0 0 0 0 2 32 0 0 2 66 0 1 1 1 4 0 0 0 0 0 0 0 0 0 0 0 0 0 0 0 0 0 0 0 0 0 
 0 0 0 0 0 0 1 0 0 0 0 0 0 0 0 0 0 0 4 0 0 0 0 0 0 0 5 4 2 4 14 0 4 2 0 0 0 2 0 6 167 64 56 143 88 84 75 36 76 374 65 42 141 476 145 0 92 42 39 193 0 10 7 6 4 0 0 0 0 1 0 0 0 3 5 0 0 11 0 0 0 0 0 0 0 0 0 0 0 0 0 0 0 0 0 0 0 0 0 0 8 13 0 0 4 0 9 7 6 2 0 0 0 1 4 5 6 4 0 2 1 0 0 4 21 19 17 12 1 19 15 24 0 55 7 0 13 2 0 0 0 9 0 0 0 0 0 0 0 0 0 0 0 15 3 0 0 0 20 5 0 0 0 0 0 0 0 0 13 0 0 0 0 0 0 0 0 0 0 0 4 2 0 0 10 0 0 5 0 2 31 4 0 0 0 0 3 29 2 0 69 8 7 1 18 15 16 27 0 13 19 1 5 0 21 27 12 14 7 22 0 0 0 0 10 0 0 0 0 0 0 0 0 0 22 0 0 0 0 0 0 0 28 0 0 0 0 0 7 0 0 7 0 2 0 0 0 0 5 15 0 0 0 74 2 2 0 63 2 0 0 0 0 0 0 0 0 0 0 0 0 3 0 0 0 0 0 0 2 0 
 6 0 0 0 0 0 0 0 0 0 0 0 0 0 0 0 0 0 0 0 0 5 2 0 0 70 0 0 44 0 0 118 3 0 0 0 0 35 0 0 129 49 173 40 116 59 237 360 40 117 151 79 35 306 97 92 0 94 108 42 0 2 4 2 68 0 0 0 1 0 0 0 0 0 0 10 0 0 0 0 0 0 0 0 0 0 0 0 0 0 0 0 0 0 0 0 0 0 0 0 0 0 0 5 0 12 0 0 0 0 21 3 0 0 0 0 0 0 0 0 8 35 5 6 2 42 39 14 25 30 42 0 11 13 0 59 51 0 1 6 0 0 0 7 0 0 0 0 0 29 0 0 0 1 0 0 5 0 16 0 0 0 0 0 0 0 0 0 0 0 0 0 0 0 0 0 0 0 0 0 0 0 6 4 0 0 0 1 1 13 0 1 0 0 0 0 0 32 0 0 5 0 23 56 0 16 10 32 8 8 14 26 11 0 12 9 13 5 0 8 0 0 0 0 0 0 0 1 0 0 13 0 7 0 0 0 30 0 8 0 0 0 2 0 0 0 0 0 0 0 0 3 0 0 0 0 0 2 1 0 0 0 1 92 0 9 0 0 0 0 0 0 0 0 0 0 0 0 0 0 0 3 0 0 0 0 0 0 2 0 
 0 0 0 0 0 0 0 0 0 0 0 0 0 0 0 0 0 0 0 36 0 0 1 0 0 0 31 2 1 0 0 0 0 0 0 0 0 0 0 0 413 31 122 354 120 73 54 141 114 256 299 130 105 101 37 42 94 0 70 126 0 2 207 0 4 207 0 52 0 0 0 0 0 0 0 0 0 12 0 0 0 0 0 0 0 0 0 0 0 0 0 0 0 0 0 0 0 0 0 0 0 0 0 0 0 0 0 0 20 0 0 0 0 0 0 0 0 0 0 0 0 0 3 3 38 31 8 0 19 21 0 19 0 0 0 21 30 10 0 0 0 0 0 5 0 0 12 0 0 0 0 0 4 0 14 0 22 0 0 1 0 0 0 0 0 0 0 0 19 0 0 0 0 0 0 0 0 0 0 0 0 0 0 0 0 0 0 0 0 0 0 0 0 0 0 0 0 0 0 0 17 0 38 16 24 35 0 26 0 7 12 26 0 0 10 5 0 6 0 1 0 0 25 0 0 0 33 0 21 0 12 0 38 0 14 0 0 0 0 0 0 0 2 0 0 0 0 0 0 0 0 10 0 0 0 0 0 0 0 16 0 2 5 62 64 1 0 66 0 0 0 0 0 0 0 0 0 0 0 0 0 1 0 0 0 3 0 0 2 0 
 0 0 2 0 0 0 0 2 0 0 6 0 0 0 0 0 0 0 0 5 0 0 25 47 36 187 0 2 99 0 61 149 0 0 86 3 68 0 0 0 63 78 46 110 296 76 62 288 98 103 30 26 160 116 226 39 108 70 0 109 0 0 10 0 0 0 0 0 0 0 1 51 0 0 0 6 0 1 3 0 0 0 0 0 0 0 0 0 0 0 0 0 0 0 12 0 0 0 0 0 0 0 29 21 24 48 0 0 28 0 2 1 0 0 5 0 18 27 0 0 30 30 0 1 0 0 9 0 9 0 7 2 23 0 7 10 24 0 16 7 0 1 0 0 0 1 0 24 0 0 0 0 0 0 8 0 0 0 0 0 0 0 4 0 0 0 0 12 20 0 0 0 0 0 0 0 0 0 0 0 0 0 0 8 16 13 0 0 0 1 17 18 0 0 0 0 0 4 0 15 1 0 11 1 0 0 9 0 7 0 8 0 4 20 0 0 0 0 0 16 0 0 0 0 0 0 0 0 0 0 0 0 0 0 0 0 11 0 0 0 0 0 0 0 0 0 0 0 0 0 0 9 0 0 0 0 0 71 0 0 22 1 0 0 0 2 0 0 2 0 0 0 0 0 0 0 0 0 0 0 0 0 0 0 0 0 9 0 2 0 
 0 0 2 0 0 3 0 0 0 0 0 0 0 0 0 0 0 0 0 0 0 0 0 21 0 76 1 0 0 0 0 0 0 1 0 0 3 2 0 6 50 113 109 81 75 57 352 314 200 178 62 112 378 167 240 193 42 126 109 0 51 7 10 6 0 0 0 0 0 6 11 0 0 0 3 0 0 5 0 0 0 0 12 0 0 0 0 0 0 0 0 0 0 10 0 0 0 0 0 0 0 0 0 0 18 31 0 0 0 0 7 0 0 0 0 0 0 12 0 0 13 18 0 0 0 10 0 0 0 0 11 0 27 0 16 10 10 7 0 0 2 2 0 5 0 0 16 0 0 6 0 8 0 0 14 0 0 7 0 8 0 0 0 0 0 0 0 14 0 0 0 0 0 0 0 0 0 0 0 0 0 0 0 0 0 7 0 0 0 0 0 11 0 0 0 8 0 0 0 0 30 0 0 4 1 13 22 11 24 23 19 17 10 0 16 32 21 18 0 0 0 6 8 0 12 0 0 28 0 0 0 0 25 0 5 0 0 0 0 40 0 0 2 0 0 0 0 0 0 25 0 4 0 1 0 0 0 0 0 1 0 0 1 64 0 14 0 1 0 0 1 0 0 0 0 3 0 0 0 0 0 0 0 0 1 10 0 0 1 0 
 7 3 12 0 0 0 0 0 8 4 0 0 1 3 0 3 7 0 0 0 0 0 0 0 0 0 4 0 0 0 0 0 2 0 0 0 0 0 0 0 0 0 23 51 0 58 0 0 0 0 0 17 3 0 46 0 0 0 0 51 0 156 94 321 29 56 199 42 142 27 35 39 48 114 297 83 30 27 49 278 0 24 0 0 6 0 0 0 0 0 0 0 0 6 0 0 0 0 0 9 0 0 0 0 0 0 0 0 0 0 0 0 0 0 0 0 0 0 0 0 0 0 0 0 0 0 0 0 0 0 0 0 0 0 0 4 0 0 0 0 32 9 12 1 0 0 0 13 20 18 25 9 0 0 9 22 64 27 3 0 9 0 0 2 4 0 10 0 6 3 10 0 0 9 0 3 0 2 7 0 0 0 0 0 1 0 0 0 0 1 0 1 0 1 0 8 0 1 1 2 0 0 0 0 0 0 0 0 0 0 0 0 0 0 0 0 0 0 0 0 0 0 0 9 0 16 8 9 1 0 50 27 8 6 0 15 34 27 0 0 9 0 0 0 0 0 0 0 0 0 0 0 4 54 0 0 17 0 0 0 0 0 13 2 0 0 7 0 0 0 0 2 0 0 1 2 0 0 0 0 0 0 0 0 0 0 0 0 0 0 
