 0 86 126 67 46 26 260 49 146 69 132 50 116 198 152 81 175 36 59 95 0 0 0 2 0 4 0 0 59 0 0 1 4 0 4 3 3 0 2 3 0 1 0 0 3 61 0 0 0 1 0 2 0 0 3 0 0 7 7 0 0 0 1 3 0 0 42 0 0 0 0 3 0 2 0 2 0 0 3 0 17 53 32 4 17 0 13 14 0 29 44 10 0 16 25 17 11 29 0 35 2 0 0 0 0 0 0 0 0 0 0 0 0 9 0 0 0 0 1 0 0 0 0 0 0 0 0 0 0 0 0 0 0 0 0 0 0 0 2 1 1 0 0 0 0 0 0 0 0 0 0 0 0 0 0 0 0 0 0 0 12 1 2 11 14 0 24 18 12 33 0 24 11 51 19 0 18 0 16 12 0 0 0 0 0 0 0 0 0 0 0 0 9 5 0 0 0 0 36 37 0 0 0 0 0 0 0 0 0 0 0 0 0 0 0 0 0 0 0 0 0 0 0 0 0 0 0 0 0 0 0 0 0 0 0 0 0 0 0 0 0 0 0 0 0 0 2 0 0 0 0 6 0 0 0 0 0 0 0 0 74 0 0 0 0 0 0 0 0 0 0 0 0 0 0 0 1 0 0 0 0 0 0 0 0 0 0 0 0 0 
 86 0 79 163 50 55 333 185 225 46 29 247 241 156 242 97 216 37 137 105 0 0 0 0 0 2 0 1 3 0 233 8 1 0 5 0 2 0 0 3 0 65 0 0 1 0 0 0 0 0 0 2 0 0 3 0 0 0 3 0 0 0 0 0 0 1 3 0 0 9 0 0 0 2 0 0 0 0 3 3 37 1 24 16 0 0 15 19 34 0 11 0 15 4 35 7 23 27 0 14 0 0 0 0 0 0 0 0 0 0 0 0 0 0 0 0 0 0 0 0 0 0 0 0 1 0 1 0 2 0 0 0 0 0 0 1 0 12 0 0 0 0 0 0 0 0 0 0 0 0 0 0 0 0 1 0 2 0 18 0 13 9 23 0 0 0 48 9 0 5 0 0 0 68 0 32 18 12 14 9 0 0 0 0 0 0 0 0 0 0 0 0 0 0 1 0 0 0 17 0 0 0 0 0 0 0 0 0 0 0 0 1 0 0 0 0 0 2 0 0 0 0 0 0 10 0 0 13 0 0 0 0 0 0 0 0 0 1 0 0 0 0 0 0 0 1 2 0 2 0 0 8 21 0 0 0 0 0 0 0 0 0 0 0 0 0 0 0 0 0 0 0 0 0 0 0 0 0 0 0 0 0 0 0 0 0 0 0 0 0 
 126 79 0 94 34 90 391 243 54 142 187 21 67 67 92 467 243 264 41 34 0 0 1 3 0 2 76 0 0 0 3 0 211 0 5 0 2 0 23 78 0 0 0 0 3 0 0 0 2 0 0 0 0 0 6 3 0 2 3 0 0 0 0 0 0 0 3 0 3 2 0 5 0 2 3 0 0 0 3 0 7 22 0 42 25 51 0 0 28 30 18 40 0 12 13 6 30 0 0 17 0 0 12 0 0 0 32 0 0 0 0 1 0 1 0 0 0 1 34 21 0 0 0 0 0 0 0 0 0 2 0 0 0 0 0 0 0 0 0 0 0 0 1 5 0 6 11 0 0 2 0 0 0 0 0 1 0 0 0 0 21 16 19 42 10 11 17 60 47 30 0 6 2 14 9 0 16 0 0 0 9 2 0 0 0 2 0 0 0 0 0 0 46 14 7 0 0 0 16 16 0 0 0 0 0 0 0 0 0 0 18 0 2 0 0 0 0 0 0 0 0 0 1 0 0 0 10 0 0 0 0 0 0 0 0 0 0 0 0 0 0 0 0 0 0 0 1 0 2 92 0 4 0 0 0 0 0 0 0 0 0 0 0 0 0 0 0 0 0 0 0 0 0 0 2 49 11 10 0 0 0 0 0 0 0 0 0 0 0 0 
 67 163 94 0 118 41 82 94 329 337 243 120 269 159 190 168 154 189 74 156 75 0 0 0 0 2 0 80 0 0 0 0 81 0 4 0 2 0 1 155 0 0 5 0 1 4 0 0 3 0 0 2 0 0 3 0 0 0 3 0 0 0 0 1 0 0 3 6 0 0 0 1 0 2 0 0 0 0 3 0 0 28 0 20 15 14 8 21 86 19 7 43 0 13 14 0 0 17 0 2 9 15 0 0 0 0 15 1 0 0 19 0 33 0 4 18 19 7 0 0 0 0 0 0 0 0 0 0 0 0 0 0 0 0 0 0 0 15 0 0 0 0 0 0 0 0 0 6 0 0 0 0 0 0 0 0 0 0 0 0 13 0 36 12 2 23 0 21 0 35 0 11 0 1 0 2 13 6 0 0 0 11 0 0 0 0 21 0 9 10 12 0 6 28 28 0 0 0 32 20 13 0 0 0 0 0 0 0 0 0 0 0 0 0 0 0 0 0 0 0 0 0 0 0 0 0 0 0 0 0 0 0 0 0 0 0 0 0 0 0 0 44 0 0 0 0 2 0 0 8 12 0 0 0 0 0 0 0 0 1 0 0 9 0 0 0 0 0 0 0 0 0 0 0 0 15 10 0 0 0 0 0 0 0 0 0 0 0 0 0 
 46 50 34 118 0 89 37 207 178 184 201 147 79 67 76 84 49 631 61 323 88 74 8 0 0 2 74 73 1 0 0 0 76 0 4 4 3 0 36 274 0 0 0 0 3 4 0 0 0 63 0 64 0 0 3 0 0 0 3 0 0 0 0 4 0 3 0 5 0 0 0 3 50 2 0 0 0 0 3 0 2 0 0 38 0 11 0 1 0 7 11 14 0 0 0 7 13 0 0 0 21 32 48 0 1 0 47 10 0 19 42 10 24 23 14 28 21 0 39 16 0 0 0 0 0 0 0 0 0 0 0 0 0 0 0 0 0 0 0 33 0 0 0 0 0 0 0 0 0 0 0 0 0 1 0 0 0 11 0 0 0 0 0 14 13 0 0 0 5 0 17 0 0 5 2 0 0 24 0 2 7 32 9 0 11 0 43 7 34 0 9 0 0 18 45 18 0 34 9 9 0 0 0 0 0 0 2 2 0 0 0 0 0 1 0 0 0 0 0 0 0 0 0 0 0 0 0 0 0 0 0 0 0 0 0 0 0 0 0 0 0 0 0 0 0 10 11 0 90 97 41 0 0 0 0 0 0 0 0 0 0 0 0 0 0 0 0 0 0 0 0 0 0 16 0 0 11 0 0 0 0 0 0 0 0 0 0 0 0 0 
 26 55 90 41 89 0 34 42 59 178 161 51 37 264 61 179 168 199 44 259 79 299 78 80 0 2 1 67 98 68 73 0 156 79 2 1 84 0 113 78 1 1 0 0 2 0 1 0 0 0 0 1 0 0 3 3 0 26 3 1 5 0 0 4 0 0 2 0 3 0 0 7 0 2 0 0 0 0 3 0 1 0 0 20 8 61 0 0 14 6 13 18 0 0 0 0 19 12 0 0 11 17 0 0 18 0 14 12 0 18 1 13 14 0 20 16 23 48 33 26 0 0 0 0 0 0 18 0 29 0 0 0 0 0 0 0 0 0 12 0 0 0 0 2 0 4 0 0 0 0 0 0 0 0 0 0 0 0 0 1 0 0 0 9 0 37 4 0 9 0 0 0 0 2 0 0 0 6 0 0 35 29 13 0 1 0 28 2 19 0 14 0 34 42 12 11 2 0 0 32 0 0 0 0 0 0 0 1 0 0 41 0 0 0 0 0 0 0 0 0 0 0 0 0 0 0 0 0 0 0 0 0 0 0 0 0 0 0 0 0 0 0 0 0 0 6 1 0 2 0 1 5 2 0 0 0 0 0 0 0 0 0 0 2 0 0 4 0 0 1 0 0 0 0 0 20 1 7 0 0 0 18 0 0 0 0 0 0 0 0 
 260 333 391 82 37 34 0 76 293 127 43 44 172 228 331 35 33 30 123 68 0 0 0 0 0 3 0 0 0 0 0 1 2 0 3 1 2 0 0 3 0 2 0 0 3 0 0 0 0 0 0 0 0 0 3 0 0 5 3 0 0 0 0 3 0 0 1 0 0 20 0 3 0 2 0 0 0 0 3 0 10 48 20 19 19 2 12 45 15 17 14 0 0 44 36 5 14 0 13 53 0 1 0 0 0 0 0 0 0 0 0 0 0 0 0 0 1 0 0 0 0 0 0 0 0 0 0 0 0 0 10 0 0 0 0 0 0 13 0 0 0 0 0 0 0 0 0 0 0 0 0 0 0 0 0 0 0 0 0 0 6 20 29 22 0 0 75 11 15 0 20 5 0 15 29 36 42 16 0 27 0 0 0 0 0 0 0 1 0 0 0 0 0 0 0 1 0 0 11 0 0 0 0 0 0 18 0 1 0 0 0 0 0 0 0 0 0 0 0 0 0 0 0 0 0 0 0 0 0 0 0 0 0 0 0 0 0 0 0 0 0 0 0 0 0 0 0 0 2 0 0 6 7 0 0 0 0 0 0 0 0 0 0 0 0 0 0 0 0 0 0 0 0 0 0 0 0 0 0 0 0 0 0 0 0 0 0 0 0 0 
 49 185 243 94 207 42 76 0 278 280 145 78 70 179 152 135 205 94 46 128 2 3 2 0 0 2 3 2 4 2 1 2 256 3 6 4 7 1 0 3 3 0 3 3 6 0 2 2 1 3 3 2 0 0 3 1 5 2 3 1 5 3 52 5 3 8 1 3 5 0 1 7 0 2 0 0 0 2 10 0 0 3 0 3 9 16 6 30 33 8 17 32 1 10 50 1 0 0 0 0 0 0 0 0 0 0 18 9 0 0 0 0 11 0 0 0 2 0 21 15 0 0 0 0 0 0 0 0 0 0 0 0 0 0 0 0 0 14 0 0 0 0 0 0 0 0 0 9 1 0 10 0 0 0 0 0 0 0 0 1 0 0 27 37 11 8 1 17 10 27 0 26 0 1 16 0 12 1 0 1 0 0 0 0 0 0 0 0 0 0 0 0 19 0 4 0 1 0 22 11 0 0 0 0 0 0 0 0 0 0 14 0 0 0 0 0 0 0 0 0 0 0 0 0 0 1 0 0 0 0 0 0 0 0 0 0 0 0 0 0 0 13 0 0 0 0 1 0 92 0 0 9 0 0 0 2 0 1 0 0 0 0 7 0 0 0 2 0 0 2 0 0 1 0 0 31 0 0 0 0 0 0 0 0 0 0 0 0 0 0 
 146 225 54 329 178 59 293 278 0 272 34 55 71 95 233 267 212 54 100 163 2 0 0 0 0 5 3 0 5 0 0 3 75 3 3 2 3 0 19 3 0 1 0 0 3 4 0 2 0 3 52 3 0 0 67 3 3 0 3 0 0 0 1 3 0 0 0 2 2 8 0 3 0 2 4 0 4 1 3 0 19 3 9 21 13 12 1 23 30 0 3 12 0 10 19 25 18 11 2 9 0 0 1 0 0 0 16 13 0 0 29 0 0 0 0 12 0 0 1 11 0 0 0 0 0 0 0 20 0 0 0 0 0 0 1 0 0 14 0 0 0 0 0 0 1 0 0 3 0 0 10 0 0 0 0 0 0 0 1 0 20 4 24 12 15 0 16 29 1 8 36 13 0 0 0 29 12 21 0 54 0 0 0 0 0 0 9 0 1 0 0 0 0 0 0 0 0 0 71 14 9 0 0 0 0 0 0 0 0 0 0 0 0 0 0 0 0 0 0 0 0 0 0 0 0 0 0 0 0 0 0 0 0 0 0 0 0 0 0 0 0 14 0 0 0 1 10 0 50 1 0 10 18 0 0 0 0 0 0 0 0 0 7 0 0 0 0 0 0 0 0 0 0 0 0 0 0 0 0 0 0 0 0 0 0 0 0 0 0 0 
 69 46 142 337 184 178 127 280 272 0 217 264 251 71 373 223 302 150 78 96 0 0 0 0 0 2 0 0 0 0 0 0 251 0 3 0 2 2 84 30 0 2 5 29 1 0 0 2 0 5 0 65 0 0 3 0 0 0 3 0 0 0 0 0 0 0 3 0 0 0 0 5 0 2 0 0 0 0 3 0 0 29 5 20 46 20 1 9 10 19 15 44 0 0 0 10 0 24 0 13 0 0 0 0 0 0 1 0 0 0 1 0 10 0 0 0 2 0 17 11 0 2 0 0 0 0 0 0 0 0 0 0 0 0 0 0 0 0 0 0 2 0 0 0 0 0 0 6 0 0 0 0 0 0 0 0 0 0 0 0 0 6 19 19 3 17 0 11 0 41 19 17 0 2 0 9 18 22 0 0 0 0 14 0 0 12 12 0 0 22 0 0 41 0 4 1 0 0 69 60 0 0 0 0 0 2 0 0 0 0 7 0 0 0 0 2 0 0 0 0 0 0 0 0 0 0 0 0 0 0 0 0 0 0 0 0 0 0 0 0 0 25 0 0 0 0 1 0 6 4 2 8 0 0 1 0 0 0 0 0 0 0 10 0 0 0 0 0 0 0 0 0 0 0 0 15 19 0 0 0 0 0 0 0 0 0 0 0 0 0 
 132 29 187 243 201 161 43 145 34 217 0 370 52 144 298 172 137 373 63 62 0 1 1 0 0 2 73 2 0 1 2 1 123 0 3 0 2 0 4 128 29 0 88 0 1 0 0 1 0 1 0 67 0 0 3 5 0 2 3 0 0 0 0 0 0 0 3 0 5 0 0 0 0 3 0 0 41 0 2 0 0 18 0 24 10 37 0 21 24 49 6 12 16 13 0 21 12 20 0 10 0 1 12 0 0 0 30 0 0 0 0 0 10 0 0 8 0 0 41 37 0 0 0 18 0 0 0 7 0 0 0 0 0 0 0 0 0 0 0 0 0 0 0 2 0 5 0 0 2 22 0 0 0 0 0 19 0 0 0 0 13 11 12 25 9 6 0 22 30 31 30 12 0 0 18 0 0 16 0 0 10 0 1 0 0 0 6 0 0 44 1 0 26 11 20 0 0 0 31 29 0 8 0 0 0 0 0 0 0 0 0 0 0 0 13 0 0 0 0 0 0 0 0 0 0 0 2 0 0 0 0 0 0 0 0 0 0 0 0 2 0 0 0 0 0 1 2 0 1 92 17 3 1 0 0 0 0 0 0 0 0 0 33 0 0 0 0 0 0 0 0 0 0 0 0 21 40 7 0 0 0 0 0 0 0 0 0 0 0 1 
 50 247 21 120 147 51 44 78 55 264 370 0 22 33 196 124 162 400 30 27 195 74 74 0 0 2 2 74 0 1 0 0 78 76 3 0 2 2 1 152 0 0 5 0 1 0 0 0 0 0 0 42 0 0 3 0 0 0 3 0 0 0 0 0 0 0 3 5 0 0 0 0 0 2 0 0 0 0 3 0 0 0 0 24 23 21 0 0 36 59 9 54 0 1 0 0 0 2 0 2 14 18 14 0 0 0 22 10 12 0 27 0 38 0 27 27 21 0 15 8 0 0 0 0 0 0 0 0 0 0 0 0 0 0 0 0 0 0 0 0 0 2 0 0 0 0 0 5 0 0 0 0 0 0 0 0 0 0 0 0 0 0 23 22 2 18 3 25 1 74 0 18 6 0 0 0 13 7 0 0 1 11 31 0 0 0 22 0 16 11 28 0 7 26 24 0 0 0 43 25 0 0 0 0 0 0 0 0 0 0 0 0 0 0 0 0 0 0 0 0 0 0 10 0 0 0 0 0 8 0 0 0 0 0 0 0 0 0 0 0 0 26 0 0 0 2 6 0 0 6 23 10 0 0 0 0 0 0 0 0 0 0 48 0 0 0 0 0 1 0 0 0 0 0 0 17 14 0 0 0 0 0 0 0 0 0 0 0 0 0 
 116 241 67 269 79 37 172 70 71 251 52 22 0 365 94 103 29 23 271 186 2 0 0 0 0 2 0 0 0 0 0 0 1 0 4 0 2 3 0 3 0 0 0 38 1 0 0 0 0 0 0 0 0 0 3 0 0 2 3 0 0 0 0 0 0 0 3 0 0 0 0 0 0 2 0 0 0 0 3 0 37 9 14 0 1 0 12 0 0 14 0 15 2 15 22 19 20 0 12 5 0 0 0 0 0 0 0 0 1 0 0 0 0 0 0 0 0 0 0 0 0 0 0 0 0 0 0 0 0 0 0 0 0 0 0 0 0 0 0 0 0 0 0 0 0 0 0 0 0 0 0 0 0 0 0 0 0 0 0 0 9 11 12 2 0 0 27 0 16 0 0 7 27 1 18 0 26 14 22 0 0 0 0 0 0 0 0 0 0 0 0 0 0 0 0 0 0 0 0 0 0 0 0 0 0 0 0 35 0 0 0 0 0 0 0 0 0 0 0 0 0 0 0 0 0 0 0 0 0 0 0 0 0 0 0 0 0 0 0 32 0 0 0 0 0 0 0 0 1 2 0 9 0 0 0 0 0 0 0 0 0 0 0 0 0 0 0 0 0 0 0 0 0 0 0 0 0 0 0 0 0 0 0 0 0 0 0 0 0 0 
 198 156 67 159 67 264 228 179 95 71 144 33 365 0 673 40 55 259 336 442 0 0 4 0 1 2 0 6 0 0 0 0 3 2 3 2 6 0 0 5 6 1 0 0 3 0 0 0 0 0 11 0 0 0 3 0 6 0 3 0 4 9 0 3 0 0 0 0 0 3 0 3 0 2 0 0 58 0 5 0 33 0 6 0 0 0 39 12 12 13 0 0 20 10 3 11 14 0 1 57 0 0 0 0 0 0 0 0 0 0 0 0 0 0 0 0 0 0 0 0 0 0 0 0 0 0 0 0 0 0 0 0 0 0 0 1 0 10 0 0 0 0 0 0 0 0 0 0 0 0 0 0 0 0 0 0 0 0 0 0 0 0 0 0 0 0 10 0 0 17 0 0 16 58 0 20 29 0 1 25 0 0 0 0 0 0 0 0 0 0 0 0 0 0 0 0 0 0 0 0 0 0 0 0 0 0 0 0 0 0 0 0 0 0 15 0 0 0 0 0 0 8 0 0 0 0 0 0 0 0 0 0 0 0 0 0 0 0 0 0 0 0 0 0 0 0 1 2 0 0 0 3 16 0 1 0 0 0 0 0 0 0 0 0 0 0 0 0 0 0 0 0 0 0 0 0 0 0 0 0 0 0 0 0 0 0 0 0 0 0 
 152 242 92 190 76 61 331 152 233 373 298 196 94 673 0 174 34 32 78 307 2 0 0 0 0 4 0 1 3 0 0 5 1 3 5 1 2 0 0 3 0 1 0 0 1 0 0 1 0 3 30 3 0 0 3 3 3 3 3 0 0 1 13 0 0 0 3 2 10 9 0 0 0 2 0 3 0 2 3 0 55 21 7 0 26 8 24 13 20 38 0 10 16 5 19 56 38 0 0 13 0 0 0 0 0 0 0 0 0 0 0 0 0 0 0 0 0 0 0 0 0 0 0 0 0 0 0 17 0 0 0 0 0 0 0 0 0 0 0 0 0 0 0 0 0 0 0 7 2 0 6 0 0 0 0 0 0 4 4 0 27 15 66 0 0 2 34 67 10 58 0 31 0 19 12 63 67 3 0 17 0 0 0 0 0 0 0 0 0 0 1 0 1 0 0 0 0 0 6 0 5 0 0 0 0 0 0 0 0 0 0 0 0 0 0 0 0 0 0 0 0 0 0 0 0 0 0 0 0 0 0 0 0 0 0 0 0 0 0 0 0 0 0 0 0 4 2 3 2 3 3 4 19 0 0 0 0 0 0 0 0 0 0 0 0 0 0 0 0 0 0 0 0 1 0 0 0 0 0 0 0 0 0 0 2 0 0 0 0 0 
 81 97 467 168 84 179 35 135 267 223 172 124 103 40 174 0 184 120 46 89 10 0 0 207 1 2 89 0 5 0 2 0 225 12 4 0 2 11 75 150 0 2 0 0 4 0 2 0 0 3 0 0 0 0 3 0 0 0 3 0 0 0 2 0 0 0 3 0 0 0 0 2 0 2 0 4 4 0 3 28 11 0 1 31 30 6 15 18 17 7 23 46 0 0 13 2 15 25 0 0 0 0 0 0 22 0 24 1 0 0 0 0 0 0 0 14 14 0 24 27 0 0 0 0 0 0 0 0 0 0 0 0 0 0 0 0 0 0 1 0 0 0 0 0 0 0 0 18 0 0 0 0 0 0 0 0 0 0 0 0 0 10 13 3 18 65 0 0 25 51 0 33 0 10 13 0 17 10 13 0 0 25 0 0 0 0 14 0 0 0 0 0 0 9 8 0 0 0 0 12 0 0 0 0 0 0 0 0 0 0 6 0 0 0 0 0 0 0 0 0 0 0 0 0 0 0 0 0 0 0 0 0 0 0 0 0 18 0 14 0 0 0 0 0 0 3 1 0 0 98 0 12 0 0 0 0 0 0 0 0 0 0 0 0 0 0 0 0 0 0 0 0 0 0 0 11 11 0 0 0 0 0 0 0 0 0 0 0 0 0 
 175 216 243 154 49 168 33 205 212 302 137 162 29 55 34 184 0 235 60 249 3 1 0 0 0 2 2 0 3 0 2 0 119 0 3 4 6 2 155 5 0 2 3 0 6 0 0 2 2 60 0 8 0 2 3 0 0 1 4 0 0 0 0 5 3 3 0 0 0 3 1 10 0 2 0 0 33 0 3 0 11 0 23 20 28 11 11 47 11 0 30 14 10 11 24 0 9 13 1 10 0 13 0 0 0 0 1 9 0 0 20 0 11 0 0 6 2 0 57 11 0 0 0 0 0 0 0 0 0 0 0 0 0 0 0 0 0 13 2 0 0 0 0 0 0 0 0 0 0 0 0 0 0 0 0 0 0 0 0 0 21 14 11 14 34 10 0 4 0 1 9 0 0 12 0 0 0 0 0 0 0 1 0 0 0 0 2 0 0 0 0 0 13 0 2 24 0 0 11 18 0 0 0 0 0 0 8 0 0 0 7 0 0 0 0 0 0 0 0 0 0 0 0 0 0 0 0 0 0 0 0 0 18 0 0 0 0 0 18 0 0 11 3 0 0 0 0 0 1 2 0 14 0 0 0 0 0 0 0 0 13 0 5 0 0 0 1 0 0 0 0 0 0 2 0 14 0 0 0 0 0 0 0 0 0 0 0 0 0 0 
 36 37 264 189 631 199 30 94 54 150 373 400 23 259 32 120 235 0 33 53 0 0 2 0 0 2 61 0 3 0 0 0 290 0 82 4 2 0 111 261 0 0 26 0 5 0 2 0 2 0 0 0 0 0 68 3 20 0 3 1 0 0 0 39 0 0 1 3 0 0 3 7 0 2 0 0 0 2 5 0 0 0 0 69 8 38 0 0 14 29 7 17 0 0 0 11 13 12 0 0 0 14 70 0 0 0 45 0 0 0 1 0 9 1 29 15 36 0 33 38 0 0 0 0 0 0 0 0 0 0 0 0 0 0 0 0 0 0 0 0 0 0 0 12 0 5 0 0 0 0 0 0 0 0 0 0 0 0 0 0 0 0 0 1 1 13 0 0 22 21 19 0 0 2 0 0 0 21 0 0 11 46 0 0 0 0 52 0 0 16 0 0 22 10 34 1 0 0 29 61 0 0 0 0 0 0 0 0 0 0 22 0 0 0 0 0 0 0 0 0 0 0 0 0 0 0 0 0 0 0 0 0 0 0 0 0 0 0 0 0 0 18 0 0 0 0 87 0 3 4 4 1 0 0 0 0 0 0 0 0 0 0 19 0 0 0 0 0 0 0 0 0 0 0 0 3 14 9 0 0 0 0 0 0 0 0 0 0 0 0 
 59 137 41 74 61 44 123 46 100 78 63 30 271 336 78 46 60 33 0 307 0 0 6 0 0 2 0 75 0 0 0 2 2 0 3 1 2 0 0 3 4 1 0 0 2 5 0 0 0 0 7 0 0 0 3 0 4 0 3 0 0 0 0 8 0 0 6 2 0 7 4 2 2 2 0 0 0 0 9 0 34 0 0 0 0 0 9 0 10 0 0 0 11 15 0 22 21 10 13 35 0 0 15 0 0 0 0 0 0 0 0 0 0 0 0 0 0 0 0 0 0 0 0 0 0 0 0 0 0 0 0 0 0 0 0 0 0 0 0 0 0 0 0 0 0 0 0 0 0 0 0 0 0 0 0 0 0 0 0 0 14 0 1 0 0 0 27 0 1 0 3 9 19 16 0 11 11 0 14 28 0 0 0 0 0 0 0 0 0 0 0 0 0 0 0 0 0 0 13 0 0 0 0 0 0 0 0 0 0 0 0 0 0 0 0 0 0 0 0 0 0 0 0 0 0 0 0 0 0 0 0 0 0 7 0 0 0 0 0 0 0 0 0 0 0 0 0 0 0 0 0 7 21 2 0 0 0 0 1 0 0 0 0 0 0 0 0 0 0 0 0 0 0 0 0 0 0 0 0 0 0 0 0 0 0 0 0 0 0 0 
 95 105 34 156 323 259 68 128 163 96 62 27 186 442 307 89 249 53 307 0 0 3 0 74 1 5 0 0 3 0 0 0 5 0 3 4 2 0 0 5 0 2 0 3 5 2 0 0 0 0 7 0 2 0 3 2 0 3 3 0 5 0 0 7 1 0 2 5 3 5 0 4 2 2 0 0 0 0 3 0 52 0 27 0 0 0 55 18 25 13 18 1 11 22 3 11 16 3 0 23 0 10 0 0 0 0 1 0 0 0 0 0 0 1 0 0 0 1 0 0 0 0 0 0 0 0 0 0 0 0 0 0 14 0 0 0 0 0 0 0 0 0 0 0 0 0 0 0 0 0 0 0 0 0 0 0 0 0 0 0 0 0 0 0 0 0 23 0 0 2 0 0 11 39 0 24 11 0 1 23 0 2 0 0 0 1 0 0 0 0 0 0 0 0 0 0 0 0 0 0 15 0 0 0 0 0 0 0 0 0 0 0 10 0 0 0 0 0 0 0 0 0 0 0 0 0 0 0 0 0 0 0 0 0 0 14 0 0 0 0 0 0 0 0 0 0 2 0 1 0 2 15 12 9 0 0 0 0 0 0 0 0 0 0 0 0 0 0 0 0 0 0 0 0 0 0 0 0 0 0 0 0 0 0 0 0 0 0 0 0 
 0 0 0 75 88 79 0 2 2 0 0 195 2 0 2 10 3 0 0 0 0 97 275 209 114 40 160 142 204 113 113 316 255 600 112 101 339 65 36 64 2 4 5 2 4 0 2 0 4 0 1 267 0 0 0 0 5 0 4 0 0 3 5 6 0 3 0 8 0 1 0 3 0 0 0 0 5 0 0 6 0 0 0 3 0 13 0 0 0 0 0 0 0 0 0 0 0 0 0 0 0 26 1 31 12 18 19 12 7 12 15 13 13 24 45 18 13 12 12 0 0 0 0 0 0 0 0 0 0 0 0 0 0 0 0 1 0 0 25 2 0 3 0 0 0 0 0 0 0 0 0 0 0 0 0 0 11 0 0 0 0 0 0 13 2 0 3 0 0 0 0 0 0 0 0 0 0 11 0 0 32 34 8 3 11 20 7 29 33 16 40 21 20 23 19 0 29 18 11 0 0 0 2 2 0 0 0 0 0 0 0 0 22 0 0 0 0 0 11 8 0 0 0 0 0 0 0 0 0 0 0 0 0 0 0 0 0 0 0 0 0 0 0 0 0 0 0 0 0 75 0 0 0 0 23 0 2 3 2 2 0 17 0 0 0 0 0 0 0 0 0 0 0 0 0 0 0 0 0 0 0 1 0 2 0 11 1 0 0 0 
 0 0 0 0 74 299 0 3 0 0 1 74 0 0 0 0 1 0 0 3 97 0 107 72 64 42 150 166 289 129 317 43 133 102 367 104 266 76 194 146 0 4 3 0 3 0 4 0 0 6 0 69 0 0 0 6 8 0 0 0 0 3 2 3 0 3 0 6 4 0 0 3 0 11 0 0 0 2 0 2 0 0 0 0 0 10 0 0 0 1 0 0 0 0 0 0 0 0 0 0 19 14 12 0 25 0 0 12 2 26 10 23 8 8 45 28 0 30 32 21 0 0 0 0 0 0 0 0 16 0 0 0 0 2 11 0 0 0 1 0 0 0 0 0 0 0 0 0 0 0 0 0 0 0 0 0 0 0 0 0 0 0 2 0 13 31 7 0 0 0 0 0 0 0 0 0 0 6 0 0 13 25 31 0 15 0 23 0 25 0 13 1 23 38 17 28 66 23 0 0 0 11 0 0 0 0 0 0 0 0 0 0 0 0 0 0 0 13 19 0 0 0 0 0 0 0 0 0 0 0 0 19 0 0 0 0 0 0 0 0 0 0 0 0 0 0 72 0 0 0 0 0 0 0 4 0 0 0 0 2 0 0 0 0 0 0 0 0 0 0 0 0 0 0 0 29 0 0 0 0 0 57 0 0 0 0 0 0 0 1 
 0 0 1 0 8 78 0 2 0 0 1 74 0 4 0 0 0 2 6 0 275 107 0 292 143 38 214 169 249 32 426 30 46 200 158 207 272 110 448 65 2 4 34 0 3 0 2 0 0 1 0 62 0 0 0 0 2 0 0 0 0 3 0 2 1 4 0 2 0 0 0 4 0 26 0 0 0 0 0 2 0 0 0 0 0 12 0 0 0 0 0 0 0 0 0 0 0 0 0 0 0 13 3 40 25 32 16 12 23 21 22 15 0 19 15 16 16 0 17 11 0 0 0 1 0 0 0 0 0 0 0 1 0 0 10 0 0 0 31 0 0 1 0 0 0 0 0 0 0 0 0 0 0 0 1 0 0 0 0 0 14 0 0 0 0 2 3 0 0 0 0 0 1 0 0 1 2 4 0 0 29 33 11 0 7 8 18 12 10 16 21 27 51 14 6 8 53 25 0 0 0 11 0 0 0 0 0 0 1 0 0 0 11 2 0 6 0 0 14 0 0 0 0 0 0 1 0 0 0 2 0 0 0 0 0 0 0 0 0 0 0 0 0 0 0 0 0 0 0 0 0 0 0 0 19 0 1 52 3 2 0 14 0 0 0 0 0 0 0 0 0 0 0 0 0 0 0 0 0 0 0 0 0 0 0 2 0 10 0 2 
 2 0 3 0 0 80 0 0 0 0 0 0 0 0 0 207 0 0 0 74 209 72 292 0 59 50 79 154 313 169 63 179 67 318 240 210 210 30 61 98 8 4 3 0 3 0 2 0 0 0 0 1 0 0 0 0 2 0 0 0 0 3 0 2 0 3 0 2 0 0 0 3 0 4 0 0 0 0 0 1 0 0 0 0 0 0 0 0 0 0 28 0 0 0 0 0 0 0 0 0 16 35 0 21 40 8 11 0 28 9 30 35 0 46 0 19 6 0 0 0 0 0 0 0 0 0 0 0 0 0 0 0 8 0 9 0 0 0 56 0 0 0 0 0 0 0 0 0 0 0 0 0 0 0 0 0 0 0 0 0 0 0 0 0 0 0 0 0 0 0 0 0 0 0 0 0 0 2 0 0 28 29 0 12 6 12 17 20 0 6 21 26 13 31 9 11 31 81 0 0 1 16 0 0 0 0 0 0 0 0 0 0 7 0 0 0 0 0 50 8 0 0 0 0 0 0 0 0 0 0 0 0 0 0 0 0 0 0 0 0 0 0 1 0 0 0 0 0 0 0 0 0 0 0 8 0 0 77 6 2 12 0 0 0 0 0 0 0 0 0 0 0 0 0 0 0 0 0 0 0 0 0 0 0 0 10 0 0 0 0 
 0 0 0 0 0 0 0 0 0 0 0 0 0 1 0 1 0 0 0 1 114 64 143 59 0 117 43 75 68 120 77 190 61 225 71 152 75 43 62 71 133 2 3 0 3 0 65 63 68 1 1 0 0 1 0 0 2 0 1 65 0 3 0 3 0 4 0 2 0 0 0 3 0 0 0 5 1 0 0 1 0 0 0 0 0 0 0 0 0 0 0 0 0 0 0 0 0 2 0 0 0 0 0 18 25 21 0 0 19 0 0 0 0 0 16 0 36 8 0 0 20 27 0 0 0 0 10 0 70 8 10 0 15 0 24 13 44 0 8 55 0 3 0 0 0 0 0 0 0 0 0 0 2 0 0 1 0 0 1 0 0 0 0 0 0 3 0 0 0 0 0 0 0 0 0 0 0 0 2 47 0 0 13 0 0 24 0 14 0 39 29 0 0 0 0 12 0 0 1 0 20 0 21 12 0 0 43 14 15 11 0 4 9 14 0 0 11 10 0 0 0 1 0 0 0 0 0 0 0 0 0 0 0 0 0 0 0 0 0 0 0 0 12 0 0 0 0 0 0 0 0 0 0 0 18 0 3 97 73 11 2 10 0 0 0 0 0 0 0 0 0 0 0 0 0 0 0 0 0 0 0 0 0 0 0 0 0 5 0 0 
 4 2 2 2 2 2 3 2 5 2 2 2 2 2 4 2 2 2 2 5 40 42 38 50 117 0 47 110 433 148 95 261 25 444 272 160 186 107 49 71 61 4 3 0 3 0 65 0 1 0 1 0 68 64 0 64 64 0 130 16 0 3 0 3 0 3 0 2 0 0 0 3 0 4 0 0 0 0 0 2 0 0 0 0 0 0 0 0 0 0 0 0 0 0 0 0 0 0 0 0 13 0 77 26 0 9 1 0 13 2 0 0 0 9 0 0 31 17 0 0 13 0 0 10 0 0 29 40 0 0 0 0 9 9 45 10 1 0 12 13 0 0 0 0 0 1 2 0 0 0 0 0 20 0 0 0 0 0 0 0 0 0 2 0 0 0 0 0 0 0 0 0 0 0 9 0 0 0 3 9 0 0 13 20 11 9 0 6 0 20 9 14 0 0 0 28 32 57 0 0 27 35 4 1 0 0 98 8 0 0 0 0 18 12 0 0 0 0 25 6 0 0 0 1 0 0 0 0 0 0 0 0 0 0 0 0 0 0 0 0 0 0 21 0 0 0 0 0 0 0 0 0 0 0 13 1 0 1 96 0 1 0 0 0 0 2 0 0 0 0 0 0 0 0 0 0 0 0 0 9 0 0 0 0 0 0 0 0 0 0 
 0 0 76 0 74 1 0 3 3 0 73 2 0 0 0 89 2 61 0 0 160 150 214 79 43 47 0 99 62 35 43 104 110 157 109 138 47 32 220 61 0 3 3 0 3 0 2 0 0 0 0 1 0 0 0 0 2 0 0 0 0 3 0 2 0 3 0 3 0 0 0 3 5 0 0 0 0 0 4 1 0 0 0 0 0 0 0 0 0 7 0 22 0 0 0 0 0 0 0 0 1 18 13 14 0 9 23 3 23 8 7 3 0 0 0 8 30 19 1 9 0 0 0 0 0 0 0 0 0 0 0 0 0 0 0 0 0 0 29 0 0 3 0 10 0 0 0 0 0 0 0 0 0 0 0 0 0 0 0 0 0 0 0 0 0 0 0 0 4 0 0 0 0 0 0 0 7 0 0 0 17 0 8 19 12 12 0 15 1 7 10 0 2 7 9 1 25 15 1 0 0 0 0 0 0 9 0 0 0 0 0 0 0 0 0 0 0 2 0 1 0 4 0 0 0 0 4 0 0 0 0 0 0 0 0 0 0 1 0 0 0 0 0 0 0 0 0 0 0 71 0 0 0 0 5 0 0 89 0 0 0 10 0 0 0 0 0 0 0 0 0 0 25 0 0 0 9 0 0 0 0 0 0 0 0 9 14 0 0 0 
 0 1 0 80 73 67 0 2 0 0 2 74 0 6 1 0 0 0 75 0 142 166 169 154 75 110 99 0 112 163 46 90 113 173 98 123 40 17 133 47 0 4 3 0 3 0 2 0 0 0 1 2 0 0 0 0 2 0 0 0 0 3 0 3 0 3 0 33 0 0 0 2 0 0 0 0 0 0 0 3 0 1 2 0 0 18 0 0 8 1 0 14 0 0 0 0 0 8 0 0 20 21 0 80 12 0 13 0 8 0 43 0 27 0 18 14 51 35 0 0 0 0 0 0 0 0 1 2 0 0 0 0 9 0 16 0 0 0 0 0 2 2 0 0 0 0 1 0 0 0 2 0 0 0 0 0 0 0 0 0 6 0 0 0 0 7 0 0 0 0 0 1 0 1 0 0 0 28 0 0 0 0 8 23 1 17 29 16 10 59 13 16 0 23 11 47 3 0 10 1 0 0 0 0 0 0 0 0 0 0 8 0 11 0 0 0 0 0 7 1 0 0 0 0 0 0 2 0 0 0 0 2 0 0 0 0 0 0 0 0 0 0 14 0 0 0 0 0 0 80 0 13 0 2 13 0 0 80 77 0 5 1 0 0 0 0 0 0 0 0 0 0 0 0 0 0 0 2 0 0 0 0 0 0 0 0 0 0 0 0 
 59 3 0 0 1 98 0 4 5 0 0 0 0 0 3 5 3 3 0 3 204 289 249 313 68 433 62 112 0 102 41 215 284 195 163 68 92 435 61 65 0 3 0 0 3 0 2 0 0 0 0 1 0 0 1 0 0 0 0 0 0 0 2 0 0 4 0 0 0 0 0 0 0 7 0 7 49 0 0 2 0 0 0 0 0 12 0 0 0 0 9 0 0 1 0 0 0 0 0 0 0 36 25 21 10 13 2 19 29 33 0 12 1 19 18 21 9 0 15 0 0 0 0 0 0 0 0 0 0 0 0 0 0 0 9 0 0 0 0 12 0 0 0 0 0 0 0 0 0 0 0 0 0 0 0 0 0 0 0 0 0 13 0 0 0 10 4 0 0 0 0 0 0 2 0 0 0 6 0 0 22 58 20 0 13 0 16 18 32 0 26 0 35 0 3 16 57 12 0 0 0 0 0 0 0 0 2 0 0 0 0 0 0 0 0 0 0 0 14 3 0 0 0 1 0 0 0 0 0 0 0 0 0 0 0 0 0 0 0 8 0 0 0 0 0 0 0 0 0 0 0 2 0 0 7 2 2 0 0 2 3 2 0 0 0 0 0 0 0 0 0 0 0 0 0 0 0 0 0 0 0 29 0 0 0 0 0 0 0 0 
 0 0 0 0 0 68 0 2 0 0 1 1 0 0 0 0 0 0 0 0 113 129 32 169 120 148 35 163 102 0 115 266 34 334 170 295 122 238 56 142 2 4 2 0 3 0 9 0 0 207 3 65 89 3 0 1 4 0 3 107 0 3 0 4 0 9 0 2 0 0 2 3 0 0 0 1 0 2 3 0 0 0 0 0 1 0 0 0 0 0 0 0 0 0 0 0 0 0 0 0 15 0 12 37 10 10 0 0 64 13 31 0 4 33 0 14 41 50 0 0 0 2 17 0 0 3 13 4 49 0 0 0 10 0 70 0 0 0 0 14 0 0 0 0 4 0 0 0 0 0 0 0 12 0 0 0 0 0 0 0 8 0 0 0 0 0 0 0 0 0 0 0 0 0 0 0 0 0 0 0 0 49 10 23 8 25 21 8 0 1 11 48 0 10 0 18 0 0 0 0 24 14 14 0 0 0 27 0 17 0 0 0 0 0 0 0 0 0 64 22 0 0 0 0 0 0 0 0 0 0 1 0 0 0 0 2 0 0 0 0 0 0 21 0 0 0 0 0 0 0 0 0 0 0 5 2 3 0 75 1 10 2 0 0 0 0 1 0 0 0 0 0 0 0 0 0 0 0 0 3 0 0 0 0 0 0 0 0 0 0 
 0 233 3 0 0 73 0 1 0 0 2 0 0 0 0 2 2 0 0 0 113 317 426 63 77 95 43 46 41 115 0 134 48 126 87 325 276 284 180 59 0 4 3 0 3 0 8 0 0 0 2 0 33 0 210 20 2 62 63 0 0 3 0 3 0 16 0 2 0 0 29 3 0 0 0 0 0 0 0 1 0 0 0 0 0 0 0 0 0 0 0 0 0 0 0 0 0 0 0 0 0 16 0 17 0 40 0 0 10 19 8 2 0 0 11 12 9 19 0 6 0 0 13 0 0 0 1 0 0 0 0 0 20 11 0 19 0 0 17 0 0 4 0 0 0 0 0 0 0 0 0 0 0 0 0 16 0 0 0 0 0 0 0 0 0 2 0 0 0 0 0 3 0 0 0 0 0 0 0 0 19 0 0 10 16 47 0 25 32 20 15 21 8 0 0 7 35 26 0 0 9 24 0 0 0 0 11 20 11 0 0 0 45 0 0 0 0 0 14 30 0 0 0 0 0 0 0 0 0 0 0 0 0 0 0 0 0 0 0 0 0 0 0 0 0 0 0 0 0 0 0 0 0 0 5 0 2 80 1 2 0 18 0 0 0 0 15 0 0 0 0 0 0 0 0 0 0 0 0 0 0 2 0 0 0 13 0 0 0 0 
 1 8 0 0 0 0 1 2 3 0 1 0 0 0 5 0 0 0 2 0 316 43 30 179 190 261 104 90 215 266 134 0 60 148 47 190 176 122 27 45 0 4 3 0 3 0 3 0 0 66 1 0 0 0 0 1 2 0 0 94 0 3 0 3 0 3 0 3 0 0 0 3 0 2 0 0 0 0 0 1 0 0 0 0 0 2 0 0 0 0 0 0 0 0 0 0 0 0 0 0 7 0 46 28 10 24 0 28 26 13 0 0 0 26 0 0 31 24 0 0 0 0 0 0 0 0 1 2 0 8 12 0 2 0 19 0 0 0 19 90 1 11 2 0 0 0 0 0 0 0 0 0 0 0 0 0 0 0 0 0 0 0 0 0 0 6 0 0 0 0 0 0 0 0 0 0 0 0 5 8 0 28 19 0 9 18 0 8 0 4 13 2 0 0 1 18 43 13 0 0 23 0 0 16 2 0 0 20 0 0 0 0 0 17 0 0 0 0 29 8 0 0 0 0 0 0 0 0 0 0 0 0 0 0 0 0 0 0 0 0 0 0 19 0 0 0 0 0 0 0 0 0 0 0 16 0 6 0 74 1 2 15 0 0 0 0 0 0 0 0 0 0 0 0 0 0 0 0 0 2 0 10 0 0 0 0 0 0 0 0 
 4 1 211 81 76 156 2 256 75 251 123 78 1 3 1 225 119 290 2 5 255 133 46 67 61 25 110 113 284 34 48 60 0 60 43 465 48 251 426 92 0 4 8 0 3 1 2 0 62 0 0 2 0 0 0 0 2 0 0 0 0 3 52 3 0 3 0 2 2 0 0 7 0 0 2 0 0 0 0 1 0 0 0 1 12 17 0 0 26 16 16 39 0 0 0 0 8 3 0 0 7 1 12 0 0 0 22 9 0 0 0 0 31 0 15 1 0 17 19 32 0 0 0 0 0 0 0 0 0 0 0 0 0 0 0 0 0 0 0 0 0 0 0 5 0 8 0 7 0 0 0 0 0 0 0 0 0 0 0 0 0 0 12 31 13 30 0 0 11 3 13 2 0 0 0 0 0 0 0 0 10 0 1 0 0 0 0 0 0 1 0 0 30 31 12 10 0 0 0 56 0 0 0 0 0 0 0 0 0 0 9 0 0 0 0 10 0 0 0 0 0 0 0 0 0 0 0 0 0 0 0 0 0 0 0 0 0 0 0 0 0 12 0 0 0 0 2 0 0 61 0 0 0 0 17 0 2 0 0 0 3 0 12 0 0 0 0 0 0 0 0 0 0 0 0 28 16 15 0 0 0 0 0 0 0 0 0 0 0 0 
 0 0 0 0 0 79 0 3 3 0 0 76 0 2 3 12 0 0 0 0 600 102 200 318 225 444 157 173 195 334 126 148 60 0 101 50 46 193 74 409 5 3 3 0 3 0 2 0 0 0 0 265 0 0 0 0 2 0 0 0 0 5 0 3 0 3 52 2 0 0 0 54 0 5 4 0 0 0 53 2 0 0 0 0 0 7 0 0 0 0 0 0 0 0 0 0 2 0 0 0 8 0 34 52 0 36 15 4 39 26 1 37 0 45 4 11 21 0 18 0 0 0 0 0 0 0 0 0 0 0 0 0 0 22 0 0 0 2 48 12 0 1 0 0 0 10 0 0 0 0 0 0 0 0 0 0 0 0 0 0 0 0 0 0 1 0 4 2 0 6 0 0 0 1 0 0 0 6 0 0 21 38 26 15 12 9 0 42 0 26 29 20 21 0 0 0 19 1 1 0 0 0 1 0 0 0 2 0 0 0 0 0 13 0 0 0 0 0 5 4 0 0 0 0 0 0 0 0 0 0 0 0 18 0 0 0 0 0 0 0 0 0 0 0 0 0 0 0 0 0 0 0 0 0 18 0 0 46 80 1 3 30 0 0 0 0 0 0 0 0 0 0 0 0 0 0 0 0 0 0 0 0 0 0 0 0 0 0 0 0 
 4 5 5 4 4 2 3 6 3 3 3 3 4 3 5 4 3 82 3 3 112 367 158 240 71 272 109 98 163 170 87 47 43 101 0 139 343 41 46 195 4 4 3 0 3 0 5 0 1 3 0 5 0 0 0 3 5 0 0 0 0 3 1 3 0 3 0 4 2 0 4 3 0 4 0 0 0 1 0 5 0 0 0 0 5 0 0 0 0 0 0 0 0 0 0 0 0 0 0 0 22 22 12 16 11 0 31 0 38 34 19 9 16 16 8 0 7 0 0 0 0 0 0 0 0 0 0 0 0 0 0 0 0 0 8 0 0 0 19 0 0 0 0 4 0 7 0 0 0 0 0 1 0 0 0 0 0 0 0 0 21 0 0 0 5 0 0 0 0 0 0 0 0 0 0 0 0 0 0 0 10 7 17 0 0 0 32 0 0 0 14 11 54 14 0 30 67 12 0 16 0 20 0 0 0 0 0 0 0 0 0 0 0 1 0 0 0 0 11 0 0 0 8 0 0 0 0 0 0 0 0 0 0 0 0 0 0 0 0 0 0 0 0 0 0 0 37 0 1 0 0 0 0 0 0 0 2 0 78 0 11 0 0 0 0 0 5 0 0 0 0 0 0 0 0 0 0 10 0 0 0 0 0 0 0 0 0 0 0 1 
 3 0 0 0 4 1 1 4 2 0 0 0 0 2 1 0 4 4 1 4 101 104 207 210 152 160 138 123 68 295 325 190 465 50 139 0 488 195 52 75 0 3 3 10 9 12 2 0 0 3 1 3 65 0 7 0 2 3 0 0 2 6 0 12 0 4 0 2 0 0 0 5 3 8 0 0 0 0 1 9 0 0 0 0 0 0 0 0 0 0 0 0 0 0 0 0 0 0 0 0 1 15 7 36 9 16 1 10 12 42 19 7 8 10 0 8 17 13 0 22 0 0 1 0 0 0 18 33 0 0 0 0 0 0 42 0 0 0 0 0 0 0 0 0 0 0 0 0 0 9 0 0 0 0 0 0 0 0 0 0 12 0 0 0 2 0 0 0 0 0 0 5 0 0 0 0 0 0 0 0 8 10 6 7 51 1 0 15 58 19 11 16 10 1 6 43 20 8 0 0 27 23 0 0 0 0 23 0 22 0 0 0 1 0 0 7 0 0 22 24 0 0 0 0 0 0 0 8 0 0 0 0 0 0 0 0 0 0 0 0 0 0 8 0 0 0 0 0 0 0 0 0 0 0 11 2 2 1 1 0 3 1 0 0 0 0 14 0 0 0 0 0 0 0 3 0 0 0 0 0 0 14 0 0 0 11 0 0 0 0 
 3 2 2 2 3 84 2 7 3 2 2 2 2 6 2 2 6 2 2 2 339 266 272 210 75 186 47 40 92 122 276 176 48 46 343 488 0 220 121 113 0 5 3 0 6 9 2 0 0 0 6 3 65 0 0 2 2 6 28 0 0 5 2 3 0 5 0 2 0 0 0 6 0 3 0 3 2 2 0 2 0 0 0 2 0 0 0 0 0 0 2 0 12 0 0 0 0 0 0 0 1 21 0 0 27 18 0 6 28 9 6 0 0 0 13 17 0 19 13 3 0 0 0 0 1 0 13 0 0 0 0 0 11 11 9 1 0 7 43 0 4 0 0 0 0 0 0 0 0 0 0 0 0 0 0 0 0 0 0 0 0 0 0 0 0 10 0 0 0 0 1 1 0 0 0 0 0 0 1 0 18 0 1 11 27 2 12 14 20 9 25 20 2 18 4 20 47 51 0 0 15 12 0 0 0 0 13 0 13 0 0 0 10 0 0 0 0 0 2 26 2 0 0 0 0 0 0 0 0 0 0 0 0 0 0 0 0 0 0 0 0 0 0 0 0 0 1 0 0 1 0 0 0 0 11 0 2 2 97 4 2 0 15 0 0 0 21 0 0 0 0 0 0 0 0 0 0 0 0 0 0 3 0 0 0 9 0 0 0 0 
 0 0 0 0 0 0 0 1 0 2 0 2 3 0 0 11 2 0 0 0 65 76 110 30 43 107 32 17 435 238 284 122 251 193 41 195 220 0 38 63 0 5 2 0 3 0 40 0 0 0 2 0 73 62 0 6 2 0 152 56 0 3 0 1 0 3 0 2 0 0 0 3 0 7 0 0 0 0 0 0 0 0 0 0 0 0 0 0 0 0 0 0 0 0 0 0 0 0 0 0 0 0 40 4 17 11 0 0 2 0 3 5 0 0 0 0 19 35 0 0 11 0 0 0 0 0 31 54 0 0 0 0 26 12 63 15 0 1 9 2 0 0 0 0 5 0 0 0 0 0 0 0 22 0 0 0 0 0 0 2 0 0 0 0 0 0 0 0 0 0 0 0 0 0 0 0 0 0 4 0 0 0 5 38 22 9 0 9 0 0 9 15 0 0 0 31 25 34 0 0 35 21 20 1 0 0 40 3 0 0 0 0 26 11 0 0 0 0 32 10 0 23 0 0 0 0 0 0 10 0 2 0 0 0 0 1 0 0 0 0 0 0 18 0 0 0 0 0 0 0 0 0 0 0 18 32 0 2 0 0 2 2 0 0 0 0 0 0 0 0 0 0 0 0 0 0 0 0 0 9 0 0 0 0 0 0 0 0 0 0 
 2 0 23 1 36 113 0 0 19 84 4 1 0 0 0 75 155 111 0 0 36 194 448 61 62 49 220 133 61 56 180 27 426 74 46 52 121 38 0 239 0 2 5 0 3 4 2 0 0 0 0 0 0 0 201 0 2 0 0 0 0 3 0 2 0 3 0 2 0 0 34 8 0 0 20 0 0 0 0 1 0 0 0 45 18 11 0 0 1 0 11 10 0 0 0 0 0 1 0 0 19 1 10 0 0 0 11 8 0 19 16 9 12 13 58 20 20 11 18 38 0 0 13 0 0 0 0 0 0 0 0 0 0 0 0 0 0 0 0 0 0 0 0 0 0 0 0 0 0 0 0 0 0 0 0 0 0 0 0 0 0 0 1 0 34 35 0 0 3 0 11 0 0 0 0 0 0 0 0 0 22 16 14 0 21 0 39 0 21 0 0 0 14 0 11 21 2 5 0 16 0 0 0 0 0 0 0 0 0 0 10 0 0 0 0 0 0 0 0 0 0 0 0 0 0 4 0 0 0 0 0 0 0 0 0 0 0 0 0 0 0 15 0 0 0 0 3 0 0 73 0 0 2 0 12 0 1 0 0 2 0 0 10 0 0 0 0 0 0 0 0 0 0 0 0 0 17 0 0 0 0 0 0 0 0 0 0 0 0 0 
 3 3 78 155 274 78 3 3 3 30 128 152 3 5 3 150 5 261 3 5 64 146 65 98 71 71 61 47 65 142 59 45 92 409 195 75 113 63 239 0 5 9 3 2 6 0 2 0 60 270 2 4 0 0 2 6 10 3 2 0 2 9 2 3 0 3 0 11 6 0 0 9 0 0 0 0 2 1 1 3 0 0 0 32 13 10 0 0 0 33 0 12 0 0 0 10 0 12 0 0 9 9 30 0 12 0 37 0 28 13 11 10 16 16 23 11 18 0 13 12 0 0 0 23 0 1 0 0 0 0 0 0 0 34 0 0 0 0 6 21 0 0 0 17 0 5 0 0 0 0 0 0 0 0 0 0 0 1 0 0 1 0 1 0 1 10 0 0 4 0 19 0 0 0 0 0 1 27 0 0 10 29 9 0 0 0 35 12 0 16 14 16 13 44 62 18 11 0 9 41 0 1 0 0 0 0 0 0 0 0 1 2 2 0 0 1 0 0 0 0 0 0 0 0 0 0 0 0 2 0 0 0 0 0 0 0 0 0 0 1 0 0 0 0 0 0 22 0 0 136 2 0 0 0 12 0 0 0 3 0 4 1 0 0 0 0 0 0 0 0 0 0 0 0 0 0 34 11 0 0 0 0 0 0 0 0 0 0 0 0 
 0 0 0 0 0 1 0 3 0 0 29 0 0 6 0 0 0 0 4 0 2 0 2 8 133 61 0 0 0 2 0 0 0 5 4 0 0 0 0 5 0 83 117 101 39 16 74 171 93 101 48 31 55 194 148 78 187 24 171 99 0 0 0 0 0 0 0 0 0 0 0 0 0 0 0 58 0 15 0 0 0 0 0 0 0 0 0 0 0 0 0 0 0 0 0 0 0 0 0 0 0 0 0 0 0 0 5 0 2 0 0 0 0 0 1 1 0 0 0 0 6 32 0 16 0 0 41 1 30 15 0 38 0 29 19 9 2 0 2 0 0 0 0 0 0 0 16 0 0 0 0 0 0 0 0 21 0 0 0 0 0 0 0 0 0 1 0 0 0 0 0 0 0 0 0 0 16 0 0 0 0 0 0 0 0 0 1 0 0 0 3 3 0 0 0 0 5 0 0 0 2 0 17 0 0 2 5 17 19 0 11 0 0 9 59 1 19 3 0 7 0 0 0 0 0 0 9 0 0 0 0 0 0 9 0 0 0 0 0 15 0 18 0 0 0 0 0 0 0 0 0 0 0 1 0 0 0 0 3 0 0 0 0 1 0 0 0 0 0 0 0 0 0 0 0 0 0 0 0 0 0 0 0 0 0 18 0 25 2 37 
 1 65 0 0 0 1 2 0 1 2 0 0 0 1 1 2 2 0 1 2 4 4 4 4 2 4 3 4 3 4 4 4 4 3 4 3 5 5 2 9 83 0 111 109 39 20 167 158 62 36 104 55 121 49 460 104 77 39 33 193 0 0 0 0 0 0 0 0 0 0 0 0 0 0 30 0 0 5 0 0 0 0 0 0 0 0 0 0 0 0 0 0 0 0 0 0 0 0 0 0 0 0 0 0 0 4 0 0 0 0 0 0 0 0 0 0 0 0 0 0 1 47 15 15 0 2 0 11 21 23 40 18 0 6 15 0 29 38 0 11 0 0 0 0 0 0 9 0 0 0 0 0 30 0 0 0 0 6 0 11 0 3 0 0 0 7 0 0 0 0 0 0 0 0 0 0 0 0 0 0 9 0 0 0 0 0 0 0 0 0 0 0 0 0 0 0 0 0 0 0 25 0 0 28 50 0 0 0 0 0 0 29 0 4 11 12 6 26 0 6 0 0 0 0 0 0 0 0 0 0 0 0 0 3 7 0 0 0 0 9 0 0 0 0 0 0 0 0 0 0 0 7 0 0 0 0 0 1 2 0 0 0 2 70 0 1 1 0 1 0 0 0 0 0 0 0 0 0 0 0 0 0 0 0 9 15 0 0 2 0 
 0 0 0 5 0 0 0 3 0 5 88 5 0 0 0 0 3 26 0 0 5 3 34 3 3 3 3 3 0 2 3 3 8 3 3 3 3 2 5 3 117 111 0 219 133 48 74 186 228 240 111 39 60 42 174 54 334 219 95 106 0 0 0 0 0 0 0 0 0 0 0 0 0 0 0 0 0 0 0 0 0 0 0 0 0 0 0 0 27 0 0 6 0 0 0 0 0 0 0 13 0 0 0 0 0 0 0 0 20 0 0 0 8 0 0 0 0 0 0 1 0 12 27 21 2 23 0 0 0 10 0 0 0 15 11 0 20 0 0 0 22 0 0 1 0 0 0 20 1 0 0 4 10 0 0 0 0 0 19 0 10 0 0 0 1 0 0 0 0 10 0 0 0 0 0 0 0 0 0 0 0 0 0 0 0 0 0 0 0 0 0 0 7 0 0 0 0 0 3 3 0 18 0 10 11 27 0 0 1 81 0 1 0 0 14 51 3 0 0 0 6 2 8 0 0 0 0 3 0 0 22 0 29 13 14 0 0 0 7 0 0 4 20 0 0 0 0 0 0 0 0 6 0 0 0 0 0 0 0 1 0 29 20 0 0 18 0 0 0 0 0 0 0 0 0 0 0 0 0 0 0 2 0 0 10 12 0 12 2 0 
 0 0 0 0 0 0 0 3 0 29 0 0 38 0 0 0 0 0 0 3 2 0 0 0 0 0 0 0 0 0 0 0 0 0 0 10 0 0 0 2 101 109 219 0 128 319 162 130 116 345 160 61 123 64 154 139 576 147 103 74 6 0 3 0 0 0 0 0 0 0 0 0 0 1 1 0 0 6 0 0 0 0 0 0 0 0 0 0 0 0 0 0 0 0 0 0 0 0 0 0 0 0 0 0 0 0 0 0 0 0 0 0 0 0 0 0 0 0 0 0 1 15 1 30 6 8 0 28 22 0 0 52 0 17 0 6 53 15 0 14 12 0 0 1 0 0 40 3 0 11 6 4 0 0 10 3 1 14 0 13 0 0 0 0 0 0 0 0 0 0 0 0 0 0 0 1 10 0 0 0 0 0 0 0 0 0 0 0 0 0 8 0 0 0 0 0 0 0 0 0 0 0 14 13 28 3 0 0 4 0 17 7 0 23 21 9 22 23 0 8 0 16 3 0 3 0 4 21 6 0 0 0 0 0 23 0 0 3 0 29 0 0 19 0 0 0 0 0 0 0 0 13 0 0 0 0 0 0 0 0 0 0 0 88 2 0 3 1 0 0 3 0 0 0 0 0 0 0 0 0 0 0 0 0 0 25 0 0 2 0 
 3 1 3 1 3 2 3 6 3 1 1 1 1 3 1 4 6 5 2 5 4 3 3 3 3 3 3 3 3 3 3 3 3 3 3 9 6 3 3 6 39 39 133 128 0 473 58 135 599 130 77 140 59 46 133 245 66 84 297 135 0 0 1 0 9 0 54 0 0 8 6 5 0 0 2 27 5 40 13 65 0 0 0 0 0 0 0 0 0 0 0 0 0 0 0 0 0 0 0 0 0 0 0 0 0 0 0 0 0 0 0 0 0 0 0 0 0 0 0 0 0 0 9 15 20 43 0 0 0 0 0 16 0 0 0 0 0 7 0 0 0 10 0 5 0 3 9 17 11 0 10 1 9 0 10 0 0 0 21 12 12 0 0 0 0 0 0 0 0 0 0 0 0 0 0 0 0 0 0 0 0 0 0 0 0 0 0 0 0 0 0 0 0 0 0 0 0 0 0 0 0 0 14 4 0 9 0 0 0 14 6 0 0 0 0 0 17 21 0 0 21 0 0 10 0 16 14 19 0 18 4 7 15 1 9 14 21 0 24 36 0 0 0 0 0 0 0 0 0 0 0 15 0 0 0 0 0 0 0 9 0 0 4 0 2 26 10 64 2 0 0 0 0 0 0 0 0 0 0 0 0 0 0 0 1 18 0 0 2 0 
 61 0 0 4 4 0 0 0 4 0 0 0 0 0 0 0 0 0 5 2 0 0 0 0 0 0 0 0 0 0 0 0 1 0 0 12 9 0 4 0 16 20 48 319 473 0 12 34 42 60 75 231 255 39 250 90 94 148 79 53 1 0 23 0 1 0 104 0 3 1 51 0 3 50 1 63 56 0 58 62 0 0 0 0 0 11 0 0 0 0 4 0 0 0 0 0 0 0 0 0 11 1 0 0 0 0 0 7 0 0 0 0 0 48 0 0 0 0 0 9 0 0 0 14 0 21 0 0 0 0 0 0 0 10 0 0 0 1 0 0 0 29 1 5 0 20 23 24 39 13 19 1 8 1 26 7 0 10 0 21 0 0 0 0 3 0 0 0 0 0 7 0 0 0 1 0 28 0 0 0 4 2 0 0 0 0 10 5 0 0 0 0 0 0 0 0 0 0 0 0 0 0 11 7 0 0 0 0 0 0 23 0 0 0 0 0 0 1 0 0 29 0 8 11 0 14 0 23 7 19 19 3 0 0 17 34 33 20 11 44 0 0 0 0 0 0 4 0 0 0 0 5 0 0 0 0 0 0 0 1 51 0 0 0 1 4 0 2 0 0 0 0 0 0 0 0 0 0 0 0 0 0 0 0 0 0 0 0 2 0 
 0 0 0 0 0 1 0 2 0 0 0 0 0 0 0 2 0 2 0 0 2 4 2 2 65 65 2 2 2 9 8 3 2 2 5 2 2 40 2 2 74 167 74 162 58 12 0 250 485 47 44 19 96 62 109 280 154 32 74 275 0 0 1 0 0 4 0 2 2 0 0 0 5 0 0 1 0 1 0 0 10 0 0 0 0 1 0 0 0 0 0 0 0 0 0 0 0 0 0 0 0 0 7 6 13 5 0 0 0 0 4 7 0 0 0 0 12 0 0 0 22 28 12 10 10 0 25 3 43 3 0 10 20 1 1 18 21 0 12 11 0 0 0 0 0 0 6 0 0 0 0 0 0 0 0 0 0 0 0 0 0 0 0 0 0 1 0 0 0 0 0 0 0 0 0 0 0 0 1 0 0 0 1 20 2 12 0 0 0 1 0 12 0 0 0 1 0 2 0 0 33 0 9 6 4 0 0 16 11 8 0 7 35 7 17 23 7 0 1 11 0 0 0 0 0 0 0 0 0 6 0 0 0 0 0 0 0 0 0 0 0 0 0 0 0 0 0 0 0 0 0 8 0 2 0 0 0 56 0 0 0 0 1 3 0 0 2 0 2 0 0 0 0 0 0 0 0 0 0 0 0 0 0 0 0 0 0 0 0 0 
 0 0 0 0 0 0 0 2 2 2 1 0 0 0 1 0 2 0 0 0 0 0 0 0 63 0 0 0 0 0 0 0 0 0 0 0 0 0 0 0 171 158 186 130 135 34 250 0 354 281 133 46 175 196 153 44 91 54 59 373 0 0 5 0 0 0 7 8 5 0 0 0 3 4 4 0 0 1 0 0 0 0 0 0 0 0 0 0 0 0 0 0 0 0 0 18 0 0 0 0 0 0 0 0 4 0 0 0 0 0 3 0 0 0 0 2 0 0 0 0 24 0 20 14 28 8 8 6 31 12 0 5 6 0 0 14 23 1 0 0 3 0 0 0 0 0 1 0 0 5 3 6 0 5 2 6 0 0 1 0 0 0 0 0 0 0 0 0 0 0 0 0 0 0 0 0 7 13 10 0 0 0 0 0 0 0 0 0 0 0 0 0 0 0 0 0 0 0 0 0 0 19 0 0 23 15 0 11 37 15 30 14 9 0 18 35 19 0 0 0 0 5 0 0 1 0 8 0 0 0 0 0 25 34 0 0 0 0 9 16 0 0 0 0 0 0 0 0 0 0 0 7 0 0 0 0 0 63 0 0 0 0 0 64 0 1 1 0 0 0 0 0 0 0 0 0 0 0 0 0 0 0 0 0 12 11 0 0 1 0 
 0 0 2 3 0 0 0 1 0 0 0 0 0 0 0 0 2 2 0 0 4 0 0 0 68 1 0 0 0 0 0 0 62 0 1 0 0 0 0 60 93 62 228 116 599 42 485 354 0 412 47 53 70 127 104 93 197 145 176 285 0 0 0 2 3 3 0 0 0 0 0 0 0 0 0 0 0 0 207 0 0 0 0 0 0 0 11 0 0 0 0 0 0 0 0 0 0 0 0 0 0 0 0 0 8 0 0 0 0 0 0 0 0 0 0 0 0 0 0 0 0 14 29 1 7 30 0 0 0 11 0 0 0 28 0 0 19 24 0 0 24 0 0 0 0 0 10 13 0 0 1 5 0 5 0 6 23 0 10 0 0 0 0 0 0 0 0 0 0 0 0 0 0 0 0 0 0 0 0 0 0 0 0 0 0 0 0 0 0 0 0 0 0 0 0 0 0 0 0 0 8 17 12 2 0 12 0 0 40 26 20 0 0 0 2 6 13 8 0 0 0 7 0 0 0 0 8 8 0 0 0 0 11 20 15 0 0 0 26 2 0 0 20 0 0 0 0 0 0 0 0 15 0 1 0 0 0 1 0 11 0 0 1 0 2 15 2 1 3 0 0 0 0 0 0 2 0 0 0 0 0 0 0 0 12 13 0 11 0 0 
 1 0 0 0 63 0 0 3 3 5 1 0 0 0 3 3 60 0 0 0 0 6 1 0 1 0 0 0 0 207 0 66 0 0 3 3 0 0 0 270 101 36 240 345 130 60 47 281 412 0 146 40 110 88 125 361 452 138 113 87 0 0 0 0 2 0 9 6 0 0 0 0 48 9 10 13 24 0 0 0 0 0 22 0 0 0 0 0 0 0 0 9 0 0 0 0 0 0 1 0 0 0 0 0 0 0 0 0 16 8 10 0 0 0 0 0 0 0 0 0 0 14 3 10 13 17 0 0 0 38 0 0 0 14 0 0 19 6 0 18 24 3 4 0 0 0 0 8 0 0 3 0 0 3 7 3 0 0 10 0 0 0 0 0 0 0 0 0 0 0 0 0 0 11 0 0 0 0 0 0 0 0 0 13 0 0 0 0 11 0 0 0 0 0 0 0 0 0 0 0 6 1 0 2 1 29 0 0 24 43 11 12 0 0 62 0 41 0 0 0 0 7 9 0 0 0 1 44 0 0 12 0 34 6 15 0 0 0 0 0 0 0 21 0 0 0 0 0 0 0 0 22 0 0 0 0 0 0 0 18 0 0 65 0 1 12 3 4 3 0 10 0 0 0 0 0 0 0 0 0 0 0 0 0 12 13 0 5 2 0 
 0 0 0 0 0 0 0 3 52 0 0 0 0 11 30 0 0 0 7 7 1 0 0 0 1 1 0 1 0 3 2 1 0 0 0 1 6 2 0 2 48 104 111 160 77 75 44 133 47 146 0 108 97 88 299 137 171 278 257 177 8 5 1 4 9 3 7 9 1 1 8 3 2 0 0 0 9 4 2 4 0 0 3 0 0 0 3 3 0 0 0 0 3 0 0 0 0 1 12 0 0 0 0 0 0 0 0 0 0 0 0 0 0 0 0 0 0 0 0 0 18 29 45 3 4 12 0 39 15 14 20 22 0 7 18 8 15 1 0 11 0 0 0 0 0 0 13 0 0 0 7 0 21 0 0 11 0 9 0 0 0 0 0 0 0 0 0 0 0 0 0 0 0 0 0 0 5 0 0 8 0 0 0 0 0 0 0 0 0 0 0 0 0 0 0 0 0 0 0 0 6 0 0 16 60 22 0 1 10 14 8 50 0 0 39 28 28 13 0 6 0 0 0 0 0 0 4 0 0 0 0 0 14 19 7 0 0 0 0 11 0 0 8 0 0 0 2 0 0 0 0 2 0 0 0 0 0 0 1 11 0 0 0 2 0 0 0 0 0 0 0 0 0 0 0 0 0 0 0 0 0 0 0 0 5 3 0 0 1 1 
 2 2 0 2 64 1 0 2 3 65 67 42 0 0 3 0 8 0 0 0 267 69 62 1 0 0 1 2 1 65 0 0 2 265 5 3 3 0 0 4 31 55 39 61 140 231 19 46 53 40 108 0 46 13 90 94 74 504 37 88 0 0 0 87 3 0 2 0 0 3 0 0 4 1 0 52 4 7 0 25 0 0 0 0 0 7 0 0 0 16 0 0 0 0 0 0 0 0 0 0 16 0 11 0 0 0 1 10 0 0 0 0 0 0 19 9 0 0 12 10 0 1 13 0 0 0 0 0 0 15 14 7 0 1 13 0 0 6 0 0 0 16 0 0 0 0 6 0 21 1 34 1 20 0 22 0 0 0 0 43 0 0 0 14 0 0 8 0 1 0 0 0 0 14 0 0 0 1 0 0 0 0 53 0 0 0 0 0 0 0 17 0 0 0 1 0 0 0 0 10 0 0 0 0 18 0 0 0 0 0 0 21 0 0 0 9 0 16 0 0 12 0 0 11 0 15 0 6 0 21 21 0 13 12 6 28 28 12 7 33 0 0 0 0 0 0 0 0 0 0 0 3 0 0 12 0 0 0 0 2 0 0 3 2 4 2 0 63 0 0 0 0 0 0 0 0 0 0 0 0 0 0 0 0 9 0 0 0 1 0 
 0 0 0 0 0 0 0 0 0 0 0 0 0 0 0 0 0 0 0 2 0 0 0 0 0 68 0 0 0 89 33 0 0 0 0 65 65 73 0 0 55 121 60 123 59 255 96 175 70 110 97 46 0 108 182 46 162 243 212 461 0 0 7 0 0 57 0 0 2 54 0 0 0 0 0 1 0 0 0 0 0 0 0 0 0 0 0 0 0 0 0 0 0 0 0 0 0 0 0 0 0 0 0 0 1 4 0 0 0 0 0 0 0 0 0 0 0 2 0 0 21 27 24 10 0 0 0 0 9 13 0 13 0 9 39 5 8 0 0 0 0 0 0 0 3 0 0 0 0 0 0 0 40 0 0 0 0 0 0 0 0 0 0 0 0 1 0 0 0 0 14 0 0 0 0 0 0 0 0 0 0 0 0 0 0 28 0 0 0 0 0 14 0 0 0 0 0 0 0 10 51 14 31 1 14 5 19 1 30 12 0 8 0 0 14 12 0 0 0 39 0 0 0 0 0 0 0 0 0 0 0 0 0 0 0 0 0 0 20 0 0 0 0 0 0 0 0 0 0 0 0 4 0 0 0 0 0 0 0 0 0 0 0 5 1 0 2 0 1 0 0 0 0 53 0 0 0 0 0 0 0 0 0 0 10 0 0 24 2 0 
 0 0 0 0 0 0 0 0 0 0 0 0 0 0 0 0 2 0 0 0 0 0 0 0 1 64 0 0 0 3 0 0 0 0 0 0 0 62 0 0 194 49 42 64 46 39 62 196 127 88 88 13 108 0 121 113 41 32 168 194 0 0 0 0 0 0 3 4 0 26 0 0 0 11 10 17 1 3 0 0 0 0 0 0 0 0 0 0 0 0 0 0 0 0 0 0 0 0 0 0 0 0 0 0 12 0 0 0 0 0 0 0 0 0 0 0 0 3 0 0 31 1 23 0 23 8 18 0 15 6 7 4 21 14 7 28 14 27 14 0 0 6 6 0 1 0 9 0 0 1 0 0 6 0 3 0 0 0 18 0 0 0 0 0 0 0 0 0 0 0 0 0 0 0 0 0 29 0 0 0 0 0 0 0 0 0 0 0 0 0 0 12 0 0 0 9 0 0 0 0 9 0 23 0 0 10 18 17 3 1 7 0 49 0 6 12 20 17 0 0 0 0 1 0 0 0 13 17 0 0 0 0 5 15 0 0 0 0 12 12 0 5 0 0 0 0 0 0 0 0 0 6 0 0 0 0 0 50 0 8 0 0 0 0 0 16 0 0 0 0 1 0 0 0 0 0 0 0 0 0 0 0 0 0 0 17 0 0 2 0 
 3 3 6 3 3 3 3 3 67 3 3 3 3 3 3 3 3 68 3 3 0 0 0 0 0 0 0 0 1 0 210 0 0 0 0 7 0 0 201 2 148 460 174 154 133 250 109 153 104 125 299 90 182 121 0 376 135 58 305 118 0 0 0 0 0 0 1 0 0 0 0 0 0 3 3 0 0 0 0 0 0 0 0 0 0 0 0 0 0 0 0 0 0 0 0 0 0 0 0 0 0 0 0 0 0 0 0 0 0 0 0 0 0 0 0 0 0 0 0 0 8 14 14 15 16 19 0 11 8 6 10 23 0 13 9 10 30 5 0 12 0 45 3 0 0 0 1 0 0 1 0 0 5 0 2 1 0 4 8 0 0 0 0 0 0 0 0 0 18 0 0 0 0 0 0 0 4 0 0 0 0 0 0 0 0 0 0 0 0 0 0 0 0 0 0 0 0 0 0 0 0 0 0 9 50 11 0 0 15 11 13 11 0 0 21 75 67 3 0 0 5 7 0 0 0 0 6 13 0 0 0 0 23 22 10 0 0 0 4 25 0 0 10 0 0 0 0 0 0 0 0 11 0 0 0 0 0 0 0 0 0 0 0 64 2 7 2 0 0 0 0 0 0 0 0 0 0 0 0 0 0 0 0 0 11 20 0 0 1 0 
 0 0 3 0 0 3 0 1 3 0 5 0 0 0 3 0 0 3 0 2 0 6 0 0 0 64 0 0 0 1 20 1 0 0 3 0 2 6 0 6 78 104 54 139 245 90 280 44 93 361 137 94 46 113 376 0 132 121 267 136 2 0 0 3 0 2 3 0 0 1 0 5 0 0 0 0 207 0 1 3 0 0 0 0 0 0 0 0 0 0 0 0 0 0 0 0 0 0 0 0 0 0 15 9 0 5 0 0 0 0 6 16 0 0 0 0 0 0 0 0 7 0 22 25 18 35 8 8 21 0 14 5 5 0 0 0 0 2 0 6 0 0 0 0 0 0 39 0 0 0 0 0 1 0 0 0 0 0 14 2 0 37 0 0 0 0 0 0 0 0 0 0 0 0 0 0 0 0 0 0 0 0 1 11 2 0 0 0 0 1 0 0 0 0 0 0 0 1 0 0 10 0 58 14 11 0 0 1 0 10 10 37 6 15 9 6 18 23 1 12 0 0 0 0 4 0 14 0 0 0 0 0 25 22 4 0 0 0 14 22 0 0 0 0 0 29 0 0 0 0 0 9 0 0 0 0 0 0 0 10 0 0 1 0 0 16 4 0 1 0 0 0 0 0 0 0 0 0 0 0 0 0 0 0 0 1 0 0 1 0 
 0 0 0 0 0 0 0 5 3 0 0 0 0 6 3 0 0 20 4 0 5 8 2 2 2 64 2 2 0 4 2 2 2 2 5 2 2 2 2 10 187 77 334 576 66 94 154 91 197 452 171 74 162 41 135 132 0 161 143 43 0 0 0 3 0 0 0 0 0 0 2 0 0 0 6 0 0 0 3 0 0 0 0 0 0 0 0 0 0 0 0 0 0 0 0 0 0 0 0 0 0 0 0 0 0 0 0 0 0 0 0 0 0 0 0 0 0 0 0 0 8 6 0 0 0 0 2 3 23 0 0 4 0 13 1 11 31 0 0 0 14 0 0 0 1 0 5 7 1 0 0 0 1 0 0 0 0 8 0 0 0 0 0 0 0 0 0 0 0 0 0 0 0 0 0 0 4 0 0 38 0 0 0 0 0 0 0 0 0 0 0 0 15 0 0 0 0 0 0 0 7 0 1 10 22 20 0 1 31 15 18 0 0 13 45 12 29 1 0 8 0 2 0 0 1 0 0 3 0 0 1 0 13 1 19 0 0 0 0 19 0 0 39 0 6 1 0 0 0 0 0 9 0 0 0 0 0 0 0 2 0 0 0 65 1 0 3 0 1 0 1 0 0 0 0 0 0 0 0 0 0 0 0 0 0 31 0 22 2 22 
 7 0 2 0 0 26 5 2 0 0 2 0 2 0 3 0 1 0 0 3 0 0 0 0 0 0 0 0 0 0 62 0 0 0 0 3 6 0 0 3 24 39 219 147 84 148 32 54 145 138 278 504 243 32 58 121 161 0 253 42 2 0 1 0 0 0 46 0 0 0 1 0 0 0 0 0 0 0 0 0 0 2 0 5 5 0 0 0 0 7 0 2 0 18 53 15 18 0 0 4 0 0 0 0 0 0 0 0 0 0 0 0 0 0 0 0 0 0 0 0 0 0 6 24 22 18 0 0 0 6 0 1 0 0 0 0 6 7 0 0 15 0 0 0 0 0 1 43 21 0 7 0 1 9 7 3 0 0 38 1 8 2 3 1 0 0 3 6 5 0 0 7 0 0 5 0 12 2 0 0 0 0 0 0 0 0 0 0 0 0 0 0 2 0 0 0 0 0 25 1 0 0 29 13 0 10 0 0 18 6 18 7 0 0 0 0 0 6 0 0 6 10 0 0 0 0 10 32 6 0 1 0 11 0 15 19 0 0 21 1 0 0 12 0 0 0 0 0 0 0 0 3 0 0 0 0 0 0 0 7 0 1 72 2 65 14 0 0 0 0 10 0 0 0 0 0 0 0 0 0 0 3 0 0 18 16 0 0 1 0 
 7 3 3 3 3 3 3 3 3 3 3 3 3 3 3 3 4 3 3 3 4 0 0 0 1 130 0 0 0 3 63 0 0 0 0 0 28 152 0 2 171 33 95 103 297 79 74 59 176 113 257 37 212 168 305 267 143 253 0 419 0 0 0 0 0 0 1 0 0 0 0 0 0 0 0 8 0 7 0 0 11 0 0 0 2 0 0 0 0 0 0 0 0 0 0 0 0 0 0 0 0 0 0 0 0 1 0 0 0 9 0 0 0 0 0 0 0 5 0 0 7 19 0 3 0 0 24 2 46 17 7 26 16 78 26 17 0 39 1 1 0 0 0 0 2 0 0 0 0 0 0 0 16 2 0 3 0 0 9 0 0 0 0 0 0 0 0 12 0 0 0 9 0 0 0 0 0 0 1 0 0 0 0 10 15 2 0 13 9 8 0 14 22 0 0 2 13 19 0 0 16 4 36 5 2 65 44 3 22 11 0 0 13 0 11 0 10 8 6 11 0 0 0 0 0 0 1 0 0 0 0 0 0 0 0 0 1 0 0 0 0 0 0 0 46 0 0 0 0 0 0 2 0 2 0 0 0 0 61 2 0 3 0 0 0 2 0 0 0 0 0 0 0 0 0 0 0 0 0 0 0 0 0 0 0 0 0 8 0 0 
 0 0 0 0 0 1 0 1 0 0 0 0 0 0 0 0 0 1 0 0 0 0 0 0 65 16 0 0 0 107 0 94 0 0 0 0 0 56 0 0 99 193 106 74 135 53 275 373 285 87 177 88 461 194 118 136 43 42 419 0 0 0 0 0 0 0 11 0 0 0 0 0 0 0 0 0 0 34 0 0 0 0 0 0 0 0 0 0 0 0 0 0 1 0 0 0 0 0 0 0 0 0 0 0 0 12 0 0 0 0 0 0 0 0 0 0 0 52 0 0 19 11 9 22 23 14 0 2 0 18 27 0 8 0 63 11 3 9 0 0 0 0 0 0 3 0 0 0 0 0 0 0 29 0 0 0 0 0 12 0 0 0 0 0 0 7 0 0 0 0 0 0 0 0 0 0 0 0 0 10 0 0 0 0 9 0 0 0 0 0 0 0 0 0 0 0 0 0 0 0 51 0 9 13 23 31 33 0 0 11 0 47 13 0 11 20 23 0 0 0 0 1 0 0 0 0 6 1 0 0 0 0 0 10 0 0 0 0 0 0 0 0 0 0 0 0 0 0 0 0 0 4 0 0 0 0 0 0 0 0 0 0 0 3 0 4 2 0 0 0 0 0 0 0 0 0 0 0 0 0 0 0 0 0 12 0 0 1 1 0 
 0 0 0 0 0 5 0 5 0 0 0 0 0 4 0 0 0 0 0 5 0 0 0 0 0 0 0 0 0 0 0 0 0 0 0 2 0 0 0 2 0 0 0 6 0 1 0 0 0 0 8 0 0 0 0 2 0 2 0 0 0 168 483 87 21 56 141 81 68 100 100 234 335 50 113 87 32 47 62 328 0 0 0 0 0 0 0 0 0 0 0 0 0 0 0 0 0 0 0 0 0 0 0 0 0 0 0 0 0 0 0 0 0 0 0 0 0 9 0 0 0 0 0 0 13 0 0 0 0 0 0 0 0 0 0 0 0 0 0 0 8 0 9 1 0 0 24 0 18 7 45 8 0 1 13 29 32 19 22 62 0 0 0 0 0 0 0 3 0 0 0 0 0 0 15 0 0 0 0 0 0 0 15 0 0 0 0 0 0 0 0 0 1 0 0 0 0 0 0 0 0 0 0 0 0 19 0 0 0 1 0 0 0 0 0 0 0 0 0 0 6 21 23 0 58 7 12 8 11 19 10 11 22 0 35 11 0 22 1 15 0 0 0 0 0 0 0 0 0 0 0 0 0 0 14 0 0 0 0 0 0 0 0 0 51 15 0 0 0 0 20 0 0 0 1 2 0 0 0 0 0 0 0 0 0 2 0 0 0 0 
