 0 266 246 255 36 43 168 443 138 128 109 391 72 308 271 133 82 114 231 116 2 2 1 1 3 0 2 3 2 0 0 0 0 0 0 0 1 2 86 0 0 62 0 3 0 0 0 0 3 1 2 0 0 0 3 2 1 0 0 0 0 0 0 0 0 0 2 2 19 0 2 43 0 0 0 0 0 10 2 0 33 9 24 1 19 9 10 33 23 10 25 0 2 23 24 24 0 27 13 12 0 0 0 0 0 0 20 0 0 0 0 0 1 0 0 0 0 0 23 0 0 0 0 0 0 0 1 0 0 0 0 0 0 0 0 0 0 0 0 0 2 9 1 0 11 0 4 0 0 0 0 0 0 0 0 0 0 0 0 11 30 2 0 39 0 0 13 25 1 0 38 0 0 8 0 29 2 14 3 21 0 0 0 0 0 0 0 0 2 0 0 0 0 0 0 0 0 0 25 0 0 0 0 0 0 0 0 0 0 0 0 0 3 0 2 0 0 0 0 0 0 0 0 0 0 0 0 0 0 0 0 0 0 0 0 0 0 2 0 0 0 0 0 0 0 2 0 0 1 86 0 2 0 0 0 0 0 0 0 0 0 0 0 0 0 0 0 0 0 0 0 0 0 0 0 26 0 0 0 0 0 0 0 0 0 0 0 0 0 0 
 266 0 220 241 177 258 184 112 161 444 88 176 471 131 167 51 218 329 416 57 2 2 0 0 5 0 0 3 2 1 2 1 0 0 0 2 0 3 26 0 0 1 0 3 2 0 0 0 3 7 2 0 0 63 3 2 0 0 0 0 0 0 4 0 0 0 2 2 0 0 2 0 4 0 0 0 0 2 2 0 0 35 0 10 0 16 7 0 47 15 23 0 19 0 37 9 15 7 0 0 0 0 0 0 0 0 12 0 0 0 0 0 21 1 1 0 10 0 9 0 0 0 0 0 0 0 0 0 0 0 0 0 0 0 0 0 0 0 0 0 0 4 7 0 0 0 4 0 2 0 0 0 0 1 0 0 0 0 0 0 0 18 6 11 15 0 0 2 0 0 21 10 0 0 0 19 28 12 0 6 0 0 0 0 0 0 0 0 0 0 0 0 0 0 7 0 0 0 0 24 0 0 0 0 0 0 0 0 0 0 0 0 0 0 0 0 0 0 0 0 0 0 7 0 0 0 1 1 0 0 0 0 0 0 0 0 0 0 2 0 0 3 0 0 0 0 1 0 89 0 0 11 0 0 0 0 0 0 0 0 0 0 2 0 0 0 0 0 0 1 0 0 0 0 0 11 0 0 0 0 0 0 0 0 0 0 0 0 0 0 
 246 220 0 406 143 104 267 122 200 577 36 138 155 45 304 79 122 141 254 332 4 4 2 2 3 1 156 3 3 0 3 0 73 3 0 3 0 4 2 2 1 2 0 6 2 3 0 0 3 3 2 0 4 1 66 5 0 0 0 0 0 1 0 0 0 0 3 2 46 0 2 0 2 1 1 2 3 11 2 0 0 5 0 14 14 13 0 1 14 32 11 1 15 33 19 2 12 1 0 0 0 0 0 0 0 0 1 0 0 0 0 0 19 0 33 0 0 14 33 0 0 0 15 0 0 2 0 0 0 0 0 0 0 0 0 0 2 0 0 0 0 0 1 0 0 0 1 0 0 0 0 0 0 0 0 0 0 0 0 0 0 16 6 8 7 0 1 0 12 9 16 13 0 8 0 81 35 1 0 18 20 46 0 0 0 0 10 0 0 0 0 0 17 0 0 23 0 0 0 22 0 0 0 0 0 0 0 0 0 0 0 0 0 10 0 0 0 0 0 0 0 0 0 0 0 0 0 5 0 0 0 0 0 0 0 0 0 0 0 0 0 11 0 0 0 1 2 0 92 1 1 6 0 0 0 0 0 0 0 0 0 0 0 0 0 0 0 0 0 0 0 2 0 0 0 0 11 0 0 0 0 0 0 0 0 0 0 0 0 0 
 255 241 406 0 603 29 578 101 342 190 55 28 63 55 160 160 158 231 84 36 3 3 0 1 3 0 117 3 1 0 0 0 17 209 0 0 0 2 0 0 0 1 0 2 0 0 0 0 3 16 2 0 0 0 3 2 4 0 0 57 0 1 0 0 0 0 2 3 3 0 2 0 0 0 0 2 0 68 2 0 0 2 27 0 34 1 13 16 14 0 35 1 17 17 32 0 10 0 0 11 0 0 0 0 16 0 0 9 0 0 0 0 0 0 11 0 0 0 54 28 0 0 0 0 0 1 0 0 0 0 0 0 0 0 0 0 1 0 0 0 0 0 0 0 0 0 2 0 0 0 0 0 0 19 0 0 0 0 0 0 19 25 4 0 6 9 0 19 28 16 0 0 0 1 0 41 51 19 0 18 38 17 0 0 0 0 1 0 0 0 0 0 14 0 12 24 2 0 0 20 0 0 0 0 0 0 0 0 0 0 0 0 0 0 0 0 0 0 0 0 0 0 0 0 0 0 0 0 0 0 0 0 0 0 0 0 18 0 0 0 0 9 0 0 0 2 85 0 106 48 0 11 16 0 0 0 0 0 0 0 0 0 0 0 0 0 0 0 0 0 0 0 0 0 0 16 11 0 0 0 0 0 0 0 0 0 0 18 0 0 
 36 177 143 603 0 79 304 74 163 192 277 280 400 482 484 170 277 39 71 74 3 45 0 1 6 0 3 4 4 4 5 2 73 6 0 0 2 3 222 147 3 1 0 5 0 0 2 63 3 5 5 0 3 1 5 2 3 5 3 3 0 0 0 0 2 1 2 4 0 0 3 2 2 0 0 0 0 7 2 1 0 0 0 7 0 25 0 1 0 25 27 1 20 14 10 12 0 19 0 0 11 9 0 0 0 0 9 0 15 0 1 0 31 2 0 0 9 0 20 0 0 0 1 0 0 0 0 0 0 0 0 0 0 0 0 0 0 0 0 0 0 0 2 0 0 0 0 0 0 1 1 0 0 0 0 0 0 0 0 0 0 0 10 6 9 8 0 9 22 15 2 52 0 0 13 25 18 31 0 0 16 0 22 0 0 0 0 1 0 0 0 0 1 11 13 0 0 0 1 15 19 0 0 0 0 0 0 0 0 0 0 1 0 0 0 1 0 0 18 0 0 0 0 0 0 0 0 2 0 0 0 0 0 0 0 0 0 0 0 0 0 29 0 0 0 0 3 0 1 2 3 8 0 0 0 0 0 0 0 0 0 0 8 0 0 0 0 0 0 0 0 0 0 0 0 0 7 0 0 0 0 0 0 0 0 0 0 0 0 0 
 43 258 104 29 79 0 115 41 37 349 84 187 46 40 48 250 161 64 30 38 144 66 3 0 3 0 75 71 75 2 0 2 99 101 66 0 60 18 147 82 5 1 3 3 0 2 0 1 3 0 9 0 2 3 6 10 0 0 56 2 3 0 2 0 5 0 3 5 0 0 48 0 0 1 7 0 0 2 2 1 0 0 10 24 6 18 0 0 0 18 13 0 0 0 0 17 0 15 0 0 0 40 18 0 2 0 9 26 10 0 12 0 14 4 0 4 7 0 2 1 0 0 5 0 0 0 0 0 0 0 0 0 0 0 0 0 0 0 0 0 0 0 0 0 0 0 0 0 0 0 6 0 4 0 0 0 0 0 7 0 0 0 21 14 70 9 1 0 0 13 17 19 0 0 13 0 17 0 0 0 26 32 67 0 0 0 18 37 0 0 0 0 39 31 55 0 8 10 0 21 0 0 0 0 0 0 0 0 0 0 0 0 0 0 0 0 0 0 1 0 0 0 0 0 0 0 0 0 0 0 0 0 0 0 0 0 0 0 0 0 0 0 0 0 0 1 0 1 4 5 0 12 0 0 0 0 0 0 0 0 0 0 0 0 0 0 0 0 0 0 0 0 0 0 0 0 11 0 0 0 0 14 0 0 0 0 0 0 0 0 
 168 184 267 578 304 115 0 199 174 320 45 41 530 56 83 22 313 89 373 64 2 2 0 0 80 0 0 3 3 0 1 3 0 0 0 0 0 2 0 0 0 0 0 3 1 0 0 0 2 0 66 0 0 0 3 2 0 0 0 0 0 0 0 0 0 0 3 2 4 2 3 0 0 3 0 0 0 6 2 0 0 10 16 13 15 0 27 29 0 35 4 24 20 20 54 33 11 16 20 0 0 0 0 0 0 0 0 0 7 0 0 0 0 2 0 0 0 0 21 0 0 0 0 0 0 0 0 0 0 0 0 0 0 0 0 0 0 0 0 0 0 0 0 0 0 0 0 0 1 0 0 0 0 2 0 0 0 0 0 0 0 38 1 20 13 0 51 0 0 0 12 0 11 21 0 27 12 1 0 15 0 0 0 0 0 0 0 0 0 0 0 0 0 1 0 0 0 0 10 2 0 0 0 1 0 0 0 0 0 0 0 0 0 0 0 0 0 0 0 0 0 0 0 0 0 0 2 0 0 0 0 0 0 2 0 0 0 0 0 0 0 0 0 0 0 2 1 1 8 90 2 1 0 0 0 0 0 0 0 0 0 0 0 0 2 0 0 0 0 2 68 0 0 0 0 52 0 12 0 0 0 0 0 0 0 0 0 0 0 0 
 443 112 122 101 74 41 199 0 115 129 550 133 109 157 47 352 145 119 119 61 2 205 0 1 3 0 0 3 2 2 1 0 2 9 4 0 0 2 0 0 0 41 0 5 2 0 6 3 3 3 2 0 0 2 3 2 2 2 0 0 0 4 0 0 2 4 3 2 0 2 6 1 0 1 0 0 2 4 2 0 23 0 0 6 1 0 0 13 40 20 24 44 0 13 33 14 0 1 0 0 0 0 0 0 0 0 14 0 0 0 0 0 10 0 0 0 13 5 0 0 0 0 0 0 0 2 0 0 0 0 0 0 0 0 0 0 2 0 0 0 0 2 21 0 0 0 3 0 0 11 0 0 0 0 0 0 0 0 0 0 10 10 0 10 0 7 22 10 18 10 36 0 0 18 0 0 21 3 12 1 0 0 0 0 0 0 0 0 0 0 0 0 0 0 0 0 0 0 13 0 0 0 0 0 0 0 0 0 0 9 0 0 0 0 0 0 0 0 0 0 0 0 0 0 0 0 0 0 0 0 0 0 0 0 0 0 0 0 0 0 0 1 0 0 1 4 10 0 0 92 0 8 0 0 0 0 0 0 0 0 0 0 20 0 0 0 0 0 0 0 2 0 0 0 0 7 0 0 0 0 0 0 0 0 0 0 0 0 0 0 
 138 161 200 342 163 37 174 115 0 148 32 108 112 93 241 73 41 151 130 76 3 3 0 2 3 2 77 3 1 0 0 0 72 0 3 0 0 2 5 0 6 7 0 3 2 0 0 0 3 3 2 5 0 0 3 4 0 0 0 0 0 0 0 0 0 1 2 3 15 0 2 2 0 0 0 0 0 41 2 0 0 19 0 8 15 27 8 16 54 45 15 18 0 10 21 1 19 16 0 1 0 2 0 0 0 0 0 0 0 0 0 0 32 0 0 0 0 0 25 0 0 0 0 0 0 0 0 2 0 1 0 0 0 0 0 0 0 0 0 0 0 0 3 0 0 0 0 0 0 16 0 0 0 0 0 0 2 2 0 0 32 10 0 13 0 4 0 15 35 34 30 11 0 7 0 31 68 1 0 20 1 0 2 0 0 0 0 0 0 0 0 0 0 0 2 0 0 0 0 0 0 0 0 0 0 0 0 0 0 8 0 0 0 0 0 0 0 0 0 0 0 1 0 0 7 0 0 0 0 0 0 0 20 0 0 0 16 0 0 0 0 0 0 0 0 2 24 0 96 87 0 14 0 0 0 0 0 0 0 0 1 0 11 0 0 0 0 0 0 0 0 0 0 0 0 15 0 0 0 0 0 0 0 0 0 0 0 0 0 0 
 128 444 577 190 192 349 320 129 148 0 206 40 233 158 123 450 235 336 399 299 1 0 0 0 3 0 34 5 0 2 0 0 92 0 0 0 0 2 37 50 0 1 0 0 1 0 3 4 2 3 0 0 0 0 0 0 3 2 2 0 2 0 0 0 0 2 0 1 0 0 0 0 0 0 0 0 0 0 0 0 0 0 64 8 10 14 46 12 0 10 0 8 29 10 43 37 0 54 30 7 0 0 0 0 0 0 0 9 0 0 0 0 0 0 0 0 0 0 31 10 0 0 0 0 0 0 0 0 0 0 0 0 0 1 0 0 0 0 0 0 0 0 0 0 0 0 0 0 0 0 0 0 0 0 0 0 0 0 1 0 10 8 14 0 7 67 19 22 37 52 0 13 0 0 9 12 11 23 0 0 40 0 0 0 0 0 0 14 0 0 0 0 0 20 40 0 2 0 10 0 0 0 1 0 2 0 0 0 0 0 0 0 0 0 0 0 0 0 0 0 0 0 0 0 0 0 0 0 0 0 0 0 0 0 0 0 0 0 0 0 0 0 0 0 0 0 87 1 3 3 3 2 14 0 0 0 0 0 0 0 0 0 0 0 0 0 0 0 0 0 0 0 0 0 0 0 9 0 0 0 0 0 0 0 0 0 0 0 0 0 
 109 88 36 55 277 84 45 550 32 206 0 126 31 201 209 85 282 49 33 49 77 2 0 2 11 0 1 3 3 0 2 0 3 27 0 0 0 4 115 169 8 1 0 8 2 3 0 63 69 0 8 0 3 2 3 7 0 3 0 0 0 0 0 0 28 0 2 2 0 0 2 0 11 0 0 0 5 2 2 1 1 0 1 27 1 35 0 17 17 30 19 15 0 10 17 105 0 32 11 0 23 10 0 0 0 0 12 10 14 0 0 0 15 4 0 0 0 0 11 0 0 0 7 0 0 0 0 15 0 0 0 0 0 0 0 0 0 0 0 20 0 2 9 0 0 0 1 0 0 0 0 0 0 0 0 9 0 0 0 0 0 0 30 38 0 10 0 14 27 1 16 40 0 0 15 48 1 26 0 0 24 10 0 0 0 0 0 10 2 0 0 0 18 20 11 0 1 0 14 1 0 0 0 0 0 0 0 0 0 0 0 0 0 0 0 0 0 0 0 0 2 0 0 0 0 0 0 0 0 0 0 0 0 0 0 0 0 0 0 0 0 0 0 0 0 0 0 1 4 7 0 4 0 0 2 0 0 0 0 0 0 0 0 0 0 0 0 0 0 0 0 0 0 0 0 7 10 0 0 0 0 0 0 0 0 0 0 0 0 14 
 391 176 138 28 280 187 41 133 108 40 126 0 42 51 300 34 171 236 121 240 24 28 1 0 3 4 39 3 3 3 0 2 149 73 2 0 1 2 114 77 0 25 0 3 6 2 0 5 2 3 2 0 0 0 5 2 0 0 0 0 1 6 0 2 0 0 7 7 0 2 6 0 0 3 4 0 2 9 2 0 0 0 10 9 9 30 0 0 26 10 34 14 2 0 25 12 0 12 0 0 13 1 0 0 0 0 21 0 38 0 0 0 50 3 0 43 9 0 7 2 0 0 14 0 0 0 0 0 0 0 0 10 0 0 0 0 0 3 0 17 2 2 3 0 0 0 1 0 0 0 0 0 0 0 0 8 0 0 0 0 0 0 2 10 9 7 0 1 1 4 42 20 0 0 0 14 13 28 2 0 11 0 24 0 0 0 0 9 2 0 0 0 11 10 34 0 0 0 8 15 0 0 0 0 7 0 0 0 0 0 0 0 0 0 2 0 0 0 0 0 0 0 0 0 0 0 0 0 0 0 0 0 0 0 0 0 0 2 0 2 0 10 0 0 0 0 90 2 2 4 2 6 0 0 0 0 0 0 0 0 1 0 15 0 0 0 0 0 0 0 0 0 0 0 0 7 0 0 0 0 0 0 0 0 0 0 0 0 0 0 
 72 471 155 63 400 46 530 109 112 233 31 42 0 316 113 54 59 38 394 82 2 2 0 0 3 2 0 3 2 0 0 0 0 78 0 1 0 3 0 0 0 0 0 3 2 0 0 0 3 6 2 0 0 0 3 2 0 0 0 0 0 0 0 0 0 0 3 2 0 0 2 0 0 1 0 0 0 2 2 0 16 31 0 13 0 1 10 14 4 2 0 17 55 1 38 0 0 0 2 14 0 0 2 0 0 0 0 0 0 0 0 0 0 0 0 0 7 0 10 0 0 0 12 0 0 0 0 0 1 0 0 0 0 0 0 0 0 2 0 0 0 0 0 0 0 0 0 1 0 7 0 0 0 0 0 0 0 0 0 0 1 71 0 0 4 0 11 1 0 0 0 0 19 13 0 20 6 0 0 0 0 0 0 0 0 0 0 0 0 0 0 1 0 1 0 1 0 0 0 22 0 0 0 0 0 0 0 0 0 0 0 0 0 0 0 0 0 0 0 0 0 0 0 1 0 0 0 0 0 0 0 0 0 0 0 0 0 0 0 0 0 12 0 0 0 2 0 0 0 2 2 14 2 0 2 0 0 0 0 0 0 0 0 0 0 0 0 0 0 0 0 0 0 0 0 0 0 2 0 0 0 0 0 0 0 0 0 0 0 0 
 308 131 45 55 482 40 56 157 93 158 201 51 316 0 290 122 173 48 98 409 3 3 0 0 4 0 0 5 3 0 0 0 1 0 0 1 1 2 0 0 0 75 0 3 1 0 5 64 3 0 2 0 0 0 3 2 4 0 0 0 0 0 1 0 50 0 3 2 0 1 2 0 0 2 0 0 0 2 2 0 56 22 12 4 0 26 12 15 1 10 15 9 111 14 28 16 15 11 22 15 0 0 0 0 0 0 0 0 0 0 0 0 1 0 0 0 0 0 21 0 0 0 0 0 0 0 0 0 0 0 0 0 0 0 0 2 0 0 0 1 0 0 1 0 0 1 0 0 0 12 0 0 0 0 0 0 0 0 1 0 18 24 14 8 0 10 44 47 20 0 0 1 0 0 2 12 6 15 0 0 0 0 0 0 0 0 0 0 0 0 0 0 0 1 0 0 0 0 9 0 0 0 0 0 0 0 0 1 0 0 0 0 0 0 0 0 0 0 0 0 0 0 0 0 0 0 0 0 0 0 0 8 0 0 0 0 0 0 0 0 0 0 0 0 0 1 0 0 5 0 0 2 1 0 0 0 0 0 0 0 0 0 0 0 0 0 0 0 0 0 0 0 0 0 0 0 1 10 0 0 0 0 0 0 0 0 0 0 0 10 
 271 167 304 160 484 48 83 47 241 123 209 300 113 290 0 89 304 54 167 208 2 2 0 0 33 0 5 3 169 0 0 0 0 0 0 1 0 2 33 0 0 1 0 3 2 0 2 25 3 1 2 0 0 0 3 2 77 0 2 0 0 0 0 0 2 0 2 2 9 0 2 0 1 0 0 0 0 12 2 0 10 28 5 2 14 33 11 27 33 9 16 0 0 11 14 4 21 35 0 62 0 0 0 0 0 0 14 0 0 0 0 0 20 0 0 0 0 0 38 0 0 0 0 0 0 0 11 0 0 0 0 0 0 0 0 0 0 1 0 0 0 17 6 0 0 0 4 0 0 0 0 0 0 0 0 0 0 0 0 0 15 1 16 44 0 33 0 30 11 1 32 9 1 10 28 59 14 21 0 1 0 0 0 0 0 0 1 0 0 0 9 0 0 0 0 0 0 0 0 0 0 0 0 0 0 0 0 0 0 0 0 0 0 0 0 0 0 0 0 0 0 0 0 0 0 0 0 0 0 0 0 0 0 0 0 0 0 0 0 0 0 0 0 0 0 2 0 0 6 87 1 7 0 0 0 0 0 0 0 0 0 0 2 0 0 0 0 0 0 0 0 0 0 0 0 80 0 0 0 0 0 0 0 0 0 0 0 0 0 0 
 133 51 79 160 170 250 22 352 73 450 85 34 54 122 89 0 175 46 76 142 2 2 0 0 6 0 74 3 3 0 5 31 72 0 2 3 0 77 1 6 0 2 0 3 2 0 0 0 3 2 67 0 3 0 3 2 9 0 0 0 0 2 0 0 5 0 6 4 0 4 2 0 0 2 0 0 1 6 53 2 10 0 5 18 0 22 0 3 0 0 2 0 0 0 0 39 0 15 0 11 1 0 0 0 0 0 0 0 1 0 0 0 14 0 0 0 0 0 7 0 0 0 0 0 0 0 12 0 0 0 6 0 0 0 0 0 0 0 0 0 0 0 0 0 0 0 0 0 1 0 0 0 2 2 0 0 0 0 0 0 14 1 0 2 0 16 16 16 13 30 1 9 1 0 12 47 24 11 0 1 1 0 23 0 0 0 11 11 0 0 0 0 13 0 0 0 0 0 0 11 0 0 0 2 0 0 0 0 0 0 0 0 0 0 0 0 0 0 0 0 0 0 0 0 0 0 2 0 0 0 0 0 0 2 0 0 0 0 1 0 0 0 0 0 0 1 1 1 2 0 1 5 0 1 4 0 0 0 0 0 0 0 0 0 0 0 0 0 0 2 0 0 0 0 0 0 0 0 0 0 0 0 0 0 0 0 0 0 0 0 
 82 218 122 158 277 161 313 145 41 235 282 171 59 173 304 175 0 246 45 133 3 3 0 0 3 3 0 3 3 2 0 2 0 0 0 0 0 2 75 0 0 61 0 3 0 0 0 100 3 0 2 0 83 0 5 2 2 0 0 0 0 0 0 0 4 9 2 3 0 2 2 3 0 3 0 0 0 6 2 2 10 3 8 1 0 0 10 30 2 6 20 22 21 15 86 59 10 9 14 14 0 0 0 11 0 0 2 0 0 0 10 0 0 2 0 0 0 0 0 0 0 0 0 0 0 2 3 0 0 0 0 0 0 0 0 0 2 0 0 0 0 4 3 0 0 0 7 0 0 0 0 0 0 0 0 0 0 0 0 0 15 21 0 12 0 0 13 34 28 0 16 0 0 0 1 21 12 31 0 0 0 0 0 0 0 0 0 0 0 0 0 0 0 0 0 0 0 15 10 0 0 0 0 0 0 0 0 0 0 0 0 13 0 0 0 0 0 0 0 0 0 0 0 0 0 0 0 0 0 0 0 0 0 0 0 0 0 0 0 0 0 0 0 0 1 1 1 2 90 89 0 7 2 0 0 0 0 0 0 0 0 0 0 0 0 0 0 2 0 0 0 0 0 0 0 5 0 0 0 0 0 0 0 0 0 0 0 0 0 0 
 114 329 141 231 39 64 89 119 151 336 49 236 38 48 54 46 246 0 43 34 3 3 0 0 4 1 0 3 1 0 1 28 0 0 0 1 0 2 0 0 1 0 0 3 0 0 49 0 3 0 28 0 0 0 3 5 0 0 15 21 0 0 0 0 0 0 2 5 10 0 2 0 0 0 0 0 0 8 2 0 0 10 10 1 29 10 4 22 0 1 0 10 18 11 36 18 15 35 0 5 0 0 0 0 0 0 18 10 0 0 0 0 0 0 0 0 0 0 39 0 0 0 0 0 0 0 15 0 0 0 0 0 0 0 0 0 0 0 0 0 0 0 0 0 0 0 0 0 0 0 0 0 0 0 0 0 0 0 0 0 16 0 22 18 0 1 0 16 26 11 0 0 0 1 13 32 24 30 0 25 0 0 0 0 0 0 8 0 1 0 0 13 0 9 10 0 0 0 9 0 0 0 0 0 0 0 0 0 0 0 0 0 0 23 0 0 0 0 0 0 0 0 0 0 0 0 0 0 0 0 0 0 0 0 0 0 0 0 0 0 0 0 0 0 0 1 1 4 54 90 0 8 12 0 0 0 0 0 0 0 0 0 0 0 0 0 0 0 0 0 0 0 0 0 0 20 0 0 0 0 0 0 0 0 0 0 0 0 0 0 
 231 416 254 84 71 30 373 119 130 399 33 121 394 98 167 76 45 43 0 374 2 4 0 1 3 0 201 3 3 0 0 0 0 0 0 0 1 2 0 0 65 0 0 3 1 0 0 0 3 0 2 0 0 0 3 2 13 0 0 0 0 0 0 0 4 0 3 2 0 0 2 0 0 1 0 0 0 2 2 0 59 49 11 13 0 0 23 0 31 0 13 17 22 1 19 15 17 0 1 1 0 2 1 0 0 0 0 0 0 0 0 0 0 0 0 0 0 0 0 0 0 0 0 0 0 0 7 0 2 18 0 0 0 0 0 0 0 7 0 0 0 0 0 0 0 0 0 0 0 0 0 0 0 0 0 0 0 0 0 0 9 46 14 0 0 0 12 0 0 0 0 0 22 27 10 0 0 0 40 13 0 0 0 8 0 0 0 0 0 0 0 2 0 4 0 2 0 0 0 0 0 6 0 0 7 15 0 0 0 0 0 0 0 0 0 0 0 0 0 0 0 0 0 0 0 0 0 0 0 0 0 0 0 0 0 0 0 0 0 0 0 0 8 0 0 0 0 0 2 2 2 3 28 0 0 0 0 0 0 0 0 0 0 0 0 0 0 0 0 13 0 0 0 0 0 0 0 0 0 0 0 0 0 0 0 0 0 0 0 0 
 116 57 332 36 74 38 64 61 76 299 49 240 82 409 208 142 133 34 374 0 0 0 201 0 3 2 0 3 0 0 0 0 0 0 0 0 0 4 0 0 1 0 0 0 0 0 3 3 2 2 0 0 0 0 0 0 9 2 2 0 2 0 0 0 0 2 0 0 0 0 0 0 3 0 0 0 0 0 0 0 12 54 21 0 0 0 23 24 10 0 14 0 16 28 3 9 18 0 15 22 0 0 0 0 0 0 0 0 0 0 0 1 0 0 2 0 0 0 0 0 0 2 0 0 0 0 9 0 0 0 0 0 0 0 0 0 0 0 0 0 5 0 0 0 0 0 0 0 0 0 0 0 0 0 0 0 0 0 0 0 20 5 11 0 0 0 10 42 0 0 0 0 21 21 17 0 0 0 33 12 0 0 0 2 0 0 0 0 0 0 0 0 25 0 0 0 0 0 0 0 1 0 0 0 0 0 0 0 1 0 0 0 0 0 14 0 0 0 0 0 0 0 0 0 0 0 0 0 0 0 0 0 2 0 0 2 0 0 0 0 0 0 0 0 0 3 2 1 4 1 0 11 0 0 0 0 0 0 0 0 0 0 0 0 0 0 0 0 0 0 0 0 0 0 0 0 0 0 0 0 0 0 0 0 0 0 0 0 0 0 
 2 2 4 3 3 144 2 2 3 1 77 24 2 3 2 2 3 3 2 0 0 58 70 128 118 248 423 198 399 540 112 33 349 223 561 58 135 45 133 150 0 0 0 1 2 4 0 2 35 0 0 0 3 0 0 0 0 2 0 3 0 0 0 5 0 0 3 2 0 60 0 0 0 0 3 0 0 0 0 0 6 0 10 14 10 0 0 0 0 3 2 0 0 0 1 0 0 0 0 0 0 34 49 11 1 0 10 17 21 16 13 6 1 1 21 18 0 1 0 10 0 0 0 0 0 0 0 0 0 0 0 0 0 0 0 0 0 0 0 0 0 0 0 0 0 0 0 0 0 0 6 0 8 0 0 0 0 0 2 0 0 0 0 1 17 0 0 0 0 0 9 1 0 0 1 0 1 0 0 2 10 22 1 0 13 0 19 30 19 10 0 10 17 26 33 24 0 58 6 11 0 0 0 0 0 0 0 0 0 0 0 0 0 0 0 0 0 0 0 0 1 0 0 0 0 2 0 0 0 0 0 0 0 0 0 0 0 0 0 0 0 0 0 0 0 0 0 0 0 0 0 0 0 0 13 0 2 0 0 2 14 1 0 0 0 0 0 0 0 0 0 0 0 0 0 0 1 0 0 0 0 12 0 0 0 0 7 0 0 0 
 2 2 4 3 45 66 2 205 3 0 2 28 2 3 2 2 3 3 4 0 58 0 79 55 347 30 78 263 419 50 58 119 213 127 117 188 28 253 165 148 0 1 2 6 94 3 2 4 2 0 0 0 3 5 0 0 0 8 3 3 0 0 0 0 0 2 0 2 1 0 1 0 0 2 3 10 4 0 0 0 0 0 0 0 0 17 0 0 0 0 36 0 0 0 0 0 0 0 0 0 14 0 39 21 25 3 9 1 0 47 51 18 20 20 3 10 25 24 0 9 0 0 0 0 0 0 0 1 0 0 0 0 21 0 0 0 0 0 9 0 0 0 1 0 0 0 0 0 0 0 6 0 4 0 0 0 0 0 4 0 0 0 2 0 0 0 0 0 0 4 0 0 0 8 0 0 2 0 0 0 5 29 56 0 31 31 9 13 12 16 0 30 18 10 20 4 20 3 0 0 12 0 11 0 0 0 0 0 0 0 0 0 0 0 0 0 0 0 24 1 0 0 0 8 0 0 0 0 0 0 0 0 0 0 0 0 0 0 0 0 0 0 13 0 0 0 0 0 2 0 0 0 0 0 6 0 0 0 0 0 4 2 0 0 0 0 0 0 0 0 0 0 0 0 0 0 0 0 0 0 0 0 0 0 0 19 35 0 0 0 
 1 0 2 0 0 3 0 0 0 0 0 1 0 0 0 0 0 0 0 201 70 79 0 294 49 31 81 429 76 59 62 575 162 127 61 53 124 116 198 76 0 4 0 0 4 3 0 0 0 0 0 0 4 0 0 0 0 208 1 209 0 0 0 0 0 0 1 2 0 0 0 0 0 0 3 0 0 0 0 0 0 0 0 0 0 2 0 0 0 0 0 0 0 0 0 2 0 0 0 0 0 0 30 0 27 0 10 0 10 2 17 65 12 45 22 25 3 36 0 0 0 0 0 0 0 0 21 0 0 2 1 0 1 0 0 0 0 0 0 22 33 0 0 0 0 0 0 0 0 0 6 0 3 0 0 0 0 0 6 0 0 0 0 0 0 0 0 0 4 0 0 0 0 0 0 0 2 0 0 6 10 0 41 38 2 11 9 13 20 50 9 0 28 20 0 11 19 23 4 0 0 0 0 0 0 0 0 0 0 0 0 0 0 0 9 0 10 0 10 0 0 0 0 1 0 0 0 0 0 0 0 0 0 0 0 0 0 0 0 0 0 0 0 0 0 0 0 0 0 0 0 0 0 8 6 0 2 4 4 1 0 0 0 0 0 0 8 0 0 0 0 0 0 0 0 0 1 0 0 0 0 0 0 12 0 0 0 0 0 0 
 1 0 2 1 1 0 0 1 2 0 2 0 0 0 0 0 0 0 1 0 128 55 294 0 125 170 144 170 81 170 351 196 144 150 171 81 46 346 118 80 0 6 0 0 5 3 0 0 0 0 0 0 3 0 0 0 0 2 2 8 0 0 0 0 0 0 6 1 0 0 0 0 0 0 3 0 0 0 0 0 0 0 0 0 0 0 0 0 0 0 0 0 0 0 0 0 0 0 2 0 0 3 14 30 22 19 11 1 0 14 0 34 0 15 9 15 14 25 0 0 12 22 2 0 0 0 17 0 8 15 22 0 0 0 0 0 1 0 1 34 0 0 0 0 0 0 0 0 0 0 0 3 0 0 1 0 0 0 0 0 0 0 0 0 2 0 0 0 11 0 0 0 0 0 0 0 2 0 0 6 0 0 38 24 12 32 0 0 0 18 50 9 0 0 1 19 20 15 0 0 6 0 0 0 0 0 1 3 10 0 0 0 12 3 11 0 21 0 13 0 0 0 0 0 0 0 0 0 0 0 1 0 0 0 0 0 0 0 0 0 0 0 0 0 0 0 0 0 0 0 0 0 0 0 6 0 4 78 75 0 2 10 0 0 0 0 0 0 0 0 0 0 0 0 0 0 0 0 0 0 0 15 0 0 0 0 0 0 0 0 
 3 5 3 3 6 3 80 3 3 3 11 3 3 4 33 6 3 4 3 3 118 347 49 125 0 131 48 143 164 359 194 310 143 175 65 162 115 129 83 291 62 65 0 0 4 3 62 0 0 61 49 0 42 0 0 1 0 9 66 67 0 0 0 0 0 0 4 2 0 0 0 0 0 0 3 0 0 2 0 0 0 0 0 0 0 0 0 0 0 0 0 0 0 0 0 0 2 0 0 0 10 18 32 11 9 12 9 11 13 19 12 25 0 0 0 0 13 0 0 0 0 1 8 0 0 0 8 12 9 0 3 0 29 20 0 16 1 0 6 20 0 0 0 0 0 0 0 0 0 0 0 0 0 0 0 0 0 0 0 0 0 0 0 0 0 14 0 0 0 0 0 16 0 0 0 6 2 0 0 0 0 0 27 11 27 0 0 0 0 13 9 12 0 0 12 8 0 21 0 0 5 0 0 12 0 0 16 24 14 7 13 0 0 14 39 7 1 0 13 46 0 0 0 0 0 0 0 0 0 0 0 0 0 0 0 0 0 0 0 29 0 0 0 0 0 0 0 0 0 0 0 0 0 0 6 3 4 77 40 1 0 2 0 0 0 0 0 0 0 0 0 0 0 0 0 0 0 0 0 0 0 0 0 0 0 0 0 0 0 0 
 0 0 1 0 0 0 0 0 2 0 0 4 2 0 0 0 3 1 0 2 248 30 31 170 131 0 23 25 65 174 118 66 89 35 270 374 48 136 71 51 85 1 0 0 4 5 64 0 65 49 0 5 67 62 127 69 36 63 60 4 4 0 7 0 2 0 1 3 0 0 8 0 0 0 3 0 0 3 3 0 0 0 0 0 0 0 0 0 0 0 0 0 0 0 0 0 0 0 0 0 0 0 0 22 13 19 0 0 0 0 0 1 0 0 9 0 12 3 0 0 22 0 0 28 0 0 16 0 42 30 0 18 25 21 26 26 0 21 0 35 0 0 0 0 0 0 0 0 0 0 0 3 0 0 0 2 0 0 0 0 0 0 0 0 0 0 0 0 0 0 0 0 0 0 0 0 2 0 0 0 0 0 20 31 14 0 0 0 0 66 21 20 0 0 0 0 0 0 0 0 28 1 0 20 0 0 24 20 40 0 8 0 0 10 0 31 0 4 4 12 0 0 0 0 0 0 0 13 0 0 0 0 0 0 6 0 0 0 0 0 0 0 0 0 0 2 0 2 0 0 0 0 0 0 20 7 2 76 74 21 2 0 1 0 2 0 0 2 0 0 0 0 0 0 0 0 0 0 0 0 0 38 0 0 0 0 0 0 0 0 
 2 0 156 117 3 75 0 0 77 34 1 39 0 0 5 74 0 0 201 0 423 78 81 144 48 23 0 75 45 322 37 33 316 224 52 50 25 121 51 53 0 1 68 0 3 3 0 2 0 0 0 0 3 0 0 0 2 2 2 3 0 0 0 0 0 0 4 7 0 7 0 0 0 0 3 3 0 0 46 0 0 0 9 0 37 0 0 0 0 0 0 0 0 0 0 0 0 1 0 0 0 26 13 2 0 0 18 20 1 0 0 12 0 0 0 8 1 8 6 12 0 0 9 1 0 0 2 0 0 0 0 2 0 0 0 0 0 0 0 0 0 0 0 0 0 0 0 0 0 1 0 0 0 0 0 1 0 0 0 0 0 0 6 0 17 12 0 11 11 21 14 0 2 0 0 0 2 0 0 0 47 14 12 0 9 0 0 8 0 0 0 0 14 0 46 7 1 12 0 0 0 0 0 0 0 0 0 1 2 0 9 0 0 0 0 0 0 0 0 0 1 0 0 0 0 0 0 2 0 0 0 0 0 0 0 0 2 0 0 2 0 0 0 0 0 0 74 0 0 0 0 0 0 0 10 0 0 2 0 2 2 1 0 0 0 0 0 0 0 0 0 0 0 0 0 0 9 0 0 0 0 0 0 0 0 0 0 0 0 0 
 3 3 3 3 4 71 3 3 3 5 3 3 3 5 3 3 3 3 3 3 198 263 429 170 143 25 75 0 155 45 40 29 83 240 64 119 187 53 271 31 0 0 1 2 1 3 0 0 0 0 0 0 4 0 0 0 0 4 67 2 0 0 0 0 0 0 0 2 0 0 0 0 0 0 3 6 0 0 0 0 0 0 0 0 1 0 8 0 0 0 0 0 0 0 0 0 0 0 0 0 0 7 28 26 15 31 0 0 18 8 25 58 1 19 21 22 1 1 1 1 0 0 0 0 0 0 38 0 0 0 0 0 0 0 0 0 0 0 52 0 0 0 2 0 0 0 0 0 0 0 3 0 2 0 0 12 0 0 2 0 0 0 0 12 12 0 0 0 0 0 0 6 0 0 0 2 1 0 0 0 7 60 0 46 46 0 7 10 22 29 3 11 1 10 11 18 11 39 24 20 0 0 0 0 0 0 0 0 0 0 0 0 0 0 4 0 0 0 18 0 0 0 0 0 0 0 0 0 10 0 0 0 0 0 0 0 0 0 0 0 0 0 0 0 0 0 0 0 0 0 0 0 0 0 8 0 0 0 81 0 1 0 0 0 0 0 0 0 0 0 0 0 0 0 0 0 0 0 0 0 0 13 0 0 0 0 8 0 0 0 
 2 2 3 1 4 75 3 2 1 0 3 3 2 3 169 3 3 1 3 0 399 419 76 81 164 65 45 155 0 84 174 87 98 82 136 143 243 113 187 233 2 2 0 1 4 3 0 0 0 0 0 0 3 62 0 0 0 3 0 3 0 0 0 0 0 0 0 3 0 0 0 0 0 0 3 50 0 0 0 0 0 0 0 0 10 0 0 0 0 0 0 2 0 0 0 0 0 0 0 0 0 20 15 0 10 13 13 21 22 18 17 0 15 9 13 19 0 18 0 14 0 0 0 0 0 0 0 12 0 0 0 0 7 0 0 0 0 2 12 22 0 0 0 0 0 0 0 0 0 0 0 0 2 0 0 0 2 0 0 0 0 0 0 0 17 13 0 0 0 0 0 0 0 0 0 0 2 0 0 7 15 14 0 3 0 22 35 17 0 23 15 55 0 17 0 0 24 87 12 20 13 0 18 0 0 0 0 0 0 0 0 0 0 0 0 0 2 2 0 0 0 0 0 0 0 0 0 0 0 0 0 0 0 0 0 0 0 0 0 0 0 0 10 0 0 0 0 0 0 0 0 0 0 0 12 1 0 1 0 2 9 1 0 0 0 0 0 0 0 0 0 0 0 0 0 0 0 0 0 0 0 14 0 0 2 1 0 0 0 0 
 0 1 0 0 4 2 0 2 0 2 0 3 0 0 0 0 2 0 0 0 540 50 59 170 359 174 322 45 84 0 410 49 123 136 159 164 160 282 110 80 0 1 0 1 4 3 0 0 0 0 0 0 3 0 0 0 0 2 65 3 0 0 0 0 0 0 3 56 0 0 0 0 3 0 5 0 0 0 3 0 0 0 0 0 0 0 0 0 0 0 0 0 0 0 0 0 0 0 0 0 0 2 24 24 38 19 9 26 0 43 0 21 0 0 4 0 43 26 0 0 5 0 1 0 0 0 0 0 24 12 0 0 1 0 0 0 1 0 0 21 0 0 0 0 0 0 0 0 0 0 0 3 0 0 0 0 0 0 0 0 0 0 0 0 0 0 0 0 0 0 0 1 0 0 0 2 2 0 0 0 0 0 34 0 11 23 0 0 0 10 33 2 0 1 0 39 0 26 0 0 15 1 0 0 0 0 0 0 10 0 0 0 0 6 1 0 0 0 26 1 0 0 0 0 0 0 0 0 0 0 1 0 0 0 0 0 0 0 0 0 0 0 0 0 0 0 0 0 0 1 0 0 0 0 11 3 0 3 75 4 5 12 0 0 0 0 4 0 0 0 0 0 0 0 0 0 0 0 0 0 0 12 0 0 0 0 2 0 0 0 
 0 2 3 0 5 0 1 1 0 0 2 0 0 0 0 5 0 1 0 0 112 58 62 351 194 118 37 40 174 410 0 152 39 33 87 251 312 122 32 113 0 0 62 1 3 3 97 0 0 0 0 0 81 62 1 0 0 7 2 87 13 0 0 0 0 0 0 2 0 1 0 0 46 0 3 0 0 0 0 0 2 0 0 0 0 0 0 0 0 0 0 0 0 0 0 0 0 0 0 0 19 0 26 2 1 58 0 5 0 42 32 18 4 0 16 0 20 12 0 23 16 16 1 0 0 0 0 18 2 0 0 0 14 0 0 0 9 1 0 22 0 0 0 0 0 0 6 0 2 0 0 3 0 0 2 0 0 0 0 0 0 0 0 0 0 0 0 0 0 1 0 0 0 0 0 0 14 0 0 5 2 0 34 45 30 37 30 10 0 25 39 47 7 11 0 0 0 0 0 14 22 0 0 0 0 0 0 0 1 0 0 0 11 10 9 1 13 0 14 7 0 0 0 0 0 0 0 0 0 0 0 0 0 0 0 0 0 0 0 0 0 0 0 0 0 0 0 0 0 0 0 0 0 0 10 0 1 79 0 0 39 1 0 0 0 0 0 0 0 0 0 0 0 0 0 0 0 0 0 0 0 0 0 0 0 22 0 0 0 0 
 0 1 0 0 2 2 3 0 0 0 0 2 0 0 0 31 2 28 0 0 33 119 575 196 310 66 33 29 87 49 152 0 279 251 279 273 139 75 22 39 1 0 0 1 5 3 0 1 0 0 0 0 23 2 0 0 0 24 68 66 5 0 4 0 1 0 0 0 0 0 0 0 0 0 3 0 0 0 0 0 0 0 0 0 0 0 0 0 11 0 5 0 0 0 0 0 0 0 0 0 7 0 42 10 8 21 0 0 22 0 0 35 0 22 24 22 0 4 0 0 13 9 28 0 0 2 51 1 0 0 1 8 34 22 0 8 22 0 33 19 0 0 0 2 0 0 0 0 0 0 0 21 0 0 0 0 0 0 0 0 0 0 0 0 0 0 0 0 0 0 0 17 0 0 0 5 0 16 0 5 11 0 9 42 20 0 1 0 2 21 16 14 0 0 0 11 68 28 0 0 28 0 0 4 0 0 23 14 11 6 0 0 16 0 37 14 44 0 0 24 0 0 0 0 0 0 0 0 0 0 8 0 0 0 0 0 0 0 0 3 0 0 10 0 0 0 0 2 0 0 0 0 0 0 18 0 3 75 74 3 11 1 0 0 2 0 0 0 0 0 0 0 0 0 0 0 0 0 0 0 0 0 0 0 0 0 0 0 0 0 
 0 0 73 17 73 99 0 2 72 92 3 149 0 1 0 72 0 0 0 0 349 213 162 144 143 89 316 83 98 123 39 279 0 66 170 47 346 99 277 401 0 1 0 0 3 3 1 2 0 0 0 0 6 0 0 0 0 3 0 3 0 0 0 0 0 0 11 0 0 0 3 0 0 0 3 0 0 0 0 0 0 0 2 17 2 12 0 0 0 18 14 0 0 0 0 0 0 0 1 0 0 22 1 0 0 0 0 17 25 0 7 0 16 0 12 23 9 45 8 10 0 0 0 0 0 0 0 0 0 0 0 0 0 0 0 0 0 0 0 0 0 0 0 0 0 0 0 0 0 0 0 0 0 0 0 0 0 0 0 0 0 0 0 1 19 7 0 0 9 16 21 18 0 0 14 0 13 3 0 0 27 0 18 0 15 0 0 0 0 0 0 10 10 18 37 21 15 12 0 0 0 0 0 0 2 0 2 0 0 0 0 0 0 0 0 1 0 0 0 0 0 1 0 0 0 0 0 0 0 0 0 1 0 0 0 0 0 0 0 0 0 0 10 0 0 2 72 0 0 0 0 0 0 0 9 0 4 0 0 0 0 0 0 0 0 0 9 0 0 0 0 0 4 0 0 0 11 1 0 0 0 0 0 0 0 0 0 0 0 0 
 0 0 3 209 6 101 0 9 0 0 27 73 78 0 0 0 0 0 0 0 223 127 127 150 175 35 224 240 82 136 33 251 66 0 150 254 120 40 102 143 14 2 0 0 5 3 0 1 0 0 10 0 3 1 0 9 0 2 3 3 0 0 0 0 0 0 1 5 0 0 0 0 3 0 3 2 0 0 0 0 0 0 0 0 2 0 0 0 0 0 0 8 0 0 0 0 0 0 0 0 8 59 16 12 12 0 0 21 10 7 8 10 0 11 0 15 0 0 0 0 0 0 4 0 0 0 0 0 0 0 0 0 0 0 0 0 0 0 1 0 0 0 0 0 0 0 0 0 0 0 17 1 24 0 0 0 0 0 3 0 0 0 33 14 13 0 0 0 0 0 14 0 0 0 0 0 0 16 0 0 0 30 0 0 12 0 17 51 12 10 0 0 33 50 35 23 0 28 0 18 13 0 0 0 0 0 0 0 0 0 0 0 0 0 0 0 9 0 0 0 0 0 0 0 0 0 0 0 0 0 0 0 0 0 0 0 9 3 0 0 0 0 0 0 0 0 0 0 0 0 11 0 0 0 7 0 1 0 0 2 0 1 0 0 0 0 0 0 0 0 0 0 0 0 0 0 0 0 0 11 0 0 0 0 0 0 7 0 0 0 
 0 0 0 0 0 66 0 4 3 0 0 2 0 0 0 2 0 0 0 0 561 117 61 171 65 270 52 64 136 159 87 279 170 150 0 210 131 128 147 207 0 1 2 3 4 8 6 1 0 3 6 0 7 0 5 4 9 3 1 3 0 9 2 0 2 31 3 6 3 1 2 0 2 5 4 2 3 7 2 3 0 0 0 0 0 0 0 0 0 0 0 10 0 0 0 0 0 0 1 20 13 28 15 0 13 15 58 25 9 27 8 0 23 8 25 15 9 3 0 15 7 0 1 0 0 0 15 0 0 0 0 0 8 0 0 0 0 0 0 0 0 0 0 0 0 0 0 0 0 0 0 3 0 0 0 0 0 0 0 0 0 0 0 0 0 0 0 0 0 3 0 0 0 0 0 0 2 2 0 0 13 0 18 0 1 16 15 25 1 0 14 34 11 12 36 6 19 50 12 1 0 0 0 1 0 0 2 0 0 0 0 0 0 1 0 0 0 13 8 0 0 1 0 0 0 0 0 0 0 0 0 0 0 0 0 0 0 0 0 0 0 0 11 0 0 2 0 0 0 0 13 2 0 1 10 1 1 1 0 0 10 1 0 0 0 0 0 0 0 0 0 0 0 2 0 0 0 0 0 18 0 2 0 0 0 0 0 0 0 0 
 0 2 3 0 0 0 0 0 0 0 0 0 1 1 1 3 0 1 0 0 58 188 53 81 162 374 50 119 143 164 251 273 47 254 210 0 57 42 38 281 3 1 0 1 6 3 0 0 0 0 84 5 3 0 0 0 3 10 4 6 6 0 0 48 4 0 11 1 2 5 26 4 0 2 4 9 4 0 3 0 0 0 0 0 0 0 0 0 0 2 2 0 0 0 1 0 0 0 0 0 13 0 13 44 4 29 0 0 0 42 32 12 13 0 19 2 55 8 0 11 9 0 0 0 0 0 0 0 0 0 0 0 60 0 0 0 0 0 9 0 0 0 0 0 0 0 0 0 0 0 0 3 2 0 0 0 0 0 0 0 0 0 0 0 0 0 0 0 0 0 0 0 2 0 0 0 0 0 0 0 0 14 25 13 22 59 14 0 0 12 19 3 0 0 0 0 0 0 2 0 1 0 34 0 0 0 0 0 0 0 0 0 0 11 0 0 0 0 76 7 0 0 0 0 0 2 0 0 0 0 0 0 0 0 0 0 0 0 0 0 0 0 0 0 0 0 0 0 0 0 0 0 0 0 8 0 2 2 0 0 1 23 0 0 0 0 0 0 0 0 0 0 0 0 0 0 0 0 0 0 0 0 0 0 0 8 10 0 0 0 
 1 0 0 0 2 60 0 0 0 0 0 1 0 1 0 0 0 0 1 0 135 28 124 46 115 48 25 187 243 160 312 139 346 120 131 57 0 122 36 106 0 1 0 0 3 3 0 0 0 0 0 0 3 0 0 0 0 64 54 3 0 0 0 0 0 0 0 2 31 0 0 0 0 0 3 0 0 0 0 1 0 0 0 0 0 0 0 0 0 0 0 0 0 0 0 0 2 0 0 0 1 6 24 26 23 18 1 0 25 0 7 8 9 13 22 24 11 19 0 17 0 20 0 0 0 0 18 0 0 0 0 0 0 0 0 1 0 0 39 0 0 0 0 0 0 0 0 0 0 0 15 0 9 0 0 0 0 0 2 0 0 0 0 0 14 0 0 0 0 0 0 7 0 0 0 3 0 0 0 0 15 25 1 0 18 0 10 29 32 0 0 34 1 24 0 11 21 44 15 12 0 10 0 0 0 0 0 0 0 0 0 0 0 0 0 0 0 0 16 11 0 0 0 0 0 0 0 14 0 0 0 0 0 0 0 0 0 0 0 0 0 0 16 0 0 0 0 0 0 0 0 0 0 0 4 0 0 0 76 0 2 0 0 0 0 0 0 0 0 0 0 0 0 0 0 0 0 0 0 0 0 13 0 0 0 0 0 0 0 0 
 2 3 4 2 3 18 2 2 2 2 4 2 3 2 2 77 2 2 2 4 45 253 116 346 129 136 121 53 113 282 122 75 99 40 128 42 122 0 146 145 7 1 0 1 33 3 0 0 2 0 0 0 3 0 0 0 0 3 134 3 0 0 0 0 0 0 53 2 0 0 0 0 3 0 3 0 0 0 0 0 0 2 0 0 0 0 0 0 0 0 0 0 0 0 0 0 0 0 0 0 0 11 23 42 30 9 11 10 0 21 0 0 37 0 8 12 16 21 0 7 8 0 0 0 0 0 24 0 39 15 1 0 0 0 0 0 0 0 0 33 0 0 0 0 0 0 0 0 0 0 0 3 0 0 0 0 0 0 0 0 0 0 0 0 0 0 0 0 0 0 0 0 0 0 0 0 2 0 0 0 0 0 29 10 12 14 1 0 1 17 28 0 0 9 11 14 15 0 0 4 28 13 0 0 0 0 0 0 9 0 0 0 0 1 0 0 2 13 22 41 0 0 0 0 0 0 2 0 0 0 0 0 0 0 0 0 0 0 0 0 0 0 0 0 0 0 0 0 0 0 0 0 0 0 13 0 0 0 75 0 0 11 0 0 0 0 6 0 0 0 0 0 0 0 0 0 0 0 0 0 0 14 0 0 0 0 0 0 0 0 
 86 26 2 0 222 147 0 0 5 37 115 114 0 0 33 1 75 0 0 0 133 165 198 118 83 71 51 271 187 110 32 22 277 102 147 38 36 146 0 274 2 1 2 0 5 203 1 1 0 0 3 0 3 0 0 36 2 4 2 3 0 0 0 0 0 0 7 7 0 0 0 0 2 2 3 2 0 3 1 0 0 0 10 4 11 49 0 0 12 22 27 0 0 0 14 2 0 12 0 0 0 11 0 0 0 0 27 3 21 0 7 0 39 0 35 15 21 26 15 0 0 0 1 2 0 0 0 0 0 0 0 2 0 0 0 0 0 0 0 0 0 30 6 0 0 0 4 0 0 0 0 0 0 0 0 1 0 0 0 0 0 0 18 17 0 12 2 14 3 10 26 27 2 12 10 38 15 12 0 0 3 0 21 1 0 0 0 9 23 0 0 2 9 4 12 7 5 0 9 0 10 0 0 0 0 0 0 0 2 0 0 0 0 0 0 0 0 0 0 0 1 0 0 0 0 0 41 2 0 0 0 0 0 0 0 0 13 25 0 0 0 0 0 0 0 0 1 0 0 0 0 0 0 0 5 3 0 0 0 0 1 0 0 1 0 0 7 0 0 0 0 0 0 0 0 26 5 0 0 0 0 0 0 0 0 0 0 0 0 0 
 0 0 2 0 147 82 0 0 0 50 169 77 0 0 0 6 0 0 0 0 150 148 76 80 291 51 53 31 233 80 113 39 401 143 207 281 106 145 274 0 0 1 0 1 3 3 0 1 0 0 0 0 3 0 0 0 0 2 2 3 0 0 0 0 0 0 1 2 0 0 0 0 0 0 3 0 0 0 0 0 2 0 34 6 13 18 0 0 0 18 0 0 0 0 0 17 0 29 0 0 25 0 30 0 8 0 1 8 9 17 6 0 3 7 19 5 0 14 14 15 0 0 0 0 0 0 4 0 2 0 0 0 19 0 0 0 0 0 0 13 0 0 0 2 0 0 0 0 2 0 5 0 3 0 0 0 0 0 10 0 0 0 13 0 0 39 0 13 0 0 3 32 0 0 10 0 13 0 0 5 36 0 0 0 0 36 43 28 14 0 0 28 26 21 0 26 20 27 11 9 0 1 0 0 0 0 0 16 0 0 0 0 0 0 0 0 1 0 1 0 0 0 0 0 0 0 0 0 0 1 0 0 0 0 0 0 0 0 0 0 0 0 10 0 0 0 0 0 0 0 0 0 0 0 6 0 3 0 0 0 11 1 0 0 0 0 0 0 0 0 0 0 0 0 0 0 7 0 0 0 0 0 0 0 0 0 0 0 0 0 
 0 0 1 0 3 5 0 0 6 0 8 0 0 0 0 0 0 1 65 1 0 0 0 0 62 85 0 0 2 0 0 1 0 14 0 3 0 7 2 0 0 86 72 49 43 28 112 131 78 104 76 33 395 270 42 479 45 297 112 48 3 0 0 0 0 53 1 0 0 0 0 0 0 0 0 6 0 0 0 0 0 0 0 0 27 0 0 0 0 0 0 0 0 0 0 0 0 0 0 0 0 3 19 0 0 0 0 5 0 0 0 0 0 0 0 0 0 0 0 0 0 12 8 60 0 0 0 17 21 20 10 24 18 10 7 16 9 23 0 11 0 0 0 0 5 0 0 0 2 0 0 0 0 0 0 0 0 0 0 0 0 0 2 3 0 0 0 0 0 0 0 18 0 0 0 0 2 0 0 0 0 3 0 0 0 0 1 7 1 15 0 0 5 4 8 10 0 0 1 0 9 9 0 10 0 0 12 13 0 0 0 0 16 16 0 29 11 29 9 11 0 0 0 0 0 0 0 0 0 0 0 0 0 0 0 0 0 0 0 0 0 0 0 0 0 0 0 0 0 0 0 2 0 1 0 0 0 70 0 22 0 0 0 0 0 2 0 0 0 0 1 0 0 0 0 0 0 0 0 0 0 0 0 0 0 0 0 0 0 0 
 62 1 2 1 1 1 0 41 7 1 1 25 0 75 1 2 61 0 0 0 0 1 4 6 65 1 1 0 2 1 0 0 1 2 1 1 1 1 1 1 86 0 172 144 36 110 109 226 31 51 27 117 201 122 298 83 140 335 51 86 0 12 0 7 0 0 2 0 0 0 0 0 0 0 2 0 0 0 6 51 2 0 0 1 0 0 1 0 9 0 16 0 0 0 28 0 0 0 0 0 0 0 0 0 1 0 9 0 0 0 0 0 0 0 0 0 0 0 0 0 33 36 8 0 39 0 1 19 8 0 28 0 11 32 0 19 15 0 0 7 0 4 0 0 0 0 5 0 0 10 0 0 11 0 0 0 0 0 0 0 0 0 0 9 0 13 0 20 0 0 19 1 0 0 0 0 2 15 0 0 0 0 7 0 0 0 0 0 0 0 0 0 0 0 0 0 0 0 3 0 0 0 0 18 8 19 0 13 29 22 6 18 8 16 0 18 11 0 0 13 1 0 0 0 0 0 0 0 0 0 0 0 3 0 0 0 0 8 12 0 0 0 8 0 0 0 2 0 0 0 0 4 0 0 0 0 0 64 0 0 0 0 0 67 2 2 0 0 0 0 0 0 0 0 0 6 0 0 0 0 0 0 0 0 0 27 0 0 0 0 
 0 0 0 0 0 3 0 0 0 0 0 0 0 0 0 0 0 0 0 0 0 2 0 0 0 0 68 1 0 0 62 0 0 0 2 0 0 0 2 0 72 172 0 384 52 90 302 120 77 288 202 126 79 50 115 264 232 39 30 75 0 2 0 5 1 2 35 51 0 0 0 1 52 0 3 0 0 1 49 3 0 5 0 0 0 0 0 0 0 0 0 0 0 0 0 0 0 0 0 0 0 0 0 0 0 0 0 0 0 0 0 0 0 0 0 0 0 0 0 0 0 0 0 0 15 0 0 0 6 11 23 15 0 0 18 6 0 15 0 0 0 0 12 0 0 0 1 0 0 8 0 7 0 0 6 0 0 6 6 1 0 0 0 20 0 1 6 6 4 0 0 0 0 0 0 0 2 0 0 0 0 0 0 0 0 0 0 0 0 0 0 0 0 0 0 0 0 0 0 0 0 27 0 44 71 45 0 0 0 1 40 1 0 0 0 0 27 0 0 0 13 11 0 0 0 0 9 0 0 0 0 0 0 0 6 0 0 0 21 33 0 0 13 0 0 0 0 0 0 0 0 11 0 1 0 0 0 0 0 0 0 0 2 0 0 21 0 0 0 0 0 0 0 0 0 1 0 0 0 0 0 0 0 0 17 0 0 7 0 0 
 3 3 6 2 5 3 3 5 3 0 8 3 3 3 3 3 3 3 3 0 1 6 0 0 0 0 0 2 1 1 1 1 0 0 3 1 0 1 0 1 49 144 384 0 88 107 405 373 199 552 144 219 203 159 280 42 109 62 89 45 0 25 6 32 0 0 6 12 0 15 15 0 0 0 5 0 0 6 52 57 0 0 0 0 0 0 0 0 0 0 0 0 0 0 0 0 0 0 0 0 0 0 0 13 0 0 0 0 0 0 0 0 0 0 0 0 0 0 0 0 19 24 0 0 0 7 0 4 14 13 0 14 1 0 2 0 17 9 0 0 0 0 0 0 0 0 0 0 0 0 0 7 0 39 0 0 0 9 14 10 0 1 0 0 0 2 0 0 0 0 0 0 0 0 0 0 1 0 0 0 0 0 0 0 0 0 0 0 0 0 0 0 0 0 0 0 0 0 0 0 0 8 3 13 25 33 0 8 0 0 6 21 0 14 0 23 1 0 0 0 0 0 0 0 0 0 25 15 0 0 0 0 7 17 16 0 22 16 0 18 1 0 0 0 0 0 0 0 0 0 0 17 0 0 0 0 0 0 0 10 0 0 1 6 0 0 5 35 2 0 13 0 0 0 0 0 0 0 0 0 0 0 0 0 13 15 0 24 2 0 
 0 2 2 0 0 0 1 2 2 1 2 6 2 1 2 2 0 0 1 0 2 94 4 5 4 4 3 1 4 4 3 5 3 5 4 6 3 33 5 3 43 36 52 88 0 215 83 72 81 82 86 126 277 143 272 82 54 186 52 279 1 0 0 0 0 0 3 32 19 0 0 0 5 7 0 3 0 0 15 0 0 0 0 0 0 0 0 0 0 0 7 0 0 0 0 0 0 0 0 0 0 0 0 0 0 0 0 0 0 11 0 0 0 0 0 0 0 0 0 0 0 1 35 14 0 0 0 0 0 8 1 0 0 11 0 0 2 0 0 0 13 11 1 0 5 0 0 16 13 30 2 0 37 14 0 10 43 9 8 0 0 4 0 0 0 3 4 0 0 0 0 0 0 0 0 0 2 0 0 0 0 0 0 0 0 0 0 0 1 0 0 0 0 0 0 0 0 0 0 0 26 0 18 0 30 0 0 1 11 8 0 17 0 23 3 0 4 21 0 0 2 0 0 8 0 1 11 17 8 5 0 1 11 12 0 5 18 1 9 8 1 0 0 0 0 0 2 0 0 0 0 13 0 0 0 0 0 2 0 1 0 0 3 0 73 14 25 1 0 0 6 0 0 0 0 0 0 0 0 0 0 0 0 0 1 0 0 0 2 0 
 0 0 3 0 0 2 0 0 0 0 3 2 0 0 0 0 0 0 0 0 4 3 3 3 3 5 3 3 3 3 3 3 3 3 8 3 3 3 203 3 28 110 90 107 215 0 108 240 41 176 116 116 62 344 62 100 133 196 81 58 0 0 0 0 2 5 1 0 0 3 0 0 0 18 0 0 0 1 0 0 0 0 0 0 0 0 0 0 0 16 0 0 0 0 0 0 0 0 0 0 0 0 0 0 0 0 0 0 0 0 0 0 0 0 0 0 0 0 0 0 0 38 14 0 21 31 0 0 8 0 0 0 0 23 8 0 14 11 0 0 0 0 0 0 0 0 0 19 0 0 0 9 32 0 21 0 0 13 10 23 0 22 0 1 0 11 0 0 0 0 0 0 0 0 0 0 1 0 0 0 0 0 0 0 0 0 0 0 0 0 0 0 0 0 0 0 0 0 0 0 0 5 0 0 28 11 0 0 23 7 28 29 0 0 0 0 27 0 7 0 34 0 0 0 0 0 0 16 1 11 0 1 14 8 2 0 15 7 13 1 0 0 0 0 0 0 0 0 0 0 0 19 0 0 0 0 0 0 0 0 1 0 2 1 1 2 0 62 5 0 13 0 0 0 0 0 0 0 0 0 0 0 0 0 11 10 0 0 1 0 
 0 0 0 0 2 0 0 6 0 3 0 0 0 5 2 0 0 49 0 3 0 2 0 0 62 64 0 0 0 0 97 0 1 0 6 0 0 0 1 0 112 109 302 405 83 108 0 180 171 479 110 73 250 141 329 67 246 174 51 75 0 0 0 0 0 16 2 4 0 0 0 0 0 9 6 0 0 0 0 54 0 0 0 0 18 0 0 0 0 0 0 0 0 0 0 0 0 0 0 0 0 0 0 8 0 0 0 0 0 0 0 1 0 0 1 0 14 7 0 0 19 19 28 11 4 15 0 9 12 24 3 0 26 35 14 0 24 0 1 32 0 0 0 0 1 0 4 0 0 0 0 0 8 0 3 0 0 0 12 0 0 24 0 0 0 8 0 0 0 0 0 0 0 0 0 0 2 0 0 0 0 0 18 4 12 0 0 0 0 12 0 14 0 0 0 0 0 0 0 0 33 10 10 17 11 0 0 0 19 0 21 15 0 42 6 18 8 4 0 0 0 0 1 0 0 0 0 5 1 0 0 0 4 0 1 0 0 0 1 0 0 0 1 0 0 0 0 0 0 0 0 10 1 0 0 0 0 30 0 0 0 8 0 64 67 3 1 0 2 0 0 0 0 0 0 0 0 0 0 0 0 0 1 0 0 0 0 0 2 0 
 0 0 0 0 63 1 0 3 0 4 63 5 0 64 25 0 100 0 0 3 2 4 0 0 0 0 2 0 0 0 0 1 2 1 1 0 0 0 1 1 131 226 120 373 72 240 180 0 87 37 388 84 204 289 421 102 258 267 93 187 0 22 0 5 0 0 2 0 0 0 0 0 0 0 23 0 0 0 0 55 0 0 0 0 0 10 0 0 0 0 0 0 0 0 11 0 0 7 0 0 0 0 0 0 0 0 0 0 0 0 0 1 0 0 0 0 0 0 10 0 31 6 0 6 11 0 7 31 14 43 9 1 0 0 36 5 11 0 0 0 0 0 0 6 5 0 0 0 5 0 0 0 0 0 0 0 0 0 0 0 0 0 11 8 0 9 0 10 21 0 0 0 0 0 1 6 2 6 0 0 0 0 0 0 0 0 0 0 0 0 0 0 0 0 0 0 0 0 0 0 0 0 19 16 2 11 3 25 7 2 16 0 31 36 0 19 0 20 0 0 0 0 0 0 0 0 0 0 0 0 0 0 1 0 0 0 0 0 8 0 0 0 12 0 0 0 0 0 1 0 0 6 0 0 0 0 1 0 0 0 0 0 0 70 0 2 0 0 0 0 2 0 26 0 0 0 0 0 0 0 0 0 0 0 0 0 0 0 2 7 
 3 3 3 3 3 3 2 3 3 2 69 2 3 3 3 3 3 3 3 2 35 2 0 0 0 65 0 0 0 0 0 0 0 0 0 0 0 2 0 0 78 31 77 199 81 41 171 87 0 144 104 87 279 369 214 67 146 106 183 120 0 0 2 0 0 0 2 5 0 0 0 0 0 4 0 0 0 0 55 51 0 0 0 0 0 0 0 0 0 0 0 0 0 0 0 0 0 0 0 0 0 0 0 0 0 0 0 0 0 0 0 0 0 0 0 0 0 0 0 0 24 17 0 11 5 0 1 10 34 18 6 55 10 0 0 0 1 16 0 20 37 0 0 20 0 0 0 0 0 0 0 21 0 13 0 0 0 0 17 0 0 0 0 0 0 0 0 0 0 0 0 0 0 0 0 0 2 0 0 0 0 0 0 0 0 0 0 0 0 0 0 0 0 0 0 0 0 0 0 3 0 28 29 59 0 33 0 4 0 0 5 21 30 28 1 30 4 0 9 0 6 1 2 0 0 0 11 21 0 0 0 0 0 0 17 0 0 0 8 19 0 0 0 0 0 0 0 0 0 0 0 9 0 1 0 0 0 0 0 2 0 0 0 64 0 2 0 0 1 0 6 0 0 0 0 0 0 0 0 0 0 0 3 0 13 0 0 19 0 0 
 1 7 3 16 5 0 0 3 3 3 0 3 6 0 1 2 0 0 0 2 0 0 0 0 61 49 0 0 0 0 0 0 0 0 3 0 0 0 0 0 104 51 288 552 82 176 479 37 144 0 114 51 140 219 228 169 346 198 126 75 4 0 6 0 0 0 2 0 0 0 0 0 0 0 0 0 0 0 0 0 0 0 0 5 0 0 0 0 0 5 0 3 6 0 0 0 0 0 0 0 0 0 0 0 0 0 0 0 0 0 0 0 1 0 0 0 0 0 10 0 11 0 24 4 15 0 10 0 30 0 0 20 18 56 13 11 5 4 0 25 0 0 1 0 25 0 0 0 0 15 0 0 19 0 0 0 0 1 0 9 0 18 0 0 7 8 9 0 0 0 0 0 0 0 0 1 18 0 4 0 0 0 0 0 0 0 0 0 0 0 0 0 0 0 0 0 0 0 0 5 0 6 0 35 24 1 22 13 48 10 24 43 0 68 1 33 5 0 3 10 12 0 0 0 0 0 5 7 0 0 0 0 0 0 0 0 0 0 11 13 0 8 0 0 0 0 3 0 0 0 0 7 0 0 0 0 0 0 0 2 0 1 66 0 4 11 2 0 2 0 0 0 0 0 0 0 0 0 0 0 0 2 0 0 0 0 0 0 1 0 
 2 2 2 2 5 9 66 2 2 0 8 2 2 2 2 67 2 28 2 0 0 0 0 0 49 0 0 0 0 0 0 0 0 10 6 84 0 0 3 0 76 27 202 144 86 116 110 388 104 114 0 150 115 49 60 530 159 55 35 54 0 0 0 1 0 0 2 0 104 0 0 0 0 57 63 0 0 0 26 4 0 0 0 0 14 6 0 0 0 0 0 0 0 0 0 0 7 7 0 0 0 4 0 0 0 0 5 6 0 0 0 0 0 0 0 0 0 0 0 0 0 0 8 37 46 15 0 9 0 28 18 47 0 0 16 11 9 12 1 0 8 0 3 0 5 0 0 0 13 0 0 0 0 0 10 0 0 0 20 10 10 0 8 6 0 0 0 1 7 1 0 0 0 0 0 0 0 6 0 0 0 5 0 10 0 0 10 1 0 0 0 0 2 7 10 0 0 0 0 0 0 26 0 0 7 0 9 9 0 7 19 0 9 4 12 0 0 19 0 0 0 1 0 0 0 0 14 0 0 0 0 0 0 6 10 8 0 0 7 7 0 0 13 0 0 1 0 0 0 0 0 10 0 0 0 0 0 0 0 2 0 22 0 0 1 4 2 0 0 0 1 0 0 0 0 0 0 0 0 0 0 0 0 0 11 0 0 10 1 0 
 0 0 0 0 0 0 0 0 5 0 0 0 0 0 0 0 0 0 0 0 0 0 0 0 0 5 0 0 0 0 0 0 0 0 0 5 0 0 0 0 33 117 126 219 126 116 73 84 87 51 150 0 83 530 25 105 72 145 51 38 1 7 0 6 0 0 2 0 29 0 0 2 0 0 26 0 0 0 120 113 0 0 0 0 0 0 0 0 0 0 0 0 0 0 0 0 0 0 0 0 0 0 0 0 0 0 0 0 0 0 0 0 0 12 0 0 0 0 0 0 12 16 0 2 32 26 0 40 0 14 0 12 0 16 10 20 11 5 0 0 0 0 0 0 0 0 0 0 0 0 0 1 0 0 0 0 0 0 5 0 0 1 0 0 0 22 0 0 0 0 0 0 0 0 0 0 2 0 0 0 0 0 0 0 0 0 0 0 0 0 0 0 0 0 0 0 0 0 0 0 0 7 0 11 19 30 0 3 11 9 35 16 0 23 13 10 0 0 0 0 0 0 12 0 0 0 6 0 0 0 0 0 58 15 17 0 0 0 55 21 0 0 5 0 0 0 0 0 0 0 0 5 0 0 0 0 0 0 0 13 0 0 66 74 2 64 0 0 0 0 0 0 0 0 0 0 0 0 0 0 0 0 0 0 16 0 0 20 0 0 
 0 0 4 0 3 2 0 0 0 0 3 0 0 0 0 3 83 0 0 0 3 3 4 3 42 67 3 4 3 3 81 23 6 3 7 3 3 3 3 3 395 201 79 203 277 62 250 204 279 140 115 83 0 350 60 44 33 49 156 210 14 3 10 0 0 0 4 0 1 3 6 1 0 0 1 5 0 0 0 22 0 0 0 0 0 0 0 0 0 0 0 0 0 0 0 0 0 0 0 0 0 0 0 0 0 0 0 0 0 0 0 0 0 0 0 0 0 0 0 0 15 28 0 0 0 0 11 21 12 28 0 10 18 24 1 24 18 0 0 5 0 3 8 5 0 0 0 8 0 0 0 0 0 0 0 0 3 7 0 0 0 23 0 0 0 2 0 0 0 0 0 0 12 0 0 0 1 0 0 0 0 0 0 11 0 0 0 0 0 0 11 0 0 0 0 0 0 12 0 0 0 0 10 24 10 9 34 50 49 0 24 1 80 16 11 38 13 0 6 29 0 0 0 0 0 5 0 0 0 0 0 33 13 0 0 13 0 0 0 1 0 0 0 0 0 0 0 0 0 0 0 9 0 0 1 0 0 63 0 0 0 0 0 36 0 2 1 0 0 0 11 0 0 0 0 0 0 0 0 0 0 0 0 0 0 0 0 0 0 0 
 0 63 1 0 1 3 0 2 0 0 2 0 0 0 0 0 0 0 0 0 0 5 0 0 0 62 0 0 62 0 62 2 0 1 0 0 0 0 0 0 270 122 50 159 143 344 141 289 369 219 49 530 350 0 177 263 29 82 105 313 4 0 3 0 0 0 3 0 11 0 0 2 7 0 0 3 0 0 12 3 0 0 0 0 0 0 0 0 0 0 0 0 0 0 0 0 0 0 0 10 0 26 0 0 0 82 0 0 0 0 25 0 0 0 0 0 4 0 0 0 29 32 12 1 0 0 0 23 0 23 0 2 1 14 19 18 20 10 0 0 0 2 4 0 4 0 0 0 3 8 1 0 23 0 0 8 0 23 0 0 0 5 0 1 0 5 0 0 0 0 0 0 0 0 0 0 1 8 0 0 0 0 0 19 0 27 0 0 0 0 26 6 0 0 0 0 0 0 0 0 13 9 21 13 10 11 9 1 31 19 28 26 1 5 1 19 53 23 0 10 1 0 0 9 0 3 0 18 0 8 0 7 9 9 0 2 7 3 0 8 0 0 0 0 0 0 0 0 0 0 0 7 0 1 0 0 0 62 0 2 0 0 0 1 63 2 15 0 2 0 30 0 0 0 0 0 13 0 0 0 0 0 0 0 11 0 0 0 0 0 
 3 3 66 3 5 6 3 3 3 0 3 5 3 3 3 3 5 3 3 0 0 0 0 0 0 127 0 0 0 0 1 0 0 0 5 0 0 0 0 0 42 298 115 280 272 62 329 421 214 228 60 25 60 177 0 62 35 167 152 121 0 0 1 16 5 50 0 0 0 0 0 5 0 0 0 0 7 56 0 1 0 0 0 0 0 0 0 0 0 0 0 0 0 0 0 0 0 0 0 24 0 0 0 0 0 0 0 0 0 0 0 0 0 0 0 0 0 2 11 0 15 0 0 27 7 0 0 1 27 30 0 11 9 34 28 32 1 34 0 4 0 0 0 0 0 3 0 0 0 0 0 4 0 0 5 0 0 3 0 0 0 0 0 0 0 0 0 0 0 0 0 0 0 0 0 0 2 0 0 0 0 0 0 0 0 0 0 0 0 13 0 0 0 0 0 0 0 0 0 12 0 18 19 23 0 2 13 11 11 0 17 32 26 13 0 8 5 8 10 1 0 0 0 0 0 0 0 4 0 0 0 0 0 0 0 0 0 0 0 0 0 0 0 0 0 0 0 0 0 0 0 9 64 0 0 0 0 1 0 17 0 0 2 2 68 2 2 0 0 0 0 0 0 0 0 5 0 0 0 0 0 0 0 0 11 0 0 0 0 0 
 2 2 5 2 2 10 2 2 4 0 7 2 2 2 2 2 2 5 2 0 0 0 0 0 1 69 0 0 0 0 0 0 0 9 4 0 0 0 36 0 479 83 264 42 82 100 67 102 67 169 530 105 44 263 62 0 212 452 24 48 0 3 0 3 0 0 2 0 0 0 0 0 25 0 0 0 0 0 3 0 0 0 0 0 0 0 0 0 0 0 0 0 0 0 0 0 0 0 0 0 0 4 0 0 0 0 0 12 4 0 0 0 0 0 0 0 0 0 0 0 0 0 35 9 12 0 0 0 12 9 10 13 0 1 0 11 12 0 0 0 1 0 22 0 0 0 12 0 0 19 0 0 26 0 7 0 0 13 1 0 18 0 5 7 0 0 18 6 17 0 0 0 0 0 0 0 1 0 0 0 0 15 0 0 0 0 0 6 0 0 0 0 12 8 19 0 0 0 0 0 19 1 15 16 30 13 0 0 0 10 0 8 5 14 0 0 0 21 0 1 4 0 0 0 0 0 22 14 0 0 0 0 0 0 0 1 0 0 19 26 0 0 9 0 0 0 0 0 0 0 0 5 0 2 0 0 0 0 0 0 0 0 1 0 65 11 4 0 1 0 0 0 0 0 0 0 0 0 0 0 0 0 0 0 1 0 0 0 0 0 
 1 0 0 4 3 0 0 2 0 3 0 0 0 4 77 9 2 0 13 9 0 0 0 0 0 36 2 0 0 0 0 0 0 0 9 3 0 0 2 0 45 140 232 109 54 133 246 258 146 346 159 72 33 29 35 212 0 362 30 33 0 12 0 7 0 0 4 3 0 0 0 0 50 52 1 0 0 3 5 3 15 0 9 0 0 0 0 0 0 0 10 0 0 0 0 0 0 0 0 6 24 0 0 0 0 0 0 0 0 0 0 0 0 0 0 0 0 0 0 0 0 0 3 0 47 0 9 0 10 0 26 11 0 0 0 0 0 0 0 0 37 0 11 0 0 0 9 5 0 1 0 6 4 0 33 0 0 6 0 13 7 0 0 2 0 0 0 5 5 0 0 0 0 0 7 0 0 0 6 0 0 0 0 0 0 0 0 0 0 0 0 0 0 0 0 0 0 0 0 0 0 0 0 16 22 36 0 0 0 22 0 23 0 0 0 0 0 0 0 0 50 0 0 0 0 0 34 0 0 2 0 0 0 9 16 9 7 1 16 21 0 0 0 0 0 0 0 0 0 26 0 8 0 2 0 0 0 0 0 0 0 0 0 0 2 0 2 0 0 0 5 0 0 0 0 0 0 0 0 0 0 0 0 0 14 45 0 18 0 0 
 0 0 0 0 5 0 0 2 0 2 3 0 0 0 0 0 0 0 0 2 2 8 208 2 9 63 2 4 3 2 7 24 3 2 3 10 64 3 4 2 297 335 39 62 186 196 174 267 106 198 55 145 49 82 167 452 362 0 178 39 2 0 4 0 3 0 0 0 65 0 0 0 0 52 0 0 0 52 0 1 0 0 0 0 0 0 0 0 0 0 0 0 0 0 0 0 0 0 0 0 7 0 4 0 1 6 0 0 0 5 7 7 0 0 0 0 7 0 0 0 1 52 20 27 12 11 12 0 44 0 0 5 21 32 7 0 20 16 0 10 0 0 0 0 0 0 0 0 0 0 0 0 35 0 7 0 0 7 0 0 0 5 0 0 0 12 0 0 0 0 0 0 0 0 0 0 1 0 0 0 0 11 7 2 7 0 0 0 0 0 0 1 9 0 0 0 1 0 0 0 11 19 6 20 54 0 10 13 21 19 45 41 3 26 11 13 28 10 20 3 9 0 0 0 0 0 0 10 0 0 0 0 14 0 0 0 10 0 0 29 0 0 1 0 0 0 0 0 0 0 0 5 0 1 0 0 0 0 0 0 0 2 0 15 1 1 1 4 0 0 0 0 0 0 0 0 0 0 0 0 0 0 0 0 8 0 0 0 0 0 
 0 0 0 0 3 56 0 0 0 2 0 0 0 0 2 0 0 15 0 2 0 3 1 2 66 60 2 67 0 65 2 68 0 3 1 4 54 134 2 2 112 51 30 89 52 81 51 93 183 126 35 51 156 105 152 24 30 178 0 373 2 2 5 0 0 1 0 0 0 0 0 0 0 2 3 0 0 0 0 1 0 0 0 0 0 0 0 0 0 0 0 0 0 0 0 0 0 0 0 0 0 0 25 16 18 38 0 7 8 0 0 14 8 0 0 0 10 12 0 11 0 0 0 18 0 0 79 0 11 0 0 5 17 9 0 5 17 8 25 10 0 0 0 0 0 0 0 0 5 0 0 0 0 0 0 0 0 0 0 0 0 0 0 0 0 0 0 0 0 0 0 6 0 0 0 4 0 0 0 14 0 18 0 0 22 0 0 0 7 0 0 14 0 0 0 9 1 7 0 0 0 12 0 42 0 0 17 21 18 7 0 0 7 11 0 11 0 0 37 26 0 0 0 0 0 0 0 0 0 0 0 0 0 0 0 0 0 0 0 0 0 0 0 0 0 0 0 0 0 0 0 13 0 0 0 0 0 0 86 0 0 0 0 0 2 2 0 0 2 0 0 0 0 0 0 0 0 0 0 0 0 0 0 0 0 0 0 0 2 0 
 0 0 0 57 3 2 0 0 0 0 0 0 0 0 0 0 0 21 0 0 3 3 209 8 67 4 3 2 3 3 87 66 3 3 3 6 3 3 3 3 48 86 75 45 279 58 75 187 120 75 54 38 210 313 121 48 33 39 373 0 11 0 0 0 0 0 7 0 13 0 0 0 2 0 0 0 0 0 10 0 0 0 7 0 0 0 0 0 0 0 0 0 0 0 0 0 0 0 0 0 0 0 0 0 2 10 0 0 0 0 10 0 0 0 0 0 0 0 0 0 12 21 0 20 0 0 13 25 17 9 11 1 21 11 6 20 17 9 9 7 0 4 6 0 31 0 0 0 7 7 1 0 0 0 0 5 0 0 0 0 0 0 0 0 0 0 0 0 0 0 0 0 0 0 0 0 2 0 0 0 0 0 0 4 0 10 0 9 0 0 8 29 0 0 0 0 0 0 0 0 9 0 3 1 0 0 7 56 20 0 0 0 59 0 9 0 22 33 0 34 1 0 0 6 0 5 0 0 0 5 0 3 0 7 0 2 9 0 0 12 0 0 0 0 0 0 0 0 0 0 0 14 0 2 0 0 0 126 0 10 0 0 2 1 0 0 46 0 0 0 7 0 0 0 0 0 13 0 0 0 0 0 0 0 0 0 0 1 0 0 
 0 0 0 0 0 3 0 0 0 2 0 1 0 0 0 0 0 0 0 2 0 0 0 0 0 4 0 0 0 0 13 5 0 0 0 6 0 0 0 0 3 0 0 0 1 0 0 0 0 4 0 1 14 4 0 0 0 2 2 11 0 133 337 63 29 89 229 172 91 129 40 295 102 104 116 177 54 95 138 93 0 0 0 0 0 0 0 0 0 0 0 0 0 0 0 0 0 0 1 0 0 0 0 0 0 0 0 0 0 0 0 0 0 0 0 0 0 0 0 0 3 5 0 4 0 1 5 0 0 0 0 2 4 4 0 0 9 4 0 0 0 10 19 37 0 22 0 8 8 0 0 0 0 7 0 22 14 73 0 0 0 0 0 0 0 0 0 0 0 0 0 0 0 0 0 0 0 0 0 0 0 0 1 3 0 0 0 0 1 0 5 1 0 0 0 0 0 0 10 0 0 0 0 4 0 0 4 8 5 0 0 0 10 0 7 4 4 0 4 3 9 11 14 21 0 13 10 0 19 12 9 25 2 0 31 31 10 0 18 1 0 0 0 0 0 0 0 0 0 0 0 29 0 0 2 0 0 3 0 0 0 0 0 0 0 0 1 2 0 0 18 1 0 14 4 0 0 0 0 0 0 0 0 0 0 2 0 0 0 0 
