 0 100 91 362 24 39 477 142 144 276 47 35 279 212 163 154 40 36 98 39 4 3 0 2 1 0 4 0 0 2 4 0 0 1 0 1 0 5 0 4 0 0 0 9 0 0 3 4 0 0 3 0 3 0 0 0 3 2 1 0 0 3 3 0 3 2 0 0 0 2 0 0 0 0 0 0 1 0 0 4 3 61 30 60 1 0 5 6 0 12 0 14 34 34 14 56 1 0 1 10 0 0 0 0 0 0 1 0 0 0 0 0 0 0 0 0 0 0 0 11 2 0 0 0 0 0 0 1 0 0 0 0 0 2 0 0 0 0 0 0 0 0 0 0 0 0 0 0 0 0 0 0 0 0 1 0 0 0 0 0 9 30 0 0 0 18 0 7 0 16 0 0 18 0 29 0 48 47 0 27 0 1 0 0 0 0 0 0 0 0 0 0 0 0 0 0 0 0 1 0 0 0 0 0 0 0 0 0 0 0 0 2 0 2 0 0 0 0 0 0 0 0 0 0 1 0 2 0 0 0 0 0 0 0 0 0 2 0 2 0 0 0 0 0 0 0 2 0 2 43 0 7 0 2 0 0 0 0 0 0 2 0 0 0 0 0 0 0 0 0 0 0 0 48 0 0 1 0 0 0 0 0 0 0 0 0 0 0 0 0 
 100 0 204 231 162 36 60 468 51 149 75 109 98 170 195 382 445 525 164 583 3 3 0 2 31 4 3 2 0 0 2 0 0 0 74 0 0 2 0 2 0 0 0 67 0 2 0 3 0 0 3 0 5 0 3 0 3 2 0 2 0 3 3 0 3 4 0 0 0 4 13 0 0 1 0 1 6 0 3 0 34 70 18 33 15 12 27 0 11 34 11 31 16 55 39 27 28 17 2 8 0 0 0 0 0 0 0 0 0 0 0 0 0 0 0 0 0 0 0 0 0 0 0 0 0 0 0 0 0 0 0 0 0 0 0 0 0 10 0 0 0 0 0 0 0 0 0 0 0 0 1 0 0 0 0 0 0 0 2 0 16 29 53 0 0 0 5 10 22 37 0 16 27 1 50 0 47 29 0 15 2 0 0 0 0 2 19 0 0 0 0 0 12 0 0 0 0 0 12 0 0 0 1 0 0 0 0 0 0 0 0 0 0 0 0 0 0 0 0 0 0 0 0 0 0 0 0 0 0 0 0 0 0 0 0 0 0 0 0 0 0 0 0 0 2 2 0 1 2 0 1 9 0 0 0 0 0 0 0 0 0 0 0 0 0 0 0 0 0 0 0 0 0 0 0 0 9 0 0 0 0 0 0 0 0 0 0 0 0 0 
 91 204 0 275 221 102 94 134 113 170 220 118 280 227 108 159 249 128 36 38 4 3 0 3 0 0 78 5 0 1 3 0 0 0 0 0 2 0 0 3 0 0 0 0 0 0 0 7 0 0 3 0 7 0 0 0 3 2 0 0 0 3 3 0 2 3 0 0 0 44 1 2 0 0 0 0 3 0 0 0 8 0 0 21 26 8 12 5 20 30 42 28 14 15 28 0 11 82 0 11 18 0 12 0 0 0 25 19 2 0 0 0 32 0 0 0 0 0 19 0 0 0 0 0 0 0 0 0 0 0 0 0 0 0 0 0 0 14 0 1 0 0 0 0 0 0 0 0 0 0 0 0 0 1 0 0 0 0 0 0 0 30 8 43 0 0 11 12 60 1 12 11 0 0 14 0 15 0 6 1 0 0 0 0 0 0 1 0 0 0 0 0 0 0 15 0 0 0 0 44 0 0 0 0 0 0 0 0 0 0 0 0 0 0 0 0 0 0 0 0 0 0 0 0 0 0 0 0 0 0 0 0 0 0 0 0 0 0 0 0 0 0 0 0 0 0 177 0 62 0 0 4 0 0 0 0 0 0 0 0 0 0 22 0 0 0 0 0 0 0 0 0 0 0 0 13 0 7 0 0 0 0 0 0 0 0 0 0 0 0 
 362 231 275 0 237 462 490 257 178 214 83 204 153 151 258 169 484 300 73 272 4 6 0 7 0 0 41 44 2 0 3 0 79 0 0 0 0 1 74 3 0 2 0 7 3 0 0 5 0 2 6 6 9 0 0 0 6 6 2 0 0 4 3 2 3 7 0 0 0 3 0 0 5 0 6 0 4 3 1 3 0 0 14 2 21 66 3 10 1 0 31 60 0 1 13 17 23 27 0 0 14 12 1 0 0 0 0 1 1 0 0 1 0 2 11 0 0 2 17 0 0 0 0 0 0 0 0 0 0 0 0 0 0 15 0 0 0 24 0 2 4 0 0 1 0 0 0 0 2 0 0 13 2 0 1 0 0 0 0 0 15 18 17 7 9 16 0 11 22 11 14 9 0 0 0 17 0 19 0 0 0 0 0 0 0 0 40 0 0 0 0 0 28 0 9 0 0 0 23 14 0 0 0 0 0 0 1 0 0 0 0 0 0 0 2 0 0 0 0 0 0 0 0 0 0 0 0 0 0 0 0 0 0 0 0 0 0 0 0 0 0 17 0 0 0 0 3 0 1 0 0 20 0 0 0 0 0 0 0 0 0 0 10 0 0 0 0 0 0 0 0 0 0 0 0 0 17 0 0 0 0 0 0 0 0 0 0 0 0 0 
 24 162 221 237 0 191 378 121 182 284 78 210 186 156 196 176 152 172 62 161 108 6 2 2 0 0 35 10 17 5 2 4 149 77 2 0 0 0 153 80 0 6 0 4 3 2 0 3 0 0 3 3 7 2 2 2 3 4 3 0 0 3 3 0 14 2 0 2 0 2 0 0 0 0 0 0 2 0 0 0 0 0 0 0 44 16 0 5 14 18 36 15 0 0 32 0 13 11 11 1 46 16 13 0 0 10 0 14 30 0 0 0 46 1 1 0 7 0 49 0 3 0 0 0 1 0 0 0 0 0 0 0 0 0 0 0 0 18 0 0 3 0 0 30 0 15 0 0 0 0 0 0 0 0 0 0 0 0 0 0 12 25 0 23 22 1 0 11 53 12 23 14 0 0 0 0 18 0 0 0 0 13 0 0 0 0 77 15 19 0 0 7 15 16 9 0 0 0 15 14 0 0 0 0 0 0 0 0 0 0 0 12 0 0 0 0 0 0 0 0 0 0 0 0 0 0 0 0 0 0 0 0 0 0 0 0 0 0 0 0 0 0 0 0 0 3 95 0 87 63 9 15 0 0 0 2 0 0 0 0 0 0 22 2 0 0 0 0 0 0 0 0 0 0 0 21 28 0 0 0 0 0 0 0 0 0 0 0 0 0 
 39 36 102 462 191 0 40 52 52 67 153 221 47 45 46 172 364 56 48 274 76 77 0 2 0 0 80 0 95 106 2 4 159 153 0 95 0 2 0 98 0 0 0 1 0 0 0 4 0 0 3 0 3 0 2 0 3 2 0 0 0 3 3 0 3 2 0 0 0 1 0 0 0 0 0 0 1 0 0 11 0 16 0 22 6 25 0 0 0 0 0 32 0 0 0 11 0 20 0 0 44 11 37 38 0 1 8 79 14 27 15 23 0 9 11 27 9 4 1 31 0 0 0 0 0 0 0 0 12 0 0 0 0 0 0 0 0 15 0 0 6 0 0 19 0 0 0 0 0 0 0 0 0 0 0 0 0 0 0 0 0 14 0 0 0 29 0 0 0 0 0 0 0 0 0 2 4 22 0 22 10 2 13 0 0 0 16 15 73 28 15 18 9 26 27 0 8 0 0 26 0 0 0 0 0 0 0 0 0 13 0 0 0 0 0 0 0 0 0 0 0 0 0 0 0 0 0 2 0 0 0 0 0 0 0 0 11 0 0 0 1 0 2 0 0 4 1 1 1 5 0 8 5 0 0 0 0 0 0 0 0 14 0 0 0 0 0 0 0 0 0 0 0 0 3 0 0 0 0 11 0 0 0 0 0 0 0 0 0 0 
 477 60 94 490 378 40 0 174 172 101 111 70 388 232 88 448 26 245 44 144 3 5 0 3 0 0 3 0 0 3 3 0 2 0 2 3 1 0 0 8 0 0 0 0 67 0 0 4 42 0 3 3 3 2 3 2 10 4 3 0 0 3 27 1 3 7 0 3 0 51 0 0 0 0 0 0 3 0 31 0 8 15 21 24 0 10 13 12 29 0 1 27 7 12 36 41 13 16 0 7 0 0 0 0 0 0 0 0 0 0 0 0 15 0 0 0 0 0 0 0 0 0 0 0 0 0 0 0 0 0 0 0 0 0 0 0 0 0 0 0 0 0 0 0 0 1 0 0 0 0 0 0 0 0 0 0 0 0 0 0 8 36 0 8 0 12 0 24 0 9 8 0 0 0 18 8 2 22 6 10 0 0 0 0 0 0 0 0 0 0 0 7 0 0 0 0 0 0 0 1 0 0 0 0 0 0 0 0 0 0 0 0 0 0 0 0 0 0 0 0 0 0 0 0 0 0 0 0 0 0 0 0 0 0 0 0 0 0 0 0 0 0 0 0 0 0 185 0 0 9 0 10 0 0 0 0 0 0 0 0 0 0 0 0 0 0 0 0 0 0 0 0 0 0 0 13 0 7 0 0 0 0 0 0 0 0 0 0 0 0 
 142 468 134 257 121 52 174 0 105 296 39 138 196 337 82 43 39 158 165 215 9 5 0 3 0 0 6 3 0 1 3 0 73 1 0 0 2 76 1 3 0 6 63 0 0 0 0 5 0 0 3 0 8 1 0 0 5 2 0 0 0 3 3 0 3 6 0 2 0 4 0 0 0 0 0 0 3 0 0 0 8 20 12 34 34 31 11 20 21 11 9 21 1 26 49 36 20 24 2 24 0 0 0 16 0 0 0 0 0 0 0 0 16 0 0 0 0 0 21 0 0 0 1 0 0 0 0 0 0 0 0 0 0 2 0 0 0 0 0 0 0 0 0 0 0 0 0 0 0 0 0 0 0 0 0 0 0 0 0 0 35 23 5 9 1 13 0 35 12 34 6 0 12 1 7 25 15 27 0 15 0 0 0 0 0 0 1 0 0 0 0 0 19 0 0 0 0 0 3 1 0 0 0 0 0 0 0 0 0 0 0 0 0 0 0 13 0 0 0 0 0 0 0 0 0 10 2 0 0 0 0 0 0 0 0 0 2 0 0 0 0 0 0 0 0 0 90 2 0 90 2 4 0 2 0 0 0 0 0 0 2 0 15 0 0 0 0 0 0 0 0 0 0 0 0 0 3 0 0 0 0 0 0 0 0 0 0 0 0 0 
 144 51 113 178 182 52 172 105 0 385 264 28 326 309 307 70 189 155 218 330 78 5 0 1 0 0 79 0 0 0 2 0 0 0 0 0 0 2 1 3 0 0 0 3 0 0 0 7 0 0 3 0 8 0 0 0 3 3 2 0 0 3 3 0 5 3 0 0 0 53 0 0 0 0 0 1 0 0 0 4 0 1 0 18 69 0 13 1 0 56 0 5 0 11 14 0 25 30 0 12 1 0 15 0 0 0 0 0 18 7 0 0 41 1 0 0 0 0 13 23 0 0 0 0 0 0 0 0 2 0 0 0 66 0 0 0 0 2 0 0 2 0 0 0 0 0 0 0 0 0 0 0 2 0 0 0 0 0 0 0 0 23 9 27 2 15 14 4 20 13 0 29 2 10 0 15 32 1 7 1 0 20 2 0 0 15 13 2 0 0 0 0 0 18 0 0 2 0 1 44 1 0 0 0 0 0 0 0 0 0 0 0 0 0 0 0 0 0 0 1 0 1 0 0 0 0 0 0 0 0 0 0 0 1 0 0 0 0 0 0 0 13 0 0 12 0 89 0 40 98 0 8 19 0 0 0 0 0 0 0 0 0 19 0 0 0 0 0 0 0 0 0 0 0 0 44 0 0 0 0 0 0 0 0 0 0 0 0 0 0 
 276 149 170 214 284 67 101 296 385 0 200 214 55 270 248 183 149 376 123 172 63 3 0 3 1 2 81 0 0 0 2 4 2 0 0 1 0 77 62 2 0 0 0 1 0 0 0 5 0 0 3 0 9 0 3 0 3 65 0 2 0 3 3 0 9 2 0 0 0 3 0 0 0 1 0 0 5 0 3 0 18 15 0 23 44 20 6 7 10 0 29 0 0 3 0 0 12 31 1 29 0 0 2 0 0 0 0 0 3 0 0 0 5 0 21 0 0 0 24 0 0 0 0 0 0 0 0 0 0 1 0 0 0 0 0 2 0 0 0 0 0 0 0 0 0 0 0 0 0 0 0 0 0 0 0 0 0 0 0 0 0 24 32 11 3 1 0 20 29 25 47 55 1 0 0 22 4 0 0 0 0 16 0 0 0 0 36 0 2 0 0 2 27 11 28 0 0 0 25 15 0 0 0 0 0 0 0 0 0 0 17 0 0 0 0 14 0 0 0 0 0 0 0 1 0 0 0 0 0 0 0 0 1 0 0 0 0 0 0 0 0 16 0 0 0 0 4 1 0 144 0 3 0 0 0 0 0 0 0 0 0 0 15 0 0 27 0 0 0 0 0 0 0 0 0 16 0 0 0 0 0 0 0 0 0 0 0 0 0 0 
 47 75 220 83 78 153 111 39 264 200 0 150 94 31 50 206 81 45 31 166 155 4 0 2 0 1 78 1 0 0 2 0 0 77 0 0 0 0 44 80 0 0 0 1 0 0 2 5 0 0 3 0 3 0 3 0 3 21 0 0 0 3 3 0 3 2 0 0 0 2 0 0 7 0 0 0 3 0 0 4 5 0 8 10 33 10 23 0 29 0 18 10 0 22 0 0 1 29 0 23 13 0 13 0 0 0 14 35 14 0 1 0 30 1 14 0 0 0 5 19 0 0 0 0 0 0 2 0 0 0 0 0 0 0 0 0 0 14 0 0 0 0 0 1 0 0 0 0 0 0 0 0 0 0 0 0 0 0 0 0 18 5 30 19 35 25 0 0 1 8 0 29 0 0 0 14 12 0 0 0 0 20 10 0 0 0 1 1 0 0 0 0 14 16 10 0 0 0 14 54 0 0 0 0 0 0 0 0 0 0 0 0 0 0 0 17 0 0 0 0 0 0 0 0 0 0 11 0 0 0 0 0 0 1 0 0 0 0 0 0 0 0 0 0 0 0 3 4 0 0 0 8 16 0 0 0 0 0 0 0 0 0 0 0 0 0 0 0 0 0 0 0 0 0 0 22 0 8 0 0 0 0 0 0 0 0 0 0 0 2 
 35 109 118 204 210 221 70 138 28 214 150 0 162 109 140 89 136 257 115 63 124 3 0 2 0 4 77 6 96 0 2 0 35 0 0 0 0 0 0 2 0 0 0 1 0 0 0 3 6 0 3 0 3 0 0 0 3 2 0 0 0 3 3 0 3 2 0 0 0 2 0 0 0 0 0 3 1 0 0 4 19 0 0 13 18 18 0 0 19 0 22 5 0 0 44 0 13 32 0 20 10 2 0 0 0 0 0 2 0 0 0 0 20 1 15 0 0 0 9 18 0 0 0 0 0 0 0 0 0 0 0 0 0 0 0 0 0 20 0 0 8 0 0 19 0 0 0 0 0 0 0 0 0 0 0 0 24 0 0 0 20 5 0 0 0 0 0 10 2 23 12 19 0 0 0 0 10 10 0 0 0 23 0 0 0 7 31 10 0 0 0 0 5 19 10 0 0 0 33 2 0 0 0 10 0 0 0 0 0 0 0 0 0 0 0 12 0 0 0 0 0 0 0 0 0 0 0 0 0 0 0 0 0 14 0 0 0 0 0 0 0 0 0 0 0 4 96 0 4 2 0 9 14 0 0 0 0 0 0 0 0 0 0 0 0 0 0 0 0 0 0 0 0 0 0 20 18 0 0 0 0 0 0 0 0 0 0 0 0 0 
 279 98 280 153 186 47 388 196 326 55 94 162 0 186 142 309 30 353 228 427 3 3 0 62 0 0 3 0 0 0 2 0 0 0 0 0 0 2 0 2 0 0 0 2 0 0 0 5 0 0 3 0 3 0 0 0 3 2 1 0 0 3 3 0 3 6 0 0 0 1 0 0 0 0 0 0 0 0 0 0 30 35 30 21 0 10 47 17 9 25 14 34 11 23 33 37 23 0 10 15 0 1 0 0 0 2 0 0 14 0 0 2 0 1 0 0 0 5 0 0 0 0 0 0 0 0 0 0 0 0 0 0 0 0 0 0 0 0 0 1 0 0 0 0 0 0 0 0 1 0 0 2 0 0 0 0 0 0 0 2 16 24 26 0 0 19 0 21 0 0 0 13 28 0 0 6 28 9 0 18 0 0 0 0 0 0 0 0 0 0 0 0 0 0 0 0 0 0 0 0 0 0 0 0 0 0 2 0 0 0 0 10 0 0 1 14 0 0 0 0 0 0 0 0 0 0 0 16 0 0 0 0 0 0 0 0 0 0 0 0 0 0 0 0 0 0 0 2 0 2 0 49 0 0 0 0 0 0 0 0 0 0 0 0 0 0 0 0 0 0 0 0 0 0 0 0 0 0 0 0 0 0 0 0 0 0 0 0 0 0 
 212 170 227 151 156 45 232 337 309 270 31 109 186 0 161 255 137 28 178 198 3 3 0 2 0 0 3 1 0 2 2 0 1 0 0 0 0 0 0 2 0 0 0 1 0 0 0 3 1 0 3 0 3 0 0 3 3 2 0 0 0 3 3 0 3 5 0 0 0 2 6 0 0 0 0 0 2 0 0 0 26 34 17 29 14 15 17 9 26 18 13 0 30 39 10 36 16 12 30 11 0 0 0 0 0 11 10 0 0 0 0 0 15 0 0 0 0 0 13 0 0 0 0 0 0 0 0 0 0 0 0 0 0 0 0 0 0 0 0 0 0 0 0 0 0 0 0 0 0 0 0 0 10 0 0 0 0 0 0 0 2 7 45 31 0 0 73 40 67 47 17 0 2 11 13 0 21 70 0 10 0 0 0 0 0 0 0 0 0 0 0 0 13 0 0 0 0 0 0 0 0 0 0 0 0 0 0 0 0 0 0 0 0 0 0 0 0 0 0 0 0 0 0 0 0 0 0 0 0 0 0 0 0 0 0 0 0 0 0 0 0 0 0 0 0 0 63 2 0 123 0 5 0 0 2 0 0 0 0 0 0 0 8 0 0 0 0 0 0 0 0 0 0 0 0 0 0 0 0 0 0 0 0 0 0 0 0 0 0 0 
 163 195 108 258 196 46 88 82 307 248 50 140 142 161 0 258 123 101 66 96 4 208 0 1 1 2 4 0 0 1 2 2 0 0 0 0 0 1 75 2 0 0 62 2 0 0 63 4 0 0 3 0 5 0 0 0 3 2 7 0 0 3 3 0 3 2 0 0 0 0 4 0 0 0 0 0 0 0 0 0 35 0 11 0 14 1 11 39 26 8 26 11 13 0 88 29 14 9 0 7 0 0 0 0 0 0 14 0 0 0 0 0 51 0 0 0 0 0 13 0 0 0 0 0 0 0 0 0 0 0 0 0 0 0 0 0 0 0 1 9 0 0 0 0 0 0 0 0 0 0 0 0 0 0 0 0 0 0 0 0 0 17 45 10 10 19 0 6 10 0 31 9 0 0 31 30 0 0 0 27 0 0 0 0 0 0 4 0 0 0 0 0 10 0 0 0 0 0 16 16 0 0 0 0 0 0 0 0 0 0 0 0 0 0 0 0 0 0 0 0 0 0 0 0 0 0 0 0 0 0 0 0 0 0 0 0 0 0 0 0 0 0 0 0 0 0 87 0 1 0 2 4 0 0 0 0 22 0 0 0 0 0 13 0 0 0 0 0 0 0 0 0 0 1 0 0 19 0 0 0 0 0 0 0 0 0 0 0 0 0 
 154 382 159 169 176 172 448 43 70 183 206 89 309 255 258 0 222 230 451 183 77 3 0 4 0 0 3 0 0 0 2 0 0 0 0 0 0 0 1 2 0 0 0 4 0 2 0 5 0 0 3 0 3 0 0 0 3 2 2 0 0 3 3 0 14 2 0 0 0 49 0 0 0 0 0 48 2 0 0 4 28 0 23 31 37 8 14 1 0 18 30 43 7 25 45 26 28 33 0 1 0 0 0 2 0 0 0 0 0 0 0 0 1 1 0 0 0 0 0 22 0 0 0 0 0 0 0 0 0 0 0 0 0 0 0 0 0 18 0 0 0 0 0 0 0 0 0 0 0 0 0 0 0 0 0 2 0 0 0 0 3 10 14 9 0 0 0 0 0 13 0 28 10 0 0 16 33 0 30 0 0 21 0 0 0 0 65 0 0 0 0 0 0 19 1 0 0 0 13 1 0 0 0 0 18 2 0 0 0 1 0 0 0 0 0 0 0 0 0 0 0 0 0 0 0 0 0 0 2 0 0 0 0 8 0 0 0 0 0 0 0 0 7 0 0 2 122 1 2 1 0 9 19 0 0 0 0 0 0 0 0 0 0 0 0 0 0 0 0 0 0 0 2 0 0 68 14 7 0 0 0 0 0 10 0 0 0 0 0 0 
 40 445 249 484 152 364 26 39 189 149 81 136 30 137 123 222 0 246 25 469 3 3 0 3 2 0 78 0 0 0 3 0 2 0 65 0 0 2 0 3 0 0 0 2 0 0 64 5 0 0 3 0 7 61 0 0 3 2 0 0 0 3 2 0 2 3 0 0 0 40 0 0 0 0 0 0 3 0 0 0 0 0 0 0 25 10 9 0 10 21 25 18 10 21 39 8 25 33 0 31 0 0 16 0 0 0 0 23 23 0 0 0 20 0 2 0 0 0 14 0 0 0 0 0 0 0 0 0 0 0 0 0 0 0 0 0 0 20 0 0 0 0 0 0 0 0 0 0 0 0 0 0 11 0 0 2 0 0 0 0 0 7 26 52 0 21 76 7 32 0 0 10 0 11 14 21 10 1 10 0 0 0 3 0 0 0 14 0 0 31 0 0 0 0 0 0 0 0 14 36 0 0 0 0 0 0 0 0 0 0 0 0 0 0 0 0 0 0 0 0 0 0 0 0 0 0 0 0 0 0 2 0 0 0 0 0 0 0 0 0 0 11 0 0 0 3 88 0 4 1 0 7 0 0 0 0 2 0 0 0 0 0 18 0 0 0 0 0 0 0 0 0 0 0 0 15 18 1 0 0 0 0 0 0 0 0 0 0 0 0 
 36 525 128 300 172 56 245 158 155 376 45 257 353 28 101 230 246 0 63 33 2 6 0 1 1 2 75 0 2 0 2 5 89 0 0 0 2 2 155 1 0 0 0 10 0 1 0 3 45 0 3 0 3 0 3 0 5 2 1 0 0 3 3 0 3 2 0 2 0 0 0 56 0 0 0 0 0 0 0 7 8 16 1 40 1 11 0 0 0 30 15 76 0 15 9 11 33 0 0 1 14 10 0 2 0 0 0 0 10 0 0 0 11 0 12 0 0 0 14 14 0 0 0 0 0 0 0 0 0 0 0 0 0 0 1 0 0 0 0 0 5 0 0 1 0 0 0 0 0 0 0 0 0 0 0 0 0 0 0 0 0 18 0 12 23 18 0 0 13 0 26 8 14 0 0 0 19 61 0 0 0 1 0 0 0 0 46 1 9 16 0 0 9 0 8 0 0 0 32 11 0 0 0 2 0 0 8 0 1 2 0 0 0 9 0 0 0 0 0 0 0 0 0 0 9 0 0 0 2 0 0 0 0 0 0 0 0 0 0 0 0 0 0 0 0 0 0 3 97 0 24 20 9 0 0 0 0 0 0 0 0 0 0 2 0 0 0 0 0 0 0 0 0 0 0 0 40 0 0 0 0 0 0 0 0 0 0 0 0 0 
 98 164 36 73 62 48 44 165 218 123 31 115 228 178 66 451 25 63 0 146 3 5 0 3 0 0 3 0 1 1 3 0 0 0 1 0 0 0 0 5 0 0 0 3 0 0 63 5 0 0 3 0 3 0 0 0 3 2 0 0 0 3 3 0 3 3 0 6 0 3 2 0 0 0 0 0 3 0 0 0 0 12 0 12 0 0 75 0 10 7 18 0 2 24 23 1 0 0 3 45 0 0 0 0 0 0 0 0 0 0 1 0 1 0 0 0 0 0 0 0 0 0 0 0 0 0 2 0 0 0 0 0 0 0 0 0 0 0 0 9 9 0 0 1 0 0 0 0 0 0 0 0 0 0 1 0 0 0 0 0 46 0 18 0 0 0 0 11 0 2 0 0 0 1 16 0 1 0 9 7 0 0 0 0 0 0 0 1 0 0 0 0 0 0 0 0 0 0 0 0 0 9 0 0 0 0 0 0 0 0 0 0 0 0 0 17 0 0 0 0 0 0 0 0 0 0 0 0 0 0 0 0 0 1 0 0 0 0 0 1 0 0 0 0 0 2 0 0 0 9 2 10 0 0 0 0 0 0 0 0 0 0 0 0 0 0 0 0 0 0 0 0 0 0 0 0 0 0 0 0 0 0 0 0 0 0 0 0 0 2 
 39 583 38 272 161 274 144 215 330 172 166 63 427 198 96 183 469 33 146 0 3 3 7 2 0 0 3 0 0 0 2 0 1 0 0 0 0 0 2 2 0 0 0 1 0 2 0 3 3 0 3 3 3 0 1 0 3 2 0 0 0 3 3 0 3 9 0 0 0 39 0 1 0 0 0 0 2 0 0 0 31 5 37 25 6 15 0 45 8 32 0 15 16 16 0 20 26 25 20 28 0 0 0 0 0 0 0 0 0 0 0 0 0 0 0 0 0 0 0 0 0 0 0 0 0 0 0 0 0 0 0 0 0 0 0 0 0 0 0 0 0 0 0 0 0 0 0 0 0 0 0 0 10 0 0 0 0 0 0 0 49 0 1 14 0 0 29 3 26 0 0 9 14 13 0 10 5 0 11 0 0 0 0 0 0 0 0 0 5 0 0 0 1 0 0 0 0 0 0 0 0 0 0 0 0 0 0 0 0 0 0 0 0 0 0 17 0 0 0 0 0 0 0 0 0 2 0 0 0 0 0 0 0 0 0 0 0 0 0 0 0 0 0 0 0 1 90 0 0 0 0 22 2 0 2 0 0 0 0 0 0 0 0 0 0 0 0 0 0 0 0 0 0 0 0 16 0 1 0 0 0 0 0 0 0 0 0 0 0 0 
 4 3 4 4 108 76 3 9 78 63 155 124 3 3 4 77 3 2 3 3 0 101 160 166 99 29 342 130 118 99 365 31 39 62 38 109 109 89 111 207 0 5 0 0 1 0 3 5 3 0 4 3 0 7 0 3 3 1 0 3 0 3 0 6 3 2 0 6 0 0 0 1 3 0 0 0 0 0 0 0 0 0 0 0 25 1 0 0 0 0 0 0 0 0 0 0 0 25 0 0 33 11 8 24 0 0 15 14 6 19 40 1 33 11 0 7 13 22 22 23 0 0 0 1 0 2 0 0 0 1 0 0 0 0 0 0 0 1 17 0 0 0 0 0 0 0 0 0 4 0 0 0 0 0 3 0 2 0 0 0 0 1 0 0 0 11 0 0 0 8 0 6 2 0 0 0 0 0 0 0 28 36 11 0 12 0 13 12 23 37 1 0 1 36 43 20 21 17 13 14 10 0 0 0 0 0 0 0 0 0 0 0 0 0 0 0 0 0 1 0 0 0 0 0 0 0 0 0 0 0 0 0 2 17 0 0 0 0 0 0 0 0 0 0 0 0 0 0 0 73 0 1 1 0 21 0 2 0 0 0 2 12 0 0 0 0 0 0 0 0 0 0 0 0 0 8 0 0 0 15 0 1 0 0 0 0 0 0 0 0 
 3 3 3 6 6 77 5 5 5 3 4 3 3 3 208 3 3 6 5 3 101 0 994 215 190 133 71 630 131 425 182 35 488 158 340 184 255 210 44 55 1 0 0 9 0 0 1 5 0 1 0 3 0 2 0 0 4 1 81 2 0 3 0 0 7 3 0 3 0 0 0 3 1 0 0 1 0 46 0 0 0 0 0 0 0 0 0 0 0 0 1 0 0 0 0 0 0 0 0 0 20 10 6 47 11 25 19 32 0 45 53 12 0 8 18 15 14 21 0 9 0 0 0 0 0 0 0 0 0 0 0 0 0 0 0 0 0 0 12 14 0 0 0 0 0 0 0 0 0 0 0 0 0 0 0 0 0 0 0 0 0 1 0 0 0 0 0 0 0 0 0 1 0 0 0 0 0 0 0 0 16 15 20 0 19 35 0 19 13 43 51 31 0 37 0 18 13 45 0 1 0 0 0 0 0 0 7 0 0 0 0 0 0 3 0 0 0 0 8 0 0 0 0 0 0 0 0 0 0 0 0 0 0 0 0 0 0 0 0 0 0 0 0 0 0 0 0 0 0 0 0 0 0 0 4 0 2 78 78 0 18 2 0 0 0 0 0 0 0 0 0 0 0 0 0 0 0 0 0 0 0 12 0 0 9 0 10 0 0 0 
 0 0 0 0 2 0 0 0 0 0 0 0 0 0 0 0 0 0 0 7 160 994 0 227 283 180 107 84 151 141 222 31 170 51 127 183 139 304 36 39 1 0 0 0 0 0 0 4 0 1 0 3 1 2 4 0 2 0 2 3 2 3 64 2 0 3 0 3 0 0 0 0 3 0 0 0 0 0 0 0 0 0 0 0 1 0 0 0 0 0 0 0 0 0 0 0 0 0 1 0 0 1 11 10 0 63 13 19 0 21 51 31 0 8 9 27 12 13 0 0 0 0 0 0 1 0 13 9 0 0 0 0 12 0 0 0 0 0 11 0 0 0 0 0 0 0 0 0 0 0 0 0 0 0 0 0 0 0 0 0 0 0 0 2 0 1 0 0 0 0 0 0 0 0 0 0 0 0 0 0 0 15 1 17 17 7 1 27 0 14 46 28 0 20 0 3 5 58 0 0 11 7 1 0 0 0 0 0 0 0 0 0 1 33 0 9 17 0 4 0 0 0 0 0 0 0 0 0 0 0 0 0 0 0 0 0 0 0 0 2 0 0 0 0 0 0 0 0 0 0 0 0 0 0 2 0 2 7 78 0 17 1 0 0 0 0 0 0 0 0 0 0 0 0 0 0 0 0 0 1 0 0 0 0 0 0 0 0 0 0 
 2 2 3 7 2 2 3 3 1 3 2 2 62 2 1 4 3 1 3 2 166 215 227 0 94 126 103 108 143 140 180 179 180 169 92 176 496 122 121 87 61 0 1 0 6 0 6 6 0 5 0 3 64 4 0 0 64 0 2 2 0 3 4 0 0 3 6 3 0 4 0 0 1 0 6 0 0 1 4 0 0 0 0 0 0 0 0 0 0 0 0 0 14 0 0 0 0 2 0 2 8 25 7 11 13 9 0 5 30 9 28 16 0 10 9 28 37 26 0 0 0 0 0 0 0 0 8 0 0 0 0 0 30 0 0 0 0 1 38 0 2 0 0 0 0 0 0 0 0 0 0 0 0 0 0 0 0 1 0 0 0 12 0 0 0 0 0 2 0 0 0 0 0 2 0 0 0 0 0 0 0 0 13 45 27 0 0 0 1 20 9 10 10 0 45 18 10 46 0 0 10 8 0 0 0 0 2 0 0 0 0 7 0 14 14 24 0 0 7 13 0 0 0 1 2 0 0 0 14 0 0 0 0 0 0 0 0 1 11 0 0 0 0 0 0 0 0 0 0 0 0 0 0 0 5 2 2 7 5 0 0 1 0 0 0 0 0 0 0 0 0 0 0 0 0 0 0 0 0 0 0 0 0 0 0 0 0 0 0 0 
 1 31 0 0 0 0 0 0 0 1 0 0 0 0 1 0 2 1 0 0 99 190 283 94 0 431 54 64 134 96 258 434 90 100 69 101 58 132 57 114 31 125 62 9 0 2 0 125 0 0 1 10 62 68 0 0 26 1 63 91 0 3 0 3 0 0 0 3 0 0 0 0 3 0 0 0 0 0 6 0 0 0 0 0 0 0 0 0 0 0 0 0 0 0 0 0 0 0 1 0 0 11 0 0 10 0 1 19 0 0 19 4 0 0 0 4 11 0 0 4 11 0 83 0 1 0 12 18 8 0 40 0 20 19 0 72 0 14 14 48 0 0 0 0 0 0 0 0 2 0 0 0 0 2 6 0 0 0 0 0 14 0 0 2 13 0 0 0 0 0 0 0 0 0 0 0 0 0 0 0 0 26 9 0 49 4 0 0 0 0 1 6 0 0 1 2 0 22 0 0 24 0 1 17 0 0 43 27 14 28 1 1 25 30 0 14 0 0 0 32 0 0 0 0 0 0 10 0 0 0 0 0 0 0 0 0 0 0 0 2 0 0 0 0 0 0 0 0 0 0 0 0 0 0 8 0 1 42 1 0 0 0 0 0 0 5 0 0 0 0 0 0 0 0 0 0 0 0 0 0 0 20 0 0 0 28 0 0 0 0 
 0 4 0 0 0 0 0 0 0 2 1 4 0 0 2 0 0 2 0 0 29 133 180 126 431 0 27 35 41 41 94 272 36 46 89 171 56 382 40 60 62 0 2 70 62 4 1 0 0 1 0 5 75 3 0 0 2 1 0 72 0 3 0 7 3 3 6 3 0 1 0 0 3 0 0 2 0 0 7 0 0 1 0 0 0 1 0 0 0 0 0 1 0 0 0 0 0 0 0 0 0 21 0 0 0 25 0 0 0 30 9 0 0 9 0 23 0 43 0 0 7 24 37 0 0 0 6 25 14 0 0 0 18 59 25 17 14 52 22 15 0 1 0 0 0 0 0 0 0 0 0 0 0 2 0 0 0 0 1 0 0 0 0 0 0 1 0 0 0 0 0 0 0 0 0 0 0 0 0 0 0 9 0 18 11 7 0 12 0 2 14 30 0 0 9 0 0 14 0 0 10 11 0 30 2 0 1 34 22 24 5 0 0 13 0 0 8 6 0 19 0 1 0 0 0 0 0 0 0 0 0 0 22 0 0 0 0 0 0 0 0 0 0 0 0 0 0 0 0 0 0 0 0 0 12 0 6 78 1 0 13 0 0 0 0 0 0 0 0 0 0 0 0 0 0 0 0 0 0 0 0 2 0 0 0 32 0 0 0 0 
 4 3 78 41 35 80 3 6 79 81 78 77 3 3 4 3 78 75 3 3 342 71 107 103 54 27 0 96 61 70 116 95 242 136 43 89 334 43 193 410 0 0 0 60 62 0 0 0 0 0 1 3 0 8 0 0 3 1 0 3 0 3 0 2 0 3 0 3 0 0 0 4 3 0 52 4 0 0 0 0 0 0 0 1 11 22 0 0 0 19 12 35 0 0 0 0 0 14 0 0 38 15 0 6 45 0 7 33 19 26 0 0 39 5 21 11 6 6 27 11 0 0 0 0 0 0 0 0 0 0 0 0 0 0 2 0 0 1 10 0 6 0 2 3 0 2 0 0 0 0 0 0 0 0 0 0 0 0 0 0 0 1 0 14 36 1 0 0 14 0 35 0 0 0 1 0 61 0 0 0 19 5 0 32 0 0 50 16 12 1 0 13 16 1 45 0 0 0 22 39 0 0 0 0 0 0 0 12 0 0 0 0 10 0 0 0 0 1 20 0 0 0 0 0 0 0 0 0 17 0 0 0 0 0 0 0 0 0 0 0 0 0 0 0 0 0 0 0 75 0 10 0 0 1 12 2 0 93 0 2 1 2 0 0 0 0 0 0 0 0 0 0 0 0 0 0 19 0 0 0 0 0 0 0 0 0 0 0 0 0 
 0 2 5 44 10 0 0 3 0 0 1 6 0 1 0 0 0 0 0 0 130 630 84 108 64 35 96 0 159 126 184 184 341 173 151 125 158 114 136 58 63 0 0 0 0 0 0 1 0 0 2 3 0 5 0 0 1 2 51 0 0 0 0 2 0 0 0 0 0 0 0 5 0 0 52 0 0 2 0 0 0 0 0 0 0 0 0 2 0 0 0 0 0 0 0 0 0 0 0 0 53 28 9 20 0 32 0 40 17 1 54 42 0 7 31 32 35 11 0 1 0 0 0 0 0 0 2 0 0 0 0 0 0 0 0 0 0 0 10 13 0 0 0 0 0 0 0 2 2 0 0 0 0 1 11 0 0 0 0 0 0 0 0 0 0 0 2 0 0 0 0 0 0 0 0 0 0 0 0 0 3 0 34 14 42 9 2 0 0 34 18 5 10 1 1 20 10 14 0 0 0 1 0 0 0 0 0 0 0 0 0 0 1 2 0 0 0 0 24 0 0 0 0 0 0 0 0 0 18 0 0 2 0 0 0 1 0 0 0 0 0 0 0 0 0 0 0 0 0 0 0 0 0 0 4 4 0 13 1 0 0 4 0 0 0 0 0 0 0 0 0 0 0 0 0 0 0 0 0 0 0 10 0 0 0 0 4 0 0 0 
 0 0 0 2 17 95 0 0 0 0 0 96 0 0 0 0 0 2 1 0 118 131 151 143 134 41 61 159 0 70 202 36 575 842 65 582 129 51 70 189 54 0 1 0 0 0 3 2 0 0 1 3 0 3 0 0 3 1 0 3 0 3 0 2 0 2 0 3 0 0 0 0 3 0 0 0 0 0 0 0 0 0 0 0 0 8 0 0 0 0 0 0 0 0 0 0 0 0 0 0 30 9 30 22 1 1 5 30 32 30 20 33 0 0 31 29 8 2 11 15 0 0 0 0 0 0 0 10 0 0 0 0 0 0 0 0 0 0 0 1 3 0 1 2 0 0 0 0 0 0 0 0 0 0 0 0 0 0 0 2 0 0 0 0 0 9 0 0 0 0 0 0 0 0 0 0 0 0 0 3 20 22 27 0 0 11 0 12 25 18 15 8 1 7 1 48 9 0 0 0 0 0 0 0 0 0 2 0 19 0 0 0 16 0 0 0 0 2 0 0 0 0 0 0 0 0 0 0 0 0 0 0 0 0 0 0 0 0 0 0 0 0 0 0 0 0 0 0 0 0 0 0 0 1 4 0 0 0 1 2 4 0 0 0 0 0 0 0 0 0 0 0 0 0 0 0 0 0 0 10 0 0 0 0 0 0 0 0 0 0 
 2 0 1 0 5 106 3 1 0 0 0 0 0 2 1 0 0 0 1 0 99 425 141 140 96 41 70 126 70 0 384 107 223 167 93 291 339 94 82 258 0 0 0 0 0 0 0 4 0 1 0 3 75 7 0 0 2 0 62 3 0 3 0 1 0 3 0 3 0 0 0 1 3 0 2 0 0 0 0 0 0 0 0 0 0 11 0 0 4 15 0 0 0 0 0 0 0 0 0 7 10 0 0 23 11 65 7 33 0 13 50 25 0 29 10 18 1 1 0 0 0 13 0 0 0 0 1 0 21 0 0 0 0 14 18 0 0 0 8 22 0 0 0 0 0 0 0 0 5 0 0 0 0 0 10 0 0 0 0 0 0 0 0 0 0 0 0 0 0 0 0 0 4 0 0 0 1 0 0 0 12 6 0 22 8 15 18 0 40 57 23 22 5 14 12 10 18 10 0 0 56 10 0 0 0 0 0 0 0 0 0 0 1 11 0 14 0 0 27 7 0 0 0 0 0 0 0 0 0 0 0 0 0 0 0 0 0 53 0 0 0 0 0 0 0 0 0 0 0 0 0 0 1 0 22 0 4 0 0 3 3 13 0 0 0 0 0 0 0 0 0 0 0 0 0 0 0 1 0 0 0 1 0 0 0 0 20 0 0 0 
 4 2 3 3 2 2 3 3 2 2 2 2 2 2 2 2 3 2 3 2 365 182 222 180 258 94 116 184 202 384 0 134 32 623 166 222 327 75 98 125 1 0 26 0 0 0 8 4 0 0 1 3 68 4 0 0 3 1 207 3 0 3 0 2 0 2 0 3 0 0 0 7 3 0 0 7 0 0 0 0 0 0 0 0 0 0 0 0 0 1 0 0 0 0 0 0 0 0 0 0 0 36 11 18 23 15 14 25 0 20 14 8 0 30 0 45 25 13 0 12 0 0 0 0 0 0 0 0 0 0 0 0 0 0 2 0 0 0 13 0 0 0 2 0 0 2 0 0 6 0 0 0 0 0 6 0 0 0 0 1 0 0 0 0 0 0 0 0 0 0 0 0 0 13 0 0 0 0 0 0 20 0 10 29 29 8 0 21 9 21 16 19 0 21 19 53 38 59 0 20 9 0 0 0 50 0 0 0 0 0 0 0 34 0 0 0 0 2 12 22 0 0 0 0 0 0 0 0 13 0 0 0 0 0 0 0 0 0 0 0 0 0 0 0 0 0 0 0 0 0 0 0 0 1 3 0 1 6 2 0 5 9 0 0 0 0 0 0 0 0 0 0 0 0 0 0 0 0 0 0 0 21 0 0 0 0 0 0 0 0 
 0 0 0 0 4 4 0 0 0 4 0 0 0 0 2 0 0 5 0 0 31 35 31 179 434 272 95 184 36 107 134 0 41 106 127 158 185 142 35 34 63 34 0 0 0 0 0 26 0 1 0 4 62 5 0 0 2 6 65 3 0 3 0 2 0 3 0 3 6 0 46 0 3 0 0 0 0 0 5 0 0 0 0 0 0 0 0 0 0 0 0 0 0 0 0 0 0 0 0 0 8 10 0 46 16 9 0 29 0 0 19 19 0 26 0 0 9 12 0 10 0 7 21 0 0 0 0 0 0 0 0 0 17 10 10 1 0 1 24 29 0 0 0 0 0 0 0 0 0 0 0 0 0 0 1 0 0 0 0 0 0 0 0 0 0 0 0 0 7 0 0 0 5 0 0 0 0 0 0 0 0 0 13 30 27 17 12 1 11 65 14 0 6 0 27 8 11 32 0 0 22 8 0 0 0 0 31 12 11 0 0 0 0 0 13 0 0 0 21 14 0 0 0 0 0 0 0 0 0 0 0 0 0 0 0 0 0 0 0 0 0 0 0 0 0 0 0 0 0 0 0 0 0 0 3 0 2 75 5 3 0 0 0 0 0 0 0 0 0 0 0 0 0 0 0 0 0 0 0 0 0 12 0 0 0 2 0 0 0 0 
 0 0 0 79 149 159 2 73 0 2 0 35 0 1 0 0 2 89 0 1 39 488 170 180 90 36 242 341 575 223 32 41 0 184 37 414 93 31 239 79 62 0 0 4 0 1 33 5 2 2 0 9 0 8 7 0 1 0 0 2 0 3 0 0 4 3 0 7 0 0 0 0 1 0 0 0 0 0 0 0 0 0 0 0 0 6 0 0 0 0 0 0 0 0 0 0 0 0 0 0 43 25 14 28 15 13 6 25 6 13 22 6 0 44 37 57 12 21 18 1 12 0 0 0 0 0 0 0 0 0 0 0 0 0 0 0 0 0 13 0 6 0 0 6 0 0 2 0 0 0 2 0 0 0 0 0 0 0 0 0 0 0 11 0 10 0 0 0 0 0 2 1 0 0 0 0 0 0 0 3 16 2 13 6 1 0 62 11 27 13 10 2 36 8 32 14 23 0 26 0 0 0 0 0 0 0 0 0 0 0 0 0 0 0 0 0 0 0 30 0 0 0 0 0 0 10 0 0 22 0 0 0 0 0 0 0 0 0 0 0 0 0 0 0 0 0 0 0 0 75 0 0 0 0 8 0 0 0 2 3 0 0 0 0 0 0 11 0 0 0 0 0 0 0 0 1 0 0 0 1 0 0 0 0 0 0 0 0 0 0 
 1 0 0 0 77 153 0 1 0 0 77 0 0 0 0 0 0 0 0 0 62 158 51 169 100 46 136 173 842 167 623 106 184 0 182 474 583 116 67 379 0 0 4 5 0 1 0 4 0 0 1 3 0 7 0 2 9 1 63 3 0 3 0 4 2 1 0 3 0 2 3 45 3 0 0 5 2 4 0 0 0 0 0 0 22 6 0 0 0 0 0 0 0 0 0 0 0 13 0 0 23 2 17 1 23 11 8 40 13 24 5 0 11 27 0 10 16 1 26 16 0 0 0 0 0 0 0 0 0 0 0 0 0 0 0 0 0 7 2 0 1 0 1 11 0 0 12 0 0 0 0 0 0 0 0 0 0 0 20 1 0 0 0 0 0 0 0 0 0 0 0 0 0 0 0 0 0 0 0 0 6 31 9 36 2 74 10 28 22 22 9 32 10 42 48 14 15 18 0 15 0 0 0 0 12 0 0 0 0 0 0 0 0 1 0 0 35 2 24 10 0 0 0 0 0 0 0 0 0 0 0 0 0 0 0 0 0 0 0 0 0 0 0 0 0 1 0 0 0 0 0 0 0 0 8 0 1 83 0 2 2 2 1 0 0 0 0 0 0 0 0 0 0 0 0 0 0 0 0 0 0 1 0 0 0 0 9 0 0 0 
 0 74 0 0 2 0 2 0 0 0 0 0 0 0 0 0 65 0 1 0 38 340 127 92 69 89 43 151 65 93 166 127 37 182 0 61 117 57 50 112 0 0 0 0 0 0 62 3 0 1 0 3 0 63 0 0 2 0 108 3 3 4 0 2 0 3 2 3 0 0 3 4 3 9 0 6 0 0 5 0 0 0 0 0 0 0 0 0 0 0 0 0 0 0 0 8 0 0 0 0 0 0 0 17 22 12 1 6 0 8 37 4 0 6 0 13 12 7 0 0 0 0 2 0 0 0 0 0 0 0 2 0 1 0 0 0 0 0 1 20 0 0 0 0 0 0 0 0 0 0 0 2 0 0 0 0 0 0 0 0 0 0 0 0 0 0 0 0 0 2 0 0 0 0 0 0 2 0 0 0 0 0 23 12 14 7 0 22 0 44 57 17 2 1 0 9 0 22 0 0 0 0 0 0 0 0 10 0 0 0 0 0 0 0 0 0 0 0 15 0 0 0 0 0 0 0 0 0 0 0 0 0 0 0 0 0 0 0 0 0 0 0 0 0 0 0 0 0 0 0 0 0 0 0 10 2 0 91 1 2 12 1 0 0 0 0 0 0 0 0 0 0 0 0 0 0 0 2 0 0 0 0 0 0 0 0 7 0 0 0 
 1 0 0 0 0 95 3 0 0 1 0 0 0 0 0 0 0 0 0 0 109 184 183 176 101 171 89 125 582 291 222 158 414 474 61 0 230 177 30 85 1 0 0 0 0 0 0 5 0 1 0 3 68 4 0 0 2 0 1 2 67 3 0 0 0 3 0 3 0 0 3 0 1 0 0 0 0 0 0 0 0 0 0 0 0 2 0 0 0 0 0 0 0 0 0 0 0 0 0 0 31 13 6 61 18 46 9 26 0 28 24 38 0 0 4 67 10 66 0 1 0 10 0 0 0 0 12 1 0 0 0 0 21 18 12 0 0 0 19 0 0 0 0 10 0 0 0 0 0 0 0 0 0 0 0 0 0 0 0 0 0 0 0 18 0 0 0 0 0 0 0 0 10 0 8 0 0 0 0 0 14 0 0 15 42 9 1 0 41 26 17 1 0 9 16 0 10 18 0 0 12 18 0 1 0 0 1 0 0 0 0 0 0 6 0 7 1 0 19 0 0 0 0 0 0 0 0 0 0 0 0 0 0 0 0 0 0 0 0 0 0 0 0 0 0 0 0 0 0 0 0 0 0 0 10 0 0 1 0 2 2 16 0 0 0 0 0 0 0 0 0 0 0 0 0 0 0 0 0 0 0 0 0 0 0 0 0 0 0 0 
 0 0 2 0 0 0 1 2 0 0 0 0 0 0 0 0 0 2 0 0 109 255 139 496 58 56 334 158 129 339 327 185 93 583 117 230 0 178 127 41 63 0 0 0 0 0 0 6 0 1 0 3 63 8 0 0 2 0 150 3 0 3 0 1 0 3 0 3 0 0 0 0 2 5 0 0 0 0 0 0 0 6 0 0 0 0 0 0 0 0 0 0 0 0 0 9 0 0 0 0 26 22 14 36 24 9 7 12 17 17 1 0 14 34 38 18 21 29 0 0 17 0 25 0 0 0 0 0 0 0 0 0 21 0 0 0 0 0 27 0 0 0 0 0 0 0 0 0 0 2 0 0 0 0 2 0 0 0 0 1 0 0 0 0 0 0 0 11 0 0 0 0 0 0 1 0 0 0 0 0 1 0 18 61 46 0 18 0 7 43 13 13 19 1 31 22 10 43 7 10 9 0 0 0 0 15 11 0 0 0 0 0 4 1 0 0 0 0 6 23 0 0 0 0 0 0 0 0 14 0 0 12 0 0 0 0 1 0 0 0 0 0 0 0 0 0 0 0 0 0 0 0 2 2 16 0 0 82 3 0 0 0 1 0 0 0 12 0 0 2 0 0 0 0 0 0 1 0 0 0 0 0 0 0 2 0 0 0 0 0 
 5 2 0 1 0 2 0 76 2 77 0 0 2 0 1 0 2 2 0 0 89 210 304 122 132 382 43 114 51 94 75 142 31 116 57 177 178 0 46 249 0 0 31 0 0 0 0 5 0 0 57 3 64 3 0 0 3 1 64 3 0 3 0 2 0 2 0 3 0 0 0 0 3 0 0 0 0 0 0 0 0 0 0 0 0 0 0 0 0 0 0 0 0 0 0 0 0 0 0 0 0 0 0 7 11 51 0 0 0 20 63 13 0 16 0 64 16 30 0 0 0 0 0 0 0 0 1 10 0 0 0 0 17 0 0 0 0 0 10 1 0 0 0 0 0 0 2 0 0 0 2 0 0 0 0 0 0 0 0 0 0 0 0 0 0 0 0 0 2 0 2 0 0 0 0 0 0 0 0 0 0 5 1 41 9 52 0 20 0 43 44 33 0 0 19 19 0 88 0 0 22 0 1 0 0 0 18 0 0 0 0 0 19 22 0 21 0 0 1 21 0 0 0 0 0 0 0 0 0 0 0 0 0 0 0 0 1 0 0 0 0 0 0 0 0 0 0 0 0 0 0 0 0 0 11 0 3 3 1 3 11 0 0 0 0 0 0 0 0 0 0 0 0 0 0 0 0 0 0 0 0 0 0 0 0 0 9 0 0 0 
 0 0 0 74 153 0 0 1 1 62 44 0 0 0 75 1 0 155 0 2 111 44 36 121 57 40 193 136 70 82 98 35 239 67 50 30 127 46 0 315 1 0 0 0 0 0 4 5 0 1 1 3 3 3 4 0 7 15 0 3 0 3 0 3 5 50 0 3 0 0 0 0 3 0 0 0 0 0 5 0 0 0 0 0 0 3 0 0 0 7 8 0 0 0 0 0 0 0 0 0 2 10 25 0 0 0 36 0 46 0 0 0 14 15 58 11 18 0 7 0 14 0 0 0 0 0 0 0 0 0 0 0 0 0 0 0 0 0 0 0 0 0 5 0 0 0 0 0 0 0 0 0 0 0 0 0 0 0 0 0 0 0 12 0 38 23 0 0 2 1 40 24 0 0 0 32 0 0 0 0 1 13 20 0 0 0 42 17 10 0 0 1 22 18 19 13 1 0 52 13 26 0 0 0 0 0 0 0 0 0 0 0 0 0 0 0 0 0 0 0 0 0 0 0 0 0 0 0 10 0 0 0 0 0 0 0 0 0 0 0 0 0 0 0 0 1 0 0 0 77 12 1 0 0 5 0 0 0 75 2 0 0 0 0 0 1 12 0 0 0 0 0 0 0 0 1 9 0 0 0 0 0 0 0 0 0 0 0 0 0 
 4 2 3 3 80 98 8 3 3 2 80 2 2 2 2 2 3 1 5 2 207 55 39 87 114 60 410 58 189 258 125 34 79 379 112 85 41 249 315 0 0 0 0 0 0 0 0 3 0 1 0 10 0 11 0 0 9 0 0 3 0 3 0 1 12 74 0 3 0 0 0 0 2 0 0 0 0 0 0 0 0 0 0 0 2 8 0 0 18 0 0 0 0 0 0 0 2 15 0 0 30 0 37 33 0 0 18 29 12 27 0 1 1 32 0 1 6 11 30 93 16 0 0 0 0 0 0 0 0 0 0 0 0 0 0 0 0 0 0 0 0 0 0 0 0 0 0 1 5 0 0 0 0 2 0 0 0 0 0 0 0 0 0 0 0 4 1 0 0 0 0 1 0 0 0 0 0 0 0 0 23 28 6 0 0 0 30 45 67 17 0 14 26 27 36 12 21 0 24 21 0 0 0 0 0 0 0 0 0 0 0 0 0 0 0 0 0 0 0 0 0 0 0 0 0 0 0 0 0 0 0 0 0 0 0 0 0 0 0 0 0 0 0 0 0 0 0 0 0 86 0 0 0 0 3 0 0 0 0 3 0 14 0 0 0 0 15 0 0 0 0 0 0 0 0 0 0 0 0 5 0 0 0 0 0 0 0 0 0 0 
 0 0 0 0 0 0 0 0 0 0 0 0 0 0 0 0 0 0 0 0 0 1 1 61 31 62 0 63 54 0 1 63 62 0 0 1 63 0 1 0 0 228 83 50 42 253 299 154 36 101 116 103 120 106 109 33 53 80 60 39 0 0 0 0 0 0 0 5 4 2 0 0 5 5 0 0 0 0 9 0 0 0 0 0 2 0 0 6 0 0 0 0 0 0 0 0 0 0 0 0 0 0 0 0 0 1 0 0 10 0 0 0 0 1 38 0 0 2 1 1 0 24 14 18 10 0 0 0 16 9 36 0 0 41 25 39 0 15 17 0 0 0 0 0 0 0 3 0 0 0 0 0 0 3 0 0 0 0 0 0 0 0 0 0 0 0 0 0 0 0 0 0 0 0 0 0 0 0 0 0 12 11 11 1 1 0 0 0 0 0 0 0 23 0 0 10 0 0 0 0 20 10 0 4 0 0 0 26 3 0 0 0 0 0 30 0 2 6 27 20 0 0 0 0 0 0 0 0 12 0 0 12 0 0 0 0 0 0 2 0 0 0 0 0 0 0 0 0 0 0 0 5 0 0 0 0 1 0 1 0 0 0 1 0 70 0 0 0 0 0 0 0 0 0 0 0 0 0 0 0 0 0 0 0 13 17 0 0 0 0 
 0 0 0 2 6 0 0 6 0 0 0 0 0 0 0 0 0 0 0 0 5 0 0 0 125 0 0 0 0 0 0 34 0 0 0 0 0 0 0 0 228 0 310 61 98 158 151 243 34 30 245 20 62 68 322 318 123 96 286 139 0 4 0 0 0 5 0 0 0 1 0 0 0 0 0 0 0 0 10 0 0 0 0 0 0 0 0 0 0 0 0 0 0 0 0 0 0 0 0 0 0 0 0 18 0 0 0 3 0 0 0 0 0 0 9 0 0 0 0 0 15 10 25 0 10 8 22 15 19 13 0 0 27 1 0 27 7 2 30 1 0 0 0 0 39 0 10 0 0 0 0 0 0 0 2 0 0 0 0 0 15 0 0 0 6 0 0 0 0 0 0 0 0 0 0 0 0 0 0 0 0 0 0 0 13 0 0 0 0 0 0 0 0 0 0 0 0 16 0 0 32 12 0 11 10 1 15 45 37 17 3 1 13 7 29 1 0 1 1 28 0 0 0 0 0 0 10 0 0 0 0 0 0 0 0 0 0 0 7 0 0 0 0 0 0 0 0 0 0 0 0 22 0 0 0 0 0 0 0 0 0 0 0 0 1 3 1 0 0 0 0 0 0 0 0 1 0 0 0 0 0 0 0 0 16 14 0 0 0 0 
 0 0 0 0 0 0 0 63 0 0 0 0 0 0 62 0 0 0 0 0 0 0 0 1 62 2 0 0 1 0 26 0 0 4 0 0 0 31 0 0 83 310 0 181 52 44 338 170 150 217 104 47 287 381 79 404 322 114 87 68 6 2 0 0 2 0 0 0 0 1 0 0 72 0 0 0 0 0 52 59 0 0 0 0 0 0 0 29 0 0 0 0 0 0 0 0 0 0 0 0 0 0 0 0 2 1 13 0 0 0 0 0 0 0 0 0 0 0 0 0 4 23 14 46 2 11 57 18 0 4 24 6 19 0 0 14 20 0 16 20 0 6 0 0 0 0 0 0 0 0 9 4 0 0 0 0 6 0 2 0 4 0 0 0 3 0 0 0 0 0 0 0 0 0 0 0 0 0 0 0 0 1 0 0 0 0 0 0 0 0 18 0 0 0 0 0 5 0 0 0 0 0 18 14 4 1 48 0 1 0 0 42 13 14 4 0 0 5 0 3 0 1 0 0 0 0 0 0 0 0 0 0 15 0 0 0 0 0 7 12 0 0 5 0 0 0 0 0 0 0 0 1 0 0 0 0 0 0 4 0 0 0 3 0 0 2 2 0 2 15 10 0 0 0 0 0 0 0 0 0 0 7 0 0 0 0 0 0 1 0 
 9 67 0 7 4 1 0 0 3 1 1 1 2 1 2 4 2 10 3 1 0 9 0 0 9 70 60 0 0 0 0 0 4 5 0 0 0 0 0 0 50 61 181 0 126 100 101 123 150 157 66 115 156 368 351 58 236 332 302 146 54 0 5 2 28 2 7 0 0 1 4 4 63 0 0 0 0 2 50 51 0 0 0 0 0 0 0 0 0 0 0 0 0 0 0 0 0 0 0 0 0 0 0 0 0 0 0 0 0 0 0 0 0 0 0 0 0 0 0 0 0 0 19 36 0 0 0 12 8 0 14 0 0 11 9 11 9 13 0 15 8 5 0 0 0 0 0 0 0 5 0 1 10 8 0 0 0 36 10 12 1 0 0 0 0 0 0 0 0 0 0 0 0 0 0 0 0 0 0 0 0 0 0 0 1 0 0 0 0 0 0 0 0 0 0 0 0 0 0 0 0 0 9 15 1 31 1 12 2 25 26 3 1 0 0 0 10 0 0 8 0 4 5 10 2 0 11 0 0 9 5 0 18 0 10 0 0 0 1 2 0 0 0 0 0 0 0 0 0 0 0 2 0 0 0 0 0 0 0 13 0 0 2 1 0 0 4 0 2 0 1 0 0 0 0 5 0 0 0 0 0 0 0 0 0 19 0 0 2 0 
 0 0 0 3 3 0 67 0 0 0 0 0 0 0 0 0 0 0 0 0 1 0 0 6 0 62 62 0 0 0 0 0 0 0 0 0 0 0 0 0 42 98 52 126 0 67 321 74 60 256 201 557 90 135 388 140 503 74 170 77 0 0 7 0 0 0 0 0 0 0 0 0 0 51 53 0 29 0 0 0 0 0 0 0 0 0 0 0 0 0 0 0 0 0 0 0 0 0 0 0 0 0 0 0 0 0 0 0 0 0 0 0 0 0 0 0 0 0 0 0 0 2 0 2 4 24 0 0 32 19 15 13 0 0 0 2 0 0 0 0 0 26 0 0 0 0 5 28 0 13 6 0 0 22 0 0 0 0 0 9 0 0 0 0 0 11 0 0 0 0 0 0 0 0 0 0 0 0 0 0 0 0 0 0 11 0 0 0 0 0 0 2 0 0 0 0 0 0 0 0 0 9 0 0 1 0 0 0 8 0 0 14 0 0 24 17 27 13 0 0 0 7 0 0 0 0 0 0 30 20 0 0 54 0 0 4 0 14 23 0 0 0 1 0 0 0 0 0 0 0 0 2 0 0 0 0 0 0 0 2 0 0 0 0 65 2 0 3 4 0 0 0 0 0 0 0 0 0 0 0 0 0 0 0 19 0 0 0 1 0 
 0 2 0 0 2 0 0 0 0 0 0 0 0 0 0 2 0 1 0 2 0 0 0 0 2 4 0 0 0 0 0 0 1 1 0 0 0 0 0 0 253 158 44 100 67 0 76 44 58 96 149 209 32 165 178 88 144 83 56 126 0 0 0 0 92 0 0 51 51 2 0 0 47 51 0 0 2 0 1 0 0 0 0 0 0 0 0 0 0 0 0 0 0 0 0 0 0 0 0 0 0 0 0 0 1 6 0 0 0 0 0 0 0 0 0 75 0 0 0 0 6 21 11 0 6 19 34 13 19 0 16 0 0 0 0 3 13 0 3 10 19 8 0 0 1 0 24 20 1 121 0 0 12 0 21 5 0 0 8 0 0 0 9 0 0 0 2 0 0 0 0 7 0 0 0 0 0 0 0 0 0 0 0 0 0 0 0 0 0 0 14 0 0 0 0 0 1 0 0 0 3 10 7 0 0 29 1 0 6 10 26 11 0 6 29 0 0 0 0 0 22 18 0 25 0 0 26 0 0 83 0 45 0 0 15 17 20 0 8 22 3 0 6 0 0 0 0 0 0 0 0 15 1 0 0 0 0 0 0 0 0 0 5 67 69 0 0 1 0 0 24 0 0 0 0 0 0 0 0 0 0 4 0 0 13 0 0 5 1 0 
 3 0 0 0 0 0 0 0 0 0 2 0 0 0 63 0 64 0 63 0 3 1 0 6 0 1 0 0 3 0 8 0 33 0 62 0 0 0 4 0 299 151 338 101 321 76 0 102 65 53 22 37 561 307 77 157 267 30 100 71 0 0 0 0 0 0 0 0 0 0 14 0 0 0 0 0 7 0 0 51 10 0 0 0 0 1 0 0 0 0 0 0 0 0 1 9 0 0 0 0 0 0 0 0 1 0 4 0 0 0 0 0 0 0 4 0 0 0 0 1 1 0 7 17 0 0 1 6 17 2 0 41 0 0 0 0 14 0 46 11 0 0 0 0 32 0 0 0 0 0 0 0 0 0 0 0 0 0 0 7 0 0 0 0 38 0 0 0 0 0 0 20 7 0 2 0 0 0 2 9 0 0 3 0 0 0 0 1 0 0 0 0 0 3 0 0 0 0 3 0 11 1 0 0 0 1 17 0 27 0 4 32 0 0 12 12 19 7 1 7 0 0 0 0 0 0 11 0 0 0 0 0 15 0 0 0 0 0 15 0 0 0 0 0 0 0 0 0 0 26 0 9 0 1 0 0 0 0 0 2 0 0 0 0 2 2 0 0 0 0 0 0 0 0 0 0 0 0 0 0 0 0 0 0 11 0 0 0 0 0 
 4 3 7 5 3 4 4 5 7 5 5 3 5 3 4 5 5 3 5 3 5 5 4 6 125 0 0 1 2 4 4 26 5 4 3 5 6 5 5 3 154 243 170 123 74 44 102 0 144 45 46 81 120 167 278 37 98 33 351 138 0 3 0 3 0 1 0 2 0 2 0 0 0 3 0 0 0 0 11 0 0 0 0 1 0 0 0 0 0 0 0 0 0 0 8 0 0 0 0 0 0 0 0 0 0 0 0 0 0 0 0 3 0 0 0 0 0 0 0 0 21 0 23 0 25 8 25 5 0 17 17 0 20 3 1 25 6 10 22 12 0 0 0 0 13 0 0 0 0 0 0 0 0 0 0 0 0 0 0 0 7 0 0 0 11 0 0 0 0 0 0 0 0 0 0 0 0 0 0 0 0 0 0 0 25 0 0 0 0 0 0 0 0 0 0 0 0 0 0 0 9 18 8 15 0 0 9 32 16 12 0 13 12 26 25 19 5 14 9 18 0 0 0 0 0 0 0 6 0 0 0 0 0 0 0 5 0 1 0 0 0 0 0 0 0 0 0 0 2 0 0 13 0 0 0 0 0 1 0 0 0 0 4 0 0 0 2 0 0 0 0 0 0 0 0 0 0 0 0 0 0 0 0 0 0 1 0 0 2 1 
 0 0 0 0 0 0 42 0 0 0 0 6 0 1 0 0 0 45 0 3 3 0 0 0 0 0 0 0 0 0 0 0 2 0 0 0 0 0 0 0 36 34 150 150 60 58 65 144 0 113 552 46 182 209 236 130 58 114 92 134 5 0 0 0 0 0 3 1 0 0 0 0 4 55 0 0 0 0 16 0 4 0 0 7 0 0 0 0 9 0 0 0 0 0 2 0 0 0 0 0 0 0 0 0 0 0 0 0 0 0 0 0 2 0 0 0 0 0 0 0 6 19 0 0 0 0 12 0 0 8 6 0 0 0 0 0 0 19 0 0 0 0 0 0 0 0 7 0 0 0 0 0 14 20 0 0 0 0 26 0 0 0 0 0 0 0 0 6 0 5 6 10 0 0 0 0 0 9 0 0 0 0 0 0 0 0 0 0 0 0 0 0 0 0 0 0 0 0 0 0 11 6 28 0 10 14 4 8 10 19 14 0 10 10 10 11 19 0 0 7 0 0 0 0 0 0 26 0 0 1 0 0 2 0 10 0 0 0 1 14 0 0 0 0 0 0 4 0 0 0 0 18 0 2 0 0 0 0 0 7 0 0 2 2 2 10 0 0 2 0 0 0 0 0 0 0 0 0 0 0 0 0 0 0 14 0 0 19 0 0 
 0 0 0 2 0 0 0 0 0 0 0 0 0 0 0 0 0 0 0 0 0 1 1 5 0 1 0 0 0 1 0 1 2 0 1 1 1 0 1 1 101 30 217 157 256 96 53 45 113 0 194 53 62 88 213 229 198 159 97 70 0 0 19 0 85 0 0 6 0 2 6 12 25 1 0 0 34 0 27 24 0 0 0 0 0 0 0 0 0 0 0 0 0 0 0 0 0 0 0 0 0 0 0 0 0 0 0 0 0 0 0 0 0 0 0 0 0 0 0 0 0 11 0 12 22 30 14 0 16 26 4 21 0 0 0 19 13 0 0 0 18 19 0 10 0 0 11 0 10 18 0 0 7 16 0 0 32 5 0 10 0 0 0 0 0 0 0 0 0 0 0 0 0 0 0 0 0 0 0 0 0 0 0 0 0 0 54 0 0 0 0 0 0 0 0 0 0 0 0 0 0 12 2 0 25 23 0 0 21 9 0 33 0 0 24 10 10 65 0 0 0 44 0 10 0 0 0 0 1 0 40 10 39 0 0 9 0 0 18 8 0 0 11 0 0 32 0 0 0 0 0 10 0 0 0 0 0 0 1 3 0 0 70 0 1 3 3 62 0 0 0 0 0 0 0 4 0 0 0 0 0 3 0 0 6 0 0 0 2 0 
 3 3 3 6 3 3 3 3 3 3 3 3 3 3 3 3 3 3 3 3 4 0 0 0 1 0 1 2 1 0 1 0 0 1 0 0 0 57 1 0 116 245 104 66 201 149 22 46 552 194 0 66 260 47 145 391 341 137 49 71 0 0 35 0 8 2 0 0 0 1 1 8 9 0 0 0 29 0 51 0 0 0 0 0 0 0 0 0 0 0 0 0 0 0 0 0 0 0 0 0 0 0 0 0 0 0 0 0 0 0 0 0 0 0 0 0 0 0 0 0 0 10 0 0 47 11 11 0 13 28 0 9 0 0 0 10 0 0 0 0 10 17 0 0 0 0 11 17 0 29 0 4 3 6 0 11 4 8 0 1 0 0 0 0 0 0 0 0 0 0 0 11 0 0 0 0 0 0 0 0 0 0 0 10 11 0 0 0 0 0 0 0 0 0 0 0 0 0 0 12 0 20 12 0 31 0 0 0 14 0 0 0 0 0 10 9 18 0 0 0 0 18 0 9 2 0 0 0 0 29 9 0 1 0 1 13 0 0 16 14 0 0 0 0 0 0 0 0 0 0 0 6 0 0 0 0 0 0 1 19 0 0 2 6 3 6 2 30 1 0 11 0 0 0 0 7 0 0 0 0 0 2 0 0 7 0 0 0 1 0 
 0 0 0 6 3 0 3 0 0 0 0 0 0 0 0 0 0 0 0 3 3 3 3 3 10 5 3 3 3 3 3 4 9 3 3 3 3 3 3 10 103 20 47 115 557 209 37 81 46 53 66 0 55 30 240 44 184 134 41 51 3 39 0 0 7 0 0 50 30 1 4 0 51 40 0 0 24 1 0 0 0 0 0 0 0 0 0 14 0 0 0 0 0 0 0 0 0 0 0 0 0 0 0 0 0 0 0 0 0 0 0 0 0 0 0 0 0 0 0 0 0 37 0 17 40 30 0 0 0 21 31 0 0 0 0 8 0 0 0 0 2 19 0 1 0 0 8 17 12 10 0 3 1 27 0 7 7 0 21 2 0 0 0 0 0 0 4 0 0 0 0 5 0 0 0 0 0 0 0 0 0 0 0 0 0 0 0 0 0 0 0 0 0 0 0 0 33 0 0 0 0 0 0 8 6 19 0 0 0 0 0 43 0 0 22 0 4 22 0 0 13 17 0 12 0 0 12 0 6 2 0 0 20 4 0 25 0 0 9 91 0 0 26 0 0 0 0 0 0 0 0 16 0 0 0 0 0 1 0 17 0 0 1 1 8 3 1 1 2 0 22 0 0 0 0 0 0 0 0 0 0 0 0 0 0 0 0 28 1 0 
 3 5 7 9 7 3 3 8 8 9 3 3 3 3 5 3 7 3 3 3 0 0 1 64 62 75 0 0 0 75 68 62 0 0 0 68 63 64 3 0 120 62 287 156 90 32 561 120 182 62 260 55 0 301 100 33 260 34 103 186 0 0 0 1 0 0 4 0 0 1 0 0 5 0 0 0 0 0 0 50 0 0 0 0 5 0 0 5 0 0 2 0 0 0 0 0 0 6 0 0 0 11 0 2 25 19 0 0 1 1 0 0 0 66 0 14 8 15 3 0 1 13 0 0 18 0 0 11 17 0 9 0 1 8 22 0 20 0 7 0 0 0 0 0 0 0 0 14 0 0 0 0 0 5 0 0 0 0 0 0 0 5 1 7 2 17 0 0 9 0 0 0 8 0 0 2 0 0 0 0 0 0 0 19 29 2 0 19 22 0 0 3 0 0 0 2 0 0 0 2 12 15 7 22 0 0 7 37 0 7 7 0 0 8 0 0 41 0 9 21 0 47 0 0 0 0 0 0 0 0 0 0 0 0 0 0 0 0 0 0 0 17 0 0 0 0 0 0 0 0 0 13 0 1 0 0 0 61 1 0 0 0 10 0 1 3 2 2 2 0 0 0 0 0 0 0 0 0 0 0 0 0 0 0 0 11 0 0 0 0 
 0 0 0 0 2 0 2 1 0 0 0 0 0 0 0 0 61 0 0 0 7 2 2 4 68 3 8 5 3 7 4 5 8 7 63 4 8 3 3 11 106 68 381 368 135 165 307 167 209 88 47 30 301 0 366 273 118 141 544 114 3 1 0 0 0 0 50 0 0 2 0 0 2 0 0 0 0 0 0 0 0 0 0 0 0 0 0 0 0 0 0 0 0 0 4 7 0 0 0 0 7 3 0 2 0 0 0 8 0 0 0 0 0 9 0 1 0 2 0 0 11 23 8 12 10 6 85 12 13 40 22 0 11 0 1 38 0 9 3 8 0 0 0 0 0 0 10 0 0 0 0 0 0 0 0 0 0 0 1 0 2 0 0 0 1 0 0 0 0 0 0 0 0 0 0 0 0 0 0 0 0 0 0 5 2 0 7 0 0 2 3 0 16 0 5 1 0 1 0 0 0 28 18 12 17 0 22 24 12 2 1 0 12 7 21 16 1 9 16 9 15 0 0 0 0 0 0 0 0 0 0 0 1 0 0 1 0 0 37 0 0 0 0 0 0 0 0 0 0 0 0 6 0 1 0 0 0 0 0 1 0 0 1 0 3 0 1 0 0 0 0 0 0 0 0 0 0 0 0 0 0 0 0 0 7 0 0 0 0 0 
 0 3 0 0 2 2 3 0 0 3 3 0 0 0 0 0 0 3 0 1 0 0 4 0 0 0 0 0 0 0 0 0 7 0 0 0 0 0 4 0 109 322 79 351 388 178 77 278 236 213 145 240 100 366 0 161 297 420 298 133 1 0 0 0 35 0 6 0 0 1 2 0 77 0 0 0 0 0 104 54 0 0 0 0 0 1 0 0 0 0 0 0 0 0 0 0 0 0 0 0 0 0 0 0 0 0 8 0 0 2 0 0 0 0 7 0 0 0 0 4 0 10 0 9 43 9 21 10 3 27 0 1 0 0 46 11 24 0 0 0 0 0 0 0 0 0 9 0 0 0 0 0 0 7 0 0 0 0 0 13 0 0 0 0 4 0 0 0 0 0 0 0 0 0 0 0 0 0 0 0 0 0 2 0 0 0 0 2 1 0 0 1 0 5 0 0 0 0 23 0 0 4 13 36 9 14 19 0 18 30 13 5 0 0 70 22 39 1 0 0 0 0 0 0 0 5 0 0 0 0 0 0 6 0 1 0 0 0 21 0 0 0 0 0 0 0 0 0 0 26 0 5 0 1 0 0 0 0 0 9 0 0 2 1 2 9 0 0 1 0 0 0 0 0 0 0 0 0 0 0 0 0 0 0 12 0 0 0 0 0 
 0 0 0 0 2 0 2 0 0 0 0 0 0 3 0 0 0 0 0 0 3 0 0 0 0 0 0 0 0 0 0 0 0 2 0 0 0 0 0 0 33 318 404 58 140 88 157 37 130 229 391 44 33 273 161 0 169 313 260 68 13 5 0 0 6 0 7 5 0 1 3 0 57 2 1 3 2 3 50 102 0 0 0 0 0 0 0 0 0 0 0 0 0 0 0 0 0 0 0 0 0 0 0 0 0 6 0 0 0 0 0 0 0 0 13 0 0 0 0 0 0 4 0 21 4 7 14 0 10 3 10 43 0 0 1 0 13 0 7 0 0 6 0 0 0 0 2 23 0 1 0 24 0 0 2 2 8 0 12 2 0 0 0 0 0 0 0 12 17 0 0 10 0 0 0 0 0 0 0 0 0 0 0 0 0 0 0 0 0 0 0 0 0 0 0 0 0 0 0 0 0 0 22 0 20 0 28 0 11 1 0 22 1 0 44 12 5 16 0 0 7 0 0 0 0 0 2 22 6 0 7 0 11 2 0 1 0 3 24 25 0 0 0 0 0 2 0 0 0 0 0 7 1 0 0 0 0 0 0 9 0 0 37 0 0 0 6 2 0 0 21 0 0 0 0 0 0 0 0 0 0 0 0 0 1 6 0 0 2 0 
 3 3 3 6 3 3 10 5 3 3 3 3 3 3 3 3 3 5 3 3 3 4 2 64 26 2 3 1 3 2 3 2 1 9 2 2 2 3 7 9 53 123 322 236 503 144 267 98 58 198 341 184 260 118 297 169 0 623 105 180 0 4 4 0 24 0 0 1 0 1 2 0 53 6 0 0 53 0 52 52 0 0 0 0 0 0 0 0 0 0 0 0 0 0 0 0 0 0 0 0 0 7 0 1 0 0 0 0 0 0 0 0 0 0 0 0 0 0 0 0 11 0 18 25 0 0 24 22 2 12 21 9 20 0 0 14 9 0 0 16 0 20 0 0 0 0 0 0 0 0 0 0 2 9 0 0 0 0 28 15 5 0 0 17 7 0 0 0 0 0 0 0 0 0 0 17 0 0 0 0 11 0 0 0 0 1 0 0 0 0 0 0 0 0 0 0 0 0 0 0 1 0 0 14 14 29 21 7 0 42 0 23 13 19 0 0 0 23 0 6 0 9 0 0 0 0 17 0 8 1 0 0 18 0 0 0 0 0 0 18 0 0 26 0 0 0 0 0 0 0 0 13 0 0 0 0 0 0 0 13 0 0 1 0 4 2 0 0 2 0 0 0 0 0 0 0 0 0 0 0 0 0 0 0 0 13 0 23 0 0 
 2 2 2 6 4 2 4 2 3 65 21 2 2 2 2 2 2 2 2 2 1 1 0 0 1 1 1 2 1 0 1 6 0 1 0 0 0 1 15 0 80 96 114 332 74 83 30 33 114 159 137 134 34 141 420 313 623 0 224 21 3 3 0 0 86 0 0 0 3 2 0 0 47 6 49 0 29 0 78 22 0 6 0 0 0 1 0 0 0 0 0 0 0 0 0 5 15 0 0 0 0 0 4 0 0 0 2 0 2 0 0 0 0 0 1 0 0 0 0 0 0 12 0 19 11 9 0 0 11 16 38 0 0 0 0 11 14 0 0 0 11 7 0 0 0 0 21 0 0 0 0 1 7 10 0 0 36 0 28 5 0 0 11 0 2 5 0 0 0 0 0 0 0 0 0 2 0 0 0 0 0 0 4 29 0 0 0 0 0 0 0 1 0 0 0 4 0 0 4 0 0 18 0 0 40 22 0 0 0 9 24 18 0 0 6 0 0 30 9 0 0 1 0 2 0 0 0 0 2 14 0 0 65 0 6 0 0 0 7 1 0 1 20 0 0 0 0 0 0 0 0 6 0 2 0 0 0 0 0 16 0 1 62 62 103 23 6 1 0 0 1 0 0 0 0 0 0 0 0 0 0 0 0 0 10 0 0 0 0 0 
 1 0 0 2 3 0 3 0 2 0 0 0 1 0 7 2 0 1 0 0 0 81 2 2 63 0 0 51 0 62 207 65 0 63 108 1 150 64 0 0 60 286 87 302 170 56 100 351 92 97 49 41 103 544 298 260 105 224 0 145 0 0 0 0 23 0 0 0 0 0 0 2 0 0 0 0 0 0 0 0 0 0 0 0 0 0 0 0 0 0 0 0 0 0 0 0 0 0 0 0 0 0 0 26 3 14 0 0 0 6 22 0 0 0 0 0 0 0 0 0 8 0 2 10 2 0 16 20 0 0 0 8 38 0 0 16 19 0 24 13 0 0 0 0 0 0 0 0 0 0 0 0 0 0 0 0 0 0 0 0 9 0 0 0 6 0 0 31 0 0 21 0 0 0 0 0 0 0 0 0 0 0 24 0 31 8 0 0 0 24 20 11 0 0 0 7 0 10 0 0 0 0 0 16 0 0 35 12 0 15 0 13 15 22 0 0 0 0 0 0 0 0 0 0 0 0 0 0 0 0 0 0 0 0 0 0 0 0 0 0 0 0 12 0 0 0 0 0 0 0 0 23 0 0 0 0 0 31 0 0 0 0 0 0 0 2 3 0 2 0 0 0 0 0 0 0 0 0 0 0 0 0 0 0 1 0 8 0 2 5 
 0 2 0 0 0 0 0 0 0 2 0 0 0 0 0 0 0 0 0 0 3 2 3 2 91 72 3 0 3 3 3 3 2 3 3 2 3 3 3 3 39 139 68 146 77 126 71 138 134 70 71 51 186 114 133 68 180 21 145 0 0 0 0 0 0 0 7 0 4 0 0 0 3 0 0 0 0 0 0 0 0 0 0 0 0 0 0 0 0 0 11 0 0 0 0 0 0 0 0 0 0 12 0 0 9 0 0 0 0 0 0 0 0 0 0 0 0 0 0 0 15 2 19 7 0 0 9 54 10 9 4 0 11 7 8 12 17 1 8 4 0 0 0 0 4 0 0 0 0 0 25 0 0 10 0 0 0 0 0 0 4 0 0 0 5 0 0 0 0 0 0 0 0 0 0 0 0 0 0 0 0 0 0 0 0 0 0 0 0 0 0 6 0 0 0 0 0 0 0 0 24 0 22 40 3 8 18 32 19 18 47 7 11 14 0 4 7 0 0 24 0 0 0 0 0 0 19 0 0 0 0 0 0 0 0 0 0 0 5 5 0 0 0 0 0 0 0 0 0 0 0 16 0 1 0 0 0 62 0 0 0 0 3 0 0 0 3 0 0 0 0 0 0 0 0 0 0 0 0 0 0 0 5 0 13 14 0 0 0 0 
 0 0 0 0 0 0 0 0 0 0 0 0 0 0 0 0 0 0 0 0 0 0 2 0 0 0 0 0 0 0 0 0 0 0 3 67 0 0 0 0 0 0 6 54 0 0 0 0 5 0 0 3 0 3 1 13 0 3 0 0 0 166 109 57 114 57 204 166 140 26 51 41 54 112 95 96 78 51 137 104 12 0 0 0 0 0 0 0 0 0 0 0 0 0 0 0 0 0 0 0 0 0 0 0 0 0 0 0 0 0 0 0 0 0 0 0 0 0 0 0 0 4 0 1 0 0 0 0 0 0 6 0 0 0 0 0 1 0 0 0 0 0 29 20 19 4 11 21 0 0 18 0 0 6 14 11 23 34 65 31 0 0 0 0 0 0 0 0 0 0 0 0 0 6 0 0 18 0 0 0 0 0 0 0 0 0 0 0 0 0 0 0 0 0 0 0 0 0 0 0 0 0 5 1 3 13 5 0 0 0 10 4 0 0 0 0 0 0 0 0 43 0 1 0 36 0 20 22 16 20 14 0 2 9 27 28 20 10 13 0 18 0 0 0 0 0 0 0 0 0 0 0 0 0 5 0 0 0 0 0 0 0 0 0 0 0 6 0 0 0 0 0 0 15 0 0 0 0 0 0 0 0 0 0 0 0 0 9 0 0 
