 0 442 66 56 38 41 145 284 336 219 70 245 464 239 263 263 208 103 223 129 0 0 0 75 0 4 0 0 0 0 0 73 0 3 0 0 1 0 0 0 0 0 0 63 0 4 0 0 0 0 0 3 0 0 0 0 1 29 3 5 3 0 0 2 0 0 3 1 0 0 2 3 3 0 0 0 0 0 0 0 26 21 38 0 0 21 20 23 10 11 0 0 55 3 55 26 36 22 19 25 0 0 0 0 0 0 0 0 0 0 0 0 1 0 0 0 0 0 1 15 0 0 0 0 0 0 0 0 0 0 0 1 0 0 0 0 0 0 0 0 0 0 0 0 0 0 0 0 0 0 0 0 0 2 0 0 2 0 0 0 0 13 7 12 0 7 17 1 54 12 10 28 23 26 23 24 21 22 1 14 0 0 0 0 0 0 0 0 0 0 1 0 2 0 0 0 0 0 7 0 0 0 0 0 0 0 0 0 0 0 0 0 0 0 0 0 0 0 1 0 0 0 0 0 0 0 2 0 0 7 0 0 0 0 0 1 0 0 0 0 0 0 0 0 0 3 91 2 2 91 3 4 29 0 0 0 0 0 0 0 0 0 13 0 0 0 0 0 0 0 0 0 0 0 0 18 0 0 0 0 0 0 0 0 0 0 0 0 0 0 
 442 0 225 292 70 103 402 191 285 473 38 123 239 669 341 131 220 344 71 125 0 0 0 3 0 2 0 0 0 0 0 0 74 5 0 0 0 0 0 0 0 0 0 5 0 3 0 0 0 0 0 3 0 0 0 0 0 22 3 8 3 0 0 34 0 0 3 2 0 0 2 5 3 0 6 0 0 0 0 0 12 19 29 0 0 3 25 22 42 24 0 2 15 12 15 18 40 3 0 0 0 0 0 0 0 3 0 0 0 0 16 0 0 0 0 19 0 0 0 3 0 0 0 0 0 0 0 0 0 0 1 0 24 0 0 0 0 0 0 0 0 0 0 0 0 0 0 0 0 0 0 0 0 0 0 0 8 0 0 0 7 0 0 0 0 0 15 2 8 37 21 29 15 50 28 14 10 2 0 0 0 0 1 0 0 0 48 10 0 0 0 14 0 0 0 0 0 0 1 0 0 0 0 0 0 0 0 0 0 0 0 0 0 0 1 0 0 0 0 0 0 2 0 0 0 0 0 0 0 0 0 0 0 0 0 0 0 0 0 0 0 0 0 0 0 2 89 2 3 185 2 5 14 0 0 0 0 0 0 0 0 0 0 0 0 0 0 0 0 0 0 0 0 0 41 12 10 0 0 0 0 0 0 0 0 0 0 0 0 0 
 66 225 0 275 288 114 162 177 73 377 43 181 263 134 76 184 293 132 74 40 0 0 0 5 0 4 2 7 0 0 0 0 97 3 76 0 0 0 0 80 0 0 2 0 0 4 0 0 0 0 7 3 0 0 0 0 0 4 3 3 3 0 0 3 0 0 3 2 2 0 2 5 3 0 0 0 0 0 0 0 0 4 16 19 30 0 0 14 8 19 60 20 0 0 21 50 13 0 0 0 0 0 0 2 0 0 30 34 0 0 1 0 16 7 39 0 0 0 27 57 0 0 0 0 0 0 0 0 0 0 0 3 0 0 0 0 0 0 13 0 0 6 5 0 0 27 0 0 0 0 0 0 0 0 0 0 1 0 0 0 0 0 19 15 19 2 0 0 0 27 13 0 0 9 0 13 21 27 0 0 25 0 0 0 0 0 50 0 0 0 2 0 32 0 11 0 0 0 1 32 0 0 0 0 0 0 0 0 0 1 0 0 0 0 0 0 0 0 0 0 0 0 0 0 0 0 0 0 0 0 0 0 0 0 0 0 0 0 26 0 0 3 0 0 0 2 1 2 91 47 2 4 0 0 0 0 0 0 0 0 0 0 0 0 0 0 0 0 0 0 0 0 0 0 0 23 14 16 0 0 0 1 0 0 0 0 0 0 0 0 
 56 292 275 0 715 51 326 259 172 598 114 225 65 241 71 77 74 129 90 134 87 81 2 4 0 2 1 4 6 0 5 0 80 79 74 0 2 0 0 79 1 5 2 0 4 5 1 15 0 0 5 3 0 0 4 0 0 8 3 3 3 0 0 2 4 0 3 0 0 0 4 6 3 0 5 0 0 0 0 0 0 19 11 15 45 27 10 22 18 17 45 49 0 0 0 56 11 0 0 0 10 38 0 0 0 0 19 15 0 10 10 0 22 16 43 12 11 1 20 45 0 0 0 0 0 0 0 0 0 0 0 0 0 0 0 0 0 0 0 0 3 0 0 0 0 0 1 0 0 0 0 0 2 0 2 0 0 0 16 0 23 0 0 26 36 0 0 0 0 25 41 4 0 16 0 0 13 18 0 0 12 0 2 0 0 0 23 12 0 0 0 0 49 11 23 48 14 0 7 26 0 17 0 0 0 0 0 0 1 0 0 0 0 0 0 0 0 0 0 0 0 0 0 0 0 0 0 0 0 0 0 1 0 0 0 0 0 0 0 0 0 1 0 0 0 4 1 0 91 16 0 0 1 0 0 0 0 0 0 0 0 0 0 0 0 0 0 0 0 0 0 0 0 0 0 2 14 0 0 0 0 10 0 0 0 0 0 0 0 0 
 38 70 288 715 0 344 80 94 170 367 123 40 82 172 75 184 58 91 83 277 0 4 0 3 0 5 73 74 1 0 2 0 109 20 1 0 0 0 6 1 0 0 0 0 6 2 6 0 0 4 0 3 0 0 0 8 6 3 3 3 2 0 0 2 0 6 3 3 43 0 2 4 3 0 0 0 0 0 0 1 0 2 25 10 7 56 0 0 27 30 19 15 0 0 0 12 29 13 0 0 20 30 0 0 0 0 14 33 0 0 0 0 0 21 35 15 26 10 32 1 0 0 0 0 0 0 0 0 0 0 0 0 1 0 0 0 0 0 0 0 21 4 11 0 0 0 0 0 0 0 0 0 0 0 29 0 0 0 0 10 0 6 5 11 0 52 10 0 19 2 21 3 0 0 1 16 26 25 0 0 0 0 13 0 0 0 36 41 0 1 0 0 37 8 0 14 0 0 12 12 0 0 0 0 1 0 0 0 0 1 0 0 0 0 0 0 0 0 0 0 0 10 0 0 0 0 0 0 0 0 0 0 0 0 0 0 0 0 0 0 0 0 0 0 0 4 55 0 8 92 0 12 0 0 0 0 0 0 0 0 0 0 19 0 0 0 0 0 0 0 0 0 0 0 0 0 11 0 0 0 0 0 0 0 0 0 0 0 0 0 
 41 103 114 51 344 0 30 34 58 211 83 474 35 57 130 416 212 137 64 64 73 75 0 3 0 2 0 35 1 0 0 1 74 79 3 74 0 0 1 0 0 0 0 0 0 2 0 0 0 0 0 3 0 0 0 3 0 64 3 4 3 0 0 2 0 0 3 0 0 0 2 3 3 0 51 0 0 0 0 0 0 13 6 24 11 24 1 0 23 0 20 20 0 0 19 0 0 13 0 0 4 28 7 11 0 0 13 1 0 0 14 0 18 27 18 11 16 11 9 11 0 0 0 2 0 0 0 0 0 0 0 0 0 0 0 0 0 0 0 9 8 0 0 0 0 0 0 0 0 0 0 1 0 0 0 0 0 0 0 0 0 10 22 15 16 31 1 1 16 1 0 26 0 36 1 18 1 12 0 0 11 6 20 24 2 0 0 12 0 0 0 0 32 8 13 15 0 10 0 9 0 0 0 0 0 0 0 0 0 0 0 0 0 2 0 0 0 0 0 0 0 0 0 0 2 1 0 0 0 2 0 0 0 1 0 0 0 0 0 0 0 0 0 0 0 2 87 0 2 4 4 0 0 0 0 0 0 0 0 0 0 0 0 0 0 0 0 0 0 0 0 0 0 0 0 0 0 0 0 0 0 16 0 0 0 0 0 0 0 0 
 145 402 162 326 80 30 0 312 165 172 20 21 311 427 148 41 289 125 87 322 0 90 0 3 0 2 0 0 0 0 0 0 0 3 1 0 0 0 2 1 6 0 0 0 0 3 0 0 0 0 0 3 0 3 0 0 4 65 3 3 3 0 0 3 0 0 3 3 0 0 2 3 3 0 1 0 0 0 0 0 32 22 15 0 0 7 40 110 31 26 24 0 22 6 11 91 27 2 22 16 0 0 2 0 0 0 2 0 0 0 0 0 19 0 0 0 0 0 0 0 0 0 0 0 0 0 0 0 0 0 0 0 0 0 0 0 0 0 0 0 0 0 1 0 0 0 0 0 0 0 1 0 0 0 0 0 5 0 0 0 40 2 16 1 0 0 13 14 5 15 0 85 11 34 12 15 1 0 0 0 0 0 0 0 0 0 23 8 0 0 0 0 0 0 0 0 0 0 1 0 0 0 0 0 0 0 0 0 0 0 0 0 0 0 0 0 14 0 0 0 0 0 0 0 0 0 0 0 0 0 0 0 2 0 0 2 0 0 0 0 0 0 0 0 0 2 93 2 0 177 2 0 16 0 0 0 0 0 0 0 0 0 0 0 0 0 0 0 0 0 0 0 0 0 0 17 0 0 0 0 0 0 0 0 0 0 0 0 0 0 
 284 191 177 259 94 34 312 0 144 376 335 114 311 180 73 380 139 29 73 361 3 0 0 4 0 2 0 0 0 0 0 0 0 3 0 0 2 0 0 0 0 0 0 10 0 2 0 0 0 0 0 3 0 0 0 0 0 4 3 6 3 0 0 2 0 0 3 0 0 0 2 3 3 0 0 0 0 0 0 0 10 14 40 0 0 0 0 17 2 1 14 1 9 13 48 32 37 30 16 30 0 0 0 0 0 0 0 0 0 2 0 0 16 0 0 0 0 0 0 14 0 0 0 0 0 0 0 0 0 0 0 0 0 0 0 0 0 0 0 0 0 0 5 0 0 11 0 11 0 0 0 10 0 0 0 0 0 0 0 0 19 27 53 9 0 0 0 0 28 29 15 17 16 10 13 15 0 0 0 14 0 1 0 0 0 0 15 0 0 0 0 0 0 0 0 0 0 0 2 11 0 0 0 0 0 0 0 0 0 0 0 0 0 0 0 0 0 0 0 0 0 15 0 0 0 0 0 0 0 0 0 0 0 0 0 0 0 0 0 0 0 0 0 0 0 3 1 0 4 46 0 6 9 0 0 0 0 0 0 0 0 0 45 0 0 1 0 0 0 0 0 0 0 0 0 34 0 14 0 0 0 0 0 0 0 0 0 0 0 0 
 336 285 73 172 170 58 165 144 0 168 160 119 314 507 110 84 175 111 322 171 0 1 0 3 0 2 0 0 0 0 0 2 0 3 1 0 0 0 0 0 0 0 2 0 62 2 0 0 0 0 0 3 0 0 0 2 0 3 3 5 32 2 0 2 0 0 3 0 0 0 2 3 6 0 9 36 0 0 0 1 0 18 14 13 13 13 36 32 14 20 29 19 10 0 1 8 2 28 0 0 0 0 0 0 0 0 0 0 0 0 0 0 23 0 0 0 0 1 0 3 0 2 0 10 0 22 0 0 0 0 0 0 0 0 0 0 0 0 0 0 0 0 0 0 0 0 0 0 0 0 0 0 0 0 0 0 0 0 0 0 2 35 91 10 18 19 14 9 0 33 28 0 0 20 30 34 10 0 1 0 0 16 0 0 0 0 3 0 0 0 0 0 0 2 10 1 13 0 26 0 0 2 0 0 0 0 1 1 0 0 0 0 1 0 0 0 0 2 0 2 0 0 0 0 0 0 0 0 0 0 2 0 0 0 0 0 0 0 2 0 0 0 0 0 0 2 90 0 2 8 21 0 0 0 0 0 0 0 0 0 0 0 17 0 0 0 0 0 0 0 0 0 0 0 0 1 0 4 0 0 0 0 0 0 9 0 0 0 0 0 
 219 473 377 598 367 211 172 376 168 0 182 73 288 198 222 249 321 343 412 118 0 0 1 3 0 2 0 0 0 0 0 0 17 3 0 0 0 2 0 0 0 0 2 7 0 65 0 0 0 0 0 3 0 0 0 0 0 66 3 6 3 0 0 2 0 0 3 0 0 0 2 3 7 0 40 0 46 0 0 0 20 9 39 1 3 0 0 29 34 24 38 2 32 34 1 54 62 1 1 1 0 0 0 0 0 0 0 13 0 0 0 0 20 7 16 0 0 0 21 0 0 0 0 0 0 0 0 0 0 36 0 0 0 0 0 0 0 0 0 0 0 0 0 0 0 0 0 0 0 0 0 0 0 0 0 0 7 0 0 2 0 1 0 1 1 0 10 10 11 19 15 19 0 20 19 0 33 11 0 0 0 0 0 0 0 0 23 0 0 0 0 0 17 0 0 0 1 0 1 0 0 0 0 0 0 13 0 0 0 0 0 0 0 0 0 0 0 0 0 0 0 0 0 0 0 0 0 0 0 0 0 0 0 0 0 0 0 0 0 0 0 0 0 0 0 5 4 3 2 90 0 7 0 0 2 0 0 0 0 0 0 0 0 0 0 0 0 0 0 0 0 0 0 0 0 0 0 0 0 0 0 0 0 0 0 0 0 0 0 0 
 70 38 43 114 123 83 20 335 160 182 0 158 29 34 84 188 141 244 129 342 74 75 0 3 0 2 0 1 1 0 19 0 29 3 83 0 0 0 148 75 0 0 1 0 2 2 0 0 0 0 0 6 0 0 0 0 0 3 3 6 3 0 0 2 0 0 3 0 0 0 2 3 3 0 0 0 0 0 0 0 0 7 1 0 22 10 13 0 7 6 14 0 0 0 4 35 16 29 1 0 0 17 0 0 0 0 0 0 10 26 10 0 0 0 13 0 0 0 7 59 0 0 0 0 0 13 0 0 0 0 0 0 2 1 0 0 0 0 0 0 0 0 0 0 0 0 0 0 0 0 41 0 0 0 0 0 0 0 0 0 0 1 0 8 8 10 11 11 3 0 0 26 1 13 0 21 15 17 0 0 13 0 1 0 0 0 0 11 0 2 1 0 17 0 11 14 0 0 28 7 0 0 0 0 2 0 0 0 0 2 0 0 0 0 0 0 0 0 0 0 0 0 0 0 0 0 0 0 0 0 0 0 0 0 0 0 0 1 0 0 0 0 0 0 0 0 0 0 2 92 0 5 13 0 0 0 0 0 0 0 0 0 0 0 0 0 0 0 0 0 0 0 0 0 0 20 11 4 0 0 0 10 0 0 0 0 0 0 0 0 
 245 123 181 225 40 474 21 114 119 73 158 0 32 72 34 305 263 200 28 34 0 0 0 3 0 2 76 0 0 0 0 1 1 36 19 0 0 8 0 0 0 0 2 0 0 2 0 0 0 0 0 3 0 0 0 0 0 3 3 3 3 0 0 2 0 0 3 0 0 0 2 3 3 0 0 0 0 0 0 0 1 10 15 0 0 12 4 10 30 38 10 0 0 0 0 10 10 0 0 0 7 12 0 0 0 0 0 24 0 0 8 0 17 34 0 16 14 11 57 0 0 0 0 0 0 0 0 0 0 0 0 6 0 0 0 0 0 0 0 0 4 0 0 0 1 0 0 0 0 0 0 1 0 0 0 0 0 0 0 0 0 1 0 0 11 16 18 12 0 0 0 0 0 13 0 2 0 0 6 0 0 0 10 10 0 1 29 49 9 8 1 0 9 19 37 23 0 0 1 14 0 0 0 0 0 17 0 0 0 0 0 0 0 0 0 0 0 0 1 0 0 0 0 0 0 1 0 0 0 0 0 0 0 0 0 0 0 0 0 0 0 0 0 0 0 0 1 2 2 85 1 4 0 0 0 0 0 0 0 0 0 0 0 0 0 0 0 0 0 0 0 0 0 0 0 0 0 0 0 0 0 0 0 0 0 0 0 0 0 1 
 464 239 263 65 82 35 311 311 314 288 29 32 0 270 208 97 153 41 263 43 0 2 0 3 0 2 0 0 9 0 0 0 0 3 0 0 0 0 0 0 0 0 0 0 0 2 0 0 0 0 2 3 0 0 0 0 0 60 3 10 3 0 0 2 0 0 3 0 0 0 2 3 14 0 0 0 2 0 0 0 9 21 41 0 0 16 15 10 20 15 0 10 33 0 16 0 45 50 1 17 0 0 0 0 0 0 0 0 0 0 0 0 0 0 0 0 8 0 0 0 0 0 2 0 0 0 0 7 0 0 0 0 0 0 0 0 0 0 0 0 1 0 0 0 0 0 0 0 0 0 0 0 1 0 0 0 0 0 0 0 9 17 28 0 14 0 11 14 20 13 43 14 13 35 24 13 36 0 11 12 0 1 0 0 0 0 0 0 0 0 0 0 0 0 0 0 0 0 0 0 0 0 0 0 0 0 0 0 0 0 0 0 0 14 0 0 0 0 0 0 0 0 0 0 0 0 0 0 0 0 0 2 0 18 0 0 0 0 0 0 0 2 0 0 0 5 6 0 0 0 0 13 0 0 0 0 0 0 0 0 0 0 20 0 0 0 0 0 0 0 0 0 0 0 0 0 0 0 0 0 0 0 0 0 0 0 0 0 0 0 
 239 669 134 241 172 57 427 180 507 198 34 72 270 0 189 32 253 119 207 310 0 0 0 3 0 75 0 0 0 0 0 0 0 3 0 0 72 2 0 0 0 0 0 0 0 2 0 0 0 6 0 3 0 0 0 6 0 65 3 6 3 0 0 2 0 0 3 0 0 0 2 3 3 0 7 0 0 0 0 0 19 18 36 1 0 13 10 51 23 31 9 14 48 15 1 28 33 15 0 14 0 0 0 0 0 0 0 0 0 0 0 0 8 0 0 1 0 0 0 1 0 0 0 0 0 0 0 0 0 0 0 0 28 0 0 0 0 0 0 0 0 0 0 0 0 0 0 0 30 0 0 0 0 0 0 0 7 0 0 0 24 13 10 0 0 23 5 0 23 19 26 22 0 13 23 23 23 8 0 21 0 0 0 0 0 0 13 0 0 4 0 0 0 0 0 0 0 0 0 0 0 0 0 0 0 0 0 0 0 0 0 0 0 0 0 0 0 0 0 0 0 0 0 0 0 0 0 14 0 0 0 0 0 0 0 0 0 0 0 0 0 0 0 0 0 1 89 0 2 91 2 3 1 0 0 0 0 0 0 0 0 0 20 0 0 0 0 0 0 0 0 0 0 0 0 0 0 0 0 0 0 0 0 0 0 0 0 0 0 0 
 263 341 76 71 75 130 148 73 110 222 84 34 208 189 0 136 148 135 93 198 0 0 0 3 2 2 0 2 0 2 0 0 2 4 0 0 0 0 0 0 0 0 1 0 0 2 0 0 0 0 0 3 0 0 0 55 0 27 3 3 3 0 0 2 0 0 3 0 0 0 2 86 8 0 1 0 0 0 0 0 19 6 0 40 0 0 9 35 24 36 0 11 14 1 42 30 9 2 0 0 0 0 1 0 0 0 0 0 0 0 0 0 0 0 0 0 0 0 2 0 0 0 0 0 0 0 0 0 1 0 0 0 0 0 0 0 0 0 0 0 0 0 0 0 0 0 0 0 0 0 0 0 0 1 0 0 5 0 0 0 0 31 20 12 0 0 10 10 25 0 0 56 12 15 28 15 4 16 8 0 0 0 5 0 0 0 0 0 0 0 0 0 0 0 0 0 0 0 0 0 0 0 0 0 0 0 0 21 0 0 0 0 0 0 0 0 2 0 0 0 0 0 37 0 0 0 0 0 0 2 0 0 0 0 0 0 0 0 0 0 0 0 0 0 0 2 89 2 0 0 0 2 0 0 0 0 0 0 0 0 0 0 0 0 0 0 0 0 0 0 0 0 0 0 0 0 0 0 0 0 0 0 0 0 0 0 0 0 0 0 
 263 131 184 77 184 416 41 380 84 249 188 305 97 32 136 0 251 296 258 142 0 0 0 3 0 2 0 0 0 0 0 0 74 3 0 2 0 0 0 74 0 0 2 0 0 2 0 0 0 0 6 3 0 0 0 0 0 4 3 3 7 0 30 2 0 0 3 0 0 0 2 3 3 0 0 0 0 0 0 1 12 27 6 110 40 0 0 0 7 1 58 25 0 0 19 0 0 20 0 0 1 1 0 0 0 0 0 0 0 0 0 0 19 0 17 1 0 1 7 15 1 2 0 0 0 0 0 0 0 0 0 0 0 0 0 0 2 0 0 0 0 0 0 0 0 0 0 0 0 0 0 0 0 0 0 0 0 0 18 0 0 6 1 11 32 0 16 12 0 1 11 1 0 19 28 1 0 0 0 0 10 14 0 0 0 0 10 0 0 0 0 0 19 2 38 0 14 0 8 12 0 0 0 0 0 0 1 0 0 0 0 0 1 0 0 0 0 1 0 0 0 0 0 0 0 0 0 0 0 0 0 0 0 0 17 0 0 0 0 0 0 14 0 0 0 1 0 0 2 0 0 7 0 10 0 0 0 0 0 0 0 0 0 0 0 0 0 0 0 0 0 0 0 0 0 2 0 0 0 0 0 0 0 0 0 0 0 0 0 0 
 208 220 293 74 58 212 289 139 175 321 141 263 153 253 148 251 0 205 191 126 3 0 2 3 0 2 0 3 3 0 2 0 0 5 0 0 0 0 73 1 2 0 0 10 2 5 3 1 3 0 0 61 0 0 2 0 3 66 3 7 9 0 0 2 0 1 3 2 0 0 2 3 5 6 0 0 2 6 0 0 19 6 24 8 11 11 1 22 6 0 29 0 40 43 0 22 45 0 0 7 0 0 0 2 0 0 0 0 0 0 0 0 27 0 14 0 0 0 0 14 0 0 0 0 0 0 0 0 0 0 0 0 0 0 0 0 0 0 0 0 0 0 0 0 0 0 0 0 0 0 0 0 0 0 24 0 27 0 0 0 0 6 1 0 11 8 9 2 9 17 18 25 0 24 23 2 31 42 0 0 0 0 0 0 0 1 1 0 0 0 1 0 13 0 1 0 0 0 6 0 0 0 0 0 0 0 0 0 0 0 2 0 0 0 0 0 0 0 0 0 0 0 0 0 0 0 0 0 0 0 0 0 0 0 0 0 0 0 0 0 0 0 0 0 0 2 2 1 1 0 0 6 0 0 0 0 0 0 0 0 0 0 2 0 0 0 0 0 0 0 0 0 0 0 0 0 0 0 0 0 0 0 0 0 0 0 0 0 0 0 
 103 344 132 129 91 137 125 29 111 343 244 200 41 119 135 296 205 0 111 27 0 0 0 3 0 4 0 2 1 8 0 2 44 3 0 0 0 0 74 35 0 0 1 0 0 2 0 0 0 0 3 3 0 0 0 0 0 66 3 3 3 0 0 2 0 0 3 1 0 0 2 3 3 0 0 0 0 0 0 7 20 7 25 0 17 0 29 13 9 10 30 0 33 19 0 21 19 20 0 0 0 26 0 0 0 0 0 14 11 16 0 0 0 18 39 0 0 0 23 32 0 10 0 0 0 11 0 0 0 0 25 0 0 0 0 0 0 0 0 0 0 0 0 0 0 0 0 0 0 0 0 0 0 0 0 0 6 0 0 0 0 0 0 0 14 0 16 18 10 0 0 29 0 37 6 17 13 11 0 0 12 0 1 0 0 0 14 11 1 0 0 0 29 0 11 21 0 0 17 9 0 0 0 0 0 0 0 0 0 0 0 0 0 0 0 0 0 11 0 0 0 0 0 0 0 0 16 0 0 0 14 0 0 0 0 0 0 0 0 0 0 9 0 0 0 1 7 3 7 0 0 0 0 1 0 0 0 0 0 0 0 0 0 0 0 0 0 0 0 0 0 0 0 0 0 0 11 0 0 0 0 0 0 0 0 0 0 0 0 0 
 223 71 74 90 83 64 87 73 322 412 129 28 263 207 93 258 191 111 0 286 3 0 0 6 0 2 5 5 0 3 5 0 2 6 47 0 2 0 0 1 0 24 0 3 6 2 0 0 0 0 0 5 3 0 2 14 3 32 3 17 3 0 0 5 0 3 24 0 0 1 17 5 3 0 1 0 0 0 0 7 23 11 51 0 0 0 27 9 12 0 0 0 41 51 23 15 18 0 0 13 0 1 0 3 23 0 0 0 0 0 0 9 1 0 0 1 0 0 0 0 2 0 0 0 0 0 0 0 0 0 0 0 0 0 0 0 2 0 0 0 0 0 0 18 0 0 0 0 0 0 0 0 0 0 0 0 3 0 13 0 0 0 0 0 0 0 65 2 8 10 32 10 27 64 16 39 1 0 14 1 0 0 0 0 0 0 1 0 0 0 0 0 0 0 0 0 0 0 0 0 0 0 0 0 0 0 0 0 0 0 0 0 1 0 0 0 0 0 0 0 0 0 0 7 0 0 0 0 0 0 0 0 0 0 0 0 0 0 0 0 0 0 0 0 0 0 87 0 0 0 2 0 0 2 0 0 0 3 0 0 0 0 0 0 0 0 0 0 0 0 0 0 0 0 0 0 0 0 0 0 0 0 0 0 0 0 0 0 0 0 
 129 125 40 134 277 64 322 361 171 118 342 34 43 310 198 142 126 27 286 0 0 3 0 3 0 2 0 3 0 0 0 1 0 3 2 0 0 0 3 0 0 0 0 0 0 6 0 0 0 0 0 3 0 0 0 0 0 3 3 3 3 4 0 2 0 0 3 1 0 0 2 3 3 0 0 0 0 0 0 0 21 4 12 22 0 1 3 1 0 5 6 0 0 8 13 31 0 11 2 2 0 0 0 0 0 0 0 0 0 0 0 0 2 0 1 0 0 0 0 13 0 0 0 0 0 0 0 0 0 0 0 0 0 0 0 0 0 0 0 5 0 0 0 0 0 0 0 0 0 0 0 0 0 0 0 0 0 0 0 0 36 4 0 11 0 0 0 16 13 0 0 35 0 0 16 15 0 2 35 10 0 1 0 0 0 0 0 0 0 0 0 0 0 0 0 0 0 0 0 0 0 0 0 0 0 0 0 0 0 0 0 0 0 0 0 0 0 0 0 0 0 0 0 0 0 0 0 0 0 0 0 0 0 0 23 0 0 0 0 0 0 0 0 0 0 1 0 0 0 56 1 11 13 0 0 0 0 0 0 0 0 0 0 0 0 0 0 0 0 0 0 0 0 0 0 18 0 0 0 0 0 0 0 0 0 0 0 0 0 0 
 0 0 0 87 0 73 0 3 0 0 74 0 0 0 0 0 3 0 3 0 0 124 110 158 44 46 353 201 106 49 254 231 104 407 69 125 345 239 347 135 1 0 1 0 3 0 3 2 0 0 0 0 3 0 2 0 4 3 5 27 0 1 53 1 0 4 0 2 0 0 0 2 2 1 3 1 0 0 2 1 0 0 0 0 0 14 0 0 0 0 0 11 0 0 0 0 0 0 0 0 0 30 23 27 25 0 29 0 18 32 18 28 8 5 36 8 22 11 13 11 0 0 0 0 0 0 0 0 0 0 1 0 0 0 0 0 0 0 0 0 0 0 0 0 2 0 0 0 0 0 0 10 0 0 0 0 0 0 0 0 0 0 0 0 20 0 0 0 0 0 0 0 0 0 0 9 0 0 0 0 44 12 18 0 14 9 48 9 53 0 9 13 18 4 9 27 25 23 9 14 0 0 0 0 0 0 14 0 0 0 0 0 7 0 0 0 0 0 6 0 0 0 0 0 0 0 0 0 0 0 0 0 0 0 0 0 0 0 0 0 0 0 2 0 0 1 3 0 0 0 0 0 2 0 8 3 2 3 2 0 0 0 0 1 0 0 10 1 0 0 0 1 0 0 0 0 0 0 0 0 0 12 0 0 0 0 0 0 0 0 
 0 0 0 81 4 75 90 0 1 0 75 0 2 0 0 0 0 0 0 3 124 0 234 489 31 109 94 210 153 53 180 124 122 116 150 67 380 140 143 134 0 0 1 0 3 0 39 0 0 0 2 0 65 0 2 0 3 3 49 0 0 0 0 0 0 2 0 1 0 0 0 1 0 0 0 0 0 0 0 0 0 0 0 0 0 14 0 0 0 0 0 0 0 0 0 0 12 0 0 0 7 14 19 45 0 0 0 14 18 40 39 35 0 19 21 0 21 0 13 0 13 0 0 0 0 0 0 0 0 0 10 0 12 21 0 0 0 0 0 0 0 0 0 0 0 0 10 2 0 0 0 0 0 0 0 0 0 0 0 0 0 0 0 0 19 0 0 2 0 2 0 0 0 0 0 0 0 0 0 0 25 1 37 7 0 19 13 20 20 7 36 14 26 0 9 24 17 34 9 18 0 0 0 0 0 0 0 7 0 0 0 0 0 0 0 3 0 0 0 0 0 0 0 0 0 0 0 0 0 0 0 0 0 0 0 0 0 0 0 2 0 0 1 0 0 0 0 0 0 0 0 0 0 0 14 0 0 0 0 0 14 11 0 0 0 0 0 0 0 15 0 0 0 0 0 0 0 0 0 0 0 1 0 0 0 0 11 0 0 0 
 0 0 0 2 0 0 0 0 0 1 0 0 0 0 0 0 2 0 0 0 110 234 0 106 220 190 296 71 136 108 281 118 47 137 26 77 79 513 244 134 0 2 209 3 7 0 81 1 0 3 3 0 58 0 5 0 2 3 63 0 0 0 0 0 0 3 0 1 0 0 3 0 0 0 0 0 1 0 0 0 0 0 0 0 0 0 0 0 0 0 0 0 0 0 0 0 0 0 0 0 8 0 19 14 1 3 0 14 0 46 26 71 0 5 0 30 13 10 0 0 29 0 0 0 12 0 0 14 0 0 0 0 11 23 16 0 0 0 14 27 0 0 0 0 0 0 1 0 0 0 0 0 0 0 0 0 0 0 0 0 0 0 0 0 0 0 0 0 0 0 0 0 0 0 0 0 0 0 0 0 15 21 33 13 12 17 0 0 23 48 25 19 0 0 0 1 17 27 0 0 0 21 0 0 0 0 2 8 0 0 0 0 0 0 0 22 0 1 10 0 0 0 0 0 0 0 0 0 0 0 0 0 0 0 0 0 0 0 0 0 0 0 0 0 0 0 0 0 0 0 0 0 0 0 6 0 2 12 0 1 16 2 2 0 0 0 0 0 0 0 0 0 0 0 0 0 0 0 0 13 0 0 0 0 0 13 26 0 0 0 
 75 3 5 4 3 3 3 4 3 3 3 3 3 3 3 3 3 3 6 3 158 489 106 0 86 268 204 181 210 309 158 128 144 246 59 188 278 192 111 75 0 0 2 0 3 0 65 0 0 0 0 0 4 1 2 0 5 3 127 0 0 0 0 0 0 2 0 0 0 0 0 0 0 0 0 0 0 0 0 0 0 0 0 0 0 0 0 0 0 0 0 0 0 0 0 0 1 0 0 0 0 0 33 11 13 0 14 13 27 15 16 19 21 15 0 10 17 0 0 0 12 8 2 0 0 0 0 0 0 0 0 0 16 1 0 0 0 0 8 0 0 0 0 0 0 0 8 0 5 0 0 0 0 0 0 0 2 0 0 0 0 0 0 0 0 0 6 0 0 0 0 0 0 0 0 0 0 0 0 0 0 9 25 0 13 16 8 10 14 12 24 0 0 16 1 28 29 9 0 0 6 0 0 0 0 2 13 0 0 2 0 0 8 0 0 0 0 0 0 8 0 0 0 0 0 0 0 0 0 0 0 0 0 0 0 0 0 0 0 0 0 0 8 0 0 0 0 0 0 0 0 0 0 0 16 0 2 0 47 0 0 0 0 0 0 0 9 0 0 0 0 0 0 0 0 0 0 0 0 0 0 0 0 0 0 0 12 0 0 0 
 0 0 0 0 0 0 0 0 0 0 0 0 0 0 2 0 0 0 0 0 44 31 220 86 0 223 128 55 94 140 240 86 370 88 270 65 266 301 60 103 0 65 1 0 9 0 32 29 0 66 0 0 192 0 18 0 0 3 9 14 0 0 0 0 0 2 12 0 0 0 0 6 0 0 0 0 0 0 3 0 0 2 0 0 0 0 0 0 0 0 0 0 0 0 0 0 0 0 0 0 23 0 0 9 1 21 0 5 0 12 0 25 0 0 4 0 0 16 0 0 19 0 0 0 0 12 27 14 0 29 1 0 18 16 25 10 0 0 25 50 0 0 0 0 0 0 0 0 0 0 0 0 2 0 0 0 0 0 0 0 0 0 0 0 0 0 0 0 0 0 1 0 0 0 0 0 0 0 0 0 2 0 0 24 19 11 0 0 8 9 18 0 0 0 0 0 1 0 0 0 25 9 16 0 0 0 11 13 11 0 0 0 0 1 14 0 0 23 13 19 0 0 0 0 0 0 0 0 0 0 0 0 0 0 0 0 0 0 0 0 0 0 0 0 0 0 0 0 0 0 0 0 0 2 19 2 0 76 3 2 5 9 0 0 0 0 0 0 0 0 0 0 0 0 0 0 0 0 0 0 0 0 0 0 0 0 0 0 0 0 
 4 2 4 2 5 2 2 2 2 2 2 2 2 75 2 2 2 4 2 2 46 109 190 268 223 0 244 328 127 71 241 261 27 222 52 66 159 267 40 128 0 0 0 0 3 0 32 0 0 54 0 0 20 65 8 88 0 3 65 0 0 0 0 0 0 1 0 46 0 0 0 2 0 0 0 0 0 0 0 0 0 0 0 0 0 0 0 0 0 0 0 0 0 0 0 0 0 0 0 0 3 0 13 26 26 49 0 0 0 82 44 4 0 0 0 30 0 23 0 0 8 8 0 0 0 0 19 53 0 0 2 19 24 38 12 0 2 17 0 16 0 3 52 0 0 0 1 0 0 0 3 0 0 0 0 0 0 0 1 0 0 0 0 0 0 0 0 0 0 0 0 0 0 0 0 0 0 0 0 0 0 25 1 7 20 10 0 0 28 55 42 1 0 0 0 0 16 15 0 0 22 0 19 0 0 0 12 61 0 0 26 0 17 10 20 9 55 19 34 32 0 0 0 0 0 0 2 0 0 0 0 0 0 0 0 0 0 0 1 1 0 0 0 0 0 2 1 0 0 0 0 0 0 0 12 0 0 11 77 0 5 12 2 0 0 0 1 0 0 0 0 0 0 0 0 0 0 0 0 0 0 0 0 0 0 0 1 0 0 0 
 0 0 2 1 73 0 0 0 0 0 0 76 0 0 0 0 0 0 5 0 353 94 296 204 128 244 0 145 50 70 252 252 214 374 181 178 54 28 134 124 0 6 4 42 3 0 3 0 2 1 0 1 3 1 5 3 16 2 0 0 14 0 0 0 0 3 10 0 0 0 0 0 1 0 11 0 18 0 0 1 0 0 0 11 0 0 0 0 0 0 0 0 0 0 0 9 1 0 0 0 27 26 10 0 0 0 2 23 0 1 19 10 19 22 7 2 19 27 2 0 0 0 1 0 0 0 0 0 0 0 0 0 0 0 0 0 0 0 0 1 0 0 0 1 0 0 0 0 0 0 0 0 0 0 0 0 0 0 0 0 0 0 1 12 0 8 0 0 0 0 1 0 0 0 0 12 0 12 0 0 0 0 1 3 17 0 4 21 12 33 17 35 0 21 30 9 0 0 12 34 0 0 0 0 0 2 0 0 0 2 0 0 0 0 1 0 0 0 0 0 0 0 0 0 0 0 0 0 0 0 0 0 0 0 0 0 0 1 0 0 0 0 54 0 0 0 0 0 72 0 0 0 0 0 5 0 2 2 1 0 16 0 1 0 0 0 0 0 0 0 0 0 0 0 0 0 0 0 0 0 0 0 0 0 0 0 0 0 0 0 
 0 0 7 4 74 35 0 0 0 0 1 0 0 0 2 0 3 2 5 3 201 210 71 181 55 328 145 0 230 117 125 35 200 194 136 176 30 40 60 49 0 1 2 0 3 0 4 3 0 0 0 0 4 0 8 0 0 5 0 0 0 1 0 0 0 3 0 0 0 0 0 0 0 0 0 0 1 0 0 4 0 0 0 10 1 17 0 0 0 0 0 1 0 0 0 75 0 0 0 0 29 22 21 16 9 0 14 6 11 13 25 0 1 19 78 11 12 8 19 0 0 0 0 0 0 0 8 0 0 0 1 0 1 0 0 0 0 0 10 0 0 0 0 0 0 0 5 0 1 0 0 0 0 0 0 0 0 0 0 0 0 0 0 14 0 18 0 0 0 0 1 0 0 0 0 0 0 22 0 0 23 11 20 19 15 0 0 0 13 37 29 30 11 24 24 0 31 34 9 23 0 0 0 3 0 0 19 0 0 0 0 0 4 0 0 1 0 0 18 18 0 0 0 0 0 0 0 0 0 0 0 0 0 0 0 0 0 0 0 0 0 0 0 0 0 0 0 0 74 0 0 0 0 0 12 0 2 1 7 0 1 0 0 0 0 0 0 0 0 0 0 0 0 0 0 0 0 16 0 0 0 0 0 0 0 0 16 0 0 0 
 0 0 0 6 1 1 0 0 0 0 1 0 9 0 0 0 3 1 0 0 106 153 136 210 94 127 50 230 0 291 169 241 87 199 220 150 57 121 105 86 0 1 2 3 6 2 3 0 0 3 3 0 3 0 2 1 2 3 129 24 0 0 0 0 3 6 0 0 0 0 1 4 0 0 0 0 0 2 0 0 0 0 0 0 0 0 0 0 0 6 0 25 0 0 0 0 0 1 0 0 0 13 7 10 6 8 13 0 19 1 1 42 0 0 0 13 4 4 1 2 2 0 8 0 0 0 0 12 0 0 0 0 17 1 1 0 0 0 71 27 0 0 0 0 0 0 5 0 5 0 0 0 0 0 0 0 0 0 0 0 0 0 0 0 0 0 0 0 0 0 0 0 0 0 0 5 0 0 0 0 10 22 33 21 0 10 0 1 12 22 0 40 0 7 0 0 1 24 0 1 0 48 0 0 0 0 36 1 0 0 0 0 12 1 0 9 0 0 0 0 0 0 0 0 0 0 0 0 0 0 0 0 0 0 0 0 0 0 0 0 0 0 0 0 0 0 0 0 0 0 0 0 0 0 4 0 0 75 0 4 0 1 0 0 0 0 9 0 0 0 0 0 0 0 0 0 0 0 0 2 0 0 0 0 0 2 16 0 0 0 
 0 0 0 0 0 0 0 0 0 0 0 0 0 0 2 0 0 8 3 0 49 53 108 309 140 71 70 117 291 0 263 119 71 88 175 231 136 39 162 78 0 0 1 0 3 0 3 0 0 0 0 0 67 0 2 0 15 3 108 62 0 1 0 0 0 1 0 0 0 0 0 1 0 0 0 0 0 0 0 3 0 2 0 0 0 0 8 0 0 0 0 0 0 0 9 0 0 0 0 0 0 0 10 32 12 19 2 11 32 28 0 14 19 15 0 10 6 15 0 0 37 0 0 0 0 0 0 0 0 0 1 0 12 33 12 1 0 0 0 8 0 16 0 0 12 0 3 0 17 0 0 0 2 0 0 0 0 0 0 0 0 0 0 0 0 21 7 0 0 0 1 0 0 0 0 0 0 0 0 0 12 0 11 12 12 5 0 9 0 14 8 53 0 0 0 0 12 29 0 0 7 8 0 0 0 0 0 0 0 0 0 0 0 0 0 2 0 0 0 13 0 0 0 0 0 0 0 0 0 0 0 0 0 0 0 0 0 0 0 0 0 0 33 0 0 0 0 0 0 0 0 0 0 2 0 0 2 1 4 0 0 0 0 0 0 0 0 0 0 0 0 0 0 0 0 0 0 0 0 0 0 0 0 0 0 0 11 0 0 0 
 0 0 0 5 2 0 0 0 0 0 19 0 0 0 0 0 2 0 5 0 254 180 281 158 240 241 252 125 169 263 0 189 30 121 51 74 186 430 41 256 0 7 1 0 26 1 3 4 0 0 0 0 147 0 2 0 29 5 188 61 0 0 0 2 0 5 2 0 0 2 0 3 0 0 0 0 0 0 0 0 0 0 0 0 0 0 0 0 21 0 0 0 7 0 0 0 0 0 0 0 5 0 19 1 19 15 0 0 0 40 10 17 0 0 0 14 0 14 0 0 36 13 5 0 0 0 0 12 0 0 0 0 62 22 31 1 0 0 24 30 0 0 0 0 0 0 1 17 0 0 0 0 0 0 0 0 0 0 0 0 0 0 0 0 0 0 4 0 0 0 0 0 0 0 0 0 0 0 0 0 0 0 12 51 0 15 0 2 15 18 28 18 0 0 0 2 13 0 0 0 6 26 22 0 0 0 14 5 1 0 0 0 20 0 0 0 0 0 10 25 0 0 0 0 0 0 0 0 0 0 0 0 0 0 0 0 0 0 0 0 0 0 0 0 0 0 0 0 0 0 0 0 0 0 6 0 0 2 73 0 5 6 0 0 0 0 9 0 0 0 0 0 0 0 0 0 0 0 0 0 0 0 0 0 0 0 12 0 0 0 
 73 0 0 0 0 1 0 0 2 0 0 1 0 0 0 0 0 2 0 1 231 124 118 128 86 261 252 35 241 119 189 0 36 45 37 26 178 105 35 258 0 1 2 0 18 6 62 22 0 2 0 0 75 61 25 0 0 5 27 0 0 0 0 0 0 3 0 0 0 0 0 1 0 0 0 0 0 0 0 0 0 14 0 0 0 0 0 0 0 0 0 0 0 0 0 0 0 0 0 0 0 0 40 13 0 9 0 0 0 12 7 21 0 0 0 0 0 0 0 0 0 0 50 1 0 0 2 28 21 22 0 0 1 41 30 12 0 0 10 19 0 0 0 0 0 0 6 2 0 0 0 0 0 0 0 0 0 0 0 0 0 0 0 0 4 0 0 2 0 0 0 0 0 0 0 0 0 0 0 0 0 0 10 23 0 19 0 0 0 12 7 0 0 0 0 0 0 6 0 5 17 10 35 0 0 0 0 8 19 0 1 0 0 13 28 4 0 2 0 0 0 0 0 0 0 0 0 0 0 0 0 0 0 0 0 0 0 0 0 0 0 0 0 0 0 0 0 0 0 0 0 0 0 0 6 2 2 2 0 0 0 0 0 0 0 0 0 0 0 0 0 2 0 0 0 0 0 0 0 0 0 0 0 0 0 0 11 0 0 2 
 0 74 97 80 109 74 0 0 0 17 29 1 0 0 2 74 0 44 2 0 104 122 47 144 370 27 214 200 87 71 30 36 0 521 54 110 195 473 343 105 0 0 0 0 3 0 3 0 0 0 2 0 3 0 2 0 7 3 0 0 0 0 0 0 0 2 0 0 0 0 0 0 0 0 0 0 7 0 0 0 0 0 6 27 11 0 0 13 0 0 12 15 0 0 0 6 0 10 0 0 7 9 9 0 18 0 41 26 9 0 0 0 46 16 64 0 4 0 12 35 0 0 0 0 0 0 0 0 0 0 1 0 1 0 0 0 0 0 0 0 3 0 0 0 4 0 0 0 3 0 0 0 0 18 0 0 0 0 0 0 0 0 0 11 1 21 0 0 0 0 15 0 0 0 0 0 18 21 0 0 0 0 3 0 0 0 8 18 0 0 0 0 12 2 0 0 0 0 32 12 0 0 0 15 0 0 2 0 0 0 0 0 0 0 0 0 0 0 0 0 0 0 0 0 0 0 0 0 0 0 0 0 0 0 0 0 0 0 0 0 0 0 20 0 0 0 0 0 35 0 0 0 0 0 0 0 2 0 0 3 0 0 0 0 0 0 0 0 0 0 0 0 0 0 0 0 9 0 0 0 0 16 0 0 0 0 0 0 0 0 
 3 5 3 79 20 79 3 3 3 3 3 36 3 3 4 3 5 3 6 3 407 116 137 246 88 222 374 194 199 88 121 45 521 0 94 119 41 33 118 131 0 1 2 0 3 4 3 0 0 0 0 0 3 0 2 0 5 5 0 1 3 0 27 0 0 3 0 3 0 0 0 3 3 0 0 0 5 0 0 0 0 0 1 0 0 12 0 0 0 0 0 0 0 0 0 0 0 1 0 0 16 10 11 1 11 0 0 25 12 17 13 16 20 54 0 44 29 14 19 0 10 0 0 0 0 0 0 0 0 0 0 0 0 0 1 0 0 0 19 13 4 0 0 0 0 0 0 0 0 0 0 0 0 0 0 0 0 0 0 0 0 0 0 0 0 14 0 0 0 0 0 0 0 0 0 0 0 0 0 0 28 0 43 16 3 0 0 27 3 0 35 10 15 17 12 10 39 24 0 0 0 0 0 0 0 0 14 0 0 0 0 0 9 0 0 0 0 0 12 0 1 0 0 0 0 0 0 0 0 0 0 0 0 0 0 0 0 0 0 0 0 0 26 0 0 0 0 0 0 0 0 0 0 1 8 0 2 6 82 2 7 0 0 0 0 0 11 0 0 0 0 0 0 0 0 0 0 0 0 11 0 0 0 0 0 11 1 0 0 0 
 0 0 76 74 1 3 1 0 1 0 83 19 0 0 0 0 0 0 47 2 69 150 26 59 270 52 181 136 220 175 51 37 54 94 0 71 48 59 307 190 0 1 0 0 3 0 3 0 0 0 0 0 4 0 2 0 0 3 1 0 0 0 0 0 0 3 0 0 0 0 0 0 0 0 0 0 0 0 0 0 0 0 0 8 0 27 0 0 0 0 0 9 0 0 0 1 0 0 0 0 8 43 12 0 0 0 4 14 26 41 36 0 0 9 26 0 0 0 22 19 0 0 0 0 0 0 0 0 0 2 0 0 1 0 0 0 0 0 0 0 0 0 0 0 1 0 5 0 1 2 0 0 0 0 0 1 0 0 0 0 0 0 0 1 12 12 0 2 0 0 0 0 0 0 0 8 0 1 0 0 0 0 11 11 0 0 25 18 21 52 11 2 13 48 14 70 0 13 17 12 0 0 0 0 0 0 2 0 0 0 0 0 0 0 0 0 0 0 0 0 0 0 0 0 0 0 0 0 0 0 0 0 0 0 0 0 0 0 0 2 0 0 0 0 0 0 0 0 1 0 0 0 0 0 6 0 0 1 0 0 0 0 0 0 0 0 0 0 0 0 0 0 0 0 0 0 0 0 0 0 0 11 0 0 0 0 0 0 0 0 
 0 0 0 0 0 74 0 0 0 0 0 0 0 0 0 2 0 0 0 0 125 67 77 188 65 66 178 176 150 231 74 26 110 119 71 0 268 55 137 155 6 0 24 0 9 0 3 0 0 0 0 0 3 0 2 0 5 3 6 0 0 0 0 0 0 2 0 0 0 0 0 0 6 0 0 0 0 0 20 0 0 0 0 0 0 14 0 0 4 0 0 11 0 0 0 0 0 0 0 0 0 14 29 23 20 0 47 13 18 15 15 18 24 11 13 4 23 10 12 0 0 0 0 0 0 0 0 0 0 0 0 0 0 1 0 0 0 0 0 0 0 0 0 0 2 0 0 0 0 0 0 0 0 0 18 0 0 0 0 0 0 0 0 0 0 0 0 0 0 0 0 0 0 0 0 11 0 0 0 0 37 10 33 0 0 19 13 13 51 0 13 13 0 2 0 10 33 21 0 12 0 0 0 0 0 0 31 0 0 0 0 0 9 0 0 0 0 0 20 0 0 0 0 0 0 0 4 0 0 0 0 0 0 0 0 0 0 0 0 0 0 0 15 0 0 0 0 0 0 0 0 0 0 0 3 3 0 1 1 0 0 0 0 0 0 0 10 0 0 0 0 0 0 0 0 13 0 0 0 0 0 9 0 0 0 0 0 0 0 0 
 1 0 0 2 0 0 0 2 0 0 0 0 0 72 0 0 0 0 2 0 345 380 79 278 266 159 54 30 57 136 186 178 195 41 48 268 0 426 179 109 0 1 1 0 3 0 129 2 0 0 0 0 3 66 2 0 91 3 154 0 1 0 0 0 0 3 0 0 0 0 29 0 2 0 1 0 0 0 0 0 0 0 0 0 0 0 0 0 0 0 0 0 0 0 0 0 2 0 0 0 0 0 19 18 37 0 4 10 38 13 36 30 32 72 23 15 28 0 0 0 8 9 1 0 0 0 0 0 8 0 0 0 46 18 0 0 0 0 9 0 0 0 0 2 4 0 0 0 21 0 0 0 0 0 0 0 0 0 0 0 0 0 0 0 0 0 3 0 0 0 0 0 0 0 0 0 0 0 0 0 16 0 26 0 0 16 14 21 7 0 24 10 0 0 2 43 24 0 0 0 6 0 0 0 0 0 0 0 0 1 0 0 0 0 0 17 0 0 2 4 0 0 0 0 0 0 0 0 0 0 0 0 0 0 0 63 0 1 0 0 0 0 31 0 0 0 0 2 0 0 0 0 0 0 8 0 2 1 41 1 1 1 0 0 1 0 0 0 0 0 0 0 0 0 0 0 0 0 0 0 0 1 0 0 0 0 14 0 0 0 
 0 0 0 0 0 0 0 0 0 2 0 8 0 2 0 0 0 0 0 0 239 140 513 192 301 267 28 40 121 39 430 105 473 33 59 55 426 0 126 99 0 1 2 0 3 0 187 0 0 4 0 67 65 34 26 0 0 3 64 2 0 0 0 0 0 3 0 0 0 0 0 6 0 0 0 0 55 50 0 0 0 0 0 0 14 0 0 0 0 0 0 0 0 0 0 0 0 0 0 0 12 0 10 28 18 9 0 0 24 19 17 111 13 0 11 13 13 10 14 0 37 6 0 0 0 0 20 1 0 0 0 0 26 19 8 0 0 0 7 17 0 0 0 0 8 2 0 0 0 0 0 1 0 0 0 3 0 0 0 0 0 0 0 0 0 0 4 0 0 0 0 2 0 0 0 0 0 0 0 2 0 24 1 25 9 12 59 0 44 11 0 7 0 0 0 14 14 2 0 0 36 0 1 0 0 0 10 17 0 0 0 0 0 0 21 30 0 13 2 29 0 0 0 0 0 0 0 0 0 0 0 0 0 2 0 0 0 0 0 0 0 0 0 0 0 0 0 0 0 0 0 0 0 0 6 0 3 113 3 2 6 11 0 0 0 0 0 0 0 0 0 0 0 0 0 0 0 2 0 0 0 0 0 0 0 0 0 0 0 0 
 0 0 0 0 6 1 2 0 0 0 148 0 0 0 0 0 73 74 0 3 347 143 244 111 60 40 134 60 105 162 41 35 343 118 307 137 179 126 0 778 201 2 2 0 3 0 3 0 0 0 0 264 3 1 2 0 4 15 0 0 0 0 0 0 0 3 0 0 0 1 0 0 0 0 0 0 4 0 39 8 0 0 0 0 0 0 0 0 0 0 2 0 0 0 0 0 0 6 0 2 25 14 5 0 11 0 28 0 9 0 20 0 30 0 20 18 9 10 20 7 0 0 15 0 0 0 0 0 0 0 0 0 0 0 0 0 0 0 0 0 0 0 0 0 4 0 0 0 0 0 19 0 0 0 0 2 0 0 0 0 0 0 0 0 2 1 0 0 0 0 0 0 0 0 0 0 0 0 0 0 1 27 13 0 13 0 1 11 0 23 14 15 18 25 1 0 0 9 12 1 0 0 0 0 5 0 0 0 2 0 0 0 0 0 0 0 0 0 0 0 0 0 2 0 0 0 0 0 0 0 0 2 0 0 0 0 0 0 0 0 0 0 0 0 0 0 0 0 0 0 0 0 0 0 13 2 0 6 0 0 4 0 0 0 0 0 0 0 0 0 0 0 0 0 0 0 2 0 0 0 0 30 0 0 0 0 0 0 0 0 
 0 0 80 79 1 0 1 0 0 0 75 0 0 0 0 74 1 35 1 0 135 134 134 75 103 128 124 49 86 78 256 258 105 131 190 155 109 99 778 0 0 1 2 0 3 0 3 0 0 0 8 0 3 0 2 0 0 5 0 0 0 0 50 0 0 3 0 0 0 0 0 26 0 0 0 0 2 0 27 0 0 0 0 7 11 0 0 0 0 0 21 0 2 0 0 0 0 0 0 0 27 33 18 0 19 0 19 22 0 16 27 22 21 18 35 9 25 14 43 23 0 0 0 0 0 0 0 0 2 0 0 0 0 0 0 0 0 0 0 1 1 0 0 0 2 0 0 0 0 0 0 0 0 0 0 0 0 0 0 0 0 0 0 0 24 0 2 0 0 0 0 0 0 0 0 0 0 0 0 0 21 28 0 18 7 0 25 2 0 29 0 22 10 14 32 16 19 10 8 16 0 0 0 0 14 0 0 1 0 0 0 0 0 1 0 0 0 0 12 0 0 0 0 0 0 0 0 0 0 0 0 0 0 0 0 0 0 0 0 0 0 11 0 0 0 0 0 0 0 0 0 0 0 0 14 0 0 75 0 0 28 0 0 0 0 0 0 0 0 0 0 0 0 0 0 0 0 0 0 0 0 9 0 0 0 0 0 0 0 0 
 0 0 0 1 0 0 6 0 0 0 0 0 0 0 0 0 2 0 0 0 1 0 0 0 0 0 0 0 0 0 0 0 0 0 0 6 0 0 201 0 0 392 228 46 269 41 184 188 75 84 306 53 105 391 119 176 33 47 352 263 0 0 8 4 0 74 0 0 0 0 0 0 0 0 0 3 0 0 0 0 0 0 0 0 0 0 0 0 0 0 0 0 0 0 0 0 0 0 0 0 0 0 0 0 0 7 0 0 0 0 8 3 0 0 0 0 0 0 0 0 51 36 0 19 58 0 0 40 102 9 86 47 10 11 6 40 1 11 36 0 0 0 0 0 0 0 0 0 0 0 10 6 21 0 0 0 0 0 8 6 0 0 0 0 0 15 0 0 23 10 0 0 0 0 0 0 0 0 5 0 0 0 0 0 3 0 0 0 0 0 0 0 0 0 0 0 0 0 0 0 0 0 30 43 17 0 49 20 68 21 29 36 19 30 15 11 16 11 0 17 0 0 0 0 0 0 0 0 0 0 0 0 16 0 0 0 0 0 22 1 0 0 0 0 0 0 0 0 0 26 0 8 0 1 0 0 0 0 0 3 0 0 0 1 2 17 2 0 1 0 0 0 0 0 0 0 0 0 0 0 0 0 5 0 6 8 0 0 0 0 
 0 0 0 5 0 0 0 0 0 0 0 0 0 0 0 0 0 0 24 0 0 0 2 0 65 0 6 1 1 0 7 1 0 1 1 0 1 1 2 1 392 0 88 287 117 258 131 236 154 75 44 43 66 134 152 319 36 306 69 311 1 0 1 0 0 2 6 0 4 4 0 0 0 0 0 0 0 0 25 8 0 0 0 0 0 0 0 0 0 0 0 0 0 0 0 0 0 0 0 0 0 0 0 0 0 0 0 0 0 0 0 0 0 0 0 0 0 0 0 0 1 9 30 20 6 8 8 0 10 13 23 0 10 6 0 9 3 36 0 10 0 0 8 4 0 7 6 9 3 0 0 0 10 10 2 0 0 0 11 0 0 0 0 0 0 0 0 0 0 3 0 0 0 0 0 0 0 0 2 0 0 0 0 0 0 0 0 0 0 0 0 0 0 0 0 0 0 0 0 0 0 0 7 19 11 0 9 8 7 28 0 3 0 10 0 0 10 0 0 6 2 0 1 7 0 0 24 23 0 11 0 0 19 0 0 0 0 0 10 8 0 0 0 0 0 0 0 0 0 0 0 8 0 2 0 0 0 0 0 8 0 0 3 3 2 10 0 0 0 0 1 0 0 0 0 0 0 0 0 0 0 0 0 0 4 0 0 0 0 0 
 0 0 2 2 0 0 0 0 2 2 1 2 0 0 1 2 0 1 0 0 1 1 209 2 1 0 4 2 2 1 1 2 0 2 0 24 1 2 2 2 228 88 0 66 51 31 298 241 82 113 77 264 69 143 47 399 267 112 65 85 0 24 8 5 0 7 22 0 0 0 0 0 0 1 13 11 0 0 0 6 0 0 0 0 0 0 0 0 0 0 0 0 0 0 0 0 0 0 0 0 0 0 0 0 8 0 0 0 0 0 0 0 0 0 0 0 0 0 0 0 28 20 30 24 14 1 10 15 31 16 29 17 0 7 16 11 1 1 0 0 0 0 0 5 0 16 5 0 3 0 9 0 1 1 14 0 0 8 0 1 0 0 0 0 11 0 0 0 0 4 0 0 0 0 0 0 0 0 0 0 0 10 0 0 0 20 0 0 0 0 0 0 0 0 0 0 0 0 0 0 4 22 19 35 16 1 11 8 23 9 21 18 7 29 10 8 9 5 20 13 5 12 4 0 0 0 2 0 8 0 0 0 3 6 10 5 11 4 14 3 0 0 0 0 0 0 0 0 0 0 0 3 0 0 0 0 0 1 0 2 0 0 0 0 0 2 0 1 0 0 0 0 0 15 0 0 0 0 0 0 0 3 0 0 6 15 0 0 0 0 
 63 5 0 0 0 0 0 10 0 7 0 0 0 0 0 0 10 0 3 0 0 0 3 0 0 0 42 0 3 0 0 0 0 0 0 0 0 0 0 0 46 287 66 0 177 66 106 88 166 81 71 31 71 141 125 179 111 33 90 82 1 11 0 0 0 0 4 0 0 3 0 0 0 0 4 0 6 0 1 1 0 7 0 0 0 0 0 4 0 0 0 0 6 4 0 7 11 0 0 9 0 0 0 0 0 0 0 0 0 0 0 0 0 0 0 0 0 0 0 0 0 0 0 1 2 22 0 0 30 0 0 20 0 0 0 0 19 21 0 0 8 0 0 0 0 11 0 12 0 0 2 0 1 10 0 0 0 0 0 3 1 0 0 0 0 0 0 6 0 1 0 0 0 3 2 0 5 0 0 10 0 0 0 0 0 0 0 0 0 0 0 0 0 0 0 0 0 0 0 0 0 1 0 1 0 12 8 19 0 0 33 26 13 8 0 0 20 0 0 1 0 0 0 0 0 12 4 0 2 0 0 0 0 51 20 0 0 0 0 4 0 0 4 0 0 0 0 0 0 0 0 9 0 1 0 0 0 0 0 0 0 0 0 65 0 0 0 67 0 0 0 0 0 0 0 0 0 0 0 0 0 0 0 0 1 0 0 0 0 0 
 0 0 0 4 6 0 0 0 62 0 2 0 0 0 0 0 2 0 6 0 3 3 7 3 9 3 3 3 6 3 26 18 3 3 3 9 3 3 3 3 269 117 51 177 0 82 272 57 116 72 81 74 98 304 145 230 202 135 313 522 50 0 4 0 0 0 0 0 0 3 0 0 4 0 0 0 0 0 50 0 0 0 0 0 0 0 0 0 0 0 0 0 0 0 0 0 0 0 0 0 0 0 0 0 0 0 0 0 0 0 0 3 0 0 0 0 0 0 0 0 0 11 5 11 5 18 6 4 11 0 15 0 0 0 0 0 29 21 9 6 8 0 0 0 0 0 0 12 0 0 0 0 14 21 0 0 0 0 0 10 0 0 0 0 0 0 0 0 0 0 0 0 0 0 0 0 0 0 4 0 0 0 0 1 0 0 0 0 0 0 0 0 0 0 0 0 0 0 0 25 18 12 0 18 0 12 0 3 15 24 10 14 0 2 0 2 8 0 0 0 0 0 0 0 0 3 13 1 2 10 0 0 34 20 0 0 0 0 7 6 0 0 4 0 0 0 0 0 0 0 0 13 0 0 0 0 0 0 0 0 0 27 3 3 3 16 2 66 0 0 0 0 0 0 0 0 0 0 0 0 0 2 0 0 17 0 0 0 0 0 
 4 3 4 5 2 2 3 2 2 65 2 2 2 2 2 2 5 2 2 6 0 0 0 0 0 0 0 0 2 0 1 6 0 4 0 0 0 0 0 0 41 258 31 66 82 0 249 31 44 329 125 82 50 42 60 88 116 285 42 485 111 103 0 51 0 0 51 2 0 0 0 0 50 52 53 49 118 4 72 152 0 0 0 0 0 0 0 0 0 0 0 0 0 0 0 0 0 0 0 0 0 0 0 0 2 0 0 0 0 0 0 0 0 0 0 0 0 0 0 0 0 0 11 8 19 10 5 0 0 0 0 10 0 0 3 0 0 0 0 0 0 12 17 19 10 0 0 20 37 9 2 0 19 26 23 8 0 23 19 14 0 0 0 0 0 4 0 0 0 0 0 0 0 0 0 8 10 0 0 0 0 0 0 0 0 0 0 0 0 0 0 0 0 0 0 0 0 0 0 0 2 0 2 0 15 0 0 8 0 0 0 0 11 8 0 0 0 0 1 0 12 1 29 0 0 0 0 55 0 9 10 9 19 26 0 21 8 23 6 0 1 0 0 0 0 0 0 0 0 0 0 6 0 0 0 0 0 0 1 1 0 0 16 0 1 5 0 0 1 0 0 0 0 0 1 0 0 0 0 0 0 0 0 0 0 0 0 0 0 0 
 0 0 0 1 6 0 0 0 0 0 0 0 0 0 0 0 3 0 0 0 3 39 81 65 32 32 3 4 3 3 3 62 3 3 3 3 129 187 3 3 184 131 298 106 272 249 0 216 52 120 47 245 192 366 260 245 252 28 68 159 0 0 0 0 0 0 0 3 0 202 0 2 0 0 0 0 0 0 2 0 0 0 0 0 0 0 0 0 0 0 0 0 0 0 0 0 0 0 0 0 0 0 0 10 0 16 0 0 0 9 0 1 0 0 0 0 0 0 0 0 18 30 0 10 0 0 1 18 6 14 0 1 13 73 11 25 0 0 21 9 0 0 0 0 0 0 0 0 10 0 0 7 0 0 0 0 0 0 0 0 0 0 0 0 5 0 3 0 0 0 0 0 0 0 0 0 0 0 0 3 0 0 1 18 0 1 0 0 0 0 1 0 0 0 0 13 0 16 0 0 12 0 26 6 3 0 28 5 7 18 1 4 8 9 36 10 6 2 1 2 0 0 0 0 0 0 0 0 0 0 0 0 0 0 0 0 0 0 0 0 0 0 0 0 0 0 0 0 0 26 0 6 0 1 0 0 0 0 62 0 0 0 2 0 0 3 3 0 0 0 0 0 0 0 0 0 0 0 0 0 0 0 0 0 0 0 1 0 0 0 
 0 0 0 15 0 0 0 0 0 0 0 0 0 0 0 0 1 0 0 0 2 0 1 0 29 0 0 3 0 0 4 22 0 0 0 0 2 0 0 0 188 236 241 88 57 31 216 0 72 55 33 25 255 200 56 61 37 85 59 140 0 0 7 7 0 10 58 0 1 1 0 0 4 0 0 3 0 0 0 2 0 0 0 0 0 0 0 0 0 0 0 12 0 0 0 0 0 0 0 0 0 0 0 1 0 16 0 0 0 0 0 19 0 0 0 0 0 0 0 0 6 10 11 21 0 0 27 46 12 6 22 0 0 25 63 61 0 12 41 49 0 0 4 0 0 3 10 4 0 0 1 10 0 0 0 0 1 0 0 0 0 0 0 0 0 0 0 0 0 11 0 0 0 0 0 0 0 0 0 0 6 0 0 22 11 0 0 0 0 0 0 0 0 0 0 0 0 0 0 0 25 13 21 36 0 0 23 1 64 10 1 5 0 10 15 20 10 27 20 0 0 1 0 0 0 0 4 13 0 0 0 0 0 0 10 0 0 0 0 0 0 0 0 0 0 0 0 0 0 0 0 5 0 0 0 0 0 62 0 51 0 1 1 1 1 3 1 0 0 0 0 0 0 0 0 0 0 0 0 0 0 0 0 0 0 8 0 0 0 0 
 0 0 0 0 0 0 0 0 0 0 0 0 0 0 0 0 3 0 0 0 0 0 0 0 0 0 2 0 0 0 0 0 0 0 0 0 0 0 0 0 75 154 82 166 116 44 52 72 0 153 30 45 98 299 149 162 254 333 97 88 0 4 2 0 0 21 52 0 0 0 9 0 1 6 2 0 0 0 50 106 0 0 0 0 0 0 0 0 0 0 0 0 0 0 0 0 0 0 0 0 0 0 0 0 0 0 0 0 0 0 0 0 0 0 0 0 0 0 0 0 0 9 0 35 52 14 0 0 28 0 10 17 0 0 0 15 18 17 0 0 1 0 0 3 22 0 4 12 2 0 4 0 2 0 5 0 0 0 0 8 0 0 0 0 0 0 0 0 0 0 0 0 0 0 0 0 6 0 1 0 0 0 0 0 0 0 0 0 0 0 0 0 0 0 0 0 0 0 0 0 0 4 27 9 22 25 0 0 1 0 21 23 0 0 0 1 8 0 0 0 2 4 2 0 0 0 0 1 4 0 1 0 12 18 19 0 4 0 25 15 0 0 0 0 0 0 0 0 0 0 0 3 0 1 0 0 0 0 0 0 0 0 62 1 0 10 0 64 0 0 10 0 0 0 0 0 0 0 0 0 0 0 0 0 0 0 0 2 0 6 
 0 0 0 0 4 0 0 0 0 0 0 0 0 6 0 0 0 0 0 0 0 0 3 0 66 54 1 0 3 0 0 2 0 0 0 0 0 4 0 0 84 75 113 81 72 329 120 55 153 0 149 124 68 219 140 200 60 19 158 235 55 5 4 1 0 0 37 0 0 1 4 0 2 0 4 0 0 0 51 16 0 0 0 0 0 0 0 0 0 0 0 0 0 0 0 0 0 0 0 0 0 0 0 0 0 21 1 0 0 0 0 0 0 0 0 0 0 0 0 0 1 15 15 0 13 5 38 13 18 55 39 20 10 2 0 33 19 4 10 11 6 3 0 0 1 0 1 13 0 0 0 4 6 3 3 1 0 0 0 6 0 0 0 0 0 0 0 0 0 0 0 0 0 0 0 0 3 0 0 0 0 0 0 0 12 0 0 0 0 0 0 0 0 4 0 0 0 0 0 0 12 0 13 4 12 4 25 22 12 26 32 13 26 32 14 12 42 29 6 25 0 0 0 0 0 0 0 0 3 0 0 0 0 4 15 3 3 3 12 0 0 0 0 0 0 0 0 0 0 0 0 13 0 0 0 0 0 0 0 1 0 27 0 0 0 1 0 0 0 0 0 0 0 0 0 0 0 0 0 0 0 0 0 0 0 0 0 0 0 0 
 0 0 7 5 0 0 0 0 0 0 0 0 2 0 0 6 0 3 0 0 0 2 3 0 0 0 0 0 3 0 0 0 2 0 0 0 0 0 0 8 306 44 77 71 81 125 47 33 30 149 0 220 67 329 55 153 112 54 41 87 54 0 0 0 0 0 1 43 0 6 22 0 50 0 0 1 0 0 50 0 0 0 0 4 5 0 0 0 0 0 6 0 0 0 4 0 0 0 0 0 0 0 0 0 0 24 0 0 0 0 0 0 0 0 1 0 0 0 10 15 0 6 19 10 1 1 0 0 23 6 8 26 0 1 0 0 0 0 0 12 19 12 6 8 0 0 30 41 0 0 0 0 10 13 0 4 0 0 29 10 0 0 0 0 3 0 0 0 0 0 0 0 0 0 0 0 0 0 0 5 7 17 0 0 0 0 6 0 0 0 0 0 0 0 9 0 0 0 3 9 4 16 0 1 53 2 0 0 13 10 22 0 8 20 0 0 10 0 0 15 23 40 24 0 0 0 0 18 22 11 6 1 8 0 0 2 23 8 9 0 24 32 0 0 0 0 0 0 0 0 0 9 0 0 0 0 0 0 0 8 0 0 0 0 5 0 0 0 0 0 1 0 0 1 0 0 0 0 0 0 0 0 0 0 8 4 0 0 0 0 
 3 3 3 3 3 3 3 3 3 3 6 3 3 3 3 3 61 3 5 3 0 0 0 0 0 0 1 0 0 0 0 0 0 0 0 0 0 67 264 0 53 43 264 31 74 82 245 25 45 124 220 0 57 241 32 257 428 61 28 239 108 0 0 0 0 0 103 0 0 57 0 0 17 0 0 0 50 0 22 99 0 0 0 0 19 0 0 0 0 0 0 0 0 0 0 0 0 0 0 0 0 0 0 0 0 0 0 0 0 0 0 0 0 0 1 0 0 0 0 0 0 0 1 0 30 15 0 0 30 12 0 1 0 0 0 0 0 0 0 0 29 0 11 0 0 0 25 21 1 1 0 0 14 60 36 9 0 0 25 25 0 0 0 0 0 0 0 0 0 0 0 0 0 0 0 0 2 0 0 0 0 0 0 0 0 0 0 0 0 0 0 0 0 0 0 0 0 0 0 6 0 0 32 5 17 0 0 0 0 24 0 4 0 0 0 0 2 0 0 0 27 67 17 0 0 0 39 22 20 34 0 0 4 0 0 0 1 0 15 0 6 0 0 0 0 0 0 0 0 0 0 12 0 0 0 0 1 0 5 0 0 0 69 0 66 2 0 0 0 0 26 0 0 0 0 0 0 0 0 0 0 0 0 0 0 0 0 0 0 0 
 0 0 0 0 0 0 0 0 0 0 0 0 0 0 0 0 0 0 3 0 3 65 58 4 192 20 3 4 3 67 147 75 3 3 4 3 3 65 3 3 105 66 69 71 98 50 192 255 98 68 67 57 0 306 142 87 238 42 318 170 2 0 2 0 0 0 6 0 0 0 0 1 3 47 3 0 0 0 0 3 0 0 0 0 0 0 0 0 0 0 0 0 0 0 0 0 0 0 0 0 0 0 11 11 0 0 0 0 0 24 8 1 0 0 0 0 0 0 0 0 4 0 1 10 0 0 0 0 10 19 9 0 22 12 16 19 0 12 15 8 0 0 0 0 0 0 0 0 1 0 0 0 10 0 0 0 0 0 0 0 0 0 0 0 1 0 0 0 0 3 0 0 0 0 0 0 0 10 2 0 1 0 0 15 0 8 0 0 9 13 7 3 0 0 0 0 0 1 0 0 9 10 0 11 0 0 9 9 17 9 0 0 0 0 29 0 0 4 10 7 0 0 0 0 0 0 0 0 0 0 0 0 9 0 0 0 0 0 0 0 0 0 0 0 0 0 0 0 0 0 0 10 0 0 0 0 0 2 0 8 0 19 0 1 0 10 2 0 0 0 0 0 0 0 0 0 0 0 0 0 0 0 0 0 0 0 0 0 0 7 
 0 0 0 0 0 0 3 0 0 0 0 0 0 0 0 0 0 0 0 0 0 0 0 1 0 65 1 0 0 0 0 61 0 0 0 0 66 34 1 0 391 134 143 141 304 42 366 200 299 219 329 241 306 0 449 80 450 45 399 340 3 3 2 11 3 4 0 15 5 8 0 0 0 0 0 2 0 0 0 0 0 0 0 0 0 0 0 0 1 0 0 0 0 0 0 0 0 0 0 0 0 0 0 0 0 0 0 0 0 0 0 0 0 0 0 0 0 0 0 0 11 30 18 11 0 0 31 25 20 15 21 29 1 0 0 0 10 18 3 4 0 0 4 0 0 17 0 12 0 3 0 0 0 0 0 1 3 47 0 0 0 0 0 0 2 0 0 0 0 0 0 0 0 0 0 0 0 0 0 0 0 0 0 0 17 1 0 0 0 0 5 0 0 0 0 12 0 0 0 0 10 21 10 18 0 0 14 48 20 11 15 30 22 38 0 1 38 19 43 29 0 14 0 3 0 0 0 3 0 34 0 0 0 0 0 0 0 0 0 0 0 0 0 0 0 0 0 0 0 0 0 12 0 0 0 0 0 0 0 0 0 0 1 0 0 2 0 0 0 0 3 0 0 0 0 0 0 0 0 0 0 0 0 0 8 7 0 0 0 0 
 0 0 0 4 0 0 0 0 0 0 0 0 0 0 0 0 2 0 2 0 2 2 5 2 18 8 5 8 2 2 2 25 2 2 2 2 2 26 2 2 119 152 47 125 145 60 260 56 149 140 55 32 142 449 0 139 110 34 69 180 2 0 0 2 0 1 5 0 0 1 2 1 1 0 0 0 1 0 0 0 0 0 0 0 0 0 0 0 0 0 0 0 0 0 0 0 0 0 0 0 6 0 0 15 0 2 0 0 7 0 0 7 0 0 0 24 0 8 0 0 0 5 23 29 0 0 10 11 22 18 1 2 6 0 22 0 0 0 33 1 0 0 0 0 0 0 0 0 0 0 0 0 0 0 0 0 0 0 0 0 0 0 0 0 5 0 0 0 0 0 0 0 0 0 0 0 0 0 0 0 0 6 0 2 0 13 0 0 13 4 5 2 0 0 0 2 0 5 0 0 33 10 12 13 0 41 2 17 0 0 11 9 0 11 10 6 40 10 0 22 0 0 0 0 0 0 0 0 0 0 0 0 0 0 0 0 0 0 0 30 0 0 0 0 0 0 0 0 0 0 0 11 0 1 0 0 0 0 4 0 3 0 0 0 0 0 2 0 3 0 0 0 0 0 0 0 0 0 0 0 0 0 0 0 14 0 0 13 0 0 
 0 0 0 0 8 3 0 0 2 0 0 0 0 6 55 0 0 0 14 0 0 0 0 0 0 88 3 0 1 0 0 0 0 0 0 0 0 0 0 0 176 319 399 179 230 88 245 61 162 200 153 257 87 80 139 0 69 165 110 61 0 0 3 3 0 3 1 0 0 0 4 2 0 0 0 0 0 0 0 0 0 0 0 9 0 3 0 0 11 11 0 2 0 0 0 0 0 5 0 0 0 0 0 0 0 0 0 0 0 0 0 0 0 0 0 0 1 0 0 0 1 10 6 26 0 1 53 11 14 9 41 14 0 0 0 9 33 33 0 0 0 0 0 0 0 0 0 20 0 0 0 0 19 0 0 0 0 0 0 0 0 28 11 2 0 8 2 0 34 2 0 3 0 0 0 3 14 9 5 0 0 0 0 0 11 0 0 0 0 0 0 0 0 0 0 0 0 0 0 0 10 30 1 8 0 2 15 9 16 14 21 12 12 46 2 0 18 53 10 21 10 0 0 0 0 11 19 0 0 8 0 0 56 2 0 0 0 0 1 19 0 0 19 0 0 0 3 0 0 0 0 0 0 1 0 0 0 0 0 10 0 0 22 62 1 15 1 31 1 0 0 0 0 0 0 0 0 0 0 0 0 0 0 0 8 0 0 0 0 0 
 1 0 0 0 6 0 4 0 0 0 0 0 0 0 0 0 3 0 3 0 4 3 2 5 0 0 16 0 2 15 29 0 7 5 0 5 91 0 4 0 33 36 267 111 202 116 252 37 254 60 112 428 238 450 110 69 0 419 245 274 52 0 0 0 0 0 22 0 0 0 37 0 50 0 0 0 0 0 51 68 0 0 0 0 0 0 0 0 0 0 0 0 5 0 0 0 0 0 0 0 0 0 6 0 0 0 8 8 0 0 0 0 5 16 0 0 24 0 0 0 0 17 0 54 64 1 0 0 23 0 0 0 9 0 0 51 28 66 0 0 0 0 0 0 0 0 0 32 0 0 0 0 0 2 2 0 0 0 0 4 0 0 0 0 0 0 0 0 0 0 0 0 0 0 0 0 3 0 0 0 0 0 2 0 4 0 0 4 0 0 0 0 0 4 0 0 2 0 0 0 0 18 6 13 36 15 0 0 0 5 27 17 0 0 0 8 0 0 0 0 0 0 1 0 0 0 27 1 0 1 0 0 1 1 12 13 0 0 13 37 0 0 43 0 0 0 0 0 0 0 0 4 1 0 0 0 0 0 0 0 0 1 5 0 0 0 0 31 0 0 6 0 0 0 0 0 0 0 0 0 0 4 0 0 1 0 0 3 0 0 
 29 22 4 8 3 64 65 4 3 66 3 3 60 65 27 4 66 66 32 3 3 3 3 3 3 3 2 5 3 3 5 5 3 5 3 3 3 3 15 5 47 306 112 33 135 285 28 85 333 19 54 61 42 45 34 165 419 0 26 448 0 0 0 0 2 3 0 0 0 0 3 0 0 0 23 0 0 1 2 3 20 1 0 0 0 0 7 9 10 0 0 0 4 0 10 10 11 0 0 0 0 13 0 0 1 0 0 0 0 0 0 0 0 0 0 0 0 0 0 0 0 22 30 50 37 10 8 0 26 16 10 11 0 6 23 21 1 11 0 0 0 0 0 0 0 0 0 18 0 0 0 0 0 2 0 0 1 0 0 0 0 0 0 0 5 0 10 0 8 6 0 6 10 10 9 10 0 0 1 0 0 0 0 0 0 30 0 0 0 0 0 0 0 0 0 0 0 0 0 0 1 18 20 32 25 61 11 12 0 1 13 0 5 7 8 17 0 25 3 0 0 0 0 0 0 0 0 0 13 0 0 0 0 0 0 0 0 0 29 10 0 0 0 0 0 0 57 0 0 0 0 3 0 1 0 0 0 0 0 3 0 1 0 2 2 0 0 64 0 0 0 0 0 0 0 0 0 0 0 0 0 0 0 0 11 0 0 9 0 0 
 3 3 3 3 3 3 3 3 3 3 3 3 3 3 3 3 3 3 3 3 5 49 63 127 9 65 0 0 129 108 188 27 0 0 1 6 154 64 0 0 352 69 65 90 313 42 68 59 97 158 41 28 318 399 69 110 245 26 0 418 2 0 1 4 0 2 1 6 0 0 0 1 0 0 4 4 0 0 2 0 0 0 0 0 0 0 0 0 0 0 0 0 0 0 0 0 26 0 0 0 0 0 0 19 6 24 0 0 0 10 0 17 0 0 0 11 0 6 0 0 19 22 17 10 3 0 0 0 22 6 5 11 25 35 11 3 2 6 7 10 0 0 0 0 0 0 0 0 0 0 2 0 0 0 0 0 0 0 25 0 0 0 0 0 0 0 33 0 0 0 0 0 0 0 0 0 0 0 0 0 9 0 12 22 0 3 0 0 0 0 6 10 0 0 0 1 6 0 0 0 9 22 0 0 0 0 0 0 13 10 20 0 7 22 2 2 10 8 0 23 0 0 0 0 8 0 0 0 0 0 0 0 0 0 0 0 0 0 0 0 0 0 0 0 0 0 0 0 0 0 0 12 0 0 0 0 2 0 78 0 0 0 0 0 0 4 2 0 1 0 0 0 0 0 0 0 0 0 0 0 0 0 11 0 20 0 13 0 0 0 
 5 8 3 3 3 4 3 6 5 6 6 3 10 6 3 3 7 3 17 3 27 0 0 0 14 0 0 0 24 62 61 0 0 1 0 0 0 2 0 0 263 311 85 82 522 485 159 140 88 235 87 239 170 340 180 61 274 448 418 0 0 0 0 0 0 0 3 0 0 0 0 0 0 0 2 0 0 51 0 0 0 0 9 1 0 2 0 0 0 2 0 0 4 14 1 0 10 0 0 0 0 0 0 0 0 7 0 0 0 0 0 21 0 0 0 1 0 6 0 0 0 0 15 22 0 0 32 7 16 17 54 0 43 9 73 73 13 0 32 17 0 20 0 0 0 0 0 0 0 0 0 16 0 0 0 0 0 0 0 10 0 0 1 0 6 0 3 0 0 59 7 0 0 7 5 0 0 0 1 0 3 0 0 0 8 16 0 0 0 0 0 39 0 0 0 0 0 22 0 0 18 30 0 24 0 0 30 7 0 1 4 0 2 1 18 25 0 40 9 9 0 0 0 0 0 0 0 0 0 0 0 0 0 0 0 0 0 0 0 0 0 0 0 0 0 0 0 0 0 0 0 12 0 2 0 0 2 126 1 1 0 0 0 0 0 4 3 0 1 0 0 0 0 0 0 0 0 0 0 0 0 0 0 0 0 0 0 0 0 0 
 3 3 3 3 2 3 3 3 32 3 3 3 3 3 3 7 9 3 3 3 0 0 0 0 0 0 14 0 0 0 0 0 0 3 0 0 1 0 0 0 0 1 0 1 50 111 0 0 0 55 54 108 2 3 2 0 52 0 2 0 0 120 97 79 81 79 451 312 136 107 69 272 375 284 72 60 241 64 299 197 0 0 0 0 0 0 0 0 0 0 0 0 0 0 0 0 0 0 0 0 0 0 0 0 0 0 0 0 0 0 0 0 0 0 0 0 0 0 0 0 0 0 0 0 38 6 0 0 0 0 0 0 0 0 0 0 0 0 0 0 0 0 16 0 4 14 30 39 6 26 6 0 14 8 15 12 7 7 8 17 0 0 0 0 0 0 0 0 0 0 0 0 0 0 0 0 0 0 0 0 0 37 0 8 0 0 0 0 0 0 0 0 0 0 0 0 0 0 0 0 0 0 0 0 12 8 0 0 0 0 7 1 0 0 0 0 1 0 15 0 17 13 15 9 0 0 9 5 11 11 9 9 15 13 0 5 9 11 19 0 12 0 0 0 0 0 0 0 0 0 0 0 0 0 5 0 0 0 0 0 0 0 1 0 0 0 0 0 0 0 7 10 0 1 0 1 0 0 0 0 0 0 0 0 0 0 0 0 0 0 
