 0 178 498 188 123 253 152 237 47 229 41 29 150 348 229 158 52 36 216 253 0 0 0 2 0 0 0 0 3 0 0 0 2 0 0 0 2 0 0 0 0 0 3 0 0 0 3 2 3 3 0 3 2 0 0 0 0 0 0 4 3 1 3 0 3 0 3 0 0 0 0 0 1 0 0 0 0 4 0 0 12 0 0 12 15 14 10 7 18 14 11 0 11 13 23 31 0 0 0 21 0 0 0 0 0 0 0 0 0 0 0 0 15 0 0 0 0 0 0 0 0 1 0 0 0 0 0 0 0 0 0 0 0 0 0 0 0 0 0 0 0 0 0 0 0 0 0 0 0 0 0 0 0 0 0 0 0 0 0 0 31 33 0 4 0 0 17 0 42 13 0 0 1 23 18 16 2 2 20 14 0 0 0 0 0 0 0 1 0 0 0 0 0 0 0 0 0 0 0 0 0 0 2 0 0 0 0 0 0 0 0 0 0 0 0 0 0 0 1 0 0 0 0 0 0 0 0 0 4 0 2 0 0 0 0 0 0 0 0 0 0 0 0 0 0 0 49 0 2 0 1 10 0 0 0 0 0 0 0 0 0 0 0 0 0 0 0 0 0 0 0 0 0 0 0 0 0 13 0 0 0 0 0 0 0 0 0 0 0 0 
 178 0 435 231 43 46 156 90 335 262 243 248 28 97 227 202 401 126 235 270 0 0 2 0 0 0 0 205 0 0 205 0 0 0 2 0 4 0 0 0 0 0 3 0 0 0 0 0 3 5 0 3 0 0 5 0 0 0 0 2 0 0 3 0 3 0 3 0 0 0 0 0 3 0 0 0 0 2 40 0 14 10 0 0 17 15 21 8 7 23 7 2 17 16 88 3 8 19 31 14 0 0 0 0 1 0 0 0 0 0 0 0 0 10 0 0 0 0 0 0 0 0 0 0 0 0 0 0 0 0 0 0 0 0 1 0 0 0 0 0 0 0 0 1 0 0 7 0 0 0 0 0 0 10 0 0 0 0 0 0 20 9 12 0 3 0 11 0 15 8 15 20 0 11 52 0 1 23 13 27 0 0 0 0 3 0 0 0 0 0 0 0 10 0 0 0 0 0 11 0 0 0 0 0 0 0 0 0 0 0 0 0 0 0 0 0 0 0 0 0 0 0 0 0 1 0 0 0 0 0 0 0 0 1 0 0 0 0 0 0 0 0 0 0 0 0 93 1 2 0 0 23 0 0 0 0 0 0 0 0 0 0 0 0 0 0 2 0 0 0 0 0 0 0 0 0 0 0 0 0 0 0 0 0 0 0 0 0 0 0 
 498 435 0 249 145 212 48 292 321 145 368 209 41 270 330 143 151 147 250 472 1 6 0 0 0 3 0 0 0 0 0 0 28 1 0 2 7 2 76 1 31 0 70 7 0 0 0 2 6 0 0 3 0 0 3 0 0 0 0 1 0 0 3 0 3 0 3 0 5 0 2 0 1 0 0 0 0 2 0 0 8 16 46 0 21 34 0 15 10 18 5 22 0 0 28 0 28 0 23 0 0 0 0 0 3 0 12 10 0 0 0 0 14 15 0 0 2 0 17 1 0 0 0 0 38 0 0 0 0 0 0 0 0 0 0 0 0 0 0 0 0 0 0 0 0 11 0 0 0 0 0 0 0 0 0 0 0 0 0 0 0 11 40 0 11 12 2 26 0 19 18 34 0 6 10 0 0 38 0 14 14 0 20 0 0 19 0 0 0 0 0 0 20 9 31 0 0 0 40 0 0 0 0 0 0 0 0 0 0 0 0 0 0 0 0 0 0 0 0 0 0 0 0 0 0 0 0 0 0 0 0 0 0 0 0 0 0 0 0 0 0 0 0 0 0 0 90 0 3 20 0 9 1 0 0 0 0 0 0 0 0 0 0 0 0 0 0 0 0 0 0 0 0 0 0 0 14 0 0 0 0 0 0 0 0 0 0 0 0 0 
 188 231 249 0 147 45 253 174 267 328 71 42 433 391 98 57 76 52 351 82 0 0 0 0 0 0 0 0 0 0 0 0 0 0 0 0 2 1 0 1 0 0 3 0 0 0 0 0 3 3 0 3 0 0 3 0 0 0 0 0 0 0 3 0 3 0 3 4 0 0 0 0 1 0 0 0 0 3 0 0 14 13 19 21 26 0 9 33 43 22 21 14 11 19 25 34 1 32 8 0 0 0 0 1 0 0 0 0 0 0 0 0 10 0 0 0 0 0 0 0 1 0 0 0 0 1 1 0 0 1 0 0 0 0 0 0 0 0 0 0 0 0 0 0 0 0 0 4 0 0 0 1 0 0 0 0 0 0 0 0 30 24 1 4 47 0 0 13 24 1 0 13 28 0 0 70 55 0 0 0 1 14 0 0 0 0 0 0 0 0 0 0 0 0 0 0 0 2 20 0 0 0 0 0 0 0 12 0 0 0 0 16 0 0 0 0 0 0 0 0 0 0 0 0 0 0 0 0 0 0 0 0 0 0 0 1 0 0 0 0 0 0 0 0 0 7 134 0 3 0 18 11 33 0 0 0 0 0 0 0 0 0 0 0 0 0 0 0 0 0 0 0 0 1 0 17 0 15 0 0 0 0 0 0 0 0 0 0 0 0 
 123 43 145 147 0 112 55 207 141 150 179 122 56 73 132 96 161 158 278 281 0 37 156 0 0 0 2 0 0 0 0 0 0 2 74 3 2 1 0 33 0 0 35 0 0 0 0 4 2 3 0 3 0 0 0 0 0 0 0 0 0 0 3 0 3 0 4 0 0 0 0 0 50 0 2 0 0 3 0 0 0 23 9 14 23 23 1 0 33 0 1 1 1 0 13 0 27 6 0 0 18 12 24 1 0 0 0 42 1 22 0 0 29 0 0 0 0 0 15 14 0 1 0 0 0 0 0 0 0 0 0 0 0 0 0 0 0 0 0 0 0 0 0 0 0 0 0 4 0 0 0 0 0 0 0 11 0 0 0 0 0 15 1 16 30 0 0 0 25 15 0 0 0 0 0 18 9 0 0 0 7 0 8 0 1 0 0 1 0 0 0 0 4 31 0 0 37 0 22 0 0 0 2 0 0 0 0 0 0 0 0 0 0 0 0 0 0 0 0 0 0 0 0 11 0 0 0 0 0 0 2 0 0 0 0 0 0 0 0 0 0 1 0 0 0 0 88 0 1 3 0 8 2 0 0 0 0 0 0 0 0 0 0 0 0 0 0 0 0 0 0 0 0 0 0 1 21 17 0 0 0 0 0 0 0 0 0 0 0 0 
 253 46 212 45 112 0 41 299 104 57 426 39 42 32 59 292 74 60 30 43 0 4 93 76 0 0 77 0 74 0 0 0 165 97 149 31 78 151 174 0 0 0 35 0 0 0 0 0 3 4 0 3 65 0 0 2 1 0 1 20 0 0 3 0 3 11 6 4 7 0 0 0 3 0 0 0 0 2 0 6 0 18 29 0 28 0 0 0 15 16 18 10 0 0 0 0 72 0 0 0 10 0 0 0 0 0 34 47 10 0 0 20 15 26 4 26 0 0 0 17 0 0 0 0 0 0 0 0 0 0 0 0 6 0 0 0 0 0 0 0 0 0 0 0 0 0 0 0 0 0 0 0 0 0 0 0 0 0 6 0 0 0 22 0 0 3 0 16 0 3 0 16 0 0 0 0 0 9 0 0 7 17 0 0 60 0 24 31 2 0 0 0 0 13 0 0 18 15 30 3 0 0 0 0 0 0 0 0 0 0 0 0 0 0 0 0 0 0 0 0 0 0 0 0 0 0 0 0 0 0 0 0 0 0 0 0 0 0 0 0 0 0 0 0 0 1 1 4 0 91 0 7 15 0 0 0 0 0 0 0 0 0 0 0 0 0 0 0 0 0 0 0 0 0 0 0 18 0 0 0 0 0 0 0 0 0 0 0 0 0 
 152 156 48 253 55 41 0 66 163 213 438 40 165 96 23 90 41 42 65 117 0 0 201 0 0 0 0 0 0 0 2 1 0 0 0 0 2 0 7 0 0 0 3 0 0 0 0 0 2 0 0 3 0 0 2 0 0 0 0 0 0 0 3 0 3 0 2 7 0 0 0 0 0 0 0 0 0 3 0 0 0 3 10 42 22 0 21 27 39 14 44 49 26 16 9 35 0 23 0 23 0 0 0 0 0 0 1 0 9 0 2 0 0 0 0 0 0 0 0 20 0 0 0 0 0 0 0 0 0 0 0 0 0 0 0 0 0 0 0 0 0 0 0 0 0 0 0 7 0 0 1 0 0 0 0 0 0 0 0 1 57 19 10 5 40 1 3 0 28 0 0 2 17 3 23 20 16 0 0 35 0 0 0 0 0 1 0 0 0 0 0 0 0 0 0 0 0 0 13 0 0 0 0 1 9 0 2 0 0 0 0 21 0 0 0 0 0 0 0 1 0 0 0 0 0 0 0 0 0 0 0 0 0 0 0 0 0 0 0 0 0 0 0 0 2 0 1 0 1 0 0 15 14 0 0 0 0 0 0 0 0 0 0 0 0 0 0 0 0 0 0 0 0 0 0 10 0 0 0 0 0 0 0 0 0 0 0 0 0 0 
 237 90 292 174 207 299 66 0 208 97 303 127 130 73 20 139 50 83 59 136 2 0 0 2 0 0 0 0 0 0 0 1 83 0 0 0 2 0 38 76 62 0 3 0 0 0 0 10 3 0 0 3 0 0 0 0 0 0 0 0 0 0 3 0 3 0 3 1 6 0 0 0 1 0 0 0 0 2 0 0 0 12 17 52 36 31 0 0 14 12 23 23 1 0 20 30 43 4 0 0 0 18 0 0 0 0 16 0 0 0 0 0 11 0 0 0 0 0 39 15 0 0 0 0 0 0 0 0 0 0 0 0 0 19 0 0 0 0 0 0 0 0 0 0 0 0 0 4 0 0 0 0 0 0 0 0 0 0 0 15 3 15 26 3 27 20 0 24 27 22 45 7 0 0 0 34 17 10 0 0 0 17 0 0 0 0 0 0 0 0 0 0 0 0 0 0 0 0 0 1 0 0 0 0 0 0 0 0 0 0 0 0 0 0 0 0 0 0 0 0 0 0 0 0 0 0 0 0 0 0 0 0 0 0 0 0 0 0 0 0 0 9 0 0 0 2 92 1 2 89 0 11 13 0 0 0 0 0 0 0 0 0 0 0 0 0 0 0 0 0 0 0 0 0 0 0 2 19 0 0 0 0 0 0 0 0 0 0 0 0 
 47 335 321 267 141 104 163 208 0 205 494 43 295 86 165 275 136 128 74 47 0 0 0 2 0 0 1 205 0 207 206 0 73 0 0 3 5 0 0 1 0 0 38 0 2 0 0 0 3 3 2 4 0 0 3 0 3 2 0 0 0 0 3 0 3 2 2 0 5 0 0 2 0 0 0 0 0 5 0 0 1 17 6 31 2 11 12 10 19 15 10 28 11 1 23 14 36 13 9 14 0 0 0 0 0 0 19 9 0 0 0 0 25 1 0 0 0 0 25 0 0 0 0 2 0 0 0 0 0 15 0 0 0 0 0 0 0 0 0 0 0 0 0 0 0 14 0 8 0 0 0 0 0 0 0 0 0 0 5 0 15 29 28 5 36 22 9 9 37 0 51 7 0 9 16 12 0 10 0 33 9 14 0 0 1 0 1 0 0 0 0 2 0 20 7 0 0 0 0 15 0 0 0 0 0 11 0 0 0 0 0 0 0 0 0 0 0 0 0 0 18 0 0 0 0 0 0 0 0 0 0 0 24 0 0 0 0 0 1 0 0 0 0 0 0 2 91 1 4 88 0 2 0 1 0 0 0 0 0 0 0 0 0 0 0 0 0 0 0 0 0 0 0 0 0 10 29 0 0 0 0 0 0 0 0 0 0 0 0 0 
 229 262 145 328 150 57 213 97 205 0 178 78 37 275 83 166 156 126 70 77 0 1 0 0 2 71 1 127 0 0 0 0 76 0 76 0 2 0 2 90 0 0 6 0 0 0 3 3 2 2 0 2 2 0 3 0 0 0 0 2 0 2 3 0 6 2 0 0 10 1 3 0 0 1 0 0 0 5 3 3 0 79 9 16 32 69 6 30 57 42 0 33 12 0 0 0 6 41 10 0 0 13 0 0 0 0 24 0 0 0 0 0 0 0 0 0 0 0 38 1 0 0 0 0 0 0 0 0 0 0 0 0 0 0 0 0 1 0 0 10 0 0 0 0 0 0 0 7 0 6 0 0 0 0 0 0 0 0 0 0 17 0 10 12 0 21 0 0 0 18 18 1 19 14 0 14 39 15 0 37 0 0 0 0 0 0 11 0 0 0 0 0 0 0 14 0 0 0 32 0 0 0 0 1 0 0 0 0 0 0 0 20 0 0 0 0 0 0 0 0 0 0 0 0 0 0 0 0 0 0 0 0 0 0 0 0 0 0 0 0 0 0 0 0 0 0 4 0 6 186 14 4 0 0 0 0 0 0 0 0 0 0 0 0 0 0 0 0 0 0 0 0 0 0 0 11 0 0 0 0 0 0 0 0 0 0 0 0 0 0 
 41 243 368 71 179 426 438 303 494 178 0 227 35 133 195 120 203 226 53 101 0 74 0 0 0 2 0 0 0 0 0 0 28 0 2 0 3 0 75 0 0 0 35 0 0 0 0 0 2 3 0 3 3 0 0 68 0 1 0 1 0 0 3 0 3 0 2 6 0 0 0 0 0 4 0 0 3 3 0 0 13 26 55 22 38 0 0 46 56 25 34 15 0 0 10 26 50 20 0 0 2 20 0 0 0 0 0 10 6 0 0 2 18 0 0 1 12 0 16 21 2 0 0 20 0 0 1 2 0 0 0 0 0 0 0 0 0 1 0 0 0 0 1 0 0 7 0 0 0 0 0 0 0 0 17 0 0 0 1 0 11 1 30 0 1 26 0 27 0 32 19 27 31 0 0 21 4 9 0 0 13 7 10 0 0 0 1 0 0 0 0 0 0 20 14 0 6 0 21 0 0 0 0 0 0 0 1 0 0 0 0 15 0 0 0 0 1 0 0 0 0 0 0 0 0 0 0 0 0 0 0 2 0 0 0 0 0 0 0 0 0 0 0 0 2 0 0 2 2 1 0 27 19 0 0 0 0 0 0 0 0 8 0 0 0 0 0 0 0 0 0 0 0 0 0 0 9 0 0 0 0 0 0 0 0 0 0 0 0 0 
 29 248 209 42 122 39 40 127 43 78 227 0 47 38 44 27 307 305 39 241 0 0 0 0 0 4 154 117 1 0 0 0 231 0 1 0 6 0 310 218 0 0 4 0 0 0 0 10 2 2 0 2 0 0 0 0 0 0 0 2 0 0 3 0 3 0 1 10 12 0 1 0 0 0 2 0 0 3 0 0 0 0 27 10 40 58 0 0 0 17 27 24 0 0 0 0 16 12 0 0 26 44 0 0 0 0 28 0 0 0 0 0 0 7 0 0 23 0 26 62 0 0 0 0 0 0 0 0 0 0 0 0 0 15 0 0 0 0 0 0 0 0 0 0 2 3 0 0 0 0 0 0 1 0 0 0 0 0 0 1 0 1 6 27 0 14 0 13 1 6 28 23 0 0 0 0 14 15 0 20 2 0 12 0 0 0 35 0 0 0 0 0 1 0 23 12 7 0 19 25 0 0 0 0 0 0 0 0 0 0 0 0 0 7 0 0 0 0 0 2 0 0 0 0 0 0 0 0 0 0 0 0 0 0 0 0 0 0 0 0 0 15 0 0 0 49 2 0 91 176 1 8 15 0 0 0 0 0 0 1 0 11 14 0 0 0 0 0 0 0 0 0 0 0 0 0 14 0 0 0 23 0 0 0 0 0 0 0 0 0 
 150 28 41 433 56 42 165 130 295 37 35 47 0 324 35 24 27 36 305 151 0 0 1 0 0 0 0 3 3 0 0 0 1 3 4 0 2 0 0 0 0 0 3 3 0 6 0 0 2 2 0 2 0 0 0 2 1 0 0 1 0 0 3 0 6 2 0 4 0 0 4 3 0 0 0 0 1 5 0 0 20 0 13 33 5 0 2 29 1 0 0 0 9 53 16 64 4 1 0 7 0 0 0 0 0 0 0 0 0 0 0 0 0 0 0 0 0 0 0 0 0 0 0 0 0 0 0 0 0 0 0 0 0 0 0 0 0 0 0 0 0 0 0 0 0 0 0 0 0 0 2 0 0 0 0 0 0 0 0 0 44 15 0 35 8 0 21 8 29 0 0 0 31 37 0 77 32 0 37 0 0 0 0 0 0 0 0 0 0 0 0 0 0 0 0 0 0 0 0 0 0 0 0 0 0 0 0 0 0 0 0 0 0 0 0 0 0 0 0 0 0 0 0 0 0 0 0 0 0 0 0 0 0 0 0 0 0 0 0 0 0 0 12 0 0 2 0 0 1 2 0 2 2 0 0 0 0 0 0 0 0 0 0 0 0 0 0 0 0 0 0 0 0 0 0 17 0 0 0 0 0 0 0 0 0 0 0 0 0 0 
 348 97 270 391 73 32 96 73 86 275 133 38 324 0 66 36 29 52 314 200 0 0 0 0 2 2 1 0 0 0 0 0 0 0 0 0 2 0 0 0 0 0 3 0 66 3 0 0 2 3 55 3 5 0 0 0 0 0 0 1 0 0 3 0 3 0 2 9 0 0 1 0 0 0 0 32 0 3 0 0 20 0 13 11 16 0 0 38 0 10 37 0 18 81 1 20 12 0 0 0 0 0 0 0 0 0 0 0 9 0 0 1 0 0 0 0 0 0 0 15 0 0 0 0 0 19 0 0 0 0 0 0 0 0 0 0 0 0 0 0 0 0 0 0 0 0 0 0 0 0 2 0 0 0 0 0 0 0 0 0 20 0 20 0 19 0 23 8 12 0 0 0 56 21 2 35 0 1 28 14 0 0 0 0 0 0 0 0 0 0 0 0 0 0 0 0 0 0 0 0 0 0 0 0 0 0 0 0 0 0 0 0 0 0 0 0 0 0 0 0 0 0 0 2 0 0 0 0 0 0 0 0 0 0 0 0 0 0 0 0 0 0 0 0 0 0 2 0 0 0 2 11 17 0 0 0 0 0 0 0 0 0 0 0 0 0 0 0 0 0 0 0 0 10 0 0 0 0 0 0 0 0 0 0 0 0 0 0 0 0 
 229 227 330 98 132 59 23 20 165 83 195 44 35 66 0 252 43 248 62 86 0 0 2 0 0 0 0 0 0 0 0 0 0 2 0 0 2 1 58 0 0 0 33 0 0 0 0 0 3 3 6 3 0 0 2 0 0 0 0 0 0 0 3 0 3 3 3 0 0 0 0 0 1 3 0 45 0 2 0 0 12 47 18 0 42 33 0 8 33 38 0 15 10 0 36 0 30 0 18 12 0 0 0 0 0 0 0 7 0 0 0 0 13 0 0 0 0 0 0 0 0 0 0 0 0 0 0 0 0 0 0 0 0 0 0 0 0 0 0 0 0 0 0 0 0 0 0 0 0 0 0 0 0 0 0 0 0 0 0 0 0 9 20 2 13 0 0 17 0 10 7 12 0 17 32 15 3 29 1 1 7 0 0 0 0 0 0 0 0 0 2 0 19 13 0 0 0 0 17 0 0 0 0 0 0 0 0 0 0 0 1 0 2 0 0 0 0 0 0 0 0 0 0 0 0 0 0 0 0 0 0 14 0 0 0 0 0 0 0 0 0 0 0 0 0 0 100 0 0 0 14 11 0 16 0 0 0 0 0 0 0 0 0 0 0 0 0 0 0 0 0 0 0 0 0 0 9 27 0 0 0 0 0 0 0 2 0 0 0 0 
 158 202 143 57 96 292 90 139 275 166 120 27 24 36 252 0 146 48 255 57 0 0 0 1 1 0 1 2 0 0 0 0 2 2 0 0 2 0 0 0 0 3 43 0 0 0 0 0 2 1 2 3 89 0 0 3 2 3 0 0 0 0 3 0 3 0 1 46 0 0 0 0 0 1 0 0 2 3 3 2 1 17 11 28 13 0 16 14 26 22 19 19 12 0 16 28 41 13 0 11 2 0 0 1 0 0 6 21 0 0 0 0 15 0 0 0 0 0 13 0 0 0 0 0 0 0 0 0 0 0 0 0 0 0 3 0 0 0 0 0 0 0 0 0 0 0 0 7 0 0 0 0 0 0 0 0 0 0 0 0 12 48 9 13 16 20 2 13 13 1 0 1 0 4 32 7 0 0 14 37 7 10 0 0 0 0 0 0 0 0 0 0 0 13 0 1 0 0 2 17 0 0 0 0 0 0 0 24 0 0 0 0 0 0 0 0 0 0 0 0 0 0 0 0 0 0 0 2 0 0 0 0 0 0 0 0 0 0 0 11 0 0 0 0 0 2 1 2 4 1 0 15 0 0 0 0 0 0 0 0 0 0 0 0 0 0 0 0 0 0 0 0 0 0 0 9 40 0 0 0 0 0 0 0 0 0 0 0 0 0 
 52 401 151 76 161 74 41 50 136 156 203 307 27 29 43 146 0 175 84 130 0 1 0 2 0 0 74 0 0 0 2 0 4 0 0 0 3 0 0 202 0 0 7 0 0 0 0 6 2 3 0 3 0 0 0 0 0 0 0 1 0 0 3 0 3 0 2 0 0 0 0 0 0 0 0 0 0 3 0 0 10 5 7 33 25 45 11 0 0 0 38 15 11 0 14 16 35 23 0 21 11 14 0 0 0 0 1 6 0 0 0 0 1 6 0 0 0 0 2 18 0 0 0 0 0 0 0 0 0 0 0 0 0 0 0 0 0 0 0 0 0 0 0 0 0 0 0 0 0 0 18 0 0 0 0 0 0 0 1 0 0 20 0 4 0 16 0 2 13 0 9 0 0 0 7 0 43 11 18 0 22 17 9 0 0 1 10 0 0 0 0 0 19 14 15 9 0 0 47 1 0 0 21 1 0 0 2 0 0 0 0 0 0 0 0 0 0 0 0 0 0 0 0 0 0 0 0 0 0 0 0 0 0 0 0 0 0 0 0 0 0 20 0 0 2 0 1 0 3 2 0 0 0 0 0 0 0 0 0 0 0 1 9 0 0 0 0 0 0 0 0 0 0 0 0 12 1 0 0 0 0 0 0 0 0 0 0 0 0 0 
 36 126 147 52 158 60 42 83 128 126 226 305 36 52 248 48 175 0 31 62 2 2 1 3 5 4 75 92 0 3 2 3 2 1 0 1 3 2 1 166 0 0 11 0 2 0 0 4 9 3 2 9 9 0 0 0 0 8 0 66 0 1 6 6 59 1 6 1 4 7 0 0 4 0 9 0 5 2 3 0 0 21 0 1 15 74 0 0 0 13 0 14 0 0 12 0 6 21 10 0 0 15 0 0 0 0 0 0 0 1 0 0 0 13 0 0 0 0 53 1 0 0 0 0 0 0 0 0 0 0 0 2 0 0 0 0 0 0 0 0 0 0 0 0 0 0 0 0 0 0 0 1 0 0 0 0 0 0 0 0 1 0 0 13 0 25 0 0 0 19 16 10 0 18 9 13 14 17 0 19 1 0 0 0 0 0 11 0 0 0 12 0 21 0 15 0 0 0 18 0 0 0 0 0 0 0 0 0 0 0 0 0 0 0 0 0 0 0 0 0 0 0 0 1 0 1 0 0 0 2 0 0 0 0 0 0 0 0 0 0 0 0 0 0 0 3 0 0 0 88 13 22 0 0 0 0 0 0 0 0 0 0 0 0 0 0 1 0 0 0 0 0 0 0 0 0 0 0 0 0 0 0 0 0 0 0 0 0 0 0 
 216 235 250 351 278 30 65 59 74 70 53 39 305 314 62 255 84 31 0 320 0 0 1 0 1 0 0 0 2 0 0 0 0 0 0 0 2 0 0 0 0 2 3 0 0 0 0 0 2 3 3 3 3 0 0 0 0 2 0 1 0 0 3 0 3 0 1 0 0 0 0 0 0 5 0 0 0 3 1 2 20 18 0 0 0 0 8 10 20 4 9 0 10 51 18 28 0 12 0 14 0 0 0 1 0 0 0 0 0 0 0 0 0 0 0 0 0 0 0 0 0 0 0 0 0 0 0 0 0 0 0 0 0 0 0 0 0 0 0 0 11 0 0 0 0 0 0 0 16 0 0 0 0 0 0 0 0 0 0 0 12 15 16 0 0 0 11 0 0 0 0 0 19 22 1 13 15 0 48 14 1 6 0 0 0 0 0 0 0 0 12 0 0 0 0 0 0 0 0 0 0 0 0 13 0 0 0 0 0 0 0 0 0 0 1 0 0 0 0 0 0 0 0 0 0 0 0 2 0 0 0 0 0 0 0 1 0 18 0 0 0 0 0 0 0 1 3 3 2 2 2 21 0 0 0 0 0 0 0 1 1 0 0 0 0 0 0 0 0 0 0 0 0 0 0 13 0 0 0 0 0 0 0 0 0 0 0 0 0 0 
 253 270 472 82 281 43 117 136 47 77 101 241 151 200 86 57 130 62 320 0 0 0 1 0 0 0 2 3 0 0 0 0 0 0 2 1 2 3 0 3 0 0 5 0 0 13 0 0 5 2 0 5 0 0 0 0 0 2 0 2 0 0 3 0 3 0 3 0 0 0 0 0 1 0 0 0 0 2 0 0 18 0 20 14 14 0 43 0 18 0 21 11 0 36 0 0 0 34 32 24 0 0 0 0 0 0 0 0 0 0 0 0 0 0 0 0 0 0 0 0 0 0 0 0 0 0 0 0 0 0 0 0 0 0 0 0 4 0 0 0 0 0 0 0 15 0 0 0 0 0 12 0 15 0 0 0 0 0 0 7 1 0 0 0 0 18 26 17 0 0 0 0 16 39 0 0 4 0 22 6 0 1 0 0 0 0 0 0 0 0 0 0 0 0 0 0 0 0 17 0 0 0 0 0 0 0 0 0 0 0 0 14 0 0 0 0 0 12 0 0 0 0 0 0 0 0 0 0 0 0 0 0 0 0 0 0 0 0 0 0 0 0 0 0 0 0 2 2 0 2 0 6 1 0 0 0 0 0 0 0 38 0 0 0 0 0 0 0 0 0 0 0 0 0 0 0 0 0 0 0 0 0 0 0 0 0 0 0 0 0 
 0 0 1 0 0 0 0 2 0 0 0 0 0 0 0 0 0 2 0 0 0 85 59 61 108 34 135 180 43 116 125 28 36 344 37 155 20 30 28 91 0 1 1 0 0 3 0 0 3 3 3 0 0 0 0 0 0 0 0 0 0 2 2 0 0 0 0 54 0 0 0 0 0 0 3 0 0 0 2 4 0 0 0 0 0 0 0 0 5 0 0 0 0 0 0 0 0 0 0 0 26 25 0 27 8 14 21 27 16 13 16 0 0 20 13 2 12 30 0 0 0 0 0 0 0 0 0 0 0 0 0 0 0 0 0 0 0 0 0 42 0 13 0 0 1 0 0 0 0 0 0 0 0 0 0 0 0 0 0 1 0 0 0 0 0 12 0 5 0 0 0 0 0 0 0 0 0 0 9 0 7 1 0 21 0 2 10 22 41 0 19 25 0 20 0 24 0 0 0 20 0 1 0 0 0 0 0 0 0 0 0 0 0 0 0 0 0 0 0 37 2 0 0 0 0 0 0 0 0 0 0 0 0 0 0 0 0 0 0 0 0 12 0 0 0 0 0 0 0 0 0 0 0 0 17 0 3 152 0 0 4 0 10 0 0 0 0 0 0 0 0 0 0 0 0 0 0 0 0 1 0 0 0 0 0 24 7 0 0 0 
 0 0 6 0 37 4 0 0 0 1 74 0 0 0 0 0 1 2 0 0 85 0 285 143 316 30 59 382 132 111 35 51 115 132 291 33 130 85 32 54 0 1 1 0 0 3 0 0 3 3 3 0 0 0 0 0 0 0 65 2 0 0 2 0 0 0 0 3 54 0 0 0 0 1 3 0 0 0 32 3 0 0 0 0 0 11 0 0 0 0 18 0 0 0 0 0 0 0 0 0 0 50 29 8 1 0 12 16 8 22 0 18 20 1 7 23 45 0 8 3 0 0 0 11 0 0 0 11 0 0 0 0 12 0 12 1 0 0 6 0 0 0 0 0 0 5 8 0 0 0 0 0 0 0 0 0 0 0 0 0 0 12 0 0 13 11 0 6 0 0 0 8 0 0 0 0 0 0 2 0 0 1 7 63 6 14 0 0 6 11 12 13 2 13 7 0 32 13 0 0 1 0 0 0 0 0 10 0 0 0 0 0 60 38 12 0 0 0 54 28 0 0 0 0 0 0 0 0 0 0 0 0 0 0 0 0 0 0 0 0 0 0 0 0 0 0 0 0 0 0 0 0 0 0 12 0 1 1 77 0 10 9 0 0 0 0 0 0 0 0 0 0 0 0 0 0 0 0 0 0 0 0 0 0 0 0 0 0 0 0 
 0 2 0 0 156 93 201 0 0 0 0 0 1 0 2 0 0 1 1 1 59 285 0 94 65 31 47 104 325 108 56 28 182 277 118 110 257 43 320 280 0 1 2 0 0 2 0 2 3 3 3 0 0 0 0 0 0 0 23 11 0 0 2 0 0 0 0 3 7 0 0 0 0 0 3 0 0 0 10 32 13 1 1 0 0 34 0 1 0 0 0 0 0 0 0 0 0 0 0 0 10 17 19 3 0 0 26 27 0 26 26 23 11 44 26 16 0 5 0 10 1 3 0 0 0 0 0 11 0 0 1 0 2 12 0 1 0 0 33 0 0 0 0 0 0 0 0 0 0 0 0 0 2 0 0 0 0 0 0 0 0 0 0 1 13 50 0 0 0 10 0 0 0 10 0 0 0 2 0 3 9 1 0 27 20 28 13 7 36 10 0 21 9 23 15 21 22 9 0 2 0 0 0 0 0 0 15 0 0 0 0 0 0 9 1 0 0 0 8 7 0 0 0 21 0 0 0 0 0 0 0 0 0 0 0 0 0 1 0 1 0 0 1 0 0 0 0 0 0 0 0 1 0 0 4 0 3 79 1 1 19 0 0 0 0 0 0 0 0 0 0 0 0 0 0 0 0 0 0 0 0 0 0 0 0 0 0 0 0 0 
 2 0 0 0 0 76 0 2 2 0 0 0 0 0 0 1 2 3 0 0 61 143 94 0 161 258 112 89 174 619 497 352 154 156 88 209 115 334 70 70 18 2 0 2 0 3 0 0 3 3 3 0 84 67 0 0 0 25 64 1 0 0 2 0 0 0 0 28 0 0 0 0 3 0 3 0 0 0 4 3 2 0 0 0 0 1 0 0 0 0 13 0 0 0 0 0 0 0 0 0 2 0 24 1 1 21 19 0 0 0 0 22 0 0 12 18 1 0 0 6 18 1 0 0 0 0 11 24 0 0 0 0 10 18 1 15 0 35 39 16 0 0 0 0 0 2 0 0 0 0 0 0 1 0 0 0 0 0 24 0 0 0 0 0 0 0 0 0 0 0 0 3 2 0 1 1 0 0 0 0 10 18 8 32 62 21 10 14 10 10 19 8 0 0 0 1 0 28 0 10 12 0 0 0 0 0 32 11 0 0 3 0 15 43 50 0 0 0 0 0 0 0 0 0 0 0 0 0 0 0 0 0 0 0 0 0 0 0 0 0 0 0 1 0 0 0 0 0 0 0 0 0 0 0 9 0 3 1 0 4 4 2 0 0 0 0 0 0 0 0 0 0 0 0 0 0 0 0 0 0 0 0 0 0 0 0 0 1 0 0 
 0 0 0 0 0 0 0 0 0 2 0 0 0 2 0 1 0 5 1 0 108 316 65 161 0 96 40 207 99 177 374 207 74 301 79 221 95 197 39 161 133 7 1 0 0 3 62 0 3 3 3 5 80 0 0 0 0 1 0 0 0 0 2 0 0 0 0 3 0 0 0 0 0 0 3 0 0 0 2 8 0 0 0 0 0 0 0 0 0 0 0 0 0 0 0 0 0 18 0 0 0 0 10 9 27 33 27 5 15 6 31 0 0 44 19 29 21 13 0 0 0 0 0 0 0 0 12 0 0 0 0 1 0 1 22 0 0 0 0 43 0 0 0 0 0 0 22 1 0 0 0 6 0 0 19 0 0 0 0 0 0 0 0 0 0 0 0 2 0 0 0 5 0 0 0 0 0 0 5 0 0 18 9 14 1 0 0 9 0 14 13 38 0 0 9 10 0 9 0 0 15 0 0 0 0 0 8 0 1 0 0 0 18 29 24 10 1 13 9 32 0 0 0 0 0 0 0 0 1 0 0 0 0 0 0 0 0 0 0 0 0 0 11 0 0 0 0 0 0 0 0 0 0 0 4 0 4 2 76 2 12 0 0 0 0 0 0 0 0 0 0 0 0 0 0 0 0 0 0 0 0 1 0 0 0 10 0 0 0 0 
 0 0 3 0 0 0 0 0 0 71 2 4 0 2 0 0 0 4 0 0 34 30 31 258 96 0 34 228 123 64 90 230 44 48 64 70 78 80 48 134 120 1 2 0 0 5 124 0 3 3 3 1 192 71 0 0 1 0 21 0 0 0 2 0 2 0 0 3 0 0 0 0 0 0 3 0 0 0 2 7 0 13 0 0 0 0 0 0 0 0 0 0 0 2 0 0 0 0 0 0 0 7 0 2 5 41 0 0 0 0 0 25 2 0 1 1 0 14 0 0 2 25 17 0 0 0 19 0 18 31 1 2 0 34 49 16 12 6 34 26 0 0 0 0 0 0 4 0 5 0 0 0 0 0 3 16 0 0 0 0 0 0 0 0 0 0 0 0 0 0 0 0 0 0 0 0 0 0 0 0 0 0 7 0 31 13 0 0 0 28 0 0 0 0 0 1 0 11 0 0 11 39 33 0 0 0 11 10 0 9 52 0 13 8 13 26 1 12 0 0 0 0 0 0 0 0 0 0 0 0 34 0 0 0 0 0 1 0 0 0 0 0 1 0 0 0 0 0 0 0 0 0 0 0 11 1 2 0 6 0 5 0 0 0 0 0 0 0 0 0 0 0 0 0 0 0 0 0 0 9 0 0 17 0 0 0 0 0 0 0 
 0 0 0 0 2 77 0 0 1 1 0 154 0 1 0 1 74 75 0 2 135 59 47 112 40 34 0 72 264 38 51 30 144 140 107 231 80 67 201 137 0 2 2 0 0 3 0 0 3 3 3 23 0 0 0 0 0 0 0 1 0 0 3 0 0 0 0 3 0 0 0 0 0 0 3 3 0 0 2 3 0 0 0 18 0 7 0 0 0 0 0 0 0 0 0 0 0 0 0 0 87 10 20 0 0 0 33 7 0 10 16 0 11 20 20 7 4 2 2 47 0 0 0 0 0 0 0 0 0 0 0 0 0 0 0 0 0 0 0 0 0 0 0 0 0 0 0 0 0 0 0 0 0 0 0 0 0 0 4 0 0 0 0 33 0 14 0 0 1 11 21 0 0 24 0 0 0 2 0 3 32 14 0 0 7 0 41 18 12 11 8 0 7 8 25 27 0 0 32 95 0 0 0 8 0 0 0 0 0 0 0 0 0 0 0 0 0 0 1 0 0 0 0 0 1 0 0 0 0 0 0 0 0 0 0 0 0 0 0 10 0 18 0 0 0 0 0 0 40 3 0 0 0 0 3 0 0 25 1 2 0 0 17 0 0 0 0 0 0 0 0 0 0 0 0 0 0 0 0 0 0 0 0 0 0 0 0 0 0 0 
 0 205 0 0 0 0 0 0 205 127 0 117 3 0 0 2 0 92 0 3 180 382 104 89 207 228 72 0 110 60 309 241 115 326 186 264 191 124 126 361 0 1 5 2 0 2 3 2 3 3 3 6 56 0 0 0 0 0 2 2 0 0 2 3 0 1 0 3 0 2 0 1 0 6 3 3 0 0 2 3 0 0 0 0 0 19 0 0 0 0 0 9 0 0 0 0 0 10 0 0 0 0 6 17 29 1 2 9 1 16 17 0 14 0 16 19 5 18 12 7 0 0 0 0 0 0 0 0 0 0 0 0 0 0 16 0 0 0 0 2 0 0 0 0 0 0 0 1 0 0 1 3 28 0 0 0 0 0 0 0 0 0 0 14 0 0 0 0 0 16 9 0 0 1 0 0 0 5 0 15 9 32 34 12 5 16 9 2 0 2 26 2 0 2 4 19 0 8 0 0 12 0 0 0 0 0 14 0 1 0 0 0 0 4 0 0 0 0 2 0 0 0 0 0 0 0 0 0 0 0 0 0 0 0 0 0 0 0 0 0 0 0 15 0 0 0 0 0 0 61 0 0 3 4 11 2 1 6 15 0 0 2 17 0 0 0 15 0 0 0 0 0 0 0 0 0 0 0 0 15 0 20 0 0 0 2 0 0 0 0 
 3 0 0 0 0 74 0 0 0 0 0 1 3 0 0 0 0 0 2 0 43 132 325 174 99 123 264 110 0 74 48 128 94 336 140 51 131 182 292 92 0 2 2 0 0 3 0 0 3 3 3 0 0 1 0 0 0 0 88 68 0 0 2 0 0 0 0 3 0 0 0 0 0 0 3 0 0 0 4 3 0 0 2 0 0 0 0 0 1 0 0 0 0 0 0 0 0 0 0 2 12 0 0 7 17 0 25 9 0 7 26 58 12 10 0 17 9 20 0 0 0 0 0 0 0 0 0 9 2 0 0 0 17 12 13 12 0 0 11 0 0 0 0 0 0 0 0 0 0 0 0 18 3 0 0 0 30 0 0 0 0 0 0 2 0 0 0 0 0 0 0 0 0 4 0 0 0 0 0 0 0 24 2 21 21 51 19 6 0 14 50 0 16 7 13 27 9 35 0 12 23 0 0 0 0 0 18 0 0 0 0 0 1 10 23 0 0 0 9 0 0 0 0 0 0 0 0 0 0 0 0 0 0 0 0 0 0 2 0 0 0 0 1 0 0 0 0 0 0 0 0 0 0 0 27 0 2 7 41 1 4 0 0 0 0 0 0 0 0 0 0 0 0 0 0 0 0 0 0 12 0 12 0 2 0 0 0 0 0 0 
 0 0 0 0 0 0 0 0 207 0 0 0 0 0 0 0 0 3 0 0 116 111 108 619 177 64 38 60 74 0 365 208 64 383 162 250 132 137 65 186 0 3 1 0 0 2 0 0 3 3 3 1 0 0 0 0 0 0 0 1 0 0 2 28 3 0 0 3 0 0 0 0 0 0 3 0 0 0 2 3 0 0 0 0 0 0 0 0 0 0 0 0 0 0 0 0 0 0 0 0 0 0 19 9 19 9 70 3 0 0 25 0 0 21 10 54 27 20 0 0 0 0 0 0 0 0 1 18 0 0 0 0 4 0 9 33 0 0 1 20 0 0 2 0 0 0 0 0 0 0 0 0 5 0 0 0 0 0 2 0 0 0 0 0 0 0 0 6 0 0 0 0 0 0 0 0 0 0 9 0 9 0 1 39 25 26 0 9 18 9 7 14 0 4 0 10 0 1 0 0 0 0 0 0 1 0 0 15 0 0 0 0 17 0 12 0 0 0 19 29 0 0 0 0 0 0 2 0 0 0 0 0 0 0 0 0 0 0 0 0 0 0 0 0 0 0 0 0 0 0 0 0 0 0 6 2 3 13 0 0 7 3 0 0 0 0 0 0 0 0 0 0 0 0 0 0 0 0 0 0 0 1 0 0 0 10 0 0 0 0 
 0 205 0 0 0 0 2 0 206 0 0 0 0 0 0 0 2 2 0 0 125 35 56 497 374 90 51 309 48 365 0 115 52 202 279 122 177 41 27 105 29 2 1 0 0 3 64 0 3 4 3 0 67 0 0 0 0 0 2 0 0 6 3 0 0 0 0 3 0 0 0 0 0 0 3 0 0 51 2 3 0 0 0 0 0 12 0 0 0 0 0 0 0 0 0 0 0 0 1 0 13 21 23 87 20 27 23 30 13 11 16 0 12 29 19 5 8 10 0 0 0 19 0 0 0 0 0 1 10 13 0 0 1 12 0 0 0 1 14 22 0 0 0 0 0 0 9 0 8 0 0 0 0 0 1 5 0 0 0 0 0 0 0 0 0 0 0 5 0 12 0 0 0 0 0 0 0 0 2 0 0 1 0 21 0 35 4 19 39 0 26 36 0 15 7 26 0 0 0 0 0 1 10 0 0 0 0 0 0 0 0 0 0 17 0 0 0 0 10 42 0 0 0 0 0 0 0 0 0 0 2 1 0 0 0 0 0 0 0 2 0 0 0 0 0 0 0 0 0 0 0 0 0 0 13 1 2 75 73 1 0 0 0 0 0 0 0 0 0 0 0 0 0 0 0 0 0 0 0 1 0 0 0 0 0 17 22 0 0 0 
 0 0 0 0 0 0 1 1 0 0 0 0 0 0 0 0 0 3 0 0 28 51 28 352 207 230 30 241 128 208 115 0 42 31 55 400 90 61 38 27 65 2 3 2 0 5 21 1 3 4 9 0 115 81 0 1 0 0 90 0 0 2 3 0 0 0 0 3 2 0 2 2 2 0 3 0 0 0 4 9 0 0 0 0 0 0 0 0 0 0 0 0 0 0 0 0 0 0 0 0 0 0 0 10 11 60 0 0 0 0 0 4 0 0 0 0 0 11 0 0 17 55 7 0 0 0 17 15 0 0 1 0 11 20 22 18 1 13 50 26 0 0 2 0 0 0 4 67 2 0 0 0 2 0 4 2 0 0 0 0 0 0 0 0 0 0 0 0 0 0 0 10 0 0 0 0 0 0 0 0 0 0 2 10 30 10 0 0 0 0 0 24 0 0 0 0 0 0 0 0 22 36 97 0 1 0 32 33 0 8 0 0 43 12 62 34 0 2 1 0 0 0 0 0 0 0 2 0 0 0 0 0 0 1 0 0 0 0 0 0 0 0 14 0 0 0 0 1 2 0 0 1 0 0 2 0 0 0 0 0 4 2 0 0 0 0 0 0 0 0 0 0 7 0 0 0 0 0 0 0 0 0 1 0 0 0 0 0 0 0 
 2 0 28 0 0 165 0 83 73 76 28 231 1 0 0 2 4 2 0 0 36 115 182 154 74 44 144 115 94 64 52 42 0 53 133 63 27 16 322 157 0 1 2 0 0 2 0 0 3 3 3 0 0 0 0 0 0 0 0 58 0 0 2 0 0 0 0 3 34 0 0 0 9 0 3 0 0 0 2 3 0 0 43 0 0 0 0 0 0 14 28 8 0 0 0 0 14 0 2 0 21 29 21 0 0 2 32 1 1 0 12 22 0 57 37 11 21 3 21 25 0 0 0 0 0 0 0 0 0 0 0 0 0 0 0 0 1 0 0 0 0 0 0 0 0 28 0 0 0 1 0 0 0 0 0 2 0 0 0 0 0 0 7 16 1 47 13 18 0 18 19 18 0 6 0 0 0 11 0 0 0 0 10 0 0 0 34 9 20 1 1 0 1 27 66 13 5 0 0 1 2 0 0 0 0 0 0 0 0 0 0 0 0 0 0 0 0 0 0 0 0 0 0 0 0 1 0 0 0 0 0 2 0 0 0 0 0 0 0 1 0 0 0 0 0 0 0 0 24 26 0 0 0 0 5 2 0 1 1 2 1 8 0 0 0 0 0 0 0 0 0 0 0 0 0 0 0 0 0 0 0 0 0 0 0 0 0 0 0 0 
 0 0 1 0 2 97 0 0 0 0 0 0 3 0 2 2 0 1 0 0 344 132 277 156 301 48 140 326 336 383 202 31 53 0 254 81 274 236 370 98 1 2 2 0 0 3 0 67 3 3 3 3 0 0 0 0 0 0 0 2 0 0 3 0 0 0 0 3 0 0 3 0 0 0 3 0 0 0 2 3 0 0 0 0 0 1 0 0 0 0 0 0 0 0 0 0 0 0 0 0 15 19 17 29 22 17 31 11 41 11 23 10 1 0 35 17 34 12 0 5 1 0 0 0 0 0 0 0 0 0 0 0 0 0 0 0 0 0 0 13 0 0 0 0 0 0 0 0 0 0 0 0 0 0 0 0 0 0 5 0 0 0 0 0 0 0 13 14 0 0 1 0 0 0 0 0 0 1 0 0 12 42 33 0 58 11 10 19 0 10 25 0 13 0 16 8 0 0 0 22 0 10 0 0 0 0 0 0 0 0 0 0 0 20 4 0 11 0 24 17 0 0 0 0 0 0 0 0 0 0 0 0 0 0 0 0 0 0 0 0 0 0 14 0 0 0 0 0 0 0 0 0 0 0 19 0 4 73 48 0 3 0 0 0 0 0 11 0 0 0 0 0 0 0 0 0 0 0 0 1 0 27 0 0 0 13 1 0 0 0 
 0 2 0 0 74 149 0 0 0 76 2 1 4 0 0 0 0 0 0 2 37 291 118 88 79 64 107 186 140 162 279 55 133 254 0 223 265 51 413 123 0 1 2 0 0 2 0 0 3 3 3 0 0 0 0 0 0 0 25 5 0 0 2 0 0 0 0 3 0 0 0 0 0 0 3 0 0 0 14 3 0 0 0 0 0 0 0 0 2 0 1 0 0 0 0 0 0 0 0 1 21 36 23 0 0 0 14 13 12 0 12 51 9 10 10 19 8 10 1 8 0 0 0 0 0 0 0 9 2 0 0 0 0 11 0 0 0 0 21 0 0 0 0 0 0 4 0 0 1 0 0 0 0 0 0 0 0 0 1 0 0 0 0 0 12 18 0 0 0 0 0 3 0 1 0 0 0 0 0 0 0 23 0 9 20 23 56 12 18 39 6 19 49 31 20 14 1 9 0 19 0 0 0 1 0 0 24 0 0 0 0 0 0 14 1 0 0 0 12 5 0 0 0 0 0 0 0 0 0 0 15 0 0 0 0 0 0 0 0 0 0 0 1 0 0 0 0 0 74 0 0 0 0 0 7 0 0 1 7 0 1 17 1 0 0 0 0 0 0 0 0 0 0 0 0 0 0 0 0 0 0 0 0 0 0 0 0 0 0 0 
 0 0 2 0 3 31 0 0 3 0 0 0 0 0 0 0 0 1 0 1 155 33 110 209 221 70 231 264 51 250 122 400 63 81 223 0 293 109 207 181 0 10 2 0 0 2 0 0 3 3 3 1 0 98 0 0 0 1 0 2 0 6 37 0 0 0 0 3 0 0 0 0 0 0 54 0 0 0 2 3 0 0 0 0 0 2 0 0 0 0 0 0 0 0 10 0 0 0 0 0 33 0 17 27 25 11 97 23 39 1 34 12 0 18 43 18 0 73 16 9 0 0 0 0 0 0 0 14 0 0 0 0 5 11 0 0 0 0 1 17 0 0 1 0 0 0 0 0 0 11 0 0 1 0 0 0 0 0 19 0 0 0 0 0 0 0 0 0 0 26 0 13 0 11 0 0 0 0 0 10 0 29 11 0 20 0 8 45 22 12 12 11 0 14 18 27 17 0 0 3 0 0 0 0 2 0 0 0 0 0 0 0 0 2 0 2 0 0 1 35 0 0 0 0 0 0 1 0 0 0 0 0 0 0 0 0 0 0 0 0 0 0 17 0 0 0 0 0 0 0 0 0 0 0 14 0 0 74 2 0 0 0 0 0 0 0 0 0 0 0 0 0 0 0 0 0 0 0 0 0 0 64 0 0 0 12 21 0 0 0 
 2 4 7 2 2 78 2 2 5 2 3 6 2 2 2 2 3 3 2 2 20 130 257 115 95 78 80 191 131 132 177 90 27 274 265 293 0 144 47 39 63 3 1 0 0 3 0 0 3 4 3 4 0 0 206 0 205 0 0 1 0 4 2 0 0 0 26 3 0 0 0 0 0 7 3 0 0 0 2 3 0 0 0 0 0 0 0 0 0 1 0 0 0 0 0 0 0 0 0 0 18 0 8 7 9 0 36 0 13 0 12 12 0 0 34 20 19 24 0 0 0 0 0 0 0 0 0 0 0 0 0 0 2 13 10 0 0 0 0 0 0 0 0 0 0 0 0 0 0 0 0 0 1 0 0 0 0 0 8 0 0 0 0 0 0 0 0 3 0 0 0 5 7 0 0 0 0 0 4 0 9 28 33 0 26 12 56 28 21 53 0 14 0 8 13 13 0 16 0 76 0 20 0 0 0 0 0 0 0 0 0 0 12 29 3 0 0 0 21 13 0 0 0 0 0 0 0 0 0 0 0 0 0 0 0 0 0 0 0 0 0 0 25 0 0 0 0 0 0 0 0 0 5 0 5 0 0 73 74 1 86 1 0 0 0 0 0 0 0 0 0 0 0 0 0 0 0 0 0 9 0 13 0 0 0 0 6 0 0 0 
 0 0 2 1 1 151 0 0 0 0 0 0 0 0 1 0 0 2 0 3 30 85 43 334 197 80 67 124 182 137 41 61 16 236 51 109 144 0 38 258 2 1 1 0 16 37 0 0 3 3 3 1 0 0 2 0 0 0 6 10 0 0 2 0 0 0 0 50 0 0 0 0 0 7 3 0 2 3 2 3 0 0 0 0 0 0 0 0 0 0 0 0 0 13 0 0 0 0 0 0 4 0 1 25 29 13 22 14 0 0 15 18 15 0 14 56 52 21 0 0 0 0 0 0 0 0 16 0 0 0 0 0 19 0 5 19 3 0 0 19 0 0 0 0 0 0 0 0 0 0 0 0 1 0 0 0 0 0 7 0 0 0 0 0 0 0 0 6 0 0 0 0 0 0 0 0 0 1 14 0 9 33 9 19 20 0 30 58 19 20 42 0 0 0 0 6 14 30 0 12 1 28 12 0 0 0 0 0 0 0 0 13 36 0 9 0 0 0 0 41 0 0 0 0 0 0 0 0 0 0 0 0 0 0 0 0 0 0 0 0 0 0 16 0 0 2 0 0 0 0 0 0 0 0 5 0 0 2 0 1 9 3 0 0 0 0 0 0 0 0 0 0 0 0 0 0 0 0 0 1 0 0 0 0 0 14 0 0 0 0 
 0 0 76 0 0 174 7 38 0 2 75 310 0 0 58 0 0 1 0 0 28 32 320 70 39 48 201 126 292 65 27 38 322 370 413 207 47 38 0 115 0 1 1 0 0 2 0 0 3 3 3 0 0 0 0 0 199 0 0 6 0 0 2 0 0 0 0 9 5 0 0 0 1 0 3 0 0 0 2 3 0 0 22 0 15 0 0 1 0 34 10 21 0 0 0 0 16 0 0 0 11 6 13 0 0 0 26 26 0 0 0 12 0 21 25 28 50 0 16 32 0 0 0 0 2 0 0 0 0 0 0 0 0 0 2 0 0 0 0 0 0 0 0 0 12 0 1 0 0 0 21 0 1 0 1 0 0 0 8 0 0 0 5 14 1 13 0 13 0 7 6 17 0 5 17 0 0 16 2 7 9 22 0 0 18 0 32 29 22 9 0 0 0 31 29 1 0 0 0 10 0 0 0 0 0 0 0 0 0 0 0 0 0 0 0 0 0 0 0 0 0 0 0 0 2 3 0 0 0 0 0 0 0 0 0 0 0 0 0 0 0 0 0 0 0 0 0 0 60 149 0 0 15 0 6 0 0 0 0 1 1 0 0 0 0 0 0 0 0 0 0 0 0 0 0 0 0 0 0 0 0 0 0 0 0 0 0 0 0 0 
 0 0 1 1 33 0 0 76 1 90 0 218 0 0 0 0 202 166 0 3 91 54 280 70 161 134 137 361 92 186 105 27 157 98 123 181 39 258 115 0 0 2 1 0 2 3 0 23 4 3 3 0 0 0 0 0 0 0 0 1 0 0 3 0 0 0 64 3 0 0 0 0 0 0 3 3 0 0 2 3 0 0 0 23 42 35 0 0 0 0 0 26 0 0 0 0 0 22 0 0 14 28 19 12 12 14 10 20 0 11 52 0 11 20 0 0 0 0 25 24 0 0 0 0 0 0 0 0 0 0 0 0 0 0 0 0 1 0 0 20 0 0 0 0 0 0 0 0 0 1 0 0 4 0 0 0 0 0 2 0 0 0 0 18 0 0 0 0 0 13 13 0 0 0 0 0 13 3 0 4 10 0 0 20 0 17 22 7 15 9 11 12 6 4 0 4 0 1 51 0 0 0 0 0 0 0 0 0 1 0 0 0 0 0 0 0 0 0 23 12 0 0 0 0 0 0 0 0 0 0 0 0 0 0 0 0 0 0 0 2 0 1 0 0 0 0 0 0 0 74 0 0 0 0 17 0 0 77 0 3 2 0 0 0 0 0 0 0 0 0 0 0 0 0 0 0 0 0 0 0 0 0 0 0 0 20 0 12 0 0 
 0 0 31 0 0 0 0 62 0 0 0 0 0 0 0 0 0 0 0 0 0 0 0 18 133 120 0 0 0 0 29 65 0 1 0 0 63 2 0 0 0 95 83 274 50 50 125 109 55 54 32 60 213 42 59 35 41 35 49 251 0 0 6 12 12 5 0 13 0 7 3 2 0 0 1 0 5 2 0 0 0 0 0 0 0 0 0 0 0 0 0 0 0 0 0 0 0 0 0 0 0 0 0 17 0 25 0 0 0 0 0 0 0 0 0 0 0 0 0 0 1 24 0 0 0 0 0 0 10 11 23 0 0 0 0 0 0 8 10 0 0 0 0 7 0 0 7 0 7 10 0 0 0 0 0 4 0 31 0 18 0 0 0 0 0 0 0 0 0 0 0 19 0 0 0 0 0 0 0 0 0 0 12 0 11 0 0 16 0 0 0 17 0 0 0 6 0 10 0 0 0 0 12 0 0 0 1 0 1 0 0 0 16 20 43 11 10 0 0 1 0 0 0 0 1 0 0 0 0 0 31 1 0 0 0 0 1 0 0 0 0 0 0 0 0 0 0 0 0 0 0 7 0 2 0 0 0 0 1 0 0 0 7 0 0 0 2 0 0 0 7 0 0 0 0 4 0 0 0 0 0 0 0 0 0 0 0 0 0 0 
 0 0 0 0 0 0 0 0 0 0 0 0 0 0 0 3 0 0 2 0 1 1 1 2 7 1 2 1 2 3 2 2 1 2 1 10 3 1 1 2 95 0 208 174 48 317 92 113 155 183 164 112 73 62 109 137 376 46 47 48 0 0 46 0 1 2 1 5 100 0 0 0 0 3 0 0 0 0 83 43 0 0 0 0 0 0 0 0 0 0 0 0 0 0 0 0 0 36 0 0 0 0 4 0 6 0 0 0 20 0 4 0 0 0 1 0 0 5 0 0 0 12 28 28 37 36 0 1 27 26 4 31 8 0 0 10 10 0 0 7 0 1 0 5 0 0 61 15 0 0 0 0 8 16 0 0 6 0 27 16 0 5 0 0 0 0 0 0 0 0 0 0 0 0 0 0 0 0 0 9 0 4 7 0 0 0 0 0 0 4 0 0 0 0 1 0 0 0 0 0 0 0 19 13 15 26 0 0 3 19 23 51 0 4 0 0 20 16 0 15 15 0 1 0 0 0 14 24 0 0 0 0 25 0 20 1 0 0 10 10 0 0 4 0 0 0 0 0 0 0 0 11 0 0 0 0 0 0 3 0 0 0 2 0 0 2 0 0 0 0 0 0 0 0 0 0 0 0 0 0 0 21 0 0 38 2 0 0 2 0 
 3 3 70 3 35 35 3 3 38 6 35 4 3 3 33 43 7 11 3 5 1 1 2 0 1 2 2 5 2 1 1 3 2 2 2 2 1 1 1 1 83 208 0 106 120 43 71 317 115 176 113 106 66 130 144 63 56 266 122 41 0 2 0 0 0 2 1 0 2 0 0 2 7 0 3 0 0 0 25 41 0 23 5 0 6 0 0 0 21 0 0 0 0 0 0 0 20 0 0 0 0 0 0 0 0 0 0 11 0 0 0 0 15 0 0 0 0 0 0 0 11 9 16 35 11 11 19 0 33 25 0 0 11 10 0 10 1 2 0 2 0 0 17 0 0 0 19 14 0 0 0 0 18 11 0 0 0 0 58 41 0 13 0 0 0 0 0 0 0 0 0 0 0 10 0 0 0 0 0 0 8 0 0 0 0 0 1 0 0 0 0 0 0 20 1 0 0 0 0 0 0 0 9 0 8 0 0 11 32 25 15 0 0 0 0 14 12 16 0 0 24 10 0 0 0 0 38 9 0 0 0 0 39 0 0 0 0 0 0 20 0 0 0 0 0 0 0 0 0 2 0 22 0 2 0 0 0 0 2 2 0 0 0 0 3 3 2 1 0 0 13 0 0 0 0 0 14 0 0 0 0 3 0 0 9 10 0 0 0 0 
 0 0 7 0 0 0 0 0 0 0 0 0 3 0 0 0 0 0 0 0 0 0 0 2 0 0 0 2 0 0 0 2 0 0 0 0 0 0 0 0 274 174 106 0 193 168 289 112 130 230 151 84 48 49 48 125 48 232 49 59 56 0 11 0 3 0 0 16 1 0 0 2 75 0 0 0 0 0 0 51 0 0 0 0 0 0 0 0 0 0 0 0 4 0 0 0 0 0 0 0 0 0 0 0 4 0 0 0 0 0 12 0 0 0 1 0 0 0 0 3 0 13 0 19 13 11 0 0 1 0 11 0 0 0 0 0 8 0 0 0 0 4 11 0 0 0 1 10 0 0 0 0 0 0 3 0 19 0 0 0 0 4 0 0 3 0 0 0 0 0 0 0 0 0 0 0 0 0 0 0 0 0 0 0 0 0 0 0 0 0 0 0 0 0 0 0 0 0 0 0 0 0 0 47 21 15 0 0 28 0 2 28 0 0 0 0 11 9 0 0 8 0 14 0 0 0 9 0 19 0 0 0 0 24 14 33 2 0 22 9 0 0 0 0 0 0 0 0 0 0 0 17 0 2 0 0 0 0 0 10 0 0 31 0 0 4 0 8 0 0 0 0 0 0 0 0 0 0 0 0 0 0 0 0 0 0 0 0 0 0 
 0 0 0 0 0 0 0 0 2 0 0 0 0 66 0 0 0 2 0 0 0 0 0 0 0 0 0 0 0 0 0 0 0 0 0 0 0 16 0 2 50 48 120 193 0 64 47 155 88 164 97 185 88 133 170 205 38 46 56 72 1 0 0 0 1 0 105 20 0 0 4 0 0 0 0 1 0 0 56 1 0 0 0 6 0 0 0 0 0 0 0 0 0 0 0 0 0 0 0 0 0 6 0 0 0 0 0 0 0 0 0 0 0 0 0 0 0 0 0 0 0 0 0 10 21 22 0 10 15 23 0 11 0 24 0 20 21 0 0 0 12 4 31 1 0 0 25 2 5 0 1 13 3 13 17 9 0 56 27 27 0 0 0 0 0 0 5 0 0 0 0 0 3 0 0 8 0 0 0 0 0 0 0 0 0 0 0 0 0 7 0 0 0 0 0 0 0 0 0 0 0 0 0 0 21 37 0 21 0 21 70 9 0 0 0 0 21 3 0 0 0 39 1 0 0 0 34 0 0 13 24 0 2 0 47 0 0 10 3 12 0 0 0 0 0 0 0 0 0 0 0 8 0 0 0 0 0 0 0 1 0 0 0 65 0 0 5 2 0 0 0 0 0 11 0 0 0 0 0 0 0 0 0 0 0 0 0 0 0 0 
 0 0 0 0 0 0 0 0 0 0 0 0 6 3 0 0 0 0 0 13 3 3 2 3 3 5 3 2 3 2 3 5 2 3 2 2 3 37 2 3 50 317 43 168 64 0 31 42 49 326 349 341 25 38 40 71 48 111 48 38 26 0 0 0 0 0 0 45 0 0 5 0 50 65 56 0 4 0 208 51 0 0 0 0 0 0 0 0 0 0 0 0 0 4 0 0 7 0 0 0 0 0 0 0 0 0 0 0 0 0 0 0 0 0 0 0 0 0 0 0 0 10 15 0 0 0 0 0 0 0 30 10 0 0 0 0 9 0 0 0 8 7 8 7 0 0 40 0 0 0 1 29 0 51 9 10 13 23 0 0 0 0 0 0 0 0 0 0 0 0 0 0 29 0 0 12 28 0 7 0 0 0 0 0 0 0 0 0 0 0 0 0 0 0 0 0 0 0 0 0 0 0 0 11 25 4 0 0 0 7 0 9 0 0 0 0 0 0 0 0 0 0 4 0 0 0 0 44 17 29 12 14 1 56 76 2 25 18 46 9 0 0 0 0 0 0 0 0 0 0 0 3 0 2 0 0 0 0 0 11 0 14 2 65 2 5 1 5 0 0 0 0 0 0 0 0 0 0 0 0 0 0 0 0 0 0 0 0 1 0 
 3 0 0 0 0 0 0 0 0 3 0 0 0 0 0 0 0 0 0 0 0 0 0 0 62 124 0 3 0 0 64 21 0 0 0 0 0 0 0 0 125 92 71 289 47 31 0 174 163 48 55 38 286 68 119 49 100 63 37 176 0 0 0 0 0 0 0 0 0 0 0 0 0 0 0 0 0 0 0 8 0 0 0 0 0 0 0 0 0 0 0 0 0 0 0 0 0 0 0 0 0 0 0 9 8 19 0 0 0 0 0 0 0 0 0 0 0 0 0 0 32 5 0 0 0 0 33 31 31 35 8 0 9 0 0 0 6 45 33 2 0 0 0 0 0 0 0 0 4 0 0 0 0 0 0 3 0 0 0 21 0 0 0 0 0 0 0 0 7 0 0 0 0 0 0 0 0 0 0 0 0 0 0 0 0 0 0 0 0 0 0 0 0 0 0 0 0 0 0 0 55 24 31 29 0 0 7 0 0 8 0 1 50 9 10 27 0 3 6 9 0 0 0 0 0 0 0 0 0 0 0 0 0 0 0 0 0 0 0 0 0 0 14 0 0 0 0 0 0 0 0 18 0 0 0 0 0 0 0 0 0 0 0 0 3 13 0 0 0 0 0 0 0 0 0 0 0 0 0 0 0 0 0 0 0 0 0 11 1 0 
 2 0 2 0 4 0 0 10 0 3 0 10 0 0 0 0 6 4 0 0 0 0 2 0 0 0 0 2 0 0 0 1 0 67 0 0 0 0 0 23 109 113 317 112 155 42 174 0 323 78 106 111 170 93 48 118 171 117 64 124 5 0 0 4 0 0 0 0 52 0 0 0 0 0 0 0 0 0 0 0 0 1 0 5 17 4 0 0 1 0 0 0 0 0 0 0 0 9 0 0 4 9 0 0 0 0 0 0 0 0 0 1 0 0 0 0 0 0 7 6 20 12 10 0 5 1 16 22 8 11 4 19 0 0 4 4 10 35 0 1 0 2 0 3 0 0 0 0 0 0 0 0 0 2 0 0 0 0 0 0 0 2 0 7 0 0 0 0 3 6 3 0 0 0 0 0 11 0 0 0 0 0 0 0 0 0 0 0 0 0 0 0 0 0 0 0 0 0 4 0 10 0 11 18 10 17 0 23 28 0 43 0 0 0 3 9 28 15 0 0 1 0 3 0 0 0 0 0 0 0 0 0 57 0 0 0 0 0 10 0 0 1 0 0 0 0 0 0 0 0 0 12 0 1 0 0 0 0 0 0 0 0 0 0 69 12 2 0 0 0 0 0 0 0 27 0 0 0 0 0 0 0 0 0 7 0 0 0 2 0 
 3 3 6 3 2 3 2 3 3 2 2 2 2 2 3 2 2 9 2 5 3 3 3 3 3 3 3 3 3 3 3 3 3 3 3 3 3 3 3 4 55 155 115 130 88 49 163 323 0 198 129 24 243 418 305 96 167 79 148 281 7 0 51 6 0 0 0 0 1 0 0 0 0 0 0 0 0 0 0 0 0 0 0 0 0 0 0 0 0 0 0 0 0 0 0 0 0 0 0 0 0 0 0 0 0 0 0 0 0 0 0 0 0 0 0 0 0 0 0 0 38 15 20 15 12 0 27 26 19 16 19 32 14 0 35 0 0 29 0 0 0 0 0 0 0 0 1 0 0 0 0 0 12 0 0 0 0 0 0 0 0 0 0 0 0 0 0 0 4 0 0 0 0 0 0 0 0 0 0 0 0 0 0 0 0 0 0 0 0 0 0 0 0 0 0 0 0 0 0 0 10 25 8 28 24 4 0 45 2 0 42 0 0 7 0 24 13 0 0 1 0 0 0 0 0 12 0 0 0 0 0 0 0 0 13 0 0 0 23 0 0 0 0 0 0 0 0 0 0 0 0 9 0 2 0 0 0 0 0 0 0 0 2 0 8 17 2 0 2 0 15 0 0 0 0 0 0 0 0 0 0 0 5 0 0 0 0 0 0 8 
 3 5 0 3 3 4 0 0 3 2 3 2 2 3 3 1 3 3 3 2 3 3 3 3 3 3 3 3 3 3 4 4 3 3 3 3 4 3 3 3 54 183 176 230 164 326 48 78 198 0 195 266 219 124 152 113 117 29 89 290 8 0 2 4 2 0 67 0 0 0 0 0 25 5 0 21 5 2 62 50 0 0 0 0 0 0 0 0 0 0 0 7 0 0 0 0 0 0 0 0 0 0 0 0 0 0 0 0 0 0 0 0 0 14 0 0 0 24 0 0 11 17 32 26 24 13 10 0 16 10 8 0 7 0 11 11 25 10 1 0 4 12 32 0 0 2 22 58 4 0 0 0 6 5 44 2 0 0 1 21 0 0 0 0 0 0 0 0 0 0 0 0 0 0 11 3 0 0 0 0 0 0 0 0 0 0 0 0 0 0 0 0 0 0 0 0 0 0 10 0 0 10 6 0 22 15 0 50 10 28 0 11 0 0 0 6 0 11 0 6 5 0 10 0 0 0 12 18 0 4 2 0 7 34 0 2 0 0 24 0 0 0 0 0 0 0 0 0 0 0 0 1 0 1 0 0 0 0 0 27 0 0 1 2 2 2 0 0 0 0 6 0 0 0 0 0 0 0 0 0 0 0 0 0 11 0 0 0 2 0 
 0 0 0 0 0 0 0 0 2 0 0 0 0 55 6 2 0 2 3 0 3 3 3 3 3 3 3 3 3 3 3 9 3 3 3 3 3 3 3 3 32 164 113 151 97 349 55 106 129 195 0 84 456 37 61 230 133 120 44 202 15 0 1 7 0 8 66 51 48 0 0 0 1 3 0 0 0 0 57 66 0 0 0 0 0 0 0 0 0 0 0 0 0 0 0 0 0 0 0 0 0 0 0 0 0 0 0 0 0 0 0 0 9 0 0 0 0 0 0 0 29 8 28 12 19 21 0 0 22 1 4 11 0 0 7 12 10 15 0 0 6 1 16 0 0 4 13 0 4 0 0 0 3 4 11 0 5 0 1 12 0 34 0 0 0 0 0 0 2 0 0 0 0 0 0 0 0 0 0 0 0 0 0 0 0 0 0 0 0 0 0 0 0 0 0 0 0 0 0 0 0 0 4 0 11 18 0 24 18 0 16 25 0 0 0 0 10 3 0 0 13 0 24 0 0 0 52 23 0 4 4 0 0 21 6 11 0 0 13 2 0 0 0 0 0 0 0 0 0 0 0 13 0 0 0 0 0 0 0 8 0 0 62 0 1 0 2 0 2 0 0 0 0 0 0 0 0 0 0 0 0 0 0 0 10 0 0 0 1 0 
 3 3 3 3 3 3 3 3 4 2 3 2 2 3 3 3 3 9 3 5 0 0 0 0 5 1 23 6 0 1 0 0 0 3 0 1 4 1 0 0 60 112 106 84 185 341 38 111 24 266 84 0 193 116 97 101 53 57 50 58 0 0 0 0 0 0 1 54 0 0 0 1 0 0 0 0 0 0 54 53 0 0 0 0 0 0 19 0 0 0 0 0 0 0 0 0 0 0 0 0 0 0 8 1 5 0 5 1 5 0 2 0 0 0 8 0 1 14 0 0 0 9 27 12 0 15 2 10 16 16 0 1 0 11 3 11 32 0 0 0 15 72 10 1 0 0 17 0 0 0 0 0 0 25 3 17 0 25 3 7 0 0 0 0 0 0 7 0 0 0 0 0 10 0 0 38 0 0 0 0 0 4 5 0 0 0 0 0 0 1 0 0 0 0 8 0 0 0 0 0 0 0 0 0 49 9 0 17 21 12 17 0 0 8 0 0 35 19 5 5 29 13 0 10 0 0 72 8 0 0 4 0 14 0 30 0 0 1 0 18 0 0 4 0 0 0 0 0 0 0 0 21 0 2 0 0 0 0 6 2 0 1 3 35 0 9 0 0 3 0 0 0 0 0 0 0 0 0 0 0 0 11 0 0 0 0 0 0 0 0 
 2 0 0 0 0 65 0 0 0 2 3 0 0 5 0 89 0 9 3 0 0 0 0 84 80 192 0 56 0 0 67 115 0 0 0 0 0 0 0 0 213 73 66 48 88 25 286 170 243 219 456 193 0 79 315 33 107 17 142 64 0 1 0 3 0 61 0 80 3 0 3 8 0 0 13 6 0 0 0 3 0 0 0 0 0 0 0 0 0 0 0 0 0 0 0 0 0 0 0 0 0 0 0 28 14 11 16 0 0 0 0 10 0 0 0 0 0 0 0 0 0 57 7 9 10 0 26 0 12 8 0 14 0 1 27 7 0 10 18 22 0 0 0 5 1 0 0 7 9 0 1 3 0 1 0 1 0 0 0 0 0 0 0 0 0 0 0 0 0 0 12 4 0 0 0 0 0 0 1 0 0 0 7 0 6 0 0 0 1 0 0 11 0 0 0 0 0 25 17 0 0 51 22 0 0 0 0 20 11 0 12 0 11 22 10 10 2 25 0 9 2 1 0 1 7 8 0 0 0 0 0 13 10 3 0 0 12 2 0 0 0 0 10 0 0 0 0 0 0 0 0 9 0 1 0 0 0 0 0 0 0 0 11 0 66 1 12 0 2 0 0 0 0 0 1 1 0 0 0 0 0 0 0 0 0 0 0 0 2 0 
 0 0 0 0 0 0 0 0 0 0 0 0 0 0 0 0 0 0 0 0 0 0 0 67 0 71 0 0 1 0 0 81 0 0 0 98 0 0 0 0 42 62 130 49 133 38 68 93 418 124 37 116 79 0 182 100 32 25 136 154 1 0 2 3 0 0 0 100 0 0 0 51 0 0 0 0 0 0 0 0 0 0 0 0 0 0 0 0 0 0 0 0 0 0 4 0 0 0 0 0 0 0 0 0 0 0 0 0 0 0 0 14 0 0 0 0 0 1 0 0 22 0 38 0 1 10 21 1 5 0 0 10 11 23 8 10 30 10 15 18 0 10 0 0 0 0 0 0 0 0 0 0 0 0 0 0 0 0 0 0 0 0 0 0 0 0 0 0 0 0 0 9 0 0 0 0 0 0 0 0 0 0 14 12 0 1 0 0 0 0 0 0 0 0 0 0 0 0 0 0 36 11 0 0 31 18 6 50 35 16 52 10 0 11 9 0 1 10 15 0 0 0 0 0 0 0 0 0 0 0 0 0 0 0 0 0 0 0 14 0 0 0 0 0 0 0 0 0 0 17 0 5 0 2 0 0 0 0 0 0 0 0 0 0 0 0 0 0 0 0 0 0 0 0 0 0 0 0 0 0 0 0 0 0 0 0 0 0 0 0 
 0 5 3 3 0 0 2 0 3 3 0 0 0 0 2 0 0 0 0 0 0 0 0 0 0 0 0 0 0 0 0 0 0 0 0 0 206 2 0 0 59 109 144 48 170 40 119 48 305 152 61 97 315 182 0 197 50 100 61 166 1 0 0 3 0 0 49 0 0 0 0 0 0 0 0 0 0 0 0 0 21 0 7 0 0 0 18 3 4 0 2 5 0 0 4 0 0 0 11 0 0 0 0 0 0 0 29 0 0 0 0 0 0 0 0 0 0 0 0 0 10 0 31 5 3 11 47 21 14 20 0 15 0 39 12 0 24 1 18 6 0 5 0 0 2 0 0 0 0 0 0 0 0 1 0 0 0 0 0 0 0 17 3 0 6 0 1 4 8 0 0 10 0 1 0 4 0 5 0 0 0 0 0 0 0 0 0 0 9 0 0 0 0 0 0 0 0 0 0 0 29 13 6 16 24 29 14 58 39 10 39 10 0 0 0 6 9 17 0 0 1 0 0 0 0 0 0 0 0 0 0 0 15 0 0 0 0 0 8 1 0 0 0 0 0 0 8 0 0 0 0 13 0 2 0 0 0 0 0 0 0 0 0 0 63 17 2 0 0 0 0 0 0 0 0 0 0 0 0 0 0 0 0 0 0 0 0 0 0 0 
 0 0 0 0 0 2 0 0 0 0 68 0 2 0 0 3 0 0 0 0 0 0 0 0 0 0 0 0 0 0 0 1 0 0 0 0 0 0 0 0 35 137 63 125 205 71 49 118 96 113 230 101 33 100 197 0 288 92 32 72 9 1 4 4 0 1 26 0 53 0 0 0 1 2 0 0 0 0 5 0 0 13 0 0 0 0 0 0 0 5 0 0 0 0 0 0 0 0 0 0 0 0 0 0 0 0 0 0 0 0 0 0 0 0 0 1 0 0 0 0 1 11 0 10 41 20 12 3 16 0 0 23 0 0 29 23 19 2 0 0 6 7 15 8 1 6 0 16 3 0 1 0 0 0 0 1 0 0 0 9 0 2 0 0 0 0 0 0 0 0 0 0 0 0 0 0 0 0 0 0 0 0 0 0 0 0 0 0 0 0 0 0 0 0 0 0 0 0 0 0 1 0 0 2 19 28 0 18 24 21 42 18 0 0 0 0 32 29 0 0 16 2 7 0 0 0 16 0 0 4 5 0 34 0 1 5 0 0 29 0 0 0 0 0 0 0 0 0 0 0 0 7 0 0 0 0 0 0 0 1 0 0 0 0 64 0 0 0 0 1 0 0 0 0 0 0 0 0 0 0 0 0 0 0 8 13 0 0 1 0 
 0 0 0 0 0 1 0 0 3 0 0 0 1 0 0 2 0 0 0 0 0 0 0 0 0 1 0 0 0 0 0 0 0 0 0 0 205 0 199 0 41 376 56 48 38 48 100 171 167 117 133 53 107 32 50 288 0 114 39 230 3 0 0 2 0 7 0 7 17 58 0 0 0 0 53 0 6 0 0 0 0 0 0 0 0 0 0 0 0 0 0 0 0 0 0 0 0 0 0 0 0 0 0 0 0 0 0 0 3 0 0 0 0 0 0 0 0 0 0 0 45 13 11 49 12 9 15 41 9 0 43 30 0 0 6 10 46 29 14 0 0 0 0 14 0 0 0 1 0 0 0 0 0 0 0 0 6 4 0 0 0 4 0 0 0 0 0 0 0 0 0 0 0 0 0 0 0 0 0 0 0 0 0 0 0 0 0 0 0 0 0 0 0 0 0 0 0 0 5 0 9 0 0 29 0 18 18 19 21 10 17 21 12 0 7 20 25 1 11 0 0 0 0 0 1 0 0 0 0 0 0 7 5 0 0 0 3 0 17 0 0 0 0 0 0 0 0 0 0 0 0 7 0 0 0 0 0 0 0 3 0 0 1 0 53 2 6 0 0 0 5 0 0 0 0 1 0 0 0 0 0 0 0 0 8 5 0 4 2 0 
 0 0 0 0 0 0 0 0 2 0 1 0 0 0 0 3 0 8 2 2 0 0 0 25 1 0 0 0 0 0 0 0 0 0 0 1 0 0 0 0 35 46 266 232 46 111 63 117 79 29 120 57 17 25 100 92 114 0 35 96 2 0 2 0 3 1 50 51 1 0 0 0 21 0 0 0 0 0 0 16 0 0 0 0 0 0 0 0 0 0 0 0 0 0 0 0 0 0 0 0 0 0 0 0 0 0 0 0 0 0 17 0 0 0 0 0 0 0 0 0 10 0 0 0 12 10 11 5 7 4 0 1 0 0 0 0 0 10 0 0 0 7 0 0 0 0 0 0 0 9 1 0 11 0 10 0 7 0 0 0 0 0 0 0 0 0 0 0 4 0 0 0 0 0 0 0 0 0 0 0 0 0 0 0 0 0 0 0 0 0 7 0 0 0 0 0 0 0 0 0 12 3 8 22 20 10 0 0 0 0 1 5 0 0 0 8 0 0 0 0 38 9 24 0 0 0 0 24 0 0 0 1 0 21 37 7 0 0 7 21 0 0 0 0 0 0 0 0 0 0 0 11 1 0 0 0 0 0 0 7 0 0 64 0 0 14 0 62 0 0 0 0 0 0 0 0 0 0 0 0 0 0 0 0 0 9 0 0 2 0 
 0 0 0 0 0 1 0 0 0 0 0 0 0 0 0 0 0 0 0 0 0 65 23 64 0 21 0 2 88 0 2 90 0 0 25 0 0 6 0 0 49 47 122 49 56 48 37 64 148 89 44 50 142 136 61 32 39 35 0 108 0 0 0 0 0 0 0 0 0 7 0 0 0 0 0 0 1 0 9 0 0 0 0 0 0 0 0 0 0 0 0 0 0 0 0 0 0 0 0 0 0 20 32 10 0 12 2 12 0 0 0 27 6 0 2 8 9 0 0 0 13 0 28 13 0 0 9 9 2 0 1 0 24 23 0 29 0 23 49 9 0 0 0 0 0 0 0 0 1 0 0 0 0 0 0 1 0 0 0 0 6 0 0 0 0 0 0 0 0 0 0 9 0 0 0 0 0 0 0 0 0 0 0 15 32 51 10 4 0 5 2 23 0 0 2 0 19 13 0 0 11 23 0 0 0 0 40 22 11 17 0 0 0 17 6 14 0 1 6 11 0 0 0 0 0 0 0 0 0 0 0 0 0 0 0 0 0 0 0 0 0 0 1 0 0 0 0 0 0 0 0 11 0 0 0 0 0 0 4 0 0 0 0 0 0 2 2 0 0 0 23 0 0 0 0 0 0 0 0 0 0 0 0 0 0 0 0 0 1 0 
 4 2 1 0 0 20 0 0 0 2 1 2 1 1 0 0 1 66 1 2 0 2 11 1 0 0 1 2 68 1 0 0 58 2 5 2 1 10 6 1 251 48 41 59 72 38 176 124 281 290 202 58 64 154 166 72 230 96 108 0 3 0 0 8 0 0 0 0 51 0 0 0 0 0 0 0 0 0 0 0 0 0 0 0 0 0 0 0 0 0 0 0 0 0 0 0 0 0 0 1 0 0 0 5 0 0 0 5 0 0 0 5 2 61 0 10 5 0 0 0 8 6 14 0 0 1 10 22 8 12 23 23 0 0 10 0 10 12 0 0 0 0 0 22 0 0 0 0 0 0 0 0 0 0 0 0 0 0 0 0 0 2 0 0 0 0 0 0 3 1 0 0 0 0 0 0 0 0 0 0 0 0 0 0 0 0 4 9 0 0 0 0 0 0 0 0 14 6 0 0 11 0 6 15 0 7 10 32 8 1 41 0 12 0 0 15 10 0 9 0 0 0 5 0 0 0 0 3 20 0 0 0 0 0 0 0 0 0 11 36 2 0 0 0 0 0 2 0 0 0 0 11 0 1 0 0 0 0 2 2 0 0 0 0 70 14 2 0 0 0 0 0 0 0 0 0 0 0 0 0 0 0 0 0 0 0 0 9 0 1 
 3 0 0 0 0 0 0 0 0 0 0 0 0 0 0 0 0 0 0 0 0 0 0 0 0 0 0 0 0 0 0 0 0 0 0 0 0 0 0 0 0 0 0 56 1 26 0 5 7 8 15 0 0 1 1 9 3 2 0 3 0 75 104 153 34 26 291 45 38 86 69 44 279 360 105 51 86 295 68 137 0 0 0 0 9 0 0 0 0 0 0 0 0 0 0 0 0 0 0 0 0 0 0 0 0 0 0 0 0 0 0 0 0 0 0 0 0 0 0 0 4 11 3 0 18 0 0 0 0 0 2 4 0 0 22 3 0 12 0 0 31 2 8 7 0 0 0 0 23 0 1 10 16 30 17 0 2 3 1 1 0 0 0 0 0 0 0 6 0 0 0 0 0 0 0 0 0 0 0 0 0 0 9 0 0 0 0 0 0 0 0 0 0 0 0 0 0 0 0 0 0 0 32 0 0 17 0 4 8 0 0 3 0 0 1 0 4 0 0 0 2 1 39 23 20 2 0 0 6 23 21 0 0 21 9 0 11 0 11 0 1 0 0 0 0 0 0 0 0 0 0 0 0 0 23 0 0 0 0 0 0 0 0 28 0 0 0 0 0 0 0 0 54 1 0 2 0 0 0 0 0 0 0 0 0 2 0 0 0 0 
