 0 105 292 44 31 251 63 238 85 199 65 258 48 390 145 124 282 37 48 237 2 1 4 0 0 4 2 0 3 0 0 0 0 2 0 0 3 0 0 1 0 0 0 0 0 2 0 2 0 2 0 0 2 0 0 2 0 0 3 5 0 0 0 0 0 0 0 2 0 3 0 48 0 0 0 0 0 0 3 0 0 37 33 0 0 0 33 31 7 0 17 6 22 0 57 38 19 29 0 16 0 0 0 0 0 0 0 15 0 0 0 0 0 0 0 0 0 0 0 0 0 0 0 0 0 0 0 0 0 0 0 0 0 0 0 0 0 0 0 0 0 0 10 0 47 2 0 0 0 0 0 0 0 0 0 0 0 0 15 0 16 43 0 19 0 0 37 34 0 16 54 0 19 54 36 11 21 17 12 12 0 0 0 0 0 0 0 0 0 0 0 0 0 0 0 0 0 0 0 0 0 0 0 0 0 0 0 0 0 0 0 0 20 0 0 0 0 0 0 0 0 0 0 0 0 0 0 0 0 0 0 0 0 0 0 0 0 0 0 0 0 0 0 0 0 2 89 2 2 1 0 0 0 0 0 0 0 0 0 0 0 0 13 0 0 0 0 0 0 0 0 0 0 0 0 0 0 15 0 0 0 0 0 0 0 0 0 0 0 0 
 105 0 406 276 35 54 175 123 201 99 346 37 53 368 49 48 146 83 292 358 3 2 3 0 43 3 3 2 3 2 2 1 1 0 6 2 3 3 0 5 0 0 0 0 0 5 0 0 2 6 0 0 2 0 3 1 0 0 3 4 0 0 0 2 0 2 3 10 3 35 2 2 0 0 2 0 0 2 3 0 0 12 0 4 22 7 0 1 46 13 55 33 20 0 0 0 28 1 1 0 0 0 0 0 0 0 0 0 10 0 0 0 0 0 0 0 0 0 0 0 0 0 0 0 0 0 0 0 0 0 0 0 0 0 0 0 0 0 0 0 0 0 0 0 0 3 0 0 0 0 0 0 0 0 0 0 0 1 2 0 0 0 42 14 1 20 23 0 0 11 8 16 22 10 30 0 85 17 0 0 0 0 4 0 0 0 0 11 0 0 0 0 22 0 20 0 0 0 17 0 0 0 0 0 0 0 20 0 0 0 0 0 0 0 0 0 0 0 0 0 0 0 0 0 0 0 0 0 0 0 0 0 0 2 0 0 2 0 0 0 0 2 0 0 0 2 0 0 90 2 2 18 0 0 0 0 0 0 0 2 0 0 10 0 0 0 0 0 0 0 0 0 0 0 0 10 3 0 0 0 0 0 0 0 0 0 0 0 0 0 
 292 406 0 142 75 28 245 420 209 167 204 89 251 211 45 141 27 310 132 226 3 0 3 2 0 5 1 0 3 0 0 3 0 0 0 5 3 0 40 49 0 8 0 3 0 10 0 0 2 4 3 0 2 0 0 1 0 0 3 0 0 0 0 0 50 0 0 2 2 2 0 0 0 0 2 0 0 0 3 0 10 32 11 9 20 15 12 1 27 0 11 33 15 0 11 25 44 24 1 3 0 0 0 0 0 0 0 0 0 0 0 0 15 0 11 2 0 0 8 0 0 0 0 0 0 0 0 0 0 0 0 2 1 0 0 0 0 0 0 0 0 2 0 0 0 4 0 0 0 0 0 0 0 0 0 1 0 0 0 0 0 0 34 0 33 0 33 38 22 14 37 0 16 17 19 21 13 15 0 0 0 0 0 0 0 0 0 15 1 0 0 0 1 0 15 1 0 0 27 0 0 0 0 0 0 0 0 0 0 0 0 2 0 0 0 0 13 0 2 0 0 0 0 0 0 0 0 0 0 0 0 1 2 0 0 0 0 0 0 0 0 18 0 0 0 0 2 0 0 1 0 17 17 0 0 0 0 0 0 0 0 0 8 0 0 0 0 0 0 0 0 0 0 0 0 12 9 0 0 0 0 0 0 0 0 0 0 0 0 0 
 44 276 142 0 387 38 376 263 356 146 73 154 474 173 160 129 36 139 86 275 0 80 2 0 0 3 3 0 3 0 0 0 1 77 209 0 3 0 1 33 0 0 0 0 0 2 0 0 0 2 0 0 2 0 0 1 0 0 3 0 0 0 0 0 0 0 0 2 0 2 0 0 0 0 0 0 0 0 6 0 0 13 30 0 0 16 0 1 0 18 11 0 0 0 1 0 14 0 0 3 13 1 0 0 0 0 0 0 0 0 0 0 48 0 18 9 2 11 5 12 0 0 0 0 0 0 0 12 0 0 0 0 14 0 0 0 0 0 0 0 0 0 0 0 0 0 0 0 0 3 0 0 0 0 0 0 0 0 0 0 0 10 14 0 18 14 0 12 23 0 0 0 4 0 0 2 0 16 0 0 11 0 0 0 2 0 0 20 0 0 0 0 8 7 19 0 0 14 11 0 0 0 0 2 0 0 0 1 0 0 0 0 0 0 0 0 12 0 0 0 0 0 0 0 0 1 0 0 0 6 0 0 0 0 0 0 0 0 0 1 0 1 0 0 0 6 1 0 2 2 0 5 9 0 0 0 0 0 0 0 0 0 0 0 0 0 0 0 0 0 0 0 0 0 0 11 0 0 0 0 0 0 0 0 0 0 0 0 0 7 
 31 35 75 387 0 185 164 69 137 340 93 328 270 181 267 161 137 87 240 287 0 1 2 0 0 3 0 78 3 0 0 0 36 91 74 98 3 0 79 1 0 0 0 0 0 2 0 0 2 2 0 0 2 0 0 2 66 0 3 0 6 0 0 0 0 0 0 2 47 3 0 0 6 0 7 0 0 6 3 0 0 13 18 1 8 7 0 1 0 16 36 11 0 0 0 15 23 0 0 1 32 0 16 14 0 0 27 21 0 2 16 0 49 0 9 32 0 21 0 75 0 0 0 0 0 0 0 0 0 6 0 0 13 0 0 0 0 0 0 0 0 0 0 0 0 1 0 1 0 10 0 0 1 0 0 0 0 0 0 0 0 8 13 21 16 14 0 11 16 0 19 19 8 0 0 0 0 15 0 0 10 2 27 1 0 0 4 12 0 0 0 0 10 3 0 14 1 8 12 0 0 0 0 14 0 0 0 0 0 0 0 0 0 0 0 6 0 0 0 0 5 0 0 0 0 1 0 0 0 0 1 0 0 0 0 0 2 0 0 0 0 2 0 0 0 0 3 0 8 0 11 13 0 0 0 0 0 0 0 0 0 0 0 0 0 0 0 0 0 0 0 0 0 0 0 10 0 0 0 0 0 0 0 0 0 0 0 0 0 0 
 251 54 28 38 185 0 54 142 47 139 400 53 30 48 369 102 59 67 78 278 73 123 79 0 0 3 151 99 5 1 2 0 0 74 241 0 78 0 24 1 0 0 0 0 0 2 0 0 2 2 0 0 2 0 0 1 0 0 3 0 0 0 0 0 0 0 0 2 0 2 0 0 1 0 9 0 0 0 54 0 0 16 19 9 21 19 0 0 0 0 10 0 0 0 0 0 0 3 0 0 55 0 19 41 21 0 1 7 28 0 0 0 15 0 10 0 3 29 0 45 0 2 0 0 0 0 0 0 0 0 0 0 0 0 0 2 0 0 0 0 0 0 14 0 0 0 0 0 0 0 0 0 0 0 1 0 0 0 10 0 0 0 19 29 18 0 0 22 21 0 19 27 0 0 0 17 0 0 0 0 25 22 13 18 0 0 19 0 0 3 10 0 0 40 27 20 2 30 17 14 0 0 0 0 0 0 0 0 2 0 0 0 0 0 0 0 0 0 0 0 0 0 0 0 0 0 0 0 0 0 0 6 0 0 0 0 0 0 0 0 0 0 12 0 0 0 85 1 1 0 4 18 0 0 0 0 0 0 0 0 0 0 0 0 0 0 0 0 0 0 0 0 0 0 0 1 0 0 0 0 0 0 0 0 0 10 0 0 0 0 
 63 175 245 376 164 54 0 204 171 160 298 331 185 436 155 114 119 147 344 378 2 0 4 0 3 3 74 0 4 0 0 0 0 0 0 1 3 0 0 2 0 0 53 0 54 2 0 0 2 2 0 3 40 0 0 1 2 2 3 0 0 0 0 0 0 0 2 2 0 2 0 6 0 0 0 0 0 0 3 0 22 25 0 9 7 17 46 33 11 1 4 23 3 11 7 24 14 13 9 22 0 0 0 0 0 0 0 0 0 0 0 0 0 0 0 0 0 0 0 0 0 0 0 0 0 0 0 0 0 0 0 0 0 0 0 0 0 0 0 0 0 0 0 0 0 0 0 2 0 0 0 0 2 0 0 0 0 0 0 0 9 0 15 0 0 0 14 1 0 0 0 0 48 0 17 0 20 9 0 18 0 0 0 0 0 20 0 0 0 0 0 0 0 0 0 0 0 0 0 0 0 0 0 0 0 0 0 0 0 0 0 0 0 0 0 0 0 0 0 0 0 0 0 0 0 2 0 0 0 0 0 0 0 0 0 0 0 0 0 0 0 21 0 0 0 1 0 0 91 0 0 5 0 0 0 0 0 0 0 1 0 0 6 0 0 0 0 0 0 0 0 0 0 0 0 0 11 0 0 0 0 0 0 0 0 0 0 0 0 0 
 238 123 420 263 69 142 204 0 328 253 205 35 218 275 242 140 173 117 94 320 1 0 2 0 2 3 1 1 4 2 0 34 3 0 0 2 4 204 2 18 0 0 0 0 0 2 0 0 2 2 0 3 2 0 0 1 0 0 3 0 0 33 0 0 0 0 2 2 0 2 0 0 0 0 0 0 0 0 3 0 0 0 29 0 0 7 12 17 24 13 7 32 18 0 21 34 17 34 0 14 0 0 0 0 0 0 0 0 0 0 0 0 0 0 0 0 0 0 29 0 0 0 0 0 0 0 0 0 0 0 0 0 0 0 0 0 0 13 0 0 0 0 9 0 0 0 0 0 0 0 0 0 0 0 0 0 2 0 0 0 0 14 32 18 0 30 1 28 0 11 18 0 17 15 13 37 1 27 0 8 0 0 0 0 0 0 0 0 0 0 0 21 14 0 20 0 0 0 56 13 0 0 0 0 2 0 0 0 0 0 0 0 0 0 0 0 0 0 0 0 0 0 0 0 0 18 0 0 0 0 0 0 0 0 0 0 0 0 0 0 0 9 0 0 0 2 3 1 1 1 1 11 0 0 0 0 0 0 0 0 0 0 9 0 0 0 0 0 0 0 0 0 0 0 0 12 0 18 0 0 0 0 0 0 0 0 0 0 0 0 
 85 201 209 356 137 47 171 328 0 255 142 280 110 120 115 171 155 56 229 181 2 0 3 2 2 3 1 0 78 3 2 7 0 40 0 0 4 2 73 4 0 0 0 5 67 2 0 0 2 7 6 2 2 2 0 0 0 0 3 0 0 0 0 0 0 0 0 2 4 2 0 0 0 3 4 0 0 0 3 0 0 17 16 9 27 4 0 0 17 23 25 28 20 0 0 15 29 11 0 0 0 1 0 0 0 0 0 0 0 0 0 0 6 0 0 0 7 0 0 0 0 0 0 0 0 0 0 0 2 2 0 0 8 0 0 0 0 0 0 0 0 0 5 0 0 0 0 0 0 2 0 0 0 0 0 0 0 0 0 0 0 21 19 34 0 0 0 15 12 19 0 18 0 44 0 8 0 12 0 0 0 0 1 0 0 0 0 9 0 2 0 0 6 0 0 0 0 1 12 0 0 0 0 0 0 0 0 0 0 0 0 0 0 0 1 0 0 0 0 2 0 2 0 0 0 0 0 0 0 0 0 0 0 0 0 0 0 0 0 0 0 0 0 0 0 2 89 0 89 47 1 30 0 0 0 0 0 0 0 0 0 0 0 0 0 0 2 0 0 2 0 0 0 0 0 1 12 10 0 0 0 0 0 0 0 0 0 0 0 0 
 199 99 167 146 340 139 160 253 255 0 347 125 109 204 246 209 133 35 118 353 5 0 3 76 0 3 0 0 3 79 0 3 1 2 0 0 3 0 1 2 0 0 0 3 0 2 0 0 2 4 3 0 3 0 1 1 0 0 3 0 0 2 0 0 0 0 34 35 0 2 0 17 0 0 0 0 1 2 3 0 0 22 50 0 0 0 1 0 16 19 11 29 19 0 21 46 14 12 0 1 0 0 0 0 0 0 0 0 0 0 0 0 20 17 1 0 0 0 23 0 0 0 0 0 0 0 2 0 0 0 0 2 21 0 0 0 0 0 0 14 0 0 7 0 0 0 0 0 0 0 0 0 0 0 0 0 0 0 0 0 12 28 14 32 0 26 0 27 41 14 15 0 9 16 25 36 0 41 0 18 0 0 0 0 0 0 0 0 1 0 0 0 18 0 15 1 0 0 8 0 0 0 0 0 0 0 0 0 0 10 0 2 0 0 0 0 0 0 0 0 0 0 0 1 0 0 0 0 0 0 0 0 0 0 0 0 3 0 0 0 0 0 0 0 0 2 4 0 3 1 0 4 0 0 0 0 0 0 0 0 0 0 0 0 0 0 0 0 0 0 0 0 34 0 0 14 0 14 0 0 0 0 0 0 0 0 0 0 0 0 
 65 346 204 73 93 400 298 205 142 347 0 67 348 254 151 275 75 239 18 248 1 0 5 0 0 3 35 3 4 0 0 0 0 2 6 0 3 84 76 107 15 0 0 0 3 2 0 0 3 5 0 3 2 2 0 2 0 0 3 0 0 2 0 0 3 3 2 4 0 3 0 1 0 2 16 0 0 0 3 2 0 34 33 33 23 25 13 0 0 0 0 22 6 1 22 30 9 15 0 0 69 11 0 0 0 0 1 10 0 10 0 0 35 12 0 0 0 0 0 1 0 0 0 0 0 0 0 0 0 0 0 0 0 0 0 0 0 0 0 2 0 0 8 0 0 5 0 0 0 0 0 0 0 1 0 0 0 0 0 0 0 0 16 38 16 0 10 15 20 16 60 24 5 13 18 25 0 24 0 12 1 0 17 1 0 1 14 20 0 0 0 0 0 0 0 17 0 18 58 10 0 0 0 0 0 2 0 0 0 0 0 0 0 0 13 0 0 0 0 0 8 0 0 0 0 0 0 0 0 0 0 0 0 0 0 0 0 0 0 0 0 0 0 0 0 8 141 0 3 1 0 14 15 0 0 0 0 0 0 0 1 0 63 0 0 0 0 0 0 0 0 0 0 0 0 0 37 0 0 0 0 0 0 0 0 0 0 0 0 0 
 258 37 89 154 328 53 331 35 280 125 67 0 33 44 119 127 242 385 58 40 1 0 2 0 0 3 60 0 3 0 0 0 44 61 74 0 3 0 74 52 0 63 0 0 0 2 0 0 2 2 0 0 2 0 0 2 2 0 3 0 0 0 0 0 0 52 0 2 2 3 0 0 0 48 2 0 0 0 3 0 0 11 28 5 0 28 0 2 0 19 34 14 0 0 0 15 32 1 0 0 9 15 0 0 0 0 0 10 0 0 0 0 57 0 14 0 0 0 4 23 0 0 0 0 0 0 0 0 0 0 0 0 9 0 0 0 0 0 0 0 0 0 0 0 0 0 0 2 0 0 0 0 2 0 0 0 0 2 0 0 0 8 29 14 39 0 0 0 49 25 1 0 6 0 0 0 0 1 0 0 0 1 11 0 0 0 0 34 0 0 0 0 10 1 18 0 0 10 31 4 0 0 0 0 0 0 0 0 0 0 0 0 0 0 0 0 0 0 0 0 0 0 0 0 0 2 0 0 0 0 0 0 0 0 0 0 1 0 0 0 0 0 0 0 0 0 0 2 2 90 7 4 16 0 0 0 0 0 0 1 0 0 0 0 0 0 0 0 0 0 0 0 0 0 0 22 0 0 0 0 0 0 0 0 0 0 0 0 0 0 
 48 53 251 474 270 30 185 218 110 109 348 33 0 70 59 30 21 201 142 429 1 0 3 1 1 3 0 0 3 0 0 0 0 0 0 0 3 0 63 4 0 0 0 0 1 2 0 0 2 2 0 0 2 0 12 1 0 0 3 7 0 0 0 0 0 0 0 3 0 2 0 0 0 0 0 0 0 0 4 0 8 32 0 29 0 0 0 13 16 0 0 14 38 0 2 17 7 21 0 12 0 0 0 0 0 0 0 0 0 0 0 0 0 0 0 0 0 0 0 0 0 0 0 0 0 0 0 0 0 0 0 0 0 11 0 0 0 0 0 0 0 0 0 0 0 2 0 0 0 0 0 0 0 13 0 0 2 0 0 0 10 0 0 0 0 0 15 18 14 6 1 0 28 32 9 0 56 24 29 18 0 0 0 0 0 0 0 0 0 0 0 0 0 0 0 0 0 0 13 0 0 0 0 0 0 0 0 0 0 0 0 0 0 0 7 0 0 0 0 0 0 0 0 0 0 0 0 0 0 0 0 0 0 0 0 0 0 0 0 0 0 0 0 0 0 0 0 0 1 2 0 4 0 0 0 0 0 0 0 0 0 0 1 0 0 0 0 0 0 0 0 0 0 0 0 0 0 0 0 0 0 0 0 0 0 0 0 0 0 0 
 390 368 211 173 181 48 436 275 120 204 254 44 70 0 160 129 134 93 344 428 2 0 2 0 0 3 0 0 5 0 2 0 2 0 0 0 6 0 0 2 0 0 0 0 0 4 0 2 4 2 0 3 5 0 2 4 0 0 3 60 0 0 2 2 0 1 2 4 0 3 0 2 0 2 2 0 0 1 4 0 11 24 33 6 0 15 4 66 24 9 35 23 12 0 27 38 0 27 10 10 0 0 0 0 0 0 0 0 0 0 0 0 1 0 0 1 0 0 7 0 0 0 0 0 0 0 13 0 0 0 0 0 0 0 0 0 0 0 0 0 0 1 0 0 0 0 0 0 0 0 0 0 0 0 0 2 0 0 0 0 14 32 1 0 0 10 2 37 69 4 38 0 9 40 6 16 10 8 17 0 0 0 0 0 0 0 0 0 0 0 0 0 2 0 0 0 0 0 0 0 0 0 0 0 0 0 0 0 0 0 0 0 0 0 0 0 0 0 1 0 0 0 0 0 0 0 0 0 0 0 0 0 1 0 0 0 0 0 0 0 0 16 0 0 1 0 0 0 2 1 0 10 0 0 0 0 0 0 0 0 0 0 0 0 0 0 0 0 0 0 0 0 0 0 0 1 2 0 0 0 0 0 0 0 0 2 0 0 0 0 
 145 49 45 160 267 369 155 242 115 246 151 119 59 160 0 292 119 40 194 119 1 2 2 0 0 4 65 0 3 0 0 0 74 0 0 0 3 0 1 2 0 0 0 0 0 2 0 0 2 2 0 1 60 0 0 2 0 0 3 0 0 0 0 0 0 0 0 2 0 3 0 0 0 0 0 0 0 0 55 0 0 16 16 0 0 54 24 42 27 17 11 15 34 0 0 1 29 44 0 45 10 0 0 0 0 0 0 0 0 0 0 0 14 0 0 0 0 0 1 14 0 0 0 0 0 0 0 0 0 19 0 0 0 0 0 0 0 0 0 0 0 0 28 0 0 10 0 0 0 0 0 0 0 0 0 0 0 0 0 0 0 0 27 0 0 29 0 36 20 13 0 0 26 0 12 14 0 19 10 9 0 0 0 0 0 0 0 0 0 0 0 0 10 0 32 0 0 0 23 0 0 0 0 0 0 0 0 0 0 0 0 0 0 0 0 0 0 0 0 0 0 0 0 0 0 0 0 0 0 0 0 0 0 0 0 0 0 0 0 0 0 18 0 0 0 0 1 0 86 2 2 9 0 0 0 0 0 0 0 0 0 0 9 0 0 0 0 0 0 0 0 0 0 0 0 24 0 0 0 0 0 0 0 0 0 0 0 0 0 0 
 124 48 141 129 161 102 114 140 171 209 275 127 30 129 292 0 132 183 33 122 1 2 2 3 3 3 2 0 3 3 3 1 74 64 1 3 7 1 139 35 0 0 0 0 2 3 0 0 2 4 3 2 2 0 0 3 3 3 3 0 0 0 0 1 0 2 0 5 0 3 1 2 2 0 0 0 0 2 3 0 0 0 12 0 12 0 0 0 0 34 29 63 0 0 0 60 16 14 0 0 11 0 0 0 0 0 0 13 1 0 0 0 0 67 0 0 0 17 0 14 0 0 1 0 0 0 0 0 0 1 0 0 2 0 0 0 0 0 0 0 2 0 0 0 0 0 0 0 0 0 0 0 0 1 0 0 0 4 0 0 0 10 30 16 0 10 0 15 18 20 14 29 0 0 0 11 17 1 2 3 0 0 0 2 0 1 1 0 0 0 1 0 0 0 0 0 0 0 37 1 0 0 0 0 0 1 0 0 0 0 0 0 0 0 0 0 0 0 0 1 0 0 0 14 0 0 0 0 7 0 0 0 0 0 0 0 0 2 0 0 0 0 0 0 0 2 88 0 86 89 0 7 0 0 0 0 0 0 0 2 0 0 0 0 0 0 0 0 0 0 2 0 0 0 0 16 25 0 0 0 0 0 0 0 0 0 0 0 0 0 
 282 146 27 36 137 59 119 173 155 133 75 242 21 134 119 132 0 136 241 113 4 0 3 0 0 4 62 0 3 0 0 0 24 82 0 0 3 0 0 27 0 0 0 0 0 2 0 0 0 2 0 0 2 0 0 1 0 0 3 0 0 0 0 0 0 34 0 2 0 2 0 0 0 5 0 0 0 0 3 0 0 0 44 0 14 16 0 12 35 75 10 51 18 0 0 49 0 25 0 13 0 16 0 0 0 0 0 0 0 0 0 0 0 0 1 0 0 5 2 1 0 0 0 0 0 0 0 0 0 0 0 0 0 0 0 0 0 0 0 0 0 0 7 0 0 0 0 0 0 0 0 0 0 0 0 0 0 0 0 0 0 11 20 34 5 16 0 39 0 14 0 0 6 11 0 19 8 20 0 0 0 0 19 0 0 0 0 13 0 57 0 0 28 0 0 0 0 7 0 4 0 0 0 0 0 0 0 0 0 0 0 0 0 0 0 0 0 0 0 0 0 21 0 0 0 0 0 0 0 0 0 0 0 0 0 0 0 0 0 0 0 23 0 0 0 1 86 0 1 134 10 15 0 0 0 0 0 0 0 15 0 0 0 0 2 0 0 0 0 0 0 0 0 0 0 1 0 22 0 0 0 0 0 0 0 0 0 0 0 0 
 37 83 310 139 87 67 147 117 56 35 239 385 201 93 40 183 136 0 43 192 2 0 2 0 2 3 84 0 3 0 0 0 0 65 85 0 3 2 1 163 1 0 0 0 0 5 0 0 2 2 2 0 63 1 3 2 0 63 3 7 0 0 0 0 0 2 2 4 0 54 0 2 0 0 4 0 0 6 3 0 2 0 0 30 17 10 0 0 23 1 12 26 0 0 1 12 0 0 0 0 18 0 0 0 0 0 1 13 0 0 0 2 18 14 14 0 0 0 0 32 0 0 0 0 0 0 0 0 0 0 0 0 0 0 0 0 0 0 0 0 0 0 0 0 0 5 0 0 0 0 0 0 0 0 0 0 0 0 0 0 0 0 18 48 33 0 11 0 20 0 2 14 8 9 0 1 11 1 0 0 0 13 23 0 0 0 14 28 0 0 0 0 0 7 1 0 0 36 17 15 0 0 0 0 0 0 0 0 0 0 0 0 0 0 0 0 0 0 0 0 0 0 0 0 0 0 0 0 0 0 0 0 0 0 0 0 0 0 0 0 0 0 0 0 0 0 48 0 0 4 4 11 10 0 0 0 0 0 0 0 0 0 0 0 0 0 0 0 0 0 0 0 0 0 0 0 0 0 0 0 0 0 0 0 0 0 0 0 0 0 
 48 292 132 86 240 78 344 94 229 118 18 58 142 344 194 33 241 43 0 224 4 5 6 1 0 5 0 2 9 2 15 1 2 2 4 2 3 2 0 4 1 0 1 0 4 2 2 0 5 5 0 0 4 3 3 1 0 0 5 0 0 1 0 3 2 0 0 2 3 3 0 6 0 3 3 0 0 3 8 2 3 2 9 0 0 0 38 30 23 0 0 0 0 1 34 0 17 19 11 26 0 0 0 0 0 0 0 0 0 0 0 0 0 0 0 0 18 0 0 0 0 0 0 0 0 0 0 0 0 0 9 0 0 0 0 0 0 0 0 0 0 0 0 0 0 7 0 1 0 0 0 0 0 0 0 0 0 1 0 0 22 0 0 0 0 0 13 0 0 0 0 0 5 10 0 1 12 2 0 0 0 0 0 0 0 0 0 0 0 0 0 0 0 0 0 0 0 0 0 0 0 0 0 0 0 0 0 0 0 0 0 6 0 0 0 0 0 0 0 0 0 0 0 0 0 37 0 0 0 0 18 0 0 0 0 0 2 0 0 0 0 0 0 0 0 0 1 0 2 0 0 7 1 0 0 0 0 0 0 2 0 0 0 0 0 0 0 0 0 0 0 0 0 0 0 0 0 5 0 0 0 0 0 0 0 0 0 0 0 0 
 237 358 226 275 287 278 378 320 181 353 248 40 429 428 119 122 113 192 224 0 1 0 3 1 0 3 0 0 5 1 0 0 0 0 1 0 3 0 0 3 0 0 0 0 0 2 0 0 2 2 0 0 2 0 6 0 0 1 3 1 0 0 0 0 0 0 0 2 0 2 0 0 0 0 31 0 0 0 3 0 10 11 26 0 0 0 7 0 11 15 15 18 11 11 15 25 0 34 0 0 0 0 0 0 0 0 0 0 10 0 0 0 0 0 0 1 0 0 0 0 0 0 11 0 0 0 0 0 0 0 0 0 0 0 0 0 0 0 0 0 0 1 0 0 0 4 0 0 0 0 0 0 0 0 0 2 0 0 0 0 11 3 0 0 0 0 12 28 18 14 33 0 18 33 0 25 74 28 4 5 0 0 0 0 0 0 0 0 0 0 0 0 2 0 0 0 0 0 0 0 0 0 0 0 0 0 0 0 0 0 11 0 0 0 0 0 0 0 1 0 0 0 0 21 0 0 0 0 0 0 0 7 1 0 0 0 0 0 0 0 0 0 0 0 1 0 2 0 0 89 0 7 0 0 0 0 0 0 0 0 0 0 0 0 0 0 0 0 0 0 0 0 0 0 0 0 2 0 0 0 0 0 0 0 0 2 0 0 0 0 
 2 3 3 0 0 73 2 1 2 5 1 1 1 2 1 1 4 2 4 1 0 107 361 67 24 102 158 48 74 104 137 45 557 115 84 117 135 48 116 42 2 0 2 3 2 0 0 3 2 0 0 0 4 0 0 2 2 0 22 3 0 0 0 0 0 0 0 0 0 0 2 0 2 2 0 2 0 0 3 0 0 0 1 3 15 13 0 0 0 0 1 0 0 0 0 0 0 0 0 0 0 0 38 0 11 9 45 28 27 18 18 0 11 10 13 16 10 3 43 9 11 0 0 0 0 0 0 1 0 0 0 0 0 0 0 0 0 0 0 0 0 1 0 0 0 0 0 0 0 0 0 0 2 0 0 0 0 0 0 0 0 0 0 0 17 0 0 0 0 16 0 0 0 10 24 0 0 0 0 0 26 6 0 0 4 0 2 9 42 9 2 0 3 0 1 0 29 36 14 7 18 0 0 1 0 0 0 0 0 0 0 10 0 0 0 0 0 5 1 0 0 0 0 0 2 0 0 2 0 0 0 0 0 0 0 0 0 0 0 0 0 6 8 0 0 0 0 0 0 2 0 2 0 0 8 0 0 0 77 0 1 1 1 0 0 0 0 0 0 0 0 0 0 0 0 0 0 0 0 0 0 0 0 0 0 0 2 0 0 1 
 1 2 0 80 1 123 0 0 0 0 0 0 0 0 2 2 0 0 5 0 107 0 194 60 26 254 141 136 310 239 172 410 205 196 261 64 206 177 185 51 2 0 2 0 2 0 0 3 2 0 0 0 3 0 0 2 0 0 2 3 0 0 0 0 7 13 0 0 0 0 3 0 2 0 0 2 14 0 3 6 0 0 0 18 31 1 0 0 1 0 10 0 0 0 0 0 0 0 0 0 19 16 56 0 38 0 16 8 1 18 25 21 0 36 11 0 67 20 14 26 0 0 0 0 0 0 0 11 0 0 0 0 0 0 0 0 0 0 1 1 0 0 0 0 0 0 0 0 0 0 0 0 0 0 0 0 0 2 0 0 2 11 0 1 77 0 0 0 0 0 9 0 0 0 0 0 0 0 0 0 40 23 65 14 7 8 19 20 9 0 10 7 13 76 18 2 27 53 16 0 0 0 0 0 0 0 0 0 0 0 0 1 0 0 0 0 10 0 0 0 0 1 0 0 0 0 0 0 0 9 0 0 0 0 0 0 1 0 3 0 0 0 0 0 0 0 0 1 0 0 0 0 0 1 6 0 3 0 0 3 2 9 0 0 0 0 21 0 0 0 0 0 0 0 0 0 0 0 0 0 0 4 0 0 0 20 0 0 0 0 
 4 3 3 2 2 79 4 2 3 3 5 2 3 2 2 2 3 2 6 3 361 194 0 140 58 94 172 512 192 143 349 209 160 116 73 152 66 143 152 56 2 0 2 0 7 0 0 3 1 0 0 0 3 0 0 2 0 0 2 3 0 0 0 0 0 0 0 0 0 0 3 0 2 0 0 2 0 0 3 0 0 0 0 0 0 0 0 0 2 0 0 0 0 14 0 0 13 0 0 0 3 10 12 1 19 8 0 0 14 16 19 0 0 12 38 0 38 29 0 10 0 0 0 0 0 0 15 0 0 14 0 0 0 6 13 8 0 0 0 64 0 0 0 0 0 0 0 0 2 0 0 0 12 0 12 0 2 1 0 0 0 0 0 2 1 0 0 0 0 0 0 0 0 0 0 0 0 0 0 0 10 17 27 54 0 37 1 1 0 30 36 20 15 22 27 29 30 0 0 0 13 0 0 0 0 0 0 0 0 0 0 0 0 0 1 41 0 0 13 0 0 2 0 0 0 0 0 0 0 0 0 11 0 0 0 0 2 0 0 0 0 0 0 0 0 0 0 0 0 0 0 0 0 0 0 0 0 10 0 0 2 0 0 0 0 0 0 0 0 0 0 0 0 0 0 0 0 0 0 0 0 16 0 0 0 0 12 0 0 0 
 0 0 2 0 0 0 0 0 2 76 0 0 1 0 0 3 0 0 1 1 67 60 140 0 88 70 364 165 100 163 144 112 153 139 340 198 44 166 293 117 2 0 19 0 2 0 21 3 0 0 13 0 65 21 11 22 1 0 2 24 3 0 0 0 1 0 0 26 6 0 3 0 17 0 0 2 0 0 3 0 0 0 0 0 8 0 0 0 0 0 0 0 0 0 0 0 0 0 0 0 0 12 13 29 0 2 13 0 8 13 28 0 0 11 0 0 0 34 0 0 1 36 0 0 1 0 13 15 12 2 0 0 0 0 8 0 0 0 51 0 0 0 0 0 16 0 0 0 0 0 0 0 37 0 0 0 0 0 0 0 1 0 0 0 0 0 0 0 0 0 0 0 2 0 1 2 0 0 0 4 8 0 1 22 20 17 2 0 0 7 0 6 0 0 13 8 19 0 0 0 0 0 0 12 0 0 12 13 28 0 15 1 0 0 11 0 0 10 0 0 0 0 0 0 0 0 0 0 0 0 0 0 0 0 0 0 0 0 0 0 0 0 0 0 0 0 0 0 0 0 0 0 0 0 8 0 2 1 1 1 0 0 0 0 1 0 54 0 0 0 0 0 0 0 0 0 0 0 0 0 0 0 0 0 0 0 0 0 0 0 
 0 43 0 0 0 0 3 2 2 0 0 0 1 0 0 3 0 2 0 0 24 26 58 88 0 128 54 224 360 388 270 54 82 70 115 327 54 267 85 356 7 0 3 0 2 2 66 3 3 0 0 61 60 25 0 2 64 0 2 4 0 0 0 0 0 0 0 0 0 0 1 0 2 0 0 2 0 0 3 0 0 0 1 0 0 0 0 0 0 0 0 1 0 0 0 0 0 0 0 0 0 35 0 52 3 1 12 0 0 19 14 30 0 0 24 8 19 24 0 12 12 1 3 0 0 0 0 11 22 0 0 2 15 0 0 15 1 15 14 21 0 0 0 2 0 0 0 10 0 0 19 0 1 0 27 0 0 6 0 0 0 0 0 0 0 0 0 0 0 0 0 0 0 1 1 0 0 0 0 0 16 3 22 0 18 64 13 9 20 35 22 59 0 0 0 10 0 0 0 0 1 0 0 0 9 0 0 17 0 0 0 2 73 20 0 0 0 0 12 0 0 0 0 0 2 0 0 2 0 0 0 0 0 0 0 0 0 0 0 0 0 0 2 0 0 0 0 0 0 0 0 1 0 0 8 1 1 81 76 0 5 5 0 0 0 0 0 0 0 0 0 0 0 0 0 0 0 0 0 0 0 5 0 0 0 0 0 0 0 0 
 4 3 5 3 3 3 3 3 3 3 3 3 3 3 4 3 4 3 5 3 102 254 94 70 128 0 39 30 152 121 298 57 36 129 39 289 64 280 45 40 65 0 2 0 2 0 0 3 1 5 0 0 211 41 2 2 2 64 64 20 0 0 0 0 0 2 0 0 0 0 3 30 2 0 0 2 0 1 4 3 0 0 0 0 0 0 0 0 0 0 0 0 0 0 0 0 0 0 0 0 23 16 0 35 23 10 0 8 0 0 17 22 0 0 0 6 17 0 0 0 8 23 16 7 0 0 15 14 22 0 12 16 7 19 14 0 10 0 32 6 0 0 0 0 0 0 0 0 0 0 0 0 0 4 0 0 0 0 0 0 0 0 0 0 0 0 0 0 0 17 0 0 0 0 3 0 0 0 0 0 0 10 1 0 20 10 0 0 12 29 14 20 0 0 0 1 13 0 0 0 14 0 0 16 0 0 0 9 11 0 0 12 2 5 0 1 0 12 0 0 0 0 0 0 0 0 0 0 10 0 0 0 0 0 0 0 0 0 7 0 0 0 0 0 0 0 0 0 0 0 0 0 0 0 14 0 2 75 4 1 22 0 0 0 0 0 2 0 0 0 0 0 0 0 0 0 0 0 0 0 0 0 0 0 0 0 17 0 0 0 
 2 3 1 3 0 151 74 1 1 0 35 60 0 0 65 2 62 84 0 0 158 141 172 364 54 39 0 115 97 59 471 127 307 100 75 123 301 40 346 187 2 0 2 0 4 0 0 4 4 2 0 2 68 0 0 2 3 0 5 3 1 0 0 1 3 0 0 0 0 0 0 2 2 0 11 2 0 0 3 2 0 1 12 0 1 26 0 0 0 12 0 0 0 0 0 0 0 0 0 0 0 21 27 19 13 0 10 0 1 7 18 40 29 10 10 44 11 13 29 7 0 0 0 0 0 0 0 0 0 0 0 0 0 0 0 0 0 0 32 0 0 0 0 0 0 0 0 0 2 0 0 0 6 0 0 0 6 0 0 0 1 0 0 9 43 0 0 0 14 0 22 12 16 0 0 0 0 1 0 0 2 0 26 18 0 0 19 19 4 0 14 18 7 26 28 52 0 22 0 32 0 0 0 0 0 0 1 0 0 0 0 0 13 0 0 0 0 0 0 18 0 0 0 0 0 0 0 0 0 0 0 0 0 0 0 0 0 2 0 0 0 0 1 0 0 0 0 0 1 74 0 0 20 0 12 1 1 0 0 2 0 0 0 0 0 1 0 0 0 0 0 0 0 1 0 0 0 0 0 1 0 0 0 0 0 0 0 0 0 0 
 0 2 0 0 78 99 0 1 0 0 3 0 0 0 0 0 0 0 2 0 48 136 512 165 224 30 115 0 77 250 252 319 93 571 222 73 38 328 62 54 4 0 2 61 2 0 0 3 1 0 0 0 66 0 3 2 1 0 2 3 3 0 0 0 0 0 0 0 4 0 2 0 8 0 1 2 0 0 3 0 0 0 0 0 9 0 0 0 0 0 0 0 0 0 0 0 0 0 2 0 13 5 15 26 53 0 23 0 33 34 0 0 0 0 13 0 8 38 17 12 0 0 0 0 0 0 1 10 0 0 0 0 0 19 0 0 0 0 0 18 0 0 0 0 0 0 0 4 0 0 0 0 0 0 0 0 0 4 0 4 0 0 0 1 8 0 0 0 0 0 2 1 0 0 0 0 1 0 0 1 26 37 20 24 0 0 8 9 0 22 16 1 1 33 9 3 0 10 0 7 0 0 0 0 0 0 9 0 0 0 0 0 34 0 0 0 0 0 0 0 0 0 0 0 0 0 0 0 0 0 0 0 0 0 0 0 0 0 0 0 0 0 8 0 0 0 0 0 0 0 0 0 0 0 5 2 2 117 0 1 4 0 0 0 0 0 0 0 0 0 0 0 0 0 0 0 0 0 0 0 0 0 0 0 0 0 0 0 0 0 
 3 3 3 3 3 5 4 4 78 3 4 3 3 5 3 3 3 3 9 5 74 310 192 100 360 152 97 77 0 301 241 134 166 190 101 172 124 210 108 72 7 0 2 0 5 0 0 3 3 3 61 6 131 0 0 2 0 0 2 3 1 0 0 0 10 8 0 0 0 0 3 2 2 0 0 2 17 0 3 9 0 0 0 0 0 0 0 0 0 0 0 0 0 0 0 0 0 0 0 0 0 21 0 0 25 13 0 14 0 13 1 52 1 10 0 19 30 0 0 0 48 0 0 0 0 0 7 35 0 0 0 0 0 20 0 21 0 0 2 7 0 0 0 0 0 0 6 0 0 0 2 0 0 0 0 0 0 2 0 0 0 0 0 0 0 0 0 0 0 1 0 0 0 0 2 0 0 0 0 0 1 16 1 15 1 21 1 2 35 39 2 25 0 0 0 0 0 0 0 0 7 0 1 1 0 0 30 0 0 0 0 23 36 10 0 0 0 0 14 0 0 0 0 0 0 0 0 0 1 0 0 0 0 0 0 0 0 0 0 0 0 0 0 0 0 0 0 0 0 0 0 0 0 0 17 0 1 77 102 0 14 12 0 0 0 0 22 0 0 0 0 0 0 0 0 0 0 0 0 0 0 11 0 0 0 0 0 0 0 0 
 0 2 0 0 0 1 0 2 3 79 0 0 0 0 0 3 0 0 2 1 104 239 143 163 388 121 59 250 301 0 205 349 135 66 147 402 122 264 86 282 4 0 2 0 15 0 0 3 0 0 0 0 91 0 0 2 0 0 2 3 0 0 0 0 20 4 0 0 0 0 2 0 2 0 57 2 3 0 3 8 0 0 0 0 0 0 0 0 0 0 0 0 0 0 0 0 0 0 0 0 8 13 0 19 30 3 0 13 0 7 0 21 0 6 40 13 43 10 5 25 11 13 0 0 0 0 8 12 0 0 0 0 1 18 9 0 0 0 12 10 0 0 0 11 0 0 0 0 0 0 6 0 0 0 12 0 0 1 0 0 1 0 0 0 0 2 0 0 0 0 0 0 0 0 0 0 0 13 0 0 8 10 26 37 18 31 0 0 43 30 14 32 0 11 0 0 0 0 0 0 17 0 7 0 0 0 13 0 0 0 0 0 10 0 10 10 0 0 10 19 0 0 0 0 0 0 0 2 0 0 0 0 0 0 0 0 0 0 8 0 0 0 0 0 0 0 0 0 0 0 0 0 0 0 18 3 2 76 1 4 2 17 0 0 0 0 0 0 0 0 0 0 0 9 0 0 0 0 0 0 0 9 0 0 0 0 0 0 0 1 
 0 2 0 0 0 2 0 0 2 0 0 0 0 2 0 3 0 0 15 0 137 172 349 144 270 298 471 252 241 205 0 450 124 29 133 267 222 42 125 64 52 3 2 0 12 0 0 3 7 3 0 2 5 0 0 2 0 0 19 3 1 0 0 0 3 0 0 0 0 0 1 2 2 0 0 2 0 0 3 2 0 0 0 0 17 4 0 0 0 0 0 0 0 0 0 0 0 0 0 0 1 0 28 24 7 8 9 0 0 42 14 29 9 58 2 20 13 8 23 10 7 22 0 0 0 0 11 17 0 14 0 0 0 1 11 1 0 11 1 1 0 0 0 0 0 0 0 0 0 0 0 0 8 0 1 0 6 0 0 0 0 0 0 0 0 0 0 0 0 0 0 0 0 0 0 0 2 0 0 2 16 12 23 24 41 22 26 0 10 2 53 0 1 53 35 9 14 0 0 15 13 0 0 0 0 0 0 0 14 0 0 0 33 0 55 1 8 0 13 8 0 0 0 0 0 0 0 0 0 0 0 0 0 0 0 18 0 0 0 0 0 0 0 0 0 0 0 1 0 0 0 0 0 0 11 1 5 65 1 0 0 0 0 0 0 0 0 0 0 0 0 0 0 0 0 0 0 0 0 16 0 8 0 0 0 0 0 0 0 0 
 0 1 3 0 0 0 0 34 7 3 0 0 0 0 0 1 0 0 1 0 45 410 209 112 54 57 127 319 134 349 450 0 55 48 115 57 591 406 147 124 80 0 2 0 9 0 0 3 63 0 0 6 128 0 0 2 1 0 66 4 0 0 0 0 0 0 4 0 0 0 2 0 2 0 0 2 0 0 3 0 0 0 0 0 0 0 0 0 0 0 0 0 0 0 0 0 0 0 0 0 0 0 39 0 11 17 8 0 2 29 36 0 0 13 0 0 17 0 0 4 0 37 0 0 2 0 16 0 0 32 7 0 7 10 23 0 0 11 2 23 0 0 0 0 0 2 0 13 0 0 12 0 0 0 2 0 0 8 13 0 0 0 0 0 1 0 0 0 0 0 0 0 0 0 0 1 0 0 0 0 10 8 29 14 9 29 13 20 10 32 54 78 0 4 15 14 48 8 0 0 11 0 10 0 0 0 0 1 0 0 0 0 19 1 20 15 12 0 30 15 0 0 0 0 0 0 0 0 0 0 0 0 0 0 0 0 0 0 0 0 0 0 1 0 0 0 0 0 0 0 0 0 0 0 11 1 4 150 2 1 3 4 0 0 0 0 0 0 0 0 0 0 0 0 0 0 0 0 0 0 0 9 0 0 0 0 0 0 0 0 
 0 1 0 1 36 0 0 3 0 1 0 44 0 2 74 74 24 0 2 0 557 205 160 153 82 36 307 93 166 135 124 55 0 154 428 281 116 42 105 62 2 0 2 0 9 0 0 3 1 0 0 5 3 0 73 2 0 0 3 3 0 0 0 0 4 4 3 0 1 0 0 0 4 1 0 2 7 0 3 0 0 0 54 0 0 19 0 0 0 18 19 0 0 0 0 15 18 0 0 0 10 17 62 0 7 0 0 19 6 37 1 1 24 22 1 42 11 0 10 15 0 0 0 0 0 0 0 0 0 0 0 0 0 0 0 19 0 0 14 0 0 0 1 0 0 0 0 0 0 0 0 0 0 0 1 0 0 0 0 0 0 0 14 0 6 0 0 0 18 0 9 16 13 0 0 0 2 0 0 0 33 10 12 2 0 24 0 0 8 0 16 0 10 4 13 12 15 0 19 30 0 0 0 0 0 0 0 0 15 0 0 0 0 0 0 0 0 0 0 0 0 0 0 0 0 0 0 0 0 0 0 0 0 14 0 0 0 0 0 0 0 0 0 0 0 0 1 0 0 74 0 0 0 0 23 0 0 0 0 0 0 0 0 0 0 0 12 0 0 0 0 0 0 0 0 24 0 0 0 11 0 13 0 0 0 0 0 0 0 0 
 2 0 0 77 91 74 0 0 40 2 2 61 0 0 0 64 82 65 2 0 115 196 116 139 70 129 100 571 190 66 29 48 154 0 369 35 38 66 315 69 2 0 2 3 2 0 0 3 2 2 3 0 3 0 0 2 62 0 2 3 0 0 0 0 4 12 0 0 2 0 2 0 2 0 2 2 17 0 3 3 0 0 0 16 15 0 7 0 13 0 10 9 0 0 0 0 0 0 0 0 29 29 0 0 6 0 8 19 27 0 0 11 31 0 7 25 10 1 11 20 0 0 0 0 0 0 0 0 0 0 0 0 0 0 0 0 0 0 11 0 0 0 0 0 0 0 0 4 2 0 0 0 0 0 0 0 0 2 0 0 0 0 0 15 11 0 0 0 0 0 11 0 3 0 0 0 0 0 0 0 4 0 24 33 0 0 12 26 8 18 10 0 2 24 0 16 0 24 17 10 0 0 0 0 0 0 0 0 0 0 0 0 1 0 0 0 0 0 0 0 0 2 0 0 0 0 0 0 0 0 0 0 0 0 0 0 2 0 0 0 0 0 7 0 0 0 0 0 0 0 12 0 0 0 9 0 2 104 0 2 2 0 0 0 0 0 0 0 0 0 0 0 0 0 0 0 0 0 0 0 0 0 0 0 0 0 0 0 0 0 
 0 6 0 209 74 241 0 0 0 0 6 74 0 0 0 1 0 85 4 1 84 261 73 340 115 39 75 222 101 147 133 115 428 369 0 267 397 116 165 145 2 0 2 0 5 0 0 3 4 3 62 3 5 0 0 2 0 0 2 5 6 0 0 0 3 0 0 0 53 5 1 2 8 0 0 2 0 0 3 4 0 0 0 22 17 0 0 0 0 0 3 14 0 0 1 0 0 0 0 0 20 0 54 0 15 0 31 0 20 18 64 3 0 35 12 0 13 25 42 42 0 0 0 0 0 0 0 0 0 0 0 0 0 0 0 0 0 0 0 0 2 0 2 0 0 0 0 0 0 0 0 0 0 2 0 0 0 0 0 0 0 0 0 0 32 0 9 0 1 0 0 0 0 0 0 0 0 0 0 0 16 48 36 24 4 1 1 3 0 17 11 0 7 37 74 14 32 30 6 0 0 0 0 0 0 0 0 0 0 0 0 0 0 0 0 0 0 0 0 0 0 0 29 0 0 0 0 0 0 0 0 0 0 0 0 0 0 2 0 0 0 0 7 0 0 0 1 0 0 0 9 0 0 0 13 0 0 0 0 2 2 0 2 0 0 0 14 0 0 0 0 0 0 0 0 0 0 1 0 0 0 0 0 0 0 21 0 0 0 0 
 0 2 5 0 98 0 1 2 0 0 0 0 0 0 0 3 0 0 2 0 117 64 152 198 327 289 123 73 172 402 267 57 281 35 267 0 69 124 173 57 2 4 5 0 8 0 0 3 7 3 0 0 7 0 0 4 3 0 4 3 7 0 1 0 12 2 0 0 74 3 4 6 13 0 1 5 1 2 3 7 0 0 0 0 17 6 0 0 0 0 1 0 0 0 0 0 0 0 0 0 0 9 16 82 1 6 39 0 7 41 18 58 11 11 0 20 0 24 17 0 0 12 1 0 0 0 0 24 0 0 2 0 0 12 0 5 0 0 0 0 0 0 0 0 2 0 0 0 0 0 0 0 10 0 0 0 8 0 0 0 0 0 0 0 0 0 0 0 0 0 0 0 0 0 0 0 0 0 0 0 18 8 9 10 0 0 52 0 17 19 0 1 26 26 18 20 27 0 0 22 0 0 0 0 0 0 26 0 0 0 0 0 24 0 0 10 0 0 0 0 0 0 0 0 0 0 0 0 0 0 0 0 0 0 0 0 0 0 0 0 0 0 0 0 0 0 0 0 1 0 0 0 0 2 17 0 3 0 77 0 2 0 0 0 0 0 1 0 0 0 0 0 0 0 0 0 0 0 0 9 0 0 0 0 0 0 0 0 0 0 
 3 3 3 3 3 78 3 4 4 3 3 3 3 6 3 7 3 3 3 3 135 206 66 44 54 64 301 38 124 122 222 591 116 38 397 69 0 155 258 42 68 0 2 0 2 0 0 3 0 0 0 0 28 0 0 2 0 0 2 3 0 0 0 0 0 0 0 0 0 0 3 0 2 0 0 3 0 0 3 0 0 0 0 0 12 0 0 0 0 0 0 0 0 0 0 0 2 0 0 0 6 0 35 21 20 37 15 1 0 8 39 22 0 19 0 29 26 1 0 8 1 19 0 5 1 0 6 0 0 28 0 0 0 0 10 1 0 1 1 7 0 0 0 0 0 1 0 0 13 0 0 0 0 0 0 0 5 0 0 0 0 1 0 0 20 0 0 0 0 0 0 0 0 0 1 2 0 0 0 0 4 0 15 27 59 20 32 12 0 10 20 35 10 29 13 4 44 35 0 1 11 0 28 0 0 0 0 0 0 0 0 0 0 0 0 9 0 0 11 0 0 0 0 0 0 12 0 0 0 0 0 0 0 8 0 0 0 0 0 0 0 0 0 0 0 0 0 0 0 0 0 0 0 0 14 10 1 1 0 0 3 0 0 0 0 0 0 0 0 0 0 0 0 0 0 0 0 0 0 0 0 0 0 0 0 0 10 0 0 0 
 0 3 0 0 0 0 0 204 2 0 84 0 0 0 0 1 0 2 2 0 48 177 143 166 267 280 40 328 210 264 42 406 42 66 116 124 155 0 44 126 2 3 2 0 5 0 0 3 5 8 3 3 5 0 0 2 2 0 3 3 1 0 0 4 5 82 3 6 0 0 6 2 52 0 0 2 9 0 3 5 0 0 0 0 0 0 0 0 0 0 0 0 0 0 2 0 0 0 0 0 8 39 21 59 21 0 20 9 0 0 88 28 45 18 11 12 40 33 0 0 11 8 0 0 0 0 12 8 0 0 0 0 0 7 0 12 0 0 29 11 0 0 0 0 0 0 0 0 0 0 5 0 0 1 0 0 0 0 0 0 0 0 0 1 1 0 0 0 2 9 0 0 0 0 0 0 0 0 0 0 0 0 0 0 1 12 16 16 20 38 14 38 1 14 18 10 31 8 0 0 16 0 0 1 0 0 13 0 32 0 0 0 23 0 10 32 0 0 10 20 0 0 0 0 0 0 0 0 0 0 0 0 0 0 0 0 0 0 0 2 0 0 0 0 19 1 0 0 0 0 0 0 0 0 17 0 1 0 6 2 1 23 0 0 0 0 0 0 0 0 0 0 0 0 0 0 1 2 0 0 0 3 0 0 0 0 0 0 0 0 
 0 0 40 1 79 24 0 2 73 1 76 74 63 0 1 139 0 1 0 0 116 185 152 293 85 45 346 62 108 86 125 147 105 315 165 173 258 44 0 162 2 7 2 2 2 1 0 3 1 3 0 0 3 0 0 2 0 0 2 3 2 2 0 0 0 0 0 0 3 0 46 0 2 1 7 2 3 0 3 0 0 18 34 0 23 8 0 0 0 0 2 0 0 0 0 0 0 0 0 0 0 3 57 30 10 0 18 0 1 13 81 7 39 38 0 21 0 27 7 0 0 0 0 0 0 0 0 0 0 0 2 0 18 0 0 0 0 0 1 0 0 0 0 0 2 0 0 0 0 2 0 0 5 0 0 0 3 0 0 0 0 12 0 9 0 4 0 2 24 12 18 1 0 0 0 0 0 0 0 0 6 9 23 0 0 0 39 17 10 0 3 11 0 30 26 12 29 32 0 25 0 0 0 0 0 0 0 0 0 0 0 0 0 0 12 0 0 0 0 0 0 0 0 0 0 0 0 0 0 0 0 0 0 0 0 0 0 0 0 0 0 0 0 0 0 1 0 0 0 0 0 0 0 2 8 0 0 0 0 2 4 0 0 0 0 0 0 0 0 0 0 0 0 0 0 0 0 0 0 11 0 0 0 0 0 0 0 0 0 0 
 1 5 49 33 1 1 2 18 4 2 107 52 4 2 2 35 27 163 4 3 42 51 56 117 356 40 187 54 72 282 64 124 62 69 145 57 42 126 162 0 2 0 2 0 2 1 0 3 3 1 1 1 3 0 3 3 0 0 2 3 0 0 0 0 0 0 0 0 4 0 2 1 2 4 0 8 0 52 5 2 0 0 18 1 3 16 0 0 0 18 0 0 0 0 0 0 16 0 0 0 0 14 0 24 0 0 10 0 0 0 11 12 30 26 31 0 1 10 4 0 0 0 0 0 1 0 2 0 0 2 0 0 0 0 0 1 0 0 12 0 0 0 0 0 0 1 0 0 0 0 0 0 0 0 1 0 0 0 0 0 0 1 14 12 29 0 0 0 39 8 0 14 5 0 0 2 0 0 0 0 1 0 0 0 0 0 0 22 12 2 16 0 8 0 19 7 0 1 35 18 0 0 0 0 0 0 0 0 0 0 0 0 2 0 0 0 0 0 0 0 0 0 0 0 0 0 0 0 0 0 0 0 0 0 0 0 0 0 0 0 0 0 0 0 0 0 77 0 0 78 0 0 18 0 4 0 2 1 1 1 0 0 0 0 0 0 0 0 0 0 0 0 0 0 0 11 1 0 0 15 0 0 0 0 0 0 0 0 0 0 
 0 0 0 0 0 0 0 0 0 0 15 0 0 0 0 0 0 1 1 0 2 2 2 2 7 65 2 4 7 4 52 80 2 2 2 2 68 2 2 2 0 104 80 118 69 106 115 80 32 47 31 288 134 173 135 41 31 64 65 186 0 0 0 0 2 0 0 2 0 1 24 0 0 4 0 0 0 1 0 0 0 0 0 0 0 0 0 0 0 0 0 0 0 0 0 0 0 0 0 0 0 12 0 0 1 18 0 0 0 0 1 7 0 0 27 48 0 5 0 0 6 27 23 1 1 0 12 52 0 25 31 1 47 7 18 0 23 32 23 5 0 0 0 0 0 0 10 0 0 0 0 0 0 0 4 6 0 0 13 0 0 0 0 0 0 0 0 0 0 0 0 0 15 0 0 0 0 0 0 0 0 0 0 6 28 3 0 0 5 3 18 15 0 0 0 0 0 0 0 0 13 1 18 0 0 13 1 55 11 0 0 0 1 0 20 0 2 0 33 13 0 0 0 0 0 0 0 0 11 0 0 0 0 0 0 0 0 0 36 1 0 0 0 0 0 0 0 0 0 31 0 6 0 1 0 0 0 30 5 10 0 0 2 0 2 0 2 0 0 0 0 0 0 0 0 0 19 0 0 0 0 0 0 0 7 0 1 0 0 0 
 0 0 8 0 0 0 0 0 0 0 0 63 0 0 0 0 0 0 0 0 0 0 0 0 0 0 0 0 0 0 3 0 0 0 0 4 0 3 7 0 104 0 305 64 36 36 159 119 172 112 107 43 39 41 133 115 47 94 252 26 0 0 0 0 0 0 0 3 0 4 0 0 0 14 0 5 0 0 2 0 0 0 0 0 0 0 0 0 0 0 0 0 0 0 0 0 0 0 0 0 0 0 0 0 0 0 0 0 0 0 0 0 0 0 0 0 0 0 0 0 0 0 0 0 19 20 0 10 40 0 8 7 0 8 0 12 12 25 0 0 0 0 0 0 8 0 6 0 0 0 0 0 4 0 15 0 0 0 16 0 0 0 0 0 0 0 0 14 0 0 0 0 0 0 0 1 0 0 0 0 0 0 0 0 0 9 0 0 0 0 0 0 0 0 0 0 0 0 0 0 0 0 0 21 5 0 0 9 13 4 28 8 0 0 0 0 47 16 0 0 8 16 0 0 0 0 0 0 0 0 9 27 8 0 21 24 0 0 13 62 0 1 0 0 0 1 0 0 0 0 0 13 1 0 0 0 0 1 0 9 0 0 66 34 0 11 1 68 0 0 15 0 0 0 0 0 0 0 0 0 0 0 0 0 0 23 0 8 0 0 
 0 0 0 0 0 0 53 0 0 0 0 0 0 0 0 0 0 0 1 0 2 2 2 19 3 2 2 2 2 2 2 2 2 2 2 5 2 2 2 2 80 305 0 166 88 320 60 434 153 68 183 109 268 49 214 286 43 76 263 458 0 0 27 0 0 0 0 10 0 4 0 0 0 0 0 13 0 0 0 0 0 0 0 0 0 0 0 0 0 0 0 0 0 0 0 0 0 0 0 0 0 0 0 0 0 0 0 0 0 0 0 0 0 0 0 0 0 0 0 0 1 0 0 0 22 11 0 2 13 14 11 6 0 0 0 22 19 0 0 0 24 0 0 0 0 0 6 0 0 0 0 15 8 0 25 0 0 0 6 0 0 0 0 2 0 0 14 0 0 0 0 0 0 0 0 3 0 0 0 0 0 0 0 0 0 4 0 0 0 24 0 0 0 0 0 0 0 0 0 0 0 17 9 24 33 32 0 3 8 30 22 10 0 0 0 5 44 30 0 4 24 23 0 0 0 0 0 0 0 0 0 0 37 0 20 16 0 0 9 32 1 0 0 0 0 0 0 0 0 0 0 3 0 2 0 0 0 0 0 0 0 0 64 4 0 19 2 33 0 0 12 0 0 0 0 0 0 0 0 0 0 0 0 0 0 22 0 16 0 0 
 0 0 3 0 0 0 0 0 5 3 0 0 0 0 0 0 0 0 0 0 3 0 0 0 0 0 0 61 0 0 0 0 0 3 0 0 0 0 2 0 118 64 166 0 157 150 138 136 209 296 123 204 131 124 163 333 216 100 63 123 46 0 0 0 0 0 5 0 0 0 0 0 51 0 0 0 0 0 0 51 0 0 0 0 0 0 0 0 0 0 0 0 0 0 0 0 0 0 0 0 0 0 0 0 0 0 0 0 0 0 0 0 0 0 0 0 0 0 0 0 0 0 12 2 15 31 0 0 10 8 19 19 0 19 0 27 5 11 0 1 25 0 0 20 0 12 6 0 0 0 0 6 1 17 0 0 0 0 30 14 0 0 0 0 0 0 0 0 0 0 0 0 0 0 0 2 0 0 0 0 0 0 0 0 0 0 0 0 0 0 0 0 0 0 0 0 0 0 0 13 0 2 8 9 10 31 21 12 23 42 14 30 0 0 0 1 1 44 0 0 0 14 0 0 0 0 23 0 0 0 0 0 20 0 0 9 2 8 6 10 0 0 3 0 0 0 0 0 0 0 0 8 0 0 0 0 0 0 0 23 0 0 5 2 2 12 4 0 0 0 0 0 0 0 0 0 0 0 0 0 0 0 0 0 1 12 0 0 0 0 
 0 0 0 0 0 0 54 0 67 0 3 0 1 0 0 2 0 0 4 0 2 2 7 2 2 2 4 2 5 15 12 9 9 2 5 8 2 5 2 2 69 36 88 157 0 149 58 42 63 100 358 180 113 74 68 145 110 259 267 285 0 1 0 0 0 0 0 55 0 2 0 0 51 0 0 0 1 52 4 31 0 0 0 0 0 0 0 0 0 0 0 0 0 0 0 0 0 0 0 0 0 3 0 0 11 0 0 0 0 10 0 0 0 0 30 0 10 6 0 53 0 0 0 27 12 16 0 0 0 20 31 0 0 0 0 23 0 0 0 6 32 11 8 0 0 0 0 16 8 28 0 10 8 1 20 0 52 11 0 0 0 0 11 0 0 7 0 0 0 0 0 0 0 0 0 0 0 0 0 0 8 10 10 16 0 6 0 0 0 0 8 0 0 14 0 0 0 0 0 0 0 3 0 0 14 19 0 0 22 36 0 29 0 0 0 0 0 8 0 0 20 24 14 0 0 0 22 1 0 0 0 13 3 16 0 0 12 0 19 21 0 0 0 0 0 0 0 0 0 0 0 9 78 0 0 0 0 0 0 1 0 21 64 4 3 3 11 1 0 0 69 0 0 0 0 0 0 0 0 0 0 10 0 0 0 0 0 0 0 0 
 2 5 10 2 2 2 2 2 2 2 2 2 2 4 2 3 2 5 2 2 0 0 0 0 2 0 0 0 0 0 0 0 0 0 0 0 0 0 1 1 106 36 320 150 149 0 154 106 134 109 137 364 237 65 138 293 211 61 311 36 1 1 13 0 2 3 15 3 0 0 7 0 51 0 1 0 1 1 0 0 0 0 0 0 0 0 0 0 0 0 0 0 0 0 0 0 0 0 0 0 0 0 0 0 0 0 0 4 0 0 0 0 0 0 0 0 0 0 0 0 14 0 4 19 30 7 0 0 13 10 0 0 0 0 0 21 0 21 0 0 14 18 1 2 0 26 8 5 0 1 0 6 0 37 0 9 2 15 0 39 0 0 0 0 0 0 0 0 0 0 0 0 0 0 0 2 0 0 0 0 0 0 0 0 0 0 21 0 0 0 0 1 0 0 0 0 6 0 0 0 0 1 0 11 17 18 0 15 3 7 15 13 0 0 0 0 0 0 0 0 0 19 0 0 0 2 0 0 12 1 0 0 36 0 3 22 0 0 0 13 0 0 0 0 0 0 0 0 0 0 0 11 0 0 0 0 0 0 0 15 0 0 3 0 0 22 8 0 1 0 0 0 0 0 0 1 0 0 0 0 0 0 0 0 0 0 0 0 11 0 
 0 0 0 0 0 0 0 0 0 0 0 0 0 0 0 0 0 0 2 0 0 0 0 21 66 0 0 0 0 0 0 0 0 0 0 0 0 0 0 0 115 159 60 138 58 154 0 154 159 36 114 45 83 325 108 89 114 104 59 203 0 0 0 4 0 0 0 0 0 2 0 0 0 0 0 0 0 2 0 0 0 0 0 0 0 0 0 0 0 0 0 0 0 0 0 0 0 0 0 14 0 0 0 11 0 8 0 0 0 0 0 0 0 0 0 0 0 0 0 0 0 0 34 0 1 0 0 25 53 0 0 28 12 8 11 33 1 27 1 0 0 0 0 0 5 0 15 0 0 0 0 4 0 0 0 3 0 0 24 0 0 0 0 0 0 0 0 0 0 0 0 0 0 0 0 2 0 0 0 0 0 0 0 0 0 0 0 0 0 0 0 0 0 0 0 0 0 0 0 0 0 7 9 2 1 23 4 80 63 3 12 0 15 22 4 0 10 0 0 0 0 0 0 2 0 0 0 1 0 7 0 12 2 0 0 0 0 0 10 20 0 0 9 0 0 0 0 0 0 0 0 5 0 0 0 0 0 0 0 63 0 0 4 1 65 0 2 0 0 0 0 0 0 0 0 0 0 0 0 0 0 0 0 0 24 0 0 0 0 0 
 2 0 0 0 0 0 0 0 0 0 0 0 0 2 0 0 0 0 0 0 3 3 3 3 3 3 4 3 3 3 3 3 3 3 3 3 3 3 3 3 80 119 434 136 42 106 154 0 177 136 233 483 149 126 109 303 73 34 66 174 0 0 0 0 0 0 0 0 0 0 0 0 0 0 0 0 0 0 0 0 0 0 0 9 0 0 0 0 0 0 0 0 0 0 0 0 0 0 5 0 0 0 0 0 0 0 0 0 0 0 0 0 0 0 0 0 0 0 0 0 0 0 22 0 1 12 0 45 3 0 31 27 0 28 0 0 30 39 0 0 26 0 0 0 0 13 15 0 0 0 0 0 0 0 0 6 0 0 51 0 0 0 0 0 0 0 0 0 0 0 0 0 0 0 0 3 0 0 0 0 0 0 0 0 0 0 0 0 0 0 0 0 0 0 0 0 0 0 0 0 0 0 12 11 6 4 39 42 63 29 32 0 0 0 0 0 26 20 0 0 10 0 0 0 0 0 43 0 0 0 0 0 3 0 0 0 0 0 9 32 0 0 6 0 0 0 0 0 0 0 0 18 0 1 0 0 0 0 1 29 0 0 3 1 0 0 0 0 0 0 0 0 0 0 0 0 0 0 0 0 0 0 0 0 11 0 0 17 0 0 
 0 2 2 0 2 2 2 2 2 2 3 2 2 4 2 2 0 2 5 2 2 2 1 0 3 1 4 1 3 0 7 63 1 2 4 7 0 5 1 3 32 172 153 209 63 134 159 177 0 155 32 250 388 142 194 99 317 52 81 80 1 0 0 4 0 0 1 0 0 0 0 0 0 3 0 3 53 0 0 6 0 8 0 0 0 0 0 0 0 0 0 0 0 0 0 0 0 0 0 0 0 0 0 0 0 0 0 0 0 0 0 13 0 0 0 0 0 0 0 0 0 0 39 0 54 0 0 15 23 0 0 5 1 9 0 22 10 20 0 0 1 0 0 0 2 0 21 0 9 0 0 9 0 4 0 13 0 0 15 0 0 0 0 0 0 0 0 0 0 1 0 0 0 0 0 6 0 0 0 0 0 0 0 0 0 0 21 0 2 0 0 0 0 0 0 0 0 0 0 0 0 0 18 9 7 0 12 12 10 22 7 0 1 11 0 0 22 1 0 0 4 0 3 0 0 0 0 6 0 0 2 0 16 3 0 3 2 1 0 22 0 0 7 0 0 0 0 0 0 0 0 7 0 1 0 0 0 1 1 0 0 0 5 63 0 20 0 0 0 0 3 0 0 0 0 0 0 0 0 0 0 4 0 0 53 0 0 0 0 0 
 2 6 4 2 2 2 2 2 7 4 5 2 2 2 2 4 2 2 5 2 0 0 0 0 0 5 2 0 3 0 3 0 0 2 3 3 0 8 3 1 47 112 68 296 100 109 36 136 155 0 186 361 505 67 138 145 58 132 186 213 0 0 47 0 0 0 0 0 0 0 0 0 19 0 0 0 0 0 51 51 0 0 0 0 0 0 0 0 0 0 0 0 0 0 0 0 0 0 0 0 0 0 0 0 4 3 0 0 0 0 0 0 0 0 0 0 0 0 0 0 16 10 0 26 0 20 14 0 7 10 41 25 10 31 0 0 34 49 2 7 62 0 0 0 0 0 0 0 0 0 0 0 0 0 0 0 0 0 42 0 0 0 0 0 0 0 0 0 0 0 0 0 0 0 0 0 0 0 0 0 0 0 0 0 2 0 0 0 0 0 0 9 0 0 0 0 0 0 0 0 5 10 19 38 21 0 19 1 45 35 9 32 0 6 6 7 14 7 11 12 8 0 0 0 0 0 26 0 0 0 0 0 0 0 0 10 0 0 1 0 0 0 11 0 0 0 0 0 0 0 0 13 0 0 0 0 0 0 0 13 0 0 0 0 1 2 2 0 0 0 0 0 0 0 0 0 0 0 0 0 0 0 0 0 0 13 0 11 0 0 
 0 0 3 0 0 0 0 0 6 3 0 0 0 0 0 3 0 2 0 0 0 0 0 13 0 0 0 0 61 0 0 0 0 3 62 0 0 3 0 1 31 107 183 123 358 137 114 233 32 186 0 148 251 304 296 500 156 338 36 126 0 0 0 0 0 4 4 4 0 1 0 4 18 0 4 0 0 4 102 51 0 0 0 0 0 0 0 0 0 0 0 0 0 0 1 0 0 0 0 0 0 4 0 0 0 0 15 0 0 0 0 0 0 0 0 0 0 0 0 0 0 0 8 6 0 11 0 12 11 0 11 14 0 1 0 10 18 0 0 0 11 0 0 0 0 0 0 0 0 0 0 0 2 0 0 0 0 0 1 0 0 0 0 0 0 0 0 0 0 2 0 0 0 0 0 0 0 0 0 0 11 0 0 0 0 0 0 0 0 0 0 0 0 0 0 0 0 0 0 0 0 25 0 36 26 5 11 10 14 55 0 21 1 0 10 0 27 18 0 0 0 0 0 0 0 0 11 0 0 10 0 0 19 0 19 13 0 0 20 19 0 0 0 0 0 0 0 0 0 0 0 20 0 0 0 0 0 0 0 10 0 0 1 64 2 4 2 0 0 0 0 0 0 0 0 0 0 0 0 0 0 0 0 0 13 11 0 1 0 0 
 0 0 0 0 0 0 3 3 2 0 3 0 0 3 1 2 0 0 0 0 0 0 0 0 61 0 2 0 6 0 2 6 5 0 3 0 0 3 0 1 288 43 109 204 180 364 45 483 250 361 148 0 256 83 57 271 433 65 37 105 1 0 0 0 3 2 2 0 0 1 0 2 101 2 0 0 0 0 3 2 0 0 0 0 0 0 0 0 0 0 0 0 0 0 0 0 0 1 0 0 0 0 0 0 10 10 0 0 0 0 0 0 0 0 0 0 0 0 0 0 10 0 25 31 62 6 0 0 0 10 14 0 0 7 0 11 7 19 0 1 11 18 0 0 0 0 31 7 0 10 0 4 5 0 10 0 12 0 24 0 0 0 0 0 0 0 0 0 0 0 0 0 0 0 0 1 11 0 0 0 0 0 0 0 0 0 10 0 0 0 0 0 0 0 0 0 0 0 0 0 2 52 8 18 11 35 0 20 24 19 2 17 0 3 9 5 0 24 0 9 0 11 25 0 0 0 11 0 0 0 0 11 11 0 0 0 32 0 7 12 0 0 1 0 0 0 0 0 0 0 0 4 0 0 0 0 0 0 0 14 0 0 8 1 0 6 6 4 0 2 49 0 0 0 0 0 0 0 0 0 0 0 0 0 0 0 0 0 0 0 
 2 2 2 2 2 2 40 2 2 3 2 2 2 5 60 2 2 63 4 2 4 3 3 65 60 211 68 66 131 91 5 128 3 3 5 7 28 5 3 3 134 39 268 131 113 237 83 149 388 505 251 256 0 76 79 250 50 48 92 117 0 0 202 0 0 0 5 0 0 0 0 1 0 0 0 0 0 0 0 0 0 0 0 0 0 0 0 0 0 0 0 0 0 0 0 0 0 0 0 0 0 0 0 16 0 18 0 0 0 6 0 1 0 0 0 0 0 0 0 0 0 17 2 0 0 9 2 1 3 16 9 11 0 4 7 0 27 2 3 0 9 0 0 0 0 0 0 15 1 0 24 0 0 0 0 0 0 6 4 1 0 0 36 0 0 0 0 0 0 0 0 0 16 0 0 0 0 0 0 0 0 7 11 18 36 29 0 7 11 0 9 34 0 0 0 0 0 0 0 0 0 0 33 0 1 9 39 10 9 10 0 0 5 22 8 1 0 18 0 0 1 0 0 0 0 0 9 0 0 0 0 0 0 0 0 0 0 6 2 0 0 1 9 0 0 0 0 0 0 0 0 5 0 2 1 0 0 64 1 2 0 0 0 0 1 0 2 0 0 0 0 0 0 0 0 0 0 0 0 0 0 0 0 0 0 0 0 0 1 0 
 0 0 0 0 0 0 0 0 2 0 2 0 0 0 0 0 0 1 3 0 0 0 0 21 25 41 0 0 0 0 0 0 0 0 0 0 0 0 0 0 173 41 49 124 74 65 325 126 142 67 304 83 76 0 245 53 185 183 165 90 0 0 0 5 0 0 0 0 0 3 0 1 0 0 0 0 0 0 0 0 8 0 0 0 0 0 0 0 0 0 0 0 0 0 0 0 0 0 0 0 0 0 0 0 0 1 0 0 0 0 0 0 0 0 0 0 0 0 0 0 9 9 34 7 10 0 10 13 37 0 10 32 11 0 11 29 10 55 10 0 0 0 0 18 0 1 7 0 0 0 6 0 0 6 0 0 0 1 0 0 0 0 0 0 0 0 0 10 0 0 0 0 0 0 0 2 0 0 0 0 0 0 0 0 18 0 0 0 0 0 0 0 0 0 0 0 0 0 0 0 0 7 0 1 0 24 11 40 7 9 0 0 19 21 8 6 0 13 0 0 0 0 0 9 0 0 0 0 1 11 8 5 2 0 1 0 0 0 15 11 0 0 0 0 0 0 0 0 0 0 0 11 0 0 0 0 0 0 0 16 0 0 0 1 65 8 1 0 0 0 0 0 0 0 0 0 0 0 0 0 0 0 0 0 7 0 0 0 0 0 
 0 3 0 0 0 0 0 0 0 1 0 0 12 2 0 0 0 3 3 6 0 0 0 11 0 2 0 3 0 0 0 0 73 0 0 0 0 0 0 3 135 133 214 163 68 138 108 109 194 138 296 57 79 245 0 170 32 37 304 273 0 0 0 0 0 0 3 0 0 0 0 0 0 0 0 0 0 0 0 0 0 0 0 0 0 0 1 0 0 0 0 0 0 3 9 0 0 0 0 0 0 0 0 0 0 18 0 0 0 0 0 0 0 0 0 0 0 0 0 0 0 6 20 10 5 0 21 10 26 0 19 52 0 7 0 17 20 2 0 24 14 0 0 0 0 0 11 0 0 0 0 0 0 5 0 0 0 0 29 0 4 0 0 0 8 0 0 0 0 0 0 16 0 0 0 5 0 0 0 0 0 0 0 0 0 0 0 0 0 0 0 0 0 0 0 0 0 0 0 0 10 10 12 22 1 4 23 11 13 33 0 0 0 0 9 23 2 36 32 24 0 0 0 0 0 0 21 0 0 0 0 0 13 13 0 0 0 0 11 21 0 0 22 0 0 0 0 0 0 17 0 9 0 2 0 0 0 0 0 1 0 0 0 64 2 4 0 0 0 0 0 0 0 0 0 0 0 0 0 0 0 0 0 0 12 0 0 0 0 0 
 2 1 1 1 2 1 1 1 0 1 2 2 1 4 2 3 1 2 1 0 2 2 2 22 2 2 2 2 2 2 2 2 2 2 2 4 2 2 2 3 41 115 286 333 145 293 89 303 99 145 500 271 250 53 170 0 216 203 63 308 0 0 0 4 0 0 0 8 0 11 0 0 51 0 0 6 0 1 52 0 0 0 0 0 0 0 0 0 0 0 0 0 0 0 0 0 9 0 0 0 0 0 0 0 0 0 0 0 0 0 0 0 0 0 0 0 0 0 0 0 0 0 9 0 28 7 0 0 7 11 0 25 0 0 0 14 17 0 0 0 0 0 0 0 3 0 8 0 0 0 3 3 14 0 15 0 0 0 0 0 0 0 0 0 0 0 0 0 0 2 0 0 0 0 0 0 0 0 0 0 0 0 0 0 0 0 0 0 0 0 0 0 0 0 0 0 0 0 0 0 8 22 0 35 14 18 15 0 8 29 19 13 0 0 34 0 21 0 0 0 13 18 0 3 0 0 0 0 0 13 0 7 37 0 32 8 0 0 17 53 0 0 0 0 0 0 0 0 0 0 0 3 0 2 0 0 0 0 0 3 0 0 3 65 63 2 1 65 1 0 0 0 0 0 0 0 0 0 0 0 0 4 0 0 7 22 0 0 0 0 
 0 0 0 0 66 0 2 0 0 0 0 2 0 0 0 3 0 0 0 0 2 0 0 1 64 2 3 1 0 0 0 1 0 62 0 3 0 2 0 0 31 47 43 216 110 211 114 73 317 58 156 433 50 185 32 216 0 73 40 183 0 0 0 0 0 0 0 0 0 0 0 0 0 0 0 4 0 3 0 0 2 0 0 0 0 0 0 0 0 0 0 0 0 0 0 0 0 0 0 0 0 0 0 0 0 1 0 0 0 0 0 0 0 0 0 0 0 0 0 0 19 0 21 0 1 9 0 19 9 12 0 10 17 36 13 21 0 14 0 0 0 0 0 0 0 0 16 0 0 0 0 5 0 0 0 0 0 0 10 0 0 0 0 0 0 0 0 0 0 0 0 0 0 0 0 0 0 0 0 0 0 0 0 0 1 0 0 0 0 0 0 0 0 0 0 0 0 0 0 0 23 0 0 0 0 16 2 18 12 10 1 9 12 21 1 2 0 0 7 56 0 10 0 0 0 0 0 0 0 0 0 0 14 0 0 0 0 0 0 0 0 0 0 0 0 4 0 0 0 0 0 5 0 0 0 0 0 0 2 17 0 0 69 0 0 3 0 3 1 0 10 0 0 0 0 0 0 0 0 0 0 0 0 0 0 14 0 0 0 0 
 0 0 0 0 0 0 2 0 0 0 0 0 0 0 0 3 0 63 0 1 0 0 0 0 0 64 0 0 0 0 0 0 0 0 0 0 0 0 0 0 64 94 76 100 259 61 104 34 52 132 338 65 48 183 37 203 73 0 111 200 0 0 0 3 0 0 0 14 0 5 0 0 0 0 0 3 0 0 0 0 1 0 14 0 0 0 0 0 0 0 0 0 0 0 0 0 0 0 0 0 0 0 0 0 0 0 0 0 0 0 0 0 0 0 0 0 0 0 0 0 11 2 19 14 15 0 17 9 9 21 17 11 26 0 12 9 19 0 5 5 0 0 0 0 2 0 10 0 0 0 14 0 11 0 6 3 0 0 0 0 0 0 0 0 0 0 0 0 0 0 0 0 0 0 0 0 0 0 0 0 0 0 0 0 0 0 0 0 0 0 0 0 0 0 0 0 0 0 0 0 1 5 26 0 6 1 10 11 12 25 24 0 0 22 7 8 0 3 27 23 11 9 0 3 10 0 0 0 0 10 0 4 0 0 7 0 8 0 11 2 0 0 13 0 0 0 0 0 0 0 0 6 0 0 0 0 0 0 0 9 0 0 2 2 3 10 0 6 0 0 0 0 0 12 0 0 0 0 0 0 0 0 0 0 18 29 0 0 0 0 
 3 3 3 3 3 3 3 3 3 3 3 3 3 3 3 3 3 3 5 3 22 2 2 2 2 64 5 2 2 2 19 66 3 2 2 4 2 3 2 2 65 252 263 63 267 311 59 66 81 186 36 37 92 165 304 63 40 111 0 146 0 0 0 0 0 7 0 4 0 2 0 9 0 0 44 0 0 0 0 2 0 0 23 0 0 0 0 0 0 0 0 0 0 0 0 0 0 0 0 0 0 0 0 0 0 7 0 0 0 0 0 0 0 0 0 0 0 0 0 0 49 8 9 14 0 0 40 16 0 26 29 1 32 1 16 1 55 20 19 3 0 0 12 11 0 0 0 0 0 0 5 0 0 1 0 6 0 4 1 0 0 0 0 0 0 0 0 0 0 0 0 0 0 0 0 0 0 0 0 0 0 1 0 11 10 0 0 0 0 0 12 0 0 0 0 0 0 0 0 0 41 2 23 0 0 1 1 14 2 1 20 0 0 35 7 6 8 2 32 43 0 0 0 7 0 0 0 0 5 18 0 0 0 0 0 0 0 0 19 0 0 6 0 0 0 0 0 0 0 0 0 6 0 0 0 0 0 55 0 0 0 0 1 0 1 3 12 0 0 0 0 0 0 0 0 0 0 0 0 0 0 0 0 0 8 0 0 0 0 0 
 5 4 0 0 0 0 0 0 0 0 0 0 7 60 0 0 0 7 0 1 3 3 3 24 4 20 3 3 3 3 3 4 3 3 5 3 3 3 3 3 186 26 458 123 285 36 203 174 80 213 126 105 117 90 273 308 183 200 146 0 0 6 0 0 0 0 1 0 0 0 0 0 0 2 1 0 0 0 44 0 8 0 0 0 0 0 0 1 0 0 0 0 5 0 1 0 2 0 0 0 0 0 0 0 0 0 0 0 0 0 0 0 0 0 0 0 0 0 0 0 1 7 37 24 1 0 28 4 15 13 28 32 15 12 11 4 18 19 10 0 0 0 0 0 0 0 0 0 0 0 0 0 0 0 0 2 0 0 29 0 0 0 0 0 0 0 0 0 0 0 6 0 4 0 4 1 0 0 2 2 0 0 0 0 0 0 0 0 0 0 0 0 0 0 0 0 0 0 0 0 16 13 11 8 0 20 27 40 20 15 19 0 0 10 41 1 0 10 0 9 0 1 0 0 0 0 0 0 0 0 0 0 0 0 0 0 0 0 19 0 0 0 7 0 0 0 0 0 0 0 0 13 0 1 0 0 0 0 0 15 1 0 0 0 66 0 2 0 0 0 0 0 0 0 0 0 0 0 0 0 0 0 0 0 8 0 0 0 0 0 
 0 0 0 0 6 0 0 0 0 0 0 0 0 0 0 0 0 0 0 0 0 0 0 3 0 0 1 3 1 0 1 0 0 0 6 7 0 1 2 0 0 0 0 46 0 1 0 0 1 0 0 1 0 0 0 0 0 0 0 0 0 408 241 43 95 25 252 117 119 88 74 59 154 118 171 184 106 35 104 329 0 0 0 0 6 0 0 0 0 0 0 3 0 0 0 0 0 0 0 0 0 0 4 6 0 0 8 0 6 3 0 0 0 0 0 0 0 3 0 0 0 0 0 0 0 0 0 0 0 0 0 0 0 0 0 0 0 0 0 0 1 15 0 0 2 0 1 0 2 3 2 27 0 14 0 1 21 6 0 6 0 0 0 0 0 0 0 0 0 0 0 0 0 0 0 0 0 0 0 0 3 6 2 0 0 8 6 0 0 18 0 0 0 6 1 0 0 0 0 0 0 0 0 0 1 0 0 0 0 2 0 0 0 0 0 0 0 0 0 0 8 6 17 0 28 47 3 14 19 6 10 0 0 20 0 15 18 32 9 0 7 0 0 0 0 0 0 0 0 0 0 0 0 53 2 0 0 0 0 0 0 0 1 0 0 0 0 0 0 0 0 0 0 19 0 5 0 0 0 0 0 0 0 0 0 0 0 0 0 0 
