 0 308 357 52 45 104 287 308 247 85 65 37 97 181 47 206 88 33 186 265 0 0 0 0 0 3 0 0 0 0 0 1 3 2 3 0 0 1 0 0 0 7 3 0 0 0 2 3 0 0 0 0 0 0 3 0 13 1 3 0 0 0 0 1 0 0 0 1 0 0 2 0 30 0 5 0 0 0 0 0 11 15 13 0 14 0 58 0 21 46 20 28 0 51 13 52 10 14 24 11 0 0 0 0 0 0 0 0 0 0 0 0 0 7 0 0 0 0 22 0 0 0 0 0 0 0 0 0 0 0 0 1 0 0 0 0 0 0 0 1 0 0 0 0 0 0 0 0 0 0 0 10 0 0 0 0 0 0 0 0 19 9 21 22 14 0 9 0 0 0 0 0 17 34 41 9 13 9 11 10 0 0 0 0 0 0 0 0 0 0 0 0 0 0 0 0 0 0 0 16 3 0 0 0 0 0 0 0 0 0 0 0 0 0 1 0 0 0 0 0 0 0 0 0 0 0 0 1 0 0 0 0 0 0 0 0 0 0 0 0 0 0 0 0 0 0 51 0 0 8 0 5 0 0 0 0 0 0 0 0 0 0 0 0 0 0 0 0 0 0 0 0 0 0 0 0 20 0 0 0 0 0 0 0 0 0 0 0 0 0 
 308 0 324 191 300 20 84 227 155 345 122 35 67 303 82 289 181 341 648 223 0 0 1 0 0 8 0 0 0 3 0 0 4 3 3 2 3 4 0 0 1 0 6 3 3 0 5 3 0 2 0 65 2 0 3 0 0 0 2 0 1 0 2 5 0 2 40 3 4 0 2 0 3 1 3 1 0 0 0 0 10 0 15 0 14 0 20 15 11 25 38 27 12 0 10 26 16 6 0 0 0 0 0 0 0 0 0 0 0 0 0 0 0 21 0 0 0 0 19 10 0 0 0 0 0 0 0 0 0 0 2 0 0 0 0 0 0 0 0 0 0 0 0 0 0 0 0 0 0 0 0 0 2 0 0 0 16 0 0 0 16 19 22 14 0 0 7 0 31 37 14 27 34 0 8 9 25 1 8 14 0 0 1 0 0 0 14 0 0 0 0 0 9 0 0 0 0 0 1 0 0 0 0 0 0 0 0 0 0 0 0 0 0 0 0 0 0 0 12 0 0 0 0 0 0 0 0 0 0 0 1 0 0 0 0 0 0 0 0 0 0 0 0 0 0 0 44 2 1 2 0 8 0 0 0 0 1 0 0 0 0 0 64 0 2 0 0 0 0 0 0 0 0 0 0 0 0 13 0 0 0 0 0 0 0 0 0 0 0 0 
 357 324 0 94 264 232 168 234 83 455 154 134 65 303 67 65 128 39 210 128 76 0 0 0 7 3 61 0 0 0 0 0 3 74 3 38 0 1 24 76 0 0 3 0 4 0 2 3 0 0 0 0 0 10 3 0 0 0 3 0 0 0 0 0 0 0 32 0 0 0 3 0 0 0 0 0 0 0 0 0 2 10 42 42 11 0 11 3 32 12 14 9 8 28 1 55 2 39 0 0 0 20 0 0 0 0 0 3 2 2 0 0 0 34 0 21 0 1 13 10 0 0 0 0 0 0 0 0 0 0 0 0 0 0 0 0 0 0 0 0 0 0 0 0 0 0 0 0 0 0 5 2 0 0 0 0 1 0 0 0 0 22 37 0 2 30 1 18 44 23 9 16 14 12 0 26 0 16 0 9 0 0 0 0 0 0 0 0 6 0 0 0 20 14 29 0 0 0 0 32 0 0 0 0 0 0 1 0 0 0 0 0 0 0 0 0 0 0 0 0 0 0 0 0 1 0 0 0 0 0 0 0 0 0 0 0 0 0 0 0 0 0 0 0 0 0 0 2 0 189 1 6 0 0 0 0 0 0 0 0 0 0 18 0 0 0 0 0 0 0 0 0 0 0 0 13 47 0 0 0 0 0 0 0 0 1 0 0 0 0 
 52 191 94 0 296 105 312 396 369 201 250 404 59 236 130 153 176 137 64 70 0 0 0 0 2 4 9 0 1 0 0 0 85 0 4 0 0 0 1 90 0 0 3 0 0 0 2 3 0 0 0 0 2 0 3 0 0 0 2 0 0 0 0 5 0 0 0 3 0 0 2 0 0 0 0 0 0 0 0 0 11 0 8 24 44 0 13 20 0 15 21 21 0 1 11 12 0 12 0 0 0 0 0 0 0 0 0 12 0 0 0 2 1 0 20 0 17 0 1 8 2 0 2 0 0 0 2 0 0 0 0 0 0 0 0 0 0 0 2 0 0 0 0 0 0 0 0 0 0 0 0 0 0 10 0 0 7 0 0 0 14 11 6 0 0 17 1 0 37 12 25 37 13 1 14 1 21 0 8 0 14 10 0 0 0 0 0 3 0 0 0 0 75 0 13 0 0 0 15 0 0 0 0 0 0 0 0 0 0 0 0 0 0 0 0 0 13 0 0 0 0 0 0 0 0 0 0 0 0 0 0 0 2 0 0 0 0 0 0 0 0 11 0 0 0 3 7 0 0 1 2 2 0 0 2 0 0 0 0 0 1 0 0 0 0 0 0 0 0 0 0 0 0 0 0 0 0 24 0 0 0 0 0 0 0 0 0 0 0 0 
 45 300 264 296 0 152 29 69 370 185 334 175 104 382 190 141 351 172 66 89 0 0 0 0 0 3 0 0 0 0 0 2 75 24 25 83 0 2 0 0 0 0 0 0 0 3 0 0 0 0 0 0 0 0 2 0 1 0 0 0 0 0 0 0 1 0 2 0 3 0 0 0 0 0 0 0 4 3 2 0 15 0 14 1 0 27 0 15 2 7 0 40 0 1 17 1 9 28 0 0 0 0 0 0 0 0 1 12 0 0 0 0 3 0 32 5 6 2 19 26 0 0 0 0 0 0 0 0 0 0 0 0 0 0 0 0 0 0 0 1 0 0 0 0 0 0 41 0 0 20 0 0 0 0 0 0 10 0 0 0 0 0 40 0 11 18 0 4 39 25 21 32 0 17 10 11 15 2 12 0 14 0 0 0 0 0 0 0 24 0 0 0 48 25 0 12 6 0 74 40 0 0 0 0 0 0 0 0 1 0 0 0 0 0 0 0 0 0 0 0 0 0 0 0 0 0 0 0 0 0 0 0 0 0 0 0 0 0 0 0 0 1 0 0 0 89 90 1 2 10 2 3 15 0 0 0 0 0 0 0 0 0 0 0 0 0 0 0 0 0 0 0 0 0 0 13 0 1 0 0 0 0 0 0 0 0 0 0 0 0 
 104 20 232 105 152 0 24 38 41 47 114 61 19 246 51 51 80 42 34 183 98 0 0 0 1 3 1 16 162 41 0 2 76 235 79 82 178 2 117 18 0 0 6 0 0 1 2 3 5 0 0 0 0 0 3 0 0 0 3 0 0 8 0 0 0 0 0 0 0 0 3 0 0 5 0 2 0 0 0 0 0 0 0 19 37 31 0 0 0 0 0 0 0 0 0 0 0 0 0 0 12 10 70 13 7 0 27 21 11 10 14 0 32 0 51 63 2 9 21 27 0 0 0 0 0 0 0 0 0 0 0 0 0 0 0 0 0 20 0 0 0 0 0 0 0 0 0 0 0 0 0 0 0 0 0 0 0 0 0 3 0 6 2 0 0 12 0 0 0 0 0 0 0 0 0 0 0 0 0 0 40 13 20 0 0 0 14 32 32 17 0 14 7 18 72 0 59 0 0 21 0 0 0 0 0 0 0 0 0 0 0 0 0 0 0 0 0 0 0 0 0 0 0 0 0 0 0 0 0 0 0 0 0 0 0 0 12 0 0 0 0 0 17 0 0 1 4 0 0 88 2 4 0 2 0 0 0 72 0 3 0 14 0 0 0 0 17 0 0 0 0 0 0 0 0 0 0 0 0 0 0 13 0 0 0 0 0 0 0 0 
 287 84 168 312 29 24 0 381 232 118 67 241 183 164 206 152 66 603 265 125 0 1 3 0 0 7 3 2 1 0 0 0 3 1 3 0 2 1 3 0 0 0 5 0 0 0 2 3 0 2 3 0 2 39 3 3 3 2 3 0 0 0 0 6 0 0 0 0 0 0 2 2 2 0 0 0 3 0 0 55 25 47 26 16 0 39 19 37 32 56 12 0 40 14 23 10 24 0 12 6 0 0 0 0 0 1 0 0 0 0 0 0 0 1 0 0 0 0 91 0 0 1 0 0 0 0 0 0 0 0 0 0 2 0 2 0 0 0 0 0 0 0 0 0 2 0 2 0 0 0 0 0 0 0 0 0 0 2 0 0 26 0 0 2 43 16 22 41 0 41 32 1 29 1 0 0 1 44 9 0 0 0 0 0 0 0 0 0 0 0 0 0 0 0 0 0 0 0 1 2 0 0 0 0 0 0 0 2 0 0 0 0 0 0 0 0 0 0 0 0 0 0 0 0 0 0 19 1 18 0 0 0 0 0 0 0 0 0 0 2 0 0 0 0 2 0 1 2 0 2 10 1 0 0 0 2 0 0 0 0 0 0 18 0 0 0 0 0 0 0 0 0 0 2 0 0 0 0 0 0 0 0 0 0 0 0 0 0 0 0 
 308 227 234 396 69 38 381 0 293 219 278 252 162 514 273 229 284 243 934 197 0 70 0 0 0 3 74 2 2 0 2 0 3 1 5 0 8 1 0 0 0 0 3 0 7 0 2 3 0 0 0 0 0 5 3 0 0 0 2 0 0 0 0 5 0 0 0 3 0 0 2 0 0 0 0 0 0 0 42 48 37 59 21 10 16 0 31 2 0 46 19 1 96 24 16 9 3 21 0 0 0 0 0 0 0 0 0 0 0 0 0 0 0 1 0 0 0 0 0 0 0 0 0 0 2 0 0 0 0 0 0 0 0 0 0 0 0 0 0 0 0 1 0 0 0 0 0 0 0 0 1 2 0 0 0 0 0 0 0 0 11 23 34 19 72 0 21 28 2 39 23 44 10 28 1 0 0 39 19 14 0 0 0 0 0 0 0 0 0 0 0 0 0 0 0 0 0 0 0 0 0 0 0 0 0 0 0 0 0 0 2 0 0 0 0 0 0 0 0 0 0 0 0 0 0 0 0 0 0 0 0 0 0 0 0 0 0 0 0 0 0 0 0 0 0 0 59 0 0 0 1 29 0 0 0 0 0 0 0 0 0 0 30 0 0 0 0 0 0 0 0 0 0 0 0 0 0 0 0 0 0 0 0 0 0 0 0 0 0 0 
 247 155 83 369 370 41 232 293 0 305 118 67 171 208 181 68 127 325 126 161 3 3 0 2 6 6 64 2 0 5 0 3 2 10 3 3 0 2 0 82 4 3 3 64 0 5 5 3 0 0 0 0 4 0 3 3 2 2 4 0 0 6 0 5 0 3 2 2 2 53 7 2 2 5 2 1 1 5 0 0 2 49 49 9 0 0 17 14 14 15 12 12 12 0 18 0 19 20 0 0 0 20 0 0 0 0 0 1 0 0 0 0 0 0 0 17 13 0 1 0 0 0 0 0 0 0 0 0 0 0 0 1 0 0 0 0 0 0 0 1 0 37 0 0 0 0 0 0 0 0 6 0 0 0 0 0 0 0 0 0 11 0 0 12 17 19 14 7 8 20 19 16 10 0 0 11 0 18 19 0 0 0 0 0 4 0 0 0 5 17 0 0 20 14 0 0 0 0 0 19 0 0 0 2 0 0 0 0 0 0 0 0 0 0 0 0 0 0 0 0 0 0 0 0 0 0 0 1 17 0 0 0 0 0 0 0 0 0 12 0 0 7 0 0 0 0 2 0 0 0 9 2 0 0 2 0 0 0 0 0 0 0 0 0 0 0 1 0 0 0 0 0 0 0 0 29 0 0 0 0 0 0 0 11 0 0 0 0 0 0 
 85 345 455 201 185 47 118 219 305 0 275 75 53 178 211 104 141 49 186 60 3 5 0 0 3 3 2 0 1 6 1 3 2 3 5 1 1 1 74 0 2 7 3 0 1 0 5 3 0 0 0 0 0 2 3 3 2 3 4 0 0 0 0 3 0 0 0 0 3 3 6 3 0 0 0 0 6 1 0 0 10 13 12 2 33 18 14 20 41 60 48 31 0 21 10 29 18 19 0 0 0 0 0 0 0 0 0 0 0 1 0 8 0 41 0 0 0 0 20 11 0 0 0 0 1 0 0 0 0 0 0 0 0 9 0 0 0 0 0 0 0 0 0 0 0 0 0 0 0 0 2 0 0 0 0 0 2 0 0 0 0 0 10 26 21 20 0 0 16 15 25 0 1 6 1 0 6 57 0 11 0 0 0 0 0 0 1 10 0 0 1 0 0 0 0 0 0 0 23 0 0 0 0 0 0 0 0 0 0 0 1 0 0 0 0 0 0 9 0 0 0 0 0 0 0 0 0 0 0 0 0 0 0 0 0 0 0 0 0 0 0 2 0 0 0 0 26 0 3 3 0 12 13 0 0 0 0 0 0 0 0 0 0 0 0 0 0 0 0 0 0 1 0 0 10 0 0 0 0 0 0 0 0 0 0 0 0 0 0 0 
 65 122 154 250 334 114 67 278 118 275 0 293 25 373 282 70 84 307 33 269 0 0 3 0 0 6 0 0 0 0 0 0 3 0 3 1 0 2 3 28 0 0 5 2 0 0 2 3 0 2 2 0 0 6 6 3 3 2 2 0 0 0 0 1 0 0 0 4 0 0 2 2 2 2 0 0 0 0 0 3 0 0 41 42 28 12 0 12 23 19 16 58 0 0 17 9 18 12 0 0 0 0 0 0 0 0 0 1 0 0 0 0 0 0 1 0 2 0 23 0 0 0 0 0 0 0 0 0 19 0 0 1 0 0 0 0 0 0 0 0 0 0 0 0 0 0 0 0 0 0 0 0 0 0 0 0 0 0 0 0 0 0 17 0 0 19 0 0 62 12 17 42 11 1 0 11 1 18 0 2 25 3 0 0 0 0 0 14 0 0 0 0 50 17 17 0 0 0 37 26 0 0 0 0 0 0 0 0 0 0 0 0 0 0 1 0 0 0 0 0 0 0 0 0 0 0 18 1 0 15 0 0 0 0 0 0 0 0 0 13 0 1 0 0 0 1 89 0 1 53 1 1 10 0 0 1 0 0 0 0 0 0 0 0 0 0 0 0 0 22 0 0 0 0 0 20 0 14 0 0 0 0 0 0 0 0 0 0 0 0 
 37 35 134 404 175 61 241 252 67 75 293 0 71 42 131 35 101 295 37 40 73 0 1 0 0 3 0 0 3 0 0 27 3 79 3 1 0 0 75 36 0 0 3 0 0 0 2 3 0 0 0 0 0 0 3 0 0 0 3 0 0 0 0 0 0 0 0 1 0 0 2 0 0 0 0 45 0 0 0 0 0 0 9 27 32 1 0 0 0 14 11 44 0 0 10 0 1 19 0 0 0 3 25 0 0 0 9 18 0 0 15 0 0 21 1 11 36 13 7 7 0 0 0 0 0 0 0 0 0 0 0 0 0 0 1 0 0 0 0 0 0 0 0 0 0 0 0 0 0 0 4 0 0 0 0 0 0 0 0 0 0 0 10 0 2 20 0 0 33 1 0 23 0 0 0 0 0 10 2 0 13 17 0 0 0 0 15 24 22 1 0 0 9 0 24 1 17 0 22 5 0 0 0 0 0 0 1 0 0 0 0 0 0 0 0 0 0 0 0 0 0 0 0 0 0 0 1 0 1 0 0 0 0 0 1 0 0 0 0 0 0 11 0 0 0 4 2 0 2 4 4 0 13 0 0 0 0 0 0 0 0 0 0 0 0 0 0 0 0 0 0 0 0 0 0 0 15 0 0 0 0 0 0 0 0 0 0 0 0 0 
 97 67 65 59 104 19 183 162 171 53 25 71 0 295 48 347 37 74 370 504 0 73 0 0 1 44 1 0 0 0 0 0 3 0 206 2 0 6 0 0 0 0 3 0 0 0 2 3 0 0 0 0 0 0 3 0 63 0 2 0 0 0 0 0 0 0 0 2 4 0 2 0 0 0 19 0 0 0 0 0 10 14 0 0 37 0 24 6 2 16 1 33 0 11 15 45 9 0 21 24 0 0 0 0 0 0 0 0 0 0 2 0 0 0 0 0 0 0 0 2 0 0 0 0 0 0 0 0 0 0 0 0 16 0 0 0 0 0 0 0 0 1 0 0 0 0 0 0 33 0 0 9 0 0 0 0 0 2 0 0 17 0 0 11 19 0 17 0 0 15 0 0 28 4 19 7 17 11 15 46 0 0 0 0 0 0 0 0 0 0 1 0 0 0 0 0 0 0 9 4 0 0 0 0 0 0 13 0 0 0 0 0 0 0 0 0 0 0 0 0 0 0 0 0 0 0 0 0 0 0 1 0 0 0 0 0 0 0 0 0 0 0 0 0 0 1 8 0 2 1 0 1 0 0 0 0 0 0 0 0 0 0 0 0 0 0 0 0 0 0 0 0 0 0 0 0 0 0 0 0 0 0 0 0 0 0 0 0 0 0 
 181 303 303 236 382 246 164 514 208 178 373 42 295 0 184 209 112 122 130 300 0 0 0 0 0 3 0 0 2 40 0 0 0 0 204 1 0 0 37 1 0 1 0 0 0 3 0 0 0 0 0 0 0 0 2 0 0 0 0 0 0 0 0 4 1 0 2 0 0 0 0 0 0 0 0 61 0 3 2 0 6 45 45 0 13 3 51 24 13 39 28 13 0 0 38 9 14 21 10 0 0 0 0 0 0 0 0 1 0 0 0 0 0 0 0 0 0 0 18 0 0 0 0 0 0 4 0 0 0 0 0 0 0 0 0 0 0 0 0 0 0 0 0 0 0 0 0 0 0 0 0 14 0 0 0 1 7 0 0 0 32 2 40 1 22 0 48 10 15 43 60 15 66 20 26 0 14 18 14 2 0 0 0 0 0 0 0 0 0 0 0 0 0 0 0 0 0 0 1 54 0 0 0 0 0 0 0 0 0 0 0 0 0 0 0 0 0 0 0 0 0 0 0 0 0 0 0 0 0 0 14 6 0 0 0 0 0 9 0 0 0 0 0 0 0 0 1 0 4 92 12 0 0 25 0 0 0 0 0 0 0 0 0 0 0 0 0 0 0 0 0 0 0 0 32 0 0 21 0 0 0 0 0 0 0 0 0 0 0 0 
 47 82 67 130 190 51 206 273 181 211 282 131 48 184 0 179 29 51 296 328 1 1 0 2 0 3 0 2 0 0 0 0 3 0 3 2 3 0 0 0 0 0 3 0 0 0 2 3 0 0 0 0 0 0 3 59 0 0 3 0 0 3 0 0 0 0 0 3 0 0 2 0 0 0 0 0 0 0 0 0 0 0 0 0 2 26 0 10 0 14 27 19 0 0 11 0 60 0 11 0 2 0 0 0 0 0 0 0 0 0 0 0 0 14 0 0 0 0 1 0 0 0 0 0 0 0 0 0 1 0 0 0 0 0 0 0 0 0 0 0 5 0 0 0 0 0 0 0 0 0 0 0 0 0 0 0 0 4 1 0 0 37 0 37 8 3 15 8 0 15 0 0 0 0 0 12 0 16 17 0 0 0 1 0 0 0 0 0 0 0 0 0 12 0 0 0 1 14 12 0 0 0 0 0 0 0 0 0 0 0 0 0 0 0 0 0 0 0 1 0 2 0 0 0 2 0 0 0 0 0 0 0 0 0 0 0 0 0 0 0 0 0 0 0 0 2 50 1 3 0 60 4 0 2 0 0 0 0 0 0 0 0 0 0 0 0 0 0 0 0 0 0 0 0 0 0 0 0 0 0 0 0 0 0 0 0 0 0 0 0 
 206 289 65 153 141 51 152 229 68 104 70 35 347 209 179 0 126 132 232 77 75 0 0 0 0 3 0 1 2 0 2 0 24 0 3 0 0 0 0 0 0 0 3 0 14 0 2 3 0 0 0 0 0 0 3 4 0 0 3 0 0 0 0 0 0 0 0 0 0 0 2 0 0 0 0 0 0 0 0 0 1 50 14 12 0 8 19 19 12 12 0 0 9 27 13 0 10 49 14 0 0 0 0 0 0 0 0 10 32 0 11 0 0 0 7 0 0 0 0 11 0 0 0 0 0 0 0 0 0 0 0 2 0 0 0 0 0 0 0 0 4 4 0 0 0 0 0 0 0 0 0 0 1 0 0 0 0 0 0 0 19 68 18 35 42 0 38 33 0 44 9 0 0 16 0 0 23 23 0 0 0 0 0 0 9 20 9 0 0 0 0 0 61 0 0 0 0 0 2 0 0 0 0 0 0 0 0 0 0 0 0 0 0 0 2 0 0 0 0 0 0 0 0 0 0 28 0 0 0 0 0 0 0 0 0 0 0 0 11 0 0 0 0 0 0 0 3 0 1 0 13 8 0 0 0 0 0 0 0 0 0 0 0 0 0 0 0 0 0 0 0 0 0 0 0 0 9 0 0 0 0 0 0 0 0 0 0 0 0 0 
 88 181 128 176 351 80 66 284 127 141 84 101 37 112 29 126 0 75 132 100 74 0 0 0 1 3 0 0 0 0 0 0 39 0 3 0 0 1 0 0 0 0 6 0 0 0 2 3 0 0 0 0 0 5 3 0 0 0 33 0 0 0 0 21 0 2 48 3 3 0 2 0 0 0 0 0 3 0 0 0 19 41 31 18 16 0 48 17 15 30 13 0 24 15 0 31 11 30 0 0 0 0 0 0 0 0 0 11 0 0 0 0 0 6 9 0 0 0 9 7 0 12 0 0 0 0 0 0 0 0 0 0 0 0 0 0 0 0 0 0 0 0 0 0 0 0 0 0 0 0 0 0 11 0 0 0 0 0 0 0 42 10 15 15 38 9 18 18 1 0 14 11 24 6 14 0 5 25 17 11 0 0 0 0 1 0 7 0 0 0 0 0 12 0 0 0 0 0 14 0 0 0 0 0 0 0 0 0 0 0 0 0 0 0 0 0 0 0 0 0 0 0 0 0 0 0 0 0 0 0 0 0 0 0 0 0 0 0 0 0 0 0 0 0 0 1 6 0 0 2 0 6 0 0 0 0 0 0 0 0 0 0 81 0 0 0 0 0 0 0 0 0 0 0 0 0 10 0 0 0 0 0 0 0 0 0 0 0 0 0 
 33 341 39 137 172 42 603 243 325 49 307 295 74 122 51 132 75 0 131 173 0 0 1 0 0 3 75 0 0 0 0 0 3 0 3 0 0 1 0 0 0 0 3 0 33 0 2 3 31 0 0 0 0 0 3 0 0 0 3 63 0 0 0 0 0 0 0 0 0 0 2 0 0 0 0 0 0 0 0 3 36 0 0 0 0 10 0 46 0 9 0 28 0 0 36 10 38 21 0 0 0 0 0 0 0 0 0 0 0 0 0 14 0 14 0 0 0 0 24 0 0 0 0 0 0 0 0 0 0 0 0 0 0 0 0 0 0 0 0 0 0 0 0 0 0 0 0 0 0 0 0 0 1 0 0 0 7 2 0 0 0 0 11 50 0 0 0 0 18 3 21 28 6 24 11 38 10 1 0 0 0 7 0 0 0 0 0 0 0 0 0 0 41 20 0 0 0 0 17 1 0 0 0 0 0 0 0 0 0 0 0 0 0 0 1 10 0 0 0 0 0 0 0 0 0 0 0 0 0 0 1 0 0 0 0 0 0 0 0 0 0 0 0 0 0 2 44 0 3 2 0 2 17 0 0 0 0 0 0 0 0 0 0 0 0 0 0 0 0 0 0 0 0 0 0 6 0 2 0 0 0 0 0 0 0 0 0 0 0 0 
 186 648 210 64 66 34 265 934 126 186 33 37 370 130 296 232 132 131 0 289 0 0 0 0 0 3 0 0 0 74 0 75 3 0 5 0 0 1 0 2 0 0 3 0 7 0 2 3 0 0 0 0 0 0 3 0 0 0 2 0 0 0 0 0 0 0 51 3 0 0 2 0 0 0 0 0 0 0 0 0 1 22 8 0 0 0 35 7 0 0 10 0 9 15 14 14 0 50 15 0 0 0 0 0 0 0 0 0 0 0 0 1 1 0 0 0 0 0 0 0 0 0 0 0 2 0 0 0 0 0 0 0 0 0 0 0 0 0 0 0 0 10 0 0 0 0 0 0 0 1 1 12 0 0 0 0 0 0 0 0 23 13 35 5 20 0 22 1 16 0 0 1 39 45 14 15 1 3 0 50 0 0 0 0 0 0 0 0 0 0 0 0 0 0 0 0 0 0 0 0 0 0 0 0 0 0 0 0 0 0 2 0 0 0 0 0 0 0 0 0 0 0 0 0 0 0 0 0 0 0 0 0 0 0 0 0 0 0 0 0 0 1 0 0 0 0 87 0 0 2 2 7 0 0 0 0 0 0 0 0 0 0 0 0 0 0 0 0 0 0 0 0 0 0 0 0 17 0 0 0 0 0 0 0 0 0 0 0 0 0 
 265 223 128 70 89 183 125 197 161 60 269 40 504 300 328 77 100 173 289 0 0 0 0 0 1 67 0 0 2 0 3 2 2 4 3 0 2 2 3 0 0 2 3 0 0 1 65 3 0 0 0 0 0 3 3 0 0 0 3 5 0 16 0 1 0 2 40 2 0 2 3 0 0 0 0 3 3 0 0 0 0 0 11 0 0 0 19 42 0 0 0 5 13 0 12 17 9 11 25 33 0 0 0 0 0 0 0 0 0 0 0 0 0 0 0 0 0 0 2 0 0 0 0 0 0 0 0 0 0 0 0 2 0 0 0 0 0 1 0 0 1 0 25 0 0 0 0 0 0 0 0 19 2 0 0 0 0 11 0 0 1 19 36 0 0 0 1 0 6 0 11 7 51 1 13 8 13 0 39 28 0 0 1 0 2 0 0 0 0 0 0 0 0 0 0 0 0 0 0 18 0 0 0 0 0 0 0 0 0 0 0 0 0 0 2 0 0 0 0 0 0 16 0 0 0 0 0 0 0 0 0 0 0 0 0 0 0 0 0 0 0 0 0 0 0 0 3 0 9 99 0 2 0 0 0 0 0 0 0 0 0 0 0 0 0 0 0 0 0 0 0 0 0 0 0 0 0 0 0 0 0 0 0 0 0 0 0 0 0 0 
 0 0 76 0 0 98 0 0 3 3 0 73 0 0 1 75 74 0 0 0 0 160 156 57 19 44 215 195 114 54 312 35 185 380 555 56 25 62 192 130 1 0 0 3 1 0 0 204 0 63 0 69 0 0 2 0 0 1 2 0 0 3 2 0 0 0 3 0 0 11 4 0 2 4 0 0 0 0 0 0 0 0 0 9 29 0 0 0 0 0 0 13 2 0 0 0 0 8 0 0 9 25 44 0 15 17 110 18 10 11 29 6 24 32 17 3 10 22 6 2 0 0 0 2 0 0 0 0 0 0 0 0 21 0 0 0 0 0 10 0 0 0 0 0 0 0 0 0 0 0 0 0 0 0 0 0 0 0 0 4 3 0 0 0 0 13 0 5 0 0 0 0 0 0 0 0 0 1 0 0 1 1 10 29 0 0 8 8 10 28 0 19 15 15 32 6 32 20 27 17 0 0 0 0 1 0 6 0 0 0 0 0 0 0 0 0 0 0 8 1 0 0 0 2 0 0 0 0 0 0 0 0 0 0 0 0 0 2 0 0 0 0 0 0 0 0 0 0 0 65 0 0 0 0 18 0 0 74 0 0 3 14 0 0 0 0 7 0 0 0 0 0 0 0 0 0 11 0 0 0 21 12 0 0 0 10 1 0 0 0 
 0 0 0 0 0 0 1 70 3 5 0 0 73 0 1 0 0 0 0 0 160 0 243 133 25 118 161 165 99 209 76 347 38 126 121 52 23 335 116 31 1 0 0 0 3 0 0 0 0 0 0 0 64 0 1 0 0 0 91 75 0 0 0 0 0 0 0 5 0 1 0 0 0 0 0 0 2 0 0 4 0 0 0 0 0 0 0 0 0 0 0 0 0 0 0 0 0 0 0 0 1 0 5 11 8 38 13 2 10 37 0 22 2 0 0 0 10 0 0 0 13 0 1 0 0 0 8 0 0 0 1 0 16 0 12 0 0 0 14 8 0 0 0 5 8 0 25 0 0 0 0 0 5 0 9 8 2 0 0 7 0 0 11 0 0 0 0 0 0 0 0 2 0 0 0 0 0 0 0 0 0 12 19 28 11 0 3 0 35 11 15 33 0 10 15 17 23 40 0 13 0 0 0 0 0 0 23 0 0 0 1 0 22 0 3 0 0 0 28 0 0 0 0 0 0 0 0 0 0 0 0 0 1 0 0 0 0 14 0 0 0 0 0 0 0 0 0 0 0 0 0 0 0 0 10 0 0 1 1 0 16 0 0 0 0 0 0 0 0 0 0 0 0 0 0 0 0 0 0 0 0 12 0 0 0 0 0 0 0 0 
 0 1 0 0 0 0 3 0 0 0 3 1 0 0 0 0 0 1 0 0 156 243 0 136 101 122 181 73 303 144 142 113 359 209 489 140 158 124 22 114 1 0 0 3 3 0 0 0 0 0 0 2 64 0 2 0 0 0 64 128 0 2 39 0 0 0 3 3 0 0 0 0 2 0 0 0 1 0 0 4 0 0 0 0 0 0 0 0 0 0 0 0 0 0 0 0 0 0 0 0 8 26 12 2 7 24 19 1 30 9 20 12 9 22 0 0 0 0 0 2 1 0 1 0 0 0 4 0 0 0 0 0 29 0 0 0 0 0 16 11 0 0 1 8 3 0 0 0 0 0 0 0 8 14 0 3 0 0 0 7 0 0 0 18 0 0 0 0 0 0 0 0 0 0 0 0 0 5 0 0 0 1 36 31 0 0 0 1 15 22 39 18 0 10 0 51 12 59 0 0 0 0 0 0 0 0 28 0 0 0 0 0 10 12 16 0 0 1 42 19 0 0 0 0 0 0 0 0 0 0 0 0 0 0 0 0 0 0 0 0 0 0 0 0 0 0 0 0 0 0 0 0 0 0 13 0 0 1 0 2 2 0 0 0 0 0 0 0 0 0 0 0 0 0 0 0 0 0 0 20 0 0 0 0 0 11 0 0 0 0 
 0 0 0 0 0 0 0 0 2 0 0 0 0 0 2 0 0 0 0 0 57 133 136 0 327 107 170 108 364 168 54 126 144 454 220 174 106 48 67 355 0 0 2 3 1 43 63 1 0 0 0 2 0 82 3 0 0 0 2 139 0 3 3 0 49 0 3 5 0 0 0 0 2 0 1 0 0 0 0 4 0 0 0 0 0 0 0 0 0 0 0 0 0 0 0 0 0 0 23 0 9 6 12 1 8 34 8 0 16 9 23 33 0 22 0 0 0 0 0 0 0 8 1 0 0 14 1 42 0 0 0 0 1 18 0 0 0 0 44 12 0 0 0 0 0 0 0 0 0 0 0 0 0 0 0 0 0 0 0 7 0 0 0 0 0 0 0 0 0 0 0 0 10 0 0 0 0 9 0 0 15 0 18 12 1 34 10 0 11 10 31 14 0 6 0 11 11 63 0 0 0 0 0 0 0 0 23 0 8 0 0 0 16 0 5 25 0 0 32 32 0 0 0 0 0 0 0 0 0 0 0 0 0 0 0 0 0 0 0 0 0 0 0 0 0 0 0 0 0 0 0 0 0 0 0 0 2 40 0 0 2 0 0 0 0 0 0 0 0 0 0 0 0 0 0 0 0 0 0 0 0 0 0 0 0 0 0 0 0 0 
 0 0 7 2 0 1 0 0 6 3 0 0 1 0 0 0 1 0 0 1 19 25 101 327 0 303 61 43 82 280 55 127 279 159 131 155 142 268 49 67 0 0 0 6 3 0 0 3 13 64 0 3 126 0 3 0 0 5 65 74 56 6 2 0 0 0 5 0 4 3 0 0 2 7 0 0 0 1 0 0 0 14 0 0 0 0 0 0 1 0 0 0 0 1 0 0 0 0 0 0 0 0 0 3 1 25 0 0 22 11 26 0 0 18 0 0 0 1 0 0 4 11 15 0 0 0 19 0 0 0 0 0 34 3 0 0 24 0 14 44 0 0 0 0 0 0 0 0 0 0 0 0 4 0 0 7 0 0 0 0 0 0 0 0 0 0 0 0 0 0 0 0 0 0 0 0 0 5 0 0 0 0 0 29 8 23 0 0 0 0 1 0 0 0 0 14 0 18 0 0 10 29 0 0 1 0 13 23 3 0 0 0 1 12 2 1 29 17 22 13 0 0 0 0 0 0 0 0 0 0 0 0 0 0 0 0 0 0 0 0 0 0 0 0 0 0 0 0 0 0 0 0 0 0 11 0 1 0 5 0 6 0 0 0 0 0 0 0 0 0 0 0 0 0 0 0 0 0 0 0 0 1 15 0 0 11 0 0 0 0 
 3 8 3 4 3 3 7 3 6 3 6 3 44 3 3 3 3 3 3 67 44 118 122 107 303 0 118 17 40 342 222 128 230 243 54 66 74 155 261 47 61 72 0 3 215 2 116 3 4 0 0 4 0 63 63 0 63 7 27 63 8 3 2 0 0 2 4 0 0 0 0 0 2 0 2 0 0 0 0 0 0 0 0 0 0 0 0 0 0 0 0 0 0 0 0 0 0 0 0 0 0 0 0 9 51 15 0 0 7 33 12 0 0 17 0 0 0 18 0 0 46 10 50 2 0 0 45 24 13 0 0 0 27 10 0 1 72 17 0 23 0 0 0 0 0 0 0 0 0 0 0 0 0 0 0 0 0 0 0 0 0 0 0 0 0 0 0 0 0 0 0 0 0 0 0 0 0 2 0 0 0 0 0 2 30 57 0 0 0 0 13 12 0 0 0 12 0 6 0 0 19 15 0 1 0 0 27 20 10 0 0 0 1 16 32 17 10 18 19 40 0 0 0 0 0 0 0 0 0 0 0 0 0 0 0 0 2 0 0 0 0 0 0 0 0 0 0 0 0 0 0 0 0 0 9 1 3 3 2 0 0 1 0 0 0 0 0 0 0 0 0 0 0 0 0 0 0 0 0 0 0 0 23 0 32 15 0 5 0 0 
 0 0 61 9 0 1 3 74 64 2 0 0 1 0 0 0 0 75 0 0 215 161 181 170 61 118 0 213 65 73 60 51 190 425 208 336 230 398 49 283 4 0 1 3 64 0 0 0 0 0 0 2 0 0 2 0 0 0 3 2 0 3 2 0 0 0 3 0 0 3 0 0 2 0 0 0 4 0 0 0 0 0 12 56 0 0 0 0 17 0 0 0 0 2 0 0 0 8 0 0 12 31 0 11 0 10 30 33 30 7 9 9 0 33 0 13 0 2 0 9 0 0 0 0 0 0 1 0 0 0 0 0 0 0 0 0 0 0 12 0 0 0 0 0 0 0 0 0 0 0 1 0 0 0 0 0 0 0 0 0 0 0 0 0 0 12 0 0 0 12 0 0 0 0 0 8 0 0 0 0 0 47 14 19 16 2 4 33 16 20 0 16 13 31 3 31 23 48 0 14 0 0 0 0 0 0 22 0 0 0 0 0 0 0 1 0 0 0 16 0 0 0 0 0 0 0 0 0 0 0 0 0 0 0 0 0 0 0 0 0 0 0 0 0 0 0 0 0 0 0 0 0 0 0 20 0 0 0 0 0 15 0 0 0 0 0 0 0 0 0 0 0 0 0 0 9 0 0 0 10 0 0 0 0 0 8 0 0 0 0 
 0 0 0 0 0 16 2 2 2 0 0 0 0 0 2 1 0 0 0 0 195 165 73 108 43 17 213 0 228 173 185 120 157 82 166 337 71 50 150 57 0 0 0 3 2 9 0 0 0 0 0 2 0 0 2 0 0 0 7 0 1 3 2 0 0 0 3 0 0 2 0 0 2 3 0 0 0 0 0 4 0 0 0 10 8 11 0 0 0 0 0 0 19 0 0 0 0 0 0 12 28 9 13 18 1 0 8 10 1 14 0 15 6 10 1 9 20 0 0 0 20 0 0 0 0 0 1 0 0 0 0 0 0 0 4 0 0 0 40 9 0 0 0 0 0 0 0 0 0 0 0 0 0 2 0 0 1 0 0 8 0 5 18 0 0 0 0 0 2 0 0 1 0 0 0 0 0 0 0 0 19 26 30 0 25 0 7 8 39 9 23 0 0 12 12 0 11 30 0 0 0 0 0 0 0 0 0 0 0 1 0 0 1 0 0 0 0 0 8 1 0 0 0 0 0 0 0 0 0 0 0 0 14 0 0 0 0 22 0 0 0 0 0 0 0 0 0 0 0 0 0 0 0 0 9 0 1 1 0 1 1 0 0 0 0 0 0 1 0 0 0 0 0 0 0 0 0 0 0 12 0 0 0 0 0 0 0 0 0 0 
 0 0 0 1 0 162 1 2 0 1 0 3 0 2 0 2 0 0 0 2 114 99 303 364 82 40 65 228 0 305 126 73 207 246 194 272 117 52 55 154 0 0 0 3 2 0 0 0 0 0 0 2 0 0 2 0 2 0 4 0 0 3 2 0 0 0 3 0 0 0 0 0 2 2 0 0 0 0 0 0 0 2 0 0 38 10 0 0 0 0 0 0 0 0 0 0 0 0 0 0 26 11 63 6 18 6 54 1 0 19 30 0 39 16 10 22 11 40 2 0 57 0 2 0 0 0 0 0 12 0 0 0 8 6 0 0 0 17 28 0 0 0 0 0 0 0 0 0 0 0 0 0 0 0 0 0 0 1 0 8 0 6 6 0 0 0 0 0 0 0 0 0 0 0 0 0 0 0 0 0 19 10 11 34 0 0 8 4 17 31 4 36 0 0 6 28 22 24 2 37 0 0 0 0 0 0 41 0 0 0 0 0 12 0 0 0 0 0 2 13 0 0 0 0 0 0 0 0 0 0 0 0 0 18 0 0 0 0 0 0 0 0 0 0 0 0 0 0 0 0 0 0 0 1 14 0 0 75 1 2 3 14 0 0 0 2 15 0 0 0 29 0 0 0 0 0 0 0 0 0 0 13 0 0 0 2 1 0 0 9 
 0 3 0 0 0 41 0 0 5 6 0 0 0 40 0 0 0 0 74 0 54 209 144 168 280 342 73 173 305 0 227 244 131 87 205 174 204 132 138 128 2 3 0 3 3 0 2 0 0 0 0 2 21 1 2 3 2 2 87 0 0 14 2 3 0 0 11 0 3 0 0 3 2 7 0 0 3 1 0 0 0 0 0 0 20 1 0 0 0 0 0 0 1 0 0 0 0 0 0 0 40 31 38 29 17 0 4 0 0 14 21 16 18 0 16 28 36 31 0 0 12 0 16 0 0 21 0 10 7 0 0 0 14 15 11 0 15 18 39 26 0 0 0 14 10 0 0 0 0 0 0 0 0 0 0 4 0 0 0 4 0 9 8 0 0 0 0 0 0 0 0 0 0 0 0 0 0 2 0 0 23 11 0 0 10 23 46 11 17 11 41 4 0 9 20 28 21 14 0 0 0 0 0 0 2 0 13 0 0 0 0 0 28 0 0 9 0 0 1 18 0 2 0 1 0 0 0 0 0 0 0 0 0 0 0 0 0 13 0 0 0 0 0 0 0 0 0 0 0 0 0 0 0 0 3 0 5 3 75 0 0 0 0 0 0 0 15 0 0 0 0 0 0 0 0 0 0 0 0 0 0 14 0 0 0 0 20 0 0 0 
 0 0 0 0 0 0 0 2 0 1 0 0 0 0 0 2 0 0 0 3 312 76 142 54 55 222 60 185 126 227 0 141 115 34 120 73 113 293 75 266 59 0 0 3 2 0 0 0 0 0 0 2 7 0 32 1 0 0 155 0 6 3 2 0 0 0 3 1 0 0 0 0 2 0 5 0 0 0 0 0 0 2 0 0 0 0 0 0 0 0 0 0 0 0 0 0 0 0 0 0 4 9 0 1 38 1 17 8 10 12 0 28 0 10 0 0 0 14 0 0 33 18 31 0 0 0 30 11 47 14 20 0 45 12 12 0 0 0 1 9 0 0 0 22 15 0 0 0 0 0 0 0 17 0 0 10 0 0 0 5 0 0 0 0 13 0 0 0 2 3 0 0 0 0 0 0 0 0 0 0 0 0 0 44 1 64 0 0 2 29 16 57 0 0 0 43 0 34 0 0 0 0 0 0 0 0 38 0 4 1 0 1 24 0 0 7 1 0 1 36 0 0 0 0 0 0 0 0 0 0 0 0 0 0 0 0 0 0 0 0 0 0 0 0 0 0 0 0 0 0 0 0 0 0 7 2 0 76 131 1 3 1 0 0 0 0 0 0 0 0 0 0 0 0 0 0 0 0 0 8 0 12 1 0 0 1 0 0 0 0 
 1 0 0 0 2 2 0 0 3 3 0 27 0 0 0 0 0 0 75 2 35 347 113 126 127 128 51 120 73 244 141 0 33 213 193 46 183 252 48 46 0 0 0 3 3 0 62 1 1 0 0 3 54 64 3 0 1 0 100 0 0 1 2 0 0 0 2 0 0 0 0 0 2 0 0 0 1 0 0 4 0 0 0 0 0 2 0 16 0 0 1 0 0 0 0 0 0 0 0 2 0 1 10 21 1 11 1 0 39 12 2 11 0 19 0 0 15 0 0 2 33 0 21 2 0 15 0 0 12 12 0 0 11 1 32 0 0 0 50 25 0 0 0 0 0 0 0 0 0 0 0 0 0 0 0 0 0 0 0 0 0 0 0 0 0 0 0 0 0 0 1 0 0 0 0 0 0 0 0 0 0 15 18 20 24 22 0 0 22 10 4 11 0 0 0 5 0 44 0 0 0 11 0 0 0 0 53 18 0 0 0 0 1 0 19 12 0 26 45 17 0 0 1 0 0 0 0 0 0 0 0 0 0 10 7 0 0 19 2 0 0 0 0 0 0 0 0 0 0 0 0 0 0 0 9 0 4 6 1 0 11 0 0 0 0 0 0 0 0 0 0 0 0 0 0 0 1 0 0 0 0 2 1 0 0 0 0 0 0 0 
 3 4 3 85 75 76 3 3 2 2 3 3 3 0 3 24 39 3 3 2 185 38 359 144 279 230 190 157 207 131 115 33 0 383 192 123 226 77 280 122 6 0 0 6 2 0 0 0 0 0 0 2 2 0 2 0 0 0 3 2 0 5 2 0 0 0 6 0 1 29 0 0 4 1 0 0 0 0 1 0 0 0 0 10 0 0 0 0 0 0 0 0 0 0 0 0 0 3 0 0 65 8 14 52 16 9 2 23 22 16 29 9 0 32 23 10 12 29 0 21 0 0 0 0 0 0 0 0 0 0 0 0 0 0 0 0 0 0 13 0 0 0 0 0 0 0 0 0 0 0 0 0 0 0 0 0 0 0 12 3 0 0 0 0 0 0 0 0 0 0 0 0 0 0 0 0 18 0 0 0 17 34 39 23 0 0 27 19 41 19 12 21 25 0 6 29 14 29 20 11 0 0 0 0 0 0 18 0 0 0 0 0 0 0 0 0 0 0 1 0 0 0 0 0 0 0 0 0 0 0 0 0 0 0 0 0 0 0 0 0 0 0 12 0 0 0 0 0 0 0 0 0 0 0 0 0 0 74 0 0 2 12 0 0 0 0 0 0 0 0 0 0 0 0 0 0 9 11 0 0 0 0 0 0 0 16 6 0 0 0 
 2 3 74 0 24 235 1 1 10 3 0 79 0 0 0 0 0 0 0 4 380 126 209 454 159 243 425 82 246 87 34 213 383 0 434 229 243 83 271 411 5 1 0 3 3 0 0 0 0 0 1 2 0 0 3 0 1 2 3 0 0 2 2 0 3 0 2 0 0 0 0 0 2 0 0 0 0 0 0 0 0 0 0 0 14 0 0 1 0 0 0 14 0 0 15 0 0 0 0 1 10 9 11 0 8 2 28 11 21 22 24 9 21 37 24 6 1 0 10 30 0 0 0 0 0 0 0 0 0 0 0 0 1 1 0 0 0 0 14 14 10 0 0 0 0 0 0 0 0 0 0 0 0 0 13 0 0 0 0 4 0 0 2 0 0 32 0 0 0 0 0 0 0 0 8 0 15 3 0 1 15 2 9 22 10 0 0 14 52 16 10 6 0 20 19 12 17 23 0 35 0 0 0 0 0 0 0 0 0 0 0 0 0 0 0 0 16 0 30 0 0 0 0 0 0 8 0 0 0 0 0 0 0 0 0 0 0 0 0 0 0 0 0 0 0 0 0 0 0 54 0 1 0 0 11 2 1 4 0 0 0 9 0 0 0 0 1 0 0 0 0 0 0 0 0 0 2 0 0 0 0 17 0 2 0 0 1 0 0 0 
 3 3 3 4 25 79 3 5 3 5 3 3 206 204 3 3 3 3 5 3 555 121 489 220 131 54 208 166 194 205 120 193 192 434 0 396 274 194 60 143 0 0 0 3 3 0 0 0 0 5 0 3 0 0 3 1 0 0 34 0 0 1 2 0 0 0 9 0 0 6 0 28 2 8 0 0 1 0 0 0 20 0 0 0 0 0 0 0 0 0 0 0 0 0 0 0 0 0 2 0 10 19 12 9 0 9 13 27 33 30 13 13 18 8 32 10 0 13 11 12 0 0 0 0 0 0 9 0 0 0 0 0 12 0 0 0 0 0 11 16 0 1 0 5 4 0 0 0 0 0 0 0 5 0 0 4 0 0 0 5 0 0 0 0 0 20 0 0 0 0 0 0 0 0 0 0 0 2 0 0 21 0 2 15 16 0 9 4 36 11 1 0 0 12 1 47 29 20 0 19 0 0 0 0 0 0 0 0 0 0 0 0 16 0 0 0 0 0 19 0 0 0 0 0 0 0 0 0 2 0 0 0 14 0 0 0 0 0 0 0 0 0 0 0 0 0 0 0 0 0 0 0 0 0 6 0 0 0 1 2 2 3 0 0 0 0 0 0 0 0 0 0 0 0 0 0 0 0 0 0 0 11 0 0 0 0 18 0 0 0 
 0 2 38 0 83 82 0 0 3 1 1 1 2 1 2 0 0 0 0 0 56 52 140 174 155 66 336 337 272 174 73 46 123 229 396 0 289 33 132 128 7 0 0 3 3 0 0 0 0 0 0 3 0 0 3 0 0 1 3 28 0 2 2 0 0 0 3 0 0 32 31 0 2 27 53 0 0 0 0 0 0 0 0 1 0 0 0 0 0 0 0 0 0 0 0 0 0 0 0 0 13 10 36 2 18 20 14 12 0 50 44 16 23 15 12 13 15 56 12 36 0 0 0 0 0 0 0 0 0 1 0 0 1 0 0 0 0 6 23 6 2 0 0 0 0 0 0 0 0 0 0 0 0 0 0 0 0 0 0 4 23 0 0 0 0 17 0 0 0 3 0 26 2 2 0 0 0 1 0 0 11 17 15 13 0 0 7 6 75 10 26 20 0 19 1 12 19 24 0 32 0 0 0 0 0 0 0 0 2 0 0 16 0 0 0 0 0 0 0 0 0 0 0 0 0 0 0 0 0 0 0 0 0 0 1 0 0 0 0 0 0 0 0 0 0 0 0 0 0 1 0 0 0 0 7 0 3 74 1 0 0 22 0 0 0 0 14 0 0 0 0 0 0 0 0 0 0 0 0 0 0 1 0 0 0 0 1 0 0 0 
 0 3 0 0 0 178 2 8 0 1 0 0 0 0 3 0 0 0 0 2 25 23 158 106 142 74 230 71 117 204 113 183 226 243 274 289 0 141 173 86 1 0 0 3 211 0 0 0 0 2 0 2 125 1 2 0 0 0 75 0 0 3 2 0 0 0 3 0 0 0 0 0 2 3 0 0 2 0 0 0 0 0 0 0 26 17 0 0 0 0 0 0 0 0 0 0 0 0 0 0 39 15 34 24 0 0 18 0 16 0 11 10 31 0 1 24 22 0 0 4 12 0 0 0 0 10 13 0 0 0 0 0 4 16 21 0 0 7 16 14 0 5 0 1 5 0 0 0 0 0 0 0 6 0 0 5 0 0 0 0 0 7 6 0 0 0 0 0 0 0 0 0 0 0 0 0 0 0 0 0 13 4 14 10 0 18 21 10 15 15 0 0 0 9 38 0 25 1 0 22 0 0 8 0 0 0 18 7 0 0 0 0 0 1 12 0 0 27 0 17 0 0 0 0 0 0 0 0 0 0 0 0 11 0 0 0 0 0 0 12 0 0 6 0 0 0 0 0 0 0 0 1 0 0 10 0 2 83 0 0 0 2 4 0 0 0 16 0 0 0 0 0 0 0 0 0 0 0 0 0 0 0 0 0 0 0 1 0 0 0 
 1 4 1 0 2 2 1 1 2 1 2 0 6 0 0 0 1 1 1 2 62 335 124 48 268 155 398 50 52 132 293 252 77 83 194 33 141 0 117 198 1 0 0 3 3 0 1 0 0 0 0 2 63 24 2 0 0 0 3 0 0 3 2 0 0 0 16 0 0 7 0 0 2 4 0 0 0 0 0 0 0 0 2 0 1 27 0 0 0 0 0 0 0 0 0 0 0 0 0 0 2 44 10 6 0 30 19 1 15 15 20 6 1 0 11 0 18 3 0 0 3 0 0 0 1 0 0 0 6 0 0 0 31 0 0 0 0 0 11 4 0 0 0 0 0 2 0 0 0 0 0 0 2 0 0 0 0 0 0 0 0 1 0 0 0 0 1 1 0 0 0 0 0 0 0 19 0 0 0 0 18 1 11 24 4 20 7 26 42 20 0 0 0 17 15 21 66 14 0 0 0 18 0 0 1 0 26 15 0 0 0 2 0 25 0 0 0 17 17 47 0 0 0 1 0 0 6 0 0 0 0 0 0 0 0 0 0 0 0 0 0 0 0 0 0 2 0 0 0 0 0 0 0 0 1 0 3 0 4 0 15 0 0 0 0 0 0 0 0 0 0 0 0 0 0 0 0 0 0 0 0 0 0 0 0 0 17 0 0 0 
 0 0 24 1 0 117 3 0 0 74 3 75 0 37 0 0 0 0 0 3 192 116 22 67 49 261 49 150 55 138 75 48 280 271 60 132 173 117 0 143 0 0 3 0 5 5 0 0 0 0 0 2 2 2 0 0 0 3 0 3 1 2 0 0 4 2 0 2 1 5 2 3 0 3 0 2 0 2 0 0 0 0 0 10 24 30 0 0 0 0 0 12 0 0 0 0 0 0 0 16 50 31 33 0 11 7 22 10 13 10 42 0 12 27 10 0 1 33 12 14 1 0 0 0 0 0 0 0 0 17 0 0 0 0 0 0 0 0 0 0 0 0 0 0 0 0 0 0 0 0 0 0 0 0 0 0 0 0 0 3 0 4 14 0 0 11 0 0 18 0 0 0 0 0 0 0 0 14 0 0 14 10 35 20 0 0 29 8 16 49 0 20 2 13 46 27 23 20 0 35 0 0 0 0 0 0 25 0 0 0 0 0 0 0 0 0 0 0 0 19 0 0 0 0 0 0 0 0 0 0 0 0 0 0 0 0 0 17 0 0 0 0 17 0 0 1 0 0 0 80 0 0 0 21 12 2 0 73 0 0 10 22 21 0 0 0 0 0 0 0 0 0 0 0 0 0 0 0 0 0 0 8 0 0 0 0 0 0 0 0 
 0 0 76 90 0 18 0 0 82 0 28 36 0 1 0 0 0 0 2 0 130 31 114 355 67 47 283 57 154 128 266 46 122 411 143 128 86 198 143 0 9 0 0 3 3 0 0 0 0 0 0 3 0 2 3 0 0 3 5 65 0 2 2 0 2 0 9 0 0 6 0 0 2 0 0 0 0 0 0 98 0 0 0 74 31 11 0 18 0 0 0 15 0 0 0 0 0 20 2 0 32 32 12 28 0 11 29 24 15 8 5 3 6 0 16 23 1 10 1 17 0 0 0 0 0 0 0 0 0 0 0 0 0 0 0 1 0 0 0 0 15 1 0 0 0 0 0 0 0 0 7 0 0 0 1 0 0 0 0 0 0 3 5 23 0 7 0 0 0 0 0 0 40 0 0 39 0 0 0 0 31 42 1 3 17 0 38 84 50 7 0 0 8 31 23 8 35 17 32 1 0 0 0 0 0 0 0 0 0 0 0 0 0 0 0 0 0 0 9 0 0 0 0 0 0 0 0 0 2 0 0 0 0 0 0 0 0 0 0 0 0 0 0 0 0 0 0 0 1 0 0 0 0 0 4 0 1 0 0 0 3 0 0 0 0 2 0 0 0 0 0 0 0 0 0 0 0 0 0 0 0 0 0 0 0 0 12 0 0 0 
 0 1 0 0 0 0 0 0 4 2 0 0 0 0 0 0 0 0 0 0 1 1 1 0 0 61 4 0 0 2 59 0 6 5 0 7 1 1 0 9 0 469 79 62 105 81 459 111 106 33 19 38 35 188 327 459 103 46 111 272 8 0 55 0 0 0 1 0 0 0 0 0 0 52 5 0 0 0 0 0 0 0 0 0 0 0 0 0 0 0 0 0 0 0 0 0 0 0 0 0 0 8 0 8 0 2 1 17 0 0 13 15 0 0 0 0 0 0 0 13 3 18 35 9 19 0 9 31 9 4 0 24 10 8 35 13 14 29 0 7 0 0 0 0 0 0 1 0 0 0 0 0 0 14 0 0 0 0 0 0 5 0 0 4 0 0 0 16 0 0 0 0 0 0 5 0 0 0 0 0 0 5 0 28 0 4 0 5 0 27 0 0 0 8 10 0 2 24 0 5 9 4 3 0 29 9 0 0 16 4 29 0 28 0 0 0 9 6 3 5 0 0 15 0 0 0 0 0 0 0 0 0 0 0 0 0 0 0 0 20 0 0 0 0 0 0 0 0 0 0 0 3 0 0 0 0 0 64 0 13 0 0 0 35 37 0 0 0 0 0 9 0 0 0 0 0 0 0 0 0 0 0 0 0 0 0 0 0 2 0 
 7 0 0 0 0 0 0 0 3 7 0 0 0 1 0 0 0 0 0 2 0 0 0 0 0 72 0 0 0 3 0 0 0 1 0 0 0 0 0 0 469 0 275 156 39 78 141 499 137 46 303 45 60 112 441 188 367 59 39 487 0 0 0 0 2 0 4 0 0 4 0 0 0 55 0 0 0 6 4 0 0 0 0 0 0 0 0 0 0 0 0 0 0 0 0 0 0 0 0 0 0 0 0 0 0 0 0 0 0 0 0 0 0 0 0 0 0 0 0 0 0 1 0 34 1 10 9 19 26 29 1 29 34 6 25 0 29 41 0 0 0 1 0 0 0 0 21 0 0 0 0 0 32 14 0 3 0 0 11 0 8 0 0 3 0 0 0 0 0 0 0 2 0 0 18 0 0 0 0 0 0 0 0 0 0 0 0 0 0 0 0 0 0 0 0 0 0 0 0 0 14 38 11 21 41 0 0 10 38 8 19 11 18 15 5 20 0 14 0 0 0 0 0 0 0 0 3 0 0 0 10 0 0 0 0 0 0 0 0 13 0 0 0 0 0 0 0 0 0 0 0 9 0 0 0 0 0 0 0 0 0 0 2 65 2 4 2 0 0 0 2 0 0 0 0 0 0 0 0 0 0 0 0 0 19 0 0 38 2 0 
 3 6 3 3 0 6 5 3 3 3 5 3 3 0 3 3 6 3 3 3 0 0 0 2 0 0 1 0 0 0 0 0 0 0 0 0 0 0 3 0 79 275 0 432 77 252 376 189 237 300 55 115 80 194 103 118 322 268 44 33 0 0 1 0 0 0 1 0 7 0 0 1 0 0 0 0 1 0 0 1 0 0 0 0 0 0 0 0 0 0 0 0 0 0 0 0 0 0 0 0 0 0 0 0 0 0 0 0 0 0 0 0 0 6 0 0 0 0 0 0 0 28 23 10 0 0 0 20 10 5 4 51 1 0 20 0 21 31 0 0 1 12 0 0 9 0 27 7 0 0 0 0 0 7 3 0 0 0 0 2 5 0 0 4 0 0 0 0 0 0 0 0 0 0 5 0 0 0 0 0 0 0 0 0 52 0 0 0 0 0 0 0 0 0 0 0 17 0 0 0 0 4 29 2 28 22 0 0 24 6 21 40 8 0 0 0 8 18 0 0 17 0 0 0 0 31 13 1 0 0 8 0 0 0 0 0 27 0 9 40 0 0 12 0 0 0 0 0 0 0 0 11 0 2 0 0 0 0 0 13 0 0 0 35 2 2 2 66 0 0 11 0 0 0 0 0 0 0 0 0 0 0 0 0 0 0 0 0 1 0 
 0 3 0 0 0 0 0 0 64 0 2 0 0 0 0 0 0 0 0 0 3 0 3 3 6 3 3 3 3 3 3 3 6 3 3 3 3 3 0 3 62 156 432 0 100 452 375 155 263 353 196 285 127 165 76 258 189 268 82 125 0 0 0 0 0 0 52 51 0 0 0 0 5 26 0 0 0 0 29 61 0 0 0 0 14 0 0 0 0 0 0 0 0 0 0 0 0 0 0 0 0 0 0 0 0 0 0 0 0 0 0 0 0 0 0 0 0 0 0 0 0 0 0 0 10 0 0 10 0 0 11 5 0 8 0 9 20 0 0 0 0 17 0 0 0 0 12 17 0 0 0 0 8 0 10 0 0 0 8 0 0 0 0 0 12 0 0 0 0 0 0 5 0 0 4 0 0 0 0 0 0 0 0 0 0 0 0 0 0 0 0 0 0 0 0 0 0 0 0 0 0 11 0 4 0 0 0 0 42 0 0 10 0 0 0 28 13 30 0 0 10 0 0 0 0 9 11 0 0 0 0 0 10 0 0 21 8 0 6 22 0 0 0 0 0 0 0 0 0 0 0 12 0 1 0 0 0 0 0 0 0 0 1 2 1 3 2 0 0 0 0 0 0 0 0 0 0 0 0 0 0 2 0 1 0 0 0 0 2 0 
 0 3 4 0 0 0 0 7 0 1 0 0 0 0 0 14 0 33 7 0 1 3 3 1 3 215 64 2 2 3 2 3 2 3 3 3 211 3 5 3 105 39 77 100 0 122 489 80 67 69 72 136 100 74 91 72 36 109 115 190 51 209 86 0 0 0 1 67 56 10 1 9 51 24 50 0 17 0 0 51 4 1 0 4 0 0 1 0 0 0 0 0 5 0 0 0 0 2 0 0 0 0 0 0 0 0 0 0 16 0 0 0 0 1 0 0 0 0 0 0 0 0 14 0 20 7 0 11 0 6 19 0 0 0 0 6 1 0 0 0 22 0 16 0 0 0 4 18 9 0 0 1 20 0 6 0 0 0 3 29 0 7 16 0 12 0 0 14 0 3 0 0 0 2 0 0 0 0 0 0 0 0 0 0 0 0 0 0 0 0 0 0 0 0 0 0 0 0 0 0 0 1 9 0 0 38 0 9 0 6 21 1 1 0 0 0 0 0 0 0 0 14 3 13 0 0 51 16 11 0 46 0 9 11 37 0 11 0 17 10 9 0 2 0 0 0 0 0 0 0 0 13 0 0 0 0 0 0 0 4 0 0 9 0 65 2 1 63 2 0 0 0 6 1 0 0 0 0 0 0 0 0 0 0 0 0 0 0 2 0 
 0 0 0 0 3 1 0 0 5 0 0 0 0 3 0 0 0 0 0 1 0 0 0 43 0 2 0 9 0 0 0 0 0 0 0 0 0 0 5 0 81 78 252 452 122 0 240 234 40 92 85 265 102 261 52 52 74 52 52 114 0 1 3 24 3 0 1 23 0 0 0 0 0 50 0 5 0 0 100 79 0 0 0 0 0 0 0 0 0 11 0 0 0 0 0 0 0 0 0 0 0 0 0 11 0 0 0 0 0 0 0 0 0 0 0 0 0 0 0 0 0 0 0 0 23 1 0 0 9 0 0 10 0 0 0 0 0 0 0 0 12 22 14 0 8 0 8 16 8 1 19 0 30 19 9 27 0 0 7 3 1 0 0 1 0 0 0 0 2 0 0 3 9 0 0 0 0 0 0 0 0 0 0 0 0 12 0 0 0 0 0 0 0 0 0 0 0 0 0 0 0 1 0 39 0 13 0 0 0 0 0 0 0 0 0 18 0 0 0 0 27 0 21 0 0 0 26 0 0 11 0 0 11 1 44 47 11 0 0 11 0 0 0 0 0 0 0 0 0 0 0 8 0 0 0 0 0 0 0 1 0 0 77 0 2 15 0 0 0 0 0 0 0 0 0 0 0 0 0 0 0 0 0 0 0 0 0 8 8 0 
 2 5 2 2 0 2 2 2 5 5 2 2 2 0 2 2 2 2 2 65 0 0 0 63 0 116 0 0 0 2 0 62 0 0 0 0 0 1 0 0 459 141 376 375 489 240 0 432 279 262 50 121 90 151 341 51 252 87 53 347 0 1 0 1 1 0 70 23 1 10 0 6 11 0 0 15 0 0 0 0 0 0 0 0 0 0 0 0 0 0 0 0 0 0 0 0 0 0 0 0 0 0 0 0 0 0 0 0 0 0 0 0 0 0 0 0 0 0 0 0 0 30 8 42 7 0 0 31 2 0 0 25 10 38 29 21 1 8 0 0 0 0 21 0 0 0 0 0 0 0 0 0 0 1 2 0 0 10 0 1 3 0 0 1 0 2 0 0 0 0 0 0 0 0 0 0 0 0 0 0 0 0 0 0 15 10 0 0 0 0 0 0 0 0 0 0 0 0 0 0 44 22 1 17 19 0 0 9 25 10 12 0 0 31 1 15 0 10 0 10 0 3 0 1 11 0 0 0 1 0 0 3 28 0 6 0 0 3 0 1 0 0 0 0 0 0 0 0 0 0 0 8 4 2 0 0 0 62 0 10 0 0 0 64 2 0 0 0 0 0 5 0 0 0 0 25 0 0 0 0 0 0 0 0 0 0 0 0 0 0 
 3 3 3 3 0 3 3 3 3 3 3 3 3 0 3 3 3 3 3 3 204 0 0 1 3 3 0 0 0 0 0 1 0 0 0 0 0 0 0 0 111 499 189 155 80 234 432 0 206 34 57 229 91 194 144 169 162 112 284 113 0 0 0 0 0 0 1 0 1 0 0 2 3 55 0 0 0 0 0 0 0 0 0 0 0 0 0 0 0 0 0 0 0 0 0 0 0 0 0 0 0 0 0 0 0 0 0 0 0 0 0 0 0 0 0 0 0 0 0 0 0 1 10 49 58 27 10 20 9 28 11 11 3 21 7 0 17 20 0 0 0 0 0 0 0 0 12 0 0 0 0 0 42 5 0 0 0 0 0 0 6 0 0 4 0 0 0 0 0 0 0 4 0 0 19 0 0 0 0 0 0 0 0 0 10 3 4 0 0 0 0 0 0 0 0 0 0 0 10 0 30 50 0 5 10 0 0 21 14 0 27 0 23 8 9 12 0 24 0 0 0 0 0 0 7 0 0 0 0 0 0 0 19 0 0 0 0 0 0 5 0 0 0 0 0 2 0 0 0 32 0 5 0 16 0 0 0 0 0 8 0 0 2 65 0 0 0 0 1 0 11 0 0 0 0 0 0 0 0 0 0 0 0 0 13 0 0 6 0 0 
 0 0 0 0 0 5 0 0 0 0 0 0 0 0 0 0 0 31 0 0 0 0 0 0 13 4 0 0 0 0 0 1 0 0 0 0 0 0 0 0 106 137 237 263 67 40 279 206 0 74 90 105 93 329 375 118 113 127 73 90 0 4 0 0 0 0 1 0 9 0 0 0 0 52 0 0 2 0 0 0 0 0 0 0 0 0 0 0 0 0 0 0 0 0 0 0 0 0 3 0 0 0 0 0 3 1 0 0 0 0 0 14 0 0 0 0 0 2 0 0 0 0 17 22 1 0 0 26 18 20 10 24 0 3 3 0 34 20 0 5 0 6 0 0 0 0 30 0 0 0 0 0 20 16 0 0 0 0 0 0 5 0 0 5 0 0 0 0 0 0 0 9 0 0 5 0 0 0 0 0 0 0 0 0 20 2 0 0 0 0 3 0 0 0 0 1 0 0 0 0 2 9 14 0 22 7 0 7 24 0 30 15 21 0 0 37 5 13 0 0 12 0 0 0 0 0 6 0 0 0 0 0 0 0 0 0 21 0 9 22 0 0 16 0 0 0 0 0 0 0 0 9 0 2 0 0 0 0 7 2 0 0 0 68 0 0 2 65 0 0 10 0 0 0 0 0 0 0 0 0 0 4 5 0 0 0 0 0 0 0 
 0 2 0 0 0 0 2 0 0 0 2 0 0 0 0 0 0 0 0 0 63 0 0 0 64 0 0 0 0 0 0 0 0 0 5 0 2 0 0 0 33 46 300 353 69 92 262 34 74 0 176 218 98 95 118 139 338 28 81 102 0 0 0 0 55 0 5 0 0 0 0 0 5 1 0 0 0 0 106 1 0 0 0 0 0 0 0 0 0 0 0 0 0 0 0 0 0 0 27 0 0 0 0 0 0 0 0 0 0 0 0 0 0 0 0 19 0 0 0 0 0 9 0 28 15 7 0 7 0 0 1 10 0 0 0 7 14 0 0 0 0 18 5 0 0 0 10 3 0 0 0 0 0 12 0 0 0 0 1 10 0 0 0 0 0 0 0 0 0 0 0 0 0 0 0 0 0 0 0 0 0 0 0 0 0 0 0 0 0 0 0 0 0 0 0 0 0 0 0 0 0 0 2 58 0 11 0 0 42 0 0 4 0 0 0 0 21 17 0 0 27 0 36 0 0 0 8 0 19 0 0 0 11 0 11 0 21 0 9 0 0 0 0 0 0 0 0 0 0 0 0 7 0 0 0 0 0 0 0 9 0 0 73 0 2 13 0 0 0 0 0 0 0 0 0 0 0 0 0 0 22 0 0 0 0 21 0 0 2 10 
 0 0 0 0 0 0 3 0 0 0 2 0 0 0 0 0 0 0 0 0 0 0 0 0 0 0 0 0 0 0 0 0 0 1 0 0 0 0 0 0 19 303 55 196 72 85 50 57 90 176 0 55 51 23 78 59 360 377 38 122 0 0 0 0 0 0 10 0 6 0 0 2 2 8 50 0 41 6 50 4 0 0 0 0 0 0 0 0 0 0 0 9 0 0 0 0 0 0 0 0 0 0 0 0 0 0 0 0 4 0 0 0 0 0 0 0 0 0 0 4 0 7 0 8 15 2 26 0 1 5 33 11 0 0 4 5 0 11 0 0 1 0 5 17 0 0 10 6 0 0 0 0 19 0 0 0 0 0 15 3 0 0 0 0 0 0 0 0 0 0 0 0 0 0 0 0 0 0 0 0 0 0 0 0 0 0 0 0 0 0 0 0 0 0 0 0 0 0 0 0 29 12 22 31 2 14 0 9 3 2 8 19 3 0 25 1 20 3 0 0 0 0 17 0 0 2 0 0 0 0 0 0 9 0 19 0 17 0 0 25 0 0 1 0 0 0 0 0 0 0 0 16 0 2 0 1 0 0 0 0 0 0 61 0 2 2 0 64 4 0 0 0 0 0 0 0 0 0 0 0 0 3 0 0 31 0 0 20 0 0 
 0 65 0 0 0 0 0 0 0 0 0 0 0 0 0 0 0 0 0 0 69 0 2 2 3 4 2 2 2 2 2 3 2 2 3 3 2 2 2 3 38 45 115 285 136 265 121 229 105 218 55 0 36 110 48 172 127 77 30 73 6 0 6 0 0 0 2 51 0 0 0 0 0 54 52 3 52 0 0 2 0 0 0 0 0 0 0 11 0 0 0 0 0 0 0 0 0 0 0 0 0 0 0 0 0 0 0 0 11 0 0 0 0 20 29 0 0 0 0 0 0 0 0 54 30 14 0 0 1 14 0 0 14 8 0 0 3 0 0 0 0 26 83 0 0 0 15 1 5 0 0 0 0 3 6 0 0 0 6 16 0 0 0 0 0 0 0 0 0 0 0 0 0 0 0 0 0 0 0 0 0 0 0 0 0 1 0 0 0 0 0 0 0 0 0 0 5 0 0 0 19 29 0 23 27 62 0 9 0 0 0 20 0 3 0 23 8 19 0 0 11 1 44 0 0 12 31 7 0 0 0 0 40 4 22 2 2 0 7 0 0 0 0 0 0 0 0 0 0 0 0 12 1 0 0 0 0 0 0 12 0 0 66 0 1 0 4 0 0 0 0 0 0 0 0 0 0 0 0 0 0 0 0 0 3 0 0 0 2 0 
 0 2 0 2 0 0 2 0 4 0 0 0 0 0 0 0 0 0 0 0 0 64 64 0 126 0 0 0 0 21 7 54 2 0 0 0 125 63 2 0 35 60 80 127 100 102 90 91 93 98 51 36 0 86 36 103 25 104 190 97 1 1 2 0 0 0 0 0 1 0 0 2 4 22 1 0 0 2 32 49 0 0 0 0 0 0 0 0 0 0 0 0 0 0 0 0 0 0 0 0 0 0 0 19 0 0 0 0 14 0 0 7 0 0 0 0 12 0 0 0 9 0 0 12 7 23 33 7 0 19 3 0 21 2 10 7 26 0 7 16 2 0 0 0 3 0 0 0 4 0 0 0 4 44 0 3 0 0 4 0 7 0 0 0 0 1 0 0 0 0 0 0 0 0 0 0 0 0 0 0 0 0 0 8 19 2 0 0 0 0 0 0 0 0 0 1 0 0 0 0 6 0 12 0 0 0 18 5 12 12 0 0 0 11 55 0 16 24 11 17 0 0 4 0 0 0 0 0 0 0 0 0 7 2 0 4 0 17 2 0 0 0 0 0 0 0 0 0 0 0 0 14 0 0 1 2 0 1 3 0 1 0 0 0 0 2 9 0 0 0 0 0 0 0 0 0 0 0 0 0 0 0 0 0 4 11 0 0 2 0 
 0 0 10 0 0 0 39 5 0 2 6 0 0 0 0 0 5 0 0 3 0 0 0 82 0 63 0 0 0 1 0 64 0 0 0 0 1 24 2 2 188 112 194 165 74 261 151 194 329 95 23 110 86 0 168 59 38 91 80 199 0 0 0 0 0 0 0 0 0 5 0 0 0 50 0 5 0 0 2 0 16 4 0 7 0 0 0 0 0 0 0 0 6 12 0 4 0 0 0 0 0 0 0 0 0 0 0 0 0 0 0 4 0 0 0 0 0 0 2 0 0 13 0 25 1 17 0 39 7 19 0 39 11 18 11 10 0 1 0 0 0 0 0 0 0 0 9 0 0 0 0 0 20 0 9 0 0 0 7 1 4 4 0 2 5 3 0 3 0 10 5 1 0 0 5 0 0 1 0 0 0 4 0 0 0 44 0 6 0 0 1 0 0 0 0 0 0 0 0 0 36 9 0 24 7 0 0 14 9 24 1 0 0 29 1 43 8 12 0 18 0 0 0 0 0 0 6 0 0 0 0 0 16 0 0 0 0 0 0 28 0 0 0 0 0 0 0 0 0 0 0 17 0 1 0 0 0 63 0 1 0 0 5 65 0 0 0 0 0 0 0 0 0 0 0 0 0 0 0 0 0 0 0 0 0 0 0 0 1 0 
 3 3 3 3 2 3 3 3 3 3 6 3 3 2 3 3 3 3 3 3 2 1 2 3 3 63 2 2 2 2 32 3 2 3 3 3 2 2 0 3 327 441 103 76 91 52 341 144 375 118 78 48 36 168 0 100 37 104 155 186 6 0 0 0 0 0 0 3 0 0 0 0 0 0 5 0 0 0 0 4 0 0 0 0 0 0 0 0 0 0 0 0 0 0 0 0 0 0 0 0 0 0 0 0 4 0 0 0 0 0 0 18 0 0 0 0 0 0 0 0 21 34 53 1 22 0 21 14 4 7 19 22 24 9 30 24 2 12 0 8 0 2 0 0 0 0 5 2 0 0 0 0 24 1 3 0 0 0 0 3 8 0 0 6 22 1 0 0 0 0 0 0 0 0 15 0 0 0 0 0 0 0 0 9 0 37 0 0 0 8 0 0 0 0 0 0 0 0 0 7 29 39 19 0 15 3 0 18 4 20 26 5 2 12 1 0 3 31 0 19 6 0 0 0 0 5 34 1 0 0 0 0 0 0 0 0 0 0 0 11 0 0 3 0 0 0 0 0 0 0 0 11 0 0 0 0 0 63 0 26 0 0 2 6 69 1 0 0 0 0 0 0 0 0 0 0 0 0 0 0 0 0 0 0 0 0 0 0 1 0 
 0 0 0 0 0 0 3 0 3 3 3 0 0 0 59 4 0 0 0 0 0 0 0 0 0 0 0 0 0 3 1 0 0 0 1 0 0 0 0 0 459 188 118 258 72 52 51 169 118 139 59 172 103 59 100 0 82 104 38 294 0 0 2 0 0 3 1 0 0 0 0 0 0 0 0 3 3 0 2 0 0 0 0 0 0 12 0 0 0 0 0 0 0 0 0 0 0 0 0 0 0 0 0 0 15 0 0 0 0 0 10 0 0 0 0 0 0 0 0 16 0 10 14 34 0 14 18 0 13 38 0 19 3 17 21 26 32 9 0 0 0 7 0 0 0 0 18 0 0 0 0 0 0 6 0 0 1 0 7 0 0 32 0 0 0 4 0 12 0 0 1 0 0 0 0 0 0 0 0 0 0 0 0 0 29 0 0 0 0 0 1 0 0 0 0 0 0 0 0 0 27 0 66 10 43 10 2 18 21 34 13 0 4 17 8 7 6 9 11 0 1 0 0 0 0 0 13 0 0 0 0 0 16 0 0 0 0 0 1 1 0 0 0 0 0 0 0 0 0 0 0 5 0 0 0 0 0 0 0 1 0 0 0 0 66 2 0 0 0 0 2 0 0 0 0 0 0 0 0 0 0 0 0 0 0 15 0 0 1 19 
 13 0 0 0 1 0 3 0 2 2 3 0 63 0 0 0 0 0 0 0 0 0 0 0 0 63 0 0 2 2 0 1 0 1 0 0 0 0 0 0 103 367 322 189 36 74 252 162 113 338 360 127 25 38 37 82 0 403 254 151 0 0 0 0 0 0 0 0 0 2 0 0 2 52 0 0 0 0 56 0 0 0 0 0 0 0 0 0 0 0 0 0 0 0 0 0 0 0 0 0 0 0 0 0 20 0 0 0 0 0 0 0 0 0 0 0 0 0 0 0 0 0 0 45 13 0 12 9 4 24 10 12 0 18 24 7 32 13 0 0 0 17 0 0 0 0 14 0 0 0 0 0 30 25 0 0 0 0 3 0 0 0 0 0 0 0 0 0 0 0 0 9 0 0 0 0 0 0 0 0 0 0 0 0 0 0 8 0 0 0 0 0 0 0 0 0 0 0 0 0 20 33 0 21 21 0 0 29 41 0 9 0 12 10 10 29 5 10 0 0 24 0 0 0 0 0 4 0 0 0 0 0 9 0 0 0 0 0 0 0 0 0 0 0 0 1 0 0 0 0 0 7 0 0 0 0 0 0 0 0 0 0 1 0 2 22 1 0 2 0 2 0 0 0 0 0 0 0 0 0 0 0 0 0 11 16 0 6 1 0 
 1 0 0 0 0 0 2 0 2 3 2 0 0 0 0 0 0 0 0 0 1 0 0 0 5 7 0 0 0 2 0 0 0 2 0 1 0 0 3 3 46 59 268 268 109 52 87 112 127 28 377 77 104 91 104 104 403 0 45 102 0 0 0 0 2 0 38 0 0 2 3 0 0 55 0 0 0 1 0 0 0 0 0 0 0 0 0 16 8 0 0 0 0 0 0 0 0 0 0 0 0 0 0 0 2 0 0 0 0 0 0 0 0 0 0 0 0 35 0 0 0 10 17 19 50 9 21 14 1 15 32 0 12 26 0 6 43 14 0 7 0 0 0 0 0 8 1 0 0 0 0 19 21 0 4 0 0 0 0 0 0 0 0 0 0 14 0 0 0 0 0 0 0 0 0 0 0 0 0 0 0 0 0 0 18 0 0 0 0 0 0 0 0 0 0 0 0 0 0 0 60 23 36 1 5 0 0 30 0 25 31 0 11 11 9 13 34 5 0 2 0 0 0 0 0 1 0 0 0 0 0 0 13 0 0 0 0 0 21 1 0 0 0 0 8 0 0 0 0 0 0 11 0 1 0 0 0 0 0 4 0 1 0 0 25 3 1 0 0 0 0 0 0 0 0 0 0 0 0 0 0 0 3 0 23 0 0 26 2 0 
 3 2 3 2 0 3 3 2 4 4 2 3 2 0 3 3 33 3 2 3 2 91 64 2 65 27 3 7 4 87 155 100 3 3 34 3 75 3 0 5 111 39 44 82 115 52 53 284 73 81 38 30 190 80 155 38 254 45 0 200 4 0 4 0 0 203 49 0 3 0 0 203 0 0 4 0 0 2 0 0 0 0 0 0 0 0 0 0 0 0 0 0 0 0 0 0 0 0 0 0 1 0 0 9 28 14 0 0 30 0 0 31 0 1 0 0 22 16 0 0 19 5 17 0 0 11 28 1 0 0 22 0 23 0 38 1 1 0 30 16 0 0 0 5 4 0 0 0 0 0 0 0 5 0 0 4 0 0 0 12 0 0 0 0 5 0 0 0 0 6 0 0 0 0 0 0 0 0 0 0 0 0 1 28 10 22 0 0 0 0 15 15 0 0 0 2 0 14 0 0 0 0 0 0 0 0 0 0 12 0 0 31 6 0 0 0 8 0 1 21 0 0 0 0 0 0 0 0 0 0 1 0 0 0 0 0 0 11 0 0 0 0 0 0 0 0 0 0 0 0 0 14 0 0 0 0 0 2 65 0 0 0 65 0 0 3 0 0 2 0 0 0 0 0 0 0 0 0 0 0 0 0 0 0 0 14 0 0 0 0 
 0 0 0 0 0 0 0 0 0 0 0 0 0 0 0 0 0 63 0 5 0 75 128 139 74 63 2 0 0 0 0 0 2 0 0 28 0 0 3 65 272 487 33 125 190 114 347 113 90 102 122 73 97 199 186 294 151 102 200 0 0 0 0 0 0 0 0 4 0 1 0 0 0 0 8 0 0 0 0 3 0 0 0 0 22 0 8 0 0 0 0 0 0 0 0 0 0 0 0 0 0 0 0 0 14 21 0 0 0 14 21 14 0 0 0 0 0 18 0 0 0 10 0 32 0 0 5 11 0 10 2 0 9 0 8 13 0 11 18 21 5 0 0 0 0 0 0 0 0 0 0 3 0 0 7 0 0 0 0 1 0 0 0 0 21 0 0 0 0 6 0 0 9 0 0 8 0 9 0 0 0 0 0 27 0 1 0 0 0 19 10 19 0 0 0 14 0 25 0 0 19 16 0 14 0 0 24 5 0 9 0 20 10 10 13 0 25 0 14 0 0 0 0 0 0 0 0 0 0 0 0 0 0 0 0 15 0 0 9 0 0 0 0 0 0 0 0 0 0 0 0 4 0 0 0 0 0 65 1 0 0 0 0 0 0 4 3 0 0 0 0 0 0 0 0 0 0 0 0 0 0 0 0 0 15 0 0 10 2 0 
 0 1 0 0 0 0 0 0 0 0 0 0 0 0 0 0 0 0 0 0 0 0 0 0 56 8 0 1 0 0 6 0 0 0 0 0 0 0 1 0 8 0 0 0 51 0 0 0 0 0 0 6 1 0 6 0 0 0 4 0 0 138 144 133 115 267 92 173 103 97 49 109 363 114 185 84 31 459 65 306 0 0 0 0 0 0 0 0 0 0 0 0 0 0 0 0 0 0 0 0 0 0 0 0 0 0 0 0 2 0 0 0 0 0 0 0 0 0 0 0 3 4 4 6 14 7 3 1 0 0 14 0 5 0 0 1 0 0 0 5 4 15 0 15 0 0 5 1 1 28 0 16 0 8 12 0 19 15 2 9 0 0 0 0 0 0 0 0 0 9 0 0 0 0 0 1 0 0 0 0 0 0 0 25 0 4 0 0 0 0 3 0 0 0 0 0 0 0 0 0 0 0 0 8 0 1 0 0 0 15 0 0 0 0 0 0 1 0 0 6 3 28 2 0 0 47 0 23 22 0 9 13 7 29 7 2 0 0 9 9 7 0 0 0 0 0 0 0 0 0 0 0 0 13 5 0 0 0 0 0 0 0 0 0 0 0 0 0 0 0 5 1 1 0 1 2 0 0 0 0 0 0 0 0 31 8 0 15 0 0 
