 0 307 289 60 167 40 49 192 35 169 130 450 33 139 171 37 108 122 79 213 0 2 0 0 0 0 0 0 0 0 0 0 0 0 0 1 0 2 77 3 0 0 0 0 2 1 0 63 0 0 0 1 0 0 0 0 0 3 0 0 0 0 0 0 0 0 0 0 0 9 0 0 3 2 0 0 0 0 3 0 15 19 14 11 0 0 34 7 42 33 12 33 9 6 26 20 42 0 4 23 0 0 0 0 0 1 0 0 0 0 27 0 0 0 0 0 0 0 0 0 0 0 0 0 0 0 0 10 0 0 0 11 0 12 0 0 0 0 0 0 0 0 0 0 0 0 0 0 0 0 0 0 0 0 0 2 0 0 0 0 0 0 34 2 0 20 48 0 7 9 10 21 10 7 12 0 23 0 0 0 0 0 0 0 0 0 15 0 0 10 0 0 0 0 0 0 0 0 0 0 0 0 0 0 0 0 0 0 0 0 0 0 0 0 0 0 0 0 0 0 0 0 0 0 0 0 0 0 0 0 0 0 14 0 0 0 0 0 0 0 0 0 0 0 0 5 93 0 90 0 7 7 20 0 0 0 0 0 0 0 1 0 23 0 0 0 0 0 0 0 0 0 0 0 0 5 17 0 0 0 0 0 0 0 0 0 0 0 0 0 
 307 0 554 123 211 28 143 220 308 151 127 25 41 77 156 129 213 118 161 132 0 2 0 1 32 0 0 0 0 205 0 0 0 4 0 0 0 2 82 3 0 0 0 0 2 1 0 63 0 0 0 0 0 0 1 0 0 3 0 0 0 0 0 0 0 0 0 0 51 0 0 0 3 2 0 0 0 0 3 0 20 2 26 26 0 0 80 45 11 21 13 33 12 0 29 25 17 12 0 30 0 0 0 0 0 0 0 0 0 0 13 0 0 0 0 0 0 0 3 0 0 0 0 0 0 0 0 0 0 0 0 0 0 0 0 1 0 0 0 0 0 0 0 0 0 1 0 0 0 0 0 0 0 0 0 6 0 0 0 0 0 0 18 1 0 0 78 33 17 0 0 38 28 37 11 13 0 1 0 0 0 0 0 0 0 0 20 0 0 0 0 0 0 0 0 0 0 0 0 0 0 0 0 0 0 0 0 0 0 0 0 0 0 0 0 0 0 0 0 0 0 0 0 0 0 0 0 0 0 0 0 0 0 0 0 0 0 0 0 0 0 0 0 0 0 2 95 0 97 0 9 5 0 0 0 0 0 0 0 0 0 0 21 0 0 0 0 0 0 0 0 0 0 0 0 0 18 0 0 0 0 0 0 0 0 0 0 0 0 0 
 289 554 0 113 50 49 64 248 218 162 112 42 41 139 232 244 46 353 310 568 1 2 0 0 0 0 0 0 0 0 0 0 0 0 0 0 0 90 2 3 0 0 0 0 3 0 0 34 0 0 2 0 0 0 0 0 0 3 0 0 0 0 0 0 0 0 0 0 0 7 0 0 3 3 0 20 0 0 3 0 0 28 26 20 1 19 9 0 12 26 44 19 0 12 45 31 30 0 7 16 0 0 0 0 0 0 0 0 0 0 0 0 0 26 0 0 0 0 0 0 0 0 0 0 0 0 0 0 0 0 0 0 2 0 0 0 0 0 0 0 0 0 0 0 0 0 0 2 0 0 0 0 0 0 0 0 0 0 0 0 21 8 2 0 0 0 24 2 30 14 9 53 10 0 12 10 26 0 0 1 0 0 0 0 0 0 2 0 0 0 0 0 0 0 0 0 0 0 0 8 0 0 0 10 0 0 9 0 0 0 0 0 0 0 10 0 0 0 0 0 0 0 2 0 0 2 0 0 0 0 0 0 0 0 20 0 0 2 0 1 0 0 0 0 0 2 114 0 2 1 0 4 0 0 0 0 0 0 0 0 0 0 20 0 0 0 1 0 0 2 0 0 0 0 0 0 0 9 0 0 0 0 0 0 0 0 0 0 0 0 
 60 123 113 0 271 102 139 183 59 119 122 57 53 83 85 460 238 459 87 76 77 2 0 0 0 0 31 0 0 0 0 0 1 0 0 0 1 0 4 78 0 2 0 0 2 0 0 0 0 0 0 86 4 0 2 0 0 3 14 0 0 0 0 0 0 0 0 0 0 0 0 0 3 2 0 0 0 0 3 0 13 28 1 16 101 20 31 25 76 20 6 18 0 14 9 21 0 21 0 21 17 0 0 0 0 0 8 0 14 0 0 0 15 0 11 0 0 0 18 29 0 0 0 1 0 0 0 0 0 0 0 0 0 0 0 0 0 0 0 0 0 5 0 0 0 2 0 0 0 0 0 0 0 0 0 0 0 4 0 0 0 19 30 6 0 24 22 0 34 0 21 0 0 0 0 38 10 41 0 0 0 23 0 0 0 0 0 40 0 0 0 0 37 20 18 0 0 0 10 16 0 0 0 0 0 0 0 0 0 0 10 0 0 0 0 0 0 0 0 3 0 0 0 0 0 0 0 0 0 0 0 0 16 0 0 1 0 0 0 0 0 11 0 0 0 0 91 0 5 0 0 7 22 0 0 0 0 0 0 0 0 0 0 0 0 0 0 0 0 0 0 0 0 0 0 0 0 2 0 0 0 0 0 0 0 0 0 0 0 0 
 167 211 50 271 0 181 45 162 52 126 89 214 41 172 286 124 290 318 75 89 0 139 0 0 0 0 66 73 0 0 83 0 209 74 0 2 0 75 155 80 0 2 0 0 2 0 2 0 0 0 0 0 5 0 10 0 0 64 2 0 0 0 0 0 0 0 0 0 0 0 0 0 3 0 0 0 0 0 3 0 0 0 0 0 17 0 1 0 17 0 0 28 0 0 0 0 0 0 0 0 11 15 0 0 0 0 9 25 12 0 8 0 61 10 23 11 0 1 43 36 0 0 0 0 0 0 0 0 0 0 0 14 0 0 0 0 0 11 0 0 0 5 0 0 4 0 0 5 0 0 0 0 0 0 0 0 19 3 0 0 0 12 0 40 35 0 0 34 14 0 18 1 8 0 0 16 18 34 0 0 0 16 12 0 18 0 24 0 11 0 1 0 12 24 17 18 48 0 24 12 0 0 0 0 0 0 0 0 0 0 0 0 0 0 0 0 0 0 0 0 0 1 0 0 0 0 0 0 0 0 0 0 0 0 0 0 0 0 0 0 0 10 0 0 0 0 1 2 79 92 15 7 0 0 0 0 0 0 0 0 11 0 0 0 0 0 0 0 0 0 0 0 0 0 0 0 34 0 0 0 0 2 0 0 0 0 0 0 0 0 
 40 28 49 102 181 0 36 161 154 153 80 100 46 60 49 79 369 100 252 127 78 75 36 0 0 0 84 32 62 74 0 0 20 73 211 74 153 95 77 3 0 4 14 0 2 0 0 0 24 0 0 0 0 0 0 0 8 3 2 0 0 0 0 0 0 23 3 0 0 1 0 0 3 3 0 0 0 0 3 0 0 0 0 67 9 37 2 0 26 19 0 32 0 0 0 0 0 0 0 0 31 24 0 2 0 19 0 53 15 0 16 0 52 44 3 12 0 15 18 36 0 0 0 0 0 0 0 0 2 0 0 0 0 0 0 0 0 2 0 0 0 4 0 0 2 0 0 0 0 0 0 0 0 0 0 0 0 28 0 0 0 0 45 0 9 17 0 0 0 0 0 7 2 0 0 0 1 0 0 0 37 54 10 16 0 0 10 20 1 1 16 0 0 29 37 18 15 44 0 1 0 0 0 0 0 0 0 0 0 1 0 0 0 1 1 0 0 0 0 0 0 0 0 0 0 0 0 0 0 0 1 0 1 0 0 0 0 0 0 0 0 0 0 0 0 1 88 0 1 10 1 7 0 0 0 0 0 0 0 0 1 0 1 0 0 0 0 0 0 0 0 0 0 0 0 0 0 0 0 0 0 0 0 0 0 14 0 0 0 0 
 49 143 64 139 45 36 0 215 231 42 125 310 68 286 59 144 159 348 40 117 0 2 0 0 0 1 0 3 0 49 0 1 0 0 0 1 0 5 2 3 0 2 0 0 2 0 0 0 0 0 1 0 0 0 0 0 0 67 0 0 0 0 0 0 0 0 0 0 0 0 0 0 3 36 0 0 0 0 3 0 32 75 15 7 0 0 29 28 24 0 0 17 0 61 8 22 0 96 7 11 0 0 0 0 20 0 0 0 0 0 10 0 0 1 0 0 0 22 0 0 0 0 0 0 0 0 0 0 0 0 0 0 0 0 0 0 0 0 0 0 0 0 0 0 0 6 0 0 0 0 0 0 0 0 0 0 0 0 0 0 42 16 14 34 0 0 0 29 44 12 23 14 1 8 5 4 1 19 23 47 0 0 0 0 0 0 0 17 0 0 0 0 0 0 0 0 0 0 0 0 0 0 10 0 0 0 0 0 0 0 0 0 0 0 0 0 0 0 0 0 0 0 0 0 0 0 0 0 0 0 0 0 0 0 0 0 0 0 0 0 0 0 0 0 0 0 0 1 0 0 6 2 0 0 0 0 0 0 0 0 0 0 0 0 0 0 0 0 0 0 0 0 0 0 0 5 0 0 0 0 0 0 0 0 0 0 0 0 0 0 
 192 220 248 183 162 161 215 0 87 412 102 48 76 147 263 147 346 154 145 130 0 2 2 0 1 0 0 0 0 0 0 0 0 0 0 1 0 0 2 5 2 1 0 0 2 0 0 0 0 0 64 0 0 0 0 0 0 3 0 0 0 0 0 0 0 0 0 0 0 4 0 0 3 3 0 0 0 0 3 0 10 39 28 21 8 0 0 9 38 37 41 22 7 39 17 10 12 0 0 1 0 0 0 0 0 0 0 0 0 0 0 0 0 0 0 0 0 0 0 0 0 0 0 0 0 0 0 12 0 0 0 0 0 0 0 0 1 0 2 0 0 0 0 0 0 0 0 1 0 0 0 0 0 0 0 0 0 0 0 12 36 1 13 15 0 9 27 20 0 40 10 13 17 0 11 0 24 1 0 15 0 0 0 0 0 0 1 0 0 0 0 0 0 0 0 0 0 0 0 0 0 0 0 0 1 0 25 0 0 0 0 0 17 0 0 0 0 0 0 0 0 0 0 1 0 0 0 0 0 0 0 0 32 0 0 0 0 0 0 0 0 0 0 0 0 1 89 1 0 0 0 13 16 0 2 0 0 0 0 0 0 0 20 0 0 0 0 0 0 1 0 0 0 0 0 14 0 0 0 0 0 0 0 0 0 0 0 0 0 0 
 35 308 218 59 52 154 231 87 0 196 368 505 44 82 174 273 67 217 96 69 0 1 0 0 0 0 0 0 2 0 0 0 0 0 204 4 0 0 2 77 5 2 4 0 0 1 4 0 65 0 2 0 2 0 3 0 0 0 4 9 0 0 0 3 0 1 0 2 2 4 2 4 1 0 0 1 0 0 0 0 9 12 43 5 25 6 15 21 0 1 19 15 0 0 20 1 51 9 25 0 14 0 0 0 0 0 0 15 0 0 6 0 0 10 9 0 0 1 10 0 0 0 15 0 0 0 0 0 0 0 0 0 0 0 0 1 0 1 0 0 0 1 0 0 0 4 2 0 6 0 0 0 0 15 0 0 0 0 0 0 27 20 0 36 9 0 0 28 0 15 18 12 0 0 7 13 21 16 0 0 0 0 0 0 0 0 0 0 0 0 14 0 0 9 0 18 0 0 11 12 0 0 0 0 0 0 13 0 11 1 0 0 0 0 0 0 2 0 1 0 17 0 1 0 0 1 0 2 2 0 0 0 2 1 0 0 0 0 0 0 0 2 0 0 0 0 2 0 3 0 0 1 0 0 0 0 0 0 0 0 0 0 0 0 0 0 0 0 0 0 0 0 0 0 0 13 1 0 0 0 16 0 0 0 0 0 0 0 0 0 
 169 151 162 119 126 153 42 412 196 0 204 60 263 378 502 323 131 162 87 75 0 1 0 2 1 0 29 2 0 0 0 0 0 0 0 63 0 0 4 78 0 0 0 0 2 0 2 0 0 0 0 55 0 0 0 0 0 3 0 0 0 0 0 0 0 0 0 0 0 7 0 0 3 2 2 0 0 0 3 0 0 16 26 38 45 17 0 0 62 63 20 21 0 5 44 0 10 12 0 0 47 0 0 0 0 0 25 1 1 0 0 0 0 30 0 0 0 0 37 0 0 0 0 0 0 0 0 0 0 0 0 0 0 0 0 0 0 0 0 0 0 8 0 0 0 4 0 0 0 0 0 0 0 0 0 0 1 13 0 0 0 2 24 14 1 17 28 0 1 15 21 3 0 0 6 28 26 11 0 0 0 0 0 0 0 0 0 44 1 0 0 0 22 31 0 0 0 0 42 1 10 0 0 0 0 0 0 0 0 0 0 0 0 0 0 0 0 0 0 7 0 0 0 0 0 0 0 0 0 0 0 0 15 0 0 2 0 0 0 0 0 0 0 0 0 1 188 0 1 2 0 7 19 15 0 0 0 0 2 0 0 0 0 0 0 0 0 0 0 0 0 0 0 0 0 6 0 17 0 0 0 0 0 0 0 0 0 0 0 0 
 130 127 112 122 89 80 125 102 368 204 0 153 43 22 225 248 115 141 116 165 0 2 0 0 0 1 0 75 0 0 0 80 0 0 0 0 4 0 5 4 0 0 0 0 2 0 0 2 0 0 2 0 0 0 0 0 0 3 1 0 0 0 0 0 0 0 31 3 0 0 0 0 3 0 0 58 0 3 3 0 11 3 83 81 7 0 0 15 16 10 27 43 4 1 54 25 21 13 7 0 0 21 0 0 0 0 8 12 0 0 0 0 9 22 0 5 0 11 10 0 0 0 0 0 0 0 0 0 0 0 0 0 0 0 0 0 0 0 0 0 0 0 0 0 0 0 0 0 0 0 0 0 0 0 0 1 2 0 0 0 35 0 1 13 1 0 11 0 0 0 0 35 9 0 10 0 11 18 0 0 0 30 0 0 0 0 10 12 0 17 0 0 0 0 0 0 0 2 10 0 0 0 0 0 0 0 11 0 0 0 0 0 0 0 12 0 0 0 0 2 0 0 0 0 0 0 0 0 0 0 0 0 0 0 0 2 0 0 0 0 0 0 0 0 0 1 91 0 1 46 0 3 0 0 0 0 0 0 0 0 0 0 20 0 0 0 0 0 0 0 0 0 0 0 0 0 0 0 0 0 0 0 0 0 0 0 0 0 0 0 
 450 25 42 57 214 100 310 48 505 60 153 0 28 130 55 116 473 145 60 119 0 0 0 2 2 0 2 0 1 0 0 2 2 2 1 0 80 0 3 180 0 0 0 0 59 0 0 0 64 0 1 0 6 0 10 67 0 3 0 5 0 0 0 1 0 0 0 0 0 0 0 0 7 2 0 0 0 0 3 0 4 15 25 68 36 17 15 16 0 0 1 31 0 21 23 1 1 31 0 0 11 0 0 0 0 0 35 26 0 0 9 1 1 39 0 0 13 0 0 9 0 0 0 0 0 0 17 0 0 0 0 0 0 0 0 0 0 0 0 0 0 0 0 0 0 6 0 0 0 2 0 0 1 0 0 0 1 0 0 0 14 34 17 29 12 0 0 34 68 23 33 26 19 10 5 16 1 12 0 0 0 22 0 0 0 0 10 0 1 0 0 0 1 38 0 0 0 0 21 19 0 0 0 0 0 0 0 0 0 0 0 0 0 0 0 0 0 0 0 0 0 0 0 0 0 0 0 0 0 0 0 0 0 22 0 2 0 0 0 0 0 0 0 0 0 4 5 6 2 6 0 12 0 0 0 0 0 0 0 0 0 0 0 0 0 0 0 0 0 0 0 0 0 0 0 8 0 0 0 0 0 0 0 0 0 0 0 0 0 0 
 33 41 41 53 41 46 68 76 44 263 43 28 0 180 35 10 41 30 197 213 0 1 0 0 0 0 1 0 0 0 0 0 0 0 0 0 0 0 2 3 0 0 0 0 2 0 0 71 0 8 5 0 0 0 0 0 0 3 0 1 0 0 0 0 0 0 0 0 0 0 0 0 3 3 3 0 0 0 3 0 67 11 0 0 0 0 24 36 0 0 0 0 65 14 0 8 10 14 41 41 0 0 0 0 0 11 0 0 0 0 0 0 0 0 0 0 0 0 0 0 0 0 0 0 0 0 0 0 0 0 0 0 0 0 0 0 0 0 0 0 0 0 0 0 0 0 0 0 0 0 0 0 0 0 0 7 0 0 0 0 18 0 20 0 0 1 14 0 41 0 0 0 26 11 14 0 0 0 9 17 0 0 0 0 0 0 0 0 0 0 0 0 0 0 0 0 0 0 0 0 0 0 0 0 0 0 0 0 0 0 0 0 0 0 0 0 0 0 0 0 0 0 0 0 0 0 0 0 0 0 0 0 0 0 8 0 0 0 0 0 0 0 0 0 0 0 0 0 1 0 0 6 0 0 0 0 0 0 0 0 0 0 0 0 0 0 0 0 0 0 0 0 0 0 0 0 0 0 0 0 0 0 0 0 0 0 0 0 0 0 
 139 77 139 83 172 60 286 147 82 378 22 130 180 0 277 24 111 41 208 163 0 2 0 0 0 0 0 0 0 0 0 0 0 1 0 1 0 1 79 3 0 0 0 0 3 0 0 0 0 0 0 0 0 0 0 0 0 3 0 0 0 0 4 0 19 0 0 0 0 6 0 0 3 0 0 0 0 0 3 0 17 14 0 0 21 0 26 14 14 18 17 15 26 43 7 21 26 29 56 10 0 0 0 0 0 0 11 0 0 0 15 0 0 0 0 0 0 0 0 0 0 0 0 0 0 0 0 0 0 0 0 0 0 0 0 0 0 0 0 0 0 8 0 0 0 6 0 0 0 0 0 0 0 0 0 0 0 0 0 0 24 22 18 11 19 17 0 19 84 14 31 0 15 14 10 0 12 0 19 21 0 0 0 0 0 0 17 0 0 0 0 0 0 0 0 0 0 0 19 20 0 0 0 0 0 0 0 0 0 0 0 0 0 0 0 0 0 0 0 0 0 0 0 0 0 0 0 0 0 12 0 18 0 0 0 15 0 0 0 0 0 0 0 0 0 0 0 0 101 1 9 9 1 0 0 0 0 0 0 0 0 0 0 0 0 0 0 0 0 0 0 0 0 0 0 29 30 0 0 0 0 0 0 0 0 0 0 0 0 0 
 171 156 232 85 286 49 59 263 174 502 225 55 35 277 0 206 122 119 75 184 0 1 0 0 0 0 0 0 0 0 1 0 0 0 0 2 0 1 4 3 2 2 0 0 2 0 0 0 0 0 1 0 0 0 0 0 0 3 2 0 0 0 0 2 0 0 0 0 0 4 0 1 3 0 0 0 0 0 3 0 8 51 13 10 10 0 18 11 26 8 9 21 15 47 11 12 5 15 5 1 1 0 0 0 0 0 14 0 0 0 0 0 0 1 0 0 0 0 0 0 0 2 0 0 0 0 0 0 0 0 0 1 0 0 0 0 0 0 10 0 0 4 0 0 0 7 0 0 0 0 0 0 0 0 0 0 0 0 0 0 16 17 13 13 0 8 15 0 36 32 12 0 0 10 0 17 15 15 0 0 0 0 0 0 0 0 0 1 0 0 0 0 0 0 0 0 0 0 9 0 0 0 0 0 0 0 0 0 0 0 0 0 0 0 0 0 0 0 0 0 0 0 0 0 0 0 0 0 0 0 0 0 35 0 0 0 0 0 0 66 0 0 0 0 0 4 4 0 3 2 0 0 16 0 0 0 0 0 0 0 0 0 19 0 0 0 0 0 0 0 0 0 0 59 0 32 0 23 0 0 0 0 0 0 0 2 0 0 0 0 
 37 129 244 460 124 79 144 147 273 323 248 116 10 24 206 0 86 266 36 267 0 75 0 2 0 0 75 0 0 0 0 73 0 3 0 0 0 1 52 131 0 0 0 0 2 0 0 0 0 0 1 0 46 0 4 0 0 3 52 1 0 0 0 0 0 5 0 0 0 41 0 0 3 1 42 0 0 0 3 0 0 35 61 24 32 10 11 0 0 3 18 1 0 16 29 32 22 29 15 17 3 0 0 2 0 0 21 14 0 0 0 0 0 29 0 0 0 0 3 9 0 0 2 0 0 0 0 0 0 0 0 0 0 0 0 0 0 1 0 0 0 0 0 2 0 1 0 0 0 0 0 0 0 0 0 0 0 2 0 0 25 32 0 39 1 20 1 22 11 0 4 13 0 0 0 12 24 37 0 0 0 8 0 0 0 0 0 0 0 0 0 0 0 17 5 0 0 0 0 69 0 0 0 10 0 0 23 0 0 0 0 0 0 0 0 0 0 0 2 0 0 36 0 2 0 0 0 0 0 0 0 0 1 0 2 0 0 0 0 2 0 9 0 0 0 3 0 2 4 44 0 9 15 0 0 2 0 0 0 0 0 0 0 0 0 0 0 1 0 0 0 0 0 0 0 0 15 0 0 0 0 0 0 0 0 0 0 0 0 2 
 108 213 46 238 290 369 159 346 67 131 115 473 41 111 122 86 0 361 44 121 0 1 0 0 0 0 0 0 0 0 0 0 0 0 0 0 0 0 19 79 0 2 0 0 2 0 5 0 0 0 63 0 0 0 3 0 1 3 0 7 0 0 0 0 0 2 0 0 0 0 0 0 3 2 0 0 0 0 3 0 13 10 9 17 0 19 12 7 30 23 2 0 0 12 9 26 25 14 0 55 25 0 0 0 0 0 0 16 0 0 0 1 15 0 0 0 0 0 34 0 0 0 0 0 0 26 0 0 0 0 0 0 0 0 0 0 0 0 19 0 0 6 0 0 1 6 0 0 0 2 0 0 0 0 0 0 1 8 0 0 0 2 6 8 10 0 0 16 26 14 7 0 0 0 1 58 18 31 0 0 0 0 0 0 0 0 10 12 1 1 0 0 1 10 0 0 0 0 0 0 0 0 0 0 0 0 0 0 0 0 0 0 0 0 0 0 0 0 0 0 0 0 0 0 0 0 0 0 0 0 1 0 1 0 0 2 0 0 0 0 0 0 0 0 0 2 7 1 55 0 17 3 1 0 0 0 0 0 0 0 0 0 0 0 0 0 0 0 0 0 0 0 0 0 0 0 14 19 0 0 0 0 0 0 0 0 0 0 0 0 
 122 118 353 459 318 100 348 154 217 162 141 145 30 41 119 266 361 0 37 42 0 1 0 0 0 0 74 0 0 0 0 0 0 0 0 0 0 0 75 3 0 1 0 0 2 0 2 0 35 0 0 36 0 0 0 0 0 3 0 0 0 0 0 0 0 0 0 0 0 0 0 0 3 1 0 0 0 0 3 0 10 19 71 37 10 41 0 4 13 20 11 52 0 1 21 0 10 15 0 0 28 0 0 0 0 0 0 1 13 0 0 0 10 9 0 0 0 0 33 0 0 0 0 0 0 0 0 0 0 0 0 0 0 0 0 2 0 0 0 0 0 5 0 0 0 2 2 0 0 0 0 0 0 0 0 0 0 7 0 0 0 0 9 1 3 0 6 0 0 0 6 11 0 0 6 17 7 1 0 0 0 19 1 0 0 0 24 13 5 1 0 0 0 23 17 0 0 0 9 3 0 9 2 0 0 0 0 0 0 0 0 0 0 0 0 7 2 0 0 0 0 0 1 0 0 2 0 2 2 0 1 0 0 1 15 0 0 1 0 0 0 2 0 0 0 1 141 0 90 2 0 4 1 0 0 0 0 0 0 0 0 0 0 0 0 0 2 0 0 0 0 0 0 0 0 0 0 0 0 0 0 0 0 0 0 0 0 0 0 20 
 79 161 310 87 75 252 40 145 96 87 116 60 197 208 75 36 44 37 0 306 2 1 2 0 0 0 0 7 2 2 2 0 0 0 2 0 2 4 3 3 0 1 0 0 2 0 0 63 0 0 0 0 0 0 0 0 0 5 4 0 1 0 0 0 0 0 0 0 0 0 0 0 3 1 0 0 0 0 3 0 48 19 0 16 1 0 39 30 0 0 0 0 49 14 15 27 25 13 13 53 0 0 0 0 0 0 0 0 0 0 0 0 0 0 0 0 0 0 0 0 17 0 0 0 0 0 0 0 0 0 2 0 0 0 0 0 0 0 0 0 0 0 0 0 0 0 0 0 0 0 0 1 0 0 0 4 0 0 0 0 21 0 20 0 0 1 25 15 31 0 0 0 23 10 14 0 0 0 9 18 0 0 0 0 0 0 0 0 0 0 0 0 0 0 0 0 0 0 0 0 0 0 1 0 0 0 0 0 0 0 0 0 0 0 0 0 0 1 0 0 0 0 0 0 0 0 0 0 0 0 0 0 0 0 0 0 0 0 0 0 0 0 19 0 0 1 0 0 0 2 0 9 0 0 0 0 0 0 0 0 0 0 0 0 0 0 0 0 0 0 0 0 0 0 0 0 0 0 0 0 0 0 0 0 0 0 0 0 0 0 
 213 132 568 76 89 127 117 130 69 75 165 119 213 163 184 267 121 42 306 0 0 1 0 0 0 0 0 0 4 0 1 0 0 0 0 0 2 0 2 3 0 3 0 0 2 0 0 0 0 62 0 0 0 0 0 0 0 4 0 0 0 0 0 0 0 0 3 0 0 0 0 0 3 1 0 0 0 0 3 0 1 39 22 0 0 0 34 0 11 3 57 15 27 0 13 25 5 24 36 63 0 0 0 0 0 0 0 0 0 0 0 0 0 0 0 0 0 0 0 0 2 0 0 0 0 0 0 0 0 0 0 0 0 0 0 0 0 0 0 0 0 1 0 0 0 6 0 0 0 0 0 0 0 0 0 0 0 0 1 0 14 1 36 10 0 1 23 18 16 0 14 19 6 9 7 0 10 19 20 2 0 0 0 0 0 0 0 0 0 0 0 0 0 0 0 0 0 0 0 0 0 0 0 0 0 0 11 0 0 0 0 0 1 0 0 0 0 0 0 0 1 0 0 0 0 0 0 0 0 0 0 0 16 0 0 0 0 0 0 0 0 0 0 0 0 0 5 2 0 2 0 13 21 0 0 0 0 0 0 3 0 0 10 0 0 0 0 0 0 0 0 0 0 0 0 11 0 0 0 0 0 0 0 0 0 0 0 0 0 0 
 0 0 1 77 0 78 0 0 0 0 0 0 0 0 0 0 0 0 2 0 0 191 521 256 29 60 84 239 105 515 41 41 198 264 251 55 158 97 39 91 0 2 1 0 3 12 0 3 3 4 0 3 3 0 5 3 0 2 6 0 0 0 0 1 3 0 3 0 0 0 3 0 3 0 0 0 0 0 3 2 0 0 0 0 0 22 0 0 0 0 0 0 0 0 0 2 0 0 0 0 0 26 11 24 29 1 24 24 10 33 13 0 1 1 24 40 9 31 0 5 0 0 0 2 0 0 8 0 0 0 0 0 7 0 0 0 0 0 0 0 0 0 0 0 0 0 0 9 0 0 0 0 0 0 0 0 0 0 0 10 0 0 0 0 4 31 0 0 0 3 0 0 0 0 0 0 0 13 0 0 25 67 58 16 0 0 28 14 15 0 0 15 34 0 61 8 9 23 8 15 0 0 0 0 0 0 0 0 0 0 0 0 0 0 0 0 0 0 0 0 0 0 0 0 0 0 0 0 0 0 0 0 0 0 0 0 0 0 0 0 0 12 0 0 0 0 0 0 0 0 0 0 0 0 18 2 2 41 79 2 0 1 0 0 0 0 0 0 0 0 0 0 0 0 0 0 0 2 0 0 0 0 0 0 0 18 1 0 0 0 
 2 2 2 2 139 75 2 2 1 1 2 0 1 2 1 75 1 1 1 1 191 0 277 232 251 260 110 259 74 132 34 251 188 58 141 500 148 326 273 125 0 2 0 0 0 0 1 0 62 0 0 2 0 0 4 3 0 2 0 72 0 0 0 40 0 0 3 0 0 0 3 0 3 0 0 0 0 0 3 0 0 0 0 0 0 15 0 0 0 0 0 0 0 0 0 0 0 1 0 0 0 24 0 14 14 1 21 11 11 62 42 0 29 28 0 21 0 27 9 12 0 0 0 0 0 0 15 0 0 0 0 0 9 0 0 0 0 0 0 0 0 0 0 21 0 1 0 9 0 0 0 0 0 0 0 0 0 0 0 1 0 0 0 0 19 17 0 0 0 5 0 1 0 0 0 0 0 0 0 0 9 28 1 9 41 20 15 13 7 0 0 0 10 0 0 29 0 17 27 6 0 20 0 0 0 0 0 0 0 0 0 0 0 0 0 0 0 0 0 0 0 0 0 0 0 1 15 0 0 0 0 0 0 0 0 0 0 0 0 0 0 0 0 0 0 0 1 0 0 0 0 0 0 0 3 2 0 0 79 2 2 0 0 0 0 0 0 0 0 0 0 0 0 0 0 0 0 0 0 0 0 13 0 0 0 19 0 0 0 2 
 0 0 0 0 0 36 0 2 0 0 0 0 0 0 0 0 0 0 2 0 521 277 0 381 71 411 121 109 92 164 49 63 113 206 121 489 105 190 118 150 0 1 0 0 0 0 0 0 0 0 0 63 0 0 3 3 0 2 0 0 0 0 0 0 0 0 3 0 0 0 6 0 3 0 0 0 0 0 3 0 0 0 0 0 0 21 0 0 0 0 0 0 1 2 0 0 15 0 0 0 12 20 58 26 9 20 10 75 31 0 8 5 1 15 12 19 12 27 1 36 0 0 0 0 0 0 6 0 0 0 0 0 8 0 0 0 0 0 0 2 29 0 0 0 0 0 0 0 0 0 0 0 0 0 0 0 0 0 0 12 13 0 0 0 46 20 0 0 0 0 0 0 0 0 0 2 0 0 0 0 6 10 39 27 7 0 7 2 0 26 12 11 0 20 26 23 20 43 0 16 0 0 0 0 0 0 0 0 1 0 0 0 0 0 0 0 0 0 0 0 16 0 0 0 0 1 0 0 0 0 0 0 0 0 2 0 0 0 9 0 0 0 0 0 0 0 0 0 0 0 0 0 0 0 11 0 1 79 42 1 2 2 0 0 0 0 0 0 0 0 0 0 0 0 0 0 0 0 0 0 0 0 0 0 0 25 0 0 0 0 
 0 1 0 0 0 0 0 0 0 2 0 2 0 0 0 2 0 0 0 0 256 232 381 0 159 435 316 218 150 216 84 304 91 542 248 127 106 57 75 147 0 1 0 5 1 0 0 4 0 0 0 2 32 21 3 8 0 2 64 0 0 0 0 0 0 0 3 0 0 0 36 2 3 0 0 0 0 0 3 0 0 0 2 0 0 0 0 0 8 1 0 0 0 0 0 0 0 0 0 0 0 5 36 25 9 0 19 21 11 28 9 18 0 0 15 11 27 48 0 1 9 0 0 0 0 0 30 0 0 0 0 0 8 0 12 0 0 0 0 0 1 0 0 0 0 0 0 0 0 0 0 0 0 0 0 0 0 0 0 11 0 0 0 0 12 0 0 0 0 0 0 0 0 0 2 0 0 0 0 0 8 16 0 8 12 0 0 0 28 16 1 12 6 0 0 58 14 13 0 16 8 0 7 0 0 0 0 0 0 0 0 0 0 15 12 0 28 0 9 9 0 0 0 0 0 0 0 5 0 0 0 0 0 0 0 0 0 0 0 7 0 0 0 0 0 0 0 0 0 0 0 0 0 0 2 0 3 103 124 2 2 0 0 0 0 0 0 0 0 0 0 0 0 0 0 0 0 0 0 0 0 38 0 2 0 0 0 0 0 0 
 0 32 0 0 0 0 0 1 0 1 0 2 0 0 0 0 0 0 0 0 29 251 71 159 0 310 75 93 385 396 214 520 253 301 428 250 265 48 282 88 55 1 0 3 0 0 124 3 5 0 0 2 64 161 3 5 0 3 3 82 7 0 0 0 0 0 3 0 0 2 3 0 3 2 0 3 0 0 3 0 0 0 0 0 0 0 0 0 0 0 0 0 0 0 0 0 2 0 0 0 0 0 19 2 53 24 0 0 24 37 1 18 0 0 0 1 1 0 0 1 17 39 49 23 0 0 7 16 20 1 0 1 20 11 19 23 0 0 0 15 0 0 0 0 0 0 0 0 8 5 0 0 1 0 0 0 0 16 0 0 0 0 0 0 0 0 0 0 0 0 0 0 0 0 0 0 0 0 0 0 3 0 20 1 61 39 0 0 44 23 7 17 0 0 19 0 11 0 0 0 1 1 17 0 0 0 10 28 19 19 0 0 10 11 22 0 9 0 8 55 7 0 0 0 0 0 0 0 0 0 0 0 0 0 0 0 0 0 0 0 0 0 0 0 0 0 0 0 0 0 0 8 0 0 10 2 4 78 3 0 5 0 0 0 0 0 1 0 0 0 0 0 0 0 0 0 0 0 0 0 0 0 0 0 0 0 1 0 0 0 
 0 0 0 0 0 0 1 0 0 0 1 0 0 0 0 0 0 0 0 0 60 260 411 435 310 0 49 328 218 161 221 345 37 73 147 154 38 170 58 132 82 2 0 2 0 0 0 16 4 0 0 2 1 0 3 3 0 2 62 0 0 7 0 0 0 0 3 0 0 6 3 0 3 0 0 0 0 0 3 0 0 0 0 0 0 0 0 0 0 0 0 0 0 0 2 0 0 0 0 0 0 0 20 15 27 0 0 0 10 9 20 3 0 0 0 31 64 7 0 0 0 1 1 0 0 0 18 0 2 2 0 0 30 25 20 0 0 0 35 68 0 0 0 0 0 0 0 0 0 0 0 2 5 0 0 0 0 0 11 0 0 0 0 19 0 1 2 0 0 23 0 0 0 0 0 0 0 0 0 0 0 0 0 8 11 17 0 14 1 8 39 34 0 0 1 0 57 0 0 0 1 0 0 0 0 18 1 7 1 0 2 0 0 19 0 0 0 0 24 2 0 0 0 0 0 0 0 0 0 0 0 0 0 1 0 0 0 0 0 0 0 0 0 0 0 0 0 0 0 0 0 0 1 0 7 0 1 86 116 2 7 18 0 0 0 0 1 2 0 0 0 0 0 0 0 0 0 0 0 0 0 0 0 0 0 0 14 0 0 0 
 0 0 0 31 66 84 0 0 0 29 0 2 1 0 0 75 0 74 0 0 84 110 121 316 75 49 0 158 55 109 31 52 146 111 124 98 16 188 265 204 0 2 0 1 0 0 1 0 0 0 0 3 0 0 3 2 0 1 0 0 0 0 0 0 0 0 3 0 0 0 3 0 2 0 0 0 0 0 3 0 0 0 0 0 22 14 0 0 16 0 27 21 0 0 0 0 0 0 2 0 52 35 30 28 0 20 0 26 23 0 1 5 9 0 7 10 0 1 38 27 0 12 0 0 0 0 0 0 0 0 0 0 0 0 0 2 0 0 0 1 14 0 0 0 0 1 0 0 0 0 0 0 0 0 2 0 0 0 0 9 0 0 0 0 10 4 0 3 0 0 9 0 1 1 0 19 9 3 0 0 0 0 19 0 4 0 10 46 0 29 16 0 43 11 0 13 5 39 25 26 0 0 0 0 0 1 0 0 0 0 0 0 0 0 0 0 0 0 1 1 2 2 0 0 0 0 0 0 0 0 0 0 0 0 0 0 0 0 0 0 0 0 1 0 0 0 0 0 8 75 0 0 0 0 17 0 0 0 0 0 0 0 0 0 0 0 0 0 0 0 0 0 0 0 0 0 24 0 0 0 0 0 0 0 0 0 0 0 0 0 
 0 0 0 0 73 32 3 0 0 2 75 0 0 0 0 0 0 0 7 0 239 259 109 218 93 328 158 0 215 56 56 288 229 369 78 134 196 106 371 47 1 4 8 3 0 0 1 0 0 0 0 5 2 0 5 3 0 3 6 0 0 0 0 0 2 0 6 0 0 3 3 0 3 0 0 6 2 0 3 0 0 0 0 0 1 1 0 13 0 0 0 0 0 0 0 1 0 9 0 0 0 38 0 0 12 18 6 21 12 0 0 0 19 10 30 62 0 0 3 41 0 0 0 0 0 0 0 0 0 0 0 0 0 0 0 0 0 0 1 19 5 0 0 0 0 0 0 0 0 1 0 0 0 0 0 0 0 0 7 0 0 15 0 0 11 29 0 1 0 0 0 0 2 0 0 0 0 0 0 0 21 43 21 0 21 1 2 16 0 26 39 0 45 0 2 15 33 13 24 0 0 0 0 0 0 0 0 0 0 0 0 0 0 20 0 0 0 0 3 0 0 0 0 0 0 0 0 0 0 0 0 14 0 0 0 0 0 0 0 0 0 0 0 0 0 0 1 1 0 76 0 0 0 0 6 0 0 2 0 2 2 15 0 0 0 0 0 0 0 0 0 0 0 0 0 0 0 0 0 0 0 0 0 0 0 18 0 0 0 0 
 0 0 0 0 0 62 0 0 2 0 0 1 0 0 0 0 0 0 2 4 105 74 92 150 385 218 55 215 0 97 125 116 155 272 514 153 253 26 79 142 0 2 0 0 0 0 0 0 0 4 0 2 63 0 3 3 0 2 0 0 0 0 0 0 0 0 7 0 0 3 3 0 3 0 0 0 0 30 3 0 0 0 0 0 0 0 0 0 0 0 0 0 0 0 0 0 0 0 0 0 14 0 40 4 100 0 26 22 20 15 7 13 24 0 12 6 36 55 0 25 0 0 0 0 0 0 0 0 0 0 0 0 1 10 8 0 0 0 18 13 1 0 0 0 0 0 0 2 0 0 0 0 2 0 0 0 0 0 3 0 0 0 2 0 0 0 0 0 0 0 0 0 0 0 0 0 0 3 1 0 18 14 13 11 19 9 9 0 29 0 39 21 0 0 17 0 61 18 0 0 0 0 0 0 0 0 0 0 0 0 0 0 0 18 0 0 0 0 22 21 0 0 0 0 14 0 11 0 0 0 0 0 0 0 0 0 0 0 0 0 0 0 8 0 0 0 0 0 0 0 0 0 0 0 9 1 0 181 1 0 2 8 0 0 0 0 0 0 0 0 0 0 0 0 0 0 0 0 0 0 0 12 0 0 0 0 0 0 0 0 
 0 205 0 0 0 74 49 0 0 0 0 0 0 0 0 0 0 0 2 0 515 132 164 216 396 161 109 56 97 0 202 195 64 205 233 172 162 225 369 80 0 2 0 0 0 0 0 0 0 0 0 3 0 0 3 3 0 2 62 0 0 0 0 0 0 0 3 0 0 0 3 0 3 0 0 0 0 0 3 0 0 0 0 0 0 13 0 0 0 0 0 0 0 0 0 0 0 0 0 0 12 28 21 42 0 9 1 26 4 13 9 13 6 0 3 0 25 6 0 2 0 0 2 1 0 0 0 8 0 0 0 0 0 0 0 0 0 0 9 0 0 0 0 0 0 0 0 0 0 0 0 0 0 0 0 0 0 0 0 5 0 0 0 0 0 0 0 0 0 3 0 0 0 0 0 17 2 0 0 1 51 11 14 12 18 0 0 20 36 0 1 12 10 8 8 19 10 36 1 25 0 0 0 0 0 0 0 0 0 4 0 0 0 0 0 0 0 0 0 0 0 0 0 0 0 0 0 0 16 0 0 0 0 0 0 0 0 0 0 0 0 0 0 0 0 0 0 0 0 0 0 0 0 0 4 1 0 0 1 3 2 0 0 0 0 0 2 0 0 0 0 0 0 0 0 0 0 2 0 13 0 0 0 0 0 0 36 0 0 0 
 0 0 0 0 83 0 0 0 0 0 0 0 0 0 1 0 0 0 2 1 41 34 49 84 214 221 31 56 125 202 0 431 51 56 264 394 100 63 42 71 65 1 0 0 0 0 119 3 0 4 0 2 0 29 3 3 0 3 0 19 4 0 0 0 0 0 3 0 0 0 3 0 3 0 0 0 0 0 3 0 0 0 0 0 0 0 0 0 0 0 0 0 0 0 0 0 0 0 0 0 0 0 33 0 33 12 0 0 10 53 1 37 0 0 0 0 20 1 0 0 0 0 49 2 0 0 12 1 0 0 0 21 18 0 10 15 0 0 27 7 0 0 0 0 0 0 0 0 0 12 0 0 0 0 0 0 0 0 0 0 0 0 0 0 0 0 0 0 26 0 0 0 0 0 0 0 2 0 0 1 0 0 14 1 32 35 0 0 33 0 24 71 2 0 29 0 23 0 0 0 15 0 0 0 0 0 10 0 16 0 0 0 9 19 12 0 0 0 18 45 0 0 8 0 0 0 0 0 1 0 0 0 0 0 0 0 0 0 0 0 0 0 19 0 0 0 0 0 0 0 0 0 0 0 4 2 0 3 73 2 4 2 0 0 0 0 1 0 0 0 0 0 0 0 0 0 0 2 0 0 0 10 0 0 0 0 0 0 0 0 
 0 0 0 0 0 0 1 0 0 0 80 2 0 0 0 73 0 0 0 0 41 251 63 304 520 345 52 288 116 195 431 0 60 55 50 81 78 166 72 49 62 2 0 0 0 0 18 0 8 0 0 2 0 0 3 6 0 3 0 0 1 0 0 0 0 0 3 0 0 0 39 0 5 5 0 0 0 0 3 0 0 0 0 0 0 0 0 0 0 0 2 0 0 0 0 0 0 0 27 0 0 0 15 32 2 28 1 19 1 0 0 13 0 0 1 1 18 0 0 0 0 24 40 20 0 0 26 0 1 20 3 0 12 10 5 5 30 10 31 29 0 1 0 0 0 0 0 0 0 4 0 13 0 0 0 0 0 0 2 0 0 0 0 0 0 1 2 0 0 9 0 0 0 0 0 0 0 0 0 0 19 12 11 0 0 10 0 19 0 0 1 21 0 0 10 0 15 13 0 0 35 25 10 7 0 0 34 0 62 1 21 0 25 8 46 0 16 0 0 13 0 0 0 0 0 14 11 0 0 0 0 0 0 1 0 0 0 10 0 0 0 0 0 0 0 0 0 0 0 0 0 0 0 0 11 2 0 11 0 3 9 1 0 0 0 0 0 0 0 0 0 0 0 0 0 0 0 0 0 0 0 0 0 0 0 0 0 0 0 0 
 0 0 0 1 209 20 0 0 0 0 0 2 0 0 0 0 0 0 0 0 198 188 113 91 253 37 146 229 155 64 51 60 0 89 51 120 190 38 145 144 0 0 3 0 0 0 0 92 0 0 0 2 0 0 6 3 1 63 1 1 0 0 0 9 0 0 3 0 1 0 6 3 3 0 2 0 0 0 3 1 0 0 0 0 0 8 0 0 0 0 0 30 0 0 0 0 0 0 0 0 11 25 0 1 12 0 15 21 13 0 0 0 26 36 24 26 0 13 22 15 0 0 0 0 0 0 0 0 0 0 0 0 0 0 0 0 0 0 0 0 0 0 0 0 3 0 0 4 0 0 0 0 0 0 0 0 0 0 0 0 0 0 0 0 27 29 0 4 0 0 0 0 4 0 0 0 0 2 0 0 0 25 73 12 0 0 24 0 8 0 0 0 41 24 71 26 0 13 16 13 0 0 0 0 0 0 0 0 0 0 0 0 0 0 0 0 0 0 0 0 0 0 0 0 0 0 0 0 0 0 0 0 0 0 0 0 0 0 0 0 0 0 0 0 0 0 0 0 0 19 0 0 0 0 3 0 0 0 0 0 51 0 0 0 0 0 0 0 0 0 0 0 0 0 0 0 16 0 0 0 0 19 0 0 0 14 0 0 0 0 
 0 4 0 0 74 73 0 0 0 0 0 2 0 1 0 3 0 0 0 0 264 58 206 542 301 73 111 369 272 205 56 55 89 0 459 153 18 64 528 131 0 0 0 0 0 0 0 0 0 0 0 2 0 0 3 3 0 3 0 0 0 0 0 0 0 0 5 0 0 0 54 0 3 2 0 0 2 0 3 0 0 0 1 0 0 0 0 0 0 1 0 1 0 0 0 0 0 0 29 0 38 10 40 25 25 13 8 4 12 12 0 83 19 0 21 1 33 14 1 35 0 0 0 0 0 0 0 0 0 0 0 0 0 0 0 0 0 0 2 1 4 0 0 0 13 0 0 0 0 0 0 0 0 0 0 0 0 0 0 15 0 0 0 0 0 0 0 1 0 0 14 0 4 0 0 0 0 2 0 0 23 7 0 15 9 0 26 13 31 0 33 48 18 0 32 32 41 8 2 55 0 0 0 0 0 0 0 0 0 0 0 0 6 12 2 0 0 0 10 11 0 0 0 0 0 0 0 0 0 0 0 0 0 0 0 0 0 0 0 0 0 0 9 0 0 0 0 0 0 1 0 0 0 0 7 0 0 9 0 4 11 1 0 0 0 0 0 0 0 0 0 0 0 0 0 0 0 0 0 14 0 10 0 0 0 0 0 0 0 0 
 0 0 0 0 0 211 0 0 204 0 0 1 0 0 0 0 0 0 2 0 251 141 121 248 428 147 124 78 514 233 264 50 51 459 0 188 289 194 67 266 0 2 0 1 0 13 0 0 0 0 0 3 0 0 3 2 0 2 0 0 0 69 0 0 0 0 3 0 0 0 3 0 2 0 2 0 0 0 3 46 0 0 0 0 0 0 0 0 0 0 0 0 0 0 14 2 0 0 0 0 10 10 47 30 16 0 10 0 36 28 29 19 0 0 0 9 25 32 0 0 0 0 2 2 0 0 10 0 0 0 0 0 20 0 0 0 0 0 7 11 0 0 0 0 0 0 0 0 0 1 0 0 0 0 0 0 0 0 0 0 19 0 0 0 0 0 0 0 0 7 0 0 0 1 0 0 1 0 0 1 8 8 17 8 20 0 18 18 45 0 14 30 9 0 33 11 27 11 0 0 0 0 0 0 0 0 0 0 0 0 0 0 0 9 0 0 0 0 25 33 0 0 0 0 0 0 0 0 1 0 0 0 0 0 0 0 0 0 0 8 0 0 3 0 0 0 0 0 0 0 0 0 0 0 12 0 0 77 78 0 5 0 0 0 0 0 0 0 0 0 0 0 0 0 0 0 0 2 0 0 0 22 0 0 16 0 0 6 0 0 
 1 0 0 0 2 74 1 1 4 63 0 0 0 1 2 0 0 0 0 0 55 500 489 127 250 154 98 134 153 172 394 81 120 153 188 0 180 287 75 88 6 2 10 0 0 0 3 0 0 0 0 2 5 0 3 3 0 2 70 3 0 6 0 0 0 0 3 0 0 0 7 4 3 0 0 0 0 0 3 0 0 0 0 0 0 14 1 0 0 0 0 0 0 0 0 0 0 0 0 0 0 9 23 14 11 12 0 13 72 0 20 20 2 1 11 25 24 8 0 10 0 0 0 0 0 0 10 1 0 0 0 0 24 0 1 0 0 0 31 11 6 0 2 0 0 0 2 0 0 0 0 1 0 0 0 0 0 2 0 11 0 0 0 0 0 0 0 0 0 3 0 2 0 0 0 0 0 1 0 0 21 0 12 78 9 6 0 22 2 9 0 19 1 0 1 12 10 1 10 32 0 0 0 0 0 0 0 0 0 0 0 0 1 1 0 0 0 0 0 9 0 0 1 0 0 0 0 0 0 0 2 0 0 12 0 0 0 0 0 0 0 1 0 0 0 0 0 0 0 0 0 0 0 0 8 0 0 0 74 2 0 0 0 0 0 1 10 0 0 0 0 0 0 0 0 0 0 0 0 0 0 0 0 0 0 0 8 0 0 0 
 0 0 0 1 0 153 0 0 0 0 4 80 0 0 0 0 0 0 2 2 158 148 105 106 265 38 16 196 253 162 100 78 190 18 289 180 0 263 35 181 64 2 22 4 12 3 0 2 0 0 0 2 0 0 3 4 2 4 66 0 0 18 7 0 0 4 3 3 3 4 3 0 3 4 2 2 9 0 3 0 0 0 0 0 0 22 0 0 0 0 0 0 0 0 0 0 0 0 0 0 0 37 2 0 0 0 15 21 0 18 13 0 26 15 15 13 18 54 0 13 0 0 1 0 0 0 0 0 0 0 0 0 35 9 23 0 0 0 11 1 0 0 0 0 0 0 0 3 0 0 0 0 0 0 0 0 0 0 0 0 0 0 2 0 23 9 0 0 0 14 0 0 0 0 0 0 0 0 0 0 41 20 25 7 1 21 11 38 12 0 0 0 12 0 12 40 0 21 32 1 5 0 0 0 0 18 0 12 0 0 0 0 0 0 1 0 0 0 0 0 0 0 0 0 0 0 0 0 0 0 0 0 0 0 0 0 14 0 0 0 0 0 0 0 0 2 0 0 0 0 1 0 0 0 6 0 1 0 0 1 4 0 2 0 0 0 2 0 0 0 2 0 0 0 0 0 0 0 0 0 0 19 0 0 0 11 14 0 0 0 
 2 2 90 0 75 95 5 0 0 0 0 0 0 1 1 1 0 0 4 0 97 326 190 57 48 170 188 106 26 225 63 166 38 64 194 287 263 0 39 253 61 34 0 0 2 0 1 0 0 0 0 2 0 0 4 3 0 6 64 2 0 5 0 2 0 0 3 0 0 0 3 3 3 1 0 0 0 0 3 29 0 0 0 0 0 9 0 0 0 0 0 0 0 0 0 0 0 0 0 0 14 24 14 28 25 27 0 17 1 0 28 9 15 0 0 1 20 11 0 12 0 0 2 0 0 0 8 0 0 0 0 0 10 0 12 0 0 0 11 12 4 0 0 0 0 0 0 0 0 0 0 0 0 0 0 0 0 0 0 0 0 0 0 0 0 0 0 0 20 3 0 0 0 0 0 0 2 0 0 1 25 0 0 19 17 12 0 26 9 9 0 25 2 0 16 14 22 61 0 20 0 0 11 0 0 11 0 0 0 0 0 0 13 0 0 0 0 0 0 0 0 0 0 0 0 0 0 12 0 0 0 0 13 0 18 0 0 0 6 0 0 0 0 0 0 0 0 0 1 1 0 0 0 2 8 0 2 2 4 14 2 0 0 0 0 0 31 0 0 0 0 0 16 0 0 0 0 1 0 26 0 0 0 0 0 0 16 0 0 0 
 77 82 2 4 155 77 2 2 2 4 5 3 2 79 4 52 19 75 3 2 39 273 118 75 282 58 265 371 79 369 42 72 145 528 67 75 35 39 0 449 0 0 1 0 0 0 0 0 0 0 0 2 0 0 3 3 0 8 0 0 0 0 0 0 0 0 3 0 0 0 3 0 3 0 0 0 0 0 3 0 0 0 0 33 9 20 1 0 11 0 8 15 0 0 0 0 0 0 0 0 0 7 0 12 0 0 7 23 18 0 12 0 11 38 10 40 0 3 16 6 0 0 0 0 0 0 0 0 0 0 0 0 0 0 0 0 0 0 0 0 0 0 0 0 3 0 0 3 0 0 0 0 0 0 0 0 0 0 0 0 0 0 0 0 18 3 0 0 12 0 7 0 0 12 0 12 7 0 0 0 13 0 0 0 0 0 28 10 1 0 0 0 2 10 14 23 0 7 23 11 0 0 0 0 0 0 0 0 0 0 0 0 0 0 0 0 0 0 0 0 0 0 0 0 0 0 0 0 0 0 0 0 0 0 0 0 0 0 0 0 0 0 0 0 0 0 0 0 69 1 13 0 0 0 17 0 3 1 0 0 1 2 0 0 0 0 0 0 0 0 0 0 0 0 0 0 26 0 0 0 0 13 0 0 0 0 0 6 0 0 
 3 3 3 78 80 3 3 5 77 78 4 180 3 3 3 131 79 3 3 3 91 125 150 147 88 132 204 47 142 80 71 49 144 131 266 88 181 253 449 0 0 0 0 6 67 0 3 2 0 0 0 2 6 3 13 6 2 3 0 5 0 5 4 0 0 4 3 0 0 5 3 0 3 0 0 2 5 0 3 0 0 0 0 12 44 9 0 0 1 0 11 1 1 2 2 0 1 8 0 0 0 0 1 26 12 0 56 16 23 26 0 0 0 21 64 0 11 31 10 9 0 0 0 0 0 0 0 0 0 0 0 0 0 0 0 0 0 0 0 0 0 0 0 0 3 0 0 3 0 0 0 0 0 0 0 0 0 0 0 0 1 23 0 6 30 3 0 17 1 19 36 0 0 1 0 36 0 0 0 0 12 10 0 0 1 1 0 19 18 0 0 12 35 27 14 0 10 42 12 40 0 0 0 0 2 0 0 0 0 0 0 0 9 10 0 0 0 0 0 0 0 0 0 0 0 0 0 0 0 0 0 0 0 0 1 0 0 0 0 0 0 0 2 0 0 0 0 0 1 2 0 0 0 0 14 0 2 15 0 2 2 2 0 0 0 0 0 0 0 0 0 0 0 0 0 0 13 0 0 0 0 21 0 0 2 0 0 0 0 0 
 0 0 0 0 0 0 0 2 5 0 0 0 0 0 2 0 0 0 0 0 0 0 0 0 55 82 0 1 0 0 65 62 0 0 0 6 64 61 0 0 0 82 558 353 37 43 401 187 76 39 40 42 84 132 341 64 183 253 846 179 2 3 0 0 0 0 0 0 0 0 0 0 2 3 0 0 0 0 0 0 0 0 0 0 0 0 0 0 0 0 0 0 0 0 0 0 0 0 0 0 0 0 0 0 0 10 0 0 0 0 0 0 0 0 0 0 0 0 0 0 20 33 11 0 8 0 7 27 27 46 0 0 13 18 5 4 0 15 0 0 0 1 0 0 0 0 0 0 0 4 0 0 0 0 0 0 0 0 0 0 15 0 0 0 0 0 0 0 0 0 0 0 0 0 0 0 0 0 0 0 0 0 12 9 0 17 0 0 0 0 0 10 0 0 0 0 0 4 0 0 27 0 38 1 18 9 0 13 40 18 25 46 1 0 30 0 0 0 21 7 0 0 0 0 0 0 0 0 0 0 0 0 0 0 0 0 0 0 0 9 0 0 0 0 0 0 0 0 0 0 0 9 0 2 0 0 0 0 0 0 0 0 2 0 2 2 11 0 2 0 0 0 0 0 0 0 0 0 0 0 0 0 0 0 0 0 0 0 0 0 
 0 0 0 2 2 4 2 1 2 0 0 0 0 0 2 0 2 1 1 3 2 2 1 1 1 2 2 4 2 2 1 2 0 0 2 2 2 34 0 0 82 0 78 136 120 42 182 138 115 112 22 33 313 199 346 131 136 102 106 407 4 3 0 0 0 0 4 0 0 0 2 19 15 0 0 0 0 4 2 1 0 0 0 0 0 0 0 0 0 0 0 0 0 0 0 0 0 0 0 0 0 0 0 0 0 0 0 20 0 0 0 0 0 0 0 0 0 0 0 0 77 11 8 0 8 8 0 34 36 10 0 9 1 0 4 5 22 0 0 0 0 2 0 0 0 0 0 0 0 0 0 0 0 3 4 0 0 0 10 8 0 0 0 0 0 0 0 0 0 0 0 0 0 0 0 0 0 0 0 0 0 0 0 0 0 0 0 0 0 0 0 0 0 0 0 0 0 0 0 0 15 5 18 11 1 4 6 30 4 44 10 35 20 1 3 13 5 19 11 0 0 0 0 0 0 0 0 35 0 0 0 0 0 4 0 0 0 0 0 19 0 0 0 0 0 0 0 0 0 0 0 3 0 0 0 0 0 0 1 0 0 0 0 0 68 1 1 0 2 0 0 0 0 0 0 0 0 0 0 0 0 0 6 0 4 0 0 12 2 0 
 0 0 0 0 0 14 0 0 4 0 0 0 0 0 0 0 0 0 0 0 1 0 0 0 0 0 0 8 0 0 0 0 3 0 0 10 22 0 1 0 558 78 0 236 111 45 65 208 155 342 45 46 53 52 152 109 132 433 558 55 2 0 0 0 0 0 0 0 0 0 0 0 0 0 0 18 0 0 0 0 0 0 0 0 0 5 0 0 0 0 0 0 0 0 0 0 49 0 0 0 0 14 0 0 0 0 0 0 0 0 10 0 35 13 18 4 0 0 0 0 0 10 0 10 10 7 0 7 10 14 14 10 2 10 9 27 5 4 0 0 0 0 0 0 0 0 0 0 0 0 0 0 0 7 0 0 0 0 8 10 0 0 0 0 0 0 0 0 0 0 0 0 0 0 0 0 0 0 0 0 4 1 9 0 0 0 0 10 0 0 0 0 0 0 0 18 0 5 12 0 18 7 0 30 14 0 0 0 30 8 10 10 0 10 10 0 0 36 7 0 0 0 11 0 0 0 0 0 0 0 0 0 0 7 0 0 0 0 7 44 0 0 16 0 0 0 0 0 0 0 0 12 0 1 0 0 0 0 0 0 0 0 65 0 0 23 0 1 0 0 0 0 0 0 0 0 0 0 0 0 0 0 0 0 11 7 0 0 0 0 
 0 0 0 0 0 0 0 0 0 0 0 0 0 0 0 0 0 0 0 0 0 0 0 5 3 2 1 3 0 0 0 0 0 0 1 0 4 0 0 6 353 136 236 0 174 267 180 159 288 223 50 101 79 51 212 296 54 66 105 203 3 0 0 0 0 0 0 0 7 0 0 0 0 0 0 0 0 0 0 0 0 0 0 0 0 0 0 0 0 0 0 0 0 2 0 0 0 0 0 0 0 0 0 0 0 14 0 0 0 20 0 0 0 0 0 0 0 0 0 0 0 17 1 16 21 12 4 18 0 10 10 19 2 11 0 26 28 22 0 0 0 2 8 0 0 2 0 0 0 0 0 0 16 2 3 0 0 0 5 1 0 0 1 0 0 0 0 0 0 11 0 0 0 0 0 0 0 0 8 0 0 0 0 0 2 0 0 0 0 7 0 0 0 0 0 0 0 0 0 0 0 9 11 6 60 19 24 25 0 21 45 54 0 1 1 38 11 1 1 1 0 0 0 0 0 0 0 13 0 0 0 0 0 0 0 0 0 0 14 7 0 0 0 0 0 0 0 0 0 0 0 0 0 1 0 0 0 1 51 0 0 0 63 0 3 10 2 0 0 2 0 0 0 0 0 0 0 0 0 0 0 1 0 0 8 0 0 0 1 0 
 2 2 3 2 2 2 2 2 0 2 2 59 2 3 2 2 2 2 2 2 3 0 0 1 0 0 0 0 0 0 0 0 0 0 0 0 12 2 0 67 37 120 111 174 0 103 50 76 319 237 82 269 266 251 86 83 84 120 57 289 3 41 15 2 1 3 0 52 5 0 2 1 57 15 58 4 52 0 53 8 0 0 0 0 0 9 0 0 0 0 0 0 0 0 0 0 0 0 0 0 0 0 0 0 0 0 0 0 0 0 0 0 0 0 0 0 0 0 0 0 0 1 0 40 12 9 0 0 0 0 0 40 0 0 0 6 0 29 0 0 19 14 5 0 0 2 29 4 3 6 3 0 11 32 12 2 0 0 30 18 0 0 0 0 0 0 0 0 1 0 0 0 0 0 0 0 3 0 0 0 0 0 0 0 0 0 1 0 0 20 0 0 0 0 0 0 0 0 0 0 0 4 0 19 13 11 0 8 0 7 2 19 0 0 0 18 8 34 0 0 10 0 25 0 2 0 15 14 0 8 0 0 0 7 6 12 0 0 13 11 0 0 12 0 0 0 0 0 0 0 0 10 0 0 0 0 0 0 0 0 0 0 8 65 0 0 0 2 0 0 0 0 0 0 0 0 0 0 0 0 0 0 0 0 23 11 0 2 1 0 
 1 1 0 0 0 0 0 0 1 0 0 0 0 0 0 0 0 0 0 0 12 0 0 0 0 0 0 0 0 0 0 0 0 0 13 0 3 0 0 0 43 42 45 267 103 0 31 457 264 48 83 68 30 263 279 62 54 40 51 56 0 51 0 4 3 0 60 47 0 0 2 2 147 79 67 53 54 59 158 112 0 0 0 9 37 0 0 0 0 0 0 0 0 0 0 0 0 0 0 0 0 0 0 0 0 0 0 0 0 0 0 0 0 0 0 0 0 0 0 0 0 0 0 9 10 19 0 0 0 0 1 0 0 0 0 0 0 12 0 0 38 0 0 1 19 1 7 8 0 28 23 3 33 14 15 0 4 21 0 13 0 0 0 0 0 0 0 0 0 0 0 0 0 0 0 22 7 0 4 0 0 0 0 0 0 0 0 0 0 0 0 0 0 0 0 0 0 0 0 0 0 0 0 0 0 0 0 0 0 0 0 0 0 0 0 0 0 14 0 0 1 13 0 21 0 1 22 30 8 22 0 1 0 24 20 42 14 15 16 22 15 0 0 0 0 0 0 0 0 0 0 2 0 0 0 0 0 0 0 0 0 0 2 0 1 1 1 9 0 0 16 0 0 1 0 0 0 0 0 0 0 0 0 0 18 0 0 0 2 0 
 0 0 0 0 2 0 0 0 4 2 0 0 0 0 0 0 5 2 0 0 0 1 0 0 124 0 1 1 0 0 119 18 0 0 0 3 0 1 0 3 401 182 65 180 50 31 0 105 120 100 36 50 249 148 191 53 41 306 261 458 4 0 0 0 0 0 0 0 0 0 2 0 0 0 2 0 0 0 0 0 0 0 0 2 0 0 0 0 0 0 38 0 0 0 0 0 8 0 0 0 11 0 0 0 0 0 0 1 1 23 0 2 0 0 1 1 0 0 8 0 22 0 31 0 2 6 27 22 15 0 0 22 11 6 7 20 17 0 9 40 0 1 0 0 0 0 8 0 0 5 0 10 0 0 0 0 0 0 9 7 6 0 0 11 18 0 11 0 0 5 0 32 0 0 0 5 0 0 0 4 15 0 14 0 10 19 0 0 0 0 0 8 0 0 0 0 0 0 0 0 0 9 0 15 10 21 34 12 23 3 12 0 7 5 10 17 21 0 16 11 0 0 21 0 0 0 0 15 0 0 0 0 0 0 0 0 0 0 0 0 0 0 0 0 0 0 3 0 0 17 0 1 0 2 0 0 0 0 1 2 0 0 0 0 67 0 0 0 0 0 0 0 0 0 0 0 0 0 0 0 0 0 0 0 0 0 0 19 0 0 
 63 63 34 0 0 0 0 0 0 0 2 0 71 0 0 0 0 0 63 0 3 0 0 4 3 16 0 0 0 0 3 0 92 0 0 0 2 0 0 2 187 138 208 159 76 457 105 0 292 258 131 31 203 110 402 336 286 32 66 146 0 0 0 0 0 2 0 0 0 0 0 0 0 0 0 20 0 0 0 6 29 0 0 0 0 0 13 8 0 0 0 0 7 0 1 0 8 0 0 3 1 0 0 0 0 18 0 0 0 7 0 2 0 0 0 0 0 0 0 0 13 24 8 15 0 12 7 10 26 8 0 9 9 30 1 54 13 0 2 0 0 0 0 0 0 0 0 0 0 0 0 0 0 0 0 16 0 0 0 0 0 0 0 0 0 0 2 0 0 0 0 0 11 0 0 0 0 0 0 0 0 0 0 0 1 1 1 0 3 0 0 0 0 0 0 0 5 0 0 0 2 0 0 0 9 0 0 10 10 7 0 11 10 13 0 19 6 0 39 26 0 0 0 0 0 0 0 0 0 0 0 0 0 0 0 0 0 1 0 0 0 0 0 0 0 0 0 0 0 0 0 13 0 2 0 0 0 1 3 2 0 0 0 0 1 0 2 0 0 0 0 0 0 0 0 0 0 20 0 0 0 4 0 0 0 0 0 0 0 0 
 0 0 0 0 0 24 0 0 65 0 0 64 0 0 0 0 0 35 0 0 3 62 0 0 5 4 0 0 0 0 0 8 0 0 0 0 0 0 0 0 76 115 155 288 319 264 120 292 0 190 96 98 64 71 160 39 128 58 106 66 1 0 0 34 0 0 0 0 0 0 1 0 49 0 0 0 0 1 49 50 0 0 0 12 8 9 0 0 0 0 0 7 0 0 0 0 0 0 0 0 7 0 0 0 0 11 0 0 0 1 0 0 0 10 0 0 0 0 0 0 3 32 2 27 9 0 0 0 1 21 0 11 0 16 1 8 31 30 0 7 13 2 3 0 0 2 0 0 0 0 0 0 0 14 13 0 0 0 0 0 0 0 0 0 0 0 0 0 0 0 0 8 0 0 0 0 0 0 0 0 0 12 0 0 2 6 11 0 0 2 0 0 0 12 0 0 0 0 0 16 0 4 9 1 0 12 2 4 0 0 11 9 3 0 31 12 25 13 0 10 0 0 14 0 0 0 0 0 0 0 0 0 7 0 6 0 0 0 0 0 0 0 0 0 0 0 0 0 0 0 0 12 0 1 0 0 0 0 0 1 0 0 5 0 2 2 2 0 0 0 0 0 0 0 0 0 0 0 0 0 0 0 0 0 26 0 0 0 1 0 
 0 0 0 0 0 0 0 0 0 0 0 0 8 0 0 0 0 0 0 62 4 0 0 0 0 0 0 0 4 0 4 0 0 0 0 0 0 0 0 0 39 112 342 223 237 48 100 258 190 0 132 67 44 74 137 83 88 207 303 230 6 0 2 0 0 0 0 0 6 0 0 4 2 4 61 7 0 0 0 14 0 0 0 0 0 0 0 0 0 0 0 0 0 0 0 0 0 0 0 0 0 0 0 0 0 0 0 0 0 0 0 0 0 0 0 0 0 0 0 0 0 0 9 0 35 13 7 7 0 0 12 30 0 0 0 0 16 0 0 0 0 14 3 0 1 0 1 4 0 2 0 0 7 16 1 6 0 2 28 39 0 0 0 0 0 0 0 0 0 0 0 0 0 0 0 0 0 0 0 0 0 17 0 0 0 0 0 0 0 0 0 0 0 0 0 0 0 0 0 0 0 20 0 20 14 25 17 26 0 24 15 0 0 0 0 30 0 28 0 0 3 0 15 0 2 0 5 16 0 0 4 11 20 0 4 2 0 3 21 6 0 0 11 0 0 0 0 0 0 0 0 11 0 0 0 0 0 0 0 13 0 0 2 0 3 22 4 2 0 0 4 0 0 0 0 4 0 0 0 0 0 0 0 0 12 16 0 1 2 0 
 0 0 2 0 0 0 1 64 2 0 2 1 5 0 1 1 63 0 0 0 0 0 0 0 0 0 0 0 0 0 0 0 0 0 0 0 0 0 0 0 40 22 45 50 82 83 36 131 96 132 0 97 47 42 86 139 94 132 43 349 2 0 0 0 0 0 16 0 0 0 0 0 0 0 51 0 0 0 1 0 0 0 0 0 0 0 0 0 0 7 10 0 10 0 0 0 0 0 0 0 7 0 0 0 0 0 0 0 0 0 0 0 0 0 0 0 0 0 0 0 0 6 0 0 14 9 0 17 0 0 0 15 0 0 0 17 13 5 0 0 0 8 0 0 0 0 0 0 8 0 0 0 0 5 1 0 0 0 14 0 0 0 0 0 0 0 6 11 3 12 0 0 0 0 11 0 0 0 0 11 0 0 0 0 0 0 0 0 0 0 0 0 0 0 0 0 0 0 0 0 0 0 2 1 6 23 1 0 0 1 6 14 0 0 0 15 0 1 0 0 11 0 9 0 0 0 0 10 0 0 0 16 12 0 10 0 0 0 0 0 0 0 0 0 0 0 0 0 0 0 0 11 0 0 1 0 0 0 0 8 1 0 0 63 0 2 4 0 0 0 0 0 0 0 0 0 0 0 0 0 0 0 0 0 11 9 0 0 1 0 
 1 0 0 86 0 0 0 0 0 55 0 0 0 0 0 0 0 36 0 0 3 2 63 2 2 2 3 5 2 3 2 2 2 2 3 2 2 2 2 2 42 33 46 101 269 68 50 31 98 67 97 0 38 31 270 9 127 99 95 216 7 3 0 0 2 0 52 0 23 0 0 12 0 32 55 3 0 0 51 51 0 0 0 0 0 0 0 0 0 0 0 0 21 0 0 0 0 0 0 0 0 0 0 0 0 0 0 0 0 0 0 0 0 0 0 0 0 0 0 0 18 13 0 15 9 11 0 6 0 13 9 11 0 0 0 0 0 13 0 0 0 1 0 3 4 0 18 23 0 0 3 4 23 0 18 19 0 41 0 0 0 0 0 0 0 0 0 0 0 0 0 0 0 0 1 0 0 0 0 0 0 0 0 0 0 0 0 0 0 0 0 0 0 1 0 0 0 0 0 0 0 11 19 0 27 13 0 0 0 8 20 20 0 0 0 4 0 0 0 7 22 14 45 0 5 2 32 16 4 28 43 20 15 0 11 7 6 34 20 9 0 0 0 0 0 0 0 1 0 0 0 13 0 0 19 0 0 0 0 21 0 0 12 0 0 1 0 3 1 0 6 0 0 0 0 9 0 0 0 0 0 0 0 0 0 15 0 0 2 0 
 0 0 0 4 5 0 0 0 2 0 0 6 0 0 0 46 0 0 0 0 3 0 0 32 64 1 0 2 63 0 0 0 0 0 0 5 0 0 0 6 84 313 53 79 266 30 249 203 64 44 47 38 0 214 99 313 160 56 490 217 2 3 0 0 0 0 0 0 0 0 0 0 0 0 38 0 0 1 0 0 0 0 0 0 4 0 0 0 0 0 0 0 0 0 0 0 0 0 0 0 0 0 0 0 0 11 7 5 0 0 0 0 0 0 0 0 0 0 0 6 44 2 12 21 0 0 25 6 22 10 17 10 0 12 14 2 16 0 15 0 0 0 0 0 0 1 0 0 0 0 0 0 0 0 0 0 0 0 0 0 0 4 0 7 0 0 0 9 0 0 5 0 0 25 0 0 7 5 0 0 0 0 0 0 13 0 0 0 0 11 0 1 0 7 0 0 0 0 0 27 42 0 17 1 2 0 0 14 10 44 0 16 11 0 21 9 9 11 20 14 0 37 0 0 29 0 6 0 0 0 0 0 2 0 0 0 0 0 0 8 0 12 0 0 0 0 0 0 0 0 0 2 0 2 0 0 0 30 0 2 0 0 66 0 2 2 0 0 0 0 6 0 0 0 0 0 0 0 0 0 0 0 0 1 0 0 0 0 0 0 
 0 0 0 0 0 0 0 0 0 0 0 0 0 0 0 0 0 0 0 0 0 0 0 21 161 0 0 0 0 0 29 0 0 0 0 0 0 0 0 3 132 199 52 51 251 263 148 110 71 74 42 31 214 0 205 98 196 27 198 264 0 0 0 0 0 0 0 0 0 0 0 0 1 0 0 0 0 0 0 0 0 0 0 0 0 0 0 0 0 0 0 0 0 0 0 0 0 0 0 0 0 0 0 0 0 34 0 0 0 7 0 7 0 0 0 0 0 0 0 0 44 3 18 1 0 0 20 16 23 0 1 0 0 0 68 19 0 0 0 36 0 0 1 0 0 0 0 0 0 5 0 0 0 0 0 0 0 0 0 0 0 0 0 0 0 0 0 0 0 0 0 0 0 0 0 0 0 0 0 0 0 0 0 0 15 2 0 0 0 7 0 53 0 0 0 0 0 0 0 0 8 16 10 10 10 0 17 25 25 55 0 0 1 12 11 1 27 0 21 21 0 0 0 0 0 0 0 22 0 0 0 0 0 0 0 0 0 0 0 9 0 35 0 0 0 0 0 0 0 0 0 9 0 2 0 0 0 27 0 0 0 0 0 0 0 2 1 0 0 0 0 0 0 0 0 0 0 0 0 0 0 0 0 0 0 0 0 0 0 0 
 0 1 0 2 10 0 0 0 3 0 0 10 0 0 0 4 3 0 0 0 5 4 3 3 3 3 3 5 3 3 3 3 6 3 3 3 3 4 3 13 341 346 152 212 86 279 191 402 160 137 86 270 99 205 0 165 181 50 157 335 1 0 0 0 0 0 0 0 0 0 0 0 0 0 0 0 0 3 0 0 0 0 0 0 6 0 0 0 0 0 0 0 0 0 0 0 0 0 0 0 0 0 7 0 0 0 6 5 0 0 0 0 0 0 0 0 0 0 0 4 49 8 8 17 20 0 0 22 14 6 1 2 12 0 0 7 28 30 0 0 0 2 0 0 0 2 0 0 0 0 0 0 0 0 0 0 0 0 0 8 0 4 0 12 3 0 0 4 0 2 4 0 0 0 0 3 9 4 0 0 0 0 0 0 0 0 0 0 0 0 0 0 0 6 0 0 0 0 0 13 0 0 8 31 43 11 11 12 0 41 50 61 11 42 0 33 14 0 12 0 0 0 0 9 0 0 0 0 0 0 0 0 0 0 0 0 0 0 1 0 0 5 0 0 0 0 0 0 1 0 0 11 0 2 0 0 0 0 0 2 0 0 9 0 6 6 0 0 0 0 0 0 0 0 0 0 0 0 0 0 0 0 0 0 19 0 0 8 0 0 
 0 0 0 0 0 0 0 0 0 0 0 67 0 0 0 0 0 0 0 0 3 3 3 8 5 3 2 3 3 3 3 6 3 3 2 3 4 3 3 6 64 131 109 296 83 62 53 336 39 83 139 9 313 98 165 0 173 42 113 74 1 0 0 0 0 0 87 1 0 0 0 0 0 0 1 2 0 0 2 0 0 0 8 0 0 0 0 0 0 0 0 0 0 0 0 0 0 0 0 0 0 0 1 0 0 0 0 0 0 0 0 0 0 0 0 0 0 0 0 0 22 10 18 17 0 0 8 0 23 9 0 0 1 10 0 23 0 20 0 18 5 2 0 6 0 2 0 0 8 0 0 0 0 16 0 0 0 0 4 4 0 0 0 0 0 0 0 0 3 0 0 0 11 0 0 0 0 0 0 0 0 0 0 0 0 0 0 0 0 0 0 0 0 0 0 0 0 0 0 0 6 8 0 31 24 0 4 7 76 4 2 37 0 0 10 20 42 0 19 0 0 3 11 0 0 0 1 0 0 0 0 0 12 0 20 0 0 0 4 6 0 0 0 0 0 0 0 2 1 0 0 17 0 2 0 0 1 0 0 11 0 17 8 1 0 2 2 0 0 0 0 0 0 0 0 0 1 0 0 0 0 3 0 0 1 0 0 0 1 0 
 0 0 0 0 0 8 0 0 0 0 0 0 0 0 0 0 1 0 0 0 0 0 0 0 0 0 0 0 0 0 0 0 1 0 0 0 2 0 0 2 183 136 132 54 84 54 41 286 128 88 94 127 160 196 181 173 0 288 107 23 0 0 2 0 2 0 0 56 3 0 0 2 9 2 0 0 0 2 10 0 0 0 0 0 0 0 0 22 0 0 0 0 0 0 0 0 0 0 0 0 0 0 0 0 0 0 8 0 0 0 0 0 0 0 0 0 0 0 0 0 43 24 19 34 12 0 9 0 35 19 19 8 28 38 0 56 4 17 0 18 2 7 0 0 0 1 0 0 0 0 0 0 0 6 11 8 0 0 2 0 0 0 0 0 0 0 0 0 0 0 0 0 0 0 0 0 0 0 0 0 0 0 0 0 0 0 0 0 0 0 0 0 0 0 0 0 0 0 0 0 1 12 14 16 58 1 0 8 22 2 27 107 19 17 0 48 50 1 35 20 0 4 0 0 0 0 0 9 0 0 0 0 0 7 0 0 0 0 3 6 0 0 0 0 0 0 0 0 0 0 0 16 0 0 0 0 0 0 0 0 0 0 0 0 9 2 1 0 0 0 39 0 0 0 0 0 0 0 0 0 0 0 0 0 6 0 0 8 2 0 
 3 3 3 3 64 3 67 3 0 3 3 3 3 3 3 3 3 3 5 4 2 2 2 2 3 2 1 3 2 2 3 3 63 3 2 2 4 6 8 3 253 102 433 66 120 40 306 32 58 207 132 99 56 27 50 42 288 0 250 106 1 0 0 0 0 2 0 0 0 0 0 3 0 0 0 0 0 0 0 0 0 0 0 0 0 0 0 0 0 0 0 0 0 0 0 0 0 0 0 0 0 0 0 0 9 0 0 0 0 0 0 0 0 0 0 0 0 0 0 0 0 0 0 11 25 11 0 0 0 0 20 36 0 0 0 0 28 16 3 0 0 2 0 0 0 2 0 0 0 0 0 0 0 1 0 0 0 0 4 15 0 0 0 0 0 0 0 0 0 0 0 0 0 0 0 0 0 0 0 0 0 0 0 0 0 0 0 0 0 0 0 0 0 0 0 0 0 0 0 0 0 25 0 6 0 27 18 9 0 12 1 0 0 0 0 1 0 6 0 0 7 0 2 0 0 0 1 13 0 0 9 0 27 8 0 0 0 0 26 51 0 0 0 0 0 0 0 0 0 0 0 15 0 1 0 0 0 0 0 12 0 1 6 2 1 13 0 49 0 0 0 0 0 0 0 0 0 0 0 0 0 0 0 0 7 9 0 0 0 0 
 0 0 0 14 2 2 0 0 4 0 1 0 0 0 2 52 0 0 4 0 6 0 0 64 3 62 0 6 0 62 0 0 1 0 0 70 66 64 0 0 846 106 558 105 57 51 261 66 106 303 43 95 490 198 157 113 107 250 0 107 0 8 0 0 0 0 0 0 1 1 0 0 3 1 0 51 0 0 0 1 0 0 0 0 2 0 0 0 0 0 0 0 0 0 0 0 0 0 0 0 0 0 0 0 0 0 11 0 63 0 0 10 0 0 1 0 19 0 0 11 21 11 0 10 14 0 0 2 0 35 0 9 21 26 20 10 0 10 3 0 0 1 0 0 0 0 0 0 0 0 2 0 0 0 0 0 0 0 0 5 0 11 0 1 1 14 0 0 0 0 6 0 0 0 0 1 0 8 0 0 0 13 0 72 0 17 0 0 0 0 0 0 1 9 0 0 0 0 1 2 26 14 11 0 0 0 0 0 0 0 26 16 21 0 4 10 13 21 10 19 0 0 0 0 0 0 0 0 0 0 0 0 0 0 0 0 0 0 0 9 0 6 0 0 0 0 0 0 0 0 0 8 0 0 0 0 0 63 0 0 0 0 0 0 0 0 10 0 1 0 20 0 0 0 0 2 0 0 0 0 0 0 0 0 0 0 13 0 0 0 
 0 0 0 0 0 0 0 0 9 0 0 5 1 0 0 1 7 0 0 0 0 72 0 0 82 0 0 0 0 0 19 0 1 0 0 3 0 2 0 5 179 407 55 203 289 56 458 146 66 230 349 216 217 264 335 74 23 106 107 0 0 0 0 0 0 0 0 0 0 0 0 0 0 0 0 0 0 0 0 0 0 0 0 0 2 0 0 0 0 0 5 0 0 0 0 0 0 0 0 0 0 0 0 0 0 9 1 4 1 16 0 7 0 0 0 1 0 0 8 1 10 25 21 0 13 14 0 26 33 0 0 10 2 0 67 25 23 0 0 6 0 2 0 0 0 1 1 0 0 2 0 0 0 0 0 0 0 0 10 20 3 4 0 10 7 0 0 3 0 5 1 0 0 0 0 8 5 0 0 1 0 16 0 0 11 1 0 0 0 0 0 12 0 1 0 0 0 0 0 0 0 9 11 12 9 8 52 37 10 5 16 10 11 11 0 11 0 0 21 10 0 0 0 0 0 0 0 9 0 0 0 0 0 0 0 0 0 0 0 0 0 0 0 0 0 0 0 0 0 27 0 15 0 0 0 0 0 0 1 2 0 0 0 0 68 2 0 0 2 0 0 0 0 0 0 0 0 0 0 0 0 0 0 0 0 0 0 14 0 0 
 0 0 0 0 0 0 0 0 0 0 0 0 0 0 0 0 0 0 1 0 0 0 0 0 7 0 0 0 0 0 4 1 0 0 0 0 0 0 0 0 2 4 2 3 3 0 4 0 1 6 2 7 2 0 1 1 0 1 0 0 0 169 60 42 48 57 144 114 43 39 43 49 55 108 190 32 31 83 16 120 0 0 0 0 0 0 0 0 0 0 0 0 0 0 0 0 0 0 13 0 0 0 0 0 0 0 0 0 0 0 0 0 0 0 0 0 0 0 0 0 0 0 0 0 0 0 0 0 0 0 0 0 0 0 0 0 0 0 0 0 0 10 0 0 86 0 9 21 1 0 0 0 10 0 8 29 13 41 0 0 0 9 0 0 11 10 0 0 0 0 0 0 0 26 0 0 0 0 0 24 0 0 0 0 0 0 0 0 0 0 0 0 0 0 0 0 0 0 0 0 0 0 0 0 0 0 0 0 0 0 0 0 0 0 0 0 0 0 19 0 6 10 3 0 31 8 10 13 9 10 6 1 0 7 37 26 12 22 0 0 0 0 0 0 0 0 0 0 0 0 0 0 0 0 3 0 0 0 0 1 57 0 1 0 0 0 0 0 0 0 26 0 59 5 14 12 0 0 0 0 0 0 0 0 0 0 0 0 3 0 
