 0 153 90 61 222 118 156 248 312 25 28 35 232 39 133 48 339 125 150 58 3 0 0 1 0 1 73 0 2 2 5 0 0 0 0 3 0 0 3 0 0 3 0 0 0 0 0 0 2 0 0 0 2 0 0 0 0 2 3 0 3 0 33 0 3 0 8 0 3 0 0 3 2 0 0 3 0 0 31 2 29 12 0 0 0 23 25 40 0 0 2 0 0 0 7 15 0 28 17 44 0 0 0 0 0 0 0 0 0 0 0 0 0 0 0 0 0 0 0 5 0 0 0 0 0 0 0 0 0 0 0 0 2 0 0 0 0 0 0 0 0 0 0 0 0 0 0 0 0 0 0 0 0 0 0 0 0 0 0 14 0 0 0 0 4 0 0 30 26 0 33 1 0 13 1 16 13 0 24 16 0 1 0 0 0 0 0 0 0 0 0 0 1 2 0 0 0 0 1 1 2 0 0 0 0 0 0 0 0 0 0 0 0 2 0 0 1 0 0 0 0 0 0 0 0 0 0 0 0 0 0 0 0 0 0 0 0 0 0 0 0 0 0 0 0 2 0 2 93 4 0 8 23 0 0 0 0 0 0 0 0 0 0 0 0 0 0 0 0 0 0 0 0 0 0 14 0 0 0 0 0 0 0 0 0 0 0 0 0 0 
 153 0 174 117 185 111 90 266 224 39 395 120 51 70 392 145 135 200 147 264 3 0 0 0 0 0 0 0 2 0 4 0 135 0 0 3 0 0 84 0 0 3 0 0 0 0 0 0 2 0 0 0 2 0 0 0 0 6 3 0 6 0 1 0 1 0 8 0 2 0 0 2 2 0 0 3 0 0 0 0 18 19 27 14 10 0 23 13 2 10 12 67 0 13 21 28 23 10 0 0 31 0 0 0 0 0 0 0 0 0 0 0 0 0 0 0 0 0 14 0 0 0 0 0 0 0 0 0 0 17 0 0 0 0 0 0 0 7 0 0 0 0 0 0 0 0 0 8 0 1 0 0 0 0 0 0 0 0 0 0 20 31 13 4 7 42 18 36 37 52 0 20 0 36 14 2 6 0 0 0 0 0 0 0 0 0 1 0 0 0 0 2 0 0 16 0 0 0 22 29 0 0 0 0 0 0 0 0 0 0 0 0 0 0 0 0 0 0 0 0 0 0 0 0 0 0 0 0 0 0 0 0 0 0 0 0 0 0 0 0 0 19 0 0 0 1 40 0 0 54 1 2 16 0 0 0 0 0 0 0 0 0 0 0 0 0 0 0 0 0 0 0 0 0 0 10 10 0 0 0 0 0 0 6 0 0 0 0 0 0 
 90 174 0 126 335 120 58 706 157 37 141 210 66 118 69 155 246 154 112 131 3 0 0 0 0 0 0 0 3 0 5 9 4 0 0 3 0 0 77 0 0 3 3 1 3 2 0 2 4 0 0 3 2 2 1 0 0 6 3 3 5 0 0 0 0 0 5 0 2 0 0 0 2 0 35 3 0 0 0 0 16 45 0 31 0 20 21 8 0 0 29 10 14 1 1 25 34 17 0 0 1 7 0 0 0 0 24 0 0 0 0 0 7 10 0 0 0 0 0 10 0 0 0 0 0 0 0 0 0 0 0 0 0 0 0 0 0 0 0 0 1 0 0 0 0 0 0 0 0 0 0 0 0 0 5 0 0 0 0 0 16 0 77 3 0 2 0 23 40 0 30 10 21 27 1 16 0 12 9 26 0 0 0 0 0 0 3 0 0 0 0 0 27 0 0 8 0 0 1 0 0 0 0 0 0 0 0 13 0 0 0 0 0 0 0 0 0 0 0 0 0 0 0 0 0 2 0 0 0 0 0 0 2 0 0 0 0 0 0 0 0 19 0 0 0 0 1 0 88 2 3 3 16 0 0 0 0 0 0 0 0 0 0 0 0 0 0 0 0 0 0 0 0 0 0 17 1 0 0 0 0 0 0 0 0 0 0 0 0 0 
 61 117 126 0 246 34 184 189 255 190 143 72 87 95 67 26 213 384 168 157 100 5 0 0 0 0 0 0 2 0 4 0 77 67 0 3 0 0 5 61 0 3 0 0 0 0 0 0 7 0 0 0 2 0 0 0 0 3 3 0 3 0 0 0 3 0 6 0 2 0 0 2 2 0 0 3 0 0 0 6 19 22 25 19 10 19 21 20 12 37 0 0 10 9 10 0 20 17 0 0 19 0 0 0 0 0 1 0 0 4 0 0 1 0 0 0 0 0 67 15 0 0 0 0 0 0 0 0 0 0 0 0 0 0 0 0 0 0 0 1 0 0 8 0 0 0 0 0 0 0 0 0 0 0 0 0 0 0 0 0 0 0 0 0 19 15 0 0 16 25 18 19 0 11 0 14 15 0 0 0 0 0 16 0 0 0 0 23 0 0 0 0 28 20 16 0 0 0 12 19 0 0 0 0 0 0 0 0 0 0 0 0 0 0 0 0 0 0 0 0 0 0 0 0 0 0 0 6 0 11 0 0 0 0 0 0 0 0 0 0 0 0 0 0 0 0 1 0 90 3 0 5 18 0 0 0 0 0 0 0 0 0 0 0 0 0 0 0 0 0 0 0 0 15 0 30 18 2 0 0 0 0 0 0 0 0 0 0 0 0 
 222 185 335 246 0 75 54 175 178 62 107 258 321 72 192 122 58 173 76 171 11 97 0 0 0 0 76 0 2 0 4 0 0 1 69 3 2 75 162 2 0 3 0 0 0 0 0 0 64 0 0 1 2 3 0 0 0 3 66 1 3 0 0 0 2 0 0 0 3 0 0 3 2 0 0 3 0 4 0 0 8 0 0 4 0 32 13 10 62 3 0 20 0 12 11 11 16 35 1 0 0 17 0 0 0 0 12 0 12 7 0 10 10 0 2 0 0 0 25 10 0 0 0 0 0 0 0 0 0 0 0 0 0 1 0 0 0 0 0 1 0 2 0 0 0 0 0 0 0 0 3 0 0 5 0 2 0 0 0 0 10 12 16 20 3 35 0 15 0 19 22 14 0 12 0 28 0 50 0 0 1 0 0 0 0 0 0 4 1 0 11 0 24 0 0 1 9 14 0 1 0 2 0 0 0 0 0 0 0 0 0 0 0 0 2 0 0 0 0 2 0 0 0 0 0 0 0 0 0 0 0 0 0 0 0 0 0 0 0 2 0 0 0 0 0 2 86 0 47 4 0 0 2 0 0 0 0 0 0 0 0 0 0 0 0 0 0 0 0 0 0 0 0 0 0 7 11 0 0 0 0 14 0 0 0 0 0 0 0 0 
 118 111 120 34 75 0 49 72 45 140 143 114 51 52 55 101 58 132 43 42 5 23 77 0 0 0 73 78 85 0 4 0 61 0 76 4 0 0 80 65 0 3 0 0 0 0 0 0 2 0 0 0 2 0 0 0 0 3 3 0 3 0 0 0 1 0 0 0 2 0 0 2 2 0 0 3 16 0 0 0 15 0 0 31 11 16 0 0 0 1 40 32 0 0 0 1 3 14 0 0 28 12 45 35 0 0 0 21 11 0 5 0 1 19 22 7 0 11 15 18 0 0 0 0 0 0 0 0 9 0 0 0 1 0 0 0 0 0 0 0 0 0 0 0 0 0 0 0 0 0 0 0 0 0 0 0 0 0 0 0 0 0 21 53 0 9 0 0 27 18 0 0 0 0 0 0 0 19 0 2 1 0 31 10 2 0 0 13 5 15 0 0 6 26 15 0 11 0 30 34 0 0 0 0 0 0 0 0 0 0 0 0 1 1 0 0 0 0 1 0 0 0 0 0 0 0 0 0 0 0 0 0 0 0 0 0 0 0 0 0 0 9 0 0 0 4 0 1 4 3 1 3 0 0 0 0 0 0 0 0 27 0 0 0 0 0 0 0 0 0 0 0 0 0 0 0 0 0 0 0 0 0 0 0 0 1 0 0 0 0 
 156 90 58 184 54 49 0 69 135 421 53 26 300 456 51 34 119 32 362 207 3 0 0 2 0 1 74 1 2 0 5 0 0 0 2 3 0 0 3 0 0 3 0 0 0 0 0 0 2 0 0 0 2 0 0 0 0 3 3 0 3 0 0 0 3 0 0 0 3 0 51 3 2 0 0 3 0 0 0 0 90 56 15 0 1 0 8 22 35 1 0 0 65 44 35 0 15 11 8 21 0 0 0 0 0 0 0 0 0 0 11 0 0 0 0 0 0 0 0 0 0 0 0 0 0 0 0 0 0 0 0 0 0 0 0 0 0 0 0 18 0 0 0 0 0 11 0 0 0 0 0 0 0 0 0 0 0 0 0 0 60 0 0 30 0 0 11 25 1 0 26 16 29 15 28 15 10 16 21 6 0 0 0 0 0 0 0 0 0 0 0 0 0 0 0 0 0 0 0 0 0 0 0 0 0 0 0 0 0 0 0 0 0 0 0 0 0 0 0 0 0 0 0 0 0 0 0 0 0 0 0 21 0 0 11 0 0 0 0 0 0 0 0 0 0 0 94 5 2 2 2 1 0 0 0 0 0 0 0 0 0 0 0 0 0 0 0 0 0 0 0 0 0 0 0 0 0 0 0 0 0 0 0 0 0 0 0 0 0 0 
 248 266 706 189 175 72 69 0 62 35 22 96 107 91 38 334 225 28 92 146 3 0 0 73 0 0 0 0 2 0 4 0 3 0 0 3 0 0 5 1 0 3 0 0 0 0 0 0 2 0 0 0 2 0 0 0 0 3 3 0 3 0 0 0 2 0 5 0 2 0 0 2 2 0 31 3 0 0 0 26 17 38 2 16 0 17 39 7 19 0 11 10 13 0 0 12 19 19 12 14 10 0 0 0 0 0 0 0 0 0 0 0 0 0 0 0 0 1 22 13 0 0 0 0 0 0 0 0 0 0 0 0 0 0 0 0 0 0 0 0 0 0 0 0 0 0 17 0 0 0 2 0 0 0 5 0 0 0 0 0 14 0 0 0 1 19 0 0 37 15 30 16 15 18 0 11 0 0 0 20 0 0 1 0 0 0 0 0 0 0 0 0 16 0 0 0 0 0 1 0 0 0 0 0 0 0 0 0 0 0 0 0 0 0 0 0 0 0 0 0 0 0 0 0 0 0 0 0 0 0 0 8 0 0 0 0 0 0 0 0 0 20 0 0 0 2 0 0 47 2 0 9 16 0 1 0 0 0 0 0 0 0 0 0 0 0 0 0 0 0 0 0 0 0 0 17 12 0 0 0 0 0 0 0 0 0 0 0 0 0 
 312 224 157 255 178 45 135 62 0 171 129 162 499 204 193 291 136 30 76 166 3 0 0 2 3 2 0 1 4 0 5 2 22 0 0 3 2 2 48 74 1 3 3 1 3 0 0 0 2 0 0 5 2 0 0 0 0 3 6 0 3 0 54 0 1 0 0 0 2 1 0 2 2 0 0 3 0 0 0 1 0 0 33 33 0 0 11 0 51 0 0 9 18 20 0 0 35 0 0 12 10 35 0 0 1 0 42 2 0 0 0 0 3 20 2 0 0 0 22 0 0 0 0 0 0 0 0 0 0 0 0 0 0 1 0 0 0 0 0 0 0 2 0 0 0 0 1 0 0 0 0 18 1 0 1 2 0 0 0 2 14 9 1 25 11 13 0 16 14 10 27 34 0 0 1 11 0 0 14 10 18 0 1 0 0 0 0 1 0 0 0 0 13 0 0 0 0 0 12 18 28 0 0 0 1 0 0 13 0 0 0 0 0 0 2 0 0 0 0 2 0 0 0 0 0 0 0 0 0 0 12 0 0 0 0 0 19 0 0 2 0 0 0 0 0 2 0 0 3 87 0 3 0 0 0 0 0 0 0 0 0 0 0 0 0 0 0 0 0 0 0 0 0 0 0 0 23 0 0 0 0 0 0 0 0 0 0 0 0 0 
 25 39 37 190 62 140 421 35 171 0 185 345 107 171 110 184 136 200 251 214 83 7 0 84 0 0 0 72 2 0 4 3 75 32 0 3 0 0 153 52 2 3 0 0 0 2 0 2 2 0 2 0 2 2 0 0 0 6 72 3 3 0 0 0 2 0 0 0 3 0 0 3 2 0 0 3 0 0 0 0 9 10 0 31 15 3 0 15 10 31 11 8 28 9 14 12 0 35 1 0 15 0 6 1 0 0 9 0 0 0 0 0 0 0 4 0 0 0 16 41 0 0 0 0 0 0 0 0 0 0 0 0 0 0 0 0 0 0 0 0 0 0 7 0 0 0 0 0 0 21 0 0 1 0 0 0 10 0 0 0 0 13 15 5 27 6 10 0 0 35 11 0 14 18 18 17 27 0 0 0 10 11 1 0 0 0 0 16 0 0 0 0 21 29 20 0 0 0 22 14 0 0 0 0 0 0 0 0 0 0 0 0 0 0 0 0 0 0 0 0 0 0 0 0 0 0 0 0 0 0 0 0 0 0 0 0 0 0 0 0 0 0 0 0 0 0 3 0 0 88 2 1 0 0 0 0 0 0 0 0 0 0 14 0 0 0 0 0 0 0 0 0 0 0 0 0 12 11 0 0 0 0 0 0 0 0 0 0 0 0 
 28 395 141 143 107 143 53 22 129 185 0 257 117 120 664 160 93 392 33 187 3 0 0 0 0 23 0 0 2 0 4 0 0 0 0 3 0 0 3 0 0 3 0 0 0 0 0 0 2 0 0 0 2 0 0 0 2 3 3 0 3 0 51 0 3 0 0 0 3 0 0 3 2 0 0 3 0 0 0 0 0 8 24 18 15 0 0 21 35 40 8 40 0 80 28 26 10 5 11 0 10 0 2 0 0 0 0 0 2 11 1 0 0 0 0 0 0 0 0 0 0 0 0 0 0 0 0 0 0 0 0 0 0 0 0 0 0 0 0 0 0 0 0 0 0 0 0 0 0 0 0 5 0 0 0 0 13 0 0 0 15 26 19 0 11 19 15 13 20 0 2 19 0 14 19 0 0 10 0 0 0 0 1 0 0 0 0 0 0 0 1 0 0 0 0 0 0 1 10 29 0 0 0 0 0 0 1 0 0 4 0 0 0 0 0 0 0 0 0 0 0 0 1 0 0 0 0 0 0 0 0 0 0 0 0 0 0 0 0 0 0 17 0 0 0 4 2 0 2 4 1 9 0 0 2 0 0 0 0 0 0 0 0 0 0 0 0 0 0 0 0 0 0 0 0 9 0 0 0 0 0 0 0 0 0 0 0 0 0 0 
 35 120 210 72 258 114 26 96 162 345 257 0 256 49 28 349 67 110 242 57 3 0 0 0 0 38 0 0 4 0 4 0 19 0 0 3 0 0 84 0 0 5 0 31 0 0 0 0 2 0 0 0 2 0 3 0 0 3 3 0 6 0 2 10 1 5 0 0 2 10 0 4 2 0 0 3 0 0 0 0 0 0 0 33 1 29 0 0 29 5 0 23 0 13 2 18 5 14 0 0 0 0 11 0 0 0 19 0 7 1 0 1 1 41 0 0 0 0 13 14 0 2 0 0 0 0 0 0 0 0 0 0 0 0 0 0 0 0 0 0 0 0 0 0 0 0 0 0 0 0 0 0 0 0 0 0 0 0 0 0 10 0 65 5 0 20 1 32 2 20 22 10 0 0 0 31 0 8 0 0 0 0 10 0 0 0 0 1 0 0 2 0 20 11 0 0 0 0 15 1 1 0 0 0 0 0 0 9 0 0 0 0 0 0 0 0 1 0 0 0 0 0 0 0 0 0 0 0 0 0 0 0 0 0 0 1 0 0 0 0 0 0 0 0 0 3 88 0 87 87 2 6 0 0 0 0 0 0 0 0 0 0 62 10 0 0 0 0 0 0 0 0 0 0 0 0 28 0 0 0 0 0 0 0 0 0 0 0 0 0 
 232 51 66 87 321 51 300 107 499 107 117 256 0 193 265 343 184 120 444 224 5 0 0 0 0 0 2 1 3 0 5 0 2 0 0 3 0 0 3 0 0 3 0 0 0 0 0 0 2 0 0 0 2 0 0 0 0 3 3 0 3 0 0 0 0 0 0 0 2 0 0 0 2 0 0 3 0 0 0 0 12 1 2 17 13 0 0 68 1 14 3 9 53 21 38 0 16 8 22 11 0 1 0 0 0 0 0 0 0 0 0 0 0 8 0 0 10 0 0 0 0 0 0 0 0 0 0 0 0 0 0 0 0 0 0 0 0 0 0 0 0 0 0 0 0 0 0 0 0 1 0 0 0 0 44 0 0 0 0 0 0 15 0 1 0 0 19 10 0 0 20 0 34 33 23 0 10 14 46 16 0 0 0 13 2 0 0 0 0 0 0 0 1 0 0 0 0 0 0 0 0 0 0 0 0 0 0 0 11 16 0 0 0 0 0 0 0 2 0 0 0 0 0 0 0 0 0 0 0 0 0 0 0 0 0 0 0 0 10 0 0 0 0 0 0 0 0 0 0 0 16 0 0 0 0 0 0 0 0 0 0 0 0 0 0 0 0 0 0 0 0 0 0 2 0 0 0 0 0 0 0 0 0 0 0 0 0 0 0 0 
 39 70 118 95 72 52 456 91 204 171 120 49 193 0 168 142 534 27 420 255 3 0 0 0 0 0 0 0 3 0 4 1 0 0 0 3 0 1 3 0 5 3 0 0 0 0 0 3 2 0 0 2 2 0 0 0 0 3 3 0 54 0 0 0 0 0 0 0 2 0 0 1 2 0 30 3 0 0 0 0 15 97 34 10 1 0 26 16 42 0 14 0 31 20 17 28 31 3 27 1 0 0 0 0 0 0 0 0 0 0 0 0 0 2 0 0 0 0 0 0 0 0 0 0 0 0 1 0 0 0 0 0 0 0 11 0 0 0 0 9 0 0 0 0 0 0 0 0 0 0 0 0 0 0 7 0 0 0 0 0 91 1 0 23 2 0 3 12 0 0 42 16 71 28 18 23 10 17 9 16 0 0 0 0 0 0 0 0 0 0 0 6 0 0 4 0 0 0 0 0 0 0 0 0 0 0 0 0 0 0 0 0 37 0 0 0 0 0 0 0 0 0 0 0 15 0 0 0 0 0 0 0 0 0 0 0 0 0 0 0 0 0 0 0 0 0 90 0 4 0 9 2 0 0 0 0 0 0 0 0 0 0 0 0 0 0 0 0 0 0 0 0 0 0 0 0 0 0 0 0 0 0 0 0 0 0 0 14 0 0 
 133 392 69 67 192 55 51 38 193 110 664 28 265 168 0 201 130 402 164 199 3 0 0 0 0 0 0 0 2 0 3 0 76 0 0 3 0 0 3 0 0 3 0 0 0 0 0 0 2 0 0 0 2 0 0 0 0 3 3 0 3 0 0 0 3 0 0 0 3 0 0 3 2 0 0 3 0 0 0 0 0 7 34 9 31 0 2 42 0 31 28 28 1 50 29 30 14 28 36 0 0 0 0 0 0 0 0 0 0 0 0 0 0 0 0 0 0 0 0 0 0 0 0 0 0 0 0 0 0 0 0 0 0 0 0 17 1 0 0 0 0 0 0 0 0 0 0 0 0 0 0 2 0 0 0 0 0 0 0 0 27 58 33 0 10 0 10 0 0 1 41 18 44 17 27 0 9 10 24 27 0 0 0 0 0 0 0 0 0 0 0 0 0 0 1 0 0 1 11 8 0 0 0 0 0 0 1 0 0 0 2 0 0 0 0 0 0 0 0 0 0 0 1 0 0 0 0 0 0 0 0 0 0 0 0 0 0 0 0 0 0 0 0 0 0 0 89 2 0 88 9 2 0 0 0 0 0 2 0 0 0 0 0 0 0 0 0 0 0 0 0 0 0 0 0 15 15 0 0 0 0 0 0 0 0 0 0 0 0 0 
 48 145 155 26 122 101 34 334 291 184 160 349 343 142 201 0 219 192 39 225 3 0 1 0 0 0 0 0 2 0 6 0 0 0 0 3 0 0 79 0 0 3 0 0 0 0 0 0 2 0 0 0 2 0 0 0 0 3 3 0 3 0 0 0 2 0 0 0 3 0 0 3 2 0 50 3 0 0 0 0 0 32 18 11 0 0 8 18 17 0 38 25 9 3 28 3 10 0 0 0 0 0 0 0 2 0 0 0 0 0 0 0 0 0 1 0 0 0 0 0 0 0 0 0 0 0 0 0 0 0 0 0 0 2 0 0 0 0 0 2 0 1 0 0 0 0 2 0 28 0 0 0 1 0 1 1 0 0 0 1 33 10 15 28 11 0 16 12 10 0 21 0 18 31 21 12 13 10 12 0 0 0 0 0 0 0 21 0 2 0 0 0 0 0 0 0 0 0 0 0 0 0 0 0 2 0 0 0 0 0 0 0 0 0 1 0 8 0 0 0 0 0 0 0 0 0 0 0 0 0 1 0 0 0 0 0 0 0 0 1 0 0 0 0 0 0 0 0 0 51 10 6 0 0 1 0 0 0 0 0 0 0 24 0 0 0 0 0 0 0 0 0 0 0 0 0 10 0 0 0 0 0 0 0 0 0 0 0 0 2 
 339 135 246 213 58 58 119 225 136 136 93 67 184 534 130 219 0 124 45 69 3 0 0 0 0 0 77 0 2 45 5 8 2 0 0 3 208 2 82 0 0 3 0 0 0 0 0 0 2 0 0 0 2 0 0 0 0 3 3 0 3 0 0 0 1 0 7 0 2 0 0 2 2 0 32 3 0 0 0 0 22 17 40 13 0 2 26 15 25 36 25 10 16 23 13 36 19 0 2 0 0 0 0 0 0 0 0 0 0 0 0 0 0 0 0 0 0 0 0 0 0 0 1 0 0 0 0 0 2 0 0 0 0 0 0 0 0 0 0 16 0 0 0 0 0 0 0 0 0 0 0 1 0 0 5 0 0 0 0 0 10 13 5 10 31 0 13 0 15 0 7 0 8 13 10 39 6 11 15 2 0 10 0 0 0 0 0 0 0 0 0 12 0 0 0 0 0 0 23 0 0 0 0 0 0 0 0 0 0 0 0 0 0 0 0 0 0 0 0 0 0 0 8 0 0 0 0 0 0 0 0 0 0 0 11 0 0 2 0 0 0 0 0 0 0 3 1 0 0 100 13 1 11 0 0 0 0 0 0 0 0 0 0 0 0 0 0 0 0 0 0 0 0 2 0 38 0 0 0 0 0 0 0 0 0 0 0 0 0 0 
 125 200 154 384 173 132 32 28 30 200 392 110 120 27 402 192 124 0 30 105 3 0 0 0 0 2 0 0 2 0 7 2 88 74 2 3 1 0 30 74 0 3 0 0 0 0 0 0 2 0 0 0 2 0 0 0 0 3 3 0 10 0 0 0 1 0 2 0 2 0 0 2 2 0 0 3 0 0 0 0 0 15 6 2 17 10 1 16 0 44 15 29 0 54 56 40 0 29 0 0 9 0 0 0 0 0 0 0 0 0 0 0 0 0 0 0 0 0 0 14 12 0 0 0 0 0 0 0 0 0 0 0 0 0 0 0 0 0 0 0 0 0 2 6 5 0 0 0 0 0 0 0 0 0 0 0 0 0 0 0 28 32 66 3 12 19 18 29 10 9 0 6 0 37 11 40 13 8 0 0 0 12 0 0 0 0 0 0 0 0 0 0 12 20 14 0 0 0 21 0 0 0 0 0 0 0 0 0 0 0 0 0 0 0 0 0 0 0 0 0 0 0 0 0 0 0 0 0 0 0 0 0 0 0 0 0 0 0 0 0 0 0 0 0 0 0 201 3 5 92 0 8 15 0 0 0 0 0 0 0 0 0 0 0 0 0 0 0 0 0 0 0 0 0 0 1 14 13 0 0 0 0 0 0 0 0 0 0 0 0 
 150 147 112 168 76 43 362 92 76 251 33 242 444 420 164 39 45 30 0 191 3 0 0 0 0 0 0 0 3 0 5 0 0 2 0 3 0 57 3 0 0 3 0 0 0 0 0 0 2 0 0 0 5 0 0 0 0 3 3 0 3 0 0 0 0 0 0 0 2 0 0 1 2 0 0 3 0 0 0 0 38 69 29 1 0 0 0 25 32 14 0 0 32 83 25 7 21 3 13 11 0 0 0 0 0 0 0 0 0 0 0 0 0 0 0 0 0 0 0 0 0 0 0 0 0 0 0 0 0 6 0 0 0 0 0 0 0 2 0 16 0 0 0 0 0 0 0 0 0 1 8 0 0 0 0 35 0 0 0 0 50 13 0 25 0 0 3 50 14 0 34 20 22 19 18 23 6 24 50 13 0 0 0 0 0 0 0 0 0 0 0 0 0 0 9 0 0 0 0 0 0 0 0 0 0 0 0 0 0 0 0 0 0 0 0 0 0 0 0 0 0 0 0 0 0 0 0 0 17 0 0 0 0 0 0 0 0 0 0 0 0 1 0 0 0 0 87 2 3 0 2 0 0 0 1 0 0 0 0 0 0 0 0 0 0 0 0 0 0 2 0 0 0 0 0 0 0 0 0 0 0 0 0 0 0 0 0 0 0 0 
 58 264 131 157 171 42 207 146 166 214 187 57 224 255 199 225 69 105 191 0 3 78 0 0 2 0 0 0 2 0 4 0 0 1 0 5 2 0 3 0 0 3 0 2 0 0 0 0 2 0 0 0 2 0 3 0 0 3 5 0 3 3 3 0 3 0 0 37 6 0 35 3 2 3 33 3 0 0 61 1 33 12 0 0 8 0 17 18 34 31 19 1 24 13 72 0 7 34 25 9 0 0 0 0 0 0 0 13 0 0 0 0 0 11 0 0 0 0 0 0 2 0 0 0 0 0 0 0 0 0 0 0 0 0 0 0 0 0 0 0 0 0 0 0 0 0 0 0 0 0 0 0 0 0 3 0 0 0 0 0 25 2 0 20 0 51 53 0 23 0 12 0 15 28 10 20 33 24 0 2 0 0 0 0 0 9 0 0 0 0 0 0 0 0 0 0 0 0 0 0 0 0 0 0 0 0 0 0 0 0 0 0 0 0 0 0 0 0 0 0 0 0 0 0 0 0 0 0 35 0 0 0 0 12 0 0 0 10 0 0 0 0 0 0 0 87 2 0 1 6 1 4 2 0 0 0 0 0 0 0 0 0 15 0 0 2 0 0 0 0 0 0 0 0 0 0 0 0 0 0 0 0 0 0 0 0 0 0 0 0 
 3 3 3 100 11 5 3 3 3 83 3 3 5 3 3 3 3 3 3 3 0 222 184 124 46 53 144 98 373 120 136 42 81 206 145 24 155 211 124 342 3 0 1 2 0 1 3 0 0 0 5 2 0 0 3 0 0 0 0 1 0 0 0 6 3 0 0 0 0 0 0 0 0 0 3 0 0 55 0 0 0 0 0 16 0 0 0 0 0 0 0 0 0 0 0 0 0 0 0 0 10 21 0 0 24 16 9 0 21 0 13 28 1 0 1 18 41 44 54 12 0 0 0 0 0 0 0 0 0 0 0 2 0 0 0 15 0 0 12 0 0 0 6 0 0 0 0 0 0 0 3 0 0 0 0 0 0 2 0 0 0 0 0 0 8 0 0 0 0 0 0 0 0 2 0 12 0 0 0 0 6 11 19 0 11 0 12 11 0 30 11 26 16 51 0 13 1 54 0 18 0 0 0 1 0 0 0 0 0 0 0 0 0 0 2 1 0 2 18 1 0 0 0 0 0 9 0 0 13 0 0 0 0 0 0 2 2 0 0 0 0 0 0 0 0 0 0 0 0 0 0 0 0 0 12 0 2 0 1 2 2 0 0 0 0 0 0 0 0 0 0 0 0 0 0 0 0 10 0 0 0 0 0 0 0 7 20 0 0 0 
 0 0 0 5 97 23 0 0 0 7 0 0 0 0 0 0 0 0 0 78 222 0 235 74 50 70 167 194 141 34 50 36 31 131 298 200 140 209 81 98 4 2 0 6 0 0 3 0 0 0 3 2 64 66 1 3 0 0 2 1 0 0 1 42 3 0 0 0 2 1 3 2 2 3 3 5 4 3 1 0 0 0 1 27 11 19 0 0 0 13 0 0 0 0 0 0 0 0 0 0 14 39 11 32 0 19 29 9 0 11 3 0 20 0 18 19 5 10 26 14 12 39 0 0 0 0 0 0 0 0 2 0 0 0 0 0 0 0 0 0 0 0 3 0 0 0 0 0 0 0 4 0 0 0 0 0 0 0 0 0 0 0 0 1 9 0 7 0 0 1 0 8 0 0 1 0 0 0 0 0 10 0 48 6 11 7 1 10 0 20 0 0 22 20 10 15 12 10 13 28 0 0 0 1 0 0 6 0 0 0 0 0 0 0 0 0 0 0 21 1 0 0 0 1 0 0 0 0 0 0 0 0 1 0 0 0 0 0 0 0 0 0 12 0 0 0 0 0 0 0 0 0 0 0 0 0 0 1 0 2 4 0 0 0 0 0 0 0 0 0 0 0 0 0 0 0 0 1 0 0 0 0 0 0 0 15 19 0 0 0 
 0 0 0 0 0 77 0 0 0 0 0 0 0 0 0 1 0 0 0 0 184 235 0 97 161 41 152 88 235 76 145 235 155 44 52 196 128 269 50 284 2 3 3 2 11 4 66 0 0 0 7 5 64 64 34 0 0 0 0 4 1 0 0 13 3 5 3 0 1 1 0 1 0 0 5 1 4 2 18 4 0 0 0 0 0 6 0 0 0 0 0 0 0 0 0 0 0 0 0 0 10 33 39 25 47 24 0 0 0 4 24 16 0 0 0 18 63 40 11 0 76 24 1 0 0 0 9 0 0 8 1 0 23 0 0 0 0 0 30 0 0 6 0 0 0 0 0 0 0 0 0 11 0 0 0 0 0 0 0 1 0 0 0 0 0 0 0 0 0 0 0 0 0 0 0 24 0 0 0 0 18 0 6 6 58 0 12 0 18 0 0 1 9 12 13 21 24 0 0 14 0 0 1 1 0 0 62 0 0 0 0 0 24 0 0 31 0 0 0 36 0 0 0 0 0 0 0 0 0 0 0 0 0 0 0 0 12 0 0 0 0 0 0 0 0 0 0 0 0 0 0 0 0 0 17 0 0 2 0 0 8 0 0 0 0 0 0 0 0 0 0 0 0 0 0 0 0 0 0 0 0 0 0 0 0 17 28 0 0 0 
 1 0 0 0 0 0 2 73 2 84 0 0 0 0 0 0 0 0 0 0 124 74 97 0 114 170 76 65 152 365 70 49 91 75 142 70 82 79 158 54 2 0 0 3 8 15 3 0 2 66 17 2 60 1 68 6 0 3 0 5 0 0 3 7 3 0 2 0 5 10 0 0 0 6 8 2 0 4 0 0 0 0 0 0 0 0 0 0 0 0 0 0 0 0 0 0 0 0 0 0 10 0 0 13 21 9 14 7 18 13 16 30 9 11 7 37 22 5 2 10 0 11 0 0 0 0 20 10 0 10 0 0 19 1 15 0 0 28 29 0 0 0 0 6 0 0 2 1 0 0 10 1 0 0 0 0 0 0 0 0 0 0 1 0 0 0 0 0 0 0 0 0 0 0 0 0 0 0 0 0 0 30 8 10 5 12 15 17 12 19 24 64 0 40 0 0 0 25 0 0 0 1 0 0 0 0 22 2 19 0 0 0 25 9 0 24 9 0 0 0 0 0 0 0 0 0 0 0 0 0 0 0 0 0 1 0 0 0 0 1 0 0 0 0 0 0 0 0 0 0 0 0 0 0 4 2 0 151 77 1 2 21 0 0 0 0 0 0 0 0 0 0 0 2 0 0 0 0 0 11 0 0 0 0 0 0 0 0 0 0 
 0 0 0 0 0 0 0 0 3 0 0 0 0 0 0 0 0 0 0 2 46 50 161 114 0 222 31 269 185 78 88 113 70 278 57 296 120 125 51 34 66 63 0 2 0 0 4 54 0 0 0 2 0 55 42 1 0 2 0 1 2 0 1 3 2 0 3 0 0 0 0 0 0 0 2 33 0 2 0 0 0 0 0 0 0 1 0 0 0 0 0 0 1 0 0 0 0 1 0 0 0 24 7 0 19 11 0 0 0 4 15 0 0 1 1 18 26 30 0 1 0 1 1 12 0 0 18 1 0 15 0 2 0 20 0 19 0 0 40 0 0 0 0 0 0 0 0 0 0 0 0 0 0 0 2 0 0 0 0 0 0 0 0 0 0 0 0 0 40 0 0 0 0 0 18 0 6 0 0 3 17 1 1 1 19 17 1 0 13 0 1 15 0 0 1 11 14 0 0 0 12 15 0 2 0 0 20 0 27 8 0 0 8 16 13 34 0 0 9 35 0 0 0 0 0 0 15 0 0 0 0 0 1 19 0 0 0 0 0 0 0 0 0 0 0 0 0 0 0 0 0 0 0 0 4 1 0 4 1 11 0 0 0 0 0 14 0 0 0 0 14 0 0 0 0 0 0 0 0 0 0 0 0 0 0 0 23 0 0 0 
 1 0 0 0 0 0 1 0 2 0 23 38 0 0 0 0 0 2 0 0 53 70 41 170 222 0 50 42 110 276 194 75 128 34 133 147 53 45 69 100 65 23 0 3 0 0 66 65 29 0 0 2 63 195 0 2 0 0 63 69 4 0 0 0 2 0 0 0 0 4 0 0 0 15 2 0 0 2 2 0 0 0 0 0 0 0 0 0 0 0 0 0 0 0 0 0 0 0 0 0 0 0 14 2 14 42 0 1 0 0 1 11 0 0 0 6 1 21 0 0 12 65 39 14 0 0 13 17 0 0 0 3 11 25 22 28 0 12 28 21 0 2 0 0 0 0 0 0 0 0 0 0 0 0 0 0 0 0 0 0 0 0 2 0 0 0 0 0 0 7 0 0 0 0 0 0 0 0 0 6 0 0 0 0 21 18 0 0 1 0 13 1 0 0 0 10 0 9 21 0 14 18 12 11 0 0 11 17 30 4 0 11 7 0 21 13 9 0 63 30 0 0 0 0 0 0 0 0 0 0 0 0 0 0 0 0 0 0 0 2 0 0 0 0 0 0 0 0 0 0 0 0 0 0 7 1 0 83 0 4 5 1 0 0 0 0 0 0 0 0 0 0 0 0 0 0 0 0 0 0 0 0 0 0 0 0 0 0 0 0 
 73 0 0 0 76 73 74 0 0 0 0 0 2 0 0 0 77 0 0 0 144 167 152 76 31 50 0 216 104 121 58 53 99 128 247 131 95 117 164 133 2 0 0 2 0 1 3 0 0 0 0 205 0 1 1 0 0 0 0 1 0 0 51 5 2 0 0 0 0 0 0 0 0 0 2 0 0 2 0 0 0 0 20 12 18 7 0 0 0 0 0 0 0 0 0 0 0 0 0 0 18 29 37 12 0 0 10 13 0 20 10 16 32 11 8 24 5 24 9 22 0 0 0 0 0 0 0 0 0 0 0 0 0 0 0 0 0 0 1 0 0 0 0 0 0 0 0 0 0 0 3 0 0 0 0 0 0 0 0 0 0 0 0 0 37 0 0 0 0 0 0 0 0 0 0 0 0 0 0 0 16 26 1 18 0 3 2 83 33 55 9 21 22 9 39 20 88 10 23 29 0 0 0 0 0 0 0 0 0 0 0 0 0 0 0 0 0 0 22 0 0 1 0 0 0 0 0 0 0 0 0 0 0 0 12 0 0 0 0 0 0 0 0 0 0 0 0 0 0 0 0 0 0 0 9 2 2 0 78 1 9 0 0 0 0 0 2 0 0 0 0 0 0 0 0 0 0 0 0 10 0 2 0 0 0 0 22 0 0 0 
 0 0 0 0 0 78 1 0 1 72 0 0 1 0 0 0 0 0 0 0 98 194 88 65 269 42 216 0 363 40 80 245 115 264 86 130 41 113 335 260 23 0 0 2 0 0 3 0 0 0 0 3 0 1 0 0 0 0 23 0 0 0 0 3 2 0 0 0 0 0 0 0 68 0 2 0 0 3 4 5 0 0 0 0 19 15 0 0 0 2 0 0 0 0 0 0 0 0 0 0 12 37 16 0 1 0 12 10 0 19 0 0 12 0 12 43 0 12 0 13 0 0 0 0 0 0 0 9 0 0 1 0 10 0 0 0 0 1 0 0 0 0 0 0 0 0 0 0 0 2 0 0 0 0 0 0 0 0 0 0 0 0 0 0 0 0 0 0 0 0 0 0 0 2 0 0 0 0 0 0 48 2 0 0 14 1 16 12 0 9 0 1 0 15 0 19 0 1 7 19 0 0 0 0 0 0 0 0 0 0 0 0 15 13 2 0 0 0 13 0 0 0 0 0 0 0 0 0 0 0 0 0 0 0 0 0 2 0 0 0 0 0 18 0 0 0 0 0 0 0 0 0 0 0 6 0 2 0 48 0 0 0 0 0 0 0 0 0 0 0 0 0 0 0 0 0 2 0 0 0 0 13 0 0 0 0 13 0 0 0 
 2 2 3 2 2 85 2 2 4 2 2 4 3 3 2 2 2 2 3 2 373 141 235 152 185 110 104 363 0 153 55 75 132 455 203 343 154 71 153 213 2 0 0 2 0 1 2 0 0 0 0 3 65 2 63 0 33 0 0 64 0 0 0 9 2 0 0 0 0 2 0 0 0 0 2 0 0 2 0 0 0 0 0 0 15 19 0 0 0 0 10 0 0 1 0 1 0 2 0 2 51 0 70 28 33 8 0 15 10 8 29 0 9 16 8 20 1 18 0 14 0 0 0 0 0 0 0 0 0 0 0 1 0 0 0 0 0 0 19 0 0 0 0 0 0 0 0 0 0 0 0 0 2 0 16 0 0 0 0 0 0 0 0 0 0 0 0 0 0 0 0 0 0 0 0 0 1 0 0 0 33 24 1 7 17 19 24 13 47 0 0 70 10 0 14 23 27 9 9 15 0 0 0 0 2 0 25 0 0 0 0 0 28 0 0 8 0 0 0 13 0 0 0 0 0 0 2 0 0 3 0 0 0 0 0 0 0 0 0 0 0 0 12 0 0 0 0 0 0 0 0 0 0 0 14 1 0 1 80 2 13 0 0 0 0 60 4 0 0 0 0 0 0 0 0 11 0 0 0 0 0 13 0 0 0 0 0 0 0 0 
 2 0 0 0 0 0 0 0 0 0 0 0 0 0 0 0 45 0 0 0 120 34 76 365 78 276 121 40 153 0 69 188 223 172 212 523 119 123 120 167 3 0 0 2 0 65 3 1 0 0 5 2 208 62 0 0 0 0 61 124 0 0 0 0 3 0 0 0 0 18 0 0 0 0 3 0 0 3 0 0 0 0 0 0 0 0 0 0 0 0 0 0 0 0 0 0 2 0 0 0 0 0 15 19 11 37 0 10 7 0 10 4 0 9 18 1 33 47 0 22 31 17 14 2 12 1 43 0 0 0 0 0 7 1 0 13 0 9 0 0 0 0 0 6 0 0 0 0 0 0 0 0 0 0 0 0 0 0 0 0 0 0 0 0 0 0 0 0 0 0 2 0 0 0 0 24 0 0 0 0 0 17 11 1 79 33 19 7 14 14 22 44 0 0 0 12 0 31 0 0 0 0 0 0 1 0 18 10 18 0 1 0 0 1 18 0 0 0 12 32 2 0 17 0 0 0 0 0 0 0 0 2 0 0 0 0 0 2 0 0 0 0 0 0 0 0 0 0 0 0 0 0 0 0 11 0 0 118 15 0 2 21 0 0 0 0 0 0 0 0 0 0 0 0 0 0 0 0 0 0 0 9 0 0 0 0 0 0 0 0 
 5 4 5 4 4 4 5 4 5 4 4 4 5 4 3 6 5 7 5 4 136 50 145 70 88 194 58 80 55 69 0 136 138 105 222 152 189 300 29 52 3 1 4 3 0 1 2 2 1 1 1 4 65 4 0 0 2 0 2 3 0 0 0 5 2 0 0 0 0 0 0 0 0 0 3 0 0 2 0 1 0 0 0 0 0 0 0 14 0 0 0 0 0 0 0 0 0 0 0 0 56 26 0 35 2 19 0 10 31 0 33 1 2 0 2 9 15 33 0 0 22 20 0 0 0 0 59 0 11 0 0 0 12 0 0 0 2 0 1 0 0 0 0 5 0 0 0 0 0 0 1 0 0 4 0 0 0 0 0 0 0 0 0 0 0 0 0 0 0 0 0 0 0 0 0 0 0 0 0 0 21 0 0 2 9 13 0 0 15 36 7 0 0 0 25 35 13 0 0 17 0 0 0 0 0 0 4 0 0 0 0 0 13 0 1 0 0 1 64 11 0 0 0 1 0 0 0 0 0 0 0 0 0 0 0 1 1 0 0 0 0 0 0 0 0 2 0 0 0 1 0 0 0 0 3 2 0 81 2 0 4 16 0 2 0 0 0 0 0 0 0 0 0 0 0 0 0 0 0 0 0 3 0 0 0 9 24 0 0 0 
 0 0 9 0 0 0 0 0 2 3 0 0 0 1 0 0 8 2 0 0 42 36 235 49 113 75 53 245 75 188 136 0 36 67 49 112 126 206 34 39 2 0 3 2 5 0 6 0 0 0 0 5 131 62 125 73 0 0 6 69 0 0 0 22 2 0 0 0 0 1 0 2 0 0 2 0 0 2 0 0 0 0 0 0 0 0 0 0 0 0 0 0 0 0 0 0 0 0 0 0 0 0 1 30 30 28 0 0 19 9 24 21 0 0 0 4 24 16 9 0 29 20 0 2 0 0 7 12 0 0 0 0 11 1 0 9 0 0 24 19 0 3 0 0 0 2 21 0 0 0 0 0 0 2 0 0 0 0 0 4 16 0 0 0 2 0 0 0 0 0 0 0 0 0 0 7 0 0 0 0 23 0 19 0 9 15 0 2 12 12 18 14 0 15 7 24 63 16 0 0 0 0 14 0 20 0 23 2 0 0 0 0 12 0 22 19 10 0 0 26 0 0 0 0 0 0 0 0 0 0 0 0 0 0 0 0 0 0 0 0 0 0 0 0 0 0 0 0 0 0 0 0 0 0 4 0 1 7 0 2 1 0 0 0 0 0 0 0 0 0 3 1 0 0 46 0 0 0 0 0 0 0 0 0 0 9 0 19 0 0 
 0 135 4 77 0 61 0 3 22 75 0 19 2 0 76 0 2 88 0 0 81 31 155 91 70 128 99 115 132 223 138 36 0 78 126 26 22 84 322 52 4 2 0 6 0 9 2 0 0 0 7 2 0 6 0 0 0 69 2 0 0 2 0 0 2 0 1 0 1 0 3 1 2 3 2 3 3 2 1 0 0 0 39 12 54 9 13 0 0 13 0 47 0 0 0 8 18 17 0 0 21 0 49 0 8 10 0 0 49 30 0 44 9 20 0 7 18 46 25 12 0 0 0 1 0 0 0 0 0 0 0 0 0 0 0 0 0 0 0 0 0 0 0 0 0 1 0 0 0 0 0 0 0 1 0 0 0 0 0 0 0 22 12 1 10 7 0 0 3 17 0 8 18 0 0 6 10 0 0 0 0 0 42 17 0 0 11 1 6 12 20 17 1 34 34 0 18 15 32 23 0 0 0 34 0 0 0 1 0 0 0 0 0 0 0 0 0 0 0 0 0 0 0 0 0 0 0 0 0 0 0 0 0 0 0 0 0 0 0 0 0 3 0 0 0 0 52 0 0 0 0 0 0 0 2 0 2 0 0 2 2 0 0 0 0 0 0 0 0 0 0 2 0 0 0 0 0 0 0 19 0 0 0 0 0 0 0 0 0 0 
 0 0 0 67 1 0 0 0 0 32 0 0 0 0 0 0 0 74 2 1 206 131 44 75 278 34 128 264 455 172 105 67 78 0 229 111 130 128 382 116 3 0 0 2 0 1 3 0 0 0 0 74 3 0 1 0 0 0 0 0 0 0 0 0 3 0 0 0 0 0 0 0 0 0 5 0 0 3 0 0 0 0 0 45 27 1 0 0 0 0 21 0 0 0 1 0 0 6 0 0 26 10 12 1 12 0 11 6 13 9 23 1 19 12 1 0 3 0 10 42 0 0 0 0 0 0 0 0 0 0 0 0 2 0 0 0 0 0 1 2 0 0 8 0 0 0 0 0 0 0 0 0 0 0 0 0 0 0 0 0 0 17 0 0 8 7 0 0 0 12 0 56 0 0 8 0 8 37 0 0 33 47 1 0 9 9 62 25 54 13 0 23 28 13 42 47 0 12 1 11 0 0 0 0 0 0 0 0 0 0 0 0 0 0 0 0 0 0 8 0 0 0 0 0 0 0 0 0 0 0 1 0 0 0 0 0 0 0 0 0 0 0 0 0 0 0 0 0 0 0 0 0 0 0 13 0 0 0 77 0 2 2 0 0 0 0 13 0 0 0 0 0 0 0 0 0 0 12 0 0 0 6 0 0 0 12 0 0 0 0 
 0 0 0 0 69 76 2 0 0 0 0 0 0 0 0 0 0 2 0 0 145 298 52 142 57 133 247 86 203 212 222 49 126 229 0 239 53 120 156 306 2 0 0 4 0 1 3 0 0 0 0 2 0 0 0 0 0 0 0 0 0 0 0 1 3 0 0 0 0 0 0 2 0 0 3 0 1 3 0 0 0 0 0 0 17 45 0 0 0 0 0 0 0 0 0 0 0 0 0 0 25 37 36 17 2 0 11 24 18 23 18 28 7 1 11 1 1 0 4 0 0 0 0 0 0 0 0 0 0 0 0 0 0 0 0 0 0 0 11 0 0 0 0 0 0 0 2 0 0 0 5 0 0 6 0 0 0 0 0 0 0 0 1 0 0 0 0 0 0 0 0 14 0 0 0 0 0 0 0 0 40 22 1 9 0 12 40 4 31 0 1 21 11 1 2 19 15 25 11 17 0 1 0 0 0 0 0 0 0 0 0 0 14 0 0 0 0 0 0 0 0 0 0 0 0 0 0 0 0 0 0 0 0 0 0 0 0 0 0 0 0 0 11 0 0 0 0 0 0 0 0 0 0 0 5 0 0 0 2 0 11 0 0 0 0 0 20 0 0 0 0 0 0 0 0 0 0 0 0 0 0 26 0 0 0 0 0 0 0 0 
 3 3 3 3 3 4 3 3 3 3 3 3 3 3 3 3 3 3 3 5 24 200 196 70 296 147 131 130 343 523 152 112 26 111 239 0 137 52 35 184 3 1 0 2 0 2 3 1 0 0 111 2 14 0 0 0 0 3 62 3 0 0 0 0 3 0 0 0 0 0 0 0 0 0 3 0 1 3 0 0 0 0 0 0 8 10 0 0 0 1 0 15 0 0 0 0 0 0 0 0 0 13 42 95 1 16 0 23 8 10 10 20 24 5 26 1 20 14 17 10 13 7 0 0 0 0 19 0 0 0 0 0 12 0 0 0 0 6 0 0 0 0 0 37 0 0 0 0 0 0 0 0 0 0 0 0 0 0 0 0 0 0 0 0 0 0 0 0 0 0 0 27 0 0 0 1 0 0 0 0 15 16 11 0 9 41 34 12 35 24 9 37 10 0 23 15 0 15 0 0 0 0 0 0 0 0 7 0 0 0 0 0 0 0 18 0 0 0 0 0 0 0 0 0 0 0 0 0 0 0 0 0 0 0 0 0 0 0 0 0 0 9 13 0 0 0 0 0 0 0 0 0 0 0 11 0 0 148 74 1 0 16 0 0 0 0 0 0 0 0 0 0 0 0 0 0 0 0 0 0 0 12 0 0 0 0 0 0 0 0 
 0 0 0 0 2 0 0 0 2 0 0 0 0 0 0 0 208 1 0 2 155 140 128 82 120 53 95 41 154 119 189 126 22 130 53 137 0 252 125 243 2 0 0 2 0 3 65 0 0 0 3 2 124 63 2 0 0 3 2 0 0 0 0 15 2 0 0 0 0 0 0 0 0 0 2 0 0 3 0 0 0 0 0 0 0 1 0 0 0 0 0 0 0 0 0 0 0 0 0 0 11 12 15 8 14 30 7 0 0 11 0 20 7 7 0 93 16 34 0 25 12 20 0 0 0 0 0 17 0 0 0 0 0 0 1 0 0 1 10 0 0 22 0 0 0 0 0 0 0 0 0 0 0 0 0 0 0 0 0 1 0 0 0 0 0 0 0 0 0 0 0 0 0 0 0 0 0 0 0 0 1 15 0 0 18 1 13 14 0 27 0 15 0 7 0 27 0 8 0 6 0 0 1 0 0 0 35 0 0 0 0 0 34 10 0 17 0 0 12 0 0 0 0 0 0 26 0 0 0 0 0 0 0 0 0 0 0 0 0 0 0 0 1 0 0 0 0 0 0 0 0 0 0 0 8 0 0 2 75 1 1 0 0 0 0 0 0 0 0 0 0 0 0 0 0 0 0 0 0 0 0 0 0 0 0 10 12 0 0 0 
 0 0 0 0 75 0 0 0 2 0 0 0 0 1 0 0 2 0 57 0 211 209 269 79 125 45 117 113 71 123 300 206 84 128 120 52 252 0 28 224 3 3 3 2 2 1 3 0 0 0 0 30 0 0 66 0 0 0 0 1 0 0 0 13 3 0 3 0 0 0 3 0 0 0 5 0 0 3 0 0 0 0 0 0 0 12 0 0 0 0 0 2 0 0 0 0 0 0 0 0 3 26 1 28 25 7 9 0 37 11 11 20 14 0 0 21 26 25 13 0 11 2 0 0 0 0 33 0 0 0 0 0 9 0 0 0 0 0 14 0 0 0 0 0 0 1 0 0 0 0 2 0 0 9 0 0 0 0 0 0 0 0 0 0 0 0 0 0 0 0 0 0 0 0 0 2 0 0 0 0 34 13 20 1 11 10 48 1 28 32 10 25 1 33 32 10 47 25 0 14 0 0 0 0 0 0 9 0 0 1 11 0 17 0 0 0 0 0 1 30 0 0 0 0 0 0 0 0 13 0 0 0 0 0 0 0 0 0 0 0 0 0 1 0 0 0 0 0 0 0 0 0 0 0 22 0 2 2 0 4 0 0 0 0 0 0 0 0 0 0 0 2 0 0 0 0 0 0 0 0 0 17 0 0 0 15 6 0 0 0 
 3 84 77 5 162 80 3 5 48 153 3 84 3 3 3 79 82 30 3 3 124 81 50 158 51 69 164 335 153 120 29 34 322 382 156 35 125 28 0 256 2 0 0 65 0 17 3 0 0 0 8 2 0 0 0 0 0 0 0 0 6 0 0 53 3 0 4 0 0 0 0 0 0 0 3 0 0 3 0 0 0 15 0 26 30 14 2 0 0 15 32 9 0 0 0 15 8 10 0 0 0 19 13 0 0 0 68 8 0 1 0 0 10 16 13 0 22 12 32 27 0 0 0 0 0 0 0 0 0 0 0 0 0 0 0 0 0 0 0 0 0 0 5 0 0 0 0 0 0 0 6 0 0 0 0 0 0 0 0 0 0 0 36 3 23 0 0 6 12 1 0 0 0 0 0 12 0 0 0 0 19 41 0 0 0 0 11 40 0 0 0 13 16 13 0 10 9 31 11 11 0 0 0 0 0 16 0 10 0 0 0 0 0 0 0 0 19 0 0 0 0 0 0 0 0 0 0 0 0 0 0 0 0 0 0 0 0 0 0 0 0 0 0 0 0 0 0 0 0 103 0 0 13 0 8 0 1 0 54 0 80 2 0 0 0 0 0 0 0 0 0 0 0 0 0 3 13 0 0 0 0 11 0 0 0 0 0 0 0 0 
 0 0 0 61 2 65 0 1 74 52 0 0 0 0 0 0 0 74 0 0 342 98 284 54 34 100 133 260 213 167 52 39 52 116 306 184 243 224 256 0 3 0 0 2 61 1 3 0 0 0 0 2 0 0 1 0 0 0 0 0 0 0 0 0 2 0 0 0 0 0 0 0 0 0 3 0 0 3 0 0 0 0 0 13 26 8 0 0 2 0 0 11 0 0 11 0 0 6 0 0 48 0 33 32 0 0 24 46 0 3 8 1 22 11 14 1 10 0 31 36 0 0 2 0 0 0 0 0 0 0 0 0 0 0 2 0 17 2 0 0 0 0 4 0 2 0 0 1 0 0 0 2 0 0 0 0 0 0 0 0 0 0 0 0 7 6 0 0 0 12 0 0 0 0 0 1 0 0 0 1 11 20 12 8 0 0 9 35 13 1 0 16 39 27 31 14 11 0 12 31 0 0 0 0 8 0 12 0 0 0 0 0 0 0 14 0 0 0 0 0 0 0 0 0 0 0 0 0 0 0 0 0 0 2 0 0 0 0 0 0 0 0 0 0 0 0 0 0 0 0 0 0 0 0 7 0 4 0 76 0 10 0 0 0 0 0 0 0 0 0 0 0 0 0 0 0 13 41 0 0 0 5 0 0 0 0 0 0 0 0 
 0 0 0 0 0 0 0 0 1 2 0 0 0 5 0 0 0 0 0 0 3 4 2 2 66 65 2 23 2 3 3 2 4 3 2 3 2 3 2 3 0 344 213 121 78 92 208 114 56 53 267 21 131 62 261 44 54 35 90 48 0 0 2 0 0 0 0 0 0 0 0 3 52 0 0 3 0 0 0 0 0 0 18 0 0 0 0 16 0 0 0 0 1 0 0 0 0 0 9 0 0 0 0 0 0 0 0 0 0 0 0 0 0 0 0 0 0 0 0 0 1 12 62 40 8 0 11 24 40 11 10 10 9 20 21 28 1 10 12 24 0 0 0 0 0 0 3 16 4 0 0 0 0 0 0 0 0 0 3 0 0 0 0 0 0 0 0 0 0 0 0 0 0 0 0 0 2 0 0 1 0 0 0 0 0 13 0 0 0 0 0 0 0 0 0 0 0 0 0 0 6 37 10 0 0 11 0 0 16 0 51 21 16 25 0 10 0 11 8 12 0 0 0 0 0 0 0 0 0 0 0 0 0 0 0 0 0 0 0 0 0 0 0 0 0 0 0 0 0 0 0 2 0 0 0 0 0 0 0 12 0 0 68 0 0 13 0 0 0 0 0 0 0 0 0 0 0 0 0 0 0 0 0 0 18 0 0 0 0 0 
 3 3 3 3 3 3 3 3 3 3 3 5 3 3 3 3 3 3 3 3 0 2 3 0 63 23 0 0 0 0 1 0 2 0 0 1 0 3 0 0 344 0 134 72 124 95 72 219 121 78 544 103 255 137 143 275 173 39 64 35 0 0 9 0 0 4 0 0 66 0 0 0 0 0 2 0 0 19 54 0 0 0 0 10 0 0 0 0 0 0 0 0 0 0 0 0 0 0 0 0 0 0 0 0 0 0 0 0 0 0 0 0 0 0 0 24 0 0 0 0 0 6 9 9 0 0 22 2 1 6 0 3 9 32 6 38 19 20 21 0 1 0 0 0 1 1 0 2 0 0 0 5 0 14 28 0 0 0 6 1 0 0 0 0 0 0 0 0 4 10 0 0 0 0 0 0 0 0 0 7 0 0 0 0 0 12 0 0 0 0 0 0 0 0 20 0 0 27 0 0 2 26 0 50 11 12 0 14 18 0 30 65 0 14 18 3 0 22 16 20 20 0 0 0 2 3 0 0 0 0 0 0 7 39 0 0 1 0 0 18 0 0 12 0 0 0 0 0 0 0 0 4 1 0 0 0 1 0 0 8 0 0 3 0 0 0 2 66 0 0 0 0 0 0 0 7 0 0 0 0 0 0 0 0 39 29 0 0 0 0 
 0 0 3 0 0 0 0 0 3 0 0 0 0 0 0 0 0 0 0 0 1 0 3 0 0 0 0 0 0 0 4 3 0 0 0 0 0 3 0 0 213 134 0 302 126 100 53 210 533 201 49 556 69 99 416 312 218 98 230 38 0 0 0 2 0 0 0 0 0 0 53 0 0 0 2 0 87 2 122 2 0 0 0 0 0 0 0 0 0 0 0 0 0 0 0 0 0 0 0 0 0 0 0 4 10 0 0 0 1 0 0 0 0 0 0 1 0 0 0 0 10 0 1 61 0 0 8 9 17 12 0 0 5 0 0 28 46 15 0 13 5 0 4 0 0 0 0 1 0 2 0 0 7 7 10 24 0 20 20 0 0 0 0 0 0 0 0 0 0 0 0 0 0 0 0 0 0 4 0 0 0 0 0 0 3 9 0 0 2 0 1 0 0 0 7 0 0 0 12 0 0 10 20 1 25 11 1 0 16 22 15 0 4 0 13 11 22 7 1 3 0 0 0 0 0 0 0 0 0 0 0 0 0 0 0 0 0 0 19 26 0 0 0 0 0 0 0 0 0 0 0 7 0 1 0 0 0 0 0 0 0 0 20 36 0 2 2 65 0 0 0 0 0 0 0 0 0 0 0 0 0 0 0 0 8 0 0 0 0 0 
 0 0 1 0 0 0 0 0 1 0 0 31 0 0 0 0 0 0 0 2 2 6 2 3 2 3 2 2 2 2 3 2 6 2 4 2 2 2 65 2 121 72 302 0 161 40 52 143 153 314 167 219 277 77 79 48 55 332 76 63 0 0 0 0 8 0 49 0 0 0 0 2 1 0 22 3 0 0 51 25 0 0 0 0 7 0 0 0 0 0 0 0 0 0 0 0 0 0 0 9 0 0 0 0 0 0 0 0 0 0 0 0 0 3 0 0 0 0 0 0 0 11 0 19 14 50 0 0 2 1 7 0 0 0 0 0 13 12 0 0 9 0 0 0 3 0 36 20 0 20 0 1 29 19 8 13 4 0 3 32 0 0 17 0 0 0 0 0 0 0 0 0 0 0 0 0 0 1 0 0 0 0 0 0 0 0 0 0 0 0 0 0 0 0 0 0 0 0 0 0 0 0 0 0 19 19 23 0 1 1 10 39 0 0 0 0 20 0 0 0 0 4 14 18 0 0 3 0 0 0 9 0 0 3 0 8 0 8 15 16 0 0 0 0 0 0 2 0 0 0 0 1 0 1 0 2 0 0 0 0 0 1 72 3 65 2 1 0 0 0 0 2 0 0 0 0 0 0 0 0 0 0 0 0 8 0 0 22 0 0 
 0 0 3 0 0 0 0 0 3 0 0 0 0 0 0 0 0 0 0 0 0 0 11 8 0 0 0 0 0 0 0 5 0 0 0 0 0 2 0 61 78 124 126 161 0 239 77 61 307 93 332 191 139 60 135 303 137 66 100 77 51 48 11 12 0 0 6 6 257 0 0 0 50 0 0 1 10 47 56 0 0 0 0 0 0 0 0 0 0 0 0 0 0 0 0 0 0 0 0 0 0 0 0 0 0 0 0 0 0 0 0 0 0 0 0 1 0 0 0 0 0 8 1 0 12 8 0 0 23 23 7 0 0 0 0 0 9 0 0 0 7 2 10 21 20 0 2 16 0 0 4 0 23 24 31 5 0 1 8 14 0 0 0 0 0 0 0 0 0 0 0 0 0 0 0 0 0 1 0 0 0 0 0 0 0 0 0 0 0 1 0 0 0 0 0 0 0 0 0 0 0 19 1 55 0 23 0 0 18 0 4 14 0 0 22 0 0 26 0 1 21 0 21 13 0 0 37 7 0 0 0 9 7 4 0 0 0 0 0 12 0 0 14 0 0 0 0 0 0 0 0 12 0 1 1 0 0 0 0 2 0 1 63 1 2 2 5 67 0 0 10 0 0 0 0 0 0 0 0 0 0 0 0 0 35 35 0 0 0 22 
 0 0 2 0 0 0 0 0 0 2 0 0 0 0 0 0 0 0 0 0 1 0 4 15 0 0 1 0 1 65 1 0 9 1 1 2 3 1 17 1 92 95 100 40 239 0 38 34 158 333 92 65 96 317 144 80 98 1061 60 479 50 0 2 0 0 0 50 50 51 0 0 0 0 50 1 23 0 56 69 0 0 0 0 0 0 0 0 0 0 0 0 0 0 0 0 0 0 0 0 0 0 0 0 0 5 3 22 0 0 0 1 3 1 6 0 2 4 9 0 4 0 0 0 5 9 0 0 0 19 0 11 10 0 0 0 16 17 0 0 0 0 0 0 0 0 0 0 0 0 0 0 0 6 5 18 25 3 4 14 18 0 0 0 0 0 0 0 0 0 0 0 0 0 0 0 0 0 5 0 0 0 12 0 0 0 0 1 3 1 1 0 2 0 5 0 1 0 2 0 0 0 0 23 18 1 17 0 0 0 22 7 20 0 0 20 0 11 24 0 0 9 0 0 0 0 10 13 0 0 0 6 0 0 0 0 0 11 7 20 46 9 0 0 0 0 0 0 0 0 0 0 11 0 0 0 0 0 0 18 1 0 0 8 1 1 7 5 2 4 0 0 0 0 0 0 0 0 0 0 0 0 1 0 0 0 22 0 0 0 0 
 0 0 0 0 0 0 0 0 0 0 0 0 0 0 0 0 0 0 0 0 3 3 66 3 4 66 3 3 2 3 2 6 2 3 3 3 65 3 3 3 208 72 53 52 77 38 0 81 124 115 103 254 109 297 245 113 32 98 103 276 0 1 1 0 0 0 9 17 7 0 0 6 0 0 203 24 0 1 0 0 0 0 0 0 0 0 0 0 0 0 0 0 0 0 0 0 0 0 0 0 0 0 9 0 1 0 0 0 0 0 0 4 0 0 0 0 0 1 0 0 15 6 14 13 7 0 21 10 21 0 6 38 0 3 0 7 18 3 14 0 0 6 1 0 0 5 2 0 0 0 4 0 0 0 0 0 0 5 0 21 0 0 0 0 0 0 17 0 0 6 0 0 0 0 0 0 0 0 0 3 0 0 15 0 11 0 0 0 0 0 0 0 0 0 0 1 0 0 0 0 42 10 49 20 18 0 9 8 10 0 0 23 10 0 12 8 0 13 0 0 0 0 16 3 0 0 7 1 0 1 0 0 8 4 0 0 0 0 0 2 0 0 0 0 0 0 0 0 0 0 0 13 0 0 0 0 0 2 0 0 0 0 2 0 0 0 0 1 0 0 3 0 0 0 0 0 0 0 0 0 0 0 0 0 0 0 0 0 0 0 
 0 0 2 0 0 0 0 0 0 2 0 0 0 3 0 0 0 0 0 0 0 0 0 0 54 65 0 0 0 1 2 0 0 0 0 1 0 0 0 0 114 219 210 143 61 34 81 0 171 36 54 68 92 538 172 85 381 238 64 309 4 0 3 0 0 0 1 0 0 0 0 0 3 32 0 0 0 2 25 0 0 0 0 0 0 0 0 0 0 0 0 0 0 0 0 0 0 0 0 0 0 0 0 0 0 1 0 0 0 0 0 0 0 0 0 0 0 0 0 0 2 1 11 44 0 0 12 1 19 38 0 0 18 28 8 14 11 32 45 37 5 0 0 4 0 0 0 3 3 2 0 0 0 3 2 26 0 0 12 0 0 0 0 0 0 0 0 0 0 0 0 0 0 0 10 0 2 0 0 0 0 0 0 0 11 23 0 0 0 0 0 0 0 0 0 0 0 0 0 0 1 12 0 8 2 0 0 0 8 7 19 0 0 19 1 1 12 0 10 10 0 21 0 0 0 0 0 0 0 0 1 0 0 0 0 0 0 3 4 5 0 0 0 0 0 0 0 0 0 0 0 13 0 1 0 0 2 1 0 15 0 0 66 2 1 34 0 0 0 0 0 0 0 0 0 0 0 0 0 0 0 0 1 0 7 0 0 0 0 0 
 2 2 4 7 64 2 2 2 2 2 2 2 2 2 2 2 2 2 2 2 0 0 0 2 0 29 0 0 0 0 1 0 0 0 0 0 0 0 0 0 56 121 533 153 307 158 124 171 0 140 62 117 58 106 126 46 264 275 87 71 0 0 2 0 4 0 1 4 4 0 0 1 1 0 0 0 0 6 110 1 0 0 0 0 0 0 0 0 24 0 0 0 0 0 0 0 0 0 0 0 0 0 0 0 0 0 0 0 4 0 0 0 0 0 0 0 0 0 0 0 13 0 2 37 0 0 0 0 18 12 17 8 1 8 0 8 23 8 0 0 6 0 9 25 0 0 7 0 0 0 0 0 0 8 1 26 0 18 17 33 0 0 0 0 0 0 0 0 0 0 0 0 0 0 0 0 21 4 0 0 0 0 0 0 0 0 0 0 0 0 0 0 0 0 5 0 0 0 0 0 18 7 27 2 12 9 13 0 0 16 14 14 0 0 38 0 21 21 0 0 0 0 0 0 0 0 1 0 0 0 0 0 1 0 0 0 0 0 20 37 0 0 0 0 0 0 2 0 0 0 0 10 0 2 0 0 0 0 0 0 0 0 65 65 0 0 0 63 0 0 0 0 0 0 0 0 0 0 0 0 0 0 0 0 8 1 0 0 0 0 
 0 0 0 0 0 0 0 0 0 0 0 0 0 0 0 0 0 0 0 0 0 0 0 66 0 0 0 0 0 0 1 0 0 0 0 0 0 0 0 0 53 78 201 314 93 333 115 36 140 0 86 175 319 361 149 106 131 169 350 135 0 0 2 0 0 53 49 0 0 0 0 1 0 0 1 1 0 0 55 0 0 0 0 0 0 0 0 0 0 0 0 0 0 0 0 0 0 0 0 0 0 0 0 0 0 0 0 0 0 0 0 0 0 0 0 0 0 0 0 0 18 11 35 32 17 0 0 10 46 0 21 20 3 6 3 21 11 0 0 20 30 0 14 0 7 0 4 40 7 0 0 3 0 19 10 16 0 17 16 16 0 0 0 0 0 0 0 0 0 0 0 0 0 0 0 0 0 4 0 0 0 0 7 0 0 0 0 0 0 0 0 0 0 0 0 0 0 0 0 0 21 30 21 0 2 3 0 21 19 17 11 54 0 15 0 0 50 19 18 9 13 0 0 6 0 1 0 1 0 0 0 0 0 2 0 0 0 6 27 27 0 0 0 0 0 0 0 0 0 0 0 29 0 0 0 0 0 0 0 10 0 0 1 65 63 3 0 2 0 0 13 0 0 0 0 0 0 0 0 0 0 0 0 0 1 15 0 19 0 0 
 0 0 0 0 0 0 0 0 0 2 0 0 0 0 0 0 0 0 0 0 5 3 7 17 0 0 0 0 0 5 1 0 7 0 0 111 3 0 8 0 267 544 49 167 332 92 103 54 62 86 0 76 63 46 85 561 93 154 11 65 111 0 4 0 17 0 51 51 0 0 0 0 22 53 1 0 0 0 0 0 0 0 0 0 0 0 16 0 0 20 0 0 0 0 0 20 0 0 0 0 0 0 0 0 1 0 10 0 0 0 3 1 0 23 0 6 5 46 0 10 0 6 0 0 31 14 24 0 0 0 15 27 10 10 21 0 4 11 3 0 11 0 0 0 0 0 18 0 0 0 0 0 8 0 0 14 10 0 4 6 0 0 0 0 0 0 0 0 0 11 0 0 0 0 0 0 0 0 0 3 0 6 0 0 0 0 0 4 0 0 0 4 0 10 0 0 0 5 0 0 34 7 0 13 19 13 0 6 10 0 13 20 0 17 14 0 0 55 0 0 28 8 14 0 0 0 24 0 0 0 0 0 23 0 0 13 0 0 8 4 11 0 11 0 0 0 0 0 0 0 0 11 0 1 0 0 0 0 8 2 0 0 1 0 1 1 2 0 0 0 0 0 0 0 0 0 0 0 0 0 0 3 0 0 16 0 0 0 0 0 
 0 0 3 0 1 0 0 0 5 0 0 0 0 2 0 0 0 0 0 0 2 2 5 2 2 2 205 3 3 2 4 5 2 74 2 2 2 30 2 2 21 103 556 219 191 65 254 68 117 175 76 0 23 30 36 28 178 134 32 40 0 52 7 0 5 0 0 0 51 0 0 0 1 0 0 0 1 0 89 1 0 0 0 0 0 0 0 0 0 0 0 0 0 0 0 0 0 0 0 0 0 15 0 0 0 0 0 0 0 0 0 0 0 0 0 0 0 0 27 0 0 2 0 15 0 22 0 0 7 15 0 0 0 0 0 0 12 13 0 0 56 0 14 16 10 0 17 0 0 10 0 0 14 1 12 28 11 36 11 12 1 0 0 0 0 0 0 0 0 0 0 0 0 0 0 0 0 2 0 0 0 0 9 0 0 0 0 0 0 0 0 0 0 0 0 0 0 0 0 0 0 0 11 1 14 20 0 0 4 60 10 9 0 0 0 0 13 12 0 0 11 0 18 9 0 0 9 0 0 0 0 0 8 1 0 10 0 15 47 19 0 0 20 0 0 0 0 0 0 0 0 8 0 0 0 0 0 0 0 2 0 21 63 1 79 0 4 0 0 0 0 0 0 0 0 0 0 0 0 0 0 0 26 0 10 2 0 14 0 0 
 2 2 2 2 2 2 2 2 2 2 2 2 2 2 2 2 2 2 5 2 0 64 64 60 0 63 0 0 65 208 65 131 0 3 0 14 124 0 0 0 131 255 69 277 139 96 109 92 58 319 63 23 0 70 32 46 53 32 314 75 0 0 0 0 51 0 0 0 0 8 0 0 0 0 2 0 0 0 3 0 0 0 13 0 0 0 0 0 0 0 0 0 0 0 0 0 0 0 0 0 0 0 0 34 9 7 0 0 1 8 17 0 0 0 0 10 11 0 0 0 16 34 2 0 14 0 0 12 26 1 0 0 9 9 21 0 0 17 13 0 0 0 0 0 0 0 8 25 10 3 0 0 0 0 0 0 0 0 0 6 0 0 0 0 0 0 0 0 0 0 0 31 0 0 0 0 0 0 0 0 0 0 0 0 0 0 0 0 0 1 19 0 0 0 0 6 19 0 0 0 0 25 0 0 4 22 67 21 55 0 9 33 15 26 40 18 0 16 0 0 0 19 0 0 0 0 0 0 0 0 0 0 0 0 0 0 0 0 0 0 0 0 0 0 0 0 0 0 0 0 0 5 0 0 0 0 0 125 1 0 0 0 4 0 0 0 0 0 2 0 0 0 0 0 0 0 0 0 0 0 0 0 2 0 0 0 0 0 0 0 
 0 0 2 0 3 0 0 0 0 2 0 0 0 0 0 0 0 0 0 0 0 66 64 1 55 195 1 1 2 62 4 62 6 0 0 0 63 0 0 0 62 137 99 77 60 317 297 538 106 361 46 30 70 0 80 36 152 35 132 295 0 0 0 52 204 0 0 0 0 0 0 1 0 0 203 0 0 4 55 0 0 0 0 0 0 0 0 0 0 0 0 0 0 0 0 0 0 0 0 0 0 0 0 0 0 0 0 0 0 0 0 19 0 0 0 0 0 0 0 0 14 0 25 9 0 0 14 24 0 0 0 0 0 34 0 30 9 0 19 27 0 6 0 14 0 15 0 0 0 0 0 0 0 7 1 0 0 0 0 6 0 0 0 0 0 0 10 0 0 0 0 0 0 0 0 0 8 0 0 0 0 0 0 0 13 19 0 0 0 0 0 0 0 0 0 1 0 0 0 0 0 20 22 1 0 0 10 0 8 3 0 0 0 0 46 13 0 12 35 29 0 0 0 0 0 0 0 0 0 0 0 0 1 0 6 0 0 0 0 0 0 0 0 0 0 0 0 0 0 29 0 8 0 2 0 0 0 63 0 43 0 0 1 0 0 11 2 63 0 0 0 0 0 0 0 0 0 0 0 0 0 0 0 0 0 1 0 0 0 0 
 0 0 1 0 0 0 0 0 0 0 0 3 0 0 0 0 0 0 0 3 3 1 34 68 42 0 1 0 63 0 0 125 0 1 0 0 2 66 0 1 261 143 416 79 135 144 245 172 126 149 85 36 32 80 0 111 55 256 370 413 5 0 1 11 0 0 0 0 0 56 0 0 0 0 0 0 0 0 2 0 0 0 0 0 0 0 0 0 0 0 0 0 0 0 0 0 0 0 0 0 0 26 0 0 14 0 7 0 0 1 20 2 0 0 0 16 2 16 0 0 10 0 13 0 3 0 3 15 68 12 6 0 14 0 43 18 16 15 19 23 0 0 0 0 0 0 1 0 0 0 3 0 0 0 0 2 0 0 0 25 0 0 0 0 0 0 0 0 0 0 0 0 0 0 0 0 0 1 0 0 20 0 0 0 0 0 1 0 0 2 1 0 0 8 1 4 14 2 0 0 29 1 0 18 0 10 0 12 0 2 11 0 0 20 23 49 11 17 19 27 0 0 0 0 0 0 13 0 0 0 0 0 0 0 0 0 0 0 0 0 0 0 0 0 0 0 0 0 0 0 0 5 0 2 0 0 0 1 0 7 0 2 2 1 0 3 0 0 0 0 20 0 0 0 0 1 0 0 0 0 0 1 0 0 13 0 25 0 0 0 
 0 0 0 0 0 0 0 0 0 0 0 0 0 0 0 0 0 0 0 0 0 3 0 6 1 2 0 0 0 0 0 73 0 0 0 0 0 0 0 0 44 275 312 48 303 80 113 85 46 106 561 28 46 36 111 0 78 267 125 133 0 0 1 4 0 0 8 6 0 2 0 0 0 4 1 3 8 0 0 0 0 0 0 0 0 0 0 0 0 0 0 0 0 0 0 0 0 0 0 0 0 0 0 0 0 1 0 0 0 0 0 0 0 0 0 0 0 0 0 0 2 8 10 0 0 0 49 0 0 6 0 13 19 43 31 4 14 21 3 33 11 2 1 0 0 0 7 0 4 0 31 0 0 0 0 1 0 1 0 0 0 0 0 0 0 0 0 0 0 7 0 0 0 0 0 0 0 0 0 12 0 0 0 0 0 0 0 0 0 0 0 0 0 0 0 0 0 0 0 0 58 12 1 17 38 0 0 11 12 0 21 9 0 18 40 0 16 12 22 12 0 0 5 1 0 0 27 0 0 3 0 7 6 42 0 1 0 0 0 4 0 0 0 0 0 0 0 0 0 0 0 4 0 2 0 1 0 0 0 3 0 0 2 0 0 0 3 0 0 0 24 0 0 0 0 0 0 0 0 0 0 2 0 0 11 0 0 0 0 0 
 0 0 0 0 0 0 0 0 0 0 2 0 0 0 0 0 0 0 0 0 0 0 0 0 0 0 0 0 33 0 2 0 0 0 0 0 0 0 0 0 54 173 218 55 137 98 32 381 264 131 93 178 53 152 55 78 0 178 33 32 0 0 1 0 0 0 0 205 0 0 0 0 0 0 2 0 0 4 117 72 0 0 0 0 0 0 0 0 0 0 14 0 0 0 0 0 0 0 0 0 0 0 20 0 0 0 0 0 0 0 0 0 0 0 0 0 0 0 0 0 0 10 0 43 0 0 0 8 23 22 0 3 7 2 19 19 10 32 0 0 4 0 4 0 0 0 1 0 0 2 0 0 7 8 36 23 0 17 48 0 0 0 0 0 0 0 0 0 0 0 0 0 7 0 0 0 0 4 0 0 0 0 0 0 0 0 0 0 0 0 0 0 0 0 0 0 0 0 0 0 0 0 20 30 52 3 0 2 11 21 19 1 0 18 5 8 22 52 0 0 0 0 0 0 0 0 0 0 0 0 0 0 0 0 0 14 0 0 20 33 0 0 0 0 0 0 0 0 0 19 0 11 0 1 0 0 0 0 0 2 0 0 1 31 1 1 0 37 0 0 0 0 0 0 0 19 0 0 0 0 0 0 0 0 10 9 0 0 0 0 
 2 6 6 3 3 3 3 3 3 6 3 3 3 3 3 3 3 3 3 3 0 0 0 3 2 0 0 0 0 0 0 0 69 0 0 3 3 0 0 0 35 39 98 332 66 1061 98 238 275 169 154 134 32 35 256 267 178 0 47 241 0 0 1 0 0 0 72 0 0 0 0 1 51 0 2 0 0 4 14 50 0 0 0 0 0 0 7 0 0 0 0 0 0 0 0 0 0 0 0 0 0 0 0 0 16 0 0 0 0 0 0 0 0 0 0 0 0 0 0 0 13 7 1 1 21 0 0 0 19 0 53 4 0 8 0 8 26 0 0 0 0 0 0 0 0 0 0 0 0 0 0 0 0 11 1 0 0 0 4 16 0 0 0 0 0 0 0 0 0 0 0 0 13 0 0 0 0 0 0 0 17 0 0 0 0 0 0 0 0 0 0 0 0 0 0 0 0 0 0 0 0 9 16 54 10 23 0 8 0 4 0 1 0 12 34 0 13 26 0 0 0 2 0 14 0 0 8 0 0 0 0 8 18 13 0 0 0 7 23 9 0 0 0 0 0 0 0 0 0 0 0 12 0 1 0 0 0 0 0 1 1 0 2 0 62 3 3 63 3 8 0 0 0 0 0 0 0 0 0 0 0 0 0 0 17 1 0 11 0 0 
 3 3 3 3 66 3 3 3 6 72 3 3 3 3 3 3 3 3 3 5 0 2 0 0 0 63 0 23 0 61 2 6 2 0 0 62 2 0 0 0 90 64 230 76 100 60 103 64 87 350 11 32 314 132 370 125 33 47 0 160 0 5 4 2 0 6 3 3 1 3 1 4 3 4 1 10 3 3 4 0 0 0 0 0 0 0 0 0 0 0 0 0 0 0 0 0 0 0 0 0 0 0 0 0 0 0 0 0 1 8 0 0 0 0 0 21 0 0 0 0 15 1 37 26 3 0 0 21 38 1 7 21 52 29 7 8 0 1 0 31 0 0 0 0 2 4 0 0 3 0 0 7 0 0 0 0 5 0 0 0 0 0 0 12 0 0 0 0 0 1 0 0 0 0 0 0 0 0 0 0 0 0 0 0 15 23 0 0 0 4 0 0 0 0 0 0 0 0 0 0 24 10 1 0 0 0 0 9 7 1 18 0 27 38 11 0 8 0 20 17 0 0 0 0 3 4 0 0 0 0 0 0 0 0 11 0 2 0 0 0 0 0 0 0 0 0 0 0 0 0 0 7 0 0 0 0 0 62 49 0 0 0 0 0 0 3 0 0 1 0 7 0 0 0 0 9 0 0 0 0 0 0 0 0 0 0 0 0 0 0 
 0 0 3 0 1 0 0 0 0 3 0 0 0 0 0 0 0 0 0 0 1 1 4 5 1 69 1 0 64 124 3 69 0 0 0 3 0 1 0 0 48 35 38 63 77 479 276 309 71 135 65 40 75 295 413 133 32 241 160 0 0 0 1 0 0 0 0 0 0 1 0 0 0 0 1 0 0 0 0 0 0 0 0 0 0 0 0 0 0 0 0 0 0 0 0 0 0 0 0 0 0 0 0 0 32 0 0 0 1 0 13 0 0 0 0 0 0 0 0 0 25 10 44 10 0 0 28 0 0 3 0 0 12 10 13 8 0 20 12 30 0 0 0 0 0 0 3 1 12 0 0 0 0 0 0 0 0 0 0 0 1 0 0 0 0 0 0 0 0 0 4 0 0 0 0 0 12 0 0 0 1 0 0 0 20 4 0 0 0 0 11 0 0 0 0 0 13 0 0 0 15 0 0 3 0 0 69 24 16 4 0 1 0 13 18 26 0 0 33 33 0 0 0 0 0 0 0 0 0 0 0 0 0 0 0 0 0 0 0 0 0 0 0 0 0 0 0 0 0 1 0 5 0 1 0 0 0 125 0 3 0 1 0 0 3 21 2 0 2 0 27 0 0 0 1 0 0 0 0 0 0 0 0 0 0 0 0 0 0 0 
 3 6 5 3 3 3 3 3 3 3 3 6 3 54 3 3 3 10 3 3 0 0 1 0 2 4 0 0 0 0 0 0 0 0 0 0 0 0 6 0 0 0 0 0 51 50 0 4 0 0 111 0 0 0 5 0 0 0 0 0 0 167 106 95 45 42 67 138 153 31 58 53 378 186 41 149 30 66 55 103 0 0 0 0 0 0 0 0 0 0 0 0 0 0 0 0 0 0 0 0 0 0 0 0 0 0 0 0 0 0 0 0 0 0 0 0 0 0 0 0 0 0 0 0 28 0 0 0 0 0 0 13 0 0 0 0 0 0 0 0 17 22 6 48 12 0 0 28 6 22 0 0 11 15 16 0 21 0 9 0 0 0 0 0 7 0 0 0 0 0 0 0 8 0 0 0 0 0 0 0 0 0 0 0 0 0 0 0 0 0 0 1 0 0 0 0 0 0 0 0 0 0 0 0 0 0 0 0 0 0 3 0 0 0 0 0 0 0 0 0 22 7 43 1 1 0 34 19 2 16 27 0 0 7 9 8 13 15 27 0 4 0 0 0 0 0 0 0 0 0 0 0 0 0 6 0 0 0 0 0 0 0 8 0 0 0 0 0 0 0 0 2 0 0 0 0 0 0 0 0 0 0 0 0 0 0 0 0 13 0 
