 0 108 303 264 155 94 181 245 124 565 333 131 249 176 58 250 114 109 240 163 0 0 0 3 0 0 3 3 0 0 0 0 0 0 0 0 0 65 75 0 0 5 2 0 0 0 0 0 0 5 3 0 0 0 0 0 1 2 0 0 0 3 0 2 0 2 0 0 3 0 0 3 7 0 0 2 2 0 3 0 3 0 0 1 8 21 14 21 5 10 4 18 2 17 31 18 0 14 0 1 0 0 0 0 0 0 0 0 8 0 0 0 0 0 0 0 0 0 16 0 0 0 0 1 0 0 0 0 0 0 0 0 0 0 1 0 0 0 0 0 5 0 0 0 0 0 0 0 0 0 0 0 0 0 0 0 0 0 0 0 18 17 0 10 0 0 17 14 11 15 10 21 7 7 0 20 20 4 0 13 0 0 0 0 0 0 0 0 0 0 0 0 0 0 0 0 0 0 0 0 0 0 0 0 0 0 0 0 0 0 0 0 0 0 0 0 0 0 12 0 0 2 0 2 0 7 0 0 0 0 0 0 0 0 0 0 0 0 0 0 0 0 0 0 0 0 7 0 4 0 3 8 0 0 0 0 0 0 0 0 0 0 19 0 0 0 0 0 0 0 0 0 0 0 0 23 10 0 0 0 0 0 0 0 0 0 0 0 0 0 
 108 0 336 277 108 26 265 174 312 53 358 225 159 466 115 96 155 136 128 125 0 0 0 0 0 2 3 2 1 0 3 0 88 1 0 0 0 33 0 0 5 0 2 3 0 0 0 0 0 3 3 3 0 0 2 2 0 0 0 0 0 0 0 0 3 4 0 1 2 0 0 3 0 0 0 2 2 0 3 7 5 0 38 0 24 0 7 10 28 9 10 0 15 0 37 23 0 33 15 0 0 0 0 0 0 0 0 0 0 0 0 0 0 0 0 0 2 0 18 0 0 0 0 0 0 0 0 0 0 0 0 0 0 1 2 0 0 0 0 0 0 0 0 0 0 0 0 0 0 0 0 0 0 0 0 0 2 0 0 0 30 21 2 10 10 46 0 18 32 23 2 0 0 9 27 0 25 1 13 0 2 0 0 0 0 0 20 0 0 0 0 0 0 0 0 0 0 0 15 0 0 0 0 0 1 0 0 0 0 0 0 0 0 0 0 0 0 0 0 0 0 0 0 0 0 0 0 0 0 0 0 0 0 0 0 0 13 0 0 0 0 0 0 0 0 0 2 1 17 89 4 8 0 0 0 1 0 0 0 0 0 0 0 0 0 0 0 0 0 0 0 0 0 0 0 0 0 0 0 0 0 0 0 0 0 0 0 0 0 0 
 303 336 0 109 43 29 238 232 220 74 43 44 75 185 259 372 84 324 51 222 0 1 0 0 0 0 3 25 25 207 0 17 0 0 0 0 77 239 0 26 0 0 2 0 64 0 0 0 0 2 3 0 0 0 0 0 0 0 0 0 0 3 0 3 0 6 0 0 8 0 0 3 0 0 0 2 2 0 58 0 1 34 16 17 12 2 10 21 14 9 12 0 18 5 36 31 0 26 16 11 0 0 0 0 0 0 0 0 0 0 0 0 0 0 0 0 0 0 2 0 0 0 0 0 0 0 0 0 0 0 0 0 0 0 0 0 0 0 0 0 0 0 0 0 0 0 0 0 0 0 0 0 0 0 0 0 0 3 0 0 2 0 34 20 9 16 3 23 27 37 0 0 6 0 31 0 0 15 55 29 0 0 0 0 0 0 14 0 0 0 1 0 0 0 0 0 0 0 0 0 0 0 0 0 0 0 0 0 0 0 0 0 0 0 0 0 0 1 0 0 0 2 0 2 0 0 0 0 0 0 0 0 0 0 0 0 0 0 0 0 0 0 0 0 0 2 0 2 2 2 4 16 0 0 0 0 0 0 2 0 0 0 0 0 0 0 0 0 0 0 0 0 0 0 0 8 0 0 0 0 0 0 0 0 0 0 0 0 0 0 
 264 277 109 0 222 250 82 77 61 196 123 212 248 69 134 157 302 208 43 69 154 0 0 2 0 3 77 37 3 1 2 1 4 0 0 74 2 0 73 75 3 0 2 0 2 2 0 0 0 2 3 1 0 0 0 1 1 0 0 1 0 1 5 1 41 16 0 0 3 0 0 5 0 0 0 2 2 1 3 16 0 0 33 23 20 0 0 0 19 1 24 20 0 0 0 0 0 13 0 0 12 14 0 0 0 0 18 52 0 2 0 0 0 0 22 0 0 1 22 13 0 0 0 0 0 0 2 0 2 18 0 0 0 0 0 0 0 1 0 0 0 0 0 0 0 0 0 0 0 0 0 0 0 0 0 0 0 0 14 0 0 9 14 0 13 10 0 0 0 0 21 0 0 0 1 18 23 5 0 16 40 0 2 0 0 0 10 19 6 11 66 0 0 14 25 4 0 0 10 32 0 0 0 2 9 0 0 0 24 0 0 0 0 0 0 0 0 0 0 0 0 0 0 0 0 0 0 0 0 0 0 0 0 0 0 0 0 0 0 0 0 0 0 0 0 0 27 0 1 0 2 3 0 0 0 0 0 0 0 4 0 0 0 0 0 0 0 0 0 1 0 0 0 0 0 0 1 0 0 0 0 7 0 0 0 0 0 0 0 0 
 155 108 43 222 0 63 128 81 47 243 352 343 48 52 596 181 133 275 257 171 75 1 0 4 0 2 79 37 0 0 0 0 0 0 1 1 0 0 74 2 0 2 2 0 0 0 0 0 0 3 3 0 0 0 0 3 0 0 0 64 0 0 57 0 0 2 0 0 2 0 0 9 0 0 0 3 2 0 2 0 0 0 30 17 5 13 0 8 14 12 18 33 0 0 14 18 0 27 0 0 59 0 0 0 0 0 13 1 0 1 0 0 13 0 0 0 0 8 15 25 0 0 0 0 0 0 0 0 1 0 0 0 0 0 0 0 0 0 0 0 0 0 0 0 0 0 0 0 0 0 0 0 0 0 0 0 0 0 2 0 0 0 13 9 24 1 0 1 7 0 17 16 0 0 0 23 26 0 14 1 0 0 7 0 0 0 10 0 15 0 1 0 15 23 2 13 0 0 37 16 14 0 0 0 0 0 0 0 0 0 0 0 0 0 0 0 0 0 0 0 0 0 0 0 0 0 0 0 0 0 0 0 0 0 0 0 0 0 0 0 0 0 0 0 0 0 93 0 2 2 2 9 0 0 0 0 0 0 0 0 0 0 8 0 0 0 2 0 0 0 0 0 0 0 0 9 0 0 0 0 0 0 0 0 0 0 0 0 0 0 
 94 26 29 250 63 0 31 239 124 128 321 124 131 48 145 274 244 80 141 61 150 0 0 0 0 0 3 149 73 0 0 0 75 0 31 0 0 0 78 97 0 0 2 0 0 0 0 0 0 2 3 0 0 0 0 1 0 0 0 0 0 1 3 1 0 2 0 0 3 0 0 3 0 0 0 2 7 0 32 0 0 0 6 13 7 10 1 12 6 1 30 25 0 0 14 0 2 0 0 0 0 16 10 0 0 0 14 10 0 22 0 0 4 0 18 0 0 1 19 28 0 0 0 0 0 0 0 0 0 0 0 12 0 0 0 0 0 0 2 0 0 2 0 0 4 0 2 0 0 0 0 0 0 1 0 0 0 0 14 0 0 10 18 1 10 16 5 0 0 1 11 2 1 0 0 9 0 1 0 0 39 0 0 0 0 0 0 31 12 0 11 0 21 7 26 34 0 0 35 26 0 0 0 0 0 0 0 0 0 1 0 0 0 1 0 1 0 0 0 2 1 0 15 0 0 0 0 0 0 0 0 7 0 0 0 0 0 0 0 0 0 0 0 0 0 4 88 0 0 2 0 14 0 0 0 0 0 0 0 0 0 0 0 0 0 14 0 0 0 0 0 0 0 0 0 0 17 12 0 0 0 0 0 0 0 0 0 0 0 0 
 181 265 238 82 128 31 0 92 147 32 122 298 167 385 239 53 127 24 123 164 0 1 0 0 0 0 3 2 0 16 0 0 0 0 0 0 0 0 0 0 0 0 2 0 0 17 0 0 0 2 3 0 0 0 0 0 0 0 0 0 0 2 0 2 0 8 0 0 3 0 0 3 0 0 0 2 2 0 3 0 9 22 22 0 9 11 1 32 17 10 9 15 15 28 14 31 0 11 0 23 0 0 0 0 0 0 0 0 0 0 0 0 0 0 1 0 0 26 14 0 0 0 0 0 0 1 0 0 0 0 0 0 0 0 0 0 0 0 0 14 0 0 0 0 0 0 5 0 0 0 7 0 0 0 1 0 0 1 0 0 27 0 24 9 21 0 0 16 13 0 14 0 40 0 11 0 8 0 10 19 0 0 0 0 0 0 0 0 0 0 0 0 0 0 0 0 0 0 0 0 0 0 0 0 0 0 1 0 0 0 0 0 0 0 0 0 0 0 0 0 1 0 0 0 1 1 0 0 0 0 2 0 0 0 0 0 0 0 21 0 0 0 0 0 0 0 0 0 0 2 0 11 0 0 0 0 0 0 0 0 0 0 59 0 0 0 0 0 0 0 0 0 0 0 0 6 0 0 0 0 0 0 0 0 0 0 0 0 0 0 
 245 174 232 77 81 239 92 0 161 141 84 42 255 141 376 143 412 122 61 280 1 0 0 0 0 0 3 76 0 0 0 0 0 2 0 2 0 3 2 6 3 1 2 2 0 2 0 2 3 2 3 0 0 0 5 1 0 0 0 0 3 1 0 1 5 8 0 40 3 0 4 3 0 0 2 5 2 3 3 0 16 25 22 26 9 2 1 13 9 66 20 1 0 1 12 1 27 63 0 0 0 0 17 11 0 0 2 0 0 0 0 0 0 0 0 0 0 0 2 0 0 0 0 0 0 0 2 0 0 0 0 0 0 0 0 0 0 0 0 0 0 11 0 2 0 0 0 0 0 0 0 0 0 0 0 0 0 11 7 20 29 0 20 17 9 9 5 13 0 28 1 25 0 0 12 0 1 7 8 12 0 0 0 0 0 0 0 0 0 0 2 0 0 0 0 0 0 0 11 0 0 0 0 0 0 0 0 0 0 0 0 0 0 15 9 0 0 0 0 0 0 0 0 0 0 0 0 0 1 0 0 0 0 0 0 0 0 0 0 0 0 0 0 0 0 2 97 0 1 1 12 6 0 0 0 0 0 0 0 0 0 0 0 0 0 0 0 0 0 0 0 0 0 0 0 16 38 0 0 0 0 0 0 0 0 0 0 0 0 0 
 124 312 220 61 47 124 147 161 0 161 110 36 200 265 178 496 43 213 124 55 1 0 0 0 0 0 5 2 73 1 0 0 38 0 0 0 0 0 2 22 0 0 2 0 0 0 0 0 63 4 3 0 0 0 0 3 0 0 0 4 0 0 0 0 0 9 0 0 2 0 0 3 0 0 0 2 2 0 2 0 9 14 37 0 25 0 0 18 13 0 18 1 0 1 22 0 0 14 0 0 0 0 12 0 0 0 0 0 0 0 0 0 0 10 2 0 0 0 16 18 0 0 0 0 0 0 0 0 0 0 0 0 0 0 9 0 0 0 0 0 0 0 0 0 0 0 0 0 0 0 0 0 0 0 0 0 0 1 0 0 22 21 11 39 21 0 18 0 11 15 0 6 15 1 32 0 0 30 10 13 21 0 0 0 0 0 20 0 9 11 0 0 0 0 0 12 0 0 13 7 0 0 0 0 0 0 0 0 0 0 0 0 0 0 0 0 0 0 0 0 0 0 0 0 0 0 0 0 0 0 0 0 0 0 0 0 0 0 0 0 0 9 0 0 0 0 46 0 95 19 0 0 0 0 0 0 0 0 0 0 0 0 0 0 0 0 0 0 0 0 0 0 0 0 0 12 0 0 0 0 0 0 0 0 0 0 0 0 0 0 
 565 53 74 196 243 128 32 141 161 0 228 55 169 161 163 416 85 477 234 85 0 0 0 0 11 0 5 83 0 1 0 0 13 35 92 3 0 0 115 0 0 3 2 0 0 0 0 0 0 2 3 0 0 0 0 1 0 0 0 0 20 1 0 1 0 3 0 0 3 0 0 50 0 0 0 2 2 0 3 0 5 0 10 0 3 35 0 19 36 24 1 32 0 1 35 23 14 0 2 0 0 0 0 0 0 0 15 0 0 0 0 0 0 0 0 0 2 0 41 0 0 0 0 0 0 0 0 0 0 0 0 0 0 1 9 0 0 0 0 0 0 0 0 0 0 0 0 0 0 0 0 0 7 0 0 0 2 0 11 0 36 29 40 35 1 0 0 0 0 15 14 28 1 0 0 31 0 16 0 0 31 0 0 0 0 0 0 0 0 0 0 0 10 11 0 0 0 1 9 1 0 0 21 0 1 0 0 0 0 0 0 0 0 0 0 0 0 0 0 0 0 0 0 0 0 0 0 1 0 0 0 0 0 0 0 0 0 0 0 0 0 10 0 0 0 1 3 2 9 12 0 7 13 0 0 0 0 0 0 0 0 0 21 0 0 0 0 0 0 0 0 0 0 0 0 33 0 0 0 0 0 2 0 0 0 0 0 0 0 0 
 333 358 43 123 352 321 122 84 110 228 0 214 110 36 281 289 108 110 20 166 74 0 75 0 0 0 3 2 0 0 0 0 77 76 0 0 0 1 281 60 2 7 2 0 0 0 0 0 0 2 3 0 61 0 0 0 0 0 0 0 0 3 6 3 0 2 0 0 3 0 0 3 0 0 0 2 2 0 6 1 0 0 15 0 0 32 0 17 15 38 16 11 0 0 14 19 10 27 1 0 0 0 0 0 0 0 32 17 0 0 0 0 0 0 0 0 0 0 54 20 0 0 0 0 0 0 0 0 0 0 0 0 0 0 14 0 0 0 0 0 0 0 0 0 0 0 0 0 0 0 0 0 0 0 0 0 0 0 0 0 13 0 0 0 0 0 0 0 11 17 13 10 0 10 0 36 20 12 0 0 47 0 0 0 0 0 1 0 0 0 11 0 33 9 3 14 0 0 0 19 0 0 0 0 0 0 0 0 0 0 0 0 0 0 0 0 0 0 0 0 0 0 0 0 0 0 0 0 0 0 0 0 0 0 0 0 0 0 0 0 0 0 40 0 0 0 87 0 5 87 17 13 0 0 0 0 0 0 0 0 0 0 17 0 0 0 0 1 0 0 0 0 0 0 0 0 62 0 0 0 0 0 0 0 0 0 0 0 0 0 
 131 225 44 212 343 124 298 42 36 55 214 0 30 288 127 372 86 88 36 328 30 2 0 0 0 0 291 2 0 0 0 0 107 0 2 2 2 0 1 74 0 6 2 0 0 0 0 2 0 3 9 0 0 0 0 2 0 0 0 0 0 0 1 0 0 3 0 0 2 0 0 12 0 0 0 2 2 38 2 2 0 0 36 28 28 2 0 19 21 17 15 37 0 0 10 22 0 21 0 0 28 1 0 0 0 0 28 20 0 0 12 0 1 0 0 0 0 0 26 22 0 0 0 0 1 0 3 0 0 0 0 0 0 0 0 0 0 0 0 3 15 0 0 2 4 0 4 0 0 0 0 0 0 0 0 0 0 0 0 0 0 1 0 0 2 0 0 14 5 0 32 1 0 0 0 16 24 18 0 1 15 0 0 0 0 0 15 0 7 0 24 0 10 72 10 30 0 0 30 21 0 0 0 0 0 0 0 0 0 0 0 15 0 0 0 0 0 1 0 0 0 0 0 0 0 0 0 0 0 1 0 0 0 0 0 0 0 0 0 0 0 0 0 0 0 2 3 0 4 2 1 2 0 0 0 0 2 0 0 0 0 0 20 0 0 0 0 0 0 0 0 0 0 0 0 0 22 14 0 0 0 0 0 0 0 0 0 0 0 0 
 249 159 75 248 48 131 167 255 200 169 110 30 0 156 302 33 27 89 303 122 4 0 3 0 3 2 3 3 0 3 2 1 1 2 5 0 0 0 0 0 2 0 4 1 2 0 0 2 2 3 5 1 2 1 2 4 2 2 1 2 7 0 0 1 0 10 0 0 2 0 0 3 0 0 3 2 2 5 56 0 23 26 1 11 3 13 12 9 0 28 10 0 1 0 12 19 19 25 1 0 0 0 0 0 0 0 0 0 22 0 18 0 0 0 0 0 0 0 0 0 0 0 0 0 0 0 0 0 0 0 0 0 0 0 0 0 0 0 0 0 0 0 0 0 0 0 0 0 0 0 0 0 0 0 0 0 0 0 0 0 41 36 7 0 0 0 5 0 2 31 0 6 0 19 7 0 11 0 0 0 2 0 0 0 0 0 0 10 0 0 0 0 0 0 0 0 0 0 0 0 0 0 0 0 0 0 0 0 0 0 0 0 0 0 0 0 0 0 0 0 0 0 0 0 0 10 0 0 0 0 0 0 0 0 0 0 0 0 0 0 0 13 0 0 0 0 87 0 16 107 7 7 1 0 0 0 0 0 0 0 0 2 0 0 0 0 0 0 0 0 0 2 0 0 0 23 12 0 0 0 0 0 0 0 0 0 0 0 0 0 
 176 466 185 69 52 48 385 141 265 161 36 288 156 0 313 44 60 522 96 180 0 0 0 0 0 0 5 2 0 1 74 0 0 0 0 0 0 0 0 0 0 0 2 0 0 0 0 0 0 2 3 34 0 0 0 1 0 0 0 0 0 0 0 0 0 3 0 0 35 0 0 3 0 0 0 2 2 0 3 0 10 0 0 20 15 0 50 32 0 6 0 0 37 34 36 16 0 2 14 0 0 0 0 0 1 0 0 2 0 0 0 0 0 0 0 0 0 0 24 0 0 0 0 0 0 0 0 0 0 0 2 1 0 0 0 0 0 0 0 0 0 0 0 0 0 0 0 0 0 1 0 0 0 0 0 0 0 0 0 0 27 14 0 0 0 23 14 40 17 54 0 0 11 9 0 4 2 16 18 46 1 2 0 0 0 2 2 0 0 0 0 0 0 0 0 0 0 0 0 0 0 0 0 0 0 0 0 0 0 0 0 0 0 0 2 0 0 0 6 0 0 0 0 0 16 0 0 2 0 0 0 0 0 0 0 0 0 0 0 0 0 0 0 0 0 3 0 0 110 0 0 8 0 0 0 0 0 0 0 0 0 0 0 0 0 0 0 2 0 0 0 0 0 0 0 0 0 0 0 0 0 0 0 0 0 0 0 0 0 0 
 58 115 259 134 596 145 239 376 178 163 281 127 302 313 0 87 189 151 69 482 0 1 2 1 0 3 3 2 3 1 2 0 0 1 0 0 3 0 0 0 3 1 2 0 2 3 0 5 62 2 3 76 2 0 0 1 0 2 0 0 0 1 0 1 0 7 0 0 3 0 0 5 0 50 0 2 2 2 3 0 1 67 31 0 9 0 2 0 18 48 9 0 13 2 44 79 6 26 0 45 0 0 0 0 0 0 0 0 0 0 0 0 0 0 0 0 0 0 15 0 0 0 0 0 0 0 0 0 0 0 0 0 0 0 0 0 0 0 0 0 0 0 0 0 0 0 0 0 0 0 0 9 7 0 0 0 0 0 14 0 22 0 33 21 9 19 1 10 9 0 0 15 7 0 21 9 10 0 21 22 1 0 0 11 0 0 0 0 0 0 0 0 0 0 1 0 0 0 12 0 20 0 0 0 0 1 0 0 0 0 0 0 0 0 13 0 0 0 13 0 0 0 1 0 0 0 8 0 0 0 32 0 0 0 0 0 0 0 6 0 0 0 0 0 0 4 6 1 5 1 3 21 0 0 0 0 0 0 0 0 0 0 0 0 0 0 0 0 0 0 0 0 0 0 0 29 0 0 0 0 0 0 0 6 0 0 0 0 0 0 
 250 96 372 157 181 274 53 143 496 416 289 372 33 44 87 0 171 146 25 159 0 0 0 0 2 0 3 3 0 0 1 0 290 74 6 1 0 0 4 102 0 0 2 0 0 0 0 0 0 2 3 0 0 0 0 1 0 0 0 0 0 1 0 1 0 2 0 0 3 0 0 3 0 0 0 2 2 0 3 2 0 0 82 32 9 12 0 13 29 24 102 19 0 0 0 0 13 8 2 0 11 16 0 0 0 0 28 0 0 0 1 0 0 0 0 0 0 0 14 11 0 1 0 9 0 0 0 1 0 0 0 0 0 0 1 0 0 0 0 0 2 0 0 0 3 0 4 0 0 0 0 0 0 0 1 0 0 1 2 2 0 21 0 30 18 1 0 0 9 0 25 22 0 0 10 6 1 35 0 0 39 1 0 0 0 0 30 1 10 0 0 0 14 12 2 3 0 0 43 9 0 0 0 0 0 0 0 0 0 0 0 0 0 0 0 0 0 0 0 0 2 0 0 0 0 0 0 0 0 0 0 0 0 0 0 0 1 0 0 0 0 15 0 0 0 1 4 1 3 88 18 317 0 0 0 0 0 0 0 0 0 0 0 0 0 0 0 0 0 0 0 0 0 0 0 0 68 14 0 0 0 1 0 0 0 0 0 0 0 0 
 114 155 84 302 133 244 127 412 43 85 108 86 27 60 189 171 0 310 44 232 74 0 0 72 0 3 3 2 3 1 4 0 78 0 0 0 2 0 19 0 3 0 2 0 2 2 0 0 0 3 3 1 8 0 0 2 0 0 0 0 0 0 0 0 0 2 0 0 2 0 0 5 0 0 0 2 2 1 2 10 1 17 40 18 0 0 14 22 10 26 10 9 0 1 21 20 0 2 1 10 0 7 0 0 0 0 0 2 0 0 0 0 0 8 0 0 0 0 2 0 0 0 0 0 0 0 12 0 0 0 0 0 0 0 0 0 0 0 0 0 0 0 0 0 0 0 0 0 0 0 0 0 0 0 0 0 0 0 15 0 0 0 35 17 7 39 3 15 1 18 0 19 4 0 15 16 11 0 17 31 8 0 0 0 0 0 0 0 0 0 1 0 0 0 0 0 0 0 1 0 0 0 0 0 0 0 0 0 0 0 0 0 0 0 0 1 0 0 0 0 0 0 0 0 0 0 0 1 0 0 0 0 0 0 0 0 22 0 0 0 0 0 0 0 0 0 1 0 1 2 0 1 0 0 1 0 0 0 0 0 0 0 0 0 0 0 0 0 0 0 0 0 0 0 0 13 11 2 0 0 0 0 0 0 0 0 0 0 0 0 
 109 136 324 208 275 80 24 122 213 477 110 88 89 522 151 146 310 0 132 37 79 0 0 0 0 0 3 2 0 0 0 0 151 74 0 0 0 0 66 0 0 0 2 0 0 0 0 0 0 2 3 0 0 0 0 1 0 0 0 0 0 1 0 1 0 2 0 0 3 0 0 3 0 0 0 2 2 0 3 5 12 31 5 30 13 10 0 24 17 13 13 5 0 19 1 0 0 10 1 0 0 16 0 0 0 0 21 2 16 0 0 0 2 0 0 0 0 0 11 0 0 0 0 2 0 0 3 0 0 0 0 0 0 0 18 0 0 0 0 0 0 0 0 0 3 0 2 0 0 0 0 0 0 0 0 0 0 0 9 0 41 22 32 0 0 32 11 0 0 36 11 0 0 0 0 10 39 2 14 5 35 1 0 0 0 0 0 0 9 0 2 0 23 0 0 0 0 0 13 0 0 0 0 0 0 0 0 0 0 0 0 0 0 0 0 0 0 2 0 0 0 1 17 1 0 0 0 0 0 0 0 0 0 0 0 0 0 0 0 0 0 0 0 0 0 0 2 0 66 86 4 8 0 0 0 0 0 0 0 0 0 0 0 0 0 0 0 0 0 0 0 0 0 0 0 0 0 20 0 0 0 0 0 0 0 0 0 0 0 0 
 240 128 51 43 257 141 123 61 124 234 20 36 303 96 69 25 44 132 0 78 4 44 0 0 5 0 6 2 0 0 0 2 17 3 1 3 1 3 0 2 0 0 2 0 0 1 0 0 0 3 3 0 0 0 0 3 0 0 0 0 22 0 17 0 0 3 0 0 2 0 2 3 1 0 4 2 2 6 2 0 26 12 0 13 11 17 0 13 0 25 13 0 0 1 66 21 29 0 10 4 0 0 0 0 0 0 0 0 0 0 1 0 0 0 0 2 0 0 0 0 0 1 0 0 0 2 0 0 0 0 0 0 0 0 0 0 0 0 0 0 0 0 0 0 0 0 0 0 0 0 4 0 0 0 2 0 0 0 0 0 27 64 0 3 0 1 10 0 0 1 14 0 5 0 0 0 0 0 22 1 0 0 0 0 0 0 0 8 0 0 0 0 0 0 0 14 0 0 0 0 0 0 0 0 0 0 0 0 0 0 0 2 0 0 0 0 9 0 0 0 2 0 0 0 0 1 0 0 0 0 0 0 0 0 0 0 0 0 0 0 0 0 0 0 0 0 2 0 90 49 0 7 14 0 15 0 0 0 0 0 0 1 0 0 0 0 0 0 0 0 0 0 0 0 0 0 8 0 0 0 0 0 0 0 0 0 0 0 0 0 
 163 125 222 69 171 61 164 280 55 85 166 328 122 180 482 159 232 37 78 0 2 0 3 0 0 74 3 3 0 2 2 0 0 0 6 2 0 2 2 0 0 3 2 0 3 0 0 64 0 3 3 1 63 0 54 2 68 0 0 3 0 0 0 0 0 2 0 0 2 0 0 9 3 0 0 2 2 0 5 0 0 11 0 2 0 1 20 15 0 17 0 0 0 60 14 38 9 28 13 4 0 0 0 0 0 0 0 0 9 0 0 0 2 0 0 0 0 0 13 0 0 0 0 2 0 2 0 0 0 0 0 0 0 0 0 0 0 0 0 0 0 0 0 0 0 0 0 21 0 0 0 0 0 0 0 0 0 0 0 0 0 0 20 18 0 16 11 48 7 1 0 24 20 9 11 7 18 1 7 53 0 0 0 0 0 0 0 0 0 0 1 0 0 0 0 0 0 0 0 0 0 0 0 0 0 0 0 0 0 0 0 0 0 0 0 0 0 2 6 0 0 1 0 0 0 0 0 0 0 0 0 0 0 0 0 0 0 0 0 0 0 0 0 0 0 0 9 0 6 0 0 3 0 0 0 0 0 0 0 0 0 0 0 0 0 0 0 0 0 0 0 0 0 0 0 14 0 0 0 0 0 0 0 0 0 0 0 0 0 0 
 0 0 0 154 75 150 0 1 1 0 74 30 4 0 0 0 74 79 4 2 0 60 292 39 331 112 192 262 306 82 41 30 133 273 254 100 25 28 316 111 2 0 0 3 2 0 0 7 0 0 3 0 0 6 0 0 0 0 0 0 0 0 2 6 0 3 0 0 3 0 0 3 9 0 0 0 0 52 0 0 0 0 1 20 19 1 0 16 12 0 0 14 0 0 0 0 0 0 0 0 18 0 0 10 12 0 4 14 0 0 11 21 0 0 33 11 11 8 21 22 12 1 0 2 0 0 0 0 0 0 0 0 9 0 0 0 0 0 5 0 0 0 0 1 3 0 11 0 0 0 0 0 0 2 0 0 2 0 0 13 0 0 0 0 1 18 0 0 0 0 11 0 0 1 0 29 37 0 0 0 29 0 0 18 0 0 1 40 14 0 34 6 0 41 21 13 9 0 1 12 0 0 0 1 0 0 0 0 0 2 0 0 0 0 0 0 0 0 11 0 0 0 0 0 0 0 0 0 0 0 0 0 9 0 1 0 0 0 0 0 0 0 0 0 0 0 1 0 0 0 0 0 0 0 3 0 0 0 41 2 2 2 0 0 0 0 0 0 0 0 0 0 0 0 0 0 0 11 0 0 0 7 0 8 0 0 0 0 0 0 
 0 0 1 0 1 0 1 0 0 0 0 2 0 0 1 0 0 0 44 0 60 0 220 434 43 102 278 60 146 48 185 33 49 196 47 488 319 131 57 121 206 0 2 6 2 2 0 4 3 2 0 0 0 0 3 3 2 2 0 0 0 0 0 0 5 5 0 0 3 0 3 6 6 0 0 0 1 5 0 0 0 0 0 0 0 0 0 0 0 0 0 0 0 0 0 0 0 0 0 0 1 29 7 33 12 11 0 81 18 35 11 11 32 35 7 0 11 16 0 0 0 0 0 0 0 0 0 0 0 0 0 0 0 0 0 0 0 0 9 0 0 0 0 0 0 0 0 0 0 0 0 3 0 0 0 0 0 0 0 0 0 0 0 0 0 0 0 8 0 0 0 0 0 7 0 0 0 0 0 0 0 27 27 21 0 21 33 0 27 54 5 0 0 0 7 12 23 35 1 10 0 0 0 0 0 0 10 0 0 0 0 0 0 0 0 0 0 0 0 0 0 0 0 0 0 0 0 0 0 0 0 0 0 0 0 0 0 0 0 0 0 0 0 0 0 0 0 0 0 0 0 0 0 0 5 0 0 0 0 0 1 0 0 0 0 2 0 0 0 0 0 0 0 0 0 0 0 0 0 0 0 0 0 0 0 8 0 0 0 0 
 0 0 0 0 0 0 0 0 0 0 75 0 3 0 2 0 0 0 0 3 292 220 0 182 45 106 87 93 87 136 145 173 97 161 553 545 128 112 43 251 2 0 0 3 2 0 0 2 0 0 0 0 18 1 0 0 0 2 63 1 0 0 0 0 0 3 0 0 3 0 0 3 8 0 0 0 0 0 0 0 0 0 0 0 0 0 0 0 0 0 0 0 0 0 0 0 0 0 0 0 0 10 39 30 37 46 0 17 1 60 20 10 12 0 13 49 45 37 1 0 0 10 0 0 0 0 9 0 1 0 0 0 12 0 0 0 0 0 12 1 0 0 0 0 0 0 0 0 7 0 0 7 0 0 0 0 0 0 0 0 0 0 0 0 0 0 0 0 0 0 0 0 0 0 0 0 0 0 0 0 0 1 0 54 0 10 23 12 18 7 18 3 1 0 28 20 19 17 0 0 0 22 0 0 0 0 14 11 2 0 0 1 7 0 55 0 2 0 0 56 0 0 0 0 0 0 0 0 2 0 0 0 0 0 0 0 0 0 2 0 0 0 21 0 0 0 0 0 0 0 0 0 0 0 5 0 0 0 9 4 80 0 0 0 0 0 0 0 0 0 0 0 0 0 0 0 0 0 0 0 0 0 0 0 0 1 0 0 0 0 
 3 0 0 2 4 0 0 0 0 0 0 0 0 0 1 0 72 0 0 0 39 434 182 0 69 62 244 148 326 190 94 51 88 92 241 123 120 49 83 145 60 0 0 3 2 0 69 2 0 0 0 63 23 63 0 0 0 0 62 0 0 0 0 0 0 4 0 0 3 31 0 7 7 0 43 0 0 0 0 0 0 0 0 0 0 1 0 0 0 0 0 0 0 0 0 0 0 0 0 0 0 10 29 31 33 26 0 13 1 51 19 3 8 6 1 42 40 1 6 0 15 11 0 0 0 0 0 0 19 0 0 0 26 19 0 22 0 0 24 0 0 0 0 0 0 11 0 0 0 0 0 12 0 0 0 0 1 0 0 0 0 0 0 0 0 0 0 0 0 0 0 0 0 0 2 0 0 0 1 0 0 6 1 34 0 0 6 10 18 9 13 8 9 0 0 7 14 14 0 0 0 0 8 0 0 0 0 29 35 0 0 1 8 0 0 0 16 0 0 41 0 0 0 0 0 0 0 12 0 0 0 0 0 0 0 1 0 0 0 0 0 0 10 0 0 2 0 0 0 0 0 0 0 0 8 1 0 0 1 0 0 2 0 0 0 0 0 0 0 0 0 0 0 0 0 0 0 0 0 4 0 0 0 1 0 0 0 0 0 0 
 0 0 0 0 0 0 0 0 0 11 0 0 3 0 0 2 0 0 5 0 331 43 45 69 0 210 49 132 95 260 214 93 330 296 325 169 145 380 70 89 64 24 0 1 2 0 132 124 63 0 0 0 21 61 0 0 0 0 2 0 0 0 0 0 0 3 0 0 3 2 0 3 3 0 0 0 0 0 0 0 0 0 0 0 0 0 0 0 0 0 0 0 18 0 0 14 0 0 0 0 1 0 1 0 17 7 0 0 1 0 0 12 0 0 12 0 13 8 0 0 38 13 0 0 0 0 15 12 13 9 0 20 25 0 1 0 1 0 8 38 0 0 0 0 0 0 0 11 6 1 0 0 0 0 0 0 0 0 0 0 1 0 0 0 0 2 0 0 0 0 0 0 0 3 0 0 0 0 0 0 0 0 0 1 26 0 1 1 0 7 6 29 0 0 0 11 0 11 10 0 12 13 0 0 0 0 0 52 31 0 11 0 16 32 10 27 17 0 45 8 2 0 0 1 1 0 0 0 0 0 0 0 0 0 0 0 0 0 0 0 0 0 0 0 0 2 0 0 0 0 0 1 0 31 6 2 0 1 75 0 0 3 0 0 0 0 0 1 0 0 0 0 0 0 0 0 0 0 0 0 0 0 0 0 3 0 0 0 0 0 
 0 2 0 3 2 0 0 0 0 0 0 0 2 0 3 0 3 0 0 74 112 102 106 62 210 0 37 25 47 150 74 51 244 265 277 103 356 56 44 281 62 71 0 3 2 0 0 66 0 0 0 0 63 64 0 0 23 0 84 2 0 0 1 0 0 3 2 0 2 0 0 3 2 0 0 0 0 0 0 0 0 0 0 0 0 0 0 0 0 0 0 0 0 0 0 1 0 0 0 0 1 0 9 10 62 18 0 18 0 19 0 26 0 0 16 0 21 9 0 0 41 38 10 9 0 17 13 15 14 42 22 0 43 17 13 0 15 0 20 12 0 0 0 2 2 0 0 0 0 0 0 7 0 2 0 0 1 0 0 0 0 0 0 0 0 0 0 0 0 0 0 0 0 1 0 0 0 0 0 0 6 0 0 5 0 0 1 1 0 7 6 26 0 1 10 12 19 11 2 9 18 13 3 3 63 1 0 15 15 62 2 9 42 43 0 0 13 0 13 20 0 0 0 0 0 0 0 0 0 0 0 0 0 0 0 0 0 0 0 0 0 0 0 0 0 0 0 0 0 1 0 0 0 0 15 2 3 0 73 0 5 0 0 0 0 0 0 66 0 0 51 0 0 0 0 0 0 0 0 3 0 0 1 0 60 0 0 0 0 0 
 3 3 3 77 79 3 3 3 5 5 3 291 3 5 3 3 3 3 6 3 192 278 87 244 49 37 0 183 339 128 33 50 321 76 46 305 176 29 272 118 4 0 0 6 2 0 0 2 0 0 2 0 0 0 0 2 0 0 2 0 0 0 0 4 0 3 2 2 5 0 0 5 3 0 0 0 2 1 0 3 0 0 0 0 26 0 0 0 2 0 0 0 0 0 0 0 0 0 0 0 9 0 0 18 0 0 25 28 4 0 40 0 10 26 7 23 20 25 0 44 0 0 0 0 1 0 0 0 1 0 0 0 5 0 0 0 0 0 0 0 0 0 4 0 0 0 0 0 0 0 0 0 1 0 0 0 6 0 0 0 0 0 0 0 0 8 0 0 0 0 0 0 0 0 8 0 0 0 0 0 13 12 65 0 0 9 0 25 44 40 2 0 8 20 20 1 0 0 25 21 0 0 0 0 0 0 0 0 0 0 0 0 0 0 0 0 0 0 0 0 0 1 0 0 0 0 0 0 0 0 0 0 0 0 0 0 0 0 0 0 0 0 0 0 0 0 2 0 0 0 0 0 0 1 13 2 2 75 0 1 3 23 0 0 0 0 0 0 0 0 0 0 0 0 0 0 0 0 0 0 0 8 0 0 0 0 0 0 0 0 
 3 2 25 37 37 149 2 76 2 83 2 2 3 2 2 3 2 2 2 3 262 60 93 148 132 25 183 0 83 202 51 198 338 72 245 245 114 49 82 53 2 1 0 4 2 0 0 2 0 0 0 0 1 2 0 0 1 0 0 0 0 0 0 0 0 3 0 0 3 0 9 3 5 0 1 0 0 0 0 0 0 0 0 0 7 0 0 0 10 0 0 9 0 0 0 0 0 0 0 0 17 9 16 36 18 9 0 2 8 24 0 6 17 8 25 20 0 0 17 59 0 0 0 0 0 0 0 0 0 0 0 0 8 0 0 0 0 0 22 0 0 0 0 0 0 0 0 0 0 2 0 0 0 0 0 0 0 9 2 10 2 0 0 0 14 22 0 0 0 0 0 0 0 3 0 0 0 0 0 0 26 46 0 19 0 0 12 77 9 0 10 12 12 15 19 12 21 0 1 11 0 0 12 0 0 0 16 0 0 0 0 0 11 0 0 0 0 0 15 9 1 0 0 1 1 0 0 0 0 0 0 0 0 0 0 0 0 0 0 0 0 0 0 0 0 1 0 0 0 0 0 0 0 0 5 2 2 78 76 1 16 13 0 0 0 0 1 0 0 0 0 1 0 0 0 0 0 0 0 0 0 8 0 0 0 0 0 0 0 0 
 0 1 25 3 0 73 0 0 73 0 0 0 0 0 3 0 3 0 0 0 306 146 87 326 95 47 339 83 0 351 134 180 156 179 180 96 467 183 261 66 2 0 0 3 2 0 62 2 0 0 0 0 65 0 0 0 0 3 0 87 0 0 0 0 0 3 0 0 3 51 0 3 27 0 27 0 0 0 0 0 0 0 0 0 0 0 0 0 0 0 0 0 0 0 0 0 0 0 0 31 18 0 16 6 0 7 32 0 26 0 0 0 0 8 0 6 11 25 0 30 8 0 0 0 0 0 29 28 0 0 0 28 31 46 0 0 0 0 9 22 0 0 0 0 0 0 0 0 0 0 0 0 0 0 0 4 0 0 0 0 0 0 0 0 0 0 0 0 0 0 0 0 0 3 0 0 0 0 0 15 0 8 0 20 0 42 0 15 0 11 0 33 13 0 0 0 21 11 0 0 0 0 0 0 0 0 18 12 0 0 0 1 0 1 12 0 8 0 29 23 0 0 0 0 0 0 0 0 0 0 0 12 0 0 0 25 0 0 0 0 0 0 7 0 0 0 0 0 0 0 0 0 0 0 7 0 2 7 111 0 10 2 0 0 0 0 0 0 0 0 0 0 0 0 0 0 0 0 0 0 0 25 0 0 0 7 10 0 0 0 
 0 0 207 1 0 0 16 0 1 1 0 0 3 1 1 0 1 0 0 2 82 48 136 190 260 150 128 202 351 0 173 108 56 347 120 208 152 39 97 200 14 4 0 5 2 0 24 2 0 0 0 0 0 0 2 0 0 0 0 0 0 0 1 0 0 3 0 0 2 0 1 3 4 0 2 0 0 0 0 0 0 0 0 0 0 0 0 0 0 0 0 0 0 0 0 0 0 0 0 0 36 26 14 24 22 21 17 21 1 30 17 18 14 21 54 36 18 16 0 10 16 0 0 0 2 0 15 0 2 0 0 0 10 0 0 0 0 0 8 0 0 0 0 0 0 0 0 5 0 0 0 0 0 0 2 1 0 0 0 0 0 0 0 0 0 0 0 0 0 0 0 10 0 0 0 0 0 0 0 0 0 0 13 28 38 11 0 58 0 25 18 17 27 25 0 10 32 34 0 12 0 0 0 0 0 0 1 0 0 0 1 0 0 0 0 0 20 0 13 11 0 2 0 0 0 0 0 0 0 0 0 0 0 0 0 0 0 0 0 0 0 0 0 0 0 0 0 0 0 0 0 0 0 2 3 1 3 153 12 1 0 3 0 0 0 0 10 0 0 0 0 0 0 0 0 0 0 0 0 0 0 11 0 0 11 0 0 0 0 0 
 0 3 0 2 0 0 0 0 0 0 0 0 2 74 2 1 4 0 0 2 41 185 145 94 214 74 33 51 134 173 0 130 242 441 78 117 192 130 325 64 96 0 2 65 2 0 0 64 0 0 0 62 0 62 0 0 0 0 125 98 0 0 0 51 0 10 0 0 54 0 23 3 3 0 4 0 0 0 0 0 0 0 0 0 0 0 0 0 0 0 0 0 0 0 0 0 0 0 0 0 1 8 16 22 32 9 0 34 6 21 1 20 1 15 7 0 11 5 1 0 1 9 0 0 0 0 6 7 27 0 0 0 21 78 0 5 0 0 11 27 0 0 0 0 0 0 0 8 0 0 0 6 2 0 0 0 0 0 0 0 0 0 0 0 0 0 0 19 0 0 0 0 0 0 0 0 0 0 0 0 2 44 0 3 15 15 13 0 0 0 0 7 2 0 20 0 27 8 0 0 2 12 6 0 0 0 12 17 37 0 22 0 8 0 0 0 2 0 0 19 0 0 0 0 30 0 0 0 0 0 0 0 0 0 0 0 0 0 0 16 0 0 0 0 0 0 0 0 0 0 0 0 1 0 14 8 1 76 0 2 0 0 0 0 0 0 0 0 0 0 0 0 0 0 0 0 0 0 0 3 0 0 0 0 0 0 11 0 0 0 
 0 0 17 1 0 0 0 0 0 0 0 0 1 0 0 0 0 0 2 0 30 33 173 51 93 51 50 198 180 108 130 0 36 103 119 62 94 319 24 90 270 0 0 3 2 0 67 2 0 0 0 0 0 0 0 0 0 4 122 1 0 0 0 0 0 3 0 0 3 0 4 3 3 0 5 0 0 0 0 0 0 0 0 0 0 0 0 0 0 0 0 0 1 0 0 0 0 0 0 0 27 1 0 17 33 53 0 0 9 0 0 16 1 0 24 22 41 15 0 24 36 0 0 0 0 0 8 14 0 0 0 0 8 10 4 0 0 0 12 0 0 0 0 3 0 0 0 4 3 0 0 0 0 0 0 0 0 0 0 0 0 0 0 0 0 0 0 0 0 0 0 0 0 3 0 0 0 0 0 0 0 12 9 30 6 4 10 15 1 0 21 0 0 0 0 0 22 2 0 1 0 18 0 1 0 0 26 10 11 0 0 0 1 11 24 0 1 0 27 22 0 0 0 0 0 0 0 0 0 0 0 0 0 0 0 0 0 0 0 0 0 0 0 0 0 0 0 0 0 0 0 0 0 0 5 2 1 49 81 2 7 0 0 0 0 0 9 0 0 0 0 0 0 0 0 0 0 0 0 0 0 0 0 0 12 0 10 0 0 0 
 0 88 0 4 0 75 0 0 38 13 77 107 1 0 0 290 78 151 17 0 133 49 97 88 330 244 321 338 156 56 242 36 0 131 238 115 261 36 595 212 2 0 0 1 2 0 0 2 12 0 1 0 0 0 0 0 0 0 0 0 0 5 1 0 0 3 0 0 3 0 0 3 3 0 0 0 0 0 0 10 0 0 0 13 7 24 0 1 2 0 21 31 0 0 0 0 0 0 0 0 0 34 10 0 0 0 10 12 0 12 9 1 14 0 0 13 0 10 12 13 0 0 0 0 0 0 0 0 0 0 14 0 0 0 12 0 0 0 0 0 12 0 0 0 11 0 8 0 0 0 0 0 1 0 7 0 0 0 0 2 0 23 0 38 6 10 0 0 11 0 17 10 0 0 15 0 28 20 0 0 36 1 12 0 0 0 20 15 17 0 0 9 9 7 15 7 0 12 14 19 0 0 0 0 0 0 0 0 0 0 0 0 0 0 0 0 0 0 0 0 12 0 0 0 0 0 0 0 0 0 0 0 21 0 0 0 0 0 0 0 0 11 0 0 0 2 24 0 0 0 0 0 0 0 11 2 0 75 0 0 1 0 0 0 0 0 0 0 0 0 0 0 0 0 0 0 0 14 0 0 0 1 0 1 0 0 0 0 0 0 
 0 1 0 0 0 0 0 2 0 35 76 0 2 0 1 74 0 74 3 0 273 196 161 92 296 265 76 72 179 347 441 103 131 0 265 141 86 52 403 339 2 0 0 3 2 0 0 2 0 0 0 0 0 0 0 0 0 0 0 0 0 0 0 0 0 3 0 0 3 0 6 3 38 1 5 5 38 0 0 0 0 0 0 0 0 4 0 0 0 0 0 24 0 0 0 0 0 0 0 0 0 38 20 30 53 83 19 22 20 44 2 65 0 22 10 13 25 0 13 0 1 0 0 0 0 0 0 0 0 0 0 0 24 1 9 0 0 0 0 2 0 0 0 0 0 0 0 0 0 0 2 6 0 0 0 0 0 0 0 0 0 0 0 0 2 0 0 0 0 0 0 0 0 0 0 0 0 0 0 0 18 26 0 1 0 9 17 10 0 34 0 0 10 8 3 0 100 13 0 0 0 0 0 0 0 0 28 0 0 0 0 0 8 0 0 0 1 0 0 16 0 0 0 0 0 0 0 0 0 0 0 0 0 0 0 0 0 0 0 0 0 0 11 0 0 0 0 0 0 0 0 0 0 0 22 0 0 76 0 2 4 2 0 0 0 0 2 0 0 0 0 0 0 0 0 0 0 0 0 0 0 0 0 0 0 3 0 0 0 0 
 0 0 0 0 1 31 0 0 0 92 0 2 5 0 0 6 0 0 1 6 254 47 553 241 325 277 46 245 180 120 78 119 238 265 0 502 33 23 391 193 2 0 0 2 2 0 0 2 0 0 0 0 0 1 2 0 0 7 0 0 0 0 0 0 0 3 0 0 3 0 0 3 5 0 0 0 0 0 0 0 0 0 0 0 0 17 0 0 0 0 0 8 0 0 0 0 0 0 0 0 0 11 21 23 28 19 20 1 0 59 25 7 19 7 25 25 0 15 28 0 0 0 0 0 0 0 0 0 0 0 0 0 0 0 3 0 0 0 14 0 0 0 0 0 0 0 0 0 0 0 0 4 0 0 0 0 1 0 0 0 1 0 0 0 0 30 0 2 0 0 0 0 0 2 0 0 0 0 0 1 13 12 5 49 0 19 22 37 4 27 26 4 28 14 28 31 21 23 36 0 0 0 0 0 0 0 20 0 0 0 0 0 0 1 0 0 0 0 1 19 0 0 0 2 0 0 0 0 0 0 0 0 0 0 0 0 0 0 0 0 0 0 0 0 0 0 0 0 0 0 0 0 0 0 8 6 2 4 8 4 3 21 0 0 0 0 10 0 0 0 0 1 0 0 0 0 0 0 0 0 0 0 0 0 0 0 0 0 0 0 
 0 0 0 74 1 0 0 2 0 3 0 2 0 0 0 1 0 0 3 2 100 488 545 123 169 103 305 245 96 208 117 62 115 141 502 0 367 171 240 170 2 0 0 2 2 0 0 2 0 0 0 0 0 1 0 0 0 1 62 0 0 0 0 0 2 3 0 0 3 0 0 4 7 0 4 0 0 6 0 0 0 0 0 0 7 0 0 0 0 0 0 0 0 0 0 2 0 0 0 0 0 23 12 26 15 34 10 36 8 54 17 12 19 35 12 11 14 0 7 13 0 2 0 0 0 0 0 0 0 0 0 0 0 1 0 0 0 0 13 0 0 0 0 1 1 0 0 0 0 0 0 5 11 1 0 0 2 0 0 0 0 0 0 0 0 0 0 0 0 0 0 0 0 0 0 0 0 0 0 0 13 46 13 16 0 0 8 61 22 11 23 0 10 0 19 8 14 11 12 11 0 19 0 2 0 2 0 0 0 1 0 0 0 0 0 0 0 0 0 30 0 0 0 0 0 0 0 0 3 0 0 0 0 0 0 0 0 0 0 0 0 0 0 0 0 0 0 0 0 0 0 0 0 0 14 0 0 0 0 3 2 0 0 0 0 0 0 0 0 0 0 0 0 0 0 0 0 0 0 0 0 8 0 0 0 0 0 0 0 0 
 0 0 77 2 0 0 0 0 0 0 0 2 0 0 3 0 2 0 1 0 25 319 128 120 145 356 176 114 467 152 192 94 261 86 33 367 0 67 62 118 5 0 0 3 2 0 0 2 0 0 0 0 0 0 0 0 0 0 0 0 0 0 0 0 0 3 0 0 3 0 0 3 35 0 0 0 42 0 0 0 0 0 0 1 13 0 0 0 0 0 1 0 0 0 0 0 0 0 7 0 40 14 7 39 12 0 22 24 0 0 30 15 63 43 13 35 34 29 29 0 10 0 0 0 0 0 0 0 0 0 0 0 10 0 0 0 0 0 10 0 0 0 0 0 0 0 0 0 0 0 0 0 0 0 0 0 3 0 0 0 0 1 0 0 0 0 0 0 0 0 1 0 0 1 0 0 0 0 0 0 0 1 37 38 14 19 1 21 26 38 20 3 37 29 10 11 13 23 0 26 0 0 0 0 0 0 1 0 0 0 0 0 0 0 0 0 0 0 11 0 0 0 0 0 0 0 0 0 0 0 0 0 1 0 0 0 0 0 0 0 0 0 0 0 0 0 0 0 0 0 0 0 0 0 7 0 0 76 39 1 3 12 0 0 0 0 1 0 0 0 0 0 0 0 0 0 0 0 0 0 0 0 0 0 0 0 0 0 0 0 
 65 33 239 0 0 0 0 3 0 0 1 0 0 0 0 0 0 0 3 2 28 131 112 49 380 56 29 49 183 39 130 319 36 52 23 171 67 0 45 65 2 0 0 3 2 0 24 2 0 0 0 0 0 0 0 0 0 2 64 29 0 0 1 0 0 3 0 0 2 0 0 3 5 0 3 0 0 0 0 0 0 0 0 0 0 0 0 0 0 0 0 0 0 0 0 0 0 0 0 0 0 1 0 20 17 18 0 0 5 1 0 16 1 12 0 7 17 17 0 11 9 0 0 0 0 0 26 0 0 0 0 0 24 10 0 0 0 0 2 10 0 0 0 0 0 0 0 4 0 0 0 0 0 0 0 1 0 0 0 0 0 0 1 0 0 0 2 0 0 0 0 0 0 6 0 0 0 0 0 0 0 18 12 10 28 20 14 1 4 0 8 8 0 0 0 0 0 10 0 4 0 6 0 0 0 0 19 12 0 0 0 1 0 0 12 0 26 0 4 37 0 0 0 0 0 0 0 0 0 0 0 0 0 0 0 0 0 0 0 0 0 0 7 0 0 0 0 0 0 0 0 0 0 0 17 0 0 82 2 2 13 3 0 0 0 0 0 0 0 0 11 0 0 0 0 0 0 0 0 2 0 21 0 0 10 0 9 0 0 0 
 75 0 0 73 74 78 0 2 2 115 281 1 0 0 0 4 19 66 0 2 316 57 43 83 70 44 272 82 261 97 325 24 595 403 391 240 62 45 0 107 2 7 0 3 2 0 0 2 0 0 0 0 0 0 0 0 0 0 0 0 0 0 0 0 0 3 0 0 3 0 0 3 3 0 100 0 0 0 0 2 0 0 0 0 16 46 0 45 11 0 0 31 0 0 0 0 0 0 0 0 0 15 32 17 0 0 26 0 0 6 29 0 8 0 1 11 0 0 6 24 0 0 0 0 0 0 0 0 0 0 0 0 2 0 1 0 0 0 0 0 0 0 0 0 0 0 0 0 0 0 0 0 0 0 0 0 6 0 0 0 0 0 31 19 0 13 0 0 0 0 14 9 0 0 1 19 20 19 2 0 29 1 11 0 0 0 0 27 17 6 1 14 13 46 25 9 0 10 27 11 0 0 0 0 0 0 0 0 0 0 0 0 2 0 0 0 0 0 0 0 0 0 0 0 0 0 0 0 0 0 0 0 0 17 0 2 0 0 0 0 0 24 0 0 0 1 0 0 0 0 0 0 0 0 7 0 2 2 0 0 4 21 26 0 0 0 0 0 0 0 0 0 0 0 0 0 0 0 0 0 0 0 0 2 0 0 0 0 0 0 
 0 0 26 75 2 97 0 6 22 0 60 74 0 0 0 102 0 0 2 0 111 121 251 145 89 281 118 53 66 200 64 90 212 339 193 170 118 65 107 0 5 63 0 6 2 0 0 2 0 0 3 0 0 0 2 62 0 3 0 0 0 0 6 0 0 3 0 0 3 0 2 3 5 0 4 31 0 0 0 0 0 0 0 0 2 13 0 2 7 0 16 0 0 0 0 0 0 0 0 0 0 15 0 43 0 0 21 22 0 1 13 1 11 22 2 17 0 22 34 39 0 0 0 9 0 0 0 0 0 0 0 0 0 0 0 0 0 0 13 0 1 0 0 0 0 0 0 0 0 0 0 0 0 0 0 0 1 0 0 0 0 0 0 21 31 1 0 0 0 0 0 6 1 16 0 0 2 16 0 0 6 10 36 5 1 0 26 8 16 1 47 8 57 7 12 57 9 7 1 26 0 0 0 0 0 0 0 0 0 0 2 1 0 0 0 0 0 0 0 0 0 0 0 0 0 0 0 0 0 0 7 0 0 0 0 0 0 0 0 0 0 11 0 0 0 0 60 0 0 0 0 0 0 0 8 0 3 12 1 0 11 21 0 0 0 0 0 0 0 0 0 0 0 0 0 0 0 0 0 0 0 0 0 0 0 0 0 0 0 0 
 0 5 0 3 0 0 0 3 0 0 2 0 2 0 3 0 3 0 0 0 2 206 2 60 64 62 4 2 2 14 96 270 2 2 2 2 5 2 2 5 0 120 91 85 251 274 151 132 31 41 118 246 75 193 84 131 27 44 403 56 0 3 0 1 0 0 0 0 6 22 0 0 0 0 0 0 0 0 0 0 0 18 0 0 0 0 0 0 0 0 0 0 0 0 0 0 0 0 1 0 0 0 0 10 10 1 0 0 0 0 0 0 0 0 0 0 0 0 0 0 0 16 90 0 20 0 21 19 31 0 0 14 0 11 11 23 10 21 6 0 2 0 0 0 0 0 0 3 15 0 0 0 8 10 0 0 0 0 0 7 0 0 0 0 0 0 0 0 0 0 0 0 0 0 0 0 0 0 0 0 0 0 0 0 19 15 0 0 0 1 0 0 0 0 0 0 0 0 0 0 6 45 9 9 11 0 9 49 79 10 24 0 16 9 0 0 17 5 0 18 0 0 0 0 0 0 0 0 1 0 0 0 0 0 0 0 0 0 0 0 0 0 0 0 0 0 0 0 0 0 0 2 0 0 0 0 0 0 0 0 0 0 1 0 0 2 0 70 2 0 0 0 0 0 0 0 0 0 0 11 0 0 0 0 9 0 0 0 0 0 
 5 0 0 0 2 0 0 1 0 3 7 6 0 0 1 0 0 0 0 3 0 0 0 0 24 71 0 1 0 4 0 0 0 0 0 0 0 0 7 63 120 0 156 311 36 104 166 159 93 68 46 96 82 54 45 91 21 57 92 104 0 0 0 0 0 0 0 0 52 0 2 6 6 0 4 53 0 0 0 0 0 0 0 0 0 6 0 2 44 0 0 3 0 0 0 0 0 0 0 0 0 0 0 0 0 0 0 0 0 0 0 6 0 0 0 0 0 0 0 0 0 19 38 14 24 0 0 0 3 31 13 0 0 9 0 14 11 41 0 0 0 21 0 0 0 0 0 0 0 0 0 0 1 0 13 0 0 0 15 6 0 0 0 1 0 0 0 3 1 0 9 11 0 0 0 9 36 1 0 0 0 0 0 0 5 0 0 0 0 0 0 0 0 0 0 0 0 0 0 1 25 0 9 1 39 0 14 29 0 0 29 32 8 21 12 27 21 17 0 0 0 0 0 0 0 0 0 0 0 0 0 0 0 0 0 0 0 0 8 20 0 3 0 0 0 0 0 0 0 26 0 4 0 1 0 0 0 0 0 0 113 0 2 0 6 1 0 1 0 0 0 0 0 0 0 0 0 0 0 0 0 0 0 0 5 0 0 7 2 0 
 2 2 2 2 2 2 2 2 2 2 2 2 4 2 2 2 2 2 2 2 0 2 0 0 0 0 0 0 0 0 2 0 0 0 0 0 0 0 0 0 91 156 0 105 47 234 296 188 209 114 155 35 93 79 236 129 123 91 142 180 1 25 0 0 0 0 0 5 52 0 0 0 2 0 0 0 0 0 4 8 0 0 0 0 0 0 0 0 0 2 0 0 0 0 0 0 0 0 0 0 0 0 0 0 0 0 0 0 0 0 0 0 0 0 0 0 0 0 0 0 0 16 43 33 28 9 1 0 29 0 9 13 0 0 32 18 44 0 4 0 0 10 0 0 0 0 6 1 4 0 0 0 6 1 0 5 6 0 6 18 0 0 0 0 0 0 0 5 0 0 0 0 0 0 0 0 0 0 0 1 0 0 10 0 14 29 0 0 0 0 0 0 0 0 0 0 0 0 0 0 26 19 1 0 18 56 25 19 30 36 18 2 9 0 47 4 49 23 0 0 0 0 6 5 0 0 0 0 0 0 9 0 0 4 0 6 0 0 11 28 0 0 2 0 0 0 0 0 0 0 0 2 0 0 0 0 0 0 0 1 0 0 2 0 0 2 2 0 2 0 0 0 0 0 0 0 0 0 0 0 0 0 0 0 0 28 0 1 0 0 
 0 3 0 0 0 0 0 2 0 0 0 0 1 0 0 0 0 0 0 0 3 6 3 3 1 3 6 4 3 5 65 3 1 3 2 2 3 3 3 6 85 311 105 0 747 105 108 323 139 231 280 205 153 195 194 94 80 97 95 270 0 0 0 0 0 0 0 0 0 6 0 5 0 0 0 10 2 0 26 62 0 0 0 0 0 0 0 0 0 0 0 0 0 0 0 0 0 0 0 0 0 0 0 0 0 0 0 0 0 0 0 0 0 0 0 0 0 0 0 0 0 19 1 13 16 15 26 9 11 0 18 11 0 19 16 7 7 15 1 8 3 9 0 0 0 0 0 10 0 0 0 0 20 4 0 0 0 0 23 35 0 0 0 0 0 0 0 0 0 0 0 0 1 0 0 0 0 6 5 30 0 0 0 0 0 11 0 0 0 0 0 0 0 0 8 0 0 0 0 0 8 0 36 61 0 0 9 0 13 27 18 22 0 0 8 1 0 42 0 0 9 45 0 0 0 0 14 16 0 0 11 0 23 0 0 0 0 0 6 17 0 0 0 0 0 0 0 0 0 0 0 2 0 0 0 0 0 1 0 9 0 5 2 0 4 3 1 0 0 0 0 0 0 0 0 0 0 0 0 0 0 0 1 0 3 0 0 0 0 0 
 0 0 64 2 0 0 0 0 0 0 0 0 2 0 2 0 2 0 0 3 2 2 2 2 2 2 2 2 2 2 2 2 2 2 2 2 2 2 2 2 251 36 47 747 0 356 60 291 52 77 342 104 66 52 60 99 49 182 55 76 18 17 0 3 12 3 0 0 0 0 6 3 2 110 51 0 0 5 45 64 0 0 0 0 0 0 0 0 0 0 0 0 0 0 0 0 0 0 0 0 0 0 0 0 0 0 0 0 0 0 0 0 0 0 0 0 0 0 0 0 0 0 0 0 42 17 0 0 0 0 11 1 0 0 0 0 0 26 0 0 13 11 3 0 0 0 22 7 13 0 0 3 7 15 5 13 0 0 23 9 0 0 0 5 0 0 0 0 0 6 0 0 0 0 0 0 0 2 3 0 0 0 16 0 0 0 0 0 0 0 0 0 0 0 0 0 0 0 0 0 0 0 3 21 0 24 0 0 0 0 0 8 0 0 0 0 0 0 0 0 18 22 15 11 0 0 60 44 3 11 19 9 24 11 6 0 1 17 0 35 0 0 0 0 0 0 0 0 0 0 0 0 0 0 0 0 20 0 0 36 0 0 39 1 0 17 10 0 0 0 0 0 11 0 0 0 0 0 0 0 0 0 2 0 1 0 0 0 0 0 
 0 0 0 2 0 0 17 2 0 0 0 0 0 0 3 0 2 0 1 0 0 2 0 0 0 0 0 0 0 0 0 0 0 0 0 0 0 0 0 0 274 104 234 105 356 0 51 34 254 109 132 258 34 33 250 198 58 47 68 52 0 13 0 2 10 0 53 24 0 54 7 0 0 8 8 0 67 38 102 50 0 0 0 0 0 0 0 0 0 0 0 0 0 0 0 0 0 0 0 0 0 0 0 0 0 0 0 0 0 0 0 0 0 0 0 0 0 0 0 0 0 0 0 0 10 0 0 0 0 0 41 0 0 0 0 0 0 10 0 0 2 12 14 2 20 0 16 0 13 0 12 26 0 10 27 0 0 10 6 13 0 0 0 0 0 0 0 0 15 0 0 41 5 0 0 0 0 0 0 0 0 0 0 14 0 0 0 13 0 0 0 0 0 0 0 0 0 0 2 0 0 0 0 7 0 6 9 0 0 0 10 6 0 0 8 0 0 6 0 0 0 1 0 1 16 0 20 0 54 9 35 40 11 12 9 28 29 1 0 0 0 0 0 0 0 0 0 0 0 0 0 2 0 0 0 0 0 2 0 0 0 0 1 0 68 2 0 0 0 0 14 0 0 11 0 1 0 0 0 0 0 0 0 0 9 0 0 6 0 0 
 0 0 0 0 0 0 0 0 0 0 0 0 0 0 0 0 0 0 0 0 0 0 0 69 132 0 0 0 62 24 0 67 0 0 0 0 0 24 0 0 151 166 296 108 60 51 0 473 114 54 222 32 117 83 91 35 229 39 173 273 0 0 0 0 0 0 0 0 47 0 0 0 0 0 0 0 0 0 0 0 0 0 0 0 0 0 0 0 0 0 0 0 0 0 0 0 0 0 0 0 2 0 0 0 0 0 0 5 0 3 0 1 0 0 0 0 13 0 0 2 45 0 21 28 0 13 35 16 8 0 0 19 5 0 21 0 0 0 0 36 0 0 0 0 0 0 0 6 0 0 0 0 0 0 0 1 0 0 0 0 0 0 0 0 0 0 0 7 0 0 0 0 0 0 0 0 0 0 0 1 0 0 0 0 49 61 0 0 0 0 0 0 0 0 0 0 0 10 0 0 41 19 0 0 1 0 14 39 45 24 36 0 8 16 20 12 52 0 25 0 0 0 0 0 0 0 0 0 0 0 0 0 0 0 0 0 0 0 0 0 0 0 0 0 0 0 0 0 0 0 0 3 0 1 0 0 0 63 0 0 0 0 0 0 2 2 3 0 0 0 0 0 2 0 0 0 0 0 0 0 0 8 0 0 11 0 0 0 2 0 
 0 0 0 0 0 0 0 2 0 0 0 2 2 0 5 0 0 0 0 64 7 4 2 2 124 66 2 2 2 2 64 2 2 2 2 2 2 2 2 2 132 159 188 323 291 34 473 0 297 36 36 45 147 402 35 50 234 27 109 340 0 0 0 0 0 0 0 0 50 3 0 0 0 0 0 0 1 0 0 0 0 0 0 0 0 0 0 0 0 0 0 0 0 0 0 0 0 0 0 0 0 0 0 0 0 0 0 0 13 0 0 0 0 0 0 0 0 0 0 0 14 10 34 11 13 7 9 14 23 19 12 10 15 0 11 0 39 0 0 50 0 0 0 0 0 8 0 5 5 0 0 0 0 4 0 0 0 0 0 0 0 0 0 0 0 0 0 6 0 0 0 0 0 0 0 1 0 0 0 0 0 0 0 0 0 1 0 0 0 0 0 7 0 0 4 0 0 0 0 0 35 15 0 16 33 0 23 50 26 13 27 3 15 81 35 14 33 0 7 8 0 0 0 0 0 0 0 0 0 0 0 0 0 0 0 0 0 0 0 19 0 0 0 0 0 0 0 0 0 27 0 0 0 1 0 0 0 0 0 0 0 0 0 0 0 4 4 64 0 0 0 0 0 0 0 0 0 0 0 0 0 0 0 0 7 0 0 0 2 0 
 0 0 0 0 0 0 0 3 63 0 0 0 2 0 62 0 0 0 0 0 0 3 0 0 63 0 0 0 0 0 0 0 12 0 0 0 0 0 0 0 31 93 209 139 52 254 114 297 0 116 27 153 130 168 397 57 32 53 225 251 1 6 11 5 3 0 3 0 63 3 2 0 0 0 0 3 3 0 1 4 0 0 0 0 0 0 0 0 0 0 0 0 0 0 0 0 0 0 0 0 0 0 0 0 0 0 0 0 0 0 0 0 0 0 0 0 0 0 0 0 4 14 23 30 42 11 7 11 70 0 0 15 12 0 24 1 11 0 8 12 0 0 4 1 0 0 5 0 21 0 0 0 7 4 0 33 5 0 0 18 0 0 0 0 0 0 0 7 0 0 0 0 0 0 0 0 0 0 0 1 0 0 0 0 8 25 0 0 0 6 0 0 0 0 0 0 0 0 0 0 107 20 10 10 0 1 25 25 27 13 30 9 8 10 55 12 46 8 12 0 0 0 2 36 0 0 1 1 0 0 18 0 6 2 1 2 0 0 25 18 0 0 7 0 0 0 0 0 0 0 0 8 0 0 0 0 0 0 2 0 0 0 0 0 0 2 0 0 0 0 5 0 0 0 0 2 0 0 0 0 0 0 0 0 0 28 0 0 0 0 
 5 3 2 2 3 2 2 2 4 2 2 3 3 2 2 2 3 2 3 3 0 2 0 0 0 0 0 0 0 0 0 0 0 0 0 0 0 0 0 0 41 68 114 231 77 109 54 36 116 0 56 133 50 153 179 135 92 163 145 118 51 0 0 0 0 0 0 0 0 0 0 6 23 0 0 14 4 0 0 52 0 19 0 0 0 0 0 0 0 0 0 0 0 0 0 0 0 0 3 0 0 0 0 0 0 0 0 0 0 0 0 0 0 0 0 0 0 0 0 0 1 27 0 31 13 0 12 0 0 12 24 16 0 10 16 10 12 31 0 0 0 0 0 0 0 0 11 7 6 0 0 0 19 0 10 0 0 3 17 21 0 0 0 1 0 0 0 0 0 0 0 0 0 0 0 0 0 4 0 0 0 0 0 0 0 9 0 0 0 0 0 0 0 0 0 0 0 0 0 0 0 0 20 2 11 0 0 0 12 7 1 38 0 0 26 0 0 39 0 0 17 11 12 0 0 0 10 31 0 0 0 0 0 0 0 0 0 10 13 10 0 0 0 0 0 0 0 0 0 0 0 3 0 1 0 0 0 0 0 6 0 0 2 64 42 0 0 0 2 0 0 0 0 0 0 0 0 0 0 0 0 0 0 0 14 14 0 8 1 0 
 3 3 3 3 3 3 3 3 3 3 3 9 5 3 3 3 3 3 3 3 3 0 0 0 0 0 2 0 0 0 0 0 1 0 0 0 0 0 0 3 118 46 155 280 342 132 222 36 27 56 0 103 56 92 121 411 217 170 42 129 0 10 0 4 13 0 0 0 0 0 3 0 0 9 30 4 0 7 0 0 0 0 0 0 0 0 0 0 0 0 0 0 0 0 0 0 0 0 0 0 0 0 0 0 0 0 0 0 0 0 0 0 0 0 0 0 0 0 0 0 0 0 18 13 33 20 0 11 10 22 0 17 1 1 15 4 10 23 7 0 0 0 0 0 8 0 10 16 2 0 0 0 8 0 17 7 0 0 8 1 0 0 0 2 0 0 0 0 0 3 0 0 0 0 0 0 0 6 0 0 0 0 0 0 0 5 0 18 0 0 0 0 0 0 0 0 0 0 0 0 27 11 1 0 16 12 0 0 0 19 0 8 33 0 1 0 4 1 0 0 12 6 0 0 0 0 0 12 6 5 0 0 1 0 0 0 9 0 29 77 0 0 8 0 0 0 0 0 0 0 0 1 0 0 6 0 0 0 0 21 0 0 0 0 0 21 0 1 2 2 9 0 0 0 0 0 0 0 0 0 0 0 0 0 0 1 0 0 0 0 
 0 3 0 1 0 0 0 0 0 0 0 0 1 34 76 0 1 0 0 1 0 0 0 63 0 0 0 0 0 0 62 0 0 0 0 0 0 0 0 0 246 96 35 205 104 258 32 45 153 133 103 0 46 59 155 98 123 162 22 43 0 0 0 0 3 9 0 0 46 0 0 11 0 50 99 5 22 0 0 53 0 0 0 0 0 0 0 0 0 0 0 0 0 8 0 0 0 0 0 0 0 0 0 0 0 0 0 0 0 0 0 0 0 0 0 0 0 0 0 0 0 0 0 8 0 17 13 6 0 0 23 13 0 2 0 14 0 20 0 0 0 0 0 0 0 0 2 8 0 0 0 0 51 14 0 0 0 0 60 24 0 0 0 0 0 0 0 0 0 6 0 0 0 0 0 0 0 8 0 0 0 0 0 0 0 0 0 0 0 0 0 0 0 0 0 0 0 0 1 0 10 0 28 1 0 0 0 0 7 23 0 58 0 0 10 10 0 28 0 0 21 24 0 0 7 0 21 18 0 0 58 0 30 0 6 0 1 0 28 0 0 0 0 0 0 0 0 0 0 0 0 2 0 0 0 0 0 0 0 13 0 0 1 0 0 4 2 0 0 0 0 0 0 0 0 0 0 0 0 0 0 0 0 0 0 10 0 0 0 0 
 0 0 0 0 0 0 0 0 0 0 61 0 2 0 2 0 8 0 0 63 0 0 18 23 21 63 0 1 65 0 0 0 0 0 0 0 0 0 0 0 75 82 93 153 66 34 117 147 130 50 56 46 0 88 179 26 307 100 66 139 0 0 0 0 1 0 0 0 0 0 0 2 0 0 0 0 0 7 57 0 0 0 0 0 0 0 0 0 0 0 0 0 0 0 0 0 0 0 0 0 0 0 7 1 4 6 0 0 25 11 0 13 0 0 1 13 13 21 0 0 11 19 38 8 0 8 2 6 0 5 0 0 21 0 18 0 20 0 1 22 0 0 0 0 0 0 0 0 0 0 0 0 0 0 0 12 0 0 0 0 0 0 0 0 0 0 0 0 0 0 0 0 0 0 0 0 0 0 0 25 0 0 0 0 0 1 0 0 0 7 1 15 0 0 0 1 1 20 0 0 13 0 0 0 0 19 0 10 0 19 6 1 34 4 0 10 30 1 0 11 0 0 0 0 0 0 0 0 0 0 0 0 0 0 0 0 0 0 9 0 0 0 0 0 0 0 0 0 0 0 0 3 0 0 0 0 1 67 0 0 0 0 0 0 0 0 3 1 0 0 0 0 0 0 0 0 0 0 0 0 0 15 0 0 0 0 0 1 0 0 
 0 0 0 0 0 0 0 0 0 0 0 0 1 0 0 0 0 0 0 0 6 0 1 63 61 64 0 2 0 0 62 0 0 0 1 1 0 0 0 0 193 54 79 195 52 33 83 402 168 153 92 59 88 0 192 176 242 39 83 275 0 0 0 0 0 0 0 0 0 6 0 73 3 0 0 0 0 0 0 0 0 0 0 0 0 0 0 0 0 0 0 0 0 0 0 0 0 0 0 0 0 0 0 1 0 0 0 0 0 0 0 0 0 0 0 0 1 0 0 0 0 3 12 0 48 25 31 39 23 0 7 25 0 18 14 29 27 22 13 3 6 0 0 0 0 0 0 12 0 0 0 0 18 8 0 19 0 0 9 12 0 0 0 0 0 0 0 0 2 5 0 5 0 0 0 0 0 10 0 0 0 0 0 0 0 2 0 0 0 0 0 0 0 0 0 0 0 0 0 0 8 21 23 0 41 2 7 13 20 58 0 16 0 14 6 0 24 22 28 0 0 0 0 0 0 0 2 0 0 0 0 0 21 0 2 0 0 0 0 2 0 0 0 0 0 0 0 0 0 0 0 0 0 0 0 0 0 1 0 1 0 0 0 0 1 0 0 67 0 0 0 0 0 0 1 0 0 0 0 7 0 0 0 0 0 0 0 0 0 0 
 0 2 0 0 0 0 0 5 0 0 0 0 2 0 0 0 0 0 0 54 0 3 0 0 0 0 0 0 0 2 0 0 0 0 2 0 0 0 0 2 84 45 236 194 60 250 91 35 397 179 121 155 179 192 0 181 32 34 137 97 0 0 0 0 0 0 0 2 0 0 205 4 0 0 0 3 5 0 0 0 0 0 0 0 0 0 0 0 0 0 0 0 0 0 0 0 0 0 0 0 0 0 0 0 0 0 0 0 0 0 0 0 0 0 0 0 0 0 0 9 19 9 26 45 0 3 16 0 8 9 9 39 8 30 28 19 37 9 8 22 0 0 0 0 0 0 0 0 0 0 4 5 3 0 0 0 0 0 0 20 0 0 0 0 0 0 0 1 0 0 0 0 0 0 0 0 0 3 0 5 0 0 0 0 0 9 0 0 0 0 0 0 0 0 0 0 0 0 0 0 9 0 35 3 19 0 0 0 5 27 0 28 2 13 34 25 33 14 0 0 2 0 0 0 4 0 0 0 0 0 0 0 15 0 0 0 0 0 9 22 0 0 15 0 0 0 0 0 0 0 0 0 0 0 0 0 1 0 0 0 0 0 2 0 0 4 4 0 0 0 0 0 0 0 0 3 0 0 0 0 0 0 0 0 0 13 0 0 0 0 
 0 2 0 1 3 1 0 1 3 1 0 2 4 1 1 1 2 1 3 2 0 3 0 0 0 0 2 0 0 0 0 0 0 0 0 0 0 0 0 62 131 91 129 94 99 198 35 50 57 135 411 98 26 176 181 0 352 108 38 295 2 0 3 9 0 0 7 0 5 0 0 0 3 1 0 0 0 0 3 6 0 0 0 0 0 0 0 0 0 0 0 0 0 0 0 0 0 0 0 0 0 3 0 0 0 0 0 0 0 0 0 0 0 0 0 0 0 0 0 0 0 11 2 2 23 48 7 31 10 42 6 11 0 11 1 28 2 40 35 13 0 0 3 0 0 0 14 0 5 0 0 0 0 0 7 6 18 0 49 1 10 0 0 1 0 2 0 7 0 0 0 0 0 0 0 0 0 5 0 2 0 6 0 0 0 0 0 0 0 0 0 0 0 0 0 0 0 0 0 0 0 18 9 11 28 1 0 0 0 11 1 9 0 3 1 0 22 17 0 0 16 0 12 8 0 0 0 1 0 0 8 0 32 3 1 27 0 0 17 30 0 0 7 0 0 0 0 0 0 0 0 3 0 1 0 0 0 0 0 1 0 0 1 0 46 0 5 1 2 0 7 0 0 0 0 0 0 0 0 0 0 0 0 0 34 1 0 8 2 0 
 1 0 0 1 0 0 0 0 0 0 0 0 2 0 0 0 0 0 0 68 0 2 0 0 0 23 0 1 0 0 0 0 0 0 0 0 0 0 0 0 27 21 123 80 49 58 229 234 32 92 217 123 307 242 32 352 0 158 22 45 0 0 0 0 0 0 0 2 2 0 3 8 1 0 2 7 5 3 1 0 0 0 0 0 0 0 0 9 0 0 0 0 0 0 0 0 0 0 0 0 0 0 0 0 0 0 0 0 0 0 0 0 0 0 0 9 0 0 0 0 0 36 44 18 9 1 0 0 0 57 14 1 0 0 0 0 27 21 0 0 5 23 0 0 0 0 21 8 1 0 0 0 15 0 0 16 0 0 64 1 0 0 0 5 0 0 0 0 0 7 0 0 0 0 0 0 0 2 0 0 0 0 0 0 0 0 0 0 0 0 0 0 0 0 0 0 0 0 0 6 9 0 8 10 24 23 0 0 0 0 0 32 0 0 0 0 0 0 0 0 14 4 0 0 0 0 3 45 0 0 0 0 1 0 3 0 0 0 29 29 0 0 0 0 0 0 0 0 0 0 0 67 0 0 0 0 0 0 0 6 0 0 2 0 4 9 1 0 0 0 10 0 0 0 0 0 0 0 0 0 0 0 0 0 0 7 0 0 0 0 
 2 0 0 0 0 0 0 0 0 0 0 0 2 0 2 0 0 0 0 0 0 2 2 0 0 0 0 0 3 0 0 4 0 0 7 1 0 2 0 3 44 57 91 97 182 47 39 27 53 163 170 162 100 39 34 108 158 0 34 33 108 0 3 0 0 0 0 0 0 0 0 16 58 0 0 7 16 0 51 0 0 0 0 0 0 0 0 4 0 0 4 0 0 0 0 0 0 0 0 0 0 0 0 0 7 6 0 0 0 2 0 0 0 0 0 3 0 8 0 0 1 22 19 18 17 15 0 1 0 37 21 23 17 0 0 0 30 29 24 0 38 19 0 0 0 0 19 12 21 0 0 13 13 0 0 14 0 0 12 0 0 0 0 3 0 0 0 0 0 4 0 0 0 0 0 0 0 0 0 0 1 0 10 0 0 4 0 0 0 21 10 0 0 0 10 0 0 0 0 0 9 0 8 11 15 20 15 0 0 2 0 31 0 0 4 0 0 1 20 21 33 19 0 12 0 0 16 39 0 0 0 0 22 22 0 0 0 0 19 25 0 0 0 0 0 0 0 0 0 0 0 1 0 1 0 0 0 0 3 26 0 0 62 0 0 15 0 0 0 0 10 0 0 0 0 0 0 0 0 0 0 0 0 0 0 0 0 0 0 0 
 0 0 0 0 0 0 0 0 0 0 0 0 1 0 0 0 0 0 0 0 0 0 63 62 2 84 2 0 0 0 125 122 0 0 0 62 0 64 0 0 403 92 142 95 55 68 173 109 225 145 42 22 66 83 137 38 22 34 0 98 0 0 0 0 0 0 0 0 58 0 0 0 0 0 0 0 0 0 0 0 0 0 0 0 0 0 0 0 0 0 0 0 0 0 0 0 0 0 0 0 0 0 0 13 20 10 0 0 0 1 0 21 0 0 0 1 6 0 0 0 14 6 21 0 39 1 31 9 14 0 6 15 0 10 3 10 12 0 10 11 0 0 0 0 0 39 0 1 1 0 0 0 7 3 0 0 0 0 0 0 0 0 0 0 0 0 0 4 0 0 0 0 0 0 6 0 0 0 0 0 0 0 0 0 32 36 0 0 0 0 10 5 0 0 0 0 0 0 0 0 57 42 7 0 0 0 23 42 21 31 21 6 6 8 2 12 32 31 0 17 0 0 0 0 0 0 0 0 0 0 0 0 0 0 0 0 0 0 0 0 0 0 0 0 0 0 0 0 0 0 0 0 0 3 0 0 0 0 0 4 0 0 0 0 0 2 0 0 0 0 0 0 0 0 0 0 0 0 0 24 0 0 0 0 9 0 1 2 1 0 
 0 0 0 1 64 0 0 0 4 0 0 0 2 0 0 0 0 0 0 3 0 0 1 0 0 2 0 0 87 0 98 1 0 0 0 0 0 29 0 0 56 104 180 270 76 52 273 340 251 118 129 43 139 275 97 295 45 33 98 0 0 0 0 0 0 0 4 0 75 0 0 0 2 0 6 0 0 0 4 4 0 0 0 0 0 0 0 0 0 0 0 0 0 0 0 0 0 0 0 0 0 0 2 0 0 0 0 0 6 0 0 10 0 0 2 0 25 8 0 0 26 0 34 17 0 3 26 12 3 8 0 20 19 9 19 0 10 0 0 61 0 0 0 0 0 11 8 0 4 0 0 0 0 0 0 10 13 0 12 0 0 0 0 0 0 0 0 2 0 0 0 0 0 0 0 0 0 0 0 0 0 0 0 2 0 27 0 11 0 0 0 18 0 0 6 0 0 20 0 0 27 1 0 0 10 1 12 14 1 20 1 0 11 11 24 20 45 0 0 0 0 0 10 6 0 0 1 0 0 0 7 0 1 3 3 15 0 0 0 5 0 0 0 0 0 0 0 0 22 0 0 2 0 2 0 0 0 62 0 0 0 0 0 0 1 3 0 0 0 0 1 0 0 0 0 0 0 0 0 0 0 11 0 0 0 0 8 0 1 0 
 0 0 0 0 0 0 0 3 0 20 0 0 7 0 0 0 0 0 22 0 0 0 0 0 0 0 0 0 0 0 0 0 0 0 0 0 0 0 0 0 0 0 1 0 18 0 0 0 1 51 0 0 0 0 0 2 0 108 0 0 0 124 99 324 27 48 162 125 161 316 40 35 109 90 70 73 298 33 84 131 0 0 0 0 1 6 0 0 0 4 1 0 0 0 15 33 3 0 10 0 0 0 0 0 0 0 0 0 0 0 0 0 11 0 0 0 0 0 0 0 0 0 0 0 0 4 0 0 0 0 7 9 0 0 0 0 0 0 27 0 6 0 15 9 1 45 0 10 29 0 0 0 0 8 0 12 9 15 0 0 1 5 0 0 1 0 0 0 0 0 0 0 0 0 0 0 0 1 0 0 0 0 0 0 0 0 0 0 0 0 0 0 0 0 0 0 0 0 0 0 0 0 0 0 0 7 0 0 0 0 0 0 0 20 0 0 0 0 0 0 17 4 9 48 9 0 4 18 4 7 14 21 14 21 0 10 0 52 12 3 0 0 0 3 0 0 0 0 0 8 0 0 3 0 0 0 13 0 0 0 0 0 47 48 0 0 0 0 0 6 11 0 0 0 0 2 0 0 0 0 0 0 0 0 0 0 0 0 0 0 
