 0 346 210 66 121 29 303 350 123 163 51 24 149 236 329 23 126 215 77 45 2 0 0 2 3 0 2 0 3 0 2 0 4 0 4 2 5 0 0 3 0 3 0 0 3 0 0 0 0 0 4 2 0 0 3 2 4 7 63 0 3 0 2 2 0 0 0 0 0 0 3 0 0 53 3 0 2 44 0 0 18 11 22 13 0 0 33 9 17 28 2 0 1 15 16 24 17 2 17 1 0 0 1 0 0 0 0 0 0 19 0 0 0 0 11 0 0 10 14 0 0 0 0 0 0 0 0 0 0 0 0 0 0 0 0 0 0 0 0 0 0 0 0 0 0 4 0 0 0 0 0 0 0 0 0 0 0 0 0 0 14 14 30 20 11 12 15 7 11 0 0 26 4 11 10 1 17 0 1 23 0 0 0 0 0 0 0 0 0 0 0 0 8 0 1 0 0 0 0 0 0 0 0 4 0 0 0 0 0 0 0 0 0 0 0 0 0 0 0 0 0 0 0 0 0 0 0 0 0 0 0 0 0 0 12 0 0 15 0 0 0 1 0 0 0 2 1 1 0 2 0 4 0 0 0 0 0 0 0 0 0 1 0 0 0 0 0 0 0 0 0 0 0 0 0 2 0 2 0 0 0 0 0 0 0 0 0 0 0 0 
 346 0 451 56 125 49 207 651 41 154 135 208 277 140 219 109 30 25 36 125 0 0 0 2 0 0 0 0 0 0 0 0 2 0 3 3 2 74 0 81 0 3 0 0 0 4 0 0 0 0 0 1 0 0 2 0 3 0 0 0 2 0 2 3 0 0 0 0 0 0 3 0 0 0 1 0 3 1 0 0 14 10 48 16 11 0 9 17 23 8 1 0 0 17 20 0 0 29 0 27 0 0 0 0 0 0 0 0 0 1 0 0 0 0 0 0 0 0 1 0 0 0 0 0 0 0 0 0 0 0 0 0 0 0 0 0 0 11 0 0 1 0 0 0 0 0 2 0 3 0 0 0 0 0 0 0 0 0 0 0 6 61 24 0 0 0 14 6 0 107 43 18 0 12 48 5 56 10 0 1 0 0 0 0 0 0 0 0 0 0 0 0 2 2 0 0 0 6 28 12 0 0 0 2 0 0 0 0 0 0 0 0 0 0 0 0 0 0 0 0 0 0 0 0 0 0 0 0 0 0 0 0 0 0 0 0 1 11 0 0 0 0 0 0 0 0 0 0 0 1 0 5 0 2 0 0 0 0 0 0 0 0 0 0 0 1 0 0 0 0 0 0 0 0 0 0 0 13 0 0 0 0 0 0 0 0 0 0 0 0 
 210 451 0 147 58 107 246 299 154 64 38 107 403 151 222 176 126 79 100 55 41 0 0 2 0 1 0 0 0 0 0 0 2 0 2 2 3 6 13 2 0 3 0 0 0 0 0 0 0 0 0 0 0 0 3 0 3 0 0 0 3 0 2 2 0 0 2 0 0 0 3 0 0 0 3 0 2 0 0 0 0 0 26 12 26 16 6 0 4 8 0 14 0 12 0 23 2 12 0 29 1 0 2 0 0 0 18 21 0 0 0 0 25 0 0 0 0 0 23 0 0 0 0 0 0 0 0 0 0 0 0 0 0 0 0 0 0 0 0 0 0 0 12 0 2 0 0 0 0 0 0 0 0 0 0 0 0 0 0 0 0 46 0 12 0 7 29 3 25 60 15 0 0 19 37 52 3 12 0 1 0 0 1 0 0 1 13 0 0 0 0 0 20 0 0 0 0 0 20 0 0 2 0 0 0 0 24 0 0 0 0 0 0 0 0 0 0 0 0 1 0 0 0 0 0 0 0 0 0 0 0 0 0 0 1 0 0 0 0 0 0 16 0 0 0 0 0 0 2 189 0 7 1 0 0 0 0 0 0 0 0 0 0 0 0 0 0 0 0 0 0 0 0 0 0 0 0 0 0 0 0 0 0 0 0 0 0 0 0 0 
 66 56 147 0 289 214 281 183 81 75 237 229 71 274 64 143 60 268 78 86 155 58 2 2 3 0 81 23 0 0 0 2 73 74 2 2 3 39 73 27 0 6 0 0 0 0 0 0 0 0 1 0 0 0 3 0 3 0 0 0 3 0 2 2 0 0 0 0 0 5 3 0 0 0 3 0 2 4 6 0 1 17 0 2 15 44 22 13 0 17 0 32 8 0 1 16 0 13 0 0 1 33 1 0 0 1 21 12 0 0 0 0 0 11 19 0 0 0 0 0 2 0 0 0 0 0 0 0 0 0 2 0 0 0 0 0 0 0 0 0 0 0 0 2 0 0 0 0 0 0 0 0 0 0 0 0 0 1 0 0 28 1 6 0 0 44 0 0 9 0 0 0 0 2 0 0 0 17 0 15 38 15 9 0 0 0 22 0 0 39 0 0 0 0 36 16 0 0 23 0 0 0 0 0 0 0 0 0 0 2 37 0 0 0 0 0 0 0 0 0 0 0 0 0 0 0 0 0 0 0 0 0 0 0 0 1 0 0 0 0 0 0 0 0 1 6 4 0 0 1 27 19 0 0 0 0 0 0 0 2 0 0 0 2 0 0 0 0 0 0 0 0 0 0 0 0 0 0 0 0 0 0 0 0 0 0 0 0 0 0 
 121 125 58 289 0 239 37 167 108 311 396 149 68 73 64 84 35 131 63 67 32 0 0 3 0 0 137 75 0 0 0 0 1 3 2 3 3 76 14 199 0 3 0 0 0 0 0 0 0 78 4 0 87 0 3 0 3 0 0 0 3 0 2 3 0 0 0 0 0 0 3 0 0 0 3 0 2 14 2 0 0 0 1 30 29 19 0 31 8 27 17 24 0 0 19 27 11 15 0 0 10 2 0 0 0 0 21 1 0 0 0 0 15 29 10 0 0 0 16 15 0 0 0 0 0 1 0 0 0 0 0 0 0 0 0 0 0 0 0 0 0 0 0 0 0 0 0 0 0 0 0 0 0 19 0 0 0 0 0 0 0 0 0 22 0 11 0 0 29 7 15 22 0 0 0 35 0 12 0 0 17 0 40 0 0 0 15 21 0 1 0 0 12 0 0 13 0 0 16 15 0 0 0 0 0 0 0 0 0 9 0 0 0 0 0 0 0 0 0 0 0 0 0 0 0 0 0 0 0 38 0 0 0 0 0 0 0 0 1 1 0 0 0 0 0 0 205 0 0 97 39 9 10 0 0 0 0 0 0 0 0 0 10 0 0 0 0 0 0 0 0 0 0 0 0 34 0 0 0 0 0 0 0 0 0 0 0 0 0 0 
 29 49 107 214 239 0 29 40 47 60 490 70 40 34 41 358 46 59 56 46 21 76 78 2 0 0 81 82 0 3 1 3 76 113 3 4 3 74 0 96 0 7 0 0 0 0 0 0 0 1 9 0 0 8 3 64 3 0 0 0 5 0 2 2 0 0 0 0 0 0 3 0 0 0 3 0 2 7 0 0 1 0 1 14 34 33 0 0 0 14 20 53 0 0 0 9 5 7 0 0 21 16 1 0 0 0 28 15 0 2 0 0 0 19 10 1 10 0 11 31 0 0 0 0 0 0 0 0 0 0 0 0 0 0 0 0 0 0 0 0 0 0 0 5 0 0 0 0 0 0 0 0 0 0 0 0 0 0 0 0 0 0 1 15 15 15 8 0 14 0 19 0 0 0 0 0 0 12 0 0 32 0 40 0 0 0 30 0 0 16 20 12 12 18 17 10 0 0 20 19 0 0 0 0 0 0 0 0 0 0 0 0 15 0 0 0 0 0 0 0 0 0 0 0 12 0 0 0 0 0 0 0 0 14 0 0 2 0 0 0 0 0 0 0 0 1 92 0 2 0 18 4 21 1 0 0 0 0 0 0 0 0 3 0 0 0 0 0 0 0 0 0 0 0 0 10 0 0 0 0 0 0 0 0 0 0 0 0 0 0 
 303 207 246 281 37 29 0 185 124 34 45 112 445 258 239 36 45 146 42 220 0 0 1 5 0 0 2 0 5 2 0 0 1 0 3 2 3 0 0 0 0 5 1 0 3 0 0 0 3 5 0 3 3 43 3 3 6 2 0 2 3 3 2 2 2 3 0 0 0 0 3 3 0 0 3 2 2 2 0 0 22 25 57 0 0 0 36 13 22 19 10 0 27 10 9 1 0 16 31 0 0 0 0 0 0 0 0 0 0 0 0 10 0 0 0 0 0 0 1 0 0 0 0 0 0 0 0 0 0 0 0 0 0 0 0 0 0 0 0 0 0 0 0 0 0 0 0 0 5 0 12 0 0 0 0 0 0 0 0 0 23 35 15 0 1 0 1 22 0 35 18 11 0 42 28 1 38 19 3 4 0 0 0 0 0 0 0 0 0 0 0 0 0 0 0 0 0 0 11 0 0 0 0 0 0 0 0 0 0 0 0 0 0 0 0 0 0 0 0 0 0 0 0 0 0 0 0 0 0 0 0 0 0 0 0 0 0 0 0 0 0 0 0 0 0 2 0 0 2 0 0 4 0 0 0 0 0 0 0 0 0 0 0 0 0 0 0 0 1 0 0 0 0 0 0 0 0 31 0 0 0 0 0 0 0 0 0 0 0 0 
 350 651 299 183 167 40 185 0 425 142 554 133 489 132 361 137 238 343 164 272 0 0 0 2 205 0 0 1 0 0 0 0 0 0 4 2 208 0 23 80 0 3 0 0 0 1 0 0 38 66 0 0 0 0 3 0 3 0 0 0 3 0 2 2 0 0 3 0 0 0 3 0 0 0 3 35 2 2 0 0 0 24 23 9 0 0 18 10 84 14 0 0 1 90 25 10 0 61 0 9 0 0 0 0 0 0 0 0 0 0 0 0 19 1 8 0 0 0 6 0 0 0 0 0 0 0 0 0 0 0 0 0 0 0 0 0 0 14 0 0 0 0 0 0 0 0 13 0 3 0 0 0 0 0 0 0 0 0 0 0 14 49 30 0 0 0 8 10 17 26 8 44 0 48 58 21 11 10 2 0 0 0 0 0 0 0 1 14 0 0 0 0 0 2 0 0 0 0 47 0 0 0 0 2 0 0 0 0 0 0 0 0 0 0 0 0 0 0 0 0 0 0 0 0 0 0 0 0 0 0 0 0 0 0 0 0 1 0 0 0 0 1 0 0 0 0 2 2 3 3 2 4 0 2 0 0 0 0 0 0 0 0 0 0 0 0 0 0 0 0 22 0 0 0 0 16 0 11 0 0 0 0 0 0 0 0 0 0 0 0 
 123 41 154 81 108 47 124 425 0 294 266 137 213 401 538 158 89 192 176 82 0 0 0 2 0 17 0 1 0 0 0 0 0 0 3 2 76 0 0 1 8 3 0 0 0 0 0 0 0 63 0 0 0 0 3 0 65 0 0 0 3 0 2 2 0 0 0 0 0 0 3 0 0 0 5 0 3 1 0 0 16 37 33 5 13 0 0 14 27 32 9 0 0 42 13 3 20 10 19 12 0 0 0 0 0 0 0 0 0 0 0 0 0 1 0 0 2 0 13 0 0 0 0 0 0 0 0 0 0 0 0 0 0 0 0 0 0 0 8 0 0 0 0 0 3 0 0 0 0 0 0 0 0 4 0 0 0 0 0 0 11 0 35 25 20 9 1 7 1 23 12 0 0 8 1 10 4 0 19 6 0 1 0 0 0 0 14 0 0 0 0 0 1 0 0 0 0 0 14 0 0 0 0 0 0 0 0 0 0 0 0 0 0 0 0 0 0 0 0 0 0 0 0 0 0 0 0 0 0 0 0 0 0 0 0 0 0 0 0 0 0 17 0 0 0 2 0 0 1 2 0 6 0 0 0 0 0 0 0 0 0 0 0 0 0 0 0 0 0 0 0 0 0 0 0 0 50 0 0 0 0 0 0 0 0 0 0 0 0 0 
 163 154 64 75 311 60 34 142 294 0 221 139 260 58 78 175 40 56 78 410 0 0 0 2 0 0 27 75 0 0 0 1 76 1 10 2 2 0 2 54 0 8 0 0 0 0 0 0 0 62 10 0 0 0 3 0 3 0 0 0 3 0 2 2 0 0 0 0 0 0 3 0 0 0 2 0 3 0 0 0 0 0 0 79 26 0 11 2 67 13 31 22 0 0 0 28 14 11 18 0 1 2 0 0 0 0 0 0 2 0 0 0 15 9 11 24 0 0 24 14 0 0 0 0 0 0 0 0 0 12 0 0 0 0 0 0 0 0 0 0 0 0 0 0 0 0 0 1 1 0 0 0 0 0 0 0 0 0 0 0 0 1 0 21 15 14 11 0 0 24 35 36 0 9 0 12 0 1 0 0 3 0 0 0 0 0 32 14 0 0 0 0 0 0 0 9 0 2 7 26 0 0 0 0 0 0 0 0 0 0 0 0 0 15 0 0 0 0 0 0 0 0 0 0 0 0 0 0 0 0 0 0 0 15 0 0 0 0 0 0 0 0 0 0 0 3 96 0 2 173 19 6 0 0 0 0 0 0 0 0 0 0 7 0 0 0 0 0 0 0 0 0 0 0 0 14 0 1 0 0 0 0 0 0 0 0 0 0 0 0 
 51 135 38 237 396 490 45 554 266 221 0 306 250 126 46 80 59 154 27 42 75 1 0 3 0 0 73 122 0 0 0 0 0 0 2 4 3 36 39 111 0 3 0 0 0 0 0 0 0 92 1 0 0 3 3 3 3 0 0 0 8 0 2 2 0 0 0 0 0 7 3 0 0 0 3 1 2 3 0 0 0 0 6 67 8 15 0 9 9 21 10 29 0 0 9 10 0 22 0 0 0 0 0 0 0 2 8 4 0 0 1 0 15 29 11 0 0 0 33 0 0 0 0 0 0 0 0 0 0 0 0 0 0 0 0 0 0 0 0 0 0 0 0 0 0 0 0 0 2 0 0 0 0 0 0 0 0 2 0 0 0 2 17 0 2 30 0 0 47 12 15 20 0 0 0 15 0 18 0 0 14 17 8 2 0 0 32 20 1 0 0 0 14 0 0 14 0 0 16 4 0 0 0 0 38 0 2 0 0 0 0 0 0 0 0 0 0 0 0 0 0 0 0 0 0 0 19 0 0 0 0 0 0 0 0 2 0 0 0 0 0 0 0 0 0 0 2 0 4 88 9 21 0 0 0 0 0 0 0 0 0 0 0 0 0 0 0 0 0 0 0 0 0 0 0 19 0 23 0 0 0 0 0 0 10 0 0 0 0 0 
 24 208 107 229 149 70 112 133 137 139 306 0 40 429 130 155 169 155 53 47 79 0 1 2 0 1 2 74 0 0 0 0 0 1 2 2 4 76 225 80 0 3 5 0 0 0 0 0 0 0 64 63 0 22 3 10 3 0 0 0 3 3 2 2 0 0 0 0 0 5 3 0 0 5 3 0 2 6 0 0 25 39 21 21 0 7 0 0 20 1 6 47 0 0 14 32 8 55 0 0 29 0 0 0 0 0 7 8 9 2 0 0 10 15 13 7 0 0 10 0 0 0 0 0 0 0 0 0 0 0 0 0 0 0 0 0 0 0 0 13 2 0 0 0 0 0 0 0 8 0 0 0 0 0 0 0 0 0 0 0 19 23 32 6 23 19 0 0 11 6 14 5 0 0 0 4 1 11 0 0 24 23 15 0 0 0 10 0 20 0 0 0 0 22 1 1 0 3 10 0 0 0 0 1 0 0 0 0 0 0 0 0 0 0 0 0 0 0 0 0 0 0 0 0 0 0 0 8 0 0 0 0 0 0 0 0 2 0 0 0 0 0 0 0 0 2 2 0 87 48 0 6 2 0 0 0 0 0 0 0 0 0 0 0 0 0 0 0 0 0 0 0 0 0 0 0 20 2 0 0 0 0 0 0 0 0 0 0 0 0 
 149 277 403 71 68 40 445 489 213 260 250 40 0 278 255 139 635 253 524 219 0 0 0 204 36 0 0 1 0 0 0 0 0 0 3 2 4 0 0 0 0 3 0 0 0 0 0 0 6 0 0 0 0 0 3 0 9 0 0 0 5 6 2 2 4 3 0 6 0 3 45 0 0 0 3 0 2 36 0 0 15 10 72 0 17 0 14 22 0 31 0 0 15 2 35 22 20 14 32 0 0 0 0 0 0 0 0 1 0 0 0 0 0 0 0 0 1 0 0 0 5 0 0 0 0 0 14 13 0 0 0 0 0 0 0 0 0 0 0 0 0 0 0 0 1 0 0 0 0 0 0 0 0 0 0 0 0 0 0 0 18 50 2 0 0 0 0 11 5 22 31 3 0 55 35 10 17 0 21 0 0 1 0 0 0 0 17 0 0 0 2 0 0 0 0 0 0 0 1 0 0 0 0 0 2 0 10 0 0 0 0 0 0 1 0 0 0 0 0 0 0 0 0 0 0 0 0 0 0 0 0 0 0 0 0 0 0 0 0 0 0 0 0 0 0 0 0 0 2 1 0 4 0 0 0 0 0 0 0 0 0 0 0 0 0 0 0 0 0 0 0 0 0 0 0 0 10 0 0 0 0 0 0 0 0 0 0 0 0 0 
 236 140 151 274 73 34 258 132 401 58 126 429 278 0 368 99 309 279 111 170 0 0 0 2 42 0 0 0 0 0 0 0 0 2 4 4 76 0 1 0 0 3 0 0 0 0 2 0 0 0 0 0 0 0 3 0 3 0 3 0 3 0 2 2 0 0 0 0 0 0 3 0 7 0 7 0 2 1 0 0 0 5 41 11 3 0 14 23 10 48 0 0 11 29 28 11 0 15 0 1 0 1 0 0 0 0 0 0 0 0 0 1 0 0 0 0 0 0 10 0 0 0 0 0 0 0 0 0 0 0 0 0 0 0 0 0 0 0 0 0 0 0 0 0 0 0 0 0 5 0 5 0 0 0 0 0 0 0 0 0 46 31 37 0 0 0 21 0 15 47 19 28 0 19 34 60 31 12 4 6 0 0 0 0 0 0 0 0 0 2 0 0 9 0 0 2 0 0 10 0 0 0 0 0 0 0 15 0 0 0 0 1 0 0 0 34 0 0 0 0 0 0 0 0 0 0 0 0 0 0 0 2 0 0 0 0 0 0 0 2 0 13 0 0 0 0 0 0 112 2 0 0 0 0 0 0 0 0 0 0 0 0 0 0 0 0 0 0 0 0 0 0 0 0 0 0 11 10 0 0 0 0 0 0 0 0 0 0 0 0 
 329 219 222 64 64 41 239 361 538 78 46 130 255 368 0 78 149 55 97 174 0 0 0 2 0 0 0 0 0 0 0 0 0 74 3 77 4 0 0 1 0 88 0 0 0 0 0 0 0 0 0 0 0 1 3 0 3 0 0 0 3 0 2 2 0 0 0 3 0 0 3 0 0 0 3 0 2 0 0 0 2 14 43 0 0 0 21 13 17 19 10 0 0 37 0 14 0 30 14 11 0 0 0 0 0 0 0 0 0 0 0 0 0 0 0 0 0 0 0 0 0 0 0 0 0 0 0 0 0 0 0 0 0 0 0 1 0 0 0 9 0 0 16 0 0 0 2 0 5 0 0 0 0 0 0 0 0 10 0 0 10 46 16 0 0 17 19 5 0 40 29 19 0 16 84 26 60 10 7 5 0 0 0 11 0 0 0 0 0 0 0 0 0 0 0 0 0 0 17 0 0 0 0 1 0 0 10 0 0 0 0 0 0 0 0 0 0 0 0 0 0 0 0 0 0 0 0 0 0 0 0 0 0 0 0 0 0 0 0 0 0 20 0 0 0 1 0 0 1 1 0 2 0 0 2 0 0 0 0 0 0 0 0 0 0 0 0 0 0 0 1 0 0 0 0 2 0 11 0 0 0 0 0 0 0 0 0 0 0 0 
 23 109 176 143 84 358 36 137 158 175 80 155 139 99 78 0 159 258 53 162 0 0 0 2 0 0 0 2 2 2 6 0 0 0 3 4 4 0 0 76 0 3 0 0 0 4 0 0 0 0 0 0 1 0 68 1 3 0 0 0 3 0 2 2 0 0 0 3 2 0 3 0 0 0 2 0 3 0 0 0 0 13 25 11 12 0 0 0 20 11 0 14 0 0 8 0 0 44 0 7 1 0 0 0 0 0 0 0 0 0 2 0 7 12 0 1 0 0 9 0 0 0 0 0 1 0 0 1 0 0 0 0 0 0 0 0 0 0 0 0 0 0 0 0 0 2 0 0 5 1 0 0 0 0 0 0 0 11 0 0 0 43 9 31 1 0 14 0 28 30 13 10 0 0 33 14 25 44 0 0 0 0 0 0 0 0 0 51 0 0 0 0 36 0 0 0 0 0 34 0 0 0 0 0 0 0 0 0 0 0 10 0 0 0 0 0 0 0 0 2 0 0 0 0 0 0 0 2 0 0 0 0 0 0 1 0 0 0 0 0 0 1 0 0 0 0 0 0 0 87 2 3 1 0 0 0 0 0 0 0 0 0 0 0 0 0 0 0 0 0 0 0 0 0 0 2 39 26 0 0 0 0 0 0 0 0 0 0 0 0 
 126 30 126 60 35 46 45 238 89 40 59 169 635 309 149 159 0 58 37 45 0 0 0 2 0 0 26 0 0 0 0 0 0 0 3 2 3 0 12 0 0 3 0 0 0 4 0 0 0 63 0 0 4 0 3 0 3 77 0 0 3 0 2 2 0 0 0 0 3 0 3 0 0 4 3 0 3 1 1 4 2 11 34 8 0 0 33 13 45 8 10 0 9 28 3 17 0 36 13 7 0 0 0 0 0 0 0 0 0 1 0 0 13 3 0 0 0 0 0 0 19 0 0 0 0 0 0 0 0 0 0 0 0 0 0 2 0 0 33 0 0 0 0 0 14 0 0 0 4 0 0 0 0 0 0 0 0 0 0 0 14 91 31 0 0 1 43 0 12 50 17 11 0 1 25 9 46 12 0 0 13 0 0 0 0 0 0 33 0 0 0 0 0 0 0 0 0 0 11 0 0 0 0 0 0 0 3 0 0 0 0 0 0 0 0 0 0 0 0 0 0 0 0 0 0 0 0 0 0 0 0 0 0 0 0 0 19 0 0 0 0 0 0 0 0 0 0 0 3 0 1 7 0 0 0 0 0 0 0 0 0 0 0 0 0 0 0 0 0 0 0 0 0 0 0 13 0 10 0 0 0 0 0 0 0 0 0 0 0 0 
 215 25 79 268 131 59 146 343 192 56 154 155 253 279 55 258 58 0 45 45 0 3 0 210 0 5 5 75 0 5 5 5 78 5 8 2 6 5 20 3 6 3 0 0 0 1 0 0 0 75 0 7 0 0 3 3 6 2 2 0 3 6 8 4 3 5 2 0 0 2 5 3 0 2 34 2 4 1 0 0 0 0 0 7 10 0 13 0 14 13 14 0 0 31 0 29 13 40 15 11 1 14 0 0 0 0 0 0 0 0 0 0 20 2 11 0 1 0 17 1 0 0 0 0 0 0 0 0 4 0 0 0 0 0 0 4 0 0 0 0 0 0 0 0 0 0 0 0 2 0 0 0 0 0 0 0 0 0 0 0 2 18 17 0 12 0 40 0 38 0 12 22 0 0 21 71 4 9 5 5 0 1 0 0 0 0 0 16 0 0 2 0 0 0 0 0 0 0 10 16 0 0 0 0 0 0 0 0 0 0 0 0 0 1 0 0 0 0 0 0 0 0 0 0 0 0 0 0 0 0 0 0 0 0 0 0 0 0 0 0 0 20 0 0 0 0 0 0 4 87 20 2 4 0 0 0 0 0 0 0 0 0 0 0 0 0 0 0 0 0 0 0 1 0 0 19 0 17 0 0 0 0 0 0 0 0 0 0 0 0 
 77 36 100 78 63 56 42 164 176 78 27 53 524 111 97 53 37 45 0 241 77 0 0 205 0 3 2 5 0 0 1 0 1 0 3 2 4 1 3 2 0 3 0 3 0 0 0 0 0 4 4 0 0 0 3 0 3 0 6 0 3 0 2 3 0 0 0 0 0 0 3 0 0 0 2 4 3 53 6 4 60 25 0 0 0 0 27 0 0 0 0 0 0 26 11 0 9 14 25 39 0 0 0 0 0 0 0 0 0 0 10 0 0 0 0 0 0 0 1 0 0 0 0 0 0 0 0 0 0 0 0 0 0 0 0 0 0 0 0 0 0 0 0 0 0 0 0 0 0 0 0 0 0 0 0 0 0 0 0 0 4 18 0 22 0 0 19 30 1 0 16 0 22 0 25 16 0 0 25 40 0 0 0 0 0 0 0 0 0 0 0 0 0 0 0 0 0 0 0 0 0 0 0 0 0 0 0 0 0 0 0 0 0 0 0 0 0 0 0 0 0 0 0 0 0 14 0 0 0 0 0 0 0 0 0 0 0 0 0 0 0 20 0 0 0 2 1 0 2 1 0 2 0 0 1 0 0 0 0 0 0 0 0 0 0 0 0 0 0 0 0 0 0 0 0 0 0 0 0 0 0 0 0 0 0 0 0 0 0 0 
 45 125 55 86 67 46 220 272 82 410 42 47 219 170 174 162 45 45 241 0 2 0 1 47 2 2 3 0 0 0 1 4 1 0 4 2 5 1 3 0 0 3 0 8 0 7 0 0 2 0 0 0 0 0 3 3 6 0 0 0 3 0 2 57 3 1 2 0 0 0 6 4 0 0 9 2 3 0 0 0 21 14 23 0 22 0 20 0 0 8 0 0 22 9 0 0 15 2 34 21 0 0 0 0 0 0 0 0 0 0 0 0 1 0 0 0 0 2 0 0 0 0 0 0 0 0 2 0 0 0 0 0 0 0 0 0 0 0 0 0 0 0 0 0 2 0 0 2 0 0 0 0 2 0 0 0 0 0 0 0 0 39 0 0 0 0 0 0 0 17 20 0 56 0 18 0 25 6 10 10 2 0 16 0 0 0 0 0 0 0 0 0 0 0 0 0 0 1 0 0 0 0 0 0 0 0 0 0 0 0 0 0 0 0 0 0 0 0 0 0 2 0 0 0 0 0 0 0 0 0 0 0 0 0 0 0 0 0 0 0 0 0 0 0 0 5 0 2 1 0 0 8 0 0 1 0 0 0 0 0 0 0 0 0 0 0 0 0 0 2 0 0 0 0 0 0 0 0 0 0 0 0 0 0 0 0 0 0 0 0 
 2 0 41 155 32 21 0 0 0 0 75 79 0 0 0 0 0 0 77 2 0 106 307 247 49 56 183 252 107 65 339 26 351 298 138 113 314 175 86 390 0 0 0 3 3 3 0 0 1 0 0 0 2 0 4 0 0 0 0 0 0 0 5 0 0 1 0 2 0 0 0 0 0 0 0 0 3 18 3 3 0 0 0 0 9 32 0 0 1 0 0 19 0 0 0 11 0 0 0 0 16 6 15 6 0 10 50 46 14 0 5 1 4 22 0 11 15 0 27 7 0 0 1 0 2 0 0 0 0 0 0 0 0 0 0 0 0 0 0 9 0 11 0 0 0 0 0 0 0 0 0 0 0 0 0 0 0 0 0 1 0 0 0 0 0 9 0 0 0 2 0 0 0 0 0 0 0 0 1 0 18 13 42 0 9 0 15 25 10 18 1 0 1 24 12 21 9 18 0 0 0 0 0 0 0 0 0 0 0 0 0 0 0 0 1 0 0 0 0 0 0 0 0 0 0 0 0 0 0 0 0 0 0 0 0 0 0 1 1 0 0 0 51 0 0 0 0 0 0 85 0 0 9 0 4 0 4 153 2 1 1 17 0 0 0 0 0 0 0 0 0 0 0 0 0 12 0 0 0 15 0 0 0 1 0 12 0 0 0 1 
 0 0 0 58 0 76 0 0 0 0 1 0 0 0 0 0 0 3 0 0 106 0 205 37 57 253 60 68 66 407 47 162 49 686 292 132 99 38 78 94 0 204 0 8 0 3 0 0 0 1 1 2 78 0 2 1 0 0 63 0 0 0 3 0 0 0 1 2 0 0 0 0 2 0 0 0 3 2 3 3 0 0 0 0 0 11 0 0 0 1 0 1 0 2 0 0 0 0 0 0 0 55 18 19 23 0 24 10 18 9 37 44 0 20 17 21 0 50 0 14 0 0 0 0 0 0 0 0 0 0 0 0 21 1 0 0 0 4 22 0 0 0 0 0 0 0 0 0 0 0 0 0 0 2 0 0 0 0 0 0 0 2 0 0 0 19 10 0 0 0 0 0 0 0 0 0 0 2 0 0 1 0 28 31 21 10 24 0 0 84 16 2 1 3 9 11 12 34 0 0 3 0 0 0 0 0 11 0 0 0 0 0 0 0 0 0 10 1 0 12 0 0 0 0 0 0 0 0 0 0 0 0 0 0 0 0 0 0 0 0 0 0 4 0 0 0 0 0 0 0 0 0 0 0 9 0 0 6 0 3 2 0 0 0 0 0 21 0 0 0 0 0 0 0 0 0 0 0 0 0 0 31 0 0 0 0 0 0 0 0 
 0 0 0 2 0 78 1 0 0 0 0 1 0 0 0 0 0 0 0 1 307 205 0 675 37 107 85 120 434 412 209 32 160 439 141 357 220 40 137 46 1 3 0 12 0 3 0 0 0 0 64 71 130 0 3 0 0 0 0 0 0 15 3 0 0 3 1 2 0 0 0 34 0 0 0 0 3 4 2 3 0 0 0 0 14 1 0 0 0 0 0 0 0 0 0 0 0 0 0 0 13 29 19 10 9 18 1 54 0 24 22 21 0 14 0 25 9 19 0 16 19 23 14 0 0 0 21 20 0 0 0 0 0 0 18 0 0 0 0 0 0 0 0 0 0 0 0 0 0 0 0 0 0 0 0 0 0 0 1 4 0 0 0 0 0 0 3 0 0 0 0 0 0 0 0 0 0 0 0 0 32 19 28 30 0 51 0 10 0 49 20 31 0 9 61 25 0 19 0 9 1 12 19 0 0 0 1 0 0 0 0 0 10 0 11 0 0 0 0 20 0 0 0 0 0 0 0 0 0 0 0 0 0 0 0 0 0 0 0 0 0 0 9 0 0 0 0 0 0 0 0 0 0 0 12 0 1 78 0 0 40 0 0 0 0 0 0 0 0 0 0 0 0 0 0 0 0 0 0 0 0 13 0 0 0 0 0 0 0 0 
 2 2 2 2 3 2 5 2 2 2 3 2 204 2 2 2 2 210 205 47 247 37 675 0 359 274 143 70 312 153 156 42 281 70 60 338 57 70 281 67 63 0 0 3 0 3 0 0 0 0 0 8 97 62 63 1 0 0 0 1 0 0 3 19 0 2 2 7 0 0 0 0 0 5 0 0 3 4 4 3 0 0 0 0 0 0 0 0 0 0 0 0 0 0 0 2 0 0 0 2 0 0 22 1 9 46 0 0 12 20 18 0 1 12 0 0 0 25 0 0 30 20 20 0 0 0 26 13 23 15 0 0 1 17 18 19 0 33 35 40 0 0 0 0 0 0 0 0 0 0 0 0 0 0 0 0 0 9 3 1 0 26 0 0 0 0 3 0 0 0 0 0 0 0 0 0 0 0 0 0 0 0 0 0 10 26 0 0 33 0 22 39 10 11 0 9 61 0 0 16 49 34 13 0 0 0 10 14 0 0 0 0 21 7 24 26 32 10 0 11 0 0 0 0 0 0 2 0 0 0 0 0 0 0 0 0 0 0 1 0 0 0 0 0 0 0 0 0 0 0 0 0 0 2 14 0 1 0 76 2 1 1 0 0 0 0 0 0 0 0 0 0 0 0 0 0 0 0 0 0 0 0 0 0 0 0 0 0 0 0 
 3 0 0 3 0 0 0 205 0 0 0 0 36 42 0 0 0 0 0 2 49 57 37 359 0 156 281 64 79 98 400 106 93 98 69 112 255 34 81 84 81 0 0 3 0 3 2 63 0 0 1 10 66 0 66 0 64 62 128 1 0 1 3 0 0 2 2 2 0 49 0 0 0 0 0 0 3 4 5 3 0 0 0 0 0 0 0 0 0 0 0 0 0 0 0 2 0 0 0 0 0 0 12 12 10 13 0 0 8 0 0 7 0 0 13 1 0 10 0 10 39 0 12 15 0 0 7 0 27 13 8 0 10 40 28 15 1 7 18 22 2 0 0 0 0 0 0 0 0 0 0 1 0 0 1 0 4 1 0 0 0 0 0 0 0 0 0 0 0 0 0 0 5 0 0 0 0 0 0 0 0 0 0 0 14 0 0 1 0 0 14 20 0 0 0 0 12 0 0 0 11 8 23 1 0 0 38 37 0 0 12 0 9 20 0 47 24 11 19 0 0 0 0 2 0 0 0 0 0 0 0 0 0 0 0 0 0 0 0 2 0 0 0 0 0 3 0 0 0 0 0 0 0 0 4 4 0 2 79 2 0 0 0 0 0 0 7 1 0 0 0 0 0 0 0 0 0 0 0 0 0 0 0 0 0 0 0 0 0 0 
 0 0 1 0 0 0 0 0 17 0 0 1 0 0 0 0 0 5 3 2 56 253 107 274 156 0 240 106 220 46 98 131 40 56 66 233 148 49 41 53 62 29 0 0 0 0 0 0 0 0 0 0 1 62 0 17 0 0 26 6 0 0 0 2 0 0 0 0 0 0 0 2 0 3 3 1 0 0 0 0 0 0 0 0 0 0 0 0 0 0 0 0 0 0 0 0 0 0 0 0 17 0 0 29 9 22 0 2 0 0 0 0 0 1 4 0 50 0 0 0 0 28 0 0 0 0 21 40 0 0 13 0 28 40 29 25 10 14 29 15 0 0 0 0 0 0 0 0 0 0 0 0 0 0 0 1 0 5 4 0 0 0 0 0 0 2 0 0 0 0 0 0 0 0 0 0 0 0 0 0 0 18 0 15 6 0 0 0 1 28 15 14 1 0 0 0 1 13 0 0 38 13 37 0 0 0 21 0 21 0 13 0 11 34 47 26 0 1 29 8 0 0 0 0 0 0 0 0 0 0 0 0 0 0 0 0 0 0 0 0 0 0 0 0 0 0 0 0 0 0 0 0 0 0 13 0 9 9 37 0 14 1 0 0 0 0 0 0 0 0 0 0 0 0 0 0 0 0 0 0 0 0 0 0 0 12 0 0 0 0 
 2 0 0 81 137 81 2 0 0 27 73 2 0 0 0 0 26 5 2 3 183 60 85 143 281 240 0 282 49 108 114 32 402 172 142 117 43 186 128 136 0 4 0 4 1 3 0 0 0 0 11 0 67 0 3 0 0 0 0 0 0 0 3 0 0 0 1 2 0 0 0 3 0 0 3 1 3 11 3 3 0 0 0 24 26 25 0 0 0 0 10 29 0 0 0 10 4 0 0 8 9 8 25 0 0 14 11 7 23 12 20 0 31 29 0 0 15 18 14 8 3 0 26 0 0 0 0 0 0 0 0 0 0 0 0 0 0 0 2 7 0 0 0 0 0 0 0 0 0 0 0 0 0 0 0 0 0 0 0 0 0 0 0 20 0 13 0 0 0 0 19 0 0 0 0 0 0 0 1 0 38 16 12 1 7 31 33 15 43 40 0 2 15 30 23 16 24 16 13 76 0 0 0 0 0 0 0 0 0 0 0 0 0 0 0 0 0 0 0 0 0 0 0 0 0 0 0 0 0 0 0 0 0 14 0 0 16 0 0 0 0 0 0 0 0 0 20 0 0 0 0 0 6 0 7 1 2 77 0 4 0 6 12 0 0 0 0 0 0 0 0 0 0 0 0 8 0 0 0 0 0 0 0 0 0 0 0 0 0 0 
 0 0 0 23 75 82 0 1 1 75 122 74 1 0 0 2 0 75 5 0 252 68 120 70 64 106 282 0 72 198 128 112 282 232 193 202 45 137 125 35 0 0 0 12 0 3 0 0 0 67 1 0 10 0 2 0 0 0 0 0 0 0 3 0 0 1 1 2 0 34 0 0 0 0 0 0 3 6 3 3 0 0 0 0 0 12 0 0 0 0 9 11 0 0 0 0 0 0 0 1 60 0 0 19 2 28 8 30 0 22 37 12 22 20 12 36 25 1 0 0 0 0 1 0 0 0 0 0 0 0 0 0 0 0 0 0 0 0 0 8 0 0 0 0 0 0 0 0 0 2 0 0 0 0 1 0 1 1 0 0 0 0 0 0 0 12 0 0 0 0 14 0 0 0 0 0 0 0 0 0 23 36 34 21 10 13 12 0 2 40 3 0 7 0 22 13 0 41 6 11 0 0 3 0 12 0 0 0 0 0 0 0 0 0 0 1 0 0 0 12 0 0 0 0 0 0 0 0 0 0 0 0 2 2 0 0 0 0 0 0 0 0 6 0 0 0 0 0 0 0 0 0 0 0 21 2 0 75 81 0 10 18 0 0 0 0 0 0 0 0 0 0 0 0 0 0 0 0 0 0 0 14 0 0 0 0 0 0 0 0 
 3 0 0 0 0 0 5 0 0 0 0 0 0 0 0 2 0 0 0 0 107 66 434 312 79 220 49 72 0 106 210 178 89 95 161 101 343 122 273 151 62 0 0 3 0 209 0 0 0 0 62 65 4 0 24 0 0 0 64 0 0 32 5 0 0 1 0 2 0 0 0 0 0 0 0 0 3 2 3 3 0 0 0 0 0 0 0 0 0 0 0 0 8 0 0 0 0 0 0 0 30 18 34 17 19 0 22 11 9 32 0 13 8 51 15 13 23 8 0 26 16 11 5 0 0 0 24 0 0 0 0 0 1 0 21 0 0 0 11 22 0 0 0 0 0 0 0 0 0 0 0 0 0 0 0 0 0 25 3 1 0 0 0 0 0 0 0 0 2 2 0 0 0 0 0 0 0 0 10 0 0 0 0 33 18 5 1 79 18 29 17 10 0 28 19 11 0 12 0 9 22 11 4 0 2 0 11 0 0 0 0 9 13 7 11 0 0 0 4 17 0 0 0 0 0 0 0 0 0 0 0 0 0 0 8 0 0 0 0 0 0 0 0 0 0 1 0 0 0 0 0 0 0 0 20 2 0 76 78 0 0 1 0 0 0 0 0 0 0 0 0 0 0 0 0 0 0 0 0 0 0 0 0 0 0 0 0 0 0 0 
 0 0 0 0 0 3 2 0 0 0 0 0 0 0 0 2 0 5 0 0 65 407 412 153 98 46 108 198 106 0 118 34 47 354 115 93 127 216 58 325 62 0 0 17 0 3 0 0 0 0 0 0 6 0 2 0 0 0 0 0 0 0 3 0 0 2 0 2 0 0 31 0 0 0 0 0 4 2 2 3 0 0 0 0 1 0 0 0 0 0 0 0 0 0 0 13 0 0 0 0 9 0 13 13 10 0 10 40 29 34 33 17 11 1 0 34 0 30 0 0 2 12 6 0 0 0 26 0 0 0 0 0 21 0 1 2 0 0 32 0 0 0 0 0 0 1 0 0 0 0 0 5 0 0 0 0 0 9 12 1 0 0 0 0 0 0 0 0 0 0 0 0 0 0 0 0 0 0 0 0 0 12 35 51 3 36 2 1 10 16 48 11 31 32 1 19 11 27 0 7 12 0 0 0 0 0 10 0 0 0 0 0 57 7 11 0 0 0 0 34 0 0 0 0 13 0 0 0 0 8 0 0 0 0 0 0 0 0 0 0 0 0 7 0 0 0 0 0 0 0 0 0 0 0 10 0 0 87 1 0 2 2 0 0 0 0 0 0 0 0 0 0 0 0 0 0 0 0 0 14 0 12 0 0 0 14 0 0 0 0 
 2 0 0 0 0 1 0 0 0 0 0 0 0 0 0 6 0 5 1 1 339 47 209 156 400 98 114 128 210 118 0 116 389 62 55 179 93 52 34 67 0 0 0 3 0 211 0 0 0 0 1 5 2 0 2 2 0 0 1 0 0 1 3 0 0 2 0 7 0 0 0 0 0 0 0 0 3 7 2 3 1 1 0 0 0 0 0 11 0 1 0 0 10 2 0 0 0 0 0 20 0 18 1 0 18 4 11 12 11 0 0 0 0 0 11 0 6 15 0 18 7 1 0 0 0 0 33 12 8 19 0 0 0 0 8 0 0 0 12 22 0 0 0 0 0 0 0 0 0 0 0 0 0 2 0 0 0 0 0 0 0 0 0 0 0 0 0 0 0 0 0 0 0 0 0 0 0 2 0 0 0 0 1 9 0 0 17 9 9 23 0 12 0 17 15 0 0 12 0 11 13 35 21 0 0 0 0 8 0 0 0 0 0 0 12 0 0 1 0 0 0 0 0 0 0 0 0 0 0 0 0 0 0 2 0 0 0 0 0 0 0 0 0 0 0 0 0 0 0 1 0 0 0 0 8 0 0 9 11 0 1 28 0 0 0 6 8 0 0 0 0 0 0 0 0 0 0 0 0 0 0 0 0 0 0 0 0 0 0 0 
 0 0 0 2 0 3 0 0 0 1 0 0 0 0 0 0 0 5 0 4 26 162 32 42 106 131 32 112 178 34 116 0 60 50 36 310 216 148 40 263 1 0 3 5 0 5 8 0 23 0 0 9 82 0 4 0 0 1 117 1 0 1 4 3 1 2 2 5 0 58 0 0 1 0 8 0 3 4 4 3 0 0 0 0 0 0 0 0 0 2 0 0 0 1 0 0 0 0 0 0 17 0 0 19 9 45 0 0 30 11 18 38 0 0 4 0 16 2 0 0 15 0 0 0 0 0 12 1 45 0 0 0 56 38 29 3 0 0 23 41 0 0 0 0 0 0 0 0 0 0 0 0 0 0 1 0 4 1 0 0 0 0 0 0 0 0 2 0 0 0 2 0 0 0 0 0 0 1 0 0 0 18 0 19 40 10 0 0 12 0 47 26 1 1 0 3 10 13 0 0 35 20 5 1 3 0 0 14 0 0 1 0 1 0 0 19 15 2 0 9 0 0 0 0 0 0 0 0 0 0 0 0 0 0 0 0 0 0 0 0 0 0 0 0 0 0 0 0 0 0 0 0 0 0 5 0 0 0 112 4 11 0 0 0 0 0 0 0 0 0 0 0 0 0 0 0 0 0 0 0 0 0 0 0 0 0 14 0 0 0 
 4 2 2 73 1 76 1 0 0 76 0 0 0 0 0 0 0 78 1 1 351 49 160 281 93 40 402 282 89 47 389 60 0 248 120 69 100 73 457 527 0 8 1 3 0 3 0 0 0 1 66 61 65 2 6 2 3 0 2 0 2 4 6 3 0 2 0 2 0 0 2 0 0 0 0 0 6 5 3 3 0 0 0 0 0 2 0 0 0 0 72 19 0 0 0 0 0 0 0 0 31 39 28 0 0 8 33 19 10 0 0 0 18 33 33 9 5 19 0 6 0 0 0 0 0 0 0 0 0 0 0 0 0 0 0 0 0 0 0 0 0 14 0 0 0 1 0 0 0 0 0 0 0 0 0 0 0 1 0 0 0 0 0 14 0 0 7 0 0 0 33 0 0 0 0 0 0 0 0 0 37 0 20 1 0 0 32 8 7 24 44 4 8 22 89 0 0 45 20 22 0 0 0 0 0 0 1 0 0 0 0 0 0 0 0 0 0 0 0 0 0 0 0 0 0 0 0 0 0 0 0 0 0 22 0 0 0 0 0 0 0 0 0 0 0 0 0 0 0 0 0 33 0 0 12 0 3 122 0 0 1 15 0 0 0 0 0 0 0 0 0 0 0 0 0 0 0 0 0 0 0 0 0 0 0 0 0 0 0 0 
 0 0 0 74 3 113 0 0 0 1 0 1 0 2 74 0 0 5 0 0 298 686 439 70 98 56 172 232 95 354 62 50 248 0 331 201 477 50 103 95 0 204 4 14 3 3 2 0 7 2 3 2 6 0 2 48 0 1 6 0 0 4 3 0 0 1 0 2 0 4 0 0 0 0 1 0 3 2 4 3 0 0 0 0 11 35 0 0 0 0 1 20 0 0 0 0 0 1 0 0 15 18 9 71 8 0 18 19 8 17 0 12 10 9 13 14 11 10 18 28 1 0 0 0 0 0 0 0 0 0 0 0 1 0 0 0 0 0 0 14 0 0 1 6 0 0 0 0 0 0 0 0 0 0 0 0 0 0 0 0 0 0 0 0 8 3 7 0 0 0 0 0 0 0 0 0 0 0 0 0 29 14 47 29 0 4 0 3 0 19 31 11 27 16 15 9 15 3 0 20 0 0 0 0 0 0 13 1 0 0 0 0 0 0 0 0 0 0 16 17 0 0 0 0 0 0 0 0 0 0 0 0 11 0 0 0 0 0 0 0 0 0 7 0 0 0 0 0 0 0 0 0 0 0 15 0 3 1 0 2 0 0 0 0 0 0 9 0 0 0 0 0 0 0 0 0 0 0 0 0 0 13 0 0 0 0 0 0 0 0 
 4 3 2 2 2 3 3 4 3 10 2 2 3 4 3 3 3 8 3 4 138 292 141 60 69 66 142 193 161 115 55 36 120 331 0 162 117 95 74 176 0 0 1 3 0 3 0 0 0 0 0 1 3 0 2 0 0 0 0 0 0 0 3 0 0 52 0 2 0 0 0 0 0 0 0 0 3 54 2 3 0 0 0 0 0 15 0 0 0 1 0 0 0 1 0 0 0 0 0 0 51 0 24 0 0 18 0 11 0 27 12 13 12 0 3 1 10 11 1 19 0 0 1 0 0 0 0 0 1 0 0 0 1 7 0 0 0 3 0 6 0 18 0 0 0 0 0 0 0 0 0 0 0 2 0 0 0 0 0 8 0 0 0 0 0 0 0 0 0 0 0 0 0 0 0 0 0 2 0 0 20 49 11 15 6 1 0 8 1 0 0 1 8 2 15 0 2 26 0 14 0 0 0 0 0 0 0 0 0 0 0 0 2 0 0 0 0 0 0 0 0 0 0 0 2 1 7 0 0 0 0 1 0 0 0 0 0 0 0 0 0 0 0 0 0 0 0 0 0 1 0 0 0 0 9 0 3 0 60 0 31 0 1 0 0 0 0 0 0 0 0 0 0 0 0 0 0 0 0 0 0 1 0 0 0 0 0 0 0 0 
 2 3 2 2 3 4 2 2 2 2 4 2 2 4 77 4 2 2 2 2 113 132 357 338 112 233 117 202 101 93 179 310 69 201 162 0 199 48 53 130 0 0 0 8 0 3 2 0 0 0 0 1 7 0 2 1 0 0 62 0 0 0 3 4 0 0 0 2 0 0 0 0 0 0 0 0 3 5 3 2 0 0 0 0 0 0 0 0 0 0 0 0 0 0 0 0 0 0 0 0 18 0 1 76 24 21 19 17 14 20 19 39 0 0 10 9 13 1 0 1 19 0 0 0 0 0 15 6 0 0 0 0 1 0 20 0 0 0 0 31 0 2 0 0 0 0 0 0 0 0 0 1 0 0 0 0 0 0 0 0 0 1 0 0 0 0 0 11 0 0 0 0 0 0 0 0 0 0 0 0 0 12 21 34 28 12 9 0 17 39 17 2 2 0 37 11 0 12 10 0 20 12 0 0 0 0 0 0 0 0 0 0 0 0 0 0 0 0 0 19 0 0 0 2 0 0 0 0 2 0 0 0 0 0 0 0 0 8 0 0 0 0 7 0 0 2 0 0 0 0 0 0 0 0 8 1 0 13 75 0 1 19 0 0 0 0 0 0 0 0 0 0 0 0 0 0 0 0 0 0 0 8 0 0 0 0 0 0 0 0 
 5 2 3 3 3 3 3 208 76 2 3 4 4 76 4 4 3 6 4 5 314 99 220 57 255 148 43 45 343 127 93 216 100 477 117 199 0 120 52 122 63 0 0 3 0 3 0 0 0 0 1 10 3 0 2 0 0 0 63 0 0 22 3 0 0 2 0 2 0 0 0 0 0 0 3 0 3 2 2 3 0 0 0 0 0 1 0 0 0 0 0 0 0 0 0 0 0 0 0 0 13 13 29 13 18 2 14 12 0 13 48 16 0 1 18 3 32 18 0 24 11 13 8 0 0 0 10 0 0 0 0 0 19 0 5 0 0 0 32 25 13 0 0 0 0 0 0 0 0 0 28 0 0 0 0 0 0 4 10 1 0 0 0 0 0 0 0 0 0 0 0 0 0 0 0 0 0 0 1 0 0 11 0 36 30 10 23 18 1 0 3 11 1 14 27 7 1 32 0 10 14 0 0 1 0 0 13 0 0 0 0 0 13 44 9 0 0 0 0 34 0 0 0 0 0 0 0 0 0 0 0 0 0 0 0 0 0 0 1 0 0 0 0 0 0 0 0 0 0 0 0 0 0 0 73 0 1 8 75 0 2 0 0 0 0 0 8 0 0 0 0 0 0 0 0 0 0 0 0 0 0 1 0 0 0 0 0 0 0 0 
 0 74 6 39 76 74 0 0 0 0 36 76 0 0 0 0 0 5 1 1 175 38 40 70 34 49 186 137 122 216 52 148 73 50 95 48 120 0 42 67 0 0 1 3 0 3 0 0 0 0 3 1 64 0 2 1 0 0 64 6 0 1 3 4 0 2 49 3 0 5 8 1 0 0 0 0 3 9 2 3 0 0 0 0 0 37 0 0 0 0 15 4 0 0 0 0 0 0 0 0 1 0 34 0 23 19 68 0 37 0 36 24 2 38 0 0 2 34 0 9 0 0 1 0 0 0 0 0 0 0 0 0 18 0 0 0 0 0 19 2 1 0 0 0 0 0 0 0 0 0 0 0 0 0 0 8 0 0 0 0 0 0 0 0 0 19 0 0 0 9 0 0 0 0 0 0 0 0 2 0 14 16 26 12 21 7 45 12 15 17 19 1 10 36 2 18 11 29 0 22 27 0 0 0 0 0 0 0 0 0 0 0 0 0 2 0 0 0 0 5 10 0 0 0 0 0 0 0 0 0 0 0 0 0 0 0 0 0 2 0 0 0 0 0 0 0 0 0 2 0 0 0 0 0 8 0 1 11 2 1 0 27 0 1 0 0 0 0 0 0 0 0 0 0 0 0 0 0 0 0 0 0 0 0 0 0 0 0 0 0 
 0 0 13 73 14 0 0 23 0 2 39 225 0 1 0 0 12 20 3 3 86 78 137 281 81 41 128 125 273 58 34 40 457 103 74 53 52 42 0 100 0 0 0 3 27 3 0 0 0 83 0 0 2 0 2 0 0 0 0 0 46 0 3 0 0 4 0 2 3 0 0 0 0 0 0 0 3 3 2 3 0 0 0 8 7 32 0 0 0 0 0 13 0 0 0 21 0 13 0 0 9 13 1 0 0 1 30 24 11 21 0 0 42 12 11 0 13 0 16 17 0 0 0 0 0 0 0 0 0 2 0 0 0 0 0 0 0 0 0 0 2 0 0 0 0 0 0 5 2 0 0 0 15 0 0 0 0 0 0 0 0 0 7 0 0 10 0 0 14 2 1 10 2 0 0 11 0 24 0 0 13 0 1 16 0 0 19 43 7 0 0 0 8 30 26 1 0 12 10 23 0 0 0 0 0 0 0 0 0 0 0 0 0 0 0 14 0 0 0 0 0 0 0 0 0 0 0 0 0 0 0 0 0 0 0 0 0 0 0 0 0 0 0 0 0 2 0 0 0 74 0 0 0 0 9 1 0 2 0 2 1 0 0 0 0 0 15 0 0 0 0 0 0 0 0 17 0 20 0 0 0 0 0 0 0 0 0 0 0 0 
 3 81 2 27 199 96 0 80 1 54 111 80 0 0 1 76 0 3 2 0 390 94 46 67 84 53 136 35 151 325 67 263 527 95 176 130 122 67 100 0 2 0 0 3 0 3 0 0 0 64 0 0 2 0 2 0 0 0 0 0 0 0 3 0 0 1 0 2 0 0 0 0 0 0 0 0 3 4 2 3 0 1 0 35 8 11 0 0 15 19 7 9 0 0 1 17 1 14 0 2 12 0 17 0 0 0 18 0 0 0 0 0 23 27 25 0 2 0 16 32 0 0 0 0 0 0 0 0 0 0 0 0 0 0 0 0 0 0 0 0 0 0 0 0 0 0 0 0 0 0 0 0 0 0 0 0 0 0 0 0 0 0 4 10 1 0 0 0 22 13 0 0 0 0 0 33 0 15 0 0 11 0 0 0 0 0 14 35 0 0 0 0 13 19 12 11 0 0 30 0 0 0 0 0 0 1 0 0 2 0 1 0 1 0 0 0 1 0 0 0 0 0 0 0 0 0 2 0 0 0 0 0 0 0 0 0 0 0 0 0 0 15 0 0 0 0 78 0 0 77 25 0 9 0 16 0 2 0 0 0 2 3 0 1 0 0 0 0 0 0 0 0 0 0 0 22 1 1 0 0 0 0 0 0 0 0 0 0 0 0 
 0 0 0 0 0 0 0 0 8 0 0 0 0 0 0 0 0 6 0 0 0 0 1 63 81 62 0 0 62 62 0 1 0 0 0 0 63 0 0 2 0 136 136 38 93 30 146 66 27 248 35 43 88 30 170 30 19 94 109 123 0 0 0 0 0 0 8 0 0 0 0 0 0 0 0 0 0 2 0 0 0 0 0 0 0 0 0 0 0 0 0 0 0 0 0 0 0 0 0 0 0 0 1 10 8 0 0 1 0 1 0 0 0 0 0 0 0 0 0 9 1 11 45 25 0 19 16 0 1 21 21 0 0 26 10 14 11 14 22 9 0 0 0 0 0 21 0 0 0 0 0 0 0 0 1 0 1 3 5 0 0 0 0 0 0 0 0 0 0 15 0 0 0 0 0 0 0 0 0 0 0 0 0 0 1 14 0 0 0 0 10 15 0 0 0 11 9 0 0 0 25 0 10 0 26 0 12 4 0 7 6 8 31 40 17 11 32 20 22 67 0 0 0 0 0 0 0 0 0 0 0 0 0 0 0 0 0 0 0 0 0 0 0 0 0 0 0 0 0 0 0 15 0 2 0 0 0 0 0 2 0 0 0 0 2 3 0 0 0 0 0 0 0 0 0 0 0 0 0 0 0 0 0 0 0 0 0 0 0 0 
 3 3 3 6 3 7 5 3 3 8 3 3 3 3 88 3 3 3 3 3 0 204 3 0 0 29 4 0 0 0 0 0 8 204 0 0 0 0 0 0 136 0 191 56 249 28 217 70 184 48 119 102 55 111 48 89 275 93 268 315 0 6 6 0 0 0 0 0 0 0 0 2 57 6 1 205 0 1 52 0 0 0 0 0 11 0 0 0 0 0 30 3 0 0 0 8 15 0 0 0 0 7 0 0 0 0 0 0 0 0 0 0 0 0 2 0 0 0 0 0 10 11 11 13 0 15 24 7 7 0 0 39 0 6 0 31 19 17 5 0 0 0 0 0 0 0 0 17 0 0 0 0 0 13 5 0 2 0 20 9 0 0 0 6 0 0 0 0 0 0 10 0 0 8 1 0 0 21 0 0 1 0 0 0 0 0 5 0 0 0 18 0 0 0 5 0 0 10 7 5 24 26 29 21 18 18 0 30 17 14 14 0 0 0 0 0 0 7 32 1 10 0 0 0 0 0 0 0 0 0 0 0 0 12 7 9 0 0 32 15 0 0 0 0 0 0 8 0 0 0 0 18 0 1 0 0 0 0 0 10 1 0 4 0 38 10 2 0 0 0 0 0 0 0 0 0 0 0 0 0 0 0 0 9 33 22 0 10 0 14 
 0 0 0 0 0 0 1 0 0 0 0 5 0 0 0 0 0 0 0 0 0 0 0 0 0 0 0 0 0 0 0 3 1 4 1 0 0 1 0 0 136 191 0 130 85 349 483 102 350 131 417 193 120 98 58 268 301 38 98 173 4 0 0 0 0 0 0 0 0 0 49 0 24 0 1 0 0 1 30 4 0 0 0 0 0 0 0 0 0 0 0 0 0 0 0 0 0 0 0 0 0 0 0 0 0 0 0 0 0 0 0 0 0 0 0 0 0 0 0 0 23 21 25 38 11 14 0 16 14 15 9 39 0 0 9 12 12 9 0 0 14 0 0 0 0 0 19 28 0 2 0 0 0 18 12 0 0 6 22 11 0 0 0 0 0 0 0 0 0 0 0 0 0 3 0 0 0 2 0 0 0 0 0 0 0 0 0 0 0 0 0 0 0 0 0 0 0 0 0 0 0 15 129 15 29 63 0 37 10 4 17 23 9 20 6 0 3 22 34 8 1 0 23 0 0 0 10 0 0 0 0 0 0 0 17 23 0 0 11 2 0 0 0 0 0 0 0 0 0 0 0 7 0 0 0 0 0 2 0 12 0 0 2 0 70 12 0 0 0 0 0 0 0 0 2 0 0 0 0 0 0 0 1 0 22 14 0 0 0 0 
 0 0 0 0 0 0 0 0 0 0 0 0 0 0 0 0 0 0 3 8 3 8 12 3 3 0 4 12 3 17 3 5 3 14 3 8 3 3 3 3 38 56 130 0 227 172 376 138 508 109 112 97 192 152 118 143 98 172 57 87 0 0 3 0 0 0 0 0 0 0 0 3 1 0 2 1 0 4 16 0 0 0 0 0 0 0 0 0 0 0 0 0 0 0 0 0 0 0 0 0 0 0 0 3 0 19 0 16 0 13 0 11 0 0 0 13 0 0 0 0 0 0 0 0 0 53 0 20 26 10 12 10 0 0 0 0 0 9 0 0 0 0 0 0 0 0 24 8 0 0 0 0 0 14 0 0 0 0 0 0 0 0 0 0 0 0 0 0 20 0 0 0 0 0 0 0 0 4 0 0 0 9 3 12 0 21 0 15 0 4 6 0 0 0 0 5 0 8 0 0 0 0 0 32 0 13 0 26 21 31 0 9 3 0 8 9 0 10 0 3 0 11 0 0 0 0 0 0 0 0 0 0 23 11 36 0 0 0 31 21 0 0 17 0 0 1 0 0 0 0 0 9 0 0 0 20 0 0 0 2 13 26 64 1 2 4 4 1 0 0 7 0 0 0 0 0 0 0 0 0 0 10 0 0 0 0 0 0 0 0 
 3 0 0 0 0 0 3 0 0 0 0 0 0 0 0 0 0 0 0 0 3 0 0 0 0 0 1 0 0 0 0 0 0 3 0 0 0 0 27 0 93 249 85 227 0 94 68 419 286 135 126 126 135 141 133 144 361 96 88 362 0 0 0 0 6 0 0 0 62 0 0 1 0 39 11 0 0 2 74 50 0 0 0 0 0 0 0 0 0 0 0 0 0 0 0 0 0 0 0 0 0 0 0 0 0 0 0 0 0 0 0 0 0 0 0 0 0 0 0 0 1 1 8 0 27 37 0 1 36 2 36 0 0 0 1 0 19 14 0 0 57 0 0 3 4 5 1 0 15 4 0 3 15 0 8 27 11 9 0 19 0 0 0 0 0 0 0 0 0 0 0 6 0 0 0 0 10 1 0 0 0 0 0 0 0 0 0 0 0 0 2 0 0 0 0 0 0 0 0 0 0 0 14 33 0 46 0 47 12 15 9 19 1 29 20 25 0 23 0 1 13 0 0 4 4 13 16 1 2 31 0 1 31 0 1 3 5 0 76 23 0 0 0 0 0 0 0 0 0 0 0 11 0 0 0 0 0 0 0 1 0 0 70 0 1 3 5 0 0 1 8 0 0 0 0 0 0 0 0 0 0 0 0 0 0 0 0 0 0 0 
 0 4 0 0 0 0 0 1 0 0 0 0 0 0 0 4 4 1 0 7 3 3 3 3 3 0 3 3 209 3 211 5 3 3 3 3 3 3 3 3 30 28 349 172 94 0 109 185 89 120 78 66 248 274 401 110 147 117 53 48 105 0 0 0 0 0 22 53 0 0 0 0 51 0 0 0 0 0 58 51 25 0 0 0 0 0 2 0 6 0 0 0 0 0 0 0 0 6 4 6 0 0 0 0 0 0 0 0 0 0 0 0 0 0 0 0 0 0 0 0 0 0 0 11 28 16 0 0 18 0 0 22 0 0 0 0 0 0 0 0 0 7 0 0 0 0 4 28 0 0 0 0 44 15 0 0 0 0 12 0 0 2 0 0 0 0 2 1 0 22 0 0 0 0 1 0 5 6 0 0 0 0 0 0 0 0 0 0 0 0 0 0 0 0 0 0 0 0 0 0 0 0 0 22 26 14 0 0 7 27 0 4 0 0 0 0 0 0 0 0 0 52 15 0 0 0 0 28 40 0 0 0 37 9 20 0 0 0 1 22 0 0 0 0 0 0 0 0 0 0 0 5 0 0 0 0 0 0 0 0 0 0 0 66 36 1 0 5 4 0 0 0 0 0 0 0 0 0 0 0 0 0 0 0 12 0 0 9 0 0 
 0 0 0 0 0 0 0 0 0 0 0 0 0 2 0 0 0 0 0 0 0 0 0 0 2 0 0 0 0 0 0 8 0 2 0 2 0 0 0 0 146 217 483 376 68 109 0 214 193 51 56 27 157 272 154 310 93 97 133 174 3 0 4 0 3 5 0 0 0 14 0 3 1 0 0 0 2 2 0 0 0 0 0 0 0 0 0 0 8 0 0 0 0 0 0 0 0 0 0 0 0 0 0 0 0 0 0 0 0 0 0 0 0 0 0 0 0 0 0 0 13 14 14 17 7 15 11 10 23 7 36 14 1 0 14 0 13 23 12 0 0 0 0 0 0 0 0 1 0 0 0 0 15 0 0 0 0 0 8 0 0 0 0 0 0 0 0 0 0 0 0 0 0 7 0 0 0 0 0 0 0 0 9 0 0 0 0 0 0 0 0 0 0 0 0 0 0 0 0 0 10 7 10 35 23 19 15 47 9 15 2 14 15 12 0 4 25 6 0 36 0 60 10 0 0 0 27 0 0 0 0 0 0 0 0 0 0 0 27 0 0 0 0 0 0 0 0 0 0 0 0 6 0 0 0 0 0 0 0 15 0 0 0 0 0 9 0 0 0 0 0 0 0 0 0 0 0 0 0 0 0 0 0 0 0 2 0 0 0 0 
 0 0 0 0 0 0 0 0 0 0 0 0 0 0 0 0 0 0 0 0 0 0 0 0 63 0 0 0 0 0 0 0 0 0 0 0 0 0 0 0 66 70 102 138 419 185 214 0 107 117 96 95 93 146 139 55 117 119 67 329 0 0 0 0 6 3 0 4 0 1 0 0 54 2 1 0 0 1 0 1 0 0 0 0 0 9 0 0 0 0 0 0 0 0 0 0 0 0 0 0 0 0 0 0 0 0 0 0 0 0 0 12 0 0 0 0 0 0 0 0 0 0 0 0 1 28 0 0 33 10 15 10 0 22 18 8 23 17 0 2 0 0 0 0 0 16 0 1 0 0 13 0 34 0 0 0 4 0 1 17 0 8 0 12 0 0 0 0 0 0 0 0 12 21 0 0 0 0 0 0 0 0 0 0 9 0 0 19 0 0 0 0 0 0 0 0 0 0 0 0 1 7 0 29 1 9 15 0 17 23 24 0 0 0 0 12 0 27 10 0 0 0 11 0 0 0 21 0 0 0 0 0 13 0 0 0 0 0 41 37 0 0 0 0 0 0 0 0 0 0 0 8 0 0 0 0 0 0 0 0 0 0 14 0 1 0 0 0 0 0 15 0 0 0 0 0 0 0 0 0 0 0 0 0 0 0 0 9 0 0 
 0 0 0 0 0 0 3 38 0 0 0 0 6 0 0 0 0 0 0 2 1 0 0 0 0 0 0 0 0 0 0 23 0 7 0 0 0 0 0 0 27 184 350 508 286 89 193 107 0 80 332 100 188 139 86 62 99 33 87 129 0 0 0 0 3 9 0 0 0 14 0 0 51 0 0 0 0 3 53 0 0 0 0 0 0 0 0 0 0 0 0 0 0 0 0 0 0 0 0 0 0 0 0 0 0 0 0 0 0 0 0 0 0 0 0 0 0 0 0 0 11 32 13 29 0 13 32 14 7 11 1 37 0 2 11 30 1 7 0 0 0 0 0 0 0 0 0 37 0 0 0 0 0 13 5 0 6 0 15 20 0 0 0 0 0 0 0 0 0 0 5 0 0 7 0 0 0 17 0 0 0 0 0 0 0 0 11 0 0 0 0 0 10 0 0 0 0 0 0 0 0 18 30 20 33 19 0 19 17 8 0 1 11 1 1 1 33 18 20 8 0 0 12 0 0 0 0 0 0 0 0 0 0 0 6 19 44 0 20 15 0 0 0 0 0 0 0 0 0 0 0 7 0 0 0 0 0 0 0 9 0 0 0 0 31 11 4 0 0 0 0 0 0 0 0 0 0 0 0 0 0 0 0 0 14 22 0 9 0 0 
 0 0 0 0 78 1 5 66 63 62 92 0 0 0 0 0 63 75 4 0 0 1 0 0 0 0 0 67 0 0 0 0 1 2 0 0 0 0 83 64 248 48 131 109 135 120 51 117 80 0 91 88 256 100 364 178 90 54 84 296 3 0 0 0 33 0 0 0 0 63 0 0 52 51 3 0 0 1 62 7 0 0 0 3 0 0 0 0 0 3 0 0 0 0 0 4 0 0 0 0 0 0 0 0 0 0 0 0 0 0 0 0 21 20 0 0 0 0 0 1 0 0 0 11 10 30 0 8 2 0 0 4 0 0 0 0 9 0 0 0 0 0 3 0 0 0 18 0 14 4 0 0 13 10 4 0 12 5 0 10 0 0 25 0 1 0 0 0 15 0 0 0 0 0 0 7 0 0 0 0 0 0 0 0 0 0 0 22 0 0 0 0 0 0 0 0 0 0 0 0 0 0 0 21 8 24 0 0 7 6 67 43 0 0 13 8 0 0 0 0 1 0 0 0 0 0 0 17 0 0 0 0 2 7 7 6 0 12 9 27 0 0 0 0 0 0 1 0 0 0 0 6 0 0 0 0 0 0 0 1 0 28 0 2 1 4 3 0 0 0 0 0 0 0 0 23 0 8 0 0 0 2 0 0 6 0 0 0 0 0 
 4 0 0 1 4 9 0 0 0 10 1 64 0 0 0 0 0 0 4 0 0 1 64 0 1 0 11 1 62 0 1 0 66 3 0 0 1 3 0 0 35 119 417 112 126 78 56 96 332 91 0 132 40 44 199 93 338 107 48 58 0 25 0 0 0 0 0 0 0 6 0 5 52 0 0 0 0 2 51 0 0 0 0 6 4 0 0 0 0 0 5 13 0 0 0 6 10 0 0 0 0 14 0 0 0 0 1 10 0 0 0 0 0 4 1 10 7 0 0 0 0 6 8 8 0 25 10 0 22 0 8 14 0 0 0 0 0 0 10 7 0 0 0 0 0 1 0 23 0 0 0 0 0 9 0 0 0 0 13 0 0 0 0 5 0 14 0 0 0 0 4 0 0 3 0 0 0 0 0 0 0 11 1 22 0 0 6 0 0 0 0 0 0 9 38 0 0 11 5 6 9 8 0 0 28 67 0 25 12 18 0 0 0 0 0 0 10 11 0 26 0 0 0 0 0 0 0 0 0 0 0 0 11 5 6 0 0 0 14 17 0 0 0 0 0 0 7 0 0 0 0 10 0 0 0 0 0 1 0 15 0 0 73 0 33 12 2 4 0 0 7 0 0 0 0 0 0 0 0 0 0 0 0 0 11 0 0 9 0 0 
 2 1 0 0 0 0 3 0 0 0 0 63 0 0 0 0 0 7 0 0 0 2 71 8 10 0 0 0 65 0 5 9 61 2 1 1 10 1 0 0 43 102 193 97 126 66 27 95 100 88 132 0 44 38 100 248 292 141 54 45 0 12 0 0 0 0 0 0 0 3 0 0 50 55 0 0 0 2 51 0 0 0 0 0 0 0 0 0 0 7 0 0 0 0 0 0 0 0 0 0 0 19 0 1 0 4 0 17 0 0 0 0 0 0 0 3 15 0 0 0 9 0 0 7 0 22 4 24 23 15 2 11 0 0 20 1 0 0 9 17 0 5 0 0 0 0 22 0 10 0 0 0 0 26 14 0 0 0 15 21 0 0 0 0 0 14 0 0 0 0 0 0 0 9 0 0 0 11 0 0 0 14 0 12 22 0 0 0 0 0 0 13 0 15 24 0 0 17 0 0 2 4 4 0 10 21 0 40 20 16 8 0 0 0 10 10 1 23 0 0 0 0 10 0 0 0 0 0 0 0 0 0 21 0 0 19 0 0 25 21 0 0 0 0 0 0 0 0 0 0 0 0 0 0 0 0 0 0 4 17 0 0 69 3 1 5 0 0 0 0 7 0 0 0 0 0 0 0 0 0 0 0 0 0 0 0 0 0 0 0 
 0 0 0 0 87 0 3 0 0 0 0 0 0 0 0 1 4 0 0 0 2 78 130 97 66 1 67 10 4 6 2 82 65 6 3 7 3 64 2 2 88 55 120 192 135 248 157 93 188 256 40 44 0 77 97 23 49 26 303 114 0 0 0 0 0 0 0 0 3 0 0 0 0 4 1 3 0 1 5 2 0 0 0 0 0 0 0 0 0 0 0 0 0 0 0 0 0 0 0 0 0 0 11 5 1 13 0 4 1 4 5 4 0 4 0 3 0 7 0 6 13 38 41 14 0 20 0 36 0 1 5 33 10 32 0 39 25 0 0 0 0 0 0 0 0 0 0 17 0 0 0 0 13 0 12 0 4 0 0 0 0 0 0 66 0 0 13 0 0 0 0 0 0 0 0 0 0 0 0 0 9 0 16 5 0 31 0 0 21 12 18 15 0 10 0 6 0 11 0 0 0 0 46 10 27 8 0 20 1 7 0 23 0 23 33 11 50 25 10 12 0 0 0 0 0 0 0 0 0 0 0 0 0 0 0 0 0 0 0 0 0 0 9 0 0 0 0 0 0 0 0 2 2 1 0 0 0 0 3 0 0 0 0 0 0 4 18 2 0 0 0 0 0 0 0 0 0 0 0 0 0 3 0 0 0 0 0 0 0 0 
 0 0 0 0 0 8 43 0 0 0 3 22 0 0 1 0 0 0 0 0 0 0 0 62 0 62 0 0 0 0 0 0 2 0 0 0 0 0 0 0 30 111 98 152 141 274 272 146 139 100 44 38 77 0 147 161 22 53 121 295 0 4 0 10 0 0 0 4 5 0 0 0 0 5 5 0 4 11 0 0 0 0 0 0 0 0 0 0 0 0 0 0 0 0 0 0 0 0 0 0 0 0 0 12 5 27 0 0 0 1 18 12 0 0 0 0 0 0 0 0 46 0 0 9 1 10 0 9 13 0 19 19 8 6 10 43 62 20 12 0 0 0 0 0 0 0 0 12 0 0 0 9 0 0 5 0 11 0 0 0 0 2 8 3 0 0 0 0 0 0 0 0 5 0 0 0 0 0 0 0 0 1 0 0 8 0 0 0 0 0 19 0 0 0 0 0 0 0 0 0 20 15 26 67 9 0 1 19 6 1 10 8 11 0 0 11 0 0 39 1 0 4 0 0 0 4 0 0 4 15 1 0 11 0 1 0 53 0 1 0 0 0 0 0 0 0 0 0 0 0 0 7 0 0 0 0 0 0 2 0 0 0 0 0 0 2 0 0 0 0 0 0 0 0 0 4 0 0 0 0 0 0 0 0 0 2 0 1 0 0 
 3 2 3 3 3 3 3 3 3 3 3 3 3 3 3 68 3 3 3 3 4 2 3 63 66 0 3 2 24 2 2 4 6 2 2 2 2 2 2 2 170 48 58 118 133 401 154 139 86 364 199 100 97 147 0 73 338 105 53 239 0 0 0 0 3 0 0 0 0 0 0 0 0 0 5 0 0 51 205 0 0 0 0 0 0 0 0 0 0 0 0 0 0 0 0 0 0 0 0 0 0 0 0 0 0 10 0 0 0 0 0 0 0 0 0 0 0 0 0 0 35 31 22 17 0 14 13 0 51 1 22 25 0 5 0 5 26 35 2 22 0 0 0 0 0 0 0 0 0 0 5 0 0 0 0 0 0 0 0 18 0 0 0 0 0 0 0 0 0 0 0 0 0 75 0 0 0 0 0 0 0 0 0 0 0 10 0 0 0 0 0 8 0 0 0 0 0 0 0 0 3 23 1 15 6 27 0 3 18 14 38 0 0 21 1 26 8 17 7 19 0 0 0 0 0 0 0 0 0 0 0 0 0 0 0 2 0 0 25 15 0 0 0 0 0 0 0 0 0 0 0 27 0 0 0 0 0 0 0 10 0 0 8 0 0 23 0 0 1 0 1 0 0 0 0 0 0 0 0 0 0 0 0 0 0 0 0 0 0 0 
 2 0 0 0 0 64 3 0 0 0 3 10 0 0 0 1 0 3 0 3 0 1 0 1 0 17 0 0 0 0 2 0 2 48 0 1 0 1 0 0 30 89 268 143 144 110 310 55 62 178 93 248 23 161 73 0 130 110 39 280 0 7 0 13 0 0 3 5 4 0 3 0 3 4 6 0 6 10 0 4 0 0 0 0 0 8 0 0 0 0 0 16 0 0 0 0 0 0 0 0 15 0 0 0 0 0 0 0 0 0 0 0 0 0 0 0 2 0 9 0 0 0 0 0 1 24 10 1 0 1 11 1 0 10 0 6 12 24 24 0 0 0 0 4 0 0 0 16 0 0 0 8 21 1 0 0 35 0 1 0 0 7 5 0 12 0 0 0 0 0 0 0 0 0 0 0 0 0 0 0 4 0 0 14 0 0 0 0 0 1 11 0 8 20 0 0 0 0 0 3 13 19 0 29 1 0 0 0 1 20 0 1 0 0 5 0 0 0 7 0 0 4 0 0 0 5 13 10 5 18 0 0 0 0 1 0 13 0 20 17 0 0 0 0 0 0 0 0 0 0 0 6 0 0 0 0 0 1 1 1 0 0 0 70 1 1 0 0 0 0 0 0 0 2 0 5 0 0 0 0 0 0 0 0 6 24 0 10 0 0 
 4 3 3 3 3 3 6 3 65 3 3 3 9 3 3 3 3 6 3 6 0 0 0 0 64 0 0 0 0 0 0 0 3 0 0 0 0 0 0 0 19 275 301 98 361 147 93 117 99 90 338 292 49 22 338 130 0 121 25 507 0 0 0 0 0 0 0 0 0 0 0 3 17 0 0 206 18 1 4 1 0 0 0 0 0 0 0 0 0 0 0 0 0 0 8 0 0 0 0 0 0 0 0 0 0 0 0 0 0 0 0 0 0 0 0 0 0 0 0 0 1 0 0 13 1 0 9 0 25 13 31 10 1 12 0 0 0 27 10 4 1 0 0 0 0 5 0 0 0 0 0 0 0 6 0 0 0 0 0 0 0 0 0 0 0 0 0 0 0 0 0 0 0 0 0 0 0 0 0 0 0 0 0 0 0 0 0 0 0 0 0 0 0 0 0 0 0 0 0 0 10 10 0 30 10 0 1 21 1 0 4 8 13 11 0 19 10 13 9 9 0 5 0 0 0 0 0 0 0 1 0 0 18 20 14 0 0 0 1 36 0 0 10 0 0 0 0 0 0 0 0 2 0 0 0 0 0 0 0 0 0 0 66 0 1 1 3 0 0 0 10 0 0 0 0 0 0 0 0 0 0 0 0 0 11 13 0 1 0 0 
 7 0 0 0 0 0 2 0 0 0 0 0 0 0 0 0 77 2 0 0 0 0 0 0 62 0 0 0 0 0 0 1 0 1 0 0 0 0 0 0 94 93 38 172 96 117 97 119 33 54 107 141 26 53 105 110 121 0 32 100 3 0 0 0 0 0 0 0 0 1 0 2 0 0 0 0 0 1 0 0 0 0 0 0 0 0 0 0 0 0 0 0 0 0 0 0 0 0 0 0 0 0 0 0 0 0 0 0 0 0 0 0 0 0 0 0 1 12 0 0 18 0 0 0 0 20 0 1 64 21 9 13 0 0 0 0 8 0 0 0 0 0 0 0 7 0 0 0 0 0 0 0 25 0 0 0 0 0 0 0 0 0 0 0 0 0 0 0 0 0 0 0 0 0 0 12 0 0 0 0 0 0 0 0 0 0 0 0 0 0 0 0 0 0 0 0 0 0 0 0 0 0 0 24 1 2 0 2 35 16 15 18 5 4 0 9 0 0 8 0 0 21 0 0 0 0 0 17 0 0 0 0 48 10 17 0 0 12 9 43 0 0 0 0 0 0 0 0 0 0 0 10 0 2 0 0 0 0 0 2 0 1 0 1 2 2 1 0 0 0 0 0 0 0 0 0 0 0 0 0 0 0 0 0 0 0 0 0 0 0 
 63 0 0 0 0 0 0 0 0 0 0 0 0 3 0 0 0 2 6 0 0 63 0 0 128 26 0 0 64 0 1 117 2 6 0 62 63 64 0 0 109 268 98 57 88 53 133 67 87 84 48 54 303 121 53 39 25 32 0 286 14 0 0 0 0 0 0 0 0 0 0 0 0 2 0 6 0 0 3 2 0 0 0 0 0 0 0 0 0 0 0 0 0 0 0 0 0 0 0 0 0 0 0 17 19 5 2 0 0 0 25 14 2 0 0 0 0 1 0 0 16 29 0 13 0 0 10 12 0 10 1 5 30 37 55 7 18 0 13 10 4 0 0 0 0 0 10 0 0 3 0 0 1 0 6 0 0 17 4 0 0 12 0 6 0 0 0 0 0 0 0 0 4 0 0 0 0 0 0 0 1 0 0 11 55 0 0 0 0 1 12 14 0 0 0 0 0 0 0 0 24 0 0 4 11 0 30 0 0 0 0 19 48 9 7 22 11 9 9 23 40 0 0 1 0 0 1 0 0 0 0 0 1 0 10 17 0 0 0 1 0 0 0 0 0 0 0 0 0 0 0 5 0 0 0 0 0 0 0 0 0 0 0 0 0 2 0 0 0 0 0 0 0 0 0 0 0 0 0 0 0 0 0 0 3 13 0 0 0 0 
 0 0 0 0 0 0 2 0 0 0 0 0 0 0 0 0 0 0 0 0 0 0 0 1 1 6 0 0 0 0 0 1 0 0 0 0 0 6 0 0 123 315 173 87 362 48 174 329 129 296 58 45 114 295 239 280 507 100 286 0 0 0 0 0 0 0 0 0 0 0 0 0 0 0 0 1 0 2 0 0 0 0 0 0 0 0 0 0 0 0 0 0 0 0 0 0 0 0 2 0 0 0 0 0 19 0 0 0 0 0 0 16 0 0 0 0 0 0 0 0 46 10 8 31 1 13 0 12 7 8 20 0 12 5 39 4 56 21 1 0 0 0 0 0 0 0 0 0 0 0 0 0 0 0 0 0 0 0 0 0 0 6 0 10 0 0 0 0 0 0 0 0 10 0 0 0 0 0 0 0 0 0 0 0 3 0 0 0 0 0 0 0 0 0 0 0 0 0 0 0 0 0 23 13 13 14 20 31 9 10 22 52 41 19 6 7 17 7 0 14 0 0 0 0 0 0 0 0 0 0 0 0 0 0 0 0 0 0 5 0 0 0 0 0 0 0 0 0 0 0 0 9 0 0 0 0 0 0 0 0 0 0 1 0 0 3 0 0 0 0 0 0 0 0 0 0 0 0 0 0 0 0 1 0 0 2 0 0 0 0 
 3 2 3 3 3 5 3 3 3 3 8 3 5 3 3 3 3 3 3 3 0 0 0 0 0 0 0 0 0 0 0 0 2 0 0 0 0 0 46 0 0 0 4 0 0 105 3 0 0 3 0 0 0 0 0 0 0 3 14 0 0 140 294 115 49 51 186 68 52 92 24 43 119 64 98 50 49 31 64 51 0 0 0 0 0 0 0 0 0 0 0 0 0 0 0 0 0 0 0 0 0 0 0 0 0 0 0 14 0 0 0 0 0 0 0 0 0 0 0 0 0 0 0 0 33 1 0 0 0 0 0 4 0 0 0 0 0 0 0 0 17 12 23 0 7 0 14 0 2 3 9 2 7 0 18 1 12 11 0 12 0 0 0 0 0 0 0 0 0 0 3 15 0 0 0 8 0 0 0 0 0 0 0 0 0 0 0 0 0 0 0 0 0 0 0 0 0 0 0 0 0 0 0 9 0 0 0 0 0 0 0 12 0 0 0 0 21 0 0 0 21 9 18 16 0 2 18 10 11 0 49 0 25 10 18 24 10 10 0 7 0 0 0 0 0 0 0 0 0 0 0 0 0 0 13 0 0 0 0 0 0 0 0 0 0 0 0 0 0 0 34 2 0 3 2 0 0 0 0 0 0 0 0 0 6 0 0 0 0 0 
