 0 62 46 53 38 50 618 184 46 128 37 263 256 117 427 118 490 48 89 498 0 0 0 0 0 0 3 0 4 2 0 0 3 2 2 0 3 0 0 4 1 0 0 0 2 3 0 0 0 0 3 0 3 3 0 0 0 66 0 0 0 3 0 0 0 0 0 3 0 0 0 0 0 0 0 0 3 0 0 0 47 49 31 0 0 0 0 47 44 4 38 0 0 8 50 61 7 2 20 36 0 0 0 0 0 0 0 0 0 0 0 0 1 0 0 0 0 0 0 0 0 0 0 0 0 0 0 0 14 0 0 0 0 0 0 0 0 0 0 0 0 0 0 0 0 10 0 0 0 0 0 0 0 0 0 0 0 0 0 0 16 30 2 13 0 0 25 0 25 0 1 0 29 11 8 20 0 42 28 0 0 0 0 0 0 0 0 0 0 0 0 0 0 0 0 4 0 0 0 0 0 0 0 0 0 0 0 0 0 0 1 14 0 0 0 0 0 0 0 0 0 0 0 0 0 0 0 0 0 0 0 0 0 0 0 0 0 0 0 0 0 2 0 0 0 0 1 0 0 2 0 7 10 0 0 0 0 0 0 0 2 0 0 0 0 0 0 0 0 0 0 0 0 0 0 10 0 0 0 0 0 0 0 0 0 0 0 0 0 0 
 62 0 546 156 108 61 115 221 61 126 125 197 276 528 277 59 135 206 257 196 6 0 3 2 1 22 3 0 2 2 0 0 3 2 3 0 2 0 211 0 1 0 0 0 2 3 0 0 0 0 3 0 3 3 0 0 2 0 0 0 2 3 0 0 2 3 0 2 0 0 0 0 0 0 0 0 3 2 2 0 1 1 12 11 24 29 0 61 28 14 15 44 8 1 27 20 16 19 0 0 0 0 0 0 0 0 7 25 0 0 0 0 0 1 0 0 0 0 0 21 0 0 0 0 0 14 0 0 0 0 0 0 0 2 20 0 0 0 0 0 0 0 0 0 14 0 0 0 0 0 0 0 4 1 0 0 0 0 0 0 12 19 23 24 0 31 0 0 21 3 14 10 10 0 28 0 23 14 0 17 0 0 0 0 0 0 0 0 0 0 0 0 45 0 0 0 0 0 48 0 0 0 0 0 0 0 0 0 0 0 0 0 0 0 0 2 0 0 0 0 0 0 0 0 0 0 1 1 0 0 0 0 0 0 0 0 0 0 0 0 0 0 0 0 0 1 2 0 89 1 13 7 0 0 0 0 0 0 0 0 2 0 10 0 0 0 0 0 4 0 0 0 0 0 0 1 10 0 0 0 0 0 0 0 0 0 0 0 0 1 
 46 546 0 496 193 52 172 184 142 194 301 256 56 254 154 143 59 119 43 33 74 1 0 0 0 78 4 0 5 5 1 1 75 2 1 1 2 3 1 76 0 0 0 0 4 7 0 0 0 0 6 0 5 5 0 0 0 0 39 0 0 4 0 0 0 0 0 4 0 0 1 29 0 0 0 0 4 0 1 4 0 11 14 0 11 30 0 0 9 23 0 6 1 0 11 2 32 17 0 0 10 15 1 0 0 0 15 6 0 16 0 0 1 10 18 0 0 0 22 0 0 0 0 0 0 0 0 0 0 0 0 0 0 0 1 0 14 0 0 0 0 0 0 0 0 0 0 0 0 0 0 0 0 0 0 0 0 0 0 0 0 0 54 15 14 1 0 0 6 1 12 10 0 0 0 19 28 0 0 15 0 9 1 0 0 0 0 0 0 0 0 0 30 12 15 1 29 0 36 15 0 0 0 0 0 0 0 0 0 0 0 0 0 0 0 0 0 0 0 0 0 0 0 0 0 0 0 0 0 0 0 0 0 0 0 0 0 0 0 0 0 0 0 0 0 0 93 0 11 93 12 11 0 0 0 0 0 0 0 0 0 0 21 0 0 0 0 0 0 0 0 0 0 0 0 0 26 0 0 0 0 0 0 0 0 0 0 0 0 0 
 53 156 496 0 384 227 151 184 74 203 146 302 103 74 262 133 75 106 57 57 75 0 1 0 0 0 3 1 2 2 0 0 3 1 39 0 2 0 75 0 0 0 0 0 2 3 0 0 0 0 3 0 3 3 0 0 0 0 0 0 0 3 0 0 0 0 0 3 0 0 0 0 0 0 0 0 3 0 0 0 0 0 16 25 66 1 0 11 12 21 20 29 0 0 1 0 14 0 0 0 12 13 0 0 2 0 10 11 0 0 0 0 10 27 0 0 15 11 6 26 0 0 0 0 0 2 0 0 0 0 0 0 0 0 0 0 11 2 0 0 0 0 0 0 0 0 0 0 0 0 0 0 4 0 0 0 0 0 0 0 0 1 21 0 0 1 0 0 4 34 23 12 2 0 0 16 15 12 0 1 20 0 24 0 0 0 26 53 0 0 0 0 27 17 18 10 15 0 41 0 0 9 0 0 0 0 1 0 0 1 0 0 0 0 0 0 0 0 0 0 0 0 2 0 0 0 0 0 0 0 0 0 0 0 0 0 0 0 0 0 0 18 0 0 0 2 2 0 3 18 0 14 0 0 0 0 0 0 0 0 0 0 13 0 0 0 0 0 0 0 0 0 0 0 0 16 0 20 0 0 0 0 0 0 0 0 0 0 0 0 
 38 108 193 384 0 88 63 80 191 166 172 153 295 371 187 67 32 303 62 51 0 2 2 2 2 0 3 2 4 2 74 0 3 3 0 8 2 2 176 72 0 1 0 0 4 3 0 0 0 0 3 2 3 3 63 0 0 2 0 17 0 3 0 0 0 0 0 3 0 0 0 0 0 0 0 0 3 1 0 0 0 0 0 29 3 56 0 0 10 26 0 22 11 0 0 30 11 0 0 2 0 1 0 0 0 0 0 0 3 0 0 0 1 16 0 0 1 0 0 1 0 2 0 0 0 0 0 0 0 0 0 11 0 0 0 0 13 0 0 0 0 0 0 0 0 0 0 0 0 12 0 0 0 0 0 0 0 0 2 0 0 0 0 9 2 8 0 0 9 1 51 9 0 0 0 63 11 1 1 0 0 0 0 0 0 0 16 0 0 1 0 0 15 17 0 0 0 0 30 0 0 0 0 0 0 0 0 0 1 0 0 0 0 0 0 0 0 0 0 0 0 0 0 0 0 0 0 0 0 0 0 0 0 1 0 0 0 0 0 0 0 9 0 0 0 3 3 0 88 90 9 16 0 0 0 0 0 0 0 0 0 0 0 0 0 0 0 0 0 0 0 0 0 0 0 0 6 0 0 0 0 0 0 0 0 0 0 0 0 0 
 50 61 52 227 88 0 37 89 311 342 193 236 41 148 283 83 45 183 54 50 74 26 0 0 0 0 4 0 75 2 0 0 22 74 1 73 78 0 74 1 0 0 0 0 2 3 0 0 0 0 3 0 3 3 0 0 0 0 0 0 0 3 0 0 48 0 0 3 0 0 0 0 0 0 0 0 3 0 0 0 0 1 0 0 7 12 0 0 10 0 15 9 0 0 0 17 13 1 10 0 0 1 0 9 0 0 9 28 13 16 13 0 31 27 0 16 21 0 10 10 0 0 0 0 0 0 0 0 0 0 0 0 0 0 0 0 15 0 0 0 0 0 33 0 0 0 0 0 0 3 0 0 0 0 0 0 0 0 0 0 13 1 0 0 27 14 0 0 0 1 9 10 0 0 0 19 1 2 0 0 0 13 11 11 0 2 0 20 38 32 7 0 0 75 15 62 1 2 24 14 0 0 13 0 0 0 0 0 0 0 0 0 0 2 0 0 0 0 0 0 0 0 0 0 0 0 0 0 0 0 0 0 0 0 0 0 0 16 0 0 0 0 0 0 0 5 85 0 0 87 0 11 0 0 0 0 0 0 0 0 0 14 0 0 0 0 0 0 0 0 0 0 0 0 0 0 0 0 0 0 0 19 0 0 0 0 0 0 0 0 
 618 115 172 151 63 37 0 289 54 324 158 251 429 64 139 854 49 258 160 320 0 2 0 0 0 1 206 0 2 2 0 0 3 2 2 0 9 0 0 3 1 0 0 0 2 3 57 0 2 0 3 0 3 3 0 0 3 0 0 0 0 3 0 0 0 2 6 51 0 0 0 0 0 0 0 0 3 6 0 0 0 32 0 0 2 0 46 35 12 18 22 0 28 17 14 0 12 18 0 25 18 0 0 0 0 0 0 0 0 0 0 0 0 0 0 0 0 0 21 0 18 2 0 0 0 0 0 0 0 0 0 0 0 8 0 0 0 0 0 0 0 0 0 0 0 0 0 0 0 0 0 0 0 0 0 0 0 0 0 0 12 15 0 27 0 0 13 21 10 4 7 0 13 0 22 9 0 20 27 18 0 0 0 0 0 2 0 0 0 0 0 1 0 0 0 0 0 0 0 0 0 0 0 0 0 4 0 0 1 0 0 0 0 2 0 0 0 0 0 0 0 0 0 0 0 0 0 19 0 0 0 0 0 0 0 2 0 0 0 1 0 0 0 0 0 0 2 0 0 102 0 6 0 0 0 0 0 0 0 0 0 0 0 0 0 0 0 0 0 0 0 0 0 0 0 11 14 0 0 0 0 0 0 0 0 0 0 0 0 0 
 184 221 184 184 80 89 289 0 79 531 191 135 231 153 258 335 205 328 122 26 0 0 0 55 0 0 4 0 70 4 0 0 3 1 1 0 2 1 77 2 0 0 0 63 2 8 0 0 0 0 3 0 5 3 0 3 0 2 1 3 0 3 0 0 0 0 0 3 0 0 3 0 3 0 0 0 3 0 3 0 6 7 30 13 28 18 0 50 23 16 29 16 11 21 18 14 31 11 0 7 0 0 0 0 0 2 0 0 0 0 0 0 13 33 0 0 0 0 19 13 0 0 0 0 0 0 0 0 0 0 0 0 0 0 0 0 16 0 0 0 0 0 0 0 0 0 0 0 0 0 0 0 4 0 0 0 0 0 0 6 23 14 49 0 0 1 17 0 0 54 28 18 12 0 0 30 12 16 0 18 0 0 0 0 0 0 13 0 0 0 0 0 17 7 0 0 0 0 0 0 0 0 17 0 0 0 0 0 2 0 0 0 2 0 0 0 0 0 12 0 0 0 0 0 0 0 0 0 0 0 10 0 0 0 0 0 17 0 0 0 0 0 0 0 0 0 0 2 0 89 0 22 0 0 0 0 0 0 0 0 0 0 0 0 0 0 0 0 0 0 0 0 0 0 0 16 13 20 0 0 0 0 0 0 0 0 0 0 0 0 
 46 61 142 74 191 311 54 79 0 368 46 32 105 188 517 79 179 122 77 326 3 1 0 0 0 1 3 0 2 5 3 0 14 1 0 0 2 0 136 2 0 0 0 0 4 1 0 0 0 0 3 0 3 5 0 0 0 0 0 14 0 3 0 0 0 46 0 3 0 0 0 0 0 0 0 0 19 3 0 0 8 0 0 21 1 0 0 16 19 29 14 17 0 0 0 65 0 0 0 67 13 0 0 0 0 0 0 0 10 0 0 0 0 0 14 0 0 0 0 0 0 0 0 0 0 0 0 0 0 0 0 0 0 0 0 0 0 0 0 0 0 0 0 0 0 2 0 0 0 0 0 0 0 0 0 0 0 0 0 0 0 13 0 14 19 6 0 0 0 15 0 17 0 1 0 0 14 1 7 0 0 11 0 0 0 0 0 0 3 1 0 0 0 0 17 0 2 0 11 12 0 0 0 0 0 0 0 0 0 0 0 0 0 0 0 0 0 0 0 0 0 0 0 0 14 0 0 0 0 0 0 0 0 0 0 0 0 0 0 0 0 12 0 0 0 1 63 0 2 1 0 9 0 0 10 0 0 0 0 0 0 0 0 0 0 0 0 0 0 0 0 0 0 0 0 0 0 0 0 0 0 1 0 0 0 0 0 0 0 0 
 128 126 194 203 166 342 324 531 368 0 173 39 251 395 314 187 275 146 176 269 0 0 0 0 0 0 3 0 2 3 0 2 3 2 1 0 2 0 0 1 0 0 0 0 2 3 0 0 0 0 3 0 3 3 0 0 0 0 0 0 0 3 0 0 0 0 0 3 0 0 0 0 0 0 0 0 3 0 0 0 23 8 25 9 9 44 0 9 26 13 36 11 33 0 9 1 39 28 0 13 0 0 0 0 0 0 12 0 0 0 0 0 9 7 0 0 0 0 34 16 0 0 0 0 0 0 0 0 0 0 0 0 0 0 0 0 24 0 0 0 0 0 0 0 0 0 0 0 0 0 0 0 7 0 0 0 0 0 0 0 8 20 41 0 0 0 0 0 0 11 26 14 28 0 17 11 11 0 7 14 0 0 0 0 0 0 0 0 0 0 0 0 30 10 0 0 0 0 10 0 0 0 0 15 0 0 0 0 0 0 0 0 0 0 0 0 0 0 0 0 0 0 0 0 0 0 0 0 0 0 0 0 0 0 0 0 0 0 0 0 0 0 0 0 0 2 0 2 0 56 2 3 0 0 2 0 0 0 0 0 0 0 35 0 0 0 0 0 0 0 0 0 0 0 0 2 22 0 0 0 0 0 0 0 0 0 0 0 0 0 
 37 125 301 146 172 193 158 191 46 173 0 150 51 127 270 250 69 184 173 265 73 0 2 0 0 1 212 0 2 2 2 0 12 1 1 0 5 0 64 37 0 0 0 0 4 3 6 0 65 0 3 0 3 3 0 0 0 0 0 0 0 3 0 0 0 0 0 3 0 0 0 1 0 0 1 0 3 0 0 0 0 6 14 0 37 26 0 0 13 70 14 59 8 15 14 6 27 28 0 0 13 23 2 0 0 0 0 12 0 0 0 0 0 0 0 1 14 0 65 16 0 0 0 2 0 0 0 0 0 0 0 0 0 0 0 0 4 0 0 2 0 0 0 0 0 0 0 1 0 0 0 1 0 0 1 0 0 0 0 0 1 0 8 1 0 0 0 0 1 33 3 16 1 0 29 2 10 14 0 12 0 0 10 0 0 0 5 13 0 0 0 0 45 11 8 32 15 0 20 3 0 0 0 0 0 0 0 0 0 23 0 0 0 0 0 0 0 0 0 0 0 0 0 0 0 0 0 0 0 0 0 0 0 0 0 0 0 0 0 0 0 0 0 0 0 0 7 1 5 50 1 13 0 2 0 0 0 0 0 0 0 20 0 0 0 0 0 0 0 0 0 0 0 0 0 18 38 17 0 0 0 0 0 0 0 0 0 0 0 0 
 263 197 256 302 153 236 251 135 32 39 150 0 48 29 133 122 149 195 36 31 0 94 0 0 0 0 3 0 2 2 0 0 78 0 36 0 2 1 115 0 1 0 0 0 2 3 0 0 0 0 3 0 3 3 0 0 0 0 0 0 0 3 0 0 0 0 0 2 0 0 0 0 0 0 0 0 3 0 0 0 0 0 9 57 43 19 1 13 0 13 29 14 0 0 0 0 25 12 2 0 9 0 21 16 0 0 0 16 11 0 1 0 14 46 0 0 13 10 6 24 0 0 0 0 0 0 0 0 0 0 0 0 0 0 0 0 1 0 0 0 0 0 0 1 0 0 0 0 0 0 0 0 4 0 0 0 0 0 0 0 0 6 25 16 12 11 0 15 15 42 24 18 0 0 0 35 9 26 0 0 8 0 0 0 0 1 17 8 10 16 0 4 13 3 0 2 0 0 36 1 21 0 2 0 0 0 0 0 0 0 0 0 0 1 0 0 0 0 0 0 0 0 0 0 0 0 0 0 0 2 0 0 0 0 0 0 0 0 0 2 0 0 0 0 0 4 9 0 49 0 12 9 0 0 0 0 0 0 0 0 0 0 0 0 0 0 0 0 0 0 0 0 0 0 0 16 8 20 0 0 0 1 0 0 0 0 0 0 0 0 
 256 276 56 103 295 41 429 231 105 251 51 48 0 276 35 190 55 125 174 77 0 0 0 0 74 3 3 0 2 2 0 0 5 1 80 0 7 0 0 1 2 0 0 0 2 5 0 0 0 0 3 0 3 3 0 0 6 0 0 7 5 3 0 0 0 0 17 3 0 0 0 0 0 0 0 0 3 0 0 0 12 20 52 14 0 0 0 13 58 18 0 0 13 44 21 40 1 9 15 67 1 0 0 0 0 0 0 0 0 0 20 0 0 0 0 2 0 0 7 0 0 0 0 2 0 0 0 0 0 0 2 0 0 0 0 0 0 0 0 0 0 0 0 0 0 0 0 0 0 2 0 2 1 0 1 0 0 0 0 0 30 0 43 12 0 0 42 11 8 15 7 0 29 11 54 10 12 2 11 0 0 0 0 0 0 6 0 0 0 0 0 0 2 0 0 0 0 0 1 0 0 0 0 0 0 2 0 0 0 0 0 0 0 0 0 0 0 0 0 0 0 0 0 0 0 0 0 0 0 0 0 0 0 2 0 0 0 0 0 0 0 0 0 0 0 0 0 0 0 2 0 31 8 0 0 1 0 0 0 0 0 0 0 0 0 0 0 0 0 2 0 0 0 0 0 0 0 0 0 0 0 0 0 0 0 0 0 0 0 16 
 117 528 254 74 371 148 64 153 188 395 127 29 276 0 492 134 177 40 254 313 0 0 0 0 0 1 11 7 2 2 3 0 5 1 1 0 2 0 0 3 1 0 0 0 2 3 0 0 63 0 3 0 3 3 0 0 28 0 0 0 0 3 0 0 0 0 0 3 0 0 0 2 0 0 0 0 5 0 2 0 31 13 45 15 31 10 0 15 38 0 19 14 23 37 30 49 5 43 0 26 0 0 0 0 0 0 0 0 0 9 0 0 0 0 0 0 0 0 2 0 0 1 0 0 0 0 0 0 0 0 0 2 0 0 0 0 0 0 0 0 0 0 0 0 0 0 0 0 0 0 0 0 8 1 0 0 0 0 0 0 41 18 12 0 0 0 14 20 18 14 7 0 55 9 16 10 29 0 25 39 0 0 0 0 1 0 0 0 0 0 0 2 14 0 0 0 0 0 8 0 2 0 0 0 0 0 0 0 0 0 0 18 0 0 0 1 0 0 0 0 0 0 0 0 0 0 0 0 0 0 0 0 0 0 0 0 0 0 0 0 0 0 0 0 0 0 0 0 0 88 0 11 0 0 0 0 0 0 0 0 0 0 0 0 0 0 0 0 0 0 0 0 0 0 0 0 0 1 0 0 0 0 0 0 0 0 0 0 0 0 
 427 277 154 262 187 283 139 258 517 314 270 133 35 492 0 137 135 153 270 185 0 0 0 5 0 0 3 3 4 2 0 0 6 4 1 0 2 0 62 91 2 0 2 0 2 6 0 0 0 0 3 0 3 3 9 0 0 1 0 0 0 3 7 0 0 0 0 3 2 0 0 0 0 0 2 0 3 2 0 0 13 0 11 2 62 19 1 13 65 16 21 20 7 0 22 14 0 14 0 0 0 0 0 0 0 0 10 0 0 6 0 0 0 0 13 0 0 0 11 0 10 0 0 0 0 0 0 0 0 0 0 0 2 0 0 0 2 0 0 0 0 0 0 0 0 0 0 0 0 0 0 0 0 0 0 0 0 15 0 0 0 7 18 13 0 11 0 0 13 44 0 32 0 13 8 0 20 26 9 21 0 0 0 0 0 0 8 0 0 0 0 0 28 0 2 0 0 0 9 1 0 0 0 0 1 0 0 0 0 0 0 0 0 0 0 0 0 0 1 2 0 0 0 0 0 10 0 0 0 12 0 0 0 0 0 0 0 0 0 0 0 2 0 0 0 2 2 3 1 126 0 13 0 0 0 0 0 0 0 0 0 0 10 0 0 0 0 0 0 0 0 0 0 0 0 32 0 16 0 0 0 0 0 0 0 0 0 0 0 0 
 118 59 143 133 67 83 854 335 79 187 250 122 190 134 137 0 70 247 158 50 0 0 0 0 2 0 4 3 2 4 2 76 4 1 1 1 2 0 24 3 4 0 0 0 4 9 0 0 0 2 3 0 3 3 3 3 6 1 0 0 6 3 34 0 0 0 0 3 0 39 0 0 0 0 0 0 3 2 0 0 0 23 16 17 9 0 0 13 14 67 0 14 23 20 36 21 15 21 0 12 0 0 0 0 0 0 0 2 0 0 0 0 0 0 0 0 0 0 37 1 0 0 0 0 0 0 0 11 0 0 0 1 0 0 0 0 0 0 0 0 0 0 0 0 0 0 0 0 0 0 0 0 0 2 0 0 0 0 0 0 43 0 29 11 0 0 29 11 1 29 12 14 51 1 79 7 16 15 23 0 0 0 0 0 0 0 8 0 0 0 0 0 25 0 1 0 0 0 0 2 0 0 0 0 0 0 0 0 0 0 0 1 0 0 0 2 0 0 0 0 0 0 0 0 0 0 0 0 0 0 0 0 0 0 0 0 0 0 0 0 0 0 0 0 0 2 1 1 2 110 1 6 27 0 0 0 0 0 0 0 0 0 0 0 0 0 0 0 0 0 0 0 0 0 0 14 15 9 0 0 0 0 0 0 0 0 0 0 0 0 
 490 135 59 75 32 45 49 205 179 275 69 149 55 177 135 70 0 48 111 265 0 0 0 0 0 0 4 0 2 2 18 0 3 1 0 0 2 0 16 2 1 43 0 0 2 3 0 0 0 0 5 0 3 3 0 0 0 0 0 4 0 3 0 0 0 0 0 3 0 0 0 0 0 0 0 0 3 0 0 0 42 6 41 7 10 0 0 16 19 14 20 0 24 6 12 4 13 41 0 38 0 0 0 0 0 0 0 2 0 0 0 0 0 0 0 0 1 0 1 1 0 0 0 0 0 0 0 0 0 0 0 0 0 22 0 0 0 0 0 22 0 0 13 0 0 0 0 0 0 0 0 0 20 0 0 0 0 0 0 0 7 31 0 13 0 35 0 0 16 2 0 0 28 0 20 0 2 14 44 0 0 0 1 0 0 0 0 0 0 1 0 0 0 0 0 0 0 0 0 0 0 0 0 0 0 0 0 0 0 0 0 0 0 0 0 0 0 0 0 0 0 0 0 0 0 0 1 1 0 0 0 0 0 0 0 0 0 0 0 0 0 11 0 0 0 3 0 1 2 1 0 5 0 0 0 0 0 0 0 0 0 0 0 0 0 0 0 0 0 0 0 0 0 0 0 0 0 0 0 0 8 0 0 0 0 0 0 0 0 0 
 48 206 119 106 303 183 258 328 122 146 184 195 125 40 153 247 48 0 30 130 0 0 0 1 0 0 3 0 2 2 0 0 3 2 2 0 4 0 123 68 0 0 0 0 2 3 0 0 0 0 3 0 3 3 0 0 9 0 0 0 1 3 0 0 0 0 0 3 0 0 0 0 0 0 0 0 3 11 4 0 0 22 0 24 21 33 0 36 14 13 21 35 15 1 0 16 19 17 0 8 21 0 0 0 0 0 0 0 1 0 0 2 0 12 0 0 0 1 75 41 0 3 0 0 0 0 0 0 0 0 1 0 0 0 0 0 0 0 0 0 0 0 0 0 0 0 0 0 0 0 0 0 1 0 0 0 2 2 0 0 22 24 16 31 7 0 10 18 11 12 29 0 1 0 13 11 15 29 0 0 1 0 0 0 13 0 15 0 0 0 1 0 38 1 0 37 0 0 24 0 0 0 0 0 0 0 0 0 0 0 0 0 0 0 0 0 0 0 0 0 0 0 2 1 0 0 0 0 0 0 2 0 0 0 0 0 0 0 0 0 0 0 0 0 0 6 5 3 46 1 11 7 0 0 0 0 0 0 0 2 0 0 0 0 0 0 0 0 0 0 0 0 0 0 0 9 8 15 0 0 0 0 0 0 0 0 0 0 0 0 
 89 257 43 57 62 54 160 122 77 176 173 36 174 254 270 158 111 30 0 67 0 0 0 0 2 2 79 0 2 2 2 4 5 3 1 0 7 0 0 3 2 0 66 2 2 9 0 3 0 0 6 0 9 3 2 3 0 0 3 0 3 3 0 32 0 1 0 9 0 0 5 3 0 0 0 43 3 0 1 0 9 0 4 3 0 0 21 15 11 0 13 0 9 32 43 39 0 0 0 58 0 1 0 0 0 0 0 0 2 1 0 17 0 0 0 0 0 0 0 0 0 0 0 0 0 0 0 0 0 0 0 0 1 9 0 0 0 0 0 25 2 0 0 0 0 0 0 0 2 0 0 0 0 0 0 0 0 0 0 0 16 13 0 0 0 0 15 20 0 0 1 0 63 36 0 11 5 0 11 19 0 0 0 0 0 0 0 0 0 0 0 0 0 0 0 2 0 0 0 0 0 0 0 0 0 0 0 0 0 0 0 0 0 0 1 0 0 0 2 1 0 0 3 0 0 0 0 0 0 0 0 0 0 0 0 0 0 0 0 0 0 0 0 0 0 2 0 0 0 0 2 2 0 0 0 0 0 0 0 1 0 0 0 0 0 0 2 0 0 0 0 0 0 0 0 0 0 0 0 0 0 0 0 0 0 0 0 0 0 0 
 498 196 33 57 51 50 320 26 326 269 265 31 77 313 185 50 265 130 67 0 0 0 0 0 0 3 3 0 2 2 0 0 3 1 3 0 2 4 0 2 2 0 0 0 5 8 0 0 0 0 6 3 3 3 0 0 10 3 0 0 0 3 0 0 3 3 0 3 0 0 2 1 0 0 0 0 5 0 0 0 27 20 35 0 14 0 0 33 14 0 41 0 32 11 37 0 10 42 1 41 0 0 0 0 0 0 0 0 0 0 0 0 11 0 0 0 0 0 0 0 0 4 0 0 0 0 0 0 0 0 0 0 0 0 0 0 0 0 0 0 0 0 0 0 0 0 0 0 0 0 0 0 19 0 0 18 0 0 0 0 23 48 1 22 0 12 19 14 35 35 1 0 11 0 24 11 0 20 27 13 0 0 0 0 12 0 0 0 0 0 0 0 0 0 0 0 0 0 0 0 0 9 0 0 0 0 0 0 0 0 0 0 0 0 0 0 7 0 0 0 0 0 0 0 0 0 0 0 0 0 0 0 0 0 0 0 0 0 0 0 0 0 0 0 0 0 1 1 1 0 0 7 0 0 0 0 0 0 0 0 0 0 0 0 0 0 0 0 0 0 0 0 0 0 0 14 0 1 0 0 0 0 0 0 0 0 0 0 0 0 
 0 6 74 75 0 74 0 0 3 0 73 0 0 0 0 0 0 0 0 0 0 270 298 166 37 34 310 133 355 261 117 68 139 157 36 191 82 208 62 71 2 0 0 2 0 3 0 0 0 1 0 2 3 0 0 0 0 0 2 3 3 0 4 0 0 0 0 0 0 4 3 3 0 2 0 0 0 1 2 0 0 0 0 0 10 12 0 0 0 0 10 12 0 0 0 0 6 0 0 0 14 8 0 8 11 19 23 32 57 1 21 0 25 16 6 20 41 10 71 25 0 0 0 60 0 0 0 0 0 0 0 0 0 0 0 0 0 0 5 0 0 0 2 0 0 0 0 0 0 0 0 0 0 0 0 0 0 0 0 0 0 0 0 1 22 0 0 0 0 0 0 22 0 11 0 0 0 0 0 1 26 14 0 27 0 13 22 0 25 22 21 10 16 32 14 52 7 22 0 35 0 0 0 0 0 2 0 0 0 0 0 0 0 0 0 0 0 0 1 0 0 0 0 0 0 0 0 0 0 0 0 0 0 0 0 0 0 0 0 0 0 0 0 0 0 0 14 0 0 0 0 0 0 0 12 0 2 0 2 0 2 0 0 0 0 0 0 0 0 0 0 0 0 0 0 0 0 0 0 0 0 17 0 0 0 0 0 0 0 0 
 0 0 1 0 2 26 2 0 1 0 0 94 0 0 0 0 0 0 0 0 270 0 248 143 26 65 201 188 117 32 177 341 183 61 119 110 181 111 55 110 6 0 0 4 4 6 62 0 0 7 0 2 3 3 0 3 5 3 63 3 5 0 2 0 0 1 0 0 5 3 3 3 0 2 1 0 3 0 3 0 0 0 0 0 0 0 0 0 0 0 13 0 0 0 0 0 0 0 0 0 0 0 24 49 13 8 1 28 18 8 20 50 13 0 75 8 8 13 11 0 14 0 0 0 0 2 0 0 0 0 0 0 0 0 8 0 0 1 15 14 0 3 0 0 2 0 0 0 0 0 0 0 0 0 5 0 1 0 0 0 5 0 0 0 13 0 0 0 0 0 0 9 0 6 0 17 0 0 0 20 0 0 16 12 33 20 0 24 15 50 24 19 12 16 16 50 0 56 33 30 8 0 1 17 0 0 13 20 0 0 0 0 6 0 0 0 0 0 12 13 0 0 0 0 0 0 0 0 0 0 0 0 1 0 1 0 0 0 0 0 0 0 0 0 0 0 73 0 0 0 0 0 0 0 5 2 0 140 0 0 0 0 0 0 0 0 0 0 0 0 2 0 0 0 0 0 0 0 0 0 0 14 0 0 0 0 0 0 0 0 
 0 3 0 1 2 0 0 0 0 0 2 0 0 0 0 0 0 0 0 0 298 248 0 187 275 93 78 140 56 204 100 181 90 82 287 43 123 46 107 113 2 0 0 2 2 3 64 0 0 0 0 3 3 74 0 0 0 0 3 12 3 0 2 0 0 0 2 46 0 3 3 52 0 2 0 0 0 0 3 0 0 0 0 0 0 0 0 0 0 0 0 0 0 0 0 0 0 0 0 0 2 0 13 23 35 4 0 1 0 16 17 55 0 0 13 0 0 32 0 0 15 0 20 0 0 0 0 14 2 0 0 0 33 1 59 18 18 0 28 22 0 3 0 0 0 0 0 0 0 0 0 0 0 0 0 0 0 0 0 0 12 0 0 0 0 0 0 0 0 0 0 0 0 3 0 0 0 0 0 4 1 2 0 33 26 0 0 18 2 0 0 0 2 0 28 12 34 13 0 1 40 14 0 0 0 0 3 0 0 0 0 0 9 20 0 0 0 1 4 9 0 0 0 0 0 0 0 19 0 0 0 0 5 0 0 0 0 0 11 0 0 0 0 0 0 0 0 0 0 0 0 0 0 0 8 2 0 155 0 0 0 0 0 0 0 0 0 0 0 0 0 0 0 0 0 0 0 0 0 15 0 0 0 0 0 0 0 0 0 0 
 0 2 0 0 2 0 0 55 0 0 0 0 0 0 5 0 0 1 0 0 166 143 187 0 74 120 263 182 241 236 75 206 228 371 130 139 146 188 50 90 2 0 0 2 0 3 63 1 0 0 0 3 3 63 0 0 0 0 2 25 3 0 2 4 0 0 0 0 0 3 3 3 0 2 0 0 0 1 2 2 0 0 0 0 0 0 0 0 0 0 20 0 0 0 0 0 0 0 0 0 1 32 26 16 13 20 8 1 3 0 16 35 1 0 0 16 13 0 11 0 14 0 0 0 0 0 9 1 0 0 0 0 0 0 2 0 0 0 29 10 0 1 0 0 0 0 0 0 0 0 0 0 0 0 0 0 0 0 0 0 2 33 0 0 6 0 0 0 0 0 0 1 0 1 1 0 13 0 0 0 0 8 0 19 6 23 15 1 10 20 13 19 1 30 16 0 36 14 0 9 8 9 32 0 0 1 0 23 0 0 0 0 9 12 0 0 0 0 28 0 0 0 0 2 0 19 0 0 0 0 0 0 0 0 0 0 0 0 0 0 0 0 0 0 0 0 0 0 0 0 0 1 0 0 6 0 0 82 0 0 20 2 0 0 0 0 23 0 0 0 0 0 0 0 0 0 0 0 0 0 0 0 0 0 2 0 42 0 0 0 
 0 1 0 0 2 0 0 0 0 0 0 0 74 0 0 2 0 0 2 0 37 26 275 74 0 88 50 141 87 186 116 289 297 62 283 86 76 40 47 85 2 4 65 2 0 3 63 0 0 0 0 2 24 87 62 0 0 62 10 79 3 0 2 0 0 0 0 0 0 2 3 3 0 2 0 0 0 2 1 1 0 0 0 0 0 0 0 0 0 0 2 0 0 0 0 0 0 0 0 0 13 17 8 2 31 1 2 0 0 1 1 9 0 19 9 12 18 0 0 0 2 1 2 1 0 0 10 19 22 0 0 7 0 3 0 18 0 0 29 17 0 0 0 0 0 0 0 0 0 0 0 0 0 0 0 0 0 0 1 0 0 0 0 0 0 7 0 0 0 0 0 0 0 0 5 5 0 26 5 0 0 18 37 11 10 0 0 13 9 0 2 11 0 0 0 0 13 0 0 0 15 40 10 0 0 0 12 0 9 8 0 0 5 0 0 18 9 2 4 0 0 0 0 0 1 0 0 0 0 1 0 0 0 0 0 0 0 1 0 0 0 0 3 0 0 0 0 0 0 0 0 0 0 0 10 3 1 3 85 4 1 0 0 0 0 0 0 0 0 0 0 1 0 0 0 0 0 0 0 13 0 0 0 0 0 0 0 0 0 0 
 0 22 78 0 0 0 1 0 1 0 1 0 3 1 0 0 0 0 2 3 34 65 93 120 88 0 65 287 107 54 441 223 36 80 95 99 83 209 61 43 3 13 3 3 2 6 65 0 2 2 3 2 6 0 82 0 8 4 68 3 6 0 7 0 3 5 2 0 2 4 3 3 0 2 0 4 3 0 3 3 0 0 0 0 0 0 2 0 0 0 0 0 0 0 0 0 0 0 0 0 19 11 11 21 35 10 1 52 0 8 1 18 2 6 9 35 18 19 0 0 15 21 0 0 0 0 4 5 0 1 0 0 0 11 28 4 1 0 0 25 0 0 0 0 0 0 0 0 0 0 1 0 0 0 0 0 6 0 0 0 0 0 0 0 0 12 0 0 2 0 0 0 3 0 0 0 3 1 0 0 0 0 15 13 20 36 0 35 0 20 35 34 0 0 1 9 0 9 0 0 50 0 0 0 0 0 20 54 0 0 0 0 56 0 0 0 0 0 16 10 0 0 0 0 0 0 0 0 0 0 0 0 0 0 0 0 0 0 0 0 0 0 0 0 0 0 0 0 0 0 0 0 0 0 8 0 0 75 0 0 0 0 0 0 0 0 0 0 0 0 2 0 0 0 0 0 0 0 0 0 0 0 0 0 0 0 0 0 0 0 
 3 3 4 3 3 4 206 4 3 3 212 3 3 11 3 4 4 3 79 3 310 201 78 263 50 65 0 327 218 104 45 44 153 188 161 248 86 622 42 59 2 2 0 2 0 3 0 3 2 0 0 2 2 3 3 2 0 0 2 3 3 0 2 3 0 0 3 0 0 3 3 3 0 2 0 2 0 1 2 0 0 0 0 0 0 11 0 0 0 0 0 1 0 0 0 0 0 0 0 0 10 0 9 18 0 13 14 17 71 0 18 0 23 4 13 21 11 16 1 1 0 0 0 0 0 0 0 0 0 0 0 0 0 0 0 0 0 0 10 1 0 0 0 0 0 0 0 0 0 2 0 0 0 0 3 0 0 0 0 0 0 0 0 4 19 11 0 0 11 0 0 0 18 29 0 0 1 0 18 1 0 25 6 0 11 1 19 21 22 103 0 0 13 8 0 0 27 13 13 12 0 0 0 0 0 0 0 1 0 0 0 0 14 0 0 0 0 0 0 0 0 0 0 0 0 0 0 0 0 0 0 0 0 0 0 0 0 0 0 0 0 0 0 0 0 1 0 0 0 0 0 0 0 0 16 0 4 0 1 0 4 13 0 0 0 0 0 0 0 0 2 0 0 0 0 0 0 0 0 0 0 0 0 0 0 0 0 0 0 0 
 0 0 0 1 2 0 0 0 0 0 0 0 0 7 3 3 0 0 0 0 133 188 140 182 141 287 327 0 170 46 401 61 113 357 117 179 329 178 40 203 4 21 0 2 3 5 0 0 0 2 0 3 3 3 0 0 0 0 3 3 7 46 2 0 0 0 0 0 51 4 3 3 0 2 1 0 3 11 2 4 0 0 0 0 0 0 18 0 11 0 0 0 0 0 0 0 0 0 0 0 25 14 15 47 21 14 1 7 22 13 7 39 0 11 20 7 6 9 0 0 0 0 0 0 0 0 0 0 0 0 0 0 1 0 1 0 0 0 0 1 0 0 0 0 0 0 0 0 0 0 0 0 0 0 0 0 6 0 0 0 0 0 0 0 0 0 0 0 0 0 10 0 0 0 0 0 2 0 0 3 63 0 32 0 19 30 0 24 0 31 26 42 0 12 34 12 31 40 0 1 13 0 0 0 0 0 0 21 0 0 0 0 6 0 0 0 0 0 11 1 0 0 0 0 0 0 0 0 0 0 0 0 0 0 0 0 0 0 0 0 0 0 44 0 0 4 0 0 0 0 0 0 0 0 4 0 2 172 1 0 2 0 96 0 0 2 0 0 0 0 0 0 0 0 0 0 0 0 0 0 0 20 0 0 0 0 0 0 0 0 
 4 2 5 2 4 75 2 70 2 2 2 2 2 2 4 2 2 2 2 2 355 117 56 241 87 107 218 170 0 365 47 180 190 90 315 180 121 120 136 157 2 0 68 2 0 6 0 0 0 0 3 2 70 0 0 0 0 0 3 3 3 0 2 2 0 0 0 0 3 3 3 3 0 3 25 0 0 3 2 0 32 0 0 0 0 14 0 1 0 0 0 0 0 1 0 0 0 0 0 0 0 14 7 1 0 18 29 14 8 22 26 3 23 2 0 39 30 24 10 11 0 0 0 0 0 0 0 20 0 0 0 0 0 0 9 0 0 0 1 1 0 0 1 0 0 0 0 0 0 5 0 0 0 0 2 0 0 0 0 0 0 0 0 0 8 11 0 0 0 0 2 0 15 0 0 4 0 4 0 0 10 54 32 8 38 40 17 14 16 44 27 22 0 6 8 12 14 15 7 31 13 0 17 0 0 0 0 19 0 0 0 0 1 0 0 0 0 0 1 0 1 0 0 0 0 0 0 0 0 0 2 0 0 0 0 0 0 0 0 0 0 0 0 0 0 0 0 0 0 0 0 0 0 0 3 2 0 41 75 0 4 23 0 0 0 0 0 0 0 0 0 0 0 0 0 0 0 0 0 0 0 12 0 0 0 0 0 0 0 0 
 2 2 5 2 2 2 2 4 5 3 2 2 2 2 2 4 2 2 2 2 261 32 204 236 186 54 104 46 365 0 79 180 63 167 207 182 63 138 99 100 2 0 0 2 0 3 31 0 0 0 0 2 3 29 0 0 0 0 3 70 3 0 2 0 0 0 0 0 0 3 3 3 0 2 0 0 0 1 2 0 0 0 0 0 0 0 0 0 0 0 0 2 0 0 0 0 0 0 0 0 0 13 2 1 23 0 0 0 18 14 0 10 0 0 0 2 13 0 0 0 28 0 0 0 0 0 0 28 0 0 0 0 35 1 32 11 6 0 25 47 0 0 0 0 0 0 0 0 0 0 0 0 0 0 0 0 0 0 0 0 0 0 0 0 0 0 0 0 0 0 0 0 0 0 11 3 2 5 5 0 5 13 12 35 47 1 0 0 8 1 26 9 0 0 0 0 32 1 0 1 19 29 0 0 0 0 11 2 0 0 0 0 17 20 0 0 0 0 36 10 0 0 0 0 0 0 0 0 0 0 0 0 0 0 0 0 0 0 0 0 0 0 0 0 0 2 0 0 0 0 0 0 0 0 9 0 2 4 75 0 2 0 0 0 0 0 10 0 0 0 0 0 0 0 0 0 0 0 0 7 0 0 0 0 0 0 21 0 0 0 
 0 0 1 0 74 0 0 0 3 0 2 0 0 3 0 2 18 0 2 0 117 177 100 75 116 441 45 401 47 79 0 303 41 54 144 269 130 164 24 208 66 23 0 2 0 3 128 0 65 210 0 2 3 0 5 0 0 0 64 3 3 0 2 0 0 0 1 0 0 3 3 3 0 3 0 0 0 0 3 1 0 0 0 0 0 0 0 0 0 0 0 0 0 0 0 0 0 0 0 1 21 11 39 28 36 21 1 0 16 10 5 26 0 20 11 23 7 0 0 0 12 0 0 0 0 0 17 20 0 0 0 11 14 11 11 0 0 0 1 5 0 0 2 0 0 0 0 0 0 0 16 7 0 0 0 0 3 2 0 0 0 0 0 0 0 0 0 0 0 0 0 0 2 0 0 2 0 1 0 0 13 0 18 45 0 29 0 38 2 18 30 67 0 14 0 0 1 9 0 0 66 0 0 0 0 0 0 35 0 0 8 0 13 0 0 0 0 0 10 1 0 0 0 0 0 2 0 0 0 0 0 0 0 0 0 0 0 0 0 2 0 0 1 0 0 0 0 0 0 0 0 0 0 0 17 2 2 46 1 4 0 0 0 0 0 0 0 0 0 0 0 0 0 0 0 0 0 0 0 0 0 15 0 0 0 0 0 0 0 0 
 0 0 1 0 0 0 0 0 0 2 0 0 0 0 0 76 0 0 4 0 68 341 181 206 289 223 44 61 180 180 303 0 51 41 34 58 126 72 249 249 2 0 0 2 0 3 30 0 0 0 0 2 8 29 0 0 0 0 2 67 3 0 2 0 0 0 0 0 0 4 3 3 0 2 0 0 0 2 1 1 0 0 0 0 0 0 0 0 0 0 0 0 0 0 0 0 0 0 0 0 15 16 10 18 11 33 6 0 0 31 11 46 0 11 4 19 35 0 0 0 8 0 0 0 0 0 0 19 0 0 0 0 12 0 47 2 11 0 13 23 0 0 0 0 0 0 0 0 0 0 0 0 0 0 0 0 0 0 0 0 0 0 0 0 0 0 0 0 0 0 16 0 0 0 1 5 0 0 0 0 0 7 20 23 26 24 0 18 10 19 24 22 0 0 27 0 23 1 36 0 35 12 0 0 0 0 14 0 0 0 0 0 19 10 0 0 0 0 20 7 0 0 0 0 0 0 0 0 0 0 0 0 0 0 0 0 2 0 0 0 0 0 0 0 0 0 0 0 0 0 0 0 0 0 8 0 0 158 4 0 29 0 0 0 0 0 0 0 0 0 0 0 0 0 0 0 0 0 0 1 0 0 0 11 0 0 0 0 0 0 
 3 3 75 3 3 22 3 3 14 3 12 78 5 5 6 4 3 3 5 3 139 183 90 228 297 36 153 113 190 63 41 51 0 233 336 115 342 104 112 133 2 0 2 2 0 3 0 0 0 0 0 5 3 0 34 0 0 0 2 3 3 2 2 0 0 0 0 0 0 3 3 3 0 2 0 0 0 1 4 0 0 0 0 2 1 0 0 0 0 18 27 15 0 0 0 0 0 0 0 0 44 1 46 8 2 12 1 25 65 1 29 0 37 0 80 9 8 7 32 1 0 0 9 0 0 0 0 0 0 0 0 0 13 0 0 0 4 0 11 0 0 0 0 0 0 0 0 0 0 0 0 0 0 0 0 0 0 0 0 0 1 0 0 10 31 0 0 0 0 0 0 27 0 7 0 0 7 0 0 0 18 39 0 0 31 0 1 0 28 41 10 8 14 13 8 13 0 0 8 108 0 0 0 0 0 2 0 0 0 0 0 0 13 0 0 0 0 0 1 0 0 0 0 1 0 0 0 0 0 0 0 0 0 0 0 0 0 0 0 0 0 0 0 0 0 0 149 0 0 2 0 0 0 0 12 1 0 0 0 0 4 1 0 0 0 0 8 0 0 0 0 0 0 0 0 0 0 1 0 0 0 13 0 0 0 4 19 0 0 0 
 2 2 2 1 3 74 2 1 1 2 1 0 1 1 4 1 1 2 3 1 157 61 82 371 62 80 188 357 90 167 54 41 233 0 139 137 258 122 160 223 2 0 0 2 2 3 3 0 0 0 1 2 3 0 204 0 0 0 2 3 3 0 2 0 0 0 0 0 0 3 3 3 0 2 0 0 0 1 2 0 0 0 10 0 0 1 0 0 0 0 0 0 0 0 0 0 0 0 0 0 8 11 31 35 0 1 13 0 45 9 9 20 6 12 14 15 1 19 0 4 0 0 0 0 0 0 0 0 0 0 19 0 0 0 1 0 0 0 0 0 0 0 3 0 0 0 0 0 0 1 0 0 0 0 0 0 0 0 0 0 0 0 0 0 0 0 0 0 0 0 0 0 0 1 0 0 0 0 0 5 40 34 0 13 6 2 18 2 22 1 12 28 2 13 10 10 0 27 0 30 0 0 0 0 0 0 0 0 0 0 9 0 1 0 0 0 0 0 0 0 0 0 0 0 0 0 0 0 0 0 0 0 0 0 0 0 0 0 0 0 0 0 0 0 37 0 0 0 0 0 0 0 0 0 13 0 1 7 0 0 2 1 0 0 0 0 9 0 0 0 0 0 0 0 0 0 0 0 0 0 0 15 0 0 0 9 8 0 0 0 
 2 3 1 39 0 1 2 1 0 1 1 36 80 1 1 1 0 2 1 3 36 119 287 130 283 95 161 117 315 207 144 34 336 139 0 226 40 145 145 295 2 0 0 2 0 3 0 0 0 0 0 2 2 0 0 0 0 0 2 3 3 0 2 0 0 0 0 0 0 2 3 3 0 2 0 0 0 2 1 0 0 2 0 19 0 9 16 0 0 16 0 0 2 0 0 0 0 0 0 0 30 0 5 10 0 11 0 19 18 2 0 7 23 19 0 20 10 31 0 1 0 0 0 0 0 0 0 1 0 0 0 0 0 0 0 0 0 0 0 0 0 0 0 0 0 0 0 0 0 1 0 0 0 0 4 0 0 0 0 0 0 0 7 0 0 1 0 0 12 1 0 0 0 0 0 0 0 1 0 0 16 0 17 2 22 12 17 56 10 47 13 14 0 1 0 1 18 12 5 3 1 0 0 0 0 0 0 6 0 0 0 0 0 0 0 0 0 0 0 0 0 0 0 0 0 1 15 0 0 0 0 0 0 0 0 1 0 0 0 0 0 0 0 0 0 0 0 0 0 0 0 0 0 0 9 2 0 76 0 0 1 16 0 0 0 0 0 0 0 0 0 0 0 12 0 0 0 0 0 0 0 0 0 0 0 0 0 0 0 28 
 0 0 1 0 8 73 0 0 0 0 0 0 0 0 0 1 0 0 0 0 191 110 43 139 86 99 248 179 180 182 269 58 115 137 226 0 169 192 40 234 2 6 0 2 0 3 0 0 0 0 0 2 3 0 0 0 0 0 2 3 5 0 2 0 0 0 0 0 0 3 3 3 0 2 0 0 0 0 3 0 0 0 0 0 0 3 0 0 0 0 0 0 0 0 0 0 0 0 0 0 10 0 24 23 0 0 10 19 43 23 24 23 41 2 35 41 16 23 0 2 0 0 0 0 0 0 0 0 0 0 0 0 0 0 0 0 0 0 10 0 0 0 0 8 0 0 0 0 0 5 0 0 0 0 3 0 0 0 0 0 0 0 0 0 20 9 0 0 0 0 0 0 0 7 0 0 1 0 0 8 18 18 18 0 20 0 23 27 11 24 0 10 12 12 23 20 1 25 11 6 0 0 0 0 0 0 0 4 0 0 0 0 9 0 0 0 0 0 0 0 0 0 0 0 0 0 0 0 0 0 0 0 0 0 0 0 0 0 0 0 0 0 2 0 0 1 0 0 0 0 0 0 0 0 6 0 1 0 74 1 2 15 0 0 0 0 0 0 0 0 0 0 0 0 0 0 0 0 0 0 0 0 0 0 0 0 0 0 0 0 
 3 2 2 2 2 78 9 2 2 2 5 2 7 2 2 2 2 4 7 2 82 181 123 146 76 83 86 329 121 63 130 126 342 258 40 169 0 225 28 100 2 0 0 4 2 3 0 0 0 0 0 63 3 0 0 0 0 0 2 6 3 0 2 0 3 0 0 0 37 3 3 3 0 2 0 0 3 3 2 0 0 0 0 0 2 1 0 0 0 0 10 0 0 0 0 0 0 0 0 0 10 19 69 40 0 0 0 13 12 1 33 11 16 0 9 1 14 1 7 15 0 0 0 0 0 0 0 0 0 9 0 0 0 0 0 0 0 0 0 0 18 0 0 0 0 0 0 0 0 0 0 0 2 0 0 1 0 1 0 0 0 0 2 1 0 0 0 0 0 0 0 10 0 11 0 8 0 0 0 6 3 46 0 1 20 0 19 3 2 0 18 14 23 24 26 32 12 28 0 45 2 0 0 0 0 0 0 5 0 0 0 0 17 0 0 0 0 0 0 0 0 0 0 0 0 0 0 0 0 0 0 0 0 0 0 0 0 0 0 0 0 0 0 0 0 0 0 0 0 0 0 0 0 0 13 0 2 78 5 2 0 1 0 0 0 0 12 0 0 0 0 0 0 0 0 0 0 1 0 0 0 18 0 0 0 0 18 0 0 0 
 0 0 3 0 2 0 0 1 0 0 0 1 0 0 0 0 0 0 0 4 208 111 46 188 40 209 622 178 120 138 164 72 104 122 145 192 225 0 109 100 24 2 0 2 0 3 23 0 0 0 0 2 3 0 0 0 0 0 57 3 3 0 2 0 0 0 0 0 0 3 3 3 0 2 0 0 0 1 2 0 0 2 0 0 0 0 0 0 0 0 0 0 2 0 0 0 0 0 0 0 0 24 18 12 16 9 0 0 22 16 0 0 0 0 20 1 18 10 0 10 0 0 0 0 0 0 25 0 0 0 1 0 20 0 0 1 0 0 0 3 0 1 2 0 0 0 0 0 0 0 0 0 26 0 0 0 4 0 0 0 0 0 0 0 0 0 0 0 0 1 0 0 1 0 0 0 0 7 7 0 35 33 0 1 31 12 27 2 19 1 33 22 0 26 24 1 0 23 0 27 5 14 0 0 0 0 0 42 0 0 0 0 0 0 0 0 0 0 1 0 0 0 0 0 0 0 0 0 14 0 0 0 0 0 0 0 0 0 0 0 0 0 8 0 0 0 0 0 0 0 0 2 0 0 10 0 2 0 76 2 0 0 0 0 0 0 5 0 0 16 0 0 0 0 0 0 0 0 0 0 0 18 0 0 0 0 17 0 0 0 
 0 211 1 75 176 74 0 77 136 0 64 115 0 0 62 24 16 123 0 0 62 55 107 50 47 61 42 40 136 99 24 249 112 160 145 40 28 109 0 86 2 0 0 2 0 3 0 0 0 0 0 2 3 0 0 0 0 201 2 7 3 0 2 0 0 3 1 0 0 3 3 3 0 3 58 0 0 0 3 0 44 0 0 52 15 15 2 3 12 40 7 27 0 0 0 12 12 0 0 0 0 0 0 0 0 0 0 0 12 0 0 0 0 38 0 0 13 0 13 0 0 0 0 0 0 0 0 0 0 0 0 0 0 0 0 0 0 0 0 0 0 0 0 0 0 0 0 0 0 0 0 0 0 0 0 0 0 0 0 0 2 0 2 19 0 8 0 13 13 14 7 13 0 0 0 0 9 28 0 0 15 1 0 0 9 0 16 0 0 1 0 9 18 0 28 0 0 2 12 2 0 0 0 0 0 0 0 0 0 0 0 0 0 0 0 0 9 0 0 0 0 0 0 0 0 0 0 0 0 0 0 0 0 0 0 0 1 0 0 0 0 9 0 0 0 0 1 0 64 0 11 0 0 0 16 0 0 0 0 1 4 0 0 0 0 0 9 0 0 1 0 7 0 0 0 12 8 6 0 0 0 0 0 0 0 0 19 0 0 0 
 4 0 76 0 72 1 3 2 2 1 37 0 1 3 91 3 2 68 3 2 71 110 113 90 85 43 59 203 157 100 208 249 133 223 295 234 100 100 86 0 4 0 0 3 0 3 0 0 0 0 0 2 3 0 0 202 0 0 2 4 6 0 51 0 0 0 0 0 0 3 3 3 3 3 0 0 0 0 3 3 0 0 0 0 0 20 0 0 0 0 0 17 0 0 1 0 0 0 0 0 12 0 6 7 12 0 25 7 20 8 0 6 10 13 9 0 12 18 12 22 0 0 0 0 0 0 0 0 0 0 0 0 0 0 0 0 1 0 0 0 0 0 2 0 0 0 0 0 0 0 0 0 0 0 0 0 0 1 0 0 0 0 0 0 1 0 0 0 0 0 1 3 0 3 0 0 0 0 0 3 24 15 0 9 0 12 6 1 12 0 13 13 37 20 21 22 0 66 10 17 0 0 0 0 0 0 0 0 0 0 0 0 0 0 0 0 6 0 0 0 0 0 0 0 0 0 0 0 0 16 0 0 0 0 0 0 0 0 0 1 0 0 9 0 0 0 0 0 0 0 0 0 0 0 3 0 0 0 2 1 0 0 0 0 0 0 0 0 0 0 0 0 0 0 0 0 0 0 0 0 0 16 0 0 0 0 0 0 0 0 
 1 1 0 0 0 0 1 0 0 0 0 1 2 1 2 4 1 0 2 2 2 6 2 2 2 3 2 4 2 2 66 2 2 2 2 2 2 24 2 4 0 82 108 72 251 286 486 223 37 50 319 32 100 40 151 39 260 30 99 62 0 7 0 0 4 4 0 0 0 0 13 0 0 0 0 0 0 8 0 0 0 0 0 0 0 0 8 0 0 21 0 0 2 0 0 0 0 0 0 0 0 0 0 0 10 1 0 0 0 0 0 0 0 0 0 0 0 0 0 0 19 23 13 0 0 0 2 0 9 0 0 0 38 0 0 0 0 10 0 0 0 0 0 7 14 0 0 0 0 0 1 0 0 0 37 0 0 5 0 0 0 0 0 0 0 0 0 0 0 0 0 0 1 0 0 0 0 7 13 0 0 18 0 0 0 0 0 0 0 0 0 0 0 0 0 0 0 0 0 0 2 14 0 2 0 1 0 30 20 8 0 15 0 33 0 16 0 0 0 0 0 0 7 1 0 0 0 0 0 0 0 4 0 15 0 0 12 5 0 0 0 0 0 0 0 0 0 0 0 0 0 0 0 0 0 0 0 0 62 0 0 0 0 0 15 4 3 0 0 0 25 0 0 0 0 9 0 0 0 0 0 0 0 0 19 0 0 0 0 0 
 0 0 0 0 1 0 0 0 0 0 0 0 0 0 0 0 43 0 0 0 0 0 0 0 4 13 2 21 0 0 23 0 0 0 0 6 0 2 0 0 82 0 236 285 125 129 118 409 128 259 99 761 51 132 209 394 185 23 42 84 0 0 0 0 0 0 0 3 0 0 0 0 0 0 0 0 0 15 0 20 0 0 0 0 0 0 0 0 0 0 0 0 0 0 0 0 0 0 0 0 5 0 5 0 0 0 0 0 0 0 0 0 0 8 9 3 0 0 13 0 1 14 14 10 1 1 0 12 9 4 0 8 0 0 6 17 0 19 0 0 0 0 0 3 0 0 25 0 0 0 1 0 0 12 0 8 0 0 16 20 0 0 0 2 0 0 0 0 0 0 0 0 0 0 0 0 0 0 0 0 6 0 6 0 0 0 0 2 0 0 0 19 0 0 2 0 0 0 0 0 0 0 16 20 25 0 0 16 0 13 43 63 0 11 1 0 25 11 0 0 14 8 0 0 0 0 11 0 0 0 0 21 24 6 0 0 22 0 17 10 0 0 31 0 0 0 0 0 0 19 0 2 0 1 0 0 0 0 0 3 0 0 34 0 1 2 0 74 2 0 0 0 0 0 0 1 0 0 0 0 0 0 0 0 2 13 0 0 1 0 
 0 0 0 0 0 0 0 0 0 0 0 0 0 0 2 0 0 0 66 0 0 0 0 0 65 3 0 0 68 0 0 0 2 0 0 0 0 0 0 0 108 236 0 203 60 108 92 170 142 93 263 160 128 177 111 73 396 85 49 106 2 5 0 0 4 0 2 4 1 5 0 0 0 2 55 0 0 0 0 50 0 0 0 0 0 0 0 0 0 0 0 0 0 0 0 0 0 0 0 0 0 0 0 0 18 0 0 0 0 0 0 0 0 0 0 0 0 0 0 0 18 0 14 1 2 24 0 2 24 21 15 22 0 22 9 13 24 12 0 0 0 0 0 0 0 0 21 0 2 0 0 0 10 0 4 1 1 0 18 29 0 0 0 0 0 0 0 0 0 0 0 0 0 0 0 0 0 0 0 0 0 0 0 0 0 0 0 0 0 0 0 0 0 0 0 0 0 0 0 0 0 0 30 13 9 5 25 0 16 1 35 1 0 0 31 26 6 52 22 0 6 0 0 0 0 0 9 43 0 0 0 16 7 21 1 0 29 0 14 60 0 0 12 0 0 0 0 0 0 0 0 1 0 2 0 0 0 1 0 6 0 0 65 0 2 0 0 4 0 0 0 0 0 3 0 0 0 0 0 2 0 4 0 0 8 8 0 1 1 0 
 0 0 0 0 0 0 0 63 0 0 0 0 0 0 0 0 0 0 2 0 2 4 2 2 2 3 2 2 2 2 2 2 2 2 2 2 4 2 2 3 72 285 203 0 180 479 324 74 90 184 359 194 187 177 164 168 275 186 66 106 0 0 0 0 0 0 51 32 0 0 0 0 261 0 0 0 0 0 0 51 0 0 0 0 0 0 0 0 0 0 0 21 0 0 0 0 0 0 0 0 0 0 0 0 0 0 0 0 0 0 0 0 0 0 0 0 0 0 0 0 31 0 10 32 0 20 12 29 3 23 15 24 0 0 25 5 23 3 17 0 0 0 0 0 0 0 10 2 0 0 0 0 0 0 0 5 0 0 49 12 0 0 0 0 0 0 0 0 0 0 0 8 0 0 0 0 0 0 0 0 0 0 0 0 0 0 0 0 0 0 0 0 0 0 0 0 0 0 0 0 0 19 26 9 1 37 14 2 12 2 18 19 0 0 27 19 32 20 0 18 0 0 0 0 0 0 0 22 0 22 0 0 15 0 0 0 20 0 0 0 0 0 0 0 0 0 0 0 0 0 0 3 0 0 1 0 0 0 0 21 0 0 1 2 0 4 2 2 1 0 0 0 0 0 0 0 0 0 0 0 0 0 0 0 0 15 0 0 0 0 
 2 2 4 2 4 2 2 2 4 2 4 2 2 2 2 4 2 2 2 5 0 4 2 0 0 2 0 3 0 0 0 0 0 2 0 0 2 0 0 0 251 125 60 180 0 399 177 128 140 81 296 133 280 308 116 149 69 39 56 576 3 0 3 0 0 1 3 47 0 0 0 2 0 51 51 0 54 0 70 0 0 0 0 0 0 0 0 0 0 0 0 0 0 0 0 0 0 0 0 0 0 0 0 0 0 0 0 0 9 0 0 0 0 0 0 0 0 0 0 0 0 7 0 27 18 30 31 19 9 5 9 0 0 0 14 58 0 7 0 0 15 0 0 11 0 0 24 40 0 29 0 0 25 19 0 12 1 0 44 34 0 0 0 0 0 0 0 0 0 0 0 5 0 0 0 0 0 0 0 0 0 0 0 0 0 0 0 0 0 15 0 0 0 0 0 0 7 0 0 0 0 0 24 4 18 1 0 1 7 7 5 0 0 0 57 0 35 32 0 0 45 14 13 0 0 0 7 0 7 0 0 0 10 0 29 15 10 36 8 36 1 0 0 0 0 0 0 0 1 0 0 7 0 0 0 0 0 0 0 0 0 27 0 2 0 9 2 5 2 2 11 0 0 0 0 0 0 0 0 0 0 0 8 0 15 7 0 0 0 0 
 3 3 7 3 3 3 3 8 1 3 3 3 5 3 6 9 3 3 9 8 3 6 3 3 3 6 3 5 6 3 3 3 3 3 3 3 3 3 3 3 286 129 108 479 399 0 37 122 269 137 127 442 166 45 79 326 54 173 53 85 0 0 0 0 0 0 0 0 0 0 2 3 112 1 0 0 0 0 53 175 1 2 1 0 2 2 0 2 1 23 2 1 2 1 2 0 0 2 1 0 0 0 2 0 0 2 2 2 2 2 2 2 2 1 2 3 0 2 2 0 1 0 0 0 67 13 0 0 0 36 3 3 0 1 0 10 14 49 2 0 0 0 25 15 0 2 29 10 0 32 0 0 42 10 0 4 16 0 1 27 1 2 2 1 2 2 1 1 0 1 0 7 0 0 2 2 1 1 0 2 0 1 1 0 0 2 0 1 2 2 2 2 2 1 2 2 0 0 2 2 1 0 1 0 29 1 2 1 0 0 19 2 2 15 0 0 0 0 2 0 20 0 0 0 1 0 10 3 0 1 0 0 2 15 21 7 1 15 21 6 0 0 9 0 0 0 0 0 0 0 0 10 0 0 0 0 0 0 0 1 0 27 66 78 0 10 10 76 4 0 10 0 0 0 0 0 0 0 0 0 0 2 0 0 8 16 0 0 0 0 
 0 0 0 0 0 0 57 0 0 0 6 0 0 0 0 0 0 0 0 0 0 62 64 63 63 65 0 0 0 31 128 30 0 3 0 0 0 23 0 0 486 118 92 324 177 37 0 318 181 91 44 259 159 55 260 88 48 32 152 338 0 0 0 0 0 0 0 43 0 0 0 0 0 0 1 0 3 0 0 0 0 0 0 0 0 0 0 0 0 0 0 0 0 0 0 0 0 0 0 0 8 0 0 1 10 0 0 0 0 21 0 21 0 0 0 0 0 0 0 0 21 40 1 8 4 0 15 3 5 0 4 0 21 0 0 3 0 5 20 0 0 0 0 0 0 0 0 0 0 0 0 0 0 0 8 0 0 0 13 0 0 0 0 0 0 0 0 0 0 0 0 0 1 0 0 0 0 7 19 0 0 0 0 19 19 15 0 0 0 0 0 0 0 0 0 0 0 24 0 0 22 18 7 0 0 20 0 20 57 25 3 0 26 37 11 11 0 4 12 0 0 0 0 0 0 0 0 0 0 0 0 0 0 0 0 0 0 0 0 0 0 0 0 0 0 0 0 0 0 0 0 14 0 0 0 0 0 0 62 0 0 0 0 0 97 0 4 0 2 0 0 0 0 52 1 0 0 0 0 0 0 0 7 0 8 0 0 6 0 0 
 0 0 0 0 0 0 0 0 0 0 0 0 0 0 0 0 0 0 3 0 0 0 0 1 0 0 3 0 0 0 0 0 0 0 0 0 0 0 0 0 223 409 170 74 128 122 318 0 156 53 87 160 95 212 160 123 123 88 61 55 0 0 0 0 0 0 0 3 0 0 0 0 0 0 0 0 0 0 0 50 0 1 0 0 0 0 0 0 0 2 0 0 0 0 0 0 0 0 0 0 0 0 0 0 0 0 0 0 0 0 0 0 0 0 0 0 0 0 0 0 14 15 36 12 21 1 0 15 0 0 0 0 0 0 0 21 9 43 0 0 0 0 0 3 8 0 29 0 0 0 1 0 1 8 36 0 0 0 23 31 0 0 0 2 0 0 0 0 0 0 0 0 0 0 0 0 0 0 6 0 0 0 0 0 0 0 0 0 0 0 0 0 0 0 0 0 0 0 0 0 0 0 15 12 24 1 0 1 37 22 24 30 0 54 0 11 11 24 0 0 20 9 0 0 0 0 22 0 0 0 0 0 0 9 0 0 0 0 51 4 0 1 10 0 0 0 0 0 0 0 0 14 0 0 0 0 0 0 0 0 0 0 65 0 18 0 0 65 2 0 0 0 0 0 0 0 0 0 0 0 0 0 6 0 29 16 0 0 0 0 
 0 0 0 0 0 0 2 0 0 0 65 0 0 63 0 0 0 0 0 0 0 0 0 0 0 2 2 0 0 0 65 0 0 0 0 0 0 0 0 0 37 128 142 90 140 269 181 156 0 219 277 259 105 69 78 97 48 105 130 57 0 1 0 0 0 0 0 0 0 0 0 0 0 0 0 1 0 0 53 0 0 0 0 0 0 0 0 0 0 0 0 0 0 0 0 0 0 0 0 0 0 0 0 0 0 0 0 0 0 0 0 0 0 0 0 0 0 9 0 0 17 8 0 16 39 17 3 11 10 21 1 0 0 53 0 0 0 35 0 0 0 0 0 0 2 0 28 0 0 1 4 0 37 3 36 0 19 1 3 31 0 0 0 5 0 0 0 0 0 0 0 11 0 0 0 0 0 0 0 0 0 0 0 0 0 0 0 0 0 0 0 0 1 0 0 0 0 0 0 0 0 0 0 14 16 6 0 11 24 19 29 40 0 0 15 9 16 25 19 0 18 0 0 0 0 0 1 0 0 0 0 0 5 2 15 8 3 0 29 0 0 0 8 0 0 0 0 0 0 0 0 10 0 0 0 0 0 0 0 1 0 0 0 0 1 4 3 65 0 0 0 0 0 0 0 0 0 0 0 0 0 0 0 0 19 31 0 1 0 0 
 0 0 0 0 0 0 0 0 0 0 0 0 0 0 0 2 0 0 0 0 1 7 0 0 0 2 0 2 0 0 210 0 0 0 0 0 0 0 0 0 50 259 93 184 81 137 91 53 219 0 185 111 59 279 95 247 132 34 91 115 0 0 12 0 0 0 54 0 0 0 0 0 0 0 0 58 0 4 20 4 0 0 0 0 0 0 0 0 0 0 0 0 0 0 0 0 0 0 0 0 0 0 0 0 0 0 0 0 0 0 0 0 0 0 0 0 0 0 0 0 7 19 5 10 19 10 6 1 6 36 56 6 0 0 14 4 0 10 0 0 0 0 0 0 0 0 11 9 0 15 0 0 14 12 18 28 9 0 30 23 0 0 0 0 0 0 0 0 0 0 0 4 0 0 0 0 0 0 0 0 0 0 0 0 0 0 4 0 0 0 0 0 0 0 0 0 0 0 0 0 0 4 9 0 14 1 4 5 8 21 9 16 0 19 3 41 9 0 0 0 0 0 0 0 0 0 9 10 0 0 0 0 0 0 18 6 22 0 3 0 0 0 0 0 0 0 0 0 0 0 0 11 0 0 0 10 0 0 0 10 34 0 1 2 3 12 0 0 2 0 0 0 0 0 0 0 0 0 0 0 0 0 0 0 18 9 0 0 0 0 
 3 3 6 3 3 3 3 3 3 3 3 3 3 3 3 3 5 3 6 6 0 0 0 0 0 3 0 0 3 0 0 0 0 1 0 0 0 0 0 0 319 99 263 359 296 127 44 87 277 185 0 62 320 18 58 159 370 108 53 56 0 53 2 0 0 0 0 0 0 0 2 1 0 0 1 0 2 1 0 0 0 0 0 0 0 0 0 0 0 0 0 0 0 0 0 0 0 0 0 0 0 0 0 0 0 9 0 0 0 0 0 0 0 0 0 0 18 15 0 0 0 8 21 7 23 3 0 1 14 27 17 9 11 18 0 0 0 0 0 0 0 0 0 0 4 0 10 0 0 0 0 0 17 7 0 14 12 5 0 70 0 0 0 3 0 0 0 0 0 0 0 0 0 0 6 0 0 0 0 0 0 0 0 0 0 0 1 0 0 0 0 0 0 0 0 0 0 0 0 0 0 0 7 14 24 22 0 47 9 10 14 11 0 12 21 4 23 12 0 0 0 12 0 0 0 0 73 24 0 10 0 0 13 34 17 3 9 1 37 0 0 0 0 0 0 0 0 0 0 0 0 9 0 0 0 0 0 0 0 7 0 0 0 0 0 5 2 1 0 0 15 0 0 0 0 0 0 0 0 0 0 0 0 0 0 15 0 0 0 0 
 0 0 0 0 2 0 0 0 0 0 0 0 0 0 0 0 0 0 0 3 2 2 3 3 2 2 2 3 2 2 2 2 5 2 2 2 63 2 2 2 32 761 160 194 133 442 259 160 259 111 62 0 31 274 342 376 101 99 249 296 3 1 0 0 0 2 0 8 0 0 0 3 97 0 1 0 0 0 50 106 0 0 0 0 0 0 0 0 0 0 0 0 0 0 11 1 0 0 0 0 0 14 0 0 0 5 0 0 0 0 0 0 0 0 0 0 0 0 0 0 0 0 17 0 25 40 13 3 0 0 12 25 8 5 23 26 0 1 11 0 19 0 9 1 0 0 11 0 0 5 0 0 28 1 0 21 1 0 20 1 0 0 0 0 0 0 0 0 0 0 0 3 0 0 0 0 0 0 12 0 0 0 0 0 6 12 0 0 0 0 0 0 0 0 0 0 0 0 0 0 8 0 16 5 22 21 0 0 0 1 6 6 9 0 10 0 21 22 0 6 2 1 0 0 0 0 12 0 1 19 0 0 1 13 0 0 10 0 0 27 0 0 0 0 0 0 0 0 2 0 0 6 0 1 0 0 0 0 0 2 0 2 2 62 0 13 2 1 0 0 0 0 0 0 0 0 0 0 0 0 0 3 0 0 9 2 0 0 0 0 
 3 3 5 3 3 3 3 5 3 3 3 3 3 3 3 3 3 3 9 3 3 3 3 3 24 6 2 3 70 3 3 8 3 3 2 3 3 3 3 3 100 51 128 187 280 166 159 95 105 59 320 31 0 157 202 106 111 257 384 169 0 0 0 0 0 3 0 20 0 0 0 2 0 0 0 0 0 2 0 0 10 0 7 0 0 0 0 0 0 0 0 0 0 0 0 0 0 0 0 0 0 0 0 0 20 8 0 0 0 0 0 0 0 0 0 0 0 0 0 0 0 28 11 33 0 0 17 5 29 0 33 0 32 14 16 34 5 0 7 0 0 0 0 0 5 0 0 0 0 0 0 0 0 0 0 0 0 2 12 0 0 0 0 0 0 0 0 5 0 0 0 0 5 0 0 0 14 0 0 0 0 0 0 0 0 0 0 0 0 0 0 0 0 0 0 0 0 0 0 0 0 29 0 14 0 72 1 29 0 0 0 24 0 0 38 7 30 2 0 23 0 0 0 0 0 0 0 0 0 0 0 0 0 0 0 0 0 0 0 0 0 0 0 0 0 0 0 0 0 0 1 9 0 0 0 0 0 0 0 1 0 0 2 0 2 0 0 0 1 0 6 0 0 0 0 0 0 0 0 8 0 0 0 0 0 0 0 0 0 2 
 3 3 5 3 3 3 3 3 5 3 3 3 3 3 3 3 3 3 3 3 0 3 74 63 87 0 3 3 0 29 0 29 0 0 0 0 0 0 0 0 40 132 177 177 308 45 55 212 69 279 18 274 157 0 153 313 117 106 90 391 0 0 0 0 0 0 0 2 0 0 0 0 0 0 0 0 0 0 58 0 0 0 0 0 0 0 0 0 0 0 0 0 0 0 0 0 0 0 0 8 0 0 0 0 19 0 0 1 0 0 0 2 0 0 0 0 0 0 0 7 3 0 23 20 0 37 21 12 28 0 22 0 0 0 9 37 21 17 28 0 0 0 0 1 0 0 0 0 0 0 0 0 3 0 0 0 0 0 9 0 0 0 0 0 0 0 0 16 0 0 0 0 0 0 0 0 3 0 0 0 0 0 0 0 22 0 0 0 0 0 0 0 0 0 0 1 0 0 0 0 0 11 30 28 0 11 0 0 31 1 0 0 11 0 32 0 11 15 23 11 0 0 0 0 0 0 0 0 0 0 0 0 0 0 0 0 0 0 0 11 0 21 0 0 0 0 0 0 0 0 0 4 0 1 0 0 0 0 0 0 0 0 0 0 0 2 1 1 1 18 0 0 0 0 0 0 0 0 0 8 0 0 0 0 0 0 0 0 1 0 
 0 0 0 0 63 0 0 0 0 0 0 0 0 0 9 3 0 0 2 0 0 0 0 0 62 82 3 0 0 0 5 0 34 204 0 0 0 0 0 0 151 209 111 164 116 79 260 160 78 95 58 342 202 153 0 385 308 106 80 490 0 0 0 0 0 0 0 4 0 0 0 0 0 0 0 0 0 0 0 51 0 0 0 0 0 0 0 0 0 0 0 0 0 0 0 0 0 0 0 0 0 0 0 0 18 0 0 0 0 0 0 0 0 0 0 0 0 0 0 0 0 8 26 0 10 0 11 14 61 0 25 3 0 30 13 26 10 1 0 0 1 0 0 4 0 0 5 0 0 0 0 0 1 1 0 0 0 0 7 0 0 0 0 0 0 0 0 5 0 0 0 0 1 0 0 0 2 0 0 0 0 0 0 0 0 0 0 0 0 0 0 0 0 0 0 0 0 0 0 0 25 0 27 32 1 0 0 0 1 1 21 0 12 19 14 2 17 29 46 10 1 0 0 0 0 0 11 0 0 0 0 0 0 9 0 0 0 0 0 13 0 0 0 0 0 0 0 0 0 1 0 13 0 0 0 0 0 0 0 0 0 0 65 0 0 3 0 3 0 0 0 0 0 0 0 0 0 0 0 1 0 0 1 0 7 1 0 1 0 0 
 0 0 0 0 0 0 0 3 0 0 0 0 0 0 0 3 0 0 3 0 0 3 0 0 0 0 2 0 0 0 0 0 0 0 0 0 0 0 0 202 39 394 73 168 149 326 88 123 97 247 159 376 106 313 385 0 427 84 98 122 0 0 0 0 0 0 0 5 0 0 0 0 0 0 0 1 0 0 0 51 0 0 0 0 0 0 0 0 0 0 0 0 0 0 0 0 0 0 0 0 0 0 0 0 0 0 4 0 0 0 0 0 0 5 0 0 0 0 0 0 20 4 26 16 1 0 20 11 3 17 55 27 0 22 26 6 0 1 0 0 0 0 0 0 0 0 1 0 0 0 0 0 0 0 42 2 11 0 50 6 0 0 0 3 0 0 0 0 0 0 0 0 0 0 0 0 0 0 0 0 0 0 0 0 0 0 0 0 0 0 0 0 0 0 0 0 0 0 0 0 6 14 10 7 22 12 22 6 12 20 29 20 44 8 38 21 7 15 19 11 0 19 0 6 0 0 17 29 0 0 0 0 0 11 0 0 54 0 7 0 0 0 0 0 0 0 0 0 0 0 0 16 0 0 0 0 0 0 0 7 0 0 65 0 1 4 2 0 0 0 0 0 0 0 0 0 0 0 0 0 0 0 0 0 27 17 0 1 0 0 
 0 2 0 0 0 0 3 0 0 0 0 0 6 28 0 6 0 9 0 10 0 5 0 0 0 8 0 0 0 0 0 0 0 0 0 0 0 0 0 0 260 185 396 275 69 54 48 123 48 132 370 101 111 117 308 427 0 133 36 161 0 0 0 0 0 1 51 5 0 80 0 0 0 0 0 0 0 0 0 0 0 7 0 14 0 0 0 12 0 0 0 0 5 14 0 0 5 12 0 8 0 0 0 0 0 0 0 0 0 0 0 0 0 0 0 0 0 0 0 0 0 3 6 22 0 14 13 3 10 14 27 17 0 0 9 41 13 42 0 0 11 0 0 0 0 0 0 2 0 0 0 0 0 0 0 5 1 0 20 6 24 20 0 23 0 0 6 16 0 1 8 0 0 0 4 8 1 0 0 0 0 0 0 0 0 0 0 0 0 0 0 0 0 0 0 0 0 0 0 0 0 0 32 44 0 27 1 0 14 0 12 0 0 0 14 0 32 24 0 9 2 0 0 0 0 0 0 22 0 11 0 0 7 19 0 0 20 0 0 12 0 0 0 0 0 0 0 0 0 0 0 11 0 2 0 0 0 0 0 0 0 0 1 0 0 2 0 1 3 0 0 0 0 0 0 0 0 0 0 0 0 0 0 0 0 2 0 0 2 0 
 66 0 0 0 2 0 0 2 0 0 0 0 0 0 1 1 0 0 0 3 0 3 0 0 62 4 0 0 0 0 0 0 0 0 0 0 0 0 201 0 30 23 85 186 39 173 32 88 105 34 108 99 257 106 106 84 133 0 84 83 9 0 0 0 0 0 3 0 0 0 0 0 16 0 0 52 0 0 0 26 0 0 0 0 0 0 0 0 0 0 0 0 0 0 22 0 0 0 0 0 0 0 0 0 0 0 0 0 0 0 0 0 0 0 10 0 0 0 0 0 25 0 0 13 16 16 0 18 48 11 20 33 7 13 10 10 33 21 0 10 0 0 0 7 0 26 29 0 3 9 3 0 10 0 4 10 0 0 19 0 0 0 0 1 0 0 0 2 0 0 0 0 0 0 0 12 8 0 2 0 0 0 0 0 0 0 0 0 0 0 0 0 0 0 0 0 0 0 0 0 0 0 6 28 35 26 10 23 8 24 11 24 0 40 11 23 22 9 0 1 0 0 0 0 0 0 1 0 0 11 0 0 0 24 0 0 4 0 23 15 0 0 0 0 0 0 0 0 0 0 0 14 0 0 0 0 0 0 0 15 0 0 1 0 0 0 1 4 0 0 0 0 0 0 0 0 0 0 0 0 0 0 0 0 0 8 0 0 0 0 
 0 0 39 0 0 0 0 1 0 0 0 0 0 0 0 0 0 0 3 0 2 63 3 2 10 68 2 3 3 3 64 2 2 2 2 2 2 57 2 2 99 42 49 66 56 53 152 61 130 91 53 249 384 90 80 98 36 84 0 125 0 0 200 0 0 0 0 0 0 0 0 0 0 0 0 0 0 3 3 0 0 21 0 0 0 0 0 0 0 0 0 0 0 0 0 0 0 0 0 0 0 11 0 7 10 1 2 37 0 0 7 0 0 0 0 0 1 4 0 0 18 0 10 12 0 0 21 5 0 1 0 0 7 48 14 0 0 0 2 35 0 1 0 0 0 0 0 0 0 0 0 0 0 0 14 0 4 0 11 0 0 0 0 0 0 15 0 0 0 0 0 0 0 0 1 0 0 8 4 0 0 0 0 2 9 5 0 1 0 0 2 1 0 0 0 11 0 0 0 0 0 33 0 0 0 21 7 24 12 15 1 26 8 0 29 10 1 0 13 35 0 0 0 0 0 0 0 0 0 0 0 0 0 0 0 0 0 0 0 0 0 0 1 0 0 0 0 0 0 0 0 6 0 2 0 0 0 62 65 0 1 0 2 0 1 1 0 0 0 0 0 0 0 0 0 0 0 0 0 0 0 0 0 0 10 0 0 8 2 0 
 0 0 0 0 17 0 0 3 14 0 0 0 7 0 0 0 4 0 0 0 3 3 12 25 79 3 3 3 3 70 3 67 3 3 3 3 6 3 7 4 62 84 106 106 576 85 338 55 57 115 56 296 169 391 490 122 161 83 125 0 0 0 2 0 0 0 0 7 0 0 0 0 0 0 0 0 0 0 0 0 0 0 0 36 0 0 0 0 0 6 2 10 0 0 0 0 0 0 0 0 0 0 0 0 15 0 0 0 14 0 0 7 0 0 0 0 0 0 0 0 36 0 43 0 0 20 19 11 41 22 0 0 1 0 17 14 14 4 36 0 0 0 0 0 0 0 0 0 0 0 0 20 0 0 0 0 0 2 46 0 0 0 0 0 2 5 0 0 0 0 0 0 0 0 0 0 11 0 0 0 0 11 0 0 0 0 0 0 2 1 0 0 0 0 0 0 0 0 0 0 10 57 48 8 0 22 15 0 12 0 16 22 4 22 25 19 23 39 14 19 0 0 0 0 0 0 0 0 0 0 0 0 0 8 0 0 0 0 0 0 0 6 0 0 0 0 2 0 0 0 0 24 0 2 0 0 0 0 0 9 0 0 0 0 0 0 1 0 0 0 0 0 0 0 0 0 0 0 0 10 0 1 0 0 0 0 0 0 2 0 
 0 2 0 0 0 0 0 0 0 0 0 0 5 0 0 6 0 1 3 0 3 5 3 3 3 6 3 7 3 3 3 3 3 3 3 5 3 3 3 6 0 0 2 0 3 0 0 0 0 0 0 3 0 0 0 0 0 9 0 0 0 238 161 116 101 47 185 348 46 146 100 34 360 129 125 147 124 97 129 98 0 0 0 0 0 0 0 0 0 0 0 0 0 0 0 0 0 0 0 0 0 0 0 0 0 0 0 0 0 0 0 0 0 0 0 0 0 6 0 20 2 2 0 0 0 0 0 0 1 2 1 44 1 0 2 0 4 1 0 2 17 14 3 14 0 0 1 0 21 0 0 3 0 6 11 22 0 14 0 0 0 0 0 0 0 0 0 13 0 0 0 0 0 0 0 0 0 0 0 0 0 0 0 0 0 0 0 0 0 0 0 0 0 0 0 0 0 0 0 0 0 0 0 0 0 5 0 0 0 0 0 0 0 0 0 0 0 0 0 0 0 14 0 15 6 25 0 21 0 4 49 0 9 38 30 10 0 7 8 9 11 0 0 0 0 0 0 0 0 0 0 45 0 0 9 0 0 0 0 0 0 0 0 1 0 1 0 0 0 0 0 0 0 0 3 0 0 0 0 0 0 0 0 0 0 1 0 0 2 0 
