 0 287 331 141 136 216 185 335 85 251 385 49 196 62 312 203 54 125 53 137 0 0 5 3 0 0 1 2 2 0 1 0 2 2 0 3 0 0 77 0 0 0 3 0 0 3 0 0 27 0 0 0 0 0 0 2 0 2 0 0 0 4 0 2 0 0 1 0 3 0 0 0 0 0 0 0 0 37 3 0 0 19 13 51 47 1 14 11 1 25 18 2 1 1 13 21 25 72 0 31 0 10 0 0 16 0 1 0 0 0 0 0 0 23 0 0 0 0 1 0 0 0 0 0 0 0 0 2 0 0 0 0 0 0 0 0 0 2 0 0 0 0 0 0 0 2 0 0 0 0 0 0 0 4 0 0 0 0 0 0 26 0 40 26 8 10 23 16 9 3 7 13 0 0 19 13 10 16 0 21 0 0 0 0 0 0 0 12 0 0 0 0 7 2 0 0 0 0 0 9 0 1 0 0 0 0 0 0 0 0 0 0 0 0 0 0 0 0 0 15 21 0 0 0 0 0 0 0 0 0 0 0 0 2 0 0 0 0 0 0 0 0 0 0 0 2 0 0 2 93 14 2 0 0 0 0 0 0 0 0 0 0 0 0 0 0 0 0 0 0 0 0 0 0 0 4 32 33 0 0 0 0 0 0 0 0 0 0 0 1 
 287 0 427 372 28 51 240 204 223 40 216 24 75 186 238 228 213 163 166 74 2 0 5 3 2 0 0 2 5 0 0 0 4 3 2 3 0 2 76 20 0 0 6 0 0 0 3 0 0 3 0 3 0 3 3 5 0 0 2 0 0 0 0 5 0 2 3 0 2 0 6 0 0 0 2 0 3 0 3 0 0 14 18 11 10 13 7 27 5 28 38 26 30 12 20 19 1 61 19 0 0 0 0 0 0 0 0 0 0 0 0 0 0 9 0 0 0 0 0 0 0 0 0 0 0 0 0 0 0 0 0 0 0 0 0 0 0 23 0 0 0 0 0 0 0 0 0 0 0 0 0 0 0 0 0 0 0 0 0 0 0 1 0 3 9 31 23 9 0 19 3 25 0 14 2 41 10 10 0 0 19 1 0 0 0 0 0 0 0 0 0 0 6 35 0 0 0 0 10 10 0 0 0 0 0 0 0 0 0 0 0 0 0 0 34 0 0 0 0 0 0 0 0 0 0 0 0 0 0 0 0 0 0 0 0 0 7 0 0 17 0 0 0 0 0 1 1 0 3 1 0 7 0 0 1 0 0 0 0 0 0 0 0 0 0 0 0 0 0 0 0 0 0 0 0 0 0 0 0 0 0 0 0 0 0 0 0 0 0 0 
 331 427 0 351 76 30 167 500 218 66 131 157 180 46 532 68 139 196 70 84 0 1 3 3 0 0 0 2 2 0 2 0 2 1 0 4 0 0 87 1 0 0 3 1 0 1 0 0 0 0 0 0 0 0 0 2 0 0 0 0 0 0 0 3 0 0 0 48 3 0 3 0 0 0 0 6 2 0 3 0 11 0 13 13 0 0 8 26 0 27 26 28 31 21 32 16 7 22 14 14 0 0 0 1 0 0 0 39 0 0 0 0 0 16 0 0 0 0 0 0 0 1 0 0 0 0 0 0 0 0 0 1 0 0 0 0 0 0 0 0 0 0 0 0 0 0 0 0 0 0 0 0 0 0 0 0 0 21 0 0 0 1 61 12 0 7 0 0 0 16 11 14 0 25 3 39 0 13 1 0 0 0 0 0 0 0 0 0 0 0 0 0 0 14 0 0 0 9 8 2 0 0 0 0 0 0 0 0 0 0 0 0 0 0 0 0 0 0 0 2 0 0 0 0 0 0 0 0 0 0 0 0 0 0 0 0 0 0 0 0 0 0 0 0 0 5 92 0 1 1 0 17 0 0 0 0 0 0 0 0 0 0 0 0 0 1 0 0 0 0 0 0 0 0 0 13 0 0 0 0 0 0 0 0 0 0 0 0 0 0 
 141 372 351 0 73 109 245 99 94 157 245 124 172 72 144 35 231 244 65 66 0 0 3 3 0 0 6 2 2 0 0 0 38 30 0 2 0 0 25 100 0 0 3 0 0 1 71 0 0 0 0 2 0 0 0 2 0 0 0 0 0 0 0 3 0 0 0 0 3 0 3 0 0 0 0 0 2 0 3 0 0 0 36 0 29 10 6 30 29 19 65 17 11 0 0 10 14 21 21 0 0 0 0 0 0 0 0 0 0 0 0 10 1 0 59 0 0 0 0 11 0 0 0 0 0 0 0 0 0 0 0 0 0 0 0 0 0 0 0 0 0 0 0 0 0 0 0 0 0 0 0 0 0 0 0 0 0 5 0 0 4 14 0 11 22 37 0 34 0 0 17 36 0 0 15 9 0 30 0 14 0 6 0 0 0 0 0 9 8 0 13 0 18 0 0 0 0 0 0 32 0 6 0 0 0 0 0 0 0 0 0 0 0 0 0 0 0 0 0 0 0 0 0 0 0 0 0 0 0 0 0 0 0 0 0 0 0 0 0 0 0 0 0 0 0 0 51 0 94 1 0 7 0 0 0 0 0 0 0 0 72 0 0 0 0 0 0 0 0 0 0 0 0 0 0 0 2 0 0 0 0 0 0 0 0 0 0 0 0 0 
 136 28 76 73 0 541 258 206 148 158 249 322 77 176 79 342 74 24 35 75 80 2 3 3 0 0 112 94 3 0 0 0 34 1 77 78 0 0 107 2 0 0 3 0 0 0 0 1 0 0 0 0 0 0 0 2 0 0 0 0 0 0 0 3 0 2 0 0 2 0 3 0 0 0 0 0 3 0 3 0 0 17 12 13 28 0 0 10 40 0 0 0 20 15 12 15 57 0 0 0 9 18 9 0 0 0 67 15 0 7 0 0 23 20 13 19 0 7 0 13 0 0 0 0 0 0 0 0 0 0 0 0 0 0 0 0 0 0 0 0 0 0 0 0 0 0 0 0 0 1 0 0 0 11 0 0 0 0 0 0 0 0 20 31 73 10 22 0 0 25 8 0 0 0 5 12 12 0 0 0 14 37 0 0 0 0 9 19 0 9 0 0 13 0 10 26 11 0 43 58 0 0 0 0 0 0 0 0 0 0 0 2 0 0 0 0 2 0 0 0 0 0 0 1 0 0 0 0 0 2 0 0 0 0 0 0 0 0 0 0 0 7 0 0 0 3 2 0 7 0 24 5 0 0 0 18 0 0 0 0 0 0 0 0 0 0 0 0 0 0 0 0 0 0 0 0 23 19 0 0 0 0 0 0 0 0 0 0 0 0 
 216 51 30 109 541 0 47 119 30 53 175 65 36 144 53 175 169 48 48 52 2 0 3 4 0 0 33 159 1 3 0 0 151 2 0 76 0 0 95 1 0 0 3 0 2 6 0 0 0 0 1 0 0 0 0 2 1 0 1 0 1 0 0 3 0 0 3 0 3 0 6 0 0 0 0 4 1 0 3 0 0 0 3 13 29 24 0 0 0 0 21 1 0 0 0 12 0 11 0 0 7 19 9 8 1 0 52 27 0 1 14 20 9 0 9 0 14 7 33 39 0 0 0 0 0 0 0 0 0 0 0 0 0 0 0 0 0 0 0 0 0 0 0 0 0 0 0 0 0 0 0 0 0 0 0 0 0 0 0 0 18 0 12 12 13 42 0 9 0 0 2 23 0 0 0 0 14 0 0 0 9 22 12 7 0 0 10 0 0 6 0 0 17 7 24 0 14 11 3 24 0 0 0 0 0 0 0 0 0 0 0 0 0 0 0 0 1 0 0 0 0 0 0 0 0 0 0 0 0 0 0 0 0 0 0 0 0 0 0 0 0 11 0 0 0 0 4 0 0 1 9 10 0 0 2 2 0 0 0 0 0 15 0 0 0 0 0 0 0 0 0 0 0 0 0 0 0 0 0 0 0 0 0 0 0 0 0 0 0 0 
 185 240 167 245 258 47 0 399 58 227 230 219 189 51 302 38 206 114 79 47 3 0 4 3 108 0 0 2 2 0 0 0 77 1 2 4 0 2 9 0 0 0 4 0 0 1 1 0 0 1 0 2 0 2 0 3 0 0 7 0 0 5 4 5 0 2 0 0 3 3 6 0 0 0 2 0 2 0 3 0 19 0 9 34 0 0 20 29 1 16 13 13 42 23 6 16 1 45 13 16 0 0 0 0 0 0 0 0 0 0 0 0 0 0 0 0 0 0 0 0 0 0 0 0 0 0 0 0 0 0 0 0 0 0 0 0 0 0 0 0 0 0 0 0 0 0 0 0 0 1 0 0 0 0 0 0 10 0 0 0 10 19 15 33 0 14 0 7 23 14 0 26 0 27 46 3 18 11 9 0 0 0 0 0 0 0 0 0 0 2 0 0 0 0 0 0 0 0 0 7 0 0 0 0 0 0 0 0 0 0 0 0 0 0 0 0 0 0 0 0 0 0 0 0 0 0 0 0 0 0 0 0 0 0 0 0 0 0 0 0 0 0 0 0 0 0 8 0 3 57 2 2 0 0 0 2 0 0 0 0 0 0 11 0 2 0 0 0 0 0 0 0 0 0 0 16 0 0 0 0 0 0 0 0 0 0 0 0 0 0 
 335 204 500 99 206 119 399 0 217 283 76 138 159 167 178 276 46 121 167 136 0 0 3 3 0 0 1 3 2 0 0 0 4 2 0 3 0 0 95 74 0 0 5 0 0 2 0 0 0 0 0 0 0 0 2 2 0 0 0 0 0 2 0 3 0 0 0 0 3 0 2 0 0 0 0 0 1 0 3 0 24 11 1 23 11 0 0 18 13 4 14 24 25 25 1 36 41 15 36 8 0 0 0 0 0 0 0 0 0 0 0 0 0 0 0 0 0 1 0 0 0 0 0 0 12 0 0 0 0 0 0 0 0 0 0 0 0 0 0 1 0 0 0 0 0 0 11 0 0 0 0 0 0 3 1 0 0 0 0 0 13 15 25 30 11 0 0 0 0 12 11 2 0 1 1 9 0 1 0 9 0 0 0 0 0 0 1 0 0 0 0 0 0 0 0 0 0 0 0 0 0 0 0 0 0 0 0 0 0 1 0 0 0 0 0 0 0 0 0 0 0 0 0 0 0 0 0 0 0 0 0 0 0 0 0 0 0 0 0 0 0 0 0 0 0 0 3 0 4 89 1 7 0 0 0 0 0 0 0 0 0 0 0 0 0 0 0 0 0 2 0 0 0 1 0 41 20 13 0 0 0 0 0 0 0 0 0 0 0 0 
 85 223 218 94 148 30 58 217 0 75 48 442 91 195 231 53 32 169 176 174 0 0 5 5 0 0 2 2 2 3 0 0 3 2 0 2 0 0 4 74 0 0 3 0 0 0 0 0 0 0 0 1 0 0 0 2 0 0 0 0 0 8 1 3 0 0 0 5 2 0 3 0 0 0 0 0 3 0 3 0 40 3 6 16 1 0 0 20 9 17 20 9 17 12 18 27 34 29 16 45 0 0 0 0 0 0 0 0 0 0 0 0 0 11 0 0 0 0 0 0 0 0 0 0 8 0 0 0 0 0 0 0 0 0 0 1 0 0 0 0 0 0 0 0 0 0 0 0 0 0 2 2 0 5 12 0 0 0 9 0 1 0 23 17 0 0 18 0 0 0 0 0 0 0 0 29 4 0 0 0 0 0 0 0 0 0 1 0 0 0 0 0 0 0 0 0 0 0 0 1 0 0 0 35 0 0 0 2 0 0 0 0 0 0 1 0 0 0 0 8 0 0 0 0 0 0 0 0 1 0 0 0 0 0 44 0 0 0 0 0 0 0 0 0 0 0 1 2 0 1 0 14 0 0 0 0 0 0 0 0 0 0 0 0 0 0 0 0 0 0 0 0 0 0 0 24 0 19 0 0 0 0 0 0 0 0 0 0 0 0 
 251 40 66 157 158 53 227 283 75 0 193 138 50 497 93 272 36 47 76 83 74 1 3 3 0 0 67 79 3 0 0 0 156 75 81 2 0 0 0 148 0 0 3 0 0 1 0 0 0 0 0 0 0 0 0 2 0 0 0 0 0 0 0 3 0 0 0 0 3 0 3 0 1 0 0 0 2 0 3 0 0 19 9 11 51 0 0 0 39 15 26 11 0 0 0 10 11 0 0 0 6 15 2 0 1 0 17 13 0 0 0 1 38 14 10 24 0 0 21 35 0 0 0 0 0 0 0 0 2 0 0 0 0 0 0 0 0 1 23 19 0 0 0 0 0 1 0 0 0 0 0 0 0 0 0 32 0 0 0 0 0 0 16 11 43 29 0 0 0 13 23 10 0 0 0 0 9 22 0 0 30 27 0 0 0 33 23 25 7 10 0 0 16 36 0 0 0 0 19 11 0 0 0 0 0 0 0 0 0 0 0 0 0 0 0 0 0 0 0 0 0 0 0 0 0 0 0 0 0 0 0 0 0 1 0 0 0 0 0 0 0 0 0 0 0 0 89 2 0 5 3 2 17 0 0 0 0 0 0 0 0 0 0 0 0 0 0 0 0 0 0 0 0 0 0 0 0 11 0 0 0 0 0 0 0 0 0 0 0 0 
 385 216 131 245 249 175 230 76 48 193 0 175 46 33 285 298 456 550 55 165 1 0 3 3 0 0 68 79 3 0 0 0 77 1 0 4 0 47 0 0 0 0 3 0 0 1 0 0 0 0 0 0 0 0 0 2 0 0 0 0 0 9 0 3 0 0 0 0 3 18 3 0 0 0 0 0 2 0 3 0 0 3 23 11 37 0 10 11 35 0 20 13 61 17 0 0 40 21 18 46 0 0 2 0 0 0 17 0 0 0 0 1 25 0 0 24 0 0 1 25 0 0 0 0 0 0 0 0 0 0 0 0 0 0 0 0 0 0 0 0 0 1 1 2 0 0 0 0 0 0 0 0 0 7 0 0 0 2 0 0 21 41 0 10 23 45 0 42 0 39 0 23 0 0 20 0 8 15 0 27 35 17 0 0 0 3 26 0 1 10 0 0 10 21 0 10 1 0 15 16 0 0 0 0 0 0 0 0 0 0 0 0 0 0 0 2 1 0 0 0 0 0 0 0 0 2 0 0 12 0 0 0 1 0 0 0 0 0 0 1 0 0 0 0 1 0 0 2 93 93 2 8 2 0 0 0 0 0 0 0 0 0 0 0 0 0 0 0 0 2 0 0 0 18 0 14 8 24 0 0 0 0 0 0 0 0 0 0 0 0 
 49 24 157 124 322 65 219 138 442 138 175 0 14 40 159 42 88 167 105 134 0 0 3 4 0 1 2 3 2 1 0 0 86 2 0 3 2 0 73 74 0 0 3 0 62 3 0 0 0 0 0 0 0 0 0 2 0 0 0 0 0 15 0 3 0 0 0 0 3 0 0 0 0 0 6 0 0 0 3 0 12 0 0 10 1 0 0 12 19 11 13 36 33 37 6 6 19 0 1 16 0 15 0 0 0 0 16 1 0 0 0 0 0 8 0 0 0 0 11 31 0 0 0 0 0 0 0 0 0 0 0 0 0 0 0 0 0 0 0 0 0 0 0 0 0 0 0 0 0 0 0 0 0 14 0 0 0 0 0 0 42 19 29 15 0 17 0 0 0 13 0 13 0 21 0 7 29 0 0 15 15 8 0 0 0 37 27 0 0 0 0 0 2 1 1 2 19 2 12 18 0 0 0 2 0 1 0 0 0 0 0 0 0 0 0 0 0 0 0 0 0 0 12 0 0 0 0 0 0 0 0 0 0 0 0 0 0 0 0 0 0 0 0 0 0 3 86 0 2 85 1 18 0 0 0 0 0 0 0 0 0 0 0 0 0 0 0 0 0 0 0 0 0 0 0 26 0 14 0 0 0 0 0 0 0 0 0 0 0 0 
 196 75 180 172 77 36 189 159 91 50 46 14 0 138 251 164 160 42 233 28 3 201 5 3 0 0 0 4 3 0 5 0 2 3 4 2 1 0 0 0 0 0 3 0 0 1 0 0 0 0 0 0 0 0 0 2 57 0 0 0 0 0 2 3 0 0 0 0 3 2 3 0 0 0 0 0 9 0 3 0 1 0 0 0 0 0 17 0 15 9 31 10 16 10 17 0 10 0 1 48 0 0 0 0 20 0 0 0 0 0 0 0 0 0 0 0 0 0 0 0 0 0 0 0 0 0 0 0 0 0 0 0 0 0 0 0 0 0 0 0 0 0 0 0 0 0 0 0 0 0 0 0 0 0 0 0 0 0 0 0 21 0 10 1 0 0 19 26 24 0 0 0 10 0 26 10 0 21 0 10 0 25 0 0 0 0 0 0 0 0 0 0 0 0 0 0 0 0 0 0 0 0 0 0 0 0 0 0 0 0 0 0 0 0 0 0 0 0 0 0 0 0 0 0 0 0 0 0 0 0 0 0 0 0 0 0 0 0 0 0 0 0 0 0 0 2 1 0 0 2 0 8 0 0 2 0 0 0 0 0 0 0 0 0 0 0 0 0 0 0 0 0 0 12 0 0 0 0 0 0 0 0 0 0 0 0 0 0 0 0 
 62 186 46 72 176 144 51 167 195 497 33 40 138 0 186 220 356 23 184 211 0 2 5 7 2 1 0 2 4 5 0 0 3 2 2 3 0 2 79 0 0 0 65 0 0 3 2 3 0 7 2 2 104 0 3 2 0 0 0 0 0 3 2 5 0 2 3 0 3 0 0 0 0 0 0 0 0 0 3 0 32 30 10 26 12 0 0 24 8 24 0 0 0 25 27 45 21 49 18 0 0 0 0 8 0 0 3 0 0 0 0 0 0 10 0 0 0 0 0 0 0 0 0 0 0 0 0 0 0 0 0 0 17 18 0 0 0 0 0 0 0 0 0 2 0 0 0 0 0 0 0 0 0 11 0 0 0 0 0 0 0 9 35 55 25 0 24 0 0 8 9 0 13 11 5 20 33 0 26 12 0 0 0 0 0 0 0 0 0 0 0 0 0 0 0 0 0 0 0 8 0 0 0 0 0 0 0 0 0 0 0 0 0 0 0 0 0 0 7 14 0 0 0 0 0 0 0 0 0 0 0 0 0 0 0 0 0 0 14 0 0 0 0 0 0 0 0 1 4 0 50 13 0 0 0 0 0 0 0 0 0 0 0 0 0 0 0 0 0 0 0 0 0 0 0 1 19 14 0 0 0 0 0 0 0 0 0 0 0 0 
 312 238 532 144 79 53 302 178 231 93 285 159 251 186 0 72 159 244 246 74 0 0 3 3 2 0 0 2 2 2 2 0 2 2 0 3 0 3 68 82 0 0 3 0 3 5 3 0 0 3 0 0 0 0 0 2 0 0 2 0 0 6 0 5 0 0 0 0 3 0 1 0 0 0 0 0 0 0 5 0 37 0 12 10 0 0 23 32 21 3 23 11 19 16 2 17 20 44 45 17 3 0 1 0 0 0 1 0 18 0 0 0 0 0 0 0 0 0 0 0 0 0 0 0 0 0 0 0 0 0 0 0 0 0 0 0 0 0 0 0 0 0 15 0 0 0 0 0 0 0 0 0 0 0 0 0 0 2 0 0 20 23 17 13 0 0 0 39 0 0 0 0 14 9 24 11 0 36 11 19 10 1 0 0 0 0 0 0 1 0 0 0 0 0 0 0 0 0 0 0 0 0 0 9 0 0 0 0 0 0 0 0 0 0 0 0 0 11 0 0 0 0 0 0 0 0 0 0 0 0 0 0 2 0 0 0 0 0 0 1 0 0 0 0 0 2 1 0 90 94 0 10 0 0 0 0 0 0 0 0 0 0 0 0 0 0 0 0 0 0 0 0 0 0 0 27 0 0 0 0 0 0 0 0 0 0 0 0 0 13 
 203 228 68 35 342 175 38 276 53 272 298 42 164 220 72 0 191 34 41 160 0 1 3 5 0 2 75 2 2 75 0 1 5 1 0 3 0 0 77 106 0 0 3 2 0 1 0 0 0 0 0 0 0 2 0 2 0 0 0 0 0 0 2 3 0 0 0 0 3 3 5 0 7 0 0 2 2 0 3 0 0 37 39 29 12 10 0 1 23 17 28 47 0 0 16 31 18 18 2 0 1 0 10 0 0 0 3 18 0 0 0 13 15 11 0 15 0 0 9 7 0 1 0 2 0 0 0 0 0 0 0 1 0 0 0 0 0 0 0 0 0 0 0 0 0 0 2 0 0 0 0 0 0 7 0 5 0 0 0 0 0 0 16 29 12 0 16 15 0 17 21 0 0 0 2 16 5 8 0 0 19 14 0 0 1 0 1 0 0 0 0 0 0 28 0 0 0 0 1 3 0 0 12 0 0 0 0 0 0 0 0 0 14 0 0 0 0 0 0 19 0 0 0 0 0 0 0 0 0 0 0 0 0 0 0 0 0 0 0 0 0 0 0 0 0 3 2 0 4 1 3 10 9 0 0 0 0 0 0 0 0 0 0 0 0 0 0 0 0 0 0 0 0 0 0 0 29 22 0 0 0 0 0 0 0 0 0 0 0 0 
 54 213 139 231 74 169 206 46 32 36 456 88 160 356 159 191 0 174 140 54 5 1 5 3 3 0 0 2 3 1 0 0 2 1 0 2 0 0 9 74 0 66 4 0 7 1 0 2 5 2 2 3 37 2 3 4 3 0 0 1 0 0 0 3 0 0 0 0 3 0 3 0 2 0 0 0 2 0 3 0 0 2 13 0 12 26 25 28 19 26 11 39 28 5 0 0 10 32 6 10 0 0 0 0 49 0 0 14 0 0 0 0 0 0 0 0 0 0 10 7 0 0 0 0 0 0 0 0 0 0 0 0 0 0 0 0 0 0 0 0 0 0 9 0 0 4 0 0 0 0 0 0 0 0 0 0 0 0 0 0 11 21 10 17 0 0 16 39 8 36 13 0 14 22 19 0 0 39 0 19 10 0 0 0 0 0 0 0 0 0 0 0 6 0 0 0 0 0 0 0 0 0 0 0 1 0 0 0 0 0 0 0 0 0 0 0 0 0 18 0 0 0 0 0 0 0 0 0 0 0 0 0 0 0 0 0 0 0 0 0 0 0 0 0 0 0 1 0 2 1 0 4 13 0 0 15 0 0 0 0 0 0 0 0 0 0 0 0 0 0 0 0 0 0 0 17 0 0 0 0 0 0 0 0 0 0 0 0 0 0 
 125 163 196 244 24 48 114 121 169 47 550 167 42 23 244 34 174 0 133 42 2 2 5 3 0 0 1 2 3 0 0 0 2 1 0 3 0 1 2 0 0 61 3 0 0 0 0 0 0 0 0 0 0 0 0 2 0 0 0 0 0 5 0 3 0 0 0 0 2 0 3 0 0 0 0 0 3 0 3 11 1 7 19 25 11 1 0 21 12 32 0 11 24 12 19 18 8 70 16 17 0 0 0 0 0 5 0 0 0 0 0 0 0 24 0 0 0 0 0 0 0 0 0 0 0 0 0 0 0 0 1 0 0 14 0 1 1 0 0 0 0 0 0 0 0 0 0 0 0 0 2 2 0 0 0 0 0 0 0 0 11 8 48 3 7 31 0 24 0 0 13 20 0 0 11 26 0 0 0 13 0 0 2 0 0 0 2 0 0 0 0 0 0 9 0 0 0 0 6 16 0 0 0 0 15 0 0 2 0 0 0 0 0 0 1 0 0 16 0 0 0 0 0 0 0 0 0 0 1 0 0 0 0 0 0 0 0 0 0 0 0 0 0 0 0 0 0 0 48 45 0 10 1 2 0 0 0 0 0 0 75 0 0 0 0 0 0 0 0 0 0 0 0 0 0 48 15 0 0 0 0 0 0 0 0 0 0 0 0 0 
 53 166 70 65 35 48 79 167 176 76 55 105 233 184 246 41 140 133 0 75 0 0 5 6 0 0 1 2 1 1 0 0 3 3 1 2 0 0 0 3 0 0 3 3 0 3 0 0 0 3 0 49 2 0 0 5 0 0 0 0 0 0 0 3 0 0 0 0 3 0 3 0 1 2 0 2 39 2 3 0 15 1 16 14 0 0 25 0 0 36 0 2 0 5 0 17 12 17 25 12 0 0 0 0 15 0 0 0 0 0 0 0 0 0 0 0 0 0 0 0 0 0 0 0 0 14 0 0 0 0 0 0 0 0 0 0 0 0 0 0 0 2 10 0 0 6 0 0 0 0 0 0 0 0 0 0 0 20 0 0 15 2 11 0 0 0 41 17 17 0 0 0 9 5 39 0 0 20 1 11 0 0 0 0 0 0 0 0 2 0 0 0 0 0 0 16 0 0 0 0 0 0 0 0 0 0 0 0 0 0 0 0 0 0 0 0 0 0 0 0 0 0 0 0 0 1 0 0 0 0 0 0 1 0 0 3 0 0 0 2 0 0 0 0 0 2 0 2 2 1 0 4 0 0 0 0 0 0 0 0 0 0 23 0 0 0 2 0 0 0 0 0 0 0 0 0 0 0 0 0 0 0 0 0 0 0 0 0 0 0 
 137 74 84 66 75 52 47 136 174 83 165 134 28 211 74 160 54 42 75 0 3 0 4 23 4 1 4 2 2 0 0 0 2 4 0 2 2 0 0 6 0 0 3 2 0 4 0 0 7 6 0 62 4 2 0 8 0 0 3 2 0 0 0 5 0 2 0 0 2 0 6 0 2 4 2 4 4 0 3 0 32 52 25 1 0 0 28 26 0 1 0 0 19 23 20 9 17 22 18 58 0 0 0 0 0 0 0 1 0 0 0 0 0 0 0 24 0 0 0 0 0 0 0 0 0 0 0 0 0 0 0 0 0 0 0 0 0 0 2 0 0 0 0 0 0 0 0 0 0 0 0 0 0 6 0 0 0 0 0 0 0 0 0 6 0 0 33 0 3 21 0 0 39 0 22 10 33 0 34 9 1 0 0 0 0 0 0 0 0 0 0 0 2 0 0 0 0 2 0 0 0 0 16 2 1 1 0 0 0 0 0 0 0 0 1 0 0 0 0 0 0 0 0 0 0 0 0 0 0 0 0 0 0 0 0 0 0 0 0 0 0 0 0 0 0 1 0 3 0 0 2 7 0 0 0 0 0 0 0 0 0 0 0 0 0 0 0 0 0 0 0 0 0 0 0 0 0 28 0 0 0 0 0 0 0 0 0 0 0 0 
 0 2 0 0 80 2 3 0 0 74 1 0 3 0 0 0 5 2 0 3 0 135 149 246 129 204 297 154 34 33 112 109 79 188 214 66 95 132 42 173 1 0 3 0 0 0 3 7 0 2 0 2 0 0 2 2 0 0 3 0 0 0 3 0 50 0 3 2 0 0 0 0 0 3 0 0 3 0 0 0 0 0 15 0 0 6 0 0 0 0 2 9 0 0 2 0 0 0 0 0 7 13 22 25 12 22 24 6 48 20 25 13 22 11 11 21 8 0 21 0 0 1 0 0 0 0 0 0 0 0 10 2 0 0 2 0 0 0 13 4 0 0 0 0 0 0 22 4 20 0 0 0 0 0 13 0 0 0 0 0 0 0 0 4 11 0 0 0 8 0 7 0 0 0 0 0 0 0 0 0 7 13 14 21 31 17 0 25 15 28 36 8 23 14 83 0 22 0 18 18 14 0 0 0 0 0 0 0 0 1 0 0 7 0 11 39 0 0 0 0 0 0 2 0 0 0 0 0 0 0 0 0 0 0 0 0 0 0 0 0 0 0 0 0 0 0 0 0 0 0 0 0 0 0 8 2 0 0 1 0 2 0 0 0 0 0 0 0 0 0 0 0 0 0 0 0 0 0 0 0 0 12 0 0 0 0 0 0 0 0 
 0 0 1 0 2 0 0 0 0 1 0 0 201 2 0 1 1 2 0 0 135 0 278 155 48 335 207 74 69 82 133 320 119 217 142 61 167 207 51 132 0 3 3 4 4 0 3 0 0 3 0 2 0 62 2 67 4 0 3 0 1 0 3 0 0 0 3 2 0 0 0 0 3 1 0 2 3 0 7 0 0 1 0 0 0 0 0 0 0 2 0 19 0 0 2 0 0 0 0 0 27 0 20 25 0 18 9 4 19 6 8 9 10 12 0 24 8 0 9 0 0 0 0 0 24 0 26 0 0 0 1 14 9 0 0 0 0 0 20 40 0 4 0 14 0 0 0 0 1 0 0 0 0 0 0 0 0 0 0 0 0 0 0 0 0 0 0 0 0 0 2 0 0 0 0 0 0 1 2 0 27 1 0 31 18 3 0 37 38 12 57 0 0 14 13 15 15 6 0 0 0 0 1 0 0 0 9 0 0 0 0 0 11 0 18 0 0 0 0 0 0 0 2 0 0 14 0 0 0 0 0 0 0 0 0 0 0 0 0 0 0 0 0 0 0 0 0 0 0 0 0 0 0 0 7 2 6 0 77 2 1 0 0 0 0 0 0 0 0 0 0 0 0 0 0 0 0 0 0 3 0 0 0 0 2 39 12 0 0 0 
 5 5 3 3 3 3 4 3 5 3 3 3 5 5 3 3 5 5 5 4 149 278 0 256 147 207 266 261 317 118 180 28 375 234 65 78 207 313 62 122 0 0 6 3 2 2 5 0 0 5 0 7 0 1 2 72 0 0 6 0 0 0 3 2 0 0 2 2 0 0 0 2 0 0 0 0 3 0 14 0 0 0 0 0 0 13 0 0 0 0 0 30 0 0 0 0 0 0 0 0 28 20 27 4 12 24 0 1 40 35 36 27 11 0 13 48 56 11 4 0 0 0 0 0 20 0 5 0 0 0 0 0 0 0 0 0 0 0 20 20 0 0 0 0 1 0 6 0 7 0 1 0 0 0 3 0 1 0 0 0 0 0 0 0 0 0 0 0 0 0 1 0 0 0 0 0 0 0 0 0 0 0 0 2 9 6 22 29 17 77 21 16 0 32 30 32 39 9 0 7 0 0 0 0 0 0 0 0 0 0 0 0 0 0 0 0 0 0 0 15 0 0 0 0 0 1 0 0 0 0 0 0 0 0 0 0 0 0 0 0 0 0 13 0 0 0 1 2 30 0 0 0 0 0 7 0 2 0 63 0 1 0 0 0 2 0 0 0 0 0 1 0 0 0 0 0 0 0 0 13 0 7 0 0 0 0 1 0 0 0 
 3 3 3 3 3 4 3 3 5 3 3 4 3 7 3 5 3 3 6 23 246 155 256 0 349 134 228 289 231 84 123 140 292 128 453 278 229 232 116 412 0 0 3 7 4 2 4 104 0 5 1 3 2 3 2 9 2 2 66 0 4 4 9 3 1 0 5 2 0 0 0 0 1 8 1 2 3 0 1 0 0 0 0 0 0 11 0 0 0 0 0 2 0 0 0 0 0 0 0 0 16 13 48 14 27 11 1 16 31 39 55 29 0 16 14 12 165 16 0 0 0 0 0 0 13 0 14 0 0 17 0 0 0 0 0 9 0 0 0 18 0 0 0 0 0 0 2 0 4 0 0 0 0 0 0 0 0 0 0 0 0 0 0 0 0 0 0 0 0 0 0 0 0 0 0 0 0 0 0 0 24 0 26 16 10 23 0 10 11 7 21 17 20 8 35 2 0 0 14 1 9 0 0 0 0 0 0 0 0 0 0 0 17 1 0 0 0 0 0 0 0 0 0 0 0 0 0 0 0 0 0 0 0 0 0 0 0 0 0 0 0 1 34 0 0 0 0 0 0 0 0 0 0 0 9 0 0 0 4 2 0 2 0 0 0 0 0 0 0 0 0 0 0 0 2 0 0 0 0 0 0 33 0 0 0 0 10 0 0 0 
 0 2 0 0 0 0 108 0 0 0 0 0 0 2 2 0 3 0 0 4 129 48 147 349 0 145 49 71 164 148 212 133 333 95 172 77 143 189 75 319 0 62 68 0 0 0 4 0 7 5 0 2 65 59 32 4 0 0 66 2 0 0 3 0 0 0 3 2 0 0 0 0 0 2 0 0 3 0 0 0 0 0 0 0 0 0 0 0 0 0 0 0 0 0 0 0 0 0 1 0 17 5 60 0 14 20 0 0 15 15 4 11 0 0 0 24 10 0 0 0 18 61 38 25 0 0 17 23 5 0 0 0 10 16 0 19 1 0 0 31 0 0 0 0 0 0 2 0 9 0 0 0 19 0 0 0 2 2 2 0 0 0 0 0 0 0 1 8 0 0 0 0 0 0 0 0 1 0 0 5 0 0 13 0 11 65 0 0 0 3 0 10 4 0 0 2 16 1 0 0 0 9 39 2 0 9 43 0 14 41 0 3 10 0 0 8 14 0 16 0 0 0 0 0 0 0 0 0 0 0 0 0 0 0 0 0 0 0 0 0 0 0 0 0 0 2 0 0 0 0 0 0 0 0 8 0 3 75 0 0 0 0 0 0 0 0 0 0 0 0 0 0 0 0 0 0 0 0 0 0 0 5 0 0 0 0 0 0 0 0 
 0 0 0 0 0 0 0 0 0 0 0 1 0 1 0 2 0 0 0 1 204 335 207 134 145 0 46 86 434 115 170 287 48 55 101 91 90 153 49 63 0 0 4 0 0 0 64 3 1 2 1 2 0 0 3 2 0 0 3 18 0 0 3 0 0 0 3 2 0 0 0 0 0 2 0 0 3 0 3 0 0 1 0 2 0 0 0 7 0 0 0 0 0 0 0 0 0 0 0 0 0 0 25 14 22 33 12 0 23 6 10 41 15 9 0 33 9 0 1 0 2 0 0 2 10 0 13 0 0 0 0 0 2 8 11 0 10 30 19 37 0 0 0 0 0 16 30 16 12 0 0 0 0 0 18 0 2 0 2 2 0 0 0 0 17 0 0 0 0 0 3 0 0 0 0 0 1 0 0 0 0 12 0 50 22 18 0 0 2 12 23 0 0 0 0 9 25 8 0 0 12 9 2 2 10 0 7 16 1 25 0 14 19 0 0 10 34 0 10 15 0 0 0 0 0 0 0 0 0 0 0 0 0 0 15 0 0 0 0 0 0 0 0 0 0 2 0 0 0 0 0 0 0 0 7 0 5 74 0 1 14 4 0 0 0 0 0 0 0 0 0 0 0 0 0 0 0 0 0 0 0 0 0 0 9 0 12 0 0 0 
 1 0 0 6 112 33 0 1 2 67 68 2 0 0 0 75 0 1 1 4 297 207 266 228 49 46 0 256 35 112 23 30 340 76 125 186 289 55 219 83 0 7 3 2 8 0 3 3 1 3 0 2 7 2 4 5 1 0 3 0 0 0 3 0 1 0 3 2 5 0 0 0 0 2 0 0 3 0 0 0 0 0 0 0 12 20 0 0 1 0 0 19 0 0 0 0 0 0 0 0 16 15 30 12 2 30 70 13 21 16 13 0 67 33 10 28 0 5 14 11 0 0 0 0 0 0 0 0 0 0 0 0 0 0 0 0 0 0 0 0 1 0 0 0 0 0 0 0 0 0 0 0 0 0 0 0 0 2 1 0 0 0 0 0 42 18 0 0 0 21 0 0 0 0 0 0 0 0 0 0 28 49 12 45 10 0 18 40 64 12 0 0 24 62 27 1 0 12 13 0 0 1 0 0 0 0 0 0 0 0 0 0 0 0 0 0 0 1 0 0 0 0 0 0 0 0 0 0 0 0 0 9 0 0 0 29 0 0 0 1 0 0 0 0 0 0 0 0 0 0 0 0 0 0 7 0 1 1 76 0 0 13 0 2 0 0 1 0 0 0 0 0 0 0 0 0 0 0 0 0 0 0 0 0 0 0 0 0 0 7 
 2 2 2 2 94 159 2 3 2 79 79 3 4 2 2 2 2 2 2 2 154 74 261 289 71 86 256 0 83 191 97 318 315 72 98 260 44 131 255 68 0 0 6 0 0 3 7 2 3 7 4 3 0 1 3 2 4 5 4 2 0 11 3 56 0 0 4 3 0 0 0 0 0 0 0 2 11 0 0 0 0 0 0 0 7 0 0 0 0 0 0 1 0 0 0 0 0 0 0 0 16 0 35 0 12 13 24 12 23 17 12 20 13 19 18 41 33 21 7 19 1 0 0 0 0 0 0 0 0 0 0 0 0 0 0 0 0 0 0 7 0 0 0 0 0 0 18 8 20 0 0 0 0 0 7 0 0 0 0 0 0 0 0 0 12 16 0 0 0 16 0 0 0 0 4 0 0 0 0 0 0 32 12 1 1 12 12 0 13 17 23 6 14 7 35 12 10 0 0 1 11 10 0 0 0 0 5 0 0 0 0 0 25 0 0 0 0 0 0 12 0 0 0 0 0 0 0 0 0 0 0 0 0 0 0 0 0 3 0 0 0 7 0 0 0 1 0 0 0 0 0 0 0 0 4 0 0 1 76 1 2 0 0 0 0 1 0 0 0 0 0 0 0 0 0 0 0 0 0 0 0 0 0 0 0 0 0 0 0 0 
 2 5 2 2 3 1 2 2 2 3 3 2 3 4 2 2 3 3 1 2 34 69 317 231 164 434 35 83 0 71 50 109 135 179 84 406 114 29 187 134 0 0 3 0 1 0 3 0 0 2 0 2 0 0 2 2 0 0 24 0 0 0 3 0 0 0 3 2 0 56 0 0 0 2 0 0 3 0 0 0 0 0 0 0 0 0 0 0 0 0 0 0 0 0 0 0 0 0 0 0 14 9 6 0 26 0 0 58 5 32 15 9 1 15 0 1 18 2 0 0 0 8 0 0 2 0 26 0 0 0 0 0 0 0 0 11 1 0 0 0 0 0 0 0 0 0 0 0 0 0 0 0 0 0 0 0 0 0 0 0 0 1 0 0 0 0 0 0 0 0 0 0 0 0 0 0 0 0 0 0 14 0 20 12 8 0 0 16 20 0 18 21 27 0 11 0 26 9 25 0 0 0 0 0 0 0 4 0 1 0 0 0 8 0 0 0 0 0 1 20 0 0 0 0 0 0 0 0 0 0 0 0 2 0 0 0 0 0 0 0 0 0 3 0 0 0 0 0 0 1 0 0 0 0 12 0 0 0 0 0 4 16 0 0 0 0 0 0 0 0 0 0 0 0 0 1 0 0 0 0 0 25 0 0 0 24 0 0 0 0 
 0 0 0 0 0 3 0 0 3 0 0 1 0 5 2 75 1 0 1 0 33 82 118 84 148 115 112 191 71 0 67 215 100 362 125 213 197 167 192 182 0 5 3 3 1 0 67 0 0 6 2 2 0 1 2 2 7 0 67 30 0 3 3 2 0 0 3 2 0 0 0 0 0 3 0 0 8 0 0 0 1 0 0 0 0 0 0 0 0 0 0 0 1 0 0 0 0 0 0 0 9 1 1 44 0 49 1 1 11 23 0 6 0 21 1 15 12 26 6 0 14 0 0 0 0 0 28 17 0 0 0 0 32 0 0 0 0 0 64 0 0 0 0 0 0 0 0 7 0 0 2 0 0 0 0 0 5 0 0 0 0 0 0 0 0 0 0 0 0 0 0 0 0 0 0 0 0 0 0 0 0 0 0 13 29 0 0 13 17 18 2 36 1 12 32 19 0 11 11 0 0 0 2 0 0 0 35 0 0 16 0 0 10 0 10 0 15 0 14 0 0 0 0 0 0 0 0 0 0 0 0 0 0 0 0 0 0 0 0 0 0 0 0 0 0 0 0 0 0 0 0 0 0 0 3 0 0 160 85 2 2 0 0 0 0 0 0 0 0 0 0 0 0 0 0 0 0 0 0 0 0 0 0 0 0 0 0 0 0 0 
 1 0 2 0 0 0 0 0 0 0 0 0 5 0 2 0 0 0 0 0 112 133 180 123 212 170 23 97 50 67 0 187 35 109 98 50 316 193 50 60 1 1 3 1 1 2 3 0 3 3 0 2 67 29 3 2 0 2 3 0 0 0 3 0 0 2 3 2 0 0 51 0 0 3 2 0 3 1 5 0 0 0 0 0 0 0 0 0 0 0 0 0 0 0 0 0 0 0 0 0 0 13 23 1 18 34 0 0 26 8 19 34 0 0 0 15 23 0 0 0 1 13 9 8 16 0 14 0 11 0 0 0 1 16 0 20 0 0 21 55 0 0 0 0 0 0 11 10 3 0 0 0 0 0 7 0 1 0 0 0 0 0 0 0 0 1 0 0 5 0 0 0 0 0 0 2 0 4 0 4 0 0 14 1 0 32 0 0 0 6 37 39 0 0 10 20 21 0 0 0 14 9 14 0 0 0 29 0 0 0 0 0 65 0 0 0 0 0 34 36 0 0 0 0 0 0 0 0 0 0 0 0 0 0 0 0 0 0 0 0 0 0 0 0 0 0 0 0 0 1 0 0 0 0 9 0 1 4 0 0 3 0 0 0 0 0 0 0 0 0 0 0 0 0 0 0 0 0 0 0 0 0 0 0 0 0 1 0 0 0 
 0 0 0 0 0 0 0 0 0 0 0 0 0 0 0 1 0 0 0 0 109 320 28 140 133 287 30 318 109 215 187 0 257 45 120 117 96 82 36 64 0 3 3 2 0 0 3 0 0 7 30 2 0 130 9 3 4 0 87 1 0 0 3 0 0 0 3 2 0 0 0 0 0 3 0 0 3 0 0 0 0 0 0 0 0 57 0 0 0 0 0 0 0 0 0 0 0 0 0 0 0 0 19 0 14 19 0 0 0 8 22 0 0 3 0 0 0 9 0 1 8 13 10 0 0 0 32 28 13 0 0 0 1 11 2 11 0 0 25 0 0 2 0 0 0 0 0 0 0 1 0 0 0 0 0 0 2 0 0 0 0 0 0 0 0 0 0 0 0 0 0 0 0 0 0 0 0 0 0 0 0 21 35 0 17 1 0 0 0 0 0 53 0 0 0 19 0 23 0 0 1 0 17 0 0 0 1 0 9 0 0 0 18 13 20 9 2 0 0 15 0 0 0 0 0 0 0 0 0 0 0 0 0 0 2 0 0 0 0 0 0 0 0 0 0 0 0 0 0 0 0 0 1 0 1 1 0 76 1 7 18 0 0 0 0 0 0 0 0 0 0 0 50 0 0 0 0 0 0 0 0 0 0 0 1 0 0 0 0 0 
 2 4 2 38 34 151 77 4 3 156 77 86 2 3 2 5 2 2 3 2 79 119 375 292 333 48 340 315 135 100 35 257 0 176 89 554 112 48 348 124 0 0 3 21 0 0 23 0 0 2 1 2 0 0 4 6 1 0 2 3 0 0 3 0 0 0 3 2 0 0 0 0 0 3 0 0 3 0 0 0 0 0 0 0 9 13 0 0 0 0 26 19 0 0 0 10 0 0 0 0 13 9 21 29 0 8 25 16 14 0 0 0 23 13 26 59 0 16 10 27 1 0 9 0 0 0 0 0 0 0 0 0 0 0 0 0 0 21 0 0 0 0 0 0 0 0 0 0 0 0 0 0 0 0 0 0 0 7 0 0 0 0 2 0 13 9 0 0 0 14 15 20 0 0 0 0 0 33 0 0 14 27 0 0 0 5 9 30 16 31 9 0 28 22 23 25 26 11 15 28 0 0 0 0 0 0 0 0 0 0 0 0 0 0 0 0 0 0 0 0 0 0 0 0 0 0 0 0 0 0 0 0 0 0 0 0 0 0 0 0 0 7 0 0 0 0 27 0 0 0 0 1 0 0 6 0 0 75 0 2 2 3 4 0 0 0 0 0 0 0 0 0 0 0 0 0 0 0 0 12 0 0 0 0 0 0 0 0 0 0 
 2 3 1 30 1 2 1 2 2 75 1 2 3 2 2 1 1 1 3 4 188 217 234 128 95 55 76 72 179 362 109 45 176 0 116 140 250 92 203 213 0 3 3 2 2 0 4 2 0 3 0 2 0 0 2 3 7 0 2 67 0 0 3 0 0 0 3 2 0 0 0 0 0 3 0 0 3 0 8 0 0 0 0 0 8 0 0 0 0 0 7 0 0 0 0 14 0 0 0 0 15 18 20 0 6 26 16 16 11 24 1 26 14 10 31 24 1 4 0 23 0 0 0 0 0 0 0 0 0 0 0 0 12 0 2 0 0 0 21 0 0 0 0 0 0 0 0 0 0 0 0 0 0 0 0 0 0 6 0 0 10 0 0 0 10 2 0 0 0 0 26 20 0 0 0 1 0 13 0 0 21 1 16 75 9 0 0 64 89 15 68 13 13 0 18 19 47 14 0 17 0 0 0 0 0 0 0 0 0 0 0 0 10 0 1 0 0 0 0 13 0 0 0 0 0 0 0 0 0 0 0 0 0 0 0 0 0 0 0 0 0 0 0 0 0 0 79 0 0 0 0 0 0 0 9 0 1 0 155 0 5 0 0 0 0 0 0 0 0 0 0 0 0 0 0 0 0 0 0 10 0 1 0 0 0 26 0 0 0 0 
 0 2 0 0 77 0 2 0 0 81 0 0 4 2 0 0 0 0 1 0 214 142 65 453 172 101 125 98 84 125 98 120 89 116 0 104 116 182 385 206 1 1 3 4 5 0 4 0 0 2 67 2 0 0 2 2 3 0 3 0 0 0 3 0 0 0 2 2 0 0 0 0 0 1 0 0 3 1 0 0 0 0 23 0 0 1 0 21 0 0 0 10 0 0 0 0 0 0 0 0 22 26 39 7 62 0 31 0 0 10 8 0 19 9 0 11 10 0 0 0 0 0 0 0 0 0 1 0 0 0 0 0 9 0 0 0 0 0 4 0 1 0 0 0 0 0 0 0 0 0 0 0 0 0 0 0 0 0 0 0 0 0 0 0 19 0 0 0 0 0 5 0 0 0 0 0 0 0 0 0 1 38 31 40 17 0 0 29 10 0 0 27 0 36 10 0 14 22 0 0 10 0 0 0 0 0 0 0 0 0 0 0 29 0 0 0 0 0 0 5 0 0 0 0 0 0 0 0 0 0 0 0 0 0 0 0 0 0 0 9 0 0 0 0 0 0 0 0 0 1 0 0 0 0 9 0 0 1 75 3 18 22 0 0 0 0 0 0 0 0 0 0 0 0 0 0 0 0 0 0 0 8 0 0 0 0 0 0 0 0 
 3 3 4 2 78 76 4 3 2 2 4 3 2 3 3 3 2 3 2 2 66 61 78 278 77 91 186 260 406 213 50 117 554 140 104 0 68 109 128 136 0 10 5 12 20 0 3 0 2 3 0 2 3 0 5 3 4 0 72 0 0 3 3 0 0 0 3 2 0 0 3 0 0 3 0 0 4 0 0 0 0 5 0 0 0 15 0 0 0 0 0 0 0 0 0 0 0 0 0 1 11 0 0 0 37 0 22 22 0 0 19 11 9 29 0 18 7 17 12 11 0 0 0 0 0 0 44 0 0 0 0 0 13 0 0 0 0 0 16 0 0 0 0 0 0 0 0 0 0 0 0 0 0 0 0 0 0 37 0 0 19 0 0 10 0 0 0 0 0 0 0 1 0 0 0 0 0 0 0 0 22 44 33 0 10 18 0 0 17 0 0 22 15 0 24 4 11 25 0 0 0 0 2 0 0 0 9 0 0 0 0 0 13 0 22 0 0 0 0 26 0 0 0 0 0 0 2 0 0 0 0 0 0 0 0 0 22 0 0 0 0 0 1 0 33 0 0 0 0 0 0 0 0 0 5 2 2 1 76 0 16 1 0 0 0 0 0 0 0 0 0 0 0 0 0 0 0 0 0 0 0 0 0 0 0 22 0 0 0 0 
 0 0 0 0 0 0 0 0 0 0 0 2 1 0 0 0 0 0 0 2 95 167 207 229 143 90 289 44 114 197 316 96 112 250 116 68 0 99 539 68 0 4 3 5 3 3 3 0 2 2 5 2 0 62 2 7 13 3 25 0 0 50 3 0 0 2 3 2 0 0 0 2 0 1 4 0 3 5 0 0 0 2 0 1 0 0 0 0 0 0 0 18 0 0 0 0 0 0 0 0 14 13 27 49 0 29 14 15 23 44 23 1 12 43 0 24 31 13 7 0 23 21 0 1 2 0 50 6 0 0 0 0 4 0 0 0 0 0 0 0 0 0 0 0 0 0 0 12 0 0 0 0 0 0 1 16 13 0 1 0 0 0 0 2 0 0 17 0 0 0 0 0 0 0 0 0 2 0 0 0 12 0 50 29 16 20 0 38 47 25 10 30 1 37 6 21 22 13 0 0 0 9 0 1 0 0 12 0 13 0 10 0 14 0 0 8 0 0 0 24 0 0 0 0 0 0 0 0 0 0 0 0 0 8 0 0 0 0 0 0 0 0 9 0 0 0 0 0 0 0 0 0 0 0 12 1 0 79 74 1 0 0 0 0 0 0 0 0 0 0 0 0 0 0 0 0 0 0 0 13 0 14 0 0 0 12 13 0 0 0 
 0 2 0 0 0 0 2 0 0 0 47 0 0 2 3 0 0 1 0 0 132 207 313 232 189 153 55 131 29 167 193 82 48 92 182 109 99 0 31 50 0 31 0 10 7 0 61 0 0 0 0 0 0 64 6 6 31 0 45 19 0 0 0 2 0 2 0 0 0 0 3 0 0 0 6 0 0 4 0 0 0 0 0 0 0 0 0 0 0 2 0 0 0 0 0 0 0 0 0 0 0 28 12 11 14 17 12 0 12 11 0 6 14 9 0 26 7 0 0 0 0 13 0 0 2 0 12 0 0 0 1 0 26 0 0 0 0 0 52 17 0 0 0 0 0 0 9 2 20 0 0 0 0 0 8 0 0 0 0 0 0 0 0 0 0 0 0 0 0 0 3 2 0 0 0 0 0 1 1 0 0 12 52 79 29 32 0 0 5 10 44 0 0 0 0 17 22 34 0 0 14 0 2 0 0 0 0 0 1 15 0 0 23 0 60 7 19 0 13 9 0 0 0 0 0 0 0 0 0 0 0 0 0 0 0 0 0 0 0 0 0 0 2 0 0 0 0 0 0 0 0 0 0 0 16 3 0 80 5 5 12 0 0 0 0 0 0 0 0 0 0 0 0 22 0 0 0 0 0 0 0 16 0 0 0 0 12 0 0 0 
 77 76 87 25 107 95 9 95 4 0 0 73 0 79 68 77 9 2 0 0 42 51 62 116 75 49 219 255 187 192 50 36 348 203 385 128 539 31 0 386 4 3 5 0 0 0 70 6 4 2 0 4 0 0 5 3 65 0 6 2 0 2 3 5 3 0 3 2 42 0 2 1 0 2 0 2 8 3 0 0 0 0 0 16 4 18 0 13 9 7 9 12 0 1 6 9 0 0 0 0 25 0 13 12 25 63 44 0 10 28 0 9 0 13 0 12 28 29 19 14 0 0 0 0 8 1 0 0 0 0 0 0 0 0 0 0 0 10 0 0 0 0 0 0 0 0 0 0 0 13 0 0 0 0 0 0 0 0 0 0 0 0 16 37 1 0 0 0 0 0 1 0 0 0 0 20 13 0 0 0 0 7 11 5 4 0 0 14 36 21 0 0 0 13 32 0 0 0 0 18 0 0 0 0 0 0 0 0 0 0 0 3 0 0 0 0 2 0 0 0 0 0 0 0 0 0 0 0 0 0 0 0 0 0 0 0 0 0 0 0 0 0 0 0 0 0 10 0 0 0 17 0 0 0 5 4 3 75 36 0 1 11 0 0 0 0 0 0 0 0 0 0 2 0 0 0 3 0 0 0 0 0 0 0 0 0 0 0 0 0 
 0 20 1 100 2 1 0 74 74 148 0 74 0 0 82 106 74 0 3 6 173 132 122 412 319 63 83 68 134 182 60 64 124 213 206 136 68 50 386 0 0 0 3 2 0 0 4 0 0 2 0 2 0 28 2 3 1 65 2 0 0 0 3 0 0 0 3 2 0 0 3 0 8 3 0 11 3 0 0 0 0 0 14 0 8 11 0 0 22 0 40 25 0 0 0 15 0 0 0 0 1 1 18 0 18 20 15 32 21 14 0 15 16 9 12 16 14 0 8 40 0 0 0 0 0 0 0 0 0 0 0 0 0 0 0 0 0 0 0 0 0 0 0 0 1 0 0 0 0 0 0 0 0 0 0 3 0 6 0 0 5 0 0 9 58 0 0 10 0 7 39 13 0 0 2 36 0 28 0 9 41 2 0 21 8 0 0 15 81 8 0 18 15 65 71 0 14 0 0 18 0 0 0 0 0 40 0 2 0 0 0 0 0 0 0 0 0 0 0 2 0 0 0 0 0 0 0 0 0 0 0 0 0 2 0 0 0 0 0 0 0 0 0 0 0 0 76 0 0 0 0 0 10 0 4 0 5 0 77 3 0 2 0 0 0 0 0 0 0 0 0 0 0 0 0 0 0 0 0 0 0 0 0 0 0 18 0 0 0 0 
 0 0 0 0 0 0 0 0 0 0 0 0 0 0 0 0 0 0 0 0 1 0 0 0 0 0 0 0 0 0 1 0 0 0 1 0 0 0 4 0 0 124 156 386 52 244 134 163 188 112 92 95 132 51 348 44 91 104 54 168 3 0 49 12 54 0 0 0 6 9 1 0 11 0 0 3 22 0 57 0 0 0 0 16 0 0 0 0 0 0 0 0 0 0 0 0 0 7 0 0 0 0 0 0 0 0 0 0 0 0 9 0 0 0 0 0 0 0 0 0 0 8 15 6 0 13 1 0 13 7 0 9 8 7 24 0 7 15 9 0 0 8 0 0 0 7 16 0 0 5 0 0 0 10 0 7 0 5 0 0 0 0 0 0 13 0 0 0 1 0 0 3 0 0 0 0 0 0 0 0 0 0 0 0 1 3 0 0 0 0 0 1 0 0 0 0 0 18 0 0 18 24 15 64 3 0 11 18 12 0 83 0 0 7 21 14 20 10 20 0 0 0 6 44 0 9 8 7 0 0 0 3 44 3 0 0 0 0 0 9 0 0 12 0 0 0 0 0 0 25 0 12 0 1 0 0 0 0 0 2 0 2 0 89 0 2 0 0 0 0 0 0 0 0 0 0 0 0 0 0 0 0 0 0 11 0 0 22 0 0 
 0 0 0 0 0 0 0 0 0 0 0 0 0 0 0 0 66 61 0 0 0 3 0 0 62 0 7 0 0 5 1 3 0 3 1 10 4 31 3 0 124 0 243 240 279 309 111 276 224 430 79 40 181 51 317 117 137 359 134 63 0 1 0 0 2 1 0 1 1 1 0 0 19 3 0 4 0 0 59 2 0 0 0 0 15 0 0 0 0 0 0 0 0 0 0 0 0 0 0 0 0 2 0 0 0 0 0 0 0 0 0 0 0 0 0 0 0 0 0 0 32 5 22 21 1 0 22 19 10 25 20 13 27 10 35 14 19 54 18 20 0 0 0 0 6 0 16 0 0 0 0 0 0 12 0 0 0 0 15 0 0 0 0 0 0 0 0 8 0 0 0 0 0 0 0 0 0 5 0 0 0 0 9 1 3 19 0 0 0 0 0 1 0 0 0 10 0 25 0 0 28 35 42 19 23 0 42 27 17 20 29 9 7 2 45 11 8 22 9 3 3 0 13 0 0 0 0 0 0 0 0 0 24 0 2 0 0 0 9 0 0 0 6 0 0 0 0 0 0 0 0 5 0 1 0 0 0 0 7 46 0 0 2 0 2 15 0 0 0 0 1 0 0 0 0 0 0 0 0 0 0 4 0 0 0 0 0 0 0 0 
 3 6 3 3 3 3 4 5 3 3 3 3 3 65 3 3 4 3 3 3 3 3 6 3 68 4 3 6 3 3 3 3 3 3 3 5 3 0 5 3 156 243 0 457 50 243 335 282 345 193 101 41 134 81 237 355 648 320 97 625 0 0 0 0 0 2 0 0 0 0 1 0 0 0 0 0 0 0 0 0 0 0 0 0 0 0 0 0 0 0 0 0 0 0 0 0 0 0 0 0 0 0 0 0 0 0 0 0 0 0 0 0 0 0 0 0 0 0 0 0 24 10 15 46 0 11 11 31 12 12 29 23 21 11 52 17 25 21 0 11 0 0 0 0 16 18 0 0 0 0 0 0 0 0 0 0 0 0 0 0 0 0 0 0 27 0 0 0 0 0 0 2 0 0 0 0 0 0 0 0 0 0 0 0 1 11 0 0 0 0 0 0 0 0 0 0 0 0 0 0 50 38 26 20 4 0 22 19 45 38 5 8 13 17 19 12 30 0 15 0 0 0 0 0 0 0 0 0 0 0 0 0 19 0 0 0 0 0 0 0 0 0 10 0 0 0 0 0 0 0 0 2 0 0 0 0 0 2 0 1 0 0 2 68 2 1 2 0 0 0 1 0 0 0 0 0 0 0 0 0 0 0 0 0 1 15 0 0 0 0 
 0 0 1 0 0 0 0 0 0 0 0 0 0 0 0 2 0 0 3 2 0 4 3 7 0 0 2 0 0 3 1 2 21 2 4 12 5 10 0 2 386 240 457 0 128 191 176 114 207 115 354 148 109 95 73 373 153 96 108 68 24 259 1 1 0 2 1 4 1 2 4 2 102 3 1 4 0 5 33 20 0 0 0 0 0 0 0 0 0 0 0 0 0 0 0 0 0 0 0 0 0 3 0 0 0 0 0 0 0 0 0 0 0 0 10 0 0 9 0 0 0 16 0 9 10 15 0 0 10 0 0 12 24 10 0 17 20 25 4 0 0 0 0 0 9 0 17 0 0 0 0 0 0 14 0 4 11 0 12 7 0 0 0 0 2 0 0 0 0 0 0 0 0 0 0 0 0 0 0 0 0 1 4 7 0 0 0 0 1 0 0 20 0 0 0 5 0 8 0 0 22 11 41 15 10 2 6 29 0 16 12 2 26 20 57 24 6 25 9 5 23 0 0 0 2 0 15 13 0 24 0 46 25 7 0 0 0 0 11 9 0 0 8 0 0 0 1 0 0 0 0 10 0 1 0 0 1 0 5 0 0 0 0 1 2 11 2 0 0 0 0 0 0 0 0 0 0 0 0 0 0 4 0 0 0 0 0 0 0 0 
 0 0 0 0 0 2 0 0 0 0 0 62 0 0 3 0 7 0 0 0 0 4 2 4 0 0 8 0 1 1 1 0 0 2 5 20 3 7 0 0 52 279 50 128 0 281 44 297 172 200 419 111 76 87 130 76 143 48 275 82 24 63 2 0 0 0 1 0 0 0 1 3 2 51 0 2 0 2 50 0 0 0 0 0 0 0 0 0 0 0 0 0 0 0 0 0 0 0 0 0 0 3 0 0 0 0 0 0 1 0 1 0 0 0 0 0 0 1 0 0 0 0 0 8 19 0 0 0 10 0 12 1 9 0 0 0 30 15 5 0 2 0 0 0 0 0 0 0 13 2 3 0 0 18 1 15 0 0 0 0 0 0 0 0 0 0 0 0 0 0 0 0 0 3 0 0 0 3 0 0 0 0 4 11 0 0 0 0 2 0 0 1 0 0 0 3 0 5 0 0 0 0 14 21 16 19 0 15 0 4 29 22 19 0 18 1 0 7 0 8 6 8 0 0 0 0 8 10 0 7 0 0 0 15 14 12 9 0 0 48 0 0 1 0 0 0 0 0 0 0 0 9 0 0 0 0 0 0 4 1 0 22 31 0 4 2 2 2 0 0 0 0 0 0 0 0 0 0 0 0 0 0 0 0 0 22 0 19 0 0 
 3 0 1 1 0 6 1 2 0 1 1 3 1 3 5 1 1 0 3 4 0 0 2 2 0 0 0 3 0 0 2 0 0 0 0 0 3 0 0 0 244 309 243 191 281 0 46 159 111 610 82 115 33 70 42 311 98 53 57 53 53 110 51 9 0 0 0 10 51 2 0 0 85 12 49 1 0 0 110 78 0 0 0 0 0 0 0 0 0 0 0 0 0 0 0 0 0 0 0 0 0 0 0 0 0 0 0 0 0 0 0 0 0 0 0 0 0 0 0 0 0 0 0 9 41 33 0 0 0 0 0 0 0 0 0 0 0 56 0 0 7 23 27 0 0 0 25 10 0 11 0 7 4 23 0 14 16 7 35 3 0 0 0 10 7 0 0 0 0 0 0 0 0 0 0 7 0 5 0 0 0 0 0 0 0 0 0 0 0 0 0 0 0 0 0 0 0 0 0 0 0 0 0 0 17 11 0 0 0 10 16 5 0 0 0 0 7 22 0 0 11 0 32 18 0 0 5 31 16 20 0 21 15 17 6 17 0 20 41 16 0 0 0 0 0 0 0 0 0 0 0 44 0 0 1 0 0 0 0 35 0 0 0 0 0 14 1 0 1 0 0 0 0 0 0 0 0 0 0 0 0 0 0 0 0 0 0 0 12 0 
 0 3 0 71 0 0 1 0 0 0 0 0 0 2 3 0 0 0 0 0 3 3 5 4 4 64 3 7 3 67 3 3 23 4 4 3 3 61 70 4 134 111 335 176 44 46 0 148 102 49 37 45 237 114 105 44 317 32 39 214 0 0 0 0 0 1 0 0 0 0 0 0 0 0 0 0 0 0 0 0 0 0 0 0 0 0 0 0 0 0 0 0 0 0 0 0 0 0 0 0 0 0 0 0 0 2 0 0 0 11 0 0 0 0 0 0 0 11 0 0 8 22 34 6 0 0 0 30 17 14 21 10 17 9 13 1 10 10 9 0 0 0 0 0 18 0 0 0 0 3 0 0 0 0 0 0 0 0 0 0 0 0 0 0 0 0 0 0 0 0 0 0 9 0 0 0 0 0 0 0 0 0 0 22 5 0 0 0 0 0 0 0 0 0 0 0 0 0 0 0 14 21 59 22 0 0 9 43 24 0 19 11 0 47 27 0 13 0 58 0 0 0 0 0 0 0 0 0 0 0 0 0 0 0 0 0 0 0 0 0 0 0 12 0 0 0 0 0 0 0 0 13 0 0 0 0 0 0 0 0 0 0 2 0 0 3 0 0 0 0 0 0 0 0 0 0 0 0 0 0 0 0 0 0 9 0 0 0 0 0 
 0 0 0 0 1 0 0 0 0 0 0 0 0 3 0 0 2 0 0 0 7 0 0 104 0 3 3 2 0 0 0 0 0 2 0 0 0 0 6 0 163 276 282 114 297 159 148 0 164 362 37 82 205 154 316 176 257 30 97 82 0 3 0 2 0 0 0 0 0 0 0 0 175 0 48 0 2 0 28 0 0 0 0 0 0 0 0 0 0 0 0 0 0 0 0 0 0 0 0 0 0 0 21 0 0 0 0 0 0 0 0 0 0 0 0 0 0 0 0 0 11 31 38 13 0 0 0 27 11 44 20 0 29 56 87 11 7 22 0 0 0 0 14 0 1 0 7 0 0 6 0 0 0 0 0 0 0 0 0 0 0 0 0 0 21 0 0 0 0 0 0 0 0 0 0 1 0 0 0 0 0 0 0 0 7 0 0 0 0 0 0 0 0 0 0 0 0 0 0 1 55 4 3 9 69 0 19 5 8 0 20 4 4 27 18 23 15 62 12 9 11 0 0 0 0 0 2 0 0 0 0 0 14 0 0 0 0 0 19 0 0 0 3 0 0 0 0 0 0 27 0 8 0 1 0 1 0 0 0 0 0 0 2 2 1 11 1 0 2 0 0 0 0 0 0 0 0 0 0 0 0 0 0 0 11 0 0 0 0 0 
 27 0 0 0 0 0 0 0 0 0 0 0 0 0 0 0 5 0 0 7 0 0 0 0 7 1 1 3 0 0 3 0 0 0 0 2 2 0 4 0 188 224 345 207 172 111 102 164 0 225 73 477 300 149 197 270 335 335 136 148 0 0 0 0 0 0 0 0 0 53 0 0 71 0 0 0 0 28 57 0 0 0 0 0 0 0 0 0 0 0 0 0 0 0 0 0 0 0 0 0 0 10 0 0 0 3 0 0 20 0 0 0 0 0 0 0 0 0 0 0 0 0 4 8 17 0 0 0 28 0 21 0 18 0 12 23 2 26 0 6 2 0 0 0 0 0 0 0 1 0 0 0 0 3 0 0 0 0 12 0 0 0 0 0 0 0 0 0 0 0 24 0 0 0 10 0 0 6 0 0 0 0 0 0 0 4 0 10 0 0 0 3 0 0 0 0 0 0 0 0 27 10 1 37 31 10 8 23 0 6 40 0 10 9 34 16 8 26 11 9 7 0 0 0 0 0 21 0 0 7 0 0 0 0 17 8 0 0 22 12 0 0 11 0 0 0 0 0 0 25 0 2 0 1 0 0 0 0 0 3 0 0 1 2 3 15 4 0 0 0 6 0 0 0 0 0 0 0 0 0 0 0 0 0 0 0 0 0 0 0 
 0 3 0 0 0 0 1 0 0 0 0 0 0 7 3 0 2 0 3 6 2 3 5 5 5 2 3 7 2 6 3 7 2 3 2 3 2 0 2 2 112 430 193 115 200 610 49 362 225 0 106 159 89 170 309 568 69 61 103 103 90 1 0 0 0 0 0 0 0 0 0 0 103 4 0 0 52 0 51 0 0 0 0 0 0 0 0 0 0 0 0 0 0 0 0 0 0 7 0 0 0 1 0 0 0 3 0 0 0 0 0 0 0 0 0 0 0 0 0 0 13 8 20 22 24 5 5 18 3 6 31 0 7 5 20 22 7 43 0 0 11 0 0 0 0 0 11 0 0 0 18 0 0 10 0 0 0 0 0 0 0 0 0 0 2 43 0 0 0 0 0 0 0 0 0 0 0 0 0 0 0 0 1 0 5 1 0 0 0 0 0 1 0 0 0 1 0 1 0 0 0 22 15 10 78 0 18 0 0 1 0 0 0 0 0 29 0 37 7 12 31 0 0 0 0 0 0 11 0 0 0 0 19 13 0 23 0 0 0 8 0 0 0 0 0 0 0 0 0 0 0 5 0 2 0 0 0 0 0 2 0 0 80 1 2 14 0 2 2 0 0 0 0 0 0 0 0 0 0 0 0 0 0 0 0 7 0 0 0 0 
 0 0 0 0 0 1 0 0 0 0 0 0 0 2 0 0 2 0 0 0 0 0 0 1 0 1 0 4 0 2 0 30 1 0 67 0 5 0 0 0 92 79 101 354 419 82 37 37 73 106 0 66 239 100 128 154 154 167 250 65 207 67 0 0 220 0 0 0 0 0 0 0 0 15 0 0 0 0 1 0 0 0 0 0 0 0 0 0 0 0 0 0 0 0 0 0 0 0 0 0 2 0 0 0 0 0 0 0 0 0 0 0 0 0 0 0 0 0 0 0 0 0 0 1 8 0 0 0 33 0 0 10 0 2 0 32 10 11 0 0 0 0 0 0 6 0 0 0 7 0 0 0 0 0 0 9 0 0 1 0 0 0 1 0 0 0 0 0 0 0 0 0 0 0 0 0 0 1 0 0 0 0 0 0 0 0 0 0 0 0 0 0 0 0 0 0 0 0 0 0 0 0 48 36 15 4 0 11 0 8 12 25 0 5 28 0 0 8 1 9 13 0 0 0 0 0 9 0 0 7 0 0 25 0 12 8 10 0 2 0 0 0 0 0 0 0 0 0 0 0 0 2 0 0 0 0 0 0 0 11 0 0 0 0 2 5 2 0 0 0 0 0 0 0 0 0 0 0 0 0 0 0 0 0 0 0 0 0 0 0 
 0 3 0 2 0 0 2 0 1 0 0 0 0 2 0 0 3 0 49 62 2 2 7 3 2 2 2 3 2 2 2 2 2 2 2 2 2 0 4 2 95 40 41 148 111 115 45 82 477 159 66 0 457 50 254 290 79 144 101 309 145 0 0 10 0 0 0 59 0 4 52 0 0 0 0 0 0 1 53 55 0 0 0 0 0 0 0 0 0 0 0 0 0 0 0 0 0 0 0 0 0 0 0 0 0 0 0 0 0 0 0 0 0 0 0 0 0 0 0 0 5 0 0 0 22 24 0 4 0 0 8 7 0 12 22 0 0 0 0 0 15 7 0 29 0 0 9 0 0 17 15 3 23 10 2 41 0 0 34 7 0 0 0 0 4 0 7 0 0 0 0 17 0 0 0 0 0 0 0 0 0 0 0 0 0 1 0 0 0 0 0 0 0 0 0 12 0 0 0 0 1 13 16 15 8 24 0 0 0 1 2 22 0 0 0 6 4 2 10 0 23 8 31 0 0 0 11 1 7 7 0 1 30 10 0 11 0 0 15 13 0 0 0 0 0 0 0 2 0 0 0 3 0 0 0 0 2 0 0 0 0 0 87 64 1 4 0 0 0 0 0 0 0 0 0 0 0 0 0 0 0 0 1 0 0 0 0 0 13 0 
 0 0 0 0 0 0 0 0 0 0 0 0 0 104 0 0 37 0 2 4 0 0 0 2 65 0 7 0 0 0 67 0 0 0 0 3 0 0 0 0 132 181 134 109 76 33 237 205 300 89 239 457 0 217 325 178 90 302 123 152 0 0 0 0 0 0 0 0 0 0 0 0 0 0 0 0 0 1 0 0 0 0 0 0 0 0 0 0 0 0 0 0 2 0 0 0 0 0 6 0 0 0 0 0 0 0 0 0 0 0 0 0 0 0 0 0 19 0 0 0 7 22 21 11 0 0 2 20 17 19 7 1 40 47 24 35 0 11 0 11 0 0 0 1 0 0 0 0 7 5 0 0 0 0 0 0 0 0 0 0 0 0 0 0 0 0 0 0 0 0 0 0 0 0 0 0 0 0 0 9 0 0 0 0 0 1 0 0 0 0 0 1 0 0 0 0 0 0 0 0 21 24 1 12 10 0 34 22 12 0 4 0 44 29 35 11 20 19 39 11 0 0 0 0 0 0 0 0 0 0 0 0 0 0 0 0 0 0 0 0 0 0 21 0 0 0 0 0 0 27 0 10 0 1 0 0 0 0 0 1 0 0 2 0 0 3 1 0 1 0 0 0 0 0 0 0 0 0 0 0 0 0 0 0 11 0 0 0 0 0 
 0 3 0 0 0 0 2 0 0 0 0 0 0 0 0 2 2 0 0 2 0 62 1 3 59 0 2 1 0 1 29 130 0 0 0 0 62 64 0 28 51 51 81 95 87 70 114 154 149 170 100 50 217 0 166 84 50 31 328 153 2 2 3 3 0 1 0 6 0 48 3 0 7 6 0 0 2 0 2 0 0 0 0 0 0 0 0 0 0 0 0 0 0 0 0 0 5 0 0 0 0 0 0 0 0 0 0 0 1 1 7 1 0 0 0 0 0 0 0 0 19 43 1 0 16 0 2 15 16 20 12 5 0 24 12 13 0 0 20 7 0 6 0 0 0 0 9 10 0 5 0 0 0 0 0 3 0 4 5 6 0 0 0 0 0 0 0 0 0 0 0 0 0 0 0 0 0 0 0 5 0 0 10 0 0 10 0 0 0 0 1 1 0 0 7 0 0 0 0 0 13 10 0 0 8 0 20 0 8 0 0 1 9 0 1 23 7 20 5 11 3 0 0 6 0 0 4 0 0 0 0 0 0 0 8 0 0 0 0 3 0 0 0 0 0 0 0 0 0 0 2 3 0 0 0 0 0 2 0 0 0 0 0 2 2 2 0 0 0 0 0 0 0 0 0 0 0 0 0 0 0 0 0 0 0 0 1 0 0 0 
 0 3 0 0 0 0 0 2 0 0 0 0 0 3 0 0 3 0 0 0 2 2 2 2 32 3 4 3 2 2 3 9 4 2 2 5 2 6 5 2 348 317 237 73 130 42 105 316 197 309 128 254 325 166 0 250 172 105 70 180 0 0 0 66 0 0 0 0 0 0 0 0 0 0 0 0 0 0 0 0 0 0 0 0 0 0 0 0 0 0 0 0 0 0 0 0 0 0 0 0 9 0 0 0 0 0 0 0 0 0 0 0 0 0 0 1 0 0 0 0 15 14 14 1 0 15 1 39 31 4 0 30 11 18 29 52 21 47 0 2 0 0 0 0 7 15 0 0 0 0 0 0 0 0 0 0 0 0 0 0 0 0 0 0 12 0 0 0 0 0 0 4 0 0 0 0 0 0 0 0 0 0 0 2 8 2 0 0 0 0 0 1 0 0 0 0 0 0 0 0 41 23 15 26 24 1 8 15 12 49 17 2 21 21 29 3 35 9 10 10 0 0 0 0 0 0 0 0 0 0 0 0 2 0 0 0 0 0 9 0 0 0 1 0 0 0 0 0 0 0 0 2 0 2 0 0 0 0 0 3 0 0 3 82 1 5 0 0 0 0 0 0 0 0 0 0 0 0 0 0 0 0 0 0 0 0 0 1 0 0 
 2 5 2 2 2 2 3 2 2 2 2 2 2 2 2 2 4 2 5 8 2 67 72 9 4 2 5 2 2 2 2 3 6 3 2 3 7 6 3 3 44 117 355 373 76 311 44 176 270 568 154 290 178 84 250 0 97 105 324 83 0 1 0 0 0 0 0 0 0 0 0 0 24 0 0 0 0 0 57 4 0 0 0 0 0 0 0 0 0 0 0 0 0 4 0 0 0 0 0 0 0 0 0 0 0 0 0 0 0 0 0 0 0 0 0 0 0 0 0 0 18 0 8 15 2 4 0 18 9 13 29 22 9 27 44 25 0 53 0 0 0 0 0 0 0 8 16 0 0 0 0 0 0 12 12 0 0 0 19 6 0 0 0 0 0 0 0 0 0 0 0 0 0 0 0 0 0 5 0 0 0 0 0 0 14 0 15 0 0 0 0 0 0 0 0 0 0 6 0 0 9 36 0 28 32 19 9 0 0 0 56 1 3 6 9 12 7 31 31 3 6 0 0 0 0 0 16 0 0 0 0 0 19 0 2 0 0 0 15 18 0 0 0 0 0 0 0 0 0 0 0 2 0 1 0 0 0 0 0 39 0 0 2 0 0 14 0 0 0 0 7 0 0 0 0 0 0 0 0 0 0 0 5 0 0 0 0 0 0 0 
 0 0 0 0 0 1 0 0 0 0 0 0 57 0 0 0 3 0 0 0 0 4 0 2 0 0 1 4 0 7 0 4 1 7 3 4 13 31 65 1 91 137 648 153 143 98 317 257 335 69 154 79 90 50 172 97 0 192 15 68 0 0 0 51 0 0 0 0 0 0 0 0 0 0 0 0 0 0 0 0 0 0 0 0 0 0 0 0 0 0 0 0 0 0 0 0 0 0 0 0 0 2 0 0 26 0 0 0 0 0 44 0 0 0 0 0 0 0 0 0 15 0 11 11 0 1 17 8 37 19 34 13 29 0 3 15 67 25 29 0 0 0 0 0 18 8 20 0 0 0 0 0 0 0 0 0 0 0 0 0 0 0 0 0 0 0 0 0 0 0 0 0 0 0 0 0 0 0 0 0 0 0 16 3 4 0 0 0 16 0 0 0 0 0 0 9 0 19 0 0 32 23 31 40 2 0 18 32 19 27 26 8 9 1 60 0 57 0 9 6 0 0 0 0 0 0 0 0 0 0 0 0 19 0 0 0 0 0 0 3 0 0 22 0 0 0 0 0 0 0 0 5 0 0 0 0 0 0 4 0 0 0 0 0 1 1 1 1 0 0 1 0 0 0 0 0 0 0 0 0 0 0 0 0 1 20 0 4 0 0 
 2 0 0 0 0 0 0 0 0 0 0 0 0 0 0 0 0 0 0 0 0 0 0 2 0 0 0 5 0 0 2 0 0 0 0 0 3 0 0 65 104 359 320 96 48 53 32 30 335 61 167 144 302 31 105 105 192 0 48 78 2 2 3 95 0 2 0 68 0 0 52 2 0 0 0 0 0 0 0 1 0 0 0 0 0 0 0 0 0 0 0 0 0 0 0 0 0 0 0 0 0 0 0 0 0 0 0 0 0 0 0 0 0 0 0 0 0 0 0 0 14 0 2 40 0 14 0 0 9 0 1 25 8 0 64 16 14 2 0 0 0 0 0 0 1 7 52 0 0 0 0 0 0 0 0 0 0 0 1 0 0 0 0 0 8 0 0 0 0 0 0 17 0 0 0 0 0 0 0 0 0 0 0 0 1 0 0 0 0 0 0 16 0 0 0 0 0 0 0 0 22 28 16 94 0 47 9 13 0 19 19 20 0 0 8 15 28 0 10 0 1 0 0 0 0 0 0 0 0 0 0 0 25 0 0 0 0 0 0 0 0 0 12 0 0 0 0 0 0 0 0 6 0 0 0 0 0 0 0 8 0 0 2 33 33 4 2 2 0 0 0 0 0 0 0 0 0 0 0 0 0 0 0 0 15 0 0 0 0 0 
 0 2 0 0 0 1 7 0 0 0 0 0 0 0 2 0 0 0 0 3 3 3 6 66 66 3 3 4 24 67 3 87 2 2 3 72 25 45 6 2 54 134 97 108 275 57 39 97 136 103 250 101 123 328 70 324 15 48 0 76 0 0 0 6 0 0 0 0 0 0 0 0 0 0 0 0 0 0 0 0 0 0 0 0 0 0 0 0 0 0 0 0 0 0 0 3 0 0 0 0 0 0 0 0 0 0 0 0 0 0 3 0 0 0 0 0 0 0 0 0 13 27 19 20 0 0 51 33 10 5 14 0 8 6 20 19 0 0 15 0 0 0 0 0 0 0 0 0 0 1 0 0 0 0 0 0 2 0 0 0 0 0 0 0 0 0 0 0 0 0 0 0 9 0 0 0 0 0 0 0 0 0 32 21 1 58 0 0 0 0 0 29 0 0 0 0 0 0 0 0 0 22 0 0 17 0 13 0 1 0 0 0 6 0 0 9 0 37 0 43 0 0 0 0 0 0 0 0 0 0 0 0 0 0 0 0 0 0 0 0 0 0 0 0 0 0 0 0 0 0 0 11 0 0 0 0 0 65 0 1 0 0 0 0 2 0 0 0 0 0 0 0 0 0 0 0 0 0 0 0 0 0 0 0 1 0 13 0 0 0 
 0 0 0 0 0 0 0 0 0 0 0 0 0 0 0 0 1 0 0 2 0 0 0 0 2 18 0 2 0 30 0 1 3 67 0 0 0 19 2 0 168 63 625 68 82 53 214 82 148 103 65 309 152 153 180 83 68 78 76 0 0 0 4 0 0 2 0 0 4 5 3 3 7 0 0 3 8 0 31 0 0 0 0 0 0 0 0 15 0 0 0 0 0 0 0 0 0 0 0 0 0 0 11 0 0 9 0 0 0 2 1 0 0 0 0 0 0 1 0 0 14 10 27 9 0 30 0 0 11 6 1 3 18 8 27 0 0 0 4 0 0 7 0 0 0 7 0 0 0 3 0 0 0 6 0 18 0 5 0 0 0 0 0 0 8 0 0 0 0 0 0 5 0 0 0 0 0 0 0 0 0 0 0 13 11 0 0 0 0 0 0 0 0 11 0 0 0 0 0 0 46 31 19 22 0 0 6 14 11 16 12 0 0 8 37 15 45 12 27 0 0 0 4 12 0 0 50 19 0 0 0 2 20 3 12 0 0 0 0 0 0 0 8 0 0 0 0 0 0 0 0 2 0 0 1 0 0 61 0 0 0 0 0 35 0 3 0 0 0 0 0 0 0 0 0 0 0 0 0 0 0 0 0 0 11 0 0 0 0 0 
 0 0 0 0 0 1 0 0 0 0 0 0 0 0 0 0 0 0 0 0 0 1 0 4 0 0 0 0 0 0 0 0 0 0 0 0 0 0 0 0 3 0 0 24 24 53 0 0 0 90 207 145 0 2 0 0 0 2 0 0 0 367 329 104 94 42 252 118 69 41 41 117 103 58 188 37 41 27 96 79 0 0 0 0 0 0 0 0 0 0 0 0 0 0 0 0 0 0 0 0 3 0 0 0 0 0 0 0 0 0 0 0 0 0 0 0 0 0 0 0 0 0 0 0 31 10 0 0 0 0 0 0 0 0 0 0 0 0 0 0 14 4 27 0 0 0 8 9 20 7 25 9 3 14 0 0 36 32 11 9 1 0 0 0 0 0 0 0 0 0 0 0 0 0 0 0 0 0 0 0 0 0 0 0 0 0 0 0 0 0 0 0 0 0 0 0 0 0 0 0 0 0 0 0 6 1 0 0 0 0 0 0 0 0 0 0 0 0 0 0 40 26 3 16 25 20 17 18 8 23 2 54 1 11 0 31 2 9 9 9 11 0 0 0 0 0 0 0 0 0 0 0 0 0 12 0 0 0 0 0 0 0 32 0 0 0 0 0 0 0 0 2 56 2 1 0 0 0 0 0 0 0 0 0 0 0 0 12 0 0 
