 0 188 280 460 38 37 276 49 251 161 64 52 149 350 274 357 159 122 52 219 79 4 0 4 1 0 0 2 0 2 2 7 2 3 5 0 2 1 0 0 2 5 63 2 0 2 0 0 0 3 13 0 2 0 0 2 2 0 3 0 0 0 0 1 2 0 0 0 1 0 4 0 0 0 0 0 3 0 2 3 25 30 50 0 22 0 49 18 27 23 0 75 11 84 10 10 10 28 3 0 0 0 0 0 0 0 0 0 0 0 0 0 0 0 0 0 0 0 0 0 0 0 0 0 0 0 0 0 0 0 0 0 0 0 0 0 0 18 0 0 0 0 0 0 1 0 0 0 0 0 0 0 0 0 0 0 0 2 0 0 6 25 0 0 9 18 19 12 43 14 11 4 0 0 0 138 0 3 0 9 0 0 0 0 0 2 0 0 0 0 0 0 0 0 2 0 0 0 0 0 0 0 0 0 0 0 0 0 0 0 0 0 0 0 0 0 0 0 0 0 0 0 0 0 0 0 0 0 0 14 0 0 0 0 0 0 0 0 0 0 0 0 0 0 0 2 2 0 0 87 19 19 0 0 0 0 0 0 0 0 0 0 16 1 0 0 0 0 0 0 0 0 0 0 0 0 0 0 0 0 0 0 0 0 0 0 0 0 0 0 
 188 0 177 155 39 146 166 339 151 520 127 43 56 110 156 58 28 215 134 51 3 2 2 0 0 0 2 4 61 0 2 5 0 6 3 2 3 0 128 2 0 3 4 0 2 4 0 0 2 3 3 2 0 0 0 0 1 0 3 0 0 0 0 4 0 0 0 0 3 0 3 0 0 0 0 0 3 0 1 3 16 8 38 45 28 11 26 0 11 35 20 12 0 0 0 43 14 10 0 0 0 0 0 0 39 0 19 0 0 1 0 0 25 35 0 0 0 0 0 0 0 0 0 0 0 0 0 0 0 0 0 0 0 0 0 0 0 0 0 0 0 0 0 0 0 0 0 1 1 0 0 0 0 0 0 0 0 0 26 0 0 8 64 41 0 12 0 0 9 0 9 22 1 18 15 0 9 5 0 0 9 0 0 0 0 1 21 0 0 0 0 0 0 0 0 0 0 0 4 0 0 0 0 0 0 1 0 0 0 0 0 0 0 0 0 0 1 0 0 18 0 0 0 1 0 0 0 0 0 0 0 24 0 0 0 0 0 0 0 0 0 0 0 0 0 1 1 1 4 0 0 8 19 0 0 0 0 2 0 0 0 0 1 8 0 0 0 0 0 0 0 0 0 0 0 17 0 0 0 0 0 0 0 0 0 0 0 0 0 0 
 280 177 0 253 39 28 266 211 234 149 666 318 180 228 112 134 144 221 131 84 3 2 205 1 1 0 0 2 0 0 4 4 0 77 3 0 0 0 0 0 1 3 5 2 0 2 0 58 0 3 8 0 0 0 0 0 0 0 38 0 0 3 0 0 0 0 0 0 2 0 5 3 0 0 0 0 3 0 1 2 0 29 15 8 1 0 49 23 31 35 24 24 16 22 17 18 0 20 16 0 0 0 0 0 0 0 0 0 0 0 0 0 0 5 0 0 0 0 0 0 0 0 0 0 0 0 0 0 0 0 0 0 0 10 0 0 0 0 0 0 0 0 0 0 0 0 0 0 10 12 0 0 0 0 0 0 0 6 18 0 0 32 15 0 0 18 18 27 24 50 0 40 13 22 38 22 11 10 13 1 0 0 0 0 0 0 0 0 0 0 0 0 7 0 0 0 0 0 0 0 0 0 0 0 0 0 0 0 0 0 0 0 0 0 12 0 0 0 0 0 0 0 0 0 0 0 0 0 0 0 0 0 0 0 0 0 0 0 0 0 0 0 0 0 0 1 0 0 4 1 0 6 14 0 0 0 0 0 0 0 0 0 17 0 0 0 0 0 0 0 0 0 0 0 0 0 0 0 0 0 0 0 0 0 0 0 0 0 0 0 
 460 155 253 0 173 45 148 307 160 268 193 71 53 165 131 66 164 169 249 280 3 2 0 4 4 0 0 2 0 2 3 4 0 3 3 0 3 3 0 0 0 3 2 0 3 4 2 0 0 3 6 3 0 0 0 0 4 3 3 0 0 0 0 0 2 2 0 0 5 0 3 2 0 0 0 0 3 1 2 3 32 16 47 68 5 0 53 19 0 23 10 2 53 21 24 25 10 34 0 0 0 0 0 0 0 0 10 0 0 0 0 0 6 2 0 0 0 0 0 43 0 0 0 0 0 0 0 0 0 0 0 0 0 0 2 0 0 0 0 0 0 0 0 0 0 0 0 0 0 0 0 9 0 0 0 0 0 0 0 1 16 0 38 47 12 23 19 17 0 24 12 15 0 72 65 20 1 10 0 0 0 0 0 0 2 0 6 16 0 0 0 0 0 17 0 0 0 0 0 0 0 0 0 0 0 0 0 0 0 0 0 0 0 0 9 0 0 0 0 2 0 0 0 0 0 0 0 0 0 0 0 0 0 0 0 0 0 0 0 0 0 0 0 0 0 0 2 0 91 60 0 4 19 0 0 0 0 0 0 0 0 0 10 0 1 0 0 0 0 0 0 0 0 0 0 0 13 11 0 0 0 0 0 0 0 0 0 0 0 0 
 38 39 39 173 0 266 126 241 182 401 560 137 263 56 70 58 234 238 77 65 4 76 1 0 2 0 77 78 0 3 1 3 0 123 3 0 0 0 148 18 0 3 1 0 0 2 0 0 0 3 1 0 0 0 0 0 65 1 3 0 0 0 0 1 0 0 0 0 0 0 3 0 0 0 0 0 3 0 1 2 1 9 0 17 47 13 1 0 48 0 2 20 0 0 0 19 0 13 0 0 54 0 0 15 0 0 7 39 0 0 0 0 0 11 0 12 57 0 2 0 0 0 0 1 0 0 1 0 0 0 0 0 0 0 0 0 0 0 0 0 0 0 0 0 0 0 0 0 0 0 0 0 0 0 0 0 0 0 0 0 0 11 0 3 3 15 0 0 13 1 0 36 0 0 3 23 7 22 0 0 1 0 0 51 0 0 48 28 14 10 0 0 18 43 14 20 1 0 1 10 0 0 0 0 1 0 0 0 0 0 0 0 0 0 0 0 0 0 0 0 0 0 0 0 0 0 0 0 0 0 0 0 0 0 0 0 0 0 0 0 0 0 0 0 0 4 11 0 0 0 0 2 0 0 0 0 0 0 0 0 0 0 0 0 0 0 0 0 0 0 0 0 0 0 0 11 0 15 0 0 0 0 0 0 0 0 0 0 0 0 
 37 146 28 45 266 0 139 92 71 86 314 163 238 125 144 170 168 358 47 66 122 3 0 0 1 0 19 3 1 0 0 3 0 76 3 0 2 1 90 80 0 3 2 0 0 2 0 0 1 3 1 0 73 0 0 0 29 0 3 0 0 0 0 0 0 0 0 0 0 0 6 0 0 0 0 0 3 0 1 7 0 6 52 17 15 15 0 0 28 14 16 18 0 0 0 8 10 11 0 0 45 9 0 0 13 0 22 28 0 0 0 0 18 11 20 0 0 0 10 25 0 0 0 0 0 0 0 0 0 0 0 0 0 0 0 0 0 0 2 0 0 0 0 0 0 0 3 0 0 0 0 0 0 0 0 0 0 0 0 0 10 11 38 37 9 0 0 0 19 0 0 23 0 18 18 1 0 14 2 0 28 0 0 9 0 0 31 39 1 0 0 0 28 59 0 7 0 0 1 16 0 0 0 0 0 0 0 0 0 0 0 2 0 0 0 0 0 0 0 2 0 0 0 0 0 0 0 0 0 0 1 0 0 0 0 0 1 2 0 0 0 0 0 0 0 1 91 3 89 83 0 13 0 0 0 0 0 2 0 0 0 0 1 0 0 0 0 0 0 0 0 0 0 0 0 0 0 0 0 0 0 0 0 0 0 0 0 0 0 0 
 276 166 266 148 126 139 0 150 177 111 24 121 276 292 61 138 36 56 156 194 3 2 2 1 4 0 5 2 0 0 2 7 0 3 3 0 0 0 0 3 6 6 6 0 0 2 0 0 1 2 0 0 2 0 0 0 0 0 3 1 0 0 0 8 0 0 0 0 4 0 3 0 1 0 0 3 3 0 5 3 11 0 10 8 0 0 20 17 1 16 12 0 7 13 43 54 0 0 13 0 0 0 14 0 0 0 0 0 0 0 0 0 0 14 0 0 0 0 0 0 0 0 0 0 0 0 0 0 0 2 0 0 0 0 1 0 0 0 0 0 0 0 0 0 0 0 0 0 0 0 0 0 0 0 12 0 0 4 0 0 15 4 52 0 0 0 28 3 0 17 14 8 32 27 39 1 10 1 17 21 0 0 0 4 1 0 0 0 0 0 0 0 0 0 0 0 0 0 0 0 0 0 0 0 0 0 0 0 0 0 0 0 0 0 15 0 0 0 0 0 0 0 0 0 0 0 1 0 0 0 0 0 0 0 0 0 0 0 0 0 0 0 0 0 0 2 0 0 0 1 0 20 9 0 0 0 0 0 0 0 0 0 0 0 0 0 0 0 0 0 0 0 0 0 0 0 28 0 0 0 0 0 0 0 0 0 0 0 0 0 
 49 339 211 307 241 92 150 0 450 36 355 127 285 382 75 138 238 80 98 44 2 3 6 1 1 0 96 3 21 2 0 5 0 3 6 3 1 0 19 0 0 3 3 3 3 2 0 0 5 4 3 0 0 0 0 1 2 0 3 0 0 0 0 9 3 3 0 0 3 0 4 2 3 0 0 0 1 2 3 3 24 2 20 16 24 0 24 14 0 13 1 10 0 12 11 25 18 0 0 0 0 0 0 0 16 0 8 0 0 0 0 0 10 17 0 0 0 2 0 29 0 0 0 0 0 0 0 0 0 0 0 0 0 0 0 0 0 0 0 0 0 14 0 0 0 0 0 0 0 0 0 0 0 0 0 0 0 0 8 0 13 0 39 16 0 13 15 7 15 0 14 6 0 27 39 8 0 24 0 0 0 0 0 0 0 0 7 25 0 0 0 0 21 18 0 0 0 0 0 34 0 0 0 0 0 0 0 0 0 0 0 0 8 0 16 0 0 0 0 2 0 0 0 0 0 0 0 0 0 0 0 0 0 0 0 0 0 0 0 0 0 0 0 0 0 2 88 0 89 2 2 14 18 0 0 0 0 0 0 0 0 0 18 1 0 0 0 0 0 0 0 0 27 0 0 0 0 0 0 0 0 0 0 0 0 0 0 0 0 0 
 251 151 234 160 182 71 177 450 0 61 205 108 82 180 403 323 120 207 130 61 3 2 0 1 1 77 0 2 0 0 0 5 0 4 5 0 0 0 19 0 0 3 2 0 0 2 0 0 0 3 0 0 0 0 0 0 0 0 3 0 0 0 0 5 0 0 0 0 3 0 3 0 0 0 0 0 3 0 2 6 57 18 0 6 12 14 1 1 12 33 1 71 0 0 0 2 13 40 0 0 0 0 7 0 0 0 13 0 0 0 0 0 0 18 0 0 0 0 0 23 0 0 0 0 0 0 0 0 0 0 0 0 0 0 0 0 0 0 0 0 1 0 0 0 0 0 0 0 0 0 0 1 0 0 0 2 0 0 0 0 9 28 17 24 10 0 0 1 20 0 25 6 0 49 42 1 9 14 0 29 0 0 0 0 27 0 21 19 0 0 0 0 45 20 0 0 0 0 1 15 0 0 1 0 0 0 0 0 0 0 0 0 0 0 14 0 0 0 0 0 0 0 0 0 0 0 0 0 0 0 0 0 0 0 0 0 0 0 0 0 0 0 0 0 0 2 87 0 0 0 17 5 17 0 0 0 0 0 0 0 0 0 0 0 0 0 0 0 0 0 0 0 0 0 0 0 0 0 0 0 0 0 0 0 0 0 0 0 0 1 
 161 520 149 268 401 86 111 36 61 0 183 53 496 58 169 78 256 445 133 151 3 7 0 0 4 0 0 2 0 0 3 5 0 4 5 12 1 0 34 6 0 3 2 3 2 2 3 0 2 3 18 3 0 0 0 0 5 3 6 0 3 0 8 10 0 3 0 1 2 0 3 4 0 1 0 0 3 32 2 4 11 37 49 5 14 0 12 7 30 11 8 10 0 13 0 17 8 13 0 0 0 0 0 0 0 0 10 0 2 9 0 0 1 23 0 0 0 0 0 0 0 0 0 0 0 0 0 0 0 0 0 0 0 0 0 0 0 0 0 0 0 18 0 0 0 0 0 0 0 0 16 0 0 0 2 0 0 0 0 11 4 4 19 0 2 17 0 5 7 4 16 19 0 1 0 18 6 10 0 0 8 9 0 0 0 0 21 0 0 0 0 1 14 0 1 15 0 0 0 0 0 0 0 0 0 0 0 0 0 0 0 0 1 0 0 0 1 0 0 12 0 2 0 0 0 0 0 0 0 0 0 0 0 0 0 2 0 0 0 0 0 0 0 0 0 4 8 2 92 86 0 18 0 0 0 0 0 0 0 0 0 2 0 0 0 0 0 0 0 0 0 3 0 0 0 14 22 14 0 0 0 0 0 0 0 0 0 0 0 0 
 64 127 666 193 560 314 24 355 205 183 0 387 25 134 153 446 453 427 64 146 2 3 0 2 2 0 1 3 0 2 1 5 0 3 5 2 0 0 91 0 0 3 3 0 0 2 0 0 0 2 0 1 0 2 0 0 2 0 3 0 0 0 0 0 0 3 0 0 1 7 3 0 2 2 0 0 2 0 3 3 18 0 66 21 38 8 3 0 24 42 0 31 1 0 1 12 34 48 0 19 31 0 0 0 10 0 0 0 0 0 0 0 10 1 0 2 0 0 2 16 0 0 0 2 16 0 2 0 0 15 0 0 0 0 0 19 0 0 0 0 5 0 0 0 0 0 0 0 0 0 0 0 0 0 0 0 0 0 0 0 6 10 32 27 13 0 0 16 33 4 28 82 0 20 38 0 1 11 0 0 0 0 0 0 0 0 28 0 0 0 0 0 31 11 0 0 0 0 1 20 0 0 0 0 2 0 0 0 0 0 0 0 0 0 15 0 0 0 0 1 0 0 0 0 0 0 0 0 0 0 0 0 0 0 0 0 0 0 0 0 0 0 0 0 0 0 53 2 88 0 0 1 0 0 0 0 0 0 0 0 0 0 0 0 0 0 0 0 0 0 0 0 0 0 0 0 0 0 0 0 0 0 0 0 0 0 0 0 0 0 
 52 43 318 71 137 163 121 127 108 53 387 0 35 39 23 44 420 187 149 68 98 77 0 1 8 3 0 2 0 0 0 4 0 102 3 0 0 0 28 0 0 4 3 0 0 2 0 0 0 2 0 0 64 0 0 0 62 0 3 0 2 0 0 0 0 0 4 4 11 0 3 0 2 4 0 0 3 0 3 7 1 0 0 10 0 30 24 0 0 0 24 0 0 0 0 0 2 21 0 0 0 13 0 0 0 0 28 2 12 0 0 0 13 21 8 0 14 0 7 13 0 0 0 0 2 0 0 0 0 0 0 0 0 0 0 0 0 0 0 0 0 0 0 0 0 0 0 0 0 0 0 0 0 0 0 0 0 0 0 0 0 0 29 0 0 0 0 14 0 23 10 42 0 17 20 0 19 1 0 0 44 0 0 0 0 0 18 0 0 2 1 1 19 24 44 8 16 0 18 44 0 0 0 0 0 0 0 0 0 0 0 0 0 0 12 0 0 0 0 0 0 0 0 0 0 0 0 0 0 0 0 0 0 0 0 0 0 0 0 0 0 6 0 0 0 2 2 4 3 2 2 17 20 0 0 0 0 0 0 0 0 0 0 0 0 0 0 0 0 0 0 0 0 0 0 0 10 0 0 0 0 0 0 0 0 0 0 0 0 0 
 149 56 180 53 263 238 276 285 82 496 25 35 0 192 298 109 114 238 98 280 3 2 2 2 1 0 0 2 0 0 2 5 0 5 3 0 0 0 0 0 0 3 3 0 0 2 0 0 0 2 1 0 0 0 0 0 1 1 3 0 0 0 0 0 0 0 0 1 0 0 41 0 1 0 0 0 3 0 3 3 14 0 36 1 2 0 19 59 1 7 0 2 17 36 33 2 10 14 14 10 0 0 0 0 0 0 0 0 0 0 0 0 0 1 0 0 0 0 2 0 0 2 0 2 0 0 2 0 0 0 0 0 0 0 0 0 0 0 0 0 0 0 27 0 0 0 0 6 0 0 0 0 0 0 0 0 0 0 0 0 0 9 0 0 0 16 33 2 14 0 0 0 14 10 0 34 9 0 0 9 0 0 0 0 0 0 0 0 0 0 0 0 0 0 0 0 0 0 0 0 0 0 0 0 2 0 0 0 0 0 0 0 0 0 0 0 0 0 6 0 0 0 0 0 0 0 0 0 0 0 0 0 0 0 0 0 0 0 0 0 0 0 0 0 0 0 1 0 2 0 0 19 0 0 0 0 0 0 0 0 0 0 11 0 0 0 0 0 0 0 0 0 0 0 0 0 0 22 0 0 0 0 0 0 0 0 0 0 0 0 
 350 110 228 165 56 125 292 382 180 58 134 39 192 0 351 370 48 144 181 118 3 2 72 5 5 0 0 4 0 0 5 10 6 3 4 0 0 2 1 3 63 3 2 0 3 2 3 0 5 6 10 0 0 0 0 0 6 0 3 0 0 0 3 0 0 1 0 5 0 2 3 2 0 0 1 0 3 2 5 6 0 43 14 30 9 0 0 39 32 47 14 15 14 30 30 95 0 9 14 13 0 0 0 0 0 0 0 0 0 0 1 0 11 0 0 0 19 0 0 17 0 0 0 0 0 0 0 0 0 0 0 0 0 0 0 0 0 0 0 0 0 0 0 0 0 0 0 0 0 0 0 0 0 0 0 0 0 10 0 0 21 22 0 36 0 0 2 19 5 42 1 19 17 30 30 13 1 0 1 4 1 0 0 0 0 2 20 0 0 0 0 0 1 1 2 0 0 0 0 0 0 0 0 0 0 0 11 0 0 0 0 0 0 0 0 0 0 0 0 1 0 0 0 0 0 0 0 0 0 0 0 0 0 0 0 0 0 0 0 0 0 0 0 0 0 0 1 0 2 2 0 4 0 0 0 0 0 0 0 0 0 0 0 0 0 0 0 0 0 0 0 0 0 1 0 0 0 0 0 0 0 0 0 0 0 0 0 0 0 0 
 274 156 112 131 70 144 61 75 403 169 153 23 298 351 0 113 87 85 82 113 2 3 0 1 1 0 0 3 0 0 1 4 0 3 3 2 0 2 0 2 2 3 3 0 0 2 0 0 0 2 3 2 0 0 0 1 0 0 3 0 0 0 0 0 0 0 0 0 0 0 3 2 2 1 0 0 2 0 63 3 17 54 21 0 0 0 36 32 3 14 15 32 26 24 5 19 0 9 21 1 0 0 0 0 0 0 0 0 0 0 0 0 0 0 0 0 0 0 0 2 0 0 0 0 0 0 0 0 0 0 0 0 0 0 0 0 0 0 1 0 0 0 3 0 0 0 0 1 0 0 0 0 0 0 0 0 0 0 0 0 1 32 0 0 5 16 20 23 59 0 3 0 0 9 10 25 0 29 1 22 0 0 0 2 0 0 0 0 0 0 0 0 0 0 0 0 0 0 0 0 0 0 0 0 0 0 0 0 0 0 0 0 0 0 0 0 0 0 0 0 0 0 0 0 0 0 0 0 0 0 2 0 0 0 0 0 2 1 0 0 0 0 0 0 0 0 3 0 0 0 10 1 0 0 0 0 0 0 0 0 0 0 12 0 0 0 0 0 0 0 0 0 0 14 0 0 0 0 0 0 0 0 0 0 0 0 0 0 0 0 
 357 58 134 66 58 170 138 138 323 78 446 44 109 370 113 0 53 231 138 134 2 4 2 3 5 0 3 6 2 0 1 11 0 3 3 0 0 2 77 2 0 3 3 3 3 3 2 0 0 2 1 0 0 0 3 0 0 0 5 0 2 0 0 2 0 0 0 0 2 0 3 0 2 1 0 7 2 2 5 10 39 0 7 0 10 0 0 0 31 2 0 35 48 12 19 0 10 20 37 0 0 0 0 0 0 0 0 0 0 0 0 0 0 0 0 0 0 0 0 0 0 0 0 0 0 1 0 0 0 1 0 0 0 0 2 0 2 0 0 0 9 0 0 0 0 0 0 0 0 0 0 0 0 0 0 0 10 0 0 0 13 13 0 0 1 1 1 8 18 9 13 15 0 14 0 81 0 7 0 56 0 0 0 0 2 0 0 0 0 0 0 0 7 0 0 0 0 0 0 14 0 0 0 0 0 0 9 0 0 0 0 0 9 0 0 0 0 0 0 0 11 0 0 0 0 0 0 0 0 0 0 0 0 0 0 0 0 0 0 0 0 0 0 0 0 0 45 0 0 1 0 18 0 0 0 0 0 0 0 0 0 0 0 0 0 0 0 0 0 0 0 0 0 0 0 0 0 0 0 0 0 0 0 0 0 0 0 0 0 0 
 159 28 144 164 234 168 36 238 120 256 453 420 114 48 87 53 0 91 124 216 3 2 0 2 1 5 0 8 0 0 1 5 0 6 3 0 2 0 6 0 2 3 3 0 0 67 3 0 0 49 3 2 3 0 1 0 2 0 3 0 0 0 0 4 3 0 0 0 4 0 3 0 1 0 0 3 6 0 3 8 12 33 0 25 10 14 18 27 0 12 0 10 0 0 0 35 11 16 0 0 17 0 0 0 0 0 6 0 3 0 0 0 5 28 0 0 0 0 3 0 0 0 0 0 0 0 0 0 0 0 0 0 0 0 0 0 29 0 1 0 0 0 0 0 0 0 0 0 2 0 0 0 0 0 0 0 0 0 0 1 0 27 0 23 29 7 15 26 32 20 20 1 0 39 24 7 21 44 0 0 2 0 0 2 0 0 6 13 0 0 0 0 11 27 10 0 0 0 21 14 0 0 0 0 0 0 0 0 0 0 0 1 0 0 15 0 0 0 0 0 0 0 0 0 0 0 0 0 0 0 0 0 0 0 0 0 0 0 0 3 0 1 0 0 0 2 87 2 7 1 11 9 0 0 0 0 0 0 0 0 0 0 0 0 0 0 0 0 0 0 0 0 0 0 0 0 29 11 0 0 0 0 0 0 0 0 0 0 0 0 
 122 215 221 169 238 358 56 80 207 445 427 187 238 144 85 231 91 0 48 31 3 2 0 1 1 0 0 38 0 0 0 5 0 3 3 0 0 0 78 0 0 3 2 0 0 6 0 0 0 3 6 0 0 0 0 0 14 0 3 0 0 9 0 5 0 0 0 0 3 0 3 0 0 0 2 0 3 0 2 3 28 28 0 38 17 8 30 14 25 28 12 42 1 1 0 11 11 29 0 0 0 18 0 0 0 0 16 0 0 0 0 0 0 17 24 0 0 0 0 1 0 0 0 0 0 1 0 0 0 0 2 0 0 0 0 0 0 0 0 0 0 0 0 0 0 0 0 0 0 0 0 0 0 0 0 0 0 0 18 1 2 32 21 9 57 7 24 19 21 0 34 26 0 17 22 10 0 22 0 0 0 0 0 0 1 0 23 18 0 0 0 0 13 45 15 14 0 0 0 0 0 0 0 0 0 0 2 0 0 0 2 0 0 0 15 0 18 0 0 0 9 0 0 0 0 0 0 0 0 0 0 0 0 0 0 0 0 0 0 0 0 0 0 0 0 0 89 3 2 8 13 12 9 0 0 0 0 0 0 0 82 0 0 0 0 0 0 0 0 0 0 0 0 0 0 0 0 10 0 0 0 0 0 0 0 0 0 0 0 0 
 52 134 131 249 77 47 156 98 130 133 64 149 98 181 82 138 124 48 0 177 3 2 3 1 1 0 3 2 2 2 201 7 0 4 3 0 0 0 0 0 1 3 1 0 0 2 0 0 1 3 1 0 0 0 0 0 0 0 9 0 8 0 0 2 0 0 0 4 4 53 3 0 35 0 0 3 5 0 2 2 7 20 15 10 0 0 21 11 1 0 11 0 39 19 12 1 0 0 60 18 0 0 0 0 0 0 0 0 0 0 0 0 0 14 0 0 0 0 0 0 0 0 0 0 0 0 0 0 0 0 0 0 0 0 0 0 12 0 0 0 0 0 0 33 0 0 0 0 0 0 4 0 0 0 3 0 0 0 0 0 6 0 10 0 0 0 1 5 0 6 14 20 9 12 16 0 9 0 12 0 0 0 0 0 0 1 0 0 0 0 0 0 0 2 0 0 0 0 0 0 0 0 0 0 0 0 0 10 0 0 0 0 0 0 14 0 0 0 0 0 0 0 0 0 0 0 0 0 0 0 0 0 0 0 0 0 0 0 0 0 0 0 0 0 0 2 0 0 0 89 2 22 8 0 0 0 0 0 0 0 0 0 0 0 0 0 0 0 0 0 0 0 0 0 2 0 10 0 0 0 0 0 0 0 0 0 0 0 0 0 
 219 51 84 280 65 66 194 44 61 151 146 68 280 118 113 134 216 31 177 0 3 2 0 1 1 5 0 2 0 1 35 4 0 3 65 0 0 0 0 0 0 3 2 0 0 2 0 0 0 3 0 0 0 0 0 0 0 0 3 0 0 0 0 0 3 0 0 0 0 2 3 0 1 0 0 0 3 0 3 3 0 5 6 0 1 0 21 30 17 8 0 13 12 1 0 9 11 22 45 9 0 0 0 0 0 0 0 0 0 0 0 0 0 1 0 0 0 0 0 0 0 15 0 2 0 0 0 0 0 0 0 0 0 0 0 0 0 0 7 0 0 0 4 1 0 0 0 2 0 0 2 0 44 1 0 0 0 0 0 1 0 25 19 0 0 2 24 34 22 15 0 0 2 19 17 3 0 12 14 32 0 0 0 0 0 0 0 0 0 0 15 0 0 0 0 0 0 0 0 0 2 0 0 0 2 0 0 0 0 0 0 0 0 0 0 0 0 0 0 0 0 0 0 0 0 0 0 0 0 0 0 0 0 0 0 0 0 0 0 0 0 2 0 0 0 0 2 2 2 2 21 6 0 0 0 0 0 0 0 0 0 0 0 2 0 0 0 0 0 0 0 0 0 0 0 0 14 0 0 0 0 0 0 0 0 0 0 0 0 0 
 79 3 3 3 4 122 3 2 3 3 2 98 3 3 2 2 3 3 3 3 0 316 130 49 239 43 387 386 121 26 113 109 79 336 118 24 55 241 205 64 2 0 1 0 0 9 2 0 0 0 0 0 57 0 2 0 63 0 0 0 0 0 0 2 3 0 3 0 0 1 0 0 0 1 0 2 0 0 3 7 0 0 0 0 0 19 0 0 1 0 23 9 0 0 53 0 0 0 0 0 17 30 0 36 22 23 12 8 31 7 0 22 45 10 28 0 0 0 92 11 0 0 0 0 0 0 0 0 0 0 0 0 0 0 0 0 0 0 0 9 0 0 0 0 0 0 0 0 0 0 0 0 6 0 0 0 0 0 0 0 0 0 5 11 0 0 0 0 0 0 0 0 0 0 0 0 0 1 0 0 6 10 9 20 0 0 0 13 12 28 18 14 0 15 19 19 0 0 6 7 8 0 0 0 0 0 0 0 0 0 0 0 0 0 0 0 0 0 10 0 0 0 0 0 0 0 0 0 0 0 0 0 0 0 0 0 0 0 0 0 0 24 0 0 0 0 0 0 0 73 0 0 1 0 4 2 2 0 0 2 4 0 0 0 0 0 0 0 0 0 0 0 0 0 0 0 0 0 0 22 0 0 0 0 0 0 0 0 0 0 
 4 2 2 2 76 3 2 3 2 7 3 77 2 2 3 4 2 2 2 2 316 0 186 91 40 58 63 195 212 432 36 27 207 350 123 51 149 111 46 53 21 0 1 0 0 3 63 0 2 12 0 47 2 15 2 25 0 0 0 0 0 0 0 2 3 0 3 0 0 1 0 0 0 0 0 2 1 0 3 0 0 0 0 0 0 0 0 0 0 0 0 0 0 0 0 0 0 0 0 0 1 0 1 0 19 20 0 18 13 0 41 0 0 0 0 38 31 0 0 1 0 0 0 0 0 0 1 21 0 0 0 0 22 25 15 8 0 0 0 0 0 0 0 0 0 0 0 0 0 0 0 0 0 0 0 1 0 0 0 0 0 0 0 0 1 0 0 0 0 0 0 7 0 0 0 0 0 0 0 0 9 15 28 35 3 1 9 14 10 34 0 8 14 20 12 0 40 0 0 1 0 0 0 0 0 0 15 0 0 0 0 0 0 0 0 0 0 0 3 77 0 0 0 0 0 0 0 0 0 0 0 0 0 0 12 0 0 0 0 0 0 0 19 0 0 0 0 0 0 0 0 0 0 0 2 0 2 76 3 0 17 12 0 0 0 0 14 0 0 0 0 0 0 0 0 0 0 0 0 0 0 18 0 0 0 0 2 0 0 0 
 0 2 205 0 1 0 2 6 0 0 0 0 2 72 0 2 0 0 3 0 130 186 0 182 56 119 172 189 95 455 225 539 130 53 128 116 160 49 251 56 3 0 0 0 0 3 66 3 5 0 0 0 1 0 2 1 1 0 61 0 0 0 0 2 3 0 3 2 0 1 0 0 0 0 0 3 0 0 3 0 0 0 0 0 0 0 0 0 0 0 0 0 0 0 0 0 0 0 0 0 0 11 22 28 1 0 0 13 15 35 24 9 7 0 12 17 9 8 0 11 17 0 1 0 0 0 10 0 11 0 0 0 0 0 0 0 0 18 0 0 0 0 0 1 0 0 0 0 0 0 0 0 0 0 17 0 0 0 0 2 0 0 0 12 0 0 0 0 0 0 0 0 0 0 0 0 0 0 0 0 17 8 2 9 24 0 0 26 1 9 23 28 0 0 10 0 67 24 7 21 13 0 12 0 0 0 17 0 0 0 0 0 0 26 0 0 0 0 0 0 0 0 40 0 0 0 0 0 0 11 0 0 0 0 0 0 0 0 0 0 0 0 1 0 0 0 0 0 0 0 0 0 0 0 13 0 2 76 0 2 1 0 0 0 0 0 0 0 0 0 0 0 0 0 0 0 0 0 0 14 0 0 0 0 0 12 0 0 0 0 
 4 0 1 4 0 0 1 1 1 0 2 1 2 5 1 3 2 1 1 1 49 91 182 0 183 145 102 83 155 180 62 116 577 57 155 39 65 440 63 73 0 0 0 0 0 3 27 0 0 0 0 0 1 0 2 3 0 0 65 63 0 0 0 2 3 0 5 0 0 0 0 0 0 0 0 2 0 1 3 0 0 0 0 0 0 0 0 0 0 0 0 0 0 0 0 0 0 0 0 0 0 0 7 0 14 12 0 11 16 0 29 7 0 0 0 23 20 7 0 0 0 0 0 0 0 0 0 0 0 0 0 0 19 8 0 3 9 0 26 1 0 0 0 0 0 0 0 0 0 0 0 0 1 0 0 5 0 0 0 0 0 0 0 0 0 0 0 0 0 0 0 0 0 0 0 0 0 0 0 0 0 0 22 0 14 38 0 0 0 0 0 14 0 0 10 0 19 10 0 0 9 0 0 0 0 0 0 0 0 0 0 0 11 3 11 1 1 0 15 1 0 0 0 0 0 1 0 2 0 0 0 0 0 0 0 0 0 0 43 0 0 0 0 0 0 0 0 0 0 0 0 0 0 0 13 2 2 0 81 0 20 11 22 0 0 0 0 0 0 0 0 0 0 0 0 0 0 0 0 0 7 0 0 0 4 0 0 0 0 0 
 1 0 1 4 2 1 4 1 1 4 2 8 1 5 1 5 1 1 1 1 239 40 56 183 0 77 57 79 55 56 63 187 120 72 275 93 137 284 66 81 1 0 0 1 0 3 64 97 211 0 0 0 126 0 33 1 0 0 62 1 0 0 2 2 3 0 4 0 0 4 0 2 13 0 0 3 0 0 3 2 0 0 0 0 0 0 13 0 0 0 0 0 0 0 0 0 0 0 0 0 0 1 9 0 19 7 0 0 0 0 5 13 0 0 2 0 0 0 0 0 0 14 9 0 0 0 12 0 20 15 18 0 22 0 0 9 0 0 24 0 0 0 0 0 0 0 0 0 0 0 0 0 0 0 10 0 0 0 0 0 0 4 0 0 0 0 0 0 0 0 0 0 2 0 0 0 0 0 0 0 0 0 0 0 19 0 0 0 0 0 0 1 0 0 0 18 1 1 0 0 13 0 1 0 0 0 4 32 0 16 0 13 8 13 26 19 13 9 12 7 0 0 0 0 0 0 0 0 0 0 0 2 0 0 0 0 0 0 0 0 0 0 0 0 0 2 2 0 0 0 0 0 0 0 3 0 0 1 0 2 1 0 1 0 0 0 0 0 0 0 0 0 0 0 0 0 0 0 0 0 0 0 0 0 13 13 0 0 0 0 
 0 0 0 0 0 0 0 0 77 0 0 3 0 0 0 0 5 0 0 5 43 58 119 145 77 0 54 26 125 137 77 219 246 67 169 116 149 187 36 50 3 2 0 2 2 3 64 0 0 8 0 6 2 19 100 9 0 62 126 21 0 0 1 4 3 0 3 0 0 1 0 0 0 0 0 2 0 0 3 0 0 2 0 0 0 0 0 0 0 0 0 0 0 0 0 2 0 0 0 0 0 4 8 32 0 2 0 3 0 9 8 33 0 2 0 0 19 19 0 0 16 0 0 0 2 0 13 12 9 0 0 0 0 30 13 6 12 16 81 39 0 0 0 0 0 4 0 0 0 0 0 0 0 0 0 9 10 0 0 0 0 0 0 1 0 1 0 0 0 0 0 0 0 0 0 0 0 0 0 0 0 0 23 0 35 10 0 11 0 23 32 13 0 0 13 0 29 24 0 0 1 0 10 0 0 0 52 0 0 0 0 0 19 0 11 0 1 0 18 1 1 0 0 0 0 0 0 0 0 0 0 0 0 0 0 0 0 2 0 0 0 0 0 0 0 0 0 0 0 0 0 0 0 0 2 2 1 84 15 0 18 31 0 0 0 0 0 0 0 0 0 0 0 0 0 0 0 0 0 15 0 8 0 0 0 15 0 0 0 0 
 0 2 0 0 77 19 5 96 0 0 1 0 0 0 0 3 0 0 3 0 387 63 172 102 57 54 0 468 357 22 196 92 157 361 280 249 111 21 192 312 0 0 0 0 0 3 3 0 2 0 0 0 2 0 2 0 0 0 0 0 0 0 0 3 3 0 3 1 0 2 0 0 3 0 15 3 0 0 3 6 0 0 0 0 11 13 0 0 1 0 0 0 0 2 0 0 0 0 0 1 19 1 0 45 13 16 0 33 24 37 1 12 18 0 38 15 18 12 40 41 0 0 13 0 0 0 0 0 11 0 0 0 0 0 0 0 0 0 0 0 0 0 0 0 0 0 0 0 0 0 0 0 0 0 0 0 0 0 0 0 0 0 0 22 0 0 0 0 0 0 0 0 0 0 4 0 0 2 0 0 15 13 12 11 0 0 0 39 48 36 1 0 0 0 10 1 14 34 8 17 0 0 1 0 0 0 1 0 0 0 0 18 0 0 1 0 0 0 0 0 0 0 0 0 0 0 0 0 0 2 0 0 0 0 0 0 0 0 0 0 0 0 0 0 0 0 0 0 0 74 0 0 0 0 7 0 0 1 2 1 2 0 0 0 0 0 0 0 0 0 0 0 0 0 0 0 0 0 0 21 0 0 0 0 0 5 0 0 0 0 
 2 4 2 2 78 3 2 3 2 2 3 2 2 4 3 6 8 38 2 2 386 195 189 83 79 26 468 0 86 214 359 126 600 95 123 45 200 39 27 264 0 0 0 0 0 3 2 0 0 0 0 0 0 0 2 1 1 1 0 0 0 0 0 2 3 0 3 0 0 0 0 0 0 0 46 2 0 0 3 0 0 0 0 0 12 2 0 0 0 0 0 0 0 0 0 0 0 0 0 0 14 32 29 46 0 0 17 19 52 34 10 0 0 0 6 127 43 24 0 38 0 0 0 12 0 0 0 0 0 0 0 0 0 0 0 0 0 0 0 4 0 0 0 0 0 0 0 0 0 0 0 0 6 0 0 0 0 0 0 0 0 2 0 0 26 43 0 0 0 0 0 6 0 0 3 0 0 0 0 0 0 1 21 40 0 18 12 13 26 39 27 26 0 0 35 18 23 0 0 31 0 0 0 0 0 0 0 0 0 0 0 0 0 0 0 0 0 0 14 0 0 0 0 1 0 0 0 0 0 0 0 0 0 0 0 0 0 0 0 0 0 0 0 0 0 0 0 0 0 0 0 0 0 0 10 0 0 5 0 0 0 0 0 0 0 0 0 0 0 0 0 0 0 0 0 0 0 0 0 0 0 0 0 0 0 0 0 0 0 0 
 0 61 0 0 0 1 0 21 0 0 0 0 0 0 0 2 0 0 2 0 121 212 95 155 55 125 357 86 0 496 63 104 135 187 250 248 399 111 273 295 6 0 0 0 0 3 2 2 2 0 0 0 1 0 2 1 1 0 0 0 0 0 0 2 3 0 3 4 0 0 3 0 0 0 0 49 0 2 3 0 0 0 0 0 0 12 0 0 0 0 0 0 0 12 0 0 0 0 0 0 7 0 11 1 41 28 0 11 7 13 24 0 8 0 24 12 13 37 0 13 0 0 0 0 0 0 17 1 19 0 0 0 10 14 0 0 0 0 0 22 0 0 0 0 0 0 0 0 0 0 0 0 0 0 0 0 0 0 7 0 0 0 0 28 0 0 0 0 0 0 0 0 1 0 0 0 0 0 5 0 7 31 26 8 0 27 0 5 15 0 34 13 0 0 30 1 34 38 15 11 43 0 0 0 0 0 28 0 0 0 0 0 0 10 10 0 0 0 9 11 0 0 16 0 0 4 0 0 0 0 0 1 0 0 0 9 0 0 0 0 0 0 7 0 0 1 0 0 0 0 0 0 0 0 10 0 0 2 82 2 6 0 14 0 0 0 0 0 0 0 0 0 0 0 0 0 0 0 0 1 0 12 0 0 0 0 6 0 0 0 
 2 0 0 2 3 0 0 2 0 0 2 0 0 0 0 0 0 0 2 1 26 432 455 180 56 137 22 214 496 0 129 325 146 60 206 353 414 190 83 403 5 0 0 0 0 3 3 0 35 9 0 3 2 0 2 8 0 0 0 0 0 0 54 3 3 0 2 0 0 3 0 0 0 0 0 3 0 0 3 0 0 0 9 0 0 10 0 0 0 0 0 0 0 0 0 0 0 0 0 0 1 0 10 0 12 11 15 10 13 19 22 0 0 0 33 1 19 14 0 12 0 0 0 0 0 0 11 12 0 0 0 0 24 20 40 7 0 0 0 26 0 0 0 0 0 0 0 0 0 0 0 0 0 0 15 0 0 0 0 0 0 0 0 0 0 19 0 0 0 0 0 0 0 0 0 0 0 0 0 0 8 19 34 1 9 1 13 13 10 31 0 21 17 20 25 0 12 12 0 2 10 0 0 0 0 0 12 0 0 0 0 0 0 0 0 0 0 0 3 14 0 0 0 0 0 0 0 0 0 0 0 0 0 0 0 0 0 0 0 0 0 0 12 0 0 0 0 0 0 0 0 0 0 0 1 0 0 77 78 2 9 9 0 0 0 1 14 0 0 0 0 0 0 0 0 0 0 0 0 0 0 10 0 0 0 0 0 0 0 0 
 2 2 4 3 1 0 2 0 0 3 1 0 2 5 1 1 1 0 201 35 113 36 225 62 63 77 196 359 63 129 0 136 185 63 138 74 197 48 42 168 2 0 0 0 0 3 2 0 5 0 0 0 46 0 2 1 2 0 0 0 0 9 0 2 3 0 3 0 0 0 0 0 0 0 0 2 0 0 3 0 0 0 0 0 8 24 14 1 0 0 0 0 0 0 0 0 0 0 0 0 8 0 27 22 0 13 0 11 19 31 0 0 0 13 9 43 23 0 22 18 0 1 0 0 0 0 0 0 14 0 0 0 0 0 0 0 0 0 8 0 0 0 0 0 1 0 0 0 0 0 0 1 17 2 0 0 1 0 0 0 0 0 0 0 0 0 0 0 0 0 0 0 0 0 1 0 0 0 0 0 14 18 26 0 0 14 0 10 81 14 0 2 10 0 7 1 17 9 10 53 0 2 0 0 0 0 0 0 0 0 0 0 0 0 0 0 0 0 1 0 0 0 0 0 0 1 0 0 0 0 0 1 0 0 0 0 0 0 0 0 0 0 0 0 0 0 0 0 0 0 0 0 0 0 11 0 0 40 1 0 2 0 0 0 0 0 0 0 0 0 0 0 0 0 0 0 0 0 0 2 0 0 0 0 0 0 0 0 0 1 
 7 5 4 4 3 3 7 5 5 5 5 4 5 10 4 11 5 5 7 4 109 27 539 116 187 219 92 126 104 325 136 0 63 31 117 144 314 103 31 238 1 0 0 0 0 3 2 0 0 0 0 0 2 0 2 2 0 0 0 0 0 0 0 2 5 0 3 0 0 1 0 1 0 0 0 3 0 0 3 0 0 0 0 0 0 11 0 0 0 0 0 0 0 0 0 0 0 0 0 0 9 20 11 19 0 15 0 0 23 5 0 3 1 7 0 6 0 19 10 0 0 0 0 0 0 2 2 0 13 0 0 0 0 12 0 0 6 0 28 26 0 0 0 1 0 0 0 0 0 0 1 0 2 0 0 0 0 0 0 0 0 0 0 1 0 0 0 0 1 0 0 1 0 0 0 0 0 0 1 0 3 23 43 11 47 16 0 13 19 1 12 30 17 0 10 0 11 30 1 0 16 0 0 0 0 0 20 0 2 1 0 12 0 0 20 0 0 0 1 0 0 2 0 0 0 2 0 11 0 0 0 0 0 0 0 5 0 0 0 0 0 0 0 0 0 0 0 0 0 0 0 2 0 0 5 2 2 79 6 0 23 2 0 0 0 0 0 0 0 0 0 0 0 0 0 0 0 0 0 13 0 0 0 0 16 11 0 0 0 0 
 2 0 0 0 0 0 0 0 0 0 0 0 0 6 0 0 0 0 0 0 79 207 130 577 120 246 157 600 135 146 185 63 0 173 121 234 110 105 97 231 0 0 0 0 0 9 8 0 0 0 0 0 2 0 2 1 4 0 0 0 0 9 0 2 3 0 3 0 0 1 0 0 0 0 0 3 0 0 3 0 0 0 0 0 0 10 0 17 0 0 0 0 0 0 0 0 0 0 0 0 0 30 21 10 0 0 1 1 31 16 28 0 0 9 1 52 13 12 9 32 0 0 0 0 0 0 0 0 0 0 0 0 0 0 0 0 0 0 0 11 0 0 0 0 1 0 0 0 0 0 0 0 2 0 0 0 0 0 0 0 0 0 0 0 0 0 0 0 0 17 0 0 0 2 1 0 0 0 0 0 11 12 11 20 23 33 19 13 21 7 24 17 27 10 12 12 18 0 0 23 0 0 0 0 0 0 0 0 0 0 0 0 0 0 0 0 0 0 11 0 0 0 0 0 0 0 0 0 0 0 0 0 0 0 0 0 0 0 0 0 0 0 0 0 0 1 0 0 0 0 0 0 0 1 5 2 2 84 0 0 1 0 0 0 0 0 9 0 0 0 0 0 0 0 0 0 0 0 0 0 0 0 0 0 0 0 7 0 0 0 
 3 6 77 3 123 76 3 3 4 4 3 102 5 3 3 3 6 3 4 3 336 350 53 57 72 67 361 95 187 60 63 31 173 0 193 47 136 106 330 151 0 0 0 0 0 3 2 63 0 0 0 0 62 0 2 0 113 0 0 0 51 0 0 5 3 6 3 5 0 1 5 0 0 0 0 2 0 0 3 0 0 0 0 0 7 7 0 0 0 0 14 0 0 0 0 0 1 0 0 0 19 0 1 15 0 10 18 24 13 14 5 0 15 30 9 12 43 8 11 9 0 0 0 0 0 0 0 0 11 0 0 0 0 0 0 0 0 0 0 0 0 0 0 0 0 0 0 0 0 0 0 0 0 0 0 0 0 0 0 0 0 0 0 9 0 0 0 0 0 11 22 5 0 0 5 0 16 0 0 0 23 17 10 20 0 1 3 12 26 32 0 0 41 21 28 1 14 7 30 7 0 0 0 0 0 0 1 0 0 0 0 0 0 0 0 0 0 0 1 0 0 0 0 0 0 0 0 0 0 0 0 0 0 0 0 0 0 0 0 3 0 11 0 0 0 0 0 0 1 0 0 0 0 0 5 0 0 78 0 0 2 0 0 0 0 0 13 0 0 0 0 0 0 2 0 0 9 0 0 0 0 0 0 0 0 0 6 0 0 0 
 5 3 3 3 3 3 3 6 5 5 5 3 3 4 3 3 3 3 3 65 118 123 128 155 275 169 280 123 250 206 138 117 121 193 0 143 36 116 40 238 0 0 0 1 0 9 3 0 0 0 0 0 1 0 2 1 0 0 64 0 6 0 0 3 3 0 3 4 0 2 4 0 0 0 0 3 0 0 3 0 0 0 0 0 0 12 0 0 0 0 0 0 0 0 0 0 0 0 0 0 7 17 37 49 0 22 0 32 21 20 15 0 27 0 18 3 1 61 0 32 0 0 0 0 0 0 13 0 0 3 0 0 0 16 0 0 0 0 0 0 0 0 0 0 0 0 0 0 0 0 7 0 0 0 0 0 0 0 0 0 0 0 0 5 0 0 0 0 0 2 0 0 0 0 0 0 0 0 0 0 0 48 48 19 24 11 0 0 19 0 31 5 1 2 18 18 14 54 13 10 9 0 0 0 0 0 14 0 0 0 0 0 0 13 2 0 0 0 0 0 0 0 0 0 0 0 0 0 0 0 0 0 0 0 0 1 0 0 1 0 0 0 0 0 0 0 0 0 0 0 0 0 0 0 9 0 2 1 76 0 13 0 0 0 0 0 0 0 0 0 0 0 0 0 0 0 0 0 0 1 0 0 0 0 0 0 3 0 0 0 
 0 2 0 0 0 0 0 3 0 12 2 0 0 0 2 0 0 0 0 0 24 51 116 39 93 116 249 45 248 353 74 144 234 47 143 0 741 53 18 293 11 0 0 0 0 3 67 0 2 5 0 6 2 0 2 7 207 0 64 0 0 0 0 2 3 0 3 2 0 0 0 0 0 0 0 2 0 0 5 0 0 0 0 0 0 0 0 0 0 0 0 0 0 0 0 0 12 0 0 0 0 1 0 35 31 14 0 0 0 22 1 14 6 0 11 0 0 8 0 10 14 0 1 0 0 0 44 34 23 0 0 0 10 0 15 9 1 17 31 17 0 0 0 0 0 0 0 0 0 0 0 0 0 0 0 0 0 0 0 0 0 0 0 9 0 0 0 0 0 0 0 0 0 0 0 0 0 0 4 0 8 0 0 0 20 23 0 23 0 38 34 5 0 0 9 0 87 21 8 0 26 0 8 0 0 0 45 0 15 0 0 0 0 13 0 3 0 0 2 18 0 0 0 0 0 0 0 0 0 0 0 0 0 0 0 42 0 0 0 0 0 0 20 0 0 0 0 0 0 0 0 0 0 0 9 0 0 79 5 0 1 2 0 0 0 0 0 0 0 0 0 0 0 0 0 0 0 0 0 16 0 18 0 0 0 3 0 0 0 0 
 2 3 0 3 0 2 0 1 0 1 0 0 0 0 0 0 2 0 0 0 55 149 160 65 137 149 111 200 399 414 197 314 110 136 36 741 0 379 461 110 3 0 0 0 0 3 2 73 0 10 0 11 1 0 2 19 0 2 0 0 0 7 0 3 3 3 4 0 0 1 0 0 0 0 0 3 0 0 3 0 0 0 0 0 0 11 0 0 0 0 0 0 0 0 0 0 0 0 0 0 0 1 10 0 52 12 41 0 0 15 19 26 13 8 22 1 0 6 11 22 0 0 0 0 0 0 16 30 8 5 0 0 0 0 12 4 10 0 19 9 0 0 0 0 0 0 0 0 9 0 0 0 0 0 0 0 0 0 0 0 0 0 0 13 0 0 11 0 0 0 0 0 0 0 0 0 0 0 15 0 17 13 0 0 1 33 16 14 14 32 25 10 19 12 30 8 6 26 0 0 11 0 0 0 0 0 8 0 0 0 0 0 0 11 0 14 0 0 47 0 0 0 0 0 0 0 0 0 0 0 0 0 0 0 0 6 0 0 0 4 0 0 0 0 0 0 0 0 8 0 0 0 0 0 11 0 3 231 78 0 4 1 0 0 0 0 17 0 21 0 0 0 0 0 0 0 0 0 0 0 0 19 0 0 0 3 0 0 0 0 
 1 0 0 3 0 1 0 0 0 0 0 0 0 2 2 2 0 0 0 0 241 111 49 440 284 187 21 39 111 190 48 103 105 106 116 53 379 0 222 234 0 0 0 0 0 3 66 3 0 11 0 10 2 52 68 15 0 0 65 55 0 0 0 2 63 0 4 0 0 2 0 0 0 0 0 3 0 0 3 0 0 0 0 0 0 15 0 0 0 0 0 0 0 0 0 0 0 0 0 0 0 0 18 0 11 0 0 0 1 19 39 7 0 0 0 17 39 6 0 10 1 0 0 0 0 0 1 18 7 0 0 0 10 19 16 26 2 0 25 16 0 0 0 24 0 5 0 0 0 0 0 0 0 0 0 6 0 0 0 0 0 0 0 0 0 0 0 0 0 0 0 0 0 0 0 0 0 0 0 0 5 14 13 8 17 20 27 13 0 31 1 10 52 5 19 13 0 22 0 0 24 0 0 0 0 0 18 0 0 0 0 0 28 0 21 0 0 0 23 0 0 0 0 0 0 0 0 0 0 0 0 0 0 0 0 0 0 0 0 0 0 0 0 0 0 0 0 0 0 0 0 0 0 0 19 0 3 42 75 2 17 12 0 0 0 0 10 0 0 0 0 0 0 0 0 0 0 0 0 0 0 9 0 0 0 0 10 0 0 0 
 0 128 0 0 148 90 0 19 19 34 91 28 0 1 0 77 6 78 0 0 205 46 251 63 66 36 192 27 273 83 42 31 97 330 40 18 461 222 0 76 0 0 0 0 0 3 2 0 0 0 0 0 141 0 2 3 1 0 0 0 0 0 0 2 3 0 3 0 0 1 0 56 0 0 0 3 0 0 3 2 8 6 14 6 11 27 0 0 6 13 14 6 0 0 0 0 19 0 0 0 0 0 0 0 0 0 46 1 17 0 0 0 44 29 0 0 0 0 35 0 0 0 0 0 0 0 4 0 0 0 0 0 0 0 0 0 0 0 0 0 7 0 0 0 0 0 0 0 0 0 0 0 0 0 0 0 0 0 0 0 1 0 14 2 0 0 0 0 9 12 10 2 0 2 0 1 18 61 14 0 9 0 0 0 0 0 17 14 0 0 0 0 30 12 28 0 0 0 28 31 0 0 0 0 0 0 0 0 0 0 0 0 0 0 0 0 0 0 0 14 0 0 0 0 0 0 8 0 0 0 0 0 0 0 0 0 0 0 0 0 0 16 0 0 0 0 72 0 79 1 0 0 0 0 0 0 3 0 0 1 2 0 0 0 0 0 0 0 0 0 0 0 0 0 0 0 9 7 0 0 0 0 0 0 0 0 0 0 0 0 
 0 2 0 0 18 80 3 0 0 6 0 0 0 3 2 2 0 0 0 0 64 53 56 73 81 50 312 264 295 403 168 238 231 151 238 293 110 234 76 0 3 0 0 0 2 5 6 1 0 0 0 0 1 0 2 0 66 0 4 0 0 0 0 4 3 0 3 0 5 0 0 2 0 0 0 2 0 0 5 0 0 0 8 0 7 12 0 0 0 0 0 12 0 0 0 0 0 0 0 0 7 17 21 21 0 0 12 40 27 35 0 0 6 9 30 6 20 45 0 35 0 0 0 0 0 0 0 0 11 0 0 0 0 0 0 0 0 0 0 0 0 0 0 0 0 0 0 0 0 0 0 0 0 0 0 0 0 0 0 1 0 0 0 9 13 10 0 0 0 0 0 0 0 2 3 0 0 0 0 0 10 1 0 36 0 0 1 19 14 10 18 10 0 0 7 8 14 7 37 22 2 0 0 0 0 0 2 0 0 0 0 0 0 0 0 0 23 0 0 0 0 0 0 0 0 0 0 0 0 0 0 0 0 0 0 0 0 0 0 0 0 0 0 0 0 2 0 0 0 2 0 0 0 1 7 0 4 3 0 3 4 0 0 0 0 0 0 0 0 0 0 0 0 0 0 0 0 0 0 0 0 0 0 2 0 0 0 0 0 14 
 2 0 1 0 0 0 6 0 0 0 0 0 0 63 2 0 2 0 1 0 2 21 3 0 1 3 0 0 6 5 2 1 0 0 0 11 3 0 0 3 0 94 164 72 25 26 154 54 136 253 27 28 605 323 259 273 314 31 124 322 0 0 0 0 0 0 52 0 0 0 0 0 0 10 0 0 0 0 53 0 0 1 0 0 0 0 0 0 0 0 0 0 0 0 0 0 0 0 0 0 0 0 0 0 5 0 0 0 8 0 28 0 0 0 0 0 19 0 0 0 40 23 14 54 0 0 23 4 21 12 18 44 12 9 1 10 0 18 3 27 0 0 0 0 8 0 0 0 0 0 0 0 0 0 0 0 0 0 2 0 0 6 0 0 0 0 0 0 0 0 0 0 0 0 0 0 0 0 0 6 0 4 0 0 11 0 0 0 0 1 0 4 0 0 0 0 5 0 0 0 19 9 31 58 6 0 5 26 7 13 7 17 23 0 0 10 20 18 0 48 0 0 5 0 0 0 19 0 0 0 0 0 1 0 0 0 0 0 20 0 0 0 3 0 0 0 0 0 0 0 0 6 2 2 0 0 0 0 0 2 0 0 0 0 2 3 1 0 2 0 10 0 0 0 0 0 0 0 0 0 0 4 0 0 1 0 0 0 0 0 
 5 3 3 3 3 3 6 3 3 3 3 4 3 3 3 3 3 3 3 3 0 0 0 0 0 2 0 0 0 0 0 0 0 0 0 0 0 0 0 0 94 0 248 74 163 27 60 92 133 95 284 89 58 25 303 432 66 111 50 109 0 0 0 0 0 0 1 0 0 6 0 0 0 0 0 0 0 0 102 0 0 0 0 0 0 0 19 0 0 0 0 0 0 0 0 0 0 0 0 0 0 0 0 0 0 0 0 0 0 0 0 0 0 0 0 0 0 0 0 0 0 4 30 43 18 47 0 0 8 3 19 22 0 0 17 0 20 0 0 0 9 0 0 0 2 0 2 0 0 0 0 0 6 5 0 0 0 0 24 2 0 0 0 0 0 0 0 0 0 0 0 0 9 0 0 0 0 0 0 0 0 0 0 0 0 0 0 0 0 0 0 0 0 0 0 0 0 0 0 0 0 17 0 20 76 8 0 0 7 7 66 0 0 0 0 20 2 36 20 0 1 0 0 0 0 0 19 0 0 0 7 0 1 0 5 0 1 0 0 52 1 0 19 0 0 0 0 0 0 0 0 9 0 0 0 0 0 0 1 4 0 0 1 65 2 3 0 2 1 0 10 0 0 0 0 0 0 0 0 0 0 0 0 0 12 0 0 0 0 0 
 63 4 5 2 1 2 6 3 2 2 3 3 3 2 3 3 3 2 1 2 1 1 0 0 0 0 0 0 0 0 0 0 0 0 0 0 0 0 0 0 164 248 0 141 274 47 62 111 58 174 106 249 177 146 296 120 115 246 60 42 0 0 0 0 9 0 23 0 0 0 0 6 11 0 8 0 0 5 16 0 0 0 0 0 0 0 0 0 0 0 0 0 0 0 0 0 0 0 0 0 0 0 0 0 0 0 0 0 0 0 0 0 0 0 0 0 0 0 0 0 0 64 15 13 1 18 0 7 1 20 0 18 0 0 22 9 0 12 0 0 0 0 0 0 1 1 19 14 0 0 0 1 16 0 7 0 0 0 0 0 0 0 0 0 0 0 0 0 0 0 0 0 0 0 0 4 0 0 0 0 14 0 0 0 0 0 0 1 0 0 0 0 0 0 0 0 0 0 0 0 0 21 10 25 8 1 0 8 33 31 1 20 0 1 0 6 30 0 0 0 0 0 0 0 0 0 0 0 0 0 0 1 0 0 0 0 0 0 5 4 0 0 0 0 0 0 0 0 0 0 0 9 0 0 0 0 0 0 0 4 0 0 0 0 31 0 0 0 2 0 8 0 0 0 0 1 0 0 0 0 0 0 0 0 16 31 0 10 0 0 
 2 0 2 0 0 0 0 3 0 3 0 0 0 0 0 3 0 0 0 0 0 0 0 0 1 2 0 0 0 0 0 0 0 0 1 0 0 0 0 0 72 74 141 0 217 453 66 54 65 82 195 238 41 57 59 48 41 95 85 72 52 55 6 2 0 0 77 55 0 0 52 0 50 84 0 2 0 19 2 2 0 0 0 0 0 0 0 0 0 0 0 0 0 0 0 0 0 0 0 0 0 0 0 0 0 0 0 0 0 0 0 0 0 0 0 0 0 0 0 0 0 19 1 0 30 14 0 0 0 9 0 13 0 0 0 0 12 0 0 16 27 18 0 9 1 0 36 18 20 5 10 0 12 0 0 18 0 11 1 15 0 0 0 0 0 0 0 0 0 0 0 0 0 1 0 7 0 0 0 0 0 0 0 0 0 0 0 0 0 0 0 0 0 0 0 0 0 0 0 0 0 15 0 0 0 23 0 0 3 22 11 30 0 0 0 1 0 0 0 0 45 10 7 0 0 0 29 3 30 7 0 0 19 27 41 8 20 14 15 93 8 0 0 0 0 0 0 0 2 0 0 5 0 0 0 0 0 0 0 13 2 0 4 0 0 4 0 66 0 0 0 0 0 0 0 0 0 0 0 0 0 0 0 0 9 12 0 0 0 0 
 0 2 0 3 0 0 0 3 0 2 0 0 0 3 0 3 0 0 0 0 0 0 0 0 0 2 0 0 0 0 0 0 0 0 0 0 0 0 0 2 25 163 274 217 0 175 480 58 312 79 206 103 56 56 91 68 114 62 54 59 50 21 0 0 2 9 54 0 0 8 0 7 46 51 51 55 0 0 16 0 0 0 0 0 0 0 0 24 0 0 0 0 0 0 0 0 0 0 0 0 0 0 0 0 0 0 0 0 0 0 0 0 0 0 0 0 0 0 0 0 0 9 12 0 0 20 0 0 6 7 20 18 0 0 0 0 12 0 0 0 11 17 10 0 0 0 0 0 0 0 34 0 39 0 0 10 0 15 33 9 0 0 0 0 0 0 0 0 0 0 0 3 0 0 0 0 0 0 0 0 0 0 0 0 0 0 0 0 0 0 0 0 0 0 0 0 0 0 0 0 0 0 12 12 24 9 0 0 0 9 36 33 0 11 0 13 0 0 0 0 7 0 0 1 0 0 12 3 0 4 0 1 39 72 4 4 0 0 0 38 0 0 0 0 0 0 0 0 0 0 0 8 0 2 0 0 0 0 0 0 0 16 63 0 1 2 2 1 0 0 0 0 0 0 0 0 0 0 0 0 0 0 0 0 9 0 0 0 0 0 
 2 4 2 4 2 2 2 2 2 2 2 2 2 2 2 3 67 6 2 2 9 3 3 3 3 3 3 3 3 3 3 3 9 3 9 3 3 3 3 5 26 27 47 453 175 0 253 30 113 196 104 72 88 44 51 80 123 201 42 96 29 22 0 0 0 0 105 22 0 6 0 0 0 46 2 51 0 0 15 50 0 0 0 0 0 0 0 0 0 0 0 0 0 0 0 0 0 0 0 0 0 7 0 2 0 0 0 0 0 0 0 0 0 0 0 0 0 10 0 0 0 23 0 0 32 11 0 11 29 8 17 9 0 0 18 0 10 0 0 0 0 13 0 19 0 0 19 36 0 0 37 0 43 0 7 0 0 0 13 10 0 0 0 0 0 0 0 0 0 0 0 0 0 0 0 6 0 0 0 0 0 0 0 0 0 0 0 0 3 0 31 0 0 0 0 5 0 0 0 0 0 0 0 0 2 31 0 0 17 1 2 21 0 0 0 17 0 0 0 0 11 16 0 21 0 0 12 3 0 0 1 0 23 42 8 0 4 7 9 10 0 0 0 0 0 0 0 0 0 0 0 13 0 2 0 0 0 0 0 0 0 0 74 4 0 8 1 1 1 0 0 0 0 0 0 0 0 0 0 0 0 0 0 0 0 0 0 0 0 0 
 0 0 0 2 0 0 0 0 0 3 0 0 0 3 0 2 3 0 0 0 2 63 66 27 64 64 3 2 2 3 2 2 8 2 3 67 2 66 2 6 154 60 62 66 480 253 0 153 324 43 78 37 98 116 124 27 38 39 132 246 0 0 0 0 0 0 2 0 0 0 0 0 0 0 0 0 0 0 0 0 0 0 0 0 0 0 0 0 0 0 0 0 0 0 0 9 0 0 0 0 0 0 0 1 11 1 0 0 0 0 7 1 0 0 0 0 0 0 0 0 24 3 0 13 0 0 16 1 2 9 30 0 10 12 10 20 0 8 34 10 0 0 0 0 0 1 0 0 0 0 0 0 0 0 0 1 0 0 3 0 0 0 0 0 0 0 0 0 0 0 0 0 0 0 0 0 0 0 0 7 0 0 1 1 2 20 0 0 0 0 0 0 0 13 0 0 1 25 0 0 20 2 11 15 9 8 8 30 3 2 0 1 24 9 42 7 6 9 0 19 0 0 0 0 0 0 1 0 0 0 0 0 4 0 0 0 0 0 1 0 0 0 0 0 0 0 0 0 0 0 0 8 0 0 0 0 0 0 0 0 0 0 0 68 0 17 2 0 0 0 0 0 0 0 0 0 0 0 0 0 0 0 3 0 0 0 0 0 0 0 
 0 0 58 0 0 0 0 0 0 0 0 0 0 0 0 0 0 0 0 0 0 0 3 0 97 0 0 0 2 0 0 0 0 63 0 0 73 3 0 1 54 92 111 54 58 30 153 0 92 43 65 36 243 117 108 31 27 26 132 57 6 0 0 0 0 0 2 0 0 0 0 0 7 0 0 0 0 0 1 0 0 0 0 0 0 0 0 0 0 0 0 0 0 0 0 0 0 0 0 0 0 0 19 0 8 13 0 4 0 1 10 8 0 0 0 6 7 12 0 0 14 13 9 15 1 0 0 28 0 38 0 0 17 0 5 19 0 16 24 1 0 0 0 0 0 0 0 0 0 20 0 0 0 0 0 0 0 0 0 0 0 0 0 0 0 0 0 0 0 0 0 0 0 0 0 0 0 0 1 0 15 5 0 0 23 0 0 8 0 0 0 5 0 0 0 0 4 6 0 0 21 41 17 19 0 7 2 19 0 1 0 0 41 18 9 9 0 2 6 2 0 0 5 0 0 0 0 0 0 0 0 0 0 0 0 22 0 0 58 0 0 0 2 0 0 0 0 0 0 19 0 11 0 2 0 0 0 0 0 0 0 0 0 0 7 0 2 0 0 0 0 0 0 0 0 0 0 0 0 0 0 9 0 0 0 21 0 10 0 0 
 0 2 0 0 0 1 1 5 0 2 0 0 0 5 0 0 0 0 1 0 0 2 5 0 211 0 2 0 2 35 5 0 0 0 0 2 0 0 0 0 136 133 58 65 312 113 324 92 0 349 131 109 77 176 442 193 180 122 91 123 0 0 47 0 0 0 1 0 0 1 0 0 0 0 3 0 0 0 33 0 0 0 0 0 0 0 0 0 0 0 0 0 0 0 0 0 0 0 0 0 0 0 0 0 3 0 0 1 0 1 3 0 0 0 0 4 10 0 31 0 0 11 68 11 18 23 2 15 0 18 28 11 5 0 20 18 18 1 0 2 9 0 0 0 2 0 0 0 0 0 0 0 0 0 0 0 0 0 15 0 0 0 0 0 0 0 0 0 0 0 0 0 0 0 0 0 0 0 0 3 5 10 0 0 0 0 0 6 0 0 0 5 0 0 0 0 3 5 0 0 3 15 0 20 34 1 5 8 27 48 15 0 8 0 7 33 33 14 0 2 1 0 4 0 0 0 0 0 0 0 0 0 0 10 0 0 0 0 0 1 0 0 6 0 0 0 0 0 0 0 0 9 0 2 0 0 0 0 0 0 0 0 0 63 1 15 2 0 0 0 8 0 0 4 0 0 0 0 0 0 0 0 0 0 27 0 0 0 0 0 
 3 3 3 3 3 3 2 4 3 3 2 2 2 6 2 2 49 3 3 3 0 12 0 0 0 8 0 0 0 9 0 0 0 0 0 5 10 11 0 0 253 95 174 82 79 196 43 43 349 0 104 187 445 149 304 385 101 84 90 73 1 0 0 0 0 0 52 106 0 8 0 51 54 0 8 0 0 0 9 0 0 0 0 0 10 0 0 0 0 0 0 0 0 0 0 0 0 0 0 0 0 0 0 0 0 0 0 0 0 0 0 7 0 0 0 0 0 0 0 0 0 29 0 20 10 0 20 30 0 35 20 0 0 0 47 18 19 40 0 6 0 0 0 39 0 0 0 16 0 0 0 0 15 14 3 0 0 2 0 0 0 0 15 0 0 0 0 0 0 0 0 0 0 0 0 1 0 0 0 0 0 0 0 0 1 1 0 0 0 5 0 0 0 0 0 0 0 0 0 0 4 44 35 66 0 0 0 21 28 0 0 26 0 0 0 9 11 20 3 4 14 23 0 0 0 0 0 0 0 21 0 0 0 18 0 0 0 0 19 9 0 0 4 0 0 0 0 0 0 0 0 9 0 1 0 0 0 0 3 0 0 14 2 0 4 4 1 0 2 0 0 0 0 0 0 0 0 0 0 0 0 3 0 0 0 0 0 9 0 0 
 13 3 8 6 1 1 0 3 0 18 0 0 1 10 3 1 3 6 1 0 0 0 0 0 0 0 0 0 0 0 0 0 0 0 0 0 0 0 0 0 27 284 106 195 206 104 78 65 131 104 0 193 21 103 128 154 554 94 36 127 0 0 0 0 0 0 1 0 0 0 0 0 98 0 0 0 0 0 50 0 0 21 6 1 1 0 1 0 2 5 0 4 0 0 0 11 0 15 0 0 0 0 0 0 0 0 0 0 0 0 0 0 0 0 0 0 0 0 0 0 0 1 19 38 8 31 0 0 0 0 11 1 0 0 13 7 0 0 0 0 10 0 0 0 0 0 1 0 7 0 15 0 22 0 0 12 0 0 13 0 0 1 0 11 1 0 0 0 12 0 0 14 0 0 0 7 0 0 0 7 0 13 0 0 0 0 5 0 0 0 0 0 0 0 18 0 0 0 0 0 0 0 0 17 22 2 0 7 7 14 16 26 0 0 6 0 26 10 0 0 7 0 9 0 0 0 9 0 9 4 0 0 12 0 7 4 19 0 0 18 7 0 11 0 0 0 1 0 0 0 0 9 0 0 0 0 0 0 0 11 0 0 2 65 0 10 0 36 0 0 8 0 0 0 0 0 0 0 0 0 0 0 0 0 9 12 0 0 0 0 
 0 2 0 3 0 0 0 0 0 3 1 0 0 0 2 0 2 0 0 0 0 47 0 0 0 6 0 0 0 3 0 0 0 0 0 6 11 10 0 0 28 89 249 238 103 72 37 36 109 187 193 0 240 40 120 357 146 285 62 37 0 3 4 0 2 0 81 1 0 5 0 2 1 1 0 0 0 0 28 0 0 0 0 0 0 0 0 0 0 0 0 0 0 0 0 0 0 0 0 0 0 0 0 0 0 0 0 0 0 0 0 5 0 0 0 0 0 0 0 0 0 41 42 0 25 31 4 13 11 7 28 15 0 0 22 6 32 0 0 4 10 0 0 0 0 0 43 24 0 0 0 0 29 0 7 0 0 0 28 0 0 0 0 0 0 0 0 0 0 0 0 0 0 0 0 14 0 0 0 0 0 0 0 0 1 2 0 0 0 5 0 0 0 0 0 0 0 16 0 0 0 0 0 0 18 9 0 0 9 7 20 32 0 0 0 25 0 0 6 27 1 1 0 0 0 0 31 0 0 0 0 0 10 32 0 0 1 13 0 11 0 0 0 0 0 0 0 0 0 0 0 2 0 2 0 0 0 0 5 17 0 0 76 4 2 4 1 4 0 0 0 0 0 0 0 0 0 0 0 0 0 2 0 0 9 0 0 0 0 0 
 2 0 0 0 0 73 2 0 0 0 0 64 0 0 0 0 3 0 0 0 57 2 1 1 126 2 2 0 1 2 46 2 2 62 1 2 1 2 141 1 605 58 177 41 56 88 98 243 77 445 21 240 0 152 108 29 25 83 166 109 3 2 2 0 0 0 2 59 0 0 0 0 5 3 2 0 13 0 3 3 0 0 0 0 0 0 0 0 0 0 7 0 0 0 0 0 0 0 0 0 0 1 0 0 0 0 18 0 17 0 0 0 35 0 0 0 0 0 55 10 0 43 10 24 0 0 25 26 14 17 12 0 27 0 18 1 6 22 0 0 0 0 0 0 0 0 0 0 0 0 0 0 0 6 0 0 0 0 11 0 0 17 0 0 0 0 0 0 0 0 0 0 0 0 0 0 0 0 0 0 0 0 0 0 0 0 0 0 0 0 0 0 0 0 16 10 0 0 0 0 10 9 24 55 0 0 0 7 1 33 7 11 18 1 0 0 1 23 0 2 0 0 0 0 0 0 0 0 0 0 0 0 0 0 0 0 0 0 42 0 0 24 0 0 0 0 0 0 0 0 0 0 0 1 0 0 0 0 2 0 0 0 2 0 65 0 2 0 0 0 0 0 0 0 0 0 0 0 0 0 0 0 0 0 0 21 0 0 0 0 
 0 0 0 0 0 0 0 0 0 0 2 0 0 0 0 0 0 0 0 0 0 15 0 0 0 19 0 0 0 0 0 0 0 0 0 0 0 52 0 0 323 25 146 57 56 44 116 117 176 149 103 40 152 0 339 108 46 98 178 66 0 0 0 4 0 0 75 0 4 0 0 4 4 0 4 2 0 0 0 0 0 0 0 0 0 0 0 0 0 0 0 0 0 0 0 0 0 0 0 0 0 0 0 0 0 0 0 0 0 0 22 11 0 0 0 0 12 0 0 0 2 1 36 5 19 0 0 15 1 48 10 1 0 29 9 11 6 30 12 1 0 0 0 0 0 3 0 0 0 0 0 0 0 0 0 3 0 0 14 0 0 2 0 0 0 0 0 0 0 0 0 0 0 0 0 0 0 0 0 5 0 0 0 0 0 0 0 0 0 0 0 0 0 0 0 0 0 0 14 0 0 63 38 46 1 1 13 10 31 78 5 0 29 0 37 31 20 7 0 0 0 0 0 0 0 0 21 0 0 0 0 0 7 0 0 0 0 0 38 0 0 0 0 0 0 0 0 0 0 0 0 2 0 0 0 0 0 0 0 0 0 9 0 1 65 34 15 0 0 0 0 0 0 0 0 0 0 0 0 0 0 14 7 0 1 17 0 2 0 0 
 0 0 0 0 0 0 0 0 0 0 0 0 0 0 0 3 1 0 0 0 2 2 2 2 33 100 2 2 2 2 2 2 2 2 2 2 2 68 2 2 259 303 296 59 91 51 124 108 442 304 128 120 108 339 0 126 272 50 85 199 0 0 0 0 0 0 2 0 0 0 0 0 5 0 0 0 1 0 51 0 0 0 0 0 0 0 0 0 0 0 0 0 0 0 0 0 0 0 0 0 0 0 0 4 6 0 0 0 0 0 0 8 0 0 0 0 0 0 0 0 15 0 20 3 7 1 0 0 0 0 34 0 14 0 6 12 9 36 15 0 0 0 34 0 0 4 0 0 0 0 0 0 0 0 0 5 0 0 0 0 0 0 0 0 0 1 0 0 0 0 0 0 7 0 0 0 0 0 0 1 0 0 0 0 10 0 0 0 0 0 0 0 0 0 0 0 0 0 0 0 13 1 11 1 19 6 10 16 0 26 0 0 32 13 32 6 10 13 0 0 0 0 0 0 0 0 0 0 0 0 0 0 0 0 0 0 0 0 0 0 0 0 0 0 0 0 0 0 0 0 0 7 0 0 0 0 0 0 0 19 0 0 3 36 2 22 3 0 0 0 0 0 0 0 0 0 0 0 0 0 0 2 0 0 0 21 0 13 0 0 
 2 0 0 0 0 0 0 1 0 0 0 0 0 0 1 0 0 0 0 0 0 25 1 3 1 9 0 1 1 8 1 2 1 0 1 7 19 15 3 0 273 432 120 48 68 80 27 31 193 385 154 357 29 108 126 0 82 318 249 261 1 0 2 2 2 0 2 0 0 0 2 0 0 0 0 1 3 2 114 0 0 0 0 0 0 0 0 0 0 0 0 0 0 0 0 0 0 0 10 35 0 0 0 0 0 0 0 0 0 0 0 8 0 0 0 0 0 0 0 0 0 8 34 71 29 24 5 3 0 0 21 44 0 0 8 61 8 18 0 5 0 0 0 0 10 0 0 0 4 0 0 0 11 0 0 25 0 0 0 0 0 0 0 0 0 0 0 0 0 0 0 0 0 0 0 0 0 0 0 0 0 0 0 0 1 4 0 0 0 7 0 0 0 0 0 0 0 0 0 0 0 0 14 67 42 0 0 0 7 9 27 17 0 0 0 30 20 0 6 0 0 0 0 0 0 0 0 0 0 0 0 0 1 0 22 0 16 1 0 20 0 0 21 0 0 0 0 0 0 0 0 0 0 2 0 0 0 0 7 0 0 0 0 2 3 2 0 64 2 0 10 0 0 0 0 0 0 0 0 0 0 5 0 0 1 0 0 9 0 0 
 2 1 0 4 65 29 0 2 0 5 2 62 1 6 0 0 2 14 0 0 63 0 1 0 0 0 0 1 1 0 2 0 4 113 0 207 0 0 1 66 314 66 115 41 114 123 38 27 180 101 554 146 25 46 272 82 0 99 46 47 52 0 0 0 0 0 3 3 0 1 0 0 5 0 3 0 0 0 59 0 0 1 0 3 8 0 0 0 2 4 15 2 0 1 0 4 0 4 0 0 11 12 0 0 0 0 0 11 0 0 0 0 0 12 10 0 0 0 0 12 6 21 0 13 0 6 0 18 11 63 33 46 0 14 8 12 12 0 0 15 0 0 0 0 6 0 0 0 0 0 0 0 0 0 0 0 0 0 0 0 0 12 0 2 2 0 0 0 4 0 1 2 0 0 1 1 0 0 0 0 12 0 0 9 0 1 2 10 1 0 0 0 0 4 0 17 0 0 0 4 16 28 0 9 6 0 0 0 48 34 7 15 2 12 0 13 46 4 0 0 0 0 0 0 0 0 0 0 0 0 0 0 1 11 0 0 0 0 0 0 0 0 0 0 0 0 3 0 0 0 0 13 0 1 0 0 0 0 0 0 0 26 3 0 2 2 0 0 0 0 7 0 0 0 0 0 0 0 0 0 0 4 0 0 3 0 0 0 0 0 
 0 0 0 3 1 0 0 0 0 3 0 0 1 0 0 0 0 0 0 0 0 0 0 0 0 62 0 1 0 0 0 0 0 0 0 0 2 0 0 0 31 111 246 95 62 201 39 26 122 84 94 285 83 98 50 318 99 0 36 246 0 0 0 0 12 8 54 54 0 1 2 54 75 0 6 0 1 13 78 2 0 0 0 0 0 0 0 0 0 0 0 0 0 0 0 0 0 0 0 0 0 0 0 0 0 0 0 0 0 0 0 0 20 0 0 0 0 0 0 0 1 12 37 27 18 1 12 11 0 20 37 0 0 0 27 9 34 30 0 0 0 0 0 0 0 0 0 16 0 0 0 0 19 7 3 0 0 2 0 0 0 0 0 0 0 0 0 0 0 0 0 0 0 0 0 0 0 0 0 0 0 0 0 0 0 0 0 0 0 0 0 0 0 0 0 0 0 0 0 0 13 10 26 0 11 0 0 10 10 0 0 24 0 0 0 28 16 4 0 0 14 20 0 0 0 1 0 0 0 34 20 7 0 29 0 0 0 1 0 19 0 0 0 0 0 0 0 0 0 0 0 0 0 0 0 0 0 0 0 13 0 0 0 0 2 1 0 0 0 0 0 0 0 0 0 0 0 0 0 0 0 0 0 0 0 7 0 17 0 0 
 3 3 38 3 3 3 3 3 3 6 3 3 3 3 3 5 3 3 9 3 0 0 61 65 62 126 0 0 0 0 0 0 0 0 64 64 0 65 0 4 124 50 60 85 54 42 132 132 91 90 36 62 166 178 85 249 46 36 0 392 0 0 0 0 0 0 0 6 0 0 5 0 0 0 0 0 0 0 0 0 10 0 0 0 0 0 0 0 0 0 0 0 4 0 0 0 0 0 9 3 0 0 0 37 15 0 0 14 0 0 0 8 0 0 0 0 0 0 0 0 15 0 10 0 0 0 17 0 0 12 0 27 50 17 0 22 0 13 25 35 0 0 0 0 0 4 0 0 0 0 0 0 0 0 0 5 0 0 10 0 0 24 0 0 0 0 0 0 0 0 0 0 0 0 0 0 0 0 0 0 0 0 0 1 0 53 0 0 0 0 18 0 0 0 0 0 19 13 0 0 1 0 10 1 0 0 18 0 14 7 0 0 35 35 19 0 16 1 0 8 0 0 0 0 0 0 0 0 0 0 0 0 0 0 0 0 0 0 11 13 0 0 0 0 0 0 0 0 0 0 0 8 0 0 0 0 0 0 0 0 0 0 0 0 0 1 2 0 2 0 12 0 0 0 0 0 0 0 0 0 0 12 0 0 0 0 0 0 1 0 
 0 0 0 0 0 0 1 0 0 0 0 0 0 0 0 0 0 0 0 0 0 0 0 63 1 21 0 0 0 0 0 0 0 0 0 0 0 55 0 0 322 109 42 72 59 96 246 57 123 73 127 37 109 66 199 261 47 246 392 0 0 0 200 0 0 0 0 0 1 1 0 8 0 0 0 8 3 8 7 0 0 0 0 0 0 0 12 12 0 0 0 18 0 0 0 0 0 0 0 0 0 0 0 0 7 0 0 0 0 0 7 11 0 0 0 0 11 0 0 0 18 0 9 14 0 0 0 0 0 0 3 2 36 41 15 10 0 18 49 1 7 0 0 0 0 3 0 0 0 0 0 0 0 0 0 3 0 0 0 0 0 0 0 0 0 0 0 0 0 0 0 0 11 0 0 0 0 0 0 0 0 0 0 0 20 21 0 0 0 0 0 0 0 0 0 0 0 0 0 0 15 0 19 0 12 7 29 21 11 0 1 0 30 9 55 0 22 12 0 3 0 0 0 0 0 0 0 0 0 0 0 0 0 0 0 0 0 0 0 0 0 0 0 0 0 0 0 0 0 0 0 9 0 1 0 0 0 0 0 9 0 9 0 9 0 11 0 0 0 0 0 0 0 3 0 0 0 0 0 0 0 19 0 1 0 0 0 0 0 0 
 0 0 0 0 0 0 0 0 0 3 0 2 0 0 0 2 0 0 8 0 0 0 0 0 0 0 0 0 0 0 0 0 0 51 6 0 0 0 0 0 0 0 0 52 50 29 0 6 0 1 0 0 3 0 0 1 52 0 0 0 0 155 108 123 42 83 192 357 32 33 302 61 120 212 126 51 34 59 30 142 0 0 0 0 0 0 0 5 0 0 0 0 0 0 0 0 0 0 0 0 0 0 0 0 0 0 0 0 0 0 0 0 0 0 0 0 0 0 0 0 0 0 0 0 24 3 0 0 0 7 0 1 0 0 0 0 0 0 0 0 0 7 20 0 0 10 0 0 21 16 0 0 1 0 0 18 0 29 0 8 0 0 0 0 0 0 0 0 0 0 0 0 0 0 0 1 0 0 0 0 0 0 0 0 0 0 0 0 0 0 0 0 0 0 0 0 0 0 0 0 0 0 0 0 0 18 14 0 1 0 0 1 0 0 0 0 0 0 0 0 12 17 0 16 14 23 0 9 23 9 10 0 20 16 12 8 5 23 9 0 0 0 0 0 0 0 0 0 0 0 0 0 0 0 17 0 0 0 0 0 0 0 57 0 0 0 66 0 0 0 0 0 0 2 1 0 0 0 0 0 0 0 0 0 0 0 0 0 0 0 
