 0 194 86 56 28 37 170 56 43 86 130 241 492 72 45 245 45 227 29 131 2 2 2 0 0 0 3 3 2 0 0 7 3 3 0 0 0 3 3 0 0 0 2 1 0 0 2 0 0 0 0 0 0 0 1 0 2 0 3 3 0 0 2 0 0 0 3 0 0 0 0 0 0 11 0 0 4 0 0 0 23 57 37 28 0 13 15 31 18 20 7 0 18 71 0 33 15 1 0 32 0 0 0 0 0 0 0 0 0 0 0 2 0 0 0 0 0 0 13 0 0 0 0 0 0 0 0 0 0 0 0 0 0 0 1 0 0 0 0 0 0 0 0 0 0 0 0 0 0 0 0 0 0 0 0 0 0 0 0 0 5 0 0 9 0 0 0 9 0 2 11 12 0 16 11 0 10 6 10 14 0 0 0 0 0 0 13 0 0 16 0 0 0 0 1 0 23 0 0 3 0 0 0 0 0 0 0 0 0 0 0 0 0 15 0 0 2 0 21 0 0 0 0 0 1 0 1 0 0 1 2 0 0 0 0 0 0 0 0 0 0 0 0 0 0 0 1 0 91 97 0 2 0 0 73 0 0 0 0 0 0 0 1 0 0 0 0 0 0 0 0 0 0 0 0 0 0 0 0 0 0 0 0 0 0 0 0 0 0 0 
 194 0 124 260 39 32 115 276 122 53 123 355 416 614 244 42 124 49 46 132 0 0 1 3 0 0 5 3 2 2 0 5 3 2 3 3 0 7 0 0 0 63 3 5 0 2 3 0 0 0 0 0 0 0 1 0 2 0 5 3 3 0 3 1 0 3 3 51 1 0 0 8 0 0 0 2 0 0 0 0 40 15 12 9 0 10 0 35 11 9 9 14 0 30 20 2 83 11 0 16 0 0 0 0 0 0 0 0 0 0 0 0 0 0 0 0 4 0 1 0 0 0 0 0 0 0 11 0 0 12 1 0 0 0 0 0 0 0 0 0 0 0 0 0 0 0 0 0 0 0 1 0 0 0 0 0 0 0 0 1 17 26 0 2 0 0 23 8 7 21 0 0 6 12 50 0 0 0 0 12 0 0 0 0 0 0 0 0 0 0 0 0 0 0 0 0 0 0 0 10 8 0 1 0 0 0 0 0 0 0 0 0 0 0 0 0 0 0 0 0 0 0 0 0 0 0 11 0 0 0 0 0 0 0 0 0 0 0 0 0 0 0 0 0 0 0 0 0 1 91 14 7 0 0 0 0 0 0 0 0 0 0 7 0 0 0 0 0 0 0 0 0 0 0 0 0 0 0 0 0 0 0 0 0 0 0 0 0 0 0 
 86 124 0 355 64 205 71 74 127 215 136 110 172 59 107 320 146 128 118 43 1 0 3 2 0 0 78 4 0 2 1 0 78 75 0 4 0 3 155 102 0 0 1 1 2 3 0 0 0 0 2 0 0 1 0 0 4 0 3 3 0 0 2 0 2 4 3 3 0 0 0 2 0 0 0 0 0 2 0 0 1 3 26 2 22 0 0 0 34 21 28 38 0 0 0 23 31 62 0 1 31 0 1 0 0 0 11 16 0 0 0 0 0 45 0 0 0 0 22 15 0 0 2 0 0 0 0 0 0 0 0 0 0 2 0 11 0 0 0 1 2 2 13 0 0 0 0 0 0 0 0 0 0 6 0 0 0 0 0 0 0 14 19 15 4 12 0 1 15 10 23 16 0 0 1 36 0 0 0 0 41 7 0 0 1 0 24 0 1 0 0 0 1 13 20 0 0 0 12 33 0 0 0 0 0 0 0 0 0 0 0 0 0 0 0 0 0 0 1 0 0 0 1 0 2 0 11 0 0 2 1 0 0 0 0 0 0 0 0 0 0 7 0 0 0 2 6 0 1 1 0 5 10 0 0 0 0 1 0 1 0 0 1 0 0 0 0 0 0 0 50 0 0 0 0 19 11 3 0 0 0 0 0 0 0 0 0 0 0 0 
 56 260 355 0 187 218 70 290 524 240 277 869 165 110 246 347 332 270 69 70 0 0 1 2 0 0 16 3 0 0 0 0 38 0 38 0 1 46 36 0 0 0 49 1 0 0 0 0 0 0 0 0 0 0 0 0 2 0 3 5 0 0 2 0 0 0 3 0 0 0 0 0 0 53 0 0 54 0 0 0 14 15 2 17 16 35 0 21 19 40 0 16 0 0 18 16 54 25 0 16 0 0 0 0 0 0 0 0 0 0 0 0 26 20 0 0 0 0 28 21 0 0 0 0 0 0 12 0 9 0 0 8 0 0 0 0 0 0 0 0 4 1 6 0 0 0 0 0 0 0 0 0 0 10 0 0 0 0 0 0 0 14 18 10 24 9 0 31 0 13 0 40 0 0 11 12 11 25 0 0 0 12 19 0 0 0 10 0 0 0 0 0 0 0 12 0 0 0 0 15 0 0 0 0 0 0 0 0 0 7 0 0 0 0 0 0 0 0 0 0 0 0 0 0 0 0 11 0 0 0 0 0 0 0 0 0 0 0 0 0 0 0 0 0 0 3 88 2 1 3 2 2 14 0 2 0 0 0 0 0 0 0 0 0 0 0 0 0 0 0 0 0 0 0 0 3 24 74 0 0 0 0 0 0 0 0 0 0 0 0 
 28 39 64 187 0 157 44 88 295 353 173 326 187 83 281 182 121 206 57 177 16 79 2 0 0 0 80 4 19 0 0 0 159 0 0 0 0 3 149 3 0 0 2 1 0 0 0 0 0 0 0 0 0 0 1 0 7 0 3 3 0 0 2 0 0 0 3 0 0 0 0 0 0 0 0 0 0 0 0 0 0 0 0 0 42 14 0 0 0 0 7 21 1 11 0 3 0 17 0 0 0 14 9 1 0 0 31 67 15 1 19 0 22 12 12 11 39 21 0 1 0 0 0 0 0 0 1 0 0 0 0 0 0 0 0 0 0 0 2 0 2 1 0 0 0 0 0 0 0 0 0 0 0 0 0 0 0 0 13 0 0 15 22 0 3 25 0 11 12 0 14 0 0 15 0 51 0 11 0 0 8 17 15 0 0 0 18 25 6 21 1 0 9 29 17 25 0 15 8 29 0 0 0 0 0 0 0 0 0 2 0 0 0 0 2 0 0 0 0 0 0 0 0 1 0 0 0 0 0 0 0 0 2 0 0 0 0 0 6 0 0 0 0 0 2 2 91 0 4 5 0 11 16 0 0 0 0 0 0 0 0 0 0 0 0 0 2 0 0 16 0 0 0 0 0 0 0 0 0 0 0 0 0 0 0 0 0 0 0 0 
 37 32 205 218 157 0 112 37 316 81 312 242 40 57 87 160 291 166 46 43 0 1 1 0 0 0 65 3 0 2 0 0 7 2 0 0 4 3 43 0 0 0 4 3 0 0 0 0 0 0 0 0 0 0 0 0 66 22 3 3 0 0 3 0 0 0 3 5 0 0 3 0 0 3 0 0 0 0 0 0 0 11 11 0 0 9 0 0 18 53 2 0 0 0 11 15 45 29 0 14 33 0 11 0 0 0 11 13 1 20 0 0 49 36 10 0 0 0 10 10 0 0 0 0 0 0 0 0 0 0 0 11 0 0 0 0 0 0 0 0 1 8 3 0 0 0 0 0 0 0 0 0 0 2 0 0 0 0 0 0 0 14 10 12 44 15 0 13 0 4 20 6 15 13 35 15 0 10 0 0 17 14 19 1 0 0 14 6 0 0 0 0 12 26 16 0 0 0 26 0 0 0 0 0 0 0 0 0 1 0 0 0 0 0 0 0 0 19 0 0 1 0 0 0 0 0 10 0 0 0 0 0 0 0 0 2 0 0 0 0 0 16 0 0 0 0 8 0 114 10 5 0 0 0 0 0 0 0 0 0 0 0 0 0 0 0 2 0 0 0 0 0 0 0 0 0 29 11 0 0 0 0 0 0 0 0 0 0 0 10 
 170 115 71 70 44 112 0 103 139 124 35 116 148 224 417 114 123 47 477 202 0 0 1 2 6 0 6 3 0 1 0 0 218 0 0 0 0 3 0 2 7 0 2 1 6 0 3 0 0 0 0 0 3 0 1 9 2 0 3 3 0 0 6 0 0 0 3 0 0 2 0 4 0 0 0 0 0 0 0 0 16 0 9 6 0 14 40 22 2 8 0 0 1 46 101 12 31 1 4 24 0 0 0 0 0 0 0 0 0 0 0 0 22 0 0 0 0 0 0 0 0 0 1 0 0 0 7 0 0 0 0 0 0 1 0 0 0 0 0 2 0 0 0 0 0 0 0 0 0 0 0 0 0 0 0 0 0 0 0 0 1 0 0 10 0 0 16 33 8 0 2 0 18 44 23 0 0 15 0 5 0 0 0 3 0 0 0 0 0 0 0 0 0 0 0 0 0 0 0 0 0 0 0 0 0 0 0 0 0 0 0 0 0 0 0 0 0 0 0 0 0 0 2 0 1 0 0 0 0 0 0 0 0 0 0 0 0 0 0 0 0 0 0 0 0 2 1 0 51 0 2 5 0 0 2 0 0 0 0 0 0 0 0 0 0 0 0 0 0 0 0 0 0 0 0 0 15 0 0 0 0 0 0 0 0 0 0 0 0 0 
 56 276 74 290 88 37 103 0 480 43 129 40 388 259 44 224 111 136 283 132 0 0 1 0 0 0 3 3 0 0 1 1 3 0 0 0 0 2 0 2 0 0 3 2 0 0 0 0 2 59 0 0 0 0 2 0 2 0 3 3 0 20 3 0 0 0 3 0 0 0 0 42 2 1 0 3 0 0 0 0 29 0 9 25 13 29 10 15 43 12 0 9 10 42 18 17 1 1 0 16 0 0 0 0 0 0 20 0 0 0 0 2 0 0 0 0 0 0 0 0 0 0 1 0 0 0 10 0 0 0 0 0 0 0 0 0 0 0 0 0 0 0 0 0 0 0 0 0 0 0 0 0 0 0 0 0 0 0 0 0 1 1 12 10 0 0 25 24 35 47 2 0 0 15 2 4 9 11 18 3 14 0 0 0 0 0 0 0 0 0 0 0 1 0 0 0 0 0 0 1 0 0 0 0 0 0 0 0 0 0 0 0 0 0 0 0 2 0 1 0 0 0 0 0 1 0 0 0 0 0 2 0 0 0 0 0 0 0 0 0 0 0 0 0 0 1 3 0 2 0 0 7 0 0 0 0 0 0 0 0 0 0 8 0 0 0 0 0 0 0 0 0 0 0 0 0 0 0 0 0 0 0 0 0 0 0 0 0 0 0 
 43 122 127 524 295 316 139 480 0 270 76 441 346 414 162 459 113 401 85 211 0 0 2 0 0 0 3 3 0 0 2 0 77 0 0 1 0 2 101 0 0 0 3 2 0 0 0 0 0 0 0 0 0 0 0 0 12 0 3 3 0 0 3 0 0 0 3 0 0 0 0 0 0 0 0 0 0 0 51 0 0 27 3 11 26 0 14 27 4 0 10 11 14 27 13 34 16 14 0 17 18 0 0 0 0 0 19 33 0 0 0 0 0 31 0 0 0 0 0 0 0 0 0 0 0 0 0 0 0 0 0 0 2 0 1 0 0 0 0 0 0 1 0 0 0 0 0 0 0 0 2 0 0 0 0 0 0 0 0 2 11 28 20 0 1 21 3 0 6 43 2 0 0 10 0 71 16 0 0 2 0 30 0 0 0 0 17 0 0 0 0 0 1 25 13 0 0 0 0 14 0 0 18 0 0 0 0 0 0 0 0 0 0 0 0 0 0 0 0 0 0 0 11 0 0 0 0 0 0 0 0 0 0 0 0 0 0 0 0 0 0 0 0 0 0 2 4 2 0 5 17 15 10 0 0 0 0 0 0 0 2 0 0 0 0 0 0 0 0 0 0 0 0 0 0 1 0 0 0 0 0 0 0 0 0 0 0 0 0 0 
 86 53 215 240 353 81 124 43 270 0 379 389 69 90 95 173 237 434 80 177 1 0 1 0 0 0 3 80 0 3 0 0 38 37 0 0 1 3 100 23 0 0 2 1 0 0 0 0 0 0 0 0 0 0 2 0 5 0 3 3 0 0 2 0 0 0 3 0 0 0 0 0 0 3 0 0 0 0 0 0 0 14 0 35 41 1 0 0 0 32 0 24 0 0 10 0 25 1 0 7 26 0 0 0 0 0 12 13 20 12 0 0 17 34 2 3 0 0 26 1 0 0 0 0 0 0 0 0 0 0 0 0 0 0 0 0 1 0 0 0 5 2 2 0 0 0 0 0 0 0 0 0 0 5 0 0 0 0 1 0 0 25 9 0 14 19 0 24 0 0 5 0 15 14 9 40 0 14 0 0 0 44 16 0 0 0 29 2 0 0 0 0 12 23 26 0 0 0 15 14 0 0 0 0 0 8 0 2 0 0 10 0 0 0 1 2 0 0 0 0 0 0 0 0 0 0 0 0 0 0 0 0 0 0 0 0 0 0 0 0 0 1 0 0 0 3 49 3 89 0 0 0 13 0 0 0 0 0 0 0 0 0 0 0 0 0 0 0 0 1 0 0 0 0 0 10 10 0 0 0 0 0 0 0 0 0 0 0 0 0 
 130 123 136 277 173 312 35 129 76 379 0 244 24 43 134 303 179 146 33 64 0 0 9 38 0 0 6 3 0 0 0 2 3 0 0 0 3 3 100 0 0 0 1 0 0 0 0 0 0 0 0 0 0 1 15 0 10 0 3 3 0 0 7 0 0 0 59 0 0 0 0 0 0 2 0 0 1 0 0 0 0 15 3 12 0 51 2 2 11 14 0 0 0 12 39 17 45 22 0 2 18 0 0 0 0 0 6 24 10 0 0 0 11 36 1 14 2 48 27 24 0 0 0 0 0 0 0 0 0 0 0 11 0 0 0 0 0 0 0 0 0 1 0 0 0 0 0 0 1 0 0 0 0 0 0 0 0 0 0 0 10 22 4 31 26 9 0 0 0 23 15 49 0 2 0 46 14 47 0 0 0 21 17 0 0 0 16 11 12 0 0 1 1 18 1 0 0 45 13 1 0 0 0 0 0 0 0 0 0 0 0 0 0 0 0 0 0 0 17 0 0 0 0 0 0 0 11 1 1 0 0 0 0 0 0 0 2 0 0 0 0 0 0 0 0 1 1 0 3 2 0 7 0 0 0 0 0 0 0 0 0 0 0 0 0 0 0 0 0 0 0 0 0 0 0 0 24 0 0 0 0 0 0 0 0 0 0 0 0 0 
 241 355 110 869 326 242 116 40 441 389 244 0 231 136 22 228 179 577 42 44 75 2 1 0 2 0 4 85 0 0 0 2 41 1 1 0 2 7 89 3 0 0 2 1 0 5 1 0 0 0 0 0 0 0 4 4 22 0 3 3 0 0 2 0 0 0 3 0 0 3 0 0 0 0 0 3 0 0 0 0 0 0 10 24 17 44 0 0 0 18 0 0 0 0 9 26 15 15 0 10 18 0 11 0 0 0 10 17 46 12 1 0 17 40 14 24 16 0 0 11 0 0 0 0 0 0 0 0 0 0 68 9 0 0 0 0 0 0 0 0 2 2 0 0 0 0 0 0 2 0 0 0 0 0 14 0 0 0 0 0 0 11 26 18 17 24 0 10 0 0 1 47 0 13 11 23 0 5 0 0 15 30 10 0 0 0 16 28 9 0 0 0 1 62 4 11 0 14 7 17 0 0 0 0 0 0 0 0 2 0 0 0 0 0 0 0 0 0 0 8 2 0 0 0 0 0 0 0 0 0 0 0 0 0 2 0 0 0 0 0 0 0 0 0 0 2 1 1 87 6 1 8 15 2 0 0 0 0 0 0 0 0 0 0 0 0 0 0 0 0 0 0 0 0 0 0 10 0 0 0 0 0 0 0 0 0 0 0 0 0 
 492 416 172 165 187 40 148 388 346 69 24 231 0 192 203 41 125 293 57 381 0 0 75 0 0 0 3 3 0 0 9 0 3 0 0 2 0 77 0 0 0 0 0 0 0 0 0 0 0 0 0 0 0 2 2 0 2 62 3 3 0 0 2 0 0 0 3 0 0 2 0 8 0 0 0 0 0 0 0 1 35 0 0 46 0 10 14 44 0 13 0 15 34 21 26 21 15 0 0 0 0 0 0 20 0 0 0 0 2 0 0 0 0 0 0 0 0 2 0 0 0 0 0 0 0 0 8 0 0 0 0 0 0 0 0 0 0 0 0 0 0 1 0 2 0 0 0 2 0 0 0 0 0 0 0 0 0 1 0 0 5 1 6 0 0 0 12 16 43 13 0 0 28 23 29 15 6 0 1 1 0 0 0 0 0 0 0 0 0 0 0 0 0 0 0 0 0 0 0 0 0 0 3 0 0 2 0 0 0 0 0 0 0 0 0 0 0 0 0 0 0 0 0 0 0 0 0 0 0 0 0 0 0 0 0 0 0 0 0 14 0 1 0 0 0 2 1 0 0 2 0 16 0 0 0 0 0 0 0 0 0 58 22 0 0 0 0 0 0 0 0 0 0 0 0 0 0 0 0 0 0 0 0 0 0 0 0 0 0 0 
 72 614 59 110 83 57 224 259 414 90 43 136 192 0 263 79 272 357 84 327 0 1 2 1 0 0 3 3 0 0 3 0 3 0 0 2 0 3 0 0 0 0 2 1 0 0 0 0 0 0 0 0 0 0 0 0 2 0 3 3 0 0 2 0 0 0 9 0 0 0 2 2 0 0 0 0 0 0 0 0 1 27 53 27 0 0 20 43 28 0 0 0 51 0 47 53 1 0 0 58 0 0 0 0 0 0 0 0 0 0 0 0 0 0 0 0 0 0 0 0 0 0 0 0 0 0 9 0 0 0 0 0 0 0 0 0 0 0 0 0 0 0 0 0 16 0 0 0 0 0 0 0 0 0 0 0 0 0 0 21 19 13 9 0 0 0 8 0 16 10 0 0 15 12 13 0 27 7 0 40 0 0 0 0 0 0 0 0 0 0 0 0 0 0 0 0 0 0 0 0 0 0 0 0 0 0 0 0 0 0 0 0 0 2 0 0 0 0 0 0 0 0 0 0 0 0 0 0 0 0 20 11 0 0 9 20 0 0 0 0 0 0 0 0 0 4 0 0 2 1 15 7 0 0 0 0 0 0 0 0 0 0 0 0 0 0 0 0 0 0 0 0 0 0 0 0 0 0 0 0 0 0 0 0 0 0 0 0 0 0 
 45 244 107 246 281 87 417 44 162 95 134 22 203 263 0 166 70 227 39 174 0 0 2 1 0 0 3 3 3 4 0 0 3 0 0 0 0 3 1 0 0 0 3 2 0 0 2 0 65 0 0 0 0 0 1 0 3 0 3 7 0 0 3 0 53 0 3 0 0 0 0 1 0 0 0 0 2 0 0 0 18 21 10 7 14 17 0 19 56 19 5 1 23 30 35 38 20 53 0 29 14 0 8 0 0 0 0 0 0 0 0 0 7 15 0 0 0 0 0 0 1 1 0 0 0 0 2 1 0 0 0 0 2 3 0 0 0 0 0 1 0 0 3 2 0 0 0 0 2 3 0 0 0 0 0 3 1 0 0 0 0 10 28 14 0 0 30 23 36 0 0 33 11 43 13 41 11 21 0 11 1 0 0 0 0 0 0 0 0 0 0 0 0 14 1 0 0 0 0 7 0 0 0 0 0 0 0 0 0 0 0 0 0 0 0 0 0 0 0 0 7 0 0 0 0 0 0 0 0 0 0 0 0 0 0 0 0 0 0 0 0 8 0 0 0 0 72 0 94 4 0 17 0 0 0 0 0 0 0 0 0 0 0 0 0 0 0 0 0 0 0 0 0 0 0 0 13 0 0 0 0 0 0 0 0 0 0 0 0 0 
 245 42 320 347 182 160 114 224 459 173 303 228 41 79 166 0 275 29 41 155 1 0 1 0 0 0 63 3 74 0 1 0 3 0 0 209 0 271 148 0 0 0 1 0 0 0 4 0 0 0 0 0 0 1 4 4 15 0 3 3 0 0 4 0 0 0 3 0 0 0 0 0 0 0 0 0 35 0 4 0 0 35 32 0 3 17 13 8 53 14 57 3 0 0 10 18 32 107 0 20 9 0 0 0 0 0 10 25 1 0 0 0 0 62 2 0 0 0 18 3 0 0 0 0 0 0 0 0 0 0 0 10 0 0 0 0 0 0 0 0 0 1 6 0 0 0 0 0 0 0 0 0 0 2 15 0 0 12 0 0 0 12 72 7 26 10 0 0 0 4 55 33 2 0 1 75 0 0 0 1 30 1 0 0 0 0 35 1 0 0 0 0 11 41 0 0 8 1 6 10 0 0 1 0 0 0 0 0 0 0 0 0 0 0 0 1 0 0 0 0 0 0 0 0 0 0 0 0 0 0 0 0 0 0 13 0 0 0 0 0 0 6 0 0 0 0 103 0 0 94 2 8 17 0 0 0 0 0 0 0 0 0 0 0 0 0 0 0 0 0 0 0 0 0 0 0 0 11 0 0 0 0 0 0 0 0 0 0 0 0 
 45 124 146 332 121 291 123 111 113 237 179 179 125 272 70 275 0 181 293 97 0 0 2 0 0 2 91 3 0 0 0 0 77 104 0 0 0 3 77 76 0 0 2 1 4 0 1 0 0 0 0 0 0 86 2 0 2 0 3 3 0 0 2 0 0 0 3 0 0 0 0 0 0 0 0 0 0 0 0 0 13 23 9 0 25 25 0 1 37 58 21 51 0 0 13 19 42 79 0 11 23 0 0 0 0 0 10 27 2 0 0 0 2 23 0 0 0 2 33 0 0 0 0 0 0 27 11 0 0 0 0 0 0 0 0 0 0 0 0 2 3 2 6 2 0 0 0 20 0 0 0 0 0 9 0 0 0 0 0 0 0 0 31 11 0 2 9 29 26 10 0 0 0 13 10 36 0 6 0 0 22 12 0 0 0 0 14 0 1 0 0 0 0 20 20 0 0 0 12 34 0 0 0 0 0 0 0 0 0 0 0 0 0 0 0 0 0 0 0 0 0 0 2 0 0 0 4 0 0 0 0 0 0 0 0 0 0 0 0 0 0 0 0 0 0 3 1 0 87 1 0 11 12 0 0 0 0 0 0 0 0 0 8 0 0 0 0 0 0 0 0 0 0 0 0 10 35 10 0 0 0 0 0 0 0 0 0 0 0 0 
 227 49 128 270 206 166 47 136 401 434 146 577 293 357 227 29 181 0 128 62 0 0 1 0 0 0 5 3 0 0 2 0 46 0 0 1 0 3 113 1 0 0 2 1 0 0 0 0 0 0 0 1 0 0 0 0 25 0 3 5 0 0 2 0 0 0 5 2 0 0 0 5 0 0 0 2 0 0 0 0 38 31 0 38 1 0 0 20 0 0 9 0 14 25 12 30 16 0 1 1 0 0 0 0 0 0 13 12 0 0 0 0 0 14 0 0 2 0 0 0 14 0 0 0 0 0 0 33 0 0 0 0 0 0 0 0 0 0 0 0 0 1 0 22 0 0 0 0 0 0 0 0 0 0 0 0 0 0 0 0 22 22 15 1 16 25 4 2 11 19 15 0 0 12 0 18 11 0 0 0 0 24 11 0 0 0 17 0 0 0 0 0 9 17 25 0 0 0 0 33 2 0 0 0 0 0 0 0 0 0 0 0 0 0 10 0 0 17 0 0 0 0 0 0 0 1 0 0 0 0 0 0 0 0 0 0 0 0 0 0 0 0 0 0 0 2 5 0 28 94 14 2 12 0 0 0 0 0 0 0 0 0 0 0 0 0 0 0 0 0 0 0 0 0 0 0 0 0 0 0 0 0 0 0 0 0 0 0 0 0 
 29 46 118 69 57 46 477 283 85 80 33 42 57 84 39 41 293 128 0 495 2 1 2 0 0 0 4 6 0 3 0 0 3 0 0 2 0 5 0 0 0 0 3 3 0 6 0 0 0 0 0 0 6 0 2 3 2 0 3 3 0 1 5 0 0 24 6 0 0 0 9 0 0 0 0 0 0 0 0 0 3 0 0 0 0 0 62 9 0 0 0 0 3 4 8 13 0 0 34 48 0 0 0 0 0 0 1 0 0 0 0 0 0 0 0 0 0 0 0 0 0 0 0 0 0 0 2 0 0 0 0 0 0 0 0 0 0 0 0 0 0 0 0 0 0 0 0 0 0 0 0 0 0 0 0 0 0 0 0 0 0 0 0 0 0 0 7 0 0 0 0 0 10 11 0 0 0 0 31 14 0 0 0 0 0 0 0 0 0 0 0 0 0 0 0 0 0 0 0 0 0 0 0 0 0 0 0 0 0 0 0 0 0 0 0 0 0 0 0 0 0 0 0 0 0 0 0 2 0 0 0 0 1 17 0 0 1 0 15 0 0 0 0 0 0 2 0 0 0 1 0 8 0 0 0 0 0 0 0 0 0 0 0 0 0 0 1 0 0 0 0 0 0 16 0 0 0 0 0 0 0 0 0 0 0 0 0 0 0 0 
 131 132 43 70 177 43 202 132 211 177 64 44 381 327 174 155 97 62 495 0 0 0 2 3 0 0 4 3 0 0 0 0 6 0 0 0 0 3 0 0 0 0 2 1 0 0 0 0 0 2 0 2 8 3 0 1 2 0 5 3 1 0 6 0 0 0 3 0 0 0 0 25 0 0 0 0 4 0 0 3 4 15 10 26 0 0 17 33 0 0 0 0 45 21 82 31 16 0 0 18 0 0 0 0 0 0 0 0 0 0 0 0 0 0 0 0 0 0 0 0 0 0 0 0 0 0 0 0 0 0 0 0 0 0 0 0 0 0 0 0 0 1 0 0 0 0 0 0 0 0 0 0 0 0 0 0 0 0 0 0 13 16 6 1 0 0 16 1 23 22 0 0 18 42 1 19 9 2 8 15 0 0 0 0 0 0 0 0 0 0 0 0 0 0 0 0 0 0 0 0 0 0 0 0 0 0 0 0 0 0 0 0 0 0 0 0 0 0 0 0 0 0 0 0 0 0 0 0 0 0 0 13 0 0 0 0 0 0 0 0 0 0 0 0 0 5 2 0 5 1 14 4 0 0 0 0 0 0 0 0 0 0 0 0 0 0 0 0 0 0 0 0 0 0 0 0 0 0 0 0 0 0 0 0 0 0 0 0 0 0 
 2 0 1 0 16 0 0 0 0 1 0 75 0 0 0 1 0 0 2 0 0 79 183 58 105 84 197 233 122 22 106 36 59 358 62 253 31 140 110 147 0 0 0 0 0 2 0 0 0 0 0 0 0 0 0 0 3 12 0 0 35 0 1 0 0 6 0 2 2 3 2 3 7 0 0 3 0 0 0 3 0 0 4 1 12 10 0 0 0 0 10 0 0 0 0 0 0 0 0 0 11 36 25 0 12 0 13 21 15 18 18 15 13 0 4 35 62 100 1 1 0 0 0 0 0 0 12 0 1 1 7 0 0 0 0 0 16 0 0 1 0 0 0 0 0 0 0 0 0 2 0 0 0 0 0 0 0 0 0 0 22 0 0 0 1 8 0 0 0 0 13 1 0 0 0 1 13 0 0 0 26 0 13 14 12 9 19 12 39 1 23 30 25 13 0 15 14 1 23 9 0 1 0 0 0 0 20 0 0 2 0 0 0 0 0 0 0 0 0 0 0 0 0 0 0 0 0 0 11 9 0 0 0 0 0 0 0 1 0 2 0 0 0 0 0 0 0 0 0 0 0 0 0 0 10 2 0 0 0 1 0 2 0 0 0 0 0 0 0 0 0 0 0 0 0 0 0 0 0 0 0 17 0 0 0 0 15 0 0 0 
 2 0 0 0 79 1 0 0 0 0 0 2 0 1 0 0 0 0 1 0 79 0 220 147 35 35 189 415 228 171 104 49 51 142 340 50 254 268 67 352 0 0 0 0 0 9 0 0 0 0 0 0 0 0 0 0 3 6 0 0 53 0 0 3 0 0 7 2 44 3 0 2 3 0 0 3 19 0 0 3 0 0 0 0 15 0 0 0 0 0 0 5 0 0 0 0 0 0 0 0 6 42 20 20 24 6 0 23 32 13 10 10 0 0 22 9 14 59 0 2 1 0 0 0 0 0 8 0 0 0 9 0 3 0 0 0 0 0 0 18 0 0 0 0 0 0 0 0 0 0 0 0 0 0 0 0 0 2 0 0 0 0 0 0 0 11 0 0 0 0 0 0 0 0 0 0 0 0 0 0 0 33 46 75 0 11 0 34 4 23 18 0 22 18 0 29 0 9 63 0 0 0 0 0 0 0 0 0 0 0 0 0 13 0 0 0 0 0 9 15 0 0 0 0 0 0 0 0 0 0 0 0 0 0 0 0 0 0 0 0 0 0 0 0 0 0 0 0 0 0 0 0 0 0 2 0 1 0 86 2 3 0 0 0 0 0 0 0 0 0 0 0 0 0 0 0 0 0 0 0 0 0 0 0 0 0 0 0 0 0 
 2 1 3 1 2 1 1 1 2 1 9 1 75 2 2 1 2 1 2 2 183 220 0 131 179 39 72 269 381 74 105 40 90 57 209 187 30 48 134 54 0 0 0 1 0 2 0 0 0 0 1 2 0 0 0 0 3 10 0 65 0 0 0 0 0 0 0 22 2 3 0 3 3 0 0 3 0 0 0 3 0 0 0 0 0 0 0 2 0 0 0 0 0 0 2 0 0 0 0 0 8 38 25 29 72 4 0 8 0 15 23 11 0 0 17 35 9 95 0 0 1 0 0 0 0 0 6 0 0 0 0 0 0 0 0 0 0 0 17 13 0 2 0 0 0 0 0 0 0 0 0 0 0 0 0 0 0 0 0 0 0 0 0 0 0 0 0 0 1 0 0 0 0 0 0 0 0 0 0 0 0 27 23 13 0 11 0 0 10 0 18 0 0 0 0 10 0 0 0 0 0 0 0 0 0 0 0 0 0 0 0 0 15 0 0 0 0 0 1 0 0 0 0 0 0 0 0 0 11 0 0 0 0 0 0 0 0 0 0 14 0 0 0 0 0 0 0 0 0 2 0 0 0 0 24 0 0 1 97 0 2 0 0 0 0 0 0 0 0 0 0 0 0 0 0 0 0 0 0 1 0 3 0 0 0 0 0 0 0 0 
 0 3 2 2 0 0 2 0 0 0 38 0 0 1 1 0 0 0 0 3 58 147 131 0 193 33 105 145 90 155 229 120 81 98 234 358 40 66 56 262 61 0 1 0 0 2 129 2 0 0 0 0 1 1 0 0 5 0 4 64 4 0 3 0 0 0 50 4 2 2 0 3 3 1 3 3 0 1 0 3 0 0 0 0 0 0 0 2 0 0 10 0 0 0 0 0 0 0 0 0 1 0 14 1 19 12 0 0 0 36 0 0 0 0 0 0 0 3 0 0 19 18 0 8 0 1 9 0 24 15 0 0 9 20 0 34 5 13 11 10 0 2 0 0 0 0 0 0 0 17 0 0 0 0 0 0 0 0 0 0 0 0 0 0 0 0 1 0 0 0 0 1 0 0 0 0 0 0 0 0 0 9 10 0 7 0 0 0 0 8 0 6 0 0 0 17 0 14 0 0 8 26 30 0 0 0 13 31 0 0 0 0 67 0 0 9 33 0 0 0 0 0 0 0 0 0 0 0 0 0 0 0 0 0 0 0 0 0 0 0 0 0 0 0 0 0 0 0 0 0 0 0 0 0 4 0 1 81 0 2 4 10 0 0 0 0 23 0 0 0 0 0 0 0 0 0 0 0 0 0 0 0 0 0 0 0 0 0 0 0 
 0 0 0 0 0 0 6 0 0 0 0 2 0 0 0 0 0 0 0 0 105 35 179 193 0 146 52 70 166 130 139 64 304 80 99 153 540 121 76 74 60 0 0 0 0 2 22 66 0 0 0 0 0 68 0 0 3 2 29 1 1 0 0 0 42 0 0 2 55 3 0 2 3 0 0 3 0 0 0 3 0 0 0 0 0 0 0 1 0 0 0 0 0 0 0 0 0 0 0 0 0 15 15 9 21 11 0 4 13 21 11 14 0 0 44 7 10 20 0 0 20 12 7 8 0 0 33 0 9 12 0 0 36 13 0 26 29 25 28 9 0 2 0 0 0 0 0 0 0 0 0 0 0 0 0 0 0 0 0 0 0 0 0 0 0 6 0 0 0 0 0 0 0 0 63 0 0 4 0 0 0 10 51 22 39 0 0 0 4 0 9 0 13 0 0 2 0 1 0 0 25 0 12 9 0 0 0 9 0 62 12 0 24 11 11 42 15 0 11 33 0 0 0 0 0 0 0 0 0 0 0 0 0 0 0 0 0 0 0 0 0 0 0 0 0 0 0 0 0 0 0 0 0 0 5 0 0 77 1 2 2 2 0 0 0 0 16 0 0 0 0 0 0 0 0 0 0 0 0 1 0 10 0 0 8 0 0 0 0 0 
 0 0 0 0 0 0 0 0 0 0 0 0 0 0 0 0 2 0 0 0 84 35 39 33 146 0 35 319 333 115 221 176 44 52 55 232 77 69 27 46 62 0 0 0 0 11 1 0 0 0 0 0 0 0 0 0 3 0 67 68 0 0 3 0 0 5 0 2 2 3 3 3 8 0 0 3 0 0 0 3 0 0 0 0 0 0 0 0 0 0 0 0 0 0 0 0 0 0 0 0 1 0 0 24 36 11 0 0 0 13 0 33 0 0 0 34 6 0 0 0 21 0 2 0 0 11 11 10 9 0 0 0 60 13 2 0 25 13 4 23 0 0 0 0 0 0 0 0 0 0 0 0 0 0 0 0 0 0 0 0 0 0 0 0 0 0 0 0 0 0 0 3 0 0 0 0 0 0 0 0 9 0 0 13 37 21 0 0 16 10 0 5 0 14 0 12 30 0 0 0 2 2 0 19 0 0 1 0 1 0 0 0 12 14 10 24 2 0 20 38 0 0 0 0 0 0 0 0 0 0 0 0 0 0 0 0 0 0 0 0 0 0 0 0 0 0 0 0 0 0 0 0 0 0 2 0 0 42 149 6 17 0 0 0 0 0 0 0 0 0 0 0 0 0 0 0 0 0 0 3 0 0 0 0 19 0 6 0 0 0 
 3 5 78 16 80 65 6 3 3 3 6 4 3 3 3 63 91 5 4 4 197 189 72 105 52 35 0 429 412 201 121 97 191 359 206 347 171 22 138 172 3 0 0 1 0 2 3 3 0 0 0 0 0 0 0 0 5 0 0 4 0 0 0 0 3 0 51 3 2 2 0 3 3 0 0 5 0 0 0 4 0 30 1 2 15 14 0 0 12 17 11 0 0 0 0 0 69 8 0 0 24 16 46 1 0 13 25 8 5 11 0 21 0 46 10 22 0 6 20 22 0 0 0 0 0 0 0 0 0 0 0 18 0 0 0 1 0 0 0 0 0 1 0 0 0 0 0 0 0 0 0 0 0 0 1 0 0 0 0 0 0 0 0 1 27 0 0 0 0 16 12 19 0 0 0 0 0 1 0 0 39 0 0 19 6 0 5 22 8 5 20 29 57 2 13 5 43 15 38 0 0 0 0 0 0 0 0 0 0 0 0 0 3 0 0 0 0 0 0 0 2 0 0 0 4 0 0 0 0 0 0 0 0 0 0 0 0 0 0 0 0 0 12 0 0 0 0 0 0 0 0 2 0 0 9 1 0 0 0 0 3 0 0 0 0 0 0 0 0 0 0 0 0 0 0 0 0 39 0 0 0 0 0 0 0 11 0 0 0 0 
 3 3 4 3 4 3 3 3 3 80 3 85 3 3 3 3 3 3 6 3 233 415 269 145 70 319 429 0 135 58 211 112 115 710 212 125 126 68 54 352 0 0 62 0 0 2 0 0 0 0 0 1 1 0 0 0 3 0 0 0 0 0 25 0 0 2 0 2 2 2 0 4 5 0 0 3 54 0 0 3 1 0 0 10 1 9 0 0 0 0 0 14 0 0 0 0 0 0 0 0 31 16 25 11 59 14 0 27 27 0 13 8 14 0 0 7 63 20 11 14 0 0 0 19 0 0 20 0 0 0 0 0 0 0 0 0 0 0 15 10 1 2 0 0 0 0 0 0 0 0 0 0 0 0 0 0 0 0 0 0 0 0 0 0 0 0 0 0 0 0 0 0 0 0 0 0 0 0 0 0 1 10 10 0 11 0 0 0 14 3 11 11 0 1 0 1 19 0 0 0 0 0 0 0 0 0 11 0 0 0 0 0 21 0 0 0 0 0 0 0 0 0 0 0 0 0 0 0 0 0 0 9 1 0 0 0 0 0 0 0 0 0 10 0 0 0 0 0 0 0 0 0 0 0 8 0 0 0 0 2 4 0 0 0 0 0 0 0 0 0 0 0 0 0 0 0 1 0 0 0 0 0 0 0 0 0 7 0 0 0 
 2 2 0 0 19 0 0 0 0 0 0 0 0 0 3 74 0 0 0 0 122 228 381 90 166 333 412 135 0 99 27 254 307 354 185 136 217 314 56 167 0 2 0 0 0 2 0 0 5 0 67 0 0 0 0 0 3 1 0 6 0 3 6 0 0 0 0 8 2 3 1 3 3 0 0 3 0 0 33 3 0 0 0 0 8 0 0 0 0 0 0 6 0 0 0 0 0 0 0 0 0 113 0 18 14 15 15 30 32 12 24 28 0 0 20 1 18 74 10 12 0 0 0 0 0 0 0 0 0 0 0 0 8 0 0 0 0 0 15 0 0 2 0 0 0 0 0 0 0 0 0 0 0 0 16 12 0 0 0 0 0 0 0 0 0 0 0 0 0 0 0 4 0 0 0 0 0 0 0 0 0 47 20 10 0 16 0 25 6 27 49 11 40 29 0 46 27 8 14 0 0 0 0 0 0 0 0 0 0 0 0 0 0 0 0 0 0 0 12 0 0 0 0 0 0 0 0 0 0 0 0 0 0 0 6 0 0 0 0 0 0 0 10 0 0 0 0 0 0 0 0 0 0 0 3 2 1 0 39 0 13 0 0 0 0 62 0 0 0 0 0 0 0 0 0 0 0 0 0 0 0 12 0 0 0 0 0 0 0 0 
 0 2 2 0 0 2 1 0 0 3 0 0 0 0 4 0 0 0 3 0 22 171 74 155 130 115 201 58 99 0 87 535 61 101 195 504 89 371 58 119 0 0 0 1 2 6 2 0 0 0 0 0 0 0 0 0 3 8 0 0 0 0 0 0 0 0 0 5 2 3 0 3 3 0 0 3 0 0 0 3 0 0 0 0 0 0 0 0 12 0 0 0 0 0 0 0 0 0 0 0 5 11 40 19 13 10 10 12 10 38 0 22 0 14 32 29 13 11 0 4 17 0 0 0 0 0 0 0 2 2 0 0 0 0 0 0 0 0 0 23 0 2 0 0 0 0 0 0 0 1 0 0 2 2 0 2 0 0 0 0 1 0 0 0 0 5 0 0 0 0 0 0 0 0 6 0 0 6 0 4 1 12 52 58 0 0 0 19 0 29 24 23 27 0 19 34 37 12 16 0 0 0 0 0 0 0 0 0 0 1 0 0 28 0 0 0 0 0 17 13 0 0 2 0 0 0 2 0 33 0 0 0 0 0 0 0 0 2 0 1 0 0 0 0 0 0 0 0 0 0 0 0 0 0 5 0 2 1 2 0 0 14 0 0 0 0 0 0 0 0 0 0 0 0 0 0 0 0 0 0 0 3 0 0 0 18 0 0 0 0 
 0 0 1 0 0 0 0 1 2 0 0 0 9 3 0 1 0 2 0 0 106 104 105 229 139 221 121 211 27 87 0 195 28 270 129 166 235 143 33 58 30 0 0 0 0 5 1 0 4 0 0 0 0 0 0 0 3 3 0 69 2 0 0 0 0 0 0 2 2 50 0 3 3 0 0 3 0 0 0 3 0 0 0 0 12 0 0 0 0 0 0 0 0 0 0 0 0 0 0 0 5 18 12 10 16 34 2 0 13 82 12 36 0 11 12 0 9 8 0 0 18 12 1 0 0 0 1 0 2 0 0 0 21 43 0 1 17 19 71 20 0 2 0 0 0 0 0 0 0 0 0 0 0 0 0 0 0 0 0 0 0 0 0 6 0 0 0 0 0 0 0 14 0 2 0 0 0 0 0 0 0 13 10 18 17 1 1 0 16 20 9 16 1 0 1 26 13 9 0 0 34 37 23 1 0 0 0 24 0 0 1 3 40 0 4 15 12 0 0 37 0 0 0 0 0 0 0 0 0 0 0 0 0 0 0 0 0 0 0 0 0 0 0 0 0 0 0 0 0 0 0 0 0 1 4 0 9 115 2 0 34 15 0 0 0 0 0 0 0 0 0 0 0 0 0 0 0 0 0 0 0 12 0 0 0 21 0 0 0 0 
 7 5 0 0 0 0 0 1 0 0 2 2 0 0 0 0 0 0 0 0 36 49 40 120 64 176 97 112 254 535 195 0 47 115 42 256 141 367 30 64 1 0 1 0 0 7 44 0 0 0 0 0 4 80 0 0 66 209 1 78 1 0 5 0 0 1 0 2 2 2 0 49 7 0 0 3 0 0 0 3 0 0 0 0 0 0 0 0 0 0 0 0 0 0 0 0 0 0 0 0 13 0 14 41 2 43 10 0 0 12 22 38 0 1 0 19 0 0 12 2 12 0 0 0 1 0 29 29 24 0 0 0 1 11 9 0 11 29 15 32 0 2 0 0 0 0 0 0 0 0 0 0 1 1 0 0 0 0 0 0 0 1 0 0 13 0 0 0 0 0 0 0 0 0 1 1 0 0 0 0 2 1 2 25 97 10 0 0 0 6 15 29 0 0 22 0 19 0 0 0 10 20 14 1 0 0 25 7 1 16 11 0 13 0 12 13 17 0 21 83 0 0 1 1 0 0 0 0 0 0 0 0 0 0 0 0 0 0 0 0 0 0 0 0 0 0 0 0 0 0 0 0 0 0 6 2 0 74 80 2 4 12 0 0 0 0 0 0 0 0 0 0 0 0 0 0 0 0 0 0 0 0 0 0 1 19 0 0 0 0 
 3 3 78 38 159 7 218 3 77 38 3 41 3 3 3 3 77 46 3 6 59 51 90 81 304 44 191 115 307 61 28 47 0 328 332 137 114 256 224 424 0 2 2 2 0 2 0 0 0 0 0 0 0 0 0 0 3 0 2 3 0 0 2 0 0 0 0 2 2 3 24 3 3 0 0 3 1 0 0 55 0 0 1 0 14 0 0 0 0 0 0 2 0 0 0 0 0 0 0 0 0 20 2 12 0 0 21 73 12 0 34 0 0 26 5 12 9 16 0 8 0 0 0 0 0 0 0 0 0 0 0 0 0 0 0 0 0 0 0 0 0 0 0 0 0 0 0 0 1 0 0 0 0 0 0 4 0 0 0 0 0 0 9 1 31 19 0 0 0 0 19 0 0 0 1 0 0 3 0 0 16 13 20 1 0 0 6 21 10 36 25 13 23 29 16 10 13 15 23 20 0 0 0 14 0 0 0 0 0 0 0 0 0 0 0 0 0 0 8 0 0 0 0 0 0 0 0 0 0 0 0 0 0 0 0 6 0 0 0 0 0 0 0 0 0 0 0 0 0 0 0 0 13 0 19 0 0 0 0 1 2 0 0 0 0 0 0 0 0 0 0 0 0 0 0 0 1 0 0 0 0 10 0 0 0 0 0 0 0 12 
 3 2 75 0 0 2 0 0 0 37 0 1 0 0 0 0 104 0 0 0 358 142 57 98 80 52 359 710 354 101 270 115 328 0 425 239 166 102 97 166 0 0 0 0 0 3 0 0 0 0 0 0 1 0 6 0 3 0 0 0 0 0 7 0 0 0 3 2 2 2 0 3 3 0 0 3 0 0 0 3 0 0 0 20 0 0 0 0 0 10 0 10 0 0 0 0 0 0 0 0 82 20 38 22 12 0 5 15 45 10 0 79 1 11 1 17 23 23 21 7 1 1 0 1 0 0 0 0 0 0 0 0 0 0 0 0 0 0 7 0 0 2 0 0 0 0 0 0 1 0 0 0 0 0 0 0 0 0 0 21 0 0 0 0 0 0 0 0 0 0 0 0 0 0 0 2 0 0 0 0 7 0 10 0 0 7 0 14 0 9 23 46 19 29 34 10 61 0 0 0 0 0 0 0 0 0 0 0 0 0 0 1 1 0 0 1 0 2 1 0 0 0 0 0 0 0 0 0 0 0 0 0 0 0 0 0 0 0 0 0 0 0 12 0 0 0 0 0 0 0 0 0 0 0 10 0 0 0 0 0 0 2 0 0 0 0 0 0 0 0 0 0 0 0 0 0 2 0 0 0 0 1 0 2 0 19 0 0 0 11 
 0 3 0 38 0 0 0 0 0 0 0 1 0 0 0 0 0 0 0 0 62 340 209 234 99 55 206 212 185 195 129 42 332 425 0 411 239 57 270 206 0 21 0 0 0 2 0 0 0 0 0 0 1 0 0 0 3 0 0 0 0 0 0 0 0 0 0 2 2 3 0 3 4 0 0 3 0 0 9 3 0 0 0 0 0 0 0 0 0 0 0 0 0 0 0 0 0 0 0 0 60 13 11 30 33 13 0 33 21 2 8 24 0 0 0 0 20 19 10 27 0 0 0 0 0 0 7 0 0 0 0 13 0 0 0 0 0 0 0 21 0 0 0 0 0 0 0 0 0 0 0 0 0 0 0 0 0 0 0 0 0 0 0 0 10 0 0 0 0 0 0 0 0 0 0 0 0 0 0 0 18 20 1 14 0 17 0 16 10 34 33 1 13 12 1 31 28 0 13 1 0 0 0 0 0 0 0 0 0 0 0 0 33 0 0 0 0 0 0 0 0 0 0 0 0 0 0 0 0 0 0 0 0 0 0 0 0 0 0 0 0 0 12 0 0 2 0 0 0 0 0 0 0 0 15 0 0 0 76 0 4 0 0 0 0 0 0 0 0 0 0 0 0 0 0 0 0 0 0 0 0 1 0 0 0 1 0 0 0 0 
 0 3 4 0 0 0 0 0 1 0 0 0 2 2 0 209 0 1 2 0 253 50 187 358 153 232 347 125 136 504 166 256 137 239 411 0 76 133 94 458 0 0 0 7 0 2 0 0 0 0 0 0 0 0 0 0 3 6 0 192 0 0 0 0 0 5 0 2 2 3 0 3 10 0 0 3 0 0 0 3 0 0 0 1 0 0 0 0 0 0 0 0 0 0 0 0 0 0 0 0 20 14 8 0 40 0 36 10 3 11 13 24 0 12 12 16 16 35 0 7 2 0 0 0 0 0 7 0 0 0 0 0 0 0 0 2 0 2 13 2 0 2 0 0 0 0 0 0 0 0 0 0 0 0 2 5 0 0 0 0 0 0 0 0 0 1 0 0 0 0 0 0 0 1 2 0 2 24 0 0 5 22 19 1 0 7 9 0 64 1 21 33 53 25 0 11 17 7 0 2 0 0 0 0 0 0 0 0 0 0 0 0 1 0 0 0 0 0 14 0 0 0 0 0 0 0 0 0 0 0 0 0 0 0 0 0 0 0 0 0 0 0 0 0 0 0 0 0 0 0 0 0 0 2 14 3 1 73 0 1 2 0 0 0 0 0 0 0 0 0 0 0 0 0 0 0 0 0 0 12 0 14 0 0 0 0 11 0 0 0 
 0 0 0 1 0 4 0 0 0 1 3 2 0 0 0 0 0 0 0 0 31 254 30 40 540 77 171 126 217 89 235 141 114 166 239 76 0 369 37 116 62 0 0 0 0 4 0 0 0 0 0 0 0 0 0 0 3 0 0 0 0 0 0 0 0 0 0 6 2 3 0 52 3 0 0 3 0 0 0 3 0 0 0 0 0 0 0 0 0 0 0 0 0 0 0 0 0 0 0 0 11 29 10 29 31 10 23 0 27 42 21 22 1 11 28 13 11 22 0 3 0 0 0 8 0 0 0 0 0 0 0 0 8 10 0 0 0 0 10 0 0 2 0 0 0 0 0 0 11 0 0 0 0 0 0 2 0 0 0 0 0 0 0 0 0 0 0 0 0 0 0 3 0 0 0 0 0 0 0 0 0 13 11 7 0 0 0 11 22 20 31 29 11 12 7 31 21 0 14 0 4 1 0 0 0 0 0 0 0 0 0 0 12 0 0 0 0 0 11 0 0 0 0 0 0 0 0 0 0 2 0 0 0 0 0 0 0 0 0 0 0 0 0 0 0 0 0 0 0 0 0 0 0 0 8 0 1 0 76 1 12 2 0 0 0 0 0 0 0 0 0 0 0 0 0 0 0 0 0 0 0 0 0 0 0 12 0 0 0 0 
 3 7 3 46 3 3 3 2 2 3 3 7 77 3 3 271 3 3 5 3 140 268 48 66 121 69 22 68 314 371 143 367 256 102 57 133 369 0 110 321 0 0 65 0 0 13 0 0 0 0 0 0 0 0 0 0 3 40 0 31 0 2 5 0 0 0 0 2 2 2 6 3 3 0 0 3 0 0 1 3 0 0 0 13 0 0 0 0 0 0 0 1 0 0 0 2 0 0 0 0 11 75 16 41 0 0 30 12 0 1 16 0 0 13 16 53 13 27 0 12 0 1 0 0 0 0 0 0 0 0 0 0 0 0 0 0 0 0 0 10 0 4 0 0 0 0 0 0 0 0 0 0 0 0 0 16 0 9 0 0 0 0 0 0 0 7 0 0 0 0 0 0 0 0 6 0 0 5 0 0 0 22 11 12 0 0 3 0 8 0 49 0 28 14 37 19 20 30 0 0 0 0 1 1 0 0 13 47 0 0 0 0 0 0 0 0 0 0 26 26 0 0 0 0 1 0 0 0 0 0 0 0 0 0 0 0 0 0 0 0 0 0 0 0 0 2 0 0 2 0 0 0 0 0 5 0 1 73 2 3 8 12 0 0 0 2 0 0 0 0 0 0 0 0 0 0 0 0 0 0 0 8 0 0 0 1 0 0 0 0 
 3 0 155 36 149 43 0 0 101 100 100 89 0 0 1 148 77 113 0 0 110 67 134 56 76 27 138 54 56 58 33 30 224 97 270 94 37 110 0 83 0 0 0 0 0 66 0 0 0 0 0 0 0 0 0 0 8 0 0 0 0 0 0 0 0 0 0 2 2 53 0 3 3 0 0 5 0 0 0 3 0 0 0 0 0 37 0 0 0 0 5 0 0 0 0 0 14 0 0 0 21 0 0 19 0 0 21 22 7 0 1 0 1 55 39 18 0 0 9 24 0 1 0 1 0 0 0 0 0 0 1 0 0 0 0 0 0 0 0 0 0 2 0 19 0 0 0 0 14 0 0 60 0 0 0 0 0 0 0 2 0 15 11 21 25 30 0 0 0 0 43 27 0 0 38 29 13 5 0 0 3 34 53 12 1 0 35 10 26 0 0 0 15 15 7 1 0 29 0 21 0 0 0 0 0 0 0 0 0 0 0 1 0 0 0 1 0 2 1 0 0 0 0 0 0 0 0 0 5 0 0 0 0 0 0 0 0 0 0 30 0 1 0 0 0 0 0 0 0 0 0 0 13 0 13 0 0 0 0 0 4 0 0 0 0 0 0 0 0 0 0 0 0 0 0 0 0 0 0 0 0 0 0 2 0 0 0 0 0 0 
 0 0 102 0 3 0 2 2 0 23 0 3 0 0 0 0 76 1 0 0 147 352 54 262 74 46 172 352 167 119 58 64 424 166 206 458 116 321 83 0 0 4 0 0 0 2 0 6 0 0 0 0 0 0 2 0 5 0 0 0 0 2 0 0 0 0 0 2 2 9 0 3 4 0 0 3 0 0 0 3 0 0 0 24 1 0 0 0 0 17 0 17 0 0 0 0 0 0 0 0 22 16 0 0 0 0 19 1 57 7 29 14 0 0 16 0 0 7 11 0 0 0 0 0 29 0 0 0 0 0 19 0 0 0 0 0 0 0 0 0 0 0 2 0 0 0 0 0 0 0 0 0 0 0 0 5 0 0 0 0 0 2 12 0 11 38 0 0 0 0 15 0 0 0 0 0 19 0 0 0 19 19 13 14 0 8 1 17 13 22 5 14 41 39 58 13 12 12 23 26 0 0 0 0 0 0 0 0 0 0 0 0 0 0 0 0 2 0 11 0 0 7 0 0 0 0 0 0 0 0 0 2 0 0 0 1 0 0 2 0 0 0 0 0 0 0 0 0 0 0 0 0 0 0 4 0 4 0 0 3 3 0 0 0 0 0 0 0 0 0 0 0 0 0 0 0 0 0 0 0 0 14 0 0 0 0 0 0 0 0 
 0 0 0 0 0 0 7 0 0 0 0 0 0 0 0 0 0 0 0 0 0 0 0 61 60 62 3 0 0 0 30 1 0 0 0 0 62 0 0 0 0 237 131 111 91 71 519 195 62 195 21 324 266 162 30 195 116 107 49 117 0 0 0 0 0 0 0 0 0 0 0 0 0 0 0 0 0 0 0 3 0 1 9 0 0 0 5 0 0 0 0 0 6 4 0 10 0 0 19 0 0 0 0 1 8 25 0 0 0 17 0 0 0 0 0 0 0 0 0 0 1 26 16 6 0 0 0 1 19 9 14 0 16 5 13 18 0 9 31 0 0 1 0 0 0 6 20 0 0 0 0 0 19 0 0 0 0 0 0 0 0 0 0 0 0 0 4 0 0 0 0 3 0 0 14 0 1 0 0 8 0 0 0 0 9 0 0 0 0 16 0 1 0 0 0 13 12 0 0 0 17 35 21 17 6 29 0 0 0 27 7 0 23 0 10 9 0 19 0 0 0 0 0 0 6 0 10 0 0 0 0 0 0 0 0 0 0 0 21 7 0 0 0 0 0 0 0 0 0 0 0 6 0 2 0 0 0 0 0 0 8 0 2 0 2 0 10 1 0 0 0 0 0 0 0 0 0 0 0 0 0 0 0 0 0 0 0 0 0 0 
 0 63 0 0 0 0 0 0 0 0 0 0 0 0 0 0 0 0 0 0 0 0 0 0 0 0 0 0 2 0 0 0 2 0 21 0 0 0 0 4 237 0 107 125 309 221 163 154 137 314 214 412 169 156 132 323 45 168 104 61 0 0 206 0 0 0 0 0 0 0 0 0 56 0 0 0 0 5 0 12 0 0 0 0 0 0 0 0 0 1 0 0 0 0 0 0 0 0 10 0 0 0 0 0 9 23 0 0 0 0 0 0 0 0 0 0 0 0 0 0 8 1 34 20 0 12 6 0 26 8 0 0 0 0 33 11 0 7 9 0 0 1 0 0 0 3 4 0 0 0 0 0 12 0 0 0 0 0 0 13 1 2 0 0 0 0 0 0 0 4 0 0 0 0 0 4 0 0 0 0 0 0 0 0 0 0 0 0 0 0 0 0 0 0 0 0 0 0 0 0 9 66 21 26 0 14 9 0 9 30 41 0 0 43 29 10 0 17 0 0 0 0 0 0 0 0 9 0 0 0 0 0 15 0 0 1 0 0 18 7 0 0 0 0 0 0 0 0 0 0 0 12 0 2 0 0 0 0 0 0 0 0 6 20 0 17 2 80 0 0 1 0 0 0 0 0 0 0 0 0 0 0 0 0 0 0 0 0 0 0 
 2 3 1 49 2 4 2 3 3 2 1 2 0 2 3 1 2 2 3 2 0 0 0 1 0 0 0 62 0 0 0 1 2 0 0 0 0 65 0 0 131 107 0 379 129 21 297 266 218 201 121 112 417 100 58 179 197 389 44 162 5 5 0 0 0 0 51 0 3 6 0 1 8 2 2 3 0 0 21 0 0 0 0 0 0 0 0 0 0 0 0 0 0 0 0 0 0 0 0 0 0 0 0 0 0 0 0 0 0 0 0 0 0 0 0 0 0 0 0 0 0 41 15 19 13 19 6 12 1 10 35 15 9 9 21 18 0 7 0 18 0 19 0 0 1 2 16 0 16 0 0 0 0 5 0 0 0 0 24 10 1 12 0 0 0 0 0 0 0 5 0 0 0 0 0 8 0 0 0 0 0 0 0 0 0 0 0 0 0 0 0 0 0 0 0 0 0 0 0 0 0 2 0 30 15 52 1 8 6 14 0 22 0 7 7 1 0 12 0 14 13 0 0 0 0 0 0 0 0 0 0 0 11 3 10 1 6 0 16 26 0 0 0 0 0 0 0 0 0 0 0 7 0 2 0 0 1 0 0 2 0 0 4 5 7 0 2 0 2 0 0 0 0 0 0 0 0 0 0 0 0 0 0 0 2 10 0 11 0 0 
 1 5 1 1 1 3 1 2 2 1 0 1 0 1 2 0 1 1 3 1 0 0 1 0 0 0 1 0 0 1 0 0 2 0 0 7 0 0 0 0 111 125 379 0 84 233 104 92 249 159 125 197 70 86 84 112 59 117 80 61 0 0 5 0 0 2 3 3 0 55 0 0 52 0 0 18 0 0 0 2 0 0 0 0 0 0 0 0 0 0 0 0 0 0 0 0 0 0 0 0 0 0 0 0 0 0 52 0 0 0 0 0 0 0 0 0 0 0 0 0 0 1 5 19 0 12 6 0 3 0 0 0 0 0 32 12 0 0 0 0 0 0 0 0 0 0 0 0 0 0 0 0 22 10 1 12 0 0 0 13 1 2 0 0 0 0 0 0 14 4 0 0 0 0 0 16 0 0 0 0 0 0 0 0 0 0 0 0 0 0 0 0 0 0 0 0 0 0 0 0 0 11 10 35 13 22 0 0 0 0 0 1 0 0 23 10 0 1 0 0 37 10 0 0 0 0 21 12 0 0 0 0 11 7 10 10 13 0 0 0 0 3 0 0 0 0 0 0 2 0 0 8 0 0 0 0 0 0 0 1 2 1 13 20 0 15 2 0 2 0 6 0 0 0 2 2 0 0 0 0 0 0 0 0 10 0 0 10 0 0 
 0 0 2 0 0 0 6 0 0 0 0 0 0 0 0 0 4 0 0 0 0 0 0 0 0 0 0 0 0 2 0 0 0 0 0 0 0 0 0 0 91 309 129 84 0 52 59 49 184 82 360 47 67 148 170 307 57 38 73 68 2 51 0 0 0 0 0 1 0 0 0 0 103 0 0 0 0 9 55 0 0 0 0 0 0 0 0 0 0 0 0 0 0 0 0 0 0 0 0 0 0 0 0 0 0 0 0 0 0 0 0 0 0 0 0 0 0 0 0 0 0 1 0 2 58 5 7 0 0 25 23 1 0 0 0 9 7 0 0 0 4 2 11 0 0 39 39 20 17 10 0 0 0 14 1 17 0 0 25 14 5 0 0 1 0 0 0 0 0 0 0 0 0 0 0 0 6 0 0 0 0 0 0 0 0 0 0 0 0 0 0 0 0 0 0 11 0 0 0 0 0 0 11 19 9 38 0 1 1 32 15 19 0 0 0 0 0 15 0 0 7 0 9 10 0 0 9 14 0 0 0 0 19 0 25 2 15 0 34 1 0 0 15 0 0 0 0 0 0 0 0 4 0 0 0 0 0 0 0 9 0 18 101 0 0 7 3 0 0 0 1 0 0 0 0 0 0 0 0 0 0 0 0 0 0 19 0 0 1 0 
 0 2 3 0 0 0 0 0 0 0 0 5 0 0 0 0 0 0 6 0 2 9 2 2 2 11 2 2 2 6 5 7 2 3 2 2 4 13 66 2 71 221 21 233 52 0 101 56 60 53 205 167 37 110 152 110 318 64 60 45 0 46 0 0 0 1 1 1 0 4 0 0 73 0 56 0 53 2 50 2 0 0 13 0 0 0 0 0 0 0 0 0 0 0 0 0 0 0 0 0 0 0 0 6 0 0 0 0 0 0 0 0 10 0 0 0 0 0 0 0 0 0 12 2 1 0 0 0 18 1 0 1 0 0 6 0 0 1 0 8 0 5 0 0 0 0 0 0 0 9 0 12 36 11 1 20 0 50 0 0 0 0 0 1 0 0 0 0 6 0 6 0 0 0 0 0 0 0 0 0 0 0 0 16 23 1 0 0 8 0 0 0 14 0 0 0 0 6 0 0 2 6 26 20 8 28 3 0 1 0 46 0 0 3 0 0 0 1 17 3 5 34 12 0 0 0 32 41 38 19 0 0 0 0 0 0 19 0 27 2 0 0 13 0 0 0 0 0 0 0 0 2 0 0 0 0 0 0 1 0 0 0 64 0 2 1 0 0 0 0 15 0 1 0 0 0 0 0 0 0 0 0 0 0 0 0 0 0 0 0 
 2 3 0 0 0 0 3 0 0 0 0 1 0 0 2 4 1 0 0 0 0 0 0 129 22 1 3 0 0 2 1 44 0 0 0 0 0 0 0 0 519 163 297 104 59 101 0 120 152 118 25 82 224 285 119 147 109 47 67 68 1 0 0 0 0 17 0 0 0 0 0 43 0 0 0 2 0 0 0 4 0 0 0 0 0 0 0 0 0 0 0 0 0 0 0 0 0 0 0 0 0 0 0 0 0 12 0 0 0 0 0 0 0 0 0 0 0 0 0 0 1 11 19 9 0 0 11 8 30 0 0 0 13 1 35 15 15 16 27 11 0 2 0 0 3 0 0 0 0 0 0 0 20 0 0 0 3 0 0 0 0 1 0 0 72 0 0 0 0 0 0 0 0 0 0 0 0 0 0 0 0 0 0 0 28 0 0 0 0 0 0 7 0 0 0 0 0 5 0 0 49 51 38 2 0 20 18 13 24 15 20 1 13 9 11 12 79 25 8 2 0 0 0 7 6 0 10 0 0 0 0 6 0 0 0 0 0 0 0 8 0 0 0 0 0 0 0 0 0 26 0 8 0 1 0 0 0 5 0 2 35 0 0 0 2 0 12 0 0 0 0 0 0 13 0 0 0 0 0 0 0 0 0 0 13 0 0 0 0 0 
 0 0 0 0 0 0 0 0 0 0 0 0 0 0 0 0 0 0 0 0 0 0 0 2 66 0 3 0 0 0 0 0 0 0 0 0 0 0 0 6 195 154 266 92 49 56 120 0 197 287 65 31 200 225 327 46 95 271 148 130 0 10 205 2 2 0 0 56 2 12 5 3 0 0 1 9 5 8 0 8 0 0 0 0 0 0 0 0 0 0 17 0 0 0 0 0 0 0 0 0 0 0 0 0 17 9 0 0 0 0 0 0 0 0 0 0 0 0 0 0 17 17 24 9 0 0 7 2 4 20 25 10 1 12 12 4 10 8 14 21 0 2 12 0 15 23 4 0 0 7 21 4 0 0 0 0 5 0 0 6 0 8 0 0 0 0 0 0 21 3 0 0 0 0 0 1 0 0 0 0 0 0 0 0 8 10 0 0 0 0 0 26 0 0 0 0 0 0 0 0 0 25 10 10 9 8 0 20 0 13 23 0 0 28 26 11 15 19 18 22 0 0 0 0 0 32 0 0 0 0 4 0 14 0 6 0 0 6 0 0 0 0 0 0 0 0 0 0 0 0 0 12 1 1 0 0 0 0 0 1 0 0 0 44 2 1 5 66 0 2 4 0 0 0 0 9 0 0 0 1 0 0 0 0 0 0 0 0 0 0 
 0 0 0 0 0 0 0 2 0 0 0 0 0 0 65 0 0 0 0 0 0 0 0 0 0 0 0 0 5 0 4 0 0 0 0 0 0 0 0 0 62 137 218 249 184 60 152 197 0 138 153 35 171 120 114 143 470 113 90 136 0 3 0 0 1 0 56 0 0 0 4 0 0 4 53 0 0 2 0 0 0 0 0 0 0 0 0 0 0 0 0 0 8 0 0 0 0 0 0 0 0 13 0 0 0 0 0 0 0 0 0 0 11 0 8 0 0 0 0 0 0 22 0 1 19 11 0 0 0 8 5 14 0 5 12 27 7 1 0 0 0 11 0 0 5 1 0 0 0 0 0 0 11 0 0 6 4 0 4 11 16 1 0 0 0 0 0 0 0 0 0 10 0 0 0 15 0 0 7 0 0 0 0 0 0 0 0 0 0 0 0 0 0 0 0 0 0 0 0 0 0 9 0 43 0 21 18 14 12 0 0 15 0 3 1 15 16 28 0 0 0 3 22 0 0 0 9 2 0 7 0 0 17 27 27 4 0 0 1 11 0 0 3 0 0 0 0 0 0 0 0 11 0 2 0 0 0 0 0 0 0 0 0 0 3 4 0 0 0 0 0 0 0 0 0 0 0 0 0 0 0 0 0 0 12 21 0 12 0 0 
 0 0 0 0 0 0 0 59 0 0 0 0 0 0 0 0 0 0 0 2 0 0 0 0 0 0 0 0 0 0 0 0 0 0 0 0 0 0 0 0 195 314 201 159 82 53 118 287 138 0 130 103 96 439 215 237 129 251 80 105 0 0 211 3 0 0 3 50 0 0 0 0 0 0 1 0 49 2 0 5 0 0 0 0 0 0 0 0 0 0 0 0 0 0 0 0 0 0 0 0 0 0 0 0 0 0 0 0 0 0 0 0 0 0 0 0 0 0 0 0 0 15 9 0 16 15 0 25 9 16 10 18 0 6 22 11 0 6 0 0 12 8 0 6 17 0 36 6 19 0 21 0 10 0 0 1 13 6 21 15 0 0 0 6 0 0 0 0 0 0 0 0 0 0 0 10 0 0 0 0 0 0 0 0 0 0 0 0 0 0 1 0 0 0 0 0 0 0 0 0 0 22 15 11 36 10 0 0 4 0 0 12 0 1 0 0 0 4 0 0 0 12 1 0 0 0 13 7 3 0 0 0 2 3 17 0 0 0 1 31 0 0 0 0 0 0 0 0 0 0 0 14 0 0 0 0 0 0 0 23 0 0 1 0 0 1 0 1 3 0 0 0 0 0 0 0 0 0 0 0 0 0 0 0 1 14 0 0 2 0 
 0 0 2 0 0 0 0 0 0 0 0 0 0 0 0 0 0 0 0 0 0 0 1 0 0 0 0 0 67 0 0 0 0 0 0 0 0 0 0 0 21 214 121 125 360 205 25 65 153 130 0 207 21 18 125 305 175 43 471 47 0 0 0 0 0 0 16 0 0 2 0 0 77 0 0 0 0 0 0 0 0 0 0 0 0 0 11 0 0 0 0 0 0 0 0 0 0 0 0 0 0 0 0 0 0 0 0 0 0 0 0 0 0 0 0 0 0 0 0 0 0 0 0 7 0 9 1 0 0 9 0 0 0 0 2 2 6 0 0 0 0 11 0 0 0 1 1 10 0 0 0 0 29 20 2 44 0 0 0 13 5 1 0 0 0 0 0 0 0 1 0 0 1 0 0 4 0 0 0 12 0 0 0 0 0 0 0 0 0 0 0 0 0 0 0 0 0 0 0 0 0 1 31 0 11 0 0 0 9 11 10 4 0 0 1 2 0 15 0 0 18 14 0 0 0 0 1 28 0 7 0 0 1 6 0 0 2 0 10 0 0 0 2 0 0 0 0 0 0 0 0 16 0 0 0 0 0 0 0 12 0 0 31 4 64 21 0 0 0 0 1 0 0 0 0 0 0 0 0 0 0 0 0 0 9 0 0 9 2 9 
 0 0 0 0 0 0 0 0 0 0 0 0 0 0 0 0 0 1 0 2 0 0 2 0 0 0 0 1 0 0 0 0 0 0 0 0 0 0 0 0 324 412 112 197 47 167 82 31 35 103 207 0 108 67 252 148 83 73 250 18 1 0 0 0 0 0 0 0 0 0 0 51 24 0 0 0 0 0 0 0 0 0 0 0 8 0 0 0 0 0 0 0 0 0 0 0 0 0 0 0 0 0 0 0 0 0 0 0 0 0 0 0 0 0 0 0 0 0 0 0 3 0 11 8 0 25 0 19 11 0 0 6 0 2 38 12 7 7 0 0 0 0 0 0 0 0 0 0 0 0 0 0 17 0 0 0 0 0 0 22 4 0 0 0 0 0 0 0 0 0 0 0 0 0 0 3 0 0 0 0 0 0 0 0 0 0 0 0 0 0 0 0 0 0 0 0 0 0 0 0 10 21 35 1 0 4 9 0 11 0 39 8 0 9 1 11 0 45 0 0 0 0 0 0 0 0 20 0 1 0 0 0 0 0 0 0 0 0 0 16 0 0 0 0 0 0 0 0 0 0 0 12 0 0 0 0 0 0 0 16 0 0 64 0 0 8 0 1 2 0 10 0 0 0 0 0 0 0 0 0 0 0 0 0 0 0 0 0 0 0 
 0 0 0 0 0 0 3 0 0 0 0 0 0 0 0 0 0 0 6 8 0 0 0 1 0 0 0 1 0 0 0 4 0 1 1 0 0 0 0 0 266 169 417 70 67 37 224 200 171 96 21 108 0 393 155 112 130 568 245 88 1 0 0 0 0 0 0 0 0 0 0 0 0 0 0 0 0 0 0 7 0 0 0 0 0 0 3 0 0 0 0 0 0 0 10 0 0 0 3 0 0 0 0 0 12 8 0 0 0 0 0 0 0 0 0 0 0 0 0 0 14 53 36 4 19 0 0 23 15 0 35 0 0 0 1 12 1 6 14 27 0 2 0 0 7 0 15 0 0 0 0 0 26 7 0 0 5 0 0 0 0 1 0 0 7 0 0 0 0 1 0 0 7 5 0 0 0 0 3 1 0 0 0 0 0 0 0 0 0 0 0 9 0 0 0 0 0 0 0 0 15 25 0 11 37 26 18 30 37 19 22 14 16 32 30 0 21 39 8 20 0 0 0 0 0 0 0 0 0 0 0 0 10 0 0 0 0 0 0 5 0 9 0 0 0 0 0 0 0 0 0 6 0 1 0 0 0 0 0 2 0 0 0 67 0 0 0 63 0 0 0 0 0 0 0 0 0 0 0 0 0 0 0 0 0 0 0 0 0 0 
 0 0 1 0 0 0 0 0 0 0 1 0 2 0 0 1 86 0 0 3 0 0 0 1 68 0 0 0 0 0 0 80 0 0 0 0 0 0 0 0 162 156 100 86 148 110 285 225 120 439 18 67 393 0 136 170 165 350 95 260 0 0 0 0 0 0 0 0 0 0 0 0 0 0 0 0 2 0 0 9 0 0 5 0 0 0 0 0 0 0 0 0 0 0 0 0 0 0 0 0 0 0 8 0 18 4 0 0 0 0 0 0 0 0 0 0 0 0 0 0 0 15 36 7 0 0 0 2 36 11 34 0 9 14 16 34 0 29 17 29 0 1 0 0 0 5 7 0 0 0 0 0 23 0 0 0 0 0 0 0 0 0 0 4 10 0 0 0 0 0 0 0 0 0 0 1 0 0 0 0 0 0 0 0 5 0 0 0 0 0 0 4 20 0 0 0 0 0 0 0 13 17 11 3 3 23 38 49 16 39 16 1 0 43 19 8 18 36 3 27 0 0 0 0 0 0 39 0 0 0 0 0 1 0 0 0 0 0 21 11 0 0 0 0 0 0 0 0 0 0 0 2 0 0 0 0 0 0 0 0 0 0 1 2 0 4 21 3 2 0 0 0 0 0 0 0 0 0 0 0 0 0 0 0 0 0 0 0 1 0 
 1 1 0 0 1 0 1 2 0 2 15 4 2 0 1 4 2 0 2 0 0 0 0 0 0 0 0 0 0 0 0 0 0 6 0 0 0 0 0 2 30 132 58 84 170 152 119 327 114 215 125 252 155 136 0 160 53 209 253 162 2 0 2 0 0 56 7 49 0 0 0 1 76 7 0 0 0 0 2 1 0 0 0 0 0 0 0 0 0 0 0 0 0 0 0 0 0 0 0 0 0 0 0 0 0 0 0 0 0 0 0 0 0 0 0 0 0 10 0 0 13 37 25 30 13 16 8 37 10 8 63 1 0 13 25 19 0 17 0 20 0 1 0 0 0 3 7 0 0 0 0 0 15 12 17 0 0 0 1 35 1 6 0 0 0 0 0 0 0 11 0 0 0 0 0 0 0 0 0 0 0 0 0 0 0 0 0 0 0 0 0 0 0 14 11 0 0 0 0 0 6 25 9 17 0 33 11 9 15 15 14 7 17 45 35 1 10 28 0 16 1 20 0 0 0 0 3 0 0 1 0 0 3 0 0 28 4 0 21 9 0 0 0 0 0 8 0 0 0 0 0 10 0 1 0 0 0 0 0 1 0 0 9 5 0 2 2 78 0 0 1 0 0 0 0 0 0 0 0 0 0 0 0 0 0 0 0 0 0 0 
 0 0 0 0 0 0 9 0 0 0 0 4 0 0 0 4 0 0 3 1 0 0 0 0 0 0 0 0 0 0 0 0 0 0 0 0 0 0 0 0 195 323 179 112 307 110 147 46 143 237 305 148 112 170 160 0 130 320 260 87 0 0 2 0 0 0 6 1 0 0 0 0 0 0 0 0 0 0 0 0 0 0 0 0 0 0 6 0 0 0 0 0 0 1 2 0 0 0 4 0 0 0 0 0 0 0 0 0 0 0 0 0 0 0 0 0 18 0 0 0 0 17 8 0 18 8 0 9 8 17 15 9 0 25 19 12 7 3 0 0 0 2 0 0 5 2 21 3 17 0 0 0 32 5 0 0 5 0 1 8 6 0 0 1 0 0 1 0 0 0 0 0 10 4 0 0 0 1 0 0 0 0 0 0 0 0 0 0 25 0 0 0 0 0 0 0 0 0 0 0 0 28 4 18 10 20 0 0 12 4 0 15 0 3 0 0 0 34 0 0 0 0 0 0 0 0 11 1 0 0 0 0 1 0 2 0 0 0 4 17 0 0 0 0 0 0 0 0 0 0 0 6 0 2 0 0 0 1 0 10 0 0 2 0 0 0 0 2 0 0 0 0 0 0 0 0 0 0 0 0 0 0 0 0 0 1 0 0 0 0 
 2 2 4 2 7 66 2 2 12 5 10 22 2 2 3 15 2 25 2 2 3 3 3 5 3 3 5 3 3 3 3 66 3 3 3 3 3 3 8 5 116 45 197 59 57 318 109 95 470 129 175 83 130 165 53 130 0 66 61 353 3 1 0 0 0 0 21 0 0 9 0 0 2 0 0 2 0 67 0 0 0 0 0 0 0 0 19 0 0 0 0 0 0 0 0 0 7 2 0 0 3 0 0 11 0 0 10 5 0 0 0 0 0 12 0 0 0 0 0 0 0 31 11 1 18 12 0 8 10 2 29 0 0 1 0 13 0 9 0 9 0 22 0 0 3 0 5 13 0 0 0 0 0 12 0 0 13 0 8 0 0 7 0 0 3 5 0 0 0 0 1 0 0 0 0 7 0 0 0 0 0 5 0 0 0 0 7 0 0 1 0 8 5 8 0 0 0 0 0 0 0 49 0 21 12 20 9 7 1 10 11 6 0 8 0 0 11 5 8 9 0 0 0 0 0 0 10 0 0 10 0 0 8 7 14 0 0 0 21 0 0 0 16 0 0 0 4 0 0 0 0 7 0 0 0 0 0 0 0 12 0 0 0 0 64 2 3 0 0 0 0 0 0 0 0 0 0 0 0 0 0 0 0 0 10 37 0 43 1 0 
 0 0 0 0 0 22 0 0 0 0 0 0 62 0 0 0 0 0 0 0 12 6 10 0 2 0 0 0 1 8 3 209 0 0 0 6 0 40 0 0 107 168 389 117 38 64 47 271 113 251 43 73 568 350 209 320 66 0 112 64 0 0 0 0 0 0 0 0 0 0 0 0 0 0 0 0 0 0 0 6 0 0 8 0 0 0 0 0 0 0 1 0 0 0 0 14 0 0 0 0 0 0 7 1 14 0 9 0 0 15 2 0 0 0 8 9 0 2 0 0 12 44 14 24 23 1 2 16 10 9 13 8 1 0 13 30 1 1 14 0 0 2 10 0 15 0 7 0 0 13 0 0 25 0 0 0 2 0 0 9 0 5 0 0 0 0 0 0 0 11 0 0 0 0 0 4 0 0 0 0 0 0 4 1 19 23 0 0 9 0 13 0 0 0 0 4 0 6 0 0 0 23 0 16 14 15 0 19 1 30 2 6 0 20 33 1 21 4 0 1 0 0 0 15 0 0 0 0 0 0 0 14 8 0 0 0 0 0 1 0 0 0 0 0 0 0 0 0 0 0 0 10 0 0 0 0 0 0 0 2 0 0 3 63 1 8 0 34 1 0 0 0 0 0 0 0 0 0 0 0 0 12 0 0 0 1 0 0 0 0 
 3 5 3 3 3 3 3 3 3 3 3 3 3 3 3 3 3 3 3 5 0 0 0 4 29 67 0 0 0 0 0 1 2 0 0 0 0 0 0 0 49 104 44 80 73 60 67 148 90 80 471 250 245 95 253 260 61 112 0 307 0 0 0 0 1 0 0 0 1 1 0 0 0 0 0 0 3 1 0 7 0 0 0 0 0 0 0 0 0 0 0 0 0 0 0 0 0 0 0 0 0 0 0 10 13 0 0 0 0 0 1 13 0 0 0 0 0 0 0 0 12 15 23 0 23 0 15 16 49 0 0 45 22 11 1 6 13 39 36 0 0 2 0 0 0 0 0 0 0 0 0 0 0 0 0 0 0 0 0 3 0 0 0 0 0 9 0 0 0 0 0 0 2 5 0 0 2 0 0 0 0 0 0 9 10 17 0 0 0 0 0 0 0 0 0 0 0 0 0 0 48 15 0 21 0 0 10 0 20 50 8 7 0 48 12 14 24 52 20 18 0 0 0 0 0 0 0 0 0 0 0 0 0 0 0 0 0 0 0 9 0 0 0 0 0 0 0 0 0 0 0 5 0 0 0 0 0 63 1 0 0 0 1 2 2 2 2 36 1 0 0 0 0 0 0 0 0 0 0 0 7 0 0 0 14 1 0 0 2 0 
 3 3 3 5 3 3 3 3 3 3 3 3 3 3 7 3 3 5 3 3 0 0 65 64 1 68 4 0 6 0 69 78 3 0 0 192 0 31 0 0 117 61 162 61 68 45 68 130 136 105 47 18 88 260 162 87 353 64 307 0 0 2 10 7 0 0 6 1 0 2 0 0 28 200 0 9 0 25 0 46 0 0 0 0 0 0 0 0 0 0 0 0 0 0 0 0 0 0 0 0 0 0 11 14 20 0 0 0 0 0 18 0 0 0 0 0 0 0 0 0 1 45 13 32 0 0 11 7 0 0 57 0 0 0 1 3 14 2 14 34 11 13 0 19 25 17 7 12 5 9 0 5 0 0 0 0 10 11 0 0 0 1 0 0 9 0 0 0 0 2 0 0 0 0 0 8 0 7 0 0 0 0 0 0 0 0 0 0 0 0 14 8 0 0 0 0 0 8 0 0 0 8 1 6 12 0 23 43 0 15 9 0 0 3 1 1 2 20 8 47 0 0 0 0 0 0 0 1 44 0 0 0 9 43 1 0 0 0 0 3 0 0 0 0 0 0 0 0 0 0 0 3 0 2 0 0 0 124 0 0 0 0 2 66 0 0 5 0 0 0 8 0 0 0 0 9 0 0 0 10 0 0 0 0 0 0 0 0 0 0 
 0 3 0 0 0 0 0 0 0 0 0 0 0 0 0 0 0 0 0 1 35 53 0 4 1 0 0 0 0 0 2 1 0 0 0 0 0 0 0 0 0 0 5 0 2 0 1 0 0 0 0 1 1 0 2 0 3 0 0 0 0 146 157 48 156 34 86 162 43 202 40 30 118 183 51 50 88 173 249 103 0 0 0 0 0 0 0 0 0 0 0 0 0 0 0 0 0 0 0 0 0 9 0 0 0 0 0 0 0 0 0 0 0 0 0 0 0 0 0 0 0 6 0 5 0 0 0 0 0 0 0 0 3 0 0 1 6 3 0 19 0 0 13 8 36 11 4 0 4 0 8 0 0 10 9 8 8 11 0 7 1 0 0 0 0 0 5 1 0 0 0 0 0 0 0 0 0 0 0 0 0 26 0 0 0 0 0 0 0 0 0 0 0 0 0 0 4 6 0 0 14 0 6 0 0 9 0 3 0 0 0 20 3 0 0 7 4 0 0 0 6 40 0 0 63 0 0 0 9 13 0 4 0 11 0 8 25 28 5 0 0 0 0 9 0 0 0 0 0 2 0 0 0 0 5 0 19 4 0 0 0 0 0 0 0 0 1 0 0 0 10 0 63 0 3 0 0 0 0 0 0 0 0 0 0 0 0 0 0 0 
