 0 389 171 46 43 32 178 263 127 32 479 46 272 250 449 89 456 228 349 50 0 7 73 0 0 3 3 0 0 1 1 0 2 0 1 3 3 2 0 16 0 3 3 0 0 0 0 0 4 0 0 2 0 4 0 3 0 0 0 0 1 2 0 0 0 2 0 0 3 0 0 2 3 0 0 2 0 0 2 0 11 2 3 9 0 0 28 0 11 31 11 8 12 32 10 30 24 0 13 25 0 0 0 0 0 0 1 0 0 0 0 0 0 0 0 2 2 0 1 0 0 0 0 15 0 0 0 0 0 0 0 1 1 0 0 0 14 0 0 0 0 0 0 0 0 0 0 0 0 0 0 0 0 0 0 0 0 0 0 0 14 13 0 42 0 17 0 14 57 0 0 56 0 39 1 33 28 20 16 35 0 0 0 0 2 0 1 0 0 0 2 0 0 0 0 0 0 0 0 0 14 0 0 0 0 2 0 0 0 2 0 0 0 0 0 0 0 0 0 0 0 0 0 1 0 0 0 0 0 0 0 0 0 0 0 0 0 0 0 0 0 0 0 0 0 1 89 0 2 0 0 10 0 0 0 0 0 0 0 0 0 0 0 0 0 0 0 0 0 0 0 0 0 0 0 0 0 0 0 0 0 0 0 0 0 0 0 0 0 0 
 389 0 517 256 403 34 78 80 300 295 44 138 119 172 241 491 110 130 250 137 0 6 0 0 0 8 2 2 0 0 0 2 25 0 0 3 4 2 54 0 0 3 3 0 0 0 0 0 2 0 61 0 0 4 0 3 0 0 0 0 2 2 0 0 0 2 0 0 3 50 0 2 3 0 0 2 0 0 1 0 62 0 32 22 62 12 19 9 27 25 78 22 0 0 22 10 19 10 16 12 0 0 2 0 0 0 0 31 0 0 0 0 1 30 13 0 0 0 5 61 0 0 0 0 0 0 0 0 0 0 0 0 0 0 0 0 0 0 0 0 0 0 1 0 5 0 0 2 0 0 17 0 0 0 0 0 0 4 0 0 4 14 44 10 0 21 0 11 5 31 1 13 6 0 1 0 16 0 0 0 28 16 0 0 0 0 20 0 0 0 0 0 14 1 0 0 0 0 1 12 0 0 0 0 0 0 0 0 0 0 1 0 0 0 0 0 1 0 0 0 0 0 0 0 0 0 0 0 0 0 0 0 0 0 0 0 0 0 0 0 0 1 0 0 0 0 2 2 16 46 4 4 0 0 0 0 0 0 0 0 0 0 11 0 0 0 0 0 0 0 0 0 0 0 0 12 4 0 0 0 0 0 0 0 0 0 0 0 0 0 
 171 517 0 187 229 120 471 229 73 332 240 51 170 170 118 64 163 52 49 57 0 5 0 0 0 3 2 0 1 0 0 0 77 0 3 3 3 4 80 0 0 3 3 0 0 0 6 0 2 0 29 0 0 2 0 3 0 0 0 0 2 2 0 0 0 2 0 0 3 0 0 2 3 0 0 8 0 0 1 20 12 32 24 29 54 18 0 22 33 100 16 32 0 14 0 47 6 25 0 0 0 0 0 0 0 0 0 5 0 23 0 0 8 8 0 0 0 0 12 20 15 0 0 0 0 0 0 0 0 0 0 0 0 0 0 0 0 0 0 0 2 0 0 0 0 0 9 0 18 0 0 0 0 0 0 0 0 32 4 0 19 60 0 1 0 31 0 26 0 0 27 39 0 0 4 54 8 64 0 0 18 0 0 0 0 0 18 0 0 0 0 0 9 0 0 0 0 0 33 0 0 0 0 0 0 0 0 0 0 0 0 0 0 0 0 0 0 0 0 0 0 0 0 0 0 0 0 0 0 0 0 0 0 0 0 0 0 1 0 0 0 0 0 0 2 0 89 1 0 88 7 5 0 0 0 0 0 0 0 0 0 0 0 0 0 0 0 0 0 0 0 0 0 0 0 12 7 0 0 0 0 0 0 0 0 0 0 0 0 0 
 46 256 187 0 363 113 70 173 283 287 414 250 57 75 145 216 240 69 68 49 90 3 1 18 0 3 2 0 0 2 0 0 24 75 96 3 4 2 76 0 0 3 2 0 0 0 64 0 0 0 1 0 0 3 0 3 0 0 0 0 3 2 2 0 0 2 0 0 3 0 32 2 3 0 0 2 0 0 0 0 0 32 20 18 47 22 0 0 9 49 13 12 2 0 10 0 0 35 0 0 0 0 0 0 0 0 0 63 12 0 0 0 7 43 0 0 0 0 24 23 0 0 0 0 0 0 0 0 0 0 0 0 0 11 0 0 0 0 0 0 0 2 0 0 0 0 0 0 1 0 0 0 0 0 0 0 0 19 0 0 0 17 15 30 7 5 0 2 0 0 53 11 0 0 12 0 0 0 0 22 16 25 0 0 0 0 0 1 0 29 0 13 23 16 2 0 0 0 23 0 0 0 0 0 0 0 0 0 0 0 0 0 0 0 0 0 0 0 0 0 0 0 0 0 0 0 1 0 0 0 0 0 0 0 0 7 0 0 0 0 0 18 0 0 0 2 90 2 88 47 7 1 0 0 0 0 0 0 0 0 0 0 0 0 0 0 0 0 0 0 0 0 0 0 0 74 7 0 0 0 0 0 0 0 0 0 0 0 0 0 
 43 403 229 363 0 133 39 80 139 209 577 89 69 284 346 180 147 67 76 88 5 4 4 0 0 4 78 151 1 0 0 0 3 73 147 3 3 2 2 67 0 3 3 2 0 0 1 1 2 0 62 0 1 2 0 3 0 0 2 0 1 2 1 0 0 2 0 0 3 1 0 43 3 0 0 2 0 0 2 0 9 30 16 6 26 12 0 9 1 46 15 31 0 0 2 15 0 33 0 0 15 16 20 0 1 0 0 13 7 0 0 0 20 24 1 32 0 0 11 15 0 0 0 0 0 0 0 0 0 0 0 0 0 0 14 2 0 0 0 0 0 0 1 0 0 0 0 2 0 0 0 0 0 1 0 0 0 9 0 0 0 20 1 1 1 43 0 12 0 0 38 40 0 0 7 12 0 18 0 0 24 11 5 2 0 2 8 11 0 0 0 0 12 0 3 0 17 19 28 0 0 0 0 0 0 0 0 0 0 0 0 0 0 0 0 0 0 0 0 0 0 0 0 0 0 0 0 0 0 0 0 0 0 0 0 0 0 0 0 0 0 1 0 0 0 5 191 0 2 5 8 27 16 0 0 0 0 0 0 0 0 0 0 0 0 0 0 0 0 0 0 0 0 0 0 7 8 0 0 0 0 0 0 0 0 0 0 0 0 0 
 32 34 120 113 133 0 27 29 35 225 294 79 119 133 24 72 74 57 53 48 1 3 0 0 0 3 3 3 73 0 1 0 27 2 83 3 4 76 106 101 0 3 3 0 0 0 54 63 2 1 1 0 0 2 0 66 0 0 0 0 0 2 0 0 0 2 0 0 3 0 0 3 3 0 0 2 0 0 3 0 7 12 10 0 25 17 0 0 0 10 0 0 0 0 0 0 1 24 0 1 46 16 9 0 0 0 0 10 0 0 13 2 22 0 6 7 20 9 13 75 0 8 0 0 0 12 0 1 0 0 0 0 0 0 0 0 0 0 0 0 0 0 0 0 0 0 0 0 0 0 60 2 0 0 0 0 0 0 0 0 0 0 0 0 10 0 0 25 1 0 1 0 0 0 0 0 0 14 0 0 0 0 0 27 0 12 25 30 37 23 0 0 13 20 13 0 15 20 39 19 0 0 0 0 0 0 0 0 0 0 0 0 0 0 0 0 0 0 0 0 0 0 0 0 0 0 0 0 0 0 0 0 2 0 0 0 0 0 0 0 0 0 0 0 0 0 13 0 87 1 1 4 4 0 0 0 0 0 0 0 0 0 0 0 0 0 15 0 0 1 0 0 0 0 0 0 0 0 0 0 0 0 0 0 0 0 6 0 0 0 
 178 78 471 70 39 27 0 279 143 275 47 107 170 143 423 135 151 209 49 123 2 2 0 2 0 3 2 0 0 1 0 0 76 0 0 3 5 2 2 0 0 3 2 0 0 0 0 0 0 0 0 0 0 3 0 3 0 0 0 0 3 50 0 0 0 2 0 0 3 0 0 2 3 0 0 2 0 0 0 0 1 24 0 10 9 12 0 15 30 19 23 7 0 10 11 39 10 57 0 0 0 0 0 0 0 0 0 1 0 0 0 0 0 0 0 0 0 0 0 0 19 0 0 0 0 0 0 0 0 0 0 0 0 0 0 0 0 0 0 0 0 0 0 0 0 0 0 0 0 0 0 0 2 14 0 0 0 0 0 0 20 0 18 0 18 18 11 29 0 30 11 10 13 14 14 22 32 39 2 0 0 1 0 0 0 0 0 0 0 0 0 0 0 0 0 0 0 0 0 0 0 0 2 1 1 0 0 0 0 0 0 0 0 2 0 0 0 19 2 0 13 0 0 0 0 0 12 0 0 0 0 0 0 0 10 0 0 0 0 0 0 0 0 0 0 0 0 0 2 0 1 0 0 0 0 0 0 0 0 0 0 4 0 0 0 0 0 0 0 0 0 0 0 0 0 0 22 0 0 0 0 0 0 0 0 0 0 0 0 0 
 263 80 229 173 80 29 279 0 106 211 42 131 200 284 221 136 165 478 132 136 0 5 3 72 0 3 2 0 0 2 0 0 0 0 0 3 6 2 0 0 0 3 3 0 0 0 3 0 2 0 0 2 0 2 0 3 0 0 0 0 2 2 0 0 0 2 0 0 3 0 0 2 3 0 0 2 0 0 1 13 15 2 19 73 34 24 2 0 12 2 14 0 58 15 14 25 0 13 0 16 0 0 0 0 0 0 0 0 0 0 12 0 0 0 0 0 0 11 0 0 0 0 0 0 0 0 0 0 0 0 0 0 0 0 0 0 0 0 0 0 0 1 0 0 0 0 0 0 2 0 0 0 0 0 0 0 0 1 0 0 50 13 7 9 8 34 12 25 5 15 0 22 0 9 10 47 7 46 0 15 0 0 0 0 0 0 0 0 0 0 0 0 0 0 1 0 0 0 0 0 0 0 0 0 0 0 0 0 20 0 0 0 0 0 0 0 0 0 0 0 0 0 9 0 0 0 0 0 0 0 0 0 0 0 0 0 0 0 0 0 0 0 0 0 0 0 92 0 1 0 0 2 0 0 0 0 0 0 0 0 0 0 4 0 0 0 0 0 0 0 0 0 0 1 0 0 0 0 0 0 0 0 0 0 0 0 0 0 0 0 
 127 300 73 283 139 35 143 106 0 409 208 39 80 85 116 150 109 209 170 156 2 3 0 1 0 3 3 0 0 0 0 0 74 0 0 3 3 2 0 0 0 3 2 0 0 0 72 0 0 0 1 0 51 3 1 3 0 0 0 0 3 2 0 0 0 2 51 0 3 0 33 2 3 0 0 11 0 0 0 4 2 0 9 14 20 36 17 13 1 29 35 4 22 30 13 43 0 0 0 0 0 23 0 0 0 0 0 0 0 0 0 0 0 19 0 0 0 0 8 10 0 0 0 0 0 0 0 0 0 14 0 0 0 0 0 0 0 0 0 0 0 0 0 0 0 0 0 0 0 0 0 0 25 0 0 15 0 0 0 0 1 0 28 24 11 9 12 16 10 0 9 10 0 0 0 0 2 27 15 1 11 16 0 0 0 0 29 0 0 9 0 0 37 4 0 0 0 0 21 0 0 0 0 0 0 0 0 0 0 0 0 0 0 0 0 0 0 0 0 0 0 0 0 0 0 0 0 0 0 0 0 0 0 0 0 0 0 0 0 0 0 12 0 0 11 0 1 0 86 86 12 7 0 0 0 0 0 0 0 0 0 0 0 0 0 0 0 0 0 0 0 0 0 0 0 0 12 8 0 0 0 0 0 0 0 0 0 0 0 0 
 32 295 332 287 209 225 275 211 409 0 487 546 44 286 94 338 110 45 90 184 0 5 0 0 5 3 76 2 1 0 0 0 307 5 3 9 3 6 292 2 0 3 5 0 3 0 26 3 1 0 1 0 0 6 0 3 0 0 5 0 3 2 3 0 0 7 0 0 3 0 7 2 5 0 0 7 0 0 0 3 0 0 27 24 22 36 0 11 13 42 14 22 0 1 26 28 2 9 0 11 10 15 0 0 0 0 0 20 19 0 1 0 29 23 2 0 0 0 18 37 0 0 0 0 0 0 3 0 0 0 0 0 0 0 0 0 0 0 0 0 0 2 1 0 6 0 0 0 1 0 0 0 0 0 0 0 0 0 0 0 0 4 0 34 2 21 0 0 7 34 0 7 0 0 1 16 19 0 0 0 33 31 0 0 0 0 58 27 0 15 0 0 40 13 2 0 0 0 28 1 0 0 0 0 0 0 0 0 0 0 0 0 0 0 0 0 0 0 0 0 0 0 0 0 0 0 0 0 0 0 0 0 0 0 0 0 0 0 0 0 0 0 0 0 0 2 2 0 17 176 0 14 0 0 0 0 0 0 0 0 0 0 23 0 0 0 0 0 0 0 0 0 0 2 0 19 0 0 0 0 0 0 0 0 0 0 0 0 0 0 
 479 44 240 414 577 294 47 42 208 487 0 89 66 145 143 169 222 261 384 69 77 5 17 0 0 3 3 0 0 0 0 0 74 0 85 3 4 2 0 1 0 3 3 0 0 0 1 0 2 0 61 1 0 37 0 3 0 0 0 0 1 2 0 0 0 2 0 0 3 0 2 2 3 0 0 3 54 0 2 1 23 5 19 41 46 30 0 17 22 34 9 10 0 8 11 26 0 13 0 14 0 0 0 0 0 0 0 12 0 0 0 0 10 47 0 0 0 0 11 24 2 2 0 0 0 0 0 0 23 0 0 0 0 0 0 0 0 0 0 0 0 0 0 0 0 0 0 0 0 0 0 0 0 0 0 0 0 0 1 0 12 0 7 26 9 20 0 11 2 0 29 13 0 28 0 9 0 34 0 17 46 13 0 0 0 0 14 0 0 2 0 0 43 0 0 0 0 0 20 1 0 0 0 0 0 0 0 0 0 0 0 0 0 0 0 0 0 0 0 0 0 0 2 0 0 0 0 2 0 0 0 1 0 0 0 0 0 0 0 0 0 23 0 0 0 0 87 2 1 88 5 11 0 0 0 0 0 0 0 0 0 0 0 0 0 0 0 0 0 0 0 0 0 0 0 0 5 0 0 0 0 0 0 0 0 0 0 0 0 0 
 46 138 51 250 89 79 107 131 39 546 89 0 31 46 77 157 104 79 31 32 39 4 0 0 0 3 3 0 0 0 0 0 105 31 89 3 3 2 32 0 0 3 3 0 5 0 54 0 4 63 1 0 0 2 0 3 0 0 0 0 2 2 0 0 0 2 0 0 3 25 5 2 3 0 0 36 0 0 1 5 0 0 10 2 3 50 0 38 19 31 25 0 0 0 42 15 0 1 0 16 14 10 10 14 0 0 1 12 0 0 24 0 15 8 0 0 0 0 27 16 0 0 0 0 0 2 0 0 0 0 0 0 0 0 0 0 0 0 0 0 0 0 0 1 0 0 0 0 2 0 4 0 2 0 0 0 0 0 0 0 0 0 0 39 25 44 0 0 9 21 8 0 2 0 0 15 0 0 2 0 0 22 0 0 0 0 13 82 10 29 13 0 18 19 0 0 0 0 75 14 0 0 2 0 0 0 0 0 0 0 0 0 2 2 0 0 0 0 2 0 0 0 0 0 0 0 0 0 0 0 0 0 0 0 0 0 2 0 0 0 0 0 0 0 0 6 0 2 92 87 0 8 0 2 0 0 0 0 0 0 0 0 16 0 0 0 0 0 0 0 0 0 0 0 0 0 0 0 0 0 0 0 0 0 0 0 0 0 0 0 
 272 119 170 57 69 119 170 200 80 44 66 31 0 276 40 26 180 113 59 241 0 4 0 0 0 3 3 0 1 2 0 0 0 0 0 3 3 3 0 0 0 3 3 0 0 0 0 0 2 0 0 0 0 2 0 66 0 0 0 0 0 2 0 0 0 2 0 0 3 0 0 3 3 0 0 2 0 0 3 43 52 16 13 13 0 0 53 16 25 0 0 1 22 29 0 14 29 0 1 34 0 0 0 0 0 0 0 0 0 0 0 0 0 0 0 0 0 0 0 2 0 0 0 0 0 0 0 0 36 0 0 0 0 0 0 0 0 0 0 0 0 0 0 0 0 0 0 0 0 0 0 0 0 0 0 0 0 3 10 0 13 26 15 9 0 25 0 0 38 14 0 10 7 22 21 9 1 14 0 31 0 0 0 0 0 0 0 0 0 0 0 0 0 0 0 0 0 0 0 0 0 0 0 0 0 0 0 0 0 0 0 0 0 0 0 0 0 0 0 0 0 0 0 0 1 0 0 0 0 0 0 0 0 0 0 0 0 1 0 0 0 0 0 0 2 4 91 0 0 2 0 5 0 0 0 0 0 0 0 0 0 0 0 0 0 0 0 0 0 0 0 0 0 0 0 0 0 0 0 0 0 0 0 0 0 0 0 0 0 0 
 250 172 170 75 284 133 143 284 85 286 145 46 276 0 397 139 75 125 170 291 2 5 0 0 2 5 2 1 0 6 0 2 0 2 1 5 3 4 0 0 0 3 3 9 0 0 0 0 0 0 1 0 6 3 0 3 0 6 3 0 8 2 0 2 0 2 0 0 3 1 0 2 3 0 0 2 0 0 1 0 27 54 0 13 12 0 0 0 13 51 26 0 1 22 9 12 21 32 25 39 0 0 0 0 1 0 0 0 0 0 0 0 0 0 0 0 0 0 22 17 0 0 0 0 0 0 0 0 0 0 0 0 0 0 0 0 3 0 0 0 0 0 0 0 0 0 0 0 2 0 0 0 0 0 0 0 0 12 0 0 13 19 1 10 0 17 0 19 6 31 52 21 0 35 13 32 18 17 9 13 0 0 0 0 0 0 0 0 0 0 0 0 0 0 1 0 0 0 0 33 0 0 0 0 0 0 0 0 0 0 0 0 0 0 0 0 0 0 0 0 0 0 0 0 0 0 0 0 0 0 0 0 0 0 0 0 0 0 0 0 0 0 0 0 0 0 15 0 0 0 0 14 0 0 0 0 0 0 0 0 0 0 13 0 0 0 0 0 0 0 0 0 0 0 0 0 0 0 0 0 0 0 0 0 0 0 0 0 0 0 
 449 241 118 145 346 24 423 221 116 94 143 77 40 397 0 469 169 123 43 420 0 3 0 0 0 3 2 0 0 2 0 0 0 0 0 3 3 2 0 0 0 3 2 0 0 0 0 0 2 0 1 0 0 3 0 3 0 0 0 0 3 3 0 0 0 4 0 0 3 0 0 2 3 0 0 2 0 0 0 0 1 10 13 0 0 22 0 1 13 13 28 0 41 17 9 27 7 17 13 11 0 0 0 0 2 0 0 0 0 0 0 0 0 0 0 0 0 0 39 0 0 0 0 3 0 0 0 0 0 0 0 0 0 0 0 0 0 0 0 0 0 0 0 0 0 0 0 0 1 2 0 0 0 0 0 0 0 3 0 0 0 17 22 10 16 30 21 40 7 48 13 11 7 0 23 25 20 14 0 0 0 0 0 0 0 0 0 0 0 0 0 0 0 0 2 1 2 0 0 0 0 0 0 0 0 0 0 0 0 0 0 0 0 0 0 0 0 0 0 0 0 0 0 0 0 0 2 0 1 0 0 0 0 0 0 0 0 0 2 11 0 0 0 0 0 5 102 0 2 1 0 14 0 0 0 0 0 0 0 0 0 0 30 0 0 0 0 0 0 0 0 0 0 0 0 0 0 0 0 0 0 0 0 0 0 0 0 0 0 0 
 89 491 64 216 180 72 135 136 150 338 169 157 26 139 469 0 397 34 118 185 0 5 0 0 0 4 80 0 0 0 0 1 147 4 0 3 3 4 73 0 0 3 3 0 0 0 64 0 1 0 1 0 0 2 0 3 0 0 0 0 0 2 0 0 0 2 0 0 3 0 11 3 3 0 0 2 0 0 3 0 7 0 14 3 42 10 0 2 9 43 28 15 11 9 26 9 15 13 0 15 1 18 0 0 0 0 0 31 29 0 0 0 14 39 14 0 0 0 8 40 0 0 0 0 0 1 0 0 0 0 0 0 0 0 0 1 0 0 0 0 0 0 2 0 5 0 0 0 0 0 0 0 0 0 0 0 0 0 0 0 0 0 0 14 0 27 0 0 8 19 12 12 0 0 0 2 17 0 0 0 12 28 0 1 0 0 10 6 0 10 0 0 28 1 0 0 0 0 54 27 0 0 0 0 0 0 0 0 0 0 0 2 0 0 0 0 0 0 0 0 0 0 0 0 0 0 0 0 0 2 0 0 0 0 0 0 0 0 0 0 0 0 0 0 0 1 0 1 88 87 12 14 10 0 0 0 0 0 0 0 0 0 11 0 0 0 0 0 0 0 0 0 0 0 0 22 11 0 0 0 0 0 0 0 0 0 0 0 0 8 
 456 110 163 240 147 74 151 165 109 110 222 104 180 75 169 397 0 513 217 37 0 211 0 0 2 3 3 1 0 2 0 0 79 3 0 6 4 2 0 0 2 3 3 1 0 0 3 2 0 1 0 0 0 5 0 3 0 2 0 0 0 2 0 0 0 3 0 0 2 0 5 3 2 3 0 2 0 1 6 0 28 24 31 73 2 22 22 0 1 45 0 18 57 51 8 16 14 28 0 19 0 0 0 0 1 0 0 0 11 0 0 0 0 12 0 0 0 0 15 0 0 0 0 0 0 0 0 0 0 0 0 0 0 0 0 0 0 0 0 0 59 1 0 0 0 0 0 0 2 1 0 0 0 0 0 0 0 10 0 0 10 23 14 18 10 19 0 12 10 0 68 4 0 19 10 20 2 34 0 1 0 16 0 0 0 0 14 0 0 0 0 0 32 0 1 0 12 0 35 1 0 0 0 2 0 0 0 0 0 0 0 0 0 0 0 0 0 0 0 0 0 0 0 0 0 0 0 0 0 0 0 0 0 0 0 0 0 0 1 0 0 24 0 0 0 0 4 0 0 86 0 16 10 2 0 0 0 0 0 0 0 0 0 0 0 0 0 0 0 0 0 0 0 0 0 0 1 0 0 0 0 0 0 0 0 0 0 0 0 0 
 228 130 52 69 67 57 209 478 209 45 261 79 113 125 123 34 513 0 148 172 3 3 1 0 2 5 2 0 4 2 0 2 0 77 76 4 4 2 0 0 0 3 3 2 0 0 0 2 3 0 2 0 2 5 0 3 0 0 0 65 3 2 0 0 0 2 0 2 3 0 0 5 4 0 1 2 0 2 0 0 14 14 13 23 1 7 1 3 12 0 15 7 18 8 0 2 7 4 11 10 0 0 0 0 0 0 0 0 3 0 0 0 0 2 0 0 0 0 0 0 2 2 0 0 0 0 0 0 0 0 0 0 0 0 11 0 0 0 0 0 0 0 0 0 0 0 0 0 0 0 0 0 0 0 0 0 0 0 0 0 11 0 54 0 21 7 3 15 12 38 18 11 6 18 10 2 22 1 1 10 0 2 0 0 0 0 0 0 0 0 0 2 18 0 0 0 0 0 2 0 0 0 0 0 0 0 16 0 0 0 0 0 0 0 1 0 0 0 0 0 0 0 0 0 0 0 0 0 0 0 0 1 0 2 0 0 0 0 0 0 0 18 0 0 0 4 88 0 2 2 0 9 2 0 0 0 0 0 0 0 0 0 0 0 0 0 0 0 0 0 0 0 0 0 0 0 11 1 0 0 0 0 0 0 0 0 0 0 0 0 
 349 250 49 68 76 53 49 132 170 90 384 31 59 170 43 118 217 148 0 219 3 4 0 0 1 5 3 1 0 4 0 2 0 3 0 3 3 4 0 0 0 3 3 0 0 0 0 0 2 0 0 3 0 2 0 3 0 0 0 0 0 2 0 0 1 2 0 0 3 0 0 3 3 0 0 2 0 0 3 2 18 0 0 0 8 1 11 3 10 0 0 14 9 67 4 0 37 0 12 41 0 0 0 0 0 2 0 0 0 0 0 0 0 0 0 0 0 0 0 0 0 0 0 0 0 0 0 0 0 6 0 0 0 1 0 0 0 0 0 0 0 0 0 0 0 0 0 0 0 0 0 0 0 0 0 0 0 0 0 0 23 24 13 24 0 0 14 0 12 0 2 0 21 22 0 5 0 0 44 22 0 0 14 0 0 0 0 0 0 0 0 0 0 0 0 0 0 0 0 0 0 0 0 0 0 0 0 0 0 0 0 0 0 0 0 0 0 0 0 0 0 0 0 0 0 0 0 0 0 0 0 0 0 0 1 1 0 0 0 0 0 0 0 0 0 0 0 2 0 0 2 18 0 2 0 0 0 0 0 0 1 0 0 0 0 0 0 0 0 0 0 0 0 0 0 0 0 7 0 0 0 0 0 0 0 0 0 0 0 0 
 50 137 57 49 88 48 123 136 156 184 69 32 241 291 420 185 37 172 219 0 1 7 2 2 0 80 5 3 0 2 3 3 2 2 0 3 3 3 0 0 0 5 6 0 0 0 0 0 2 82 0 4 0 4 0 8 0 0 1 0 2 2 4 2 1 2 0 0 3 0 3 2 3 0 2 2 2 0 1 0 10 11 12 0 0 0 20 0 69 0 16 11 56 5 35 2 22 11 0 30 0 0 0 0 0 0 0 0 0 0 0 0 0 0 0 0 9 0 52 0 1 0 0 0 0 0 0 0 0 0 0 0 0 0 0 0 0 0 0 0 0 0 0 0 0 0 0 0 0 0 0 0 0 0 0 0 0 0 0 0 10 27 41 10 14 19 25 8 24 54 0 0 2 0 17 47 29 0 32 20 0 0 19 0 0 0 0 0 0 0 0 0 0 0 0 0 0 0 0 0 0 0 0 0 0 0 0 0 0 0 0 0 0 0 0 0 0 0 0 0 0 0 0 0 10 0 0 0 0 0 0 0 0 0 0 0 0 0 0 0 0 0 0 0 0 2 1 0 0 0 0 7 0 0 0 0 0 0 0 0 0 0 29 0 0 0 0 0 0 0 0 0 0 0 0 0 0 10 0 0 0 0 0 0 0 0 0 0 0 0 
 0 0 0 90 5 1 2 0 2 0 77 39 0 2 0 0 0 3 3 1 0 261 192 145 57 56 213 141 43 378 282 102 458 139 240 62 125 41 91 108 0 0 0 2 0 0 0 0 3 0 0 27 2 64 1 3 6 1 62 1 0 2 3 0 48 1 0 0 2 0 2 0 13 1 0 0 1 0 0 0 0 0 0 0 0 0 0 2 0 0 0 0 0 0 0 0 0 0 0 0 13 20 49 0 19 0 18 28 1 21 10 11 2 0 3 13 27 0 0 0 0 0 0 0 0 0 2 0 0 0 0 0 0 0 1 2 2 0 14 7 0 0 0 0 0 0 0 0 0 0 0 0 0 0 0 0 0 0 8 0 20 0 0 0 0 0 0 0 0 0 0 0 0 0 0 0 0 0 0 0 9 22 0 10 0 0 0 21 34 82 54 25 0 12 6 64 1 9 4 9 0 0 0 0 0 0 0 0 0 2 0 0 0 0 0 0 0 0 0 0 0 0 0 0 0 0 0 10 0 0 0 0 0 0 0 0 0 0 0 0 0 0 0 0 0 0 0 0 0 0 0 0 0 0 10 2 2 78 0 2 0 1 1 0 0 0 0 0 0 0 0 0 0 0 0 0 0 0 0 0 0 13 0 0 0 0 0 0 0 0 
 7 6 5 3 4 3 2 5 3 5 5 4 4 5 3 5 211 3 4 7 261 0 193 144 111 49 114 277 187 41 132 214 77 41 74 50 49 313 56 71 0 0 3 1 1 0 0 3 3 0 0 2 2 6 0 5 1 0 64 0 0 2 1 2 3 0 0 2 0 0 2 0 3 2 0 0 0 0 1 93 0 0 0 0 0 0 0 0 0 2 0 0 0 0 0 0 0 0 0 0 0 0 86 9 0 9 16 10 9 8 1 36 24 0 0 15 0 0 0 0 0 0 0 0 0 0 0 0 2 0 0 2 20 0 0 0 0 7 17 12 0 0 0 0 0 0 2 0 0 1 0 0 0 2 0 0 0 2 1 0 0 0 0 0 0 2 0 0 0 0 0 0 0 0 8 0 1 0 0 0 8 18 7 0 1 7 0 3 0 13 0 9 0 32 3 26 6 0 1 0 21 0 0 0 0 0 62 0 0 0 0 0 9 42 19 0 0 0 10 0 0 0 0 0 0 0 0 0 0 0 0 0 0 0 0 0 5 16 0 0 0 0 0 0 0 0 0 0 0 1 0 0 0 0 6 0 2 0 1 0 17 18 0 0 0 0 0 0 0 0 0 0 0 0 0 0 0 0 0 1 0 0 0 0 0 26 0 0 0 2 
 73 0 0 1 4 0 0 3 0 0 17 0 0 0 0 0 0 1 0 2 192 193 0 162 133 34 244 355 67 187 120 119 135 135 125 158 78 149 108 97 0 0 0 0 0 0 0 0 3 0 0 11 81 0 68 1 3 0 57 70 0 46 25 0 2 0 0 0 0 0 2 0 3 0 0 0 0 0 0 0 0 0 0 0 0 1 0 0 0 0 0 0 0 0 0 0 0 0 0 0 10 1 0 24 16 12 13 16 11 9 1 34 1 8 20 29 19 7 0 1 0 0 0 0 0 0 15 0 0 0 0 0 58 0 2 0 0 7 40 22 0 0 0 0 0 0 0 0 0 0 0 0 0 0 0 0 0 0 0 14 0 0 0 0 1 0 0 0 0 0 0 13 0 0 0 0 0 0 0 0 18 6 10 8 23 17 0 15 24 8 18 22 0 0 8 26 0 32 0 6 0 0 0 0 0 0 0 0 0 1 0 0 0 31 45 0 0 0 0 0 0 0 0 0 2 0 0 1 0 0 0 0 0 0 0 0 0 0 0 7 0 0 0 0 0 72 0 0 0 0 0 0 0 0 4 0 0 77 8 0 2 0 0 0 0 0 1 0 0 0 0 0 0 0 0 0 0 0 0 27 0 9 0 0 0 11 0 0 0 0 
 0 0 0 18 0 0 2 72 1 0 0 0 0 0 0 0 0 0 0 2 145 144 162 0 219 46 165 84 452 335 126 51 79 94 224 252 207 135 105 305 63 0 0 0 0 0 0 0 8 0 5 0 2 63 0 2 0 0 224 63 0 2 0 0 2 0 0 0 0 0 2 5 3 15 0 0 0 0 0 0 0 0 0 0 0 1 0 12 0 0 0 0 0 0 0 0 0 0 0 0 0 0 20 12 25 2 0 1 31 0 0 16 0 0 0 9 4 1 0 0 0 44 12 0 0 0 28 15 0 1 0 0 11 12 45 33 0 0 24 25 0 0 0 10 0 0 0 0 2 0 0 0 0 0 0 0 0 0 0 0 0 0 0 0 0 0 0 0 0 0 0 0 0 0 0 2 0 0 0 0 0 0 8 0 16 9 0 0 19 0 22 9 0 0 12 21 0 0 0 10 11 0 0 0 1 0 0 9 12 1 0 0 23 6 11 0 1 0 9 23 0 0 0 0 0 0 0 0 0 0 0 0 0 0 0 23 0 0 0 0 0 0 0 0 0 0 0 0 0 0 0 0 0 0 15 0 0 13 1 0 14 0 0 0 0 0 0 0 0 0 0 0 0 0 0 0 0 0 0 0 0 0 0 0 0 0 0 0 0 0 
 0 0 0 0 0 0 0 0 0 5 0 0 0 2 0 0 2 2 1 0 57 111 133 219 0 273 61 320 157 112 71 238 82 287 155 235 208 101 78 73 62 0 129 0 0 0 64 53 71 0 0 0 66 64 63 24 0 0 72 0 0 2 7 46 2 0 0 0 0 0 2 4 3 10 0 0 0 0 0 0 0 0 0 0 0 0 0 0 0 0 0 0 2 0 0 0 0 0 0 0 0 0 0 13 23 20 16 0 0 0 9 11 0 0 0 12 0 20 0 0 26 33 9 0 0 0 31 32 67 0 0 0 0 21 12 0 0 0 2 20 0 0 0 0 0 0 0 2 0 0 0 0 0 0 0 0 0 0 0 0 0 0 0 0 0 0 0 0 0 0 0 0 12 0 0 0 0 0 0 0 0 0 13 13 2 6 0 0 0 0 0 0 0 0 18 13 0 0 10 0 15 0 0 2 0 15 29 48 12 14 0 0 77 18 32 18 0 0 22 45 0 0 0 0 1 0 0 2 0 0 0 0 0 0 0 0 0 0 0 0 0 0 14 0 0 0 0 0 0 0 0 0 0 0 9 0 2 76 3 2 6 0 0 0 0 0 0 0 0 0 0 0 0 0 0 0 0 0 0 0 0 0 0 0 0 0 0 20 0 0 
 3 8 3 3 4 3 3 3 3 3 3 3 3 5 3 4 3 5 5 80 56 49 34 46 273 0 33 46 309 40 58 94 30 117 33 111 52 143 47 34 17 62 26 1 1 0 75 63 29 64 132 0 94 0 148 63 2 0 4 159 2 2 4 0 2 0 0 34 0 0 2 0 3 0 0 0 0 3 6 0 0 0 0 0 0 0 0 2 0 0 0 0 0 0 0 0 0 0 0 0 0 0 0 9 12 16 2 0 1 0 13 0 0 0 2 0 0 8 0 0 19 16 38 0 1 2 12 14 31 9 0 30 10 0 0 2 17 12 13 21 0 0 0 0 0 0 0 0 0 1 0 0 0 1 0 0 0 0 0 0 0 0 1 0 0 0 0 0 0 0 0 0 0 19 0 0 0 0 0 0 2 8 17 17 9 0 2 0 0 0 0 0 0 0 13 0 0 0 0 0 13 11 40 9 0 0 31 46 0 17 0 11 38 0 0 28 19 7 11 12 0 0 0 0 22 0 0 0 0 0 0 0 0 0 0 0 0 0 1 0 0 0 22 0 0 2 0 0 0 0 0 0 0 0 20 7 2 0 73 0 0 0 0 0 0 0 0 0 0 0 0 0 0 0 0 0 0 0 0 0 0 4 0 0 0 24 0 55 0 0 
 3 2 2 2 78 3 2 2 3 76 3 3 3 2 2 80 3 2 3 5 213 114 244 165 61 33 0 131 269 192 164 24 141 350 249 107 50 16 59 87 0 63 0 0 0 2 0 0 5 201 0 0 2 0 0 0 0 0 0 0 0 2 1 0 2 0 0 0 0 0 4 0 3 0 0 0 0 0 0 0 0 0 0 0 0 0 0 0 0 0 0 0 0 0 0 0 12 0 0 0 8 47 16 0 19 0 8 6 45 34 1 11 11 12 25 14 40 23 0 10 0 0 0 0 0 0 0 0 0 0 2 0 0 0 0 6 0 0 12 0 0 0 5 0 21 0 0 0 0 0 0 0 26 0 0 0 0 5 0 10 0 0 0 0 0 0 0 0 0 1 1 10 11 0 0 0 26 0 0 0 6 38 11 10 0 13 1 0 40 8 21 35 26 0 19 20 0 37 10 18 0 0 0 0 0 0 0 0 0 0 0 0 0 0 0 0 0 0 0 0 0 0 0 0 0 0 0 0 0 0 0 0 0 0 0 0 0 0 9 0 0 0 0 0 0 0 1 0 0 0 0 0 0 0 4 1 0 42 75 2 2 0 19 0 0 0 0 0 0 0 0 0 0 0 0 0 0 0 0 0 0 8 0 0 0 0 0 0 0 0 
 0 2 0 0 151 3 0 0 0 2 0 0 0 1 0 0 1 0 1 3 141 277 355 84 320 46 131 0 246 112 541 105 227 90 206 272 326 150 511 113 0 0 0 0 0 0 0 0 3 0 0 0 2 0 0 5 0 0 29 0 0 2 1 0 2 0 0 0 0 0 2 0 3 0 0 0 0 31 0 0 0 0 0 0 0 0 0 0 19 0 0 1 0 0 0 0 0 0 2 0 42 30 53 21 10 0 19 8 9 15 10 19 12 16 16 41 15 0 17 0 0 0 0 1 0 0 10 0 0 0 0 0 11 0 0 0 0 1 0 8 0 0 0 0 0 0 0 0 0 0 0 5 0 4 0 0 0 0 0 0 0 0 0 0 8 0 0 0 0 0 0 8 0 0 6 0 0 1 0 0 14 26 19 13 0 4 7 18 11 22 40 16 1 35 58 14 19 8 13 15 0 0 0 0 0 0 3 0 0 0 0 0 0 6 0 0 0 0 0 0 0 0 0 2 0 2 0 0 0 2 0 0 0 0 0 0 0 11 0 1 0 0 0 0 0 0 0 0 0 0 0 0 1 0 22 1 0 5 0 3 4 23 0 0 0 0 0 0 0 0 0 0 0 0 0 12 0 0 0 10 0 19 0 0 0 0 7 0 0 0 
 0 0 1 0 1 73 0 0 0 1 0 0 1 0 0 0 0 4 0 0 43 187 67 452 157 309 269 246 0 66 95 136 94 365 212 424 72 66 130 57 0 0 0 2 0 0 0 2 2 0 1 0 2 3 0 8 0 1 66 0 0 2 2 0 2 0 0 0 0 0 2 0 3 0 61 0 0 2 0 0 0 0 0 0 0 0 0 0 0 0 0 0 0 10 0 0 0 2 0 29 14 9 18 7 0 0 28 0 2 1 20 9 9 0 30 22 0 21 1 29 0 0 0 0 0 1 0 0 0 0 0 0 3 11 0 0 0 0 14 8 0 0 0 0 0 12 0 0 0 0 0 1 0 1 0 0 0 0 0 0 0 9 0 0 27 0 0 2 0 0 0 0 0 0 0 0 0 2 0 0 11 0 8 37 0 26 0 0 1 14 0 8 10 16 45 28 27 0 0 1 10 0 0 0 0 0 24 0 0 0 0 0 46 20 0 0 0 0 10 13 0 0 0 0 0 0 0 0 0 0 0 0 0 1 0 0 0 0 0 0 0 0 15 0 0 0 0 0 0 0 0 0 0 0 24 0 0 0 2 2 8 17 0 0 0 0 6 0 0 0 0 0 0 0 0 3 0 0 0 0 0 0 0 0 0 0 3 0 0 0 
 1 0 0 2 0 0 1 2 0 0 0 0 2 6 2 0 2 2 4 2 378 41 187 335 112 40 192 112 66 0 162 56 138 153 370 329 194 64 164 375 0 0 0 0 0 0 0 0 3 0 0 5 32 0 0 2 18 0 61 0 0 2 0 0 2 0 0 0 0 0 2 0 3 0 0 0 0 0 0 0 0 0 0 0 0 0 0 0 0 0 0 0 0 0 0 0 2 0 0 0 20 2 0 48 20 0 10 10 3 24 1 12 0 10 24 25 20 0 0 0 0 0 0 0 0 0 32 0 0 0 0 0 0 0 0 0 10 0 13 44 0 0 0 0 0 0 0 0 0 0 0 0 14 0 0 0 18 0 0 9 0 0 0 0 0 0 0 0 0 0 0 13 9 0 0 0 0 0 0 0 20 2 11 10 9 12 0 22 24 12 19 22 0 0 10 11 0 40 0 18 0 0 0 0 0 0 0 0 0 0 0 0 0 1 14 0 0 0 0 0 0 0 0 0 0 12 0 0 0 0 0 0 0 0 0 0 0 0 0 2 0 0 0 0 0 0 0 0 0 0 0 0 0 0 12 0 4 45 13 3 2 0 1 0 0 0 0 0 0 0 0 0 0 0 0 0 0 14 0 0 0 25 0 0 0 0 0 0 0 0 
 1 0 0 0 0 1 0 0 0 0 0 0 0 0 0 0 0 0 0 3 282 132 120 126 71 58 164 541 95 162 0 135 112 296 148 161 149 142 355 262 31 0 0 0 0 0 0 1 7 22 0 10 2 22 0 66 6 0 122 25 0 2 0 0 2 0 0 0 0 0 2 0 3 0 0 0 0 0 0 0 0 0 4 0 0 0 0 0 0 0 0 0 0 0 0 0 0 0 0 15 15 0 48 0 27 0 14 19 20 52 23 28 14 0 11 1 50 0 0 0 9 0 0 0 0 2 0 0 0 0 0 0 0 31 18 0 0 0 11 8 0 0 0 0 0 2 0 0 0 2 0 7 0 6 0 0 0 0 0 0 0 0 0 0 0 0 0 1 0 0 0 0 5 0 0 0 0 0 0 0 34 0 11 13 0 1 0 11 23 17 64 17 0 26 4 44 51 10 0 20 0 0 0 0 0 0 7 0 0 0 0 0 12 1 0 16 0 0 2 19 11 0 0 0 0 0 0 0 0 0 0 0 0 2 0 0 0 0 0 0 0 0 0 0 0 0 0 0 0 0 0 0 0 0 0 0 0 4 0 1 0 13 0 0 0 0 0 0 0 0 0 0 0 0 0 0 0 0 0 0 0 2 0 0 0 0 0 0 0 0 
 0 2 0 0 0 0 0 0 0 0 0 0 0 2 0 1 0 2 2 3 102 214 119 51 238 94 24 105 136 56 135 0 36 39 32 21 92 112 26 122 117 65 0 0 0 0 88 62 2 0 0 0 2 120 0 3 0 0 96 200 0 51 2 0 2 0 0 0 0 0 2 1 3 2 0 0 0 0 0 0 0 0 0 0 0 0 0 2 0 0 0 0 0 0 0 0 0 0 0 0 0 0 8 11 11 18 9 22 1 9 12 8 23 0 2 0 0 13 0 0 11 4 0 0 1 0 24 0 16 0 1 8 12 9 16 2 3 12 0 48 0 0 0 0 0 0 0 0 0 0 0 0 0 1 0 0 0 0 0 0 0 0 1 0 0 0 0 0 0 0 0 11 10 11 0 0 0 0 0 0 2 16 0 13 15 0 2 0 0 0 0 0 0 15 12 10 12 0 0 0 18 0 2 0 0 0 25 13 0 7 0 0 37 28 31 33 9 0 22 33 0 0 0 0 0 0 0 0 0 0 0 0 0 0 0 0 0 0 0 0 0 0 13 0 0 2 0 0 0 0 0 0 0 0 11 4 0 76 0 2 4 0 0 0 0 0 0 0 0 0 0 0 0 0 0 0 0 0 0 15 0 1 0 0 0 14 0 0 0 0 
 2 25 77 24 3 27 76 0 74 307 74 105 0 0 0 147 79 0 0 2 458 77 135 79 82 30 141 227 94 138 112 36 0 102 34 59 30 29 189 44 0 0 0 0 3 0 62 0 5 0 1 3 2 67 0 6 7 0 0 0 0 2 2 0 2 0 0 0 0 0 7 0 3 0 0 0 0 0 6 0 0 0 13 14 18 12 0 2 1 26 0 23 2 0 13 0 11 18 0 0 9 8 7 0 17 0 1 13 16 0 0 10 18 23 22 39 13 0 23 42 0 0 0 0 0 0 0 2 0 0 0 0 0 0 0 0 0 0 2 0 0 0 13 1 3 0 0 2 1 0 0 0 0 0 1 0 0 0 0 0 40 0 0 14 0 4 0 0 0 22 15 1 0 0 0 0 6 0 0 0 9 30 0 0 0 0 109 22 7 19 8 0 20 10 0 0 0 2 21 0 2 0 13 0 0 0 0 0 0 0 2 0 0 20 0 0 0 21 0 0 0 0 0 0 0 0 10 0 0 0 0 0 0 0 11 0 0 0 0 0 0 0 0 0 0 92 0 0 79 95 0 0 0 0 12 0 3 0 0 0 0 5 0 0 0 0 0 0 0 0 0 0 0 0 0 0 0 0 0 0 0 7 0 2 0 0 0 0 0 0 
 0 0 0 75 73 2 0 0 0 5 0 31 0 2 0 4 3 77 3 2 139 41 135 94 287 117 350 90 365 153 296 39 102 0 138 199 108 526 119 66 0 0 0 0 0 0 0 0 5 0 0 0 2 0 0 0 0 0 62 1 0 2 1 0 2 0 0 0 0 0 2 0 3 0 0 0 0 0 0 0 0 0 0 14 20 9 0 2 0 0 0 0 0 0 0 0 0 0 0 0 8 51 34 21 0 0 48 9 11 15 65 0 2 5 27 31 8 19 17 0 0 0 0 0 0 0 0 0 0 0 0 0 0 0 1 7 2 0 12 0 0 0 3 0 0 0 0 0 22 0 3 0 0 0 0 0 0 0 0 0 0 0 0 0 21 0 0 10 0 1 0 0 0 0 14 0 0 0 0 0 0 34 43 14 0 26 1 41 12 1 37 0 33 0 0 18 24 1 8 38 0 0 0 0 0 0 0 0 0 2 0 0 0 0 0 0 0 0 0 0 0 0 0 25 0 0 0 0 0 0 0 0 0 0 0 0 0 0 0 0 0 19 0 0 0 0 23 0 0 0 0 0 0 0 13 2 2 1 0 0 2 0 0 0 0 0 0 0 0 0 0 0 0 0 0 0 0 0 0 0 0 0 0 0 0 0 0 0 0 0 
 1 0 3 96 147 83 0 0 0 3 85 89 0 1 0 0 0 76 0 0 240 74 125 224 155 33 249 206 212 370 148 32 34 138 0 147 112 49 82 158 0 0 0 103 0 0 0 0 5 2 0 2 2 0 0 1 0 0 132 0 0 2 0 0 35 0 0 0 0 0 2 0 3 0 0 0 0 0 0 0 0 0 0 18 1 9 0 0 0 0 0 0 0 0 0 0 0 3 0 0 0 71 30 0 12 0 13 88 11 21 12 12 45 6 0 19 14 0 0 1 0 0 0 0 0 0 1 0 0 0 0 0 0 0 0 0 0 0 10 11 0 0 0 0 0 0 0 0 0 0 0 0 0 2 0 0 0 0 0 0 0 0 0 0 10 0 49 0 0 2 0 0 0 0 0 0 0 0 0 0 14 37 36 8 1 9 0 0 39 23 18 23 21 67 11 31 0 0 8 3 0 0 0 0 0 0 9 0 0 0 0 0 0 21 0 0 0 0 0 0 0 0 0 0 0 0 0 0 0 0 0 0 0 0 0 0 0 0 0 0 0 19 0 0 0 0 25 0 0 1 0 0 0 0 2 0 3 76 0 2 2 18 0 0 2 0 1 0 0 0 0 0 0 0 0 0 0 0 0 0 0 0 0 0 0 0 0 0 0 0 
 3 3 3 3 3 3 3 3 3 9 3 3 3 5 3 3 6 4 3 3 62 50 158 252 235 111 107 272 424 329 161 21 59 199 147 0 161 324 36 173 0 0 0 0 0 0 0 0 4 0 0 0 23 4 0 8 0 0 102 0 0 2 0 0 2 0 0 0 0 0 7 0 3 0 0 0 0 0 6 0 0 0 0 0 0 0 0 0 0 0 0 0 3 0 0 0 0 0 0 0 0 0 0 21 0 0 3 11 29 1 57 26 0 0 17 0 28 55 0 0 13 0 0 0 0 0 16 1 0 0 0 0 9 11 0 0 10 0 25 15 0 0 0 0 0 0 0 0 0 0 0 0 0 0 0 0 0 0 0 8 0 0 0 0 0 0 0 0 0 0 0 0 0 0 0 0 0 0 0 0 0 0 9 22 11 4 0 0 15 1 8 16 1 0 49 22 40 15 0 11 1 0 0 0 0 0 14 0 0 0 0 0 12 5 13 0 0 0 0 12 0 0 0 5 2 12 0 1 0 0 0 0 0 0 0 0 0 0 0 0 0 0 9 0 0 0 0 0 0 0 0 0 0 0 17 0 2 56 114 0 0 2 0 0 0 0 0 0 0 0 0 0 0 0 0 0 0 0 0 0 0 11 0 0 0 0 0 0 0 0 
 3 4 3 4 3 4 5 6 3 3 4 3 3 3 3 3 4 4 3 3 125 49 78 207 208 52 50 326 72 194 149 92 30 108 112 161 0 207 145 58 0 0 0 29 0 0 0 0 2 0 0 0 64 0 3 1 0 7 22 0 0 2 3 2 2 0 0 0 0 0 2 5 3 44 0 0 0 0 0 0 0 0 0 0 1 0 0 0 0 0 0 0 0 0 0 0 0 0 0 0 10 0 12 29 53 1 18 1 12 20 0 24 0 9 11 43 10 1 18 0 0 30 11 0 0 0 11 14 0 0 0 0 0 12 12 0 0 0 0 6 0 2 0 0 0 0 0 0 2 0 0 1 0 1 0 0 0 0 0 2 0 0 0 1 2 0 0 0 0 0 0 0 0 0 6 0 0 0 2 0 0 9 11 4 9 52 0 5 47 1 12 10 0 0 10 11 9 0 0 21 0 0 0 0 0 0 0 0 12 0 0 0 0 14 8 0 0 0 0 18 0 2 1 0 0 0 0 0 0 0 0 0 0 0 0 0 0 0 0 0 0 0 0 0 0 0 0 0 0 0 0 0 0 1 6 2 0 112 0 0 0 0 0 0 0 0 0 0 0 0 0 0 0 0 0 0 0 0 0 0 0 0 0 0 0 0 0 0 0 0 
 2 2 4 2 2 76 2 2 2 6 2 2 3 4 2 4 2 2 4 3 41 313 149 135 101 143 16 150 66 64 142 112 29 526 49 324 207 0 34 76 6 0 0 2 2 2 6 0 7 0 14 0 2 2 0 36 2 0 68 2 0 6 1 0 2 4 0 0 0 0 2 14 3 11 0 0 0 0 0 2 0 0 0 0 0 0 0 0 0 0 0 0 0 0 0 0 0 2 0 0 17 10 11 27 20 11 15 9 0 0 15 7 0 12 0 14 9 28 8 0 21 15 18 0 0 1 60 18 0 0 0 0 9 0 13 0 0 0 13 19 0 0 0 0 0 1 0 0 0 0 3 7 0 3 0 0 0 0 0 0 0 0 0 0 0 0 0 2 0 0 0 0 0 0 7 0 0 0 0 0 0 22 42 17 2 1 0 10 1 1 31 2 0 0 1 12 24 8 0 36 0 0 0 0 0 0 0 14 0 1 0 0 60 18 28 0 1 0 0 31 0 0 0 0 0 0 0 0 0 0 0 0 0 1 0 0 0 0 0 0 0 0 0 0 0 0 0 0 0 0 0 0 0 0 9 0 0 77 2 0 7 1 0 0 0 0 0 0 0 0 0 0 0 0 0 0 0 0 0 12 0 0 0 0 0 14 0 0 0 0 
 0 54 80 76 2 106 2 0 0 292 0 32 0 0 0 73 0 0 0 0 91 56 108 105 78 47 59 511 130 164 355 26 189 119 82 36 145 34 0 92 0 0 0 0 2 5 62 0 71 0 1 7 2 0 0 0 8 0 0 0 0 2 3 0 2 1 0 0 0 0 2 0 3 0 0 0 0 0 0 0 2 1 44 19 41 29 0 0 0 10 0 1 0 0 0 0 11 10 0 0 11 27 10 0 12 0 1 22 0 0 0 12 11 12 23 12 13 0 11 62 0 0 0 0 16 0 0 0 0 0 0 0 0 0 0 0 0 0 0 0 0 0 0 0 5 0 0 0 0 0 0 0 0 0 0 0 0 0 0 0 3 16 0 10 0 0 0 10 0 2 0 0 0 2 1 1 0 0 0 0 44 12 0 0 0 18 37 29 13 34 13 11 15 10 0 5 0 10 12 8 0 0 0 0 12 0 0 0 0 0 0 0 0 0 0 0 0 0 0 0 0 0 0 0 0 0 0 0 0 0 0 0 0 0 0 0 0 0 0 0 0 0 0 0 0 0 0 0 91 23 0 0 0 2 12 0 0 0 1 1 2 0 0 0 0 0 22 0 0 0 0 0 0 0 0 8 0 0 0 0 0 9 0 0 0 0 0 0 0 0 
 16 0 0 0 67 101 0 0 0 2 1 0 0 0 0 0 0 0 0 0 108 71 97 305 73 34 87 113 57 375 262 122 44 66 158 173 58 76 92 0 0 0 0 0 0 0 0 0 4 0 0 5 2 4 0 31 1 0 0 0 0 2 50 0 2 0 0 0 0 0 2 0 3 0 0 0 0 0 0 0 0 0 0 0 0 0 0 0 0 0 0 12 0 0 0 0 0 11 10 0 22 0 32 0 17 0 16 0 13 34 2 26 31 1 21 0 77 35 0 0 0 0 12 0 0 0 5 0 0 0 13 0 0 0 0 0 0 0 8 0 0 0 0 0 0 0 0 0 0 0 5 9 0 2 0 0 0 0 0 0 0 0 0 17 0 0 0 0 0 0 1 0 0 0 0 0 0 13 0 0 0 0 0 24 0 14 10 10 21 2 26 19 1 23 33 36 29 29 10 8 0 0 0 0 0 0 12 0 0 0 0 0 0 0 0 0 0 0 0 0 0 0 0 0 0 0 0 0 0 0 0 0 0 0 0 0 0 0 0 0 0 0 0 0 0 0 0 0 0 0 0 0 21 0 11 0 0 48 73 3 2 3 0 0 0 0 0 0 0 0 0 0 0 0 0 32 0 0 0 0 0 0 0 0 0 0 0 0 0 0 
 0 0 0 0 0 0 0 0 0 0 0 0 0 0 0 0 2 0 0 0 0 0 0 63 62 17 0 0 0 0 31 117 0 0 0 0 0 6 0 0 0 115 144 142 37 257 296 108 32 46 34 44 52 517 37 258 56 30 117 408 0 2 0 0 0 55 0 0 0 0 0 0 1 0 0 0 0 0 0 0 0 0 0 0 0 0 0 0 0 0 0 0 0 0 0 0 0 0 0 0 0 0 0 0 10 9 0 0 0 0 0 0 0 0 0 0 0 0 0 0 6 0 0 9 12 0 0 0 12 11 0 7 0 19 19 10 9 0 12 8 0 0 0 0 0 0 14 0 0 1 0 0 15 0 0 0 0 0 10 0 0 0 0 0 0 0 0 0 0 0 0 0 5 0 0 0 0 0 0 0 0 0 0 0 5 0 0 0 0 0 0 0 0 0 0 1 0 13 0 0 28 0 12 10 0 0 7 0 0 7 8 0 24 0 0 28 9 0 15 19 0 0 0 0 0 0 0 0 0 0 0 0 0 0 0 0 0 0 0 0 0 0 0 0 0 0 0 0 0 0 0 3 0 0 0 0 0 0 0 0 0 0 0 0 0 0 0 0 2 0 0 0 0 0 0 0 0 0 0 0 0 0 0 0 0 0 0 0 2 0 
 3 3 3 3 3 3 3 3 3 3 3 3 3 3 3 3 3 3 3 5 0 0 0 0 0 62 63 0 0 0 0 65 0 0 0 0 0 0 0 0 115 0 99 46 44 34 235 198 125 177 36 25 47 190 60 45 67 161 69 62 0 0 3 0 0 0 0 0 50 0 17 1 4 5 6 0 0 0 6 7 0 0 0 0 19 0 0 0 0 0 0 0 11 0 0 0 0 0 0 0 0 0 0 0 0 11 0 0 0 0 0 0 0 0 0 0 0 1 0 0 18 4 20 79 20 0 1 34 6 26 28 1 0 37 22 55 29 35 0 6 27 0 0 0 0 0 0 6 14 4 0 1 10 2 7 6 0 0 0 4 0 0 0 0 0 0 3 0 0 0 0 0 0 0 0 0 0 0 4 0 0 0 0 0 13 0 0 0 0 0 0 0 0 0 0 0 0 0 0 0 19 16 42 9 1 7 7 19 8 1 27 7 2 5 18 11 24 30 19 3 2 0 5 8 0 0 0 5 0 0 1 0 9 0 0 1 5 0 59 21 0 0 0 0 0 0 0 0 0 5 0 5 0 0 0 0 0 1 2 6 0 0 1 0 0 4 6 0 2 0 8 10 0 0 0 2 0 0 0 0 0 0 0 0 0 0 0 0 0 0 
 3 3 3 2 3 3 2 3 2 5 3 3 3 3 2 3 3 3 3 6 0 3 0 0 129 26 0 0 0 0 0 0 0 0 0 0 0 0 0 0 144 99 0 323 58 32 219 487 348 45 104 20 116 505 115 147 115 49 40 26 0 4 50 0 0 1 0 0 0 6 0 1 0 0 0 0 0 0 0 0 0 0 0 0 0 0 0 0 0 0 19 0 0 0 0 0 0 0 0 0 0 0 0 0 0 4 0 0 0 0 0 0 0 0 0 0 0 0 0 0 42 7 29 16 8 0 12 13 11 26 21 10 23 1 19 5 9 10 4 0 0 0 0 0 0 0 20 0 0 8 0 0 12 0 16 0 0 0 6 0 0 0 6 0 0 0 0 0 0 0 0 0 0 0 0 0 0 0 0 0 0 0 0 0 9 0 0 0 0 0 0 0 0 0 0 0 0 1 0 0 14 2 7 9 0 3 8 29 0 14 18 7 30 1 0 28 9 10 18 6 0 0 0 0 0 0 0 0 0 0 0 0 15 0 0 0 0 0 2 0 0 0 0 0 0 0 0 0 0 0 0 8 0 0 0 0 2 0 0 1 0 0 1 0 3 0 0 0 2 0 0 0 0 0 0 0 0 0 0 0 0 0 0 0 0 13 0 12 1 0 
 0 0 0 0 2 0 0 0 0 0 0 0 0 9 0 0 1 2 0 0 2 1 0 0 0 1 0 0 2 0 0 0 0 0 103 0 29 2 0 0 142 46 323 0 164 40 110 154 201 143 133 126 96 274 148 116 40 305 70 45 6 0 0 2 0 4 0 3 0 0 0 3 64 0 99 0 0 0 61 3 0 0 0 0 0 0 0 0 0 0 0 10 0 0 0 0 0 0 0 0 0 0 0 0 0 0 0 0 0 0 0 0 0 0 0 0 0 0 0 0 7 0 9 15 30 52 0 0 0 12 0 20 0 0 0 17 2 13 0 0 5 0 4 0 0 0 0 16 0 1 0 0 10 0 28 2 25 0 13 1 0 22 0 0 0 0 4 0 0 0 0 0 0 0 0 0 0 0 9 0 0 0 0 0 0 0 0 0 0 0 0 0 0 0 0 0 0 0 0 0 0 11 14 15 21 6 1 0 0 0 22 9 0 8 27 0 0 19 0 0 9 18 22 0 0 0 36 0 0 4 21 0 14 16 53 0 0 1 20 1 0 0 0 0 0 0 0 0 0 0 0 8 0 1 0 0 0 0 0 5 0 2 2 0 0 1 4 0 1 0 0 0 0 0 0 0 0 0 0 0 0 0 0 0 3 0 0 0 0 0 
 0 0 0 0 0 0 0 0 0 3 0 5 0 0 0 0 0 0 0 0 0 1 0 0 0 1 0 0 0 0 0 0 3 0 0 0 0 2 2 0 37 44 58 164 0 451 32 82 526 90 315 426 79 286 95 76 390 98 290 501 0 0 0 2 0 0 0 0 0 0 55 0 34 0 15 0 0 56 51 0 0 0 0 0 0 0 0 0 0 0 0 0 0 0 0 0 0 0 0 0 0 0 0 0 0 0 0 0 0 0 0 0 0 0 0 0 0 0 0 0 0 0 4 1 35 10 0 7 0 13 0 19 0 3 0 0 0 5 0 0 94 10 0 11 2 11 0 0 21 30 10 5 12 7 5 22 4 33 0 0 0 0 0 0 0 0 0 0 0 0 0 0 0 0 0 0 0 1 0 0 0 0 0 0 0 0 0 0 0 0 0 0 0 0 0 0 0 0 0 0 1 2 9 8 39 0 0 0 26 0 17 2 0 0 4 5 15 51 4 0 57 0 14 0 0 0 27 6 0 17 0 0 9 51 29 1 1 0 0 43 0 0 0 0 0 0 0 0 0 0 0 6 0 1 0 0 0 0 0 0 0 0 15 2 0 32 2 5 0 0 0 0 0 0 0 0 0 0 0 0 0 0 0 0 17 0 0 0 0 0 
 0 0 0 0 0 0 0 0 0 0 0 0 0 0 0 0 0 0 0 0 0 0 0 0 0 0 2 0 0 0 0 0 0 0 0 0 0 2 5 0 257 34 32 40 451 0 51 47 67 40 280 60 234 37 95 298 98 108 245 68 0 0 50 2 14 7 0 23 59 10 0 4 0 0 23 5 54 3 105 22 0 0 0 0 0 0 0 1 0 0 0 0 0 0 0 0 0 0 0 0 0 0 0 0 0 0 0 0 0 0 0 0 0 0 0 0 0 0 0 0 0 0 0 0 1 40 0 0 0 0 35 16 0 0 0 21 0 0 0 0 18 0 0 9 4 0 16 0 0 3 4 0 1 0 9 0 19 5 0 22 0 0 0 0 0 0 0 0 0 0 17 0 0 0 0 0 0 0 0 0 0 0 0 0 0 0 0 0 0 0 0 0 0 0 0 0 0 0 0 0 0 14 0 11 3 43 0 0 10 12 10 7 0 0 0 0 34 2 0 0 9 27 10 1 0 0 30 8 0 9 3 0 14 6 11 0 11 20 0 0 0 0 11 0 0 0 0 0 0 0 0 9 0 2 0 0 0 0 0 1 0 0 0 64 11 16 0 0 2 0 3 0 0 0 0 0 0 0 0 0 0 0 0 0 18 0 0 0 2 0 
 0 0 6 64 1 54 0 3 72 26 1 54 0 0 0 64 3 0 0 0 0 0 0 0 64 75 0 0 0 0 0 88 62 0 0 0 0 6 62 0 296 235 219 110 32 51 0 102 115 53 40 20 71 125 38 33 49 27 87 309 4 2 0 2 3 0 0 0 0 2 0 7 0 2 0 0 0 1 3 0 0 0 0 0 1 12 0 4 1 7 1 17 0 0 0 0 41 0 1 0 11 0 0 0 0 13 0 0 0 0 0 0 0 12 0 0 0 13 0 10 47 11 0 16 0 0 20 0 52 0 4 2 9 30 14 19 0 25 0 14 0 3 0 0 0 0 0 0 0 7 0 0 0 0 0 0 0 0 0 0 0 5 0 11 0 0 0 0 0 0 9 0 12 0 0 3 10 0 0 0 12 0 0 0 19 0 9 10 0 9 0 0 0 32 0 0 0 0 9 0 10 8 0 0 0 0 0 9 0 8 0 0 10 0 14 9 10 4 11 35 0 0 0 0 0 0 0 0 0 0 0 0 0 0 0 0 0 0 18 0 0 27 0 0 0 0 0 0 28 0 2 0 0 0 0 0 0 63 0 1 0 0 0 0 2 0 0 0 0 0 6 0 0 0 0 0 2 0 0 0 0 0 0 0 0 0 0 0 0 11 
 0 0 0 0 1 63 0 0 0 3 0 0 0 0 0 0 2 2 0 0 0 3 0 0 53 63 0 0 2 0 1 62 0 0 0 0 0 0 0 0 108 198 487 154 82 47 102 0 449 75 261 96 276 471 197 101 112 26 67 53 1 13 0 3 0 10 0 1 5 5 0 4 4 0 0 0 4 4 0 73 0 0 0 0 0 0 0 0 0 0 0 0 0 0 0 0 0 0 0 0 0 0 0 0 0 12 0 0 0 0 0 0 0 0 0 0 0 0 0 0 7 95 19 62 7 15 10 0 30 41 0 0 0 21 12 20 10 0 0 0 0 0 0 0 0 1 21 0 0 0 3 0 14 0 2 0 4 0 11 0 0 0 0 0 0 0 3 0 0 0 0 0 3 0 0 0 0 0 0 0 0 0 0 0 16 0 0 0 0 0 0 0 0 0 0 0 0 0 0 0 0 10 0 0 0 1 0 20 0 19 20 10 0 1 0 30 14 12 0 1 0 0 0 0 7 0 0 0 0 3 0 0 0 0 0 1 0 0 8 0 0 0 0 0 0 0 0 0 0 0 0 8 0 4 0 0 0 0 0 0 0 0 63 0 2 0 5 0 0 0 0 0 0 0 0 0 0 15 0 0 0 0 0 0 0 0 1 0 2 0 
 4 2 2 0 2 2 0 2 0 1 2 4 2 0 2 1 0 3 2 2 3 3 3 8 71 29 5 3 2 3 7 2 5 5 5 4 2 7 71 4 32 125 348 201 526 67 115 449 0 229 394 60 606 149 301 78 76 36 77 56 0 2 0 0 0 8 0 0 0 52 0 3 2 0 0 0 0 0 0 0 0 0 0 0 0 0 0 0 0 0 0 0 0 0 0 0 0 0 0 0 0 0 0 0 0 5 0 0 0 0 0 0 0 0 0 0 0 0 0 0 8 64 24 25 13 2 14 2 10 7 0 0 15 12 9 4 19 1 0 1 0 0 0 0 23 0 0 0 0 0 17 0 0 13 0 0 0 0 0 0 0 0 0 0 0 0 0 0 0 0 0 0 8 0 0 0 0 0 1 0 0 0 0 0 12 0 0 0 0 0 0 0 0 0 0 0 0 0 0 0 3 1 14 31 0 0 25 25 11 17 0 7 2 12 0 10 13 12 0 2 0 0 0 0 2 0 0 0 0 0 0 0 0 0 0 0 0 0 7 0 0 0 0 0 0 0 0 0 0 0 0 5 0 2 0 0 0 0 0 2 0 0 2 0 0 1 1 0 2 0 0 0 0 0 0 0 0 0 0 0 0 0 0 0 0 10 0 0 2 0 
 0 0 0 0 0 1 0 0 0 0 0 63 0 0 0 0 1 0 0 82 0 0 0 0 0 64 201 0 0 0 22 0 0 0 2 0 0 0 0 0 46 177 45 143 90 40 53 75 229 0 102 451 89 158 178 97 124 380 72 86 0 0 0 0 3 5 0 0 0 51 2 1 2 0 52 0 2 0 50 0 0 0 0 0 0 0 0 0 0 0 0 0 0 0 0 0 0 0 0 0 0 0 0 0 0 0 0 0 0 0 0 0 0 0 0 0 0 0 0 0 7 19 0 1 19 1 1 25 1 11 16 14 13 20 0 15 9 35 0 1 13 0 0 0 0 0 28 11 0 7 0 0 26 0 11 0 10 0 29 10 0 0 0 0 0 0 1 0 0 0 0 0 0 0 0 0 0 0 0 0 0 0 0 0 0 0 0 0 0 0 0 0 0 0 0 0 0 0 0 0 0 14 32 20 12 6 9 11 11 8 16 7 1 20 0 11 3 21 0 0 10 10 1 0 0 0 14 0 6 0 0 0 60 14 0 0 0 0 26 13 0 0 3 0 0 0 0 0 0 0 0 4 0 1 0 0 0 0 67 11 0 0 71 0 0 12 0 0 3 0 7 0 0 0 0 0 0 0 0 0 0 0 2 0 0 4 0 0 0 0 
 0 61 29 1 62 1 0 0 1 1 61 1 0 1 1 1 0 2 0 0 0 0 0 5 0 132 0 0 1 0 0 0 1 0 0 0 0 14 1 0 34 36 104 133 315 280 40 261 394 102 0 129 173 115 184 149 305 275 38 271 0 0 0 0 0 2 0 0 48 0 0 0 3 0 0 46 0 0 0 0 4 18 0 3 20 0 0 6 8 7 14 0 0 0 0 8 0 1 0 0 0 0 0 0 0 19 0 0 0 26 0 0 0 0 0 0 0 1 0 0 38 57 32 0 0 15 13 2 34 20 16 0 23 0 10 2 0 15 6 7 0 0 0 0 0 0 0 0 0 0 0 0 0 0 0 0 1 0 0 0 0 0 0 0 0 8 4 1 0 0 7 9 0 0 0 1 0 18 4 0 0 0 0 0 9 0 0 0 0 0 0 0 0 1 0 0 0 0 0 0 3 8 36 13 0 18 6 26 0 8 0 27 0 18 0 14 16 12 0 0 0 0 0 0 0 0 0 0 0 0 0 0 0 0 0 0 0 0 1 0 0 0 0 0 0 0 0 0 1 0 8 5 0 0 0 0 0 0 3 11 0 0 77 0 0 5 1 0 0 0 0 0 0 0 0 0 21 0 0 0 0 0 0 0 0 12 0 0 1 0 
 2 0 0 0 0 0 0 2 0 0 1 0 0 0 0 0 0 0 3 4 27 2 11 0 0 0 0 0 0 5 10 0 3 0 2 0 0 0 7 5 44 25 20 126 426 60 20 96 60 451 129 0 42 51 94 40 170 374 50 31 0 0 0 0 0 0 0 0 0 0 0 0 0 0 71 209 209 10 50 0 0 0 0 0 0 0 0 0 0 0 0 0 0 0 0 0 0 0 0 0 10 0 30 0 5 0 0 5 0 3 0 8 0 0 9 4 13 0 0 0 0 1 4 0 4 0 0 16 12 11 11 77 0 0 0 0 15 19 0 0 24 17 0 0 0 0 0 6 11 18 0 1 20 19 19 3 20 16 16 1 0 0 0 0 0 0 0 0 0 0 0 0 0 0 0 11 0 0 0 9 0 0 0 0 0 0 0 25 29 32 9 0 0 0 0 0 2 0 0 0 0 0 9 7 23 0 0 12 16 0 10 12 0 0 0 0 6 6 0 0 12 17 21 0 0 0 40 0 0 14 0 0 15 30 9 18 16 0 8 47 0 0 1 0 0 0 0 0 0 0 0 6 0 2 1 0 0 0 0 6 0 1 8 0 1 8 3 66 0 0 0 0 0 0 0 0 0 0 0 0 0 10 0 0 0 0 0 0 2 0 
 0 0 0 0 1 0 0 0 51 0 0 0 0 6 0 0 0 2 0 0 2 2 81 2 66 94 2 2 2 32 2 2 2 2 2 23 64 2 2 2 52 47 116 96 79 234 71 276 606 89 173 42 0 102 138 136 70 238 176 103 0 5 0 0 0 6 3 0 0 5 0 4 8 0 0 4 0 0 0 0 0 0 0 0 0 0 7 0 0 0 0 0 0 7 0 0 0 0 0 0 0 37 0 0 0 0 0 0 0 0 0 0 0 0 0 0 0 0 0 0 6 2 36 9 5 17 11 23 0 10 1 0 5 6 8 17 23 26 0 16 0 0 0 0 0 0 0 0 0 0 0 0 9 0 0 0 0 0 0 21 0 0 0 0 0 0 21 0 0 0 0 0 0 0 0 0 0 0 8 0 0 0 0 0 9 0 0 0 0 0 0 0 0 0 0 0 0 0 0 0 0 20 29 17 1 0 15 15 0 9 0 26 20 19 36 26 9 23 0 3 0 0 0 0 0 0 0 0 0 0 2 0 0 0 0 0 0 0 1 0 0 0 0 0 0 0 0 0 0 0 0 16 0 0 0 0 0 55 0 1 0 0 1 0 2 0 2 0 0 0 0 0 0 0 0 0 0 0 0 0 0 19 0 0 0 30 0 14 2 0 
 4 4 2 3 2 2 3 2 3 6 37 2 2 3 3 2 5 5 2 4 64 6 0 63 64 0 0 0 3 0 22 120 67 0 0 4 0 2 0 4 517 190 505 274 286 37 125 471 149 158 115 51 102 0 352 254 56 320 185 174 0 0 0 0 0 0 0 0 0 0 0 1 0 1 0 0 0 0 0 0 0 0 0 0 0 0 0 0 0 0 0 0 0 0 0 0 0 0 0 0 1 0 7 0 1 17 1 0 0 6 0 4 3 0 0 0 0 12 0 0 32 15 13 7 0 1 9 14 20 18 0 0 0 21 15 0 12 0 0 25 0 0 0 0 0 0 0 0 0 0 0 0 0 0 0 0 0 0 0 0 0 0 0 0 0 0 0 0 0 0 0 0 8 0 0 0 0 0 0 0 0 0 0 0 12 0 0 0 1 1 14 0 0 3 0 4 4 0 0 0 16 1 29 10 0 13 0 17 0 12 0 0 18 0 11 20 23 6 16 18 0 44 0 0 0 0 0 17 0 0 0 0 0 0 0 0 0 0 7 0 0 0 0 0 0 0 0 0 0 0 0 2 0 2 0 0 0 63 0 1 0 0 4 0 0 4 0 0 2 0 0 0 0 0 0 0 0 0 0 0 0 1 0 0 0 0 0 0 2 0 
 0 0 0 0 0 0 0 0 1 0 0 0 0 0 0 0 0 0 0 0 1 0 68 0 63 148 0 0 0 0 0 0 0 0 0 0 3 0 0 0 37 60 115 148 95 95 38 197 301 178 184 94 138 352 0 134 275 90 57 91 0 0 0 0 0 2 0 20 0 0 15 0 2 0 0 0 0 0 0 0 0 0 0 0 0 0 11 0 0 0 0 0 0 0 0 0 0 0 1 0 0 0 0 0 0 30 0 0 0 0 0 0 0 0 0 1 0 0 0 0 7 15 13 9 0 12 12 12 23 12 0 0 12 14 7 23 1 11 0 1 0 0 0 0 0 0 0 14 0 0 0 0 11 0 0 0 0 0 0 0 0 0 0 0 0 0 0 0 0 0 0 0 0 0 0 0 0 0 3 0 0 0 0 0 4 0 0 0 0 0 0 0 0 0 0 0 0 0 0 0 0 33 10 20 13 0 7 29 0 13 0 17 1 10 0 11 23 9 0 0 0 0 0 0 0 0 0 0 0 0 0 0 0 0 0 0 0 0 10 0 0 0 0 0 0 0 0 0 0 0 0 2 0 1 0 0 0 1 0 2 0 0 4 0 62 2 0 0 0 0 0 0 0 0 0 0 0 0 0 0 0 0 0 0 15 4 0 0 0 0 
 3 3 3 3 3 66 3 3 3 3 3 3 66 3 3 3 3 3 3 8 3 5 1 2 24 63 0 5 8 2 66 3 6 0 1 8 1 36 0 31 258 45 147 116 76 298 33 101 78 97 149 40 136 254 134 0 129 59 58 279 0 6 50 2 0 1 0 3 3 6 0 2 0 0 3 0 6 0 4 50 0 0 0 0 0 0 0 0 0 0 0 0 0 0 0 0 0 0 0 0 11 0 0 0 0 0 0 0 0 0 0 1 0 0 0 0 20 8 0 0 12 3 11 13 8 10 15 16 9 27 15 0 0 0 0 17 0 0 0 0 0 0 0 0 0 0 20 0 0 0 4 9 12 2 16 0 0 0 6 0 0 0 0 0 0 0 2 0 0 0 0 5 0 0 0 0 0 0 10 0 0 0 0 12 0 0 0 0 1 2 14 15 0 0 0 14 4 11 0 0 14 10 0 7 0 3 3 0 0 5 18 9 16 1 17 0 0 0 20 8 10 0 0 0 0 5 0 0 0 0 0 0 15 0 0 0 0 0 0 0 0 0 0 0 0 0 0 0 0 0 0 14 0 0 0 0 0 2 0 1 0 8 4 0 0 0 2 0 2 0 0 0 0 0 0 0 0 0 0 0 0 0 0 0 0 13 0 17 1 0 
 0 0 0 0 0 0 0 0 0 0 0 0 0 0 0 0 0 0 0 0 6 1 3 0 0 2 0 0 0 18 6 0 7 0 0 0 0 2 8 1 56 67 115 40 390 98 49 112 76 124 305 170 70 56 275 129 0 384 45 49 0 4 18 0 0 0 0 0 0 6 0 0 103 0 0 0 0 0 0 0 0 0 0 0 0 0 0 0 0 0 0 0 0 0 0 0 0 0 0 0 5 0 7 0 6 0 0 6 0 1 0 4 0 0 4 5 3 0 0 0 0 18 24 15 9 0 0 19 0 26 26 10 0 15 8 9 25 11 0 0 10 0 0 0 0 0 20 0 0 0 0 0 25 0 7 4 2 0 9 19 0 0 0 0 0 0 0 0 0 0 0 0 0 0 0 0 0 0 0 0 1 0 0 0 0 0 0 7 5 5 5 0 0 0 0 0 1 0 0 0 0 1 16 7 26 9 0 8 15 14 13 10 1 0 0 9 20 16 0 1 8 0 0 0 0 0 50 0 0 0 0 0 23 12 0 0 0 0 8 31 0 0 0 0 0 0 0 0 0 0 0 7 0 2 0 0 0 0 0 6 0 21 0 0 0 9 0 0 0 0 0 0 0 0 0 0 0 0 0 0 0 8 0 0 0 0 0 0 2 0 
 0 0 0 0 0 0 0 0 0 0 0 0 0 6 0 0 2 0 0 0 1 0 0 0 0 0 0 0 1 0 0 0 0 0 0 0 7 0 0 0 30 161 49 305 98 108 27 26 36 380 275 374 238 320 90 59 384 0 38 29 0 0 0 0 0 0 14 0 0 0 0 0 0 0 59 0 0 2 54 0 0 0 0 0 0 0 0 0 0 0 0 0 7 0 0 0 0 0 0 0 0 0 0 0 0 0 0 0 0 0 0 0 0 0 7 0 0 0 0 0 0 10 0 0 11 4 0 23 1 14 14 48 0 11 0 10 12 33 0 0 8 0 0 0 0 0 0 9 0 1 0 0 20 10 64 0 24 0 13 13 0 0 0 0 3 0 0 0 0 0 0 0 0 0 0 0 0 0 0 0 0 0 0 0 0 0 2 0 0 0 0 0 0 0 0 0 0 0 0 0 0 0 4 13 22 13 0 0 2 20 19 0 0 8 0 0 0 20 0 0 0 15 14 0 0 0 33 0 0 12 0 0 34 18 0 9 9 0 36 20 0 0 8 0 0 0 0 0 0 0 0 6 0 2 0 0 0 0 0 4 0 19 61 2 0 23 0 62 3 0 6 0 0 0 0 0 0 0 0 0 0 0 0 0 0 0 0 0 2 0 
 0 0 0 0 2 0 0 0 0 5 0 0 0 3 0 0 0 0 0 1 62 64 57 224 72 4 0 29 66 61 122 96 0 62 132 102 22 68 0 0 117 69 40 70 290 245 87 67 77 72 38 50 176 185 57 58 45 38 0 162 6 0 0 2 0 1 0 0 0 0 0 0 13 0 0 0 0 0 0 0 0 0 0 0 0 0 0 0 0 0 0 0 0 0 0 0 0 0 0 0 0 0 18 12 10 0 3 23 0 0 24 30 0 0 0 41 17 42 0 0 0 0 0 0 0 0 21 0 0 0 0 0 18 10 9 0 0 0 21 28 0 0 0 0 0 0 0 0 0 0 0 0 0 0 0 0 0 0 0 2 0 0 0 0 0 0 0 0 0 0 0 0 0 0 0 0 0 0 0 0 0 21 34 4 7 7 0 0 0 0 25 8 0 0 25 7 0 0 0 0 0 0 0 0 0 0 24 0 0 0 0 0 15 37 18 16 0 0 7 13 0 0 0 0 0 0 0 0 0 0 0 0 0 0 0 0 0 0 0 0 0 0 4 0 0 0 0 0 0 0 0 11 0 0 0 0 0 61 1 0 11 0 0 0 0 3 4 0 0 0 0 0 0 0 0 0 0 0 0 12 0 0 0 0 0 5 0 0 0 0 
 0 0 0 0 0 0 0 0 0 0 0 0 0 0 0 0 0 65 0 0 1 0 70 63 0 159 0 0 0 0 25 200 0 1 0 0 0 2 0 0 408 62 26 45 501 68 309 53 56 86 271 31 103 174 91 279 49 29 162 0 11 9 0 0 2 11 2 4 0 0 0 6 0 0 0 10 3 3 0 0 0 0 0 0 0 0 0 0 0 0 0 0 0 0 0 0 0 0 0 0 0 0 0 34 6 67 0 0 0 0 0 0 0 0 0 0 0 0 0 0 10 0 0 0 0 0 0 0 15 0 0 1 0 11 12 0 9 23 7 22 0 0 0 15 18 0 0 1 0 0 1 12 0 0 0 1 14 3 0 0 0 0 0 0 0 0 0 0 0 0 0 0 6 0 0 0 0 0 0 0 0 0 0 0 26 0 0 0 0 0 0 0 0 0 0 0 0 10 0 0 13 13 16 1 0 0 6 25 0 0 0 14 10 20 21 49 3 0 18 13 0 0 0 0 1 0 0 0 0 1 4 3 0 0 0 9 0 4 0 0 0 0 0 0 0 0 0 0 0 0 0 11 0 0 0 0 0 0 0 0 0 0 0 0 0 0 0 0 0 0 6 0 0 0 0 0 0 0 0 0 0 15 0 0 0 21 0 0 1 0 
 1 2 2 3 1 0 3 2 3 3 1 2 0 8 3 0 0 3 0 2 0 0 0 0 0 2 0 0 0 0 0 0 0 0 0 0 0 0 0 0 0 0 0 6 0 0 4 1 0 0 0 0 0 0 0 0 0 0 6 11 0 126 472 65 166 48 306 151 31 85 238 261 110 380 44 91 250 79 243 132 0 0 0 0 0 0 0 0 0 0 0 0 0 0 0 0 0 0 0 0 0 0 0 0 0 0 0 0 0 0 0 0 0 0 0 0 0 0 0 0 0 0 0 0 0 0 0 0 0 0 0 0 0 0 0 0 0 0 0 0 0 26 0 9 31 19 24 15 11 8 0 29 0 20 0 10 16 29 1 8 17 0 0 0 0 0 0 0 0 9 0 0 0 0 0 0 0 3 0 0 0 0 0 0 0 0 0 0 0 0 0 0 0 0 0 0 0 7 0 0 0 0 0 0 0 0 0 0 0 0 8 0 0 0 0 0 1 0 0 0 0 0 0 1 0 12 0 16 15 1 24 14 0 5 1 7 20 20 0 0 6 0 0 0 0 0 0 0 0 0 0 0 0 0 10 0 0 0 0 0 0 0 0 31 0 0 0 0 0 0 23 2 0 2 0 59 0 0 0 0 0 0 0 0 0 0 0 10 27 0 
