 0 259 159 222 342 147 427 410 130 236 52 139 64 219 399 459 539 337 58 153 0 3 3 0 0 0 0 1 0 4 0 2 0 0 0 0 203 0 77 203 0 0 0 0 2 3 3 0 3 0 0 0 3 0 0 6 3 0 0 0 0 0 0 0 0 3 0 0 0 0 0 1 0 0 3 2 3 0 0 1 18 41 10 0 34 16 13 0 11 0 20 21 8 20 37 16 19 19 0 0 0 0 0 0 0 0 0 3 0 0 0 0 19 0 1 0 0 0 0 19 0 0 0 16 0 0 0 0 0 0 19 0 0 0 0 0 0 0 0 0 0 0 0 0 0 0 0 0 1 0 0 0 0 0 6 0 0 0 0 0 50 1 0 19 14 2 31 9 19 16 21 0 20 18 49 8 0 26 0 0 0 2 0 0 0 0 10 0 0 1 0 0 20 0 0 0 0 0 11 0 0 0 6 0 0 0 0 0 0 0 0 0 0 0 0 0 0 0 0 0 0 0 0 0 0 0 0 1 0 0 0 0 0 0 0 0 2 0 0 0 0 23 0 0 0 0 0 1 0 2 0 9 0 0 0 0 0 0 0 0 0 0 20 0 0 0 0 0 0 0 0 0 0 0 0 11 11 0 0 0 0 0 0 0 0 0 0 0 0 0 
 259 0 212 230 356 118 120 401 185 371 105 354 54 374 322 213 369 197 38 56 2 3 3 1 0 1 0 3 2 2 0 0 2 0 0 0 0 2 3 0 0 0 0 0 2 2 2 0 3 0 0 2 3 0 0 0 3 0 0 0 0 0 0 0 0 2 0 0 0 0 0 10 0 3 3 3 30 0 0 3 26 32 0 29 47 18 0 8 16 0 10 20 16 25 0 27 46 23 0 19 0 0 0 0 0 0 19 6 0 0 0 0 0 0 0 0 1 0 1 2 0 0 0 2 0 0 0 0 0 11 0 0 0 0 0 0 0 0 0 0 1 0 0 0 0 0 0 0 2 0 0 3 0 0 0 0 0 0 0 0 0 1 15 18 46 0 0 1 10 27 0 10 19 15 0 13 0 13 7 10 0 0 1 0 0 0 0 0 0 0 0 0 13 0 0 0 0 0 0 31 0 0 0 0 0 0 0 1 0 0 0 0 0 0 0 0 0 0 0 0 0 0 0 0 0 0 2 0 0 0 0 1 0 0 0 0 0 1 0 0 0 1 0 0 0 0 91 2 0 43 2 15 0 0 2 0 0 0 0 0 0 0 18 0 0 0 0 0 0 0 0 0 0 0 0 0 0 10 0 0 0 0 0 0 0 0 0 0 0 0 
 159 212 0 473 440 212 173 119 66 209 152 32 314 262 166 217 212 188 37 126 3 5 3 0 0 0 0 0 0 5 0 1 24 75 0 0 0 0 12 0 12 0 0 15 2 3 3 0 3 0 0 0 5 0 0 5 4 0 0 0 0 0 0 0 0 3 0 0 0 0 0 2 0 41 3 3 3 0 0 2 0 5 23 15 40 18 21 3 20 25 53 8 4 1 24 18 24 15 0 0 3 12 1 0 0 0 0 0 0 0 0 0 22 0 15 0 0 0 19 6 0 0 0 0 0 0 0 0 0 15 0 0 0 0 0 0 0 2 0 1 0 3 0 0 0 0 0 0 0 0 0 0 0 0 0 0 0 1 0 0 0 0 0 1 45 18 2 12 4 0 32 0 19 0 18 8 12 11 0 0 6 0 0 0 0 0 14 0 0 0 0 0 10 0 0 0 0 0 0 0 0 0 0 0 0 0 0 0 0 0 0 1 0 0 0 0 18 0 0 0 0 0 0 0 0 0 0 0 0 1 0 0 0 0 7 0 0 0 0 0 0 11 0 0 0 1 1 0 1 90 0 10 10 0 0 0 0 0 0 0 0 0 0 0 0 0 2 0 0 0 0 0 0 0 0 15 14 0 0 0 0 0 0 0 0 0 0 0 0 0 
 222 230 473 0 163 62 252 301 240 402 76 158 135 131 155 229 404 356 124 155 2 5 2 1 0 1 0 0 2 4 0 0 3 76 0 0 0 0 4 1 0 0 0 3 2 5 2 1 3 0 0 0 4 0 0 0 3 3 3 0 0 0 0 3 0 2 1 1 0 3 28 9 0 0 3 3 3 0 0 3 0 11 81 34 20 16 11 7 13 21 1 23 0 0 3 18 9 1 0 0 0 0 2 0 0 0 15 11 0 0 0 0 15 10 21 0 0 0 9 31 0 0 0 0 0 0 0 8 0 0 0 0 0 0 0 0 0 0 0 0 0 2 0 0 0 0 0 0 2 0 0 0 0 0 0 0 0 1 0 0 34 0 11 0 52 1 10 13 7 0 42 10 1 18 1 8 26 10 0 0 9 15 0 0 0 0 17 0 0 2 0 0 28 13 1 0 14 0 9 41 0 0 12 0 0 13 0 0 0 0 0 0 0 0 0 0 0 0 21 36 0 0 0 3 1 0 0 2 0 0 0 0 0 0 0 0 0 0 0 0 0 0 0 0 0 2 54 1 2 95 0 8 0 0 0 0 0 0 1 0 0 0 0 0 0 0 0 0 0 0 0 0 1 1 0 31 20 0 0 0 0 0 0 0 0 0 0 0 0 6 
 342 356 440 163 0 171 56 163 198 81 265 123 121 92 49 601 59 452 284 289 75 14 0 0 0 0 64 4 0 73 3 0 1 0 58 0 75 0 2 28 1 0 0 6 0 2 0 0 0 0 0 0 0 2 0 4 0 3 0 0 0 0 0 0 0 0 0 0 0 29 0 0 0 0 0 8 0 0 0 0 0 4 13 9 43 39 0 13 13 16 28 15 0 0 0 9 36 0 0 0 0 63 0 17 0 0 9 30 16 0 0 0 1 89 0 0 0 14 11 0 0 0 0 0 2 31 0 0 0 0 0 0 2 0 0 0 0 38 0 1 22 3 2 6 4 0 0 0 0 0 0 0 0 0 0 0 0 0 0 0 0 5 11 13 41 12 0 0 20 0 0 0 0 0 0 26 0 0 0 0 14 30 0 0 0 0 12 0 0 0 0 1 0 21 0 23 23 0 28 43 0 0 0 1 0 0 0 0 0 0 0 0 0 0 0 0 0 0 0 0 0 0 0 0 0 0 0 0 0 2 0 0 0 0 0 0 0 0 0 0 0 12 0 0 0 2 114 3 3 1 0 5 11 0 0 0 0 0 0 0 2 0 0 0 0 0 1 0 0 0 0 0 0 0 0 0 0 0 0 0 0 0 0 0 0 0 0 0 0 0 
 147 118 212 62 171 0 68 145 139 99 277 208 47 64 186 111 211 225 65 52 151 3 2 0 0 2 28 0 0 2 0 0 74 1 34 0 75 0 76 34 0 0 0 0 2 2 2 0 3 35 0 0 3 0 0 0 3 0 0 0 0 0 0 0 0 2 0 0 0 0 0 3 0 0 3 3 2 0 0 3 0 1 10 0 29 29 7 0 26 31 31 14 0 0 4 20 12 30 0 0 21 17 0 8 0 0 0 0 21 1 0 10 2 11 0 0 0 0 0 21 0 0 0 0 0 0 11 0 0 0 0 0 0 0 0 0 0 0 0 0 0 0 0 7 0 0 0 0 1 0 0 0 0 0 0 0 0 0 0 0 2 0 0 20 13 39 0 13 6 0 0 0 1 0 0 6 0 15 0 0 30 20 0 11 0 0 49 0 1 1 0 1 10 23 11 23 9 0 14 6 0 0 0 0 0 0 0 0 0 0 0 0 0 0 0 0 0 0 0 0 0 0 0 0 1 0 0 2 0 0 0 0 0 0 0 0 0 0 0 0 0 0 0 0 0 0 85 0 6 110 1 11 0 0 0 0 0 0 74 0 0 0 0 0 0 0 0 0 0 18 0 0 0 0 0 11 3 0 0 0 0 0 0 0 0 0 0 0 0 0 
 427 120 173 252 56 68 0 315 184 138 502 38 196 483 66 123 358 134 163 98 1 3 5 0 4 1 0 0 0 3 0 0 203 0 205 0 0 0 3 0 0 3 0 0 2 3 3 0 3 0 0 0 3 0 0 5 3 0 3 2 0 0 0 0 0 65 0 0 0 3 0 5 0 0 3 3 3 0 0 2 31 53 8 26 0 4 21 46 28 16 13 15 1 0 44 56 30 24 0 19 0 0 0 0 0 0 0 0 0 1 0 0 16 0 0 0 0 0 0 3 0 0 0 4 0 0 0 0 0 2 0 0 0 2 2 0 0 15 0 0 0 0 0 0 0 0 0 2 5 0 2 4 0 0 0 0 0 0 0 0 53 2 18 1 1 0 30 20 0 17 46 29 17 20 24 27 20 45 10 12 0 0 1 0 0 0 0 0 0 0 14 0 15 0 0 0 0 1 24 0 2 0 8 0 0 0 0 0 0 0 0 0 0 0 0 0 0 0 0 0 0 0 0 0 0 0 0 22 0 0 0 0 0 0 0 0 0 0 0 0 0 39 0 0 0 2 0 0 2 0 2 11 0 0 0 0 0 0 0 0 0 0 0 0 0 0 0 0 0 0 0 0 0 0 0 0 20 10 0 0 0 0 0 0 0 0 0 0 0 0 
 410 401 119 301 163 145 315 0 462 111 245 168 204 240 288 228 141 35 166 153 148 10 2 1 0 1 0 0 0 2 0 0 1 0 0 0 0 0 2 0 0 0 0 6 2 2 2 0 3 0 0 0 3 0 0 0 3 2 0 0 0 0 0 0 0 2 0 0 0 0 0 3 0 0 3 3 3 1 0 3 4 56 21 40 11 0 24 16 20 32 13 32 0 0 24 18 29 93 37 19 0 0 1 0 0 0 19 5 0 0 0 0 0 0 0 0 1 0 0 17 0 0 0 6 0 0 0 42 0 0 0 0 0 0 0 0 0 0 0 0 0 0 0 0 0 0 26 0 4 0 0 3 1 0 0 0 0 0 0 0 1 21 22 18 10 1 16 28 0 39 16 9 0 3 0 0 1 59 10 10 0 0 0 0 0 0 20 0 0 0 0 0 3 0 0 0 0 0 14 20 0 0 0 1 9 0 0 0 0 0 0 0 0 0 3 0 0 9 0 0 1 0 0 0 0 0 0 0 0 0 0 0 0 0 0 0 0 0 0 0 0 1 0 0 0 1 89 0 1 87 1 2 0 0 0 0 0 0 0 0 0 0 18 0 0 0 2 0 0 0 0 0 0 0 0 12 0 11 0 0 0 0 0 0 10 0 0 0 0 0 
 130 185 66 240 198 139 184 462 0 322 41 183 82 145 238 234 211 44 199 65 1 3 6 0 2 2 0 0 2 2 1 0 3 0 0 0 0 0 2 0 0 3 0 0 2 2 2 0 3 0 0 0 4 0 0 0 3 0 3 2 0 0 0 0 0 2 0 0 0 3 0 6 0 6 3 3 2 0 0 4 35 108 11 38 11 0 1 38 21 22 17 38 0 0 11 19 30 48 15 19 0 0 0 0 0 0 13 14 0 0 0 0 0 0 0 0 0 0 0 11 0 0 0 8 0 0 0 0 0 0 0 0 0 0 0 2 0 0 0 0 0 0 0 0 0 0 0 0 7 0 0 16 0 0 0 0 0 0 0 0 13 4 38 14 1 0 19 19 0 39 20 24 0 0 0 0 13 38 30 19 0 0 10 0 0 0 14 0 0 0 0 0 0 0 2 0 0 0 18 15 0 0 0 0 0 0 0 0 0 0 0 0 18 0 0 0 0 0 0 0 14 0 0 0 10 0 0 0 0 0 0 0 0 0 0 0 0 0 0 0 0 0 0 0 0 2 97 0 0 86 0 10 0 0 2 0 0 0 0 0 0 0 15 0 0 0 0 0 0 2 0 0 0 0 0 11 0 10 0 0 0 0 0 0 0 0 0 0 0 0 
 236 371 209 402 81 99 138 111 322 0 182 111 41 276 353 185 178 334 283 99 0 3 8 0 0 1 0 0 0 2 3 3 74 5 77 0 0 0 32 7 0 3 0 0 2 5 2 3 3 3 2 0 6 0 0 14 3 0 43 0 12 0 0 0 0 2 0 0 0 0 0 3 0 0 42 5 8 0 0 3 18 0 20 29 45 0 17 25 0 22 2 11 9 1 37 11 0 23 1 0 9 0 0 0 0 0 0 0 0 0 0 0 42 1 0 0 0 0 1 29 0 0 0 0 0 0 0 0 0 1 0 0 0 0 0 0 0 0 0 0 0 0 0 0 0 0 0 0 0 0 23 0 0 0 2 0 4 0 0 0 22 0 0 10 1 20 14 39 10 1 15 11 14 0 15 0 36 38 0 0 25 0 0 0 0 0 10 0 0 0 0 0 10 0 0 0 0 0 11 0 0 0 1 0 0 0 0 0 0 0 0 0 0 0 0 0 0 0 0 0 0 0 0 0 0 0 0 0 0 0 0 0 0 0 0 0 0 0 0 0 0 10 0 0 0 0 2 0 0 48 1 11 0 0 0 0 0 0 0 0 0 0 0 0 0 0 0 0 0 0 0 0 0 1 0 31 13 0 0 0 0 0 0 0 0 0 0 0 0 0 
 52 105 152 76 265 277 502 245 41 182 0 379 33 28 57 323 160 395 248 61 0 3 3 0 0 0 72 1 3 3 0 74 75 93 151 0 0 0 4 74 0 0 0 0 2 3 3 2 6 0 0 0 68 0 3 0 3 0 0 0 0 0 0 0 1 3 0 0 2 0 0 2 0 0 6 4 3 0 1 2 18 0 0 15 26 37 0 0 1 27 0 10 7 25 0 26 0 0 0 0 10 12 0 21 0 0 0 0 1 9 0 0 12 19 14 14 55 0 30 25 0 0 0 2 0 0 0 0 0 0 0 0 0 0 0 0 0 18 0 0 0 6 0 4 0 0 0 0 0 0 0 0 0 0 0 0 0 0 0 0 0 0 0 42 29 56 0 0 13 0 2 0 0 0 0 0 0 0 0 0 19 20 1 0 0 0 0 1 16 0 0 0 12 42 2 0 12 0 41 25 0 0 0 0 0 0 0 1 0 0 0 0 0 0 0 0 7 0 0 0 0 0 0 0 0 0 2 0 0 0 0 1 0 0 0 0 0 1 0 0 0 0 7 0 0 2 19 1 3 1 10 12 8 0 0 0 0 0 0 0 0 0 0 0 0 0 0 0 0 0 0 0 0 0 0 0 0 0 0 0 0 0 0 0 0 1 0 0 0 0 
 139 354 32 158 123 208 38 168 183 111 379 0 37 64 99 188 154 431 46 47 17 3 5 0 0 0 23 0 0 3 0 0 70 0 0 0 0 0 3 187 0 0 0 0 2 3 3 0 3 0 0 0 3 0 0 0 3 0 0 0 0 0 0 0 51 2 0 0 0 0 0 3 0 0 3 3 3 0 0 3 0 30 9 10 2 1 11 0 30 35 25 35 0 14 11 20 40 54 0 0 3 0 0 0 0 0 41 26 11 1 0 0 13 23 14 0 9 0 0 19 0 0 0 1 0 0 0 0 0 2 0 18 0 2 2 0 0 0 0 0 0 0 0 0 0 0 0 0 13 0 0 0 0 0 5 0 0 0 0 0 22 0 28 16 15 0 29 6 0 0 19 13 0 15 7 0 0 17 0 0 11 19 2 0 0 0 58 0 0 0 0 0 0 22 0 0 0 0 26 10 0 0 0 0 0 0 0 2 0 0 0 0 0 0 0 0 0 0 0 0 0 0 0 0 0 0 1 0 0 0 0 2 0 0 0 0 0 2 0 0 0 0 0 0 0 2 44 0 106 183 2 7 2 0 0 0 0 0 0 0 0 0 0 0 0 0 0 0 0 0 0 0 0 0 0 18 1 0 0 7 0 0 0 0 0 2 0 0 0 0 
 64 54 314 135 121 47 196 204 82 41 33 37 0 75 51 235 45 344 501 61 0 3 3 0 0 0 0 0 0 3 0 0 0 0 0 0 0 0 4 2 0 0 0 0 2 3 3 0 3 0 0 0 3 0 0 0 3 0 4 0 0 0 0 0 0 3 0 0 0 49 0 2 0 0 3 3 3 0 0 2 32 0 0 0 0 0 43 0 29 0 2 0 12 40 19 0 0 0 40 28 0 0 0 0 0 0 0 0 0 0 1 0 0 0 0 0 2 0 2 0 0 0 0 2 0 10 0 0 0 0 0 0 0 0 0 0 0 0 1 0 0 0 0 0 0 0 0 0 0 0 0 0 0 0 0 0 0 17 0 0 16 1 0 0 12 0 17 0 0 0 1 0 11 19 0 13 15 1 31 34 0 0 0 0 0 1 0 0 0 0 0 0 0 2 0 0 0 0 0 0 0 0 0 0 0 0 0 0 0 0 0 0 0 0 0 0 0 0 0 0 0 0 0 0 0 0 0 0 0 0 0 0 0 0 0 0 0 0 0 0 0 0 0 0 0 2 0 0 1 2 0 19 0 0 0 0 0 0 0 0 0 0 0 0 0 0 0 0 0 0 0 0 0 0 0 0 0 0 0 0 0 0 0 0 0 0 0 0 0 0 
 219 374 262 131 92 64 483 240 145 276 28 64 75 0 402 36 26 34 110 206 74 7 4 8 5 1 2 2 1 8 7 5 9 7 3 2 1 8 86 1 6 6 5 3 2 3 3 2 3 0 0 0 9 0 0 0 3 0 3 2 2 0 4 9 2 32 2 2 2 6 2 8 4 0 3 9 26 8 0 6 10 18 0 0 39 30 53 14 0 0 0 0 0 0 34 19 15 0 23 0 0 0 0 0 0 0 0 0 0 0 0 0 24 0 0 0 0 0 0 1 0 0 0 2 0 0 0 1 0 0 0 0 0 0 0 0 0 0 0 0 0 0 0 0 0 0 2 0 9 0 0 0 0 0 3 0 0 0 0 0 51 5 0 0 16 1 15 0 23 10 2 11 0 21 10 22 24 1 0 0 0 0 0 0 0 0 0 0 1 0 0 0 20 0 0 0 0 0 0 0 0 0 9 0 0 0 0 0 0 0 0 0 0 0 2 0 0 0 0 0 0 0 0 1 0 0 0 0 0 0 0 0 0 0 0 0 0 0 2 0 0 0 0 0 0 1 2 0 2 2 1 0 0 0 0 0 0 0 3 0 0 0 0 0 0 0 0 0 0 0 0 0 2 0 0 2 10 0 0 0 0 0 0 0 0 0 0 0 0 0 
 399 322 166 155 49 186 66 288 238 353 57 99 51 402 0 384 308 108 409 218 0 77 3 0 0 0 0 1 1 4 0 1 205 1 205 75 0 64 76 0 0 0 0 0 2 3 3 0 3 0 0 0 3 0 0 4 3 0 0 0 0 0 0 0 0 3 0 0 0 28 0 1 0 0 3 2 3 0 0 1 16 17 59 56 16 0 0 52 0 32 10 12 0 0 42 15 0 32 19 0 0 0 2 0 0 0 0 0 0 0 0 0 0 0 1 0 0 0 0 9 0 0 0 5 0 0 0 0 0 0 0 0 0 0 0 0 0 0 0 0 0 0 0 0 0 0 0 0 0 0 0 0 0 0 6 0 0 0 0 0 72 15 4 1 0 0 48 30 15 27 15 3 15 1 27 0 0 49 0 0 0 1 0 0 0 0 13 17 0 2 0 0 1 37 0 0 0 0 13 0 0 0 23 0 0 0 0 0 0 0 0 0 0 0 0 0 0 0 0 0 0 0 0 0 0 0 0 0 0 3 0 0 0 0 0 0 10 0 0 0 0 11 0 0 0 0 0 3 4 90 0 1 0 0 0 0 0 0 0 0 0 0 0 0 0 0 0 0 0 0 0 0 0 0 0 13 0 0 0 0 0 0 0 0 0 0 0 0 0 0 
 459 213 217 229 601 111 123 228 234 185 323 188 235 36 384 0 133 376 468 168 0 3 2 0 0 4 0 0 0 2 0 76 0 2 0 0 2 1 80 3 0 2 0 3 2 2 2 0 6 2 0 3 4 0 0 1 4 0 2 0 0 2 0 3 3 5 2 0 3 0 34 3 0 0 3 5 3 1 0 3 0 16 11 9 19 17 1 0 26 20 16 26 0 1 33 33 22 14 0 1 0 0 0 0 0 0 16 13 0 0 0 0 1 14 1 2 0 0 7 37 0 0 0 0 0 0 0 0 0 0 0 0 0 0 0 0 0 0 0 0 0 0 0 0 0 0 0 0 0 0 0 0 0 0 0 0 0 0 0 0 18 0 14 0 40 1 10 16 23 0 22 2 0 22 0 7 10 17 15 0 0 0 0 0 0 0 49 0 0 0 0 0 38 15 0 0 2 0 12 10 0 0 6 0 1 5 0 0 0 0 0 0 0 0 0 0 0 0 0 0 0 0 0 0 0 0 0 0 0 0 0 0 0 0 0 0 0 0 0 0 0 0 0 0 0 3 43 0 0 88 0 5 0 0 0 2 0 0 0 0 0 0 0 0 0 0 0 0 0 0 0 0 1 0 0 17 0 0 0 0 0 0 0 0 0 0 0 0 0 0 
 539 369 212 404 59 211 358 141 211 178 160 154 45 26 308 133 0 198 401 217 0 3 114 0 0 5 0 0 0 2 0 0 0 0 6 0 1 0 3 0 0 0 0 0 2 2 2 0 3 0 0 0 3 0 0 27 3 0 0 2 0 0 0 0 3 2 0 0 0 0 0 3 0 0 3 3 3 0 0 3 18 28 16 16 29 22 11 0 25 0 25 22 7 1 45 56 42 20 0 0 0 0 0 0 0 0 0 0 0 0 1 0 0 0 0 0 1 0 2 17 0 0 0 0 0 0 0 0 0 0 0 0 0 0 0 0 0 0 0 0 0 0 0 0 0 0 0 0 9 0 0 0 0 0 5 0 0 0 0 0 33 0 35 0 14 0 29 20 10 5 10 11 19 48 46 16 0 36 0 0 0 0 0 0 0 0 31 0 16 0 0 0 17 0 0 0 0 0 11 0 0 0 6 0 0 0 0 0 0 0 0 0 0 0 0 0 0 0 0 0 0 0 0 0 0 0 0 0 0 0 0 0 0 0 0 0 0 0 0 0 0 13 0 0 0 0 1 0 1 2 0 10 0 0 0 0 0 0 0 0 0 0 0 0 0 0 0 0 0 0 0 0 0 1 0 11 0 0 0 0 0 0 0 0 0 0 0 0 0 0 
 337 197 188 356 452 225 134 35 44 334 395 431 344 34 108 376 198 0 28 117 0 3 2 0 0 1 0 0 0 2 0 0 0 0 1 0 0 2 2 1 0 0 0 0 2 3 2 0 3 0 0 0 3 0 0 5 3 0 0 0 0 0 0 0 2 7 0 0 0 0 0 7 0 0 3 3 6 0 0 3 12 14 16 0 0 15 19 2 32 10 32 3 20 0 16 52 47 22 0 16 0 0 0 0 0 0 0 1 0 0 0 2 11 0 0 0 0 0 0 16 0 0 0 0 0 0 0 0 0 2 0 0 0 0 0 0 0 1 0 1 0 0 0 2 0 0 0 0 3 0 0 0 0 0 7 2 0 0 0 0 9 0 33 0 0 14 20 17 18 12 0 10 18 6 23 0 11 23 1 0 0 0 0 0 0 0 0 0 0 0 0 0 24 1 2 0 0 0 10 0 0 0 1 0 0 0 2 0 0 0 0 0 0 0 0 0 0 0 0 3 0 0 0 0 0 0 0 0 0 0 2 0 0 0 0 0 0 0 0 0 0 12 0 0 0 3 2 0 4 3 0 8 0 2 0 0 0 0 0 0 0 0 0 0 1 0 0 0 0 0 0 0 0 0 0 0 0 0 0 0 0 0 0 0 0 0 0 0 0 0 
 58 38 37 124 284 65 163 166 199 283 248 46 501 110 409 468 401 28 0 94 0 3 6 0 0 2 0 75 0 36 0 0 0 4 0 0 1 0 4 0 0 0 0 0 2 3 8 0 3 0 0 0 3 0 0 0 3 0 2 0 0 0 0 0 0 9 0 0 0 0 0 1 3 0 4 2 3 0 0 5 24 13 0 34 0 0 25 11 1 21 0 0 0 7 0 0 0 16 31 10 0 0 0 0 0 2 2 0 0 0 0 0 6 0 2 0 0 4 0 0 1 2 0 3 0 0 0 0 0 0 22 0 2 0 0 0 0 0 0 0 0 0 0 0 0 0 0 0 0 2 0 1 0 0 0 0 0 0 2 0 35 4 14 0 0 0 0 15 0 25 0 9 11 12 0 3 52 17 16 25 0 0 0 0 0 0 0 0 2 0 0 0 0 0 0 0 0 0 0 0 0 0 0 0 0 0 0 0 0 0 0 0 0 2 0 0 0 0 0 0 0 0 0 0 0 0 0 0 0 0 0 0 0 0 0 0 0 0 0 0 0 0 0 0 0 2 2 2 0 2 0 17 88 0 0 0 1 0 0 0 0 0 0 0 0 0 1 0 0 0 0 0 0 0 0 0 0 0 0 0 0 0 0 0 0 0 0 0 0 0 
 153 56 126 155 289 52 98 153 65 99 61 47 61 206 218 168 217 117 94 0 0 3 2 5 0 1 0 0 0 2 3 0 0 2 1 0 0 3 4 4 2 3 2 0 2 4 2 0 3 5 0 0 5 0 65 69 3 0 0 0 0 6 0 0 0 2 0 0 0 0 0 3 2 0 3 6 4 3 0 3 3 69 30 1 0 17 3 2 0 4 24 4 11 17 17 18 15 20 19 0 0 0 0 0 0 0 0 1 0 0 0 2 0 0 0 0 0 0 0 3 0 0 1 0 0 0 0 0 0 0 0 0 2 0 0 0 0 1 0 0 2 0 0 2 0 0 0 0 0 0 0 0 0 0 0 2 0 0 0 0 19 32 9 19 1 0 15 13 0 31 21 10 18 28 39 68 0 17 0 0 0 0 0 0 0 0 0 0 0 0 0 0 30 0 0 0 0 0 15 0 0 1 5 0 0 0 2 0 0 10 0 0 0 0 0 0 0 0 0 0 0 0 0 0 0 0 0 0 0 0 3 0 0 0 0 0 0 0 0 0 0 10 0 0 0 1 1 0 2 3 0 2 0 2 0 0 0 0 0 0 1 0 19 0 0 0 0 0 0 0 0 0 0 0 0 0 0 0 0 0 0 0 0 0 0 0 0 0 0 0 
 0 2 3 2 75 151 1 148 1 0 0 17 0 74 0 0 0 0 0 0 0 165 270 34 32 239 143 38 129 135 43 38 359 120 129 145 132 46 79 163 0 0 0 0 0 0 0 0 3 0 203 0 0 0 3 0 0 2 0 0 3 0 2 2 56 0 0 0 0 47 0 0 0 0 0 0 0 1 0 0 0 0 0 0 0 15 0 0 0 0 0 0 0 0 0 0 0 0 0 0 10 32 11 51 0 0 33 62 13 18 39 8 1 16 33 0 11 0 9 12 17 0 0 0 0 0 0 0 0 0 0 0 0 0 0 0 0 0 12 1 0 0 0 2 8 0 0 0 0 0 0 0 0 0 0 0 0 0 0 0 0 0 0 0 0 10 0 0 0 0 5 0 0 0 0 0 0 0 0 0 25 25 13 12 0 0 0 10 60 36 0 16 16 1 29 1 40 0 26 11 0 0 0 0 0 0 0 0 0 0 0 0 0 0 0 0 0 0 0 0 0 0 0 0 0 0 0 0 0 0 0 0 0 0 0 0 0 0 0 0 0 0 0 0 0 0 0 0 0 0 0 0 0 0 12 0 1 0 0 0 0 1 0 0 0 0 0 0 0 0 0 0 0 0 0 0 0 0 0 0 0 1 0 0 0 0 7 0 0 0 
 3 3 5 5 14 3 3 10 3 3 3 3 3 7 77 3 3 3 3 3 165 0 311 98 29 99 289 242 195 99 238 105 83 64 114 139 206 133 111 77 0 13 6 0 1 0 0 0 3 0 0 0 0 0 3 0 0 3 29 62 20 0 2 2 0 0 0 0 1 0 0 0 0 0 0 0 0 0 0 0 0 0 0 0 0 0 0 0 0 0 0 0 0 0 0 0 0 0 0 0 26 14 13 10 80 33 23 29 7 0 9 15 7 3 0 0 11 28 1 0 10 1 0 0 0 0 31 12 1 0 0 0 16 0 0 0 0 0 33 25 0 0 2 0 9 0 2 0 0 0 0 0 0 0 0 0 0 0 0 0 0 0 0 0 2 0 0 0 0 0 0 2 0 0 13 0 0 0 0 0 0 0 8 0 0 31 0 62 9 0 22 51 0 11 15 10 0 33 1 0 0 1 0 0 0 0 9 13 0 0 0 0 38 25 0 0 0 0 25 2 0 0 0 0 0 0 0 0 0 0 0 0 0 0 0 0 0 0 0 0 0 0 0 0 0 0 0 0 0 0 0 0 0 1 11 0 0 1 84 0 8 0 0 0 0 0 25 0 0 0 0 0 0 0 0 0 0 0 0 0 0 0 0 0 0 7 0 0 0 0 
 3 3 3 2 0 2 5 2 6 8 3 5 3 4 3 2 114 2 6 2 270 311 0 222 200 351 311 408 229 131 298 295 137 259 66 79 377 394 255 87 0 0 0 0 0 0 62 1 3 0 0 0 3 0 7 0 0 2 82 84 2 0 2 2 52 0 0 0 0 3 0 0 0 0 0 2 0 0 0 0 0 0 0 0 0 0 1 0 0 0 0 2 0 0 0 0 0 0 0 0 0 6 20 22 24 0 0 0 0 0 7 22 0 0 9 20 0 23 0 0 18 13 0 0 0 0 0 14 0 0 0 0 43 0 1 1 1 0 0 0 5 0 5 0 0 0 0 0 0 0 0 0 0 0 0 0 1 0 0 0 0 0 0 0 0 0 0 0 0 7 0 0 0 0 0 0 0 0 0 0 0 0 21 12 15 43 0 28 14 48 2 29 0 2 0 17 12 38 0 0 10 0 4 0 0 0 10 0 1 0 0 0 5 17 10 13 0 0 12 15 0 1 0 0 2 0 0 0 0 0 0 2 0 0 0 0 0 0 0 0 0 0 0 0 0 0 0 0 0 0 0 0 0 1 9 0 2 80 80 0 12 1 0 0 0 0 9 0 0 0 0 0 0 0 0 0 0 0 0 0 0 0 0 0 0 15 0 0 0 0 
 0 1 0 1 0 0 0 1 0 0 0 0 0 8 0 0 0 0 0 5 34 98 222 0 159 29 134 131 348 218 148 52 155 173 410 182 137 118 137 79 2 9 6 0 1 0 0 0 23 0 0 0 2 0 3 0 0 3 36 64 9 1 16 52 0 0 0 0 0 0 0 0 0 13 0 6 0 3 0 0 0 0 0 2 0 0 0 0 0 2 0 0 0 0 0 0 0 0 0 0 1 1 34 2 28 21 0 16 18 25 25 47 0 12 15 18 3 39 2 12 28 1 0 0 0 0 20 0 2 0 0 0 10 10 0 0 0 4 9 40 3 0 0 0 2 0 1 0 0 0 7 0 4 0 0 0 0 0 0 0 0 0 0 0 1 8 0 0 0 0 6 1 6 0 0 0 0 0 0 0 0 0 28 31 1 25 10 32 10 37 10 36 5 0 0 0 10 28 0 0 0 2 0 0 0 0 25 2 0 0 0 0 30 19 0 3 0 0 27 1 0 0 0 0 0 0 0 0 0 0 0 0 0 0 0 0 0 0 0 0 0 0 0 0 0 0 0 0 0 0 0 0 0 1 10 2 2 82 2 1 0 12 0 54 0 0 0 0 0 0 0 0 0 0 0 0 0 0 0 0 0 0 0 0 0 27 0 0 0 0 
 0 0 0 0 0 0 4 0 2 0 0 0 0 5 0 0 0 0 0 0 32 29 200 159 0 310 73 159 143 182 93 69 293 301 84 142 122 104 408 65 3 0 0 0 14 7 44 0 3 0 0 0 33 0 3 3 0 3 65 62 3 0 2 2 0 0 0 0 1 0 0 0 0 0 0 3 0 0 1 0 0 0 0 0 0 0 1 0 0 0 0 0 0 0 0 0 0 0 0 0 0 0 10 19 5 11 0 0 0 14 0 0 0 0 0 1 10 28 0 0 32 22 9 0 0 0 18 29 27 0 30 1 18 41 8 6 8 0 28 19 0 0 3 0 0 2 0 0 0 0 0 0 5 0 0 0 0 0 0 0 6 0 0 13 0 0 0 6 0 0 0 0 0 1 0 17 0 0 0 0 0 0 0 3 12 0 0 10 16 30 2 0 0 0 0 0 2 0 0 0 29 20 0 0 13 0 24 2 20 25 28 0 1 5 0 12 15 8 1 15 0 0 0 0 0 0 0 0 0 0 0 0 0 0 0 0 0 0 0 2 0 0 22 0 0 0 0 0 0 0 0 0 0 0 18 3 1 50 88 0 77 5 0 0 0 0 0 0 0 0 0 0 0 0 0 0 0 0 0 0 0 0 0 0 0 0 0 2 0 0 
 0 1 0 1 0 2 1 1 2 1 0 0 0 1 0 4 5 1 2 1 239 99 351 29 310 0 27 30 363 505 74 449 31 59 60 497 151 405 242 263 31 1 63 76 0 0 63 2 3 1 276 1 61 25 65 97 0 136 1 0 37 3 2 2 0 0 1 0 0 0 0 0 0 0 0 2 0 0 52 33 0 0 0 0 0 0 0 0 0 0 0 0 0 0 0 0 0 0 0 0 0 0 0 9 19 10 0 0 0 0 0 6 0 0 0 9 0 23 0 0 0 1 1 12 0 0 30 31 13 0 0 37 7 6 0 11 0 1 26 4 3 0 0 0 0 0 0 0 0 0 0 0 0 0 0 0 0 0 0 0 5 0 0 0 0 0 0 0 0 0 0 0 0 0 0 20 0 0 0 0 0 0 5 14 12 18 0 15 0 0 13 20 0 0 0 0 0 17 23 0 22 5 0 0 0 0 1 39 12 11 1 0 10 13 30 11 0 1 1 26 0 0 0 0 0 0 0 0 0 0 0 0 0 0 0 0 0 0 0 0 0 0 6 0 0 0 0 0 0 0 0 0 0 0 18 0 2 73 6 0 1 12 0 0 0 0 19 0 0 0 0 0 0 0 0 0 0 0 0 0 0 21 0 0 0 0 0 10 0 0 
 0 0 0 0 64 28 0 0 0 0 72 23 0 2 0 0 0 0 0 0 143 289 311 134 73 27 0 121 240 45 223 175 265 67 177 41 93 469 176 254 0 0 0 2 3 0 0 0 5 0 0 0 0 0 14 0 0 2 2 0 4 0 3 2 0 3 0 0 0 5 0 0 0 0 0 37 0 3 0 0 0 0 0 0 0 26 2 0 0 0 0 0 0 1 0 0 0 0 0 0 0 27 41 14 1 19 20 16 23 0 11 0 6 51 15 20 8 0 0 5 0 0 0 0 0 0 0 0 0 0 0 0 0 0 0 0 0 0 0 0 0 0 0 9 0 0 0 1 2 0 0 0 0 0 0 0 0 0 0 0 0 2 2 15 0 12 0 0 0 0 4 0 6 0 12 0 0 0 0 0 24 28 10 9 8 0 9 17 10 17 0 4 10 12 9 50 16 1 7 6 0 0 0 0 0 0 0 0 0 0 0 0 0 0 0 0 2 0 0 0 0 0 0 0 0 1 0 7 0 0 0 5 0 0 0 0 0 0 0 0 0 0 1 0 0 0 73 0 76 0 0 0 0 0 4 0 0 0 1 2 0 2 0 0 0 0 0 0 0 0 0 0 0 0 0 0 0 0 0 7 0 0 0 0 0 0 25 0 0 0 
 1 3 0 0 4 0 0 0 0 0 1 0 0 2 1 0 0 0 75 0 38 242 408 131 159 30 121 0 88 192 100 75 314 171 116 25 238 74 404 211 0 0 0 0 0 0 0 0 3 0 0 2 206 0 7 205 0 3 0 0 19 0 3 2 0 0 0 0 0 0 0 2 0 0 0 2 0 0 0 0 0 0 0 0 0 0 0 0 0 0 0 0 30 0 0 0 0 0 0 0 0 10 25 34 18 0 0 0 13 26 29 29 0 18 0 34 25 78 4 0 0 0 0 0 0 0 11 0 0 0 19 0 13 7 0 0 0 0 10 6 0 0 11 0 0 0 0 0 0 0 0 0 4 0 0 0 0 0 0 0 0 0 0 0 0 0 0 0 0 8 0 0 0 0 0 0 0 0 0 0 11 1 22 12 36 10 42 59 47 32 6 41 12 0 24 30 5 19 0 0 0 0 0 0 0 0 0 10 0 0 0 0 8 0 0 0 0 0 10 0 0 0 0 0 3 0 0 0 0 0 0 0 0 0 0 0 0 0 0 0 0 0 0 0 0 0 0 0 0 0 0 0 0 0 13 2 0 74 88 2 10 10 3 0 0 0 0 0 0 0 0 0 0 0 0 0 0 0 0 10 0 0 0 0 0 0 0 0 0 0 
 0 2 0 2 0 0 0 0 2 0 3 0 0 1 1 0 0 0 0 0 129 195 229 348 143 363 240 88 0 142 37 86 94 208 174 240 49 164 258 155 0 0 0 0 0 0 63 0 3 0 205 0 0 0 3 0 0 2 70 143 2 0 2 2 0 0 0 0 0 6 0 0 0 0 0 0 0 0 0 0 0 0 0 0 0 26 0 0 0 0 0 0 0 0 0 0 0 0 0 50 0 21 8 0 18 0 34 1 0 0 67 0 19 6 62 0 8 1 2 10 14 21 0 0 2 12 0 0 0 0 0 0 12 0 0 1 0 0 0 20 8 0 31 0 0 0 0 0 0 0 0 0 1 0 0 0 2 0 0 0 0 0 0 0 0 12 1 0 0 0 20 0 37 0 0 0 0 0 0 2 0 0 25 17 12 50 0 0 0 1 2 29 33 0 20 0 0 17 0 0 0 0 1 0 0 0 15 0 1 0 0 0 21 18 1 11 0 0 2 2 0 0 0 0 0 0 0 0 0 0 0 0 0 0 0 0 0 0 0 0 0 0 0 0 0 0 0 0 0 0 0 0 0 0 9 0 1 79 0 0 2 0 0 0 0 0 0 0 0 0 0 0 0 0 0 0 0 0 0 0 0 1 0 0 0 36 6 0 0 0 
 4 2 5 4 73 2 3 2 2 2 3 3 3 8 4 2 2 2 36 2 135 99 131 218 182 505 45 192 142 0 187 317 147 218 176 78 65 411 106 163 0 0 0 0 0 0 0 0 3 0 20 0 0 0 10 0 0 3 0 0 8 0 8 2 5 0 0 0 0 0 0 0 0 6 1 2 0 0 0 2 0 0 0 1 0 0 0 0 0 0 0 0 0 0 0 0 0 0 0 0 21 10 12 20 36 18 0 14 17 23 47 14 0 0 17 38 17 23 7 0 0 0 0 0 9 0 42 0 0 0 0 0 16 7 0 0 0 0 9 34 0 0 2 0 0 0 0 0 0 0 0 0 4 0 0 0 0 0 0 0 0 0 0 0 0 0 0 0 0 0 0 0 0 0 20 0 0 0 0 0 1 0 29 28 9 1 10 31 54 8 37 9 1 0 10 0 7 10 0 0 0 1 0 0 13 0 0 22 0 0 0 0 25 0 0 8 0 0 1 0 0 0 0 0 0 0 0 0 0 0 0 0 0 0 0 0 0 0 0 0 0 0 0 0 0 0 0 0 0 0 0 0 0 0 9 2 0 73 77 0 13 10 0 0 0 0 0 0 0 0 0 0 0 0 0 0 0 0 0 0 0 5 0 0 0 0 0 0 0 0 
 0 0 0 0 3 0 0 0 1 3 0 0 0 7 0 0 0 0 0 3 43 238 298 148 93 74 223 100 37 187 0 44 213 105 240 377 171 320 118 190 0 4 0 3 0 0 0 0 3 0 0 0 0 0 16 0 0 3 6 0 5 0 3 2 0 0 0 0 0 0 0 0 0 0 0 3 0 7 0 0 0 0 0 0 0 0 0 0 0 0 0 0 0 1 0 0 0 0 0 0 91 53 35 17 15 0 7 6 12 0 26 29 8 0 0 20 9 8 0 0 0 1 0 0 1 0 0 6 1 0 0 0 20 0 0 3 0 0 2 11 0 0 0 0 3 0 0 0 0 0 0 0 0 0 0 0 0 0 0 0 0 0 0 0 0 0 0 0 0 0 1 0 0 0 0 0 0 0 0 1 26 0 4 24 8 5 0 42 12 35 11 35 10 2 18 23 18 32 0 42 10 0 0 0 0 0 0 0 0 0 0 0 22 0 9 0 0 0 9 21 0 1 0 0 2 0 0 0 0 0 0 2 0 0 0 0 0 0 0 0 0 0 0 0 0 0 0 0 0 0 0 0 0 0 5 0 2 0 4 2 5 2 0 0 0 0 45 0 0 0 0 0 0 0 0 0 0 0 0 0 0 10 0 0 0 3 0 0 0 0 
 2 0 1 0 0 0 0 0 0 3 74 0 0 5 1 76 0 0 0 0 38 105 295 52 69 449 175 75 86 317 44 0 32 59 197 47 214 509 36 194 0 8 2 0 0 0 0 0 3 0 0 0 34 0 3 0 0 3 1 85 7 0 6 2 0 0 0 0 0 0 0 0 0 2 0 2 0 0 0 0 0 0 0 0 0 0 0 8 0 0 0 0 0 0 0 0 0 0 0 0 10 11 23 21 0 12 0 0 0 13 11 0 0 0 0 0 0 35 0 0 13 1 0 0 0 0 15 11 0 1 0 14 39 2 0 0 1 0 17 12 4 0 26 0 0 0 0 0 0 0 0 0 0 0 0 0 0 0 0 0 3 0 0 0 0 0 0 0 0 10 0 0 0 0 0 0 0 0 0 0 14 2 1 49 22 26 2 20 1 28 31 19 0 0 3 32 1 24 0 9 0 0 0 0 0 5 25 19 0 3 0 0 31 44 11 10 0 0 54 0 0 0 0 0 0 0 0 0 0 0 0 0 0 0 0 0 0 0 0 0 0 0 11 0 0 1 0 0 0 0 0 0 0 0 8 0 4 5 71 2 0 1 0 0 0 0 0 0 0 0 0 0 0 0 0 0 0 0 0 0 0 12 0 0 0 0 0 0 0 0 
 0 2 24 3 1 74 203 1 3 74 75 70 0 9 205 0 0 0 0 0 359 83 137 155 293 31 265 314 94 147 213 32 0 85 212 149 121 130 512 229 0 0 0 0 0 1 0 0 3 0 0 0 0 0 16 0 0 5 0 0 52 0 2 2 0 0 0 49 0 0 0 0 0 0 51 2 0 2 0 2 0 13 0 0 18 0 0 0 0 11 10 0 0 0 0 31 0 31 0 0 37 35 10 10 1 6 68 27 10 7 15 0 7 22 15 20 13 0 12 11 0 0 0 0 5 0 0 0 0 0 0 0 0 0 0 1 0 0 0 0 0 0 0 0 4 0 0 0 0 0 0 0 0 0 0 0 2 0 4 0 0 0 0 16 9 28 0 0 0 0 3 0 3 0 0 0 2 0 0 2 15 25 2 12 8 0 28 17 0 17 0 19 10 9 22 23 8 0 1 0 0 0 0 0 19 0 0 0 0 0 0 0 0 0 0 0 0 0 0 0 0 2 0 0 1 0 0 0 0 0 0 1 0 0 0 0 0 0 0 0 0 0 0 0 0 0 0 0 85 74 0 0 8 0 10 0 0 0 1 2 3 0 0 0 0 0 0 0 0 0 0 0 0 0 0 0 0 0 0 11 0 0 0 0 0 0 0 0 0 0 
 0 0 75 76 0 1 0 0 0 5 93 0 0 7 1 2 0 0 4 2 120 64 259 173 301 59 67 171 208 218 105 59 85 0 485 332 43 43 254 361 0 0 0 39 0 0 0 0 3 0 0 0 0 0 6 0 0 4 2 0 3 0 7 2 0 0 0 0 0 2 0 0 3 5 0 3 0 0 0 0 0 0 0 8 0 0 0 0 0 0 0 0 0 0 0 0 0 0 0 0 25 28 31 40 18 0 0 14 9 5 20 15 0 0 28 29 16 9 8 0 0 1 0 0 0 0 1 0 0 1 0 0 11 1 0 0 0 0 0 33 2 13 0 5 0 0 0 0 0 0 0 0 13 0 0 0 0 0 0 0 0 0 0 7 13 10 0 0 0 0 20 0 0 0 0 0 2 0 0 0 29 22 9 35 11 1 1 47 14 28 22 15 0 10 20 5 12 31 1 20 0 0 0 0 0 0 0 0 0 0 0 0 32 0 0 0 0 0 8 0 0 0 0 0 0 0 0 0 0 0 0 0 0 0 0 0 0 0 0 1 0 0 0 0 20 0 92 0 0 0 0 0 0 0 9 0 2 0 42 0 12 0 0 0 0 0 0 0 0 0 0 0 0 0 0 0 0 0 0 0 0 0 0 0 0 0 0 0 0 0 
 0 0 0 0 58 34 205 0 0 77 151 0 0 3 205 0 6 1 0 1 129 114 66 410 84 60 177 116 174 176 240 197 212 485 0 302 164 186 101 168 0 2 0 0 3 0 3 5 3 0 0 0 0 1 16 5 3 5 62 5 3 2 3 2 0 0 0 0 2 0 0 2 2 2 0 8 61 0 0 3 0 2 0 0 0 13 0 0 0 0 0 0 0 0 0 0 0 0 0 0 15 60 51 43 0 19 2 0 19 0 25 0 1 56 10 18 0 4 10 0 0 0 0 0 0 0 0 0 0 0 0 0 0 0 0 7 0 12 0 7 0 15 0 7 0 0 0 0 0 0 0 0 11 0 0 0 0 0 0 0 0 0 0 9 10 13 0 0 0 8 3 0 5 1 0 0 0 0 0 0 50 44 21 33 5 1 0 32 0 18 14 24 0 33 0 28 25 2 21 27 0 0 0 0 0 0 2 0 0 0 0 0 19 15 0 0 0 0 3 0 0 0 0 0 0 0 0 0 0 47 0 0 0 0 0 1 0 0 0 2 0 0 0 0 0 1 77 0 0 0 0 0 38 0 7 0 4 1 2 0 2 0 0 0 0 0 0 0 0 0 0 0 0 0 0 0 0 2 0 0 0 0 0 0 0 19 0 0 0 0 
 0 0 0 0 0 0 0 0 0 0 0 0 0 2 75 0 0 0 0 0 145 139 79 182 142 497 41 25 240 78 377 47 149 332 302 0 139 124 83 77 0 0 0 0 0 0 63 0 3 0 0 0 0 0 3 1 0 2 65 53 2 10 5 2 0 11 0 0 5 4 5 0 0 0 1 10 0 0 0 0 0 0 0 0 0 0 0 0 0 0 0 0 0 0 0 0 0 0 0 0 10 19 29 0 0 19 35 5 0 7 0 0 7 31 0 0 8 0 14 0 5 22 0 0 0 0 0 0 7 0 0 0 10 0 0 0 8 0 0 1 0 0 0 0 8 0 0 0 0 0 0 0 0 0 0 0 0 0 0 1 0 0 0 0 0 4 0 0 0 0 3 0 5 0 0 0 0 0 0 0 0 0 9 15 0 0 0 11 9 13 0 35 0 0 24 8 10 1 0 20 0 0 0 0 0 0 35 0 0 0 0 0 0 14 0 0 0 0 0 0 0 0 0 0 0 0 0 0 0 0 0 0 0 0 0 0 7 0 0 0 0 0 0 0 0 0 0 0 0 0 0 0 0 0 8 0 0 75 1 0 0 0 0 0 0 0 0 0 0 0 0 0 0 0 0 7 0 0 0 0 0 0 0 0 0 18 18 0 0 0 
 203 0 0 0 75 75 0 0 0 0 0 0 0 1 0 2 1 0 1 0 132 206 377 137 122 151 93 238 49 65 171 214 121 43 164 139 0 417 32 123 63 6 6 56 3 3 0 0 3 0 3 3 62 206 3 0 2 5 0 62 3 0 2 2 0 2 2 0 0 0 0 2 0 0 0 2 0 1 0 0 0 0 2 0 0 15 0 0 2 0 1 0 0 1 0 0 0 0 0 0 0 19 0 47 25 2 1 9 7 29 0 19 0 15 1 0 0 2 11 0 13 0 0 0 0 0 38 19 1 0 0 0 11 0 0 0 23 1 66 2 0 0 0 2 7 0 0 0 0 0 0 1 0 0 0 0 0 0 0 0 7 0 0 0 0 2 0 0 0 8 0 0 0 0 0 0 0 0 0 0 0 0 26 0 27 28 0 0 18 15 16 16 0 1 18 1 7 3 19 0 19 0 0 0 0 0 21 0 0 0 0 0 0 28 14 0 0 0 29 35 0 0 0 0 0 0 0 1 0 0 0 0 0 0 0 0 0 0 0 0 0 0 0 0 0 0 0 0 0 0 0 0 0 0 13 1 2 74 0 1 4 0 0 0 0 0 18 0 0 0 0 0 0 0 0 0 0 0 0 18 0 41 0 0 0 0 0 0 0 0 
 0 2 0 0 0 0 0 0 0 0 0 0 0 8 64 1 0 2 0 3 46 133 394 118 104 405 469 74 164 411 320 509 130 43 186 124 417 0 102 192 4 9 4 0 0 0 0 0 3 0 0 0 40 206 7 59 0 2 0 65 3 0 51 2 0 0 0 0 0 32 0 0 3 0 0 8 61 6 0 0 0 0 0 0 0 0 0 0 0 0 0 0 0 0 0 0 0 0 0 0 12 19 0 49 24 7 0 0 13 17 13 0 0 18 2 19 7 0 5 10 0 0 0 0 0 0 0 17 0 0 0 0 0 0 0 0 1 0 11 23 7 0 5 0 21 0 0 0 0 4 0 0 0 0 0 0 0 1 0 0 0 0 0 0 0 2 0 0 0 1 0 0 2 0 0 0 0 0 0 0 0 0 41 21 20 77 0 19 10 0 9 38 0 0 10 0 5 7 0 0 10 0 0 0 0 0 0 0 0 0 0 0 66 12 11 9 0 0 0 13 0 0 0 0 0 0 0 0 0 0 0 0 0 0 0 0 0 1 2 0 0 0 0 0 0 2 0 0 0 0 0 0 0 0 11 1 3 2 0 2 2 2 0 0 0 0 14 0 0 0 0 0 0 12 0 0 0 0 0 10 0 0 0 0 0 0 0 0 0 0 
 77 3 12 4 2 76 3 2 2 32 4 3 4 86 76 80 3 2 4 4 79 111 255 137 408 242 176 404 258 106 118 36 512 254 101 83 32 102 0 199 4 1 65 2 7 1 5 0 4 80 3 0 4 0 7 1 7 7 0 2 3 5 2 4 2 1 0 0 2 6 0 6 0 4 1 1 2 2 0 0 0 0 0 0 9 0 1 0 0 0 0 0 0 0 19 0 0 0 0 0 8 0 60 0 0 19 18 0 0 10 0 39 0 18 0 0 7 0 0 9 0 0 0 0 0 0 0 0 0 0 0 0 0 0 0 0 0 0 0 0 0 0 0 0 0 0 0 0 0 0 0 0 0 1 2 0 0 0 0 0 0 2 0 0 0 7 0 0 11 0 3 0 5 0 1 0 12 0 0 0 8 57 9 40 0 0 0 29 10 34 0 10 18 0 30 12 18 3 0 0 0 0 0 0 0 0 0 0 0 2 0 0 0 0 0 10 0 0 0 0 0 0 0 0 0 0 0 1 0 0 0 0 2 0 0 0 1 0 0 0 0 0 0 0 0 0 0 0 2 0 0 0 0 2 5 0 2 1 1 1 2 2 0 0 2 0 0 0 0 0 0 0 0 0 0 20 0 0 0 0 0 0 0 0 0 0 9 0 0 0 
 203 0 0 1 28 34 0 0 0 7 74 187 2 1 0 3 0 1 0 4 163 77 87 79 65 263 254 211 155 163 190 194 229 361 168 77 123 192 199 0 0 3 21 0 62 3 0 0 3 3 2 1 3 0 9 1 0 3 0 0 5 0 2 2 0 0 0 0 0 10 0 38 0 0 0 5 0 0 0 0 0 0 0 0 0 17 0 0 0 0 0 0 0 2 0 0 0 0 0 0 0 38 23 26 0 6 47 17 29 47 28 0 7 53 34 7 13 0 15 0 1 0 0 0 0 0 0 0 0 0 0 0 0 0 0 0 0 1 0 4 0 2 0 6 1 0 0 0 0 0 0 0 0 2 0 0 0 0 0 0 0 0 0 16 1 12 0 0 0 0 2 0 0 0 0 0 0 0 0 0 14 46 7 0 8 0 4 8 11 13 0 7 11 13 28 28 53 0 18 12 0 0 0 0 0 0 0 0 0 1 0 0 0 0 0 0 0 0 0 0 0 0 0 15 0 0 2 2 0 0 0 0 1 0 0 0 2 0 0 0 0 0 0 0 0 0 74 0 2 0 0 0 0 0 10 2 5 0 0 0 4 0 0 0 0 0 0 0 0 0 0 0 0 0 0 0 0 0 0 14 0 0 0 0 0 0 7 0 0 0 
 0 0 12 0 1 0 0 0 0 0 0 0 0 6 0 0 0 0 0 2 0 0 0 2 3 31 0 0 0 0 0 0 0 0 0 0 63 4 4 0 0 323 152 162 102 23 141 102 48 113 126 99 110 75 260 101 37 192 115 159 2 0 0 0 0 1 0 0 0 0 2 1 0 0 0 2 0 0 2 1 0 0 0 0 0 0 0 0 0 0 0 0 0 0 0 0 0 0 0 0 0 0 0 0 0 22 0 0 0 0 0 26 0 0 0 0 0 0 0 0 25 11 0 20 0 0 14 10 9 11 4 0 0 1 0 15 31 2 17 0 0 0 0 0 0 0 0 0 0 0 0 0 10 0 0 0 0 0 0 11 0 0 0 0 0 0 0 4 0 0 0 0 0 0 7 0 2 0 0 0 0 0 0 0 3 11 0 0 0 0 0 0 0 0 0 0 0 0 0 0 9 0 8 10 0 17 22 15 11 30 4 11 0 3 18 10 7 0 3 18 1 0 0 0 0 0 0 0 0 0 0 0 0 0 0 0 0 0 9 0 0 0 0 0 0 0 0 0 0 0 0 4 0 20 0 0 0 63 0 0 0 0 0 66 2 0 2 0 0 0 0 0 0 0 0 0 0 0 0 0 0 0 0 0 9 0 0 24 0 0 
 0 0 0 0 0 0 3 0 3 3 0 0 0 6 0 2 0 0 0 3 0 13 0 9 0 1 0 0 0 0 4 8 0 0 2 0 6 9 1 3 323 0 214 156 113 74 368 86 83 46 85 270 248 57 122 106 246 470 151 334 0 0 0 3 0 0 0 0 0 3 0 3 16 0 0 0 0 0 2 0 0 0 0 0 0 0 0 0 0 0 0 0 0 0 0 0 0 0 0 0 0 0 0 0 4 24 0 0 0 0 0 0 0 0 0 0 0 6 0 0 0 29 33 8 6 7 11 28 0 29 6 17 7 0 19 1 0 10 24 0 0 0 0 0 0 0 0 6 1 4 0 0 19 0 0 0 1 0 86 10 0 0 0 0 0 0 11 25 0 0 0 1 0 0 0 0 6 18 0 0 0 0 0 0 0 3 0 0 0 0 0 0 0 0 0 0 0 6 0 0 1 21 21 58 0 77 21 31 20 26 17 18 0 27 17 59 23 12 22 0 4 0 0 0 0 3 6 0 0 0 0 0 26 1 0 0 0 0 0 9 0 0 0 0 0 1 0 0 0 0 0 0 1 2 0 9 0 0 0 2 0 0 2 68 2 1 2 56 0 0 0 0 0 0 0 0 0 0 0 0 0 6 0 0 21 0 0 0 0 0 
 0 0 0 0 0 0 0 0 0 0 0 0 0 5 0 0 0 0 0 2 0 6 0 6 0 63 0 0 0 0 0 2 0 0 0 0 6 4 65 21 152 214 0 167 264 26 103 265 222 116 41 32 90 177 552 149 101 69 296 37 0 0 0 0 0 0 48 3 2 0 0 2 48 53 0 0 1 0 0 57 0 0 0 0 0 0 0 0 0 0 0 0 0 0 0 0 0 0 0 0 0 0 0 0 3 17 0 0 0 0 0 24 0 0 0 0 0 6 0 0 0 11 0 1 43 15 40 0 22 105 14 12 7 21 4 28 18 23 43 0 0 19 0 0 0 0 0 0 0 0 0 0 0 0 0 0 9 0 0 1 0 0 0 0 0 0 0 0 0 0 0 0 0 0 0 0 0 0 4 0 0 0 0 0 0 3 0 0 0 0 0 0 0 0 0 0 0 6 0 0 10 17 1 10 28 1 8 12 11 25 15 0 0 6 21 15 0 19 4 0 24 0 0 0 0 0 0 0 0 0 0 0 0 5 0 0 0 0 6 0 0 0 9 0 0 0 0 0 0 0 0 9 0 0 0 0 0 0 0 20 0 0 0 1 0 0 3 0 0 0 14 0 0 0 0 0 0 0 0 0 0 6 0 0 0 13 0 11 0 0 
 0 0 15 3 6 0 0 6 0 0 0 0 0 3 0 3 0 0 0 0 0 0 0 0 0 76 2 0 0 0 3 0 0 39 0 0 56 0 2 0 162 156 167 0 170 42 166 73 207 229 259 174 88 260 125 130 179 175 311 70 0 39 2 0 0 0 0 0 5 0 4 0 1 0 27 14 0 10 1 1 0 0 0 0 0 0 0 0 2 0 0 0 0 0 0 0 0 0 0 0 0 0 0 0 0 19 0 0 0 0 0 0 0 0 0 0 0 0 0 3 0 19 7 16 2 0 12 2 29 1 22 27 0 34 10 11 0 20 6 0 0 0 8 0 0 15 0 0 4 0 6 3 0 0 2 0 0 0 8 0 0 0 0 0 3 0 0 0 0 0 0 0 0 0 0 0 1 0 0 0 0 8 0 0 0 2 0 0 0 0 0 0 0 0 0 0 0 0 0 0 0 0 0 22 27 3 0 14 0 14 2 23 3 0 31 0 21 52 0 5 0 0 0 12 0 5 81 5 2 0 5 0 22 35 0 11 0 9 0 25 0 0 0 0 0 0 0 0 0 0 0 6 0 0 0 0 0 0 0 8 0 0 1 0 1 17 3 65 2 0 8 0 0 0 0 5 0 0 0 0 0 0 0 0 0 0 0 14 0 0 
 2 2 2 2 0 2 2 2 2 2 2 2 2 2 2 2 2 2 2 2 0 1 0 1 14 0 3 0 0 0 0 0 0 0 3 0 3 0 7 62 102 113 264 170 0 80 49 320 355 370 302 61 292 49 116 268 86 281 60 59 0 0 0 0 0 0 1 0 0 0 0 0 58 1 0 0 0 0 51 51 0 0 0 0 0 0 0 0 0 0 0 0 0 0 0 0 0 0 0 0 0 0 0 0 0 0 0 0 0 0 0 0 0 0 0 0 0 14 0 0 3 4 12 8 22 21 0 0 0 0 6 7 0 6 0 0 9 31 0 14 0 22 0 0 0 0 0 0 3 4 0 0 17 11 0 0 20 0 8 13 0 0 0 0 0 0 0 4 0 0 0 0 0 0 0 0 0 0 0 0 0 0 0 0 0 0 0 0 0 0 0 0 0 0 0 0 0 0 0 0 6 0 6 34 3 46 0 0 25 11 0 6 6 0 0 11 57 0 19 4 10 0 46 9 0 0 4 10 19 0 0 0 8 19 44 6 0 0 0 15 0 0 0 0 0 0 0 0 0 0 0 10 0 2 0 0 0 0 0 2 0 0 65 43 2 0 2 35 2 0 0 0 0 0 0 0 0 0 0 0 0 4 0 0 2 0 0 0 0 0 
 3 2 3 5 2 2 3 2 2 5 3 3 3 3 3 2 2 3 3 4 0 0 0 0 7 0 0 0 0 0 0 0 1 0 0 0 3 0 1 3 23 74 26 42 80 0 43 29 65 55 72 86 58 36 55 75 121 60 265 67 0 0 52 0 0 0 0 3 0 0 0 0 52 0 2 0 35 0 30 50 0 0 0 0 0 0 0 0 0 0 0 0 0 0 0 0 0 0 22 0 0 0 0 0 0 0 0 0 9 0 0 0 14 0 0 0 0 0 0 0 2 7 15 0 2 1 0 8 0 6 26 0 0 9 10 0 0 5 0 9 18 0 10 0 0 7 0 27 1 2 0 0 16 15 0 1 0 11 10 2 0 0 0 0 2 0 0 0 0 0 0 0 0 0 0 0 0 0 0 0 0 0 0 0 0 0 0 0 0 0 0 0 0 0 0 0 0 0 0 0 10 22 11 19 2 0 0 0 7 10 8 13 0 0 0 5 8 0 0 5 1 5 22 5 0 0 12 29 15 14 0 0 20 3 40 1 1 0 0 0 3 0 0 0 0 0 0 0 0 0 0 7 0 0 0 0 0 0 0 0 0 0 0 0 0 1 5 0 0 0 0 0 57 0 0 0 0 0 0 0 0 0 0 0 10 0 0 0 19 0 
 3 2 3 2 0 2 3 2 2 2 3 3 3 3 3 2 2 2 8 2 0 0 62 0 44 63 0 0 63 0 0 0 0 0 3 63 0 0 5 0 141 368 103 166 49 43 0 133 26 30 79 69 133 190 38 67 35 334 68 110 0 2 4 3 0 3 25 0 4 3 3 54 0 0 0 3 0 0 48 3 0 29 0 0 0 0 0 0 0 0 0 0 0 0 0 0 0 0 0 0 1 1 0 0 0 0 3 0 0 0 0 1 0 0 0 0 0 0 0 0 16 39 7 3 23 0 2 1 23 24 4 4 8 7 0 6 7 12 8 6 0 0 0 2 0 0 0 0 0 0 0 0 0 0 0 0 0 0 0 0 0 0 0 0 0 0 0 0 0 0 0 0 0 0 0 25 0 0 0 0 0 0 0 1 0 0 0 0 0 0 1 0 0 0 0 0 0 0 0 0 28 7 0 20 0 8 2 10 9 19 1 0 13 1 0 2 0 8 0 13 0 0 0 3 0 0 0 0 0 0 0 2 0 0 0 2 0 3 0 0 0 0 11 0 0 0 0 0 0 0 0 16 0 0 0 0 0 29 0 0 0 0 0 0 0 0 0 1 2 0 6 0 0 0 0 4 0 0 0 0 0 0 0 0 0 0 0 0 0 0 
 0 0 0 1 0 0 0 0 0 3 2 0 0 2 0 0 0 0 0 0 0 0 1 0 0 2 0 0 0 0 0 0 0 0 5 0 0 0 0 0 102 86 265 73 320 29 133 0 359 54 106 189 266 164 229 167 41 86 292 63 1 0 0 0 2 0 54 0 0 0 0 0 71 0 0 0 0 0 2 7 0 0 0 0 0 0 0 0 0 0 0 0 0 0 0 0 0 0 0 0 0 0 0 0 20 0 0 0 0 0 0 7 0 0 0 0 0 0 0 0 1 20 0 10 28 1 7 11 14 28 0 10 0 0 0 18 36 3 0 0 0 70 0 0 0 0 0 0 0 0 0 0 10 0 0 0 0 0 0 18 0 0 0 0 0 0 0 4 0 0 0 0 0 0 0 0 0 0 1 10 0 0 0 0 0 12 0 0 0 0 0 0 0 0 0 0 0 0 0 0 16 0 1 10 0 3 16 20 5 0 7 0 0 0 0 23 9 0 0 11 20 0 0 0 0 0 0 0 0 0 0 0 0 6 0 0 0 0 0 1 0 0 3 0 0 0 0 0 0 0 0 10 0 0 0 0 0 1 0 31 0 0 0 68 2 2 0 0 0 0 13 0 0 0 0 0 0 0 0 0 0 0 0 0 1 13 0 0 0 0 
 3 3 3 3 0 3 3 3 3 3 6 3 3 3 3 6 3 3 3 3 3 3 3 23 3 3 5 3 3 3 3 3 3 3 3 3 3 3 4 3 48 83 222 207 355 65 26 359 0 208 198 48 96 51 462 86 514 327 79 84 220 2 0 51 0 0 52 2 0 0 0 0 63 0 0 0 2 0 2 0 0 0 0 0 0 0 0 0 0 0 0 0 0 0 18 0 0 0 0 0 0 0 0 0 0 0 0 0 0 0 0 1 0 0 0 0 0 0 0 0 0 0 11 4 0 15 13 6 19 11 0 7 0 14 24 55 5 33 0 0 0 34 0 0 19 4 37 1 0 8 0 11 33 8 10 4 43 1 2 0 0 0 0 0 0 0 0 1 0 0 0 0 0 0 0 0 0 0 5 0 0 0 0 0 0 1 0 0 0 10 0 0 0 0 0 0 0 0 0 0 0 15 0 26 7 1 0 0 0 12 6 11 0 0 9 21 28 10 0 0 9 9 8 0 0 0 7 0 0 0 0 0 27 23 0 0 0 0 0 16 0 0 0 0 0 0 0 0 0 0 0 7 0 0 0 0 0 0 0 27 0 0 1 65 0 0 9 3 0 0 0 0 0 0 0 0 0 0 0 0 0 0 0 0 1 25 0 0 0 0 
 0 0 0 0 0 35 0 0 0 3 0 0 0 0 0 2 0 0 0 5 0 0 0 0 0 1 0 0 0 0 0 0 0 0 0 0 0 0 80 3 113 46 116 229 370 55 30 54 208 0 311 38 79 91 157 93 58 114 360 159 0 7 0 0 0 0 51 52 0 0 0 0 52 4 53 0 0 0 5 0 0 0 0 0 0 6 3 0 0 0 0 0 0 0 0 0 0 0 0 0 0 0 0 0 0 0 0 0 0 0 0 0 0 0 0 0 0 0 0 0 0 9 11 12 9 11 0 0 0 38 22 0 0 11 11 11 0 0 0 1 10 22 0 0 0 6 23 0 10 0 0 13 9 22 4 7 35 4 0 28 0 0 0 0 0 0 0 0 0 0 0 0 0 0 0 0 6 0 0 0 0 0 0 0 0 0 0 0 0 0 0 0 0 0 0 0 0 0 0 0 0 1 2 0 2 26 2 16 0 0 28 31 0 0 6 0 0 13 0 1 10 0 0 0 0 0 2 0 13 0 0 0 64 29 4 0 2 0 68 9 0 0 0 0 0 0 0 0 63 0 0 5 0 0 0 0 0 0 0 9 0 0 2 1 70 12 2 0 0 0 0 0 0 0 0 0 0 0 0 0 0 0 0 0 12 9 0 0 0 0 
 0 0 0 0 0 0 0 0 0 2 0 0 0 0 0 0 0 0 0 0 203 0 0 0 0 276 0 0 205 20 0 0 0 0 0 0 3 0 3 2 126 85 41 259 302 72 79 106 198 311 0 135 33 238 78 176 127 56 19 61 0 0 0 0 0 0 55 0 0 0 207 0 0 56 0 0 0 0 72 55 0 0 0 0 0 0 0 0 15 0 0 0 0 0 0 0 0 8 0 0 0 0 0 0 0 12 0 0 0 0 0 0 0 0 6 0 0 0 0 0 0 27 14 0 24 35 6 0 9 27 0 12 0 37 1 12 0 40 0 0 0 0 0 22 0 4 0 0 0 1 0 10 0 0 0 0 14 17 2 3 0 0 0 0 7 0 0 0 0 0 0 0 0 18 0 0 0 0 5 0 0 0 0 0 9 16 0 0 0 0 0 0 0 0 0 0 0 0 0 0 0 0 0 1 54 7 0 0 8 9 22 1 0 0 16 0 0 10 0 0 0 0 0 0 0 0 32 3 0 0 0 0 20 53 27 0 2 0 43 15 0 0 8 0 0 0 0 0 0 0 0 7 0 1 0 0 0 0 0 1 0 0 62 0 0 0 0 4 4 0 0 0 0 0 0 0 0 0 0 0 0 0 0 0 0 0 0 11 0 0 
 0 2 0 0 0 0 0 0 0 0 0 0 0 0 0 3 0 0 0 0 0 0 0 0 0 1 0 2 0 0 0 0 0 0 0 0 3 0 0 1 99 270 32 174 61 86 69 189 48 38 135 0 269 71 260 56 140 341 30 25 0 0 0 7 0 0 0 0 0 0 0 2 0 0 0 0 0 0 2 5 0 0 0 0 0 0 0 10 0 0 0 0 0 0 0 0 0 0 0 0 0 0 0 0 0 0 0 0 0 0 0 0 0 0 0 0 0 1 0 0 0 19 20 20 7 1 1 30 0 25 40 24 0 1 18 0 8 0 0 0 0 0 0 18 0 2 0 0 1 0 0 11 41 0 0 0 11 10 16 5 0 0 0 0 4 0 0 0 0 0 0 0 0 4 0 0 0 0 1 0 0 0 0 0 0 0 0 0 0 0 0 0 0 0 0 0 0 0 0 0 0 20 3 24 1 45 4 0 10 0 31 0 0 0 0 20 0 0 0 0 0 0 0 0 12 0 8 10 0 0 0 0 12 0 5 0 0 0 0 14 0 0 9 0 0 0 0 0 0 0 0 15 0 0 0 0 0 0 0 11 0 0 1 0 0 2 0 2 6 2 0 0 0 17 0 0 0 0 0 0 0 0 0 0 35 0 0 0 1 0 
 3 3 5 4 0 3 3 3 4 6 68 3 3 9 3 4 3 3 3 5 0 0 3 2 33 61 0 206 0 0 0 34 0 0 0 0 62 40 4 3 110 248 90 88 292 58 133 266 96 79 33 269 0 163 63 162 25 42 179 60 0 0 0 7 2 0 0 3 0 0 0 2 1 4 2 2 60 3 0 0 0 0 0 0 0 10 0 0 0 0 0 0 0 0 0 0 0 0 0 0 0 0 0 9 11 23 0 0 0 9 0 17 0 0 0 0 0 10 0 0 29 1 1 7 12 0 1 14 18 0 15 6 3 12 21 16 14 1 3 2 0 0 0 1 26 2 0 0 0 0 0 0 0 0 0 0 0 0 0 3 4 0 0 0 0 0 0 0 0 3 0 0 0 0 0 0 0 0 0 0 0 0 0 0 8 23 0 0 0 22 0 0 0 0 0 16 0 0 0 0 29 11 0 0 12 0 29 8 0 21 5 0 0 13 0 1 16 22 10 9 0 0 0 0 11 0 0 0 0 0 0 0 0 0 0 0 0 0 0 0 0 0 11 0 0 0 0 0 0 0 0 9 0 0 0 0 0 0 0 0 0 0 0 0 0 0 1 0 1 0 9 0 0 0 2 0 0 0 0 0 0 0 0 0 0 0 0 9 0 0 
 0 0 0 0 2 0 0 0 0 0 0 0 0 0 0 0 0 0 0 0 0 0 0 0 0 25 0 0 0 0 0 0 0 0 1 0 206 206 0 0 75 57 177 260 49 36 190 164 51 91 238 71 163 0 124 105 136 280 263 136 0 0 6 0 2 10 0 0 10 2 5 0 0 0 49 0 0 0 2 26 0 0 0 0 0 0 0 0 0 0 0 0 0 0 0 0 0 0 0 0 0 0 0 0 0 18 0 0 0 0 0 8 0 0 0 0 0 0 0 0 0 57 34 11 9 0 20 0 0 43 22 0 0 24 20 19 0 14 17 0 11 0 0 12 0 0 0 0 0 0 0 0 2 0 0 0 0 0 0 9 0 0 0 0 0 1 0 1 0 0 0 0 0 0 0 0 6 0 0 0 0 0 0 0 0 12 0 0 0 0 5 0 0 0 0 0 0 0 0 0 1 9 13 9 0 9 0 40 17 17 0 20 4 0 41 1 10 19 17 1 1 0 0 0 1 0 7 0 0 0 0 20 0 0 0 0 0 0 0 0 0 0 9 0 0 0 0 0 0 0 0 7 0 0 0 0 0 0 0 0 0 0 0 1 0 14 0 2 2 0 0 0 0 0 0 15 0 0 0 0 0 0 0 0 0 0 0 8 0 0 
 0 0 0 0 0 0 0 0 0 0 3 0 0 0 0 0 0 0 0 65 3 3 7 3 3 65 14 7 3 10 16 3 16 6 16 3 3 7 7 9 260 122 552 125 116 55 38 229 462 157 78 260 63 124 0 193 64 272 480 112 0 0 0 0 0 1 1 0 0 0 0 0 1 1 0 0 0 0 0 4 11 0 0 0 0 0 0 0 0 0 0 0 0 0 0 0 0 0 0 0 1 9 3 6 0 11 0 0 0 0 13 1 0 0 5 3 0 0 0 0 0 2 15 13 1 0 7 0 15 34 32 10 0 22 1 11 20 20 0 2 0 0 0 0 0 5 0 19 0 0 0 0 3 0 0 0 1 0 0 0 0 0 0 0 0 0 0 7 0 0 0 0 0 0 0 0 2 0 0 0 1 1 4 0 5 1 0 5 0 2 0 0 0 0 0 0 9 0 0 0 1 10 7 5 16 30 1 0 16 49 18 15 0 0 11 10 5 10 3 0 20 0 0 0 0 18 0 0 0 0 0 0 0 0 0 0 0 0 3 20 0 0 10 0 0 0 0 0 0 31 0 3 0 1 0 0 0 0 0 0 0 0 0 3 1 0 2 0 2 0 0 0 0 0 0 0 0 0 0 0 0 0 0 0 15 0 0 20 0 0 
 6 0 5 0 4 0 5 0 0 14 0 0 0 0 4 1 27 5 0 69 0 0 0 0 3 97 0 205 0 0 0 0 0 0 5 1 0 59 1 1 101 106 149 130 268 75 67 167 86 93 176 56 162 105 193 0 94 336 30 77 0 0 34 0 0 0 0 0 50 0 0 0 0 0 0 0 0 0 2 3 0 0 5 0 0 0 0 0 0 0 8 0 0 0 5 5 0 1 0 0 0 0 0 0 0 20 0 0 0 0 0 8 0 0 0 0 0 0 0 0 0 0 0 29 0 0 24 31 14 12 32 35 0 44 0 11 5 56 0 9 0 0 0 0 0 0 15 0 0 0 0 0 0 0 0 0 0 0 0 5 0 0 0 0 0 0 0 5 0 0 0 0 5 0 3 7 1 5 0 0 0 0 0 0 0 10 0 0 0 0 1 0 0 0 0 0 0 0 0 0 13 52 0 0 10 24 5 13 8 7 30 0 2 0 13 16 0 0 0 8 0 7 0 0 0 0 0 0 0 0 0 0 0 0 0 0 0 0 0 0 0 5 10 0 0 0 0 0 0 0 0 6 0 1 0 0 0 0 0 2 0 0 1 0 0 1 2 0 0 0 0 0 0 1 0 0 0 0 0 0 0 0 0 0 15 0 0 13 0 0 
 3 3 4 3 0 3 3 3 3 3 3 3 3 3 3 4 3 3 3 3 0 0 0 0 0 0 0 0 0 0 0 0 0 0 3 0 2 0 7 0 37 246 101 179 86 121 35 41 514 58 127 140 25 136 64 94 0 176 107 96 0 0 0 0 0 0 0 0 0 0 0 1 4 0 0 16 0 0 1 1 0 0 0 0 0 0 0 0 0 0 0 0 0 0 0 0 0 0 0 0 0 0 0 12 0 0 0 0 0 0 1 0 0 0 0 0 0 0 0 0 1 29 28 25 24 17 1 0 26 24 19 17 0 31 36 54 4 13 8 0 4 0 0 0 0 0 0 2 0 0 0 0 3 14 0 0 0 0 8 48 0 0 0 0 0 0 0 1 0 0 0 0 0 0 0 0 4 0 0 0 0 0 0 19 0 1 0 0 0 0 0 0 0 0 0 0 0 0 0 0 15 5 10 78 0 22 0 26 10 24 1 10 0 0 12 22 28 19 1 0 0 0 0 0 0 0 19 0 12 0 0 0 20 0 0 0 0 0 0 3 0 0 1 0 0 0 0 0 0 0 0 0 0 1 0 0 0 0 0 1 0 0 0 0 0 10 0 4 0 0 6 0 0 0 0 0 0 0 0 0 0 0 1 0 22 0 0 0 0 0 
 0 0 0 3 3 0 0 2 0 0 0 0 0 0 0 0 0 0 0 0 2 3 2 3 3 136 2 3 2 3 3 3 5 4 5 2 5 2 7 3 192 470 69 175 281 60 334 86 327 114 56 341 42 280 272 336 176 0 70 48 0 2 61 0 4 11 0 0 8 4 10 0 0 0 0 3 0 0 0 5 0 0 0 0 0 0 0 0 0 0 0 0 0 0 0 0 0 0 0 0 0 46 0 0 0 25 0 0 0 0 0 0 0 0 0 0 0 0 0 0 0 29 13 3 16 0 15 0 21 40 1 27 0 11 11 18 1 25 8 0 1 0 1 10 0 0 0 0 0 0 0 0 0 0 0 0 0 0 0 17 0 0 0 0 0 0 0 3 0 0 0 17 0 0 0 0 2 0 0 0 0 0 0 0 0 0 0 0 0 0 0 0 14 0 0 0 0 0 0 0 15 0 8 19 0 23 0 11 20 31 0 5 1 0 24 0 2 32 1 0 0 0 0 0 0 0 0 0 0 0 0 8 0 0 0 0 0 0 0 0 0 0 9 0 0 0 0 0 0 0 0 11 0 1 0 0 0 0 0 3 0 1 1 0 2 19 3 0 0 0 8 0 0 0 0 9 0 0 0 0 0 0 0 0 0 0 0 15 0 0 
 0 0 0 3 0 0 3 0 3 43 0 0 4 3 0 2 0 0 2 0 0 29 82 36 65 1 2 0 70 0 6 1 0 2 62 65 0 0 0 0 115 151 296 311 60 265 68 292 79 360 19 30 179 263 480 30 107 70 0 909 0 47 0 0 3 0 0 0 0 0 0 0 0 0 0 0 0 0 0 0 4 0 0 0 0 0 4 0 0 0 0 0 0 6 0 0 0 0 0 2 0 0 23 0 1 15 0 0 0 0 0 18 0 0 0 0 0 8 0 0 36 14 2 1 16 0 2 1 21 13 22 0 46 14 36 16 20 26 21 16 0 0 0 0 0 0 0 0 0 0 20 0 0 0 0 0 0 0 0 0 4 0 0 0 0 0 0 0 0 0 0 0 0 3 0 3 1 0 3 2 0 0 1 0 10 1 0 18 0 0 0 20 0 0 0 0 0 9 12 0 19 0 0 19 0 0 5 21 0 38 16 0 20 21 20 0 0 39 17 0 7 0 0 0 0 0 0 0 0 0 0 0 0 0 0 0 0 0 0 0 0 0 0 0 0 0 0 0 0 0 0 8 0 0 0 0 0 64 0 0 0 0 2 0 0 20 2 0 0 0 6 0 0 0 0 0 0 0 0 0 0 0 0 0 0 21 0 0 0 0 
 0 0 0 0 0 0 2 0 2 0 0 0 0 2 0 0 2 0 0 0 0 62 84 64 62 0 0 0 143 0 0 85 0 0 5 53 62 65 2 0 159 334 37 70 59 67 110 63 84 159 61 25 60 136 112 77 96 48 909 0 7 1 0 0 3 4 3 3 0 3 2 0 2 0 0 7 13 0 2 3 0 0 0 0 0 0 0 0 0 0 0 0 0 0 0 4 0 0 0 0 0 0 6 0 0 1 0 0 0 0 1 5 0 0 0 0 0 0 0 0 50 27 0 0 5 0 0 0 10 7 0 0 9 0 23 10 5 1 8 2 7 3 19 0 3 0 3 1 0 1 0 1 0 7 1 5 0 4 0 12 0 0 0 0 0 0 0 8 0 0 0 0 0 0 0 0 3 0 0 0 0 0 0 16 11 24 0 1 0 0 22 11 0 0 0 18 0 18 0 1 9 0 22 10 0 8 20 0 10 28 0 10 10 30 34 0 0 1 11 34 0 4 0 0 0 0 0 0 0 16 0 0 0 7 0 0 0 0 0 0 0 0 0 0 0 0 2 0 0 0 0 16 0 1 0 0 1 112 0 2 0 6 2 2 0 14 13 0 3 0 0 0 0 0 0 0 0 0 0 0 0 0 0 0 0 11 0 0 0 0 
 0 0 0 0 0 0 0 0 0 12 0 0 0 2 0 0 0 0 0 0 3 20 2 9 3 37 4 19 2 8 5 7 52 3 3 2 3 3 3 5 2 0 0 0 0 0 0 1 220 0 0 0 0 0 0 0 0 0 0 7 0 206 106 36 35 46 175 392 160 28 37 490 164 151 323 157 94 80 51 433 0 0 0 0 0 0 0 0 0 0 0 0 0 0 0 0 0 0 0 0 1 0 0 4 0 0 0 2 0 0 4 0 0 0 2 28 0 4 0 0 0 0 0 0 0 0 4 0 0 0 0 0 0 0 0 0 1 0 0 0 1 37 0 0 48 0 22 1 19 23 6 1 0 17 10 31 1 10 0 0 0 0 14 0 0 0 0 0 0 0 18 0 0 0 0 0 0 0 0 8 0 0 0 7 0 0 0 0 0 0 5 10 0 0 0 0 0 5 0 0 0 0 0 0 21 0 0 5 0 0 0 0 5 0 1 0 0 0 0 0 20 64 10 21 10 0 7 0 20 21 0 29 0 6 0 18 34 23 0 9 0 0 0 0 0 0 0 0 0 0 0 0 0 0 14 0 0 0 0 0 0 0 8 0 0 0 7 0 0 0 11 0 1 19 0 0 0 0 0 0 0 0 0 0 0 1 0 0 0 0 
