 0 248 70 142 38 28 282 233 212 29 26 36 365 138 262 117 72 31 229 43 0 0 0 2 0 0 86 82 0 0 0 0 0 0 0 0 1 0 72 2 1 0 0 3 4 0 4 0 0 4 0 0 0 0 0 0 3 0 2 0 39 0 0 5 0 0 0 3 0 0 0 0 1 0 3 0 2 2 0 2 10 1 29 13 19 0 35 18 14 35 14 0 8 2 29 19 37 14 10 11 0 0 0 0 0 0 0 0 0 0 0 0 6 0 0 0 0 0 16 19 0 1 0 0 0 0 0 0 0 0 0 0 0 0 0 0 0 0 0 0 0 0 0 0 3 0 0 16 0 0 0 0 0 11 0 0 0 0 0 0 13 43 54 21 0 18 70 11 2 12 0 19 0 9 18 30 0 11 0 0 0 0 0 10 0 0 0 0 0 0 0 0 2 0 0 0 0 0 10 14 0 0 13 0 2 0 0 0 0 0 0 0 0 0 7 0 0 0 0 0 0 0 0 0 0 0 0 0 0 0 0 0 0 1 0 0 2 0 0 15 0 0 0 0 0 2 2 0 2 89 0 4 2 0 0 0 0 0 0 0 0 0 0 0 0 0 0 0 0 0 0 0 0 0 0 0 0 0 0 0 0 0 0 0 0 0 0 0 0 0 
 248 0 199 78 11 330 184 77 108 137 195 147 357 361 145 138 176 79 129 69 0 0 0 0 0 0 0 0 0 1 0 2 0 2 0 0 0 8 229 2 2 0 0 3 0 0 2 1 1 2 0 0 0 0 0 37 0 0 2 0 0 0 0 7 0 0 0 3 0 47 0 0 0 0 3 0 2 2 0 2 13 15 16 0 0 16 23 41 33 27 12 3 13 1 0 40 64 10 0 1 0 0 0 0 1 0 0 1 0 0 0 1 19 0 0 0 0 0 0 17 0 0 0 0 0 0 0 0 0 0 0 0 0 0 0 0 0 0 0 0 0 0 0 3 0 0 0 0 0 0 0 0 0 0 0 7 5 1 0 0 0 3 38 10 11 19 1 8 0 14 49 34 0 21 47 23 10 0 0 0 0 0 16 2 0 0 0 0 0 0 0 0 0 19 14 1 0 0 15 35 0 0 0 0 0 0 0 0 0 0 0 0 0 0 0 0 0 0 0 0 2 0 0 0 1 0 0 0 0 0 0 0 0 0 7 0 0 0 4 0 0 0 0 0 0 2 2 1 0 1 0 11 20 0 1 0 2 0 0 0 0 0 0 0 0 0 2 1 0 0 0 0 0 0 0 11 39 1 0 0 0 0 0 0 0 0 0 0 0 0 
 70 199 0 103 116 194 335 290 95 224 132 259 76 154 140 31 56 225 71 256 32 32 22 0 20 0 0 22 22 0 22 0 2 2 0 0 0 25 1 2 4 0 0 2 0 0 1 0 0 0 0 0 0 2 0 0 0 0 2 3 0 0 0 0 0 0 0 3 44 7 0 0 0 0 2 0 2 2 0 2 0 22 0 2 12 48 0 6 45 58 34 0 17 2 14 8 0 30 4 2 1 0 1 0 0 0 2 0 0 0 0 0 0 1 0 0 0 0 20 0 0 0 0 0 0 0 0 0 0 0 0 0 0 0 0 0 0 0 0 0 0 0 0 0 2 0 0 0 0 0 0 0 0 0 10 0 0 0 0 0 20 13 0 20 1 0 0 9 0 0 13 68 0 0 0 2 0 25 0 0 0 0 0 0 0 0 2 0 0 0 0 0 18 1 0 0 0 0 0 5 0 0 0 0 0 0 0 0 0 0 0 0 0 0 0 0 0 0 0 0 0 0 2 0 0 1 0 0 0 0 0 0 12 0 0 0 0 0 0 1 0 11 0 0 0 2 1 0 2 1 0 19 0 0 0 0 0 17 0 0 0 0 0 0 0 0 0 0 0 0 0 0 0 0 0 0 14 0 0 0 0 0 0 0 0 0 0 0 0 0 
 142 78 103 0 335 139 71 144 140 107 254 222 73 65 48 138 138 335 70 55 0 0 2 0 1 0 35 2 33 0 0 45 155 0 2 0 0 1 102 103 0 0 0 3 0 0 34 0 0 0 65 0 0 0 0 0 4 0 2 5 0 0 0 0 0 0 0 3 32 0 0 0 0 0 3 0 2 2 0 2 0 10 13 6 2 13 0 0 10 0 23 64 0 0 5 0 0 2 23 2 34 10 0 0 0 2 27 26 4 0 0 0 24 13 32 16 0 0 25 11 2 0 0 14 0 0 0 0 0 1 0 0 0 4 0 12 23 0 0 0 0 0 2 0 0 2 0 0 0 0 0 0 0 0 0 0 4 0 0 0 29 17 2 33 8 14 0 9 16 11 0 14 0 1 0 1 0 21 0 0 0 14 0 0 0 1 18 0 8 0 0 0 37 12 1 22 0 0 18 0 0 16 0 0 0 0 0 0 0 0 0 0 0 0 0 0 0 0 0 0 15 0 0 0 0 0 0 0 0 0 0 0 0 0 0 1 0 0 0 0 0 9 0 0 0 4 0 0 0 2 0 6 0 0 0 0 0 0 0 0 0 0 0 0 0 0 0 0 0 0 0 0 0 0 0 9 0 0 0 0 0 0 0 0 0 0 0 0 0 0 
 38 11 116 335 0 49 47 60 376 110 366 49 75 65 40 85 142 82 71 64 75 75 0 0 0 2 149 74 0 77 0 0 129 80 0 0 22 0 0 148 2 0 0 0 0 0 0 0 0 0 0 0 0 2 0 2 0 0 0 1 0 0 10 11 2 2 0 5 7 0 1 0 0 0 52 1 3 0 0 5 0 0 0 20 32 30 0 0 0 0 0 9 0 0 0 0 1 22 0 0 44 7 0 0 4 0 8 38 14 0 0 0 14 15 35 38 0 0 0 16 0 0 0 0 0 0 0 0 0 0 0 0 0 0 0 7 0 0 0 0 0 0 0 0 0 0 0 0 0 0 0 0 0 0 0 0 0 0 0 0 18 0 0 0 39 10 0 3 3 0 0 0 0 0 0 6 0 0 0 0 24 11 0 0 0 0 17 0 7 0 0 0 40 1 0 55 0 0 13 0 0 0 0 0 0 10 0 0 0 0 0 0 0 0 0 0 0 0 0 0 0 0 0 0 0 0 0 0 10 0 0 0 0 0 0 0 0 0 0 0 0 0 0 0 0 0 3 0 3 0 43 14 0 0 20 0 0 0 0 0 0 0 0 0 0 1 0 0 2 0 0 0 0 0 0 16 0 0 0 0 0 0 0 0 0 0 0 0 0 0 
 28 330 194 139 49 0 40 28 134 58 671 365 43 41 123 319 388 231 276 276 0 0 0 1 0 0 0 75 0 1 2 0 76 2 0 2 0 0 136 38 0 0 0 3 0 4 2 0 0 0 2 0 0 0 0 0 0 0 2 9 0 0 0 0 0 3 5 3 55 0 0 0 0 0 3 0 2 2 0 2 0 21 0 0 0 37 0 9 19 13 0 17 0 9 0 20 16 17 10 9 0 12 0 1 0 0 0 4 17 0 16 2 22 16 0 0 0 0 6 12 0 0 0 0 0 13 0 0 0 17 0 0 0 0 0 0 0 0 0 0 0 17 0 2 0 0 0 0 0 0 0 0 0 0 0 2 4 0 0 0 11 0 0 7 22 14 0 0 0 15 35 13 0 0 0 0 0 0 0 0 29 1 0 0 2 0 0 11 0 26 0 0 0 15 0 2 0 0 34 35 0 0 0 0 0 0 0 0 0 0 0 0 0 0 0 0 0 0 0 0 0 0 0 0 0 0 0 0 0 0 0 0 0 0 0 0 0 0 2 0 0 26 0 0 0 1 6 0 1 11 0 4 0 0 1 0 0 0 0 0 0 0 0 0 0 0 0 0 0 0 0 0 0 0 0 16 11 0 0 0 0 0 0 0 0 18 0 0 0 0 
 282 184 335 71 47 40 0 46 43 116 134 124 148 321 110 77 37 55 190 57 0 3 5 0 2 0 2 5 6 0 0 3 0 0 0 0 5 7 0 2 0 0 0 4 0 6 1 0 4 0 2 0 0 0 0 0 2 2 82 4 0 0 0 3 7 3 0 3 0 71 6 2 0 1 41 3 7 2 0 5 1 30 9 0 0 0 10 1 1 35 43 0 15 24 36 52 37 1 0 27 0 0 0 0 0 0 0 0 0 0 0 0 1 0 0 0 0 0 0 15 0 0 0 0 0 0 0 0 0 0 0 0 0 0 2 0 0 0 0 0 2 0 0 0 6 0 0 0 0 0 0 0 0 0 0 0 0 0 0 0 11 12 28 19 0 0 32 38 2 15 18 1 25 39 0 76 0 15 28 12 0 0 0 0 0 0 12 0 0 0 0 0 0 0 7 0 0 0 0 1 0 0 0 0 0 0 0 0 0 0 0 0 0 0 0 0 0 0 0 0 0 0 0 0 0 0 0 0 0 0 0 0 0 0 0 0 0 0 0 0 0 0 0 0 0 0 0 0 2 0 0 2 0 0 0 0 0 0 0 0 0 0 0 0 0 0 0 0 0 0 0 0 0 0 0 0 0 0 0 0 0 0 0 0 0 0 0 0 0 0 
 233 77 290 144 60 28 46 0 80 211 34 106 353 279 100 46 39 127 58 275 0 0 0 1 0 0 0 0 0 0 0 0 0 0 0 0 0 0 1 4 2 0 0 1 0 0 0 0 0 0 0 0 0 0 0 0 0 0 2 0 0 0 0 0 0 0 0 3 0 0 0 0 30 0 2 0 2 2 0 2 0 9 10 10 8 0 0 17 20 28 0 0 0 1 7 0 20 14 0 0 0 0 0 0 0 0 0 0 0 0 0 0 10 0 0 0 0 0 33 1 0 0 0 0 0 0 0 0 0 0 0 0 0 0 0 0 0 0 0 0 0 0 0 9 0 0 0 0 0 0 0 0 0 0 0 0 0 0 0 0 0 24 43 15 0 1 0 7 5 0 0 14 1 8 25 0 26 2 2 8 0 0 0 0 0 0 0 0 0 0 0 0 1 1 0 0 0 0 16 1 0 0 0 0 0 0 0 0 0 0 0 0 0 0 0 0 0 0 0 0 0 0 0 0 0 0 6 0 0 0 0 0 0 0 0 0 0 0 0 0 0 0 0 0 0 0 46 0 0 73 0 9 10 0 0 0 0 0 0 0 0 0 0 0 0 0 0 0 0 0 0 0 0 0 0 0 0 2 0 0 0 0 0 0 0 0 0 0 0 0 
 212 108 95 140 376 134 43 80 0 240 133 292 111 178 93 172 267 118 149 54 0 65 0 0 2 0 0 1 0 0 0 0 0 0 0 0 0 0 0 2 0 0 0 2 0 0 1 0 0 0 0 0 0 60 0 0 0 0 2 5 0 0 0 0 0 0 0 3 30 0 0 0 0 0 2 0 2 2 0 2 0 31 11 0 12 0 18 0 15 0 43 0 0 1 0 0 14 11 0 6 0 0 0 0 0 0 0 11 0 0 0 0 0 0 0 0 0 0 17 8 0 0 0 0 0 0 0 0 0 0 0 0 0 0 0 0 0 0 0 0 0 0 0 0 12 0 0 0 0 0 15 0 0 0 0 0 0 0 0 0 36 1 35 40 11 11 3 24 21 27 14 36 13 11 14 15 0 15 5 1 3 0 0 0 0 0 0 0 0 0 0 0 31 0 0 0 0 0 0 35 0 0 0 0 0 0 0 0 0 0 0 0 0 0 0 0 0 0 0 0 0 0 0 0 0 0 0 0 0 0 0 0 0 0 0 0 1 0 0 0 0 10 0 0 0 1 0 0 2 1 0 8 11 9 0 0 0 0 0 0 0 0 0 0 0 0 0 0 0 0 0 0 0 0 0 0 0 0 0 0 0 0 0 0 0 0 0 0 0 3 
 29 137 224 107 110 58 116 211 240 0 208 193 152 133 304 251 181 45 87 186 0 0 0 0 0 0 1 77 0 0 2 1 2 0 2 0 1 0 74 2 1 2 0 3 0 2 3 0 0 0 0 0 0 0 0 0 0 0 2 0 0 0 0 0 0 0 0 3 0 4 0 0 0 0 3 0 2 2 0 3 11 0 14 33 25 0 0 17 33 24 23 0 0 9 0 0 24 68 0 0 0 0 0 1 1 0 53 24 0 1 0 0 0 0 13 1 0 0 9 19 0 0 0 0 0 0 0 0 0 9 0 0 0 0 0 0 0 0 0 2 0 0 0 0 0 0 0 0 0 0 0 0 1 0 0 0 0 2 0 0 19 15 1 5 20 32 1 3 7 0 12 0 0 0 14 16 14 20 14 2 0 1 0 0 0 0 0 14 0 0 0 0 17 0 0 0 0 0 22 14 0 0 0 0 0 0 0 1 0 0 0 2 0 0 0 0 0 0 0 0 0 0 0 0 1 0 0 0 0 1 0 0 0 0 0 0 0 0 0 0 0 0 0 0 0 5 175 1 1 89 15 13 0 0 0 0 0 0 0 0 0 0 21 0 0 0 0 0 0 0 0 0 0 0 0 0 0 10 0 0 0 0 0 0 0 0 0 0 0 0 
 26 195 132 254 366 671 134 34 133 208 0 448 38 45 47 175 200 580 40 167 0 0 0 2 0 0 25 0 0 20 0 0 165 0 0 5 0 0 75 86 0 0 0 3 0 0 2 0 0 0 0 0 0 0 0 0 0 0 2 14 0 2 0 0 0 0 0 3 46 0 0 0 0 0 3 0 2 2 0 2 1 9 26 11 12 28 0 14 28 14 15 40 0 0 1 11 0 1 0 0 29 14 0 0 0 0 11 15 14 0 0 0 10 14 16 5 0 0 15 0 0 0 0 0 0 0 0 0 0 0 0 0 0 0 0 11 0 0 1 0 0 0 0 0 0 0 0 0 0 0 0 0 0 0 0 0 2 0 0 0 9 0 0 1 16 14 0 9 19 15 0 9 0 0 1 0 0 15 0 0 0 19 0 0 0 0 0 1 28 0 0 0 33 0 1 18 0 0 9 37 0 0 0 0 2 0 0 0 0 0 0 0 0 0 0 22 0 0 0 0 0 0 0 0 0 0 0 0 0 0 0 0 0 1 0 0 2 0 0 0 0 0 0 0 0 2 2 0 6 4 0 16 0 0 0 0 0 0 0 0 0 0 0 0 0 0 4 0 0 0 0 0 0 0 0 10 2 0 0 0 0 0 0 0 0 0 0 0 0 0 
 36 147 259 222 49 365 124 106 292 193 448 0 46 120 362 251 162 181 257 135 0 0 2 90 0 1 0 3 2 0 0 1 73 23 2 0 2 0 0 2 2 0 2 2 0 0 1 2 0 0 2 2 0 0 0 0 0 0 2 11 0 0 0 3 0 0 0 3 56 0 0 3 0 43 2 0 2 2 0 2 0 6 40 7 11 5 0 11 48 35 24 9 8 14 36 11 43 26 0 1 0 2 0 0 0 2 0 0 0 0 0 0 0 0 0 0 0 0 44 20 2 0 0 0 0 0 0 0 0 0 0 0 0 0 0 0 0 0 0 0 0 0 2 0 4 2 2 0 0 0 0 0 0 0 0 0 0 0 0 0 19 57 3 0 0 22 0 5 8 17 52 16 0 3 1 20 1 45 19 0 0 0 0 0 0 1 0 1 0 1 0 0 14 1 0 0 0 0 0 44 0 0 0 0 0 0 1 0 0 0 0 0 0 0 0 0 0 0 0 0 0 1 0 11 0 0 0 0 0 0 0 0 0 0 0 0 0 0 0 0 0 0 0 0 0 4 3 2 2 107 1 8 4 0 0 0 2 0 0 0 0 0 0 0 2 0 0 0 0 0 0 0 0 0 0 0 12 0 0 0 0 0 0 0 0 0 0 0 0 0 
 365 357 76 73 75 43 148 353 111 152 38 46 0 212 362 330 252 31 161 43 72 0 0 0 0 0 2 1 2 0 64 0 0 0 0 3 0 0 0 4 0 0 2 35 0 0 3 0 0 0 0 2 0 0 0 1 0 0 2 0 0 0 0 0 36 0 0 3 0 0 0 0 0 3 3 0 2 2 0 2 45 0 1 15 11 0 43 11 0 14 34 0 0 8 0 28 59 2 15 23 0 0 2 0 6 0 0 0 0 0 0 0 0 0 0 0 0 0 0 0 0 19 0 0 0 0 0 0 0 0 0 0 0 0 0 0 0 0 0 0 6 0 0 0 0 0 0 0 0 0 0 0 0 0 0 0 0 0 0 0 0 0 12 0 0 0 1 3 17 0 0 0 55 0 0 39 0 0 22 20 0 0 13 0 0 0 0 0 0 0 0 0 0 0 0 0 0 0 0 0 0 0 15 0 0 0 0 0 0 21 0 0 0 0 0 0 0 0 0 0 0 0 0 0 0 0 0 0 0 0 0 0 0 0 0 0 0 0 0 0 0 0 0 0 0 0 0 0 0 1 0 13 0 0 0 0 0 0 0 0 0 0 0 0 0 0 0 0 0 0 0 0 0 0 0 2 0 0 0 0 0 0 0 0 0 0 0 0 0 0 
 138 361 154 65 65 41 321 279 178 133 45 120 212 0 360 77 45 52 392 387 0 0 3 0 0 0 0 0 0 0 1 80 0 0 2 0 2 0 0 2 1 0 0 3 0 0 3 0 0 0 0 2 0 0 0 0 0 1 2 0 0 0 0 0 0 0 0 3 0 0 0 0 0 0 3 0 2 2 0 2 9 14 8 0 0 0 58 1 30 15 34 1 9 34 42 20 13 20 24 15 0 0 0 0 0 0 0 0 0 0 2 0 0 0 0 0 0 0 1 0 0 0 0 0 0 0 0 2 4 0 50 2 0 0 0 0 0 0 0 0 0 0 0 0 3 0 0 0 0 11 0 0 0 0 0 0 0 0 0 0 12 30 29 0 2 1 23 10 0 25 51 18 1 36 13 31 2 21 9 0 0 0 0 1 0 0 0 0 0 0 0 0 0 0 0 0 0 0 0 1 0 2 1 0 0 0 0 0 0 2 0 0 0 0 5 0 0 0 0 0 0 0 0 0 0 0 0 0 0 0 1 0 0 0 0 0 0 0 0 0 0 0 0 0 0 2 0 0 0 0 0 0 0 0 0 0 0 0 0 0 0 0 0 0 0 0 0 0 0 0 0 0 0 0 0 0 0 0 0 0 0 0 0 0 0 0 0 0 0 0 
 262 145 140 48 40 123 110 100 93 304 47 362 362 360 0 63 43 123 162 298 0 0 0 0 2 2 0 0 2 2 0 0 1 0 0 0 0 0 3 2 2 1 0 3 0 3 3 0 64 0 0 0 3 0 0 0 0 0 2 0 3 0 0 2 0 2 0 3 4 0 0 2 0 0 3 0 2 2 0 2 28 33 13 0 0 0 61 9 11 2 58 1 8 36 0 27 29 55 34 23 0 0 0 0 0 0 0 1 0 0 0 1 0 0 0 0 0 0 0 0 0 0 0 0 14 0 0 0 0 0 0 0 0 0 0 0 0 0 0 0 0 0 0 0 0 0 0 0 0 0 0 0 0 1 0 0 0 0 0 0 11 1 39 17 0 0 25 24 7 35 17 13 17 11 44 22 23 0 0 6 0 0 0 2 1 0 0 0 0 0 0 0 0 0 0 1 0 0 0 2 0 0 0 0 0 0 0 0 0 0 0 0 0 0 0 0 0 0 0 0 2 0 0 0 0 0 0 0 0 0 0 0 0 0 0 0 0 0 0 0 0 1 0 0 0 0 0 2 0 49 0 4 0 0 0 0 2 0 0 0 0 0 0 0 2 0 0 0 0 0 0 0 0 0 0 0 1 0 0 0 0 0 0 0 0 0 0 0 0 0 
 117 138 31 138 85 319 77 46 172 251 175 251 330 77 63 0 492 40 260 48 1 0 0 3 0 207 0 3 0 0 0 3 73 0 0 0 0 0 0 2 4 0 0 3 0 0 2 0 2 0 0 67 0 0 0 0 0 0 2 1 0 0 3 0 0 0 0 5 50 0 0 0 3 3 3 0 3 2 0 2 11 30 30 24 15 0 31 22 24 37 24 9 15 2 14 10 19 10 13 1 0 0 0 0 0 2 0 0 0 0 0 0 0 0 0 0 0 0 32 0 0 0 0 0 0 0 0 0 0 0 0 0 0 1 0 0 0 0 0 0 0 0 0 2 0 0 2 0 0 0 0 1 0 0 0 0 0 0 0 0 1 27 37 0 46 0 0 10 24 17 15 12 0 16 53 38 26 2 18 20 0 0 0 0 0 0 0 1 0 0 0 0 11 15 0 0 0 0 19 13 0 0 9 0 0 0 0 0 0 0 0 0 0 0 0 0 0 0 0 0 0 0 0 0 0 0 0 0 0 0 0 0 0 0 0 0 0 0 1 0 0 0 0 0 0 0 80 2 4 2 0 1 0 0 0 0 0 0 0 0 0 0 0 0 0 0 0 0 0 0 0 0 0 0 0 0 9 4 0 0 0 0 0 0 0 0 0 0 0 0 
 72 176 56 138 142 388 37 39 267 181 200 162 252 45 43 492 0 504 30 45 2 0 0 0 0 1 0 4 0 0 0 0 140 0 0 0 0 2 80 17 1 0 0 4 0 0 4 0 0 0 0 0 0 0 0 0 0 28 5 2 0 0 3 6 2 26 0 3 1 0 3 41 0 0 3 4 2 2 0 2 44 0 26 21 11 30 0 0 1 0 12 27 0 0 20 12 10 0 0 0 0 0 0 0 0 0 10 0 0 0 0 0 33 17 22 0 0 0 28 0 0 0 0 0 0 0 0 0 0 0 0 0 0 0 0 0 0 0 0 0 0 0 0 4 0 0 0 0 0 0 0 0 0 0 0 5 5 0 0 0 0 17 25 9 15 19 0 0 18 0 9 0 0 0 0 0 0 10 0 0 0 14 0 0 0 0 0 19 0 0 0 0 19 6 0 0 0 0 10 18 0 0 15 0 0 0 0 0 0 0 0 0 0 0 0 0 0 0 0 0 0 0 0 0 1 0 0 0 0 0 0 0 0 0 0 0 0 0 0 0 0 0 0 0 0 0 1 0 0 2 0 7 2 0 0 0 0 0 0 0 20 0 0 0 0 0 0 0 0 0 0 0 0 0 0 24 0 0 0 0 0 0 0 0 0 0 0 0 0 0 
 31 79 225 335 82 231 55 127 118 45 580 181 31 52 123 40 504 0 48 119 0 0 0 1 0 0 79 75 74 1 3 0 40 0 0 3 5 1 74 156 21 0 3 3 3 3 2 0 3 3 0 3 0 2 2 0 0 0 2 0 0 3 2 3 0 0 0 5 1 3 0 0 0 0 6 3 4 2 3 2 11 19 0 9 12 23 0 11 1 20 11 30 0 0 6 39 35 0 0 0 17 18 0 0 1 0 10 47 0 0 1 0 0 10 27 10 0 1 14 2 0 0 0 0 0 1 0 1 0 0 0 0 0 0 0 0 0 0 0 0 14 0 0 0 0 0 0 0 0 1 0 0 0 0 0 2 6 0 0 0 16 0 0 0 32 31 0 11 0 0 13 6 0 0 13 0 0 22 0 0 0 20 0 0 0 0 0 14 44 0 0 0 14 11 0 17 0 0 10 0 0 0 0 0 0 0 0 0 0 0 0 0 0 0 0 0 0 0 0 0 0 0 0 0 0 0 0 0 1 0 0 0 0 0 0 0 0 0 0 0 0 0 0 0 0 0 88 0 0 106 0 5 0 0 0 0 0 0 0 0 0 0 10 0 0 2 0 0 0 0 1 0 0 22 0 2 3 0 0 0 0 0 0 0 0 0 0 0 0 0 
 229 129 71 70 71 276 190 58 149 87 40 257 161 392 162 260 30 48 0 107 1 0 39 0 0 0 0 0 0 2 0 0 0 0 0 82 0 3 4 2 0 2 2 5 2 0 2 0 3 0 2 0 3 0 1 0 0 0 4 0 0 0 0 2 0 0 0 9 0 0 0 0 3 10 3 0 2 2 4 54 21 14 8 0 0 0 17 0 0 14 45 0 28 0 33 2 24 5 0 18 0 0 0 0 0 0 11 0 0 0 0 0 0 0 0 0 0 0 0 0 0 0 0 0 0 0 0 0 0 0 0 0 0 1 0 0 0 0 16 0 34 0 0 1 3 0 7 0 0 0 0 0 22 0 0 0 0 0 0 1 12 6 32 18 1 1 16 15 16 14 0 0 10 11 0 34 0 0 0 0 0 0 0 0 0 0 0 0 0 0 11 0 0 0 0 0 0 0 0 0 0 0 0 2 0 0 0 0 0 0 0 0 0 0 0 7 0 0 0 1 0 0 0 0 0 0 1 0 0 0 0 0 0 0 0 0 7 0 0 0 0 0 0 0 0 1 1 1 4 2 0 6 0 0 0 0 0 0 0 2 0 2 0 0 0 0 0 0 0 0 0 0 0 0 0 0 0 0 0 0 0 0 0 0 0 0 0 0 0 0 
 43 69 256 55 64 276 57 275 54 186 167 135 43 387 298 48 45 119 107 0 0 0 0 0 0 0 0 0 0 0 0 0 0 0 0 0 0 0 1 2 0 0 0 3 0 0 2 0 0 0 0 0 0 0 0 0 0 0 2 0 0 0 0 0 0 0 0 3 0 2 0 0 0 0 3 0 2 2 0 3 27 30 10 0 0 2 14 0 13 1 0 7 0 14 0 26 14 0 12 0 2 0 0 0 0 0 0 0 0 0 0 12 0 0 0 0 0 0 0 0 0 0 0 0 0 0 0 0 0 0 0 0 0 27 0 0 0 0 0 0 0 0 0 0 0 0 0 0 0 0 0 0 0 0 0 0 0 0 0 0 0 2 32 12 0 0 81 13 0 16 0 0 27 16 18 0 11 0 17 16 0 0 0 0 0 0 0 1 21 0 0 0 0 0 0 0 0 0 0 0 0 0 0 0 0 0 0 0 2 0 0 0 0 0 0 2 0 4 0 0 0 0 0 0 0 0 0 0 0 0 0 0 0 0 0 0 0 0 0 0 0 0 0 0 0 2 0 0 0 12 2 9 0 0 0 0 0 0 0 0 1 0 0 0 0 0 0 0 0 0 0 0 0 1 0 0 0 0 0 0 0 0 0 0 0 0 0 0 0 0 
 0 0 32 0 75 0 0 0 0 0 0 0 72 0 0 1 2 0 1 0 0 118 159 42 91 30 475 133 109 99 125 25 118 125 185 77 261 86 323 138 2 0 0 62 0 0 0 0 2 0 0 0 0 0 2 0 0 3 3 0 0 2 0 0 76 2 42 3 0 0 3 1 0 3 0 0 3 0 41 0 0 0 0 6 0 0 0 0 0 0 0 12 0 0 0 0 6 12 0 0 3 30 14 0 11 23 0 30 24 33 1 0 9 7 12 10 0 16 9 1 0 0 2 0 1 0 0 0 0 0 0 0 0 0 0 0 0 0 11 16 0 0 0 0 0 0 0 0 2 0 0 0 0 0 21 0 14 0 0 0 0 0 0 0 0 10 0 0 6 0 0 0 0 0 0 6 0 0 0 0 14 35 6 1 11 0 18 0 3 0 13 0 0 6 40 10 22 18 11 0 0 0 0 0 0 0 9 0 0 6 0 0 9 0 0 0 0 0 0 0 0 0 0 0 0 0 0 0 0 0 0 0 0 0 0 8 0 0 0 0 0 0 0 0 0 0 0 0 74 0 7 0 0 0 12 0 0 84 0 0 1 0 0 0 0 0 13 0 0 0 0 0 0 0 0 0 0 0 0 0 0 9 0 0 0 0 1 0 0 0 
 0 0 32 0 75 0 3 0 65 0 0 0 0 0 0 0 0 0 0 0 118 0 536 132 117 327 185 390 123 118 220 40 337 275 432 44 246 133 52 139 4 0 0 3 0 0 0 0 2 0 0 2 0 0 0 0 0 3 10 0 0 2 5 0 0 0 10 3 0 0 2 3 0 2 0 4 7 0 0 0 0 0 0 0 0 0 16 0 0 2 0 0 0 0 0 0 0 0 0 0 11 25 3 19 15 19 9 11 27 12 11 0 14 22 0 32 19 18 13 1 0 0 0 0 0 0 0 0 0 2 0 0 0 0 0 0 0 0 13 28 0 0 0 0 0 0 0 0 0 0 0 0 0 0 1 0 0 0 0 0 0 0 0 0 0 0 0 0 14 0 0 0 0 0 0 5 0 0 0 0 0 30 48 13 27 10 60 1 11 11 21 13 0 0 28 0 21 28 12 1 0 0 0 0 0 0 8 0 0 0 0 0 15 0 0 0 0 0 0 0 0 0 0 0 0 0 0 0 0 0 0 21 0 0 0 0 0 0 0 0 0 0 0 0 0 0 0 0 0 1 0 0 0 0 16 0 0 159 0 0 0 38 0 0 0 0 15 0 0 0 0 0 0 0 0 0 0 0 0 1 0 6 0 0 0 0 0 0 0 0 
 0 0 22 2 0 0 5 0 0 0 0 2 0 3 0 0 0 0 39 0 159 536 0 106 93 46 164 325 301 47 123 59 294 189 196 144 564 301 48 106 5 0 0 3 0 0 0 1 2 0 0 0 7 0 0 0 0 3 9 0 0 2 0 0 0 0 3 3 0 0 2 3 0 2 0 0 3 0 0 0 0 0 0 1 0 2 0 0 0 0 0 0 0 0 0 0 0 0 0 0 0 47 1 18 8 46 0 10 5 21 11 7 10 0 0 12 47 12 21 0 6 0 0 0 0 0 8 0 15 0 0 0 5 1 0 0 0 0 8 12 0 0 0 0 0 0 0 0 1 0 0 0 0 0 0 0 0 0 0 0 0 0 0 0 0 0 0 0 0 0 0 0 0 0 0 0 0 0 0 0 17 19 27 20 20 11 18 0 27 9 9 14 0 0 7 0 14 15 1 0 13 0 13 0 0 0 12 0 9 0 0 0 7 0 0 0 0 0 8 0 40 0 0 0 0 0 0 0 0 0 0 0 0 0 1 0 0 0 0 0 0 0 1 0 0 0 0 0 0 0 0 0 0 0 4 2 0 46 0 0 0 1 0 0 0 0 1 0 0 0 0 0 0 0 0 0 0 0 0 0 0 0 0 0 0 0 2 0 0 0 
 2 0 0 0 0 1 0 1 0 0 2 90 0 0 0 3 0 1 0 0 42 132 106 0 179 31 196 62 197 253 367 209 62 69 59 52 123 114 50 54 1 63 0 3 0 5 19 2 6 1 3 3 0 23 6 0 6 2 72 24 3 0 1 5 7 2 0 3 0 11 0 0 0 0 0 0 5 0 6 0 0 0 2 0 0 0 0 0 0 0 0 0 0 0 0 0 0 0 0 0 13 0 23 14 40 13 0 0 0 0 0 0 0 17 0 32 0 0 0 0 0 14 0 0 0 0 8 8 0 27 0 0 6 22 28 9 0 0 59 8 0 0 4 0 0 0 7 0 0 0 0 0 0 0 0 2 0 1 0 3 0 0 2 0 0 0 0 0 0 0 0 0 0 0 0 0 0 0 0 0 20 11 12 24 0 11 0 0 11 12 30 29 0 0 19 0 3 8 0 0 0 1 0 0 0 0 0 29 8 0 0 0 22 0 24 13 0 0 30 30 2 0 0 0 0 0 0 0 0 2 0 0 0 0 0 0 0 0 0 0 0 0 0 0 0 0 0 0 0 0 0 0 0 0 9 0 2 6 75 0 0 0 0 0 0 0 0 0 0 0 0 0 0 0 0 0 0 0 0 0 0 0 0 0 0 0 0 0 0 0 
 0 0 20 1 0 0 2 0 2 0 0 0 0 0 2 0 0 0 0 0 91 117 93 179 0 288 50 159 93 367 461 149 300 72 80 75 54 117 242 128 3 0 2 4 0 0 3 0 10 3 0 0 1 31 0 0 6 4 78 62 0 2 0 0 0 0 3 3 0 0 2 3 0 2 0 0 4 0 0 0 0 0 0 0 11 0 0 0 0 0 0 0 0 0 0 0 0 0 0 0 0 7 7 0 41 17 0 30 0 21 0 0 0 0 0 0 0 26 24 0 8 43 8 2 0 0 1 1 75 2 0 0 20 9 14 7 0 0 9 23 0 0 0 0 0 0 0 0 0 0 0 0 0 0 0 0 0 0 0 4 0 0 0 0 0 0 0 0 0 0 14 0 0 0 0 0 0 0 0 0 2 0 2 12 22 0 0 0 0 9 8 11 0 0 6 11 2 18 0 10 33 32 43 0 0 0 34 0 20 0 0 0 7 0 15 9 10 0 25 11 0 0 5 0 0 0 0 11 0 0 0 0 0 0 0 0 0 0 0 0 0 0 0 0 0 0 0 0 0 0 0 0 0 0 1 0 3 125 77 0 4 1 2 0 0 0 1 0 0 0 0 0 0 0 0 0 0 0 0 0 0 0 0 0 0 0 0 0 0 0 
 0 0 0 0 2 0 0 0 0 0 0 1 0 0 2 207 1 0 0 0 30 327 46 31 288 0 257 42 49 127 300 432 42 58 135 291 399 54 41 45 34 126 0 3 0 0 169 0 21 0 0 1 146 0 123 64 0 3 99 66 1 2 0 0 0 0 3 3 2 0 56 3 0 2 0 0 3 2 0 0 0 0 0 0 15 0 0 0 0 0 0 0 0 0 0 0 0 0 0 1 0 0 0 4 7 48 0 0 0 0 10 19 0 0 0 0 9 0 0 0 0 12 14 1 14 0 2 11 1 1 25 0 0 9 34 0 13 0 12 1 0 0 6 0 0 0 4 4 0 0 0 1 0 0 0 0 2 7 0 10 0 0 0 0 0 0 1 0 0 6 0 0 0 0 0 0 0 0 0 0 0 0 8 10 22 55 0 0 25 32 1 9 0 0 0 0 13 16 0 0 7 13 0 0 0 0 25 33 10 0 0 0 24 18 10 48 0 0 0 0 0 0 0 0 0 0 0 11 0 0 0 0 0 0 0 0 0 0 0 0 0 0 1 0 0 0 0 0 0 0 0 0 0 0 18 0 4 2 74 1 1 1 0 0 0 1 20 0 0 0 8 0 0 0 0 0 0 0 0 0 0 0 0 0 11 0 0 0 0 0 
 86 0 0 35 149 0 2 0 0 1 25 0 2 0 0 0 0 79 0 0 475 185 164 196 50 257 0 103 51 119 327 33 426 210 134 139 224 105 60 36 3 0 2 5 0 0 0 61 2 0 0 0 0 0 0 0 0 3 3 0 52 51 0 0 0 2 2 3 0 0 3 1 0 3 0 0 3 0 0 0 0 0 0 11 13 2 0 0 0 0 0 18 0 0 0 0 0 0 0 0 27 4 24 13 10 23 19 25 18 25 9 0 9 25 0 39 0 2 0 1 0 0 0 0 0 0 0 0 0 0 0 0 0 0 0 0 2 0 18 0 0 0 2 0 0 0 0 26 1 0 0 0 0 21 0 0 0 0 0 0 1 1 3 0 24 0 0 0 0 2 0 0 0 0 0 0 0 0 0 0 11 39 33 14 1 20 25 9 30 39 11 47 1 2 10 2 9 20 9 1 0 0 0 0 0 0 0 0 0 0 0 2 13 1 0 0 0 0 1 0 0 0 0 0 0 0 3 0 8 0 0 0 0 0 0 0 0 0 0 13 0 0 0 0 0 0 0 0 0 0 0 0 0 0 10 0 2 96 0 0 2 10 0 0 0 0 0 0 0 0 0 0 0 0 0 11 0 0 0 1 0 0 0 0 0 0 0 0 0 0 
 82 0 22 2 74 75 5 0 1 77 0 3 1 0 0 3 4 75 0 0 133 390 325 62 159 42 103 0 306 115 43 76 118 70 259 255 28 124 159 133 2 0 0 3 0 0 0 0 40 0 0 0 0 0 0 0 0 3 3 0 0 2 0 0 0 0 3 3 0 0 2 3 0 4 0 0 4 0 0 6 0 0 0 12 11 50 0 0 0 0 0 0 0 0 0 0 0 0 0 0 18 15 1 10 9 11 22 8 0 11 16 11 13 17 21 10 10 16 9 32 0 0 0 0 0 0 19 0 0 0 0 0 8 0 0 7 0 0 24 0 0 0 0 0 0 0 0 0 1 0 0 0 0 0 2 12 0 0 0 0 0 8 0 0 12 8 0 3 0 0 0 0 0 0 0 0 0 0 10 0 9 17 15 18 17 21 0 12 0 3 38 1 14 7 14 10 0 0 10 14 6 0 0 0 0 0 11 0 0 0 0 8 0 0 0 0 0 0 17 0 0 0 0 0 0 0 0 0 0 0 0 0 0 0 0 0 0 0 0 0 0 0 0 0 0 0 24 0 0 0 0 0 0 0 6 2 2 42 0 0 11 0 17 0 0 0 1 0 0 0 0 0 0 0 0 0 0 0 0 0 0 0 0 12 0 12 0 0 0 0 
 0 0 22 33 0 0 6 0 0 0 0 2 2 0 2 0 0 74 0 0 109 123 301 197 93 49 51 306 0 300 63 452 124 155 148 135 115 118 300 61 16 0 0 6 0 3 207 0 4 0 0 0 0 3 0 0 0 4 89 72 0 2 5 0 0 9 2 3 0 0 3 2 0 4 0 0 3 1 0 3 0 0 0 0 0 0 0 0 0 11 0 0 15 0 0 0 0 0 0 0 0 0 13 0 53 28 0 0 0 19 8 13 0 14 0 9 16 46 27 0 0 18 7 0 0 0 21 9 0 0 0 6 8 11 0 0 2 0 37 0 0 0 0 0 0 0 0 0 0 0 0 0 0 0 0 0 0 0 7 1 0 0 1 0 0 0 0 5 0 0 0 0 0 0 0 1 0 0 6 0 0 27 45 22 26 21 1 1 12 10 54 1 0 0 9 0 13 41 16 0 14 28 19 0 0 0 27 0 0 0 0 0 0 3 12 7 0 0 35 19 0 2 0 2 0 0 0 0 0 0 0 0 0 16 15 0 0 0 0 0 0 0 0 0 0 0 0 0 0 0 0 0 0 0 10 3 0 226 0 2 8 0 0 0 0 0 1 0 0 0 0 2 0 9 0 0 0 0 0 10 0 0 0 0 0 0 16 0 0 0 
 0 1 0 0 77 1 0 0 0 0 20 0 0 0 2 0 0 1 2 0 99 118 47 253 367 127 119 115 300 0 176 211 73 204 302 379 183 101 54 78 4 2 0 3 0 0 1 0 2 0 0 0 61 0 0 0 0 3 68 57 0 2 0 0 0 1 3 4 0 0 3 3 0 2 0 0 3 0 0 0 0 0 0 0 12 20 0 0 0 0 0 0 0 0 0 0 2 0 0 0 1 9 44 0 44 22 0 0 12 23 0 27 0 8 0 36 53 39 0 12 2 29 0 0 0 0 0 0 0 0 0 0 0 3 0 0 0 1 33 0 0 0 0 0 0 1 0 0 0 0 0 0 0 0 0 0 0 0 0 0 0 0 1 0 0 0 0 15 0 0 0 0 1 0 0 0 0 0 0 0 14 20 32 9 2 18 25 9 10 9 21 1 0 1 11 3 24 30 0 0 23 24 37 0 0 0 23 0 0 0 0 0 23 9 0 0 0 0 34 18 2 0 0 0 0 0 0 0 9 0 0 0 0 0 0 4 0 0 0 0 0 0 2 0 0 0 0 0 0 0 0 0 0 21 7 2 2 88 0 2 3 3 0 0 0 0 6 0 0 0 0 0 0 0 0 0 0 0 0 9 0 0 0 0 2 0 1 0 0 0 
 0 0 22 0 0 2 0 0 0 2 0 0 64 1 0 0 0 3 0 0 125 220 123 367 461 300 327 43 63 176 0 181 66 36 87 82 86 376 68 44 67 63 0 3 0 38 28 0 6 0 0 0 0 0 25 0 3 4 57 64 0 2 0 0 0 1 2 3 0 0 2 2 0 2 0 0 3 0 0 46 0 0 0 0 0 0 0 0 0 7 0 0 0 0 2 0 0 0 0 21 0 0 22 12 38 13 2 0 2 14 0 0 0 0 0 0 23 66 12 0 0 26 0 16 0 0 16 1 9 8 0 0 2 21 0 9 2 0 10 18 0 19 0 0 0 0 0 0 0 0 0 0 0 0 0 0 0 0 0 0 0 0 4 1 0 0 0 1 0 0 0 0 0 0 0 0 0 0 0 0 10 0 9 36 18 5 0 0 0 35 22 31 0 0 36 0 14 19 0 0 41 18 47 0 0 0 71 0 14 0 0 0 16 0 11 0 8 11 33 2 0 0 0 0 0 0 0 0 0 0 0 0 2 0 0 0 0 0 2 0 0 0 0 0 0 0 0 0 0 0 0 0 0 0 9 0 0 125 75 0 0 2 0 0 0 0 1 0 0 0 0 0 1 0 0 0 0 0 0 0 0 0 0 0 0 0 2 0 0 0 
 0 2 0 45 0 0 3 0 0 1 0 1 0 80 0 3 0 0 0 0 25 40 59 209 149 432 33 76 452 211 181 0 38 130 126 115 110 66 30 54 3 2 0 3 0 33 21 1 2 0 209 1 64 2 0 0 1 3 85 63 0 2 0 0 0 0 3 3 0 5 2 3 0 2 0 0 3 0 0 0 0 0 0 0 0 0 0 0 0 0 0 0 0 0 0 0 0 0 0 0 0 0 19 12 24 3 0 0 0 11 14 31 0 0 0 21 20 123 0 0 0 21 0 2 0 0 25 0 11 9 0 1 63 6 0 0 0 0 36 13 0 0 0 0 0 0 0 0 0 0 0 2 0 0 0 0 1 0 0 0 0 0 0 0 0 0 2 4 0 0 0 0 0 0 0 0 0 0 10 0 2 9 36 5 1 24 0 44 10 13 61 19 0 0 0 0 16 55 0 0 13 8 7 0 0 0 17 0 7 0 0 0 0 12 10 0 0 0 24 28 0 0 0 7 2 0 0 0 0 0 0 0 0 0 0 0 0 0 0 0 0 0 0 0 0 0 0 0 0 0 0 0 0 0 9 0 0 150 4 1 15 0 0 0 0 0 0 0 0 0 0 0 0 0 0 0 0 0 0 9 0 0 0 0 0 0 0 0 0 0 
 0 0 2 155 129 76 0 0 0 2 165 73 0 0 1 73 140 40 0 0 118 337 294 62 300 42 426 118 124 73 66 38 0 76 34 36 41 48 428 215 2 0 0 5 0 5 0 6 4 0 0 0 0 0 0 0 0 4 3 2 0 2 0 2 0 3 3 3 0 0 2 3 0 3 0 0 3 0 0 2 7 0 6 6 14 55 0 7 0 0 0 44 0 1 0 0 0 0 1 1 13 38 0 0 0 0 32 64 40 0 0 11 2 7 64 17 2 0 15 17 0 0 0 0 0 11 0 0 0 0 0 0 0 0 0 40 0 0 0 0 0 0 0 2 0 0 0 0 0 0 0 0 0 0 0 0 0 22 0 0 0 0 0 0 22 0 0 0 17 1 1 0 0 0 0 3 0 10 0 0 8 32 0 8 9 0 12 23 44 0 20 0 59 1 7 26 1 0 41 24 0 0 0 0 0 0 0 13 0 0 0 8 0 0 0 0 0 0 0 0 0 0 0 0 0 0 0 2 0 9 0 0 0 0 0 0 0 0 0 0 0 0 0 0 0 0 0 0 84 0 0 0 0 0 3 0 0 0 0 0 4 2 0 0 0 0 0 0 0 0 0 0 0 0 0 1 0 0 0 0 0 0 0 8 0 0 0 0 0 0 
 0 2 2 0 80 2 0 0 0 0 0 23 0 0 0 0 0 0 0 0 125 275 189 69 72 58 210 70 155 204 36 130 76 0 137 188 311 168 172 145 3 0 2 3 0 0 0 0 2 0 0 0 0 0 0 0 2 3 4 0 0 2 6 6 1 1 6 3 0 0 6 2 0 48 0 6 3 0 0 0 0 0 0 0 29 0 0 0 0 0 0 0 0 0 0 0 0 0 0 2 14 18 43 27 56 32 0 12 42 33 26 0 12 46 5 37 7 0 11 0 0 0 0 1 0 0 0 0 0 0 0 0 0 0 0 0 0 0 1 0 0 0 0 0 0 0 0 0 0 0 0 0 0 0 0 0 0 0 15 0 0 0 0 0 0 0 0 0 1 0 0 0 0 1 0 1 1 0 0 0 35 33 20 16 0 0 28 19 47 0 29 10 1 9 6 0 13 16 2 0 0 0 0 0 0 0 0 0 0 0 0 0 0 0 0 0 0 0 0 11 0 0 0 0 0 0 0 0 12 0 0 0 0 0 0 0 2 0 0 0 0 0 0 0 0 0 0 0 0 0 0 0 0 0 0 0 0 5 0 2 1 14 0 0 0 0 0 0 0 0 0 0 0 0 0 0 0 0 0 0 0 2 0 0 0 0 11 0 0 0 
 0 0 0 2 0 0 0 0 0 2 0 2 0 2 0 0 0 0 0 0 185 432 196 59 80 135 134 259 148 302 87 126 34 137 0 162 277 208 54 142 3 0 0 9 0 1 0 0 2 0 0 5 66 0 0 0 0 3 14 78 0 2 0 0 0 2 2 5 0 0 3 1 0 3 0 0 3 0 0 77 0 0 0 1 0 0 0 0 0 0 21 0 0 0 0 0 0 0 0 0 13 16 22 7 30 63 0 13 18 0 10 7 4 35 0 13 31 20 3 0 0 0 0 0 0 0 2 0 0 0 0 0 0 9 0 0 0 0 3 0 0 0 0 2 0 0 0 0 0 0 0 0 0 0 0 0 0 0 0 0 0 0 1 0 2 0 0 0 6 0 0 0 0 0 0 8 0 0 0 0 1 43 61 20 12 12 0 0 58 31 19 0 0 0 10 0 35 51 2 0 24 20 0 0 0 0 28 0 0 0 0 0 39 0 0 0 0 0 0 11 0 0 0 0 0 0 0 2 0 0 0 0 0 0 0 0 0 0 0 0 0 0 1 0 0 0 0 0 0 0 0 0 0 0 1 0 3 109 1 0 1 11 0 0 0 0 5 0 0 0 0 0 0 0 0 0 0 0 0 0 0 0 0 0 0 0 0 0 0 0 
 0 0 0 0 0 2 0 0 0 0 5 0 3 0 0 0 0 3 82 0 77 44 144 52 75 291 139 255 135 379 82 115 36 188 162 0 131 34 114 72 68 0 0 3 0 0 29 0 2 0 0 0 62 0 0 0 1 3 7 28 0 2 0 0 0 0 2 3 0 0 4 3 0 2 0 0 3 1 32 0 0 0 0 0 0 0 0 0 0 9 0 0 0 0 2 0 0 0 0 0 14 6 32 20 10 34 20 3 19 22 40 32 7 0 0 1 29 9 0 0 0 0 0 0 0 0 38 0 0 0 0 0 17 4 0 0 0 0 18 1 0 0 0 0 0 0 0 0 10 0 0 0 0 0 0 0 0 0 0 0 0 0 10 0 0 0 0 0 0 5 0 0 0 0 0 0 0 0 3 0 11 1 74 10 26 10 23 27 63 0 15 12 1 10 0 8 12 23 7 0 0 0 0 0 0 0 12 0 0 0 0 0 10 10 0 0 1 0 19 20 0 0 0 0 0 0 0 4 0 0 0 0 2 0 0 0 0 0 2 0 0 0 23 0 0 0 0 0 0 0 0 0 0 0 15 0 0 1 2 0 7 0 0 0 0 0 0 0 0 0 0 0 0 0 0 0 0 0 0 0 0 13 0 0 0 0 0 0 0 0 
 1 0 0 0 22 0 5 0 0 1 0 2 0 2 0 0 0 5 0 0 261 246 564 123 54 399 224 28 115 183 86 110 41 311 277 131 0 173 32 119 5 0 0 4 0 64 0 0 2 0 0 0 65 0 0 0 0 3 4 2 0 2 0 0 0 1 3 3 0 0 2 3 0 2 0 0 3 0 0 0 0 0 0 1 11 13 0 0 0 0 0 0 0 0 0 0 0 0 0 0 9 20 14 15 4 20 0 12 52 1 0 20 21 29 0 63 49 9 4 10 0 0 0 0 11 0 0 0 1 0 0 0 1 1 0 0 0 0 28 0 0 0 0 0 0 0 0 0 0 0 0 0 0 0 0 0 0 0 0 0 0 0 1 0 0 0 0 0 4 0 0 0 0 0 0 37 13 0 0 0 0 36 46 1 1 0 47 0 29 0 19 14 0 0 0 10 49 45 2 0 2 0 0 0 0 0 20 0 0 0 0 0 4 0 0 0 0 0 0 19 11 0 0 0 0 0 0 0 8 0 0 0 0 0 2 0 0 0 0 0 0 0 0 0 0 0 0 0 0 0 0 0 0 0 5 0 1 81 0 2 2 10 0 0 0 0 18 0 0 0 0 0 0 0 0 0 0 0 0 9 0 0 0 0 0 0 0 0 0 0 
 0 8 25 1 0 0 7 0 0 0 0 0 0 0 0 0 2 1 3 0 86 133 301 114 117 54 105 124 118 101 376 66 48 168 208 34 173 0 29 125 65 0 0 3 0 3 0 0 9 0 0 2 1 0 3 1 4 3 3 0 0 2 0 0 26 2 2 3 0 0 3 1 0 3 0 0 3 2 0 0 0 1 0 0 2 0 0 2 0 0 0 0 0 0 0 0 0 0 0 0 0 7 1 28 14 17 0 15 0 23 0 4 0 0 0 10 41 10 1 0 0 12 0 0 0 2 16 0 20 0 0 0 25 33 0 0 0 0 15 14 0 0 0 0 0 0 0 0 0 0 0 0 0 0 20 0 0 0 0 0 0 0 2 0 0 0 0 0 0 0 0 0 0 12 0 0 0 0 0 0 11 0 13 10 14 1 13 0 12 21 33 28 13 0 19 0 34 18 0 0 14 0 22 0 0 0 57 0 11 0 0 0 33 10 0 1 0 0 30 0 0 0 0 0 0 0 0 0 0 0 0 1 0 0 0 0 0 0 0 0 0 0 19 0 0 0 0 0 0 0 0 0 0 1 4 0 0 78 42 3 2 14 0 2 0 0 27 0 0 0 0 0 0 0 0 0 0 28 0 0 0 0 0 0 0 0 0 0 0 0 
 72 229 1 102 0 136 0 1 0 74 75 0 0 0 3 0 80 74 4 1 323 52 48 50 242 41 60 159 300 54 68 30 428 172 54 114 32 29 0 128 4 0 0 3 0 0 0 0 2 0 0 0 0 0 0 0 0 3 3 0 0 2 0 0 0 1 5 3 0 0 2 2 0 2 0 0 3 0 0 0 0 0 1 9 0 40 0 0 11 0 0 24 0 0 0 17 21 0 0 0 10 10 0 1 0 0 0 6 16 0 27 0 24 0 0 0 13 0 35 38 0 0 2 0 0 0 0 12 0 0 0 0 0 0 0 0 0 1 0 0 0 0 0 7 0 0 2 0 2 0 0 0 0 0 0 3 4 0 0 0 0 0 0 0 28 9 0 0 0 0 20 0 1 0 0 0 0 0 0 0 30 1 14 15 3 0 9 26 0 26 12 0 8 47 1 10 0 0 50 53 0 0 0 0 0 0 0 0 0 0 0 0 0 0 8 0 0 0 0 0 0 0 0 0 0 0 0 0 11 0 0 0 0 0 0 0 0 0 0 0 0 0 1 0 0 0 21 0 0 0 0 0 0 0 4 0 0 1 0 2 2 2 11 0 0 0 0 0 0 0 0 0 0 0 0 11 13 0 0 0 0 0 0 0 0 18 12 0 0 0 
 2 2 2 103 148 38 2 4 2 2 86 2 4 2 2 2 17 156 2 2 138 139 106 54 128 45 36 133 61 78 44 54 215 145 142 72 119 125 128 0 2 0 0 3 0 0 0 0 2 0 0 0 0 0 0 0 0 3 77 0 0 2 0 0 0 0 2 3 0 0 2 3 0 2 0 0 3 0 0 0 0 0 0 22 0 25 0 0 0 0 0 38 0 0 0 1 0 0 0 0 24 75 0 8 0 0 14 12 22 0 10 0 45 7 11 4 11 12 8 3 0 0 0 0 0 0 2 0 0 0 0 0 0 2 0 8 0 0 0 21 0 0 2 0 9 0 0 1 0 1 0 0 0 0 0 0 1 0 0 1 0 0 0 0 26 16 0 0 0 0 10 0 0 0 0 0 0 0 0 0 20 31 0 11 1 0 0 22 13 19 0 0 1 55 33 0 23 14 26 2 0 0 0 0 0 0 0 0 0 0 0 2 1 0 0 1 0 0 0 0 0 2 0 9 0 0 0 0 0 0 0 0 0 0 0 0 0 0 0 0 0 0 0 0 0 0 0 0 0 0 0 0 0 0 6 2 0 0 0 0 2 0 2 0 0 0 0 0 0 0 0 0 0 0 0 9 1 0 0 0 0 16 0 0 0 14 0 0 0 0 
 1 2 4 0 2 0 0 2 0 1 0 2 0 1 2 4 1 21 0 0 2 4 5 1 3 34 3 2 16 4 67 3 2 3 3 68 5 65 4 2 0 105 158 254 31 35 200 43 247 28 37 37 138 73 40 41 34 249 62 101 0 0 0 0 0 6 0 8 0 0 0 0 0 0 0 0 2 0 0 0 0 0 0 0 0 0 0 0 0 0 0 0 0 0 0 0 0 0 0 0 0 0 0 0 0 0 0 0 1 0 0 14 1 0 0 0 0 0 0 0 7 0 28 4 0 0 36 19 36 23 0 0 2 1 0 0 21 0 0 4 0 0 0 0 0 0 0 0 0 0 14 0 1 0 0 0 0 0 0 0 0 0 0 0 0 0 0 0 0 4 0 0 0 0 0 0 0 0 0 0 0 0 2 0 13 16 0 0 0 0 2 12 0 0 0 0 0 0 0 0 13 21 0 0 0 0 35 0 20 0 0 0 1 41 11 29 0 20 8 0 0 0 0 0 0 0 0 0 0 0 0 0 0 0 0 0 0 0 0 0 0 0 0 0 0 0 2 0 0 0 0 5 0 0 0 0 0 2 63 0 1 0 2 0 0 0 0 0 0 0 0 0 0 0 0 0 0 0 0 0 0 0 0 0 1 0 0 0 0 3 
 0 0 0 0 0 0 0 0 0 2 0 0 0 0 1 0 0 0 2 0 0 0 0 63 0 126 0 0 0 2 63 2 0 0 0 0 0 0 0 0 105 0 117 367 51 316 154 126 391 88 35 26 314 37 60 87 56 62 129 98 6 0 0 5 0 0 0 0 0 0 0 1 4 15 0 14 0 0 0 2 0 0 0 0 0 0 18 0 0 0 0 21 0 0 0 0 0 0 0 0 0 0 0 0 0 0 0 0 0 0 0 0 0 0 0 0 0 0 0 0 10 0 0 20 18 12 62 3 0 13 21 10 0 1 0 16 19 62 0 9 0 3 15 0 0 0 8 6 0 0 5 0 14 22 0 0 0 0 11 7 0 0 0 0 0 0 0 0 0 0 0 0 0 0 12 0 0 0 0 0 0 0 0 0 0 32 0 0 0 0 0 11 0 0 0 0 0 0 0 0 0 0 10 0 11 4 14 35 1 15 21 18 2 0 10 5 0 16 6 20 2 1 0 9 0 0 15 0 0 0 6 0 36 0 0 0 0 0 32 6 0 0 0 0 0 0 0 0 0 0 0 0 0 2 0 0 0 0 1 1 0 0 0 1 0 1 2 0 0 0 0 0 0 0 0 0 0 0 0 0 0 0 0 0 3 0 0 0 0 0 
 0 0 0 0 0 0 0 0 0 0 0 2 2 0 0 0 0 3 2 0 0 0 0 0 2 0 2 0 0 0 0 0 0 2 0 0 0 0 0 0 158 117 0 172 39 106 79 224 161 384 120 125 146 133 223 123 78 120 46 24 0 1 0 0 0 7 2 5 3 0 0 0 0 2 0 2 0 53 0 3 0 0 0 0 0 0 0 0 0 0 0 0 0 0 0 0 10 0 0 0 0 0 0 0 13 0 0 0 0 0 0 0 0 0 0 0 0 0 0 0 17 16 7 3 0 3 33 8 27 24 6 25 0 6 31 15 4 0 6 29 0 0 0 0 0 0 0 0 0 0 18 44 0 0 0 0 0 0 13 6 0 0 0 0 0 0 0 0 0 0 0 0 0 0 0 0 0 0 21 0 0 0 0 0 0 0 0 0 0 0 0 0 0 0 0 0 0 0 0 0 28 20 8 19 10 4 1 1 16 19 5 41 0 0 8 5 12 15 0 15 0 0 0 0 0 0 0 0 0 0 0 0 9 4 0 0 1 0 7 0 0 0 0 0 0 0 0 0 0 0 0 20 0 0 0 0 0 0 0 9 0 0 83 0 2 2 4 0 0 0 0 0 0 0 0 0 0 0 0 0 0 0 0 0 9 16 0 36 0 0 
 3 3 2 3 0 3 4 1 2 3 3 2 35 3 3 3 4 3 5 3 62 3 3 3 4 3 5 3 6 3 3 3 5 3 9 3 4 3 3 3 254 367 172 0 155 100 314 132 464 86 150 330 83 77 284 87 49 128 269 250 0 0 0 0 51 4 0 61 0 0 0 0 54 0 54 6 0 0 62 61 0 0 0 0 0 0 0 0 0 0 0 0 0 0 0 0 0 0 0 0 0 0 0 0 0 0 0 0 0 0 0 0 0 0 0 0 0 0 0 0 0 0 0 8 0 10 14 13 14 21 10 9 0 22 0 9 0 17 0 2 0 0 0 0 0 0 32 27 5 9 1 14 24 37 0 0 0 2 8 6 0 0 0 0 0 0 0 0 0 0 0 0 0 0 0 0 0 0 0 0 0 0 18 0 0 0 0 0 0 0 0 0 0 0 0 0 0 0 0 0 11 27 10 13 16 0 0 7 0 11 0 9 0 0 0 0 0 0 0 0 9 1 20 0 10 0 7 36 20 6 0 4 0 0 27 5 9 1 1 0 0 0 0 0 0 0 0 0 0 0 0 10 0 1 0 0 0 0 0 1 0 0 2 0 4 2 0 0 0 0 6 0 0 0 0 0 0 0 0 0 0 0 0 0 0 0 0 0 0 0 
 4 0 0 0 0 0 0 0 0 0 0 0 0 0 0 0 0 3 2 0 0 0 0 0 0 0 0 0 0 0 0 0 0 0 0 0 0 0 0 0 31 51 39 155 0 90 51 41 84 132 210 239 68 69 45 99 42 111 76 72 0 0 0 4 0 0 102 48 2 0 0 0 1 81 26 52 2 3 91 78 0 0 0 0 0 0 0 0 0 0 0 0 0 0 0 0 0 29 0 0 0 0 0 0 0 0 0 0 0 0 0 0 0 0 0 0 0 0 0 0 0 0 0 0 14 2 0 0 0 0 0 22 0 0 0 0 0 4 0 0 10 10 0 0 0 0 20 28 3 0 0 10 9 20 18 0 1 0 17 27 0 0 0 0 0 0 0 0 0 0 0 0 0 5 0 0 0 0 0 0 0 0 0 0 0 0 0 0 0 0 0 0 0 0 0 0 0 0 0 0 0 0 0 7 29 21 0 4 6 8 4 0 0 0 0 0 3 7 0 0 35 26 18 10 0 0 17 22 30 7 32 0 2 17 21 11 0 22 17 27 0 0 0 0 0 0 0 0 0 0 0 2 0 0 0 0 0 0 0 1 0 0 0 64 1 6 0 1 0 0 0 0 0 0 0 0 0 0 0 0 0 0 7 0 13 0 0 0 0 0 
 0 0 0 0 0 4 6 0 0 2 0 0 0 0 3 0 0 3 0 0 0 0 0 5 0 0 0 0 3 0 38 33 5 0 1 0 64 3 0 0 35 316 106 100 90 0 54 138 191 124 87 203 56 62 89 95 285 131 59 34 0 0 0 0 0 1 0 4 0 0 0 3 50 0 2 0 0 2 60 17 0 0 0 0 0 0 0 0 0 0 0 0 0 0 0 0 0 0 0 0 0 0 0 4 0 0 0 0 0 0 0 0 0 0 0 0 0 0 0 0 0 0 0 9 0 11 3 15 1 25 10 11 0 6 11 4 6 10 0 0 0 0 0 0 0 0 18 18 0 20 0 7 31 19 26 0 0 5 23 12 0 0 0 0 0 0 0 0 0 0 0 0 0 0 0 0 0 0 0 0 0 0 0 0 0 0 0 0 0 0 4 11 0 0 0 0 0 2 0 0 0 0 0 2 22 1 0 6 0 0 2 4 14 4 0 0 11 9 3 0 14 10 15 0 7 0 8 16 9 1 26 0 25 0 11 1 38 8 10 11 0 0 2 0 0 0 0 0 0 0 0 8 0 0 0 0 0 0 5 1 0 0 11 3 54 1 5 6 0 0 0 0 43 0 0 0 0 0 0 0 0 0 0 0 38 0 0 0 0 0 
 4 2 1 34 0 2 1 0 1 3 2 1 3 3 3 2 4 2 2 2 0 0 0 19 3 169 0 0 207 1 28 21 0 0 0 29 0 0 0 0 200 154 79 314 51 54 0 105 53 55 38 45 361 144 103 249 29 26 205 98 0 57 0 0 0 0 0 0 0 3 0 0 0 0 5 0 0 4 0 0 0 0 0 0 0 0 0 0 0 0 0 0 0 0 0 0 0 0 0 0 0 0 0 11 1 0 0 0 0 0 7 13 0 0 0 0 0 9 0 0 0 12 11 0 11 0 26 7 0 0 10 0 14 8 18 0 13 0 0 9 0 0 6 0 0 0 26 0 0 0 0 0 0 5 0 0 0 1 0 33 0 0 0 0 0 0 0 0 0 4 0 0 0 3 0 0 0 0 5 0 0 0 13 0 33 21 0 0 0 11 18 10 0 0 0 0 0 7 0 0 0 3 1 1 7 1 37 33 10 0 1 0 9 7 27 26 3 7 13 33 0 0 9 0 0 0 0 0 0 20 0 0 0 12 0 0 0 0 0 0 0 0 0 0 0 0 2 0 0 0 0 2 0 0 0 0 0 0 1 0 7 0 0 0 0 0 0 0 2 0 0 0 0 0 0 0 0 0 0 0 0 0 6 0 11 0 0 0 0 0 
 0 1 0 0 0 0 0 0 0 0 0 2 0 0 0 0 0 0 0 0 0 0 1 2 0 0 61 0 0 0 0 1 6 0 0 0 0 0 0 0 43 126 224 132 41 138 105 0 136 217 31 70 151 49 52 441 179 97 58 47 0 0 4 5 3 2 0 0 0 0 1 0 0 5 0 7 0 1 0 4 0 0 0 0 0 0 0 0 0 0 0 0 0 0 0 0 0 0 0 0 0 0 0 0 0 0 0 0 0 0 0 0 0 0 0 0 0 0 0 0 0 0 0 9 10 10 0 24 63 36 12 20 0 29 0 15 0 36 0 0 0 0 0 0 15 0 0 0 0 0 0 0 1 24 0 0 0 0 15 12 0 0 0 0 0 0 0 0 0 0 0 0 1 0 0 0 0 0 0 0 0 0 0 0 0 0 0 0 0 0 0 0 0 0 0 0 0 0 0 0 0 0 9 8 26 12 0 3 7 44 29 14 0 1 0 0 25 0 0 0 11 0 0 0 0 4 37 0 0 0 0 0 0 0 0 0 0 0 30 0 0 0 0 0 0 0 0 0 0 0 0 3 0 2 0 0 0 0 1 0 0 0 3 0 0 2 0 0 0 0 22 0 0 0 0 0 0 0 0 0 0 0 0 0 14 10 0 5 0 22 
 0 1 0 0 0 0 4 0 0 0 0 0 0 0 64 2 0 3 3 0 2 2 2 6 10 21 2 40 4 2 6 2 4 2 2 2 2 9 2 2 247 391 161 464 84 191 53 136 0 202 58 29 94 190 158 219 120 354 298 120 0 0 1 0 0 0 0 0 0 0 0 0 0 0 0 0 0 0 0 0 0 0 0 0 16 0 0 0 0 0 0 0 0 0 0 0 0 0 0 0 0 0 0 5 25 0 0 0 0 0 0 0 0 10 0 0 0 0 0 0 22 0 0 12 4 8 4 60 1 16 1 10 0 2 3 14 17 57 0 0 0 0 0 0 0 0 0 0 0 0 0 4 11 17 0 0 0 0 23 0 0 0 0 0 0 0 0 0 0 0 0 0 0 2 0 0 0 0 0 0 0 0 0 0 0 0 0 0 0 0 10 5 0 0 0 0 0 3 0 0 10 17 2 22 3 0 0 2 0 22 23 45 5 5 0 0 46 34 5 0 0 0 0 11 0 0 13 0 0 0 0 0 19 0 0 0 0 0 9 0 0 0 3 0 0 0 0 0 0 24 0 12 0 1 0 0 0 0 8 0 0 0 39 0 1 0 1 0 0 0 0 0 0 0 0 0 0 0 0 0 0 0 0 0 9 1 0 0 0 0 
 4 2 0 0 0 0 0 0 0 0 0 0 0 0 0 0 0 3 0 0 0 0 0 1 3 0 0 0 0 0 0 0 0 0 0 0 0 0 0 0 28 88 384 86 132 124 55 217 202 0 196 163 132 140 78 413 130 118 86 88 8 51 0 0 0 3 52 55 0 0 0 0 5 66 55 5 0 0 61 7 0 0 0 0 0 0 0 0 0 0 0 0 0 0 0 0 0 0 0 0 0 0 0 0 0 0 0 0 0 0 0 0 0 0 0 0 0 0 0 0 0 0 0 0 39 14 0 15 0 5 0 6 0 0 15 17 0 13 0 0 0 12 0 0 0 0 5 0 0 0 0 5 5 10 0 0 0 0 13 10 0 0 0 0 0 0 0 0 0 0 0 0 0 6 0 0 0 0 0 0 0 0 0 0 0 0 0 0 0 0 0 0 0 0 0 0 0 0 0 0 0 0 9 1 44 14 0 0 0 27 23 41 0 0 0 0 14 45 0 0 32 14 0 5 0 0 2 0 0 0 3 0 8 25 0 0 3 0 48 7 0 0 0 0 0 0 0 0 0 0 0 18 0 0 0 0 0 0 0 15 0 0 65 36 0 0 2 0 0 0 0 0 0 0 0 0 0 0 0 0 0 0 0 0 11 0 0 12 0 0 
 0 0 0 65 0 2 2 0 0 0 0 2 0 0 0 0 0 0 2 0 0 0 0 3 0 0 0 0 0 0 0 209 0 0 0 0 0 0 0 0 37 35 120 150 210 87 38 31 58 196 0 119 47 32 71 79 439 237 48 44 0 0 2 0 0 0 53 3 0 0 0 0 53 1 4 2 5 4 0 12 0 0 0 0 0 0 0 0 0 0 0 0 0 0 0 0 0 0 0 0 0 0 0 0 0 0 0 0 0 0 0 0 0 0 0 0 0 0 0 0 0 0 0 21 15 21 0 0 0 0 10 13 0 0 0 0 33 3 0 0 0 0 0 0 0 0 19 0 0 0 0 0 21 10 28 0 0 0 0 8 0 0 0 0 0 0 0 0 0 0 0 0 0 2 0 0 0 0 0 0 0 0 19 0 0 0 0 0 0 0 0 0 0 0 0 0 0 0 0 0 0 0 0 6 5 25 0 5 0 26 15 0 0 0 0 0 12 20 0 0 77 12 0 24 0 0 16 10 0 0 0 0 73 9 22 0 19 13 14 1 0 0 17 0 0 0 0 0 0 0 0 4 1 0 0 0 0 0 0 11 0 0 8 64 0 21 0 2 0 0 0 0 0 0 0 0 0 0 0 0 0 0 9 0 14 9 0 0 0 0 
 0 0 0 0 0 0 0 0 0 0 0 2 2 2 0 67 0 3 0 0 0 2 0 3 0 1 0 0 0 0 0 1 0 0 5 0 0 2 0 0 37 26 125 330 239 203 45 70 29 163 119 0 51 261 44 56 350 66 50 36 0 1 0 0 0 4 46 98 10 0 0 0 1 33 19 4 0 0 52 104 0 0 0 0 0 0 0 11 0 0 0 0 0 0 0 0 0 0 0 0 0 0 0 0 0 0 0 1 0 0 0 0 0 0 0 8 14 0 0 0 0 0 0 8 0 0 0 0 14 9 0 15 0 0 0 0 0 0 9 0 0 10 0 0 0 0 14 20 10 26 10 17 42 9 1 0 0 11 31 31 0 0 0 0 0 0 0 0 0 0 0 0 0 6 0 0 0 0 0 13 0 0 0 0 0 0 0 0 0 0 0 0 0 0 0 0 0 0 0 0 20 0 0 0 57 20 0 0 10 5 0 0 0 1 0 0 10 0 0 0 16 16 6 0 0 0 11 30 16 11 29 0 2 1 20 13 24 13 22 19 0 0 0 0 0 0 0 0 0 0 2 15 0 0 0 0 0 0 0 17 0 0 6 63 68 2 1 66 0 0 20 0 0 0 0 0 0 0 0 0 0 0 0 0 14 0 0 0 0 0 
 0 0 0 0 0 0 0 0 0 0 0 0 0 0 3 0 0 0 3 0 0 0 7 0 1 146 0 0 0 61 0 64 0 0 66 62 65 1 0 0 138 314 146 83 68 56 361 151 94 132 47 51 0 111 134 251 117 39 355 142 0 0 0 0 0 0 0 0 0 0 0 62 0 0 0 0 0 0 0 0 0 0 0 0 0 0 0 0 0 0 0 0 0 0 0 0 0 0 0 0 0 0 0 1 0 2 0 0 0 0 1 16 0 0 0 0 0 0 0 0 0 10 0 16 0 0 10 0 19 18 0 0 6 10 0 0 4 0 1 13 0 2 0 0 0 0 0 0 0 0 0 0 0 0 0 0 0 0 0 0 0 0 0 0 0 0 0 0 0 5 0 0 0 0 0 0 0 0 0 0 0 0 0 0 13 16 0 0 0 12 0 10 0 0 0 0 12 12 0 33 7 67 1 0 18 0 31 0 1 5 0 0 8 2 11 19 10 11 9 0 22 0 0 0 0 0 29 0 0 0 0 0 0 0 0 0 0 0 8 0 0 0 0 0 0 0 0 0 0 0 0 7 0 0 0 0 0 0 63 0 3 0 3 0 2 2 10 0 0 0 18 0 0 0 0 0 0 0 0 0 0 0 0 0 44 0 0 0 0 0 
 0 0 2 0 2 0 0 0 60 0 0 0 0 0 0 0 0 2 0 0 0 0 0 23 31 0 0 0 3 0 0 2 0 0 0 0 0 0 0 0 73 37 133 77 69 62 144 49 190 140 32 261 111 0 79 50 80 37 293 121 4 0 0 0 0 0 0 0 0 4 0 0 0 0 0 0 0 0 0 1 0 0 0 0 0 0 0 0 0 0 43 0 0 17 0 0 0 0 0 0 0 0 0 11 17 26 0 0 0 0 0 0 0 0 0 0 0 0 0 0 31 18 54 0 20 9 0 10 0 9 15 0 6 10 66 9 0 5 0 21 0 0 0 0 0 0 1 0 0 0 1 3 0 0 0 0 0 13 8 0 0 0 0 0 0 0 0 0 0 0 0 0 0 0 0 0 0 10 0 0 0 0 0 0 0 0 0 0 8 5 0 12 0 0 0 0 0 0 0 0 14 32 0 37 0 9 0 32 0 3 0 6 0 8 62 10 53 14 14 19 0 0 0 0 0 0 0 0 0 0 0 0 8 0 0 0 0 0 25 0 0 0 0 0 0 0 0 0 0 0 0 8 0 0 0 0 0 0 63 0 0 0 7 0 0 5 0 0 0 0 0 0 0 0 0 0 0 0 0 0 0 0 0 0 10 0 0 1 0 0 
 0 0 0 0 0 0 0 0 0 0 0 0 0 0 0 0 0 2 1 0 2 0 0 6 0 123 0 0 0 0 25 0 0 0 0 0 0 3 0 0 40 60 223 284 45 89 103 52 158 78 71 44 134 79 0 152 113 88 160 177 0 0 0 0 0 2 0 3 0 0 0 0 0 0 0 0 0 0 0 0 0 0 0 0 0 0 0 0 0 0 0 0 0 0 0 0 0 0 0 0 0 0 0 7 0 0 0 0 0 0 0 0 0 0 0 0 0 0 0 0 12 18 24 8 20 0 15 0 54 26 20 0 0 33 21 7 18 1 14 1 0 0 0 0 0 0 2 2 0 0 0 0 0 0 0 0 0 3 0 7 0 0 0 0 0 0 0 0 0 0 0 0 0 0 0 0 0 0 0 0 0 0 0 0 0 26 0 0 0 0 4 6 0 0 0 0 0 2 14 0 9 10 10 19 7 0 17 20 7 0 0 24 15 27 8 11 0 0 3 0 0 0 0 0 0 0 0 0 0 1 0 0 0 0 0 0 0 6 0 0 0 0 2 0 0 0 0 0 0 0 0 11 0 2 0 0 0 0 5 10 0 0 0 0 0 8 0 0 0 0 18 0 0 0 0 0 0 0 0 0 0 0 0 0 3 0 0 0 0 0 
 0 37 0 0 2 0 0 0 0 0 0 0 1 0 0 0 0 0 0 0 0 0 0 0 0 64 0 0 0 0 0 0 0 0 0 0 0 1 0 0 41 87 123 87 99 95 249 441 219 413 79 56 251 50 152 0 145 101 244 47 0 0 0 0 0 0 0 2 49 0 0 0 0 3 3 9 0 0 2 0 0 0 0 0 0 0 0 0 0 0 0 0 0 0 0 0 0 0 0 0 0 0 0 0 0 0 0 0 0 0 0 0 0 0 0 0 0 0 0 0 15 0 0 17 11 0 0 66 15 0 40 10 0 8 0 23 0 10 11 0 0 0 14 0 0 0 0 6 3 7 0 4 0 11 0 1 0 11 1 4 8 0 0 0 0 0 0 0 0 0 0 0 0 0 0 0 0 0 0 0 0 0 0 0 0 15 0 0 0 0 0 0 0 0 0 0 0 0 0 0 1 12 12 18 8 0 0 7 27 10 7 30 0 43 0 0 18 0 0 0 0 0 1 0 0 0 0 18 0 6 0 9 0 0 4 4 0 8 16 0 0 0 0 0 0 0 0 1 0 0 0 5 2 0 0 0 2 0 0 1 0 0 66 2 1 0 2 0 2 0 14 0 0 0 0 0 0 0 0 0 0 0 0 0 0 10 0 10 0 0 
 3 0 0 4 0 0 2 0 0 0 0 0 0 0 0 0 0 0 0 0 0 0 0 6 6 0 0 0 0 0 3 1 0 2 0 1 0 4 0 0 34 56 78 49 42 285 29 179 120 130 439 350 117 80 113 145 0 44 98 51 0 0 4 0 0 0 0 0 0 0 0 0 8 8 0 8 2 0 0 0 0 0 0 0 0 0 0 0 0 0 0 0 0 0 0 0 0 0 0 0 0 0 0 0 0 0 0 0 0 4 0 1 0 0 0 0 0 0 0 0 38 9 18 17 43 11 0 39 11 1 31 12 0 2 20 19 21 4 9 7 0 0 0 0 0 0 0 0 0 0 0 0 5 12 0 0 0 5 0 0 0 0 0 0 0 0 0 0 0 0 0 0 0 2 0 0 0 0 0 0 0 0 1 0 0 0 0 0 0 0 2 4 0 0 0 0 0 0 0 0 0 14 0 7 10 10 0 19 0 61 17 0 0 16 0 0 48 11 0 1 25 10 0 11 0 0 8 0 0 0 0 0 11 12 0 0 0 0 9 2 0 0 18 0 0 0 0 0 0 0 0 71 0 1 0 0 0 0 2 1 0 0 0 66 0 2 5 0 0 0 5 0 0 0 0 0 0 0 0 0 0 0 0 0 0 11 0 1 0 0 
 0 0 0 0 0 0 2 0 0 0 0 0 0 1 0 0 28 0 0 0 3 3 3 2 4 3 3 3 4 3 4 3 4 3 3 3 3 3 3 3 249 62 120 128 111 131 26 97 354 118 237 66 39 37 88 101 44 0 33 260 5 0 0 4 0 0 24 1 0 0 0 0 134 12 0 22 0 0 0 58 0 0 0 0 0 0 0 0 0 0 0 0 0 0 0 0 0 2 0 0 0 0 0 0 34 1 0 0 0 0 0 0 0 0 0 0 0 0 0 0 8 13 1 0 25 19 0 0 0 0 0 0 0 0 11 24 0 48 0 1 0 1 0 0 0 0 13 8 1 17 4 0 21 17 0 0 0 0 22 0 0 0 0 0 0 0 0 0 0 7 0 0 0 0 0 0 0 0 0 0 0 0 0 0 0 0 0 0 0 0 0 0 0 0 0 0 0 0 0 0 0 0 10 8 19 23 0 0 0 9 34 34 0 0 3 0 1 0 0 10 19 1 0 0 0 0 0 2 0 0 0 0 22 8 5 0 5 2 34 17 0 0 0 0 0 0 0 0 0 0 0 7 0 0 0 0 0 0 0 39 0 0 0 1 64 12 0 0 0 0 0 0 0 0 0 0 0 0 0 0 0 0 0 0 12 12 0 0 0 0 
 2 2 2 2 0 2 82 2 2 2 2 2 2 2 2 2 5 2 4 2 3 10 9 72 78 99 3 3 89 68 57 85 3 4 14 7 4 3 3 77 62 129 46 269 76 59 205 58 298 86 48 50 355 293 160 244 98 33 0 579 17 0 1 0 0 0 0 0 0 3 0 0 0 0 0 0 1 0 0 0 0 0 0 0 0 0 0 0 0 0 0 0 0 0 0 0 0 0 0 0 0 0 9 24 22 9 0 0 2 0 17 5 0 0 0 2 5 11 0 0 26 24 17 0 11 0 0 0 0 0 10 0 9 28 38 18 0 11 0 17 0 0 0 0 0 17 0 0 0 0 0 0 0 0 0 0 0 0 0 0 0 0 0 0 0 0 0 0 0 0 0 15 0 0 0 0 0 0 0 0 0 0 5 10 6 13 0 0 2 28 0 24 0 0 3 0 1 41 0 0 21 43 8 0 0 0 11 13 0 10 0 0 0 9 15 18 7 0 21 26 0 0 0 0 0 0 0 0 0 0 0 0 0 0 0 0 0 0 0 0 0 0 0 0 0 0 0 0 0 0 0 7 0 0 0 0 0 68 65 2 0 0 2 0 0 0 0 0 0 0 0 0 0 0 0 0 0 0 0 0 0 0 0 0 9 0 0 0 0 0 
 0 0 3 5 1 9 4 0 5 0 14 11 0 0 0 1 2 0 0 0 0 0 0 24 62 66 0 0 72 57 64 63 2 0 78 28 2 0 0 0 101 98 24 250 72 34 98 47 120 88 44 36 142 121 177 47 51 260 579 0 18 0 0 0 0 0 0 0 11 5 0 0 0 0 0 0 0 67 0 0 0 5 0 0 0 0 0 0 66 0 0 14 0 0 0 0 0 0 0 0 0 7 7 56 6 13 0 0 0 0 8 7 0 0 9 12 12 12 7 52 21 21 18 0 19 0 13 12 0 0 7 0 14 16 29 0 0 2 0 0 0 0 0 0 0 0 0 0 0 0 0 0 0 0 0 0 0 0 0 0 5 0 0 2 1 0 0 0 13 14 18 3 0 0 0 0 0 1 4 9 0 0 26 0 6 8 0 0 0 29 15 17 4 0 0 0 6 14 0 0 13 60 12 6 0 0 20 29 0 7 0 0 0 7 12 0 18 0 10 11 0 0 0 0 0 0 0 0 0 0 0 0 0 0 0 0 0 0 0 0 0 10 0 0 0 0 0 0 0 0 0 8 0 1 0 0 0 61 2 2 7 2 0 0 2 2 1 0 2 0 0 0 0 0 0 0 0 0 0 0 0 0 0 0 0 0 0 1 0 0 
 39 0 0 0 0 0 0 0 0 0 0 0 0 0 3 0 0 0 0 0 0 0 0 3 0 1 52 0 0 0 0 0 0 0 0 0 0 0 0 0 0 6 0 0 0 0 0 0 0 8 0 0 0 4 0 0 0 5 17 18 0 179 92 109 278 83 87 80 71 146 95 256 69 122 102 166 53 152 47 59 0 0 0 0 0 0 0 0 0 0 0 0 0 0 0 0 0 0 0 0 0 0 0 9 0 0 0 0 0 0 0 0 0 0 0 0 0 0 0 0 0 9 0 0 21 22 0 0 0 0 20 0 9 4 8 0 0 13 0 0 7 41 4 13 33 1 0 10 18 3 19 0 0 10 0 21 29 20 0 0 0 0 0 0 28 0 0 0 0 0 0 0 0 0 0 0 0 0 0 0 0 6 0 0 0 0 0 0 0 0 0 14 0 0 0 0 0 0 0 0 0 0 0 0 0 19 0 4 0 0 0 0 0 0 2 0 0 0 1 6 9 19 19 9 0 0 18 0 0 33 14 16 14 5 26 12 20 0 6 18 9 0 0 0 0 0 0 0 0 0 0 0 0 0 12 0 0 0 0 0 0 0 4 0 0 0 0 1 0 0 1 0 1 0 0 1 0 0 0 0 0 0 0 0 0 0 0 0 0 0 
