 0 468 337 119 79 84 183 313 406 125 142 258 226 428 466 44 223 49 151 402 0 1 0 2 0 0 1 0 0 3 0 2 4 0 3 0 0 0 0 0 0 0 2 0 0 9 0 3 0 0 0 0 0 0 0 0 0 0 3 3 0 1 3 0 0 2 0 0 0 0 0 0 0 3 0 0 2 0 0 4 31 52 107 55 0 26 23 8 0 32 22 0 0 13 31 50 25 28 0 0 0 0 0 0 0 0 0 0 0 0 0 0 0 17 0 0 0 0 0 12 16 0 0 14 0 0 0 0 0 0 0 0 0 0 0 0 0 0 0 0 0 0 0 0 0 0 0 0 0 0 0 7 0 0 0 0 0 0 0 0 10 13 5 43 11 17 0 7 23 24 46 18 15 9 71 13 10 42 2 8 0 0 0 0 9 0 0 0 0 0 0 0 1 0 0 0 1 0 0 0 0 0 0 0 0 0 0 0 0 0 0 0 0 0 0 0 0 0 0 0 0 0 0 0 0 0 0 0 0 0 0 0 0 0 0 0 0 0 0 0 0 0 22 0 0 4 88 2 1 46 0 11 0 0 0 0 0 0 0 0 0 0 0 0 0 0 0 0 0 0 0 0 0 0 0 0 8 10 0 0 0 0 0 0 0 0 0 0 0 0 
 468 0 234 149 64 52 163 210 178 217 125 102 327 151 282 102 271 101 346 252 0 0 0 2 0 0 0 4 0 3 0 1 3 0 2 0 2 0 3 0 0 0 2 0 0 66 0 3 0 61 0 0 0 0 0 0 0 0 3 3 1 0 3 0 0 3 0 3 5 0 0 0 0 3 0 0 2 3 0 7 45 10 36 16 0 7 11 11 21 0 24 0 0 0 18 63 12 36 0 0 29 0 5 0 0 0 0 0 0 0 0 0 0 15 0 0 0 0 0 0 13 0 0 0 0 0 0 0 0 0 0 0 0 0 0 0 0 0 0 12 0 0 0 0 0 0 0 0 0 0 0 9 0 1 0 0 0 0 0 10 7 21 0 36 14 22 0 0 21 27 16 0 24 16 13 23 10 23 0 0 38 1 0 0 0 0 10 0 0 0 0 0 42 15 0 10 0 0 0 0 0 0 0 0 0 0 0 0 0 0 0 0 1 0 0 0 0 0 0 0 0 0 2 0 0 0 0 0 0 0 0 0 1 0 0 0 0 0 0 0 0 0 0 0 0 0 89 0 21 190 12 7 0 0 0 0 0 0 0 0 0 0 0 0 0 0 0 0 0 0 0 0 0 0 0 1 0 11 0 0 0 0 0 0 0 0 0 0 0 0 
 337 234 0 152 263 29 190 235 672 245 233 44 521 172 161 93 254 400 128 417 76 3 4 8 0 0 0 3 0 5 0 0 3 86 2 0 80 4 75 26 2 0 0 0 0 95 0 5 61 1 0 0 0 60 0 63 0 0 3 3 0 0 3 0 0 6 0 5 5 2 0 1 3 3 1 0 2 0 1 12 49 17 121 70 0 4 19 0 16 19 61 1 10 0 96 15 20 20 0 14 15 0 0 0 0 0 1 0 0 0 0 0 0 0 1 0 0 0 0 0 15 0 0 0 0 0 0 0 0 0 0 0 0 0 1 0 0 0 0 0 0 0 0 0 0 0 0 1 0 0 0 0 0 1 0 0 0 0 0 0 16 12 0 12 13 0 0 0 29 26 19 1 33 28 16 42 16 71 0 13 0 0 0 0 0 0 10 0 0 0 1 0 19 3 0 10 0 0 37 1 0 0 0 0 0 1 0 0 0 0 0 0 0 0 0 0 0 0 0 0 0 0 0 0 0 2 0 0 0 0 2 0 0 0 0 0 0 1 0 0 0 0 0 0 0 0 0 2 88 96 0 18 0 0 0 0 0 0 0 0 0 0 0 0 0 0 0 0 0 0 0 0 0 0 0 23 6 0 0 0 0 0 0 0 0 0 0 0 0 0 
 119 149 152 0 316 235 145 151 188 201 92 411 85 63 306 52 68 237 71 41 39 3 0 4 3 2 75 70 3 6 4 4 6 73 2 0 0 46 5 74 0 0 1 3 0 4 0 3 0 0 0 0 0 3 0 0 4 0 10 4 0 0 8 0 0 0 0 4 0 0 4 0 0 3 0 0 2 0 3 0 0 20 5 0 0 4 0 15 9 0 24 60 0 0 0 0 12 13 0 0 9 10 19 0 0 0 5 0 1 0 0 2 29 22 15 15 0 14 35 23 0 0 0 0 0 11 0 0 0 0 0 0 0 0 0 12 0 2 0 14 0 0 0 0 0 0 0 0 0 0 0 0 0 2 0 0 0 0 0 0 0 0 0 3 7 2 0 0 0 22 9 31 0 0 0 13 10 1 0 0 3 43 8 0 0 0 5 0 0 0 0 0 42 0 21 14 25 16 20 0 0 0 0 0 0 0 0 0 0 0 0 0 0 0 0 0 0 0 0 0 0 0 1 0 0 0 0 0 0 0 0 0 2 0 0 0 0 0 0 0 0 24 0 0 17 0 1 0 0 67 0 13 11 0 0 0 0 0 0 0 0 0 3 0 0 0 0 0 0 0 0 0 0 0 0 9 12 0 0 0 0 0 0 0 0 0 0 0 0 0 
 79 64 263 316 0 278 73 258 88 85 80 127 124 87 92 104 149 254 90 69 76 75 25 2 0 0 162 171 0 3 2 1 80 1 76 73 74 0 80 83 0 0 2 3 0 1 0 4 0 0 0 0 0 0 0 0 0 0 3 5 0 44 9 0 0 0 0 0 0 0 0 1 0 3 0 0 2 0 27 0 0 0 0 0 6 30 1 0 0 0 0 66 0 0 0 0 7 2 0 0 32 14 0 0 0 2 30 14 10 0 0 0 42 39 29 75 1 15 21 16 0 0 0 0 0 23 0 0 2 0 0 0 0 0 0 0 0 0 2 0 0 0 0 0 0 0 0 0 0 0 0 0 0 0 1 0 0 0 0 32 0 14 0 25 6 14 0 0 0 11 23 30 0 0 0 12 0 11 0 0 16 25 15 0 2 11 18 10 0 0 8 1 64 18 21 15 34 16 19 12 0 0 0 2 0 0 0 0 0 0 0 0 0 0 0 0 0 0 0 0 0 0 0 0 0 0 0 0 0 0 0 0 0 0 0 0 0 0 0 0 0 0 0 0 0 1 0 2 2 2 0 13 29 0 0 0 0 0 0 0 0 0 0 0 0 0 0 0 0 0 0 0 0 0 0 9 0 0 0 0 0 0 0 0 0 0 0 0 0 0 
 84 52 29 235 278 0 30 550 167 79 109 117 62 86 118 294 291 190 53 52 148 78 0 3 5 0 0 74 0 3 5 2 3 77 2 7 6 0 226 19 0 0 2 7 0 0 0 4 0 0 1 0 0 0 0 0 64 0 3 3 0 1 10 0 0 0 0 3 5 1 0 0 0 3 1 0 2 0 0 2 0 12 0 0 21 46 0 11 0 1 1 12 0 0 0 19 12 10 0 0 30 13 2 0 0 0 38 10 10 26 0 0 82 37 0 33 0 10 13 32 0 0 0 0 0 10 0 0 6 0 1 0 0 0 0 0 0 0 0 0 0 0 0 0 0 0 0 0 0 0 0 7 0 0 0 0 0 0 0 0 0 1 0 0 20 46 0 0 0 0 20 30 0 0 18 1 11 0 0 0 23 26 10 0 0 5 18 13 14 0 0 0 16 29 3 0 14 25 23 0 14 0 0 0 0 0 0 0 0 0 0 0 0 0 0 0 0 0 0 0 0 0 0 0 0 0 0 0 0 0 0 0 0 0 0 0 0 0 0 0 0 0 0 0 0 0 87 0 3 1 0 4 17 0 1 2 0 0 0 0 0 0 0 0 0 1 7 0 0 0 0 0 0 0 0 0 0 10 0 0 0 0 0 0 0 0 0 0 0 0 
 183 163 190 145 73 30 0 91 71 37 24 26 343 152 244 42 353 157 230 231 0 0 0 4 2 0 0 0 0 3 0 1 3 0 3 0 0 0 0 0 3 0 2 0 64 0 0 3 0 2 0 1 0 0 0 0 0 0 3 6 0 0 6 0 0 0 7 0 0 0 0 0 0 3 0 3 5 0 0 0 1 25 0 0 16 0 37 15 38 3 2 0 33 18 12 1 6 1 0 19 0 0 0 0 0 0 0 0 0 0 0 0 0 0 0 0 0 0 0 0 0 0 0 0 0 0 0 0 0 0 0 0 0 0 0 0 0 0 17 0 0 0 0 0 0 0 0 0 0 0 0 2 0 0 0 0 0 0 0 0 13 0 9 0 0 0 14 0 1 0 0 0 13 71 29 0 0 1 0 21 0 0 0 0 0 0 1 0 0 0 0 0 0 0 0 0 1 0 0 0 0 0 0 0 0 0 0 0 0 0 0 0 0 0 0 0 14 0 12 0 0 0 0 0 0 0 0 0 0 0 0 0 0 0 0 0 0 0 0 0 0 0 0 0 0 2 0 0 1 0 0 2 0 0 0 0 0 0 0 0 0 0 0 0 0 2 0 0 0 0 0 0 0 0 0 0 0 0 0 0 0 0 0 0 0 0 0 0 0 0 
 313 210 235 151 258 550 91 0 689 63 246 128 529 196 165 64 222 126 168 215 0 0 0 3 0 0 0 1 0 5 0 1 91 1 5 2 0 0 0 0 0 0 0 4 0 65 0 3 0 64 0 0 0 0 0 0 2 0 5 3 0 0 3 0 0 3 0 0 10 0 0 0 0 3 0 0 2 2 0 11 9 18 13 47 0 67 0 6 26 34 32 1 0 11 52 25 40 3 0 0 2 0 0 0 0 0 10 0 0 0 0 0 0 29 0 0 0 0 1 4 0 0 1 17 2 0 0 2 0 0 0 0 0 0 0 0 0 0 0 0 0 0 0 0 0 0 17 0 0 0 0 1 0 0 0 0 0 0 0 0 0 1 22 1 0 2 1 0 33 4 0 16 14 28 16 51 17 5 0 9 45 0 0 1 0 0 0 2 0 0 0 0 0 0 0 0 0 0 3 0 0 0 0 0 0 0 0 0 0 0 0 0 0 0 0 0 0 0 0 2 0 0 0 0 0 0 0 0 2 0 0 0 0 0 0 1 0 0 0 0 0 15 0 0 0 1 2 2 3 3 0 7 0 0 0 0 0 0 2 0 0 0 13 0 0 0 0 0 0 0 0 0 0 0 0 10 6 0 0 0 0 0 0 0 0 0 0 0 0 0 
 406 178 672 188 88 167 71 689 0 304 227 402 492 416 644 85 130 61 90 484 1 0 0 4 0 0 0 1 0 3 0 0 3 0 2 0 0 79 0 0 0 0 0 0 0 0 0 3 0 0 0 0 0 0 0 0 1 0 28 3 0 0 3 0 0 0 18 0 0 0 0 0 0 3 0 0 2 0 0 0 9 40 23 47 0 24 0 51 13 43 14 11 0 21 16 15 21 24 39 0 7 0 18 0 1 0 0 0 0 0 0 0 0 58 1 0 0 0 1 23 0 0 0 16 0 0 1 0 0 0 2 0 0 0 0 0 0 0 0 0 0 0 21 0 0 0 0 2 0 0 0 16 0 0 0 0 0 0 0 0 0 11 0 43 0 24 33 0 2 25 0 50 8 0 43 17 25 0 0 6 0 0 0 0 0 0 0 0 0 1 0 0 14 0 0 0 0 0 12 0 0 0 0 0 0 1 0 0 0 0 0 0 0 0 0 0 12 0 1 0 0 0 0 0 0 2 0 0 0 0 0 0 0 0 0 0 0 1 0 0 0 0 0 0 0 1 126 2 88 0 4 21 0 0 0 0 0 0 0 0 0 0 0 0 0 0 0 0 0 0 0 0 0 0 0 0 1 11 0 0 0 0 0 0 0 0 0 0 0 0 
 125 217 245 201 85 79 37 63 304 0 104 52 247 150 216 116 233 127 310 177 1 0 0 4 0 0 2 1 0 3 0 1 3 0 2 0 0 91 2 0 0 0 2 0 0 0 0 3 0 0 0 0 0 0 0 0 0 0 5 3 0 0 50 0 0 0 2 0 0 0 0 1 0 3 44 0 2 0 0 3 26 0 18 19 0 6 10 12 36 22 3 17 0 1 2 25 17 49 22 0 0 0 0 0 0 0 0 0 0 0 0 0 0 17 0 0 15 0 0 0 0 0 0 19 0 0 0 0 0 0 0 0 0 0 0 0 0 0 0 0 0 0 0 0 0 0 0 0 0 0 0 7 0 0 0 0 0 0 0 5 0 20 9 25 0 18 1 0 9 33 17 0 10 0 3 8 22 14 10 3 11 0 0 0 0 0 2 0 0 0 0 0 54 0 0 0 2 0 0 0 0 0 0 0 0 0 0 0 0 9 0 0 0 0 0 2 1 0 0 0 0 0 0 0 0 0 0 0 0 0 0 0 0 0 0 0 0 0 0 0 0 0 0 0 0 2 89 0 5 88 10 15 0 42 0 0 0 0 0 0 0 0 0 0 0 0 0 0 0 0 0 0 0 0 0 0 11 34 0 0 0 0 0 0 0 0 0 0 0 0 
 142 125 233 92 80 109 24 246 227 104 0 272 106 87 214 89 197 297 36 57 76 80 0 2 0 0 0 0 0 5 3 2 78 157 3 74 2 0 76 1 0 0 2 64 0 27 0 68 0 0 0 0 0 0 3 0 0 0 3 12 0 0 3 0 2 3 3 1 3 3 0 0 0 4 0 0 4 37 0 5 37 14 1 15 15 48 1 43 15 29 17 0 0 14 34 19 32 12 0 2 0 0 0 0 0 0 30 0 0 0 0 0 19 57 21 14 0 0 21 40 1 0 0 0 0 0 0 0 0 0 0 0 0 0 0 0 0 0 0 0 0 0 0 2 0 0 0 12 0 0 0 17 0 0 0 0 0 0 1 1 0 0 5 22 1 40 0 0 32 20 0 17 8 5 18 35 12 11 1 14 0 0 0 0 0 1 12 31 0 0 0 0 1 25 0 0 0 0 12 0 0 0 0 15 0 0 0 0 0 0 0 0 0 0 0 0 0 0 31 0 0 1 0 0 0 0 0 0 0 2 0 0 0 0 0 0 0 0 0 0 0 0 0 0 0 0 90 0 2 2 4 4 0 0 0 0 0 0 0 0 0 0 0 0 0 0 0 0 0 1 0 0 0 0 0 10 10 14 0 0 0 0 0 0 0 0 0 0 0 0 
 258 102 44 411 127 117 26 128 402 52 272 0 131 59 165 228 87 74 24 116 0 0 0 2 0 0 1 157 0 3 1 1 3 0 4 0 0 0 115 61 0 0 2 0 0 1 0 34 0 0 0 0 0 0 0 0 0 1 6 3 0 0 3 0 0 0 0 0 1 0 0 0 0 3 0 0 2 0 4 0 0 9 0 30 0 13 2 0 11 0 0 55 0 0 0 57 10 14 0 0 20 15 0 0 0 0 11 2 10 0 0 0 2 16 0 0 0 0 8 4 0 0 0 14 0 11 0 0 0 0 0 0 0 0 0 0 0 0 0 0 0 0 8 0 0 0 0 0 0 0 0 5 0 0 0 0 0 0 0 9 0 8 0 34 0 30 18 2 1 9 25 31 1 0 0 7 9 7 0 0 54 15 0 0 0 0 11 0 0 0 0 0 35 40 0 9 0 0 41 0 0 0 0 1 0 0 0 0 0 0 0 0 0 0 0 0 0 0 0 0 0 0 0 0 0 0 0 21 0 0 6 12 0 0 0 0 0 0 0 1 0 0 0 0 0 4 172 0 6 88 0 7 19 0 0 0 0 0 0 0 0 0 23 0 0 65 1 0 0 0 0 0 0 41 0 1 12 9 0 0 0 0 0 0 0 0 0 0 0 0 
 226 327 521 85 124 62 343 529 492 247 106 131 0 73 337 252 80 259 201 140 0 0 0 5 0 2 0 2 0 3 0 0 3 0 2 1 0 5 0 0 0 0 2 0 0 0 0 3 0 0 0 4 4 0 0 0 0 2 7 3 2 35 3 4 0 0 4 0 0 0 0 0 4 3 4 0 2 6 0 0 39 1 16 29 0 8 11 0 24 51 22 10 15 26 9 22 14 2 0 0 0 0 0 0 0 0 0 0 0 0 0 0 0 9 15 0 1 0 0 0 0 0 0 10 0 0 0 0 0 0 0 2 0 0 0 0 0 0 0 2 0 0 0 0 0 0 0 0 0 0 0 0 0 0 0 0 0 0 0 0 12 0 10 13 0 0 16 0 40 36 19 0 15 1 24 8 0 6 0 22 7 0 0 0 0 0 0 0 0 0 27 0 1 0 0 0 0 0 15 0 0 0 0 0 0 0 0 0 0 0 0 0 1 0 0 0 14 0 0 0 0 0 0 0 0 0 0 0 0 0 0 0 0 0 0 0 0 0 0 0 0 0 0 0 0 0 0 0 1 3 2 9 0 0 0 0 0 0 0 0 0 0 0 0 0 0 0 0 0 0 0 0 0 0 0 0 16 0 0 0 0 0 0 0 0 1 0 0 0 0 
 428 151 172 63 87 86 152 196 416 150 87 59 73 0 274 35 232 125 206 100 0 0 0 2 0 0 0 1 0 3 0 1 3 0 2 2 0 203 0 0 0 0 2 2 0 0 0 3 0 0 0 0 0 1 0 0 4 0 3 3 2 2 3 0 0 0 1 0 0 0 0 0 1 7 0 0 2 0 0 1 19 40 26 9 0 27 21 9 0 15 13 0 13 0 0 24 51 39 22 18 0 0 0 0 0 0 0 0 0 0 0 0 0 15 0 0 0 0 0 11 7 0 0 0 0 0 0 0 0 0 0 0 0 0 0 0 0 0 0 10 0 0 0 0 0 0 0 0 0 0 0 3 0 1 0 0 0 0 0 0 11 10 7 18 13 15 0 23 0 19 18 14 0 8 22 0 14 12 10 0 0 0 0 0 0 0 0 0 1 0 0 0 10 1 0 0 0 0 0 0 0 0 0 0 0 21 0 0 0 0 0 0 1 0 0 0 0 0 0 0 0 0 2 0 0 0 0 0 0 0 0 0 0 0 0 0 0 0 0 0 0 0 0 0 0 2 94 1 47 85 13 2 0 0 2 0 0 0 0 0 0 0 0 0 0 0 0 0 0 0 0 0 0 0 0 0 0 11 0 0 0 0 0 0 0 1 0 0 0 0 
 466 282 161 306 92 118 244 165 644 216 214 165 337 274 0 193 140 45 391 491 0 0 0 2 1 0 0 1 3 3 0 0 3 0 2 0 0 0 0 3 0 0 0 0 0 0 0 3 3 3 0 0 0 0 2 0 0 0 3 11 0 3 6 1 0 2 4 0 0 0 0 0 1 3 2 0 2 5 3 0 29 26 17 19 0 23 8 9 0 15 18 0 10 9 31 23 59 11 20 21 0 0 0 0 0 0 0 0 2 0 1 0 0 14 0 0 0 0 0 13 0 0 0 0 0 0 0 0 0 1 0 0 0 0 0 0 1 0 0 2 0 0 0 0 0 0 0 0 0 0 0 8 0 0 0 0 0 0 0 0 0 2 0 14 0 14 16 0 0 17 0 14 11 20 31 20 14 0 0 10 0 0 0 0 0 0 0 0 0 0 0 0 16 0 0 0 0 0 0 0 0 0 0 0 0 0 0 0 2 0 0 0 0 0 0 0 9 13 0 0 0 0 0 0 0 0 0 0 0 0 0 0 0 0 0 0 0 0 0 0 0 0 0 0 0 18 99 0 106 0 3 5 0 0 0 0 0 0 0 0 0 0 0 51 0 32 0 0 0 0 0 0 0 0 0 0 0 11 0 0 0 0 0 0 0 0 0 0 0 0 
 44 102 93 52 104 294 42 64 85 116 89 228 252 35 193 0 191 53 33 41 7 0 2 8 0 2 2 0 2 5 2 2 84 2 5 0 0 2 91 0 3 0 2 0 0 1 3 3 0 2 0 0 0 0 0 3 4 0 8 3 0 0 3 0 38 5 2 0 0 0 0 0 0 6 31 0 2 0 9 0 0 17 0 0 0 8 0 1 33 11 0 41 0 0 0 15 27 24 0 0 0 0 0 1 0 0 9 0 0 0 0 0 0 16 2 0 0 0 10 0 0 0 6 0 0 4 0 0 0 0 0 0 0 0 2 0 0 0 0 0 0 0 0 0 0 0 0 0 2 0 0 4 0 0 0 0 0 0 0 4 0 32 0 21 0 32 50 0 1 0 24 14 0 0 6 7 33 8 0 0 10 0 0 0 0 0 0 2 0 0 1 0 34 25 0 15 0 0 35 2 0 0 0 0 0 2 0 0 0 0 0 0 0 0 0 0 0 17 2 0 0 0 0 0 0 20 0 0 19 0 1 0 0 0 0 0 0 2 0 0 0 0 0 0 0 0 142 0 1 0 15 15 4 0 0 0 0 0 0 0 0 0 3 0 0 0 0 0 0 0 0 0 0 0 0 9 0 15 0 0 0 0 0 0 0 0 0 0 0 0 
 223 271 254 68 149 291 353 222 130 233 197 87 80 232 140 191 0 66 112 50 0 0 0 3 4 0 0 0 3 3 0 0 3 0 2 0 4 0 46 2 0 0 0 0 0 66 0 3 0 0 0 0 0 0 0 0 0 0 3 9 0 0 3 0 0 6 0 0 5 0 2 0 0 3 0 0 2 0 0 6 31 11 38 21 0 0 39 0 42 45 44 0 9 0 17 18 11 26 1 0 0 0 0 0 0 0 0 0 0 0 0 0 0 0 0 0 0 0 0 0 16 0 0 3 0 0 0 0 0 0 0 6 0 0 0 0 0 2 0 0 0 0 0 0 0 0 0 0 0 0 0 0 0 2 0 0 0 0 0 0 21 24 7 0 14 2 0 0 36 12 35 0 15 7 18 14 0 11 0 0 1 0 0 0 0 0 0 0 0 0 0 0 13 3 0 0 0 0 19 0 0 0 0 0 0 0 0 0 0 0 5 0 0 1 0 0 0 0 0 0 0 0 0 0 0 0 0 0 0 0 0 0 2 0 0 0 0 0 0 0 0 0 0 0 0 3 4 0 88 88 3 17 0 0 0 0 0 0 0 0 0 0 0 2 0 0 0 0 0 0 0 0 0 0 0 0 0 0 0 0 0 0 0 0 0 0 0 0 0 0 
 49 101 400 237 254 190 157 126 61 127 297 74 259 125 45 53 66 0 50 16 35 0 0 2 0 1 1 74 0 3 0 0 3 30 2 1 0 0 108 154 2 0 2 0 0 1 0 67 3 2 0 3 0 0 3 0 3 0 3 3 0 0 2 0 0 1 0 0 0 0 0 0 0 3 0 1 2 0 0 0 1 0 34 0 0 0 2 16 0 10 40 10 0 0 0 36 10 0 17 0 2 14 0 0 0 0 11 0 12 0 0 0 0 22 0 1 0 0 0 23 0 0 2 0 2 0 0 0 0 0 0 0 0 0 0 0 0 0 0 0 0 0 0 0 0 0 0 0 0 0 0 7 0 0 0 0 0 0 0 8 11 8 6 14 0 42 0 9 0 15 34 20 12 0 0 20 36 7 2 0 18 0 0 0 0 0 16 0 0 0 0 0 17 30 0 0 0 0 46 0 0 2 0 0 0 9 0 1 2 0 0 0 0 0 0 0 0 0 0 0 0 0 0 0 0 0 0 0 2 0 0 0 0 0 0 0 0 0 0 0 0 10 0 0 0 2 86 1 1 1 2 10 31 0 0 0 0 0 0 0 0 0 9 0 0 0 0 0 0 0 0 0 0 0 0 0 0 10 0 0 0 0 0 0 0 0 0 0 0 0 
 151 346 128 71 90 53 230 168 90 310 36 24 201 206 391 33 112 50 0 210 2 0 0 4 0 0 0 0 0 3 0 1 3 64 3 2 1 2 0 0 0 63 2 0 0 0 0 3 0 0 0 0 0 0 0 0 0 0 3 9 0 4 3 0 0 0 0 0 51 4 0 0 0 3 0 0 2 0 0 45 14 22 0 1 0 0 45 1 9 0 1 0 46 24 9 12 7 0 14 41 0 0 0 0 0 0 0 0 0 0 0 0 0 0 0 0 0 0 0 0 0 0 0 0 0 0 0 0 0 0 0 0 0 0 0 0 0 0 0 0 0 0 0 0 0 0 0 0 0 28 0 0 0 0 0 0 29 12 0 0 0 1 11 0 0 0 1 19 23 0 0 0 23 43 1 0 10 7 0 21 0 0 0 0 0 0 0 0 0 0 0 0 0 0 8 0 0 0 0 0 0 0 0 0 0 0 0 0 0 0 0 0 0 0 0 0 0 0 0 0 0 0 0 0 0 0 0 0 0 0 0 0 0 0 0 0 0 0 0 0 0 0 0 0 0 1 0 0 0 0 0 10 0 0 0 0 0 0 0 0 0 0 0 0 0 0 0 0 0 0 0 0 0 0 0 0 7 0 0 0 0 0 0 0 0 0 0 0 0 0 
 402 252 417 41 69 52 231 215 484 177 57 116 140 100 491 41 50 16 210 0 0 0 0 7 0 0 0 0 0 3 0 2 3 0 2 0 0 0 0 0 0 0 2 0 0 0 0 3 0 0 0 0 3 0 0 0 0 0 3 3 0 0 3 0 45 0 0 0 0 0 0 0 0 3 0 0 2 0 0 3 20 0 13 25 0 10 8 0 17 46 35 10 18 51 33 0 22 0 0 13 0 0 0 0 0 0 0 0 0 0 0 0 0 0 0 0 0 0 0 0 0 0 0 10 0 0 0 0 0 0 0 0 0 13 0 0 0 0 0 0 0 22 0 0 0 0 0 35 0 0 0 0 0 0 0 0 0 0 0 0 13 0 6 31 0 0 0 0 31 23 1 0 13 10 0 25 0 16 0 20 0 0 0 0 0 0 0 0 0 0 0 0 0 0 0 0 0 0 34 0 0 0 0 0 0 0 0 0 0 0 0 0 0 0 0 0 0 0 0 0 0 0 0 0 0 0 0 0 0 0 0 0 0 0 0 0 0 0 0 0 0 0 0 0 0 2 0 2 2 2 1 7 0 0 0 0 0 0 0 0 0 0 0 0 0 0 0 0 0 0 0 0 0 0 0 0 22 0 0 0 0 0 0 0 0 0 0 0 0 9 
 0 0 76 39 76 148 0 0 1 1 76 0 0 0 0 7 0 35 2 0 0 137 85 62 120 412 172 39 44 110 127 26 60 411 377 404 34 33 69 338 11 2 1 3 0 0 2 2 0 2 3 0 2 0 0 5 3 3 2 0 0 0 6 0 0 14 1 2 1 3 2 0 11 0 1 0 0 0 3 0 0 2 0 0 0 1 0 0 0 0 14 10 0 0 0 0 0 0 0 0 0 0 58 15 0 18 15 10 17 22 36 13 15 0 3 15 50 24 17 1 0 0 1 13 0 0 0 1 0 1 1 0 0 0 0 0 0 0 0 0 0 0 22 0 0 0 0 0 0 0 1 0 0 0 0 0 0 0 0 2 0 0 0 0 0 1 0 0 0 15 11 0 0 0 0 0 0 4 0 0 32 13 3 0 0 11 7 2 17 15 0 0 0 15 52 0 19 89 12 1 0 0 0 14 0 0 1 0 0 0 1 0 0 0 0 0 0 0 9 9 0 0 1 0 0 0 0 0 0 0 0 0 0 1 0 0 0 0 0 14 0 0 9 0 0 0 0 1 0 0 0 0 0 0 11 0 1 78 0 0 1 0 0 0 0 0 0 0 0 0 0 0 10 0 0 8 0 1 0 0 0 0 0 0 0 0 1 0 0 0 
 1 0 3 3 75 78 0 0 0 0 80 0 0 0 0 0 0 0 0 0 137 0 693 111 20 127 194 278 129 49 52 103 51 135 161 128 123 190 109 153 2 2 0 5 0 3 3 1 0 0 5 0 85 1 50 73 0 5 70 0 0 0 4 0 0 0 0 7 2 0 5 28 0 3 0 1 0 0 6 0 0 0 0 0 23 11 0 0 0 0 0 0 0 0 0 6 0 0 0 2 3 34 15 4 39 12 10 19 18 25 0 37 21 47 11 27 0 23 19 11 0 0 0 0 23 0 13 0 0 0 0 0 0 0 0 0 0 0 0 18 0 0 2 3 0 0 6 0 0 1 0 0 1 0 10 9 0 0 0 0 0 13 2 0 3 13 0 0 0 0 0 0 1 0 0 0 0 0 10 0 0 0 11 2 18 0 9 23 14 1 45 1 0 15 7 11 22 29 0 22 0 0 0 0 0 0 1 22 0 0 0 0 0 0 2 0 0 0 0 15 0 0 0 0 0 0 0 0 0 0 0 0 0 0 0 0 37 0 0 0 0 0 0 0 0 0 0 0 0 0 0 0 0 0 5 0 2 83 80 1 1 0 0 0 0 0 6 0 0 0 0 2 0 0 0 0 0 0 0 0 0 19 0 0 0 15 0 0 0 0 
 0 0 4 0 25 0 0 0 0 0 0 0 0 0 0 2 0 0 0 0 85 693 0 195 276 124 131 104 164 220 127 65 126 139 431 129 129 181 59 46 4 2 0 3 0 0 0 1 0 1 4 0 125 0 0 8 0 3 2 1 0 0 0 0 0 0 0 2 3 0 0 0 0 0 0 2 29 1 3 0 0 0 0 0 6 16 0 0 0 0 0 0 0 0 0 0 0 0 0 0 0 31 0 58 35 30 11 20 17 20 19 14 17 49 12 30 19 4 11 12 1 0 0 0 7 0 18 0 0 13 0 0 15 0 0 0 1 0 1 3 0 0 0 10 1 0 7 0 0 1 0 0 1 0 0 0 1 0 0 0 0 0 0 0 0 0 0 0 0 0 0 0 3 0 0 0 0 0 0 0 0 0 1 0 2 0 0 27 12 0 91 109 0 0 0 14 0 0 0 5 39 0 0 0 0 0 1 0 0 3 7 0 7 0 18 0 0 0 0 10 0 0 0 0 0 1 0 0 4 0 0 0 0 0 1 0 0 0 0 0 0 0 0 0 0 0 0 0 0 0 0 0 0 0 3 0 2 0 1 1 1 0 0 0 0 0 0 0 0 0 0 0 0 0 0 0 0 0 0 0 0 9 0 0 0 17 0 0 0 0 
 2 2 8 4 2 3 4 3 4 4 2 2 5 2 2 8 3 2 4 7 62 111 195 0 170 110 63 307 183 78 120 244 97 64 163 116 198 126 301 56 2 2 0 3 0 0 0 0 0 1 0 0 86 0 5 3 0 3 65 31 0 0 0 0 0 0 0 0 3 0 0 54 0 0 0 1 0 2 3 0 0 0 0 0 0 0 0 0 0 0 0 0 0 0 0 0 0 0 0 0 0 17 0 23 1 1 0 20 0 47 19 26 0 0 11 1 23 0 0 12 0 0 0 0 0 0 0 31 10 0 10 0 15 0 0 0 8 0 14 13 0 0 0 0 14 2 0 0 0 0 0 1 0 0 0 0 0 0 0 0 0 0 0 0 0 0 3 0 0 0 0 0 4 0 0 0 0 0 0 0 13 12 12 10 22 0 0 0 1 0 33 53 0 3 0 10 0 43 0 0 18 0 2 0 0 0 0 0 0 0 0 0 9 0 10 0 0 16 28 0 0 0 0 0 0 1 2 0 0 0 2 0 0 0 0 0 0 0 0 0 0 0 0 0 0 0 0 0 0 0 0 0 0 0 8 0 1 0 1 1 2 2 0 0 0 0 0 0 0 0 0 0 0 60 0 0 0 0 0 0 0 1 0 0 0 12 0 0 0 0 
 0 0 0 3 0 5 2 0 0 0 0 0 0 0 1 0 4 0 0 0 120 20 276 170 0 241 256 150 167 166 259 48 271 149 185 94 50 192 55 142 31 59 61 3 0 0 126 66 0 1 0 0 64 62 67 3 0 3 2 67 0 0 0 0 0 0 0 0 3 0 0 0 4 0 0 3 0 0 3 0 0 0 1 0 0 0 0 0 0 0 2 0 0 0 0 0 0 0 0 0 0 0 0 6 7 22 0 18 10 11 1 26 0 0 0 0 10 0 1 0 12 11 41 0 0 0 5 11 43 33 8 0 19 11 19 15 21 0 7 0 2 0 0 0 0 0 0 0 8 0 0 0 0 0 0 0 0 3 0 0 1 0 0 0 0 0 0 0 0 19 0 0 0 0 14 0 0 0 0 0 12 0 0 8 35 1 0 0 28 16 0 14 0 20 11 2 10 23 0 10 10 21 5 0 0 0 0 38 0 2 9 0 30 8 62 0 66 9 13 11 0 0 0 0 0 0 0 0 0 0 0 0 0 0 0 0 0 0 0 0 0 0 0 0 0 2 0 0 0 0 0 0 0 0 5 0 0 4 73 0 9 12 0 0 0 1 0 0 0 0 0 0 0 0 0 0 0 0 0 0 0 0 0 0 11 0 0 0 0 0 
 0 0 0 2 0 0 0 0 0 0 0 0 2 0 0 2 0 1 0 0 412 127 124 110 241 0 22 162 324 48 453 76 60 151 378 264 95 188 49 331 27 169 0 3 0 0 67 23 0 0 4 0 65 0 0 8 0 3 30 2 0 0 0 0 0 2 0 0 1 0 0 0 3 0 1 0 0 0 3 0 0 0 0 1 1 0 0 0 0 0 0 0 0 0 0 0 0 0 0 0 0 11 1 16 36 33 0 12 27 21 13 0 0 0 0 13 22 1 0 0 0 0 0 0 19 0 30 1 22 0 0 0 10 0 27 0 26 0 13 14 0 0 0 0 0 0 0 0 0 0 0 0 0 0 0 0 0 0 0 2 0 0 0 0 0 0 0 2 0 0 0 0 0 0 0 0 0 0 0 0 9 0 10 1 0 0 2 0 33 14 27 0 2 2 18 25 0 8 0 0 11 4 14 0 0 0 26 1 2 20 0 0 2 10 0 17 5 0 24 49 0 0 0 0 0 0 0 0 0 0 0 0 2 0 0 0 0 1 1 0 0 0 0 0 0 0 0 0 0 0 0 0 0 0 10 0 7 0 80 1 1 34 0 0 0 0 0 0 0 0 15 0 0 0 0 0 0 0 0 0 0 19 0 0 0 0 0 0 0 0 
 1 0 0 75 162 0 0 0 0 2 0 1 0 0 0 2 0 1 0 0 172 194 131 63 256 22 0 203 120 40 25 31 417 114 159 102 357 243 158 49 3 2 1 5 0 0 0 1 0 55 0 0 2 0 0 3 0 3 2 6 0 0 0 0 0 0 0 6 3 0 0 3 34 4 0 2 0 0 3 0 0 0 0 0 22 33 0 0 0 0 0 2 0 0 0 0 0 0 0 0 19 12 44 11 2 0 16 0 0 27 14 1 40 61 41 36 11 10 43 59 0 0 2 0 0 2 0 0 0 1 1 0 0 0 0 0 0 0 0 0 0 0 0 0 0 0 0 0 0 0 0 0 0 0 0 0 0 8 0 7 0 0 0 10 23 31 0 0 0 13 0 0 0 0 0 9 0 9 14 0 10 30 0 16 0 0 25 37 43 8 1 1 62 10 26 0 35 16 0 53 0 0 0 0 0 0 0 0 0 0 2 0 2 0 0 0 0 0 2 0 0 0 1 0 0 0 0 0 0 0 0 0 0 2 0 0 0 0 0 0 0 0 0 0 0 0 0 0 0 0 0 0 0 0 3 0 2 151 0 0 4 0 0 0 0 0 6 0 0 0 0 0 0 0 0 8 0 1 0 7 0 0 0 0 0 0 0 0 0 0 
 0 4 3 70 171 74 0 1 1 1 0 157 2 1 1 0 0 74 0 0 39 278 104 307 150 162 203 0 80 216 110 69 144 235 178 56 39 129 176 201 2 2 3 4 0 0 0 5 0 4 0 0 2 2 0 3 2 3 2 7 0 0 0 0 0 1 0 10 2 31 0 11 7 9 2 0 0 0 5 0 12 0 0 0 5 9 0 0 0 0 0 0 0 0 0 0 0 0 0 14 18 50 21 8 12 0 26 23 20 12 33 6 1 0 20 34 6 0 14 13 0 0 0 0 0 0 0 0 0 0 0 0 0 0 0 0 0 0 0 19 0 0 0 0 0 1 7 0 0 11 0 0 4 0 0 0 10 0 0 0 0 0 0 0 9 0 0 0 0 1 0 8 1 0 0 0 0 0 0 0 22 23 25 0 7 1 14 38 17 18 0 0 35 29 16 13 26 20 14 29 0 0 0 0 0 0 0 0 0 0 0 0 0 0 0 0 0 16 0 0 0 0 0 0 0 0 0 0 0 0 1 0 0 0 24 0 0 0 0 0 0 0 0 0 0 0 0 0 0 0 0 0 0 29 7 0 0 109 4 0 0 0 0 0 0 0 0 0 0 0 0 0 0 0 0 0 0 0 0 0 0 0 0 0 0 0 0 0 0 0 
 0 0 0 3 0 0 0 0 0 0 0 0 0 0 3 2 3 0 0 0 44 129 164 183 167 324 120 80 0 189 259 122 608 60 232 58 121 123 60 111 2 2 64 3 0 0 62 2 205 0 1 0 125 0 0 9 62 65 2 69 0 0 0 0 0 1 0 0 2 0 7 0 3 0 1 0 0 0 3 0 0 0 0 0 14 0 0 0 0 0 0 0 0 0 0 0 0 0 0 0 10 0 24 18 48 0 0 0 28 0 20 7 15 4 30 0 25 24 27 0 8 0 0 0 0 0 0 0 0 0 0 15 35 10 0 0 0 0 15 0 0 0 0 0 0 0 0 0 5 2 0 0 1 0 0 0 0 3 4 0 0 0 0 0 13 14 0 0 0 0 0 0 0 0 0 0 0 0 0 0 0 1 5 65 7 0 0 10 19 28 11 23 0 0 10 11 2 0 0 26 0 1 0 0 0 0 17 0 0 0 0 0 41 0 0 0 13 0 0 0 0 0 0 0 0 0 0 0 0 0 0 0 0 0 0 0 0 0 0 0 0 0 0 0 0 0 0 0 0 0 0 0 0 0 9 0 1 79 41 1 3 1 0 0 0 0 0 0 0 0 0 0 0 0 0 0 0 0 0 19 0 0 0 0 0 0 12 0 0 0 
 3 3 5 6 3 3 3 5 3 3 5 3 3 3 3 5 3 3 3 3 110 49 220 78 166 48 40 216 189 0 92 24 266 160 295 375 130 119 279 91 2 2 0 3 0 0 0 1 0 0 0 0 3 1 0 3 0 3 2 62 0 0 0 0 0 1 0 0 2 3 0 0 0 1 0 0 0 0 3 0 0 0 0 0 0 0 0 0 0 0 0 0 0 0 0 0 0 0 0 0 0 31 24 6 18 6 0 7 18 20 1 24 0 0 9 7 27 29 0 0 0 0 0 0 0 0 0 0 0 0 0 0 7 0 0 0 0 0 0 0 0 0 0 6 0 0 5 0 0 12 0 0 0 0 0 0 0 0 0 0 0 0 0 0 0 0 0 0 0 0 0 0 0 0 0 0 0 0 0 0 47 0 0 0 23 1 0 22 7 27 13 12 0 11 31 0 48 28 0 43 9 0 0 0 0 0 0 0 0 12 0 0 0 0 8 0 0 0 0 10 0 0 0 0 0 0 0 0 0 0 0 0 0 0 0 0 0 0 0 0 0 0 27 0 0 0 0 0 0 0 0 0 0 0 7 0 0 77 76 0 7 2 0 0 0 0 0 0 0 0 0 0 0 0 0 0 0 0 0 0 0 0 0 0 0 19 0 0 0 0 
 0 0 0 4 2 5 0 0 0 0 3 1 0 0 0 2 0 0 0 0 127 52 127 120 259 453 25 110 259 92 0 213 36 180 195 153 395 128 33 88 63 69 1 3 0 0 0 0 0 0 0 2 92 0 5 9 0 4 57 0 0 0 0 0 0 3 0 0 1 0 0 0 4 0 2 0 0 0 3 0 0 0 0 0 0 0 0 0 0 0 0 2 0 0 0 0 0 0 0 0 0 1 15 22 13 125 0 0 1 10 33 24 0 1 0 15 18 13 0 0 0 15 0 0 0 0 0 17 24 0 10 2 0 13 17 10 8 0 41 1 0 0 0 0 0 0 0 0 11 0 0 0 0 0 0 0 0 1 0 0 0 0 0 0 0 0 0 0 0 0 0 0 0 0 0 5 0 0 0 0 15 12 6 2 28 2 0 37 19 7 0 35 0 0 15 0 0 0 11 2 11 18 10 0 0 0 1 32 0 0 0 2 28 24 24 0 1 12 19 13 2 0 0 0 0 0 0 0 0 0 0 0 0 0 0 2 0 0 0 0 0 0 0 0 0 0 0 0 0 0 0 1 0 0 11 5 0 78 0 0 2 18 0 0 0 0 0 0 0 0 53 0 0 0 0 0 0 0 0 0 0 0 0 0 0 0 0 0 0 0 
 2 1 0 4 1 2 1 1 0 1 2 1 0 1 0 2 0 0 1 2 26 103 65 244 48 76 31 69 122 24 213 0 261 189 410 35 207 89 19 35 2 65 0 3 0 0 0 0 0 0 0 0 120 0 58 7 0 3 32 0 0 0 0 0 25 2 0 0 55 0 0 51 0 0 1 0 0 0 3 0 0 0 0 0 0 0 0 0 0 0 0 0 0 0 0 0 0 0 0 0 0 12 2 20 0 0 0 20 13 23 27 19 0 0 0 15 19 3 0 0 1 55 0 0 0 0 0 38 12 0 10 0 15 11 0 9 13 0 9 19 0 0 0 0 18 0 4 0 0 5 0 0 2 0 0 0 0 0 0 0 0 0 0 0 0 0 0 0 0 0 0 0 0 0 0 6 0 0 0 0 9 0 7 0 9 46 0 12 10 12 35 41 0 13 45 26 0 8 0 0 13 0 0 0 0 0 3 18 0 2 0 0 4 37 0 2 19 16 38 1 0 0 0 0 0 0 0 0 0 0 0 0 0 0 0 0 0 0 0 0 0 0 0 0 0 0 0 0 0 0 0 0 0 1 12 0 1 72 1 1 2 0 0 0 0 0 0 0 0 0 0 0 0 0 0 0 0 0 0 0 0 0 0 0 2 0 36 0 0 0 
 4 3 3 6 80 3 3 91 3 3 78 3 3 3 3 84 3 3 3 3 60 51 126 97 271 60 417 144 608 266 36 261 0 249 617 118 334 247 75 63 2 2 2 4 0 61 0 1 0 1 0 0 3 0 0 3 0 3 2 6 0 0 3 0 0 0 0 0 11 0 2 0 2 0 0 1 0 0 10 0 12 0 0 0 1 20 0 0 9 0 0 1 0 0 0 0 17 0 0 0 21 26 22 14 0 0 34 4 1 8 18 17 3 10 52 18 11 19 31 13 0 0 0 0 0 0 0 0 0 0 0 0 0 0 0 0 0 0 0 0 0 0 0 2 0 0 5 0 0 0 0 0 0 0 0 0 0 0 0 0 0 0 0 10 23 0 0 0 34 0 7 0 4 0 0 12 0 0 0 0 21 48 15 49 2 0 0 30 4 4 35 12 25 10 0 1 5 4 10 25 0 0 0 0 0 0 0 0 0 0 0 0 0 0 0 0 0 0 10 0 0 0 0 0 0 0 0 0 0 0 0 0 0 0 0 0 0 0 0 0 0 0 0 0 0 0 0 0 0 0 0 0 0 0 5 2 2 75 4 0 3 2 0 0 0 0 0 0 0 0 0 0 0 0 0 11 0 0 0 17 0 1 0 0 0 0 0 0 0 0 
 0 0 86 73 1 77 0 1 0 0 157 0 0 0 0 2 0 30 64 0 411 135 139 64 149 151 114 235 60 160 180 189 249 0 275 210 307 76 138 154 2 2 1 65 0 0 0 1 0 1 0 0 2 0 0 3 65 3 64 6 0 0 0 0 0 0 0 0 3 0 0 0 3 0 0 1 0 0 3 0 0 0 11 0 17 0 0 0 0 18 16 0 0 0 0 0 0 0 0 0 4 12 0 0 1 9 0 9 23 29 12 14 0 0 16 46 14 10 11 0 0 0 0 0 0 0 0 0 0 0 0 0 0 0 0 0 0 0 0 44 0 7 0 0 0 0 6 0 0 7 0 0 0 0 0 0 0 0 0 0 0 0 10 10 0 2 0 0 9 0 0 10 0 0 0 0 0 0 0 0 1 15 30 0 1 1 0 39 7 23 0 2 10 19 20 81 9 20 12 18 0 0 0 0 9 0 0 0 0 0 0 0 0 0 0 0 0 0 4 20 0 0 0 0 0 0 0 0 0 0 0 0 0 0 0 0 0 0 0 0 0 0 0 0 0 0 0 0 0 0 0 0 0 0 8 0 0 3 0 0 2 0 0 0 0 0 0 0 0 0 0 0 0 0 0 0 0 0 0 0 0 0 0 0 0 0 0 0 0 0 
 3 2 2 2 76 2 3 5 2 2 3 4 2 2 2 5 2 2 3 2 377 161 431 163 185 378 159 178 232 295 195 410 617 275 0 89 338 235 75 69 2 2 1 7 0 0 2 3 0 0 0 0 62 0 0 3 2 3 2 3 0 0 0 0 0 0 0 0 2 0 0 0 3 0 0 1 0 1 3 0 0 0 0 0 0 7 0 0 0 0 0 1 0 0 0 0 0 0 0 0 13 14 29 15 22 22 26 19 16 21 25 1 4 10 20 27 34 29 28 0 0 0 1 0 0 0 0 0 0 0 0 1 16 0 0 0 0 0 24 19 0 0 0 1 0 0 6 0 0 4 0 0 0 0 0 0 0 0 0 0 0 0 0 0 37 0 1 0 0 0 0 0 0 0 0 0 0 0 0 0 1 46 24 16 0 0 0 39 29 4 3 12 13 9 14 9 28 0 0 80 0 0 0 0 0 0 0 0 2 0 0 1 22 0 0 0 0 0 0 0 1 0 0 0 0 0 0 0 0 0 0 0 0 0 0 1 0 0 0 0 0 0 0 0 0 0 0 0 0 0 0 0 0 0 30 1 4 77 3 2 11 0 0 0 0 0 0 0 0 0 0 0 0 0 0 0 0 0 0 17 0 0 0 0 0 0 0 0 0 0 
 0 0 0 0 73 7 0 2 0 0 74 0 1 2 0 0 0 1 2 0 404 128 129 116 94 264 102 56 58 375 153 35 118 210 89 0 85 192 53 265 0 0 1 2 0 0 0 2 0 0 4 2 2 0 0 8 0 1 2 0 1 0 0 2 0 0 0 0 0 0 0 49 12 0 2 0 0 45 0 0 0 0 0 0 1 1 0 0 0 0 0 0 0 0 0 0 0 0 2 0 12 0 0 23 19 21 30 25 23 20 24 24 20 1 12 29 0 0 13 11 0 0 0 0 0 0 0 0 3 0 3 0 19 0 0 0 0 0 0 0 0 0 0 4 0 0 0 2 0 0 0 0 0 0 0 0 0 0 0 0 0 0 0 0 13 0 0 0 0 0 0 0 2 0 0 0 0 0 0 0 19 7 18 25 0 0 13 0 19 11 22 14 0 18 18 17 0 23 0 0 0 0 0 0 10 0 9 0 0 0 0 0 0 0 0 0 0 0 11 1 0 0 0 0 0 0 0 0 0 0 0 0 0 0 0 0 0 0 0 0 0 0 0 0 0 0 1 0 0 0 0 0 0 0 4 0 0 77 38 1 2 2 0 1 0 0 0 0 0 0 0 0 0 0 0 0 0 0 0 0 0 7 0 0 0 0 0 0 0 0 
 0 2 80 0 74 6 0 0 0 0 2 0 0 0 0 0 4 0 1 0 34 123 129 198 50 95 357 39 121 130 395 207 334 307 338 85 0 344 27 198 0 0 0 0 0 0 0 2 2 2 0 4 125 0 1 0 0 1 49 3 1 4 3 2 0 0 0 0 0 0 0 0 3 0 4 0 0 3 5 0 0 0 0 0 0 0 0 0 0 0 0 0 0 0 0 0 0 0 0 0 19 0 13 20 0 0 20 44 1 32 28 12 6 0 20 14 29 18 20 9 0 0 0 0 1 0 2 0 0 0 0 0 34 0 0 0 0 0 1 17 0 0 0 27 0 0 0 0 0 2 0 0 0 0 0 0 1 0 0 0 0 0 0 0 11 0 0 0 2 0 0 0 2 0 0 0 34 0 0 0 25 1 0 45 0 1 13 2 0 4 59 32 0 0 28 24 0 29 0 1 0 0 0 0 0 0 22 1 0 0 0 0 4 19 1 0 0 0 9 1 0 0 0 0 0 1 0 0 0 0 0 0 0 0 0 0 0 0 0 0 0 0 11 0 0 0 0 0 0 0 0 0 0 0 7 0 1 2 11 0 4 0 0 0 0 0 0 0 0 0 0 0 0 0 0 0 0 13 0 0 0 6 0 0 0 0 18 0 0 0 
 0 0 4 46 0 0 0 0 79 91 0 0 5 203 0 2 0 0 2 0 33 190 181 126 192 188 243 129 123 119 128 89 247 76 235 192 344 0 101 46 2 2 1 3 0 0 0 1 0 20 6 0 7 0 5 6 0 3 3 0 0 0 0 0 0 0 0 0 3 1 0 0 7 0 0 2 0 0 3 0 2 0 0 0 0 0 0 0 0 0 0 0 0 0 0 0 0 0 0 0 11 1 12 35 18 27 11 10 31 14 36 47 4 6 7 11 29 17 12 0 0 0 0 0 17 0 1 0 2 0 0 0 1 0 0 14 0 0 0 0 0 0 0 4 0 0 1 0 0 0 0 0 0 0 0 0 0 0 0 0 0 0 0 0 20 0 0 0 0 0 0 0 3 0 0 0 0 0 0 0 11 18 3 18 21 0 5 3 40 32 27 13 0 0 0 0 0 11 0 16 0 0 0 0 0 0 0 0 1 0 0 0 0 0 9 0 0 0 0 25 0 0 0 0 0 0 0 0 0 0 0 0 0 0 0 0 0 0 0 0 0 0 0 0 0 0 0 0 0 0 0 0 0 0 16 0 3 80 75 3 0 0 0 0 0 0 0 0 0 0 0 0 0 0 0 0 0 0 0 8 0 32 0 0 0 0 1 0 0 0 
 0 3 75 5 80 226 0 0 0 2 76 115 0 0 0 91 46 108 0 0 69 109 59 301 55 49 158 176 60 279 33 19 75 138 75 53 27 101 0 407 2 2 0 3 0 0 0 2 0 7 0 0 2 0 0 3 1 3 2 0 0 0 0 0 0 0 0 7 3 0 0 1 0 4 0 3 0 58 3 0 0 0 0 0 0 0 0 1 0 0 13 12 0 0 0 0 0 1 0 0 18 8 24 0 0 0 12 21 0 25 0 12 20 0 11 2 12 21 0 1 0 0 0 0 0 0 0 0 3 7 0 0 0 0 0 0 0 0 0 1 0 0 0 8 1 0 0 1 0 0 0 0 0 0 0 0 0 0 0 0 0 10 0 0 11 9 0 0 0 0 15 1 0 0 8 0 0 0 0 0 54 0 0 0 0 9 14 8 0 7 13 0 0 77 32 0 0 36 27 9 0 0 0 0 0 0 1 0 0 0 3 0 0 0 0 0 0 0 0 0 0 0 0 0 0 0 0 0 2 0 0 0 0 0 0 0 0 0 0 0 0 0 2 0 0 0 0 0 0 0 0 0 0 0 8 0 0 42 0 2 0 0 0 0 0 0 0 0 0 0 0 0 0 0 0 0 0 0 0 0 0 31 0 0 0 0 0 0 0 2 
 0 0 26 74 83 19 0 0 0 0 1 61 0 0 3 0 2 154 0 0 338 153 46 56 142 331 49 201 111 91 88 35 63 154 69 265 198 46 407 0 2 2 2 3 0 0 0 2 0 0 5 0 2 0 0 7 0 3 2 0 0 0 0 0 0 1 0 0 2 0 0 0 0 1 0 0 0 1 3 0 0 0 10 0 0 0 0 0 1 0 14 12 0 0 0 0 0 0 0 0 53 48 35 16 11 13 19 7 34 0 6 1 5 0 9 0 0 0 18 0 0 0 0 0 1 0 0 0 0 17 0 0 12 0 0 0 0 0 0 0 0 0 0 5 0 0 2 0 0 0 0 0 0 0 0 0 0 0 0 0 0 0 0 0 12 12 0 0 0 0 13 12 0 0 0 0 0 0 0 0 18 0 14 22 0 0 59 6 8 16 0 0 0 42 6 35 0 10 26 12 0 0 0 0 0 0 6 0 0 0 0 0 0 0 0 0 0 0 0 10 0 0 0 0 0 0 0 0 0 0 0 0 0 0 0 0 0 0 0 0 0 0 0 0 0 1 0 0 0 0 0 0 0 0 16 0 0 77 7 0 0 1 0 0 0 0 0 0 0 0 0 0 0 0 0 0 0 0 0 0 0 28 0 0 0 0 0 0 0 0 
 0 0 2 0 0 0 3 0 0 0 0 0 0 0 0 3 0 2 0 0 11 2 4 2 31 27 3 2 2 2 63 2 2 2 2 0 0 2 2 2 0 161 270 172 43 27 164 40 187 51 34 171 140 49 108 253 106 132 39 146 0 0 0 0 0 0 0 0 0 0 0 0 0 0 53 0 0 0 1 4 0 0 0 0 0 0 0 0 0 0 0 0 0 0 0 0 0 0 0 0 0 1 0 0 0 0 0 0 0 0 1 13 0 0 0 0 0 0 0 0 9 10 0 20 33 5 23 24 47 4 29 12 0 27 0 18 22 13 0 0 6 2 0 0 0 0 2 0 12 19 0 0 1 0 3 0 0 23 4 0 0 0 0 0 0 2 0 0 0 0 0 0 0 0 0 19 0 0 0 0 0 0 0 7 3 0 0 0 1 0 0 7 0 0 0 0 0 0 0 0 44 36 22 1 10 7 0 43 5 0 3 28 26 20 11 21 8 9 0 0 0 0 0 0 0 0 0 0 10 0 0 0 1 0 0 1 6 0 0 0 0 0 20 0 0 0 0 0 0 19 0 4 0 1 0 0 0 0 0 0 0 34 2 0 2 0 0 79 0 0 0 0 0 0 0 0 0 0 0 0 0 0 0 0 6 8 0 0 0 0 
 0 0 0 0 0 0 0 0 0 0 0 0 0 0 0 0 0 0 63 0 2 2 2 2 59 169 2 2 2 2 69 65 2 2 2 0 0 2 2 2 161 0 149 298 219 47 199 511 74 47 122 44 66 210 496 49 36 328 37 51 0 0 0 0 3 0 1 0 1 0 0 0 0 0 0 2 0 4 6 2 0 0 0 0 0 0 6 0 0 0 0 0 0 0 0 0 0 0 0 0 0 0 0 3 30 21 0 0 0 0 0 0 0 0 0 0 0 0 0 0 15 14 22 11 0 0 37 0 15 12 7 0 7 0 32 53 16 3 15 0 3 0 0 0 0 0 1 0 0 0 0 0 5 1 0 0 0 0 0 0 0 0 0 0 0 0 0 0 0 0 0 0 0 0 0 0 0 0 0 0 0 0 0 0 0 22 0 0 0 0 0 0 0 0 0 0 0 0 0 0 25 22 8 6 1 0 17 17 16 0 10 5 4 7 0 0 59 0 51 36 0 0 0 0 0 0 0 0 0 0 0 0 1 0 0 0 0 0 0 0 0 0 11 0 0 0 0 0 0 0 0 2 0 0 0 0 0 0 0 0 0 36 0 0 0 0 3 2 0 0 21 0 0 0 0 0 0 0 0 0 0 0 4 0 14 7 0 0 0 0 
 2 2 0 1 2 2 2 0 0 2 2 2 2 2 0 2 0 2 2 2 1 0 0 0 61 0 1 3 64 0 1 0 2 1 1 1 0 1 0 2 270 149 0 155 46 99 49 178 122 118 40 264 72 252 76 152 93 48 20 244 4 7 0 0 0 0 0 59 0 0 0 0 23 1 0 0 0 0 50 3 0 0 0 0 0 0 0 0 0 0 0 0 0 0 0 0 0 0 0 0 0 0 0 0 0 0 0 0 0 0 0 0 0 0 0 0 0 0 0 0 0 0 0 0 4 31 0 0 1 30 6 20 12 0 9 0 0 13 0 0 0 4 0 0 0 0 23 8 21 5 0 0 19 0 5 17 12 0 25 6 0 0 0 0 0 0 0 0 0 0 7 17 0 0 27 0 0 0 0 12 0 0 0 0 0 0 0 0 0 0 0 0 0 0 0 0 0 0 0 0 0 0 0 61 22 40 9 0 45 22 18 43 0 0 0 0 0 1 0 0 11 42 1 0 0 0 8 7 9 0 0 0 13 20 0 10 0 1 0 0 0 0 0 0 0 0 0 0 2 0 0 11 0 0 0 0 0 2 0 1 0 0 65 1 0 19 0 0 0 0 0 0 0 0 0 0 0 0 0 0 0 0 0 0 16 15 0 0 0 1 
 0 0 0 3 3 7 0 4 0 0 64 0 0 2 0 0 0 0 0 0 3 5 3 3 3 3 5 4 3 3 3 3 4 65 7 2 0 3 3 3 172 298 155 0 91 41 127 337 148 245 130 79 48 143 82 176 37 135 64 61 0 0 0 0 0 2 0 0 0 0 0 0 52 0 0 0 0 0 50 3 0 0 0 0 8 0 0 0 0 6 0 0 0 0 0 0 0 0 0 0 0 0 0 0 0 0 0 0 0 0 0 0 0 0 7 0 0 0 10 6 0 28 0 10 0 0 0 35 24 24 11 13 0 8 0 0 27 23 0 0 9 10 0 0 0 0 0 0 21 0 0 0 31 1 0 12 0 0 0 0 0 0 12 8 0 11 0 0 0 0 3 38 0 0 0 0 0 0 0 0 0 7 0 0 0 0 6 18 0 0 0 0 0 8 0 0 0 0 0 6 10 21 13 23 0 21 0 0 0 0 1 1 0 1 15 11 0 68 0 0 24 1 0 0 0 0 0 9 0 0 0 0 15 2 0 0 1 0 0 0 0 0 11 0 0 0 0 0 0 0 0 5 0 0 0 0 0 0 0 8 0 0 0 67 0 4 0 6 0 0 0 0 0 0 0 0 0 0 0 0 0 0 0 0 0 21 0 0 0 0 
 0 0 0 0 0 0 64 0 0 0 0 0 0 0 0 0 0 0 0 0 0 0 0 0 0 0 0 0 0 0 0 0 0 0 0 0 0 0 0 0 43 219 46 91 0 191 51 56 76 127 65 105 76 57 278 163 50 492 86 71 50 25 0 0 42 0 0 101 0 0 0 0 1 54 0 0 0 12 24 62 0 0 0 0 0 0 0 0 0 0 0 0 0 0 0 0 0 0 0 0 0 0 0 0 0 0 0 0 0 0 0 3 0 23 0 0 0 0 0 0 0 0 1 12 0 0 0 0 0 0 0 0 0 20 0 0 0 0 0 0 7 0 1 10 0 0 8 34 0 7 0 1 22 0 0 5 0 14 7 10 0 0 16 0 0 0 0 0 0 0 0 1 0 5 0 0 0 0 0 0 0 0 14 0 0 0 0 0 0 0 0 0 0 0 0 0 0 0 0 0 0 9 9 7 1 22 0 0 7 0 0 8 0 0 0 14 0 0 0 0 29 0 61 13 10 1 7 29 8 16 1 39 1 27 19 19 0 8 4 37 7 0 0 0 0 0 0 0 0 0 0 9 0 0 0 0 0 0 0 5 0 1 68 0 64 2 1 3 3 0 13 0 0 0 0 0 0 0 0 0 0 1 0 0 0 0 0 0 14 0 
 9 66 95 4 1 0 0 65 0 0 27 1 0 0 0 1 66 1 0 0 0 3 0 0 0 0 0 0 0 0 0 0 61 0 0 0 0 0 0 0 27 47 99 41 191 0 43 35 38 105 73 140 234 35 65 98 54 359 43 51 0 1 0 0 1 2 0 0 52 23 0 0 0 36 0 1 17 0 50 55 7 14 20 0 0 0 0 0 26 0 3 0 0 0 22 0 0 1 0 0 0 0 0 0 0 0 13 0 0 11 11 0 0 0 0 0 0 0 0 0 8 0 0 0 27 0 0 0 0 0 19 0 0 0 0 0 0 0 0 0 22 11 0 10 0 14 9 20 0 11 1 0 0 0 15 6 14 18 0 40 1 1 5 0 1 0 0 0 13 0 0 0 0 0 0 5 0 35 3 0 0 0 0 0 0 0 0 0 0 0 0 0 0 0 0 0 0 0 0 0 0 0 0 10 7 0 0 0 0 0 14 13 0 0 0 0 0 0 0 0 1 0 52 5 2 0 26 28 9 29 0 10 0 8 0 11 13 0 27 6 0 0 0 0 0 0 0 0 0 17 0 12 0 0 0 0 0 0 0 0 0 0 6 0 11 8 1 0 2 0 10 0 0 22 0 12 0 0 0 0 0 0 0 0 0 0 0 0 0 0 
 0 0 0 0 0 0 0 0 0 0 0 0 0 0 0 3 0 0 0 0 2 3 0 0 126 67 0 0 62 0 0 0 0 0 2 0 0 0 0 0 164 199 49 127 51 43 0 174 108 28 51 43 128 54 156 263 231 126 279 98 0 0 0 0 0 0 0 0 0 1 0 0 0 0 1 0 0 0 0 0 0 6 0 0 0 0 4 8 0 0 0 0 2 0 0 0 0 0 0 0 0 0 0 1 0 0 0 0 0 0 0 0 0 0 0 0 19 0 0 16 13 1 4 13 0 0 66 12 4 0 19 8 14 9 39 38 11 0 0 0 0 0 0 0 0 0 0 0 7 0 0 0 0 0 0 0 0 9 0 0 4 0 0 0 0 0 0 0 0 0 0 0 0 0 0 0 0 3 0 11 0 0 0 8 10 12 0 0 0 0 0 1 0 0 0 0 0 0 0 0 36 55 26 1 10 0 11 63 46 9 6 25 24 0 16 9 4 3 14 31 0 0 0 0 0 0 0 0 0 0 0 14 0 5 0 0 0 0 0 0 0 0 20 0 0 0 0 0 0 0 0 0 0 1 0 0 0 0 0 2 0 2 0 0 2 0 2 65 0 0 0 0 0 0 0 0 0 0 0 0 0 0 0 0 6 1 0 0 0 0 
 3 3 5 3 4 4 3 3 3 3 68 34 3 3 3 3 3 67 3 3 2 1 1 0 66 23 1 5 2 1 0 0 1 1 3 2 2 1 2 2 40 511 178 337 56 35 174 0 146 86 100 88 71 208 143 107 160 102 181 55 0 0 0 0 0 0 0 0 0 0 0 0 0 0 0 0 0 0 55 52 0 0 0 0 7 0 0 0 0 29 13 0 0 0 8 0 8 5 0 0 0 0 0 0 0 0 0 0 0 0 0 0 0 19 18 0 0 0 3 6 3 10 27 7 0 0 35 2 0 9 0 7 23 13 31 21 41 12 0 0 3 4 0 0 0 0 16 9 0 0 0 0 0 2 0 0 0 0 0 0 0 0 16 6 0 5 0 0 0 0 0 21 0 0 0 15 7 0 0 0 0 0 0 0 0 20 2 0 0 0 0 0 0 0 0 0 0 0 0 0 0 12 11 29 9 31 21 12 34 23 32 20 11 0 1 10 0 8 7 36 4 14 0 0 0 0 0 0 0 0 20 0 0 0 0 0 14 0 0 0 0 19 0 0 0 0 0 0 0 0 0 5 0 0 0 0 0 0 2 0 0 0 0 0 0 3 4 0 0 0 0 0 0 0 0 0 0 0 0 0 0 0 0 0 18 0 0 0 0 0 
 0 0 61 0 0 0 0 0 0 0 0 0 0 0 3 0 0 3 0 0 0 0 0 0 0 0 0 0 205 0 0 0 0 0 0 0 2 0 0 0 187 74 122 148 76 38 108 146 0 90 104 44 78 288 187 142 115 113 141 81 3 0 5 3 10 2 0 3 4 6 8 0 24 0 4 0 16 0 14 0 0 0 0 0 0 0 0 0 0 0 0 0 0 0 0 0 0 0 0 0 0 0 0 0 0 0 0 0 0 0 0 0 0 0 0 0 0 0 0 0 1 20 12 16 0 10 42 8 10 29 19 9 6 6 0 27 12 39 1 0 0 2 0 0 0 0 0 0 4 0 0 0 37 3 0 10 0 0 0 0 0 0 0 0 0 0 0 0 0 0 3 3 20 0 0 0 0 0 0 0 0 0 0 0 0 6 0 0 0 0 0 0 0 0 0 0 0 0 0 0 29 0 7 4 0 8 0 23 0 0 0 0 0 0 0 6 0 8 0 0 0 10 15 0 0 0 0 3 1 6 4 0 8 12 0 0 0 0 0 0 0 0 20 0 0 0 0 0 0 0 0 10 0 2 0 0 0 0 0 2 0 0 0 1 0 49 2 2 1 0 9 0 0 0 0 10 0 0 0 0 0 0 0 0 0 9 0 0 0 0 
 0 61 1 0 0 0 2 64 0 0 0 0 0 0 3 2 0 2 0 0 2 0 1 1 1 0 55 4 0 0 0 0 1 1 0 0 2 20 7 0 51 47 118 245 127 105 28 86 90 0 634 156 67 71 307 475 152 66 60 90 0 0 0 0 0 0 54 0 0 0 0 0 22 55 0 0 0 0 82 0 0 0 0 0 0 0 0 0 0 0 0 0 0 0 0 0 0 0 0 0 0 0 0 0 0 0 0 0 0 0 0 0 0 0 0 0 0 0 0 0 8 0 1 11 54 11 0 3 19 0 13 8 0 8 10 1 14 29 0 1 16 3 0 1 0 0 14 7 0 0 0 0 5 26 10 0 30 6 4 7 0 0 0 0 0 14 0 0 0 0 0 0 0 0 0 0 0 0 0 0 2 0 0 0 0 0 0 0 0 0 0 0 0 0 0 0 0 0 0 0 0 13 14 30 5 14 0 0 22 6 3 24 1 0 4 5 0 1 0 0 22 3 0 0 0 0 7 32 0 0 0 0 22 0 10 1 0 0 17 15 0 0 0 0 0 0 0 0 0 0 0 7 0 0 0 0 0 0 0 11 0 0 1 67 65 4 0 0 0 0 0 0 0 0 0 0 0 0 0 0 0 0 1 0 0 8 0 4 0 0 
 0 0 0 0 0 1 0 0 0 0 0 0 0 0 0 0 0 0 0 0 3 5 4 0 0 4 0 0 1 0 0 0 0 0 0 4 0 6 0 5 34 122 40 130 65 73 51 100 104 634 0 103 37 90 112 450 412 63 38 88 0 0 0 0 0 0 50 0 0 0 0 0 0 0 0 0 0 0 102 0 0 0 0 0 0 0 0 0 0 0 0 0 0 0 0 0 0 13 0 0 0 0 0 7 5 9 0 0 4 0 0 0 0 0 0 0 0 0 7 0 10 1 0 41 32 33 22 10 45 1 33 1 0 0 0 71 19 18 0 0 0 0 0 0 0 0 0 0 0 1 0 0 25 22 20 0 0 0 7 0 0 0 0 0 0 8 0 0 0 0 0 0 0 0 0 0 0 0 0 0 0 0 1 0 0 0 0 0 4 0 3 0 0 0 0 0 0 0 0 0 22 16 27 7 23 0 0 20 19 15 12 11 8 0 22 1 0 4 0 6 0 3 0 0 0 0 1 7 0 0 0 0 26 20 19 0 1 0 11 17 0 0 20 0 0 0 0 0 0 0 0 4 0 0 0 0 0 0 1 2 0 0 1 67 1 2 0 66 0 0 0 0 0 0 0 0 0 0 0 0 0 4 0 0 10 5 0 7 0 0 
 0 0 0 0 0 0 1 0 0 0 0 0 4 0 0 0 0 3 0 0 0 0 0 0 0 0 0 0 0 0 2 0 0 0 0 2 4 0 0 0 171 44 264 79 105 140 43 88 44 156 103 0 42 112 56 245 129 83 28 119 0 0 0 0 0 0 0 0 0 0 0 24 0 0 0 0 0 0 50 0 0 0 0 0 0 0 0 0 0 0 0 0 0 0 0 0 0 0 0 0 0 0 0 0 0 0 0 0 0 0 0 0 0 0 0 0 0 0 0 0 3 11 0 0 82 11 0 10 32 0 7 0 0 11 10 0 0 17 0 0 0 0 0 0 0 0 14 3 0 0 0 0 11 17 0 4 0 0 0 0 0 0 0 0 0 15 0 0 0 0 0 0 0 0 0 0 0 0 0 0 0 0 0 0 0 0 0 0 0 0 0 0 0 0 0 0 0 0 0 0 0 0 0 30 11 13 0 0 39 19 17 27 0 0 10 0 0 15 0 0 8 3 0 0 7 0 10 8 0 0 0 0 0 14 0 13 0 0 9 0 0 0 0 0 0 0 0 0 0 0 0 7 0 0 0 0 0 0 0 19 0 0 62 1 2 4 2 0 0 0 0 0 0 0 0 0 0 0 0 0 0 0 0 0 9 0 0 0 0 0 
 0 0 0 0 0 0 0 0 0 0 0 0 4 0 0 0 0 0 0 3 2 85 125 86 64 65 2 2 125 3 92 120 3 2 62 2 125 7 2 2 140 66 72 48 76 234 128 71 78 67 37 42 0 88 40 62 38 245 466 120 0 0 0 0 0 0 0 0 0 0 0 56 0 0 0 49 0 0 0 10 0 0 0 0 0 0 0 0 0 0 0 0 0 0 0 0 0 0 0 0 0 0 17 13 1 18 0 6 0 11 18 0 0 0 0 1 29 12 0 0 19 17 1 12 0 5 0 0 3 9 0 0 9 20 0 12 0 17 15 11 9 1 0 0 0 0 1 0 7 0 0 0 0 0 0 0 0 9 0 1 0 0 0 0 0 0 0 0 0 0 0 0 0 0 0 5 0 0 0 0 1 0 0 17 21 0 0 0 0 5 16 9 0 0 1 6 1 13 0 0 0 22 0 0 0 4 0 36 0 0 0 0 80 12 8 0 4 0 0 0 13 0 0 0 0 0 0 0 0 0 10 0 6 0 0 0 0 0 0 0 0 0 0 0 0 0 0 0 0 0 0 6 0 1 0 0 0 0 0 0 0 2 1 0 2 1 0 0 0 0 0 0 0 0 0 0 0 0 0 0 0 0 4 0 2 9 1 0 0 0 
 0 0 60 3 0 0 0 0 0 0 0 0 0 1 0 0 0 0 0 0 0 1 0 0 62 0 0 2 0 1 0 0 0 0 0 0 0 0 0 0 49 210 252 143 57 35 54 208 288 71 90 112 88 0 248 161 172 113 163 160 0 0 0 0 0 0 0 0 0 0 0 0 0 2 0 0 3 0 50 0 0 0 13 0 0 0 0 0 0 6 0 0 1 0 0 0 0 0 0 0 0 0 0 0 0 0 0 0 0 0 0 0 0 0 0 0 0 0 0 0 11 16 3 15 16 0 18 0 21 43 28 0 33 0 21 28 6 9 0 0 3 4 0 0 0 0 0 0 0 0 0 0 1 30 0 0 0 0 0 0 0 0 0 0 0 9 0 0 0 0 0 0 13 0 0 0 0 0 0 0 0 0 0 0 0 10 0 0 0 0 0 0 0 0 0 0 0 0 0 0 22 21 31 1 0 0 1 39 0 14 0 0 20 0 11 15 5 8 1 0 0 11 0 0 0 0 0 11 0 0 0 0 0 0 0 0 0 0 3 0 0 0 21 0 0 0 0 0 0 0 0 10 0 0 0 0 0 0 0 4 0 0 0 64 2 3 0 67 0 0 0 0 0 0 0 0 0 0 0 0 0 0 0 0 0 4 0 0 0 0 
 0 0 0 0 0 0 0 0 0 0 3 0 0 0 2 0 0 3 0 0 0 50 0 5 67 0 0 0 0 0 5 58 0 0 0 0 1 5 0 0 108 496 76 82 278 65 156 143 187 307 112 56 40 248 0 151 110 385 151 79 0 0 0 0 2 0 0 0 0 0 0 0 0 0 5 0 0 0 0 0 0 0 0 0 0 0 0 0 0 0 0 0 0 0 0 0 0 0 0 0 0 0 0 0 0 0 0 0 0 0 0 6 0 0 0 0 0 14 0 0 1 60 37 12 6 0 18 5 5 10 16 8 22 6 27 57 20 0 10 2 3 4 0 0 0 0 0 0 0 0 0 0 0 1 4 4 0 0 0 0 0 3 0 0 0 0 0 0 0 0 0 0 0 0 0 5 0 0 0 0 0 0 0 0 7 20 0 0 0 0 0 7 0 0 0 0 17 0 0 0 17 18 9 0 0 0 0 22 13 0 15 0 11 28 0 25 6 15 5 10 0 0 0 0 0 0 0 0 0 0 0 0 0 0 0 0 0 0 0 0 0 0 10 0 0 58 0 0 0 0 0 19 0 0 0 0 0 0 0 0 0 0 0 0 0 2 0 3 0 0 0 0 0 0 0 0 0 0 0 0 0 0 0 0 14 7 0 0 0 0 
 0 0 63 0 0 0 0 0 0 0 0 0 0 0 0 3 0 0 0 0 5 73 8 3 3 8 3 3 9 3 9 7 3 3 3 8 0 6 3 7 253 49 152 176 163 98 263 107 142 475 450 245 62 161 151 0 331 108 38 56 0 0 0 0 0 0 0 0 0 0 0 5 0 0 0 0 0 0 52 0 0 0 0 0 0 0 0 0 0 0 0 0 0 0 0 0 0 0 0 0 0 24 0 10 3 4 0 8 22 0 12 0 0 0 0 0 0 0 0 0 9 37 11 35 11 0 3 15 30 0 9 11 3 37 7 7 9 40 0 0 6 6 0 0 0 0 17 18 0 0 0 0 13 6 1 0 0 0 18 0 0 0 0 0 0 3 0 0 0 0 0 0 0 0 0 0 15 0 0 0 0 0 10 5 0 0 0 0 1 3 3 0 0 0 0 5 0 0 0 0 0 7 7 20 66 16 4 4 22 0 9 23 0 0 8 0 0 20 0 1 19 16 0 0 0 0 0 7 0 0 0 0 10 0 0 0 24 0 11 1 0 0 0 0 0 0 0 0 0 0 0 14 0 0 0 0 0 0 4 9 0 0 2 62 1 1 0 0 0 0 0 0 0 0 0 0 0 0 0 0 0 4 0 0 0 0 0 18 0 0 
 0 0 0 4 0 64 0 2 1 0 0 0 0 4 0 4 0 3 0 0 3 0 0 0 0 0 0 2 62 0 0 0 0 65 2 0 0 0 1 0 106 36 93 37 50 54 231 160 115 152 412 129 38 172 110 331 0 126 47 158 0 1 0 0 0 0 62 49 0 0 0 0 0 4 0 0 0 0 0 0 21 0 0 0 0 0 0 7 0 0 4 0 0 0 0 0 5 0 0 0 0 0 0 0 0 14 0 0 0 0 0 0 0 24 0 0 0 0 0 4 3 0 9 25 47 36 19 0 39 13 0 1 21 0 13 6 0 45 4 0 0 0 0 0 0 0 8 11 0 0 0 0 34 35 20 0 0 0 6 19 0 0 0 0 0 36 0 0 0 0 0 0 0 0 2 4 14 0 0 0 0 0 0 0 0 7 6 0 0 0 0 0 0 0 0 0 0 0 0 0 3 0 0 39 37 6 0 0 11 7 19 6 0 0 8 15 9 7 0 0 9 13 0 0 0 0 1 0 0 0 2 0 12 1 19 0 0 0 9 17 0 3 0 0 0 0 0 0 0 0 0 9 0 1 0 0 0 0 0 8 0 0 6 0 0 1 0 0 0 0 0 0 0 0 2 0 0 0 0 0 0 0 0 0 0 0 0 6 0 0 
 0 0 0 0 0 0 0 0 0 0 0 1 2 0 0 0 0 0 0 0 3 5 3 3 3 3 3 3 65 3 4 3 3 3 3 1 1 3 3 3 132 328 48 135 492 359 126 102 113 66 63 83 245 113 385 108 126 0 306 136 0 0 0 0 0 0 51 0 0 0 0 0 61 51 0 0 0 0 230 0 0 0 0 0 0 0 0 0 0 0 0 0 0 0 0 0 0 0 0 0 0 0 0 0 0 0 0 0 0 0 0 0 0 0 0 0 0 0 0 0 12 24 26 17 15 13 97 16 1 12 23 11 22 17 28 27 45 0 0 8 14 0 0 0 0 0 0 5 0 0 0 0 0 27 10 0 0 0 0 7 0 0 0 0 0 0 0 0 0 0 0 0 0 0 11 0 0 0 0 0 0 1 0 0 0 6 0 0 0 0 0 0 0 0 0 0 0 0 0 0 58 10 24 8 3 0 0 19 0 23 9 31 14 4 13 12 4 1 0 0 0 0 0 0 0 0 7 10 0 0 0 0 0 0 14 1 0 0 14 13 0 0 21 0 0 0 2 0 0 0 0 11 0 0 0 2 0 0 0 1 0 0 6 2 77 5 5 63 1 0 0 0 0 0 0 0 0 0 0 0 0 1 0 0 0 2 0 0 0 0 
 3 3 3 10 3 3 3 5 28 5 3 6 7 3 3 8 3 3 3 3 2 70 2 65 2 30 2 2 2 2 57 32 2 64 2 2 49 3 2 2 39 37 20 64 86 43 279 181 141 60 38 28 466 163 151 38 47 306 0 218 0 4 3 0 8 0 1 0 3 23 2 0 2 0 2 0 201 1 0 4 0 42 0 0 0 0 0 0 4 0 0 5 0 0 0 0 0 3 0 0 0 0 25 3 18 42 0 25 0 20 0 6 0 0 0 14 0 14 0 0 0 29 26 0 0 0 26 11 0 14 0 1 26 6 0 16 0 0 47 32 0 0 0 0 0 0 0 0 0 0 0 0 0 5 0 0 0 0 0 0 0 3 0 0 0 0 5 0 0 0 0 0 0 0 0 7 1 0 0 0 16 1 0 0 8 20 0 0 0 19 23 0 0 0 14 15 0 20 5 0 0 0 0 0 0 0 10 6 0 0 0 0 23 34 1 13 0 0 18 0 0 0 0 0 0 0 0 0 0 0 0 0 0 0 0 0 0 0 0 0 0 0 0 0 0 0 3 0 0 0 0 3 0 0 0 0 0 0 0 0 0 0 3 0 0 1 2 0 2 0 9 0 0 0 0 1 0 0 0 0 0 0 0 0 0 0 10 0 0 0 
 3 3 3 4 5 3 6 3 3 3 12 3 3 3 11 3 9 3 9 3 0 0 1 31 67 2 6 7 69 62 0 0 6 6 3 0 3 0 0 0 146 51 244 61 71 51 98 55 81 90 88 119 120 160 79 56 158 136 218 0 0 0 0 0 5 2 0 0 0 0 3 0 0 0 2 0 0 4 0 0 0 0 0 0 7 3 0 0 0 5 0 0 0 0 0 0 10 0 0 0 0 0 0 1 19 18 0 7 1 0 0 0 0 0 6 8 19 0 5 0 33 10 10 0 14 0 1 22 11 20 0 0 2 4 11 0 7 0 9 45 0 0 0 0 0 0 0 0 5 0 0 0 0 0 0 0 0 15 0 0 0 0 6 11 3 1 0 0 0 0 0 6 0 0 0 0 0 0 0 0 1 4 0 3 9 14 3 3 0 0 0 15 1 8 0 1 19 0 0 8 73 23 0 0 9 0 0 51 0 25 8 22 10 10 25 9 12 0 6 0 0 0 0 0 0 0 0 0 0 0 0 0 0 0 10 0 0 0 0 0 0 0 0 0 0 0 0 0 0 0 0 4 0 2 0 0 0 0 0 2 0 11 1 1 0 2 0 0 2 0 0 0 0 14 0 0 0 6 0 0 0 0 0 0 0 0 0 0 0 0 
 0 1 0 0 0 0 0 0 0 0 0 0 2 2 0 0 0 0 0 0 0 0 0 0 0 0 0 0 0 0 0 0 0 0 0 1 1 0 0 0 0 0 4 0 50 0 0 0 3 0 0 0 0 0 0 0 0 0 0 0 0 253 97 34 76 32 169 74 85 119 60 48 178 96 322 289 47 91 51 113 0 0 0 0 0 0 0 0 0 0 0 0 0 0 0 0 0 8 0 0 0 0 0 0 0 0 0 0 0 0 0 0 0 0 0 0 0 0 0 0 0 0 20 0 3 10 0 0 0 20 0 20 0 0 0 0 0 0 0 0 0 5 22 0 1 0 11 8 0 9 9 1 0 7 8 10 0 3 9 10 0 9 0 0 0 0 0 0 0 0 4 0 0 7 0 0 0 0 0 0 0 0 0 0 0 0 0 0 0 0 0 0 0 0 0 0 0 0 0 0 0 0 0 0 9 0 0 0 0 0 0 0 0 0 0 0 0 0 0 0 29 22 7 23 20 19 1 0 8 0 19 17 21 8 0 0 32 0 0 0 0 0 0 0 0 0 0 0 0 0 0 0 0 56 10 0 0 0 45 0 0 0 3 5 0 14 0 0 0 0 2 0 0 0 0 0 0 0 0 0 0 0 0 0 0 0 0 0 0 0 
