 0 53 255 41 37 255 434 571 222 28 85 103 143 167 126 41 209 24 168 257 0 2 2 1 0 0 2 2 0 0 3 1 0 0 0 0 0 4 3 0 2 0 0 3 0 0 2 0 0 0 0 0 2 3 0 0 0 2 0 0 0 0 0 0 2 0 0 0 2 3 0 0 0 2 2 0 0 0 0 0 15 22 15 0 0 0 17 21 0 0 8 0 0 44 15 45 10 12 16 21 0 0 0 0 0 7 0 0 0 0 0 0 0 1 0 2 0 0 0 0 0 0 0 0 0 0 0 0 0 0 2 0 12 0 0 0 0 5 0 0 0 0 0 0 0 0 0 0 2 0 33 0 0 1 0 2 0 0 0 0 32 69 21 15 0 0 2 36 2 37 0 0 1 0 26 0 0 1 28 36 0 2 0 0 0 0 0 0 0 0 0 0 14 0 0 0 0 0 0 26 0 0 0 0 2 0 0 0 0 0 0 0 0 0 1 13 0 0 0 0 0 0 0 0 0 0 0 0 0 0 0 0 0 6 0 0 0 0 0 0 0 0 0 0 0 0 0 2 0 1 0 10 0 0 1 0 0 0 0 0 0 0 0 0 0 0 0 0 0 0 0 0 0 0 0 0 0 0 0 0 0 0 0 0 0 0 0 0 0 0 
 53 0 139 263 35 145 345 415 170 67 279 25 129 148 49 60 85 85 354 155 0 5 2 4 0 0 0 0 0 0 2 0 0 1 97 3 3 0 29 79 2 2 0 7 0 0 10 0 2 0 0 1 6 3 6 0 0 2 0 0 0 0 0 4 3 4 0 0 5 0 0 0 0 3 2 0 0 5 6 0 15 13 53 15 13 0 21 10 22 8 16 19 32 16 45 15 0 1 1 20 0 0 0 0 0 0 0 0 0 0 0 0 15 13 0 0 0 0 0 0 0 0 0 0 0 0 0 0 0 0 0 0 0 0 0 0 0 0 0 0 0 0 0 0 0 0 0 9 0 0 0 0 0 0 0 0 0 0 0 0 0 14 2 26 0 0 47 0 65 21 10 1 23 42 1 37 1 21 10 1 0 0 0 0 0 0 0 1 0 0 0 0 0 0 0 0 0 2 0 0 0 1 1 0 0 0 0 0 0 0 0 0 0 0 0 0 0 0 0 0 0 0 0 0 0 0 0 0 0 0 0 0 0 0 11 0 0 0 0 0 0 0 0 0 0 0 2 0 2 63 10 14 0 0 0 0 0 0 0 0 0 0 0 0 0 0 0 0 0 0 0 0 0 0 0 0 8 0 0 0 0 0 0 0 0 0 0 0 0 0 
 255 139 0 140 61 119 280 195 333 90 274 360 159 102 362 125 157 144 258 304 0 0 3 3 0 0 34 0 0 0 3 0 0 0 0 0 0 3 82 74 3 0 0 3 0 0 3 0 0 0 0 3 3 2 0 0 0 2 0 0 0 0 0 3 3 47 0 0 3 6 0 0 0 3 2 0 0 0 0 3 0 0 51 37 17 0 11 36 12 21 35 15 0 4 10 1 0 58 34 0 2 0 0 0 0 0 0 11 0 0 0 0 12 16 0 1 0 0 16 27 0 0 0 0 0 0 0 0 0 19 0 0 0 0 0 0 0 0 0 0 0 0 0 0 0 0 0 0 0 0 0 0 0 0 0 0 0 0 0 0 45 0 15 14 0 11 10 13 23 29 58 0 3 9 0 15 26 0 1 0 0 0 0 0 0 0 0 0 1 0 0 0 26 14 0 0 0 0 1 26 0 0 0 10 0 0 0 10 0 0 0 0 0 0 0 0 0 0 0 0 0 0 0 0 0 0 0 0 0 0 0 0 0 0 0 0 0 0 0 0 0 0 0 0 0 3 89 0 2 1 0 5 0 0 8 0 0 0 0 0 0 0 0 0 0 0 0 0 0 0 0 0 0 0 0 0 0 0 0 0 0 0 0 0 0 0 0 0 0 0 
 41 263 140 0 261 28 214 57 216 421 73 132 390 197 146 308 223 119 102 180 1 0 2 1 0 0 75 0 0 0 3 0 0 0 35 0 1 2 153 96 4 0 0 3 2 0 2 0 0 0 0 1 2 3 0 0 0 2 0 0 0 0 0 0 2 0 54 0 3 0 2 0 0 2 2 0 0 0 0 0 18 0 0 36 13 10 8 2 0 49 35 0 67 0 20 10 1 27 15 0 11 0 1 0 0 0 0 9 0 0 0 0 14 25 0 10 0 0 35 16 0 0 0 0 0 0 0 0 0 0 0 0 0 0 0 0 0 0 0 0 0 0 0 9 0 0 0 0 1 0 0 0 0 0 6 0 0 0 0 0 0 11 0 26 0 0 29 13 0 0 11 0 6 28 14 21 0 0 2 0 34 0 0 0 0 0 0 0 0 0 0 0 59 0 0 0 0 0 8 0 0 0 0 0 0 0 0 0 0 0 0 0 0 0 0 0 0 0 0 0 0 8 0 0 0 0 0 0 0 0 0 0 0 0 0 0 0 0 0 0 0 0 0 0 0 2 90 0 2 89 1 9 0 0 0 0 0 0 0 0 10 0 0 0 0 0 0 0 0 0 0 0 0 0 0 0 8 13 0 0 0 0 0 0 0 0 0 0 0 0 
 37 35 61 261 0 422 266 150 283 105 193 109 79 97 65 42 175 113 281 95 1 36 2 86 1 2 3 71 3 0 3 0 20 0 102 38 74 1 78 1 2 0 7 3 0 0 3 1 65 2 0 4 5 4 0 7 0 3 0 0 0 0 0 1 3 2 0 0 40 4 0 0 0 53 2 0 5 0 0 1 8 0 0 13 0 9 2 0 0 16 10 37 1 1 11 25 0 1 0 0 40 11 30 0 0 0 20 29 0 0 0 0 23 33 15 15 0 0 27 0 0 1 0 1 0 0 0 0 0 0 0 0 0 1 0 0 0 25 0 0 0 0 0 0 0 0 1 0 0 0 2 0 0 0 0 0 0 15 0 0 0 0 0 13 0 10 0 9 3 6 4 0 0 6 0 0 0 1 0 0 40 0 13 12 0 0 0 12 0 0 9 0 27 15 19 0 20 8 19 11 0 13 0 0 0 0 1 0 0 0 0 1 0 0 1 0 0 0 0 0 0 0 0 0 0 0 0 1 0 0 1 0 0 0 0 0 0 0 0 0 0 0 0 0 0 0 0 0 2 0 0 9 0 0 0 0 0 0 0 0 16 0 0 0 0 0 14 0 0 0 0 1 0 0 0 0 21 0 0 0 0 0 0 0 0 0 0 0 0 0 
 255 145 119 28 422 0 249 230 123 52 164 143 36 40 82 85 51 117 275 299 75 72 2 1 0 0 0 151 15 0 3 0 74 22 11 0 74 2 150 73 2 0 0 3 0 0 2 0 0 0 0 2 2 3 0 0 0 2 17 0 0 0 0 0 2 0 0 0 2 0 0 0 0 2 2 0 0 0 7 0 0 0 13 8 25 34 0 0 20 0 63 18 0 15 0 0 1 1 0 0 13 1 26 0 1 18 14 19 0 1 1 0 47 44 3 0 1 11 0 1 0 0 0 0 0 0 0 0 0 0 0 0 0 0 0 0 0 0 0 0 0 0 0 0 0 0 0 0 0 1 0 0 0 0 0 0 0 0 0 0 1 0 0 3 0 42 0 0 8 0 3 14 0 10 0 7 1 2 0 0 33 1 0 0 0 0 0 22 57 0 0 0 12 10 19 0 0 10 0 6 0 0 0 0 0 0 0 0 0 0 0 0 0 0 0 0 0 0 0 0 0 0 0 0 0 0 0 0 0 0 0 0 0 0 2 0 12 0 0 0 0 0 0 0 0 5 0 1 89 85 0 2 0 0 0 0 0 0 77 0 10 0 0 0 0 0 0 0 0 0 0 0 0 0 0 15 0 0 0 0 0 0 0 0 0 0 0 0 0 0 
 434 345 280 214 266 249 0 438 422 244 137 37 197 484 58 103 34 215 385 206 0 0 3 1 0 0 1 0 0 2 3 0 0 0 0 1 2 3 3 3 2 0 0 5 0 0 2 0 0 0 0 1 2 3 0 0 0 2 0 0 0 0 0 1 3 0 0 0 3 5 0 0 0 3 2 0 0 0 0 1 49 54 21 1 0 0 42 55 15 0 13 14 34 0 3 54 0 27 26 21 0 0 0 0 0 0 0 0 0 0 0 0 0 0 0 0 0 0 0 0 0 0 0 0 0 0 0 0 0 0 0 0 0 0 0 0 0 0 0 0 0 0 0 0 0 0 0 5 0 0 0 0 0 0 0 0 0 0 0 12 14 1 13 34 0 13 21 16 0 55 0 16 14 36 1 9 1 24 9 29 0 0 0 0 0 0 0 0 0 0 0 0 0 0 0 0 0 0 0 1 0 0 26 0 0 0 0 0 0 0 0 0 0 0 0 0 0 0 0 0 5 0 0 0 0 0 0 0 0 0 0 0 0 2 0 0 0 0 0 0 0 19 0 0 0 1 1 0 2 89 0 8 0 0 0 0 0 0 0 0 0 0 0 0 0 0 0 0 0 0 0 0 0 0 0 0 0 0 0 0 0 0 0 0 0 0 0 0 0 0 
 571 415 195 57 150 230 438 0 73 123 743 121 210 205 365 52 208 120 65 198 1 1 4 3 0 0 0 0 2 0 23 0 0 0 64 0 0 3 2 61 3 0 0 3 0 0 3 0 0 0 0 3 3 3 0 0 0 2 0 0 0 0 0 3 3 0 0 0 3 6 0 0 0 3 2 0 51 0 0 3 54 9 38 14 0 0 14 16 0 0 12 9 17 36 26 26 0 2 17 28 0 2 0 0 0 1 0 0 0 0 0 0 0 0 0 19 0 0 1 0 0 0 0 0 0 0 0 0 0 0 0 0 0 2 0 0 0 0 0 0 0 0 0 0 0 0 0 3 0 0 0 0 0 0 0 0 0 0 0 2 24 14 36 8 0 0 6 45 54 28 8 0 10 11 12 0 1 20 14 33 0 0 0 1 0 0 0 0 0 0 0 0 0 0 2 0 0 0 0 0 0 0 0 0 0 0 0 0 0 15 0 0 2 0 0 0 1 0 0 0 0 0 0 0 0 0 0 0 0 0 0 0 0 0 0 0 0 0 0 0 0 0 0 0 0 0 2 2 1 87 7 14 0 0 0 0 0 0 0 0 0 0 0 0 0 0 0 0 0 0 0 0 0 1 0 0 2 0 0 0 0 0 0 0 0 0 0 0 0 0 
 222 170 333 216 283 123 422 73 0 105 131 69 212 121 362 167 64 228 216 399 0 0 2 1 0 0 0 0 0 0 3 0 0 0 0 0 0 0 83 78 2 0 0 3 0 1 2 0 0 1 0 1 2 3 0 0 0 2 0 0 0 0 0 0 2 0 0 0 2 0 0 0 0 2 2 0 0 0 0 0 21 2 33 42 20 0 20 65 32 15 24 0 21 0 9 12 80 13 32 0 0 1 0 0 0 0 0 0 7 0 0 0 13 8 0 0 0 2 0 0 0 0 0 0 0 0 0 0 0 0 0 0 0 0 0 0 0 0 0 0 0 0 0 0 0 0 0 0 3 0 0 0 0 0 0 0 0 0 0 0 15 20 35 31 18 0 8 32 11 16 1 19 24 11 19 10 14 18 11 28 0 0 0 0 1 0 0 0 0 0 0 7 0 49 1 0 0 0 1 11 0 14 0 0 0 0 0 0 0 0 0 0 0 0 0 0 2 0 0 0 0 0 0 0 0 0 0 0 0 0 0 0 0 0 0 0 2 0 0 0 0 0 0 0 1 1 0 2 0 62 0 6 0 0 0 0 0 0 0 0 0 0 0 0 0 0 0 0 0 0 0 0 0 0 0 0 6 0 0 0 0 0 0 0 0 0 0 0 0 0 
 28 67 90 421 105 52 244 123 105 0 187 61 70 106 198 184 235 128 285 97 2 1 3 4 6 1 149 76 2 2 4 2 2 1 75 3 1 4 6 2 4 0 2 5 6 2 3 2 1 1 1 9 4 5 2 0 1 2 0 3 2 0 0 2 5 3 1 2 5 2 0 2 5 3 4 0 4 0 0 4 0 15 1 0 16 9 0 0 13 20 0 26 17 36 0 0 16 0 0 0 17 1 0 0 0 0 0 0 0 0 0 2 17 1 11 0 0 0 0 15 0 2 0 1 0 14 0 0 0 0 18 0 0 0 0 0 0 0 0 0 16 0 0 11 2 0 0 0 0 0 2 0 0 0 5 0 0 0 0 0 9 49 2 0 31 16 45 11 13 12 48 0 0 12 12 10 10 30 0 3 15 0 0 16 0 0 12 0 0 0 0 0 19 18 0 0 0 0 24 10 0 0 0 16 0 0 1 0 0 0 0 1 0 0 0 0 0 0 0 0 0 0 0 0 0 2 0 1 0 0 1 0 2 0 0 0 0 0 0 0 0 14 0 0 0 2 7 1 5 3 9 2 9 0 0 0 0 0 1 0 0 0 11 2 0 0 0 0 0 0 0 0 0 0 0 7 12 11 0 0 0 0 0 0 0 0 0 0 0 0 
 85 279 274 73 193 164 137 743 131 187 0 330 35 375 52 133 76 439 114 58 0 0 2 2 0 0 1 21 0 1 2 0 74 0 1 2 0 1 81 75 2 0 0 3 0 0 3 0 0 0 0 9 2 3 0 23 0 2 0 0 0 0 0 2 3 0 0 0 3 0 0 0 37 3 2 0 6 0 0 2 0 0 17 12 29 38 0 0 16 8 15 38 2 0 0 19 0 21 0 0 28 0 0 0 0 0 9 16 10 0 0 0 0 13 21 0 0 0 24 18 0 0 0 0 0 0 0 0 21 0 0 0 0 0 0 1 0 0 0 2 0 0 0 0 0 0 0 0 0 0 0 0 0 0 0 0 0 0 0 0 0 7 0 7 5 30 0 0 11 0 0 21 0 0 0 22 0 4 0 0 0 0 18 19 0 0 0 10 28 0 0 3 27 9 17 0 10 0 31 27 0 0 0 12 0 0 0 0 0 0 0 0 0 0 0 0 0 0 0 0 0 0 0 0 0 0 0 0 0 0 0 0 0 22 0 0 0 0 0 0 0 0 0 0 0 3 0 0 5 2 0 8 15 0 0 0 0 0 0 0 0 0 0 0 0 0 0 0 0 0 0 0 0 0 0 0 0 8 0 0 0 0 0 0 0 0 0 0 0 0 
 103 25 360 132 109 143 37 121 69 61 330 0 238 54 135 22 144 75 32 32 2 1 4 4 2 1 85 1 3 2 3 1 63 0 9 2 4 0 5 74 5 2 1 5 0 2 5 4 2 0 2 5 5 5 2 0 0 4 0 2 0 0 8 3 3 0 0 2 3 0 0 3 1 3 2 47 0 2 2 3 0 0 0 39 52 0 0 14 18 21 1 15 0 14 0 10 1 0 0 0 5 0 0 0 0 0 0 1 5 0 0 0 15 0 14 0 0 0 30 0 0 0 0 0 0 0 0 0 0 0 0 0 0 0 0 0 0 0 0 0 0 0 0 3 0 0 0 0 1 0 0 0 0 0 3 0 0 0 0 0 0 16 0 4 0 0 10 0 21 0 8 19 0 11 1 0 9 0 0 0 0 0 3 0 0 0 12 0 0 0 0 0 0 0 10 23 0 0 0 10 0 0 0 0 0 0 0 0 0 0 0 0 0 0 0 0 0 0 0 0 0 0 0 0 0 0 0 0 0 0 0 0 0 0 0 0 0 0 0 0 0 0 0 0 0 0 4 0 5 0 0 10 0 0 0 0 0 2 0 0 0 0 21 0 2 0 0 0 0 0 0 0 0 0 0 23 0 1 0 0 0 0 0 0 0 0 0 0 0 0 
 143 129 159 390 79 36 197 210 212 70 35 238 0 168 68 36 46 50 273 77 2 1 4 2 0 0 0 2 0 0 2 1 0 0 0 0 0 0 3 0 2 0 0 3 0 0 3 0 2 0 0 2 2 3 0 0 0 2 0 0 0 0 0 2 3 0 0 0 3 0 0 0 0 3 2 0 0 0 0 2 1 0 12 18 0 0 13 16 10 11 0 8 8 9 15 0 14 11 11 0 0 0 0 0 0 0 0 0 0 0 0 0 0 0 3 0 0 0 0 0 0 0 0 0 0 0 0 0 0 0 0 0 0 0 0 0 0 0 0 0 0 0 0 0 0 0 0 3 0 0 0 0 0 0 0 0 0 1 0 0 14 32 22 13 0 0 32 0 23 2 1 1 22 30 19 10 21 0 11 17 0 7 0 0 0 0 0 2 0 0 0 0 0 0 0 0 0 1 0 0 0 0 0 0 0 0 0 0 0 0 0 0 0 0 0 0 0 0 0 0 0 0 0 0 0 0 0 0 0 0 0 0 0 0 0 0 0 0 0 0 0 0 0 0 0 0 3 0 2 1 1 0 0 0 0 0 0 0 0 0 0 0 0 0 0 0 0 0 0 0 0 0 0 0 0 0 1 0 0 0 0 0 0 0 0 0 0 0 0 0 
 167 148 102 197 97 40 484 205 121 106 375 54 168 0 99 52 47 125 336 303 2 0 6 6 4 0 3 0 5 0 2 2 2 0 83 2 2 0 3 1 6 0 0 3 0 1 3 0 1 3 1 6 4 3 0 0 3 4 0 0 0 1 1 3 3 2 0 0 3 2 0 0 0 3 2 0 0 0 1 3 46 60 21 67 0 0 18 2 0 13 0 0 2 2 19 14 12 14 16 14 0 0 0 0 0 0 0 0 0 0 0 0 0 1 0 0 0 0 34 0 0 0 0 0 0 0 0 0 0 0 0 0 1 0 0 3 0 0 16 0 0 0 0 0 0 0 0 0 15 0 0 0 0 0 0 0 0 0 0 0 0 1 0 13 0 0 12 10 13 8 8 0 0 1 11 0 12 5 1 5 0 0 0 0 0 0 0 10 0 0 0 0 0 0 0 0 0 0 0 14 0 0 0 0 0 0 0 0 0 0 0 0 0 0 0 0 0 0 0 0 7 0 0 0 0 0 0 0 0 0 0 0 0 0 0 0 0 0 0 0 0 0 0 0 0 0 88 0 0 86 1 13 1 0 0 1 0 2 0 0 0 0 0 0 0 0 0 0 0 0 0 0 0 62 0 0 0 0 0 0 0 0 0 0 0 0 0 0 0 0 
 126 49 362 146 65 82 58 365 362 198 52 135 68 99 0 187 124 39 68 942 0 2 2 1 0 1 0 0 1 0 5 0 0 43 0 0 0 2 3 0 64 0 0 3 0 0 2 0 0 0 0 13 2 3 0 0 0 4 2 0 1 0 0 1 3 0 0 0 3 0 0 0 0 3 2 0 0 0 0 1 0 35 19 0 35 11 11 0 28 1 1 8 0 14 28 0 28 0 0 12 0 0 0 0 0 2 0 0 0 0 0 0 1 0 0 0 0 0 0 0 0 0 0 0 0 0 0 0 0 0 0 0 0 1 0 0 1 0 0 0 0 0 0 2 0 2 0 0 2 0 0 0 0 0 11 0 0 0 0 0 27 18 26 0 13 0 23 0 0 8 22 0 33 10 28 7 31 7 0 18 0 0 0 2 0 0 0 0 1 0 0 0 0 0 0 0 0 0 13 16 0 0 0 0 0 0 0 0 0 0 0 0 1 0 0 0 0 0 0 0 0 0 0 0 0 0 0 0 0 0 0 0 0 0 0 1 0 0 0 0 0 14 0 0 0 0 141 2 0 5 2 7 0 0 0 0 0 0 0 0 0 0 0 0 0 0 0 0 0 0 0 0 0 2 0 49 0 9 0 0 0 0 0 0 0 0 0 0 0 0 
 41 60 125 308 42 85 103 52 167 184 133 22 36 52 187 0 52 210 212 297 0 0 2 2 0 0 36 74 0 0 2 0 0 0 1 0 0 0 28 74 2 0 0 3 0 0 3 0 0 0 0 2 2 3 0 0 0 2 0 0 0 0 0 2 3 0 0 0 3 0 0 0 0 3 2 0 0 0 0 2 39 16 60 0 12 13 19 48 12 10 14 24 14 0 38 35 31 9 43 38 0 0 0 0 2 0 0 0 0 2 0 0 0 10 9 0 0 0 12 9 0 0 0 0 0 0 0 0 0 0 0 0 0 0 0 0 0 0 0 0 0 0 0 0 0 0 0 0 4 1 0 0 0 0 0 0 0 0 0 0 13 12 17 56 16 17 14 24 0 13 0 20 13 26 0 13 0 21 10 12 15 0 0 0 0 0 0 0 0 0 0 0 9 1 0 0 0 0 13 0 0 0 0 7 0 0 0 0 0 0 0 0 0 0 0 0 0 0 0 0 0 0 0 0 0 0 0 0 0 0 0 0 0 0 1 0 0 2 0 0 0 0 0 0 0 0 0 0 0 1 0 6 13 0 0 0 0 0 0 0 0 0 0 0 0 0 0 0 0 0 0 0 0 0 0 0 0 0 0 0 0 0 0 0 0 0 0 0 0 0 
 209 85 157 223 175 51 34 208 64 235 76 144 46 47 124 52 0 146 36 296 0 1 2 1 2 1 173 0 0 0 6 3 73 3 150 0 6 7 3 0 2 0 0 3 3 6 2 0 0 0 4 5 2 3 0 0 2 7 0 0 0 0 0 1 3 2 2 0 3 6 2 1 0 3 2 1 2 0 0 1 0 20 18 0 33 1 0 18 15 22 8 27 17 17 15 12 0 24 25 0 9 0 0 0 0 0 0 2 7 0 0 0 1 0 12 15 0 17 19 0 0 0 0 0 0 0 0 0 0 0 0 0 0 0 0 0 0 17 1 0 0 0 0 2 0 0 0 0 2 0 0 0 0 0 16 0 0 0 1 0 24 9 7 10 10 0 56 20 2 20 20 15 2 8 10 6 21 24 0 0 38 0 0 0 0 0 8 0 0 0 0 0 9 50 0 0 0 0 14 0 0 0 0 0 0 0 0 0 0 0 0 0 0 0 0 0 0 0 0 0 0 0 0 0 0 0 0 0 0 0 0 0 0 1 0 0 0 0 0 0 0 0 0 0 0 0 54 0 1 3 15 20 0 0 0 0 0 0 0 0 0 0 13 0 0 0 0 0 0 0 0 0 0 0 1 14 19 9 0 0 0 0 0 0 0 0 0 0 0 0 
 24 85 144 119 113 117 215 120 228 128 439 75 50 125 39 210 146 0 130 132 0 1 2 2 22 0 147 77 18 0 2 1 63 0 1 1 8 2 4 0 2 0 0 8 0 0 3 0 2 0 1 3 2 3 0 0 1 2 0 2 0 0 0 2 3 0 0 0 3 0 3 0 0 3 2 0 3 0 0 2 26 0 24 0 12 4 12 14 25 14 33 34 11 0 0 0 1 0 22 1 19 0 0 0 0 0 9 0 10 16 0 0 0 0 11 0 0 0 0 20 0 0 0 0 0 0 2 0 0 0 0 0 0 0 0 0 0 1 0 0 0 0 9 1 0 0 0 3 0 0 0 0 0 0 0 0 11 0 0 0 0 23 7 20 17 39 0 1 0 35 0 48 0 12 2 12 1 24 7 2 15 0 0 0 0 0 12 0 76 0 0 0 68 17 13 0 0 0 18 19 0 0 0 9 0 0 0 0 0 10 1 0 0 0 0 0 0 0 0 0 0 0 0 0 0 0 0 0 0 0 0 0 0 6 0 0 0 0 0 0 0 0 0 0 1 1 2 0 85 46 0 8 9 0 1 0 0 0 0 0 0 0 10 0 0 0 2 0 0 0 0 0 0 0 0 0 0 1 0 0 0 0 0 0 0 0 0 0 0 0 
 168 354 258 102 281 275 385 65 216 285 114 32 273 336 68 212 36 130 0 213 4 2 2 1 0 0 0 0 0 0 3 0 0 0 81 0 0 0 3 0 2 0 0 3 0 2 2 0 0 0 0 1 2 3 0 0 0 2 0 0 0 0 0 1 3 0 0 0 3 0 7 0 0 3 2 0 0 2 0 1 7 13 15 19 0 0 28 45 15 17 17 0 23 10 10 0 21 16 37 1 0 0 0 0 0 0 0 0 0 0 0 0 0 0 0 0 2 0 0 2 0 0 0 0 0 0 0 0 0 0 0 0 0 0 0 2 0 0 0 1 0 0 0 0 9 0 0 0 18 0 0 0 0 0 0 0 0 0 0 0 14 30 28 24 14 0 27 14 1 13 1 14 28 22 36 0 30 17 2 48 0 0 0 0 0 0 0 0 0 0 0 0 0 0 0 0 0 0 0 0 0 0 0 0 0 0 0 0 0 0 0 0 0 0 0 0 0 0 0 2 0 0 0 0 0 0 0 0 0 0 0 0 0 0 0 0 0 0 0 0 0 0 0 0 0 3 1 0 4 0 0 6 0 2 0 0 0 0 0 0 0 0 0 0 0 35 0 0 0 0 0 0 0 0 0 0 0 0 0 0 0 0 0 0 0 2 0 0 0 0 
 257 155 304 180 95 299 206 198 399 97 58 32 77 303 942 297 296 132 213 0 0 2 2 2 0 0 0 0 0 0 2 0 0 2 0 0 2 5 3 0 2 0 0 3 5 0 3 0 0 0 2 2 2 3 0 0 0 2 0 0 0 0 0 2 3 0 0 0 3 3 0 0 0 3 2 0 0 0 0 2 21 13 30 1 0 0 28 41 0 1 2 0 12 10 25 15 0 11 17 30 0 0 0 0 0 0 0 0 0 0 0 0 2 0 0 0 0 0 0 0 0 0 2 0 0 0 0 2 0 0 0 0 0 0 0 0 0 0 0 0 1 2 0 0 0 0 1 0 12 0 10 0 0 0 0 21 0 0 0 0 11 0 12 37 0 2 15 20 0 17 8 0 39 13 0 0 11 7 10 1 0 0 0 0 0 0 0 0 0 0 2 0 0 0 0 0 0 0 0 0 0 0 0 0 0 0 0 0 0 0 0 0 0 0 0 0 0 0 2 0 0 30 0 0 0 0 0 0 0 0 0 0 0 0 0 0 0 0 0 0 0 0 0 0 0 2 0 2 2 95 3 15 0 14 0 0 0 0 0 0 0 0 0 0 0 0 0 0 0 0 0 0 0 0 0 0 0 0 0 0 0 0 0 0 0 0 0 0 0 0 
 0 0 0 1 1 75 0 1 0 2 0 2 2 2 0 0 0 0 4 0 0 442 333 144 49 38 184 171 287 416 81 69 267 193 199 236 113 121 53 184 3 6 0 0 0 2 2 2 2 2 34 2 7 3 0 4 2 0 3 2 2 0 0 0 5 2 3 0 4 5 3 0 0 2 5 0 0 0 0 0 0 0 0 0 0 21 0 0 0 0 0 0 0 0 0 0 0 0 0 0 0 50 9 12 30 31 40 24 26 60 14 26 15 0 26 12 23 27 1 20 0 0 0 0 0 0 0 0 0 0 0 0 2 0 0 0 0 0 0 0 0 14 0 5 0 0 0 0 0 0 0 0 0 0 0 5 0 0 0 0 4 0 0 0 0 8 0 0 0 0 0 0 0 0 0 0 2 0 7 0 0 24 2 0 1 19 12 3 17 20 0 24 27 67 16 44 12 39 0 5 0 0 0 8 2 0 2 0 0 0 0 0 13 0 0 0 0 0 12 0 0 0 0 0 0 0 0 2 0 0 0 2 0 0 0 0 0 1 0 0 0 0 2 0 0 0 0 0 0 0 0 0 0 0 5 1 0 81 3 0 8 16 0 1 0 0 0 0 0 0 0 0 0 0 0 0 0 0 0 14 0 0 0 0 0 7 13 0 0 0 
 2 5 0 0 36 72 0 1 0 1 0 1 1 0 2 0 1 1 2 2 442 0 89 120 34 269 289 185 156 42 46 46 46 94 289 57 107 47 138 115 5 0 0 0 0 2 2 2 2 0 0 2 3 0 0 2 0 0 206 64 0 0 47 0 0 0 2 0 3 3 0 0 3 4 0 0 9 0 4 0 0 0 0 0 19 9 0 13 0 0 1 18 0 11 0 0 0 0 0 0 22 10 39 0 14 35 0 1 0 0 0 8 75 35 20 2 10 11 17 1 3 0 0 0 0 0 0 0 0 0 0 0 0 0 0 0 0 0 6 0 0 0 0 11 0 19 0 0 0 0 0 2 0 0 3 0 0 0 0 0 0 0 0 0 0 12 0 0 0 0 7 0 2 0 0 0 0 0 0 0 49 28 0 10 0 1 0 9 20 0 13 0 4 0 10 8 9 0 0 9 0 0 0 1 0 0 16 0 0 0 0 0 0 1 0 0 0 0 21 0 0 0 0 0 0 0 0 0 0 1 0 0 0 0 0 0 0 0 0 14 0 0 0 0 0 0 0 2 0 0 0 0 0 0 3 3 2 0 77 2 14 0 0 0 0 0 20 0 0 0 0 0 0 0 0 0 0 0 0 0 0 0 0 0 0 0 0 0 0 0 
 2 2 3 2 2 2 3 4 2 3 2 4 4 6 2 2 2 2 2 2 333 89 0 130 118 725 82 204 225 221 471 218 150 123 51 470 63 197 258 52 6 0 0 0 0 2 2 2 3 0 0 2 3 62 0 0 0 0 66 69 0 0 0 0 0 0 3 0 3 3 0 0 0 0 0 0 0 0 0 0 0 0 0 0 0 0 0 0 0 0 0 0 0 7 0 0 0 0 0 0 0 0 35 21 68 0 9 6 12 13 10 16 0 1 0 19 6 0 0 0 1 0 0 0 2 0 0 0 1 0 0 0 8 14 15 0 0 0 16 13 0 0 0 0 2 0 0 0 0 0 0 0 0 0 0 0 0 1 7 3 6 0 0 0 0 0 0 0 0 0 1 0 0 0 0 0 0 0 5 0 15 0 30 27 0 50 0 13 10 12 31 38 0 0 0 30 30 20 0 1 23 0 2 0 0 0 0 0 0 17 0 0 38 0 8 11 0 0 2 1 0 0 0 0 0 0 0 0 0 0 0 0 0 2 0 0 0 0 0 0 0 0 12 0 0 0 0 0 0 0 0 0 0 0 172 0 0 48 0 0 4 2 0 0 0 0 0 0 0 0 0 0 0 0 0 0 0 1 0 0 0 8 0 0 0 8 0 0 0 0 
 1 4 3 1 86 1 1 3 1 4 2 4 2 6 1 2 1 2 1 2 144 120 130 0 101 127 88 65 200 369 219 42 156 134 151 311 38 267 157 94 3 1 0 4 0 2 5 2 3 2 17 2 6 0 9 0 0 0 85 79 0 2 2 0 0 0 3 0 3 5 0 0 2 0 2 0 0 5 0 0 0 0 0 0 1 0 0 0 0 0 0 0 0 0 0 0 0 0 0 0 0 14 7 1 23 37 21 7 46 51 14 34 0 14 0 29 12 34 0 10 9 0 0 0 0 0 13 0 0 0 0 0 16 1 14 0 0 0 23 0 0 0 0 0 4 0 0 0 0 0 0 0 0 2 0 0 0 7 0 0 0 0 0 0 0 0 0 0 0 0 0 0 0 0 0 0 0 0 0 0 0 14 15 11 3 0 7 29 9 32 23 24 0 0 25 22 10 13 0 0 0 10 0 0 0 0 13 27 44 0 0 0 3 0 0 0 1 0 51 0 0 0 0 0 0 0 0 0 0 0 0 0 0 0 0 0 0 10 0 0 0 0 0 0 0 0 0 0 0 0 0 0 0 0 14 0 2 75 2 2 10 0 0 0 0 0 0 0 0 0 0 0 0 0 0 0 0 0 0 0 0 9 0 0 0 0 19 0 0 0 
 0 0 0 0 1 0 0 0 0 6 0 2 0 4 0 0 2 22 0 0 49 34 118 101 0 290 59 62 85 87 181 119 81 235 578 77 93 108 77 72 3 0 0 0 6 8 67 70 65 0 0 2 94 0 129 61 130 0 0 65 0 0 0 0 0 0 4 0 3 3 1 0 0 0 0 0 0 0 0 0 0 0 0 0 0 0 0 0 0 0 0 0 0 0 17 0 0 0 0 0 0 0 13 20 24 39 0 2 1 9 12 9 1 0 0 41 11 1 0 0 0 6 0 39 0 0 7 8 8 27 1 0 25 13 0 59 11 0 28 12 0 0 0 0 0 0 0 0 0 0 2 0 1 0 0 0 0 0 0 1 0 0 0 0 0 0 1 0 0 0 0 0 0 0 0 0 0 0 8 0 0 9 12 0 15 0 0 0 0 0 1 31 1 0 0 1 0 12 0 0 21 15 46 11 0 0 17 32 0 0 18 0 8 0 8 8 3 11 28 31 0 0 0 0 0 0 0 0 0 0 0 0 0 0 0 0 0 0 1 0 0 0 13 0 0 0 0 0 0 0 0 0 0 0 18 3 0 2 5 21 2 0 0 0 0 0 0 0 0 0 0 0 42 0 0 0 0 0 0 0 0 39 0 0 0 0 0 0 0 0 
 0 0 0 0 2 0 0 0 0 1 0 1 0 0 1 0 1 0 0 0 38 269 725 127 290 0 55 123 150 48 86 131 39 91 51 141 143 66 39 48 3 2 5 0 2 5 28 129 4 1 0 5 5 0 61 0 2 0 3 69 0 2 0 3 0 0 7 0 5 3 0 0 0 3 0 0 51 1 3 0 0 0 0 0 16 0 0 0 0 0 0 0 0 0 0 0 0 0 0 0 0 0 20 1 38 1 0 0 0 1 14 40 0 0 12 10 9 3 12 0 0 9 9 24 0 1 9 9 0 20 0 0 16 20 0 45 11 19 27 20 0 0 11 0 0 0 0 7 0 2 4 0 0 0 0 0 0 0 0 4 0 0 0 0 0 7 0 0 0 0 0 0 0 0 0 0 0 0 0 0 12 9 19 13 9 9 6 10 0 0 20 82 0 0 0 19 11 11 0 0 26 11 0 3 0 0 10 20 0 0 0 0 12 17 10 11 35 0 39 2 0 0 0 0 0 0 0 0 0 0 0 0 0 0 0 49 0 1 0 0 0 0 14 0 0 0 0 0 0 0 0 0 0 0 4 0 0 0 1 14 2 1 0 0 0 0 0 0 0 0 0 0 0 0 0 0 0 0 0 0 0 0 0 0 0 0 0 0 0 0 
 2 0 34 75 3 0 1 0 0 149 1 85 0 3 0 36 173 147 0 0 184 289 82 88 59 55 0 125 151 112 211 162 255 143 90 78 340 37 72 143 3 0 8 3 0 5 6 4 4 0 2 135 5 0 4 0 7 7 203 2 3 0 0 0 0 3 0 2 4 3 0 0 0 0 7 0 0 0 9 5 0 0 0 15 19 32 0 20 20 11 9 14 0 0 0 0 35 11 0 0 8 9 1 6 0 0 10 6 8 21 0 9 2 0 23 3 0 0 15 0 0 0 0 0 0 0 0 0 0 0 0 0 5 0 0 5 0 0 0 9 0 0 0 0 0 0 0 0 0 0 0 0 1 4 0 0 0 0 0 0 0 18 0 2 18 4 2 0 0 0 0 24 0 0 0 9 0 9 0 0 11 22 21 1 13 11 11 0 4 0 0 12 17 52 12 0 21 12 62 0 0 0 0 8 0 0 0 0 0 0 0 0 8 0 0 0 0 0 0 0 0 0 0 0 0 0 0 0 0 0 0 0 0 0 0 0 0 0 0 0 0 0 0 0 0 0 0 0 0 1 0 0 20 0 5 1 2 129 0 1 2 15 4 0 0 0 0 0 0 0 0 1 0 0 0 0 2 0 0 0 0 0 0 0 0 8 0 0 0 0 
 2 0 0 0 71 151 0 0 0 76 21 1 2 0 0 74 0 77 0 0 171 185 204 65 62 123 125 0 68 131 38 131 269 330 144 45 30 135 216 94 5 0 0 2 0 5 2 2 65 0 4 2 3 0 0 0 0 2 0 2 0 0 0 0 0 0 0 0 3 3 27 0 0 0 4 0 5 0 50 0 0 0 0 2 21 33 0 0 0 0 0 26 0 0 27 0 0 1 0 0 46 28 35 0 6 0 22 21 0 8 18 10 11 22 32 11 1 8 0 34 0 0 0 0 0 0 0 0 0 0 0 0 2 0 0 16 0 0 0 13 1 0 0 0 0 0 0 0 0 0 0 0 0 0 0 0 0 0 0 0 0 0 0 0 6 12 0 0 0 0 4 0 0 0 0 0 0 0 0 0 49 31 5 36 0 11 2 23 1 10 9 14 47 21 31 13 36 11 42 0 0 0 0 9 0 0 0 0 0 0 0 0 0 0 0 0 0 0 0 0 0 0 0 0 5 0 0 0 0 0 0 0 0 0 0 0 0 0 0 0 0 0 0 0 0 2 0 0 0 0 0 0 19 0 9 2 3 0 1 0 3 0 0 1 0 2 0 0 0 0 0 0 0 0 0 0 2 0 0 0 0 0 0 0 0 0 0 0 0 0 
 0 0 0 0 3 15 0 2 0 2 0 3 0 5 1 0 0 18 0 0 287 156 225 200 85 150 151 68 0 289 235 67 325 166 177 36 323 76 178 141 6 0 0 3 68 2 5 2 3 0 0 3 6 3 0 0 0 4 9 66 0 0 1 0 0 0 0 0 3 6 0 0 0 2 0 1 0 0 2 0 0 0 0 0 0 0 0 0 0 0 0 0 0 0 0 0 0 0 0 0 0 1 11 0 18 44 9 6 29 9 1 33 11 9 0 25 19 45 0 0 22 0 0 0 0 0 0 0 0 0 0 0 0 1 30 0 0 0 10 0 2 0 0 0 4 0 0 0 0 0 0 0 2 0 0 0 0 5 0 0 0 0 0 0 0 9 1 0 0 0 0 0 0 0 0 0 0 0 8 0 0 7 39 0 0 9 6 8 23 7 38 27 20 0 0 26 18 12 0 0 0 0 0 0 0 0 0 0 0 0 0 0 0 0 0 0 0 0 37 0 0 0 0 0 0 0 0 0 0 0 0 0 0 0 0 0 0 0 0 0 0 0 0 0 0 0 0 0 0 0 0 0 0 0 13 0 0 75 86 0 0 0 0 0 0 0 0 0 0 0 0 0 0 0 0 0 0 0 0 0 0 9 0 0 0 0 11 0 0 0 
 0 0 0 0 0 0 2 0 0 2 1 2 0 0 0 0 0 0 0 0 416 42 221 369 87 48 112 131 289 0 266 268 174 88 168 243 55 60 385 163 3 0 0 0 0 2 2 2 3 206 0 2 3 0 0 0 0 0 79 2 0 0 0 0 0 0 0 0 3 3 0 0 0 0 48 0 0 0 0 0 0 0 0 0 0 0 0 0 0 0 0 2 0 1 0 2 0 0 0 0 0 24 0 15 8 30 10 20 18 25 1 17 10 1 0 1 6 14 0 17 0 1 0 0 0 6 0 0 11 0 0 0 0 0 0 0 0 2 19 0 0 0 0 0 1 0 0 0 0 0 0 0 0 1 0 0 2 3 0 0 0 0 0 0 0 1 0 9 0 0 0 0 0 0 0 0 0 0 6 0 20 28 8 21 12 30 23 0 25 2 9 26 0 6 0 14 54 21 0 0 2 0 0 2 0 0 0 0 2 0 0 0 26 0 0 0 1 0 0 0 0 0 0 0 0 0 0 0 0 0 0 0 0 8 0 1 0 0 0 0 0 0 0 0 0 2 0 0 0 0 0 0 0 0 14 1 1 119 75 2 17 0 0 0 0 0 0 0 0 0 0 0 0 0 0 0 0 0 0 0 0 0 0 0 0 9 0 0 0 0 
 3 2 3 3 3 3 3 23 3 4 2 3 2 2 5 2 6 2 3 2 81 46 471 219 181 86 211 38 235 266 0 349 31 45 146 270 261 86 255 104 3 0 0 0 0 2 2 2 2 0 0 2 5 0 0 0 0 0 124 20 0 0 0 0 0 0 0 0 3 3 0 0 0 0 0 0 0 0 0 0 0 0 0 0 0 0 0 0 0 0 0 0 0 0 0 0 0 0 0 0 0 1 9 36 45 14 0 31 10 16 15 21 0 0 0 42 23 13 0 0 0 0 0 15 0 0 0 0 7 0 0 0 0 25 6 0 0 0 12 12 0 0 0 0 8 9 15 0 0 0 0 0 0 0 0 0 0 6 2 0 4 0 0 0 0 0 0 0 0 0 0 0 2 19 0 0 0 0 7 0 0 22 3 7 0 20 11 8 24 8 39 4 0 0 3 13 26 19 0 0 0 0 0 0 0 0 0 12 12 0 0 0 22 1 8 0 11 0 47 18 0 3 7 0 0 0 0 0 0 0 0 0 0 0 0 0 9 0 0 0 0 0 14 0 0 0 0 0 0 0 0 2 0 0 2 2 2 126 0 0 0 0 0 0 0 0 0 0 0 0 0 0 0 0 0 0 0 0 0 0 0 28 0 0 0 9 0 0 0 12 
 1 0 0 0 0 0 0 0 0 2 0 1 1 2 0 0 3 1 0 0 69 46 218 42 119 131 162 131 67 268 349 0 80 31 79 97 258 345 231 108 3 0 0 0 0 3 4 2 3 0 0 2 3 41 0 0 0 0 84 65 0 0 0 0 0 0 38 0 3 3 0 0 0 0 0 0 0 0 0 0 0 0 0 0 0 0 0 0 0 0 0 0 0 0 0 0 0 0 0 0 0 0 1 45 21 8 4 26 18 28 26 7 0 0 0 12 3 11 0 0 12 0 0 0 0 0 0 0 8 0 0 0 1 1 21 1 0 0 14 12 2 0 0 0 4 0 0 0 0 0 0 0 0 0 0 0 0 4 0 0 3 0 0 0 18 0 0 0 0 0 0 0 0 0 0 0 0 0 0 0 0 16 29 1 0 10 1 1 8 7 42 12 0 9 0 5 15 22 0 0 17 0 0 0 0 0 0 8 0 0 0 0 48 20 0 38 1 0 12 24 0 0 0 0 0 0 0 0 0 0 0 0 0 0 0 0 0 0 14 0 0 0 14 0 0 0 0 0 0 0 0 0 0 0 16 0 8 146 0 18 2 0 0 0 0 0 0 0 0 0 0 0 0 0 0 0 0 0 0 13 0 29 0 0 0 9 0 0 0 0 
 0 0 0 0 20 74 0 0 0 2 74 63 0 2 0 0 73 63 0 0 267 46 150 156 81 39 255 269 325 174 31 80 0 338 30 116 117 130 185 248 3 6 0 0 0 2 2 2 2 0 0 4 4 8 0 6 0 0 0 2 0 0 0 0 6 0 0 0 3 3 7 0 107 0 0 0 6 0 0 0 0 0 0 0 35 0 0 0 1 0 0 33 0 0 0 0 0 0 0 0 32 23 0 9 0 1 39 40 17 53 10 0 0 29 14 0 1 8 0 16 15 0 0 0 0 0 9 0 0 0 0 0 0 0 1 0 2 0 0 0 0 0 2 0 0 0 0 0 0 0 0 0 0 0 0 0 0 0 0 0 0 15 0 0 1 2 0 0 0 0 3 14 0 0 0 2 0 0 0 0 9 8 2 4 6 11 34 24 8 24 1 34 13 40 68 0 0 10 0 10 0 0 0 0 0 0 0 0 0 0 0 0 17 0 0 0 0 0 22 0 0 0 0 0 0 0 0 0 0 0 0 0 0 0 0 0 0 0 0 0 0 0 0 0 0 0 0 0 0 0 0 0 0 0 11 0 2 76 0 2 0 0 10 0 0 0 12 0 0 12 0 0 0 0 0 0 0 0 0 13 0 0 0 0 0 7 12 0 0 0 
 0 1 0 0 0 22 0 0 0 1 0 0 0 0 43 0 3 0 0 2 193 94 123 134 235 91 143 330 166 88 45 31 338 0 223 105 126 296 85 64 68 0 0 0 0 4 4 7 6 4 0 5 3 0 0 0 2 2 0 4 0 0 0 0 2 0 3 0 3 3 53 0 0 0 0 0 0 0 0 0 0 0 0 0 14 31 0 0 0 0 0 0 0 0 0 0 0 0 0 0 33 33 20 0 23 14 0 0 20 11 29 10 21 1 16 38 31 8 0 1 0 0 0 0 0 0 0 0 0 0 0 0 19 0 0 0 0 0 0 2 0 0 0 0 0 0 0 0 0 0 0 0 0 3 0 3 0 0 0 0 0 0 0 0 0 1 0 0 0 0 2 11 0 0 0 0 0 0 0 0 47 8 10 23 18 9 30 0 12 0 11 35 0 0 9 39 29 30 11 9 0 0 0 0 0 0 0 0 0 0 0 0 0 0 0 0 0 0 19 0 0 0 0 0 0 0 0 0 0 0 0 0 0 0 0 0 0 0 1 0 0 0 22 0 0 1 0 0 72 0 0 0 0 0 2 0 2 2 0 0 12 11 0 0 0 0 0 0 0 0 0 0 0 0 0 0 0 0 0 0 0 0 0 0 0 0 0 0 0 0 
 0 97 0 35 102 11 0 64 0 75 1 9 0 83 0 1 150 1 81 0 199 289 51 151 578 51 90 144 177 168 146 79 30 223 0 171 114 21 178 163 26 0 0 0 0 2 2 2 3 0 0 2 3 0 0 0 0 0 0 2 0 0 0 0 42 0 3 0 3 3 0 0 0 0 0 0 0 0 2 0 19 0 0 15 0 10 0 0 0 17 10 0 19 19 1 0 0 1 0 0 12 42 7 1 4 74 0 0 20 12 15 27 38 1 16 27 14 11 1 21 0 0 0 0 0 0 0 0 0 0 0 0 20 0 0 0 0 0 0 0 0 0 0 0 0 0 0 0 0 0 0 0 0 8 0 1 0 0 0 0 0 0 0 0 0 0 1 14 25 10 11 0 0 16 0 0 0 18 0 0 54 36 22 29 9 9 9 0 34 0 0 51 13 0 0 28 15 14 18 0 5 0 0 0 0 0 0 0 0 0 0 0 0 0 0 0 0 0 14 0 0 0 0 0 0 0 0 0 0 0 0 0 0 0 0 0 0 0 0 1 0 0 0 0 0 0 0 0 0 0 10 0 0 0 6 0 2 74 76 3 11 16 0 0 0 67 0 0 0 0 0 0 0 0 0 0 7 0 0 0 0 0 0 0 0 0 0 0 0 0 
 0 3 0 0 38 0 1 0 0 3 2 2 0 2 0 0 0 1 0 0 236 57 470 311 77 141 78 45 36 243 270 97 116 105 171 0 132 245 66 79 3 0 0 0 0 2 7 2 3 0 0 2 3 62 0 0 0 0 1 65 0 0 0 0 0 0 0 0 3 3 0 0 0 0 0 0 11 0 0 0 0 0 0 0 0 1 0 0 9 2 0 19 0 2 0 1 0 0 0 0 14 20 21 26 18 0 8 26 11 19 0 54 0 0 18 24 8 0 17 12 0 0 0 0 0 0 0 0 0 0 0 0 9 9 40 0 0 1 2 10 0 0 0 0 2 0 0 0 0 0 0 22 0 0 11 0 0 1 12 5 0 0 0 0 0 0 0 0 0 0 0 0 0 8 0 0 0 0 12 0 5 11 13 24 1 60 10 0 15 8 0 40 0 0 13 21 26 27 0 9 1 0 0 1 0 0 0 0 0 14 0 0 26 0 23 0 0 0 1 0 0 0 0 0 0 9 0 0 0 0 0 0 0 0 0 2 0 0 0 0 0 0 0 0 0 1 0 0 0 0 0 0 0 0 0 1 0 35 1 0 2 0 0 0 0 0 22 0 0 0 0 0 0 0 0 0 0 0 0 0 0 9 0 0 0 3 0 0 0 0 
 0 3 0 1 74 74 2 0 0 1 0 4 0 2 0 0 6 8 0 2 113 107 63 38 93 143 340 30 323 55 261 258 117 126 114 132 0 126 29 70 3 0 0 2 0 2 2 2 5 1 1 3 3 61 1 5 1 0 2 134 0 0 0 0 0 0 4 0 3 3 3 0 0 0 0 0 0 0 0 0 0 0 0 0 0 0 0 0 0 0 0 0 0 0 0 0 0 0 0 0 1 0 2 24 48 35 20 20 1 13 20 0 0 1 5 43 0 9 9 0 12 0 0 0 0 0 0 0 10 1 0 0 25 11 17 0 0 0 0 11 0 0 0 0 22 0 0 0 0 0 0 0 0 0 0 0 0 2 4 1 9 0 0 0 0 1 0 8 0 0 0 0 0 0 0 2 8 2 0 0 0 3 23 9 0 35 0 10 8 8 1 13 22 0 2 0 10 11 0 0 22 0 0 0 0 0 0 14 0 11 0 0 22 26 13 9 0 0 22 0 17 0 0 0 0 0 0 0 0 0 0 0 0 3 0 0 0 0 0 2 0 0 0 0 0 0 0 0 0 0 0 0 0 0 6 0 0 57 1 0 0 0 0 0 0 0 0 0 0 0 2 0 0 0 0 0 0 0 0 0 0 7 0 0 0 8 0 0 0 0 
 4 0 3 2 1 2 3 3 0 4 1 0 0 0 2 0 7 2 0 5 121 47 197 267 108 66 37 135 76 60 86 345 130 296 21 245 126 0 53 76 3 0 0 0 0 4 4 73 3 0 3 4 4 20 1 0 0 54 0 2 0 0 0 0 0 0 54 0 3 3 0 0 0 0 0 0 0 0 0 0 0 0 0 0 0 0 0 0 0 0 0 0 0 0 0 2 0 0 0 0 0 0 8 29 0 1 10 63 18 12 9 21 14 0 0 7 5 0 0 0 0 0 0 27 0 0 0 0 0 0 0 0 10 12 11 0 0 0 1 18 0 0 4 0 0 0 0 0 0 0 21 0 0 0 0 0 0 0 21 3 22 0 0 0 0 0 0 0 0 0 0 0 0 0 0 0 0 0 6 0 12 17 2 31 0 32 12 0 5 10 10 24 0 12 0 14 73 9 0 0 0 0 0 0 0 6 0 0 0 11 0 0 15 7 6 0 7 0 12 1 0 0 0 0 0 0 0 0 0 0 0 0 0 0 0 0 0 0 0 0 0 0 11 0 0 0 0 0 0 1 0 0 0 0 4 0 0 3 0 3 1 0 0 0 0 0 0 0 0 21 0 0 0 0 0 0 0 0 0 20 0 0 0 0 0 0 0 0 0 0 
 3 29 82 153 78 150 3 2 83 6 81 5 3 3 3 28 3 4 3 3 53 138 258 157 77 39 72 216 178 385 255 231 185 85 178 66 29 53 0 367 3 0 0 0 0 2 2 2 2 0 0 2 3 0 0 1 0 0 0 2 31 0 0 0 0 0 0 0 3 3 0 0 0 6 0 0 0 2 0 0 0 0 12 14 50 0 0 0 27 1 12 36 0 0 9 13 0 23 0 0 6 34 1 0 24 19 19 15 1 9 0 1 14 54 0 0 1 40 13 55 0 0 0 1 0 6 1 0 0 0 0 0 0 2 0 0 0 0 0 0 0 0 0 0 0 1 0 0 2 1 0 2 0 0 0 0 0 0 0 0 0 0 0 12 0 13 0 0 36 0 8 1 0 0 0 24 0 0 0 0 1 30 0 3 0 0 1 44 4 0 2 6 48 0 11 0 0 9 0 0 0 0 0 0 0 0 0 0 0 0 0 0 0 0 0 0 0 17 22 0 0 1 0 0 0 0 0 0 0 0 3 0 0 0 0 0 0 0 0 0 0 0 0 0 0 0 0 0 0 71 0 0 0 0 5 2 2 0 4 2 1 1 2 0 0 0 0 0 0 0 0 0 0 0 0 2 0 0 0 0 0 0 0 0 0 0 0 0 0 0 
 0 79 74 96 1 73 3 61 78 2 75 74 0 1 0 74 0 0 0 0 184 115 52 94 72 48 143 94 141 163 104 108 248 64 163 79 70 76 367 0 3 0 0 0 0 204 2 2 2 0 0 2 2 0 0 0 0 0 0 3 0 0 0 0 0 49 0 0 3 3 0 1 0 0 0 0 0 0 0 0 0 0 0 16 10 0 0 0 2 37 13 0 0 0 0 0 0 14 0 0 2 21 0 19 7 8 19 23 16 31 9 10 11 28 0 13 0 24 16 27 0 0 0 0 0 0 0 0 0 0 0 1 8 0 0 0 0 0 0 0 0 0 0 5 0 0 0 0 1 0 0 0 0 0 6 0 0 0 0 1 1 14 0 0 2 0 0 0 24 2 3 0 0 0 0 15 1 0 0 0 14 40 0 26 0 0 21 17 9 10 10 15 6 1 3 0 0 16 0 0 0 0 0 0 0 0 0 0 0 0 0 0 3 0 0 0 0 0 21 0 0 0 0 0 0 0 0 0 0 0 0 0 0 0 0 0 0 0 0 0 0 0 0 0 0 0 0 0 0 85 0 0 0 0 11 3 1 4 71 0 3 0 0 0 0 0 0 0 0 0 0 0 0 0 0 1 0 0 0 14 0 0 0 0 0 0 0 0 0 0 
 2 2 3 4 2 2 2 3 2 4 2 5 2 6 64 2 2 2 2 2 3 5 6 3 3 3 3 5 6 3 3 3 3 68 26 3 3 3 3 3 0 183 236 101 94 38 354 159 325 255 106 162 139 80 112 52 44 92 43 58 0 0 0 3 3 0 0 0 1 0 2 3 1 1 0 0 0 0 0 60 0 0 0 0 0 0 0 0 0 25 0 0 0 0 0 0 0 0 0 0 5 0 0 0 0 0 0 0 0 0 0 0 0 0 0 0 0 0 0 0 19 9 42 0 0 32 12 37 13 0 8 11 0 0 28 2 22 9 0 17 0 4 0 0 0 21 0 0 0 0 0 0 0 0 0 0 0 0 13 0 0 0 0 0 0 0 0 1 0 0 0 0 0 0 0 0 5 0 0 0 0 0 0 0 0 19 0 0 0 0 0 0 0 0 0 0 0 0 0 0 0 23 27 22 21 20 0 17 0 47 34 8 0 14 20 5 14 21 0 9 0 0 0 0 0 0 0 10 0 0 7 0 20 0 0 0 0 0 0 56 0 0 0 0 0 0 0 0 0 0 0 0 0 0 0 0 0 0 0 0 0 0 4 40 4 8 2 0 2 0 4 0 0 0 0 4 0 0 0 0 0 0 0 0 18 0 0 0 2 0 
 0 2 0 0 0 0 0 0 0 0 0 2 0 0 0 0 0 0 0 0 6 0 0 1 0 2 0 0 0 0 0 0 6 0 0 0 0 0 0 0 183 0 450 122 88 261 87 156 136 47 48 114 399 58 147 119 46 71 263 41 0 0 0 0 0 0 31 1 0 0 0 0 5 1 0 0 0 0 52 1 0 0 0 0 0 0 0 0 0 0 0 0 0 0 0 0 0 0 0 0 0 0 0 0 0 0 0 0 0 0 0 0 0 0 0 0 0 0 0 0 58 18 77 14 0 13 18 0 7 19 8 7 0 10 10 2 32 0 0 0 0 3 1 0 0 0 0 0 0 0 0 0 1 3 0 0 0 0 1 17 0 0 4 0 0 10 0 0 0 0 0 0 0 0 0 0 6 0 0 0 0 0 0 0 0 23 0 0 0 0 0 0 0 0 0 0 0 0 0 0 6 20 11 11 17 13 12 13 62 87 13 0 0 21 15 21 19 7 0 24 0 3 0 0 0 0 10 8 0 0 0 0 47 3 0 0 0 0 0 24 0 0 0 0 0 0 0 0 0 0 0 48 0 0 0 0 0 0 0 0 0 0 0 0 2 4 0 0 0 0 10 0 0 0 0 0 0 0 0 0 0 0 4 0 6 6 0 2 2 0 
 0 0 0 0 7 0 0 0 0 2 0 1 0 0 0 0 0 0 0 0 0 0 0 0 0 5 8 0 0 0 0 0 0 0 0 0 0 0 0 0 236 450 0 168 41 245 57 391 107 74 122 36 139 128 156 127 54 164 114 104 21 0 2 48 2 13 0 0 3 7 0 0 0 0 4 0 0 5 8 0 0 0 0 0 0 0 0 0 0 0 0 0 0 0 0 0 0 0 4 0 0 0 0 0 0 0 0 0 0 0 0 0 0 0 0 0 0 0 0 0 19 43 1 0 0 32 4 10 0 0 0 15 0 8 12 16 77 22 0 10 9 11 0 3 4 6 6 0 4 3 0 0 0 0 0 0 5 0 14 19 0 0 6 0 0 0 0 1 0 0 0 0 0 0 0 0 8 0 0 0 0 0 0 0 0 0 0 0 0 0 0 0 12 0 0 0 0 0 0 0 15 20 16 1 48 35 0 20 0 25 1 3 0 6 21 12 0 0 0 31 0 0 0 0 0 0 0 0 0 0 0 0 0 7 4 4 0 4 11 1 0 0 0 0 0 0 0 0 0 0 0 11 0 1 0 0 0 0 0 2 0 0 62 9 68 7 9 0 0 0 0 0 0 0 0 0 0 0 0 0 0 3 0 0 11 1 0 0 0 0 
 3 7 3 3 3 3 5 3 3 5 3 5 3 3 3 3 3 8 3 3 0 0 0 4 0 0 3 2 3 0 0 0 0 0 0 0 2 0 0 0 101 122 168 0 205 80 298 95 136 140 217 97 103 99 116 309 338 128 144 265 0 0 0 3 0 0 1 0 3 0 0 0 54 1 1 0 0 3 0 0 0 0 0 0 0 0 0 0 0 0 0 0 0 0 0 0 0 0 0 0 0 0 0 0 0 0 0 0 0 0 0 0 0 0 0 0 0 0 0 0 9 1 38 10 10 23 0 33 9 0 23 19 0 0 0 0 0 0 0 0 0 2 13 0 0 0 0 33 0 7 0 0 15 19 10 19 0 0 70 19 0 0 14 0 0 0 0 1 0 0 0 0 0 0 0 0 8 0 0 0 0 0 0 0 0 0 0 0 0 0 0 0 0 0 0 0 0 0 0 0 0 0 32 1 14 47 6 0 9 0 25 28 0 0 0 10 0 4 0 18 8 10 0 15 0 0 0 0 7 0 0 0 13 14 28 0 0 0 1 20 0 0 0 0 0 0 0 0 0 0 0 11 0 2 0 0 0 0 0 0 0 0 2 4 0 14 0 1 0 0 11 0 0 0 0 0 0 0 0 0 0 3 0 0 0 0 0 0 0 0 
 0 0 0 2 0 0 0 0 0 6 0 0 0 0 0 0 3 0 0 5 0 0 0 0 6 2 0 0 68 0 0 0 0 0 0 0 0 0 0 0 94 88 41 205 0 202 260 68 165 160 156 117 93 56 84 221 278 71 72 49 0 0 0 26 0 0 84 0 51 0 0 0 81 2 2 0 50 0 16 0 0 0 0 0 0 0 0 0 0 8 0 0 0 0 0 0 0 0 0 0 0 0 0 0 0 0 0 0 0 0 0 0 0 0 0 0 0 0 0 0 11 0 21 3 56 3 0 0 20 3 29 2 0 42 9 4 0 7 12 0 11 8 25 1 0 0 12 10 1 6 0 0 14 0 20 10 9 1 19 8 0 0 0 0 0 0 0 6 0 15 0 0 0 0 0 0 0 0 0 0 0 0 0 0 0 0 0 0 0 0 0 0 0 0 0 0 0 0 0 0 0 12 16 21 4 13 77 0 63 0 18 23 0 0 0 15 0 42 0 0 0 20 0 6 0 0 3 25 29 7 0 0 54 11 6 0 5 0 3 36 0 0 0 0 0 0 0 0 0 22 0 0 0 0 0 0 1 0 0 1 0 0 1 3 0 7 2 0 2 0 10 0 0 0 0 0 0 0 0 0 0 0 2 0 0 0 0 0 0 0 
 0 0 0 0 0 0 0 0 1 2 0 2 0 1 0 0 6 0 2 0 2 2 2 2 8 5 5 5 2 2 2 3 2 4 2 2 2 4 2 204 38 261 245 80 202 0 244 264 252 118 150 164 50 88 44 64 87 121 267 56 0 2 0 2 0 18 16 1 1 0 0 4 107 49 2 6 16 0 7 0 0 0 0 0 0 0 0 0 0 0 0 0 0 0 0 0 0 0 0 0 0 0 0 0 0 0 0 0 0 0 0 0 0 0 4 0 0 0 0 0 0 0 0 0 9 19 0 20 0 0 9 10 0 0 0 0 0 0 0 0 9 8 0 20 0 0 0 29 15 0 5 0 13 45 6 12 20 0 42 7 0 0 0 0 0 0 0 0 0 0 0 0 0 0 0 0 9 0 0 0 0 0 0 0 0 0 0 0 0 0 0 0 0 0 0 0 0 0 0 0 0 0 16 0 0 21 0 0 0 24 14 16 0 0 0 17 0 0 0 0 4 0 0 20 11 7 0 13 19 6 0 5 0 11 0 16 19 0 0 2 0 0 0 0 0 0 0 0 0 0 0 0 0 0 0 0 0 0 0 0 0 0 0 33 4 49 1 0 0 0 0 0 0 0 0 0 0 0 0 0 0 0 0 0 0 0 0 0 0 0 
 2 10 3 2 3 2 2 3 2 3 3 5 3 3 2 3 2 3 2 3 2 2 2 5 67 28 6 2 5 2 2 4 2 4 2 7 2 4 2 2 354 87 57 298 260 244 0 251 75 107 44 106 679 171 198 157 357 170 133 112 25 0 0 0 0 1 2 0 0 3 0 0 0 0 0 0 0 0 19 0 0 0 0 0 0 0 0 0 4 1 0 0 0 0 0 0 0 0 0 0 0 0 0 0 13 10 0 0 0 0 0 0 0 0 0 0 0 0 0 0 0 19 25 16 0 13 44 27 1 36 4 0 0 21 0 53 14 39 0 0 0 0 0 0 0 0 0 0 0 18 0 0 0 0 0 0 0 0 0 0 0 0 5 0 0 0 0 0 0 0 0 0 0 0 0 0 5 29 0 0 0 0 0 0 32 0 0 0 0 0 0 4 0 0 0 0 0 0 1 0 42 12 11 9 43 0 0 0 9 0 12 0 0 11 8 0 0 12 0 11 13 0 0 0 0 0 0 0 0 0 0 0 0 0 0 0 0 0 0 0 0 0 16 0 0 0 0 0 0 0 0 11 0 0 0 0 0 0 0 28 0 0 1 0 0 0 2 0 2 0 0 0 0 0 0 0 0 0 0 0 0 0 0 0 0 21 0 0 1 0 
 0 0 0 0 1 0 0 0 0 2 0 4 0 0 0 0 0 0 0 0 2 2 2 2 70 129 4 2 2 2 2 2 2 7 2 2 2 73 2 2 159 156 391 95 68 264 251 0 78 102 14 250 100 476 113 42 342 38 60 64 0 0 0 0 0 0 0 0 0 0 0 0 20 0 0 0 0 0 4 0 0 0 0 0 0 0 0 0 0 0 0 17 0 0 0 0 1 0 0 0 0 0 0 0 7 1 0 0 0 0 0 0 0 1 0 0 0 0 0 0 0 0 0 5 0 11 0 21 1 31 14 0 26 0 11 29 21 36 40 19 0 0 7 0 0 0 10 0 0 0 13 0 19 0 0 0 0 0 0 12 0 0 0 0 0 0 0 0 0 0 0 0 0 0 0 0 0 0 0 0 0 0 0 0 13 20 0 0 0 0 0 21 0 0 0 0 0 0 0 0 1 37 11 12 9 0 11 88 0 22 0 0 0 2 16 1 33 8 21 1 3 0 0 0 0 0 0 0 0 0 0 0 0 0 0 0 0 0 8 0 0 0 6 0 0 0 0 0 0 0 0 18 1 0 0 1 0 0 64 9 0 0 0 0 37 0 2 0 0 0 0 0 0 0 0 0 0 0 0 0 0 0 0 0 28 35 0 0 1 5 
 0 2 0 0 65 0 0 0 0 1 0 2 2 1 0 0 0 2 0 0 2 2 3 3 65 4 4 65 3 3 2 3 2 6 3 3 5 3 2 2 325 136 107 136 165 252 75 78 0 201 45 34 343 59 178 90 146 121 92 54 0 0 0 0 0 0 17 0 0 0 51 0 19 50 0 0 0 0 0 0 0 21 0 0 0 0 0 0 0 0 0 0 0 0 0 0 0 0 0 0 0 0 0 2 0 0 0 0 0 0 0 0 0 0 0 0 0 0 0 0 0 0 9 0 36 0 10 15 1 13 10 33 0 17 29 1 1 7 27 8 0 55 11 0 0 0 0 19 0 0 0 0 0 24 0 9 0 18 12 21 0 0 0 0 0 0 0 15 0 0 0 0 0 0 0 0 0 0 0 0 0 0 0 0 5 20 0 0 0 0 0 1 0 0 0 0 0 0 0 0 14 18 6 27 0 4 0 9 50 6 0 33 0 13 29 0 19 15 0 15 0 0 0 0 0 0 19 14 1 0 0 0 7 0 0 0 0 0 1 11 0 0 0 0 0 0 0 0 0 0 0 12 0 1 0 0 0 0 0 2 0 0 0 0 0 4 0 0 0 0 0 0 0 0 0 0 8 0 0 0 0 3 0 0 0 0 0 23 0 0 
 0 0 0 0 2 0 0 0 1 1 0 0 0 3 0 0 0 0 0 0 2 0 0 2 0 1 0 0 0 206 0 0 0 4 0 0 1 0 0 0 255 47 74 140 160 118 107 102 201 0 206 133 118 43 164 160 169 130 69 93 1 0 1 0 2 17 19 0 0 0 3 0 22 96 2 8 4 0 1 0 0 0 0 0 0 0 0 0 0 0 0 0 0 0 0 0 0 0 0 0 0 0 11 0 0 0 0 0 0 0 0 0 0 0 0 0 0 0 0 0 9 0 0 0 20 1 14 0 0 27 16 26 0 0 0 0 1 19 0 0 2 32 14 1 3 5 8 11 0 1 0 0 45 5 0 12 0 0 10 0 0 0 0 0 0 0 0 2 0 0 0 0 0 0 0 0 0 0 0 0 0 0 0 0 0 0 0 0 0 0 0 0 0 10 0 0 0 0 0 0 9 10 8 21 0 10 6 0 21 0 0 14 0 0 0 0 0 27 0 8 11 0 0 2 2 22 0 14 0 0 0 2 13 47 0 3 1 7 22 0 0 0 8 0 0 0 8 0 0 0 0 11 0 11 0 0 0 0 0 15 0 0 0 0 0 0 4 2 2 0 0 0 0 0 0 0 0 0 0 0 0 0 0 0 0 0 0 10 2 0 
 0 0 0 0 0 0 0 0 0 1 0 2 0 1 0 0 4 1 0 2 34 0 0 17 0 0 2 4 0 0 0 0 0 0 0 0 1 3 0 0 106 48 122 217 156 150 44 14 45 206 0 56 115 102 63 97 99 158 42 36 0 1 5 0 1 7 2 2 11 8 0 0 50 0 12 54 2 9 52 37 0 0 0 0 0 0 0 0 0 1 0 0 0 0 0 0 0 0 0 0 0 0 0 0 0 0 0 0 0 0 0 0 0 0 0 0 0 0 0 0 0 0 0 24 26 24 0 25 0 0 16 13 0 0 0 0 0 0 0 0 33 13 0 5 5 3 0 12 4 3 0 0 19 11 0 7 85 0 28 1 0 0 1 0 0 0 0 0 0 0 0 0 0 0 0 0 5 0 0 0 0 0 0 48 0 0 0 0 0 0 0 0 0 0 0 0 0 0 0 0 0 0 14 0 8 62 0 0 0 21 39 36 0 0 0 6 0 0 0 0 3 0 0 9 0 4 13 3 7 0 0 0 1 42 21 5 3 4 4 35 0 0 0 0 0 67 0 0 0 0 0 12 0 0 0 0 0 0 0 12 0 0 15 68 0 6 2 104 0 3 0 0 0 0 0 0 0 0 0 0 0 0 0 0 0 0 0 1 1 0 
 0 1 3 1 4 2 1 3 1 9 9 5 2 6 13 2 5 3 1 2 2 2 2 2 2 5 135 2 3 2 2 2 4 5 2 2 3 4 2 2 162 114 36 97 117 164 106 250 34 133 56 0 265 103 279 103 74 81 99 38 0 3 0 3 1 8 0 2 3 3 0 0 0 0 0 0 2 4 6 0 0 9 0 0 3 36 0 0 8 0 0 4 0 0 0 0 2 0 0 0 0 0 0 0 7 0 0 0 0 0 0 0 0 0 18 0 0 0 0 0 9 0 33 0 1 10 0 11 12 15 2 0 0 0 0 0 0 1 10 0 0 8 0 0 0 0 9 0 0 0 0 0 17 0 0 0 0 0 0 39 0 3 0 0 6 0 0 4 0 0 1 3 0 0 0 5 0 7 0 19 0 0 0 0 0 0 7 0 0 0 0 0 0 0 0 0 0 0 12 8 1 10 23 19 27 0 7 0 26 39 37 0 0 0 0 19 10 30 0 1 0 0 0 0 0 0 34 24 0 0 1 0 21 0 0 0 0 0 7 28 0 3 0 0 0 2 0 0 0 0 0 5 1 0 0 0 0 0 2 0 0 0 11 62 3 1 2 64 0 0 10 0 0 0 0 0 0 0 0 0 0 0 0 0 0 0 0 1 2 0 
 2 6 3 2 5 2 2 3 2 4 2 5 2 4 2 2 2 2 2 2 7 3 3 6 94 5 5 3 6 3 5 3 4 3 3 3 3 4 3 2 139 399 139 103 93 50 679 100 343 118 115 265 0 100 71 105 110 164 231 273 12 0 0 0 2 1 0 0 0 7 0 0 51 0 5 0 0 6 0 0 0 0 0 0 0 0 0 0 0 0 0 0 0 0 0 0 0 0 0 0 0 0 0 0 0 14 0 0 0 0 0 0 0 0 1 0 0 0 0 0 1 9 4 3 0 10 52 7 13 6 0 0 14 22 2 3 0 0 0 9 0 2 0 3 4 0 0 0 6 5 0 0 0 0 0 0 2 0 14 12 0 0 3 0 0 0 0 0 0 0 0 0 0 0 0 0 5 0 0 0 0 0 0 0 0 22 0 0 0 0 0 0 0 0 0 0 0 0 6 0 8 1 24 14 10 10 0 9 22 0 8 0 0 24 15 0 20 5 0 21 0 0 0 0 0 0 0 2 0 0 0 0 0 0 2 4 0 3 14 0 0 0 0 0 0 0 0 0 0 0 0 11 0 0 0 0 0 0 0 0 0 0 2 2 0 17 6 0 2 0 2 0 0 0 0 0 0 0 0 0 0 0 0 0 0 0 0 0 2 0 
 3 3 2 3 4 3 3 3 3 5 3 5 3 3 3 3 3 3 3 3 3 0 62 0 0 0 0 0 3 0 0 41 8 0 0 62 61 20 0 0 80 58 128 99 56 88 171 476 59 43 102 103 100 0 90 139 119 210 154 345 22 0 0 0 0 0 0 4 0 48 0 0 0 26 0 0 4 0 22 6 0 0 0 0 0 0 0 0 0 0 0 0 0 0 0 0 0 0 0 0 0 0 0 6 0 3 0 0 0 0 0 0 0 0 0 0 0 0 0 0 0 1 0 7 0 20 0 50 1 0 12 0 15 17 0 13 13 17 1 28 10 0 11 1 0 0 0 8 0 11 3 0 1 0 7 1 0 0 10 5 0 0 0 0 0 0 0 1 0 0 0 0 0 0 0 0 2 0 0 0 0 0 0 6 0 8 0 0 0 0 0 0 0 0 0 0 0 0 0 0 22 0 19 0 29 12 0 17 0 10 12 7 6 7 6 27 7 11 10 19 17 3 0 14 14 0 0 0 7 4 0 15 0 7 0 0 0 0 24 24 0 0 11 0 0 0 0 0 0 0 0 6 0 0 0 0 0 0 0 0 0 0 0 25 2 9 0 0 0 0 0 0 0 0 0 0 0 0 0 0 0 0 0 0 21 5 0 0 2 0 
 0 6 0 0 0 0 0 0 0 2 0 2 0 0 0 0 0 0 0 0 0 0 0 9 129 61 4 0 0 0 0 0 0 0 0 0 1 1 0 0 112 147 156 116 84 44 198 113 178 164 63 279 71 90 0 91 90 92 80 99 1 0 0 2 0 0 0 3 0 1 2 16 0 1 2 0 0 0 0 1 0 0 0 0 0 0 0 0 0 0 0 0 0 0 0 0 0 0 0 0 0 0 0 1 12 0 0 0 0 5 32 0 0 0 0 0 0 0 0 0 0 0 17 9 0 0 21 26 1 24 0 0 21 19 9 21 1 27 51 35 0 0 0 0 0 0 0 0 0 27 0 0 0 0 0 0 0 0 0 0 0 0 0 3 0 0 0 0 0 0 0 0 0 0 0 0 0 0 0 0 0 0 0 0 5 23 0 0 0 0 0 0 0 0 0 0 0 0 0 0 7 16 1 13 13 0 28 68 17 0 2 0 16 6 13 9 31 7 0 23 0 0 0 1 0 0 0 31 0 0 0 0 0 0 0 0 0 0 5 0 0 0 0 0 0 0 0 0 0 0 0 8 0 1 0 0 2 0 62 17 0 0 0 0 2 0 0 0 0 0 1 0 0 2 0 0 0 0 0 0 0 3 0 0 11 0 0 0 0 0 
 0 0 0 0 7 0 0 0 0 0 23 0 0 0 0 0 0 0 0 0 4 2 0 0 61 0 0 0 0 0 0 0 6 0 0 0 5 0 1 0 52 119 127 309 221 64 157 42 90 160 97 103 105 139 91 0 187 109 24 118 4 4 2 0 0 0 12 1 0 1 0 0 23 55 1 0 6 0 3 0 0 0 0 0 0 0 0 0 0 0 0 0 0 0 0 0 0 0 0 0 0 1 0 0 0 8 7 6 0 0 0 0 0 6 0 0 12 2 15 0 19 37 0 7 5 12 37 10 21 2 27 29 34 0 0 17 10 0 0 0 14 9 12 0 17 0 0 0 0 0 0 0 5 0 0 0 0 0 0 0 0 0 0 0 0 8 3 2 0 0 0 0 0 0 0 0 0 0 0 0 0 0 8 0 1 0 0 6 0 0 0 0 2 0 5 0 0 0 0 0 0 24 9 7 4 0 13 0 18 11 11 5 0 14 1 4 0 40 0 0 0 0 0 0 0 0 0 8 0 0 0 0 35 0 0 0 0 0 0 0 0 0 0 0 0 0 0 0 0 17 0 4 0 2 0 0 0 0 0 1 0 1 2 0 0 2 0 0 0 0 0 0 0 0 0 0 0 0 0 0 0 0 0 0 0 13 0 0 0 0 
 0 0 0 0 0 0 0 0 0 1 0 0 0 3 0 0 2 1 0 0 2 0 0 0 130 2 7 0 0 0 0 0 0 2 0 0 1 0 0 0 44 46 54 338 278 87 357 342 146 169 99 74 110 119 90 187 0 412 50 99 23 0 2 3 2 1 50 0 0 1 7 0 50 45 0 17 1 0 23 0 0 0 0 0 0 0 0 0 0 0 0 0 0 0 0 0 0 0 0 0 0 0 0 0 0 0 0 0 0 0 0 0 0 0 0 0 0 0 0 0 8 0 2 9 14 10 51 30 7 5 28 16 18 3 0 28 13 11 0 27 0 54 8 0 0 0 0 3 0 0 0 0 0 40 0 0 0 0 0 0 0 0 0 0 0 0 0 2 0 0 0 0 0 0 0 0 0 0 0 0 0 0 0 0 11 0 0 0 0 0 0 0 0 0 0 0 0 0 0 0 38 0 29 28 29 0 0 1 0 0 0 18 0 0 0 19 0 20 0 28 17 0 0 1 0 0 0 0 0 0 28 0 14 0 0 0 0 0 47 0 0 0 11 0 0 0 0 0 0 0 0 76 0 1 0 0 0 0 0 0 0 1 0 0 1 1 6 3 0 0 0 0 11 0 0 0 0 0 0 0 0 4 0 0 0 5 0 0 6 2 
 2 2 2 2 3 2 2 2 2 2 2 4 2 4 4 2 7 2 2 2 0 0 0 0 0 0 7 2 4 0 0 0 0 2 0 0 0 54 0 0 92 71 164 128 71 121 170 38 121 130 158 81 164 210 92 109 412 0 30 35 2 1 2 1 0 0 1 0 0 0 0 0 2 0 0 0 1 0 4 4 0 0 0 0 0 0 0 0 0 0 0 0 0 0 0 0 0 0 0 0 0 0 0 0 0 0 0 0 0 0 0 0 0 0 0 0 0 0 0 0 12 2 4 1 16 4 18 65 2 40 15 0 1 17 10 3 9 33 0 50 0 1 0 0 0 0 14 0 0 0 0 0 23 0 0 0 0 0 11 2 0 0 0 6 0 0 0 0 0 0 0 10 0 0 0 0 12 0 0 0 0 0 0 0 0 0 0 0 0 0 0 0 0 0 0 0 0 0 0 1 29 0 19 15 0 14 52 27 18 16 10 0 0 0 1 18 0 23 0 13 3 1 0 0 0 0 0 0 0 0 0 0 6 0 0 0 0 0 60 18 0 0 5 0 0 1 0 3 0 0 0 11 0 0 0 2 1 0 0 13 0 0 0 62 0 15 2 0 0 0 2 0 0 0 0 0 0 0 0 0 0 0 0 0 12 23 0 0 2 0 
 0 0 0 0 0 17 0 0 0 0 0 0 0 0 2 0 0 0 0 0 3 206 66 85 0 3 203 0 9 79 124 84 0 0 0 1 2 0 0 0 43 263 114 144 72 267 133 60 92 69 42 99 231 154 80 24 50 30 0 223 0 0 0 0 0 3 0 0 0 0 0 0 0 0 0 0 0 0 0 0 0 0 0 0 0 0 0 0 0 0 0 0 0 0 2 0 0 0 5 0 0 0 20 8 11 6 0 0 9 0 0 6 0 0 0 10 8 8 0 0 0 10 16 10 0 1 6 0 32 0 0 0 0 14 23 0 13 0 17 0 0 0 0 0 4 0 0 0 0 18 0 0 0 0 0 0 0 4 0 6 0 22 8 0 0 0 0 0 0 0 0 0 0 0 0 0 5 0 0 0 0 6 43 6 13 0 0 0 6 7 12 0 0 0 0 0 0 0 0 0 10 16 6 2 7 0 8 0 0 0 0 0 13 9 0 4 0 0 1 4 0 0 0 0 0 0 0 0 0 0 0 0 0 0 0 0 0 0 0 0 0 0 0 0 0 0 0 0 0 0 0 0 0 0 0 0 0 124 0 0 0 0 1 0 0 0 1 0 0 0 0 0 0 0 0 0 0 0 0 0 0 11 0 0 0 0 0 0 1 8 
 0 0 0 0 0 0 0 0 0 3 0 2 0 0 0 0 0 2 0 0 2 64 69 79 65 69 2 2 66 2 20 65 2 4 2 65 134 2 2 3 58 41 104 265 49 56 112 64 54 93 36 38 273 345 99 118 99 35 223 0 5 0 0 1 0 0 1 0 5 0 0 1 0 51 0 0 0 0 7 1 0 0 0 0 0 0 0 0 0 0 0 0 0 0 0 0 0 0 0 0 0 0 0 17 12 21 0 0 16 0 0 0 10 0 0 10 2 18 0 0 38 11 1 0 1 3 9 9 9 0 9 8 10 13 16 24 9 0 19 11 4 0 0 0 4 0 0 0 0 0 0 0 0 0 0 0 0 5 5 0 5 0 0 0 0 6 0 0 0 0 0 0 0 0 0 0 0 0 0 0 0 0 0 20 15 0 0 0 10 22 15 0 0 0 0 0 18 0 0 0 0 35 2 0 20 0 12 9 0 20 0 0 15 11 7 0 10 0 21 1 0 0 0 0 0 0 0 1 0 0 0 0 0 0 0 0 0 0 0 0 0 0 0 0 0 0 0 0 0 0 0 12 0 0 0 0 0 0 64 1 0 0 2 0 0 3 0 0 0 0 0 0 0 0 0 1 0 0 0 0 0 9 0 0 0 20 0 0 0 0 
 0 0 0 0 0 0 0 0 0 2 0 0 0 0 1 0 0 0 0 0 2 0 0 0 0 0 3 0 0 0 0 0 0 0 0 0 0 0 31 0 0 0 21 0 0 0 25 0 0 1 0 0 12 22 1 4 23 2 0 5 0 215 187 41 340 31 374 129 32 222 189 72 67 60 187 246 86 201 74 180 0 0 0 0 0 0 0 0 0 0 0 0 0 0 0 0 0 0 0 0 0 0 0 0 0 0 0 0 0 0 0 0 0 0 0 0 0 0 0 0 2 5 0 0 0 7 14 17 0 0 6 9 0 0 0 17 4 0 0 0 1 0 0 22 17 0 6 0 11 9 0 3 0 0 1 0 9 13 0 0 0 0 0 0 0 0 0 0 0 0 0 1 0 0 3 0 11 0 0 0 0 0 0 0 0 36 0 0 0 0 0 0 0 0 0 0 0 0 0 0 0 3 0 0 12 0 0 0 0 5 0 0 0 0 0 0 0 0 0 0 0 12 26 0 21 0 0 14 15 16 7 0 15 0 21 9 9 0 0 0 0 0 0 0 0 0 0 0 0 0 0 0 0 0 18 0 0 0 0 0 0 0 0 32 0 0 6 0 0 0 21 1 53 0 0 0 0 0 0 0 0 0 0 0 0 3 0 15 0 0 
