 0 317 139 118 245 46 309 68 45 214 31 44 150 159 67 138 92 82 143 356 0 0 2 0 0 0 0 0 0 0 0 0 0 0 0 0 1 0 0 3 0 1 0 0 0 0 2 0 0 0 46 2 0 0 0 0 0 2 0 0 0 0 0 3 0 0 42 3 0 0 0 0 0 0 0 3 0 0 0 0 18 0 23 19 0 18 0 18 14 19 0 16 0 32 8 43 14 36 0 0 0 0 0 0 0 0 0 0 0 0 0 0 0 0 0 0 0 0 1 0 0 0 4 0 0 0 0 0 0 0 0 0 0 0 0 0 1 0 0 0 0 0 0 0 0 0 0 0 8 0 0 0 6 0 0 0 0 0 7 0 12 21 78 0 3 0 18 8 14 22 19 12 0 22 3 1 15 18 25 3 0 0 0 0 0 2 0 0 0 0 0 0 0 0 0 0 0 0 2 0 0 0 0 0 0 0 0 0 0 2 0 0 0 2 0 0 0 0 0 0 0 0 0 0 0 0 0 0 0 0 0 0 0 0 0 0 0 0 0 0 0 0 0 0 0 2 0 2 0 0 0 19 42 0 1 0 0 0 0 0 0 0 0 0 0 0 0 0 0 0 0 0 0 0 0 0 14 0 0 0 0 0 0 0 0 0 0 0 0 0 
 317 0 509 468 243 35 180 169 238 432 128 37 55 137 257 335 222 105 52 198 0 0 4 3 0 0 75 0 0 4 0 6 35 0 0 0 0 49 0 3 0 0 5 1 2 0 3 0 1 0 3 2 1 0 31 1 0 8 1 6 1 0 0 1 0 4 3 3 0 0 0 0 0 0 0 3 0 2 0 0 50 35 20 19 4 41 0 0 0 7 1 7 0 15 11 39 39 12 0 0 0 0 0 0 0 0 15 0 1 0 0 0 0 0 0 0 0 0 30 0 0 0 0 0 0 0 0 0 0 0 0 0 0 0 0 0 0 0 0 0 9 0 0 9 4 0 0 0 0 0 0 12 0 0 0 0 0 0 0 0 12 0 37 9 25 28 24 16 0 33 0 1 0 0 0 11 0 1 0 3 0 0 0 0 0 0 1 16 0 0 0 0 15 0 0 13 0 0 1 9 0 0 0 0 0 0 0 0 0 0 0 0 10 0 0 0 0 0 0 0 0 0 0 0 0 0 0 0 0 0 0 0 0 0 0 0 0 0 0 0 0 0 0 0 0 0 95 0 2 46 0 7 0 0 0 0 0 2 0 0 2 0 0 0 0 0 0 0 0 0 0 0 0 0 0 15 28 12 0 0 0 0 0 0 0 0 0 0 0 0 
 139 509 0 271 99 131 164 270 247 226 263 24 156 64 262 366 263 222 303 56 2 0 2 0 0 0 80 0 72 0 0 0 73 0 0 0 0 0 0 3 0 0 0 0 5 0 3 0 0 0 3 2 0 0 0 1 0 2 1 0 0 0 0 2 0 33 3 3 0 0 0 0 0 0 0 3 0 0 0 0 0 27 22 0 0 43 6 0 0 10 1 4 0 0 11 18 3 0 0 0 0 0 0 0 0 0 2 0 1 0 0 0 0 0 0 0 0 0 11 0 0 0 0 0 0 0 0 0 0 0 0 0 0 0 0 0 0 0 0 0 9 0 0 0 4 0 0 0 0 0 12 10 0 0 0 0 0 0 0 0 1 0 0 11 27 14 0 4 0 38 23 0 0 0 19 14 0 1 0 0 0 0 0 0 0 0 1 0 0 0 0 0 40 0 0 11 0 0 12 1 0 0 0 0 0 0 0 10 0 0 0 0 11 0 0 0 0 0 0 0 0 0 0 0 0 0 0 0 0 0 0 0 0 0 0 0 0 0 0 0 0 0 20 0 0 0 94 0 1 18 2 11 0 0 0 0 0 0 0 0 1 0 0 10 0 0 0 0 0 0 0 0 0 0 0 19 0 11 0 0 0 0 0 0 0 0 0 0 0 0 
 118 468 271 0 59 97 113 86 68 169 132 142 60 143 77 36 43 117 161 267 0 0 2 0 3 28 2 76 0 0 0 0 0 0 0 0 0 0 75 4 0 0 0 0 0 0 4 0 0 0 3 6 0 0 0 0 0 2 2 0 0 0 45 0 1 0 3 3 0 0 0 0 0 0 0 2 0 0 0 0 35 19 0 8 4 0 0 29 5 0 16 17 0 29 0 47 13 1 0 2 19 1 0 0 0 0 0 18 16 0 0 0 3 5 0 0 0 7 21 12 1 0 0 0 0 0 0 0 0 0 2 0 0 0 0 0 0 0 0 0 6 26 0 0 0 0 0 0 0 0 0 0 0 0 0 0 0 0 0 0 0 19 15 0 13 25 0 0 28 0 13 9 2 8 48 1 11 9 1 27 0 12 0 0 0 0 16 18 1 0 2 0 9 21 0 1 0 0 0 10 0 0 0 0 0 0 0 0 0 0 0 0 1 0 0 0 0 0 0 0 0 0 0 0 0 0 0 0 0 1 0 0 0 0 0 0 0 2 0 0 0 10 0 0 0 0 3 0 88 89 12 14 0 0 0 0 0 0 0 0 0 0 0 0 0 0 0 0 0 0 0 0 0 0 0 72 15 0 0 0 0 0 0 0 0 0 0 0 0 0 
 245 243 99 59 0 247 48 58 71 158 99 85 79 52 437 147 275 130 47 108 69 150 2 1 0 0 163 147 98 1 0 6 0 74 74 74 1 0 152 77 0 0 0 21 0 0 6 2 0 0 3 2 0 0 0 63 0 4 2 0 0 0 0 0 2 1 3 5 0 4 0 0 0 0 0 2 0 0 0 1 0 26 6 16 20 23 0 0 0 30 0 0 0 20 0 0 1 17 0 0 10 0 0 17 0 0 0 35 1 0 0 6 13 23 15 14 15 1 15 0 0 0 0 0 0 0 0 0 0 0 16 0 0 0 0 0 0 0 0 0 0 0 0 0 0 0 0 0 0 7 0 0 2 0 1 3 0 0 0 0 2 0 21 10 31 0 0 0 0 17 0 0 0 0 13 1 0 0 0 0 17 26 48 0 0 0 46 12 42 18 0 0 25 18 15 9 2 4 19 0 0 0 1 0 0 0 0 0 0 0 0 0 0 0 0 0 0 2 0 0 0 0 0 0 0 0 0 0 0 0 0 2 0 0 0 0 0 0 30 0 0 0 0 0 0 0 5 3 5 2 0 1 0 0 0 0 0 0 0 0 0 19 14 0 0 0 1 0 0 0 0 0 0 0 0 0 0 0 0 0 0 5 0 0 0 0 0 0 0 0 
 46 35 131 97 247 0 39 242 32 49 94 140 29 34 54 67 157 78 50 52 76 61 2 0 0 0 74 126 81 0 0 0 86 29 37 16 0 37 77 6 3 0 3 0 2 0 6 2 0 0 6 2 2 0 0 2 0 2 1 0 0 0 0 1 0 0 4 6 46 1 45 0 0 0 0 3 0 0 0 49 0 0 11 11 0 2 0 0 0 0 0 22 0 0 0 0 0 7 0 1 31 15 0 34 0 0 11 19 22 14 46 19 33 28 0 0 0 0 0 0 2 0 0 0 0 0 0 0 0 0 0 0 0 0 0 0 0 0 0 0 0 0 0 0 0 0 0 0 0 14 2 0 0 0 0 0 0 0 0 0 0 0 0 10 0 0 0 0 0 1 11 15 1 0 2 2 17 0 0 2 19 29 0 11 0 0 23 32 12 16 0 0 16 31 10 16 11 10 8 6 0 0 0 0 1 0 0 0 0 0 0 0 0 0 0 0 0 0 14 15 0 0 0 0 0 0 0 1 0 2 0 0 0 0 0 0 0 1 0 0 0 0 0 0 0 0 89 1 90 0 37 2 0 0 0 0 0 0 0 0 0 0 1 0 0 0 5 0 0 0 0 0 0 0 0 0 0 0 0 0 0 0 0 0 0 0 0 0 0 0 
 309 180 164 113 48 39 0 206 104 130 425 34 166 76 141 128 115 276 143 101 0 0 2 0 0 3 0 2 0 1 0 2 0 0 0 0 0 0 0 3 0 1 0 0 0 0 6 0 0 1 3 3 0 0 0 0 29 2 63 0 0 0 0 0 3 2 3 3 0 3 0 0 0 1 11 2 0 0 0 0 14 9 10 19 0 28 60 0 0 21 11 0 10 0 0 13 12 30 0 15 0 23 0 0 0 0 0 0 0 0 10 0 0 0 0 0 0 0 0 0 0 0 0 0 0 0 0 0 0 6 0 0 4 0 0 0 0 0 0 0 1 0 0 0 4 0 0 0 0 1 0 2 0 0 0 0 0 0 0 1 29 5 32 11 2 0 0 19 10 77 0 0 0 1 3 2 21 18 17 26 0 2 0 0 1 0 0 0 0 0 0 0 0 0 0 0 0 0 1 0 2 0 0 1 0 2 0 0 1 0 0 0 0 0 0 0 0 0 0 0 0 0 0 0 0 0 0 0 0 0 6 0 0 0 0 0 0 0 0 0 0 0 0 0 0 0 1 0 0 1 0 4 0 0 0 0 0 1 0 0 0 0 0 0 0 0 1 0 0 0 0 0 0 0 0 0 14 15 0 0 0 0 0 0 0 0 0 0 0 0 
 68 169 270 86 58 242 206 0 128 32 35 40 153 92 109 218 128 32 342 65 0 0 2 0 0 0 0 5 2 0 0 0 2 0 4 2 0 3 0 3 0 0 2 5 0 0 2 0 5 3 3 5 0 0 0 30 58 2 1 2 0 5 7 1 0 0 5 3 0 5 0 0 0 0 0 3 0 0 5 0 4 60 7 0 11 5 34 0 16 1 24 17 0 24 18 8 0 10 18 26 0 0 0 0 0 0 0 0 0 0 0 0 0 0 0 0 0 0 12 0 0 0 0 0 0 0 0 0 0 0 0 0 0 0 0 0 0 0 0 0 0 1 0 0 0 1 0 0 0 0 0 1 0 20 0 0 0 2 0 0 1 37 12 5 0 22 0 15 39 15 25 19 47 0 1 0 0 25 0 0 0 0 0 0 0 0 0 0 0 0 0 0 0 0 0 0 0 1 0 1 0 0 0 0 0 0 0 0 0 0 0 0 0 0 0 2 0 0 0 0 0 0 0 1 0 0 0 0 1 0 0 0 0 0 0 0 0 0 0 0 0 0 0 0 0 0 1 0 0 92 0 27 1 0 0 0 0 0 0 0 1 0 0 0 0 0 0 0 0 0 0 0 0 0 0 10 0 0 0 0 0 0 0 0 0 0 0 0 0 0 
 45 238 247 68 71 32 104 128 0 256 270 34 306 366 424 227 410 387 161 281 0 0 2 0 0 0 52 8 2 2 0 1 2 0 3 0 0 3 0 3 0 23 2 1 0 0 4 0 1 3 3 5 0 0 0 61 0 2 3 2 0 3 41 0 3 1 4 3 0 4 0 0 0 0 0 2 0 0 0 0 0 16 0 28 8 10 1 0 0 1 29 0 0 12 0 44 10 9 0 18 16 0 0 0 0 8 20 1 0 0 0 0 0 0 0 1 0 0 16 2 0 0 0 0 0 0 0 0 0 0 0 0 0 0 0 0 0 0 0 0 7 0 0 0 7 0 0 0 0 0 0 8 0 8 0 0 0 0 0 0 10 1 13 30 11 25 0 16 11 16 0 23 14 0 23 0 11 9 11 17 1 0 1 0 0 0 0 0 0 0 0 0 0 23 0 0 0 0 0 17 0 0 0 0 0 0 0 0 0 0 0 0 0 0 2 0 0 0 0 0 0 0 0 0 0 0 0 0 0 0 0 1 0 0 0 0 0 0 0 0 0 10 0 0 0 1 1 1 0 90 0 4 0 0 0 0 0 0 0 0 0 0 0 0 0 0 0 0 0 3 0 0 0 0 0 12 13 16 0 0 0 0 0 0 0 0 0 0 0 0 
 214 432 226 169 158 49 130 32 256 0 179 149 356 199 188 254 520 44 296 182 30 0 76 73 0 0 0 2 0 0 0 0 0 2 74 22 2 0 0 3 0 3 0 0 5 0 2 3 0 0 4 0 0 0 0 27 3 2 3 1 0 3 88 3 0 0 3 3 0 0 0 0 1 0 5 3 0 0 0 0 21 1 22 1 12 13 35 0 12 17 37 29 1 17 8 18 26 2 0 23 13 0 0 0 0 0 16 0 0 0 0 0 0 0 0 0 0 0 6 0 20 0 0 0 0 0 0 0 0 0 0 0 0 0 0 0 0 0 0 0 0 0 0 0 0 0 0 0 0 60 0 1 0 0 0 0 0 0 0 0 1 13 22 0 13 13 0 73 34 88 10 11 34 0 56 16 0 14 0 10 0 0 0 0 0 0 0 0 0 0 0 0 1 0 0 0 0 0 13 15 0 0 0 0 0 0 0 0 0 0 0 0 0 0 0 0 0 0 0 0 0 11 0 0 0 0 0 0 0 0 0 0 0 0 0 0 0 0 0 0 0 30 0 0 0 1 1 0 3 1 0 21 1 11 0 0 0 0 0 0 0 0 0 0 0 0 0 0 0 0 0 0 0 0 0 0 16 0 0 0 0 0 0 0 0 0 0 0 0 0 
 31 128 263 132 99 94 425 35 270 179 0 388 125 63 181 285 190 222 32 295 0 0 2 0 1 3 9 0 79 2 0 0 2 0 43 0 0 0 0 78 0 0 0 0 0 0 4 0 0 0 3 2 0 0 0 2 0 2 1 0 0 0 0 1 0 0 3 3 0 7 0 0 0 0 0 3 0 0 0 0 0 6 17 23 10 22 0 1 0 12 0 21 0 0 2 10 11 0 0 2 0 1 0 0 0 0 0 2 0 0 0 0 0 0 0 0 0 2 0 22 3 1 0 0 7 0 1 0 2 1 1 0 1 0 1 0 1 0 1 1 19 0 8 0 12 0 0 3 10 0 8 12 6 7 1 1 0 0 0 8 0 0 0 22 25 0 0 0 15 33 11 0 2 0 16 30 0 36 1 0 0 1 1 0 0 2 1 13 15 0 3 0 37 23 20 15 0 0 12 13 0 1 0 1 0 1 2 1 2 1 1 0 8 1 0 2 0 0 0 0 0 0 0 7 0 0 1 0 2 1 0 0 16 0 8 0 8 2 0 0 0 0 0 0 0 0 93 0 2 1 1 13 0 0 0 0 0 0 0 1 0 0 1 0 0 1 0 0 0 0 0 0 0 7 0 18 0 14 0 0 0 0 0 0 0 0 0 0 0 0 
 44 37 24 142 85 140 34 40 34 149 388 0 47 280 33 248 125 97 55 47 0 21 2 0 0 3 77 64 7 0 0 0 0 0 74 2 1 0 113 77 0 0 0 0 0 0 3 0 0 0 3 2 0 0 0 1 0 2 3 0 0 0 0 1 2 0 3 3 0 0 0 0 0 0 0 2 0 0 0 0 0 0 17 46 14 18 0 0 0 0 9 5 0 0 0 11 0 13 9 0 10 36 11 0 0 0 0 28 9 0 0 0 15 1 0 0 0 8 0 14 0 0 0 0 0 0 0 0 0 0 0 0 0 0 0 0 0 0 0 0 0 0 0 0 0 0 0 0 0 0 0 0 0 0 0 0 0 0 0 0 20 0 19 17 23 12 0 0 0 21 17 0 0 0 0 5 15 0 0 0 18 15 17 0 0 0 25 21 28 0 0 0 42 14 12 18 5 0 40 0 0 0 0 0 1 0 0 0 0 0 0 0 0 0 10 0 0 0 0 0 0 0 0 0 0 0 0 0 0 0 0 0 19 0 0 0 0 0 0 0 0 0 0 0 0 0 54 0 0 3 0 12 0 0 0 0 0 2 0 0 0 0 15 0 0 0 0 0 0 0 0 0 0 0 0 0 16 0 0 0 0 0 0 0 0 0 0 0 0 0 
 150 55 156 60 79 29 166 153 306 356 125 47 0 182 148 113 45 136 486 181 0 0 2 2 0 0 0 0 0 0 0 0 1 53 0 0 0 0 0 3 0 0 0 0 0 0 2 0 0 0 3 2 0 0 0 0 0 2 2 0 0 0 0 0 1 0 3 3 0 41 0 0 0 0 4 2 0 0 0 0 19 7 24 0 0 0 36 45 25 10 8 1 1 45 29 21 13 20 8 20 0 0 0 0 0 0 0 0 0 0 0 0 0 0 0 0 0 0 0 0 0 0 0 0 0 0 0 0 0 0 0 0 0 0 0 0 0 0 0 0 0 4 0 0 0 0 0 0 0 0 0 0 0 6 8 0 0 0 19 0 43 45 18 0 0 0 9 18 1 1 0 25 13 10 0 0 1 28 50 1 0 0 0 0 0 13 0 0 0 0 0 0 0 0 0 0 0 0 0 0 0 0 0 0 0 0 0 0 0 0 0 0 0 0 0 0 0 0 0 0 0 0 1 0 0 0 0 0 0 0 1 0 2 0 0 0 0 0 0 0 0 0 0 0 0 2 2 0 2 0 0 8 0 0 1 0 0 0 0 0 0 0 0 0 0 0 0 0 0 0 0 0 0 0 0 0 0 0 0 0 0 0 0 0 0 0 0 0 0 0 
 159 137 64 143 52 34 76 92 366 199 63 280 182 0 60 368 556 29 113 189 0 1 3 2 0 0 0 0 1 0 0 0 0 0 1 93 0 0 0 3 0 7 3 0 2 0 2 0 0 0 3 2 0 0 0 61 0 2 4 0 0 0 55 1 0 0 3 3 0 2 0 0 2 0 8 6 0 0 0 0 15 12 0 20 0 2 5 0 2 12 25 0 13 27 0 10 46 26 0 0 14 0 0 0 0 0 27 0 0 0 0 0 0 0 0 0 0 0 10 0 0 0 0 0 0 0 0 0 0 0 0 0 0 0 0 0 0 0 0 0 0 0 0 0 0 0 0 0 7 0 0 0 6 0 0 0 0 0 129 0 14 4 25 13 0 12 18 8 14 20 0 27 29 2 14 0 26 13 67 42 0 0 0 0 0 0 0 0 0 0 0 0 0 1 0 0 0 0 0 11 0 0 0 0 0 0 0 0 0 0 0 2 0 0 0 0 0 0 0 0 0 0 1 0 0 0 0 0 0 0 1 0 2 15 0 0 0 0 0 0 0 19 0 0 0 1 0 0 2 0 0 13 0 0 0 0 0 0 0 0 0 0 0 0 0 0 0 0 0 6 0 0 0 0 0 0 32 0 0 0 0 0 0 0 0 0 0 0 0 0 
 67 257 262 77 437 54 141 109 424 188 181 33 148 60 0 117 87 125 197 102 0 0 2 0 0 0 1 0 0 0 0 0 0 1 0 0 0 0 18 3 3 0 0 0 0 0 4 0 0 0 3 2 0 0 0 0 0 2 61 0 0 0 0 3 0 0 3 3 0 0 0 2 0 0 36 3 0 0 0 0 11 24 11 14 11 25 20 11 7 36 0 15 0 0 10 14 20 10 0 1 2 0 0 0 0 0 1 1 0 0 0 0 0 15 0 1 0 0 7 0 0 0 0 0 0 0 0 0 0 0 0 0 0 0 0 0 0 0 0 0 5 0 0 0 3 0 0 0 0 0 0 3 0 1 0 0 0 0 0 0 11 0 0 5 21 14 0 0 0 19 14 0 0 0 19 26 0 10 0 0 1 0 1 15 0 0 0 0 0 0 0 0 18 0 0 0 0 0 11 1 0 0 0 0 0 0 0 0 0 0 0 0 9 0 1 0 0 11 0 0 0 0 0 0 0 0 0 0 0 0 0 1 0 0 0 0 0 0 0 0 0 0 0 0 0 0 53 2 4 172 0 15 0 0 0 0 0 0 0 0 0 0 0 0 0 0 0 0 0 0 0 0 0 0 0 26 0 14 0 0 0 0 0 0 0 0 0 0 0 0 
 138 335 366 36 147 67 128 218 227 254 285 248 113 368 117 0 209 140 38 172 0 0 2 0 0 0 0 0 0 0 0 0 22 0 0 0 0 0 22 3 0 0 0 0 0 0 2 0 0 0 3 1 65 0 3 1 0 2 1 0 0 0 0 2 0 0 3 3 0 30 0 0 0 0 0 3 0 0 0 0 20 12 35 16 33 46 2 12 54 78 38 54 0 25 49 0 17 26 18 38 0 0 0 0 0 0 23 0 14 0 0 0 0 11 0 0 0 0 10 0 0 0 0 0 0 2 0 0 0 0 0 0 0 0 0 0 0 0 0 0 1 2 2 0 4 0 0 0 0 0 0 3 0 0 2 0 0 0 0 0 1 0 29 24 0 11 0 10 48 54 7 21 37 0 0 10 9 20 9 0 0 1 0 0 0 0 0 0 0 0 0 0 21 0 0 49 0 2 0 12 0 0 0 0 0 0 0 0 0 0 6 0 0 0 0 1 0 0 0 0 3 0 0 2 0 0 0 0 0 0 1 0 0 1 0 0 0 0 0 0 0 0 0 0 0 2 0 0 0 87 3 0 20 0 0 0 0 0 0 0 0 0 1 0 0 0 0 0 0 0 0 0 0 36 0 0 3 0 0 0 0 0 0 0 0 0 0 0 0 0 
 92 222 263 43 275 157 115 128 410 520 190 125 45 556 87 209 0 461 225 357 0 2 4 0 0 4 23 0 0 2 0 0 74 0 0 1 1 0 0 3 0 0 0 0 0 0 2 0 0 0 3 2 0 0 0 1 0 5 2 0 0 0 0 2 0 0 3 3 0 1 0 0 0 0 44 3 0 0 0 0 8 10 34 45 25 44 0 0 0 11 12 9 1 18 9 35 0 0 2 9 0 0 0 0 6 0 2 1 0 0 0 8 0 0 0 0 0 0 10 1 0 0 0 0 0 0 0 0 0 0 0 0 0 0 0 0 0 0 0 0 0 0 0 0 2 0 2 0 0 0 0 0 2 0 0 2 0 0 0 0 16 0 19 37 12 18 0 23 15 48 17 0 16 0 0 0 0 0 0 0 0 0 1 0 0 0 0 0 0 0 0 2 10 21 1 11 0 0 4 1 0 0 0 0 0 0 0 0 0 0 0 0 0 0 0 0 0 2 0 0 18 0 0 0 0 0 0 0 0 0 0 0 0 0 0 0 0 0 0 0 0 0 0 0 0 0 2 0 0 89 0 15 0 0 0 0 0 0 2 0 0 0 0 0 0 0 1 0 0 0 0 0 0 0 0 14 14 0 0 0 0 0 0 0 0 0 0 0 0 0 
 82 105 222 117 130 78 276 32 387 44 222 97 136 29 125 140 461 0 43 244 0 0 2 0 0 0 74 8 0 2 2 1 75 0 148 0 0 0 0 78 0 0 0 0 0 0 4 0 0 0 3 0 0 0 0 1 0 2 3 0 0 2 0 0 2 0 3 3 0 2 0 0 0 1 0 2 0 0 0 0 14 0 0 9 46 19 0 9 13 25 10 0 0 0 0 6 13 15 0 16 7 0 15 0 0 0 28 0 0 0 0 0 34 0 4 0 17 0 0 13 0 0 0 0 0 0 0 0 0 0 0 0 0 0 0 0 0 0 0 0 0 0 0 0 22 0 0 0 0 0 0 4 0 1 0 0 0 10 0 2 0 8 15 22 21 0 0 19 9 27 11 6 0 9 32 28 21 40 0 0 0 18 5 0 27 0 0 0 1 0 0 0 31 19 17 19 0 0 28 13 0 0 0 1 7 1 0 0 2 0 0 0 0 0 9 0 0 0 0 0 0 0 0 0 0 0 0 0 0 0 0 0 0 21 0 0 0 0 0 0 0 0 0 0 0 0 1 0 3 2 1 2 0 0 0 0 0 0 0 0 0 0 0 0 0 0 0 0 0 0 0 0 0 0 0 0 0 16 0 0 0 0 0 0 0 0 0 0 0 0 
 143 52 303 161 47 50 143 342 161 296 32 55 486 113 197 38 225 43 0 223 0 0 2 1 0 0 74 0 0 0 0 0 2 0 0 1 2 2 0 3 3 0 0 0 0 0 2 0 0 0 3 4 0 0 0 0 0 2 1 0 0 0 0 1 0 0 3 3 0 0 0 0 0 0 2 3 0 0 0 0 14 8 8 0 0 0 37 0 14 14 0 0 0 1 0 5 11 0 24 7 0 0 0 0 0 0 0 0 0 0 0 10 0 0 0 0 0 0 5 0 0 0 0 0 0 0 0 0 0 0 0 14 0 0 0 0 0 0 0 0 0 4 0 0 0 0 0 0 5 0 0 0 4 0 0 0 0 0 3 0 10 23 0 0 9 16 19 16 1 0 0 2 2 3 2 13 0 0 20 14 0 0 0 0 0 0 10 0 0 0 0 0 0 0 3 0 0 0 0 0 0 0 0 0 0 0 0 0 0 0 0 0 0 0 0 0 0 0 0 0 0 0 0 0 0 6 0 0 0 16 0 0 0 0 0 0 0 0 0 13 0 0 0 0 0 2 0 1 0 40 0 4 0 0 0 0 0 0 0 0 0 0 4 0 0 0 0 0 0 0 0 0 0 0 0 4 0 0 0 0 0 0 0 0 0 0 0 0 0 0 
 356 198 56 267 108 52 101 65 281 182 295 47 181 189 102 172 357 244 223 0 0 0 2 3 0 0 0 0 0 0 0 0 0 0 3 0 2 3 0 3 5 0 2 0 0 0 4 0 6 3 3 5 0 0 0 66 0 2 0 0 2 0 1 3 0 0 3 3 0 0 0 12 0 0 2 8 2 0 0 0 14 15 0 1 0 0 14 0 13 11 12 0 11 30 0 12 13 40 29 6 0 0 0 0 0 0 0 0 0 0 0 0 0 0 0 11 0 0 1 0 0 0 0 0 0 0 0 0 0 0 0 0 0 0 0 0 0 0 0 0 0 0 0 0 0 0 0 0 9 0 0 0 6 0 0 0 0 0 0 0 8 32 2 0 0 0 21 22 0 8 0 16 25 0 0 0 16 15 8 27 0 0 0 0 0 0 0 0 0 0 0 0 0 0 0 0 0 0 0 0 0 0 0 0 0 0 0 0 0 0 0 0 0 0 0 0 0 0 0 0 0 0 7 0 0 0 0 0 0 0 0 0 0 0 0 1 0 0 0 0 0 0 0 0 0 2 0 0 1 0 3 8 0 0 0 2 0 0 0 2 0 0 0 0 0 1 0 0 0 0 0 0 0 0 0 0 15 0 0 0 0 0 0 0 1 0 0 0 0 0 
 0 0 2 0 69 76 0 0 0 30 0 0 0 0 0 0 0 0 0 0 0 78 288 193 95 51 271 430 31 57 183 177 120 91 152 210 215 36 416 85 0 0 0 1 0 0 2 3 0 0 0 1 0 0 0 1 0 4 3 0 0 2 0 0 0 0 0 0 0 0 0 2 2 0 26 50 0 1 0 2 0 0 0 1 0 0 0 0 0 0 0 0 0 0 0 0 0 0 0 0 22 0 16 13 19 7 9 7 0 23 0 32 25 11 0 18 13 24 0 5 20 0 0 0 0 0 0 0 0 0 0 0 1 0 0 0 0 0 29 40 0 0 0 2 0 0 0 0 0 4 0 0 0 0 0 4 0 0 0 0 0 0 0 0 0 24 0 2 0 0 0 0 0 0 0 0 0 0 0 0 28 1 13 13 22 0 0 9 17 11 13 1 1 0 0 17 10 18 11 0 0 0 0 8 0 0 1 0 0 0 0 0 8 0 0 0 0 0 0 12 0 0 0 0 0 0 0 0 0 0 0 0 0 0 0 0 0 0 0 0 0 0 0 0 0 0 0 0 0 0 0 0 0 14 2 0 0 0 4 2 15 10 0 0 0 0 8 0 0 0 0 0 0 0 0 0 0 0 0 0 0 1 0 0 0 0 0 0 0 0 
 0 0 0 0 150 61 0 0 0 0 0 21 0 1 0 0 2 0 0 0 78 0 123 149 30 49 69 383 407 106 261 179 137 323 146 107 60 51 125 356 0 0 0 0 0 0 0 4 0 0 0 1 73 0 0 2 0 0 3 0 0 2 0 0 0 0 0 0 0 2 0 2 1 0 0 0 0 1 0 7 0 0 0 0 0 0 0 0 0 0 14 0 0 0 0 0 0 0 0 1 43 35 24 43 0 0 10 0 27 1 13 0 40 16 35 22 0 1 18 0 0 0 0 0 0 0 7 0 0 0 0 0 16 13 37 0 0 0 0 22 0 0 19 0 0 0 0 0 0 0 0 0 0 0 5 0 0 0 0 0 0 0 0 0 0 0 0 0 0 0 0 0 0 0 0 10 0 0 0 0 22 14 0 1 0 8 12 35 0 26 0 17 26 11 8 76 59 57 10 0 0 0 0 0 0 0 13 0 0 0 0 0 0 0 37 0 0 0 0 44 0 0 0 0 0 0 0 0 0 0 0 0 0 0 0 0 0 0 17 1 0 0 0 0 0 2 0 0 0 0 0 0 0 0 5 0 2 8 0 0 43 1 0 0 0 0 0 0 0 0 0 0 0 0 0 0 0 2 0 14 0 16 0 0 0 0 0 0 0 0 
 2 4 2 2 2 2 2 2 2 76 2 2 2 3 2 2 4 2 2 2 288 123 0 332 130 100 72 109 74 120 269 149 181 198 340 297 42 83 105 404 0 0 0 0 0 0 0 3 0 0 0 1 64 0 0 1 0 22 66 0 0 2 5 3 0 0 47 0 0 0 0 2 3 0 0 0 0 50 0 2 0 0 0 0 0 0 0 0 0 0 1 0 2 0 0 0 0 0 0 0 16 22 37 0 35 13 1 34 13 0 38 12 14 19 7 9 0 29 2 27 1 2 0 0 0 0 23 0 0 0 0 0 0 0 0 0 0 0 14 29 1 0 3 0 0 0 0 0 0 0 0 0 0 0 0 0 0 0 0 0 0 0 0 1 0 13 0 0 0 0 0 2 0 0 0 0 0 0 0 0 30 0 8 33 27 0 1 11 19 12 0 11 0 1 15 25 8 11 0 1 0 0 0 0 0 0 0 0 0 0 0 0 19 2 23 0 0 0 21 33 0 33 1 0 0 0 0 0 0 0 0 0 0 2 0 0 0 0 0 0 0 0 0 0 0 0 0 0 1 0 1 0 0 0 3 0 0 41 78 1 0 0 0 0 0 0 0 0 0 0 0 0 0 0 0 0 0 0 0 0 0 0 0 0 0 0 7 0 0 0 
 0 3 0 0 1 0 0 0 0 73 0 0 2 2 0 0 0 0 1 3 193 149 332 0 143 94 282 280 151 152 155 37 121 206 163 204 169 226 154 418 22 2 0 0 0 0 29 211 0 0 0 2 0 0 0 1 63 0 3 62 0 3 0 0 0 0 0 0 0 0 0 2 0 0 0 0 0 0 2 2 0 0 0 0 0 0 0 0 0 0 0 0 0 0 0 0 0 0 0 0 1 7 0 3 25 0 7 0 48 13 0 13 19 21 34 19 24 24 17 20 8 0 0 0 0 2 1 9 6 0 0 0 12 11 0 0 0 13 2 59 0 0 0 0 2 0 0 0 0 1 0 0 0 0 12 4 0 0 0 0 1 0 0 0 0 1 0 0 0 0 0 0 0 2 0 0 0 0 0 0 13 14 13 15 29 0 31 10 21 38 24 0 0 16 1 14 17 20 0 13 0 0 0 0 0 0 12 1 0 0 1 0 0 1 0 0 0 0 0 47 0 0 2 0 0 1 0 0 0 0 0 0 0 0 0 0 0 0 35 0 0 0 19 0 0 0 0 1 0 0 0 1 0 0 8 0 0 44 5 4 16 2 0 0 0 0 0 0 0 0 0 0 0 0 0 0 0 0 0 0 0 32 0 0 0 0 0 0 0 0 
 0 0 0 3 0 0 0 0 0 0 1 0 0 0 0 0 0 0 0 0 95 30 130 143 0 55 145 88 70 83 162 45 84 348 172 149 133 130 56 77 25 0 0 0 5 0 32 3 0 0 0 2 11 0 72 0 7 3 28 1 0 3 1 0 0 0 0 0 0 0 0 2 0 0 4 1 0 0 4 2 0 0 0 0 0 0 0 0 0 0 0 0 0 0 0 0 0 0 18 0 9 9 66 11 22 0 0 0 1 16 35 1 0 0 18 22 0 22 0 0 29 0 60 6 0 0 9 39 47 0 20 0 82 26 11 0 24 43 22 15 0 0 6 0 0 0 0 0 0 0 0 0 0 0 0 0 0 1 0 0 0 0 0 0 2 0 2 0 0 0 0 0 0 0 0 0 0 0 1 0 0 0 1 16 22 8 20 9 0 20 11 2 0 0 12 0 9 7 0 0 10 9 0 1 0 0 26 2 0 0 0 2 0 0 0 8 19 7 19 9 0 0 0 0 0 0 0 0 0 0 0 0 0 0 0 0 0 0 0 0 0 0 30 0 0 2 0 0 0 0 0 0 0 0 7 0 0 128 1 2 13 0 0 0 0 0 0 0 0 0 0 0 0 0 0 0 0 0 0 0 0 0 0 0 15 0 0 0 0 4 
 0 0 0 28 0 0 3 0 0 0 3 3 0 0 0 0 4 0 0 0 51 49 100 94 55 0 44 22 70 100 285 130 264 294 77 142 136 73 38 47 1 0 65 0 2 0 2 57 0 29 0 7 0 0 0 68 18 0 3 69 0 2 0 4 0 0 0 0 0 0 0 2 1 0 0 0 0 0 3 2 0 0 0 2 0 0 0 0 0 0 0 0 0 0 0 0 1 0 0 0 0 0 2 0 22 0 0 0 0 0 15 2 0 0 0 9 12 10 0 6 0 19 11 3 0 0 15 17 2 0 0 2 0 22 24 48 20 14 13 24 0 15 0 0 0 0 0 0 0 0 0 0 0 0 0 0 0 0 1 22 0 0 0 0 0 0 0 0 0 0 0 0 0 0 0 0 0 0 0 0 0 0 0 11 7 13 0 10 0 10 0 3 0 0 0 0 10 8 0 0 12 2 0 0 1 0 0 22 33 0 0 0 1 51 11 11 14 0 0 1 0 0 0 0 1 0 0 0 0 0 0 0 0 0 0 0 0 0 0 0 0 0 15 0 0 0 0 0 0 0 0 6 0 0 8 17 0 1 5 2 12 1 0 0 0 0 0 0 0 0 0 0 0 0 0 0 0 0 0 14 0 0 0 0 12 9 0 0 0 0 
 0 75 80 2 163 74 0 0 52 0 9 77 0 0 1 0 23 74 74 0 271 69 72 282 145 44 0 141 450 40 32 34 402 304 110 35 48 314 299 75 0 0 0 0 0 0 0 3 0 0 0 2 0 0 0 2 0 0 3 0 0 2 0 0 0 0 0 0 0 2 0 2 0 0 0 0 0 0 0 2 0 10 0 32 28 0 7 0 0 0 0 0 0 0 0 34 1 0 0 0 20 8 3 41 0 15 0 55 14 37 22 11 0 1 9 36 12 26 11 19 0 0 0 0 0 0 0 0 0 0 0 0 0 0 0 0 0 0 0 0 0 16 0 1 0 0 0 1 0 4 0 0 0 0 0 3 0 0 0 6 0 0 0 65 71 20 0 0 0 0 0 10 0 0 0 4 0 0 0 0 13 24 39 24 12 8 32 11 57 31 19 0 0 51 50 0 0 7 5 23 0 0 0 0 0 0 1 0 0 0 0 0 0 0 0 0 0 0 26 0 0 0 0 0 0 0 0 0 0 0 0 0 0 0 0 0 0 0 21 0 0 0 0 0 0 0 78 0 0 78 0 0 0 0 5 0 0 75 0 2 0 9 17 0 0 0 0 0 0 0 0 0 0 0 0 11 0 0 0 0 0 12 0 0 0 0 0 0 0 0 
 0 0 0 76 147 126 2 5 8 2 0 64 0 0 0 0 0 8 0 0 430 383 109 280 88 22 141 0 167 37 35 336 208 78 157 38 43 335 142 167 0 0 0 0 0 0 0 3 0 0 0 0 0 0 0 0 0 6 3 0 0 2 0 0 0 0 0 0 0 1 0 2 2 5 0 0 0 0 0 6 0 0 0 0 0 1 0 1 1 0 8 19 0 0 1 0 0 0 0 0 39 11 10 20 13 10 10 26 12 21 0 19 37 15 2 1 29 1 0 0 0 0 8 0 0 0 0 6 0 0 0 0 25 0 0 0 0 3 0 1 0 0 0 0 0 0 0 0 0 5 0 0 0 0 0 10 0 0 0 0 12 0 0 0 0 19 0 0 0 3 0 0 0 0 0 2 0 1 0 0 37 43 1 1 1 0 13 18 1 9 10 11 13 19 0 23 18 28 9 9 0 0 0 0 0 0 10 0 0 0 0 12 32 0 10 0 0 0 0 12 0 0 0 0 0 0 0 18 0 0 0 0 0 0 0 0 0 0 0 0 0 0 0 0 0 0 0 0 0 0 3 0 0 0 3 0 1 0 76 0 0 17 0 0 0 0 0 0 0 0 0 0 0 0 0 0 0 0 0 0 0 16 0 0 0 0 0 0 0 0 
 0 0 72 0 98 81 0 2 2 0 79 7 0 1 0 0 0 0 0 0 31 407 74 151 70 70 450 167 0 55 36 118 488 156 201 49 106 242 364 132 0 0 0 0 0 0 2 209 0 0 0 1 0 0 0 1 206 0 3 0 29 2 0 0 4 0 0 0 0 40 0 2 0 0 0 0 0 0 0 2 0 0 0 2 13 11 0 0 0 0 0 0 0 0 0 0 1 0 0 0 9 1 15 39 10 0 7 48 39 25 12 10 11 3 12 11 6 1 10 29 0 0 0 0 0 0 0 0 0 0 0 0 19 15 34 0 0 0 0 14 0 0 0 0 0 0 0 0 0 3 0 0 0 0 2 20 0 0 0 0 0 0 0 4 13 0 0 0 0 0 0 11 0 0 0 1 0 15 0 0 0 37 15 9 0 7 43 5 67 41 12 29 8 15 19 0 28 43 7 28 0 2 1 0 0 0 14 0 0 0 0 0 0 0 0 0 0 0 19 38 0 0 0 0 0 0 0 0 0 0 0 0 0 0 10 0 0 0 15 0 0 0 0 0 0 0 1 0 0 0 0 0 0 0 3 0 1 10 0 2 0 14 12 0 0 0 0 0 0 0 0 0 0 0 0 0 0 0 0 16 0 21 0 0 0 0 0 0 0 0 
 0 4 0 0 1 0 1 0 2 0 2 0 0 0 0 0 2 2 0 0 57 106 120 152 83 100 40 37 55 0 155 249 58 129 169 128 62 110 61 388 64 0 0 2 0 0 1 3 0 0 2 1 20 0 62 1 0 0 75 65 0 2 0 0 2 0 0 2 2 0 0 2 4 0 0 0 0 0 0 2 0 1 0 0 0 0 0 0 0 0 0 0 0 0 0 0 0 0 0 6 0 13 0 13 0 26 1 17 37 0 85 21 13 12 16 23 0 3 15 13 0 0 0 0 0 0 5 40 1 0 0 0 18 11 10 2 0 20 0 0 0 0 0 8 0 0 0 0 0 0 0 0 0 0 2 0 8 0 0 0 3 0 0 0 17 0 0 0 0 4 0 0 0 0 0 0 6 0 0 0 14 0 0 5 25 8 0 0 0 26 19 1 0 15 0 0 42 4 0 0 10 0 0 7 0 0 9 0 0 0 0 0 2 13 18 1 12 0 23 0 0 1 0 0 0 0 0 0 0 0 0 0 0 0 2 0 0 0 43 0 0 0 0 0 0 0 0 0 0 0 0 0 0 0 10 0 1 0 3 0 3 0 0 0 0 0 0 0 0 0 0 0 0 0 0 0 0 0 0 20 0 11 0 0 0 14 8 0 0 0 
 0 0 0 0 0 0 0 0 0 0 0 0 0 0 0 0 0 2 0 0 183 261 269 155 162 285 32 35 36 155 0 285 38 172 217 82 363 183 108 270 64 0 3 65 0 0 2 3 1 2 0 2 66 0 0 1 0 1 140 3 0 2 7 0 0 0 0 0 0 0 0 5 2 0 0 0 2 0 0 2 0 0 0 0 0 0 0 0 0 0 0 0 0 0 0 0 0 0 0 0 0 34 36 0 15 2 0 14 20 1 25 2 0 12 25 21 0 13 3 22 1 0 0 0 0 0 19 0 0 0 0 0 20 0 0 0 0 0 53 0 20 0 8 14 0 0 0 0 0 0 0 0 0 0 0 4 0 0 0 0 4 0 0 0 1 0 0 0 0 0 0 0 0 0 2 0 3 0 0 0 23 0 23 47 43 17 21 0 12 1 38 10 0 0 13 96 22 10 0 0 1 0 2 0 0 0 1 0 0 0 0 0 16 0 18 0 0 0 21 45 0 0 0 0 0 0 0 0 0 0 0 0 0 0 0 0 0 0 0 15 0 0 0 0 0 0 0 0 2 0 0 0 0 2 3 1 0 90 75 1 2 2 0 0 0 0 0 0 0 0 0 0 0 0 0 0 0 0 0 0 0 0 0 0 0 0 8 0 0 0 
 0 6 0 0 6 0 2 0 1 0 0 0 0 0 0 0 0 1 0 0 177 179 149 37 45 130 34 336 118 249 285 0 35 39 39 30 410 92 27 46 0 0 0 0 2 0 0 3 0 0 0 2 0 0 0 1 0 10 25 22 0 2 0 0 0 0 0 0 6 0 0 2 2 0 0 0 0 3 0 2 0 0 0 0 0 0 0 0 0 0 0 0 0 0 0 0 0 0 0 0 11 7 34 1 16 8 1 0 1 26 23 6 0 0 6 11 21 22 7 0 0 1 0 0 0 0 59 0 0 0 0 0 0 7 31 15 0 0 25 20 0 0 3 0 0 0 0 0 15 0 0 0 0 0 0 0 0 0 0 0 0 0 0 0 5 1 0 0 0 0 0 0 0 0 0 0 12 0 0 0 9 0 0 9 30 0 0 0 0 7 31 27 0 0 12 18 11 14 10 0 0 0 21 0 0 0 0 0 0 0 0 0 6 0 0 0 0 0 0 48 0 0 0 0 0 0 0 0 0 0 0 0 0 0 0 0 0 0 0 0 0 0 1 0 0 0 0 0 0 0 0 0 0 0 13 0 1 46 41 0 17 2 0 0 0 0 12 0 0 0 0 0 0 0 0 0 0 0 0 20 0 0 0 0 0 14 0 0 0 0 
 0 35 73 0 0 86 0 2 2 0 2 0 1 0 0 22 74 75 2 0 120 137 181 121 84 264 402 208 488 58 38 35 0 177 31 119 93 102 438 60 0 0 0 0 0 0 0 3 0 0 1 2 0 0 0 1 0 0 3 0 0 2 1 0 0 0 0 0 0 0 0 2 0 0 1 0 0 0 0 4 0 0 9 1 6 12 0 0 0 0 1 11 0 0 2 0 0 0 0 0 7 0 0 30 23 0 54 18 11 41 0 16 14 10 0 0 22 9 18 3 0 0 0 0 0 0 0 0 0 0 0 0 0 0 0 0 0 0 14 33 0 0 0 0 0 0 0 0 0 0 0 0 0 0 3 2 0 0 0 0 2 2 0 0 0 9 0 0 0 34 8 8 0 0 15 8 0 0 0 0 10 26 0 14 1 0 2 19 9 34 9 0 33 1 1 25 18 12 11 25 0 0 0 0 0 0 0 0 0 0 2 0 0 0 0 0 0 8 20 26 0 0 0 0 0 2 0 0 0 0 12 0 0 0 0 0 0 0 1 0 0 1 0 0 0 0 0 0 73 0 10 0 0 0 7 0 2 4 0 2 3 1 1 0 0 0 7 0 0 0 0 0 0 0 0 0 0 0 0 0 0 12 0 0 0 0 0 0 0 0 
 0 0 0 0 74 29 0 0 0 2 0 0 53 0 1 0 0 0 0 0 91 323 198 206 348 294 304 78 156 129 172 39 177 0 184 211 137 173 179 155 0 0 0 0 0 0 0 3 0 0 0 2 0 0 0 2 0 0 3 0 0 2 0 0 0 0 0 0 0 0 0 2 1 0 0 0 0 0 0 6 0 0 0 0 0 0 0 0 18 13 0 0 0 0 0 0 0 0 0 0 29 12 14 40 23 0 24 0 35 34 9 1 15 19 14 15 12 40 63 14 0 0 0 0 0 0 0 0 0 0 0 0 3 2 0 0 0 0 34 33 0 0 2 0 0 0 0 0 0 0 0 0 0 0 3 1 0 0 0 0 0 0 0 0 2 0 0 0 0 1 0 0 0 0 0 0 0 0 1 0 24 26 0 0 33 0 26 18 9 0 28 0 7 0 18 2 25 28 1 9 0 0 1 0 0 0 3 0 0 0 0 1 0 0 0 2 0 0 0 13 0 0 0 0 0 0 0 0 0 0 0 0 0 0 0 0 0 0 0 0 0 0 0 0 0 0 0 0 0 0 0 1 92 0 4 0 0 90 1 2 15 0 0 0 0 0 0 0 0 0 0 0 0 0 0 0 0 0 0 0 0 24 0 0 0 0 0 0 0 0 
 0 0 0 0 74 37 0 4 3 74 43 74 0 1 0 0 0 148 0 3 152 146 340 163 172 77 110 157 201 169 217 39 31 184 0 290 41 264 66 335 2 0 2 5 0 0 0 3 0 206 2 204 0 0 0 2 1 3 3 3 0 2 2 3 4 3 2 4 4 14 2 3 4 1 0 0 2 1 0 2 0 0 0 19 10 4 0 0 0 0 16 15 0 0 0 0 0 16 0 0 37 3 58 10 2 0 5 0 44 10 8 8 34 17 20 4 19 32 30 36 0 0 0 0 0 0 0 0 0 0 0 0 12 0 0 0 0 0 10 0 0 0 0 0 0 0 0 0 0 1 0 0 0 0 0 0 0 0 0 0 0 0 0 10 0 0 0 0 0 21 0 0 0 0 10 5 19 15 0 0 66 18 13 0 17 7 1 0 16 10 3 1 33 49 38 30 35 14 17 20 0 0 0 0 0 0 12 0 0 0 0 0 0 0 6 0 0 0 0 11 0 0 0 0 0 0 0 0 0 0 0 0 0 0 0 0 0 0 0 0 0 0 0 0 0 0 1 0 0 0 0 0 0 56 3 0 2 6 2 3 82 0 0 0 0 0 0 0 0 0 0 0 0 0 0 0 0 0 0 0 0 12 0 0 0 0 0 0 0 0 
 0 0 0 0 74 16 0 2 0 22 0 2 0 93 0 0 1 0 1 0 210 107 297 204 149 142 35 38 49 128 82 30 119 211 290 0 157 51 48 364 1 0 0 0 0 0 0 3 0 0 0 1 62 0 0 1 1 0 3 0 0 2 7 0 0 0 0 1 5 0 0 2 2 4 5 0 0 0 3 2 0 0 0 0 0 0 1 0 0 0 0 0 0 0 0 0 0 6 9 0 0 0 6 0 11 0 0 12 17 0 0 7 31 30 18 7 0 27 12 23 1 0 0 0 0 0 12 1 7 0 0 0 12 0 0 0 0 0 10 15 0 0 0 0 0 0 0 0 0 0 0 0 0 0 0 0 0 2 0 0 0 0 0 0 0 0 0 0 0 0 0 2 0 0 18 0 12 1 0 0 22 0 12 0 0 9 0 13 0 49 0 12 0 26 0 0 37 0 6 0 0 0 0 0 0 0 12 0 0 0 0 0 6 0 0 0 0 0 12 45 0 0 0 0 0 0 0 0 0 0 0 0 0 0 0 0 0 0 19 0 0 0 0 0 0 0 0 0 0 0 0 0 0 7 3 0 0 2 0 3 6 0 0 0 0 0 0 0 0 3 0 0 0 0 0 0 0 0 0 0 0 50 0 0 0 0 0 0 0 0 
 1 0 0 0 1 0 0 0 0 2 0 1 0 0 0 0 1 0 2 2 215 60 42 169 133 136 48 43 106 62 363 410 93 137 41 157 0 156 100 43 0 0 0 0 0 0 0 3 0 0 1 1 64 0 0 0 0 4 66 2 2 2 9 0 0 0 2 0 0 0 0 2 1 0 0 0 0 0 1 2 0 0 0 0 0 0 1 0 0 0 0 2 0 0 0 1 0 0 0 0 2 2 24 8 16 15 5 0 13 36 0 10 0 0 0 9 37 7 4 0 0 0 0 1 0 0 14 0 12 0 0 0 45 13 7 0 0 0 11 22 13 0 0 0 0 0 0 0 0 1 0 1 2 0 5 4 0 0 0 0 0 0 8 0 3 0 0 0 0 0 1 0 0 0 0 0 0 0 0 0 0 13 18 0 12 26 0 2 11 18 25 39 0 0 1 0 51 41 0 9 0 0 0 0 0 0 43 0 0 0 0 0 15 0 6 0 1 0 19 58 0 0 0 0 0 0 2 0 0 0 0 0 0 0 0 0 0 4 0 0 0 0 0 0 0 2 0 0 0 0 0 0 0 0 3 0 0 1 73 0 10 0 0 0 0 0 0 0 0 0 0 0 60 0 0 0 1 0 0 12 0 14 0 0 0 0 0 0 0 0 
 0 49 0 0 0 37 0 3 3 0 0 0 0 0 0 0 0 0 2 3 36 51 83 226 130 73 314 335 242 110 183 92 102 173 264 51 156 0 107 44 0 0 0 0 0 0 2 3 0 1 0 1 64 0 0 0 0 0 3 0 0 2 1 0 0 0 0 0 0 0 0 2 0 0 0 0 0 0 2 2 0 0 0 0 0 0 0 0 0 0 2 0 0 0 0 0 0 10 0 0 27 44 17 20 14 19 19 22 11 69 23 46 0 0 11 8 34 0 11 0 1 0 0 0 0 0 19 0 0 0 0 0 13 0 0 14 0 0 0 0 0 14 0 0 0 0 0 0 0 8 0 0 0 0 6 5 0 0 0 0 0 0 0 5 0 0 0 0 0 0 0 6 0 0 0 5 0 0 0 0 1 14 0 20 19 12 12 0 44 2 60 12 0 0 10 0 0 6 1 2 11 0 0 0 0 0 15 0 0 0 0 0 19 0 24 0 12 0 46 0 0 0 0 0 0 0 0 0 0 0 1 0 0 0 0 0 0 0 0 0 0 0 8 0 0 0 0 0 0 0 0 0 0 0 5 2 8 2 0 0 6 18 0 0 0 0 1 0 0 0 0 0 0 0 0 0 0 0 0 0 0 12 0 0 0 0 7 0 0 0 
 0 0 0 75 152 77 0 0 0 0 0 113 0 0 18 22 0 0 0 0 416 125 105 154 56 38 299 142 364 61 108 27 438 179 66 48 100 107 0 159 0 0 0 0 1 0 0 3 0 0 0 2 0 0 0 2 0 0 3 0 0 2 0 0 0 0 2 0 0 0 0 2 2 0 0 0 0 0 0 5 0 2 0 39 27 9 0 11 7 8 0 12 0 0 10 0 0 26 0 0 17 13 0 45 0 0 5 18 19 11 0 16 40 42 10 47 11 4 8 20 0 0 0 0 0 0 0 0 0 0 0 0 0 0 0 0 0 0 29 0 0 0 0 0 0 0 5 0 0 0 0 0 0 0 10 0 0 0 0 0 0 0 2 9 12 21 0 0 0 1 0 1 0 0 0 0 20 0 0 0 10 11 34 16 14 0 43 30 9 0 10 0 4 17 17 30 5 2 55 0 0 0 0 0 0 0 0 0 0 0 0 0 0 0 0 0 0 0 0 0 0 0 0 0 0 0 0 0 0 0 0 0 0 0 0 0 0 14 1 0 0 0 0 0 0 0 76 0 0 74 0 0 0 0 1 0 0 0 0 0 2 2 17 0 0 0 9 0 0 0 0 0 0 0 0 0 0 2 0 0 0 0 0 0 0 0 0 0 0 0 
 3 3 3 4 77 6 3 3 3 3 78 77 3 3 3 3 3 78 3 3 85 356 404 418 77 47 75 167 132 388 270 46 60 155 335 364 43 44 159 0 0 2 70 0 0 0 0 3 0 0 0 1 0 1 0 2 0 0 3 0 0 2 0 0 0 0 0 0 0 20 0 2 1 0 0 0 0 0 0 2 0 0 0 1 0 9 0 0 0 0 14 0 21 0 0 0 0 0 19 0 12 0 23 0 7 0 0 0 35 0 0 9 26 19 9 6 19 27 52 20 0 0 0 0 0 0 7 0 0 0 0 0 1 0 11 0 0 0 9 12 0 0 0 0 0 0 0 0 0 0 0 0 0 0 0 0 0 0 6 0 0 0 0 0 0 18 1 0 0 0 0 0 0 0 0 0 0 0 0 0 55 27 17 11 22 0 13 0 27 0 0 0 16 6 22 24 21 8 8 14 0 0 0 0 0 0 0 0 0 0 0 0 1 0 12 0 0 0 7 0 0 0 0 0 0 0 0 0 0 0 0 0 0 0 0 0 0 0 0 0 0 0 0 0 0 0 0 0 0 0 0 0 0 0 3 0 0 2 5 2 4 0 0 0 0 0 0 0 0 0 0 0 0 0 0 0 0 0 0 0 0 13 0 0 0 0 0 0 0 0 
 0 0 0 0 0 3 0 0 0 0 0 0 0 0 3 0 0 0 3 5 0 0 0 22 25 1 0 0 0 64 64 0 0 0 2 1 0 0 0 0 0 510 367 475 30 38 113 181 51 69 35 37 317 53 187 73 46 89 44 301 0 0 2 0 0 0 0 0 0 0 0 0 0 0 0 0 0 1 2 0 0 3 0 0 0 0 0 0 4 0 0 0 0 0 0 0 20 0 9 4 0 0 0 1 10 14 0 0 0 0 0 0 0 0 0 1 0 1 0 0 27 6 0 0 0 0 0 16 18 0 0 1 41 9 47 15 1 12 0 0 0 0 0 0 0 0 0 0 0 0 0 0 0 9 0 0 0 2 0 0 14 0 0 0 0 4 56 0 0 0 0 0 0 0 0 5 11 14 0 0 0 0 0 0 14 7 0 0 0 16 20 27 0 0 0 0 0 0 0 0 0 22 0 0 0 0 10 1 15 0 0 0 0 1 7 0 0 0 11 55 0 0 0 0 0 0 10 0 0 0 0 0 0 0 0 0 0 0 0 0 0 0 13 0 0 0 0 0 0 20 0 6 0 2 0 0 0 56 67 0 0 0 0 0 0 0 0 0 0 0 0 0 0 0 0 0 0 0 0 0 0 0 0 0 0 0 0 0 2 0 
 1 0 0 0 0 0 1 0 23 3 0 0 0 7 0 0 0 0 0 0 0 0 0 2 0 0 0 0 0 0 0 0 0 0 0 0 0 0 0 2 510 0 169 84 261 36 163 458 177 85 48 303 59 193 54 193 60 208 73 119 4 2 8 0 0 3 0 0 0 0 54 0 0 2 0 0 0 0 0 3 0 0 0 15 0 0 0 0 0 0 5 0 0 0 0 0 0 0 0 0 3 0 0 0 0 0 1 0 0 0 0 0 0 0 0 0 0 0 0 0 1 31 29 42 8 20 0 0 3 16 6 8 0 14 14 46 7 17 0 0 0 0 0 0 0 0 2 10 0 0 0 0 7 0 0 0 0 0 15 12 0 0 0 13 0 3 5 4 0 0 0 4 0 0 12 0 0 0 0 4 0 0 0 0 0 0 0 0 0 0 0 0 0 0 0 0 0 0 0 3 19 0 18 35 6 5 0 14 0 0 10 36 0 0 0 0 0 0 0 0 21 0 0 0 0 0 19 0 0 0 0 0 0 43 12 10 0 0 10 7 0 4 0 0 0 0 0 0 0 0 0 13 0 2 0 0 0 0 0 0 0 0 0 0 66 0 0 0 2 0 0 0 0 0 0 0 0 0 0 0 0 0 0 0 0 0 0 9 1 0 
 0 5 0 0 0 3 0 2 2 0 0 0 0 3 0 0 0 0 0 2 0 0 0 0 0 65 0 0 0 0 3 0 0 0 2 0 0 0 0 70 367 169 0 128 170 113 115 155 288 135 177 43 554 124 116 287 414 552 191 33 0 2 0 0 0 67 52 3 0 0 0 2 3 5 0 0 3 5 3 0 0 0 0 0 0 0 0 0 0 0 0 0 0 0 0 0 0 0 0 0 0 0 0 0 0 18 0 0 0 0 0 0 0 0 0 0 0 0 0 0 10 26 11 4 0 1 0 21 18 0 0 27 0 50 32 26 29 24 0 16 4 0 0 0 0 0 1 2 0 0 0 0 2 11 0 22 0 0 33 12 0 0 0 0 0 0 0 0 0 0 0 0 0 0 0 0 0 0 0 0 0 0 0 0 0 0 0 0 0 0 0 0 0 0 0 0 0 0 0 0 6 23 29 19 16 3 0 6 27 24 58 0 0 7 0 11 0 12 13 0 18 0 20 0 0 0 34 9 0 0 0 0 24 5 0 0 0 0 19 0 0 0 0 0 0 0 0 0 0 0 0 22 0 2 0 0 0 0 0 0 0 0 0 70 0 3 7 0 2 0 11 0 0 0 0 0 0 0 0 0 0 0 0 0 27 0 0 0 0 0 
 0 1 0 0 21 0 0 5 1 0 0 0 0 0 0 0 0 0 0 0 1 0 0 0 0 0 0 0 0 2 65 0 0 0 5 0 0 0 0 0 475 84 128 0 229 102 98 176 87 153 113 167 57 429 84 38 63 100 58 146 0 0 0 0 0 0 2 51 52 0 0 0 0 50 50 0 0 0 0 0 0 0 0 0 0 0 0 0 0 0 0 0 0 0 0 0 0 0 0 0 0 0 0 0 0 0 0 0 0 0 0 0 0 0 0 16 0 12 0 0 0 0 0 32 30 5 0 0 26 0 14 19 0 0 0 23 1 28 0 0 0 0 0 2 0 0 0 0 0 0 11 0 15 10 11 29 0 0 2 7 0 0 0 0 21 0 0 0 0 0 0 0 0 0 0 0 0 0 3 0 0 0 0 0 0 0 0 0 0 0 0 0 0 0 0 5 0 0 0 0 0 0 11 2 13 10 0 0 14 20 11 1 0 0 0 27 4 20 0 0 1 0 0 23 0 0 0 19 7 0 0 0 4 1 17 0 0 0 5 16 0 0 0 0 0 0 0 0 0 0 0 12 0 0 0 0 0 0 0 20 0 0 0 3 1 15 0 0 0 0 32 0 0 0 0 0 0 0 0 0 0 0 0 0 18 0 0 0 0 0 
 0 2 5 0 0 2 0 0 0 5 0 0 0 2 0 0 0 0 0 0 0 0 0 0 5 2 0 0 0 0 0 2 0 0 0 0 0 0 1 0 30 261 170 229 0 140 74 56 366 67 713 83 76 56 57 519 288 280 286 79 2 1 2 0 0 5 15 0 0 2 0 0 262 15 2 0 3 24 3 2 0 0 0 0 0 0 0 0 0 0 0 0 0 0 0 0 0 0 0 0 0 0 0 0 0 0 0 0 0 0 0 0 0 0 0 0 0 0 0 0 2 0 0 29 27 16 0 0 20 0 18 20 0 0 0 14 15 9 0 0 7 0 0 0 0 0 9 13 0 0 19 0 10 19 0 0 13 0 18 1 0 0 0 0 0 0 0 0 0 0 0 0 0 10 0 0 0 0 1 0 0 20 0 0 14 0 0 0 0 0 0 0 0 0 0 0 0 0 0 0 0 0 17 18 6 4 0 0 0 25 43 25 0 0 0 0 0 40 0 0 10 0 4 0 0 0 11 12 1 23 6 0 27 12 11 0 0 0 70 1 0 0 0 0 0 0 0 0 0 0 0 2 0 2 0 0 0 0 0 2 0 1 4 64 64 3 1 1 0 0 0 0 0 0 0 0 0 0 0 0 0 3 0 0 14 0 0 21 0 0 
 0 0 0 0 0 0 0 0 0 0 0 0 0 0 0 0 0 0 0 0 0 0 0 0 0 0 0 0 0 0 0 0 0 0 0 0 0 0 0 0 38 36 113 102 140 0 33 100 118 44 120 64 20 34 45 299 66 113 263 45 28 54 0 5 0 12 57 0 0 0 0 12 0 26 52 0 2 2 77 52 16 0 0 0 0 0 0 0 0 0 0 0 0 0 0 0 0 0 0 0 0 0 0 0 0 0 0 0 0 0 0 0 0 0 0 0 0 0 0 0 0 0 0 20 21 38 23 0 20 0 0 23 0 0 0 15 0 9 0 0 37 0 9 0 0 6 0 31 9 0 2 6 7 11 0 0 19 11 0 33 0 0 0 0 0 0 0 0 0 0 0 0 4 0 0 0 0 0 0 0 0 0 0 0 0 0 0 0 0 0 0 0 0 0 0 0 0 0 0 0 0 0 55 7 6 7 0 0 0 10 24 43 0 0 0 0 0 10 0 0 11 20 0 1 0 26 12 0 0 0 0 8 1 24 30 5 12 1 61 1 0 0 0 0 0 0 1 0 0 0 0 8 0 0 0 0 0 0 0 0 0 0 0 0 65 1 0 2 0 0 0 0 50 5 0 0 0 0 0 0 0 0 0 0 13 0 0 8 0 0 
 2 3 3 4 6 6 6 2 4 2 4 3 2 2 4 2 2 4 2 4 2 0 0 29 32 2 0 0 2 1 2 0 0 0 0 0 0 2 0 0 113 163 115 98 74 33 0 96 76 102 36 32 146 48 96 36 38 82 168 113 0 2 1 0 0 0 5 2 0 0 3 0 0 0 0 0 0 0 6 0 0 0 0 0 0 0 0 0 0 0 0 0 0 0 0 0 0 0 0 0 0 0 1 0 18 0 0 9 0 0 0 0 0 0 0 0 0 0 0 0 32 32 0 10 0 3 12 23 22 12 0 0 16 29 0 0 12 33 0 1 0 0 0 0 0 0 40 0 0 0 0 0 0 11 0 0 0 0 0 0 0 0 0 0 0 0 0 0 1 0 0 0 0 0 7 0 0 0 0 0 0 0 0 1 8 0 0 0 0 7 0 1 2 0 2 0 0 0 0 1 0 44 3 3 16 0 15 5 10 29 0 3 12 1 0 0 0 4 0 7 0 0 0 0 0 0 0 0 0 0 0 0 0 0 0 0 0 0 0 5 0 0 15 0 0 0 2 0 0 0 0 26 0 0 0 0 0 22 2 1 0 1 0 0 0 0 1 0 0 0 0 0 0 0 0 0 0 0 0 0 0 0 5 0 4 0 0 0 0 0 
 0 0 0 0 2 2 0 0 0 3 0 0 0 0 0 0 0 0 0 0 3 4 3 211 3 57 3 3 209 3 3 3 3 3 3 3 3 3 3 3 181 458 155 176 56 100 96 0 81 81 29 42 122 182 147 103 98 120 169 86 0 0 0 0 0 0 5 0 7 0 1 0 0 0 0 16 0 0 0 4 0 0 0 0 0 0 0 0 0 0 0 6 0 0 0 0 0 0 0 0 0 2 3 0 0 0 0 0 0 0 0 0 0 0 0 0 0 0 0 0 1 8 0 7 0 0 0 10 13 0 0 27 10 0 23 0 6 0 0 0 0 0 0 0 14 0 0 2 7 2 0 0 11 4 0 0 0 6 14 19 1 0 0 0 0 3 0 0 0 0 0 0 0 0 0 0 0 0 0 4 0 0 0 0 0 6 0 0 0 0 0 4 0 0 0 0 0 0 0 0 10 0 10 29 1 26 10 11 10 0 0 9 0 10 12 12 11 0 0 5 19 10 0 1 4 0 14 0 5 0 0 0 0 9 0 30 1 15 2 0 0 0 0 0 0 0 1 0 0 0 0 10 0 1 0 0 0 0 55 0 0 0 0 0 1 2 8 0 0 0 1 0 0 0 0 1 0 0 0 0 0 0 0 0 0 0 0 1 0 0 
 0 1 0 0 0 0 0 5 1 0 0 0 0 0 0 0 0 0 0 6 0 0 0 0 0 0 0 0 0 0 1 0 0 0 0 0 0 0 0 0 51 177 288 87 366 118 76 81 0 143 39 330 372 79 181 107 272 144 165 118 0 0 0 0 0 0 0 0 0 0 0 2 0 0 0 10 1 78 0 0 0 0 0 0 0 0 0 0 0 0 0 0 0 0 0 0 0 0 0 0 0 0 0 0 1 12 0 0 0 0 0 0 0 0 0 0 0 8 0 0 8 9 6 11 17 18 3 0 22 76 17 0 0 11 0 0 2 24 0 0 0 0 0 0 0 0 12 0 0 0 0 0 0 0 0 0 14 0 0 0 0 0 0 0 0 0 0 0 2 0 0 0 0 0 6 0 0 0 0 0 0 0 0 0 0 0 0 0 0 0 0 0 0 0 0 0 0 0 12 0 6 22 15 1 10 0 0 11 5 20 35 2 12 3 18 15 21 28 0 0 11 0 0 0 0 0 11 0 0 0 0 0 2 9 33 0 0 0 1 32 0 0 0 0 0 0 0 0 0 0 0 0 0 0 0 0 0 0 0 1 0 0 0 0 0 3 2 1 0 0 0 0 0 0 0 0 0 0 0 0 0 0 0 0 0 5 0 0 0 0 
 0 0 0 0 0 0 1 3 3 0 0 0 0 0 0 0 0 0 0 3 0 0 0 0 0 29 0 0 0 0 2 0 0 0 206 0 0 1 0 0 69 85 135 153 67 44 102 81 143 0 87 34 50 151 192 177 60 97 195 103 4 0 0 0 0 0 3 0 0 0 0 0 1 0 0 0 0 0 0 0 0 0 0 0 0 0 0 0 0 0 0 0 0 0 0 0 0 0 0 0 0 0 0 0 0 0 0 0 0 0 0 0 0 0 0 0 0 0 0 0 0 16 19 7 22 0 0 0 0 1 6 3 0 0 2 10 36 15 0 24 1 7 24 4 0 0 2 0 0 0 0 0 9 21 4 0 4 0 29 17 0 0 0 0 0 0 5 0 0 0 0 0 0 0 3 0 0 0 0 0 0 0 0 0 0 0 0 0 0 0 0 0 0 0 0 0 0 0 0 0 18 3 16 14 35 0 0 17 6 0 0 16 0 18 22 1 25 11 0 0 18 0 0 2 0 0 4 12 0 0 9 0 0 0 4 0 8 0 14 0 0 0 0 0 0 0 0 0 0 0 0 9 0 1 1 0 0 0 0 1 0 0 0 3 0 3 1 0 0 0 1 0 0 0 0 0 0 2 0 0 0 0 0 0 20 4 0 0 0 0 
 46 3 3 3 3 6 3 3 3 4 3 3 3 3 3 3 3 3 3 3 0 0 0 0 0 0 0 0 0 2 0 0 1 0 2 0 1 0 0 0 35 48 177 113 713 120 36 29 39 87 0 146 52 31 73 135 109 298 41 66 0 0 0 0 0 22 5 3 0 0 0 5 49 56 52 0 5 5 1 0 19 0 0 0 0 0 0 0 0 0 0 0 1 4 0 0 0 0 0 0 0 0 0 0 0 0 0 0 0 0 0 0 0 0 0 0 0 0 0 0 0 0 20 0 11 54 0 0 0 2 11 29 0 0 0 0 13 0 0 0 21 0 0 0 0 0 18 2 0 0 9 0 3 20 15 9 20 14 44 0 0 0 0 0 0 0 0 0 0 0 0 0 2 0 0 0 0 0 19 0 0 0 0 0 0 0 0 0 0 0 0 0 0 0 0 0 0 0 0 0 17 0 0 19 0 40 0 0 0 21 2 31 0 0 0 0 1 0 0 0 22 11 41 3 0 0 33 12 8 0 0 0 31 0 0 0 1 0 0 0 0 0 0 0 0 0 0 0 0 0 0 0 0 1 0 0 0 0 0 0 0 0 88 35 3 25 2 2 0 0 0 0 0 0 0 0 0 0 0 0 0 0 0 0 0 0 0 0 0 0 
 2 2 2 6 2 2 3 5 5 0 2 2 2 2 2 1 2 0 4 5 1 1 1 2 2 7 2 0 1 1 2 2 2 2 204 1 1 1 2 1 37 303 43 167 83 64 32 42 330 34 146 0 26 61 255 103 76 114 38 51 0 0 0 5 10 217 210 0 0 8 0 14 0 0 0 8 0 6 0 1 0 0 0 0 0 0 0 0 0 0 0 0 0 0 0 0 0 0 0 0 0 0 0 16 0 0 0 0 0 0 0 0 0 1 0 0 0 0 0 0 0 19 20 0 14 28 0 0 0 41 21 1 0 0 0 0 14 0 0 0 0 0 0 0 0 1 0 0 0 0 8 3 0 0 6 11 1 0 1 0 0 0 0 0 0 0 0 0 0 0 0 0 0 0 0 0 0 0 6 0 0 0 0 0 0 0 0 0 0 0 0 0 0 0 0 0 0 0 0 0 0 22 3 26 11 15 0 0 3 32 27 10 0 0 0 2 1 14 0 0 11 0 1 0 0 1 26 0 0 0 0 0 11 13 34 0 0 0 0 32 0 0 0 0 0 0 0 0 0 0 0 13 0 0 0 0 0 1 0 21 0 0 4 63 2 12 2 2 0 0 0 0 0 0 0 0 0 0 0 0 0 0 0 0 0 0 0 0 0 2 
 0 1 0 0 0 2 0 0 0 0 0 0 0 0 0 65 0 0 0 0 0 73 64 0 11 0 0 0 0 20 66 0 0 0 0 62 64 64 0 0 317 59 554 57 76 20 146 122 372 50 52 26 0 291 399 261 42 36 164 70 0 0 7 0 0 0 0 0 0 0 0 0 0 0 0 0 0 0 0 0 0 0 0 0 0 0 0 0 0 0 0 0 0 0 0 0 0 0 0 0 0 10 5 13 0 11 0 14 0 0 8 0 0 0 0 16 0 7 0 0 1 26 2 1 0 0 27 36 6 0 10 0 43 0 11 2 12 1 0 0 0 0 0 4 0 0 0 0 0 0 0 0 0 0 0 0 0 0 0 0 4 0 0 0 0 5 0 0 0 0 0 0 0 0 0 0 0 0 0 5 0 0 19 0 25 23 0 0 0 0 0 46 0 0 0 0 0 0 0 0 46 14 1 4 16 0 27 3 15 27 0 0 6 0 23 15 11 4 38 19 0 0 0 0 0 0 0 0 0 0 0 0 0 0 0 0 0 0 0 2 0 0 0 0 0 0 0 0 0 0 0 4 0 0 0 0 0 0 25 0 0 0 1 0 0 2 1 0 0 0 0 0 0 0 0 0 0 0 0 0 0 0 3 0 20 0 32 0 2 0 
 0 0 0 0 0 0 0 0 0 0 0 0 0 0 0 0 0 0 0 0 0 0 0 0 0 0 0 0 0 0 0 0 0 0 0 0 0 0 0 1 53 193 124 429 56 34 48 182 79 151 31 61 291 0 197 64 26 209 173 447 0 4 0 0 0 2 3 8 0 0 0 0 0 0 5 8 4 0 0 1 0 0 0 0 0 0 0 0 0 0 0 0 0 0 0 0 0 0 0 0 0 0 0 0 0 4 0 0 0 0 0 0 0 0 0 0 0 0 0 0 41 5 0 48 0 0 2 9 18 7 0 1 0 22 2 21 1 9 0 0 1 0 0 0 0 0 10 0 0 0 2 7 12 10 0 0 0 0 9 21 0 5 0 0 0 1 0 0 0 0 0 0 0 0 4 11 0 0 0 0 0 0 0 0 0 0 0 0 0 0 0 0 0 0 0 0 0 0 0 19 0 19 0 11 8 4 0 9 35 19 9 1 16 15 4 34 12 21 15 0 0 0 4 0 0 4 13 0 0 11 0 9 0 0 0 0 0 1 11 0 0 0 0 0 0 0 0 0 1 0 0 4 0 0 0 0 0 0 1 0 0 0 0 0 0 0 0 0 0 0 23 0 0 0 0 21 0 0 0 0 0 0 0 0 18 0 0 0 0 0 
 0 31 0 0 0 0 0 0 0 0 0 0 0 0 0 3 0 0 0 0 0 0 0 0 72 0 0 0 0 62 0 0 0 0 0 0 0 0 0 0 187 54 116 84 57 45 96 147 181 192 73 255 399 197 0 362 31 41 114 281 0 9 0 0 1 6 0 5 0 1 0 0 0 0 0 11 36 4 0 0 0 0 0 0 0 0 0 0 0 0 0 0 0 0 0 0 0 0 0 0 0 0 0 1 0 6 0 0 0 0 0 0 0 0 0 15 0 0 0 0 12 17 0 9 0 0 1 11 0 1 0 0 29 0 4 1 7 9 0 0 0 0 0 2 0 0 0 0 0 0 6 7 11 0 0 0 0 0 0 0 4 0 0 0 0 6 0 0 0 0 0 0 0 0 0 11 0 0 0 5 0 0 0 0 11 8 0 0 0 0 0 31 0 0 10 0 0 0 0 0 31 13 0 0 17 0 15 4 18 1 0 0 0 0 14 15 12 3 8 19 0 0 0 0 0 0 0 0 0 13 0 3 0 0 0 0 0 0 0 3 0 0 0 0 0 0 0 0 0 0 0 9 0 0 0 0 0 0 25 0 0 0 0 2 1 0 2 0 0 0 0 0 0 0 0 4 0 0 0 0 0 0 0 0 9 0 0 0 0 0 
 0 1 1 0 63 2 0 30 61 27 2 1 0 61 0 1 1 1 0 66 1 2 1 1 0 68 2 0 1 1 1 1 1 2 2 1 0 0 2 2 73 193 287 38 519 299 36 103 107 177 135 103 261 64 362 0 229 258 325 70 0 0 50 0 4 0 0 50 0 0 0 5 102 0 0 0 0 0 2 0 0 0 0 0 19 0 0 1 0 0 9 0 0 0 0 0 0 0 0 0 10 0 0 0 0 0 9 0 0 0 0 0 0 0 0 1 0 0 0 0 9 37 60 0 0 14 0 19 12 8 44 1 0 0 13 38 0 12 0 19 0 0 0 0 0 0 0 0 0 0 0 0 0 8 0 0 0 0 15 10 0 1 1 0 0 7 1 11 24 0 0 9 0 0 6 0 0 0 0 4 0 0 0 0 0 0 0 0 0 0 0 0 0 0 0 0 0 0 0 10 20 19 7 50 7 0 0 13 14 0 0 14 0 8 0 0 11 11 0 0 2 0 0 0 0 0 30 26 0 0 0 0 0 17 0 0 0 0 6 18 0 9 0 0 0 0 1 0 0 0 0 2 0 0 0 0 0 0 1 0 0 0 3 0 0 0 2 0 0 0 0 0 0 0 0 0 0 0 0 0 0 0 0 0 0 12 0 0 0 0 
 0 0 0 0 0 0 29 58 0 3 0 0 0 0 0 0 0 0 0 0 0 0 0 63 7 18 0 0 206 0 0 0 0 0 1 1 0 0 0 0 46 60 414 63 288 66 38 98 272 60 109 76 42 26 31 229 0 364 46 122 0 0 0 0 0 0 5 0 7 0 0 0 45 0 0 0 0 0 15 1 0 0 0 0 0 0 0 0 0 0 0 0 0 0 0 0 0 0 0 0 0 0 0 0 14 11 0 0 0 0 0 0 0 0 0 0 0 0 0 0 30 9 22 21 15 25 8 20 26 6 0 7 0 2 13 39 0 14 0 10 0 8 27 0 8 0 12 11 20 0 9 0 9 25 0 0 5 3 1 6 0 0 0 0 0 0 0 0 8 0 0 0 0 0 0 0 0 0 0 6 0 0 0 0 0 0 0 0 0 0 0 0 0 0 0 0 0 0 0 0 64 9 12 59 0 23 14 31 14 0 10 21 10 19 0 14 0 0 0 0 30 0 21 4 0 0 27 0 1 0 12 0 6 11 0 10 5 5 31 0 1 0 11 0 0 0 0 0 0 0 0 4 0 1 0 0 0 0 0 1 0 0 67 0 64 0 2 0 0 0 3 0 0 0 0 0 0 0 0 0 0 0 0 0 0 0 0 7 0 0 
 2 8 2 2 4 2 2 2 2 2 2 2 2 2 2 2 5 2 2 2 4 0 22 0 3 0 0 6 0 0 1 10 0 0 3 0 4 0 0 0 89 208 552 100 280 113 82 120 144 97 298 114 36 209 41 258 364 0 75 181 0 0 0 0 0 5 2 0 0 0 0 0 0 0 0 0 0 0 0 0 7 0 0 0 0 0 11 0 0 0 0 8 0 21 0 0 0 0 0 0 0 0 1 0 8 2 0 0 0 6 0 5 0 0 0 0 7 1 0 0 9 31 12 33 6 1 0 0 26 18 9 25 4 16 11 16 1 0 3 0 0 0 0 7 0 0 12 1 0 0 0 0 2 0 0 0 0 0 7 13 0 0 0 0 0 0 0 0 4 0 0 0 0 8 8 0 0 0 0 0 0 0 0 0 1 0 0 0 0 0 0 8 0 0 0 40 0 13 0 0 10 0 10 38 1 24 5 10 0 0 0 35 28 1 0 0 1 0 0 6 32 0 0 0 0 0 22 0 3 0 0 0 0 21 11 20 0 0 3 4 0 0 0 0 0 0 0 0 0 0 0 4 0 1 0 0 0 0 7 0 0 20 2 2 0 0 0 2 2 0 0 0 0 0 0 0 0 0 0 0 0 0 0 0 0 0 0 1 0 0 
 0 1 1 2 2 1 63 1 3 3 1 3 2 4 61 1 2 3 1 0 3 3 66 3 28 3 3 3 3 75 140 25 3 3 3 3 66 3 3 3 44 73 191 58 286 263 168 169 165 195 41 38 164 173 114 325 46 75 0 257 7 0 0 0 0 0 51 0 0 0 0 0 14 5 1 0 0 0 0 0 0 0 0 0 0 0 0 0 0 0 0 0 0 0 0 0 0 0 0 0 0 0 18 7 0 0 0 0 0 0 19 0 0 0 0 0 0 0 0 0 0 92 0 12 0 0 7 25 0 0 0 0 8 0 14 55 8 8 22 0 10 0 6 7 0 0 0 4 0 0 0 0 0 0 3 0 1 0 18 15 0 0 0 0 23 1 0 0 0 0 0 0 0 0 0 0 10 0 0 6 0 0 3 15 9 2 0 0 0 0 19 2 0 0 0 0 7 11 0 0 39 24 0 15 17 9 10 27 0 0 4 0 0 0 11 0 16 1 0 0 0 0 0 0 0 0 0 7 0 0 2 0 10 7 5 0 0 0 0 0 0 0 0 0 0 0 0 0 0 0 0 1 0 2 0 0 0 0 0 0 13 0 0 0 0 2 4 0 2 0 0 0 0 0 0 0 0 0 0 0 0 0 0 0 9 0 0 0 0 0 
 0 6 0 0 0 0 0 2 2 1 0 0 0 0 0 0 0 0 0 0 0 0 0 62 1 69 0 0 0 65 3 22 0 0 3 0 2 0 0 0 301 119 33 146 79 45 113 86 118 103 66 51 70 447 281 70 122 181 257 0 0 0 0 0 0 0 4 0 52 0 0 0 0 0 0 0 0 0 0 1 0 0 0 0 0 0 0 0 0 0 0 0 0 0 0 0 0 0 0 0 18 0 0 0 10 23 0 0 0 0 0 0 0 0 0 0 11 0 0 0 18 0 14 4 3 0 30 0 12 0 0 0 0 7 14 18 2 1 0 0 0 5 3 0 17 0 1 0 4 0 0 0 12 36 0 0 5 5 14 38 0 0 0 0 0 0 1 0 3 0 0 0 0 0 7 0 0 0 0 2 0 0 0 0 0 0 0 0 0 2 0 0 0 0 0 0 1 0 0 0 0 38 1 16 0 0 0 7 0 9 0 0 29 20 0 1 14 0 39 0 12 2 0 3 0 0 7 0 0 0 0 0 0 0 0 5 5 17 0 0 0 0 0 0 0 0 0 0 0 0 0 10 0 1 0 0 0 0 0 0 0 0 0 0 0 0 3 0 0 0 4 0 0 0 0 0 0 0 0 2 0 0 0 0 0 11 0 0 0 0 
 0 1 0 0 0 0 0 0 0 0 0 0 0 0 0 0 0 0 0 2 0 0 0 0 0 0 0 0 29 0 0 0 0 0 0 0 2 0 0 0 0 4 0 0 2 28 0 0 0 4 0 0 0 0 0 0 0 0 7 0 0 120 59 229 30 36 116 121 22 44 41 20 120 64 108 301 45 26 200 168 0 0 0 0 0 0 0 0 0 0 0 0 0 0 0 0 0 0 0 0 0 0 0 0 0 0 0 0 0 0 0 0 0 0 0 0 0 0 0 0 0 0 1 1 10 2 1 1 0 1 2 0 1 1 0 0 2 2 0 1 8 28 28 21 0 0 36 27 14 0 20 25 3 3 32 7 0 0 0 15 0 0 0 0 0 0 0 0 0 0 0 0 2 0 0 0 0 1 0 0 0 0 0 0 0 0 0 0 0 0 4 0 0 0 0 0 0 0 0 0 0 0 0 0 11 0 0 0 0 0 0 0 0 0 0 0 0 0 0 0 20 30 8 1 1 0 31 7 7 35 52 8 4 8 4 20 8 8 3 13 19 0 0 0 0 0 0 0 0 0 0 0 0 0 4 0 0 0 0 6 0 0 7 0 0 0 0 0 0 0 4 2 62 21 0 1 0 0 0 0 0 0 0 0 0 2 0 0 0 0 
