 0 214 517 50 52 45 201 249 41 91 49 26 277 91 147 249 46 39 139 124 2 3 3 0 0 0 2 0 82 2 0 1 0 0 0 1 1 3 0 0 5 2 2 0 0 0 3 0 3 0 0 0 1 1 0 0 1 0 0 0 0 0 3 0 0 0 0 0 3 0 0 0 0 0 1 0 0 2 0 45 13 16 8 8 15 7 10 35 0 12 2 5 1 12 33 10 33 17 8 26 0 0 0 0 0 0 0 0 0 0 0 8 0 0 0 0 0 0 0 12 0 0 0 0 0 0 0 0 0 0 0 0 0 0 0 0 0 0 0 0 0 0 0 0 0 0 0 0 0 0 0 0 0 0 0 0 0 0 0 0 0 0 0 13 8 0 0 0 21 3 0 0 8 22 0 1 18 18 0 18 0 0 0 0 0 0 0 0 0 0 0 0 0 0 0 0 0 0 14 0 0 0 0 0 0 0 0 0 0 0 0 0 0 0 0 0 0 0 0 0 0 0 0 0 0 0 0 0 0 0 0 0 0 0 0 0 0 0 0 0 0 19 0 0 0 0 91 0 2 0 0 12 0 1 0 0 0 0 0 0 0 0 3 0 0 0 0 0 0 0 0 0 0 0 0 6 0 7 0 0 0 0 0 0 0 0 0 0 0 0 
 214 0 229 288 17 118 561 124 235 188 143 53 23 555 284 124 112 22 142 279 0 0 0 0 0 0 0 0 0 31 0 6 0 0 0 3 0 0 0 0 3 79 0 0 0 0 0 0 0 2 0 0 0 3 0 2 2 0 0 2 0 0 0 0 0 0 0 0 0 0 0 0 0 0 1 0 0 1 40 0 0 7 1 13 0 17 2 38 4 32 0 9 6 10 85 28 18 28 36 30 0 0 0 0 0 0 10 0 0 0 0 0 1 0 0 0 0 1 11 0 0 0 3 0 0 0 0 0 0 0 0 0 0 0 0 0 0 0 0 0 0 17 0 0 1 0 0 7 0 0 0 0 1 0 0 0 0 0 1 0 28 8 6 10 12 16 15 11 21 31 8 12 0 19 13 2 8 16 0 22 0 0 0 0 0 0 1 2 0 0 0 0 23 0 0 0 14 0 14 0 0 0 0 0 0 0 0 0 0 0 0 0 0 0 0 10 0 0 0 2 0 0 0 0 0 0 2 0 0 0 13 0 0 0 16 0 0 0 0 0 0 14 0 0 0 0 0 0 1 1 19 5 0 0 0 0 0 0 0 0 0 0 13 0 0 0 0 0 0 0 0 0 0 2 0 0 0 0 0 0 0 0 0 0 0 0 0 0 0 2 
 517 229 0 105 271 25 273 185 269 244 159 17 365 439 362 148 156 129 134 33 4 2 2 0 0 0 0 0 0 2 0 0 0 0 0 2 1 3 2 0 11 0 2 0 64 0 3 0 3 2 0 0 0 0 35 0 2 0 0 0 0 0 3 0 30 0 0 0 2 0 0 0 0 1 0 0 0 2 0 0 12 78 0 0 31 0 27 10 28 3 0 9 53 46 31 19 23 29 0 0 0 0 13 0 0 0 0 0 0 1 0 0 18 1 0 0 0 0 1 11 0 0 0 0 0 0 0 0 0 0 0 0 0 0 1 0 0 0 0 0 0 2 0 0 0 1 2 1 0 0 0 0 3 3 0 0 0 0 2 2 0 1 11 0 2 0 0 27 18 56 0 11 0 27 0 16 5 43 11 24 0 0 0 0 0 0 0 2 0 0 0 0 0 0 0 0 0 0 17 0 0 0 0 0 0 0 0 0 0 0 0 2 0 0 0 0 0 0 47 2 0 0 0 0 0 2 2 0 0 0 0 0 0 0 0 0 0 0 0 0 0 17 0 0 0 0 0 0 4 0 39 3 0 0 0 0 0 0 0 0 0 0 20 0 0 0 0 0 0 0 0 0 0 0 0 0 0 0 0 0 0 0 0 0 0 0 0 0 0 2 
 50 288 105 0 188 122 132 91 200 177 164 129 86 72 75 161 160 310 218 69 3 80 1 0 0 0 18 0 0 2 0 0 1 75 0 2 0 5 0 1 0 0 26 0 0 0 3 5 3 0 0 0 0 0 0 0 12 36 0 0 0 0 3 40 2 0 0 0 2 0 0 0 0 0 0 0 0 2 0 36 2 16 21 7 11 40 0 25 23 0 0 16 0 0 19 14 13 1 0 0 16 0 10 0 0 0 0 4 1 0 11 0 0 5 11 0 0 0 0 0 0 0 0 1 0 0 0 0 0 0 0 0 0 0 0 0 0 0 0 1 0 0 0 0 0 0 0 0 3 0 0 0 0 0 0 0 0 0 0 0 0 12 7 18 27 13 3 21 12 0 44 15 0 0 8 0 25 9 0 0 20 0 15 0 0 0 25 15 0 11 0 0 70 0 0 0 0 0 30 45 0 0 0 0 0 0 0 0 0 0 0 2 0 0 0 0 0 0 0 2 0 0 0 0 0 2 1 0 0 0 0 0 0 0 0 0 0 0 0 0 0 0 0 0 0 1 95 0 2 46 0 4 15 0 0 0 0 0 0 0 0 0 0 0 0 13 0 0 0 0 0 0 0 0 0 0 22 8 0 0 0 0 0 0 0 0 0 0 0 0 
 52 17 271 188 0 44 44 155 151 73 321 132 91 93 89 59 347 134 53 174 3 151 52 0 23 4 22 75 0 2 2 0 1 1 48 21 0 3 75 115 0 0 3 0 5 0 3 6 3 3 0 2 0 0 0 5 4 1 0 0 0 0 3 0 29 0 0 0 2 0 0 0 0 0 6 6 0 2 0 39 0 0 0 12 0 1 9 11 14 6 2 49 0 12 0 0 0 0 0 0 22 0 0 0 0 0 14 16 14 0 1 0 0 15 14 38 0 15 24 0 0 0 0 0 0 0 8 0 0 0 0 0 0 0 0 0 0 0 0 0 0 4 0 0 0 0 0 0 0 3 0 0 0 0 0 0 0 0 0 0 12 17 0 24 24 7 0 3 15 0 10 10 0 4 12 24 22 0 0 0 11 38 12 11 0 0 13 14 7 0 9 0 14 10 15 8 0 13 10 0 0 0 0 0 0 0 14 0 0 0 0 0 0 0 0 0 0 0 0 0 0 0 0 0 0 0 0 0 0 0 0 0 0 0 0 0 0 0 0 6 0 0 0 0 0 0 2 0 7 4 0 5 7 0 0 0 0 0 0 0 0 34 0 0 0 0 0 0 0 0 0 0 0 0 0 14 0 0 0 0 0 13 0 0 0 0 0 0 0 0 
 45 118 25 122 44 0 47 251 140 136 95 51 34 32 68 247 169 281 60 45 65 80 3 1 4 1 0 0 0 4 0 2 163 2 2 3 2 4 152 2 0 0 4 0 0 0 3 0 3 2 0 0 0 0 0 0 2 0 0 0 8 0 3 0 0 0 0 0 3 0 0 0 0 0 0 0 0 2 0 42 2 2 36 25 17 33 0 0 7 3 13 0 0 2 20 11 2 2 0 0 23 21 2 2 0 0 0 0 16 0 10 0 18 11 0 16 4 0 37 1 0 0 0 0 0 0 0 0 0 0 0 0 0 0 0 0 0 0 0 0 2 4 0 0 0 0 0 0 0 1 0 0 0 0 0 0 0 0 0 0 0 0 0 20 22 9 0 0 1 0 18 0 0 0 0 17 2 0 0 0 9 24 0 0 0 0 0 0 0 13 24 0 29 0 31 0 2 0 11 28 0 0 0 0 0 10 0 14 0 0 0 0 0 0 0 0 0 0 0 0 0 0 0 0 0 0 0 0 0 0 0 0 0 0 0 0 0 0 0 0 0 0 0 0 0 5 1 0 85 110 1 7 0 0 0 0 0 0 1 0 0 0 0 0 0 0 0 0 0 0 0 0 0 0 0 0 0 0 0 0 0 0 0 0 0 0 0 0 0 0 
 201 561 273 132 44 47 0 203 150 89 40 31 307 80 184 268 83 116 351 88 2 3 0 3 4 3 0 0 0 3 6 0 0 3 0 4 0 5 1 0 4 0 6 5 3 0 5 0 7 6 0 0 64 0 3 6 4 6 0 0 0 4 5 1 3 2 0 5 7 0 3 7 0 6 73 32 1 6 0 0 1 16 3 3 0 17 0 42 19 56 0 5 8 0 42 0 80 11 7 63 0 0 0 0 0 0 0 0 0 0 0 0 0 0 0 0 0 0 2 0 0 0 0 1 0 0 0 0 0 0 0 15 2 0 0 0 0 0 0 0 0 0 0 0 0 0 0 0 0 0 0 0 0 0 0 0 0 0 0 0 0 0 8 20 1 0 16 11 19 0 0 11 10 10 0 3 32 27 0 0 0 0 0 0 0 0 0 0 0 0 0 0 0 0 0 0 1 0 0 0 0 0 0 0 0 0 0 0 0 0 0 0 0 0 0 0 0 0 0 0 1 0 0 0 0 0 0 0 0 0 0 0 0 0 0 0 0 0 0 0 0 20 0 0 0 2 90 0 2 0 4 15 0 0 0 0 0 0 0 0 0 0 10 0 0 2 0 0 0 0 2 0 0 0 0 0 0 8 0 0 0 0 0 0 0 0 0 0 0 0 
 249 124 185 91 155 251 203 0 297 132 121 135 201 252 71 140 213 368 69 64 2 2 3 0 0 2 1 0 0 2 0 0 0 0 0 2 5 3 0 5 0 1 26 0 0 0 3 5 3 4 6 6 0 0 65 0 12 0 1 0 0 3 3 0 3 0 0 0 3 3 0 0 0 1 0 5 3 2 0 36 8 30 2 15 48 22 0 44 13 1 25 0 14 43 15 12 37 2 0 16 0 0 0 0 0 0 0 0 0 0 13 0 1 0 0 0 0 0 0 0 0 0 0 1 0 0 0 0 0 0 0 0 0 0 0 0 0 0 0 0 0 0 0 2 0 0 0 0 0 0 0 0 0 0 0 0 0 0 1 0 1 0 10 13 0 0 2 101 14 0 9 17 0 37 48 0 37 65 10 2 1 0 0 0 2 0 0 0 0 0 0 8 0 0 0 0 0 0 0 0 0 0 0 0 0 0 0 0 0 0 0 0 0 0 0 0 0 0 0 0 1 0 0 0 8 0 0 0 0 2 0 0 0 0 0 0 0 0 0 0 0 2 0 0 0 1 95 0 3 0 0 11 0 0 0 0 0 0 0 0 0 0 0 0 1 0 0 0 0 0 0 0 0 0 0 0 0 11 0 0 0 0 0 0 0 0 0 0 0 0 
 41 235 269 200 151 140 150 297 0 417 129 168 111 110 85 181 160 207 61 302 2 3 0 0 0 1 2 0 0 3 1 0 0 0 1 1 0 3 2 0 0 0 25 0 0 0 3 6 3 0 0 0 1 56 0 13 3 2 0 0 0 0 3 0 0 0 0 0 39 0 0 0 0 7 0 0 0 2 0 50 11 62 5 60 6 58 15 9 31 14 0 0 34 27 33 24 5 11 0 0 0 0 0 0 0 1 0 0 2 0 0 0 19 1 0 0 0 0 9 18 0 0 0 12 0 0 0 0 0 0 0 0 0 0 0 0 0 0 0 0 0 0 0 0 0 0 2 0 0 0 8 0 0 0 0 0 0 0 0 0 15 0 13 61 0 0 0 24 14 21 25 20 0 0 11 68 23 32 0 6 0 0 0 0 0 1 0 0 0 0 0 0 0 0 0 17 0 0 13 0 0 0 2 2 0 0 0 0 0 0 0 0 0 0 0 0 1 0 0 0 0 0 0 0 0 0 0 0 0 0 0 0 2 0 0 0 0 0 0 0 0 0 0 0 0 2 1 0 0 1 14 8 0 0 0 0 0 0 0 0 0 0 0 0 0 0 0 0 0 0 0 0 0 0 0 0 0 0 0 0 0 0 0 0 0 2 0 0 0 0 
 91 188 244 177 73 136 89 132 417 0 190 281 47 80 158 229 188 38 90 72 2 3 0 2 0 0 74 1 0 2 2 1 149 0 0 1 61 3 175 0 4 0 2 0 0 0 3 0 3 0 0 0 1 0 0 0 0 0 0 0 0 0 3 0 0 0 0 0 3 0 0 2 0 0 0 0 0 3 0 0 0 1 42 48 15 63 1 8 7 36 10 5 0 0 27 1 9 0 0 28 1 44 18 0 0 0 0 0 0 10 0 0 8 21 0 2 0 0 15 1 0 0 0 2 0 0 0 10 0 0 0 0 0 0 0 0 1 0 0 0 0 0 0 0 1 0 2 0 0 0 0 0 0 0 0 1 0 0 0 0 0 0 0 0 19 0 0 0 19 3 31 13 0 9 0 12 20 19 0 0 10 0 0 0 0 0 0 0 0 1 0 0 9 0 0 0 0 0 0 15 0 0 2 0 0 10 0 0 0 0 0 0 0 0 0 0 0 0 0 0 0 0 1 0 0 0 0 0 0 0 0 0 2 0 0 0 0 1 0 0 0 19 0 0 0 5 0 2 88 87 0 11 0 0 0 0 0 0 0 0 0 0 20 0 0 0 0 0 0 0 0 0 0 0 0 0 9 0 0 0 0 0 0 0 0 0 0 0 0 0 
 49 143 159 164 321 95 40 121 129 190 0 255 62 39 121 291 167 73 31 81 2 86 2 0 0 42 0 0 0 4 0 1 0 20 0 3 0 3 168 1 0 0 36 8 0 0 5 0 3 0 0 0 0 2 0 0 13 68 2 4 0 0 3 4 0 0 0 0 2 0 0 0 0 4 0 0 0 6 0 10 23 9 15 0 46 0 0 17 25 48 55 19 0 3 0 11 9 1 14 16 1 0 0 0 0 1 22 29 2 0 0 0 38 14 1 0 0 0 19 20 0 0 0 13 0 0 0 0 0 0 0 0 0 0 0 0 0 0 0 0 0 0 2 0 4 0 2 0 0 2 0 0 0 0 0 0 0 0 0 0 0 10 31 8 14 1 8 44 11 0 8 10 0 15 28 38 1 21 11 0 0 10 0 0 0 0 15 13 0 0 0 0 15 0 0 9 0 0 0 13 0 0 0 2 0 0 0 1 0 0 0 0 0 0 0 0 1 0 0 0 0 0 0 0 0 0 0 0 0 0 2 0 0 0 0 0 0 0 0 0 0 0 0 0 0 5 6 0 4 0 2 7 3 0 0 0 1 0 0 0 89 0 0 0 0 0 0 0 0 0 0 0 0 0 0 28 9 0 0 0 0 0 0 0 0 2 0 0 0 0 
 26 53 17 129 132 51 31 135 168 281 255 0 20 23 35 38 176 120 266 119 79 4 6 0 0 0 76 121 0 2 0 0 151 74 76 85 0 3 163 112 0 0 53 0 0 0 3 0 3 2 0 0 0 0 0 0 6 36 0 0 0 0 3 0 0 0 0 0 3 0 0 3 0 44 0 51 0 7 0 6 8 0 7 7 8 1 0 7 13 0 1 21 7 0 0 13 11 0 0 1 14 0 15 0 0 6 11 0 0 14 0 0 1 13 37 13 14 13 1 19 0 0 0 0 0 0 0 0 0 0 0 0 0 0 0 0 0 0 0 0 0 5 1 0 0 0 0 0 0 2 0 0 0 0 0 0 0 0 0 0 0 28 28 8 14 4 8 22 0 0 8 10 0 1 23 25 7 0 0 0 0 13 0 15 0 0 10 17 0 0 15 0 1 0 0 18 0 0 0 39 15 0 0 0 0 0 0 9 0 0 0 0 0 0 0 0 0 0 0 0 0 0 0 0 0 0 0 0 0 0 0 0 0 0 0 0 0 1 0 0 0 0 0 0 0 0 3 0 0 5 0 7 0 2 0 0 0 0 0 0 0 0 1 0 0 0 0 0 0 0 0 0 0 0 0 17 11 0 0 0 0 13 0 0 0 0 0 0 0 0 
 277 23 365 86 91 34 307 201 111 47 62 20 0 80 68 273 65 31 321 155 3 79 0 68 0 0 75 0 200 2 0 1 76 0 1 1 73 3 0 0 0 0 3 0 0 0 3 0 3 0 0 0 0 0 0 0 1 0 0 0 0 0 3 0 0 0 0 0 2 0 0 0 0 0 0 0 0 2 0 0 51 8 9 8 12 7 10 20 11 11 16 0 0 3 0 0 10 14 24 26 0 0 0 0 0 0 0 0 0 0 0 0 15 0 0 0 0 0 1 0 0 0 0 0 0 0 0 0 0 0 0 0 0 0 0 0 0 0 0 0 0 0 0 0 0 0 0 8 0 0 0 0 0 0 0 0 0 0 0 15 1 21 0 22 8 0 31 21 0 0 0 0 28 27 16 14 2 20 11 8 0 0 0 0 0 0 0 0 0 0 0 0 0 0 0 0 0 0 0 0 0 0 5 0 0 0 0 0 0 0 0 0 0 0 0 0 0 0 0 0 0 0 0 0 0 0 0 9 0 0 0 0 0 0 0 0 0 0 0 0 0 0 0 0 0 2 87 0 1 0 2 1 2 0 0 0 0 0 0 0 0 0 0 0 0 0 0 2 0 0 0 0 0 0 0 9 0 7 0 0 0 0 0 0 0 0 0 0 0 0 
 91 555 439 72 93 32 80 252 110 80 39 23 80 0 166 37 121 113 72 186 2 2 5 0 0 0 0 0 0 2 0 1 0 0 0 2 0 3 4 0 0 4 2 0 0 0 3 0 3 0 0 0 0 0 4 2 2 4 0 0 0 2 3 0 0 0 0 0 8 0 0 0 0 0 0 0 0 3 0 0 10 43 0 24 0 10 0 3 13 99 21 0 14 25 51 29 17 15 1 23 0 0 0 0 0 0 0 0 0 0 0 14 19 1 0 0 0 0 9 0 0 0 0 0 0 15 0 0 0 0 0 0 0 0 0 0 0 0 0 0 0 0 0 0 0 0 0 6 0 0 0 0 0 0 0 0 0 0 0 0 12 14 5 28 18 0 0 0 0 18 0 7 16 11 15 28 20 0 0 6 0 0 0 0 0 0 0 0 0 0 0 0 0 0 0 0 0 0 0 0 0 0 0 0 0 0 0 0 0 0 0 0 0 0 0 0 0 0 0 0 0 0 0 0 0 0 0 0 0 0 0 0 0 0 10 0 0 0 0 0 0 0 0 0 0 1 0 2 1 2 13 6 0 0 0 0 0 0 0 0 0 2 0 0 0 0 0 0 0 0 0 0 0 0 0 0 0 0 0 0 0 0 0 0 0 0 0 0 0 0 
 147 284 362 75 89 68 184 71 85 158 121 35 68 166 0 334 154 567 169 184 2 3 0 0 0 0 0 0 0 3 0 0 2 0 0 0 3 6 73 0 2 0 2 2 2 0 3 0 3 0 0 2 2 0 0 0 2 0 0 0 0 0 3 0 0 0 0 0 3 0 0 0 0 0 0 0 0 8 0 2 0 18 0 4 0 1 58 1 13 37 29 8 15 18 53 17 0 29 35 14 2 0 0 0 0 2 10 0 1 0 0 0 0 0 0 0 0 0 0 8 2 0 0 0 0 0 0 0 2 0 0 1 0 0 0 0 0 0 0 0 0 0 0 0 0 0 0 9 0 0 0 0 0 0 0 0 0 0 0 0 7 18 10 7 13 0 10 11 15 13 8 0 10 18 14 13 2 14 0 0 0 0 0 0 0 1 0 0 0 0 0 0 13 0 0 0 0 0 0 0 0 0 0 1 0 0 0 0 0 0 0 0 0 0 0 8 2 0 0 0 0 0 0 0 0 0 0 0 0 0 0 0 0 0 0 0 0 0 0 0 0 14 0 0 0 0 3 0 6 0 0 1 0 0 0 0 0 0 0 0 0 0 14 0 0 0 0 0 0 2 0 0 0 0 0 24 0 0 0 0 0 0 0 0 0 1 0 0 0 0 
 249 124 148 161 59 247 268 140 181 229 291 38 273 37 334 0 138 35 135 284 3 3 0 0 0 0 0 0 0 2 0 0 75 0 0 1 0 3 83 77 0 0 2 0 0 0 3 0 3 1 0 0 1 0 0 0 0 0 0 0 0 1 3 11 0 11 0 0 3 2 11 0 0 6 0 10 11 12 0 0 0 18 39 20 0 11 19 0 10 0 0 0 22 37 90 70 17 18 23 0 0 0 1 0 0 0 0 0 0 2 0 0 1 3 0 0 15 0 1 0 12 0 0 0 0 0 0 0 0 0 0 0 0 0 0 0 0 0 0 0 0 2 0 0 1 0 0 5 0 15 0 0 0 0 0 0 0 0 0 0 25 18 0 0 20 13 9 0 3 20 11 0 10 0 0 0 3 12 0 0 6 0 0 0 0 0 0 2 0 0 11 0 12 0 0 0 0 0 14 18 0 0 0 0 0 9 0 0 0 0 0 0 0 0 0 0 0 0 0 2 0 0 0 0 0 0 2 0 0 0 0 0 0 0 0 0 0 14 0 0 0 0 0 0 0 2 0 2 6 94 2 21 0 0 0 0 0 0 0 0 0 0 0 0 0 0 0 0 0 0 0 0 0 2 0 14 15 0 0 0 0 0 0 0 0 0 0 0 0 0 
 46 112 156 160 347 169 83 213 160 188 167 176 65 121 154 138 0 292 50 39 3 3 0 96 93 0 0 0 2 2 0 0 2 0 2 6 2 3 0 0 0 0 29 0 0 0 3 11 3 0 0 0 0 0 0 0 6 0 0 0 0 0 3 0 0 0 0 0 5 0 0 0 0 38 0 6 0 2 0 36 1 38 17 6 18 44 0 19 0 29 8 0 1 0 38 25 17 1 1 14 1 2 0 0 0 0 0 0 0 0 0 0 0 3 0 2 0 0 1 5 11 0 0 11 0 0 0 0 0 0 0 0 0 0 0 0 0 0 0 0 0 3 0 0 4 0 1 0 0 0 0 0 0 0 0 1 0 0 0 0 0 0 30 0 54 13 1 18 17 0 28 20 0 11 4 1 21 0 0 0 7 0 2 0 0 0 0 0 0 1 0 0 14 0 0 0 0 0 14 9 0 1 2 0 0 0 0 0 0 0 0 0 0 0 0 0 0 0 0 0 0 0 0 0 0 0 0 0 15 0 0 0 2 0 0 0 0 0 0 0 0 0 0 0 0 1 1 2 4 0 0 10 0 0 0 0 0 0 0 0 0 0 0 0 0 0 0 0 0 0 0 0 0 8 0 0 15 0 0 0 0 0 0 0 0 0 0 0 0 1 
 39 22 129 310 134 281 116 368 207 38 73 120 31 113 567 35 292 0 35 238 2 3 0 0 0 0 73 0 0 2 0 0 0 0 2 3 2 3 0 73 0 0 3 0 0 0 3 5 3 0 0 0 0 0 0 0 3 0 0 0 2 0 3 0 0 0 0 0 3 1 0 0 0 0 0 0 0 2 0 35 10 72 0 16 12 10 0 18 21 44 38 16 0 0 0 9 0 1 0 18 18 1 17 0 0 0 0 0 0 0 0 0 14 0 0 0 0 0 0 9 0 0 0 15 0 0 0 0 0 0 0 0 0 0 0 0 0 0 0 11 0 0 0 0 0 0 0 0 0 4 0 0 0 0 0 0 0 0 0 0 0 0 16 0 0 13 0 28 21 0 4 23 0 17 32 22 31 51 35 0 44 0 18 0 0 0 20 0 0 0 0 0 2 0 0 0 0 0 10 0 0 0 0 0 0 0 0 0 0 0 0 0 0 0 0 22 0 0 0 0 0 0 0 0 0 0 0 0 0 0 0 0 0 0 0 0 0 0 0 0 0 0 0 0 0 1 3 0 9 111 0 6 17 0 0 0 0 0 0 0 0 0 0 0 0 0 0 0 0 0 0 0 0 0 0 0 0 0 0 0 0 0 0 0 0 0 0 0 0 0 
 139 142 134 218 53 60 351 69 61 90 31 266 321 72 169 135 50 35 0 219 97 3 0 0 0 0 0 0 0 3 0 0 0 0 2 5 0 3 2 74 2 0 2 1 0 0 3 0 3 0 0 0 0 0 0 0 1 0 0 1 0 0 3 0 0 0 3 0 3 0 0 0 0 2 0 0 0 5 0 0 41 12 8 30 7 0 8 11 7 0 0 0 29 0 25 0 0 32 37 0 0 0 0 0 0 0 0 0 0 0 0 0 1 0 7 0 0 15 0 0 0 0 0 0 0 0 0 0 0 13 0 0 0 0 0 0 0 0 12 0 0 2 0 0 1 0 0 3 0 0 0 0 0 0 0 0 0 0 0 0 13 14 0 1 15 0 29 0 12 10 0 0 11 16 0 0 0 15 0 19 0 1 0 7 0 0 0 2 0 0 0 0 0 0 0 0 0 0 0 0 0 0 8 0 0 0 0 0 0 0 0 0 0 0 0 0 0 0 0 2 0 0 0 0 0 0 2 0 0 0 0 0 0 0 0 0 0 0 0 0 0 43 0 0 0 1 1 1 0 0 0 22 0 0 0 0 1 0 0 0 0 0 0 0 0 0 0 0 0 0 0 0 0 2 0 15 0 0 0 0 0 0 0 0 0 0 0 0 0 0 
 124 279 33 69 174 45 88 64 302 72 81 119 155 186 184 284 39 238 219 0 3 4 0 0 0 0 0 0 0 2 0 0 0 0 0 3 0 3 0 0 0 0 33 0 0 0 3 0 3 0 0 0 0 0 0 0 9 2 0 0 0 0 27 0 0 0 0 0 2 0 0 0 0 0 0 0 0 2 0 0 12 1 5 0 10 0 37 0 0 1 0 14 0 0 0 9 2 2 14 21 0 0 1 2 0 0 0 0 0 0 0 0 11 0 0 0 0 28 0 0 0 0 0 0 0 0 0 0 0 0 0 0 0 0 2 1 0 0 0 0 0 7 0 0 0 0 0 1 0 0 0 0 0 0 0 0 14 0 0 0 14 32 10 1 0 0 27 10 1 0 15 2 4 0 12 3 3 5 0 1 0 1 0 0 0 0 0 0 0 0 0 0 0 0 0 0 2 1 0 10 0 0 10 0 0 0 0 0 0 10 2 0 0 0 0 0 0 0 0 0 0 0 0 0 0 0 0 0 0 0 0 0 0 0 0 0 0 0 2 0 0 0 0 0 0 4 2 0 2 0 0 9 0 0 0 0 0 0 0 0 0 0 0 0 0 0 0 0 0 0 0 0 0 0 0 0 0 0 0 0 0 0 0 0 0 0 0 0 0 0 
 2 0 4 3 3 65 2 2 2 2 2 79 3 2 2 3 3 2 97 3 0 192 78 49 44 37 118 101 267 111 141 30 103 125 54 95 71 32 50 184 0 0 0 0 0 207 0 3 68 0 8 0 0 0 0 2 2 1 0 0 7 3 0 0 0 0 0 0 0 2 0 3 0 3 0 0 3 0 0 0 0 0 0 0 0 8 0 0 0 0 0 0 0 0 0 0 0 0 0 0 21 20 22 13 0 0 18 23 15 1 28 13 1 1 8 35 49 8 1 11 0 0 0 0 0 0 0 0 0 0 0 0 0 0 0 0 0 0 0 0 0 0 2 0 0 1 0 0 0 0 0 0 0 0 7 0 0 0 0 0 0 0 0 0 0 0 0 0 12 11 3 0 0 0 0 1 0 0 0 0 13 14 3 27 19 6 0 0 20 26 25 1 21 0 46 36 4 14 0 16 0 0 0 0 0 0 0 13 0 0 2 0 0 0 0 0 0 0 0 0 0 0 0 0 0 0 0 0 0 12 0 0 0 0 0 0 0 23 0 0 0 0 16 0 0 0 2 0 1 0 0 0 0 0 11 0 2 2 0 0 4 29 0 1 0 0 0 0 0 0 0 0 0 0 0 0 0 0 0 0 0 17 0 0 0 0 0 0 0 0 
 3 0 2 80 151 80 3 2 3 3 86 4 79 2 3 3 3 3 3 4 192 0 231 264 43 32 194 157 524 331 102 40 52 198 130 345 27 41 78 123 3 3 1 2 26 3 0 6 3 0 3 0 0 2 0 2 1 0 3 13 3 3 0 2 0 5 3 2 0 5 3 3 0 3 0 0 2 1 0 0 0 0 0 0 0 42 0 0 0 0 0 18 0 0 0 0 0 0 0 0 12 0 14 20 0 0 13 45 38 0 13 0 11 23 28 20 39 10 22 0 0 0 0 0 0 0 0 0 0 0 0 0 0 0 0 0 0 0 0 0 0 12 0 0 0 0 0 25 0 6 0 0 0 0 0 0 1 0 0 0 0 0 0 55 15 5 0 7 0 0 0 18 0 0 0 21 0 0 12 0 13 38 25 14 8 8 21 68 3 11 11 0 30 22 12 22 8 0 19 1 0 0 0 0 0 0 0 1 0 0 0 0 0 0 0 0 0 0 0 0 0 0 0 0 0 0 0 0 0 0 0 0 0 0 0 0 0 12 0 0 0 0 0 0 0 0 78 0 0 73 0 0 20 0 14 2 1 0 0 0 0 17 62 0 0 0 0 0 0 0 0 0 0 0 0 0 0 0 0 0 0 19 0 0 0 8 0 0 0 0 
 3 0 2 1 52 3 0 3 0 0 2 6 0 5 0 0 0 0 0 0 78 231 0 110 58 31 154 171 160 268 338 166 187 50 153 165 255 446 48 49 0 8 2 0 5 7 0 3 0 3 0 0 0 0 0 2 1 3 1 0 0 0 0 0 0 1 0 1 2 2 3 3 0 1 0 0 2 0 0 0 0 0 0 0 0 0 0 0 0 0 0 0 0 0 0 0 0 0 0 0 0 50 0 9 5 34 20 14 0 32 0 12 0 0 41 23 0 22 33 0 8 0 14 0 0 0 16 0 0 0 0 0 1 12 0 7 12 0 37 0 0 0 0 5 0 0 0 0 0 0 0 0 0 0 0 0 0 0 1 0 0 0 0 0 0 6 0 4 2 0 0 5 0 0 0 7 0 0 0 9 0 55 7 20 0 4 0 51 23 0 0 0 15 10 18 10 38 27 0 0 10 0 0 0 0 0 25 0 0 7 2 0 26 36 14 0 0 0 13 3 0 0 0 0 0 1 0 0 0 0 0 0 0 0 0 0 0 0 0 0 0 0 0 0 0 0 0 0 0 0 0 2 0 0 26 0 3 165 81 0 0 0 0 0 0 0 11 0 0 0 0 0 0 0 0 0 0 0 0 16 0 0 0 0 0 0 11 0 0 0 
 0 0 0 0 0 1 3 0 0 2 0 0 68 0 0 0 96 0 0 0 49 264 110 0 196 32 156 51 357 72 68 216 82 90 82 336 246 120 287 59 0 4 0 0 0 3 133 3 0 0 0 0 99 70 2 2 2 0 20 0 4 3 2 0 0 0 49 0 0 2 0 3 0 3 0 0 10 0 0 0 0 0 0 0 0 0 0 0 0 0 0 0 0 0 0 1 0 0 0 0 0 14 62 16 21 73 1 25 0 8 14 0 18 28 0 15 0 22 0 0 27 21 10 0 8 0 94 0 0 8 0 0 2 17 3 1 1 0 0 30 14 0 0 0 0 8 0 0 0 0 0 0 0 34 4 0 2 0 8 8 0 0 0 0 4 0 0 0 0 0 0 7 2 0 0 0 0 0 0 0 9 26 7 2 18 20 0 0 0 0 38 107 0 18 19 0 0 14 0 0 10 35 0 0 0 0 10 15 15 0 0 73 39 0 9 0 0 0 5 15 0 0 0 0 0 0 0 8 0 0 0 0 0 0 1 0 0 0 0 0 0 0 0 0 0 0 0 0 0 0 0 0 0 0 12 0 0 86 78 2 2 2 0 0 0 0 0 0 0 0 0 0 0 0 0 0 0 0 0 0 0 0 0 0 8 0 1 0 0 0 
 0 0 0 0 23 4 4 0 0 0 0 0 0 0 0 0 93 0 0 0 44 43 58 196 0 55 95 80 228 146 172 280 110 85 180 259 212 100 84 142 2 0 0 0 0 3 62 68 0 0 0 1 65 4 28 2 1 1 55 22 0 3 3 0 0 0 0 9 0 2 0 3 0 3 0 0 3 0 0 0 0 0 2 0 0 0 0 0 2 0 0 0 0 0 0 0 0 0 0 0 19 52 50 35 19 19 13 0 12 58 13 14 0 0 0 8 10 9 0 0 0 0 0 0 0 0 19 1 0 0 0 0 12 13 11 13 0 0 0 14 11 0 0 26 0 6 0 0 0 1 0 1 0 0 5 0 5 0 7 0 0 0 0 0 0 0 0 0 4 0 2 0 0 0 0 0 0 0 0 0 25 0 33 13 0 13 0 0 7 0 0 8 0 0 13 0 1 19 0 0 7 11 0 0 0 0 11 7 0 8 0 0 42 0 53 0 9 0 1 1 0 0 0 0 0 0 0 0 0 0 0 1 0 0 0 0 0 0 0 9 0 0 15 0 0 1 0 0 0 0 0 0 0 0 4 2 0 79 74 1 18 0 0 0 0 0 0 0 0 0 0 0 0 50 0 0 0 0 0 0 0 13 0 0 0 24 0 0 0 0 
 0 0 0 0 4 1 3 2 1 0 42 0 0 0 0 0 0 0 0 0 37 32 31 32 55 0 29 32 34 131 97 121 44 53 132 168 82 175 269 33 1 121 0 0 212 215 0 33 66 0 0 0 64 66 0 145 282 5 0 67 0 3 0 0 0 0 0 0 0 2 0 3 2 3 0 0 4 0 0 0 3 0 1 0 0 0 0 0 0 0 17 0 0 0 0 1 0 0 0 0 0 0 14 0 0 39 0 0 0 14 0 18 0 0 0 0 0 13 0 0 36 34 43 48 0 0 62 19 42 16 24 3 21 2 39 27 0 0 19 20 0 0 0 0 0 0 0 0 0 2 0 1 7 0 0 13 1 0 0 0 0 0 0 0 0 0 0 0 1 0 0 0 0 0 0 0 0 0 0 0 10 0 19 2 20 33 0 0 9 0 0 0 0 0 0 0 10 0 0 11 22 56 0 2 0 0 10 15 1 0 1 0 12 10 2 17 19 1 27 24 0 0 0 0 0 0 0 0 0 0 0 2 0 0 0 0 0 0 0 0 0 13 0 0 0 2 0 0 0 0 0 0 0 0 8 0 0 0 182 3 16 0 1 0 0 0 0 0 0 0 0 0 0 0 0 0 0 0 0 0 0 0 3 0 17 0 0 0 0 0 
 2 0 0 18 22 0 0 1 2 74 0 76 75 0 0 0 0 73 0 0 118 194 154 156 95 29 0 152 287 234 61 55 208 165 240 116 46 64 218 310 0 0 0 0 0 3 0 3 0 0 0 0 0 0 0 2 2 0 1 0 0 2 0 0 0 0 0 0 0 2 0 3 0 3 0 0 2 0 0 3 0 0 0 1 0 0 0 0 14 21 1 4 0 0 0 0 0 0 0 0 34 20 30 14 4 0 12 24 4 20 10 13 15 15 2 0 26 0 14 16 0 0 0 0 0 0 0 0 0 0 0 0 0 0 0 0 0 0 0 1 0 0 0 0 0 0 0 0 0 0 0 0 0 2 3 0 1 0 7 12 0 0 0 35 36 14 9 0 0 0 4 0 0 2 0 14 0 0 0 0 1 0 29 3 9 17 18 19 23 21 30 10 17 19 18 30 8 0 6 9 0 0 9 0 0 0 0 0 0 0 0 0 0 0 0 1 15 0 0 0 2 0 0 0 0 0 2 9 0 0 0 0 0 0 0 0 0 0 2 0 0 0 0 0 0 0 3 0 0 1 0 0 6 0 14 0 2 1 76 1 21 14 0 0 0 0 0 0 0 0 0 0 0 0 0 14 14 0 0 0 0 0 0 0 0 0 0 0 0 0 
 0 0 0 0 75 0 0 0 0 1 0 121 0 0 0 0 0 0 0 0 101 157 171 51 80 32 152 0 182 297 65 240 263 247 287 51 41 34 143 382 0 0 0 0 0 3 0 7 0 0 0 0 0 0 0 2 1 0 0 62 0 3 0 0 0 0 0 0 0 2 0 3 0 3 0 0 2 0 0 0 0 0 0 0 0 0 0 0 0 9 0 2 0 0 0 0 0 0 0 0 49 6 12 45 19 0 4 27 0 13 0 10 12 39 52 16 23 17 20 15 0 0 0 0 0 0 0 0 0 0 0 1 0 0 0 0 2 0 3 0 0 9 0 0 0 0 0 8 0 6 1 0 0 0 0 0 1 0 0 0 0 0 0 0 0 0 0 0 0 0 2 0 0 0 0 0 0 2 0 0 0 33 23 27 0 0 10 23 15 13 70 8 16 0 0 25 19 25 6 15 0 0 0 0 0 2 0 10 0 0 0 0 0 10 0 0 0 0 0 0 0 0 0 0 0 0 0 0 0 0 0 0 0 0 5 0 0 21 0 11 0 0 0 0 0 0 0 0 0 0 0 0 0 0 6 0 1 43 84 0 13 0 0 0 0 0 0 0 0 0 0 0 0 0 0 0 0 0 0 0 0 20 0 0 0 0 1 0 0 0 
 82 0 0 0 0 0 0 0 0 0 0 0 200 0 0 0 2 0 0 0 267 524 160 357 228 34 287 182 0 140 358 25 175 336 360 44 454 58 281 155 0 0 0 0 0 3 1 3 0 0 5 0 65 0 0 2 1 1 0 0 0 1 32 0 0 0 0 0 0 5 1 3 0 22 0 0 2 0 0 22 0 0 0 18 0 0 0 0 0 0 0 2 0 0 0 0 0 0 0 0 13 27 28 26 52 19 9 37 16 2 21 27 18 18 9 0 36 0 0 20 0 13 0 0 0 0 20 0 0 0 1 0 0 0 0 0 0 0 3 13 0 0 0 0 0 7 1 0 0 0 0 0 1 0 9 0 7 0 1 24 0 2 0 0 0 0 0 0 4 0 26 0 0 0 2 0 0 0 0 0 9 0 1 1 32 9 29 10 21 18 10 38 0 22 14 9 24 30 0 2 0 0 0 0 0 0 4 2 0 0 0 0 48 0 0 0 0 0 0 1 0 0 0 0 1 0 0 9 0 1 0 0 0 0 0 0 0 0 0 0 0 0 0 0 0 0 0 0 0 0 0 0 0 0 7 1 0 80 1 0 2 0 2 0 0 0 0 0 0 0 0 0 0 0 0 0 0 0 0 12 0 1 0 0 0 0 0 0 0 0 
 2 31 2 2 2 4 3 2 3 2 4 2 2 2 3 2 2 2 3 2 111 331 268 72 146 131 234 297 140 0 397 142 269 119 266 96 136 343 101 97 0 0 0 0 0 3 0 3 0 0 9 0 0 0 0 2 0 0 1 0 0 3 0 0 0 0 0 0 0 2 0 3 0 3 0 0 3 0 0 0 0 0 0 0 0 0 0 0 0 0 0 0 0 0 0 0 0 0 0 0 10 0 7 7 6 6 20 36 22 14 1 23 0 2 13 0 6 18 0 12 0 0 0 0 0 0 11 0 0 1 0 0 0 0 0 0 9 11 24 0 0 0 0 4 0 0 0 0 0 0 0 0 0 0 0 0 0 0 0 0 0 0 0 0 0 0 0 0 0 0 0 0 0 0 0 0 0 0 0 0 0 2 61 29 22 11 8 14 8 0 5 6 0 1 0 3 15 12 0 0 0 0 0 0 0 0 0 0 0 9 14 0 0 0 7 0 0 0 0 0 0 0 0 0 0 0 0 0 0 0 0 0 0 0 0 0 0 23 0 0 0 0 1 0 0 1 0 0 0 0 0 0 0 0 20 0 3 0 12 0 10 0 0 0 0 0 0 0 0 0 0 0 0 0 0 0 0 0 0 0 0 0 0 0 0 8 0 0 0 0 
 0 0 0 0 2 0 6 0 1 2 0 0 0 0 0 0 0 0 0 0 141 102 338 68 172 97 61 65 358 397 0 64 109 153 80 207 432 51 40 138 0 0 0 1 0 3 0 4 0 0 2 0 84 3 0 2 0 1 0 0 0 3 0 0 9 0 0 0 0 2 0 5 113 3 0 0 3 0 0 0 0 0 0 2 0 0 0 0 0 0 0 0 0 0 13 0 0 0 0 0 34 18 11 37 23 43 42 0 30 4 3 23 0 0 0 36 13 10 2 2 0 0 0 0 19 0 9 12 0 0 0 0 26 0 0 0 0 0 25 26 0 0 0 6 0 0 0 0 0 0 0 0 0 0 0 0 0 0 0 1 0 0 0 0 0 0 0 0 13 0 4 0 0 1 0 5 0 0 0 0 1 0 40 18 18 24 8 1 14 10 0 0 14 1 62 3 0 25 0 0 14 1 0 0 0 0 0 0 0 9 0 0 0 0 11 0 0 0 27 33 1 0 0 0 0 0 1 0 0 0 0 0 0 0 0 0 0 0 1 0 0 0 13 0 0 0 0 0 0 0 0 0 0 0 3 0 3 0 4 0 1 0 0 0 0 0 0 0 0 0 7 0 0 0 0 0 0 0 0 0 0 16 0 0 0 17 0 0 0 0 
 1 6 0 0 0 2 0 0 0 1 1 0 1 1 0 0 0 0 0 0 30 40 166 216 280 121 55 240 25 142 64 0 278 44 49 69 171 378 39 38 0 0 6 2 0 12 92 38 2 0 0 0 83 4 136 2 0 0 124 62 6 1 7 0 1 0 4 39 0 2 0 5 1 2 5 0 2 2 7 0 0 0 0 0 0 0 0 0 0 0 0 0 0 0 0 0 0 0 0 17 0 0 1 9 15 69 0 0 0 9 16 0 0 0 0 3 1 56 0 0 0 0 16 0 0 0 24 0 1 0 0 0 31 1 6 14 11 0 9 32 8 0 0 4 0 5 0 0 0 0 0 0 0 10 0 0 0 0 40 0 0 0 0 0 0 0 8 19 0 0 0 16 0 0 0 0 0 0 0 0 13 12 8 0 0 34 0 0 0 0 5 27 0 0 0 0 17 12 0 0 15 11 0 0 0 0 10 11 0 11 0 0 14 10 21 0 17 0 24 50 0 0 0 0 0 0 0 0 0 0 0 0 0 0 0 0 0 0 0 0 0 0 0 0 0 0 0 0 0 0 1 0 77 0 15 4 6 4 75 1 0 0 0 0 0 0 0 0 0 0 0 0 0 0 1 0 0 0 0 0 0 0 0 0 0 12 0 0 0 0 
 0 0 0 1 1 163 0 0 0 149 0 151 76 0 2 75 2 0 0 0 103 52 187 82 110 44 208 263 175 269 109 278 0 100 68 109 61 247 124 118 0 0 0 3 0 3 0 3 0 0 8 4 0 1 0 2 2 0 0 2 0 3 0 0 0 0 0 0 0 3 2 3 0 3 0 0 2 18 0 0 0 0 10 10 13 7 0 0 0 0 1 10 0 0 0 0 0 0 0 2 10 7 23 0 15 0 0 0 0 12 0 22 1 11 10 0 20 0 1 2 6 0 1 0 0 0 0 0 0 0 0 0 16 41 0 0 0 0 16 1 0 1 0 0 2 0 0 0 0 0 0 0 0 0 0 0 0 0 0 0 0 0 0 0 0 0 0 0 0 0 10 0 0 0 0 1 0 0 0 0 0 0 2 21 17 17 7 10 18 0 34 4 2 0 13 10 0 14 0 26 0 0 0 2 0 11 0 13 0 0 0 0 0 9 0 0 0 0 0 0 0 0 0 0 0 0 0 0 0 0 0 0 0 0 0 0 0 0 0 0 0 0 17 0 0 0 0 0 0 22 0 0 0 0 13 0 1 3 0 0 1 0 0 0 0 0 11 0 0 0 0 0 0 0 0 0 16 0 0 0 0 15 0 0 0 0 0 0 0 0 
 0 0 0 75 1 2 3 0 0 0 20 74 0 0 0 0 0 0 0 0 125 198 50 90 85 53 165 247 336 119 153 44 100 0 205 123 55 236 313 362 0 0 2 0 0 3 0 3 5 0 5 0 0 1 0 2 2 62 1 0 4 3 0 0 0 0 0 1 4 2 0 21 0 3 0 0 2 1 0 0 0 0 0 0 0 0 2 0 0 0 0 9 0 0 0 0 0 2 0 0 2 14 12 0 31 0 30 43 14 0 17 10 21 29 0 28 21 0 0 0 0 0 0 0 0 0 0 0 2 0 0 0 0 0 0 0 0 0 0 0 0 0 0 0 0 2 0 15 0 0 0 0 0 0 32 0 1 0 0 0 0 0 0 0 0 1 0 4 0 0 0 0 0 0 0 0 0 0 0 0 0 28 54 11 27 9 60 9 6 26 14 36 0 36 52 24 9 24 1 1 0 1 0 0 0 0 0 0 0 0 0 0 0 0 0 0 0 0 0 0 0 0 0 0 0 0 0 0 0 0 0 0 10 0 0 0 0 5 0 0 0 0 11 0 0 0 0 0 0 0 0 0 0 0 3 0 3 1 0 0 1 13 0 0 0 0 0 0 0 0 0 0 0 0 0 0 9 0 0 0 0 13 0 0 0 7 1 0 0 11 
 0 0 0 0 48 2 0 0 1 0 0 76 1 0 0 0 2 2 2 0 54 130 153 82 180 132 240 287 360 266 80 49 68 205 0 302 35 183 290 130 1 0 0 0 0 7 4 10 0 0 5 0 6 0 1 2 8 0 0 1 8 8 0 0 0 0 4 0 0 4 0 3 0 3 4 0 2 0 4 0 0 0 0 0 0 0 0 0 0 0 0 13 0 0 0 0 0 0 0 0 2 24 11 0 6 0 1 37 15 8 0 39 22 45 21 54 10 0 0 16 0 0 0 0 0 0 13 0 0 0 0 0 0 0 0 0 0 0 14 0 0 7 0 0 0 0 0 0 0 5 0 0 0 0 0 0 0 0 0 0 0 0 0 0 0 0 0 0 0 0 0 0 0 0 2 0 0 0 0 0 0 51 7 0 0 20 48 51 17 0 29 30 2 18 18 11 7 12 10 0 0 0 0 0 0 0 12 0 0 0 0 0 0 0 0 0 0 0 0 0 0 0 0 0 0 0 0 0 0 0 0 0 0 0 0 0 0 0 0 0 0 0 0 0 0 0 0 0 1 0 0 0 0 0 8 0 0 3 5 0 18 0 0 0 0 0 0 0 0 0 0 0 0 0 0 0 0 0 0 11 0 40 0 0 0 0 1 0 0 10 
 1 3 2 2 21 3 4 2 1 1 3 85 1 2 0 1 6 3 5 3 95 345 165 336 259 168 116 51 44 96 207 69 109 123 302 0 108 38 57 45 0 3 0 3 0 7 0 4 0 2 1 1 33 3 25 2 1 1 2 7 0 2 0 1 2 2 0 2 3 2 5 1 0 2 1 6 2 4 5 0 0 0 0 0 0 0 0 0 0 0 0 0 0 0 0 0 0 0 0 0 13 19 2 22 16 46 30 26 32 40 18 14 0 0 0 17 20 19 11 2 9 0 0 0 2 0 1 0 0 0 0 0 55 17 0 0 0 7 17 29 2 0 0 0 0 0 7 0 0 0 0 0 0 0 0 0 0 0 0 0 0 0 0 0 0 26 0 3 0 0 0 0 0 1 0 4 0 0 16 0 0 14 19 8 22 53 17 14 11 12 0 0 11 8 40 22 22 11 10 0 1 0 0 0 1 0 10 0 2 0 0 0 23 14 0 0 0 0 25 1 0 0 0 0 0 0 0 20 0 0 0 0 0 0 0 0 0 0 1 0 0 0 0 0 0 0 2 0 0 0 0 0 0 2 9 0 3 1 0 0 2 13 0 0 0 0 14 0 0 0 0 0 0 2 0 0 1 0 0 9 0 0 0 0 1 0 0 0 0 0 
 1 0 1 0 0 2 0 5 0 61 0 0 73 0 3 0 2 2 0 0 71 27 255 246 212 82 46 41 454 136 432 171 61 55 35 108 0 144 31 46 0 0 0 0 3 3 30 3 0 0 7 9 0 1 7 2 5 2 62 0 4 3 2 0 0 2 0 0 0 2 0 3 0 3 0 2 3 3 11 0 0 0 0 0 0 0 1 0 0 0 0 0 0 0 0 0 0 0 0 0 3 28 13 21 29 41 0 25 0 11 8 10 20 26 0 16 9 11 0 0 11 0 0 0 0 0 15 0 0 0 0 0 0 0 8 0 0 0 0 20 0 0 0 12 0 1 36 1 0 0 0 0 0 0 0 0 1 0 5 0 0 0 0 0 0 0 0 0 0 0 0 1 0 0 0 0 0 0 0 2 33 26 12 12 7 2 0 0 7 0 26 30 0 18 38 3 7 27 0 0 0 13 0 0 0 9 3 0 1 0 0 0 11 0 2 0 0 0 10 11 0 0 0 0 0 0 0 0 0 0 0 0 0 0 0 0 0 0 0 0 0 0 12 0 0 0 0 0 0 0 0 0 0 0 5 2 1 2 2 2 1 0 0 0 0 0 1 0 0 0 0 0 0 0 0 0 0 0 0 10 0 16 1 0 0 0 1 0 0 0 
 3 0 3 5 3 4 5 3 3 3 3 3 3 3 6 3 3 3 3 3 32 41 446 120 100 175 64 34 58 343 51 378 247 236 183 38 144 0 37 52 0 6 0 0 1 10 0 3 0 0 0 0 0 0 0 2 1 0 18 0 0 3 0 0 3 0 3 0 0 2 0 3 0 6 0 4 3 0 0 0 0 0 0 0 0 0 0 0 0 0 0 0 0 0 0 0 0 0 0 0 0 11 31 0 15 29 0 0 1 25 2 1 0 0 11 15 0 16 0 0 0 20 2 0 0 0 11 0 0 1 0 0 0 0 16 10 14 0 15 1 0 0 0 0 0 13 0 0 0 0 0 0 0 0 5 0 2 0 10 0 0 0 0 0 0 0 0 0 0 0 0 0 0 0 0 0 0 1 0 0 11 34 22 9 0 7 9 41 18 11 0 12 0 0 0 0 61 46 0 0 9 0 0 0 11 0 32 0 0 0 0 0 0 10 10 0 10 0 2 13 0 0 0 0 0 0 0 7 0 0 0 0 0 0 0 0 2 0 0 0 0 0 0 0 0 0 1 0 0 0 0 0 0 0 7 3 2 201 75 0 14 0 0 0 0 0 0 0 0 0 0 0 0 0 0 0 0 0 0 0 0 0 10 0 3 0 1 0 0 1 
 0 0 2 0 75 152 1 0 2 175 168 163 0 4 73 83 0 0 2 0 50 78 48 287 84 269 218 143 281 101 40 39 124 313 290 57 31 37 0 257 40 0 1 0 0 2 0 32 0 0 0 2 0 0 0 2 0 0 2 2 0 3 2 0 0 0 0 0 62 2 0 3 0 5 0 0 3 2 0 11 0 0 33 20 11 22 0 0 10 28 20 7 0 0 0 0 0 0 0 0 2 7 15 0 0 0 5 20 0 6 0 0 32 4 31 15 10 0 19 27 0 0 0 1 0 0 0 0 0 0 0 0 0 0 0 0 0 0 0 0 0 0 0 0 6 0 0 0 0 0 0 0 0 0 0 0 0 0 0 0 0 0 16 30 30 19 0 1 0 0 22 20 0 0 0 26 0 0 0 0 0 0 0 0 0 0 0 11 0 18 19 0 23 0 0 17 0 13 4 39 0 0 0 0 0 11 0 0 0 0 0 0 0 0 0 5 0 0 0 0 0 0 0 0 0 0 0 0 0 0 0 0 0 0 0 1 0 0 0 0 0 0 0 0 0 0 74 0 0 20 0 0 0 0 8 2 2 0 0 2 0 0 0 0 0 0 0 0 0 0 0 0 0 0 0 21 13 0 0 0 0 0 0 0 0 0 0 0 0 0 
 0 0 0 1 115 2 0 5 0 0 1 112 0 0 0 77 0 73 74 0 184 123 49 59 142 33 310 382 155 97 138 38 118 362 130 45 46 52 257 0 3 0 0 5 64 4 2 8 3 4 17 0 0 5 3 2 2 4 2 1 0 2 0 0 0 6 0 0 2 2 0 3 0 3 2 3 2 2 0 1 0 0 0 0 0 0 0 0 17 8 11 18 0 0 0 0 0 0 0 0 24 8 15 33 7 0 1 19 31 21 0 21 0 18 51 12 23 19 0 14 0 0 0 18 0 0 0 0 0 0 0 0 0 3 0 0 0 0 0 0 0 7 0 0 0 0 0 0 6 6 0 0 0 0 0 0 0 0 0 0 0 0 0 50 16 11 0 0 4 0 26 0 18 0 0 12 0 0 0 0 10 27 1 48 1 1 17 32 8 0 38 5 0 0 1 14 1 0 9 0 0 4 0 0 0 0 0 0 0 0 0 0 0 1 0 0 0 0 0 0 0 0 0 0 0 0 0 0 0 0 0 0 0 0 0 0 0 1 0 0 0 0 0 0 0 0 0 2 1 1 0 0 0 0 10 0 5 0 1 0 1 0 0 0 2 0 0 0 0 0 0 0 0 0 0 13 0 0 0 0 0 28 0 19 0 0 0 0 0 0 
 5 3 11 0 0 0 4 0 0 4 0 0 0 0 2 0 0 0 2 0 0 3 0 0 2 1 0 0 0 0 0 0 0 0 1 0 0 0 40 3 0 156 160 189 258 69 116 89 210 87 141 171 118 610 107 45 30 165 131 407 0 0 2 0 0 3 0 1 2 0 0 0 0 1 0 0 0 0 1 0 0 2 0 0 0 0 6 0 21 0 0 3 0 0 3 0 0 6 0 0 0 0 0 0 0 0 0 0 0 0 0 0 0 0 0 32 0 0 0 0 0 18 39 22 8 14 0 2 25 12 54 20 1 16 11 16 26 32 0 0 0 0 0 0 0 0 0 0 0 0 0 0 1 7 0 2 6 0 20 0 0 1 17 0 0 0 0 0 3 7 0 0 0 12 0 0 0 4 0 4 0 0 0 0 0 0 0 0 0 0 0 0 0 0 0 0 0 0 0 0 25 13 28 24 20 14 29 40 30 21 40 3 5 12 0 19 1 43 0 0 0 6 0 0 0 0 0 0 0 0 0 0 0 0 0 0 0 0 0 11 0 4 0 0 0 0 0 0 0 0 0 3 0 1 0 0 0 0 0 2 0 0 68 65 2 2 2 2 0 0 0 0 0 0 0 0 0 0 0 0 0 0 0 0 0 9 0 0 0 0 
 2 79 0 0 0 0 0 1 0 0 0 0 0 4 0 0 0 0 0 0 0 3 8 4 0 121 0 0 0 0 0 0 0 0 0 3 0 6 0 0 156 0 93 329 64 35 80 143 120 25 25 97 109 158 201 73 298 137 319 204 0 0 3 0 0 0 0 49 4 0 0 0 1 0 0 0 0 0 46 0 0 0 0 0 0 0 0 0 0 0 0 0 0 0 3 0 0 0 0 0 0 0 0 0 0 2 0 0 0 0 14 17 0 0 0 0 0 0 0 0 21 48 9 15 2 15 7 10 30 19 10 2 8 31 63 14 7 19 0 4 0 0 0 10 0 0 0 0 0 0 0 0 4 4 0 6 0 0 11 0 0 0 0 0 0 0 0 0 0 0 0 9 0 0 0 0 0 0 0 0 0 1 0 0 0 0 9 0 0 0 14 0 0 0 0 0 0 0 0 0 36 47 0 14 0 0 32 8 26 0 0 0 21 12 5 48 3 0 15 0 0 0 0 0 0 0 0 0 0 0 0 0 0 0 0 0 0 0 0 0 0 0 0 0 0 0 0 0 0 0 0 6 0 0 0 0 0 0 9 1 0 0 0 1 0 0 0 3 0 0 0 0 0 0 0 0 0 0 0 0 0 3 28 0 5 0 0 0 0 0 
 2 0 2 26 3 4 6 26 25 2 36 53 3 2 2 2 29 3 2 33 0 1 2 0 0 0 0 0 0 0 0 6 0 2 0 0 0 0 1 0 160 93 0 364 196 35 96 196 438 185 339 108 179 100 157 45 123 295 53 164 0 0 0 205 0 0 2 0 0 0 0 0 0 0 3 0 0 0 1 3 6 0 3 0 8 0 0 0 0 0 0 0 0 0 0 11 2 0 0 0 0 0 0 0 0 0 0 0 0 0 0 0 11 0 0 0 0 0 0 0 16 16 21 2 0 10 4 6 5 19 21 9 0 10 0 1 20 35 0 0 12 0 0 0 0 0 10 0 0 0 0 0 9 5 12 3 17 0 13 0 0 9 17 0 0 0 4 10 0 0 0 1 0 0 1 10 1 0 0 0 0 0 0 0 0 0 0 0 0 0 0 0 10 0 0 0 0 0 0 8 9 3 26 8 23 30 0 0 28 18 18 18 0 0 0 14 0 39 0 0 21 10 0 0 0 0 0 0 0 0 0 0 1 0 0 0 0 0 14 27 0 0 10 0 0 0 1 0 0 0 0 2 0 2 0 0 0 0 0 2 0 0 73 1 66 7 0 0 0 0 0 0 0 0 0 0 0 0 0 0 0 0 0 0 0 0 0 0 0 0 
 0 0 0 0 0 0 5 0 0 0 8 0 0 0 2 0 0 0 1 0 0 2 0 0 0 0 0 0 0 0 1 2 3 0 0 3 0 0 0 5 189 329 364 0 163 56 155 132 90 308 201 160 147 366 82 112 335 54 414 62 0 0 0 0 0 0 1 0 0 0 0 0 4 0 0 0 0 0 8 0 0 0 0 0 0 0 0 0 0 0 0 0 0 0 0 0 0 0 0 0 0 0 0 0 0 0 0 0 0 0 0 0 0 0 0 0 0 0 0 0 9 12 11 12 0 18 9 11 32 14 23 11 0 6 0 0 21 32 0 0 10 0 0 0 0 0 0 0 0 0 0 0 17 14 46 4 16 0 13 0 0 0 4 0 0 0 0 0 0 0 0 0 0 0 0 0 0 0 0 0 0 0 0 0 0 0 0 0 0 0 0 0 0 0 0 0 0 0 0 0 9 11 21 7 10 8 0 0 20 31 21 33 0 6 0 14 15 0 0 0 0 0 0 0 0 15 0 0 0 0 0 0 0 0 0 1 0 0 38 10 0 0 6 0 0 0 0 0 0 0 0 2 0 0 2 0 0 0 0 10 0 0 1 64 69 1 2 0 0 0 2 0 0 0 0 0 0 0 0 0 0 0 0 0 0 0 0 0 0 0 
 0 0 64 0 5 0 3 0 0 0 0 0 0 0 2 0 0 0 0 0 0 26 5 0 0 212 0 0 0 0 0 0 0 0 0 0 3 1 0 64 258 64 196 163 0 375 28 104 66 119 291 119 52 147 54 51 60 248 90 67 3 63 0 0 0 2 2 3 44 0 4 0 0 0 51 0 0 50 0 1 0 0 0 0 0 0 0 0 0 0 0 0 0 0 0 0 0 0 0 0 0 0 0 0 0 0 0 2 0 0 0 0 0 0 0 0 0 0 0 0 0 0 0 42 8 10 0 0 0 0 0 34 0 0 0 0 1 0 0 0 32 0 0 0 0 0 6 12 6 0 0 0 12 0 32 17 14 5 7 7 0 0 0 0 0 0 0 0 0 0 0 0 0 0 0 0 0 20 0 30 0 0 0 0 0 0 0 0 0 0 0 0 0 0 0 0 0 0 0 0 32 0 0 28 5 25 0 0 0 4 5 18 0 0 0 9 0 2 0 0 4 15 29 2 0 7 18 9 0 0 25 0 35 18 0 0 9 26 39 17 0 0 0 0 0 0 0 0 0 0 0 3 0 0 0 0 0 0 0 3 0 22 3 0 5 10 2 0 0 0 6 0 0 0 0 0 0 0 0 0 0 0 0 0 0 0 0 1 0 0 
 0 0 0 0 0 0 0 0 0 0 0 0 0 0 0 0 0 0 0 0 207 3 7 3 3 215 3 3 3 3 3 12 3 3 7 7 3 10 2 4 69 35 35 56 375 0 49 65 120 67 97 59 20 51 45 128 545 54 43 268 2 0 3 2 3 0 6 0 0 0 0 2 1 3 0 3 213 0 78 0 0 0 0 0 0 0 0 0 0 0 0 0 0 0 0 0 0 0 0 0 1 4 0 0 0 3 2 0 3 2 5 2 0 0 0 6 0 15 0 0 0 0 4 0 11 32 0 0 0 23 26 2 0 5 0 6 22 3 0 0 19 9 2 0 0 0 21 0 1 0 0 0 1 2 0 0 0 0 0 14 0 0 0 0 8 0 0 0 0 0 0 0 0 0 0 0 0 0 0 0 0 7 1 0 0 0 0 0 0 0 0 0 0 0 0 0 6 0 0 0 5 0 0 16 42 32 9 0 5 7 0 16 3 10 0 0 0 49 12 6 10 10 0 8 0 0 24 32 0 0 9 0 0 20 0 0 11 15 14 8 0 0 0 0 0 0 0 0 0 0 0 5 0 0 0 0 0 0 4 0 0 0 70 0 1 1 1 5 1 0 0 0 0 0 0 0 0 0 0 0 0 0 0 0 24 0 0 14 0 0 
 3 0 3 3 3 3 5 3 3 3 5 3 3 3 3 3 3 3 3 3 0 0 0 133 62 0 0 0 1 0 0 92 0 0 4 0 30 0 0 2 116 80 96 155 28 49 0 85 228 68 31 79 515 78 200 106 38 93 145 185 3 3 2 72 0 3 2 3 6 35 6 0 2 0 0 7 16 6 4 2 0 0 0 0 0 0 0 0 0 0 0 0 0 12 0 0 0 0 0 0 0 0 0 25 20 72 0 0 0 0 14 0 0 0 0 0 0 0 0 11 22 28 49 8 0 23 5 0 4 5 16 0 31 14 9 0 19 18 0 28 12 2 0 0 0 0 0 0 0 11 0 0 0 14 0 28 0 0 0 0 0 14 0 0 0 0 0 0 0 0 0 0 0 0 0 0 0 0 0 0 0 0 0 0 11 19 0 0 15 0 0 8 0 0 0 0 10 17 0 0 0 35 0 2 22 15 0 1 2 0 7 0 0 0 3 19 11 31 6 23 6 13 0 6 0 0 0 31 10 0 0 1 16 0 0 0 0 0 0 0 0 0 0 0 0 0 0 0 0 0 0 12 0 0 0 0 0 0 0 0 0 0 113 0 2 1 0 6 1 0 0 0 0 0 0 1 0 0 0 0 0 0 0 0 0 0 0 0 0 0 
 0 0 0 5 6 0 0 5 6 0 0 0 0 0 0 0 11 5 0 0 3 6 3 3 68 33 3 7 3 3 4 38 3 3 10 4 3 3 32 8 89 143 196 132 104 65 85 0 483 44 160 25 162 118 348 312 43 34 153 216 0 0 4 0 0 0 0 6 0 0 0 0 49 0 0 0 2 0 0 7 0 0 0 5 0 5 0 5 0 0 3 0 0 0 0 0 0 0 0 0 0 0 0 0 25 20 0 0 0 0 0 33 0 0 0 0 0 12 0 0 23 10 4 57 0 0 8 46 34 13 42 1 12 0 16 54 0 22 0 13 0 0 0 0 0 0 0 0 0 0 0 0 0 0 0 0 1 0 23 0 0 0 8 0 0 0 0 0 0 0 9 5 0 0 5 0 5 0 0 0 6 0 0 13 0 0 0 0 0 0 0 0 0 0 0 0 0 0 0 0 16 23 11 0 0 0 10 2 0 6 21 3 18 1 4 28 62 7 35 31 0 0 0 0 0 0 0 0 0 0 0 0 0 0 0 0 0 0 0 10 0 0 0 0 0 0 0 0 0 0 0 0 0 2 0 1 0 0 0 0 0 0 0 66 0 4 4 0 2 0 7 0 50 0 0 0 0 0 0 0 0 0 0 0 0 21 0 0 0 0 
 3 0 3 3 3 3 7 3 3 3 3 3 3 3 3 3 3 3 3 3 68 3 0 0 0 66 0 0 0 0 0 2 0 5 0 0 0 0 0 3 210 120 438 90 66 120 228 483 0 191 177 27 118 95 302 105 288 115 183 139 0 0 0 6 0 4 2 6 0 3 7 1 8 0 0 0 12 1 96 0 0 0 0 0 0 0 0 0 0 0 0 0 0 0 0 0 0 0 0 0 0 0 0 0 0 0 0 1 0 0 0 1 0 0 12 0 12 0 10 0 1 41 46 43 0 0 17 10 32 39 53 12 2 7 10 8 9 14 8 0 0 0 0 0 0 0 0 0 0 4 0 3 0 23 27 3 3 11 8 0 20 0 4 0 0 0 0 0 0 0 0 0 0 0 0 0 0 0 0 0 0 0 0 0 0 0 0 0 0 0 0 1 0 0 0 0 0 0 0 0 0 20 10 0 8 7 0 9 16 0 13 13 0 26 1 10 0 28 11 0 5 17 0 0 0 0 0 14 0 0 3 0 37 0 0 0 10 3 0 10 0 0 0 0 0 0 0 0 0 0 0 0 0 0 0 0 0 0 0 1 0 0 69 64 0 3 3 66 2 0 0 0 0 0 0 3 0 0 0 0 0 0 0 0 1 0 0 0 0 0 
 0 2 2 0 3 2 6 4 0 0 0 2 0 0 0 1 0 0 0 0 0 0 3 0 0 0 0 0 0 0 0 0 0 0 0 2 0 0 0 4 87 25 185 308 119 67 68 44 191 0 209 108 45 162 86 179 100 98 133 79 50 0 0 0 0 0 5 2 0 0 3 3 8 0 0 0 0 6 10 51 0 0 0 0 0 0 0 0 0 0 0 0 0 0 0 0 0 0 0 0 0 0 0 0 0 0 0 0 0 0 0 0 0 0 0 0 0 0 19 0 0 1 67 0 7 0 0 0 39 28 14 36 0 7 0 19 3 28 0 0 0 0 0 0 0 0 11 0 0 0 0 4 23 40 0 0 11 1 0 17 0 0 7 0 0 0 0 0 0 0 0 0 0 0 5 0 0 0 0 0 0 0 0 0 0 0 0 0 13 0 0 0 0 0 0 0 0 20 0 0 6 14 31 5 10 15 0 19 22 28 64 0 0 13 0 2 0 14 0 0 0 0 0 0 0 3 5 0 0 0 0 0 14 0 0 0 0 0 1 13 0 0 17 0 0 0 0 1 0 0 0 3 0 0 0 0 1 0 0 13 0 0 0 0 4 7 0 1 0 0 0 0 0 0 0 0 0 0 0 0 0 0 0 0 0 0 0 1 2 0 
 0 0 0 0 0 0 0 6 0 0 0 0 0 0 0 0 0 0 0 0 8 3 0 0 0 0 0 0 5 9 2 0 8 5 5 1 7 0 0 17 141 25 339 201 291 97 31 160 177 209 0 170 104 107 64 66 194 88 88 60 0 0 3 0 0 0 0 0 14 0 0 0 1 1 0 0 52 0 24 0 0 0 0 0 0 0 0 0 0 0 0 0 0 0 0 0 0 0 0 0 0 0 2 0 8 0 0 0 0 0 0 7 0 11 0 0 6 0 0 6 0 0 14 18 2 0 0 7 5 52 54 0 0 0 19 1 28 8 0 0 0 0 0 0 0 0 0 0 0 0 0 0 22 0 0 11 0 0 11 10 0 0 4 66 0 0 0 0 0 0 0 0 0 0 0 0 0 0 0 0 0 0 0 1 0 0 7 7 5 0 6 7 0 0 3 5 0 6 0 0 7 0 17 9 32 31 18 0 59 0 5 30 0 0 0 0 0 13 0 21 0 9 0 0 0 0 7 19 0 0 0 0 10 0 0 0 0 0 17 69 0 0 7 0 0 0 0 0 0 0 0 0 0 0 0 0 0 0 0 9 0 0 65 1 18 11 0 3 0 0 0 0 0 0 0 0 0 0 0 0 0 4 0 0 10 0 0 1 0 0 
 0 0 0 0 2 0 0 6 0 0 0 0 0 0 2 0 0 0 0 0 0 0 0 0 1 0 0 0 0 0 0 0 4 0 0 1 9 0 2 0 171 97 108 160 119 59 79 25 27 108 170 0 28 186 17 23 73 298 124 54 27 1 0 0 0 0 0 0 55 0 4 0 0 3 0 0 33 0 14 0 0 0 0 0 0 0 3 0 0 0 0 0 0 0 0 0 0 0 0 0 0 0 0 0 0 0 0 0 0 0 0 0 0 0 0 0 0 0 0 0 0 7 24 3 17 0 0 0 0 0 0 45 0 7 0 0 3 0 0 0 0 0 0 0 0 0 0 14 0 0 1 3 10 0 19 0 26 14 0 0 0 0 0 0 4 0 0 0 0 0 0 0 0 0 0 7 17 0 0 0 0 0 0 0 0 0 0 0 0 0 0 0 0 0 0 0 20 0 0 0 7 14 16 13 7 15 5 19 37 20 27 0 0 13 0 0 1 14 0 0 1 0 12 25 0 0 11 0 0 0 11 0 24 10 0 7 0 0 1 15 0 0 0 0 0 0 0 0 0 0 0 0 0 0 0 0 1 0 0 34 0 0 0 0 0 10 1 64 0 0 0 0 1 0 0 0 0 0 0 0 0 0 0 0 0 0 0 1 2 0 
 1 0 0 0 0 0 64 0 1 1 0 0 0 0 2 1 0 0 0 0 0 0 0 99 65 64 0 0 65 0 84 83 0 0 6 33 0 0 0 0 118 109 179 147 52 20 515 162 118 45 104 28 0 158 139 84 127 20 217 129 0 0 0 207 0 7 0 4 0 4 10 0 2 0 48 0 14 0 0 3 0 0 0 0 0 0 0 6 0 0 0 0 0 0 0 0 0 0 0 0 0 0 0 9 13 19 0 0 0 2 0 0 0 0 0 0 0 13 0 0 10 8 19 15 0 14 34 5 42 4 22 0 13 13 0 9 0 37 2 30 7 0 0 0 0 0 0 0 0 13 0 4 0 6 0 12 4 21 22 0 0 0 8 0 0 0 0 0 0 0 0 0 24 0 0 0 0 0 0 0 0 0 0 0 1 8 0 0 0 0 0 8 0 0 0 0 0 0 0 0 0 33 13 0 0 0 1 7 21 0 21 14 1 7 42 20 14 0 7 14 39 0 0 0 0 0 0 0 0 0 4 0 0 0 0 0 0 4 0 10 0 0 0 0 0 0 0 0 0 0 0 13 0 0 0 0 0 0 0 0 0 0 2 65 0 4 2 0 2 0 0 0 0 0 0 4 0 0 0 0 0 0 2 0 0 1 0 0 2 0 
 1 3 0 0 0 0 0 0 56 0 2 0 0 0 0 0 0 0 0 0 0 2 0 70 4 66 0 0 0 0 3 4 1 1 0 3 1 0 0 5 610 158 100 366 147 51 78 118 95 162 107 186 158 0 171 28 40 397 160 158 0 0 3 0 0 0 0 0 5 0 0 0 1 0 0 0 0 0 0 0 0 0 0 0 0 0 0 0 0 0 0 0 0 0 0 0 0 0 0 0 3 4 4 5 0 11 3 0 5 2 3 0 0 0 0 3 4 3 0 0 29 19 1 7 2 9 13 0 6 1 0 1 13 59 21 0 10 10 0 0 0 0 0 0 0 0 0 0 0 0 0 0 14 1 0 6 9 0 0 0 0 0 0 0 0 0 0 0 0 0 0 4 0 0 0 0 0 0 0 0 0 0 3 5 34 4 0 0 3 0 6 0 0 0 4 0 0 0 0 0 35 37 12 22 0 6 27 12 37 11 12 0 22 36 1 14 14 1 6 0 0 0 0 0 0 0 0 0 0 0 0 0 0 0 6 0 0 0 0 0 0 0 5 0 0 0 0 0 0 0 0 5 0 2 0 0 0 0 0 1 0 0 0 0 65 2 0 1 2 0 0 0 0 0 0 0 0 0 0 0 0 4 0 0 0 0 0 0 0 0 
 0 0 35 0 0 0 3 65 0 0 0 0 0 4 0 0 0 0 0 0 0 0 0 2 28 0 0 0 0 0 0 136 0 0 1 25 7 0 0 3 107 201 157 82 54 45 200 348 302 86 64 17 139 171 0 147 104 472 123 187 0 13 3 14 0 1 0 5 3 0 0 2 2 0 0 0 49 0 0 0 0 0 0 0 0 0 0 0 0 0 0 0 0 0 0 0 0 0 0 0 3 8 0 22 1 1 4 0 17 8 8 9 0 0 0 6 0 7 0 0 18 35 10 0 0 13 11 9 23 0 0 11 49 14 11 11 8 6 0 0 11 0 0 0 0 0 0 0 0 0 0 0 0 3 0 4 0 0 0 0 0 0 0 0 0 0 0 0 0 0 0 1 0 0 5 0 0 0 0 0 0 4 2 0 0 22 0 0 0 0 0 8 0 0 0 0 2 0 0 0 18 43 0 0 0 0 13 16 13 9 0 0 12 28 31 55 32 0 7 13 0 0 0 0 0 0 0 0 0 0 0 0 0 0 0 0 0 0 0 0 0 23 0 0 0 0 0 0 0 31 0 10 0 2 0 0 0 0 0 0 0 0 2 3 0 0 0 0 0 0 0 0 0 53 0 0 0 0 0 1 0 0 0 0 0 6 0 0 0 0 
 0 2 0 0 5 0 6 0 13 0 0 0 0 2 0 0 0 0 0 0 2 2 2 2 2 145 2 2 2 2 2 2 2 2 2 2 2 2 2 2 45 73 45 112 51 128 106 312 105 179 66 23 84 28 147 0 110 42 36 191 2 22 7 0 0 0 9 0 3 1 0 0 9 7 3 11 5 20 24 0 0 0 0 0 0 0 0 0 0 0 0 0 0 0 0 0 0 0 0 0 0 0 0 0 0 0 0 0 0 0 0 12 0 0 0 0 0 0 0 0 30 36 28 40 0 9 11 10 36 18 51 1 7 11 13 27 0 20 0 0 0 6 9 9 0 0 6 0 0 2 0 0 31 25 0 4 0 0 0 28 0 0 0 0 0 15 0 0 0 0 0 0 0 0 0 0 0 0 0 0 0 0 0 0 0 0 0 0 0 0 0 0 0 0 0 0 0 0 0 0 0 5 11 12 0 0 0 1 0 12 3 0 11 10 0 36 3 24 9 5 0 0 0 2 6 0 0 0 7 0 0 22 25 0 0 4 9 0 0 1 0 0 0 0 0 0 0 0 0 13 0 1 0 0 0 0 0 0 0 0 0 0 0 0 2 27 0 65 0 0 7 0 0 0 0 0 0 0 0 0 0 0 0 0 0 0 0 0 0 0 
 1 2 2 12 4 2 4 12 3 0 13 6 1 2 2 0 6 3 1 9 2 1 1 2 1 282 2 1 1 0 0 0 2 2 8 1 5 1 0 2 30 298 123 335 60 545 38 43 288 100 194 73 127 40 104 110 0 52 50 90 0 0 0 0 0 0 0 0 0 0 0 1 1 0 0 0 0 0 0 0 20 0 6 9 13 2 0 10 0 0 0 0 0 0 0 5 6 0 0 0 0 0 0 0 0 0 0 0 0 0 0 0 0 0 0 0 0 0 0 0 13 39 43 0 0 10 25 0 31 1 0 0 19 16 2 19 0 52 0 0 20 0 36 0 0 0 1 0 0 0 0 0 18 0 0 25 0 0 0 47 0 0 18 0 0 0 15 5 0 0 3 10 0 0 9 20 11 0 0 0 0 0 0 0 0 0 0 0 0 0 0 0 0 0 0 0 0 0 0 1 0 9 9 9 22 0 0 0 0 9 19 8 11 8 11 10 0 0 0 0 0 0 0 0 0 0 7 0 0 0 0 0 33 1 0 0 13 0 24 14 0 0 0 0 0 0 0 0 0 2 0 27 0 0 0 0 0 1 0 0 0 22 0 0 2 5 1 2 0 0 0 0 0 0 0 0 0 0 0 0 0 0 0 0 7 0 0 13 0 0 
 0 0 0 36 1 0 6 0 2 0 68 36 0 4 0 0 0 0 0 2 1 0 3 0 1 5 0 0 1 0 1 0 0 62 0 1 2 0 0 4 165 137 295 54 248 54 93 34 115 98 88 298 20 397 472 42 52 0 301 87 54 0 0 67 3 0 0 0 10 0 0 2 0 0 0 0 4 0 6 54 0 0 0 0 0 0 0 0 0 0 0 7 0 0 0 0 0 0 0 0 0 0 0 0 0 0 0 0 0 0 6 0 0 3 26 0 0 0 0 0 0 25 65 19 14 0 0 0 0 0 20 22 0 1 1 16 10 0 0 0 1 0 0 0 3 7 0 0 0 0 25 33 0 0 0 0 8 1 0 0 0 0 0 0 0 1 0 0 0 0 0 0 0 0 0 0 0 0 0 0 0 1 0 0 0 0 13 25 0 0 0 0 0 10 0 0 0 0 0 31 25 14 49 25 0 0 1 21 32 19 56 0 0 13 0 0 0 21 0 0 0 0 1 0 0 2 4 0 0 6 0 0 10 0 10 0 0 0 0 22 0 0 0 0 0 0 0 0 0 9 0 0 0 1 0 0 1 0 0 2 0 2 0 2 0 5 0 64 0 0 0 0 0 0 0 0 5 0 0 0 0 3 0 0 0 0 0 0 0 0 
 0 0 0 0 0 0 0 1 0 0 2 0 0 0 0 0 0 0 0 0 0 3 1 20 55 0 1 0 0 1 0 124 0 1 0 2 62 18 2 2 131 319 53 414 90 43 145 153 183 133 88 124 217 160 123 36 50 301 0 160 3 2 1 0 0 0 0 0 13 3 0 0 1 6 0 0 2 0 4 0 0 0 0 0 0 0 0 0 0 0 0 0 0 0 0 0 0 0 0 0 0 0 10 14 1 8 0 1 0 7 1 9 0 0 0 0 1 11 0 0 11 0 0 13 14 0 0 16 39 9 11 9 26 0 13 0 1 0 0 0 15 0 0 0 0 3 14 4 3 0 0 0 0 0 2 0 2 0 11 0 0 1 1 0 0 0 0 0 0 0 0 0 0 0 0 5 0 0 0 0 6 0 10 0 1 11 0 0 0 1 0 25 0 0 0 0 0 10 0 0 6 0 0 26 0 0 10 1 12 0 1 10 0 16 17 22 12 0 0 32 0 0 0 0 0 0 0 0 0 0 0 0 1 0 6 7 0 0 0 0 0 0 0 0 0 2 0 0 0 0 0 0 0 1 0 0 2 63 0 1 0 0 0 15 3 0 0 1 0 0 0 0 0 0 0 0 0 1 0 0 0 0 0 0 0 0 0 0 0 0 
 0 2 0 0 0 0 0 0 0 0 4 0 0 0 0 0 0 0 1 0 0 13 0 0 22 67 0 62 0 0 0 62 2 0 1 7 0 0 2 1 407 204 164 62 67 268 185 216 139 79 60 54 129 158 187 191 90 87 160 0 0 0 3 5 0 6 0 9 3 0 8 0 2 0 0 0 5 0 1 0 0 0 0 0 0 0 0 0 0 0 0 0 0 0 0 0 0 0 0 0 0 0 0 0 0 0 0 0 0 0 0 0 0 0 0 0 0 1 0 0 58 22 45 18 0 6 14 0 12 10 22 31 9 16 26 24 6 7 0 0 0 0 0 0 1 0 0 0 0 0 0 8 1 5 0 7 7 9 0 0 0 0 0 0 0 0 0 0 0 0 0 0 0 0 0 0 0 0 0 0 0 0 0 0 0 0 0 0 0 0 0 0 0 0 0 0 0 14 0 0 7 46 2 0 0 0 9 30 10 9 1 0 8 35 23 23 24 19 70 0 0 0 0 0 0 0 0 0 0 3 8 0 0 0 16 0 0 8 0 0 0 0 0 0 0 0 0 0 0 0 0 0 0 0 0 0 0 0 0 0 0 0 1 71 0 2 19 0 0 0 0 0 0 0 0 3 0 0 0 0 0 0 0 0 0 6 0 0 2 0 
 0 0 0 0 0 8 0 0 0 0 0 0 0 0 0 0 0 2 0 0 7 3 0 4 0 0 0 0 0 0 0 6 0 4 8 0 4 0 0 0 0 0 0 0 3 2 3 0 0 50 0 27 0 0 0 2 0 54 3 0 0 159 399 61 32 24 130 109 39 129 42 52 121 169 113 55 93 58 49 84 0 0 0 0 5 4 0 0 0 0 0 0 0 0 0 0 0 0 0 0 0 4 0 0 0 0 0 0 2 0 3 0 2 0 0 4 8 0 0 0 0 0 0 0 3 0 0 0 0 0 0 19 0 0 0 0 0 0 0 0 9 16 0 15 0 0 0 2 0 9 8 4 6 24 13 1 1 13 0 0 0 0 0 0 0 0 0 0 13 0 0 0 0 0 0 0 0 0 0 3 0 3 0 0 0 0 0 0 0 3 4 2 4 1 4 0 0 0 0 5 0 0 0 0 0 0 0 0 0 0 19 0 0 0 0 0 0 0 0 0 7 29 57 0 31 0 25 26 9 0 32 0 14 36 0 33 0 12 19 39 0 0 0 12 0 0 0 0 0 0 0 0 0 1 5 0 20 0 0 0 0 0 0 0 0 0 0 0 0 0 23 0 54 4 0 0 0 0 0 0 0 0 0 0 0 1 0 0 0 0 
