 0 301 304 166 460 236 251 165 120 130 117 324 132 122 219 49 403 185 45 27 2 0 0 3 0 0 3 0 0 0 0 0 0 4 0 3 2 0 2 0 3 0 0 0 0 36 2 0 0 0 0 0 0 0 0 0 0 0 0 0 0 2 3 0 2 0 3 0 33 3 0 0 0 0 2 3 0 2 0 0 9 36 14 3 19 0 0 28 9 26 44 21 6 0 0 18 24 31 0 0 0 0 0 0 0 0 11 0 0 0 0 0 0 0 0 0 0 0 14 7 0 0 0 0 0 0 0 0 0 0 0 0 0 0 0 0 0 0 0 0 0 0 0 2 1 0 0 0 0 0 0 0 0 0 0 14 0 0 0 0 10 10 26 0 20 16 30 11 19 0 10 9 1 12 42 0 3 13 0 0 0 0 0 0 0 0 0 0 0 0 0 0 0 0 0 0 0 0 38 0 0 0 0 0 0 0 0 0 0 0 0 0 0 0 0 0 0 0 0 0 0 0 0 0 0 0 0 0 0 0 0 0 0 0 0 0 0 0 0 7 0 6 0 0 0 2 0 0 0 98 0 8 0 0 0 0 0 0 0 0 0 0 22 0 0 0 0 0 0 0 0 0 0 0 0 0 0 0 0 0 0 0 0 0 0 0 0 0 0 0 
 301 0 167 358 97 23 274 234 101 660 46 216 172 61 99 163 225 68 136 94 1 0 0 3 0 0 3 0 3 0 0 0 5 0 0 3 2 0 2 0 2 0 0 1 4 2 2 0 1 0 0 6 0 0 0 0 0 34 35 1 0 3 2 0 3 0 9 0 3 2 2 5 0 0 2 3 0 53 0 0 28 21 32 14 63 19 0 19 0 81 38 45 18 0 12 68 18 12 11 0 0 15 0 0 0 0 0 0 0 0 0 0 0 0 0 0 0 0 17 0 0 0 0 0 0 0 0 0 0 0 0 0 0 1 0 0 0 0 0 0 0 0 0 0 0 1 0 0 0 0 0 0 0 0 0 0 0 0 0 9 11 0 19 10 28 0 24 0 1 0 16 0 26 22 19 6 7 2 0 20 1 0 0 0 0 0 0 0 0 0 0 0 9 0 0 0 0 0 20 0 0 0 0 0 0 0 0 0 0 0 0 0 0 0 0 0 0 0 2 0 0 0 0 0 0 0 0 0 0 0 0 0 0 0 0 0 0 0 0 0 0 0 0 0 0 0 0 0 2 188 0 6 0 0 0 0 0 0 0 0 0 0 0 0 0 0 0 0 0 0 0 0 0 0 0 20 0 0 0 0 0 0 0 0 0 0 0 0 0 0 
 304 167 0 99 291 125 184 114 73 128 40 210 287 135 48 205 141 169 35 176 77 0 0 3 0 0 153 0 0 0 0 0 1 0 0 3 2 0 2 77 6 0 0 0 2 2 2 0 0 0 1 0 0 0 62 9 0 0 62 0 0 3 2 1 3 0 4 0 3 2 3 3 0 0 5 3 0 2 0 0 0 32 29 26 0 21 0 11 3 1 10 14 9 8 0 32 21 1 1 0 2 2 0 0 0 0 17 0 0 0 0 0 3 0 0 0 0 0 9 14 0 0 0 0 0 0 0 0 0 0 0 0 2 0 0 2 0 0 0 0 0 0 0 0 0 0 0 0 0 0 0 0 0 0 0 1 0 0 0 0 11 10 14 16 0 10 0 0 8 9 17 22 0 0 0 32 10 17 0 20 10 0 0 0 0 2 9 0 0 17 0 0 0 28 0 0 0 9 28 18 0 0 0 0 0 0 0 0 0 0 0 0 0 12 0 0 0 0 0 1 0 0 0 0 0 0 0 0 0 2 0 0 0 0 0 0 0 0 0 0 0 0 0 0 0 0 89 1 2 93 8 11 0 0 0 0 0 0 0 0 0 0 0 0 0 0 0 0 0 0 0 0 0 0 0 0 20 21 0 0 0 0 0 0 0 0 0 0 0 0 
 166 358 99 0 234 51 196 92 274 177 274 253 162 81 174 97 228 224 369 64 109 3 0 8 0 0 202 3 0 3 0 0 0 0 0 5 2 3 98 74 6 0 0 0 0 2 3 0 1 0 28 0 0 0 0 0 0 0 0 3 0 3 3 0 2 34 0 0 3 2 0 0 2 2 2 3 51 2 0 2 15 16 0 10 11 2 13 11 32 24 19 10 2 1 39 16 33 15 0 21 7 10 0 0 0 0 0 0 34 0 0 0 0 11 0 0 0 0 15 12 0 0 0 0 0 0 0 0 0 0 0 0 0 0 0 0 0 0 0 0 0 0 0 0 0 0 0 0 0 0 0 0 16 0 0 0 0 0 0 0 0 39 12 1 0 0 17 16 0 0 13 0 57 14 22 14 0 0 17 12 39 0 0 0 0 0 7 0 0 7 0 0 0 12 0 11 0 0 0 10 0 0 0 0 0 0 20 0 0 17 0 0 0 0 16 0 0 0 0 0 0 0 0 0 0 0 0 0 0 0 0 0 0 0 19 0 0 0 0 0 0 0 0 0 0 0 2 0 2 0 0 7 0 0 0 0 0 0 0 0 0 0 0 0 0 0 0 0 0 0 0 0 0 0 0 15 0 0 0 0 0 0 0 0 0 0 0 0 0 0 
 460 97 291 234 0 516 137 107 86 342 110 340 282 53 206 328 364 53 68 280 1 0 18 3 0 0 4 1 0 2 0 0 0 0 0 3 2 0 77 210 7 0 0 0 0 2 2 0 0 0 0 0 0 0 0 0 0 0 2 0 0 3 3 0 2 0 6 0 3 2 1 2 0 0 2 3 0 2 0 0 12 19 14 29 31 26 0 19 1 44 20 47 0 0 0 0 26 36 11 0 13 0 0 0 0 0 11 0 14 0 0 3 0 0 0 0 31 0 18 13 0 0 0 0 0 0 0 0 0 0 0 0 0 0 0 0 0 0 0 0 0 0 0 0 0 0 0 0 0 2 0 0 2 11 0 0 0 0 0 0 17 0 0 1 30 32 21 21 17 9 36 7 1 20 28 0 9 14 0 0 10 0 0 0 0 15 0 0 0 0 0 0 34 14 0 0 0 0 27 0 0 0 0 0 0 0 7 0 0 0 0 0 0 0 0 0 0 0 0 0 0 0 0 0 0 0 0 0 0 0 0 0 0 0 8 0 0 0 0 0 0 7 0 0 0 5 92 0 0 182 0 13 3 0 0 0 0 0 0 0 0 0 0 0 0 0 1 0 0 0 0 0 0 0 0 0 0 0 0 0 0 0 0 0 0 0 0 0 0 0 
 236 23 125 51 516 0 249 53 41 266 76 233 36 43 115 97 46 45 32 67 1 0 0 3 0 0 100 74 2 0 0 0 0 1 2 3 2 0 168 148 18 0 0 0 0 2 2 0 0 0 0 0 0 0 0 0 0 0 0 0 0 3 2 0 3 1 2 0 3 2 3 3 0 6 3 3 0 2 0 1 14 10 0 14 0 22 0 11 0 20 4 0 0 6 0 0 0 25 0 1 8 17 0 0 1 0 9 0 0 0 0 22 14 1 0 0 13 0 0 32 16 0 0 0 0 0 1 0 0 0 0 0 0 0 0 9 0 0 0 2 0 0 0 0 0 0 7 0 0 0 0 0 0 0 0 6 0 0 0 0 0 9 0 0 16 29 6 2 8 56 15 20 0 10 58 1 38 0 0 0 38 0 9 0 0 0 0 11 0 27 0 0 0 20 0 31 0 0 24 21 0 0 0 32 0 0 0 0 0 0 0 0 0 0 0 0 0 0 0 0 0 0 0 0 0 0 0 0 0 0 0 0 0 0 0 0 0 0 0 0 0 10 0 0 0 6 17 0 95 10 7 5 16 0 0 0 0 0 0 0 0 0 0 0 0 0 0 0 0 0 0 0 0 0 1 0 13 33 0 0 0 0 0 0 0 0 0 0 0 0 
 251 274 184 196 137 249 0 283 451 104 311 142 86 220 132 31 135 209 241 167 1 203 0 3 0 0 3 0 0 65 0 0 0 0 0 3 3 0 2 0 2 0 0 0 0 2 2 0 10 0 0 0 0 0 0 0 0 0 0 0 0 3 3 0 2 0 4 0 3 2 1 2 0 0 2 3 0 2 0 0 1 20 12 58 22 0 14 7 21 45 61 27 22 0 3 58 9 15 14 16 0 0 0 0 0 0 0 1 0 0 24 0 0 0 0 0 8 0 15 0 0 0 0 0 0 0 0 0 0 0 0 0 0 1 0 0 0 0 0 0 0 0 0 0 0 0 0 0 0 0 0 0 0 0 0 0 0 0 0 0 23 20 18 3 0 0 1 0 0 0 0 0 36 1 9 11 1 24 14 27 0 0 0 0 0 0 0 0 0 24 0 0 0 2 0 0 0 0 4 0 1 0 0 0 0 0 0 0 0 0 0 0 0 0 0 0 0 0 1 0 0 0 0 6 0 0 13 0 0 0 0 0 0 0 0 0 0 0 0 0 0 0 0 0 0 0 2 0 0 49 0 5 0 0 0 0 0 0 0 0 0 0 0 0 0 0 0 0 0 0 0 0 0 0 0 14 0 0 0 0 0 0 0 0 0 0 0 0 0 0 
 165 234 114 92 107 53 283 0 480 357 301 128 262 325 330 142 293 205 181 183 0 0 0 3 0 5 2 0 0 3 0 0 0 1 0 3 2 0 2 0 2 0 0 0 0 7 2 0 7 3 0 0 0 78 0 0 0 0 0 0 0 3 2 0 9 0 0 0 3 2 3 4 0 0 3 3 0 2 0 0 0 51 0 3 46 17 14 0 35 31 0 22 0 0 18 37 0 10 31 0 0 0 0 0 0 0 0 0 0 0 1 0 0 0 0 0 2 0 17 0 0 0 0 0 0 0 0 0 0 0 0 0 0 0 0 0 0 1 0 0 0 0 0 0 0 0 0 0 0 0 0 0 0 0 0 0 0 0 0 0 4 9 30 45 1 0 30 18 1 1 14 1 2 0 11 2 6 32 42 37 0 0 0 18 0 0 0 0 0 0 0 14 9 0 0 0 0 0 12 2 0 0 0 0 0 0 0 0 0 0 0 0 0 0 0 0 0 0 0 0 0 0 0 0 0 0 1 0 0 0 0 0 0 0 0 0 0 0 1 0 0 0 0 0 0 1 2 2 1 89 0 0 0 0 0 0 0 0 0 0 0 0 22 0 0 0 0 0 0 0 0 0 0 0 0 50 0 0 0 0 0 0 0 0 0 0 0 0 0 0 
 120 101 73 274 86 41 451 480 0 92 143 43 66 153 172 445 204 479 91 155 77 0 0 3 0 0 110 0 0 0 0 0 0 0 0 3 2 0 2 0 4 0 0 0 0 2 2 0 0 0 0 0 0 0 0 0 0 0 0 0 0 3 3 0 2 0 0 0 3 2 1 2 0 0 2 3 0 2 0 0 16 22 0 0 0 0 0 20 42 24 19 6 26 0 22 0 32 20 34 30 2 2 0 0 0 0 16 0 0 0 0 0 0 0 0 0 0 0 0 11 0 0 0 0 0 0 0 0 0 0 0 0 2 0 0 2 1 0 0 0 0 4 0 0 0 0 0 0 0 0 0 0 0 0 0 0 0 8 0 0 0 35 2 12 0 0 25 26 11 2 34 14 12 8 0 45 0 15 36 19 0 0 0 0 0 2 12 0 0 0 0 0 0 11 0 0 0 0 1 0 0 0 0 0 0 12 0 0 0 0 0 0 0 0 0 0 0 0 0 2 0 0 0 0 0 0 0 0 0 2 0 0 0 0 0 0 0 0 0 0 0 0 0 0 0 4 98 0 0 88 0 6 0 0 0 0 0 0 0 0 0 0 0 0 0 0 0 0 0 0 0 0 0 56 0 0 0 0 0 0 0 0 0 0 0 0 0 0 0 0 
 130 660 128 177 342 266 104 357 92 0 455 150 139 240 536 150 300 140 173 191 0 0 0 3 0 0 2 0 0 2 0 2 0 2 0 3 2 0 2 0 2 0 0 0 0 3 2 0 4 0 0 0 0 0 0 0 0 0 0 0 0 3 2 0 3 0 0 0 3 2 3 3 0 0 3 3 0 2 0 0 18 29 2 23 57 17 37 20 1 27 12 38 10 2 20 9 27 10 32 0 0 0 0 1 0 0 0 0 0 1 0 0 0 0 0 0 0 0 17 0 0 0 0 0 0 0 0 0 0 0 0 0 0 0 0 0 0 0 0 0 0 0 0 0 0 0 0 0 0 0 0 0 2 0 0 0 0 0 0 0 0 23 16 21 21 0 27 6 11 0 33 13 9 12 4 10 6 10 1 17 0 0 0 0 0 0 0 0 0 0 0 0 9 0 0 0 0 0 13 0 0 0 0 0 0 1 0 0 1 0 0 0 0 0 0 0 0 0 0 0 0 0 0 27 0 0 0 0 0 0 0 0 0 0 0 0 0 0 0 0 0 0 0 0 0 0 0 0 2 89 0 9 0 0 0 0 0 0 0 0 0 0 0 0 0 0 0 0 0 0 0 0 0 0 0 0 0 0 0 0 0 0 0 0 0 2 0 0 0 2 
 117 46 40 274 110 76 311 301 143 455 0 51 46 107 111 93 240 102 68 240 2 1 2 3 0 0 3 0 0 77 0 0 0 33 0 3 3 0 2 0 3 0 0 0 2 2 2 0 2 0 0 0 63 0 2 0 0 0 1 0 0 2 3 0 2 0 0 0 3 3 0 0 0 5 5 3 0 2 0 5 7 35 0 11 21 0 9 20 4 19 19 39 13 1 48 29 12 35 0 15 1 0 0 2 0 0 0 0 0 2 0 0 0 0 1 0 0 0 22 2 0 0 0 0 0 0 0 0 0 0 0 0 0 0 0 0 0 0 0 0 0 0 0 0 0 0 0 0 0 0 12 0 1 0 0 0 0 0 0 0 1 21 2 25 18 18 28 9 11 1 9 1 2 0 9 13 3 35 0 12 0 0 0 0 0 0 0 0 0 0 0 0 17 0 0 0 1 0 0 0 0 0 0 0 0 2 0 0 2 0 0 0 0 0 0 0 0 0 0 0 0 0 0 0 0 0 0 0 0 0 0 1 0 0 0 0 0 0 1 0 0 0 0 0 0 1 4 0 1 89 0 12 1 0 0 0 0 0 0 0 0 0 15 0 0 0 0 0 0 0 0 0 0 0 0 26 1 0 0 0 0 0 0 0 0 1 0 0 0 0 
 324 216 210 253 340 233 142 128 43 150 51 0 270 34 124 320 152 141 38 26 1 0 0 3 2 0 78 0 80 0 0 0 1 0 20 3 2 0 3 23 2 0 0 0 4 2 2 0 0 0 0 0 0 0 0 0 0 0 0 3 0 3 3 0 2 0 3 0 3 2 1 4 0 7 2 3 0 2 0 6 6 16 32 0 24 36 0 0 0 48 0 19 0 11 0 18 0 27 0 0 18 0 0 0 0 0 0 1 2 0 0 0 26 0 12 0 2 0 53 27 0 0 0 0 0 0 0 0 0 0 0 0 0 0 24 0 0 0 0 0 0 0 0 0 0 0 3 0 1 0 0 0 0 0 0 12 0 0 0 2 0 8 0 4 15 57 13 10 19 11 8 17 11 11 12 5 42 9 0 0 15 0 0 0 22 0 0 19 1 0 1 0 35 24 0 0 10 0 41 48 0 0 2 0 0 0 0 0 0 0 1 0 1 0 0 0 0 0 0 0 0 0 0 0 0 0 0 11 0 0 0 0 0 0 0 0 0 0 0 0 0 9 0 0 0 4 95 2 2 3 4 8 0 0 1 0 0 0 0 0 0 0 17 0 0 0 0 0 0 0 0 0 0 0 0 0 34 19 0 0 0 0 0 0 0 0 0 0 0 0 
 132 172 287 162 282 36 86 262 66 139 46 270 0 252 92 254 14 29 168 267 1 0 0 3 0 1 3 0 0 0 2 0 0 0 0 3 2 0 2 0 3 74 0 54 6 2 2 0 0 0 0 0 0 0 0 0 0 0 5 0 0 6 3 0 2 0 0 0 3 2 0 2 0 0 2 3 0 2 0 0 20 17 29 0 22 2 31 11 0 9 19 2 10 27 20 25 8 0 18 0 0 0 0 0 0 0 0 0 0 0 0 0 0 0 12 0 0 0 0 0 0 0 0 0 0 0 0 0 1 0 0 0 0 0 0 0 0 0 0 0 0 0 0 0 0 0 0 0 0 0 0 0 0 2 0 0 0 0 0 0 14 0 25 0 0 5 12 8 0 0 0 0 21 0 11 16 0 0 0 1 0 0 0 2 0 0 0 0 0 0 0 2 0 0 0 0 0 0 0 0 0 0 0 0 0 0 0 0 0 0 0 0 0 0 0 0 0 0 0 0 0 0 0 0 0 1 0 0 1 0 0 0 0 0 0 0 0 0 0 0 0 0 0 0 0 0 1 2 0 2 0 4 0 0 0 0 0 0 0 0 0 0 0 0 0 0 2 0 0 0 0 0 0 0 0 9 0 0 0 0 0 0 0 0 0 0 0 0 0 0 
 122 61 135 81 53 43 220 325 153 240 107 34 252 0 156 119 185 112 287 90 3 0 0 5 1 28 5 0 3 2 5 2 1 0 0 3 2 5 2 0 5 45 34 2 3 4 2 3 9 0 0 3 0 0 2 0 0 6 0 0 0 3 2 0 3 4 51 0 3 4 6 3 0 0 2 3 30 2 0 0 4 29 0 28 0 0 11 19 14 0 39 29 47 0 9 39 1 1 16 0 0 0 0 0 0 0 0 0 0 0 0 0 0 0 0 0 0 0 1 0 0 0 0 0 0 0 0 0 0 0 0 0 0 0 0 0 0 0 0 0 0 0 0 0 0 0 0 0 0 0 0 0 0 0 0 0 0 0 0 0 17 14 11 18 0 0 13 12 10 0 3 1 14 15 14 1 0 10 35 19 0 0 0 0 0 0 0 0 0 0 0 0 4 0 0 0 0 0 0 0 0 0 0 0 0 0 0 0 0 0 0 0 0 0 0 0 0 0 0 0 0 0 0 0 0 0 0 0 0 0 0 0 0 0 0 0 0 0 0 1 0 0 0 0 0 89 2 1 0 0 0 2 0 0 0 0 2 0 0 0 0 0 22 0 0 0 2 0 0 0 0 0 0 0 0 0 12 0 0 0 0 0 0 0 0 0 0 0 0 0 
 219 99 48 174 206 115 132 330 172 536 111 124 92 156 0 82 180 56 76 110 75 0 0 3 3 0 2 1 0 0 0 0 0 0 0 3 2 0 2 0 2 0 0 0 0 2 2 0 7 0 0 0 0 0 0 0 0 0 0 0 0 3 2 0 3 0 0 22 3 2 2 3 0 0 2 3 0 2 0 0 14 46 1 7 53 21 10 8 0 30 10 23 8 1 11 42 0 9 6 0 0 0 0 0 0 0 23 0 1 0 0 2 0 0 0 0 0 0 8 16 2 0 0 0 0 0 0 0 0 0 0 0 0 0 1 0 0 0 0 0 0 0 0 0 0 0 0 0 2 0 0 0 0 0 0 0 0 0 0 1 12 9 10 12 0 0 16 37 25 17 5 20 0 0 39 0 18 9 0 0 0 0 0 0 0 0 0 0 0 0 2 0 7 0 0 0 0 0 44 0 0 0 1 2 0 0 0 7 0 0 2 0 0 0 0 0 0 0 0 0 0 0 0 0 0 0 0 0 0 0 0 0 0 0 0 0 0 0 0 0 0 1 0 0 0 0 0 0 0 93 0 5 11 0 2 0 0 0 0 0 0 0 21 0 0 0 0 0 0 0 0 0 0 0 0 10 0 0 0 0 0 0 0 0 0 0 0 0 0 0 
 49 163 205 97 328 97 31 142 445 150 93 320 254 119 82 0 103 369 116 187 76 0 2 3 0 0 77 0 0 0 0 0 0 0 1 4 3 0 2 73 2 0 46 41 0 2 2 0 0 0 0 0 0 0 0 0 0 0 0 0 0 3 2 0 3 0 0 0 3 2 2 3 0 0 2 3 0 2 0 0 21 10 14 11 62 16 0 0 13 0 7 24 7 37 14 27 16 0 29 0 0 0 0 0 0 0 8 0 0 34 0 0 3 0 0 1 0 0 13 5 0 0 0 0 0 0 0 0 2 0 0 0 0 0 0 0 0 0 0 0 0 2 0 0 0 0 0 0 0 3 0 0 0 0 0 0 0 0 0 0 0 9 14 17 50 1 8 0 14 37 28 30 0 11 4 39 30 17 3 19 0 0 0 0 0 0 7 0 0 0 0 0 6 10 0 0 0 0 31 19 0 0 0 0 0 0 0 0 0 22 0 2 0 0 0 0 0 1 0 0 0 9 0 0 0 0 0 0 0 0 0 0 0 0 0 0 2 0 0 3 0 0 0 0 0 3 88 2 2 1 0 0 0 0 0 0 0 0 0 0 0 0 0 0 0 0 0 0 0 0 0 0 0 0 0 0 0 31 0 0 0 0 0 0 0 0 0 0 0 0 
 403 225 141 228 364 46 135 293 204 300 240 152 14 185 180 103 0 234 135 107 3 0 0 5 0 2 5 0 0 0 0 2 0 0 1 4 2 0 2 0 2 4 0 0 0 2 2 0 17 0 0 0 0 0 0 65 0 7 0 0 0 3 2 0 3 0 0 0 3 2 2 3 0 0 2 3 0 2 0 0 10 41 12 35 39 15 11 18 17 51 1 44 28 0 27 37 20 34 19 14 0 0 0 0 0 0 0 0 0 0 1 0 0 0 0 0 2 0 18 0 0 0 0 0 0 0 0 1 0 0 0 0 0 0 0 0 0 1 0 0 0 15 0 0 0 0 0 0 0 0 0 0 0 0 0 0 0 1 0 0 0 48 17 12 4 0 24 6 11 0 18 1 84 16 24 3 8 19 0 29 0 0 0 15 0 0 0 0 0 0 0 42 14 0 0 0 0 0 10 2 0 20 0 0 0 0 0 0 0 0 0 0 0 0 0 0 0 0 0 0 0 0 0 0 0 0 1 0 0 0 0 0 0 0 0 0 0 0 1 9 0 0 0 0 0 0 0 0 0 86 0 5 2 0 0 0 0 0 0 0 75 0 13 0 0 0 0 0 0 0 0 0 0 0 0 15 0 0 0 0 0 0 0 0 0 0 0 0 0 0 
 185 68 169 224 53 45 209 205 479 140 102 141 29 112 56 369 234 0 221 131 73 0 0 3 0 0 74 0 0 1 0 73 0 4 0 3 2 0 2 0 2 0 0 0 7 2 2 0 0 0 0 0 0 0 0 66 0 0 0 0 0 3 2 0 3 0 5 0 3 2 3 3 0 0 2 3 0 2 0 0 1 0 0 13 25 0 0 30 48 19 34 19 21 0 13 25 7 40 40 10 3 0 0 0 0 0 9 0 0 0 0 0 0 0 0 0 0 0 0 0 0 0 0 0 0 3 2 0 0 0 1 0 0 2 0 0 0 13 0 0 0 0 0 0 2 0 1 0 0 0 0 0 0 0 0 0 0 0 0 0 0 14 3 0 0 32 17 0 1 13 35 0 31 0 12 30 0 14 42 68 0 0 0 0 0 0 7 0 0 0 0 0 2 9 0 2 0 0 0 0 0 0 0 0 0 0 0 2 0 0 0 0 0 3 0 0 0 0 0 9 0 0 0 0 58 0 0 0 0 0 0 0 11 0 0 0 4 0 0 0 0 1 0 0 0 3 86 0 3 0 2 7 0 0 0 0 0 0 0 0 0 0 0 0 0 0 0 0 0 0 0 0 0 0 0 10 15 0 0 0 0 0 0 0 0 0 0 0 0 0 
 45 136 35 369 68 32 241 181 91 173 68 38 168 287 76 116 135 221 0 81 1 0 0 3 2 0 3 0 2 0 0 0 2 0 75 3 2 0 2 0 2 0 0 0 0 2 2 0 12 0 0 0 0 0 0 0 0 0 0 0 0 3 2 0 3 6 0 0 3 2 2 7 0 0 2 3 0 2 0 0 0 15 0 4 0 0 9 0 17 0 18 14 11 0 30 9 0 0 33 29 0 0 0 0 0 8 1 0 0 0 2 0 0 0 0 0 0 0 0 0 0 17 0 0 0 0 1 0 1 1 0 0 1 2 0 0 2 2 15 0 0 0 0 0 0 1 0 0 0 0 0 0 0 0 0 0 0 0 0 0 0 30 18 10 0 0 9 21 6 0 52 1 6 0 7 0 0 19 21 0 0 0 0 0 2 0 0 0 1 0 0 0 0 0 1 0 0 1 0 0 0 0 1 2 0 0 0 0 0 0 0 0 1 0 1 0 0 0 1 0 0 0 0 0 0 0 0 0 0 0 0 0 0 0 0 0 0 0 0 0 0 0 0 0 0 1 0 0 0 0 1 18 0 0 0 0 0 0 0 0 0 0 20 0 0 1 0 0 0 0 0 0 0 0 0 0 0 0 0 0 0 0 0 0 0 0 0 1 0 0 
 27 94 176 64 280 67 167 183 155 191 240 26 267 90 110 187 107 131 81 0 1 0 1 3 0 0 3 0 0 0 0 0 0 0 0 78 75 0 2 0 2 0 0 0 0 2 2 0 0 0 0 0 0 0 0 0 0 1 0 0 46 3 3 0 2 0 4 0 3 2 1 2 0 0 2 3 0 2 0 0 0 26 16 11 0 0 19 21 58 10 10 6 19 0 0 24 0 18 2 35 0 0 1 0 0 0 0 0 0 0 0 0 0 0 0 0 0 0 15 0 0 0 0 0 0 0 15 0 0 0 0 1 0 0 0 0 0 0 13 0 0 0 23 0 0 0 0 4 0 0 0 0 0 0 0 0 0 0 0 0 24 22 11 0 0 5 0 0 0 0 1 0 17 15 0 13 0 33 41 46 0 0 0 1 0 0 0 0 0 0 0 1 0 0 0 0 0 0 0 0 0 0 0 0 0 0 0 0 0 0 0 0 0 0 0 0 0 0 0 0 0 0 0 0 0 0 0 0 2 0 0 0 0 0 0 0 0 28 1 0 0 0 0 0 0 0 4 0 0 95 0 5 0 0 0 0 0 2 0 0 0 0 0 0 0 0 0 0 0 0 0 0 0 0 0 0 13 0 0 0 0 0 0 0 0 0 0 0 0 0 
 2 1 77 109 1 1 1 0 77 0 2 1 1 3 75 76 3 73 1 1 0 152 110 55 32 237 207 139 87 38 37 42 143 54 195 46 204 39 259 182 0 202 2 0 202 0 1 3 64 2 0 0 0 0 3 2 0 3 0 2 0 0 0 0 0 33 0 52 0 0 29 0 0 0 3 0 3 0 0 0 0 0 0 0 0 0 0 0 28 0 16 0 0 0 0 0 0 0 0 0 11 22 11 11 10 0 45 13 16 0 9 7 7 30 15 3 0 0 16 35 0 0 0 0 0 0 0 0 0 0 0 0 25 0 0 0 0 0 0 0 0 0 0 0 0 0 0 0 0 0 0 0 11 0 0 0 0 0 0 0 0 0 0 0 0 27 0 0 0 18 0 0 0 0 1 6 0 0 0 0 78 12 10 0 0 18 20 22 19 18 41 9 2 32 14 61 0 8 0 12 0 0 0 0 0 0 14 0 0 12 0 0 0 0 12 0 0 0 0 2 0 0 0 0 0 0 0 0 0 0 0 0 0 0 0 0 0 0 0 0 0 0 0 0 0 0 0 0 86 0 0 0 0 0 8 0 0 0 0 3 3 0 0 0 0 0 21 0 0 0 0 0 0 0 0 0 0 0 0 0 0 0 0 0 0 0 0 0 0 0 
 0 0 0 3 0 0 203 0 0 0 1 0 0 0 0 0 0 0 0 0 152 0 244 201 147 114 177 413 57 110 32 254 381 209 142 265 106 415 248 354 0 0 5 2 0 0 0 7 4 0 0 0 0 0 4 2 0 45 66 2 0 0 0 0 0 3 0 2 0 3 3 0 0 0 1 0 3 0 0 0 0 0 0 0 11 21 0 0 0 0 0 0 0 0 0 0 10 0 0 0 16 46 69 80 22 10 1 26 0 9 1 0 105 28 24 10 14 95 10 16 0 0 0 0 0 0 22 0 1 0 0 0 15 0 0 0 0 0 11 0 0 0 0 0 0 0 0 0 0 0 0 0 0 0 0 0 0 0 0 0 0 0 0 0 0 4 0 0 2 10 0 0 0 0 2 0 0 0 0 0 10 35 40 17 0 12 0 0 36 16 18 44 0 0 11 12 19 0 8 12 0 0 0 3 0 0 0 0 0 0 0 0 0 1 0 0 0 0 2 22 0 2 0 0 0 0 0 0 17 2 0 0 0 0 0 0 0 0 1 0 0 0 0 0 0 0 0 0 79 0 0 0 0 1 4 0 0 42 2 0 24 38 1 0 0 0 0 0 0 0 0 0 0 0 0 0 0 2 0 0 0 5 0 0 0 0 15 0 0 0 
 0 0 0 0 18 0 0 0 0 0 2 0 0 0 0 2 0 0 0 1 110 244 0 201 360 29 153 167 151 116 45 221 158 204 152 154 213 119 305 42 0 232 0 0 205 0 0 3 209 122 0 14 0 0 3 2 0 38 0 2 0 0 2 0 0 4 0 2 0 0 3 0 0 0 3 0 3 0 0 0 0 0 0 0 4 3 0 0 0 0 0 0 0 0 0 0 0 0 0 0 21 23 50 34 0 12 8 23 30 24 17 7 35 1 25 42 30 5 21 1 0 0 0 0 0 0 0 0 0 0 0 0 1 0 0 0 0 0 12 2 0 0 0 0 0 0 0 0 0 4 0 0 0 0 0 0 0 0 0 0 0 0 0 0 0 10 0 0 0 1 0 0 0 0 1 1 0 0 0 0 0 4 9 12 26 0 7 1 6 11 23 9 29 32 58 11 9 1 0 0 0 0 0 0 0 0 0 0 0 0 0 0 0 0 0 0 2 0 0 0 0 0 0 0 0 0 2 0 0 0 0 0 0 0 0 17 0 0 0 0 0 0 0 0 0 0 0 0 0 0 0 0 0 0 2 1 0 0 5 2 10 0 0 2 0 0 0 0 0 0 0 0 0 0 0 0 0 0 0 7 0 15 0 0 0 8 13 0 0 0 
 3 3 3 8 3 3 3 3 3 3 3 3 3 5 3 3 5 3 3 3 55 201 201 0 120 216 94 194 166 115 247 150 166 298 65 417 104 62 164 142 63 63 5 0 0 0 57 73 3 0 2 3 63 57 275 0 0 11 0 159 53 0 0 0 0 5 0 2 0 0 3 0 0 0 38 0 3 0 0 35 0 0 0 0 17 5 0 0 0 0 0 0 0 0 0 0 0 0 0 0 0 0 0 0 0 0 0 9 8 10 8 9 43 13 9 0 13 56 0 0 0 14 22 0 0 0 20 25 3 0 0 0 11 18 9 35 9 0 6 72 1 0 1 0 0 0 0 0 2 0 0 0 0 0 0 0 0 0 9 0 0 0 0 0 0 0 0 0 0 0 0 0 0 0 2 0 0 0 0 0 0 65 14 49 39 28 1 0 0 0 0 29 0 0 6 0 0 11 5 0 41 0 0 1 0 0 0 0 0 1 0 0 15 5 0 1 0 0 35 17 0 0 0 0 0 0 0 0 0 0 0 0 0 0 0 0 0 0 0 0 0 0 0 0 0 0 0 0 0 0 0 0 0 0 13 0 0 79 89 0 4 0 0 0 0 0 0 0 0 0 0 0 0 0 0 0 0 0 0 0 0 53 0 0 11 0 0 0 0 13 
 0 0 0 0 0 0 0 0 0 0 0 2 0 1 3 0 0 0 2 0 32 147 360 120 0 217 87 131 98 83 195 153 83 144 149 264 42 114 68 57 0 0 0 2 0 0 0 7 4 1 43 0 5 0 62 0 0 6 68 65 0 0 0 0 0 5 0 8 0 2 3 0 0 0 3 0 3 0 0 0 0 0 0 0 0 0 0 0 0 0 0 0 0 0 0 0 0 0 1 0 17 11 9 33 40 17 1 21 18 41 44 17 2 4 44 34 0 6 0 0 16 1 0 2 0 0 18 19 0 1 0 0 18 0 0 0 0 0 0 16 6 0 0 0 0 0 0 11 0 0 0 0 0 1 0 0 0 0 0 0 0 2 0 0 0 0 0 0 16 0 0 0 0 0 2 0 0 0 0 0 0 0 8 30 9 3 1 0 10 10 1 22 0 0 21 1 11 10 0 0 0 1 0 5 0 0 2 0 11 7 0 0 36 1 2 0 0 0 17 19 0 0 0 0 0 0 0 0 0 0 0 0 0 0 0 0 0 0 0 0 0 0 0 0 0 1 0 0 0 0 0 0 0 0 2 2 1 225 0 0 69 1 0 0 0 0 0 0 0 0 0 0 0 0 0 0 0 0 0 0 0 0 0 0 0 0 0 0 0 0 
 0 0 0 0 0 0 0 5 0 0 0 0 1 28 0 0 2 0 0 0 237 114 29 216 217 0 239 117 92 69 182 139 48 48 52 228 148 122 254 43 1 1 0 1 1 0 3 4 64 0 1 0 5 5 3 0 1 3 0 2 0 0 0 0 2 2 0 2 0 0 6 0 0 0 2 0 48 0 1 0 0 0 0 0 0 0 0 0 0 0 0 0 0 0 0 4 0 0 0 2 0 0 9 0 3 6 0 0 20 0 8 9 0 0 0 22 0 19 0 0 71 0 10 9 13 0 18 37 0 0 12 0 20 6 0 0 0 0 26 58 0 0 0 0 0 2 0 0 0 0 0 1 0 0 0 0 0 0 0 0 0 0 0 0 0 0 0 0 0 0 0 0 14 0 0 0 0 4 0 0 0 10 30 8 12 16 0 12 12 0 10 43 0 0 0 0 28 17 0 0 0 0 8 0 1 0 33 13 15 2 0 0 16 14 0 28 0 9 11 43 0 0 0 0 0 0 0 0 0 0 0 0 0 0 0 0 1 0 1 0 0 0 16 0 0 73 0 0 0 0 0 1 0 0 5 0 0 5 0 1 4 13 0 62 0 12 0 0 0 0 0 0 0 0 0 0 0 0 0 0 0 9 0 0 0 0 0 0 0 0 
 3 3 153 202 4 100 3 2 110 2 3 78 3 5 2 77 5 74 3 3 207 177 153 94 87 239 0 326 90 34 37 139 190 129 285 118 235 183 187 327 0 2 0 0 0 1 0 3 2 1 0 0 0 0 3 0 1 3 0 2 0 0 0 0 0 64 0 2 0 0 3 63 0 3 4 0 3 0 0 2 0 0 0 6 1 29 0 0 13 0 1 0 0 0 0 0 0 0 0 2 19 13 0 14 0 0 21 0 25 4 0 0 1 16 14 0 2 9 8 15 0 0 0 0 0 0 22 0 0 0 0 0 0 0 1 0 0 0 0 0 0 0 0 0 0 2 0 0 0 21 14 1 0 0 0 0 0 0 0 0 0 0 0 0 0 19 0 0 0 34 0 0 1 0 1 6 0 0 0 0 62 0 19 19 21 0 8 0 14 34 0 1 0 88 0 11 13 0 25 50 0 0 0 0 0 0 17 0 0 0 0 0 0 0 24 0 0 0 0 0 0 0 0 0 0 0 0 0 0 0 0 0 0 0 0 0 1 0 0 0 0 0 2 0 0 0 0 0 75 0 14 0 0 0 12 2 0 76 1 2 4 12 0 0 0 0 0 0 0 0 0 0 0 0 0 0 48 11 0 0 0 0 0 0 0 0 0 0 0 0 
 0 0 0 3 1 74 0 0 0 0 0 0 0 0 1 0 0 0 0 0 139 413 167 194 131 117 326 0 102 291 253 330 132 63 53 57 33 88 150 343 0 0 14 0 0 0 0 3 2 0 0 19 0 0 3 0 0 18 0 2 0 0 0 0 0 3 0 2 0 0 8 0 0 0 31 0 3 0 0 0 0 0 0 0 0 0 0 0 0 0 0 0 0 0 0 0 2 0 0 0 10 27 10 11 18 56 10 26 0 0 32 25 18 6 22 42 20 0 0 0 1 0 0 1 0 1 26 1 0 0 0 0 0 0 0 0 0 0 9 0 0 0 0 0 0 0 0 0 0 0 0 0 0 0 0 0 0 0 0 1 3 9 0 0 0 0 0 0 0 0 0 0 0 0 2 0 0 0 0 16 1 20 23 27 1 14 17 14 6 10 13 0 0 0 17 15 6 0 0 0 0 0 0 0 0 0 11 0 0 13 0 0 25 16 0 0 0 0 0 18 0 0 0 0 0 0 0 2 0 2 0 0 0 0 0 0 0 0 0 0 0 0 0 0 0 0 0 0 0 0 0 0 0 0 7 0 2 119 44 2 3 13 0 0 0 0 8 0 0 0 0 0 0 0 0 0 0 0 0 0 0 20 0 0 0 0 0 0 0 0 
 0 3 0 0 0 2 0 0 0 0 0 80 0 3 0 0 0 0 2 0 87 57 151 166 98 92 90 102 0 107 57 22 290 183 249 195 210 186 100 70 0 5 0 0 0 0 0 3 2 1 2 2 0 1 3 4 0 3 62 7 0 0 0 0 0 5 4 5 0 0 3 0 0 54 3 0 3 0 0 2 0 0 0 0 0 13 5 0 0 0 0 4 0 0 0 0 0 0 2 0 36 20 1 39 10 0 19 20 20 19 25 2 2 6 19 1 10 28 21 0 0 9 4 0 0 0 11 21 0 0 0 0 28 23 0 0 0 1 10 32 0 0 0 0 0 0 0 0 0 0 0 0 0 0 0 0 0 0 0 0 0 1 0 0 0 10 0 0 0 0 0 0 0 0 2 0 0 0 0 0 0 17 20 25 51 32 27 54 50 40 35 22 1 26 27 0 37 43 0 21 0 1 0 1 0 0 2 0 2 0 0 0 0 21 1 9 0 0 0 11 0 0 0 0 0 0 8 0 0 0 0 0 0 0 0 0 0 0 0 0 0 0 33 0 0 0 0 0 0 0 0 0 0 0 1 0 0 0 43 2 0 0 0 0 0 0 0 0 0 0 0 0 0 0 0 0 1 0 0 0 0 0 0 0 0 0 0 0 0 0 
 0 0 0 3 2 0 65 3 0 2 77 0 0 2 0 0 0 1 0 0 38 110 116 115 83 69 34 291 107 0 87 53 147 268 121 323 77 252 202 93 0 0 2 0 0 0 0 5 2 0 2 23 1 0 4 0 3 3 0 2 5 0 0 0 2 8 1 3 0 0 3 2 0 0 7 0 11 2 0 1 0 0 0 0 0 0 0 0 0 0 0 0 0 0 0 0 0 21 0 0 23 13 0 30 3 27 17 21 0 20 32 13 0 0 33 14 15 13 0 15 0 0 0 0 0 0 0 0 0 0 0 0 0 1 0 0 0 0 7 23 0 0 0 0 17 0 21 0 0 0 0 0 0 0 0 0 0 0 0 0 0 0 0 12 0 0 1 0 0 17 0 16 0 0 3 0 16 23 0 3 0 12 13 11 7 1 8 43 43 6 2 0 0 0 20 0 32 16 0 0 0 0 0 0 0 0 25 0 0 1 0 0 33 11 0 0 0 1 0 23 0 0 0 0 0 0 0 0 0 0 0 0 0 0 0 0 0 0 0 0 0 0 0 0 0 1 0 0 0 0 0 0 7 0 4 0 3 80 77 0 0 12 0 0 0 0 0 0 0 0 0 0 0 0 0 78 0 0 0 0 0 19 0 0 0 0 0 0 0 0 
 0 0 0 0 0 0 0 0 0 0 0 0 2 5 0 0 0 0 0 0 37 32 45 247 195 182 37 253 57 87 0 141 71 22 78 232 178 80 134 62 61 61 1 0 0 0 25 66 2 0 1 0 67 120 27 62 0 3 6 196 0 0 0 0 0 8 0 2 0 0 3 0 0 0 3 0 3 0 0 0 0 0 0 0 0 0 0 0 1 0 0 1 0 0 12 0 0 0 8 0 0 0 0 2 3 1 0 0 19 11 12 15 0 1 0 10 19 63 0 0 17 4 19 0 0 0 28 40 3 1 2 0 22 13 10 10 7 30 0 70 0 0 1 0 0 0 4 0 0 0 0 0 0 0 0 0 0 0 7 0 0 0 0 0 0 17 0 0 0 0 0 0 0 0 2 0 2 0 0 0 0 1 0 32 16 23 0 0 0 0 17 37 0 2 0 0 14 9 0 0 58 0 0 15 3 0 0 6 15 15 0 1 33 13 0 18 0 0 64 27 0 0 0 0 0 0 0 0 0 0 0 6 0 0 0 0 0 0 0 0 0 0 14 0 0 0 0 0 0 1 0 0 0 1 0 0 0 74 0 0 0 0 0 0 0 0 0 0 0 0 0 9 2 0 0 0 0 0 0 0 0 0 0 0 0 0 0 0 0 0 
 0 0 0 0 0 0 0 0 0 2 0 0 0 2 0 0 2 73 0 0 42 254 221 150 153 139 139 330 22 53 141 0 58 60 64 131 117 94 41 132 0 1 1 0 0 0 0 3 2 0 4 0 54 61 5 5 0 3 0 29 0 0 0 0 0 3 0 2 0 0 13 0 0 0 52 0 3 0 0 0 0 0 0 0 0 0 0 0 0 2 0 0 0 0 0 20 0 0 0 0 1 0 11 0 11 0 14 18 8 16 38 0 0 0 32 24 2 2 0 0 0 29 1 0 0 0 0 0 9 3 0 0 0 0 0 7 0 0 0 12 9 0 0 2 0 0 0 0 0 0 0 0 0 0 0 0 0 0 8 0 0 0 0 2 0 0 0 0 0 10 0 0 0 0 2 0 0 0 0 0 10 1 21 0 26 25 15 14 0 0 0 32 19 0 39 20 11 10 0 0 0 6 24 0 20 0 0 0 0 41 0 0 23 0 0 1 0 1 17 0 0 0 0 0 0 0 0 0 0 0 0 0 0 0 0 0 0 0 0 0 0 0 0 0 0 1 0 0 0 0 0 0 0 0 2 2 8 2 1 0 13 0 0 0 0 0 18 0 0 0 0 0 0 0 0 0 0 0 0 0 0 0 0 0 0 1 0 0 0 0 
 0 5 1 0 0 0 0 0 0 0 0 1 0 1 0 0 0 0 2 0 143 381 158 166 83 48 190 132 290 147 71 58 0 77 151 124 40 311 389 63 0 0 29 0 14 0 0 3 2 62 1 4 0 0 3 0 0 4 0 3 0 0 0 0 0 3 0 2 0 0 3 0 0 0 3 0 3 0 0 0 0 0 0 0 0 2 0 0 0 0 1 0 2 0 0 0 0 0 0 0 38 43 31 24 8 11 22 28 0 0 36 10 41 18 24 10 37 7 18 24 0 0 0 0 0 0 0 0 11 2 0 0 0 0 0 0 0 1 10 10 0 0 0 0 0 0 1 0 0 5 0 0 0 0 0 0 0 0 0 0 0 0 0 1 0 0 0 0 0 8 0 0 0 0 2 0 0 0 0 0 0 33 36 11 31 0 36 14 21 13 28 1 18 29 42 20 8 29 1 0 0 0 0 0 0 0 0 0 0 0 0 0 0 0 0 13 0 0 0 0 0 0 0 0 0 0 0 0 2 0 0 0 1 0 0 0 0 0 0 0 0 0 0 0 0 0 0 0 74 0 1 0 75 0 5 2 2 0 9 1 0 1 0 0 0 0 0 0 0 0 0 0 0 0 0 0 0 0 0 0 0 12 0 0 0 0 15 0 0 0 
 4 0 0 0 0 1 0 1 0 2 33 0 0 0 0 0 0 4 0 0 54 209 204 298 144 48 129 63 183 268 22 60 77 0 270 47 129 71 94 370 0 0 0 0 0 3 0 3 2 1 0 3 0 1 3 0 0 3 0 3 0 0 0 0 0 4 0 2 0 0 3 0 0 5 7 0 3 0 0 11 11 0 0 0 12 0 0 0 0 1 0 7 0 0 0 0 0 18 0 0 0 0 20 27 12 14 13 17 10 35 40 0 0 0 31 11 1 0 21 0 0 6 0 0 2 0 7 0 0 0 0 0 0 0 0 0 0 0 0 20 0 0 0 0 0 0 0 0 0 0 0 21 0 0 0 0 0 0 0 0 0 0 0 58 17 21 0 0 1 0 0 0 0 0 3 0 0 2 0 0 0 0 26 47 0 0 13 23 14 35 0 20 20 1 32 0 14 12 0 0 0 0 12 0 0 0 10 0 0 17 0 0 12 0 0 0 0 0 0 0 0 0 13 0 0 0 0 0 0 0 0 0 0 0 0 0 0 0 0 0 0 0 0 0 0 1 0 0 0 0 0 0 0 0 1 0 2 107 2 0 8 1 0 0 0 0 0 0 0 0 0 0 0 0 0 11 0 0 0 0 0 0 0 0 0 0 0 0 0 0 
 0 0 0 0 0 2 0 0 0 0 0 20 0 0 0 1 1 0 75 0 195 142 152 65 149 52 285 53 249 121 78 64 151 270 0 178 108 255 98 87 0 0 0 0 0 0 0 5 2 1 0 3 0 0 3 0 0 3 0 2 0 0 0 3 0 3 40 2 0 0 3 0 1 5 2 1 3 0 0 6 0 0 0 0 24 0 0 0 0 0 0 9 0 0 0 0 0 0 0 0 35 18 26 50 10 0 11 1 25 45 32 2 18 28 42 9 10 0 19 17 0 0 0 0 0 0 0 0 0 0 0 0 1 0 0 0 0 0 0 14 0 0 0 0 0 0 0 0 0 1 0 0 0 0 0 0 0 2 0 0 0 0 0 0 14 20 0 0 0 0 0 0 0 0 2 0 0 0 0 0 0 19 21 0 26 21 19 41 42 4 9 20 41 10 11 2 55 30 1 11 2 2 0 0 0 0 4 0 1 0 0 0 8 0 0 0 0 0 0 0 0 0 0 0 0 0 0 0 0 0 0 0 0 0 0 0 0 0 0 0 0 0 18 0 0 0 0 0 0 0 1 0 0 0 14 2 0 2 1 2 10 1 0 0 0 0 0 0 0 0 0 0 0 0 0 0 2 0 0 8 0 0 0 0 0 9 0 0 0 0 
 3 3 3 5 3 3 3 3 3 3 3 3 3 3 3 4 4 3 3 78 46 265 154 417 264 228 118 57 195 323 232 131 124 47 178 0 288 24 489 58 0 0 0 0 0 0 0 3 2 2 0 0 3 1 3 2 0 3 0 2 0 0 0 6 0 3 0 2 0 0 3 3 0 47 2 0 3 0 0 0 0 0 0 0 0 0 0 0 0 0 0 0 0 0 0 0 0 0 0 0 0 6 25 12 16 1 16 0 40 10 31 9 0 9 31 36 1 19 15 0 13 0 0 0 0 0 8 45 0 0 0 0 34 0 0 0 0 1 10 33 0 0 0 0 0 0 0 0 0 0 0 0 0 0 0 0 10 0 0 0 0 0 0 0 0 11 0 0 0 0 0 0 0 0 2 2 0 1 0 0 0 21 28 17 11 41 18 32 15 11 25 39 1 13 23 0 13 31 0 0 0 0 0 0 0 0 3 0 12 0 0 0 0 19 0 13 1 0 11 23 0 0 0 0 0 0 4 0 0 0 0 0 0 0 0 0 0 0 0 0 0 0 12 0 0 1 0 0 0 0 0 0 0 0 5 1 2 3 1 0 9 1 0 0 0 0 0 0 0 0 0 0 0 0 0 0 0 0 0 0 0 0 0 0 0 0 0 0 0 0 
 2 2 2 2 2 2 3 2 2 2 3 2 2 2 2 3 2 2 2 75 204 106 213 104 42 148 235 33 210 77 178 117 40 129 108 288 0 130 632 44 0 0 0 0 0 0 0 3 2 63 0 1 0 0 65 0 0 4 0 8 0 0 0 0 0 4 0 2 0 0 3 0 0 0 3 0 3 0 0 0 0 0 0 0 1 0 0 0 0 0 0 0 0 0 0 0 0 0 13 0 1 34 27 34 11 0 8 14 17 40 34 23 13 15 23 17 6 12 18 0 0 13 35 0 0 0 10 7 0 0 0 0 8 27 0 0 7 0 0 18 0 0 0 0 0 3 0 0 0 2 0 0 0 0 0 0 0 0 0 0 0 0 0 0 0 0 0 0 0 0 0 0 0 0 2 0 0 0 0 0 32 9 14 35 12 33 29 47 24 14 43 28 28 19 28 12 15 48 0 0 40 0 0 0 0 0 2 0 0 0 0 0 0 0 0 11 0 0 3 10 0 0 9 0 0 0 0 0 0 0 0 0 0 0 0 0 2 0 0 0 0 0 16 0 0 0 0 0 0 0 0 0 0 0 0 0 0 1 3 0 10 0 0 0 0 0 1 0 0 0 0 0 0 0 0 0 0 0 0 0 0 1 0 0 0 0 10 0 0 0 
 0 0 0 3 0 0 0 0 0 0 0 0 0 5 0 0 0 0 0 0 39 415 119 62 114 122 183 88 186 252 80 94 311 71 255 24 130 0 123 96 3 3 3 0 0 0 0 6 2 0 5 8 0 0 3 0 0 4 0 2 0 0 0 0 0 6 0 2 0 0 3 0 0 0 3 0 3 0 0 0 0 0 0 0 0 2 0 0 0 0 0 0 16 0 0 0 0 0 0 0 20 50 2 72 13 33 43 31 10 26 51 0 55 1 15 12 33 23 0 0 0 0 0 0 0 0 9 10 0 0 0 0 0 0 0 0 0 0 1 20 0 3 3 0 0 0 0 1 2 0 0 0 0 0 3 3 0 0 0 0 0 0 0 0 0 0 0 0 0 0 0 0 0 0 2 0 0 0 0 0 0 13 49 32 39 0 26 35 45 51 3 0 0 9 72 0 40 23 0 0 0 0 0 0 0 0 55 0 0 12 0 0 15 0 0 0 0 0 0 22 0 2 0 0 0 0 0 0 0 0 0 0 0 0 0 0 0 0 0 0 0 0 0 0 0 0 0 0 0 0 2 0 0 0 0 2 0 81 41 0 4 19 0 0 0 0 0 0 0 0 0 0 0 0 0 0 0 2 0 2 0 16 0 0 0 8 25 0 0 0 
 2 2 2 98 77 168 2 2 2 2 2 3 2 2 2 2 2 2 2 2 259 248 305 164 68 254 187 150 100 202 134 41 389 94 98 489 632 123 0 289 0 0 34 0 0 0 0 3 2 62 0 0 0 0 3 4 0 8 0 2 0 0 0 2 0 54 0 2 0 0 3 0 0 0 3 0 3 0 0 0 0 0 0 0 9 24 0 0 0 0 0 0 0 0 0 0 2 0 0 0 16 18 13 13 0 0 0 18 21 0 0 11 40 49 11 8 14 16 0 12 0 0 0 0 0 0 0 1 2 0 0 2 0 0 0 0 0 0 1 0 13 13 0 0 0 0 0 0 0 3 0 0 0 0 0 0 0 0 0 0 0 0 0 0 0 2 0 0 0 7 0 2 0 0 1 0 0 6 0 0 19 40 12 0 1 2 0 0 14 49 12 7 17 32 21 10 0 1 11 12 0 0 0 13 0 0 15 1 0 2 0 0 0 0 15 0 0 0 0 0 0 0 0 0 0 12 0 0 0 2 0 0 0 0 0 0 0 0 0 0 0 0 0 0 0 0 0 0 37 0 10 0 0 0 2 0 3 0 75 4 3 0 0 0 0 0 0 0 0 0 0 0 1 0 0 0 0 0 0 0 0 9 0 0 0 0 27 0 0 0 
 0 0 77 74 210 148 0 0 0 0 0 23 0 0 0 73 0 0 0 0 182 354 42 142 57 43 327 343 70 93 62 132 63 370 87 58 44 96 289 0 0 0 4 0 0 0 0 3 2 30 0 0 0 0 3 0 0 9 0 2 0 0 0 0 0 52 0 2 0 41 3 0 0 0 1 0 3 0 0 0 1 0 13 51 4 10 0 0 0 0 0 0 0 9 0 0 1 13 0 0 0 25 10 43 8 7 0 21 25 19 8 28 33 30 12 12 16 10 0 25 0 0 0 0 0 0 0 1 9 0 0 0 0 0 0 0 0 0 11 0 14 0 0 0 0 0 2 0 0 0 0 0 0 0 0 6 0 0 0 0 0 9 0 0 0 0 0 0 1 9 6 0 0 0 1 0 4 0 0 0 21 2 2 0 0 12 10 27 6 17 16 17 0 12 15 0 0 0 28 41 0 0 0 13 0 0 9 0 0 22 0 0 8 0 12 0 0 0 0 10 0 0 0 0 0 0 0 0 0 0 0 0 0 0 0 0 0 0 0 0 0 0 0 0 0 0 74 0 0 0 0 0 0 0 5 2 5 76 4 3 3 0 0 0 0 0 1 0 0 0 0 0 0 0 0 0 0 18 0 0 0 0 0 0 0 0 9 0 0 0 
 3 2 6 6 7 18 2 2 4 2 3 2 3 5 2 2 2 2 2 2 0 0 0 63 0 1 0 0 0 0 61 0 0 0 0 0 0 3 0 0 0 104 113 124 260 35 518 382 412 315 536 49 154 331 44 59 31 318 308 45 0 0 0 0 2 0 0 0 0 0 42 0 0 0 0 0 0 3 0 0 0 0 0 0 0 0 0 0 2 8 0 0 0 0 0 0 8 6 0 0 0 0 0 0 0 0 0 0 0 0 0 0 0 0 0 0 0 0 0 0 9 0 20 12 2 11 0 2 0 27 0 10 0 1 30 9 28 5 7 0 0 11 0 12 0 0 0 0 0 0 0 0 1 2 0 0 0 0 0 0 9 0 0 0 0 5 0 5 5 4 10 5 0 0 0 0 0 3 0 0 0 0 0 10 0 9 0 0 0 0 0 0 0 6 0 0 0 0 0 0 23 0 29 1 17 9 6 21 8 0 22 10 6 9 11 17 11 0 0 11 0 0 0 0 0 0 0 0 0 0 0 0 0 0 0 0 0 0 0 0 0 0 0 0 0 0 6 0 0 0 0 5 0 2 0 0 0 0 0 0 0 0 0 0 0 0 0 0 2 0 0 0 0 0 0 0 0 0 0 0 0 0 0 0 0 0 0 0 0 0 
 0 0 0 0 0 0 0 0 0 0 0 0 74 45 0 0 4 0 0 0 202 0 232 63 0 1 2 0 5 0 61 1 0 0 0 0 0 3 0 0 104 0 171 135 75 26 219 164 207 46 115 112 68 118 321 140 179 261 44 65 0 0 3 0 0 3 3 0 0 0 0 0 0 0 0 2 0 0 5 3 0 0 0 0 0 0 0 0 0 0 17 0 0 0 0 0 0 0 0 0 0 0 0 0 1 0 0 0 0 0 0 0 0 0 0 0 0 0 0 0 22 9 10 0 13 23 0 16 0 10 1 0 14 1 0 13 8 7 7 0 0 1 57 0 0 0 0 2 0 0 0 0 19 16 0 0 5 7 12 23 0 0 0 0 0 0 0 0 0 0 0 0 0 0 0 0 0 3 0 0 0 0 0 10 0 9 0 13 0 0 0 0 0 0 0 0 0 0 0 0 4 0 0 12 0 22 8 31 25 0 9 1 6 28 15 0 24 51 0 10 0 2 0 0 0 0 0 9 12 0 0 5 18 0 0 0 0 0 7 25 0 0 13 0 0 0 0 0 0 0 0 7 0 0 0 0 0 0 0 0 0 0 0 0 1 2 1 67 0 0 0 0 0 0 0 0 0 0 0 0 0 0 0 0 19 20 0 1 0 25 
 0 0 0 0 0 0 0 0 0 0 0 0 0 34 0 46 0 0 0 0 2 5 0 5 0 0 0 14 0 2 1 1 29 0 0 0 0 3 34 4 113 171 0 130 60 35 224 129 90 42 28 313 193 111 160 204 55 68 188 220 0 0 0 15 3 2 0 0 0 0 0 1 54 0 0 0 0 0 0 0 0 0 0 0 5 7 0 0 0 0 0 0 0 0 0 0 0 0 0 0 0 0 6 0 45 18 0 0 0 11 0 0 3 16 0 0 3 4 0 0 10 21 0 10 0 14 4 22 19 2 4 1 28 0 5 12 27 31 15 0 48 0 14 1 0 0 0 0 0 0 0 0 7 0 0 0 0 8 0 0 0 0 0 0 21 0 0 0 16 0 0 0 0 0 2 0 0 0 0 0 1 4 5 0 0 45 0 0 0 0 0 10 28 0 0 1 0 0 6 3 7 67 0 6 26 0 4 22 0 19 12 5 0 22 17 13 12 19 21 0 0 0 0 0 0 0 0 0 0 0 0 0 0 0 0 0 0 0 2 1 0 0 0 0 0 0 0 0 0 0 0 16 0 2 0 0 0 0 0 6 0 0 0 0 0 0 0 0 0 0 0 0 0 0 0 0 0 0 0 0 0 0 0 0 19 0 0 7 0 0 
 0 1 0 0 0 0 0 0 0 0 0 0 54 2 0 41 0 0 0 0 0 2 0 0 2 1 0 0 0 0 0 0 0 0 0 0 0 0 0 0 124 135 130 0 94 111 80 64 78 85 173 178 67 98 44 281 174 280 71 51 79 0 0 0 2 2 35 0 0 0 0 0 50 0 0 0 0 0 1 0 0 0 0 0 0 0 0 0 0 0 0 0 0 0 0 0 0 0 0 0 0 0 0 0 0 0 0 0 0 14 0 0 0 0 0 0 0 0 0 0 14 0 27 8 2 32 6 4 0 1 6 16 0 0 0 3 24 19 0 0 23 0 1 13 0 0 0 21 0 0 0 1 9 0 0 1 0 8 12 8 0 0 2 0 0 0 0 0 0 0 0 0 0 0 2 26 0 0 0 0 0 0 0 0 0 0 0 0 0 0 0 0 0 0 0 0 0 0 0 0 0 16 0 40 8 0 2 14 8 0 18 14 0 6 1 9 0 57 0 0 1 18 0 9 0 0 0 3 11 0 0 0 26 0 0 13 0 17 15 15 0 0 0 0 0 0 0 0 0 0 0 4 0 0 0 0 0 0 0 11 0 0 72 0 0 2 1 35 0 0 8 0 0 0 0 0 0 0 0 0 0 0 0 0 0 2 0 1 0 0 
 0 4 2 0 0 0 0 0 0 0 2 4 6 3 0 0 0 7 0 0 202 0 205 0 0 1 0 0 0 0 0 0 14 0 0 0 0 0 0 0 260 75 60 94 0 110 44 78 62 112 84 108 130 67 138 90 120 130 71 109 52 6 59 7 0 2 7 4 3 0 0 2 101 18 0 0 51 0 60 7 0 0 0 0 0 0 0 0 0 0 0 0 0 0 0 0 0 0 0 0 0 0 0 0 0 0 0 0 0 0 0 0 0 0 0 0 0 0 0 0 0 6 0 8 22 14 0 10 10 22 0 0 0 1 0 8 0 0 0 0 7 21 29 3 0 0 9 1 8 0 29 9 7 10 15 0 21 0 0 0 0 0 0 0 0 0 0 0 0 0 0 0 0 3 2 1 0 0 0 0 0 0 0 0 0 0 0 0 0 0 0 0 0 0 0 0 0 0 0 0 0 5 0 15 8 11 0 0 9 0 19 11 0 0 0 1 10 9 0 0 0 0 10 0 1 5 23 15 22 0 0 0 7 12 1 19 15 5 31 8 0 0 9 0 0 2 0 0 0 0 0 4 0 0 0 0 0 0 0 1 0 0 5 1 65 0 3 64 3 0 1 0 0 0 0 0 0 0 0 0 0 0 0 0 0 10 0 0 0 0 
 36 2 2 2 2 2 2 7 2 3 2 2 2 4 2 2 2 2 2 2 0 0 0 0 0 0 1 0 0 0 0 0 0 3 0 0 0 0 0 0 35 26 35 111 110 0 245 38 100 258 137 60 41 60 56 68 63 63 39 258 1 0 7 63 0 0 20 54 69 3 0 2 50 0 57 0 51 0 15 8 0 0 0 0 0 0 0 0 0 0 0 0 0 0 0 0 0 0 0 0 0 0 0 0 0 0 0 0 0 0 0 0 0 0 0 0 0 0 0 0 16 0 0 0 9 13 0 0 0 0 0 0 0 0 0 13 0 0 0 0 10 0 51 10 52 14 13 0 35 0 10 51 9 13 21 29 13 9 10 3 0 0 0 0 0 0 0 0 0 0 0 0 0 0 0 0 0 0 0 0 0 0 0 0 0 0 0 0 0 0 0 0 0 0 13 0 0 0 0 0 0 0 0 0 7 20 37 8 3 0 0 0 0 0 0 0 12 11 0 0 22 9 4 28 6 0 10 10 16 5 0 4 18 10 8 7 0 8 0 42 11 0 0 0 0 0 0 0 0 0 0 10 0 0 0 0 0 0 0 6 0 26 5 4 1 4 1 0 2 0 23 0 0 0 0 0 0 0 0 0 0 4 0 0 0 0 0 0 10 0 
 2 2 2 3 2 2 2 2 2 2 2 2 2 2 2 2 2 2 2 2 1 0 0 57 0 3 0 0 0 0 25 0 0 0 0 0 0 0 0 0 518 219 224 80 44 245 0 553 346 260 46 98 276 160 102 263 24 58 190 48 0 7 6 6 11 2 1 0 0 0 0 0 5 4 0 0 0 0 0 0 0 0 0 0 11 0 0 0 0 0 0 0 0 1 0 0 0 0 0 0 0 0 0 0 0 2 17 0 0 9 0 9 0 0 0 0 0 14 0 0 27 0 0 16 5 2 20 9 27 16 20 10 12 0 58 0 9 29 9 0 0 3 15 0 0 0 0 0 23 0 0 0 0 0 0 8 5 5 5 0 0 0 0 0 0 0 0 0 0 0 0 0 0 0 2 0 0 0 0 0 0 0 0 14 0 12 0 0 0 0 0 0 0 0 0 0 0 0 0 0 18 14 19 23 19 17 18 2 5 0 21 21 18 13 37 15 9 11 18 18 4 0 3 31 0 0 0 5 0 0 0 0 5 0 6 9 9 0 0 0 0 0 0 0 0 0 0 0 0 0 0 2 0 2 0 0 0 0 0 1 0 0 0 0 2 2 0 0 0 0 4 0 0 0 2 0 0 0 0 0 0 0 0 0 11 25 0 10 0 0 
 0 0 0 0 0 0 0 0 0 0 0 0 0 3 0 0 0 0 0 0 3 7 3 73 7 4 3 3 3 5 66 3 3 3 5 3 3 6 3 3 382 164 129 64 78 38 553 0 428 125 49 163 166 247 131 43 181 156 289 53 0 0 0 0 2 0 0 0 0 10 0 0 0 0 0 0 0 0 0 0 0 0 10 0 0 0 0 0 0 0 0 0 0 0 17 0 0 0 0 0 0 0 0 0 0 0 0 0 0 10 0 0 0 0 0 0 0 1 0 0 9 0 20 36 6 0 0 0 0 19 22 0 0 5 5 0 17 5 7 0 0 0 1 9 3 0 0 0 0 0 0 0 20 1 0 0 0 0 0 0 0 0 0 0 0 0 0 0 0 0 0 0 0 12 0 0 0 3 0 0 0 0 0 12 0 16 0 0 0 0 0 0 0 0 0 0 0 0 0 0 14 31 68 9 33 16 0 9 7 0 0 16 8 14 24 23 11 0 1 11 0 1 0 0 0 0 7 0 0 0 0 0 10 4 0 0 0 0 0 0 0 0 0 0 0 0 0 0 0 0 0 0 0 0 0 0 0 0 0 0 0 0 0 0 2 83 0 0 0 0 0 0 0 0 0 0 0 0 0 0 0 0 0 0 0 15 0 8 0 9 
 0 1 0 1 0 0 10 7 0 4 2 0 0 9 7 0 17 0 12 0 64 4 209 3 4 64 2 2 2 2 2 2 2 2 2 2 2 2 2 2 412 207 90 78 62 100 346 428 0 583 263 211 114 81 296 274 39 115 86 59 0 0 0 0 0 2 0 0 0 67 0 0 0 0 0 0 0 0 3 0 0 3 0 9 10 0 4 0 0 0 0 21 0 0 0 6 0 0 1 0 0 0 0 0 1 0 0 0 0 0 0 0 0 0 0 0 0 0 0 0 30 1 2 0 12 20 0 24 0 0 11 8 1 30 7 2 0 0 1 0 0 1 16 0 0 0 0 0 0 0 0 0 14 7 0 0 2 0 15 23 0 7 0 8 0 0 7 0 0 0 0 0 12 6 2 0 0 12 0 0 0 0 0 0 0 1 0 0 0 0 0 0 0 8 0 0 15 0 0 0 28 0 6 0 0 17 1 12 21 0 11 7 1 1 11 9 10 30 0 0 0 0 0 0 0 0 11 0 0 0 0 0 46 0 0 0 0 0 14 9 0 0 10 0 0 0 0 0 0 0 0 7 0 0 0 0 0 0 0 2 0 0 3 1 0 4 0 0 0 0 0 0 0 0 0 0 0 0 0 0 0 0 0 0 0 0 0 0 0 0 
 0 0 0 0 0 0 0 3 0 0 0 0 0 0 0 0 0 0 0 0 2 0 122 0 1 0 1 0 1 0 0 0 62 1 1 2 63 0 62 30 315 46 42 85 112 258 260 125 583 0 85 66 50 148 150 132 129 319 94 74 54 0 0 0 0 2 62 0 2 0 0 0 110 9 0 0 1 0 0 0 0 0 0 0 0 16 0 0 0 0 0 0 0 0 0 0 0 0 0 0 35 0 10 0 0 0 0 0 11 0 0 12 0 0 0 10 0 0 13 0 3 0 0 0 1 25 0 0 10 6 4 25 0 29 0 0 10 25 0 0 0 0 8 0 0 0 41 8 0 11 8 0 14 12 0 0 0 0 3 4 0 0 3 0 0 12 0 0 2 0 0 0 0 0 2 0 0 2 0 0 0 32 0 0 0 0 1 0 0 0 10 0 6 13 11 15 0 0 0 0 0 0 32 45 14 0 0 0 19 0 0 0 0 0 0 0 8 0 0 0 4 0 0 0 0 0 54 11 0 0 0 0 1 12 8 12 7 0 7 6 0 0 0 0 0 0 0 0 0 0 0 6 0 0 0 0 0 0 2 11 0 0 0 0 67 3 3 0 0 0 0 0 0 0 0 0 0 1 0 0 0 0 1 0 10 0 0 0 0 0 
 0 0 1 28 0 0 0 0 0 0 0 0 0 0 0 0 0 0 0 0 0 0 0 2 43 1 0 0 2 2 1 4 1 0 0 0 0 5 0 0 536 115 28 173 84 137 46 49 263 85 0 198 63 77 57 160 154 79 27 48 76 0 0 0 2 1 51 0 0 0 0 0 0 0 1 0 2 0 51 0 0 10 0 0 0 0 0 0 0 0 0 0 0 0 0 2 0 0 0 0 0 0 0 0 1 0 0 0 7 0 0 0 0 0 0 0 0 0 0 0 14 5 0 8 1 18 0 0 0 4 0 59 0 0 0 3 0 0 0 0 26 0 2 13 0 0 0 22 0 0 0 2 12 0 1 1 11 6 62 9 0 0 0 0 0 0 0 0 0 0 0 0 0 0 2 0 0 0 5 0 0 0 0 0 4 0 0 0 7 0 0 0 0 0 0 0 0 0 0 0 0 5 1 0 6 1 2 3 12 5 15 8 5 0 1 9 0 0 0 0 2 29 0 26 0 0 20 71 10 0 0 0 16 0 0 27 0 20 0 21 0 0 0 0 0 0 0 0 0 0 0 6 0 0 0 0 0 0 0 1 0 27 41 0 0 3 0 1 0 0 10 0 0 0 0 0 0 0 0 0 0 0 0 0 0 0 0 1 0 0 
 0 6 0 0 0 0 0 0 0 0 0 0 0 3 0 0 0 0 0 0 0 0 14 3 0 0 0 19 2 23 0 0 4 3 3 0 1 8 0 0 49 112 313 178 108 60 98 163 211 66 198 0 32 36 19 340 180 86 143 34 0 0 0 0 0 1 0 0 0 0 0 0 0 0 0 0 0 0 13 0 0 6 0 0 0 0 0 0 0 0 0 0 0 0 0 0 0 0 0 0 0 0 0 3 1 5 0 6 0 2 13 0 3 0 11 0 3 0 0 0 0 1 10 13 9 5 0 1 0 19 11 8 0 1 18 14 1 1 1 1 16 3 1 7 0 0 0 17 0 0 0 0 9 28 0 0 17 0 9 25 0 0 0 0 0 0 0 0 0 0 0 0 0 0 1 0 0 0 0 0 0 0 0 6 0 0 0 3 4 1 0 0 0 0 8 0 0 1 0 0 8 0 16 11 0 20 19 10 2 0 16 9 0 0 1 0 0 0 0 0 0 0 0 0 0 0 1 8 0 0 9 10 10 0 0 9 11 7 9 0 0 0 14 0 0 0 0 0 0 0 0 1 0 0 0 0 0 0 6 3 0 1 2 0 2 0 0 0 2 0 0 0 0 0 0 0 0 0 0 0 0 9 0 0 0 0 0 0 0 0 
 0 0 0 0 0 0 0 0 0 0 63 0 0 0 0 0 0 0 0 0 0 0 0 63 5 5 0 0 0 1 67 54 0 0 0 3 0 0 0 0 154 68 193 67 130 41 276 166 114 50 63 32 0 305 56 109 36 69 328 252 0 0 0 0 8 0 0 0 0 0 0 0 0 0 0 0 0 0 0 0 0 0 0 0 0 13 0 0 0 0 0 0 0 0 0 0 0 0 0 0 0 0 0 0 6 0 0 0 0 0 0 13 0 0 0 24 0 0 0 0 10 2 0 18 8 0 10 0 30 1 49 0 8 0 15 15 21 22 11 0 2 0 0 0 0 0 0 0 0 0 0 0 0 0 0 0 0 0 3 0 0 0 0 0 0 0 0 0 0 0 0 0 0 10 1 0 0 0 0 0 0 0 0 0 11 9 0 0 0 0 0 10 0 0 0 0 0 0 0 0 8 37 14 24 23 12 10 0 25 24 0 24 4 0 33 11 24 7 32 9 0 0 0 0 0 0 0 0 0 0 0 0 3 8 0 0 0 0 0 0 0 0 0 0 0 0 0 0 0 0 0 3 0 1 0 1 0 0 0 2 0 0 0 69 0 22 2 0 1 0 0 0 0 0 0 0 0 0 0 0 0 0 0 0 0 0 0 7 0 0 
 0 0 0 0 0 0 0 78 0 0 0 0 0 0 0 0 0 0 0 0 0 0 0 57 0 5 0 0 1 0 120 61 0 1 0 1 0 0 0 0 331 118 111 98 67 60 160 247 81 148 77 36 305 0 230 51 27 83 334 236 6 0 0 0 6 2 0 0 0 0 0 2 0 0 0 0 4 0 0 0 0 0 0 0 0 0 0 0 0 0 0 0 0 0 0 11 0 0 0 0 0 0 0 0 0 0 0 0 0 0 0 32 0 0 16 0 0 32 0 0 10 9 18 11 0 0 0 0 16 0 19 0 0 14 42 11 36 21 0 19 0 0 1 0 0 0 0 0 0 0 0 0 0 0 0 0 0 0 6 0 0 0 0 0 0 0 0 0 0 0 0 0 0 0 2 0 0 0 0 0 0 0 0 14 22 5 0 0 0 0 0 3 0 0 0 0 0 0 0 0 45 0 14 16 18 0 0 1 7 0 52 20 13 3 11 33 11 0 48 23 0 0 0 0 2 0 0 0 0 0 0 0 0 0 0 0 0 0 0 0 0 0 0 0 0 0 0 0 0 0 0 2 0 0 0 0 1 0 0 0 0 0 0 0 0 1 1 0 0 0 0 0 0 2 0 0 0 0 0 0 0 0 0 0 0 0 0 0 0 16 
 0 0 62 0 0 0 0 0 0 0 2 0 0 2 0 0 0 0 0 0 3 4 3 275 62 3 3 3 3 4 27 5 3 3 3 3 65 3 3 3 44 321 160 44 138 56 102 131 296 150 57 19 56 230 0 265 115 38 156 214 0 0 0 0 6 1 3 0 2 0 5 0 0 3 0 0 0 2 0 0 0 0 0 0 0 0 0 0 0 1 0 0 0 0 0 0 0 0 0 0 6 0 0 0 6 7 0 0 0 1 0 0 0 0 0 0 0 0 0 0 12 45 39 7 0 0 18 37 23 22 0 9 30 14 15 25 25 8 9 21 6 0 16 0 0 0 16 0 0 0 0 0 0 0 0 0 3 7 11 0 0 0 5 0 0 0 0 0 6 0 0 0 0 5 1 0 0 0 0 0 0 0 0 1 0 1 0 0 0 0 0 18 0 0 0 0 0 0 0 0 20 31 0 1 0 8 10 25 25 11 7 8 10 19 11 10 12 25 20 0 0 0 0 0 0 0 0 16 0 0 0 0 0 14 20 0 0 0 14 0 0 0 0 0 0 0 0 0 0 0 0 4 0 0 0 0 0 1 0 9 0 0 1 0 1 0 0 0 2 0 0 0 0 0 0 0 0 0 0 0 0 0 0 0 5 14 0 0 0 8 
 0 0 9 0 0 0 0 0 0 0 0 0 0 0 0 0 65 66 0 0 2 2 2 0 0 0 0 0 4 0 62 5 0 0 0 2 0 0 4 0 59 140 204 281 90 68 263 43 274 132 160 340 109 51 265 0 132 50 107 59 0 0 0 3 0 2 0 0 0 0 0 0 50 0 0 0 0 0 0 0 0 0 0 0 0 0 0 0 0 0 0 0 0 0 0 0 0 0 0 0 0 0 0 0 0 0 0 0 0 0 0 12 0 0 0 0 0 0 0 0 0 23 19 0 24 19 3 1 24 34 19 11 11 14 0 0 35 35 0 0 1 0 9 0 0 0 34 1 0 0 0 0 14 7 0 0 0 4 0 0 0 0 3 0 0 0 0 0 0 0 0 0 0 0 2 0 0 0 0 0 0 0 0 0 6 11 0 0 0 0 0 0 0 0 0 0 0 0 0 0 19 8 3 21 14 0 0 7 15 23 19 24 2 6 0 26 27 40 19 0 0 0 0 0 4 0 0 54 9 0 0 0 0 11 16 0 0 0 25 7 0 0 9 0 0 0 0 0 0 0 0 3 0 0 0 0 0 0 0 11 0 26 0 0 0 2 1 63 0 0 0 0 0 0 0 0 0 0 0 0 0 4 0 0 29 8 0 0 0 0 
 0 0 0 0 0 0 0 0 0 0 0 0 0 0 0 0 0 0 0 0 0 0 0 0 0 1 1 0 0 3 0 0 0 0 0 0 0 0 0 0 31 179 55 174 120 63 24 181 39 129 154 180 36 27 115 132 0 359 103 86 0 0 0 1 0 3 53 0 0 0 0 0 7 4 0 0 0 0 11 0 0 0 0 0 0 0 0 0 0 0 0 0 0 0 0 0 0 0 0 2 0 0 0 0 0 0 0 0 0 0 0 0 0 0 0 0 0 0 0 0 0 0 5 22 18 0 0 0 12 35 18 9 0 11 18 41 0 7 0 0 0 0 2 12 10 0 15 6 0 0 0 0 2 12 0 4 0 0 19 55 0 0 5 0 9 0 0 0 0 0 0 0 0 5 1 0 0 0 0 0 0 0 0 0 0 0 0 0 0 0 0 0 0 0 0 0 0 0 0 0 0 30 16 6 0 12 9 9 22 0 2 1 0 14 0 12 2 0 0 0 4 11 0 0 0 0 11 19 0 0 0 0 65 25 21 4 10 0 21 8 0 0 11 0 0 0 0 0 1 0 0 8 1 0 0 0 0 0 0 9 0 0 0 0 0 0 0 2 0 0 8 0 0 0 0 0 0 0 0 0 0 0 0 0 0 15 0 0 0 0 
 0 34 0 0 0 0 0 0 0 0 0 0 0 6 0 0 7 0 0 1 3 45 38 11 6 3 3 18 3 3 3 3 4 3 3 3 4 4 8 9 318 261 68 280 130 63 58 156 115 319 79 86 69 83 38 50 359 0 229 100 51 0 0 0 0 0 54 0 0 18 0 0 53 0 0 0 0 0 0 0 0 0 10 0 8 5 0 0 0 0 0 0 0 0 0 0 0 0 0 0 4 0 30 0 0 0 0 3 0 0 0 0 6 4 3 0 8 3 0 0 0 8 12 54 30 0 0 10 1 21 36 45 0 22 0 11 0 13 6 0 0 1 0 0 5 0 4 0 0 0 11 0 8 12 0 0 0 0 0 0 0 1 1 0 0 0 0 0 0 0 0 0 0 15 1 0 0 0 0 0 0 8 12 0 0 0 0 0 0 0 0 2 0 0 0 0 0 1 3 2 1 32 63 15 19 44 0 0 2 0 1 32 0 0 0 11 24 7 0 0 0 0 0 0 0 0 41 0 0 0 0 0 30 30 0 0 0 17 22 0 0 0 0 0 0 0 0 0 0 0 0 5 0 0 0 0 0 1 2 3 0 1 0 65 62 18 1 1 0 0 0 0 0 0 0 0 0 0 0 0 0 3 0 0 18 0 0 0 0 0 
 0 35 62 0 2 0 0 0 0 0 1 0 5 0 0 0 0 0 0 0 0 66 0 0 68 0 0 0 62 0 6 0 0 0 0 0 0 0 0 0 308 44 188 71 71 39 190 289 86 94 27 143 328 334 156 107 103 229 0 123 0 0 0 5 3 3 2 0 0 0 0 2 0 0 0 36 0 0 0 0 0 0 3 0 0 0 0 0 0 0 0 0 0 0 0 0 0 0 0 0 0 0 0 13 34 14 0 0 1 0 0 7 0 0 0 1 0 28 0 0 25 25 9 11 0 0 59 17 6 6 0 0 47 7 33 3 22 22 6 0 0 1 18 9 0 0 0 0 0 0 0 0 0 0 0 0 21 7 0 3 0 0 0 0 0 0 0 0 0 0 0 0 0 0 1 0 0 0 0 0 0 0 0 1 0 0 0 0 0 8 0 0 0 0 0 0 0 0 0 0 0 28 9 3 0 0 26 23 21 14 1 0 18 28 32 0 18 20 50 0 0 0 0 0 0 0 0 0 0 0 0 0 0 0 0 0 0 0 0 0 0 0 0 0 0 0 0 0 0 0 0 0 2 2 0 0 0 0 0 0 1 0 1 0 0 0 2 0 2 0 0 0 0 0 0 0 0 0 0 0 0 0 0 0 21 0 1 6 0 0 
 0 1 0 3 0 0 0 0 0 0 0 3 0 0 0 0 0 0 0 0 2 2 2 159 65 2 2 2 7 2 196 29 3 3 2 2 8 2 2 2 45 65 220 51 109 258 48 53 59 74 48 34 252 236 214 59 86 100 123 0 9 0 0 0 0 204 4 0 0 5 4 10 22 0 12 9 10 0 0 0 0 0 0 0 11 0 0 0 0 0 0 0 0 0 0 0 0 0 0 0 0 0 0 0 1 1 0 0 6 11 0 0 0 0 0 0 0 0 0 0 0 35 30 6 0 0 0 10 38 2 25 0 0 17 0 21 9 15 0 8 7 0 0 0 1 0 16 0 0 8 0 0 0 3 0 0 6 6 11 0 0 0 0 0 0 0 0 0 0 0 0 0 0 12 2 1 0 0 0 0 0 0 0 4 23 24 0 0 0 0 0 9 0 0 0 0 0 0 0 0 20 21 0 18 0 6 1 0 17 30 0 29 10 59 0 0 14 0 38 0 0 4 0 0 0 0 0 0 0 10 0 3 7 26 1 0 0 0 1 0 0 0 0 0 0 0 0 0 0 0 0 8 0 0 0 0 0 59 0 1 0 0 2 1 0 0 4 0 0 0 0 0 0 0 0 5 0 0 0 0 0 0 0 0 0 0 0 0 0 0 
 0 0 0 0 0 0 0 0 0 0 0 0 0 0 0 0 0 0 0 46 0 0 0 53 0 0 0 0 0 5 0 0 0 0 0 0 0 0 0 0 0 0 0 79 52 1 0 0 0 54 76 0 0 6 0 0 0 51 0 9 0 197 313 42 33 31 119 108 67 106 32 326 68 92 110 99 73 45 247 148 0 0 0 0 0 19 0 0 0 0 0 0 0 0 0 0 0 0 0 0 0 0 0 0 0 0 0 0 0 0 0 0 0 0 0 0 0 0 13 0 4 0 0 0 0 2 19 0 0 0 0 11 0 0 0 0 0 0 3 0 11 0 10 21 0 6 9 8 18 0 31 1 0 0 0 13 9 22 13 0 0 0 0 0 0 0 0 0 0 0 0 0 0 0 0 0 0 0 0 0 0 0 0 0 0 0 0 0 0 0 0 0 0 0 0 0 0 0 0 0 0 4 0 0 15 0 0 0 0 0 0 8 0 0 0 0 0 0 0 0 1 37 0 11 0 0 36 17 0 18 0 25 0 0 0 15 22 9 9 13 0 0 0 0 0 0 0 0 0 0 0 0 0 0 0 0 0 0 0 0 0 0 28 0 46 0 19 0 0 0 6 0 2 2 1 1 0 0 0 0 0 0 0 0 0 1 0 0 0 0 
