 0 173 153 51 129 76 153 47 23 165 110 122 121 511 126 206 109 109 214 205 3 4 6 0 5 0 5 0 0 0 204 2 0 0 1 0 2 0 202 85 2 5 2 9 0 2 30 5 3 0 2 5 0 3 0 0 0 0 0 6 0 0 0 0 0 0 0 3 0 0 0 0 5 0 0 0 0 0 0 0 1 28 24 9 0 8 9 27 25 0 14 0 12 25 0 8 15 0 14 27 0 0 0 0 1 0 0 0 2 0 0 0 0 0 0 0 0 0 0 0 0 0 0 0 0 0 0 0 0 0 0 0 0 9 0 0 0 1 0 0 0 0 0 0 0 0 0 0 0 0 3 0 0 0 0 0 0 3 0 0 13 0 0 9 10 0 0 17 22 21 0 6 10 14 0 15 21 0 11 0 0 11 0 0 0 0 0 0 0 0 0 0 0 0 0 0 0 9 0 1 1 0 0 1 0 0 0 0 0 0 0 0 0 0 0 0 0 0 10 0 0 0 0 0 0 0 0 0 0 0 0 0 0 0 0 0 0 0 0 0 0 0 0 0 0 1 0 2 90 0 0 2 0 0 2 0 0 0 0 0 0 0 0 0 0 0 0 0 0 0 0 0 0 0 0 26 0 0 0 0 7 0 0 0 0 0 0 0 0 0 
 173 0 119 121 347 29 68 196 144 215 143 187 125 258 260 34 335 123 101 122 31 0 5 0 0 0 5 0 0 0 2 0 0 0 0 0 1 0 2 2 7 0 2 5 39 4 2 0 3 0 2 0 0 5 0 0 2 63 0 0 0 0 0 0 0 0 0 2 0 0 0 0 3 0 0 0 0 0 0 0 22 14 57 55 15 11 26 22 24 5 1 17 21 51 19 0 1 5 12 0 7 0 0 0 0 0 0 0 0 0 0 0 2 7 2 0 0 0 39 9 0 0 0 0 0 1 0 0 0 0 0 13 10 0 3 0 0 0 0 0 0 0 0 0 0 0 0 0 0 0 0 0 0 0 0 0 0 0 0 0 0 1 13 2 27 0 0 12 23 11 21 0 13 30 0 21 25 41 0 0 0 11 0 10 0 0 20 0 0 0 0 3 12 15 0 0 0 0 24 0 0 0 0 0 0 0 0 0 0 0 0 0 0 0 0 2 0 0 10 0 0 0 0 0 0 0 0 0 0 0 0 0 0 0 0 0 0 0 0 0 0 0 20 0 0 0 92 0 0 0 1 0 0 14 0 0 0 0 0 0 0 0 0 0 0 0 0 0 0 0 0 0 0 0 0 11 0 0 0 0 0 0 0 0 0 0 0 0 0 0 
 153 119 0 293 50 108 585 212 306 274 202 23 151 55 72 135 142 381 42 258 3 0 3 0 0 0 3 0 0 0 2 0 74 72 0 0 0 0 35 3 0 0 2 9 23 2 2 0 3 0 2 0 0 3 0 0 0 0 0 0 0 0 0 0 0 0 0 3 0 0 0 0 2 0 0 0 0 0 0 0 0 0 16 1 36 9 0 17 0 0 1 33 0 2 15 0 14 15 0 32 11 15 0 0 0 0 0 4 1 0 0 0 20 18 18 0 0 0 3 3 0 0 0 0 0 0 0 0 0 0 0 0 0 2 0 0 0 0 0 0 0 0 0 0 0 0 0 0 0 0 0 0 0 0 0 0 0 0 0 15 18 0 25 18 19 12 0 20 1 22 29 9 0 0 9 10 0 1 0 14 15 0 0 0 0 0 21 21 0 0 0 16 11 0 0 11 0 0 26 0 0 0 0 0 0 0 0 0 0 0 0 0 0 0 0 0 0 0 0 0 0 0 0 0 0 0 0 0 0 0 0 0 0 0 0 0 0 0 0 0 0 0 0 0 0 0 97 0 64 1 0 3 0 0 0 0 0 0 0 0 0 0 0 0 0 0 0 0 0 0 0 0 0 0 0 0 6 12 0 0 0 0 0 0 0 0 0 0 0 0 
 51 121 293 0 234 131 168 101 200 291 150 264 80 55 61 241 38 76 70 64 3 0 3 0 0 0 77 35 0 0 2 0 76 0 0 0 0 2 75 3 0 0 2 13 76 2 2 0 3 0 2 0 0 3 0 0 0 0 63 0 0 51 0 0 0 32 0 3 0 0 0 30 3 0 0 0 1 0 0 0 0 0 33 0 26 15 0 19 0 30 2 65 0 0 0 11 0 31 0 0 70 15 16 0 0 0 0 0 0 0 0 2 30 34 19 0 1 0 11 0 0 0 0 0 0 0 0 0 0 0 0 0 0 0 0 0 0 3 0 0 0 0 0 0 0 18 0 0 0 0 0 0 0 0 0 0 0 2 0 0 0 19 20 40 9 22 0 17 0 29 24 10 0 0 14 10 0 0 0 0 0 0 1 0 0 0 0 0 0 1 1 0 3 14 0 0 0 0 33 14 0 0 0 0 0 0 0 0 0 0 0 0 0 0 0 0 0 0 6 0 0 0 0 1 0 0 0 0 0 0 0 0 0 0 2 0 0 0 0 0 0 0 0 0 0 2 104 1 103 0 0 6 0 0 0 0 2 0 0 0 0 0 0 0 0 0 0 0 0 0 0 0 0 0 0 0 18 1 0 0 0 0 0 0 0 0 0 0 0 0 
 129 347 50 234 0 173 47 164 90 305 104 99 144 61 82 209 258 38 57 273 150 82 5 0 0 0 50 74 0 0 1 0 22 73 0 76 0 0 64 5 0 0 2 3 0 2 2 0 3 0 2 0 0 70 0 0 0 0 0 0 3 0 0 0 0 36 0 2 0 0 0 0 3 0 0 0 2 0 0 0 0 11 23 11 38 23 0 10 0 17 18 4 0 32 0 0 18 4 0 0 31 22 49 4 0 0 14 0 24 0 0 50 0 18 49 2 0 36 10 12 0 0 0 0 0 0 0 0 0 0 0 0 0 0 0 0 0 0 0 0 0 0 0 0 0 0 0 0 0 0 2 0 0 0 0 0 0 3 0 0 14 28 0 32 27 12 0 0 41 0 25 0 0 0 7 0 39 18 0 0 0 0 0 0 0 0 19 0 0 0 0 0 18 43 0 0 5 0 9 0 0 0 0 2 0 0 0 0 0 0 0 0 9 0 0 0 0 0 0 0 0 0 0 0 0 0 0 0 0 0 0 0 0 0 0 0 0 0 0 0 0 0 0 0 0 4 0 5 4 88 4 5 0 0 0 0 0 0 0 0 0 0 0 0 0 0 0 0 0 0 0 0 0 0 0 11 0 0 0 0 0 0 0 0 0 0 0 0 0 0 
 76 29 108 131 173 0 26 20 165 138 183 162 27 115 68 177 230 137 35 53 76 0 5 0 0 2 82 75 0 0 88 0 19 5 0 0 5 0 85 4 0 0 3 8 0 2 2 72 5 0 8 0 0 3 0 3 3 10 0 2 2 0 4 0 0 0 0 3 0 0 0 5 2 0 0 6 0 0 0 0 0 11 33 18 0 23 0 2 24 0 19 15 0 19 13 21 17 1 0 1 1 0 19 15 0 0 15 6 0 0 10 14 0 0 20 0 16 15 0 5 0 0 0 0 0 0 0 0 0 0 0 0 0 0 0 0 0 14 0 2 0 0 0 0 0 3 3 0 0 0 9 0 0 3 0 0 0 7 2 0 0 0 2 31 14 20 0 0 14 4 10 11 0 0 0 0 10 0 1 0 0 27 0 0 0 0 19 16 13 1 11 14 9 0 18 0 0 0 17 19 0 2 0 0 0 0 0 6 0 0 0 0 0 0 0 10 0 0 10 0 0 0 0 0 1 0 0 0 0 0 0 0 0 0 0 0 0 0 0 0 0 0 0 0 0 0 91 0 5 5 42 3 0 4 0 0 0 0 0 0 0 0 0 0 0 0 0 0 0 0 0 0 0 0 0 21 0 0 0 0 0 0 0 0 0 0 0 0 0 0 
 153 68 585 168 47 26 0 154 249 718 34 115 556 271 96 43 39 305 295 258 3 0 3 0 0 0 4 0 0 0 2 0 0 2 0 0 0 0 0 3 0 0 2 3 0 2 2 0 3 0 2 0 0 3 0 0 0 0 0 0 0 0 0 0 0 0 0 3 0 0 0 0 12 36 0 0 0 0 0 0 0 30 0 1 16 0 18 38 19 1 36 0 8 11 4 16 39 0 0 52 0 0 0 0 0 0 0 0 0 0 0 0 0 0 0 0 0 0 1 0 0 0 0 0 0 0 0 0 0 0 4 0 0 0 0 0 0 0 0 0 0 0 19 0 18 0 0 0 0 0 2 0 0 0 0 0 0 0 0 0 16 2 57 0 16 0 6 32 0 30 0 45 7 11 0 27 14 1 0 30 0 0 0 0 0 0 0 0 0 0 0 0 0 0 0 0 0 0 4 0 0 0 0 0 0 0 0 0 0 0 0 0 0 0 0 0 0 0 12 0 0 0 0 0 0 0 0 0 0 0 2 0 0 0 0 9 0 0 0 0 0 7 0 0 0 0 0 2 54 94 0 0 0 0 0 0 0 0 0 0 0 0 9 0 0 0 0 0 0 0 0 0 0 0 0 0 2 0 0 0 0 0 0 0 0 0 0 0 0 0 
 47 196 212 101 164 20 154 0 275 225 136 132 104 161 73 145 436 328 51 150 3 0 3 0 3 0 3 0 0 0 2 0 0 2 0 0 0 0 0 3 3 0 2 4 0 2 2 0 6 0 2 0 0 3 0 0 0 0 0 0 0 0 0 0 12 10 0 3 0 0 0 1 2 0 4 0 0 0 0 0 18 9 30 10 49 10 0 0 1 45 21 34 0 0 27 14 11 9 0 14 10 0 0 0 0 0 0 0 0 0 0 0 20 15 20 0 0 0 12 0 0 0 0 0 0 0 0 0 0 0 0 0 0 0 0 0 1 0 0 0 0 2 9 0 11 0 0 0 0 2 9 0 0 0 0 0 0 6 0 0 22 82 0 23 0 11 0 0 0 2 14 1 1 0 18 42 0 5 0 0 0 0 2 0 0 0 23 0 0 0 0 0 5 0 0 0 0 5 55 15 0 2 0 0 0 0 0 0 8 0 0 0 0 0 1 0 0 0 0 0 0 0 0 0 0 1 0 0 0 0 0 0 0 0 0 0 0 0 0 0 0 0 0 0 0 0 3 0 1 1 0 5 2 2 0 0 0 1 0 0 0 0 1 0 0 0 0 0 0 0 0 0 0 0 1 17 0 0 0 0 0 0 0 0 0 0 0 0 0 0 
 23 144 306 200 90 165 249 275 0 313 123 136 327 81 204 267 248 32 306 58 3 0 5 2 0 0 3 0 0 0 1 0 87 0 0 0 0 0 74 5 0 0 2 4 60 2 2 0 3 0 2 0 0 3 0 0 0 0 0 0 0 0 0 0 0 0 0 3 0 0 0 0 6 0 0 0 0 51 0 0 15 30 0 10 32 10 32 32 0 22 0 25 0 47 10 0 24 69 3 17 6 0 0 0 0 0 0 0 0 0 0 0 42 28 15 0 2 0 0 0 0 0 0 0 0 0 0 0 0 0 0 0 0 0 2 0 0 0 0 0 5 1 0 0 0 0 11 0 0 0 0 0 0 0 0 0 0 1 0 15 0 0 22 11 2 20 0 17 1 27 14 10 0 0 0 0 19 20 0 0 2 0 0 0 0 0 10 15 0 0 0 0 0 0 0 0 0 0 12 0 0 0 0 0 0 0 0 0 0 0 0 0 0 0 0 0 0 0 0 0 0 0 0 0 0 0 0 0 0 0 0 0 0 0 0 0 0 0 0 0 0 0 0 0 0 2 97 0 100 0 2 4 2 0 2 0 0 0 0 0 0 0 0 0 0 0 0 0 0 0 0 0 0 0 0 0 21 20 0 0 0 0 0 0 0 0 0 0 0 0 
 165 215 274 291 305 138 718 225 313 0 188 194 247 182 267 281 140 143 178 209 3 0 4 1 0 0 3 0 0 1 1 0 61 2 0 0 0 0 0 2 2 0 2 3 42 2 2 0 3 0 2 0 0 3 0 0 0 0 0 0 0 0 0 0 0 0 51 2 0 0 0 0 3 0 0 0 37 0 0 0 15 11 35 2 25 8 10 34 0 10 1 50 0 22 26 20 48 18 0 29 41 0 0 0 0 0 0 0 0 0 0 0 14 21 23 0 0 1 17 0 0 0 0 0 0 0 0 2 0 0 0 0 0 12 0 0 0 0 0 0 0 43 0 0 0 1 0 0 0 0 3 0 0 0 0 0 0 3 0 0 4 0 45 22 34 18 14 0 7 61 0 14 0 0 14 44 14 11 2 9 0 1 0 0 0 0 9 2 9 0 0 0 39 0 0 0 0 0 8 1 0 17 0 0 0 0 0 0 0 0 0 0 0 0 0 0 0 0 9 0 0 0 0 0 2 0 0 0 0 0 0 0 0 0 0 10 0 0 0 0 0 1 0 0 0 2 5 0 95 5 0 0 0 0 0 0 0 0 0 0 0 0 0 0 0 0 0 0 0 0 0 0 0 0 0 1 0 0 0 0 0 0 0 0 0 0 0 0 0 0 
 110 143 202 150 104 183 34 136 123 188 0 122 30 28 162 337 276 417 32 84 3 0 3 0 0 2 32 0 0 0 1 0 1 5 0 0 3 2 75 76 0 0 2 13 1 3 2 0 5 0 5 2 0 6 0 0 0 2 0 4 5 0 2 0 0 0 0 3 0 0 0 0 2 0 0 3 0 0 0 0 0 0 15 1 32 23 0 0 18 0 9 30 0 0 13 22 1 41 0 1 18 17 0 2 0 0 0 20 0 0 25 0 10 47 30 0 0 0 20 45 0 0 0 0 0 0 0 0 0 0 0 0 0 0 0 0 0 0 0 0 0 0 0 0 0 1 0 0 0 0 0 0 0 0 0 0 0 0 0 0 11 0 0 14 0 0 0 0 0 1 41 8 0 1 0 40 14 18 0 0 16 20 0 0 0 0 66 12 1 0 0 0 19 0 17 0 0 0 25 5 0 0 0 0 0 0 0 0 0 0 0 0 0 0 0 0 0 0 0 0 0 0 0 0 2 0 0 0 0 0 0 0 0 0 0 0 0 0 0 0 0 1 0 0 0 3 95 0 4 87 0 7 14 0 0 0 0 0 0 0 0 0 0 0 0 0 0 0 0 0 0 0 0 0 0 0 0 14 0 0 0 0 0 0 0 0 0 0 0 0 
 122 187 23 264 99 162 115 132 136 194 122 0 148 32 152 142 272 316 237 23 3 0 3 0 1 0 40 0 0 0 2 0 0 0 0 0 2 0 0 31 0 0 2 1 48 3 2 0 3 0 4 0 0 3 0 0 0 0 61 0 11 0 0 0 0 0 0 3 0 0 0 0 2 0 0 0 0 0 0 0 10 0 47 18 0 62 0 9 9 18 21 40 0 28 35 0 27 36 0 12 1 0 0 0 0 0 0 0 0 0 0 0 0 54 26 1 0 0 12 12 0 0 0 0 0 0 0 0 0 12 0 0 0 0 0 0 0 0 0 0 0 1 0 0 0 0 0 0 0 0 13 0 0 0 0 0 0 0 0 0 0 2 65 30 12 34 0 14 21 19 38 9 0 1 0 14 15 9 0 0 0 0 0 0 0 0 26 0 0 0 0 4 48 0 0 1 0 0 17 4 0 1 0 0 0 0 0 0 0 0 0 0 0 0 2 0 0 0 8 0 0 0 0 0 0 0 0 0 0 0 0 0 0 0 0 0 0 0 0 0 0 0 0 0 0 2 8 0 9 98 0 2 20 1 0 0 0 0 0 0 0 0 0 0 0 0 0 0 0 0 0 0 0 0 0 0 12 0 0 0 0 0 0 0 0 0 0 0 0 0 
 121 125 151 80 144 27 556 104 327 247 30 148 0 254 27 126 136 25 169 308 3 0 3 0 2 0 3 0 1 0 2 0 0 1 0 0 0 0 0 75 0 0 2 5 0 2 2 0 3 0 2 0 0 3 0 0 0 0 0 0 0 0 0 0 0 0 0 2 0 0 0 0 3 0 1 0 0 0 0 0 1 11 17 27 0 0 29 24 21 49 33 0 11 2 2 14 0 7 23 1 0 0 0 0 0 0 0 0 0 0 0 0 0 0 0 0 0 0 14 0 0 0 0 0 0 1 0 0 0 0 0 1 0 0 0 0 0 0 0 0 0 0 4 1 0 0 0 0 0 0 0 0 0 0 0 0 0 37 0 0 10 8 22 4 0 0 4 39 42 29 0 0 23 6 8 16 3 1 0 0 0 0 0 0 0 0 10 0 0 0 0 0 0 0 0 0 0 0 0 0 10 0 0 0 0 0 0 0 0 0 0 0 0 0 0 0 0 0 19 0 0 0 0 1 0 0 0 0 0 0 0 0 0 0 0 0 0 0 0 0 0 9 0 0 0 4 0 0 87 0 0 6 0 0 0 0 0 0 0 0 0 0 12 0 0 0 0 0 0 0 0 0 0 0 0 29 13 0 0 0 0 0 0 0 0 0 0 0 0 0 
 511 258 55 55 61 115 271 161 81 182 28 32 254 0 109 254 126 29 341 275 3 0 3 0 0 0 3 0 74 0 1 0 0 0 0 0 0 0 0 3 0 0 2 4 0 3 2 0 3 0 2 0 0 3 0 0 0 0 0 0 0 0 0 0 0 0 0 2 0 0 0 0 3 0 0 0 0 0 0 0 4 14 0 28 11 7 44 11 11 12 23 0 0 15 0 23 36 49 14 28 0 0 0 0 0 0 0 14 0 0 0 0 0 0 0 0 0 0 0 0 0 0 0 0 0 0 0 0 0 0 0 0 0 15 14 19 1 0 0 0 11 0 1 0 0 0 0 0 0 0 2 0 0 0 0 0 0 12 0 0 52 7 15 13 3 0 0 39 17 15 0 19 14 47 20 12 24 1 4 1 0 0 0 0 0 0 0 0 0 0 0 0 0 0 0 0 3 0 8 0 0 0 0 0 0 0 0 0 8 0 0 0 0 0 0 0 2 0 0 0 2 0 0 0 0 0 0 0 0 0 0 2 0 1 0 0 0 0 0 0 0 10 0 0 2 2 0 1 1 46 1 2 0 0 0 0 0 0 0 12 0 0 0 0 0 0 0 0 0 0 0 0 0 0 0 11 14 0 0 0 0 0 0 0 0 0 0 0 0 0 
 126 260 72 61 82 68 96 73 204 267 162 152 27 109 0 238 48 101 187 309 9 2 3 4 0 2 8 2 0 4 2 0 0 5 1 0 2 5 1 6 0 3 2 2 3 5 2 0 6 4 7 3 0 5 0 0 0 3 0 3 2 4 0 0 6 4 0 3 3 0 33 0 2 0 0 0 0 0 2 0 38 27 22 30 18 0 41 15 15 10 0 10 12 29 42 7 18 12 16 44 14 0 0 0 0 0 0 0 0 0 0 0 23 16 24 0 4 0 3 0 0 0 0 0 0 0 0 0 12 0 0 0 13 3 10 0 0 0 0 0 0 0 3 1 0 0 0 0 0 0 0 0 11 0 0 0 0 0 0 0 9 0 0 5 1 0 10 27 25 0 0 20 12 27 1 51 10 15 0 9 0 0 0 0 0 0 17 0 1 0 0 0 44 0 0 0 0 0 13 0 0 0 0 0 0 0 0 0 0 0 0 0 0 0 0 0 0 0 0 0 0 0 0 0 0 0 0 0 0 0 21 0 0 0 0 0 0 0 0 0 0 0 0 0 0 0 2 0 3 1 0 2 0 0 0 0 0 0 0 0 0 0 0 0 0 0 0 0 0 0 0 0 0 0 0 14 0 0 0 0 0 0 0 0 0 0 0 0 0 0 
 206 34 135 241 209 177 43 145 267 281 337 142 126 254 238 0 127 286 39 149 3 0 3 0 0 0 162 0 0 0 2 1 5 0 0 0 0 0 0 76 0 0 2 6 0 2 2 0 3 61 2 0 0 3 0 0 0 0 0 0 2 0 0 0 0 0 0 3 0 0 0 0 2 0 0 0 0 0 0 0 0 1 0 0 36 22 4 16 25 51 15 3 0 0 0 27 0 42 0 29 84 0 14 0 0 0 0 0 0 0 0 0 53 12 50 0 0 0 0 24 0 0 0 0 0 0 0 0 0 0 0 2 0 0 0 0 0 9 0 0 0 0 46 0 0 0 0 0 0 0 0 0 0 0 0 0 0 0 0 0 10 18 10 42 0 0 6 35 0 10 25 28 0 11 0 55 0 19 0 11 0 0 0 0 11 0 33 13 0 0 0 0 39 0 0 0 0 0 40 23 0 0 0 0 0 0 0 0 15 0 0 0 0 0 0 0 0 0 0 0 0 0 0 1 0 0 0 0 0 0 0 0 0 0 0 2 1 0 0 0 0 0 0 0 0 1 90 2 43 1 0 4 11 0 0 0 0 0 0 0 0 0 0 0 0 0 0 0 0 0 0 0 0 0 0 0 1 0 0 0 0 0 0 0 0 0 0 0 0 0 
 109 335 142 38 258 230 39 436 248 140 276 272 136 126 48 127 0 217 60 236 3 0 3 0 0 1 79 0 0 0 1 0 5 0 0 78 0 31 3 75 0 0 31 3 0 2 5 0 3 0 2 0 0 3 0 0 0 0 0 3 0 0 0 0 0 0 0 3 0 0 0 0 2 0 0 0 0 0 42 0 0 30 28 18 11 34 11 10 10 17 32 31 0 50 26 44 32 14 0 0 0 1 0 0 0 2 0 0 0 0 0 0 0 4 0 0 0 0 21 43 0 2 0 0 0 0 0 0 0 0 0 0 0 0 0 0 0 0 0 0 0 0 2 2 0 0 0 0 0 0 3 0 0 1 0 2 0 6 0 0 16 22 0 56 21 15 0 19 7 0 27 7 0 16 24 8 87 18 13 0 0 0 0 0 0 0 21 0 0 1 0 0 0 23 2 0 0 10 25 29 0 0 0 0 0 0 0 2 0 0 0 0 0 0 0 0 0 0 0 0 0 0 2 0 0 0 0 2 0 0 0 0 0 0 0 0 0 0 0 0 0 0 0 0 0 1 1 0 1 1 0 2 12 0 0 0 0 0 0 0 0 0 1 0 0 0 0 0 0 2 0 0 0 0 0 19 0 0 0 0 0 0 0 0 0 0 0 0 0 0 
 109 123 381 76 38 137 305 328 32 143 417 316 25 29 101 286 217 0 78 124 7 0 4 0 0 0 31 76 1 0 2 1 0 0 0 0 0 0 0 73 0 69 2 3 0 3 2 0 3 0 2 0 0 3 1 0 0 3 0 0 6 0 0 0 0 0 0 2 0 0 0 0 3 0 0 0 0 0 0 0 34 0 24 0 21 13 0 0 44 6 9 25 0 0 22 14 0 33 0 10 7 0 0 1 0 0 15 1 0 0 0 0 22 35 14 0 1 0 0 24 0 0 0 0 0 12 0 0 0 0 0 0 0 0 0 0 0 0 0 0 0 0 7 1 0 0 0 0 0 0 0 0 0 18 0 0 0 0 0 0 0 0 0 0 0 0 10 15 2 1 18 24 0 8 0 36 0 29 0 7 0 11 0 0 0 0 43 0 0 0 1 0 12 0 17 0 0 0 0 9 0 0 0 0 0 0 0 0 0 1 0 2 0 0 0 0 14 0 0 0 0 0 0 0 0 0 0 4 0 0 0 16 0 0 0 0 0 0 0 0 0 0 0 0 14 2 0 0 0 87 9 5 16 0 1 0 0 0 0 0 0 0 0 0 0 0 0 0 0 0 0 0 0 0 0 0 0 0 0 0 0 0 0 0 0 0 0 0 0 0 
 214 101 42 70 57 35 295 51 306 178 32 237 169 341 187 39 60 78 0 223 5 1 3 0 0 0 5 0 0 74 1 0 0 0 0 0 0 3 2 3 28 0 2 3 2 2 2 0 3 0 4 0 0 5 0 0 0 0 1 1 0 46 0 0 0 0 0 3 0 0 0 0 3 0 0 0 0 0 0 0 7 11 13 31 0 11 104 15 0 0 0 0 38 22 10 6 9 0 39 34 0 0 0 0 0 0 0 0 0 0 0 0 2 0 0 0 0 0 12 0 0 0 0 2 0 0 0 0 0 0 0 0 0 2 9 0 0 0 0 0 0 0 0 2 0 0 0 0 0 0 0 0 0 0 16 13 0 0 0 0 22 0 0 0 1 0 0 21 33 0 0 5 3 32 0 17 20 19 20 1 0 0 0 0 0 0 12 0 0 0 0 0 0 0 0 0 0 1 0 0 0 0 0 0 0 0 0 0 0 0 0 0 0 0 0 0 0 0 0 0 0 0 0 0 0 0 0 0 0 0 0 0 0 0 0 0 0 0 0 0 0 0 0 0 0 0 0 2 1 1 0 1 0 0 0 0 0 0 0 0 0 0 0 0 0 0 0 0 15 0 0 0 0 1 0 11 0 0 0 0 0 0 0 0 0 2 0 0 0 0 
 205 122 258 64 273 53 258 150 58 209 84 23 308 275 309 149 236 124 223 0 3 3 6 0 3 2 6 0 4 0 1 0 0 0 0 0 2 0 2 3 3 4 2 5 0 3 11 3 4 1 2 3 1 3 0 0 0 0 0 0 0 47 0 0 0 0 0 3 0 0 0 0 6 0 0 0 3 0 0 0 0 0 6 20 20 0 25 16 0 10 45 0 2 0 9 22 49 18 35 32 0 0 0 0 0 0 0 0 0 0 2 0 0 0 0 0 0 0 0 0 0 0 0 0 0 13 0 0 0 0 0 0 2 2 21 0 0 2 0 0 0 0 5 20 0 0 0 0 0 0 12 0 0 0 0 0 0 1 0 0 46 12 10 0 8 0 6 29 28 16 0 5 4 29 12 27 33 30 0 0 0 0 0 0 0 0 0 0 13 0 0 0 0 2 0 0 0 0 10 1 2 0 0 0 0 0 0 0 0 0 0 0 0 0 0 0 0 15 1 0 0 0 0 0 0 0 13 0 0 0 0 0 0 0 0 0 0 0 0 0 0 6 0 0 0 0 1 0 7 5 0 3 0 0 0 0 2 0 0 0 0 0 11 0 0 0 0 0 0 0 0 0 0 0 0 19 18 0 0 0 0 0 0 0 0 0 0 0 0 0 
 3 31 3 3 150 76 3 3 3 3 3 3 3 3 9 3 3 7 5 3 0 291 226 176 111 50 252 45 322 238 122 249 216 84 297 174 30 159 166 133 0 3 0 2 0 207 3 2 0 2 0 0 2 0 3 3 0 4 3 0 0 0 3 0 3 0 0 0 0 0 0 0 0 1 2 0 0 2 0 0 0 0 0 0 0 0 0 14 0 0 0 0 0 0 0 0 0 0 0 0 12 41 33 25 3 0 23 43 24 0 30 13 33 7 35 20 49 16 33 12 0 0 0 0 0 0 0 0 0 0 0 0 17 0 0 0 0 0 0 0 0 0 0 0 0 0 0 8 0 0 0 0 5 0 0 0 0 0 0 0 0 0 0 0 0 89 0 0 5 0 0 4 0 0 0 0 0 0 0 0 13 11 16 1 15 1 19 26 32 12 34 0 1 18 8 0 17 0 26 23 0 0 0 15 0 0 0 0 0 0 0 0 0 0 0 0 0 0 0 0 0 0 0 0 0 0 0 0 0 0 0 0 0 0 0 15 0 0 0 0 0 0 0 0 0 0 0 0 0 0 0 0 0 0 8 2 2 0 0 0 2 0 0 0 0 0 0 0 0 0 0 0 0 0 0 0 0 0 0 0 0 0 0 0 0 0 0 0 0 0 
 4 0 0 0 82 0 0 0 0 0 0 0 0 0 2 0 0 0 1 3 291 0 200 196 123 31 187 76 61 45 28 203 47 343 236 415 280 87 200 87 0 3 0 0 2 3 3 2 2 2 3 0 64 0 3 3 0 6 3 0 0 0 13 0 3 0 0 0 1 0 0 0 0 1 2 3 0 0 0 0 0 0 0 0 0 1 2 0 0 0 0 0 0 0 0 0 0 0 0 0 27 28 0 1 1 25 1 37 119 0 19 15 10 13 38 8 21 12 13 30 14 0 0 1 0 0 0 0 0 0 0 0 15 0 0 0 0 0 1 0 0 0 0 0 0 0 0 1 0 0 0 0 4 0 0 0 0 10 0 0 0 0 2 0 0 19 0 0 0 0 1 4 0 0 0 0 0 0 0 0 14 10 19 14 23 10 1 1 0 35 15 4 0 15 28 5 0 10 9 18 0 1 0 0 0 10 1 0 0 0 0 0 0 8 0 0 0 0 23 20 0 0 0 0 0 0 0 0 0 0 0 0 1 0 0 19 0 0 1 0 0 0 0 0 0 0 0 0 0 0 0 0 0 0 6 2 0 77 0 0 2 1 0 0 0 0 65 0 0 0 0 0 0 0 0 0 0 0 0 19 0 0 0 0 0 8 2 0 0 0 
 6 5 3 3 5 5 3 3 5 4 3 3 3 3 3 3 3 4 3 6 226 200 0 388 152 37 132 527 369 296 136 191 75 142 644 558 213 287 51 95 0 5 0 0 4 5 3 3 0 2 11 0 67 64 3 3 0 60 4 32 0 0 3 2 3 0 0 0 10 0 0 0 0 2 2 0 0 3 0 0 0 0 0 0 0 0 1 0 0 0 0 0 0 0 0 0 0 18 0 0 10 0 17 0 10 0 1 32 0 23 31 14 1 0 8 35 25 0 33 51 18 0 0 0 0 0 0 15 0 0 0 0 62 0 0 2 0 0 13 16 0 0 0 0 0 1 0 3 23 0 0 0 4 0 0 0 0 0 0 0 0 0 0 0 0 35 0 2 4 0 0 7 0 2 0 0 0 0 0 0 4 0 26 38 24 19 0 19 6 27 11 13 0 41 17 11 10 0 13 26 0 0 0 0 0 0 1 20 0 1 0 0 50 15 0 0 0 0 0 23 0 0 0 0 0 0 0 0 0 0 0 0 0 0 0 21 0 0 0 0 0 0 0 0 0 0 0 0 0 0 0 0 0 0 8 2 2 80 44 3 2 0 0 0 0 0 30 0 0 0 0 0 0 0 0 0 0 0 0 0 0 32 0 0 0 10 0 0 0 0 
 0 0 0 0 0 0 0 0 2 1 0 0 0 0 4 0 0 0 0 0 176 196 388 0 160 48 187 73 236 116 69 58 64 312 144 194 46 202 69 228 52 7 0 2 1 3 69 65 1 4 1 0 2 0 6 3 2 3 68 6 4 0 3 0 3 0 0 4 3 0 0 0 0 2 2 4 1 0 2 0 0 1 0 0 0 0 0 0 0 0 0 0 0 0 0 0 0 0 0 0 0 0 10 16 42 22 28 39 71 20 0 9 4 6 18 39 0 9 0 1 0 0 0 0 0 0 27 6 0 0 0 19 31 0 12 3 16 0 0 0 0 0 0 0 0 0 0 3 0 0 0 0 0 0 0 0 2 0 0 0 0 0 0 0 0 0 0 0 0 0 0 0 0 0 0 0 0 0 0 0 44 25 0 4 0 42 0 0 0 19 9 0 15 0 16 21 1 19 17 21 0 0 0 0 0 0 16 19 1 0 0 0 14 22 2 0 17 0 20 16 0 0 0 15 0 0 0 0 0 0 0 0 0 0 0 0 0 0 0 0 0 0 0 0 0 0 0 0 1 0 0 0 0 0 14 1 0 78 0 2 0 0 0 0 0 0 0 0 0 0 0 0 0 0 0 0 0 0 0 6 0 9 0 0 0 1 0 0 0 0 
 5 0 0 0 0 0 0 3 0 0 0 1 2 0 0 0 0 0 0 3 111 123 152 160 0 230 71 56 148 278 71 142 286 140 294 100 128 120 52 125 66 3 0 0 2 2 72 2 1 3 1 0 3 39 3 3 0 66 67 0 0 0 4 0 3 0 0 0 3 0 0 0 0 1 3 51 0 0 0 0 0 0 0 0 0 0 0 0 0 0 0 0 0 0 0 0 0 0 0 0 22 0 0 0 0 9 0 32 21 11 19 16 1 0 0 10 23 0 16 20 85 0 0 0 0 0 9 7 18 38 0 0 2 17 13 25 31 0 53 7 0 0 0 0 0 0 2 2 0 0 0 0 3 0 0 0 0 0 0 0 0 0 0 0 0 24 9 0 0 0 0 0 0 0 0 0 0 0 0 0 0 14 20 0 33 0 0 0 0 0 0 10 0 18 16 6 0 0 17 24 10 0 21 0 0 0 10 0 19 12 5 0 1 17 47 9 31 0 33 0 0 0 0 10 0 0 0 0 0 0 0 21 0 0 0 0 0 0 0 0 0 0 0 0 0 0 0 0 0 0 0 0 0 0 10 1 6 1 78 0 9 3 0 0 0 0 11 0 0 0 0 0 0 0 0 0 0 0 0 0 0 0 11 0 0 0 13 0 0 0 
 0 0 0 0 0 2 0 0 0 0 2 0 0 0 2 0 1 0 0 2 50 31 37 48 230 0 38 28 572 51 59 52 39 275 45 43 66 64 44 46 44 38 0 1 0 5 78 34 93 2 62 0 90 76 6 127 0 38 157 0 1 0 3 0 3 0 14 3 0 0 0 0 2 2 2 0 0 0 0 0 0 0 0 0 0 0 0 0 0 0 0 1 0 0 0 0 0 0 0 0 0 0 0 0 0 18 0 0 2 0 0 15 0 0 0 0 0 2 0 2 9 28 10 1 0 0 8 5 45 35 8 9 0 100 75 16 14 12 20 7 0 0 1 0 0 0 0 0 0 0 0 0 0 0 0 0 0 0 6 0 0 0 0 0 0 0 0 0 0 0 0 0 0 0 0 0 0 0 0 0 0 0 0 0 2 30 0 0 0 0 0 0 2 0 0 0 0 0 0 0 10 3 12 23 0 0 48 21 59 15 28 1 0 12 10 26 23 4 18 7 1 0 0 0 0 0 0 0 0 0 0 0 0 0 0 0 0 0 0 0 0 0 2 0 0 0 0 0 0 0 0 0 0 0 9 0 3 1 0 1 0 0 0 0 0 0 0 0 0 0 0 0 0 0 0 0 0 0 0 0 0 0 9 0 0 22 0 0 0 0 
 5 5 3 77 50 82 4 3 3 3 32 40 3 3 8 162 79 31 5 6 252 187 132 187 71 38 0 176 315 44 288 106 154 359 34 133 39 56 320 158 0 3 0 0 4 2 3 8 0 4 0 0 3 0 3 3 0 3 3 0 7 0 3 0 3 47 0 0 0 0 0 0 0 0 2 0 0 0 0 0 0 0 0 0 0 23 0 0 0 10 10 0 0 0 0 1 0 22 0 10 30 5 31 1 1 0 17 19 29 0 28 10 1 35 31 18 12 22 13 39 0 0 0 0 0 0 0 0 0 0 0 0 11 0 0 0 2 6 0 0 0 0 0 0 2 0 0 11 0 0 1 0 6 0 0 0 1 0 0 0 0 0 0 0 11 24 0 0 0 0 24 10 0 0 2 0 0 0 2 0 0 0 0 2 16 0 20 11 0 0 0 0 9 35 8 1 34 0 11 21 0 0 0 0 0 0 0 0 0 0 0 0 0 0 0 0 0 0 0 0 0 0 0 0 0 0 0 0 0 0 0 0 0 0 0 0 0 0 0 0 0 0 0 0 0 0 0 0 0 74 0 0 14 2 8 0 2 0 0 0 2 0 0 0 0 0 0 2 0 0 0 0 0 0 0 0 0 0 0 19 0 0 0 0 0 0 0 0 0 0 
 0 0 0 35 74 75 0 0 0 0 0 0 0 0 2 0 0 76 0 0 45 76 527 73 56 28 176 0 95 262 117 103 93 78 131 112 49 131 281 415 0 65 0 3 10 5 3 5 0 4 8 0 3 0 3 4 0 3 3 0 3 0 53 0 3 51 0 6 3 2 0 3 0 0 3 7 0 0 0 0 0 0 0 0 0 39 0 0 1 0 0 0 0 0 0 0 0 0 0 0 20 36 29 15 0 13 20 15 0 40 15 0 13 10 19 30 17 16 0 0 0 0 0 0 0 0 0 0 0 0 0 0 0 0 0 0 0 0 31 1 0 0 0 0 0 0 0 0 0 0 0 0 0 0 0 0 5 0 0 0 0 0 8 0 0 1 0 0 0 0 31 0 0 0 0 0 0 0 0 0 0 0 18 14 21 0 0 22 10 23 12 4 10 27 26 76 28 35 0 33 0 14 0 0 0 0 0 0 2 0 0 0 9 0 1 0 0 0 1 8 0 0 0 0 0 0 0 0 2 0 0 0 0 1 0 41 2 0 0 0 0 0 0 0 0 0 0 0 0 0 9 0 0 0 4 0 3 0 143 1 2 2 0 0 0 0 0 0 0 0 0 0 0 0 0 0 1 0 0 0 0 2 0 0 0 0 0 0 0 0 
 0 0 0 0 0 0 0 0 0 0 0 0 1 74 0 0 0 1 0 4 322 61 369 236 148 572 315 95 0 74 63 195 256 347 216 170 37 185 75 133 0 3 0 0 2 2 3 2 0 2 0 0 65 0 3 3 0 3 3 0 0 0 7 0 3 0 0 0 0 0 0 0 0 0 2 0 0 1 0 0 0 0 0 0 0 0 0 0 0 0 0 0 0 0 0 0 0 1 0 0 18 6 25 40 21 18 11 30 58 12 18 0 7 9 25 63 3 25 0 2 10 0 0 0 0 0 13 0 0 0 0 0 0 0 0 0 0 2 2 0 0 0 1 0 0 14 0 28 0 0 0 0 0 0 0 0 0 0 0 0 0 0 0 0 0 14 0 0 0 0 0 0 0 0 0 0 0 1 0 0 0 53 17 34 26 46 2 32 3 20 8 6 14 14 15 31 18 16 10 0 6 0 0 0 0 0 0 0 0 0 0 2 0 0 0 0 0 0 24 6 0 0 0 1 0 0 0 0 0 0 0 0 0 0 0 0 0 0 0 0 0 0 2 0 0 0 0 0 0 0 0 0 0 0 3 2 1 0 77 0 4 1 0 0 0 0 8 0 0 0 0 0 0 0 0 0 0 0 0 11 0 7 0 8 0 0 4 0 0 1 
 0 0 0 0 0 0 0 0 0 1 0 0 0 0 4 0 0 0 74 0 238 45 296 116 278 51 44 262 74 0 76 67 70 77 102 69 190 283 73 88 55 3 0 2 0 2 66 64 1 2 0 0 142 128 3 5 0 3 67 30 0 0 54 0 3 0 0 0 3 0 0 0 0 0 2 0 0 0 0 0 0 0 0 0 0 0 0 0 0 0 0 0 0 0 0 0 0 0 0 0 0 0 31 19 34 21 12 30 53 11 0 25 13 0 0 67 0 0 0 0 11 0 0 0 0 0 29 30 0 0 0 11 48 0 0 22 9 0 0 20 0 6 0 0 0 0 0 0 0 5 0 0 0 0 0 6 0 0 0 0 0 0 0 0 0 1 0 0 0 0 0 0 0 0 0 0 0 0 0 1 18 10 18 49 0 9 0 0 0 0 24 14 0 0 27 8 0 12 0 0 13 8 0 0 0 0 24 52 1 0 0 0 26 34 3 0 0 37 8 24 0 0 0 0 0 0 0 0 2 0 0 0 0 1 0 0 2 0 0 0 0 0 20 0 0 0 0 0 0 0 0 0 0 0 13 0 1 228 0 3 2 18 0 0 0 0 0 0 0 0 0 0 0 0 0 0 1 0 0 0 0 0 1 0 0 23 0 0 0 0 
 204 2 2 2 1 88 2 2 1 1 1 2 2 1 2 2 1 2 1 1 122 28 136 69 71 59 288 117 63 76 0 61 121 40 139 61 107 121 317 101 0 7 0 1 88 2 3 2 0 2 1 0 3 0 3 3 0 3 3 0 0 0 3 0 13 5 0 50 0 0 0 1 0 0 2 0 0 0 0 0 0 0 6 0 0 0 0 0 0 0 0 8 0 0 0 0 0 0 0 0 14 10 1 52 0 0 20 20 3 14 41 1 14 0 9 13 30 10 0 1 0 0 0 2 0 0 1 0 0 0 0 12 10 0 0 0 0 0 1 0 0 0 0 0 0 0 0 0 0 0 0 0 0 0 0 0 0 0 0 0 0 0 0 1 0 0 2 0 4 0 0 1 0 0 0 0 0 0 0 0 14 16 10 19 17 20 5 49 24 6 13 0 0 10 0 13 36 13 0 0 0 11 0 0 0 0 0 0 0 0 0 0 0 0 17 0 0 0 15 28 0 0 0 0 0 0 0 0 0 1 0 0 0 0 2 0 0 0 0 0 0 0 0 0 0 0 1 0 0 0 0 0 0 0 9 0 0 0 76 1 3 0 0 0 0 0 0 1 0 0 0 0 0 0 0 0 0 0 0 0 0 7 0 0 0 0 0 0 0 0 
 2 0 0 0 0 0 0 0 0 0 0 0 0 0 0 1 0 1 0 0 249 203 191 58 142 52 106 103 195 67 61 0 254 108 38 67 270 266 38 101 0 7 0 2 0 2 95 2 0 2 0 0 3 32 3 3 0 3 3 0 0 0 4 0 3 47 0 0 3 0 0 0 0 1 2 0 0 0 0 0 0 0 0 0 0 0 0 0 0 0 0 0 0 0 0 0 0 0 0 0 12 0 0 0 17 14 0 0 73 10 0 13 0 6 0 0 7 9 0 0 18 0 0 0 0 0 0 0 0 0 0 0 4 27 0 15 2 0 22 28 0 0 0 0 2 0 0 0 0 0 0 0 0 0 0 0 20 0 0 0 0 0 0 0 0 0 0 0 13 0 0 0 0 0 0 0 0 0 0 0 7 18 37 24 34 12 0 0 0 11 5 27 0 14 8 25 2 0 0 0 4 19 0 0 0 0 10 6 0 2 0 0 14 10 11 0 12 8 12 0 0 16 0 0 0 0 0 0 0 0 0 0 0 0 0 0 0 0 0 0 0 0 19 0 0 1 0 0 0 0 0 0 0 2 16 0 3 6 79 4 6 14 66 0 0 0 10 0 0 0 0 0 0 0 0 0 0 0 0 9 0 0 1 0 0 0 16 0 0 0 
 0 0 74 76 22 19 0 0 87 61 1 0 0 0 0 5 5 0 0 0 216 47 75 64 286 39 154 93 256 70 121 254 0 154 383 125 62 72 159 139 0 6 3 23 3 4 6 2 2 2 0 0 2 0 10 6 0 5 3 0 23 3 3 0 5 0 0 4 0 0 5 3 0 3 5 4 10 3 3 0 0 0 0 0 3 17 0 0 0 9 0 0 0 0 17 0 0 2 0 0 1 28 109 14 19 0 33 19 30 0 42 17 7 29 44 12 93 11 0 0 0 0 0 0 0 0 1 0 0 0 0 15 10 0 0 0 0 0 0 0 0 0 0 0 0 0 0 4 0 6 0 0 0 0 11 0 10 0 13 0 0 0 0 17 2 14 0 11 14 0 11 15 2 0 0 0 0 0 0 0 12 68 5 0 9 22 26 28 38 2 9 0 11 0 0 10 50 12 22 0 0 0 0 4 0 0 0 0 0 0 0 0 0 0 0 0 0 0 0 0 0 0 0 0 0 0 0 2 0 0 0 0 0 0 0 0 0 0 0 0 0 0 0 0 0 0 76 0 0 74 0 0 0 0 20 0 0 0 0 2 0 0 0 0 0 0 0 0 0 0 2 0 0 0 1 0 0 0 0 0 0 8 0 0 2 0 0 0 0 0 
 0 0 72 0 73 5 2 2 0 2 5 0 1 0 5 0 0 0 0 0 84 343 142 312 140 275 359 78 347 77 40 108 154 0 287 213 42 179 379 95 0 70 2 3 1 5 8 2 3 2 3 0 3 2 3 3 0 3 3 0 0 0 10 0 3 61 0 1 0 0 0 0 3 2 2 0 0 0 0 0 0 0 0 0 0 0 0 0 0 0 0 0 0 0 0 0 0 0 0 0 21 10 0 22 27 38 13 53 43 38 0 2 26 0 29 9 34 2 0 9 15 0 0 0 2 0 10 0 0 0 1 13 9 0 0 0 0 0 32 0 0 0 0 0 0 0 0 0 0 0 0 0 19 0 0 0 10 0 0 0 0 0 0 0 0 0 0 0 0 0 0 0 0 0 0 0 7 0 0 0 24 23 12 20 0 38 0 1 2 21 0 1 41 3 16 65 58 50 0 24 0 1 11 0 0 0 0 0 0 1 0 0 1 0 0 0 0 0 20 0 0 0 0 0 0 9 0 0 0 0 0 0 0 0 0 0 0 9 0 0 0 0 0 0 0 0 0 0 0 0 0 0 0 0 14 2 2 0 0 0 0 1 0 0 0 0 26 0 0 0 0 0 0 0 0 0 0 0 0 0 0 4 0 0 0 0 13 0 0 0 
 1 0 0 0 0 0 0 0 0 0 0 0 0 0 1 0 0 0 0 0 297 236 644 144 294 45 34 131 216 102 139 38 383 287 0 248 204 223 61 119 58 65 0 1 5 1 3 2 0 3 7 0 3 0 3 3 0 3 3 0 0 0 5 0 2 0 0 0 4 0 0 0 0 0 2 0 0 0 0 0 0 0 0 0 0 0 0 0 0 1 0 0 0 0 0 0 0 0 0 0 25 0 0 9 15 0 0 11 16 84 17 0 20 0 2 12 34 0 18 0 24 2 0 0 0 0 0 0 1 0 0 0 10 0 9 0 0 0 39 0 0 0 16 0 0 0 0 0 0 2 0 0 0 0 0 0 9 0 0 0 0 0 0 0 0 0 0 0 16 0 0 33 0 0 0 0 0 0 0 0 0 19 56 10 17 26 2 21 0 64 24 14 27 0 8 17 31 48 0 11 0 0 0 0 0 0 0 0 0 0 0 0 1 0 0 0 0 0 13 5 0 0 0 0 0 0 0 0 0 0 0 0 0 0 0 20 0 0 0 0 0 0 1 0 0 0 0 0 0 0 0 0 0 0 15 2 1 0 5 2 0 1 0 0 0 0 36 0 0 0 0 0 0 0 0 0 0 0 0 0 0 38 0 0 0 0 12 0 0 0 
 0 0 0 0 76 0 0 0 0 0 0 0 0 0 0 0 78 0 0 0 174 415 558 194 100 43 133 112 170 69 61 67 125 213 248 0 144 196 114 102 6 3 0 0 5 3 3 0 0 0 2 0 0 1 3 3 8 0 0 0 0 2 3 3 2 0 0 0 5 0 0 3 0 2 0 2 0 1 3 0 0 0 0 0 0 2 0 0 2 0 0 0 0 0 0 0 0 0 0 0 18 10 8 0 27 0 16 38 53 19 0 5 8 0 26 12 39 4 14 10 3 0 0 0 0 0 2 1 0 0 19 0 3 0 2 0 0 0 9 0 0 0 0 0 0 2 0 4 0 0 0 0 3 0 0 0 0 0 0 0 0 0 0 0 0 45 0 0 30 0 0 25 0 0 0 0 0 0 0 0 11 31 14 0 15 17 0 0 0 13 28 10 27 39 12 9 0 17 15 22 0 0 0 0 0 0 0 0 0 0 0 0 0 0 1 0 0 0 14 0 0 0 0 1 0 0 0 0 0 0 1 0 0 0 0 20 0 0 0 0 0 0 0 0 0 0 0 0 0 0 12 0 0 0 4 0 0 0 0 1 1 0 0 0 0 0 5 0 0 0 0 0 0 0 0 0 0 0 0 0 0 0 0 0 0 0 28 0 0 0 
 2 1 0 0 0 5 0 0 0 0 3 2 0 0 2 0 0 0 0 2 30 280 213 46 128 66 39 49 37 190 107 270 62 42 204 144 0 102 23 115 0 4 2 1 5 2 3 4 1 2 34 2 64 63 3 3 1 3 3 29 0 0 3 0 3 0 0 0 4 0 0 1 0 0 3 0 51 1 0 0 0 0 0 0 0 12 0 0 0 0 0 1 0 0 0 0 0 0 0 0 0 0 11 0 36 0 12 31 19 37 12 35 0 0 0 26 11 2 0 0 30 0 0 0 0 0 18 18 0 0 0 12 39 15 0 1 0 2 11 21 0 8 1 0 0 0 3 0 0 8 0 0 0 4 0 0 0 0 0 0 0 0 2 0 0 0 0 0 14 0 0 1 0 0 0 0 0 0 0 0 12 13 33 20 19 19 0 59 16 0 0 13 2 0 6 16 12 12 0 18 0 0 0 0 0 0 36 24 0 0 0 0 40 13 0 0 0 0 0 28 1 0 0 0 0 0 0 0 0 0 0 0 0 0 0 0 5 0 1 0 0 0 0 0 0 0 0 0 0 0 0 0 0 0 9 0 2 76 76 0 1 6 0 0 0 0 9 0 0 0 0 0 0 0 0 0 0 0 0 0 0 5 0 0 0 9 6 0 0 0 
 0 0 0 2 0 0 0 0 0 0 2 0 0 0 5 0 31 0 3 0 159 87 287 202 120 64 56 131 185 283 121 266 72 179 223 196 102 0 50 34 0 4 2 2 1 6 3 3 0 2 3 2 69 0 3 5 0 3 3 0 0 0 6 0 3 0 0 0 6 0 0 0 0 0 2 2 5 0 0 51 0 0 0 0 0 0 0 0 13 0 0 0 0 0 0 0 0 0 0 0 0 0 15 15 46 44 23 13 33 8 19 0 4 0 19 9 1 1 0 0 10 0 0 0 0 0 11 2 0 0 0 12 43 0 0 1 0 0 1 1 0 0 2 0 0 0 0 4 0 0 0 0 0 10 0 0 3 0 0 0 0 0 0 0 0 0 0 0 0 3 0 0 0 0 0 0 0 1 0 0 24 24 29 23 0 76 0 13 0 47 10 0 15 0 24 38 47 13 7 0 0 1 0 0 0 0 0 20 0 1 0 2 24 0 0 0 0 0 19 13 2 0 0 2 0 0 0 0 0 0 0 0 0 0 0 0 0 0 0 0 0 0 22 0 0 1 0 2 0 0 0 0 0 0 7 0 2 75 5 1 2 3 0 0 2 0 10 0 0 0 0 0 0 0 0 0 0 0 0 13 0 28 0 0 0 11 1 0 0 0 
 202 2 35 75 64 85 0 0 74 0 75 0 0 0 1 0 3 0 2 2 166 200 51 69 52 44 320 281 75 73 317 38 159 379 61 114 23 50 0 79 0 5 0 2 22 2 3 2 0 2 0 0 3 0 3 3 0 5 3 2 2 2 3 0 3 39 0 0 3 0 0 0 0 0 2 0 0 0 2 0 0 0 0 0 19 10 0 0 0 0 0 0 0 0 2 0 0 0 0 0 17 65 9 53 2 2 20 8 17 1 23 13 18 23 9 0 1 23 8 0 0 0 0 0 0 0 0 0 0 0 0 1 2 0 0 0 0 0 0 12 0 0 0 0 0 0 0 0 0 0 0 1 19 0 0 0 0 0 0 0 0 0 0 0 9 0 0 0 1 0 16 0 0 0 0 2 0 0 0 0 20 1 0 1 5 8 5 28 13 21 12 0 1 24 2 0 8 0 0 0 0 11 0 0 0 0 0 0 0 0 1 0 0 0 0 0 0 0 0 0 0 0 0 0 0 2 0 0 0 0 0 0 0 26 0 23 0 0 0 0 0 0 0 0 0 0 76 0 0 0 0 0 0 0 6 0 0 0 0 0 2 0 0 0 0 0 0 0 0 0 0 0 0 0 0 0 0 11 0 0 0 0 0 0 0 0 0 0 0 0 
 85 2 3 3 5 4 3 3 5 2 76 31 75 3 6 76 75 73 3 3 133 87 95 228 125 46 158 415 133 88 101 101 139 95 119 102 115 34 79 0 0 3 0 26 20 2 3 4 0 3 7 0 3 0 3 3 0 3 3 0 4 0 3 0 2 0 0 0 0 0 0 1 0 0 2 0 0 0 0 0 0 38 0 19 0 12 0 0 0 0 24 0 0 0 0 0 0 7 1 0 9 1 0 0 1 0 2 44 12 3 21 0 0 22 9 20 13 9 12 29 0 0 0 0 0 0 0 0 0 0 0 0 0 0 0 1 0 0 17 0 0 0 0 0 0 0 0 3 0 0 0 0 5 0 0 0 0 0 0 0 0 0 0 8 0 12 0 0 0 0 14 8 0 1 0 0 0 0 0 0 14 0 0 1 14 0 13 12 1 0 0 0 0 12 7 22 9 0 14 38 0 0 0 0 0 0 0 0 0 0 9 0 0 0 0 0 0 27 0 0 0 0 0 0 2 0 0 0 22 0 0 0 0 0 0 1 0 0 0 0 0 0 0 0 0 0 0 0 0 106 0 0 14 0 8 0 1 0 11 0 5 0 0 0 0 0 0 0 0 0 0 0 1 0 0 0 0 2 0 19 0 0 0 0 0 0 0 0 0 0 
 2 7 0 0 0 0 0 3 0 2 0 0 0 0 0 0 0 0 28 3 0 0 0 52 66 44 0 0 0 55 0 0 0 0 58 6 0 0 0 0 0 125 79 48 48 164 400 98 216 44 109 12 54 53 50 113 105 77 172 45 2 0 7 0 2 0 0 0 5 0 0 0 3 0 0 0 0 0 1 0 0 0 0 0 0 0 0 0 0 0 0 0 0 0 0 0 0 0 0 0 0 0 0 0 10 3 0 0 0 6 0 0 0 0 0 1 0 0 0 0 0 7 18 50 9 11 34 8 15 12 0 0 13 12 7 0 22 13 7 6 0 2 0 0 5 0 0 0 9 0 0 0 11 0 0 0 0 6 10 0 0 0 0 0 0 0 0 0 0 0 0 0 0 0 0 0 0 0 0 0 0 0 0 0 0 0 0 0 0 7 0 0 0 0 0 0 0 0 0 0 0 4 0 39 0 7 7 24 12 19 0 9 12 5 12 20 1 8 12 19 0 1 0 0 0 0 0 0 0 0 0 2 0 0 16 0 7 27 0 0 0 0 0 0 0 0 0 0 0 0 0 12 0 0 0 0 0 70 0 9 0 0 0 0 0 11 0 0 0 0 12 0 0 0 0 1 0 0 0 0 0 0 0 0 0 0 0 0 0 0 
 5 0 0 0 0 0 0 0 0 0 0 0 0 0 3 0 0 69 0 4 3 3 5 7 3 38 3 65 3 3 7 7 6 70 65 3 4 4 5 3 125 0 188 337 88 72 334 101 365 246 78 61 110 136 121 331 92 99 42 277 0 0 0 0 0 0 8 0 0 0 0 0 205 0 0 0 1 4 1 0 0 0 0 0 0 0 0 0 0 0 0 0 0 0 0 0 0 0 0 0 0 0 0 4 0 0 0 0 0 19 0 0 0 0 0 0 0 7 0 0 11 2 15 12 19 39 0 0 0 0 4 0 0 15 9 10 14 3 19 2 4 0 0 0 0 0 0 0 0 0 0 0 16 0 0 0 5 0 1 3 0 0 0 0 0 0 0 0 0 0 0 0 0 0 0 6 0 0 0 0 0 0 0 0 2 16 0 0 0 7 0 6 0 0 0 26 21 3 0 0 9 13 1 26 0 36 1 0 0 47 8 11 1 0 0 39 0 16 0 0 0 1 32 0 3 0 1 0 0 1 0 0 0 0 9 0 0 0 0 0 0 0 0 0 0 0 0 0 0 0 0 9 0 2 0 0 0 0 0 11 0 0 0 0 0 19 2 0 0 0 0 0 0 0 0 0 0 0 0 0 0 9 0 0 2 22 0 13 2 0 
 2 2 2 2 2 3 2 2 2 2 2 2 2 2 2 2 31 2 2 2 0 0 0 0 0 0 0 0 0 0 0 0 3 2 0 0 2 2 0 0 79 188 0 89 89 29 347 159 400 206 266 87 69 500 49 121 125 92 51 29 0 8 0 0 0 0 106 0 0 0 1 0 52 16 0 0 8 0 56 50 0 0 0 0 0 0 0 0 0 0 0 0 0 0 0 0 0 0 0 0 0 0 0 0 0 0 0 0 0 0 0 0 0 0 0 0 0 0 0 0 0 0 21 0 31 35 0 0 9 11 19 21 0 0 30 3 0 17 0 0 13 0 0 0 0 0 8 0 11 0 0 4 0 2 28 0 0 0 23 1 0 0 0 0 0 0 0 0 0 0 0 0 0 0 0 7 0 0 0 0 0 0 0 0 0 0 0 0 0 0 0 0 0 0 0 0 0 0 0 0 0 0 18 0 14 6 0 0 0 19 23 23 0 0 0 0 13 39 0 0 10 20 0 0 2 42 25 15 6 4 0 0 6 22 0 0 0 0 27 0 0 0 19 0 0 0 0 0 0 0 0 4 0 0 0 0 0 0 0 10 0 1 0 1 1 1 2 0 0 0 0 0 0 0 0 0 0 0 0 0 0 0 0 0 0 0 0 8 0 0 
 9 5 9 13 3 8 3 4 4 3 13 1 5 4 2 6 3 3 3 5 2 0 0 2 0 1 0 3 0 2 1 2 23 3 1 0 1 2 2 26 48 337 89 0 121 136 145 59 302 136 201 108 71 79 71 68 61 271 55 75 117 0 0 6 13 12 50 3 0 0 0 0 49 0 54 0 0 2 0 49 14 0 0 0 2 3 0 0 0 0 0 4 0 0 0 0 0 8 0 15 2 0 0 0 0 0 7 0 9 0 0 0 2 13 2 0 2 0 0 0 0 0 0 0 19 0 0 0 0 0 13 0 0 0 0 0 0 0 0 20 0 24 41 0 0 0 19 0 0 12 16 11 2 0 7 0 3 0 40 11 0 0 0 4 0 5 0 0 0 0 3 3 0 0 0 0 0 0 0 9 0 1 0 0 0 0 0 0 1 0 0 2 0 0 0 0 0 0 4 0 1 0 0 0 0 18 0 0 0 0 0 8 0 0 0 0 0 0 0 0 23 0 14 9 2 0 23 13 21 1 6 0 22 12 8 0 7 0 67 43 0 0 0 0 0 0 15 0 0 0 0 1 0 1 0 0 0 1 0 0 0 0 1 6 0 2 4 66 2 0 1 0 0 0 0 0 5 0 0 0 0 0 0 0 0 0 0 0 1 0 
 0 39 23 76 0 0 0 0 60 42 1 48 0 0 3 0 0 0 2 0 0 2 4 1 2 0 4 10 2 0 88 0 3 1 5 5 5 1 22 20 48 88 89 121 0 95 125 148 89 217 96 160 106 81 308 68 40 41 62 67 42 51 1 3 69 0 68 2 0 0 0 47 6 0 1 0 0 0 55 52 0 0 42 0 0 0 0 0 0 0 0 12 0 0 0 0 0 3 0 0 0 0 0 0 0 0 0 0 0 3 5 0 0 5 0 8 0 0 0 0 2 17 38 0 0 14 0 0 0 16 14 0 0 0 21 11 0 11 7 0 2 0 0 0 0 3 0 0 0 0 0 0 0 0 8 0 3 0 13 21 0 0 15 0 9 0 0 0 0 13 0 0 0 0 0 10 0 0 0 0 0 0 4 0 5 0 0 4 0 0 0 0 0 0 0 17 0 0 0 5 0 0 22 0 1 2 0 0 0 8 14 19 0 0 0 0 0 20 8 3 11 24 0 0 0 0 20 0 0 0 0 0 1 0 0 0 0 0 10 0 0 0 11 0 0 0 53 0 0 0 0 13 0 1 0 0 0 0 13 0 0 27 0 2 2 0 2 0 2 0 0 0 0 0 0 0 0 0 0 0 0 1 0 0 0 0 0 13 1 0 
 2 4 2 2 2 2 2 2 2 2 3 3 2 3 5 2 2 3 2 3 207 3 5 3 2 5 2 5 2 2 2 2 4 5 1 3 2 6 2 2 164 72 29 136 95 0 54 249 47 104 126 104 51 41 59 65 118 59 42 41 52 0 0 5 4 26 211 50 3 0 2 0 3 0 101 52 2 0 50 50 0 0 0 0 0 0 0 10 0 0 3 0 0 9 0 0 0 0 0 0 0 0 0 6 0 0 0 0 0 0 0 0 0 0 0 7 0 0 0 0 0 0 8 9 19 10 0 0 0 0 13 0 0 0 0 0 17 0 0 0 0 0 1 0 0 8 20 0 4 0 22 0 30 1 2 0 0 0 26 8 0 0 0 0 0 0 0 0 0 8 14 0 0 0 0 0 0 0 0 0 0 0 0 0 0 0 0 0 0 0 0 0 0 0 0 0 0 0 0 0 0 0 0 8 0 33 0 0 0 11 0 37 0 0 0 33 0 0 0 0 16 20 19 7 0 0 19 9 36 14 12 0 21 25 34 22 1 0 30 34 21 0 0 0 0 0 0 0 0 0 0 0 0 0 0 0 0 0 0 11 0 0 0 0 0 19 11 2 0 0 1 0 0 0 0 0 0 0 0 0 0 0 0 0 0 0 0 0 0 0 
 30 2 2 2 2 2 2 2 2 2 2 2 2 2 2 2 5 2 2 11 3 3 3 69 72 78 3 3 3 66 3 95 6 8 3 3 3 3 3 3 400 334 347 145 125 54 0 489 432 29 103 346 220 147 396 33 100 103 121 223 7 0 0 2 0 0 2 6 19 8 2 0 204 0 16 1 0 8 0 10 0 0 0 0 0 0 0 0 0 0 0 0 1 0 0 0 0 0 0 0 0 0 0 0 14 0 0 0 0 7 0 10 0 0 0 0 0 0 0 1 16 0 0 34 0 15 14 31 0 21 0 0 0 44 30 25 27 0 4 14 6 10 0 3 0 20 0 8 2 1 6 0 0 0 0 9 0 0 0 0 0 2 0 0 0 0 0 0 0 0 19 0 0 0 0 0 0 0 0 0 0 0 0 0 51 0 0 0 0 0 0 0 0 0 0 0 0 0 0 0 0 32 20 0 0 15 19 0 52 28 70 12 9 25 36 10 25 11 0 7 0 2 5 0 0 15 0 0 0 0 8 0 0 0 0 1 0 0 0 0 0 0 0 0 0 0 0 0 0 0 0 6 0 0 0 0 0 28 0 0 0 0 6 0 0 2 1 0 0 0 0 0 0 0 0 0 0 0 0 0 0 0 0 0 4 0 0 4 0 0 
 5 0 0 0 0 72 0 0 0 0 0 0 0 0 0 0 0 0 0 3 2 2 3 65 2 34 8 5 2 64 2 2 2 2 2 0 4 3 2 4 98 101 159 59 148 249 489 0 79 110 101 100 151 560 335 261 110 461 400 368 0 0 0 0 0 0 0 0 0 5 0 51 0 0 0 0 0 0 0 0 0 0 0 0 0 0 0 0 0 0 0 0 0 0 0 0 0 0 0 0 0 0 0 0 16 0 0 0 0 0 0 14 0 0 0 19 0 11 0 0 9 17 10 26 0 0 14 40 17 56 24 2 37 0 16 37 20 26 18 14 1 0 0 0 0 0 0 4 0 0 0 0 7 0 0 17 0 0 0 0 0 0 11 0 0 0 0 0 0 0 0 0 0 12 0 0 0 0 0 0 0 0 0 0 15 0 0 0 0 0 0 1 0 0 0 0 0 0 0 0 0 11 1 4 31 9 35 0 25 27 39 1 0 18 42 0 44 0 0 5 0 0 0 0 0 0 0 7 0 0 0 0 0 0 0 0 0 0 0 0 0 0 0 0 0 0 0 0 0 19 0 1 0 2 2 0 0 29 0 2 0 0 66 0 67 1 3 0 0 0 38 0 0 0 0 0 0 0 0 0 0 0 0 0 10 0 0 0 2 0 
 3 3 3 3 3 5 3 6 3 3 5 3 3 3 6 3 3 3 3 4 0 2 0 1 1 93 0 0 0 1 0 0 2 3 0 0 1 0 0 0 216 365 400 302 89 47 432 79 0 85 336 168 266 449 139 58 99 154 175 56 0 0 0 1 0 6 0 0 0 0 0 0 0 0 0 0 7 0 0 0 0 0 0 0 0 0 0 0 0 0 7 0 0 0 0 0 0 0 0 0 0 0 0 0 0 0 0 15 0 1 0 20 0 0 2 0 0 0 0 0 19 41 10 23 13 18 1 0 82 27 12 9 9 8 25 20 10 11 18 3 23 1 0 0 0 0 16 0 0 1 0 0 0 0 0 0 0 0 4 0 0 0 0 0 0 0 0 0 0 0 0 0 0 0 0 0 0 0 0 0 0 0 0 0 0 0 0 0 0 0 36 0 0 0 0 0 0 3 0 0 0 30 0 22 15 0 20 20 8 0 39 0 0 0 12 0 41 5 0 19 0 0 0 0 0 0 41 21 0 0 0 0 1 0 23 0 0 0 0 4 0 0 0 0 0 0 0 0 0 0 0 7 0 1 0 0 0 1 0 1 0 27 0 0 1 0 0 1 0 0 9 0 0 0 1 0 0 0 0 0 0 0 0 0 0 0 0 10 1 0 
 0 0 0 0 0 0 0 0 0 0 0 0 0 0 4 61 0 0 0 1 2 2 2 4 3 2 4 4 2 2 2 2 2 2 3 0 2 2 2 3 44 246 206 136 217 104 29 110 85 0 370 66 64 87 197 238 127 31 60 75 0 1 0 0 54 0 29 0 0 0 0 0 3 0 0 0 1 0 5 23 0 0 0 0 0 0 0 0 0 0 0 0 0 0 0 0 0 0 0 0 0 0 0 0 8 15 0 0 0 0 0 0 0 0 0 0 0 0 0 0 6 24 18 19 0 19 3 12 0 15 23 39 0 0 1 5 4 15 0 11 0 0 0 0 0 0 1 11 0 0 0 0 0 0 2 0 8 0 0 4 0 0 0 0 0 0 0 0 0 0 0 0 0 0 0 1 0 0 0 0 0 0 0 0 0 0 0 0 0 0 0 15 6 0 0 0 0 0 0 0 0 11 31 0 8 0 0 1 0 10 12 10 0 0 29 0 0 23 0 0 24 2 0 0 0 0 16 43 0 0 0 0 32 11 0 0 0 0 25 0 0 0 10 0 0 0 0 0 0 0 0 6 0 0 0 0 0 0 0 9 0 0 2 65 39 1 3 0 0 0 0 0 0 0 0 0 0 0 0 0 0 0 7 0 8 0 0 0 0 0 
 2 2 2 2 2 8 2 2 2 2 5 4 2 2 7 2 2 2 4 2 0 3 11 1 1 62 0 8 0 0 1 0 0 3 7 2 34 3 0 7 109 78 266 201 96 126 103 101 336 370 0 192 37 45 378 377 154 198 94 117 54 0 0 12 3 51 50 0 0 0 0 0 0 0 0 0 0 0 0 50 0 0 0 0 0 0 0 0 0 0 0 0 0 0 0 0 0 0 0 5 0 0 0 0 0 0 0 0 14 4 0 0 0 0 0 2 0 0 0 0 14 3 0 24 0 4 8 40 0 12 17 0 0 0 0 1 24 0 24 0 7 17 20 0 0 0 0 0 0 0 0 0 5 0 8 7 8 0 12 10 0 0 0 0 0 0 0 0 0 0 0 0 0 0 0 1 0 0 0 3 0 0 0 0 1 2 0 26 0 0 0 0 0 0 0 1 1 0 0 2 0 27 10 15 0 26 0 20 0 13 24 11 0 0 11 11 11 13 0 7 12 1 28 13 12 13 10 14 4 0 0 0 17 17 0 0 8 0 14 9 0 11 0 0 0 0 0 0 0 0 0 12 0 1 0 0 0 0 5 1 0 1 30 31 0 1 0 63 0 0 0 0 0 0 0 0 0 0 0 0 0 9 0 0 16 0 0 0 1 0 
 5 0 0 0 0 0 0 0 0 0 2 0 0 0 3 0 0 0 0 3 0 0 0 0 0 0 0 0 0 0 0 0 0 0 0 0 2 2 0 0 12 61 87 108 160 104 346 100 168 66 192 0 267 231 87 38 139 51 18 30 47 1 1 16 0 3 1 0 2 0 1 0 1 1 56 1 1 2 0 2 0 0 0 0 0 0 0 0 0 0 0 0 0 0 0 0 0 0 0 0 0 0 0 0 0 0 0 0 0 0 0 0 0 0 0 8 0 0 0 0 26 6 0 41 10 13 0 19 0 8 39 0 13 0 29 9 10 0 0 0 4 26 13 0 0 0 10 0 0 0 0 9 5 0 10 2 11 0 0 12 0 0 0 0 0 18 0 0 0 0 0 0 0 0 0 0 0 0 16 8 0 0 0 0 0 0 0 0 0 0 0 0 0 0 0 0 0 0 0 0 0 17 1 0 33 27 0 7 0 12 38 0 0 0 7 0 41 9 0 0 17 0 0 0 0 0 12 39 1 0 0 0 30 10 5 0 0 0 2 1 0 0 0 0 0 0 1 0 0 0 0 6 0 0 0 0 0 0 0 11 0 0 102 64 6 1 3 62 2 2 12 0 0 0 0 0 0 0 0 0 0 0 0 0 14 0 0 5 0 0 
 0 0 0 0 0 0 0 0 0 0 0 0 0 0 0 0 0 0 0 1 2 64 67 2 3 90 3 3 65 142 3 3 2 3 3 0 64 69 3 3 54 110 69 71 106 51 220 151 266 64 37 267 0 205 60 129 36 264 131 178 0 0 0 0 0 0 210 0 0 0 0 0 0 0 0 0 0 0 5 0 0 0 0 0 0 0 0 0 0 0 0 0 0 0 0 0 0 0 0 0 0 0 19 0 15 51 0 0 0 0 0 45 0 0 0 2 0 0 0 0 16 9 0 0 0 6 8 28 16 30 15 0 14 11 1 76 0 6 18 9 5 3 6 0 0 0 0 0 0 2 0 0 4 0 0 0 13 0 0 9 0 0 0 0 0 0 0 0 0 0 0 0 0 0 0 0 0 0 0 0 41 0 15 23 0 27 0 0 0 16 0 0 0 0 0 0 0 0 0 0 10 0 0 0 6 0 19 10 13 17 15 9 22 15 9 28 14 17 0 21 0 0 0 0 1 0 6 0 0 0 0 0 0 0 5 0 0 0 0 4 0 0 4 0 0 0 0 0 0 0 0 6 0 1 0 0 0 82 1 0 1 0 2 0 0 1 0 0 0 0 0 0 0 0 0 0 0 0 0 0 0 0 0 0 0 78 0 0 2 0 
 3 5 3 3 70 3 3 3 3 3 6 3 3 3 5 3 3 3 5 3 0 0 64 0 39 76 0 0 0 128 0 32 0 2 0 1 63 0 0 0 53 136 500 79 81 41 147 560 449 87 45 231 205 0 194 107 113 248 94 447 0 2 0 0 0 0 8 0 0 12 0 3 0 12 0 0 0 0 211 0 0 0 0 0 12 0 0 0 0 0 0 0 0 0 0 0 11 0 0 0 0 0 14 0 13 5 0 0 0 3 0 51 0 0 0 2 0 0 0 0 14 0 0 0 0 0 11 21 0 0 0 0 3 31 14 47 0 0 20 57 0 7 6 0 0 0 4 0 1 4 0 3 0 0 0 0 13 0 14 5 0 0 0 0 0 0 0 0 0 0 0 0 0 0 0 0 0 0 0 0 0 0 0 14 43 25 0 0 8 0 0 21 0 0 0 0 0 0 0 0 0 0 0 0 8 4 16 18 31 13 0 0 20 16 11 11 16 5 0 3 0 0 0 0 4 0 0 2 4 2 0 0 0 0 0 0 0 0 0 5 0 0 0 0 0 0 0 0 0 26 0 13 0 0 0 0 0 28 80 0 7 0 0 0 0 0 2 0 2 0 0 0 0 0 0 0 0 0 0 0 0 0 0 0 0 0 0 0 2 0 
 0 0 0 0 0 0 0 0 0 0 0 0 0 0 0 0 0 1 0 0 3 3 3 6 3 6 3 3 3 3 3 3 10 3 3 3 3 3 3 3 50 121 49 71 308 59 396 335 139 197 378 87 60 194 0 450 159 154 178 102 0 0 0 0 0 0 0 0 0 5 0 3 0 0 3 0 0 0 0 0 0 0 0 0 0 0 0 0 0 0 0 0 0 0 0 0 0 0 0 0 0 0 0 0 11 1 0 0 18 0 0 0 0 0 0 0 0 0 0 0 8 9 3 15 4 10 4 11 0 0 2 17 0 11 18 12 26 3 0 8 1 0 0 0 0 14 0 0 0 0 0 11 0 0 0 0 0 0 0 0 0 6 0 0 0 0 0 0 0 36 0 0 0 0 0 0 0 0 0 0 0 0 0 0 12 36 0 0 0 0 0 0 0 0 0 0 0 0 0 0 0 36 10 19 22 0 1 19 7 1 12 12 6 0 0 12 0 11 0 13 0 0 0 0 2 0 0 0 7 0 0 0 14 0 8 0 0 0 18 0 0 0 0 0 0 0 0 0 0 0 0 5 0 2 0 0 0 64 0 9 0 0 3 0 0 21 1 0 0 0 0 0 0 0 0 0 0 0 0 0 0 0 0 0 7 0 0 24 2 0 
 0 0 0 0 0 3 0 0 0 0 0 0 0 0 0 0 0 0 0 0 3 3 3 3 3 127 3 4 3 5 3 3 6 3 3 3 3 5 3 3 113 331 121 68 68 65 33 261 58 238 377 38 129 107 450 0 137 296 154 211 0 0 0 0 0 0 3 0 0 10 0 0 0 0 0 0 0 0 0 0 0 0 0 0 0 0 0 0 0 0 0 0 0 0 0 0 0 0 0 0 0 0 0 0 0 0 0 0 0 0 0 0 0 0 0 0 0 0 0 0 8 21 9 11 0 7 0 2 37 15 22 20 15 28 32 17 0 46 0 18 3 19 0 0 8 0 20 3 0 0 0 0 3 1 0 0 2 0 12 6 0 5 0 0 0 0 0 0 0 0 0 0 0 0 0 0 0 0 0 0 0 0 0 0 15 14 0 0 0 0 0 0 0 0 0 0 0 0 0 0 0 26 0 20 31 0 22 3 15 38 16 52 10 0 0 27 0 0 0 15 23 0 0 0 0 0 2 54 0 1 0 0 22 6 19 0 0 0 0 21 0 0 0 0 0 0 0 0 0 0 0 7 0 0 0 0 0 0 0 1 0 0 2 0 64 0 0 0 0 0 15 0 0 0 0 0 0 0 0 0 0 0 0 0 6 23 0 0 0 0 
 0 2 0 0 0 3 0 0 0 0 0 0 0 0 0 0 0 0 0 0 0 0 0 2 0 0 0 0 0 0 0 0 0 0 0 8 1 0 0 0 105 92 125 61 40 118 100 110 99 127 154 139 36 113 159 137 0 166 45 111 0 2 4 0 0 2 5 0 0 0 0 4 0 2 0 0 0 0 3 0 0 0 0 0 0 0 0 0 0 0 0 0 0 0 0 0 0 0 0 0 0 0 0 0 0 0 0 0 0 0 0 0 0 0 0 0 0 0 0 0 0 0 7 17 6 2 0 0 16 9 4 48 0 0 0 0 24 43 0 0 15 0 0 0 4 0 47 13 0 0 0 0 0 1 4 8 0 4 0 0 0 1 0 0 0 0 0 0 0 0 0 9 0 0 0 0 0 0 0 1 0 0 0 0 0 0 18 0 0 0 0 0 0 0 0 0 0 18 0 0 0 27 22 11 46 8 0 0 0 11 0 16 10 0 0 9 37 0 0 20 0 0 0 0 0 0 17 16 0 0 1 4 23 3 41 0 0 4 0 21 0 0 0 0 0 0 0 0 0 0 0 10 0 0 1 0 0 0 0 18 0 0 63 0 65 14 0 0 2 0 5 0 0 0 0 1 0 0 0 0 0 0 0 0 15 0 0 0 0 0 
 0 63 0 0 0 10 0 0 0 0 2 0 0 0 3 0 0 3 0 0 4 6 60 3 66 38 3 3 3 3 3 3 5 3 3 0 3 3 5 3 77 99 92 271 41 59 103 461 154 31 198 51 264 248 154 296 166 0 153 119 0 50 0 0 0 1 0 0 0 0 0 0 0 0 0 0 0 0 0 0 0 0 0 0 0 0 0 0 0 0 0 0 0 0 0 0 0 0 0 0 0 0 0 0 0 0 0 12 0 0 0 0 0 0 0 0 0 0 0 0 13 29 64 9 16 5 2 2 54 37 12 3 0 4 0 0 35 21 21 0 41 0 0 0 0 0 0 0 0 0 0 0 3 0 0 2 2 0 0 4 0 4 0 0 0 0 0 0 0 0 0 0 0 0 0 0 0 0 0 0 0 0 0 0 0 0 0 0 0 0 0 0 0 0 0 0 0 0 0 0 0 27 4 11 15 35 18 32 0 0 14 34 26 0 1 19 62 12 21 6 1 0 0 0 12 0 2 0 0 0 0 0 0 0 2 0 0 0 0 0 0 0 11 0 0 0 0 0 0 0 0 6 0 1 0 0 0 0 0 3 0 1 66 1 2 0 1 1 0 0 0 0 0 0 0 0 0 0 0 0 0 3 0 0 21 0 0 0 1 0 
 0 0 0 63 0 0 0 0 0 0 0 61 0 0 0 0 0 0 1 0 3 3 4 68 67 157 3 3 3 67 3 3 3 3 3 0 3 3 3 3 172 42 51 55 62 42 121 400 175 60 94 18 131 94 178 154 45 153 0 168 0 0 0 0 0 1 0 0 0 3 0 7 0 0 0 0 0 0 0 0 0 0 0 0 0 0 0 0 0 0 0 0 0 0 0 0 0 0 0 0 8 0 0 0 8 0 0 0 0 1 0 1 0 0 19 0 0 0 14 0 8 35 7 0 0 0 18 26 12 23 10 0 22 15 12 14 35 4 8 10 0 0 0 0 2 8 0 0 0 0 0 21 0 0 0 0 1 10 9 0 0 1 0 0 0 0 0 0 0 0 0 0 0 0 0 0 0 0 0 0 0 0 0 0 10 0 0 0 0 0 0 0 0 0 0 0 0 0 0 0 0 9 0 13 27 0 16 20 31 1 7 0 0 14 18 7 7 0 12 18 0 0 0 0 0 0 0 0 0 0 0 8 0 0 0 0 0 0 0 0 0 0 0 0 0 0 0 0 0 0 0 13 0 2 0 0 0 20 0 0 0 0 3 0 0 0 0 0 1 0 16 0 0 0 0 5 0 0 0 0 0 0 0 0 0 0 0 0 0 0 
 6 0 0 0 0 2 0 0 0 0 4 0 0 0 3 0 3 0 1 0 0 0 32 6 0 0 0 0 0 30 0 0 0 0 0 0 29 0 2 0 45 277 29 75 67 41 223 368 56 75 117 30 178 447 102 211 111 119 168 0 0 0 2 0 0 0 0 0 0 5 0 0 0 0 0 3 0 0 0 0 0 4 0 0 0 0 0 0 0 0 0 0 1 5 0 0 0 0 0 5 0 0 13 0 53 0 0 0 0 0 10 24 0 0 0 9 0 0 0 0 0 6 0 49 0 0 0 54 6 11 0 0 47 17 11 27 47 6 0 32 4 0 0 0 0 0 0 0 0 0 0 0 0 0 0 30 0 0 0 0 0 8 0 0 0 0 0 19 0 0 0 0 0 4 1 0 0 0 9 0 0 0 0 13 8 11 0 0 0 0 0 3 0 0 0 0 0 9 0 0 0 14 1 15 22 10 15 8 10 7 8 0 25 8 6 0 15 0 0 41 0 0 0 0 0 0 0 0 19 0 0 0 0 0 7 0 0 0 0 0 0 0 0 0 0 0 0 0 0 0 0 12 0 0 0 0 0 126 0 9 0 0 64 0 0 26 0 0 2 0 25 0 0 0 0 0 0 0 0 0 0 0 0 0 13 7 0 0 1 0 
 0 0 0 0 3 2 0 0 0 0 5 11 0 0 2 2 0 6 0 0 0 0 0 4 0 1 7 3 0 0 0 0 23 0 0 0 0 0 2 4 2 0 0 117 42 52 7 0 0 0 54 47 0 0 0 0 0 0 0 0 0 139 136 169 90 307 135 196 120 84 75 102 115 104 159 40 41 46 38 101 0 0 0 9 0 1 0 0 0 0 3 0 0 0 0 0 0 8 0 0 0 1 0 0 0 0 7 0 0 14 0 2 0 4 0 6 0 0 0 1 0 0 0 0 23 0 0 0 0 79 0 0 0 0 0 0 0 0 0 0 7 57 6 14 18 10 2 0 1 1 10 18 6 8 0 0 10 1 2 10 0 0 0 0 0 13 0 13 0 0 2 8 0 0 0 0 0 0 0 7 0 0 0 0 0 19 4 0 0 0 0 0 0 0 0 0 29 0 0 0 0 0 0 4 0 41 0 0 0 0 0 0 0 0 0 0 0 0 0 0 4 20 0 19 10 12 8 14 0 0 30 2 31 12 9 21 11 7 8 2 0 0 0 10 0 0 0 0 0 4 0 0 1 0 14 0 13 0 0 0 0 0 0 106 0 0 7 0 0 0 9 0 0 1 2 2 0 0 0 0 0 0 0 0 0 0 0 0 0 0 
