 0 75 56 224 130 207 71 179 218 122 359 220 44 301 45 568 404 236 136 367 0 0 0 0 0 0 0 2 1 1 0 0 0 0 0 0 1 2 0 0 0 0 0 3 3 0 0 0 3 62 0 0 0 0 0 0 0 1 0 2 0 0 0 3 0 0 0 0 0 0 0 3 0 0 0 2 0 0 0 0 16 21 26 8 12 42 10 12 7 2 0 56 11 12 13 0 8 21 13 20 0 0 0 0 0 0 0 0 0 0 0 0 0 0 2 0 0 2 10 25 0 0 0 0 0 0 0 0 0 0 0 2 0 0 0 0 0 20 0 0 0 0 0 0 0 0 0 0 0 0 0 2 0 0 0 0 0 0 0 0 1 22 34 28 10 0 3 31 0 33 29 24 0 0 31 25 15 19 0 0 0 0 0 0 0 0 1 0 0 0 0 0 14 0 15 0 0 0 1 7 0 9 0 0 0 0 0 0 0 0 0 0 0 0 0 0 2 0 0 0 0 0 0 0 1 0 0 0 0 0 0 0 0 0 0 0 0 0 0 1 0 0 0 0 2 1 218 0 16 0 15 5 0 0 0 0 0 0 0 0 0 0 0 0 0 0 0 0 0 0 0 0 0 0 0 33 0 10 0 0 0 0 0 0 0 0 0 0 0 0 
 75 0 126 59 212 125 285 313 292 132 34 105 164 341 159 552 74 371 166 156 0 0 0 2 0 0 0 3 0 0 2 0 1 0 0 0 0 2 75 0 0 0 0 3 3 0 0 0 3 61 0 0 0 0 0 0 0 0 0 3 0 0 0 2 0 0 0 3 0 0 0 3 0 7 0 0 0 0 0 0 73 39 17 20 0 14 1 1 37 1 22 32 1 26 12 8 0 7 0 10 1 0 0 0 0 0 20 0 0 10 0 0 1 0 2 0 0 0 0 0 0 0 0 0 0 0 0 0 0 0 16 0 0 1 0 0 0 0 0 0 0 0 1 0 0 0 0 0 0 0 0 0 0 0 0 0 0 0 2 0 21 24 0 13 0 0 29 13 2 21 23 40 0 0 17 20 21 21 13 21 0 0 0 0 0 0 0 0 0 0 0 0 18 0 0 0 0 0 0 0 0 0 0 1 0 0 0 0 0 0 0 1 0 0 1 2 0 2 0 0 0 0 0 0 0 0 0 0 0 1 0 0 0 1 0 0 0 0 0 0 0 0 0 0 0 2 87 0 0 1 16 10 17 0 0 0 0 0 0 0 0 0 0 0 0 0 0 0 0 0 0 0 0 0 0 0 27 0 0 0 0 0 0 0 0 0 0 0 0 0 
 56 126 0 853 137 68 78 305 179 122 136 136 136 34 134 67 44 125 54 50 0 0 207 0 2 0 207 3 0 0 0 2 75 1 240 0 0 78 100 0 0 0 0 3 3 3 2 0 3 61 0 0 0 0 0 0 1 0 0 2 0 0 0 2 0 0 0 2 0 0 3 5 0 0 40 34 0 0 0 0 16 0 0 1 0 22 0 0 0 32 26 11 0 12 0 0 13 16 11 0 0 2 32 0 0 0 66 0 0 1 0 0 48 21 8 0 0 0 40 28 0 0 0 0 0 0 0 0 11 0 1 0 0 0 0 0 0 0 0 0 0 0 0 0 0 10 0 0 0 0 0 18 0 0 0 0 25 0 0 0 19 1 0 0 36 19 1 0 8 1 0 44 0 0 0 18 0 10 0 0 0 0 0 0 0 0 5 13 0 0 0 0 1 1 0 0 1 0 14 16 0 0 0 0 0 0 0 0 0 0 0 0 0 0 0 0 0 0 13 0 0 0 0 0 0 0 0 0 0 0 0 0 0 0 0 0 0 0 0 0 0 4 0 0 0 3 91 1 4 2 0 2 0 0 0 0 0 0 0 0 1 0 0 0 0 0 0 0 0 0 0 0 0 0 0 0 14 0 0 0 0 0 0 0 0 0 0 0 0 0 
 224 59 853 0 354 221 53 72 143 169 184 344 64 367 149 59 226 190 327 61 0 0 0 0 0 0 0 6 0 0 0 0 156 80 1 0 0 2 37 0 0 0 0 3 3 0 0 0 3 2 0 1 3 0 59 2 1 0 1 3 1 5 2 3 0 2 3 0 0 3 3 3 0 0 3 1 2 0 4 0 2 0 0 6 11 45 1 18 20 39 3 9 0 0 14 0 33 0 0 0 0 0 0 0 0 1 30 0 0 0 0 0 38 29 2 0 0 2 0 18 0 0 0 0 0 0 0 0 0 0 0 2 0 0 0 0 3 0 0 0 0 0 0 0 0 0 24 0 0 0 0 11 0 0 0 0 0 0 0 0 1 17 17 13 18 24 4 19 11 10 13 19 0 0 1 30 14 10 0 0 0 0 0 0 0 0 0 8 11 0 0 0 1 19 11 0 59 0 8 0 0 10 0 0 0 0 0 0 0 0 0 0 0 0 0 2 2 10 13 1 0 0 0 0 1 0 0 0 0 0 0 0 0 0 0 0 0 0 0 2 0 0 0 0 2 0 0 2 4 5 1 23 0 0 2 0 0 0 0 0 0 0 0 0 0 0 0 0 0 0 0 0 0 0 0 3 0 0 0 0 0 0 0 0 0 0 0 0 0 0 
 130 212 137 354 0 286 65 166 291 63 84 257 89 145 371 57 355 218 58 108 74 2 2 0 0 0 150 23 9 0 1 0 20 3 1 0 0 0 46 95 0 0 0 0 0 0 76 0 0 1 0 0 0 0 0 0 2 0 8 0 0 0 0 0 0 0 51 0 32 97 0 0 0 0 0 0 1 0 0 0 0 16 12 13 6 3 10 11 0 5 21 21 0 0 0 24 21 0 0 0 14 0 2 0 0 0 32 0 0 26 18 0 18 22 23 38 0 19 18 18 0 0 0 0 0 0 0 0 0 0 18 0 0 0 1 0 0 0 0 0 0 0 0 0 0 0 0 0 0 0 0 0 0 0 0 0 0 0 0 0 16 12 1 11 17 20 0 0 0 30 19 48 0 0 0 10 22 7 0 0 11 12 0 0 0 0 12 31 0 0 9 0 21 27 0 6 0 0 16 9 0 2 0 0 0 0 47 0 0 0 0 0 0 0 0 0 0 0 0 0 0 0 0 0 0 0 0 0 0 0 0 0 0 0 0 0 0 0 0 0 0 0 0 0 0 0 3 0 6 1 50 20 0 1 0 0 0 0 0 0 0 0 16 0 0 0 0 0 0 0 0 11 0 0 0 0 26 0 0 0 0 0 0 0 0 0 0 0 0 0 
 207 125 68 221 286 0 257 129 177 322 163 242 53 64 122 253 70 286 266 154 0 0 53 0 0 0 0 2 0 0 0 0 0 0 2 0 0 2 79 0 0 0 0 3 3 0 0 6 3 1 2 0 0 0 0 0 2 0 7 2 0 0 0 3 0 0 0 0 0 0 0 3 0 0 1 0 5 0 0 0 0 0 14 11 18 0 0 10 37 67 30 20 1 0 10 6 0 0 1 0 0 4 0 0 0 0 12 2 0 0 0 0 0 14 10 0 0 0 22 50 0 0 0 0 0 0 0 0 0 0 1 0 0 0 0 0 1 0 0 0 0 0 0 0 0 0 0 1 0 0 0 0 0 0 0 0 0 0 0 0 0 2 20 25 13 4 1 0 0 13 10 34 0 0 38 21 0 9 0 0 1 0 0 1 0 0 1 14 3 0 0 0 12 0 7 0 0 0 0 20 0 50 0 0 0 0 0 0 0 0 0 0 0 0 0 11 0 0 0 0 0 0 0 0 0 0 0 1 0 0 0 0 0 0 0 0 2 0 0 0 0 0 0 0 0 9 4 0 6 6 1 20 0 0 0 2 0 0 0 0 0 0 0 0 0 0 0 0 0 1 0 0 0 0 0 14 16 0 0 0 0 0 0 0 0 0 0 0 0 0 
 71 285 78 53 65 257 0 193 120 145 23 36 176 217 160 76 121 34 63 105 0 38 0 2 0 0 0 2 0 1 0 0 0 0 0 0 0 2 23 0 0 0 0 24 3 14 0 2 3 0 0 21 4 0 0 22 0 0 0 4 2 0 0 3 0 0 0 0 0 0 0 3 0 0 0 0 0 0 0 0 0 19 11 1 0 0 27 11 51 37 1 14 13 18 33 0 28 20 13 0 0 0 2 0 0 0 0 0 0 0 0 0 0 2 0 0 0 0 2 0 0 0 0 0 0 0 0 0 0 1 0 0 0 0 0 0 0 0 0 0 0 23 0 0 0 0 0 0 0 0 0 0 0 0 0 0 0 0 0 0 15 46 14 9 0 0 2 0 16 0 11 2 0 29 0 0 0 13 0 9 0 0 0 0 0 0 0 0 0 0 0 2 0 0 1 0 0 0 0 0 9 0 0 0 0 0 0 0 0 0 0 0 1 0 0 0 0 0 0 0 0 0 0 1 0 1 0 0 0 0 0 0 0 0 0 2 0 0 0 0 0 1 0 0 0 0 0 0 0 2 0 3 0 0 0 0 0 0 0 0 0 0 0 0 0 0 0 21 0 0 0 0 0 0 0 0 30 0 0 0 0 0 0 0 0 0 0 0 0 0 
 179 313 305 72 166 129 193 0 292 120 35 142 319 163 93 38 116 145 125 193 0 0 0 0 3 0 3 3 2 1 24 2 1 0 0 0 0 5 2 0 0 0 0 9 3 0 0 61 5 66 0 0 3 0 0 2 0 6 11 5 3 3 3 2 0 2 7 2 0 3 4 3 0 17 7 4 3 0 21 1 17 59 27 17 0 0 19 15 16 0 10 36 9 0 9 0 40 6 6 29 0 23 0 0 16 0 9 0 0 0 0 0 2 0 0 0 0 0 0 0 0 0 0 0 0 0 0 0 0 0 0 0 0 2 0 1 0 6 0 0 0 0 2 0 0 9 0 0 0 4 0 0 0 0 0 0 0 0 0 15 24 23 0 10 0 0 2 5 0 21 6 29 0 0 33 46 42 27 13 14 0 0 0 0 0 0 0 0 0 0 0 0 16 0 0 0 0 0 0 0 0 10 0 0 0 0 0 0 8 0 0 0 0 0 2 1 13 1 0 0 0 0 0 0 12 0 0 0 0 2 0 0 0 0 0 0 0 0 0 0 0 0 0 0 0 0 100 2 2 2 16 12 10 27 0 0 0 0 0 0 0 0 0 0 0 0 0 0 0 0 0 0 0 0 0 3 0 0 0 0 0 0 0 0 0 0 0 0 0 0 
 218 292 179 143 291 177 120 292 0 222 140 196 211 199 367 219 224 80 93 83 0 0 0 0 0 0 0 4 0 0 0 0 2 2 1 0 0 2 0 0 0 0 0 3 3 31 0 0 3 0 0 63 1 0 0 0 0 0 64 2 2 0 0 3 0 0 0 1 0 0 0 3 0 0 0 0 0 0 0 0 0 30 17 0 21 15 14 19 22 46 62 10 0 5 38 0 16 0 0 7 0 12 0 0 0 0 19 0 2 1 0 0 0 11 0 0 0 0 10 29 0 0 1 0 0 0 0 14 0 0 1 0 0 0 0 0 0 18 0 0 0 0 0 2 0 0 0 0 0 0 0 0 0 0 0 0 0 0 14 0 0 48 33 25 11 0 2 11 10 13 10 0 0 18 0 66 19 11 0 0 0 0 2 0 0 0 0 0 0 0 0 0 0 0 0 1 0 0 45 0 0 8 0 0 2 0 0 0 0 0 0 0 0 1 0 12 0 10 16 0 0 0 11 0 0 0 1 0 2 0 0 0 0 0 0 0 0 0 0 0 0 0 0 0 0 2 52 0 3 46 0 13 0 0 0 0 0 0 0 0 0 0 0 0 0 0 0 0 0 0 0 0 0 0 0 1 0 5 0 0 0 0 0 0 0 0 0 0 0 0 
 122 132 122 169 63 322 145 120 222 0 261 162 92 100 364 67 209 206 201 203 0 0 0 1 0 0 1 77 0 0 76 0 75 0 74 0 0 2 1 0 0 0 0 60 3 0 0 0 65 1 0 0 0 0 0 0 0 0 6 2 0 0 0 3 0 0 0 1 0 0 0 3 1 0 0 0 0 0 0 0 0 3 0 21 7 10 0 18 20 47 22 9 13 0 14 0 21 14 5 0 0 12 0 0 0 0 9 0 0 0 0 0 0 15 0 0 0 0 0 70 0 0 0 0 0 0 0 0 0 0 0 0 0 0 0 0 0 0 0 0 0 0 0 0 1 0 0 0 0 0 0 7 0 2 0 0 2 0 0 0 0 12 2 4 32 0 2 0 38 10 24 39 0 10 14 29 24 57 0 0 0 0 0 0 0 0 0 0 1 0 1 0 17 0 0 0 0 0 13 17 0 0 0 0 0 0 0 0 0 0 0 0 0 1 0 4 0 10 0 0 0 0 0 0 0 0 0 0 0 0 0 0 0 0 0 0 0 0 0 1 0 0 0 0 0 0 0 0 90 10 0 8 0 0 0 0 0 0 0 0 0 0 16 0 0 0 0 0 0 0 0 0 0 0 0 13 0 0 0 0 0 0 0 0 0 0 0 0 0 0 
 359 34 136 184 84 163 23 35 140 261 0 362 117 27 159 246 365 141 45 370 1 0 2 0 0 0 0 22 0 0 0 1 12 72 227 0 0 3 0 0 6 2 0 3 5 9 0 4 7 1 2 2 0 0 62 3 0 2 0 7 0 0 3 6 0 0 0 1 3 2 0 3 3 0 3 0 0 0 0 0 9 0 31 0 26 0 7 11 27 1 10 18 11 0 10 0 23 2 7 14 0 0 0 0 0 1 7 0 0 0 0 0 0 10 2 0 0 2 27 60 0 0 0 0 0 0 0 0 0 0 0 0 0 0 0 0 0 0 1 0 0 0 0 0 13 0 0 0 0 0 0 4 0 0 0 0 0 0 0 0 20 0 14 15 1 13 4 0 1 7 10 13 0 21 27 1 1 0 0 3 13 0 0 0 0 0 0 0 0 0 0 0 0 0 9 0 0 0 8 22 0 7 0 0 0 0 0 0 0 0 0 0 0 0 0 0 2 1 2 0 0 0 0 0 0 0 0 13 0 0 0 0 0 0 22 0 0 0 22 0 0 9 0 0 1 5 5 0 49 1 2 12 0 0 0 0 0 0 0 0 0 0 0 0 0 0 0 0 0 0 0 0 0 0 0 49 0 0 0 0 0 0 0 0 0 0 0 0 0 0 
 220 105 136 344 257 242 36 142 196 162 362 0 38 55 48 134 76 222 242 300 209 2 0 0 0 0 75 2 2 2 0 0 35 2 0 0 3 2 110 90 0 3 0 9 3 3 3 0 3 1 0 0 0 0 0 0 0 0 9 2 0 0 3 2 2 0 0 4 3 0 0 3 0 0 0 0 2 0 0 0 0 0 5 21 51 35 0 2 12 24 45 46 2 14 11 0 0 0 0 14 29 16 0 0 0 0 0 0 0 7 0 0 10 1 9 1 2 24 41 23 2 0 0 0 0 0 1 0 0 0 0 0 0 0 0 0 0 27 0 0 0 0 0 0 0 0 6 0 0 7 0 0 0 0 0 0 0 0 0 0 0 22 12 25 19 16 1 37 10 9 0 14 0 0 14 58 2 11 0 1 19 10 0 2 0 8 0 15 0 0 16 0 10 8 15 0 0 0 0 38 0 0 0 0 0 0 0 12 0 0 1 0 0 0 0 0 0 7 0 0 1 0 0 0 0 0 0 0 0 0 0 0 0 0 0 0 0 0 0 0 0 0 0 0 0 2 90 0 2 0 1 7 0 0 0 0 0 0 0 0 0 0 1 0 0 30 0 0 0 0 0 0 0 0 0 20 14 10 0 0 0 0 0 0 0 0 0 0 0 0 
 44 164 136 64 89 53 176 319 211 92 117 38 0 227 78 54 113 142 260 242 0 6 0 0 76 0 0 2 0 0 0 0 1 0 0 1 0 2 0 0 0 0 0 3 3 0 0 0 65 63 0 0 0 0 0 0 0 0 0 4 0 0 0 3 1 0 0 0 0 0 0 5 43 2 3 0 0 0 0 0 62 34 1 23 8 13 0 0 44 0 12 43 12 12 2 19 23 24 18 13 0 0 0 0 0 0 0 0 0 0 0 0 0 0 0 0 1 0 17 1 1 0 0 0 0 0 0 0 0 4 0 0 0 0 0 0 0 26 0 0 0 2 0 0 0 0 0 0 0 0 0 0 0 0 0 0 0 0 0 0 33 0 0 20 0 0 0 24 23 11 11 0 0 32 1 9 20 1 0 2 2 0 0 1 0 0 0 18 0 0 0 0 0 0 0 0 0 0 0 1 0 0 0 16 0 0 0 0 0 0 2 0 0 0 0 0 0 0 0 0 2 2 0 0 0 0 0 0 0 0 0 0 0 0 1 2 0 0 0 0 0 8 0 0 0 3 187 1 2 91 0 8 14 0 0 0 1 0 0 0 0 0 0 0 0 0 0 0 0 0 0 0 0 0 0 18 11 9 0 0 0 0 0 0 0 0 0 0 0 0 
 301 341 34 367 145 64 217 163 199 100 27 55 227 0 67 197 470 152 192 88 0 0 0 0 0 0 0 3 0 0 0 0 0 0 0 0 1 2 0 0 0 0 0 3 3 4 0 0 3 0 0 0 62 0 0 0 0 2 0 4 0 0 0 2 0 0 0 2 0 0 0 3 1 5 0 0 0 0 0 0 20 45 30 34 13 28 8 0 8 0 8 17 0 13 30 0 43 0 0 19 0 0 0 0 0 0 0 0 0 0 0 0 0 0 2 0 0 2 0 0 0 0 0 0 0 0 0 0 0 0 0 1 0 0 0 0 0 14 1 0 0 0 0 0 0 0 0 0 0 0 0 2 0 0 0 0 0 0 0 0 17 40 22 18 0 0 5 34 9 16 35 13 0 12 0 13 25 13 16 17 0 0 0 0 0 0 0 0 0 0 0 0 0 0 0 0 0 0 1 0 0 0 0 7 0 0 0 0 0 0 0 0 0 0 0 0 2 0 2 0 0 0 0 0 1 0 0 0 0 0 0 0 0 0 0 0 0 0 0 0 0 0 0 0 2 0 85 2 0 2 14 18 12 0 0 0 0 0 0 0 0 0 0 0 0 0 0 0 0 0 0 0 0 0 0 10 0 10 0 0 0 0 0 0 0 0 0 0 0 0 
 45 159 134 149 371 122 160 93 367 364 159 48 78 67 0 69 256 120 82 187 0 3 0 0 0 0 0 2 3 0 3 0 0 0 1 0 0 2 0 0 0 0 0 3 3 3 0 0 3 64 0 0 3 2 0 0 2 65 0 3 0 0 0 3 0 0 0 0 0 0 0 3 6 0 0 0 0 0 34 0 20 18 23 0 0 26 32 33 54 23 7 48 17 0 0 29 27 20 10 0 0 0 0 0 0 0 24 0 0 0 0 0 0 0 0 0 0 0 36 0 0 0 0 0 0 0 0 0 0 0 19 0 0 0 0 1 0 0 0 0 0 0 8 0 0 1 0 0 0 0 0 0 0 0 0 0 0 0 0 0 26 18 2 4 1 0 0 0 12 2 9 14 1 25 24 16 9 25 0 0 0 0 0 0 0 0 0 0 0 0 0 0 0 0 0 0 0 0 0 0 0 13 0 0 0 0 0 0 0 0 0 1 0 0 13 16 0 14 0 0 0 0 0 0 0 0 0 0 0 0 0 0 0 0 0 0 0 0 0 0 0 5 1 0 0 1 88 0 0 179 15 10 0 0 2 0 0 0 0 0 0 0 0 0 0 0 0 0 0 0 0 0 0 0 0 40 31 0 0 0 0 0 0 0 0 0 0 0 0 0 
 568 552 67 59 57 253 76 38 219 67 246 134 54 197 69 0 426 187 300 134 0 0 2 0 0 0 0 3 0 0 0 0 0 0 1 0 0 2 0 0 95 0 0 3 3 8 0 0 3 0 0 0 6 0 0 0 0 0 0 3 0 5 0 37 0 0 0 0 0 0 0 3 0 0 0 0 0 0 0 0 0 15 15 6 19 36 62 2 23 30 3 23 33 17 54 0 18 13 9 82 0 0 0 0 0 0 10 0 0 0 0 0 0 0 0 0 0 7 6 23 0 0 0 0 0 0 0 0 0 0 0 0 0 2 0 1 0 21 0 0 0 0 0 0 0 1 0 0 0 0 0 0 0 0 0 0 0 0 0 0 0 19 31 25 3 0 2 31 17 53 27 0 0 29 0 20 17 14 0 0 0 0 0 0 0 0 0 0 0 0 0 0 0 0 12 0 0 0 7 9 0 8 0 0 0 0 0 0 0 0 0 0 0 0 0 1 0 0 20 0 0 0 0 0 0 0 0 0 0 0 0 0 0 0 0 0 0 0 0 0 0 1 0 0 0 3 91 0 0 0 0 7 0 2 0 0 0 0 0 0 0 0 0 0 0 0 0 0 0 0 0 0 0 0 0 13 0 11 0 0 0 0 0 0 0 0 0 0 0 0 
 404 74 44 226 355 70 121 116 224 209 365 76 113 470 256 426 0 183 186 130 0 0 0 0 2 0 0 2 72 0 0 2 74 0 71 0 0 2 1 1 0 0 0 3 3 7 0 6 3 0 0 0 0 0 0 0 3 0 0 2 0 0 0 3 0 0 0 0 0 0 0 3 0 0 0 0 0 0 0 0 0 47 18 13 0 16 27 1 4 1 13 10 11 0 20 0 22 14 8 11 0 0 0 0 0 0 0 0 0 0 0 0 0 0 0 0 0 0 20 16 0 0 0 2 0 0 0 2 2 0 0 0 0 0 0 0 0 1 2 0 0 0 0 0 0 0 0 0 0 0 0 0 0 0 0 0 0 0 0 0 3 14 26 15 0 0 1 15 19 16 44 63 1 17 18 11 37 21 0 1 0 0 0 0 0 2 1 2 0 0 0 0 0 0 0 0 0 0 0 0 0 9 0 0 0 0 0 0 0 0 0 0 0 0 0 0 0 0 1 0 0 0 2 0 0 0 0 0 0 0 0 0 0 0 0 0 0 0 0 0 0 0 0 0 0 0 1 1 2 0 20 7 0 0 0 0 0 0 0 0 0 0 0 0 0 0 0 0 0 0 0 0 0 0 0 14 0 0 0 0 0 0 0 0 0 0 0 0 0 0 
 236 371 125 190 218 286 34 145 80 206 141 222 142 152 120 187 183 0 69 51 0 0 1 0 7 0 1 5 3 0 0 0 0 0 73 5 0 5 1 0 0 2 0 3 6 0 0 2 6 2 0 0 0 0 0 3 2 0 4 2 3 0 0 5 0 0 2 2 0 0 0 5 0 0 0 0 1 3 0 4 1 55 14 34 0 19 0 1 0 29 18 7 0 0 35 1 8 1 0 0 0 0 0 0 0 0 10 0 0 0 0 0 18 0 18 0 0 0 0 30 0 2 0 1 0 0 8 1 0 0 0 0 0 0 0 0 0 0 0 0 0 0 0 0 0 0 0 0 0 0 0 0 0 0 0 0 0 0 0 0 1 40 37 21 0 5 1 15 0 29 49 29 0 0 14 21 37 41 0 0 0 0 0 0 0 1 0 10 0 2 0 0 9 6 0 0 10 0 11 9 0 5 0 0 0 0 0 0 0 0 0 0 0 0 0 0 0 15 80 0 0 0 1 0 0 0 0 0 0 0 0 0 0 0 0 0 0 0 0 1 0 0 0 0 0 0 2 2 1 0 17 3 0 0 0 0 0 0 0 0 0 0 1 2 0 0 0 0 0 0 0 0 0 0 0 0 0 1 0 0 0 0 0 0 0 0 0 0 0 0 
 136 166 54 327 58 266 63 125 93 201 45 242 260 192 82 300 186 69 0 245 1 3 0 34 0 0 0 2 0 2 2 0 0 0 0 0 0 3 0 0 0 0 0 3 3 0 0 0 3 0 0 0 20 0 0 0 0 0 0 3 1 0 0 3 0 0 0 4 0 0 0 3 0 10 0 0 0 0 0 0 34 28 21 12 0 0 29 28 0 0 10 0 27 17 42 64 0 73 10 45 0 0 1 0 0 0 0 0 0 0 0 0 0 1 0 0 0 0 0 0 0 0 0 0 0 0 0 0 0 2 0 0 0 0 0 0 0 1 0 0 12 0 0 0 0 0 16 0 0 0 0 0 0 0 0 0 0 0 0 0 0 15 1 1 0 0 73 26 15 0 11 2 14 8 0 16 25 12 29 27 0 0 0 0 0 0 0 0 0 0 0 1 0 0 2 0 0 0 0 0 0 0 0 0 0 0 0 0 0 16 0 0 0 0 0 0 0 1 0 0 0 0 3 2 0 2 0 0 0 0 8 0 0 0 0 0 0 0 0 0 0 0 0 0 0 0 9 0 0 2 2 8 0 2 0 0 0 0 0 0 0 0 0 0 0 0 0 0 0 0 0 0 0 0 0 0 0 1 0 0 0 0 0 0 0 0 0 0 0 0 
 367 156 50 61 108 154 105 193 83 203 370 300 242 88 187 134 130 51 245 0 1 9 0 0 12 0 0 2 0 0 0 0 0 0 0 2 1 2 0 0 0 0 0 3 3 3 0 0 3 63 0 0 60 0 0 0 4 0 0 3 4 0 0 3 0 0 0 1 0 0 0 8 0 0 0 0 0 0 2 4 36 17 2 0 0 0 29 12 17 0 5 43 24 21 18 0 14 32 9 15 0 0 2 0 0 0 11 0 0 0 0 0 0 2 0 0 0 0 22 0 0 0 0 0 0 0 0 0 0 1 0 0 0 0 0 0 0 0 0 0 9 0 0 0 0 0 0 0 0 5 0 0 0 0 0 0 0 0 0 0 35 1 0 10 0 0 22 10 0 1 0 9 10 0 17 0 0 0 0 10 0 0 0 0 0 0 0 0 0 0 0 2 0 0 1 0 0 0 0 0 0 0 0 0 0 0 0 0 26 0 0 0 0 0 0 0 0 1 0 0 0 0 0 1 0 1 0 0 0 0 0 0 0 0 0 2 0 0 0 0 0 5 0 0 0 0 93 2 0 2 13 14 0 0 0 0 0 0 0 0 0 0 0 0 0 0 0 0 0 0 0 0 0 0 0 0 14 0 0 0 0 0 0 0 0 0 0 0 0 0 
 0 0 0 0 74 0 0 0 0 0 1 209 0 0 0 0 0 0 1 1 0 171 299 135 102 22 183 219 140 120 116 118 36 374 50 107 333 167 45 229 1 3 62 0 22 0 1 3 0 0 0 0 0 0 2 0 1 0 0 0 3 3 0 2 0 0 0 0 2 0 0 0 3 0 0 0 0 0 0 2 0 0 0 0 0 0 0 0 0 0 0 0 0 0 0 0 0 2 0 0 23 40 46 18 23 0 0 12 24 29 10 11 0 23 0 0 14 0 0 0 1 0 0 0 2 0 16 0 0 0 0 0 0 0 0 1 1 0 9 33 0 12 0 0 0 0 0 0 0 0 0 0 0 0 0 0 0 0 0 0 0 0 0 0 3 0 0 0 0 0 0 0 0 0 0 13 0 4 0 0 1 15 33 24 17 0 19 12 26 17 7 17 9 9 26 36 0 16 2 0 1 0 0 0 0 0 12 0 17 2 0 0 0 0 0 0 0 0 0 19 0 0 0 0 1 0 0 12 0 0 0 0 0 0 0 0 0 0 2 0 0 0 0 0 0 0 0 0 0 0 0 0 0 0 7 0 0 36 0 2 17 0 0 0 0 0 0 0 0 0 0 0 0 0 0 0 0 0 0 0 0 0 0 1 1 19 0 0 0 0 
 0 0 0 0 2 0 38 0 0 0 0 2 6 0 3 0 0 0 3 9 171 0 422 156 32 63 220 82 79 253 109 76 114 136 142 82 115 39 46 201 0 3 0 0 2 0 0 3 0 0 0 1 3 204 2 2 4 0 0 0 5 5 2 3 47 2 3 0 3 0 3 0 3 0 3 0 2 0 0 3 0 0 0 0 7 0 0 1 0 0 0 0 0 2 0 0 0 0 0 0 7 42 19 0 14 0 0 25 13 10 12 28 12 18 13 9 26 0 30 0 0 0 0 0 0 0 0 0 0 2 0 0 0 0 0 0 0 0 24 0 0 0 0 0 0 0 0 0 0 0 0 0 0 0 0 0 0 0 0 7 0 0 0 0 0 14 0 0 0 0 0 2 0 0 2 0 0 0 0 7 13 16 22 6 0 0 0 7 10 24 0 23 0 13 0 17 0 0 11 0 9 0 1 0 0 0 9 0 0 0 0 0 6 0 0 0 0 0 0 12 0 0 0 0 0 1 0 0 0 0 0 0 0 0 0 0 0 0 0 0 0 0 1 0 0 0 0 0 0 0 0 0 0 0 4 1 0 37 0 0 0 0 0 0 0 0 0 0 0 0 0 0 0 0 0 0 0 0 0 8 0 0 0 0 0 0 0 0 0 0 
 0 0 207 0 2 53 0 0 0 0 2 0 0 0 0 2 0 1 0 0 299 422 0 227 211 308 370 118 150 286 88 155 54 211 74 286 62 106 45 89 0 3 0 0 2 0 0 5 0 0 0 64 0 0 3 66 2 115 0 0 3 3 0 2 0 1 0 0 3 0 0 0 3 0 0 0 0 0 0 2 0 0 0 0 0 0 0 0 0 2 0 0 0 0 2 0 0 0 0 0 19 43 75 12 10 10 0 24 43 10 74 1 0 13 10 1 8 41 0 0 0 0 0 4 2 0 12 1 0 0 0 0 0 0 0 0 0 12 0 12 0 0 0 0 0 0 0 0 0 0 0 0 0 0 0 0 2 0 1 0 0 0 0 0 1 0 0 0 0 0 2 0 6 0 0 5 0 0 0 0 10 16 28 36 12 15 18 24 9 29 12 33 0 13 0 16 0 1 5 0 0 0 0 0 0 0 0 0 0 0 0 0 0 0 0 1 0 2 0 0 1 0 2 0 0 0 0 0 0 0 0 0 0 0 0 0 0 0 0 0 0 0 1 0 0 0 0 0 0 0 0 0 0 0 6 2 2 77 0 0 13 0 0 0 0 0 0 0 0 0 0 0 0 0 0 0 0 1 0 0 0 0 0 0 0 0 11 0 0 0 
 0 2 0 0 0 0 2 0 0 1 0 0 0 0 0 0 0 0 34 0 135 156 227 0 231 224 82 280 226 174 245 405 72 153 65 113 100 340 83 49 54 3 3 0 2 0 0 9 0 0 3 0 66 31 69 0 4 0 70 26 3 3 0 3 0 1 0 0 3 0 0 0 3 0 0 1 0 1 0 2 0 0 0 0 2 0 0 0 0 0 0 0 0 0 0 0 0 0 0 0 2 20 0 37 18 33 0 20 1 0 25 0 0 0 0 9 10 0 0 0 43 2 45 0 0 0 1 20 0 0 0 0 34 31 12 29 0 3 22 9 40 4 0 1 0 0 1 0 1 0 0 0 0 0 0 0 0 0 0 0 0 0 0 0 0 0 0 0 0 0 0 0 0 0 0 0 0 0 0 0 13 0 21 30 36 29 2 0 1 41 10 31 0 0 0 0 12 0 0 0 30 0 11 2 0 0 32 15 12 0 0 0 0 38 17 2 0 0 0 40 0 0 0 0 0 0 0 0 0 0 10 0 0 0 0 2 0 0 0 0 0 0 2 0 0 2 0 0 0 0 0 0 0 0 7 1 0 237 43 3 0 11 0 0 0 0 0 0 0 0 0 0 0 0 0 0 0 0 0 0 0 11 0 0 0 0 14 0 0 6 
 0 0 2 0 0 0 0 3 0 0 0 0 76 0 0 0 2 7 0 12 102 32 211 231 0 324 50 100 141 250 137 195 66 94 83 212 142 239 58 41 0 5 64 65 5 0 0 9 0 0 0 0 128 0 2 0 1 0 55 0 6 3 11 6 0 0 2 58 4 0 0 2 3 0 0 0 0 3 0 2 0 0 0 0 0 0 0 0 2 0 0 0 0 0 0 0 0 0 0 0 0 28 10 30 20 42 0 0 1 30 0 0 0 0 0 20 6 0 0 0 13 11 0 0 0 0 7 28 0 0 0 0 9 7 23 0 0 12 0 36 0 7 0 0 0 0 0 0 3 0 0 0 0 0 0 0 0 0 0 0 0 0 0 0 0 0 0 0 0 0 0 0 1 0 0 3 0 1 0 1 0 12 0 6 43 0 0 0 0 57 0 9 9 0 12 0 10 13 0 0 24 1 0 0 0 0 26 11 10 0 0 0 0 20 5 22 0 0 0 27 0 0 0 0 0 0 0 0 0 0 0 0 0 0 0 0 0 0 0 0 0 0 0 0 0 0 0 0 0 1 0 0 0 0 7 0 2 126 2 3 15 26 0 0 0 0 8 2 0 0 0 0 0 0 0 0 0 0 0 0 0 10 0 0 0 10 0 0 0 0 
 0 0 0 0 0 0 0 0 0 0 0 0 0 0 0 0 0 0 0 0 22 63 308 224 324 0 417 25 115 131 161 220 40 35 217 118 258 58 41 32 93 38 2 0 4 1 0 4 0 53 65 0 3 69 183 48 3 55 71 3 3 6 0 2 0 3 4 0 5 0 0 0 3 9 0 0 0 36 2 2 0 0 0 16 0 0 0 0 0 0 1 0 0 0 0 0 0 0 0 0 0 0 0 14 42 9 0 0 0 0 19 11 0 0 0 0 33 15 0 0 14 7 11 15 0 0 9 0 17 0 11 9 23 15 20 10 0 10 27 0 0 0 0 0 2 0 3 0 1 0 0 0 8 0 0 6 18 0 0 0 0 0 0 0 0 0 0 3 0 0 0 0 0 0 0 0 0 0 0 0 0 0 10 8 17 21 0 0 0 22 11 40 0 0 0 1 0 0 2 0 62 0 2 0 17 0 12 36 0 0 0 21 0 31 0 23 1 2 4 31 0 0 0 0 0 1 0 0 0 2 0 1 0 0 0 0 2 1 0 1 0 0 16 0 0 0 0 0 0 0 0 0 0 0 2 0 0 37 1 0 10 4 0 0 0 0 0 0 0 0 0 0 0 0 0 0 0 0 0 0 0 0 0 0 0 0 0 0 0 0 
 0 0 207 0 150 0 0 3 0 1 0 75 0 0 0 0 0 1 0 0 183 220 370 82 50 417 0 169 65 252 123 55 172 45 119 274 116 65 245 311 0 3 203 0 2 0 0 4 0 0 0 0 0 0 2 0 1 0 0 0 3 3 0 2 0 0 0 0 3 0 0 0 3 0 0 0 0 0 0 2 0 0 0 20 14 2 0 0 0 1 10 0 0 0 0 0 0 0 1 0 62 19 25 12 1 0 3 41 18 11 0 17 38 16 15 19 0 26 19 1 0 0 0 0 0 0 0 0 0 0 0 0 0 1 0 0 0 14 0 0 1 0 0 0 0 0 0 0 0 0 0 0 0 0 0 0 0 0 0 2 0 0 2 2 10 18 1 0 0 0 0 10 0 1 0 0 0 0 0 0 5 10 8 0 0 0 16 0 33 0 2 0 41 74 24 15 9 2 23 3 1 0 0 0 0 0 0 1 1 0 0 0 1 0 0 0 0 0 7 1 0 0 0 0 0 0 0 0 0 5 0 0 0 0 0 0 0 0 0 0 0 0 0 0 0 0 2 0 0 0 0 0 0 2 8 0 2 0 0 2 2 0 0 0 0 0 0 0 0 0 0 0 0 0 0 0 0 0 0 4 0 10 0 0 0 0 1 0 0 0 
 2 3 3 6 23 2 2 3 4 77 22 2 2 3 2 3 2 5 2 2 219 82 118 280 100 25 169 0 386 49 41 46 103 144 114 120 31 26 102 59 0 3 0 1 2 0 0 3 0 0 0 0 0 0 2 0 2 0 0 0 3 3 0 3 0 0 0 0 3 0 0 0 3 0 3 0 4 53 0 2 0 0 0 1 10 0 0 0 0 0 1 0 0 0 0 0 0 0 0 0 24 1 4 9 11 0 19 1 41 10 29 8 1 20 38 39 8 36 0 10 1 0 0 0 0 0 14 0 0 0 0 0 0 0 0 0 0 0 0 14 0 0 0 0 0 0 0 0 0 0 0 0 0 0 0 0 0 0 0 0 0 1 1 0 42 12 0 0 0 0 0 0 4 20 0 9 0 0 0 0 21 13 2 25 18 1 31 7 0 0 0 1 9 17 0 13 1 22 20 15 0 7 0 0 0 0 0 0 0 0 0 0 0 0 0 0 0 0 0 0 8 0 0 0 0 0 0 0 0 0 0 0 0 0 0 8 0 0 0 0 0 0 0 0 0 0 0 0 61 0 0 0 0 0 12 2 0 0 0 0 5 0 0 0 0 0 0 0 0 0 0 0 0 0 0 0 0 0 0 0 0 0 0 0 0 0 0 0 0 0 
 1 0 0 0 9 0 0 2 0 0 0 2 0 0 3 0 72 3 0 0 140 79 150 226 141 115 65 386 0 139 38 130 267 175 381 44 66 56 153 67 2 3 0 0 2 0 0 3 0 0 0 1 3 0 2 78 2 0 1 0 3 5 2 5 0 2 3 0 3 0 3 0 3 0 6 0 2 0 0 2 0 0 0 0 0 0 0 0 0 0 0 0 2 0 0 0 0 0 0 1 32 0 12 11 55 20 0 17 19 9 48 33 0 12 28 27 12 20 0 0 0 0 0 0 0 0 0 0 0 0 0 0 0 0 0 0 0 16 9 0 0 0 0 0 0 0 0 6 0 0 0 0 0 0 0 0 0 0 0 0 0 0 0 0 0 0 0 0 0 0 0 1 0 0 1 0 0 5 0 0 8 41 18 33 1 67 27 31 11 113 12 10 0 14 0 48 0 8 0 9 0 0 0 0 0 16 9 0 0 0 0 0 0 0 0 1 0 0 0 15 0 0 0 0 0 0 0 0 0 0 0 0 0 0 0 0 0 0 0 0 0 0 0 0 0 73 0 0 0 0 0 0 0 0 11 0 1 127 0 0 3 0 0 0 0 0 0 0 0 0 0 0 0 0 0 0 0 0 0 0 0 0 0 0 7 0 0 0 0 0 
 1 0 0 0 0 0 1 1 0 0 0 2 0 0 0 0 0 0 2 0 120 253 286 174 250 131 252 49 139 0 333 265 61 60 269 361 247 98 96 90 55 5 19 0 2 0 0 4 0 0 0 0 148 0 70 0 2 0 125 64 3 3 0 2 0 0 0 0 3 0 0 0 3 0 0 0 5 0 0 2 0 0 0 0 1 0 0 0 0 0 0 0 0 0 0 0 0 0 0 0 1 0 1 55 23 32 0 0 0 10 12 0 0 0 0 4 7 11 0 0 11 9 21 0 0 0 0 14 0 0 0 0 8 31 22 9 0 0 0 16 0 6 0 2 0 0 0 0 0 0 0 0 0 0 0 0 0 1 0 0 0 0 0 0 0 0 23 8 0 0 0 0 0 0 0 0 0 0 0 0 0 0 60 11 45 5 1 0 0 37 19 29 0 0 0 23 32 9 0 0 39 0 2 1 0 9 0 39 0 0 0 0 0 35 20 8 0 0 0 47 0 0 0 0 0 0 0 0 0 0 0 0 0 0 0 1 0 0 0 0 0 0 8 0 0 0 0 0 0 0 0 0 0 0 3 0 2 91 39 2 8 15 0 0 0 0 8 0 0 0 0 0 0 0 0 0 0 0 0 0 0 0 0 0 0 1 0 0 0 0 
 0 2 0 0 1 0 0 24 0 76 0 0 0 0 3 0 0 0 2 0 116 109 88 245 137 161 123 41 38 333 0 48 47 35 93 154 184 67 93 130 61 3 0 0 2 0 125 77 15 0 0 208 3 65 21 0 3 0 19 65 3 3 0 3 0 0 0 2 8 0 0 0 3 0 0 0 0 1 0 2 0 0 0 0 0 0 0 0 0 0 0 0 0 0 0 0 0 0 0 0 13 26 9 19 17 11 0 18 8 7 0 0 0 0 0 1 0 0 1 0 12 12 19 0 0 0 0 9 0 0 0 0 6 6 18 12 0 0 12 42 0 4 0 0 0 0 0 0 0 0 0 0 2 0 0 0 0 0 0 0 0 0 0 0 0 0 0 3 0 1 2 0 0 0 14 0 19 0 0 0 1 0 11 12 2 16 12 0 13 0 16 24 0 0 14 22 17 16 11 0 20 12 16 0 0 0 10 21 2 0 0 0 28 13 14 10 0 0 12 48 0 0 0 0 0 0 0 0 0 0 0 0 0 2 0 0 0 0 0 0 0 0 0 0 0 0 0 0 0 0 0 0 0 59 8 0 0 10 75 11 3 13 0 0 0 0 20 0 0 0 0 0 0 0 0 0 0 0 0 0 0 0 0 0 0 19 0 0 0 0 
 0 0 2 0 0 0 0 2 0 0 1 0 0 0 0 0 2 0 0 0 118 76 155 405 195 220 55 46 130 265 48 0 25 129 24 63 207 666 454 98 63 3 0 0 2 0 0 10 0 0 0 0 56 0 10 0 2 0 62 62 3 3 0 2 0 0 0 0 3 0 0 0 3 0 0 0 0 0 0 2 0 0 0 0 0 0 0 0 2 0 0 0 0 0 0 0 0 0 0 0 1 17 3 37 22 27 0 10 13 9 29 1 0 0 12 24 13 28 0 0 13 12 1 1 0 0 0 20 0 0 0 0 20 4 13 0 0 9 0 10 0 43 0 0 0 0 0 0 0 0 0 0 0 0 0 0 0 0 0 0 0 0 0 0 0 0 0 1 0 0 0 0 3 0 0 3 0 0 0 2 9 0 11 35 15 7 0 2 0 39 10 26 0 0 0 0 5 1 0 0 24 0 0 0 0 0 10 0 1 0 0 0 0 22 61 0 0 0 0 33 13 0 0 0 0 0 0 0 0 0 0 0 0 0 0 0 0 0 0 0 0 0 16 0 0 0 0 0 0 0 0 0 0 0 6 2 5 75 71 0 10 20 0 0 0 0 0 0 0 0 0 0 0 0 0 0 0 0 0 0 0 2 0 1 1 9 9 0 0 0 
 0 1 75 156 20 0 0 1 2 75 12 35 1 0 0 0 74 0 0 0 36 114 54 72 66 40 172 103 267 61 47 25 0 175 370 122 251 36 211 330 0 3 0 0 2 0 2 3 0 5 0 3 2 0 2 0 1 0 0 0 3 3 2 2 0 0 0 1 4 0 0 0 3 0 0 0 1 1 0 2 0 0 0 0 30 0 0 0 0 0 66 0 0 0 0 0 0 0 0 0 16 0 1 1 0 0 22 44 0 17 0 11 50 40 26 16 0 20 32 10 0 0 0 0 0 0 0 0 0 0 0 0 0 0 0 0 0 0 0 0 0 0 0 0 0 0 0 0 0 0 0 4 10 1 0 0 16 0 0 0 0 0 10 0 19 58 0 5 10 0 0 4 0 0 0 0 0 0 0 0 19 4 0 0 0 0 9 19 10 9 10 0 22 7 0 14 29 7 7 38 6 0 0 0 0 0 0 0 0 0 0 0 0 0 0 0 0 0 0 0 0 0 0 0 0 0 0 0 0 0 0 0 0 0 0 0 0 0 0 0 0 0 0 0 0 0 0 0 55 0 0 0 0 0 17 1 2 0 0 0 0 0 0 0 0 0 0 0 0 0 0 2 0 0 0 0 0 0 0 0 0 15 0 0 0 0 0 0 0 0 
 0 0 1 80 3 0 0 0 2 0 72 2 0 0 0 0 0 0 0 0 374 136 211 153 94 35 45 144 175 60 35 129 175 0 244 30 36 43 83 88 64 3 0 0 2 0 0 3 0 1 0 0 1 0 2 76 2 104 2 0 3 3 0 3 0 0 0 0 3 0 0 0 3 0 0 0 0 1 49 2 0 0 0 9 8 19 0 0 0 16 0 0 0 0 0 0 0 0 7 0 38 47 13 0 0 0 21 10 29 9 26 20 2 22 11 36 22 53 13 21 0 0 0 0 0 0 2 0 0 0 0 0 0 0 2 0 0 0 0 5 0 2 0 0 0 0 0 25 0 0 0 0 0 0 0 1 0 0 0 0 0 0 0 0 17 7 1 0 0 0 0 0 0 0 0 0 0 5 0 0 31 44 29 1 0 0 11 40 20 25 12 10 9 33 13 23 2 19 13 37 0 0 0 0 0 0 0 0 5 0 0 0 0 0 0 0 0 0 0 0 0 0 0 0 0 0 0 0 0 0 0 0 0 0 0 0 0 0 0 0 0 0 0 0 0 0 0 0 74 0 0 0 0 0 9 0 2 2 0 0 1 0 14 0 0 0 0 0 0 0 0 0 0 0 0 0 0 0 0 0 0 0 0 0 0 0 9 0 0 0 
 0 0 240 1 1 2 0 0 1 74 227 0 0 0 1 1 71 73 0 0 50 142 74 65 83 217 119 114 381 269 93 24 370 244 0 182 169 21 59 313 0 3 0 0 2 0 0 3 0 0 0 0 0 0 84 0 2 0 0 0 3 3 0 2 0 0 0 0 3 0 0 2 3 0 0 0 20 0 0 2 0 0 0 1 9 0 0 0 0 0 2 0 0 5 0 0 0 0 0 0 37 0 0 0 0 0 7 20 19 18 56 32 14 10 25 35 11 41 0 10 0 1 0 0 0 2 50 0 0 0 0 0 0 0 0 0 0 0 2 0 0 0 0 12 0 0 0 0 1 0 0 0 0 0 0 0 0 0 0 0 0 0 1 0 8 11 2 2 0 0 0 0 0 0 0 0 0 4 0 0 17 15 22 9 15 0 4 29 0 28 19 9 15 1 0 57 0 16 8 6 0 0 0 0 0 0 0 0 0 0 0 0 0 2 2 0 0 0 0 0 0 0 0 1 0 0 0 0 0 0 0 0 0 0 0 0 0 0 0 0 0 0 18 0 0 0 0 0 62 0 0 0 0 0 84 0 6 0 0 0 0 0 0 0 0 0 0 0 0 0 0 0 0 0 0 0 0 0 0 0 0 0 0 0 0 0 1 0 0 0 
 0 0 0 0 0 0 0 0 0 0 0 0 1 0 0 0 0 5 0 2 107 82 286 113 212 118 274 120 44 361 154 63 122 30 182 0 148 194 52 241 0 3 0 0 2 0 0 8 0 0 0 0 7 0 3 0 2 0 62 0 3 3 0 2 0 1 0 52 3 0 0 0 3 0 0 2 2 1 0 2 0 0 0 0 9 0 11 0 0 0 13 0 0 0 0 0 0 0 0 0 23 10 12 17 2 7 0 20 12 10 13 0 9 11 11 5 15 29 17 0 0 10 9 0 0 0 0 13 0 0 0 0 7 0 0 0 0 0 0 0 3 0 0 3 0 0 0 0 5 0 0 0 0 0 0 0 0 0 0 0 0 0 0 0 14 0 2 0 0 0 0 0 0 0 5 0 0 0 0 0 0 0 15 34 9 0 19 7 21 36 35 0 8 26 18 47 0 54 0 17 6 0 0 13 0 0 11 0 0 0 0 0 0 11 0 0 0 0 12 8 0 0 0 0 0 0 0 0 0 0 0 0 0 0 0 0 0 9 0 0 0 0 12 0 0 0 0 0 0 0 0 0 0 0 2 2 0 2 0 0 0 0 0 0 0 0 0 0 0 0 0 0 0 0 0 0 0 0 0 0 0 0 0 0 0 0 0 0 0 0 
 1 0 0 0 0 0 0 0 0 0 0 3 0 1 0 0 0 0 0 1 333 115 62 100 142 258 116 31 66 247 184 207 251 36 169 148 0 300 104 47 64 5 0 0 2 0 0 3 0 0 0 0 68 0 5 0 1 0 0 207 3 6 0 3 0 0 0 45 4 0 0 0 3 0 0 0 0 1 0 2 0 0 0 0 0 0 0 0 0 0 0 0 0 0 0 0 0 1 0 0 25 10 11 66 20 7 0 1 0 8 12 31 0 0 0 0 60 33 0 0 1 0 0 0 0 0 0 0 0 0 0 0 12 3 32 0 0 0 11 8 0 0 0 24 0 0 0 0 2 0 0 0 0 0 0 31 0 0 0 0 0 0 0 0 0 0 0 0 0 0 0 0 5 0 0 4 0 0 0 0 0 0 24 34 20 9 0 0 3 26 24 27 0 0 1 17 5 22 0 0 2 0 0 0 0 0 0 0 0 0 0 0 1 6 0 0 0 0 0 26 0 0 0 0 0 0 0 0 0 0 0 0 0 0 0 0 8 0 0 0 0 0 16 0 0 0 0 0 0 1 0 0 0 0 13 0 3 74 73 1 3 2 0 0 0 0 0 2 0 0 0 0 1 0 0 0 0 0 0 0 0 0 0 0 0 11 0 0 0 0 
 2 2 78 2 0 2 2 5 2 2 3 2 2 2 2 2 2 5 3 2 167 39 106 340 239 58 65 26 56 98 67 666 36 43 21 194 300 0 324 101 0 3 0 0 2 0 0 8 0 0 0 0 104 0 2 61 2 0 63 62 3 3 0 2 0 0 0 0 3 0 0 0 3 0 26 0 0 0 0 3 0 0 0 0 0 0 0 0 0 0 0 0 0 0 0 0 2 1 0 0 16 0 12 28 26 5 0 7 13 0 1 38 0 0 0 9 36 23 0 0 18 1 0 0 0 0 14 28 0 0 0 0 6 9 0 0 2 0 0 14 0 4 0 0 0 13 0 0 0 0 0 0 0 0 0 0 0 0 0 0 0 0 0 0 0 0 0 0 0 0 0 0 5 0 0 17 0 0 0 0 0 0 0 9 77 2 11 0 15 17 1 0 13 10 18 0 24 1 0 0 21 0 0 0 0 0 4 12 10 0 0 0 0 20 12 0 0 0 8 19 0 0 0 0 2 0 0 0 0 0 0 0 0 0 0 0 0 0 0 0 0 0 0 0 0 0 0 0 0 0 0 0 0 0 8 0 3 40 1 6 9 12 0 0 0 0 0 0 0 0 0 0 0 0 0 0 0 0 0 0 0 10 0 0 0 0 0 0 0 0 
 0 75 100 37 46 79 23 2 0 1 0 110 0 0 0 0 1 1 0 0 45 46 45 83 58 41 245 102 153 96 93 454 211 83 59 52 104 324 0 152 0 3 0 0 2 1 0 3 0 0 0 0 0 0 2 0 1 0 2 0 3 3 0 2 0 0 0 0 3 0 0 0 3 0 0 0 1 5 0 5 0 0 0 3 5 0 0 0 0 1 23 3 1 0 0 13 0 0 0 2 52 1 37 13 10 0 19 7 12 14 18 24 48 1 48 20 19 38 22 0 0 0 0 0 0 0 0 0 0 0 18 0 0 0 0 0 0 0 0 0 0 0 0 0 0 0 0 0 0 0 0 4 0 0 0 3 0 0 0 0 0 0 0 0 65 30 0 0 4 0 0 23 0 0 0 0 0 0 0 0 0 15 0 37 0 2 31 10 0 0 14 1 21 18 1 0 0 0 0 21 0 0 0 0 0 0 0 0 0 0 0 0 0 0 0 1 0 0 32 0 0 0 0 0 0 0 0 0 0 0 0 0 0 0 0 2 0 0 0 0 0 0 0 0 0 1 0 0 0 1 0 0 0 0 9 0 0 1 0 1 0 0 0 0 0 0 2 0 0 0 0 0 1 0 0 0 18 0 0 10 0 1 0 0 0 0 0 0 0 0 
 0 0 0 0 95 0 0 0 0 0 0 90 0 0 0 0 1 0 0 0 229 201 89 49 41 32 311 59 67 90 130 98 330 88 313 241 47 101 152 0 20 0 0 0 6 0 0 0 0 0 0 0 2 0 2 0 2 0 0 0 0 0 0 0 0 0 3 0 0 0 0 3 0 0 0 0 0 2 0 0 0 0 0 12 27 0 0 0 1 0 11 0 0 0 0 0 0 0 0 0 43 15 29 33 13 0 12 11 20 35 19 0 10 21 17 20 0 38 32 0 0 0 0 0 0 0 0 1 0 0 0 0 0 0 0 1 0 0 0 0 0 0 0 0 0 0 0 2 0 0 0 0 0 0 0 0 0 0 0 0 0 0 0 0 31 20 2 0 0 0 0 9 0 0 0 0 0 0 0 1 10 9 15 14 0 0 36 0 34 0 26 10 8 44 18 46 9 9 25 6 0 0 0 0 0 0 0 0 0 0 0 0 0 0 0 0 0 0 14 0 0 0 0 0 0 0 0 0 0 0 0 0 0 0 0 0 0 0 0 0 0 0 0 0 0 0 0 2 0 0 0 0 0 0 8 2 6 1 0 0 0 0 0 0 0 0 0 0 0 0 0 0 2 0 0 0 0 8 0 0 0 0 0 2 2 0 1 0 0 0 
 0 0 0 0 0 0 0 0 0 0 6 0 0 0 0 95 0 0 0 0 1 0 0 54 0 93 0 0 2 55 61 63 0 64 0 0 64 0 0 20 0 162 53 48 45 21 265 403 31 131 39 267 317 203 323 301 85 105 137 125 0 0 0 0 0 0 7 0 208 5 0 0 0 0 0 0 0 0 0 5 0 0 0 0 0 0 0 0 0 0 0 0 17 0 0 0 0 0 0 0 0 0 0 12 0 9 0 0 0 0 0 0 0 0 0 0 0 1 0 0 19 36 32 12 0 0 14 12 0 0 31 0 14 21 8 34 0 1 0 1 0 0 0 0 0 0 4 18 0 0 0 0 0 0 0 28 3 0 0 0 0 0 0 0 0 0 0 0 0 0 0 0 0 0 0 0 0 0 0 20 0 0 0 0 0 43 0 0 0 0 11 25 0 0 0 0 0 0 0 0 30 0 20 0 52 0 6 18 1 0 0 23 25 28 8 1 11 1 22 10 0 0 0 0 0 0 0 0 0 0 0 0 0 0 0 0 0 0 0 0 0 0 0 0 0 0 0 0 0 0 0 4 0 0 0 0 0 0 19 0 0 0 2 0 1 0 2 0 0 0 0 0 0 0 0 0 0 0 0 0 0 0 0 0 0 0 0 0 0 0 
 0 0 0 0 0 0 0 0 0 0 2 3 0 0 0 0 0 2 0 0 3 3 3 3 5 38 3 3 3 5 3 3 3 3 3 3 5 3 3 0 162 0 319 68 260 483 306 271 346 537 173 62 64 212 170 195 295 332 53 211 8 5 5 0 4 0 0 0 0 0 0 0 28 0 0 0 0 0 3 56 0 0 0 0 0 0 0 0 0 0 0 0 0 0 0 0 0 0 0 0 0 0 0 0 0 0 0 0 0 0 0 0 0 0 0 0 0 0 0 0 19 4 12 35 10 0 19 0 50 0 24 1 0 18 8 0 42 16 22 0 1 4 8 0 0 0 13 0 0 24 0 0 3 0 0 6 5 16 8 0 0 0 0 0 0 0 0 0 0 0 0 0 0 0 0 0 0 0 0 5 0 0 0 0 5 40 0 0 0 0 0 0 0 0 0 0 0 0 0 0 18 0 24 0 21 0 0 31 0 15 10 45 0 0 0 13 8 21 8 0 0 0 0 0 0 0 0 0 0 0 7 0 0 27 0 1 0 0 17 1 0 0 1 0 0 0 0 0 0 0 0 0 0 0 0 0 0 0 1 25 0 0 3 2 2 0 0 0 1 0 0 0 0 0 0 0 0 0 0 0 0 0 0 0 0 21 0 0 0 0 
 0 0 0 0 0 0 0 0 0 0 0 0 0 0 0 0 0 0 0 0 62 0 0 3 64 2 203 0 0 19 0 0 0 0 0 0 0 0 0 0 53 319 0 275 382 65 64 99 150 35 61 164 92 108 51 410 47 37 44 102 50 0 0 0 9 0 0 9 0 0 27 0 0 0 0 6 0 0 58 23 0 0 0 0 0 0 0 0 0 0 0 0 0 0 0 0 0 0 0 0 0 0 0 0 0 0 0 0 0 0 0 0 0 0 0 0 0 0 0 0 0 18 0 0 7 48 0 0 0 0 0 47 0 0 0 22 5 0 0 0 0 0 0 0 0 0 0 4 2 0 0 0 0 0 1 0 0 0 20 65 0 0 0 0 17 0 0 0 0 0 0 0 0 0 0 0 0 0 0 0 0 0 0 0 24 0 4 0 0 0 0 0 0 0 0 0 0 0 0 0 0 6 0 56 4 107 0 0 18 0 52 49 0 0 0 0 22 0 0 0 0 0 0 0 0 0 46 17 43 8 0 0 30 0 0 0 0 0 1 0 0 0 0 0 0 0 0 0 0 0 0 4 0 2 0 0 0 0 2 2 0 0 0 0 4 3 0 64 1 0 0 0 0 0 0 0 0 0 0 0 0 0 0 12 15 0 0 0 2 7 
 3 3 3 3 0 3 24 9 3 60 3 9 3 3 3 3 3 3 3 3 0 0 0 0 65 0 0 1 0 0 0 0 0 0 0 0 0 0 0 0 48 68 275 0 193 241 311 96 126 192 98 297 276 71 118 117 58 322 72 254 58 0 1 0 10 0 0 0 0 0 0 6 21 0 0 6 2 0 117 102 0 0 0 0 0 0 0 0 0 0 0 5 0 0 0 0 0 0 0 0 0 0 0 0 0 0 0 0 0 0 0 0 0 0 0 0 0 0 0 0 0 0 0 0 2 40 0 0 0 18 0 30 1 0 0 0 0 0 0 0 7 0 10 0 0 0 0 0 6 0 11 0 37 2 0 23 22 0 9 0 0 0 0 0 0 0 0 0 0 4 0 0 0 0 0 0 0 0 0 0 0 0 0 0 0 0 0 0 0 0 0 0 0 0 0 0 0 0 0 0 0 9 0 18 0 19 0 0 6 17 13 2 0 0 0 0 1 0 0 0 13 30 0 0 0 0 11 9 22 0 0 0 42 9 3 1 0 0 34 14 0 0 8 0 0 0 0 0 0 0 0 1 0 0 0 0 0 0 0 10 0 0 1 64 5 0 0 44 0 0 14 0 0 0 0 0 0 0 0 0 0 0 0 0 4 0 0 23 0 0 
 3 3 3 3 0 3 3 3 3 3 5 3 3 3 3 3 3 6 3 3 22 2 2 2 5 4 2 2 2 2 2 2 2 2 2 2 2 2 2 6 45 260 382 193 0 154 44 75 93 67 204 99 295 345 503 99 56 107 91 66 53 0 0 0 4 0 0 0 0 0 0 0 50 0 0 0 0 0 2 47 0 0 0 0 0 0 0 0 0 0 0 0 0 0 0 0 0 0 0 0 0 0 0 0 0 0 0 0 0 0 0 0 0 0 0 0 0 0 0 0 0 19 0 0 2 38 0 7 0 0 0 15 9 0 0 8 28 0 0 0 0 10 0 0 0 4 27 12 0 20 7 0 25 30 37 20 1 0 6 20 0 0 0 0 1 0 0 0 0 0 0 0 0 0 0 0 0 0 0 0 0 0 0 0 0 0 0 0 0 0 0 0 0 0 0 0 0 0 0 0 0 16 0 10 7 5 1 0 24 7 0 8 0 0 0 0 6 10 0 0 25 14 0 0 0 0 1 11 7 7 0 0 0 10 7 0 5 0 13 21 2 0 0 0 0 0 0 0 0 0 0 6 0 0 0 0 0 0 0 1 0 0 71 0 64 7 0 0 1 0 11 0 0 0 0 2 0 0 0 0 0 0 0 0 0 0 0 14 0 0 
 0 0 3 0 0 0 14 0 31 0 9 3 0 4 3 8 7 0 0 3 0 0 0 0 0 1 0 0 0 0 0 0 0 0 0 0 0 0 1 0 21 483 65 241 154 0 36 32 55 300 266 129 43 35 41 92 66 276 261 53 0 129 0 1 0 0 0 78 23 8 21 0 46 0 29 27 0 15 105 0 0 8 10 0 0 0 6 0 10 0 5 12 0 0 0 0 8 0 0 0 0 0 0 0 0 0 0 0 0 0 0 0 0 0 0 0 0 0 5 0 0 0 0 0 1 0 0 0 0 0 0 0 0 0 0 0 0 0 0 0 11 5 1 0 0 0 4 10 11 10 22 0 0 25 37 11 10 0 0 2 0 0 0 0 0 0 0 0 5 0 1 0 0 8 0 0 0 0 0 0 0 0 0 0 0 0 0 0 0 0 0 0 0 0 0 0 0 0 0 0 0 0 0 18 3 21 0 0 2 0 32 0 0 0 0 0 0 0 0 0 21 23 1 0 0 0 13 18 30 0 14 10 6 0 10 10 19 4 0 25 17 5 0 0 0 0 0 0 0 0 0 7 0 0 0 0 0 0 1 4 0 0 0 1 4 4 3 0 1 0 0 0 0 0 0 0 0 0 0 0 0 0 0 0 8 0 0 0 0 0 
 0 0 2 0 76 0 0 0 0 0 0 3 0 0 0 0 0 0 0 0 1 0 0 0 0 0 0 0 0 0 125 0 2 0 0 0 0 0 0 0 265 306 64 311 44 36 0 125 69 43 31 36 107 247 382 33 81 258 146 137 0 0 0 2 2 0 5 0 9 4 2 0 0 0 0 14 0 0 0 7 10 0 0 0 0 0 0 0 0 0 0 0 0 0 0 0 0 0 0 0 0 0 0 0 9 0 0 0 0 0 0 0 0 0 0 0 0 0 0 0 24 15 72 0 0 0 20 9 9 8 29 0 31 18 0 18 25 0 40 15 0 0 0 0 1 0 2 6 6 0 4 4 0 0 3 3 0 0 0 0 0 0 0 0 0 0 0 7 0 0 0 0 0 0 0 0 0 0 0 0 0 0 0 0 1 12 0 0 0 0 0 14 0 67 0 0 0 0 0 0 47 3 40 0 0 0 12 17 8 5 0 22 13 21 16 1 0 19 21 10 0 4 0 4 0 7 2 0 0 3 1 0 6 0 0 0 43 3 0 1 0 0 0 0 0 0 0 16 2 0 0 0 0 0 0 0 0 0 2 25 0 1 0 0 2 2 19 0 1 0 0 0 0 0 0 0 0 0 0 1 0 0 0 0 0 0 0 0 0 0 
 0 0 0 0 0 6 2 61 0 0 4 0 0 0 0 0 6 2 0 0 3 3 5 9 9 4 4 3 3 4 77 10 3 3 3 8 3 8 3 0 403 271 99 96 75 32 125 0 399 118 32 43 105 220 315 75 358 226 60 101 2 0 2 5 0 0 1 0 0 1 0 0 51 0 0 0 0 0 0 0 0 0 0 0 0 0 0 0 45 0 0 0 0 0 0 0 0 0 0 0 0 0 0 0 0 8 0 0 0 0 1 0 0 5 0 0 7 1 0 0 29 8 13 10 10 1 14 4 13 3 0 0 8 31 36 19 9 17 0 8 0 0 0 0 0 0 2 0 0 0 0 0 0 0 0 1 0 0 19 12 0 0 0 0 1 0 0 0 0 0 0 13 0 0 0 0 0 0 0 3 0 0 0 0 5 0 0 0 0 6 0 19 0 0 0 0 1 0 0 0 17 5 17 22 14 0 29 0 7 11 1 45 0 17 19 3 21 19 0 15 0 0 0 0 0 0 0 0 0 0 0 0 0 20 0 7 0 0 0 0 0 0 1 0 0 0 0 0 0 0 0 2 0 0 0 0 1 2 9 0 0 0 0 0 0 2 3 0 0 0 0 0 0 0 0 0 0 0 0 0 0 6 0 0 0 10 0 0 0 2 
 3 3 3 3 0 3 3 5 3 65 7 3 65 3 3 3 3 6 3 3 0 0 0 0 0 0 0 0 0 0 15 0 0 0 0 0 0 0 0 0 31 346 150 126 93 55 69 399 0 170 103 102 100 79 198 147 310 417 56 141 9 21 9 0 0 3 0 0 0 4 1 1 0 0 0 0 1 1 45 51 0 0 0 0 0 0 0 0 0 0 0 0 0 0 0 0 0 0 0 0 0 0 0 0 18 0 0 0 0 0 0 0 0 0 0 0 0 0 0 0 0 0 0 14 12 0 0 9 13 19 0 8 0 25 6 58 23 0 0 0 1 0 0 0 0 1 0 0 0 0 0 0 0 0 0 0 0 0 11 0 0 0 0 0 4 0 0 1 0 0 0 0 0 0 0 0 0 0 0 0 0 0 7 0 0 0 0 0 0 0 0 0 0 0 0 0 0 0 0 0 0 38 26 21 4 0 23 0 10 0 7 10 1 0 17 0 9 3 0 19 0 0 1 0 7 0 11 0 0 0 0 1 21 25 0 3 0 0 30 0 0 0 1 0 0 0 0 0 0 0 0 5 0 0 0 0 0 0 0 1 0 0 2 0 0 22 1 0 0 0 0 0 0 0 0 1 0 0 0 0 0 0 0 0 41 12 0 0 0 0 
 62 61 61 2 1 1 0 66 0 1 1 1 63 0 64 0 0 2 0 63 0 0 0 0 0 53 0 0 0 0 0 0 5 1 0 0 0 0 0 0 131 537 35 192 67 300 43 118 170 0 162 73 117 197 149 243 36 282 76 226 105 2 0 9 0 2 6 0 0 7 2 6 0 0 50 3 0 0 0 58 7 0 0 0 0 0 0 0 0 0 18 0 0 0 0 10 1 9 0 28 0 0 0 0 0 0 0 0 0 0 0 0 0 0 0 0 0 0 1 0 6 16 22 11 18 1 25 13 11 0 13 0 0 27 7 1 0 12 0 0 0 0 12 0 0 0 2 0 0 0 0 0 6 0 0 3 4 0 5 0 11 0 0 0 0 0 0 0 0 9 0 0 0 0 9 0 16 0 0 0 0 0 10 0 0 0 0 0 0 0 0 0 0 0 0 0 0 0 0 0 11 0 10 5 9 8 1 9 0 0 19 31 22 18 10 10 39 7 11 0 19 0 0 0 0 0 0 0 0 0 0 10 5 0 0 0 0 0 17 1 0 27 0 0 0 0 27 0 0 0 0 2 0 0 0 0 0 0 0 11 0 0 2 35 1 2 3 0 0 0 0 0 0 0 0 0 0 0 0 0 0 0 0 0 0 16 0 0 0 0 
 0 0 0 0 0 2 0 0 0 0 2 0 0 0 0 0 0 0 0 0 0 0 0 3 0 65 0 0 0 0 0 0 0 0 0 0 0 0 0 0 39 173 61 98 204 266 31 32 103 162 0 123 82 63 65 111 94 189 253 70 5 0 4 0 0 0 5 0 0 0 3 0 23 6 1 0 0 0 68 54 0 0 0 0 0 0 0 0 0 0 0 0 0 0 0 0 0 0 0 0 0 0 0 0 0 0 0 0 0 0 0 0 0 0 0 0 0 0 0 0 0 19 0 33 1 77 3 0 71 4 3 22 11 8 2 0 23 0 0 0 8 3 0 0 0 0 0 0 0 0 0 0 35 3 0 55 9 3 0 1 0 0 0 0 3 6 0 0 0 0 0 0 0 0 0 0 0 0 0 0 0 0 0 0 0 0 0 0 1 0 0 1 0 0 0 0 0 0 0 0 0 6 0 16 25 8 0 27 13 3 54 20 0 0 3 7 15 22 11 0 3 8 0 0 0 0 0 12 18 0 0 10 0 32 8 7 0 0 25 27 0 0 0 0 0 0 0 0 0 0 0 3 0 0 0 0 0 0 0 2 0 22 62 0 40 0 0 2 4 0 37 0 0 0 0 0 0 10 0 0 0 3 0 0 0 10 0 10 0 0 
 0 0 0 1 0 0 21 0 63 0 2 0 0 0 0 0 0 0 0 0 0 1 64 0 0 0 0 0 1 0 208 0 3 0 0 0 0 0 0 0 267 62 164 297 99 129 36 43 102 73 123 0 239 38 252 193 74 94 32 37 73 1 0 0 0 0 0 210 0 0 53 0 50 3 0 18 0 0 79 61 0 0 0 0 0 0 0 0 0 0 0 0 0 0 0 0 0 0 0 0 0 0 33 0 0 0 0 0 0 0 0 0 0 0 0 0 0 0 0 0 0 0 0 1 32 39 0 7 0 18 0 49 0 0 0 0 0 0 0 0 19 2 9 0 0 0 1 0 22 0 0 0 16 0 0 0 0 0 33 11 0 0 0 0 0 0 0 0 0 3 0 0 0 0 0 0 0 0 0 1 0 0 0 0 10 0 0 0 0 0 0 0 0 0 0 0 0 0 0 0 0 13 0 10 7 50 0 0 17 14 35 6 0 0 0 0 0 0 0 0 20 0 0 0 0 0 0 3 17 0 0 0 53 11 6 0 20 0 25 11 0 0 25 0 0 0 0 0 0 0 0 3 0 0 0 0 0 0 0 13 0 0 2 3 64 4 0 35 0 0 0 0 0 0 0 0 0 0 0 0 0 0 0 0 42 0 0 22 0 0 
 0 0 0 3 0 0 4 3 1 0 0 0 0 62 3 6 0 0 20 60 0 3 0 66 128 3 0 0 3 148 3 56 2 1 0 7 68 104 0 2 317 64 92 276 295 43 107 105 100 117 82 239 0 90 59 66 93 107 166 134 0 0 3 0 0 2 0 202 2 3 0 0 0 3 0 24 0 0 0 0 0 5 0 0 0 0 10 0 0 0 0 0 6 0 10 13 0 0 0 8 0 2 0 18 19 0 0 0 0 0 0 0 0 0 0 10 0 0 0 0 0 13 0 0 0 0 0 37 0 5 0 0 0 14 13 25 1 0 1 0 0 5 0 0 0 0 0 0 0 0 0 0 0 0 0 0 0 0 0 0 0 0 6 0 2 0 0 3 1 0 11 0 4 0 0 0 5 0 0 7 0 0 0 0 39 0 0 0 9 0 0 0 0 0 0 0 30 2 0 0 19 2 11 0 1 0 50 33 0 0 0 9 6 26 34 0 26 0 1 13 0 0 0 0 0 0 0 0 0 0 0 0 0 0 0 0 0 0 0 0 0 0 0 0 0 0 0 0 0 0 0 4 0 1 0 0 0 56 1 33 0 10 1 0 0 14 11 0 0 0 0 0 0 0 0 0 0 0 0 0 0 0 0 0 0 0 0 0 1 0 
 0 0 0 0 0 0 0 0 0 0 0 0 0 0 2 0 0 0 0 0 0 204 0 31 0 69 0 0 0 0 65 0 0 0 0 0 0 0 0 0 203 212 108 71 345 35 247 220 79 197 63 38 90 0 100 37 178 327 228 131 4 0 0 1 0 0 0 0 6 0 0 0 1 6 0 0 0 0 4 23 0 0 0 10 0 0 0 0 0 0 0 0 0 0 0 0 0 0 0 0 0 0 0 0 0 15 0 0 0 0 0 0 0 0 0 0 0 0 0 0 14 54 3 19 0 22 8 10 20 0 29 0 10 10 1 20 0 7 0 19 3 5 2 0 0 9 5 0 0 12 0 0 4 0 0 7 2 0 0 17 0 0 0 0 0 0 0 0 0 0 0 0 0 0 0 0 0 0 0 0 0 0 0 0 7 2 0 0 0 0 0 42 0 0 0 0 0 0 0 9 22 0 19 0 6 4 0 11 15 18 0 7 13 15 0 9 0 18 19 0 5 0 0 0 0 0 0 0 0 0 0 0 0 0 0 0 0 0 4 3 0 0 0 0 0 33 0 0 0 32 0 7 0 1 0 0 0 0 1 2 0 0 0 1 0 4 2 0 0 0 0 0 0 0 0 0 0 0 0 0 0 0 0 0 0 0 0 0 1 0 
 0 0 0 59 0 0 0 0 0 0 62 0 0 0 0 0 0 0 0 0 2 2 3 69 2 183 2 2 2 70 21 10 2 2 84 3 5 2 2 2 323 170 51 118 503 41 382 315 198 149 65 252 59 100 0 111 44 91 141 158 12 0 5 3 0 0 0 0 0 3 0 0 0 0 0 0 0 0 20 0 0 0 0 13 0 0 0 0 0 0 0 0 0 0 0 0 0 0 0 0 0 0 0 1 30 0 0 0 0 0 0 0 0 0 0 0 0 0 0 0 29 1 8 13 0 0 12 8 30 0 20 1 50 32 14 16 47 8 20 4 0 0 0 0 0 0 0 0 0 0 0 0 0 0 0 0 0 0 0 0 0 0 0 0 0 0 0 10 0 0 0 0 0 0 0 0 0 0 12 0 0 0 0 0 11 25 0 0 0 0 33 0 0 0 0 0 0 0 0 0 19 20 24 33 17 4 0 14 15 33 0 18 64 29 4 17 10 30 12 17 0 20 0 0 0 0 0 0 0 0 0 0 2 20 0 7 0 0 14 23 0 0 0 0 0 0 0 0 0 32 0 2 0 1 0 0 0 0 69 12 0 0 1 0 0 4 2 0 0 0 4 0 0 0 0 0 0 0 0 0 0 2 1 0 10 21 0 0 1 0 
 0 0 0 2 0 0 22 2 0 0 3 0 0 0 0 0 0 3 0 0 0 2 66 0 0 48 0 0 78 0 0 0 0 76 0 0 0 61 0 0 301 195 410 117 99 92 33 75 147 243 111 193 66 37 111 0 235 192 30 297 51 0 0 0 0 0 0 0 0 0 0 0 51 0 5 7 0 0 50 74 0 0 0 0 0 0 0 0 0 0 0 0 9 0 0 0 0 0 0 0 0 0 0 0 6 0 2 0 0 0 0 0 0 0 0 0 0 0 0 0 0 0 0 0 28 15 0 2 1 28 0 11 0 11 7 23 0 0 0 0 6 0 15 0 0 0 0 17 7 0 0 0 10 0 0 0 0 0 28 0 0 0 0 0 0 0 0 0 0 0 0 0 0 0 0 0 0 0 0 12 0 0 0 0 0 0 0 0 0 0 0 0 0 0 40 0 0 0 0 0 0 48 0 4 0 7 16 0 8 11 27 0 1 0 11 0 0 0 0 0 0 0 0 0 0 0 10 0 0 0 0 0 26 9 0 0 0 0 11 0 0 0 9 0 0 0 0 0 0 0 0 2 0 0 1 0 0 0 0 1 0 0 0 66 1 6 0 4 1 0 0 0 0 0 0 0 0 0 0 0 0 0 0 0 6 8 0 0 0 0 
 0 0 1 1 2 2 0 0 0 0 0 0 0 0 2 0 3 2 0 4 1 4 2 4 1 3 1 2 2 2 3 2 1 2 2 2 1 2 1 2 85 295 47 58 56 66 81 358 310 36 94 74 93 178 44 235 0 95 198 91 0 2 5 0 0 1 6 0 9 6 2 1 24 2 2 2 2 0 0 59 0 0 0 0 0 0 0 0 0 0 0 0 0 0 0 0 0 0 0 0 0 0 0 0 0 1 0 0 0 0 0 0 0 0 0 0 0 0 0 0 1 15 9 8 15 0 0 6 11 11 13 0 13 13 21 49 0 10 0 1 0 2 1 0 0 0 0 0 13 0 0 0 3 0 0 0 0 5 0 19 0 0 0 0 0 0 0 23 0 0 0 17 0 0 0 0 0 0 0 5 0 0 0 0 0 11 0 0 6 0 0 0 0 0 0 0 0 16 8 0 0 12 10 8 0 0 15 1 9 11 11 15 20 7 29 1 18 0 0 0 0 0 0 0 0 0 0 0 0 0 0 0 5 1 0 0 0 0 0 0 0 0 0 0 0 0 0 0 0 0 0 1 0 2 0 0 0 2 2 2 0 0 1 1 0 3 0 0 0 0 0 0 0 0 0 0 0 0 0 0 0 0 0 0 21 0 0 0 2 0 
 1 0 0 0 0 0 0 6 0 0 2 0 0 2 65 0 0 0 0 0 0 0 115 0 0 55 0 0 0 0 0 0 0 104 0 0 0 0 0 0 105 332 37 322 107 276 258 226 417 282 189 94 107 327 91 192 95 0 51 107 7 0 88 1 2 0 1 6 0 0 0 0 0 2 0 0 0 0 0 1 0 0 0 0 0 0 0 0 0 0 0 0 0 0 0 0 0 0 0 0 0 0 0 0 0 0 0 0 0 0 0 0 0 0 0 0 0 0 0 0 1 49 0 31 8 19 6 0 69 23 22 0 1 47 44 26 7 8 0 0 0 0 1 0 0 0 1 0 0 0 0 0 1 0 0 3 4 0 0 44 0 0 0 0 0 0 0 0 0 0 0 0 0 0 0 0 0 0 19 0 0 0 0 0 0 0 0 0 0 0 0 0 0 0 0 0 0 0 0 0 76 10 17 2 19 0 13 10 1 10 0 19 25 0 29 10 40 2 11 0 0 0 0 0 0 0 0 0 0 0 0 0 0 11 0 9 0 0 9 0 0 0 0 0 0 0 0 0 1 0 0 6 0 0 0 0 0 0 0 9 0 0 2 3 5 9 0 2 0 0 0 0 0 0 0 0 0 0 0 0 0 0 0 0 5 27 0 0 0 0 
 0 0 0 1 8 7 0 11 64 6 0 9 0 0 0 0 0 4 0 0 0 0 0 70 55 71 0 0 1 125 19 62 0 2 0 62 0 63 2 0 137 53 44 72 91 261 146 60 56 76 253 32 166 228 141 30 198 51 0 142 0 0 1 0 3 1 2 0 3 5 0 0 0 0 2 0 0 0 2 209 0 0 0 8 2 12 0 0 0 8 0 0 0 0 0 0 18 0 0 0 0 7 0 10 10 0 0 0 0 0 0 0 0 0 0 18 0 0 0 12 48 11 29 0 0 0 10 0 19 0 24 0 22 5 11 17 19 7 50 0 0 2 0 0 0 8 0 0 1 0 0 0 0 0 0 0 0 0 0 0 0 21 0 5 26 0 0 3 0 5 0 9 0 0 0 9 0 5 0 0 0 0 0 0 14 17 0 0 0 0 17 0 14 0 2 0 10 10 0 0 21 0 9 3 0 0 0 11 8 3 0 1 21 22 7 0 0 19 18 12 0 0 0 0 0 0 0 0 0 0 0 0 0 0 0 0 0 0 0 0 0 0 0 0 0 0 0 0 0 0 0 0 0 2 0 0 0 62 63 13 0 0 5 0 0 1 0 0 2 0 0 2 0 0 0 0 0 0 0 0 0 0 0 0 0 0 0 0 2 0 
 2 3 2 3 0 2 4 5 2 2 7 2 4 4 3 3 2 2 3 3 0 0 0 26 0 3 0 0 0 64 65 62 0 0 0 0 207 62 0 0 125 211 102 254 66 53 137 101 141 226 70 37 134 131 158 297 91 107 142 0 11 22 5 9 0 0 0 0 0 3 2 0 0 0 6 0 0 0 0 2 0 0 0 0 0 0 0 0 0 0 0 0 0 0 0 0 0 0 0 0 0 1 0 18 18 0 0 0 0 0 0 0 0 0 0 7 0 0 0 0 46 10 34 2 0 0 35 13 44 15 12 8 0 14 23 0 22 17 0 6 0 3 0 0 0 0 1 0 2 1 0 0 0 1 1 1 1 0 0 8 0 0 0 5 0 0 1 0 0 0 0 0 0 0 0 0 0 0 0 0 0 0 0 0 21 0 0 0 0 0 0 0 0 0 0 0 9 0 16 18 0 2 24 36 17 1 14 35 0 43 3 18 4 19 25 0 23 24 5 4 0 0 0 0 0 0 0 0 0 0 0 5 5 19 2 8 0 0 1 1 0 0 0 0 0 0 0 0 0 33 0 2 0 1 0 0 0 62 1 1 0 13 0 0 0 0 0 0 0 0 0 0 0 0 0 0 0 0 0 0 0 0 6 0 0 12 0 0 1 0 
 0 0 0 1 0 0 2 3 2 0 0 0 0 0 0 0 0 3 1 4 3 5 3 3 6 3 3 3 3 3 3 3 3 3 3 3 3 3 3 0 0 8 50 58 53 0 0 2 9 105 5 73 0 4 12 51 0 7 0 11 0 120 66 79 32 36 503 311 54 39 33 257 61 335 54 35 29 26 97 272 0 0 0 0 0 0 0 0 0 0 0 0 0 0 0 0 0 0 0 0 0 0 0 0 0 0 0 0 0 0 0 0 0 0 0 0 0 0 0 0 3 0 0 1 17 7 9 0 11 0 0 10 0 4 0 0 7 5 0 0 9 23 4 0 0 0 12 4 0 3 0 0 26 5 5 17 0 0 12 0 0 0 0 0 0 0 0 0 0 2 0 0 0 0 0 0 0 0 0 0 0 0 8 0 9 0 0 1 0 0 0 0 0 0 0 0 0 0 0 0 0 0 9 6 23 31 3 0 0 0 14 3 0 44 0 0 6 5 0 0 18 22 7 0 0 0 19 0 20 0 0 0 19 4 0 8 20 0 19 22 0 0 0 0 0 0 0 0 0 0 0 10 0 0 4 0 0 0 0 0 0 0 10 16 0 0 0 0 0 0 18 0 0 2 1 0 0 0 0 0 0 0 0 0 0 11 0 0 0 0 
