 0 194 114 75 36 36 191 265 128 28 37 48 44 268 149 95 128 127 300 23 2 0 0 0 0 0 3 1 3 0 3 3 2 0 0 0 0 0 0 2 2 0 2 3 5 2 0 3 3 0 0 2 61 3 11 3 2 0 0 0 0 0 0 0 0 1 0 0 0 4 3 0 0 0 0 0 0 2 0 0 30 13 13 0 0 0 10 19 21 13 15 0 20 8 11 33 14 30 13 13 0 0 0 0 0 0 0 0 0 0 0 0 2 0 0 0 0 0 0 0 0 0 0 0 0 0 0 0 0 0 0 0 0 0 0 0 0 0 0 0 0 0 0 0 0 0 0 0 0 0 0 0 0 0 0 0 0 0 0 0 10 0 8 19 11 21 38 28 20 12 26 0 23 41 2 1 57 16 19 25 0 0 0 0 0 0 0 0 0 0 0 0 0 0 0 0 0 0 0 0 0 15 0 0 0 0 0 0 0 0 0 0 0 0 0 0 0 0 0 0 14 0 0 0 0 0 0 0 0 0 0 0 0 0 0 0 0 0 0 0 0 1 0 0 0 0 0 1 18 2 1 13 0 0 0 0 0 0 0 0 0 0 0 0 0 0 0 0 0 0 0 0 0 0 0 0 0 0 0 0 0 0 0 0 0 0 0 0 0 0 
 194 0 330 425 119 123 104 208 52 264 37 240 52 158 242 599 115 230 84 203 1 0 0 4 3 0 0 0 0 2 2 3 2 0 0 0 3 6 0 72 0 0 0 3 7 0 0 5 6 3 3 5 0 9 4 2 2 2 0 4 3 0 0 2 0 3 1 0 3 2 1 0 0 32 0 0 0 3 0 0 22 10 10 10 11 10 29 0 19 24 18 30 15 6 7 4 1 9 23 22 0 0 0 0 0 0 0 0 0 0 0 0 0 0 0 0 0 0 0 0 12 0 0 0 0 0 2 1 2 0 2 0 1 1 0 1 2 0 0 0 0 3 0 0 0 0 0 0 0 0 0 0 0 0 0 0 0 0 0 0 0 24 0 41 0 14 31 23 17 15 18 0 14 31 11 7 23 44 12 21 0 0 1 0 0 0 11 0 0 0 0 0 0 0 0 0 0 0 0 1 0 0 0 0 0 0 0 0 0 0 0 0 0 0 0 0 0 0 0 0 0 0 0 0 0 0 0 0 0 0 0 0 0 0 0 0 0 0 0 0 0 28 0 0 0 0 0 2 2 7 2 10 14 0 0 0 0 0 0 0 0 0 0 0 0 0 0 0 0 0 0 0 0 0 0 9 0 0 0 0 0 0 0 10 0 0 0 0 0 0 
 114 330 0 492 184 39 86 185 510 329 130 140 286 66 242 41 63 61 379 124 2 0 0 0 1 0 0 1 0 0 3 0 76 0 0 0 0 0 52 76 0 17 0 11 4 0 0 3 3 0 0 2 0 3 0 1 2 0 0 0 0 0 0 0 0 0 0 0 0 57 3 51 0 0 0 0 0 3 0 0 28 1 14 21 0 24 0 7 8 32 33 3 13 4 30 43 29 71 10 1 0 5 0 0 0 0 60 0 0 0 0 0 1 0 16 0 0 0 9 17 0 0 0 0 0 0 0 0 0 0 2 0 0 8 0 0 0 0 0 0 0 0 0 0 1 1 0 0 0 0 0 0 0 0 0 7 0 0 0 0 22 33 9 15 0 10 0 19 9 3 51 8 0 2 27 15 9 24 0 12 13 0 0 0 0 0 10 0 0 1 0 0 15 1 0 0 0 0 0 10 0 0 0 0 0 0 0 0 23 1 0 2 0 0 0 0 0 0 0 0 0 16 0 0 0 0 0 0 2 0 0 0 0 0 0 0 0 0 0 0 0 0 0 0 0 2 179 2 88 0 10 10 0 0 0 0 0 0 0 0 0 0 0 0 0 0 0 0 0 0 0 0 0 0 0 0 11 14 0 0 0 0 0 0 0 0 0 0 0 0 
 75 425 492 0 347 596 94 142 189 358 63 291 35 203 93 282 334 228 291 73 86 5 0 0 11 0 77 3 5 0 6 0 183 2 0 3 0 3 75 162 2 31 2 3 4 4 0 3 7 2 0 4 0 6 0 3 2 0 2 0 0 0 0 0 0 0 0 0 0 0 3 12 0 2 2 1 0 1 0 0 0 18 27 19 9 43 10 15 0 0 31 0 0 0 0 32 0 22 0 0 18 10 0 0 0 0 0 7 1 0 0 10 0 12 0 1 0 0 1 78 0 0 0 0 0 0 0 0 0 0 0 0 0 0 0 0 0 0 0 0 0 0 0 0 0 0 0 0 0 0 0 0 0 0 0 13 0 0 0 0 0 0 0 0 21 22 0 22 2 46 0 59 0 0 0 0 0 25 1 2 36 1 0 2 0 0 33 0 0 0 0 0 1 0 0 0 0 0 0 16 0 0 0 0 0 0 0 0 0 0 0 0 0 0 0 15 0 0 0 0 0 0 0 0 0 2 0 0 0 0 0 0 0 1 0 0 0 0 0 0 0 0 0 0 0 0 23 0 2 136 3 15 0 0 2 0 0 0 0 0 0 0 0 0 0 0 0 0 0 0 0 0 0 0 0 0 0 28 0 0 0 0 0 0 0 0 0 0 0 0 
 36 119 184 347 0 79 51 105 441 195 120 41 70 75 158 265 129 44 91 33 2 75 61 2 0 0 73 74 60 0 3 0 90 73 5 22 74 2 145 126 0 4 63 3 7 0 0 3 3 0 2 2 0 3 0 0 2 0 0 0 1 1 6 0 2 0 0 2 0 0 3 45 1 0 3 0 0 2 0 0 0 25 10 23 11 23 1 26 1 31 24 6 0 0 1 0 0 17 0 0 35 36 0 0 0 0 1 2 9 20 5 4 0 19 21 1 0 19 24 15 0 0 0 0 0 0 0 0 0 0 0 0 0 0 0 0 0 0 0 0 0 0 0 0 0 0 0 0 0 0 0 0 0 0 0 0 0 0 0 0 14 0 6 32 0 11 0 14 0 0 2 0 0 0 17 0 1 32 0 0 0 0 2 0 0 0 0 9 1 16 0 0 18 0 0 19 10 9 1 0 0 0 0 0 0 0 0 0 0 0 0 0 0 0 0 0 0 0 0 0 0 0 0 0 0 0 0 0 0 0 0 0 0 0 0 0 0 0 0 0 0 0 0 0 0 5 51 0 104 3 9 6 0 0 0 0 0 0 0 0 0 0 0 0 0 0 0 0 0 0 0 0 0 0 0 0 4 0 0 0 0 0 0 0 0 0 0 0 0 0 
 36 123 39 596 79 0 66 35 32 167 313 230 37 266 193 302 143 184 108 69 35 1 76 0 0 0 166 154 1 0 5 92 85 3 53 74 0 64 35 3 6 0 0 3 4 0 3 3 3 0 0 2 0 3 0 5 2 0 0 0 7 0 0 0 0 0 1 0 3 0 3 7 0 0 0 0 0 3 0 0 0 11 0 0 23 29 0 0 0 0 0 44 0 0 0 0 11 0 0 16 1 17 1 23 0 0 18 0 0 15 0 1 26 9 20 0 18 0 15 32 0 0 0 0 0 1 0 0 0 0 0 0 0 0 0 0 0 0 15 0 0 0 0 0 0 0 0 0 0 0 0 0 0 0 0 13 0 11 0 0 0 0 0 9 24 1 12 0 11 34 0 60 0 0 0 0 10 27 0 0 25 19 11 10 8 0 22 8 0 38 0 0 7 24 14 10 19 14 22 26 0 0 0 0 0 0 0 0 0 0 0 0 0 0 0 0 0 0 0 0 0 0 0 0 0 0 0 0 0 0 0 0 0 0 0 0 0 0 0 0 0 0 0 0 0 2 89 0 1 5 0 10 13 0 0 0 0 0 0 0 2 0 74 0 0 0 0 0 0 0 0 0 0 0 0 0 0 1 0 0 0 0 0 0 0 0 0 0 0 0 
 191 104 86 94 51 66 0 464 144 146 136 40 236 383 263 35 211 103 270 101 2 1 0 0 0 0 0 1 0 0 3 0 2 0 0 0 0 3 0 0 0 0 1 3 4 2 0 3 3 0 0 2 0 3 2 0 2 0 0 0 6 0 0 2 0 0 0 0 0 10 2 0 0 0 0 0 0 3 0 0 0 3 7 10 0 2 27 9 8 39 16 0 18 37 27 47 30 23 11 0 1 0 0 0 0 0 0 0 0 0 0 0 31 0 0 0 0 0 3 0 0 0 0 0 0 1 0 0 0 0 0 0 0 0 2 0 0 0 10 0 0 0 0 0 0 0 0 0 0 0 0 0 0 0 0 0 0 0 1 0 22 0 0 18 1 14 4 0 13 14 11 4 24 0 37 63 13 0 7 65 0 0 0 0 0 0 0 0 0 0 0 0 0 0 0 0 0 0 19 1 0 0 0 0 0 0 0 0 0 14 0 0 0 0 0 0 0 2 0 0 0 0 0 0 0 0 0 0 0 0 0 1 0 0 0 0 0 0 0 0 0 0 0 0 0 0 0 2 88 43 1 12 0 0 0 0 0 0 0 0 0 0 0 0 0 0 0 0 0 0 0 0 0 0 0 55 0 0 0 0 0 0 0 0 0 0 0 0 0 0 
 265 208 185 142 105 35 464 0 191 130 44 37 244 122 148 254 86 55 190 130 1 0 0 0 0 0 0 0 0 0 2 0 2 0 0 0 0 0 0 2 0 0 0 3 4 0 0 3 3 0 0 2 0 3 0 0 2 1 0 0 10 0 0 0 0 0 0 0 0 10 2 1 0 0 0 0 0 3 0 0 37 0 10 31 0 0 10 0 10 8 1 0 36 132 13 26 10 29 30 0 0 0 0 0 0 0 0 0 0 19 0 0 26 13 0 0 0 0 14 0 0 0 0 0 0 0 0 0 0 0 0 0 0 0 0 0 0 0 0 0 0 0 0 0 0 0 0 0 0 0 0 0 0 0 0 0 0 0 0 0 0 11 41 54 8 14 18 14 22 0 29 10 26 21 11 25 23 27 19 39 0 0 0 0 0 0 0 0 0 0 0 0 0 0 0 0 0 0 0 0 0 0 0 0 0 0 0 0 0 0 0 0 0 0 0 0 0 0 0 0 0 0 0 0 0 0 0 0 0 0 0 0 0 0 0 0 0 0 0 0 0 0 0 0 0 0 2 0 1 108 2 15 0 0 0 0 0 0 0 0 0 0 0 0 0 0 0 0 0 0 0 0 0 0 0 8 16 0 0 0 0 0 0 0 0 0 0 0 0 0 
 128 52 510 189 441 32 144 191 0 136 112 58 103 189 165 172 45 117 327 42 0 0 0 1 0 2 0 1 0 0 3 0 78 0 0 0 0 0 36 152 1 10 0 3 3 0 0 3 3 0 0 2 0 3 0 0 2 0 0 0 0 0 0 0 0 0 0 0 0 1 2 0 0 0 0 0 0 3 0 0 11 0 47 33 0 13 10 39 18 17 24 8 9 18 88 26 9 29 22 0 0 20 0 0 0 0 2 0 0 0 0 0 0 0 15 0 0 0 13 1 0 0 0 0 0 0 0 0 0 0 0 0 0 0 0 0 0 0 0 1 0 0 0 0 0 0 0 0 0 0 0 0 0 0 0 10 0 0 0 0 0 10 0 0 0 1 14 31 18 15 19 14 14 27 1 31 0 28 0 31 0 0 0 0 0 0 20 0 0 0 0 0 15 0 0 0 0 0 0 0 0 0 0 0 0 0 0 0 0 0 0 0 0 0 0 0 0 0 0 0 0 0 0 0 0 0 0 0 0 0 0 0 0 0 0 0 0 0 0 0 0 0 0 0 0 0 91 0 1 0 0 2 0 0 0 0 0 0 0 0 0 0 0 0 0 0 0 0 0 0 0 0 0 0 0 0 15 22 0 0 0 0 0 0 0 0 0 0 0 0 
 28 264 329 358 195 167 146 130 136 0 284 181 47 368 96 123 155 360 118 91 78 0 0 0 0 0 0 1 0 0 3 0 2 2 79 0 0 0 18 75 0 0 0 3 2 0 0 3 3 0 0 2 0 3 0 0 2 0 0 0 0 1 0 0 0 0 0 5 10 18 13 55 0 10 0 10 11 4 0 2 2 0 28 2 19 0 0 13 0 12 8 11 2 0 24 27 28 17 18 0 0 0 0 0 0 0 7 23 0 8 12 3 0 21 9 0 0 0 3 0 0 0 0 0 0 0 0 0 0 0 0 0 0 2 0 0 0 0 14 0 17 0 1 0 0 0 0 0 0 0 0 0 0 0 0 0 16 0 0 0 2 3 2 15 40 0 0 21 27 28 22 19 0 0 23 33 28 0 0 11 0 0 5 0 0 0 0 0 0 2 0 0 0 0 0 0 0 0 16 0 0 0 0 0 0 0 0 0 0 1 0 0 0 0 0 0 0 0 0 0 2 0 0 0 0 0 0 0 0 0 0 0 0 0 0 0 0 0 0 0 0 0 0 0 0 2 0 1 2 0 6 11 0 1 0 0 0 0 0 0 0 0 0 0 0 0 0 0 0 0 0 0 0 2 0 10 0 0 0 0 0 0 0 0 0 0 0 0 0 0 
 37 37 130 63 120 313 136 44 112 284 0 393 212 155 380 85 248 46 28 152 2 73 2 6 0 0 77 3 145 0 3 0 2 0 1 5 0 3 74 38 0 6 0 3 4 0 0 3 13 0 0 2 0 3 2 33 4 0 0 0 7 0 0 2 0 0 0 1 0 10 3 51 0 3 0 0 0 3 1 0 0 10 0 10 12 1 0 11 0 42 28 3 0 17 0 1 16 17 0 0 0 0 0 0 0 0 12 6 0 0 13 0 29 24 14 0 0 0 5 0 0 0 0 0 0 0 0 0 0 0 2 0 0 0 0 0 0 0 45 0 0 0 0 0 0 1 0 0 0 0 0 0 0 0 0 0 0 0 0 0 23 0 4 47 15 16 12 0 0 0 12 17 0 0 19 15 3 0 0 4 0 0 0 0 0 0 0 0 0 0 0 0 14 0 0 0 0 0 11 8 0 0 0 0 0 0 0 0 0 0 6 2 0 0 0 0 0 0 0 0 0 0 0 0 0 0 0 0 2 0 0 0 0 0 0 7 0 0 0 0 0 0 0 0 0 3 3 0 89 0 10 8 1 0 2 0 0 0 0 0 0 0 0 0 0 0 0 0 0 0 0 0 0 0 0 14 7 0 0 0 0 0 0 0 0 0 0 0 0 0 
 48 240 140 291 41 230 40 37 58 181 393 0 34 175 576 139 113 331 25 267 37 0 0 1 0 0 1 0 0 0 2 0 2 2 18 0 0 69 73 1 0 0 0 3 3 0 0 3 3 0 0 2 0 19 0 0 2 0 0 0 8 7 0 0 0 0 0 0 0 0 2 51 0 0 0 0 0 3 0 0 0 11 26 0 12 12 15 37 17 0 38 59 1 1 14 12 2 18 14 1 0 0 13 0 0 1 17 13 0 0 0 13 1 15 18 0 0 0 0 3 0 0 0 0 0 0 7 0 0 0 0 0 0 0 0 0 1 0 23 7 0 0 0 1 0 0 2 0 0 0 0 0 0 0 9 4 0 0 0 0 0 16 15 28 76 14 13 2 3 27 21 40 0 19 12 9 1 0 0 0 17 0 0 0 0 0 27 0 0 3 0 0 0 0 0 0 0 0 4 0 0 0 0 0 16 0 0 0 0 0 0 0 0 0 0 26 0 0 0 0 0 0 0 0 0 0 0 0 0 0 0 0 0 0 0 2 0 0 0 0 0 0 0 0 0 0 0 2 2 4 10 22 17 0 0 0 0 0 0 0 10 0 12 0 0 0 0 0 0 0 0 0 0 0 0 19 0 11 0 0 0 0 0 0 0 0 0 0 0 0 
 44 52 286 35 70 37 236 244 103 47 212 34 0 173 248 55 140 34 418 109 1 0 3 1 4 4 0 3 0 0 4 0 2 1 4 0 0 3 0 2 57 11 0 3 6 0 0 9 3 0 26 6 4 3 0 0 2 0 0 0 5 0 0 0 0 0 6 0 0 15 3 0 31 0 0 0 0 3 0 0 1 1 0 6 0 0 0 3 0 14 1 0 29 11 0 36 0 27 11 0 0 0 0 0 0 0 0 0 0 0 0 0 14 0 0 0 0 0 0 0 7 0 0 0 0 0 0 0 0 0 0 0 0 1 0 0 0 0 1 0 0 0 1 0 0 0 0 0 0 0 1 0 0 0 1 0 0 0 0 0 2 25 5 0 0 0 0 0 1 1 2 8 11 0 33 14 7 0 0 12 0 0 0 0 1 5 0 0 0 0 0 0 0 2 0 10 0 0 0 0 0 0 0 0 2 0 0 0 0 0 0 0 0 0 0 0 1 0 0 0 0 0 0 0 0 0 0 0 0 0 0 0 0 1 0 0 0 0 0 0 0 0 0 0 0 0 2 0 2 2 0 8 0 2 0 0 0 0 0 0 0 0 0 0 0 0 0 0 0 0 0 0 0 0 0 16 0 0 0 0 0 0 0 0 0 0 0 0 0 0 
 268 158 66 203 75 266 383 122 189 368 155 175 173 0 94 362 151 414 317 157 3 0 0 0 0 0 75 4 0 0 3 0 2 0 0 0 2 1 2 0 0 2 0 3 5 0 0 3 3 8 0 2 0 8 4 2 5 0 0 2 5 3 0 0 0 2 0 0 3 1 3 9 0 0 3 0 5 17 0 3 14 10 12 1 0 0 40 20 27 1 0 13 0 36 41 45 13 1 0 0 0 0 0 0 0 0 0 0 0 0 0 0 14 0 0 0 0 0 0 1 0 0 0 0 0 0 0 0 0 0 0 0 0 0 0 0 0 0 60 0 17 0 0 0 1 0 0 0 0 0 0 0 0 0 0 0 0 0 0 0 0 18 16 18 18 13 22 21 0 0 9 6 11 35 25 65 0 15 0 52 0 0 0 0 0 0 0 0 0 0 0 1 0 0 0 0 0 0 10 0 0 0 0 0 0 0 0 0 0 0 0 0 0 0 0 11 0 0 0 0 0 0 0 0 0 0 0 0 0 0 0 0 0 0 0 0 0 0 0 0 0 0 0 0 0 0 0 0 4 102 0 12 0 0 0 0 0 0 0 0 0 0 2 0 0 0 0 0 0 0 0 0 0 0 0 8 0 0 0 0 0 0 0 0 0 0 0 0 0 0 
 149 242 242 93 158 193 263 148 165 96 380 576 248 94 0 208 246 173 202 193 6 0 1 24 0 71 0 1 0 0 3 0 3 0 0 0 0 0 0 3 0 0 0 3 2 0 0 3 3 0 0 2 0 3 18 24 67 0 59 0 6 0 0 0 0 0 0 0 0 0 3 3 0 0 0 0 0 3 1 0 16 28 0 22 12 19 21 12 14 27 45 14 11 37 7 25 9 31 12 1 0 1 0 0 0 0 0 1 0 0 0 0 0 2 0 0 0 0 17 0 0 0 0 0 0 0 0 0 0 1 0 0 0 0 0 0 0 0 25 0 0 5 0 0 0 0 0 1 2 0 0 0 0 0 0 0 21 0 0 0 16 1 7 6 34 23 48 16 17 31 32 0 20 1 13 26 17 16 59 34 0 0 0 0 0 0 20 0 0 0 0 0 0 0 0 0 0 0 0 0 0 0 2 0 0 0 0 0 0 0 0 0 0 0 1 0 0 0 0 0 0 0 0 0 0 0 0 1 0 0 0 0 0 0 1 0 0 0 0 0 0 3 0 0 0 4 0 0 48 5 0 13 25 0 0 0 0 1 0 16 0 0 0 0 0 0 0 0 0 0 0 0 0 0 0 3 15 0 0 0 0 0 0 0 0 0 0 0 0 0 
 95 599 41 282 265 302 35 254 172 123 85 139 55 362 208 0 169 267 132 155 74 0 0 0 0 0 74 1 1 0 3 0 76 0 0 0 0 0 0 7 0 0 0 3 4 0 0 3 3 0 0 2 0 6 0 0 2 0 0 0 0 0 0 0 0 0 0 0 0 0 3 5 0 0 0 0 0 3 0 0 8 14 11 19 11 15 27 1 26 1 7 12 13 9 28 16 0 10 0 29 0 0 0 0 0 0 1 7 0 0 0 0 0 0 0 0 0 0 1 10 0 0 0 0 0 0 0 0 0 0 0 0 0 0 0 0 0 1 12 0 0 12 0 0 0 0 0 0 0 0 2 0 0 0 0 0 2 0 0 0 0 9 1 6 0 9 30 11 10 14 0 0 14 22 15 14 14 41 11 60 10 0 0 0 0 0 14 0 0 0 0 0 0 20 0 0 0 0 0 13 0 0 0 0 0 0 0 1 0 0 0 0 0 0 0 0 0 0 0 0 0 0 0 0 0 0 0 0 0 0 0 0 0 0 0 0 0 0 0 0 0 13 0 0 0 0 0 0 3 136 1 14 1 0 0 0 0 0 0 0 0 0 17 0 0 0 0 0 0 0 0 0 0 0 0 10 0 0 0 0 0 0 0 0 0 0 0 0 0 0 
 128 115 63 334 129 143 211 86 45 155 248 113 140 151 246 169 0 191 44 252 1 0 0 76 0 0 0 92 3 0 4 0 82 2 3 0 0 4 0 87 0 5 2 3 6 0 0 5 5 0 62 6 0 5 32 1 5 0 0 0 4 0 0 0 0 0 0 0 0 0 1 9 0 0 0 1 0 5 3 0 2 19 14 25 2 10 0 19 18 2 0 15 0 2 1 1 16 4 0 1 8 0 0 0 0 0 0 0 0 0 0 0 0 11 0 0 0 0 15 31 0 0 0 0 0 0 0 0 0 0 0 0 0 0 0 14 0 0 30 0 0 0 2 0 0 0 0 0 0 0 0 0 0 0 0 0 0 0 0 0 1 0 15 23 29 16 2 12 1 0 14 0 0 1 26 13 11 19 0 1 0 0 14 0 1 2 0 2 0 0 0 0 0 0 0 0 0 0 21 14 0 0 0 0 0 0 0 0 0 0 0 0 0 0 0 12 2 0 0 0 1 2 0 0 0 0 0 0 0 0 0 0 0 0 0 0 0 0 0 0 0 0 0 0 0 1 87 0 3 87 0 21 20 1 0 0 0 0 0 0 23 0 0 0 0 0 0 0 0 0 0 0 0 1 0 18 20 0 0 0 0 0 0 0 0 0 0 0 0 0 
 127 230 61 228 44 184 103 55 117 360 46 331 34 414 173 267 191 0 31 44 2 0 0 0 5 0 0 3 0 0 3 0 4 0 0 0 0 0 0 1 0 0 0 3 4 0 0 3 3 2 0 6 0 5 0 0 2 0 0 2 7 21 0 0 0 0 0 0 0 0 3 65 0 3 0 0 0 3 0 0 17 9 19 16 11 16 14 25 0 0 67 29 0 6 9 11 26 56 0 13 0 0 0 0 0 0 0 0 0 0 0 0 1 0 8 0 0 0 19 1 0 0 0 0 0 0 0 0 0 0 0 1 0 0 0 0 0 0 16 0 0 0 0 0 0 1 0 0 0 0 0 0 0 0 0 0 0 0 0 0 0 15 3 34 28 0 26 0 13 35 16 26 0 15 19 47 23 16 0 0 0 0 0 0 0 0 13 0 0 0 0 0 0 0 0 0 0 0 13 1 0 0 0 0 0 0 0 0 0 0 0 0 0 0 0 0 0 0 0 0 0 0 0 0 0 0 0 14 0 0 0 0 0 0 7 0 0 0 0 0 0 11 0 0 0 0 0 2 0 86 7 8 11 0 0 0 0 0 0 0 0 0 0 0 0 0 0 0 0 0 0 0 0 0 0 1 14 0 0 0 0 0 0 0 0 0 0 0 0 0 
 300 84 379 291 91 108 270 190 327 118 28 25 418 317 202 132 44 31 0 194 1 0 3 0 0 0 0 4 0 0 207 0 2 0 1 20 0 3 3 0 4 3 3 3 73 2 0 3 6 1 3 5 0 67 3 0 5 4 3 3 0 0 0 3 0 1 0 0 0 2 9 50 5 0 0 0 0 2 0 0 11 17 10 0 0 0 32 0 35 33 54 0 12 75 13 46 14 2 2 0 0 0 27 9 9 0 2 0 0 2 0 0 0 0 2 0 0 0 0 0 0 0 0 0 0 0 0 0 0 0 0 0 0 0 14 0 2 0 0 0 0 0 0 2 0 0 1 0 0 0 0 0 0 0 0 0 1 0 0 0 32 6 10 1 0 0 33 24 20 15 3 0 38 15 1 7 0 23 27 38 0 4 0 0 0 0 0 0 0 0 0 0 0 0 0 0 0 0 0 0 0 0 0 0 0 0 0 1 0 0 0 0 0 2 0 0 0 0 0 0 0 0 0 0 0 0 0 0 0 0 0 0 0 0 0 1 0 0 0 0 0 6 0 0 0 1 4 0 3 1 2 12 0 0 0 2 0 0 0 0 3 0 0 2 0 2 0 0 0 0 0 2 0 0 0 0 0 0 0 0 0 0 0 0 0 0 0 0 0 0 
 23 203 124 73 33 69 101 130 42 91 152 267 109 157 193 155 252 44 194 0 2 0 0 0 0 0 0 0 0 0 2 0 2 0 0 0 2 0 0 0 4 0 0 3 2 2 0 3 3 0 0 2 0 3 0 3 2 0 0 0 5 0 0 0 0 0 0 0 0 16 2 34 0 0 0 0 0 3 0 0 24 33 0 0 0 0 6 0 23 70 0 0 1 30 16 26 0 0 21 16 0 0 1 0 0 2 0 0 0 18 0 0 11 0 0 0 0 0 0 0 0 0 0 0 0 0 0 0 0 0 0 0 0 0 0 0 0 0 4 0 0 5 0 0 0 0 0 0 0 0 0 0 0 0 0 0 0 2 0 0 0 16 0 0 4 0 18 30 0 0 0 4 10 1 14 19 35 0 46 31 1 0 0 0 0 0 0 0 0 0 0 0 0 0 0 0 0 0 2 0 0 0 0 0 0 0 0 0 0 0 0 0 0 0 0 0 0 7 0 0 0 0 0 0 0 0 0 0 0 0 2 0 0 0 0 0 0 0 0 0 0 0 0 0 2 0 1 0 0 1 0 16 0 0 0 0 0 0 0 0 0 0 0 0 0 0 0 0 0 0 0 0 0 0 0 27 0 0 0 0 0 0 0 0 0 0 0 0 0 0 
 2 1 2 86 2 35 2 1 0 78 2 37 1 3 6 74 1 2 1 2 0 172 107 110 38 42 127 50 37 38 259 50 175 267 87 58 108 43 118 208 5 0 5 2 2 0 2 5 2 2 0 2 0 2 2 6 3 0 5 2 1 1 1 3 2 0 0 0 3 1 0 0 0 0 0 2 0 1 0 1 0 0 9 9 20 21 0 0 0 0 15 0 1 0 0 0 0 0 0 0 13 15 34 12 0 0 6 50 0 12 6 20 0 34 0 7 24 0 30 32 0 0 0 0 0 0 0 0 0 0 0 0 0 0 0 14 0 0 0 0 12 0 0 0 0 0 0 0 0 0 0 0 0 0 0 0 0 0 0 0 0 8 0 0 0 14 0 0 0 0 8 5 0 0 0 0 0 0 0 0 28 21 0 8 0 0 51 17 10 13 0 0 25 0 27 20 0 0 16 14 0 0 0 0 0 2 5 0 0 0 0 0 0 0 0 0 0 1 0 64 0 0 0 0 0 0 0 0 0 2 0 0 0 0 0 0 0 0 0 0 0 0 1 0 0 0 0 0 1 19 0 0 0 21 2 0 2 0 0 2 12 0 0 0 2 0 0 0 0 0 0 0 0 0 0 0 0 0 0 0 0 13 0 0 0 0 0 0 0 0 
 0 0 0 5 75 1 1 0 0 0 73 0 0 0 0 0 0 0 0 0 172 0 497 134 34 27 115 273 290 100 113 104 124 150 141 231 52 40 127 91 2 5 5 2 3 3 0 7 0 0 0 2 2 0 0 64 6 0 0 0 0 0 0 3 28 19 6 3 3 0 1 1 0 0 0 0 0 0 0 3 0 0 0 2 30 13 0 0 0 0 0 0 0 0 0 0 0 0 0 0 22 18 0 0 0 17 18 1 32 7 29 14 20 50 25 18 36 13 12 0 11 0 2 0 12 0 7 0 0 0 0 0 0 0 0 0 0 0 13 0 0 0 0 1 0 0 0 0 0 0 0 0 0 0 0 0 0 0 0 0 0 0 0 0 0 0 5 0 0 0 0 29 3 0 0 0 0 0 0 0 1 19 44 30 0 0 3 57 35 14 1 0 51 24 0 8 32 17 19 60 0 0 0 0 0 0 0 1 0 1 0 19 6 15 2 0 0 0 1 11 1 0 0 0 0 0 0 0 0 0 0 0 0 0 0 0 0 0 0 0 0 0 0 0 0 0 0 0 0 0 0 0 0 0 10 1 0 0 2 0 0 2 0 0 0 0 7 0 0 0 0 0 0 0 0 0 0 0 0 0 0 1 0 0 0 0 0 0 0 0 
 0 0 0 0 61 76 0 0 0 0 2 0 3 0 1 0 0 0 3 0 107 497 0 178 129 196 233 311 485 263 192 120 198 130 94 327 132 417 42 125 0 0 3 3 3 30 0 2 0 0 0 0 0 0 0 5 0 0 3 6 0 0 0 3 2 6 0 0 3 0 1 2 0 0 16 0 1 3 1 2 0 0 0 1 29 11 0 0 0 9 0 1 0 0 0 0 0 0 0 0 11 37 0 10 0 6 9 15 83 0 10 9 15 0 37 4 1 0 25 17 0 0 1 0 0 0 0 19 0 0 0 0 15 0 0 0 0 0 13 0 0 0 0 2 0 0 0 0 0 14 0 0 0 0 0 0 0 0 0 0 0 0 0 0 0 9 0 0 0 8 0 1 0 0 0 0 0 0 0 0 22 37 17 10 27 8 14 43 32 11 13 22 39 41 19 0 37 13 0 1 0 16 0 0 0 0 9 2 0 2 0 0 0 0 0 0 0 0 2 10 2 0 0 0 0 0 0 0 0 0 0 1 0 0 0 0 0 0 0 0 0 0 0 0 0 0 0 0 0 0 0 0 0 0 2 2 0 0 4 0 0 0 0 0 0 0 0 0 0 0 0 0 0 0 0 0 0 1 0 0 0 0 0 0 0 0 0 0 0 0 
 0 4 0 0 2 0 0 0 1 0 6 1 1 0 24 0 76 0 0 0 110 134 178 0 98 49 85 168 302 318 353 264 355 232 244 434 482 328 285 106 0 0 5 2 1 3 62 6 0 2 0 0 0 4 122 3 2 2 132 10 0 5 0 6 2 5 0 0 3 0 1 1 0 1 1 0 2 0 3 0 0 0 0 0 0 9 0 0 0 0 0 0 0 0 0 0 0 0 0 0 15 27 30 37 6 33 11 12 27 17 18 9 0 12 14 19 60 23 0 0 0 0 15 0 0 0 0 0 0 0 0 1 10 0 0 38 10 0 0 20 9 2 0 0 0 0 2 0 0 0 0 0 0 0 0 0 0 0 0 0 0 0 0 0 0 0 0 0 0 0 0 0 0 0 0 0 0 0 0 0 0 0 26 34 0 16 1 59 22 31 22 32 1 14 0 17 14 16 0 0 0 5 0 0 0 0 32 0 0 0 0 9 15 0 65 1 0 3 21 20 0 0 0 0 0 0 0 1 0 0 0 0 0 0 0 0 0 0 0 0 0 0 0 0 0 0 0 0 0 0 0 0 0 0 10 0 1 2 0 1 4 0 0 0 0 5 20 0 0 0 0 0 0 0 0 0 0 0 0 8 0 31 0 0 0 10 0 0 0 0 
 0 3 1 11 0 0 0 0 0 0 0 0 4 0 0 0 0 5 0 0 38 34 129 98 0 382 261 82 110 307 304 114 339 82 414 179 139 118 65 74 4 0 112 3 0 6 62 3 63 0 0 0 1 84 131 4 2 0 145 70 0 0 0 3 6 0 0 0 3 0 28 1 9 0 0 6 0 1 0 0 0 0 0 0 0 0 0 0 0 0 0 0 0 0 0 0 0 0 0 0 1 0 9 19 18 26 0 1 18 1 11 8 0 1 0 0 0 18 0 0 10 19 14 0 0 0 29 18 0 0 0 10 60 29 26 0 10 16 0 0 0 0 10 0 0 0 0 0 9 0 0 0 0 0 0 0 5 0 1 0 0 0 0 0 2 0 0 0 0 2 0 0 0 0 0 0 0 0 0 0 0 0 0 0 21 30 0 14 0 0 66 20 0 0 0 19 18 0 0 2 2 30 0 18 0 0 40 17 55 0 0 10 22 0 53 13 0 15 28 17 0 0 0 1 0 0 0 0 0 0 0 0 0 0 0 0 0 0 0 0 0 0 0 0 0 0 0 0 0 0 0 0 0 0 8 2 4 4 1 5 2 0 0 0 0 0 0 0 0 0 0 0 0 0 0 0 0 0 0 9 0 9 0 0 0 9 0 0 0 0 
 0 0 0 0 0 0 0 0 2 0 0 0 4 0 71 0 0 0 0 0 42 27 196 49 382 0 48 102 113 80 191 58 242 123 72 96 63 304 293 52 63 62 65 0 0 226 0 3 0 0 0 0 63 67 0 4 0 0 59 62 0 2 0 9 0 5 34 0 3 0 36 0 0 3 0 0 0 0 0 0 0 0 0 0 0 0 0 0 0 0 0 0 0 0 2 0 0 0 0 0 0 9 0 11 15 48 0 0 15 1 1 23 0 0 0 13 0 0 0 0 18 23 0 0 0 0 9 15 29 27 0 1 15 32 28 0 0 20 12 9 0 0 8 0 0 0 0 1 0 0 0 0 0 0 0 0 0 0 0 0 0 0 0 1 0 0 0 0 0 0 0 0 0 0 0 0 0 0 0 1 18 0 1 15 20 32 0 23 8 15 0 17 11 0 35 16 15 9 0 0 9 35 0 20 0 0 28 20 6 0 0 0 0 10 0 37 0 14 3 18 0 0 0 0 0 0 0 0 0 0 0 0 0 0 0 2 0 0 0 0 0 0 16 0 0 0 0 0 0 0 0 0 0 16 2 2 5 74 76 0 0 8 0 0 0 0 0 0 0 0 0 0 0 0 0 0 0 0 0 0 0 0 0 0 0 0 0 0 0 0 
 3 0 0 77 73 166 0 0 0 0 77 1 0 75 0 74 0 0 0 0 127 115 233 85 261 48 0 120 331 45 37 64 113 88 200 238 62 199 134 121 0 5 3 0 1 0 0 3 0 0 0 0 0 62 0 65 6 0 1 0 0 0 0 3 0 0 0 0 3 0 0 0 0 0 0 0 0 0 0 0 0 14 0 9 14 32 0 0 2 0 18 15 0 0 0 0 0 0 0 0 18 33 36 28 0 0 27 9 0 28 25 23 56 63 22 14 14 0 38 10 0 0 0 0 0 13 0 0 0 0 0 0 0 0 0 0 0 0 20 22 0 0 0 0 0 0 0 0 0 0 0 0 0 0 0 0 0 0 0 0 0 0 0 0 0 21 0 0 0 0 2 19 0 0 0 0 1 0 0 2 2 16 0 6 78 0 22 7 0 12 0 0 12 14 4 1 16 16 32 69 0 2 0 0 0 0 0 0 0 0 0 0 0 0 0 0 0 0 0 0 0 0 0 0 0 0 0 0 0 0 0 0 0 0 0 0 0 0 0 2 0 0 0 0 0 0 0 0 0 43 0 0 0 0 6 0 1 5 0 2 10 0 0 0 0 0 0 0 0 0 0 0 0 0 0 0 0 0 0 0 0 1 0 0 0 0 0 0 0 0 
 1 0 1 3 74 154 1 0 1 1 3 0 3 4 1 1 92 3 4 0 50 273 311 168 82 102 120 0 181 78 321 17 116 254 128 108 347 204 375 114 9 0 3 0 3 1 0 6 0 0 0 7 2 0 0 6 0 0 8 0 1 0 0 5 0 8 3 0 4 0 0 4 0 21 0 0 0 0 0 1 0 0 1 0 24 1 0 0 0 0 0 14 0 0 0 0 0 0 0 0 30 26 0 13 0 10 27 35 11 11 12 13 24 1 35 18 10 2 34 27 0 0 0 0 0 0 0 0 0 0 0 0 0 0 0 0 0 0 0 0 0 0 0 0 0 0 0 0 0 0 2 0 0 0 0 0 0 13 2 0 0 0 0 0 1 2 0 0 0 4 0 7 1 0 0 0 0 0 0 0 11 35 29 18 13 0 65 15 18 1 0 0 40 34 26 10 13 9 14 14 0 0 0 0 0 0 0 0 0 0 0 0 0 0 0 0 0 0 0 0 0 0 0 2 0 0 13 0 0 0 0 0 0 7 0 0 0 0 0 0 0 0 0 0 0 20 1 0 0 0 0 0 0 0 5 3 0 0 0 4 5 0 0 0 0 0 0 0 0 0 0 0 0 0 0 0 0 0 0 0 0 1 0 0 0 0 0 0 0 0 
 3 0 0 5 60 1 0 0 0 0 145 0 0 0 0 1 3 0 0 0 37 290 485 302 110 113 331 181 0 74 341 108 143 270 283 118 189 118 149 44 0 5 6 8 0 2 0 3 0 0 0 0 0 0 1 64 14 0 1 0 0 1 6 5 0 0 0 0 3 0 0 1 0 0 0 0 0 0 2 0 0 0 0 0 33 0 0 0 0 0 0 0 0 0 0 0 0 0 0 0 20 0 0 0 0 1 0 1 32 12 34 2 18 18 1 30 1 22 0 0 26 0 0 2 0 0 7 0 0 0 0 0 0 0 0 12 0 0 0 1 0 0 1 0 0 2 0 0 0 2 0 0 0 0 0 0 0 0 0 0 0 0 0 0 0 0 0 0 0 0 0 11 0 0 0 0 0 0 0 0 11 19 19 0 0 29 1 11 16 0 11 15 27 0 9 27 27 72 27 32 10 0 0 0 0 0 12 0 0 0 0 0 0 20 0 0 0 0 0 12 0 0 0 0 0 0 0 0 0 0 7 0 0 0 0 0 0 0 0 0 0 0 0 0 0 0 0 1 1 0 4 0 0 0 2 0 2 1 2 2 4 0 0 0 0 0 0 1 0 0 0 0 0 0 0 0 0 0 0 0 0 0 0 0 0 0 0 0 0 0 
 0 2 0 0 0 0 0 0 0 0 0 0 0 0 0 0 0 0 0 0 38 100 263 318 307 80 45 78 74 0 169 147 42 426 315 296 169 194 286 73 21 0 3 1 3 1 0 8 2 1 2 5 3 1 73 3 1 0 65 63 1 1 0 3 9 0 0 27 3 0 33 1 30 0 2 3 0 1 2 4 0 0 0 2 0 2 0 0 0 0 0 0 0 0 0 0 0 0 0 0 41 17 17 20 34 0 21 8 0 10 1 0 18 0 0 24 83 87 12 0 7 11 2 0 0 0 8 0 0 0 0 0 0 8 10 0 0 16 18 22 0 0 0 0 0 0 0 4 1 0 0 0 0 0 0 0 0 0 0 0 0 0 0 0 0 0 5 0 0 0 0 0 13 0 0 0 0 0 0 0 20 6 18 22 6 29 6 1 23 29 11 10 0 9 16 9 41 1 0 0 2 0 0 0 0 0 19 13 17 0 0 0 33 8 2 1 0 0 11 6 0 0 0 0 0 0 0 0 0 19 0 0 0 0 0 0 0 0 0 12 0 17 0 0 0 1 0 0 0 0 0 0 0 15 6 0 0 4 76 0 7 11 0 0 0 1 0 0 0 0 0 0 0 0 0 0 0 0 0 0 0 0 0 0 0 0 0 0 0 0 
 3 2 3 6 3 5 3 2 3 3 3 2 4 3 3 3 4 3 207 2 259 113 192 353 304 191 37 321 341 169 0 162 32 51 99 144 124 70 141 67 62 1 3 0 28 2 0 3 0 0 1 9 0 0 0 7 0 0 1 58 0 5 0 57 0 6 2 0 3 0 0 1 0 5 0 0 0 0 0 2 0 1 0 0 0 0 0 0 0 0 0 0 0 0 0 0 24 0 0 1 0 9 0 2 0 13 0 0 0 0 32 27 0 1 0 22 17 2 0 0 22 0 0 0 0 0 30 22 12 0 0 0 10 0 8 11 1 11 10 0 0 0 0 0 8 0 0 3 6 0 0 0 0 0 0 0 4 0 0 0 0 10 0 0 0 0 0 0 0 0 0 0 1 2 0 0 0 0 0 0 0 0 0 17 4 50 0 11 9 8 56 1 0 0 10 11 25 0 0 0 17 37 0 2 0 0 12 1 1 0 0 0 48 10 1 0 0 0 11 31 0 0 0 0 2 0 0 0 0 0 0 0 0 0 0 0 0 0 0 0 0 0 12 0 0 0 0 0 0 0 0 0 0 0 4 2 2 1 150 6 1 1 0 0 0 0 1 0 0 0 0 0 0 0 0 0 0 0 0 9 0 0 0 13 0 0 0 0 0 0 
 3 3 0 0 0 92 0 0 0 0 0 0 0 0 0 0 0 0 0 0 50 104 120 264 114 58 64 17 108 147 162 0 20 86 34 34 71 61 29 49 0 0 3 2 0 10 0 3 1 0 0 0 61 0 24 4 0 0 129 67 0 0 0 3 0 0 0 0 3 0 0 0 0 0 0 3 1 0 0 0 0 0 0 0 0 0 0 0 0 0 0 0 0 0 0 0 0 0 0 0 18 39 25 102 21 14 20 0 19 0 12 0 20 0 0 6 20 5 0 0 16 10 0 0 0 0 21 0 0 33 0 0 15 13 11 0 0 12 6 22 0 0 0 0 0 10 0 3 0 0 0 0 0 0 0 0 0 0 0 0 0 0 0 0 0 0 0 0 0 0 0 0 0 0 0 0 0 0 0 0 0 0 12 4 13 25 0 15 0 0 40 41 0 0 5 0 28 0 0 0 18 0 0 0 0 0 18 8 10 0 0 0 38 6 10 0 0 0 10 21 0 0 0 0 0 0 0 0 0 0 0 0 0 0 0 0 0 0 0 0 0 13 0 0 0 0 0 0 0 0 0 0 0 0 3 0 1 10 74 1 0 9 34 0 0 0 0 0 0 0 0 0 0 0 0 0 0 0 0 0 0 16 0 0 0 0 0 0 0 0 
 2 2 76 183 90 85 2 2 78 2 2 2 2 2 3 76 82 4 2 2 175 124 198 355 339 242 113 116 143 42 32 20 0 248 36 105 137 198 188 177 0 38 3 0 5 1 0 3 0 0 0 0 0 0 0 2 0 0 0 0 0 0 0 3 0 0 0 0 3 0 0 0 0 0 0 0 0 0 0 0 0 13 9 27 26 30 0 0 0 0 18 0 0 0 0 0 0 0 0 0 13 57 0 0 0 0 0 42 25 19 9 51 10 10 25 12 21 0 27 27 0 0 0 0 0 1 0 0 0 0 0 0 0 0 0 0 0 0 0 0 1 0 0 0 0 0 0 0 0 0 0 0 0 0 0 0 0 0 0 0 0 0 0 1 11 37 0 25 0 5 0 0 0 0 0 0 0 9 0 0 25 34 14 13 13 0 11 15 21 11 0 0 43 23 8 0 1 11 10 15 0 0 0 0 0 0 0 0 0 0 12 0 0 2 0 16 0 0 0 1 3 0 0 0 0 0 1 0 0 0 0 0 0 0 0 0 0 0 0 0 0 0 0 0 0 0 71 0 0 36 0 0 0 0 16 2 1 2 0 1 2 0 0 0 0 0 0 0 0 0 0 1 0 0 0 0 0 0 0 0 0 1 0 0 0 0 0 0 0 0 
 0 0 0 2 73 3 0 0 0 2 0 2 1 0 0 0 2 0 0 0 267 150 130 232 82 123 88 254 270 426 51 86 248 0 192 361 64 371 157 65 59 0 4 0 0 24 0 2 0 3 0 65 0 0 0 8 0 0 6 0 3 3 24 14 0 0 12 0 14 0 0 1 0 10 1 3 0 11 0 2 0 0 0 0 8 0 10 0 0 0 0 0 0 0 0 0 0 0 0 0 21 0 10 0 1 16 0 31 25 3 0 0 0 1 0 39 0 41 14 0 9 0 0 0 0 0 0 0 14 0 0 0 0 0 0 0 0 0 0 1 0 0 40 0 0 0 0 0 0 0 0 0 0 18 0 0 0 0 0 0 0 0 0 0 0 0 0 0 0 0 16 0 0 0 0 0 0 2 0 0 24 7 31 13 1 0 3 14 24 23 0 1 18 18 5 1 0 50 19 13 0 0 0 0 0 0 19 0 0 0 0 0 0 0 0 2 0 0 1 0 0 0 0 0 0 0 0 2 0 0 2 0 16 0 0 0 0 0 0 0 0 0 0 0 0 0 0 0 0 1 0 0 0 0 0 0 0 1 0 0 1 0 0 0 0 0 0 0 0 0 0 0 11 0 0 0 0 0 0 0 0 0 0 0 0 0 0 0 0 0 
 0 0 0 0 5 53 0 0 0 79 1 18 4 0 0 0 3 0 1 0 87 141 94 244 414 72 200 128 283 315 99 34 36 192 0 577 193 96 150 93 2 0 3 5 10 1 3 6 0 0 4 2 2 0 0 6 0 0 36 2 0 0 0 3 0 1 3 1 4 1 0 5 0 0 2 3 0 2 1 0 0 0 13 0 19 12 0 0 0 0 0 16 0 0 0 0 0 0 0 0 0 0 20 24 0 28 33 12 21 28 1 37 10 82 15 14 21 34 0 14 0 0 0 0 0 0 0 2 0 0 0 0 1 0 0 0 0 0 23 0 0 1 2 0 0 0 1 0 0 0 0 0 0 0 0 3 0 0 0 0 0 0 0 0 0 0 0 0 0 0 5 0 0 0 0 0 0 20 0 0 0 0 26 0 0 0 14 16 4 17 1 0 0 30 0 20 20 23 1 18 0 0 0 16 0 0 14 0 0 12 0 0 0 0 8 1 14 0 1 0 0 0 0 0 21 0 0 0 0 0 2 0 0 0 0 0 0 0 0 0 0 0 0 0 0 0 75 0 0 0 0 0 0 0 2 0 0 75 0 3 18 0 0 0 0 0 6 0 0 0 0 0 0 0 0 0 0 0 0 0 0 9 0 0 0 9 0 0 0 0 
 0 0 0 3 22 74 0 0 0 0 5 0 0 0 0 0 0 0 20 0 58 231 327 434 179 96 238 108 118 296 144 34 105 361 577 0 349 206 47 132 63 0 3 0 66 1 0 3 0 0 0 0 0 0 0 3 1 0 10 0 0 0 23 6 0 3 0 0 3 0 0 1 0 0 0 1 0 0 0 0 0 0 3 0 10 20 0 0 0 0 0 0 0 0 0 0 0 0 0 0 23 29 19 21 0 56 9 0 21 38 6 60 2 5 30 14 21 18 17 34 10 0 0 2 0 0 9 0 19 0 0 0 1 0 0 0 0 0 0 0 0 0 0 0 0 0 0 0 0 2 0 0 0 0 0 0 0 0 0 0 0 0 0 0 0 0 0 0 0 0 0 0 0 0 0 0 0 0 0 0 0 22 24 27 13 20 15 47 2 34 49 0 2 26 0 31 17 38 8 29 0 0 0 0 0 0 2 1 0 0 0 0 11 0 0 0 0 0 11 0 0 0 0 0 0 0 0 0 0 0 0 0 0 0 0 0 0 1 0 0 0 0 0 0 0 0 0 0 0 0 0 0 0 1 9 0 0 0 0 1 29 0 0 0 0 0 6 0 0 0 0 0 0 0 0 0 0 0 0 7 0 8 0 0 0 0 0 0 0 0 
 0 3 0 0 74 0 0 0 0 0 0 0 0 2 0 0 0 0 0 2 108 52 132 482 139 63 62 347 189 169 124 71 137 64 193 349 0 192 36 20 127 0 3 0 0 0 0 2 0 1 0 0 0 0 0 5 0 0 6 0 0 0 2 4 0 2 0 1 3 0 1 3 0 0 0 0 47 0 0 0 0 0 0 2 0 2 1 0 0 0 0 0 0 0 0 0 0 0 0 0 27 12 21 17 0 20 0 27 25 13 2 3 12 13 38 12 28 67 0 0 10 0 2 0 0 0 9 0 19 0 0 0 0 0 0 0 0 0 0 0 3 0 0 1 0 0 0 0 0 0 0 0 0 0 0 0 0 0 0 0 0 0 0 10 0 0 0 0 0 30 0 5 0 0 0 0 0 0 0 0 12 0 24 27 1 20 0 1 36 25 18 0 26 53 8 25 0 28 0 0 0 0 0 0 0 0 12 2 0 1 0 0 11 0 2 0 0 0 12 9 0 0 0 0 0 0 0 0 0 0 0 0 0 0 0 0 0 16 0 0 0 0 0 0 0 0 0 0 0 0 0 0 0 0 11 0 0 1 0 2 1 0 0 0 0 0 12 0 0 0 0 0 0 0 0 0 0 0 0 8 0 6 0 0 0 0 0 0 0 0 
 0 6 0 3 2 64 3 0 0 0 3 69 3 1 0 0 4 0 3 0 43 40 417 328 118 304 199 204 118 194 70 61 198 371 96 206 192 0 122 38 0 0 3 0 0 2 0 3 0 0 0 0 0 0 0 5 0 0 2 0 0 0 0 3 6 0 0 0 3 0 9 0 8 4 0 0 0 5 0 0 0 0 1 0 1 0 0 0 0 0 0 0 0 0 0 0 0 0 0 0 32 23 21 19 11 1 7 33 16 29 18 0 30 0 0 28 16 21 0 7 0 10 0 0 0 0 19 0 0 0 0 0 0 21 2 0 0 0 0 0 6 0 0 0 0 0 0 0 0 0 0 0 0 0 0 0 0 0 0 0 0 0 0 0 0 9 11 0 0 6 0 0 0 0 0 15 0 0 2 0 6 31 22 18 37 1 8 19 19 55 23 21 9 44 11 38 7 48 14 18 2 0 0 0 27 0 21 0 0 0 0 0 10 0 0 0 0 0 10 35 0 0 0 0 0 0 0 0 0 0 0 0 0 0 0 0 0 0 2 0 0 0 0 0 0 0 0 0 0 0 0 0 0 0 2 0 0 82 2 2 3 3 0 0 0 0 0 0 0 0 0 0 0 0 0 0 0 0 0 0 0 18 0 0 0 0 10 0 0 0 
 0 0 52 75 145 35 0 0 36 18 74 73 0 2 0 0 0 0 3 0 118 127 42 285 65 293 134 375 149 286 141 29 188 157 150 47 36 122 0 321 0 2 3 0 2 0 0 3 0 0 0 64 0 2 0 4 0 0 0 0 0 0 0 3 0 0 0 28 3 0 0 0 0 1 0 0 0 0 0 0 0 0 28 6 78 10 0 1 1 0 0 14 0 0 0 0 0 0 0 0 3 9 0 0 0 0 22 40 19 0 0 1 12 9 13 7 1 0 1 17 0 0 0 0 0 3 0 0 0 0 0 0 0 0 0 0 0 0 0 0 0 0 0 0 0 2 0 0 0 2 0 0 0 0 0 3 0 0 0 0 0 0 1 0 0 34 0 0 0 10 4 0 0 0 0 0 0 24 0 0 20 19 0 1 2 0 8 1 20 0 0 0 31 32 0 0 10 12 1 10 0 0 0 0 0 0 0 0 0 0 0 0 0 0 0 0 0 0 0 0 1 19 0 0 0 0 0 0 1 0 0 2 0 0 0 0 0 1 0 0 0 0 0 0 0 0 155 0 0 0 0 0 0 0 2 1 1 0 0 1 1 0 0 0 0 0 0 0 0 0 0 0 0 0 0 0 0 0 0 0 0 0 0 0 0 0 0 0 0 0 
 2 72 76 162 126 3 0 2 152 75 38 1 2 0 3 7 87 1 0 0 208 91 125 106 74 52 121 114 44 73 67 49 177 65 93 132 20 38 321 0 1 8 10 3 1 0 0 3 0 0 0 71 0 65 0 3 0 0 0 0 0 0 0 4 0 0 0 0 4 0 0 40 0 0 0 0 0 0 0 0 0 12 8 26 20 51 0 0 5 55 25 10 0 0 0 10 0 0 0 0 50 28 0 0 0 0 0 8 0 8 12 9 0 39 19 0 16 0 19 42 0 0 0 0 0 0 0 0 0 0 0 0 0 0 0 0 0 0 0 0 1 0 0 0 0 0 0 0 0 0 0 0 0 0 0 0 0 0 0 0 0 0 0 1 5 29 0 17 2 22 0 0 0 0 0 0 0 20 0 0 11 0 13 28 0 0 12 5 15 20 0 0 11 0 0 0 0 0 11 27 0 14 0 0 0 0 0 0 12 0 0 0 0 0 0 3 0 0 0 1 0 0 0 0 0 0 0 0 0 0 0 0 0 0 0 0 0 0 0 0 0 0 0 0 0 0 64 0 0 75 0 0 1 0 0 1 2 0 0 0 0 0 6 0 0 0 0 0 0 0 0 0 0 0 0 0 0 0 0 0 0 0 0 0 0 0 0 0 0 0 
 2 0 0 2 0 6 0 0 1 0 0 0 57 0 0 0 0 0 4 4 5 2 0 0 4 63 0 9 0 21 62 0 0 59 2 63 127 0 0 1 0 94 67 52 44 123 154 48 51 121 99 43 484 50 30 30 25 30 263 92 51 0 0 0 0 0 0 0 0 0 204 2 0 0 0 0 0 0 0 0 0 0 0 0 0 0 1 0 0 0 0 0 0 0 0 0 0 0 0 0 5 0 0 0 9 43 0 3 0 14 8 7 0 0 0 1 9 8 6 0 9 0 0 11 14 0 3 0 20 7 8 6 6 0 0 9 0 0 0 0 0 0 9 4 0 0 0 0 0 0 0 0 0 0 0 0 0 0 7 0 0 0 0 0 0 0 0 0 0 0 0 0 0 0 7 0 0 0 0 3 8 8 0 9 0 20 8 0 27 0 18 6 0 5 4 25 0 0 0 0 0 0 12 2 0 10 0 65 0 7 0 9 14 11 0 1 8 10 28 0 0 0 0 0 0 0 0 0 0 0 0 0 0 0 0 0 0 0 0 0 0 0 0 0 0 0 0 0 0 0 0 2 0 0 0 0 0 0 0 0 0 0 0 2 1 2 2 0 0 0 5 0 0 0 0 0 0 0 0 12 0 0 0 0 0 1 0 0 2 0 
 0 0 17 31 4 0 0 0 10 0 6 0 11 2 0 0 5 0 3 0 0 5 0 0 0 62 5 0 5 0 1 0 38 0 0 0 0 0 2 8 94 0 151 52 121 45 306 154 248 116 179 246 50 71 62 186 244 375 44 51 2 2 1 5 1 2 1 1 4 0 1 4 1 0 2 1 0 6 53 3 0 3 5 8 7 13 0 0 0 0 0 0 0 0 0 0 0 29 0 0 0 13 0 0 13 0 0 0 0 11 0 0 2 6 3 0 0 0 0 5 0 0 0 20 8 0 0 3 0 0 31 0 9 0 14 30 23 0 0 0 10 0 0 3 6 0 0 0 0 0 0 0 10 0 0 12 0 0 0 11 0 0 0 4 0 14 0 8 0 0 0 7 0 0 0 0 0 7 0 0 0 0 0 0 0 0 0 3 0 0 0 9 3 0 0 0 0 0 0 6 3 3 21 13 7 7 0 63 12 8 13 0 0 2 0 43 24 0 0 0 22 0 0 0 0 0 0 0 0 0 0 0 13 0 0 0 0 0 17 0 0 0 1 0 0 0 14 0 0 0 0 0 0 0 0 0 0 0 0 11 0 0 1 67 0 43 2 1 0 0 0 0 0 0 0 1 0 0 0 0 0 0 0 0 19 13 0 0 2 1 
 2 0 0 2 63 0 1 0 0 0 0 0 0 0 0 0 2 0 3 0 5 5 3 5 112 65 3 3 6 3 3 3 3 4 3 3 3 3 3 10 67 151 0 367 69 181 172 328 117 82 108 308 155 117 61 199 57 109 97 248 2 0 2 5 0 0 0 0 9 4 4 0 0 0 0 0 3 6 0 0 0 0 0 0 0 0 0 0 0 0 0 0 0 0 0 0 0 0 0 0 0 0 0 0 7 7 0 0 0 0 0 0 0 0 0 0 0 0 0 0 0 27 31 32 1 8 14 19 7 0 13 20 22 17 11 0 18 8 0 0 0 15 23 4 2 0 0 0 23 0 0 3 23 0 0 13 7 0 0 10 0 0 0 0 0 0 0 0 0 0 0 0 0 0 0 0 0 0 0 0 0 0 0 0 47 0 0 0 0 0 0 0 0 0 0 0 0 13 0 0 0 23 0 7 0 0 0 0 20 12 0 6 18 0 27 9 24 7 0 15 13 0 0 4 4 2 0 0 0 3 2 0 0 0 0 0 0 2 7 0 0 0 0 0 0 0 0 0 0 0 0 0 0 1 0 0 0 0 2 0 0 0 0 0 2 2 0 66 0 0 88 0 0 0 0 0 0 0 0 0 0 4 0 0 0 0 0 0 2 0 
 3 3 11 3 3 3 3 3 3 3 3 3 3 3 3 3 3 3 3 3 2 2 3 2 3 0 0 0 8 1 0 2 0 0 5 0 0 0 0 3 52 52 367 0 226 119 78 79 101 94 119 157 49 146 104 121 187 101 87 59 2 14 0 5 0 0 16 1 15 0 4 0 0 60 21 5 7 10 117 4 0 0 0 0 0 0 0 0 0 0 0 0 0 0 0 0 0 0 0 0 0 0 0 0 0 2 0 0 0 0 0 0 0 0 26 0 0 0 0 0 0 0 0 27 0 64 0 0 0 0 14 18 0 0 0 0 0 0 0 0 30 24 13 0 0 0 20 0 26 0 8 0 21 0 6 35 0 10 1 22 0 0 10 0 0 0 0 0 0 0 0 0 0 0 0 1 0 0 0 0 0 0 0 0 0 0 0 0 0 0 0 0 0 0 0 0 0 0 0 0 0 0 0 0 1 14 0 0 0 0 0 0 0 0 0 0 14 0 0 10 80 22 12 0 0 0 13 13 38 1 1 14 16 0 19 11 11 3 23 11 0 0 0 0 0 0 0 0 0 0 0 6 0 0 0 0 0 0 0 28 0 0 3 66 10 0 5 35 0 0 0 0 0 0 0 6 0 0 0 0 0 0 0 0 0 0 0 0 0 0 
 5 7 4 4 7 4 4 4 3 2 4 3 6 5 2 4 6 4 73 2 2 3 3 1 0 0 1 3 0 3 28 0 5 0 10 66 0 0 2 1 44 121 69 226 0 144 48 62 172 95 91 124 83 98 71 127 97 36 286 107 2 0 0 0 5 6 55 0 0 0 0 4 0 0 51 1 0 0 74 1 0 0 0 0 0 0 0 0 0 0 0 0 0 0 0 0 0 0 0 0 0 0 0 0 0 0 0 0 0 0 0 0 0 0 0 0 0 0 0 0 0 0 0 4 22 6 0 0 0 0 0 1 0 0 0 0 0 0 0 0 32 0 9 8 0 8 26 16 16 0 0 0 16 5 29 10 4 6 5 13 0 9 0 2 0 0 0 0 0 14 0 0 0 0 0 0 0 0 0 0 0 0 0 0 0 0 0 1 0 0 0 0 0 0 0 0 0 0 0 0 0 0 0 0 18 37 0 0 0 0 4 0 9 0 0 0 0 0 0 0 1 0 0 0 0 11 0 9 4 0 1 0 10 1 0 15 25 13 11 18 1 0 0 0 0 0 1 0 0 0 0 4 0 0 0 0 0 0 0 24 0 0 0 39 66 4 2 0 2 0 0 0 0 0 0 0 0 0 0 0 0 0 0 13 0 0 0 0 0 0 
 2 0 0 4 0 0 2 0 0 0 0 0 0 0 0 0 0 0 2 2 0 3 30 3 6 226 0 1 2 1 2 10 1 24 1 1 0 2 0 0 123 45 181 119 144 0 39 89 57 107 145 176 23 41 55 319 75 105 55 65 1 54 0 67 0 0 8 5 51 52 52 0 50 80 0 50 17 0 2 59 0 0 0 0 0 0 0 0 0 0 0 0 0 0 0 0 0 0 0 0 0 0 0 15 1 0 0 0 0 0 0 0 0 0 0 0 0 0 0 0 0 0 0 14 17 5 0 0 0 15 0 0 5 0 0 0 0 0 4 0 15 13 7 10 0 0 25 79 0 36 0 12 12 30 0 0 38 10 15 0 0 0 0 7 0 0 0 0 0 0 16 0 0 0 0 0 0 0 0 15 0 0 0 0 4 8 0 0 0 0 2 4 0 0 0 0 3 0 0 0 0 7 0 0 7 0 5 0 0 3 60 0 0 0 1 0 0 0 0 9 8 7 0 0 10 12 22 9 17 0 0 0 45 19 10 0 0 0 0 26 10 0 3 0 0 0 0 0 0 0 0 5 0 0 0 0 0 0 1 0 0 0 0 0 0 4 4 0 0 0 0 0 0 0 0 0 0 0 0 0 0 0 0 0 0 0 0 0 2 0 
 0 0 0 0 0 3 0 0 0 0 0 0 0 0 0 0 0 0 0 0 2 0 0 62 62 0 0 0 0 0 0 0 0 0 3 0 0 0 0 0 154 306 172 78 48 39 0 298 286 78 93 32 295 126 145 36 77 41 74 339 1 0 0 51 0 0 0 0 0 0 0 1 0 0 1 0 0 0 0 0 0 0 0 0 0 0 0 0 0 0 0 0 0 0 0 0 0 0 0 0 0 0 0 0 14 15 0 0 0 0 0 0 0 0 0 0 0 0 0 0 6 67 41 23 22 0 5 2 31 7 0 35 11 9 15 6 20 10 0 19 0 0 0 0 1 0 0 0 0 0 0 0 0 0 1 0 1 0 4 0 0 0 0 0 0 0 0 0 0 0 0 0 0 0 0 0 0 0 0 0 0 0 0 0 0 0 0 0 0 0 0 14 10 0 0 0 0 0 0 0 8 33 0 24 10 11 0 0 16 0 42 16 0 16 20 9 30 40 11 14 0 0 0 0 0 0 0 0 0 0 0 2 0 0 0 0 0 0 3 0 0 0 7 0 0 0 0 0 0 0 0 2 0 2 0 0 2 0 0 0 36 0 0 0 0 9 2 0 0 0 8 0 0 0 0 0 0 0 0 0 0 0 0 0 23 0 0 0 1 0 
 3 5 3 3 3 3 3 3 3 3 3 3 9 3 3 3 5 3 3 3 5 7 2 6 3 3 3 6 3 8 3 3 3 2 6 3 2 3 3 3 48 154 328 79 62 89 298 0 182 346 379 347 116 173 147 151 607 299 68 50 2 0 0 0 0 0 0 0 0 0 0 1 0 0 0 0 0 0 4 4 0 0 0 0 0 0 0 0 0 0 0 0 0 0 0 0 0 0 0 0 0 0 0 0 0 0 0 0 0 0 0 0 0 0 0 0 0 0 0 6 0 0 2 9 24 0 0 0 0 16 31 30 0 0 0 24 22 19 0 0 0 0 0 3 7 0 0 0 0 0 0 0 0 0 5 0 0 0 30 6 0 0 0 8 0 0 0 22 0 0 0 0 0 0 0 0 0 13 0 0 0 0 0 0 0 0 0 0 0 0 0 17 0 0 0 0 0 0 0 0 12 0 59 44 29 3 0 18 19 50 30 18 0 0 0 0 13 5 0 1 0 0 0 0 0 0 8 0 0 0 0 0 11 0 0 0 1 0 2 7 0 0 0 0 0 0 0 0 0 17 0 3 0 2 0 0 1 0 0 0 0 0 4 1 2 3 0 0 2 0 0 0 0 0 0 0 0 0 0 0 0 0 4 0 30 12 0 9 1 0 
 3 6 3 7 3 3 3 3 3 3 13 3 3 3 3 3 5 3 6 3 2 0 0 0 63 0 0 0 0 2 0 1 0 0 0 0 0 0 0 0 51 248 117 101 172 57 286 182 0 69 126 103 93 87 99 142 116 390 79 267 1 62 5 8 0 0 0 0 0 1 2 5 0 0 0 0 1 4 50 0 0 0 0 0 0 0 0 0 0 0 0 0 0 0 0 2 0 0 0 0 0 0 0 0 0 0 0 0 0 0 0 0 0 0 0 0 0 0 0 0 0 11 6 23 36 0 16 20 16 0 0 0 36 0 19 0 0 20 0 0 25 0 0 0 8 0 0 0 7 0 0 5 1 0 0 0 5 0 0 0 0 0 0 12 0 0 0 0 0 0 0 0 0 0 0 0 0 0 0 0 0 0 0 0 22 0 0 0 0 0 0 0 0 0 0 0 0 0 0 0 6 40 2 0 37 10 0 0 0 2 25 10 18 11 15 38 0 8 0 0 0 0 0 0 1 5 0 0 0 0 8 0 0 0 0 0 0 0 7 0 0 0 13 0 0 0 0 0 0 0 0 2 0 1 0 0 0 0 0 23 0 0 0 67 0 3 1 0 1 0 10 0 0 0 0 0 0 0 0 0 0 0 0 0 0 6 0 0 1 0 
 0 3 0 2 0 0 0 0 0 0 0 0 0 8 0 0 0 2 1 0 2 0 0 2 0 0 0 0 0 1 0 0 0 3 0 0 1 0 0 0 121 116 82 94 95 107 78 346 69 0 180 55 144 285 82 190 346 248 90 172 23 3 0 5 0 0 14 4 3 0 0 1 0 0 18 0 3 0 0 5 0 0 0 0 0 0 0 0 0 0 0 0 0 0 0 0 0 0 0 0 21 0 0 0 0 0 0 0 0 0 0 25 0 0 0 0 0 0 0 6 0 10 10 10 14 9 0 0 7 42 19 13 0 0 0 41 18 0 0 0 9 0 10 0 0 0 0 49 5 11 0 0 5 15 0 8 0 11 9 9 0 0 0 0 0 0 0 0 0 0 0 0 0 0 0 0 0 0 0 5 0 0 0 0 0 0 0 0 0 0 0 0 0 0 0 0 0 0 0 0 17 0 32 14 0 12 0 20 20 11 16 6 0 10 1 24 12 26 0 0 1 0 0 0 0 0 0 0 7 0 0 0 7 6 5 6 0 0 7 14 0 0 0 0 0 0 0 0 0 0 0 0 0 2 2 0 0 0 1 13 0 0 0 0 3 1 0 1 3 0 19 0 0 0 0 0 0 0 0 0 0 0 0 0 20 30 0 23 1 0 
 0 3 0 0 2 0 0 0 0 0 0 0 26 0 0 0 62 0 3 0 0 0 0 0 0 0 0 0 0 2 1 0 0 0 4 0 0 0 0 0 99 179 108 119 91 145 93 379 126 180 0 111 95 41 259 207 115 150 28 63 2 0 0 5 0 0 0 0 7 0 62 2 0 0 1 0 0 9 3 4 0 0 0 0 0 0 0 0 0 0 0 0 0 0 0 0 0 18 0 0 0 0 0 0 0 0 0 0 0 0 0 0 0 0 0 0 22 0 0 0 0 10 11 18 15 1 0 1 6 16 32 12 0 0 1 12 0 1 0 10 0 15 0 0 0 0 0 0 0 0 0 0 20 0 12 16 0 0 17 27 0 0 0 5 0 0 0 0 0 0 0 0 0 0 0 1 0 0 0 0 0 0 0 0 0 0 0 0 0 0 0 0 0 0 0 0 0 0 0 0 0 0 17 13 24 16 1 0 1 8 2 9 0 6 1 4 17 14 1 0 16 0 0 0 0 0 5 0 0 0 0 0 0 0 0 0 1 0 8 9 0 0 0 0 0 0 0 0 0 0 0 0 0 2 0 0 0 0 1 0 0 0 0 0 0 3 0 71 0 0 11 0 0 0 0 0 0 0 0 0 0 4 3 0 0 0 0 16 1 0 
 2 5 2 4 2 2 2 2 2 2 2 2 6 2 2 2 6 6 5 2 2 2 0 0 0 0 0 7 0 5 9 0 0 65 2 0 0 0 64 71 43 246 308 157 124 176 32 347 103 55 111 0 49 34 37 95 141 324 28 245 2 0 0 3 0 0 46 0 4 1 1 0 0 0 48 0 0 4 48 0 0 0 0 0 0 0 0 0 0 0 0 0 0 0 0 0 0 0 0 0 0 0 0 0 0 0 0 0 0 0 0 0 0 0 0 0 10 0 0 0 0 0 0 10 36 8 0 0 0 9 11 1 0 0 0 20 34 0 0 0 20 10 19 15 7 0 0 0 13 0 0 0 4 0 0 11 0 3 8 11 0 0 0 5 0 0 0 0 0 16 12 0 0 0 0 0 0 0 0 0 0 0 0 0 0 0 0 0 0 0 0 0 0 0 0 0 0 0 0 0 0 0 20 15 2 13 0 21 11 15 17 19 0 0 0 0 28 10 0 0 42 0 0 0 0 0 0 0 4 0 0 0 2 0 0 8 15 0 11 1 0 0 0 0 0 0 0 0 0 0 0 0 0 2 0 0 0 0 1 25 0 13 2 14 48 2 2 65 0 0 0 0 0 0 2 0 0 0 0 0 0 0 0 0 20 0 0 0 0 0 
 61 0 0 0 0 0 0 0 0 0 0 0 4 0 0 0 0 0 0 0 0 2 0 0 1 63 0 2 0 3 0 61 0 0 2 0 0 0 0 0 484 50 155 49 83 23 295 116 93 144 95 49 0 185 384 99 46 41 156 122 0 0 0 0 0 0 0 0 0 0 0 2 0 0 1 7 4 0 0 10 0 0 0 0 0 0 0 0 0 0 0 0 0 0 0 0 0 0 0 0 0 0 1 0 2 0 0 0 0 0 0 0 14 0 0 0 0 0 0 0 8 17 12 12 24 0 0 8 15 9 34 48 10 13 12 10 17 7 0 1 0 14 18 5 0 0 5 0 0 0 0 0 1 0 0 0 0 0 0 31 0 0 0 0 0 0 0 0 0 0 0 0 0 0 0 0 0 0 0 3 0 0 0 0 0 37 0 0 0 0 0 12 0 0 0 0 0 0 0 0 0 18 11 18 0 10 18 20 12 16 8 12 9 25 24 6 32 11 0 13 0 10 0 0 0 0 0 0 0 0 0 0 0 0 11 0 0 0 0 0 0 0 0 0 0 0 0 0 0 0 0 12 0 2 0 0 0 0 0 0 0 0 0 0 1 2 0 0 1 0 18 0 0 0 0 0 0 0 0 0 0 0 10 0 3 0 0 0 1 0 
 3 9 3 6 3 3 3 3 3 3 3 19 3 8 3 6 5 5 67 3 2 0 0 4 84 67 62 0 0 1 0 0 0 0 0 0 0 0 2 65 50 71 117 146 98 41 126 173 87 285 41 34 185 0 116 38 260 114 183 176 0 0 0 0 1 0 0 0 0 0 0 36 0 0 0 0 0 0 0 0 0 0 0 0 0 0 9 1 3 0 0 33 0 0 19 0 0 0 0 10 0 0 0 0 14 13 0 0 0 0 0 0 0 0 0 0 0 0 0 0 0 47 33 79 1 0 14 23 12 0 0 53 27 22 24 0 29 15 0 0 0 0 0 0 0 0 0 1 6 0 0 0 0 0 0 0 8 0 0 0 5 6 1 10 2 0 0 0 0 0 0 0 9 10 6 13 0 0 6 0 0 0 0 0 11 0 0 0 0 0 0 0 0 0 0 0 0 0 0 0 1 100 0 42 0 0 0 0 19 17 0 21 18 0 34 8 10 15 0 9 0 0 0 0 0 0 0 0 0 0 0 0 0 0 0 0 0 0 0 0 0 5 0 0 0 0 0 0 0 29 0 0 0 1 0 0 0 0 2 2 0 0 5 0 0 1 0 0 2 0 10 0 0 14 0 0 0 0 0 0 0 0 0 0 0 0 0 0 2 0 
 11 4 0 0 0 0 2 0 0 0 2 0 0 4 18 0 32 0 3 0 2 0 0 122 131 0 0 0 1 73 0 24 0 0 0 0 0 0 0 0 30 62 61 104 71 55 145 147 99 82 259 37 384 116 0 49 130 53 152 193 0 3 0 3 0 0 0 0 3 0 0 1 1 0 3 3 3 0 0 3 1 0 0 0 0 0 0 0 0 8 6 0 2 4 0 31 3 3 3 2 0 0 0 0 10 1 0 0 0 0 1 0 0 0 0 29 1 0 0 0 8 20 25 3 11 0 27 12 6 13 0 15 8 19 0 27 20 0 0 6 0 11 0 0 0 0 0 0 7 0 0 0 0 0 1 0 3 0 1 0 6 1 0 2 0 0 4 1 3 3 3 0 0 1 0 0 3 0 33 3 0 0 0 0 10 15 0 0 0 0 1 18 0 0 0 0 1 0 0 0 19 19 0 0 0 0 10 6 11 0 14 8 30 3 35 3 23 1 8 28 0 0 0 0 0 0 0 0 0 0 0 0 0 0 0 0 0 0 0 0 0 4 0 0 0 0 0 0 0 48 0 4 0 1 0 0 0 0 2 0 0 0 0 0 0 10 2 0 2 0 9 0 0 0 0 0 0 0 0 0 0 0 0 0 20 0 0 0 2 0 
 3 2 1 3 0 5 0 0 0 0 33 0 0 2 24 0 1 0 0 3 6 64 5 3 4 4 65 6 64 3 7 4 2 8 6 3 5 5 4 3 30 186 199 121 127 319 36 151 142 190 207 95 99 38 49 0 183 245 34 48 2 0 1 4 0 0 1 1 5 0 53 0 7 0 0 0 3 14 23 53 0 0 0 0 11 1 0 0 0 0 0 0 0 0 0 0 0 4 0 0 0 0 0 0 1 0 10 0 0 1 9 0 9 4 11 0 0 0 0 0 0 11 10 22 12 1 0 11 0 10 16 9 1 11 0 32 12 8 0 5 6 0 0 0 2 0 15 0 0 0 0 0 17 0 0 20 0 0 0 12 0 0 0 0 0 2 0 0 0 0 0 11 0 0 0 0 0 0 0 0 0 0 0 0 11 0 0 0 0 0 0 1 11 0 0 0 0 0 0 4 0 0 11 0 8 9 0 0 23 13 16 0 0 0 0 0 30 0 0 9 40 0 0 0 0 0 0 0 0 0 0 0 14 0 0 0 10 7 31 0 0 0 0 0 0 0 0 0 0 0 0 0 0 2 0 0 0 0 3 7 0 0 65 2 0 2 1 1 0 1 0 0 0 0 0 0 0 0 0 0 0 4 0 0 10 0 0 0 1 0 
 2 2 2 2 2 2 2 2 2 2 4 2 2 5 67 2 5 2 5 2 3 6 0 2 2 0 6 0 14 1 0 0 0 0 0 1 0 0 0 0 25 244 57 187 97 75 77 607 116 346 115 141 46 260 130 183 0 196 34 49 2 1 3 5 6 1 0 1 9 1 5 4 1 0 11 2 7 8 22 53 0 0 0 0 8 0 0 0 0 0 0 0 0 0 4 29 0 0 0 0 0 0 1 0 0 0 4 0 0 0 6 0 5 2 0 0 0 0 0 0 0 1 1 23 17 8 0 0 2 19 32 0 0 8 0 0 1 0 0 0 6 15 0 0 7 0 12 0 7 0 0 0 31 0 0 13 7 0 10 11 0 0 0 8 0 0 0 0 0 0 0 3 1 0 0 8 0 0 0 0 0 1 0 0 0 0 0 0 0 0 0 0 0 0 0 1 0 0 16 2 0 0 19 25 11 9 0 0 0 2 17 0 0 0 0 0 26 20 0 0 15 0 0 0 0 0 0 0 0 0 0 0 4 0 0 0 10 7 29 0 0 0 0 0 0 0 0 0 0 0 0 2 0 1 0 0 0 0 2 5 0 0 65 1 0 3 2 62 2 0 0 0 0 0 0 0 0 0 0 0 0 0 0 0 44 0 0 0 2 0 
 0 2 0 0 0 0 0 1 0 0 0 0 0 0 0 0 0 0 4 0 0 0 0 2 0 0 0 0 0 0 0 0 0 0 0 0 0 0 0 0 30 375 109 101 36 105 41 299 390 248 150 324 41 114 53 245 196 0 55 32 2 0 0 5 0 0 0 0 16 0 0 2 0 0 0 0 0 6 60 50 0 0 0 0 0 27 0 0 0 0 0 0 0 0 16 0 0 0 0 0 0 0 0 0 0 0 0 0 0 0 0 0 0 0 0 0 15 0 0 0 0 10 0 26 28 2 0 7 0 29 41 2 0 0 10 0 1 9 0 0 4 15 0 0 2 0 2 0 2 0 0 0 21 0 5 13 0 0 23 26 0 0 0 13 0 0 0 0 0 0 0 0 0 0 0 0 0 0 0 0 0 0 0 0 6 0 0 0 0 0 0 0 0 0 0 0 0 0 0 0 13 0 8 12 17 0 0 0 0 27 11 3 0 0 0 0 14 0 0 0 13 15 0 0 0 0 18 9 0 0 0 0 11 0 0 0 1 0 9 0 0 0 0 0 0 0 0 0 0 0 0 3 0 2 0 0 0 0 1 1 0 2 34 1 0 0 0 65 3 0 0 0 0 0 0 0 0 0 0 0 0 0 9 0 0 0 0 0 1 0 
 0 0 0 2 0 0 0 0 0 0 0 0 0 0 59 0 0 0 3 0 5 0 3 132 145 59 1 8 1 65 1 129 0 6 36 10 6 2 0 0 263 44 97 87 286 55 74 68 79 90 28 28 156 183 152 34 34 55 0 127 0 0 0 0 0 2 0 0 0 0 0 2 0 0 0 1 5 0 0 3 0 0 0 0 0 0 0 0 0 0 0 0 0 0 0 0 0 0 0 0 6 0 7 0 24 21 0 5 24 24 0 0 0 0 0 6 0 25 1 0 6 14 0 0 0 0 1 10 12 10 0 12 6 23 10 0 3 12 14 6 0 0 2 0 14 0 0 2 0 0 0 0 0 0 0 0 0 0 0 0 0 0 0 0 0 0 0 0 0 0 0 0 0 0 0 0 0 0 0 1 0 4 6 7 15 19 1 0 8 25 17 9 0 5 2 6 0 4 1 0 9 15 0 11 0 0 43 11 25 0 0 2 9 10 49 11 0 12 0 0 0 0 0 0 0 0 0 0 0 0 0 0 0 0 0 0 0 0 0 0 0 0 0 0 0 0 0 0 0 0 0 3 0 0 0 0 0 123 1 0 0 12 0 0 0 1 0 0 0 0 0 0 0 0 0 0 0 0 0 1 0 2 0 0 0 1 0 0 1 0 
 0 4 0 0 0 0 0 0 0 0 0 0 0 2 0 0 0 2 3 0 2 0 6 10 70 62 0 0 0 63 58 67 0 0 2 0 0 0 0 0 92 51 248 59 107 65 339 50 267 172 63 245 122 176 193 48 49 32 127 0 2 0 0 0 0 0 0 66 0 0 0 2 0 0 4 0 18 0 0 1 0 0 0 0 0 0 0 0 0 0 0 0 0 0 0 13 0 0 0 0 0 0 5 6 9 7 0 0 13 20 0 0 0 0 0 0 0 0 0 0 1 0 6 10 13 0 9 37 15 0 2 0 46 0 33 0 0 28 2 11 0 0 3 0 0 0 0 9 7 0 0 0 0 0 0 0 2 0 0 0 0 0 0 0 0 0 0 1 0 0 0 0 0 0 0 0 0 0 0 5 0 0 0 0 6 41 12 11 0 1 19 17 0 0 0 0 5 0 0 0 32 32 15 6 1 0 65 46 43 16 10 0 11 16 5 29 3 10 19 0 0 0 0 0 0 0 16 0 0 0 0 0 0 0 0 0 0 0 0 0 0 0 11 0 0 0 0 0 0 17 0 0 0 2 0 0 0 0 0 2 0 5 0 0 0 2 0 0 0 0 0 0 0 0 0 0 0 0 0 0 0 10 0 0 0 0 0 0 1 0 
 0 3 0 0 1 7 6 10 0 0 7 8 5 5 6 0 4 7 0 5 1 0 0 0 0 0 0 1 0 1 0 0 0 3 0 0 0 0 0 0 51 2 2 2 2 1 1 2 1 23 2 2 0 0 0 2 2 2 0 2 0 326 428 375 266 97 266 619 198 96 75 42 90 184 80 19 38 159 40 313 0 5 0 0 0 0 0 0 0 8 0 4 0 6 0 4 0 0 0 0 0 0 0 0 0 0 0 0 0 0 0 0 6 0 0 0 0 0 0 0 0 0 0 0 0 1 0 0 0 0 0 0 0 0 0 0 0 0 6 0 7 0 50 8 0 0 0 28 40 26 0 15 0 0 0 6 35 4 17 3 18 0 0 5 4 0 4 0 3 0 0 5 0 0 3 2 27 0 0 8 0 0 0 0 0 0 0 0 1 9 0 0 0 0 0 0 0 7 0 0 0 0 0 0 0 0 0 0 0 0 0 0 0 0 0 0 0 0 0 0 0 8 0 26 17 0 0 8 4 3 9 0 19 29 11 9 0 14 0 14 25 0 0 0 0 0 0 0 0 0 0 0 6 30 3 0 0 0 0 0 0 0 1 17 0 0 0 0 0 0 14 0 55 10 2 12 0 0 0 0 0 0 0 0 0 2 0 9 0 0 
