 0 337 68 48 134 22 220 304 11 42 297 134 152 50 72 331 134 122 465 221 0 2 0 7 5 0 0 1 0 0 0 0 5 0 0 2 0 206 72 0 3 3 2 2 0 1 7 3 0 2 3 0 3 0 0 0 0 0 28 63 3 0 0 0 2 0 0 0 0 2 0 0 1 1 2 4 0 2 0 0 3 19 30 10 0 5 0 24 7 4 19 6 9 0 0 24 32 11 9 16 0 1 0 0 0 0 0 0 0 0 0 0 22 0 0 2 0 0 13 10 0 0 0 0 0 0 0 0 0 0 0 0 0 0 0 0 0 0 0 0 0 0 0 0 0 0 0 0 0 6 0 0 0 0 0 2 0 0 0 0 0 13 1 15 17 33 0 12 9 23 32 12 13 1 40 10 21 0 0 0 0 0 3 0 0 0 0 0 0 0 1 0 18 0 0 0 0 0 0 0 10 0 0 0 0 0 0 0 0 1 0 0 0 0 0 0 9 0 0 0 0 0 0 0 0 0 2 0 0 0 0 0 0 0 0 0 0 0 0 0 0 0 0 0 0 2 2 2 94 2 0 5 0 0 0 2 0 1 0 0 0 0 0 0 0 0 0 0 0 0 0 0 0 0 0 10 25 1 0 0 0 0 0 0 0 0 0 0 0 1 
 337 0 262 64 44 48 390 227 488 88 131 26 141 113 231 301 131 242 54 62 0 3 0 0 3 1 0 0 0 0 2 0 2 0 5 2 0 2 72 72 0 3 24 2 0 1 2 3 0 2 7 0 3 0 42 0 0 2 1 62 0 0 0 0 2 0 0 0 0 2 0 0 1 0 2 0 0 2 3 0 3 22 3 7 0 21 66 1 26 0 19 20 14 9 11 13 0 40 27 0 1 0 0 0 0 0 0 0 0 0 0 0 11 0 1 0 0 0 26 22 0 0 0 0 0 0 0 0 0 0 0 0 0 0 0 0 0 0 0 0 0 0 0 0 0 0 0 0 0 4 0 0 0 0 3 0 0 0 0 0 17 24 29 0 0 22 11 18 0 19 1 0 19 6 9 17 22 14 0 13 12 0 0 0 0 0 0 11 0 2 0 0 13 10 0 0 0 0 1 0 0 0 0 0 0 0 13 0 0 0 0 0 0 2 0 0 0 0 0 0 0 0 0 0 0 0 0 0 0 0 0 0 9 0 0 0 0 0 0 0 0 1 0 0 1 1 1 0 0 7 1 3 0 0 0 0 0 0 1 0 41 0 0 0 0 0 0 0 0 0 0 0 0 0 0 9 12 0 0 0 0 0 0 0 0 0 0 0 0 0 
 68 262 0 173 233 386 162 297 151 281 248 138 178 59 323 232 450 140 95 136 0 0 0 85 3 1 2 2 0 0 0 0 112 0 0 2 0 4 3 111 0 3 2 2 0 2 2 3 0 2 3 0 3 6 0 0 0 0 0 0 0 0 0 0 5 0 0 0 3 2 0 0 3 2 2 0 12 2 3 0 10 1 29 6 0 11 17 33 13 16 13 68 0 8 26 16 23 31 13 14 0 0 15 2 0 0 1 0 9 0 0 0 47 0 0 0 0 0 32 11 0 0 0 0 0 0 23 0 0 0 0 0 0 32 0 0 0 0 0 0 0 0 0 0 0 0 0 0 0 0 13 0 0 0 0 0 0 0 0 0 19 0 25 17 14 19 8 22 21 19 1 40 47 51 0 24 10 16 0 19 24 0 0 0 0 0 17 11 0 0 0 0 8 8 0 0 0 0 0 0 0 0 0 16 0 0 27 0 0 1 0 0 0 0 0 0 1 0 0 0 0 0 0 0 0 0 0 0 0 0 0 0 0 0 0 0 0 1 0 0 0 0 0 0 0 1 0 0 88 100 0 4 0 0 0 0 0 0 0 0 0 0 0 0 0 0 0 0 0 1 0 0 0 1 0 0 0 17 0 0 0 0 0 0 0 2 0 0 0 0 
 48 64 173 0 380 100 211 160 62 330 51 149 80 183 170 272 79 269 98 58 94 73 0 0 5 0 190 80 0 0 0 2 2 0 61 2 2 0 84 226 0 32 3 2 4 4 2 78 0 2 6 0 3 0 0 0 0 0 0 0 0 0 0 0 2 2 0 0 0 2 0 0 1 0 2 0 0 2 0 0 15 13 16 46 26 14 0 12 0 36 7 17 0 0 13 1 8 15 0 0 31 0 11 0 0 0 10 0 11 0 3 0 21 38 10 0 0 0 16 19 0 1 2 0 6 0 0 2 0 0 0 0 0 0 0 0 0 0 0 0 0 0 0 0 0 0 0 6 0 0 0 0 0 0 0 0 0 0 0 0 0 11 0 29 26 15 0 5 35 0 0 13 0 0 0 14 0 14 1 0 25 0 10 0 17 0 42 21 0 0 0 0 5 0 5 0 10 15 37 11 1 0 0 0 0 0 0 0 0 0 0 0 0 0 0 0 0 0 0 0 0 0 0 0 0 0 0 0 0 0 0 0 0 0 0 0 0 0 0 0 0 16 0 0 0 2 93 1 1 91 0 0 0 0 0 0 0 0 1 0 0 0 10 0 0 0 0 0 0 0 18 0 0 0 0 10 0 0 0 0 0 13 0 0 0 0 0 0 0 0 
 134 44 233 380 0 73 51 159 72 413 125 235 101 73 168 100 70 48 71 63 74 152 0 0 3 0 1 36 0 2 2 2 76 73 73 2 2 5 220 221 0 3 3 2 0 0 2 5 5 2 3 0 3 0 0 2 22 2 0 1 0 0 0 0 2 0 0 0 0 2 0 0 5 0 2 0 28 44 0 0 0 0 8 13 0 0 0 19 0 24 9 13 0 0 0 13 8 0 0 0 29 0 0 0 0 0 18 0 68 0 0 0 55 0 20 14 18 14 22 0 0 0 0 0 0 0 0 0 0 0 0 0 0 0 0 0 0 0 1 0 0 0 0 0 0 0 0 3 0 0 0 15 0 0 0 0 14 0 0 0 0 0 0 20 47 33 0 1 13 0 12 9 0 0 13 6 0 1 0 0 10 13 0 12 0 0 44 27 42 0 0 10 0 8 3 0 9 12 13 11 0 0 0 0 0 0 0 0 14 0 0 0 0 0 0 0 0 0 0 0 0 0 0 0 0 7 0 0 0 0 0 0 0 0 0 0 0 0 0 0 0 0 0 0 0 0 0 0 8 85 0 4 0 0 0 0 0 6 0 0 0 0 0 0 0 0 0 0 0 0 0 0 0 0 0 6 0 0 0 0 0 27 0 0 0 0 0 0 0 0 
 22 48 386 100 73 0 36 333 176 239 210 196 37 32 60 74 217 154 36 22 0 6 0 0 3 0 94 0 0 19 0 0 94 0 3 2 1 0 75 146 5 61 31 2 0 0 2 5 0 2 39 0 3 0 0 0 0 0 3 62 0 0 0 0 2 0 0 0 0 4 0 0 0 31 6 0 3 2 0 0 0 0 1 45 7 55 0 15 9 60 11 39 0 0 0 48 0 0 0 0 18 0 14 11 0 0 12 0 0 0 0 0 0 2 0 0 0 0 17 41 0 0 0 2 1 0 0 0 0 0 2 0 0 0 0 0 0 0 0 0 0 0 0 0 4 0 0 0 0 4 0 0 0 0 4 0 0 2 0 0 0 29 0 33 0 0 0 2 27 22 1 10 0 2 12 0 0 33 0 0 10 1 0 0 0 0 9 19 0 0 0 0 46 9 7 0 0 0 1 11 0 2 0 0 0 1 13 0 0 0 0 0 0 0 0 0 0 0 0 0 0 0 0 0 0 0 0 0 0 1 0 0 0 0 0 0 0 0 0 2 0 48 0 0 0 0 44 1 9 8 0 4 0 0 0 0 0 0 0 0 0 0 7 0 0 0 0 0 0 0 0 0 0 0 0 11 0 0 0 0 0 0 0 0 0 0 0 0 0 0 
 220 390 162 211 51 36 0 211 106 34 34 39 193 277 108 205 324 99 151 49 0 0 0 0 3 0 1 0 0 2 0 7 2 0 1 205 2 1 0 204 0 3 65 2 0 2 2 66 0 2 3 0 3 10 0 0 0 0 0 0 0 0 0 0 5 0 6 0 0 2 0 0 3 0 2 0 0 2 2 0 32 10 21 14 0 0 41 31 21 12 19 1 0 13 21 0 17 1 16 19 0 0 0 0 0 0 0 0 0 0 0 0 7 0 0 0 0 0 0 0 0 0 0 0 8 0 0 0 2 0 0 0 0 0 0 0 0 0 0 0 5 1 0 0 0 0 0 2 0 0 0 0 2 8 0 0 0 2 0 0 23 0 30 11 0 11 8 19 10 0 36 9 3 14 33 13 30 0 9 25 21 0 0 0 0 0 0 0 0 0 0 0 0 0 0 0 0 0 0 0 0 2 0 0 0 1 0 0 0 0 0 0 0 0 0 0 0 0 0 0 0 2 0 0 1 0 0 0 0 1 0 0 0 0 20 0 0 0 0 0 0 0 0 0 0 2 2 2 1 2 0 2 6 0 0 0 0 0 0 0 0 0 0 0 0 0 0 0 0 1 0 0 0 1 0 0 19 0 0 0 0 0 0 0 0 0 0 0 0 0 
 304 227 297 160 159 333 211 0 274 43 145 79 309 73 161 68 139 130 58 211 0 0 0 0 3 0 2 0 0 0 0 30 91 0 2 8 0 4 23 2 0 6 70 2 2 3 2 3 3 2 62 0 6 0 27 0 1 0 1 34 0 0 0 0 2 0 1 1 0 2 3 0 1 0 2 0 0 33 6 0 1 1 35 14 0 0 12 44 11 33 14 26 31 6 22 31 10 53 9 19 0 0 1 0 0 0 0 0 0 0 0 0 25 0 0 0 0 0 30 11 0 0 0 0 7 16 0 0 0 0 0 0 1 0 0 0 0 0 0 0 1 0 0 0 0 0 1 0 0 6 0 0 0 0 2 3 1 0 0 0 19 9 0 16 22 31 32 13 11 27 24 10 2 25 30 9 23 7 0 1 0 1 0 0 0 0 0 0 0 0 0 1 9 0 0 0 0 0 8 0 0 0 0 0 0 0 0 0 2 0 0 0 0 0 0 0 0 0 0 2 2 0 0 0 0 0 0 0 0 0 1 0 0 0 0 0 0 0 0 0 0 0 0 0 0 0 1 2 6 8 0 2 1 0 0 0 0 0 0 0 0 0 0 0 0 0 0 0 0 2 0 0 0 0 0 24 13 0 0 0 0 0 0 0 11 0 0 0 0 0 
 11 488 151 62 72 176 106 274 0 180 39 27 113 293 415 131 130 41 71 52 0 0 0 1 3 0 1 0 0 0 7 0 88 0 0 2 0 1 87 67 0 3 69 2 0 0 2 3 0 2 3 0 3 0 7 0 0 0 0 60 0 0 0 0 2 0 0 0 0 2 0 0 1 51 2 3 0 2 0 0 10 0 15 5 0 76 3 22 41 0 0 27 0 7 30 19 0 15 11 9 0 0 0 0 0 0 1 0 0 0 0 0 38 0 0 0 0 0 31 25 0 0 0 0 0 0 0 16 0 1 18 0 0 0 0 0 0 0 0 0 0 0 0 0 11 0 0 1 0 6 6 0 0 0 9 3 0 0 0 0 13 46 19 2 0 0 16 4 10 8 0 1 16 59 18 11 0 19 23 52 17 0 0 0 0 0 0 10 0 0 12 0 23 10 0 0 0 0 1 0 0 0 0 0 0 0 23 0 0 0 0 0 0 0 0 0 0 0 0 0 0 0 0 0 0 0 0 0 0 0 0 0 0 0 0 0 0 0 0 0 0 0 0 0 0 2 1 1 0 93 19 7 0 0 0 0 1 0 0 0 0 0 0 0 0 0 0 0 0 0 0 0 0 0 0 11 0 0 0 0 0 0 0 0 0 0 0 0 0 0 
 42 88 281 330 413 239 34 43 180 0 372 46 170 67 201 239 372 109 172 50 0 0 0 3 6 0 32 0 0 2 3 0 4 2 74 2 2 0 1 218 2 2 3 2 3 2 8 3 0 2 11 3 3 0 1 0 3 3 0 0 0 0 0 0 2 2 0 0 0 2 0 2 2 0 3 0 12 4 0 0 0 0 0 38 16 17 0 4 1 16 20 60 0 3 15 0 0 10 0 0 0 0 0 0 1 0 38 0 10 1 0 0 22 0 10 0 0 0 21 70 0 0 0 0 0 0 0 0 0 0 0 0 0 0 0 0 0 0 0 0 0 0 2 0 0 0 0 0 0 0 0 0 0 2 0 0 0 0 0 1 0 12 9 14 19 19 0 32 25 14 2 20 27 42 1 20 19 31 10 12 15 1 0 1 0 0 6 8 0 0 0 0 11 19 9 0 13 0 19 16 21 0 16 0 0 0 17 0 0 0 0 0 0 0 0 0 0 0 0 14 0 0 0 0 0 0 0 0 0 0 0 0 0 0 0 0 0 0 0 0 0 19 0 0 0 4 2 0 0 47 2 5 0 2 0 0 0 0 0 0 0 0 0 0 0 2 2 0 0 0 0 0 0 0 0 0 0 3 0 0 0 0 0 0 0 0 0 0 0 0 
 297 131 248 51 125 210 34 145 39 372 0 161 40 219 203 188 179 132 32 78 0 0 0 0 3 0 0 0 0 3 1 6 166 6 1 2 0 0 75 144 0 2 2 2 0 6 39 3 6 2 3 0 3 6 6 0 0 0 61 0 0 0 0 0 2 6 6 0 0 2 0 6 0 0 3 0 4 3 0 0 0 12 15 34 0 41 0 40 0 20 0 61 0 0 2 20 13 28 0 12 14 0 0 1 0 0 1 0 0 0 0 0 51 0 0 0 0 0 30 0 0 0 0 0 1 0 7 0 0 0 0 0 0 0 0 0 0 0 0 0 0 0 0 0 0 0 0 0 0 0 2 0 0 0 0 4 0 0 0 0 11 0 0 12 14 0 0 3 49 25 24 18 1 8 14 12 0 1 0 0 36 0 0 0 0 0 13 12 0 0 0 0 19 6 0 0 0 0 0 10 0 0 0 0 0 0 33 0 0 1 0 0 0 0 0 0 0 0 0 0 0 0 0 0 0 0 0 0 0 0 0 0 0 0 0 0 0 2 0 0 0 0 0 0 0 0 1 1 5 209 0 2 0 14 0 0 0 0 0 0 2 0 0 0 0 0 0 0 0 1 0 0 0 0 0 10 0 25 0 0 0 0 0 0 0 1 0 0 0 0 
 134 26 138 149 235 196 39 79 27 46 161 0 32 22 251 32 159 50 29 137 34 116 0 0 3 0 73 0 1 0 2 0 151 1 74 2 75 1 73 23 0 3 66 2 0 1 2 3 0 2 6 0 3 0 0 0 0 2 37 0 0 33 0 0 2 0 0 0 0 32 0 0 1 11 2 0 2 2 0 0 0 0 19 19 11 27 0 26 0 21 18 53 0 0 0 21 17 0 0 0 43 13 10 1 0 0 37 15 2 0 0 0 52 0 10 1 0 1 0 13 0 0 0 0 0 0 0 0 0 0 0 0 0 0 0 0 0 0 0 0 0 0 0 0 0 0 0 3 0 0 0 0 0 0 0 0 0 0 0 0 0 10 0 34 32 36 0 0 30 2 34 24 0 0 25 0 0 13 0 0 0 14 0 13 0 0 8 10 0 0 0 0 11 0 19 8 18 16 8 35 0 0 0 0 0 0 0 0 0 0 0 0 0 0 0 0 0 0 0 0 0 0 0 0 0 0 0 0 0 0 0 0 0 0 0 0 0 0 0 0 0 14 0 0 0 90 13 0 47 6 1 5 0 0 0 0 0 1 0 0 0 0 23 0 0 0 0 0 0 0 0 0 0 0 0 0 0 0 0 0 0 11 0 0 0 0 1 0 0 0 
 152 141 178 80 101 37 193 309 113 170 40 32 0 114 63 229 257 139 322 250 0 2 0 0 3 0 0 0 0 0 0 0 2 0 3 2 3 1 0 5 3 3 6 7 0 4 2 9 66 35 5 0 68 0 0 4 2 3 11 4 0 0 0 0 2 0 0 3 0 8 0 3 2 0 2 0 0 3 0 2 32 0 14 0 0 0 12 47 14 0 28 12 27 21 32 0 0 25 27 27 0 2 0 0 0 0 0 0 0 0 0 0 0 0 0 1 0 0 0 0 0 0 0 0 0 0 13 0 0 0 0 0 11 0 0 0 0 0 0 0 0 0 0 0 0 0 0 0 0 0 0 0 0 2 0 0 0 0 0 0 26 7 36 0 0 0 10 16 9 0 0 0 15 30 0 30 21 0 0 54 0 0 1 0 0 1 0 0 0 0 2 0 0 0 0 0 0 0 0 0 0 0 0 0 0 0 0 0 0 0 0 0 0 0 0 0 0 0 0 0 6 0 0 0 0 0 1 0 0 0 0 0 2 0 0 0 0 0 0 0 0 0 0 0 0 0 1 0 0 2 2 18 0 1 0 0 0 0 0 0 0 1 0 0 0 1 0 0 0 0 0 0 0 0 0 0 15 16 0 0 0 0 0 0 0 0 0 0 0 0 
 50 113 59 183 73 32 277 73 293 67 219 22 114 0 175 132 146 182 193 194 2 84 0 0 3 202 0 0 0 0 1 0 2 2 0 2 0 2 202 0 0 3 2 2 1 0 2 39 0 2 3 0 3 0 0 0 0 95 23 0 0 0 0 0 2 0 0 0 0 2 0 0 0 0 2 0 0 2 0 0 14 10 17 55 0 2 19 13 37 0 2 0 1 9 10 18 33 21 30 19 0 0 0 0 0 0 0 0 0 0 0 0 0 0 0 0 0 0 0 0 0 1 10 0 0 0 0 2 0 0 0 0 0 10 0 0 0 0 0 0 3 0 0 0 0 0 0 0 0 0 0 0 0 3 0 0 0 0 0 0 41 19 52 10 0 0 15 35 0 38 9 10 11 11 19 9 23 0 11 20 0 0 0 0 0 0 0 0 0 0 0 0 0 13 0 0 0 0 0 0 1 0 0 2 16 0 0 0 0 0 0 0 0 0 0 0 0 0 0 0 16 0 0 0 0 1 0 0 0 0 0 0 0 0 0 0 0 0 0 0 0 0 0 0 0 1 0 0 1 1 2 0 15 0 0 0 0 0 0 0 11 0 0 0 0 0 0 0 0 0 0 0 0 0 0 0 4 0 0 0 0 0 0 0 0 0 0 0 0 0 
 72 231 323 170 168 60 108 161 415 201 203 251 63 175 0 186 116 257 69 72 0 0 0 0 3 0 0 1 0 0 0 0 2 0 0 2 0 2 56 3 0 3 2 2 0 1 2 3 0 2 3 0 3 0 0 0 0 0 0 0 0 0 0 0 2 0 0 0 0 2 0 0 1 0 2 0 0 2 0 0 11 16 13 0 0 0 27 42 31 0 22 39 0 10 5 17 18 28 25 0 0 0 0 0 0 2 0 0 0 0 0 0 33 0 0 0 0 0 26 14 2 0 0 0 0 0 0 0 0 1 0 0 0 0 0 0 0 0 0 0 5 0 0 0 0 0 0 0 1 0 0 0 0 6 0 0 0 0 2 0 6 0 19 0 24 14 28 0 0 5 0 0 0 32 0 24 2 0 32 35 15 0 0 0 2 0 1 0 0 0 0 0 0 1 1 0 0 0 1 0 0 0 0 0 0 0 7 0 0 0 0 0 0 0 1 0 0 0 0 0 0 0 0 0 0 0 0 1 0 10 0 0 0 0 2 0 0 0 0 0 0 0 0 0 0 0 0 0 3 101 1 0 0 0 0 0 0 0 0 0 0 0 0 0 0 0 0 0 0 0 0 0 0 0 0 8 0 0 0 0 0 0 0 0 0 0 0 0 0 0 
 331 301 232 272 100 74 205 68 131 239 188 32 229 132 186 0 272 138 128 53 0 0 0 1 3 0 0 0 0 0 0 0 3 2 0 3 0 3 0 1 0 3 2 66 0 2 2 3 0 2 3 0 3 0 0 0 0 1 1 7 0 0 0 0 2 2 0 0 0 2 0 0 3 0 2 0 0 2 2 2 2 29 6 2 0 1 23 0 38 0 60 40 14 9 29 13 0 69 19 18 0 0 2 0 0 0 0 0 0 0 0 0 20 0 0 0 0 0 10 19 1 0 0 0 0 0 9 0 0 1 0 0 0 0 0 0 0 0 0 0 0 3 0 0 0 0 0 0 2 0 0 0 0 0 0 0 0 0 0 0 33 6 33 0 6 16 13 32 14 0 1 0 82 19 1 16 30 13 0 50 10 0 14 0 0 3 0 0 2 0 0 0 0 0 0 0 0 0 1 0 0 0 0 0 0 10 0 0 0 0 0 0 0 0 0 2 0 0 0 0 0 0 0 0 0 0 0 2 0 0 1 0 0 0 0 0 0 21 0 0 0 0 0 0 0 0 0 0 1 89 16 3 3 0 0 0 1 0 0 0 0 0 14 0 0 0 0 0 0 0 0 0 0 0 0 0 13 14 0 0 0 0 0 0 0 0 0 0 0 0 
 134 131 450 79 70 217 324 139 130 372 179 159 257 146 116 272 0 164 45 30 2 0 0 2 1 73 86 1 0 1 2 2 77 0 5 7 4 1 73 80 1 0 57 0 0 7 2 63 2 0 16 7 0 3 0 0 4 0 2 0 0 0 0 0 0 7 1 0 2 4 5 2 0 0 2 0 0 0 0 0 18 13 19 14 27 37 0 28 2 56 19 50 0 0 8 16 15 1 0 0 16 19 0 0 16 0 8 0 0 0 0 0 22 49 0 0 0 0 13 0 0 0 0 0 0 0 0 0 0 0 0 0 0 0 0 19 0 20 0 0 0 11 0 0 0 0 0 0 0 5 1 0 0 12 5 0 0 0 0 0 1 44 0 13 30 15 0 3 28 10 20 19 2 1 24 7 3 25 0 0 32 0 10 0 13 0 11 10 0 0 0 0 25 0 0 0 0 7 24 0 0 0 0 0 0 0 0 0 0 0 0 10 0 0 0 0 0 0 0 0 0 0 0 0 0 0 0 0 0 0 0 0 0 0 0 0 0 0 0 0 0 19 0 0 0 1 90 0 0 87 0 2 0 0 0 0 0 0 0 0 0 0 8 0 0 0 0 0 0 2 0 0 0 0 0 15 0 0 0 0 0 0 0 0 0 0 0 0 0 0 
 122 242 140 269 48 154 99 130 41 109 132 50 139 182 257 138 164 0 239 100 10 1 0 27 5 0 1 2 3 2 0 3 8 0 78 4 1 3 0 0 5 12 4 2 3 2 2 82 0 2 7 0 3 0 0 0 5 0 63 5 0 1 0 0 7 0 0 48 0 2 0 0 5 5 5 0 0 7 9 0 12 9 15 32 0 5 21 14 10 0 28 18 0 7 30 10 14 14 0 38 0 2 0 18 0 0 0 0 26 0 9 0 0 0 0 0 0 0 1 15 0 0 0 10 1 0 0 0 21 0 0 0 0 0 0 0 0 0 0 0 0 3 0 0 0 0 0 0 0 0 0 0 0 12 0 0 0 0 0 0 18 0 23 0 0 0 0 27 0 27 14 0 10 24 29 14 25 0 9 13 0 0 1 0 0 1 1 0 0 0 2 0 0 0 17 0 0 0 47 2 0 0 0 0 0 0 0 0 0 0 1 0 0 0 0 0 0 0 0 0 0 0 0 0 0 0 1 0 0 0 0 0 2 0 0 0 0 0 0 0 0 0 0 0 0 0 7 0 0 4 1 0 11 0 0 2 0 0 0 0 0 0 0 0 0 0 0 0 0 0 0 0 0 0 0 1 0 1 0 0 0 0 0 0 0 0 0 0 0 0 
 465 54 95 98 71 36 151 58 71 172 32 29 322 193 69 128 45 239 0 505 0 1 0 0 3 0 0 0 0 0 2 0 2 0 0 2 0 3 0 0 0 2 3 2 0 0 2 66 0 2 3 0 3 0 0 0 0 0 0 0 0 0 0 0 2 0 0 0 0 2 0 0 0 0 3 0 0 3 0 0 31 13 10 0 0 0 11 1 0 0 13 29 6 7 29 0 7 63 1 28 0 0 0 0 0 0 0 0 0 0 0 0 0 0 0 0 0 0 0 0 0 0 0 0 0 15 10 0 0 0 0 0 0 0 0 0 0 0 0 0 0 0 0 0 0 0 0 0 0 0 0 0 0 0 0 0 0 10 0 0 12 0 16 0 0 0 0 31 10 0 0 0 14 16 0 18 17 0 0 1 0 0 0 0 0 0 0 0 0 0 0 0 0 0 0 0 0 14 1 0 0 0 0 0 0 0 0 0 0 0 0 0 0 0 0 0 0 0 0 0 0 0 1 1 0 1 0 0 0 0 0 0 0 0 0 0 0 0 0 0 0 0 0 0 0 2 0 1 1 1 2 4 0 0 0 0 0 0 2 0 0 0 0 0 0 0 0 0 0 0 0 0 0 0 0 0 0 19 0 0 0 0 0 0 0 0 0 0 0 0 
 221 62 136 58 63 22 49 211 52 50 78 137 250 194 72 53 30 100 505 0 0 0 0 2 3 81 2 0 0 0 0 0 2 0 26 2 0 2 0 2 0 10 2 2 0 1 2 3 0 2 3 0 3 0 0 0 0 0 63 0 0 30 0 0 2 0 0 0 0 2 0 0 1 0 2 0 0 2 0 0 12 3 1 0 0 0 27 25 0 0 11 3 21 20 29 28 14 13 37 0 19 0 0 0 0 9 0 0 0 0 0 0 0 0 8 0 0 0 0 0 10 0 0 0 0 0 0 0 0 11 0 0 0 0 0 0 0 0 0 0 0 0 0 0 0 0 0 0 0 0 0 0 0 2 0 0 0 0 0 0 0 0 7 0 0 0 0 44 0 14 14 0 6 19 14 21 32 0 10 14 0 0 0 0 0 0 0 0 0 0 0 0 0 0 0 0 0 0 0 20 0 0 0 0 0 0 0 0 0 0 0 0 0 0 0 7 0 0 0 0 0 0 0 0 0 0 0 0 0 0 0 0 0 0 0 0 0 0 0 0 0 0 0 0 0 0 0 0 0 0 0 6 0 0 0 0 0 0 0 0 0 0 0 0 0 0 0 0 0 0 0 0 0 0 0 0 23 0 0 0 0 0 0 0 0 0 0 0 0 0 
 0 0 0 94 74 0 0 0 0 0 0 34 0 2 0 0 2 10 0 0 0 233 460 124 53 34 272 212 183 18 118 45 145 146 149 47 128 159 46 120 2 0 1 0 0 4 0 0 0 2 0 0 0 0 0 4 3 2 0 0 0 0 0 3 3 0 0 3 45 3 0 0 2 1 2 3 5 44 2 0 0 0 0 0 7 13 0 0 0 0 0 0 0 0 0 0 0 0 0 0 18 46 6 22 0 0 31 49 21 24 19 18 2 18 24 6 20 1 10 28 0 0 0 0 11 0 0 0 0 0 1 0 16 0 0 0 0 0 0 0 0 0 0 0 0 0 0 2 0 0 0 0 0 0 0 0 0 0 0 0 0 0 0 0 0 0 0 0 0 0 5 0 0 0 0 0 0 0 0 0 7 13 14 13 0 0 44 0 10 7 0 0 19 9 67 5 13 0 50 46 0 0 0 0 0 0 2 0 0 0 0 0 2 0 0 0 1 0 0 0 0 0 0 0 0 0 1 0 0 0 0 0 0 0 0 0 0 0 0 0 0 0 0 0 0 0 0 0 0 0 0 0 0 0 4 0 0 77 1 0 0 25 2 0 0 0 0 0 0 0 0 0 0 0 34 0 0 0 0 0 0 0 0 0 0 0 4 0 0 0 
 2 3 0 73 152 6 0 0 0 0 0 116 2 84 0 0 0 1 1 0 233 0 277 121 33 49 109 65 138 360 191 112 147 371 141 53 258 52 69 69 2 0 2 6 0 5 18 0 4 3 3 0 4 2 3 0 3 42 2 0 1 0 6 0 2 0 2 3 6 0 0 1 2 11 2 3 0 3 4 0 0 0 0 0 7 0 0 0 1 0 0 1 0 0 0 0 0 1 0 0 35 0 14 21 12 0 18 1 4 0 0 39 13 11 19 26 12 9 0 0 9 0 0 0 0 0 0 0 0 0 0 0 0 0 0 0 0 0 6 14 0 45 0 0 0 0 0 3 0 0 0 0 0 0 0 0 0 0 0 0 0 0 0 12 13 10 0 0 0 0 0 0 0 0 0 0 0 0 0 0 0 20 0 45 0 0 28 0 1 4 18 0 15 15 10 0 0 10 4 0 10 0 0 0 0 0 0 0 0 0 0 0 15 0 0 0 0 0 11 0 0 0 0 0 0 0 0 0 0 0 0 0 0 0 0 0 0 0 0 0 0 0 0 0 0 0 0 0 3 1 0 0 0 0 6 0 0 76 0 0 2 0 0 0 0 0 0 0 0 0 0 0 0 0 0 0 0 0 0 18 0 9 0 0 0 6 14 0 0 0 
 0 0 0 0 0 0 0 0 0 0 0 0 0 0 0 0 0 0 0 0 460 277 0 306 52 269 144 129 78 133 143 108 266 216 176 219 174 120 50 60 2 0 0 0 0 3 0 0 0 0 0 0 0 40 0 0 5 0 0 0 0 0 0 0 0 0 0 3 0 0 0 0 2 10 2 3 0 6 2 0 0 0 0 0 11 0 0 0 0 0 0 0 0 0 0 2 0 0 0 0 18 13 21 34 13 0 0 29 28 0 25 10 12 54 19 14 7 6 11 0 2 0 0 0 0 0 0 0 0 0 2 0 0 0 9 0 0 0 2 0 0 0 0 0 0 0 0 0 0 0 0 0 0 0 0 0 0 0 0 0 0 0 0 0 0 0 0 0 0 0 0 0 1 0 0 0 0 0 0 0 27 17 10 51 0 0 15 0 53 6 11 12 56 24 0 23 8 0 0 8 0 9 0 0 2 0 13 0 0 9 0 0 0 0 0 0 2 0 1 0 0 0 0 0 0 0 0 0 0 0 0 0 0 0 0 0 0 0 0 0 0 0 0 0 0 0 0 0 0 0 0 0 0 0 3 0 0 2 0 0 0 0 0 0 0 0 0 0 0 0 0 0 0 0 0 0 0 0 0 0 0 0 0 0 0 0 15 0 0 0 
 7 0 85 0 0 0 0 0 1 3 0 0 0 0 0 1 2 27 0 2 124 121 306 0 296 36 110 72 177 365 266 142 75 169 124 71 173 118 57 111 2 0 0 1 0 3 4 0 4 0 0 0 0 0 0 4 3 0 62 0 0 0 0 0 0 0 0 4 0 4 0 0 0 0 4 3 0 37 0 0 0 0 0 2 0 0 0 1 0 0 0 0 1 0 0 0 0 0 0 0 0 15 11 28 14 33 0 0 0 30 23 10 0 16 0 54 34 18 0 0 29 0 0 0 0 0 0 0 1 0 0 1 11 3 0 0 0 0 45 1 0 0 0 0 0 0 0 0 0 0 0 0 0 0 0 0 0 0 0 0 0 0 0 0 0 0 1 0 0 0 0 0 0 0 2 4 0 10 0 12 0 0 9 17 40 0 0 0 1 11 31 0 0 0 15 1 23 13 8 0 11 22 0 0 0 0 0 14 1 0 0 0 9 21 0 0 0 0 17 0 1 0 0 5 0 0 0 0 0 0 0 0 0 0 0 0 0 0 0 0 0 0 27 0 0 0 0 0 0 0 0 0 0 0 6 0 1 83 1 0 20 0 0 0 0 0 16 0 0 0 0 0 0 0 0 0 0 0 0 5 0 0 0 0 0 10 0 0 0 0 
 5 3 3 5 3 3 3 3 3 6 3 3 3 3 3 3 1 5 3 3 53 33 52 296 0 441 129 135 376 109 178 326 72 162 165 424 124 272 47 187 2 2 0 0 0 3 118 0 55 5 1 0 126 0 117 74 65 65 0 0 45 0 0 0 7 0 0 3 0 0 0 0 1 0 2 3 0 0 1 0 0 0 0 0 0 0 0 0 0 0 0 0 0 0 0 0 0 0 2 0 0 1 0 0 19 27 0 0 0 20 12 8 0 0 17 2 0 12 0 0 50 4 14 0 0 0 37 28 25 0 13 4 10 9 4 18 21 16 13 0 0 0 0 0 0 0 0 0 0 0 0 4 0 0 0 0 0 27 0 0 0 0 0 0 0 0 2 0 0 0 0 0 0 0 0 0 0 0 0 0 6 34 11 1 21 88 0 0 7 0 3 14 0 12 0 10 12 43 0 0 7 0 18 0 15 0 0 38 8 6 1 0 42 4 3 4 5 12 13 12 1 0 0 0 0 0 0 0 0 0 0 0 0 0 0 0 0 0 10 0 0 0 0 0 0 0 0 0 0 0 0 0 0 0 15 0 2 2 2 3 3 0 0 0 0 0 0 0 0 0 0 0 0 0 0 0 0 0 0 0 0 0 14 0 0 0 0 0 0 0 
 0 1 1 0 0 0 0 0 0 0 0 0 0 202 0 0 73 0 0 81 34 49 269 36 441 0 42 240 56 334 97 50 42 58 145 212 123 198 41 73 63 3 20 9 2 3 96 0 61 62 3 0 33 0 123 79 5 41 61 63 0 0 0 0 1 2 0 3 0 0 0 1 4 1 2 5 1 3 2 0 0 0 0 0 0 0 0 0 0 0 0 0 0 0 0 0 0 1 0 0 0 13 9 0 19 16 1 11 14 1 18 18 0 0 0 0 1 11 0 0 0 0 0 0 0 0 36 9 0 0 0 0 10 6 9 51 4 0 7 0 0 0 0 0 0 1 0 0 0 0 0 0 0 0 0 0 0 0 0 0 0 0 0 0 0 0 0 0 0 0 0 0 0 0 1 0 0 0 0 0 0 0 10 0 18 25 0 0 10 10 18 30 0 0 0 18 0 0 0 0 9 0 0 0 0 0 33 23 0 14 0 0 24 24 10 8 11 16 67 20 0 0 0 0 0 0 0 0 0 0 0 0 0 0 0 0 0 0 0 0 0 0 12 0 0 0 0 0 0 0 0 0 0 0 13 0 3 0 82 0 2 2 0 0 0 0 0 0 0 0 0 0 0 0 0 0 0 0 0 0 0 0 0 0 0 0 0 0 0 0 
 0 0 2 190 1 94 1 2 1 32 0 73 0 0 0 0 86 1 0 2 272 109 144 110 129 42 0 111 71 112 43 46 145 167 84 57 263 252 72 184 205 0 1 0 0 3 0 65 0 0 5 0 203 0 0 0 3 0 203 0 48 0 0 0 0 0 0 4 0 0 0 1 0 0 2 3 5 0 0 0 0 0 0 20 55 26 0 1 0 8 10 20 0 0 0 0 0 0 1 0 12 22 11 14 0 0 14 0 0 0 13 0 0 50 11 22 0 0 3 31 0 3 0 0 15 0 0 0 0 0 8 0 0 11 0 0 0 0 18 0 0 0 0 0 0 0 0 1 0 0 0 0 0 0 0 0 0 0 0 0 0 16 0 27 18 19 0 0 22 0 7 24 0 0 0 3 0 44 0 9 27 0 11 0 0 0 26 13 1 2 23 0 12 0 15 8 52 20 7 15 0 0 0 0 0 0 0 0 0 0 0 0 0 0 0 0 0 0 0 0 2 0 0 0 0 0 0 0 0 0 0 0 0 0 0 0 0 0 0 0 0 38 0 0 0 0 66 0 0 0 0 0 0 0 3 0 0 0 0 2 52 0 0 0 0 0 0 0 0 0 0 0 0 0 0 0 0 0 0 0 0 0 0 0 0 0 0 0 0 0 
 1 0 2 80 36 0 0 0 0 0 0 0 0 0 1 0 1 2 0 0 212 65 129 72 135 240 111 0 114 104 24 111 104 563 104 52 213 122 527 159 2 54 0 0 0 4 0 0 0 0 0 0 0 0 0 0 13 0 0 0 0 0 0 0 0 0 0 5 0 0 0 0 1 1 2 3 0 0 1 0 0 0 0 0 0 0 0 0 0 0 0 0 0 0 0 0 8 0 0 0 0 20 23 12 0 7 54 17 19 38 30 28 0 3 11 8 14 23 24 0 0 0 0 0 0 0 0 0 0 0 0 0 0 1 0 0 0 0 0 0 0 0 0 0 0 0 0 0 0 0 0 0 0 0 0 0 0 0 0 0 0 0 0 0 0 18 0 0 0 0 0 0 0 0 0 1 0 0 0 0 0 1 32 1 35 21 24 31 38 22 1 0 1 49 0 20 45 38 1 36 0 0 0 0 0 0 0 0 0 0 0 0 0 0 0 0 0 0 2 0 0 0 0 0 0 0 3 0 0 0 0 0 0 0 0 0 0 0 0 0 0 0 0 0 0 0 0 0 0 0 0 0 0 0 23 0 2 2 0 4 1 0 0 0 0 0 11 0 0 0 14 0 0 0 0 0 0 0 0 0 0 0 0 0 0 0 0 0 0 0 
 0 0 0 0 0 0 0 0 0 0 0 1 0 0 0 0 0 3 0 0 183 138 78 177 376 56 71 114 0 118 176 379 98 103 207 378 248 74 82 83 3 0 4 0 0 3 0 0 0 0 0 0 63 62 0 0 3 0 0 0 0 0 0 0 0 0 0 5 0 0 0 0 1 0 3 3 0 50 1 0 0 0 0 0 0 0 1 7 0 1 0 0 1 0 0 0 0 0 0 0 0 39 33 16 9 15 11 8 12 48 54 25 0 2 0 8 35 23 0 0 19 1 0 0 0 0 0 0 0 0 0 0 1 14 0 0 0 0 1 10 20 0 0 0 0 0 0 0 0 0 0 0 0 12 0 0 0 0 0 0 0 0 0 0 0 0 0 0 0 0 0 0 0 0 0 0 0 1 0 1 12 0 0 34 30 18 0 0 23 19 0 12 0 0 11 26 19 32 0 0 0 0 0 0 0 0 0 0 8 0 0 0 24 0 0 0 0 0 24 0 8 0 0 0 0 0 0 1 0 0 0 0 0 0 0 0 0 0 0 0 0 0 0 0 0 0 0 0 0 0 0 0 0 0 0 2 2 3 0 0 1 0 0 0 0 0 15 0 0 0 0 0 0 0 0 0 0 0 0 7 0 0 0 0 0 1 0 0 0 0 
 0 0 0 0 2 19 2 0 0 2 3 0 0 0 0 0 1 2 0 0 18 360 133 365 109 334 112 104 118 0 324 294 263 72 117 298 172 123 38 111 2 0 0 6 0 8 0 0 3 0 3 0 0 6 5 3 3 3 66 0 0 2 0 0 0 3 3 7 0 2 3 3 3 36 2 6 0 2 0 0 2 0 0 0 0 0 0 0 0 0 0 2 0 0 0 0 0 0 0 0 1 25 11 17 12 12 0 0 0 15 9 1 0 10 15 11 7 19 0 0 18 1 0 0 0 0 0 0 0 0 0 0 14 18 0 0 0 0 100 12 0 0 0 0 0 2 0 0 0 0 0 2 0 0 2 0 0 0 0 0 0 0 0 0 0 0 0 0 0 0 0 0 0 0 0 1 0 3 0 2 0 18 1 34 13 0 0 0 1 0 30 28 0 0 0 10 31 33 0 1 2 10 0 0 0 0 3 9 1 0 0 0 1 10 0 0 0 0 23 0 0 0 0 0 0 2 0 0 0 0 0 0 0 0 0 0 0 0 0 0 0 0 7 0 0 0 0 0 0 0 0 0 0 0 9 0 0 41 75 0 13 0 0 0 0 0 19 0 0 0 0 0 0 0 0 0 0 0 0 28 0 0 0 0 0 4 0 0 0 0 
 0 2 0 0 2 0 0 0 7 3 1 2 0 1 0 0 2 0 2 0 118 191 143 266 178 97 43 24 176 324 0 359 85 42 108 160 120 55 72 65 3 1 0 0 0 64 3 0 0 0 7 0 0 0 69 3 3 0 24 0 0 0 0 0 0 0 0 3 0 0 0 0 0 5 2 2 0 57 0 0 0 0 0 0 18 0 0 0 0 0 0 0 0 0 0 0 0 0 0 0 11 31 0 36 27 27 0 4 15 36 1 11 0 12 0 9 84 12 0 0 76 0 9 0 0 0 1 9 0 0 0 0 35 21 0 0 0 0 31 2 0 0 0 0 0 0 0 0 7 0 0 9 0 0 0 11 0 0 0 0 0 0 0 0 0 0 0 0 0 0 0 0 0 0 0 0 0 2 0 0 0 0 10 105 18 8 0 0 0 21 19 19 25 15 23 1 0 10 0 0 14 0 1 0 0 0 0 1 0 0 0 0 26 10 0 0 0 0 39 0 0 0 0 0 0 0 0 0 0 0 0 0 0 0 0 0 0 0 36 0 0 0 10 0 0 1 0 0 0 0 0 0 0 0 4 0 0 169 1 0 0 4 0 0 0 0 0 0 0 0 0 0 0 0 0 0 0 0 0 6 0 0 0 0 0 10 0 0 0 11 
 0 0 0 2 2 0 7 30 0 0 6 0 0 0 0 0 2 3 0 0 45 112 108 142 326 50 46 111 379 294 359 0 107 118 53 449 99 87 26 39 2 0 0 61 3 3 70 0 2 0 4 0 1 63 31 0 9 0 62 3 0 0 0 0 0 2 1 33 0 0 2 0 1 2 2 52 0 2 1 0 0 0 0 0 0 0 0 0 0 0 0 0 0 0 0 0 0 0 0 0 6 19 0 19 0 38 0 0 8 10 10 0 0 14 0 18 33 0 0 0 36 3 14 0 0 0 9 12 13 0 0 0 16 21 1 39 18 0 15 9 0 0 0 0 0 0 0 0 0 0 0 29 0 0 0 0 0 1 0 0 0 0 0 0 0 0 0 0 0 0 0 0 0 0 0 1 0 6 0 5 0 1 1 56 46 0 0 0 0 0 11 26 12 12 0 1 11 18 9 0 0 0 0 0 0 0 14 10 18 9 0 0 34 15 11 4 12 0 48 0 0 0 0 1 0 0 0 0 0 0 13 0 0 0 0 0 0 0 0 0 0 0 1 0 0 0 0 0 0 0 0 0 2 0 17 2 2 38 3 1 14 0 0 0 0 0 0 0 0 2 0 0 0 2 0 0 2 15 0 9 0 0 9 0 0 0 0 0 0 0 
 5 2 112 2 76 94 2 91 88 4 166 151 2 2 2 3 77 8 2 2 145 147 266 75 72 42 145 104 98 263 85 107 0 222 39 338 99 52 178 171 2 5 1 0 3 3 0 0 2 3 61 0 0 0 0 0 61 3 0 0 0 0 0 2 2 0 0 13 0 2 0 0 2 42 2 3 0 4 2 4 0 0 22 6 0 11 0 21 0 0 0 23 0 0 0 18 19 0 0 0 4 12 12 0 0 0 10 0 34 12 0 12 48 27 0 12 23 17 22 0 0 0 0 0 0 0 0 2 0 0 0 0 0 0 7 1 0 0 0 0 0 3 13 0 0 0 0 0 0 0 18 0 0 0 0 0 0 0 0 0 0 0 0 4 14 20 0 0 0 19 0 0 0 3 0 0 0 0 0 0 2 28 0 18 0 0 9 16 0 16 9 1 21 108 13 0 0 26 2 7 0 1 0 0 0 0 19 0 0 2 0 2 0 0 0 0 0 1 10 0 0 0 0 0 0 0 0 0 2 0 0 0 0 2 0 0 0 0 0 0 0 0 0 0 0 0 0 0 74 3 0 0 0 0 13 1 3 82 0 0 3 12 0 0 0 0 0 0 0 0 0 0 0 0 0 0 0 0 0 0 0 0 0 0 8 0 0 0 0 0 
 0 0 0 0 73 0 0 0 0 2 6 1 0 2 0 2 0 0 0 0 146 371 216 169 162 58 167 563 103 72 42 118 222 0 114 121 272 114 180 117 2 3 3 0 0 3 0 0 0 3 0 0 0 0 0 0 6 0 3 0 0 0 0 0 0 0 44 2 0 1 0 0 0 7 2 3 0 5 0 0 0 0 0 0 0 0 0 0 0 0 1 0 1 0 0 0 0 0 0 0 0 53 0 36 0 0 43 46 22 34 0 25 1 31 16 58 26 40 17 0 0 0 0 0 0 0 0 0 0 0 0 0 0 0 0 0 0 0 12 0 0 0 0 0 0 0 0 0 0 0 0 0 0 0 0 0 0 0 0 0 9 1 0 0 0 1 0 0 0 0 0 0 0 0 0 2 0 19 0 0 0 24 23 1 21 0 15 8 16 29 0 49 1 30 17 1 10 36 19 47 0 0 0 0 0 0 0 0 0 0 0 0 0 0 0 0 0 0 0 0 0 0 0 0 0 0 0 0 0 0 0 0 0 0 0 0 0 0 0 0 0 0 0 0 0 2 0 0 0 0 0 0 0 0 11 0 1 40 0 0 9 17 0 0 0 0 0 0 0 0 0 0 0 0 0 0 0 0 0 0 0 10 0 0 0 1 24 0 0 0 
 0 5 0 61 73 3 1 2 0 74 1 74 3 0 0 0 5 78 0 26 149 141 176 124 165 145 84 104 207 117 108 53 39 114 0 208 95 142 116 432 2 0 0 0 0 6 0 0 3 0 6 0 0 3 3 1 6 0 1 0 0 0 0 0 0 5 10 14 0 0 0 6 1 0 2 4 0 3 1 0 2 0 0 13 0 29 0 0 0 0 0 0 0 0 0 0 0 0 0 0 27 0 57 20 11 8 21 34 24 20 38 10 19 8 1 0 2 21 0 8 0 0 0 0 0 0 0 0 0 0 0 0 0 4 10 0 0 20 0 0 0 0 0 0 0 2 0 0 0 0 0 2 0 0 2 0 0 0 0 0 0 0 0 0 0 0 0 0 0 1 0 0 0 0 0 0 0 0 0 0 15 28 0 11 31 9 39 6 21 22 29 39 0 0 26 37 9 20 6 32 0 0 0 0 0 0 39 0 0 0 0 0 0 0 0 0 0 0 20 0 0 0 0 0 0 2 0 0 0 0 0 0 0 0 0 0 7 0 1 0 0 0 0 0 0 0 0 0 0 0 0 0 0 0 6 2 0 1 0 2 0 2 0 0 0 0 19 0 0 0 0 0 0 0 0 0 0 0 0 0 0 0 0 0 0 0 0 0 0 0 
 2 2 2 2 2 2 205 8 2 2 2 2 2 2 2 3 7 4 2 2 47 53 219 71 424 212 57 52 378 298 160 449 338 121 208 0 176 159 111 98 2 0 0 0 0 4 0 0 0 0 0 0 62 0 0 0 25 0 0 0 0 0 0 0 0 0 0 16 0 0 0 0 2 1 2 3 0 0 2 0 0 0 0 0 0 0 0 0 0 0 0 0 0 0 0 1 0 0 0 0 0 1 23 0 25 22 0 8 2 23 32 19 16 10 12 0 0 31 14 0 17 0 0 0 0 0 16 0 0 0 1 0 0 1 10 0 0 16 9 1 0 0 0 0 0 0 0 0 0 0 0 0 0 0 0 0 0 1 0 0 0 0 0 0 2 0 0 0 0 0 0 0 2 0 0 0 0 0 0 0 1 34 9 1 60 10 0 11 9 9 39 35 8 8 0 14 27 15 0 0 20 0 14 0 1 0 12 0 0 1 0 0 12 0 0 0 0 0 17 0 0 0 0 2 0 0 0 0 0 0 24 0 0 16 0 0 0 0 0 0 0 0 0 0 0 0 0 0 0 0 0 0 0 0 8 3 1 85 3 2 2 0 0 0 0 0 11 0 0 0 0 0 0 0 0 0 0 0 0 0 0 0 0 2 0 8 0 0 0 0 
 0 0 0 2 2 1 2 0 0 2 0 75 3 0 0 0 4 1 0 0 128 258 174 173 124 123 263 213 248 172 120 99 99 272 95 176 0 150 358 131 209 0 0 0 0 3 0 0 0 0 0 0 29 0 0 0 6 0 207 3 0 0 0 0 0 0 0 3 0 0 0 0 1 0 2 3 0 0 1 0 2 0 0 0 16 0 0 0 11 0 0 2 0 1 2 0 0 0 0 2 0 27 0 12 0 0 19 31 1 11 0 61 13 41 10 26 0 53 20 0 0 0 0 0 0 0 25 1 0 0 0 0 0 0 19 0 0 0 4 0 0 0 0 0 0 0 0 27 0 0 0 0 1 0 2 0 0 0 0 0 0 0 0 0 0 0 0 0 0 0 6 0 0 0 0 29 0 0 0 0 18 19 0 0 1 6 3 8 21 18 11 15 0 30 9 11 0 21 42 13 8 5 1 2 0 0 15 0 0 0 0 0 13 9 0 0 0 0 2 1 0 5 0 0 0 2 0 0 0 2 0 2 0 0 0 0 0 0 0 0 0 0 0 0 0 0 0 0 0 0 0 0 0 0 22 2 2 3 82 1 8 1 0 0 0 0 0 0 0 0 0 0 0 0 0 0 0 0 0 0 0 2 0 0 0 0 12 0 0 0 
 206 2 4 0 5 0 1 4 1 0 0 1 1 2 2 3 1 3 3 2 159 52 120 118 272 198 252 122 74 123 55 87 52 114 142 159 150 0 29 43 2 0 0 4 0 3 0 0 0 0 65 0 207 0 0 84 3 0 1 0 0 0 2 0 0 0 0 7 0 0 0 0 0 0 2 2 0 0 0 0 0 0 2 0 0 0 0 0 0 0 0 0 0 0 0 0 0 0 0 0 1 26 10 10 49 25 0 26 18 43 12 0 0 1 8 0 0 38 0 0 1 0 0 0 0 0 0 0 0 0 0 0 4 0 2 11 0 0 3 0 0 0 0 0 0 0 0 0 0 0 0 0 0 0 0 0 0 0 0 0 0 0 0 0 0 0 0 0 18 0 0 0 0 0 0 0 0 0 0 0 0 0 24 0 28 0 1 0 36 0 42 23 0 0 1 0 17 18 0 6 0 51 0 0 0 0 23 0 0 0 0 0 0 0 12 0 0 0 31 0 0 1 0 0 0 1 0 0 0 0 0 0 0 0 0 0 0 0 0 0 0 0 7 0 0 0 0 0 1 0 0 0 0 0 11 2 1 3 50 1 2 0 0 0 0 0 20 0 0 0 0 0 0 0 0 0 0 0 0 0 0 0 0 0 0 0 0 0 0 0 
 72 72 3 84 220 75 0 23 87 1 75 73 0 202 56 0 73 0 0 0 46 69 50 57 47 41 72 527 82 38 72 26 178 180 116 111 358 29 0 398 2 0 67 0 0 3 0 0 0 0 0 0 0 0 0 0 8 0 0 33 0 0 0 0 0 0 0 3 0 0 0 2 1 0 2 3 0 0 1 0 0 2 14 13 9 2 0 9 51 0 0 17 0 0 0 11 2 12 0 0 12 14 13 0 0 2 35 6 3 12 1 0 9 17 0 8 0 19 41 23 0 0 0 0 0 0 0 0 0 0 0 0 6 0 0 0 0 0 0 0 2 0 0 0 0 0 0 0 0 7 0 0 0 0 2 3 0 0 0 2 0 11 0 0 12 12 0 0 0 10 10 0 0 0 20 12 0 8 0 0 13 10 0 0 0 0 44 42 7 9 0 0 19 17 21 0 1 28 10 15 0 0 0 0 0 0 0 0 0 0 0 0 0 0 0 0 0 0 0 0 0 0 0 0 0 0 0 0 0 18 0 0 0 0 0 0 0 0 0 0 0 0 2 0 0 0 0 0 0 22 0 0 0 0 6 2 0 0 0 1 0 1 0 0 0 0 0 0 0 0 0 0 0 0 0 20 0 0 0 0 0 10 0 0 0 0 0 0 0 0 
 0 72 111 226 221 146 204 2 67 218 144 23 5 0 3 1 80 0 0 2 120 69 60 111 187 73 184 159 83 111 65 39 171 117 432 98 131 43 398 0 6 0 2 0 0 3 0 0 3 0 1 0 0 0 0 3 6 0 2 0 0 0 0 0 0 0 0 3 0 0 0 0 1 0 17 8 3 0 6 0 0 0 0 11 13 13 13 1 0 17 0 16 0 0 0 0 0 13 0 0 12 0 2 2 0 0 15 20 0 7 0 1 27 0 24 21 0 20 31 35 0 0 0 0 0 0 0 0 1 0 0 1 0 0 0 0 0 0 0 0 0 0 0 0 0 0 0 5 0 0 0 46 0 0 0 0 0 0 0 0 0 0 0 36 27 42 1 0 5 0 1 17 9 3 2 0 0 22 0 0 13 0 10 11 21 0 39 4 6 18 0 5 10 55 0 0 3 49 9 40 0 0 0 0 0 0 12 0 0 0 0 0 0 0 0 0 0 0 0 0 4 0 0 5 0 0 0 0 0 0 0 0 0 0 0 0 0 0 0 0 0 0 0 0 0 0 1 0 0 75 0 0 0 0 0 1 2 3 0 0 2 0 0 0 0 0 0 0 0 0 0 0 0 0 0 0 0 0 0 0 0 18 0 0 0 1 0 0 0 0 
 3 0 0 0 0 5 0 0 0 2 0 0 3 0 0 0 1 5 0 0 2 2 2 2 2 63 205 2 3 2 3 2 2 2 2 2 209 2 2 6 0 178 221 284 33 257 64 55 100 94 38 32 45 71 39 31 136 261 273 134 4 0 0 0 0 0 0 0 0 0 3 0 9 0 9 57 0 0 0 0 0 0 0 0 0 0 0 0 0 0 0 9 0 0 0 0 0 0 0 0 0 0 0 0 11 10 0 0 0 0 0 0 0 0 0 0 1 0 0 0 0 82 11 27 20 6 0 1 7 39 5 41 60 55 4 46 32 0 0 0 0 0 0 0 0 0 0 0 0 0 0 0 0 0 0 0 2 0 2 0 0 0 1 0 0 0 0 0 0 0 22 0 0 0 0 0 0 0 0 0 0 0 0 0 0 23 0 0 0 0 0 0 0 0 0 0 0 0 0 0 0 8 0 7 0 0 9 4 43 8 13 0 0 10 34 8 24 10 1 26 0 0 0 0 0 0 0 9 0 0 0 5 1 0 2 0 0 0 0 0 0 0 12 0 0 0 0 0 0 0 0 12 0 1 0 0 0 0 0 0 0 0 4 0 0 17 2 2 1 0 0 0 0 0 0 0 0 0 0 0 0 0 0 0 12 0 0 0 0 0 
 3 3 3 32 3 61 3 6 3 2 2 3 3 3 3 3 0 12 2 10 0 0 0 0 2 3 0 54 0 0 1 0 5 3 0 0 0 0 0 0 178 0 303 202 18 149 311 257 123 112 163 92 130 87 140 52 362 116 57 94 16 4 0 0 0 6 0 0 0 1 1 0 0 0 0 0 0 0 0 0 0 0 0 0 0 0 0 0 0 0 0 0 0 0 0 0 0 0 0 0 0 0 0 17 2 0 0 0 0 0 0 4 0 0 0 0 0 0 0 0 0 39 2 35 7 13 0 0 1 30 27 33 9 0 25 25 6 0 0 8 1 3 0 4 4 0 0 0 0 0 0 0 0 0 0 0 0 4 19 21 0 0 1 0 0 0 0 0 0 0 0 0 0 0 0 0 0 0 0 0 0 0 0 0 0 0 0 0 0 0 0 0 0 0 0 0 0 0 0 0 0 17 44 4 9 1 0 1 24 6 19 0 6 9 18 10 9 9 0 26 0 0 0 0 41 0 0 0 0 0 0 0 14 5 0 0 0 0 13 0 0 0 0 0 0 0 0 0 0 0 0 10 0 0 0 0 0 0 74 0 0 0 0 0 0 20 2 4 2 0 21 0 0 0 0 6 0 0 0 0 0 0 0 0 0 12 0 0 0 0 
 2 24 2 3 3 31 65 70 69 3 2 66 6 2 2 2 57 4 3 2 1 2 0 0 0 20 1 0 4 0 0 0 1 3 0 0 0 0 67 2 221 303 0 94 138 38 205 170 99 156 328 55 235 54 117 269 117 131 325 245 0 0 20 0 1 0 0 0 6 212 1 2 7 2 4 0 0 0 0 0 0 0 0 0 0 13 0 0 14 5 0 0 3 0 0 13 0 0 0 0 0 0 0 0 0 0 0 0 0 0 0 0 0 0 0 0 0 0 10 14 0 0 11 1 37 62 0 32 9 2 11 6 19 0 20 51 14 0 0 11 0 0 0 0 0 12 0 0 2 9 15 2 0 0 27 6 6 1 0 0 0 10 12 0 0 0 0 0 0 26 5 5 0 0 19 0 0 8 0 0 3 0 0 0 0 16 0 11 0 0 0 0 18 0 0 0 0 0 1 0 0 0 0 21 10 0 0 23 12 0 10 0 0 6 14 0 0 0 0 10 0 13 19 0 0 0 0 0 0 0 3 5 0 0 0 0 1 0 12 0 0 0 14 0 0 0 1 0 0 0 0 19 0 2 0 0 0 1 0 2 0 0 1 0 2 0 3 0 0 0 0 0 0 0 0 11 0 0 0 0 0 0 0 0 0 0 0 0 0 0 
 2 2 2 2 2 2 2 2 2 2 2 2 7 2 2 66 0 2 2 2 0 6 0 1 0 9 0 0 0 6 0 61 0 0 0 0 0 4 0 0 284 202 94 0 94 123 100 156 105 366 140 79 255 212 54 326 183 61 289 270 4 0 0 6 215 0 0 50 0 6 82 0 0 0 14 0 16 1 0 2 0 0 0 0 0 0 0 0 0 0 0 0 0 0 0 0 0 0 0 0 0 6 0 0 0 13 0 0 0 0 0 0 0 0 0 0 0 0 0 0 0 1 0 13 21 29 12 0 18 15 27 9 0 16 31 3 44 5 0 30 0 0 0 6 0 0 0 0 0 0 1 0 0 9 10 0 0 0 22 39 7 0 0 0 0 0 0 0 0 0 0 0 0 0 0 0 0 0 0 0 0 0 9 0 5 0 0 0 0 0 0 6 0 0 0 0 0 0 0 0 0 19 19 14 8 0 10 0 0 0 42 22 10 0 23 38 8 21 12 0 0 0 0 0 0 0 1 0 0 0 0 0 20 0 0 0 19 12 27 0 0 0 7 0 0 0 0 0 0 0 0 2 0 2 0 0 0 0 8 4 0 0 3 0 0 2 2 64 2 0 21 0 0 0 0 0 0 0 0 0 0 4 0 0 0 0 0 14 0 0 
 0 0 0 4 0 0 0 2 0 3 0 0 0 1 0 0 0 3 0 0 0 0 0 0 0 2 0 0 0 0 0 3 3 0 0 0 0 0 0 0 33 18 138 94 0 120 55 83 392 332 540 73 65 132 154 135 47 69 78 80 2 0 1 6 5 0 0 0 0 7 9 3 0 3 0 0 2 0 0 0 0 0 0 0 0 0 0 0 11 0 0 0 0 0 0 0 0 0 0 0 0 0 0 0 0 0 0 0 0 20 0 0 0 0 0 0 0 0 0 0 0 0 7 6 29 0 0 14 14 1 0 10 0 18 20 0 0 10 0 0 11 15 2 0 0 0 3 15 11 9 13 0 9 0 3 8 14 5 0 21 9 0 0 0 3 0 0 0 0 0 0 6 0 0 0 0 0 0 0 0 0 0 0 0 2 0 0 0 0 0 0 0 0 0 0 0 0 0 0 0 0 19 0 4 0 11 0 3 0 10 0 26 0 0 0 19 0 0 0 0 11 0 4 0 1 4 0 23 3 0 1 1 16 8 32 13 12 6 18 20 0 0 0 0 0 0 0 0 0 0 0 9 0 0 0 0 0 0 0 0 0 0 4 0 17 2 15 0 2 2 0 0 0 0 0 8 0 0 0 0 0 0 0 0 9 0 0 0 0 1 
 1 1 2 4 0 0 2 3 0 2 6 1 4 0 1 2 7 2 0 1 4 5 3 3 3 3 3 4 3 8 64 3 3 3 6 4 3 3 3 3 257 149 38 123 120 0 119 56 185 252 149 145 21 403 265 274 73 62 53 262 13 1 3 0 51 0 0 54 11 0 47 3 0 9 8 4 0 0 1 11 0 0 0 0 1 0 0 0 0 0 0 0 0 0 0 0 0 0 0 0 0 0 0 0 0 0 0 0 0 0 0 0 0 0 0 0 0 0 0 0 0 9 0 12 38 11 0 0 30 0 18 21 0 11 64 0 10 30 0 0 19 0 4 8 0 1 0 7 26 3 20 0 1 8 3 0 2 0 14 1 4 0 0 0 0 0 0 0 0 0 0 0 0 0 0 0 0 0 0 0 0 0 0 0 0 0 0 0 0 0 0 0 0 0 0 0 0 0 0 0 0 23 39 25 1 0 0 13 0 14 1 34 0 0 0 27 1 20 0 0 0 14 1 10 0 0 7 0 0 0 0 0 14 9 4 0 0 25 50 0 0 0 0 0 0 0 0 0 0 0 0 8 0 0 0 0 0 0 0 0 0 0 6 6 0 0 1 62 1 0 0 0 0 0 0 0 0 0 0 0 0 0 0 0 22 0 0 0 0 0 
 7 2 2 2 2 2 2 2 2 8 39 2 2 2 2 2 2 2 2 2 0 18 0 4 118 96 0 0 0 0 3 70 0 0 0 0 0 0 0 0 64 311 205 100 55 119 0 93 119 104 41 30 122 180 254 70 26 45 102 63 0 1 0 0 4 0 0 0 0 0 0 0 2 2 0 0 0 2 2 0 0 0 0 0 0 0 0 0 0 0 0 0 0 0 0 0 0 0 0 0 0 0 0 0 6 22 0 0 0 0 0 0 0 0 0 0 0 0 0 0 10 14 26 8 25 0 13 29 51 2 0 0 24 8 47 28 0 2 7 0 0 0 0 0 0 0 0 0 0 0 14 17 0 0 1 18 0 3 0 0 4 0 0 0 0 0 0 0 0 0 0 40 0 0 0 0 0 0 0 0 0 0 0 0 0 9 0 0 0 0 10 0 0 0 0 0 0 0 0 0 1 24 10 5 0 0 11 37 12 23 0 10 7 31 1 26 8 12 0 15 3 3 0 0 0 0 0 0 3 0 0 0 0 3 0 0 0 0 3 0 0 0 0 0 0 0 0 0 0 0 0 15 0 0 0 0 0 0 0 0 0 0 0 0 0 0 0 0 0 0 0 0 0 0 0 0 0 0 0 0 0 0 0 0 1 0 0 0 0 0 
 3 3 3 78 5 5 66 3 3 3 3 3 9 39 3 3 63 82 66 3 0 0 0 0 0 0 65 0 0 0 0 0 0 0 0 0 0 0 0 0 55 257 170 156 83 56 93 0 74 353 190 92 130 125 86 44 157 59 89 300 1 2 0 2 60 0 0 0 5 4 55 0 8 4 5 3 0 4 4 0 9 7 7 0 0 0 0 1 0 0 0 0 1 0 12 0 0 0 3 0 0 0 0 0 0 0 0 0 0 0 0 0 0 0 0 0 0 0 0 0 0 10 4 49 40 10 6 1 0 27 20 25 22 0 17 14 7 1 0 2 0 0 0 7 0 5 0 0 0 0 0 11 0 0 0 0 8 7 9 7 0 0 0 0 0 0 0 2 0 0 0 0 0 0 0 0 0 0 0 0 0 0 14 0 0 0 0 0 0 0 0 0 0 0 0 0 0 0 0 0 0 32 23 1 16 0 0 0 16 0 42 0 12 0 41 7 21 10 0 7 0 0 4 0 0 7 0 0 0 0 4 27 0 0 0 0 0 0 19 0 0 0 33 0 0 0 0 0 0 0 0 10 0 0 0 0 0 0 0 0 0 0 0 0 0 1 7 2 0 0 19 0 0 0 0 0 0 0 0 0 0 0 0 0 0 0 0 8 0 0 
 0 0 0 0 5 0 0 3 0 0 6 0 66 0 0 0 2 0 0 0 0 4 0 4 55 61 0 0 0 3 0 2 2 0 3 0 0 0 0 3 100 123 99 105 392 185 119 74 0 325 266 17 54 378 112 124 48 183 103 308 0 0 0 0 11 0 0 0 0 0 1 0 0 0 5 0 0 0 51 0 0 0 0 0 0 0 0 0 0 7 0 0 0 0 0 0 0 0 0 0 0 0 0 0 11 0 0 0 0 0 0 0 0 0 0 0 0 0 0 0 0 22 0 0 8 3 9 10 10 0 20 15 0 0 1 0 46 0 10 0 19 9 0 0 0 0 7 1 10 0 0 0 1 19 12 0 7 7 28 10 0 6 0 0 5 0 0 0 0 0 0 0 0 0 0 0 0 0 8 0 0 0 0 0 15 9 0 0 0 0 0 0 0 0 0 0 0 0 0 0 0 0 0 0 10 37 0 7 0 11 12 58 9 8 1 10 8 21 0 8 50 0 0 0 0 0 0 0 2 0 0 0 18 0 19 2 10 0 4 19 0 0 0 0 0 0 0 0 0 0 0 10 0 0 0 0 0 0 0 7 0 0 63 64 63 4 3 0 0 0 0 0 0 0 0 0 0 0 0 0 0 0 0 0 19 5 0 1 0 0 
 2 2 2 2 2 2 2 2 2 2 2 2 35 2 2 2 0 2 2 2 2 3 0 0 5 62 0 0 0 0 0 0 3 3 0 0 0 0 0 0 94 112 156 366 332 252 104 353 325 0 401 48 109 181 110 302 129 311 437 387 26 0 0 0 0 0 0 0 0 0 0 0 0 0 0 0 0 0 0 0 0 0 0 9 0 0 0 10 0 0 17 0 0 0 0 0 0 0 0 0 0 0 0 0 11 0 0 0 0 0 0 0 0 0 0 0 0 0 0 0 0 16 33 23 55 11 0 19 1 34 10 4 13 6 36 0 0 42 0 18 0 0 0 0 0 0 0 0 0 0 15 0 0 0 0 5 0 0 0 0 0 0 7 0 0 0 0 0 0 0 4 5 0 0 0 0 0 0 0 0 1 0 0 0 0 8 0 0 0 0 0 0 0 0 0 0 0 0 0 0 7 26 5 43 23 0 1 14 0 5 15 11 0 21 12 0 19 0 0 36 12 0 0 0 0 0 0 0 0 0 0 0 10 9 15 0 1 0 22 38 0 0 53 0 0 0 0 0 62 0 0 5 0 2 0 0 0 0 0 0 0 0 0 0 1 2 2 66 0 0 0 0 50 0 0 0 0 0 0 0 0 4 0 0 0 0 0 0 0 0 
 3 7 3 6 3 39 3 62 3 11 3 6 5 3 3 3 16 7 3 3 0 3 0 0 1 3 5 0 0 3 7 4 61 0 6 0 0 65 0 1 38 163 328 140 540 149 41 190 266 401 0 90 41 114 68 309 468 75 47 67 0 0 0 0 1 0 0 0 0 0 1 0 0 0 0 50 0 51 0 0 0 0 0 2 5 1 0 0 0 6 8 3 0 0 0 0 0 0 0 0 0 0 0 0 0 0 8 0 0 0 0 0 0 0 3 0 0 0 0 6 0 11 7 43 33 18 19 0 16 20 31 27 21 12 9 0 17 4 1 15 0 0 0 5 0 0 5 0 0 0 0 0 0 9 10 0 0 0 8 18 1 23 0 0 5 0 0 0 2 0 0 0 0 0 0 0 0 4 0 0 0 0 0 0 0 0 0 0 0 0 0 0 11 0 0 0 1 0 0 0 0 25 32 7 10 0 0 0 8 0 71 0 11 1 29 63 10 21 0 1 0 0 0 0 0 0 0 0 0 0 0 0 17 11 0 8 10 0 18 0 0 21 12 0 0 0 3 0 0 0 0 9 0 0 0 0 0 0 1 2 0 0 8 0 1 1 2 1 0 0 15 0 0 0 0 0 0 0 0 0 0 0 0 0 8 0 0 6 0 0 
 0 0 0 0 0 0 0 0 0 3 0 0 0 0 0 0 7 0 0 0 0 0 0 0 0 0 0 0 0 0 0 0 0 0 0 0 0 0 0 0 32 92 55 79 73 145 30 92 17 48 90 0 32 88 24 36 168 76 33 32 26 0 0 45 3 0 0 0 0 24 1 6 0 21 0 0 0 0 0 0 0 0 0 0 0 0 0 0 0 0 0 0 0 0 0 0 0 0 0 0 0 0 0 0 0 0 0 0 0 0 0 0 0 0 0 0 0 0 0 0 0 0 0 28 20 7 0 0 44 21 28 9 0 20 0 0 11 6 0 12 0 12 8 6 0 1 9 20 16 12 0 0 10 9 26 8 0 0 1 27 1 0 0 0 0 0 0 0 0 0 0 0 0 0 0 0 0 0 0 0 0 0 0 0 0 0 0 0 0 0 0 0 0 0 0 9 0 0 0 0 0 13 0 20 29 0 0 0 0 0 35 0 23 0 13 29 36 9 0 0 12 0 0 0 0 0 10 30 13 0 0 0 43 0 14 0 35 9 55 38 0 0 0 0 0 0 0 0 0 0 0 7 0 0 0 0 0 0 0 17 0 0 8 0 7 1 0 0 0 0 19 0 0 0 0 0 0 0 0 0 0 0 0 0 1 0 0 0 0 3 
 3 3 3 3 3 3 3 6 3 3 3 3 68 3 3 3 0 3 3 3 0 4 0 0 126 33 203 0 63 0 0 1 0 0 0 62 29 207 0 0 45 130 235 255 65 21 122 130 54 109 41 32 0 60 116 118 142 45 263 75 0 0 0 0 0 0 0 0 0 0 52 0 0 0 52 0 0 0 0 0 0 0 0 0 0 12 0 0 0 0 0 0 0 0 0 0 0 0 0 0 0 0 0 0 0 10 0 0 0 0 0 2 0 0 0 0 1 21 0 0 7 0 47 1 14 0 14 10 10 43 0 0 8 10 0 20 7 21 0 28 15 0 0 0 0 0 0 0 0 0 0 2 0 0 0 8 0 4 0 0 0 13 1 0 0 0 0 0 0 0 0 0 0 0 0 0 0 0 0 0 0 0 0 0 0 12 0 0 26 0 11 6 0 0 0 0 0 1 0 0 5 1 11 20 24 0 26 0 9 50 0 3 23 6 11 0 30 0 0 28 27 20 0 0 0 0 0 13 1 0 0 0 0 7 0 0 0 0 0 0 0 0 0 0 0 0 0 0 0 0 0 2 0 1 0 0 0 0 62 0 0 0 0 0 0 2 0 0 1 0 13 0 0 0 0 0 0 0 0 0 0 0 0 0 0 0 0 0 0 0 
 0 0 6 0 0 0 10 0 0 0 6 0 0 0 0 0 3 0 0 0 0 2 40 0 0 0 0 0 62 6 0 63 0 0 3 0 0 0 0 0 71 87 54 212 132 403 180 125 378 181 114 88 60 0 167 31 47 47 98 68 3 0 0 0 0 0 0 16 0 0 0 0 0 0 0 0 0 0 0 0 0 0 0 0 0 0 0 0 0 0 0 0 0 0 0 0 0 0 0 0 0 0 0 0 0 14 0 0 0 0 0 13 0 0 0 0 10 0 0 0 0 40 1 24 17 9 0 0 18 6 2 1 0 28 15 0 10 11 8 0 0 0 0 2 0 0 0 0 0 0 10 0 0 0 1 2 5 0 5 1 23 0 0 0 0 0 1 0 0 0 0 0 0 0 0 0 0 0 0 0 0 0 0 0 0 0 0 0 0 0 0 0 0 0 0 0 0 0 0 0 0 30 26 30 1 0 10 12 10 0 1 1 13 0 0 13 1 17 10 0 0 0 0 0 0 0 0 0 0 0 0 0 5 0 0 0 1 0 35 0 0 0 0 0 0 2 0 0 0 0 0 21 0 0 0 0 0 0 0 0 0 0 37 0 1 4 1 40 0 0 3 0 0 0 0 0 0 0 0 0 0 0 0 0 2 0 0 0 0 0 
 0 42 0 0 0 0 0 27 7 1 6 0 0 0 0 0 0 0 0 0 0 3 0 0 117 123 0 0 0 5 69 31 0 0 3 0 0 0 0 0 39 140 117 54 154 265 254 86 112 110 68 24 116 167 0 267 48 316 494 95 0 0 0 0 9 25 0 4 0 0 0 2 2 0 2 8 0 0 0 0 0 0 0 0 0 0 0 0 0 0 0 17 0 0 0 0 0 0 15 0 0 0 0 9 11 15 0 0 0 0 0 0 0 0 0 0 0 0 0 0 13 0 48 0 20 9 10 43 27 21 1 1 11 1 24 2 15 20 25 21 0 0 0 0 1 0 0 0 0 0 20 10 0 0 0 12 0 0 0 0 0 0 4 0 0 0 0 0 0 0 4 8 0 0 0 0 0 0 0 0 0 0 0 0 0 9 0 0 0 0 0 0 0 0 0 0 0 0 0 0 0 4 0 30 28 0 1 39 9 12 0 0 12 31 0 29 28 8 20 28 0 0 0 0 0 0 0 0 0 0 0 0 8 0 0 0 1 0 9 0 0 0 0 0 0 0 7 0 0 0 0 5 0 0 0 0 0 0 0 0 0 0 0 0 0 2 2 0 0 0 0 0 0 0 0 0 0 0 0 0 0 0 0 0 0 0 0 0 0 0 
 0 0 0 0 2 0 0 0 0 0 0 0 4 0 0 0 0 0 0 0 4 0 0 4 74 79 0 0 0 3 3 0 0 0 1 0 0 84 0 3 31 52 269 326 135 274 70 44 124 302 309 36 118 31 267 0 226 67 149 90 0 0 0 0 2 0 0 0 0 0 0 0 0 0 0 6 0 2 6 0 0 0 0 0 0 0 0 0 0 0 0 0 0 0 0 0 0 0 0 0 0 14 0 0 1 0 0 0 0 3 0 0 0 0 0 6 6 0 0 0 0 0 18 0 1 55 0 38 11 58 0 9 13 0 0 0 7 13 10 24 0 0 0 0 0 0 0 0 0 0 0 0 0 0 0 12 4 0 0 0 0 0 16 0 0 0 0 0 0 0 7 5 0 0 0 0 0 0 0 0 0 0 7 0 1 4 0 0 0 7 0 0 0 0 3 0 0 0 0 0 0 0 0 24 16 1 0 26 9 0 1 19 13 16 2 7 32 9 0 13 9 0 0 0 0 0 0 0 0 0 0 0 0 7 18 0 0 0 0 18 0 0 3 0 0 0 0 0 0 0 0 13 0 1 0 1 0 0 0 2 0 0 3 0 0 2 1 0 0 0 0 0 0 0 0 0 0 0 0 0 0 0 0 0 0 0 0 0 0 0 
 0 0 0 0 22 0 0 1 0 3 0 0 2 0 0 0 4 5 0 0 3 3 5 3 65 5 3 13 3 3 3 9 61 6 6 25 6 3 8 6 136 362 117 183 47 73 26 157 48 129 468 168 142 47 48 226 0 60 96 127 1 0 3 0 0 0 2 4 2 0 4 0 0 0 0 0 0 0 0 0 0 0 0 0 0 0 0 0 0 0 0 0 0 30 0 0 0 0 0 17 0 0 0 0 0 0 0 0 0 0 0 1 2 3 0 0 0 4 5 0 0 24 12 60 25 13 14 5 1 45 21 40 23 0 17 17 0 0 0 14 0 0 0 7 0 0 0 0 0 0 0 0 10 0 0 0 0 4 22 4 0 0 2 0 0 0 0 0 0 0 3 0 0 0 0 0 0 0 0 0 0 0 0 0 0 0 4 9 0 0 0 0 0 8 0 1 0 3 8 3 1 11 11 7 26 0 0 0 16 7 40 0 12 0 27 7 52 7 0 8 0 0 0 0 0 0 0 0 0 0 0 0 1 53 0 0 0 0 26 0 0 0 8 0 0 0 0 0 0 0 0 0 0 2 0 0 0 0 0 3 0 1 1 2 1 12 0 0 0 0 20 0 0 0 0 0 0 0 0 0 0 14 0 0 0 0 0 29 0 0 
 0 2 0 0 2 0 0 0 0 3 0 2 3 95 0 1 0 0 0 0 2 42 0 0 65 41 0 0 0 3 0 0 3 0 0 0 0 0 0 0 261 116 131 61 69 62 45 59 183 311 75 76 45 47 316 67 60 0 55 241 0 5 0 0 4 0 6 9 0 0 2 0 6 1 2 2 10 0 82 0 0 0 3 0 0 0 0 0 0 0 0 0 0 0 0 0 0 0 0 0 0 0 0 0 0 0 0 0 0 0 0 0 0 0 0 0 0 0 0 0 0 0 0 8 19 1 0 16 13 0 46 68 3 0 1 0 8 3 7 0 24 0 0 0 0 0 14 1 10 0 0 0 1 11 19 0 0 7 7 23 0 0 1 0 0 0 0 0 0 0 0 0 0 0 0 0 0 0 3 0 0 0 0 0 0 4 0 0 0 0 0 0 0 0 0 0 0 0 0 0 0 1 0 1 6 23 0 12 13 11 12 36 7 6 1 22 33 11 0 6 17 0 0 0 0 0 0 0 15 8 0 0 10 15 18 6 21 19 20 18 0 0 0 0 0 1 0 0 0 0 0 9 0 2 0 0 0 0 0 10 2 1 0 62 0 0 2 2 2 0 2 0 0 0 0 0 0 7 0 0 0 0 0 0 8 0 0 1 0 0 
 28 1 0 0 0 3 0 1 0 0 61 37 11 23 0 1 2 63 0 63 0 2 0 62 0 61 203 0 0 66 24 62 0 3 1 0 207 1 0 2 273 57 325 289 78 53 102 89 103 437 47 33 263 98 494 149 96 55 0 146 0 49 0 0 0 2 2 2 0 231 51 3 0 3 0 0 0 1 0 0 1 0 1 0 0 0 0 1 0 0 0 0 0 0 0 7 12 11 10 0 0 0 0 1 10 15 0 0 0 0 0 0 0 1 0 0 0 0 2 0 24 0 14 0 0 8 10 30 1 14 0 0 9 0 1 6 11 6 15 23 0 0 0 0 0 0 0 0 0 0 9 3 0 0 0 10 0 0 0 0 0 0 3 10 0 0 0 10 0 11 27 21 0 11 5 1 0 0 0 8 0 0 0 0 0 1 0 0 0 0 0 0 0 0 0 0 0 0 22 0 10 0 1 5 6 0 13 3 0 11 0 0 0 2 0 0 17 1 0 11 0 0 0 0 0 0 0 0 0 0 0 0 0 0 0 0 0 25 0 0 0 0 0 0 0 0 1 0 0 0 0 19 0 2 0 0 0 1 0 2 0 0 0 0 0 1 0 0 1 0 0 0 0 0 0 1 0 0 0 0 0 0 0 0 0 0 0 0 2 0 
 63 62 0 0 1 62 0 34 60 0 0 0 4 0 0 7 0 5 0 0 0 0 0 0 0 63 0 0 0 0 0 3 0 0 0 0 3 0 33 0 134 94 245 270 80 262 63 300 308 387 67 32 75 68 95 90 127 241 146 0 4 0 0 1 51 0 0 3 86 19 0 0 3 0 9 0 0 0 0 3 0 0 18 14 0 0 0 0 8 0 0 0 0 0 0 20 0 0 0 0 0 0 0 16 9 10 0 0 0 0 0 28 0 0 0 0 0 0 19 6 0 44 7 37 20 0 2 1 9 22 5 26 62 8 25 23 19 0 0 0 0 3 0 0 0 5 0 0 7 16 0 4 0 0 31 6 8 0 0 0 1 12 0 0 0 0 0 0 1 41 8 0 0 0 9 0 0 6 0 0 6 0 0 0 0 21 0 0 0 0 0 0 12 0 0 0 0 0 0 0 0 8 0 0 0 0 14 7 18 12 13 0 0 21 27 0 0 0 0 13 0 0 2 0 0 21 0 0 0 0 11 7 1 0 0 0 0 0 0 0 0 0 12 0 0 0 0 0 0 0 0 2 0 1 0 0 0 0 124 0 1 0 1 0 0 15 2 3 1 0 0 2 0 0 0 3 0 0 0 0 0 0 0 0 0 0 0 0 0 0 
 3 0 0 0 0 0 0 0 0 0 0 0 0 0 0 0 0 0 0 0 0 1 0 0 45 0 48 0 0 0 0 0 0 0 0 0 0 0 0 0 4 16 0 4 2 13 0 1 0 26 0 26 0 3 0 0 1 0 0 4 0 85 166 478 34 35 315 163 98 264 30 84 137 365 173 126 61 46 254 144 0 0 0 0 0 0 0 0 0 12 0 0 0 0 0 0 0 1 0 0 0 0 0 0 0 0 0 0 0 0 0 0 0 0 0 0 0 0 0 0 7 12 12 13 0 0 0 0 0 12 10 0 1 0 6 0 0 0 0 0 0 0 38 10 0 10 16 37 30 12 15 0 32 10 0 13 5 0 2 0 0 0 0 0 0 0 1 0 2 0 0 0 0 0 0 0 0 0 0 0 0 0 0 0 0 0 0 0 0 0 0 0 0 0 0 0 0 0 0 0 0 7 3 10 1 0 0 0 0 0 0 0 0 0 0 0 0 0 0 0 0 0 21 1 0 0 46 27 0 0 0 8 19 0 9 0 42 7 11 14 1 0 0 0 0 0 0 0 0 0 0 0 0 0 6 0 0 0 0 0 0 0 0 0 0 0 0 6 0 0 3 0 0 3 2 2 0 0 0 0 0 0 0 0 0 2 0 0 0 0 
