 0 120 165 160 60 112 306 143 182 41 43 118 180 149 218 193 436 302 128 120 0 0 1 0 5 0 3 4 0 2 0 4 1 0 2 5 0 3 3 5 0 3 5 0 5 3 0 5 3 10 0 6 0 0 3 3 66 3 3 6 0 3 0 16 3 0 6 0 0 0 2 0 11 2 3 0 9 7 3 4 2 0 39 0 0 14 19 38 16 0 10 0 59 1 22 40 19 0 30 1 0 0 0 0 0 0 0 0 0 0 0 11 0 0 1 0 0 0 3 0 0 7 0 0 0 0 0 0 0 0 10 0 0 0 0 0 0 0 2 0 0 17 12 0 0 0 0 0 2 6 0 2 0 0 0 0 0 0 0 0 10 28 31 18 0 5 0 10 9 17 0 23 13 17 7 13 6 0 17 62 0 0 0 0 0 1 0 2 0 3 0 0 0 0 0 0 0 0 9 0 0 0 0 0 0 0 0 0 0 0 2 0 9 0 0 0 0 0 0 0 0 0 0 1 2 0 0 0 0 0 0 0 0 0 0 0 0 0 0 0 0 0 0 0 0 0 1 1 5 0 0 3 0 0 0 0 0 0 0 0 0 0 0 0 0 0 0 0 0 0 0 0 0 0 0 8 1 0 0 0 0 0 0 18 0 0 0 0 0 0 
 120 0 130 72 36 169 228 60 220 29 45 143 338 132 137 83 196 153 124 50 0 0 2 2 0 0 74 0 0 2 0 0 0 0 2 0 0 3 81 0 0 0 0 0 0 0 2 2 4 0 0 0 27 0 0 0 4 0 0 0 0 0 0 0 0 0 0 0 0 0 0 7 0 0 0 0 3 2 0 2 17 13 0 1 3 94 52 20 10 25 19 9 1 53 22 21 10 1 1 0 7 0 0 0 0 0 7 0 0 0 0 0 0 0 0 0 0 0 0 41 0 0 0 0 0 0 0 0 9 0 1 2 0 0 9 0 0 0 0 0 0 0 0 0 0 6 0 0 0 0 0 0 0 0 0 2 0 0 0 0 15 1 0 33 31 20 0 15 2 17 1 13 0 0 9 9 11 0 0 2 0 0 0 0 0 0 0 0 0 0 0 0 0 0 0 0 0 0 0 0 0 0 1 0 0 0 2 0 2 0 0 0 0 0 0 0 0 0 0 0 0 0 0 0 0 0 0 0 0 2 0 0 0 0 0 0 0 2 0 0 0 1 0 0 0 0 47 0 3 89 0 14 0 0 0 0 0 0 0 0 0 0 1 0 0 0 0 0 0 2 0 0 0 12 0 1 0 9 0 0 0 0 0 0 0 0 0 0 0 0 
 165 130 0 196 98 37 165 356 71 77 62 312 279 401 106 144 132 136 322 138 0 0 2 0 3 0 0 2 0 2 2 0 2 0 0 0 3 6 2 0 0 0 0 0 0 0 0 5 6 0 0 0 0 3 6 0 4 0 3 2 2 2 0 0 2 0 0 0 0 0 0 0 0 0 0 0 3 4 1 2 23 26 10 52 23 0 8 19 10 41 1 0 5 34 1 0 50 17 12 0 0 0 0 0 0 0 1 0 0 6 0 0 0 0 0 0 0 0 9 0 0 0 0 0 0 0 0 0 0 0 1 0 0 0 0 0 0 0 0 0 0 2 2 0 0 10 8 0 2 0 0 2 0 0 0 0 0 0 0 0 22 18 31 5 0 1 32 28 20 27 15 2 0 30 25 18 35 36 33 40 0 0 0 0 0 1 0 0 0 0 0 0 2 0 0 0 0 0 2 0 0 11 0 0 0 0 0 0 0 0 0 0 0 0 0 0 0 0 0 0 0 0 0 0 0 0 0 0 0 0 0 0 0 0 0 0 0 0 0 0 0 6 0 0 0 2 2 0 0 2 1 8 11 0 0 0 0 0 0 0 0 0 0 0 0 0 0 0 0 0 0 0 0 0 0 0 6 9 0 0 0 0 0 0 0 0 0 0 0 0 
 160 72 196 0 156 313 179 74 302 88 69 215 178 95 241 102 297 61 182 54 1 74 2 0 0 0 115 93 0 2 1 0 0 0 0 0 0 5 5 0 5 0 0 0 0 0 0 2 3 0 0 1 2 0 0 0 3 0 0 0 0 0 0 0 0 0 0 0 0 0 0 3 1 0 0 0 3 2 0 2 0 0 1 0 15 0 0 8 24 9 0 4 0 12 25 13 0 24 0 0 6 14 0 0 0 0 11 0 1 0 0 0 22 25 0 22 31 0 30 38 0 0 0 0 0 0 16 0 0 0 0 0 0 0 0 0 0 0 0 0 26 0 0 0 0 0 0 0 0 0 0 0 0 0 1 0 0 0 2 2 10 8 22 15 0 12 0 10 32 10 0 32 0 16 38 11 21 15 28 0 34 0 16 0 0 0 7 40 10 15 0 0 19 0 0 0 0 13 0 8 0 0 0 0 0 0 0 0 0 0 0 0 0 0 0 0 0 0 2 0 0 0 0 0 0 0 0 0 0 0 0 0 0 0 0 0 0 0 0 0 0 0 0 0 0 0 55 0 1 49 0 8 14 1 2 0 0 0 0 0 0 0 0 0 0 0 0 0 0 0 0 0 0 0 0 0 1 0 0 0 19 0 0 0 0 0 0 0 0 0 
 60 36 98 156 0 230 436 145 169 74 80 312 168 169 304 178 36 44 62 289 0 73 1 0 0 0 2 74 0 2 0 1 89 0 60 0 0 3 77 78 0 0 0 2 0 0 1 2 3 0 0 0 0 0 0 1 2 0 0 0 0 0 0 0 0 0 0 0 0 0 0 0 0 0 0 0 3 2 0 1 0 0 29 57 57 4 0 33 18 29 1 45 0 3 15 0 0 13 0 1 9 0 0 0 0 0 20 0 18 1 0 0 14 0 0 34 28 0 12 14 11 0 0 0 0 0 0 0 0 0 0 0 0 0 0 0 0 0 0 0 27 0 0 0 0 0 0 2 0 0 1 0 0 0 0 0 0 0 0 0 19 27 0 46 18 11 0 25 20 27 32 15 0 0 23 0 24 11 11 0 0 11 15 0 1 7 12 29 9 22 0 0 41 19 13 2 0 0 27 11 0 0 0 1 1 0 0 0 0 1 0 0 0 0 0 0 0 0 0 0 2 0 0 1 0 0 0 0 0 0 7 0 0 0 0 0 0 0 0 0 0 0 0 0 2 0 2 0 10 0 24 3 3 0 0 0 0 0 0 0 0 0 0 0 0 0 0 0 0 0 0 0 0 0 0 0 0 0 0 0 0 2 0 0 0 2 0 0 0 0 
 112 169 37 313 230 0 34 12 152 65 301 228 46 120 53 408 155 45 55 266 80 0 4 0 0 0 98 74 0 2 0 3 80 0 0 0 147 3 231 109 0 0 0 0 0 3 1 5 3 0 0 0 0 0 0 0 5 0 0 0 2 0 2 0 0 0 0 0 2 0 0 37 0 0 0 0 3 4 0 2 0 0 0 18 25 24 0 0 14 12 12 23 0 13 12 23 0 0 0 0 13 22 12 0 0 0 27 0 0 0 0 0 5 27 1 10 19 0 35 2 0 0 0 0 13 0 0 0 0 0 0 0 0 0 0 0 0 0 2 0 0 0 0 0 0 18 0 0 0 0 0 0 0 0 6 0 0 0 0 0 18 7 10 11 20 19 0 16 45 0 0 9 0 0 9 15 14 0 0 1 16 17 12 0 0 0 0 24 11 10 0 0 20 10 11 22 0 10 10 36 0 15 0 0 0 0 0 0 0 0 0 0 0 0 0 0 0 0 0 0 0 0 0 0 0 0 13 0 0 0 0 0 0 0 0 0 0 0 0 0 0 0 0 0 0 0 0 1 94 177 2 9 1 0 0 0 0 0 0 0 0 0 12 0 0 0 0 0 0 0 0 0 0 0 0 14 0 0 0 0 0 0 0 0 0 0 0 0 0 0 
 306 228 165 179 436 34 0 101 390 57 52 153 203 364 227 456 41 324 254 320 2 0 2 0 0 0 0 0 0 2 0 0 2 75 0 0 65 3 1 0 2 0 0 0 65 0 0 2 3 0 0 0 0 0 0 0 3 0 0 0 0 0 0 0 0 0 0 26 0 0 0 0 3 0 0 0 3 4 0 3 14 19 34 38 14 13 16 20 34 54 30 20 0 1 14 19 10 26 0 12 10 0 0 0 0 0 0 0 0 0 0 0 0 0 0 0 0 0 0 0 0 0 22 13 0 0 0 0 0 0 14 0 0 0 0 0 0 0 0 0 0 0 15 0 0 0 0 1 0 0 0 0 0 0 0 0 0 0 0 0 0 56 29 28 11 0 14 9 31 24 11 0 0 22 19 15 0 0 24 14 0 0 0 0 2 0 0 0 0 0 0 0 0 0 0 0 0 0 0 0 0 0 0 0 0 0 0 0 0 0 0 0 0 0 25 0 0 0 0 0 0 0 0 0 0 0 0 0 0 0 0 0 0 0 0 0 0 0 0 0 0 0 0 0 1 0 93 0 1 0 2 6 15 0 0 0 0 0 0 0 0 0 0 0 0 0 0 0 0 0 0 0 0 0 0 0 16 0 0 0 0 0 0 0 0 16 0 0 0 0 
 143 60 356 74 145 12 101 0 56 41 19 121 226 228 175 43 43 221 397 288 0 0 2 0 0 0 0 0 1 3 0 1 0 0 0 0 0 3 0 0 0 64 0 2 0 1 0 3 3 0 0 0 0 0 0 0 2 0 0 0 0 0 0 0 0 0 0 0 0 10 0 0 0 0 29 0 3 2 0 0 11 55 25 22 27 14 12 19 15 2 22 0 27 20 16 7 10 0 29 0 0 0 0 0 0 0 0 1 0 0 0 0 0 0 0 0 0 0 0 0 0 0 0 2 0 0 0 0 0 0 0 0 0 0 0 0 0 0 0 0 0 0 0 0 0 3 0 0 0 0 11 0 0 0 0 0 0 2 7 0 30 23 0 6 0 0 27 22 12 1 12 1 0 14 23 0 8 46 0 19 0 0 0 0 0 0 0 0 0 0 0 0 0 0 0 0 0 0 0 0 0 0 0 0 0 0 0 0 0 0 0 15 1 0 0 0 0 0 0 0 22 0 0 0 0 0 0 0 1 0 0 0 0 0 0 0 0 0 0 0 0 1 0 0 0 2 0 0 1 0 1 12 9 0 0 0 0 0 0 0 0 0 0 0 0 0 0 0 0 0 0 0 0 0 0 0 34 0 0 0 0 0 0 0 0 0 0 0 0 0 
 182 220 71 302 169 152 390 56 0 286 222 17 183 294 94 348 56 383 414 369 0 0 0 0 0 0 0 0 0 3 0 0 0 0 0 0 2 3 150 75 7 0 0 0 0 0 0 3 3 0 0 0 0 0 0 0 0 0 0 0 0 0 0 0 0 0 0 0 0 0 0 0 0 0 0 0 2 2 0 0 0 2 0 12 10 18 11 0 7 45 32 13 11 14 15 8 0 37 0 11 0 0 0 0 0 0 22 0 0 0 0 0 10 9 0 1 0 0 0 51 0 0 0 0 0 0 0 0 0 0 1 1 0 0 0 0 0 0 0 0 0 0 0 0 0 16 0 0 0 0 0 0 0 0 0 1 0 0 0 0 0 0 12 39 27 89 0 17 26 38 17 0 0 0 0 0 0 0 0 1 38 0 0 0 0 0 1 0 0 0 0 0 19 17 57 0 2 0 2 0 0 0 2 0 12 0 1 0 1 0 0 0 0 0 0 0 0 0 0 0 0 0 0 0 0 0 0 0 0 1 0 2 0 0 0 0 0 0 0 22 0 0 0 0 0 0 141 0 4 22 31 4 0 0 0 0 0 0 0 0 0 0 0 0 0 0 0 0 0 1 0 0 0 0 0 20 12 7 0 0 0 0 0 0 0 0 0 0 0 0 
 41 29 77 88 74 65 57 41 286 0 114 55 78 63 88 98 216 257 298 72 3 0 1 81 3 0 0 1 0 2 0 0 1 0 2 2 3 3 7 80 3 0 0 1 2 1 0 3 3 1 0 0 0 62 0 0 3 0 0 0 0 0 0 0 0 3 1 50 0 0 0 0 1 0 3 0 5 2 0 0 0 1 13 0 0 23 0 0 0 10 13 0 0 11 0 0 0 10 0 0 6 0 0 0 0 0 0 0 0 0 0 0 15 14 23 16 0 0 20 23 9 0 0 0 0 0 0 0 0 0 0 0 0 0 0 0 0 0 0 0 0 0 4 0 0 0 0 0 0 0 0 0 0 0 0 0 0 0 0 0 0 0 14 0 10 13 0 0 0 3 3 10 0 0 0 0 15 14 0 3 13 0 0 0 0 0 0 0 0 0 0 14 23 0 16 0 0 1 13 0 0 0 0 0 0 0 25 0 0 0 0 0 0 0 0 0 0 0 0 0 0 0 0 0 0 0 0 0 0 0 14 0 0 0 0 0 3 0 0 0 0 3 0 0 1 0 47 2 3 3 3 12 0 0 0 0 0 2 0 0 0 0 1 0 0 0 0 0 0 0 0 0 0 0 0 0 0 0 0 0 0 0 0 0 0 0 0 0 0 0 
 43 45 62 69 80 301 52 19 222 114 0 220 139 39 241 217 345 67 43 48 0 0 1 0 0 0 148 19 0 2 0 0 0 0 0 0 0 80 125 2 0 65 0 0 2 0 5 3 3 0 0 0 0 0 0 0 1 0 0 0 0 0 0 0 0 0 0 0 0 0 0 0 0 0 0 0 3 2 0 0 0 0 3 31 0 40 2 0 18 22 24 14 0 13 22 42 26 9 0 0 10 14 7 0 0 0 18 0 0 0 0 0 7 14 0 11 0 1 1 41 0 0 0 0 0 0 0 0 0 0 0 0 0 0 0 0 0 0 0 0 0 0 0 0 0 0 0 0 0 0 0 0 0 0 5 0 0 0 0 0 11 10 4 0 11 28 0 13 0 25 0 17 0 0 8 19 21 1 0 0 0 0 0 0 0 6 0 16 39 16 0 0 18 0 14 0 0 13 6 8 22 0 0 0 0 0 0 0 0 0 0 0 0 21 8 0 0 0 0 0 0 0 0 0 0 0 0 0 0 0 0 0 0 0 0 0 0 0 0 0 0 0 0 0 0 6 2 0 1 133 0 11 0 0 1 0 0 0 0 0 0 0 1 0 0 0 0 0 0 0 0 0 0 0 0 11 1 0 0 0 0 0 0 0 0 0 0 0 0 0 
 118 143 312 215 312 228 153 121 17 55 220 0 93 225 143 222 284 484 54 49 0 0 1 0 0 2 74 23 0 4 0 3 0 2 0 2 0 3 87 3 0 0 0 0 0 0 2 2 3 3 0 0 0 0 0 0 2 0 0 2 0 0 2 1 0 0 3 0 0 2 0 0 2 2 0 0 3 2 0 0 0 37 30 84 14 0 37 15 27 15 0 1 0 3 0 11 34 8 0 0 7 14 11 0 17 0 12 0 0 0 0 0 7 14 0 22 0 0 33 9 0 0 0 0 0 0 0 0 0 0 30 0 0 0 0 0 0 0 0 0 0 0 0 1 0 0 0 0 0 0 0 0 0 0 5 0 0 0 0 0 0 16 25 2 0 0 0 32 8 16 13 11 0 0 13 39 46 37 12 0 17 0 0 0 0 0 0 23 10 15 0 0 19 0 13 0 0 13 0 8 0 0 0 0 0 0 0 0 0 0 0 0 0 0 0 0 0 0 0 0 0 0 0 0 0 0 0 0 0 0 0 0 0 0 0 0 0 0 0 0 0 8 0 0 0 0 2 2 2 47 0 0 12 0 0 0 0 0 0 0 0 0 0 0 0 0 0 0 0 0 0 0 0 0 0 2 23 0 0 0 0 0 0 0 0 0 0 0 0 0 
 180 338 279 178 168 46 203 226 183 78 139 93 0 214 155 307 124 235 95 170 0 0 4 0 0 78 5 5 5 4 0 8 0 0 6 1 0 7 2 0 0 0 0 4 0 4 0 4 3 0 2 0 0 0 57 0 4 0 0 0 0 0 0 0 0 0 0 0 0 4 0 9 0 0 0 0 3 2 0 2 27 33 20 30 0 0 38 27 28 18 1 14 9 2 19 11 14 11 0 9 0 0 0 2 0 0 0 0 0 0 0 0 0 0 0 0 0 0 11 0 0 0 0 1 0 0 0 0 0 0 0 0 0 0 0 0 0 0 0 0 0 0 0 0 0 2 0 0 2 0 0 0 0 0 0 0 0 1 0 0 0 11 0 33 10 0 10 21 3 11 0 15 10 0 0 41 41 21 0 9 0 0 0 0 0 0 0 0 0 0 0 0 0 0 0 0 0 0 0 0 0 0 0 0 0 0 0 0 0 0 0 0 2 0 0 0 0 0 12 0 0 0 0 0 0 9 0 2 2 0 0 0 0 1 0 0 0 0 0 0 0 11 0 0 0 0 88 1 2 0 0 8 0 0 0 0 0 0 0 2 0 0 0 0 0 0 0 0 0 0 0 0 0 0 0 0 19 8 0 0 0 0 0 0 0 0 0 0 0 0 
 149 132 401 95 169 120 364 228 294 63 39 225 214 0 373 73 143 125 160 262 0 34 1 0 0 0 0 0 0 2 0 0 0 0 0 0 0 3 0 0 0 0 0 0 0 0 0 2 3 0 0 0 0 0 0 0 4 0 0 0 0 0 0 0 0 0 0 0 0 0 0 0 0 0 0 0 3 59 0 0 14 29 33 17 26 25 15 19 28 21 18 0 34 15 64 29 0 1 13 11 0 0 0 0 0 2 2 0 0 0 0 0 0 0 0 0 0 0 1 0 0 0 0 0 0 0 0 0 0 0 0 0 0 0 0 0 0 0 0 0 0 0 0 0 0 11 0 0 0 2 0 0 0 0 0 0 0 1 0 0 25 29 0 12 13 0 0 37 6 6 9 13 0 0 54 8 15 12 4 30 0 0 0 10 0 0 0 0 0 0 1 0 0 0 0 0 0 0 0 0 0 0 0 0 0 0 0 0 0 0 0 0 0 0 0 0 0 0 0 0 0 0 0 0 0 0 0 0 0 0 0 0 0 0 0 0 0 0 0 0 0 1 0 0 0 1 92 0 1 0 2 10 11 0 1 0 0 0 0 0 0 0 0 0 0 0 0 0 0 0 0 0 0 0 0 0 17 7 0 0 0 0 0 0 0 0 0 0 0 0 
 218 137 106 241 304 53 227 175 94 88 241 143 155 373 0 378 280 226 74 94 0 0 1 0 0 2 0 2 0 2 0 6 22 0 0 0 0 5 76 0 0 0 0 0 0 0 0 2 3 0 0 0 0 0 0 0 64 0 0 0 0 0 0 0 0 0 1 0 0 0 0 0 3 0 3 0 8 2 0 1 0 0 39 21 58 0 45 18 24 1 35 1 0 0 22 21 16 9 0 0 1 0 0 0 0 0 0 2 0 0 0 0 0 0 0 0 0 0 0 0 0 0 0 0 0 0 0 0 0 0 14 0 0 0 0 0 0 0 0 0 0 0 0 0 0 0 0 0 0 0 0 0 1 0 0 0 0 0 0 0 0 44 0 7 12 0 0 35 17 15 21 11 0 0 12 21 25 19 17 0 12 0 0 0 0 0 0 0 0 0 0 9 0 0 9 0 0 0 9 0 0 0 0 0 0 0 0 0 0 0 0 0 0 0 0 0 0 0 0 0 0 0 0 0 0 0 0 10 0 0 0 0 0 1 0 0 0 0 0 0 0 0 0 0 0 3 1 2 1 0 0 11 6 0 0 0 0 0 0 0 0 0 0 0 0 0 0 0 0 0 0 0 0 0 0 5 43 0 0 0 0 0 0 0 0 0 0 0 0 0 
 193 83 144 102 178 408 456 43 348 98 217 222 307 73 378 0 309 338 32 64 0 0 1 3 3 0 0 2 2 5 2 0 0 0 0 0 0 3 75 0 0 0 0 53 3 66 0 2 3 2 3 3 0 0 0 0 7 3 0 0 0 0 0 0 0 2 0 0 0 0 0 55 8 0 0 0 3 7 0 1 0 15 19 30 13 0 9 10 17 8 14 59 0 0 15 57 32 24 17 30 1 0 0 0 0 0 0 0 0 0 0 0 0 0 0 0 0 0 0 0 0 0 0 0 0 0 0 0 0 0 14 0 0 0 0 0 0 0 0 0 0 0 0 0 0 0 0 0 0 0 0 0 0 0 0 0 0 0 0 9 10 22 0 5 0 0 1 16 16 27 15 15 14 0 10 28 10 2 0 1 0 0 0 0 0 0 0 0 0 0 0 0 0 0 11 0 0 0 5 0 0 0 4 0 0 0 0 0 0 16 0 0 0 0 0 0 0 0 0 0 0 0 0 0 0 0 0 0 0 0 0 0 0 0 0 0 0 0 14 0 0 7 0 0 0 0 0 0 2 1 2 10 0 0 0 0 0 0 0 0 0 0 0 0 0 0 0 0 0 0 0 0 0 0 0 5 0 0 0 0 0 0 0 0 0 0 0 0 0 0 
 436 196 132 297 36 155 41 43 56 216 345 284 124 143 280 309 0 427 55 48 2 0 0 1 0 0 76 72 0 3 0 0 0 0 1 0 0 3 77 0 0 0 0 0 0 0 0 3 5 0 0 0 0 0 0 0 2 0 0 0 0 0 0 0 0 0 0 0 0 0 0 0 6 40 0 0 2 7 47 0 0 14 19 12 0 17 24 2 15 13 0 19 0 19 14 11 30 35 11 0 8 1 28 0 0 0 10 0 0 0 0 0 0 1 8 8 0 0 65 28 0 0 0 0 0 0 0 0 0 0 2 1 0 0 0 0 0 0 0 0 0 0 0 0 0 0 0 0 0 0 0 0 2 0 2 0 0 0 0 0 0 1 49 21 0 0 10 19 0 2 0 10 0 20 0 20 29 22 0 36 13 0 0 0 0 0 0 0 8 0 0 0 9 0 10 0 2 0 1 21 0 0 2 0 0 0 0 2 0 0 0 0 0 0 0 0 0 0 0 0 17 0 0 0 0 0 0 0 0 0 0 2 1 0 0 0 0 1 0 0 0 7 0 0 0 3 89 0 2 86 0 16 0 0 0 0 0 0 0 0 0 0 0 0 0 0 0 0 0 0 0 0 0 0 0 13 19 0 0 0 0 0 0 0 0 0 0 0 0 0 
 302 153 136 61 44 45 324 221 383 257 67 484 235 125 226 338 427 0 45 142 1 0 0 0 0 0 0 0 0 3 0 0 0 0 1 2 0 3 0 0 0 0 0 0 0 0 0 3 3 5 0 0 0 0 0 0 2 0 0 0 0 0 0 0 0 0 0 0 0 0 0 0 42 0 0 0 2 18 0 0 0 23 98 62 27 13 39 1 6 22 41 14 0 0 31 24 36 1 24 14 0 0 0 0 0 0 0 0 0 0 0 0 0 0 0 0 0 0 0 0 0 0 0 0 0 0 0 0 0 0 14 2 0 0 0 0 0 0 0 0 0 0 0 0 0 0 0 0 0 0 0 0 0 0 0 2 0 0 0 0 0 41 10 24 10 0 23 3 64 17 11 17 0 27 0 12 13 2 0 0 0 18 0 0 0 0 0 0 8 0 0 0 0 0 9 0 0 0 0 0 0 0 0 0 0 0 2 0 2 0 0 0 0 0 0 0 0 0 0 0 0 0 0 0 0 0 0 0 0 2 0 0 0 0 0 0 0 2 0 0 0 7 0 0 0 3 96 1 4 4 0 15 0 0 0 0 0 0 24 0 0 0 0 0 0 0 0 0 0 2 0 0 0 0 0 3 74 0 0 0 0 0 0 0 0 0 0 0 0 0 
 128 124 322 182 62 55 254 397 414 298 43 54 95 160 74 32 55 45 0 331 0 0 2 7 0 0 0 2 0 2 5 78 0 0 3 0 0 5 0 21 0 0 1 2 0 2 0 2 3 0 0 0 0 0 0 0 3 32 0 0 0 0 4 0 0 0 0 0 1 2 0 8 0 0 0 1 3 2 2 2 41 9 0 19 10 0 40 28 9 7 0 0 47 9 0 0 22 33 37 11 0 0 0 0 0 1 1 0 0 0 0 0 0 0 0 0 0 0 0 0 0 0 0 7 0 0 0 3 0 0 0 0 0 0 0 0 0 0 0 0 0 0 1 0 0 3 0 0 1 0 0 1 0 0 0 0 0 0 0 0 15 17 6 7 10 0 35 6 1 11 0 0 5 29 10 0 0 28 15 41 0 0 0 0 0 0 0 0 0 0 0 0 1 0 19 0 0 0 1 0 0 0 0 0 0 0 0 0 0 0 0 0 0 0 0 0 0 0 0 0 0 0 0 0 0 0 0 0 0 0 0 0 0 0 0 0 0 0 0 0 0 0 0 0 0 50 91 0 0 0 0 2 0 0 0 0 0 0 0 0 0 0 0 0 0 0 0 0 0 0 0 0 0 0 0 0 1 9 0 0 0 0 0 0 0 0 0 0 0 0 
 120 50 138 54 289 266 320 288 369 72 48 49 170 262 94 64 48 142 331 0 0 0 1 0 0 2 0 0 1 2 1 3 0 32 0 1 0 3 0 0 0 0 0 0 0 0 0 3 3 0 0 0 0 0 0 0 3 0 0 0 0 0 0 0 0 0 0 1 0 0 0 0 0 0 0 0 3 2 0 1 35 14 11 2 2 0 0 32 9 0 23 0 9 11 26 13 12 11 10 0 0 0 0 2 0 0 0 0 0 0 0 0 0 0 0 0 0 0 0 0 1 0 0 1 0 0 0 0 0 0 0 0 0 0 0 0 0 0 0 0 0 0 0 0 2 0 0 0 58 5 0 0 0 0 0 0 0 0 0 0 23 0 0 11 0 0 11 10 19 14 11 0 10 0 0 1 0 15 23 14 0 0 0 0 0 0 0 0 0 0 0 0 0 0 16 0 0 0 0 0 0 0 0 0 0 0 0 0 0 0 0 0 0 0 0 0 0 0 0 0 0 0 0 0 0 0 0 0 0 0 0 0 0 11 1 0 0 0 0 0 0 0 0 0 0 3 4 2 1 0 0 16 0 0 0 0 0 0 0 0 0 0 0 0 0 0 0 0 0 0 0 0 0 0 0 0 22 0 0 0 0 0 0 0 0 0 0 0 0 0 
 0 0 0 1 0 80 2 0 0 3 0 0 0 0 0 0 2 1 0 0 0 115 187 43 208 38 360 119 214 59 301 114 361 167 154 142 252 109 276 138 0 5 3 7 0 4 5 5 3 3 0 0 2 5 3 3 8 0 65 2 5 3 2 3 6 0 3 2 0 7 3 0 9 6 0 5 0 1 1 3 2 2 54 0 10 18 0 0 0 0 10 10 0 0 0 0 0 0 0 0 22 17 0 2 9 4 0 21 0 10 0 13 1 0 16 0 0 8 0 0 0 3 0 0 0 0 0 3 1 0 0 0 0 0 0 0 0 0 1 0 0 0 0 0 0 0 0 0 0 0 0 0 0 0 0 0 0 0 0 0 2 0 0 14 19 0 0 2 0 0 0 3 0 0 0 0 0 0 0 0 7 20 5 16 68 14 0 28 20 0 21 21 9 41 18 20 7 10 0 0 1 0 0 0 0 0 23 0 0 0 0 0 10 0 2 0 0 0 30 0 0 0 0 0 0 2 0 0 0 0 0 0 0 0 0 0 0 0 0 0 0 0 0 0 0 0 0 0 0 0 0 0 0 2 8 0 0 41 76 0 0 0 11 0 0 2 17 0 0 0 0 0 0 0 1 0 0 0 0 0 0 0 0 0 0 0 3 0 0 0 
 0 0 0 74 73 0 0 0 0 0 0 0 0 34 0 0 0 0 0 0 115 0 186 126 404 96 176 271 540 35 392 386 211 221 155 46 222 101 327 138 0 3 0 0 0 3 0 13 0 0 0 0 31 30 0 0 4 2 61 65 0 4 2 3 0 0 0 0 0 4 2 0 0 4 0 3 0 0 0 3 0 0 0 0 3 0 0 0 0 0 0 15 7 0 0 0 0 0 0 0 0 1 33 15 0 0 6 16 23 7 15 1 35 0 26 16 52 24 12 8 0 0 0 0 0 2 0 0 0 0 0 0 0 21 0 0 0 0 0 1 6 0 0 0 0 0 0 0 13 7 0 0 0 0 0 0 0 0 0 0 7 0 0 0 0 0 2 0 0 0 0 4 0 0 0 0 0 0 0 0 11 34 9 28 10 31 21 18 37 23 12 0 19 0 8 27 0 33 0 0 1 0 1 0 0 0 9 1 0 0 0 0 0 0 0 0 0 0 19 0 0 0 0 0 0 0 0 0 0 0 2 0 0 0 0 0 0 0 0 0 0 0 20 0 0 0 0 0 0 0 0 0 0 0 9 0 2 2 80 2 2 0 0 0 0 0 0 0 0 0 0 2 0 0 0 0 0 0 0 0 0 4 0 1 0 0 0 0 0 0 
 1 2 2 2 1 4 2 2 0 1 1 1 4 1 1 1 0 0 2 1 187 186 0 310 114 26 177 180 117 357 71 44 96 161 206 240 242 216 26 39 0 3 0 0 0 64 0 35 0 0 4 0 28 2 4 0 2 0 70 0 0 0 6 3 0 0 0 0 8 2 0 6 0 0 0 51 8 0 0 3 0 0 17 2 0 0 0 0 0 0 0 0 0 0 0 0 0 0 0 0 7 13 11 17 10 16 0 52 45 22 50 21 0 0 9 0 0 32 0 0 16 0 0 2 0 0 0 0 9 2 0 0 17 2 0 0 0 0 11 0 1 0 20 0 1 0 0 0 0 0 1 0 0 1 0 7 0 0 0 0 0 0 0 0 0 0 0 0 0 0 0 0 0 0 0 0 0 0 0 0 8 0 22 14 34 21 33 0 0 36 32 49 0 67 7 0 9 14 9 0 0 0 0 2 0 0 14 0 0 0 0 0 14 23 4 0 1 0 8 10 0 0 1 0 0 0 0 3 0 0 0 0 0 0 0 0 24 0 0 0 0 0 30 0 0 0 0 0 0 0 0 0 0 0 1 0 0 0 7 0 2 12 0 0 0 0 1 0 0 0 0 0 0 0 0 0 0 0 0 0 0 7 0 0 0 0 0 0 0 0 
 0 2 0 0 0 0 0 0 0 81 0 0 0 0 0 3 1 0 7 0 43 126 310 0 218 221 120 104 149 217 134 266 92 60 74 135 122 164 79 286 0 3 0 0 0 3 1 6 0 0 0 0 32 25 64 2 14 88 64 136 0 0 2 3 0 6 0 0 0 2 0 5 0 0 0 3 0 0 0 3 0 0 0 0 0 0 0 0 0 18 0 0 0 0 0 0 0 2 0 0 0 19 20 30 0 9 0 0 0 29 5 17 0 0 14 0 20 9 0 0 14 0 11 0 0 0 32 12 20 0 1 0 2 15 0 15 0 0 11 52 0 0 0 0 1 0 0 0 0 0 0 0 0 1 0 6 0 0 0 0 0 0 0 0 0 0 5 0 0 0 0 0 0 7 0 0 0 10 0 0 0 2 1 37 0 0 1 0 0 0 1 31 0 14 0 0 22 0 0 0 0 9 0 0 0 0 38 1 5 11 0 0 33 27 17 0 1 0 22 0 0 0 0 0 1 0 0 0 0 0 3 0 0 0 0 0 0 2 0 0 0 1 0 0 0 0 0 0 0 0 0 0 0 2 8 0 0 2 77 2 0 22 0 0 0 0 0 0 0 0 0 0 0 0 0 0 0 0 0 0 0 0 0 0 0 0 0 0 0 0 
 5 0 3 0 0 0 0 0 0 3 0 0 0 0 0 3 0 0 0 0 208 404 114 218 0 72 69 117 110 256 449 269 146 210 248 161 120 144 284 87 1 3 0 0 0 2 0 4 0 0 0 0 0 2 0 0 3 0 2 12 0 0 2 3 3 0 0 0 3 2 0 0 0 0 0 3 4 0 0 3 0 0 0 0 0 0 0 0 0 0 0 0 0 0 0 0 0 0 0 0 12 0 15 21 31 3 0 49 0 0 12 16 0 15 22 0 8 15 0 0 0 0 0 0 0 0 10 0 0 0 0 0 0 9 0 0 0 0 0 10 0 0 0 0 0 0 0 0 0 0 1 0 0 0 0 0 0 0 0 0 0 0 0 2 0 0 0 20 0 0 0 0 0 0 0 3 0 0 0 0 24 0 1 24 35 24 33 12 11 12 13 25 0 13 10 6 27 24 0 0 34 0 0 0 0 0 1 10 0 0 0 0 0 0 0 5 0 0 20 10 0 0 0 0 0 0 0 0 2 0 0 11 0 0 0 0 0 0 2 0 0 0 13 0 0 0 0 0 0 0 0 0 0 0 19 0 2 149 80 0 4 0 0 0 0 0 9 0 0 0 0 0 0 0 0 0 0 0 0 0 0 8 0 0 0 0 6 0 0 0 
 0 0 0 0 0 0 0 0 0 0 0 2 78 0 2 0 0 0 0 2 38 96 26 221 72 0 30 32 287 514 78 416 32 40 46 69 124 128 54 251 45 122 1 0 2 5 61 55 8 0 0 45 128 69 0 0 2 98 3 136 3 1 2 3 0 0 0 0 0 26 0 0 0 0 0 3 3 0 0 3 0 0 0 0 0 0 0 16 0 0 0 0 0 10 0 0 0 0 0 0 0 0 6 0 19 22 0 0 10 0 10 16 0 0 1 0 11 0 0 0 37 0 35 34 0 0 39 16 13 0 0 0 10 19 1 0 0 0 1 30 0 0 0 0 12 0 0 0 0 0 0 0 0 5 0 0 0 0 6 0 0 0 0 0 0 0 0 0 0 5 0 0 0 0 0 0 0 0 8 0 1 0 0 6 0 14 0 0 0 0 0 6 0 0 0 0 0 11 0 0 67 15 11 0 0 0 40 34 17 24 19 0 21 14 28 9 18 21 19 29 0 0 0 0 0 16 0 0 0 0 0 0 0 0 0 0 0 0 0 0 0 0 3 0 0 0 0 0 0 0 0 0 0 1 18 0 3 152 5 0 19 0 0 0 0 0 0 0 0 0 10 0 0 0 0 0 0 0 0 0 0 0 0 0 0 0 0 0 0 0 
 3 74 0 115 2 98 0 0 0 0 148 74 5 0 0 0 76 0 0 0 360 176 177 120 69 30 0 277 63 342 29 33 398 129 139 30 186 89 437 135 0 3 0 0 0 3 5 67 0 0 0 0 0 2 0 33 2 0 0 0 0 0 2 3 0 0 0 0 0 2 0 0 0 0 0 1 0 0 32 3 0 0 0 1 27 17 0 0 0 0 4 8 0 0 18 0 0 0 0 0 20 23 27 0 1 0 21 34 16 0 0 0 22 18 15 25 73 10 12 8 0 0 0 2 0 0 0 0 0 0 0 0 0 0 0 0 0 0 2 0 30 0 0 0 0 0 0 0 0 0 2 0 0 0 0 0 0 0 0 0 0 0 14 0 0 0 0 0 0 0 0 26 0 0 0 0 0 0 0 0 33 10 27 0 0 0 29 36 13 25 0 0 0 13 0 11 0 11 28 19 0 0 0 2 0 0 1 0 0 0 0 0 0 0 0 0 0 0 0 0 0 0 0 0 0 0 0 0 0 0 0 0 0 0 0 0 0 0 0 0 0 0 0 0 0 0 1 0 0 84 0 0 0 0 4 0 0 0 0 10 0 2 19 0 0 0 0 0 0 0 0 0 0 0 0 0 0 0 0 10 0 0 0 0 0 0 0 0 0 0 
 4 0 2 93 74 74 0 0 0 1 19 23 5 0 2 2 72 0 2 0 119 271 180 104 117 32 277 0 206 58 111 330 175 224 158 78 197 104 62 66 0 11 5 3 2 4 2 6 0 3 94 3 0 2 0 12 0 9 62 4 0 13 2 15 3 1 3 0 0 10 0 5 2 35 3 3 0 0 0 7 0 0 1 0 5 0 0 0 0 9 0 23 0 0 0 0 0 0 0 0 0 54 0 0 0 8 12 1 33 29 0 0 48 12 34 43 11 0 20 18 1 0 0 0 0 0 0 0 0 0 0 0 0 0 0 0 0 0 7 0 7 0 0 0 0 0 0 10 0 0 0 0 0 0 0 0 0 0 0 0 0 1 0 0 0 0 0 0 20 0 0 5 0 0 0 0 0 0 0 0 0 49 19 0 5 0 45 36 41 23 13 18 26 0 20 5 1 34 12 10 0 0 0 0 0 0 17 0 0 0 0 0 0 2 0 0 0 2 14 0 0 0 0 0 17 0 0 0 0 0 0 0 0 0 0 0 0 0 0 0 0 0 0 0 0 0 0 0 0 60 0 0 0 0 10 0 1 0 0 2 85 0 0 0 0 0 0 0 0 0 0 0 0 0 1 0 0 0 0 0 0 0 0 0 2 0 0 0 0 0 
 0 0 0 0 0 0 0 1 0 0 0 0 5 0 0 2 0 0 0 1 214 540 117 149 110 287 63 206 0 277 56 84 94 371 96 285 351 237 189 330 0 3 0 0 0 3 0 11 0 0 0 0 26 2 0 0 2 0 20 0 0 38 2 3 12 0 0 0 0 4 3 0 0 5 0 3 0 0 0 3 0 0 0 0 0 0 0 0 0 0 0 0 0 0 0 0 0 0 0 0 16 47 8 35 0 6 0 25 18 33 18 0 9 0 22 0 18 7 2 0 0 0 0 0 0 0 0 0 0 0 0 0 0 2 0 0 11 0 12 0 0 6 0 0 22 0 0 0 0 0 0 0 0 1 0 6 0 0 1 0 0 2 0 0 0 9 0 0 57 0 0 0 0 0 0 0 0 0 0 0 9 38 16 11 26 16 10 35 0 0 0 23 8 16 12 29 17 28 0 0 0 0 0 0 0 0 64 0 0 0 0 0 12 26 3 0 3 1 22 0 0 0 0 0 0 0 0 0 0 0 0 0 0 0 0 0 0 0 0 0 0 0 23 0 0 0 0 0 0 0 0 0 0 0 9 0 2 76 2 0 3 11 3 0 0 0 2 0 0 0 0 0 0 0 0 0 0 0 0 0 0 9 0 0 0 0 7 0 0 0 
 2 2 2 2 2 2 2 3 3 2 2 4 4 2 2 5 3 3 2 2 59 35 357 217 256 514 342 58 277 0 246 143 28 68 95 245 143 138 95 121 65 3 0 2 0 2 62 3 62 0 3 0 96 2 0 3 66 0 0 63 0 2 2 3 25 0 0 0 8 38 3 0 0 6 0 2 0 0 0 3 0 0 1 0 0 0 0 0 0 0 0 0 0 0 0 0 0 0 0 0 19 10 20 17 0 1 0 1 14 23 26 16 0 0 0 2 19 9 2 0 2 19 0 0 1 0 26 0 8 0 0 0 8 1 0 10 13 0 8 36 0 0 0 0 0 0 0 0 0 0 0 0 0 0 0 4 0 0 0 0 0 0 0 0 0 0 0 0 0 5 0 0 0 7 0 0 0 0 0 0 0 0 11 53 0 0 0 24 0 0 7 22 11 41 1 12 25 18 0 0 19 0 0 0 0 0 29 23 0 11 0 0 11 28 9 0 2 0 5 0 0 0 0 0 0 0 0 0 0 0 0 0 0 0 0 10 0 0 0 0 0 0 0 0 0 0 0 0 2 0 0 0 1 0 11 2 2 47 3 2 22 7 0 0 0 2 18 0 0 0 0 0 0 0 0 0 0 0 0 0 0 0 0 0 0 10 7 0 0 0 
 0 0 2 1 0 0 0 0 0 0 0 0 0 0 0 2 0 0 5 1 301 392 71 134 449 78 29 111 56 246 0 220 247 30 63 164 237 320 244 53 0 3 0 0 0 3 64 4 0 0 0 0 1 2 0 0 2 0 33 0 35 0 2 3 5 0 0 2 0 6 3 5 0 1 0 2 0 0 0 3 0 0 0 0 0 0 0 0 0 0 0 0 0 0 12 0 0 0 0 0 12 12 11 30 16 9 0 38 0 9 1 7 9 0 22 0 14 2 0 0 20 14 0 1 0 0 0 0 13 0 0 0 13 23 0 13 0 0 0 11 0 13 0 0 2 0 0 0 0 20 0 5 0 2 9 1 0 0 0 0 0 0 0 2 0 0 0 0 0 0 0 0 0 0 0 0 6 0 0 0 0 13 9 29 34 22 11 12 2 0 16 2 8 8 19 20 35 9 0 8 10 8 0 0 0 0 14 1 0 11 0 0 8 24 2 8 1 0 12 0 0 0 0 0 14 0 0 0 2 0 0 0 0 0 0 0 0 0 2 0 0 0 0 0 0 0 0 0 0 0 0 0 0 0 10 2 6 146 2 1 2 19 0 0 0 0 0 0 0 0 0 0 0 0 0 0 0 0 0 0 0 1 0 0 0 0 7 0 0 0 
 4 0 0 0 1 3 0 1 0 0 0 3 8 0 6 0 0 0 78 3 114 386 44 266 269 416 33 330 84 143 220 0 41 78 34 188 220 313 225 41 1 15 0 0 0 211 113 6 0 0 0 0 69 64 0 0 1 22 60 35 0 0 2 3 0 0 0 9 0 2 0 0 0 0 0 2 1 0 0 3 0 0 0 0 0 6 0 0 0 0 0 0 0 0 0 0 0 0 0 0 0 9 0 14 18 34 0 0 0 27 24 14 0 0 12 0 1 0 0 0 34 12 9 16 1 0 11 34 1 2 0 0 12 9 0 0 0 0 25 2 0 0 0 0 5 0 0 0 13 0 0 0 0 0 0 5 0 0 0 0 0 0 0 0 0 0 1 0 0 5 0 0 0 2 0 0 0 3 0 0 0 18 11 0 23 62 0 0 0 0 9 27 0 0 0 20 12 0 13 0 25 21 0 0 0 0 31 0 13 30 0 0 47 29 35 0 0 2 24 15 0 0 0 0 0 0 0 0 0 0 0 0 0 0 0 0 0 0 0 0 0 0 0 0 0 74 0 0 0 0 0 0 0 0 7 2 2 61 0 2 24 7 0 0 0 0 0 0 0 0 0 0 0 0 0 0 0 0 0 0 0 0 0 0 0 0 0 0 0 0 
 1 0 2 0 89 80 2 0 0 1 0 0 0 0 22 0 0 0 0 0 361 211 96 92 146 32 398 175 94 28 247 41 0 105 99 42 375 313 114 137 0 2 0 0 0 5 0 3 0 0 0 63 0 2 0 0 64 0 0 0 0 14 2 3 0 0 0 0 0 7 0 0 0 7 0 3 0 0 0 3 0 0 0 0 22 0 0 0 0 0 0 10 0 0 0 0 0 0 0 0 1 16 0 1 8 2 27 10 19 17 4 0 22 0 18 29 14 0 21 12 0 0 0 0 0 22 0 0 0 0 0 0 0 0 0 0 0 9 0 0 7 0 0 0 0 0 0 43 0 0 1 0 1 0 0 0 0 0 0 0 0 0 0 14 23 0 0 0 0 0 2 10 0 0 0 0 0 0 0 0 0 36 10 25 0 0 19 44 54 20 27 19 13 22 39 17 1 10 0 20 13 0 0 0 0 0 0 0 0 0 0 0 0 0 0 0 0 0 1 0 0 0 0 0 0 0 0 13 2 0 0 0 0 0 0 0 0 0 1 0 0 0 2 0 9 0 0 0 0 0 0 0 0 0 17 0 0 0 2 0 0 0 0 0 0 0 0 0 0 0 0 0 0 0 0 0 0 0 0 12 0 0 0 8 0 0 0 0 0 0 
 0 0 0 0 0 0 75 0 0 0 0 2 0 0 0 0 0 0 0 32 167 221 161 60 210 40 129 224 371 68 30 78 105 0 246 29 375 122 305 177 1 3 0 0 3 2 2 20 0 0 0 0 0 2 0 0 2 0 0 2 0 8 2 5 0 0 3 0 0 9 0 0 2 15 0 1 0 0 1 3 0 0 0 0 0 0 0 0 0 0 19 0 0 0 0 0 0 0 0 0 10 26 0 0 0 0 20 42 40 10 14 16 9 10 38 20 0 12 20 8 0 0 0 0 0 2 0 0 0 0 0 0 0 10 0 0 0 0 1 0 0 0 0 18 0 0 0 0 0 0 10 0 0 0 0 0 0 0 0 0 0 0 0 0 0 0 2 0 0 0 0 0 0 0 0 0 0 0 0 0 15 25 0 41 30 30 34 10 36 14 18 0 0 4 29 9 5 31 0 8 21 0 1 0 0 0 1 0 0 0 0 0 0 0 0 0 0 0 9 0 0 1 0 0 0 0 0 0 0 0 2 0 0 0 0 0 0 0 0 0 0 0 18 0 0 0 0 0 0 0 0 0 0 0 11 0 0 0 50 0 1 1 0 0 0 0 0 0 0 0 0 2 0 0 0 0 0 0 0 10 0 17 0 1 0 0 0 0 0 0 
 2 2 0 0 60 0 0 0 0 2 0 0 6 0 0 0 1 1 3 0 154 155 206 74 248 46 139 158 96 95 63 34 99 246 0 162 51 217 71 151 0 3 0 0 0 81 0 3 0 0 4 1 0 4 4 0 2 3 77 0 0 0 2 3 2 0 0 0 7 2 0 6 0 0 0 47 6 0 0 3 0 0 0 0 9 0 0 0 0 0 0 9 0 0 0 0 0 2 0 0 13 0 1 0 8 20 16 25 20 0 14 0 12 13 0 10 24 28 0 8 0 0 0 0 0 0 0 0 0 0 0 0 20 0 16 0 0 0 0 0 2 0 0 0 0 0 0 0 0 0 0 0 0 0 0 0 0 22 0 0 0 0 0 0 0 10 0 0 0 0 0 6 0 2 0 0 0 0 0 0 0 16 37 15 19 31 54 12 7 43 43 31 9 20 7 0 0 0 12 8 0 0 0 0 0 0 0 0 0 1 0 14 0 0 0 0 0 0 0 1 0 0 0 0 0 0 0 0 0 0 0 0 0 0 0 0 0 0 0 0 0 0 0 0 0 0 0 0 0 0 0 0 0 0 5 0 0 1 3 0 4 0 0 0 0 0 18 0 0 0 0 0 0 0 0 0 0 0 0 0 0 0 0 0 0 0 0 0 0 0 
 5 0 0 0 0 0 0 0 0 2 0 2 1 0 0 0 0 2 0 1 142 46 240 135 161 69 30 78 285 245 164 188 42 29 162 0 86 106 36 299 0 3 0 0 0 4 0 3 0 0 0 0 125 2 0 0 2 0 87 0 0 0 2 3 0 0 3 0 4 2 0 0 0 2 0 2 4 0 0 3 0 0 0 0 0 0 0 0 0 0 0 0 1 0 0 0 0 0 0 0 0 24 9 13 0 14 0 0 12 11 34 17 0 0 15 0 2 24 0 0 25 3 0 0 0 0 0 0 15 0 0 0 10 18 0 15 0 0 28 10 0 0 9 0 23 0 0 0 0 0 0 0 0 0 0 3 0 0 0 0 0 0 0 0 0 0 0 0 0 5 0 0 0 0 0 0 0 0 0 0 0 10 25 10 20 8 0 0 16 12 28 76 0 8 1 8 19 0 0 0 9 0 0 0 0 0 42 10 0 0 0 0 11 14 7 0 0 0 28 9 0 0 0 0 0 0 0 0 0 0 0 0 0 0 0 0 0 0 0 0 0 0 0 0 0 1 1 0 0 0 0 0 0 0 20 0 1 0 75 0 18 0 0 0 0 0 0 0 0 0 0 0 0 0 0 0 0 0 0 0 0 1 0 0 0 0 0 0 0 0 
 0 0 3 0 0 147 65 0 2 3 0 0 0 0 0 0 0 0 0 0 252 222 242 122 120 124 186 197 351 143 237 220 375 375 51 86 0 146 146 38 0 4 4 0 1 3 1 10 0 6 0 0 61 2 0 0 0 0 63 70 0 12 2 4 0 1 4 0 0 2 1 1 0 0 4 3 0 2 0 7 0 0 0 0 0 0 0 0 0 0 0 23 0 0 0 0 0 0 0 0 0 43 47 13 0 0 0 1 34 25 23 0 26 18 45 35 52 21 21 0 12 0 9 0 0 0 0 0 0 0 0 2 1 0 0 0 0 0 14 0 0 0 0 0 0 0 0 0 0 0 0 0 2 0 1 5 0 0 0 0 0 0 18 0 1 0 0 0 0 2 1 0 20 0 0 0 10 0 0 2 7 29 9 19 7 29 11 14 22 14 0 18 0 0 1 2 10 23 0 0 0 9 0 0 10 0 14 5 0 0 0 0 0 19 9 0 0 0 21 0 0 0 0 0 0 0 0 0 0 0 0 0 0 0 0 0 0 0 0 0 0 0 2 0 0 0 0 0 0 0 0 0 0 0 15 0 0 2 0 2 1 5 0 0 0 1 0 0 0 0 0 0 0 0 0 0 0 0 0 0 0 0 0 0 0 0 0 0 0 0 
 3 3 6 5 3 3 3 3 3 3 80 3 7 3 5 3 3 3 5 3 109 101 216 164 144 128 89 104 237 138 320 313 313 122 217 106 146 0 248 40 65 3 0 0 0 2 63 8 2 0 0 0 30 2 0 0 1 0 0 62 0 0 2 3 6 0 0 0 5 2 2 0 0 1 0 3 16 0 0 3 0 0 0 0 0 0 0 0 0 0 17 0 0 0 0 0 0 0 0 0 13 29 58 35 12 2 0 32 8 22 40 35 14 0 13 12 19 18 0 0 0 0 0 0 0 0 17 0 0 0 0 0 0 0 0 38 0 0 9 17 0 0 0 0 0 0 0 0 0 0 0 0 0 0 0 4 0 0 0 0 0 0 0 0 0 0 0 0 0 11 0 0 0 0 0 0 0 0 0 0 7 0 4 18 29 10 6 18 0 21 20 10 0 28 0 10 34 30 0 0 10 0 0 0 0 0 19 15 0 0 0 0 13 38 9 0 0 0 8 15 0 0 0 0 0 0 0 0 0 0 0 0 0 0 0 0 0 0 0 0 0 0 0 0 0 0 0 0 0 0 0 0 0 0 10 2 1 87 0 2 0 13 0 0 0 0 11 0 0 0 0 0 0 0 0 0 0 0 0 0 0 0 0 0 0 17 11 0 0 0 
 3 81 2 5 77 231 1 0 150 7 125 87 2 0 76 75 77 0 0 0 276 327 26 79 284 54 437 62 189 95 244 225 114 305 71 36 146 248 0 275 6 3 0 0 0 1 6 66 0 0 0 53 0 2 0 0 1 0 0 0 0 0 2 3 0 0 0 0 0 2 0 1 5 0 0 2 0 0 0 3 0 0 0 39 18 22 0 0 1 34 29 81 0 1 0 14 15 5 0 0 11 13 32 0 2 0 9 0 17 0 0 10 40 40 0 0 19 20 15 10 0 0 0 2 0 0 0 0 0 0 0 0 0 0 0 0 0 0 0 0 0 0 0 0 0 11 0 0 0 0 2 0 0 0 4 0 0 0 0 0 1 10 15 34 42 48 0 0 29 28 11 1 0 0 0 0 15 0 0 0 13 0 0 0 0 0 0 30 2 14 0 0 27 33 27 2 0 15 20 0 0 0 0 2 0 0 1 0 0 0 0 0 8 0 0 0 0 0 0 0 0 0 1 0 0 0 0 0 0 0 0 0 0 0 0 0 0 0 0 0 0 0 0 0 0 0 0 0 75 62 30 0 1 0 15 0 2 0 0 2 2 1 11 0 0 1 0 0 0 0 0 0 0 0 0 35 0 0 0 0 0 0 0 0 0 0 0 0 0 0 
 5 0 0 0 78 109 0 0 75 80 2 3 0 0 0 0 0 0 21 0 138 138 39 286 87 251 135 66 330 121 53 41 137 177 151 299 38 40 275 0 0 3 0 1 0 65 0 3 0 0 0 0 0 2 0 0 0 39 0 1 0 0 3 3 0 0 0 0 0 2 0 0 0 0 0 2 0 0 0 4 0 0 0 0 2 9 0 0 0 0 22 11 0 0 0 0 0 0 0 0 0 13 24 0 0 0 21 12 0 0 0 0 57 59 12 16 18 34 0 1 0 0 0 0 0 0 0 8 0 0 0 0 0 0 0 0 0 0 10 0 0 0 0 0 0 0 0 0 0 0 10 0 0 0 0 0 0 0 0 0 0 0 7 10 40 19 0 0 0 0 0 19 0 0 0 0 0 0 0 0 39 12 2 10 0 0 0 15 10 57 9 0 19 28 15 21 0 14 13 56 0 0 0 0 0 0 0 0 0 0 0 0 0 0 2 0 0 0 0 0 0 0 0 0 0 0 0 0 0 2 0 0 0 0 0 0 0 0 0 0 0 0 0 0 0 0 0 0 0 75 0 0 0 0 6 0 2 0 0 0 2 0 16 0 0 0 0 0 0 0 0 0 0 0 0 6 0 0 0 0 0 18 0 0 0 0 0 0 0 0 
 0 0 0 5 0 0 2 0 7 3 0 0 0 0 0 0 0 0 0 0 0 0 0 0 1 45 0 0 0 65 0 1 0 1 0 0 0 65 6 0 0 108 190 51 21 117 88 56 164 111 34 32 50 40 150 148 33 29 45 120 56 2 0 0 0 0 4 4 0 27 0 0 0 17 3 0 0 0 6 0 0 0 0 0 0 0 8 0 0 0 3 0 0 0 0 0 0 0 0 0 0 0 2 2 11 0 0 0 0 0 0 6 0 0 1 0 2 0 0 0 0 25 0 10 9 18 34 9 0 1 34 50 5 1 22 19 0 28 8 12 14 0 4 0 0 0 0 3 9 25 0 2 14 3 7 0 0 0 0 0 0 0 0 0 0 0 2 0 0 0 0 0 0 1 0 0 0 0 0 0 0 0 0 1 11 3 0 0 0 0 0 0 0 0 0 0 0 17 0 0 12 7 1 39 24 4 0 23 0 0 8 0 0 15 0 13 32 9 0 8 9 0 0 0 0 0 3 6 9 1 0 0 3 0 0 7 3 0 20 10 0 0 0 0 0 0 0 0 0 0 0 19 0 0 0 0 0 66 0 0 0 0 0 1 2 0 3 0 0 0 56 0 0 0 0 0 0 0 0 0 0 0 0 0 0 16 0 0 2 0 
 3 0 0 0 0 0 0 64 0 0 65 0 0 0 0 0 0 0 0 0 5 3 3 3 3 122 3 11 3 3 3 15 2 3 3 3 4 3 3 3 108 0 270 70 55 147 107 175 121 261 50 102 56 118 250 184 123 61 58 401 0 0 0 0 0 0 0 0 0 0 0 0 0 0 0 0 0 0 0 7 0 0 0 0 0 0 0 0 0 0 0 0 0 0 0 0 0 0 0 0 0 0 0 0 7 11 0 0 0 0 0 3 0 0 0 0 0 1 0 0 3 0 37 18 24 13 22 61 14 20 0 0 28 1 18 0 1 43 12 11 19 0 0 0 7 0 0 0 0 0 0 14 8 9 21 0 0 0 20 12 0 0 0 0 0 0 1 0 0 0 0 0 0 0 0 0 0 0 0 0 0 0 0 0 8 8 0 0 0 0 0 0 0 0 0 0 0 0 0 0 7 22 2 23 17 1 4 4 39 2 28 0 2 0 14 36 31 20 0 28 0 0 0 0 0 0 9 8 0 0 0 0 0 0 0 0 0 0 0 19 0 0 0 0 0 0 0 0 0 0 0 9 0 1 0 0 0 1 0 0 0 0 2 1 66 0 2 69 0 0 12 0 0 0 0 0 0 0 0 0 0 0 0 0 0 14 0 9 0 0 
 5 0 0 0 0 0 0 0 0 0 0 0 0 0 0 0 0 0 1 0 3 0 0 0 0 1 0 5 0 0 0 0 0 0 0 0 4 0 0 0 190 270 0 358 45 60 91 181 280 214 57 35 121 122 267 130 49 63 159 99 18 7 0 0 0 0 4 9 0 0 0 0 0 8 2 2 2 1 11 2 0 0 0 0 0 0 0 0 0 13 0 0 0 0 0 0 0 0 0 0 0 0 0 0 26 0 0 0 0 0 0 0 0 0 0 0 0 0 23 0 13 27 0 43 15 8 21 16 0 0 29 35 10 15 25 60 0 14 3 1 9 0 4 0 0 22 2 0 0 5 4 4 11 9 9 0 0 1 1 0 0 0 0 0 0 0 21 0 0 0 0 0 1 0 0 0 0 0 0 0 0 0 0 0 23 0 0 0 0 0 0 0 0 0 0 0 0 0 0 0 26 19 0 11 11 26 0 17 0 0 42 1 7 16 0 13 9 16 0 31 13 0 0 0 0 0 11 10 6 7 0 0 0 0 2 14 8 0 3 13 0 0 0 0 0 2 0 0 0 0 0 1 0 2 0 0 0 0 0 2 0 0 0 34 0 2 9 0 0 0 23 0 0 0 0 0 0 0 0 0 0 0 0 0 0 1 0 0 0 0 
 0 0 0 0 2 0 0 2 0 1 0 0 4 0 0 53 0 0 2 0 7 0 0 0 0 0 0 3 0 2 0 0 0 0 0 0 0 0 0 1 51 70 358 0 78 102 156 81 60 151 64 85 56 72 134 144 33 109 95 62 0 3 0 0 0 0 0 52 0 0 0 0 55 3 0 0 0 0 49 9 0 0 0 0 0 0 0 0 0 0 0 0 0 0 0 0 0 0 0 0 0 0 0 0 0 0 0 0 0 0 0 0 0 0 0 0 0 0 0 0 0 0 0 0 3 12 0 0 14 15 10 5 0 0 7 0 26 8 0 0 19 15 9 0 0 16 7 0 2 0 0 1 0 13 21 0 0 0 0 0 0 0 0 0 0 0 0 0 0 0 2 0 4 0 6 0 0 0 0 0 0 0 0 0 16 0 0 0 0 0 0 0 3 0 0 0 0 0 0 0 0 14 0 22 19 0 0 0 0 13 19 21 0 0 11 0 0 19 0 0 17 14 21 0 0 0 22 18 13 0 0 0 38 0 0 19 0 0 2 19 0 0 0 0 0 0 0 0 0 0 0 16 0 0 0 0 0 0 0 11 0 0 63 4 0 16 0 69 0 0 0 0 0 0 0 0 0 0 0 0 0 0 0 0 14 14 0 0 0 0 
 5 0 0 0 0 0 65 0 0 2 2 0 0 0 0 3 0 0 0 0 0 0 0 0 0 2 0 2 0 0 0 0 0 3 0 0 1 0 0 0 21 55 45 78 0 226 55 59 71 88 245 56 121 90 132 83 86 166 72 97 111 5 7 4 26 3 35 152 4 68 54 0 133 4 4 1 1 0 50 6 0 0 0 0 0 0 0 0 0 0 0 0 2 0 0 0 0 0 0 0 0 0 0 0 0 0 0 0 0 0 0 0 0 0 0 0 0 0 0 0 0 0 0 17 1 0 0 0 0 0 0 0 0 16 0 0 9 16 0 0 24 0 19 9 7 5 0 0 0 1 0 0 9 10 6 3 12 11 6 23 0 0 4 0 0 0 0 0 0 0 9 1 0 0 0 0 0 0 0 1 0 0 0 0 0 0 0 0 0 0 0 0 0 0 0 0 0 0 0 0 0 10 0 10 0 0 0 0 13 0 17 11 0 0 0 11 0 19 0 0 16 10 25 7 0 0 16 26 0 0 6 0 9 0 10 7 0 5 14 25 0 0 24 0 0 0 0 0 0 0 0 10 1 0 0 0 0 2 0 1 2 0 77 0 66 0 0 1 0 0 6 0 0 0 0 0 0 0 0 0 0 0 0 0 20 10 0 1 1 0 
 3 0 0 0 0 3 0 1 0 1 0 0 4 0 0 66 0 0 2 0 4 3 64 3 2 5 3 4 3 2 3 211 5 2 81 4 3 2 1 65 117 147 60 102 226 0 24 22 37 62 111 89 51 110 69 68 164 146 44 95 6 7 0 0 0 0 1 16 2 0 0 0 55 8 2 4 2 1 13 39 0 0 0 0 0 11 0 0 0 0 1 0 0 0 0 0 0 0 0 0 12 0 0 0 0 0 0 16 0 0 0 0 0 15 0 11 0 1 0 0 0 0 43 0 0 6 0 0 31 9 0 0 0 0 0 7 19 1 0 0 107 0 44 5 0 0 27 0 0 9 5 4 27 7 8 0 0 25 1 25 2 0 21 0 10 0 0 0 0 0 0 6 0 0 2 0 0 0 0 0 0 0 0 0 0 0 8 0 0 11 0 0 0 0 17 0 0 0 0 0 0 14 0 5 17 5 0 2 0 19 45 35 0 0 0 0 0 0 0 0 17 0 20 0 0 0 14 45 21 3 4 0 22 12 2 16 6 0 16 87 0 0 0 0 0 0 0 0 0 0 0 2 0 0 1 0 2 0 0 19 0 0 0 4 1 2 20 0 0 0 36 0 0 0 0 0 0 0 0 0 0 0 0 0 11 13 0 0 1 2 
 0 2 0 0 1 1 0 0 0 0 5 2 0 0 0 0 0 0 0 0 5 0 0 1 0 61 5 2 0 62 64 113 0 2 0 0 1 63 6 0 88 107 91 156 55 24 0 157 66 105 258 60 159 66 30 45 15 106 83 628 0 0 0 0 0 0 0 7 203 0 0 0 0 0 0 0 0 0 0 0 0 0 0 0 0 5 0 0 0 0 11 7 0 0 37 0 0 0 0 0 25 0 0 0 13 7 9 0 0 0 0 12 0 0 0 0 0 0 0 0 20 0 0 0 40 9 37 8 0 15 22 0 0 22 7 20 5 0 22 41 0 0 0 0 4 19 0 0 0 0 1 0 0 4 0 0 0 0 9 0 0 0 0 0 0 0 0 0 0 0 0 4 5 0 0 0 0 0 0 0 0 0 0 0 0 9 0 0 0 0 0 0 0 0 0 0 0 22 0 0 28 27 9 15 0 7 13 14 21 16 3 0 15 0 29 4 15 0 9 0 0 0 0 0 0 0 0 0 0 0 0 0 3 0 0 0 0 0 0 0 0 0 0 0 0 0 0 0 0 0 0 7 0 2 0 0 0 109 0 0 1 0 2 1 0 14 3 0 0 0 0 0 0 0 0 0 0 0 0 0 0 0 0 0 0 5 0 0 0 0 
 5 2 5 2 2 5 2 3 3 3 3 2 4 2 2 2 3 3 2 3 5 13 35 6 4 55 67 6 11 3 4 6 3 20 3 3 10 8 66 3 56 175 181 81 59 22 157 0 235 214 24 29 77 156 36 179 244 39 81 528 6 0 0 0 205 2 0 5 0 0 0 2 0 0 0 0 10 0 0 1 0 0 0 0 0 0 0 0 0 0 0 0 0 0 0 0 0 0 0 0 0 0 0 3 21 10 0 13 6 7 24 1 0 0 7 0 0 0 0 0 11 10 0 28 9 0 0 35 0 0 11 11 12 26 17 12 0 1 1 25 0 0 0 0 2 27 0 0 0 0 0 0 0 1 0 0 0 0 24 0 0 0 0 0 0 0 0 0 0 0 0 0 1 0 0 0 0 0 0 0 55 0 0 0 10 12 0 0 0 0 0 0 0 0 0 0 0 6 0 0 16 9 0 15 10 0 0 52 0 0 32 0 0 10 0 25 16 19 9 22 0 0 0 0 0 0 0 0 0 0 0 0 0 0 0 0 0 0 17 0 0 0 24 0 0 0 22 0 0 0 0 5 0 1 0 0 0 62 2 0 0 0 2 6 1 1 2 0 2 0 18 0 0 5 0 0 0 0 0 0 0 10 0 0 0 0 0 0 0 0 
 3 4 6 3 3 3 3 3 3 3 3 3 3 3 3 3 5 3 3 3 3 0 0 0 0 8 0 0 0 62 0 0 0 0 0 0 0 2 0 0 164 121 280 60 71 37 66 235 0 188 336 29 130 174 140 170 106 17 227 150 2 0 0 0 0 0 0 3 0 0 0 0 0 0 5 0 0 0 0 0 0 0 0 0 0 0 0 0 0 0 0 0 0 0 0 0 0 0 0 0 0 0 0 0 10 0 0 0 0 0 0 0 0 0 0 0 0 0 0 0 0 41 0 31 23 0 4 36 0 0 30 16 15 41 13 18 40 19 2 0 0 0 0 0 0 33 0 0 0 0 0 0 0 0 10 0 0 0 1 0 0 0 0 0 0 0 0 0 0 0 0 0 1 0 0 0 0 0 0 0 0 0 0 0 10 0 14 0 0 0 0 0 0 0 0 0 0 0 0 0 12 25 4 11 12 8 0 0 0 23 32 0 0 6 0 20 5 45 0 26 0 0 0 0 0 0 0 0 0 0 0 0 0 6 0 11 0 0 0 0 0 0 17 0 0 0 0 0 0 0 0 18 0 0 0 0 0 0 0 0 0 0 67 52 2 0 0 0 2 0 30 0 0 0 0 0 0 0 0 0 0 0 0 0 0 15 0 0 2 5 
 10 0 0 0 0 0 0 0 0 1 0 3 0 0 0 2 0 5 0 0 3 0 0 0 0 0 0 3 0 0 0 0 0 0 0 0 6 0 0 0 111 261 214 151 88 62 105 214 188 0 227 109 244 124 163 63 100 265 150 94 4 0 0 0 0 0 0 62 0 0 0 0 50 0 7 0 0 0 0 0 0 0 0 0 0 0 0 0 0 0 0 0 0 0 0 0 0 0 0 0 0 0 4 0 0 0 0 0 0 0 0 0 0 0 0 0 0 0 0 0 0 15 11 30 10 0 0 0 4 17 27 2 0 27 52 32 52 0 0 0 0 0 0 0 0 15 5 0 0 0 0 0 11 0 0 0 0 0 0 0 0 0 0 0 0 0 0 0 0 0 0 0 4 0 0 0 0 0 0 0 0 0 0 0 0 0 0 0 0 0 0 0 0 0 0 0 0 0 0 0 0 0 6 23 4 8 0 0 0 7 0 9 0 20 11 26 0 42 0 0 13 0 0 0 0 0 0 8 13 0 0 0 9 1 0 0 0 0 0 0 0 0 32 0 0 0 0 0 0 2 0 9 0 2 0 0 1 0 0 0 0 0 62 64 1 4 0 0 0 0 0 0 0 0 0 0 0 0 0 0 0 0 0 0 0 0 0 18 0 0 
 0 0 0 0 0 0 0 0 0 0 0 0 2 0 0 3 0 0 0 0 0 0 4 0 0 0 0 94 0 3 0 0 0 0 4 0 0 0 0 0 34 50 57 64 245 111 258 24 336 227 0 58 26 53 134 81 182 216 55 63 0 1 0 0 0 0 0 0 0 0 0 0 0 0 7 0 0 0 52 1 0 0 0 0 0 0 0 0 0 0 0 0 0 0 0 0 0 0 0 8 0 0 0 0 0 0 0 0 0 0 0 0 0 0 0 0 0 0 0 0 0 14 22 16 10 7 22 4 0 13 7 0 0 15 20 0 18 19 0 0 18 23 37 12 0 0 0 1 1 4 1 1 12 17 8 0 0 7 0 12 0 0 9 0 0 0 0 0 0 0 0 3 0 0 0 0 0 0 0 0 0 0 0 0 0 0 0 0 0 0 0 0 0 0 0 0 0 0 0 0 0 4 11 4 45 11 0 15 13 0 1 26 0 25 0 15 1 24 0 0 14 23 33 0 0 0 35 9 10 0 0 0 23 0 0 19 0 0 24 26 0 0 21 0 0 0 0 0 0 0 0 2 0 2 0 0 0 0 0 11 0 0 0 0 0 4 1 0 1 0 11 0 0 0 0 0 0 0 0 0 0 0 2 0 27 0 0 0 1 0 
 6 0 0 1 0 0 0 0 0 0 0 0 0 0 0 3 0 0 0 0 0 0 0 0 0 45 0 3 0 0 0 0 63 0 1 0 0 0 53 0 32 102 35 85 56 89 60 29 29 109 58 0 19 59 125 38 294 173 45 27 0 0 0 0 0 0 13 1 0 0 0 1 51 0 0 0 0 1 0 20 0 0 0 0 0 0 0 0 0 0 0 0 0 1 0 0 0 0 0 0 0 0 0 0 0 0 0 0 5 0 0 0 0 11 0 0 0 0 0 0 0 1 76 12 14 32 5 3 7 24 21 0 4 1 20 13 30 11 5 0 0 0 0 0 0 22 4 0 0 6 0 0 22 0 0 0 0 0 24 23 21 0 0 0 0 0 0 0 0 0 2 0 7 0 7 0 0 0 0 0 0 0 0 0 0 0 0 0 0 0 0 0 0 0 0 0 0 0 0 0 11 11 4 42 18 27 3 11 29 24 6 8 13 5 14 12 0 11 0 0 8 0 0 0 0 0 0 24 0 15 0 0 9 5 1 0 0 0 0 14 0 0 0 0 0 0 0 0 0 0 0 19 0 1 0 0 0 0 0 3 0 1 0 1 0 11 0 3 0 0 0 0 0 0 0 0 0 0 0 0 0 1 1 0 0 0 0 10 1 0 
 0 27 0 2 0 0 0 0 0 0 0 0 0 0 0 0 0 0 0 0 2 31 28 32 0 128 0 0 26 96 1 69 0 0 0 125 61 30 0 0 50 56 121 56 121 51 159 77 130 244 26 19 0 127 26 46 35 45 103 265 8 0 0 0 0 0 0 5 9 0 1 8 0 0 0 0 0 8 0 0 0 0 0 0 0 0 0 0 0 0 0 0 0 0 0 0 0 0 0 0 0 8 0 15 7 10 0 0 0 27 18 0 0 0 0 0 0 0 0 0 11 9 0 0 17 0 0 9 1 15 4 17 10 9 0 1 0 0 24 0 0 0 0 0 1 0 0 0 0 0 0 0 0 1 0 24 0 0 0 0 6 0 0 0 0 0 0 0 0 6 9 0 0 0 0 0 0 6 19 0 0 0 0 0 11 0 0 0 0 0 0 28 0 8 0 0 2 1 0 0 11 4 25 0 0 0 28 29 14 0 6 0 31 28 5 0 18 9 17 11 0 0 0 0 48 0 0 0 0 0 0 0 0 0 0 0 0 0 0 0 0 0 7 0 0 0 0 0 0 0 0 10 0 2 0 0 0 1 0 0 15 7 0 0 0 4 0 0 0 0 0 0 0 0 0 0 0 0 0 0 0 0 0 0 0 0 0 0 0 0 
 0 0 3 0 0 0 0 0 0 62 0 0 0 0 0 0 0 0 0 0 5 30 2 25 2 69 2 2 2 2 2 64 2 2 4 2 2 2 2 2 40 118 122 72 90 110 66 156 174 124 53 59 127 0 312 42 105 98 110 234 5 3 8 0 0 0 0 24 0 0 0 0 0 0 0 36 0 0 0 5 0 0 0 0 0 0 0 0 0 0 0 0 24 0 0 0 0 0 0 0 0 0 0 3 19 16 0 0 0 16 0 0 0 0 0 0 0 0 0 0 0 0 15 33 29 0 56 7 22 20 0 11 3 0 20 19 3 0 29 38 0 0 0 0 19 5 0 0 0 0 0 0 7 0 0 10 0 4 5 0 0 0 0 0 0 0 5 0 0 0 0 0 0 6 0 0 0 5 0 0 0 0 0 0 19 1 0 0 0 0 0 0 0 0 0 0 0 0 0 0 51 8 10 16 0 11 13 0 24 19 0 0 30 25 14 21 19 0 19 2 0 0 0 6 0 0 0 0 10 0 17 1 0 0 5 0 0 2 0 0 0 0 0 0 0 0 0 0 0 0 0 7 0 0 0 0 0 0 0 0 0 0 0 0 0 0 0 0 0 0 3 0 0 0 0 0 0 0 0 0 0 0 0 0 0 0 0 10 2 0 
 3 0 6 0 0 0 0 0 0 0 0 0 57 0 0 0 0 0 0 0 3 0 4 64 0 0 0 0 0 0 0 0 0 0 4 0 0 0 0 0 150 250 267 134 132 69 30 36 140 163 134 125 26 312 0 159 60 242 93 101 0 2 3 0 0 0 0 0 0 3 0 1 3 0 0 0 3 2 0 5 0 0 0 0 0 0 0 0 0 0 0 0 0 0 0 0 0 0 0 0 0 0 0 9 0 0 0 0 0 0 0 0 0 0 0 0 0 0 0 0 0 1 10 11 10 21 16 0 52 11 0 0 16 1 25 12 10 12 12 53 21 0 0 0 0 0 2 12 26 2 0 0 11 0 4 0 0 0 11 12 0 0 0 6 0 0 5 0 0 0 0 0 0 5 0 0 0 3 0 0 0 0 0 0 0 0 0 0 0 0 0 0 0 0 0 0 0 0 0 0 0 21 7 38 16 13 0 13 14 0 21 10 0 12 0 11 10 0 10 3 0 4 0 0 0 0 37 1 0 0 0 0 1 5 0 0 0 0 14 24 0 0 0 0 0 0 0 0 0 0 0 5 0 0 0 0 0 0 0 0 0 0 0 2 2 2 0 2 2 0 0 0 0 0 0 0 0 0 0 0 0 0 0 0 21 14 0 14 0 0 
 3 0 0 0 1 0 0 0 0 0 0 0 0 0 0 0 0 0 0 0 3 0 0 2 0 0 33 12 0 3 0 0 0 0 0 0 0 0 0 0 148 184 130 144 83 68 45 179 170 63 81 38 46 42 159 0 159 115 177 89 0 0 0 0 0 0 20 0 0 0 0 5 0 0 0 0 0 0 51 8 0 0 0 0 0 0 0 0 0 0 0 0 0 0 0 0 0 0 0 0 0 0 0 0 0 0 0 20 0 0 0 0 0 0 0 0 0 0 0 0 0 10 0 9 9 4 2 11 17 0 0 0 10 9 22 0 0 27 11 0 1 0 0 0 0 1 0 5 0 0 0 0 0 0 8 0 0 0 3 9 0 0 0 0 0 0 0 0 0 0 0 0 0 0 0 0 0 0 0 0 0 0 0 0 0 0 0 0 0 0 0 0 0 0 0 0 0 0 0 0 0 3 9 47 8 11 0 1 13 0 34 6 0 0 13 5 0 3 0 9 28 0 1 0 0 0 11 31 0 0 0 0 4 0 5 0 0 0 0 0 0 0 0 0 0 0 0 0 0 0 0 6 1 0 0 0 0 0 0 16 0 0 0 62 64 1 2 34 0 0 0 0 0 0 1 0 0 0 0 0 0 0 0 0 17 8 0 0 0 0 
 66 4 4 3 2 5 3 2 0 3 1 2 4 4 64 7 2 2 3 3 8 4 2 14 3 2 2 0 2 66 2 1 64 2 2 2 0 1 1 0 33 123 49 33 86 164 15 244 106 100 182 294 35 105 60 159 0 120 31 39 0 1 0 0 0 0 6 1 0 1 0 0 6 0 2 0 4 0 0 53 0 0 0 0 0 0 0 0 0 0 0 0 0 0 0 0 0 0 0 0 0 0 0 0 0 0 0 0 0 0 0 0 0 0 0 0 0 0 0 0 0 0 34 19 7 49 0 0 31 81 0 7 1 0 20 16 19 0 0 0 0 0 0 0 0 0 6 5 7 7 0 0 3 0 23 0 0 0 0 34 0 0 0 0 4 3 0 0 2 0 0 0 0 0 0 0 0 0 0 0 0 0 0 0 0 0 0 0 0 0 0 0 0 0 0 0 0 0 0 0 0 0 1 21 34 16 0 31 14 0 6 0 0 18 0 25 4 0 0 0 20 0 0 0 0 0 14 10 3 2 0 0 2 9 1 0 0 0 7 15 0 0 0 0 0 0 0 0 0 0 0 6 0 0 0 0 0 0 2 0 0 0 10 2 0 1 2 66 1 0 0 0 0 0 0 0 0 0 0 0 0 0 0 0 20 8 0 3 0 0 
 3 0 0 0 0 0 0 0 0 0 0 0 0 0 0 3 0 0 32 0 0 2 0 88 0 98 0 9 0 0 0 22 0 0 3 0 0 0 0 39 29 61 63 109 166 146 106 39 17 265 216 173 45 98 242 115 120 0 259 71 0 0 0 0 0 0 109 6 0 0 0 0 55 0 0 2 0 0 21 28 0 0 0 0 0 0 0 0 0 0 0 0 0 0 0 4 0 0 0 0 0 0 0 0 0 0 0 0 0 0 0 0 8 0 0 0 11 0 0 0 0 0 59 0 9 4 14 23 15 28 10 0 0 0 9 7 26 8 10 0 5 0 10 12 0 0 8 0 8 4 0 0 1 15 15 0 1 24 9 1 6 0 1 0 0 0 0 0 0 0 0 11 0 0 0 0 0 0 0 0 0 0 0 0 0 0 0 0 0 0 0 0 0 0 0 0 0 0 0 0 13 15 0 20 17 0 7 8 24 9 8 46 0 7 8 0 0 0 13 0 20 0 38 0 0 0 25 33 34 0 0 0 24 11 27 0 0 0 9 19 0 0 0 0 0 0 0 0 0 0 0 5 0 2 0 0 0 0 0 23 1 1 2 0 1 0 0 4 0 0 20 0 0 0 0 0 0 0 0 0 0 4 31 0 35 0 0 0 1 0 
 3 0 3 0 0 0 0 0 0 0 0 0 0 0 0 0 0 0 0 0 65 61 70 64 2 3 0 62 20 0 33 60 0 0 77 87 63 0 0 0 45 58 159 95 72 44 83 81 227 150 55 45 103 110 93 177 31 259 0 234 0 5 0 0 0 1 0 0 3 0 0 2 0 0 0 0 4 0 0 0 0 0 0 0 0 0 0 0 0 0 0 0 0 0 0 0 0 0 0 0 0 10 11 0 0 11 0 0 24 0 11 11 0 0 13 0 16 8 0 0 16 11 0 19 25 0 11 8 0 0 0 0 8 4 47 0 0 20 0 0 0 0 0 0 0 22 0 5 0 0 0 0 0 0 0 0 0 0 0 0 0 0 0 0 0 0 1 0 0 0 0 0 3 0 0 0 0 0 0 0 2 11 19 0 36 16 0 0 0 10 12 13 0 0 0 11 0 0 0 0 2 1 0 26 0 0 13 0 0 0 14 0 0 16 0 18 0 18 12 23 0 0 0 0 1 0 0 0 0 0 0 0 0 0 0 0 0 0 0 0 0 0 0 0 0 0 0 0 0 0 0 5 0 0 0 0 0 0 0 0 0 0 0 9 1 5 0 0 0 0 6 2 0 0 0 0 0 0 0 0 0 0 0 0 0 0 0 0 1 0 
 6 0 2 0 0 0 0 0 0 0 0 2 0 0 0 0 0 0 0 0 2 65 0 136 12 136 0 4 0 63 0 35 0 2 0 0 70 62 0 1 120 401 99 62 97 95 628 528 150 94 63 27 265 234 101 89 39 71 234 0 2 3 0 0 0 0 0 23 0 2 0 0 6 0 0 0 4 2 0 0 0 21 0 0 0 0 0 0 0 0 0 0 0 0 0 0 0 0 0 0 0 0 4 0 13 9 0 0 0 0 0 1 0 0 0 0 4 0 0 0 10 0 9 19 2 0 32 52 0 2 0 0 31 21 0 0 1 10 29 17 0 0 0 0 1 0 0 12 10 0 0 0 0 1 0 0 0 0 16 0 0 0 0 0 0 0 0 0 0 0 23 0 0 0 0 0 0 0 0 0 0 0 0 15 5 9 0 0 0 7 0 0 0 0 0 0 0 9 0 0 37 10 0 6 28 16 12 9 22 8 8 0 0 0 20 45 10 6 4 20 0 4 0 0 0 0 0 0 0 0 0 0 1 7 0 0 0 0 0 0 0 0 0 0 0 1 0 0 0 0 0 0 0 0 0 1 0 127 0 0 0 0 0 64 1 4 1 0 2 0 11 0 0 0 0 0 0 0 0 0 0 0 0 0 12 0 0 0 2 0 
 0 0 2 0 0 2 0 0 0 0 0 0 0 0 0 0 0 0 0 0 5 0 0 0 0 3 0 0 0 0 35 0 0 0 0 0 0 0 0 0 56 0 18 0 111 6 0 6 2 4 0 0 8 5 0 0 0 0 0 2 0 643 201 276 89 57 296 104 162 35 82 32 124 168 93 243 41 292 78 81 0 0 0 0 0 0 0 0 0 0 0 0 0 0 0 0 0 0 0 0 0 0 0 0 0 0 0 0 0 0 0 0 0 0 0 0 0 0 0 0 0 3 0 2 1 14 0 0 0 23 3 10 0 42 3 9 0 0 0 0 7 12 18 17 19 0 38 23 34 35 34 43 7 7 16 25 20 1 0 7 0 0 0 0 0 0 0 0 0 0 0 0 0 0 0 3 0 0 0 0 0 0 10 2 0 0 0 0 0 0 0 0 0 0 0 0 0 0 0 4 0 0 6 0 4 15 0 11 0 0 0 1 2 3 0 0 9 0 0 0 8 0 19 1 15 4 13 6 34 39 0 19 0 6 31 7 57 0 10 22 0 0 0 0 0 0 0 0 0 2 0 0 0 9 20 0 0 0 0 0 0 0 2 0 0 0 6 0 0 0 7 0 28 2 0 0 0 0 0 0 0 0 0 0 0 1 0 0 0 0 
