 0 295 118 95 49 45 253 176 118 152 115 129 142 227 231 219 66 138 37 126 0 0 0 2 0 3 0 0 2 1 0 1 2 74 0 0 0 0 76 0 0 0 0 0 0 0 0 3 0 0 0 0 0 0 1 62 0 0 0 9 0 36 0 0 0 0 0 0 0 62 3 0 0 0 0 0 5 0 3 2 18 25 0 0 0 11 2 23 15 35 12 21 0 11 28 1 5 25 0 25 0 0 0 0 0 0 0 0 0 0 0 0 15 0 0 0 0 0 21 45 0 0 0 0 14 0 0 0 0 0 0 0 0 0 0 0 0 0 0 0 0 0 0 14 0 0 0 1 0 0 0 0 0 0 2 0 0 0 0 0 14 6 0 0 22 0 19 0 44 0 0 1 0 18 44 12 19 18 0 0 0 0 0 0 0 0 5 0 0 0 0 0 0 0 0 0 0 0 0 16 0 0 0 0 0 0 0 13 0 0 0 1 0 0 0 0 0 0 0 0 0 0 0 0 0 0 0 0 0 0 0 0 0 0 0 0 0 0 0 0 0 10 0 0 0 0 91 0 1 0 13 2 0 0 0 0 0 0 0 0 0 0 0 0 0 0 0 0 0 0 0 0 0 0 0 0 29 0 0 0 0 0 0 0 0 0 0 0 0 0 
 295 0 179 88 232 179 99 77 222 574 136 87 46 239 135 300 180 210 43 63 0 11 2 2 0 6 0 3 2 16 0 0 80 3 1 0 4 12 116 74 0 0 4 0 0 2 5 3 0 0 0 3 0 0 0 2 3 4 0 1 0 0 0 0 0 0 1 0 0 43 2 0 2 0 0 0 6 44 3 3 6 0 0 21 7 1 1 32 14 27 43 1 0 15 23 12 24 30 0 0 0 0 0 0 0 0 0 0 0 0 0 0 15 0 0 0 0 0 27 11 0 0 0 0 2 0 1 0 1 0 0 0 0 0 0 0 0 0 0 0 0 0 0 0 5 0 1 8 0 0 0 1 0 0 0 0 0 0 0 0 24 12 9 0 7 0 44 0 42 17 18 1 50 0 14 4 17 23 0 0 0 0 16 0 0 0 30 0 12 0 0 0 17 0 0 0 0 0 14 26 2 0 0 13 0 0 2 0 0 0 0 0 0 0 0 0 0 0 0 0 0 0 0 0 0 0 0 0 0 0 0 0 0 0 0 0 0 0 0 0 0 0 0 0 0 1 87 0 6 1 10 0 0 0 0 0 0 0 0 0 0 0 0 0 0 2 0 0 0 0 0 0 0 0 0 10 19 1 0 0 0 0 0 0 0 0 0 0 0 0 
 118 179 0 122 131 35 293 161 122 85 16 217 80 52 338 207 229 44 41 234 0 0 0 2 1 3 0 3 2 0 0 0 2 0 1 0 0 0 75 0 0 0 0 4 64 0 2 3 0 0 0 0 0 0 0 0 0 2 0 0 5 0 0 0 0 0 0 0 0 51 3 0 0 0 0 0 3 0 3 2 22 15 1 51 0 11 14 0 56 1 24 0 0 8 21 15 0 14 1 0 0 0 0 0 0 0 15 0 0 0 0 0 29 0 0 4 0 0 18 1 0 0 0 0 0 0 0 2 0 0 0 0 0 0 0 0 0 0 0 0 0 0 0 3 0 0 0 0 0 0 0 3 0 0 0 0 0 0 0 0 0 14 10 1 0 11 1 6 7 23 10 42 11 0 0 12 1 0 8 12 0 0 10 0 0 0 8 0 0 0 0 0 0 0 0 0 0 5 15 0 0 0 0 0 0 0 0 0 0 2 0 0 19 0 0 0 0 0 0 0 0 0 0 0 0 0 0 0 0 0 0 0 0 0 0 0 0 0 0 0 0 0 0 0 0 2 0 2 93 45 0 4 9 0 0 0 0 0 77 0 0 0 0 0 0 0 0 0 0 0 0 0 0 0 0 19 0 11 0 0 0 0 0 0 0 0 0 0 0 2 
 95 88 122 0 89 37 293 83 155 109 125 207 104 76 158 228 35 407 72 257 26 0 0 2 0 3 80 73 2 1 0 0 66 1 1 0 0 0 73 0 0 0 0 0 0 0 0 3 0 0 0 0 0 64 1 0 0 2 0 0 1 0 1 5 1 11 0 0 25 52 10 42 0 0 0 1 3 1 3 2 0 6 10 0 33 34 6 10 18 0 46 0 0 0 27 16 19 28 0 0 0 0 0 0 0 0 16 31 11 0 0 0 4 10 15 0 26 0 73 8 9 0 0 0 0 0 0 0 0 0 0 0 0 0 0 1 0 0 0 0 0 5 3 0 0 0 9 0 0 0 0 0 0 0 0 0 0 0 0 0 0 0 0 13 34 32 0 14 8 0 6 25 2 0 0 22 9 20 0 0 20 10 26 0 0 1 35 13 0 0 0 2 1 22 16 10 0 0 13 14 0 0 0 0 2 0 0 0 0 0 0 0 0 0 0 0 0 0 0 0 16 0 0 0 0 0 0 0 0 0 1 0 2 0 0 1 0 0 0 0 0 0 0 0 0 2 90 0 2 0 1 0 0 0 0 0 0 0 0 0 0 0 0 0 0 0 0 0 0 0 0 0 0 0 0 0 0 0 0 0 0 0 0 0 0 0 0 0 0 0 
 49 232 131 89 0 153 75 159 478 91 228 330 82 175 287 76 397 125 489 370 0 0 0 3 7 6 78 0 3 0 5 2 67 1 73 62 74 0 151 18 0 0 0 0 0 0 0 3 0 0 0 62 4 0 2 5 0 0 8 0 2 0 0 0 0 0 1 0 4 0 2 0 2 49 5 0 0 0 2 5 23 8 0 1 70 11 0 49 0 29 32 11 0 19 0 8 24 31 0 0 0 7 2 2 0 0 33 11 1 10 9 0 31 19 1 0 9 0 23 10 0 0 0 0 0 0 0 0 0 0 0 0 0 0 0 0 0 0 0 0 0 0 0 0 6 0 0 3 0 0 0 0 0 0 0 0 0 0 0 0 17 16 0 0 13 0 0 0 25 9 18 0 0 0 0 0 23 16 0 1 0 14 0 0 14 0 1 0 24 0 12 0 15 11 0 13 0 0 8 15 0 0 0 0 0 0 0 0 0 0 0 0 0 0 0 0 0 0 0 0 0 0 0 0 0 0 0 0 0 0 0 0 0 0 0 2 0 0 0 0 0 0 0 0 0 0 1 0 32 97 10 6 11 0 0 0 0 0 0 0 0 0 11 0 0 1 0 0 0 0 0 0 0 2 0 23 19 0 0 0 0 0 0 0 0 0 0 0 0 0 
 45 179 35 37 153 0 35 128 50 436 123 66 67 141 146 65 147 101 48 43 150 0 0 2 0 3 76 0 2 1 0 2 76 38 24 0 0 0 1 74 0 0 0 0 0 0 0 3 0 0 0 0 0 0 0 0 0 0 0 0 2 0 0 0 0 0 4 0 0 0 3 0 0 0 0 0 3 0 3 2 13 0 1 15 2 0 0 0 0 0 0 39 0 12 11 0 0 0 0 1 22 9 0 0 0 0 2 0 15 0 2 0 16 1 16 0 3 1 0 1 0 0 0 7 0 0 0 0 0 0 0 1 0 0 0 0 0 12 0 0 0 1 0 0 1 0 20 3 0 0 0 0 0 0 0 0 0 0 0 0 8 23 24 0 0 11 16 0 27 16 6 0 10 0 13 0 0 0 8 0 37 10 0 0 0 0 0 0 2 0 0 12 56 0 24 1 0 0 6 9 0 0 0 0 2 0 0 0 0 0 0 0 0 0 0 0 0 0 0 0 0 0 2 18 0 0 13 0 0 0 2 0 0 0 17 1 0 0 0 0 0 0 0 0 0 0 0 2 1 88 0 5 0 0 0 0 0 0 0 0 0 0 0 0 0 0 0 0 0 0 0 0 0 0 0 11 15 0 0 17 0 0 0 0 0 0 0 0 0 0 
 253 99 293 293 75 35 0 113 104 124 46 29 106 144 153 140 87 25 241 357 0 0 2 4 5 3 0 0 2 2 0 0 1 1 0 0 0 0 0 0 0 0 0 5 0 0 74 3 0 0 0 0 0 0 0 0 0 0 0 0 0 0 0 0 0 0 0 0 0 0 2 0 0 0 0 0 3 2 3 3 21 22 21 8 0 10 9 0 23 0 0 0 30 8 38 1 0 0 2 13 0 0 0 0 0 0 0 0 0 0 0 0 0 0 0 0 0 0 7 0 0 0 0 0 0 0 0 0 0 0 0 0 0 0 0 0 0 0 0 0 0 0 0 1 0 0 0 0 0 0 0 0 0 0 0 0 2 0 0 0 0 45 20 15 0 10 2 8 3 2 0 11 8 17 11 26 1 0 43 13 0 0 0 0 0 0 1 0 2 0 0 0 0 0 0 19 0 0 0 0 0 0 0 0 0 0 0 0 0 1 0 0 0 0 0 0 0 0 0 0 0 72 0 0 0 0 0 0 0 0 0 0 0 0 0 0 0 0 0 0 0 0 0 0 0 0 0 1 1 0 0 0 0 0 0 0 0 0 0 0 0 0 0 0 0 0 0 0 0 0 0 0 0 0 0 0 0 0 0 0 0 0 0 0 8 0 0 0 0 0 
 176 77 161 83 159 128 113 0 322 83 119 91 209 320 94 345 107 150 49 77 0 0 1 6 0 3 0 0 3 0 0 0 2 0 0 4 0 2 79 0 0 0 0 0 3 0 0 3 0 0 0 0 0 2 0 0 0 0 0 3 4 0 0 0 0 0 0 0 44 0 2 0 1 0 1 0 2 0 2 3 8 34 0 0 0 6 0 44 14 65 67 26 9 23 10 17 33 1 8 11 0 0 12 0 0 0 1 1 0 0 0 0 26 0 0 1 0 2 0 0 0 0 0 0 0 0 0 0 0 0 0 0 0 0 0 0 0 0 0 0 0 0 0 1 9 0 1 7 0 0 0 0 0 0 0 0 0 0 0 0 21 0 0 1 9 0 0 0 22 34 17 0 0 0 0 0 28 14 0 1 0 0 0 0 2 0 0 0 0 0 0 0 45 0 0 9 0 0 5 33 0 0 0 0 0 0 0 1 0 0 0 0 0 0 0 0 0 0 0 0 2 0 0 0 0 0 0 0 0 0 23 0 0 0 0 0 0 0 0 0 0 8 0 0 0 0 1 0 1 88 10 5 0 0 1 0 0 0 0 0 0 0 0 0 0 0 0 0 0 0 0 0 0 1 0 10 7 0 0 0 0 0 0 0 0 0 0 0 0 0 
 118 222 122 155 478 50 104 322 0 160 32 21 164 279 151 415 144 75 285 365 0 0 0 1 0 3 0 2 2 2 0 0 1 0 0 0 0 1 67 0 0 0 0 16 0 0 0 9 28 0 2 0 0 0 2 0 0 0 0 0 0 0 0 2 0 0 0 0 0 0 3 0 0 0 0 0 3 0 3 2 34 54 4 32 0 0 12 43 0 36 2 15 4 3 0 38 59 35 13 1 0 0 0 0 0 0 0 0 0 0 0 0 13 0 0 0 0 0 3 0 0 0 0 0 0 0 0 0 0 0 0 1 0 0 0 0 0 0 0 0 0 1 0 0 1 0 0 3 0 0 0 0 0 0 0 0 0 0 0 0 10 13 26 0 16 18 0 17 15 16 7 12 4 0 0 9 28 5 8 0 0 0 13 0 0 0 10 0 0 0 0 0 20 0 0 0 0 0 6 20 0 0 0 0 0 0 0 0 0 0 0 0 0 0 0 0 0 0 0 0 0 0 0 0 0 0 0 0 0 0 0 0 0 0 0 10 0 28 0 0 0 1 0 0 0 0 1 0 101 0 4 4 0 0 0 0 0 0 0 0 0 0 0 0 0 0 0 0 0 0 0 0 0 0 0 11 18 0 0 0 0 0 0 0 0 0 0 0 0 0 
 152 574 85 109 91 436 124 83 160 0 338 36 73 272 181 278 148 121 53 180 0 0 1 3 3 3 0 0 2 2 0 0 1 0 0 0 0 1 74 1 0 0 0 0 0 0 0 3 0 0 0 0 0 0 0 0 0 0 2 18 3 0 0 0 0 0 0 0 2 51 2 0 1 0 0 0 2 0 2 3 11 7 0 18 0 11 0 29 18 22 34 1 1 11 26 16 47 17 0 14 0 0 0 0 0 0 0 0 0 0 0 0 0 0 0 0 0 0 38 0 0 0 0 0 2 0 0 0 0 0 0 0 0 0 14 0 0 0 0 0 0 0 0 0 4 0 13 6 0 0 0 0 0 0 0 0 0 0 0 0 15 16 13 14 9 2 1 0 29 13 36 20 13 0 0 11 0 25 0 0 0 0 9 0 0 0 10 0 10 0 0 0 10 10 0 0 1 0 25 10 0 0 0 0 0 0 0 0 0 10 0 2 0 0 0 0 0 0 0 0 0 0 0 33 0 0 0 0 0 0 0 0 0 2 0 0 0 0 0 0 0 22 0 0 0 2 5 0 88 0 0 4 0 0 0 0 0 0 0 0 0 0 0 0 0 0 0 0 0 0 0 0 0 0 0 11 0 0 0 0 0 0 0 0 0 0 0 0 0 0 
 115 136 16 125 228 123 46 119 32 338 0 456 152 34 139 169 538 288 468 56 74 0 0 3 0 3 76 3 3 1 0 2 78 31 1 0 2 0 58 147 0 0 2 63 7 0 2 3 3 0 0 2 0 0 0 0 0 0 0 0 0 0 0 0 0 0 0 1 0 1 2 0 2 0 0 0 3 0 2 3 19 0 0 18 0 0 31 13 0 19 11 19 0 14 0 22 30 15 0 0 0 10 2 0 0 0 0 1 0 0 18 0 16 0 5 0 0 0 12 2 0 0 0 2 0 0 0 0 0 0 0 0 0 0 0 0 0 0 0 1 0 0 0 2 3 0 1 0 0 0 0 2 0 2 0 0 0 0 0 0 11 0 0 10 10 21 14 0 41 50 16 0 64 12 0 8 0 50 0 14 0 0 13 0 0 0 0 0 22 0 0 0 29 0 19 0 0 0 7 20 0 0 35 0 0 0 0 0 0 0 0 0 0 0 0 0 0 1 2 0 0 0 0 0 0 0 0 0 0 0 0 0 0 0 0 0 0 0 0 1 0 0 0 0 0 0 94 0 2 102 0 4 0 0 0 0 0 0 0 0 0 0 0 0 0 2 0 0 0 0 0 0 0 1 0 0 18 3 0 0 0 0 0 0 0 0 0 0 0 0 
 129 87 217 207 330 66 29 91 21 36 456 0 19 114 230 147 75 62 41 45 79 0 3 5 2 3 78 29 3 0 2 0 97 0 26 81 0 0 0 1 0 3 0 4 0 2 0 3 0 1 0 0 0 2 0 0 0 1 2 6 5 0 0 3 0 0 0 0 0 0 5 0 0 0 2 0 3 0 3 2 18 21 0 39 25 0 12 11 21 14 33 23 12 28 31 10 2 2 0 2 0 11 0 12 0 1 4 23 10 5 10 0 14 33 18 0 11 0 11 9 2 0 0 0 0 0 0 0 0 0 0 0 0 0 0 0 0 0 0 0 0 0 0 7 0 0 0 0 0 0 0 9 0 0 0 0 0 0 0 0 0 0 0 0 0 14 0 1 0 21 26 25 11 0 0 0 34 12 1 20 1 12 13 0 0 0 0 0 13 0 6 0 50 15 20 1 0 0 19 9 0 0 0 0 0 0 0 0 0 0 1 0 31 0 0 0 0 0 0 0 10 0 0 0 0 0 0 0 0 0 0 0 0 0 0 0 0 0 0 0 0 6 0 0 0 6 1 1 6 194 0 0 0 0 0 0 0 0 0 0 0 0 0 0 0 0 0 0 0 0 0 0 0 0 0 0 0 4 0 0 0 0 0 0 0 0 0 0 0 0 
 142 46 80 104 82 67 106 209 164 73 152 19 0 297 236 270 44 80 91 351 1 0 0 3 0 4 0 2 5 2 0 0 1 0 0 0 0 0 0 0 0 0 0 3 0 0 3 3 0 0 0 0 0 0 4 0 0 0 0 0 0 29 0 0 0 0 1 0 0 0 2 0 3 0 0 0 0 0 2 3 10 0 8 10 0 14 0 0 0 31 0 10 27 36 0 18 15 0 18 0 0 0 0 0 0 0 0 0 0 0 0 0 0 0 1 0 0 0 0 0 0 0 0 0 0 0 0 0 0 0 0 0 0 0 0 0 2 0 0 0 0 0 0 0 0 0 0 0 0 0 1 0 0 0 0 0 0 2 0 2 0 25 10 0 1 0 0 0 32 17 0 10 2 39 0 8 1 17 35 14 0 0 0 0 0 0 0 1 0 0 0 17 0 0 0 0 0 0 2 0 0 0 0 0 0 0 0 0 0 0 0 0 0 0 0 1 0 0 0 0 0 0 0 2 0 1 0 0 0 0 0 0 0 0 0 0 0 0 16 0 0 0 0 0 0 1 0 0 92 0 1 9 0 2 0 0 2 0 0 0 0 0 0 0 0 0 1 0 0 0 0 0 0 0 0 0 0 0 0 0 0 0 0 0 0 0 0 0 0 0 
 227 239 52 76 175 141 144 320 279 272 34 114 297 0 162 240 43 137 203 160 0 0 0 3 3 3 0 28 3 2 0 0 1 0 80 4 1 0 74 0 0 0 0 0 0 0 0 3 0 0 0 0 0 0 0 0 0 0 0 14 0 0 0 6 0 0 0 0 0 52 2 0 1 0 0 0 53 0 2 3 25 40 0 18 0 24 0 42 13 31 49 19 6 20 38 14 15 1 0 28 0 0 0 0 0 0 0 0 26 0 0 0 17 0 0 0 0 0 9 0 0 0 0 0 0 0 0 0 2 0 0 0 0 0 0 0 0 0 0 0 0 0 0 2 9 0 0 0 0 0 19 0 0 0 0 0 0 0 0 0 23 17 13 0 19 0 12 0 67 14 7 0 0 1 9 4 22 17 0 0 0 0 0 0 0 0 2 0 0 0 0 0 57 0 0 0 0 0 7 26 0 0 0 0 0 0 0 0 0 0 0 0 0 0 0 0 0 0 0 0 0 0 0 0 0 0 0 0 0 0 0 0 0 0 0 0 0 14 0 0 0 18 0 0 0 2 87 0 31 0 12 3 0 0 0 0 0 0 0 0 0 0 0 0 0 0 0 0 0 0 0 0 0 0 0 0 19 0 0 0 0 0 0 0 0 0 0 0 0 0 
 231 135 338 158 287 146 153 94 151 181 139 230 236 162 0 89 308 131 285 194 1 0 0 3 0 3 0 0 3 1 0 0 0 1 0 0 0 1 0 0 0 0 0 2 0 0 0 3 0 0 0 0 0 0 0 30 0 0 0 0 7 38 0 0 0 0 0 0 0 31 2 0 2 0 0 0 1 0 2 3 1 10 25 14 0 26 22 0 13 24 8 0 22 0 19 11 0 26 0 9 0 0 0 0 0 0 2 0 0 0 0 0 19 0 1 0 0 0 33 22 0 0 0 2 0 0 0 0 0 0 0 0 0 0 0 0 0 0 0 1 0 0 0 0 0 0 0 0 0 0 0 0 0 2 0 0 0 0 0 0 0 25 0 29 0 0 15 0 5 28 1 0 21 23 33 37 0 20 7 9 0 0 0 0 0 0 23 0 0 0 0 0 0 0 0 0 0 0 10 10 7 0 0 0 0 0 0 0 0 0 0 0 0 0 0 2 0 0 2 0 0 0 0 0 0 0 1 0 0 0 0 0 0 0 0 0 0 0 0 0 0 0 0 0 0 2 2 0 0 90 0 10 0 0 0 0 0 0 0 0 0 0 11 0 0 0 2 0 0 0 0 0 0 0 0 0 0 0 0 0 0 0 0 0 0 0 0 0 0 0 
 219 300 207 228 76 65 140 345 415 278 169 147 270 240 89 0 258 77 55 449 0 0 0 1 0 5 0 0 2 2 0 0 1 0 0 0 0 4 77 1 0 0 0 0 0 0 0 3 0 0 27 0 0 0 2 0 0 0 0 17 0 0 0 0 0 0 0 0 0 0 3 0 0 0 0 0 3 0 3 2 12 64 8 15 0 12 22 19 8 33 24 1 1 9 32 32 21 30 0 23 0 0 1 0 0 0 0 0 0 0 0 2 1 0 0 14 0 0 46 1 0 16 0 1 0 0 0 0 0 0 0 0 0 0 0 0 0 0 1 2 0 0 0 3 0 0 2 0 0 0 0 7 0 1 16 0 0 0 0 0 0 0 0 0 9 22 0 18 13 0 14 47 9 0 0 3 13 22 0 10 0 0 10 0 0 0 31 0 10 0 0 0 0 0 0 0 0 0 13 22 14 0 0 0 0 0 0 0 0 0 0 0 0 0 0 0 0 0 1 0 0 0 0 0 1 0 0 0 0 0 0 0 0 0 2 0 0 0 0 2 0 11 0 0 0 1 12 0 88 1 3 0 0 0 0 0 0 0 0 0 0 0 0 0 0 0 0 0 0 0 0 0 0 0 0 0 0 14 0 0 0 0 0 0 0 0 0 0 0 0 
 66 180 229 35 397 147 87 107 144 148 538 75 44 43 308 258 0 245 156 140 4 0 0 8 0 3 0 3 3 0 0 0 76 73 0 3 0 3 107 75 2 0 0 0 0 0 0 3 0 0 3 0 0 4 0 0 2 8 0 1 6 2 0 0 0 0 0 0 0 0 2 0 1 3 0 0 2 0 2 3 46 37 12 16 1 12 0 22 10 40 19 26 15 67 15 4 20 28 0 19 0 0 0 0 0 0 1 0 2 0 20 0 73 1 32 0 0 0 4 9 0 0 0 0 0 0 1 0 1 0 0 0 0 0 0 0 0 0 0 0 0 0 0 0 0 0 0 0 0 0 0 0 0 0 0 0 1 0 0 0 5 0 0 0 39 12 0 36 88 11 16 2 12 0 1 10 22 19 0 23 0 0 0 0 0 0 16 0 3 0 0 0 0 0 3 0 0 0 9 30 0 0 0 0 0 0 0 0 0 0 0 0 2 16 0 0 0 0 0 0 0 0 0 0 0 0 0 0 0 0 0 0 0 0 0 0 0 0 0 0 0 0 0 0 0 1 104 2 11 86 11 3 0 2 0 0 0 0 0 0 0 0 0 0 0 0 0 0 0 0 0 0 0 0 0 0 28 0 0 0 0 0 0 0 0 0 0 0 0 0 
 138 210 44 407 125 101 25 150 75 121 288 62 80 137 131 77 245 0 39 72 74 0 0 3 0 6 74 0 5 1 0 0 1 31 91 0 0 0 99 1 0 0 0 0 0 0 2 3 0 0 0 1 20 2 0 0 0 0 0 3 0 0 0 0 0 0 46 0 0 1 2 0 3 51 0 0 0 0 2 3 0 10 8 2 0 7 8 34 0 32 13 44 0 7 10 15 31 19 23 0 0 11 0 0 0 0 0 1 0 0 0 0 16 0 5 0 0 6 23 0 0 0 0 0 0 1 0 0 0 0 0 0 0 0 2 0 0 0 0 0 0 1 0 0 1 0 0 5 2 0 0 0 0 0 1 0 0 14 0 0 0 0 17 0 10 25 1 11 14 24 13 13 1 14 0 2 9 67 0 0 0 0 0 0 0 0 12 0 10 0 0 0 35 0 21 0 0 0 6 43 0 0 0 0 0 1 0 0 0 0 0 0 0 0 0 0 0 0 0 0 0 0 0 0 0 0 0 0 0 0 0 0 0 0 0 0 0 0 0 0 0 0 0 0 0 1 8 1 4 104 0 2 0 0 0 0 0 0 0 0 0 0 0 0 0 0 0 0 0 0 48 0 0 0 0 11 19 0 0 0 0 0 0 0 0 0 0 0 0 0 
 37 43 41 72 489 48 241 49 285 53 468 41 91 203 285 55 156 39 0 81 0 0 1 3 1 3 0 0 3 1 0 0 2 3 0 2 0 0 0 65 0 0 0 0 2 0 0 3 0 0 0 0 0 0 0 0 0 0 0 0 0 31 2 0 0 0 1 0 0 0 2 0 2 52 0 0 3 0 2 3 0 0 26 0 0 0 11 0 0 0 0 0 24 0 11 19 0 19 0 26 0 0 0 0 0 0 0 0 0 0 0 0 0 0 0 0 0 0 0 0 0 0 0 0 0 0 0 7 0 0 0 1 0 0 0 0 0 0 0 0 0 0 0 0 0 0 0 9 0 0 0 0 0 0 0 0 0 0 0 0 22 16 1 39 0 0 41 30 9 0 0 1 11 39 35 18 0 8 0 7 0 0 0 0 0 0 0 0 0 0 0 0 0 0 0 0 0 2 0 0 0 0 0 0 0 0 0 0 0 1 0 0 0 0 0 0 0 0 0 0 0 0 0 0 0 0 0 0 0 0 0 0 0 0 0 0 0 0 0 0 0 0 0 0 0 1 0 0 0 0 2 5 0 0 1 0 0 0 0 0 0 0 0 0 0 0 0 0 0 0 0 0 0 0 0 0 0 0 0 0 0 0 0 0 0 0 0 0 0 0 
 126 63 234 257 370 43 357 77 365 180 56 45 351 160 194 449 140 72 81 0 0 0 0 2 1 3 0 60 2 2 0 2 1 2 2 0 0 0 0 0 0 0 0 4 0 0 0 3 0 0 0 0 0 0 1 0 0 0 0 0 0 37 0 0 0 0 0 0 0 1 3 0 0 0 0 0 3 2 3 2 2 16 27 12 0 10 49 5 19 24 2 2 26 27 25 20 19 38 0 10 0 0 7 0 0 0 0 0 0 0 0 0 0 0 0 0 0 0 13 0 0 0 0 0 0 0 2 0 0 0 0 0 0 2 0 0 0 0 0 0 0 0 0 0 0 2 0 0 0 0 0 0 0 0 0 0 0 0 0 0 0 0 25 14 0 24 25 14 8 10 1 6 19 1 38 23 28 3 12 10 0 0 0 0 0 0 13 0 0 2 0 0 0 0 0 0 0 0 1 12 1 0 0 24 0 0 1 0 2 0 0 0 0 0 0 0 0 0 0 0 0 0 0 0 0 0 0 0 0 0 0 2 0 1 0 0 0 0 0 0 0 0 0 0 0 1 0 2 1 0 0 3 0 0 0 0 0 0 0 0 0 0 0 0 0 0 0 0 0 0 0 0 0 0 0 0 0 0 0 0 0 0 0 0 0 0 0 0 0 0 
 0 0 0 26 0 150 0 0 0 0 74 79 1 0 1 0 4 74 0 0 0 64 65 295 41 50 281 39 30 30 257 116 251 202 283 282 35 191 344 53 1 0 0 0 0 0 64 2 0 3 0 0 1 0 0 1 0 3 0 0 0 3 3 0 6 0 0 0 0 3 0 0 0 0 0 0 28 2 0 0 0 0 0 23 30 30 11 0 0 0 6 16 0 0 0 2 1 0 0 0 1 15 28 14 13 0 31 10 16 30 12 0 25 20 25 0 16 20 12 12 0 0 0 0 0 0 2 0 0 0 0 0 0 11 0 0 0 0 0 0 0 5 3 0 0 0 8 0 0 0 0 0 0 0 0 0 1 0 0 0 0 0 1 0 22 0 0 0 0 1 0 0 0 0 0 0 5 0 0 0 40 34 13 0 0 0 0 23 12 2 7 61 11 0 30 37 25 3 15 11 23 1 0 0 2 0 10 0 0 0 0 0 15 0 0 0 0 0 0 1 0 0 0 0 0 0 0 24 0 0 0 0 0 0 0 0 0 0 0 0 0 0 0 0 0 0 82 0 0 69 0 0 0 0 19 1 2 0 0 0 2 0 6 0 0 0 0 0 0 0 0 1 0 0 0 0 0 0 0 13 0 0 0 0 0 0 1 0 0 0 
 0 11 0 0 0 0 0 0 0 0 0 0 0 0 0 0 0 0 0 0 64 0 380 59 82 42 531 223 122 134 331 324 123 143 179 47 283 47 379 102 0 8 0 0 0 0 0 2 0 3 0 0 0 0 0 0 0 3 0 0 0 3 3 46 3 0 0 0 0 3 0 1 3 0 0 0 3 2 0 0 0 0 0 0 0 1 0 0 0 22 0 1 0 0 0 0 10 0 0 0 57 7 42 12 18 0 68 4 36 44 9 0 13 0 9 48 8 52 0 13 0 0 0 0 0 1 0 0 0 0 0 0 0 0 0 0 0 0 0 0 0 0 9 0 2 0 0 0 0 0 0 0 0 0 0 1 0 0 0 0 0 0 0 2 13 0 1 0 13 0 0 0 0 0 0 0 9 0 0 3 24 17 4 30 0 0 0 49 10 8 13 0 8 32 13 50 11 40 0 6 0 0 6 0 0 0 0 0 0 0 0 0 0 0 0 1 0 0 15 2 0 0 0 0 0 0 0 0 0 0 0 0 12 0 0 0 0 0 0 0 0 0 13 0 0 0 0 0 0 0 0 0 1 0 4 1 0 0 1 2 1 0 0 0 0 0 0 0 0 0 0 0 0 0 0 0 0 0 0 0 0 28 0 0 15 11 0 0 0 0 
 0 2 0 0 0 0 2 1 0 1 0 3 0 0 0 0 0 0 1 0 65 380 0 93 49 31 78 155 188 289 272 36 142 111 96 242 105 112 101 63 1 0 0 0 0 0 0 2 0 3 0 0 0 0 0 0 24 3 64 0 2 2 3 0 3 0 0 0 4 1 0 0 11 0 8 0 2 2 0 0 0 10 0 0 0 0 0 0 0 0 0 0 0 0 0 0 0 0 0 0 32 33 12 14 11 10 0 0 20 24 45 2 12 0 7 18 23 20 0 22 0 13 0 0 0 0 0 0 0 0 0 0 20 6 9 0 0 0 10 19 0 0 5 0 0 0 0 0 0 0 0 0 0 0 0 0 0 0 0 0 0 0 0 0 0 0 0 0 1 12 0 0 5 0 0 0 0 0 0 0 14 24 0 44 11 18 1 0 12 7 32 1 18 7 23 0 2 36 3 7 1 0 0 0 0 0 0 0 0 0 0 0 17 0 0 0 0 0 0 0 0 0 0 0 0 0 0 0 0 0 0 0 12 0 0 0 0 0 1 0 0 0 0 0 0 1 0 0 0 0 0 0 0 0 18 0 2 76 1 2 3 0 0 0 0 0 0 0 0 0 0 0 0 0 0 0 0 0 0 0 0 0 0 0 0 2 3 0 0 0 
 2 2 2 2 3 2 4 6 1 3 3 5 3 3 3 1 8 3 3 2 295 59 93 0 380 39 77 79 159 180 182 125 83 47 78 104 182 151 64 55 117 67 0 1 0 2 98 2 0 3 0 0 4 0 23 0 0 3 130 0 5 4 3 0 8 1 0 0 0 3 0 0 0 0 0 0 13 2 0 0 0 0 0 0 0 0 0 0 0 0 9 0 0 0 4 0 0 0 0 0 0 0 0 0 41 47 0 0 14 0 22 11 0 0 0 0 0 20 0 0 22 15 2 0 0 0 73 50 2 1 0 0 24 31 8 20 0 0 25 22 0 0 0 0 0 0 0 0 0 0 0 0 0 0 0 0 0 0 0 0 0 9 0 0 0 0 0 6 2 0 0 0 0 0 5 0 0 0 0 0 0 0 0 11 22 36 13 9 0 0 20 65 0 0 1 10 2 1 0 0 52 0 0 22 0 0 43 20 1 0 5 16 34 27 69 11 3 0 17 10 0 0 0 0 0 11 0 0 0 0 0 0 0 0 0 0 0 3 0 0 0 0 0 0 0 0 0 0 0 20 0 0 0 0 15 2 0 59 43 3 3 2 0 0 0 0 0 0 0 0 11 0 0 0 0 0 0 0 0 0 0 0 0 0 0 0 0 0 0 0 
 0 0 1 0 7 0 5 0 0 3 0 2 0 3 0 0 0 0 1 1 41 82 49 380 0 113 121 64 154 94 72 105 90 67 78 85 61 54 68 54 77 69 32 0 0 0 107 71 0 5 0 0 13 0 4 2 0 3 67 64 16 3 4 1 3 3 0 0 7 3 11 0 0 6 2 0 3 13 1 0 0 0 0 0 0 0 0 0 0 0 0 0 0 0 0 0 0 0 0 0 0 0 5 25 7 19 16 0 0 0 0 13 0 1 0 1 0 32 0 0 13 17 11 0 0 0 11 13 0 0 0 0 68 11 1 11 0 0 43 14 0 0 0 0 0 1 0 0 0 0 0 0 0 0 0 0 0 0 0 0 0 0 0 0 0 0 0 7 2 0 1 0 0 0 6 0 0 0 0 0 0 0 35 8 27 10 0 1 8 0 18 8 0 0 0 0 3 14 0 0 12 10 0 19 0 0 12 12 0 0 0 13 12 0 0 12 0 0 4 0 0 0 0 0 0 0 0 0 0 0 0 0 0 0 0 0 0 0 0 0 0 15 13 0 0 0 0 0 0 2 0 0 0 6 6 0 3 11 0 0 35 0 1 0 0 0 16 0 0 0 15 0 0 0 2 0 0 0 0 0 0 6 0 0 12 0 0 0 0 2 
 3 6 3 3 6 3 3 3 3 3 3 3 4 3 3 5 3 6 3 3 50 42 31 39 113 0 41 37 109 77 57 201 37 36 262 97 234 57 376 82 213 82 0 212 0 3 71 70 1 3 0 0 120 5 126 6 17 3 51 0 0 3 3 0 3 0 0 0 0 4 0 0 0 0 0 0 4 2 1 0 0 0 0 0 0 0 2 0 0 0 0 0 0 0 0 0 0 0 1 0 0 2 0 15 77 0 0 0 0 0 0 15 14 0 0 0 0 0 0 0 12 15 18 0 0 0 19 33 14 16 15 0 6 29 12 18 11 24 51 19 0 0 0 0 0 0 0 0 0 0 0 0 0 0 0 0 65 1 0 0 6 11 0 0 0 0 0 0 1 0 0 0 0 0 1 8 0 0 0 0 0 2 18 11 29 0 8 11 13 0 15 0 0 0 0 0 7 0 0 0 47 32 0 19 0 0 32 8 32 12 15 1 17 25 2 25 28 2 85 15 0 2 18 0 0 0 0 0 0 0 0 0 0 11 0 0 0 0 2 0 0 0 0 0 0 0 0 0 0 0 0 0 0 0 0 0 2 1 4 18 2 0 0 0 0 0 10 0 0 0 10 0 0 0 0 0 0 0 0 0 0 0 0 0 16 0 0 0 0 0 
 0 0 0 80 78 76 0 0 0 0 76 78 0 0 0 0 0 74 0 0 281 531 78 77 121 41 0 150 49 30 44 29 175 134 268 46 96 102 52 43 0 4 0 0 0 0 0 2 0 3 0 0 124 2 0 1 0 3 3 0 3 3 3 0 3 0 0 0 0 2 0 4 0 0 0 0 2 4 0 0 0 0 0 11 26 28 0 1 0 0 0 39 0 2 0 1 2 0 0 1 12 16 34 0 22 0 42 32 0 38 0 10 39 36 12 17 23 30 25 14 0 0 0 0 3 0 0 0 0 0 0 0 0 0 0 0 0 0 0 0 0 3 11 0 0 0 3 0 0 0 0 0 0 0 0 0 1 0 0 0 0 0 0 0 9 0 0 0 0 2 0 0 0 0 0 0 3 0 0 0 11 44 47 0 0 0 0 51 17 23 9 0 16 1 44 32 9 25 0 19 0 1 0 0 1 0 0 0 0 1 0 0 1 0 0 0 0 0 0 0 0 0 0 2 0 0 0 0 0 0 0 0 13 0 0 0 0 0 2 0 0 0 8 0 0 0 3 0 0 28 0 0 9 0 12 2 2 0 0 0 2 2 0 0 0 0 2 0 0 0 0 2 0 28 0 18 4 0 0 17 0 8 0 0 0 11 0 0 0 0 
 0 3 3 73 0 0 0 0 2 0 3 29 2 28 0 0 3 0 0 60 39 223 155 79 64 37 150 0 145 110 332 171 120 102 135 123 46 45 162 44 0 16 4 4 0 0 0 2 2 3 0 0 0 0 0 2 1 3 0 0 0 3 3 0 5 2 0 0 0 3 3 5 4 0 10 0 3 4 0 1 0 0 0 0 10 0 0 0 0 0 13 3 0 0 0 0 0 0 0 9 13 19 0 0 0 0 16 13 19 12 0 0 0 8 27 2 42 28 10 20 0 0 0 0 0 0 8 0 0 2 0 0 0 10 0 0 0 0 0 0 0 0 0 0 0 6 0 0 0 0 0 0 0 0 0 0 0 0 0 0 0 0 0 0 0 0 0 0 1 0 10 12 5 0 0 0 0 0 0 0 10 14 18 22 7 3 0 2 0 18 0 0 12 53 8 0 13 34 13 0 0 0 0 0 0 0 0 0 0 0 0 0 9 0 0 0 0 0 7 10 0 4 0 0 0 0 0 0 0 0 0 0 0 1 0 0 0 0 0 0 0 0 13 0 0 0 0 0 0 0 0 0 0 0 5 0 0 0 77 0 2 2 0 0 0 0 0 0 2 0 0 0 0 0 0 0 0 0 0 0 0 8 0 0 0 0 1 0 0 0 
 2 2 2 2 3 2 2 3 2 2 3 3 5 3 3 2 3 5 3 2 30 122 188 159 154 109 49 145 0 72 134 234 217 167 121 99 86 270 70 103 0 0 0 0 0 0 65 2 0 3 62 0 24 5 0 0 0 3 1 0 0 3 3 0 3 0 0 0 0 2 0 0 0 0 0 0 2 2 0 0 0 1 0 0 0 0 0 0 0 0 0 0 0 0 2 0 11 0 0 0 19 16 21 23 10 0 1 0 45 17 77 15 19 0 0 14 0 1 0 14 0 4 0 0 0 0 12 0 0 0 1 0 9 36 0 0 0 0 25 0 0 0 12 0 0 0 0 0 0 0 0 0 0 0 0 10 0 0 0 0 0 6 0 0 2 0 0 0 1 5 0 0 7 0 0 2 0 0 0 0 0 0 20 56 28 0 0 2 23 24 37 19 0 9 15 0 13 36 0 17 0 10 0 0 8 0 0 0 0 0 0 0 2 0 0 0 0 0 9 31 0 0 0 0 0 0 0 0 0 0 0 0 13 0 0 0 0 0 0 0 0 0 0 0 0 0 0 0 0 0 0 0 0 0 6 0 2 153 1 0 2 0 0 0 0 0 2 0 0 0 0 0 0 0 0 0 0 0 0 0 0 0 0 0 0 0 0 0 0 0 
 1 16 0 1 0 1 2 0 2 2 1 0 2 2 1 2 0 1 1 2 30 134 289 180 94 77 30 110 72 0 429 134 71 278 94 327 294 211 62 215 0 2 0 1 1 0 0 2 0 3 2 1 0 1 0 0 2 3 0 0 0 3 3 0 3 0 0 0 0 3 0 2 0 0 1 0 5 2 0 0 0 0 0 0 0 0 2 0 0 0 0 0 0 0 0 0 0 0 0 0 24 14 17 2 0 6 7 22 8 0 1 7 12 9 35 5 21 0 0 0 0 1 0 0 0 0 13 10 0 0 0 0 9 0 0 0 0 0 0 12 0 0 0 0 0 0 0 0 0 0 2 0 0 20 0 0 0 0 0 0 0 0 0 3 0 11 0 0 1 0 0 0 0 0 0 0 0 0 0 1 29 15 20 13 22 39 14 0 13 0 14 2 9 13 14 0 0 10 0 0 0 0 27 0 0 0 8 0 0 0 0 0 11 0 10 0 0 0 64 7 0 0 0 0 0 0 0 0 0 0 0 0 0 0 0 0 0 19 0 0 0 0 0 0 0 0 0 0 0 0 0 0 0 0 2 0 0 75 75 2 1 0 0 0 0 0 0 0 0 0 0 0 2 0 0 0 0 0 0 0 0 0 0 0 0 0 0 0 0 13 
 0 0 0 0 5 0 0 0 0 0 0 2 0 0 0 0 0 0 0 0 257 331 272 182 72 57 44 332 134 429 0 288 255 127 65 285 199 196 70 133 86 62 0 0 0 0 104 2 0 3 0 0 0 0 24 0 1 3 123 1 0 4 3 0 3 0 0 0 0 2 0 0 4 0 17 0 2 2 0 0 0 0 0 2 0 0 0 0 0 0 0 0 0 0 0 2 0 2 0 15 2 11 1 1 45 27 0 0 17 14 23 26 0 0 0 31 10 14 0 15 19 28 2 2 0 0 42 23 0 0 0 0 18 1 4 19 0 0 43 18 0 0 0 0 0 0 0 0 0 0 0 0 0 0 0 0 0 1 2 0 0 0 0 0 0 0 0 6 2 0 12 0 0 0 8 0 0 0 0 0 1 10 0 0 0 16 0 13 19 37 44 25 0 0 18 16 2 25 22 0 8 0 0 20 0 0 34 11 6 2 0 22 12 40 17 8 0 0 10 1 0 0 0 0 0 0 0 0 0 0 0 0 0 0 0 0 0 0 0 0 0 0 0 0 0 0 0 0 0 0 0 0 0 0 0 0 2 41 81 0 16 0 0 0 0 0 0 0 0 0 9 0 0 0 0 0 0 0 0 0 0 0 0 0 0 11 17 0 0 8 
 1 0 0 0 2 2 0 0 0 0 2 0 0 0 0 0 0 0 0 2 116 324 36 125 105 201 29 171 234 134 288 0 292 50 349 124 310 269 37 94 18 23 0 0 0 0 0 2 7 3 0 0 0 19 65 0 0 3 53 70 0 3 3 0 19 0 0 0 0 3 26 0 0 0 0 0 4 2 0 0 0 0 0 0 1 0 0 0 0 0 0 0 0 0 0 0 0 0 2 0 0 0 0 0 0 0 17 23 23 0 10 9 0 0 0 23 22 15 0 0 10 1 0 0 0 0 31 21 0 0 0 0 0 9 12 0 0 0 0 2 13 1 0 0 0 0 0 0 0 0 0 0 0 0 0 11 0 0 0 0 0 0 0 6 0 0 0 0 0 0 0 0 0 0 0 0 0 0 0 3 1 12 17 0 0 18 0 14 9 44 0 12 0 0 14 12 45 11 13 0 1 15 10 1 0 0 11 0 1 0 0 0 0 0 0 1 0 0 28 43 0 0 2 0 0 0 0 0 2 0 0 0 1 0 0 0 0 0 0 0 0 0 10 0 0 0 0 0 0 0 0 0 0 0 9 0 3 2 38 0 0 13 0 0 0 0 0 0 0 0 0 0 0 0 0 0 0 0 0 0 0 19 0 0 0 0 13 0 0 0 
 2 80 2 66 67 76 1 2 1 1 78 97 1 1 0 1 76 1 2 1 251 123 142 83 90 37 175 120 217 71 255 292 0 178 194 296 369 37 189 176 0 0 0 0 0 0 0 2 0 3 0 0 8 0 0 0 0 3 0 0 0 54 3 0 3 0 0 1 0 3 0 0 0 0 0 0 3 2 0 1 0 1 0 0 38 14 0 0 0 0 20 0 0 0 1 0 11 1 0 0 19 9 16 1 0 0 0 29 14 18 10 2 29 29 12 2 37 0 21 26 0 0 0 0 0 0 0 0 0 2 0 1 0 0 0 0 0 1 0 0 0 3 7 0 0 1 5 0 0 0 0 0 0 0 0 0 0 0 0 0 0 0 0 0 18 0 0 0 1 0 19 14 0 0 2 0 4 2 0 1 18 23 20 0 0 0 0 11 29 0 23 0 2 31 0 18 0 17 13 19 0 0 2 0 0 0 0 0 0 0 0 0 0 0 0 0 0 8 0 0 0 0 0 0 0 1 0 0 0 0 0 0 12 0 0 0 0 0 0 0 0 0 0 0 0 1 2 0 0 0 0 0 0 2 20 0 2 0 0 4 2 0 9 0 0 0 0 0 0 0 0 0 0 0 0 0 0 0 0 0 0 0 0 0 0 0 0 0 0 2 
 74 3 0 1 1 38 1 0 0 0 31 0 0 0 1 0 73 31 3 2 202 143 111 47 67 36 134 102 167 278 127 50 178 0 167 42 270 37 389 91 0 0 0 0 0 0 0 2 0 3 0 0 0 0 0 0 0 3 0 0 0 2 3 0 3 0 5 0 0 1 0 2 4 0 10 0 2 2 0 0 0 0 0 4 0 11 0 0 0 0 0 22 0 0 0 0 0 1 0 0 52 50 13 12 9 0 0 4 10 68 9 0 40 1 27 12 12 0 0 27 0 0 0 0 2 0 0 0 0 0 0 0 0 0 0 0 0 0 0 0 0 0 8 0 0 0 0 0 0 0 0 0 0 0 0 0 0 0 0 0 0 0 0 0 0 29 0 0 0 0 0 0 0 0 0 0 0 0 0 0 11 20 2 29 0 0 15 1 4 1 16 0 54 11 32 4 0 30 10 28 0 0 0 0 0 0 0 0 0 0 0 0 0 0 0 0 0 0 0 0 0 0 0 0 0 0 0 0 0 0 0 0 12 0 0 0 0 0 23 0 0 0 0 0 0 1 0 0 0 73 0 0 0 0 19 1 0 0 0 3 1 0 0 0 0 0 0 0 0 11 0 0 0 0 0 0 18 0 0 0 0 0 0 0 0 0 1 0 0 1 
 0 1 1 1 73 24 0 0 0 0 1 26 0 80 0 0 0 91 0 2 283 179 96 78 78 262 268 135 121 94 65 349 194 167 0 173 290 81 266 212 63 6 0 0 2 3 0 2 0 3 0 0 2 0 0 0 3 3 0 3 1 5 3 0 3 0 0 0 0 3 0 9 1 0 0 68 5 2 0 0 0 0 0 0 22 0 0 0 1 0 0 33 0 0 0 0 0 1 0 0 36 10 35 21 11 0 11 11 16 15 18 0 18 31 8 15 0 51 0 26 0 0 1 0 0 0 0 0 0 0 0 0 0 0 0 0 0 0 0 0 0 0 12 0 0 0 0 0 0 2 0 0 0 0 0 0 0 0 0 0 0 0 0 0 35 20 0 0 0 0 1 2 0 4 0 0 5 0 0 0 4 18 3 56 10 0 0 3 13 0 7 17 34 22 20 2 9 34 0 17 2 0 0 0 0 0 0 0 0 0 0 0 1 0 0 0 0 0 0 3 0 0 0 0 0 0 0 0 0 0 0 0 13 0 0 0 0 0 0 0 0 0 13 1 7 0 0 0 0 74 0 0 10 0 7 3 2 0 0 0 0 2 0 0 0 0 0 0 0 0 60 0 0 0 0 0 0 0 0 14 0 9 0 0 2 0 0 0 0 0 
 0 0 0 0 62 0 0 4 0 0 0 81 0 4 0 0 3 0 2 0 282 47 242 104 85 97 46 123 99 327 285 124 296 42 173 0 227 198 32 69 0 0 61 207 0 4 0 2 0 3 0 0 0 0 0 0 0 3 0 0 0 3 3 0 12 0 0 0 0 35 0 0 0 0 0 0 10 2 0 0 0 0 0 0 27 0 12 0 0 0 0 8 0 0 0 0 0 0 0 0 0 39 30 26 23 15 0 8 53 12 39 12 0 76 1 18 8 8 0 0 0 10 0 0 0 0 0 0 0 0 0 0 31 17 7 0 0 0 8 6 0 0 0 0 0 0 0 0 0 0 0 0 0 0 11 0 0 0 0 0 0 1 0 0 0 0 0 0 0 0 0 0 0 0 0 0 5 0 13 0 0 18 0 14 1 8 0 30 23 1 18 14 0 7 7 9 3 11 0 0 16 0 0 0 0 0 8 0 0 0 0 0 19 0 0 0 0 0 12 1 0 0 0 0 0 0 0 0 0 0 0 0 0 0 0 0 0 0 0 0 0 0 0 0 0 2 0 0 0 0 0 0 0 0 2 2 4 72 1 1 4 0 0 0 0 0 0 0 0 0 0 0 0 0 0 0 0 0 0 0 0 0 0 0 0 1 0 0 0 0 
 0 4 0 0 74 0 0 0 0 0 2 0 0 1 0 0 0 0 0 0 35 283 105 182 61 234 96 46 86 294 199 310 369 270 290 227 0 237 106 29 3 0 1 0 2 3 0 2 0 3 0 0 0 1 3 0 2 5 13 63 0 3 6 0 6 0 2 1 0 2 0 0 1 2 0 2 7 2 0 0 0 0 0 0 24 0 0 0 0 0 0 0 0 0 0 0 0 0 0 0 0 18 2 16 11 14 9 40 14 3 42 7 24 10 14 35 30 4 0 0 0 1 0 0 0 0 1 0 0 0 0 0 10 11 23 0 0 0 0 0 5 0 2 2 0 0 0 0 0 0 0 0 1 0 0 0 0 0 0 0 0 0 0 1 0 0 0 0 0 0 0 0 0 0 0 12 28 0 1 0 18 11 3 0 0 10 0 21 45 5 12 10 0 30 19 20 30 26 1 0 13 0 0 0 0 0 7 0 0 0 0 0 7 0 0 0 0 7 0 16 0 0 0 0 0 0 0 0 0 0 2 0 0 20 0 2 0 2 7 1 0 0 15 0 0 0 0 0 0 0 0 0 0 1 9 1 1 75 1 27 4 18 0 0 0 0 0 0 0 0 0 0 0 0 0 0 0 0 0 0 0 21 0 0 0 4 1 0 0 0 
 0 12 0 0 0 0 0 2 1 1 0 0 0 0 1 4 3 0 0 0 191 47 112 151 54 57 102 45 270 211 196 269 37 37 81 198 237 0 45 115 0 0 0 0 2 3 0 2 0 3 0 0 2 0 1 0 2 3 2 3 1 5 3 0 11 0 0 0 0 2 0 1 2 0 1 0 53 2 0 0 0 0 0 0 0 0 2 0 0 0 23 0 0 0 0 0 0 0 0 0 0 2 6 13 10 18 6 0 21 0 19 22 0 0 14 16 0 1 0 0 0 12 0 0 0 0 21 28 0 15 0 0 0 10 21 0 0 0 9 40 3 0 0 0 0 0 0 0 0 0 0 0 0 0 0 0 0 0 0 1 0 0 10 0 0 0 0 0 1 0 0 0 6 0 0 0 19 0 0 0 0 0 7 26 58 25 0 0 18 48 0 60 0 8 0 6 51 9 14 0 2 0 0 0 0 0 2 0 0 12 0 0 19 0 4 0 0 2 13 19 0 0 0 0 0 0 1 9 0 0 0 0 0 0 0 1 0 5 0 0 0 0 0 0 0 0 0 0 0 0 0 0 0 0 2 0 3 3 74 0 0 13 0 0 0 0 0 0 0 0 0 0 0 0 0 0 0 0 0 0 0 12 0 0 0 0 14 0 0 0 
 76 116 75 73 151 1 0 79 67 74 58 0 0 74 0 77 107 99 0 0 344 379 101 64 68 376 52 162 70 62 70 37 189 389 266 32 106 45 0 306 0 0 0 0 0 0 0 2 0 3 0 0 0 0 0 0 0 3 0 1 0 3 3 0 3 0 0 0 0 3 0 0 2 0 2 0 3 2 0 0 6 9 0 11 71 1 13 10 0 12 3 16 0 0 0 11 19 22 0 0 11 6 9 0 0 0 13 0 2 0 0 0 7 9 0 56 15 0 13 0 12 0 0 0 0 0 0 0 0 0 0 0 0 0 0 0 0 0 0 0 0 1 0 0 0 0 4 1 0 0 0 0 0 0 0 0 0 0 0 0 6 0 23 7 26 0 0 0 24 0 5 0 0 0 0 0 7 15 0 5 11 0 0 0 0 0 0 8 1 11 0 0 0 13 27 6 0 12 52 9 0 0 0 0 0 0 0 0 0 0 0 0 0 0 0 0 0 0 0 1 0 0 0 0 0 0 0 0 0 0 0 0 0 0 0 0 0 0 0 0 0 0 0 0 0 0 105 0 73 0 11 0 0 0 16 0 0 0 0 0 0 2 1 0 0 0 0 0 0 0 0 0 0 0 0 0 11 0 0 0 0 0 0 0 0 0 11 0 0 0 
 0 74 0 0 18 74 0 0 0 1 147 1 0 0 0 1 75 1 65 0 53 102 63 55 54 82 43 44 103 215 133 94 176 91 212 69 29 115 306 0 0 0 0 0 0 0 2 2 0 3 0 0 2 0 0 2 3 3 0 0 0 3 3 0 8 0 0 0 0 2 0 0 0 0 6 0 2 2 0 0 0 0 0 0 27 0 0 0 0 0 7 0 0 0 0 0 10 13 0 0 23 27 13 11 7 0 0 13 54 11 8 0 12 0 19 42 22 0 12 12 0 0 0 0 0 0 0 0 0 0 0 0 0 0 0 0 0 0 0 0 0 0 3 0 0 2 1 0 1 0 0 0 0 0 0 1 0 0 0 0 0 0 0 5 0 11 2 0 1 0 14 0 0 0 0 0 1 0 0 9 14 0 0 11 0 1 0 12 23 8 19 13 8 34 10 36 0 22 14 10 0 0 2 0 0 0 8 0 0 1 0 0 7 0 0 0 0 0 11 0 0 0 0 0 0 0 0 2 0 0 0 0 12 0 0 0 0 0 0 0 0 0 0 0 0 0 1 0 0 0 0 0 0 0 8 0 2 0 34 1 0 0 7 0 0 0 0 0 0 0 0 0 0 0 0 0 0 0 0 4 0 0 0 0 0 0 9 0 0 7 
 0 0 0 0 0 0 0 0 0 0 0 0 0 0 0 0 2 0 0 0 1 0 1 117 77 213 0 0 0 0 86 18 0 0 63 0 3 0 0 0 0 79 136 49 53 246 292 86 74 40 31 41 135 77 178 33 30 35 175 151 0 1 0 5 0 2 0 0 0 0 0 0 0 0 5 0 0 2 0 2 0 0 0 0 0 0 0 0 0 0 0 0 0 0 0 0 0 0 0 0 0 0 0 0 17 21 0 0 0 0 0 25 0 0 1 0 0 14 0 0 57 14 7 0 0 0 10 12 11 0 17 11 16 1 54 0 0 30 13 11 1 0 0 0 0 0 0 0 0 0 0 0 0 0 0 0 0 0 0 0 0 0 0 0 0 0 0 5 2 0 0 0 0 0 5 0 0 0 0 0 0 0 0 0 0 20 0 0 0 1 11 24 0 0 0 0 19 0 0 0 19 29 34 26 0 0 14 15 11 0 0 12 12 35 19 0 30 7 0 34 0 0 0 0 0 0 0 0 0 0 0 0 0 0 0 0 0 0 0 0 0 0 0 0 0 0 0 0 0 0 0 7 0 0 0 0 0 126 0 0 12 0 0 0 0 0 2 0 1 0 0 0 0 17 0 0 0 0 0 0 0 14 0 0 0 0 0 1 0 0 
 0 0 0 0 0 0 0 0 0 0 0 3 0 0 0 0 0 0 0 0 0 8 0 67 69 82 4 16 0 2 62 23 0 0 6 0 0 0 0 0 79 0 156 75 90 33 120 333 102 57 33 77 130 346 223 126 130 154 87 112 0 2 0 0 0 0 0 2 0 2 0 0 0 0 0 0 0 0 8 21 0 0 0 0 0 0 0 0 0 0 0 0 0 0 0 0 0 0 0 0 0 0 0 0 18 0 5 0 0 0 0 0 0 1 0 1 0 12 0 0 29 0 66 0 20 19 19 22 0 0 0 19 6 29 0 41 0 0 14 17 0 0 0 0 0 0 1 0 0 0 0 0 0 19 0 0 0 0 21 0 2 0 0 0 0 0 0 0 2 0 7 0 0 0 0 0 0 0 0 0 0 0 0 4 28 2 0 5 0 0 9 0 0 0 0 0 0 3 0 0 21 79 0 34 15 0 16 0 19 0 0 0 0 31 37 4 0 0 21 27 0 10 0 0 0 0 0 0 0 0 0 0 0 0 0 0 1 0 20 1 0 0 3 0 0 0 0 0 0 17 0 11 0 2 0 0 0 67 0 2 0 0 0 0 0 0 2 28 2 0 4 0 0 0 0 0 0 0 0 0 0 17 0 0 1 4 0 0 0 0 
 0 4 0 0 0 0 0 0 0 0 2 0 0 0 0 0 0 0 0 0 0 0 0 0 32 0 0 4 0 0 0 0 0 0 0 61 1 0 0 0 136 156 0 129 48 44 50 175 147 401 286 170 134 221 28 161 180 114 57 79 0 1 0 5 2 5 0 0 0 0 51 0 0 0 0 0 0 0 17 0 0 0 0 0 0 0 0 0 0 0 0 0 0 5 0 0 0 0 0 0 0 0 0 0 0 23 0 0 0 0 0 0 0 0 0 0 0 0 0 0 10 0 19 17 0 25 13 0 21 23 45 21 0 23 20 42 20 24 0 54 0 0 7 0 0 0 0 0 0 0 0 0 5 4 0 0 0 0 0 0 4 0 0 0 0 0 0 0 0 0 3 0 0 0 0 0 0 0 0 0 0 0 0 0 0 19 0 0 0 0 0 0 0 0 0 0 0 0 0 0 0 22 20 26 0 1 0 20 1 38 0 0 0 4 9 19 1 0 0 0 0 0 0 5 0 0 0 0 17 0 0 0 0 10 1 0 0 0 36 26 0 0 0 0 0 0 0 0 0 0 0 6 0 0 0 0 0 0 0 1 0 0 66 0 70 1 0 0 1 0 0 0 0 0 0 0 0 0 0 0 0 0 0 0 0 15 0 0 0 0 
 0 0 4 0 0 0 5 0 16 0 63 4 3 0 2 0 0 0 0 4 0 0 0 1 0 212 0 4 0 1 0 0 0 0 0 207 0 0 0 0 49 75 129 0 378 60 86 97 176 405 180 41 280 78 47 118 112 123 68 41 74 2 0 0 0 0 53 4 0 1 1 0 50 0 55 50 0 0 47 55 4 0 0 8 0 0 0 0 0 0 0 0 3 0 0 1 0 0 0 1 0 0 0 0 0 0 0 0 0 0 0 0 0 0 0 0 0 0 0 0 0 0 10 0 10 25 0 0 7 8 0 0 0 14 0 0 0 32 0 0 2 1 7 0 0 0 0 0 1 3 0 0 0 15 8 0 0 0 10 10 0 4 6 0 0 0 1 0 2 0 0 6 8 0 0 9 6 0 12 0 0 0 0 0 0 0 0 0 13 0 0 0 0 0 0 0 0 0 0 0 0 0 0 12 13 10 0 0 10 0 28 0 0 0 0 0 0 22 0 0 25 24 0 0 0 0 37 17 10 0 20 0 10 32 0 35 0 0 9 8 0 1 0 0 0 0 0 0 0 0 0 0 0 0 0 0 0 0 0 11 0 0 0 65 69 34 3 4 0 0 0 0 0 0 0 0 0 14 0 0 0 0 0 0 0 15 0 0 0 0 
 0 0 64 0 0 0 0 3 0 0 7 0 0 0 0 0 0 0 2 0 0 0 0 0 0 0 0 0 0 1 0 0 0 0 2 0 2 2 0 0 53 90 48 378 0 272 24 93 215 168 98 51 288 61 244 306 182 155 77 48 0 46 51 0 0 2 27 50 0 3 2 0 54 0 2 0 0 0 65 96 0 0 0 0 0 0 0 0 0 0 0 0 0 0 0 0 0 0 0 0 0 1 0 0 0 0 0 0 0 0 0 0 0 0 0 0 0 0 0 0 13 0 0 0 7 6 0 0 0 1 0 1 0 0 0 0 0 12 0 0 9 0 22 0 0 0 33 12 1 12 0 7 12 11 20 10 0 5 8 11 0 0 0 0 0 0 13 0 2 0 0 0 0 0 0 0 0 0 0 0 0 0 0 0 0 0 0 0 0 0 0 0 0 0 0 0 0 0 0 0 0 0 1 0 29 32 0 0 1 19 1 0 0 0 0 0 0 0 0 0 1 24 22 0 0 0 0 0 0 0 0 1 11 0 0 20 0 0 11 10 0 0 0 0 0 0 0 0 0 0 0 5 0 0 0 0 0 0 0 1 0 0 0 64 1 12 9 67 0 0 22 0 0 0 0 0 0 0 0 0 0 0 0 0 0 0 0 0 0 0 
 0 2 0 0 0 0 0 0 0 0 0 2 0 0 0 0 0 0 0 0 0 0 0 2 0 3 0 0 0 0 0 0 0 0 3 4 3 3 0 0 246 33 44 60 272 0 40 49 51 293 91 50 271 53 39 281 266 80 56 470 0 52 10 41 7 2 0 0 7 2 4 2 52 0 51 7 0 0 24 10 0 0 0 0 0 0 0 0 0 0 0 0 0 0 0 0 0 0 0 0 0 20 0 0 0 0 0 0 0 0 0 0 0 0 0 0 0 0 0 0 0 0 0 0 13 9 0 0 0 0 0 0 0 0 0 0 0 1 0 0 19 1 66 0 0 0 19 47 16 13 0 18 10 13 59 4 0 2 41 4 0 0 0 0 0 0 0 0 0 0 0 0 0 0 0 0 0 0 0 0 0 0 0 0 0 0 0 0 0 0 0 0 0 0 0 0 0 0 0 0 0 0 0 0 28 23 0 0 0 0 0 18 0 0 0 0 0 0 0 0 19 20 4 0 2 0 0 0 18 0 2 13 46 21 0 20 0 0 0 7 0 0 0 0 0 0 1 0 0 0 0 7 0 0 0 0 0 0 0 0 0 0 0 1 1 10 3 1 0 0 14 0 0 0 0 0 0 0 0 0 0 0 0 0 0 0 0 0 0 0 
 0 5 2 0 0 0 74 0 0 0 2 0 3 0 0 0 0 2 0 0 64 0 0 98 107 71 0 0 65 0 104 0 0 0 0 0 0 0 0 2 292 120 50 86 24 40 0 229 64 38 34 30 135 109 90 27 43 92 127 196 0 2 0 0 0 0 0 0 0 0 0 0 0 0 0 0 0 2 1 0 0 0 0 0 0 0 0 0 0 0 0 0 0 0 0 0 0 0 0 0 0 0 0 11 47 6 0 0 0 0 0 3 0 0 0 0 0 18 0 0 21 16 11 11 9 0 10 7 0 1 5 0 36 7 1 23 10 14 24 10 0 0 0 0 0 0 0 0 0 0 0 0 0 0 0 0 0 0 0 12 0 0 0 0 0 0 0 6 2 0 0 0 1 0 5 0 0 0 0 0 0 0 12 0 39 11 0 0 0 0 23 3 0 0 0 0 0 0 0 0 30 22 1 6 11 0 23 47 0 7 11 25 18 31 19 29 2 1 8 1 0 11 0 0 0 0 10 0 0 0 0 0 0 0 0 0 0 0 0 0 0 0 0 0 0 0 0 0 0 0 0 5 0 0 0 0 0 90 10 0 3 0 0 0 2 3 12 0 0 0 11 0 0 0 0 0 0 0 0 0 0 0 0 0 9 0 0 12 0 0 
 3 3 3 3 3 3 3 3 9 3 3 3 3 3 3 3 3 3 3 3 2 2 2 2 71 70 2 2 2 2 2 2 2 2 2 2 2 2 2 2 86 333 175 97 93 49 229 0 152 117 171 231 172 104 68 139 94 59 298 154 0 3 0 5 0 0 0 0 4 4 0 1 10 0 2 0 5 0 2 2 0 0 0 0 0 0 0 0 0 0 0 0 0 0 0 0 0 0 0 0 0 0 0 0 0 3 0 0 0 0 0 0 0 0 0 0 0 0 0 0 17 11 20 59 7 2 0 18 55 18 25 34 22 1 30 15 15 37 0 35 0 5 0 0 3 0 0 0 0 0 4 0 3 0 0 6 0 4 0 0 26 5 0 0 0 0 0 0 2 0 4 0 0 3 0 0 0 0 0 0 0 0 0 0 0 21 0 0 0 0 15 0 14 0 0 0 0 0 0 0 22 25 72 36 36 0 1 51 12 18 48 9 0 13 17 25 38 58 0 0 0 8 7 0 0 8 7 0 2 0 0 0 0 0 6 4 0 0 1 0 0 0 0 0 0 0 0 0 0 0 0 11 0 2 0 0 0 63 0 5 0 0 1 0 0 0 2 0 0 0 6 0 0 0 0 0 0 0 0 0 0 0 0 0 4 0 0 22 0 0 
 0 0 0 0 0 0 0 0 28 0 3 0 0 0 0 0 0 0 0 0 0 0 0 0 0 1 0 2 0 0 0 7 0 0 0 0 0 0 0 0 74 102 147 176 215 51 64 152 0 552 54 42 91 161 168 341 123 114 301 63 51 2 0 0 0 0 52 231 0 2 50 0 52 0 0 0 0 1 9 50 0 0 0 0 0 0 0 0 0 0 0 0 0 0 0 0 0 0 0 0 0 0 0 0 0 0 0 0 0 0 0 0 0 0 0 0 0 0 0 0 10 0 26 7 0 0 0 2 0 0 11 10 0 0 6 0 8 10 12 0 7 0 0 0 0 0 1 0 0 0 0 0 0 9 0 0 0 0 22 0 0 0 0 0 0 0 0 0 1 0 0 0 0 0 0 0 0 0 0 0 0 0 0 0 0 0 0 0 0 0 0 0 0 0 0 0 0 0 0 0 10 11 9 43 17 6 1 10 30 5 19 0 0 4 0 1 9 27 1 10 15 9 0 0 0 0 19 12 0 12 0 0 0 21 0 1 0 6 9 0 0 0 0 0 0 0 0 0 0 0 0 4 0 1 0 0 0 0 0 2 0 0 1 1 0 3 0 37 0 0 0 0 0 0 0 0 0 0 0 0 0 4 0 0 0 0 0 0 0 0 
 0 0 0 0 0 0 0 0 0 0 0 1 0 0 0 0 0 0 0 0 3 3 3 3 5 3 3 3 3 3 3 3 3 3 3 3 3 3 3 3 40 57 401 405 168 293 38 117 552 0 206 365 86 251 121 509 232 176 478 111 0 6 1 6 0 2 1 0 12 6 2 2 0 0 8 0 0 0 3 23 0 0 0 0 0 0 0 0 0 0 0 0 0 0 0 0 0 0 0 0 0 18 0 0 0 0 0 0 0 0 0 0 0 0 0 0 0 0 0 0 25 0 25 16 23 67 0 0 0 9 23 27 0 0 17 0 33 2 3 0 1 1 16 0 0 0 1 0 11 10 0 0 7 38 0 0 0 1 19 0 3 0 0 0 0 0 0 0 2 0 7 2 16 0 0 0 0 0 0 0 0 0 0 0 0 0 0 0 0 0 0 0 0 0 11 0 0 0 0 0 10 17 25 25 29 0 1 17 7 1 3 47 0 20 27 0 22 17 0 11 0 10 0 0 0 0 0 0 0 0 0 0 25 0 0 0 0 0 36 35 0 0 0 0 0 0 0 0 0 0 0 8 0 0 0 0 0 0 0 13 0 0 67 0 1 4 0 1 0 0 0 0 0 0 0 0 0 0 0 0 0 0 0 0 0 14 0 0 0 20 
 0 0 0 0 0 0 0 0 2 0 0 0 0 0 0 27 3 0 0 0 0 0 0 0 0 0 0 0 62 2 0 0 0 0 0 0 0 0 0 0 31 33 286 180 98 91 34 171 54 206 0 110 36 161 25 136 126 305 85 108 51 0 0 0 0 0 54 0 0 2 0 0 54 6 0 0 0 0 0 0 0 0 0 0 0 0 0 0 0 0 0 0 0 0 0 0 0 0 0 0 0 0 0 0 0 0 0 0 0 17 0 0 0 0 0 0 0 0 0 0 8 9 11 28 19 3 0 0 0 40 7 18 0 0 0 38 26 19 0 0 9 0 0 0 22 0 0 0 0 0 0 0 4 0 0 0 0 0 0 17 0 0 0 0 0 0 0 0 1 0 0 0 0 0 0 0 0 0 0 0 0 0 0 0 0 0 0 0 0 0 0 0 0 0 0 0 0 0 0 0 2 0 8 12 76 0 0 9 11 8 50 24 0 0 17 10 0 48 0 0 16 0 0 0 0 0 40 12 0 0 0 0 0 21 0 0 0 0 0 10 0 0 7 0 0 0 0 0 0 0 0 12 0 0 0 0 1 0 0 9 0 0 64 0 0 1 1 0 0 0 0 0 0 0 0 0 0 0 0 0 0 0 0 0 16 15 0 16 0 5 
 0 3 0 0 62 0 0 0 0 0 2 0 0 0 0 0 0 1 0 0 0 0 0 0 0 0 0 0 0 1 0 0 0 0 0 0 0 0 0 0 41 77 170 41 51 50 30 231 42 365 110 0 32 140 85 373 121 61 50 138 6 2 0 0 0 0 1 3 0 2 101 0 66 4 0 0 0 0 6 0 1 0 0 0 0 0 0 0 0 0 0 0 16 0 0 0 0 0 0 0 0 0 0 0 0 0 0 0 0 2 0 0 0 0 0 0 0 0 0 0 15 0 13 13 19 24 0 10 0 1 9 24 0 0 0 0 14 0 0 0 0 0 8 0 0 7 0 15 19 0 0 3 15 0 30 0 6 20 23 0 0 0 0 0 0 0 0 0 2 0 4 1 0 0 0 0 0 20 0 0 0 0 0 0 0 0 0 0 0 0 0 0 0 0 9 0 0 0 0 0 0 0 9 20 1 12 0 11 14 6 19 0 0 0 21 0 0 72 0 0 17 15 1 20 6 0 0 2 18 1 0 0 20 14 0 0 4 11 4 16 0 0 7 0 0 0 0 0 0 0 0 5 0 0 0 0 0 0 0 0 0 0 25 1 5 2 3 2 0 0 19 0 0 0 0 0 0 0 0 0 0 0 0 0 0 12 0 0 0 0 
 0 0 0 0 4 0 0 0 0 0 0 0 0 0 0 0 0 20 0 0 1 0 0 4 13 120 124 0 24 0 0 0 8 0 2 0 0 2 0 2 135 130 134 280 288 271 135 172 91 86 36 32 0 77 150 35 52 53 171 170 0 0 0 0 0 0 0 0 0 1 0 0 1 0 3 0 0 1 1 0 0 0 0 0 5 5 0 0 0 0 10 0 0 0 0 0 32 8 26 0 0 8 0 0 0 23 0 0 0 0 0 0 0 0 1 0 0 41 0 2 44 20 12 9 0 0 25 0 18 1 34 13 26 8 43 13 20 30 43 26 0 0 0 0 0 0 0 0 0 11 0 0 0 0 0 0 0 0 0 0 1 11 0 0 0 0 0 3 2 4 0 0 0 0 6 0 0 0 0 0 0 0 0 0 11 13 0 0 0 0 0 2 1 0 0 9 0 0 6 0 17 82 32 41 39 0 24 31 37 1 0 14 0 59 2 41 28 7 0 11 0 0 0 0 0 0 0 0 0 0 0 0 0 0 0 0 0 0 0 0 0 0 0 0 0 0 0 0 0 0 0 3 0 0 0 0 0 0 0 18 0 0 9 0 0 0 3 0 0 0 9 0 0 49 0 0 0 0 0 0 0 0 0 0 10 0 0 0 2 0 
 0 0 0 64 0 0 0 2 0 0 0 2 0 0 0 0 4 2 0 0 0 0 0 0 0 5 2 0 5 1 0 19 0 0 0 0 1 0 0 0 77 346 221 78 61 53 109 104 161 251 161 140 77 0 142 196 41 240 183 80 0 8 0 7 0 0 2 0 0 0 51 0 0 0 8 0 0 0 2 3 0 24 0 0 0 0 0 0 0 0 0 0 0 0 0 0 0 10 0 0 0 0 0 0 0 14 0 0 0 0 0 0 0 0 0 0 0 0 0 0 24 0 10 28 17 17 32 0 1 17 30 42 0 0 6 54 38 0 12 0 6 0 3 0 0 0 2 0 0 0 3 1 11 10 0 16 0 0 4 2 0 0 21 0 0 0 0 0 1 0 0 5 0 0 0 0 0 0 0 0 0 0 0 0 0 0 0 0 0 0 0 0 0 0 0 0 0 0 0 0 10 11 22 39 5 4 1 19 26 0 17 11 0 11 1 15 19 17 1 10 7 0 0 0 0 0 0 0 0 3 0 0 2 0 0 0 0 1 13 35 0 0 0 0 0 0 0 0 0 0 0 0 0 0 0 0 0 0 0 0 1 0 37 0 2 0 0 14 0 0 0 0 0 0 0 0 0 0 0 0 0 0 0 0 0 0 0 0 0 0 
 1 0 0 1 2 0 0 0 2 0 0 0 4 0 0 2 0 0 0 1 0 0 0 23 4 126 0 0 0 0 24 65 0 0 0 0 3 1 0 0 178 223 28 47 244 39 90 68 168 121 25 85 150 142 0 68 255 23 415 62 0 1 0 0 0 0 0 6 0 1 0 0 0 0 0 31 0 0 15 0 0 0 7 0 0 0 0 0 0 0 0 0 0 0 0 0 0 0 0 0 0 0 0 0 1 20 0 0 0 0 0 9 0 21 0 0 0 1 0 0 19 24 21 1 0 51 19 34 10 1 0 4 0 0 27 23 0 13 32 0 0 0 0 0 0 0 1 0 0 0 0 0 0 0 0 0 0 0 3 3 0 6 0 0 0 0 0 1 9 0 0 0 0 0 3 0 0 0 0 0 0 0 0 0 0 0 0 0 13 0 0 17 0 0 0 0 1 0 0 0 0 13 0 42 0 29 80 0 56 16 0 14 0 60 20 17 11 1 18 4 0 1 0 0 0 0 0 0 0 0 0 0 3 0 0 0 0 1 0 4 0 0 0 0 0 0 0 0 0 29 0 25 0 1 0 0 0 29 0 49 38 0 2 0 0 0 0 2 2 0 9 0 0 0 0 0 0 0 0 0 0 0 4 0 3 6 0 0 2 0 
 62 2 0 0 5 0 0 0 0 0 0 0 0 0 30 0 0 0 0 0 1 0 0 0 2 6 1 2 0 0 0 0 0 0 0 0 0 0 0 2 33 126 161 118 306 281 27 139 341 509 136 373 35 196 68 0 521 103 42 80 0 1 0 0 0 0 0 0 0 0 20 0 0 0 0 0 0 0 53 0 0 0 0 0 0 21 0 0 14 0 0 0 0 0 0 12 0 20 0 0 0 0 0 0 0 0 0 1 0 0 0 0 0 0 0 0 0 0 0 0 0 0 19 6 0 34 0 0 24 25 16 19 0 3 0 11 0 1 0 10 0 0 0 0 0 0 0 0 0 0 0 0 0 20 0 0 0 0 0 0 24 0 0 0 0 0 0 0 14 0 3 0 0 0 0 0 0 0 0 0 0 0 0 0 1 0 0 7 0 0 0 0 0 0 0 0 0 0 0 0 0 8 3 0 0 37 0 21 5 27 12 0 1 0 28 0 1 7 0 0 0 0 0 0 0 0 0 0 1 0 0 0 0 0 19 0 0 0 32 17 0 0 17 0 0 0 0 0 0 0 0 4 0 0 0 0 0 0 0 2 0 0 66 0 32 2 0 0 0 0 0 0 0 0 0 0 0 0 0 0 0 0 0 0 0 15 0 0 0 0 
 0 3 0 0 0 0 0 0 0 0 0 0 0 0 0 0 2 0 0 0 0 0 24 0 0 17 0 1 0 2 1 0 0 0 3 0 2 2 0 3 30 130 180 112 182 266 43 94 123 232 126 121 52 41 255 521 0 348 26 282 0 26 50 0 0 0 0 1 1 0 50 0 0 0 0 52 0 1 30 50 0 0 0 0 0 0 0 0 0 0 0 0 0 0 0 0 0 0 0 0 0 0 0 0 0 0 0 0 0 0 0 0 0 0 0 0 0 0 0 0 0 15 40 1 1 15 0 1 6 21 7 20 0 0 10 0 0 59 0 9 0 1 7 0 0 0 0 0 0 0 0 0 1 15 0 0 0 0 9 0 6 2 0 0 0 0 0 0 1 0 5 0 0 0 0 0 0 0 0 0 0 0 0 0 0 0 0 0 0 0 0 0 0 0 0 0 0 0 0 0 0 5 1 0 9 3 0 33 26 29 1 0 0 15 17 15 8 0 0 0 0 10 0 0 0 0 1 0 18 0 0 0 0 10 1 1 0 0 25 31 0 0 0 0 0 0 0 0 0 0 0 0 0 0 0 0 0 0 0 0 0 0 1 0 63 1 0 3 2 0 0 0 0 0 0 0 0 0 0 0 0 0 0 0 0 19 0 0 0 29 
 0 4 2 2 0 0 0 0 0 0 0 1 0 0 0 0 8 0 0 0 3 3 3 3 3 3 3 3 3 3 3 3 3 3 3 3 5 3 3 3 35 154 114 123 155 80 92 59 114 176 305 61 53 240 23 103 348 0 27 71 47 4 0 3 0 1 54 0 4 1 0 0 53 0 6 0 0 0 2 65 0 0 0 0 0 0 0 0 0 0 0 0 0 0 0 0 0 0 0 0 0 0 0 0 0 0 0 0 0 0 0 0 0 0 0 0 0 0 0 8 10 0 9 23 15 0 0 0 6 8 12 21 0 0 1 7 11 9 44 0 5 0 11 0 0 0 1 0 0 26 0 0 2 9 1 0 0 0 13 7 0 0 0 0 0 0 0 0 2 0 0 0 0 0 0 0 0 0 0 0 0 0 0 0 0 0 0 0 0 0 0 0 0 0 0 0 0 0 0 0 24 0 24 10 44 0 0 23 10 0 52 32 0 4 0 6 21 40 0 0 23 9 0 0 0 0 27 14 0 0 0 0 28 23 0 29 0 0 0 11 0 0 0 0 0 0 0 0 0 0 0 0 0 0 0 0 0 0 0 11 0 0 3 64 2 10 2 1 1 0 0 0 0 0 0 0 0 0 0 0 0 0 0 0 9 13 0 7 0 0 
 0 0 0 0 8 0 0 0 0 2 0 2 0 0 0 0 0 0 0 0 0 0 64 130 67 51 3 0 1 0 123 53 0 0 0 0 13 2 0 0 175 87 57 68 77 56 127 298 301 478 85 50 171 183 415 42 26 27 0 166 0 1 0 0 0 1 0 1 0 0 0 0 41 0 0 0 0 0 0 0 0 0 0 0 0 0 0 0 0 0 0 0 0 0 0 0 0 0 0 0 0 0 0 0 9 16 1 0 0 0 0 13 0 0 0 0 0 5 0 0 13 6 0 10 0 0 1 53 0 12 0 25 20 18 12 22 0 0 2 0 2 0 0 0 0 0 0 0 0 0 0 0 0 0 0 0 0 0 0 0 0 0 0 0 0 0 0 3 0 0 0 0 0 2 0 0 0 0 0 0 20 0 1 1 4 12 0 0 1 0 0 17 0 12 0 0 11 1 0 0 10 12 1 1 0 0 24 0 0 0 10 0 7 9 22 1 1 9 11 26 0 0 0 0 0 0 0 0 0 0 0 0 0 0 0 0 0 7 12 0 0 0 9 0 0 0 0 0 0 0 0 5 0 2 0 0 0 63 0 0 10 0 0 0 0 2 0 0 0 0 0 0 0 0 0 0 0 0 0 0 0 13 0 0 0 0 0 0 0 0 
 9 1 0 0 0 0 0 3 0 18 0 6 0 14 0 17 1 3 0 0 0 0 0 0 64 0 0 0 0 0 1 70 0 0 3 0 63 3 1 0 151 112 79 41 48 470 196 154 63 111 108 138 170 80 62 80 282 71 166 0 49 0 0 0 0 0 0 0 0 0 0 0 0 0 0 0 0 0 0 0 0 5 0 0 0 0 0 6 0 8 0 5 9 0 10 0 1 0 0 13 0 0 0 0 0 24 0 0 0 0 0 8 0 0 0 0 0 0 1 0 7 24 31 12 7 17 0 8 41 14 18 27 22 0 41 19 0 36 0 35 12 0 0 0 0 0 0 0 0 0 0 0 0 0 0 0 0 0 0 1 14 0 0 0 7 0 0 0 4 0 7 0 0 0 0 0 4 7 0 0 0 0 0 0 0 25 0 0 1 8 15 20 0 0 0 0 28 0 0 5 10 28 32 33 9 6 9 41 0 20 10 11 0 0 15 17 11 6 0 2 0 0 0 0 0 0 7 0 0 0 0 0 0 0 0 0 0 0 20 0 0 17 0 0 0 0 3 0 0 0 0 2 0 2 0 0 0 64 0 0 0 24 0 0 0 0 2 0 0 0 0 0 0 0 0 0 0 0 0 0 0 14 0 11 8 0 0 5 0 0 
 0 0 5 1 2 2 0 4 0 3 0 5 0 0 7 0 6 0 0 0 0 0 2 5 16 0 3 0 0 0 0 0 0 0 1 0 0 1 0 0 0 0 0 74 0 0 0 0 51 0 51 6 0 0 0 0 0 47 0 49 0 73 57 41 70 44 214 91 173 37 46 95 82 114 45 34 54 34 251 102 0 3 6 0 0 0 1 0 0 1 0 0 0 0 0 0 0 0 0 0 0 0 0 0 0 0 2 0 0 0 0 0 3 0 0 0 0 0 0 0 0 0 0 0 0 0 0 0 0 0 0 0 0 0 0 0 0 0 0 0 8 1 21 0 0 1 0 1 0 0 0 1 1 0 0 15 0 0 3 7 0 0 0 0 0 0 0 0 2 6 6 0 0 0 0 0 0 0 0 0 0 0 0 0 0 0 0 0 0 0 0 0 0 0 0 0 0 0 0 0 0 0 0 0 0 10 0 0 1 0 11 0 0 0 0 0 0 11 0 0 6 14 0 11 8 18 90 21 25 15 9 11 8 9 0 12 14 32 0 0 0 0 0 0 0 0 0 0 0 3 0 0 6 54 7 0 0 0 0 0 0 0 1 50 0 50 0 0 0 0 2 0 0 2 2 2 0 0 0 0 0 0 0 0 0 0 0 0 0 0 
