 0 45 92 166 48 53 295 127 127 116 130 117 138 276 48 46 136 162 53 221 0 41 2 0 0 2 2 0 0 0 0 0 34 0 0 70 1 0 2 0 0 0 0 0 0 0 0 0 2 0 0 0 0 47 2 0 0 0 3 0 0 0 0 1 2 0 2 0 2 0 0 0 0 0 0 0 0 0 0 0 19 44 14 17 10 47 15 0 6 9 48 0 29 18 12 53 23 0 0 26 0 0 0 0 0 0 0 0 0 0 0 0 1 0 0 0 0 0 13 0 0 0 0 0 0 0 0 0 0 15 0 0 0 0 0 0 0 0 0 0 1 7 0 0 0 0 0 0 0 2 0 0 14 0 0 0 0 0 0 0 19 16 2 0 1 9 0 0 12 11 105 11 0 1 3 15 51 0 1 0 0 0 0 0 0 0 1 0 0 0 0 0 0 0 0 0 0 0 0 0 0 0 0 0 0 0 0 0 0 0 0 0 0 0 0 0 0 0 0 0 0 0 0 0 0 0 0 0 0 0 0 0 0 0 0 0 2 0 0 0 0 0 0 0 0 2 0 0 0 0 16 3 0 12 19 0 0 0 0 0 0 0 0 0 0 0 0 0 0 0 0 0 0 0 0 0 18 0 0 0 0 0 0 0 0 0 0 0 0 1 
 45 0 318 72 322 142 406 203 231 224 30 208 70 123 59 133 149 51 63 54 0 14 2 0 1 0 0 0 0 0 0 0 0 0 0 0 0 0 80 74 0 0 0 0 0 0 0 0 2 0 0 0 0 0 2 0 0 0 3 0 3 1 0 0 2 0 3 0 2 0 0 0 0 0 0 0 0 0 0 0 0 0 2 2 9 19 0 0 73 16 28 22 25 2 0 11 1 0 17 0 1 0 0 0 0 0 0 1 0 0 0 0 17 0 16 0 0 0 27 8 0 0 0 0 0 0 0 0 0 0 0 0 0 22 0 0 0 0 0 0 0 0 0 0 0 0 0 0 0 2 6 0 0 0 0 0 1 0 0 0 0 17 14 69 40 21 0 0 22 20 0 0 11 37 0 8 15 9 0 0 12 19 0 0 0 0 0 10 0 0 0 0 10 24 9 0 0 0 0 0 0 0 0 0 0 0 0 0 0 0 0 0 0 0 0 0 0 0 0 0 0 0 0 0 0 0 0 0 0 0 0 0 0 0 0 0 0 0 0 0 0 0 0 0 0 0 0 0 2 0 1 8 0 0 0 0 0 0 0 1 0 0 0 0 0 0 0 0 0 0 0 0 0 0 0 1 0 0 0 0 0 0 0 0 0 0 0 0 0 0 
 92 318 0 430 55 37 248 272 176 241 137 101 296 292 288 351 54 35 39 44 2 3 5 0 0 35 2 0 0 16 1 34 1 9 0 0 1 2 76 61 0 0 0 3 50 0 2 0 2 0 0 3 0 0 2 0 3 2 3 64 5 0 0 3 2 0 1 0 2 0 0 0 0 0 0 0 0 0 1 4 0 0 0 10 0 11 31 11 0 0 8 15 37 1 12 16 13 6 0 28 2 0 0 0 0 0 0 20 0 0 0 0 0 0 0 0 1 0 0 0 0 0 0 0 0 0 1 0 0 1 0 0 0 0 0 0 0 0 0 0 0 0 0 0 2 0 0 0 0 0 0 0 0 0 0 0 0 0 0 0 8 0 11 0 0 0 22 20 7 0 12 10 0 0 0 6 3 5 0 0 0 0 0 0 1 2 0 0 0 2 19 0 6 0 0 0 0 0 1 25 0 0 0 0 0 1 0 0 0 0 0 0 0 0 0 0 0 0 0 0 0 0 0 0 0 0 0 0 0 0 0 0 0 0 0 0 2 2 1 0 0 0 0 0 0 2 0 0 4 1 17 12 0 0 0 0 0 0 0 1 0 0 0 0 0 2 0 0 0 0 0 0 0 0 0 74 1 0 0 0 0 0 0 0 0 0 0 0 0 0 
 166 72 430 0 124 745 334 75 323 353 350 46 65 111 175 184 135 580 62 38 36 3 2 0 2 0 0 0 0 0 0 0 74 8 0 52 0 2 2 76 0 0 0 0 0 3 0 0 2 0 0 0 0 1 2 0 0 0 3 0 0 0 0 0 2 0 3 0 2 0 0 0 0 0 0 0 0 0 0 32 0 64 27 16 97 18 0 0 3 0 0 24 16 11 22 6 48 39 0 11 0 0 15 0 0 0 0 15 0 0 0 0 2 0 0 0 0 0 18 16 0 0 0 0 0 16 0 0 0 0 0 0 16 0 0 0 0 0 0 0 0 0 0 0 0 1 0 0 0 0 0 0 0 0 0 0 0 0 0 0 19 10 26 6 0 25 0 0 22 0 14 15 0 11 30 0 29 12 0 13 8 15 7 0 0 0 21 0 13 0 0 1 15 21 16 1 0 11 16 10 0 0 0 2 0 0 0 0 0 0 0 0 0 0 0 0 0 0 0 0 0 0 0 0 0 2 0 0 2 0 0 0 0 0 1 0 0 0 0 0 0 11 0 0 0 3 8 1 1 5 14 10 22 0 0 0 0 0 0 0 0 0 0 0 0 0 0 0 0 0 0 0 0 0 0 20 21 14 0 0 0 0 0 0 0 0 0 0 0 0 
 48 322 55 124 0 504 74 90 422 321 473 132 61 173 103 75 205 183 43 111 0 3 71 2 0 0 0 2 0 1 0 1 77 0 3 0 0 0 4 115 0 0 0 0 0 2 0 0 2 0 0 0 0 1 2 0 0 0 62 64 0 0 0 3 2 0 0 0 3 0 0 0 0 0 0 0 0 0 0 0 0 10 0 1 15 1 0 0 32 9 1 40 0 0 0 22 18 18 0 0 14 29 21 0 0 0 10 23 0 0 0 1 1 23 15 0 0 0 46 13 0 0 0 0 0 0 22 0 1 0 2 0 0 0 0 0 0 0 0 0 0 0 0 0 0 0 0 0 0 0 0 0 0 0 0 0 0 2 0 0 0 0 0 29 18 47 30 0 15 29 0 21 0 1 0 6 16 0 0 0 13 7 0 2 0 0 13 11 0 14 0 0 29 40 3 0 0 0 14 43 1 0 0 0 0 0 0 0 0 0 0 0 0 0 1 0 0 2 0 0 4 0 0 0 0 0 0 0 0 0 2 0 0 2 0 0 0 0 0 0 0 0 0 0 0 3 6 2 45 47 3 6 0 2 0 0 0 0 0 0 0 0 0 0 0 0 0 0 0 0 0 0 0 0 0 0 0 14 0 0 0 0 0 0 0 0 0 0 0 0 
 53 142 37 745 504 0 52 29 151 135 381 241 51 143 50 267 119 222 56 50 37 3 2 2 0 3 2 2 2 0 2 3 25 2 0 6 5 2 78 61 0 6 0 0 3 65 0 6 5 0 3 5 0 0 2 0 2 0 3 2 1 0 2 2 5 0 1 0 2 0 3 2 0 0 0 3 0 1 0 8 0 7 24 17 66 37 0 0 21 27 15 0 0 0 0 16 29 46 0 0 11 16 8 0 0 0 0 34 3 0 0 0 44 12 0 0 0 5 15 49 0 1 0 0 0 2 0 0 0 14 0 0 0 0 0 0 0 0 0 0 0 0 1 0 0 2 0 0 0 0 0 0 0 0 0 0 0 0 0 2 11 0 16 19 26 17 0 0 1 34 0 14 4 14 0 0 45 0 0 0 11 14 6 0 0 0 15 0 55 0 0 0 8 26 14 2 0 11 11 14 0 0 0 1 2 0 0 0 0 0 0 2 0 0 0 26 0 0 0 0 0 0 0 25 0 0 0 0 0 0 17 0 0 0 2 0 0 9 0 0 0 11 0 0 0 8 90 0 0 88 1 11 24 0 0 0 0 0 0 0 0 0 0 0 0 0 0 0 0 0 0 0 0 0 0 10 17 0 0 0 0 0 0 0 0 0 0 0 0 0 
 295 406 248 334 74 52 0 231 275 115 39 34 338 88 664 335 41 47 232 331 77 3 2 0 3 0 2 5 0 0 0 3 79 0 1 0 2 3 2 2 0 0 0 0 3 3 0 0 2 0 4 0 54 0 2 0 0 4 3 0 2 0 0 0 6 4 3 0 2 0 0 2 0 0 0 0 0 0 0 6 3 1 12 0 0 0 43 25 0 0 14 0 18 41 12 33 10 0 148 10 0 0 0 0 0 2 0 0 0 0 0 0 0 0 0 2 0 0 0 0 0 0 0 0 0 0 0 0 0 0 0 0 0 1 0 0 0 0 0 2 0 0 0 0 0 0 0 0 0 0 1 1 0 0 0 0 0 0 0 0 8 0 13 0 0 0 16 26 44 0 44 0 13 7 17 0 18 15 0 8 0 0 0 37 0 0 0 0 0 0 0 0 0 0 0 0 0 0 0 0 0 0 2 0 0 0 0 0 0 40 0 0 0 0 0 0 0 0 1 0 0 0 0 0 0 0 1 0 0 0 0 0 16 26 0 0 0 0 0 0 0 1 0 0 0 3 7 0 2 2 0 11 0 0 0 0 1 2 0 0 0 0 0 0 0 0 0 0 0 0 0 0 0 0 0 15 0 0 0 0 0 0 0 0 0 0 0 0 0 0 
 127 203 272 75 90 29 231 0 842 34 27 68 313 179 314 258 239 29 210 141 0 3 3 1 0 0 4 0 2 0 0 0 2 1 0 0 0 1 2 0 0 0 0 0 0 0 0 0 2 0 0 3 0 62 2 0 4 2 3 0 0 0 0 9 2 0 0 0 3 0 0 0 0 0 0 0 0 1 0 0 49 15 31 11 0 18 45 34 14 11 0 69 7 18 45 6 46 51 22 0 1 0 0 0 0 0 2 2 0 0 0 0 0 0 0 0 0 0 10 0 0 0 0 0 0 0 0 0 0 0 0 0 0 0 0 0 0 0 0 0 0 7 0 0 1 0 0 0 0 0 0 0 0 0 2 0 0 0 0 0 11 13 25 17 7 7 4 21 8 16 21 11 34 9 17 17 0 9 16 14 0 0 0 0 2 1 25 0 0 1 0 0 0 0 0 0 0 0 2 0 0 0 0 0 0 2 1 0 0 0 0 0 0 0 0 0 0 0 0 0 0 0 0 0 0 0 0 0 0 0 0 0 0 0 0 10 1 1 0 0 0 0 0 0 0 0 88 0 1 0 0 7 0 0 0 0 0 0 0 0 0 0 18 0 0 0 0 0 0 0 0 0 0 0 0 0 0 1 0 0 0 0 0 0 0 0 0 0 0 0 
 127 231 176 323 422 151 275 842 0 210 264 42 58 268 450 146 150 283 64 135 0 3 2 1 0 0 1 0 0 0 0 0 77 0 0 0 2 0 88 150 0 0 0 0 0 0 0 0 2 0 1 0 0 1 2 0 0 0 11 0 0 0 0 0 2 0 3 0 2 0 0 0 0 0 0 0 0 0 44 37 0 30 15 1 31 2 0 0 21 8 20 19 0 4 37 21 33 33 16 0 0 15 14 0 0 0 0 7 0 0 0 0 1 0 13 0 0 0 38 15 0 1 0 0 0 0 0 0 0 0 0 0 0 0 0 0 0 0 0 0 0 0 0 0 0 0 0 0 0 0 0 0 0 0 0 0 0 0 0 0 2 0 1 60 8 43 0 0 2 26 23 12 0 0 58 8 10 11 0 13 13 10 9 0 0 0 10 12 0 0 0 0 26 56 1 0 0 0 4 15 0 0 0 0 0 0 0 0 0 0 0 0 0 0 0 0 0 0 0 0 0 0 0 0 0 0 0 0 0 0 0 0 0 0 0 0 0 0 0 0 0 0 0 0 0 0 1 1 91 2 0 7 0 0 2 0 0 0 0 0 2 0 0 0 0 0 0 1 0 0 0 0 0 0 0 0 0 24 0 0 0 0 0 0 0 0 0 0 0 0 
 116 224 241 353 321 135 115 34 210 0 177 46 55 94 86 179 131 439 79 82 3 3 7 2 0 210 2 1 0 0 4 2 0 80 0 0 0 2 4 154 0 0 0 2 0 69 3 0 2 2 1 0 0 0 5 0 4 0 3 98 6 0 0 0 4 2 3 0 2 0 2 0 0 31 0 3 3 0 0 2 0 7 46 14 28 1 10 9 0 12 11 0 27 8 21 15 35 0 0 10 46 0 0 0 0 0 1 12 0 0 0 0 9 24 0 0 0 0 0 67 0 0 0 0 0 0 0 0 0 0 0 0 0 0 0 0 0 0 0 0 0 0 0 0 0 0 0 0 0 0 0 0 0 0 0 0 0 0 0 0 1 12 13 6 0 4 22 20 8 19 25 15 6 9 15 0 0 10 0 0 0 0 7 0 0 0 9 2 14 12 0 0 29 0 0 1 0 0 0 29 0 0 0 0 0 0 0 0 0 0 0 0 0 0 0 0 0 0 0 0 0 0 0 0 0 0 0 0 17 0 0 0 0 0 0 0 0 0 0 0 0 0 0 0 0 2 2 2 2 97 10 6 0 0 0 0 0 0 0 0 0 0 0 0 0 0 1 0 0 0 0 0 0 0 0 22 26 0 0 0 0 0 0 0 0 0 0 0 0 0 
 130 30 137 350 473 381 39 27 264 177 0 101 46 36 278 222 321 43 125 60 0 28 3 0 4 0 0 3 0 2 0 2 3 80 0 3 4 3 2 222 3 0 3 2 2 3 0 0 2 0 0 0 0 79 2 0 0 0 4 64 0 2 0 2 2 0 1 0 2 3 3 0 0 1 0 0 0 0 0 0 87 19 11 41 18 0 13 1 0 44 16 25 0 17 0 1 0 9 0 20 8 43 0 0 0 0 1 19 0 0 20 1 20 32 0 0 0 2 10 21 0 0 0 0 11 0 0 0 0 0 0 0 0 0 0 0 0 0 0 0 0 6 0 1 0 0 0 0 0 0 0 2 14 0 0 0 0 24 0 0 26 0 9 0 0 2 18 29 0 15 1 118 5 5 0 6 0 1 0 0 0 0 0 0 0 0 18 21 6 11 18 0 42 1 0 3 0 0 0 37 0 0 0 0 0 0 15 0 0 0 0 0 0 0 14 0 0 0 2 0 0 0 0 0 0 0 0 0 0 0 0 0 0 0 0 0 0 0 0 0 0 2 0 0 0 0 85 0 137 143 2 15 4 0 0 0 0 0 0 0 0 0 15 0 0 0 0 0 0 0 0 0 0 0 0 19 10 0 0 0 0 0 0 0 0 0 0 0 0 0 
 117 208 101 46 132 241 34 68 42 46 101 0 32 303 125 96 166 85 296 254 0 4 2 0 1 1 0 0 0 0 0 0 76 0 0 78 0 3 152 74 0 0 0 0 0 45 0 0 2 0 0 0 0 1 2 2 0 0 3 0 4 0 0 1 2 0 2 0 2 0 0 0 0 0 0 6 0 0 0 3 0 29 0 19 25 23 0 16 24 33 18 28 0 0 10 35 10 14 0 0 2 0 21 0 0 0 0 17 44 0 0 0 17 0 0 0 0 27 23 11 0 0 0 0 0 0 0 0 0 13 0 0 0 0 0 0 0 0 0 0 0 0 0 0 0 0 0 0 0 0 0 0 0 0 0 0 2 0 0 0 9 0 31 11 45 13 0 0 10 18 24 0 0 0 16 1 17 0 0 0 4 0 0 0 0 0 0 0 0 0 0 0 18 19 10 0 0 0 1 10 0 0 0 0 0 0 0 0 0 0 0 0 0 0 0 7 0 0 0 7 0 0 0 0 0 0 0 1 0 0 0 0 1 0 0 0 0 0 0 12 0 0 0 0 0 0 69 0 2 2 2 6 0 0 0 0 0 0 0 0 0 0 18 0 0 0 0 0 0 0 0 0 0 0 0 13 0 0 0 0 0 0 0 0 0 0 0 0 0 0 
 138 70 296 65 61 51 338 313 58 55 46 32 0 85 121 155 40 449 187 88 0 3 2 0 0 202 1 0 1 0 1 2 2 0 0 65 0 0 2 0 0 0 0 0 0 0 0 0 2 0 0 0 0 76 2 0 0 0 3 0 0 0 0 0 2 0 3 0 2 0 0 0 0 0 0 0 0 33 0 0 112 1 28 17 0 0 58 59 0 21 5 0 2 46 19 0 0 0 52 31 0 0 0 0 31 1 15 0 0 0 0 0 0 0 0 1 0 0 0 0 0 0 0 0 0 0 0 0 0 0 0 0 0 2 0 0 0 0 0 1 0 6 0 0 0 0 0 0 0 0 0 0 0 0 0 0 0 0 0 0 27 1 28 0 9 0 25 28 0 15 1 45 20 1 0 6 6 9 29 13 0 0 0 0 0 0 0 0 0 0 0 0 0 0 0 0 0 0 17 0 0 0 1 0 0 0 0 0 0 0 0 0 0 0 0 0 0 0 0 0 0 0 0 11 9 0 2 0 0 0 0 0 0 0 0 0 0 0 0 0 0 0 0 0 0 2 0 2 2 2 0 0 0 0 0 0 0 0 0 0 0 0 0 0 0 0 0 0 0 0 0 0 0 0 0 19 0 0 0 0 0 0 0 0 0 0 0 0 0 0 
 276 123 292 111 173 143 88 179 268 94 36 303 85 0 312 46 262 220 107 179 0 3 2 0 0 0 7 0 0 1 0 0 4 0 3 3 0 0 2 0 3 0 0 0 0 0 3 0 2 0 0 0 0 66 21 0 0 3 5 0 0 0 0 1 2 3 2 0 4 3 2 2 0 0 0 0 0 0 0 0 27 19 14 76 1 35 14 9 71 14 11 1 13 0 18 15 50 0 0 2 0 1 0 0 0 0 0 0 0 0 0 0 15 1 0 0 0 0 13 0 0 0 0 0 0 0 0 0 0 11 2 0 0 0 0 0 0 0 0 0 0 4 0 0 0 0 0 0 0 0 0 0 0 0 0 0 0 1 0 0 0 20 11 12 36 5 0 10 1 19 34 15 0 11 34 16 10 13 0 0 0 0 0 0 0 0 22 1 0 0 1 0 0 0 2 0 0 0 0 0 1 0 0 0 0 0 0 0 0 0 0 0 0 0 1 0 0 22 0 0 0 0 0 0 0 0 0 0 0 0 0 0 0 0 0 0 0 0 0 0 0 0 0 0 0 2 2 0 1 2 0 2 0 0 0 0 0 0 1 0 0 0 0 0 0 0 0 0 0 0 0 0 0 1 0 0 14 2 0 0 0 0 0 0 0 0 0 0 0 0 
 48 59 288 175 103 50 664 314 450 86 278 125 121 312 0 91 137 205 53 198 0 3 2 0 0 0 1 0 0 0 0 0 3 2 0 0 0 0 2 0 0 0 0 0 0 0 0 0 2 0 1 0 0 1 2 0 0 0 3 0 0 0 0 0 2 0 3 0 2 0 0 0 0 0 0 2 0 0 5 0 0 24 20 0 24 28 17 16 11 0 0 20 0 34 21 27 29 2 25 0 0 0 1 0 0 0 0 0 0 0 2 2 1 0 0 0 0 1 12 0 0 0 0 0 0 0 0 0 0 0 0 0 0 0 0 0 0 0 0 0 0 0 0 0 0 0 0 21 0 0 0 0 0 2 0 0 0 0 0 0 9 0 14 6 8 10 0 9 11 0 37 0 30 2 11 0 15 21 2 23 0 0 0 0 0 0 19 1 0 0 0 0 0 0 0 0 0 0 0 0 0 2 0 0 0 0 0 0 0 0 0 0 0 0 0 0 0 0 0 0 0 0 0 0 2 0 7 0 0 2 0 0 0 0 0 0 0 0 0 0 0 0 0 0 0 2 3 0 0 3 3 10 2 0 0 0 0 0 0 0 0 0 0 0 0 0 0 0 0 2 0 0 0 2 2 0 0 18 0 0 0 0 0 0 0 0 0 0 0 0 
 46 133 351 184 75 267 335 258 146 179 222 96 155 46 91 0 253 132 115 247 0 3 2 0 0 0 0 0 0 207 0 0 2 209 0 0 0 0 78 213 0 0 0 0 50 0 0 0 27 0 0 0 0 0 2 0 0 0 35 0 23 0 0 1 2 0 2 0 2 0 0 0 0 0 0 0 0 0 0 3 0 35 7 39 13 9 29 10 68 50 15 34 18 22 0 0 13 19 1 31 0 0 0 0 1 0 0 0 2 0 0 0 1 0 0 0 0 0 37 11 0 0 0 0 0 0 14 1 0 0 0 0 0 0 1 0 0 0 0 0 0 1 0 0 0 0 0 0 0 0 0 0 0 0 0 0 0 0 0 0 28 0 23 12 17 1 16 38 0 18 15 0 6 3 0 12 0 10 13 0 0 0 0 0 0 0 0 0 0 0 0 0 5 0 0 0 0 0 0 0 0 0 0 0 0 0 0 2 0 0 2 0 0 0 0 0 0 0 0 0 0 0 0 0 0 0 0 0 0 0 0 0 0 0 0 0 0 0 0 0 0 0 0 0 0 1 87 0 3 3 1 1 0 2 0 0 0 0 0 0 0 0 18 0 0 0 0 0 0 0 45 0 0 0 0 41 0 0 0 0 0 0 0 0 0 0 0 0 0 0 
 136 149 54 135 205 119 41 239 150 131 321 166 40 262 137 253 0 80 55 43 0 3 2 0 0 0 0 2 0 0 1 0 1 0 0 0 0 0 4 20 0 0 0 0 0 0 0 0 2 0 0 0 0 67 2 4 0 0 3 0 7 0 0 3 2 0 0 0 3 0 0 0 0 0 0 0 0 0 37 16 40 0 8 28 25 22 0 9 66 107 14 11 0 0 16 24 17 19 0 0 10 10 1 0 0 0 0 8 1 0 0 2 14 26 20 0 0 0 30 34 0 0 0 0 0 0 0 0 0 0 0 0 0 0 0 0 0 2 0 0 0 6 0 0 0 0 0 0 0 0 0 0 0 2 0 0 0 0 0 0 23 0 26 47 45 6 0 0 0 66 15 35 0 17 0 24 13 13 0 0 11 11 0 1 0 0 44 1 7 0 0 0 3 11 0 0 0 0 0 11 0 2 0 0 0 0 0 0 0 0 0 0 0 0 0 1 0 0 0 0 0 0 0 0 0 0 0 1 0 2 0 0 0 0 0 0 0 0 0 0 0 0 0 0 0 2 0 1 9 84 0 11 18 0 0 0 0 0 0 0 0 0 0 31 0 0 0 0 0 0 0 0 0 0 0 20 29 3 0 0 0 0 0 0 0 0 0 0 0 0 
 162 51 35 580 183 222 47 29 283 439 43 85 449 220 205 132 80 0 47 36 80 3 3 4 0 0 2 0 0 0 0 0 81 1 0 0 0 0 2 73 0 0 0 0 2 0 0 0 2 0 0 0 0 1 2 0 0 0 3 0 0 0 0 1 2 0 2 0 2 0 0 0 0 0 0 0 0 3 0 10 0 37 18 10 33 11 0 0 6 0 0 15 15 11 31 24 29 33 0 6 0 0 7 0 0 0 0 0 0 0 0 0 3 0 0 0 0 0 27 21 0 0 0 0 0 0 0 10 0 13 0 0 0 0 0 0 0 0 0 13 0 20 0 0 0 1 0 0 0 0 0 0 0 0 0 0 1 0 0 0 20 10 0 20 1 12 0 0 17 0 0 0 0 0 33 0 48 16 0 14 11 0 14 0 0 13 3 10 0 0 0 2 7 15 0 0 0 0 11 21 0 0 0 2 0 0 18 0 0 0 0 0 0 0 0 0 0 0 0 0 0 0 0 0 0 2 0 0 2 0 0 0 0 0 1 0 0 13 0 0 0 10 0 0 0 0 0 0 0 2 13 9 23 0 0 0 0 0 0 0 0 0 0 0 0 0 0 0 0 0 0 0 0 0 0 5 9 15 0 0 0 0 0 0 0 0 0 0 0 0 
 53 63 39 62 43 56 232 210 64 79 125 296 187 107 53 115 55 47 0 112 0 6 2 0 0 3 2 0 4 0 77 1 1 0 0 0 0 0 3 5 0 0 0 37 0 0 0 0 2 0 3 0 0 0 5 0 3 0 3 0 0 0 0 3 2 0 0 0 2 0 0 3 3 0 2 0 0 1 3 0 44 10 0 0 0 0 29 10 0 13 18 8 2 27 10 0 12 30 2 53 0 0 0 0 0 2 1 0 0 0 0 0 0 0 0 1 0 0 12 17 0 0 0 0 0 0 0 0 0 0 0 0 0 1 0 0 0 0 0 2 0 0 0 0 0 0 0 0 0 11 0 0 8 0 0 0 21 0 0 0 7 16 1 0 0 0 1 10 7 0 7 0 1 31 13 18 8 0 1 1 0 0 0 0 0 0 0 0 0 0 0 0 0 0 0 0 0 0 0 0 0 0 2 0 0 0 0 0 0 0 0 0 0 0 0 0 0 0 1 0 0 0 0 0 0 0 1 0 0 0 0 0 0 0 0 0 0 0 0 0 0 0 0 0 0 1 2 0 0 1 0 5 0 13 0 0 0 0 0 0 0 0 8 0 0 0 0 0 0 0 0 0 0 0 0 0 0 0 0 0 0 0 0 0 0 0 0 0 0 0 
 221 54 44 38 111 50 331 141 135 82 60 254 88 179 198 247 43 36 112 0 0 3 2 0 0 0 0 0 0 0 0 0 2 2 0 0 0 0 2 0 0 0 0 0 0 0 0 0 56 0 0 0 0 65 3 0 0 0 3 0 0 0 0 2 2 0 1 0 2 0 0 0 0 0 0 0 0 0 0 0 23 3 28 11 0 0 39 27 0 12 12 0 19 61 14 0 4 28 10 41 0 0 3 0 0 1 0 0 0 0 0 0 0 0 0 1 0 10 0 0 0 0 0 0 0 0 0 0 0 0 0 0 0 2 0 0 0 0 0 0 0 5 0 0 19 0 0 0 17 0 0 0 0 0 0 0 0 0 0 0 27 1 25 0 0 0 18 19 10 27 11 12 22 0 14 5 14 19 10 27 0 0 0 0 0 0 0 0 0 0 0 0 0 0 0 0 0 0 0 0 0 0 0 0 0 0 0 0 0 0 0 0 0 0 0 0 0 0 0 0 0 0 0 0 0 0 2 0 0 0 0 0 0 0 0 0 0 0 0 0 0 0 0 0 0 0 3 0 2 0 0 0 0 0 0 0 0 0 0 0 0 0 0 0 0 0 0 0 0 0 0 0 0 0 0 19 0 0 0 0 0 0 0 0 0 0 0 0 0 0 
 0 0 2 36 0 37 77 0 0 3 0 0 0 0 0 0 0 80 0 0 0 150 161 239 27 30 56 315 193 125 128 27 187 148 153 49 353 26 248 28 2 2 0 1 0 4 3 2 3 3 0 3 2 0 0 4 205 2 0 0 0 2 16 2 2 0 3 0 0 0 2 2 2 0 0 1 2 2 0 0 0 0 22 0 17 6 0 0 0 0 0 0 0 0 0 0 18 0 0 0 13 19 8 10 2 31 15 20 19 19 52 4 9 110 40 73 26 0 0 66 0 0 0 0 0 0 0 0 0 0 9 0 0 0 0 0 0 0 0 0 0 0 0 0 0 5 0 0 0 0 0 0 0 0 0 0 0 0 0 0 8 0 0 0 0 0 0 0 0 0 0 20 0 0 0 0 0 0 0 2 19 59 56 30 21 30 18 29 1 28 0 36 19 0 59 23 2 47 15 25 0 0 0 0 1 0 0 0 0 0 0 0 34 0 0 0 0 0 0 17 0 0 0 0 7 0 0 0 0 0 0 0 0 0 0 0 0 0 0 0 0 0 0 0 0 0 0 0 0 0 0 0 0 0 7 0 0 2 0 2 0 0 0 0 0 0 0 0 0 0 0 0 0 0 0 0 0 0 0 0 0 0 0 0 0 26 0 0 0 0 
 41 14 3 3 3 3 3 3 3 3 28 4 3 3 3 3 3 3 6 3 150 0 439 59 44 315 134 232 311 77 177 196 131 118 149 332 338 125 55 84 13 0 2 0 0 1 5 2 3 1 0 0 3 0 0 0 56 0 124 0 0 0 0 2 0 0 4 0 0 0 2 2 2 0 0 1 3 1 0 8 0 1 0 0 0 0 0 0 1 0 0 0 0 0 0 0 0 0 0 0 9 17 4 1 0 31 24 0 0 6 36 13 11 0 20 0 57 13 0 0 12 0 0 0 0 0 17 19 0 0 0 0 16 0 0 12 0 0 0 30 0 0 1 0 0 0 0 0 0 0 0 0 33 0 2 0 0 76 0 0 0 0 0 0 0 0 0 0 0 0 5 4 0 0 0 0 0 6 0 0 36 54 19 50 0 0 0 0 56 8 40 0 10 11 11 42 11 1 41 19 13 0 0 0 0 0 0 0 0 0 0 0 0 1 9 0 0 0 17 12 0 0 0 0 0 0 0 0 0 0 0 0 0 1 0 0 0 0 0 0 0 0 10 0 0 0 0 0 0 0 0 0 0 0 2 0 1 74 78 2 3 2 0 0 0 0 0 0 0 0 0 0 0 0 0 0 0 0 0 0 0 0 0 0 0 21 0 0 0 0 
 2 2 5 2 71 2 2 3 2 7 3 2 2 2 2 2 2 3 2 2 161 439 0 117 200 60 61 183 501 318 34 124 59 311 423 275 209 120 46 105 8 0 0 0 0 1 3 2 0 0 0 0 3 119 0 0 0 1 56 0 0 1 0 2 0 0 3 0 0 0 2 2 2 0 0 0 0 1 0 0 0 0 0 0 0 0 0 0 0 0 0 0 0 0 0 0 0 0 0 0 47 14 9 0 43 0 14 0 1 0 16 3 0 8 20 19 6 32 0 0 0 0 0 0 0 0 19 30 0 0 16 0 2 0 0 10 13 0 0 30 0 0 0 0 0 0 0 28 0 0 0 0 0 0 0 0 0 6 0 0 0 0 0 0 1 1 0 0 0 2 7 2 0 0 0 0 0 6 0 0 21 4 18 27 9 24 0 20 17 0 49 27 16 5 13 27 8 18 0 0 0 0 0 0 0 0 14 0 0 0 0 0 39 0 10 0 0 0 15 0 0 0 0 0 0 0 0 0 0 0 0 8 0 0 0 0 0 0 0 0 0 0 0 0 0 0 0 0 0 0 0 0 0 0 4 1 0 1 1 4 2 10 0 0 0 0 0 0 0 0 0 0 0 0 0 0 0 0 0 17 0 0 0 0 0 19 0 0 0 0 
 0 0 0 0 2 2 0 1 1 2 0 0 0 0 0 0 0 4 0 0 239 59 117 0 191 61 166 237 80 115 176 81 72 177 84 123 137 255 84 61 2 0 0 0 0 3 6 3 7 67 0 0 8 0 0 0 0 207 37 0 0 0 0 2 1 0 3 0 0 0 2 2 2 0 0 0 0 81 0 0 0 0 0 0 0 0 0 0 0 0 0 0 0 2 0 0 0 0 0 0 13 29 17 27 14 45 0 10 1 48 19 40 0 7 9 48 2 9 0 19 0 8 17 0 0 0 0 16 9 0 15 0 12 9 0 11 0 18 12 16 0 0 0 0 0 5 1 0 0 0 0 0 0 0 0 0 0 0 1 0 0 0 1 0 0 0 0 0 0 0 0 1 0 0 0 0 0 0 0 0 0 8 18 0 29 48 0 10 0 14 12 69 0 13 32 11 42 40 0 0 34 0 12 2 0 0 0 0 0 0 0 0 22 0 18 14 0 13 0 24 0 0 0 0 0 0 0 0 0 0 0 0 0 0 0 0 0 0 0 0 0 0 0 0 0 0 0 0 23 0 0 0 0 0 13 1 0 80 77 0 9 0 0 0 0 0 0 0 0 0 0 0 0 0 0 0 1 0 0 0 0 0 0 0 0 0 0 0 0 0 
 0 1 0 2 0 0 3 0 0 0 4 1 0 0 0 0 0 0 0 0 27 44 200 191 0 250 213 87 147 105 81 126 295 88 171 154 274 44 88 73 2 0 0 0 0 2 3 2 0 0 0 1 66 0 62 0 1 0 81 0 0 0 0 2 45 0 3 0 0 0 2 2 2 0 0 0 0 2 0 0 0 1 0 0 0 0 0 0 0 0 0 2 0 0 0 0 0 0 21 0 10 4 0 13 0 18 0 15 0 1 0 0 0 0 9 0 0 9 0 14 12 11 16 0 0 0 34 56 46 0 12 0 0 24 11 20 12 0 22 21 0 0 0 0 0 0 0 0 0 0 0 0 0 0 0 0 0 5 0 0 0 0 0 0 0 0 0 0 1 0 0 11 0 0 2 0 0 1 0 0 0 10 9 21 1 0 0 0 0 0 24 0 0 2 0 0 20 0 0 0 0 1 0 11 2 0 29 11 0 14 2 0 9 13 1 20 0 0 8 13 0 0 0 0 0 0 0 0 0 0 0 0 0 1 0 0 0 0 0 0 0 0 0 0 0 0 0 0 0 0 0 0 0 0 0 2 4 6 81 0 12 5 0 0 0 0 0 0 0 0 3 0 0 0 0 0 0 0 0 9 0 0 0 0 0 0 0 0 0 0 
 2 0 35 0 0 3 0 0 0 210 0 1 202 0 0 0 0 0 3 0 30 315 60 61 250 0 246 50 95 218 76 150 37 37 57 125 171 327 67 47 0 0 64 0 0 3 30 34 63 0 0 0 3 67 0 0 5 0 0 72 0 0 0 0 2 33 0 0 0 0 0 0 0 0 0 0 0 0 0 0 0 0 0 0 0 0 0 0 0 0 0 0 0 0 0 0 0 0 0 0 0 0 9 15 5 1 0 0 0 0 0 6 0 0 2 9 14 10 0 0 13 29 32 0 0 0 15 35 0 15 0 0 13 0 32 2 1 0 26 86 0 0 1 0 0 0 0 20 0 0 0 0 0 0 0 0 0 0 0 0 0 0 0 0 0 3 0 0 0 0 4 2 2 0 0 0 0 5 0 0 0 0 0 0 10 1 0 0 0 30 15 0 0 0 0 0 0 10 0 0 1 0 14 0 5 0 78 19 15 1 15 0 32 0 18 20 0 12 9 0 29 0 0 0 20 0 0 0 0 0 0 0 0 0 11 0 0 0 0 0 0 0 0 0 0 1 0 0 0 0 0 75 0 0 1 8 0 76 1 0 4 1 0 0 0 0 0 0 0 0 10 0 0 0 0 0 0 0 0 7 0 1 0 0 0 0 0 0 0 0 
 2 0 2 0 0 2 2 4 1 2 0 0 1 7 1 0 0 2 2 0 56 134 61 166 213 246 0 288 346 29 108 26 86 123 124 23 102 99 53 126 2 1 1 0 0 3 3 2 19 6 1 0 3 1 0 0 0 0 0 7 0 0 0 28 1 6 3 0 0 0 2 13 2 0 0 0 0 3 0 0 0 0 0 0 0 0 0 0 0 0 0 0 0 1 0 0 0 0 0 0 24 33 1 21 0 9 0 23 1 28 8 0 0 20 10 24 6 8 0 18 0 0 0 0 0 0 0 0 0 0 0 0 0 0 0 0 1 0 41 0 0 0 0 0 0 5 0 0 0 0 0 0 0 0 0 0 0 0 1 0 0 0 0 0 0 0 0 0 0 0 0 0 0 0 0 0 0 0 0 0 0 11 34 10 22 39 0 0 0 16 0 32 0 13 13 18 11 19 0 0 0 0 0 1 0 0 0 0 0 0 0 0 21 0 0 0 0 0 0 5 0 0 0 0 0 0 0 0 0 0 0 0 0 0 0 0 0 0 0 0 0 0 0 0 0 0 0 0 0 0 0 0 0 0 67 0 2 4 2 3 24 0 0 0 0 0 0 0 0 0 1 1 0 0 0 0 0 0 0 9 0 0 0 0 0 19 0 0 0 0 
 0 0 0 0 2 2 5 0 0 1 3 0 0 0 0 0 2 0 0 0 315 232 183 237 87 50 288 0 469 39 146 89 176 278 99 55 195 45 168 209 2 0 0 0 0 1 3 2 6 11 0 0 2 0 0 0 0 0 0 0 0 0 4 2 0 0 3 0 6 0 2 2 2 0 0 0 0 0 0 0 0 0 0 0 0 10 0 0 33 0 0 6 0 0 0 0 0 0 2 0 22 0 0 0 0 13 16 0 2 13 22 21 1 20 28 12 57 12 0 0 1 0 0 1 0 0 9 0 0 0 13 0 17 0 0 0 0 0 27 0 0 0 0 0 0 6 0 0 13 0 0 0 0 0 0 0 0 0 0 0 1 0 0 0 0 0 0 0 0 0 2 1 4 0 0 1 0 0 0 14 0 15 28 10 8 30 0 10 2 20 0 32 0 0 24 20 12 20 12 0 20 0 0 0 0 0 1 0 0 0 0 0 22 0 0 0 0 0 0 16 0 0 0 2 0 0 0 0 0 0 0 0 0 0 0 0 0 0 0 0 0 0 0 0 0 0 0 0 0 1 0 0 0 0 1 0 4 78 1 0 0 1 0 0 0 0 0 0 0 0 0 0 0 0 0 0 1 2 0 0 0 0 0 0 0 8 0 0 0 0 
 0 0 0 0 0 2 0 2 0 0 0 0 1 0 0 0 0 0 4 0 193 311 501 80 147 95 346 469 0 477 88 383 175 185 90 83 384 239 82 90 5 0 0 0 0 2 3 2 4 1 0 0 3 103 0 0 0 0 57 0 0 0 0 2 1 0 3 0 0 0 2 2 2 0 0 0 0 1 0 0 0 0 0 0 0 0 0 0 0 0 0 0 0 1 0 0 0 0 0 6 14 0 20 0 0 5 7 0 11 11 61 0 0 19 7 1 0 0 0 0 2 0 0 0 0 0 30 36 0 0 15 0 0 0 0 25 15 0 0 21 0 0 0 0 0 0 0 0 0 0 0 0 0 0 21 0 0 14 0 0 0 0 0 0 0 0 0 0 0 0 6 0 0 0 0 0 0 8 0 0 18 4 0 41 9 22 0 7 16 1 39 10 10 11 12 0 22 0 12 0 1 0 0 1 0 0 7 0 0 0 0 18 34 0 14 0 0 0 27 5 0 0 0 0 0 0 0 0 0 0 0 0 0 0 0 0 0 0 0 0 0 0 9 0 0 0 0 0 0 0 0 0 0 0 74 0 1 1 1 2 2 13 0 0 0 0 0 0 0 0 0 1 0 0 0 0 1 0 0 0 0 0 0 0 0 0 0 0 0 0 
 0 0 16 0 1 0 0 0 0 0 2 0 0 1 0 207 0 0 0 0 125 77 318 115 105 218 29 39 477 0 96 210 71 383 215 867 402 357 78 289 2 0 0 0 0 12 67 6 0 0 0 0 74 1 1 1 5 0 62 0 0 0 0 2 0 0 3 0 0 0 2 2 6 0 6 0 0 0 0 4 0 0 0 0 0 0 0 0 0 0 0 0 0 0 1 0 0 7 0 0 0 0 11 13 34 26 0 0 23 19 9 13 0 0 1 31 10 20 0 0 11 8 0 0 0 0 33 20 20 0 77 0 18 1 0 20 12 11 17 23 0 0 0 0 2 0 0 0 0 0 0 0 0 0 0 0 0 11 0 0 0 0 0 0 0 0 0 0 0 0 7 3 0 21 0 0 0 2 0 0 0 0 0 28 42 17 0 13 1 9 30 10 0 0 14 9 0 28 0 2 1 0 22 0 0 0 0 1 0 0 9 0 0 0 14 0 0 20 29 0 0 0 0 0 0 0 1 0 0 0 0 0 0 0 0 1 0 0 0 0 0 0 0 0 0 0 0 0 0 0 0 0 0 0 3 3 0 2 86 0 5 11 0 0 0 0 0 0 0 0 0 0 0 0 0 0 0 0 0 1 0 9 0 0 0 0 0 0 0 0 
 0 0 1 0 0 2 0 0 0 4 0 0 1 0 0 0 1 0 77 0 128 177 34 176 81 76 108 146 88 96 0 110 120 99 77 80 138 144 115 52 2 207 0 0 63 1 210 3 0 2 0 0 3 6 0 0 0 0 25 0 0 0 0 2 0 0 3 0 0 0 2 2 2 0 0 0 49 0 0 0 0 0 12 0 0 0 0 0 0 1 0 8 0 0 0 0 0 0 0 0 0 0 14 14 9 73 0 21 19 48 26 22 0 6 18 9 21 1 2 17 4 41 16 0 0 0 8 22 19 0 14 0 26 9 0 11 0 10 11 14 0 0 0 0 0 0 0 0 0 0 0 0 0 1 0 0 0 1 0 0 0 1 0 0 0 0 0 0 0 0 0 0 0 0 0 0 0 0 1 0 13 23 10 0 34 47 0 0 22 0 14 19 16 19 8 1 12 12 1 0 31 0 13 0 0 0 11 0 0 0 0 0 18 0 42 21 0 30 58 48 0 1 0 0 0 0 0 0 2 0 0 0 0 0 0 0 2 0 0 0 0 0 0 0 0 0 0 0 0 0 0 0 0 0 5 0 2 82 79 1 0 0 0 0 0 0 0 0 0 0 0 0 0 0 0 0 0 0 0 0 0 9 0 0 0 0 0 0 0 0 
 0 0 34 0 1 3 3 0 0 2 2 0 2 0 0 0 0 0 1 0 27 196 124 81 126 150 26 89 383 210 110 0 34 29 20 338 81 357 29 26 65 0 1 0 210 5 5 4 0 0 63 1 6 15 0 0 5 0 79 0 0 0 0 2 2 0 3 0 0 1 2 4 2 0 0 0 0 2 0 0 0 0 0 0 0 0 0 0 0 0 0 0 0 0 0 0 0 0 0 0 0 0 3 0 3 13 0 0 0 12 17 9 0 0 0 0 0 0 0 0 16 24 12 2 0 0 70 70 7 0 0 0 1 45 11 66 11 6 28 42 0 0 0 0 0 0 0 0 0 0 0 0 0 0 0 0 0 7 0 0 1 0 0 0 0 6 0 0 0 0 2 2 0 0 0 2 0 29 0 0 0 3 0 10 23 0 0 0 17 0 29 17 0 0 0 0 9 2 0 0 6 0 7 0 0 0 10 10 0 0 14 0 12 13 38 8 4 29 21 8 1 0 0 0 1 0 0 0 0 0 0 2 1 0 0 0 0 0 1 0 0 0 0 0 0 0 0 0 0 0 0 0 0 0 1 0 2 105 0 2 6 8 0 0 0 0 0 0 0 0 0 0 0 0 0 0 0 1 0 0 0 1 0 0 0 0 0 0 0 0 
 34 0 1 74 77 25 79 2 77 0 3 76 2 4 3 2 1 81 1 2 187 131 59 72 295 37 86 176 175 71 120 34 0 168 337 328 122 23 88 72 2 0 0 0 0 64 3 2 0 0 0 0 2 0 0 0 0 0 0 0 0 0 0 2 0 0 3 0 0 0 2 2 2 0 0 0 0 0 37 0 0 0 0 0 0 0 0 0 0 0 1 0 0 0 0 0 0 22 0 0 23 13 13 11 0 0 27 24 11 0 18 10 15 0 0 0 22 1 0 1 0 0 18 0 0 0 0 0 0 0 0 0 0 0 0 0 0 0 0 0 0 0 20 0 0 0 0 0 0 0 0 0 0 0 0 0 0 0 0 0 0 10 0 0 1 7 0 0 0 0 0 0 0 0 0 0 0 10 0 0 18 11 24 8 0 0 28 2 11 0 0 0 11 40 24 13 0 8 22 17 0 0 0 0 0 0 0 0 0 0 0 0 0 0 0 9 0 0 0 0 0 0 0 0 0 0 0 0 0 0 0 0 0 0 0 0 2 0 9 0 0 0 0 0 0 0 75 0 0 0 0 0 0 0 3 0 1 0 0 0 0 0 0 0 0 0 11 0 0 0 0 0 0 0 10 0 0 0 0 0 0 0 2 0 0 17 15 0 0 0 
 0 0 9 8 0 2 0 1 0 80 80 0 0 0 2 209 0 1 0 2 148 118 311 177 88 37 123 278 185 383 99 29 168 0 203 93 61 25 147 313 5 17 0 0 0 3 5 2 0 0 2 0 3 0 1 0 0 2 0 0 0 0 0 2 3 0 2 0 0 4 3 2 2 0 0 1 2 3 3 0 0 0 2 0 1 27 0 0 0 10 0 19 0 0 0 0 0 0 0 0 28 8 0 0 14 21 29 1 15 2 0 0 26 10 23 38 17 20 0 0 0 0 0 0 0 0 0 0 0 0 14 0 0 0 0 0 0 0 0 0 6 0 0 0 0 0 0 0 0 0 0 0 0 0 0 0 0 0 3 0 0 0 0 0 0 0 0 0 0 0 0 1 33 1 1 0 0 0 0 3 11 1 18 11 10 13 1 35 21 0 6 14 7 7 11 58 7 12 30 1 13 0 0 0 0 0 0 0 0 0 0 0 0 0 0 0 0 0 0 12 0 0 0 0 0 0 0 0 0 0 0 0 0 0 0 0 0 0 0 0 0 0 10 0 0 0 0 0 0 75 0 1 0 0 12 0 1 0 0 2 4 0 0 0 0 0 0 0 0 0 0 0 0 0 0 0 14 0 0 3 0 13 0 0 0 23 0 0 0 0 
 0 0 0 0 3 0 1 0 0 0 0 0 0 3 0 0 0 0 0 0 153 149 423 84 171 57 124 99 90 215 77 20 337 203 0 623 325 36 149 326 13 203 0 0 1 2 206 2 1 1 2 2 2 2 0 0 0 0 0 1 0 0 3 2 2 0 3 0 0 0 2 2 2 0 0 0 0 2 0 0 0 0 0 0 0 0 0 0 0 0 0 0 0 0 0 0 0 0 0 0 22 39 14 12 0 1 63 0 13 22 0 11 10 8 4 0 14 26 0 0 0 0 0 0 0 0 0 0 0 0 0 0 0 0 0 0 0 0 14 0 6 0 0 0 0 0 0 0 0 0 0 0 0 0 0 0 0 0 8 0 0 0 0 2 14 8 0 0 0 0 0 4 2 0 0 0 0 2 0 0 26 24 36 22 0 0 22 0 27 1 26 0 12 17 18 36 18 0 38 58 0 0 0 0 0 0 0 0 0 0 0 0 0 0 0 1 0 0 0 0 0 0 0 0 0 10 0 0 0 0 0 0 0 0 0 20 0 0 0 0 0 0 11 0 0 0 0 0 0 0 0 0 0 0 13 0 2 0 3 1 9 0 0 0 0 0 18 0 0 0 0 0 0 0 0 0 0 0 0 0 0 0 0 0 0 25 12 0 0 0 
 70 0 0 52 0 6 0 0 0 0 3 78 65 3 0 0 0 0 0 0 49 332 275 123 154 125 23 55 83 867 80 338 328 93 623 0 163 97 46 61 11 0 0 3 0 66 6 2 3 2 0 3 2 75 0 0 0 0 0 1 0 0 0 2 1 0 3 0 1 2 2 5 2 0 1 26 0 37 0 0 0 0 0 0 0 0 0 0 0 0 0 0 0 0 0 0 0 0 0 0 41 12 23 13 23 0 29 21 24 0 13 0 19 0 3 19 34 50 0 0 0 0 0 0 0 0 12 12 0 0 0 0 18 0 0 0 0 0 0 9 7 0 0 0 0 0 0 0 0 0 0 0 0 0 0 0 0 0 0 0 0 0 0 0 14 0 0 0 0 0 10 1 0 0 0 0 0 3 0 0 32 1 1 27 0 0 1 11 13 11 70 1 18 15 23 38 19 27 21 22 0 0 0 0 0 0 25 0 0 0 0 0 12 0 11 15 0 0 13 0 0 0 0 0 0 0 0 0 0 0 0 0 0 0 0 0 0 0 0 0 0 0 14 0 0 0 77 0 1 0 0 0 0 0 1 2 3 0 1 1 1 2 0 0 0 0 1 0 0 0 0 0 0 0 0 0 0 0 0 15 0 0 0 0 0 0 7 0 0 0 
 1 0 1 0 0 5 2 0 2 0 4 0 0 0 0 0 0 0 0 0 353 338 209 137 274 171 102 195 384 402 138 81 122 61 325 163 0 237 33 49 2 0 0 0 0 2 3 2 5 7 0 1 31 0 0 0 163 0 3 1 0 0 0 2 1 0 3 30 0 0 7 2 2 0 0 0 0 2 0 0 0 0 0 0 0 13 0 0 0 0 0 2 0 0 0 0 0 2 0 0 1 15 90 2 9 28 14 0 22 21 70 38 0 21 1 19 24 11 0 0 0 0 0 0 0 0 0 0 0 0 0 2 16 0 0 4 0 0 0 77 0 0 19 0 0 0 0 0 0 0 1 0 0 0 0 2 0 1 8 0 0 0 0 0 0 0 0 0 0 0 6 4 0 0 0 0 0 4 0 0 9 19 1 18 10 36 2 51 20 18 22 18 0 5 24 24 10 27 15 2 17 0 0 0 0 0 6 2 0 0 0 0 23 0 1 0 0 0 23 3 0 0 0 0 0 0 0 0 0 0 0 0 0 0 0 0 0 0 1 0 0 0 0 0 0 0 0 0 0 0 0 0 0 0 6 1 0 3 157 1 4 0 0 0 0 0 1 0 0 0 0 0 0 0 0 0 0 0 0 0 0 0 0 11 0 0 6 0 0 0 
 0 0 2 2 0 2 3 1 0 2 3 3 0 0 0 0 0 0 0 0 26 125 120 255 44 327 99 45 239 357 144 357 23 25 36 97 237 0 32 137 3 0 0 0 0 2 65 2 46 6 0 0 66 63 0 0 0 1 124 0 0 0 0 27 2 0 3 0 0 2 2 5 2 0 0 0 0 56 0 0 0 0 0 0 0 0 0 0 0 0 0 0 0 2 0 0 0 0 0 0 10 0 12 0 10 0 0 0 0 17 18 6 11 21 0 3 0 0 0 0 28 19 0 0 0 0 15 46 31 0 34 0 0 12 0 63 12 8 21 25 0 0 0 0 0 0 1 0 0 0 0 0 0 0 0 0 0 24 0 0 0 0 1 0 0 5 0 0 0 0 5 2 0 0 0 0 0 11 0 0 0 0 0 28 26 11 0 0 0 9 41 35 0 0 0 0 11 0 0 0 8 0 0 2 0 0 9 1 0 0 0 0 10 0 10 13 0 0 0 12 0 0 0 0 0 0 0 0 0 0 0 0 0 0 0 0 0 0 0 0 0 0 0 0 0 0 0 0 0 0 0 0 0 0 6 1 0 18 1 0 0 17 0 0 0 0 0 0 0 0 0 0 0 0 0 0 2 0 0 0 0 0 0 0 0 0 0 0 0 0 
 2 80 76 2 4 78 2 2 88 4 2 152 2 2 2 78 4 2 3 2 248 55 46 84 88 67 53 168 82 78 115 29 88 147 149 46 33 32 0 176 2 9 0 5 0 2 12 2 0 0 0 0 3 5 3 0 0 0 6 0 7 0 33 2 6 0 3 0 6 1 2 2 2 0 0 0 1 0 0 0 0 0 6 17 16 52 0 0 26 14 26 26 0 0 0 0 0 0 0 0 0 0 0 0 22 0 22 1 0 0 0 0 15 0 14 8 0 6 26 0 0 0 0 0 0 0 0 0 0 0 0 0 0 0 16 0 0 0 0 0 14 0 0 0 0 0 0 0 0 0 0 0 0 0 0 0 0 0 9 0 0 0 12 46 22 24 0 0 0 8 0 0 0 0 0 7 3 0 0 3 8 8 1 26 0 0 8 16 0 11 0 0 10 12 0 15 0 10 0 15 0 0 0 0 0 0 0 0 0 0 0 0 0 0 0 5 0 0 0 0 0 0 0 0 0 0 0 0 0 0 0 0 0 0 0 0 0 0 0 0 0 0 0 0 0 0 0 0 0 0 0 0 0 0 3 2 2 0 0 0 0 0 0 0 0 0 0 0 0 0 0 0 0 0 0 0 0 0 0 0 0 22 0 0 0 0 0 0 0 0 
 0 74 61 76 115 61 2 0 150 154 222 74 0 0 0 213 20 73 5 0 28 84 105 61 73 47 126 209 90 289 52 26 72 313 326 61 49 137 176 0 15 0 0 0 0 65 3 2 4 1 4 0 8 6 0 0 0 0 0 78 7 50 2 3 1 0 3 0 0 0 2 2 6 0 0 6 0 2 0 0 0 0 0 13 1 22 0 0 15 70 12 38 0 0 0 0 0 14 0 0 20 11 11 0 0 0 13 44 1 0 13 0 19 23 18 0 0 7 10 15 0 0 0 0 0 0 0 0 0 0 0 1 0 0 0 0 0 0 0 0 0 0 0 0 0 0 0 0 0 0 2 0 0 0 0 0 0 0 0 0 0 0 0 19 5 0 0 0 0 9 0 14 4 0 0 9 4 0 0 3 35 9 0 20 0 14 21 7 7 0 0 0 44 42 0 7 7 0 12 20 0 0 0 0 0 0 0 9 0 0 0 0 0 0 0 7 0 0 0 0 0 0 0 0 10 0 0 0 0 0 0 0 0 0 0 0 0 0 0 0 0 0 11 0 0 0 74 0 24 74 0 0 0 0 11 0 0 0 1 0 2 0 0 0 0 0 0 0 0 0 0 0 0 0 0 0 19 1 0 0 0 0 0 0 0 0 0 0 0 0 
 0 0 0 0 0 0 0 0 0 0 3 0 0 3 0 0 0 0 0 0 2 13 8 2 2 0 2 2 5 2 2 65 2 5 13 11 2 3 2 15 0 115 234 30 48 34 364 287 92 108 133 28 232 410 104 29 275 56 66 125 0 0 0 0 0 0 0 0 0 0 0 0 0 0 0 0 0 0 0 0 0 0 0 0 0 20 0 0 0 0 0 0 0 0 0 0 0 0 0 0 2 11 0 0 0 1 6 0 0 0 0 8 5 3 10 0 16 6 0 0 6 0 0 1 0 0 1 17 47 9 0 9 9 0 43 0 27 1 0 1 0 0 0 0 0 0 0 0 0 0 0 0 0 0 0 0 0 0 0 0 0 0 0 0 0 2 0 0 0 0 0 1 0 0 0 0 0 3 0 0 10 0 0 15 9 10 0 0 13 0 21 6 10 10 0 4 8 0 45 0 0 10 20 39 19 0 7 65 21 6 16 0 23 20 9 0 0 0 0 0 12 0 0 0 0 0 0 0 0 0 0 0 0 0 0 0 0 0 10 0 0 0 8 0 0 0 0 0 0 0 0 7 0 9 0 0 0 0 1 1 0 0 34 0 0 2 0 0 0 0 0 0 0 0 0 0 0 0 0 0 0 0 0 0 0 0 0 18 0 0 
 0 0 0 0 0 6 0 0 0 0 0 0 0 0 0 0 0 0 0 0 2 0 0 0 0 0 1 0 0 0 207 0 0 17 203 0 0 0 9 0 115 0 177 353 268 34 378 192 421 306 56 589 138 37 189 334 91 35 35 99 0 0 0 5 0 2 0 0 0 3 0 3 0 1 0 8 0 0 0 50 0 0 0 0 0 0 0 0 0 0 0 0 0 0 0 0 0 0 0 0 0 0 0 0 0 0 0 0 0 0 0 0 0 0 0 0 0 0 0 0 9 0 1 28 15 0 0 0 0 1 0 40 0 0 0 0 0 22 1 0 0 0 0 0 0 0 0 0 0 0 0 0 0 0 20 0 0 0 11 3 0 0 0 0 0 0 0 0 0 0 0 0 0 0 0 0 0 0 0 0 0 0 0 0 0 0 0 0 0 0 0 0 0 0 0 0 0 0 0 0 0 15 13 26 46 3 0 10 33 16 10 23 0 10 0 19 2 2 0 0 40 0 0 0 0 4 20 0 0 0 0 7 19 0 6 0 0 0 24 7 0 0 15 0 0 0 0 0 0 19 0 0 0 2 0 0 0 0 1 10 0 0 34 1 68 56 0 0 0 0 0 0 0 0 0 0 0 0 0 0 0 0 0 0 10 0 0 0 0 0 
 0 0 0 0 0 0 0 0 0 0 3 0 0 0 0 0 0 0 0 0 0 2 0 0 0 64 1 0 0 0 0 1 0 0 0 0 0 0 0 0 234 177 0 78 86 46 232 201 92 241 30 21 177 115 192 73 43 126 51 179 0 0 0 2 0 0 0 0 0 0 0 0 0 1 0 0 0 0 0 0 0 0 0 0 0 0 0 0 10 0 0 0 0 0 0 0 0 0 0 0 0 0 0 0 0 0 0 0 0 9 0 0 10 15 0 0 0 0 0 0 19 10 0 13 0 0 0 0 11 21 1 25 0 0 6 1 37 11 0 0 0 0 0 0 0 0 0 0 0 0 0 0 0 0 18 0 0 0 0 0 0 0 0 0 0 0 0 0 0 0 0 0 0 0 0 0 0 0 0 0 0 0 1 0 0 0 0 0 0 0 0 0 0 0 0 11 0 0 0 0 1 0 20 68 13 12 16 31 18 15 26 14 14 0 0 9 0 0 3 0 17 0 0 0 0 0 17 0 0 1 0 0 13 0 0 0 0 0 0 0 0 0 0 0 0 0 0 0 0 0 0 12 0 0 0 0 0 0 0 10 0 0 67 1 1 0 0 0 0 0 24 0 0 0 0 0 0 0 0 0 0 0 0 0 0 16 0 12 0 8 
 0 0 3 0 0 0 0 0 0 2 2 0 0 0 0 0 0 0 37 0 1 0 0 0 0 0 0 0 0 0 0 0 0 0 0 3 0 0 5 0 30 353 78 0 534 242 521 61 136 434 169 166 734 365 191 157 208 200 124 133 8 2 3 0 1 0 51 0 3 207 3 0 4 14 0 0 9 5 52 8 0 0 0 0 0 0 0 0 0 0 0 0 0 0 0 0 0 0 14 0 0 0 0 0 18 0 0 0 0 0 0 0 0 0 0 0 0 0 0 0 7 0 0 38 48 22 0 0 0 0 11 36 0 16 0 0 13 14 0 0 6 0 11 3 0 3 10 0 7 8 4 7 0 10 9 20 10 7 0 0 0 0 0 0 0 0 0 0 0 0 0 0 0 0 0 0 0 0 0 0 0 0 0 0 0 0 0 0 0 0 0 0 0 0 0 0 0 0 0 0 0 18 0 0 9 7 0 0 14 23 19 14 0 0 0 0 13 9 0 3 7 1 0 2 0 0 0 0 1 1 0 0 10 6 21 1 4 1 20 2 0 0 0 0 0 0 0 0 0 0 0 12 0 0 0 0 0 0 0 18 0 0 1 7 42 2 4 33 0 0 4 0 0 0 0 0 0 0 0 0 0 0 0 0 21 10 0 1 0 0 
 0 0 50 0 0 3 3 0 0 0 2 0 0 0 0 50 0 2 0 0 0 0 0 0 0 0 0 0 0 0 63 210 0 0 1 0 0 0 0 0 48 268 86 534 0 112 132 120 72 101 168 250 182 128 143 80 162 160 81 96 0 4 51 0 0 0 0 51 0 0 2 0 84 47 57 48 0 210 1 26 0 0 0 0 0 0 0 0 0 0 0 0 0 0 0 0 0 0 0 0 0 0 0 10 0 0 0 0 0 58 0 0 0 0 0 0 0 0 0 0 1 0 0 28 3 7 0 0 0 1 32 26 0 0 0 0 4 6 0 0 9 18 34 0 0 0 4 3 9 0 7 0 27 0 0 0 0 0 5 14 0 0 0 8 0 0 0 7 10 0 0 0 0 0 0 0 0 0 0 0 0 0 0 0 0 0 0 0 0 0 0 0 0 0 0 0 0 0 0 0 0 8 16 37 31 22 0 0 0 0 1 0 7 0 0 4 25 5 0 0 0 0 13 0 0 0 15 1 11 0 0 0 10 7 16 9 0 8 11 7 0 0 25 0 0 0 0 0 0 0 0 12 0 0 0 0 0 0 0 1 0 0 4 0 2 2 8 1 0 0 3 0 0 0 0 0 0 0 0 0 0 0 1 0 11 2 0 0 0 0 
 0 0 0 3 2 65 3 0 0 69 3 45 0 0 0 0 0 0 0 0 4 1 1 3 2 3 3 1 2 12 1 5 64 3 2 66 2 2 2 65 34 34 46 242 112 0 29 29 43 70 385 68 22 67 50 60 106 82 71 90 107 4 0 77 6 51 3 53 0 0 10 0 0 0 1 52 53 0 106 7 0 0 0 15 0 0 0 0 0 0 0 0 0 0 0 0 0 0 0 0 0 0 10 0 12 5 0 20 26 0 0 0 3 0 0 0 0 24 0 0 1 0 0 0 0 0 0 0 0 0 0 0 1 0 0 0 0 0 0 5 33 0 0 10 0 0 11 27 1 0 8 0 47 17 7 1 0 20 11 37 0 0 0 0 24 0 2 0 0 1 10 0 0 0 0 28 0 0 0 0 2 0 0 0 5 0 0 0 0 0 0 0 10 19 7 0 0 0 4 10 0 0 0 0 0 0 0 1 0 0 32 0 0 0 10 4 0 4 3 0 0 17 7 0 8 0 0 3 22 20 20 0 6 16 11 15 28 14 0 0 15 0 0 0 0 0 68 0 0 0 0 17 0 0 0 0 0 0 1 0 0 0 1 0 0 0 0 0 0 0 0 0 0 0 3 0 0 0 0 0 0 8 0 0 0 0 0 0 0 14 
 0 0 2 0 0 0 0 0 0 3 0 0 0 3 0 0 0 0 0 0 3 5 3 6 3 30 3 3 3 67 210 5 3 5 206 6 3 65 12 3 364 378 232 521 132 29 0 560 75 311 107 41 765 90 122 342 27 40 87 208 1 5 12 0 1 0 0 0 5 0 8 0 3 5 5 0 5 5 0 9 0 0 0 0 0 0 0 0 0 0 0 0 0 0 0 0 0 0 0 0 0 0 0 0 2 0 0 0 0 19 0 5 0 0 0 2 0 0 0 0 13 4 21 34 9 0 0 0 3 8 0 9 1 24 9 0 13 32 37 0 0 0 0 9 9 5 1 0 0 0 5 0 0 0 33 0 1 7 0 11 0 0 0 0 0 0 0 0 0 0 12 0 0 0 0 0 0 0 0 0 0 0 0 0 15 1 0 0 9 1 18 25 0 0 0 0 31 3 0 0 17 17 11 8 2 0 13 8 20 9 21 0 0 0 7 0 8 9 0 4 17 0 0 7 3 0 0 0 0 0 1 0 0 0 0 1 0 0 1 9 0 0 0 0 0 0 2 0 0 0 0 10 0 0 0 0 0 62 1 12 0 0 1 3 0 2 0 0 1 0 23 0 0 0 0 5 0 0 0 0 0 0 0 0 0 0 0 0 1 0 
 0 0 0 0 0 6 0 0 0 0 0 0 0 0 0 0 0 0 0 0 2 2 2 3 2 34 2 2 2 6 3 4 2 2 2 2 2 2 2 2 287 192 201 61 120 29 560 0 301 38 44 275 169 82 176 58 115 76 64 176 0 0 0 2 0 0 27 0 0 0 0 0 19 0 0 0 0 0 0 0 0 0 0 0 0 0 0 0 0 0 0 0 0 0 0 0 0 0 0 0 0 0 0 0 3 20 0 0 0 0 0 0 0 0 0 0 0 0 0 0 1 9 75 18 15 0 17 11 6 5 0 20 7 16 15 1 27 4 19 3 0 0 0 0 0 0 43 0 0 7 0 0 0 20 0 0 0 0 0 36 0 0 0 0 0 3 0 0 0 0 0 0 0 0 0 0 0 0 0 0 0 0 0 0 19 12 0 0 0 0 0 1 0 0 0 0 0 0 0 0 0 20 17 8 0 0 19 15 15 9 24 0 20 19 22 0 18 48 23 0 47 0 0 0 0 0 0 0 0 14 0 0 8 4 0 0 0 0 1 6 0 0 17 0 0 0 0 0 0 19 0 2 0 2 0 0 0 0 1 1 0 0 3 1 0 1 0 1 0 0 28 0 59 0 0 0 0 0 0 0 0 0 0 0 0 21 0 9 0 0 
 2 2 2 2 2 5 2 2 2 2 2 2 2 2 2 27 2 2 2 56 3 3 0 7 0 63 19 6 4 0 0 0 0 0 1 3 5 46 0 4 92 421 92 136 72 43 75 301 0 161 61 41 102 163 238 57 59 350 326 136 0 0 0 0 0 0 0 0 0 0 0 0 0 0 0 0 0 0 0 0 0 0 0 0 0 0 0 0 0 0 0 0 0 0 0 0 0 0 0 0 4 0 1 0 0 0 0 0 0 1 5 1 0 6 0 17 0 0 0 0 7 7 11 11 22 0 0 0 0 0 0 20 29 10 13 10 1 33 0 21 0 0 0 0 25 0 0 0 0 0 0 0 0 0 59 0 0 0 0 0 0 0 0 0 0 0 0 0 0 0 0 0 0 0 0 0 0 0 0 0 0 0 0 0 0 10 0 0 0 7 0 9 0 0 0 0 0 0 0 0 13 28 0 0 9 8 0 11 29 1 75 52 0 9 0 8 8 0 6 1 4 0 0 0 8 0 10 0 0 0 0 0 53 0 11 0 0 0 27 25 0 0 0 0 0 0 0 0 0 0 0 10 0 2 0 0 0 0 3 11 0 0 1 2 6 1 1 0 2 0 0 0 0 0 0 0 0 0 0 0 0 0 0 0 4 0 0 0 0 0 
 0 0 0 0 0 0 0 0 0 2 0 0 0 0 0 0 0 0 0 0 3 1 0 67 0 0 6 11 1 0 2 0 0 0 1 2 7 6 0 1 108 306 241 434 101 70 311 38 161 0 295 50 327 85 107 440 619 298 152 316 0 6 2 0 0 0 53 2 0 2 4 4 1 2 0 0 0 0 51 50 8 0 0 0 0 0 0 0 0 0 0 0 0 0 0 0 0 0 0 0 2 0 13 3 0 0 0 0 0 4 6 4 0 0 1 8 0 0 3 0 8 16 0 28 9 20 0 0 9 12 0 12 18 0 0 11 6 10 0 9 0 0 0 0 0 0 8 0 29 7 0 0 0 0 0 8 0 0 4 2 0 0 0 0 0 0 0 0 0 0 0 0 0 0 0 0 0 0 0 0 0 0 11 0 0 6 0 0 0 10 0 3 0 0 0 0 0 0 0 0 16 0 0 12 12 42 0 16 7 9 23 2 5 0 0 0 0 23 0 17 10 1 26 0 0 0 10 0 0 0 0 0 11 0 0 0 9 0 0 0 0 0 0 0 0 0 0 0 63 0 0 7 0 0 0 0 0 0 7 25 0 0 0 81 0 0 2 0 0 0 0 0 0 0 0 0 0 0 0 0 0 0 0 3 29 4 0 0 0 0 
 0 0 0 0 0 3 4 0 1 1 0 0 0 0 1 0 0 0 3 0 0 0 0 0 0 0 1 0 0 0 0 63 0 2 2 0 0 0 0 4 133 56 30 169 168 385 107 44 61 295 0 319 246 325 56 139 399 597 52 508 3 0 4 0 0 0 23 3 0 0 4 0 52 52 0 0 0 0 45 1 0 0 0 0 0 0 0 0 11 0 0 0 0 0 0 0 0 0 0 0 0 0 0 0 0 0 6 0 0 0 0 0 0 0 0 0 0 0 0 0 0 0 0 14 0 23 0 0 34 27 14 0 0 1 0 7 10 0 8 0 7 21 0 0 0 0 10 0 17 12 1 4 0 0 3 10 0 0 66 10 1 0 0 3 0 0 0 7 7 23 0 0 0 0 0 0 0 0 0 0 0 0 0 0 0 0 0 0 0 0 0 0 0 0 0 10 0 0 0 0 0 0 21 21 12 25 0 7 12 1 0 12 0 0 0 0 15 19 0 0 1 25 15 0 0 0 23 8 8 7 0 0 3 0 0 0 7 4 0 14 0 8 0 0 0 0 0 0 0 0 0 6 0 2 0 1 0 0 0 2 0 0 0 0 2 0 2 0 0 0 10 0 0 0 0 0 0 0 0 0 0 0 0 0 1 0 0 0 0 0 
 0 0 3 0 0 5 0 3 0 0 0 0 0 0 0 0 0 0 0 0 3 0 0 0 1 0 0 0 0 0 0 1 0 0 2 3 1 0 0 0 28 589 21 166 250 68 41 275 41 50 319 0 18 109 32 33 183 168 29 40 20 48 52 1 0 0 2 54 2 0 0 0 4 2 53 57 0 0 0 25 0 0 0 0 0 0 0 0 0 0 0 0 0 0 0 0 0 0 0 0 0 0 0 0 0 0 0 0 0 0 0 0 0 0 0 0 0 0 0 0 0 0 0 13 28 25 0 0 0 0 0 5 0 0 0 0 0 8 0 0 11 7 21 0 0 1 61 19 8 5 10 26 9 13 0 0 0 0 0 62 0 0 0 5 0 0 0 0 0 0 0 0 10 0 11 0 0 0 0 0 0 0 0 0 0 0 0 0 0 0 0 0 0 0 0 0 0 0 0 0 0 10 0 0 9 14 0 0 17 0 0 7 0 0 26 0 12 33 0 0 1 11 27 0 0 0 0 0 39 15 0 0 44 19 18 19 11 16 24 9 0 0 16 0 0 0 0 0 0 0 0 4 0 0 0 0 0 0 0 13 0 0 6 0 1 12 4 0 2 0 5 0 0 0 0 0 0 0 0 0 0 0 0 0 30 13 0 0 0 0 
 0 0 0 0 0 0 54 0 0 0 0 0 0 0 0 0 0 0 0 0 2 3 3 8 66 3 3 2 3 74 3 6 2 3 2 2 31 66 3 8 232 138 177 734 182 22 765 169 102 327 246 18 0 383 46 70 43 255 358 59 0 0 0 0 6 0 0 0 6 0 0 0 0 0 0 0 0 0 0 0 0 0 0 0 0 10 0 0 0 0 0 0 0 0 0 0 0 0 6 0 0 0 0 0 19 3 0 0 2 0 0 0 0 0 0 1 0 0 0 0 49 37 10 6 0 0 17 3 23 10 33 16 32 10 31 2 34 0 0 3 0 0 0 0 0 0 0 0 0 0 0 0 0 0 0 0 0 0 0 0 10 0 0 0 0 0 0 0 0 0 8 0 0 0 0 0 0 0 0 0 0 1 0 1 23 9 0 0 0 0 1 0 0 0 0 0 0 0 0 0 2 20 9 12 13 0 0 13 11 10 34 0 0 5 3 0 0 3 3 0 0 0 0 0 0 0 0 0 0 0 0 0 0 0 0 0 0 0 1 0 0 0 0 0 0 0 0 0 0 0 0 4 0 2 0 0 0 0 3 2 0 7 1 1 0 2 1 0 0 0 0 0 0 0 0 0 0 0 0 0 0 4 0 8 0 0 0 0 1 0 
 47 0 0 1 1 0 0 62 1 0 79 1 76 66 1 0 67 1 0 65 0 0 119 0 0 67 1 0 103 1 6 15 0 0 2 75 0 63 5 6 410 37 115 365 128 67 90 82 163 85 325 109 383 0 96 168 113 33 106 115 0 0 0 0 0 0 0 0 53 0 0 0 0 0 0 1 0 0 51 0 24 16 0 23 0 42 0 0 0 28 17 0 0 18 0 12 6 0 0 27 0 0 6 9 6 4 0 0 14 6 0 26 0 0 0 19 0 0 0 0 1 7 2 6 0 0 0 4 6 18 12 34 14 0 3 13 8 0 14 16 0 5 0 7 0 0 0 0 0 0 0 0 0 0 0 0 0 0 0 0 19 0 3 0 0 10 0 0 0 14 29 11 0 0 0 8 1 1 0 0 0 0 0 0 0 0 1 0 0 0 16 11 0 0 0 0 19 0 0 0 16 12 0 3 15 0 23 24 13 0 13 0 21 1 15 0 0 0 13 0 0 0 0 0 4 0 0 0 0 0 0 0 0 0 0 0 0 0 8 3 0 0 0 0 0 0 0 0 0 0 0 5 0 1 0 0 0 0 7 0 0 0 0 0 64 2 0 0 0 0 0 0 0 0 0 0 0 0 0 0 0 16 0 10 7 0 0 0 0 0 
 2 2 2 2 2 2 2 2 2 5 2 2 2 21 2 2 2 2 5 3 0 0 0 0 62 0 0 0 0 1 0 0 0 1 0 0 0 0 3 0 104 189 192 191 143 50 122 176 238 107 56 32 46 96 0 67 113 118 359 138 0 0 0 0 0 0 1 0 55 4 6 3 2 0 1 0 0 0 12 0 0 0 0 0 0 0 0 0 0 0 0 0 0 0 0 0 0 0 0 0 0 0 0 0 0 0 0 0 0 0 0 0 0 0 1 0 0 0 0 0 18 0 0 26 34 5 0 0 0 0 0 11 0 27 19 0 13 56 0 0 0 0 0 0 0 0 18 0 0 0 0 0 0 9 8 2 0 0 0 9 0 0 0 0 0 0 0 0 0 0 0 12 0 0 0 0 0 0 0 0 0 0 0 0 0 0 0 0 0 0 0 0 0 0 0 0 0 0 0 0 0 11 2 0 0 8 0 1 0 3 9 1 13 0 0 0 22 6 8 9 0 0 0 0 0 0 0 0 0 0 0 0 10 0 0 0 0 0 0 36 0 0 7 0 0 0 0 0 0 0 0 12 0 0 0 0 0 0 0 4 0 0 2 64 2 2 0 2 0 0 0 0 0 0 0 0 0 0 0 0 1 0 0 0 0 26 0 20 0 2 
 0 0 0 0 0 0 0 0 0 0 0 2 0 0 0 0 4 0 0 0 4 0 0 0 0 0 0 0 0 1 0 0 0 0 0 0 0 0 0 0 29 334 73 157 80 60 342 58 57 440 139 33 70 168 67 0 317 116 47 92 0 0 0 4 3 15 21 0 0 33 3 7 0 0 0 6 1 0 46 0 0 0 0 0 0 0 0 0 0 0 0 0 0 0 0 0 0 0 0 0 0 0 0 0 0 0 0 0 0 0 0 0 0 0 0 0 0 0 0 0 0 4 0 16 15 13 0 0 14 33 0 0 0 1 0 15 17 1 0 0 0 0 0 0 0 0 0 0 5 0 0 0 0 1 24 9 0 0 1 0 0 0 0 0 0 0 0 1 22 0 0 0 0 0 0 0 0 0 0 0 0 0 0 0 0 0 0 0 0 0 0 0 0 0 0 0 0 0 0 0 0 0 22 25 29 5 0 19 41 1 0 64 0 0 0 18 0 23 0 0 0 7 9 0 0 3 49 7 1 0 0 0 10 0 9 0 0 0 29 16 0 0 0 0 0 0 0 0 0 18 0 8 0 2 0 0 0 0 0 2 0 0 1 0 2 20 2 0 0 0 0 0 0 0 0 0 0 0 0 0 0 0 0 0 2 0 0 0 0 0 
 0 0 3 0 0 2 0 4 0 4 0 0 0 0 0 0 0 0 3 0 205 56 0 0 1 5 0 0 0 5 0 5 0 0 0 0 163 0 0 0 275 91 43 208 162 106 27 115 59 619 399 183 43 113 113 317 0 341 38 245 0 0 0 4 0 0 20 0 4 0 0 3 53 97 2 0 0 2 44 0 0 0 0 0 0 0 0 0 0 0 0 0 0 0 0 0 0 0 0 0 0 0 0 0 0 0 0 0 16 0 0 0 0 0 0 0 0 0 0 0 6 4 0 14 41 13 0 0 6 20 11 12 0 1 1 9 0 6 0 13 8 11 2 0 0 0 8 0 5 0 0 0 0 10 3 8 0 9 7 0 0 0 0 2 0 0 0 15 14 0 0 0 0 0 0 0 0 0 0 0 0 0 0 0 14 0 0 0 0 0 0 0 0 0 0 0 0 0 0 9 0 11 16 9 12 25 0 6 17 0 8 31 2 0 0 0 16 29 0 0 1 7 2 0 0 0 0 20 1 0 0 0 10 10 11 0 0 0 16 17 0 0 16 0 0 0 0 0 0 0 2 5 0 0 0 0 0 0 0 0 0 0 2 0 2 1 0 87 1 0 11 0 0 0 0 0 0 0 0 0 0 28 0 0 3 24 0 0 0 0 
 0 0 2 0 0 0 4 2 0 0 0 0 0 3 0 0 0 0 0 0 2 0 1 207 0 0 0 0 0 0 0 0 0 2 0 0 0 1 0 0 56 35 126 200 160 82 40 76 350 298 597 168 255 33 118 116 341 0 251 43 0 32 0 0 10 0 0 0 0 0 0 0 17 20 14 0 15 10 0 0 0 0 0 0 0 0 0 0 0 0 19 11 0 0 0 0 0 0 0 0 0 0 0 0 0 0 0 0 0 5 0 0 0 0 0 0 0 0 0 0 0 0 0 6 21 25 0 0 0 1 31 9 0 3 10 0 0 17 0 0 9 8 27 0 9 0 26 0 0 0 7 0 10 18 10 0 37 0 13 22 0 0 0 3 0 0 0 5 4 0 0 0 0 0 2 0 0 0 0 0 0 0 0 0 0 0 0 0 0 0 0 0 0 0 0 0 0 0 0 0 0 32 10 18 14 14 0 2 10 10 25 14 0 11 0 0 14 0 0 0 18 0 6 0 4 0 0 1 17 0 32 0 0 26 0 8 0 0 43 22 0 0 0 0 0 0 0 0 0 0 0 1 0 0 0 0 0 0 0 9 0 0 3 0 62 3 0 7 2 0 11 0 0 0 0 20 0 0 0 0 0 0 0 0 7 18 0 0 0 0 
 3 3 3 3 62 3 3 3 11 3 4 3 3 5 3 35 3 3 3 3 0 124 56 37 81 0 0 0 57 62 25 79 0 0 0 0 3 124 6 0 66 35 51 124 81 71 87 64 326 152 52 29 358 106 359 47 38 251 0 251 0 0 0 0 0 0 0 0 0 0 1 0 0 0 0 0 0 0 0 0 0 0 0 0 0 0 0 0 0 0 0 0 0 0 0 0 0 0 0 0 0 0 0 0 8 26 0 0 0 26 11 6 0 0 0 0 0 0 0 0 31 20 20 12 12 0 24 42 26 3 0 18 0 43 33 10 26 10 23 42 0 0 0 0 0 0 0 19 0 0 0 0 0 0 0 9 0 4 0 0 0 0 0 0 0 0 0 0 0 0 0 0 0 0 0 0 0 0 0 0 0 0 0 5 14 0 0 0 10 0 18 10 0 0 0 0 15 0 0 0 15 15 41 10 1 0 0 0 5 21 10 0 5 19 73 66 8 25 11 29 0 0 0 0 0 0 0 0 0 0 0 0 0 0 0 0 0 0 0 0 0 0 0 0 0 1 0 0 0 0 0 5 0 0 0 0 0 63 3 10 0 7 0 41 2 4 0 2 0 0 0 0 0 0 0 0 0 0 0 0 0 0 3 0 0 0 0 0 0 0 
 0 0 64 0 64 2 0 0 0 98 64 0 0 0 0 0 0 0 0 0 0 0 0 0 0 72 7 0 0 0 0 0 0 0 1 1 1 0 0 78 125 99 179 133 96 90 208 176 136 316 508 40 59 115 138 92 245 43 251 0 2 0 0 0 0 3 22 0 0 5 0 0 0 0 0 0 0 0 2 0 0 0 0 0 0 0 9 0 0 0 11 0 0 0 0 0 0 0 0 0 1 0 0 0 0 0 2 8 0 0 0 0 0 10 0 0 0 0 0 0 34 10 22 18 12 0 0 0 0 60 0 14 0 0 32 0 20 40 21 0 0 0 0 0 0 0 1 1 0 0 0 0 4 6 15 0 0 0 0 6 0 0 0 0 0 0 0 0 0 0 0 30 0 0 0 0 0 0 0 0 0 0 0 0 0 0 0 0 0 12 0 0 20 0 0 0 0 0 0 7 0 1 13 0 0 12 17 9 20 0 10 0 15 0 3 3 9 0 9 14 2 0 0 0 0 0 7 2 0 0 0 0 32 0 1 0 0 0 0 0 0 0 0 0 0 0 0 0 0 59 0 7 0 0 0 0 0 0 0 11 0 0 1 81 2 0 0 0 0 13 24 0 0 0 0 0 0 0 0 0 0 0 0 0 0 0 0 20 0 0 
 0 3 5 0 0 1 2 0 0 6 0 4 0 0 0 23 7 0 0 0 0 0 0 0 0 0 0 0 0 0 0 0 0 0 0 0 0 0 7 7 0 0 0 8 0 107 1 0 0 0 3 20 0 0 0 0 0 0 0 2 0 92 94 116 114 35 374 172 102 14 57 73 138 91 282 309 51 79 307 308 0 0 0 5 0 4 0 0 17 14 4 4 0 0 0 0 0 0 0 0 1 0 0 0 0 0 0 0 0 0 0 0 0 0 0 0 0 0 7 1 0 2 0 0 0 0 0 0 0 0 0 0 0 0 0 0 0 0 0 0 48 2 35 0 0 2 10 36 7 10 0 13 17 12 0 0 1 15 0 13 0 0 3 5 28 0 7 0 0 0 0 0 0 0 0 5 0 0 0 0 0 0 0 0 0 0 0 0 0 0 0 0 12 0 0 0 0 0 0 0 0 0 0 0 0 0 0 0 0 0 0 0 0 0 0 0 0 0 0 0 0 3 0 2 11 0 0 15 18 70 15 1 0 17 0 5 24 32 0 19 15 0 0 0 0 0 0 0 0 0 0 0 0 0 0 0 0 0 0 0 0 0 0 0 0 0 0 0 0 0 7 0 1 2 0 1 0 0 0 0 0 0 0 0 0 2 0 0 0 0 
