 0 184 76 148 80 37 53 55 55 98 123 30 149 137 134 117 112 263 75 54 0 0 0 0 0 0 0 3 0 0 0 0 0 3 0 0 0 0 0 0 0 0 0 12 1 0 0 66 0 0 2 0 0 0 0 4 0 0 0 0 6 0 0 0 3 0 1 3 0 0 0 0 0 0 0 0 2 3 0 2 0 21 18 1 10 16 0 20 19 13 15 0 32 25 21 2 68 0 5 10 0 0 0 0 0 0 0 0 10 0 0 0 0 0 0 0 0 0 0 0 0 0 0 0 0 0 0 0 0 0 0 0 0 0 0 0 0 0 0 0 18 15 0 0 0 2 0 0 0 0 0 0 0 0 0 0 5 0 0 0 20 12 14 0 0 0 58 21 6 9 18 0 2 0 1 0 11 14 0 11 0 0 0 0 0 0 0 0 0 17 0 0 0 0 0 0 0 0 22 0 0 0 0 0 0 7 0 0 0 0 0 0 0 0 0 0 0 0 0 0 0 0 0 0 0 0 0 0 0 0 0 0 0 0 0 0 0 0 0 0 0 0 0 0 0 0 0 2 2 2 0 10 11 0 0 0 0 0 0 0 0 0 0 0 0 0 0 0 0 0 0 0 0 0 0 29 15 1 0 0 0 0 0 0 0 0 0 0 0 0 
 184 0 207 188 427 29 285 181 173 371 90 152 225 101 171 200 233 296 87 60 0 2 0 0 0 0 3 2 0 0 3 3 0 3 0 0 2 0 0 0 0 0 3 2 2 0 0 64 0 0 6 0 0 0 0 0 0 0 0 0 2 0 0 0 0 0 0 3 0 0 0 0 0 2 0 0 2 6 0 0 0 11 14 7 21 0 0 1 64 23 29 1 0 15 0 28 29 25 0 4 13 0 0 0 0 0 15 0 0 0 0 0 31 0 0 0 0 0 10 11 0 0 0 0 2 0 2 0 0 0 0 0 0 0 0 0 0 0 0 0 5 5 0 0 0 1 0 0 0 0 0 0 0 0 0 0 7 0 0 2 21 0 17 16 0 0 22 10 28 12 39 18 42 35 12 8 27 57 0 0 0 0 0 0 0 0 1 0 0 10 0 0 0 0 0 0 0 2 3 9 0 0 0 0 0 0 2 0 0 0 0 0 0 0 1 11 0 0 0 0 0 0 0 0 0 0 0 0 0 0 0 0 0 0 0 0 2 0 0 0 0 0 0 0 0 0 1 0 4 148 1 3 0 0 0 0 0 0 0 0 0 0 0 0 0 0 0 0 0 0 0 0 0 0 0 13 8 0 0 0 0 0 0 0 0 0 0 0 0 0 
 76 207 0 295 55 347 159 95 257 100 136 48 73 221 236 220 72 50 134 58 0 2 2 0 2 2 83 0 2 2 0 0 2 4 2 0 2 0 2 0 1 0 0 8 2 0 0 2 0 0 8 2 0 0 0 0 0 0 0 0 3 0 0 0 40 0 2 6 0 0 4 0 0 0 0 51 2 3 0 0 18 16 0 37 2 0 16 0 13 27 1 31 3 1 15 35 17 55 9 15 26 0 0 0 0 0 0 0 0 0 0 0 16 10 0 0 0 0 1 0 0 0 0 0 0 0 0 0 0 0 0 0 0 0 0 0 0 0 0 0 0 0 0 1 0 9 0 0 0 0 0 0 3 0 0 0 0 0 0 0 15 29 0 11 17 11 0 11 25 0 7 36 0 20 3 30 14 2 0 0 13 0 0 0 0 14 0 0 0 0 0 0 11 0 11 0 0 0 0 0 1 0 0 0 0 0 0 0 0 0 0 0 0 0 20 0 0 0 0 0 0 0 1 0 0 0 0 0 0 0 0 0 0 0 0 0 0 0 0 0 0 0 0 0 0 2 3 0 0 0 0 8 0 0 0 0 0 0 0 0 0 0 13 0 0 0 2 0 0 0 0 0 0 46 0 0 0 0 0 0 16 0 0 0 0 0 0 0 0 2 
 148 188 295 0 254 88 71 73 66 192 454 282 165 63 39 132 121 172 55 305 39 12 0 0 1 0 141 4 0 2 209 0 286 79 1 2 3 1 72 0 2 3 5 8 5 2 0 25 16 2 6 2 4 6 3 0 2 7 0 2 2 0 0 0 5 0 2 8 0 4 0 0 0 0 3 0 2 3 0 3 0 0 0 0 26 0 0 0 25 0 17 7 0 15 0 0 15 12 0 0 0 0 0 29 0 9 0 0 58 0 0 0 1 26 16 0 0 0 50 23 0 0 0 0 0 0 0 0 0 0 0 0 0 0 0 0 0 0 0 0 5 18 0 0 0 2 0 0 0 0 0 0 0 0 0 0 4 9 0 0 1 0 0 0 0 0 8 0 7 0 12 37 0 0 0 0 0 32 0 0 11 0 0 0 0 0 20 16 0 17 0 0 1 0 0 0 0 0 7 30 0 0 0 0 0 0 23 0 0 0 8 0 0 0 0 0 0 0 0 0 0 0 0 0 0 0 0 0 0 0 0 0 0 0 0 0 0 0 0 0 0 10 0 0 0 0 89 2 2 11 18 10 0 0 0 0 0 2 0 0 0 1 0 0 0 0 1 0 0 0 0 0 0 0 0 0 16 0 0 0 0 0 0 0 0 0 0 0 0 0 
 80 427 55 254 0 186 57 51 123 405 375 80 285 71 88 106 495 52 41 67 170 74 0 0 0 0 0 77 0 74 1 0 1 155 77 0 0 0 74 0 2 0 0 2 2 0 0 62 0 0 2 0 0 0 0 0 0 8 0 0 0 0 0 0 0 0 0 3 0 0 0 5 0 0 0 0 2 3 0 0 0 10 14 0 35 17 0 0 37 0 1 0 0 0 0 15 18 11 0 0 13 19 0 0 0 0 29 0 22 4 0 0 16 31 2 33 15 0 16 43 0 0 0 0 2 0 2 0 0 0 0 0 0 0 0 0 0 0 0 0 8 10 0 0 0 2 0 1 0 0 0 0 12 0 0 0 5 0 12 0 32 0 0 12 15 0 20 0 31 0 3 33 0 5 25 0 0 13 15 0 7 0 9 0 0 0 1 11 1 17 0 0 14 0 1 12 17 6 46 22 0 0 0 0 0 0 2 0 0 0 0 0 0 0 0 10 0 0 0 0 1 0 0 0 0 0 0 0 0 0 0 0 0 0 0 0 2 0 0 0 0 9 0 0 0 0 91 3 2 89 0 10 0 0 0 0 0 0 0 0 0 0 0 0 0 0 0 0 0 0 0 0 0 0 0 0 0 0 0 0 0 0 0 0 0 0 0 0 0 0 
 37 29 347 88 186 0 33 35 31 54 170 145 53 47 80 96 64 54 32 54 110 33 0 1 0 0 0 78 2 15 0 0 74 176 88 74 0 0 0 74 1 0 0 3 0 0 0 2 0 0 2 0 0 0 0 0 0 0 0 0 3 0 0 0 3 0 2 3 0 0 0 3 0 0 0 1 2 3 0 0 1 10 0 15 23 9 0 0 0 0 0 23 0 0 1 0 0 37 0 0 13 33 0 0 0 0 37 0 11 26 12 0 30 17 14 9 16 0 19 24 0 0 0 0 0 0 0 0 0 0 0 0 0 0 0 0 0 0 0 0 0 0 0 0 0 1 0 0 0 0 0 0 0 0 0 0 0 2 0 0 0 0 0 0 38 16 0 0 26 1 0 0 2 0 0 0 0 0 7 0 59 0 39 0 0 0 0 14 0 0 0 0 40 0 9 26 36 0 19 0 2 0 0 0 0 0 0 0 0 0 0 0 0 0 0 14 0 0 0 0 0 0 2 2 0 0 0 0 0 0 0 0 0 0 0 0 0 0 0 0 0 0 0 0 0 0 0 0 1 1 0 12 0 0 0 0 0 0 0 0 0 0 0 0 0 0 1 0 0 0 0 0 0 0 0 0 0 0 0 0 0 0 0 0 0 0 0 0 0 0 
 53 285 159 71 57 33 0 431 95 37 32 117 108 281 412 41 327 267 90 449 0 0 0 0 0 0 1 4 0 0 0 0 0 3 0 0 1 0 0 0 0 0 0 1 0 0 2 0 4 0 5 0 0 0 0 0 0 0 0 0 0 0 0 0 1 0 0 3 0 0 0 0 0 0 0 0 2 3 0 0 47 14 0 0 0 10 25 11 0 21 0 0 29 30 22 14 15 1 14 6 0 0 0 0 0 0 0 0 0 0 8 0 1 0 0 0 0 0 0 0 0 0 0 0 0 0 0 12 0 0 0 0 0 0 0 0 0 0 0 0 0 0 0 0 0 0 0 0 1 0 19 0 0 0 0 0 0 0 0 0 9 16 4 17 0 13 0 28 13 12 63 10 19 0 42 25 20 0 15 11 0 0 0 0 0 0 0 0 0 0 0 0 15 0 0 0 0 0 11 0 0 0 0 0 0 0 0 0 0 0 0 0 0 0 0 0 0 0 0 0 0 0 0 0 0 0 0 28 0 0 0 0 0 0 0 0 0 0 0 0 0 0 0 0 0 0 1 1 46 2 2 6 0 0 0 0 0 0 0 0 0 0 8 0 0 0 0 0 0 0 0 0 0 0 0 0 18 0 0 0 0 0 0 0 0 0 0 0 0 0 
 55 181 95 73 51 35 431 0 471 265 48 251 173 247 462 257 106 40 191 154 2 0 0 0 1 0 0 0 0 2 0 2 0 3 0 0 0 0 0 0 0 0 0 1 2 0 0 0 0 0 2 0 0 0 0 0 0 1 0 0 0 0 0 45 0 0 0 3 0 0 0 0 0 0 0 0 6 3 0 0 31 30 0 4 1 0 33 0 0 58 11 0 3 29 50 0 0 7 9 42 0 0 0 0 0 0 0 0 1 0 0 0 25 0 0 0 0 0 0 0 0 0 0 0 0 0 0 2 0 0 0 0 0 0 0 0 2 2 0 0 0 0 0 0 0 2 0 0 2 0 0 0 0 0 0 0 13 0 0 0 36 12 84 10 0 9 0 33 0 16 12 17 9 10 70 45 12 0 1 24 0 0 0 0 0 1 0 0 0 0 0 0 11 0 0 0 0 0 12 0 0 0 0 0 0 2 0 0 0 0 0 0 0 0 0 0 0 0 0 0 0 0 0 0 0 0 0 0 0 0 7 0 0 0 0 0 0 0 0 0 0 0 0 0 1 2 1 0 90 0 2 7 0 1 0 0 0 0 0 0 0 0 6 0 0 0 0 0 0 0 0 0 0 0 0 0 0 14 0 0 0 0 0 0 0 0 0 0 0 0 
 55 173 257 66 123 31 95 471 0 413 23 144 220 244 240 147 443 141 134 79 0 0 3 0 77 0 57 2 0 0 0 0 0 5 2 0 0 1 4 0 9 0 0 64 0 0 0 4 0 0 2 0 0 0 61 4 0 0 6 0 1 4 0 0 2 2 2 3 0 0 0 2 0 0 41 0 2 3 0 0 13 25 14 10 13 1 0 10 31 26 34 0 9 9 0 54 45 29 0 0 20 0 0 0 0 0 0 0 0 0 0 0 11 0 7 0 0 0 0 0 0 0 0 0 0 0 0 0 0 0 0 0 0 0 0 0 0 0 0 0 0 0 0 0 0 1 0 0 8 0 0 0 0 0 0 0 0 0 0 2 31 0 1 31 10 16 0 30 44 4 25 51 1 13 44 47 9 15 0 0 0 10 0 0 0 0 0 0 19 0 1 0 29 0 0 1 0 0 14 14 1 0 0 0 0 0 0 0 12 0 2 0 14 0 0 12 0 0 0 0 0 0 0 1 0 0 0 0 0 0 0 0 0 0 0 0 0 0 0 14 0 0 0 0 0 2 0 2 7 91 0 5 0 2 0 0 0 0 0 0 0 0 8 0 0 0 0 0 0 0 0 0 0 0 0 0 0 0 0 0 0 0 0 0 0 0 0 0 0 0 
 98 371 100 192 405 54 37 265 413 0 235 156 69 177 204 224 120 119 286 72 0 1 4 1 0 0 0 0 0 0 2 0 0 3 0 1 0 0 0 0 0 0 0 0 0 0 0 67 0 35 2 0 0 0 0 0 0 1 0 0 3 32 0 0 3 0 2 4 0 0 0 13 0 0 0 0 8 3 0 0 0 25 14 6 21 10 15 13 43 22 13 0 0 13 1 29 13 34 1 0 21 0 0 0 0 0 2 0 0 0 0 0 21 0 4 0 12 0 2 9 0 0 0 0 2 0 2 0 0 0 0 0 0 0 0 0 0 0 0 0 6 11 0 0 0 2 0 9 0 0 0 0 0 0 0 0 2 0 0 2 54 0 18 11 1 1 20 1 33 2 14 42 0 6 19 27 0 15 0 0 0 0 0 0 0 0 1 0 0 30 0 0 0 0 1 0 0 2 14 0 0 0 0 0 0 0 2 0 0 0 0 0 0 0 1 9 0 0 0 0 0 0 0 0 0 0 0 0 0 0 0 8 0 0 0 0 2 0 0 0 0 0 0 0 0 2 2 0 3 88 3 5 0 0 0 0 0 0 0 0 0 20 1 0 0 0 0 0 0 0 0 0 0 0 0 0 0 0 0 0 0 0 0 0 0 0 0 0 0 0 
 123 90 136 454 375 170 32 48 23 235 0 327 110 27 300 108 136 453 30 83 74 38 0 0 0 0 43 7 0 0 0 0 0 3 101 80 0 0 76 0 0 0 0 0 1 0 0 25 0 0 2 5 0 0 0 0 0 12 63 0 0 0 0 0 0 0 0 3 39 30 3 0 0 0 0 0 2 3 0 0 0 0 2 15 11 22 0 0 18 0 36 26 0 15 16 0 14 0 0 0 0 0 1 0 0 0 20 0 24 0 0 0 33 28 51 22 0 0 40 6 0 0 0 12 0 0 0 0 0 0 0 0 0 0 0 0 0 0 0 0 5 5 0 0 0 2 0 0 0 0 0 0 0 0 0 0 6 0 0 0 0 0 0 0 9 0 10 0 25 0 12 10 0 0 0 0 0 15 6 0 21 0 0 0 0 0 52 27 0 17 0 0 31 15 9 0 2 0 15 33 0 0 0 0 0 0 0 0 0 0 0 0 0 0 0 0 0 0 0 0 0 1 0 0 0 0 0 0 0 0 0 0 0 0 0 0 0 0 0 0 0 1 0 0 0 5 3 0 2 1 24 8 0 0 0 0 0 0 0 0 1 0 0 0 0 0 0 0 0 0 0 0 0 0 0 0 0 0 0 0 0 0 0 0 0 0 0 0 0 0 
 30 152 48 282 80 145 117 251 144 156 327 0 53 52 47 62 123 286 228 41 112 75 72 0 0 2 77 0 0 0 0 0 35 77 0 0 0 0 78 0 0 0 0 0 0 0 0 61 64 0 2 0 0 0 0 0 0 5 0 0 2 0 0 0 3 0 0 40 0 0 0 0 0 0 1 2 2 3 0 0 0 0 0 1 31 9 18 3 21 14 57 0 0 21 0 1 17 14 0 0 0 0 0 14 0 0 0 0 18 0 0 0 0 31 4 0 0 0 11 29 0 0 0 0 0 0 0 0 0 0 0 0 0 0 0 0 0 8 0 0 6 8 0 0 0 2 0 0 7 0 0 0 0 0 0 0 5 0 0 0 0 0 0 0 23 0 18 0 8 0 1 9 0 0 0 0 0 34 0 0 12 0 0 0 0 7 31 18 0 27 0 0 1 0 24 0 0 0 48 45 0 0 0 0 0 0 0 0 0 0 0 0 0 0 0 0 0 0 0 0 0 0 0 0 0 0 0 0 0 0 0 0 0 0 0 0 0 0 0 0 0 14 0 0 0 2 85 0 2 5 9 14 0 0 0 0 0 1 0 0 0 0 0 0 0 0 0 0 0 0 0 0 0 0 0 0 0 0 0 0 0 0 0 0 0 0 0 0 0 0 
 149 225 73 165 285 53 108 173 220 69 110 53 0 89 210 359 152 77 300 147 0 3 0 0 0 0 0 0 0 0 0 0 0 7 0 0 0 0 2 0 0 0 0 1 0 1 0 88 2 0 2 2 2 61 2 0 0 2 0 0 4 2 0 0 3 2 0 3 0 0 0 1 0 2 0 5 2 5 0 0 24 0 15 33 0 0 7 21 6 16 0 9 1 12 15 0 3 0 18 18 0 0 11 0 0 0 0 0 0 0 0 0 0 0 0 0 0 0 0 12 0 0 0 0 0 0 0 0 0 0 0 0 0 0 0 0 0 0 0 10 0 0 0 0 0 2 0 0 0 0 0 0 0 0 0 0 4 2 0 0 37 0 43 10 0 0 50 20 23 0 14 18 2 0 24 11 14 9 8 0 0 0 0 0 7 0 0 0 0 15 0 27 0 0 0 0 0 0 0 0 2 0 0 0 0 0 0 0 0 0 0 0 0 0 0 0 9 0 0 2 0 0 0 2 0 0 0 0 0 0 0 0 0 0 0 0 0 0 0 0 0 0 0 0 0 0 88 0 1 88 0 16 14 0 0 0 0 0 0 0 0 0 0 0 0 0 1 0 0 0 0 0 0 0 0 32 0 0 0 0 0 0 0 0 0 0 0 0 0 0 
 137 101 221 63 71 47 281 247 244 177 27 52 89 0 151 228 57 38 239 187 0 0 0 0 2 0 0 0 0 0 0 0 0 3 0 0 0 0 0 0 2 0 0 0 1 0 0 0 0 0 5 0 0 0 0 0 0 0 0 0 0 0 0 0 0 0 0 35 0 0 0 0 0 0 0 0 3 3 0 0 45 42 12 14 0 0 43 12 17 12 0 18 31 21 20 31 23 8 26 14 15 0 0 0 0 0 0 0 0 0 0 0 21 0 0 0 2 2 4 0 0 0 0 0 0 0 0 0 0 0 0 0 0 0 0 0 0 0 0 0 0 0 0 0 0 2 0 0 0 0 0 0 0 0 0 0 0 0 0 0 11 73 0 18 0 10 0 12 19 24 93 17 16 14 0 16 21 0 30 15 0 0 0 0 0 0 0 0 0 0 0 2 1 0 0 0 0 0 0 0 0 0 0 0 0 0 12 2 0 0 0 0 0 1 0 1 0 0 0 0 0 0 0 0 0 0 0 0 0 0 0 0 2 0 0 0 0 0 0 0 0 0 0 0 0 0 2 0 1 1 0 83 2 0 2 0 0 0 0 0 0 0 7 0 0 0 0 0 0 0 0 0 0 0 0 0 0 0 0 0 0 0 0 0 0 0 0 0 0 0 
 134 171 236 39 88 80 412 462 240 204 300 47 210 151 0 308 116 29 297 101 0 0 0 0 0 0 0 0 0 0 0 2 0 3 3 0 0 0 0 0 2 0 0 2 0 0 0 0 0 3 7 0 0 0 0 0 0 0 0 0 1 0 0 3 2 3 0 8 0 0 50 0 2 0 0 0 2 3 0 0 40 26 16 42 0 16 0 13 16 44 1 25 2 0 55 61 54 21 19 47 15 0 0 0 0 0 0 0 0 0 0 0 10 0 0 0 0 0 0 0 0 0 0 0 0 1 0 0 0 0 1 0 0 0 0 0 0 5 0 0 0 2 0 0 0 1 0 0 0 0 0 0 0 0 0 0 1 0 0 0 57 40 21 33 0 11 8 38 19 0 27 45 0 48 28 16 57 9 0 15 0 1 0 0 0 0 0 0 0 0 0 0 0 0 0 0 0 0 0 0 0 17 0 0 0 0 0 0 0 0 0 1 0 0 0 0 0 0 0 0 0 0 0 0 0 0 0 0 0 0 0 0 0 0 0 0 0 0 2 0 0 1 0 0 0 3 87 0 3 95 1 7 59 0 0 0 0 0 2 0 1 0 10 0 0 0 2 1 0 0 0 0 0 0 0 25 0 10 0 0 0 0 0 0 0 0 0 0 0 0 
 117 200 220 132 106 96 41 257 147 224 108 62 359 228 308 0 185 137 173 79 0 6 0 0 0 0 0 0 1 0 0 0 0 3 3 0 0 0 4 2 0 0 0 0 2 2 0 0 4 0 15 4 4 4 4 0 0 4 0 0 0 2 0 0 4 0 0 3 0 0 0 0 0 4 1 0 5 7 0 0 0 26 13 43 0 18 0 18 33 33 11 24 26 0 20 41 31 5 0 48 22 0 0 13 0 0 2 0 10 0 0 0 10 0 0 5 0 0 4 0 0 0 0 0 0 0 0 0 0 0 0 0 0 0 0 0 0 0 0 0 0 0 0 0 0 1 0 0 0 0 0 0 0 0 0 0 1 0 0 0 33 34 40 21 0 13 10 38 30 0 40 20 0 25 15 22 51 14 0 15 0 0 0 0 0 0 0 1 0 0 1 0 0 0 0 0 0 0 0 10 0 0 0 0 0 0 0 0 0 0 0 2 0 0 0 0 1 0 0 0 0 0 0 0 0 0 2 0 0 0 0 0 0 0 0 0 0 0 1 0 0 2 0 0 0 1 86 0 4 5 2 2 10 0 0 0 0 0 0 0 0 0 1 0 0 0 0 0 0 0 0 0 0 0 0 36 10 10 0 0 0 0 0 0 0 0 0 0 0 0 
 112 233 72 121 495 64 327 106 443 120 136 123 152 57 116 185 0 254 54 55 2 1 1 1 2 1 0 2 0 1 2 2 1 5 1 0 1 2 207 0 0 2 0 5 1 1 2 1 0 0 2 2 0 33 1 0 2 2 0 2 1 2 0 0 2 0 0 3 0 2 2 3 0 2 0 2 2 5 0 0 31 0 15 2 3 0 0 27 15 46 59 5 1 13 2 1 3 1 14 18 0 0 0 0 0 0 0 0 0 15 0 0 24 0 52 0 0 0 17 0 0 0 0 0 0 0 0 0 0 0 0 0 0 0 0 0 0 0 0 0 0 0 0 1 13 0 18 0 0 0 0 0 0 0 0 0 0 0 0 0 44 0 48 10 0 11 6 40 1 0 10 15 0 0 42 33 2 23 0 0 0 0 0 0 12 0 31 21 0 0 0 0 10 0 0 0 0 0 9 40 1 0 0 0 0 0 0 0 0 0 0 0 0 0 0 0 0 0 0 0 0 0 1 1 0 0 0 0 0 0 0 0 0 0 13 0 0 0 0 0 0 0 0 0 0 0 3 0 0 86 38 2 14 0 0 0 0 2 0 0 0 0 10 2 0 0 2 0 0 0 0 0 0 0 0 23 0 0 0 0 0 0 0 0 0 0 0 0 0 2 
 263 296 50 172 52 54 267 40 141 119 453 286 77 38 29 137 254 0 117 29 0 1 0 0 0 0 0 0 1 0 2 0 149 3 2 0 0 0 0 0 0 0 0 2 0 2 0 64 0 0 4 0 0 0 0 0 0 0 0 0 3 0 0 0 3 0 2 3 0 0 0 4 0 0 0 0 2 3 3 0 0 10 30 23 29 22 0 10 22 1 32 37 0 29 26 25 1 13 0 17 5 0 0 25 0 0 16 0 0 0 0 0 0 0 17 0 1 0 15 16 0 0 0 0 0 0 0 0 0 0 0 0 0 0 0 0 0 0 0 0 0 0 0 0 0 1 0 0 0 0 0 0 13 0 0 0 14 0 0 0 11 27 0 19 0 0 32 0 33 0 0 48 0 20 20 0 20 14 0 0 0 0 0 0 0 0 18 3 0 17 0 1 0 0 1 0 0 0 0 12 0 0 0 0 0 0 0 1 0 0 0 0 0 2 0 14 0 0 0 0 0 0 0 0 0 0 0 0 0 0 0 0 1 0 0 0 0 0 0 0 0 0 0 0 0 0 89 0 0 95 21 24 0 0 1 0 0 0 0 0 0 0 0 0 0 0 0 0 0 0 0 0 0 0 0 14 0 0 0 0 0 0 0 0 0 0 0 0 0 0 
 75 87 134 55 41 32 90 191 134 286 30 228 300 239 297 173 54 117 0 217 0 0 0 1 0 0 1 0 0 0 2 0 0 3 0 0 0 0 0 0 0 62 0 0 0 0 0 1 0 0 9 0 0 0 0 0 0 0 0 0 3 0 0 0 3 0 2 3 0 0 0 0 0 0 0 0 12 3 0 0 15 10 13 12 0 0 39 0 0 5 0 43 12 19 24 21 21 0 18 27 0 0 0 0 0 0 0 0 0 0 0 0 0 0 0 0 0 0 0 0 0 18 0 0 0 0 0 0 0 0 0 0 0 10 0 0 0 0 0 0 0 0 0 0 6 2 0 0 0 0 0 0 0 0 0 0 0 0 0 0 10 26 10 9 0 0 0 6 14 3 12 0 1 27 15 18 22 0 15 29 0 0 0 0 0 0 0 0 0 0 0 9 0 0 0 0 0 0 0 0 0 0 0 0 0 0 0 0 0 0 0 0 0 0 0 0 0 0 0 22 0 0 0 0 0 0 0 0 0 0 0 0 0 0 0 0 0 0 0 0 0 0 0 0 0 0 1 0 45 2 2 7 0 0 0 0 0 0 0 0 4 0 1 0 0 0 0 0 0 0 0 0 0 0 0 2 0 14 0 0 0 0 0 0 0 0 0 0 0 0 
 54 60 58 305 67 54 449 154 79 72 83 41 147 187 101 79 55 29 217 0 0 2 0 0 0 2 89 1 3 2 0 0 0 4 3 0 0 0 4 0 0 62 0 68 0 0 0 2 0 0 2 1 3 3 0 0 0 2 0 0 2 3 0 0 3 6 1 3 0 2 3 3 2 0 0 3 6 14 0 1 9 6 10 0 0 0 0 0 9 0 10 0 14 0 0 5 0 11 11 0 0 0 1 0 0 0 0 0 0 0 0 0 1 0 7 0 0 0 0 0 0 0 0 0 0 10 0 0 0 0 0 0 0 2 0 0 0 0 0 0 0 1 0 0 0 1 0 0 6 0 0 0 0 0 0 0 0 0 0 0 0 0 1 28 11 0 0 1 0 4 0 23 13 8 0 10 0 11 11 4 0 13 0 0 0 0 0 0 19 0 0 0 30 0 0 1 0 0 15 12 0 0 1 0 0 0 29 0 0 0 0 0 0 0 0 0 0 0 0 0 0 0 0 0 0 0 0 0 0 0 0 0 0 0 0 0 0 0 0 2 0 0 0 0 0 2 2 2 3 3 3 7 0 0 0 0 0 0 0 0 0 0 0 0 0 0 0 0 0 0 0 0 0 0 0 0 0 0 0 0 0 0 0 0 0 0 0 0 0 0 
 0 0 0 39 170 110 0 2 0 0 74 112 0 0 0 0 2 0 0 0 0 216 61 60 113 50 78 65 152 312 29 159 158 277 46 255 103 52 181 52 0 0 0 0 0 0 0 0 0 0 0 0 0 0 0 72 0 7 3 0 3 0 0 0 0 0 0 0 0 0 0 0 3 0 0 0 0 0 2 0 0 0 0 0 33 11 0 0 0 0 0 0 0 0 0 0 0 9 0 0 20 28 7 0 0 0 2 0 4 21 11 8 14 47 17 9 26 0 21 26 0 0 0 0 0 0 16 0 0 0 0 0 31 0 0 0 0 2 13 0 0 0 0 7 0 1 0 0 0 0 0 0 0 0 0 0 0 0 0 0 0 0 0 0 20 0 0 0 0 0 0 3 0 0 0 0 0 16 1 0 9 9 28 2 7 14 16 22 14 14 25 13 44 30 9 63 16 21 20 5 0 8 0 0 0 0 0 0 0 0 0 0 1 0 0 2 0 8 0 0 0 0 0 0 0 0 0 0 12 0 0 0 2 0 0 0 0 0 0 0 0 15 0 0 0 0 73 0 0 0 0 0 0 0 6 2 1 57 0 2 13 0 0 0 0 0 1 0 0 0 0 0 0 0 0 0 0 0 0 0 0 0 0 0 0 0 13 0 0 0 
 0 2 2 12 74 33 0 0 0 1 38 75 3 0 0 6 1 1 0 2 216 0 93 134 188 231 93 241 316 278 369 197 130 30 33 35 37 40 19 58 0 0 0 1 1 0 0 0 0 0 0 0 0 0 0 0 0 0 3 62 3 0 0 0 0 0 0 0 0 0 0 0 3 0 0 0 0 0 2 0 0 0 0 0 12 0 0 0 0 0 0 0 0 0 19 0 0 0 0 0 32 21 1 10 23 0 0 54 9 41 0 4 0 12 13 9 25 14 0 12 1 0 1 0 0 0 22 0 0 0 0 0 0 0 0 0 0 0 11 31 0 0 0 38 0 0 0 0 0 0 0 0 0 0 0 2 0 0 0 1 0 0 0 2 18 7 0 0 0 0 0 2 0 0 2 0 0 0 0 0 11 1 47 39 1 0 10 12 13 26 30 8 12 4 0 70 8 27 9 0 24 17 0 0 0 0 40 0 0 0 0 0 9 0 0 0 0 0 7 4 0 0 0 0 0 0 0 0 1 0 0 0 0 0 0 0 0 0 0 0 0 0 0 0 0 0 0 0 0 0 0 0 0 0 8 0 0 80 1 0 0 0 0 0 0 0 0 0 0 0 0 0 0 0 0 0 0 0 0 0 0 0 0 0 0 0 0 0 0 2 
 0 0 2 0 0 0 0 0 3 4 0 72 0 0 0 0 1 0 0 0 61 93 0 134 84 114 463 145 64 57 296 27 194 364 187 221 104 629 138 138 3 0 0 2 0 0 0 0 0 0 0 0 0 0 1 0 0 0 92 0 2 0 0 0 29 0 0 1 0 0 0 0 3 0 0 0 0 0 2 0 0 2 0 0 0 0 0 0 2 0 0 24 0 0 0 0 0 0 0 0 25 7 29 48 0 0 23 8 1 3 31 33 16 0 0 31 11 25 18 26 1 1 8 0 0 1 32 55 0 0 0 0 0 21 0 1 0 0 0 57 0 0 0 1 0 0 0 0 6 0 0 0 31 0 0 25 0 1 0 0 0 0 0 0 0 24 0 0 0 0 0 0 0 0 0 0 0 0 0 0 6 12 0 34 20 0 9 0 10 1 36 0 0 10 34 0 22 17 0 0 0 16 0 0 0 0 10 16 0 0 0 0 30 9 0 18 0 0 0 9 9 0 0 0 0 0 0 0 0 0 0 0 0 0 0 0 0 0 0 0 0 0 23 0 0 0 1 0 0 0 0 0 0 0 8 2 0 78 77 0 1 23 0 0 0 0 16 0 0 0 0 0 0 0 0 0 0 0 0 0 0 14 0 0 0 12 0 0 0 0 
 0 0 0 0 0 1 0 0 0 1 0 0 0 0 0 0 1 0 1 0 60 134 134 0 202 111 96 306 162 240 78 124 87 293 53 112 206 213 70 79 0 0 0 1 0 0 0 0 0 0 0 0 128 61 58 0 0 0 68 45 3 0 0 0 0 0 0 0 0 0 0 0 3 0 0 0 0 8 2 1 0 0 0 0 0 0 0 0 0 0 0 0 0 0 0 0 1 0 0 0 0 0 0 0 11 7 0 11 11 0 2 9 0 5 0 0 19 9 0 13 39 6 0 2 0 2 7 24 0 0 0 0 46 17 12 1 0 1 11 25 0 0 0 0 0 2 0 0 0 3 0 7 0 0 0 0 0 1 0 0 1 0 0 0 0 0 0 0 0 0 0 0 3 0 0 1 0 0 0 0 0 0 0 0 15 47 1 21 0 0 0 18 0 19 28 0 0 19 0 0 0 18 12 0 12 0 0 1 46 0 0 12 37 16 29 0 0 0 24 54 0 0 0 0 0 0 0 0 0 0 0 0 0 0 0 0 0 0 0 0 0 0 0 0 0 0 0 0 0 0 0 1 0 0 2 0 1 77 0 1 0 0 0 0 0 0 0 0 0 0 0 0 0 0 0 0 0 0 0 0 0 0 0 0 0 0 0 0 0 0 
 0 0 2 1 0 0 0 1 77 0 0 0 0 2 0 0 2 0 0 0 113 188 84 202 0 227 61 92 194 157 161 413 160 66 64 230 88 117 74 102 0 0 0 0 0 0 0 0 0 0 0 0 0 31 102 0 0 0 95 61 3 0 0 0 0 1 0 0 0 0 0 0 3 0 0 8 0 0 2 1 0 0 2 0 0 0 0 0 0 0 0 0 0 0 0 0 0 0 0 0 0 8 18 13 16 18 0 22 0 10 0 16 0 0 12 9 23 7 0 0 29 1 7 0 0 19 43 10 0 1 0 0 9 13 11 0 2 0 0 13 0 0 0 0 0 0 0 0 0 0 0 0 0 0 0 3 0 0 0 0 10 0 0 0 0 0 0 0 0 0 0 0 11 0 0 4 0 0 0 0 0 2 28 36 27 10 0 12 23 6 28 38 33 33 0 0 13 18 0 0 0 17 3 10 0 0 6 22 13 0 0 0 38 6 1 0 0 13 12 23 0 0 0 1 0 11 0 0 0 0 0 0 0 0 0 0 0 0 0 0 0 0 0 0 0 0 0 0 0 0 0 0 0 0 7 2 2 0 1 0 2 6 0 0 0 0 0 0 0 0 0 0 0 0 0 0 0 2 0 0 1 0 0 0 0 0 0 0 0 0 
 0 0 2 0 0 0 0 0 0 0 0 2 0 0 0 0 1 0 0 2 50 231 114 111 227 0 37 133 264 93 134 224 56 277 117 51 140 118 61 61 115 7 0 1 1 0 73 0 0 0 0 2 29 98 5 3 0 0 24 130 3 0 0 0 0 0 0 0 0 0 0 0 3 0 0 0 43 5 3 0 0 0 0 0 0 0 0 0 0 0 0 0 0 0 0 0 0 0 0 0 10 1 0 0 22 3 0 31 0 34 0 0 0 0 14 1 17 0 0 0 17 2 0 0 0 0 21 0 10 0 10 0 2 18 15 0 4 0 11 22 0 0 0 0 0 0 5 0 0 0 0 0 0 0 0 0 0 0 0 0 1 0 0 2 0 0 0 0 0 0 0 0 0 0 2 1 0 0 0 0 0 0 26 32 0 1 0 10 22 21 32 5 0 2 0 18 8 43 0 0 4 0 7 0 0 0 26 13 0 0 0 0 46 4 20 38 1 0 45 46 0 0 0 0 0 0 0 0 1 0 0 0 0 0 0 0 0 0 0 0 0 0 2 0 0 0 0 0 0 0 0 0 0 0 11 0 1 1 7 1 1 0 0 0 0 0 0 0 0 0 0 0 0 0 0 0 0 0 0 0 0 13 0 0 0 16 0 0 0 2 
 0 3 83 141 0 0 1 0 57 0 43 77 0 0 0 0 0 0 1 89 78 93 463 96 61 37 0 274 229 52 243 118 268 344 129 83 39 55 122 159 0 5 2 66 0 4 0 4 1 0 1 2 0 0 0 0 0 0 3 0 3 0 0 0 46 4 6 4 0 0 4 4 3 0 0 1 5 3 4 4 0 0 0 21 5 16 0 0 0 0 8 24 0 0 0 9 0 11 0 0 9 7 12 23 11 0 2 9 22 0 15 31 0 3 33 18 11 11 0 0 0 0 0 0 2 0 0 0 0 0 0 0 0 0 0 0 0 1 12 0 0 0 0 0 0 0 0 0 5 0 0 0 0 0 1 0 0 0 0 0 0 0 0 7 11 0 0 0 0 55 0 16 0 0 0 0 0 20 10 0 22 40 22 10 8 0 19 0 11 14 1 16 23 27 42 19 10 0 37 22 0 0 0 0 0 0 35 0 0 1 0 0 0 0 0 0 0 0 0 0 0 0 4 0 0 0 0 2 0 0 0 0 0 0 0 0 0 0 0 0 0 0 1 0 0 0 0 0 0 0 0 0 0 0 1 2 2 0 39 1 2 0 0 0 0 2 0 0 0 0 0 0 0 0 0 0 0 0 0 0 0 18 0 0 0 0 0 0 0 0 
 3 2 0 4 77 78 4 0 2 0 7 0 0 0 0 0 2 0 0 1 65 241 145 306 92 133 274 0 99 69 117 146 404 339 225 238 38 33 303 99 0 0 0 6 27 1 0 0 0 0 0 0 2 0 0 0 0 0 3 0 5 0 0 0 2 0 0 4 0 3 2 33 3 0 0 1 0 2 2 0 0 0 0 0 0 9 0 0 0 0 0 0 21 0 0 0 0 0 0 0 13 54 19 8 1 0 31 26 1 7 25 0 8 16 41 29 49 43 18 0 0 0 0 0 0 0 0 0 0 0 0 0 10 0 0 0 0 0 0 15 0 0 0 0 0 2 0 0 2 0 0 0 0 0 0 0 0 0 0 0 0 0 0 0 9 1 0 0 0 0 0 0 0 14 0 0 0 0 0 0 10 37 61 9 25 0 17 0 0 29 12 29 15 41 36 39 32 0 0 0 0 0 0 0 0 0 38 0 0 0 0 0 0 0 0 0 0 0 0 0 0 0 0 0 0 0 0 0 0 0 0 0 0 0 0 0 11 0 10 0 0 0 0 0 0 2 1 0 0 0 0 0 0 0 1 2 2 0 76 0 2 0 0 0 0 0 1 0 2 0 0 0 0 0 0 0 0 0 0 0 0 2 0 0 0 0 12 0 0 0 
 0 0 2 0 0 2 0 0 0 0 0 0 0 0 0 1 0 1 0 3 152 316 64 162 194 264 229 99 0 217 115 124 95 97 101 147 118 153 164 462 2 2 2 5 0 0 2 6 0 0 0 2 67 6 0 3 0 3 3 4 6 0 0 0 0 2 0 0 0 0 5 11 4 0 2 6 1 9 2 1 0 0 0 0 1 0 0 0 0 0 0 0 0 0 18 1 0 1 0 0 0 17 7 22 52 0 9 44 20 37 26 24 0 13 15 0 50 22 0 14 0 0 0 0 0 0 9 0 0 0 0 0 11 2 0 0 0 0 29 26 0 0 0 0 0 0 0 0 0 0 0 0 0 0 18 0 0 0 2 0 0 0 2 0 2 17 0 0 0 0 0 0 0 0 0 0 0 0 1 1 16 21 33 31 7 0 0 14 18 45 18 53 0 51 3 10 32 12 0 0 12 0 0 0 0 0 0 0 0 0 0 0 0 1 0 0 0 2 8 8 0 0 0 0 0 0 0 0 0 0 0 0 0 0 0 0 0 0 0 0 0 0 0 0 0 0 0 0 0 0 0 0 0 0 7 0 0 0 0 1 0 1 0 0 0 0 0 0 0 0 0 0 0 0 0 0 0 0 0 1 0 0 0 0 0 0 0 0 0 0 
 0 0 2 2 74 15 0 2 0 0 0 0 0 0 0 0 1 0 0 2 312 278 57 240 157 93 52 69 217 0 176 120 66 76 80 97 113 99 171 136 0 0 0 2 0 0 0 0 0 0 0 0 32 0 0 0 0 0 12 71 3 0 0 0 0 52 0 0 0 0 0 0 3 0 0 0 0 0 2 0 0 0 0 0 0 0 0 0 0 0 0 0 0 0 0 0 0 43 0 0 12 31 0 10 45 0 24 17 0 18 15 1 1 52 13 8 15 19 0 12 12 0 0 0 0 0 0 0 0 0 0 0 8 0 0 0 0 0 47 24 0 0 14 17 0 1 0 0 0 0 0 0 0 0 0 0 0 0 0 0 2 0 0 0 0 0 0 0 0 0 0 0 0 0 0 2 0 0 0 0 10 24 11 13 0 65 10 20 27 0 17 31 21 21 8 26 1 36 0 0 0 0 1 0 2 0 0 0 0 0 0 0 0 0 0 0 0 0 6 5 1 0 0 0 0 0 0 0 0 2 0 0 0 0 0 0 0 0 0 0 0 0 0 0 0 0 0 0 0 0 0 0 0 0 8 0 2 78 0 0 2 0 2 0 0 0 0 0 0 0 0 0 0 0 0 0 0 0 0 0 0 0 0 0 0 0 0 0 0 0 
 0 3 0 209 1 0 0 0 0 2 0 0 0 0 0 0 2 2 2 0 29 369 296 78 161 134 243 117 115 176 0 220 122 116 216 82 322 228 30 241 0 0 0 1 0 0 0 0 0 0 0 0 2 0 0 0 0 0 69 0 5 3 0 0 1 0 0 0 0 0 0 2 4 0 0 0 0 3 2 1 0 0 0 0 0 0 0 0 8 0 0 0 0 0 0 0 0 0 0 0 24 0 71 13 36 18 0 11 14 21 9 6 0 0 8 0 24 15 0 0 0 12 8 1 0 1 8 17 0 0 0 0 9 0 1 1 0 0 0 27 0 0 0 0 0 0 2 0 0 0 0 0 0 0 0 0 0 2 0 0 1 0 0 0 0 0 0 0 0 0 0 0 0 0 0 1 0 0 0 0 0 17 21 44 33 0 0 44 17 15 32 0 0 13 12 16 0 12 0 0 0 0 0 0 0 0 14 0 0 0 0 10 3 0 0 22 0 0 9 20 0 0 0 8 0 0 8 0 0 0 0 0 0 0 0 0 0 1 0 0 0 0 7 0 0 0 0 0 0 0 0 0 0 0 8 2 0 42 81 0 4 25 0 0 0 10 0 0 0 0 0 0 0 16 0 0 0 0 0 16 0 12 0 0 0 15 0 0 0 0 
 0 3 0 0 0 0 0 2 0 0 0 0 0 0 2 0 2 0 0 0 159 197 27 124 413 224 118 146 124 120 220 0 104 35 244 119 373 114 27 100 0 2 64 3 0 0 0 0 0 0 0 0 1 4 95 0 0 0 3 8 2 0 0 0 0 0 0 0 0 0 0 0 3 0 0 0 0 0 2 0 0 0 0 0 0 0 0 0 0 0 0 0 0 0 0 0 0 0 0 0 11 32 9 0 11 19 0 38 10 0 0 8 1 9 16 0 32 0 0 0 0 0 0 1 0 1 22 0 0 0 0 0 25 0 1 0 0 0 6 14 0 0 0 7 0 2 0 0 0 0 0 0 0 0 0 0 0 0 0 0 0 0 0 0 4 0 0 0 0 0 0 0 0 0 0 0 1 0 0 0 0 11 14 21 22 23 24 38 25 24 40 19 0 48 33 5 0 39 0 0 0 13 0 0 2 0 12 0 4 0 0 0 0 0 0 0 0 0 12 0 2 0 0 0 0 0 0 0 0 2 0 8 0 0 0 0 13 0 0 0 0 0 0 0 0 0 0 0 0 0 0 0 1 0 3 0 2 4 151 2 0 0 2 0 0 0 0 0 0 0 0 0 0 0 0 0 0 0 0 0 0 0 0 0 12 0 0 12 0 0 
 0 0 2 286 1 74 0 0 0 0 0 35 0 0 0 0 1 149 0 0 158 130 194 87 160 56 268 404 95 66 122 104 0 165 115 128 112 105 295 193 0 0 0 66 0 0 0 1 0 0 0 0 61 0 0 0 0 0 3 0 1 0 0 0 29 0 0 1 0 0 0 0 3 0 0 0 0 0 2 3 1 0 0 0 39 16 0 0 0 0 19 0 0 0 0 0 0 0 0 0 11 44 10 8 0 0 0 0 8 1 68 10 9 0 3 21 28 10 21 11 7 0 2 0 0 0 0 0 0 0 0 0 10 0 0 0 0 0 2 0 0 0 0 0 0 1 0 0 6 1 0 0 0 2 0 0 0 0 0 0 0 0 0 0 11 0 0 0 0 0 0 21 0 0 0 0 0 0 0 0 9 66 14 9 9 0 39 9 18 40 1 32 0 27 32 27 21 0 16 0 0 0 0 0 0 8 0 0 0 0 0 0 0 0 0 0 0 0 0 0 0 0 0 0 1 0 1 1 0 0 0 0 0 0 0 0 0 0 0 2 0 0 12 0 0 0 0 0 0 0 0 0 0 0 12 0 3 0 77 0 4 2 0 0 0 0 0 0 0 0 0 0 0 0 0 0 0 0 0 0 0 10 0 0 0 0 13 0 0 0 
 3 3 4 79 155 176 3 3 5 3 3 77 7 3 3 3 5 3 3 4 277 30 364 293 66 277 344 339 97 76 116 35 165 0 182 114 20 33 260 123 0 0 0 1 0 0 0 0 0 0 0 0 2 0 0 0 0 0 3 0 4 1 0 0 0 0 0 0 0 0 0 2 5 0 0 1 0 3 2 0 0 0 0 0 12 25 0 0 0 0 0 0 0 0 0 1 0 0 0 0 0 35 8 19 2 0 48 0 31 44 13 28 33 21 23 27 13 12 22 0 0 0 0 0 0 0 0 0 0 0 0 0 0 0 0 0 0 0 0 0 0 0 0 0 0 2 0 0 2 0 0 0 0 8 0 0 0 0 0 0 0 0 0 0 15 24 0 0 0 1 0 0 0 0 0 0 0 0 0 0 10 44 49 0 0 0 14 0 12 0 0 17 25 17 25 47 28 10 21 0 0 0 0 0 0 0 0 0 0 0 0 0 0 0 0 0 0 0 0 0 0 0 0 31 0 0 0 0 0 0 0 0 0 0 0 0 0 0 19 0 0 0 0 0 0 0 0 0 0 0 0 0 0 0 9 1 2 0 0 0 13 0 0 0 0 0 0 0 0 0 0 0 0 0 0 0 0 0 0 0 0 0 0 0 0 0 0 0 0 0 
 0 0 2 1 77 88 0 0 2 0 101 0 0 0 3 3 1 2 0 3 46 33 187 53 64 117 129 225 101 80 216 244 115 182 0 157 102 200 208 161 0 0 0 62 0 0 0 0 0 0 0 0 0 0 0 0 0 0 65 0 3 0 0 0 0 0 0 0 0 0 0 2 3 0 3 0 0 0 2 0 0 0 0 0 1 19 0 0 0 0 3 0 19 0 0 0 0 0 0 0 15 41 11 20 0 0 22 0 8 11 27 24 53 0 12 43 0 2 49 16 1 0 0 0 0 0 19 0 0 21 0 0 0 12 0 0 0 0 0 11 0 0 0 0 0 1 0 0 7 0 0 0 0 0 0 0 0 0 0 0 0 0 0 1 2 14 0 0 2 1 0 20 0 0 0 0 0 1 6 0 0 10 0 9 20 0 1 9 25 14 20 0 11 0 19 23 27 13 0 3 0 0 0 0 0 0 7 11 0 0 0 0 11 7 0 6 0 0 0 7 0 0 4 0 0 0 0 0 0 0 0 0 0 0 0 0 2 0 0 0 0 0 21 0 0 0 0 0 0 0 0 0 0 0 14 0 0 78 2 2 2 0 0 0 0 0 30 0 0 0 21 0 0 0 0 0 0 0 0 0 0 13 0 0 0 10 11 0 0 0 
 0 0 0 2 0 74 0 0 0 1 80 0 0 0 0 0 0 0 0 0 255 35 221 112 230 51 83 238 147 97 82 119 128 114 157 0 210 359 128 353 0 0 0 209 0 0 0 0 0 0 0 0 14 63 0 0 0 21 45 64 3 0 0 0 54 0 0 0 0 0 0 0 3 0 0 0 0 0 2 2 0 0 0 0 0 16 0 0 0 0 0 0 0 0 0 0 1 0 0 0 9 9 14 0 1 0 14 18 30 12 4 0 0 18 59 0 53 51 0 5 44 1 0 2 0 0 0 0 0 0 2 0 0 16 11 0 0 0 21 14 0 0 0 0 0 2 0 0 0 0 0 0 0 0 0 0 0 1 0 0 0 0 0 0 2 36 0 2 0 0 0 0 0 0 0 0 0 0 0 0 20 23 18 23 0 1 21 0 0 1 5 0 0 41 13 21 0 26 0 0 0 0 0 0 0 0 20 11 0 0 0 0 24 6 0 19 1 0 3 6 0 0 0 0 0 0 0 0 0 0 0 0 0 0 0 0 0 0 0 0 0 10 0 0 0 0 74 0 0 0 0 0 0 0 12 0 0 51 52 0 2 2 0 0 0 0 0 0 0 0 0 0 0 0 0 0 0 0 0 0 0 0 0 0 0 14 0 0 0 0 
 0 2 2 3 0 0 1 0 0 0 0 0 0 0 0 0 1 0 0 0 103 37 104 206 88 140 39 38 118 113 322 373 112 20 102 210 0 157 35 131 0 0 2 1 0 0 1 0 0 0 0 0 93 20 66 0 1 0 130 1 2 0 0 0 0 0 0 5 0 0 0 0 3 0 0 0 0 0 2 3 0 0 0 0 2 0 0 0 0 0 1 0 0 0 0 2 0 2 0 0 29 0 0 24 11 12 0 10 7 18 11 11 0 9 0 2 0 9 0 14 39 12 0 0 0 0 1 0 0 0 0 0 21 14 14 0 0 0 15 0 0 0 0 4 0 1 0 0 0 0 0 0 0 0 0 0 0 0 0 0 5 0 1 0 1 0 2 13 1 0 0 0 0 0 0 9 0 0 2 0 0 0 2 0 0 43 14 33 0 0 20 19 0 17 9 16 0 11 0 1 0 0 0 0 0 0 11 14 0 0 0 9 42 10 0 0 0 1 42 9 0 0 0 0 0 0 0 0 0 0 0 0 0 0 0 0 0 0 0 0 0 8 6 0 0 0 0 0 0 0 0 0 0 0 6 0 0 147 72 1 0 0 0 0 0 0 0 0 0 0 0 0 0 0 0 0 0 0 0 0 0 14 0 0 0 0 0 0 0 0 
 0 0 0 1 0 0 0 0 1 0 0 0 0 0 0 0 2 0 0 0 52 40 629 213 117 118 55 33 153 99 228 114 105 33 200 359 157 0 192 147 0 0 0 1 0 0 1 0 0 0 0 0 29 28 62 3 0 0 128 0 9 0 0 0 0 0 1 0 0 0 0 4 5 33 0 0 0 6 39 0 0 0 0 0 1 10 0 0 0 0 2 0 0 0 0 0 0 0 0 0 29 1 18 33 31 21 18 10 9 27 13 35 19 0 0 8 0 20 10 17 30 20 25 0 0 0 1 1 0 0 0 0 1 16 8 0 0 0 11 11 0 0 0 0 0 0 10 0 0 0 0 1 0 0 0 2 0 0 2 0 5 0 2 0 2 19 0 0 0 0 0 0 0 0 0 28 0 0 0 1 2 0 3 0 4 9 2 15 0 23 18 0 0 0 1 26 17 1 1 0 0 0 0 0 0 0 9 13 0 0 0 0 14 8 0 1 14 2 25 8 0 0 0 0 0 0 0 16 0 0 0 0 0 0 0 0 2 0 0 0 0 0 19 0 0 77 0 0 0 0 0 0 0 0 4 6 1 0 78 0 2 19 0 0 0 0 57 0 0 0 0 0 0 0 0 0 0 17 0 0 0 16 0 0 0 1 19 0 0 0 
 0 0 2 72 74 0 0 0 4 0 76 78 2 0 0 4 207 0 0 4 181 19 138 70 74 61 122 303 164 171 30 27 295 260 208 128 35 192 0 316 0 0 0 64 0 0 0 0 0 0 0 0 0 0 0 0 0 6 3 0 3 0 0 0 49 0 0 0 0 0 0 0 3 0 0 0 0 0 2 0 0 0 0 19 11 1 0 0 0 0 1 0 0 0 0 2 0 3 0 0 0 24 0 0 13 0 9 10 0 10 35 1 24 15 7 17 0 24 44 52 0 0 0 0 0 0 0 0 0 0 0 0 0 0 0 0 0 0 18 0 4 0 0 0 0 0 0 0 3 0 0 0 0 0 0 0 0 0 0 0 6 0 0 0 11 0 2 0 0 6 0 30 0 0 0 0 0 0 2 2 16 30 11 1 9 0 20 2 27 42 22 21 0 35 0 18 47 10 0 17 0 0 0 0 0 0 0 0 0 0 0 0 0 0 0 0 0 1 0 0 0 0 0 0 0 0 0 0 0 0 0 0 0 0 0 0 14 0 0 0 0 13 0 0 0 0 67 0 0 0 0 0 0 0 10 2 2 0 3 0 15 0 0 0 0 0 14 0 0 0 0 0 0 0 0 0 0 0 0 0 0 0 0 0 0 0 25 0 0 0 
 0 0 0 0 0 74 0 0 0 0 0 0 0 0 0 2 0 0 0 0 52 58 138 79 102 61 159 99 462 136 241 100 193 123 161 353 131 147 316 0 6 0 2 5 0 0 0 0 3 3 0 0 0 6 1 2 0 62 3 1 3 0 0 0 51 0 0 6 8 0 3 4 3 0 0 0 2 3 2 0 0 0 0 0 2 0 0 0 0 0 0 0 0 0 2 0 0 0 0 0 15 10 9 18 11 0 16 11 11 8 77 15 1 10 8 27 26 24 0 28 0 0 0 0 0 0 0 0 0 0 0 0 10 0 0 0 2 0 11 0 0 0 0 0 0 0 0 0 0 0 0 0 0 0 0 0 2 0 0 0 0 0 0 0 0 9 0 0 0 0 0 0 0 0 0 0 0 0 0 0 15 26 40 1 8 0 12 0 23 38 0 28 0 42 21 14 9 11 0 0 0 0 0 0 0 0 0 0 0 0 0 0 0 0 0 0 0 0 0 0 0 0 0 0 0 0 0 0 0 0 0 0 0 0 0 0 0 0 0 0 0 0 19 0 0 0 0 0 0 0 0 0 0 0 8 0 0 1 7 0 14 0 0 0 0 0 6 0 0 0 0 0 0 0 0 0 0 0 0 1 0 11 0 0 0 0 12 0 0 0 
 0 0 1 2 2 1 0 0 9 0 0 0 0 2 2 0 0 0 0 0 0 0 3 0 0 115 0 0 2 0 0 0 0 0 0 0 0 0 0 6 0 224 165 50 44 43 151 332 83 54 96 110 329 364 169 330 108 245 59 175 0 4 6 0 0 3 2 0 5 8 0 0 0 0 35 0 5 0 7 0 0 0 0 0 0 0 0 0 0 0 0 0 0 0 0 0 0 0 0 0 0 0 0 0 0 0 0 0 0 0 0 0 0 0 0 0 0 0 0 0 22 10 63 0 1 0 0 10 12 20 22 3 0 4 18 9 18 2 2 0 5 0 10 0 0 0 0 0 5 0 2 0 17 0 0 0 1 0 19 0 0 0 0 0 0 0 0 0 0 0 0 0 0 0 0 0 0 0 0 0 0 0 0 0 0 0 0 0 0 0 0 0 0 0 0 0 0 0 0 0 41 8 12 8 14 0 25 6 1 51 28 0 0 24 41 0 24 34 0 0 0 0 0 5 0 0 0 6 0 0 5 0 1 0 0 5 0 0 0 0 0 0 0 0 0 0 0 0 0 0 0 5 0 0 0 0 0 0 0 0 0 0 0 65 3 0 3 0 2 0 0 0 0 0 0 0 0 0 0 0 0 0 0 0 0 0 0 0 0 0 
 0 0 0 3 0 0 0 0 0 0 0 0 0 0 0 0 2 0 62 62 0 0 0 0 0 7 5 0 2 0 0 2 0 0 0 0 0 0 0 0 224 0 283 58 99 17 234 130 49 51 313 59 52 126 62 251 94 31 46 63 0 3 0 39 0 0 4 14 0 0 0 0 3 0 0 0 0 0 9 4 0 0 11 0 0 0 0 0 0 0 0 0 0 0 0 0 0 0 0 0 0 0 0 0 0 17 0 0 0 0 0 0 0 0 0 0 0 0 0 0 10 31 0 26 0 0 32 0 0 43 16 8 0 0 53 37 15 3 0 0 0 4 3 4 0 0 8 0 0 0 3 4 4 0 1 0 0 0 7 0 0 0 0 0 0 0 0 0 0 0 0 0 0 0 0 0 0 0 0 0 15 0 0 0 0 10 0 0 0 0 0 0 0 0 0 0 0 0 0 0 44 26 20 9 3 14 0 45 39 75 13 30 0 64 36 0 24 17 10 0 1 0 4 0 0 0 8 0 5 3 0 0 4 0 0 0 4 8 0 0 0 0 0 0 0 0 0 0 0 0 0 8 0 1 0 0 0 0 0 0 9 0 0 6 0 2 2 0 0 0 6 0 0 0 0 0 0 0 0 0 0 0 0 0 26 11 0 19 0 0 
 0 3 0 5 0 0 0 0 0 0 0 0 0 0 0 0 0 0 0 0 0 0 0 0 0 0 2 0 2 0 0 64 0 0 0 0 2 0 0 2 165 283 0 112 262 31 156 170 40 127 27 44 45 113 94 263 251 248 74 245 0 0 37 0 0 0 0 0 0 2 0 0 0 26 1 4 0 0 0 0 0 0 0 0 0 0 0 0 0 0 0 0 0 0 0 0 0 0 0 5 0 0 0 0 0 10 0 0 0 0 0 0 0 0 0 0 0 15 0 0 0 13 16 13 11 0 0 11 7 12 0 1 21 42 22 67 0 8 0 0 18 0 10 0 15 0 0 0 10 0 4 0 9 6 0 4 0 8 7 0 0 0 0 0 0 0 0 0 0 0 0 0 0 0 0 0 0 0 0 0 0 0 0 0 0 6 0 0 0 0 0 0 0 0 0 0 0 0 0 0 10 26 21 43 0 0 0 10 39 43 8 49 0 14 11 11 10 8 0 0 0 0 0 6 2 21 0 8 0 0 4 4 0 0 4 7 0 0 0 0 0 0 0 0 0 0 0 0 0 0 0 11 0 2 0 0 0 0 0 1 0 22 0 1 0 12 0 0 0 0 0 0 0 0 0 0 0 0 0 0 0 4 0 0 14 0 0 4 2 0 
 12 2 8 8 2 3 1 1 64 0 0 0 1 0 2 0 5 2 0 68 0 1 2 1 0 1 66 6 5 2 1 3 66 1 62 209 1 1 64 5 50 58 112 0 113 36 128 149 48 173 68 74 289 114 307 49 37 109 83 71 54 0 0 0 0 0 51 0 0 0 0 0 3 0 0 0 0 0 0 0 0 8 1 1 0 0 0 0 0 0 0 13 0 4 7 7 0 15 0 0 0 1 0 0 0 0 0 0 0 0 0 0 0 0 8 0 0 0 1 0 0 0 1 8 51 0 0 10 30 0 0 35 0 0 0 0 0 0 0 0 11 0 0 0 0 0 14 1 6 0 0 0 0 1 13 0 0 0 16 0 0 0 0 0 0 0 7 0 0 8 1 21 24 0 0 0 0 0 0 3 0 3 0 0 0 0 0 0 19 0 0 0 2 0 0 0 0 0 0 0 1 0 0 25 0 4 0 0 22 9 0 0 0 0 0 0 0 18 0 0 0 0 0 0 0 0 10 0 0 0 0 0 0 0 18 10 0 0 0 1 0 0 0 0 0 0 0 0 0 0 0 15 0 2 0 0 0 0 1 1 0 0 2 0 0 2 0 0 2 0 0 0 0 0 0 0 0 0 0 0 0 0 0 0 0 0 0 0 2 0 
 1 2 2 5 2 0 0 2 0 0 1 0 0 1 0 2 1 0 0 0 0 1 0 0 0 1 0 27 0 0 0 0 0 0 0 0 0 0 0 0 44 99 262 113 0 150 66 189 132 66 153 178 66 151 91 165 54 106 67 73 0 51 0 0 0 0 0 2 51 10 8 8 0 0 3 0 4 0 22 0 0 0 0 0 0 0 0 0 0 0 0 0 0 0 0 0 9 0 4 0 0 0 0 0 0 0 0 0 0 0 0 0 0 0 0 0 0 0 0 0 0 10 17 0 23 0 0 11 8 0 46 6 0 0 18 0 0 3 2 0 0 0 0 0 6 0 14 1 1 0 7 0 19 0 1 0 0 0 19 0 0 0 0 0 0 0 0 0 0 0 0 0 0 0 0 0 0 0 0 0 0 0 0 0 0 0 0 0 0 0 7 0 0 0 0 0 0 0 0 0 19 9 10 0 8 0 0 0 0 20 33 0 0 18 33 0 24 67 0 0 0 0 16 16 0 0 0 33 23 0 37 0 0 5 7 23 4 14 28 19 0 0 0 0 0 0 0 0 0 0 0 6 0 0 0 0 0 0 0 1 0 0 1 66 1 5 0 63 4 0 0 0 0 0 0 3 0 0 0 0 0 0 0 0 0 0 0 0 0 0 
 0 0 0 2 0 0 0 0 0 0 0 0 1 0 0 2 1 2 0 0 0 0 0 0 0 0 4 1 0 0 0 0 0 0 0 0 0 0 0 0 43 17 31 36 150 0 36 24 106 101 95 337 47 56 50 75 45 299 54 41 2 0 0 0 0 217 0 57 26 0 0 0 19 75 15 2 13 5 54 75 0 25 0 0 0 0 0 0 0 0 0 0 0 0 0 0 0 0 0 0 0 0 0 0 0 0 0 0 0 0 0 0 0 0 0 0 0 0 0 0 0 0 1 0 2 18 0 0 0 0 0 0 0 0 0 11 0 5 0 0 22 1 19 0 8 0 18 22 23 10 13 0 5 11 18 0 6 0 10 13 0 0 0 6 0 0 4 0 0 0 0 0 0 0 0 0 7 0 0 0 0 0 0 0 0 0 0 0 0 0 0 0 0 0 0 0 0 0 0 0 0 0 0 0 0 20 0 0 0 0 0 9 0 0 0 0 9 0 0 0 8 15 22 13 0 0 15 1 0 46 20 0 34 1 11 25 21 13 1 21 0 0 7 0 0 0 0 0 0 0 0 7 0 0 0 0 0 0 0 1 0 0 0 0 1 5 6 0 5 0 0 0 0 0 0 0 0 0 0 0 0 0 0 0 0 0 0 0 0 14 
 0 0 0 0 0 0 2 0 0 0 0 0 0 0 0 0 2 0 0 0 0 0 0 0 0 73 0 0 2 0 0 0 0 0 0 0 1 1 0 0 151 234 156 128 66 36 0 171 57 33 34 345 204 230 48 284 54 99 160 97 0 0 7 0 0 2 5 6 0 3 0 0 0 0 19 0 0 0 0 0 0 0 0 0 0 0 0 0 0 0 0 0 0 0 0 0 0 0 0 0 0 0 0 41 11 21 0 0 0 0 0 0 0 0 0 0 0 0 0 0 0 70 0 0 0 0 10 3 0 20 41 0 9 23 15 2 38 0 0 0 5 0 4 0 0 0 4 0 5 0 12 0 0 0 0 0 2 9 36 0 0 0 0 0 0 0 0 0 0 0 0 0 0 0 0 0 0 0 0 0 0 0 0 0 26 0 0 0 0 0 0 0 0 0 0 0 0 0 0 0 30 9 6 16 49 0 11 22 0 22 13 21 0 27 18 14 11 0 20 8 0 0 0 6 0 0 0 5 1 0 6 0 0 0 0 6 0 0 0 0 0 0 0 0 0 0 0 0 0 0 0 12 2 0 0 0 0 0 0 0 0 0 0 67 67 45 2 0 0 1 0 0 0 0 0 0 0 0 0 0 0 11 0 0 0 14 0 0 1 0 
 66 64 2 25 62 2 0 0 4 67 25 61 88 0 0 0 1 64 1 2 0 0 0 0 0 0 4 0 6 0 0 0 1 0 0 0 0 0 0 0 332 130 170 149 189 24 171 0 174 29 111 64 103 343 319 225 106 100 61 265 0 0 0 106 0 0 0 0 0 0 49 0 0 0 0 0 0 2 38 0 0 0 0 6 0 0 0 0 10 0 0 0 9 10 0 0 32 0 0 0 0 0 0 0 0 0 0 5 0 0 0 0 0 0 0 0 0 0 0 0 0 31 45 44 31 0 0 13 13 0 37 15 0 0 20 0 0 0 0 0 21 5 0 0 0 2 1 0 0 7 0 0 9 0 0 0 4 0 14 0 0 0 0 0 0 0 35 0 7 0 16 0 0 0 0 0 0 0 0 0 0 0 0 0 0 0 0 0 0 7 0 0 0 0 0 0 0 0 0 0 22 2 11 22 0 0 0 15 13 48 23 0 0 20 46 0 28 87 0 0 0 0 0 0 0 0 0 9 0 0 0 0 0 0 7 0 13 0 34 0 0 0 0 0 0 0 0 0 0 0 0 5 0 2 0 0 0 0 0 0 0 0 0 12 1 2 0 0 2 0 0 0 0 0 0 0 0 0 0 0 0 0 0 0 0 0 0 0 0 0 
 0 0 0 16 0 0 4 0 0 0 0 64 2 0 0 4 0 0 0 0 0 0 0 0 0 0 1 0 0 0 0 0 0 0 0 0 0 0 0 3 83 49 40 48 132 106 57 174 0 155 186 90 322 180 375 48 98 159 87 69 8 0 0 0 0 0 4 4 0 0 0 0 1 0 1 0 0 0 102 5 0 0 0 0 0 0 0 0 0 0 0 0 0 0 0 0 0 0 0 0 0 0 0 0 0 0 0 0 0 0 0 0 0 0 0 0 0 0 0 0 0 4 29 15 2 49 0 3 32 0 15 26 0 0 16 14 17 42 0 0 0 19 28 0 0 0 1 2 6 20 0 0 32 13 1 0 0 0 20 27 0 0 13 0 0 0 0 0 0 0 0 0 0 0 0 0 0 0 0 0 3 0 0 0 0 0 0 7 0 0 0 0 0 0 0 0 0 0 0 0 1 0 20 14 21 0 0 0 0 35 12 73 0 0 0 0 8 5 0 0 11 0 0 0 0 0 39 17 0 0 0 0 16 9 15 0 0 0 13 0 0 0 0 0 0 0 0 0 0 0 0 0 0 0 0 0 0 0 0 10 0 0 0 0 65 1 2 0 0 0 7 0 0 0 0 0 0 0 0 0 0 0 0 0 0 15 0 0 0 0 
 0 0 0 2 0 0 0 0 0 35 0 0 0 0 3 0 0 0 0 0 0 0 0 0 0 0 0 0 0 0 0 0 0 0 0 0 0 0 0 3 54 51 127 173 66 101 33 29 155 0 167 133 49 99 137 68 164 183 163 307 18 51 0 0 0 0 19 0 0 12 0 1 3 0 1 0 0 0 1 2 0 0 0 0 0 0 0 0 0 0 0 0 0 0 0 0 0 0 0 0 0 0 0 0 0 0 0 0 0 0 0 0 0 0 0 0 0 0 0 0 0 1 0 0 0 22 1 7 0 9 17 32 10 20 40 22 0 34 0 0 0 0 0 2 0 0 12 25 6 18 0 0 19 0 11 0 14 2 25 0 0 0 0 0 0 0 0 0 0 0 0 0 0 0 0 0 0 0 0 0 0 0 0 0 3 0 0 0 0 14 0 0 0 0 0 0 0 0 0 0 0 0 0 11 3 21 0 0 1 20 18 40 1 0 0 15 0 15 0 0 9 0 2 0 0 0 38 0 3 12 0 8 32 0 12 18 12 3 0 18 0 0 9 0 0 0 0 0 0 0 0 2 0 0 0 0 0 0 0 15 0 0 2 1 0 13 0 74 0 0 10 0 0 0 0 0 0 0 0 0 0 0 0 0 0 0 0 0 0 0 
 2 6 8 6 2 2 5 2 2 2 2 2 2 5 7 15 2 4 9 2 0 0 0 0 0 0 1 0 0 0 0 0 0 0 0 0 0 0 0 0 96 313 27 68 153 95 34 111 186 167 0 130 39 115 59 161 148 88 245 146 2 0 0 0 0 0 0 0 0 0 0 2 0 0 0 0 0 0 52 0 0 0 37 12 0 0 0 0 0 0 0 7 4 0 0 2 1 0 0 22 0 0 0 0 0 0 0 0 0 0 0 0 0 15 0 0 0 0 0 0 20 26 43 0 2 7 0 7 30 23 15 0 0 0 0 28 19 20 0 0 0 41 6 0 0 0 0 18 8 10 1 0 20 10 0 0 0 0 13 22 0 4 0 8 0 0 1 0 2 0 6 0 0 4 0 0 13 0 0 0 0 0 0 0 0 0 0 0 0 0 0 0 0 0 0 0 0 0 0 0 10 0 20 14 16 10 7 4 0 27 4 7 0 0 23 0 24 1 0 0 10 0 0 0 0 0 0 21 0 1 0 0 14 2 11 0 0 0 6 0 0 0 41 0 0 1 0 0 0 0 0 6 1 1 0 0 0 0 0 2 0 0 1 0 65 1 0 1 4 0 0 0 0 0 0 0 0 0 0 0 0 0 0 0 0 0 0 0 1 0 
 0 0 2 2 0 0 0 0 0 0 5 0 2 0 0 4 2 0 0 1 0 0 0 0 0 2 2 0 2 0 0 0 0 0 0 0 0 0 0 0 110 59 44 74 178 337 345 64 90 133 130 0 27 69 119 47 80 217 60 57 3 50 0 0 0 0 50 72 0 3 8 0 0 26 16 4 0 1 0 2 0 0 0 0 0 0 0 0 0 0 0 0 0 0 0 0 0 0 0 8 0 0 0 0 0 0 0 0 0 0 0 0 0 0 0 0 0 0 0 0 0 65 0 0 16 22 0 0 0 0 69 24 0 1 6 10 0 13 0 0 5 0 0 0 0 0 0 27 12 9 6 0 10 0 0 0 0 9 59 0 0 0 0 0 0 0 0 0 0 0 0 0 0 0 0 0 0 0 0 0 0 0 0 0 0 0 0 0 0 0 0 0 0 0 0 0 0 0 0 0 8 8 0 0 11 23 0 13 0 11 28 10 0 22 14 0 8 28 0 0 15 0 9 0 0 0 4 0 0 7 0 0 33 0 5 14 11 3 0 19 0 0 8 0 0 0 0 0 0 0 0 7 0 0 0 0 0 0 0 21 0 0 0 35 0 17 0 62 0 0 8 0 0 0 0 0 0 0 0 0 0 0 0 0 0 0 0 0 0 0 
 0 0 0 4 0 0 0 0 0 0 0 0 2 0 0 4 0 0 0 3 0 0 0 128 0 29 0 2 67 32 2 1 61 2 0 14 93 29 0 0 329 52 45 289 66 47 204 103 322 49 39 27 0 308 257 53 39 20 120 217 0 0 0 0 0 1 0 0 0 0 36 0 0 0 0 0 0 0 0 2 0 0 0 0 0 0 0 0 0 0 0 0 0 0 0 0 0 0 0 0 1 0 0 13 14 2 0 1 0 18 0 2 0 0 0 0 0 13 0 0 32 1 0 0 0 0 20 0 6 15 10 0 0 8 0 0 14 0 30 21 0 0 0 0 0 0 4 0 0 0 0 0 0 0 0 0 0 0 0 0 5 0 0 0 0 0 0 0 0 0 0 0 0 0 0 9 0 0 0 0 0 0 1 0 0 9 0 0 0 0 0 0 0 0 0 14 0 7 0 0 8 0 0 10 10 7 6 0 2 10 0 14 8 0 31 19 1 0 16 18 0 0 0 0 0 0 0 0 0 0 0 0 0 0 0 9 0 0 0 0 0 0 15 0 0 0 0 0 0 0 0 9 0 1 0 0 0 55 0 0 0 0 0 0 66 1 1 0 2 0 0 0 0 0 0 0 0 0 0 0 0 8 0 0 0 0 0 0 1 0 
 0 0 0 6 0 0 0 0 0 0 0 0 61 0 0 4 33 0 0 3 0 0 0 61 31 98 0 0 6 0 0 4 0 0 0 63 20 28 0 6 364 126 113 114 151 56 230 343 180 99 115 69 308 0 262 154 55 30 172 333 0 0 0 0 0 0 0 6 0 3 2 0 0 0 0 2 0 0 0 3 0 0 0 0 0 0 0 0 0 0 0 0 0 0 9 0 0 0 0 0 0 0 0 0 0 0 0 0 0 0 0 0 0 0 0 0 0 0 0 0 36 20 5 0 0 1 18 0 2 19 30 10 0 21 14 4 35 0 0 1 0 0 5 0 0 0 0 3 0 3 3 0 3 0 1 0 0 0 24 0 0 0 0 0 0 0 0 0 0 0 0 0 0 0 0 0 0 0 0 0 0 0 0 0 13 1 0 0 0 0 0 0 0 0 0 0 0 0 0 0 30 8 33 9 0 0 27 52 14 16 13 0 28 30 25 1 9 23 16 8 4 19 0 0 0 0 0 0 0 0 0 8 0 0 0 0 0 0 7 0 0 0 0 0 0 0 0 0 0 0 0 2 0 0 0 0 0 1 0 7 0 0 0 38 0 3 2 0 2 0 0 0 0 0 0 0 0 0 0 0 0 0 0 0 16 16 0 0 0 0 
 0 0 0 3 0 0 0 0 61 0 0 0 2 0 0 4 1 0 0 0 0 0 1 58 102 5 0 0 0 0 0 95 0 0 0 0 66 62 0 1 169 62 94 307 91 50 48 319 375 137 59 119 257 262 0 322 169 51 294 138 6 0 1 0 0 0 0 7 0 0 0 0 0 5 13 57 0 4 1 53 0 0 0 0 0 0 0 0 0 0 0 0 0 0 0 0 0 0 0 0 0 0 0 0 1 20 0 0 0 0 0 18 0 0 0 0 1 0 0 0 37 0 21 2 24 0 30 23 6 0 0 17 12 14 27 0 0 9 0 0 25 0 3 0 7 6 0 0 6 5 0 0 5 6 0 8 0 10 0 4 8 0 0 0 0 0 0 0 0 0 0 0 9 0 0 5 0 0 0 0 0 0 0 0 7 14 0 0 0 0 0 0 0 0 0 0 0 0 0 0 0 11 1 1 0 0 0 0 25 26 57 19 33 0 10 0 1 36 15 6 0 0 0 1 6 2 9 5 0 0 0 2 23 0 55 0 0 1 0 12 0 0 0 0 0 0 0 0 0 0 0 2 0 0 0 0 0 0 0 0 0 0 1 0 2 0 3 0 0 0 11 0 0 0 0 6 0 0 0 0 0 0 0 0 0 15 0 0 0 0 
 4 0 0 0 0 0 0 0 4 0 0 0 0 0 0 0 0 0 0 0 72 0 0 0 0 3 0 0 3 0 0 0 0 0 0 0 0 3 0 2 330 251 263 49 165 75 284 225 48 68 161 47 53 154 322 0 55 264 459 150 0 2 0 0 6 0 0 5 0 1 0 2 0 3 2 2 0 0 117 4 0 0 0 0 0 0 0 0 0 0 0 0 0 0 0 0 0 0 0 0 0 0 0 0 0 13 0 0 0 0 0 0 0 0 0 0 0 1 0 0 26 23 27 14 0 0 20 5 41 20 19 0 0 0 12 9 12 28 0 7 1 3 6 0 0 0 1 7 0 0 1 0 4 0 17 0 0 0 9 13 0 0 0 0 0 0 0 0 2 0 0 0 0 0 0 0 0 0 0 0 0 0 0 3 0 8 0 0 0 0 0 0 0 0 0 0 0 0 0 0 9 0 37 14 39 0 7 26 0 19 11 0 0 9 20 0 16 1 8 0 36 0 0 0 0 0 0 33 0 0 0 0 42 13 29 0 0 0 28 0 0 0 0 0 0 0 0 0 0 26 0 5 0 2 0 0 0 2 0 19 0 0 0 0 64 0 2 0 0 0 0 0 0 0 0 0 0 0 0 0 0 0 0 0 0 18 0 0 2 0 
 0 0 0 2 0 0 0 0 0 0 0 0 0 0 0 0 2 0 0 0 0 0 0 0 0 0 0 0 0 0 0 0 0 0 0 0 1 0 0 0 108 94 251 37 54 45 54 106 98 164 148 80 39 55 169 55 0 184 107 54 0 0 6 0 0 0 14 0 0 4 0 0 0 0 36 0 0 0 0 0 8 0 0 0 0 0 0 0 0 0 0 0 0 0 0 0 4 0 0 0 0 0 0 0 0 10 0 0 0 0 0 0 0 0 0 0 0 0 0 0 1 0 11 9 11 0 1 20 7 40 0 16 17 23 19 9 13 9 0 0 17 0 6 0 0 0 0 0 7 6 3 0 4 0 0 0 0 0 0 0 0 0 0 0 0 0 0 0 0 0 0 0 0 0 0 0 0 0 0 0 0 0 0 0 1 0 10 0 0 0 0 0 0 0 0 0 0 0 0 0 8 1 18 24 0 0 0 1 39 40 8 51 1 7 22 2 1 36 0 1 0 0 0 5 0 0 10 7 0 0 6 0 1 0 0 7 0 0 0 0 0 1 0 0 0 0 0 0 0 0 0 9 0 2 1 0 0 0 0 1 0 0 0 4 0 19 1 0 0 0 0 0 0 0 0 0 0 0 0 0 0 0 0 0 19 0 0 11 2 0 
 0 0 0 7 8 0 0 1 0 1 12 5 2 0 0 4 2 0 0 2 7 0 0 0 0 0 0 0 3 0 0 0 0 0 0 21 0 0 6 62 245 31 248 109 106 299 99 100 159 183 88 217 20 30 51 264 184 0 88 24 6 0 0 0 0 0 2 0 0 0 3 0 0 0 51 0 0 0 50 0 0 0 0 0 8 1 0 0 0 0 0 0 0 0 0 0 0 1 0 0 0 0 0 0 0 0 0 0 0 0 0 7 0 3 0 0 0 0 5 2 0 15 15 0 23 15 0 1 14 32 14 53 11 11 20 22 0 39 0 0 0 0 0 0 0 0 48 11 2 27 0 0 24 13 15 0 0 4 51 31 0 0 0 0 5 0 0 0 0 0 0 9 0 0 0 0 0 1 0 0 27 0 0 0 0 0 0 0 0 0 0 0 0 2 0 1 0 0 0 10 0 0 0 11 1 9 0 14 0 19 21 47 0 1 0 22 17 21 0 0 7 0 0 0 0 0 63 14 0 0 0 0 50 0 32 2 0 0 9 1 0 5 8 0 0 0 4 0 0 0 0 19 0 1 0 0 0 0 0 4 0 1 2 0 0 19 0 0 4 0 9 0 0 0 0 0 0 0 0 0 0 0 0 0 0 0 0 0 1 0 
 0 0 0 0 0 0 0 0 6 0 63 0 0 0 0 0 0 0 0 0 3 3 92 68 95 24 3 3 3 12 69 3 3 3 65 45 130 128 3 3 59 46 74 83 67 54 160 61 87 163 245 60 120 172 294 459 107 88 0 171 0 0 0 0 0 5 0 0 2 2 0 1 0 0 9 0 2 0 0 6 0 0 0 0 0 0 0 0 0 0 0 0 0 0 0 0 0 0 0 0 0 0 21 9 7 0 0 0 0 0 0 0 0 0 0 7 0 50 0 0 27 81 6 0 0 0 0 10 0 18 0 0 4 41 6 8 0 0 10 33 0 0 0 0 0 0 0 0 0 0 6 6 0 0 0 11 11 0 2 0 77 0 0 0 0 0 0 0 0 0 0 0 0 0 0 0 0 0 0 0 0 0 0 26 11 1 0 0 0 0 0 0 0 0 0 0 0 21 0 0 0 26 0 17 0 0 27 28 0 0 2 14 41 6 1 30 1 0 37 6 0 0 0 0 0 0 0 0 0 0 5 0 0 8 20 0 0 0 0 0 0 0 0 0 0 0 0 0 0 0 0 2 0 0 0 0 0 54 0 2 0 21 0 1 0 66 6 0 0 0 0 0 0 0 0 1 0 0 0 0 0 0 0 0 0 14 0 0 1 0 
 0 0 0 2 0 0 0 0 0 0 0 0 0 0 0 0 2 0 0 0 0 62 0 45 61 130 0 0 4 71 0 8 0 0 0 64 1 0 0 1 175 63 245 71 73 41 97 265 69 307 146 57 217 333 138 150 54 24 171 0 0 0 0 0 0 0 0 0 0 0 0 0 0 0 0 0 0 0 0 1 0 0 0 0 0 0 0 0 0 0 0 0 0 0 0 0 0 0 0 0 0 21 0 1 32 21 0 11 2 2 2 7 0 0 0 0 2 9 0 0 35 0 0 1 0 0 19 1 4 31 0 0 1 10 1 1 18 4 4 22 0 0 5 0 0 0 0 0 0 0 0 0 0 0 0 0 0 0 1 0 1 0 0 0 0 0 0 0 0 0 0 0 8 0 22 8 0 0 0 0 0 0 0 0 11 12 0 2 11 4 8 6 0 0 0 0 5 5 0 0 25 1 9 9 9 0 2 13 13 9 0 12 70 0 32 0 0 0 0 18 0 0 0 0 0 0 0 0 0 0 0 0 20 0 0 0 0 0 0 0 0 0 0 0 0 0 0 0 0 0 0 1 0 0 0 0 0 61 2 0 0 0 3 0 105 4 2 0 0 0 0 0 0 0 0 0 0 0 0 0 0 0 2 0 2 0 0 0 0 0 
 6 2 3 2 0 3 0 0 1 3 0 2 4 0 1 0 1 3 3 2 3 3 2 3 3 3 3 5 6 3 5 2 1 4 3 3 2 9 3 3 0 0 0 54 0 2 0 0 8 18 2 3 0 0 6 0 0 6 0 0 0 163 109 108 286 33 190 154 33 61 229 30 166 97 37 112 31 86 94 141 0 0 0 0 0 0 0 0 0 0 0 0 0 0 0 0 0 0 0 0 0 0 0 0 0 0 0 0 0 0 0 0 0 0 0 0 0 0 0 0 0 0 0 17 28 54 0 0 0 0 0 15 0 0 0 3 0 2 2 0 7 0 3 22 9 0 10 16 8 0 15 3 18 30 20 20 26 42 2 23 0 0 0 6 0 0 0 0 0 0 0 0 0 0 0 0 0 0 0 0 0 0 0 0 0 0 0 0 0 0 0 0 0 0 0 0 0 0 0 0 0 0 0 1 8 79 0 0 0 0 0 4 0 0 0 0 6 0 0 0 47 14 15 12 7 34 9 0 10 9 0 37 0 10 19 23 10 18 0 15 0 0 2 0 0 0 0 0 0 0 0 0 0 0 10 0 0 0 0 0 0 0 55 0 0 0 0 0 0 0 11 0 0 9 0 21 0 0 0 0 0 0 0 0 0 1 0 0 0 0 
