 0 241 505 138 368 215 157 188 259 258 133 134 153 144 273 45 234 157 61 54 0 2 3 0 1 3 0 0 6 2 1 0 81 0 0 0 0 3 3 3 0 4 0 0 5 2 0 2 0 0 0 9 2 0 0 3 0 1 0 0 0 0 3 0 6 0 0 1 3 0 0 0 0 0 3 0 6 0 0 0 25 38 12 30 12 13 29 73 20 0 12 9 37 7 0 40 39 17 9 24 18 0 0 0 0 0 0 0 0 0 0 0 0 0 0 0 3 0 0 0 0 2 0 0 0 0 0 0 0 0 0 0 0 0 0 0 0 0 0 0 0 0 0 0 0 0 0 0 0 0 0 1 0 0 0 0 0 0 0 0 0 10 0 50 19 21 5 62 38 19 0 9 1 14 28 42 0 35 18 30 18 0 0 0 0 2 5 0 0 0 0 0 0 20 10 0 0 0 0 0 0 0 0 0 10 0 0 0 0 0 0 0 0 0 0 0 0 0 0 0 0 0 0 0 0 0 0 2 0 0 0 0 0 0 0 0 0 0 0 0 0 0 0 0 1 1 88 2 0 0 0 10 0 0 0 0 0 0 0 0 0 0 0 0 0 0 0 0 0 0 0 0 0 0 12 0 12 0 0 0 0 0 0 0 0 0 0 0 0 0 
 241 0 265 250 248 50 89 164 226 439 219 32 71 291 162 194 224 136 291 227 0 1 4 206 0 3 2 0 75 3 2 3 4 0 0 0 2 3 101 3 12 0 0 0 0 2 0 1 0 0 0 2 5 0 0 3 0 0 0 2 0 0 3 0 0 0 0 2 0 0 0 0 0 0 0 0 0 0 0 0 43 5 0 10 0 0 10 11 8 10 0 0 13 27 38 12 44 13 0 37 0 0 1 0 2 0 0 0 0 0 0 0 0 0 0 0 0 0 10 0 0 0 0 0 0 0 0 0 0 0 0 0 0 0 0 0 0 2 0 0 0 0 0 1 0 0 0 2 0 0 0 0 0 2 0 0 13 0 0 0 39 27 38 15 0 0 9 1 17 13 29 0 0 10 19 41 0 2 19 0 0 0 0 0 0 0 0 0 0 0 0 0 13 0 0 0 0 0 13 1 0 0 0 0 0 2 0 0 0 0 0 0 0 0 1 0 0 0 0 1 0 0 0 0 0 2 0 0 0 0 0 0 0 0 0 0 0 0 0 2 0 2 0 0 0 0 47 0 2 0 0 10 0 1 1 0 0 0 0 0 0 0 6 0 0 0 0 0 0 0 0 0 0 0 0 0 0 15 0 0 0 0 0 0 0 0 0 0 0 0 
 505 265 0 147 124 45 383 266 295 342 97 150 151 151 242 32 214 114 37 47 0 2 3 0 0 3 75 0 0 2 1 0 2 0 1 0 75 123 76 3 0 0 0 0 0 2 0 0 0 0 0 2 0 0 0 3 0 2 0 4 0 0 3 0 5 0 0 3 0 0 2 0 0 0 0 0 5 0 0 0 44 0 9 1 1 0 21 59 0 19 66 10 27 12 0 33 42 10 8 15 1 0 0 0 0 0 0 0 0 0 0 0 0 0 0 0 0 0 0 1 0 0 0 0 11 0 0 0 0 0 0 0 0 0 0 0 0 0 0 0 0 0 0 0 0 0 0 0 28 0 0 0 0 0 0 0 0 0 0 0 0 3 8 72 11 0 10 35 10 23 20 21 11 40 10 29 42 14 0 13 1 0 0 0 0 0 0 16 0 5 0 0 0 2 0 0 0 0 14 10 0 0 0 1 0 0 0 0 0 0 0 0 0 0 0 0 0 0 0 0 0 0 0 0 0 0 0 0 0 0 0 0 0 0 0 0 0 0 17 0 0 29 0 0 0 2 88 2 2 1 17 4 0 0 0 0 0 0 0 0 0 0 0 0 0 0 0 0 0 0 0 0 0 0 0 0 0 2 0 0 0 0 0 0 0 0 0 0 0 12 
 138 250 147 0 186 50 291 300 284 277 196 375 34 281 179 135 135 578 131 63 0 2 3 0 2 5 75 0 0 2 1 0 82 0 1 0 0 3 77 76 1 0 0 0 0 2 0 0 0 0 0 2 0 0 0 3 0 1 0 4 0 0 3 0 8 0 0 3 0 0 2 0 0 0 0 0 7 0 0 2 0 2 5 16 2 54 0 0 23 6 21 40 0 0 0 19 0 29 0 0 24 18 0 0 0 0 19 0 0 0 0 0 0 1 25 0 0 0 12 0 0 0 0 0 0 0 0 0 0 0 0 0 0 0 0 0 1 0 0 0 0 0 0 0 0 0 0 0 0 0 1 0 2 0 8 0 0 0 0 0 11 23 18 23 34 7 5 9 6 0 14 29 0 16 26 28 15 8 0 12 27 0 0 0 2 0 25 5 0 0 0 0 14 10 20 0 2 0 24 6 0 0 0 0 0 0 0 0 0 0 0 0 0 0 0 0 10 2 0 0 2 0 0 0 0 0 0 0 23 1 0 0 0 0 0 0 0 0 6 0 0 16 0 0 0 3 1 0 8 6 31 2 0 2 0 0 2 0 0 0 0 0 14 0 0 0 0 0 0 0 0 0 0 0 0 35 0 0 0 0 0 0 0 0 0 0 0 0 0 0 
 368 248 124 186 0 188 260 143 149 117 527 484 447 98 53 312 95 131 60 92 60 76 51 0 4 6 0 28 75 2 4 3 151 73 2 0 3 6 37 70 3 0 0 0 0 4 0 1 0 2 0 4 1 0 0 3 0 2 0 0 0 0 3 0 9 2 0 1 0 0 0 1 0 0 0 0 5 0 0 0 0 7 35 24 54 0 0 14 16 19 0 0 0 0 0 17 13 44 0 0 2 0 2 46 0 0 10 1 8 0 0 0 12 0 0 10 0 14 8 20 0 0 0 0 0 0 0 0 0 0 0 2 0 0 0 0 0 0 0 0 0 0 0 3 0 0 0 0 0 0 0 0 25 0 0 0 0 2 0 0 0 0 7 14 55 1 0 14 13 2 2 0 0 0 18 28 13 28 0 0 46 26 1 0 10 0 18 16 0 0 0 0 16 59 0 0 0 16 42 15 0 15 0 0 0 0 0 0 0 0 0 0 0 0 0 1 0 0 0 2 20 0 0 0 0 0 0 6 0 0 2 1 0 0 0 0 0 0 0 0 0 0 0 0 0 1 88 3 4 1 1 14 0 11 0 0 0 0 0 0 0 0 0 2 0 0 0 0 0 0 0 0 0 0 0 0 0 0 0 8 0 0 0 0 0 13 0 0 0 0 
 215 50 45 50 188 0 81 210 61 134 244 353 228 56 46 70 162 48 135 54 1 72 6 0 0 3 0 66 0 5 2 0 3 6 54 0 74 78 82 178 0 0 0 0 8 2 0 4 2 3 0 2 0 1 0 3 3 0 0 3 0 3 5 2 6 0 0 3 1 1 0 0 0 0 0 0 4 0 2 0 0 0 5 2 3 26 0 16 0 8 20 36 0 0 2 0 16 10 0 0 45 13 12 15 6 0 4 14 0 0 13 0 0 0 19 8 0 7 22 21 0 0 0 0 0 0 0 0 0 0 0 0 0 0 0 1 0 0 0 0 0 0 0 0 0 0 0 2 0 0 0 0 0 2 6 0 16 0 0 0 0 2 12 0 31 32 0 11 5 17 0 16 1 0 16 14 16 10 0 1 27 26 0 8 0 1 0 0 0 0 0 0 12 16 16 11 8 15 12 55 0 0 0 0 0 2 0 0 0 0 0 0 0 0 1 0 0 0 0 0 0 0 0 0 0 2 0 0 0 0 0 0 0 0 0 0 0 0 0 2 0 0 14 0 0 6 5 1 5 1 0 2 0 1 0 0 0 0 0 0 0 0 0 0 0 0 0 2 0 0 0 0 0 0 0 18 27 0 0 0 0 0 0 0 0 0 0 0 0 0 
 157 89 383 291 260 81 0 112 79 41 339 34 139 274 83 317 71 42 72 335 0 1 4 0 0 3 0 2 3 5 1 3 3 0 0 0 3 3 4 19 0 0 0 0 3 2 2 1 0 0 0 2 0 0 2 5 0 0 0 3 0 2 3 0 0 0 0 2 0 0 0 0 0 0 0 0 1 0 2 45 79 22 0 0 0 0 0 0 18 1 0 20 10 24 35 20 0 0 24 1 0 0 0 0 2 0 0 0 0 0 0 0 0 0 0 2 0 0 0 0 0 0 0 0 0 0 0 0 0 0 0 0 0 0 0 0 0 2 20 0 0 0 10 0 0 0 0 0 0 0 0 0 0 2 0 0 0 0 0 0 19 14 0 18 0 0 51 1 0 21 17 18 25 2 1 0 10 10 1 17 0 0 0 0 0 0 0 0 0 14 0 0 0 0 0 0 0 0 0 0 0 0 0 0 0 2 0 0 0 0 0 0 0 0 1 0 0 0 0 1 0 0 0 0 0 2 0 0 0 0 0 0 0 0 0 0 0 0 0 2 0 0 0 0 0 0 0 2 0 0 0 7 0 0 0 0 0 3 0 0 0 0 0 0 0 0 0 0 0 0 0 0 0 0 0 10 0 0 0 0 0 0 0 0 0 0 0 0 0 0 
 188 164 266 300 143 210 112 0 150 150 214 342 254 283 170 213 157 139 63 204 0 1 5 0 6 5 6 0 4 2 1 0 3 4 0 0 0 7 7 3 0 0 0 0 0 2 0 2 0 0 0 2 0 0 3 54 0 0 0 0 0 0 3 0 0 6 0 0 0 0 0 0 2 0 0 0 3 4 0 0 31 48 8 51 13 0 26 31 13 31 18 38 0 1 9 31 21 9 39 1 23 0 0 0 0 0 0 0 0 0 0 0 12 0 0 0 0 0 0 0 0 0 0 0 2 0 0 0 0 0 0 0 0 0 0 0 1 0 0 0 0 0 0 3 0 0 0 1 0 0 0 0 2 0 0 0 0 0 0 0 0 25 13 34 12 24 19 14 3 26 10 16 5 0 1 15 39 0 2 5 0 0 0 0 0 0 0 0 0 0 0 0 0 0 0 0 0 0 0 0 0 7 0 0 0 0 1 0 2 0 0 0 0 0 2 0 0 0 0 0 0 0 0 0 0 1 0 0 0 0 0 0 0 0 0 0 12 0 0 0 0 0 0 0 0 0 9 0 1 1 0 17 0 2 0 0 0 0 0 0 0 0 0 0 0 0 0 0 0 0 0 0 0 0 0 2 21 15 0 0 0 0 0 0 0 0 0 0 0 0 
 259 226 295 284 149 61 79 150 0 359 205 142 47 224 227 145 322 351 290 83 0 2 3 3 0 3 0 0 0 2 0 0 78 0 0 0 0 3 38 3 4 0 64 0 0 2 0 0 0 4 0 2 0 0 0 3 1 1 0 0 0 0 3 0 4 0 0 3 28 0 1 0 0 0 0 0 3 0 0 0 10 0 31 2 0 0 14 27 0 15 4 0 0 16 12 21 11 7 0 25 0 0 0 0 0 1 0 13 0 0 0 0 0 0 0 0 0 0 0 0 0 0 0 0 0 0 0 0 0 0 0 0 0 0 9 0 0 0 0 0 0 0 0 1 0 2 0 0 0 0 0 0 0 0 0 0 0 0 0 2 0 9 19 43 0 3 0 4 11 17 11 6 10 0 13 48 17 17 0 14 1 0 0 0 0 0 0 0 0 0 0 1 7 1 0 0 0 0 15 12 10 0 0 0 0 0 0 0 0 0 0 0 0 0 0 9 10 0 0 0 0 2 0 0 0 0 0 0 2 0 0 0 0 0 0 0 0 0 0 0 0 0 0 0 0 0 131 0 0 90 1 12 0 0 0 0 0 0 0 0 0 0 1 0 0 0 2 0 0 0 0 0 0 0 0 0 0 15 0 0 0 0 0 0 0 0 0 0 0 1 
 258 439 342 277 117 134 41 150 359 0 367 150 33 163 459 234 300 106 287 133 30 2 3 0 0 3 0 0 0 2 2 0 2 2 2 0 0 3 3 3 2 2 3 1 0 2 0 42 3 0 0 2 0 0 67 3 3 1 0 16 0 0 3 0 6 2 0 5 0 0 4 3 0 0 0 2 3 0 0 0 12 7 18 44 12 32 45 95 0 0 0 21 0 20 11 21 4 19 0 24 15 0 0 0 32 0 0 0 0 0 0 0 0 0 0 0 0 0 0 0 0 0 0 0 2 0 0 0 0 0 0 0 0 0 0 0 2 0 0 0 0 0 0 0 0 0 0 0 0 0 0 1 0 0 0 0 0 0 1 0 26 28 22 75 19 17 0 48 13 17 32 0 2 23 41 51 0 26 0 1 18 0 0 0 0 1 0 0 0 0 1 0 8 17 0 0 0 0 0 0 0 0 0 0 0 0 1 0 2 0 0 2 0 0 0 0 0 0 0 0 0 0 0 0 0 0 0 0 0 0 0 0 0 1 0 0 0 0 0 0 0 16 0 0 1 0 4 0 0 118 0 2 0 0 0 0 0 0 0 0 0 0 8 0 0 0 0 0 0 1 0 0 0 0 0 0 10 27 0 0 0 0 0 0 0 0 0 0 0 0 
 133 219 97 196 527 244 339 214 205 367 0 204 331 79 288 100 253 43 149 184 0 2 3 0 0 3 0 0 0 79 2 0 3 0 0 0 0 7 76 3 0 0 0 0 0 2 0 3 0 0 0 3 0 3 6 2 0 0 0 3 0 0 55 2 0 0 0 0 0 0 7 0 0 0 0 0 0 0 0 6 14 0 28 69 10 21 24 43 0 0 48 31 0 21 2 44 25 15 10 14 22 0 0 0 0 0 27 7 0 0 0 0 0 0 0 0 0 0 0 0 0 0 0 0 0 0 0 0 0 0 0 0 0 0 0 0 0 0 0 0 0 0 0 0 0 0 0 0 0 0 0 0 0 0 0 2 0 8 0 0 0 20 9 11 16 14 19 25 18 27 15 12 0 69 26 15 19 40 0 0 13 0 2 2 0 0 0 14 0 0 0 0 12 14 1 15 0 0 0 35 0 0 0 0 0 0 0 0 0 0 9 0 0 0 0 0 0 0 0 0 0 0 0 1 0 0 0 0 0 0 0 0 0 0 0 0 0 0 0 0 0 19 0 0 0 1 86 0 0 171 1 18 58 0 0 0 0 0 0 0 0 0 1 0 0 0 0 0 0 0 0 0 2 0 0 0 11 0 0 0 0 0 0 0 0 0 0 0 0 0 
 134 32 150 375 484 353 34 342 142 150 204 0 23 49 43 145 316 268 245 47 60 75 5 0 0 3 36 0 0 2 0 0 3 73 77 0 76 3 20 160 3 2 3 2 0 2 0 2 3 0 0 2 0 0 2 5 3 3 0 0 0 0 9 0 67 5 0 3 0 2 4 3 1 0 0 32 6 1 0 1 0 9 21 10 35 15 0 17 27 42 9 0 0 0 0 20 0 19 0 0 14 0 5 39 0 0 0 19 0 0 12 0 1 0 0 10 0 0 12 41 0 0 0 0 1 0 0 0 16 0 0 0 0 0 0 0 0 0 0 0 0 0 0 3 0 14 0 0 0 0 0 0 6 0 0 0 0 0 0 0 0 0 12 24 99 0 0 1 0 17 11 18 18 0 0 18 95 2 2 13 19 60 0 0 0 0 17 28 0 0 0 0 10 41 0 0 1 19 32 7 0 10 0 14 0 0 1 0 2 0 0 0 0 0 2 0 0 0 0 0 0 0 0 0 0 1 0 0 0 0 0 0 0 0 0 8 0 0 0 0 0 0 0 0 0 0 6 0 86 7 14 17 0 2 0 0 0 0 0 0 0 0 0 0 0 0 0 0 0 0 4 0 0 0 0 0 0 18 0 0 0 0 0 0 0 0 0 0 0 0 
 153 71 151 34 447 228 139 254 47 33 331 23 0 218 118 90 37 45 479 145 35 1 3 2 0 3 0 0 0 2 1 0 3 0 0 0 0 3 3 3 0 0 2 0 1 2 0 1 0 0 0 37 0 23 0 3 0 0 0 3 0 0 9 0 2 9 0 3 0 0 3 1 1 2 0 0 43 1 6 0 10 1 21 0 0 0 14 0 8 0 13 0 2 59 58 0 27 0 2 14 0 0 0 0 0 0 0 0 0 0 0 0 0 0 0 0 0 0 0 0 0 0 0 0 0 0 0 0 0 13 0 0 0 0 0 2 0 0 0 0 0 0 0 0 0 0 0 1 0 0 0 0 0 0 0 0 0 0 0 0 11 32 13 19 0 0 25 14 0 0 0 0 16 10 38 14 0 13 2 0 0 0 0 0 0 0 0 0 0 0 0 0 0 0 0 0 0 0 0 0 0 0 0 0 0 0 0 0 0 0 0 0 0 0 0 0 0 0 0 0 0 0 0 0 0 0 0 0 0 0 0 0 0 0 0 0 0 0 0 0 0 0 0 0 0 0 2 0 1 0 0 7 0 0 0 0 0 0 0 0 0 0 0 0 0 0 0 0 0 0 0 0 0 0 0 0 0 0 0 0 0 0 0 0 0 0 0 0 0 0 
 144 291 151 281 98 56 274 283 224 163 79 49 218 0 299 45 142 43 143 209 0 5 3 0 3 8 3 0 3 5 2 0 3 11 0 0 0 6 5 3 0 0 0 0 2 2 3 1 3 0 0 2 0 0 0 4 3 0 0 6 0 0 3 0 0 3 0 4 0 0 1 0 1 5 0 0 0 2 0 3 57 0 23 0 0 1 0 7 29 1 0 8 25 0 30 30 20 2 16 0 0 0 0 0 0 0 0 0 3 0 0 0 0 0 0 0 0 0 0 0 0 2 0 0 0 0 0 0 0 0 0 0 0 0 0 0 0 0 0 0 0 0 0 0 0 1 0 0 0 0 0 0 0 0 0 1 0 0 1 0 35 30 2 1 0 0 30 22 2 9 22 9 19 14 0 0 11 0 0 1 0 0 0 1 0 0 0 0 0 0 1 0 2 0 0 0 0 0 0 0 0 0 0 0 11 0 0 0 0 0 0 0 0 0 0 0 0 0 0 0 0 0 0 0 0 0 0 2 0 0 0 0 0 0 0 0 0 0 0 0 0 39 0 0 0 0 1 0 2 1 0 2 0 0 0 0 0 0 0 0 0 0 0 0 0 0 0 0 0 0 0 0 0 0 0 1 0 0 0 0 0 0 0 0 0 0 0 0 0 1 
 273 162 242 179 53 46 83 170 227 459 288 43 118 299 0 59 376 177 212 326 0 1 3 0 0 3 0 0 0 2 2 0 3 0 0 0 0 3 3 5 0 0 0 0 1 2 0 1 0 0 0 2 0 0 0 3 0 0 0 0 0 0 3 0 0 31 0 2 0 0 0 0 0 0 0 0 0 0 0 0 24 56 8 16 0 0 43 85 10 2 6 35 0 12 24 35 31 0 9 27 3 0 0 2 0 0 0 0 0 0 0 2 0 0 0 0 0 0 0 0 0 0 0 0 0 0 0 0 0 0 1 0 0 0 0 0 6 0 0 0 2 0 0 0 0 0 0 0 0 0 0 0 0 0 0 0 0 0 0 0 50 14 12 46 1 17 30 27 11 33 0 12 0 51 10 21 10 13 0 3 0 0 0 0 0 0 0 0 2 0 0 0 0 0 0 2 0 0 0 0 0 0 55 0 0 0 0 1 0 2 0 0 0 0 0 0 0 0 0 0 0 0 0 0 0 0 0 0 0 0 0 0 2 0 0 1 0 0 0 0 0 0 0 0 0 0 87 0 0 85 0 5 0 0 0 0 0 0 0 0 0 0 0 0 0 0 0 0 0 0 0 0 0 0 0 0 10 1 0 0 0 0 0 0 0 0 0 0 0 0 
 45 194 32 135 312 70 317 213 145 234 100 145 90 45 59 0 168 313 97 183 0 1 4 0 0 3 0 0 0 4 3 1 76 0 0 0 0 3 92 3 13 0 0 0 0 2 0 0 0 49 0 2 0 0 0 3 0 1 0 4 0 0 3 0 0 0 0 3 0 0 1 0 45 0 0 2 0 0 0 0 8 28 22 26 21 26 2 1 19 36 1 0 0 18 17 19 19 38 8 9 9 0 2 0 1 0 0 0 0 0 0 0 19 0 18 0 0 0 6 0 0 0 0 0 0 0 0 0 0 0 0 0 0 0 0 0 0 2 0 0 0 0 5 7 0 0 0 3 0 0 0 0 10 2 0 0 0 0 0 0 36 11 4 1 18 0 2 1 8 13 22 9 11 8 10 18 25 0 15 8 0 0 0 0 0 0 19 0 0 0 0 0 13 12 12 0 0 0 43 0 0 10 0 0 0 2 0 0 0 0 0 0 0 0 1 0 0 0 0 0 0 0 0 0 0 2 0 0 0 0 0 0 0 0 0 0 0 0 0 2 0 0 0 0 0 4 2 0 2 0 0 13 0 1 0 0 0 0 2 0 0 0 11 0 0 0 0 0 0 0 0 0 0 0 0 13 14 1 0 0 0 0 0 0 0 0 0 0 0 0 
 234 224 214 135 95 162 71 157 322 300 253 316 37 142 376 168 0 77 214 250 0 1 210 2 2 100 0 0 0 2 6 4 3 0 3 0 3 6 3 3 3 2 0 79 3 5 0 1 0 0 1 4 0 0 0 3 0 6 0 0 0 0 3 0 9 2 0 2 59 0 0 1 0 0 0 0 5 0 0 1 14 26 33 27 10 0 48 52 14 16 12 16 0 9 43 35 0 41 8 16 0 0 0 0 0 0 0 0 0 0 0 0 0 0 2 1 0 0 0 0 0 0 0 0 0 0 0 0 0 1 0 0 0 0 0 0 0 0 0 0 0 0 0 0 1 0 0 0 0 0 0 0 2 0 0 0 0 0 0 0 0 0 10 42 80 0 15 28 32 11 15 11 0 1 16 14 8 27 20 0 15 0 0 0 0 0 0 0 0 2 0 0 0 14 0 0 0 0 0 0 0 0 0 0 0 0 0 0 0 0 0 2 0 0 0 0 0 0 0 0 1 0 0 0 0 0 0 0 0 0 0 0 0 0 0 0 0 0 0 21 0 0 0 0 0 0 86 1 2 5 2 17 0 0 0 0 0 0 0 0 0 0 0 0 0 0 0 0 0 0 0 0 0 0 0 0 0 19 0 0 0 0 0 0 0 0 0 0 0 0 
 157 136 114 578 131 48 42 139 351 106 43 268 45 43 177 313 77 0 30 26 0 6 3 2 0 3 79 3 0 2 2 2 79 0 3 0 1 3 41 3 3 0 2 0 0 5 0 0 0 2 0 3 0 2 0 6 1 1 0 3 0 0 3 0 0 2 0 3 0 4 1 0 2 0 0 0 1 3 0 0 19 8 13 19 57 0 13 40 22 46 0 25 0 0 0 20 12 22 18 7 18 0 0 1 0 0 19 0 0 0 0 0 12 0 0 0 0 0 18 11 0 1 0 0 0 0 0 0 0 0 0 0 0 0 0 0 0 0 0 0 0 0 0 2 0 0 0 0 0 0 0 0 8 0 1 0 0 0 0 0 8 2 6 17 0 16 8 10 0 46 0 10 2 6 1 27 32 22 0 6 19 0 0 0 0 0 0 0 0 0 0 0 8 84 14 0 0 0 23 13 0 7 0 0 0 0 0 0 0 0 0 0 0 0 0 0 0 0 0 0 0 0 0 2 0 0 0 0 0 0 0 0 1 0 0 0 0 0 0 0 0 0 0 0 0 0 83 0 5 2 0 3 0 0 2 0 0 0 0 0 0 0 6 0 0 0 0 0 0 0 0 0 0 0 0 0 25 0 0 0 0 0 0 0 0 0 0 0 0 0 
 61 291 37 131 60 135 72 63 290 287 149 245 479 143 212 97 214 30 0 382 0 3 3 0 0 3 0 5 4 3 2 3 5 3 3 0 3 3 5 5 0 0 2 3 6 2 4 1 0 2 0 2 0 0 4 9 1 0 0 3 0 2 5 0 2 1 0 1 0 0 3 4 0 0 0 0 1 3 41 5 0 1 10 0 0 0 36 47 9 10 31 0 0 38 49 10 40 0 0 40 0 0 0 15 0 0 0 0 0 0 0 0 0 0 1 0 0 0 0 0 0 13 0 0 0 0 0 0 0 1 0 0 0 0 0 0 0 0 0 0 1 18 0 0 0 0 2 1 0 0 0 0 0 0 0 0 0 0 0 0 24 15 11 13 1 0 7 3 33 0 12 0 10 41 10 9 0 15 18 0 1 0 0 0 0 0 0 0 1 0 0 0 0 0 0 0 0 0 0 0 0 0 0 0 0 0 0 0 0 0 0 0 0 0 0 0 0 0 0 0 0 0 0 0 0 0 0 0 0 0 0 0 2 0 0 0 0 0 0 0 0 0 0 0 0 0 87 0 1 44 1 8 0 0 0 0 0 0 0 0 0 0 0 0 0 2 0 0 0 0 0 0 0 0 0 0 0 2 0 0 0 0 0 0 0 0 0 0 0 0 
 54 227 47 63 92 54 335 204 83 133 184 47 145 209 326 183 250 26 382 0 0 2 3 0 0 3 0 0 0 3 1 0 3 0 0 0 0 5 3 3 0 0 0 0 2 2 0 3 0 0 0 3 0 0 0 2 0 0 0 8 0 2 3 0 0 0 0 0 0 0 0 2 0 0 0 0 0 4 0 0 19 16 0 17 0 2 5 0 16 11 5 15 0 17 45 7 13 1 6 0 0 0 0 0 0 0 0 0 0 0 0 0 0 0 0 0 0 0 0 0 0 0 0 0 2 0 0 0 0 0 0 0 0 0 0 0 1 0 0 0 0 0 0 0 0 0 0 0 0 0 0 0 0 0 0 0 0 0 2 0 1 15 10 2 1 0 27 10 8 10 36 9 2 17 0 0 12 9 8 21 0 0 0 0 0 1 0 0 0 14 2 0 0 0 0 0 0 0 0 0 0 0 0 0 0 0 0 0 0 6 0 0 0 0 0 0 0 0 0 0 0 0 0 0 0 0 0 1 0 0 0 0 0 0 0 19 0 0 0 0 0 14 0 0 1 0 0 0 0 90 0 7 0 0 0 0 0 0 0 1 0 0 0 0 0 0 0 0 0 0 0 0 0 0 0 14 6 0 0 0 0 0 0 0 0 0 0 0 0 0 
 0 0 0 0 60 1 0 0 0 30 0 60 35 0 0 0 0 0 0 0 0 185 201 117 266 37 129 68 33 61 29 114 91 42 29 177 102 45 55 33 0 3 3 2 0 3 0 0 3 0 2 3 0 0 0 0 0 2 0 0 0 0 0 0 0 0 0 0 0 51 0 0 0 0 0 0 1 0 0 2 0 0 0 0 14 11 0 0 0 7 0 0 0 0 0 0 0 0 0 0 0 24 20 13 7 0 1 12 28 54 0 9 25 36 0 38 29 1 0 8 3 0 0 0 0 0 0 0 0 0 0 0 0 0 2 0 0 15 8 0 0 0 0 0 0 0 0 0 17 0 0 0 0 0 0 0 0 0 0 0 0 13 0 0 0 0 0 0 7 0 0 0 0 0 0 0 0 0 0 0 35 38 16 11 39 0 0 55 65 24 13 13 0 6 12 30 3 0 7 0 0 1 1 0 0 0 0 0 0 0 0 0 11 0 0 0 0 0 22 11 0 0 0 0 0 0 0 1 0 0 0 0 2 0 0 0 0 0 2 0 0 0 0 0 0 0 0 0 0 0 0 0 0 0 8 0 2 5 0 0 0 1 0 0 0 0 0 0 0 0 0 0 0 0 0 0 0 0 0 0 6 3 0 0 0 0 0 0 0 0 
 2 1 2 2 76 72 1 1 2 2 2 75 1 5 1 1 1 6 3 2 185 0 271 90 264 35 123 93 274 281 45 180 69 92 277 47 326 68 119 95 63 3 6 2 0 6 0 0 3 0 2 3 0 3 0 0 2 2 0 0 0 2 2 0 0 0 0 0 0 0 0 0 0 0 1 2 2 0 0 2 0 0 1 0 0 0 1 0 0 0 0 0 0 1 0 0 0 0 0 14 18 11 19 6 0 0 0 8 10 0 11 29 10 39 22 8 35 0 0 10 48 0 0 0 1 0 1 0 0 0 0 0 0 0 0 0 0 0 0 35 0 0 0 0 0 0 0 0 7 0 0 0 0 64 0 0 0 0 0 0 0 8 1 1 0 10 0 0 0 0 21 0 0 0 0 0 0 0 0 0 0 20 0 11 0 14 23 42 0 18 6 26 0 0 0 21 20 6 18 17 0 0 0 0 0 0 1 0 0 0 0 0 38 0 0 0 0 0 0 9 0 0 0 0 0 0 0 0 0 0 0 0 0 0 0 0 0 0 0 0 0 0 0 0 0 0 1 0 0 0 0 0 0 0 11 0 1 0 0 0 2 2 0 0 0 0 0 0 0 0 0 0 0 0 0 0 0 0 0 0 0 0 0 0 0 0 0 0 0 2 
 3 4 3 3 51 6 4 5 3 3 3 5 3 3 3 4 210 3 3 3 201 271 0 392 51 47 252 141 82 153 285 176 138 157 47 138 52 73 127 117 0 3 3 2 0 3 0 0 3 0 2 3 0 0 1 1 0 3 71 0 0 2 0 0 0 0 0 0 0 0 0 0 0 1 0 0 0 0 0 2 0 0 0 0 0 0 0 0 0 0 0 0 0 0 0 0 0 0 2 0 0 34 11 12 25 0 0 23 5 14 7 0 0 0 9 12 42 0 0 0 14 0 0 0 0 0 0 1 0 0 0 0 10 0 0 0 0 0 7 0 5 0 0 0 0 0 0 0 6 0 0 0 0 1 0 0 0 0 0 0 0 10 7 0 0 0 0 0 0 0 0 0 0 0 0 0 0 0 0 10 0 20 13 0 11 43 10 42 12 0 9 14 0 0 0 22 9 14 0 71 0 0 0 0 0 0 10 0 0 0 1 0 5 0 0 0 0 0 2 19 0 0 0 0 0 0 0 0 0 2 0 0 0 0 0 0 0 0 0 0 0 0 0 0 0 0 0 0 0 0 0 4 0 0 6 2 1 0 0 1 4 0 0 0 0 0 0 0 0 0 0 2 0 0 0 0 0 0 0 0 0 9 0 0 0 0 0 0 0 0 
 0 206 0 0 0 0 0 0 3 0 0 0 2 0 0 0 2 2 0 0 117 90 392 0 163 50 256 74 316 188 152 108 62 94 77 59 114 281 167 128 0 3 67 63 1 3 0 2 3 0 2 3 2 0 0 0 2 2 24 0 0 0 0 0 0 0 0 0 0 6 2 0 0 0 0 0 2 0 0 3 0 0 0 0 0 1 0 0 0 0 0 0 0 0 0 0 0 0 0 0 0 26 45 17 22 21 14 17 21 11 9 0 0 15 5 16 47 0 0 0 17 0 0 0 0 0 14 0 0 0 1 0 7 10 0 0 0 0 0 0 0 0 0 1 0 0 0 0 15 0 0 0 0 0 0 6 0 0 0 0 0 20 3 0 0 0 0 2 0 0 0 0 0 0 0 0 11 0 0 3 0 22 27 24 24 46 13 44 51 27 4 30 6 0 19 45 17 13 0 13 0 0 0 0 0 0 11 1 0 0 0 0 11 0 0 0 0 10 43 20 0 0 0 0 0 0 0 0 0 0 0 0 0 0 0 0 0 0 0 0 0 0 0 0 0 0 0 0 0 0 0 0 0 0 0 0 0 84 0 2 12 0 0 0 0 0 19 0 0 0 0 0 0 0 0 0 0 2 0 0 0 11 0 0 0 0 17 0 0 0 
 1 0 0 2 4 0 0 6 0 0 0 0 0 3 0 0 2 0 0 0 266 264 51 163 0 328 241 130 95 397 173 226 154 58 85 75 103 50 289 38 63 3 7 7 6 3 62 0 3 0 2 3 0 0 0 0 0 3 65 128 0 0 0 11 0 0 0 0 0 0 1 0 0 0 0 0 2 0 0 2 0 0 0 0 0 0 0 0 0 0 0 0 1 0 0 0 0 0 0 0 0 0 53 0 4 26 0 0 16 9 45 18 0 44 8 1 1 11 0 0 13 17 19 1 0 0 28 14 17 1 0 0 25 0 34 10 8 10 43 19 0 5 0 0 0 0 0 0 0 0 0 0 1 0 1 0 0 0 0 0 0 5 0 0 0 0 0 0 0 0 1 0 0 0 0 0 0 0 0 0 0 4 27 0 29 28 1 0 0 1 13 33 0 0 6 0 30 0 0 0 22 17 18 18 0 0 18 0 4 40 0 0 45 31 15 16 0 9 17 11 1 0 0 0 0 0 1 0 0 0 0 26 0 0 0 0 0 0 0 0 0 7 0 0 0 0 0 0 0 0 0 0 0 0 0 1 0 8 83 0 0 2 0 0 0 0 18 0 0 0 0 0 0 0 0 0 0 0 0 0 0 0 2 0 0 0 6 0 0 0 
 3 3 3 5 6 3 3 5 3 3 3 3 3 8 3 3 100 3 3 3 37 35 47 50 328 0 51 49 53 176 98 115 248 62 42 121 56 129 256 245 62 3 8 7 2 3 81 67 3 0 2 3 63 0 0 0 1 2 65 89 0 0 0 0 0 3 0 0 0 0 0 0 1 6 0 0 0 2 0 2 0 0 0 0 0 0 0 0 0 0 0 0 0 0 0 0 0 0 0 0 0 0 31 27 8 42 0 1 1 0 13 11 0 0 1 26 0 19 0 0 15 19 0 0 0 0 38 8 21 0 0 0 11 39 25 8 11 0 25 18 0 2 0 0 1 0 2 0 0 0 0 0 0 0 0 0 0 0 0 0 0 1 0 0 0 0 0 0 0 0 0 0 0 0 0 0 0 0 0 0 0 0 0 0 27 12 0 0 0 28 13 0 0 0 0 0 15 0 0 0 19 1 7 13 0 2 13 19 7 36 0 0 48 40 10 2 0 25 33 17 1 0 0 0 0 0 0 0 0 0 0 0 0 0 0 0 0 0 0 12 0 0 0 0 0 0 0 0 0 0 0 0 0 0 1 5 6 37 1 0 0 5 0 0 0 0 0 0 0 0 0 0 0 0 0 0 0 0 0 0 0 0 0 0 0 0 0 0 0 0 
 0 2 75 75 0 0 0 6 0 0 0 36 0 3 0 0 0 79 0 0 129 123 252 256 241 51 0 237 150 292 245 123 135 218 459 113 31 314 378 199 0 3 3 2 0 65 0 0 3 5 2 3 0 0 0 0 1 2 0 0 0 0 0 0 0 1 0 0 0 1 8 0 0 0 1 1 0 2 0 3 0 0 0 0 0 0 0 0 0 1 0 13 0 0 0 0 0 11 0 0 10 26 0 5 27 0 0 8 7 13 1 0 0 23 0 1 25 5 8 10 0 0 0 0 0 0 21 0 0 0 0 2 6 2 0 0 0 0 7 0 0 0 10 0 0 0 0 0 7 0 0 0 0 6 0 0 0 0 0 0 2 0 4 18 23 1 0 0 0 0 0 2 0 0 0 0 0 0 0 25 1 6 12 0 10 18 5 60 37 0 2 21 23 0 14 28 3 0 20 27 0 0 0 0 0 0 12 0 0 2 0 0 18 2 0 0 0 0 0 0 0 0 0 0 0 0 24 0 0 0 0 0 0 2 0 0 0 0 0 0 0 0 0 0 0 0 0 0 77 0 10 0 0 0 5 0 0 0 0 2 13 0 0 0 0 0 0 0 0 0 0 11 0 0 0 0 0 0 0 0 0 0 0 0 0 0 0 0 0 0 
 0 0 0 0 28 66 2 0 0 0 0 0 0 0 0 0 0 3 5 0 68 93 141 74 130 49 237 0 268 63 361 87 288 286 127 111 249 308 141 31 0 3 5 2 0 94 0 0 3 0 2 3 0 0 0 0 0 2 0 0 42 0 0 0 0 0 0 0 0 0 7 0 0 0 0 0 0 0 0 3 0 0 0 0 26 0 0 0 0 0 0 0 0 0 0 0 0 0 0 12 2 0 0 11 0 2 12 0 31 25 11 33 14 34 0 0 15 54 17 9 0 0 0 0 0 0 17 12 0 0 0 0 28 11 0 0 0 0 17 0 16 0 0 0 0 0 0 0 14 0 0 0 0 1 0 0 0 0 0 0 0 5 0 0 0 10 0 0 0 1 0 0 0 1 0 0 0 0 0 0 14 0 9 0 12 0 24 21 15 5 49 37 66 12 0 21 9 27 1 9 0 0 0 0 0 0 0 4 0 0 0 0 10 2 0 0 0 0 0 3 0 1 0 0 0 0 0 0 1 0 0 0 0 0 0 0 0 0 0 0 0 0 0 0 0 0 0 0 9 0 0 0 0 0 14 0 4 0 152 0 2 0 0 0 0 0 0 0 0 0 0 0 0 0 0 0 0 0 0 8 0 20 0 0 21 11 0 0 0 0 
 6 75 0 0 75 0 3 4 0 0 0 0 0 3 0 0 0 0 4 0 33 274 82 316 95 53 150 268 0 102 144 55 114 97 256 121 494 127 181 271 0 3 42 20 1 3 0 1 3 0 2 3 0 0 0 0 0 2 61 0 0 0 0 0 0 0 0 0 0 0 3 0 0 0 0 0 0 0 0 3 0 0 0 0 7 0 0 0 0 0 0 0 0 0 0 0 0 0 0 0 0 30 20 0 21 44 0 14 2 14 12 27 0 0 8 7 12 0 30 9 14 2 2 3 0 0 9 11 0 7 0 0 36 27 0 7 0 0 0 0 0 3 0 0 0 2 0 0 0 0 0 0 0 0 0 0 1 0 0 0 0 42 14 0 0 0 0 0 0 0 0 0 0 0 0 0 0 0 0 6 34 1 14 20 30 5 11 0 6 47 7 32 4 6 0 12 13 28 0 21 10 0 0 0 0 0 10 12 0 0 0 0 2 24 0 0 0 10 1 10 0 0 0 0 0 0 0 0 0 0 0 0 0 0 0 0 0 0 0 0 0 0 0 0 0 0 0 0 74 0 0 0 0 0 6 0 4 12 39 2 3 8 0 0 0 0 0 0 0 0 0 0 0 0 0 0 0 0 0 13 0 17 0 0 0 9 9 0 0 0 
 2 3 2 2 2 5 5 2 2 2 79 2 2 5 2 4 2 2 3 3 61 281 153 188 397 176 292 63 102 0 205 104 287 202 110 58 69 284 313 215 0 3 3 38 12 4 89 69 7 6 2 9 0 0 0 0 6 2 65 68 0 0 51 0 0 0 0 0 0 6 1 0 0 0 0 0 0 0 0 3 0 1 0 0 0 0 0 0 0 0 0 0 0 0 0 0 0 0 0 0 5 10 5 9 0 0 0 0 10 0 0 10 11 27 0 0 13 18 0 1 9 0 0 0 0 0 40 1 2 0 0 0 15 30 23 0 10 0 0 21 0 0 0 0 0 0 0 0 3 0 0 0 0 4 1 0 0 0 0 0 0 4 0 0 0 9 0 0 0 0 0 0 0 0 0 0 0 0 0 0 0 0 1 2 17 1 12 12 0 39 20 18 15 0 0 19 27 9 12 9 17 0 0 0 0 0 29 0 0 21 0 1 22 51 15 2 0 0 28 14 0 0 0 0 0 0 0 0 0 0 0 0 0 0 2 2 0 0 0 13 0 0 0 0 0 0 0 0 0 0 0 0 0 0 9 0 1 0 3 2 2 3 0 0 0 0 0 0 0 0 0 0 0 0 0 0 0 0 0 0 0 0 0 0 0 0 0 0 0 0 
 1 2 1 1 4 2 1 1 0 2 2 0 1 2 2 3 6 2 2 1 29 45 285 152 173 98 245 361 144 205 0 131 41 40 92 191 122 149 69 52 0 3 3 26 5 3 67 0 3 1 3 3 0 0 0 0 1 2 63 66 0 0 0 0 0 0 0 0 0 0 1 0 3 0 2 0 0 0 0 7 0 0 0 0 0 1 0 0 0 0 0 0 0 0 0 0 0 0 46 0 0 0 9 0 0 0 0 0 41 11 21 85 0 1 17 0 0 19 0 0 17 0 0 0 0 0 30 30 0 0 1 0 23 35 33 16 0 0 4 0 0 11 0 0 0 0 0 0 0 0 0 0 0 0 0 0 0 0 0 0 0 16 0 0 0 0 0 2 0 0 0 0 0 0 0 0 0 0 0 0 0 16 26 22 13 9 15 0 0 0 26 38 0 1 0 0 69 25 0 0 11 0 0 0 0 0 20 0 0 1 0 0 14 34 11 0 0 0 22 22 0 6 0 0 0 0 0 0 0 0 0 0 0 0 0 0 0 0 0 0 0 0 0 0 0 0 0 0 0 0 0 0 0 1 13 0 1 2 86 0 1 12 0 0 0 0 33 0 0 0 0 0 0 0 0 0 0 2 0 0 0 22 0 0 0 0 1 0 0 0 
 0 3 0 0 3 0 3 0 0 0 0 0 0 0 0 1 4 2 3 0 114 180 176 108 226 115 123 87 55 104 131 0 35 44 234 132 85 160 82 40 23 3 0 0 0 1 62 0 55 0 0 3 72 0 0 0 0 0 38 2 0 5 2 0 2 0 0 0 0 0 0 11 0 3 0 0 2 2 0 0 0 0 0 0 0 0 0 0 2 0 0 0 0 0 0 0 0 0 0 0 0 16 12 14 64 9 16 0 31 17 50 5 0 32 0 15 53 1 0 0 64 0 0 0 0 0 13 0 0 0 21 0 19 12 48 21 0 0 30 14 0 0 0 0 1 0 0 0 4 0 0 8 0 0 18 0 0 0 0 0 0 5 0 0 0 0 0 0 0 0 0 0 0 0 0 0 0 0 0 0 0 0 15 0 16 27 0 13 19 0 1 15 0 0 19 14 1 0 0 0 18 0 22 0 0 0 34 1 0 19 0 0 19 5 9 10 0 10 1 8 0 0 0 0 0 0 0 0 0 0 0 0 0 0 0 0 0 0 0 1 0 0 0 0 0 0 0 0 0 2 0 1 0 0 4 4 2 74 80 0 0 1 0 0 0 0 0 2 0 0 0 0 0 0 0 1 0 0 0 0 0 0 0 1 0 0 0 0 0 0 
 81 4 2 82 151 3 3 3 78 2 3 3 3 3 3 76 3 79 5 3 91 69 138 62 154 248 135 288 114 287 41 35 0 225 140 52 30 241 288 284 2 3 3 2 0 65 6 0 3 3 2 3 0 0 0 0 0 2 0 0 0 0 0 0 0 0 0 0 0 0 5 3 0 0 0 0 1 0 0 2 0 0 6 0 22 15 0 0 0 0 8 22 0 0 0 27 13 28 0 0 21 0 0 4 1 0 10 1 5 0 0 14 0 9 4 10 1 24 44 43 0 0 0 0 0 1 21 0 0 0 0 0 0 0 0 0 0 0 0 0 0 0 0 0 0 0 0 0 10 0 0 0 0 1 0 0 0 0 0 0 0 0 0 0 3 14 23 0 0 0 0 0 0 0 2 1 16 11 0 0 9 1 16 0 4 5 46 14 43 0 23 12 35 0 51 68 8 13 15 54 0 0 0 0 0 0 0 0 1 0 0 0 10 0 0 0 0 0 0 0 0 0 0 0 0 0 0 1 0 0 0 0 0 0 0 0 0 1 0 0 0 0 0 0 0 0 17 0 0 0 0 0 0 0 2 1 0 3 0 0 4 0 0 0 0 0 0 0 0 0 0 0 0 0 0 0 0 0 0 38 0 0 0 0 0 13 0 0 0 0 
 0 0 0 0 73 6 0 4 0 2 0 73 0 11 0 0 0 0 3 0 42 92 157 94 58 62 218 286 97 202 40 44 225 0 74 35 28 42 263 149 0 3 3 2 0 8 0 0 3 0 2 3 0 0 0 0 2 3 0 4 0 0 0 0 0 3 0 0 0 0 7 0 1 0 0 0 1 2 0 2 0 0 0 0 8 40 0 0 0 10 13 0 0 0 0 0 0 0 0 0 25 19 2 11 20 0 13 29 4 1 14 8 31 37 0 1 4 30 64 24 0 0 0 0 0 0 6 0 0 0 0 0 14 0 0 0 0 0 0 0 0 0 0 0 0 0 0 0 6 0 0 0 0 4 0 9 0 0 7 0 0 0 4 0 0 11 0 0 0 0 0 0 0 0 0 0 0 0 0 8 21 7 17 0 29 2 7 21 31 0 16 20 33 8 34 49 3 34 1 23 0 10 0 0 0 13 0 0 0 0 0 0 10 0 0 0 0 0 0 0 0 0 0 0 0 0 0 0 0 0 0 0 0 0 0 0 0 0 0 0 0 0 0 0 0 0 0 0 0 0 0 0 0 0 4 0 0 2 0 0 16 0 0 0 0 0 0 0 0 0 66 0 0 0 0 0 0 0 0 23 0 0 0 9 0 24 0 0 0 0 
 0 0 1 1 2 54 0 0 0 2 0 77 0 0 0 0 3 3 3 0 29 277 47 77 85 42 459 127 256 110 92 234 140 74 0 139 140 35 493 512 0 4 3 2 0 3 0 0 3 0 2 3 0 0 0 0 0 2 0 0 0 0 0 56 0 0 0 0 0 0 52 0 0 0 0 0 0 0 0 3 0 0 10 2 0 0 0 0 0 0 0 0 0 0 0 17 0 2 0 0 13 0 8 24 3 1 0 18 19 15 0 19 17 15 18 11 0 23 9 0 0 0 0 0 0 0 6 9 0 0 0 0 1 12 0 0 0 0 20 1 0 0 0 0 0 13 0 0 0 0 0 1 0 3 0 0 0 0 0 0 0 0 0 20 0 13 0 0 0 0 0 41 0 0 0 0 0 0 0 1 0 17 19 18 0 1 13 6 12 5 19 35 18 13 37 22 0 23 30 43 0 0 2 0 0 0 14 5 0 0 0 0 0 0 0 0 0 0 0 4 0 0 0 0 6 0 0 0 0 0 0 0 1 0 0 0 0 0 0 0 0 0 0 0 0 0 0 0 129 0 1 0 0 0 6 1 0 1 75 0 0 2 0 0 0 0 2 0 0 0 0 0 0 0 0 0 0 0 0 0 0 19 0 0 0 0 0 0 0 0 
 0 0 0 0 0 0 0 0 0 0 0 0 0 0 0 0 0 0 0 0 177 47 138 59 75 121 113 111 121 58 191 132 52 35 139 0 124 139 154 51 105 5 3 2 0 3 62 3 3 0 2 3 0 2 0 2 0 2 0 72 0 0 0 55 0 0 0 0 0 0 2 0 0 0 0 0 1 0 0 3 0 0 0 1 0 0 1 0 0 0 0 0 0 0 0 0 0 0 0 0 0 26 9 15 18 9 14 22 49 32 34 8 20 34 0 26 19 24 0 0 0 0 0 0 0 0 18 0 0 0 6 0 0 0 2 1 2 0 12 18 0 16 0 0 0 0 0 0 0 0 0 0 0 13 0 0 0 0 0 0 0 6 0 0 0 0 0 0 0 0 0 2 0 0 0 0 0 0 0 0 0 13 26 37 22 0 0 21 21 14 12 44 0 0 20 15 56 0 0 0 0 0 0 0 0 9 6 12 0 0 0 0 0 20 36 0 0 0 21 25 0 0 0 0 0 0 0 0 0 2 0 0 0 0 0 0 0 0 1 0 0 0 1 0 0 2 0 0 0 0 0 0 0 0 11 0 2 153 51 0 0 0 1 0 0 0 1 0 0 0 0 0 0 0 0 0 0 0 0 0 0 0 0 0 0 0 12 0 0 0 
 0 2 75 0 3 74 3 0 0 0 0 76 0 0 0 0 3 1 3 0 102 326 52 114 103 56 31 249 494 69 122 85 30 28 140 124 0 299 245 154 0 3 3 2 0 3 4 2 3 0 2 3 0 0 0 0 7 2 0 62 0 0 2 0 0 0 0 0 0 0 0 0 0 0 0 0 1 0 0 2 0 0 0 1 0 0 2 0 0 0 0 0 0 0 0 0 0 0 0 0 13 7 5 15 10 0 0 23 0 12 44 0 6 16 9 27 0 26 0 19 0 0 0 0 2 0 0 0 0 0 0 0 1 0 0 0 2 0 0 20 0 0 0 0 0 0 0 0 1 0 0 1 0 12 0 0 0 0 0 0 0 0 0 0 13 0 3 0 0 12 0 2 0 0 0 0 0 0 0 0 0 54 36 30 4 8 12 0 0 7 0 35 0 0 3 12 37 18 11 23 0 0 0 0 0 0 0 0 0 0 0 0 0 0 0 0 0 0 0 0 0 0 0 0 0 0 0 0 0 0 0 0 0 0 0 0 0 0 0 0 0 12 20 0 0 2 0 0 0 0 0 0 0 0 16 0 4 75 2 0 4 0 0 0 0 0 7 0 0 0 0 0 0 0 0 0 0 0 0 0 0 0 0 0 0 0 1 0 0 0 
 3 3 123 3 6 78 3 7 3 3 7 3 3 6 3 3 6 3 3 5 45 68 73 281 50 129 314 308 127 284 149 160 241 42 35 139 299 0 50 103 0 3 3 2 0 3 62 0 3 0 2 3 19 0 5 1 0 2 0 0 0 0 0 53 0 0 0 0 0 0 1 3 0 0 0 0 1 0 0 2 0 0 0 0 0 10 0 0 0 0 0 0 0 0 0 0 0 0 9 0 21 61 18 38 41 0 20 0 44 11 3 16 12 43 0 16 18 7 0 1 18 10 0 2 0 0 24 15 0 0 0 0 29 20 0 14 0 0 0 0 0 5 0 0 0 0 0 0 0 0 0 0 0 0 0 0 0 2 0 0 0 0 2 0 16 0 0 0 0 0 0 0 0 0 0 0 0 0 1 0 0 11 25 14 0 0 0 2 29 17 7 11 0 0 55 32 7 11 0 0 0 0 0 0 0 0 0 15 0 0 0 0 12 23 0 0 0 0 31 11 0 0 0 0 0 0 0 0 0 0 0 2 0 0 0 0 0 0 0 0 0 0 29 0 0 0 0 0 0 0 0 0 0 0 8 7 0 2 2 2 7 9 0 0 0 0 0 0 0 0 0 0 0 0 0 0 0 0 0 0 0 1 0 0 0 1 0 0 0 0 
 3 101 76 77 37 82 4 7 38 3 76 20 3 5 3 92 3 41 5 3 55 119 127 167 289 256 378 141 181 313 69 82 288 263 493 154 245 50 0 219 14 207 5 3 0 69 0 0 6 20 2 3 0 0 0 0 0 2 0 0 3 0 0 0 0 0 0 0 0 0 3 0 0 0 0 0 2 0 0 3 0 0 28 2 2 16 2 0 0 0 14 12 0 2 0 0 15 25 0 0 0 1 10 16 20 0 10 32 0 0 0 0 0 11 0 0 0 20 0 11 0 0 0 0 2 0 0 0 0 0 0 0 0 0 0 1 1 0 0 0 0 0 0 0 0 0 0 0 1 0 0 0 0 4 0 0 0 0 5 0 0 0 20 10 17 3 0 1 1 14 0 11 0 0 0 18 0 17 0 5 0 0 16 19 0 11 45 19 17 0 0 1 11 1 12 26 8 15 28 78 0 0 0 0 0 0 0 0 0 0 0 0 0 0 0 0 0 0 0 0 0 0 0 0 0 0 0 0 0 0 0 0 0 0 0 0 0 0 0 0 0 0 0 0 0 2 80 0 73 65 6 0 10 0 2 2 4 0 0 4 11 2 0 0 0 0 0 0 0 0 0 0 0 0 0 0 0 0 0 0 0 0 0 0 0 0 0 0 0 0 
 3 3 3 76 70 178 19 3 3 3 3 160 3 3 5 3 3 3 5 3 33 95 117 128 38 245 199 31 271 215 52 40 284 149 512 51 154 103 219 0 0 3 3 2 0 4 0 0 3 0 2 3 0 0 0 0 0 2 0 0 0 0 0 0 0 0 0 0 0 0 2 0 0 0 0 0 0 1 0 3 0 0 0 0 1 11 0 0 1 0 0 7 0 0 0 0 0 0 0 0 21 18 9 0 24 0 11 14 18 0 13 10 11 14 0 0 16 7 11 30 0 0 0 4 0 0 0 0 0 0 0 0 0 0 0 0 0 0 0 0 0 0 0 1 0 0 0 0 0 0 0 0 0 0 3 0 0 0 0 0 0 0 4 20 24 16 0 0 0 12 0 20 0 0 0 0 1 0 0 4 9 15 1 18 0 10 16 0 7 20 9 0 7 22 0 21 9 22 33 18 0 0 1 0 0 0 15 0 0 0 0 0 0 0 0 0 0 25 0 0 0 0 0 0 0 0 0 2 0 0 0 0 2 0 0 0 0 0 0 0 0 0 12 0 0 0 0 0 35 0 0 0 0 14 3 0 0 0 0 0 12 0 0 0 0 0 0 0 0 0 0 0 0 0 0 7 0 0 0 0 0 0 0 0 0 0 0 11 0 0 
 0 12 0 1 3 0 0 0 4 2 0 3 0 0 0 13 3 3 0 0 0 63 0 0 63 62 0 0 0 0 0 23 2 0 0 105 0 0 14 0 0 400 145 106 48 71 140 205 62 265 172 97 176 59 195 307 96 378 44 55 0 0 0 0 0 0 1 0 0 0 0 0 0 9 0 0 1 0 66 0 0 0 2 0 0 0 0 0 0 0 0 0 0 0 0 0 7 3 0 0 0 0 0 0 9 12 0 0 0 0 18 4 0 0 0 0 0 0 0 0 0 22 19 10 9 11 0 2 13 0 0 9 1 0 43 13 2 1 19 1 0 0 0 0 0 0 50 0 0 0 0 4 0 2 0 0 0 0 9 0 5 0 6 0 0 1 0 2 0 0 0 0 0 0 0 32 0 2 20 0 0 0 0 0 0 15 0 0 0 0 0 0 11 0 0 0 0 0 3 1 10 0 24 20 12 10 12 24 11 41 7 26 0 0 11 10 16 32 0 0 0 0 0 0 0 0 6 0 0 0 0 0 4 0 0 0 0 0 9 49 0 0 8 0 0 0 2 0 0 0 0 1 0 0 0 0 0 64 0 0 0 0 0 0 8 2 4 0 3 0 0 0 0 0 0 0 0 0 0 0 0 0 0 0 8 11 0 0 0 0 
 4 0 0 0 0 0 0 0 0 2 0 2 0 0 0 0 2 0 0 0 3 3 3 3 3 3 3 3 3 3 3 3 3 3 4 5 3 3 207 3 400 0 261 69 42 67 320 141 76 255 889 594 52 65 183 123 138 78 279 36 1 0 0 0 0 1 51 0 0 0 0 0 0 1 2 0 0 0 99 0 0 0 0 0 0 0 0 0 0 0 0 0 0 0 0 0 0 0 0 0 0 0 0 0 0 0 0 0 0 0 0 0 0 0 0 0 0 0 0 0 0 21 26 24 10 11 0 1 10 8 17 9 0 0 20 0 0 0 1 0 0 0 21 0 0 5 24 9 0 0 5 0 16 1 0 0 0 0 9 0 0 0 0 0 0 0 0 14 0 0 0 0 0 0 0 0 0 0 0 0 0 0 0 0 0 0 3 0 0 0 0 0 0 2 0 0 0 0 0 0 0 0 11 40 19 3 0 17 1 4 22 11 0 0 0 9 16 12 0 0 15 0 0 0 0 0 19 0 0 0 0 0 12 0 0 0 0 0 10 11 0 0 1 0 0 0 0 0 0 0 0 7 0 0 0 0 0 0 0 0 0 0 2 0 2 2 2 0 0 0 23 0 0 0 0 0 0 0 0 0 0 0 0 0 14 15 0 1 1 0 
 0 0 0 0 0 0 0 0 64 3 0 3 2 0 0 0 0 2 2 0 3 6 3 67 7 8 3 5 42 3 3 0 3 3 3 3 3 3 5 3 145 261 0 493 65 93 148 113 101 66 318 31 157 156 115 476 507 167 106 164 60 1 0 0 0 5 51 0 46 0 0 0 0 1 0 0 1 0 1 54 0 0 0 0 0 0 0 0 0 0 0 0 0 0 0 0 0 0 0 0 0 0 0 0 0 0 0 0 0 0 0 0 0 0 0 0 0 0 0 0 5 21 31 0 0 12 3 21 4 18 1 63 0 23 24 15 14 11 8 19 0 0 0 0 0 5 4 0 0 0 11 0 9 0 0 0 0 0 25 0 0 33 0 0 0 0 0 0 0 0 0 0 0 0 0 0 0 0 0 0 0 0 0 0 0 6 0 0 0 1 0 0 0 0 0 0 0 0 0 0 35 14 18 49 1 28 0 1 0 9 0 21 0 0 15 0 13 61 0 0 21 0 0 0 0 0 8 0 0 0 0 0 20 1 19 1 0 0 0 4 0 0 2 0 0 0 0 0 0 0 0 6 0 1 0 0 0 0 0 0 0 0 0 0 3 0 0 55 2 0 39 0 0 0 0 0 0 0 0 0 0 4 8 0 0 8 0 0 1 0 
 0 0 0 0 0 0 0 0 0 1 0 2 0 0 0 0 79 0 3 0 2 2 2 63 7 7 2 2 20 38 26 0 2 2 2 2 2 2 3 2 106 69 493 0 445 49 162 70 97 166 298 344 82 122 141 85 67 450 111 52 73 0 0 0 0 6 46 0 0 0 0 0 98 0 1 0 1 0 2 76 0 0 0 0 0 0 0 0 0 0 0 0 0 0 0 0 0 0 0 0 0 0 8 0 0 0 0 0 0 0 0 0 0 0 0 0 0 0 0 0 19 6 0 0 0 0 3 0 0 27 24 14 6 10 52 53 7 18 10 22 0 12 2 0 0 0 3 0 0 0 6 0 0 0 0 0 0 0 5 0 4 7 0 0 0 0 0 0 0 0 0 0 0 0 0 0 0 3 0 0 0 0 0 0 0 0 0 0 0 0 0 0 0 0 0 0 0 0 0 0 33 0 0 48 30 22 5 9 0 1 0 10 5 6 12 0 0 33 7 0 24 14 0 0 0 0 0 16 0 0 0 0 0 10 0 0 0 0 32 1 0 0 0 0 0 0 0 0 0 0 0 12 0 0 0 0 0 0 14 10 0 0 2 7 39 1 0 71 2 0 25 0 0 0 0 0 0 0 0 0 0 0 0 0 18 0 0 0 2 0 
 5 0 0 0 0 8 3 0 0 0 0 0 1 2 1 0 3 0 6 2 0 0 0 1 6 2 0 0 1 12 5 0 0 0 0 0 0 0 0 0 48 42 65 445 0 62 331 64 82 94 98 479 109 73 364 336 57 143 70 84 0 23 0 0 3 3 1 0 2 6 0 1 102 1 51 3 3 2 29 54 0 0 0 0 0 0 0 0 0 0 0 0 0 0 0 0 0 0 0 0 0 0 8 0 0 0 0 0 0 0 0 1 0 0 0 0 6 0 0 0 7 10 0 0 0 30 4 1 0 19 29 8 4 1 4 26 7 0 1 3 13 4 2 17 0 0 0 3 0 0 0 10 26 0 0 10 1 0 0 18 0 0 0 0 12 0 0 0 0 0 0 0 0 0 0 0 0 4 0 0 0 0 0 0 0 0 0 0 0 0 0 1 0 0 0 0 0 0 0 0 13 0 39 0 33 13 2 10 0 11 0 13 5 5 0 0 0 0 6 0 0 50 34 1 0 0 2 10 0 14 0 0 18 29 1 12 0 15 31 1 22 0 0 0 0 0 0 0 1 0 0 19 0 0 0 0 0 0 1 1 0 0 0 63 6 2 0 0 0 0 3 0 0 1 0 0 0 0 0 0 0 1 0 0 11 7 0 0 2 0 
 2 2 2 2 4 2 2 2 2 2 2 2 2 2 2 2 5 5 2 2 3 6 3 3 3 3 65 94 3 4 3 1 65 8 3 3 3 3 69 4 71 67 93 49 62 0 29 317 39 278 159 345 55 57 56 361 184 37 55 256 0 0 0 0 0 0 0 0 62 0 0 0 51 52 49 1 0 48 51 5 0 0 0 1 0 0 0 0 0 0 31 9 0 0 0 13 0 0 0 0 0 0 0 11 0 0 16 7 0 0 0 0 0 0 0 0 3 13 10 14 0 14 11 5 13 0 1 9 0 0 0 1 0 0 4 1 1 0 0 0 9 0 12 0 0 0 22 2 3 0 0 10 0 0 0 9 0 2 41 10 0 0 0 0 0 0 0 1 0 1 0 0 0 0 0 0 0 0 0 0 0 0 0 0 0 0 0 12 11 0 0 0 3 0 29 0 0 0 0 15 0 0 0 10 9 0 0 10 13 0 0 17 0 0 0 0 18 10 0 0 0 15 40 0 15 0 23 20 54 0 10 0 5 0 0 0 4 18 0 32 3 0 0 0 0 1 0 0 0 70 0 9 19 51 0 0 0 0 0 4 0 0 13 1 0 6 0 0 1 0 0 2 0 0 0 0 0 0 0 0 0 0 0 0 0 0 0 0 2 0 
 0 0 0 0 0 0 2 0 0 0 0 0 0 3 0 0 0 0 4 0 0 0 0 0 62 81 0 0 0 89 67 62 6 0 0 62 4 62 0 0 140 320 148 162 331 29 0 86 503 97 236 242 182 125 46 102 141 129 71 112 0 0 2 0 1 0 0 0 0 3 0 8 0 0 0 0 2 0 0 0 0 0 0 0 0 0 0 0 0 0 0 0 0 0 0 0 0 0 0 0 0 0 0 0 14 0 0 0 0 10 11 0 0 0 0 1 0 15 0 0 0 11 0 2 10 1 15 0 0 0 17 3 20 0 0 67 7 53 7 0 0 0 0 0 0 0 0 0 0 0 0 1 0 1 0 0 0 0 30 0 0 6 0 0 0 0 0 0 0 0 0 0 0 0 0 0 0 0 0 0 0 0 0 0 1 0 0 0 0 7 6 0 0 0 0 0 5 0 0 0 43 9 13 0 0 2 0 0 23 7 22 0 20 8 20 5 6 41 9 19 0 0 0 0 0 0 0 0 0 0 0 0 0 0 0 0 0 0 1 0 0 0 0 0 0 0 0 0 0 0 1 7 0 0 0 0 0 0 63 0 0 0 1 0 67 0 0 0 0 0 0 0 0 0 2 0 0 0 0 0 0 0 5 0 11 0 0 0 2 0 
 2 1 0 0 1 4 1 2 0 42 3 2 1 1 1 0 1 0 1 3 0 0 0 2 0 67 0 0 1 69 0 0 0 0 0 3 2 0 0 0 205 141 113 70 64 317 86 0 162 331 110 17 125 60 66 160 57 150 62 475 0 3 0 3 2 0 0 0 0 1 2 0 0 0 0 0 5 2 1 0 0 0 0 0 0 0 0 0 0 0 0 0 0 0 0 0 0 0 0 0 0 0 0 14 2 2 0 0 0 0 0 14 0 0 0 0 0 0 0 0 0 13 9 11 13 30 10 16 16 6 14 15 0 9 11 6 0 18 27 0 0 0 0 0 0 0 10 0 0 0 0 1 10 5 0 0 0 0 0 6 0 0 0 0 0 0 0 0 0 0 0 0 0 0 0 0 0 14 0 0 0 0 0 0 0 0 0 0 0 0 0 0 0 0 0 0 0 0 0 0 0 0 10 18 0 4 0 0 27 4 28 15 18 10 7 10 6 0 4 0 11 0 5 0 0 0 6 0 0 0 0 0 26 0 0 0 0 0 1 21 0 0 1 0 0 0 0 0 0 31 0 4 0 1 0 0 0 0 0 1 0 0 1 0 0 0 2 0 2 0 1 0 0 0 0 0 0 0 0 0 0 0 0 0 17 0 0 0 0 0 
 0 0 0 0 0 2 0 0 0 3 0 3 0 3 0 0 0 0 0 0 3 3 3 3 3 3 3 3 3 7 3 55 3 3 3 3 3 3 6 3 62 76 101 97 82 39 503 162 0 100 360 51 223 137 204 92 317 135 103 330 0 0 0 0 0 0 0 0 0 0 207 1 0 0 0 0 1 0 0 0 0 0 0 0 0 0 0 0 0 0 0 0 11 0 0 0 0 0 0 0 0 0 0 0 12 0 0 0 0 0 0 0 0 0 1 0 0 0 0 0 28 33 0 1 39 5 0 0 28 0 11 10 28 2 14 26 7 20 0 34 0 1 0 0 0 0 0 0 0 0 0 14 0 0 0 0 0 0 20 0 0 0 0 0 0 0 0 0 3 0 0 0 2 0 6 0 0 0 0 0 0 0 0 0 0 6 0 0 0 0 0 0 0 0 13 0 0 0 0 0 36 23 34 1 0 14 12 1 8 6 25 0 19 0 13 19 17 28 0 0 0 0 0 8 0 0 0 0 0 0 0 0 0 0 0 0 0 9 0 0 0 0 0 0 0 0 0 0 0 0 0 9 0 2 0 0 0 0 0 15 0 0 2 0 2 21 1 0 0 0 0 0 0 0 0 0 0 0 0 0 0 0 8 0 0 0 0 0 0 0 
 0 0 0 0 2 3 0 0 4 0 0 0 0 0 0 49 0 2 2 0 0 0 0 0 0 0 5 0 0 6 1 0 3 0 0 0 0 0 20 0 265 255 66 166 94 278 97 331 100 0 254 393 91 176 112 111 80 58 373 146 0 0 0 0 1 4 49 0 3 0 0 2 0 0 57 0 3 0 52 0 0 0 12 0 16 0 0 0 0 0 2 0 0 0 0 0 8 2 0 0 0 0 0 0 0 0 0 0 0 0 0 0 1 0 0 0 0 0 0 0 14 7 31 0 31 11 0 16 2 18 15 48 0 25 0 0 13 36 7 22 0 0 12 0 0 0 8 10 11 0 0 0 12 0 0 0 0 0 9 0 0 0 0 0 0 2 0 6 7 0 0 0 0 0 11 0 0 4 0 0 1 0 0 0 0 0 0 0 0 0 0 0 0 0 0 0 0 0 3 5 0 24 0 9 6 8 0 16 12 0 44 17 0 0 13 0 6 30 0 0 0 0 0 0 0 0 0 0 0 18 0 0 1 0 0 0 0 0 0 0 0 0 0 0 0 0 9 0 0 0 0 5 2 2 0 1 0 0 0 16 0 0 2 0 0 4 2 40 0 0 0 0 0 0 0 0 0 0 0 0 0 0 0 0 3 15 0 7 1 0 
 0 0 0 0 0 0 0 0 0 0 0 0 0 0 0 0 1 0 0 0 2 2 2 2 2 2 2 2 2 2 3 0 2 2 2 2 2 2 2 2 172 889 318 298 98 159 236 110 360 254 0 618 48 278 195 151 168 298 32 127 0 0 0 0 0 0 17 0 0 0 0 3 0 2 0 0 0 0 51 0 0 0 0 0 0 0 0 0 0 0 0 0 0 0 0 0 0 0 0 0 0 0 0 0 0 0 0 0 0 0 0 0 0 0 0 0 0 0 0 0 0 21 4 19 29 22 0 6 13 0 13 41 0 0 11 0 1 14 0 0 0 0 8 0 0 0 1 12 0 0 0 2 17 6 0 0 0 0 1 0 0 0 0 0 0 0 0 0 0 0 0 0 0 0 0 0 0 0 0 0 0 1 0 0 0 0 0 0 1 0 0 0 0 0 0 0 0 0 0 0 0 1 6 12 10 1 1 0 24 9 53 8 0 0 0 4 9 3 0 0 20 0 0 0 0 0 14 0 0 21 0 0 20 0 0 0 0 0 0 42 0 0 10 0 0 0 0 0 0 0 0 6 2 0 0 0 0 0 0 8 0 0 5 0 0 2 5 0 0 0 0 0 0 0 0 0 0 0 0 0 0 0 0 0 54 17 0 0 2 0 
 9 2 2 2 4 2 2 2 2 2 3 2 37 2 2 2 4 3 2 3 3 3 3 3 3 3 3 3 3 9 3 3 3 3 3 3 3 3 3 3 97 594 31 344 479 345 242 17 51 393 618 0 95 292 44 319 74 123 448 31 0 74 0 0 0 0 52 19 0 31 0 0 50 8 50 0 1 1 128 0 0 0 0 0 0 0 0 0 15 0 0 0 0 14 0 6 0 0 0 0 0 0 0 0 0 0 0 0 0 0 0 0 0 0 0 0 0 0 0 0 0 10 6 7 23 14 0 8 0 0 13 4 0 0 13 0 0 0 0 0 25 0 37 18 1 8 9 15 0 0 9 3 37 7 6 0 0 0 11 19 0 0 0 0 0 0 0 2 2 0 8 0 0 0 0 0 0 0 0 0 0 0 0 0 0 0 0 0 0 0 0 3 0 0 0 0 0 0 0 0 0 0 0 10 7 0 0 43 16 0 19 14 0 0 0 0 8 11 0 0 13 0 40 30 5 0 7 23 1 39 0 0 0 10 17 9 9 1 0 2 31 0 0 0 0 0 0 0 0 0 0 14 0 0 0 0 0 0 0 13 0 0 9 4 0 2 3 0 0 0 8 0 0 0 0 0 0 0 0 0 0 0 0 0 0 0 0 0 1 0 
 2 5 0 0 1 0 0 0 0 0 0 0 0 0 0 0 0 0 0 0 0 0 0 2 0 63 0 0 0 0 0 72 0 0 0 0 0 19 0 0 176 52 157 82 109 55 182 125 223 91 48 95 0 273 52 38 93 104 287 113 0 0 0 0 0 0 0 25 0 0 0 2 0 0 0 0 2 2 61 35 0 0 0 0 0 0 0 0 0 0 0 0 0 0 0 0 0 0 0 0 0 0 0 20 10 0 0 2 0 0 0 0 0 0 0 5 0 0 0 0 13 10 28 6 23 0 0 0 0 0 0 0 21 0 10 18 12 37 17 27 0 0 9 0 0 0 20 0 2 0 0 4 0 8 0 0 0 0 44 7 0 0 0 0 0 0 0 3 6 0 0 0 0 0 6 0 0 0 0 0 0 0 0 0 0 0 0 0 0 0 0 1 0 0 0 0 0 0 0 0 0 20 73 1 24 0 11 21 25 0 13 3 14 13 16 22 7 30 6 8 0 22 13 0 0 0 4 16 0 0 0 0 15 4 0 0 0 0 0 0 0 0 0 0 0 0 0 0 2 0 0 7 0 2 0 0 0 0 0 13 0 0 0 0 0 0 0 0 0 0 0 0 0 0 0 0 0 0 0 0 0 0 0 0 5 0 0 0 0 0 
 0 0 0 0 0 1 0 0 0 0 3 0 23 0 0 0 0 2 0 0 0 3 0 0 0 0 0 0 0 0 0 0 0 0 0 2 0 0 0 0 59 65 156 122 73 57 125 60 137 176 278 292 273 0 217 96 44 87 94 113 0 0 0 0 0 5 1 0 0 0 0 0 0 9 0 0 1 0 1 0 0 0 0 0 0 0 0 0 0 0 0 0 0 8 0 0 6 0 0 0 0 0 8 0 0 6 0 0 0 0 0 0 0 0 0 0 0 0 0 0 0 16 20 31 0 25 0 13 34 9 1 76 59 18 0 10 10 3 22 0 0 0 0 0 0 1 0 0 0 0 0 0 0 0 0 0 0 0 0 0 0 0 0 0 0 0 0 1 0 0 0 0 15 0 0 4 0 0 0 0 0 0 0 0 13 0 0 0 0 0 0 0 0 0 0 0 0 0 0 0 18 2 7 1 21 18 2 19 15 36 9 24 7 0 44 0 1 19 0 0 0 0 0 0 0 0 0 0 0 0 0 16 10 0 0 0 0 0 29 0 0 0 9 0 0 0 0 0 0 0 0 16 0 2 0 0 0 0 0 2 0 0 77 0 7 25 0 72 2 0 0 0 0 0 0 0 0 0 0 0 0 0 0 0 12 28 0 0 0 0 
 0 0 0 0 0 0 2 3 0 67 6 2 0 0 0 0 0 0 4 0 0 0 1 0 0 0 0 0 0 0 0 0 0 0 0 0 0 5 0 0 195 183 115 141 364 56 46 66 204 112 195 44 52 217 0 324 190 121 80 86 0 0 0 21 0 9 0 2 0 0 7 1 0 0 0 4 6 2 0 0 0 11 0 0 0 0 0 0 0 0 0 0 0 0 0 0 0 0 0 0 0 0 0 0 0 1 0 0 0 0 0 0 0 0 0 0 0 0 0 0 23 2 17 16 12 12 0 0 36 13 0 0 0 0 0 13 16 10 0 20 0 0 0 3 0 4 11 0 0 14 0 0 0 1 0 0 0 0 20 0 0 0 0 0 0 0 0 1 3 0 0 0 1 0 6 1 0 0 0 0 0 0 0 0 0 0 0 0 0 0 0 0 0 0 0 0 0 0 0 0 20 17 26 1 1 26 0 11 0 16 24 15 15 0 10 11 17 19 0 0 0 0 0 0 0 0 0 0 0 0 11 0 19 0 0 0 2 0 10 0 0 0 1 0 0 0 0 0 11 0 0 14 0 0 0 0 0 0 0 25 0 0 65 0 68 19 2 0 0 0 0 0 0 0 0 3 0 0 0 0 0 0 0 0 0 17 0 0 2 0 
 3 3 3 3 3 3 5 54 3 3 2 5 3 4 3 3 3 6 9 2 0 0 1 0 0 0 0 0 0 0 0 0 0 0 0 2 0 1 0 0 307 123 476 85 336 361 102 160 92 111 151 319 38 96 324 0 168 166 44 481 0 0 0 0 0 0 0 0 0 0 0 0 0 1 0 0 1 0 49 0 0 0 0 0 0 0 0 0 0 0 0 0 0 0 0 0 0 0 0 0 0 0 0 0 0 0 0 0 0 0 0 0 0 0 0 0 0 0 0 0 0 42 25 31 27 9 0 1 8 25 5 1 0 0 19 14 1 7 0 0 0 0 0 0 0 4 25 0 0 0 3 0 0 0 0 0 0 0 31 1 0 0 0 0 0 0 0 2 0 0 0 0 0 0 0 0 0 0 0 0 0 0 0 1 0 0 0 0 0 0 0 0 0 0 0 0 0 0 0 0 19 0 1 48 24 41 0 17 4 41 1 17 0 0 1 43 34 9 0 0 0 0 0 0 0 0 12 0 0 0 0 0 23 0 0 0 7 0 39 25 0 0 1 0 0 0 0 0 0 0 0 8 0 2 0 2 0 0 0 2 0 0 3 0 56 2 0 0 0 1 21 0 0 0 0 0 0 0 0 0 0 1 0 0 18 0 0 0 2 0 
 0 0 0 0 0 3 0 0 1 3 0 3 0 3 0 0 0 1 1 0 0 2 0 2 0 1 1 0 0 6 1 0 0 2 0 0 7 0 0 0 96 138 507 67 57 184 141 57 317 80 168 74 93 44 190 168 0 118 93 38 5 0 0 0 0 6 1 0 0 0 0 0 9 8 0 0 18 5 1 0 0 0 0 0 0 0 0 0 0 0 0 0 0 0 0 0 0 0 0 0 0 0 0 0 0 0 0 0 0 0 0 0 0 0 0 0 0 0 0 0 0 14 8 10 18 19 0 7 18 9 1 15 0 0 76 15 3 1 0 0 0 0 0 0 0 47 2 0 0 0 2 0 20 0 0 0 0 0 34 1 0 0 0 0 0 0 0 0 0 0 0 0 0 0 0 0 0 0 0 0 0 8 0 0 0 0 0 0 0 0 0 0 10 0 0 0 0 0 0 0 20 0 3 30 8 48 0 1 0 0 0 8 0 0 6 0 18 20 0 0 0 0 0 0 0 0 26 11 0 14 0 0 20 0 27 0 9 0 19 17 0 0 0 0 0 0 0 0 0 0 0 13 0 0 0 0 0 0 0 0 0 0 1 0 4 2 2 0 0 0 10 0 0 0 0 0 0 0 0 0 0 0 0 0 0 0 0 0 1 0 
 1 0 2 1 2 0 0 0 1 1 0 3 0 0 0 1 6 1 0 0 2 2 3 2 3 2 2 2 2 2 2 0 2 3 2 2 2 2 2 2 378 78 167 450 143 37 129 150 135 58 298 123 104 87 121 166 118 0 32 30 1 0 0 0 0 0 0 0 0 0 0 0 52 0 0 0 2 0 1 51 0 0 0 0 0 0 0 0 0 0 0 0 0 0 0 2 0 0 0 0 0 0 0 0 1 1 0 0 0 0 0 0 0 0 0 0 0 0 0 0 0 8 0 15 11 9 0 0 0 18 10 18 0 0 0 20 6 13 0 0 0 0 0 0 0 0 15 0 0 11 0 3 9 0 0 0 0 0 16 0 0 0 0 0 0 0 0 0 0 0 0 0 0 0 0 0 0 37 0 0 0 0 0 0 0 0 0 0 0 0 0 0 0 0 0 0 0 0 0 0 8 0 62 0 8 8 25 0 12 28 0 0 0 0 15 23 7 17 0 0 0 10 0 0 0 0 5 0 0 0 0 0 56 0 0 0 0 0 26 0 0 0 0 0 0 0 0 0 0 0 0 3 0 0 0 0 0 1 0 9 0 0 5 91 63 0 0 2 4 1 0 0 0 0 0 0 0 0 0 0 0 0 0 0 0 0 0 0 1 0 
 0 0 0 0 0 0 0 0 0 0 0 0 0 0 0 0 0 0 0 0 0 0 71 24 65 65 0 0 61 65 63 38 0 0 0 0 0 0 0 0 44 279 106 111 70 55 71 62 103 373 32 448 287 94 80 44 93 32 0 73 5 1 2 4 1 8 1 0 2 2 10 0 3 0 1 0 8 5 0 51 0 0 0 0 0 0 0 0 0 0 0 0 0 0 0 0 0 0 0 0 0 0 13 0 7 22 0 0 0 0 10 11 0 0 0 0 17 0 0 0 38 0 0 19 0 0 45 11 0 23 20 27 11 66 26 8 3 9 10 16 0 5 0 0 0 0 16 3 0 0 0 0 0 0 0 3 2 3 0 0 0 0 0 0 0 0 0 1 0 0 0 0 22 0 0 0 0 0 0 0 0 0 0 0 32 34 0 0 0 0 0 0 0 0 0 0 0 9 8 0 48 0 7 6 0 0 8 0 0 56 0 6 10 9 16 0 0 27 0 7 11 0 0 0 0 0 1 0 0 0 9 0 0 7 0 0 0 0 0 0 0 0 0 0 0 0 0 0 0 0 0 14 1 1 0 0 0 62 0 1 0 7 0 0 0 25 0 65 0 0 0 0 0 0 0 0 0 0 0 0 0 0 0 0 0 0 0 0 2 0 
 0 2 4 4 0 3 3 0 0 16 3 0 3 6 0 4 0 3 3 8 0 0 0 0 128 89 0 0 0 68 66 2 0 4 0 72 62 0 0 0 55 36 164 52 84 256 112 475 330 146 127 31 113 113 86 481 38 30 73 0 0 0 3 0 0 4 0 0 0 0 0 1 0 10 0 0 0 0 3 0 0 0 0 3 0 0 0 0 0 0 0 8 0 0 0 0 0 1 0 0 0 0 0 9 0 12 0 14 0 10 12 0 0 0 0 0 0 4 0 0 0 18 35 16 32 15 7 18 35 0 0 31 0 0 0 0 2 14 81 0 0 0 0 0 0 0 0 26 0 0 0 4 0 0 0 0 0 0 0 0 9 12 5 0 0 0 4 0 0 0 6 0 0 9 5 2 9 0 0 0 3 0 0 0 1 0 0 0 0 7 6 0 7 0 0 0 16 0 0 0 0 4 18 10 0 9 13 0 33 1 8 5 23 21 39 11 1 19 34 19 0 0 0 0 0 0 0 0 0 0 0 0 0 0 0 0 0 0 0 10 0 3 11 0 0 0 0 0 0 18 0 4 0 2 0 0 0 0 64 2 0 0 5 0 0 2 2 77 0 0 0 0 0 0 0 0 0 0 0 0 0 0 0 0 0 23 0 0 0 0 
 0 0 0 0 0 0 0 0 0 0 0 0 0 0 0 0 0 0 0 0 0 0 0 0 0 0 0 42 0 0 0 0 0 0 0 0 0 0 3 0 0 1 60 73 0 0 0 0 0 0 0 0 0 0 0 0 5 1 5 0 0 100 124 91 36 30 103 48 52 38 75 19 221 64 34 23 243 82 44 128 0 0 0 0 0 0 0 0 0 0 0 0 0 0 0 0 0 0 0 0 0 0 0 0 0 0 0 0 0 0 0 0 0 0 0 0 0 0 0 0 0 0 0 0 2 0 0 0 0 9 10 10 0 0 7 22 0 0 0 0 19 18 8 7 0 0 3 19 0 3 25 0 1 7 22 8 16 59 14 9 8 0 0 0 0 0 0 0 0 0 0 0 0 0 0 0 0 1 0 1 0 0 9 0 0 0 0 10 19 0 0 0 0 0 0 0 0 0 0 0 0 0 0 27 16 10 0 0 0 0 0 10 0 0 0 0 0 0 0 0 51 0 0 18 16 0 9 41 27 0 0 0 0 51 25 32 17 1 20 3 0 0 0 3 0 0 0 0 0 0 0 0 0 1 1 0 21 0 0 0 0 0 0 51 0 0 0 0 0 0 34 0 0 9 0 1 0 0 0 0 0 0 0 0 0 1 0 0 0 0 
