 0 206 91 59 59 26 180 141 69 319 165 241 254 52 60 223 148 222 134 630 0 0 0 0 2 2 0 0 0 4 0 0 0 5 0 7 2 0 2 0 12 3 0 3 3 3 0 3 0 0 0 2 0 2 3 0 1 0 7 0 0 2 2 0 0 2 0 1 2 0 0 0 0 0 0 0 0 0 0 0 13 15 0 0 10 15 12 15 19 30 13 22 34 17 32 28 2 8 23 46 0 0 0 0 0 0 0 0 0 0 0 13 0 0 0 0 0 0 0 0 0 0 0 0 0 0 0 0 0 0 0 0 0 0 0 0 0 9 0 0 0 0 0 0 0 0 0 0 0 0 0 0 0 0 0 0 0 0 0 0 46 14 9 10 0 2 20 16 0 20 27 14 16 14 27 11 0 23 10 8 0 0 0 0 0 0 0 6 0 0 3 0 0 6 0 0 0 0 0 0 0 0 0 0 0 0 0 0 0 0 0 0 0 0 0 0 0 0 0 0 0 0 0 0 0 0 13 0 0 0 0 0 0 0 1 0 0 0 0 0 0 0 0 0 0 0 1 2 5 0 0 4 0 2 0 0 0 1 0 0 0 2 0 0 0 0 0 0 0 0 0 0 0 0 0 0 0 0 0 0 0 0 0 0 0 0 0 0 0 0 
 206 0 217 177 121 213 161 314 162 210 58 37 42 36 192 253 371 237 140 51 0 3 0 2 4 3 74 2 0 2 0 3 39 6 0 0 0 2 75 0 6 0 0 3 0 0 0 0 61 0 0 2 0 2 0 0 2 0 8 3 0 2 35 5 0 2 5 3 0 0 0 0 0 25 0 0 0 0 0 0 0 22 12 13 0 0 12 10 16 0 0 2 27 23 2 59 12 13 0 0 12 20 0 0 0 0 8 0 0 0 0 0 11 0 0 0 0 0 34 0 0 0 0 0 0 0 0 0 0 0 0 0 0 0 0 0 0 0 0 0 0 0 0 0 0 0 0 0 0 0 0 0 0 0 0 0 0 0 0 0 0 0 35 17 10 12 2 0 9 19 0 8 1 0 11 20 17 0 7 0 0 0 0 0 0 0 0 0 0 0 0 0 22 12 0 0 0 0 0 0 0 0 0 0 0 0 0 0 0 0 0 0 0 0 0 0 0 0 0 0 0 0 0 0 0 0 0 0 0 0 0 0 0 0 0 0 0 0 0 0 0 0 0 0 0 0 8 0 2 28 0 5 0 0 0 0 0 0 0 0 0 0 15 0 0 0 0 0 0 0 0 0 0 0 0 10 0 0 0 0 0 0 0 0 0 0 0 0 0 0 
 91 217 0 205 67 213 166 128 95 393 259 395 130 111 82 329 189 148 128 356 2 0 0 4 0 0 75 0 0 2 0 0 0 76 0 0 0 0 125 78 2 0 0 3 0 0 0 0 0 61 0 2 0 0 0 0 1 2 2 0 0 4 0 0 0 2 0 3 0 0 0 0 0 0 0 0 0 0 0 0 14 10 13 6 15 2 8 23 33 0 45 1 26 10 17 31 22 36 17 6 2 14 0 0 0 0 66 0 0 0 0 0 13 0 2 0 0 0 1 0 0 0 0 0 0 0 0 0 0 0 0 0 0 0 0 0 0 0 0 0 0 0 0 19 0 0 0 0 0 0 0 0 0 10 0 1 0 0 0 0 0 14 0 15 20 5 7 32 18 2 0 10 0 0 25 9 29 26 0 12 7 0 1 0 0 0 0 0 8 0 0 0 0 1 0 0 0 28 17 0 0 2 0 0 0 0 0 1 0 0 0 0 0 0 0 0 0 9 0 0 0 0 0 0 0 0 6 0 0 0 0 0 0 0 0 0 0 0 0 0 0 0 0 0 0 1 91 0 89 0 0 2 0 0 0 0 0 0 0 0 0 0 15 0 0 0 0 0 0 0 0 0 0 0 0 0 0 0 0 0 0 0 0 0 0 0 0 0 0 0 
 59 177 205 0 263 36 80 46 186 93 48 203 69 371 98 52 125 170 70 50 78 0 0 0 1 0 99 0 0 2 0 2 23 19 75 0 0 2 96 117 65 0 0 3 0 0 0 0 24 0 0 2 40 0 0 0 2 5 2 0 0 2 0 0 1 2 1 1 0 0 0 0 0 0 0 0 0 0 0 0 19 21 31 35 55 0 0 0 18 29 0 0 0 19 0 8 13 4 0 0 0 1 0 0 0 0 15 11 0 0 0 0 0 12 0 0 0 0 32 32 0 0 0 0 0 0 0 0 0 0 0 0 0 0 0 0 0 0 0 0 0 0 0 14 0 0 0 0 2 0 0 9 0 39 0 0 0 0 0 0 0 26 0 0 70 0 0 0 0 36 12 18 0 0 0 1 30 6 0 0 9 0 0 0 0 0 0 0 1 0 0 2 18 10 6 0 15 1 12 12 0 0 0 0 0 6 0 0 0 0 0 0 0 0 0 0 0 2 0 0 0 0 0 0 0 0 0 0 0 0 0 0 0 0 0 0 0 12 0 0 0 0 0 0 1 0 93 2 0 45 0 2 10 2 0 0 0 0 0 0 0 0 0 0 0 0 0 0 0 0 0 0 0 0 0 22 0 0 0 0 0 0 0 0 0 0 0 0 0 0 
 59 121 67 263 0 77 135 176 262 320 176 192 80 62 289 271 150 302 51 91 5 0 0 2 3 0 149 0 5 2 5 0 152 3 0 0 5 0 1 16 12 2 0 5 2 40 0 3 1 0 0 2 0 58 0 63 2 0 7 0 0 3 0 12 0 2 0 0 0 0 0 0 0 1 0 0 0 3 0 0 2 15 17 11 34 1 0 0 0 61 10 45 0 15 6 6 32 0 0 2 26 2 0 0 0 0 6 12 0 0 0 0 30 25 0 1 0 0 0 35 0 0 0 0 0 0 2 0 29 0 0 0 0 0 0 0 0 0 0 0 0 0 0 15 0 0 0 0 1 0 0 0 0 0 0 0 0 0 0 0 19 0 1 41 0 15 0 7 19 15 29 35 0 0 0 0 16 3 0 0 4 0 1 1 0 0 0 0 0 7 0 0 47 0 10 1 1 0 0 0 0 2 0 0 0 0 0 1 0 0 0 0 0 0 0 0 0 0 0 0 0 1 0 0 0 0 0 0 0 0 0 0 0 0 0 0 0 0 0 0 0 0 0 0 0 6 2 0 2 89 0 4 0 0 1 0 0 0 0 0 0 0 0 0 0 0 0 0 0 0 0 0 0 0 0 12 15 1 0 0 0 0 0 0 0 0 0 0 0 0 
 26 213 213 36 77 0 20 110 130 162 181 238 29 136 134 72 176 43 30 70 80 0 26 0 0 0 0 0 73 2 2 0 0 38 1 0 0 0 165 1 3 0 0 3 0 0 0 0 27 0 0 2 0 0 77 0 2 0 3 0 0 2 9 0 0 2 0 3 0 0 0 0 0 0 0 0 0 5 0 0 8 23 19 31 14 19 0 0 17 8 18 22 0 0 0 3 9 14 0 0 2 20 13 2 0 0 23 0 13 0 0 0 11 29 12 12 1 30 24 0 0 0 0 0 0 0 0 0 0 0 0 0 0 0 0 0 0 0 0 2 0 0 0 8 0 0 0 0 0 0 0 0 0 16 0 0 0 0 0 0 0 15 14 4 62 47 0 0 0 29 2 15 2 0 0 18 30 10 0 0 20 0 13 0 0 0 19 16 0 0 16 0 0 46 1 0 0 0 19 0 0 0 0 0 0 0 0 26 0 0 0 0 0 0 0 0 0 0 0 0 0 0 0 0 0 0 0 0 0 0 0 0 0 0 0 0 0 0 0 0 0 0 0 0 0 5 183 0 4 0 15 6 0 4 0 0 0 0 0 0 0 0 13 0 0 0 30 0 0 0 0 0 0 0 0 0 0 0 0 0 0 0 0 0 0 0 0 0 0 0 
 180 161 166 80 135 20 0 118 333 32 119 201 197 38 147 150 439 48 144 319 1 1 0 0 3 0 0 0 3 2 8 0 0 2 0 3 0 2 0 0 6 0 50 5 0 0 0 0 0 2 1 2 4 0 0 0 1 0 2 0 0 2 0 0 0 2 0 3 0 0 0 0 0 0 0 0 0 0 2 2 0 0 27 0 0 17 2 31 32 17 49 4 22 20 22 13 17 1 16 16 0 0 0 0 0 0 0 0 0 0 0 0 0 0 0 0 0 0 0 0 0 0 0 8 0 0 0 0 0 0 0 0 12 0 0 0 0 28 0 0 0 0 0 0 0 0 0 0 0 0 0 0 0 0 0 0 0 0 0 0 22 0 15 0 0 0 0 26 26 3 12 0 17 16 18 15 17 14 28 1 0 0 0 0 0 0 0 0 0 4 0 3 0 0 0 0 0 0 0 0 0 0 0 0 0 0 0 0 0 0 0 0 0 0 0 0 0 0 0 0 0 0 0 0 11 0 0 0 0 0 0 0 0 0 0 26 0 0 13 0 0 7 0 0 1 2 1 0 88 0 2 0 0 0 0 0 0 0 0 0 0 0 0 0 0 0 0 0 0 0 0 0 0 0 0 0 13 0 0 0 0 0 0 0 0 0 0 0 0 0 
 141 314 128 46 176 110 118 0 213 244 63 230 195 70 292 197 380 246 144 109 0 205 0 0 1 0 0 1 0 2 0 0 2 0 0 0 0 0 75 50 2 0 0 3 0 0 0 0 0 0 0 2 0 0 76 2 2 0 9 0 0 3 0 0 6 3 0 0 0 0 0 0 0 7 0 0 0 0 0 0 0 10 27 0 14 0 0 10 94 0 61 15 16 0 11 13 26 18 0 15 0 17 0 0 0 0 14 0 0 0 0 0 15 0 0 0 0 1 0 14 0 0 0 0 0 0 0 0 0 0 0 0 0 0 0 0 0 0 0 0 0 0 0 0 0 0 0 0 0 0 0 0 0 1 0 0 2 0 5 2 15 18 59 22 28 25 0 25 37 22 0 0 0 0 0 41 0 29 0 8 0 0 0 0 12 0 0 0 0 0 0 0 38 0 0 0 0 0 0 0 2 0 2 0 0 0 2 0 1 0 0 0 0 1 0 0 2 0 0 2 0 0 0 0 0 0 0 0 0 0 0 0 0 0 0 0 0 0 0 0 0 0 0 0 0 2 88 2 90 0 1 2 13 0 0 0 0 0 0 0 0 0 0 0 0 0 0 0 0 0 0 0 0 0 0 0 17 0 0 0 0 0 0 0 0 0 0 0 0 0 
 69 162 95 186 262 130 333 213 0 572 129 353 188 143 119 227 48 339 160 203 0 0 0 0 0 0 0 0 0 3 0 0 7 0 62 0 0 0 77 0 13 0 64 3 0 2 0 2 0 0 0 2 0 0 0 0 0 0 3 0 0 3 0 0 0 7 0 3 0 0 0 0 0 0 0 0 0 4 0 0 11 20 24 13 14 0 0 0 48 29 51 1 20 23 0 0 29 13 0 20 0 0 0 0 0 0 10 0 0 0 0 0 22 11 2 2 0 0 2 0 0 0 0 0 0 0 0 3 16 0 0 0 0 0 0 0 0 0 0 0 0 0 1 0 0 0 0 0 0 0 0 0 0 0 0 0 0 0 0 0 32 24 0 10 0 0 12 13 20 20 17 23 0 0 0 52 13 18 0 18 0 0 0 0 0 1 0 0 0 0 0 0 0 1 0 0 0 0 0 0 0 1 0 0 0 0 0 0 0 0 0 0 0 0 0 0 0 0 0 0 0 0 0 0 0 0 0 0 0 0 0 0 2 0 0 0 0 0 0 0 0 6 0 0 0 2 0 0 90 0 1 18 0 0 1 0 0 0 0 0 0 0 0 0 0 0 0 0 0 0 0 0 0 0 0 19 15 0 0 0 0 0 0 0 0 0 0 0 0 0 
 319 210 393 93 320 162 32 244 572 0 386 74 121 145 268 144 118 252 67 186 29 207 0 0 0 0 0 0 0 3 0 0 77 81 2 1 0 0 27 0 3 0 0 3 0 0 2 0 0 0 0 2 0 0 0 0 0 3 15 0 0 2 0 3 0 2 0 3 0 0 0 36 0 3 0 0 51 0 0 0 0 10 36 10 14 14 0 0 10 0 32 33 0 0 17 10 17 10 0 29 10 0 0 0 0 0 38 1 0 61 0 0 24 0 0 0 0 0 0 0 0 1 0 0 0 0 0 0 0 0 0 0 0 0 0 0 0 0 0 0 0 0 0 0 0 3 0 0 0 0 0 19 0 0 0 0 0 0 0 0 9 11 39 49 9 14 0 37 18 14 11 9 0 0 0 31 8 51 0 10 20 1 2 0 0 0 0 0 0 0 0 0 2 22 1 0 0 0 5 1 0 0 0 0 0 0 0 0 0 0 0 0 0 0 0 0 0 0 2 0 0 0 0 0 0 0 1 0 1 0 0 0 0 0 0 0 0 0 0 0 0 0 0 0 0 1 87 0 1 2 19 0 1 2 0 0 0 0 0 0 0 0 0 0 0 0 0 0 0 0 0 0 0 0 0 0 28 0 0 0 0 0 0 0 0 0 0 0 0 0 
 165 58 259 48 176 181 119 63 129 386 0 509 122 370 56 71 118 81 153 143 36 2 0 1 2 0 2 0 9 4 1 0 2 78 2 4 0 39 3 96 9 0 0 5 2 0 2 2 3 2 2 4 0 2 3 2 0 0 10 0 0 2 3 1 4 4 0 4 1 0 2 1 0 0 0 0 0 1 0 0 0 0 1 0 26 33 0 0 0 41 18 75 0 13 17 25 3 0 0 0 0 8 0 0 0 0 37 31 0 0 0 0 28 1 0 1 0 0 0 0 0 0 0 0 0 0 0 0 0 0 0 0 0 0 0 0 0 0 0 0 0 0 0 0 0 0 0 0 1 0 16 0 0 0 0 0 0 0 0 0 20 0 11 0 0 0 0 14 7 33 27 11 0 0 18 0 0 10 0 0 10 0 14 0 0 0 0 0 0 0 0 1 0 0 0 0 0 2 18 16 0 0 0 0 0 0 0 0 0 0 16 0 0 0 0 0 0 0 0 0 0 0 0 0 0 0 0 0 0 0 0 0 0 0 0 0 0 0 0 0 0 0 0 0 0 0 1 2 1 7 0 6 0 0 0 0 0 0 0 0 0 0 2 0 0 0 0 0 0 0 0 0 0 0 0 0 0 0 0 0 0 0 0 0 0 0 0 0 0 0 
 241 37 395 203 192 238 201 230 353 74 509 0 54 137 160 267 92 76 47 313 32 0 82 0 0 0 107 0 0 4 4 0 1 189 2 3 0 0 32 75 2 0 0 3 0 0 3 0 2 0 0 4 0 0 0 0 5 46 2 0 0 2 0 0 7 2 0 2 0 0 0 0 0 1 0 0 0 0 0 0 0 0 0 1 1 35 0 0 26 43 16 15 0 0 0 0 24 26 0 0 14 33 0 0 0 0 41 0 0 0 0 0 16 11 0 28 0 0 1 49 0 0 0 0 2 0 0 0 0 0 0 0 0 0 0 0 0 0 0 0 0 0 0 0 0 0 0 2 9 0 0 2 0 0 13 0 0 0 0 0 0 0 1 9 16 0 0 11 12 19 0 0 0 0 15 18 0 10 0 0 36 0 0 0 0 0 0 0 2 3 1 0 21 0 2 0 0 8 5 0 0 0 0 0 0 0 0 0 0 0 0 0 0 0 0 0 0 0 0 0 1 0 0 0 0 0 0 0 0 0 0 0 0 0 0 0 0 0 0 0 0 0 0 0 0 4 1 0 46 3 0 6 8 0 0 0 0 1 1 0 1 0 13 0 0 0 0 0 0 0 0 0 0 0 0 3 0 11 0 0 0 0 0 0 0 0 0 0 0 0 
 254 42 130 69 80 29 197 195 188 121 122 54 0 221 220 108 38 91 78 452 2 2 2 0 0 0 0 2 0 2 0 0 0 0 0 0 0 2 0 1 12 0 0 3 0 0 4 0 0 0 0 2 0 0 0 0 5 0 2 0 0 15 0 0 0 2 0 0 0 0 0 0 0 0 0 0 0 0 47 0 59 10 7 0 1 0 69 13 23 14 19 0 28 40 0 11 14 17 19 89 0 9 0 0 0 0 0 0 0 0 0 0 0 0 0 0 0 0 0 2 0 0 0 0 1 0 12 0 0 0 0 0 0 0 0 0 0 1 0 0 0 0 0 0 0 0 0 1 0 0 0 0 0 0 0 0 0 0 0 0 25 0 0 0 0 0 22 1 11 16 45 14 12 9 13 29 15 28 1 7 0 0 0 0 0 0 0 0 0 0 0 0 0 0 1 0 0 0 0 0 0 0 0 0 0 0 0 0 0 0 0 0 0 0 13 0 0 0 0 0 2 0 0 0 0 0 0 0 0 0 0 0 0 0 0 0 0 0 0 0 0 6 0 0 0 1 2 0 0 0 0 0 0 0 0 0 0 0 0 0 1 0 0 0 0 0 0 0 0 0 0 0 0 0 2 0 0 0 0 0 0 0 0 0 0 0 0 0 0 0 
 52 36 111 371 62 136 38 70 143 145 370 137 221 0 111 115 38 31 93 199 2 0 1 0 0 0 0 0 0 2 0 0 0 9 1 0 0 0 75 0 39 0 0 62 0 0 0 0 0 0 0 14 0 0 0 0 0 12 4 0 0 2 0 0 0 2 0 3 0 1 0 0 0 0 0 0 0 0 44 0 14 0 15 0 4 0 10 15 61 32 17 0 16 16 0 0 23 0 7 23 0 0 0 0 0 0 14 0 0 0 0 0 15 0 0 1 0 0 1 0 0 0 0 0 1 0 0 0 0 0 0 0 0 0 0 0 0 0 0 0 0 0 1 0 0 0 0 0 0 0 0 0 11 0 0 12 0 0 0 0 19 0 16 21 0 0 10 34 26 15 15 18 17 20 0 30 14 10 1 0 0 0 0 0 0 2 0 0 0 0 0 0 2 0 0 0 0 0 0 0 0 0 0 0 0 0 0 0 0 0 0 2 0 0 0 0 0 0 0 0 0 0 0 0 0 3 0 2 0 0 0 0 3 0 0 0 0 2 0 0 0 12 0 0 0 0 0 0 92 2 0 7 0 0 0 0 0 0 0 0 0 0 0 0 0 0 0 22 0 0 0 0 0 0 0 0 0 0 0 0 0 0 0 0 0 0 0 0 0 0 
 60 192 82 98 289 134 147 292 119 268 56 160 220 111 0 222 386 309 186 125 3 2 3 4 78 77 0 0 0 2 2 0 2 0 0 0 3 2 5 0 5 0 0 3 0 0 0 1 0 0 0 4 0 3 0 0 2 0 6 1 0 2 3 3 6 2 0 3 0 1 0 0 0 2 2 0 0 0 3 0 10 13 17 0 0 0 11 8 26 19 23 2 9 37 1 8 12 23 0 27 0 22 0 0 0 0 0 0 0 0 0 0 0 0 0 0 0 0 0 14 0 0 0 0 2 0 0 0 0 0 0 0 0 0 0 0 0 0 0 0 0 0 0 0 0 0 0 2 0 0 0 0 0 0 0 0 0 0 0 13 0 0 33 9 25 11 3 1 14 27 1 1 11 36 1 7 0 0 9 0 0 0 0 0 0 0 0 0 0 0 1 0 8 0 2 0 0 0 0 0 0 0 0 0 0 0 0 0 0 0 0 1 0 0 2 0 0 0 0 0 1 0 0 0 0 0 0 0 0 0 0 0 0 0 0 0 0 0 0 0 0 0 0 0 0 0 6 0 2 4 0 4 17 1 1 0 0 0 0 0 0 0 14 0 0 0 0 0 0 0 0 0 0 0 0 0 31 0 0 0 0 0 0 0 0 0 0 0 0 0 
 223 253 329 52 271 72 150 197 227 144 71 267 108 115 222 0 166 95 40 102 3 0 0 0 0 2 155 0 0 2 0 0 74 0 0 0 0 0 2 0 4 0 0 3 0 0 0 0 1 0 0 2 0 0 23 0 2 0 6 0 2 7 34 0 0 41 0 2 0 0 0 0 0 0 0 0 0 0 0 0 9 35 19 57 24 19 20 12 32 29 74 21 21 36 8 26 66 11 0 0 0 2 0 0 0 0 14 0 0 1 0 0 11 0 17 0 0 0 14 2 2 0 0 0 0 0 0 0 0 0 0 0 0 0 0 0 0 0 0 0 0 0 0 0 0 2 2 0 0 0 0 0 0 0 0 0 0 0 0 0 0 56 15 23 9 15 17 17 12 2 0 0 0 0 0 17 0 20 0 0 0 0 0 0 0 0 0 0 0 0 0 0 19 6 0 0 0 14 0 0 0 0 0 0 0 0 0 0 0 0 0 0 0 0 0 0 0 0 0 0 0 0 0 1 0 0 0 0 0 0 0 0 0 0 1 0 0 0 0 0 0 0 0 0 0 3 87 0 51 1 1 5 0 0 2 0 0 0 0 0 0 0 0 0 0 0 0 0 0 0 0 0 0 0 0 34 0 11 0 0 0 0 0 0 0 0 0 0 0 12 
 148 371 189 125 150 176 439 380 48 118 118 92 38 38 386 166 0 124 235 34 3 0 0 0 1 0 2 0 0 2 3 0 75 2 0 0 0 0 111 0 4 0 0 3 0 53 0 0 62 0 0 6 0 6 0 0 0 0 5 0 0 2 0 5 4 2 0 1 0 57 0 0 0 4 0 0 50 0 0 4 26 11 10 17 23 0 2 6 15 0 62 14 12 0 24 42 20 22 0 0 0 0 0 0 0 0 0 0 0 0 0 0 0 0 0 0 0 0 0 0 0 0 0 0 0 0 0 0 0 0 0 0 0 0 0 0 0 1 0 0 0 0 0 7 0 0 0 0 0 0 0 0 0 14 0 0 0 0 0 0 0 0 37 44 28 23 7 6 21 16 0 11 0 0 43 5 32 10 11 0 0 0 0 0 0 0 0 0 0 9 0 0 5 0 0 0 0 0 11 0 0 0 0 0 0 0 0 0 0 0 0 0 0 0 0 0 0 0 0 0 0 0 0 0 0 0 0 0 0 0 0 0 0 0 0 0 0 0 0 0 0 0 0 0 1 0 100 1 2 1 1 4 2 0 0 0 0 0 0 0 0 0 0 0 0 0 0 0 0 0 0 0 0 0 0 0 18 0 0 0 0 0 0 0 0 0 0 0 0 0 
 222 237 148 170 302 43 48 246 339 252 81 76 91 31 309 95 124 0 48 114 7 0 0 0 0 2 78 0 1 4 0 0 190 0 16 0 0 0 0 77 2 0 0 7 0 0 0 0 0 0 1 5 0 0 0 0 0 0 7 0 0 2 0 5 5 2 0 1 0 0 0 50 0 8 4 0 0 0 0 4 0 27 44 11 34 1 0 0 14 8 14 29 2 0 14 23 9 26 0 10 20 3 0 0 0 0 1 12 0 0 15 0 1 12 1 0 0 0 0 24 0 0 0 0 0 0 0 0 0 0 0 0 0 0 0 0 0 0 0 0 0 2 0 0 0 0 0 0 15 0 0 0 0 0 0 0 0 0 0 0 9 0 33 20 12 29 0 10 22 1 33 29 0 0 0 26 0 36 0 12 0 0 2 0 0 0 0 0 0 0 0 0 33 0 7 1 2 0 0 0 0 1 0 0 0 0 0 2 0 0 0 0 0 0 0 0 0 0 0 0 0 0 0 0 0 0 0 0 0 0 0 0 0 0 0 0 0 0 0 0 0 0 0 0 0 3 88 0 0 9 0 2 1 0 2 0 0 0 0 0 0 0 0 0 0 0 0 0 0 0 0 0 0 0 0 0 14 0 0 0 0 0 0 0 0 0 0 0 0 0 
 134 140 128 70 51 30 144 144 160 67 153 47 78 93 186 40 235 48 0 203 0 0 0 1 4 0 0 0 0 2 0 0 0 3 0 0 5 0 0 0 3 71 0 3 76 3 0 3 0 0 0 2 0 0 0 0 3 0 3 0 0 2 0 0 0 2 0 3 0 0 0 43 0 0 0 0 0 3 0 0 9 2 0 0 0 0 20 22 0 0 0 0 0 12 10 24 0 0 0 0 0 0 0 0 0 1 0 1 1 0 0 0 0 0 0 0 0 0 0 0 0 0 0 0 0 0 0 0 0 0 0 0 0 0 0 2 0 0 0 0 0 0 0 0 0 6 0 0 0 0 0 0 0 0 0 0 13 0 0 0 10 0 11 0 0 0 10 0 0 11 0 0 0 10 12 0 12 0 12 7 0 0 0 0 0 0 0 0 0 0 0 0 0 2 0 0 0 0 2 0 0 0 0 0 0 0 0 0 0 0 0 0 0 0 0 0 0 12 14 0 0 0 0 0 0 0 0 0 0 0 0 0 0 0 0 0 0 5 0 0 0 0 0 0 0 0 0 0 0 2 0 4 0 0 0 0 0 0 0 0 2 2 0 0 0 0 0 0 0 0 0 0 0 1 0 0 0 0 0 0 0 0 0 0 0 0 0 0 0 0 
 630 51 356 50 91 70 319 109 203 186 143 313 452 199 125 102 34 114 203 0 0 0 0 2 0 0 0 0 0 2 0 0 1 0 0 0 0 0 0 0 7 0 0 3 0 0 0 0 0 0 0 2 0 0 0 0 1 0 2 0 0 2 0 0 0 2 0 3 0 0 0 1 0 0 0 0 0 0 0 0 0 1 0 0 0 14 0 11 3 15 3 0 23 14 47 19 16 15 1 26 0 1 0 0 0 2 0 2 0 0 0 0 0 0 0 0 0 0 0 0 0 0 0 0 0 0 0 0 0 0 0 0 0 0 0 0 0 8 0 0 0 0 0 0 0 0 0 0 0 0 0 0 0 0 0 0 0 0 0 0 27 17 23 0 0 0 0 26 5 1 0 1 11 12 13 27 12 7 17 5 0 0 0 0 14 0 0 0 0 0 0 0 0 0 0 0 0 0 1 0 0 0 0 0 0 0 0 0 0 0 0 0 0 0 0 0 0 0 0 0 0 0 0 0 0 0 0 2 13 0 0 0 9 0 0 0 0 1 0 0 0 5 0 0 0 0 1 0 6 0 2 11 0 0 0 0 0 0 0 0 0 0 0 0 0 0 0 0 0 0 0 0 0 0 0 0 0 0 0 0 0 0 0 0 17 0 0 0 0 0 
 0 0 2 78 5 80 1 0 0 29 36 32 2 2 3 3 3 7 0 0 0 247 82 49 20 34 140 192 36 48 27 95 119 136 51 243 106 28 43 45 1 2 4 8 3 0 1 15 2 0 0 65 0 0 0 0 1 0 3 0 0 0 0 8 5 0 0 0 3 0 3 0 6 8 4 3 0 6 0 4 0 0 1 2 1 14 0 0 0 0 0 4 0 0 0 0 0 0 0 0 0 15 8 43 0 12 9 18 21 8 11 17 24 24 41 0 47 26 1 11 0 0 0 0 0 0 0 0 0 0 0 0 12 1 0 0 0 0 0 0 0 0 0 0 0 1 0 3 0 0 0 0 0 0 0 0 1 0 0 0 0 0 0 0 9 0 0 0 0 1 15 14 0 0 0 0 0 0 0 0 58 3 25 0 43 8 8 3 0 13 14 19 29 1 11 0 30 17 12 8 0 0 0 0 0 0 1 0 0 0 0 0 2 0 0 0 0 9 11 0 0 0 0 0 0 0 0 0 0 0 0 0 0 0 0 0 0 0 0 0 0 0 23 0 0 0 0 0 0 0 1 0 0 0 11 0 0 0 0 0 0 0 0 0 0 0 0 0 0 0 0 1 0 0 0 0 0 0 0 0 0 0 0 0 0 0 15 0 0 0 
 0 3 0 0 0 0 1 205 0 207 2 0 2 0 2 0 0 0 0 0 247 0 262 276 174 27 137 413 280 126 337 196 34 125 453 127 152 288 31 24 1 0 3 0 3 0 1 0 2 0 0 63 0 2 0 0 2 4 2 61 0 0 0 2 0 0 0 0 3 0 0 0 0 3 0 3 0 6 0 0 2 0 0 14 0 0 17 0 0 2 0 0 0 0 0 0 0 0 0 0 0 0 30 20 33 28 0 25 46 37 33 33 11 12 59 0 49 44 0 0 0 0 0 0 0 0 0 0 0 0 0 0 22 24 10 0 0 0 0 20 0 1 0 0 0 0 0 0 0 0 0 1 0 0 0 1 0 0 1 0 0 0 0 0 0 0 0 0 4 0 0 0 0 0 0 0 0 0 2 0 22 0 20 10 32 9 9 6 1 40 11 21 15 0 12 16 14 35 18 9 0 0 0 0 0 0 39 1 0 0 12 0 7 0 18 0 0 0 14 5 1 0 3 2 0 0 0 0 0 0 0 0 0 0 0 0 0 0 0 0 0 0 14 0 0 0 0 0 0 0 0 0 0 0 2 0 2 1 79 2 1 0 0 0 0 0 0 0 0 0 0 0 0 0 0 0 0 0 0 0 0 0 0 0 0 16 21 0 0 0 
 0 0 0 0 0 26 0 0 0 0 0 82 2 1 3 0 0 0 0 0 82 262 0 124 53 118 315 315 192 42 535 262 78 146 435 207 56 43 115 37 0 0 3 6 3 0 1 0 2 0 0 2 0 0 0 0 2 0 2 18 0 0 9 2 0 0 0 0 3 0 2 0 0 3 0 3 0 0 0 0 0 0 0 0 0 10 0 2 0 0 0 0 0 0 0 0 0 0 25 0 0 0 40 3 15 15 0 0 11 13 15 18 0 19 15 13 25 9 4 0 0 0 0 0 0 0 9 0 0 0 10 0 0 10 11 0 0 0 7 33 0 0 0 0 0 0 0 11 0 2 2 1 2 0 1 0 0 2 0 0 0 0 0 0 0 25 47 0 23 0 0 0 0 0 0 0 0 0 0 0 0 18 18 7 38 0 24 74 0 26 1 23 0 32 15 33 0 0 0 2 0 0 0 0 0 0 11 0 0 0 0 0 15 0 27 0 0 0 0 33 0 0 0 0 0 0 0 0 0 0 0 0 0 0 0 0 0 0 0 0 0 11 0 0 0 0 0 0 0 0 0 0 0 0 21 0 0 0 84 2 2 0 0 0 0 0 10 0 0 0 0 0 0 0 0 0 0 0 0 0 0 0 0 0 0 0 0 0 0 0 
 0 2 4 0 2 0 0 0 0 0 1 0 0 0 4 0 0 0 1 2 49 276 124 0 408 189 59 61 88 319 90 128 65 153 284 125 61 195 273 37 25 53 3 0 3 1 37 54 4 0 0 5 86 62 2 124 0 0 5 60 42 2 0 3 0 0 0 0 5 0 28 0 0 3 0 3 0 0 0 3 0 0 2 1 0 0 1 0 0 0 0 0 0 0 0 0 0 0 0 0 0 0 18 13 5 16 0 0 0 14 0 13 0 0 0 0 20 14 0 0 20 0 9 8 0 0 24 31 14 9 0 0 0 21 13 0 33 0 13 33 0 0 0 2 0 0 0 7 0 4 0 0 0 0 0 0 0 0 0 0 0 0 0 3 0 0 0 0 2 0 0 0 0 0 0 9 8 0 0 0 0 20 50 12 26 22 0 13 0 2 16 7 0 0 18 0 7 1 2 0 17 55 0 0 0 0 26 47 0 15 8 0 22 18 20 2 21 1 0 40 0 0 0 0 0 0 2 0 0 0 0 0 0 0 0 7 1 0 2 0 0 0 0 0 0 0 0 0 0 0 0 0 0 0 13 0 1 40 77 2 1 0 0 0 0 0 0 0 0 0 3 2 0 0 0 0 0 0 0 0 0 0 0 0 0 0 0 0 0 8 
 2 4 0 1 3 0 3 1 0 0 2 0 0 0 78 0 1 0 4 0 20 174 53 408 0 145 48 101 84 91 112 51 270 154 69 170 32 127 71 29 5 62 3 2 3 5 3 88 0 2 1 2 65 54 123 57 3 62 63 63 0 0 0 2 6 0 0 1 8 0 2 0 0 3 0 3 0 0 2 2 0 0 0 0 0 0 0 0 0 9 0 2 0 0 0 2 2 0 2 2 0 0 15 0 0 18 0 0 14 19 0 17 0 0 0 0 0 10 0 0 31 26 27 8 0 1 0 11 21 21 22 0 71 20 22 9 22 0 0 26 0 0 0 0 0 0 0 0 0 0 0 0 4 8 0 0 0 3 0 20 0 0 0 3 0 0 0 1 0 0 0 0 0 0 0 0 0 0 0 0 0 0 1 13 0 9 0 0 2 15 16 0 0 0 0 0 0 2 17 0 12 21 12 0 11 0 1 9 0 11 21 0 17 0 22 0 18 20 22 0 0 2 0 0 0 0 0 0 0 0 0 0 0 0 0 0 0 0 0 0 0 0 0 0 0 0 0 0 0 1 0 0 0 0 17 3 5 153 5 30 4 0 0 0 0 0 0 0 0 0 0 0 44 0 0 0 0 0 0 0 0 0 0 0 0 0 0 0 0 0 
 2 3 0 0 0 0 0 0 0 0 0 0 0 0 77 2 0 2 0 0 34 27 118 189 145 0 40 49 419 145 131 200 43 272 551 154 125 274 45 63 32 70 3 0 3 0 64 170 65 23 0 1 88 6 6 0 63 0 166 23 0 0 0 3 0 0 0 0 3 0 0 0 0 3 0 3 0 45 0 0 0 0 1 2 0 0 0 0 0 0 0 0 0 0 0 0 0 0 0 0 18 0 11 0 24 1 0 0 12 0 0 0 0 0 14 0 0 0 16 0 26 23 9 0 0 1 25 14 40 4 0 0 25 0 0 10 6 31 24 28 0 0 0 0 0 0 0 1 0 5 0 0 0 0 0 0 0 0 20 0 0 0 0 0 0 0 0 1 0 0 0 0 0 0 0 0 3 0 0 1 0 2 9 0 0 13 13 3 0 22 8 27 0 0 0 18 0 39 1 0 37 1 0 0 0 0 0 0 0 38 14 0 54 18 8 16 1 9 0 7 0 0 0 0 0 0 0 0 0 26 0 0 1 0 0 0 2 0 1 1 0 0 0 0 0 0 0 0 0 0 0 0 0 0 8 1 1 74 6 1 2 1 0 0 0 0 0 0 0 0 0 1 0 0 0 0 0 0 0 0 0 18 0 0 0 0 0 0 0 0 
 0 74 75 99 149 0 0 0 0 0 2 107 0 0 0 155 2 78 0 0 140 137 315 59 48 40 0 156 470 17 33 75 91 126 109 30 116 111 332 43 0 0 3 0 3 0 1 0 1 3 0 0 3 0 0 0 1 0 2 1 0 0 0 2 2 0 0 0 3 0 3 0 0 5 0 3 0 0 0 3 0 10 0 0 30 2 0 0 0 1 0 0 0 0 0 0 0 1 0 0 1 25 0 29 0 27 23 22 0 10 0 0 1 30 17 1 12 4 53 67 0 0 0 0 0 0 0 0 0 0 0 0 19 0 0 2 0 0 0 0 0 0 0 0 0 0 0 0 0 0 0 11 1 0 0 0 0 0 0 0 0 0 0 9 0 0 0 0 0 0 17 25 0 0 0 0 2 0 0 0 15 4 5 0 14 10 0 12 1 0 14 0 22 9 14 2 27 14 6 20 0 0 0 0 0 0 18 0 0 0 0 1 0 0 0 0 0 2 12 0 0 0 0 0 0 2 0 2 0 0 0 0 0 0 0 0 0 0 0 0 0 0 0 0 0 2 0 0 0 0 0 0 0 0 9 0 0 0 0 0 2 0 0 0 0 0 0 0 0 0 0 0 0 0 0 3 0 10 0 0 15 0 0 0 0 0 11 0 0 0 
 0 2 0 0 0 0 0 1 0 0 0 0 2 0 0 0 0 0 0 0 192 413 315 61 101 49 156 0 320 67 51 33 209 172 161 46 95 57 354 116 2 0 3 0 3 0 4 4 6 0 0 33 0 0 2 5 4 0 2 6 0 0 0 2 0 0 0 37 3 0 4 0 0 3 0 7 0 0 0 4 0 0 0 0 0 0 0 0 0 0 0 0 0 0 0 0 0 0 0 0 0 18 27 9 49 1 0 44 66 53 9 31 0 0 23 0 63 35 10 10 0 0 0 0 0 0 23 0 0 0 0 12 10 0 0 0 0 0 0 1 0 3 0 0 0 0 0 0 2 0 0 0 0 0 0 0 3 0 1 0 0 0 0 0 0 0 0 0 0 0 0 0 0 0 0 0 0 0 2 6 2 39 10 37 67 9 6 37 36 32 36 0 0 0 13 4 10 46 8 18 0 0 0 0 0 0 13 0 0 0 0 0 4 0 12 0 0 0 32 2 1 0 0 2 0 0 0 0 0 0 0 0 0 0 0 0 0 2 0 0 0 0 0 0 0 0 0 0 0 0 0 0 0 0 2 0 1 77 2 1 1 0 0 0 0 1 0 0 0 0 0 0 0 0 0 0 0 0 0 0 0 0 0 0 0 0 8 0 0 0 
 0 0 0 0 5 73 3 0 0 0 9 0 0 0 0 0 0 1 0 0 36 280 192 88 84 419 470 320 0 99 53 97 135 78 107 142 125 122 244 138 2 0 3 0 54 0 0 7 0 0 0 1 0 0 6 0 1 0 2 0 0 0 1 2 0 0 0 0 3 0 1 0 0 3 0 3 0 0 0 0 0 0 0 2 0 11 0 0 0 0 9 13 0 0 0 0 0 0 0 0 42 14 1 12 23 12 0 41 11 0 0 0 13 8 24 32 0 0 7 0 24 0 0 0 0 0 7 0 1 0 0 0 0 1 0 0 0 0 0 12 12 0 0 0 0 2 0 11 0 1 0 0 0 0 0 0 2 0 0 0 0 0 0 1 13 1 0 0 0 0 0 0 12 0 0 0 0 0 0 0 15 21 37 1 14 18 27 34 9 11 11 17 33 47 22 24 1 0 0 29 10 11 0 0 0 0 0 0 0 0 0 0 2 0 0 0 0 0 0 11 0 0 0 0 0 0 0 0 0 2 0 0 0 0 0 0 0 0 0 0 0 0 0 0 0 0 0 0 0 3 0 0 0 0 7 0 1 74 0 0 17 0 0 0 0 0 12 0 0 0 0 1 0 0 0 0 0 0 0 9 0 16 0 10 1 34 0 0 0 0 
 4 2 2 2 2 2 2 2 3 3 4 4 2 2 2 2 2 4 2 2 48 126 42 319 91 145 17 67 99 0 135 127 54 159 189 209 237 49 69 58 65 64 3 0 3 0 71 64 1 0 0 1 108 0 1 1 3 0 64 28 0 0 0 2 0 0 0 0 3 0 1 0 0 3 1 3 0 0 0 0 2 1 0 0 0 0 12 0 0 0 0 0 0 0 0 0 0 0 0 0 0 0 17 21 22 11 2 0 27 21 0 14 0 0 0 2 0 31 0 5 12 0 0 0 0 0 23 0 2 20 0 0 17 0 31 0 0 0 28 48 0 0 0 0 0 0 0 2 0 1 0 0 0 0 0 0 0 0 0 0 0 0 0 4 0 11 0 0 0 2 0 18 1 0 2 0 0 0 0 1 0 0 6 15 0 11 0 0 0 62 89 16 0 0 2 19 13 14 20 0 25 1 0 2 0 0 19 15 0 0 0 0 16 22 74 0 0 0 4 18 0 0 0 0 0 0 0 0 0 0 0 0 0 0 0 0 0 0 0 0 0 0 0 0 0 0 0 0 0 0 0 0 0 0 24 0 0 229 82 1 0 0 0 0 0 0 0 0 0 0 0 0 1 0 0 0 0 0 0 0 0 23 0 0 0 0 0 10 0 0 
 0 0 0 0 5 2 8 0 0 0 1 4 0 0 2 0 3 0 0 0 27 337 535 90 112 131 33 51 53 135 0 146 111 103 133 136 172 127 42 46 22 0 3 2 3 73 29 0 2 2 1 2 40 0 0 0 2 0 2 1 0 0 0 2 0 0 0 1 3 0 2 0 0 3 0 3 0 0 2 2 0 0 0 0 0 0 0 0 1 0 0 0 0 0 0 0 0 0 0 16 0 0 0 8 14 13 0 0 0 7 0 28 0 0 5 0 25 11 0 0 12 0 11 0 0 0 35 13 11 18 21 0 10 11 47 0 20 0 15 41 0 0 0 0 0 0 0 7 0 4 2 0 0 0 1 0 0 2 0 0 0 0 0 6 0 0 0 0 0 0 0 0 0 0 0 0 0 12 0 4 0 47 20 13 16 31 0 17 0 6 30 10 0 0 52 10 1 0 0 0 7 28 0 0 0 0 30 9 0 10 7 0 42 14 12 1 0 10 12 17 0 0 0 0 0 0 0 0 0 0 0 0 0 0 0 0 0 0 0 0 0 0 0 0 0 0 0 0 0 0 0 0 0 0 2 0 1 1 1 0 1 0 0 0 0 0 0 0 0 0 0 0 0 0 0 0 0 0 0 0 0 0 0 0 0 0 11 0 0 0 
 0 3 0 2 0 0 0 0 0 0 0 0 0 0 0 0 0 0 0 0 95 196 262 128 51 200 75 33 97 127 146 0 49 67 47 111 352 77 31 36 66 0 3 0 3 0 63 5 1 0 0 1 67 0 5 0 1 0 2 16 0 0 0 2 53 0 0 0 3 0 1 0 0 3 0 3 0 0 0 0 0 0 0 0 0 0 0 0 0 0 0 0 0 8 0 0 0 0 0 14 21 0 40 39 42 22 0 14 0 8 11 13 0 1 1 0 32 10 0 0 20 0 0 0 0 0 14 0 2 31 0 0 1 0 33 0 0 0 14 56 0 0 0 0 0 0 0 0 0 3 0 0 0 0 0 0 0 0 0 0 0 0 0 4 0 0 0 0 0 0 0 0 0 0 0 0 0 0 0 0 10 0 27 7 80 11 17 17 0 59 49 16 0 1 30 40 11 0 10 0 11 0 0 0 0 0 28 2 0 0 0 0 17 22 27 0 0 0 21 50 0 0 0 0 0 0 0 0 0 0 0 0 0 0 0 0 0 0 0 0 0 0 0 0 0 2 0 0 0 0 0 0 0 0 8 0 0 75 75 0 6 2 0 0 0 1 0 0 0 0 0 0 0 0 0 0 0 0 0 0 0 11 0 0 0 0 9 0 0 0 
 0 39 0 23 152 0 0 2 7 77 2 1 0 0 2 74 75 190 0 1 119 34 78 65 270 43 91 209 135 54 111 49 0 107 181 65 167 41 144 116 0 0 66 0 3 0 2 0 2 0 0 0 0 0 64 0 2 0 2 0 0 0 0 8 0 0 0 0 5 0 3 0 0 8 0 3 0 0 0 1 0 0 0 0 12 12 0 0 0 0 0 0 0 0 0 0 0 11 0 0 37 20 0 0 0 0 98 23 3 28 10 0 20 26 0 22 22 15 20 39 0 0 0 1 0 0 0 0 0 0 0 0 0 0 0 0 0 0 0 0 0 5 0 0 0 0 2 0 10 0 0 3 0 0 0 0 0 0 0 2 0 0 15 17 0 0 0 0 27 0 12 41 0 0 0 11 8 0 0 0 0 25 8 14 0 8 21 3 31 0 0 2 34 12 19 0 18 10 2 18 0 0 2 0 0 0 0 0 0 0 0 0 0 0 1 15 0 0 0 0 0 0 0 0 2 0 0 0 0 0 0 0 0 0 0 0 0 0 0 0 0 0 18 0 0 0 0 0 0 0 0 0 0 0 3 0 0 0 0 1 12 2 0 0 0 0 0 0 0 0 0 0 0 0 0 0 1 0 0 0 0 0 0 1 0 0 0 0 0 0 
 5 6 76 19 3 38 2 0 0 81 78 189 0 9 0 0 2 0 3 0 136 125 146 153 154 272 126 172 78 159 103 67 107 0 127 56 41 34 165 154 1 0 3 0 74 0 0 2 4 0 0 0 0 0 0 0 1 2 0 0 2 0 0 0 0 0 4 0 50 0 0 0 0 47 1 0 0 0 0 1 0 0 1 0 0 10 0 0 16 0 0 9 0 0 0 0 0 0 0 0 0 10 9 34 9 37 17 7 11 34 0 14 0 14 9 0 12 4 12 0 0 0 0 0 0 0 0 0 0 1 2 0 47 0 1 0 0 0 0 0 0 0 0 0 0 0 0 7 0 0 2 0 0 0 1 0 0 2 0 0 0 0 0 0 0 0 0 0 0 0 4 0 0 0 0 0 0 0 0 0 64 20 0 0 29 14 1 1 12 0 27 26 0 0 19 21 12 9 35 25 0 0 0 0 0 0 4 0 0 0 1 0 0 0 8 0 0 0 21 0 0 0 0 0 0 0 0 0 0 0 0 0 0 0 0 0 0 0 0 0 0 0 0 0 0 0 0 0 0 0 0 0 0 0 19 0 0 59 0 2 0 0 0 0 0 0 0 0 0 0 0 0 0 0 0 0 0 0 0 1 0 0 0 0 0 0 11 0 0 0 
 0 0 0 75 0 1 0 0 62 2 2 2 0 1 0 0 0 16 0 0 51 453 435 284 69 551 109 161 107 189 133 47 181 127 0 98 40 115 61 85 8 2 5 0 3 1 4 2 7 0 1 2 2 0 5 0 3 0 5 2 0 0 0 11 10 0 8 0 3 0 2 0 4 5 0 3 0 7 0 0 0 0 0 0 1 0 0 0 0 1 0 0 0 0 0 0 0 0 0 0 30 27 8 0 37 10 19 20 28 32 8 26 0 25 11 79 34 11 1 23 0 0 0 0 0 0 5 16 0 1 6 0 2 11 0 0 0 0 0 1 0 5 0 0 0 0 0 0 14 0 0 2 0 0 0 18 0 0 0 0 0 0 0 0 10 0 0 0 4 0 14 13 0 0 0 0 0 0 0 0 1 20 2 54 43 11 11 3 56 0 23 21 33 1 0 5 49 8 0 8 0 0 0 0 0 0 41 3 0 0 2 0 30 0 0 0 0 0 27 0 0 0 18 0 0 6 0 0 0 0 0 0 1 0 0 0 0 0 0 0 0 9 0 0 0 0 0 0 2 0 0 0 0 0 8 2 2 1 78 2 2 0 0 0 0 2 0 0 0 0 0 0 0 0 2 14 0 0 0 0 0 0 0 0 0 0 9 0 0 0 
 7 0 0 0 0 0 3 0 0 1 4 3 0 0 0 0 0 0 0 0 243 127 207 125 170 154 30 46 142 209 136 111 65 56 98 0 246 340 50 279 12 0 3 3 3 0 2 0 2 0 0 0 66 0 0 0 1 0 61 65 3 0 0 2 0 3 0 0 3 0 1 0 0 7 2 3 0 0 0 36 2 0 0 0 0 20 0 0 0 0 0 3 0 0 0 0 0 0 0 0 0 0 10 39 14 13 15 0 0 9 11 78 7 12 10 13 16 1 24 17 0 0 2 0 0 0 14 0 0 0 0 0 0 14 20 0 1 0 30 41 0 0 0 0 0 0 0 23 0 1 0 0 0 0 0 0 0 0 0 0 16 1 0 0 0 0 0 0 1 2 0 0 0 0 0 0 0 0 0 1 29 71 0 70 29 0 24 14 23 30 0 54 12 12 13 9 0 6 18 17 10 0 0 2 0 0 23 12 0 0 0 0 0 15 21 0 0 0 0 4 0 0 0 0 0 0 0 0 2 0 0 0 0 0 0 0 0 0 0 0 0 0 24 0 0 0 0 0 0 0 0 74 0 2 9 0 0 2 83 0 1 1 0 0 0 0 0 0 0 0 0 0 0 0 0 0 0 0 0 19 0 0 0 0 0 8 0 0 0 0 
 2 0 0 0 5 0 0 0 0 0 0 0 0 0 3 0 0 0 5 0 106 152 56 61 32 125 116 95 125 237 172 352 167 41 40 246 0 334 381 187 1 0 3 0 64 0 11 0 1 0 0 2 70 0 0 0 1 0 56 65 0 0 0 2 0 0 0 0 3 0 3 0 0 2 0 3 0 1 0 0 0 0 0 2 0 15 0 0 0 0 0 0 0 0 0 0 0 0 0 0 0 3 9 20 20 20 0 17 1 53 21 22 4 23 18 0 11 16 20 33 9 0 0 0 0 0 18 0 1 0 0 0 0 0 0 0 0 0 11 0 0 0 0 0 0 2 0 0 0 0 0 0 0 0 0 0 2 0 0 0 0 0 0 1 0 0 0 0 0 0 1 0 0 0 0 0 0 0 0 0 14 58 1 18 0 9 7 9 28 3 9 22 28 16 0 57 0 93 11 29 23 0 0 0 0 0 0 0 0 0 0 0 2 0 19 0 0 0 0 11 0 0 0 0 0 0 0 0 0 0 0 0 0 0 0 0 0 0 0 0 0 0 12 0 0 0 0 0 0 0 0 0 0 0 14 1 2 12 0 1 0 11 0 0 0 0 0 0 0 0 0 1 0 0 0 0 0 0 0 8 0 14 0 0 1 12 0 0 0 0 
 0 2 0 2 0 0 2 0 0 0 39 0 2 0 2 0 0 0 0 0 28 288 43 195 127 274 111 57 122 49 127 77 41 34 115 340 334 0 241 126 0 62 65 0 3 0 1 62 3 0 0 1 36 0 0 3 1 0 64 38 1 0 0 6 0 0 0 0 3 0 2 0 0 3 0 3 0 0 0 5 0 0 0 0 0 0 0 0 0 0 0 0 0 0 0 0 0 0 0 0 0 14 4 16 1 54 0 3 9 39 4 47 0 1 15 15 26 0 15 0 32 0 45 0 0 0 26 0 0 1 1 0 0 11 9 0 0 0 13 13 0 0 0 0 11 0 0 0 0 0 0 0 0 0 0 0 0 0 0 2 0 0 0 0 61 0 0 0 5 0 0 0 0 0 0 0 0 0 0 0 16 0 9 0 0 2 0 18 9 19 0 14 16 20 0 0 28 10 0 20 36 18 0 0 0 0 1 18 0 0 1 0 0 0 6 0 0 0 13 8 0 0 0 0 0 0 0 0 0 0 0 0 0 0 0 0 0 0 0 0 0 0 0 0 0 0 0 0 0 0 0 0 0 0 2 0 0 76 1 1 14 0 0 0 0 0 0 0 0 0 0 0 0 0 0 0 0 0 0 10 0 0 0 0 0 15 0 0 0 0 
 2 75 125 96 1 165 0 75 77 27 3 32 0 75 5 2 111 0 0 0 43 31 115 273 71 45 332 354 244 69 42 31 144 165 61 50 381 241 0 167 0 0 3 0 3 0 0 0 19 0 0 1 0 0 1 0 2 0 2 0 0 0 9 2 0 0 0 0 3 0 1 0 0 35 0 3 0 0 0 0 9 24 11 27 13 11 1 0 14 0 18 16 0 0 0 4 0 10 0 0 11 23 8 0 0 0 22 4 1 0 0 0 11 19 10 20 1 8 31 0 0 0 0 0 0 0 0 0 0 0 0 0 0 0 0 0 0 0 0 0 0 0 0 6 0 0 2 0 0 0 0 0 0 10 0 0 0 0 0 0 0 23 1 3 23 33 0 0 2 28 11 9 0 0 0 18 25 10 0 0 8 18 0 10 1 12 31 42 0 0 0 0 0 46 13 0 1 0 12 0 0 0 2 0 0 0 0 0 0 0 0 0 0 0 0 0 2 0 0 0 0 0 0 0 0 0 0 0 0 0 2 0 0 0 0 0 1 0 0 0 0 0 0 0 0 0 74 0 0 1 15 0 0 0 8 2 0 0 0 1 0 0 13 0 0 0 9 0 0 0 0 0 0 0 0 0 0 0 0 0 0 0 0 1 0 0 0 0 0 0 
 0 0 78 117 16 1 0 50 0 0 96 75 1 0 0 0 0 77 0 0 45 24 37 37 29 63 43 116 138 58 46 36 116 154 85 279 187 126 167 0 60 0 3 0 3 0 1 0 2 0 0 0 0 1 80 0 0 0 2 0 0 0 0 2 0 0 0 0 3 0 1 0 0 3 0 3 0 0 0 0 0 0 20 12 10 1 0 0 0 19 0 12 0 0 0 0 0 0 0 1 19 19 0 18 0 12 41 17 1 9 16 0 29 1 0 28 1 19 33 0 0 0 0 0 0 0 0 0 0 0 0 0 0 0 0 0 12 0 0 0 0 9 0 0 0 0 0 0 4 0 0 1 0 0 0 2 0 0 10 0 0 0 0 0 0 0 0 0 0 0 11 4 0 0 0 0 0 2 0 0 15 14 14 11 0 0 28 12 9 1 0 0 12 10 0 1 12 21 0 57 0 0 0 0 0 0 0 1 0 0 0 0 0 0 0 0 0 0 0 0 0 16 0 0 0 0 0 0 0 0 0 0 0 0 0 0 11 0 0 0 0 0 0 0 0 0 0 0 0 150 0 0 0 0 4 0 0 1 0 0 0 0 0 0 0 0 0 0 0 0 0 0 0 0 0 0 0 0 0 9 0 0 0 0 0 10 0 0 0 0 
 12 6 2 65 12 3 6 2 13 3 9 2 12 39 5 4 4 2 3 7 1 1 0 25 5 32 0 2 2 65 22 66 0 1 8 12 1 0 0 60 0 194 98 158 137 92 188 429 375 327 102 329 118 39 399 100 306 118 334 61 0 0 1 0 0 0 1 1 0 0 0 0 0 2 1 13 0 0 2 0 0 0 0 0 7 0 0 3 0 24 7 7 0 4 10 10 0 0 0 25 0 0 0 24 0 0 0 0 0 0 0 0 0 0 0 0 0 23 0 0 4 14 0 13 13 0 3 0 43 38 0 11 0 0 11 24 7 30 21 0 0 1 1 0 16 0 0 0 0 0 2 1 0 1 0 0 2 0 21 20 6 0 0 2 6 0 0 10 15 6 4 5 0 0 0 4 25 10 1 0 0 0 0 0 0 0 0 0 0 4 9 0 0 0 0 3 0 0 0 0 18 7 8 25 15 0 22 15 19 87 28 0 13 64 2 14 11 0 0 0 1 1 1 12 2 2 0 2 2 2 0 2 1 1 0 0 2 0 28 2 0 14 19 0 0 0 0 0 0 25 0 11 0 10 0 0 0 0 3 2 0 0 65 0 0 2 1 5 2 0 2 0 0 0 0 0 0 0 0 0 0 0 0 0 0 1 0 0 0 0 
 3 0 0 0 2 0 0 0 0 0 0 0 0 0 0 0 0 0 71 0 2 0 0 53 62 70 0 0 0 64 0 0 0 0 2 0 0 62 0 0 194 0 96 139 107 252 297 394 37 88 47 148 112 155 145 293 55 103 126 182 4 2 0 4 0 0 0 0 0 3 0 0 4 0 0 0 0 4 0 54 0 0 0 0 0 0 0 0 0 0 0 0 0 0 0 0 0 0 0 0 0 0 0 0 0 0 0 0 16 0 0 0 0 0 0 0 0 0 0 0 0 0 21 23 0 21 21 42 11 10 26 12 1 10 0 25 0 11 0 6 0 0 0 0 0 0 55 0 0 0 0 0 0 5 0 11 14 0 21 16 0 0 0 0 4 1 0 6 0 0 0 0 0 0 0 3 0 0 0 0 0 0 0 0 0 18 6 0 0 0 0 0 0 0 0 0 0 0 0 0 9 0 10 38 0 0 0 11 29 0 10 37 0 0 12 8 42 8 0 14 0 5 6 3 0 3 0 3 9 0 6 0 12 0 17 0 19 0 0 13 0 0 0 0 0 0 0 0 0 19 0 5 0 2 0 0 0 17 0 3 0 0 64 0 1 67 2 0 0 0 0 0 0 0 0 4 0 0 0 0 0 0 0 0 25 0 0 1 0 0 
 0 0 0 0 0 0 50 0 64 0 0 0 0 0 0 0 0 0 0 0 4 3 3 3 3 3 3 3 3 3 3 3 66 3 5 3 3 65 3 3 98 96 0 152 120 182 75 92 229 343 184 50 40 57 101 118 108 322 257 56 0 0 0 0 0 0 0 4 0 0 0 0 0 1 0 3 0 0 0 0 0 0 0 0 1 0 0 0 0 0 0 0 0 0 0 0 0 0 0 0 0 0 0 0 0 0 0 0 0 0 0 0 0 0 0 0 0 0 0 0 0 10 8 59 2 7 0 9 1 0 6 29 0 1 0 0 33 2 0 0 0 0 1 0 0 0 19 16 31 0 0 0 0 15 25 3 0 0 1 20 0 0 0 0 0 5 0 0 0 0 0 18 0 0 0 5 0 0 0 0 0 0 0 0 0 0 0 0 0 0 0 0 0 0 0 0 0 0 0 0 0 19 20 38 43 27 20 0 6 33 9 16 1 6 19 0 0 4 0 0 27 20 0 0 0 0 4 0 0 0 1 0 6 38 0 6 0 0 38 17 0 0 0 0 0 0 0 0 0 0 0 6 0 0 1 0 0 0 0 2 0 0 0 0 7 19 0 6 0 0 0 0 0 0 0 0 0 0 0 0 0 0 0 0 22 13 0 1 0 0 
 3 3 3 3 5 3 5 3 3 3 5 3 3 62 3 3 3 7 3 3 8 0 6 0 2 0 0 0 0 0 2 0 0 0 0 3 0 0 0 0 158 139 152 0 164 388 53 123 207 233 363 278 47 64 157 52 116 51 319 69 1 0 0 0 0 1 0 7 0 0 0 0 0 105 2 6 0 0 51 0 0 0 0 0 0 0 4 0 0 1 0 0 0 0 0 0 0 0 4 0 2 0 0 0 0 0 0 0 0 0 0 0 0 0 0 0 0 0 0 0 0 15 0 26 11 8 0 0 29 13 6 9 0 0 0 1 53 29 0 0 0 0 1 7 0 0 5 0 0 0 0 0 1 11 21 11 0 2 2 21 0 0 0 0 0 9 0 0 0 0 0 0 0 0 0 3 0 0 0 0 0 0 0 0 0 0 0 0 0 0 0 0 0 0 0 0 0 0 0 0 0 11 44 46 39 3 0 0 1 20 30 0 0 0 0 0 9 0 0 0 10 15 0 0 0 0 0 0 0 0 10 0 0 0 12 7 0 0 22 5 0 0 0 0 0 0 0 0 0 0 0 3 0 1 0 0 0 0 0 1 0 0 50 0 2 12 0 1 1 2 0 0 0 0 0 0 0 0 0 0 0 0 0 0 0 0 0 0 2 0 
 3 0 0 0 2 0 0 0 0 0 2 0 0 0 0 0 0 0 76 0 3 3 3 3 3 3 3 3 54 3 3 3 3 74 3 3 64 3 3 3 137 107 120 164 0 186 280 57 304 137 85 154 75 138 109 58 74 84 111 49 12 54 36 6 0 54 0 6 100 2 0 0 70 53 0 7 0 0 46 0 0 0 0 0 0 0 0 0 8 0 0 0 14 0 0 0 0 0 0 0 14 0 0 0 0 0 0 0 0 0 0 0 0 0 0 13 0 0 0 0 0 10 17 0 46 20 0 0 18 0 0 20 0 9 0 34 39 0 0 0 0 5 0 1 0 7 1 2 8 20 0 0 21 5 4 4 77 0 0 21 0 0 0 0 0 0 0 0 0 0 0 0 5 0 0 0 0 0 5 0 0 0 0 0 0 0 0 0 0 0 0 0 15 0 0 0 0 0 0 0 0 0 21 15 17 14 0 4 2 2 17 10 0 0 0 0 0 10 0 0 0 18 24 1 1 8 68 10 34 9 16 0 44 15 16 0 7 0 5 18 0 0 0 0 0 0 0 0 0 0 0 4 0 0 0 0 0 0 0 1 62 0 8 37 76 6 2 66 2 0 0 0 0 0 0 2 0 0 0 0 0 0 0 0 7 0 0 28 1 0 
 3 0 0 0 40 0 0 0 2 0 0 0 0 0 0 0 53 0 3 0 0 0 0 1 5 0 0 0 0 0 73 0 0 0 1 0 0 0 0 0 92 252 182 388 186 0 40 249 89 57 149 59 40 250 330 119 271 299 275 77 1 27 51 0 0 28 0 0 51 23 0 0 0 26 0 0 0 0 57 0 0 0 0 0 0 0 0 0 0 0 0 0 0 0 0 0 0 0 0 0 0 0 14 0 0 2 0 0 0 0 0 5 0 0 0 0 0 0 0 0 0 0 5 12 30 17 0 4 10 0 14 10 11 0 7 0 0 14 0 7 0 0 10 7 19 0 18 8 0 0 0 0 0 26 22 36 2 5 55 0 0 0 0 0 0 11 0 0 0 0 0 0 1 1 0 0 0 0 0 0 0 0 0 0 0 6 0 0 0 0 0 0 0 0 0 0 0 0 0 0 0 0 18 12 15 45 4 0 0 0 1 0 0 17 13 0 0 24 0 0 6 48 0 0 0 0 20 9 35 3 0 0 14 54 25 16 1 0 9 29 0 0 0 0 0 0 0 0 0 0 0 0 0 0 0 0 0 0 0 0 0 0 0 6 0 6 2 0 0 0 0 0 0 0 0 0 0 0 0 0 0 0 0 0 0 18 0 0 2 0 
 0 0 0 0 0 0 0 0 0 2 2 3 4 0 0 0 0 0 0 0 1 1 1 37 3 64 1 4 0 71 29 63 2 0 4 2 11 1 0 1 188 297 75 53 280 40 0 174 40 92 18 95 288 44 398 103 239 42 118 582 0 0 0 0 0 0 0 0 1 0 0 0 0 0 0 0 0 0 0 7 0 0 0 0 0 0 0 0 0 0 0 0 0 0 0 0 0 0 0 0 0 0 0 26 0 0 0 0 0 0 0 0 0 0 0 0 0 4 0 0 31 6 0 0 0 10 0 0 22 33 13 0 2 9 46 0 67 14 15 0 0 0 8 0 0 0 0 0 0 0 0 0 0 0 0 0 0 0 33 0 0 0 0 6 0 0 0 0 0 0 0 0 0 0 0 0 0 0 0 0 0 0 0 0 1 0 0 0 0 0 12 1 0 0 0 0 0 0 0 0 17 0 14 0 0 0 20 64 29 9 0 10 16 14 1 10 15 8 15 0 0 0 0 0 0 0 0 0 0 0 0 0 0 0 0 0 0 0 0 0 0 0 0 0 0 2 0 0 0 0 0 10 0 0 0 0 0 0 1 0 0 18 0 0 0 4 2 1 0 0 0 0 0 0 0 0 0 0 0 0 0 0 0 0 0 0 0 0 0 0 
 3 0 0 0 3 0 0 0 2 0 2 0 0 0 1 0 0 0 3 0 15 0 0 54 88 170 0 4 7 64 0 5 0 2 2 0 0 62 0 0 429 394 92 123 57 249 174 0 92 157 15 310 189 146 124 163 260 259 73 124 1 2 0 0 0 0 0 54 2 0 0 0 0 0 0 0 0 1 0 0 0 0 0 0 0 0 0 0 0 0 0 32 0 0 0 0 0 0 0 0 1 0 9 4 0 0 0 4 0 0 0 0 0 0 4 0 0 1 0 0 25 25 22 21 0 10 0 14 60 23 0 0 23 0 0 0 7 33 0 6 0 0 0 0 0 0 0 0 0 0 0 0 0 0 0 0 0 0 3 0 0 0 0 3 0 0 0 1 0 3 0 0 0 0 0 0 0 0 0 0 0 49 11 0 4 0 3 8 0 2 0 1 0 0 10 2 0 1 0 0 31 0 21 13 0 1 0 9 9 19 32 0 17 1 12 1 30 13 0 0 0 0 0 0 0 0 0 0 0 0 0 0 0 0 14 0 24 0 0 1 0 0 0 0 0 0 0 0 0 0 0 0 0 2 0 0 0 18 0 2 0 0 48 0 0 0 0 0 0 0 0 0 0 0 0 0 0 0 0 0 0 6 0 0 0 0 0 0 0 13 
 0 61 0 24 1 27 0 0 0 0 3 2 0 0 0 1 62 0 0 0 2 2 2 4 0 65 1 6 0 1 2 1 2 4 7 2 1 3 19 2 375 37 229 207 304 89 40 92 0 224 25 240 98 81 203 103 109 54 311 66 2 0 2 0 0 0 3 5 0 0 0 0 0 0 2 7 0 0 0 6 6 7 0 4 11 0 0 0 0 0 0 0 1 0 0 0 0 0 0 0 0 0 0 0 0 0 0 0 0 0 0 1 2 0 0 0 0 0 9 0 10 12 0 7 14 1 11 11 30 10 0 14 0 0 0 18 34 78 9 19 0 0 14 2 0 0 60 0 0 0 14 0 0 11 0 0 0 17 11 20 0 1 0 0 10 1 0 0 0 11 0 9 0 0 0 0 10 8 0 0 0 0 0 0 0 13 0 0 0 6 0 0 0 7 0 0 0 0 10 0 12 14 25 16 14 0 4 0 0 8 26 0 0 9 0 12 0 0 0 0 18 58 0 0 0 0 0 13 0 0 0 0 0 16 0 0 0 0 1 16 0 0 0 0 0 0 62 0 0 0 0 2 0 0 0 0 0 1 0 1 0 0 1 0 1 0 2 63 0 0 0 0 0 0 0 0 0 0 0 0 0 0 0 0 0 13 0 0 0 0 
 0 0 61 0 0 0 2 0 0 0 2 0 0 0 0 0 0 0 0 0 0 0 0 0 2 23 3 0 0 0 2 0 0 0 0 0 0 0 0 0 327 88 343 233 137 57 92 157 224 0 144 50 529 61 226 253 131 159 360 88 2 0 2 0 0 0 3 3 2 0 0 0 0 0 2 15 0 1 0 2 0 0 0 0 0 0 0 0 0 0 0 0 0 0 0 0 0 0 0 0 0 0 0 0 0 0 0 0 0 0 0 0 0 0 0 0 0 0 0 0 4 38 0 20 1 4 0 3 24 15 0 7 0 0 0 19 13 46 14 0 0 0 0 0 0 0 25 0 0 0 0 0 0 16 24 0 0 0 22 26 0 0 0 0 0 4 0 4 0 0 0 0 0 0 10 7 0 0 0 0 0 0 0 0 0 0 0 0 0 0 0 0 0 0 0 0 0 0 0 0 12 25 88 41 19 0 3 0 15 25 28 0 1 16 1 62 9 0 2 9 0 27 0 0 0 0 0 0 0 0 0 0 1 0 0 0 0 0 1 12 0 0 0 0 0 0 0 0 0 0 0 4 0 2 0 0 0 0 0 3 0 0 19 0 0 22 4 1 0 0 0 0 0 0 0 0 0 0 0 0 0 4 8 0 0 1 0 0 0 0 
 0 0 0 0 0 0 1 0 0 0 2 0 0 0 0 0 0 1 0 0 0 0 0 0 1 0 0 0 0 0 1 0 0 0 1 0 0 0 0 0 102 47 184 363 85 149 18 15 25 144 0 91 28 49 280 67 94 50 41 68 0 50 0 0 0 0 0 3 52 0 0 0 0 50 0 0 0 0 55 0 0 0 0 0 0 0 0 0 0 0 0 0 0 0 0 0 0 0 0 0 0 0 0 0 0 0 0 0 0 0 0 0 0 0 0 0 0 0 0 0 0 6 11 16 32 0 0 6 0 1 9 20 0 0 0 0 10 3 0 0 0 1 12 6 0 0 0 14 0 19 0 0 9 10 17 13 0 0 0 9 0 0 0 0 0 0 0 0 0 0 1 0 3 0 0 0 0 0 15 0 0 0 0 0 0 0 0 0 0 0 0 0 0 0 0 0 0 0 0 0 0 9 75 16 13 39 5 0 16 18 12 6 12 9 10 0 12 9 0 0 0 9 19 0 0 0 9 1 9 0 11 0 24 0 12 8 0 0 56 6 0 0 0 0 0 0 0 0 0 0 0 3 0 1 0 0 0 0 0 0 0 0 3 35 4 1 0 0 0 0 0 0 0 0 0 0 0 0 0 0 0 0 0 0 8 10 0 0 2 0 
 2 2 2 2 2 2 2 2 2 2 4 4 2 14 4 2 6 5 2 2 65 63 2 5 2 1 0 33 1 1 2 1 0 0 2 0 2 1 1 0 329 148 50 278 154 59 95 310 240 50 91 0 20 101 21 73 128 100 22 29 72 1 2 1 0 0 2 47 0 3 0 0 3 0 0 1 7 4 0 26 0 0 0 5 0 0 0 0 0 0 0 0 0 0 0 0 0 0 0 0 0 0 7 22 0 0 0 29 0 0 0 0 0 0 22 0 0 14 0 0 18 0 7 1 22 22 0 0 24 0 13 0 0 7 0 18 0 0 0 0 0 9 0 0 0 0 0 0 0 19 0 0 10 0 0 0 0 0 14 0 0 0 0 0 8 18 0 0 4 0 0 0 6 0 0 0 0 0 3 0 0 0 13 0 19 0 1 15 16 0 0 0 0 0 20 0 0 23 0 14 0 13 0 11 0 10 0 11 11 0 0 10 0 9 0 22 13 0 0 0 0 0 11 0 0 0 10 0 11 0 0 0 11 1 0 0 0 0 13 13 0 0 6 0 0 0 0 0 0 0 0 1 0 0 0 0 0 0 1 15 0 0 1 10 0 4 2 63 0 0 9 0 0 0 0 2 0 0 0 0 0 0 0 0 0 0 0 0 2 0 
 0 0 0 40 0 0 4 0 0 0 0 0 0 0 0 0 0 0 0 0 0 0 0 86 65 88 3 0 0 108 40 67 0 0 2 66 70 36 0 0 118 112 40 47 75 40 288 189 98 529 28 20 0 141 70 31 86 43 267 83 0 0 0 0 0 0 0 0 0 2 1 0 0 0 0 0 1 0 1 0 0 0 0 0 0 0 0 0 0 0 0 0 0 0 0 0 0 0 0 0 0 0 0 7 0 4 0 0 2 0 0 3 5 0 0 0 0 11 0 0 17 35 0 0 0 0 34 14 17 21 0 0 9 7 31 16 41 15 72 11 0 0 8 0 0 0 0 0 0 0 0 9 16 0 0 0 0 10 0 0 0 0 0 3 0 0 0 0 0 0 0 0 0 0 0 0 0 0 0 0 0 0 1 3 1 16 0 0 0 19 24 12 0 0 0 0 6 11 0 0 42 24 0 0 0 0 11 35 0 35 31 0 27 27 7 14 0 0 14 12 0 0 0 0 0 0 0 0 0 0 0 0 0 0 0 0 0 14 0 0 0 0 0 0 0 0 0 0 0 0 0 0 0 0 0 0 0 62 10 0 0 0 0 0 0 2 0 0 0 0 0 0 0 0 0 0 0 0 0 0 0 0 0 0 0 0 0 0 2 0 
 2 2 0 0 58 0 0 0 0 0 2 0 0 0 3 0 6 0 0 0 0 2 0 62 54 6 0 0 0 0 0 0 0 0 0 0 0 0 0 1 39 155 57 64 138 250 44 146 81 61 49 101 141 0 438 222 19 153 267 232 0 0 0 0 5 0 0 0 28 3 0 0 0 2 0 0 0 0 0 3 0 0 0 0 0 0 0 0 0 0 0 0 0 0 0 0 0 0 0 0 0 0 0 0 0 0 0 0 0 0 0 0 0 0 0 0 0 0 0 0 0 8 19 13 3 9 22 4 0 16 18 38 0 19 19 71 53 0 0 14 0 0 2 0 0 0 0 7 0 0 0 0 6 0 11 0 0 5 0 22 0 0 0 0 9 1 0 4 0 0 0 0 0 0 0 4 0 0 0 0 0 0 0 0 0 0 2 0 0 0 0 0 0 0 0 0 0 0 0 0 12 7 34 25 26 5 1 50 30 0 0 27 0 0 0 38 49 0 14 16 0 0 0 0 0 0 4 0 3 0 0 0 21 1 0 6 0 0 5 3 0 0 0 0 0 0 0 0 0 0 0 2 0 2 0 0 0 63 0 3 0 0 0 0 5 1 2 0 0 0 0 0 0 0 0 0 0 0 0 0 0 0 0 0 24 0 0 4 0 0 
 3 0 0 0 0 77 0 76 0 0 3 0 0 0 0 23 0 0 0 0 0 0 0 2 123 6 0 2 6 1 0 5 64 0 5 0 0 0 1 80 399 145 101 157 109 330 398 124 203 226 280 21 70 438 0 128 335 42 123 91 0 0 0 0 0 0 0 5 0 0 0 0 0 0 0 16 0 0 0 0 0 0 0 0 0 0 0 0 0 0 0 0 0 0 0 0 0 0 0 0 4 0 0 0 53 0 0 5 11 0 0 0 0 0 0 0 0 0 0 0 0 11 7 14 11 60 15 0 11 0 0 0 8 10 14 36 31 42 8 0 0 0 9 0 0 0 34 0 0 0 0 0 3 15 19 0 0 4 32 5 0 0 0 0 0 6 0 0 0 0 0 0 0 0 0 6 0 0 0 0 0 0 0 0 6 0 7 1 0 8 0 5 0 0 0 6 0 0 0 0 0 15 66 22 20 0 0 83 11 5 37 10 2 0 1 0 18 0 13 0 35 40 0 0 0 0 0 0 0 0 0 0 1 10 0 0 0 0 9 20 0 0 0 0 0 0 0 0 0 18 0 0 0 2 0 0 0 0 0 0 0 0 1 0 1 20 2 65 0 0 0 0 0 0 0 0 0 0 0 0 0 13 0 0 0 0 0 0 0 0 
 0 0 0 0 63 0 0 2 0 0 2 0 0 0 0 0 0 0 0 0 0 0 0 124 57 0 0 5 0 1 0 0 0 0 0 0 0 3 0 0 100 293 118 52 58 119 103 163 103 253 67 73 31 222 128 0 107 66 39 70 1 0 0 0 0 0 1 3 2 0 0 0 0 43 7 0 0 0 0 0 0 0 0 0 0 0 0 0 0 0 0 0 0 0 0 0 9 0 0 0 0 0 0 0 0 0 0 0 0 0 0 0 0 0 0 0 19 0 0 0 0 0 23 67 0 69 0 10 17 27 19 9 0 10 10 20 27 17 0 10 5 0 0 0 0 0 2 0 0 0 0 0 0 1 26 0 3 0 33 22 24 0 0 0 0 0 0 0 0 0 0 0 0 0 0 15 0 0 0 0 0 0 0 0 0 0 0 0 0 0 0 0 0 0 0 0 0 0 0 0 14 17 37 29 8 1 0 13 24 0 46 29 0 0 0 4 51 0 0 13 0 2 0 0 0 0 3 0 0 0 0 0 0 0 0 4 0 7 3 11 0 0 0 0 0 0 0 0 0 0 0 3 0 0 0 0 0 62 0 15 0 0 36 0 1 22 0 0 0 0 0 0 0 0 0 0 0 0 0 0 0 0 0 0 0 14 0 0 2 0 
 1 2 1 2 2 2 1 2 0 0 0 5 5 0 2 2 0 0 3 1 1 2 2 0 3 63 1 4 1 3 2 1 2 1 3 1 1 1 2 0 306 55 108 116 74 271 239 260 109 131 94 128 86 19 335 107 0 51 43 42 25 5 0 4 0 0 0 0 0 4 0 0 2 50 0 0 1 0 0 53 0 0 0 0 0 0 0 0 0 0 0 0 0 0 0 0 0 0 0 0 0 0 0 0 0 0 0 0 0 0 0 1 0 0 0 0 0 0 0 0 10 6 0 12 0 6 10 11 12 10 15 11 0 0 1 0 11 27 8 4 0 1 11 0 0 3 20 10 1 1 0 1 0 17 4 4 2 0 28 0 0 0 1 0 0 4 0 0 0 0 0 7 12 0 0 0 0 0 0 6 0 0 0 0 0 11 0 0 0 0 0 0 0 0 0 0 0 0 0 0 11 11 25 1 1 36 0 0 0 7 10 0 0 7 0 7 0 0 0 0 4 27 2 3 0 1 0 14 4 3 6 0 0 32 1 0 0 0 0 32 0 0 0 0 0 0 0 0 0 0 0 15 0 0 0 0 0 0 0 0 0 0 4 1 1 1 0 0 0 0 7 0 0 0 0 2 0 0 0 0 0 0 0 0 0 12 0 0 0 0 
 0 0 2 5 0 0 0 0 0 3 0 46 0 12 0 0 0 0 0 0 0 4 0 0 62 0 0 0 0 0 0 0 0 2 0 0 0 0 0 0 118 103 322 51 84 299 42 259 54 159 50 100 43 153 42 66 51 0 47 40 3 0 0 27 3 0 7 0 0 0 3 0 0 2 0 1 0 0 0 2 0 0 0 0 0 0 0 0 0 0 0 0 0 0 0 0 0 0 0 0 0 0 0 0 0 0 0 0 0 0 0 0 0 0 0 0 0 0 0 0 15 5 0 7 9 18 0 11 10 0 10 3 1 4 1 38 0 0 1 0 0 0 0 0 0 0 0 10 20 0 0 0 32 1 25 0 0 39 0 6 0 0 0 0 0 0 0 0 0 0 0 7 0 0 0 3 0 0 0 0 0 0 0 0 0 0 0 0 0 0 0 0 7 0 0 0 0 0 0 0 0 23 0 22 28 9 0 0 7 0 0 16 0 10 1 18 10 11 0 11 5 0 0 0 0 2 0 0 0 0 0 0 0 33 0 0 0 0 0 0 0 0 6 0 0 0 0 0 0 0 0 2 0 1 0 0 0 0 0 9 0 1 0 2 70 16 0 63 0 0 0 0 0 0 0 0 0 0 0 0 0 2 0 0 16 0 0 32 2 0 
 7 8 2 2 7 3 2 9 3 15 10 2 2 4 6 6 5 7 3 2 3 2 2 5 63 166 2 2 2 64 2 2 2 0 5 61 56 64 2 2 334 126 257 319 111 275 118 73 311 360 41 22 267 267 123 39 43 47 0 285 0 0 3 0 17 0 0 0 2 0 0 0 0 0 0 0 0 0 0 0 0 3 38 0 3 0 0 0 0 0 3 3 0 0 7 4 20 0 0 0 0 0 0 0 0 0 0 0 0 0 0 11 0 0 0 0 0 0 0 0 18 40 0 0 0 0 41 13 12 24 18 0 31 15 10 11 24 11 34 1 0 0 6 0 0 0 0 0 0 0 0 0 15 0 0 0 0 25 0 3 0 0 11 4 11 1 0 18 0 0 0 0 0 0 0 1 0 4 0 0 0 16 0 23 0 10 0 21 0 11 0 7 0 0 0 0 0 29 0 0 23 28 0 0 0 0 0 10 3 11 18 18 0 11 10 8 21 0 7 24 0 0 0 0 0 0 0 0 0 0 0 0 0 0 0 0 0 0 0 0 0 0 0 0 0 0 1 0 0 0 0 0 0 2 0 0 0 1 0 10 0 0 0 0 2 0 0 0 2 0 0 9 0 0 0 0 0 0 0 0 0 0 0 0 0 0 0 0 0 0 
 0 3 0 0 0 0 0 0 0 0 0 0 0 0 1 0 0 0 0 0 0 61 18 60 63 23 1 6 0 28 1 16 0 0 2 65 65 38 0 0 61 182 56 69 49 77 582 124 66 88 68 29 83 232 91 70 42 40 285 0 1 1 43 0 0 0 3 5 2 0 0 0 0 7 18 0 3 1 0 2 0 0 0 0 0 0 0 0 0 0 0 0 0 0 0 0 0 0 15 0 0 0 10 0 40 0 0 0 1 0 7 1 0 0 0 0 9 0 3 0 0 7 0 0 0 11 19 1 0 0 13 5 19 0 20 21 22 0 21 11 5 3 19 0 0 0 0 0 3 0 0 3 5 0 0 0 0 19 6 1 0 0 0 0 5 0 0 3 0 0 0 0 0 0 0 0 0 0 0 1 0 0 7 6 7 0 0 0 0 35 1 10 0 0 0 0 0 11 0 0 22 0 0 0 1 0 10 19 1 0 11 13 10 0 14 0 37 0 13 27 52 0 0 11 0 0 0 0 0 0 0 0 0 4 0 0 16 6 0 0 0 0 0 0 0 0 0 0 0 0 0 2 0 0 0 0 0 64 0 11 0 0 0 0 1 2 4 0 0 0 0 0 0 0 0 0 0 0 0 0 0 0 0 0 0 0 0 0 2 0 
 0 0 0 0 0 0 0 0 0 0 0 0 0 0 0 2 0 0 0 0 0 0 0 42 0 0 0 0 0 0 0 0 0 2 0 3 0 1 0 0 0 4 0 1 12 1 0 1 2 2 0 72 0 0 0 1 25 3 0 1 0 153 63 147 69 63 61 119 47 57 136 38 350 297 567 94 53 86 55 153 0 0 40 0 0 0 0 0 0 0 0 0 0 0 0 0 0 0 0 0 0 0 0 0 0 0 0 0 0 28 0 0 0 0 8 0 0 0 0 0 0 0 0 0 0 0 0 0 0 0 14 0 0 0 0 0 0 0 0 0 13 7 0 0 3 7 9 8 8 23 0 9 6 43 5 9 13 1 4 10 0 0 3 0 0 0 0 0 0 0 0 0 0 0 0 0 0 0 0 0 0 0 2 0 0 0 0 0 0 3 0 0 0 0 0 0 0 0 0 0 0 0 0 1 0 16 0 0 0 0 0 0 0 0 0 0 0 0 0 0 7 11 31 22 9 0 11 27 9 8 6 8 0 0 6 0 8 0 0 16 0 0 0 0 0 0 0 0 0 0 0 0 0 0 5 0 0 0 0 0 0 0 14 0 0 0 0 0 0 0 16 0 1 0 1 26 0 0 0 0 0 0 0 0 0 0 0 0 0 0 
