 0 90 191 132 40 29 170 161 158 61 125 55 46 348 199 203 254 414 42 71 0 1 2 0 1 0 0 0 1 0 0 0 104 103 1 3 0 4 74 0 27 2 3 2 0 0 0 0 0 0 0 2 0 0 0 1 3 0 3 0 0 0 0 9 3 0 0 0 2 0 0 0 0 0 3 0 8 0 0 0 14 18 24 8 11 56 42 0 4 0 27 0 6 23 39 4 58 0 28 36 0 0 2 0 2 0 36 0 0 0 0 0 19 0 0 0 0 0 22 0 0 0 0 0 0 0 2 0 0 0 0 0 0 0 0 0 0 0 0 0 0 0 18 0 0 5 0 0 0 0 0 0 2 49 19 0 0 0 0 0 16 16 0 11 1 1 42 21 32 47 0 0 10 49 36 42 16 12 35 12 0 0 0 0 0 0 0 0 0 0 0 0 0 0 0 0 0 0 25 0 2 0 16 0 0 0 0 10 0 0 0 0 0 0 0 0 0 0 0 2 0 0 0 2 0 0 0 0 0 0 0 0 0 0 0 0 0 0 0 0 0 1 0 0 0 2 2 0 2 50 15 2 0 0 0 0 2 0 0 0 0 0 1 0 0 0 0 0 0 0 0 0 0 0 43 0 0 0 0 0 0 0 0 0 0 0 0 0 0 0 
 90 0 313 75 48 51 127 530 382 257 211 127 111 139 151 66 84 341 338 257 0 1 2 0 0 73 0 0 2 0 0 0 5 3 0 3 0 3 0 0 2 2 63 7 0 0 0 0 0 0 0 2 0 0 0 0 3 0 3 0 0 0 0 2 3 0 60 0 2 0 0 0 0 0 3 0 0 0 0 0 0 17 1 25 10 2 10 24 46 17 0 25 0 23 27 43 9 12 0 7 2 0 0 2 0 0 2 0 0 0 13 2 0 0 1 0 0 0 1 9 0 0 0 0 0 0 0 0 0 0 0 1 0 0 0 0 0 0 0 0 0 0 0 0 0 0 0 0 0 0 0 0 0 0 0 0 0 0 0 0 15 22 30 0 8 17 0 12 21 25 14 14 0 8 0 1 18 41 0 0 23 0 0 0 0 0 19 0 0 0 0 0 0 0 1 0 0 0 10 23 0 0 0 0 2 0 0 0 0 2 0 0 0 0 0 0 0 0 0 0 0 0 0 0 0 0 9 0 0 0 0 0 0 0 0 0 0 0 0 0 0 13 0 0 2 1 6 0 37 4 0 13 0 2 1 0 0 0 0 0 0 7 8 0 0 0 0 0 0 0 0 0 0 0 0 0 15 0 0 0 0 0 0 0 0 0 0 0 0 0 
 191 313 0 298 44 24 179 309 143 77 122 105 82 139 67 137 58 165 38 45 0 75 2 1 0 1 0 1 0 1 0 0 3 3 0 3 0 3 0 0 2 2 3 2 0 0 2 0 0 0 0 2 0 0 0 0 3 0 3 0 0 0 0 2 3 51 0 0 2 0 0 0 0 0 3 0 0 0 0 0 0 0 39 11 11 0 14 33 51 28 19 0 0 0 6 0 26 0 14 0 0 0 0 0 0 0 0 0 0 0 0 0 0 0 0 0 0 0 14 0 0 0 0 0 0 0 0 0 0 0 23 0 0 19 0 0 0 0 0 0 0 0 0 0 0 2 0 1 0 0 0 2 0 0 0 0 0 0 0 2 15 0 27 9 0 23 63 14 0 57 9 23 0 0 0 22 9 14 0 0 0 0 0 0 0 0 0 0 0 0 0 0 0 0 10 0 0 0 3 0 8 0 0 0 11 0 0 0 7 0 22 0 0 0 0 0 0 0 0 0 0 0 0 0 0 1 0 0 0 0 0 0 0 0 2 0 0 0 0 0 0 0 0 0 0 0 89 0 0 88 0 7 0 0 0 0 0 0 0 0 0 0 0 0 0 0 0 0 0 0 0 0 0 0 0 0 0 0 0 0 0 0 0 0 0 0 0 0 0 0 
 132 75 298 0 208 115 128 64 184 186 102 162 76 72 170 50 38 121 76 71 0 75 5 17 0 0 21 111 0 1 0 1 86 3 0 3 1 3 0 3 2 2 5 1 0 0 0 0 0 0 0 2 0 2 3 0 3 2 3 0 0 0 0 3 3 0 0 0 2 0 0 0 0 35 3 2 2 0 0 0 0 0 0 0 48 0 0 0 0 20 8 14 0 10 0 37 1 1 0 0 9 25 0 0 0 0 24 19 0 16 1 0 0 0 9 15 25 2 1 13 0 0 0 0 0 0 0 0 0 0 0 0 0 0 0 0 2 0 0 0 0 0 0 0 0 2 0 0 7 0 0 0 0 0 5 0 0 3 14 0 0 13 1 1 21 0 2 7 30 0 7 20 0 11 9 8 0 33 2 0 47 0 0 0 0 0 94 0 6 0 0 0 0 28 10 14 0 0 23 44 0 0 0 0 0 0 14 0 0 0 0 0 0 0 0 0 0 0 0 0 0 0 0 0 1 47 0 0 13 0 0 0 0 0 0 0 0 0 0 0 0 42 0 0 0 2 3 1 54 0 0 10 0 0 0 0 0 0 0 0 0 0 0 0 0 0 0 0 0 0 0 0 0 0 0 0 28 10 0 0 0 0 0 0 0 0 0 0 0 31 
 40 48 44 208 0 159 58 96 63 307 189 93 87 41 116 150 149 36 65 298 26 1 2 0 72 0 88 73 0 0 0 0 6 81 75 3 0 3 157 40 2 2 3 2 0 0 0 0 0 0 0 2 0 0 0 0 3 0 3 0 0 0 0 2 3 0 0 0 6 0 0 0 0 0 3 0 0 0 0 0 0 25 0 25 0 35 0 0 2 0 11 27 0 0 0 36 14 46 0 0 21 32 2 0 2 0 36 58 0 0 0 0 41 0 0 0 0 18 19 23 0 0 2 0 0 0 1 0 0 0 0 0 0 0 0 0 0 0 0 0 1 0 0 0 0 0 0 0 0 0 0 0 2 0 13 14 0 3 0 0 0 0 11 8 0 0 1 27 0 2 6 50 0 0 12 0 11 16 0 0 31 2 3 0 0 0 47 18 0 0 0 0 0 1 58 17 0 1 31 61 2 0 0 0 0 0 0 0 0 0 0 0 0 0 0 0 0 0 0 2 0 0 0 2 0 0 0 0 0 0 0 0 0 0 0 1 0 0 0 0 0 0 0 0 0 1 0 2 5 1 0 13 0 0 0 0 0 0 0 0 0 0 0 0 0 0 0 0 0 1 0 0 0 0 0 0 1 10 0 0 0 0 0 0 0 0 0 0 0 0 
 29 51 24 115 159 0 55 251 46 190 503 293 52 154 58 142 180 465 44 263 143 1 2 2 0 0 174 0 0 0 0 0 105 3 1 4 0 3 0 197 2 2 3 2 0 0 0 0 0 0 0 2 0 0 0 0 3 0 3 44 0 0 0 2 3 0 0 0 2 0 44 0 0 55 3 0 0 0 0 0 10 0 0 27 32 24 0 0 18 19 15 24 0 0 0 0 19 81 0 10 0 1 2 5 2 0 21 0 9 0 0 0 0 0 9 10 0 0 35 28 0 1 2 0 0 0 0 0 0 0 0 0 0 0 0 0 0 0 0 0 1 0 0 0 0 0 0 0 0 0 0 0 2 0 0 0 0 0 0 0 0 0 39 18 49 13 1 1 48 13 30 0 0 0 0 16 0 17 0 0 63 0 0 0 0 0 46 37 0 0 0 0 13 2 0 0 0 17 40 15 2 0 0 0 0 0 0 0 0 0 0 0 0 0 0 0 0 0 0 2 0 0 0 1 0 0 0 0 0 0 0 0 0 0 0 1 0 0 0 0 0 0 10 0 0 5 2 0 8 1 1 5 2 0 0 0 0 0 0 0 0 0 0 0 0 0 0 0 0 2 0 0 0 0 0 2 10 1 0 0 0 0 0 0 0 0 0 31 0 0 
 170 127 179 128 58 55 0 166 204 41 106 112 100 115 128 102 55 136 159 280 0 3 2 0 0 2 0 0 0 0 0 1 4 3 2 3 0 3 0 0 2 2 3 0 0 0 0 0 0 0 0 3 0 0 0 1 3 0 67 0 0 0 0 3 3 0 0 0 2 0 0 0 0 0 3 0 0 0 0 0 12 25 0 21 0 7 1 10 21 11 0 0 11 35 0 1 13 10 0 17 0 0 0 0 2 0 0 0 0 0 0 0 0 0 0 0 0 0 0 0 0 0 0 0 0 0 2 0 0 0 0 0 0 0 0 0 0 0 0 8 0 0 0 0 0 0 0 0 0 0 0 1 0 0 0 0 0 0 0 0 0 16 14 0 1 19 0 0 0 28 15 19 0 9 2 20 8 48 0 0 0 0 0 0 0 0 0 0 0 0 0 0 0 0 0 0 0 0 0 0 2 0 0 0 0 0 0 0 0 0 0 0 0 0 0 0 0 0 0 2 0 0 0 2 0 0 0 0 0 0 0 0 0 0 0 0 0 0 0 0 0 17 0 0 0 0 4 0 1 59 17 22 0 0 0 0 0 0 0 0 0 0 1 0 0 0 0 0 0 1 0 0 0 0 0 0 0 0 0 0 0 0 0 0 0 0 0 0 0 0 
 161 530 309 64 96 251 166 0 331 28 329 34 132 95 209 92 211 538 162 441 0 1 274 0 0 0 0 0 0 0 0 0 5 12 0 3 0 3 0 1 2 2 3 10 0 0 0 0 0 0 0 4 0 2 0 0 3 0 3 0 0 0 2 2 3 0 0 0 2 0 0 0 0 0 3 0 0 4 3 0 18 33 36 15 25 29 20 1 32 18 18 0 0 11 23 33 65 0 28 10 1 0 0 0 0 2 24 0 0 0 0 1 0 0 0 0 0 2 26 0 0 0 0 0 0 0 0 0 0 0 0 2 0 0 0 0 0 0 0 0 0 0 10 0 0 5 0 0 0 0 0 2 0 0 0 0 0 0 1 0 16 0 12 29 6 24 27 21 0 41 1 39 0 29 18 53 10 8 16 17 0 0 0 0 0 0 0 0 0 0 0 0 0 0 2 0 0 0 0 0 0 0 0 0 1 0 0 0 17 1 0 0 0 0 0 0 0 0 0 0 2 0 0 0 0 0 0 0 0 0 0 0 0 0 0 0 0 0 0 0 0 0 0 0 1 0 91 1 0 92 0 10 0 1 0 0 0 0 0 0 0 0 6 0 0 0 0 0 0 0 0 0 0 0 0 0 0 0 0 0 0 0 0 0 0 0 0 0 0 0 
 158 382 143 184 63 46 204 331 0 65 312 24 104 199 218 202 294 128 102 272 0 1 4 0 0 0 0 0 0 0 0 0 4 3 0 3 0 3 73 0 2 2 3 5 0 0 0 0 0 0 0 3 0 0 0 0 3 0 3 0 0 0 0 3 3 0 0 0 2 0 0 0 0 0 3 0 0 0 0 0 52 26 61 45 10 3 38 0 8 0 19 0 6 33 12 57 32 0 28 11 0 0 0 0 0 0 33 0 0 0 0 0 14 0 0 0 0 0 14 0 2 2 0 0 0 0 0 0 0 0 0 0 0 0 1 0 0 0 17 0 0 0 3 0 0 4 0 0 0 2 0 0 0 1 0 0 0 0 0 0 22 13 6 10 7 2 21 39 0 35 0 11 0 68 17 73 1 11 20 11 0 0 0 0 0 0 0 0 0 0 0 17 0 0 0 0 0 0 22 0 0 0 0 0 0 0 0 0 0 0 0 0 0 0 0 0 0 0 0 0 0 0 0 0 0 0 0 0 0 0 0 0 0 0 0 0 2 0 0 0 0 35 0 0 0 3 93 0 2 27 23 15 0 0 0 0 0 0 0 0 0 0 7 0 0 0 2 0 0 1 0 0 0 0 0 0 0 0 0 0 0 0 0 0 0 0 0 0 0 0 
 61 257 77 186 307 190 41 28 65 0 66 153 65 460 109 66 459 79 76 304 77 4 2 0 0 0 161 83 0 0 0 0 79 3 0 3 0 3 1 74 2 2 3 2 0 0 0 0 0 0 0 2 0 8 0 0 3 0 3 0 0 0 0 8 3 0 0 0 2 0 0 0 0 0 3 0 8 1 0 0 0 0 0 14 16 10 4 0 0 14 19 0 0 0 16 4 0 48 0 24 0 0 0 5 0 0 0 0 0 0 0 0 0 0 9 22 0 0 4 2 0 0 0 0 2 0 0 6 0 0 0 0 0 0 0 0 0 0 0 0 0 0 0 0 0 0 0 0 0 0 0 0 0 0 0 0 0 0 0 0 0 0 15 0 77 0 0 0 58 16 0 5 10 17 4 0 28 0 0 7 52 0 0 0 0 0 19 22 0 0 0 0 40 0 0 0 0 17 30 1 0 0 0 0 0 0 0 0 0 0 0 0 0 0 0 0 0 0 0 0 0 0 0 0 0 0 0 0 0 0 0 0 0 0 0 0 0 0 0 0 0 0 0 0 0 6 2 0 2 1 0 6 0 0 0 0 0 0 0 0 0 0 0 0 0 0 0 0 0 0 0 0 0 0 0 0 20 0 0 0 0 0 0 0 0 0 0 0 0 0 
 125 211 122 102 189 503 106 329 312 66 0 270 28 198 81 226 177 316 32 397 0 208 5 0 3 0 61 76 0 0 0 0 5 8 2 4 0 3 0 0 2 2 3 8 0 0 0 25 0 0 0 2 0 0 2 2 3 0 3 0 0 0 0 4 3 2 0 0 6 0 0 0 0 0 3 0 4 2 0 0 0 34 15 2 13 42 0 0 11 13 14 15 0 21 0 41 15 15 0 0 0 20 0 0 0 0 22 27 0 0 0 0 0 0 0 0 0 1 0 7 2 0 0 0 0 0 0 0 0 0 0 20 2 0 0 0 0 0 0 0 0 0 0 1 0 0 0 0 0 2 0 0 0 1 12 0 0 4 0 0 1 0 19 10 6 0 0 27 0 23 0 60 0 0 12 0 40 15 0 0 15 0 0 0 0 0 4 0 0 0 0 0 0 0 10 1 0 0 1 9 0 0 0 4 0 0 22 0 9 0 0 0 0 0 0 0 0 0 0 0 0 0 0 0 0 0 0 0 0 0 0 0 0 39 0 0 2 0 0 0 0 0 0 0 0 0 94 0 3 176 0 11 0 0 0 0 0 0 0 0 0 0 6 0 0 0 0 0 0 0 0 0 0 0 0 0 0 19 0 0 0 0 0 0 0 0 0 0 0 0 
 55 127 105 162 93 293 112 34 24 153 270 0 27 41 39 183 74 241 27 43 76 1 2 0 0 209 3 26 0 3 0 1 50 80 0 3 0 3 2 25 2 5 3 4 4 0 4 0 0 0 0 2 0 0 0 0 3 0 4 0 6 0 0 3 3 0 0 4 2 2 4 4 0 0 3 0 0 3 0 0 0 10 26 2 9 26 0 14 18 24 27 31 0 0 0 17 0 44 0 5 0 0 0 0 0 0 1 0 0 0 0 0 0 2 9 0 40 0 19 26 0 0 0 0 0 0 0 0 2 0 0 0 0 0 0 0 0 0 0 0 0 1 0 0 0 0 0 0 0 0 0 0 0 0 0 0 0 0 0 0 1 0 39 17 26 33 1 8 22 17 23 23 0 0 10 18 32 36 2 0 11 0 0 0 0 0 22 0 0 0 0 0 16 17 1 0 0 0 11 0 0 0 0 0 0 0 0 0 13 0 0 0 0 0 0 0 0 0 0 0 0 0 0 0 0 0 0 0 0 0 0 0 0 0 0 0 0 0 0 0 0 0 0 0 0 4 86 0 3 2 0 1 10 4 0 0 0 0 0 0 0 2 0 0 0 0 0 0 0 0 0 0 0 0 0 10 0 0 0 0 0 0 0 0 0 0 0 0 0 0 
 46 111 82 76 87 52 100 132 104 65 28 27 0 179 248 32 49 32 217 55 203 1 4 0 1 2 3 0 0 2 2 2 7 4 2 5 203 6 0 78 2 2 3 0 3 0 3 0 2 63 0 3 0 0 0 7 3 0 6 6 0 0 1 7 3 0 57 0 2 2 0 5 0 5 3 4 0 0 2 3 1 25 17 0 2 0 18 10 14 0 0 10 2 8 48 20 0 1 23 0 0 0 0 2 0 0 0 0 0 0 0 0 0 11 0 0 0 0 0 0 0 0 0 0 0 0 0 0 0 0 0 0 0 1 0 0 0 0 0 0 6 0 0 1 0 0 0 0 0 0 0 0 0 0 0 0 0 0 0 10 9 0 0 0 0 0 10 15 10 0 0 0 0 1 11 0 0 1 13 14 0 0 0 0 0 0 0 2 0 0 0 0 0 0 0 0 0 0 0 0 0 0 0 0 0 0 0 0 0 0 0 1 0 0 0 0 0 0 0 0 0 0 0 0 0 0 0 2 0 0 12 0 0 0 0 0 0 0 0 0 0 0 0 0 0 2 0 2 1 0 0 14 0 0 0 0 2 0 0 0 0 0 2 0 2 0 0 0 0 0 0 1 0 0 0 0 0 0 0 0 0 0 0 0 0 0 0 0 0 0 
 348 139 139 72 41 154 115 95 199 460 198 41 179 0 162 87 264 212 206 274 0 2 0 1 0 2 0 0 0 0 0 0 2 0 0 0 0 0 152 1 1 0 0 0 0 5 0 0 0 0 0 1 0 0 0 2 0 0 0 0 0 0 0 60 0 3 0 0 0 0 2 0 2 1 0 2 66 0 0 0 8 4 13 55 9 17 37 14 0 19 54 0 0 24 34 16 28 4 14 16 0 11 0 0 0 0 14 0 0 0 0 0 18 0 0 2 1 0 2 0 0 0 0 0 0 0 0 0 0 0 0 0 0 0 0 0 0 1 0 0 0 0 0 0 2 0 1 0 0 0 0 0 0 0 0 0 9 0 0 0 1 1 10 0 0 55 21 15 44 26 2 8 0 30 36 33 24 45 24 17 0 0 0 0 0 0 0 0 0 2 0 2 0 0 0 0 0 0 14 0 0 0 0 0 0 0 0 0 0 0 0 0 0 0 0 0 0 0 0 0 0 0 0 0 0 0 0 0 0 0 0 0 0 1 0 0 0 0 0 0 0 0 0 0 0 2 88 0 0 9 0 14 0 38 0 0 0 0 0 0 2 0 0 0 0 0 0 0 0 0 0 0 0 0 0 0 0 0 0 0 0 0 0 0 0 2 0 0 0 0 
 199 151 67 170 116 58 128 209 218 109 81 39 248 162 0 272 46 133 70 109 0 0 4 0 0 0 0 0 0 0 0 0 5 3 0 3 3 3 2 0 2 2 3 2 0 0 0 0 0 0 0 2 0 0 0 4 3 0 3 0 0 0 51 5 3 0 0 0 2 0 0 32 0 0 3 0 2 0 0 0 0 24 39 0 0 10 35 0 15 0 0 14 0 22 24 31 14 16 18 14 0 0 0 0 0 0 0 0 0 0 0 0 0 0 0 2 2 0 14 7 1 0 0 0 10 2 0 1 0 0 1 0 0 0 0 0 0 0 0 0 0 0 3 0 2 5 0 0 0 0 0 0 0 0 0 0 0 0 0 0 22 18 7 18 1 0 37 32 27 0 1 9 10 28 25 44 12 19 19 0 0 0 0 0 0 0 0 0 0 2 0 2 0 0 0 8 0 0 0 0 0 0 0 0 0 0 0 0 0 0 0 0 0 0 0 0 1 0 0 0 0 0 0 0 0 0 0 0 0 0 0 0 0 1 0 14 0 0 0 0 0 16 0 0 0 0 4 0 3 3 0 3 0 0 0 0 0 0 0 0 0 0 1 0 0 0 0 0 0 0 0 0 0 0 0 0 0 0 0 0 0 0 0 0 0 2 0 0 0 0 
 203 66 137 50 150 142 102 92 202 66 226 183 32 87 272 0 144 428 47 73 0 0 2 0 1 0 0 0 1 0 0 0 5 3 0 3 0 3 75 35 2 2 3 1 0 0 0 0 0 0 0 2 0 0 0 1 3 0 3 0 0 0 0 2 3 0 0 0 2 0 0 0 0 0 3 0 0 0 0 0 0 52 12 0 11 16 12 0 14 14 37 14 0 19 9 4 40 27 26 0 0 0 0 0 0 0 23 0 0 0 0 0 20 0 7 0 0 0 22 17 0 0 0 0 0 0 0 0 0 0 0 0 0 0 0 1 0 0 0 0 0 0 5 0 0 7 0 0 1 0 0 0 0 0 2 0 0 0 0 0 31 12 15 24 14 0 24 47 1 14 27 21 0 24 17 35 15 9 0 0 7 0 0 0 0 0 0 0 0 0 0 0 0 14 0 0 19 1 30 0 0 0 0 0 0 0 0 1 0 0 0 0 0 0 0 0 0 0 2 0 0 0 0 0 0 16 0 0 0 0 0 0 0 0 0 0 0 0 0 0 0 17 0 0 0 0 2 0 2 44 0 11 9 0 0 0 0 0 0 0 0 0 0 0 0 0 1 0 0 0 0 0 0 0 0 9 0 0 0 0 0 0 0 0 0 0 0 0 0 0 
 254 84 58 38 149 180 55 211 294 459 177 74 49 264 46 144 0 59 413 195 0 1 2 0 0 0 0 2 2 0 0 0 29 3 0 3 0 3 63 22 2 2 3 17 0 0 0 0 0 0 0 2 0 0 0 0 3 0 3 0 0 0 0 4 5 0 0 0 2 0 0 0 0 0 3 1 6 22 0 0 17 0 7 18 1 34 40 0 43 13 46 0 2 10 22 35 52 1 18 35 0 0 0 2 0 0 18 20 0 0 0 0 16 0 0 0 0 0 9 9 0 0 0 0 0 0 0 0 0 0 0 0 0 0 0 0 0 0 0 0 0 0 0 0 0 0 0 0 0 0 0 0 0 0 0 0 0 0 0 0 1 0 23 1 57 0 9 19 29 43 0 26 16 33 27 36 14 0 17 18 0 0 0 0 0 0 0 2 0 0 0 0 39 0 0 0 0 0 19 0 0 0 0 0 0 0 0 0 0 0 0 1 4 0 0 0 0 0 22 0 22 0 0 0 0 0 0 2 0 0 0 0 0 0 0 0 0 0 0 0 0 15 0 0 0 1 47 1 0 86 0 11 0 0 0 0 0 0 0 0 0 0 5 0 0 0 0 0 0 0 0 0 0 0 0 0 0 0 0 0 0 0 0 0 0 0 0 0 0 0 
 414 341 165 121 36 465 136 538 128 79 316 241 32 212 133 428 59 0 226 328 94 3 2 0 0 0 72 90 0 0 0 0 4 3 2 3 0 3 0 109 2 2 3 2 0 0 0 0 0 0 0 2 0 0 0 0 3 0 3 0 0 0 13 2 3 0 0 1 2 0 0 0 0 0 3 0 0 5 0 0 0 0 0 27 15 20 0 9 18 15 38 13 0 0 1 0 4 39 0 34 20 31 0 9 0 0 14 0 0 0 0 1 0 0 19 0 0 0 26 0 0 2 0 0 0 0 0 0 0 0 0 0 0 0 0 0 0 0 0 0 0 0 1 0 0 0 0 0 0 1 0 0 0 1 0 0 0 0 0 0 0 0 29 0 8 8 0 8 15 5 36 0 0 0 0 0 6 16 0 0 34 0 0 0 0 0 39 41 0 0 0 0 0 12 0 0 0 11 26 21 0 0 0 0 0 0 0 0 0 7 0 0 0 0 0 0 0 0 0 0 0 0 0 0 0 0 0 0 0 0 0 0 0 0 0 0 2 0 0 0 0 0 0 0 0 0 61 0 2 100 3 6 4 0 0 0 0 0 1 0 0 0 0 0 0 0 0 0 0 2 0 0 0 0 0 4 1 0 0 0 0 0 0 0 0 0 0 0 0 0 
 42 338 38 76 65 44 159 162 102 76 32 27 217 206 70 47 413 226 0 205 61 0 2 0 0 0 0 0 0 0 0 0 4 3 2 3 0 3 0 2 2 2 3 1 4 0 0 0 0 0 0 2 0 0 0 0 3 0 3 0 0 0 0 2 3 0 0 0 2 0 0 0 0 0 3 0 0 0 0 0 50 1 10 0 0 0 14 0 0 15 16 0 37 11 2 0 12 0 0 22 0 0 0 0 0 0 2 0 0 2 0 0 0 0 1 0 0 0 0 0 0 0 0 0 0 0 0 0 0 0 0 0 0 0 0 2 0 0 0 0 0 0 2 3 0 0 0 0 2 0 0 0 0 0 2 0 0 0 0 0 22 2 0 1 0 0 10 0 0 0 25 0 22 14 0 0 0 2 0 11 0 0 0 2 0 0 0 0 0 0 0 0 0 0 0 0 0 2 0 0 0 0 0 0 0 0 0 1 0 0 0 0 0 0 0 0 0 0 2 0 0 0 0 0 0 0 0 0 0 0 0 0 0 0 0 0 0 1 0 0 0 0 0 0 0 1 3 0 0 0 0 5 0 0 0 0 0 0 0 0 0 0 0 0 0 0 2 0 0 0 0 0 0 0 11 0 0 0 0 0 0 0 0 0 0 0 0 0 0 0 
 71 257 45 71 298 263 280 441 272 304 397 43 55 274 109 73 195 328 205 0 1 201 2 0 0 0 0 0 0 0 0 0 4 3 0 4 0 3 2 0 2 2 3 7 0 0 0 0 0 0 0 12 0 2 0 0 3 0 3 0 0 34 0 2 3 0 0 0 2 0 0 0 0 0 3 0 3 0 0 1 27 16 25 35 2 0 37 20 18 41 10 0 0 11 15 15 27 2 12 11 0 0 0 0 0 0 0 2 0 0 0 0 0 6 0 0 0 0 16 0 0 15 14 0 0 0 11 0 0 2 0 0 0 0 0 0 0 0 0 14 0 0 6 0 0 0 0 0 0 0 0 0 0 0 0 0 0 0 0 0 32 0 16 0 16 7 26 16 0 30 27 0 0 23 3 12 27 29 0 1 0 0 0 0 0 0 0 0 0 0 0 0 0 0 0 0 0 0 0 0 0 0 0 0 0 0 0 0 0 0 0 0 0 0 0 0 0 0 0 0 0 0 0 0 0 0 0 1 0 0 0 0 2 0 0 0 0 0 0 0 0 15 0 0 0 2 99 3 3 89 0 15 0 0 0 0 0 0 0 0 0 0 27 0 0 0 0 0 0 0 0 0 0 0 0 0 0 0 0 0 0 0 0 0 0 0 0 0 0 0 
 0 0 0 0 26 143 0 0 0 77 0 76 203 0 0 0 0 94 61 1 0 136 435 73 74 45 85 137 55 123 28 42 222 169 140 138 62 231 120 170 0 0 0 5 0 1 0 0 1 0 0 0 0 0 0 2 0 1 2 2 0 3 0 0 0 2 0 3 4 0 0 0 2 0 0 0 0 0 0 6 0 0 0 9 1 0 0 0 0 2 10 23 0 0 0 0 0 14 0 0 0 0 0 7 45 0 12 25 1 9 22 0 34 10 59 0 30 16 7 22 0 0 0 0 0 0 0 0 0 0 0 0 0 0 0 0 0 1 0 0 2 0 0 0 0 0 0 0 0 0 0 0 0 0 0 0 0 0 0 0 0 0 0 0 16 11 0 0 1 0 6 2 0 0 0 0 0 0 0 0 11 12 17 0 8 0 55 42 0 13 10 0 8 13 14 17 7 33 41 15 0 0 0 0 0 0 0 0 0 0 0 0 0 0 0 0 0 0 0 0 0 0 0 0 0 0 0 0 0 0 0 0 0 0 0 0 0 0 0 0 0 0 0 0 0 0 0 0 0 0 0 0 0 0 4 0 0 2 0 2 3 0 0 0 0 0 0 0 0 0 0 0 0 0 0 0 0 0 0 0 0 0 0 0 0 0 0 0 0 0 
 1 1 75 75 1 1 3 1 1 4 208 1 1 2 0 0 1 3 0 201 136 0 121 71 32 336 168 208 148 192 41 256 57 364 147 283 139 187 133 24 0 0 0 3 0 0 0 0 0 0 0 0 0 0 0 2 0 0 3 0 5 3 0 0 0 9 1 0 0 0 0 0 3 0 52 0 0 1 4 2 0 0 0 0 0 0 0 0 0 0 0 0 0 0 0 0 0 0 0 0 21 20 10 1 25 0 17 11 40 26 0 12 0 11 23 0 17 16 18 0 0 0 0 0 0 0 0 0 0 0 0 0 14 0 0 1 0 0 0 3 0 17 0 0 0 0 0 0 0 0 0 0 0 0 0 0 4 0 0 0 0 0 0 0 0 0 2 0 3 0 1 3 2 0 5 0 0 0 0 1 0 13 28 10 7 0 0 24 29 38 10 7 23 14 16 0 20 33 0 0 0 0 0 0 2 0 1 0 9 0 0 0 0 0 0 0 0 0 0 17 0 0 0 0 0 8 0 0 0 1 0 0 0 0 0 0 0 0 0 0 0 0 0 0 0 0 0 0 0 0 0 0 0 0 9 0 0 154 0 0 4 0 0 0 0 0 12 0 0 0 0 0 0 0 0 0 0 0 0 0 0 22 0 0 0 0 0 0 0 0 
 2 2 2 5 2 2 2 274 4 2 5 2 4 0 4 2 2 2 2 2 435 121 0 231 64 66 63 187 343 213 465 172 130 263 145 149 56 183 114 120 55 0 1 7 0 3 0 2 0 0 0 0 0 0 33 5 207 0 211 0 0 3 0 4 0 2 0 0 4 0 0 5 0 0 0 0 0 0 5 5 0 0 0 0 0 0 0 0 0 0 0 0 2 0 0 0 0 0 0 0 9 0 0 29 34 36 0 14 1 16 21 13 11 9 9 20 19 14 0 0 0 0 0 1 1 0 19 1 17 0 0 0 20 15 0 0 47 0 0 2 0 12 0 0 0 0 0 0 0 0 0 0 0 0 0 0 3 0 0 2 0 3 2 0 0 0 0 0 0 0 0 0 0 0 0 0 0 0 0 0 0 20 26 11 10 0 1 0 0 37 11 1 14 10 10 11 13 12 0 11 12 10 10 0 2 0 64 12 0 0 0 0 0 0 12 0 0 0 21 0 0 0 0 0 0 0 0 0 0 0 2 0 0 0 0 0 0 0 0 0 0 0 0 0 0 0 0 0 0 0 0 0 0 0 14 0 2 1 0 2 5 3 0 0 0 0 0 0 0 0 0 0 0 0 0 0 0 0 0 0 0 35 0 0 0 18 0 0 0 0 
 0 0 1 17 0 2 0 0 0 0 0 0 0 1 0 0 0 0 0 0 73 71 231 0 336 27 83 270 289 264 201 56 72 114 276 51 44 53 77 48 0 63 0 3 0 0 0 0 0 0 0 0 151 0 3 2 0 0 27 0 0 3 0 0 0 2 0 0 0 0 13 0 0 0 0 7 0 6 0 0 0 0 0 0 0 0 0 0 0 0 0 0 0 1 0 0 0 1 0 0 0 0 39 24 10 53 0 0 13 0 44 32 0 0 0 36 11 0 0 0 20 4 2 14 0 0 36 0 13 0 0 1 14 61 25 0 16 0 3 43 0 0 0 0 0 0 0 0 0 0 0 0 0 0 0 0 0 0 1 0 0 0 0 0 0 12 0 0 0 0 0 0 0 0 6 0 0 0 0 0 0 54 26 11 9 46 0 0 41 7 16 0 0 0 0 0 15 14 0 0 17 0 33 0 0 0 24 14 0 0 0 0 66 10 23 0 0 0 56 10 0 0 0 1 0 1 0 0 0 0 0 0 0 2 0 0 7 0 0 0 0 0 0 0 0 0 0 0 0 0 0 0 0 0 15 0 4 0 85 0 0 0 0 0 0 0 13 0 0 0 0 0 0 0 0 0 0 0 0 0 0 10 0 0 0 0 3 0 0 0 
 1 0 0 0 72 0 0 0 0 0 3 0 1 0 0 1 0 0 0 0 74 32 64 336 0 80 128 68 375 215 384 150 95 87 87 132 129 328 56 62 6 62 0 3 0 0 35 0 34 3 0 0 64 0 96 2 5 70 84 0 0 49 2 0 0 2 0 0 2 0 0 0 0 0 0 0 2 0 2 0 0 0 0 0 0 0 0 0 0 0 0 0 9 0 0 0 0 0 0 0 0 0 20 0 0 10 0 2 0 0 19 18 0 9 0 0 12 13 0 15 21 9 0 16 0 0 15 8 0 0 0 0 0 12 0 0 25 19 10 1 1 0 0 0 0 0 2 0 0 0 0 0 0 0 0 0 0 0 0 0 0 0 0 0 0 0 0 0 0 0 0 0 1 0 1 0 0 0 0 0 0 0 40 7 24 31 0 0 0 10 9 13 0 0 0 16 8 0 0 0 16 0 32 0 0 0 14 12 18 11 0 0 14 69 23 1 0 0 32 0 0 0 0 0 0 0 12 0 0 0 0 0 0 0 0 0 0 2 0 0 0 0 0 0 0 0 0 0 0 0 0 0 0 1 9 0 0 43 78 0 5 1 0 0 0 0 0 0 0 0 0 0 0 0 0 0 0 0 0 0 0 12 0 0 0 0 0 0 0 0 
 0 73 1 0 0 0 2 0 0 0 0 209 2 2 0 0 0 0 0 0 45 336 66 27 80 0 29 40 287 48 161 72 48 51 62 126 75 54 246 31 62 42 67 93 0 0 0 0 0 56 0 0 73 54 0 2 19 63 64 126 4 3 0 0 0 4 0 0 0 0 1 0 0 0 0 1 0 6 0 0 0 0 0 0 1 0 0 0 0 2 0 0 0 0 0 0 0 0 0 0 0 0 3 0 20 24 0 0 19 15 0 37 0 2 0 23 0 0 0 0 11 19 14 19 9 16 15 17 24 0 19 3 26 2 14 0 0 13 6 41 0 0 0 0 1 0 0 0 0 0 0 0 0 0 0 0 0 0 0 0 0 0 0 5 0 0 1 0 0 10 0 0 0 0 0 0 7 0 0 0 0 0 0 11 13 55 0 0 17 0 0 13 0 0 0 0 0 9 0 0 0 20 11 11 0 0 13 30 0 34 20 19 45 11 0 28 5 18 10 19 0 0 0 0 0 0 0 0 0 0 0 0 0 0 0 0 1 0 0 0 0 0 0 0 0 0 0 0 0 0 0 0 0 0 5 0 0 1 0 26 1 13 0 0 0 5 9 0 0 0 0 0 0 0 0 0 0 0 0 0 0 0 0 0 0 0 0 0 0 12 
 0 0 0 21 88 174 0 0 0 161 61 3 3 0 0 0 0 72 0 0 85 168 63 83 128 29 0 93 43 254 31 36 508 210 33 140 48 238 76 257 2 1 0 5 0 0 29 0 0 0 0 0 0 0 0 2 0 5 17 0 0 6 0 0 0 20 2 0 2 0 0 0 0 0 0 2 0 48 0 0 0 0 0 7 10 15 0 0 0 14 0 26 0 0 0 6 0 8 0 0 0 16 0 8 32 0 9 23 0 25 3 18 2 15 8 12 0 0 13 41 2 0 0 0 0 2 0 0 5 0 0 0 0 0 2 0 0 0 0 1 0 0 0 0 0 0 0 0 0 0 0 2 0 0 2 0 1 3 0 0 0 0 0 0 14 12 0 0 1 0 0 14 0 0 1 0 0 0 0 2 24 0 0 0 0 0 15 12 0 20 0 19 1 25 10 17 18 12 6 10 0 0 0 0 0 0 0 0 0 17 0 0 0 0 0 2 0 0 0 1 0 0 0 0 0 0 0 0 0 0 0 0 0 0 0 0 0 0 0 0 0 0 0 0 0 0 0 0 0 0 0 0 0 1 5 0 1 8 1 0 35 0 0 0 0 0 0 0 0 0 0 0 0 0 0 0 12 7 0 12 0 0 0 0 0 0 0 0 0 0 
 0 0 1 111 73 0 0 0 0 83 76 26 0 0 0 0 2 90 0 0 137 208 187 270 68 40 93 0 171 121 123 106 143 264 172 127 185 331 63 29 0 0 0 4 0 0 0 0 0 0 0 0 0 0 0 3 0 0 2 0 0 3 0 0 0 2 0 0 0 0 0 0 0 0 0 0 0 2 0 0 0 0 18 0 0 0 0 0 0 0 9 16 0 0 0 0 0 0 0 0 40 12 22 0 13 0 0 16 19 0 0 7 11 21 12 9 56 24 0 0 0 0 0 0 0 0 0 0 0 0 0 0 0 0 0 0 0 0 1 12 0 0 0 0 0 0 0 0 0 0 0 0 0 0 0 0 3 0 0 0 0 0 0 0 13 0 0 0 0 0 0 0 0 0 0 0 0 0 0 0 10 18 12 0 0 0 13 0 0 28 17 7 19 12 0 24 39 15 21 18 0 0 0 0 0 0 0 0 0 0 0 2 31 0 0 0 0 0 0 1 0 1 0 0 0 0 12 0 0 0 0 0 0 0 0 0 0 0 0 0 0 0 0 0 0 0 0 0 0 0 0 0 0 0 10 0 0 0 1 0 1 1 0 0 0 0 0 0 0 0 0 0 0 0 0 0 0 0 0 0 0 19 0 0 0 0 0 0 0 0 
 1 2 0 0 0 0 0 0 0 0 0 0 0 0 0 1 2 0 0 0 55 148 343 289 375 287 43 171 0 343 100 84 101 161 793 70 198 158 184 59 0 0 0 3 0 0 0 0 0 0 0 0 69 1 0 2 0 6 68 0 2 3 0 0 0 2 0 0 0 0 14 0 0 0 0 10 0 4 0 0 0 0 0 0 0 0 0 0 0 0 0 0 0 0 0 0 20 0 0 0 33 18 34 42 20 13 14 2 67 22 57 23 14 0 0 31 10 0 19 0 0 0 0 0 0 0 20 0 0 0 0 0 0 18 54 0 0 0 0 53 0 0 0 0 0 0 0 0 0 0 0 0 0 0 14 0 0 0 0 0 0 0 0 14 0 0 0 0 0 0 0 0 1 0 0 0 0 0 0 0 0 29 44 32 4 15 0 0 49 31 21 14 0 0 4 14 33 37 0 0 1 0 0 0 0 0 19 0 1 0 0 21 30 8 0 0 0 0 10 9 0 0 0 0 0 0 0 0 0 0 0 0 0 0 0 0 0 0 0 0 0 0 10 0 0 0 0 0 0 0 0 0 0 0 4 0 0 1 7 0 2 0 0 0 0 0 22 0 0 0 0 0 0 0 0 0 0 0 0 14 0 21 0 0 0 0 9 0 0 0 
 0 0 1 1 0 0 0 0 0 0 0 3 2 0 0 0 0 0 0 0 123 192 213 264 215 48 254 121 343 0 192 200 267 281 221 85 139 616 221 56 1 0 0 3 0 0 64 0 0 0 0 2 44 63 1 63 0 4 25 0 0 3 1 1 0 2 0 0 0 0 23 0 0 0 0 14 0 0 0 0 0 0 1 0 0 0 0 0 0 0 0 0 0 0 0 0 0 0 0 0 10 0 40 13 13 10 0 2 21 26 56 20 16 24 23 48 32 0 0 0 0 0 0 0 0 0 35 0 0 0 0 0 0 29 19 0 0 0 0 2 1 0 0 0 0 7 0 0 0 0 0 0 0 0 0 0 3 0 0 0 0 0 0 0 0 0 0 0 0 0 0 0 0 0 1 0 0 0 0 0 0 0 22 0 20 9 0 12 14 7 33 18 0 0 0 55 14 7 0 0 10 0 0 0 0 0 17 0 0 13 0 0 13 9 0 0 0 0 0 26 0 0 0 0 13 0 13 0 0 0 0 0 0 0 0 0 0 0 0 0 0 0 5 0 0 0 0 0 0 0 0 0 0 1 11 0 2 0 153 3 3 0 1 0 0 0 1 0 0 0 0 0 0 0 0 0 0 0 0 0 0 2 0 0 0 27 7 0 0 0 
 0 0 0 0 0 0 0 0 0 0 0 0 2 0 0 0 0 0 0 0 28 41 465 201 384 161 31 123 100 192 0 224 59 42 89 103 102 34 75 49 0 68 0 3 0 0 63 0 2 7 0 0 164 2 89 2 0 0 3 0 52 3 0 0 0 2 1 0 0 0 24 0 0 0 0 14 0 6 0 0 0 0 0 0 0 0 0 0 0 0 0 0 0 0 0 0 0 0 0 0 9 21 12 10 15 32 0 17 1 17 20 12 0 11 18 18 16 26 1 0 13 0 1 1 0 0 12 0 13 0 0 0 28 25 33 0 0 0 0 59 1 0 0 0 0 0 0 0 0 0 0 0 0 0 0 0 0 0 0 0 0 7 0 0 0 0 0 0 0 0 0 1 0 0 1 0 0 0 0 0 19 0 6 0 29 26 0 1 17 1 7 11 0 2 9 12 10 33 0 38 0 11 0 12 0 0 0 0 0 0 0 0 10 0 45 0 0 0 0 11 0 0 0 0 0 0 0 0 0 0 0 0 0 0 0 0 0 0 0 0 0 0 0 0 0 0 0 0 0 0 0 2 0 1 12 0 0 78 2 1 10 14 0 0 0 0 15 0 0 0 0 0 0 0 0 0 0 0 0 0 0 0 0 0 0 0 4 0 0 0 
 0 0 0 1 0 0 1 0 0 0 0 1 2 0 0 0 0 0 0 0 42 256 172 56 150 72 36 106 84 200 224 0 51 242 284 27 204 404 110 438 0 72 0 3 0 0 28 0 1 0 0 68 125 0 37 2 0 6 2 0 0 3 0 0 50 2 0 0 0 0 5 0 0 0 0 4 0 6 0 0 0 0 0 0 0 0 0 3 0 0 0 0 0 0 0 0 0 0 0 0 26 19 66 15 20 23 0 0 45 45 22 9 0 13 18 60 22 8 0 0 8 0 0 0 0 0 0 0 0 0 0 0 4 17 21 0 0 0 14 15 2 0 0 0 0 0 2 0 0 0 0 0 0 0 0 0 2 0 0 0 0 6 0 0 0 0 0 0 5 0 0 0 0 0 3 0 0 0 0 0 17 14 0 0 0 23 0 4 55 14 89 12 0 10 8 31 31 9 0 22 0 0 0 0 0 0 0 0 0 0 0 0 10 0 0 0 0 0 0 24 0 0 0 0 0 0 1 0 0 0 0 0 0 0 0 0 0 0 0 0 0 0 13 0 0 0 0 0 0 0 0 0 0 2 11 0 0 44 1 0 1 0 0 0 0 0 9 0 0 0 0 0 0 0 0 0 0 0 0 0 0 0 0 0 0 0 7 0 0 0 
 104 5 3 86 6 105 4 5 4 79 5 50 7 2 5 5 29 4 4 4 222 57 130 72 95 48 508 143 101 267 59 51 0 248 57 255 23 127 85 83 0 0 2 7 1 50 4 0 0 0 0 0 0 0 0 2 2 38 7 0 0 3 0 0 0 10 2 0 4 49 0 0 0 0 0 0 0 3 0 0 0 0 0 0 16 25 23 0 0 0 15 0 0 0 0 7 0 24 0 0 0 10 0 0 13 0 0 16 0 1 0 0 1 30 0 0 31 0 6 35 0 0 0 0 0 0 0 0 0 0 0 0 0 0 0 0 0 11 0 0 0 0 0 0 0 1 0 0 0 0 0 0 5 0 0 0 0 11 0 0 0 0 3 0 27 0 0 0 20 14 0 14 0 7 0 0 0 0 0 0 0 14 20 0 0 0 12 35 0 5 10 9 41 10 1 0 19 0 0 12 0 0 0 0 0 0 0 0 0 0 0 0 0 0 0 0 0 0 9 0 0 0 0 0 0 0 0 0 0 0 0 0 0 0 37 0 0 0 0 0 0 0 0 0 0 0 0 0 2 0 0 0 0 0 11 0 4 76 0 2 3 1 0 0 0 0 0 0 0 0 0 0 0 0 0 0 0 0 0 0 0 0 0 0 0 0 0 0 0 1 
 103 3 3 3 81 3 3 12 3 3 8 80 4 0 3 3 3 3 3 3 169 364 263 114 87 51 210 264 161 281 42 242 248 0 250 195 45 399 193 64 0 0 0 4 0 0 5 0 0 0 0 0 0 0 0 8 0 9 9 0 0 3 0 0 0 2 0 3 36 0 0 0 0 0 0 0 52 1 0 0 0 0 0 0 0 19 0 0 0 0 0 9 0 0 0 0 0 0 0 0 14 84 70 0 19 0 12 21 18 24 20 1 24 13 10 0 31 12 19 11 0 0 0 0 0 0 0 0 0 0 0 0 0 0 0 6 0 0 0 0 0 0 0 0 0 0 0 0 0 0 0 0 0 9 0 0 3 0 0 0 2 0 0 0 6 15 0 0 0 0 0 0 0 0 0 0 2 0 0 0 0 60 84 10 0 0 10 0 16 37 32 0 11 0 7 48 11 18 0 21 0 0 0 0 0 0 1 0 6 0 0 0 0 0 0 0 0 0 0 0 0 0 0 0 0 0 0 0 0 0 0 0 0 0 0 0 0 0 0 0 0 0 10 0 0 0 0 0 0 0 0 0 0 0 6 0 4 1 1 2 4 0 0 0 0 0 0 0 0 0 0 0 0 0 0 0 0 0 0 17 0 21 0 0 0 0 0 0 0 0 
 1 0 0 0 75 1 2 0 0 0 2 0 2 0 0 0 0 2 2 0 140 147 145 276 87 62 33 172 793 221 89 284 57 250 0 189 280 311 119 81 2 2 3 7 0 0 0 0 0 0 2 3 0 0 0 3 6 4 209 0 0 3 0 2 1 2 0 0 17 0 0 0 0 0 0 0 0 52 2 0 0 0 1 0 1 0 0 1 0 0 0 0 0 0 0 0 13 0 0 0 26 18 70 18 19 2 15 30 60 19 17 24 4 13 13 39 15 25 0 0 0 0 0 0 0 0 18 2 0 0 0 0 0 2 18 0 0 32 1 1 0 0 0 0 0 0 0 0 0 0 0 0 0 0 0 0 0 0 0 0 0 2 0 0 0 0 16 0 4 0 0 7 0 12 5 0 0 0 0 0 18 41 21 9 0 0 0 32 26 24 55 26 0 0 14 54 37 8 0 15 0 0 0 0 0 0 1 0 0 0 0 0 29 0 0 0 0 0 11 10 0 0 0 0 0 0 12 0 0 0 4 0 0 0 0 0 1 0 0 0 0 0 4 0 0 0 0 0 0 0 0 2 0 0 14 1 1 1 75 2 12 4 0 0 0 0 0 0 0 0 0 0 0 0 0 0 0 0 0 0 0 0 0 0 0 0 0 0 0 0 
 3 3 3 3 3 4 3 3 3 3 4 3 5 0 3 3 3 3 3 4 138 283 149 51 132 126 140 127 70 85 103 27 255 195 189 0 213 128 132 59 0 0 0 3 0 0 0 0 0 0 0 0 0 0 0 2 0 1 2 0 8 3 0 0 0 6 0 0 0 0 0 0 0 0 0 0 0 1 0 0 0 0 0 0 0 2 0 0 0 0 0 0 0 0 0 0 0 0 0 0 19 27 10 1 26 0 16 37 55 12 3 28 29 16 9 0 26 44 19 0 0 0 0 0 0 0 0 0 0 0 0 1 47 0 0 0 0 0 0 12 0 0 0 0 0 1 0 0 0 0 0 0 0 0 0 0 2 2 1 0 0 0 0 0 0 0 0 0 3 0 0 8 0 0 4 0 0 0 0 0 0 29 29 21 9 19 0 39 0 20 1 11 10 1 4 19 22 26 0 0 0 10 0 0 0 0 0 0 3 0 0 0 0 0 0 0 0 0 0 1 0 0 0 1 0 1 0 0 0 0 0 0 0 0 0 0 0 0 0 0 0 0 0 0 0 0 0 0 0 0 0 0 0 0 5 2 0 80 0 2 2 0 0 0 0 0 0 0 0 0 0 0 0 0 0 0 0 0 0 17 0 6 0 0 0 0 0 0 0 7 
 0 0 0 1 0 0 0 0 0 0 0 0 203 0 3 0 0 0 0 0 62 139 56 44 129 75 48 185 198 139 102 204 23 45 280 213 0 144 112 103 0 0 0 4 0 0 0 0 0 0 0 0 0 0 0 2 0 1 3 0 5 3 51 0 0 4 41 0 0 0 0 0 0 0 0 1 0 9 0 0 0 0 0 0 0 0 0 0 0 0 0 0 0 0 0 0 0 0 0 0 10 0 32 6 22 0 0 15 29 22 25 44 16 26 20 38 19 50 0 23 0 19 0 0 0 2 0 0 16 0 0 0 10 9 0 0 0 0 18 27 0 0 0 0 0 0 0 0 0 0 0 2 0 0 0 0 1 0 0 0 0 0 0 0 0 0 0 0 0 0 0 0 0 0 2 0 0 0 0 2 0 0 26 8 14 14 0 8 36 14 18 0 0 12 0 10 29 33 19 0 0 0 14 0 0 0 0 0 0 0 0 0 9 14 0 2 0 0 5 20 0 0 0 0 0 0 0 0 0 0 0 0 0 0 0 0 0 0 0 0 0 0 0 0 0 1 2 0 0 0 0 0 1 1 2 2 0 2 74 0 4 1 0 2 0 0 35 1 0 0 0 0 0 0 0 0 0 0 0 0 0 0 0 0 0 0 0 0 0 0 
 4 3 3 3 3 3 3 3 3 3 3 3 6 0 3 3 3 3 3 3 231 187 183 53 328 54 238 331 158 616 34 404 127 399 311 128 144 0 186 121 0 0 0 5 0 0 0 0 0 0 0 0 0 0 0 2 0 26 3 0 0 3 0 0 0 2 0 0 7 0 0 0 0 60 0 0 0 0 0 0 0 0 0 2 0 0 0 0 0 0 0 0 0 0 0 0 2 0 0 0 42 15 54 0 48 0 0 32 46 28 18 4 9 15 13 30 29 30 1 0 0 0 0 2 0 0 0 0 0 0 0 0 0 0 0 0 0 0 18 0 0 2 0 2 0 0 0 0 0 2 0 0 0 0 0 0 15 0 0 0 0 0 0 0 0 0 0 0 12 0 0 2 0 0 2 0 0 0 0 0 74 44 10 0 0 0 0 12 18 83 59 8 1 0 16 17 51 10 0 0 0 0 0 0 0 0 0 0 0 0 0 0 23 0 0 0 0 0 0 74 0 0 10 0 0 0 0 0 0 0 0 0 0 0 0 0 0 0 0 0 0 0 12 0 0 0 0 0 0 0 0 0 0 0 6 0 0 3 3 5 9 3 0 0 0 0 0 0 0 0 0 0 0 0 0 0 0 0 0 0 0 21 0 0 0 0 0 0 0 0 
 74 0 0 0 157 0 0 0 73 1 0 2 0 152 2 75 63 0 0 2 120 133 114 77 56 246 76 63 184 221 75 110 85 193 119 132 112 186 0 75 0 9 0 4 0 0 7 0 0 0 0 1 0 0 0 2 0 4 3 0 0 3 0 50 0 2 0 0 37 0 0 0 49 0 0 0 0 0 0 0 0 0 0 2 0 23 0 0 0 0 18 0 0 0 0 0 10 0 0 0 13 21 18 0 22 0 20 21 45 28 27 0 75 2 30 13 0 12 31 47 0 0 0 0 0 0 0 0 0 0 0 22 0 0 0 14 0 0 0 0 0 0 0 0 0 1 2 0 0 0 0 0 9 0 0 0 48 0 0 0 0 0 0 0 1 0 0 6 0 5 0 0 0 0 0 0 0 0 0 0 0 33 41 10 0 0 0 19 10 10 20 0 1 13 7 43 0 20 35 18 0 0 2 0 0 0 0 0 1 9 0 0 2 0 0 0 0 0 0 0 2 0 0 0 0 0 0 0 2 0 0 0 2 0 0 0 0 0 0 0 0 0 9 0 0 0 0 0 0 73 0 0 0 9 16 0 1 1 75 2 3 2 0 0 0 0 0 0 0 0 0 0 0 0 0 0 0 0 0 14 0 0 0 0 0 0 0 0 0 0 
 0 0 0 3 40 197 0 1 0 74 0 25 78 1 0 35 22 109 2 0 170 24 120 48 62 31 257 29 59 56 49 438 83 64 81 59 103 121 75 0 0 0 0 66 0 2 0 0 0 2 4 0 0 0 0 11 3 0 8 0 0 3 0 0 0 5 0 0 0 0 2 3 2 1 0 2 0 1 0 0 0 0 1 7 0 12 0 1 22 0 32 29 15 0 0 7 0 59 0 0 9 22 22 0 0 0 5 14 1 17 0 20 0 16 31 0 18 25 59 19 0 0 0 0 0 0 0 2 0 0 0 0 0 2 0 0 0 0 33 0 4 0 0 0 1 0 0 0 2 0 0 0 0 0 0 0 0 0 0 0 0 7 22 0 23 1 0 0 18 13 16 14 0 0 0 18 0 1 0 0 59 0 0 0 0 0 12 12 38 1 10 3 26 55 9 32 11 0 77 45 0 0 0 0 0 0 0 0 0 0 0 0 2 0 0 0 0 0 0 29 0 0 0 0 0 0 0 0 0 0 0 0 0 0 0 0 1 0 0 0 0 0 0 0 0 0 0 0 0 0 0 0 9 0 16 0 1 77 0 0 10 0 0 0 0 0 0 0 0 0 0 0 0 0 0 9 0 2 0 0 0 0 0 0 0 0 0 0 0 10 
 27 2 2 2 2 2 2 2 2 2 2 2 2 1 2 2 2 2 2 2 0 0 55 0 6 62 2 0 0 1 0 0 0 0 2 0 0 0 0 0 0 175 91 56 38 196 321 111 50 43 27 27 99 215 72 114 532 71 370 130 1 0 9 0 0 0 3 0 0 0 0 3 2 0 0 2 0 12 1 0 0 0 0 0 0 0 0 0 0 0 0 0 0 0 0 0 0 0 0 0 0 0 0 14 0 0 0 0 0 0 0 5 0 0 0 0 0 0 0 0 5 45 20 0 10 18 9 27 42 5 43 1 19 30 25 0 34 2 58 0 0 0 0 0 0 0 4 0 0 0 0 0 0 0 0 0 0 0 0 0 0 0 0 7 0 0 0 0 0 0 0 0 0 0 0 0 0 0 0 0 0 3 0 12 37 28 0 0 0 0 0 12 0 0 0 0 0 0 0 0 2 54 18 20 0 0 33 40 15 1 13 4 0 26 12 24 27 11 13 17 0 0 11 0 0 18 0 0 0 0 0 0 0 0 0 0 0 0 0 0 0 0 0 0 0 0 0 0 0 26 0 0 0 2 0 0 1 0 0 8 0 0 0 9 5 0 2 0 2 0 2 0 0 0 0 0 0 0 0 0 0 5 0 0 0 0 0 0 1 0 
 2 2 2 2 2 2 2 2 2 2 2 5 2 0 2 2 2 2 2 2 0 0 0 63 62 42 1 0 0 0 68 72 0 0 2 0 0 0 9 0 175 0 738 107 29 30 163 143 299 104 34 37 75 72 287 114 96 121 49 206 6 0 3 0 0 1 0 6 0 0 4 7 53 0 0 0 0 3 0 0 0 0 0 0 0 0 0 0 0 0 0 0 0 0 0 0 0 0 0 0 0 0 8 0 0 23 0 0 0 0 16 0 11 0 0 0 0 0 0 0 31 2 58 25 17 14 23 15 32 2 2 0 18 0 58 0 12 16 24 34 4 0 0 0 0 0 5 0 0 0 0 0 0 0 12 0 0 0 0 0 0 0 0 5 0 0 0 0 0 0 0 0 0 0 0 0 26 0 0 0 0 0 0 0 11 20 0 0 0 0 0 0 11 23 0 0 0 0 0 0 13 9 19 11 0 0 10 16 17 59 18 22 16 0 0 28 14 5 0 14 0 0 0 0 0 0 1 0 0 0 0 18 0 0 0 3 0 0 0 0 0 0 12 0 0 0 0 0 0 0 0 0 0 0 0 0 0 63 0 11 0 0 0 1 2 6 2 0 0 0 0 0 0 0 0 0 0 0 0 0 0 0 0 0 3 23 0 0 0 0 
 3 63 3 5 3 3 3 3 3 3 3 3 3 0 3 3 3 3 3 3 0 0 1 0 0 67 0 0 0 0 0 0 2 0 3 0 0 0 0 0 91 738 0 122 263 31 346 159 286 99 29 93 128 129 365 189 135 225 55 106 0 0 0 0 0 0 0 1 0 0 0 0 0 0 0 0 0 2 1 0 0 0 0 0 0 0 0 0 0 0 0 0 0 0 7 0 0 0 0 0 0 0 0 0 1 0 0 0 0 0 0 0 0 3 0 0 0 0 0 0 19 34 68 54 0 21 0 15 8 28 0 7 11 1 13 7 29 27 0 18 0 0 0 0 0 0 0 0 0 0 0 0 0 1 0 0 0 0 0 0 0 0 0 0 0 0 0 0 0 0 0 9 0 0 0 0 0 0 16 0 0 0 0 0 0 0 0 0 0 0 0 0 0 0 0 0 0 0 0 0 7 38 0 23 1 14 6 22 26 2 0 25 0 15 35 1 20 0 0 0 0 0 0 0 0 0 1 16 0 0 0 0 0 0 0 16 1 0 14 0 0 0 7 0 0 2 0 0 0 0 0 0 0 0 0 0 0 0 0 1 4 14 2 19 0 2 0 0 0 0 20 0 0 0 0 0 0 0 0 0 0 0 0 0 0 29 0 0 0 0 
 2 7 2 1 2 2 0 10 5 2 8 4 0 0 2 1 17 2 1 7 5 3 7 3 3 93 5 4 3 3 3 3 7 4 7 3 4 5 4 66 56 107 122 0 211 20 59 58 165 278 140 68 56 153 82 234 305 50 313 156 0 0 3 0 0 0 70 53 0 0 0 3 0 0 0 0 0 1 55 0 0 0 0 0 0 0 0 0 20 18 0 1 0 0 0 4 35 0 0 0 0 0 0 0 0 0 0 0 0 0 0 0 0 0 0 0 0 0 0 0 0 20 17 36 0 0 0 4 0 1 0 19 0 0 0 35 11 15 0 0 46 34 0 0 1 1 27 0 1 0 0 0 0 0 1 0 0 11 3 0 0 0 3 0 8 0 0 6 0 4 0 0 0 6 0 0 2 0 1 0 0 0 0 0 0 0 0 0 0 0 0 0 0 0 0 0 0 0 0 0 0 16 0 18 16 10 0 0 3 0 1 25 0 0 14 0 0 10 0 0 0 0 0 0 0 2 10 9 0 0 0 0 10 0 0 0 0 0 8 12 0 5 0 0 0 0 4 0 0 0 0 2 0 2 0 0 0 1 0 0 0 0 8 0 0 2 2 0 1 0 0 0 0 0 0 0 0 0 0 0 0 0 0 0 11 0 0 0 0 11 
 0 0 0 0 0 0 0 0 0 0 0 4 3 0 0 0 0 0 4 0 0 0 0 0 0 0 0 0 0 0 0 0 1 0 0 0 0 0 0 0 38 29 263 211 0 121 40 52 87 144 136 408 51 133 89 112 244 107 75 47 0 5 50 2 0 0 65 52 0 2 0 0 3 54 6 2 0 2 50 0 6 5 0 0 0 1 0 0 0 0 0 0 36 0 0 0 0 0 2 5 0 0 0 10 0 0 0 0 0 0 0 0 0 0 0 0 0 0 0 0 0 0 0 21 0 0 0 19 0 8 1 28 0 0 0 0 3 8 0 0 61 31 21 0 0 0 16 0 0 6 0 0 0 0 0 0 0 10 8 0 0 0 0 0 0 0 0 0 0 0 0 0 5 0 0 0 0 0 1 0 0 0 0 0 0 0 0 0 0 0 0 0 0 0 0 0 0 0 0 24 0 0 0 5 37 31 0 0 1 25 10 17 0 0 1 20 0 0 0 0 18 2 15 0 0 0 17 10 0 0 0 0 10 1 0 12 0 0 8 13 0 0 0 0 0 0 0 2 0 0 0 3 0 0 0 0 2 0 0 0 0 29 0 2 2 2 0 6 0 0 1 0 0 0 0 0 0 0 0 0 0 4 0 0 0 0 0 0 0 0 
 0 0 0 0 0 0 0 0 0 0 0 0 0 5 0 0 0 0 0 0 1 0 3 0 0 0 0 0 0 0 0 0 50 0 0 0 0 0 0 2 196 30 31 20 121 0 92 115 106 101 126 146 39 112 95 138 274 73 258 38 0 2 51 0 0 0 0 4 0 53 0 0 7 1 1 0 1 1 0 51 0 0 0 0 0 0 0 0 0 0 0 0 0 0 0 0 0 0 21 0 0 0 0 0 0 0 0 0 0 0 0 0 0 0 0 0 0 0 0 0 0 0 1 30 30 1 0 0 0 38 6 18 0 0 0 18 10 7 0 0 15 0 11 0 0 0 0 6 0 5 0 10 17 27 7 0 0 9 0 10 0 0 0 0 0 0 0 0 0 0 0 0 0 0 0 0 0 0 0 0 0 0 0 0 0 0 0 0 0 0 0 0 0 0 0 0 0 0 0 0 1 0 12 10 23 11 1 6 0 15 21 10 0 0 0 24 33 21 0 0 12 7 0 0 0 0 1 0 0 0 7 0 20 0 25 0 0 0 1 11 0 0 1 0 0 0 0 0 0 0 0 1 0 0 0 0 0 0 0 0 0 0 12 0 68 2 1 61 1 0 0 0 0 0 0 0 0 0 0 0 0 0 0 0 7 1 0 0 0 0 
 0 0 2 0 0 0 0 0 0 0 0 4 3 0 0 0 0 0 0 0 0 0 0 0 35 0 29 0 0 64 63 28 4 5 0 0 0 0 7 0 321 163 346 59 40 92 0 161 58 83 65 41 262 154 46 94 234 36 83 47 0 0 7 0 0 0 0 0 0 0 5 0 0 0 0 3 0 0 0 0 0 0 0 0 6 6 0 0 0 0 0 0 0 0 0 0 0 0 0 12 0 9 0 0 0 69 0 0 0 0 1 0 0 6 0 0 0 0 1 6 21 22 18 0 0 15 3 41 0 47 0 0 0 18 33 2 21 21 11 0 0 17 0 0 0 0 4 0 0 0 0 0 0 0 0 14 0 0 0 4 0 0 0 4 0 0 0 0 0 0 0 0 0 0 0 0 0 0 5 0 0 0 0 1 3 20 0 0 14 0 0 35 9 17 0 0 0 0 0 0 0 21 0 25 0 0 0 0 9 0 0 0 0 23 11 7 20 11 1 0 0 0 0 0 0 0 0 0 0 0 0 0 0 0 0 0 0 0 1 0 0 0 0 0 0 0 0 0 0 16 0 2 0 1 0 0 0 23 1 2 0 0 0 65 47 0 0 0 0 0 0 0 0 0 0 0 0 0 0 0 0 0 0 0 52 0 0 0 0 0 
 0 0 0 0 0 0 0 0 0 0 25 0 0 0 0 0 0 0 0 0 0 0 2 0 0 0 0 0 0 0 0 0 0 0 0 0 0 0 0 0 111 143 159 58 52 115 161 0 218 84 40 84 77 126 82 169 24 49 93 106 4 0 4 0 0 0 0 2 6 0 0 0 1 3 2 0 0 0 1 0 0 0 0 0 0 0 0 0 0 0 0 0 0 0 0 0 9 0 0 0 0 0 0 0 0 0 0 0 0 0 0 0 0 0 0 0 0 0 0 0 0 21 37 3 2 9 0 0 22 21 22 6 10 8 11 38 27 15 16 0 0 3 0 3 0 0 20 21 3 0 0 0 0 14 16 0 0 0 1 15 0 14 0 0 0 0 0 0 0 0 0 0 0 0 0 0 0 0 4 0 0 0 0 0 0 0 0 0 0 0 0 0 0 0 0 0 0 0 0 0 31 45 21 20 14 0 10 22 11 0 0 21 0 18 21 11 47 1 0 8 0 0 12 0 0 0 9 1 3 0 1 0 24 1 0 1 6 1 7 3 0 0 10 0 0 0 0 0 0 0 0 1 0 0 0 0 0 0 0 0 0 0 2 1 2 0 0 0 0 0 3 0 0 0 0 0 0 0 0 0 0 0 0 0 13 27 0 0 0 0 
 0 0 0 0 0 0 0 0 0 0 0 0 2 0 0 0 0 0 0 0 1 0 0 0 34 0 0 0 0 0 2 1 0 0 0 0 0 0 0 0 50 299 286 165 87 106 58 218 0 64 36 310 66 107 204 67 187 115 144 36 0 6 2 2 6 0 0 21 2 0 4 8 0 0 0 0 7 8 57 3 0 0 0 0 0 0 0 0 0 0 0 0 0 0 0 0 0 0 0 0 0 0 0 0 0 0 0 0 0 0 0 0 0 44 0 0 0 0 0 0 0 5 17 73 1 25 0 0 0 47 0 7 0 0 0 18 17 38 0 0 42 14 6 0 0 1 0 0 0 8 5 11 0 8 10 0 4 20 15 1 0 0 0 7 0 0 0 0 0 0 0 4 0 0 0 0 0 0 5 0 0 0 0 0 0 0 0 0 0 0 0 0 0 0 0 0 0 0 0 0 0 0 28 19 8 26 0 0 60 27 10 37 0 0 24 11 1 0 14 0 0 0 0 9 0 0 54 1 0 0 0 0 12 0 0 0 0 9 1 20 0 0 0 0 0 0 0 0 0 0 0 0 0 0 0 0 0 0 0 0 0 0 0 0 1 0 1 0 0 0 1 0 0 0 0 4 0 0 0 0 0 0 0 0 0 14 0 3 0 0 
 0 0 0 0 0 0 0 0 0 0 0 0 63 0 0 0 0 0 0 0 0 0 0 0 3 56 0 0 0 0 7 0 0 0 0 0 0 0 0 2 43 104 99 278 144 101 83 84 64 0 146 46 38 79 104 119 184 56 652 253 0 1 0 0 0 0 0 0 50 0 0 0 0 25 3 0 0 0 0 0 0 0 0 0 0 0 0 0 0 0 0 0 0 0 21 0 0 0 0 0 0 0 0 0 0 10 0 0 0 0 0 0 0 0 0 0 0 0 0 0 11 6 0 0 10 19 0 33 29 0 15 10 23 19 10 20 0 0 11 8 6 0 6 0 0 0 1 0 0 0 0 0 0 0 0 0 0 0 0 1 0 0 0 4 0 0 0 0 0 0 0 0 0 0 0 0 24 0 0 0 0 0 0 0 0 1 0 0 0 0 0 0 0 0 0 0 0 0 0 0 19 34 9 0 23 32 0 28 14 29 11 0 6 19 2 23 31 34 0 9 12 13 0 0 0 0 0 0 0 0 0 0 0 0 0 10 0 0 7 0 0 0 0 0 0 0 0 0 0 0 0 20 0 0 0 0 0 0 0 18 0 0 0 4 16 13 0 1 0 0 0 0 0 0 0 0 0 0 0 0 0 0 0 0 46 0 0 0 0 12 
 0 0 0 0 0 0 0 0 0 0 0 0 0 0 0 0 0 0 0 0 0 0 0 0 0 0 0 0 0 0 0 0 0 0 2 0 0 0 0 4 27 34 29 140 136 126 65 40 36 146 0 158 43 104 72 200 203 158 34 138 0 1 0 2 0 6 19 3 0 7 0 0 5 0 1 0 0 0 51 0 0 0 0 0 0 0 0 0 0 0 0 0 0 10 0 0 0 0 0 0 0 0 0 0 0 0 0 0 0 0 0 0 0 0 0 0 0 0 0 0 1 11 7 31 44 17 0 20 0 24 2 21 0 0 0 33 10 2 0 0 8 15 0 0 2 3 14 0 0 2 0 0 29 19 0 0 0 0 10 31 0 0 0 0 0 0 0 9 0 0 0 0 0 0 0 0 0 0 0 0 0 0 0 0 0 0 0 0 0 0 0 0 0 0 0 0 0 0 0 0 0 13 0 11 47 7 0 0 0 0 13 4 0 0 0 7 22 37 0 0 3 0 9 0 5 6 26 0 0 0 0 0 27 1 0 0 0 0 0 22 0 0 0 0 0 0 0 0 0 0 0 0 0 0 0 0 0 0 0 6 0 0 0 0 34 4 0 62 0 0 9 0 0 0 0 0 0 0 0 0 0 0 0 0 43 0 0 0 0 0 
 2 2 2 2 2 2 3 4 3 2 2 2 3 1 2 2 2 2 2 12 0 0 0 0 0 0 0 0 0 2 0 68 0 0 3 0 0 0 1 0 27 37 93 68 408 146 41 84 310 46 158 0 47 122 297 104 65 323 34 41 56 2 4 0 0 0 52 0 4 0 50 0 80 6 0 0 0 0 2 0 0 9 0 0 0 0 0 0 0 0 0 0 0 0 0 0 0 0 0 0 0 0 0 0 0 0 0 0 0 0 0 0 0 0 0 0 0 0 0 0 0 0 0 15 17 0 0 1 0 17 0 24 0 0 0 11 23 13 0 0 24 27 0 8 0 0 15 12 6 6 12 0 0 19 10 21 0 0 0 10 0 0 0 0 0 0 0 0 0 0 0 14 0 0 0 0 0 0 0 0 0 0 0 0 0 0 0 0 0 0 0 0 0 0 0 0 0 0 0 0 0 0 8 10 19 12 0 0 0 6 11 10 0 0 1 4 0 0 0 0 0 0 15 9 0 0 16 6 11 0 10 0 0 31 0 9 4 1 6 5 0 0 0 0 0 0 0 0 0 0 0 2 0 0 0 0 0 0 0 11 0 0 4 0 2 4 2 0 2 0 5 0 0 0 0 0 0 0 0 0 0 0 0 0 11 0 0 0 0 0 
 0 0 0 0 0 0 0 0 0 0 0 0 0 0 0 0 0 0 0 0 0 0 0 151 64 73 0 0 69 44 164 125 0 0 0 0 0 0 0 0 99 75 128 56 51 39 262 77 66 38 43 47 0 166 324 21 45 28 122 165 0 0 4 0 0 0 0 0 0 0 17 0 0 0 1 12 0 25 0 0 0 0 0 0 0 13 0 0 0 0 0 0 0 0 0 0 0 0 0 0 0 0 15 13 0 34 0 0 0 0 31 0 0 0 0 0 13 0 0 0 33 10 16 43 9 0 32 16 22 1 0 0 14 17 52 0 7 7 6 33 0 0 0 0 0 0 3 0 0 0 0 0 0 0 0 0 0 11 0 0 0 0 0 3 0 0 0 0 0 0 0 0 0 0 0 0 0 0 0 0 0 0 0 0 46 37 0 0 0 0 0 29 0 0 0 0 0 0 12 0 0 10 0 1 0 0 0 1 0 12 11 15 5 0 0 15 34 5 1 24 0 0 0 0 0 0 0 0 0 0 0 0 0 0 0 0 0 0 0 0 0 0 0 0 0 0 0 0 0 0 0 4 0 0 0 0 0 75 0 6 0 20 0 37 0 2 0 0 0 0 0 0 0 0 0 0 0 0 0 0 0 0 0 0 1 0 8 0 0 0 
 0 0 0 2 0 0 0 2 0 8 0 0 0 0 0 0 0 0 0 2 0 0 0 0 0 54 0 0 1 63 2 0 0 0 0 0 0 0 0 0 215 72 129 153 133 112 154 126 107 79 104 122 166 0 423 50 564 143 175 275 0 0 4 0 0 0 6 0 2 0 6 0 6 0 49 10 0 0 10 1 0 0 0 0 0 0 0 0 0 0 0 0 0 0 0 0 0 0 0 0 0 0 1 1 0 11 0 0 0 0 2 0 0 0 0 0 1 0 0 0 7 29 16 10 8 0 11 51 14 1 39 5 13 11 86 0 19 10 10 0 0 0 0 0 0 0 0 0 0 2 0 0 0 28 0 9 0 0 12 0 0 0 0 6 3 0 0 0 0 0 0 0 0 0 0 0 0 0 0 0 0 0 0 0 10 71 0 0 0 0 0 4 0 0 0 0 0 0 0 0 0 37 0 26 0 2 0 7 0 34 34 7 0 18 3 30 30 0 8 19 0 11 0 0 0 0 9 13 3 7 0 3 0 14 0 15 0 0 4 0 0 0 0 0 0 0 0 0 0 0 0 7 0 0 0 0 0 0 0 28 0 0 0 13 2 4 0 0 0 0 3 0 0 0 0 0 0 0 0 0 0 0 10 0 0 0 0 0 0 0 
 0 0 0 3 0 0 0 0 0 0 2 0 0 0 0 0 0 0 0 0 0 0 33 3 96 0 0 0 0 1 89 37 0 0 0 0 0 0 0 0 72 287 365 82 89 95 46 82 204 104 72 297 324 423 0 84 58 40 191 101 29 0 30 0 0 0 0 0 2 0 2 1 0 34 0 0 9 0 0 0 0 0 0 0 0 0 0 0 0 0 0 0 0 0 0 0 0 0 0 0 0 0 0 0 0 23 0 0 0 0 0 0 0 0 0 0 0 0 0 0 32 10 0 0 2 10 10 0 9 6 22 0 14 0 0 9 16 14 1 1 0 24 1 10 0 0 6 0 21 0 2 0 0 6 26 0 0 1 0 13 0 0 0 0 0 0 0 0 0 0 0 0 8 0 0 0 4 0 0 0 0 0 0 0 0 41 0 0 0 0 0 0 0 0 0 0 0 0 0 0 9 2 61 20 0 0 4 12 10 19 0 0 10 0 0 0 1 15 0 0 0 0 3 0 0 0 0 0 0 0 9 0 0 0 0 0 4 0 0 21 0 0 0 0 0 0 0 0 0 0 0 3 0 0 0 0 0 24 65 0 0 0 0 0 1 5 0 0 0 0 0 0 0 0 0 0 0 0 0 0 0 0 0 0 14 15 0 0 0 0 
 1 0 0 0 0 0 1 0 0 0 2 0 7 2 4 1 0 0 0 0 2 2 5 2 2 2 2 3 2 63 2 2 2 8 3 2 2 2 2 11 114 114 189 234 112 138 94 169 67 119 200 104 21 50 84 0 445 110 314 139 0 0 0 0 0 6 1 0 0 0 0 0 1 0 0 1 3 6 52 0 0 15 0 0 0 0 6 0 0 0 0 0 15 0 3 0 0 0 17 0 0 0 0 0 0 0 0 0 0 0 0 0 0 0 0 0 0 0 0 0 19 4 49 16 0 24 0 10 20 17 23 14 0 0 0 22 24 23 0 0 1 2 0 0 0 0 0 0 0 6 0 0 0 0 0 0 0 0 11 0 12 0 0 0 0 0 33 0 4 0 0 0 0 0 5 0 9 1 9 0 0 0 0 0 0 17 0 0 0 0 0 0 0 0 0 0 0 0 0 0 11 23 0 31 2 0 9 10 9 10 11 36 11 0 10 22 37 15 0 0 0 0 0 0 0 0 25 0 0 0 0 0 0 0 0 0 0 0 8 10 0 0 10 0 0 0 0 0 0 0 0 1 0 1 0 0 0 0 0 0 0 0 2 0 65 1 0 0 0 0 0 0 0 0 0 0 0 0 0 0 0 0 0 0 1 17 0 0 0 0 
 3 3 3 3 3 3 3 3 3 3 3 3 3 0 3 3 3 3 3 3 0 0 207 0 5 19 0 0 0 0 0 0 2 0 6 0 0 0 0 3 532 96 135 305 244 274 234 24 187 184 203 65 45 564 58 445 0 196 312 184 0 0 50 0 0 0 53 0 0 0 0 0 6 56 4 0 0 2 49 0 0 0 0 0 0 0 0 0 0 0 0 0 0 0 0 0 0 0 0 0 0 0 0 0 0 0 0 0 0 0 0 0 0 0 0 0 0 0 0 0 7 31 37 56 25 16 0 11 3 0 54 20 0 0 18 7 10 12 0 0 42 21 23 0 0 0 2 6 0 0 0 0 26 0 4 0 0 0 4 5 0 0 0 0 0 0 0 0 0 0 0 0 0 0 0 0 0 0 0 0 0 0 0 0 0 17 0 0 0 0 0 0 0 0 0 0 0 0 0 0 0 20 0 38 10 5 0 21 2 36 1 16 0 16 0 0 0 19 0 0 21 10 0 0 0 0 6 0 0 0 0 0 5 0 0 0 0 0 8 18 0 0 0 0 0 0 0 0 0 0 0 2 0 0 0 0 0 0 0 0 0 0 0 0 0 1 1 64 4 0 0 0 0 0 0 0 0 0 0 0 0 0 0 0 11 15 0 0 0 0 
 0 0 0 2 0 0 0 0 0 0 0 0 0 0 0 0 0 0 0 0 1 0 0 0 70 63 5 0 6 4 0 6 38 9 4 1 1 26 4 0 71 121 225 50 107 73 36 49 115 56 158 323 28 143 40 110 196 0 158 32 57 0 2 1 0 2 51 2 2 0 1 0 111 58 0 2 0 1 0 1 0 0 0 0 16 11 0 0 0 0 0 0 0 0 0 0 0 0 0 0 0 8 4 0 0 0 0 0 5 4 30 0 0 9 0 5 0 0 4 35 21 21 0 6 0 22 0 0 0 0 5 0 0 0 0 0 4 8 0 0 10 10 0 0 0 0 8 0 0 0 10 0 12 12 0 22 0 0 0 0 0 0 0 0 0 0 0 0 0 0 0 0 0 0 0 0 0 0 0 0 0 0 0 0 0 12 0 6 3 5 4 8 0 7 0 4 0 0 0 3 3 6 17 50 4 12 0 11 11 10 0 8 0 33 0 7 13 19 0 0 17 0 25 0 0 0 6 7 0 0 0 0 0 10 0 22 10 0 8 0 0 0 5 0 0 0 0 0 0 0 0 4 0 0 0 0 0 0 6 9 0 0 65 0 2 1 0 2 0 0 26 0 0 0 0 1 0 0 0 0 0 0 0 0 0 0 0 0 0 0 
 3 3 3 3 3 3 67 3 3 3 3 4 6 0 3 3 3 3 3 3 2 3 211 27 84 64 17 2 68 25 3 2 7 9 209 2 3 3 3 8 370 49 55 313 75 258 83 93 144 652 34 34 122 175 191 314 312 158 0 134 0 0 1 0 0 0 0 0 0 0 1 0 0 0 0 1 0 0 0 0 0 0 20 0 3 8 0 0 0 0 0 0 0 0 0 0 0 0 0 0 0 9 0 1 0 0 0 0 0 0 8 28 0 5 0 0 0 0 5 4 5 27 11 0 0 18 9 1 10 0 32 0 33 12 14 9 0 9 14 0 0 0 0 0 0 0 2 0 0 0 0 0 0 0 0 0 0 0 0 0 0 0 0 0 0 0 0 0 0 0 0 0 2 0 0 0 0 0 0 0 0 0 18 3 0 45 0 8 0 0 0 4 0 13 0 0 0 0 0 3 9 32 17 17 1 0 6 33 15 14 0 4 0 44 22 6 28 12 13 21 0 0 0 0 0 0 0 0 0 0 8 0 0 0 0 0 0 0 0 0 0 0 0 0 0 0 0 0 0 0 0 3 0 2 0 0 0 0 65 1 0 0 1 0 6 0 2 0 1 0 0 0 0 0 0 0 0 0 0 0 0 0 0 0 0 0 0 0 2 0 
 0 0 0 0 0 44 0 0 0 0 0 0 6 0 0 0 0 0 0 0 2 0 0 0 0 126 0 0 0 0 0 0 0 0 0 0 0 0 0 0 130 206 106 156 47 38 47 106 36 253 138 41 165 275 101 139 184 32 134 0 62 3 3 10 0 0 2 0 2 4 54 0 0 2 0 3 0 0 0 0 0 0 0 0 0 0 0 0 0 0 0 0 0 0 0 1 0 0 0 0 0 0 0 0 0 0 0 0 0 0 0 0 0 0 0 0 0 0 0 0 29 14 9 0 11 33 0 34 24 0 4 4 21 0 66 19 18 9 7 12 0 0 0 0 0 0 0 0 0 1 0 0 0 3 0 0 0 0 0 0 0 14 0 3 0 0 0 0 0 0 0 0 0 0 0 0 11 0 0 0 0 0 0 0 0 9 0 0 0 0 0 0 0 0 0 0 0 0 0 0 39 11 1 23 44 0 11 35 0 0 8 18 0 39 8 31 39 120 0 0 0 0 0 0 0 0 18 0 0 1 0 0 0 0 0 0 0 0 0 0 0 0 9 0 0 0 0 0 0 0 0 2 0 0 0 0 0 0 0 10 0 0 0 66 1 75 0 0 0 0 0 0 0 0 0 0 0 0 0 0 0 0 0 0 14 55 0 0 0 0 
 0 0 0 0 0 0 0 0 0 0 0 6 0 0 0 0 0 0 0 0 0 5 0 0 0 4 0 0 2 0 52 0 0 0 0 8 5 0 0 0 1 6 0 0 0 0 0 4 0 0 0 56 0 0 29 0 0 57 0 62 0 143 64 59 37 35 215 311 95 45 253 313 111 172 134 112 33 53 46 67 0 0 0 0 0 0 0 0 0 0 0 0 0 0 0 0 0 0 0 0 0 0 3 0 0 0 0 0 5 4 0 14 0 0 0 5 0 11 0 0 0 0 0 0 0 2 0 0 0 0 0 0 5 0 0 0 0 0 0 3 0 22 0 21 1 0 7 0 36 3 19 15 36 7 0 42 0 0 0 27 0 0 0 0 0 0 0 0 0 0 0 0 0 0 0 0 0 0 0 0 0 0 0 7 0 16 0 0 2 0 0 0 0 0 0 0 0 4 0 0 0 0 0 0 18 7 0 0 0 0 0 0 16 0 0 0 0 0 0 0 0 20 40 16 0 0 0 22 33 7 39 9 1 15 0 28 13 12 0 27 21 0 0 0 0 1 0 0 0 0 0 0 0 11 9 0 0 0 0 0 0 0 0 0 0 0 4 0 0 0 20 2 0 0 1 0 0 0 0 0 0 0 0 0 0 2 0 0 0 0 
