 0 168 179 346 117 90 151 302 401 305 39 128 254 85 313 21 250 194 52 152 0 1 0 5 2 0 2 0 3 0 0 0 0 75 0 1 3 0 2 0 0 0 0 0 0 0 0 3 59 0 0 0 0 0 2 65 0 1 0 0 0 0 0 2 2 0 9 0 3 0 0 0 3 0 0 0 0 3 0 0 0 28 12 1 0 25 14 26 53 6 16 3 14 58 7 0 31 15 17 7 0 0 0 0 0 0 2 0 0 0 2 0 16 0 0 0 0 0 0 1 0 0 14 0 0 0 0 0 0 0 0 0 0 0 0 0 0 0 0 0 0 0 0 0 0 0 0 0 0 0 0 3 0 0 0 0 0 1 0 0 0 26 11 0 24 0 7 77 0 12 10 19 11 10 1 26 36 42 15 0 0 0 0 0 0 0 1 0 0 0 2 0 0 0 0 0 0 0 0 0 0 0 0 0 0 0 0 0 0 0 0 0 0 0 0 0 0 0 0 0 0 0 0 0 0 4 0 0 0 0 0 0 0 0 2 0 0 0 0 2 0 15 0 0 0 0 0 0 0 0 0 8 0 0 0 0 0 0 0 0 2 0 27 0 0 0 0 0 0 0 0 0 0 0 0 0 0 0 0 0 0 0 0 0 0 0 0 0 0 0 
 168 0 410 198 95 416 68 173 219 102 27 79 156 34 243 280 311 294 47 49 0 0 0 2 2 0 3 2 3 0 0 0 0 0 74 0 3 0 42 82 0 1 0 0 0 0 0 3 0 3 0 0 0 0 2 0 0 0 0 0 0 0 0 31 2 1 0 0 0 0 0 0 3 0 0 0 0 3 0 0 32 32 27 40 2 29 10 14 10 30 9 25 0 2 27 33 19 52 9 1 19 1 0 0 0 0 1 22 0 0 0 0 2 0 0 2 0 0 0 14 0 0 0 0 0 0 0 0 0 0 0 0 0 0 0 0 0 0 0 0 7 0 0 0 0 0 0 0 0 0 0 0 0 0 0 0 0 0 4 0 2 26 20 13 17 0 28 26 0 0 1 14 13 1 11 7 1 14 16 13 46 0 0 0 0 0 8 11 0 0 0 0 9 11 0 0 0 0 18 24 0 0 0 0 0 0 0 0 0 0 0 0 0 0 0 0 1 0 0 0 0 0 7 0 0 0 0 0 0 0 0 0 0 0 0 0 18 0 0 0 0 0 0 0 0 2 0 2 2 0 0 5 0 0 0 0 0 0 0 0 0 0 9 0 0 0 0 0 0 0 0 0 0 0 0 1 23 1 0 0 0 0 0 10 0 0 0 0 0 0 
 179 410 0 125 173 119 243 299 175 573 250 26 126 47 149 544 138 34 24 140 1 0 0 2 77 86 76 0 3 2 0 2 1 0 0 0 0 0 82 0 0 25 0 0 0 0 0 3 0 0 0 0 0 0 2 6 0 0 0 0 0 0 0 0 2 0 57 0 3 0 0 0 3 0 0 0 0 3 0 0 0 0 70 2 12 27 0 24 0 9 28 0 0 0 32 32 1 2 0 0 1 2 0 0 0 0 0 11 0 0 0 0 48 0 0 0 0 0 1 5 0 0 0 0 0 0 0 0 0 0 2 0 0 0 0 0 0 0 1 0 0 0 0 0 0 0 0 0 0 0 0 0 0 0 0 0 0 0 5 0 30 38 20 2 0 19 0 11 7 53 21 33 11 0 0 1 54 2 0 0 5 0 0 0 0 0 23 21 0 0 0 0 0 1 0 0 0 0 14 56 0 0 0 0 0 0 0 0 0 2 0 0 2 0 0 0 0 0 7 0 0 0 0 0 0 0 0 0 0 0 0 0 0 0 0 0 0 0 0 0 0 0 0 0 0 2 93 1 0 0 2 5 0 0 0 0 0 0 0 0 0 0 0 0 0 0 0 0 0 0 0 0 0 0 0 0 0 0 0 0 0 0 0 0 0 0 0 0 0 0 
 346 198 125 0 321 135 175 149 471 167 39 457 267 66 788 151 65 137 268 288 75 72 2 4 3 0 27 74 3 0 0 0 0 2 0 0 1 2 78 73 1 1 0 0 0 3 3 1 0 0 0 3 0 2 2 0 0 3 0 0 0 3 3 0 5 0 0 0 0 3 0 0 2 0 0 0 0 2 0 0 19 0 14 32 14 11 0 21 10 0 23 44 0 3 0 11 0 10 0 0 41 19 0 0 0 0 12 22 0 0 0 0 0 12 0 0 0 0 13 27 0 0 0 0 0 0 0 0 0 0 0 0 0 0 0 0 10 0 0 0 0 0 0 0 0 0 0 0 0 0 0 0 0 0 12 0 0 0 4 0 16 9 9 0 0 12 0 10 11 0 0 18 7 0 0 1 0 0 0 13 29 25 13 0 0 0 0 15 0 8 0 0 27 13 16 0 0 0 42 16 0 0 0 0 0 0 0 0 0 0 0 0 0 0 0 0 0 0 0 0 0 0 0 0 0 0 0 0 0 0 0 0 0 0 0 0 0 0 0 0 0 0 0 0 0 0 0 1 93 46 2 18 0 0 0 0 0 0 0 0 0 0 9 0 0 0 0 0 0 0 0 0 0 0 0 1 23 0 0 0 0 0 0 0 0 0 0 0 0 0 
 117 95 173 321 0 262 130 90 81 179 134 54 73 65 191 84 71 347 59 316 26 78 73 3 3 0 149 75 3 0 74 0 156 0 74 0 0 0 217 75 0 0 65 0 0 0 0 13 0 0 0 0 0 0 2 0 0 1 0 63 0 0 0 46 2 0 0 0 0 0 0 0 3 0 0 0 0 2 7 6 0 18 0 0 0 19 0 0 10 19 12 12 0 0 16 0 10 5 0 0 16 15 62 0 0 0 17 25 11 1 14 0 29 27 65 0 15 14 42 57 12 0 0 0 0 0 0 0 24 0 0 0 3 0 0 0 0 0 0 0 0 0 0 0 0 0 7 0 0 21 6 0 0 0 0 0 5 0 0 0 0 0 24 19 49 0 0 0 0 15 11 1 0 0 0 11 38 14 0 0 0 21 1 0 0 0 11 14 7 22 21 0 71 33 0 11 0 14 1 10 2 0 0 0 0 0 0 0 10 0 0 2 0 0 0 0 0 0 0 2 0 0 0 0 0 0 0 0 0 0 0 0 0 0 0 0 0 0 0 0 0 0 0 0 0 5 6 0 2 0 0 13 0 0 2 0 0 1 0 0 0 19 0 0 0 0 0 0 0 0 0 0 0 0 0 0 0 0 0 0 0 3 0 0 0 0 0 0 0 0 
 90 416 119 135 262 0 251 49 155 51 154 135 43 41 70 358 69 122 35 60 100 78 0 2 2 0 25 1 5 17 72 0 0 0 18 0 0 0 80 0 0 30 0 0 0 0 0 3 0 0 0 0 0 0 2 0 0 0 0 0 2 0 31 81 2 0 0 0 25 0 0 2 10 0 0 0 0 3 0 0 0 2 24 0 29 9 0 0 0 15 14 39 0 10 16 0 0 12 2 2 0 1 1 2 11 1 0 44 1 1 3 2 0 15 22 1 0 2 14 3 1 1 2 1 0 2 1 1 2 2 0 1 0 0 1 1 8 1 0 1 0 0 10 0 0 0 1 0 0 8 0 1 0 0 0 0 5 0 0 1 0 0 9 10 0 26 0 17 11 0 11 0 0 0 0 27 14 0 0 0 2 2 1 0 2 0 7 14 19 2 1 2 15 17 2 1 1 12 10 28 2 1 14 1 1 0 0 1 2 0 0 1 2 2 1 1 0 1 1 1 0 0 0 0 0 0 0 1 0 0 0 9 1 0 2 0 0 0 0 2 0 16 0 0 0 1 125 1 1 0 0 13 0 0 0 0 1 0 0 2 2 0 9 0 0 1 7 0 0 0 0 0 0 2 0 0 0 0 0 0 0 1 0 0 0 0 0 0 0 17 
 151 68 243 175 130 251 0 648 131 119 30 45 265 503 286 44 208 87 127 365 2 0 0 6 3 2 2 3 3 0 2 0 0 3 0 1 0 2 4 0 3 0 0 3 0 0 2 2 0 1 0 0 0 2 2 0 6 0 3 3 1 1 0 0 2 7 28 3 0 4 0 0 3 0 7 0 2 3 3 0 30 0 7 38 5 22 63 17 0 1 22 0 14 0 0 0 0 29 35 0 0 16 18 0 0 0 0 0 0 0 0 0 0 0 0 0 0 0 0 0 0 0 0 0 2 22 0 0 0 0 0 0 0 0 0 0 0 0 0 0 0 0 0 0 0 0 0 0 0 0 0 0 0 0 2 0 0 0 0 0 41 14 14 13 0 0 0 23 11 29 25 31 15 10 7 13 37 0 0 1 0 0 0 0 0 0 0 0 0 0 0 0 0 0 0 0 0 0 0 1 0 0 0 0 0 0 0 0 0 0 0 0 0 0 0 0 0 0 0 0 0 0 0 0 0 2 0 0 0 0 0 0 0 0 0 0 0 2 0 0 0 0 0 0 0 2 0 0 0 1 14 18 16 0 0 1 0 0 0 0 0 0 0 0 0 0 0 0 0 0 0 0 0 0 0 0 0 0 0 0 0 0 0 0 0 0 0 0 0 0 
 302 173 299 149 90 49 648 0 94 122 123 26 126 97 268 128 42 127 128 254 2 1 0 4 8 0 2 0 3 0 0 0 0 0 0 0 0 0 2 0 0 0 0 0 2 0 0 3 0 0 0 0 0 0 2 0 0 0 2 0 0 0 0 0 2 0 27 0 0 0 0 0 3 1 0 2 0 3 0 0 19 12 21 50 15 21 1 20 28 10 30 0 42 55 1 0 16 22 0 11 0 0 0 0 0 0 0 1 0 0 0 0 0 0 0 20 0 0 1 1 0 0 0 0 0 0 15 0 0 0 0 0 0 0 0 0 0 0 2 0 0 0 0 0 0 0 0 0 0 0 0 0 0 0 0 0 0 0 18 0 29 43 17 12 30 0 0 32 0 25 33 81 10 0 0 10 37 0 0 10 0 0 5 0 0 0 0 0 13 0 0 0 0 0 0 0 0 0 19 15 0 0 0 0 0 0 0 0 0 1 0 0 1 0 0 0 0 0 0 0 0 0 0 0 0 0 0 0 0 0 0 0 0 0 0 0 0 0 0 0 0 0 0 0 0 4 0 0 1 0 0 6 30 0 0 0 0 0 0 0 0 0 6 0 0 0 0 0 0 0 0 0 0 0 0 0 0 0 0 0 0 0 0 0 0 0 0 0 0 10 
 401 219 175 471 81 155 131 94 0 393 233 516 93 75 147 150 272 712 174 392 4 76 4 4 5 4 104 0 4 2 4 2 4 3 2 0 4 2 80 6 0 6 1 3 4 1 2 3 2 2 2 0 0 2 4 5 0 3 0 0 0 5 4 0 2 0 0 0 0 0 0 3 3 0 0 2 1 5 0 1 0 0 37 41 37 40 0 0 0 16 50 73 28 11 1 0 0 11 0 0 10 20 0 0 0 0 9 7 0 0 0 0 0 10 0 0 0 0 19 0 0 0 0 0 0 0 0 0 0 0 0 0 0 0 0 0 0 0 0 0 0 0 0 0 0 0 9 0 0 0 0 0 0 0 0 0 0 0 0 0 0 23 19 28 0 0 0 16 3 0 19 19 6 0 0 45 33 1 0 0 38 2 0 0 2 0 3 15 12 1 0 0 0 40 0 10 0 0 14 0 0 0 0 0 2 0 1 12 0 16 0 0 0 0 0 0 0 0 0 0 0 0 0 0 0 0 0 0 0 0 0 0 0 0 0 0 0 0 0 0 0 16 0 0 0 0 2 0 3 0 1 14 71 0 0 0 0 1 0 0 0 0 9 0 0 0 0 0 0 0 0 0 0 0 0 0 8 0 0 0 0 0 0 0 0 1 0 0 0 0 
 305 102 573 167 179 51 119 122 393 0 267 38 355 77 211 470 65 369 65 93 0 0 1 2 4 1 38 0 3 0 0 0 0 75 3 2 3 0 67 0 1 10 0 0 3 0 0 3 0 0 0 0 0 3 2 0 0 3 0 0 0 0 0 0 2 0 2 2 3 0 0 23 3 0 2 0 2 3 3 0 22 21 19 0 1 18 0 20 0 10 8 0 16 0 41 0 10 0 0 0 0 1 0 0 0 0 1 11 0 0 0 0 0 0 0 0 0 0 0 11 0 0 2 2 1 0 0 0 0 8 2 0 0 1 0 0 0 1 0 7 2 0 1 0 1 4 0 0 0 16 6 1 17 0 2 1 0 0 1 0 7 0 0 12 35 0 0 13 9 46 13 0 11 0 1 1 0 29 0 9 16 0 15 0 0 0 24 11 0 0 0 0 0 9 14 0 0 0 0 14 0 0 0 0 1 1 0 0 0 0 0 0 0 0 0 0 2 1 39 0 0 1 0 0 1 0 0 0 1 1 0 0 0 0 2 0 0 0 2 0 0 0 2 0 0 2 5 0 3 0 2 4 0 0 0 0 0 0 0 0 0 21 0 0 0 0 0 0 0 0 0 0 0 0 0 0 22 0 0 0 0 0 0 0 0 1 0 0 1 0 
 39 27 250 39 134 154 30 123 233 267 0 40 148 127 252 255 92 298 116 178 0 0 0 3 3 0 75 0 4 0 0 0 0 35 0 0 0 0 209 0 0 69 0 0 3 0 0 2 0 0 0 0 0 0 2 0 0 0 0 0 0 0 0 33 2 0 0 0 0 0 0 0 3 0 0 0 0 2 0 0 36 26 10 34 18 54 7 25 1 35 0 0 19 0 30 18 18 25 0 0 0 0 0 0 0 0 0 10 0 0 0 0 1 0 0 0 15 0 0 0 0 0 0 0 0 0 0 0 0 0 0 0 0 0 0 0 0 0 0 2 0 0 0 0 0 9 0 0 0 0 0 0 1 0 0 0 0 0 2 1 0 14 23 32 51 2 0 0 9 0 19 48 0 2 14 33 4 14 29 10 0 0 0 0 0 0 0 0 0 0 0 0 0 15 17 0 0 15 0 38 11 2 0 0 0 0 0 2 0 0 2 0 0 0 0 0 0 0 0 0 0 0 0 0 0 0 0 0 0 0 0 0 0 0 0 0 0 0 0 0 0 0 0 0 0 1 88 1 2 3 0 15 16 0 0 0 0 0 0 0 0 0 0 0 0 0 0 0 0 0 0 0 0 0 0 0 0 0 0 0 0 0 0 0 0 0 0 0 0 1 
 128 79 26 457 54 135 45 26 516 38 40 0 261 34 27 55 144 181 20 35 19 1 2 9 4 1 229 1 5 1 2 2 1 1 1 2 78 2 6 73 2 2 2 2 2 2 2 5 0 1 0 70 2 0 2 1 2 1 2 58 2 0 0 2 4 6 0 0 2 0 0 2 3 0 0 0 2 5 0 1 0 1 0 0 10 0 0 0 0 0 20 18 0 0 13 13 0 0 0 0 51 11 0 0 0 0 25 0 0 10 18 0 8 9 0 0 0 22 0 0 0 0 0 0 0 0 0 7 0 0 0 0 0 0 0 0 0 0 0 0 0 0 32 0 1 13 0 14 0 0 0 0 0 0 0 0 0 0 0 0 0 0 1 15 0 25 0 1 0 0 0 8 6 0 0 8 10 20 0 0 14 27 25 0 0 0 0 0 0 9 0 0 0 14 34 1 0 0 13 0 0 0 0 0 0 0 0 0 0 0 0 0 0 0 0 0 0 0 0 0 0 0 0 0 0 0 0 0 19 0 0 0 0 0 0 0 0 0 0 0 0 10 0 0 0 2 1 0 92 91 1 4 0 0 0 0 0 2 0 0 0 0 10 2 0 0 0 0 0 0 0 0 0 0 0 11 22 0 0 0 0 0 0 0 0 0 0 0 0 0 
 254 156 126 267 73 43 265 126 93 355 148 261 0 379 40 278 41 24 236 533 2 1 0 2 2 0 2 0 3 0 0 0 0 0 0 0 0 0 3 0 0 0 0 0 0 59 0 3 0 0 0 0 0 0 2 0 5 0 0 0 0 0 0 0 2 0 44 0 0 0 0 46 3 0 0 0 0 3 0 0 2 22 17 20 10 0 18 34 9 4 8 0 0 14 12 17 30 18 23 13 0 0 0 0 0 0 0 0 0 0 0 0 0 0 0 0 0 0 0 0 0 0 0 0 0 0 0 0 0 0 0 0 0 0 0 0 0 0 0 10 0 0 0 0 0 0 0 0 0 0 0 0 0 0 0 0 0 0 0 0 22 0 0 0 1 0 15 37 0 1 15 0 15 7 11 0 16 0 7 1 0 0 0 0 0 0 0 0 0 0 0 0 0 0 0 0 0 0 0 0 0 31 2 0 0 0 0 0 0 0 0 0 0 0 0 0 0 0 0 0 0 0 0 0 0 0 0 0 0 0 0 0 0 0 0 0 0 0 0 0 0 9 0 0 0 2 0 0 4 87 0 19 0 0 0 0 0 0 0 0 0 0 0 0 0 0 17 0 0 0 0 0 0 0 0 0 0 0 0 0 0 0 0 0 0 0 0 0 0 0 
 85 34 47 66 65 41 503 97 75 77 127 34 379 0 179 157 79 120 92 203 0 0 0 3 3 0 2 0 3 0 0 2 0 0 0 0 0 2 7 0 0 0 0 0 0 0 0 65 0 0 0 0 0 0 2 0 9 0 0 0 0 0 0 0 2 0 0 0 0 0 0 0 2 0 0 0 0 2 0 0 23 0 9 24 10 0 38 20 25 11 11 0 43 14 3 11 2 32 30 37 0 0 12 0 0 0 0 1 2 0 0 0 0 0 0 0 0 0 0 2 12 0 0 0 0 2 1 0 0 0 0 0 0 0 0 0 0 0 0 0 0 0 0 0 0 6 0 0 0 2 14 0 0 0 0 0 0 0 8 0 58 27 0 0 0 0 1 9 26 39 17 43 19 34 10 7 11 0 0 6 0 0 2 0 0 0 0 0 0 0 0 0 0 0 0 0 6 0 15 17 0 19 0 0 0 0 0 0 0 0 0 0 0 0 0 0 0 0 0 0 0 0 0 0 2 24 0 0 0 0 0 0 0 0 0 0 0 0 0 0 0 0 0 0 2 0 1 2 2 0 14 13 14 0 0 0 0 0 0 0 0 0 0 0 0 0 0 0 0 0 0 0 0 0 0 0 0 0 0 0 0 0 0 0 0 0 0 0 0 0 
 313 243 149 788 191 70 286 268 147 211 252 27 40 179 0 163 264 178 250 442 0 0 0 3 3 0 2 0 3 0 0 0 0 0 0 0 0 0 75 0 0 0 0 0 0 0 0 1 0 0 0 0 0 0 2 0 0 0 0 0 0 0 0 50 2 0 0 0 0 0 0 0 3 0 33 0 0 2 0 0 12 20 13 31 12 12 0 34 14 6 33 0 22 20 27 0 10 12 0 14 0 0 0 0 0 0 0 1 0 0 0 0 1 0 0 0 0 0 0 1 0 0 0 0 0 0 0 0 0 0 0 0 0 0 0 0 0 0 0 0 0 0 0 0 0 0 2 0 0 0 0 0 0 2 0 0 0 14 12 0 11 36 14 10 8 0 0 32 0 24 28 33 0 0 0 6 25 17 0 9 0 0 0 12 0 0 0 0 0 0 0 0 0 0 0 0 0 0 19 31 0 0 0 0 0 0 0 0 0 0 0 0 0 0 0 0 1 0 0 0 0 0 0 0 0 0 0 0 0 0 1 0 0 0 0 0 0 0 0 0 0 0 0 0 0 0 0 0 0 0 0 14 20 0 2 0 0 0 0 0 0 0 0 0 0 0 0 0 0 0 0 0 0 0 0 0 0 0 0 0 0 0 0 0 0 0 0 0 0 0 
 21 280 544 151 84 358 44 128 150 470 255 55 278 157 163 0 151 141 185 76 0 0 0 3 2 0 153 0 3 0 1 0 0 0 0 0 0 0 5 0 0 61 62 0 0 0 0 3 0 0 66 0 0 0 2 0 0 0 2 0 0 0 0 0 2 0 0 0 0 0 0 0 3 0 0 0 0 3 0 0 37 10 16 22 42 53 12 27 0 33 0 10 22 0 42 30 21 18 0 0 0 0 0 0 0 0 9 28 0 0 0 0 9 0 0 0 0 0 10 29 0 0 0 0 0 0 0 0 0 0 0 0 0 0 0 0 0 0 0 18 0 0 0 0 0 4 0 0 0 0 0 0 0 0 0 0 0 0 0 0 0 63 21 39 12 15 0 0 11 10 18 21 0 0 42 36 2 6 0 7 0 2 0 0 0 0 9 0 16 0 0 0 0 0 0 0 0 0 0 29 0 6 0 0 0 20 0 0 0 0 0 0 0 0 0 0 0 0 12 0 0 0 0 0 0 0 0 0 0 0 0 13 0 0 0 0 0 0 0 0 0 9 0 0 0 2 86 0 4 87 2 8 21 0 0 0 0 0 0 0 0 0 0 0 0 0 13 0 0 0 0 0 0 0 0 0 0 0 0 0 0 0 0 0 0 0 0 0 0 0 
 250 311 138 65 71 69 208 42 272 65 92 144 41 79 264 151 0 277 39 55 0 0 0 2 2 0 40 0 5 0 0 0 0 0 0 0 0 0 105 79 0 56 0 0 0 0 0 3 0 0 0 0 29 0 2 0 0 0 0 0 0 0 0 0 2 0 0 0 0 0 27 0 3 0 0 0 0 3 0 0 25 0 1 24 2 24 25 0 58 16 0 33 0 0 0 33 21 13 17 8 16 0 0 0 0 0 0 10 0 0 0 0 3 0 0 0 0 0 11 17 0 0 0 0 0 0 0 2 0 0 0 23 0 0 0 0 0 0 2 0 0 0 0 0 0 0 2 0 0 0 0 0 0 2 0 0 0 0 4 7 0 27 15 10 9 0 0 0 10 10 17 27 0 0 23 0 0 26 0 0 20 0 0 0 0 0 25 3 0 9 0 0 10 34 0 0 0 0 16 32 0 0 0 0 15 0 0 0 0 1 0 0 0 0 0 0 0 0 0 0 0 0 0 0 0 0 0 18 0 0 0 0 0 0 0 0 0 0 0 0 0 0 0 0 0 4 0 0 2 1 21 19 0 0 0 0 0 0 0 0 0 0 0 0 0 0 0 0 0 0 0 0 0 0 0 18 0 0 0 0 0 0 0 0 0 0 0 0 0 0 
 194 294 34 137 347 122 87 127 712 369 298 181 24 120 178 141 277 0 434 72 74 0 0 2 2 0 2 0 5 69 0 0 0 0 0 0 0 0 171 74 31 1 2 0 0 2 0 3 0 0 0 0 0 0 2 0 0 61 0 0 0 0 0 62 2 0 0 0 0 0 59 0 3 0 0 0 0 3 0 0 17 19 22 55 68 19 9 15 5 3 15 13 15 10 14 1 8 26 0 0 70 16 0 0 0 0 15 0 0 15 0 1 11 12 0 9 0 0 0 0 0 0 0 0 0 0 0 0 0 0 0 0 0 0 0 0 0 0 0 0 0 0 0 0 0 0 0 0 0 0 0 0 0 0 0 0 1 0 0 0 0 81 22 10 17 16 0 18 0 0 32 25 15 0 0 8 1 13 18 9 28 0 0 0 0 0 0 14 0 1 0 0 11 3 0 0 0 0 17 14 11 0 0 0 1 0 2 0 0 0 0 0 0 0 0 0 0 0 0 0 0 0 0 0 0 0 0 0 0 0 0 0 0 0 0 0 0 0 0 0 0 0 0 0 0 4 88 3 3 0 2 8 19 0 0 0 0 0 0 0 0 0 0 0 0 0 0 0 0 0 0 0 0 0 0 11 8 23 0 0 0 0 0 0 0 2 0 0 0 0 
 52 47 24 268 59 35 127 128 174 65 116 20 236 92 250 185 39 434 0 718 3 62 0 3 4 0 2 0 3 1 0 201 0 0 0 0 0 0 5 1 0 3 0 0 0 0 0 2 0 0 0 0 0 0 2 0 0 0 0 0 0 0 0 0 2 0 0 0 0 0 0 0 3 0 0 0 0 2 0 0 22 2 0 48 45 0 19 8 45 7 0 0 36 21 11 0 20 14 22 38 0 0 0 0 0 0 0 0 0 0 0 2 0 0 0 0 0 0 0 0 0 0 0 0 0 0 0 0 0 0 0 0 0 0 0 0 0 0 0 0 0 0 0 0 0 0 0 0 0 0 0 1 0 0 0 0 0 11 0 0 13 19 7 1 0 0 23 45 21 0 27 12 0 14 0 7 2 2 0 20 0 0 0 0 0 0 0 0 1 0 0 0 0 0 0 0 0 0 0 0 0 0 0 0 1 0 2 0 0 0 0 0 10 0 0 0 0 0 2 0 0 0 0 0 0 0 0 0 0 0 0 0 0 0 0 0 7 0 0 0 0 0 0 0 0 0 0 0 0 2 0 9 27 0 0 0 0 0 0 0 0 0 0 0 0 0 0 0 0 0 0 0 0 0 0 0 0 0 0 0 0 0 0 0 0 2 0 0 0 0 
 152 49 140 288 316 60 365 254 392 93 178 35 533 203 442 76 55 72 718 0 2 0 2 2 2 0 2 0 3 0 2 0 0 76 0 0 0 2 2 0 0 0 0 0 0 0 2 3 0 0 2 0 0 0 6 65 23 4 0 0 2 1 0 0 2 0 43 2 0 1 1 0 9 0 0 0 1 2 0 0 11 9 5 17 5 20 14 18 20 1 9 0 38 16 0 1 10 13 30 24 0 0 0 0 0 0 0 0 0 0 0 0 1 0 0 0 0 0 0 0 0 0 0 0 0 0 0 0 0 0 0 0 0 0 0 0 0 0 0 0 0 0 0 0 0 1 0 15 0 0 0 0 0 0 0 0 0 4 1 0 31 14 49 0 1 0 39 36 0 10 41 43 28 22 1 25 32 10 16 0 0 0 0 0 0 0 0 0 0 0 0 0 0 0 0 0 0 0 0 0 0 1 0 0 0 0 0 1 0 0 1 0 0 0 0 0 0 0 0 0 0 0 0 0 0 0 0 0 0 0 0 0 0 0 0 0 1 0 0 0 0 1 0 0 0 3 0 0 0 0 14 12 16 2 0 0 0 0 0 0 0 0 0 0 0 0 2 0 0 0 0 0 0 0 0 0 0 0 0 0 0 0 0 0 0 0 0 0 0 0 
 0 0 1 75 26 100 2 2 4 0 0 19 2 0 0 0 0 74 3 2 0 112 156 250 40 513 186 180 57 44 46 31 368 136 45 102 137 32 211 35 0 6 0 0 2 1 5 6 0 0 0 0 0 0 63 0 0 3 0 65 53 3 2 0 0 0 3 0 2 0 0 2 0 0 3 0 3 2 0 1 0 0 0 0 12 0 0 0 0 1 0 0 0 0 0 2 0 2 0 0 27 0 4 0 25 0 22 0 4 14 24 0 7 18 56 9 31 2 0 14 0 0 0 0 0 0 0 0 0 0 0 0 3 0 0 0 15 0 0 0 0 0 0 0 0 0 0 0 0 22 0 0 0 0 0 0 0 0 0 0 0 0 0 0 19 26 0 2 0 0 3 0 0 8 0 0 0 0 0 0 0 12 21 0 0 0 0 73 4 26 2 10 22 90 45 0 3 36 10 12 1 0 0 0 0 0 0 0 0 0 1 10 0 0 0 0 0 0 0 0 0 0 9 2 0 0 0 0 0 0 0 0 0 0 0 0 0 0 0 0 0 0 0 0 0 0 54 0 74 80 0 1 0 0 13 2 0 0 79 3 0 0 0 0 0 0 7 0 0 0 0 0 0 0 0 13 6 9 0 0 0 3 0 0 0 0 0 0 0 0 
 1 0 0 72 78 78 0 1 76 0 0 1 1 0 0 0 0 0 62 0 112 0 186 144 119 62 234 223 80 34 112 66 149 302 382 30 77 106 77 207 0 3 3 0 2 0 3 0 4 0 0 0 6 0 0 0 0 0 0 2 6 36 2 2 0 0 0 0 4 2 3 2 2 0 3 2 4 0 0 0 0 0 0 0 0 0 10 0 0 0 8 10 0 0 0 0 0 0 0 0 0 0 25 0 0 1 41 1 1 0 9 14 0 35 11 11 12 1 22 9 0 0 0 0 0 0 0 0 0 0 0 0 0 0 0 0 15 0 0 10 0 2 0 0 0 0 11 10 1 6 12 0 0 0 0 2 8 0 0 0 0 0 0 0 0 14 0 0 0 0 1 0 0 0 0 0 0 0 0 0 19 19 16 0 21 6 25 17 35 44 42 19 1 15 13 18 0 7 15 12 29 10 0 0 0 0 0 0 0 0 0 0 15 0 0 0 0 0 10 0 0 0 3 0 0 0 0 0 0 0 0 0 0 0 0 0 0 0 17 0 0 0 0 0 0 0 0 0 0 76 0 0 0 0 20 0 0 77 1 0 1 0 2 0 0 0 8 0 0 0 1 0 50 0 0 1 0 0 0 8 0 0 0 0 0 0 0 0 0 0 
 0 0 0 2 73 0 0 0 4 1 0 2 0 0 0 0 0 0 0 2 156 186 0 317 530 53 109 284 356 204 228 119 176 295 215 154 111 109 40 264 21 3 0 0 2 2 2 12 0 0 0 0 0 0 0 1 0 3 64 0 48 0 0 0 0 0 0 0 2 5 0 2 0 0 3 0 4 0 0 0 0 0 0 0 5 0 0 0 0 1 0 0 0 0 0 0 0 0 0 0 0 30 33 9 10 10 10 0 31 32 10 2 13 8 2 25 19 25 12 11 12 0 0 0 0 0 0 0 0 0 0 0 0 0 0 0 0 0 24 12 0 0 0 0 0 0 3 0 0 0 3 0 0 2 5 0 1 0 0 2 0 0 0 0 0 1 0 2 0 0 0 0 0 10 0 0 0 0 0 0 22 13 9 0 0 13 35 31 19 16 32 54 48 1 11 21 27 10 10 0 1 0 0 0 2 0 0 0 0 0 1 0 0 0 0 0 0 0 11 10 0 0 0 2 0 0 1 0 0 8 0 0 0 0 0 0 0 0 0 0 0 0 11 0 0 0 0 0 0 0 0 0 0 0 13 2 3 77 113 0 2 0 0 0 0 0 0 0 0 0 0 0 0 0 0 0 0 0 0 0 0 10 0 0 0 0 0 0 0 0 
 5 2 2 4 3 2 6 4 4 2 3 9 2 3 3 3 2 2 3 2 250 144 317 0 374 124 230 135 171 265 235 123 344 197 92 206 130 175 86 71 4 3 0 0 2 0 63 0 0 0 0 0 1 0 0 1 0 0 104 2 3 0 0 0 0 0 0 0 2 2 0 3 52 0 3 0 4 0 0 0 0 0 0 0 0 0 0 0 0 1 0 0 0 0 0 0 1 0 0 0 0 26 36 1 40 3 0 0 11 24 11 24 0 21 21 42 22 21 0 10 19 0 0 1 0 0 0 0 0 0 0 0 0 6 8 0 0 0 13 50 0 0 0 0 0 0 0 13 0 0 0 0 2 0 0 0 0 0 0 2 0 0 0 0 0 10 0 2 0 0 0 0 0 2 0 0 0 0 0 0 19 0 39 0 3 24 0 15 0 27 36 37 10 18 10 3 49 0 5 0 27 0 3 4 2 0 0 0 0 0 1 0 30 20 0 7 2 0 0 14 0 0 0 2 0 0 0 0 0 0 0 0 0 0 0 0 0 0 0 0 0 0 16 0 0 0 0 0 0 0 0 0 0 0 5 0 4 77 154 1 3 0 0 0 0 0 0 0 0 0 0 0 0 0 0 0 0 0 0 0 0 0 0 0 0 0 1 0 0 0 
 2 2 77 3 3 2 3 8 5 4 3 4 2 3 3 2 2 2 4 2 40 119 530 374 0 182 281 536 231 407 196 118 220 282 506 62 391 189 50 292 9 7 0 0 5 0 26 2 3 0 0 2 62 0 62 2 0 0 3 2 3 0 0 0 1 0 49 2 3 7 4 4 0 0 3 3 3 0 0 0 0 0 0 0 0 0 0 0 0 0 0 0 0 0 0 0 0 0 2 0 11 14 7 29 0 10 0 0 24 36 1 16 0 0 0 18 57 10 0 9 0 0 31 0 1 0 0 0 0 0 0 0 10 0 0 0 32 0 19 27 2 0 0 0 0 0 0 14 0 0 0 0 0 0 0 0 0 0 1 0 0 5 0 0 0 0 0 0 0 0 0 0 0 0 0 0 0 0 0 0 15 41 14 0 31 32 10 13 31 0 21 40 0 0 0 24 29 0 0 0 8 19 14 0 0 0 0 0 0 0 0 0 0 0 0 25 7 0 24 0 0 0 2 0 0 0 0 0 0 0 0 0 0 0 0 0 0 0 0 0 0 0 1 0 0 0 0 0 0 0 0 0 0 0 11 3 0 7 7 0 0 0 0 0 0 0 0 0 1 0 11 0 0 0 0 0 0 0 0 0 0 0 0 1 0 0 10 0 0 0 
 0 0 86 0 0 0 2 0 4 1 0 1 0 0 0 0 0 0 0 0 513 62 53 124 182 0 236 125 202 133 157 231 20 56 57 201 144 94 143 57 0 3 0 0 2 0 63 0 0 0 0 0 0 0 24 2 0 0 95 65 3 0 0 0 1 0 0 0 3 0 0 3 0 0 3 0 3 0 4 0 0 0 0 0 0 0 0 0 0 0 0 0 0 0 0 0 0 0 0 0 12 0 0 31 23 0 0 0 15 6 10 9 0 10 0 0 16 1 0 15 19 1 0 9 0 0 11 7 21 6 12 1 14 0 6 0 0 0 9 57 0 0 0 0 0 0 0 14 0 0 0 0 0 0 0 5 0 0 0 0 0 0 0 2 0 0 2 0 0 0 0 0 0 3 0 0 0 0 19 0 0 0 0 74 10 3 0 0 0 9 0 8 0 7 13 18 6 39 12 0 0 10 19 0 0 0 1 22 15 0 3 9 34 7 29 8 4 0 0 37 0 0 0 0 0 0 0 0 0 0 0 0 0 0 0 0 0 0 6 13 0 0 0 0 0 0 0 0 0 0 0 0 0 0 7 0 12 5 41 0 5 0 0 0 0 0 0 0 0 0 3 0 0 0 0 0 0 0 0 3 0 0 0 0 0 11 0 0 0 0 
 2 3 76 27 149 25 2 2 104 38 75 229 2 2 2 153 40 2 2 2 186 234 109 230 281 236 0 347 280 105 53 37 109 175 43 44 16 52 350 265 0 9 0 0 6 0 2 0 0 2 0 0 0 0 29 1 0 0 0 0 3 49 0 0 0 32 0 0 2 0 0 2 0 0 3 0 3 0 0 0 0 0 0 0 32 15 0 0 11 7 14 49 0 0 0 0 0 0 0 0 27 14 1 0 0 0 23 29 0 0 0 0 0 18 2 0 0 0 65 27 0 0 0 0 0 0 0 0 0 0 0 0 0 0 0 0 1 0 0 0 0 0 0 0 0 0 0 0 0 4 0 0 0 0 0 0 5 0 0 0 0 0 0 11 13 24 0 0 19 19 9 0 0 0 0 2 0 19 0 0 0 44 12 0 0 0 13 0 20 0 0 0 1 43 15 0 0 0 17 1 0 0 1 1 10 0 0 0 0 0 0 0 0 0 0 0 3 0 10 0 0 0 0 0 0 0 0 0 0 0 0 1 0 0 0 0 0 0 0 0 0 0 0 0 0 0 112 0 75 0 0 0 0 0 8 2 0 0 0 2 3 0 0 0 0 1 0 0 0 0 0 0 0 0 0 2 13 0 0 0 0 1 0 0 0 0 0 0 0 0 
 0 2 0 74 75 1 3 0 0 0 0 1 0 0 0 0 0 0 0 0 180 223 284 135 536 125 347 0 250 56 53 114 213 466 190 434 53 416 288 81 0 3 0 0 2 0 2 4 0 57 0 0 124 0 0 1 0 3 22 30 3 0 0 0 0 0 0 0 2 0 0 2 0 1 3 0 3 29 0 0 0 0 0 0 0 0 0 0 0 0 0 2 0 0 0 0 0 0 0 0 12 10 10 0 15 10 34 0 9 0 61 13 30 30 6 0 10 28 10 34 31 0 0 0 0 0 0 19 0 0 0 0 27 60 0 0 2 0 21 59 0 0 0 0 2 0 0 0 0 0 0 0 0 0 0 0 0 0 0 13 0 0 0 0 1 15 0 0 0 0 0 0 0 0 0 1 0 0 0 0 22 12 9 0 22 12 10 37 24 30 18 60 6 0 12 16 0 13 15 19 0 0 2 0 0 0 11 0 0 0 0 0 43 9 0 0 0 0 8 24 0 0 0 0 2 0 0 0 0 0 0 0 41 0 15 0 0 0 0 0 0 0 0 0 0 0 0 0 0 73 0 0 0 0 7 2 0 1 91 0 2 0 0 0 0 0 10 0 0 0 0 0 0 0 0 0 0 0 0 0 0 11 0 0 0 0 0 0 0 0 
 3 3 3 3 3 5 3 3 4 3 4 5 3 3 3 3 5 5 3 3 57 80 356 171 231 202 280 250 0 83 100 35 85 208 299 124 159 76 77 154 3 3 0 0 4 0 32 0 207 0 0 0 268 0 0 1 0 2 66 2 3 0 1 0 0 0 0 0 2 0 0 2 0 1 3 2 3 0 2 0 0 0 0 0 0 0 1 0 0 0 1 0 0 0 0 0 0 0 0 2 0 1 0 37 21 1 0 0 15 14 34 9 0 0 0 0 23 0 0 1 42 0 1 0 0 0 24 0 0 0 0 0 25 2 0 0 0 0 7 0 0 0 1 0 0 0 0 2 0 0 0 0 0 1 0 0 0 0 0 5 0 0 0 6 0 0 0 0 0 0 0 0 0 6 1 0 16 0 0 0 2 22 9 0 36 22 12 0 9 25 1 47 0 0 21 20 9 87 0 0 0 10 0 0 0 0 0 4 9 1 0 0 10 8 0 0 0 0 40 10 0 0 0 0 0 0 0 0 0 0 0 0 0 0 0 0 0 0 0 0 0 0 11 0 0 0 0 0 0 0 0 0 0 0 23 0 0 76 134 0 2 0 0 0 0 0 0 0 0 0 0 13 0 0 0 0 0 0 0 9 0 0 0 0 0 0 0 0 0 0 
 0 0 2 0 0 17 0 0 2 0 0 1 0 0 0 0 0 69 1 0 44 34 204 265 407 133 105 56 83 0 150 47 66 141 100 241 120 122 103 253 0 3 0 0 2 0 8 4 0 0 2 0 10 0 2 0 2 0 18 1 4 1 27 3 3 0 0 2 2 0 2 2 1 0 3 0 4 1 2 0 0 0 0 0 0 0 0 0 0 0 0 0 0 0 0 0 0 0 0 0 13 26 22 0 54 19 21 11 19 14 40 2 17 56 22 14 12 20 19 0 18 0 0 0 0 0 0 7 0 0 0 0 0 9 0 0 0 0 1 20 2 0 10 0 0 0 17 0 0 0 7 0 0 0 27 0 0 0 1 0 0 0 0 0 0 11 0 0 0 0 0 0 0 0 0 0 0 0 0 0 0 0 1 25 0 0 40 13 33 51 21 8 25 6 39 0 31 10 21 27 1 0 0 0 0 0 8 0 0 0 0 0 33 7 11 0 0 22 1 1 0 0 2 0 0 1 0 0 10 0 0 0 0 0 0 0 0 0 0 8 0 0 1 0 0 0 0 0 0 0 0 0 0 0 12 1 1 76 75 0 2 16 0 0 0 0 9 0 0 0 0 0 0 0 0 0 0 0 0 0 0 1 0 1 0 0 0 0 0 0 
 0 0 0 0 74 72 2 0 4 0 0 2 0 0 0 1 0 0 0 2 46 112 228 235 196 157 53 53 100 150 0 120 119 120 466 295 258 67 26 149 9 3 0 0 2 0 93 1 0 0 0 0 2 0 0 0 0 0 20 68 3 0 0 0 1 0 0 0 3 3 3 2 0 0 3 0 3 0 0 0 0 0 0 0 0 0 0 0 0 0 0 0 1 0 0 0 0 0 0 0 15 1 0 49 18 22 0 10 2 42 0 12 0 1 10 3 8 10 0 0 12 2 21 0 0 0 22 0 0 0 0 0 11 0 0 0 0 0 2 19 0 15 0 0 0 0 0 0 0 0 0 0 0 0 0 1 0 0 0 0 1 5 0 0 0 0 0 0 0 0 0 0 0 0 0 0 0 0 0 0 0 24 19 26 22 18 11 3 11 0 0 45 15 0 0 29 17 59 2 9 23 0 0 0 0 0 0 0 19 0 0 0 15 9 0 10 9 0 8 30 0 0 0 0 0 0 0 0 0 0 0 0 0 0 0 0 0 0 0 0 0 0 2 0 0 0 1 0 0 0 0 0 0 0 3 1 1 9 2 2 0 0 0 0 0 0 1 0 0 15 0 0 0 0 0 0 0 0 0 1 0 0 0 0 0 19 0 11 0 0 
 0 0 2 0 0 0 0 0 2 0 0 2 0 2 0 0 0 0 201 0 31 66 119 123 118 231 37 114 35 47 120 0 629 61 128 103 145 100 108 93 0 3 0 0 2 0 14 0 0 3 0 0 0 0 62 63 0 3 75 0 5 0 0 8 1 0 0 0 3 0 0 3 0 0 3 0 3 0 3 0 0 0 0 0 0 0 0 0 0 0 0 0 0 0 0 0 0 0 0 0 0 0 0 21 13 41 0 0 0 0 15 16 0 0 0 0 0 2 0 2 6 1 0 7 0 0 0 11 0 11 20 0 16 1 17 10 0 0 24 13 2 0 0 0 0 0 0 3 0 0 0 0 0 0 0 0 0 0 0 0 0 2 0 6 0 0 1 0 0 0 0 0 0 0 0 0 0 0 0 0 1 0 0 10 14 18 20 1 6 0 1 13 0 0 0 14 0 0 0 0 8 24 11 9 20 0 10 20 0 1 1 22 10 16 23 11 14 1 41 17 0 0 2 0 0 0 0 0 0 0 0 0 0 0 0 0 0 0 0 0 0 0 0 0 0 0 0 0 0 0 0 0 0 0 5 0 0 72 4 0 0 0 0 0 0 0 0 0 0 0 10 0 0 0 0 0 0 0 0 7 0 0 0 1 0 0 0 0 0 0 
 0 0 1 0 156 0 0 0 4 0 0 1 0 0 0 0 0 0 0 0 368 149 176 344 220 20 109 213 85 66 119 629 0 100 194 328 29 129 106 312 3 3 0 3 2 0 5 3 0 0 0 0 0 2 0 2 0 4 3 34 3 0 0 0 0 0 0 3 2 13 0 2 0 0 60 0 5 1 3 0 0 0 0 1 0 0 0 0 0 1 0 6 1 0 0 0 0 0 0 0 14 49 50 0 10 15 25 16 37 16 38 12 23 25 6 84 8 62 33 29 0 0 0 0 0 0 0 0 0 0 0 0 11 0 0 0 0 0 5 0 0 0 8 0 0 24 4 0 0 0 4 0 0 0 5 0 0 28 0 0 0 0 0 0 1 0 0 0 0 0 0 0 0 0 0 0 0 0 0 0 20 24 9 25 0 14 72 18 34 18 60 54 61 0 18 33 30 11 41 12 0 0 0 0 0 0 0 0 0 0 0 0 0 0 0 0 0 0 15 0 0 0 0 0 0 0 0 0 0 0 0 0 0 0 0 9 0 0 0 10 0 0 0 0 0 0 0 0 10 0 0 0 0 0 10 0 0 155 0 2 0 16 0 0 0 0 0 0 0 0 0 0 0 0 0 0 0 0 0 0 0 19 0 0 0 0 0 0 0 0 
 75 0 0 2 0 0 3 0 3 75 35 1 0 0 0 0 0 0 0 76 136 302 295 197 282 56 175 466 208 141 120 61 100 0 193 353 131 267 203 218 0 14 0 64 10 0 2 0 0 0 0 0 0 0 0 13 0 78 62 0 3 0 0 0 0 0 0 0 2 7 0 3 0 0 3 0 3 0 0 0 0 0 0 0 0 15 0 0 0 9 0 0 0 0 0 0 0 0 0 0 4 27 20 1 20 4 0 9 7 17 29 10 11 0 0 14 62 22 0 0 14 0 0 0 0 0 0 0 3 0 0 0 0 0 0 0 0 0 19 20 0 0 5 0 0 0 0 0 0 0 0 0 0 0 2 0 0 0 0 0 0 0 0 0 22 0 0 0 0 0 0 0 0 0 0 0 0 0 0 0 0 10 3 24 10 58 26 1 65 11 0 55 20 31 60 20 28 28 0 58 0 9 0 0 0 0 9 2 0 0 0 0 1 0 0 0 0 0 14 10 0 0 0 0 0 0 0 0 0 0 0 0 1 0 0 0 0 10 0 0 0 0 0 0 0 0 75 0 0 0 0 0 0 0 12 2 2 238 43 2 0 14 0 0 0 0 0 0 0 0 0 0 0 0 0 0 0 0 0 31 0 1 0 0 0 0 0 0 0 0 
 0 74 0 0 74 18 0 0 2 3 0 1 0 0 0 0 0 0 0 0 45 382 215 92 506 57 43 190 299 100 466 128 194 193 0 94 116 229 157 136 5 2 0 0 2 0 3 0 0 0 0 0 65 0 203 2 0 0 0 1 3 51 0 0 2 0 0 0 50 0 0 3 0 0 3 0 3 0 0 0 0 0 0 0 2 0 0 0 0 0 0 4 0 0 0 0 0 0 0 0 0 0 17 0 8 1 28 21 17 5 5 39 0 12 13 43 16 36 0 30 0 0 0 0 0 0 0 0 0 0 0 0 10 10 0 0 0 0 20 21 0 24 0 0 1 0 0 0 0 0 0 0 0 0 0 0 0 0 0 8 0 0 0 0 0 0 0 0 0 0 0 0 0 1 0 0 0 0 0 0 15 33 27 0 15 6 19 25 27 0 40 16 32 0 0 25 18 37 18 13 15 1 0 1 0 20 18 0 0 0 0 0 0 0 0 0 0 0 11 33 0 0 0 0 1 0 0 0 0 0 0 0 0 0 0 0 0 0 0 0 0 0 15 0 0 0 0 0 0 0 0 0 0 0 7 0 0 4 76 1 1 0 0 0 0 0 6 0 0 0 0 0 0 0 0 0 0 0 0 0 0 0 0 0 0 0 0 0 0 0 
 1 0 0 0 0 0 1 0 0 2 0 2 0 0 0 0 0 0 0 0 102 30 154 206 62 201 44 434 124 241 295 103 328 353 94 0 140 73 47 66 72 5 1 0 2 2 4 11 0 3 0 0 0 3 2 0 2 10 64 65 3 0 0 1 0 0 0 0 4 5 0 2 0 0 3 0 5 0 1 0 0 0 0 0 0 0 0 0 0 0 0 0 0 14 0 0 0 0 0 0 0 30 0 36 10 11 9 0 25 57 18 0 29 0 0 0 11 17 14 0 40 1 0 0 0 0 0 0 0 0 0 0 21 0 0 0 0 0 24 36 0 0 17 0 0 0 0 0 1 0 0 0 0 0 33 0 0 0 0 0 0 0 0 0 0 0 0 0 0 0 0 0 0 0 0 0 0 0 0 0 13 24 13 47 3 32 2 9 0 15 37 24 0 0 30 7 31 18 0 0 0 0 0 0 0 0 0 0 0 0 0 0 10 0 0 0 0 0 0 24 0 0 0 0 0 0 0 0 0 0 0 0 1 0 0 0 0 0 0 0 0 0 0 0 0 0 0 0 0 0 0 0 0 0 5 0 2 11 58 0 0 11 0 0 0 0 0 0 0 0 0 0 0 0 0 0 0 0 0 0 0 9 0 0 0 19 9 0 0 0 
 3 3 0 1 0 0 0 0 4 3 0 78 0 0 0 0 0 0 0 0 137 77 111 130 391 144 16 53 159 120 258 145 29 131 116 140 0 233 50 77 0 3 3 0 4 3 69 0 0 0 0 0 69 0 3 1 3 3 69 2 3 0 0 1 1 0 0 2 3 7 0 3 0 0 3 0 3 2 0 0 0 0 0 0 2 0 0 0 0 0 0 0 0 0 0 0 0 0 0 0 20 16 37 17 28 1 1 0 8 21 0 18 10 13 18 13 24 4 23 0 11 0 0 0 0 0 15 0 0 0 0 0 15 14 0 0 11 0 18 24 0 0 0 0 0 0 0 0 0 1 0 0 0 0 0 0 0 0 0 16 0 0 0 0 0 12 0 0 0 0 18 0 0 3 0 0 0 0 0 1 0 18 29 0 9 0 9 0 9 31 0 30 20 13 36 0 31 73 1 0 30 0 0 1 0 0 0 0 0 0 0 0 44 10 0 0 0 0 0 16 0 0 0 0 1 0 0 0 0 0 0 1 0 0 0 0 0 0 0 0 0 0 0 0 0 0 0 0 7 0 0 0 0 0 11 0 0 74 75 0 1 0 0 0 0 0 1 0 0 0 0 0 0 0 0 0 3 0 0 0 0 0 0 0 0 0 0 0 0 0 
 0 0 0 2 0 0 2 0 2 0 0 2 0 2 0 0 0 0 0 2 32 106 109 175 189 94 52 416 76 122 67 100 129 267 229 73 233 0 115 114 0 3 0 63 2 0 66 0 0 0 0 0 59 0 0 1 0 0 27 1 3 0 0 0 0 0 0 0 2 0 0 3 0 0 3 0 3 0 0 0 0 0 0 0 0 0 0 0 0 0 0 0 0 0 0 0 0 0 0 0 0 14 0 22 0 20 0 0 2 1 23 11 0 2 0 28 0 17 0 4 15 0 11 13 0 5 14 0 0 0 0 0 22 20 0 14 0 0 2 20 0 0 0 0 0 0 0 0 0 0 0 0 0 0 0 0 25 0 0 13 0 3 0 0 0 6 0 0 1 0 0 0 0 0 10 0 0 0 0 0 16 10 0 0 28 44 15 10 0 0 22 27 13 0 0 23 1 6 14 9 21 0 0 0 0 0 10 0 0 0 0 0 32 8 0 0 0 0 16 16 0 0 0 0 0 0 0 0 0 0 0 0 0 0 0 0 0 0 0 0 0 0 0 0 0 1 0 0 0 0 0 0 0 0 27 0 0 0 0 3 0 0 0 0 0 0 0 0 0 0 0 0 0 0 0 0 2 0 0 0 0 0 0 0 0 0 0 0 0 0 
 2 42 82 78 217 80 4 2 80 67 209 6 3 7 75 5 105 171 5 2 211 77 40 86 50 143 350 288 77 103 26 108 106 203 157 47 50 115 0 474 0 43 1 0 6 3 2 0 0 0 0 0 0 0 2 1 0 0 2 0 3 0 0 23 1 0 0 1 3 38 0 5 0 2 4 2 3 0 5 0 0 12 19 19 16 44 0 0 6 13 0 17 0 0 7 1 7 11 0 0 37 5 12 0 0 0 4 0 0 0 0 0 15 7 0 5 9 0 3 1 0 0 0 0 0 3 0 0 0 0 0 0 11 3 0 0 0 0 0 0 0 0 0 0 0 0 0 0 0 0 0 0 0 1 0 0 1 0 0 2 0 0 7 26 29 18 0 3 0 10 10 0 3 2 0 7 0 32 0 0 32 0 1 0 0 0 10 16 7 1 2 0 45 38 14 0 0 8 0 29 0 0 0 0 1 2 0 0 0 0 1 0 0 0 0 0 0 0 0 0 14 0 0 2 0 0 0 0 0 0 0 0 0 0 0 0 0 0 0 0 0 0 0 0 0 0 81 0 0 1 0 0 0 0 2 4 0 0 0 0 2 2 0 0 0 0 0 0 0 0 0 0 0 0 0 28 7 2 0 0 0 11 0 0 0 0 0 0 0 0 
 0 82 0 73 75 0 0 0 6 0 0 73 0 0 0 0 79 74 1 0 35 207 264 71 292 57 265 81 154 253 149 93 312 218 136 66 77 114 474 0 4 3 0 0 2 0 2 10 0 2 0 0 0 0 0 1 0 7 0 1 3 0 0 0 1 2 1 0 3 65 0 3 0 0 3 0 3 0 0 0 0 0 0 10 2 37 0 0 0 0 13 22 1 0 0 32 0 16 0 0 27 36 14 8 0 16 35 26 10 9 15 12 19 8 2 71 9 24 10 92 0 0 0 0 0 0 0 0 0 0 0 0 0 0 0 0 0 0 12 0 0 0 0 0 0 10 0 0 0 0 0 0 0 0 0 0 0 10 1 0 0 1 20 0 0 0 0 0 0 0 1 1 0 0 0 0 0 0 0 0 76 49 9 0 14 31 30 11 32 0 55 49 21 0 0 36 10 9 19 14 0 0 0 11 0 0 0 0 0 0 0 0 0 0 0 0 0 0 7 0 0 0 0 0 0 0 0 0 0 0 0 0 0 0 0 0 0 0 0 10 0 0 0 0 0 0 0 0 0 0 0 0 0 0 8 2 0 74 2 0 4 0 0 0 0 0 0 0 0 0 0 0 0 0 0 13 0 11 0 0 0 0 0 0 0 0 0 0 0 0 
 0 0 0 1 0 0 3 0 0 1 0 2 0 0 0 0 0 31 0 0 0 0 21 4 9 0 0 0 3 0 9 0 3 0 5 72 0 0 0 4 0 206 113 273 30 36 88 321 118 178 82 309 260 196 112 160 46 161 54 110 0 12 3 0 0 50 0 0 0 0 0 0 26 0 0 0 0 0 1 0 0 0 0 0 0 0 0 0 0 0 0 0 0 0 0 0 0 0 0 0 0 0 0 12 0 0 50 0 0 29 19 0 3 0 0 0 0 0 0 0 0 31 17 0 11 0 0 14 1 61 13 24 0 11 2 28 0 36 0 0 0 0 0 0 0 0 0 0 0 0 0 0 11 0 9 0 0 3 0 0 0 0 0 0 0 0 0 0 0 0 0 0 0 0 0 0 0 0 0 0 3 8 12 0 4 5 0 0 0 0 3 11 0 0 0 8 4 0 0 0 0 0 29 8 9 0 26 10 6 32 23 0 0 1 0 18 11 5 0 1 0 0 0 0 0 0 0 0 0 0 0 0 8 0 9 14 0 0 7 0 0 0 9 0 0 0 2 0 0 0 0 0 0 1 0 1 0 0 6 2 0 0 1 0 0 2 0 0 0 0 0 0 0 0 0 0 0 0 1 0 0 0 0 3 0 0 0 0 0 0 
 0 1 25 1 0 30 0 0 6 10 69 2 0 0 0 61 56 1 3 0 6 3 3 3 7 3 9 3 3 3 3 3 3 14 2 5 3 3 43 3 206 0 128 77 284 28 278 89 162 123 89 127 71 355 132 124 131 132 57 59 0 6 0 1 0 0 0 1 0 0 1 0 48 0 0 0 1 0 50 0 4 6 0 0 6 24 0 0 0 7 0 0 0 0 0 18 6 0 0 0 0 0 0 0 0 0 0 7 0 0 0 0 13 0 0 0 2 0 0 0 0 13 15 0 14 0 0 0 0 0 37 20 0 0 1 10 13 31 0 0 0 0 6 0 0 0 0 0 0 0 0 0 0 0 18 0 0 0 0 0 0 0 0 0 4 0 0 0 0 1 0 0 0 0 0 0 0 0 0 6 0 0 0 0 0 0 1 0 0 0 0 0 0 7 10 0 0 2 0 19 1 0 23 18 0 8 0 0 0 0 1 16 0 0 0 0 6 18 1 0 0 1 0 0 0 0 0 0 0 0 0 0 30 0 18 0 0 0 80 9 0 0 3 0 0 0 6 0 0 94 0 2 0 2 0 0 0 0 0 0 0 0 36 0 0 0 0 0 2 0 0 0 0 0 0 0 0 0 0 0 0 0 0 0 9 0 0 2 0 0 
 0 0 0 0 65 0 0 0 1 0 0 2 0 0 0 62 0 2 0 0 0 3 0 0 0 0 0 0 0 0 0 0 0 0 0 1 3 0 1 0 113 128 0 361 53 22 52 130 210 141 269 36 41 221 113 85 52 44 23 122 0 0 2 0 0 0 0 0 0 0 7 0 1 0 0 0 0 0 0 0 0 0 0 0 0 0 0 0 0 0 0 0 0 0 0 0 0 0 0 0 0 0 0 0 0 0 0 0 0 0 0 0 0 0 0 0 0 0 0 0 0 9 0 8 13 0 11 30 4 28 20 11 0 10 18 10 0 18 0 0 10 0 0 0 0 0 0 0 0 0 0 0 0 0 0 10 0 3 10 1 11 16 0 0 0 0 0 0 0 0 0 0 0 0 0 0 0 1 0 0 0 0 0 2 0 16 0 0 0 0 0 0 0 7 0 0 0 0 0 0 0 1 0 0 44 40 11 22 13 37 9 13 13 0 0 16 0 7 9 0 0 11 0 0 0 0 0 0 12 0 0 0 0 0 0 0 0 0 11 0 0 0 6 0 26 0 0 0 0 0 0 37 2 0 0 0 0 1 0 1 64 1 2 3 0 2 2 2 0 0 0 0 0 0 0 0 0 0 0 0 0 0 0 0 8 9 0 0 0 0 
 0 0 0 0 0 0 3 0 3 0 0 2 0 0 0 0 0 0 0 0 0 0 0 0 0 0 0 0 0 0 0 0 3 64 0 0 0 63 0 0 273 77 361 0 151 60 119 129 216 276 96 168 45 213 133 116 112 125 270 61 56 0 2 1 1 0 0 0 0 0 2 0 1 0 5 0 0 0 56 3 0 0 0 0 0 0 0 0 0 0 0 0 0 0 0 0 0 0 0 0 0 0 0 0 0 0 0 0 0 0 0 0 0 0 0 0 0 0 0 0 0 9 13 7 15 10 5 10 1 11 27 11 0 0 1 63 10 15 0 0 14 13 5 0 0 0 1 0 0 11 0 0 6 10 2 10 0 5 32 15 0 0 0 0 0 0 0 0 0 0 0 0 0 0 11 0 0 0 14 0 0 0 0 0 0 0 0 0 0 0 0 0 0 0 0 0 0 0 0 0 0 19 32 0 13 37 0 5 0 21 16 1 0 0 15 0 0 8 0 0 0 13 0 0 0 0 5 0 32 6 0 0 0 16 0 0 0 0 33 14 0 0 6 0 0 0 0 0 0 0 0 17 0 0 0 0 0 0 0 11 0 0 2 3 70 18 0 3 0 0 0 0 0 0 0 0 0 0 0 0 0 0 0 0 26 5 0 0 0 0 
 0 0 0 0 0 0 0 2 4 3 3 2 0 0 0 0 0 0 0 0 2 2 2 2 5 2 6 2 4 2 2 2 2 10 2 2 4 2 6 2 30 284 53 151 0 161 66 31 61 149 238 124 32 94 74 202 44 121 73 47 36 0 0 19 2 0 2 0 50 0 2 0 0 4 0 6 1 0 100 52 9 0 0 0 0 6 0 0 0 6 0 0 0 0 0 0 0 0 0 0 0 0 0 19 0 0 0 6 0 0 0 0 0 0 0 0 1 0 0 0 0 0 0 0 0 15 0 0 0 9 0 20 0 0 0 15 0 0 0 0 27 17 10 0 0 0 10 0 1 0 0 0 3 10 1 0 12 0 31 9 0 0 0 0 2 15 0 0 0 0 0 0 0 0 0 0 0 0 15 0 0 0 0 0 0 0 1 0 0 0 0 0 0 7 6 0 0 1 0 10 0 0 0 13 0 9 0 0 0 0 2 0 0 2 0 0 6 0 0 0 0 0 11 0 0 5 57 10 16 65 0 0 0 30 0 16 9 0 22 0 0 0 0 0 0 1 3 0 0 0 0 1 0 0 0 0 0 1 0 0 0 29 1 2 34 2 2 1 0 0 1 0 0 0 2 0 0 0 0 0 0 3 0 0 0 0 0 0 7 0 
 0 0 0 3 0 0 0 0 1 0 0 2 59 0 0 0 0 2 0 0 1 0 2 0 0 0 0 0 0 0 0 0 0 0 0 2 3 0 3 0 36 28 22 60 161 0 22 41 61 61 122 49 33 42 115 53 374 269 53 45 5 0 5 212 6 0 0 0 0 0 80 1 79 51 6 0 0 2 34 58 0 0 0 0 0 0 0 0 0 0 0 0 0 0 0 0 0 0 0 0 0 0 0 0 0 0 0 0 0 0 0 0 0 0 0 0 0 6 0 0 0 0 0 0 18 17 0 0 0 0 19 36 0 0 0 0 0 0 0 0 29 1 44 0 0 0 0 9 15 9 0 0 25 0 0 15 0 0 20 9 0 0 0 0 0 0 0 0 0 0 0 0 0 0 0 3 0 0 0 0 0 0 0 0 0 0 0 0 0 0 0 0 0 0 0 0 0 0 0 0 0 0 19 32 13 17 0 0 0 0 1 15 0 0 0 0 7 0 0 0 12 19 28 0 1 0 25 0 20 7 0 29 10 20 0 21 19 1 18 20 0 0 0 0 0 0 0 0 0 0 0 13 0 0 0 0 0 0 0 0 0 0 1 2 0 1 0 42 5 0 1 0 0 0 0 0 0 0 0 0 0 0 0 0 9 0 0 4 0 0 
 0 0 0 3 0 0 2 0 2 0 0 2 0 0 0 0 0 0 0 2 5 3 2 63 26 63 2 2 32 8 93 14 5 2 3 4 69 66 2 2 88 278 52 119 66 22 0 88 63 255 50 40 245 514 53 248 42 248 145 41 0 0 0 2 50 0 0 0 0 0 0 0 0 0 0 0 0 0 4 0 18 0 0 0 0 0 0 0 0 0 0 0 0 0 0 0 0 0 0 0 0 0 0 51 4 25 3 0 3 0 1 13 8 0 0 0 0 0 0 0 35 0 8 18 19 0 17 39 15 0 0 0 17 1 22 3 7 0 0 6 0 0 0 0 0 0 0 0 0 0 0 0 0 0 0 0 0 0 0 6 0 5 7 0 0 0 0 0 0 0 0 0 0 0 0 0 0 0 0 0 0 0 0 0 10 3 0 0 0 0 0 1 0 0 0 22 0 0 0 0 19 0 1 8 9 0 6 0 14 0 0 0 15 19 20 9 27 2 21 1 0 0 0 0 0 0 0 0 0 0 0 0 0 0 0 0 0 0 0 0 0 0 7 0 0 0 0 0 0 0 0 8 0 5 0 0 0 0 0 2 0 0 2 0 2 0 2 0 2 0 0 0 0 0 0 0 0 0 0 0 5 0 0 0 0 0 0 0 0 0 
 3 3 3 1 13 3 2 3 3 3 2 5 3 65 1 3 3 3 2 3 6 0 12 0 2 0 0 4 0 4 1 0 3 0 0 11 0 0 0 10 321 89 130 129 31 41 88 0 201 21 39 123 97 333 68 87 40 36 65 116 0 5 3 1 0 0 2 0 2 0 2 0 52 0 2 0 0 2 2 3 0 0 0 0 0 0 0 0 0 0 0 0 0 0 0 0 27 0 0 0 11 18 15 0 0 0 8 0 0 2 13 0 10 6 18 0 0 8 18 0 0 0 4 8 2 0 0 9 0 43 0 23 5 10 20 32 6 23 0 0 0 0 0 0 0 7 0 0 0 0 0 0 0 26 19 0 0 26 0 14 0 0 0 0 0 0 0 0 0 1 1 0 0 0 0 0 0 0 7 0 8 2 0 0 0 2 0 14 6 0 9 2 18 0 0 8 0 0 0 0 0 13 0 0 18 0 35 53 13 38 7 14 13 1 4 9 0 49 12 0 0 1 0 0 0 0 0 0 0 0 0 0 9 0 19 0 0 0 3 0 0 0 1 0 0 0 0 0 0 0 0 4 0 0 0 0 0 0 0 21 0 0 0 3 0 13 4 0 2 0 0 0 0 0 0 0 0 0 0 0 0 5 0 0 13 9 0 0 0 1 
 59 0 0 0 0 0 0 0 2 0 0 0 0 0 0 0 0 0 0 0 0 4 0 0 3 0 0 0 207 0 0 0 0 0 0 0 0 0 0 0 118 162 210 216 61 61 63 201 0 136 51 94 72 141 142 86 124 32 64 134 60 4 0 1 0 0 51 0 0 0 0 0 1 51 0 0 0 0 0 0 0 0 0 0 0 0 0 0 0 0 0 0 0 0 0 0 0 0 0 0 0 0 0 0 0 0 0 0 0 0 0 0 0 0 0 0 0 0 0 0 0 0 2 24 14 7 6 2 4 38 57 1 0 0 9 28 0 45 1 0 14 0 5 0 0 0 14 0 0 0 0 0 0 12 18 4 0 7 0 0 0 0 0 0 13 0 0 0 0 2 4 0 0 0 0 0 0 12 0 0 0 0 0 0 0 0 0 0 0 0 0 0 0 0 0 0 0 0 0 0 0 0 21 19 0 19 0 34 14 22 21 33 0 0 0 3 0 22 0 0 0 10 0 0 0 0 0 8 0 0 0 0 28 0 30 0 0 0 10 10 0 0 16 0 0 0 0 0 0 0 0 11 0 2 0 0 0 0 0 14 0 0 0 8 0 3 0 0 0 0 0 0 0 0 0 0 0 0 0 0 0 0 0 0 30 22 0 2 0 0 
 0 3 0 0 0 0 1 0 2 0 0 1 0 0 0 0 0 0 0 0 0 0 0 0 0 0 2 57 0 0 0 3 0 0 0 3 0 0 0 2 178 123 141 276 149 61 255 21 136 0 248 160 154 346 116 140 264 123 76 145 106 4 24 1 0 0 46 4 0 1 0 0 65 23 5 0 225 0 110 53 0 0 0 0 0 0 0 0 0 0 0 0 0 0 0 0 0 0 0 0 0 0 0 0 0 0 0 0 0 7 0 0 0 0 0 0 0 0 0 0 15 6 18 19 12 18 0 18 0 1 30 1 0 0 9 23 15 46 0 0 1 13 6 0 0 0 12 0 0 9 0 0 64 11 25 0 0 10 28 0 0 0 0 0 17 7 0 0 5 10 4 0 0 0 0 0 0 0 0 0 0 0 0 0 0 0 0 0 0 0 0 0 0 0 0 0 0 0 0 0 10 0 10 0 0 3 25 0 0 20 29 21 0 0 0 0 22 21 0 0 0 4 0 0 0 0 4 8 10 4 0 0 71 15 19 0 1 0 12 22 0 0 1 0 0 0 0 0 0 0 0 3 0 0 0 0 2 0 0 8 0 0 64 69 65 3 2 0 0 0 0 0 2 0 0 0 0 0 0 0 0 0 0 0 10 0 0 0 0 0 
 0 0 0 0 0 0 0 0 2 0 0 0 0 0 0 66 0 0 0 2 0 0 0 0 0 0 0 0 0 2 0 0 0 0 0 0 0 0 0 0 82 89 269 96 238 122 50 39 51 248 0 199 96 108 79 77 280 292 20 111 107 2 3 1 0 0 50 1 55 0 0 0 55 49 0 0 1 0 100 24 0 0 0 0 0 0 14 0 12 0 0 0 0 0 0 0 0 0 0 0 0 0 0 0 0 0 0 0 0 0 0 0 0 0 0 0 0 0 0 0 0 0 23 12 18 20 0 10 0 2 0 4 0 0 6 10 11 11 0 0 1 33 0 0 0 0 24 0 0 0 0 0 7 13 2 0 9 0 14 0 0 0 0 0 4 6 0 0 0 5 0 0 0 0 0 0 0 0 0 0 0 0 0 0 0 0 0 0 0 0 0 0 0 12 0 0 0 0 0 0 9 0 10 18 2 26 10 7 6 4 7 15 0 0 0 6 13 11 0 0 0 1 0 0 0 0 0 0 9 0 0 0 32 5 14 0 7 0 24 28 0 0 0 0 0 0 0 0 0 0 0 20 0 0 0 0 0 0 0 7 0 0 94 1 65 0 0 0 0 0 0 0 0 0 0 0 0 0 0 0 0 0 3 0 10 0 0 0 0 0 
 0 0 0 3 0 0 0 0 0 0 0 70 0 0 0 0 0 0 0 0 0 0 0 0 2 0 0 0 0 0 0 0 0 0 0 0 0 0 0 0 309 127 36 168 124 49 40 123 94 160 199 0 31 160 122 108 144 410 42 34 51 7 0 1 1 3 0 5 7 0 20 8 49 3 0 6 5 0 72 2 0 0 15 0 0 0 0 0 0 0 0 0 0 0 0 0 0 0 0 0 0 0 0 0 0 1 0 0 0 0 0 0 0 0 0 0 0 0 0 0 0 8 14 0 11 15 24 1 1 0 3 21 0 0 1 6 16 46 0 0 1 5 0 0 5 12 0 0 11 0 0 8 1 10 10 10 0 4 38 17 0 0 0 0 0 0 0 0 0 0 0 0 14 0 0 0 0 0 4 0 0 0 0 0 0 0 0 0 0 0 0 0 0 0 0 0 0 0 0 0 0 7 18 0 0 14 0 11 0 12 7 0 0 0 10 0 7 27 0 0 0 0 0 3 0 0 0 10 30 0 0 0 23 20 4 1 0 14 40 10 0 0 1 0 0 0 0 0 0 0 0 6 0 0 0 0 0 0 0 12 0 0 4 0 64 24 15 5 1 0 0 0 0 0 0 5 0 0 0 0 0 0 0 0 9 0 0 0 0 0 
 0 0 0 0 0 0 0 0 0 0 0 2 0 0 0 0 29 0 0 0 0 6 0 1 62 0 0 124 268 10 2 0 0 0 65 0 69 59 0 0 260 71 41 45 32 33 245 97 72 154 96 31 0 135 112 111 77 138 77 70 0 1 2 0 0 0 0 6 0 0 0 0 7 7 0 0 24 50 0 0 0 0 0 0 0 0 0 0 0 0 0 0 0 0 0 0 0 0 0 0 0 0 0 19 0 7 0 0 0 1 18 7 0 0 0 8 1 1 0 0 12 7 24 0 10 0 9 25 0 0 0 18 12 43 42 9 2 0 6 4 0 0 0 0 0 0 0 0 0 0 0 0 16 0 0 0 0 0 0 10 0 5 0 0 0 11 0 0 0 0 0 0 0 0 0 0 0 0 0 0 0 6 0 0 38 0 0 0 1 0 0 11 0 0 1 0 0 12 0 0 28 0 0 9 0 0 32 1 0 0 3 0 20 8 17 17 33 9 2 6 0 0 0 0 0 0 0 0 0 0 0 0 0 0 2 0 0 0 0 0 0 0 0 0 0 0 0 0 0 0 0 7 0 1 0 0 0 0 2 2 0 0 0 0 0 65 2 0 0 0 0 0 0 0 0 0 0 0 0 0 0 0 0 0 0 0 0 0 0 0 
 0 0 0 2 0 0 2 0 2 3 0 0 0 0 0 0 0 0 0 0 0 0 0 0 0 0 0 0 0 0 0 0 2 0 0 3 0 0 0 0 196 355 221 213 94 42 514 333 141 346 108 160 135 0 295 82 29 105 60 212 5 11 12 0 0 0 2 0 0 6 0 0 43 1 0 0 2 9 0 0 0 32 0 0 0 0 0 0 0 0 2 0 0 0 0 0 0 0 0 0 15 0 0 0 0 0 0 0 0 0 0 0 0 0 0 0 0 0 0 0 1 1 8 0 24 0 10 27 19 17 10 20 0 10 23 16 1 24 10 0 6 5 28 1 0 0 0 0 0 0 0 0 14 0 22 1 0 3 3 31 0 0 0 0 0 0 0 0 0 0 0 0 0 0 0 0 0 0 1 0 0 0 0 0 0 0 0 0 0 0 0 0 0 0 0 0 0 0 0 0 1 15 0 1 0 21 15 31 14 33 21 0 0 0 0 7 19 41 0 0 4 14 4 0 0 0 6 0 0 0 6 0 18 0 21 3 21 0 26 0 0 0 0 0 0 0 0 0 0 0 0 8 0 0 0 0 0 0 0 0 0 0 0 0 2 19 2 0 2 0 0 0 0 0 0 0 0 0 0 0 0 0 0 0 12 17 0 0 0 3 
 2 2 2 2 2 2 2 2 4 2 2 2 2 2 2 2 2 2 2 6 63 0 0 0 62 24 29 0 0 2 0 62 0 0 203 2 3 0 2 0 112 132 113 133 74 115 53 68 142 116 79 122 112 295 0 198 118 142 58 133 4 5 40 2 50 0 0 8 0 0 2 0 74 2 1 0 8 0 0 0 0 0 0 0 0 0 0 0 0 0 0 0 0 0 0 0 0 0 0 0 10 0 0 0 0 0 0 0 0 0 0 0 0 0 0 0 0 0 0 0 0 2 24 62 58 0 9 25 64 8 19 0 0 1 23 10 7 20 0 13 0 1 0 0 0 0 0 14 0 0 0 0 10 10 0 5 2 0 5 25 0 0 0 0 0 0 0 0 0 0 0 0 0 0 0 0 0 0 1 0 0 0 0 0 0 8 0 0 0 0 0 0 0 0 0 0 0 0 0 0 12 22 16 23 24 36 60 9 1 29 0 23 0 0 14 0 8 50 0 0 0 1 0 0 0 0 0 0 0 0 0 0 58 0 0 0 0 0 23 11 0 0 0 0 0 0 0 0 0 0 0 7 0 0 0 0 0 0 0 0 0 0 1 3 0 5 0 0 0 0 18 0 0 0 0 0 0 0 0 0 0 0 2 0 3 9 0 10 0 0 
 65 0 6 0 0 0 0 0 5 0 0 1 0 0 0 0 0 0 0 65 0 0 1 1 2 2 1 1 1 0 0 63 2 13 2 0 1 1 1 1 160 124 85 116 202 53 248 87 86 140 77 108 111 82 198 0 176 145 18 115 0 0 0 3 0 0 5 8 0 5 0 0 0 23 0 0 4 4 54 0 0 0 0 0 0 0 0 0 0 0 0 0 0 0 0 0 0 0 0 0 0 0 0 0 0 0 1 0 0 0 0 0 0 0 0 0 0 0 0 0 0 20 11 0 14 0 0 11 0 0 31 1 0 11 14 26 9 19 0 0 5 3 0 9 19 0 0 0 24 0 0 0 10 0 5 0 0 1 0 8 0 0 0 0 0 0 0 0 0 0 0 0 0 0 0 0 0 0 0 0 8 0 0 0 0 0 0 0 0 13 0 0 0 0 0 0 0 0 0 0 26 10 40 43 8 26 21 0 14 0 30 18 0 0 0 11 6 0 0 9 5 0 2 0 0 0 0 0 0 0 5 1 38 0 4 3 5 0 0 10 0 0 0 0 0 0 0 0 0 0 0 7 0 15 0 0 0 0 0 1 0 0 66 3 4 1 0 0 0 0 2 0 0 0 0 0 0 0 0 0 0 0 0 0 9 8 0 2 0 0 
 0 0 0 0 0 0 6 0 0 0 0 2 5 9 0 0 0 0 0 23 0 0 0 0 0 0 0 0 0 2 0 0 0 0 0 2 3 0 0 0 46 131 52 112 44 374 42 40 124 264 280 144 77 29 118 176 0 259 44 279 51 5 4 2 0 0 53 4 0 0 0 0 1 55 16 0 6 0 2 52 0 12 0 0 0 0 4 1 0 0 0 0 26 0 0 0 0 0 8 3 0 0 0 0 0 1 0 0 0 0 0 0 0 0 0 0 0 0 0 0 0 8 6 8 24 0 0 57 1 7 4 11 0 13 2 0 1 0 0 0 0 9 1 0 0 0 11 0 0 0 0 0 15 12 0 0 0 0 1 0 6 0 0 0 3 0 0 0 0 2 9 0 11 52 6 0 0 0 0 0 0 0 0 0 0 0 0 0 0 0 0 0 0 0 0 0 0 0 0 0 3 0 18 16 0 11 20 0 0 1 7 25 0 0 14 18 26 0 0 0 0 0 45 0 13 0 0 22 8 0 0 0 15 21 10 0 10 0 22 2 0 0 0 0 0 0 0 0 0 0 0 5 0 2 0 0 0 0 0 13 0 0 1 11 2 1 0 0 0 0 0 0 0 0 0 0 0 0 0 0 0 0 0 0 2 0 0 8 0 0 
 1 0 0 3 1 0 0 0 3 3 0 1 0 0 0 0 0 61 0 4 3 0 3 0 0 0 0 3 2 0 0 3 4 78 0 10 3 0 0 7 161 132 44 125 121 269 248 36 32 123 292 410 138 105 142 145 259 0 38 174 53 5 8 1 0 2 0 5 2 0 1 0 64 3 0 0 15 0 125 54 0 0 0 0 0 0 1 0 0 0 0 0 0 0 0 0 0 0 0 0 2 9 1 6 0 0 11 0 0 5 7 0 6 0 3 0 0 27 9 0 0 19 28 0 14 14 0 10 6 0 8 16 1 0 19 16 15 35 0 0 1 16 0 0 0 0 0 0 0 0 0 0 11 11 0 0 0 0 22 0 0 0 0 0 0 0 0 0 1 0 0 0 0 0 0 0 0 0 0 0 7 4 0 0 0 2 0 6 0 0 7 5 3 0 0 18 0 0 0 0 13 0 21 8 36 2 26 0 7 0 7 1 0 0 0 14 10 13 0 0 0 1 0 0 0 0 0 0 9 0 0 0 26 5 0 0 1 0 13 31 0 0 0 0 0 2 0 0 0 0 0 1 0 1 0 0 0 0 0 3 0 1 62 0 67 3 3 2 3 0 0 0 0 0 0 0 0 0 0 0 0 11 0 0 10 0 0 0 0 0 
 0 0 0 0 0 0 3 2 0 0 0 2 0 0 0 2 0 0 0 0 0 0 64 104 3 95 0 22 66 18 20 75 3 62 0 64 69 27 2 0 54 57 23 270 73 53 145 65 64 76 20 42 77 60 58 18 44 38 0 67 0 0 0 1 1 0 0 0 8 3 0 0 0 0 0 0 0 0 4 0 0 0 0 0 0 0 0 0 0 0 0 0 0 0 0 0 0 0 0 12 0 0 0 30 14 0 9 0 8 0 27 13 0 0 0 0 0 0 0 0 38 10 41 0 0 0 30 0 0 42 0 0 0 16 0 0 0 1 0 30 0 0 0 0 0 0 0 2 0 0 0 1 28 11 0 1 0 0 0 7 0 0 0 0 0 0 0 0 0 0 0 0 0 0 0 0 0 0 0 0 0 0 0 24 10 0 0 0 0 14 0 7 0 0 8 18 0 0 0 0 24 1 1 0 0 0 0 34 49 0 0 5 26 40 0 31 0 0 0 13 0 0 0 0 0 0 0 0 0 0 0 0 0 0 0 0 0 0 0 0 0 0 0 0 0 0 0 0 0 0 0 5 0 0 0 0 0 0 63 0 0 0 0 0 0 2 0 0 0 0 2 0 0 0 0 0 0 0 0 0 0 0 0 0 0 0 0 0 0 0 
 0 0 0 0 63 0 3 0 0 0 0 58 0 0 0 0 0 0 0 0 65 2 0 2 2 65 0 30 2 1 68 0 34 0 1 65 2 1 0 1 110 59 122 61 47 45 41 116 134 145 111 34 70 212 133 115 279 174 67 0 2 3 7 0 2 0 0 8 0 3 6 4 1 3 4 1 10 3 6 0 0 0 0 7 0 0 0 0 0 0 0 0 0 0 0 0 0 0 0 0 13 11 9 1 0 1 7 2 0 0 16 0 23 7 20 0 0 19 11 0 0 39 22 15 12 0 10 70 11 12 0 0 28 24 23 10 0 27 0 1 0 0 0 0 0 0 0 0 0 0 0 0 15 0 0 0 0 3 0 0 0 0 0 0 0 0 0 0 0 0 0 0 0 0 0 0 0 0 0 0 22 0 0 5 1 0 0 5 7 0 13 0 20 0 0 4 0 2 0 0 3 7 11 9 12 0 20 4 23 14 8 12 25 10 0 24 20 5 9 9 0 0 0 0 0 0 0 0 0 0 0 0 0 0 0 0 0 0 0 0 0 0 0 0 0 0 0 0 0 0 0 0 0 0 0 0 0 0 2 0 0 0 0 0 0 2 0 0 0 0 0 0 0 0 0 0 0 0 0 0 0 12 0 0 6 4 0 0 0 0 
 0 0 0 0 0 2 1 0 0 0 0 2 0 0 0 0 0 0 0 2 53 6 48 3 3 3 3 3 3 4 3 5 3 3 3 3 3 3 3 3 0 0 0 56 36 5 0 0 60 106 107 51 0 5 4 0 51 53 0 2 0 98 247 51 25 34 70 571 262 40 75 35 257 268 120 39 85 81 327 115 0 0 0 0 7 0 0 0 0 0 0 0 0 0 0 0 0 0 0 0 0 0 0 0 0 0 0 0 0 0 0 0 0 0 0 0 0 0 0 0 0 0 0 17 0 5 0 0 0 0 9 0 14 0 0 0 0 0 0 0 28 26 4 12 0 15 4 5 1 10 0 0 16 17 19 0 6 0 22 0 0 0 0 0 13 4 0 0 0 3 2 0 0 0 0 0 0 0 0 0 0 0 0 0 0 0 0 0 0 0 0 0 0 0 0 0 0 0 0 0 0 5 0 0 0 0 0 0 0 0 13 8 0 0 0 0 0 0 0 0 17 20 13 10 8 6 37 6 7 60 3 1 8 36 27 14 16 4 8 18 6 0 0 0 0 0 0 0 0 0 0 0 0 0 4 0 0 0 0 0 0 0 0 53 24 0 0 0 0 0 4 0 0 2 0 0 0 0 0 0 0 0 0 0 1 1 0 0 3 0 
