 0 359 188 54 66 372 271 398 154 47 397 303 72 93 257 41 106 135 62 423 3 0 2 0 4 1 3 0 2 0 0 2 0 0 0 0 3 2 75 0 0 0 0 0 0 0 0 0 0 0 0 0 0 0 0 0 3 0 5 0 0 0 0 0 0 3 0 0 0 0 2 0 0 0 2 0 0 0 0 0 2 15 0 29 19 19 31 29 9 11 2 11 19 0 13 21 22 0 0 0 0 0 0 0 0 0 24 0 0 0 0 0 0 1 0 0 0 0 13 0 0 0 0 0 0 0 0 0 0 1 0 0 0 0 0 0 0 0 0 0 0 0 0 0 0 0 0 0 0 0 12 0 0 0 0 0 1 0 0 2 16 26 5 34 0 32 17 15 12 33 4 0 11 1 34 28 0 15 5 24 1 0 2 0 1 0 18 0 0 2 0 0 0 0 0 0 14 0 10 3 0 0 0 0 0 0 0 0 0 0 0 0 0 0 0 0 0 0 2 0 0 0 0 2 0 0 0 0 0 0 0 0 0 3 0 0 0 0 9 0 0 0 20 0 0 5 40 0 91 90 11 5 0 0 0 0 0 0 0 0 0 0 0 0 0 0 0 0 0 0 0 0 0 0 0 1 4 16 0 0 0 0 0 0 0 0 0 0 0 0 
 359 0 214 163 248 24 224 442 316 362 350 252 346 137 328 99 155 270 257 273 3 0 2 0 3 0 3 0 0 0 0 2 28 0 0 0 35 0 0 0 0 0 0 0 0 0 0 0 0 0 0 0 0 0 6 0 0 0 0 0 0 0 0 0 0 3 0 0 0 0 36 0 0 0 2 0 0 0 0 0 1 1 45 1 11 62 16 10 31 3 7 14 14 8 0 18 11 14 7 0 6 0 0 0 0 0 1 0 0 0 0 8 0 0 15 0 0 0 2 0 0 0 0 0 0 0 0 0 0 0 7 0 0 0 1 0 0 0 0 0 0 0 0 0 0 0 0 0 0 0 3 0 0 0 0 0 1 0 0 1 11 19 0 17 19 1 11 42 11 26 7 0 6 0 2 36 18 2 10 17 0 0 0 0 1 0 0 0 0 0 0 0 0 0 0 0 0 0 10 0 0 0 0 0 0 0 0 0 0 0 2 0 0 0 0 0 0 0 0 0 0 8 0 0 0 0 0 0 0 0 0 4 0 0 0 0 0 0 0 2 0 0 0 0 0 2 89 0 0 110 1 4 0 0 0 0 0 0 0 0 0 0 9 0 0 0 0 0 0 0 0 0 0 0 0 1 7 19 0 0 0 0 0 0 0 0 0 0 0 0 
 188 214 0 251 62 23 61 247 144 121 59 41 53 168 260 76 129 161 174 181 3 3 6 72 3 3 7 0 0 0 3 2 35 9 3 2 3 2 77 0 0 0 62 3 0 0 0 2 0 0 0 0 2 0 0 0 4 0 3 0 0 0 0 2 0 3 0 0 0 54 0 0 0 3 2 2 0 0 0 0 13 35 0 0 0 1 17 31 14 25 13 9 14 21 13 20 6 10 0 0 9 0 0 0 0 0 0 0 0 0 0 0 13 12 51 0 0 0 16 0 0 3 0 0 0 0 0 0 0 0 0 0 0 0 1 0 0 0 0 0 0 0 0 0 0 0 0 0 0 0 2 0 0 0 0 0 1 0 0 1 0 37 22 15 13 0 19 15 0 11 26 19 21 8 5 0 15 28 11 17 10 0 0 0 2 0 0 15 0 0 0 0 0 0 0 0 0 0 0 0 0 0 0 0 0 0 0 0 0 0 0 0 0 0 0 0 0 0 0 0 0 0 0 1 0 0 0 0 0 0 0 0 0 1 1 0 0 0 0 0 0 0 0 0 0 1 2 0 88 4 0 6 0 0 2 0 0 0 0 0 0 0 0 0 0 0 0 0 0 0 0 0 32 0 0 37 34 0 0 0 0 0 0 0 0 0 0 0 0 0 
 54 163 251 0 269 47 156 196 86 209 275 139 77 107 246 45 177 264 93 102 5 0 2 0 3 0 78 96 0 0 2 2 28 95 105 0 3 0 3 75 0 0 0 0 0 0 1 0 0 0 2 0 0 0 0 0 0 0 0 0 2 1 0 2 0 3 29 0 0 0 0 0 0 0 2 0 2 0 0 4 0 0 0 0 3 14 1 1 32 19 7 30 0 0 0 15 9 27 0 2 19 0 0 0 0 0 10 0 0 0 0 0 12 0 39 0 0 1 0 0 0 0 2 0 0 0 0 0 0 2 1 1 0 0 0 0 0 0 0 0 0 0 0 0 0 0 0 0 0 0 3 0 0 0 0 0 0 0 0 0 24 0 0 15 32 12 0 11 17 0 7 21 0 6 1 0 0 24 9 0 11 0 0 0 0 0 0 0 14 2 0 0 10 10 0 0 2 0 7 14 0 0 0 0 0 0 0 0 0 0 0 0 0 0 0 0 0 0 0 0 0 0 0 1 0 0 0 0 0 0 0 0 0 0 0 0 0 0 0 0 0 9 0 0 0 4 88 0 2 0 0 6 0 0 0 0 0 0 0 0 0 0 0 0 0 0 0 0 0 0 0 0 0 0 0 16 1 0 0 0 0 0 0 0 0 0 0 0 0 0 
 66 248 62 269 0 90 40 103 388 115 208 57 80 59 180 257 136 155 74 95 83 20 0 0 3 6 101 0 0 49 0 3 77 4 73 2 3 2 289 156 2 0 0 0 5 4 68 0 40 0 2 0 0 1 0 0 2 0 0 3 0 0 0 0 0 1 0 0 0 0 0 0 0 0 2 0 0 50 0 0 4 0 0 43 36 12 0 20 16 0 7 18 0 0 12 2 0 1 0 0 32 10 12 13 0 4 11 32 14 0 0 4 18 11 24 0 9 0 14 50 0 0 0 0 0 0 0 0 0 0 0 0 0 0 0 0 0 0 0 0 0 0 0 0 0 0 0 0 0 0 0 0 0 0 19 0 0 0 0 2 0 37 5 13 0 12 0 0 0 6 0 11 0 9 15 12 18 16 1 0 1 4 38 0 0 0 2 0 12 39 0 14 47 16 0 0 0 0 47 31 0 0 0 7 0 0 0 0 0 0 0 0 0 0 0 0 1 0 0 0 0 0 0 0 0 0 0 0 0 0 9 0 0 0 0 0 0 2 0 0 0 0 0 0 0 3 90 2 89 2 13 12 0 0 0 0 2 0 0 0 0 0 0 0 2 0 23 0 0 0 0 0 0 0 0 0 0 0 0 0 0 0 0 0 0 0 0 0 0 0 
 372 24 23 47 90 0 122 315 305 144 194 165 86 45 290 318 282 162 62 62 3 0 0 0 3 0 4 2 0 0 5 4 149 0 75 1 3 2 2 38 0 0 0 0 31 0 2 0 0 0 0 0 0 1 9 0 0 0 0 0 2 1 45 0 0 3 0 0 0 0 0 0 0 0 2 0 2 0 3 0 0 10 19 8 11 47 0 0 21 0 0 23 0 0 0 0 32 0 0 0 7 12 0 0 0 0 24 23 0 0 0 0 0 3 1 0 8 39 10 8 0 0 0 0 1 0 0 0 0 10 0 0 0 0 0 0 0 0 0 0 0 0 0 0 0 0 0 1 0 0 0 0 0 0 9 0 0 0 0 3 11 22 16 58 0 29 0 10 22 14 2 13 0 0 36 1 1 0 0 0 0 0 0 0 0 0 29 2 0 0 0 0 32 0 0 0 8 0 35 0 0 0 0 0 0 18 0 0 0 0 0 1 0 0 0 0 0 0 0 0 0 0 0 19 0 0 0 0 0 0 0 0 0 0 0 26 0 0 0 0 0 0 0 0 0 1 85 0 0 0 0 16 1 5 0 0 0 0 0 0 0 0 9 0 0 0 2 0 0 0 0 0 0 0 0 0 9 18 0 0 0 0 0 0 0 0 0 0 0 0 
 271 224 61 156 40 122 0 150 286 86 121 110 105 144 325 120 140 113 63 29 2 0 2 2 79 3 3 5 4 0 2 3 3 77 2 0 4 4 0 0 0 0 0 2 0 0 0 3 0 0 5 0 0 0 0 3 6 0 0 0 0 2 0 0 3 3 2 3 0 3 3 6 4 0 5 3 1 2 1 1 23 9 17 17 29 26 18 0 0 13 0 0 18 36 0 24 32 0 0 11 0 0 0 0 0 0 1 0 0 0 0 0 0 0 10 0 0 0 0 0 2 2 0 0 0 0 0 0 0 0 0 0 0 0 0 0 0 0 0 0 2 0 0 0 0 0 0 0 0 0 2 0 0 0 0 0 0 0 0 0 40 30 0 57 22 6 0 8 24 61 11 0 0 15 0 24 10 4 1 1 0 0 0 0 0 0 22 0 0 0 0 1 0 2 0 0 0 0 10 0 0 2 0 0 0 0 0 0 0 0 0 0 0 19 0 0 0 0 0 0 0 2 0 0 0 0 0 0 0 2 0 0 1 0 0 0 0 14 0 0 0 2 0 0 0 0 87 0 0 1 0 17 0 0 0 0 0 0 0 0 1 0 1 0 0 0 0 0 3 0 0 0 0 0 0 3 21 13 0 0 0 0 0 0 0 0 0 0 0 0 
 398 442 247 196 103 315 150 0 356 161 554 132 87 181 381 146 129 191 198 80 3 3 1 2 5 0 5 0 2 2 2 2 76 3 0 0 3 2 0 0 0 6 0 0 0 0 0 0 0 0 0 0 0 1 2 0 10 0 3 0 0 0 0 0 0 3 0 0 0 0 0 1 0 0 3 0 0 0 3 1 52 41 11 5 13 12 0 11 30 21 52 0 41 32 15 18 1 32 0 12 0 0 0 0 0 0 8 0 0 0 0 0 0 0 6 0 0 0 0 0 9 0 1 0 0 0 0 0 2 14 0 0 0 0 0 0 0 0 0 1 7 0 0 0 0 0 0 0 0 0 0 0 0 0 2 0 0 0 0 7 47 0 29 13 15 29 3 23 28 36 11 20 0 0 13 42 8 0 15 1 0 0 0 0 0 0 0 0 0 0 0 0 0 0 0 0 0 0 2 1 0 0 13 0 0 0 0 0 0 18 0 0 0 0 0 1 0 0 0 0 0 0 0 0 0 0 0 0 0 0 0 0 0 0 0 0 0 0 0 0 0 0 0 0 0 3 90 0 2 4 13 14 0 4 0 0 0 0 0 0 0 0 0 0 2 0 0 0 0 0 0 0 0 4 0 0 14 15 0 0 0 0 0 0 0 0 0 0 0 0 
 154 316 144 86 388 305 286 356 0 180 49 129 103 290 429 158 277 525 312 159 3 0 1 2 3 0 3 2 0 2 0 2 77 0 75 5 6 0 74 20 0 0 0 0 2 0 0 0 0 0 2 0 0 2 4 0 2 2 0 0 0 0 0 0 0 5 0 0 0 0 0 2 0 0 3 0 0 2 0 0 26 11 31 14 0 11 9 31 31 9 31 16 10 8 18 13 7 0 0 0 12 0 0 2 0 0 2 14 0 0 0 0 15 0 0 0 1 0 0 0 2 0 0 0 0 0 0 0 0 0 0 0 0 0 0 0 0 0 0 0 0 2 0 1 0 2 0 0 2 0 0 0 0 0 2 0 0 0 0 2 0 26 7 31 0 0 15 10 19 7 14 19 25 0 11 9 8 0 15 19 0 0 0 0 0 0 0 0 0 0 0 1 0 2 0 0 0 0 9 0 0 2 0 0 0 0 0 0 0 0 0 0 0 0 0 0 0 0 0 0 0 2 0 0 0 0 0 0 0 2 1 0 0 0 0 2 0 0 2 0 0 0 0 0 0 0 0 1 1 135 12 13 0 0 0 0 0 0 0 0 1 0 7 0 0 0 0 0 0 0 0 0 0 0 0 0 28 0 0 0 0 0 0 0 0 0 0 0 0 0 
 47 362 121 209 115 144 86 161 180 0 414 88 37 152 602 351 366 126 303 370 3 0 1 1 3 0 3 0 0 2 0 2 61 0 1 0 3 0 1 75 0 0 0 0 0 7 0 0 0 0 0 0 0 1 3 0 0 0 0 0 0 0 0 0 0 3 0 6 0 0 0 1 0 0 4 0 0 0 0 2 11 21 17 17 10 0 0 0 55 3 8 32 2 14 0 39 3 40 0 0 30 0 0 11 0 0 19 1 0 0 0 0 0 0 24 0 0 0 0 0 0 0 0 0 0 0 0 0 0 0 0 0 0 0 0 0 0 0 0 0 0 0 0 0 0 0 0 0 0 10 17 0 0 0 3 0 0 0 0 6 35 9 4 20 27 34 0 0 46 6 36 14 0 0 13 20 31 0 1 0 0 0 0 0 0 0 0 0 0 0 0 0 0 1 0 0 0 0 0 0 0 0 0 0 0 0 0 0 0 0 0 0 0 0 0 0 0 0 0 0 0 0 0 0 0 0 0 0 0 0 0 0 0 0 0 0 0 0 0 0 0 0 0 0 0 2 3 0 0 3 0 8 0 0 0 0 0 0 0 0 0 0 12 0 0 0 0 0 0 0 0 0 0 0 0 0 1 0 0 0 0 0 0 0 0 0 0 0 0 0 
 397 350 59 275 208 194 121 554 49 414 0 60 31 48 165 174 563 145 40 79 3 0 0 0 3 0 16 34 0 33 0 2 1 145 1 0 3 1 35 74 0 0 0 0 0 0 0 0 0 0 0 0 0 0 1 0 0 0 0 0 0 0 0 0 0 3 0 0 51 0 0 0 0 0 2 0 0 0 11 0 0 7 0 14 53 37 0 0 47 24 11 63 0 0 0 25 0 13 0 0 0 1 0 0 0 0 15 9 0 0 0 2 12 12 38 3 0 10 23 12 0 0 0 0 0 0 0 0 0 0 0 0 0 10 0 0 0 0 0 0 0 0 1 0 0 0 0 0 0 0 0 0 0 0 0 0 0 0 0 0 13 0 0 45 10 15 0 10 0 26 15 33 0 29 11 3 0 0 7 0 11 0 0 0 0 0 17 14 12 0 0 0 69 16 0 0 0 0 32 10 0 0 0 0 0 15 0 0 0 0 0 0 0 0 0 0 0 0 0 2 0 0 17 0 10 0 0 0 0 0 0 0 0 0 0 0 0 1 0 0 0 13 0 0 0 7 9 0 0 2 1 7 0 0 0 0 0 0 0 0 0 0 0 0 0 0 0 0 0 0 0 0 0 0 0 0 0 9 0 0 0 0 0 0 0 0 0 0 0 0 
 303 252 41 139 57 165 110 132 129 88 60 0 40 52 277 168 274 174 38 252 2 19 0 0 5 0 21 0 1 0 0 3 37 2 100 0 3 0 207 147 0 0 0 0 0 0 0 0 4 0 0 0 0 3 0 0 0 0 0 2 0 0 0 0 0 1 0 0 0 0 0 4 0 2 2 0 0 0 0 7 0 6 12 34 28 11 1 15 13 0 29 12 0 0 9 2 19 1 0 4 10 11 0 0 0 19 23 3 0 0 0 0 1 2 0 0 0 0 9 0 0 0 0 0 0 0 0 0 0 1 2 0 0 0 0 21 0 0 0 0 0 0 0 0 0 0 0 0 0 0 0 14 0 0 4 0 0 0 0 15 0 19 16 27 0 25 0 1 11 4 0 46 0 0 23 7 34 14 1 0 0 0 9 0 0 0 18 0 0 0 0 0 10 1 0 0 0 0 22 16 0 0 0 0 0 19 0 0 0 0 0 0 0 0 0 0 0 0 2 0 0 0 0 0 3 0 0 0 0 0 0 0 0 0 0 0 0 0 0 0 0 1 0 0 0 0 86 0 88 0 13 9 13 0 0 0 0 0 0 0 0 0 0 0 0 0 0 0 0 0 0 0 0 0 0 0 12 0 0 0 0 0 0 0 0 0 0 0 0 0 
 72 346 53 77 80 86 105 87 103 37 31 40 0 120 32 137 330 140 260 71 3 28 2 1 3 0 3 0 0 1 1 2 0 77 0 0 3 0 0 0 0 0 0 0 0 0 0 0 0 0 0 0 5 0 0 0 3 0 0 0 0 0 3 0 0 3 0 0 0 0 0 0 0 0 2 0 0 0 0 0 20 0 10 17 0 10 0 8 9 0 9 0 19 47 0 0 13 0 0 20 0 0 0 0 7 0 0 0 0 0 0 0 0 0 0 0 0 0 0 0 0 0 2 0 0 0 0 0 0 0 2 2 0 0 0 0 0 0 0 0 0 0 0 0 0 0 0 0 0 0 0 0 0 0 0 0 0 0 2 0 25 13 0 7 0 0 6 9 10 9 0 0 0 34 0 16 1 11 15 12 0 0 0 0 0 0 0 0 0 0 0 0 0 0 0 0 0 0 10 0 0 0 0 0 0 0 0 0 0 0 0 0 0 0 0 0 0 0 0 0 0 0 0 24 0 0 0 0 0 0 0 0 0 0 0 0 0 0 0 0 0 0 0 0 0 0 0 1 0 1 10 7 0 0 0 0 0 0 0 0 0 0 0 0 0 0 0 0 0 0 0 0 0 0 0 0 9 0 0 0 0 0 0 0 0 0 0 0 0 0 
 93 137 168 107 59 45 144 181 290 152 48 52 120 0 185 37 87 130 230 133 3 0 2 0 3 0 3 0 0 0 0 2 0 0 2 0 3 0 0 0 0 0 0 0 0 0 0 0 0 0 0 0 0 0 0 0 9 0 0 0 0 0 0 0 0 3 2 50 0 0 0 2 0 0 2 0 0 0 0 10 18 0 0 27 0 18 26 0 0 26 16 0 0 0 16 14 27 39 14 15 0 0 0 0 0 0 10 0 0 0 0 0 0 0 0 0 0 0 0 0 0 0 0 0 0 0 0 0 0 0 0 0 0 0 0 0 0 0 0 0 0 0 0 0 0 0 0 0 0 0 4 0 0 0 0 0 0 0 0 0 33 20 0 13 28 17 4 0 27 16 10 1 43 24 0 13 3 31 15 0 0 0 0 0 0 0 0 0 0 0 0 0 0 0 0 0 0 0 9 0 0 0 0 0 0 0 0 0 0 13 0 0 0 0 0 0 0 0 0 0 0 0 0 0 0 0 0 0 0 0 0 0 0 25 0 0 0 0 0 0 0 0 0 0 0 0 1 0 1 0 0 10 0 0 0 0 0 0 0 0 0 0 1 0 0 0 0 0 0 0 0 0 0 0 0 24 0 0 0 0 0 0 0 0 0 0 0 0 0 0 
 257 328 260 246 180 290 325 381 429 602 165 277 32 185 0 344 171 369 289 447 3 0 1 0 3 0 3 1 0 0 0 2 150 0 0 2 3 0 0 0 0 0 0 0 0 0 0 0 0 0 0 0 1 1 5 0 0 0 0 0 0 0 0 0 0 3 0 0 0 0 0 2 0 0 2 0 0 0 0 4 3 13 36 0 35 1 0 14 13 0 0 25 0 7 0 17 3 52 5 1 7 0 0 0 0 0 24 0 0 0 0 0 0 0 0 0 0 0 0 0 1 0 0 0 0 0 0 0 0 0 0 0 0 0 0 0 0 0 0 0 0 0 0 0 0 0 0 0 1 0 0 0 0 0 2 0 0 0 0 2 52 14 7 9 23 32 21 6 65 14 22 0 0 1 25 13 36 15 1 14 0 0 0 0 0 0 15 0 0 0 0 2 0 1 0 0 0 0 0 0 0 1 1 0 0 0 0 0 0 0 0 0 0 0 0 0 0 0 0 0 0 11 0 0 18 0 0 0 0 1 0 0 0 0 0 0 0 0 1 0 0 0 0 0 0 1 86 3 0 1 1 7 1 0 2 0 0 0 0 0 0 0 8 0 0 0 0 0 0 0 0 0 0 0 0 12 8 15 0 0 0 0 0 0 0 0 0 1 0 0 
 41 99 76 45 257 318 120 146 158 351 174 168 137 37 344 0 272 205 39 392 3 0 0 0 3 0 3 0 0 0 0 2 95 0 0 0 5 0 75 21 0 0 0 0 0 0 0 0 0 0 0 0 0 64 5 0 0 0 0 0 0 0 0 0 0 3 0 0 0 0 0 5 0 0 2 0 0 0 0 0 0 15 42 24 28 17 0 0 54 0 36 36 27 13 0 2 0 2 0 0 19 0 0 4 18 0 1 32 0 0 0 0 14 1 58 0 0 1 10 0 0 0 0 0 0 0 0 0 0 0 0 0 0 0 0 0 0 0 0 0 0 0 0 0 0 0 0 0 0 0 0 0 0 0 6 0 0 0 0 2 0 22 15 1 0 2 0 10 25 0 13 29 0 0 0 38 44 0 28 0 0 0 0 0 0 0 10 0 0 0 0 0 0 6 0 0 0 0 21 0 0 0 0 0 0 23 0 0 0 0 0 0 0 0 0 0 0 0 0 0 0 0 0 0 0 0 0 0 0 0 0 11 0 0 0 0 0 0 0 0 0 0 0 0 0 0 0 0 0 0 0 5 11 0 0 0 0 0 0 0 0 0 10 0 0 0 0 0 0 0 0 0 0 0 0 1 11 0 0 0 0 0 0 0 0 0 0 0 0 0 
 106 155 129 177 136 282 140 129 277 366 563 274 330 87 171 272 0 70 252 258 6 0 1 0 3 4 4 0 0 0 0 2 0 74 7 0 3 0 11 0 0 0 0 0 0 3 0 0 0 0 0 0 0 0 1 0 1 0 0 0 0 0 6 0 0 3 0 0 42 0 0 5 0 0 2 0 0 3 0 9 0 13 74 16 53 42 14 16 18 33 41 10 13 0 0 49 1 12 0 0 1 0 0 0 0 0 0 0 0 0 0 0 11 0 14 0 0 0 0 0 0 0 0 2 0 0 0 0 0 0 0 0 0 12 0 0 0 0 0 1 0 0 0 0 0 0 0 0 0 0 4 0 0 0 0 0 0 0 0 0 2 7 20 0 17 2 0 17 0 59 24 0 0 10 11 0 16 33 21 5 9 0 0 0 0 0 0 0 0 0 0 0 0 16 0 0 0 0 0 19 0 0 0 2 0 1 0 0 0 0 0 0 0 0 0 0 0 0 0 0 0 0 0 0 0 0 0 2 0 0 0 2 0 0 0 0 0 0 0 0 0 19 0 0 0 0 0 1 0 46 4 14 18 0 0 0 0 0 0 0 1 0 1 0 0 0 0 0 2 0 0 0 0 0 0 21 11 0 0 0 0 0 0 0 1 0 0 0 0 0 
 135 270 161 264 155 162 113 191 525 126 145 174 140 130 369 205 70 0 258 130 80 0 2 1 6 0 3 1 21 1 2 4 4 2 4 1 4 2 92 77 0 0 2 3 3 3 0 3 6 6 1 0 0 1 2 3 4 2 2 0 0 2 0 0 1 9 0 0 3 0 0 4 3 4 8 0 0 0 0 0 12 12 2 57 19 0 19 20 18 3 0 9 1 8 0 1 10 1 0 13 10 0 0 0 0 0 0 8 0 0 0 0 9 0 22 0 0 0 10 24 0 0 0 0 1 0 0 0 0 0 0 0 0 1 0 0 0 0 0 0 0 0 0 0 0 0 0 0 0 0 0 0 0 0 0 0 0 0 0 0 40 26 0 6 0 0 20 12 58 7 9 14 10 5 50 38 30 0 0 20 0 0 10 0 0 0 0 0 3 14 0 12 0 0 0 0 0 0 16 10 0 0 1 0 0 0 0 1 0 1 0 0 0 0 0 0 0 0 0 0 0 0 0 0 17 0 0 0 0 0 0 0 0 0 0 0 0 0 0 0 0 0 0 0 0 1 2 0 1 86 0 9 0 0 0 0 0 0 0 0 0 0 0 0 0 0 1 0 0 0 0 0 4 0 0 0 1 0 0 0 0 0 0 0 0 0 0 0 0 0 
 62 257 174 93 74 62 63 198 312 303 40 38 260 230 289 39 252 258 0 222 3 0 3 2 3 5 3 2 0 0 74 4 3 101 0 0 3 2 1 0 0 0 0 0 0 0 0 3 0 0 0 0 0 0 0 0 17 0 0 0 0 3 0 0 0 3 0 3 0 3 1 2 1 0 3 2 0 0 0 0 14 26 0 0 0 11 0 24 0 11 0 0 21 71 0 0 0 16 0 29 0 0 0 0 0 0 0 0 0 0 0 0 0 0 0 0 0 0 2 0 0 3 0 0 0 0 0 0 0 0 0 0 0 0 0 0 0 0 0 0 0 0 15 0 0 0 0 0 0 0 19 0 0 0 0 0 0 0 0 1 19 11 11 0 0 0 7 14 0 10 0 28 0 30 0 14 20 4 1 10 0 0 0 7 2 0 0 0 0 0 0 0 0 0 0 0 0 0 0 0 0 0 0 0 0 0 0 0 0 0 0 0 0 0 0 0 0 0 0 0 0 0 0 1 0 0 0 0 0 0 0 0 0 1 1 0 0 0 0 0 0 0 0 0 0 1 0 2 2 1 0 13 0 0 0 0 0 0 0 0 0 0 0 0 0 0 0 0 0 0 0 0 0 0 0 0 0 0 0 0 0 0 0 0 0 0 0 0 0 0 
 423 273 181 102 95 62 29 80 159 370 79 252 71 133 447 392 258 130 222 0 5 0 3 0 3 2 3 0 0 0 0 2 0 0 0 0 3 0 0 0 0 0 0 0 0 0 0 0 0 0 0 0 0 0 0 0 0 0 0 0 30 0 0 0 0 3 3 0 0 0 0 0 0 0 2 0 0 0 0 0 21 16 7 0 0 0 23 14 2 1 1 0 1 63 0 19 0 2 14 28 0 0 0 0 0 0 0 0 0 0 0 0 0 0 0 0 0 0 0 0 0 0 0 0 0 0 0 0 0 0 0 0 0 0 0 0 0 0 0 0 0 0 0 0 0 0 0 0 0 0 0 0 8 0 0 0 2 0 0 1 16 0 3 0 3 0 40 0 16 10 25 12 11 5 1 12 24 9 0 17 0 0 0 18 2 0 0 0 0 1 0 0 0 0 0 0 2 0 0 0 0 0 0 0 0 0 0 0 0 0 8 0 0 0 0 0 0 1 0 0 0 0 0 1 0 0 0 0 0 0 0 0 0 0 0 0 0 0 0 0 0 0 0 0 0 1 2 2 0 3 2 6 0 0 0 0 2 0 0 0 0 0 0 0 2 0 0 0 0 0 0 0 2 0 0 0 0 0 0 0 0 0 0 0 0 0 0 0 0 0 
 3 3 3 5 83 3 2 3 3 3 3 2 3 3 3 3 6 80 3 5 0 178 79 262 238 32 304 94 114 148 157 487 126 26 196 202 178 108 324 261 0 0 0 0 0 2 0 0 62 0 0 0 0 2 0 0 0 4 0 0 0 0 0 5 0 0 0 0 0 0 0 0 0 3 3 0 0 0 0 2 0 0 0 0 0 20 0 0 0 0 0 19 0 0 0 0 0 0 0 0 0 8 16 10 22 7 16 39 19 12 1 12 18 0 5 15 9 25 0 17 0 0 0 0 0 0 0 0 0 0 0 0 13 0 0 0 27 0 0 0 0 0 0 0 0 0 0 0 0 0 0 0 0 0 0 0 0 0 0 0 0 4 0 0 0 0 0 0 0 0 0 0 0 0 0 0 0 0 0 0 65 44 29 5 1 53 13 10 46 71 37 10 0 10 29 1 88 19 18 25 0 0 0 0 0 0 12 10 0 0 0 0 1 10 0 0 0 0 0 3 0 0 0 0 0 12 0 0 0 0 0 0 0 0 0 0 0 0 0 0 0 0 18 0 0 0 0 0 0 0 0 0 0 0 7 0 0 78 1 0 2 0 0 0 0 0 0 0 0 0 0 0 0 0 0 0 0 0 0 9 0 14 0 0 0 0 13 0 0 0 
 0 0 3 0 20 0 0 3 0 0 0 19 28 0 0 0 0 0 0 0 178 0 70 103 43 48 181 136 289 24 81 96 247 62 209 129 530 245 208 143 0 0 1 0 0 2 0 0 5 0 0 0 0 1 0 0 0 3 0 0 0 0 0 0 0 0 2 0 0 0 0 0 0 3 2 0 0 2 0 2 0 0 0 0 0 13 0 0 1 0 0 0 0 0 0 0 0 0 0 8 0 13 14 7 45 9 19 13 15 1 20 28 13 22 1 2 23 12 0 9 0 0 0 0 0 0 0 0 0 0 0 0 0 0 0 0 0 0 0 0 0 0 0 0 0 0 0 0 0 0 0 0 0 0 0 0 0 0 0 0 0 0 0 0 0 11 0 0 0 0 0 0 0 0 0 0 0 0 0 0 27 10 20 23 1 31 0 5 3 40 67 11 11 27 111 13 10 14 0 21 0 0 0 0 0 0 12 0 0 0 0 0 0 0 0 0 0 0 36 0 0 0 0 0 0 0 0 0 0 0 0 0 0 0 0 0 0 0 0 0 0 0 0 0 0 0 73 0 0 0 0 0 0 0 5 2 0 1 77 0 0 0 0 0 0 0 0 0 0 0 0 0 0 0 0 0 0 0 0 8 0 0 0 0 0 0 0 0 0 0 
 2 2 6 2 0 0 2 1 1 1 0 0 2 2 1 0 1 2 3 3 79 70 0 556 137 217 71 376 218 64 40 251 69 95 144 123 67 113 476 340 206 1 0 0 0 2 63 0 5 0 0 0 0 13 1 0 0 3 0 62 0 0 0 5 0 0 0 0 0 0 0 0 0 3 2 0 0 0 0 2 0 0 0 0 0 9 0 0 0 0 0 0 0 0 0 0 0 0 0 0 0 18 52 1 0 46 0 0 7 59 1 13 0 0 1 27 6 14 13 0 0 11 0 0 0 0 9 0 10 0 0 0 0 13 57 0 0 0 13 0 0 2 0 0 0 0 0 0 0 0 0 0 0 1 0 0 0 0 0 0 0 0 0 0 0 0 0 0 0 0 0 0 17 0 0 0 0 0 0 0 0 40 1 27 8 0 6 30 12 11 23 0 41 0 0 0 13 18 9 10 2 0 0 0 0 0 0 0 0 0 0 0 42 40 0 0 0 0 8 11 0 0 0 0 0 0 0 0 0 0 0 0 0 0 0 0 0 0 0 0 0 0 0 0 0 0 0 0 0 1 0 0 0 0 16 0 1 2 1 4 3 1 0 0 0 0 0 0 0 0 0 0 0 0 0 0 0 0 0 0 0 0 0 0 0 0 0 0 0 0 
 0 0 72 0 0 0 2 2 2 1 0 0 1 0 0 0 0 1 2 0 262 103 556 0 103 46 383 68 278 155 157 275 148 52 54 193 64 143 382 287 0 0 27 3 0 2 70 7 0 0 0 0 36 1 0 5 0 3 58 69 0 46 0 0 0 55 0 0 0 0 0 0 0 3 2 0 0 2 0 2 0 0 0 0 0 0 6 18 0 0 0 0 0 0 0 0 0 10 0 0 0 12 2 13 2 2 22 13 22 0 0 24 4 15 1 1 0 47 0 9 0 0 0 0 0 0 0 0 17 24 0 0 0 0 18 0 18 0 16 20 0 0 0 0 0 0 0 0 0 0 0 3 0 0 0 0 0 0 0 0 0 0 0 0 6 0 0 0 0 0 0 0 0 0 0 9 0 0 0 0 38 45 18 17 20 38 13 6 24 43 14 7 0 2 28 44 0 10 0 8 0 0 0 0 0 0 0 0 0 0 0 0 22 0 8 0 6 2 13 0 0 0 0 0 0 0 0 0 0 0 0 0 0 0 2 0 0 0 0 0 0 0 37 0 0 0 0 0 0 0 0 0 0 0 4 0 1 2 0 1 4 9 0 0 0 0 1 0 0 0 0 0 51 0 0 0 0 0 0 0 0 12 0 0 0 0 0 0 0 0 
 4 3 3 3 3 3 79 5 3 3 3 5 3 3 3 3 3 6 3 3 238 43 137 103 0 326 472 56 164 145 186 77 83 78 72 163 72 50 78 79 0 0 0 0 0 3 5 0 0 4 1 1 1 4 3 1 63 3 1 128 0 0 0 0 0 0 0 0 0 0 0 0 0 3 2 0 0 7 0 2 0 0 0 0 14 0 0 0 0 0 0 0 0 0 0 0 0 0 0 0 0 0 0 18 20 34 0 0 20 11 26 0 13 0 12 48 9 0 0 0 13 44 32 10 0 0 24 0 0 36 7 10 21 0 16 45 14 0 32 24 0 1 0 0 0 0 0 0 0 0 0 0 0 0 0 0 0 0 0 2 0 0 0 0 7 0 0 0 0 0 0 0 0 0 0 0 0 0 0 0 0 23 0 29 16 28 0 0 21 0 0 21 0 0 0 59 0 0 0 0 0 0 1 0 0 20 11 16 15 0 0 9 25 26 10 21 48 16 20 38 0 0 1 0 0 0 0 2 0 7 0 0 2 0 0 0 0 0 0 0 0 0 0 0 0 1 0 0 0 0 0 0 0 0 9 0 5 77 11 0 20 2 0 0 0 0 0 1 0 0 2 0 0 0 0 0 0 0 0 0 0 0 0 0 0 13 0 0 0 0 
 1 0 3 0 6 0 3 0 0 0 0 0 0 0 0 0 4 0 5 2 32 48 217 46 326 0 36 137 207 256 223 54 23 297 39 166 353 281 259 55 209 24 0 0 0 5 1 0 0 0 0 0 23 7 0 1 0 3 63 127 0 0 0 0 0 50 0 0 0 0 0 0 0 3 2 0 0 0 1 2 0 0 0 0 0 0 0 0 0 0 0 0 0 0 0 0 0 0 0 0 0 0 0 29 31 47 0 0 43 22 70 0 13 0 0 13 13 1 0 11 1 24 0 1 0 0 30 11 0 14 0 0 0 0 30 17 16 0 72 0 0 0 0 0 2 0 0 0 1 0 0 0 1 0 0 0 0 0 0 0 0 0 0 0 0 0 0 0 0 0 0 0 0 0 0 0 0 0 0 0 0 17 0 35 36 0 0 0 2 0 0 31 0 0 0 43 10 0 0 0 0 0 0 0 0 0 9 25 0 18 0 0 61 13 26 8 2 0 8 31 0 0 0 0 0 0 0 0 0 0 0 0 0 0 0 0 0 0 0 0 0 0 1 0 0 1 0 0 0 0 0 0 0 0 5 5 0 77 55 0 21 2 0 0 0 0 0 0 0 0 0 0 0 0 0 0 0 0 0 0 0 0 0 0 0 10 0 0 0 0 
 3 3 7 78 101 4 3 5 3 3 16 21 3 3 3 3 4 3 3 3 304 181 71 383 472 36 0 342 363 43 48 32 154 54 210 90 228 163 450 139 0 0 0 0 0 2 0 0 6 0 0 0 0 2 0 0 0 3 0 0 0 0 0 0 0 0 0 0 0 0 0 0 38 3 2 0 0 51 0 2 0 0 0 0 0 13 0 0 0 0 0 0 0 0 0 0 0 0 0 0 30 25 77 0 0 12 21 1 30 30 0 1 14 40 0 25 15 16 12 18 0 0 0 0 0 0 0 0 0 1 0 0 0 21 0 0 0 0 0 0 0 0 2 0 13 0 0 11 0 0 0 0 0 0 22 0 0 0 0 0 1 0 0 0 11 12 0 0 0 0 0 20 0 0 0 0 0 0 0 0 31 0 19 15 9 0 0 9 39 10 58 38 19 41 27 17 0 12 5 13 0 0 0 0 0 0 0 0 0 0 0 0 0 0 0 0 0 1 0 0 0 0 0 0 0 0 0 0 0 0 0 0 0 0 0 2 0 0 0 0 0 0 0 0 0 0 74 0 0 0 0 0 0 0 5 0 0 0 0 6 1 0 0 0 0 0 11 0 0 0 0 0 2 0 0 0 0 0 0 0 0 0 0 0 0 0 0 0 0 0 
 0 0 0 96 0 2 5 0 2 0 34 0 0 0 1 0 0 1 2 0 94 136 376 68 56 137 342 0 173 19 48 242 306 199 164 37 103 36 54 338 2 0 8 1 0 2 0 0 3 0 4 3 0 2 0 0 0 3 0 2 2 0 0 2 0 0 0 0 0 0 2 0 48 3 2 0 0 0 2 4 0 0 0 0 0 9 0 0 0 0 0 2 0 0 0 0 0 0 0 0 8 30 42 0 20 31 0 0 1 62 3 11 0 19 0 25 0 23 21 0 0 0 0 0 0 0 0 0 0 0 0 0 18 1 0 0 0 0 0 0 0 0 0 0 0 1 0 0 0 0 0 0 0 0 0 0 0 0 0 0 0 0 0 0 12 0 0 0 0 0 0 21 0 1 0 0 0 0 0 0 12 23 1 21 0 0 17 27 33 8 24 18 22 14 11 0 20 50 17 9 0 0 0 0 0 0 0 0 0 0 2 0 13 18 1 0 0 0 0 22 0 0 18 0 0 0 0 0 0 0 0 0 0 0 0 0 0 0 0 0 0 0 0 0 0 0 0 0 0 0 0 0 0 0 4 0 2 39 1 0 0 0 0 0 0 0 0 0 0 0 0 0 0 0 0 0 1 0 0 0 0 0 0 0 0 0 4 0 0 0 
 2 0 0 0 0 0 4 2 0 0 0 1 0 0 0 0 0 21 0 0 114 289 218 278 164 207 363 173 0 67 51 61 80 226 101 164 429 452 318 155 0 0 0 62 0 2 64 0 0 0 0 0 0 5 0 78 0 3 0 63 0 0 0 0 0 0 0 0 0 0 1 0 0 3 2 0 0 0 0 2 0 1 0 0 0 4 0 0 0 0 0 0 0 0 0 0 0 0 0 0 0 22 12 0 25 29 0 0 21 44 27 10 11 0 17 47 11 0 0 0 14 8 0 2 0 0 8 11 0 0 0 0 0 0 11 0 0 0 20 0 0 0 0 0 1 0 0 0 17 0 0 0 0 0 0 0 0 0 0 0 0 0 0 0 0 0 0 0 0 0 0 0 0 0 0 0 0 0 0 0 32 15 0 18 9 24 0 22 0 26 0 9 12 14 0 1 19 7 0 9 0 0 0 0 0 0 0 0 0 1 0 0 46 13 12 0 2 0 9 19 0 0 0 0 0 0 0 0 0 0 0 0 1 0 0 0 0 0 0 0 0 0 0 0 0 2 0 0 0 0 0 0 0 0 9 2 1 2 44 0 2 2 0 0 0 0 0 0 0 0 0 0 0 0 0 0 0 0 0 0 0 0 0 0 0 6 9 0 0 0 
 0 0 0 0 49 0 0 2 2 2 33 0 1 0 0 0 0 1 0 0 148 24 64 155 145 256 43 19 67 0 218 162 65 65 118 287 246 46 104 102 0 0 0 0 0 2 62 0 0 0 0 0 63 4 0 1 0 3 117 62 0 0 0 0 0 1 0 0 0 0 0 0 0 3 2 0 0 0 0 2 0 0 0 0 0 0 0 0 0 0 0 0 0 0 0 0 0 0 0 0 0 0 0 30 20 31 0 0 1 26 45 0 8 0 0 24 10 1 0 0 9 10 0 0 0 0 11 6 0 19 0 0 9 0 38 15 6 0 13 0 0 0 0 0 0 0 0 0 0 0 0 2 0 0 0 0 0 0 0 0 0 0 0 2 0 0 0 0 0 0 0 0 0 0 0 0 0 0 0 0 0 7 12 0 19 0 14 12 10 11 29 35 0 0 12 18 0 13 0 0 20 0 0 0 0 0 22 29 10 20 0 2 39 10 19 0 5 1 0 9 0 0 0 0 3 0 0 0 0 0 8 0 22 0 1 0 0 0 0 0 0 0 17 0 0 0 0 0 0 0 0 0 0 0 25 0 0 125 1 0 19 1 0 0 0 0 0 0 0 0 0 0 0 0 0 0 0 0 0 0 0 14 0 0 0 11 1 0 0 0 
 0 0 3 2 0 5 2 2 0 0 0 0 1 0 0 0 0 2 74 0 157 81 40 157 186 223 48 48 51 218 0 72 77 33 82 91 296 159 36 144 0 0 8 0 0 2 1 0 0 0 0 0 99 2 0 0 0 3 120 3 0 0 0 1 0 52 0 0 0 0 0 0 0 3 3 0 0 0 0 2 0 0 0 0 0 0 0 0 0 0 0 0 0 0 0 0 0 0 0 0 0 0 16 55 38 21 2 0 1 13 30 0 0 0 0 15 21 26 0 0 15 0 0 0 0 0 11 0 0 21 0 0 0 13 22 26 0 0 30 14 0 0 0 0 0 0 0 0 0 0 0 0 0 0 0 0 2 0 0 0 0 0 0 0 4 0 0 0 0 0 0 0 0 0 0 0 2 1 0 0 0 1 20 0 13 19 10 10 12 26 39 16 0 24 18 28 1 14 0 0 13 0 0 1 0 0 17 15 0 22 0 0 87 5 22 2 1 0 13 10 0 0 2 0 0 0 0 0 0 1 0 0 0 1 0 0 0 0 0 0 0 0 43 0 0 0 1 0 0 0 0 0 0 0 17 0 0 1 0 0 25 10 0 0 0 0 0 0 0 0 0 0 0 0 0 0 0 0 0 5 0 28 0 0 0 0 0 0 0 0 
 2 2 2 2 3 4 3 2 2 2 2 3 2 2 2 2 2 4 4 2 487 96 251 275 77 54 32 242 61 162 72 0 133 27 104 93 221 219 43 102 0 0 0 0 0 2 22 62 0 0 0 0 0 2 0 210 65 3 117 8 0 0 0 0 0 1 0 0 0 50 0 0 0 3 2 0 0 0 0 2 0 0 0 0 0 0 0 0 0 0 0 0 0 0 0 0 0 0 0 0 0 12 1 11 12 1 0 12 0 12 0 12 9 0 13 74 58 26 0 0 21 0 21 9 0 0 0 23 13 7 0 0 9 0 9 0 24 0 0 14 0 0 0 0 0 0 0 0 0 0 0 6 0 0 0 0 0 0 0 0 0 0 0 0 0 0 0 0 0 0 0 0 0 0 0 0 0 7 0 0 16 25 0 19 10 34 12 19 19 15 14 1 0 0 25 0 16 0 0 22 9 0 0 0 0 0 18 1 0 0 0 8 0 0 12 0 6 0 12 0 0 0 0 0 0 0 0 0 0 1 0 0 0 0 0 0 0 0 0 0 0 0 18 0 0 0 0 0 0 0 0 0 0 2 3 1 2 41 85 1 2 2 0 0 0 0 0 0 0 0 0 0 0 0 0 0 0 0 0 0 0 18 0 0 0 0 0 0 0 0 
 0 28 35 28 77 149 3 76 77 61 1 37 0 0 150 95 0 4 3 0 126 247 69 148 83 23 154 306 80 65 77 133 0 80 52 78 114 125 221 238 39 0 0 3 0 2 1 0 0 0 18 0 2 2 10 5 0 64 0 2 5 0 0 1 2 0 0 0 0 0 3 1 5 3 3 0 0 4 3 7 0 9 0 17 0 0 0 0 43 0 0 33 0 0 0 0 0 0 0 0 42 0 27 24 15 0 40 27 10 0 0 0 0 12 14 39 48 0 0 18 0 0 0 0 0 0 0 0 0 0 0 12 0 0 3 0 10 0 0 0 0 0 2 2 0 0 0 0 0 1 2 0 0 0 3 0 0 0 0 5 1 9 3 20 0 22 0 0 1 6 0 12 0 0 11 8 20 0 0 0 0 0 19 17 0 8 14 14 18 25 13 11 0 13 36 34 19 0 2 0 0 0 0 0 0 0 1 0 0 0 0 0 0 0 0 0 0 0 0 0 0 0 0 0 0 0 0 0 0 0 2 0 0 0 0 2 0 0 0 0 0 0 8 0 0 0 2 0 12 18 0 0 0 2 18 1 0 0 0 0 2 0 0 0 0 0 11 0 0 0 0 0 0 0 0 0 0 2 0 0 0 12 0 0 0 0 0 0 0 0 
 0 0 9 95 4 0 77 3 0 0 145 2 77 0 0 0 74 2 101 0 26 62 95 52 78 297 54 199 226 65 33 27 80 0 192 252 58 47 117 241 3 0 0 3 3 5 0 0 1 0 2 0 0 1 1 0 4 0 0 3 0 0 0 3 2 61 0 2 0 1 0 0 3 0 0 0 3 0 0 0 29 0 0 0 4 10 0 0 9 11 6 10 11 35 0 0 1 0 0 11 1 8 10 0 19 0 15 0 15 11 17 0 11 15 28 14 12 1 7 0 0 2 0 0 0 0 0 0 0 0 0 0 2 0 14 0 0 0 12 0 0 0 0 0 0 0 0 0 0 0 0 0 0 0 0 0 0 0 0 0 0 1 0 12 18 0 0 0 0 0 0 11 0 19 0 2 0 0 0 0 17 0 1 0 0 0 0 19 11 7 0 1 20 8 0 8 0 0 24 30 0 0 0 0 0 0 0 0 0 0 0 0 13 0 0 0 0 0 0 0 0 0 0 0 0 0 0 0 0 0 0 0 0 0 0 0 0 0 0 0 0 25 0 0 0 0 73 0 0 0 0 0 0 0 5 0 0 2 0 0 2 1 0 0 0 0 0 0 0 0 0 0 0 0 0 0 0 0 0 0 0 0 0 0 0 0 0 0 0 0 
 0 0 3 105 73 75 2 0 75 1 1 100 0 2 0 0 7 4 0 0 196 209 144 54 72 39 210 164 101 118 82 104 52 192 0 313 84 79 124 259 1 0 0 3 0 3 0 0 2 0 0 0 0 1 2 0 0 3 0 0 0 0 1 9 4 0 0 0 0 2 0 0 0 3 3 0 1 0 0 2 0 0 0 1 0 10 0 0 2 0 0 1 0 0 0 0 0 0 0 0 13 29 0 2 18 0 38 19 19 16 0 11 13 0 10 0 25 21 0 36 0 0 2 0 2 0 0 0 0 0 2 0 32 0 0 2 0 0 0 0 0 0 0 0 0 0 0 0 0 0 0 0 0 0 1 1 0 0 0 1 0 0 1 0 0 25 1 0 1 0 0 0 0 0 0 0 0 0 0 0 11 31 24 0 1 18 8 0 9 14 7 1 22 13 1 0 71 0 23 17 0 0 0 0 0 0 0 0 0 0 0 0 2 0 0 0 0 0 0 23 0 0 0 0 0 1 0 0 0 0 0 0 0 0 0 0 0 0 0 0 0 13 0 0 0 0 17 0 0 0 0 0 0 0 4 0 0 39 2 0 2 0 1 0 0 0 0 0 0 0 0 0 0 0 0 0 0 0 0 0 0 0 0 0 0 0 6 0 0 0 
 0 0 2 0 2 1 0 0 5 0 0 0 0 0 2 0 0 1 0 0 202 129 123 193 163 166 90 37 164 287 91 93 78 252 313 0 156 126 27 380 0 0 0 2 7 2 0 1 1 3 3 0 31 1 0 0 1 2 0 18 0 0 0 0 0 53 3 2 0 0 0 0 0 3 2 2 0 0 51 5 0 0 0 0 0 0 0 0 0 0 0 0 0 0 0 0 0 0 0 0 0 17 0 35 31 16 0 0 17 25 16 10 23 0 12 86 30 10 0 0 0 7 0 0 9 0 11 0 0 0 0 0 11 0 0 13 0 0 24 0 2 0 0 2 0 0 0 0 0 1 2 0 0 0 0 0 0 0 0 0 0 0 0 0 0 0 0 0 0 0 0 0 0 0 0 0 0 0 0 0 21 28 2 24 7 36 9 25 10 28 17 47 0 0 5 34 12 5 1 21 0 0 0 0 0 0 1 0 2 0 0 0 45 11 0 0 0 0 53 7 0 0 0 0 0 0 0 0 0 0 0 0 0 0 0 0 0 0 0 0 0 0 17 0 0 0 0 0 0 0 0 0 0 0 13 1 0 77 73 0 2 8 0 0 0 0 0 0 0 0 0 0 0 0 0 0 0 0 0 0 0 42 0 0 0 14 0 0 0 0 
 3 35 3 3 3 3 4 3 6 3 3 3 3 3 3 5 3 4 3 3 178 530 67 64 72 353 228 103 429 246 296 221 114 58 84 156 0 379 39 43 0 0 0 0 0 2 72 0 2 0 0 0 62 1 0 2 0 3 17 0 0 0 1 0 0 2 1 1 3 0 38 1 0 3 3 0 0 0 3 2 0 0 0 0 1 0 0 0 0 0 0 0 0 0 10 0 0 0 2 0 0 0 1 35 8 19 7 9 51 0 39 0 14 10 2 26 24 21 0 0 10 0 0 0 0 0 8 0 0 0 0 29 0 0 0 0 1 0 63 0 0 0 0 0 0 0 0 0 0 0 0 0 0 0 0 0 0 0 0 0 0 0 2 0 1 0 0 1 0 0 0 0 0 0 1 0 0 0 0 5 40 16 52 0 10 14 0 11 14 1 29 5 1 25 29 25 12 20 0 0 7 0 0 0 0 0 21 11 0 11 0 0 20 2 7 0 0 0 1 1 0 0 0 0 0 0 0 0 0 0 0 2 0 0 0 0 0 0 0 0 0 0 23 0 0 0 0 0 0 0 0 0 0 0 8 0 1 74 1 0 0 2 0 0 0 0 0 0 0 0 0 0 0 0 0 0 0 0 0 13 0 10 0 0 0 32 0 0 0 0 
 2 0 2 0 2 2 4 2 0 0 1 0 0 0 0 0 0 2 2 0 108 245 113 143 50 281 163 36 452 46 159 219 125 47 79 126 379 0 112 263 0 0 0 2 0 2 0 4 6 6 0 0 0 3 2 0 4 4 0 0 0 2 0 1 0 4 0 0 0 0 4 4 9 3 5 0 0 2 0 2 0 0 0 0 0 0 0 0 0 0 0 0 0 0 0 2 0 0 0 0 1 1 51 12 20 33 20 16 1 39 0 0 3 24 0 29 0 12 13 9 0 0 0 0 0 0 0 0 0 0 0 0 0 20 0 0 0 0 2 0 0 0 0 0 0 0 0 11 0 0 0 0 0 0 25 0 0 0 0 1 0 0 0 0 0 0 0 0 0 0 0 0 0 0 0 0 0 1 0 0 50 33 1 36 10 35 11 16 37 41 41 0 0 72 90 15 11 26 0 13 0 0 0 0 0 0 1 0 0 0 0 0 9 20 0 0 0 0 0 0 0 0 0 0 0 0 0 0 0 0 0 0 0 0 0 0 0 0 0 0 0 0 0 0 0 0 0 0 0 0 0 0 0 0 17 5 1 1 0 0 3 0 0 0 0 0 0 0 0 0 0 0 0 0 0 0 0 0 0 7 0 0 0 0 0 0 0 0 0 0 
 75 0 77 3 289 2 0 0 74 1 35 207 0 0 0 75 11 92 1 0 324 208 476 382 78 259 450 54 318 104 36 43 221 117 124 27 39 112 0 564 0 3 5 2 1 2 0 0 6 0 0 0 0 1 2 0 0 3 0 0 0 0 0 0 0 0 1 6 0 0 0 0 0 3 2 0 54 6 0 2 0 0 0 68 43 23 0 11 1 0 0 6 0 0 1 0 0 0 0 0 60 6 0 0 0 0 4 30 18 0 0 19 31 20 19 9 0 0 24 34 0 0 0 0 0 0 0 0 0 0 0 17 0 0 0 0 0 0 0 0 10 0 0 0 0 0 0 0 0 0 0 0 0 0 3 0 0 0 0 2 0 16 22 0 9 22 0 0 0 31 0 13 0 4 10 7 12 17 0 0 16 0 21 10 0 0 0 49 11 35 12 18 4 18 17 19 0 0 25 37 0 0 0 0 0 0 0 0 0 0 0 0 0 0 0 0 0 0 0 0 0 0 0 0 0 0 0 0 0 0 0 0 0 0 0 0 0 0 0 0 0 0 0 0 0 0 0 0 23 0 0 1 0 0 2 0 0 1 0 0 4 1 0 0 0 0 0 0 0 0 0 0 0 0 0 0 0 0 0 0 0 0 0 0 0 0 0 0 0 0 
 0 0 0 75 156 38 0 0 20 75 74 147 0 0 0 21 0 77 0 0 261 143 340 287 79 55 139 338 155 102 144 102 238 241 259 380 43 263 564 0 0 64 28 0 2 2 0 0 3 0 0 0 0 2 0 203 0 3 0 0 0 0 0 0 0 0 0 0 0 0 0 0 0 3 2 0 0 5 0 2 0 14 0 23 14 40 0 0 12 42 0 15 0 0 0 0 1 0 0 0 16 19 7 0 0 0 33 49 0 0 0 0 23 0 4 2 19 14 0 42 0 0 0 0 0 0 0 9 0 0 0 0 0 0 0 0 0 0 0 0 0 0 0 0 0 0 0 0 0 0 0 4 0 0 6 0 0 1 0 2 0 23 10 0 0 32 0 0 31 1 0 12 0 0 0 32 7 0 0 0 34 10 0 14 0 20 10 18 0 23 15 0 35 17 20 15 19 0 16 64 0 0 0 0 0 0 0 0 0 0 0 0 0 0 0 0 12 0 0 1 0 0 0 1 0 0 0 0 0 2 0 0 0 0 0 0 0 0 0 0 0 19 0 0 0 0 36 0 0 1 0 0 0 0 8 1 0 1 0 3 4 2 0 0 0 0 0 0 0 0 0 0 0 0 0 0 0 2 0 0 0 0 0 0 0 0 0 0 0 0 
 0 0 0 0 2 0 0 0 0 0 0 0 0 0 0 0 0 0 0 0 0 0 206 0 0 209 0 2 0 0 0 0 39 3 1 0 0 0 0 0 0 324 162 124 31 248 212 289 246 96 37 148 123 699 239 40 136 191 46 46 0 2 0 0 0 1 51 2 0 0 5 0 0 14 0 0 0 0 4 0 0 0 0 0 0 0 0 0 0 0 0 13 0 0 0 0 0 0 0 0 0 0 0 0 0 0 0 0 0 0 0 0 0 0 0 0 0 0 0 0 0 22 6 11 22 36 0 38 10 7 11 21 0 31 1 20 1 7 0 9 3 2 0 2 0 15 2 0 0 6 0 2 2 2 2 0 0 0 19 1 0 0 0 0 0 0 0 0 0 5 0 0 0 0 0 0 0 0 0 0 0 0 0 0 0 0 0 0 0 0 0 0 0 0 13 0 0 0 0 0 10 14 20 10 1 1 8 13 19 2 4 10 0 32 0 20 0 18 0 0 0 8 8 0 0 0 0 0 0 0 0 0 5 0 0 2 0 0 0 0 0 0 0 0 0 0 0 0 10 34 0 4 0 1 0 0 0 0 0 11 0 0 5 1 3 2 0 34 0 0 0 0 0 0 0 0 0 0 0 0 0 0 0 0 12 0 0 51 0 0 
 0 0 0 0 0 0 0 6 0 0 0 0 0 0 0 0 0 0 0 0 0 0 1 0 0 24 0 0 0 0 0 0 0 0 0 0 0 0 3 64 324 0 132 55 46 98 286 126 45 23 34 85 40 96 211 130 449 170 56 133 0 0 0 22 5 7 0 0 55 58 0 0 0 0 0 0 0 1 5 0 6 0 0 0 0 0 21 0 0 0 0 0 0 0 0 0 0 0 0 37 0 0 0 0 0 0 0 0 11 0 0 0 0 0 0 0 0 0 0 0 0 22 8 4 60 19 0 24 14 0 10 8 0 15 10 21 0 29 0 0 0 3 0 8 0 0 0 0 0 25 0 0 12 0 10 0 0 0 20 0 0 0 0 0 0 0 2 0 0 13 0 0 1 0 0 0 0 0 0 0 0 0 0 0 0 0 0 0 0 0 0 0 0 0 0 0 0 0 0 0 0 29 20 0 0 0 8 17 3 8 37 31 0 17 9 20 0 15 2 0 0 0 6 0 0 0 9 0 1 0 0 0 0 0 0 0 0 4 0 0 0 0 0 0 0 0 0 0 0 0 0 4 0 1 0 0 0 0 0 11 0 0 67 1 0 0 0 64 0 0 20 0 0 0 0 0 0 0 0 0 0 0 0 0 11 0 0 2 0 0 
 0 0 62 0 0 0 0 0 0 0 0 0 0 0 0 0 0 2 0 0 0 1 0 27 0 0 0 8 0 0 8 0 0 0 0 0 0 0 5 28 162 132 0 182 501 38 60 189 137 302 87 109 414 78 131 174 148 176 112 107 0 1 52 2 0 2 0 1 25 3 3 0 3 6 0 0 7 0 0 3 0 0 0 0 0 0 0 0 0 0 0 0 0 0 0 0 0 14 0 0 0 0 0 0 0 0 0 0 0 0 0 0 0 0 0 0 0 0 0 0 19 0 0 22 29 12 8 10 21 1 0 1 11 34 3 2 11 19 9 13 0 7 0 6 0 0 0 0 0 8 0 0 0 6 1 0 0 0 0 10 0 0 0 0 0 0 0 0 0 0 12 0 0 0 0 0 0 0 0 0 0 0 9 0 0 0 0 0 0 0 0 0 0 0 0 0 0 0 0 0 7 10 0 59 0 0 0 9 34 0 21 11 0 27 8 4 8 0 0 2 0 0 0 0 0 0 1 0 0 0 0 0 0 6 0 0 0 0 0 6 0 0 0 0 0 0 0 0 0 0 0 0 0 0 0 0 0 0 0 3 3 0 66 0 2 0 0 0 2 0 23 0 51 0 0 0 0 0 0 0 0 0 0 0 0 16 0 0 0 0 
 0 0 3 0 0 0 2 0 0 0 0 0 0 0 0 0 0 3 0 0 0 0 0 3 0 0 0 1 62 0 0 0 3 3 3 2 0 2 2 0 124 55 182 0 90 113 143 80 180 179 87 113 320 147 130 169 123 70 88 289 0 55 7 1 16 5 0 0 0 0 2 4 4 50 0 58 0 0 0 0 0 0 0 0 0 0 0 0 0 0 0 0 0 0 0 0 0 0 0 0 0 0 0 0 0 0 0 0 0 0 0 0 0 0 0 0 0 0 0 0 21 0 9 0 19 31 0 0 10 12 0 6 0 19 10 34 18 9 0 0 0 1 4 8 4 12 30 15 13 16 7 0 13 32 10 13 0 8 46 0 0 0 0 0 0 0 0 4 0 0 13 0 0 0 0 0 0 0 0 0 0 0 0 0 0 0 0 0 0 0 0 20 0 0 0 0 0 0 0 0 6 2 6 22 13 8 0 59 43 7 10 10 0 0 0 19 0 29 0 0 0 0 20 12 12 0 1 14 12 0 10 0 13 44 4 0 1 1 11 8 0 0 0 0 0 0 0 0 0 0 0 4 0 0 0 0 0 0 0 10 0 0 0 0 68 16 3 0 0 0 0 0 0 0 0 0 0 0 0 0 0 0 0 0 40 8 0 0 2 0 
 0 0 0 0 5 31 0 0 2 0 0 0 0 0 0 0 0 3 0 0 0 0 0 0 0 0 0 0 0 0 0 0 0 3 0 7 0 0 1 2 31 46 501 90 0 156 74 125 98 125 182 167 87 58 154 81 129 46 61 86 6 0 2 3 11 119 26 5 0 5 5 0 3 0 1 0 4 2 0 92 0 0 0 0 0 0 0 0 0 0 0 0 0 0 0 0 0 0 0 0 0 0 0 0 0 0 0 0 0 0 0 0 0 0 0 0 0 0 0 0 0 0 10 0 11 2 0 0 0 0 59 0 0 0 0 0 0 2 0 0 19 0 17 0 9 6 14 0 3 0 3 3 24 9 0 10 1 0 7 28 0 0 0 0 3 0 0 0 0 0 0 3 0 0 0 0 0 0 4 0 0 0 0 0 0 0 0 0 0 0 0 0 0 0 0 0 0 0 0 0 13 0 19 0 29 8 0 0 0 13 0 1 0 0 0 1 0 0 0 0 4 0 0 20 0 5 6 27 12 0 16 0 60 0 11 31 0 0 33 74 1 0 0 0 0 0 0 0 0 9 0 5 0 0 0 0 0 0 0 1 0 0 3 38 0 0 0 2 0 0 0 0 0 0 0 3 0 0 0 0 0 0 0 0 0 0 0 0 8 0 
 0 0 0 0 4 0 0 0 0 7 0 0 0 0 0 0 3 3 0 0 2 2 2 2 3 5 2 2 2 2 2 2 2 5 3 2 2 2 2 2 248 98 38 113 156 0 41 31 39 72 128 173 37 332 68 96 295 255 114 54 30 0 0 3 8 4 41 0 0 4 5 0 0 96 24 23 5 0 24 0 0 13 0 0 0 0 0 0 0 0 0 0 0 0 0 0 0 0 0 0 0 0 0 0 0 0 0 0 0 0 0 0 6 0 0 0 0 0 0 0 0 0 1 9 17 11 0 0 0 0 6 21 0 0 0 0 0 14 0 0 0 0 16 0 5 7 27 0 0 0 12 1 17 9 0 13 4 0 0 0 0 4 0 0 0 0 0 0 0 0 5 0 0 0 0 0 0 0 0 0 0 0 0 0 0 0 0 0 0 0 0 0 0 0 0 0 0 0 0 0 0 1 0 0 18 10 0 0 8 1 52 13 0 0 0 0 0 5 0 0 0 8 0 34 0 7 28 7 11 0 11 10 24 1 30 12 0 20 14 0 10 0 0 0 0 0 0 0 0 0 0 0 0 0 0 0 0 0 0 1 0 0 4 0 0 25 6 0 0 0 0 0 0 0 0 2 0 0 0 0 0 0 0 0 9 0 0 9 10 0 
 0 0 0 1 68 2 0 0 0 0 0 0 0 0 0 0 0 0 0 0 0 0 63 70 5 1 0 0 64 62 1 22 1 0 0 0 72 0 0 0 212 286 60 143 74 41 0 88 51 23 68 115 66 72 48 55 244 120 159 130 4 2 0 0 0 2 12 0 0 0 1 0 0 2 0 0 4 0 41 0 0 0 0 0 0 0 0 0 0 0 0 0 0 0 12 0 0 0 0 0 0 0 0 0 0 29 0 0 33 0 0 3 0 0 0 0 0 0 0 0 19 75 19 12 0 0 14 41 60 9 22 0 16 1 41 3 21 3 0 7 4 0 0 0 0 0 0 0 0 0 0 6 1 0 9 0 0 0 0 0 0 0 0 0 0 0 0 0 0 5 0 0 0 0 0 0 0 0 0 10 0 1 0 29 17 3 0 0 0 0 0 0 0 0 0 0 0 0 0 0 36 7 20 14 0 0 28 5 0 6 6 17 0 3 0 20 26 0 7 8 0 3 9 0 0 0 0 0 0 16 0 0 14 0 0 0 0 0 0 0 0 0 0 0 0 0 0 0 0 0 0 5 0 0 0 0 0 29 0 11 0 0 1 1 0 0 1 70 0 0 0 0 0 0 0 0 0 0 0 0 0 0 0 0 0 0 0 0 0 0 
 0 0 2 0 0 0 3 0 0 0 0 0 0 0 0 0 0 3 3 0 0 0 0 7 0 0 0 0 0 0 0 62 0 0 0 1 0 4 0 0 289 126 189 80 125 31 88 0 184 47 69 45 123 380 162 124 406 44 46 99 0 3 0 2 52 6 0 0 0 0 2 0 5 0 0 0 0 1 0 0 0 0 0 0 0 0 0 0 0 0 0 0 0 0 0 0 0 0 0 0 0 0 0 0 0 0 0 0 0 0 0 0 0 0 0 0 0 0 0 0 1 0 42 0 15 29 8 16 31 14 0 1 10 13 18 3 0 28 0 25 0 9 0 5 0 0 0 0 10 4 0 0 11 6 14 0 0 0 25 27 0 0 0 0 16 0 0 0 0 0 0 3 0 14 0 0 16 0 4 0 0 0 0 0 0 3 0 0 0 0 0 0 0 0 0 0 0 0 0 0 22 14 12 19 2 48 0 0 14 6 24 15 0 4 12 0 17 10 0 18 0 0 0 0 0 0 1 0 0 9 0 11 0 6 0 0 0 0 7 20 0 0 0 0 0 0 0 0 0 0 0 14 0 0 0 0 0 0 0 0 0 0 1 66 4 2 0 0 0 0 27 0 0 0 0 0 0 0 0 0 0 0 0 0 0 17 0 0 1 0 
 0 0 0 0 40 0 0 0 0 0 0 4 0 0 0 0 0 6 0 0 62 5 5 0 0 0 6 3 0 0 0 0 0 1 2 1 2 6 6 3 246 45 137 180 98 39 51 184 0 427 408 321 116 288 170 158 80 82 84 59 1 3 0 0 0 3 2 0 0 51 0 0 4 3 0 0 0 30 0 54 0 0 0 0 0 9 0 0 0 0 0 0 0 0 0 0 0 0 0 0 0 3 0 0 0 0 3 0 0 0 0 0 0 0 0 0 0 0 0 0 0 0 0 10 20 43 0 0 1 8 18 12 0 0 1 0 9 6 0 0 0 0 5 26 0 0 14 0 0 0 0 0 27 25 1 6 0 0 8 24 0 0 0 0 4 7 0 0 0 0 0 2 0 0 0 0 0 0 9 0 0 0 24 0 0 0 0 0 0 0 0 0 4 0 0 3 0 0 0 13 0 12 61 16 28 7 0 2 6 54 21 7 0 0 0 0 0 34 0 0 0 0 0 0 0 0 14 0 0 0 0 0 10 28 0 0 0 0 26 27 0 0 0 0 0 0 4 0 0 0 0 4 0 2 0 0 0 0 0 2 0 0 1 3 0 1 0 0 0 0 0 0 0 0 0 18 0 0 0 0 0 1 0 0 14 27 0 0 0 0 
 0 0 0 0 0 0 0 0 0 0 0 0 0 0 0 0 0 6 0 0 0 0 0 0 4 0 0 0 0 0 0 0 0 0 0 3 0 6 0 0 96 23 302 179 125 72 23 47 427 0 408 206 55 59 132 140 333 46 65 94 0 7 0 0 0 9 5 2 0 0 0 47 9 0 0 2 0 0 0 56 0 11 0 0 0 0 0 0 0 0 0 0 0 0 0 0 0 0 0 0 0 0 0 0 0 0 0 0 0 0 0 0 0 0 0 0 0 0 0 0 0 0 8 0 34 29 4 0 19 10 5 16 1 11 21 2 10 26 0 0 0 0 2 0 0 0 12 0 0 2 0 0 32 24 15 0 0 0 12 8 0 0 0 0 3 0 0 0 0 0 0 2 0 0 0 0 0 0 3 0 0 0 0 0 12 0 0 0 0 0 0 0 0 0 0 0 0 0 0 0 17 10 20 21 71 13 3 0 6 7 20 23 0 12 0 6 0 10 7 0 0 0 0 0 0 0 1 0 0 1 0 0 13 25 0 0 0 0 27 31 0 0 0 0 0 0 0 0 0 0 1 0 0 0 0 0 0 0 0 12 0 0 65 66 0 0 0 0 0 0 0 0 0 0 0 0 0 0 0 0 0 0 5 0 18 2 0 0 1 0 
 0 0 0 2 2 0 5 0 2 0 0 0 0 0 0 0 0 1 0 0 0 0 0 0 1 0 0 4 0 0 0 0 18 2 0 3 0 0 0 0 37 34 87 87 182 128 68 69 408 408 0 418 29 47 74 157 186 47 30 499 22 4 0 0 0 7 123 7 0 0 0 0 4 75 20 0 0 1 24 39 0 0 0 0 0 19 0 0 0 0 0 0 0 0 0 0 0 0 0 0 0 0 0 0 0 0 0 0 0 0 0 0 0 0 0 0 0 0 0 0 1 0 0 0 24 16 0 0 11 7 92 0 0 0 35 0 1 20 0 0 0 0 0 0 0 0 6 0 0 0 0 0 8 11 19 10 29 0 23 21 0 0 0 0 0 0 0 0 0 0 0 0 0 0 0 0 0 0 0 0 0 0 0 0 7 0 0 0 0 0 0 0 0 0 0 11 0 0 0 0 0 0 25 22 12 16 0 0 16 7 14 12 0 0 0 0 0 7 0 0 2 42 0 0 0 0 56 18 21 0 0 0 26 9 18 11 0 70 14 52 0 0 0 0 0 0 0 0 0 0 0 1 0 0 0 0 0 0 0 9 0 0 4 1 0 4 2 0 0 0 0 0 0 0 0 0 0 0 0 0 0 0 0 0 0 9 0 0 2 0 
 0 0 0 0 0 0 0 0 0 0 0 0 0 0 0 0 0 0 0 0 0 0 0 0 1 0 0 3 0 0 0 0 0 0 0 0 0 0 0 0 148 85 109 113 167 173 115 45 321 206 418 0 63 322 168 52 93 80 31 39 58 0 0 3 0 1 54 0 0 0 13 0 0 65 49 0 0 1 49 52 0 0 0 0 0 0 0 0 0 0 0 0 0 0 0 0 0 0 0 0 0 0 0 0 0 0 0 0 0 0 0 0 0 0 0 0 0 0 0 0 11 0 10 0 10 35 0 15 0 7 18 20 5 43 0 10 0 0 0 8 0 0 0 0 0 1 1 0 0 0 0 0 0 0 0 0 3 0 10 0 0 0 0 0 0 0 0 0 0 0 0 0 0 0 0 0 0 0 0 0 0 0 0 0 0 0 0 0 0 0 0 0 0 0 0 0 0 0 0 0 12 12 0 9 0 18 0 10 13 0 6 0 0 0 0 11 0 21 0 0 11 0 1 0 0 0 31 2 19 0 2 0 17 0 0 8 0 8 6 7 0 0 0 0 0 0 0 0 0 0 0 0 0 0 0 0 0 0 0 13 0 0 0 0 67 0 0 0 0 0 0 0 0 0 0 0 0 0 0 0 0 0 0 0 0 1 0 0 1 5 
 0 0 2 0 0 0 0 0 0 0 0 0 5 0 1 0 0 0 0 0 0 0 0 36 1 23 0 0 0 63 99 0 2 0 0 31 62 0 0 0 123 40 414 320 87 37 66 123 116 55 29 63 0 144 148 59 46 110 442 136 0 0 0 0 0 55 0 0 0 0 0 0 0 0 0 0 0 0 0 2 0 0 0 0 0 0 0 0 0 0 0 0 0 0 0 0 0 0 0 0 0 0 0 26 0 24 0 0 0 0 26 0 0 0 0 0 0 19 0 14 40 11 9 16 0 22 15 0 7 1 0 29 0 32 4 34 48 0 48 14 0 0 0 0 0 0 0 0 0 0 0 5 0 0 0 0 0 0 46 0 0 0 0 0 0 0 0 0 0 1 0 0 0 0 0 0 0 0 0 0 0 12 0 0 17 0 0 0 0 0 0 20 0 0 0 15 0 0 0 0 28 1 0 60 0 0 11 43 42 34 0 6 19 27 19 25 26 17 5 0 0 0 0 0 0 0 1 0 0 0 0 0 0 0 0 0 0 0 0 0 0 0 8 0 0 0 0 0 0 0 0 0 0 2 0 0 0 0 0 3 0 15 0 0 69 2 0 0 2 0 0 0 0 0 0 0 0 0 0 0 0 13 0 0 0 0 0 1 0 0 
 0 0 0 0 1 1 0 1 2 1 0 3 0 0 1 64 0 1 0 0 2 1 13 1 4 7 2 2 5 4 2 2 2 1 1 1 1 3 1 2 699 96 78 147 58 332 72 380 288 59 47 322 144 0 173 152 94 42 177 341 2 0 0 2 20 2 2 2 0 2 6 2 0 0 54 0 2 0 2 4 0 0 0 0 0 0 0 0 0 0 0 0 0 0 0 0 0 0 0 0 0 0 7 0 0 1 0 0 8 7 4 5 0 0 0 0 0 1 0 0 11 0 14 23 0 17 8 11 48 10 0 10 1 17 18 11 12 9 8 11 0 0 0 0 0 0 0 0 0 0 0 0 0 0 20 0 0 4 11 0 0 0 0 0 0 0 0 0 0 0 0 0 0 0 0 0 0 0 0 0 0 0 0 11 0 0 0 0 0 0 0 2 0 0 0 0 11 0 0 0 0 14 0 13 0 0 0 20 20 7 9 9 29 9 5 17 7 12 0 11 0 0 12 0 2 0 11 0 0 0 0 0 0 0 0 0 0 0 0 0 0 0 0 0 0 0 0 0 0 0 0 4 0 2 0 0 0 2 6 0 0 0 1 0 0 0 0 65 0 0 0 0 0 0 0 0 0 0 0 0 0 0 0 0 11 0 0 11 0 8 
 0 6 0 0 0 9 0 2 4 3 1 0 0 0 5 5 1 2 0 0 0 0 1 0 3 0 0 0 0 0 0 0 10 1 2 0 0 2 2 0 239 211 131 130 154 68 48 162 170 132 74 168 148 173 0 104 74 153 73 323 0 0 0 0 0 2 0 0 0 0 7 0 0 0 3 0 0 0 2 0 0 0 7 0 4 0 0 0 0 0 0 8 0 0 0 6 4 6 0 0 0 0 0 0 0 0 0 0 0 0 0 0 0 0 0 0 0 0 0 0 0 0 50 18 2 20 7 10 24 2 1 14 0 44 0 47 0 33 0 14 0 4 0 3 0 0 0 0 0 3 0 0 3 0 0 0 0 0 60 37 0 0 0 0 48 0 6 0 0 0 1 6 0 0 10 0 0 0 5 0 0 0 0 0 0 1 0 0 0 0 0 0 0 0 0 0 0 0 0 0 89 29 0 10 0 13 0 10 34 21 19 0 0 1 8 1 56 34 23 11 0 0 7 0 0 0 0 0 0 26 0 0 0 0 0 0 0 0 6 4 0 0 0 0 0 0 0 0 0 21 0 9 0 2 0 0 0 0 0 0 0 0 10 68 3 1 3 63 2 0 6 0 0 0 0 0 0 0 0 0 0 0 0 0 12 0 0 10 0 0 
 0 0 0 0 0 0 3 0 0 0 0 0 0 0 0 0 0 3 0 0 0 0 0 5 1 1 0 0 78 1 0 210 5 0 0 0 2 0 0 203 40 130 174 169 81 96 55 124 158 140 157 52 59 152 104 0 65 53 101 68 4 3 0 209 2 5 0 0 0 0 52 0 4 53 1 0 0 207 0 13 0 0 0 0 0 0 0 0 0 0 0 0 0 0 0 0 0 0 0 0 0 0 0 0 0 0 0 0 0 0 0 0 0 0 0 10 0 0 0 0 12 0 0 36 15 8 1 0 10 21 0 0 0 13 16 9 29 23 7 14 0 0 2 5 0 0 14 0 0 0 0 0 13 21 1 3 0 0 15 0 0 0 0 0 0 0 0 0 0 1 0 0 0 0 0 0 0 0 0 0 0 0 0 0 0 0 0 0 0 0 0 0 0 0 0 0 0 0 0 0 0 19 17 50 4 14 1 15 44 22 23 13 0 14 0 0 21 15 0 0 0 7 0 0 0 0 11 0 0 0 0 4 1 13 11 0 0 0 22 14 0 0 0 0 0 0 0 0 0 0 0 3 0 1 0 0 0 0 0 1 0 0 0 0 0 1 0 0 0 0 0 0 0 0 0 0 0 0 0 0 0 3 8 0 10 14 0 23 0 0 
 3 0 4 0 2 0 6 10 2 0 0 0 3 9 0 0 1 4 17 0 0 0 0 0 63 0 0 0 0 0 0 65 0 4 0 1 0 4 0 0 136 449 148 123 129 295 244 406 80 333 186 93 46 94 74 65 0 75 88 252 0 0 0 0 6 12 0 0 0 206 0 44 0 0 0 0 5 0 0 0 0 12 0 18 0 0 0 0 0 0 0 0 10 0 0 0 0 0 0 0 0 0 0 0 0 0 0 0 0 0 0 0 0 0 0 0 0 0 2 0 25 20 18 11 0 0 0 76 20 1 14 0 25 12 20 7 0 11 0 0 0 0 0 0 0 0 0 0 0 0 0 0 0 0 14 0 0 0 16 0 21 0 3 1 3 0 0 18 0 8 0 0 0 0 0 4 16 0 0 0 0 0 7 11 0 7 8 0 0 0 0 0 0 0 0 0 0 0 0 0 10 0 28 1 0 0 11 9 8 0 1 12 0 0 7 42 10 0 0 0 0 0 0 0 0 9 0 0 0 0 0 0 0 3 0 0 0 0 0 0 0 0 0 0 0 2 0 0 0 0 0 4 0 2 0 0 0 65 0 1 0 1 1 62 87 1 3 1 0 0 0 0 0 0 0 0 0 0 0 0 0 1 0 0 0 6 0 0 0 0 
 0 0 0 0 0 0 0 0 2 0 0 0 0 0 0 0 0 2 0 0 4 3 3 3 3 3 3 3 3 3 3 3 64 0 3 2 3 4 3 3 191 170 176 70 46 255 120 44 82 46 47 80 110 42 153 53 75 0 104 67 1 0 0 0 0 1 51 0 2 5 0 0 0 0 0 0 51 2 0 4 0 0 0 0 0 0 0 0 0 0 0 0 0 0 0 0 15 0 1 0 0 0 12 0 0 0 0 0 9 0 0 0 0 0 0 0 0 0 0 0 39 21 28 16 10 24 40 47 20 0 0 15 6 14 0 9 14 18 0 14 0 6 6 12 0 0 7 14 7 28 0 0 13 13 0 1 6 0 9 0 0 0 0 0 0 0 0 0 0 5 0 0 0 5 0 0 0 0 0 0 0 0 0 0 0 0 0 0 0 0 0 0 0 0 0 0 0 0 0 1 9 13 0 22 1 9 2 22 17 0 8 7 0 3 4 32 1 11 0 21 0 1 3 0 0 0 9 7 0 11 0 6 0 0 5 0 4 0 0 0 0 0 0 0 0 0 0 0 9 0 0 2 0 2 0 0 0 0 0 11 0 2 3 0 67 1 5 0 0 0 22 0 0 0 0 0 0 0 0 0 0 1 0 0 0 0 0 0 0 0 
 5 0 3 0 0 0 0 3 0 0 0 0 0 0 0 0 0 2 0 0 0 0 0 58 1 63 0 0 0 117 120 117 0 0 0 0 17 0 0 0 46 56 112 88 61 114 159 46 84 65 30 31 442 177 73 101 88 104 0 236 0 0 6 2 3 1 0 0 0 1 5 0 0 0 0 0 3 1 0 3 0 0 0 0 0 0 0 0 0 0 0 0 0 0 0 0 0 0 0 0 0 12 0 11 0 13 10 0 0 0 35 16 0 0 0 0 0 0 0 0 37 15 9 24 0 0 13 11 46 9 0 14 15 0 25 0 21 0 13 57 0 0 0 11 5 3 0 0 0 16 8 5 1 0 0 0 0 0 0 0 0 0 0 0 0 0 0 0 0 0 0 0 0 0 0 0 0 0 0 0 0 0 0 10 18 0 0 0 0 0 0 0 0 0 0 11 0 0 0 0 20 0 0 7 0 0 33 33 12 18 0 23 16 15 12 4 33 0 0 0 0 0 0 0 12 0 0 0 16 0 11 0 0 0 0 0 0 0 0 0 0 0 11 0 0 0 0 0 0 0 0 10 0 0 0 0 0 18 0 13 1 0 0 0 0 4 2 0 0 0 0 0 0 0 0 0 0 0 0 0 0 0 0 0 0 0 0 0 0 0 
 0 0 0 0 3 0 0 0 0 0 0 2 0 0 0 0 0 0 0 0 0 0 62 69 128 127 0 2 63 62 3 8 2 3 0 18 0 0 0 0 46 133 107 289 86 54 130 99 59 94 499 39 136 341 323 68 252 67 236 0 0 0 8 5 6 1 0 0 0 0 38 0 0 0 0 0 16 0 0 2 0 2 0 0 0 0 0 0 0 0 0 17 0 0 0 0 0 27 0 0 0 0 0 6 5 34 0 0 18 0 16 13 0 0 0 0 10 0 0 0 12 21 0 0 1 3 24 0 34 5 11 0 0 6 21 11 27 11 1 10 10 7 0 7 38 8 0 0 15 12 3 0 0 0 0 0 0 3 0 0 0 0 0 0 0 0 0 0 0 0 0 0 0 0 0 0 0 0 0 0 0 1 0 28 7 0 0 0 0 0 10 4 0 0 0 13 0 0 0 0 0 14 0 0 0 11 12 11 37 32 14 0 10 12 24 11 32 12 18 76 0 0 0 0 14 0 0 0 9 6 3 0 0 0 0 0 0 0 0 0 0 0 12 0 0 0 0 0 0 0 0 0 0 0 1 0 0 0 68 0 1 0 2 0 0 2 5 0 0 0 11 0 0 0 0 1 0 0 0 0 0 0 0 0 0 0 0 0 0 0 
 0 0 0 2 0 2 0 0 0 0 0 0 0 0 0 0 0 0 0 30 0 0 0 0 0 0 0 2 0 0 0 0 5 0 0 0 0 0 0 0 0 0 0 0 6 30 4 0 1 0 22 58 0 2 0 4 0 1 0 0 0 256 102 265 84 31 84 211 85 120 42 35 162 339 91 35 17 37 136 124 0 0 0 0 0 0 0 0 0 0 0 0 0 0 0 0 0 0 0 0 0 0 0 0 0 0 0 0 0 0 0 0 0 0 0 0 0 0 0 0 0 4 0 0 0 22 0 0 0 0 21 0 0 0 0 0 0 0 0 0 6 22 27 0 0 1 1 0 30 0 0 15 9 8 12 13 6 5 0 5 0 0 0 0 0 0 0 0 0 0 0 0 0 4 0 0 4 0 0 0 0 0 0 0 0 0 0 0 0 0 0 0 0 0 0 0 0 0 19 0 0 0 18 0 31 0 0 0 0 0 8 0 0 0 0 0 0 0 0 0 25 87 10 34 11 3 26 6 44 10 2 7 4 5 33 38 7 18 9 0 0 0 0 3 0 0 0 0 0 0 0 0 0 0 14 0 0 0 0 0 0 0 0 0 0 0 9 0 0 0 8 0 0 2 0 0 0 0 0 0 0 0 0 0 0 0 0 0 5 0 
