 0 109 401 101 38 246 180 280 321 143 37 69 152 65 131 50 336 234 128 127 9 5 3 0 0 3 0 3 0 0 0 0 3 6 9 0 0 0 3 3 1 1 0 2 4 2 1 0 0 1 0 2 1 4 2 5 1 0 2 2 0 0 2 0 1 0 1 4 2 0 0 0 0 1 3 5 0 3 0 0 16 14 1 17 30 4 11 39 28 0 11 0 49 10 1 21 18 73 13 9 0 0 0 0 0 0 2 20 0 0 0 0 0 0 0 0 0 0 3 0 0 0 0 0 0 0 0 0 0 0 0 0 1 0 0 0 0 0 0 0 0 2 0 0 0 0 0 7 0 0 0 0 0 0 22 0 0 1 0 0 38 0 26 30 27 10 19 11 5 19 41 46 0 36 1 21 4 22 0 5 0 0 0 0 0 0 0 0 2 0 0 0 5 0 0 1 0 0 0 0 0 0 0 0 0 0 0 0 0 0 0 0 0 0 0 0 0 0 0 0 10 0 0 0 0 0 0 0 5 0 0 0 2 0 0 0 0 0 0 0 0 0 0 0 2 3 51 0 1 1 0 6 0 0 0 0 0 0 0 0 0 2 0 0 0 0 0 0 0 0 0 2 0 0 0 11 17 0 0 0 0 0 0 0 0 0 0 0 0 0 
 109 0 572 259 82 48 287 187 335 133 203 150 143 94 91 185 169 26 63 48 0 3 0 1 6 82 0 0 0 0 0 1 3 0 3 0 0 1 38 0 0 0 0 1 1 2 60 0 0 0 1 0 0 0 2 3 0 0 64 0 0 0 2 0 0 0 0 2 0 0 0 0 0 0 3 3 0 3 0 0 22 28 0 39 29 20 0 31 1 30 12 15 0 12 13 15 10 11 0 0 0 0 0 0 0 0 0 0 0 0 0 0 14 11 0 0 0 15 23 25 0 0 0 0 0 0 55 0 0 0 0 0 1 0 0 1 0 0 0 0 0 0 28 0 0 0 2 0 0 1 0 0 0 0 0 0 0 0 0 0 0 18 12 10 0 0 33 0 11 13 18 5 0 10 8 33 10 23 0 30 0 0 0 0 0 0 10 0 0 0 0 0 38 0 0 0 0 0 24 14 0 0 0 0 0 0 0 0 0 0 0 0 0 0 0 0 0 0 0 0 0 0 0 0 0 0 0 0 0 0 0 0 9 2 0 0 1 0 0 0 0 0 0 0 0 0 2 0 91 20 0 7 0 0 0 0 0 0 0 0 0 0 0 0 0 0 0 0 0 0 0 0 0 0 0 7 0 0 0 0 0 0 0 0 0 0 0 0 0 0 
 401 572 0 264 336 464 168 122 301 359 151 112 45 120 107 488 335 389 40 48 1 9 2 0 0 3 0 0 0 0 0 0 3 0 3 0 2 2 3 0 0 0 0 2 2 2 0 0 0 0 2 0 0 50 0 3 0 0 0 0 0 0 2 0 0 1 0 3 23 0 0 0 0 0 3 3 0 2 0 0 61 28 1 11 0 40 0 33 22 23 24 0 18 0 40 16 0 60 0 11 0 0 0 0 0 0 0 0 0 0 0 0 1 0 0 0 0 2 17 0 0 0 0 0 0 0 17 0 0 0 0 0 1 0 0 0 0 0 0 0 0 0 0 0 9 0 3 0 0 0 0 0 0 0 0 0 0 0 0 0 5 17 35 15 50 21 13 10 0 17 36 4 18 11 9 7 0 9 15 18 0 0 0 0 0 2 10 13 2 0 0 0 0 0 0 0 0 0 7 0 0 0 0 0 0 14 0 0 2 0 0 0 0 0 0 0 0 0 0 0 0 0 14 0 0 2 0 0 0 0 0 0 0 0 0 0 0 0 0 0 0 0 0 0 1 0 1 0 1 184 19 12 1 0 0 0 0 0 0 0 0 0 0 0 0 0 0 0 0 0 0 0 0 0 0 0 5 0 0 0 0 0 0 0 0 0 0 0 0 0 
 101 259 264 0 171 125 144 296 274 353 314 130 61 223 135 379 193 223 155 61 0 3 0 0 1 3 0 0 0 0 0 0 3 0 3 0 0 0 0 0 0 0 0 3 2 2 0 0 0 0 65 0 0 0 0 6 0 0 0 0 0 0 2 0 0 0 0 4 0 0 0 0 0 0 1 3 0 0 0 3 63 29 9 25 13 14 0 37 40 27 31 17 18 13 29 37 1 26 1 24 0 0 0 0 0 0 0 0 0 0 0 0 1 0 0 0 0 0 0 20 0 0 0 0 0 0 34 0 0 0 0 0 0 0 0 0 0 0 0 0 0 0 0 0 0 0 6 0 0 0 0 0 0 0 0 0 0 0 0 0 20 16 16 22 33 0 21 30 0 53 9 6 37 27 18 12 12 7 14 9 0 0 0 0 20 0 0 2 0 0 0 0 0 0 0 0 0 0 24 2 0 0 0 1 0 18 0 0 0 0 0 1 0 0 0 0 0 0 0 0 0 0 0 0 0 0 0 0 0 0 0 0 0 0 0 0 0 1 0 0 0 10 0 0 0 4 4 0 1 87 0 11 0 0 0 0 0 0 0 0 0 0 0 0 0 0 0 0 0 0 0 0 0 0 0 1 10 0 0 0 0 0 0 0 0 0 0 0 0 0 
 38 82 336 171 0 52 68 188 470 84 204 220 373 72 74 223 239 120 79 69 0 3 73 1 0 5 1 0 0 1 0 0 6 111 3 0 0 0 155 62 0 0 0 1 0 2 0 0 0 0 0 0 0 0 0 31 0 63 0 0 0 0 2 0 0 0 0 1 3 0 0 0 0 0 3 3 0 3 0 0 10 13 0 11 52 10 0 22 0 82 15 25 0 0 0 11 0 11 0 0 8 0 5 0 0 0 9 19 0 0 0 0 19 24 16 1 0 0 2 21 8 2 0 0 0 0 22 0 1 2 9 0 0 0 0 0 0 0 0 0 0 0 0 0 10 0 0 0 0 0 0 0 0 0 0 0 2 0 0 0 0 0 0 24 27 17 0 0 29 31 18 5 0 0 0 28 34 27 0 1 11 9 0 0 9 0 30 0 0 0 21 0 26 0 22 0 0 0 11 54 0 0 0 2 0 0 0 0 0 0 0 2 0 0 1 25 0 0 0 0 0 33 22 0 0 0 0 0 0 0 0 0 0 0 0 0 0 0 0 0 0 1 0 0 0 0 88 0 90 10 0 14 15 0 0 0 0 0 0 0 0 0 0 0 0 0 0 0 0 0 0 0 0 0 0 0 0 0 0 0 0 0 0 0 0 0 0 0 0 5 
 246 48 464 125 52 0 41 259 282 361 456 355 42 34 59 90 292 62 145 59 154 157 31 73 4 4 2 74 2 78 1 2 38 2 20 2 0 3 151 21 2 2 2 5 0 4 1 2 2 1 0 0 1 2 2 3 2 1 2 2 2 0 4 2 0 0 0 3 2 0 2 6 2 0 2 5 0 1 2 0 0 0 0 0 0 0 0 0 0 1 0 8 0 0 34 0 0 14 9 0 14 0 12 0 0 0 25 8 27 1 0 2 67 25 23 13 23 0 21 13 0 0 0 0 0 0 0 0 19 0 0 0 0 15 0 0 0 0 1 0 0 0 0 0 2 0 0 0 0 0 0 0 37 0 0 6 0 0 0 0 0 0 2 0 0 11 0 0 0 3 1 1 0 0 0 0 0 0 0 0 23 0 14 9 0 0 24 22 13 10 19 0 29 14 31 2 0 0 3 17 0 0 0 0 0 0 0 0 1 0 0 0 0 0 0 0 0 0 0 0 0 0 0 0 0 0 0 0 0 0 0 0 0 0 0 0 0 10 0 0 0 0 0 0 0 1 1 0 4 1 0 8 0 2 0 0 0 2 0 0 0 0 0 0 1 0 0 0 0 0 0 0 0 0 0 0 0 0 0 0 0 0 0 0 0 0 13 0 0 0 
 180 287 168 144 68 41 0 295 47 126 35 63 177 123 205 48 144 253 208 184 0 3 1 0 0 3 0 0 0 2 0 0 3 0 3 0 0 0 0 0 0 0 0 3 2 2 7 0 0 0 58 0 0 0 0 3 0 0 0 0 0 0 2 0 0 0 0 3 0 0 0 0 0 0 1 3 0 0 0 0 19 0 27 18 21 0 47 0 11 0 1 0 10 16 21 11 0 11 2 22 0 0 0 0 0 0 0 0 0 0 0 0 0 0 0 0 0 0 12 0 0 0 0 0 0 0 0 0 0 0 0 0 0 15 0 2 0 0 0 0 0 0 0 0 0 0 11 0 0 1 0 0 0 0 0 0 0 0 0 0 0 1 4 16 36 2 0 25 0 0 0 0 43 2 15 0 10 1 35 18 0 0 0 0 0 1 0 0 0 0 0 0 1 0 0 0 0 0 0 0 0 0 0 0 0 0 0 0 0 0 0 0 0 0 0 0 0 0 0 0 0 0 0 0 5 1 0 0 0 0 0 0 0 0 0 0 1 0 21 0 0 0 0 0 0 2 0 0 2 0 1 4 0 0 0 0 0 0 0 0 0 0 0 0 0 0 0 0 0 0 0 0 0 0 0 0 12 0 0 0 0 0 0 0 0 0 0 0 0 0 
 280 187 122 296 188 259 295 0 108 446 261 46 104 178 187 60 126 109 477 146 0 3 0 0 0 5 0 0 0 0 0 1 3 0 3 1 0 0 75 0 0 0 0 2 2 2 0 0 0 0 65 0 0 0 0 3 0 0 0 0 0 0 2 0 0 0 0 3 0 0 21 0 0 0 3 3 0 2 0 0 40 23 14 17 7 0 0 43 44 39 35 2 7 15 40 19 10 25 11 21 0 0 0 0 0 0 0 0 0 0 0 0 0 0 0 0 2 0 0 0 0 0 0 0 0 0 0 0 0 0 0 0 0 0 0 0 0 0 0 0 0 0 0 0 0 0 29 16 0 0 0 0 0 0 0 0 0 0 0 0 25 13 26 14 17 0 0 33 23 29 13 0 14 9 30 1 13 17 17 23 0 0 0 0 0 0 0 0 0 1 0 0 29 0 0 0 0 0 0 0 0 0 0 0 0 0 0 0 0 0 0 0 0 0 0 0 0 0 0 0 0 0 0 0 0 0 0 1 0 0 0 0 0 0 0 1 0 0 0 0 0 18 0 0 0 2 1 0 1 2 0 23 0 0 0 0 0 0 0 0 0 0 0 0 0 0 0 0 8 0 0 0 0 0 0 0 10 16 0 0 0 0 0 0 0 0 0 0 0 0 
 321 335 301 274 470 282 47 108 0 175 54 159 82 183 94 232 133 92 102 74 79 7 0 0 0 3 2 0 0 0 0 0 3 74 3 0 35 2 383 1 0 1 0 0 1 2 0 0 2 2 1 0 0 0 0 2 2 3 0 0 0 2 2 0 1 0 0 0 0 1 0 2 0 0 3 3 0 6 0 0 53 13 19 19 9 11 0 15 29 15 34 41 1 15 13 20 0 51 0 0 9 0 1 0 0 0 20 0 0 0 0 0 21 0 0 0 0 0 2 2 0 2 0 0 1 0 22 0 0 2 0 0 0 0 0 0 0 0 0 0 5 0 20 0 3 0 0 0 0 0 0 0 0 0 0 0 2 46 0 0 0 0 14 21 1 0 12 0 13 16 11 0 0 14 0 9 23 1 0 1 0 0 0 0 0 0 1 20 0 0 0 0 7 0 0 0 0 0 0 29 0 0 0 2 0 0 0 0 0 0 0 2 0 0 0 0 0 0 0 0 0 0 0 0 0 0 0 0 0 0 0 0 0 0 0 0 0 0 0 0 0 1 0 0 0 0 1 0 2 88 2 7 0 0 0 0 0 0 0 0 0 0 14 0 0 0 0 0 0 0 0 0 0 0 0 15 0 0 0 0 0 0 0 0 0 0 0 0 0 0 
 143 133 359 353 84 361 126 446 175 0 354 133 47 210 105 157 48 124 181 188 0 3 0 0 0 3 0 0 0 0 0 0 3 0 3 0 0 0 0 0 0 0 0 3 0 2 0 0 0 0 64 0 0 47 0 3 0 0 0 0 0 0 2 0 0 0 0 32 6 0 0 0 0 0 2 3 0 1 0 0 25 11 16 44 26 0 0 20 36 26 19 12 18 0 15 0 9 27 1 0 0 0 0 0 0 0 0 1 0 0 0 0 37 0 11 0 4 0 35 0 2 0 0 0 0 0 0 0 0 0 0 0 0 0 0 0 2 0 0 0 0 0 0 0 10 0 8 3 0 0 0 0 0 0 0 0 0 0 0 0 42 20 11 35 47 31 0 31 9 39 16 16 16 0 19 0 7 13 21 16 0 0 0 0 0 0 0 9 0 0 15 0 0 2 0 0 0 0 0 1 0 0 0 0 0 0 0 0 0 0 0 0 0 0 0 0 0 0 0 0 0 0 19 0 0 0 0 1 0 0 0 0 0 0 0 0 0 0 0 0 0 0 0 0 0 1 88 0 2 9 0 13 16 0 0 0 0 0 0 0 0 0 0 0 0 0 0 0 0 0 0 0 0 0 0 0 22 2 0 0 0 0 0 0 0 0 0 0 0 0 
 37 203 151 314 204 456 35 261 54 354 0 129 32 117 63 447 118 35 250 284 79 3 0 0 0 3 0 0 0 2 0 4 3 1 4 0 0 0 75 75 0 0 0 2 5 2 0 0 0 0 2 0 0 0 0 3 0 0 0 0 0 0 2 0 0 0 0 2 3 0 0 0 0 0 3 3 0 3 0 0 1 0 18 0 13 101 0 0 19 13 21 21 1 0 0 0 18 43 0 0 2 0 1 0 0 0 1 8 3 0 0 0 42 51 11 0 0 0 25 43 0 0 0 0 0 0 0 0 0 10 0 0 0 0 0 0 0 0 2 0 3 0 0 0 22 0 0 0 0 0 0 0 0 0 0 2 0 0 0 0 0 0 14 1 15 20 0 0 20 14 20 2 0 0 0 27 25 27 0 19 0 0 0 0 0 0 12 21 0 0 20 0 47 0 0 0 1 0 19 1 0 0 0 0 0 0 0 0 0 0 0 12 0 0 16 0 0 0 0 0 0 0 0 0 0 0 0 0 0 0 0 0 0 0 0 0 0 0 0 0 0 0 0 0 0 2 3 0 46 4 0 21 16 0 0 0 0 0 0 0 0 0 81 0 0 0 0 0 0 0 0 0 0 0 0 14 0 0 0 0 0 0 0 0 0 0 0 0 0 0 
 69 150 112 130 220 355 63 46 159 133 129 0 53 25 114 213 284 57 203 109 74 4 0 1 0 77 0 0 0 0 0 0 86 0 3 0 0 0 20 111 0 0 0 3 2 2 0 0 0 0 59 0 0 0 0 3 63 0 0 0 31 0 44 0 0 0 0 3 0 0 0 0 0 0 2 3 0 1 0 0 22 32 18 19 18 11 0 13 51 18 24 0 6 27 17 14 0 0 16 1 0 13 13 0 0 0 50 0 9 0 0 0 0 11 21 0 0 0 10 29 0 0 0 0 0 0 19 0 0 0 0 0 0 0 0 0 0 0 0 0 0 0 0 0 0 0 20 0 0 0 0 0 0 0 1 0 0 0 0 0 0 0 18 29 44 14 46 20 14 0 0 1 12 12 0 17 48 15 20 18 0 1 1 0 0 0 21 10 0 0 11 0 9 30 11 0 0 0 25 24 5 0 30 0 0 0 0 0 0 0 0 0 0 0 8 0 0 0 0 0 0 0 0 0 0 0 0 0 0 0 0 0 0 0 0 0 0 19 0 0 0 0 0 0 0 0 1 0 98 110 0 13 0 0 0 0 0 0 0 0 0 0 0 0 0 0 0 0 0 0 0 0 0 0 0 12 0 0 0 0 0 0 0 0 0 0 0 0 0 0 
 152 143 45 61 373 42 177 104 82 47 32 53 0 155 201 158 37 83 279 38 0 3 0 2 2 3 0 0 0 0 2 275 4 0 81 0 0 0 0 0 0 0 0 3 73 2 5 0 0 0 0 0 0 0 0 3 1 0 3 0 0 0 2 0 0 0 0 48 0 0 0 0 0 0 1 3 1 0 0 0 0 36 21 0 0 0 40 32 9 0 1 1 9 23 0 0 13 12 29 31 0 0 0 0 0 0 0 0 0 0 0 0 0 0 0 0 0 0 0 0 0 0 0 0 0 0 0 0 0 0 0 0 0 0 0 0 0 0 14 0 2 0 0 0 0 0 0 5 0 0 0 0 0 0 0 0 10 0 0 0 14 35 18 0 0 0 0 1 0 0 0 10 18 2 25 0 0 10 0 37 0 0 0 0 0 0 0 1 0 0 0 0 0 0 0 0 0 0 0 0 0 0 0 2 0 0 0 10 0 0 0 1 0 0 0 0 0 0 0 0 0 0 0 0 0 10 0 0 0 0 2 0 0 0 2 0 0 2 0 0 0 0 0 0 0 3 0 0 2 0 0 15 0 0 0 0 0 0 0 0 0 0 0 0 0 0 0 0 0 0 0 0 0 0 0 1 0 14 0 0 0 0 0 0 0 0 0 0 0 0 
 65 94 120 223 72 34 123 178 183 210 117 25 155 0 169 108 403 31 351 174 2 3 0 2 0 5 0 27 75 0 0 2 3 0 7 0 0 0 0 0 0 0 0 3 2 2 0 73 0 0 1 0 0 0 0 3 0 0 5 0 0 0 2 0 0 0 0 5 0 0 0 0 0 0 2 3 0 1 0 1 60 0 9 23 25 24 0 0 13 0 8 14 7 71 24 16 33 0 0 37 0 0 0 0 0 0 0 0 0 0 0 0 0 0 0 16 0 0 15 18 0 0 0 0 0 0 0 4 0 0 0 0 0 0 0 0 0 0 0 0 0 0 0 0 1 0 0 0 0 0 0 0 0 0 0 0 0 0 0 0 11 0 10 2 0 17 15 0 15 13 5 0 0 18 9 14 1 0 0 2 0 0 0 0 0 0 0 0 0 0 0 0 20 0 0 0 0 0 26 0 0 0 0 0 0 0 0 0 0 0 0 0 0 0 0 0 0 0 0 0 1 0 0 0 0 15 0 0 0 0 0 0 0 0 0 0 0 0 0 0 0 21 0 0 0 2 1 0 1 0 2 4 0 0 0 0 0 0 0 0 0 0 0 0 0 0 0 0 0 0 0 0 0 0 0 14 0 0 0 0 0 0 0 0 0 0 0 0 0 0 
 131 91 107 135 74 59 205 187 94 105 63 114 201 169 0 150 70 224 214 239 5 5 2 0 0 3 0 3 0 3 4 0 3 2 7 0 0 6 4 7 0 8 5 2 1 2 3 2 0 0 65 0 3 0 3 6 0 0 0 0 0 2 2 4 0 0 0 3 3 0 0 0 3 0 4 5 0 6 0 0 0 53 90 17 0 11 23 2 4 39 0 15 0 2 3 0 32 24 2 30 0 0 0 0 9 0 0 0 0 0 0 0 0 0 2 2 0 0 12 0 0 0 0 2 0 0 0 0 0 0 0 0 0 0 0 0 0 0 0 0 0 0 0 0 0 0 8 4 0 0 0 0 0 0 0 0 0 0 0 0 9 31 4 28 33 0 2 26 34 0 4 35 17 0 45 2 10 20 44 27 0 0 0 0 2 0 0 0 0 0 2 0 0 0 0 0 0 0 0 0 0 0 0 0 0 1 0 2 0 0 0 0 0 0 0 0 0 0 0 0 0 0 0 0 0 3 0 0 0 0 0 0 0 0 0 0 0 0 0 1 0 0 0 0 0 1 88 0 0 3 0 20 0 0 0 0 0 0 0 0 0 0 11 0 0 0 0 0 0 0 0 0 0 0 0 0 20 0 0 0 0 0 0 0 0 0 0 0 0 0 
 50 185 488 379 223 90 48 60 232 157 447 213 158 108 150 0 123 133 37 74 0 28 22 2 0 3 33 207 0 0 0 0 8 25 4 0 0 1 284 106 0 63 0 2 0 3 0 0 0 0 1 0 0 0 0 3 0 0 0 0 0 2 2 0 0 0 0 3 0 0 0 0 0 0 3 3 0 8 0 0 19 19 26 13 22 13 12 12 0 21 0 0 0 0 13 0 16 0 3 3 0 0 0 0 0 0 0 0 0 13 0 0 0 2 9 0 0 0 9 17 0 0 0 15 0 0 20 0 0 0 0 0 16 0 2 0 0 0 0 0 0 0 0 0 0 0 0 0 0 0 1 0 0 0 2 0 0 0 5 0 10 7 13 0 0 1 0 0 24 8 8 25 0 0 42 27 6 9 21 19 0 0 0 0 0 0 6 0 3 0 0 0 48 0 0 0 0 0 33 12 0 0 0 0 0 0 0 0 0 0 0 0 0 0 22 0 0 0 0 0 0 0 0 0 0 0 0 0 2 0 0 0 0 0 0 0 0 0 0 0 0 0 0 0 15 0 1 0 6 4 0 2 0 0 0 0 0 0 25 0 0 0 0 0 0 0 0 0 0 0 0 0 0 0 0 7 0 0 0 0 0 0 0 0 0 0 0 0 0 0 
 336 169 335 193 239 292 144 126 133 48 118 284 37 403 70 123 0 84 294 219 1 3 0 0 0 3 0 0 6 0 0 0 6 0 3 0 2 2 75 75 0 0 0 2 1 4 0 0 0 0 77 0 0 0 0 6 0 2 0 0 0 0 2 0 0 0 0 2 0 0 0 2 0 0 3 3 0 3 0 0 8 13 30 55 37 21 0 7 5 13 14 15 0 19 29 15 9 0 0 13 0 0 0 0 0 0 1 0 0 0 0 0 0 14 13 0 0 0 13 31 0 0 0 0 0 0 0 0 0 0 0 0 0 0 0 2 0 0 0 0 0 0 0 0 0 0 9 2 1 1 0 0 0 0 0 0 0 0 0 9 25 19 0 20 19 11 18 32 18 16 1 13 43 13 20 43 13 15 20 17 0 0 0 0 0 0 11 0 0 0 0 0 10 0 0 0 1 0 42 0 0 0 0 0 0 0 0 0 0 0 0 0 0 0 13 0 0 0 0 0 0 0 0 0 0 0 0 0 0 0 0 0 0 2 0 0 1 0 0 0 0 0 0 0 0 1 95 2 49 2 1 9 0 0 0 0 0 0 0 0 0 0 0 0 0 0 0 0 0 0 0 0 0 0 0 0 2 0 0 0 0 0 0 0 0 0 0 0 0 0 
 234 26 389 223 120 62 253 109 92 124 35 57 83 31 224 133 84 0 222 38 0 3 0 0 2 3 0 2 0 2 0 0 3 74 3 0 0 0 77 2 0 2 0 3 2 2 0 0 2 0 39 0 0 0 0 3 0 0 0 2 0 0 2 0 0 2 0 1 3 0 3 0 2 0 3 3 0 5 0 3 13 28 13 1 1 0 26 46 84 3 31 13 19 0 14 45 0 50 13 69 7 0 0 0 0 0 28 0 0 0 0 0 0 0 0 0 0 0 0 0 0 0 0 0 0 0 0 0 0 10 8 0 0 0 0 0 0 0 0 0 2 0 0 7 1 0 0 0 0 0 0 13 0 0 0 0 9 0 0 0 28 40 30 0 27 1 24 18 11 10 0 23 0 25 1 0 0 0 1 16 0 0 0 0 0 0 0 0 0 0 0 0 0 0 0 0 0 0 0 10 0 0 0 0 0 0 0 0 0 0 0 0 0 0 13 0 0 0 0 0 0 0 0 0 0 0 0 0 0 0 0 0 0 0 0 0 0 0 0 0 0 34 0 0 0 0 2 0 2 1 15 8 0 0 0 0 0 0 0 0 0 0 0 0 0 0 0 0 0 0 0 0 0 0 0 0 20 0 0 0 0 0 0 0 0 0 0 0 0 0 
 128 63 40 155 79 145 208 477 102 181 250 203 279 351 214 37 294 222 0 121 4 6 0 0 0 3 0 0 0 2 0 1 3 2 5 0 0 0 2 0 0 0 0 1 1 2 0 2 0 0 60 1 0 0 2 3 2 2 0 0 0 0 2 0 0 0 0 2 0 1 0 0 1 1 3 3 0 5 34 0 10 36 27 38 21 0 12 11 50 56 14 0 21 28 23 20 0 1 33 28 0 0 0 0 0 0 0 0 0 0 0 0 0 0 0 0 0 0 0 0 0 0 0 0 0 0 0 0 28 0 0 0 0 0 0 0 0 0 0 0 0 0 0 0 0 0 4 0 0 0 0 0 0 0 3 0 0 3 0 0 29 21 19 74 8 0 0 19 0 20 0 13 14 10 24 0 44 0 14 14 0 0 0 0 0 0 0 0 0 0 0 0 0 0 0 0 0 0 0 0 15 0 0 0 0 0 0 0 0 0 0 0 0 0 0 0 0 0 0 0 0 0 0 0 0 0 0 0 0 0 0 0 0 0 0 0 0 0 0 0 0 17 0 0 0 2 2 1 0 0 0 13 0 0 0 0 0 0 0 0 0 0 0 0 0 0 0 0 0 0 0 0 0 0 0 19 0 0 0 0 0 0 0 0 0 0 0 0 0 0 
 127 48 48 61 69 59 184 146 74 188 284 109 38 174 239 74 219 38 121 0 0 4 2 0 0 3 0 0 0 0 0 76 4 1 5 0 0 0 0 0 0 0 0 5 3 2 0 0 0 0 25 0 0 0 0 3 0 0 2 3 0 0 2 0 0 3 0 3 0 0 3 1 0 0 1 3 0 0 0 0 13 11 24 29 22 32 14 0 17 7 0 0 0 0 37 0 17 0 9 10 0 0 0 0 0 0 0 0 0 0 0 0 0 0 0 0 0 0 10 0 0 0 0 0 0 0 0 0 0 0 0 0 0 0 0 0 0 0 0 0 0 0 0 0 0 0 4 16 0 0 0 0 0 0 0 0 0 0 0 0 13 24 0 29 9 5 0 10 22 20 0 13 39 0 15 0 21 11 15 8 0 0 0 0 0 0 0 0 0 0 0 0 0 0 0 0 0 0 9 0 0 0 0 0 0 0 0 0 0 0 21 0 0 0 0 0 0 0 0 0 0 0 0 0 0 0 0 0 0 0 0 0 0 0 0 0 0 0 0 0 0 0 0 0 0 2 90 0 2 2 0 9 0 0 0 0 0 0 0 0 0 0 0 0 0 6 0 0 0 0 0 0 0 0 0 0 1 0 0 0 0 0 0 0 0 0 0 0 0 0 
 9 0 1 0 0 154 0 0 79 0 79 74 0 2 5 0 1 0 4 0 0 394 137 82 264 37 290 202 35 167 351 41 360 151 547 29 96 78 379 385 0 0 0 0 11 0 2 2 0 0 0 0 0 0 0 2 3 0 0 0 2 2 0 0 0 0 0 0 0 0 0 3 5 0 0 0 0 0 0 0 0 0 0 0 12 0 0 2 0 0 0 4 0 0 0 0 0 0 0 0 1 24 0 38 1 0 26 0 24 22 25 0 14 2 77 0 0 10 8 25 0 0 0 0 0 0 0 0 0 0 0 0 0 0 0 0 0 2 0 0 0 0 0 0 0 0 0 0 0 0 0 0 0 0 19 0 0 0 0 0 0 0 0 0 0 9 0 0 0 0 0 0 0 0 0 0 0 0 0 0 10 39 1 41 13 0 19 50 81 33 0 4 45 48 46 1 32 0 6 11 0 0 0 0 0 0 0 0 0 0 0 0 0 0 14 0 0 0 0 20 0 11 0 1 0 0 0 0 0 0 0 0 0 0 0 0 17 0 0 0 0 0 0 0 0 0 0 0 0 0 0 17 0 0 0 2 2 97 0 2 2 2 12 0 0 0 0 0 0 0 0 0 0 0 0 0 0 0 0 0 0 0 0 0 0 0 8 0 0 0 
 5 3 9 3 3 157 3 3 7 3 3 4 3 3 5 28 3 3 6 4 394 0 590 165 112 345 627 172 64 53 198 174 457 574 260 87 196 324 141 287 0 0 0 0 3 0 2 0 0 0 0 0 0 1 0 0 3 2 0 0 0 3 0 0 0 0 0 0 0 0 0 0 24 0 0 0 0 0 0 0 0 0 0 0 0 0 0 0 0 0 0 0 0 0 0 0 0 0 0 0 35 10 26 34 2 19 0 50 29 19 34 0 13 15 5 12 10 4 14 0 0 0 0 0 2 0 0 0 0 0 0 0 0 0 0 0 0 0 0 0 0 0 0 0 0 0 0 0 0 0 0 0 5 0 0 4 0 9 0 0 0 0 0 0 1 19 0 0 10 0 0 0 0 0 0 0 0 0 0 0 31 19 32 6 27 0 10 46 37 35 0 21 24 14 11 24 17 0 0 1 0 0 0 0 0 0 0 0 1 0 0 0 0 0 0 0 0 0 0 0 0 1 0 0 0 0 0 0 0 0 0 0 0 0 0 0 0 0 0 0 0 0 1 0 0 0 0 0 0 0 0 0 0 0 17 0 2 79 3 4 0 2 0 0 0 0 0 0 0 0 0 0 0 9 0 0 0 0 0 0 0 3 0 0 0 0 0 0 0 0 
 3 0 2 0 73 31 1 0 0 0 0 0 0 0 2 22 0 0 0 2 137 590 0 183 43 116 362 108 308 59 199 33 202 131 239 312 142 364 61 557 0 0 0 0 3 0 2 4 0 0 0 0 0 0 0 0 3 0 0 0 0 3 0 0 0 0 0 0 0 0 0 2 0 0 0 0 0 0 0 0 25 0 0 0 0 0 0 0 0 0 0 7 0 0 0 0 0 0 0 0 8 0 25 35 8 13 2 33 33 36 14 1 0 19 0 11 21 8 0 1 0 0 0 0 0 0 0 0 0 0 0 0 0 0 0 0 2 0 0 0 0 0 0 0 0 0 0 0 0 0 0 0 0 0 0 0 0 0 0 0 2 0 0 0 13 0 0 0 6 0 0 0 0 0 0 0 0 0 0 0 11 54 37 14 27 0 0 0 46 0 1 14 0 20 2 1 52 3 15 25 0 0 0 2 0 0 16 0 0 0 0 0 0 21 0 0 0 0 8 0 0 9 0 0 0 0 0 0 0 0 0 0 0 0 0 0 0 0 0 0 0 0 0 0 0 0 0 0 0 0 0 0 0 1 8 0 2 33 76 2 0 2 0 0 0 0 0 0 0 0 0 0 0 0 0 0 0 0 0 0 0 8 0 0 0 0 0 0 0 0 
 0 1 0 0 1 73 0 0 0 0 0 1 2 2 0 2 0 0 0 0 82 165 183 0 279 216 194 161 76 118 140 42 142 88 162 196 151 82 109 65 0 0 0 0 3 0 2 293 2 2 0 0 0 0 4 2 9 0 65 0 0 3 52 0 0 0 4 0 0 0 3 5 20 0 0 0 0 2 0 0 0 0 0 0 0 0 0 0 0 0 0 0 0 0 18 0 0 0 0 0 4 11 9 19 22 19 22 0 0 15 3 24 0 9 1 18 0 13 8 0 7 0 21 2 0 0 16 24 0 0 0 0 0 0 3 2 0 0 0 0 0 0 0 0 0 0 0 0 0 9 12 0 0 0 0 0 1 0 0 0 0 0 0 0 0 25 0 0 0 0 0 0 1 0 0 0 0 0 0 0 29 10 0 35 13 23 0 15 22 13 0 34 0 11 24 10 20 9 0 0 0 0 0 0 0 0 26 19 0 0 0 0 20 28 13 15 1 0 23 0 0 7 0 1 0 0 0 0 0 0 0 0 0 0 0 0 0 0 0 0 0 0 0 0 0 0 0 0 0 0 0 0 0 0 5 1 0 78 44 0 3 0 0 0 0 0 0 0 0 0 0 0 0 0 0 0 0 0 0 0 0 10 0 0 0 0 10 25 0 0 
 0 6 0 1 0 4 0 0 0 0 0 0 2 0 0 0 0 2 0 0 264 112 43 279 0 144 50 36 209 313 138 45 97 294 194 233 130 53 68 149 0 21 0 1 6 0 2 0 57 0 0 0 2 1 5 36 8 0 0 0 2 3 0 0 0 0 0 0 0 0 0 0 0 0 0 0 0 0 0 0 0 0 0 0 0 0 0 0 0 0 0 0 0 0 0 0 0 0 0 0 12 29 11 21 31 10 0 8 0 0 11 0 12 20 10 13 27 10 10 0 24 0 0 0 0 0 0 1 21 0 0 0 0 9 0 0 0 0 16 17 0 0 5 0 0 6 0 0 0 0 4 0 0 0 0 9 0 0 0 0 0 0 0 0 0 36 0 0 6 0 0 0 0 0 0 0 0 0 0 0 0 9 39 12 10 27 22 0 1 0 12 0 14 10 10 28 7 7 0 0 0 0 0 0 0 0 35 0 0 0 0 0 0 0 14 0 13 0 55 0 0 0 0 0 0 0 13 0 0 0 0 0 0 0 0 0 0 0 0 0 0 0 0 0 0 0 0 0 0 0 0 0 12 0 5 0 2 6 75 0 3 0 0 0 0 0 6 0 0 0 0 0 0 0 0 0 0 0 0 0 0 0 0 0 20 0 0 0 0 0 
 3 82 3 3 5 4 3 5 3 3 3 77 3 5 3 3 3 3 3 3 37 345 116 216 144 0 43 111 211 54 104 128 54 124 502 341 111 53 64 48 0 32 0 0 3 0 63 1 0 2 0 0 0 0 1 0 3 0 62 1 90 3 36 3 0 0 0 0 0 0 0 0 0 0 0 0 0 0 0 0 0 0 0 0 0 0 0 0 0 0 0 0 0 0 0 0 0 0 2 0 0 1 19 0 21 19 35 0 2 18 17 10 0 0 35 44 0 10 0 0 57 0 15 0 0 0 0 0 12 0 0 0 20 0 7 10 0 11 0 20 0 0 0 0 0 0 0 0 0 7 0 2 0 0 0 0 0 0 0 1 0 0 0 0 0 0 0 0 0 0 0 0 0 0 0 1 0 10 0 0 11 19 0 1 13 13 4 0 0 0 7 36 0 0 1 0 0 14 0 0 0 8 0 0 0 0 12 8 8 14 0 0 0 92 11 6 0 1 23 40 0 0 0 0 0 0 0 0 0 0 1 0 0 0 0 0 0 0 0 0 0 0 0 0 0 0 0 0 0 0 0 0 0 0 6 0 0 90 5 0 0 0 0 0 0 0 47 0 0 0 0 0 0 0 0 0 0 0 0 0 0 12 0 0 0 0 0 0 0 0 
 0 0 0 0 1 2 0 0 2 0 0 0 0 0 0 33 0 0 0 0 290 627 362 194 50 43 0 266 46 109 38 213 190 149 93 27 198 203 207 130 0 2 0 2 3 0 2 4 2 2 1 2 0 0 1 0 3 1 0 0 41 3 0 0 0 0 3 0 2 0 3 4 27 0 3 2 0 3 0 0 0 0 0 0 0 0 0 0 0 0 0 0 0 0 0 0 0 0 0 2 25 5 37 49 8 0 14 49 38 26 11 0 26 0 0 0 12 18 0 0 19 0 0 0 0 0 0 0 0 0 0 0 0 0 0 0 0 0 0 0 0 0 1 0 0 0 0 0 0 0 0 0 3 0 0 2 0 0 0 0 0 2 0 0 0 0 0 0 8 0 1 0 0 0 0 0 0 0 0 0 70 10 41 22 10 0 1 74 35 13 1 27 0 29 9 11 42 0 1 15 1 0 0 0 0 0 1 0 0 0 0 0 0 1 1 0 0 0 0 0 1 10 0 0 0 4 0 0 0 0 0 0 0 2 1 0 0 0 1 0 0 0 0 0 0 0 0 0 0 0 0 0 0 0 10 0 2 6 49 0 0 0 0 0 0 0 0 0 0 0 0 0 0 0 0 0 0 0 0 17 0 10 0 0 0 7 13 0 0 0 
 3 0 0 0 0 74 0 0 0 0 0 0 0 27 3 207 0 2 0 0 202 172 108 161 36 111 266 0 404 128 59 402 479 191 224 42 32 174 339 60 0 0 0 0 3 0 2 0 0 2 0 0 6 0 0 0 3 1 0 0 0 3 0 0 0 0 0 0 0 0 0 4 7 0 0 0 0 0 0 0 0 0 18 0 0 0 0 0 0 0 0 0 0 0 0 0 0 0 0 0 4 22 4 29 24 0 6 0 19 43 20 0 22 4 7 38 31 2 5 1 10 0 0 0 0 0 0 0 0 0 0 0 1 0 0 0 0 0 0 0 0 0 0 0 0 0 0 0 0 0 0 0 3 1 0 2 0 0 0 0 0 0 9 0 0 4 0 0 0 0 0 23 0 0 0 0 0 0 0 2 23 4 27 44 0 18 1 14 24 37 0 25 1 12 68 0 45 8 0 1 0 0 0 0 0 0 0 0 0 0 2 0 0 0 0 0 0 0 4 1 0 11 8 0 0 0 9 0 0 0 0 0 0 0 0 0 0 0 0 0 0 0 8 0 0 0 0 0 0 0 0 0 0 0 10 2 0 7 80 2 4 0 0 0 0 0 0 0 0 0 0 0 0 0 0 0 0 0 0 11 0 0 0 0 0 19 8 0 0 0 
 0 0 0 0 0 2 0 0 0 0 0 0 0 75 0 0 6 0 0 0 35 64 308 76 209 211 46 404 0 173 77 48 88 101 218 75 125 138 81 52 2 113 0 1 3 0 32 0 0 0 0 0 67 7 7 6 3 0 1 0 0 3 0 2 0 0 0 0 0 0 0 0 0 0 3 0 1 2 0 0 0 0 0 0 0 0 0 0 0 0 0 2 0 0 0 0 0 0 0 0 2 1 2 0 11 81 0 13 26 36 13 52 0 7 0 11 26 11 0 0 10 0 0 0 0 0 21 0 0 0 0 0 18 33 43 9 7 0 13 9 7 0 0 0 0 0 0 0 1 4 2 0 0 0 0 0 0 0 0 0 1 0 0 0 0 9 0 1 0 2 0 0 0 0 0 0 0 0 0 0 0 11 0 28 2 22 0 0 0 15 0 56 0 1 1 11 2 29 0 13 0 7 0 1 0 0 39 0 0 2 0 0 11 11 0 8 0 0 10 7 0 2 0 0 0 0 11 0 0 0 0 0 0 0 0 0 0 0 0 0 0 0 38 0 0 0 0 0 0 0 0 0 0 2 5 0 0 1 0 0 11 75 0 0 0 0 0 0 0 0 0 0 0 0 0 0 0 0 0 0 0 0 0 0 0 0 0 0 0 0 
 0 0 0 0 1 78 2 0 0 0 2 0 0 0 3 0 0 2 2 0 167 53 59 118 313 54 109 128 173 0 81 324 130 111 250 164 143 620 409 104 0 0 0 0 3 0 2 1 30 0 0 0 210 72 0 0 3 0 66 0 0 3 75 0 0 0 0 0 0 0 0 6 5 0 1 0 26 0 0 0 0 0 0 0 2 0 0 0 0 0 0 0 0 0 0 0 0 0 0 0 0 21 10 8 3 0 36 4 10 11 38 9 7 0 36 9 18 14 0 3 1 0 0 0 0 1 0 0 0 0 0 0 0 0 8 0 0 0 0 0 0 0 6 22 0 3 0 0 0 0 3 0 0 0 0 0 0 0 0 0 0 0 0 0 0 0 2 0 0 0 0 0 0 0 0 0 0 0 0 1 21 83 19 48 13 16 18 29 32 38 20 32 2 45 19 29 40 0 0 0 0 8 0 0 0 0 3 0 0 1 0 0 24 30 0 0 0 0 8 27 0 11 0 0 0 0 1 0 0 0 0 0 0 0 0 0 0 0 0 0 0 0 7 0 0 0 0 0 0 0 0 0 0 1 12 0 0 73 6 2 0 0 0 0 0 0 0 0 0 0 0 0 0 0 0 0 0 0 0 0 0 0 0 0 0 0 11 0 0 0 
 0 0 0 0 0 1 0 0 0 0 0 0 2 0 4 0 0 0 0 0 351 198 199 140 138 104 38 59 77 81 0 120 80 42 93 166 333 391 242 495 62 4 0 0 3 0 66 1 62 0 0 0 62 18 5 6 11 3 84 0 2 5 0 0 3 2 0 0 0 0 1 0 0 0 0 0 0 32 1 0 0 0 1 0 0 0 0 0 0 0 0 0 0 0 0 0 0 2 0 0 0 1 0 18 15 31 0 0 19 0 15 35 14 0 0 13 21 18 0 0 0 0 0 0 0 0 15 16 1 0 0 0 1 33 0 0 0 0 15 1 0 0 0 0 1 0 0 1 0 0 0 0 3 0 0 2 11 0 0 0 0 0 0 0 0 0 13 0 0 0 0 0 0 0 5 0 0 0 1 0 0 10 0 40 30 12 1 5 10 3 0 0 0 1 0 10 25 4 0 0 12 19 1 0 0 0 36 0 0 0 0 0 7 14 7 0 0 1 0 0 0 0 2 0 0 0 0 0 0 0 0 0 1 0 0 0 0 0 0 0 0 0 0 0 0 0 0 0 0 0 0 0 0 0 7 0 4 168 0 4 0 2 0 0 0 0 0 0 0 0 0 1 0 0 0 0 0 0 0 0 0 0 0 0 0 0 0 0 0 0 
 0 1 0 0 0 2 0 1 0 0 4 0 275 2 0 0 0 0 1 76 41 174 33 42 45 128 213 402 48 324 120 0 338 69 140 272 78 87 29 133 0 0 0 2 18 0 2 0 6 0 0 0 0 72 55 0 3 0 0 0 0 3 0 85 0 0 1 3 5 0 0 0 0 0 0 0 0 0 2 4 0 0 0 0 0 0 0 0 0 0 16 0 1 0 0 0 0 0 0 0 13 11 0 59 0 0 0 0 0 4 31 37 0 0 0 27 4 13 0 0 23 0 0 0 0 0 14 20 0 0 0 0 12 73 0 0 9 0 12 0 0 0 0 0 0 0 0 0 0 14 0 0 1 0 0 1 0 0 0 0 0 0 0 0 0 0 0 0 0 0 0 0 0 0 1 2 0 0 0 0 6 10 15 36 36 8 0 12 24 41 27 27 0 11 0 0 8 13 0 0 30 0 0 8 0 0 0 0 0 17 0 0 0 0 0 0 29 0 40 18 0 0 0 0 0 0 0 0 0 1 0 0 0 0 0 0 0 0 0 0 0 0 1 0 0 2 0 0 0 0 0 0 0 0 2 0 1 75 80 1 2 0 0 0 0 0 12 0 0 0 0 0 0 0 0 0 0 0 0 0 0 9 0 0 8 0 0 0 0 0 
 3 3 3 3 6 38 3 3 3 3 3 86 4 3 3 8 6 3 3 4 360 457 202 142 97 54 190 479 88 130 80 338 0 88 431 25 99 197 368 167 0 0 0 0 3 0 2 1 0 0 0 2 0 0 0 0 3 1 0 0 11 29 10 0 0 0 0 0 0 1 0 16 2 0 0 11 50 0 10 25 0 0 0 0 0 0 0 0 0 0 1 0 1 0 0 0 0 0 0 0 12 0 16 27 0 0 23 0 35 20 1 1 25 6 18 0 17 4 9 10 0 7 0 0 0 0 0 0 0 0 0 1 0 0 0 0 0 0 0 0 0 0 0 0 0 0 0 0 23 0 0 0 1 0 0 0 8 0 0 0 0 0 0 0 3 0 0 0 7 0 0 0 0 0 1 0 0 0 0 0 12 2 37 7 0 0 18 49 19 29 10 0 25 37 21 10 30 0 0 10 0 0 0 0 0 0 0 0 0 2 0 0 0 0 0 0 0 0 0 0 0 0 0 0 13 0 0 0 0 1 0 0 0 0 0 0 0 0 0 0 0 0 0 0 0 2 0 0 0 0 0 0 0 10 3 0 0 41 0 2 3 0 0 0 0 0 0 0 0 0 0 0 0 0 0 0 0 0 0 0 0 0 0 0 0 0 15 0 0 0 
 6 0 0 0 111 2 0 0 74 0 1 0 0 0 2 25 0 74 2 1 151 574 131 88 294 124 149 191 101 111 42 69 88 0 139 52 192 313 403 212 0 0 0 0 3 0 2 1 204 0 0 0 0 0 0 63 3 62 0 0 0 3 39 2 0 0 0 53 0 0 0 0 0 0 0 0 0 0 0 0 0 0 0 0 27 0 0 0 0 0 14 9 0 0 0 9 1 0 0 0 28 4 33 18 9 0 36 33 14 25 14 0 12 14 35 20 0 31 0 19 1 0 0 0 0 0 0 0 0 1 0 0 12 0 0 0 0 0 0 0 3 0 0 0 0 0 0 0 0 0 0 0 12 0 0 0 0 0 0 0 0 0 0 0 13 0 0 0 0 9 0 0 0 0 0 0 0 0 0 0 61 40 27 17 13 1 17 9 39 4 12 36 1 29 29 9 14 10 17 21 2 0 2 0 0 0 8 0 0 0 0 0 0 6 0 0 0 0 10 6 0 1 0 0 0 0 0 0 0 0 0 0 0 0 0 0 0 0 0 0 0 0 0 0 0 0 74 0 0 0 0 0 0 0 4 1 0 0 82 3 8 10 3 0 0 0 0 0 0 0 0 0 0 3 0 1 0 0 0 16 0 10 0 0 0 6 0 0 0 0 
 9 3 3 3 3 20 3 3 3 3 4 3 81 7 7 4 3 3 5 5 547 260 239 162 194 502 93 224 218 250 93 140 431 139 0 165 319 300 267 417 0 0 0 0 7 0 2 0 0 0 0 0 5 0 7 7 6 1 6 0 6 3 0 9 0 69 0 0 0 0 0 20 2 0 0 0 0 1 0 0 0 0 1 0 0 0 0 0 0 0 0 0 0 0 0 0 0 2 0 0 27 0 8 49 11 4 17 10 32 66 1 0 43 23 12 0 28 24 9 0 0 0 0 0 0 0 0 1 0 0 0 0 0 5 1 0 0 0 0 0 0 0 0 0 1 0 0 1 0 0 0 0 10 0 0 2 0 0 0 0 0 0 0 0 0 0 0 0 6 0 0 0 0 0 0 0 0 0 1 0 26 1 85 27 0 0 0 21 41 32 0 0 15 28 31 19 42 11 0 0 0 0 0 0 0 0 14 0 0 0 0 0 0 0 0 0 1 0 0 1 0 0 2 0 0 0 0 0 0 0 0 0 1 0 0 0 0 0 0 10 0 0 11 0 0 0 0 0 0 0 0 0 0 0 5 0 0 20 1 0 1 0 51 0 0 0 0 0 0 0 0 1 0 0 0 0 0 0 0 14 0 0 0 0 0 29 25 0 0 0 
 0 0 0 0 0 2 0 1 0 0 0 0 0 0 0 0 0 0 0 0 29 87 312 196 233 341 27 42 75 164 166 272 25 52 165 0 225 112 35 60 0 0 0 0 3 0 3 0 0 0 0 0 8 0 4 2 3 0 0 0 0 3 0 6 0 0 0 0 0 0 0 0 0 0 0 0 0 0 0 0 22 0 0 0 0 0 0 0 0 0 0 0 0 0 0 0 0 0 0 0 0 26 1 0 26 30 0 32 0 16 27 71 0 9 0 38 22 23 0 0 3 0 0 0 0 0 14 0 0 0 0 0 13 14 0 0 0 0 11 32 0 0 9 0 0 6 0 0 0 2 4 0 0 0 0 0 0 0 0 0 0 0 0 0 0 4 0 0 0 0 0 0 0 0 0 0 0 0 0 0 1 7 1 20 27 26 0 0 13 0 19 11 0 1 19 11 1 24 0 0 33 0 0 0 0 0 32 0 0 0 0 0 0 0 0 0 7 0 38 25 0 0 0 0 0 0 9 0 0 0 0 0 0 0 0 0 0 0 0 0 0 0 6 0 0 0 0 0 0 0 0 0 0 0 10 0 0 1 76 0 3 12 0 0 0 0 13 0 0 0 0 0 0 0 0 0 0 0 0 0 0 0 0 0 0 0 0 0 0 0 
 0 0 2 0 0 0 0 0 35 0 0 0 0 0 0 0 2 0 0 0 96 196 142 151 130 111 198 32 125 143 333 78 99 192 319 225 0 88 45 165 1 1 0 0 5 0 2 1 1 0 0 0 58 0 5 6 11 7 69 65 1 6 0 0 0 1 0 0 0 1 1 2 0 0 0 52 1 0 0 2 0 0 0 0 0 0 0 0 0 2 0 0 0 0 0 0 0 0 0 0 0 8 0 24 4 19 0 0 33 32 42 38 0 0 33 15 0 31 0 11 0 1 0 0 0 0 14 16 1 0 1 0 4 0 0 0 0 0 0 0 0 0 5 0 0 5 0 0 0 0 59 0 0 0 0 0 0 0 0 0 0 0 0 0 0 1 0 0 0 0 0 0 0 0 0 0 2 1 0 0 0 48 20 51 21 1 11 11 12 10 13 13 12 40 1 21 31 4 0 10 0 5 0 0 0 0 47 0 0 0 0 0 0 41 0 1 0 0 17 9 1 11 0 0 0 2 0 0 0 0 0 0 0 0 0 0 0 0 0 0 0 0 0 0 0 0 0 0 0 0 0 0 0 0 8 0 1 73 0 1 0 1 0 0 0 0 0 0 0 0 0 0 0 0 0 0 0 0 0 0 0 0 0 0 0 0 0 0 0 2 
 0 1 2 0 0 3 0 0 2 0 0 0 0 0 6 1 2 0 0 0 78 324 364 82 53 53 203 174 138 620 391 87 197 313 300 112 88 0 261 260 88 4 10 0 5 0 2 0 0 1 0 0 125 0 2 6 3 0 1 2 0 3 0 2 11 0 0 0 0 0 0 0 0 0 0 13 0 4 0 0 0 0 0 1 0 0 0 0 0 2 0 0 0 0 0 0 0 0 0 0 0 11 8 54 13 24 0 0 25 36 23 13 0 19 14 15 30 7 0 10 0 1 0 0 0 0 11 1 0 0 1 0 0 52 49 0 7 0 20 0 0 0 0 0 0 0 0 0 0 0 0 0 79 0 0 0 0 0 0 0 0 0 0 0 0 1 0 0 4 0 0 0 0 0 0 0 2 2 0 0 0 22 14 45 31 28 28 25 29 51 0 11 13 24 0 11 16 1 0 0 20 9 0 1 0 0 0 0 0 1 0 0 18 0 9 1 0 1 0 7 1 0 0 0 0 2 0 0 19 0 0 0 0 14 0 0 10 0 0 0 0 0 10 0 0 0 0 0 0 0 3 0 0 0 11 0 6 157 2 4 2 0 0 0 0 0 0 0 0 0 0 0 0 0 0 0 0 0 0 0 0 0 0 0 0 0 0 0 0 2 
 3 38 3 0 155 151 0 75 383 0 75 20 0 0 4 284 75 77 2 0 379 141 61 109 68 64 207 339 81 409 242 29 368 403 267 35 45 261 0 198 0 0 1 0 0 0 0 0 0 0 0 0 0 0 0 0 0 63 0 2 0 0 0 0 0 0 0 0 0 0 5 6 9 0 0 0 0 0 0 0 0 0 0 0 15 10 0 0 0 0 14 12 1 1 0 16 0 0 0 0 4 2 9 21 0 0 50 0 48 65 16 0 2 27 144 0 0 6 1 59 0 0 0 1 0 0 0 0 0 2 0 0 0 0 0 0 0 0 0 0 3 12 0 0 0 0 0 0 0 0 1 0 0 0 0 0 0 0 0 0 0 0 0 35 11 0 0 0 15 36 16 0 0 0 0 18 23 15 0 0 13 25 2 41 0 0 36 28 27 29 66 37 23 40 37 11 36 0 20 35 0 0 0 0 0 0 0 0 0 0 0 0 0 1 1 0 0 0 0 21 0 39 0 0 0 0 0 0 0 0 0 0 0 0 0 0 0 0 0 0 0 0 0 0 0 0 74 0 73 0 0 0 0 0 6 1 2 0 0 2 2 0 0 0 0 0 0 0 0 0 0 0 0 0 0 0 0 0 0 0 0 0 0 2 1 0 12 0 0 0 
 3 0 0 0 62 21 0 0 1 0 75 111 0 0 7 106 75 2 0 0 385 287 557 65 149 48 130 60 52 104 495 133 167 212 417 60 165 260 198 0 0 0 0 0 3 0 2 0 0 0 0 0 0 0 0 0 3 4 1 0 0 3 0 0 4 1 0 0 0 0 0 0 1 0 0 0 0 0 0 0 0 1 0 0 2 18 0 0 0 0 0 3 0 0 0 2 0 0 0 0 15 27 20 11 0 0 22 37 28 21 0 0 30 35 16 15 69 7 12 20 0 0 0 0 0 0 0 0 0 0 0 0 0 0 0 0 0 0 0 0 0 0 16 0 0 0 0 12 0 0 0 0 2 1 0 4 0 0 0 0 0 0 18 1 6 30 0 0 18 0 1 1 0 0 0 9 9 18 1 2 22 7 35 9 0 0 33 11 1 0 12 0 42 13 26 18 1 0 18 23 0 0 0 0 12 0 0 0 0 0 2 0 0 0 17 0 0 0 0 0 0 0 0 0 0 0 2 0 0 0 0 0 0 0 0 0 0 0 0 0 0 0 0 0 0 0 4 0 76 0 0 0 14 0 7 0 2 2 2 0 0 2 0 0 2 0 0 0 0 0 0 0 0 0 0 0 0 0 0 0 0 0 0 0 0 0 0 0 0 0 
 1 0 0 0 0 2 0 0 0 0 0 0 0 0 0 0 0 0 0 0 0 0 0 0 0 0 0 0 2 0 62 0 0 0 0 0 1 88 0 0 0 130 109 56 27 53 272 86 115 123 306 69 207 169 552 89 304 127 157 140 0 0 0 11 4 2 0 3 0 0 1 3 0 2 0 3 1 1 0 0 0 0 0 0 0 0 0 0 0 0 0 0 0 0 6 0 0 0 0 0 0 0 0 23 14 27 0 0 0 0 0 20 0 0 0 0 0 5 0 8 2 25 6 24 0 0 6 7 15 18 15 21 5 20 3 19 4 32 47 19 0 0 0 1 0 0 0 0 9 7 0 0 0 0 0 0 6 0 0 0 0 0 0 0 0 0 5 0 0 0 10 0 0 0 4 0 0 0 0 0 0 0 0 0 7 0 0 12 0 0 1 0 0 0 0 0 0 0 0 0 21 10 18 55 0 13 7 19 20 0 18 0 14 11 9 58 2 1 8 22 16 0 0 0 0 0 0 0 0 0 0 0 0 0 0 0 11 0 7 0 0 0 0 0 0 0 0 0 0 0 0 8 0 0 0 0 0 64 0 0 0 0 0 0 0 93 1 0 0 0 0 0 0 0 0 0 0 0 0 0 0 0 0 0 0 0 0 0 0 0 
 1 0 0 0 0 2 0 0 1 0 0 0 0 0 8 63 0 2 0 0 0 0 0 0 21 32 2 0 113 0 4 0 0 0 0 0 1 4 0 0 130 0 158 90 92 341 79 192 133 133 91 56 47 49 141 117 101 278 34 50 0 0 0 0 2 0 0 0 0 0 0 0 23 0 0 3 0 0 0 0 0 0 0 0 0 0 0 0 0 0 0 0 0 0 0 0 0 0 7 0 0 0 0 0 10 13 0 0 0 0 0 1 0 0 0 0 10 0 0 0 43 10 14 0 0 28 1 0 57 7 16 6 11 11 0 6 2 5 35 32 0 4 0 0 0 0 0 0 0 0 0 0 0 0 1 0 0 0 10 0 0 0 0 0 4 0 0 0 0 0 0 0 0 0 0 18 0 0 0 0 0 0 0 0 0 0 0 0 0 0 1 0 0 0 0 0 0 0 0 0 5 3 27 35 0 0 7 6 20 11 0 3 17 0 10 40 23 13 33 26 0 0 0 0 0 0 4 0 0 0 0 0 27 7 0 0 0 0 13 0 0 0 0 0 0 0 0 0 0 0 0 8 0 0 0 0 0 64 0 0 0 0 2 66 0 6 3 0 0 0 10 0 0 0 0 0 0 0 0 0 0 0 0 0 32 9 0 0 0 2 
 0 0 0 0 0 2 0 0 0 0 0 0 0 0 5 0 0 0 0 0 0 0 0 0 0 0 0 0 0 0 0 0 0 0 0 0 0 10 1 0 109 158 0 177 51 57 137 115 144 152 256 30 57 140 275 325 322 111 104 43 0 0 2 0 0 0 8 0 0 0 43 0 0 0 0 0 8 0 25 0 0 0 0 8 8 0 0 0 0 0 0 0 0 0 6 2 0 0 0 0 0 0 0 0 0 1 0 0 0 0 0 0 0 0 0 0 0 0 0 0 0 49 28 14 8 0 0 6 1 16 7 22 22 27 1 11 14 28 9 0 11 0 0 13 0 0 2 2 5 10 0 0 0 1 0 3 0 0 32 6 0 0 0 0 7 0 5 0 0 14 0 0 0 0 4 0 0 0 0 0 0 0 0 0 10 0 0 0 0 0 0 0 0 0 0 0 0 0 0 0 1 14 19 30 37 11 5 25 5 0 10 14 0 0 0 0 0 46 0 0 20 0 3 0 0 4 12 0 0 10 35 0 0 0 0 33 0 7 11 25 0 0 0 0 0 0 0 0 0 0 0 8 0 0 0 0 1 0 0 4 0 0 69 0 1 1 0 8 0 0 0 0 0 0 0 0 0 0 0 0 0 0 0 0 0 18 0 16 1 0 
 2 1 2 3 1 5 3 2 0 3 2 3 3 3 2 2 2 3 1 5 0 0 0 0 1 0 2 0 1 0 0 2 0 0 0 0 0 0 0 0 56 90 177 0 170 110 156 87 71 249 108 88 110 283 157 113 69 293 52 123 1 3 1 0 0 4 9 2 21 0 2 0 1 2 4 0 4 2 5 3 0 0 0 0 0 14 0 0 0 0 0 0 0 0 0 0 0 2 0 0 0 0 0 0 0 0 0 0 0 0 0 0 0 0 0 0 0 0 0 0 0 40 0 9 7 0 0 5 23 49 2 0 20 0 25 13 27 23 6 0 0 7 0 5 0 0 0 0 0 0 0 0 0 0 5 0 0 0 0 22 0 0 0 0 0 0 0 0 0 0 0 0 0 0 0 0 0 0 0 0 0 0 0 0 0 0 0 0 0 0 0 0 42 0 0 0 0 0 0 0 19 3 8 0 27 9 8 0 28 35 68 14 6 0 8 4 21 1 0 0 0 0 0 0 0 0 24 0 0 0 0 0 23 13 0 0 0 0 0 0 0 0 0 0 0 0 0 0 0 0 0 13 0 0 0 0 0 0 0 18 0 0 68 2 1 10 4 0 2 0 1 0 0 0 0 0 0 0 0 0 0 0 0 0 8 0 0 0 1 0 
 4 1 2 2 0 0 2 2 1 0 5 2 73 2 1 0 1 2 1 3 11 3 3 3 6 3 3 3 3 3 3 18 3 3 7 3 5 5 0 3 27 92 51 170 0 149 70 87 75 85 134 276 46 47 73 74 47 62 56 66 1 0 0 0 0 1 54 0 0 0 31 3 105 26 0 0 1 13 0 12 0 0 0 0 0 0 0 0 0 0 0 0 0 0 0 1 0 0 0 0 0 0 0 0 0 0 0 0 0 0 0 0 0 0 0 0 0 0 0 9 0 1 1 0 11 11 0 0 7 3 10 3 0 13 0 11 8 0 0 0 5 7 2 9 2 1 23 28 2 16 12 14 9 0 20 34 0 0 8 1 0 0 0 0 0 0 0 0 0 0 0 0 0 0 0 0 0 0 0 0 0 0 0 0 0 0 0 0 0 0 0 0 0 0 0 0 0 1 0 0 0 10 19 6 3 6 0 0 5 6 8 11 0 0 7 16 12 10 0 0 0 0 11 17 7 2 18 36 12 0 10 11 9 0 9 9 23 22 0 0 0 0 0 0 0 0 0 0 0 0 0 3 0 0 0 0 0 0 0 1 0 0 2 0 5 1 2 0 3 0 1 0 0 5 0 0 0 0 0 0 0 0 1 0 43 0 0 0 2 0 
 2 2 2 2 2 4 2 2 2 2 2 2 2 2 2 3 4 2 2 2 0 0 0 0 0 0 0 0 0 0 0 0 0 0 0 0 0 0 0 0 53 341 57 110 149 0 241 251 111 56 65 179 46 39 52 313 108 101 53 40 22 7 0 3 0 0 52 53 2 0 1 0 52 0 6 5 0 3 53 52 0 0 0 0 0 0 0 0 0 0 0 0 0 0 0 0 0 0 0 0 0 0 0 0 0 0 0 0 0 0 0 0 0 0 0 0 0 0 0 0 0 1 21 0 0 50 0 0 7 0 26 2 0 0 0 16 0 19 3 0 1 3 1 10 0 15 4 0 0 0 0 3 0 17 4 1 23 0 24 27 0 0 0 0 0 0 0 0 0 0 0 0 4 0 0 0 0 0 0 0 0 0 0 0 0 0 0 0 0 0 0 0 0 0 0 0 0 22 0 0 0 0 7 0 8 9 0 1 1 10 0 9 0 0 0 0 4 11 0 0 74 0 15 26 0 0 23 10 0 0 0 4 8 14 11 0 0 0 43 29 0 0 1 0 0 0 0 0 0 0 0 0 0 0 0 0 0 0 69 0 0 0 4 5 75 6 16 5 2 0 34 0 0 17 0 0 0 0 0 0 0 0 0 0 0 0 0 13 1 0 
 1 60 0 0 0 1 7 0 0 0 0 0 5 0 3 0 0 0 0 0 2 2 2 2 2 63 2 2 32 2 66 2 2 2 2 3 2 2 0 2 272 79 137 156 70 241 0 461 109 629 75 7 129 223 324 164 399 85 106 318 0 0 0 0 2 0 0 3 0 0 2 3 1 1 0 0 3 0 0 0 0 0 0 0 0 0 7 0 0 0 0 0 9 19 0 0 0 0 0 0 0 0 0 0 2 2 0 18 0 14 0 16 0 0 0 0 0 0 0 0 21 21 0 26 0 0 26 14 8 16 9 11 8 6 4 19 0 0 21 41 0 0 1 0 0 0 0 0 0 6 1 0 0 0 0 0 0 0 0 0 0 0 0 0 0 0 4 0 0 0 21 0 6 0 33 0 0 0 0 0 0 0 10 0 9 9 0 0 0 0 0 20 0 0 0 0 0 9 0 0 9 24 19 8 0 15 0 21 98 0 19 22 0 23 0 42 3 21 1 22 0 0 0 0 0 0 0 0 0 0 0 0 8 0 0 0 0 0 8 0 0 0 0 0 0 0 0 0 0 0 0 9 0 0 0 0 0 0 0 0 0 9 2 20 2 0 0 1 1 0 0 0 0 0 0 0 0 0 0 0 0 0 0 0 0 2 0 1 0 0 
 0 0 0 0 0 2 0 0 0 0 0 0 0 73 2 0 0 0 2 0 2 0 4 293 0 1 4 0 0 1 1 0 1 1 0 0 1 0 0 0 86 192 115 87 87 251 461 0 161 391 121 32 215 156 238 420 145 176 130 126 205 0 0 0 0 0 0 0 0 0 0 0 0 0 0 0 6 1 0 0 0 0 0 0 0 0 0 0 0 0 0 0 0 0 0 0 0 0 0 0 0 0 0 0 0 0 0 0 0 0 0 0 0 0 0 0 0 0 0 0 15 20 70 37 5 3 14 33 40 20 17 4 0 0 31 45 73 2 0 5 0 0 0 0 0 0 0 0 6 2 0 0 0 1 3 0 0 0 0 0 0 0 0 0 0 0 0 0 0 0 0 0 0 0 0 0 0 0 0 0 0 0 0 0 0 0 0 0 0 0 0 0 0 0 0 0 0 0 0 0 4 8 12 24 15 33 2 53 52 19 63 0 19 8 3 55 29 25 0 0 10 0 0 0 0 10 0 0 0 0 0 0 11 0 0 1 0 0 69 1 0 0 9 0 0 0 0 0 0 26 0 13 0 1 0 0 0 0 0 19 0 0 1 1 0 22 2 65 2 0 0 0 0 0 0 0 0 0 0 0 0 13 0 0 8 21 0 0 0 0 
 0 0 0 0 0 2 0 0 2 0 0 0 0 0 0 0 0 2 0 0 0 0 0 2 57 0 2 0 0 30 62 6 0 204 0 0 1 0 0 0 115 133 144 71 75 111 109 161 0 154 42 43 130 111 309 82 81 168 91 145 56 0 2 0 2 1 0 0 0 0 0 50 0 0 0 0 0 1 4 0 0 0 0 0 0 0 0 0 0 0 0 0 0 0 0 0 0 0 0 0 0 0 0 0 0 12 0 0 0 0 0 0 0 0 0 12 0 0 0 0 20 9 12 52 21 0 0 15 10 0 9 1 1 25 7 0 10 42 17 5 0 47 0 1 0 0 0 0 11 0 0 0 14 0 0 0 7 0 0 10 0 0 0 0 0 0 26 0 0 0 0 0 0 0 1 0 0 0 0 0 0 0 0 0 6 0 0 0 1 0 0 0 0 0 0 19 0 0 0 0 19 22 11 0 0 1 18 28 8 43 0 32 18 0 0 0 19 10 13 0 0 0 0 0 0 0 0 0 0 0 0 0 8 0 0 0 0 0 13 0 6 0 0 0 0 0 0 0 0 0 0 12 0 0 0 0 0 0 0 1 0 0 0 0 0 1 0 0 0 0 0 0 0 0 0 0 0 0 0 0 0 0 0 0 26 15 0 0 0 0 
 1 0 0 0 0 1 0 0 2 0 0 0 0 0 0 0 0 0 0 0 0 0 0 2 0 2 2 2 0 0 0 0 0 0 0 0 0 1 0 0 123 133 152 249 85 56 629 391 154 0 138 162 60 65 205 423 137 84 286 399 62 0 7 0 0 0 53 0 0 0 0 0 0 0 0 0 0 0 4 0 0 0 0 0 0 0 0 0 0 0 0 0 0 0 0 0 0 0 0 0 0 0 0 0 0 0 0 0 0 0 0 0 0 0 0 0 0 0 0 0 0 52 15 0 63 0 0 0 14 10 20 4 23 6 0 75 37 5 0 0 6 26 0 3 0 0 0 0 0 0 0 0 24 1 7 0 0 0 0 24 0 0 0 0 0 0 0 0 0 0 0 0 0 0 0 6 0 0 0 0 0 0 0 0 0 0 0 0 0 0 0 0 0 0 0 0 0 0 0 0 7 17 25 0 20 15 0 35 29 23 33 54 0 2 16 26 0 1 1 4 0 7 0 0 0 0 0 17 0 1 0 0 15 13 0 7 0 0 14 17 18 0 0 0 0 0 0 0 0 0 0 3 0 1 0 0 0 0 0 0 0 0 35 36 2 3 0 0 2 0 0 0 0 0 0 0 0 0 0 0 0 0 0 0 0 0 0 1 0 0 
 0 1 2 65 0 0 58 65 1 64 2 59 0 1 65 1 77 39 60 25 0 0 0 0 0 0 1 0 0 0 0 0 0 0 0 0 0 0 0 0 306 91 256 108 134 65 75 121 42 138 0 66 39 43 134 123 172 195 32 165 1 0 8 0 0 10 55 0 0 0 7 6 0 6 3 0 0 0 50 0 0 11 5 4 0 0 0 1 13 9 0 0 0 11 1 0 0 1 1 0 0 0 12 0 0 0 0 2 0 0 0 0 0 0 0 0 3 0 0 0 0 5 24 0 14 6 0 0 24 19 8 0 20 0 19 31 10 0 0 0 9 1 0 0 8 0 13 1 0 0 5 0 2 0 0 11 0 0 24 0 0 13 0 9 6 0 0 11 0 0 0 0 50 0 16 0 12 6 9 5 0 0 14 0 0 0 0 11 0 0 0 0 0 0 0 0 0 6 0 0 6 0 10 57 15 34 0 11 10 18 5 10 0 0 0 11 14 0 0 0 0 0 0 3 0 0 0 9 0 0 0 0 10 12 0 14 2 0 18 13 24 0 0 0 0 0 0 0 0 0 0 7 0 0 0 0 0 0 0 39 0 0 0 1 1 19 0 0 4 0 0 0 0 0 0 28 0 1 0 0 0 0 0 0 0 0 0 0 1 0 
 2 0 0 0 0 0 0 0 0 0 0 0 0 0 0 0 0 0 1 0 0 0 0 0 0 0 2 0 0 0 0 0 2 0 0 0 0 0 0 0 69 56 30 88 276 179 7 32 43 162 66 0 40 27 81 98 151 210 25 23 261 0 0 0 0 0 52 0 0 0 0 0 50 32 51 0 2 0 50 20 0 0 0 0 0 0 0 0 0 0 0 0 0 0 0 0 0 0 0 0 0 13 0 0 0 0 0 0 0 0 0 1 0 0 0 0 0 0 0 0 3 3 18 8 30 19 2 20 1 12 6 0 22 0 19 23 1 16 7 3 6 19 0 8 0 0 10 0 0 4 0 0 18 7 0 8 0 0 0 17 0 0 0 1 0 0 0 0 0 0 0 0 0 0 0 0 0 0 0 0 0 0 0 0 0 0 0 0 0 0 0 0 0 0 0 0 0 0 0 0 11 0 0 0 15 37 0 0 1 49 22 19 13 0 19 21 36 11 3 0 14 0 11 0 8 0 10 29 15 0 11 13 12 7 1 0 13 10 41 19 0 0 0 0 0 67 0 0 0 0 0 12 0 2 0 0 0 0 0 21 0 2 2 4 1 26 2 0 0 0 11 0 0 0 0 0 0 0 0 0 0 3 0 0 1 0 0 0 0 0 
 1 0 0 0 0 1 0 0 0 0 0 0 0 0 3 0 0 0 0 0 0 0 0 0 2 0 0 6 67 210 62 0 0 0 5 8 58 125 0 0 207 47 57 110 46 46 129 215 130 60 39 40 0 274 138 108 123 20 291 172 0 0 0 0 0 0 0 0 0 0 0 0 0 0 0 0 6 51 0 0 0 0 0 0 0 0 0 0 0 0 0 0 0 0 0 0 0 0 0 0 0 7 0 0 0 25 0 0 0 6 10 10 0 10 0 6 20 0 0 0 12 7 0 25 0 0 0 0 26 36 0 17 7 54 13 28 27 10 0 10 0 0 0 0 0 0 0 0 4 0 0 0 0 0 0 0 3 0 0 0 0 0 0 0 0 0 0 0 0 0 0 0 0 0 0 0 0 0 0 0 0 0 32 3 0 8 0 0 0 3 0 0 0 0 0 6 0 0 9 0 18 0 10 10 1 9 24 16 67 0 7 12 0 8 0 12 0 0 0 0 0 0 0 7 0 0 1 0 0 0 0 0 0 0 0 0 0 0 0 0 0 0 14 0 0 0 0 0 0 0 0 6 0 0 0 0 0 0 0 0 11 0 0 0 0 1 1 7 0 0 0 0 0 0 0 0 0 0 0 0 0 0 0 0 0 19 0 0 0 0 
 4 0 50 0 0 2 0 0 0 47 0 0 0 0 0 0 0 0 0 0 0 1 0 0 1 0 0 0 7 72 18 72 0 0 0 0 0 0 0 0 169 49 140 283 47 39 223 156 111 65 43 27 274 0 111 187 124 19 300 224 0 0 0 0 84 3 0 2 0 0 0 0 0 0 0 0 50 3 0 0 0 0 0 0 0 0 0 0 0 0 0 0 0 0 0 0 0 0 0 0 0 0 0 0 0 19 0 0 0 0 0 19 0 0 0 0 0 0 0 0 22 12 0 22 0 0 11 36 21 0 0 3 0 75 11 12 34 1 18 15 0 0 0 1 0 0 0 0 8 0 0 0 0 0 0 0 5 0 0 0 0 0 0 0 0 0 7 0 0 0 0 0 0 0 8 0 0 0 0 0 0 0 0 0 6 0 0 9 0 0 6 9 0 0 0 0 0 0 0 0 17 17 0 0 10 0 10 27 1 29 18 0 19 8 0 0 9 1 11 11 0 0 4 0 0 0 7 0 0 0 0 0 0 0 0 0 0 0 0 0 0 0 9 0 0 0 0 0 0 0 0 5 0 0 0 0 0 0 2 1 0 0 0 0 0 2 0 67 0 0 0 0 0 0 0 5 0 0 0 0 0 0 0 0 1 11 0 0 0 0 
 2 2 0 0 0 2 0 0 0 0 0 0 0 0 3 0 0 0 2 0 0 0 0 4 5 1 1 0 7 0 5 55 0 0 7 4 5 2 0 0 552 141 275 157 73 52 324 238 309 205 134 81 138 111 0 393 133 30 202 296 0 0 1 0 0 4 6 53 11 0 12 0 4 3 5 3 3 4 0 5 0 0 0 0 0 0 0 0 0 0 0 0 0 0 0 0 0 0 0 0 0 0 0 5 5 9 0 0 0 1 1 0 0 4 0 0 1 1 0 0 19 10 19 16 9 0 21 62 11 12 0 19 8 23 50 21 11 20 11 1 0 0 0 3 0 0 0 0 0 0 0 3 0 0 4 0 0 0 0 21 0 0 0 0 0 0 0 0 36 0 0 0 0 0 0 0 0 0 0 0 0 0 0 4 0 0 0 0 0 0 4 9 0 0 0 5 5 5 0 0 0 9 0 33 48 14 3 11 10 27 0 0 0 0 21 20 38 10 9 4 0 0 7 0 0 0 0 0 0 0 0 0 0 0 0 0 0 0 16 0 0 0 12 0 0 0 0 0 0 0 0 9 0 2 0 0 0 0 0 23 0 0 64 1 2 22 1 64 0 0 0 0 0 0 0 0 0 0 0 0 0 0 0 0 0 10 0 0 0 0 
 5 3 3 6 31 3 3 3 2 3 3 3 3 3 6 3 6 3 3 3 2 0 0 2 36 0 0 0 6 0 6 0 0 63 7 2 6 6 0 0 89 117 325 113 74 313 164 420 82 423 123 98 108 187 393 0 201 307 59 151 0 0 0 0 3 0 0 0 0 0 0 0 52 1 10 1 3 0 52 0 0 0 0 0 0 0 0 0 0 0 0 0 0 0 0 0 0 0 0 0 0 0 0 7 18 4 0 0 0 0 0 1 0 2 0 0 0 0 0 0 1 32 2 20 0 20 12 10 10 18 8 21 10 20 12 40 0 0 6 52 0 6 0 0 0 0 0 0 0 0 0 0 0 0 0 0 0 0 0 0 0 0 0 0 0 0 31 0 0 0 0 0 0 0 1 0 0 0 0 0 0 0 0 5 6 0 0 0 0 0 0 0 0 0 0 4 21 4 13 0 9 29 29 11 0 34 4 32 41 0 25 29 0 0 0 93 10 24 0 0 6 23 0 0 0 0 18 23 0 0 0 0 0 7 0 0 0 0 20 25 0 0 11 0 0 0 0 0 0 0 0 5 0 2 0 0 0 0 0 0 0 0 2 0 0 0 1 1 0 0 3 0 0 0 0 0 0 0 0 0 0 0 0 0 0 2 0 1 0 0 
 1 0 0 0 0 2 0 0 2 0 0 63 1 0 0 0 0 0 2 0 3 3 3 9 8 3 3 3 3 3 11 3 3 3 6 3 11 3 0 3 304 101 322 69 47 108 399 145 81 137 172 151 123 124 133 201 0 269 36 117 0 0 0 0 1 0 2 0 0 0 6 0 52 0 5 0 2 1 54 0 0 0 0 0 0 0 0 0 0 0 0 0 0 0 0 0 0 0 0 0 0 0 0 6 7 0 0 0 0 0 0 10 0 0 0 0 0 4 0 0 8 26 7 30 0 20 24 4 41 11 15 26 0 18 4 33 0 0 10 19 0 6 0 0 0 0 40 0 0 0 0 0 0 0 0 0 0 0 6 0 0 0 0 0 0 0 5 0 0 0 0 0 0 0 4 0 0 0 0 0 0 0 0 6 7 0 0 0 0 0 0 0 0 0 0 6 8 8 0 0 4 20 27 1 0 25 7 34 21 0 12 21 0 0 0 4 3 18 0 0 6 0 0 0 0 0 20 23 0 0 0 0 0 13 0 0 0 3 29 68 0 0 12 0 0 0 0 0 0 0 0 10 0 1 0 1 0 0 0 0 0 27 0 0 0 1 1 37 0 0 3 0 0 0 0 0 0 0 0 0 0 0 0 0 0 7 0 0 0 0 
 0 0 0 0 63 1 0 0 3 0 0 0 0 0 0 0 2 0 2 0 0 2 0 0 0 0 1 1 0 0 3 0 1 62 1 0 7 0 63 4 127 278 111 293 62 101 85 176 168 84 195 210 20 19 30 307 269 0 24 154 0 3 0 0 0 1 0 0 0 0 0 0 3 0 3 23 0 0 21 0 0 0 0 0 12 0 0 0 0 0 0 0 0 11 0 0 0 0 0 0 8 13 1 0 0 0 18 0 0 0 0 0 0 13 13 18 0 0 0 3 4 11 30 0 0 1 0 19 6 34 13 0 16 0 19 34 0 22 7 9 0 7 0 0 11 0 0 0 0 0 0 0 0 0 0 0 0 0 0 5 0 0 0 0 0 5 0 0 0 0 0 0 0 0 0 0 0 0 0 0 12 0 0 0 0 0 7 0 0 0 0 0 0 0 6 0 0 0 0 10 25 2 10 20 13 23 1 11 32 44 7 32 3 0 18 32 17 1 4 0 0 0 0 0 0 0 16 0 0 0 0 0 0 0 0 0 0 0 30 0 0 0 0 0 0 0 71 0 0 0 0 11 0 0 0 0 0 1 0 30 0 0 2 0 2 27 1 0 0 23 0 0 0 3 0 0 0 0 0 0 0 0 0 1 0 0 0 0 0 0 
 2 64 0 0 0 2 0 0 0 0 0 0 3 5 0 0 0 0 0 2 0 0 0 65 0 62 0 0 1 66 84 0 0 0 6 0 69 1 0 1 157 34 104 52 56 53 106 130 91 286 32 25 291 300 202 59 36 24 0 132 0 0 0 0 0 0 0 0 0 0 0 0 9 4 1 0 3 0 0 2 0 0 0 0 0 0 0 0 0 0 0 0 0 0 0 0 0 0 0 0 0 0 0 0 0 50 0 0 25 0 8 44 0 0 0 11 26 0 0 0 0 0 0 21 0 0 15 24 2 13 0 15 29 28 33 0 11 13 17 13 0 4 0 0 0 0 0 0 5 0 0 0 2 2 0 0 4 0 7 1 0 0 0 0 0 1 6 0 0 0 0 0 0 0 5 0 0 0 0 0 0 0 0 1 33 16 0 0 0 22 0 0 0 0 0 0 0 0 0 0 12 24 0 23 0 3 9 0 31 0 0 5 12 30 0 14 13 20 0 0 10 3 0 19 0 0 6 0 0 0 0 0 3 7 0 0 0 0 4 3 0 0 0 0 0 0 0 0 0 0 0 1 0 1 0 0 0 29 0 0 0 0 1 0 0 2 0 1 0 0 0 0 0 0 0 0 0 0 0 0 0 0 43 0 0 1 0 0 0 0 
 2 0 0 0 0 2 0 0 0 0 0 0 0 0 0 0 0 2 0 3 0 0 0 0 0 1 0 0 0 0 0 0 0 0 0 0 65 2 2 0 140 50 43 123 66 40 318 126 145 399 165 23 172 224 296 151 117 154 132 0 0 6 0 0 0 3 2 0 2 0 10 2 0 3 7 0 3 0 0 0 0 0 0 0 0 0 0 0 0 0 0 0 0 0 0 0 0 0 0 0 0 0 0 0 0 14 0 0 1 0 0 0 0 0 0 0 0 0 0 0 46 25 8 35 0 0 0 21 21 19 6 17 24 0 28 66 11 14 0 0 0 0 0 0 0 0 0 0 7 0 0 0 0 0 0 0 9 0 0 10 0 0 0 0 0 0 0 0 0 0 0 0 0 0 0 0 0 0 0 0 0 0 0 0 0 0 0 0 0 0 0 0 0 0 0 0 0 0 0 0 13 0 0 11 15 32 8 29 38 21 25 0 8 0 37 49 18 1 0 0 0 0 0 0 0 0 0 0 0 0 0 0 0 0 0 0 0 0 15 0 0 0 15 0 0 0 0 0 0 0 0 12 0 0 0 0 0 0 0 25 0 0 1 2 0 25 0 7 1 0 0 0 0 0 0 0 0 0 0 0 0 0 0 0 0 20 0 0 0 0 
 0 0 0 0 0 2 0 0 0 0 0 31 0 0 0 0 0 0 0 0 2 0 0 0 2 90 41 0 0 0 2 0 11 0 6 0 1 0 0 0 0 0 0 1 1 22 0 205 56 62 1 261 0 0 0 0 0 0 0 0 0 278 289 313 196 59 135 145 326 308 42 80 43 139 108 24 348 38 81 17 0 0 0 0 0 0 0 0 0 0 0 0 0 0 0 0 0 0 0 0 0 0 0 0 0 19 0 0 0 0 0 0 0 0 0 0 0 0 0 0 0 0 8 0 13 1 0 0 0 0 12 0 0 0 0 0 0 0 0 0 7 11 67 7 0 1 0 0 11 0 5 0 38 0 0 16 1 6 0 0 0 0 0 0 0 0 0 1 0 0 0 0 0 0 0 0 0 0 0 0 0 0 0 0 0 0 0 0 0 0 0 0 0 0 0 0 0 0 0 0 0 0 0 0 0 0 0 0 0 10 0 15 0 0 0 0 0 0 0 0 0 0 21 0 14 6 0 5 61 1 0 0 8 21 6 8 19 6 8 13 9 0 0 0 0 0 0 0 0 0 0 0 0 2 0 0 0 0 0 0 0 0 0 0 0 0 2 0 0 0 2 0 0 1 1 0 0 0 0 0 0 0 0 0 0 0 0 0 0 0 
