 0 197 103 187 84 42 286 59 266 47 22 83 371 156 351 160 164 321 297 204 3 0 0 0 2 0 2 1 0 3 0 2 0 2 2 0 3 1 2 0 6 0 0 0 3 3 5 0 0 0 0 0 0 0 2 3 2 3 0 6 3 0 0 2 0 0 0 0 1 50 0 0 2 0 0 3 0 36 0 0 17 20 11 26 24 12 20 1 18 52 17 0 35 0 26 19 33 1 17 0 0 0 0 0 0 0 0 0 0 0 0 0 9 0 0 0 0 0 14 14 8 0 0 0 0 0 0 0 0 0 0 0 0 0 0 0 0 0 0 0 0 5 0 0 0 0 0 0 0 0 0 3 0 0 0 0 0 0 0 0 27 19 45 0 8 9 24 0 5 24 0 40 17 10 0 1 0 5 0 15 0 0 0 0 0 0 0 1 0 0 0 0 1 0 0 0 0 0 24 0 0 0 0 0 0 0 0 0 0 10 0 0 0 0 0 14 0 0 0 0 0 0 0 0 0 0 15 0 0 0 0 0 0 0 0 0 0 0 0 0 0 2 0 0 0 0 54 0 3 49 9 9 0 0 0 0 0 0 0 0 0 0 0 0 0 0 0 0 0 0 0 0 0 0 0 10 10 0 0 0 0 0 0 0 0 0 0 0 0 0 
 197 0 124 95 273 135 80 202 356 273 350 175 250 85 359 150 223 235 244 89 0 0 0 2 37 2 1 0 0 6 0 5 2 2 2 0 3 1 2 78 2 0 0 0 6 0 3 2 3 3 0 0 0 0 5 3 0 3 3 5 3 0 0 0 0 1 0 0 0 0 1 0 9 0 0 39 3 3 2 0 10 1 29 23 0 24 33 24 46 59 31 0 0 0 12 15 0 21 17 0 14 0 0 0 0 0 11 0 0 0 0 0 0 31 1 0 0 0 0 13 0 0 0 0 0 0 0 0 0 0 0 2 0 0 0 0 0 0 2 0 0 14 0 0 0 0 6 0 0 0 0 1 0 0 0 0 0 0 4 1 1 14 36 0 4 3 21 17 16 28 33 39 5 0 14 36 46 14 23 31 1 0 0 0 0 0 11 0 0 0 0 0 11 0 0 0 0 0 8 20 0 0 0 0 0 0 0 0 0 0 0 0 1 0 0 0 0 0 0 0 0 0 0 0 0 0 10 0 0 0 0 0 0 0 0 0 0 0 0 0 0 0 0 0 0 2 99 0 88 138 4 12 2 0 0 0 0 0 0 0 0 0 6 0 0 0 0 0 0 0 0 0 0 0 0 2 0 0 0 0 0 0 0 0 0 2 0 0 0 0 
 103 124 0 652 328 334 59 129 528 53 165 40 72 83 59 151 98 256 276 140 4 0 0 215 3 0 0 5 0 6 0 1 3 3 6 6 5 2 8 0 2 2 4 2 9 0 8 9 0 63 0 3 0 5 7 5 7 4 10 3 0 0 0 0 3 0 4 2 0 0 1 6 2 0 0 3 9 3 4 0 0 16 63 26 19 1 36 14 2 20 0 58 0 0 16 20 10 2 2 2 0 0 1 0 0 0 12 0 0 0 0 2 0 0 0 0 2 0 10 1 0 0 0 0 0 0 0 0 0 0 0 0 0 0 0 0 0 0 1 0 1 0 0 0 0 0 0 0 0 0 0 0 0 0 0 0 0 0 0 11 0 0 10 28 1 1 0 25 23 13 24 2 19 26 0 12 31 9 18 0 28 0 0 0 0 0 0 0 0 0 0 0 7 10 0 0 0 1 1 0 0 0 0 0 0 6 0 0 0 0 0 0 0 0 0 1 0 0 1 0 1 0 0 0 0 0 0 0 0 0 0 0 0 2 0 0 1 0 0 0 0 0 0 0 0 2 96 0 2 2 0 10 10 0 0 0 0 0 0 0 0 0 0 0 0 0 0 0 0 1 0 0 0 0 0 0 0 6 0 0 0 0 0 0 11 0 0 0 0 1 
 187 95 652 0 472 29 96 309 293 148 140 197 162 212 182 285 41 141 290 79 7 0 0 0 0 0 76 0 0 2 5 7 4 5 2 3 59 2 37 0 3 0 62 4 8 0 8 0 2 0 0 0 0 0 3 7 0 0 0 3 0 0 6 0 0 37 0 0 0 0 0 0 2 0 0 3 33 3 0 0 6 1 10 53 11 0 0 13 18 29 37 14 10 0 51 10 14 7 0 0 0 20 0 0 0 0 1 25 0 0 0 0 9 13 15 0 0 0 44 13 0 0 0 0 14 0 0 0 0 0 0 0 0 0 0 0 0 0 0 2 0 8 0 1 0 0 0 0 0 0 0 36 0 0 2 0 0 0 0 0 13 13 0 4 1 29 2 20 0 14 23 67 0 1 0 0 20 30 0 2 13 0 1 0 0 0 14 0 0 0 0 0 9 0 18 0 0 0 20 14 0 0 0 0 0 0 0 0 14 0 0 0 3 0 0 17 0 0 0 0 0 0 0 0 0 0 0 0 0 0 0 0 0 0 0 0 0 0 0 0 0 0 0 0 0 0 205 1 1 2 11 18 1 0 2 0 0 0 0 0 0 0 0 0 0 0 0 0 0 0 0 0 0 0 0 11 0 0 0 0 0 0 0 0 0 0 0 0 0 0 
 84 273 328 472 0 246 226 89 155 185 91 45 108 582 175 325 152 107 265 185 56 73 1 0 0 7 75 84 110 4 2 0 2 2 4 0 78 2 6 0 3 3 3 0 2 0 3 3 2 3 0 3 2 0 0 1 0 13 2 3 0 0 1 0 0 0 0 3 3 0 0 0 2 2 0 6 5 3 0 0 0 10 1 2 11 37 0 8 22 27 29 16 0 1 38 1 9 0 0 0 0 1 1 0 0 0 6 23 15 0 0 0 0 2 0 0 14 0 28 33 0 0 0 0 0 0 0 0 0 0 0 4 8 0 0 0 0 0 0 0 0 55 0 0 0 0 0 0 12 13 0 5 0 0 0 0 0 0 1 0 18 15 0 17 30 56 0 16 0 14 1 39 0 17 0 1 0 15 0 0 19 5 17 0 0 0 59 48 3 0 0 0 13 10 0 7 2 0 62 16 6 0 0 0 0 0 0 69 0 0 0 1 0 0 0 0 0 0 0 0 2 0 0 0 0 0 0 0 0 0 0 0 0 0 0 0 0 0 0 0 0 1 0 0 0 2 46 1 8 5 2 21 2 0 0 0 0 0 0 0 0 0 0 0 0 0 0 0 0 2 0 0 0 0 0 12 77 0 0 0 0 8 0 0 0 1 0 0 0 0 
 42 135 334 29 246 0 38 55 49 80 114 116 29 265 71 337 80 49 56 53 90 35 101 1 0 0 171 0 144 3 0 0 1 31 232 180 3 17 84 76 0 0 0 0 3 0 3 0 0 83 0 0 0 0 2 3 0 24 0 3 0 0 0 0 0 0 0 0 0 0 0 0 2 0 12 3 0 3 0 0 0 0 5 11 10 14 0 0 12 11 0 0 0 0 0 0 0 0 0 2 15 26 10 14 0 0 29 43 12 14 25 0 33 42 17 14 5 5 34 0 0 1 0 0 0 0 0 0 0 0 0 29 0 0 0 0 0 0 0 0 1 0 0 0 0 0 0 0 0 0 0 0 0 0 0 0 0 0 0 0 0 0 0 0 0 33 0 4 0 0 22 10 0 0 0 1 20 0 0 0 2 12 34 14 0 0 29 13 0 29 29 1 12 29 29 0 33 0 37 28 0 0 0 0 0 0 0 0 0 0 0 0 0 0 0 0 0 0 0 0 0 14 0 0 0 0 0 0 0 0 2 0 0 0 2 0 0 0 0 0 0 0 0 0 0 10 0 0 2 0 2 2 0 0 0 0 0 0 0 0 0 1 0 0 0 0 0 0 0 0 0 0 0 0 0 0 0 0 0 0 0 14 0 0 0 0 0 0 0 0 
 286 80 59 96 226 38 0 173 56 174 116 120 252 392 144 175 359 199 140 58 0 0 0 0 1 4 0 2 0 3 0 3 0 1 74 0 2 87 3 0 0 0 0 0 0 1 0 0 0 0 0 3 0 0 1 0 1 0 3 77 2 0 0 0 0 0 0 0 0 2 0 0 0 2 0 0 0 0 0 7 32 21 22 9 18 0 8 48 21 10 19 0 13 23 42 1 34 12 0 18 0 0 0 1 0 0 0 0 0 1 0 0 0 0 0 0 0 0 0 0 0 0 0 0 13 0 0 0 0 0 0 0 0 0 0 0 0 10 0 0 0 15 0 0 0 0 0 0 12 0 0 6 0 0 0 0 0 0 0 0 49 39 2 1 0 12 4 0 2 12 0 0 16 7 8 0 0 13 11 8 0 0 0 0 0 0 0 2 0 0 0 0 0 0 0 0 0 0 11 0 0 0 1 0 0 0 0 0 0 0 0 0 0 0 0 0 0 0 0 0 0 0 0 0 0 0 0 0 0 0 0 0 2 0 0 1 0 1 0 0 0 0 0 0 0 0 90 4 0 0 0 10 0 0 0 0 1 0 0 0 0 0 0 0 0 0 17 0 0 0 0 0 0 0 0 4 0 0 0 0 0 0 0 0 0 0 0 0 0 0 
 59 202 129 309 89 55 173 0 106 56 58 144 87 523 142 119 269 37 222 188 8 0 0 2 3 4 1 0 0 3 0 1 12 1 2 0 8 1 3 0 5 11 0 4 9 0 3 9 0 0 2 6 0 4 2 3 8 0 5 5 0 0 0 0 0 1 0 0 0 3 2 1 2 0 4 4 0 3 0 1 16 38 32 8 1 24 12 8 10 16 0 0 20 93 20 0 27 0 0 29 0 0 0 0 0 0 0 0 0 0 0 0 0 0 0 0 0 0 0 0 0 0 0 0 12 0 0 0 0 9 0 0 0 0 0 0 0 0 0 0 0 0 0 0 0 0 0 0 0 0 0 0 0 0 0 0 0 0 0 0 30 7 3 14 11 1 10 13 0 19 0 0 21 75 0 51 17 1 31 38 0 0 0 0 0 0 59 0 0 0 0 0 10 0 0 0 0 0 0 37 0 0 0 0 0 0 0 0 0 0 0 0 0 0 0 0 0 0 0 0 0 0 0 0 0 0 0 0 0 7 0 0 0 0 0 0 0 0 0 13 0 0 0 0 0 1 0 0 1 92 0 9 3 0 0 0 0 0 0 0 0 0 0 0 0 0 0 0 0 0 0 0 0 0 0 0 10 0 0 0 0 0 0 0 0 0 0 0 0 0 
 266 356 528 293 155 49 56 106 0 356 39 473 248 245 188 66 63 367 392 179 0 0 0 0 0 0 0 1 0 3 0 0 0 4 2 0 3 1 1 0 3 0 0 0 2 0 3 0 0 0 0 0 0 0 1 2 29 0 0 3 0 25 0 0 0 0 33 49 0 0 0 0 53 0 0 3 0 3 0 0 7 0 35 14 7 22 51 30 17 16 14 15 24 0 27 41 10 6 18 0 0 0 0 0 0 0 7 0 0 0 0 0 0 4 0 0 0 0 1 12 0 0 0 7 0 0 0 0 0 0 0 0 0 0 0 0 0 0 0 0 0 0 0 0 0 0 0 0 0 0 0 7 0 0 28 0 0 0 6 0 28 25 42 17 0 0 35 0 20 14 0 22 9 0 2 49 14 11 0 19 1 0 0 0 0 0 0 0 0 0 0 0 0 0 0 0 0 0 14 0 0 0 0 2 0 0 0 0 0 0 0 1 0 0 0 1 0 0 0 0 0 0 0 2 0 0 0 0 0 0 0 0 0 0 0 0 0 0 0 0 0 1 0 0 0 2 104 0 0 22 0 7 0 0 0 0 0 0 0 0 1 0 6 0 0 0 0 0 0 0 0 4 0 0 0 0 0 0 0 0 0 0 0 0 0 0 0 0 0 0 
 47 273 53 148 185 80 174 56 356 0 551 142 263 187 190 177 66 611 226 344 6 0 2 0 4 3 0 3 1 3 5 0 7 1 2 2 5 3 2 2 1 2 2 31 5 2 13 0 0 0 0 7 0 1 4 4 1 2 0 3 0 0 0 3 4 4 0 0 3 0 2 4 2 54 0 6 0 3 0 0 9 11 32 9 10 8 17 12 3 30 1 63 16 0 1 27 14 23 15 0 22 0 0 0 0 0 12 0 0 0 2 0 10 61 0 0 0 0 51 12 0 0 0 0 0 0 0 0 0 0 0 0 0 0 0 0 0 0 0 0 0 0 0 0 0 0 0 0 0 0 0 2 0 0 0 2 0 0 11 0 52 21 24 28 0 0 22 2 0 0 28 36 7 0 0 0 1 13 1 12 0 0 23 0 0 0 13 0 0 0 0 0 36 3 0 0 0 0 16 13 0 0 0 0 0 0 0 0 0 0 0 0 0 0 1 14 0 0 0 0 0 0 0 0 0 0 0 1 0 0 2 0 0 0 19 0 0 0 0 0 0 0 0 0 0 0 1 2 2 136 8 4 0 0 0 0 0 0 0 0 0 0 0 0 0 0 0 0 0 0 0 0 0 0 2 1 7 0 0 0 0 0 0 0 0 0 0 0 0 0 
 22 350 165 140 91 114 116 58 39 551 0 40 35 268 68 163 212 60 28 183 0 2 0 0 0 0 0 75 0 3 0 0 0 2 2 0 56 1 0 0 0 0 0 0 16 0 8 0 0 0 0 0 0 0 2 3 0 0 0 3 0 0 0 0 7 0 0 0 0 0 0 0 2 0 0 3 6 3 4 0 1 0 24 16 4 12 7 0 12 18 27 14 0 0 2 0 0 0 0 0 0 15 0 2 0 15 10 0 0 7 0 0 13 20 20 0 0 0 18 15 0 0 0 0 0 0 0 0 0 0 0 0 0 0 0 0 0 0 0 11 0 0 0 2 0 0 0 0 0 0 0 0 0 0 0 0 0 0 0 0 0 11 13 2 0 0 1 12 0 1 38 4 0 0 0 17 14 0 0 0 0 0 0 2 0 0 0 0 0 0 0 0 17 0 0 0 0 0 0 0 0 0 0 0 0 0 0 0 0 0 0 0 0 0 0 14 0 0 0 0 0 0 0 0 0 1 0 0 0 0 2 0 0 0 0 2 0 0 0 0 0 0 0 0 0 0 89 1 47 0 11 10 1 9 0 0 0 0 0 0 0 0 0 0 0 0 0 0 0 0 0 0 0 0 0 0 0 0 0 0 0 0 0 0 0 0 0 1 0 0 
 83 175 40 197 45 116 120 144 473 142 40 0 143 44 126 132 92 448 24 253 78 31 78 4 0 0 0 77 0 2 0 0 0 2 2 210 3 0 2 150 0 0 0 0 3 0 3 0 0 0 0 0 0 2 3 3 0 0 0 3 0 39 0 0 0 0 0 21 0 0 0 0 2 0 0 3 0 2 0 0 21 0 0 8 30 29 0 36 37 12 36 1 15 0 17 13 15 10 0 0 0 33 10 0 0 0 0 15 0 1 19 0 18 21 18 0 0 0 25 26 1 0 0 0 1 0 0 0 0 0 0 0 0 2 0 0 0 0 0 0 0 2 0 0 0 0 0 0 0 0 0 4 0 0 0 0 0 0 0 0 12 20 14 0 8 30 28 0 17 13 14 24 0 0 27 24 0 14 0 0 2 0 0 0 0 0 45 0 17 0 0 0 31 0 0 0 0 0 44 20 0 0 0 0 0 0 1 0 0 0 0 0 0 0 0 15 0 0 0 0 0 0 0 0 0 0 0 0 0 0 0 0 1 0 0 0 0 0 1 0 0 0 0 0 0 2 46 1 2 17 12 11 0 0 0 0 0 0 0 0 0 0 8 0 0 0 1 0 0 0 0 0 0 0 0 9 0 0 0 0 0 0 0 0 0 0 0 0 0 0 
 371 250 72 162 108 29 252 87 248 263 35 143 0 75 42 130 123 295 100 55 5 5 0 5 0 4 0 6 0 3 0 5 3 4 2 0 3 1 2 5 5 0 0 2 3 0 3 0 0 0 0 1 0 0 2 3 0 2 0 3 1 0 0 0 0 0 1 6 4 0 0 2 2 1 0 3 2 3 1 15 8 30 0 8 13 0 2 49 0 25 29 0 12 0 10 0 7 10 15 8 0 0 0 0 0 0 0 0 0 0 0 0 0 1 0 0 0 0 0 0 0 0 2 0 0 0 0 0 0 0 0 12 0 0 0 0 0 0 0 0 0 4 0 0 0 0 0 0 0 0 0 0 0 0 0 0 0 0 0 0 28 0 0 7 9 8 18 47 24 10 6 15 9 2 77 0 0 26 14 0 0 0 0 0 0 0 0 0 0 0 0 0 4 0 0 0 0 0 8 3 0 0 0 0 0 0 1 0 0 0 0 0 0 0 0 0 0 0 0 0 0 0 0 0 2 0 0 0 0 0 0 0 0 0 0 0 0 0 1 2 0 20 0 0 0 0 1 1 2 0 2 12 0 2 0 0 0 0 0 0 0 0 7 0 0 0 0 0 0 0 0 0 0 0 0 10 0 0 0 0 0 0 0 0 0 0 0 0 0 0 
 156 85 83 212 582 265 392 523 245 187 268 44 75 0 532 206 259 166 486 229 1 0 0 2 5 4 0 66 0 3 0 0 0 1 2 0 3 3 7 2 0 3 0 0 3 0 3 0 0 0 3 0 0 0 2 3 41 0 2 5 11 0 0 3 2 0 0 0 0 0 3 0 2 3 0 3 2 3 41 4 0 76 17 0 13 9 0 8 14 23 34 0 14 14 15 24 22 5 0 20 0 0 0 0 0 0 0 0 0 0 0 0 0 0 0 0 0 0 0 10 0 0 0 0 0 0 0 0 0 2 0 0 0 0 0 0 0 0 0 0 0 4 0 0 0 0 0 0 0 0 0 7 0 0 0 0 0 0 0 1 32 63 30 0 1 7 0 0 15 18 0 13 21 9 13 0 0 0 16 8 0 0 0 0 0 0 0 0 0 0 1 0 0 0 0 0 0 0 6 0 0 0 0 0 0 0 0 0 0 0 0 0 0 0 0 0 0 0 0 0 0 0 2 0 0 0 0 0 0 0 0 0 0 0 0 0 0 0 0 0 0 0 0 0 1 2 58 2 4 1 2 15 0 0 0 0 0 0 0 0 0 0 0 0 0 0 0 0 0 0 0 0 0 0 0 25 9 0 0 0 0 0 0 0 0 0 0 19 0 0 
 351 359 59 182 175 71 144 142 188 190 68 126 42 532 0 84 45 207 425 318 1 0 0 1 0 3 1 78 0 5 0 6 0 2 4 0 10 1 1 0 0 0 0 0 3 0 3 0 0 0 1 0 6 3 2 3 3 0 0 7 6 0 0 2 0 0 0 0 2 5 0 0 2 6 0 56 0 3 0 0 11 12 1 0 2 0 13 16 1 7 16 0 57 19 0 60 9 3 15 14 1 0 0 0 0 0 10 0 0 0 0 0 12 28 0 0 0 0 18 3 0 0 0 0 0 0 0 0 0 0 2 0 0 0 0 0 0 0 0 0 0 2 0 0 0 13 0 0 0 0 0 8 0 0 0 1 0 0 8 0 15 54 52 0 1 0 13 13 14 2 21 16 7 11 0 21 24 0 22 12 0 0 0 0 0 0 0 0 0 0 0 2 0 0 0 0 17 0 0 2 2 0 0 0 0 0 0 0 0 0 0 0 0 0 0 14 0 0 0 0 0 0 0 0 0 0 0 2 0 0 1 0 0 0 1 0 0 0 0 0 0 0 0 0 0 2 96 0 47 12 22 4 0 0 0 0 0 0 0 0 0 0 0 0 0 0 0 0 0 0 0 0 0 0 0 6 0 0 0 0 0 0 0 0 0 0 0 0 0 0 
 160 150 151 285 325 337 175 119 66 177 163 132 130 206 84 0 133 117 62 162 2 0 0 205 0 0 0 1 0 3 0 0 0 2 3 0 4 3 2 0 2 62 0 0 4 0 6 0 0 0 0 2 0 49 1 2 4 2 0 3 0 1 0 0 0 0 0 0 0 0 0 0 2 0 0 3 0 3 0 0 0 9 0 21 11 9 0 16 44 30 11 14 2 10 41 0 32 0 0 0 0 0 0 2 0 0 35 0 1 0 0 0 0 20 0 0 1 0 0 0 0 0 0 0 0 0 0 0 0 0 0 16 0 18 0 0 0 0 0 0 0 24 0 0 0 0 0 0 0 0 0 5 0 0 0 0 0 0 0 0 16 0 0 26 10 44 0 25 3 0 34 22 2 10 0 10 25 64 0 0 2 1 1 0 0 0 10 1 1 0 0 0 9 29 0 0 0 0 30 10 0 0 0 0 0 0 0 0 0 0 0 0 0 0 0 0 0 0 0 0 0 0 0 0 0 0 0 0 0 0 0 0 20 0 0 0 0 1 0 0 0 0 0 0 0 1 89 0 1 1 0 14 0 0 2 0 0 0 0 0 0 0 0 0 0 0 0 0 0 0 0 0 0 5 0 13 17 0 0 0 0 0 0 0 0 0 0 0 0 0 
 164 223 98 41 152 80 359 269 63 66 212 92 123 259 45 133 0 417 41 256 2 0 0 0 0 1 18 2 0 3 0 0 0 1 2 0 3 2 2 0 31 2 0 0 2 0 3 0 0 0 0 0 0 0 0 1 3 0 0 3 0 0 0 0 0 0 0 0 0 0 0 1 2 0 0 3 56 3 0 0 8 0 1 9 29 0 25 0 21 7 18 0 0 0 17 11 52 0 62 0 0 0 0 0 0 0 0 0 0 0 0 0 10 20 0 0 0 0 21 0 0 0 0 0 0 0 0 0 0 0 0 2 0 0 0 0 0 0 0 0 0 0 0 0 0 0 0 0 0 0 2 0 0 0 0 0 0 0 0 0 0 11 11 12 12 2 22 12 26 15 30 0 28 21 1 27 29 0 25 2 0 0 0 0 0 0 1 0 0 0 0 19 0 0 0 0 1 0 0 1 0 0 0 0 0 0 0 0 0 1 0 0 0 0 0 14 0 0 0 0 1 1 0 0 0 0 0 0 18 0 0 0 0 0 0 0 0 0 0 0 0 14 0 0 0 1 2 1 46 2 10 7 0 0 0 0 0 0 0 0 0 0 0 0 0 0 0 0 0 1 0 0 0 0 0 6 0 10 0 0 0 0 0 0 0 0 0 0 0 0 
 321 235 256 141 107 49 199 37 367 611 60 448 295 166 207 117 417 0 128 164 4 0 0 4 0 0 0 1 3 4 2 4 4 6 2 0 3 0 2 0 6 2 3 3 3 0 3 0 0 1 0 0 0 0 3 5 1 0 0 3 0 0 5 0 0 0 2 0 0 0 0 0 2 0 0 3 36 3 0 0 18 9 17 20 31 9 17 14 49 49 44 0 11 0 11 11 50 10 21 0 0 0 0 0 0 0 0 0 0 0 0 0 10 0 0 0 0 0 25 10 0 0 0 0 0 0 0 0 0 0 0 0 0 0 0 0 0 0 0 0 0 8 0 0 0 0 0 0 0 0 12 11 0 0 0 0 0 0 1 0 15 32 3 0 19 11 22 0 9 21 0 30 28 0 9 2 29 15 20 21 0 0 0 0 0 0 0 0 0 0 0 0 1 0 0 0 0 0 25 0 0 0 0 0 0 0 0 0 0 0 0 0 0 0 0 17 0 0 0 0 0 0 0 0 0 0 0 0 0 0 0 0 15 0 0 0 0 0 0 0 0 10 0 0 0 1 5 2 0 86 10 2 0 0 0 0 0 0 0 0 0 0 10 0 0 0 0 0 0 0 0 0 0 0 0 19 9 0 0 0 0 0 0 0 0 0 0 0 0 0 
 297 244 276 290 265 56 140 222 392 226 28 24 100 486 425 62 41 128 0 297 2 2 0 2 0 3 0 4 0 2 0 3 74 2 2 0 3 0 1 0 0 0 0 2 3 0 3 0 0 0 0 0 0 0 3 3 1 0 0 3 0 0 0 0 0 0 0 3 2 0 4 0 2 0 0 3 3 2 0 0 36 24 44 0 0 0 35 31 1 10 0 47 22 20 0 37 9 14 19 16 18 0 0 0 0 0 12 0 0 0 0 0 0 14 0 0 0 0 30 0 0 0 0 0 0 0 0 0 0 0 0 0 0 0 0 0 0 0 0 0 1 0 0 0 0 0 6 0 0 0 0 0 0 0 0 0 0 0 8 0 25 18 34 0 10 0 33 0 0 22 0 0 11 0 19 0 0 1 11 61 0 0 0 0 0 0 0 26 0 0 0 0 0 0 0 0 0 0 0 0 0 0 0 0 0 11 0 0 0 0 0 0 0 0 0 0 0 0 0 0 0 0 0 0 0 0 0 0 0 0 0 0 0 0 0 0 0 0 0 0 0 0 0 0 0 0 4 2 0 10 0 0 0 0 0 0 0 0 0 0 0 0 0 0 0 0 0 0 0 0 0 0 0 0 0 0 0 0 0 0 0 0 0 0 17 0 0 0 0 0 
 204 89 140 79 185 53 58 188 179 344 183 253 55 229 318 162 256 164 297 0 2 6 0 0 2 2 0 2 1 14 0 0 0 6 4 2 3 0 4 0 0 0 4 0 3 0 3 6 3 63 60 1 0 0 7 3 3 5 0 3 0 0 42 0 0 0 4 2 0 0 0 0 2 0 0 3 9 3 0 1 10 2 45 0 21 0 23 8 22 13 0 0 1 28 17 12 50 0 19 24 0 8 0 0 0 0 0 0 0 0 0 0 0 0 0 2 0 15 0 0 0 0 0 0 0 0 0 0 0 0 2 0 0 0 0 0 0 0 0 0 0 0 0 0 0 0 0 0 0 1 0 0 0 0 0 0 0 0 0 0 3 0 20 0 0 0 23 8 1 11 0 0 22 30 1 18 30 0 40 35 0 0 0 0 0 0 0 0 0 0 0 1 0 0 0 0 0 0 0 0 2 0 0 0 0 0 0 0 0 0 0 0 0 0 0 0 0 0 0 0 0 0 0 0 0 0 0 2 0 0 1 0 0 0 0 0 0 0 0 0 0 0 0 0 0 0 3 0 0 90 1 7 0 0 0 0 0 0 0 0 0 0 0 0 0 0 0 0 0 0 0 0 0 0 0 1 0 10 0 0 0 0 0 0 0 0 0 0 0 0 
 3 0 4 7 56 90 0 8 0 6 0 78 5 1 1 2 2 4 2 2 0 388 448 56 26 18 460 147 189 48 68 109 357 131 361 186 125 96 131 515 0 7 1 0 3 0 0 4 0 6 0 2 3 0 2 0 0 1 1 3 0 2 0 0 0 2 0 2 0 0 0 2 3 0 4 0 0 0 0 0 0 0 2 0 13 20 0 0 8 0 0 14 0 0 0 0 0 0 0 0 1 24 43 12 0 2 0 28 30 31 6 19 22 35 45 70 0 0 0 13 0 0 0 0 0 0 2 0 0 0 2 0 0 0 0 0 0 0 0 0 0 0 0 1 0 0 0 0 2 0 0 0 0 0 0 0 4 0 0 0 0 0 5 0 12 0 0 0 0 0 9 0 0 0 6 0 0 0 3 13 25 38 0 32 1 0 20 13 11 20 2 1 21 10 17 11 11 0 13 21 0 0 0 0 0 0 0 0 0 0 17 14 0 1 1 0 0 0 11 12 0 0 0 0 0 2 0 0 0 0 1 0 0 0 0 0 0 0 0 0 0 0 0 0 0 1 0 0 0 0 0 0 0 0 48 0 2 1 3 2 3 1 0 0 0 0 0 0 0 0 0 0 0 0 0 0 6 0 0 0 0 0 0 0 0 0 0 0 0 0 
 0 0 0 0 73 35 0 0 0 0 2 31 5 0 0 0 0 0 2 6 388 0 516 152 25 17 234 421 283 38 198 358 61 51 147 134 134 512 44 226 0 0 0 0 3 0 0 4 0 9 0 2 3 8 2 0 0 0 0 2 0 3 0 0 0 1 0 2 0 0 0 5 3 0 2 0 0 0 0 0 0 0 0 0 18 27 0 0 0 0 11 0 0 0 0 0 0 0 0 0 0 25 39 20 2 30 0 38 45 33 19 11 38 19 34 21 0 15 0 46 0 0 0 0 0 0 0 0 0 0 0 0 2 0 0 2 0 0 0 47 0 0 0 0 0 0 0 0 14 12 0 0 0 0 0 0 0 1 0 0 0 0 8 0 13 7 0 0 0 0 12 0 0 0 11 0 2 0 0 0 0 19 0 16 0 9 0 10 0 20 8 0 18 15 7 29 0 7 16 23 0 0 0 0 0 0 0 0 0 1 0 0 0 0 0 1 0 0 2 11 0 0 0 0 0 0 0 0 0 0 0 0 0 0 0 0 0 0 0 0 0 0 10 0 0 0 0 0 0 0 0 0 0 0 14 0 2 1 105 0 33 0 0 0 0 0 0 0 0 0 0 0 0 0 0 0 0 0 0 0 0 0 0 0 0 9 0 0 0 0 
 0 0 0 0 1 101 0 0 0 2 0 78 0 0 0 0 0 0 0 0 448 516 0 70 110 24 76 482 198 172 119 47 166 147 228 73 125 122 137 234 0 0 0 0 3 0 0 2 0 0 0 2 3 8 2 0 34 0 0 6 0 2 0 0 0 3 0 3 0 0 0 3 3 0 4 0 0 0 0 0 0 0 0 18 14 10 0 0 0 2 0 2 8 0 0 0 0 0 0 0 29 32 44 8 29 21 5 41 16 0 7 10 9 14 1 0 18 30 1 8 0 3 0 0 0 0 0 13 0 0 1 1 17 8 0 0 0 0 0 13 8 0 0 0 0 0 0 0 0 0 2 0 0 0 0 0 0 0 0 0 0 0 0 0 1 12 0 0 0 0 2 0 0 0 0 0 5 0 0 0 23 7 18 0 0 7 0 0 8 0 7 39 0 0 19 32 23 26 12 11 17 0 0 0 0 0 0 0 0 0 0 16 9 8 13 0 0 0 11 0 0 0 0 0 0 0 0 0 0 0 0 0 0 0 0 0 0 0 0 0 0 0 10 0 0 0 0 0 0 0 0 0 0 0 10 0 0 1 1 2 0 0 0 0 0 0 0 0 0 0 0 0 0 0 0 0 0 0 0 0 0 0 0 0 0 6 0 7 0 0 
 0 2 215 0 0 1 0 2 0 0 0 4 5 2 1 205 0 4 2 0 56 152 70 0 261 180 64 151 48 336 70 458 133 70 85 68 301 175 73 66 0 0 0 0 3 0 71 2 0 7 0 2 139 2 2 0 0 0 0 3 0 2 0 0 0 9 0 3 0 0 0 3 3 0 2 2 0 0 0 0 0 0 0 0 0 0 0 0 0 0 1 2 0 0 0 1 0 0 0 0 4 14 23 10 0 12 0 9 57 20 37 13 1 0 0 46 21 12 0 0 0 20 0 0 0 0 30 0 14 0 0 0 15 0 23 0 0 0 25 0 0 0 0 0 0 0 13 0 0 0 0 0 10 0 0 0 0 0 0 0 0 2 0 0 0 0 0 0 0 0 0 1 0 0 0 0 0 0 3 0 1 15 21 28 33 39 0 4 27 41 9 29 0 0 29 34 0 0 2 14 14 18 1 12 0 1 0 14 0 0 1 0 15 19 38 0 1 0 17 17 0 0 0 0 0 0 0 0 0 0 14 0 0 0 0 0 0 0 8 0 0 0 0 0 0 0 0 0 0 0 0 0 0 0 16 0 4 5 1 0 4 2 0 0 0 0 0 0 0 0 0 0 0 0 0 0 0 0 0 0 0 0 0 0 2 0 0 0 0 0 
 2 37 3 0 0 0 1 3 0 4 0 0 0 5 0 0 0 0 0 2 26 25 110 261 0 88 51 72 294 245 108 216 358 63 150 310 143 137 65 65 0 60 67 0 3 0 1 128 0 1 0 2 5 61 82 0 127 0 4 93 0 3 2 0 0 2 0 2 0 0 3 2 3 0 2 2 0 0 0 0 1 0 0 0 0 0 0 0 0 0 0 0 6 0 0 0 0 0 0 0 15 0 0 1 1 2 2 0 6 0 0 0 0 0 0 19 4 57 0 1 1 32 9 0 0 0 0 15 29 23 29 0 35 26 9 0 22 0 31 0 0 0 0 0 0 0 0 0 0 0 0 0 0 40 0 0 0 0 0 0 0 0 0 0 0 0 17 0 0 0 0 0 4 0 0 0 0 0 1 0 0 0 39 0 14 10 0 10 40 19 0 0 0 0 5 1 0 17 0 0 17 31 69 18 0 0 3 28 0 25 50 0 35 20 29 26 0 9 0 19 0 0 0 0 0 0 0 0 0 0 0 0 0 0 0 0 0 0 17 0 0 0 0 0 0 0 0 0 0 0 0 0 0 0 3 2 1 90 0 2 2 2 0 0 0 0 0 0 0 0 0 0 0 0 0 0 0 1 0 0 0 0 0 1 0 0 14 0 0 0 
 0 2 0 0 7 0 4 4 0 3 0 0 4 4 3 0 1 0 3 2 18 17 24 180 88 0 38 31 46 186 161 55 34 37 42 245 132 135 247 37 30 0 61 123 3 0 86 63 63 0 0 4 96 1 63 0 92 30 87 2 0 2 6 0 5 3 0 6 0 10 0 3 5 1 6 3 0 0 0 3 0 0 0 0 0 0 0 0 0 0 0 0 0 0 0 1 0 0 1 0 0 0 0 25 0 9 0 0 0 0 53 0 0 0 0 0 20 17 0 0 0 8 10 9 17 0 23 13 14 0 0 0 0 24 24 12 33 6 9 30 0 0 4 0 0 3 2 0 0 0 0 0 0 0 0 0 0 0 0 0 0 0 1 1 0 0 0 0 0 0 1 0 0 1 1 1 2 2 2 3 0 0 0 6 35 6 0 0 12 0 12 8 0 0 11 0 18 7 0 0 7 16 0 11 2 0 15 20 0 0 1 16 29 25 34 0 7 0 10 0 0 0 0 0 0 0 0 1 0 0 0 0 0 0 0 0 0 0 1 0 0 0 0 0 0 0 0 0 0 0 0 1 0 0 3 1 1 1 0 5 1 0 0 0 0 0 0 0 0 0 0 0 0 0 0 0 0 0 0 0 0 0 0 0 0 0 0 0 0 0 
 2 1 0 76 75 171 0 1 0 0 0 0 0 0 1 0 18 0 0 0 460 234 76 64 51 38 0 127 73 34 140 33 255 200 275 563 70 325 292 121 0 0 0 0 4 0 0 2 0 0 0 2 3 0 2 0 0 0 0 2 0 3 0 0 0 10 0 2 0 0 0 2 3 0 11 0 0 0 0 0 0 0 2 0 11 13 0 0 0 0 16 9 0 0 0 0 0 4 0 0 11 22 5 11 2 0 1 26 15 11 5 11 12 10 25 10 0 3 0 47 0 0 0 2 0 0 0 0 0 0 0 1 0 0 0 0 0 0 0 0 0 0 0 1 0 0 0 0 1 0 0 0 0 0 0 0 0 0 0 0 0 0 0 0 26 25 0 0 0 0 0 0 0 0 0 0 0 0 0 0 40 41 13 1 36 0 11 0 11 31 14 0 3 17 13 11 28 0 47 11 2 0 0 0 0 0 0 0 2 0 0 0 0 0 0 0 0 0 0 0 0 0 0 0 0 2 0 0 0 0 0 2 0 0 0 0 0 2 0 0 0 0 1 0 0 0 0 0 3 0 0 0 0 0 23 0 0 75 1 2 0 14 0 0 0 0 0 0 0 0 0 0 0 0 0 0 0 0 0 0 0 15 0 0 0 9 0 0 0 0 
 1 0 5 0 84 0 2 0 1 3 75 77 6 66 78 1 2 1 4 2 147 421 482 151 72 31 127 0 100 23 56 37 269 235 252 75 98 32 205 74 0 0 0 0 3 0 3 2 0 0 0 2 3 0 2 0 0 1 0 2 0 2 0 0 2 2 2 3 0 0 0 2 3 0 2 0 49 0 0 0 0 0 0 0 24 17 0 0 0 9 13 13 0 0 0 24 0 0 0 0 11 22 2 0 0 0 2 20 10 1 8 11 12 1 6 1 0 1 15 47 0 0 0 0 0 0 0 0 0 0 0 0 0 0 0 0 0 0 2 0 9 0 0 0 0 0 7 0 0 0 0 0 0 0 0 0 0 0 0 2 0 0 0 0 36 19 0 0 0 0 38 0 0 0 0 0 0 0 0 0 0 19 23 0 13 0 0 19 11 10 0 0 10 2 0 16 4 3 43 4 0 0 0 0 0 2 0 0 0 0 0 0 0 0 0 0 0 0 0 0 0 0 0 0 10 0 0 0 0 0 0 0 0 1 0 0 0 0 0 0 0 0 0 0 0 0 0 0 0 0 0 0 15 0 14 1 0 0 2 0 0 0 0 0 0 0 0 0 0 0 0 0 0 0 0 0 0 0 0 0 0 21 0 0 1 9 0 0 0 0 
 0 0 0 0 110 144 0 0 0 1 0 0 0 0 0 0 0 3 0 1 189 283 198 48 294 46 73 100 0 135 105 121 151 83 292 88 93 102 165 53 3 3 2 3 3 2 63 2 0 8 1 2 3 5 2 3 0 1 0 69 0 2 2 2 2 2 0 2 1 6 0 2 3 1 2 0 3 0 0 0 0 0 0 6 0 24 0 0 0 0 0 0 0 13 0 0 0 0 0 0 12 40 34 34 31 59 23 35 41 14 0 14 7 0 0 0 0 0 19 17 0 0 65 0 0 0 0 17 0 0 0 0 15 0 0 0 0 0 0 4 1 0 0 0 0 0 0 0 0 0 0 0 0 31 0 0 0 0 0 0 0 0 0 0 28 19 0 0 0 0 0 0 0 0 3 0 41 0 0 0 1 9 19 17 0 22 0 0 9 14 4 9 12 0 17 66 10 2 0 7 11 0 0 0 0 0 0 0 0 0 0 0 12 8 0 0 0 0 51 0 0 0 0 0 0 0 0 0 0 0 0 0 0 0 0 0 0 0 0 0 0 0 1 0 0 0 0 0 0 0 0 0 0 0 1 0 1 0 1 0 0 0 0 0 0 0 17 0 0 0 0 0 0 0 0 0 4 0 0 0 0 0 0 0 0 9 1 0 0 0 
 3 6 6 2 4 3 3 3 3 3 3 2 3 3 5 3 3 4 2 14 48 38 172 336 245 186 34 23 135 0 119 332 133 377 122 159 88 52 82 275 3 0 0 0 3 0 120 2 0 0 2 2 66 2 3 0 0 0 0 9 0 2 0 0 0 6 0 3 0 0 0 3 3 0 2 0 0 0 0 0 0 0 0 0 0 0 40 0 0 0 0 0 0 0 0 0 0 0 0 0 13 0 21 22 10 21 0 13 21 1 31 0 0 0 0 1 32 22 0 0 0 8 0 0 0 0 39 12 33 0 1 14 19 7 18 0 0 0 10 14 0 11 0 0 0 0 0 0 0 0 0 0 7 0 0 0 0 0 0 0 0 1 0 0 0 0 0 0 0 0 0 0 0 5 0 0 0 2 0 14 0 0 16 0 26 37 0 9 28 28 20 68 0 4 7 30 0 5 0 0 25 24 0 0 0 0 0 23 0 0 3 0 21 42 37 0 0 0 22 10 0 0 0 0 0 0 0 0 0 0 0 0 0 0 0 0 0 0 0 0 0 0 9 0 0 0 0 0 0 0 0 0 0 0 11 0 2 50 0 0 5 0 119 0 0 0 0 0 0 0 0 0 0 0 0 0 0 0 0 0 0 0 0 0 0 0 0 0 0 0 
 0 0 0 5 2 0 0 0 0 5 0 0 0 0 0 0 0 2 0 0 68 198 119 70 108 161 140 56 105 119 0 141 102 76 294 251 250 127 192 146 62 0 0 0 6 3 28 2 0 5 3 5 3 0 2 0 56 3 1 68 0 2 0 0 0 5 0 3 0 0 0 5 3 0 2 0 0 1 0 0 0 0 0 0 0 0 0 0 12 0 0 0 0 0 0 0 0 0 0 0 25 26 24 35 21 48 0 4 1 32 0 28 0 0 13 18 3 24 0 0 2 0 8 0 0 0 9 0 0 0 0 0 4 18 10 0 0 0 0 1 0 0 0 0 0 0 0 0 0 0 0 0 0 0 0 0 1 0 0 0 0 0 0 0 0 18 0 0 0 0 0 0 0 36 0 0 0 0 0 4 16 35 0 30 14 9 18 0 0 5 31 24 0 12 20 33 12 67 0 35 9 0 0 0 0 0 0 0 0 0 0 0 11 14 13 0 0 1 35 8 0 0 0 0 0 0 0 0 0 0 0 0 0 0 0 0 0 0 0 0 0 0 0 0 0 2 0 0 0 0 0 0 0 0 28 6 0 5 5 2 2 8 0 0 0 0 7 0 0 0 0 0 0 0 0 0 0 0 0 0 0 0 0 0 0 9 0 0 0 1 
 2 5 1 7 0 0 3 1 0 0 0 0 5 0 6 0 0 4 3 0 109 358 47 458 216 55 33 37 121 332 141 0 381 230 28 38 72 155 45 255 0 68 0 0 3 0 118 156 1 4 0 2 68 80 149 0 0 0 65 150 0 18 0 0 0 2 0 2 0 0 0 2 3 6 7 0 0 0 0 0 0 0 0 0 0 0 0 0 0 0 0 0 0 0 0 0 0 0 0 0 0 1 31 6 0 29 0 13 23 25 0 30 0 1 0 31 1 0 0 0 30 13 0 10 0 0 1 0 3 12 3 0 1 0 0 0 17 8 9 24 0 0 0 0 0 0 0 0 0 1 0 1 0 0 0 0 0 0 0 0 0 0 15 0 0 0 0 0 0 0 0 0 0 0 25 0 0 0 3 0 0 21 0 1 26 18 0 0 1 10 20 1 0 15 1 0 0 1 0 6 33 16 0 0 0 0 1 34 0 0 18 0 28 31 8 16 0 3 12 29 0 0 0 0 0 0 0 0 0 0 0 0 0 0 0 0 0 0 22 0 0 0 11 0 0 0 0 0 0 0 0 0 0 0 7 10 0 2 3 2 4 0 0 0 0 0 0 0 0 0 0 0 0 0 0 0 0 0 0 0 0 13 0 0 0 0 0 0 0 0 
 0 2 3 4 2 1 0 12 0 7 0 0 3 0 0 0 0 4 74 0 357 61 166 133 358 34 255 269 151 133 102 381 0 165 123 397 140 203 230 209 0 0 0 1 3 0 0 2 0 0 0 2 3 0 2 0 0 0 0 2 0 2 0 0 0 30 0 2 0 0 0 2 3 1 6 0 0 0 0 0 10 0 0 0 4 0 0 0 0 1 0 25 0 0 0 0 0 19 0 0 73 1 19 0 2 10 23 0 0 27 25 14 18 15 13 0 1 25 13 26 0 0 0 0 0 0 0 0 0 0 0 2 25 0 2 0 0 0 0 0 9 0 0 0 0 0 10 0 0 0 0 0 0 0 0 0 0 0 6 0 0 0 5 0 10 0 10 0 0 0 0 0 0 0 5 0 2 0 0 0 11 13 23 2 13 0 0 22 20 21 19 4 0 24 0 18 11 25 0 65 0 0 0 1 0 0 0 0 0 0 0 0 0 0 0 0 0 0 0 0 0 0 0 0 0 0 0 0 0 0 0 0 0 11 0 0 0 0 0 0 0 0 0 0 0 0 0 0 0 0 0 0 0 0 2 2 1 76 158 2 9 0 0 0 0 0 0 0 0 0 0 0 0 0 0 0 0 0 0 2 0 2 0 0 0 0 0 0 0 0 
 2 2 3 5 2 31 1 1 4 1 2 2 4 1 2 2 1 6 2 6 131 51 147 70 63 37 200 235 83 377 76 230 165 0 100 219 199 30 245 317 0 0 0 0 66 0 0 2 2 0 0 2 3 0 2 0 0 0 1 2 0 2 0 0 0 3 0 3 0 0 38 3 3 0 9 0 0 2 0 0 0 0 0 0 0 13 0 0 0 0 0 0 0 0 0 0 0 0 0 0 25 0 16 0 12 1 10 22 0 8 24 23 17 14 12 15 18 9 0 7 0 0 2 0 0 0 0 20 0 0 0 0 11 0 0 0 0 0 0 0 0 0 0 0 0 0 0 0 0 0 0 0 0 0 0 0 0 0 0 0 0 0 0 0 0 0 0 0 0 0 0 0 0 0 0 0 0 0 0 0 29 23 12 13 13 0 0 0 17 12 14 23 0 15 12 11 18 33 57 6 0 0 12 0 0 0 0 0 0 0 0 0 0 0 0 0 0 1 10 0 2 2 0 0 9 0 0 0 0 0 0 0 0 0 0 22 0 0 5 0 0 0 0 0 0 0 0 0 0 0 0 0 0 0 2 0 0 3 75 0 0 0 31 0 0 0 0 0 0 0 0 0 0 0 0 0 0 0 0 12 0 0 0 0 0 0 0 0 0 1 
 2 2 6 2 4 232 74 2 2 2 2 2 2 2 4 3 2 2 2 4 361 147 228 85 150 42 275 252 292 122 294 28 123 100 0 209 164 230 296 203 1 0 0 0 3 0 0 2 0 0 0 2 3 1 67 0 0 8 0 2 0 3 1 0 0 6 0 2 0 0 0 2 2 0 2 0 0 0 0 0 0 0 11 13 4 15 0 0 0 0 0 0 0 0 0 0 0 0 0 0 18 19 12 24 15 10 10 12 31 14 9 15 10 0 11 4 21 19 10 13 0 0 0 0 0 0 0 0 0 0 0 0 8 0 0 0 0 0 0 0 0 0 0 0 0 13 0 2 0 0 0 0 0 0 0 0 0 0 0 0 0 0 0 0 14 19 0 0 0 0 0 0 0 0 0 0 7 0 0 0 10 10 54 1 0 0 31 31 14 48 15 2 0 14 52 33 34 10 21 27 0 0 0 0 0 0 0 0 0 0 0 0 0 0 0 0 0 0 0 0 0 0 0 0 0 0 0 0 0 0 0 25 0 0 2 0 0 0 0 0 0 0 0 0 0 0 0 0 0 0 0 0 0 0 18 0 2 85 76 0 10 23 0 0 0 0 0 0 0 0 0 0 0 0 0 0 0 0 0 0 0 4 0 0 0 8 0 0 0 0 
 0 0 6 3 0 180 0 0 0 2 0 210 0 0 0 0 0 0 0 2 186 134 73 68 310 245 563 75 88 159 251 38 397 219 209 0 95 337 123 77 0 0 0 2 9 26 118 2 0 0 4 2 65 0 2 62 0 2 0 6 0 2 0 6 4 9 3 3 0 0 2 2 3 0 8 0 0 0 3 6 0 0 4 0 6 0 0 0 0 0 0 0 0 0 0 0 0 0 0 0 10 6 0 21 1 9 0 0 15 10 27 29 8 0 29 11 15 29 0 12 0 0 0 0 0 0 45 0 16 12 0 0 0 0 9 0 0 0 4 1 0 0 0 0 0 0 0 0 0 0 0 0 0 0 0 0 0 0 0 0 0 3 0 0 0 0 0 0 0 0 0 0 0 6 0 0 0 0 0 12 11 56 0 10 31 0 12 0 11 50 43 12 12 20 18 0 46 11 34 21 0 0 0 0 0 0 0 15 1 0 0 0 0 38 13 0 0 0 27 0 0 0 0 0 0 0 0 0 0 0 0 0 0 0 0 0 0 0 0 0 0 0 0 0 0 2 0 0 0 0 0 0 0 0 8 0 3 149 3 0 4 15 0 0 0 0 0 2 0 0 0 0 0 0 0 0 0 0 0 0 0 8 0 0 0 0 0 0 0 0 
 3 3 5 59 78 3 2 8 3 5 56 3 3 3 10 4 3 3 3 3 125 134 125 301 143 132 70 98 93 88 250 72 140 199 164 95 0 66 205 67 2 0 0 0 3 3 2 2 0 2 3 2 3 0 2 0 0 0 1 65 0 2 0 1 0 3 0 3 1 0 0 3 3 0 2 0 1 1 0 0 0 0 0 0 0 10 0 0 0 0 1 1 0 0 0 2 0 0 0 10 26 22 20 1 7 23 8 19 29 13 20 53 9 0 12 29 67 22 2 29 0 0 3 0 0 0 1 0 0 0 0 0 18 0 9 0 1 0 2 1 0 0 2 0 0 0 0 0 0 0 0 0 0 0 0 0 0 0 0 2 0 0 17 0 8 11 0 0 0 0 0 0 0 0 0 0 0 0 5 0 27 33 20 29 33 5 19 13 29 10 19 14 0 18 33 78 27 39 1 12 0 0 0 0 0 2 0 0 18 0 0 0 11 0 13 0 0 0 31 1 0 0 0 0 0 0 0 7 0 0 0 0 0 0 0 5 0 0 0 0 0 0 0 0 0 0 0 0 0 0 0 0 0 0 12 0 1 74 9 0 2 12 0 0 0 0 0 0 0 0 0 0 0 0 0 0 0 0 0 0 0 0 0 0 1 8 6 0 0 0 
 1 1 2 2 2 17 87 1 1 3 1 0 1 3 1 3 2 0 0 0 96 512 122 175 137 135 325 32 102 52 127 155 203 30 230 337 66 0 238 174 0 0 1 0 3 1 2 2 0 5 0 2 5 0 2 0 0 1 0 7 0 2 0 0 0 5 0 5 0 0 0 2 3 0 2 0 0 0 0 0 0 0 2 0 0 0 0 0 0 0 0 0 0 0 0 0 0 0 0 0 28 26 27 12 0 28 0 8 30 48 19 24 12 0 17 26 27 13 0 0 0 0 23 2 0 0 1 0 0 0 1 20 8 0 9 0 0 0 0 0 0 0 0 2 0 0 0 0 2 0 0 0 0 0 0 0 0 0 0 0 0 0 1 0 0 12 0 0 0 0 0 0 0 0 0 0 0 0 8 0 0 24 21 29 18 5 0 9 143 40 2 21 9 3 26 9 10 9 0 25 0 0 20 0 0 0 0 0 0 0 0 0 0 0 1 0 0 0 52 13 0 0 0 0 0 2 0 0 0 0 0 0 0 0 0 0 0 2 0 0 0 0 0 0 0 0 0 0 0 0 0 0 0 0 15 0 1 64 1 3 7 1 0 0 0 0 0 0 0 0 0 0 0 0 0 0 0 0 0 0 0 0 0 0 0 6 0 0 0 0 
 2 2 8 37 6 84 3 3 1 2 0 2 2 7 1 2 2 2 1 4 131 44 137 73 65 247 292 205 165 82 192 45 230 245 296 123 205 238 0 303 0 0 2 0 3 0 0 2 0 0 3 2 3 0 2 0 0 2 0 4 0 3 0 3 2 7 0 2 0 0 1 2 3 50 6 0 0 0 0 2 0 0 1 9 0 21 0 0 11 0 12 7 0 0 0 0 0 14 0 0 3 29 11 0 0 14 10 35 13 0 10 14 3 3 35 0 1 1 0 44 0 0 0 0 0 0 0 0 0 0 1 0 0 0 0 0 0 0 0 0 0 0 0 2 0 0 0 0 1 0 0 0 0 0 0 0 0 0 0 0 0 0 0 0 17 17 0 0 0 0 0 0 0 0 0 0 0 0 0 0 45 9 0 21 1 0 0 10 13 13 0 0 0 11 30 11 21 26 25 14 15 0 0 0 0 0 0 0 0 0 1 0 0 0 0 0 0 0 0 0 0 0 0 0 0 1 0 0 0 0 0 0 0 0 0 0 0 0 0 0 0 0 0 0 0 2 2 0 0 0 0 0 0 0 8 2 0 2 75 0 2 0 0 0 0 0 0 0 0 0 0 0 0 3 0 0 0 0 0 0 0 0 0 0 0 9 0 0 0 18 
 0 78 0 0 0 76 0 0 0 2 0 150 5 2 0 0 0 0 0 0 515 226 234 66 65 37 121 74 53 275 146 255 209 317 203 77 67 174 303 0 0 0 63 0 4 0 0 2 0 0 0 2 3 0 2 2 0 0 0 2 0 2 0 0 0 3 1 3 0 0 0 2 3 0 9 0 0 0 0 0 0 1 0 1 19 12 0 0 1 0 2 0 0 0 0 0 0 8 0 10 33 25 21 3 22 10 4 28 0 18 19 13 13 13 40 0 12 15 0 38 0 0 0 0 0 0 0 3 0 0 0 0 2 0 0 0 0 0 0 0 0 0 0 0 0 0 0 1 0 0 0 0 0 0 0 0 0 0 0 0 0 0 0 0 8 26 0 0 0 0 0 0 0 0 0 24 0 0 0 0 54 18 1 20 11 0 30 0 9 0 13 16 11 13 25 22 41 31 22 48 0 0 0 0 0 0 0 0 0 0 0 0 0 0 0 0 0 0 14 2 0 0 0 0 0 0 0 0 0 0 0 2 0 0 2 0 0 0 0 12 0 0 0 0 0 0 2 0 0 74 0 0 0 0 15 0 0 73 18 4 2 15 0 0 0 0 0 0 0 0 0 0 0 0 0 0 1 0 0 0 0 0 0 0 0 9 0 0 0 0 
 6 2 2 3 3 0 0 5 3 1 0 0 5 0 0 2 31 6 0 0 0 0 0 0 0 30 0 0 3 3 62 0 0 0 1 0 2 0 0 0 0 394 155 127 31 41 76 158 128 35 258 166 59 124 111 68 166 228 171 95 0 50 3 0 0 0 0 0 0 0 0 0 0 0 0 0 0 0 0 51 0 0 0 0 0 0 0 0 0 0 1 8 0 0 0 1 0 4 0 0 0 0 0 0 0 0 0 0 0 0 0 0 0 0 0 0 0 0 0 0 0 17 32 11 10 8 0 57 0 5 0 0 0 44 6 11 18 7 0 20 0 0 7 0 0 7 24 0 0 0 0 0 0 11 0 0 0 0 16 0 0 0 0 0 6 0 10 0 3 4 0 0 6 7 3 0 0 3 0 0 0 0 0 0 0 0 0 0 0 0 0 0 0 0 0 0 0 0 0 0 6 26 10 30 0 30 6 0 27 0 3 10 0 0 15 0 4 29 0 0 13 2 0 0 0 0 1 0 0 0 0 0 0 1 0 0 0 0 8 0 0 11 0 0 11 0 0 0 0 0 0 20 0 23 0 0 0 0 0 11 0 0 5 0 0 9 2 0 0 0 0 0 0 0 0 0 0 0 0 0 0 0 0 0 0 0 0 0 0 0 
 0 0 2 0 3 0 0 11 0 2 0 0 0 3 0 62 2 2 0 0 7 0 0 0 60 0 0 0 3 0 0 68 0 0 0 0 0 0 0 0 394 0 446 73 45 38 113 146 30 54 54 21 274 120 167 54 49 114 163 64 0 13 0 0 0 0 0 0 0 50 0 0 1 3 0 0 0 0 0 0 0 0 0 0 0 0 0 0 0 0 0 0 0 16 0 0 0 0 0 0 0 0 0 0 6 0 0 0 0 0 0 0 0 0 0 0 0 0 0 0 27 0 0 5 2 0 0 0 14 5 0 0 8 0 0 31 1 61 12 6 0 0 0 0 0 0 0 0 0 0 0 1 28 0 0 0 0 0 0 9 0 1 0 0 0 0 0 0 0 0 0 0 5 0 0 0 0 0 0 0 0 0 15 0 12 1 0 23 0 0 9 6 0 0 0 0 0 0 0 0 16 0 0 1 31 3 12 0 75 23 11 7 0 0 0 25 75 26 0 18 3 23 0 0 0 0 1 0 0 0 0 0 1 3 0 0 0 0 0 19 0 0 0 0 0 0 0 0 0 0 0 1 0 0 0 0 0 0 0 0 0 0 1 0 1 3 0 0 0 0 0 0 0 0 0 0 0 0 0 0 0 0 0 0 6 18 0 0 2 0 
 0 0 4 62 3 0 0 0 0 2 0 0 0 0 0 0 0 3 0 4 1 0 0 0 67 61 0 0 2 0 0 0 0 0 0 0 0 1 2 63 155 446 0 98 54 37 139 319 62 160 59 106 56 45 282 78 150 220 122 119 0 8 0 1 0 49 50 0 4 2 0 8 0 0 0 0 20 1 0 0 0 0 0 0 0 0 0 0 0 0 0 0 0 0 0 0 0 0 0 0 0 0 0 0 1 0 0 0 0 0 0 0 0 0 0 0 0 0 0 0 1 0 0 0 11 0 0 30 3 12 12 11 1 7 53 6 22 1 14 44 0 0 3 0 0 2 0 0 0 0 3 0 1 0 0 0 0 0 11 0 0 1 0 0 0 0 0 0 7 0 0 0 0 0 0 1 0 0 0 1 0 0 0 0 0 0 0 0 0 0 0 0 0 0 0 0 0 0 0 0 15 9 35 0 11 11 27 32 22 0 8 0 25 0 0 0 9 20 0 4 10 6 0 0 0 3 11 0 1 4 3 0 7 0 0 0 8 0 0 10 0 0 0 0 0 0 0 0 0 0 0 1 0 0 0 0 0 0 0 4 0 0 0 65 0 3 9 1 0 0 1 0 0 0 0 1 0 0 0 0 0 0 0 0 11 11 0 0 2 0 
 0 0 2 4 0 0 0 4 0 31 0 0 2 0 0 0 0 3 2 0 0 0 0 0 0 123 0 0 3 0 0 0 1 0 0 2 0 0 0 0 127 73 98 0 87 24 139 92 172 172 194 315 50 147 73 110 127 181 116 74 0 0 0 0 0 0 0 0 0 5 0 0 51 0 0 4 0 0 20 51 0 0 0 10 0 0 0 0 0 0 0 0 0 0 0 0 0 0 0 0 0 0 0 0 0 0 0 0 0 0 0 0 0 0 1 0 0 0 0 0 6 10 17 16 23 0 25 11 0 0 10 11 0 13 14 11 17 14 0 4 0 0 3 0 11 6 23 0 0 0 0 3 0 20 0 0 0 0 0 0 0 6 0 0 0 0 0 0 0 33 0 0 0 0 0 0 0 0 0 0 0 0 0 0 0 0 0 0 0 0 0 0 0 0 0 0 0 0 0 0 8 11 3 43 11 10 33 9 6 15 0 22 1 9 12 0 19 0 0 0 12 0 0 0 0 0 16 0 0 0 0 0 3 13 0 0 7 0 11 0 0 0 0 0 0 0 0 0 0 0 0 11 0 0 0 0 0 0 0 19 0 0 0 2 0 0 2 0 1 0 0 0 0 0 0 0 0 0 0 0 0 0 14 0 9 0 0 5 1 0 
 3 6 9 8 2 3 0 9 2 5 16 3 3 3 3 4 2 3 3 3 3 3 3 3 3 3 4 3 3 3 6 3 3 66 3 9 3 3 3 4 31 45 54 87 0 128 56 65 79 108 176 214 44 69 90 126 50 117 97 306 22 50 0 13 0 0 0 0 1 0 46 2 58 0 50 0 0 1 61 150 0 0 6 4 0 1 0 0 1 4 0 1 0 0 8 0 0 0 0 0 0 0 11 0 0 0 0 0 0 0 0 0 0 0 0 0 0 0 0 14 0 0 9 0 0 9 0 20 0 0 25 27 0 0 0 0 0 0 0 0 15 7 0 0 0 0 4 0 7 1 0 0 30 29 1 20 0 0 7 20 0 0 0 1 0 0 0 4 0 7 2 1 0 0 0 6 4 0 0 0 0 0 0 0 0 0 0 0 0 0 0 0 3 0 0 0 0 0 0 0 0 0 0 21 28 0 0 0 0 0 0 19 0 0 0 0 0 0 0 0 77 0 0 0 0 0 43 15 0 0 0 0 22 15 24 20 0 10 14 33 0 0 9 0 0 0 9 0 0 0 0 14 0 1 0 0 0 0 0 6 0 19 16 0 5 0 0 31 3 0 8 0 0 0 0 0 0 0 0 0 0 0 0 0 26 12 0 0 2 0 
 3 0 0 0 0 0 1 0 0 2 0 0 0 0 0 0 0 0 0 0 0 0 0 0 0 0 0 0 2 0 3 0 0 0 0 26 3 1 0 0 41 38 37 24 128 0 39 69 53 109 150 126 28 40 110 161 284 78 76 59 29 0 0 0 0 0 0 0 0 0 0 0 50 51 0 57 51 0 0 50 0 0 0 0 0 0 0 0 0 0 0 0 0 0 0 0 0 0 0 0 0 0 0 16 0 0 0 0 0 0 0 0 0 0 0 0 0 0 0 0 0 0 0 0 10 36 0 0 0 21 11 10 0 0 0 0 0 0 0 0 12 13 9 0 0 0 13 16 14 0 0 0 0 21 38 0 20 9 1 16 0 0 0 0 0 0 0 0 0 0 0 0 0 0 0 0 0 0 0 0 0 0 0 0 0 0 19 0 0 0 0 0 0 0 0 0 0 0 0 0 0 0 0 0 10 8 0 0 0 0 0 34 0 0 0 0 0 0 0 0 1 17 30 20 0 0 0 9 0 0 7 0 18 4 33 35 1 0 0 0 0 0 0 0 0 0 0 0 0 0 0 8 0 2 0 0 0 0 0 0 0 0 44 0 4 1 0 0 2 0 14 0 0 0 0 0 0 0 0 0 0 0 0 0 0 0 0 0 0 0 
 5 3 8 8 3 3 0 3 3 13 8 3 3 3 3 6 3 3 3 3 0 0 0 71 1 86 0 3 63 120 28 118 0 0 0 118 2 2 0 0 76 113 139 139 56 39 0 91 101 48 40 56 67 333 42 42 34 15 164 63 0 1 0 0 0 0 0 0 0 1 4 0 0 8 0 0 0 0 0 0 0 0 1 2 0 0 0 0 0 6 0 12 0 0 0 0 0 0 0 0 0 0 0 14 0 11 0 0 1 1 19 0 0 0 0 0 16 16 0 0 13 1 1 0 9 0 14 0 23 10 0 0 0 0 10 0 0 0 19 44 0 0 6 0 0 6 0 0 0 0 0 0 0 0 0 0 0 0 0 4 0 0 0 38 0 0 0 9 0 0 7 1 0 9 0 0 13 0 0 5 0 0 0 0 32 51 0 0 0 0 10 21 4 3 1 1 18 23 0 0 33 21 0 1 0 20 24 13 2 0 1 0 46 30 23 13 0 4 8 4 0 0 0 0 0 0 0 0 0 0 0 0 0 0 0 0 2 0 0 0 0 0 0 0 0 0 2 0 0 27 0 4 0 1 0 0 0 0 0 0 0 0 0 0 2 0 1 0 0 0 0 0 0 0 0 0 0 0 0 0 0 0 0 0 19 0 0 0 2 0 
 0 2 9 0 3 0 0 9 0 0 0 0 0 0 0 0 0 0 0 6 4 4 2 2 128 63 2 2 2 2 2 156 2 2 2 2 2 2 2 2 158 146 319 92 65 69 91 0 302 52 19 50 165 230 407 42 110 70 104 159 0 2 0 0 0 10 0 0 5 10 0 7 0 12 0 0 0 4 0 0 0 0 0 0 0 0 0 0 0 0 0 0 0 0 0 0 0 0 0 0 0 0 0 0 0 13 0 0 0 0 0 0 0 0 0 0 0 0 0 0 24 50 0 18 0 7 13 0 9 2 1 0 0 21 17 11 6 20 6 1 0 0 8 0 0 0 0 0 0 0 0 0 11 0 0 0 0 0 0 0 0 0 0 0 0 0 0 0 0 0 0 0 0 0 0 0 0 0 0 0 0 0 0 0 1 13 0 0 0 0 0 0 0 0 0 0 0 0 0 0 15 14 6 4 0 8 18 35 0 0 15 1 20 28 18 1 0 12 0 22 2 0 0 0 0 0 0 0 0 0 0 0 0 0 0 0 0 0 38 0 0 0 0 0 0 0 0 0 0 0 0 9 0 0 0 0 0 0 0 0 0 0 2 3 0 16 1 0 0 0 0 0 0 0 0 4 0 0 0 0 0 13 0 0 0 0 0 0 1 0 
 0 3 0 2 2 0 0 0 0 0 0 0 0 0 0 0 0 0 0 3 0 0 0 0 0 63 0 0 0 0 0 1 0 2 0 0 0 0 0 0 128 30 62 172 79 53 101 302 0 74 178 272 80 318 118 233 53 215 340 71 40 0 0 0 0 0 0 0 0 0 0 0 53 0 0 6 0 50 26 108 0 0 0 0 0 0 0 0 0 0 0 0 0 0 0 0 0 0 0 0 0 0 0 0 0 0 0 0 0 0 0 0 0 0 0 0 0 0 0 0 0 0 88 6 11 0 0 5 0 11 11 0 0 2 0 0 11 0 0 4 0 4 2 0 0 2 19 8 0 55 3 0 0 16 9 4 8 11 10 0 0 0 0 0 0 0 0 0 0 10 0 0 0 0 0 0 0 0 0 0 0 0 0 0 0 0 0 0 0 0 0 0 0 0 0 0 0 0 0 0 10 16 12 37 10 31 12 0 10 11 15 11 0 0 16 0 1 10 0 8 12 5 0 12 0 0 14 17 0 0 0 0 0 13 8 22 7 0 21 22 0 0 0 0 0 0 0 0 2 0 0 7 0 2 0 0 0 0 0 7 0 0 0 0 1 0 0 0 0 16 0 0 0 0 0 0 0 0 0 0 0 0 0 0 9 0 0 11 1 0 
 0 3 63 0 3 83 0 0 0 0 0 0 0 0 0 0 0 1 0 63 6 9 0 7 1 0 0 0 8 0 5 4 0 0 0 0 2 5 0 0 35 54 160 172 108 109 48 52 74 0 92 109 96 325 352 201 122 53 165 322 0 0 0 2 0 0 0 0 0 0 0 0 2 0 0 0 5 0 0 0 0 0 0 0 0 0 0 0 0 0 0 0 0 0 0 0 0 0 0 0 0 0 2 1 1 7 0 6 10 7 0 0 0 0 0 4 0 0 0 0 39 0 10 11 10 1 0 19 23 13 19 27 2 0 0 9 29 24 14 18 0 11 0 0 0 0 0 0 0 0 0 0 13 0 0 0 0 0 0 27 0 0 0 0 0 8 0 0 0 0 0 0 0 0 0 0 0 0 0 0 0 0 0 0 0 19 0 0 0 0 7 0 0 0 4 0 8 0 0 6 2 8 18 1 59 0 0 34 6 38 17 1 26 2 0 9 14 18 12 12 13 13 0 0 0 0 17 8 0 1 0 0 6 0 9 0 0 0 0 22 0 0 51 0 0 0 0 0 0 0 0 16 0 1 0 0 0 0 0 1 0 19 2 35 0 3 3 6 0 0 0 0 0 0 0 0 0 0 0 0 0 0 0 0 0 8 0 10 2 0 
 0 0 0 0 0 0 0 2 0 0 0 0 0 3 1 0 0 0 0 60 0 0 0 0 0 0 0 0 1 2 3 0 0 0 0 4 3 0 3 0 258 54 59 194 176 150 40 19 178 92 0 151 228 45 50 278 109 119 41 71 51 51 0 0 0 0 0 17 0 0 0 0 23 3 6 2 0 0 51 158 0 0 0 0 0 0 0 0 0 0 0 0 0 0 0 0 0 0 0 0 0 0 0 0 0 0 0 7 0 0 0 0 0 0 0 0 0 8 0 0 0 0 20 19 0 31 0 20 0 11 21 7 0 0 19 10 7 0 0 0 5 0 0 0 0 0 31 0 15 1 0 0 0 7 6 2 0 0 29 0 0 5 0 0 0 0 0 0 0 7 0 0 0 0 0 0 0 0 0 0 0 0 0 0 0 0 0 0 0 0 0 0 0 0 0 0 0 0 0 0 0 7 8 33 13 19 0 0 37 13 5 8 0 0 9 0 0 16 0 0 20 1 0 0 0 0 13 1 0 0 0 0 10 22 21 14 0 0 8 0 0 0 0 0 0 0 0 0 0 0 0 12 0 0 0 0 0 0 0 10 0 0 2 0 2 3 0 0 0 0 8 0 0 0 0 0 0 0 0 0 0 0 0 0 0 0 0 18 1 0 
 0 0 3 0 3 0 3 6 0 7 0 0 1 0 0 2 0 0 0 1 2 2 2 2 2 4 2 2 2 2 5 2 2 2 2 2 2 2 2 2 166 21 106 315 214 126 56 50 272 109 151 0 20 56 48 234 66 84 110 247 50 0 0 0 0 0 0 0 0 1 0 0 23 0 0 0 0 0 51 76 0 0 12 0 0 0 9 0 0 0 0 5 0 0 0 0 0 0 0 0 0 0 0 0 0 0 0 0 0 0 0 0 0 3 0 0 0 0 1 0 0 12 19 19 18 0 1 9 0 17 6 1 0 11 1 1 14 1 0 20 0 0 6 0 0 6 17 0 0 1 0 0 0 1 8 0 0 0 0 4 0 0 0 5 0 0 0 5 0 3 2 8 0 0 0 0 0 0 0 0 0 0 8 0 0 0 0 0 0 0 18 0 8 10 0 0 0 0 0 0 9 30 11 30 11 34 25 0 1 14 16 12 0 4 26 6 9 1 0 0 1 0 0 0 0 0 10 0 0 0 0 11 0 9 0 0 3 0 13 0 0 0 0 0 13 0 1 0 0 0 0 0 0 2 0 0 0 0 0 0 0 13 6 0 2 3 8 0 6 0 0 0 0 0 0 0 0 0 0 0 0 2 0 0 19 0 0 18 1 0 
 0 0 0 0 2 0 0 0 0 0 0 0 0 0 6 0 0 0 0 0 3 3 3 139 5 96 3 3 3 66 3 68 3 3 3 65 3 5 3 3 59 274 56 50 44 28 67 165 80 96 228 20 0 138 66 26 90 35 163 214 0 3 0 0 0 0 0 5 0 4 0 0 0 7 0 0 2 0 0 0 0 0 0 0 0 0 0 0 0 0 0 0 0 0 0 0 0 0 0 0 0 0 1 3 0 19 0 0 0 0 50 0 0 0 0 0 13 14 0 0 18 12 0 1 0 0 39 41 42 0 1 0 4 0 33 24 34 17 42 16 0 0 0 0 0 0 0 0 0 0 0 0 20 0 0 9 0 21 0 0 0 0 0 0 0 0 0 0 0 0 0 0 0 0 0 0 0 0 0 0 0 0 0 0 21 2 0 0 0 0 0 0 0 0 0 0 23 0 0 0 0 1 0 0 0 1 0 56 0 0 0 0 26 31 1 0 1 0 0 10 0 0 0 0 0 0 0 0 0 0 0 0 0 0 0 0 0 0 1 0 0 0 0 0 0 33 0 0 0 0 0 6 0 0 0 0 0 0 0 0 0 0 0 95 2 10 0 0 0 0 0 0 0 0 0 0 0 0 0 0 0 14 0 0 0 0 0 0 2 0 
 0 0 5 0 0 0 0 4 0 1 0 2 0 0 3 49 0 0 0 0 0 8 8 2 61 1 0 0 5 2 0 80 0 0 1 0 0 0 0 0 124 120 45 147 69 40 333 230 318 325 45 56 138 0 154 107 51 113 193 448 0 6 0 0 0 0 0 0 0 0 0 0 0 55 0 2 0 0 0 0 0 0 0 0 0 0 0 0 0 0 0 0 0 0 0 0 0 0 0 0 0 0 3 3 3 17 0 0 6 0 0 0 0 0 0 0 0 0 0 0 38 3 26 13 6 11 1 14 44 0 1 0 13 22 2 0 18 26 11 15 0 0 0 0 0 0 0 0 0 0 0 0 0 20 0 0 0 0 0 0 0 0 0 0 0 0 0 0 0 0 0 0 0 0 0 0 0 0 0 0 0 0 0 0 13 7 0 0 0 0 15 0 0 0 0 1 0 0 0 0 71 0 0 22 18 2 0 34 0 10 0 28 22 25 0 11 0 0 7 16 15 0 0 20 0 0 0 0 0 0 0 9 20 0 0 0 59 0 23 0 0 0 5 0 0 0 0 0 0 0 0 7 0 2 0 0 0 0 0 8 0 0 0 0 0 8 0 0 0 0 0 0 0 0 0 0 0 0 0 0 0 13 0 0 0 0 0 10 0 0 
 2 5 7 3 0 2 1 2 1 4 2 3 2 2 2 1 0 3 3 7 2 2 2 2 82 63 2 2 2 3 2 149 2 2 67 2 2 2 2 2 111 167 282 73 90 110 42 407 118 352 50 48 66 154 0 303 81 123 80 186 23 2 0 0 1 0 0 0 0 2 4 0 58 2 0 0 0 0 5 6 0 0 0 0 0 0 0 0 0 0 0 0 0 0 0 0 0 0 0 0 0 0 0 25 0 0 0 0 0 0 0 0 0 0 0 0 0 0 0 0 0 24 10 29 0 1 10 0 25 23 0 0 0 12 16 22 7 29 0 0 0 10 0 0 0 0 1 8 0 0 0 0 2 21 4 0 4 15 0 3 0 0 0 0 0 0 0 0 0 0 0 0 0 0 0 0 0 0 0 0 0 0 0 0 1 11 0 0 0 0 0 8 0 0 0 0 0 0 0 0 12 13 7 20 7 2 14 11 20 19 25 20 0 7 11 11 19 13 0 5 18 7 1 11 0 0 0 34 0 0 0 0 0 1 8 26 1 0 5 2 0 0 0 0 0 0 0 0 0 0 0 12 0 0 0 0 0 0 0 6 0 0 2 0 0 9 2 0 2 0 0 0 0 0 0 0 0 0 0 0 0 0 0 0 0 0 0 0 1 0 
 3 3 5 7 1 3 0 3 2 4 3 3 3 3 3 2 1 5 3 3 0 0 0 0 0 0 0 0 3 0 0 0 0 0 0 62 0 0 0 2 68 54 78 110 126 161 42 42 233 201 278 234 26 107 303 0 142 195 26 83 0 4 0 4 24 4 0 0 4 1 1 1 52 0 0 0 5 1 46 54 0 0 0 0 0 0 0 0 0 0 0 0 0 0 0 0 0 0 0 0 0 0 0 0 0 0 0 0 0 0 0 0 0 0 0 0 0 0 0 0 0 0 32 22 35 11 0 21 0 13 23 0 0 0 0 0 6 0 0 0 0 0 33 0 8 0 37 0 13 0 11 0 0 19 13 0 0 0 22 0 0 0 0 0 0 0 0 0 0 5 0 0 0 0 0 0 0 0 0 0 0 0 0 0 0 0 0 0 0 0 0 0 0 0 0 0 0 0 0 0 0 14 15 48 16 5 1 0 18 13 12 42 0 0 10 0 4 12 0 0 16 1 0 18 8 3 2 0 0 4 3 3 0 3 16 10 5 0 9 1 0 0 0 0 0 0 0 0 0 0 0 3 0 1 0 0 0 0 0 22 0 0 7 0 1 1 7 0 0 23 14 0 0 0 0 0 0 0 0 0 0 0 0 0 0 0 0 39 2 0 
 2 0 7 0 0 0 1 8 29 1 0 0 0 41 3 4 3 1 1 3 0 0 34 0 127 92 0 0 0 0 56 0 0 0 0 0 0 0 0 0 166 49 150 127 50 284 34 110 53 122 109 66 90 51 81 142 0 183 85 103 0 3 0 0 3 5 46 0 0 5 0 6 1 1 0 2 2 3 0 0 0 6 0 0 0 0 0 0 0 0 0 0 7 0 0 6 11 0 0 6 0 0 0 0 0 0 0 0 0 0 0 0 0 0 0 0 0 0 0 0 23 10 17 8 0 0 9 22 12 6 0 0 1 37 13 21 35 34 12 7 0 0 0 0 0 0 0 0 0 0 0 0 0 0 0 0 0 0 0 0 0 6 7 0 0 0 0 0 0 0 0 0 0 7 0 0 0 0 0 14 0 0 0 0 0 0 0 0 0 0 0 2 0 0 0 0 0 0 0 0 7 11 5 14 22 0 32 24 19 1 12 14 23 4 4 1 28 35 0 0 0 0 0 0 0 0 0 0 0 0 0 0 0 0 0 0 0 0 18 0 0 0 0 0 0 0 0 0 0 0 0 2 0 2 0 0 0 1 0 0 0 0 1 61 2 5 2 0 0 0 0 0 0 6 0 0 0 0 0 0 0 0 0 0 0 0 0 0 1 0 
 3 3 4 0 13 24 0 0 0 2 0 0 2 0 0 2 0 0 0 5 1 0 0 0 0 30 0 1 1 0 3 0 0 0 8 2 0 1 2 0 228 114 220 181 117 78 15 70 215 53 119 84 35 113 123 195 183 0 158 35 0 0 0 0 0 4 4 2 0 0 2 5 2 0 0 0 11 6 56 0 0 0 0 0 7 0 0 0 0 0 0 0 0 0 0 0 0 0 0 0 0 0 0 0 0 0 0 0 0 0 0 0 0 9 1 0 6 0 28 0 0 12 23 11 10 6 0 88 0 12 9 1 0 80 7 13 25 13 0 20 0 0 8 0 12 7 26 0 0 0 0 0 0 5 0 0 0 0 8 1 0 0 0 0 0 6 0 0 0 5 0 6 0 0 0 0 12 0 0 0 0 0 2 0 0 0 10 9 0 10 0 0 0 0 0 0 0 0 6 0 6 31 16 23 2 62 9 0 25 0 9 4 0 0 7 0 19 27 0 0 11 24 0 0 0 0 12 0 20 11 0 0 0 11 0 0 0 0 1 0 0 0 0 0 0 0 0 0 0 0 0 11 0 1 0 0 0 0 0 31 0 1 0 2 0 3 0 0 0 0 0 0 0 0 0 0 0 0 0 0 0 14 0 0 0 0 0 0 2 0 
 0 3 10 0 2 0 3 5 0 0 0 0 0 2 0 0 0 0 0 0 1 0 0 0 4 87 0 0 0 0 1 65 0 1 0 0 1 0 0 0 171 163 122 116 97 76 164 104 340 165 41 110 163 193 80 26 85 158 0 106 5 7 0 2 0 8 2 0 1 0 4 3 2 6 3 1 1 0 0 0 0 0 0 0 0 0 0 0 0 0 0 0 0 0 0 0 0 0 0 0 0 0 0 0 21 0 0 0 0 0 0 0 0 0 20 0 0 0 0 0 15 1 0 0 23 0 0 0 7 0 0 0 15 0 3 11 0 52 11 17 0 0 5 0 0 2 0 0 0 0 0 0 0 0 0 0 0 0 0 0 0 8 0 0 0 0 0 0 0 0 0 0 7 6 0 0 0 0 0 4 0 0 0 0 12 0 0 0 0 0 10 6 0 0 0 0 0 4 0 0 16 8 6 0 9 10 11 0 33 16 0 0 0 18 1 44 26 8 0 80 0 0 0 0 0 0 0 0 0 0 0 0 0 0 0 0 8 0 0 0 0 0 0 0 0 0 0 0 0 0 0 4 0 0 0 0 0 0 0 0 0 0 0 0 2 3 1 0 0 0 0 0 0 0 0 0 0 0 0 0 0 0 0 0 10 0 0 0 1 0 
 6 5 3 3 3 3 77 5 3 3 3 3 3 5 7 3 3 3 3 3 3 2 6 3 93 2 2 2 69 9 68 150 2 2 2 6 65 7 4 2 95 64 119 74 306 59 63 159 71 322 71 247 214 448 186 83 103 35 106 0 261 24 1 3 1 0 2 0 0 3 3 0 0 0 0 5 2 1 0 49 0 0 0 0 0 0 0 0 0 0 0 0 0 0 0 0 0 0 0 0 0 0 2 16 20 21 0 1 3 7 0 11 0 0 0 16 0 3 0 0 17 19 10 0 0 1 0 45 11 16 14 0 12 13 8 0 20 1 14 7 0 0 0 0 0 0 0 0 0 3 0 0 12 0 0 0 0 0 0 0 0 0 0 0 0 0 0 0 0 0 0 0 0 0 0 0 0 0 0 0 0 0 0 10 7 92 0 0 0 0 10 1 0 0 0 11 0 6 0 0 19 26 26 0 0 0 13 23 0 0 27 1 38 19 22 0 1 7 10 20 0 0 0 0 0 0 0 0 0 0 0 0 0 0 0 0 0 0 1 0 0 0 41 0 0 0 0 0 0 0 0 10 2 0 0 0 0 0 0 2 0 0 1 62 0 4 9 0 0 0 0 0 0 0 0 0 0 0 0 0 0 29 0 0 0 0 6 0 1 0 
 3 3 0 0 0 0 2 0 0 0 0 0 1 11 6 0 0 0 0 0 0 0 0 0 0 0 0 0 0 0 0 0 0 0 0 0 0 0 0 0 0 0 0 0 22 29 0 0 40 0 51 50 0 0 23 0 0 0 5 261 0 99 92 334 38 43 132 128 47 43 255 27 123 66 31 44 104 79 125 392 2 6 0 0 0 0 0 7 0 0 0 0 1 0 0 7 0 7 0 0 0 0 0 14 0 0 0 0 0 0 0 0 0 0 0 0 0 0 0 0 0 0 0 0 8 0 0 0 10 0 12 8 0 0 0 0 0 0 0 0 17 19 9 0 0 0 8 11 0 9 0 0 1 0 26 9 6 8 8 11 0 7 0 0 0 0 0 0 2 0 0 0 0 0 4 0 0 0 3 0 0 0 0 0 0 1 0 0 0 0 0 0 0 0 0 0 0 0 0 0 0 0 0 0 8 8 0 0 0 0 0 26 0 0 0 0 0 0 0 0 38 9 0 23 1 0 27 40 36 0 0 0 40 0 11 15 0 10 9 4 0 0 0 0 0 0 0 0 0 0 0 0 0 0 13 0 0 0 0 0 0 0 9 0 0 0 0 0 0 10 2 2 0 4 2 8 0 0 0 0 0 0 0 0 13 0 0 0 0 0 
