 0 217 365 53 32 91 263 126 142 254 340 132 273 464 335 62 158 53 252 137 1 0 0 3 0 5 0 0 1 0 0 0 2 0 0 0 0 0 7 2 0 0 0 0 3 2 5 3 0 0 0 0 0 11 3 0 0 0 2 2 0 3 0 0 0 0 0 0 3 0 0 0 0 0 0 2 0 0 3 0 26 20 34 31 0 0 14 0 5 0 13 21 30 36 10 18 0 0 15 0 1 0 0 0 0 0 0 0 0 0 0 0 7 10 10 2 0 0 15 0 0 0 0 0 0 0 0 0 0 0 0 0 0 0 0 0 0 4 0 0 0 6 14 0 0 0 0 0 0 0 0 0 2 0 4 0 0 0 0 0 15 18 38 2 1 0 25 0 60 19 32 13 0 8 35 21 15 22 16 25 9 0 0 1 0 1 0 0 0 0 0 0 0 0 0 0 2 0 0 0 0 0 0 0 0 0 0 2 0 0 0 0 2 0 0 0 0 0 0 0 0 0 0 0 0 0 0 0 0 0 0 0 0 0 0 0 0 0 0 0 0 0 0 0 0 0 2 0 2 90 2 15 17 0 0 0 0 0 0 0 0 0 0 0 0 0 0 0 0 0 0 0 0 0 0 11 0 0 0 0 0 0 0 0 0 2 0 0 0 0 
 217 0 190 59 27 37 193 247 208 73 34 117 62 53 175 170 159 128 135 138 0 1 0 3 2 0 1 0 0 0 2 0 0 0 0 35 0 77 146 0 0 0 0 10 3 2 3 7 0 67 0 0 0 3 3 0 0 0 2 2 0 3 0 0 0 0 0 0 2 0 0 0 0 0 0 3 0 0 3 0 10 23 0 43 64 1 0 0 80 11 14 9 0 14 3 8 46 15 0 20 1 2 0 0 0 0 0 14 0 0 0 0 17 12 0 0 0 0 7 10 0 0 0 0 0 0 0 0 0 0 0 0 0 0 0 0 0 0 0 0 0 0 0 0 0 0 0 0 8 0 14 1 0 0 1 0 0 0 0 0 8 0 31 13 19 10 8 28 34 10 54 20 0 9 19 1 17 13 0 0 11 0 0 0 0 0 1 0 0 0 0 0 0 11 2 1 0 0 6 0 0 0 0 0 0 2 0 0 0 0 1 0 0 7 0 0 0 0 0 0 1 0 0 0 0 0 0 1 0 0 0 19 0 0 2 8 0 0 0 0 0 17 0 0 0 0 0 0 2 7 0 9 18 0 0 0 0 0 0 0 0 0 6 0 0 0 0 0 0 0 0 0 0 0 0 0 0 25 0 0 0 0 0 0 0 0 0 0 0 0 
 365 190 0 108 275 60 243 345 252 70 106 136 370 54 300 75 169 69 150 217 0 0 0 3 2 5 2 1 0 0 3 3 3 0 1 0 4 3 78 1 3 0 0 2 5 4 3 8 0 3 0 4 5 3 3 0 5 0 3 3 1 3 1 0 6 0 0 0 3 0 2 0 0 0 3 4 2 2 3 0 11 34 49 56 49 1 26 0 62 14 16 18 4 18 15 19 34 19 9 23 2 0 0 0 0 0 0 0 0 0 0 0 57 1 0 1 0 0 28 8 0 0 0 0 0 0 0 0 0 0 0 0 0 0 0 0 0 0 0 0 0 0 0 0 0 0 0 0 0 0 0 0 1 0 9 2 0 0 0 0 85 0 35 16 0 10 1 29 50 34 22 12 0 13 29 31 17 0 13 0 18 1 0 0 0 2 2 0 0 0 0 0 1 15 0 0 1 1 13 0 0 0 0 0 0 0 0 1 0 0 0 0 9 0 0 0 0 0 0 0 0 0 0 0 0 0 0 0 0 0 0 0 0 0 0 0 0 0 0 0 0 10 0 0 0 1 2 0 3 48 0 13 20 10 2 0 0 0 0 4 0 0 14 0 0 0 0 0 0 0 0 0 0 0 0 0 0 0 0 0 0 0 0 0 0 0 0 0 0 0 
 53 59 108 0 91 46 80 46 475 115 91 199 66 76 57 318 268 332 54 152 0 0 0 4 0 0 76 151 0 0 1 2 59 80 93 0 0 1 150 0 0 0 0 0 3 2 3 3 0 0 0 0 0 3 3 0 0 3 2 2 0 3 2 0 0 0 0 0 2 0 0 0 0 0 0 3 0 0 3 2 0 18 0 10 14 26 10 0 0 0 14 0 0 0 0 16 13 10 0 0 0 1 0 0 0 1 11 18 0 0 0 0 16 0 26 0 0 14 19 75 0 0 0 0 0 0 0 0 0 4 0 0 0 0 0 0 0 0 0 9 0 0 0 0 0 0 0 0 1 0 0 0 3 0 0 0 0 0 0 0 4 24 16 20 11 0 0 0 36 1 32 37 0 0 0 8 0 10 0 0 0 15 0 0 0 1 23 18 1 0 0 10 0 0 27 0 18 0 11 0 0 0 0 0 0 0 0 2 0 0 0 0 2 0 0 0 0 0 0 0 0 0 0 0 2 0 0 0 0 0 0 2 0 20 0 0 7 0 0 0 0 0 0 0 0 41 94 0 2 0 0 10 0 0 0 0 0 0 0 0 0 0 0 0 0 0 0 0 0 20 0 0 0 9 0 0 13 20 0 0 0 0 0 0 0 2 0 0 0 0 
 32 27 275 91 0 312 72 53 77 190 76 52 101 66 88 114 274 133 96 99 0 75 72 3 0 0 121 155 3 0 73 0 161 136 4 76 17 0 75 188 0 0 0 0 3 2 36 14 8 0 0 0 0 5 3 0 0 0 2 2 0 3 0 0 0 0 0 0 3 0 0 0 0 0 0 2 0 0 3 0 0 0 0 0 0 65 0 0 0 1 0 2 0 0 0 0 0 0 0 0 0 40 26 17 0 2 49 18 23 10 7 0 43 13 11 0 1 15 0 20 0 0 0 1 0 0 0 0 1 0 0 0 0 0 0 0 0 0 0 0 0 0 0 0 0 0 0 1 0 0 0 0 11 0 0 0 0 0 0 0 2 0 0 13 10 10 0 2 0 14 0 0 12 0 0 0 0 0 0 1 22 41 0 7 0 0 32 9 31 0 6 10 8 45 23 0 22 0 9 10 0 1 1 0 0 0 0 0 0 0 0 0 0 0 0 0 0 0 0 0 0 0 0 0 0 0 0 0 9 0 0 0 0 0 0 0 0 0 25 0 0 1 0 0 0 2 3 3 2 0 0 16 0 0 0 0 0 0 0 0 0 0 0 0 0 0 0 0 0 0 0 0 0 2 0 0 0 0 0 4 0 0 0 0 0 0 8 0 0 0 
 91 37 60 46 312 0 17 58 134 57 293 305 250 29 131 106 159 179 41 60 0 46 66 3 0 5 0 75 73 0 46 0 159 0 138 0 79 2 4 100 0 0 0 6 3 3 3 3 9 0 0 0 0 3 3 0 0 0 3 2 0 3 0 0 0 0 1 0 2 0 0 0 0 0 0 3 0 0 3 0 0 0 0 0 0 11 0 0 0 16 0 0 0 0 0 3 0 25 0 0 21 27 0 0 0 0 103 34 18 3 49 0 30 0 0 0 2 58 0 26 0 0 0 0 2 0 0 0 0 0 0 0 0 0 0 0 0 0 0 0 0 0 0 0 0 0 1 0 0 1 0 0 5 0 0 0 0 0 0 0 0 0 0 10 16 35 0 0 14 0 0 14 0 0 0 14 0 0 0 0 48 20 14 16 0 0 0 11 22 0 6 1 18 22 38 0 21 12 16 25 0 0 0 0 0 0 0 0 0 0 0 0 0 0 0 0 0 0 0 0 0 0 2 0 0 0 0 0 0 0 0 0 0 0 0 0 3 0 0 0 0 11 0 0 0 3 92 0 2 95 0 14 2 0 0 0 0 0 0 21 0 0 0 0 0 0 0 0 0 0 0 0 0 0 0 0 18 0 0 12 0 0 0 0 0 22 19 0 0 0 
 263 193 243 80 72 17 0 82 141 143 433 126 206 228 250 27 99 38 63 181 0 0 0 5 0 2 0 0 0 0 0 1 0 0 0 2 0 0 1 1 3 5 0 0 3 3 5 4 0 0 0 5 3 10 3 0 3 0 3 2 0 3 1 0 6 0 1 0 3 2 5 0 0 0 0 3 0 2 3 1 59 34 41 27 0 0 8 17 16 2 31 2 0 50 39 30 0 1 0 10 0 0 0 0 1 0 0 0 7 2 0 0 0 4 2 0 0 0 10 0 0 0 2 0 0 0 0 0 2 0 0 0 0 0 0 0 0 0 0 0 0 4 0 0 0 0 0 2 0 0 0 0 0 0 8 0 0 0 0 0 32 5 2 2 0 13 19 6 8 13 46 9 20 0 17 22 16 26 16 14 0 12 0 0 0 0 0 0 0 0 0 0 1 0 0 0 0 0 0 0 0 2 0 0 0 0 0 0 0 0 1 0 0 0 0 0 0 1 0 0 0 1 0 0 0 0 0 0 0 0 0 0 0 0 0 0 0 0 0 0 0 0 0 0 0 2 0 0 2 3 0 18 16 0 0 0 0 0 0 0 1 0 0 0 0 0 0 0 0 0 3 0 0 0 0 8 0 0 0 0 0 0 0 0 0 0 0 0 0 0 
 126 247 345 46 53 58 82 0 163 35 404 136 119 221 142 114 228 39 60 48 0 0 0 3 0 0 2 1 0 0 1 0 0 1 0 0 0 2 102 0 0 0 0 1 3 2 5 3 0 0 1 0 0 3 3 0 0 0 1 3 0 3 0 0 0 0 0 0 3 0 1 0 0 29 0 2 0 0 3 8 41 0 21 24 13 0 0 1 30 21 23 0 31 0 27 2 10 18 20 0 0 1 0 0 0 0 0 0 0 0 0 0 3 0 0 0 0 2 11 6 0 0 0 0 0 0 0 0 0 0 0 0 0 0 0 0 0 0 0 0 12 0 0 0 0 0 0 0 0 0 0 0 0 0 5 14 0 0 0 0 0 12 32 13 26 0 1 11 0 18 22 15 28 12 11 19 11 23 16 0 0 0 0 0 0 0 0 0 0 0 0 0 0 9 0 2 0 0 6 0 0 0 0 0 0 0 0 0 0 0 2 0 18 0 0 0 0 0 0 0 2 0 0 0 15 0 0 2 0 0 0 0 0 0 0 0 0 0 0 0 0 0 0 0 0 2 2 0 91 0 0 13 0 0 0 0 0 0 0 0 0 0 19 0 0 0 0 0 0 0 0 0 0 0 0 0 0 0 0 0 0 0 0 0 0 0 0 0 0 0 
 142 208 252 475 77 134 141 163 0 277 349 344 96 162 80 142 111 138 75 152 0 0 0 3 0 0 35 0 0 0 0 0 144 0 74 0 1 0 7 0 0 0 5 5 3 2 3 4 0 0 0 0 0 3 7 0 0 0 2 2 0 3 0 0 0 0 0 0 3 0 0 0 0 0 0 2 0 0 3 0 9 1 0 13 31 0 0 0 19 35 9 29 0 0 12 23 2 25 0 0 0 0 0 15 0 0 5 0 7 0 0 0 48 20 10 0 0 0 34 15 0 0 0 0 0 0 0 2 0 0 0 0 0 0 0 0 0 0 0 0 0 4 0 0 0 0 0 0 0 0 0 0 0 0 0 0 0 0 0 0 1 9 15 10 0 9 13 0 43 34 14 11 0 13 0 10 13 15 0 0 37 5 0 0 0 0 0 11 0 0 0 0 7 1 0 0 1 0 0 14 0 0 0 0 0 0 0 0 0 0 0 0 0 0 0 0 0 0 0 0 0 0 0 0 20 0 0 0 0 0 0 0 0 0 0 0 0 0 0 0 0 11 0 0 0 1 2 0 0 89 1 17 0 0 0 0 0 0 0 0 0 6 17 0 0 0 22 0 0 0 0 0 0 0 0 0 56 0 0 0 0 0 0 0 0 0 0 0 0 0 
 254 73 70 115 190 57 143 35 277 0 131 346 260 168 100 325 74 360 145 201 0 0 0 5 1 0 74 0 0 0 0 0 1 72 1 0 0 0 0 2 0 0 0 0 3 8 4 5 0 0 0 0 0 3 6 0 0 0 1 3 0 3 2 0 0 0 0 0 3 0 2 0 0 0 0 2 0 0 2 0 20 25 12 36 42 0 1 0 19 35 25 24 0 22 24 0 30 13 0 16 0 0 1 0 0 0 0 0 8 0 0 0 23 12 17 0 0 0 42 16 0 0 0 0 0 0 0 0 0 0 0 0 0 0 6 0 0 0 0 0 5 1 0 0 0 0 0 0 0 0 0 0 0 0 0 0 0 0 0 0 0 17 5 31 2 0 0 43 22 35 16 0 0 16 0 0 9 0 11 0 60 19 0 0 0 0 7 9 0 0 0 0 8 0 12 0 44 0 12 12 0 0 0 0 0 0 0 0 0 0 0 0 0 0 0 0 0 0 0 0 0 0 0 0 0 0 0 0 0 0 0 0 0 0 0 0 0 0 0 0 0 0 0 0 0 2 49 2 1 5 0 13 0 0 2 0 0 0 1 0 0 0 0 0 0 0 0 0 0 0 0 0 0 0 0 9 14 0 0 0 0 0 0 0 0 0 0 0 0 0 
 340 34 106 91 76 293 433 404 349 131 0 215 34 58 185 427 541 284 29 474 0 0 3 3 0 0 0 0 2 8 1 0 2 0 2 0 0 92 77 0 0 0 1 0 3 6 3 3 0 0 3 2 0 3 3 3 3 0 2 2 1 6 2 0 0 0 0 2 3 0 0 3 0 0 0 7 0 2 4 2 0 33 31 40 29 0 5 18 53 40 27 0 15 0 0 20 13 62 0 13 0 0 0 0 0 0 0 0 14 0 0 0 15 0 0 0 22 0 30 14 0 0 0 0 0 0 0 0 0 0 0 0 0 0 0 0 0 0 0 0 0 1 0 0 0 0 0 0 0 0 0 0 0 0 6 0 0 0 0 0 0 10 34 22 0 0 1 11 44 20 35 0 13 0 24 32 43 1 0 0 12 14 12 0 0 0 7 0 0 0 0 0 8 0 16 0 15 0 20 14 0 0 0 2 0 0 2 0 0 0 0 0 0 0 0 0 0 0 0 0 0 0 0 0 0 0 0 0 0 0 0 0 0 0 0 0 0 0 0 0 0 0 0 0 0 0 5 0 105 94 10 15 0 0 0 0 0 0 0 0 0 0 0 0 0 0 0 0 0 0 0 7 0 0 0 0 0 0 0 0 0 0 0 0 0 0 0 0 0 0 
 132 117 136 199 52 305 126 136 344 346 215 0 39 37 301 314 378 226 60 114 0 0 0 3 0 0 34 77 74 0 0 0 77 80 61 0 3 0 155 0 0 0 0 4 3 2 3 3 0 0 0 0 0 3 3 0 26 0 1 3 0 4 3 0 0 3 0 0 3 0 41 2 0 0 0 4 0 0 3 1 0 0 31 37 26 73 0 0 33 16 68 0 2 0 15 34 15 44 0 0 0 23 0 0 1 0 21 1 7 2 0 0 0 14 11 0 0 16 10 13 25 0 2 0 0 0 0 0 2 0 0 0 0 0 0 0 0 0 0 0 0 0 0 0 0 0 0 1 0 0 0 0 0 0 7 0 0 0 0 0 0 0 0 45 19 2 0 10 23 35 19 14 0 0 23 15 9 33 0 0 17 19 0 0 0 0 11 17 0 1 0 10 0 14 43 0 21 0 13 0 0 0 0 0 0 0 0 0 0 0 0 0 0 0 0 0 0 2 0 0 0 3 0 0 0 1 2 0 0 0 0 0 0 0 0 0 0 0 0 0 0 2 0 0 0 5 0 1 6 9 0 8 0 0 0 0 0 0 0 0 1 0 18 0 0 0 0 0 0 0 0 0 0 0 0 0 23 0 0 0 0 0 0 33 0 0 1 0 0 0 
 273 62 370 66 101 250 206 119 96 260 34 39 0 202 27 44 39 38 462 228 0 0 2 3 0 2 0 0 0 0 0 2 0 0 4 0 0 0 0 0 0 0 0 0 3 2 3 3 0 0 0 0 0 11 3 0 0 0 2 2 34 3 29 0 0 0 0 0 3 0 0 0 0 0 3 2 0 0 3 0 26 1 3 0 35 0 32 3 0 0 0 6 15 47 28 0 44 0 0 33 0 0 0 3 0 0 2 0 0 0 0 0 0 0 0 0 19 1 0 0 0 1 0 0 0 0 0 0 0 0 0 2 0 0 0 0 0 0 0 0 0 0 7 0 5 0 0 0 0 0 0 1 0 0 0 28 13 0 0 0 23 0 0 0 0 0 0 0 0 0 0 0 13 6 28 1 8 10 17 35 0 0 0 0 0 0 0 0 0 0 0 0 0 0 2 0 0 0 0 0 0 0 0 0 0 0 0 0 0 0 0 0 0 0 0 0 0 0 0 0 0 0 0 0 0 0 0 1 0 0 0 0 0 0 0 0 0 0 0 55 0 0 0 0 0 4 0 0 89 2 1 5 0 0 0 0 0 0 0 0 0 0 0 0 0 0 3 0 0 0 0 0 0 0 2 0 0 0 0 0 0 0 0 0 0 0 0 0 0 0 
 464 53 54 76 66 29 228 221 162 168 58 37 202 0 279 129 33 119 241 367 2 0 0 3 0 0 0 0 0 0 0 0 0 2 0 0 0 0 0 0 0 0 0 0 4 2 5 3 2 0 0 0 2 26 4 0 3 0 2 2 0 9 0 3 0 31 0 0 3 0 0 6 0 0 0 2 0 4 3 3 24 11 23 0 0 0 15 0 1 21 1 17 38 48 31 15 9 0 26 0 0 0 0 0 0 0 0 0 0 0 0 0 0 0 0 0 1 0 0 0 0 1 0 0 0 8 0 0 0 0 0 0 0 0 0 0 0 0 0 0 9 10 0 0 0 0 2 1 0 0 0 0 4 4 0 0 0 0 2 2 21 14 15 1 0 14 36 9 0 0 2 1 0 15 26 2 7 15 30 32 0 0 0 0 0 0 0 0 0 0 0 0 0 0 0 0 0 0 12 0 0 0 0 1 0 0 0 0 0 0 0 0 0 0 0 0 0 0 0 0 0 0 0 0 0 0 0 0 5 0 0 0 0 0 0 0 0 0 0 0 0 0 0 0 0 2 2 1 0 0 0 12 0 0 0 0 0 0 0 0 0 0 0 0 0 2 0 0 0 0 0 0 0 0 0 46 0 0 0 0 0 0 0 0 0 0 0 0 0 0 
 335 175 300 57 88 131 250 142 80 100 185 301 27 279 0 82 348 54 288 220 0 0 3 6 0 0 0 0 2 0 1 0 0 0 0 2 0 0 77 73 0 2 0 2 6 3 3 3 0 0 2 0 0 3 3 0 2 0 3 2 0 2 0 0 3 4 1 0 2 0 0 2 0 0 0 3 0 2 3 0 0 14 16 27 7 0 0 17 25 25 42 29 20 1 0 51 13 17 0 0 0 1 0 0 0 0 0 0 0 0 0 0 2 9 0 0 0 0 11 0 0 0 0 0 0 0 0 0 0 0 0 0 0 0 0 0 0 0 0 0 0 1 0 0 0 0 0 0 0 0 0 0 0 0 5 0 0 0 0 0 4 0 26 23 1 0 10 10 58 8 36 10 14 0 17 40 16 4 1 0 10 0 0 0 0 0 0 0 0 0 0 0 0 0 0 0 0 0 7 0 0 0 0 0 0 1 0 0 0 0 2 0 0 0 0 1 0 0 0 0 2 0 0 0 0 0 0 0 0 0 0 0 0 0 1 0 0 0 0 0 0 0 0 0 0 0 4 0 90 95 9 12 16 0 0 0 1 0 0 0 0 0 0 0 0 0 0 0 0 0 0 0 0 0 0 16 47 0 0 0 0 0 0 0 0 0 0 0 0 0 
 62 170 75 318 114 106 27 114 142 325 427 314 44 129 82 0 98 82 459 265 0 2 0 29 2 0 28 0 0 1 2 0 153 2 1 0 2 2 1 0 0 1 0 0 3 4 5 9 2 3 0 1 0 3 4 8 0 0 2 2 0 3 2 2 0 3 0 0 3 0 2 0 0 0 0 2 0 0 3 1 9 5 18 31 51 0 32 33 0 0 42 5 10 25 0 24 40 8 8 0 0 0 0 0 0 2 0 15 39 0 0 0 1 27 11 0 0 0 0 0 0 0 0 0 0 0 0 2 0 0 0 0 0 0 0 0 0 0 0 0 0 0 0 0 0 0 0 0 0 0 0 0 0 0 0 0 0 0 0 0 0 0 9 14 8 1 0 7 12 36 33 0 0 0 0 6 2 41 0 8 9 0 0 0 0 0 14 15 0 0 0 0 0 0 0 0 0 0 24 0 0 0 0 0 0 0 0 0 0 0 0 0 0 0 0 0 0 0 0 0 0 0 0 0 0 10 0 0 0 0 0 0 0 0 0 0 0 0 1 0 0 2 0 0 0 2 89 0 4 2 2 0 0 7 0 2 0 0 0 0 0 0 0 0 0 0 0 0 0 0 0 0 0 2 0 0 16 14 0 0 0 0 0 0 0 0 0 0 0 0 
 158 159 169 268 274 159 99 228 111 74 541 378 39 33 348 98 0 75 32 43 0 0 0 3 2 3 0 0 0 2 1 0 0 0 2 0 0 0 70 0 6 0 0 3 3 2 5 3 0 0 0 0 6 2 3 0 0 0 4 3 0 3 0 0 4 0 0 0 3 0 3 0 0 0 0 2 0 4 2 0 0 13 100 41 21 1 0 9 48 28 42 1 24 11 1 10 12 48 0 0 0 0 0 0 0 0 0 0 0 0 0 0 2 0 0 0 2 0 11 7 0 0 0 0 0 2 0 0 0 0 0 0 0 0 0 0 0 0 0 0 2 0 0 0 2 0 0 0 2 0 0 2 0 0 5 0 0 0 0 0 9 0 16 11 30 26 5 3 13 18 20 18 15 0 22 31 11 24 1 0 9 0 0 0 0 0 0 0 0 0 0 0 0 12 0 0 2 0 4 0 0 0 0 0 0 29 0 0 0 0 0 0 2 0 0 0 0 0 0 0 0 0 0 0 2 0 0 0 0 0 0 2 1 1 0 0 0 0 0 0 0 11 0 0 0 2 1 1 89 53 15 4 19 0 0 0 0 0 0 0 0 0 21 0 0 0 0 0 0 0 0 0 0 0 0 5 20 0 0 0 0 0 0 0 0 0 0 0 0 0 
 53 128 69 332 133 179 38 39 138 360 284 226 38 119 54 82 75 0 128 109 74 0 1 3 0 0 28 1 0 0 0 2 229 4 1 0 0 1 3 0 0 2 0 2 3 3 5 4 0 0 0 0 0 3 3 0 0 0 3 2 0 9 0 0 1 23 1 0 2 0 0 0 0 0 0 3 0 1 3 17 2 0 0 24 70 23 16 13 1 14 51 0 10 0 0 33 31 24 10 0 0 0 0 1 0 0 27 10 65 0 2 1 1 11 10 0 0 0 12 19 2 0 0 0 0 0 2 0 0 0 0 0 0 0 0 0 0 0 0 0 0 0 0 0 0 0 0 0 0 0 0 0 0 0 0 0 0 0 0 0 2 0 11 24 20 11 0 0 0 24 0 1 0 0 1 1 0 34 0 9 31 15 0 0 0 0 17 13 0 0 0 0 0 3 0 0 17 0 13 0 0 0 2 0 0 0 0 0 0 0 0 0 0 0 0 14 0 0 0 0 0 1 0 0 0 0 0 0 0 0 1 0 0 0 0 0 0 0 0 0 0 10 0 0 0 4 0 0 3 1 0 23 0 0 0 0 0 2 0 0 0 0 46 0 0 0 0 0 0 0 0 0 0 0 0 0 31 10 0 0 0 0 0 0 0 0 0 0 0 0 
 252 135 150 54 96 41 63 60 75 145 29 60 462 241 288 459 32 128 0 203 0 1 3 3 0 0 0 0 0 0 76 0 0 0 0 0 0 0 78 0 0 0 0 0 3 2 3 3 0 0 0 0 48 4 7 0 0 1 0 5 0 3 0 0 2 9 0 0 3 0 2 0 0 0 0 2 58 0 2 0 8 0 10 2 10 0 12 0 1 0 0 11 2 48 9 28 16 0 19 20 0 0 0 0 0 0 0 0 0 0 0 0 0 0 0 0 0 0 0 0 0 0 0 0 0 0 0 0 0 0 0 0 0 0 0 0 0 0 0 0 0 0 12 4 1 13 1 0 0 0 0 0 0 4 0 12 0 0 1 0 5 8 0 0 0 16 0 31 0 0 0 0 12 1 12 0 0 9 0 43 2 0 0 0 0 0 2 0 0 0 0 0 0 0 0 0 0 0 10 0 0 0 0 0 2 0 0 0 1 0 0 0 0 3 0 0 0 0 0 0 0 9 0 0 0 0 0 0 0 0 0 0 0 0 10 0 0 0 0 1 0 0 0 0 1 3 0 1 0 2 0 15 0 0 0 0 0 0 0 0 0 0 0 0 0 0 0 0 0 0 0 0 0 0 0 0 0 0 0 0 0 0 0 0 0 0 0 0 0 0 
 137 138 217 152 99 60 181 48 152 201 474 114 228 367 220 265 43 109 203 0 0 0 0 3 0 0 0 0 0 2 0 0 0 0 0 3 0 0 7 0 0 0 0 0 3 2 5 3 0 0 0 0 0 3 3 0 0 64 1 3 0 3 0 0 0 6 0 0 3 0 0 0 3 0 0 2 0 0 3 1 17 11 46 17 11 0 42 23 1 0 0 16 8 47 10 48 16 0 24 1 0 0 0 0 0 0 14 0 0 0 0 0 0 0 0 0 0 0 11 0 0 0 0 0 11 0 0 0 0 0 0 0 0 0 0 0 0 0 0 0 0 7 0 0 0 0 0 0 0 0 0 0 0 0 4 0 0 0 0 0 16 33 11 2 0 41 10 15 17 19 22 0 13 20 23 13 14 15 10 45 0 0 0 0 0 0 0 0 0 0 0 0 0 0 0 0 0 0 10 0 0 0 0 0 0 0 0 0 0 0 0 0 0 0 0 15 12 0 0 0 0 0 0 0 0 0 0 0 0 0 0 0 0 0 0 0 0 0 0 0 0 0 0 0 0 0 1 0 0 0 2 3 0 0 0 0 0 0 0 0 0 0 0 0 0 0 0 0 0 0 0 0 0 0 0 1 0 0 0 0 0 0 0 0 0 0 0 0 0 0 
 1 0 0 0 0 0 0 0 0 0 0 0 0 2 0 0 0 74 0 0 0 150 393 201 55 36 215 66 194 239 183 147 265 103 55 135 46 192 35 219 0 3 0 0 5 0 1 0 0 0 0 3 0 1 0 0 2 1 0 0 0 3 0 0 0 1 3 0 0 2 0 0 0 0 0 0 0 49 0 0 0 0 0 0 0 0 0 0 0 0 0 0 0 0 0 0 0 0 0 0 41 20 2 73 0 3 0 0 0 0 12 0 15 24 30 50 11 1 12 0 0 0 0 0 0 0 0 0 0 0 0 0 0 0 0 0 0 2 0 11 0 1 2 2 0 0 0 0 0 0 0 0 0 0 0 0 2 0 0 0 0 1 0 0 0 5 0 0 17 0 0 0 0 3 0 0 7 0 0 0 0 0 28 13 13 41 4 18 0 47 0 13 14 12 24 26 4 26 0 2 0 0 0 0 1 0 0 0 0 0 0 0 24 0 0 0 0 0 0 14 0 0 0 0 0 0 0 0 0 0 0 0 0 1 0 0 0 0 0 0 0 0 0 0 0 0 0 0 0 0 0 0 0 0 8 0 0 164 0 2 0 0 0 0 0 0 22 0 0 0 0 0 0 0 0 0 0 0 0 0 0 0 0 0 0 0 0 0 0 0 
 0 1 0 0 75 46 0 0 0 0 0 0 0 0 0 2 0 0 1 0 150 0 88 86 109 32 286 242 107 253 277 182 56 40 307 88 330 211 135 138 7 3 0 0 9 0 0 0 0 0 0 3 0 0 1 0 2 0 0 0 0 6 0 0 0 0 2 38 0 2 1 0 1 0 0 0 0 0 0 0 0 0 0 0 0 4 0 0 0 0 0 0 0 0 2 0 1 0 0 0 47 12 35 22 0 8 5 19 10 6 77 9 29 40 3 28 19 115 0 9 0 0 0 0 0 0 0 33 0 2 0 0 0 0 0 0 0 0 0 21 0 0 0 0 0 0 0 0 0 0 0 0 17 0 0 0 0 0 2 0 0 0 0 0 0 26 0 0 0 0 0 15 0 0 0 0 0 0 0 0 1 10 23 15 19 27 0 28 42 44 14 14 13 0 39 16 42 20 15 24 2 2 0 11 0 1 3 0 0 0 0 0 25 21 0 0 0 0 16 9 0 0 0 0 0 0 0 0 0 2 0 0 0 0 0 0 0 0 0 0 0 0 0 0 0 0 78 0 0 0 0 1 0 0 8 1 1 77 0 0 1 0 0 0 0 0 0 0 0 0 0 0 0 0 0 0 0 0 0 11 0 14 0 0 0 52 0 0 0 0 
 0 0 0 0 72 66 0 0 0 0 3 0 2 0 3 0 0 1 3 0 393 88 0 106 269 109 166 173 120 156 285 119 112 120 120 293 422 145 126 161 0 3 0 0 4 0 2 0 0 0 0 5 1 66 1 0 2 0 0 0 0 2 0 0 0 0 3 0 0 2 0 0 0 0 0 0 0 0 0 0 0 0 0 0 2 10 2 0 0 0 0 0 0 0 0 0 2 0 0 0 17 32 21 16 17 12 0 18 16 0 0 0 13 1 9 18 42 3 0 0 0 2 0 9 0 0 0 17 0 0 0 1 13 0 0 0 0 0 11 11 0 0 0 0 2 0 0 0 0 0 0 0 1 0 0 0 0 0 0 0 0 0 0 0 0 0 0 0 0 0 0 0 0 0 19 1 0 0 0 0 0 14 73 0 19 28 0 13 12 2 13 24 9 28 13 1 28 11 0 17 10 0 0 0 0 0 8 5 0 0 1 0 13 0 0 0 0 2 0 0 0 0 0 0 2 9 0 0 0 0 0 0 0 0 0 0 0 0 0 0 0 0 0 0 0 0 0 0 0 0 0 0 0 0 2 6 2 83 74 0 10 0 0 1 0 0 0 0 0 0 0 0 0 0 0 0 0 0 0 0 0 0 0 0 0 0 13 0 0 0 
 3 3 3 4 3 3 5 3 3 5 3 3 3 3 6 29 3 3 3 3 201 86 106 0 161 26 130 268 358 398 157 502 70 256 149 74 36 156 91 141 63 3 0 0 0 0 5 0 1 21 2 3 1 0 0 0 3 0 0 65 0 6 0 0 0 0 4 0 0 2 1 0 1 0 0 0 0 0 0 0 0 0 0 0 0 0 0 0 0 1 0 0 0 9 0 0 0 0 0 0 1 0 9 55 6 0 0 0 0 16 20 23 0 27 0 22 12 0 0 0 14 11 0 0 0 0 1 36 0 0 0 0 0 0 11 0 0 0 11 29 0 0 0 4 0 0 0 0 0 0 0 0 0 0 6 0 3 0 5 0 0 0 2 0 0 0 0 0 0 0 0 0 0 6 0 0 0 0 0 0 1 0 0 11 12 27 0 26 9 23 9 29 0 11 12 0 0 28 0 8 18 21 14 0 0 0 17 0 1 0 0 0 49 49 19 0 0 17 26 29 0 0 0 0 0 0 0 0 0 0 1 0 0 0 0 0 0 0 0 0 0 0 11 0 0 2 0 0 0 0 0 0 0 0 2 3 0 79 74 0 4 11 0 0 0 0 2 0 0 0 0 0 0 0 0 0 0 0 0 0 0 0 0 0 0 0 0 0 0 0 
 0 2 2 0 0 0 0 0 0 1 0 0 0 0 0 2 2 0 0 0 55 109 269 161 0 267 118 136 230 108 178 156 86 118 300 64 153 142 140 64 52 3 0 0 3 0 2 0 2 0 0 3 68 65 5 3 3 0 61 1 0 2 0 1 1 0 3 1 0 2 0 0 0 0 1 0 0 0 0 0 0 0 0 0 0 0 0 1 0 0 0 0 0 0 0 0 0 0 0 0 9 1 33 23 26 22 0 0 0 0 12 35 0 9 24 0 0 57 0 0 14 15 0 0 0 0 17 49 4 0 0 0 26 0 0 0 0 0 17 13 0 0 0 5 0 0 0 0 0 0 8 0 0 0 0 0 2 0 0 0 0 0 0 0 0 0 0 0 0 0 0 0 0 0 0 12 0 0 0 9 0 0 39 7 47 30 14 14 0 24 18 84 0 0 12 29 25 13 0 0 22 1 2 0 0 0 21 0 0 0 0 0 49 0 19 0 2 0 43 31 0 0 0 0 0 0 0 0 0 0 0 0 0 0 0 0 0 0 0 0 0 0 0 0 0 0 0 0 0 0 0 0 0 0 0 0 2 79 75 3 12 15 0 0 0 0 16 0 0 0 0 0 0 0 0 0 0 0 0 0 0 39 0 0 0 0 0 0 0 2 
 5 0 5 0 0 5 2 0 0 0 0 0 2 0 0 0 3 0 0 0 36 32 109 26 267 0 118 126 290 79 93 233 45 76 49 79 214 43 52 37 100 3 0 0 0 0 0 0 1 0 2 3 103 91 68 0 2 0 4 0 2 2 0 0 4 0 2 0 0 2 3 7 1 0 0 0 0 4 2 0 0 0 0 0 0 0 0 0 0 0 0 9 0 0 0 0 0 0 0 0 9 0 3 22 26 36 0 0 0 15 12 1 0 9 20 1 0 28 0 0 0 1 13 0 1 0 6 0 2 0 0 0 40 13 11 21 0 11 28 9 0 0 0 0 1 0 0 3 0 0 0 2 0 0 0 0 0 3 0 6 0 0 0 0 0 0 0 0 0 0 1 0 0 0 0 0 0 0 0 0 0 0 0 7 24 24 0 34 0 27 0 0 0 0 12 75 0 0 0 0 42 0 0 0 0 0 31 13 1 0 4 0 64 0 11 0 0 0 18 10 0 0 0 0 0 0 0 0 0 0 0 0 0 0 0 0 0 0 33 0 0 0 0 0 0 0 2 0 0 0 0 2 0 0 6 0 0 74 42 0 5 1 0 0 0 0 14 0 0 0 0 0 0 0 0 0 0 0 0 0 0 14 0 0 0 0 0 0 0 0 
 0 1 2 76 121 0 0 2 35 74 0 34 0 0 0 28 0 28 0 0 215 286 166 130 118 118 0 232 107 45 253 32 517 56 111 104 487 25 46 161 0 3 0 2 1 0 1 7 7 0 0 3 0 1 0 0 2 0 0 0 0 3 0 0 0 0 3 0 0 2 0 0 0 0 0 0 0 0 0 0 0 1 0 4 20 12 0 0 0 0 20 0 0 0 0 1 0 0 0 0 22 18 44 31 0 0 45 1 10 0 0 1 12 25 38 12 25 0 1 0 0 0 0 0 0 0 0 0 0 0 0 0 0 0 2 0 0 19 0 0 2 0 0 1 0 0 0 0 0 0 0 0 0 2 0 0 6 0 0 0 2 0 0 25 14 0 0 0 13 18 0 0 0 0 0 0 1 21 0 0 24 17 18 46 0 26 0 1 0 8 28 0 3 22 99 9 13 10 10 1 0 0 0 0 0 0 0 0 0 0 0 0 0 0 1 0 0 0 0 0 2 0 0 0 0 0 0 0 0 21 2 0 0 0 0 0 0 21 0 0 0 0 0 0 0 0 0 0 0 0 0 0 0 0 6 1 0 82 0 0 4 2 0 0 0 0 10 0 0 0 0 0 0 0 0 0 17 8 0 0 0 0 0 0 0 0 0 0 0 0 
 0 0 1 151 155 75 0 1 0 0 0 77 0 0 0 0 0 1 0 0 66 242 173 268 136 126 232 0 52 74 150 39 280 402 384 151 188 113 128 49 0 3 0 0 2 0 2 0 0 0 0 4 8 0 0 0 2 0 0 64 0 2 0 0 0 0 3 0 0 2 0 0 0 0 0 0 0 1 0 0 0 0 0 0 2 73 2 0 0 0 0 0 0 0 0 0 2 0 0 0 1 45 0 0 0 17 10 17 0 10 1 0 23 1 29 44 15 48 0 8 0 2 0 0 0 0 0 0 0 0 0 0 0 0 0 0 0 0 0 0 0 0 0 0 14 0 0 0 0 0 0 0 13 0 0 0 0 0 0 0 0 0 0 7 18 0 0 0 0 0 0 10 0 0 0 1 0 0 0 0 10 14 0 0 12 0 12 42 27 19 14 71 17 93 38 8 21 10 12 10 30 0 0 0 0 0 0 0 0 0 1 0 10 0 0 0 0 2 20 0 0 0 0 0 2 0 0 0 0 0 0 9 0 0 0 17 0 0 0 0 0 0 0 0 0 0 49 0 0 0 0 0 0 0 3 0 0 7 0 0 1 0 0 0 0 0 0 0 0 0 0 0 0 0 0 0 0 0 0 0 0 14 0 0 0 0 14 0 0 0 
 1 0 0 0 3 73 0 0 0 0 2 74 0 0 2 0 0 0 0 0 194 107 120 358 230 290 107 52 0 254 118 52 96 78 234 151 54 188 183 223 4 3 0 0 7 0 1 0 1 0 0 3 0 63 1 0 63 0 92 0 0 2 0 0 1 0 3 0 0 2 0 0 0 0 0 0 0 0 0 0 0 0 0 0 0 16 0 0 0 0 0 30 0 0 0 0 0 0 2 0 49 6 68 0 11 24 18 4 1 1 19 18 28 16 11 10 10 0 1 10 0 0 0 0 0 0 23 12 0 0 0 0 20 3 0 0 0 0 13 2 0 0 0 5 0 0 0 0 0 0 0 0 0 0 0 0 48 0 0 0 0 0 0 3 0 10 0 0 0 0 0 0 0 0 0 0 0 0 0 0 2 21 63 36 59 25 18 0 12 5 65 27 12 10 0 37 14 53 11 29 7 0 0 0 0 0 23 0 30 0 0 0 7 0 0 0 0 0 12 8 0 0 0 0 0 0 0 0 0 0 15 0 0 0 0 0 0 0 0 0 0 0 0 0 0 0 0 0 0 0 0 0 0 0 7 2 0 2 78 0 8 20 0 0 0 0 12 0 0 0 0 1 0 0 0 0 0 2 0 7 0 0 0 0 0 17 0 0 0 0 
 0 0 0 0 0 0 0 0 0 0 8 0 0 0 0 1 2 0 0 2 239 253 156 398 108 79 45 74 254 0 189 36 56 66 376 236 86 260 120 109 64 3 3 1 4 4 63 3 0 1 0 5 6 1 62 0 2 3 79 61 0 9 0 10 2 24 3 3 0 2 0 0 2 1 0 0 2 2 0 0 0 0 0 0 0 0 0 0 0 0 0 0 2 0 0 0 0 0 0 0 7 17 8 12 1 8 0 0 8 10 20 26 13 12 11 34 10 9 0 0 0 0 0 0 0 0 29 28 0 0 0 0 0 0 0 0 0 1 0 21 0 0 0 5 0 0 0 0 0 0 0 0 0 0 0 2 5 0 0 0 0 0 0 0 0 0 0 0 0 0 0 0 0 0 0 0 0 0 3 0 0 0 51 5 36 14 0 35 0 22 32 24 28 0 1 60 22 35 0 12 0 0 0 0 0 0 19 12 0 0 0 0 3 19 17 0 0 0 14 10 0 0 0 0 0 0 0 0 0 0 0 0 0 0 0 0 0 0 0 0 0 0 0 0 0 0 0 0 1 0 0 0 0 0 4 2 0 1 1 2 0 16 0 0 0 0 0 0 0 0 0 0 0 0 0 0 0 0 0 0 0 23 0 0 0 0 0 0 0 0 
 0 2 3 1 73 46 0 1 0 0 1 0 0 0 1 2 1 0 76 0 183 277 285 157 178 93 253 150 118 189 0 437 286 107 162 80 477 115 214 83 66 3 0 0 31 0 2 0 1 0 0 3 2 0 0 0 2 0 54 63 0 2 0 0 50 0 2 0 0 2 1 0 0 50 0 0 0 0 0 0 0 0 0 0 0 0 0 0 0 0 0 0 0 0 0 0 0 0 0 0 18 7 1 13 0 0 0 14 11 0 0 29 1 10 12 6 2 20 0 15 7 12 0 0 0 0 26 0 0 0 0 0 0 0 0 0 0 0 12 0 0 0 11 5 9 0 0 0 0 0 0 0 0 0 0 0 2 0 1 0 0 0 0 0 1 14 0 0 0 0 0 0 0 8 0 0 0 0 0 0 0 0 27 23 27 0 7 7 12 14 20 56 15 13 26 18 0 30 0 10 0 22 0 0 0 0 21 0 1 0 0 0 20 10 17 0 1 11 41 42 0 0 0 0 0 0 0 0 0 0 0 0 0 0 0 0 0 0 0 0 0 0 0 0 0 0 1 0 0 0 0 0 0 0 0 2 2 2 0 4 2 15 0 0 0 0 0 0 0 0 0 0 0 0 0 0 0 0 0 0 0 30 0 0 0 0 14 0 0 0 
 0 0 3 2 0 0 1 0 0 0 0 0 2 0 0 0 0 2 0 0 147 182 119 502 156 233 32 39 52 36 437 0 315 28 50 293 70 218 49 37 57 3 0 0 0 0 2 0 0 7 0 3 62 208 0 0 3 211 0 1 0 2 0 0 0 0 2 0 0 2 1 0 44 0 0 0 0 0 0 0 0 0 0 0 1 0 0 0 0 0 1 0 0 0 0 0 1 0 0 0 18 0 18 39 13 0 1 0 11 8 20 56 0 51 18 24 23 1 0 0 8 16 0 15 0 0 9 55 0 0 0 2 15 0 0 0 0 0 1 13 0 0 0 0 0 0 0 0 0 0 0 0 0 0 0 0 2 0 0 0 2 0 0 0 0 0 2 0 0 0 0 0 0 0 0 2 0 0 0 0 0 0 38 10 0 36 0 12 0 42 0 16 0 9 11 17 12 1 0 0 15 33 3 0 16 0 0 17 0 0 2 0 24 0 19 0 0 0 11 20 0 0 0 0 0 0 0 0 0 0 0 0 0 0 0 0 0 0 0 0 0 0 0 0 0 0 0 0 0 0 0 0 0 0 12 2 2 85 76 2 5 1 0 0 0 0 0 0 0 0 0 0 0 0 0 0 0 0 0 0 0 0 0 0 0 0 0 0 0 0 
 2 0 3 59 161 159 0 0 144 1 2 77 0 0 0 153 0 229 0 0 265 56 112 70 86 45 517 280 96 56 286 315 0 68 142 39 119 44 176 179 0 3 0 1 63 0 0 8 9 0 0 3 0 1 1 0 2 0 0 0 0 3 0 0 0 0 3 0 0 2 0 0 0 0 0 0 0 0 0 0 0 1 0 25 41 17 0 0 0 0 32 1 1 0 0 11 15 11 0 8 13 45 2 16 8 0 14 68 32 1 0 0 31 0 28 28 0 1 0 9 0 0 1 0 1 0 0 0 0 0 0 11 0 0 0 0 0 0 0 0 0 0 0 0 0 0 0 1 0 0 0 0 1 0 0 0 0 0 0 0 0 0 0 8 23 2 0 0 0 19 14 26 8 0 0 13 2 20 0 0 3 22 9 0 0 0 20 20 21 0 9 4 1 41 24 2 21 0 0 7 0 0 0 0 0 0 0 8 0 0 0 0 0 0 0 0 0 0 0 0 0 0 0 1 0 0 0 0 0 0 0 0 0 0 0 0 0 0 0 0 0 3 0 0 0 1 76 0 0 0 0 0 0 0 14 0 2 0 0 2 0 0 0 0 0 0 0 0 0 0 0 0 0 0 0 0 19 14 0 0 0 0 0 0 0 0 16 0 0 0 
 0 0 0 80 136 0 0 1 0 72 0 80 0 2 0 2 0 4 0 0 103 40 120 256 118 76 56 402 78 66 107 28 68 0 160 28 205 22 98 145 0 3 0 0 1 0 2 0 0 0 0 3 3 1 4 0 2 0 0 0 0 2 3 0 0 0 3 0 0 2 0 0 0 0 0 0 0 0 0 0 0 0 0 4 1 16 0 0 0 0 1 13 0 0 0 0 0 0 0 0 19 8 14 26 1 11 11 21 11 0 27 0 0 52 0 18 12 27 0 13 0 0 0 0 0 0 0 0 0 0 2 0 0 0 0 0 0 2 0 0 0 1 2 2 0 0 0 0 0 0 0 0 0 0 0 0 4 0 0 0 0 7 0 0 21 0 0 0 0 19 0 0 12 3 0 0 0 0 0 0 8 31 0 21 1 10 17 34 15 12 0 6 1 31 32 9 0 37 0 1 0 0 0 0 1 0 0 0 0 0 0 0 3 0 0 0 0 0 14 0 0 0 0 0 0 0 0 0 0 0 0 0 3 22 0 0 0 0 0 0 0 0 0 0 0 0 0 0 0 0 1 0 0 0 0 2 2 83 0 2 1 3 0 0 0 0 0 0 0 0 0 0 0 0 0 0 0 0 0 1 0 13 0 0 0 0 29 0 0 0 
 0 0 1 93 4 138 0 0 74 1 2 61 4 0 0 1 2 1 0 0 55 307 120 149 300 49 111 384 234 376 162 50 142 160 0 199 36 427 168 342 0 3 0 0 9 2 2 0 0 0 0 3 0 1 65 0 2 1 0 0 0 3 4 0 0 0 3 0 0 2 0 0 0 0 0 0 0 2 0 0 0 0 0 0 0 8 0 0 0 0 0 0 0 9 0 0 0 7 0 0 44 9 8 10 0 0 7 18 8 13 28 0 40 12 11 20 11 76 0 31 0 0 0 0 0 0 0 15 2 0 0 0 0 0 0 0 0 0 0 8 0 0 0 0 0 0 0 0 0 0 0 1 3 0 11 0 0 0 0 0 0 0 2 12 9 8 0 0 0 0 0 8 0 0 0 0 0 0 0 0 10 36 14 13 26 10 25 44 12 31 8 29 32 1 52 10 44 13 16 30 0 0 1 0 0 0 1 0 0 0 0 0 1 0 0 1 0 0 0 0 0 0 0 0 0 0 0 0 0 0 0 0 0 0 0 0 0 0 0 0 0 0 0 0 0 0 18 0 0 0 0 0 0 0 5 0 2 2 1 2 0 0 0 0 0 0 0 0 0 0 0 0 0 0 0 0 0 10 0 7 0 0 0 0 0 58 0 0 0 0 
 0 35 0 0 76 0 2 0 0 0 0 0 0 0 2 0 0 0 0 3 135 88 293 74 64 79 104 151 151 236 80 293 39 28 199 0 146 342 129 254 0 3 0 0 23 0 1 0 0 0 0 3 1 1 1 0 2 1 0 0 0 2 0 0 0 0 3 0 0 2 0 48 0 0 0 0 0 0 0 0 0 0 0 0 15 2 0 0 0 0 0 0 0 0 0 0 0 0 0 0 51 18 9 8 0 0 8 0 25 0 39 0 1 30 14 17 23 56 0 0 0 0 0 0 0 0 0 16 0 0 0 0 0 0 0 0 0 0 0 1 0 0 0 0 0 0 0 0 0 0 0 0 0 0 0 0 0 0 0 0 0 0 0 0 0 19 0 0 0 0 0 0 0 0 0 0 0 0 0 2 0 18 29 8 9 9 0 18 0 26 0 14 11 15 64 9 20 30 0 10 0 0 0 0 0 0 0 0 0 0 0 0 0 0 0 0 2 0 11 0 0 0 0 0 0 0 0 2 0 0 0 15 17 0 0 0 0 0 0 0 0 0 0 0 0 0 0 0 0 0 0 0 0 0 0 0 0 148 0 0 2 0 0 0 0 0 11 0 0 0 0 0 0 0 0 0 0 0 0 0 0 11 0 0 0 0 0 0 0 0 
 0 0 4 0 17 79 0 0 1 0 0 3 0 0 0 2 0 0 0 0 46 330 422 36 153 214 487 188 54 86 477 70 119 205 36 146 0 242 312 251 0 3 0 0 2 0 5 0 0 0 0 3 4 63 1 0 2 0 5 0 0 2 0 0 0 0 3 0 0 2 51 0 0 0 0 0 0 0 0 0 0 0 0 0 0 8 0 0 0 0 0 0 0 0 0 0 0 0 0 0 0 32 7 0 16 45 1 12 27 0 0 4 0 4 23 30 11 60 0 0 13 9 6 0 0 0 0 14 0 0 0 0 11 0 0 0 0 0 11 0 0 0 0 0 0 0 0 0 1 0 12 0 0 0 0 0 0 0 0 0 0 0 0 0 19 0 0 0 0 1 0 0 0 0 0 0 2 6 0 0 0 0 15 0 11 14 0 38 9 36 1 41 9 55 23 18 14 12 0 2 6 0 0 0 0 0 31 0 2 0 0 0 31 0 0 0 0 0 11 0 0 0 0 0 0 0 0 0 0 0 0 0 0 0 0 0 0 0 0 0 0 0 0 0 0 0 0 0 0 0 0 0 0 0 27 0 1 68 74 2 8 0 0 0 0 0 0 0 0 0 0 0 0 0 0 0 0 0 0 0 0 26 0 0 0 0 11 0 0 0 
 0 77 3 1 0 2 0 2 0 0 92 0 0 0 0 2 0 1 0 0 192 211 145 156 142 43 25 113 188 260 115 218 44 22 427 342 242 0 338 34 63 3 0 0 10 0 64 0 0 0 0 4 4 1 1 0 2 0 55 120 0 18 0 0 0 0 3 0 0 2 0 47 0 0 0 0 0 0 0 0 0 0 0 0 2 0 2 0 0 0 0 0 0 0 0 0 2 0 0 0 23 1 5 0 2 10 0 0 13 12 8 21 0 10 13 21 34 24 0 0 1 5 0 0 0 0 61 26 0 0 0 0 9 0 0 0 0 1 1 30 0 0 0 5 0 0 0 0 8 9 0 9 1 0 0 0 2 0 0 0 0 0 21 0 0 0 0 0 0 0 0 0 0 0 0 1 0 0 0 0 0 1 57 0 32 4 0 1 0 12 29 26 8 0 49 61 30 22 0 11 25 2 0 0 0 0 32 17 0 0 1 0 24 25 16 0 0 2 25 41 0 0 0 0 2 0 0 0 0 0 0 0 0 0 0 0 0 0 0 0 0 0 0 0 0 0 0 0 0 0 0 0 0 0 3 0 0 3 0 0 0 15 0 0 0 0 0 0 0 0 0 0 0 0 0 0 0 0 0 0 0 31 0 0 0 0 0 0 0 0 
 7 146 78 150 75 4 1 102 7 0 77 155 0 0 77 1 70 3 78 7 35 135 126 91 140 52 46 128 183 120 214 49 176 98 168 129 312 338 0 168 0 3 0 0 9 64 2 0 0 0 0 3 0 1 0 0 2 0 0 0 0 2 3 0 0 0 3 0 0 2 6 0 0 0 0 0 0 0 0 0 0 11 12 11 11 7 0 0 10 0 8 0 0 1 0 11 24 2 0 0 45 21 0 1 0 0 0 40 1 0 0 0 14 0 10 39 1 20 12 0 0 0 0 0 0 0 0 0 0 9 0 29 0 0 2 0 0 0 0 0 2 0 0 0 0 0 0 0 0 0 0 0 0 2 4 0 0 0 0 0 0 0 17 18 38 0 0 11 19 12 28 0 0 7 10 0 19 44 0 0 3 0 0 18 12 0 4 8 29 21 6 15 35 18 4 0 0 8 10 11 0 0 0 0 0 0 0 0 0 0 0 0 0 0 1 0 0 0 0 0 2 0 0 0 0 0 0 0 0 0 2 0 0 0 0 0 0 0 0 0 0 0 0 0 0 0 0 0 0 0 1 0 40 0 9 0 3 0 0 2 0 0 0 0 0 0 0 0 0 0 0 0 0 0 0 0 0 0 0 0 0 0 0 0 0 0 35 0 0 0 
 2 0 1 0 188 100 1 0 0 2 0 0 0 0 73 0 0 0 0 0 219 138 161 141 64 37 161 49 223 109 83 37 179 145 342 254 251 34 168 0 0 3 0 0 0 0 2 2 5 1 0 3 0 1 0 0 2 0 0 0 0 3 0 0 0 0 3 0 0 2 0 0 0 0 0 0 0 0 0 0 0 0 0 0 0 9 0 0 0 0 0 0 1 0 0 0 0 0 0 0 37 19 12 8 0 0 80 73 0 10 42 0 14 1 11 5 8 20 0 0 0 0 1 0 1 0 0 1 0 0 0 0 0 0 0 0 0 0 0 0 0 0 0 0 0 0 0 1 0 0 0 0 4 0 0 0 0 0 0 0 0 0 0 6 37 23 0 0 0 0 0 2 6 3 0 0 0 0 0 0 23 36 21 53 0 0 10 2 20 0 16 0 37 0 13 0 32 55 28 21 0 0 0 0 0 0 0 0 0 0 0 0 0 0 0 0 0 0 0 0 0 0 0 0 0 0 0 0 0 0 0 0 0 0 0 0 0 0 0 0 0 0 0 0 0 0 0 0 0 0 0 0 0 0 14 0 0 4 0 4 0 0 0 0 0 0 22 0 0 0 0 0 0 0 0 0 0 0 0 10 0 0 0 0 0 26 0 0 0 0 
 0 0 3 0 0 0 3 0 0 0 0 0 0 0 0 0 6 0 0 0 0 7 0 63 52 100 0 0 4 64 66 57 0 0 0 0 0 63 0 0 0 94 74 44 38 449 79 93 242 243 29 22 391 369 122 30 89 28 480 44 0 5 0 8 2 0 0 0 0 1 2 0 0 1 21 24 2 1 11 0 0 0 0 0 0 0 0 0 0 0 0 0 0 0 0 0 0 0 0 0 0 0 1 8 11 24 18 0 0 0 11 26 0 0 0 0 0 10 0 0 7 10 14 0 0 0 0 0 0 0 0 0 32 7 24 10 0 26 31 36 5 5 3 8 0 0 0 6 7 5 0 4 0 0 7 0 0 18 0 9 0 0 0 1 0 0 0 0 0 0 3 11 0 0 0 0 3 0 0 0 0 0 0 0 1 1 0 0 0 32 8 17 0 0 0 0 0 0 0 0 20 15 7 0 0 0 12 0 10 0 0 0 8 18 58 1 0 0 17 1 0 0 0 0 0 0 0 9 8 4 0 0 3 0 1 0 4 0 0 7 0 0 0 0 0 0 0 0 0 0 0 10 0 2 0 0 0 1 1 2 30 0 0 0 0 0 2 0 0 0 0 0 0 0 0 0 0 0 0 0 0 0 0 0 0 0 0 0 2 0 
 0 0 0 0 0 0 5 0 0 0 0 0 0 0 2 1 0 2 0 0 3 3 3 3 3 3 3 3 3 3 3 3 3 3 3 3 3 3 3 3 94 0 85 69 109 53 58 165 116 175 51 111 88 289 50 181 42 164 311 112 0 0 1 0 0 2 0 0 0 51 0 0 0 0 0 0 0 0 51 0 0 0 0 0 0 0 0 0 0 0 0 0 0 0 11 0 0 0 17 0 0 0 0 0 4 0 0 0 0 0 0 1 0 0 0 0 3 0 0 0 10 0 42 3 25 0 18 1 10 19 7 17 19 8 10 53 13 49 1 3 0 0 0 0 0 1 0 0 4 0 0 0 0 1 10 0 0 0 6 0 0 0 0 0 0 0 0 0 0 3 0 0 0 0 0 0 0 0 0 16 0 0 0 0 0 0 0 0 0 0 0 0 0 0 0 0 0 0 0 0 31 9 22 14 3 0 0 2 11 63 62 46 0 11 0 10 60 1 1 0 0 0 0 0 0 0 1 9 0 0 0 0 0 11 0 0 0 0 0 7 0 0 0 0 0 0 0 0 0 0 0 6 0 0 0 0 0 0 0 0 0 0 0 1 0 0 1 0 0 0 0 0 0 0 0 0 0 0 0 0 0 0 0 0 13 15 0 0 0 0 
 0 0 0 0 0 0 0 0 5 0 1 0 0 0 0 0 0 0 0 0 0 0 0 0 0 0 0 0 0 3 0 0 0 0 0 0 0 0 0 0 74 85 0 139 103 43 217 155 68 189 267 68 148 119 106 298 294 168 70 39 10 5 29 0 10 0 0 0 0 0 2 0 0 16 0 0 7 0 0 0 0 0 0 0 0 0 0 0 0 0 0 0 0 0 0 0 0 0 0 0 0 0 0 0 0 5 0 0 0 0 0 0 0 0 0 0 0 0 0 0 0 0 24 13 26 35 0 3 33 17 0 6 17 11 48 14 25 0 0 0 0 0 0 45 5 18 9 0 18 0 0 0 0 19 0 0 0 0 7 0 0 0 0 0 0 0 0 4 0 0 0 0 0 0 0 0 0 0 0 0 0 11 0 0 0 0 0 0 0 0 0 0 0 0 0 0 0 0 0 0 0 0 16 1 5 20 0 0 18 15 3 1 0 0 0 19 4 0 0 0 0 0 1 0 19 6 6 0 0 0 0 5 0 11 16 1 0 0 16 14 0 0 14 0 0 0 0 0 0 0 0 5 0 0 0 0 0 0 0 13 0 0 0 0 67 2 16 34 0 0 0 0 0 0 0 0 0 0 0 0 0 0 0 0 14 14 0 11 0 0 
 0 10 2 0 0 6 0 1 5 0 0 4 0 0 2 0 3 2 0 0 0 0 0 0 0 0 2 0 0 1 0 0 1 0 0 0 0 0 0 0 44 69 139 0 167 43 156 146 246 278 162 107 64 148 135 154 187 131 267 271 4 0 3 0 0 0 5 2 0 0 2 0 3 50 0 0 1 0 0 0 0 0 0 0 0 2 0 0 14 0 0 0 0 0 0 0 0 6 0 0 0 0 0 0 0 0 0 0 0 0 0 0 0 0 0 0 0 0 0 3 0 25 8 11 1 11 3 2 9 28 8 33 0 75 16 13 0 0 0 0 0 0 0 0 11 0 13 0 0 14 0 0 0 12 12 0 5 0 8 0 0 0 0 0 0 5 0 0 0 2 0 4 0 0 0 0 0 0 5 2 0 0 0 0 0 0 0 0 0 0 0 0 0 6 0 0 2 0 0 0 0 27 10 11 32 17 0 0 17 9 32 22 0 0 0 0 13 2 0 0 23 0 16 0 0 0 13 0 7 0 0 0 5 0 0 16 0 0 0 31 0 10 0 0 0 0 0 0 0 0 0 3 0 2 0 0 0 0 0 7 0 0 2 0 65 0 1 3 0 0 6 0 0 0 0 0 0 0 0 0 0 0 0 0 10 24 0 0 2 0 
 3 3 5 3 3 3 3 3 3 3 3 3 3 4 6 3 3 3 3 3 5 9 4 0 3 0 1 2 7 4 31 0 63 1 9 23 2 10 9 0 38 109 103 167 0 137 127 80 68 109 163 44 82 277 371 122 129 117 52 79 0 0 1 0 0 0 256 30 0 0 210 0 52 0 0 0 0 1 27 0 0 0 0 0 0 0 0 0 0 0 0 0 0 0 0 0 0 0 0 0 8 6 0 0 0 0 0 0 0 0 0 0 4 2 7 4 7 1 0 0 0 0 0 0 25 34 0 0 3 10 23 0 0 0 0 0 18 0 0 0 33 0 25 33 0 5 0 13 6 24 0 0 0 33 6 0 9 0 4 1 0 0 0 0 0 0 0 0 0 0 0 0 0 0 0 0 0 0 0 0 0 0 0 0 12 0 0 0 0 14 0 6 12 0 6 3 0 5 0 6 0 0 12 11 33 0 0 0 9 12 4 1 0 0 0 0 8 19 0 0 32 0 0 11 0 0 20 18 23 14 0 0 0 22 10 1 0 7 7 25 0 0 0 0 0 0 0 0 0 0 0 2 0 1 0 0 0 0 0 0 0 1 1 65 65 4 0 0 2 0 0 0 0 0 0 0 0 0 0 0 0 3 0 0 0 0 0 0 4 0 
 2 2 4 2 2 3 3 2 2 8 6 2 2 2 3 4 2 3 2 2 0 0 0 0 0 0 0 0 0 4 0 0 0 0 2 0 0 0 64 0 449 53 43 43 137 0 57 52 51 258 79 349 249 259 41 166 64 94 253 329 8 26 101 1 0 0 47 52 0 47 3 1 52 0 0 54 49 64 150 53 0 0 4 4 0 0 1 0 0 3 3 0 0 0 0 0 4 9 0 0 0 0 0 0 0 0 0 0 0 0 0 0 0 0 0 0 0 0 0 0 0 0 8 5 22 0 0 0 0 0 17 19 9 0 0 23 0 18 0 0 23 3 2 21 6 0 20 12 0 8 0 1 22 2 8 16 3 0 0 14 0 0 0 0 0 0 0 4 3 4 3 0 0 0 0 7 0 0 0 0 0 0 0 0 0 0 1 0 0 0 0 0 0 1 0 0 0 0 5 0 0 0 0 0 1 7 0 0 0 0 0 20 0 0 0 0 0 0 0 0 1 0 1 9 0 0 13 11 0 14 9 12 0 4 14 51 15 1 40 21 0 0 13 0 0 1 4 0 2 0 0 10 0 1 0 0 0 0 0 1 0 0 0 2 0 12 1 1 0 0 0 0 0 0 0 0 0 0 0 0 0 0 0 0 0 0 0 0 1 0 
 5 3 3 3 36 3 5 5 3 4 3 3 3 5 3 5 5 5 3 5 1 0 2 5 2 0 1 2 1 63 2 2 0 2 2 1 5 64 2 2 79 58 217 156 127 57 0 100 64 34 310 125 120 282 108 310 85 42 37 53 0 10 9 0 8 0 0 0 0 0 5 0 0 0 0 0 10 0 0 0 0 0 0 0 0 0 0 0 0 0 0 0 0 0 0 0 0 0 0 0 0 0 0 0 0 21 0 0 0 0 5 0 0 0 0 0 0 0 0 0 6 25 0 11 11 12 10 17 9 0 11 10 0 0 12 0 22 0 0 18 0 0 0 0 5 5 1 0 0 0 0 0 0 4 0 0 0 0 17 0 0 2 0 0 0 0 0 3 0 0 0 0 0 0 0 0 0 0 0 0 0 0 0 0 0 0 0 0 0 8 8 0 0 0 0 0 0 0 0 0 0 15 12 0 19 0 0 26 0 9 39 0 0 19 13 13 11 2 0 2 0 0 0 0 7 16 17 0 0 0 0 21 13 0 0 0 0 0 6 12 0 0 0 0 0 0 2 0 1 0 0 4 0 0 0 0 0 3 0 7 0 0 0 0 32 12 9 0 2 0 0 0 0 0 0 8 0 0 0 0 0 0 0 0 8 0 0 9 2 1 
 3 7 8 3 14 3 4 3 4 5 3 3 3 3 3 9 3 4 3 3 0 0 0 0 0 0 7 0 0 3 0 0 8 0 0 0 0 0 0 2 93 165 155 146 80 52 100 0 176 35 115 77 166 198 69 44 29 299 128 116 3 0 1 0 2 0 51 0 207 0 1 2 0 0 0 0 0 0 0 208 0 0 0 0 0 1 0 0 0 0 0 0 0 0 0 0 0 0 0 0 0 1 2 16 0 0 7 6 0 0 0 6 0 0 0 0 8 0 0 0 7 18 0 12 0 20 2 19 19 38 0 3 0 3 7 20 1 0 0 10 0 0 0 0 0 0 0 0 0 0 0 0 0 0 0 0 0 0 16 0 0 0 0 12 7 0 0 0 0 0 5 0 11 0 0 0 5 0 0 0 8 7 6 0 0 0 0 0 0 0 2 9 1 1 0 0 4 0 0 0 0 0 19 18 6 10 0 0 24 3 11 17 0 10 9 48 23 18 9 10 0 0 0 0 0 0 0 8 0 0 0 0 11 0 0 0 0 0 0 0 0 0 0 0 0 0 0 0 0 0 0 3 0 2 0 1 0 0 0 4 0 0 1 0 1 2 0 64 0 0 0 0 0 0 0 0 0 0 0 0 0 0 0 0 0 0 0 34 2 0 
 0 0 0 0 8 9 0 0 0 0 0 0 0 2 0 2 0 0 0 0 0 0 0 1 2 1 7 0 1 0 1 0 9 0 0 0 0 0 0 5 242 116 68 246 68 51 64 176 0 586 48 22 81 165 187 103 94 34 79 220 0 0 3 0 1 2 1 0 4 3 0 2 0 0 0 0 0 0 53 0 0 0 0 0 0 0 0 0 0 0 0 0 0 0 0 9 0 0 0 0 0 1 4 5 0 0 18 9 0 0 0 1 6 0 11 0 7 0 0 0 4 26 1 7 0 0 17 0 0 22 7 23 0 25 14 19 0 9 0 0 0 0 0 0 0 0 43 2 0 0 0 0 0 0 26 0 0 0 19 8 0 0 0 7 8 0 0 0 0 4 0 0 0 0 0 0 0 0 0 3 13 10 16 0 0 8 0 0 0 1 4 1 1 0 0 0 5 0 0 0 1 45 0 24 10 0 0 0 31 0 16 9 0 1 25 21 3 19 11 9 0 0 0 0 0 4 15 10 0 0 0 0 0 0 0 0 0 11 0 0 0 0 0 0 0 0 0 0 0 0 0 2 0 1 0 0 0 0 0 0 0 0 0 1 2 0 0 0 2 0 0 0 0 0 0 0 0 0 0 0 0 0 0 0 0 26 0 0 0 0 
 0 67 3 0 0 0 0 0 0 0 0 0 0 0 0 3 0 0 0 0 0 0 0 21 0 0 0 0 0 1 0 7 0 0 0 0 0 0 0 1 243 175 189 278 109 258 34 35 586 0 537 105 95 147 126 446 168 143 113 91 0 0 0 0 0 0 0 0 0 0 0 0 0 51 0 0 0 0 0 0 0 0 0 0 0 0 0 0 0 0 0 0 0 0 0 0 0 0 0 0 0 0 0 0 0 0 0 0 0 11 0 1 0 0 0 0 0 0 0 0 25 0 20 22 18 0 10 2 9 23 0 16 8 11 22 20 9 17 0 0 0 0 0 0 0 0 7 0 0 4 0 0 0 0 0 0 0 0 1 0 0 0 0 0 0 0 0 0 0 5 0 0 0 0 0 0 0 0 0 0 0 0 0 0 0 0 0 0 0 0 0 0 0 0 0 0 0 0 0 0 9 14 16 7 0 10 8 1 10 8 18 0 0 41 0 6 21 0 0 14 0 0 16 0 0 0 0 1 10 0 0 0 25 0 0 1 0 0 0 11 0 0 6 0 0 0 0 0 0 0 0 3 0 1 0 0 0 0 8 11 0 1 2 0 2 0 0 0 1 0 0 0 0 0 0 0 0 0 0 0 0 3 0 0 11 0 0 0 1 0 
 0 0 0 0 0 0 0 1 0 0 3 0 0 0 2 0 0 0 0 0 0 0 0 2 0 2 0 0 0 0 0 0 0 0 0 0 0 0 0 0 29 51 267 162 163 79 310 115 48 537 0 51 106 112 184 355 333 285 146 279 9 6 2 0 1 0 50 72 0 0 2 6 51 51 72 0 2 5 1 4 0 0 0 0 0 0 0 0 0 0 0 0 0 0 0 0 0 0 0 0 0 0 0 0 0 0 0 0 0 0 0 0 0 0 0 0 0 0 0 13 7 8 40 1 11 34 4 0 20 0 0 8 0 9 0 4 9 0 0 0 13 0 11 0 3 0 7 0 0 4 0 0 0 0 6 0 0 0 0 0 0 3 0 0 0 0 0 30 0 0 0 0 24 0 0 0 1 0 0 0 0 0 0 0 0 0 0 0 0 0 0 0 0 0 7 0 0 0 0 0 0 0 0 9 15 19 0 11 0 0 0 10 0 11 0 7 0 11 0 9 8 7 6 23 0 0 31 0 10 0 7 0 15 8 25 16 0 0 10 0 0 0 14 0 0 0 0 0 0 0 0 2 0 1 0 0 0 0 0 2 0 22 0 0 2 11 0 56 0 0 14 0 0 0 0 0 0 12 0 0 0 4 0 0 1 0 0 0 1 0 
 0 0 4 0 0 0 5 0 0 0 2 0 0 0 0 1 0 0 0 0 3 3 5 3 3 3 3 4 3 5 3 3 3 3 3 3 3 4 3 3 22 111 68 107 44 349 125 77 22 105 51 0 309 302 96 78 182 136 41 110 0 8 7 0 8 0 0 0 0 2 2 10 0 0 0 0 15 0 0 0 0 0 0 0 0 0 0 0 0 0 0 0 0 0 0 0 0 0 0 0 0 0 0 0 0 0 0 0 0 0 0 0 0 0 0 0 0 0 0 0 0 3 9 93 15 0 1 14 11 41 28 23 0 8 20 10 34 0 0 0 7 0 0 0 51 11 36 14 5 0 0 0 13 0 0 0 0 0 0 10 0 14 0 0 0 0 0 1 0 0 0 0 24 0 0 0 0 11 0 0 0 0 0 0 0 0 0 0 0 0 0 0 0 0 0 0 0 0 0 0 0 3 18 9 15 13 0 4 0 17 12 13 0 3 0 0 33 23 2 1 0 7 0 0 0 19 13 0 0 0 0 33 11 0 0 21 4 0 11 0 0 0 0 0 0 18 0 0 0 0 0 7 0 0 0 0 0 0 0 64 63 0 3 4 0 13 11 0 0 0 2 0 0 0 0 4 0 0 0 0 0 0 0 0 0 0 0 0 0 0 
 0 0 5 0 0 0 3 0 0 0 0 0 0 2 0 0 6 0 48 0 0 0 1 1 68 103 0 8 0 6 2 62 0 3 0 1 4 4 0 0 391 88 148 64 82 249 120 166 81 95 106 309 0 84 33 81 125 32 165 66 0 6 0 0 0 0 0 0 0 0 0 6 0 0 0 0 0 4 0 4 0 0 0 0 0 0 0 0 0 0 0 1 0 0 0 0 0 0 0 0 0 0 0 25 16 37 14 0 0 0 1 0 19 4 1 2 0 6 0 0 29 11 19 15 23 0 39 0 9 0 0 9 17 0 33 0 19 24 34 22 9 0 0 0 0 0 21 16 0 0 0 0 0 6 0 0 0 4 1 1 0 3 0 0 0 0 0 8 0 1 0 0 3 0 0 0 0 0 0 0 0 0 0 3 0 0 0 5 0 22 0 1 0 0 4 7 0 0 0 0 21 0 9 7 0 0 17 23 0 14 17 0 20 0 0 7 11 0 5 0 0 0 0 0 0 0 0 0 0 0 0 0 45 0 27 0 0 0 12 0 0 0 0 0 0 0 0 0 0 26 0 4 0 0 0 0 0 0 0 7 0 0 0 0 0 11 2 0 2 0 0 0 0 0 0 0 0 0 0 0 0 4 0 0 0 1 0 0 0 0 
 11 3 3 3 5 3 10 3 3 3 3 3 11 26 3 3 2 3 4 3 1 0 66 0 65 91 1 0 63 1 0 208 1 1 1 1 63 1 1 1 369 289 119 148 277 259 282 198 165 147 112 302 84 0 644 33 36 236 162 303 0 0 0 0 0 0 0 0 0 0 0 0 0 0 0 0 0 0 0 0 6 0 0 0 0 0 0 0 0 0 4 0 4 6 4 0 0 0 1 0 0 0 0 0 20 14 0 0 0 0 0 0 0 0 0 0 0 17 0 0 0 10 17 16 9 10 0 0 8 35 0 10 11 33 10 65 0 38 9 2 0 0 0 0 0 0 0 7 0 0 0 0 4 0 0 0 0 3 9 28 9 0 0 0 0 0 0 0 0 0 2 0 0 0 5 0 9 4 7 7 0 0 0 0 14 0 0 0 0 0 0 0 0 0 0 0 0 0 1 0 26 0 10 0 7 0 22 0 10 7 14 19 13 10 21 3 66 12 0 0 0 0 0 0 0 0 0 0 0 0 0 0 0 0 4 0 0 0 0 0 0 0 0 0 0 0 1 0 0 26 0 7 0 0 0 0 0 0 30 2 2 0 1 2 0 0 2 64 2 0 0 0 0 0 0 0 0 0 0 0 0 0 0 0 0 0 0 0 0 0 
 3 3 3 3 3 3 3 3 7 6 3 3 3 4 3 4 3 3 7 3 0 1 1 0 5 68 0 0 1 62 0 0 1 4 65 1 1 1 0 0 122 50 106 135 371 41 108 69 187 126 184 96 33 644 0 114 49 128 101 103 2 0 0 1 0 0 203 0 0 5 203 0 0 0 0 0 0 0 0 0 0 0 0 0 0 0 0 0 0 0 0 0 0 0 0 0 0 0 0 0 0 0 0 0 17 17 0 0 5 0 8 0 0 0 0 0 0 11 0 0 0 19 3 0 1 34 0 14 26 25 9 0 5 17 7 10 30 0 19 23 0 0 0 0 0 3 0 0 4 0 0 0 0 19 0 0 0 0 17 0 0 0 0 0 0 0 0 0 0 0 3 0 0 22 0 0 0 0 0 0 0 0 0 9 11 5 0 4 3 0 0 0 11 0 0 1 0 0 0 0 2 14 13 0 52 13 1 0 13 10 3 0 5 12 10 20 16 17 10 0 20 0 0 0 0 0 39 0 0 0 4 0 0 19 0 0 0 0 0 13 0 0 0 0 0 0 0 0 0 0 0 0 0 2 0 0 0 0 62 3 19 0 70 0 63 2 4 115 1 0 0 0 0 0 0 0 0 0 0 0 7 0 0 0 3 0 9 3 2 0 
 0 0 0 0 0 0 0 0 0 0 3 0 0 0 0 8 0 0 0 0 0 0 0 0 3 0 0 0 0 0 0 0 0 0 0 0 0 0 0 0 30 181 298 154 122 166 310 44 103 446 355 78 81 33 114 0 529 303 104 79 11 6 13 0 34 7 0 0 0 4 0 0 0 51 0 0 14 0 0 0 0 0 0 0 0 0 0 0 0 0 0 0 0 0 0 0 0 0 0 0 0 0 0 0 0 0 0 0 6 0 0 0 0 0 0 0 0 0 0 0 0 1 40 40 36 14 0 0 15 16 0 12 0 25 5 45 0 21 0 0 0 0 0 0 7 4 14 0 0 4 0 0 0 0 0 0 0 0 1 0 0 0 0 0 0 0 0 0 0 0 0 0 0 0 0 0 0 0 0 0 0 0 6 15 0 10 0 0 0 0 0 0 0 0 0 0 0 0 0 0 0 1 5 1 10 18 0 10 18 3 4 0 0 16 0 0 23 0 0 12 0 0 0 0 0 5 10 0 10 0 0 7 11 0 10 19 0 0 13 9 0 0 7 0 0 0 0 0 0 0 0 12 0 0 0 0 0 0 0 8 0 0 0 0 0 5 6 64 0 0 0 0 0 0 0 4 0 0 0 0 0 0 0 0 11 10 0 0 1 0 
 0 0 5 0 0 0 3 0 0 0 3 26 0 3 2 0 0 0 0 0 2 2 2 3 3 2 2 2 63 2 2 3 2 2 2 2 2 2 2 2 89 42 294 187 129 64 85 29 94 168 333 182 125 36 49 529 0 106 37 97 11 0 0 0 0 0 0 1 5 0 4 1 7 16 0 0 10 0 0 0 0 0 0 0 0 0 0 0 0 0 0 0 0 0 0 0 0 0 0 0 0 0 0 1 0 0 0 0 0 0 0 0 0 0 0 0 0 0 0 0 0 14 21 23 34 0 0 0 21 14 10 4 0 17 5 0 0 0 1 0 1 0 10 22 0 5 33 0 15 13 0 6 15 0 36 0 0 0 3 0 0 0 0 0 0 0 0 0 0 0 1 0 0 0 0 0 0 0 0 0 0 0 0 0 0 2 0 0 0 0 0 0 0 0 0 0 0 0 0 0 0 23 17 1 0 8 1 12 19 13 4 18 1 1 0 0 24 8 14 14 4 0 1 0 0 0 21 0 8 0 5 0 0 10 14 28 24 0 14 28 0 0 13 0 0 0 0 0 0 0 0 4 0 0 0 0 0 0 0 17 0 0 1 0 0 2 0 1 1 0 0 0 0 0 0 0 0 0 0 0 0 0 0 0 17 14 0 0 0 0 
 0 0 0 3 0 0 0 0 0 0 0 0 0 0 0 0 0 0 1 64 1 0 0 0 0 0 0 0 0 3 0 211 0 0 1 1 0 0 0 0 28 164 168 131 117 94 42 299 34 143 285 136 32 236 128 303 106 0 46 82 0 0 0 1 0 0 1 0 0 0 2 1 0 50 0 0 0 0 53 0 0 0 0 0 0 0 0 0 0 0 0 0 0 0 0 0 0 0 0 0 0 0 0 0 2 0 0 0 12 0 0 3 0 5 0 0 0 0 0 0 8 0 1 26 29 14 20 14 2 1 8 32 2 1 43 11 40 23 0 0 0 0 0 0 0 0 19 0 1 3 0 0 0 0 11 0 0 0 27 0 0 0 0 0 0 0 0 0 0 4 0 0 0 0 0 0 0 0 0 3 0 0 0 0 0 0 0 0 0 0 0 0 0 0 0 0 0 0 0 0 12 19 23 18 11 11 0 2 11 14 12 23 0 1 0 27 36 0 0 6 0 0 0 0 0 0 0 10 10 0 0 0 46 1 0 1 0 0 0 8 0 0 0 0 0 0 0 0 0 0 0 0 0 2 0 0 0 0 4 2 0 2 1 0 4 0 1 1 0 0 1 0 0 0 2 0 0 0 0 0 0 0 0 0 20 7 0 10 2 0 
 2 2 3 2 2 3 3 1 2 1 2 1 2 2 3 2 4 3 0 1 0 0 0 0 61 4 0 0 92 79 54 0 0 0 0 0 5 55 0 0 480 311 70 267 52 253 37 128 79 113 146 41 165 162 101 104 37 46 0 388 0 0 0 0 0 0 0 0 0 0 0 0 0 0 0 0 0 0 0 1 0 0 0 0 0 0 0 0 0 0 0 0 0 0 0 0 0 1 0 0 0 0 14 0 16 18 0 0 0 0 0 22 19 0 0 15 0 10 0 0 20 11 15 7 12 7 16 0 0 21 0 1 0 13 1 15 17 31 19 0 0 0 0 2 0 0 22 0 0 0 0 0 0 0 0 0 12 0 0 0 0 2 0 0 0 0 0 23 0 0 1 0 33 14 0 0 11 0 0 0 1 0 14 8 12 6 0 0 0 0 16 19 0 0 0 15 0 12 0 0 10 18 9 1 0 2 21 19 23 37 10 0 1 29 5 20 1 9 31 32 3 0 0 0 0 0 3 0 0 0 0 0 21 0 0 0 0 0 0 0 0 0 0 0 0 0 0 0 0 0 0 0 0 0 0 0 0 0 0 2 0 14 2 0 0 12 2 0 2 0 0 0 0 0 0 0 0 0 0 0 0 12 3 0 0 0 0 0 2 0 
 2 2 3 2 2 2 2 3 2 3 2 3 2 2 2 2 3 2 5 3 0 0 0 65 1 0 0 64 0 61 63 1 0 0 0 0 0 120 0 0 44 112 39 271 79 329 53 116 220 91 279 110 66 303 103 79 97 82 388 0 0 12 0 0 3 0 58 0 0 0 0 0 0 0 0 0 0 0 24 0 0 0 0 0 0 0 0 0 0 0 0 0 0 0 0 0 0 0 0 0 0 0 0 1 0 22 0 0 0 0 3 19 0 0 0 0 0 0 0 0 8 17 0 22 2 6 0 20 4 15 12 0 0 7 0 24 2 19 10 21 20 0 0 16 0 0 1 14 0 0 0 0 0 10 3 0 28 0 7 0 0 0 0 0 0 0 0 0 0 0 0 61 0 0 5 0 0 0 0 3 0 0 1 0 0 6 0 0 0 0 20 13 0 0 0 0 0 0 0 0 0 75 0 21 7 3 1 3 9 3 0 13 1 36 38 20 0 1 15 0 4 0 0 0 0 0 0 13 0 0 0 0 0 9 1 0 0 0 0 0 0 0 0 0 0 0 0 0 0 0 0 6 0 0 0 0 0 0 0 0 0 0 72 68 2 3 1 0 3 0 0 0 0 0 0 0 0 0 0 0 0 0 1 0 0 0 0 0 0 0 
 0 0 1 0 0 0 0 0 0 0 1 0 34 0 0 0 0 0 0 0 0 0 0 0 0 2 0 0 0 0 0 0 0 0 0 0 0 0 0 0 0 0 10 4 0 8 0 3 0 0 9 0 0 0 2 11 11 0 0 0 0 136 130 45 24 57 162 68 125 125 32 328 228 200 59 186 106 46 175 170 0 0 0 0 0 0 0 0 0 0 0 0 0 0 0 0 0 0 0 0 0 0 0 9 0 0 0 0 0 0 1 0 0 0 0 0 0 0 9 0 2 1 7 8 3 8 3 1 4 3 2 3 1 33 3 17 2 2 1 2 1 4 3 0 6 0 0 22 1 15 3 1 53 1 1 11 0 17 0 1 0 0 0 0 1 0 0 0 0 0 0 0 0 0 0 0 0 0 11 0 0 0 0 0 0 0 0 0 0 0 0 0 0 0 0 0 0 0 0 0 0 0 0 0 20 5 0 0 0 0 0 0 0 0 0 0 0 0 0 0 14 24 1 21 23 4 3 10 12 67 38 24 6 0 22 38 7 0 13 1 0 0 5 5 0 0 0 0 0 0 0 0 0 0 9 0 24 0 0 0 0 0 0 2 0 0 0 4 0 0 0 0 0 0 0 0 0 0 0 0 0 0 0 0 0 0 0 0 0 0 
