 0 179 129 216 36 26 179 208 517 46 128 46 52 145 129 116 114 123 526 443 6 1 0 0 0 4 2 3 0 0 0 0 0 2 4 4 0 0 3 0 0 0 0 0 3 0 1 0 0 3 0 3 2 0 0 0 3 0 2 2 3 0 0 41 2 0 2 0 0 3 0 1 0 0 7 0 0 3 2 0 28 25 25 52 29 0 0 42 27 73 23 11 35 0 39 55 20 13 21 12 0 0 0 0 0 0 5 0 0 0 0 0 50 0 0 0 0 0 1 0 0 0 0 0 0 0 0 0 0 0 0 0 0 0 0 0 0 0 0 0 0 0 0 0 0 0 0 0 0 0 0 0 0 0 0 0 0 0 0 0 15 4 0 13 0 27 3 0 70 11 0 1 25 26 4 11 36 6 14 39 0 0 0 0 0 0 0 0 0 0 0 0 18 0 0 0 0 0 15 0 0 0 0 0 0 0 0 0 0 0 0 0 0 0 0 0 0 0 0 0 0 0 0 0 0 0 0 0 0 0 0 0 0 0 0 0 0 0 0 0 0 0 0 0 0 1 7 0 2 1 0 9 0 0 0 0 0 0 0 0 0 0 0 0 0 0 0 0 0 0 0 0 0 0 0 1 0 0 0 0 0 0 0 0 0 0 0 0 0 0 
 179 0 417 50 49 33 284 94 82 35 279 118 422 156 89 40 138 171 339 327 0 0 0 2 0 0 2 3 0 0 0 0 0 93 4 3 0 0 3 0 0 0 0 0 0 0 4 0 0 3 0 2 0 0 0 0 3 0 2 0 0 1 46 0 2 0 0 0 0 2 1 0 0 29 4 0 0 3 2 0 20 15 3 23 2 25 27 39 23 20 1 8 29 9 28 7 17 20 8 24 0 0 0 0 0 0 0 1 0 0 0 0 1 0 24 0 0 0 0 0 0 0 0 0 0 0 0 0 0 0 0 0 0 0 0 0 0 0 0 0 0 0 0 0 5 0 0 11 0 0 0 0 0 0 0 0 0 0 22 0 15 8 0 0 0 3 0 0 10 14 15 11 13 34 31 7 33 0 0 7 1 0 0 0 0 0 0 0 0 0 0 0 1 0 0 0 2 0 9 0 0 0 0 0 0 0 0 0 0 0 0 0 0 0 0 0 0 0 2 0 0 0 0 0 0 0 0 0 0 0 0 0 0 0 0 0 0 0 0 0 0 0 0 0 0 3 0 1 2 2 0 4 0 0 0 0 0 0 0 0 0 0 0 0 0 0 0 0 0 0 0 0 0 0 0 0 0 0 0 0 0 0 0 0 0 0 0 0 0 0 
 129 417 0 405 171 124 75 332 191 56 612 131 160 174 177 57 143 291 38 32 0 1 0 0 0 0 2 3 0 0 0 0 80 9 3 3 3 0 80 9 0 3 0 1 0 0 0 0 0 3 0 1 0 0 0 0 3 65 4 0 0 5 34 2 2 0 2 0 0 2 3 1 0 0 8 0 0 5 3 0 11 0 31 17 17 49 11 48 16 16 15 13 0 19 0 17 0 2 0 0 7 0 0 0 0 0 1 1 0 0 0 0 13 0 0 0 0 0 0 0 0 1 0 0 0 0 0 0 0 0 0 0 0 8 0 0 0 0 0 0 0 2 0 0 4 0 0 0 0 0 0 0 0 0 0 0 3 0 0 0 23 0 10 22 19 11 25 1 23 34 22 1 0 4 6 11 42 0 0 0 0 0 0 0 0 0 14 1 3 0 0 0 10 0 0 0 0 0 38 0 0 0 0 0 0 0 0 0 0 0 0 0 0 0 0 0 2 0 0 0 0 0 0 1 0 0 0 0 0 0 0 0 0 0 0 0 0 0 0 0 0 14 0 0 0 4 2 0 0 0 2 6 0 0 0 0 0 0 0 0 0 0 0 0 0 0 0 0 0 0 0 0 0 0 0 0 10 0 0 0 0 0 0 0 0 0 0 0 0 0 
 216 50 405 0 84 81 421 506 500 94 81 366 90 171 468 97 81 243 76 71 4 74 0 0 0 2 2 78 1 0 0 0 1 85 78 9 0 0 3 0 0 0 0 0 3 0 0 0 0 3 0 3 2 0 0 0 3 0 2 8 0 29 11 3 2 0 2 0 0 3 0 1 0 0 7 0 6 3 2 0 23 20 37 51 18 0 0 39 0 51 28 0 20 0 28 21 12 52 1 3 13 1 1 0 0 0 1 0 0 1 0 0 10 0 17 0 0 0 0 8 0 0 0 0 0 5 0 0 0 0 0 0 0 0 0 0 0 0 0 0 0 0 12 0 0 0 0 0 0 0 2 0 0 2 0 0 0 0 0 0 28 33 16 8 1 28 3 32 2 11 12 15 20 2 21 15 38 23 0 13 2 0 0 0 0 0 22 0 0 0 0 1 10 0 0 0 0 15 0 27 0 0 2 0 0 0 0 0 0 1 0 0 0 0 0 0 0 0 0 0 0 0 0 0 0 0 0 0 2 0 0 0 0 0 0 0 0 0 0 0 0 0 0 0 0 3 86 0 94 90 14 20 0 0 0 0 0 0 0 0 0 0 0 0 0 0 0 0 0 0 0 0 0 0 0 14 0 0 0 0 0 0 0 0 0 0 0 0 0 0 
 36 49 171 84 0 211 285 53 126 57 182 276 70 80 64 76 107 37 52 80 4 2 5 8 0 0 7 3 3 4 0 5 150 5 86 78 77 1 82 44 3 6 0 4 0 0 0 2 0 3 0 1 0 0 3 0 8 4 5 0 0 3 2 5 2 0 1 3 0 3 0 3 3 4 6 0 0 5 3 2 0 0 0 0 32 39 0 21 13 0 0 24 0 0 0 0 0 0 0 2 13 11 0 0 0 0 0 1 36 0 8 0 0 10 4 11 8 15 0 18 0 0 0 0 0 0 0 0 0 0 0 0 0 0 0 0 0 0 0 0 0 1 0 0 0 0 0 0 0 0 0 0 0 0 0 0 0 0 0 0 0 0 0 21 16 73 0 2 10 25 2 15 0 1 0 0 0 0 20 0 0 10 8 0 0 0 22 10 46 8 0 35 28 26 7 0 35 9 29 21 0 0 0 0 0 0 0 0 0 0 0 0 0 0 0 0 1 0 0 0 0 0 0 2 0 0 0 0 0 0 0 0 0 0 0 0 0 0 0 0 0 0 0 0 0 0 1 0 0 89 1 5 85 0 0 0 1 0 0 0 0 0 2 20 0 0 0 0 0 4 0 0 0 2 0 0 10 0 0 5 0 18 0 0 0 0 0 0 0 0 
 26 33 124 81 211 0 256 67 54 145 213 62 244 42 134 55 121 125 57 99 2 12 0 7 0 0 77 78 0 0 0 5 1 9 3 4 5 0 77 75 0 0 0 0 0 0 0 0 0 4 2 4 0 0 0 0 3 2 2 0 0 2 42 0 2 0 2 0 0 2 3 7 0 3 4 51 0 2 7 5 0 19 0 14 12 17 0 48 0 0 15 0 1 10 0 14 0 10 0 0 13 0 0 0 0 0 17 2 0 0 0 0 2 22 1 0 18 0 38 6 0 0 0 0 0 0 0 0 0 0 0 0 0 0 0 0 0 0 0 0 0 0 0 0 0 0 0 0 0 0 0 0 0 0 0 0 0 0 0 1 0 0 56 1 4 17 0 0 0 0 56 1 0 2 0 0 14 0 0 2 2 12 0 0 24 0 10 4 12 0 16 10 6 0 11 0 48 15 6 20 0 0 0 0 0 0 0 0 0 0 0 0 0 0 0 0 0 0 0 0 0 0 0 0 0 0 0 0 0 0 0 0 0 0 0 0 0 0 0 0 0 0 0 0 0 8 9 0 0 10 5 25 2 4 0 0 0 0 0 0 0 0 0 0 0 0 0 0 0 0 0 0 0 0 0 8 0 0 0 0 0 10 0 0 0 0 0 0 0 0 
 179 284 75 421 285 256 0 338 115 47 44 69 411 266 365 150 342 42 71 184 2 2 0 0 0 0 0 5 0 0 0 0 0 3 3 3 0 0 3 0 0 0 0 0 0 0 1 0 0 3 0 2 0 0 0 0 3 0 2 0 0 2 0 0 2 0 0 0 0 2 3 0 0 0 3 0 0 2 2 0 0 0 33 50 8 0 32 16 0 71 34 0 15 22 44 6 12 16 13 20 0 0 0 0 0 0 0 0 0 0 0 0 10 0 0 0 0 0 0 44 0 0 1 0 0 0 0 0 0 0 1 0 0 0 0 0 0 0 0 0 0 0 2 0 0 0 0 0 0 0 0 0 0 0 0 0 8 0 0 0 1 21 16 7 0 8 7 0 10 0 3 28 15 1 0 51 0 0 19 12 0 0 0 0 0 0 0 0 0 0 0 0 10 0 0 0 0 0 0 0 0 0 0 0 0 0 2 0 0 0 0 2 10 0 0 0 0 0 0 0 0 0 1 0 2 0 0 0 0 0 0 0 0 0 0 0 0 2 0 0 0 0 0 0 0 0 87 0 4 0 23 7 0 0 0 0 0 0 0 0 3 0 0 0 0 0 0 0 0 0 0 0 0 0 0 14 0 0 0 0 0 0 0 0 0 0 0 0 0 0 
 208 94 332 506 53 67 338 0 88 476 113 44 114 296 224 177 257 197 254 172 0 2 0 0 0 0 3 3 0 0 1 0 0 3 3 3 0 0 5 0 0 0 0 0 0 0 2 0 0 4 0 2 0 0 0 0 3 13 2 0 0 1 0 0 2 0 0 0 0 2 1 1 0 0 3 0 0 3 2 0 29 58 0 17 14 0 0 29 41 27 14 1 2 0 9 59 57 21 22 1 0 0 0 0 0 0 8 0 0 0 0 0 1 0 0 0 0 0 20 0 0 0 0 0 0 0 0 0 0 0 0 0 0 0 0 0 0 0 0 0 0 0 0 0 0 0 0 0 0 0 0 0 0 0 0 0 0 0 0 0 0 26 7 7 10 10 0 15 12 10 20 26 0 11 10 0 26 9 28 33 8 0 0 0 0 0 48 0 0 0 0 0 1 0 0 0 2 0 3 39 0 0 0 0 0 10 0 0 0 0 0 0 0 0 0 0 2 0 0 0 0 0 0 1 0 0 0 0 0 0 0 0 0 0 0 0 0 0 19 0 0 0 0 0 0 1 90 0 0 0 0 4 0 0 0 0 0 0 0 0 0 0 0 0 0 0 0 0 0 2 0 0 0 0 0 20 0 0 0 0 0 0 0 0 0 0 0 0 0 0 
 517 82 191 500 126 54 115 88 0 84 289 54 201 469 109 332 156 82 80 67 1 2 0 0 0 0 1 6 0 0 0 0 1 77 6 6 0 0 3 0 0 3 0 0 31 0 12 2 0 3 0 3 0 0 0 0 6 0 2 7 0 4 0 0 2 0 0 0 0 2 3 3 3 1 9 0 0 2 2 2 9 36 72 41 8 0 0 27 19 48 51 9 16 0 29 9 24 13 14 9 2 29 0 0 0 0 0 7 0 0 1 0 9 0 0 0 0 0 0 0 0 0 0 0 0 0 0 0 0 0 0 0 0 0 0 0 0 0 0 0 0 0 0 0 0 0 0 0 0 0 0 2 0 13 0 0 0 0 0 0 11 14 2 7 13 8 11 17 1 6 0 27 44 29 16 18 13 25 0 10 2 2 2 0 0 0 0 1 0 0 0 0 10 0 0 0 0 0 0 0 0 0 0 0 0 0 0 0 0 0 0 0 0 0 0 0 0 0 0 0 0 0 0 0 0 17 0 0 0 0 0 1 0 0 0 0 0 0 0 0 0 0 0 0 1 1 86 0 4 0 0 4 0 0 0 0 0 0 0 0 0 0 0 50 0 0 0 0 0 0 0 0 0 0 0 14 0 0 0 0 0 0 0 0 0 2 0 0 0 0 
 46 35 56 94 57 145 47 476 84 0 221 41 66 78 356 242 130 131 66 95 1 2 0 0 0 0 74 3 0 0 0 0 32 4 3 3 0 0 3 73 0 0 0 0 0 0 0 0 0 3 0 0 0 0 0 0 4 10 2 0 0 2 0 5 2 0 0 0 0 13 0 2 0 0 3 51 11 40 2 0 14 31 0 0 28 1 0 1 7 28 15 0 0 0 12 9 0 22 0 0 21 0 0 0 0 0 31 17 0 0 0 0 9 0 21 0 0 0 18 0 0 0 0 0 0 0 0 0 0 0 0 0 0 0 0 0 0 0 0 0 0 0 0 0 0 0 0 0 0 0 0 0 0 0 0 0 0 0 0 0 0 6 31 0 10 18 0 18 1 13 27 23 0 6 3 0 18 27 0 11 24 0 0 0 0 0 27 0 0 0 0 0 10 0 0 0 0 0 0 58 0 0 0 0 0 0 0 0 0 0 0 0 0 0 0 0 0 0 0 0 0 0 0 0 0 0 0 0 14 0 0 0 0 0 0 0 0 0 0 0 0 0 0 0 0 2 1 0 2 87 0 11 13 0 0 0 0 0 0 0 0 0 0 0 0 0 0 0 0 0 0 0 0 0 0 14 13 9 0 0 0 0 0 0 0 0 0 0 0 0 
 128 279 612 81 182 213 44 113 289 221 0 50 32 42 76 55 223 136 271 53 2 2 0 0 0 4 1 3 0 2 2 3 145 2 5 5 0 1 145 61 0 0 0 2 4 0 0 0 3 3 5 5 2 0 0 4 67 0 2 0 0 0 5 3 2 0 2 2 6 3 5 8 0 3 3 3 0 3 2 1 2 16 9 14 4 24 7 0 28 20 10 33 11 0 0 7 25 28 0 0 7 0 0 0 0 0 17 10 2 0 0 0 16 14 40 16 0 0 19 0 0 0 0 0 0 0 0 0 0 0 0 0 0 0 0 0 0 0 0 0 0 0 0 0 2 0 0 0 0 0 0 0 0 0 0 0 0 0 0 0 7 0 22 0 0 31 0 0 2 31 35 20 14 11 0 0 16 23 0 0 0 0 11 0 0 0 36 26 0 0 1 0 27 17 14 0 1 0 14 17 0 0 0 0 0 0 0 0 0 0 0 0 0 0 2 0 0 0 0 0 0 0 0 0 0 0 0 0 0 0 0 0 0 0 0 0 0 0 0 0 0 25 0 0 0 3 90 0 1 1 0 11 26 0 0 0 0 0 0 0 0 0 27 0 0 0 0 0 0 0 0 0 0 3 0 25 11 0 0 0 0 0 0 0 0 0 0 0 0 0 
 46 118 131 366 276 62 69 44 54 41 50 0 29 48 160 43 88 63 246 34 76 18 0 2 0 2 75 41 48 0 0 1 136 25 114 78 2 2 139 1 0 0 0 0 1 0 0 0 0 2 0 5 2 59 0 0 3 1 2 0 0 3 0 8 2 0 2 0 0 3 0 0 0 54 3 0 0 3 2 0 0 0 17 0 14 76 0 14 0 0 0 33 1 0 0 0 5 17 0 0 15 12 50 0 0 0 0 17 1 0 16 0 6 40 22 2 0 0 1 29 0 0 0 0 0 0 0 0 16 0 0 0 0 0 0 0 0 0 0 0 0 0 0 0 0 0 0 0 0 0 0 0 0 0 0 0 0 0 0 0 0 0 20 10 24 53 0 0 13 26 0 5 0 1 0 0 0 0 0 2 2 1 26 0 0 0 59 27 18 15 0 0 29 30 15 1 11 9 10 1 0 0 0 0 0 0 0 0 0 0 0 0 0 0 0 0 0 0 4 0 0 0 0 0 0 0 10 0 0 0 0 0 0 0 0 0 0 0 0 0 0 15 0 0 0 0 2 0 2 103 2 6 0 0 0 0 0 0 0 0 0 0 0 0 0 0 0 0 0 0 0 0 0 0 0 0 3 11 0 2 0 0 0 0 0 0 0 0 0 0 
 52 422 160 90 70 244 411 114 201 66 32 29 0 380 183 125 285 135 173 303 75 1 0 2 0 0 2 3 0 0 0 0 0 2 3 3 0 0 3 0 0 0 0 0 0 0 1 0 0 3 0 2 0 0 0 0 3 0 2 0 2 0 2 0 2 0 0 0 0 3 0 0 0 0 3 0 0 44 2 0 39 9 26 4 0 0 26 0 0 43 14 9 20 10 0 0 20 11 49 39 0 0 0 0 0 1 0 0 0 0 0 0 0 0 0 0 2 0 0 0 0 0 2 0 0 8 2 0 0 0 0 0 0 0 0 0 0 0 0 0 0 0 0 0 1 0 0 0 0 0 0 0 0 0 2 0 0 0 0 0 0 9 1 0 0 0 11 9 11 0 12 28 0 17 1 35 53 0 13 11 0 0 0 0 2 0 0 0 0 0 1 0 0 0 0 0 0 0 0 0 0 0 0 0 0 0 0 0 0 0 0 0 0 0 0 0 0 0 0 0 0 0 0 0 0 0 0 0 0 0 0 0 0 0 2 0 0 0 1 0 0 0 0 0 0 2 2 0 88 0 2 10 0 0 0 0 0 0 0 0 0 0 0 0 0 0 0 0 0 0 0 0 0 54 0 0 0 0 0 0 0 0 0 0 0 0 0 0 0 0 
 145 156 174 171 80 42 266 296 469 78 42 48 380 0 415 347 28 94 116 310 0 2 104 0 5 0 1 3 6 2 2 0 3 77 7 9 2 4 5 0 0 3 0 3 7 3 0 0 0 6 3 2 0 0 0 4 9 0 2 0 0 1 3 3 6 3 0 48 0 3 4 2 0 0 15 0 0 5 2 0 15 14 32 28 10 0 11 16 0 32 9 6 0 13 20 0 0 2 4 10 0 2 0 0 0 0 0 0 0 2 0 0 0 0 0 0 0 0 0 0 0 0 1 13 0 0 0 2 0 0 0 0 0 0 0 0 0 0 0 0 0 0 0 0 0 0 0 0 2 0 1 0 0 1 0 0 0 0 0 2 19 0 0 0 0 0 18 14 2 11 0 13 0 61 8 31 13 0 8 0 0 0 0 0 0 9 0 0 0 0 0 0 0 0 0 0 0 0 0 0 0 0 1 0 0 0 0 0 0 0 0 0 0 0 0 0 0 0 0 0 0 0 0 0 0 2 0 18 0 0 0 0 0 0 0 0 0 0 0 0 0 0 0 0 0 1 2 2 3 0 0 0 0 0 0 0 0 0 0 0 0 0 0 0 0 0 0 0 0 0 1 0 0 0 0 0 0 0 0 0 0 0 0 0 0 0 0 0 0 2 
 129 89 177 468 64 134 365 224 109 356 76 160 183 415 0 278 303 32 55 58 0 2 1 2 32 0 1 3 1 0 17 32 0 2 3 3 0 26 3 75 0 0 0 0 0 0 6 0 0 3 0 2 12 21 15 0 3 1 2 29 0 1 48 0 2 0 0 0 0 2 1 5 0 0 3 0 0 3 2 0 0 26 0 59 2 37 0 19 53 37 21 1 30 9 19 0 0 14 0 23 0 0 0 0 0 0 0 1 0 0 0 0 2 0 1 0 0 0 5 22 0 0 0 0 0 0 0 0 0 0 0 0 0 0 0 0 0 0 0 0 15 0 0 0 0 0 1 0 0 0 0 0 0 0 0 0 0 0 0 0 1 0 22 0 0 26 0 0 0 0 10 31 9 2 0 11 0 48 0 2 1 0 0 0 0 0 30 0 15 0 10 0 0 0 0 0 0 0 0 22 0 0 0 6 0 0 0 0 0 0 0 0 0 0 0 0 0 0 1 0 0 0 0 0 0 0 0 0 0 0 0 0 0 0 0 0 0 0 0 0 0 0 0 0 0 3 0 1 4 0 24 5 16 0 0 0 0 22 0 0 0 0 0 0 0 0 0 0 0 0 0 0 0 0 0 16 0 0 0 0 0 0 0 0 0 0 0 0 0 0 
 116 40 57 97 76 55 150 177 332 242 55 43 125 347 278 0 74 77 102 56 5 1 0 0 0 1 2 4 1 0 0 2 0 75 3 3 0 0 3 0 0 0 0 0 0 0 0 0 3 4 0 1 1 0 0 0 3 0 2 51 0 0 0 0 2 0 0 2 0 3 0 0 0 0 11 30 0 3 2 0 26 50 21 14 18 0 3 31 0 14 22 6 15 0 28 10 0 1 7 27 0 0 0 0 0 0 18 0 0 0 0 0 0 0 1 0 0 0 1 0 0 0 0 0 0 0 0 0 0 0 0 0 0 0 0 0 0 0 0 0 0 13 0 0 0 0 0 0 0 0 0 0 0 0 0 0 1 0 2 1 14 19 8 11 0 0 0 10 9 14 0 16 9 25 14 7 15 17 0 8 21 0 0 0 0 0 0 0 0 0 0 0 0 0 0 0 0 0 0 5 0 0 0 0 0 0 0 0 0 0 0 0 0 0 0 0 0 0 1 0 0 0 0 0 0 1 0 0 0 0 0 0 0 0 0 0 0 0 0 0 0 0 0 0 0 0 88 0 2 0 0 8 0 0 0 0 0 0 0 0 0 0 0 0 0 0 0 0 0 0 0 0 0 0 0 14 0 0 0 0 0 0 0 0 0 0 0 0 0 0 
 114 138 143 81 107 121 342 257 156 130 223 88 285 28 303 74 0 169 124 36 0 1 0 0 0 0 2 3 0 0 0 0 0 2 3 3 4 0 5 2 0 0 0 0 0 0 17 0 0 3 0 0 0 0 0 0 3 0 2 4 1 0 0 0 7 0 0 40 0 3 1 3 0 0 3 0 0 3 2 0 0 13 24 42 8 0 0 32 8 16 54 2 13 0 14 20 12 41 0 0 0 0 0 0 0 0 0 0 0 0 0 0 8 0 0 0 0 0 7 9 0 0 0 0 0 0 0 0 0 0 0 0 0 0 0 0 0 0 0 0 0 0 0 0 0 0 0 0 0 0 0 0 0 0 0 0 0 0 0 0 20 21 24 7 0 16 0 0 0 0 30 13 15 0 20 0 15 26 0 10 2 0 0 0 1 0 7 0 0 0 0 1 10 0 0 0 0 0 10 26 0 0 0 2 0 0 0 0 0 0 0 0 0 0 0 0 0 9 0 0 0 0 0 0 0 0 0 0 0 0 0 0 0 0 0 0 0 0 0 0 0 0 0 0 0 0 85 1 93 2 7 12 0 0 0 0 0 0 0 0 0 0 0 21 0 0 0 0 0 0 0 0 0 0 0 18 0 0 0 0 0 0 0 0 0 0 0 0 0 0 
 123 171 291 243 37 125 42 197 82 131 136 63 135 94 32 77 169 0 136 39 3 2 2 4 3 0 3 4 3 0 0 3 74 76 5 3 0 1 3 6 0 5 0 3 2 0 0 0 3 7 3 2 2 0 2 0 6 11 2 3 4 2 0 3 5 0 0 0 0 3 0 0 0 0 3 2 0 3 2 0 50 31 0 49 14 1 16 22 15 46 2 14 20 0 22 26 1 27 0 11 11 1 1 0 0 0 13 0 0 0 0 0 12 0 8 0 0 11 0 0 0 0 0 0 0 0 0 0 0 0 0 0 0 0 0 0 0 0 0 0 0 0 0 0 3 0 0 0 0 0 1 0 0 1 0 0 0 0 0 0 8 5 0 0 9 58 25 26 14 28 20 28 6 30 7 10 61 0 0 24 0 0 0 0 0 0 10 0 0 0 0 0 0 0 0 0 0 0 7 35 0 19 2 0 47 0 0 0 0 2 0 0 0 0 0 0 0 0 0 0 0 0 0 0 0 0 0 0 0 0 0 0 0 0 0 0 0 0 0 17 0 0 0 0 0 0 4 0 0 8 0 4 0 0 0 0 0 0 0 0 0 0 0 0 0 0 0 0 0 0 0 0 0 0 0 0 2 0 0 0 0 0 0 0 10 0 0 0 0 25 
 526 339 38 76 52 57 71 254 80 66 271 246 173 116 55 102 124 136 0 151 0 1 2 0 6 2 0 3 0 0 0 0 1 86 3 3 2 0 9 6 0 0 6 0 0 0 14 0 0 3 0 7 0 4 0 4 3 4 2 0 0 2 0 0 2 0 0 42 0 2 2 0 0 0 3 0 0 9 2 0 10 36 0 13 0 0 7 27 27 13 5 9 10 1 11 25 43 17 14 5 0 0 0 0 0 0 0 0 0 0 0 0 0 0 0 0 0 0 9 0 0 2 0 0 0 0 0 0 0 0 0 0 0 0 0 0 5 0 0 0 0 1 0 0 4 0 0 0 0 0 0 0 0 0 0 0 2 0 0 0 23 0 0 0 10 3 1 2 12 14 15 2 29 9 2 0 16 0 0 0 0 0 0 0 0 0 0 0 0 0 0 0 1 0 0 0 0 0 12 0 0 0 0 0 0 14 0 0 0 0 0 0 0 0 0 0 1 0 0 0 0 0 0 2 0 0 0 0 0 0 0 0 0 0 0 0 0 0 0 0 0 0 0 0 0 0 0 2 0 2 1 17 0 0 2 0 0 0 0 0 0 0 0 0 0 0 0 0 0 0 0 0 0 0 0 0 0 0 0 0 0 0 0 0 0 0 0 0 0 0 
 443 327 32 71 80 99 184 172 67 95 53 34 303 310 58 56 36 39 151 0 0 2 0 1 0 0 1 3 2 0 0 0 1 2 3 3 0 0 3 0 0 0 0 0 0 0 2 0 0 3 0 2 0 0 0 0 3 0 2 0 0 0 0 0 2 0 0 0 0 2 1 0 0 0 3 0 0 3 2 0 34 9 0 2 0 0 15 1 28 0 21 2 28 63 13 10 16 0 38 17 2 0 0 0 0 0 0 0 0 0 1 0 0 0 0 0 0 0 0 0 0 0 0 0 0 0 0 0 0 0 0 5 12 0 2 0 0 0 0 0 0 0 0 0 3 0 0 0 0 0 0 2 0 0 0 0 5 0 0 0 13 9 2 0 0 0 27 37 43 0 0 0 13 0 0 16 1 0 22 0 0 0 1 0 0 0 0 2 0 0 0 0 0 0 0 0 0 0 0 0 0 0 0 0 0 0 0 0 0 0 0 0 0 0 0 0 0 0 0 0 0 0 0 0 0 0 0 0 64 0 0 1 0 0 0 0 0 0 1 0 0 0 0 0 1 2 0 2 0 0 0 11 0 0 0 0 0 0 0 0 0 0 0 0 0 0 0 0 0 0 0 0 0 0 0 0 0 0 0 0 0 0 0 0 0 2 0 0 0 0 
 6 0 0 4 4 2 2 0 1 1 2 76 75 0 0 5 0 3 0 0 0 163 243 45 30 42 158 215 257 194 27 107 73 273 248 204 150 35 29 198 0 2 0 64 10 0 0 0 0 3 2 5 5 0 3 5 0 0 1 0 0 0 0 2 0 0 2 0 3 2 0 54 0 3 3 1 2 0 0 0 0 0 0 0 15 0 0 0 0 0 0 17 0 0 0 0 0 0 0 11 24 30 3 10 0 7 22 20 14 71 10 0 25 0 37 0 26 17 0 8 2 0 0 0 0 0 0 0 0 0 0 0 0 0 0 0 0 2 0 1 0 0 0 0 0 0 0 9 0 0 0 0 0 0 0 0 0 0 0 5 0 0 0 0 15 0 0 0 0 14 0 11 0 2 0 0 0 1 0 0 32 42 6 10 0 18 3 39 14 10 0 0 2 28 14 29 12 8 0 0 0 0 0 0 0 0 3 0 0 0 0 3 0 2 0 0 0 0 0 0 0 0 0 0 0 1 0 0 0 0 0 0 0 0 0 0 0 0 2 0 0 0 23 0 0 0 0 0 0 0 0 1 0 0 11 0 0 0 0 0 2 0 0 0 0 0 19 0 0 0 0 0 0 0 0 0 0 0 0 8 0 7 0 0 0 0 10 0 0 0 
 1 0 1 74 2 12 2 2 2 2 2 18 1 2 2 1 1 2 1 2 163 0 232 405 21 37 307 203 192 108 436 119 107 270 85 132 315 55 30 77 68 4 3 1 4 0 2 2 6 5 3 6 0 2 5 5 0 0 167 2 0 0 0 0 0 0 0 0 3 0 5 0 0 3 3 0 2 0 0 0 9 0 0 0 0 0 0 0 0 0 0 0 0 0 0 0 0 0 0 0 0 0 9 19 19 0 16 0 18 80 10 9 0 0 2 22 14 2 0 38 0 0 0 0 0 0 0 0 0 0 0 0 11 0 0 0 0 0 15 2 0 0 0 0 0 0 0 0 0 4 11 0 0 0 0 5 0 0 0 1 0 0 0 0 0 0 0 0 0 0 0 3 0 1 0 0 0 0 0 0 12 0 24 12 49 13 9 10 47 9 0 0 0 0 0 26 0 23 0 0 0 0 1 0 0 0 18 2 0 0 0 0 0 0 0 0 13 0 0 0 0 0 0 0 0 0 0 0 0 0 0 0 0 0 0 0 0 2 0 0 0 0 0 0 0 0 0 0 0 2 0 0 0 0 6 0 2 79 0 2 0 5 0 0 0 0 0 0 0 0 0 0 0 0 1 0 0 0 0 0 0 0 0 2 0 0 0 0 0 0 
 0 0 0 0 5 0 0 0 0 0 0 0 0 104 1 0 0 2 2 0 243 232 0 389 45 110 291 269 477 244 345 192 412 126 119 128 270 381 282 133 0 2 0 0 3 0 0 0 4 0 2 3 62 89 3 3 0 0 3 0 0 0 0 0 0 0 0 0 3 0 0 0 0 3 3 0 3 0 0 0 0 0 0 0 0 0 0 0 0 0 0 0 0 0 0 0 0 0 0 0 29 11 22 3 16 18 6 1 0 20 3 21 28 9 26 12 52 9 18 11 10 0 0 0 0 0 27 0 0 0 0 0 35 10 0 0 0 0 0 0 0 0 0 0 0 0 0 0 0 3 3 0 0 0 0 0 0 0 0 19 0 0 0 0 21 0 0 7 0 0 0 0 0 0 1 0 0 0 0 0 30 8 2 14 35 32 0 0 8 13 19 21 0 23 11 20 0 0 0 6 30 13 0 0 0 0 19 6 0 0 0 15 0 9 15 9 0 0 0 27 0 0 0 0 0 0 0 0 0 0 0 0 0 0 0 0 0 0 0 0 0 0 0 0 0 2 0 0 0 0 0 0 0 0 4 0 0 4 0 2 18 3 0 0 0 0 0 0 0 0 0 0 0 0 0 0 0 0 0 0 0 0 0 0 0 4 11 0 0 0 
 0 2 0 0 8 7 0 0 0 0 0 2 2 0 2 0 0 4 0 1 45 405 389 0 182 217 104 157 157 122 145 86 47 371 283 120 262 355 188 67 0 2 0 0 3 0 0 0 0 5 4 4 5 0 3 3 0 0 74 0 0 0 0 0 0 0 0 0 3 0 0 0 0 3 3 30 2 0 0 0 0 0 0 0 0 0 0 0 0 0 0 0 0 0 0 0 0 0 0 0 0 8 34 39 19 9 14 10 50 53 9 28 0 8 0 43 2 21 0 2 26 0 0 0 0 0 10 0 0 0 0 0 45 9 0 0 0 0 0 15 0 0 0 0 0 0 0 0 0 4 31 0 0 0 0 0 0 0 0 0 0 27 0 2 0 0 0 0 0 0 0 0 0 0 0 0 0 0 0 0 1 13 10 19 70 33 0 0 10 22 0 24 0 0 0 11 13 16 0 0 9 3 1 0 0 0 18 2 20 0 0 0 0 0 0 0 0 0 12 44 0 0 0 0 0 0 0 0 0 0 0 0 0 0 0 0 0 0 0 0 0 0 0 0 0 0 0 0 0 0 0 0 0 0 5 0 4 11 42 1 17 1 0 0 0 0 0 0 0 0 0 0 0 0 0 0 0 0 0 0 0 0 0 0 0 9 0 0 0 0 
 0 0 0 0 0 0 0 0 0 0 0 0 0 5 32 0 0 3 6 0 30 21 45 182 0 111 50 145 156 98 199 287 67 178 63 85 126 62 70 371 126 2 0 0 3 0 62 63 0 64 2 2 62 20 131 3 62 0 69 10 0 0 1 0 0 0 0 0 3 0 0 0 0 3 3 0 3 0 0 0 34 0 0 0 15 0 0 0 0 0 0 0 0 0 0 0 0 0 0 0 1 1 15 0 13 42 15 11 19 11 12 17 0 0 0 0 0 0 0 0 1 23 15 14 0 0 26 21 10 0 15 12 10 12 2 8 0 31 69 0 0 0 0 14 0 0 0 0 0 0 0 0 0 0 0 0 0 0 0 0 0 0 0 0 0 0 0 0 0 0 0 0 0 0 0 7 0 0 0 0 0 0 0 0 19 0 0 15 0 0 10 21 0 1 0 0 0 0 0 0 15 0 25 32 0 0 15 69 43 1 11 5 28 17 1 0 0 0 0 11 0 0 0 0 0 0 0 0 0 0 0 0 0 0 0 0 0 0 0 0 0 0 0 0 0 0 0 0 0 0 0 0 0 0 3 2 4 153 0 3 5 2 0 0 0 13 13 0 0 0 0 0 0 0 0 0 0 0 0 0 0 0 0 0 7 0 1 0 0 0 
 4 0 0 2 0 0 0 0 0 0 4 2 0 0 0 1 0 0 2 0 42 37 110 217 111 0 42 253 189 105 237 68 39 65 41 67 71 359 126 38 73 2 0 0 3 0 62 62 0 4 2 3 0 0 3 3 0 0 61 0 0 0 0 0 0 0 3 0 42 1 57 0 0 3 3 0 2 0 0 0 0 0 0 0 0 0 0 0 0 0 0 0 0 0 0 0 0 0 0 0 0 5 12 19 31 13 0 0 33 67 12 53 0 12 0 29 0 24 0 0 25 0 0 0 0 0 27 0 0 2 0 0 25 6 0 0 0 0 8 0 0 0 16 0 0 0 0 0 0 3 18 0 0 0 0 0 0 0 0 0 0 11 0 0 1 0 0 0 0 0 16 0 0 2 1 0 0 0 0 0 0 19 0 28 11 0 2 0 0 2 12 30 0 0 0 0 0 14 0 0 26 0 1 0 1 0 28 13 8 0 0 0 14 7 12 1 0 11 36 13 0 0 0 0 0 0 0 0 0 0 0 0 0 0 0 0 0 0 0 18 0 0 1 0 0 2 0 0 0 0 0 0 0 0 6 0 1 0 147 1 27 0 0 0 0 0 0 0 0 0 0 0 0 0 0 0 0 0 0 0 0 0 0 0 0 0 0 0 0 0 
 2 2 2 2 7 77 0 3 1 74 1 75 2 1 1 2 2 3 0 1 158 307 291 104 50 42 0 130 79 32 126 37 105 74 259 393 104 73 449 142 0 2 0 0 5 2 0 0 0 3 4 4 2 0 3 3 2 2 2 0 0 0 0 0 0 29 0 0 3 0 0 0 0 3 3 0 3 50 0 0 1 10 0 0 19 12 2 0 0 0 0 57 0 2 0 0 0 0 13 0 12 9 11 0 0 0 1 39 38 0 0 0 0 24 10 16 0 13 20 14 0 0 0 0 0 0 1 0 0 0 0 0 1 0 0 0 0 0 0 0 0 0 0 0 0 0 0 0 1 0 0 0 2 0 0 0 0 0 0 0 0 0 8 0 0 1 5 0 4 0 0 6 0 0 10 0 1 1 0 0 11 17 30 0 0 0 23 20 15 0 19 0 10 9 40 0 17 11 0 0 0 0 0 0 0 5 0 0 0 0 0 0 0 0 2 0 0 0 2 0 2 0 0 0 0 0 0 0 2 0 0 0 0 0 0 0 11 0 0 1 0 0 0 0 0 0 97 0 0 1 0 0 0 0 9 0 0 2 0 0 3 0 22 0 0 0 0 2 0 0 0 0 0 0 0 0 0 10 0 9 0 4 0 16 0 0 0 0 0 0 
 3 3 3 78 3 78 5 3 6 3 3 41 3 3 3 4 3 4 3 3 215 203 269 157 145 253 130 0 164 172 122 113 172 240 108 516 302 494 62 204 0 2 0 0 3 0 0 0 29 3 2 4 2 0 3 3 0 0 2 0 0 0 0 0 0 0 0 0 3 0 0 0 0 3 3 0 2 0 0 0 0 0 0 0 0 0 0 0 0 0 0 0 0 0 0 0 0 0 0 0 6 0 22 0 0 0 32 1 1 8 0 0 12 9 13 0 1 1 18 26 1 0 0 0 0 0 0 0 0 0 0 0 0 0 0 0 0 0 0 1 0 0 0 0 0 0 0 0 0 0 0 0 0 0 0 0 0 0 0 33 0 0 0 0 12 0 0 0 0 0 0 2 0 0 0 0 0 0 0 0 14 20 42 0 25 12 9 41 21 22 18 16 10 15 44 15 0 15 0 0 0 0 0 0 0 0 0 0 0 0 2 0 0 0 0 0 0 0 0 18 0 12 0 0 0 2 0 0 0 0 0 0 0 0 0 0 0 0 0 0 0 0 0 0 0 0 0 0 0 0 0 1 0 0 6 2 0 0 0 0 2 0 0 0 0 0 13 2 0 0 0 0 0 0 0 0 0 0 0 0 0 10 0 0 0 4 11 0 0 0 
 0 0 0 1 3 0 0 0 0 0 0 48 0 6 1 1 0 3 0 2 257 192 477 157 156 189 79 164 0 406 265 129 246 116 81 365 355 156 200 191 0 2 6 4 3 0 41 2 3 6 5 6 3 0 3 3 0 3 4 1 7 0 0 0 1 0 0 0 4 0 0 1 2 3 3 0 5 0 0 0 0 0 0 0 0 0 0 0 0 0 0 0 0 0 0 0 0 0 0 0 35 12 14 19 21 47 1 2 3 0 25 21 20 0 23 1 15 1 0 36 10 1 0 0 1 0 0 0 0 0 0 0 1 0 0 0 0 0 1 0 0 0 0 0 0 0 2 0 0 0 0 0 0 0 0 0 0 0 0 0 0 0 2 0 39 0 6 0 29 0 0 4 0 0 0 0 0 0 0 3 21 12 20 1 0 41 0 9 14 8 27 0 1 20 12 20 0 11 0 0 13 0 0 0 0 0 14 28 13 0 0 0 0 13 0 15 0 0 0 1 0 0 0 0 12 0 0 0 0 0 0 18 0 11 0 2 0 0 0 0 0 0 1 0 0 0 0 0 0 0 0 0 0 0 15 2 1 13 0 2 1 2 0 0 0 70 0 0 0 0 0 0 2 0 0 0 0 2 0 0 0 0 0 0 0 0 11 0 0 0 
 0 0 0 0 4 0 0 0 0 0 2 0 0 2 0 0 0 0 0 0 194 108 244 122 98 105 32 172 406 0 157 139 211 108 141 242 274 117 306 166 63 2 0 207 3 0 84 70 6 3 2 4 0 0 3 3 0 0 1 0 0 0 0 0 0 0 0 0 3 0 0 0 0 3 3 0 2 0 0 0 0 0 1 0 0 0 0 0 0 0 0 0 0 0 2 0 0 1 2 0 12 19 25 0 12 30 1 0 0 1 5 29 17 0 27 10 12 1 17 10 14 0 0 1 0 0 13 0 0 0 0 0 12 9 1 1 0 0 0 1 0 0 0 0 0 0 0 0 0 0 0 0 0 0 0 0 0 0 0 3 0 8 0 0 10 0 0 0 0 0 0 8 0 1 0 0 0 0 0 0 15 38 2 19 0 15 0 12 27 9 9 18 0 32 8 29 0 0 1 0 16 20 0 0 0 0 0 12 7 0 0 0 1 0 0 0 0 1 1 20 0 0 2 0 0 0 0 1 0 0 0 0 0 0 16 0 2 0 0 0 0 0 0 0 0 0 0 0 0 0 0 0 0 0 8 3 0 1 1 1 11 0 0 0 0 0 0 0 0 0 0 0 0 0 0 0 0 0 0 0 0 19 0 0 0 0 10 0 0 0 
 0 0 0 0 0 0 0 1 0 0 2 0 0 2 17 0 0 0 0 0 27 436 345 145 199 237 126 122 265 157 0 150 49 44 76 86 126 566 33 60 22 2 0 0 4 0 1 25 0 9 2 4 83 88 25 3 0 0 1 63 0 0 0 0 0 0 6 0 3 1 0 0 0 3 3 0 2 0 1 0 0 0 0 0 0 0 0 0 0 0 0 0 0 0 0 0 0 0 0 0 0 0 0 20 13 9 0 9 12 5 1 30 0 0 0 0 0 16 0 0 39 0 1 0 0 0 29 11 0 0 0 0 13 31 20 0 0 0 44 24 0 0 0 0 0 0 0 0 0 0 0 0 0 0 0 0 9 0 0 1 0 0 0 0 7 0 0 0 0 0 0 2 0 0 0 0 0 0 0 0 0 0 0 1 19 13 0 0 0 0 18 9 0 0 0 0 0 12 0 0 35 25 16 0 0 0 61 30 19 0 0 0 20 35 37 9 2 18 51 47 0 0 0 0 0 0 0 0 0 0 0 0 0 0 0 0 0 2 0 0 0 0 0 0 0 0 0 0 0 0 0 0 0 0 3 2 4 38 74 0 2 2 0 50 0 1 0 0 0 0 0 0 0 0 0 0 0 0 0 0 0 0 0 1 0 4 0 0 0 0 
 0 0 0 0 5 5 0 0 0 0 3 1 0 0 32 2 0 3 0 0 107 119 192 86 287 68 37 113 129 139 150 0 34 120 199 260 152 249 32 243 0 2 0 0 3 0 0 0 0 3 2 3 128 24 108 4 0 0 8 16 0 0 0 0 0 0 0 0 3 108 0 0 0 3 3 0 3 0 0 0 0 0 0 0 0 0 0 0 0 0 0 0 0 0 0 0 0 0 0 0 0 14 17 16 11 40 23 0 21 40 11 0 1 27 13 53 47 53 0 0 2 10 0 0 0 0 12 11 12 0 0 0 29 1 0 0 0 2 0 0 0 0 0 8 0 0 0 0 0 0 0 0 0 9 0 0 0 0 0 0 0 0 0 0 0 0 0 0 1 0 0 0 0 0 0 0 0 0 0 0 31 13 10 31 8 41 0 0 10 22 35 7 2 28 13 56 36 11 14 0 0 0 9 0 0 0 0 13 2 0 2 0 35 2 0 0 0 0 10 38 0 0 0 0 0 2 0 0 0 0 0 0 0 0 12 0 0 0 2 0 0 0 22 0 0 0 0 0 0 0 0 0 0 0 14 4 0 76 79 0 3 1 0 0 0 0 0 0 0 0 0 0 0 0 0 0 0 0 0 0 0 0 0 0 0 9 0 0 0 0 
 0 0 80 1 150 1 0 0 1 32 145 136 0 3 0 0 0 74 1 1 73 107 412 47 67 39 105 172 246 211 49 34 0 78 47 331 36 255 110 159 0 2 0 0 68 0 0 1 4 3 3 2 0 0 3 3 0 0 0 1 0 0 0 41 0 0 0 0 3 0 0 0 0 3 3 0 2 0 0 0 0 0 0 0 0 10 0 0 0 11 0 0 14 0 0 0 0 10 0 0 53 1 0 0 0 0 24 0 1 0 18 0 31 0 48 11 0 0 1 20 0 0 0 0 0 0 0 0 0 0 0 1 0 0 0 0 9 0 0 0 0 0 0 0 0 0 2 0 0 0 0 0 0 0 0 0 0 15 0 14 0 0 0 0 18 11 0 0 0 12 0 0 0 2 0 0 0 0 13 0 19 10 0 0 0 20 6 13 14 12 0 0 33 16 32 17 2 0 0 19 0 0 0 0 0 0 0 0 0 0 0 0 0 0 0 0 0 0 0 0 0 0 0 0 0 16 0 0 0 0 0 0 0 0 0 0 0 0 0 0 0 0 0 0 0 0 0 0 0 74 0 0 0 0 3 2 0 0 0 0 1 0 0 0 0 0 0 0 0 0 0 0 0 0 0 0 24 0 0 0 0 1 0 0 0 0 0 0 0 0 
 2 93 9 85 5 9 3 3 77 4 2 25 2 77 2 75 2 76 86 2 273 270 126 371 178 65 74 240 116 108 44 120 78 0 254 409 407 254 106 308 0 2 0 1 3 0 0 0 0 4 4 4 0 0 6 3 0 5 3 0 0 0 0 0 5 0 0 0 3 0 0 0 0 3 3 0 2 0 0 0 11 11 0 0 0 0 0 26 0 0 0 0 1 0 9 7 0 5 0 0 20 19 11 3 0 8 17 10 21 9 12 0 31 0 48 0 15 34 0 11 0 0 0 0 0 0 0 0 0 0 0 0 0 0 0 0 0 0 20 13 0 0 0 0 0 0 0 0 0 0 18 0 6 0 2 0 0 0 0 0 0 0 0 0 0 21 0 0 1 0 0 3 1 8 2 0 7 0 0 0 0 0 20 12 29 0 29 32 0 60 0 11 0 32 0 25 0 7 0 1 0 0 0 0 0 0 0 0 0 0 0 0 0 0 0 0 0 0 7 0 0 0 0 0 0 0 0 0 0 0 3 0 0 0 0 0 0 0 0 0 0 0 16 0 0 0 0 2 0 1 0 0 0 0 8 0 6 1 0 1 4 15 0 0 0 0 23 0 0 0 0 0 0 0 0 0 0 0 0 0 0 0 0 0 0 0 9 0 0 0 
 4 4 3 78 86 3 3 3 6 3 5 114 3 7 3 3 3 5 3 3 248 85 119 283 63 41 259 108 81 141 76 199 47 254 0 276 284 277 187 138 0 2 0 0 3 0 0 0 0 6 2 6 2 0 3 3 0 0 1 0 0 0 0 3 0 0 1 0 3 2 0 2 0 3 3 0 2 1 0 0 0 0 0 0 9 10 0 0 0 0 0 12 0 0 0 0 0 0 0 0 0 13 18 0 0 17 3 2 2 20 25 0 10 21 13 10 14 13 19 26 0 0 0 0 0 0 0 2 0 0 0 0 0 0 0 0 0 0 0 1 2 0 0 0 0 0 0 0 0 0 0 0 0 0 0 0 0 0 0 24 0 0 0 7 0 0 0 0 0 0 0 2 0 0 0 0 0 0 0 0 25 13 42 11 21 0 9 31 39 25 0 15 16 29 0 9 1 31 2 0 0 0 0 0 0 0 0 0 1 0 0 0 0 0 0 0 0 0 7 18 0 0 0 0 0 0 0 0 0 0 0 0 0 0 0 0 0 0 0 0 0 0 8 0 0 0 0 0 0 15 0 0 0 0 11 0 0 1 1 0 3 0 0 0 0 0 0 0 0 0 0 0 0 0 0 0 0 0 0 0 0 10 0 0 0 3 0 0 0 0 
 4 3 3 9 78 4 3 3 6 3 5 78 3 9 3 3 3 3 3 3 204 132 128 120 85 67 393 516 365 242 86 260 331 409 276 0 159 30 23 567 0 2 3 0 2 0 0 62 12 2 2 5 3 0 3 3 0 3 1 0 2 2 3 4 1 0 2 2 5 1 2 0 0 4 3 1 4 5 27 1 0 0 0 0 39 17 0 0 0 0 0 24 0 0 0 0 12 0 0 0 1 12 16 10 0 14 32 78 37 11 0 0 0 3 2 0 11 14 0 28 0 0 0 0 0 0 0 0 0 0 0 0 0 0 0 0 0 0 0 0 0 16 0 0 0 0 0 0 0 0 0 0 0 0 0 0 0 24 0 21 0 0 0 0 0 0 0 0 0 0 0 4 0 2 2 0 0 0 0 0 53 29 24 0 8 12 0 20 9 0 0 24 0 0 0 18 15 14 0 0 0 0 0 0 2 0 0 0 0 0 0 0 0 0 0 0 0 0 0 0 0 0 0 0 0 0 0 0 0 0 0 0 0 0 0 0 0 0 0 0 0 0 0 0 0 1 2 0 0 0 0 0 0 0 8 0 2 72 0 0 1 1 0 0 0 0 13 0 0 0 0 0 0 0 0 0 0 0 0 19 0 9 0 0 0 0 1 0 0 0 
 0 0 3 0 77 5 0 0 0 0 0 2 0 2 0 0 4 0 2 0 150 315 270 262 126 71 104 302 355 274 126 152 36 407 284 159 0 455 160 188 0 2 0 0 3 0 0 0 0 2 2 3 0 0 5 3 0 0 41 0 0 0 0 0 0 0 0 0 3 0 0 0 2 3 3 0 2 0 8 0 0 0 0 0 0 0 0 0 0 0 0 0 0 0 0 0 0 0 0 0 6 14 30 17 2 4 31 10 31 33 9 0 18 33 26 59 45 0 1 2 0 0 0 0 0 0 0 0 0 0 0 0 10 0 0 0 0 0 0 0 0 15 0 0 0 0 0 0 0 0 0 0 0 0 0 0 0 0 0 6 0 0 0 0 12 0 11 0 25 0 0 0 0 1 18 0 0 0 0 0 55 19 10 19 8 32 0 11 29 21 13 17 0 10 12 29 4 0 0 0 0 0 0 0 2 0 0 0 0 0 0 0 0 0 0 0 0 0 11 13 0 0 0 0 0 0 0 0 0 0 0 0 0 0 0 0 0 0 0 0 0 0 26 0 0 2 0 0 0 0 0 0 0 0 12 0 4 1 1 1 1 0 0 0 0 0 13 0 0 0 0 0 0 0 0 0 0 17 0 0 0 8 0 0 0 8 11 0 0 0 
 0 0 0 0 1 0 0 0 0 0 1 2 0 4 26 0 0 1 0 0 35 55 381 355 62 359 73 494 156 117 566 249 255 254 277 30 455 0 34 41 0 2 0 0 3 0 0 0 3 9 69 3 140 63 71 3 2 3 4 0 0 0 0 0 0 0 1 2 3 3 0 0 0 3 6 0 2 0 0 0 0 0 0 0 0 0 0 0 0 0 0 0 0 0 0 8 0 0 0 0 0 0 24 35 50 15 10 0 14 36 29 72 0 15 0 15 18 13 18 0 10 0 0 0 0 0 15 0 0 0 0 1 45 5 23 0 0 1 13 0 0 8 0 0 0 0 0 0 0 0 0 0 0 0 0 0 0 0 0 0 0 3 0 0 6 0 0 1 0 0 0 0 0 2 0 0 14 0 1 0 14 6 0 49 30 17 0 0 10 14 23 41 1 0 0 10 16 45 0 0 41 16 13 1 0 0 0 21 0 0 2 0 1 12 20 6 0 0 1 77 0 0 0 0 0 2 0 0 0 0 0 0 0 0 0 0 0 0 1 0 0 0 0 0 0 0 0 0 0 0 0 1 0 0 1 5 6 150 5 0 13 0 0 0 0 0 0 0 0 0 0 0 0 0 0 0 0 0 0 0 0 0 0 0 0 5 0 0 0 0 
 3 3 80 3 82 77 3 5 3 3 145 139 3 5 3 3 5 3 9 3 29 30 282 188 70 126 449 62 200 306 33 32 110 106 187 23 160 34 0 92 0 4 0 0 3 0 0 0 0 3 2 3 0 0 3 3 0 0 2 0 0 0 0 6 0 0 0 0 3 0 0 0 41 3 3 0 3 0 0 0 0 0 0 0 19 66 0 0 0 0 8 9 0 0 0 0 27 0 0 0 26 0 23 11 0 0 0 28 57 0 0 0 0 59 23 10 12 1 8 10 0 0 0 0 0 0 0 0 0 0 0 0 0 0 0 0 0 0 0 0 0 0 0 0 0 0 0 0 0 0 0 0 0 0 0 0 0 0 0 2 0 0 1 12 11 8 19 0 13 13 0 3 0 2 0 0 0 0 0 0 21 10 22 0 2 0 27 13 17 0 22 0 14 21 21 3 29 10 11 0 0 0 0 0 0 2 0 0 0 0 0 0 0 0 0 0 0 0 1 0 0 0 0 0 0 0 0 0 0 0 0 0 0 0 0 0 0 1 0 0 0 0 0 0 0 0 35 0 0 77 0 0 0 0 10 0 2 0 1 1 2 0 17 0 0 0 0 0 0 0 0 1 0 0 0 0 11 0 0 0 0 13 0 1 0 0 0 0 0 0 
 0 0 9 0 44 75 0 0 0 73 61 1 0 0 75 0 2 6 6 0 198 77 133 67 371 38 142 204 191 166 60 243 159 308 138 567 188 41 92 0 0 3 2 3 3 0 3 2 7 5 4 6 0 0 6 6 0 0 0 0 0 7 0 0 2 0 0 0 3 0 3 4 0 3 3 0 4 3 0 0 0 0 0 0 2 0 2 0 0 9 0 1 0 0 0 0 0 0 0 1 20 9 1 1 22 0 65 16 20 0 0 0 11 10 3 0 7 1 23 20 0 0 0 0 0 0 1 0 0 0 0 0 1 0 0 0 0 0 2 17 9 0 9 0 0 0 0 0 0 0 0 1 2 0 0 0 0 0 0 1 0 0 0 0 9 0 0 0 0 0 0 0 0 2 0 0 0 0 0 0 30 69 0 0 16 29 0 0 14 0 0 1 12 0 2 8 20 9 0 0 0 0 0 0 0 0 0 0 0 0 0 0 0 0 2 0 0 0 0 0 1 0 0 0 0 0 0 0 0 0 0 0 0 0 0 0 0 0 0 0 0 0 0 0 0 0 17 0 0 1 0 0 0 0 10 2 3 2 0 2 0 0 0 0 0 16 19 0 0 0 0 0 0 0 0 0 9 0 0 15 0 9 0 0 0 0 9 0 0 0 
 0 0 0 0 3 0 0 0 0 0 0 0 0 0 0 0 0 0 0 0 0 68 0 0 126 73 0 0 0 63 22 0 0 0 0 0 0 0 0 0 0 123 102 108 90 36 149 118 96 53 253 129 81 61 354 103 40 68 85 51 0 0 6 0 4 3 58 0 0 2 0 0 0 0 0 3 0 0 14 0 0 0 0 0 0 0 0 0 0 0 0 0 0 0 0 0 0 0 0 0 0 0 0 0 0 1 0 0 0 0 19 15 0 0 0 0 0 0 0 0 22 2 0 15 0 12 0 1 0 8 1 9 22 10 54 60 0 20 16 0 4 16 0 13 0 0 0 0 0 3 3 0 0 0 0 0 0 0 0 0 0 0 0 0 0 0 0 0 0 0 0 0 0 0 4 0 0 5 6 0 0 0 0 0 14 0 0 0 0 0 1 0 0 0 0 0 0 0 0 0 19 8 6 9 0 0 20 35 40 15 41 13 28 9 36 2 34 26 20 0 6 0 0 0 0 0 0 0 2 10 0 0 0 0 0 0 0 0 10 20 0 0 0 0 0 0 0 0 0 0 0 3 0 0 0 0 0 0 0 0 0 0 0 0 0 2 2 0 0 0 3 0 0 0 0 4 0 0 0 0 0 0 0 0 5 25 0 0 0 0 
 0 0 3 0 6 0 0 0 3 0 0 0 0 3 0 0 0 5 0 0 2 4 2 2 2 2 2 2 2 2 2 2 2 2 2 2 2 2 4 3 123 0 195 72 109 56 224 233 68 38 62 105 288 102 172 110 194 44 248 115 3 9 5 3 0 3 56 6 0 3 0 3 29 0 5 0 2 2 5 0 0 0 0 0 0 0 0 0 0 0 0 0 0 0 0 0 0 0 0 0 0 0 0 0 0 0 0 0 0 0 0 0 0 0 0 0 0 0 0 0 30 10 18 32 1 47 19 0 19 24 47 13 9 2 35 10 24 10 8 0 11 0 6 0 0 1 0 25 1 0 0 0 13 0 0 2 0 0 1 10 0 0 0 0 0 0 0 0 0 0 0 0 0 0 0 0 0 0 0 0 0 0 0 0 0 12 0 0 0 0 0 0 0 0 0 0 0 0 0 0 49 1 30 40 0 10 0 0 1 11 14 40 4 0 35 14 41 11 0 0 2 4 0 0 7 7 0 0 0 0 0 0 5 11 10 17 3 0 1 0 0 0 0 0 0 0 1 0 0 0 0 20 0 0 0 0 2 0 0 9 0 0 2 0 66 2 0 0 0 0 0 0 0 0 0 0 0 0 0 0 0 0 0 0 0 6 0 0 0 0 
 0 0 0 0 0 0 0 0 0 0 0 0 0 0 0 0 0 0 6 0 0 3 0 0 0 0 0 0 6 0 0 0 0 0 0 3 0 0 0 2 102 195 0 83 54 97 139 92 647 177 148 111 50 98 72 189 51 111 41 313 51 0 0 0 51 5 0 0 10 2 0 5 51 0 0 11 24 5 26 0 0 0 0 0 0 0 0 0 0 0 0 0 0 0 0 0 0 0 0 0 0 0 0 0 0 0 10 0 0 0 0 0 0 0 0 0 0 0 0 0 19 1 45 27 10 9 0 9 0 14 10 0 9 0 13 10 0 12 8 15 0 4 0 4 0 0 0 0 0 0 7 0 0 0 0 0 0 19 12 28 0 0 0 0 0 0 0 4 0 0 0 0 0 0 11 0 0 3 3 0 0 0 0 0 0 0 0 0 0 0 0 0 0 0 0 0 0 0 0 0 48 0 7 0 8 7 0 12 2 17 15 7 4 0 17 27 8 25 0 0 0 0 0 0 0 0 0 6 0 0 0 0 10 10 0 0 0 0 3 9 0 0 0 0 0 0 0 0 0 0 0 13 0 0 0 0 0 0 0 1 0 0 64 66 0 4 2 0 1 0 21 0 0 0 0 0 0 0 0 0 0 0 0 0 15 6 0 0 0 0 
 0 0 1 0 4 0 0 0 0 0 2 0 0 3 0 0 0 3 0 0 64 1 0 0 0 0 0 0 4 207 0 0 0 1 0 0 0 0 0 3 108 72 83 0 183 90 83 84 59 96 76 329 269 59 352 129 345 191 62 77 3 0 5 74 0 0 10 27 5 15 12 0 0 0 3 11 0 0 101 54 0 0 0 0 16 0 0 0 0 0 0 0 0 0 4 0 0 0 0 10 0 0 0 0 0 0 0 0 0 0 0 0 0 0 0 0 0 0 0 0 0 0 0 0 29 1 0 0 0 1 26 31 0 1 0 9 2 4 0 0 18 0 19 0 3 3 17 38 23 0 0 0 0 17 12 14 6 18 10 4 0 0 0 2 0 0 0 0 0 0 2 0 1 0 0 0 0 0 0 9 0 0 0 0 0 0 0 0 0 0 0 20 0 0 0 0 0 0 0 0 0 59 0 13 11 9 0 0 0 9 0 2 0 0 21 0 7 11 0 0 25 0 6 11 17 4 0 19 6 10 0 0 26 5 0 0 36 8 19 34 0 0 0 0 0 0 0 0 0 0 0 7 0 0 0 1 0 0 0 11 0 0 1 0 0 2 16 0 2 0 10 0 0 0 0 1 0 0 0 0 0 0 0 0 14 13 0 10 1 8 
 3 0 0 3 0 0 0 0 31 0 4 1 0 7 0 0 0 2 0 0 10 4 3 3 3 3 5 3 3 3 4 3 68 3 3 2 3 3 3 3 90 109 54 183 0 261 121 159 63 141 98 476 274 66 169 153 50 74 91 477 0 0 2 59 0 0 24 0 2 0 0 0 64 15 51 41 0 0 67 57 0 0 6 0 0 0 0 0 0 0 0 0 0 0 0 0 0 0 0 0 0 0 0 0 0 0 0 8 0 0 0 0 0 0 0 0 0 0 0 0 0 14 1 9 16 9 0 0 23 38 21 9 0 0 32 4 55 0 0 0 21 11 0 0 0 0 65 22 13 0 1 0 8 3 0 14 0 0 1 19 0 0 0 1 0 0 0 1 0 0 0 0 1 0 0 0 0 0 0 0 0 0 0 0 0 0 0 0 0 0 0 0 0 0 8 0 0 0 0 0 0 13 15 32 0 10 0 10 8 0 0 21 0 0 21 0 31 2 0 11 13 19 0 0 0 0 44 18 0 0 0 0 0 2 0 0 33 0 36 8 0 0 8 0 0 0 0 0 0 0 0 9 0 0 0 0 0 0 0 11 0 0 2 52 0 4 0 1 0 0 6 0 0 0 0 0 0 9 0 0 0 0 0 0 13 0 0 0 2 0 
 0 0 0 0 0 0 0 0 0 0 0 0 0 3 0 0 0 0 0 0 0 0 0 0 0 0 2 0 0 0 0 0 0 0 0 0 0 0 0 0 36 56 97 90 261 0 47 120 57 38 296 57 22 37 72 87 92 92 47 69 0 10 4 0 0 0 91 6 105 22 0 0 40 66 59 34 51 0 58 107 0 0 0 0 0 0 0 0 0 0 0 0 0 0 0 0 0 0 0 0 0 0 0 0 0 0 0 0 0 0 0 0 0 0 0 0 0 0 0 0 0 0 0 16 14 21 0 0 13 19 0 12 0 0 0 0 7 0 0 0 11 10 18 0 0 3 12 29 41 0 1 0 10 0 4 53 6 0 12 10 0 0 0 8 0 0 0 0 0 0 0 0 0 0 0 0 0 0 0 0 0 0 0 0 0 0 0 0 0 0 0 0 0 0 0 0 0 0 0 0 0 0 0 0 47 1 0 0 0 14 0 16 0 0 0 0 15 0 0 0 22 24 0 0 8 0 25 11 0 0 0 0 28 12 18 7 36 0 0 8 0 0 0 0 0 0 0 0 0 0 0 3 0 0 0 0 0 0 0 3 0 0 1 0 0 1 0 4 0 0 2 0 0 0 0 0 0 0 0 0 0 0 0 0 0 0 0 0 2 0 
 1 4 0 0 0 0 1 2 12 0 0 0 1 0 6 0 17 0 14 2 0 2 0 0 62 62 0 0 41 84 1 0 0 0 0 0 0 0 0 3 149 224 139 83 121 47 0 106 58 38 165 45 80 71 45 34 262 104 55 56 1 3 0 0 2 0 3 2 5 2 0 0 201 12 0 1 0 0 11 4 0 0 0 3 0 0 0 0 3 0 20 0 2 0 0 0 0 0 0 0 0 0 0 0 6 20 0 0 0 0 9 15 0 0 0 0 0 0 0 0 15 0 1 18 0 9 0 12 0 5 0 0 11 6 26 28 10 9 11 8 0 0 0 0 0 0 0 0 0 0 0 0 0 0 0 0 0 0 0 0 1 0 0 0 0 0 1 0 0 0 0 0 0 0 9 0 0 8 0 0 0 0 0 0 0 0 0 0 0 0 2 0 0 0 0 0 0 0 0 0 19 0 0 7 0 0 0 0 37 0 21 7 22 3 19 3 28 25 0 0 10 0 0 0 0 0 0 0 0 0 0 0 0 0 0 0 0 0 10 0 0 0 0 0 0 0 0 0 0 0 0 16 0 1 0 0 0 1 0 0 0 0 0 0 0 1 0 0 0 0 0 0 0 0 0 0 0 0 0 0 0 0 0 0 9 31 0 0 0 0 
 0 0 0 0 2 0 0 0 2 0 0 0 0 0 0 0 0 0 0 0 0 2 0 0 63 62 0 0 2 70 25 0 1 0 0 62 0 0 0 2 118 233 92 84 159 120 106 0 125 82 31 481 112 132 348 88 316 38 88 45 0 0 2 0 0 0 0 0 5 0 2 0 51 0 0 0 0 0 54 0 0 0 0 0 0 0 0 0 0 0 0 0 0 0 0 0 14 0 0 0 0 0 0 0 0 0 0 0 0 0 0 14 0 0 0 0 0 1 0 0 20 27 11 40 8 28 0 2 39 8 0 0 15 36 40 24 36 10 0 4 8 0 0 5 10 0 18 20 9 0 0 0 6 8 9 0 0 0 2 19 0 0 0 1 0 0 0 0 0 0 0 0 1 0 0 0 0 0 0 0 0 0 0 0 14 6 0 0 0 0 0 0 0 0 18 0 0 0 0 0 0 34 1 11 0 13 20 15 29 11 0 9 10 0 0 0 24 1 24 0 0 0 0 0 0 0 9 0 0 0 0 0 0 0 0 0 0 0 14 0 0 0 1 0 0 0 0 0 0 0 0 3 0 0 0 0 0 0 0 12 0 0 2 1 2 2 0 0 67 0 0 0 0 0 0 0 0 0 0 0 0 0 0 0 0 0 0 0 0 0 
 0 0 0 0 0 0 0 0 0 0 3 0 0 0 0 3 0 3 0 0 0 6 4 0 0 0 0 29 3 6 0 0 4 0 0 12 0 3 0 7 96 68 647 59 63 57 58 125 0 743 381 39 178 90 95 67 225 98 188 163 0 0 2 0 0 0 0 4 0 1 5 0 0 0 0 0 0 0 0 0 0 0 0 1 0 0 0 0 0 0 0 0 0 0 0 0 0 0 0 0 0 0 0 0 0 1 9 0 0 0 0 0 0 0 2 0 2 0 0 5 20 17 104 33 0 1 0 24 7 14 4 0 19 2 40 10 0 64 0 36 1 0 0 3 8 0 0 0 0 0 0 0 0 1 0 0 0 0 8 21 0 0 0 0 0 0 0 6 0 0 0 0 0 0 13 1 0 6 4 0 2 0 0 0 0 22 0 0 0 0 0 0 0 0 23 29 0 0 0 0 0 0 3 0 31 18 0 56 28 26 14 7 0 0 0 9 0 30 0 0 1 0 0 0 0 0 0 0 0 0 0 0 13 0 0 0 0 0 10 0 0 0 0 0 0 0 0 0 0 0 0 12 0 2 0 0 0 0 0 0 0 0 0 2 0 2 2 78 2 0 0 0 0 0 0 0 0 0 0 0 0 0 0 0 0 0 0 0 0 0 
 3 3 3 3 3 4 3 4 3 3 3 2 3 6 3 4 3 7 3 3 3 5 0 5 64 4 3 3 6 3 9 3 3 4 6 2 2 9 3 5 53 38 177 96 141 38 38 82 743 0 196 108 76 50 124 383 74 49 126 297 55 1 1 0 0 1 2 0 4 0 5 0 54 57 3 2 0 1 50 34 0 0 0 1 0 0 0 0 0 0 0 0 0 0 0 0 0 0 0 0 0 1 0 4 0 0 0 0 4 3 21 1 0 1 0 0 1 5 0 0 0 15 13 16 8 0 17 1 1 12 0 0 1 0 0 19 9 14 7 0 19 7 0 0 0 6 14 6 0 0 0 0 0 8 0 0 0 0 0 5 0 0 0 0 0 0 0 0 0 0 0 0 0 0 6 0 9 5 6 0 0 0 0 0 15 0 0 0 0 1 0 5 0 0 0 0 0 5 0 0 0 19 6 15 22 13 1 24 20 32 36 16 0 8 0 0 0 1 8 2 0 0 0 0 0 0 36 1 0 0 0 0 17 18 32 0 0 0 12 0 0 0 2 0 9 0 0 0 0 0 0 6 0 1 0 0 0 0 4 2 0 0 43 2 0 1 5 0 0 0 20 0 0 0 0 0 0 0 0 0 0 0 0 0 11 0 0 0 0 0 
 0 0 0 0 0 2 0 0 0 0 5 0 0 3 0 0 0 3 0 0 2 3 2 4 2 2 4 2 5 2 2 2 3 4 2 2 2 69 2 4 253 62 148 76 98 296 165 31 381 196 0 139 64 54 292 154 137 200 307 159 60 0 2 2 0 0 0 0 0 0 0 0 30 0 0 0 0 0 21 0 0 0 0 0 0 0 0 0 0 0 0 0 0 0 0 0 0 0 0 0 0 0 0 0 0 0 0 0 0 0 0 0 0 0 0 0 0 0 0 0 1 9 28 0 46 20 0 30 13 51 54 0 0 0 11 0 0 14 0 18 0 7 0 0 8 0 0 0 0 0 0 0 0 8 0 0 0 0 25 0 0 0 0 0 0 0 0 1 0 0 0 0 0 0 1 0 0 0 0 0 0 0 0 0 0 0 0 0 0 0 0 0 0 0 0 0 0 0 0 0 0 0 16 0 19 38 0 9 13 0 72 0 0 0 10 51 23 10 0 0 0 0 0 0 0 0 11 9 0 0 0 0 28 31 1 0 0 0 27 11 0 0 6 0 0 0 0 0 0 0 0 13 0 2 0 0 0 0 0 7 0 0 79 3 0 3 0 35 0 0 20 0 0 3 0 0 0 0 0 0 0 5 0 0 0 0 0 0 0 0 
 3 2 1 3 1 4 2 2 3 0 5 5 2 2 2 1 0 2 7 2 5 6 3 4 2 3 4 4 6 4 4 3 2 4 6 5 3 3 3 6 129 105 111 329 476 57 45 481 39 108 139 0 101 303 48 60 77 378 37 30 1 0 16 0 4 0 0 0 0 0 1 0 17 0 10 0 0 0 0 0 0 0 0 2 0 0 0 0 0 0 0 0 0 0 0 0 0 0 0 0 0 0 2 0 0 0 0 0 0 0 0 0 0 0 0 0 0 0 0 0 0 1 1 6 0 10 0 1 9 15 5 0 0 6 6 10 22 0 0 1 1 0 0 4 0 1 12 0 0 7 5 0 0 12 13 0 0 11 0 12 0 0 0 0 0 0 0 0 0 0 0 0 0 2 0 0 0 0 0 0 0 0 14 0 0 0 0 0 0 0 0 0 0 0 0 0 0 0 0 0 0 0 8 13 24 0 0 13 1 0 0 24 0 0 0 0 8 7 0 0 10 0 0 0 0 0 0 0 2 5 0 0 0 0 0 0 0 1 20 0 0 0 9 0 0 0 0 0 1 2 0 10 0 0 0 0 0 0 2 15 0 0 2 0 0 0 14 63 1 4 7 0 0 0 0 4 0 0 0 0 0 0 0 0 15 16 0 10 1 0 
 2 0 0 2 0 0 0 0 0 0 2 2 0 0 12 1 0 2 0 0 5 0 62 5 62 0 2 2 3 0 83 128 0 0 2 3 0 140 0 0 81 288 50 269 274 22 80 112 178 76 64 101 0 174 114 256 35 26 227 416 0 0 1 0 0 0 0 0 0 0 0 0 0 0 0 0 0 0 0 0 0 0 0 0 0 0 1 0 0 0 0 0 0 0 0 0 0 0 0 0 0 0 0 0 11 9 0 0 0 3 0 4 0 0 0 0 0 5 1 0 7 10 15 2 0 9 40 26 26 10 19 8 0 9 1 1 20 3 0 17 0 0 0 0 0 0 1 0 0 0 0 0 4 0 0 0 0 0 0 0 0 0 0 0 15 0 0 5 0 0 11 0 0 0 0 20 0 0 0 3 0 0 0 2 0 13 0 0 0 0 12 0 0 0 0 0 0 0 0 0 32 18 39 21 9 0 13 16 17 0 13 0 11 10 38 9 30 1 0 20 0 0 0 0 0 0 0 0 0 0 0 0 1 0 29 0 0 0 0 0 0 0 13 0 0 0 0 0 0 0 0 5 0 0 0 0 0 18 0 0 2 0 1 0 65 4 0 7 0 0 0 0 0 0 0 0 0 0 0 0 0 0 0 0 0 0 0 0 0 0 
 0 0 0 0 0 0 0 0 0 0 0 59 0 0 21 0 0 0 4 0 0 2 89 0 20 0 0 0 0 0 88 24 0 0 0 0 0 63 0 0 61 102 98 59 66 37 71 132 90 50 54 303 174 0 195 127 36 532 106 127 0 0 1 2 0 4 5 0 2 2 0 3 0 0 0 4 2 3 13 0 0 0 0 0 0 0 0 0 0 0 0 0 0 0 0 0 0 0 0 0 0 0 11 0 21 2 0 0 0 0 0 0 0 0 0 0 0 0 0 0 7 12 0 15 0 0 11 37 8 0 0 0 33 20 36 48 0 7 9 6 0 0 0 5 0 0 0 0 0 1 1 2 0 0 0 0 0 0 0 0 0 0 36 0 3 0 0 0 0 0 0 0 0 0 0 0 0 0 0 0 0 0 0 0 0 9 1 0 0 0 0 0 0 0 0 0 0 0 0 0 19 16 11 0 0 0 20 49 1 13 20 0 41 18 26 3 25 42 11 20 0 0 0 0 0 0 6 0 0 1 0 1 0 0 0 0 0 0 0 0 0 0 0 0 0 0 0 0 0 0 0 7 0 0 0 0 0 61 0 0 0 0 0 0 5 2 0 0 0 0 1 0 0 0 0 0 0 0 0 0 0 0 0 0 0 33 0 0 0 0 
 0 0 0 0 3 0 0 0 0 0 0 0 0 0 15 0 0 2 0 0 3 5 3 3 131 3 3 3 3 3 25 108 3 6 3 3 5 71 3 6 354 172 72 352 169 72 45 348 95 124 292 48 114 195 0 149 75 43 80 177 3 0 6 0 0 0 6 0 5 8 10 0 5 0 0 0 0 0 0 0 0 0 0 0 0 0 0 0 0 0 0 0 0 0 0 0 0 0 0 0 0 0 0 0 22 23 0 0 0 0 15 0 0 0 0 0 0 0 0 0 0 45 1 0 0 11 14 12 7 0 8 10 0 0 0 10 15 1 12 0 25 0 0 0 3 0 14 7 0 0 0 0 11 7 0 3 5 1 0 4 0 0 0 0 0 0 0 0 0 0 0 0 0 0 0 0 0 0 1 0 0 0 0 0 10 0 0 0 0 0 18 0 0 0 0 0 0 0 8 0 23 21 18 29 0 8 9 24 0 20 6 8 12 39 10 10 10 0 0 12 5 11 4 16 0 2 13 15 0 0 0 0 1 0 0 0 0 8 0 0 0 0 0 0 0 1 0 0 0 0 0 10 0 0 0 0 0 72 0 0 0 0 0 0 65 10 2 0 0 0 0 0 0 0 0 0 0 0 0 0 0 0 0 0 0 0 0 0 0 0 
 0 0 0 0 0 0 0 0 0 0 4 0 0 4 0 0 0 0 4 0 5 5 3 3 3 3 3 3 3 3 3 4 3 3 3 3 3 3 3 6 103 110 189 129 153 87 34 88 67 383 154 60 256 127 149 0 146 96 97 129 2 0 2 2 0 0 0 0 6 0 33 0 0 0 0 1 0 0 50 2 0 0 0 0 0 0 0 0 0 0 0 0 0 0 0 0 0 0 0 0 0 0 11 17 0 0 0 0 0 0 0 0 0 0 0 0 0 0 0 0 0 20 11 0 0 0 1 30 0 9 14 20 0 2 2 20 12 14 0 27 19 21 0 0 0 0 14 8 0 0 0 0 0 7 0 0 0 0 0 0 0 0 0 0 0 0 0 9 0 0 0 0 0 0 16 0 0 6 5 0 0 0 0 0 0 0 0 0 0 0 0 0 0 0 0 0 0 0 0 0 0 61 2 18 0 5 0 64 18 36 43 9 0 23 19 0 0 36 0 0 0 0 0 0 0 0 13 2 0 0 0 0 1 1 0 0 0 0 0 3 0 0 0 0 0 0 0 0 0 0 0 5 0 0 0 0 0 0 0 1 0 0 2 1 71 1 1 0 0 0 0 12 0 0 0 0 0 0 0 0 0 0 0 0 0 0 0 0 0 0 
 3 3 3 3 8 3 3 3 6 4 67 3 3 9 3 3 3 6 3 3 0 0 0 0 62 0 2 0 0 0 0 0 0 0 0 0 0 2 0 0 40 194 51 345 50 92 262 316 225 74 137 77 35 36 75 146 0 323 347 62 3 51 7 0 0 0 1 0 7 0 0 1 0 0 0 4 0 0 0 0 0 0 0 0 0 0 0 0 0 0 0 0 0 0 0 0 0 0 0 0 0 0 0 0 0 0 0 0 0 0 18 0 0 0 0 0 0 0 0 0 8 16 14 14 4 24 0 8 8 12 7 13 0 7 1 20 11 50 9 2 0 0 0 0 8 0 0 0 21 0 0 0 0 0 0 0 0 14 25 0 0 0 0 0 0 0 0 0 0 0 0 0 0 0 6 0 0 6 6 0 0 0 0 0 13 18 0 0 0 0 0 0 0 0 14 0 0 0 0 0 0 0 8 0 0 13 0 22 28 43 13 1 0 17 10 27 10 1 0 0 19 0 0 0 0 0 0 0 0 0 0 0 28 0 0 0 38 0 0 0 0 0 0 0 0 0 0 0 0 0 0 5 0 0 0 0 0 0 0 0 0 0 1 0 2 1 1 0 1 0 0 0 0 0 0 0 0 0 0 0 0 0 0 0 1 0 0 0 1 0 
 0 0 65 0 4 2 0 13 0 10 0 1 0 0 1 0 0 11 4 0 0 0 0 0 0 0 2 0 3 0 0 0 0 5 0 3 0 3 0 0 68 44 111 191 74 92 104 38 98 49 200 378 26 532 43 96 323 0 34 79 0 0 0 0 5 1 0 3 1 0 0 0 0 5 0 35 0 0 0 0 3 2 0 0 5 1 0 0 0 2 0 0 0 0 3 4 0 10 0 3 0 0 1 0 0 0 0 0 0 0 0 0 0 0 0 0 3 0 0 0 0 0 3 0 15 19 17 27 0 7 0 27 0 4 25 23 1 0 0 23 0 0 0 0 0 0 0 18 37 0 0 0 0 0 3 0 1 5 18 0 0 7 0 0 4 0 0 11 0 5 12 8 0 7 6 0 2 20 5 39 0 0 0 0 0 0 0 0 0 0 0 0 0 0 0 0 0 0 0 2 6 19 11 14 0 0 0 19 0 36 7 14 0 8 13 25 9 36 0 0 20 0 0 0 0 0 0 0 0 0 0 0 4 0 0 0 15 0 10 0 0 0 0 0 0 0 0 0 0 0 0 0 0 1 0 0 0 0 0 1 0 1 2 64 63 4 3 0 0 0 0 0 0 0 0 0 0 0 0 0 0 0 0 0 6 0 0 0 0 0 
 2 2 4 2 5 2 2 2 2 2 2 2 2 2 2 2 2 2 2 2 1 167 3 74 69 61 2 2 4 1 1 8 0 3 1 1 41 4 2 0 85 248 41 62 91 47 55 88 188 126 307 37 227 106 80 97 347 34 0 171 2 0 1 0 0 2 0 0 0 4 0 0 4 0 0 4 0 3 2 0 0 0 0 0 0 0 0 0 0 0 0 0 0 0 0 0 0 0 0 0 0 9 0 6 0 0 0 0 24 34 53 0 0 0 0 23 18 16 0 0 0 17 7 20 0 0 0 22 0 0 0 0 31 0 31 24 0 19 44 40 0 12 0 0 0 0 0 0 0 5 21 21 2 0 0 0 0 0 0 0 0 0 0 0 0 0 0 0 0 0 0 0 0 0 3 0 0 24 3 0 0 0 18 13 14 0 0 0 2 0 0 0 0 0 0 22 0 8 0 0 0 0 15 0 27 0 20 10 33 10 7 0 0 11 0 0 0 1 0 1 0 0 0 0 0 0 0 0 0 0 0 0 0 0 0 0 0 0 0 0 0 0 0 0 0 0 0 0 0 0 0 8 0 0 0 0 0 74 0 0 0 22 0 0 0 0 2 97 0 0 0 0 0 0 0 0 0 0 0 0 0 0 0 0 0 0 0 0 0 0 
 2 0 0 8 0 0 0 0 7 0 0 0 0 0 29 51 4 3 0 0 0 2 0 0 10 0 0 0 1 0 63 16 1 0 0 0 0 0 0 0 51 115 313 77 477 69 56 45 163 297 159 30 416 127 177 129 62 79 171 0 20 0 0 2 0 0 2 0 0 2 0 0 0 0 0 0 0 0 59 0 0 0 0 6 2 0 0 0 4 0 6 0 4 0 2 1 0 0 0 11 0 0 0 0 1 0 0 0 0 0 0 0 0 0 0 0 0 0 0 0 5 22 19 15 0 11 16 22 14 0 8 10 19 1 19 16 6 8 7 25 0 0 0 2 0 0 0 0 0 0 0 0 11 0 0 0 0 0 32 1 0 0 0 0 0 0 0 4 4 0 12 0 7 0 6 0 1 12 2 0 9 0 0 0 0 0 0 0 0 0 0 0 0 0 0 0 0 0 0 0 31 0 26 5 0 0 0 20 0 12 26 0 32 0 29 12 24 27 0 10 0 0 0 0 0 0 0 0 0 0 0 0 10 0 0 0 0 0 0 0 0 0 0 0 0 0 0 0 0 0 0 4 0 0 0 0 0 61 0 0 0 0 0 67 64 3 2 1 0 0 0 0 0 0 0 0 0 0 0 0 0 0 0 0 0 21 0 0 0 0 
 3 0 0 0 0 0 0 0 0 0 0 0 2 0 0 0 1 4 0 0 0 0 0 0 0 0 0 0 7 0 0 0 0 0 0 2 0 0 0 0 0 3 51 3 0 0 1 0 0 55 60 1 0 0 3 2 3 0 2 20 0 122 119 266 244 35 93 123 91 102 93 74 52 154 84 262 252 40 142 58 0 0 0 0 0 0 0 0 0 0 0 0 0 0 0 0 0 0 0 0 0 0 0 0 0 0 0 0 0 0 0 0 0 0 0 0 0 0 0 0 0 0 0 0 29 0 0 0 0 0 2 0 0 0 0 0 0 0 0 0 11 3 7 0 4 19 6 0 0 0 32 4 0 0 21 21 18 18 0 5 0 0 28 0 0 0 0 0 0 0 4 0 0 0 0 0 0 0 0 61 0 0 0 0 27 0 0 0 0 0 0 0 0 0 0 49 0 0 0 0 0 0 0 0 8 25 0 0 0 0 20 0 0 0 0 0 0 0 0 0 1 16 17 19 0 2 86 25 7 0 0 10 25 28 26 14 11 24 0 0 0 0 0 0 0 0 0 0 0 0 0 0 0 0 6 0 0 0 0 0 0 0 35 0 0 0 8 0 0 0 4 0 0 0 0 0 0 0 0 0 0 0 0 0 0 0 0 0 0 0 
