 0 215 224 62 40 30 303 156 99 248 26 35 129 41 164 87 332 210 229 452 0 61 0 0 0 0 0 3 0 0 2 0 4 1 3 0 0 2 0 0 0 0 0 0 1 0 0 0 0 3 0 0 0 0 0 0 0 63 0 0 0 0 0 44 0 3 0 3 0 3 0 0 0 3 0 0 3 0 2 2 65 51 48 37 0 0 30 40 11 0 11 16 56 27 17 22 13 20 55 10 0 0 0 0 0 0 0 0 0 0 0 0 0 0 0 0 0 0 0 0 0 0 0 0 0 0 0 0 0 0 0 0 0 0 0 0 0 0 0 0 0 0 0 0 0 0 0 0 0 0 0 0 0 0 0 0 0 0 0 0 64 0 0 9 23 0 0 0 23 27 16 15 23 18 11 24 18 30 29 23 0 0 0 0 0 0 0 0 0 0 0 0 0 0 0 0 0 0 0 0 0 0 0 0 0 0 1 0 0 0 0 0 0 0 0 0 0 0 0 0 0 0 0 0 0 0 0 0 0 0 0 0 0 0 0 0 0 0 0 0 0 13 0 0 0 2 2 0 0 0 1 19 0 0 0 0 0 0 0 0 0 0 0 0 0 0 0 0 0 0 0 0 0 0 0 0 0 0 0 0 0 0 0 0 0 0 0 0 0 0 
 215 0 201 275 303 202 125 492 175 138 46 206 180 79 140 349 111 47 250 193 0 0 1 4 0 0 0 3 2 2 2 0 150 2 3 1 0 3 0 4 0 0 0 0 2 1 0 0 1 3 0 0 0 0 0 0 0 0 0 0 0 0 0 0 0 3 0 3 0 3 0 0 0 3 0 0 3 0 2 3 0 10 13 1 2 29 1 6 55 41 73 31 40 0 47 10 3 33 2 1 0 0 0 0 0 0 11 29 0 0 0 0 0 0 0 0 0 0 26 15 0 1 0 0 0 0 0 0 0 0 0 0 0 0 0 0 0 2 0 0 0 1 0 2 0 1 0 0 0 0 2 0 0 0 0 0 0 0 0 2 10 44 77 26 0 10 0 8 24 0 12 13 5 28 21 0 30 9 0 0 20 0 0 0 0 7 0 0 0 0 0 0 15 0 0 0 11 0 39 19 0 0 0 0 0 0 14 0 0 0 0 0 0 0 0 0 0 0 19 0 0 0 2 0 0 2 0 0 0 0 0 0 0 0 0 0 0 0 0 0 0 0 0 0 0 0 141 1 1 0 0 5 0 0 0 0 0 0 0 0 0 0 0 0 0 0 0 0 0 2 0 0 0 0 0 0 13 4 0 0 0 0 0 0 0 0 0 0 0 0 
 224 201 0 194 33 107 379 137 613 49 221 98 64 164 210 225 127 233 178 161 0 0 0 0 0 0 0 8 0 0 3 1 3 0 3 0 1 4 74 0 0 0 0 0 2 0 0 0 0 3 0 50 0 54 0 0 0 0 0 0 0 0 0 0 0 3 0 3 0 3 0 0 0 0 0 0 3 33 0 3 31 52 14 88 0 4 0 18 2 26 21 0 0 15 34 7 30 0 14 15 0 0 0 0 0 0 0 0 0 0 0 0 0 2 0 0 0 2 29 15 0 0 0 0 0 0 0 0 0 0 0 0 0 0 0 3 0 0 0 0 0 0 0 5 0 0 2 0 0 0 0 0 0 0 0 0 0 0 0 0 26 12 0 0 0 19 11 0 36 38 0 14 0 21 8 13 0 55 21 15 0 0 0 0 15 0 0 1 0 0 0 0 0 0 0 1 0 0 0 9 0 0 1 0 0 0 0 0 0 0 0 1 0 0 0 0 0 0 43 31 2 0 0 0 0 0 0 1 0 38 0 0 0 0 0 0 0 0 0 0 0 19 0 0 0 0 1 0 1 1 1 25 20 0 2 0 0 2 0 0 0 0 0 0 0 0 0 0 0 0 0 0 0 0 0 44 9 0 0 0 0 0 0 0 0 0 0 0 0 0 
 62 275 194 0 161 120 93 90 275 252 81 201 81 78 95 345 182 79 54 72 0 0 0 0 0 0 1 3 0 0 2 0 3 0 3 0 0 2 0 83 0 0 0 0 0 5 0 0 0 3 0 0 0 0 2 0 0 0 0 0 0 0 0 0 0 3 0 3 0 6 0 0 0 3 0 0 3 0 1 3 16 48 14 34 0 10 14 10 26 27 44 22 1 15 21 18 21 0 0 13 1 8 0 0 0 0 1 16 0 0 0 0 0 0 1 0 0 0 10 0 0 0 0 0 0 0 0 0 0 0 0 0 0 0 0 0 0 0 0 0 0 0 0 4 0 0 0 0 0 0 0 0 0 0 1 0 0 0 0 0 11 15 1 0 26 40 0 10 7 1 0 0 0 24 13 0 0 58 0 19 5 13 0 0 0 0 0 0 0 2 2 0 4 2 0 1 0 0 20 3 0 0 0 0 0 0 0 0 0 0 0 0 1 0 0 0 0 0 0 6 0 0 0 0 0 0 0 0 0 0 0 0 0 0 0 0 0 0 0 0 0 16 0 0 0 2 2 0 4 92 2 10 0 0 0 0 0 0 0 0 0 0 0 0 0 0 0 0 0 0 0 0 0 0 0 1 0 0 0 0 0 0 0 0 0 0 0 0 0 2 
 40 303 33 161 0 395 44 149 61 72 220 251 72 57 49 91 78 108 50 303 75 78 76 0 1 0 2 245 6 0 2 0 85 109 3 0 0 2 225 145 0 0 3 4 2 0 0 0 0 3 0 0 3 0 1 0 7 0 0 0 0 0 0 0 0 3 0 3 0 3 0 0 0 2 0 0 3 7 0 3 0 0 0 59 44 30 0 0 0 18 15 15 23 0 0 0 1 0 2 2 4 20 0 5 0 0 19 20 0 11 0 0 37 39 0 15 0 29 14 48 0 0 0 0 1 0 0 0 0 0 0 0 0 0 0 0 0 0 0 0 0 0 5 0 0 1 0 2 0 0 18 0 0 0 0 0 0 0 1 0 0 2 28 0 1 11 0 0 18 9 18 18 0 0 0 0 0 0 0 0 55 25 0 0 0 0 33 37 73 24 0 0 14 12 0 23 30 0 16 14 0 0 0 0 0 0 0 0 0 2 1 0 0 0 0 0 0 0 0 0 0 0 2 0 0 0 0 0 0 0 0 0 0 0 1 1 0 0 0 0 0 0 0 0 0 3 2 0 1 88 2 0 0 0 0 0 0 0 1 0 0 0 0 0 0 0 0 0 0 0 0 0 0 0 0 0 13 0 0 0 0 14 0 0 0 0 1 0 0 0 
 30 202 107 120 395 0 453 20 250 54 76 57 31 212 111 630 132 69 44 72 0 0 75 75 0 0 0 6 61 0 5 0 101 1 4 1 74 2 75 86 0 0 0 0 2 0 0 0 0 3 0 0 0 0 0 0 0 0 0 0 0 0 0 0 0 5 0 3 0 3 0 0 0 1 0 0 3 1 0 8 1 0 0 0 42 1 0 10 7 33 21 21 0 0 19 0 0 10 0 0 35 0 0 7 0 0 36 25 0 20 13 0 0 0 0 15 0 0 6 76 0 0 0 0 0 0 0 0 0 1 0 0 0 0 0 0 0 0 0 1 0 0 0 0 0 0 0 0 0 0 0 2 3 0 1 1 0 0 3 0 0 0 13 11 0 16 0 0 0 10 25 39 0 0 0 0 20 0 0 0 37 3 11 3 10 0 45 20 0 16 19 11 25 1 40 1 26 14 40 23 0 0 0 0 0 0 0 0 0 0 0 0 0 0 0 0 0 0 19 1 28 0 0 0 0 0 2 36 0 0 0 0 0 0 0 0 2 0 0 20 0 0 0 0 0 3 88 1 4 1 0 13 0 0 0 0 0 0 0 0 0 0 0 0 0 0 0 0 0 0 0 0 0 0 0 0 0 0 0 0 0 1 0 0 0 0 12 0 0 0 
 303 125 379 93 44 453 0 91 75 130 51 128 169 109 114 46 49 219 140 101 0 0 0 0 0 0 2 4 0 0 7 0 5 2 3 0 0 4 0 0 0 0 0 0 2 0 0 0 0 9 0 0 0 0 0 0 0 0 0 0 0 0 0 0 0 3 0 3 0 3 0 0 0 3 0 0 3 0 3 1 56 17 45 35 0 14 12 21 32 0 10 8 33 24 8 10 0 20 46 24 0 0 0 0 0 0 0 0 0 0 0 0 0 0 0 0 0 0 0 0 0 0 0 0 0 0 0 0 0 0 0 0 0 0 0 0 0 0 0 0 0 0 0 0 0 2 0 0 0 0 0 0 0 0 0 0 0 0 0 0 31 9 16 21 0 0 0 0 8 15 1 13 8 75 23 28 16 39 10 11 0 0 0 0 0 0 0 0 0 0 15 0 0 0 0 0 0 0 0 0 0 0 0 0 0 19 0 0 0 0 0 1 0 0 0 0 0 0 0 0 0 0 0 0 0 0 0 0 0 0 0 0 0 0 0 0 0 0 0 0 0 16 0 0 0 0 1 0 2 0 3 11 0 1 0 0 0 0 0 0 0 0 0 0 0 0 0 0 0 0 0 0 0 0 0 0 0 0 0 0 0 0 0 0 0 0 0 0 0 0 
 156 492 137 90 149 20 91 0 151 58 219 74 82 152 121 337 130 30 164 267 0 0 0 2 0 0 0 3 0 0 0 0 0 2 16 2 209 3 0 4 0 0 0 0 2 0 0 0 0 0 62 0 0 0 0 2 2 0 0 0 0 0 0 0 0 0 0 0 33 0 0 3 0 6 0 0 0 0 0 0 11 29 0 13 0 16 0 26 5 9 0 0 0 0 30 10 28 14 8 0 1 0 0 0 0 0 9 0 0 0 0 0 2 0 0 0 0 0 25 20 0 0 0 0 0 0 1 0 0 0 0 0 0 0 0 0 0 0 0 0 0 0 0 0 0 3 0 0 0 0 0 0 0 0 0 0 0 0 0 0 0 30 36 19 0 20 0 11 19 26 17 0 1 0 0 37 0 9 20 36 9 0 0 0 0 0 0 0 15 0 0 0 0 0 0 0 0 0 0 9 0 0 0 0 0 0 30 0 0 0 0 0 0 0 0 0 0 0 20 0 0 0 1 0 0 0 0 0 0 0 0 0 0 0 0 0 0 0 0 0 0 0 0 0 0 0 42 0 4 0 0 3 0 0 0 0 0 0 0 0 0 0 1 0 0 0 0 0 0 0 0 0 0 0 0 0 32 19 0 0 0 0 0 0 0 0 0 0 0 0 
 99 175 613 275 61 250 75 151 0 181 48 43 121 256 287 186 37 470 359 105 76 0 3 5 0 0 0 3 0 3 2 0 80 2 3 0 1 3 3 0 0 0 0 0 0 2 2 0 1 3 0 0 5 2 0 3 2 0 2 0 2 0 0 32 3 4 0 3 2 3 1 0 0 3 0 0 3 0 1 3 14 15 23 0 1 0 13 18 14 4 20 6 0 27 42 7 16 27 13 2 0 14 0 0 0 0 0 1 0 2 0 0 0 9 9 2 0 0 15 30 0 0 0 0 1 0 0 0 0 0 0 0 0 0 0 0 0 0 0 1 0 0 0 4 0 1 0 0 0 0 0 0 0 0 0 0 0 0 0 0 12 1 2 16 45 19 0 10 19 14 9 33 13 23 10 12 15 35 40 3 2 0 22 0 0 0 0 0 0 0 0 0 19 0 0 0 0 0 23 18 0 0 0 0 0 0 0 0 0 0 15 0 5 0 0 0 0 0 18 0 0 0 0 0 0 9 0 0 0 1 0 0 0 0 0 0 0 0 0 0 0 0 0 0 0 0 2 0 0 86 1 31 0 0 0 0 0 0 0 0 0 0 0 0 0 0 0 0 0 0 0 4 0 0 0 9 19 0 0 0 0 0 0 0 0 0 0 0 0 0 
 248 138 49 252 72 54 130 58 181 0 247 35 49 295 74 181 42 173 289 348 0 0 0 0 0 84 0 3 0 0 2 0 92 18 3 0 1 2 0 0 0 0 0 0 1 0 0 0 0 3 0 0 0 0 0 0 0 0 0 0 0 0 0 0 0 3 0 3 0 3 0 0 0 2 0 0 3 0 0 3 22 0 32 33 0 5 38 24 34 35 13 51 23 30 9 14 66 16 6 41 2 0 9 0 0 0 0 0 0 0 0 0 0 0 0 1 0 0 0 1 0 0 0 0 0 0 0 0 0 0 0 0 0 0 0 0 0 0 0 0 0 0 0 0 0 5 0 0 0 0 0 0 0 0 0 0 0 0 0 0 35 0 21 24 21 0 1 10 0 14 14 0 9 12 31 0 35 0 0 31 0 16 4 0 0 0 12 0 0 0 0 0 2 0 7 0 1 0 2 0 0 0 0 0 0 12 1 0 0 0 0 0 0 0 0 0 0 0 0 0 0 0 0 0 0 0 0 0 0 0 0 0 0 0 0 0 0 0 0 0 0 0 0 0 0 0 90 0 4 2 0 2 0 0 2 0 0 0 0 0 0 0 0 0 0 0 0 0 0 0 0 0 0 0 0 0 0 15 0 0 0 0 0 0 0 0 0 0 0 0 
 26 46 221 81 220 76 51 219 48 247 0 566 32 44 49 184 184 162 35 293 0 0 0 0 0 0 0 4 1 0 5 3 76 0 56 0 2 2 36 0 0 0 0 2 2 0 0 0 0 3 0 0 0 0 0 0 0 0 0 0 0 0 0 0 0 3 0 3 0 3 0 0 0 1 0 0 3 6 0 3 8 24 10 26 0 24 0 0 76 12 0 7 14 0 0 58 11 0 0 9 0 0 0 0 0 0 17 0 0 0 0 0 0 17 0 0 0 0 13 0 0 0 0 8 0 0 0 0 0 0 10 2 0 0 0 0 0 0 0 0 0 0 0 18 2 4 0 0 0 1 0 0 0 0 0 0 0 0 0 0 37 12 34 0 0 0 0 17 19 18 15 0 0 15 14 0 10 19 0 9 9 0 0 0 0 0 1 0 0 0 0 0 0 0 1 0 0 0 1 13 0 0 0 0 0 0 20 0 0 0 0 0 0 0 0 0 0 0 0 0 0 0 0 1 0 2 0 0 0 0 0 0 0 1 0 0 1 0 0 0 0 15 0 0 0 2 92 0 1 1 2 3 0 0 0 0 0 0 0 0 0 0 0 0 0 0 0 0 0 0 0 0 0 0 0 0 18 18 0 0 0 0 0 0 0 0 0 0 0 1 
 35 206 98 201 251 57 128 74 43 35 566 0 42 433 30 130 83 190 33 31 0 43 0 0 0 0 0 138 0 0 2 0 3 2 3 0 0 2 140 21 0 0 0 0 2 0 0 0 0 3 0 0 0 0 0 0 0 2 0 0 0 0 0 0 0 3 0 3 0 3 0 0 0 1 0 0 3 0 0 3 19 1 2 41 13 47 0 0 19 33 13 17 0 0 0 0 0 18 0 13 0 14 0 0 0 0 8 14 0 0 0 0 24 2 0 0 0 0 9 2 0 0 0 0 0 0 0 0 9 0 0 0 0 0 19 0 0 0 0 16 0 0 10 0 0 0 0 0 0 2 0 0 0 0 0 0 0 0 0 0 10 10 28 52 1 1 6 1 17 0 15 40 0 9 19 0 0 1 0 13 16 10 14 0 0 0 5 13 0 0 0 0 9 8 0 23 0 0 10 0 2 2 0 2 0 0 0 1 0 0 0 2 0 0 0 0 0 0 0 0 0 1 0 0 0 0 11 0 0 8 0 0 0 0 0 0 0 0 0 2 0 0 0 0 0 87 86 1 2 87 0 1 16 0 0 0 0 0 0 0 0 0 0 0 0 0 0 0 0 0 0 0 0 0 0 17 14 0 0 0 0 22 0 0 0 0 0 0 0 0 
 129 180 64 81 72 31 169 82 121 49 32 42 0 89 101 53 29 269 436 79 0 0 1 0 3 0 0 6 0 0 2 0 4 0 3 0 1 3 0 4 0 3 0 0 0 3 3 0 0 3 2 2 3 0 52 0 0 0 0 0 0 0 0 0 0 3 0 3 0 5 0 0 3 3 0 0 3 0 1 3 4 17 16 0 0 0 3 0 16 0 10 0 10 16 0 0 13 9 30 0 0 0 0 0 0 0 0 0 0 11 0 0 0 3 0 0 0 0 0 0 0 0 0 0 0 0 0 0 0 0 0 0 0 0 0 0 0 0 0 0 0 0 0 0 0 0 0 0 0 2 0 0 0 0 0 0 3 0 1 0 10 12 26 7 0 0 0 0 13 60 0 0 9 13 9 0 18 0 1 17 0 0 0 0 0 0 0 0 0 0 0 0 0 0 0 0 0 0 0 0 0 0 0 0 0 0 0 0 0 0 0 2 0 0 0 0 0 0 0 0 0 1 0 0 19 0 0 0 0 0 0 0 0 0 0 0 0 0 0 2 0 0 0 0 0 1 0 0 0 0 0 8 1 0 0 0 0 0 0 0 0 0 0 0 0 0 0 0 0 0 0 0 0 0 0 0 0 0 0 0 0 0 0 0 0 0 0 0 0 0 
 41 79 164 78 57 212 109 152 256 295 44 433 89 0 114 27 71 41 133 439 98 0 0 0 0 0 0 3 0 0 2 0 86 1 3 0 0 2 1 0 0 0 0 0 0 0 0 0 0 3 0 0 0 0 0 0 0 0 0 1 0 0 0 0 0 3 0 3 0 3 0 0 0 2 0 30 3 0 0 5 0 14 2 22 0 13 20 0 0 16 23 0 0 0 0 21 0 13 0 13 0 27 0 0 0 0 0 0 0 0 0 0 15 0 0 0 0 0 27 2 0 0 0 0 0 0 0 0 0 0 0 0 0 0 0 0 0 0 0 1 0 0 0 0 0 0 0 0 0 0 0 0 1 0 0 0 0 0 0 0 0 0 2 51 10 12 23 23 0 0 7 12 0 10 19 3 19 12 0 0 0 0 31 0 0 7 1 0 0 1 0 0 0 0 0 0 17 0 3 0 1 2 0 2 0 0 13 0 0 0 0 0 0 0 0 0 0 0 0 0 0 0 0 0 0 0 0 0 0 0 0 0 0 0 0 0 0 15 0 0 0 2 0 0 0 2 4 0 88 90 2 98 17 0 0 0 0 0 0 0 0 0 0 0 0 0 0 0 0 0 0 0 0 2 0 17 0 0 0 0 0 0 0 0 0 0 0 0 0 0 
 164 140 210 95 49 111 114 121 287 74 49 30 101 114 0 268 128 172 249 210 0 0 0 0 0 0 0 5 0 1 2 0 3 0 3 1 0 2 0 0 0 0 0 0 1 0 0 0 0 3 0 0 0 0 0 0 0 0 0 0 0 0 0 0 0 3 0 3 0 3 0 0 0 3 0 0 3 0 1 3 16 26 13 0 2 0 36 1 24 10 17 0 46 46 22 0 16 5 34 0 0 0 0 0 0 0 0 0 0 0 0 0 0 0 0 0 0 0 25 0 14 0 0 0 0 0 0 0 0 0 0 0 0 3 0 0 0 2 0 0 0 0 0 2 0 0 0 0 0 0 2 0 0 0 0 0 0 0 0 2 24 39 20 9 0 16 19 22 19 17 0 18 5 14 10 21 19 21 25 5 0 0 1 0 0 0 0 0 0 0 0 0 0 0 0 0 0 0 0 24 0 0 0 0 0 0 1 0 15 0 0 0 0 1 0 0 0 0 0 0 0 0 2 0 0 2 0 0 0 0 0 0 0 0 0 0 0 0 0 0 0 0 0 0 0 0 2 2 1 0 1 6 0 0 0 0 0 0 0 0 0 0 27 0 0 0 0 0 0 2 0 0 0 0 0 0 13 0 0 0 0 0 0 0 0 0 0 0 0 0 
 87 349 225 345 91 630 46 337 186 181 184 130 53 27 268 0 131 191 126 280 0 0 0 0 1 0 0 3 1 0 2 2 77 0 3 0 0 2 73 0 0 0 0 0 2 0 0 0 0 3 0 0 0 0 0 63 0 0 0 0 0 0 0 0 0 4 0 3 0 3 0 0 0 3 0 0 3 9 3 2 19 35 22 18 10 11 0 9 45 27 15 8 0 18 46 3 21 11 17 0 0 0 0 0 0 0 0 0 0 0 0 0 0 23 0 44 0 0 27 34 0 0 0 0 0 0 0 0 0 0 0 0 0 3 0 0 0 0 0 0 0 0 0 4 0 3 0 0 0 0 0 0 0 0 0 1 0 0 0 0 18 11 22 14 0 12 2 0 37 29 0 27 0 27 23 14 18 25 30 4 12 2 0 1 1 0 16 22 0 0 0 0 0 0 0 0 0 0 11 24 0 0 0 0 0 0 13 0 0 0 0 0 0 0 0 0 0 0 24 0 0 0 0 0 0 0 2 2 0 0 0 0 0 0 7 0 0 0 0 0 0 0 0 0 0 0 140 0 0 2 3 3 0 0 0 0 0 0 0 0 0 0 0 0 0 0 0 0 0 0 0 0 0 0 0 0 18 0 0 0 0 0 0 0 0 0 3 0 0 0 
 332 111 127 182 78 132 49 130 37 42 184 83 29 71 128 131 0 218 16 75 0 0 2 0 0 0 0 3 0 0 2 0 77 20 3 0 1 2 73 0 0 0 0 0 0 0 0 0 0 3 0 0 0 0 0 0 0 0 0 0 0 0 0 0 0 3 0 3 0 3 0 0 0 0 0 0 3 7 0 3 8 21 12 47 9 0 0 0 17 2 33 0 0 0 6 9 0 19 7 14 0 10 0 0 0 0 0 0 0 7 0 0 15 21 1 0 0 0 9 37 0 0 0 0 0 0 0 0 0 0 0 0 0 0 0 0 0 0 0 0 0 1 0 9 0 3 0 0 22 1 0 0 0 0 0 0 0 0 0 0 0 6 19 18 7 22 0 27 25 15 8 22 0 0 1 0 22 25 0 0 10 0 14 0 0 0 16 21 0 0 0 7 0 0 0 0 0 0 12 12 0 0 0 0 0 0 18 2 21 0 0 1 0 0 0 0 0 0 0 0 0 2 0 0 0 0 0 0 0 0 0 0 0 0 0 0 0 0 0 1 0 0 0 0 0 1 101 0 90 0 22 4 0 0 0 0 0 0 0 0 0 0 0 0 0 0 0 0 0 0 0 0 0 0 0 0 0 0 0 0 0 0 0 0 0 0 1 0 0 0 
 210 47 233 79 108 69 219 30 470 173 162 190 269 41 172 191 218 0 72 127 26 2 0 0 0 0 0 10 0 0 3 0 3 0 3 0 0 2 74 0 2 0 0 0 1 0 4 0 0 3 0 0 0 0 0 0 2 0 5 0 0 0 0 0 0 3 0 3 2 3 2 2 3 0 0 0 3 9 0 6 23 15 15 37 10 13 20 1 23 0 1 25 19 9 19 10 1 0 15 26 0 0 0 2 0 14 0 0 0 0 0 0 17 30 11 0 0 0 22 24 0 0 0 0 0 0 0 0 0 0 6 0 0 0 0 0 0 0 0 0 0 0 0 1 0 0 0 0 0 0 0 0 0 0 0 0 1 0 0 0 31 0 5 0 12 0 0 8 13 10 0 11 0 18 41 13 11 28 23 10 7 11 17 0 0 0 14 31 0 0 0 0 11 0 0 1 0 0 0 14 0 0 0 0 0 0 0 0 2 0 0 0 0 0 0 0 0 0 0 0 0 0 0 0 0 0 0 0 19 0 0 0 0 0 0 0 0 0 0 0 0 24 0 0 0 3 0 5 0 4 27 309 0 0 0 0 0 0 0 0 0 0 0 0 0 0 0 0 0 0 0 0 0 0 0 11 0 0 0 0 0 1 0 0 0 0 0 0 0 0 
 229 250 178 54 50 44 140 164 359 289 35 33 436 133 249 126 16 72 0 175 0 0 0 0 0 0 0 3 0 1 3 0 3 0 3 0 0 2 0 0 0 0 0 0 1 0 0 0 0 3 0 0 0 0 0 0 2 34 0 0 0 0 0 0 0 3 0 3 0 3 0 1 0 2 0 0 3 0 0 3 32 20 11 0 0 0 15 0 0 0 0 1 17 36 25 6 62 0 31 26 0 0 0 0 0 0 0 0 11 0 0 0 0 0 0 0 0 0 0 0 28 0 0 0 0 0 0 0 0 0 0 0 0 0 0 0 0 0 0 0 0 0 0 0 15 0 0 0 0 0 0 0 0 0 0 0 0 0 0 0 21 10 0 18 0 0 40 60 6 21 1 0 0 16 32 31 0 0 36 23 0 0 0 0 0 0 0 0 0 0 0 0 0 0 0 0 0 0 0 0 0 0 0 0 0 0 0 0 0 0 0 0 0 0 0 0 0 0 0 9 0 0 0 0 0 0 0 0 0 0 0 0 0 0 0 0 0 0 0 0 0 0 0 0 0 2 0 0 1 0 0 0 0 0 0 0 0 0 0 0 0 0 29 0 0 0 0 0 0 0 0 0 0 0 0 0 0 0 0 0 0 0 0 0 0 0 0 0 0 0 
 452 193 161 72 303 72 101 267 105 348 293 31 79 439 210 280 75 127 175 0 0 0 0 0 2 0 0 5 0 0 2 0 3 0 5 0 0 2 0 0 0 0 0 0 1 0 0 0 0 3 0 0 3 0 0 0 0 0 0 0 0 0 0 0 0 3 0 3 0 3 0 0 0 1 0 0 3 0 0 3 10 14 17 0 0 0 34 10 34 1 27 1 22 36 1 0 21 16 24 22 1 0 0 0 3 0 1 0 0 0 0 0 14 0 0 0 0 0 3 0 0 0 0 0 2 0 0 0 33 0 0 0 0 0 0 0 0 0 0 0 0 0 0 0 0 2 0 0 0 0 6 0 0 0 0 0 0 0 0 0 21 34 19 22 0 0 1 15 0 0 1 15 12 0 9 46 30 13 9 1 0 0 0 0 0 0 0 0 0 0 0 0 0 0 0 0 0 0 0 0 0 0 0 0 0 0 0 0 0 0 0 0 0 0 0 0 0 0 0 0 0 0 0 0 0 0 0 0 0 0 0 0 0 0 2 0 0 0 0 0 0 0 0 0 0 4 0 0 93 0 9 0 0 0 0 0 0 0 0 0 0 0 14 0 0 0 0 0 0 0 0 0 0 0 0 0 21 0 0 0 0 0 0 0 0 0 0 0 0 0 
 0 0 0 0 75 0 0 0 76 0 0 0 0 98 0 0 0 26 0 0 0 449 582 382 103 36 372 138 105 36 203 108 38 180 111 28 41 61 263 48 0 0 0 0 5 0 5 0 3 62 0 0 63 3 0 0 4 3 0 0 2 0 0 3 0 0 0 0 0 0 0 0 0 2 3 52 0 0 0 0 0 0 0 0 0 0 0 0 0 0 0 0 0 0 0 0 0 0 0 0 11 20 8 32 24 12 0 12 0 83 0 2 18 19 19 27 29 3 7 0 12 0 0 0 0 0 4 1 0 0 0 0 10 0 0 0 0 0 0 16 0 0 0 1 0 0 0 0 0 0 0 0 0 0 15 0 0 0 0 0 0 0 7 0 12 1 0 0 0 0 0 2 0 0 0 0 0 0 0 0 0 21 43 6 14 40 1 28 11 8 10 27 14 16 0 58 61 10 0 0 0 0 0 0 0 0 0 0 0 12 0 0 0 1 0 0 0 0 0 0 0 0 0 0 0 0 2 0 0 0 0 0 1 0 0 0 0 0 0 0 0 0 0 0 0 0 0 0 0 0 0 0 0 0 10 0 2 156 1 2 12 0 0 0 0 0 0 0 0 0 0 0 0 0 0 8 0 0 0 13 0 1 0 0 0 0 0 0 0 0 
 61 0 0 0 78 0 0 0 0 0 0 43 0 0 0 0 0 2 0 0 449 0 206 433 340 105 159 261 49 49 85 173 53 118 94 207 129 83 282 110 0 0 0 0 5 0 0 0 3 0 0 0 0 3 0 0 5 3 0 0 3 0 0 1 0 1 0 0 0 0 0 0 0 3 0 3 0 0 0 0 0 1 0 8 27 6 0 0 0 0 8 0 0 0 0 0 0 0 0 0 11 64 20 23 15 8 53 15 0 1 0 17 22 21 8 12 16 23 0 0 9 0 0 0 0 0 22 0 0 0 0 0 1 0 0 0 0 0 14 12 0 0 3 0 0 0 1 0 0 0 0 0 0 0 0 0 0 0 0 0 0 0 0 0 10 20 0 0 0 0 0 0 0 0 0 0 2 0 0 0 4 31 6 13 18 28 27 2 46 20 6 1 8 19 13 36 24 3 0 2 11 0 0 0 0 1 0 0 2 0 0 0 9 0 0 0 0 0 12 0 0 0 0 0 0 0 1 0 0 10 0 0 1 0 0 0 0 0 0 0 0 0 0 0 0 76 0 0 0 75 0 0 0 0 11 0 0 115 0 2 2 10 0 0 0 0 0 0 0 0 0 0 0 0 0 0 0 0 0 12 0 0 0 0 7 0 0 0 0 0 
 0 1 0 0 76 75 0 0 3 0 0 0 1 0 0 0 2 0 0 0 582 206 0 606 137 107 149 276 155 301 130 358 80 87 190 120 221 46 55 256 0 0 0 0 3 0 0 0 3 0 0 0 0 3 0 0 4 3 0 0 4 0 4 1 0 0 0 0 0 0 0 0 0 3 0 3 0 0 0 0 0 2 0 0 19 19 0 0 0 0 0 1 0 0 0 0 0 0 0 0 38 21 12 9 6 7 17 24 8 15 17 48 0 16 28 28 14 25 0 0 0 1 0 2 0 0 0 0 0 0 0 0 6 0 17 0 7 0 31 8 0 0 5 0 0 2 0 0 0 0 0 0 0 0 0 0 0 0 0 0 15 1 0 0 2 0 0 0 0 0 0 0 11 1 7 0 0 0 0 0 0 0 0 20 40 16 12 20 14 32 1 10 0 30 0 48 14 36 0 0 26 0 0 0 0 0 0 0 0 0 0 0 0 11 0 0 0 0 10 0 0 0 0 0 0 0 0 0 0 0 0 0 0 0 0 0 0 0 2 0 0 0 2 0 0 0 0 0 0 0 0 0 0 0 5 4 2 96 0 4 0 0 0 0 0 0 17 0 0 0 0 0 0 0 0 0 0 0 0 12 0 0 0 1 0 0 0 0 0 0 
 0 4 0 0 0 75 0 2 5 0 0 0 0 0 0 0 0 0 0 0 382 433 606 0 185 45 195 627 149 291 258 438 68 431 259 405 329 211 82 59 0 0 0 0 5 0 0 3 3 1 0 0 0 3 0 0 0 3 0 0 2 0 0 3 0 0 0 0 0 0 0 0 0 2 3 1 0 0 0 0 0 0 0 0 0 0 0 0 0 0 0 0 0 0 0 0 0 5 0 0 0 17 11 26 71 9 11 0 5 24 18 20 0 11 11 16 26 0 0 14 10 0 0 0 0 0 1 0 0 0 0 0 23 0 0 0 0 0 18 34 0 0 0 0 0 0 0 0 0 0 0 0 6 0 0 0 2 0 9 0 0 0 6 0 0 0 0 0 0 0 40 1 0 0 0 0 0 0 0 0 10 10 11 27 21 19 16 0 9 6 31 83 0 50 51 37 41 25 0 0 0 0 0 0 0 0 5 0 0 0 0 0 0 21 0 0 0 0 0 19 0 0 0 0 0 0 2 14 0 0 0 0 0 0 0 0 0 0 0 0 0 0 0 0 0 0 0 0 0 0 0 1 0 0 8 2 0 159 6 0 17 45 0 0 0 0 0 0 0 0 0 0 0 0 0 0 0 0 0 16 0 18 0 0 0 0 0 0 0 0 
 0 0 0 0 1 0 0 0 0 0 0 0 3 0 0 1 0 0 0 2 103 340 137 185 0 138 200 74 72 233 85 68 68 90 166 139 62 63 67 153 63 0 40 0 4 1 21 0 2 0 0 0 82 2 1 63 0 3 0 63 3 0 3 0 0 3 4 0 0 0 0 0 0 5 0 3 0 0 5 0 0 0 0 0 0 0 0 0 0 0 0 16 2 0 0 0 0 14 0 0 0 0 7 2 1 13 0 0 1 7 14 0 0 19 0 14 21 1 0 0 0 0 0 10 0 0 14 15 1 0 13 0 12 10 19 27 20 0 19 8 0 0 0 2 0 0 0 0 0 0 0 0 0 0 0 0 0 12 0 0 0 0 3 0 0 0 0 0 0 0 0 7 0 0 0 0 0 2 0 0 0 1 0 1 12 0 0 1 1 19 7 0 0 0 1 13 6 13 0 0 0 0 19 9 0 0 22 0 9 8 0 0 0 2 0 0 0 9 0 3 0 0 0 0 0 0 0 0 0 0 0 0 0 0 0 0 0 0 0 0 0 0 7 0 0 0 0 0 0 0 0 0 0 0 12 2 1 49 76 2 0 20 0 0 0 0 0 0 0 0 0 0 0 0 0 0 0 0 0 0 0 0 0 0 0 10 0 0 0 0 
 0 0 0 0 0 0 0 0 0 84 0 0 0 0 0 0 0 0 0 0 36 105 107 45 138 0 33 29 34 46 144 379 36 56 48 177 310 215 41 53 1 0 15 2 4 0 94 34 3 7 0 0 127 82 0 11 0 12 62 28 5 45 0 0 2 3 1 0 0 0 1 3 1 3 0 2 0 0 0 2 15 0 0 0 0 0 14 0 0 0 0 0 0 0 0 0 0 0 0 0 0 28 5 0 25 38 0 0 0 12 0 26 0 0 0 0 0 16 0 0 66 22 1 0 0 0 24 23 0 0 1 0 25 33 24 10 1 3 23 24 1 0 0 0 0 0 0 0 0 0 0 0 0 0 0 0 0 0 0 0 0 0 0 0 0 0 0 0 0 0 0 2 0 0 0 0 0 0 0 0 0 10 29 0 13 12 0 0 0 0 9 0 0 0 0 0 0 15 0 0 35 1 8 0 0 0 13 23 0 0 0 0 21 53 15 0 0 15 14 41 0 0 0 0 0 0 0 23 0 0 0 0 0 0 0 0 0 0 0 0 0 0 11 0 0 0 0 0 0 0 0 0 0 0 7 4 2 76 77 0 8 0 0 0 0 0 2 0 0 0 16 0 0 0 0 0 0 0 0 0 0 0 0 0 0 1 0 0 0 12 
 0 0 0 1 2 0 2 0 0 0 0 0 0 0 0 0 0 0 0 0 372 159 149 195 200 33 0 96 283 118 193 252 101 136 307 532 115 331 358 157 0 0 0 5 4 0 1 0 3 0 0 0 0 3 0 0 1 3 0 1 3 0 0 1 0 0 0 0 0 0 0 0 0 3 0 3 0 0 0 0 0 0 0 0 4 0 0 0 0 0 1 0 0 0 0 0 0 0 0 0 0 32 49 16 0 0 5 15 11 3 1 0 25 69 11 25 72 43 0 0 0 0 0 0 0 0 1 0 0 0 0 2 1 0 0 0 2 17 12 0 0 0 0 0 0 0 0 0 0 0 0 0 2 0 2 0 0 0 1 0 0 0 0 0 10 10 0 0 0 0 3 0 0 1 0 0 0 0 0 0 28 19 20 44 32 0 21 13 64 14 13 21 18 31 33 24 18 62 13 11 0 1 0 0 0 0 0 0 0 0 0 0 0 0 0 0 0 0 0 0 0 0 0 0 1 0 0 0 0 0 0 2 9 0 0 0 0 0 0 0 0 0 0 0 0 0 0 0 0 0 0 0 0 2 7 0 2 77 0 0 39 10 0 0 0 0 0 0 0 0 0 0 0 0 0 0 0 0 0 1 0 0 0 0 0 0 0 0 0 0 
 3 3 8 3 245 6 4 3 3 3 4 138 6 3 5 3 3 10 3 5 138 261 276 627 74 29 96 0 93 117 188 137 119 120 201 52 247 251 66 338 1 0 27 0 3 0 0 0 3 0 0 1 0 3 0 0 8 3 0 0 2 0 0 1 0 0 0 0 0 0 0 0 0 3 0 1 0 0 0 3 0 0 0 10 20 21 0 0 0 0 0 0 0 10 0 0 1 0 0 0 19 25 21 28 11 10 1 11 7 3 0 11 39 1 14 24 14 0 2 0 0 0 0 0 0 0 1 0 0 0 0 0 0 0 0 0 0 0 0 0 0 0 7 0 0 0 0 0 0 0 0 0 0 0 0 0 0 1 0 0 0 0 0 0 0 0 2 0 1 0 0 13 0 0 2 2 0 0 0 0 0 13 15 1 0 6 0 49 13 8 2 14 10 50 0 30 30 0 23 1 0 0 0 0 0 0 0 0 0 0 0 0 0 0 0 0 0 0 0 0 0 0 1 0 34 0 0 0 0 0 0 0 0 0 0 0 0 0 0 0 0 0 0 0 0 0 0 0 0 61 0 0 0 0 11 2 0 74 0 0 2 0 0 0 0 0 0 0 0 0 0 0 0 0 0 0 0 1 0 9 0 11 0 0 0 0 1 0 0 0 
 0 2 0 0 6 61 0 0 0 0 1 0 0 0 0 1 0 0 0 0 105 49 155 149 72 34 283 93 0 145 151 435 85 92 169 426 173 166 155 226 0 0 213 0 4 0 19 6 2 0 0 0 65 2 2 0 0 74 68 63 4 0 0 3 0 0 0 0 0 0 0 0 0 3 4 3 0 0 0 0 0 0 0 5 9 0 0 0 0 0 0 0 0 0 0 0 0 2 0 0 0 0 0 0 0 15 0 0 9 11 7 0 0 0 18 12 28 19 0 11 0 0 0 0 0 0 0 7 1 0 0 0 34 0 22 0 0 0 11 28 0 0 0 0 0 0 0 0 0 0 0 0 0 1 0 0 0 0 0 0 0 0 1 0 0 10 0 0 2 0 0 7 0 0 0 0 0 0 0 4 0 0 20 10 13 11 14 1 40 18 25 1 8 0 46 11 6 29 17 19 10 2 0 0 0 0 0 18 0 0 0 0 0 19 0 0 0 0 9 0 1 0 0 0 0 0 0 0 0 0 0 0 2 0 0 0 0 0 0 0 0 0 0 0 0 0 0 0 0 0 0 0 0 0 8 0 2 2 76 2 1 1 0 0 0 0 0 0 0 0 0 0 0 0 0 0 0 0 0 0 0 12 0 0 0 0 0 0 0 0 
 0 2 0 0 0 0 0 0 3 0 0 0 0 0 1 0 0 0 1 0 36 49 301 291 233 46 118 117 145 0 301 161 52 158 286 349 109 152 67 120 63 3 0 2 6 0 63 3 3 0 0 0 192 3 0 0 0 3 39 62 3 0 0 0 3 0 1 0 0 0 0 2 0 3 11 3 0 1 0 0 0 0 0 0 0 0 0 0 0 0 0 0 0 0 0 8 0 0 0 0 0 0 0 18 17 0 0 0 11 22 14 20 0 1 15 70 16 0 0 0 0 0 0 0 0 0 2 6 0 0 0 0 24 0 0 0 22 0 15 25 0 3 0 0 0 0 0 0 0 0 0 0 0 0 0 0 2 0 0 0 0 0 20 0 0 0 0 0 0 1 0 0 0 0 0 0 0 0 0 0 0 0 1 0 22 1 0 0 12 14 64 24 14 14 9 21 34 29 12 0 0 0 0 0 0 0 28 0 23 0 0 0 1 44 1 0 10 0 7 38 0 0 0 0 0 0 0 0 0 0 0 0 0 0 0 0 0 0 0 0 0 0 0 0 0 0 0 0 0 0 0 0 0 0 14 0 1 1 2 1 100 2 0 0 0 0 0 0 0 0 0 0 0 0 0 0 0 0 0 0 0 18 0 0 0 23 0 0 0 0 
 2 2 3 2 2 5 7 0 2 2 5 2 2 2 2 2 2 3 3 2 203 85 130 258 85 144 193 188 151 301 0 179 123 156 301 257 251 115 31 148 68 0 0 2 4 0 2 1 3 1 0 0 0 6 0 0 0 3 0 62 4 0 0 0 0 0 0 1 0 0 1 0 0 3 5 3 0 0 0 0 0 0 0 0 0 0 0 0 0 0 0 0 0 0 0 0 2 0 0 0 0 0 17 18 14 14 0 0 41 5 0 23 0 10 14 17 34 41 1 0 10 0 0 0 0 0 20 0 0 1 0 0 35 0 14 0 0 0 12 20 0 0 0 0 0 0 0 0 0 2 0 0 0 0 0 0 0 2 0 0 0 0 0 0 0 0 0 0 0 0 0 0 0 0 1 0 0 0 0 0 0 10 0 56 13 18 0 0 19 19 18 36 1 24 25 63 2 35 17 0 19 0 0 0 0 0 9 0 0 0 0 0 15 9 0 0 0 10 0 11 0 0 2 0 0 0 0 0 0 0 0 20 16 0 0 0 0 0 0 0 0 0 0 0 0 0 0 0 0 0 0 0 0 0 4 0 0 45 2 2 15 0 0 0 0 0 0 0 0 0 0 0 0 0 0 0 0 2 0 15 0 25 0 0 0 0 0 0 0 0 
 0 0 1 0 0 0 0 0 0 0 3 0 0 0 0 2 0 0 0 0 108 173 358 438 68 379 252 137 435 161 179 0 26 36 443 118 565 103 261 56 0 0 0 1 5 0 61 4 6 0 2 0 1 4 0 2 0 3 21 66 3 0 0 0 50 3 0 1 3 0 0 0 0 2 0 1 0 0 0 0 0 0 0 8 0 0 0 1 0 0 0 0 0 0 0 0 0 1 0 0 0 39 6 5 42 36 0 0 47 13 1 24 0 0 9 0 12 33 0 0 72 0 0 0 0 0 20 13 16 0 0 0 20 0 23 0 2 0 14 20 0 0 0 0 0 0 0 0 0 0 0 0 0 2 0 0 0 0 0 0 0 1 0 0 0 0 8 0 0 0 0 0 0 0 0 0 21 0 0 0 0 19 33 12 2 21 0 2 11 16 14 14 0 2 12 10 0 37 0 0 23 12 0 0 0 0 8 7 0 0 0 0 17 83 0 0 0 0 2 0 0 0 0 0 0 0 0 0 0 0 0 0 0 0 0 0 0 0 0 0 0 0 0 0 0 0 0 0 0 0 0 0 0 0 8 2 2 130 74 0 4 0 0 0 0 0 2 0 0 0 0 0 0 20 0 0 0 0 0 15 0 7 0 0 0 0 0 0 0 0 
 4 150 3 3 85 101 5 0 80 92 76 3 4 86 3 77 77 3 3 3 38 53 80 68 68 36 101 119 85 52 123 26 0 385 265 38 108 34 102 63 0 0 0 0 3 0 0 4 3 0 0 0 0 3 0 2 0 11 0 0 3 0 0 0 0 0 0 5 0 0 0 0 0 3 1 3 0 1 0 0 0 0 0 0 0 3 2 0 0 12 0 1 11 0 0 0 0 10 0 0 10 18 24 17 1 0 20 1 51 6 34 17 20 0 0 21 1 21 5 50 0 0 9 0 0 0 0 15 0 0 0 0 1 0 0 0 0 2 0 0 0 1 0 0 0 0 0 0 0 0 2 0 6 0 0 0 0 0 38 0 0 9 49 21 15 0 0 0 0 0 37 3 0 0 0 1 19 0 2 0 20 24 5 39 0 0 23 25 0 1 0 11 16 58 47 0 18 0 32 9 0 0 0 0 0 0 0 0 0 0 0 0 0 14 0 0 0 10 0 0 0 0 0 0 0 0 0 0 0 0 0 0 0 0 0 0 0 0 0 0 0 0 0 0 0 1 76 0 0 0 0 0 0 0 6 0 0 0 0 0 2 8 0 0 0 0 0 0 0 0 0 0 0 0 0 0 13 0 0 0 0 0 0 0 0 0 0 0 0 0 
 1 2 0 0 109 1 2 2 2 18 0 2 0 1 0 0 20 0 0 0 180 118 87 431 90 56 136 120 92 158 156 36 385 0 101 26 126 27 131 213 0 0 0 6 4 0 1 0 2 0 6 0 0 2 0 0 9 3 0 0 3 0 0 5 0 0 0 0 0 0 0 0 4 3 4 3 0 4 0 0 0 0 0 0 14 0 1 0 0 21 0 15 22 17 0 0 0 0 0 0 19 0 24 52 2 0 0 10 6 14 19 0 14 13 0 26 10 10 0 0 0 0 0 0 0 0 0 0 0 0 0 0 0 0 0 0 0 34 11 0 0 2 0 0 0 0 0 0 0 0 0 0 6 0 0 0 0 0 10 0 0 0 0 0 23 0 0 0 0 0 0 3 0 0 0 1 0 0 1 0 15 19 0 18 11 0 15 13 0 0 8 13 11 23 27 31 30 14 12 0 0 0 0 0 0 0 0 0 0 2 0 0 0 0 0 0 0 0 0 0 0 19 0 0 0 0 0 0 0 0 0 0 0 0 0 0 0 0 0 0 0 0 0 0 0 0 0 0 0 0 0 0 0 0 9 1 0 1 0 0 6 13 0 0 0 0 0 0 0 0 0 0 0 0 0 0 0 0 0 0 0 1 0 0 0 0 0 0 0 0 
 3 3 3 3 3 4 3 16 3 3 56 3 3 3 3 3 3 3 3 5 111 94 190 259 166 48 307 201 169 286 301 443 265 101 0 160 233 169 93 85 0 0 0 3 3 0 0 2 3 4 3 0 0 4 0 0 0 3 0 0 4 0 0 2 0 0 0 0 0 1 0 0 2 3 2 3 0 2 0 0 0 0 0 0 8 0 0 0 0 0 0 1 0 0 0 0 0 2 0 0 0 3 52 21 11 14 0 11 44 0 10 34 14 0 1 53 39 35 1 0 0 0 0 0 0 12 14 0 0 0 0 0 40 0 15 0 8 0 37 37 0 1 0 0 0 0 0 0 0 0 0 0 0 1 0 0 0 0 0 0 0 0 0 0 0 0 0 0 2 0 0 0 0 0 0 0 0 0 0 0 0 15 0 11 13 12 0 11 12 19 7 16 9 22 23 20 17 23 55 0 14 0 0 0 0 0 9 0 0 0 0 0 12 7 0 0 0 0 0 12 0 0 0 0 0 13 0 0 0 0 0 0 2 0 0 0 0 0 0 0 0 0 0 0 0 0 0 0 0 0 0 0 0 0 6 0 1 82 1 4 2 0 0 0 0 0 0 0 0 0 0 0 0 0 0 0 0 0 0 19 0 11 0 0 0 0 0 0 0 0 
 0 1 0 0 0 1 0 2 0 0 0 0 0 0 1 0 0 0 0 0 28 207 120 405 139 177 532 52 426 349 257 118 38 26 160 0 336 212 33 161 0 0 0 2 3 0 0 0 3 41 0 0 22 3 0 35 0 3 67 36 5 0 0 6 0 0 0 0 3 0 0 1 3 3 6 2 0 0 0 0 0 0 0 0 20 19 0 0 0 0 0 0 0 0 0 0 0 0 0 0 11 0 7 0 8 0 18 11 49 10 10 24 0 15 14 12 0 12 0 0 24 0 0 0 0 0 1 0 0 0 0 0 29 0 28 0 13 3 25 28 0 2 0 0 0 0 0 0 0 0 0 0 0 0 0 0 0 0 0 0 0 0 0 0 0 0 0 0 0 0 0 0 0 0 0 0 0 0 0 0 0 10 20 11 11 12 14 11 41 7 27 25 0 12 0 19 0 41 0 18 12 0 0 0 0 0 12 0 16 0 0 0 1 12 16 0 21 0 20 8 0 0 0 0 0 0 0 0 0 0 0 0 11 0 0 0 0 0 0 0 0 0 12 0 0 0 0 0 0 0 0 0 0 0 11 0 3 78 0 1 0 0 2 0 0 0 0 0 0 0 0 0 0 0 0 0 0 0 0 0 0 0 0 0 0 0 0 0 0 0 
 0 0 1 0 0 74 0 209 1 1 2 0 1 0 0 0 1 0 0 0 41 129 221 329 62 310 115 247 173 109 251 565 108 126 233 336 0 214 573 94 3 3 0 0 5 0 0 2 3 2 0 0 0 3 0 2 0 3 0 65 4 0 0 0 0 62 0 0 0 0 3 3 2 3 0 2 0 0 0 106 0 0 0 0 0 0 0 0 0 0 0 0 0 0 0 0 0 0 0 0 0 16 17 29 9 0 0 0 39 21 13 36 0 0 0 20 13 60 0 9 11 0 0 0 0 0 0 2 1 0 0 0 25 0 10 2 2 4 14 45 0 0 0 0 0 0 0 0 0 0 0 0 2 0 0 0 0 0 0 0 0 0 0 0 0 14 0 0 0 0 0 2 0 0 0 0 0 0 0 0 0 20 21 6 51 0 0 12 23 18 19 25 12 13 37 0 0 44 0 18 22 0 1 0 0 0 10 0 11 0 0 0 0 31 0 0 0 0 1 13 0 0 0 2 0 0 0 0 0 0 0 0 10 0 0 0 0 7 0 0 0 0 0 0 0 0 0 0 0 0 0 0 0 0 146 0 1 78 4 2 8 1 0 0 0 0 1 0 0 0 0 0 0 0 0 0 0 0 0 0 0 12 0 0 0 0 0 0 0 0 
 2 3 4 2 2 2 4 3 3 2 2 2 3 2 2 2 2 2 2 2 61 83 46 211 63 215 331 251 166 152 115 103 34 27 169 212 214 0 31 149 62 0 0 0 5 0 62 0 3 11 0 0 62 30 0 0 0 3 89 62 3 0 0 5 0 0 0 0 0 0 0 0 0 3 5 3 0 0 0 0 0 0 0 0 0 0 0 0 0 0 0 0 0 0 0 0 0 0 0 0 0 5 18 0 58 14 0 24 33 15 0 24 0 19 10 14 18 0 0 0 19 0 0 0 0 0 17 19 19 0 0 0 22 9 0 0 8 0 33 30 0 17 0 0 0 0 0 0 0 0 0 0 0 0 1 0 0 8 0 0 0 2 0 0 0 0 0 0 1 0 0 1 0 0 0 0 0 0 14 0 0 1 9 20 9 17 0 20 83 2 26 28 0 15 1 22 0 26 0 10 0 18 1 0 0 0 9 16 9 0 0 0 0 32 12 0 9 0 7 19 0 0 0 0 0 0 0 0 0 0 0 0 2 0 0 0 0 0 0 0 0 0 9 0 0 0 0 0 0 0 0 0 0 0 10 0 3 45 1 0 3 0 0 0 0 38 0 0 0 0 0 0 0 0 0 0 0 0 0 1 0 0 0 0 0 0 0 0 0 0 
 0 0 74 0 225 75 0 0 3 0 36 140 0 1 0 73 73 74 0 0 263 282 55 82 67 41 358 66 155 67 31 261 102 131 93 33 573 31 0 325 0 0 0 2 3 0 1 0 3 0 0 1 0 3 0 0 23 3 0 0 3 0 1 0 0 8 0 0 0 0 0 0 0 3 0 2 0 7 0 0 0 0 0 17 33 16 0 0 0 33 10 17 0 0 0 1 0 0 0 0 16 1 10 13 0 0 16 26 8 1 9 8 14 48 0 1 14 54 0 10 0 0 0 0 0 0 0 0 0 0 0 0 0 0 0 0 0 0 0 0 0 0 0 0 0 0 0 0 0 0 0 0 0 0 0 0 0 0 0 0 0 1 0 15 6 19 0 1 22 0 0 18 0 1 0 0 0 1 0 0 5 56 24 10 11 0 27 46 18 13 14 0 27 21 18 16 35 0 16 10 0 0 0 0 0 0 0 0 0 0 0 1 0 0 0 0 0 0 0 0 0 0 0 0 0 0 0 0 0 0 0 0 0 0 14 0 2 0 0 0 0 0 0 0 0 0 0 0 0 0 0 0 78 0 8 0 3 0 0 0 0 1 0 0 1 0 0 0 0 0 0 0 0 0 0 3 0 0 0 0 0 15 0 0 0 0 0 0 0 0 
 0 4 0 83 145 86 0 4 0 0 0 21 4 0 0 0 0 0 0 0 48 110 256 59 153 53 157 338 226 120 148 56 63 213 85 161 94 149 325 0 2 3 0 0 5 0 2 0 3 0 3 2 0 6 0 0 1 5 0 0 4 0 2 1 0 4 0 0 1 1 3 3 0 4 8 2 0 0 1 0 0 0 0 23 18 1 0 0 2 12 40 15 0 0 0 0 0 0 0 0 5 52 20 22 1 0 9 57 1 0 2 0 26 18 6 53 18 15 0 9 0 0 0 0 0 0 0 0 0 0 0 0 17 0 0 0 0 0 22 0 0 0 4 0 0 0 0 0 0 0 0 0 0 0 0 0 0 0 2 0 0 0 0 0 0 23 0 0 3 0 0 0 0 0 0 2 0 0 0 12 12 29 0 20 41 1 12 1 42 19 19 7 49 35 22 11 30 12 27 17 0 0 1 0 0 0 0 0 0 2 0 0 0 0 0 0 0 0 0 0 0 0 0 0 0 0 0 0 0 0 0 0 9 0 0 0 1 0 0 0 0 0 0 0 0 0 0 0 0 73 0 0 0 0 13 0 2 75 0 2 3 27 0 0 0 0 0 0 0 0 0 0 0 0 0 0 0 0 0 0 0 0 0 0 0 0 0 16 0 0 
 0 0 0 0 0 0 0 0 0 0 0 0 0 0 0 0 0 2 0 0 0 0 0 0 63 1 0 1 0 63 68 0 0 0 0 0 3 62 0 2 0 82 260 57 28 90 146 243 124 25 79 93 71 380 236 102 26 35 191 38 2 0 5 0 0 0 0 1 0 0 2 2 2 0 0 0 0 0 0 0 0 0 0 0 0 0 0 0 0 0 0 0 0 0 0 0 0 0 0 0 0 0 0 0 2 33 0 0 4 0 0 10 13 0 0 0 0 0 0 0 0 0 0 21 0 5 30 0 23 18 17 0 10 30 0 41 36 18 2 0 0 4 0 0 0 0 0 0 0 0 1 0 26 6 0 0 0 0 15 0 0 0 0 0 0 0 0 0 0 0 0 0 0 0 0 0 0 0 0 0 0 0 0 0 0 0 0 24 0 0 18 23 0 0 0 0 0 0 0 0 15 0 0 39 0 1 15 0 22 20 0 0 15 0 18 4 19 44 19 46 9 0 0 0 0 0 0 0 0 0 0 0 0 0 0 0 0 0 9 0 0 0 0 0 0 0 0 0 0 0 0 5 0 0 0 0 0 0 0 4 0 0 0 6 1 0 0 0 2 0 0 0 0 0 0 0 0 0 0 0 0 0 0 0 0 0 0 2 0 0 
 0 0 0 0 0 0 0 0 0 0 0 0 3 0 0 0 0 0 0 0 0 0 0 0 0 0 0 0 0 3 0 0 0 0 0 0 3 0 0 3 82 0 258 142 33 92 163 115 121 47 100 92 80 362 346 174 113 380 37 107 1 1 0 0 2 2 1 4 3 0 2 6 208 4 0 6 3 0 1 1 0 0 0 0 0 0 0 0 0 0 0 0 0 0 0 0 0 0 0 0 0 0 0 0 0 0 0 0 0 0 0 0 0 0 0 0 0 0 0 0 1 0 14 47 14 0 5 2 4 15 10 28 0 0 3 45 0 11 0 0 1 0 1 0 0 0 1 3 0 3 0 0 42 1 13 0 0 1 18 5 0 0 0 0 0 0 14 0 0 0 0 0 0 0 0 0 1 5 0 0 0 0 0 0 0 0 0 0 0 0 0 0 0 0 0 7 0 0 0 0 21 30 19 26 0 10 0 1 51 0 2 45 14 13 6 35 8 0 0 8 5 1 0 0 10 0 0 0 0 10 0 0 0 0 0 7 0 0 1 0 0 0 0 0 0 0 0 0 0 0 0 10 0 0 0 0 0 0 0 0 0 0 2 3 37 5 1 0 0 0 13 0 0 0 0 0 0 0 0 0 0 0 0 0 0 13 0 0 0 0 
 0 0 0 0 3 0 0 0 0 0 0 0 0 0 0 0 0 0 0 0 0 0 0 0 40 15 0 27 213 0 0 0 0 0 0 0 0 0 0 0 260 258 0 127 49 61 122 372 117 132 148 309 84 136 134 134 116 81 26 56 2 0 0 0 0 1 0 0 0 0 0 3 0 2 0 0 0 0 2 0 0 0 0 0 0 0 0 0 0 0 0 0 0 0 0 0 0 0 0 0 0 0 6 0 7 22 0 0 0 0 0 0 0 0 0 0 0 0 0 0 0 0 9 25 19 10 29 24 19 17 14 12 3 8 0 45 20 23 0 0 5 0 0 0 0 0 0 9 0 0 0 0 21 7 1 0 0 0 9 0 0 0 0 0 0 0 0 0 0 0 0 0 0 0 0 0 0 0 0 0 0 0 0 0 6 2 0 0 0 0 0 0 0 0 0 0 0 0 0 0 20 35 0 38 0 26 12 43 35 17 0 11 10 7 6 17 0 20 2 0 10 0 0 0 0 0 0 13 0 0 0 0 0 0 0 0 0 0 42 0 0 0 14 0 0 0 0 0 0 0 0 13 0 2 0 0 0 0 0 12 0 0 1 5 67 4 0 0 1 0 30 0 0 0 0 0 0 0 0 0 0 0 0 0 0 0 0 1 0 0 
 0 0 0 0 4 0 0 0 0 0 2 0 0 0 0 0 0 0 0 0 0 0 0 0 0 2 5 0 0 2 2 1 0 6 3 2 0 0 2 0 57 142 127 0 302 67 127 67 88 186 284 171 79 313 73 89 64 108 90 127 2 0 0 0 3 0 53 3 3 0 2 0 0 0 0 0 0 0 0 0 0 0 16 0 0 7 0 7 0 0 0 0 0 0 0 0 0 0 0 0 0 0 0 0 0 0 0 0 0 0 0 0 0 0 0 0 0 0 0 0 0 11 4 19 27 10 10 1 11 8 12 0 0 0 1 17 0 9 0 11 10 0 0 0 0 0 9 8 0 0 25 0 4 10 19 0 0 7 12 3 0 0 0 0 0 7 3 0 13 0 0 0 0 0 0 0 3 7 0 0 0 0 0 0 0 13 0 0 0 0 15 0 0 0 7 0 0 0 0 0 10 10 2 15 26 17 56 0 0 43 8 19 11 0 0 0 10 10 0 12 0 0 0 0 0 0 0 0 0 0 0 0 35 18 0 0 0 0 0 20 0 0 0 0 0 0 0 0 0 0 0 2 0 0 0 0 0 0 0 9 0 0 1 65 0 49 4 1 0 0 0 0 0 0 0 0 0 0 0 0 0 0 0 0 10 0 0 0 0 0 
 1 2 2 0 2 2 2 2 0 1 2 2 0 0 1 2 0 1 1 1 5 5 3 5 4 4 4 3 4 6 4 5 3 4 3 3 5 5 3 5 28 33 49 302 0 150 55 51 130 138 133 221 101 54 67 60 44 60 298 47 0 52 0 0 0 0 1 2 0 0 1 0 0 53 0 0 50 3 0 53 0 0 0 0 0 0 0 0 0 0 0 0 0 0 0 0 0 0 0 0 0 0 0 0 0 1 6 0 0 0 0 0 0 0 0 0 0 0 0 0 0 0 0 0 19 0 0 0 2 1 1 1 0 0 0 0 0 0 0 0 72 6 11 11 0 0 10 0 1 6 12 7 1 1 6 8 0 8 1 21 0 0 0 0 0 0 0 0 0 0 0 0 0 6 0 0 0 0 0 5 0 0 0 0 0 0 0 0 0 0 0 0 0 0 0 0 0 0 0 0 0 0 0 0 10 0 0 0 0 0 12 0 0 0 0 0 0 0 0 0 18 11 25 0 0 0 11 11 1 9 0 0 0 12 54 0 26 7 21 9 0 0 0 0 0 0 0 0 2 0 0 4 0 0 0 0 0 0 2 1 2 0 66 0 2 3 1 6 2 0 1 0 0 0 0 0 0 0 0 0 0 0 0 0 0 0 0 0 1 1 
 0 1 0 5 0 0 0 0 2 0 0 0 3 0 0 0 0 0 0 0 0 0 0 0 1 0 0 0 0 0 0 0 0 0 0 0 0 0 0 0 90 92 61 67 150 0 40 106 46 409 87 124 26 47 55 73 139 47 61 60 0 0 23 0 0 0 4 25 0 0 0 0 22 0 0 0 0 0 2 0 0 0 0 0 0 0 0 0 0 0 0 0 0 0 0 0 0 0 0 25 0 0 0 0 5 5 0 0 0 0 0 0 0 0 0 0 0 0 0 0 0 0 18 1 0 0 4 14 10 13 0 20 1 6 0 0 9 23 0 0 0 0 0 0 0 0 9 0 0 0 4 0 9 7 0 0 0 0 22 1 0 0 0 0 0 0 0 0 0 0 1 0 0 21 0 0 0 0 0 0 0 0 0 0 0 6 0 0 0 0 0 0 0 0 0 0 0 0 0 0 12 11 0 9 0 10 0 0 18 10 0 2 5 0 10 0 1 1 6 0 15 10 0 10 0 0 11 7 0 11 0 0 22 10 0 0 8 9 21 31 18 0 0 0 0 0 0 0 0 0 0 9 0 0 0 0 0 0 0 1 0 0 9 0 64 1 0 69 0 0 1 1 0 0 0 0 0 0 0 0 0 0 0 0 7 0 0 0 0 0 
 0 0 0 0 0 0 0 0 2 0 0 0 3 0 0 0 0 4 0 0 5 0 0 0 21 94 1 0 19 63 2 61 0 1 0 0 0 62 1 2 146 163 122 127 55 40 0 89 48 102 38 27 193 170 75 309 318 56 115 119 2 50 8 0 0 0 0 0 0 0 0 3 0 0 0 0 202 0 0 0 0 0 0 11 0 0 0 0 0 0 0 0 0 0 0 0 0 0 0 0 0 0 0 1 0 20 0 0 0 5 75 0 0 0 0 1 0 0 0 0 1 1 20 3 7 0 12 29 29 4 20 15 7 10 20 18 9 0 24 0 8 0 0 0 0 0 0 11 0 0 0 0 2 0 1 0 0 0 0 0 0 0 0 0 0 0 0 0 0 0 0 6 0 0 0 0 0 0 0 0 0 0 8 8 36 0 0 0 0 0 0 6 0 0 0 0 1 0 0 0 0 30 24 4 14 9 13 34 0 11 0 3 0 17 0 49 27 3 0 9 0 0 0 0 0 0 3 0 0 0 0 0 0 0 0 0 0 0 0 0 0 0 0 0 0 0 0 0 0 17 0 7 0 1 0 0 0 0 62 2 1 0 1 0 0 2 28 0 0 0 25 0 0 0 0 0 0 0 0 0 0 0 11 0 2 9 0 0 0 0 
 0 0 0 0 0 0 0 0 0 0 0 0 0 0 0 0 0 0 0 0 0 0 0 3 0 34 0 0 6 3 1 4 4 0 2 0 2 0 0 0 243 115 372 67 51 106 89 0 227 39 185 47 135 336 41 26 79 107 82 326 2 0 0 0 0 0 0 0 0 0 0 18 0 0 0 0 2 52 0 0 0 0 0 0 0 0 0 0 0 0 0 0 0 0 1 0 12 0 0 0 0 0 0 0 1 12 0 0 3 0 0 7 0 0 0 0 0 10 0 0 21 1 10 0 0 11 7 19 0 28 0 1 4 17 11 9 20 26 8 1 0 0 0 0 0 0 0 0 0 0 10 0 24 2 0 0 0 0 20 0 0 0 0 0 0 0 0 0 0 0 0 0 0 0 0 0 0 0 0 0 0 0 0 12 0 3 0 0 0 0 1 3 0 0 7 0 0 5 0 0 19 0 14 0 0 0 5 29 3 13 9 11 14 2 46 17 13 16 0 1 14 0 6 0 0 0 0 0 0 0 0 0 1 0 0 0 0 0 3 21 0 0 0 0 0 0 0 0 0 0 0 3 0 0 0 0 0 0 4 9 0 0 0 0 0 0 2 0 0 0 42 0 0 0 0 0 0 0 0 0 0 3 0 0 0 0 0 9 0 0 
 0 1 0 0 0 0 0 0 1 0 0 0 0 0 0 0 0 0 0 0 3 3 3 3 2 3 3 3 2 3 3 6 3 2 3 3 3 3 3 3 124 121 117 88 130 46 48 227 0 135 125 112 172 208 156 125 172 173 111 69 1 0 4 0 2 4 2 3 0 0 0 4 2 50 0 0 0 0 8 0 0 0 0 0 0 0 0 0 0 0 0 0 0 0 0 0 0 0 0 0 0 0 0 0 0 0 0 0 0 0 0 0 0 0 0 0 0 0 0 0 14 6 11 9 3 27 1 9 21 6 0 1 5 0 9 17 6 30 10 0 6 0 3 0 0 0 6 0 0 0 10 37 17 7 0 0 0 0 0 0 0 0 0 0 0 1 0 0 0 0 0 0 0 0 0 0 0 1 0 0 0 0 0 0 10 1 0 0 0 0 0 0 0 0 0 0 0 0 0 0 17 11 0 14 0 0 0 15 7 15 41 1 0 14 29 76 3 4 0 0 20 0 2 0 0 0 0 0 1 0 0 0 9 0 21 0 0 0 15 1 0 0 0 0 0 0 0 0 0 0 0 8 0 2 0 0 0 0 0 20 0 0 15 1 0 0 1 0 0 0 0 0 0 0 0 0 0 11 0 0 0 0 0 0 11 11 0 10 0 0 
 3 3 3 3 3 3 9 0 3 3 3 3 3 3 3 3 3 3 3 3 62 0 0 1 0 7 0 0 0 0 1 0 0 0 4 41 2 11 0 0 25 47 132 186 138 409 102 39 135 0 291 107 79 84 157 170 85 45 67 93 2 0 0 0 0 0 51 0 3 0 0 0 0 0 0 0 0 0 0 0 0 0 0 0 0 0 0 0 0 0 0 0 0 0 0 0 0 0 0 0 0 0 13 0 5 0 0 0 13 0 0 10 0 11 0 0 0 0 0 0 0 14 9 6 25 13 4 0 23 29 10 16 10 1 0 9 0 30 56 12 3 0 0 0 0 0 12 12 0 0 24 0 21 0 16 0 0 3 29 22 0 0 10 0 0 0 0 0 0 0 0 0 0 0 0 0 0 0 0 0 15 0 0 0 12 1 0 0 0 0 12 7 0 0 0 0 0 2 19 0 3 1 1 26 3 41 3 0 1 55 49 0 8 1 12 0 0 0 0 7 2 0 0 0 0 0 11 0 0 0 0 0 19 33 0 13 0 0 6 35 0 0 12 0 0 0 0 0 0 0 0 0 0 1 0 0 0 0 0 2 6 0 4 0 3 0 0 79 0 0 0 0 0 0 0 0 0 0 0 0 0 0 0 0 21 0 0 0 0 0 
 0 0 0 0 0 0 0 62 0 0 0 0 2 0 0 0 0 0 0 0 0 0 0 0 0 0 0 0 0 0 0 2 0 6 3 0 0 0 0 3 79 100 148 284 133 87 38 185 125 291 0 72 33 119 274 298 198 346 106 267 1 0 0 0 2 0 0 6 4 0 0 9 58 39 6 0 1 0 60 25 0 0 0 0 0 0 0 0 0 0 0 0 0 0 0 0 0 0 0 0 0 0 0 18 0 7 0 0 0 0 0 0 0 0 0 0 0 0 0 0 0 1 12 10 12 31 13 10 0 12 0 0 9 0 9 0 0 74 1 0 12 14 0 0 0 1 24 9 0 0 2 24 10 6 0 7 4 14 10 30 0 0 0 0 0 0 0 0 0 0 4 0 0 0 0 1 0 0 0 0 0 0 0 12 0 0 0 0 0 0 9 0 0 0 0 0 0 0 0 0 8 10 9 0 18 11 0 2 0 11 25 27 0 0 32 24 12 6 0 0 11 0 54 11 0 0 9 0 29 16 0 0 0 6 13 9 0 0 8 0 0 0 0 0 0 0 0 0 0 0 0 16 0 2 0 0 0 0 0 0 0 0 1 0 2 2 6 0 0 0 16 0 0 0 0 10 0 0 0 0 0 0 0 0 0 12 0 5 0 0 
 0 0 50 0 0 0 0 0 0 0 0 0 2 0 0 0 0 0 0 0 0 0 0 0 0 0 0 1 0 0 0 0 0 0 0 0 0 0 1 2 93 92 309 171 221 124 27 47 112 107 72 0 231 130 38 66 132 287 44 42 1 51 0 1 0 4 2 2 0 0 0 0 0 0 6 6 0 0 0 3 0 20 0 0 0 0 0 0 0 0 0 0 28 0 0 0 0 0 0 0 0 0 0 0 0 0 0 0 0 0 0 0 0 0 0 0 0 0 0 0 0 10 0 52 17 1 9 0 18 0 0 0 0 0 0 19 15 17 0 0 8 0 0 11 0 8 25 0 0 0 4 6 0 11 0 0 0 10 0 10 0 0 0 0 0 0 0 0 0 0 0 0 0 0 0 0 0 32 0 0 0 0 0 0 0 0 0 0 0 0 0 0 0 0 0 0 0 0 0 0 11 0 0 5 14 10 0 0 0 1 20 18 0 0 0 0 0 0 0 0 21 10 0 0 0 3 0 10 1 13 0 0 0 22 19 0 18 8 56 9 0 0 9 0 0 0 0 0 0 0 0 12 0 0 0 0 0 0 0 23 0 0 26 65 0 20 0 37 0 0 0 0 0 0 0 0 0 0 0 0 0 0 0 9 1 0 0 0 0 0 
 0 0 0 0 3 0 0 0 5 0 0 0 3 0 0 0 0 0 0 3 63 0 0 0 82 127 0 0 65 192 0 1 0 0 0 22 0 62 0 0 71 80 84 79 101 26 193 135 172 79 33 231 0 237 40 101 56 30 198 199 3 0 0 0 1 0 0 0 0 0 0 1 0 13 0 6 10 0 0 0 0 0 0 0 0 0 0 0 0 0 0 0 0 0 0 0 0 0 0 0 0 0 0 0 11 21 0 0 0 30 15 11 0 0 0 18 0 0 0 0 0 0 1 12 0 0 7 20 0 0 0 24 0 40 12 0 40 0 22 2 0 2 6 0 0 0 1 0 0 1 0 0 0 0 2 7 0 0 6 4 0 0 6 0 10 0 0 0 0 0 0 8 0 0 0 0 0 0 0 0 0 0 9 0 0 0 0 0 1 0 11 0 0 0 0 0 25 0 0 0 0 0 31 0 0 0 17 13 21 8 3 14 11 27 7 0 14 9 11 8 4 0 0 0 0 0 0 0 0 0 0 0 1 0 2 2 0 0 0 2 0 0 8 0 0 0 0 0 0 0 0 3 0 1 0 0 0 0 30 0 0 0 0 0 2 2 4 0 0 0 0 0 0 0 0 0 0 0 0 0 0 0 0 0 0 10 0 0 0 0 
 0 0 54 0 0 0 0 0 2 0 0 0 0 0 0 0 0 0 0 0 3 3 3 3 2 82 3 3 2 3 6 4 3 2 4 3 3 30 3 6 380 362 136 313 54 47 170 336 208 84 119 130 237 0 214 548 122 175 195 334 0 0 0 0 1 0 0 1 0 0 0 1 0 0 0 5 6 0 0 0 0 0 0 0 0 0 0 0 0 0 0 0 0 0 0 0 0 0 0 0 0 0 0 0 0 8 0 0 0 0 0 2 0 0 0 0 0 0 0 0 19 6 0 0 0 47 3 19 3 38 0 22 23 40 10 28 12 23 8 15 8 0 0 0 0 0 4 6 0 0 0 0 25 7 0 0 0 13 0 0 0 0 0 0 0 0 0 0 0 0 0 0 0 0 0 0 0 0 0 0 0 0 0 0 6 10 0 0 0 0 0 0 0 0 0 0 0 0 0 0 11 24 8 13 0 30 0 32 8 26 16 22 8 0 17 44 14 11 0 0 10 0 0 0 0 0 0 0 0 0 0 0 4 0 0 0 0 0 41 0 0 0 0 0 0 0 0 0 0 0 0 7 0 1 0 0 0 0 0 14 0 0 2 5 0 5 4 0 0 0 6 0 0 0 0 0 0 0 0 0 0 0 0 0 4 0 0 46 0 0 
 0 0 0 2 1 0 0 0 0 0 0 0 52 0 0 0 0 0 0 0 0 0 0 0 1 0 0 0 2 0 0 0 0 0 0 0 0 0 0 0 236 346 134 73 67 55 75 41 156 157 274 38 40 214 0 103 108 84 68 93 2 0 5 0 0 4 8 2 0 0 0 1 0 4 0 1 0 0 5 0 0 0 0 0 0 0 0 0 0 0 0 0 10 0 10 0 0 0 0 0 0 0 0 0 0 12 0 0 0 0 7 17 0 0 0 0 0 0 0 0 0 1 21 11 1 0 22 11 15 11 31 15 0 0 0 23 9 7 26 0 5 0 10 0 3 0 0 9 0 0 0 0 0 0 1 8 0 0 19 0 0 0 0 0 0 0 2 0 0 0 0 0 0 0 0 0 0 3 0 0 0 0 0 24 12 0 0 0 0 0 0 7 0 0 0 0 0 0 0 0 12 18 1 17 0 18 0 15 20 0 1 24 2 7 0 6 0 0 0 39 14 0 0 0 0 0 0 2 0 0 0 0 0 0 3 11 0 0 10 31 0 0 8 0 0 0 0 0 0 0 0 6 0 0 0 0 0 0 0 10 0 0 0 65 70 7 11 0 2 0 18 0 0 0 0 0 0 0 0 0 0 0 0 0 7 0 0 0 0 0 
 0 0 0 0 0 0 0 2 3 0 0 0 0 0 0 63 0 0 0 0 0 0 0 0 63 11 0 0 0 0 0 2 2 0 0 35 2 0 0 0 102 174 134 89 60 73 309 26 125 170 298 66 101 548 103 0 128 32 43 84 2 0 0 30 0 0 0 5 9 0 2 4 2 0 0 0 1 0 0 0 0 0 0 0 0 0 0 0 0 0 0 0 0 0 0 0 0 0 0 0 0 0 0 0 0 0 0 0 0 0 0 0 0 0 16 0 0 0 0 0 1 26 22 21 16 16 9 0 0 13 2 14 0 31 9 35 20 7 2 0 9 0 0 0 1 0 0 4 0 40 0 0 24 0 16 0 0 7 3 19 0 0 0 0 0 0 1 0 0 0 0 0 0 0 0 0 0 10 0 0 0 0 0 0 0 0 0 0 0 0 0 0 0 0 0 0 0 0 0 0 19 0 36 42 7 28 46 0 0 11 7 14 0 41 0 0 0 0 15 7 0 0 0 0 6 5 0 0 0 0 0 1 0 22 0 0 0 0 0 10 0 0 0 0 0 0 0 0 0 0 0 0 0 2 0 0 1 0 0 10 0 0 0 65 0 59 1 1 0 0 0 0 0 0 0 0 0 0 0 0 0 4 0 0 10 0 0 0 0 0 
 0 0 0 0 7 0 0 2 2 0 0 0 0 0 0 0 0 2 2 0 4 5 4 0 0 0 1 8 0 0 0 0 0 9 0 0 0 0 23 1 26 113 116 64 44 139 318 79 172 85 198 132 56 122 108 128 0 332 29 106 1 40 0 0 0 2 55 1 0 0 0 8 0 0 6 4 4 0 2 0 0 0 0 0 0 0 0 0 0 0 0 0 0 0 0 0 0 0 0 0 7 0 0 10 0 0 0 21 0 15 2 0 1 2 2 5 0 0 0 0 1 0 32 0 11 1 0 3 0 22 24 13 0 0 2 19 0 10 0 0 4 0 0 0 0 0 9 4 0 7 8 0 0 20 9 0 0 0 18 9 0 0 0 0 0 25 0 0 0 0 0 0 0 0 0 0 0 0 0 0 2 0 0 0 0 1 0 6 0 0 0 0 0 7 0 6 6 0 0 1 0 18 27 0 8 0 0 0 0 0 14 36 0 4 8 43 15 0 0 0 1 0 0 0 0 0 6 0 0 0 0 0 2 9 0 0 0 0 0 19 0 0 0 0 0 0 0 0 0 0 0 7 0 1 0 0 0 0 0 3 0 0 4 0 0 3 1 0 0 0 7 0 0 0 0 0 0 0 0 0 0 0 0 0 0 0 0 0 0 0 
 63 0 0 0 0 0 0 0 0 0 0 2 0 0 0 0 0 0 34 0 3 3 3 3 3 12 3 3 74 3 3 3 11 3 3 3 3 3 3 5 35 380 81 108 60 47 56 107 173 45 346 287 30 175 84 32 332 0 87 97 2 0 4 0 6 2 0 10 4 0 0 3 8 2 3 0 0 0 0 0 0 0 0 0 0 0 0 0 0 0 0 0 0 0 0 0 0 0 0 0 0 0 0 0 0 1 0 0 0 0 0 0 0 0 0 1 20 0 0 0 10 34 28 9 11 24 20 7 0 16 1 15 9 2 3 12 0 10 9 23 4 0 0 0 0 0 0 4 0 0 0 0 0 0 10 0 0 0 7 0 0 0 0 0 0 2 4 0 0 0 0 0 0 0 0 0 5 4 0 0 21 0 0 0 0 9 0 0 0 0 0 0 0 0 0 0 0 0 0 0 18 30 0 1 23 29 11 32 0 12 20 16 28 20 22 42 20 19 10 20 0 0 0 0 0 0 0 0 0 0 0 0 0 0 0 0 0 0 0 0 0 0 0 0 0 0 0 0 0 0 0 6 0 0 0 0 0 0 0 9 0 0 5 63 2 9 0 2 0 0 19 0 0 0 0 0 0 0 0 0 0 0 0 0 0 37 0 15 0 0 
 0 0 0 0 0 0 0 0 2 0 0 0 0 0 0 0 0 5 0 0 0 0 0 0 0 62 0 0 68 39 0 21 0 0 0 67 0 89 0 0 191 37 26 90 298 61 115 82 111 67 106 44 198 195 68 43 29 87 0 214 0 0 0 0 0 0 0 1 0 0 0 0 0 0 0 4 2 0 0 0 0 0 0 0 0 0 0 0 0 0 0 0 0 0 0 0 0 0 0 0 0 0 0 0 24 15 0 0 26 0 0 3 0 0 0 0 0 0 0 0 25 0 0 12 0 7 0 12 13 6 0 13 15 15 1 8 26 1 35 0 0 5 0 0 0 0 0 0 0 0 0 0 0 0 0 0 0 0 0 0 0 1 7 0 0 0 0 0 0 0 0 0 0 0 0 0 0 0 0 0 0 0 7 0 0 0 0 0 18 0 44 0 0 0 0 0 0 4 0 0 16 14 17 0 0 0 1 59 57 22 36 10 11 12 20 24 13 7 23 21 0 0 0 1 0 0 0 0 0 0 0 0 0 0 0 0 0 3 0 0 0 0 6 0 0 0 0 0 0 0 0 6 0 0 0 0 0 0 1 0 0 0 0 0 1 2 2 0 0 0 0 0 0 0 0 0 0 0 0 0 0 0 0 0 0 0 0 11 0 6 
 0 0 0 0 0 0 0 0 0 0 0 0 0 1 0 0 0 0 0 0 0 0 0 0 63 28 1 0 63 62 62 66 0 0 0 36 65 62 0 0 38 107 56 127 47 60 119 326 69 93 267 42 199 334 93 84 106 97 214 0 2 0 0 0 1 0 0 1 0 0 0 0 0 0 0 5 10 0 2 0 0 0 0 0 0 0 0 0 0 0 0 0 0 0 0 0 23 0 0 0 0 0 4 0 5 3 0 0 13 0 1 12 0 0 0 0 0 19 7 0 2 12 0 3 34 0 7 10 0 0 0 17 9 33 40 0 34 0 0 22 0 4 0 0 0 0 0 7 13 0 0 0 0 0 13 0 0 0 0 0 0 2 0 15 0 19 3 0 0 0 0 0 0 0 0 0 37 0 0 0 0 0 0 0 4 5 0 0 19 0 19 0 0 2 0 0 1 13 0 0 23 1 19 0 29 4 24 9 15 0 0 8 27 12 26 31 23 13 35 59 0 0 0 0 0 0 0 0 0 0 0 0 1 0 0 0 0 0 0 0 0 0 4 0 0 0 0 0 0 0 0 10 0 0 0 0 0 0 1 1 0 0 0 2 0 5 2 0 1 0 0 0 0 0 1 0 0 0 0 0 0 0 0 0 0 2 0 0 0 0 
 0 0 0 0 0 0 0 0 2 0 0 0 0 0 0 0 0 0 0 0 2 3 4 2 3 5 3 2 4 3 4 3 3 3 4 5 4 3 3 4 2 1 2 2 0 0 2 2 1 2 1 1 3 0 2 2 1 2 0 2 0 76 61 40 80 27 129 83 302 110 71 94 80 75 41 274 113 58 80 21 0 0 0 0 0 0 0 0 0 0 0 0 0 0 0 0 0 0 0 0 0 0 0 0 0 0 0 11 0 0 0 0 0 0 0 0 0 0 0 0 0 0 0 0 0 0 0 0 0 0 0 0 0 0 0 0 0 0 23 0 18 0 14 10 0 13 0 11 41 0 16 0 0 0 0 10 25 10 0 0 9 0 0 0 0 0 0 0 0 0 0 0 0 0 1 1 0 0 9 0 0 0 0 0 0 0 0 0 0 0 0 0 0 0 0 0 0 0 29 0 0 0 0 0 0 0 0 0 0 0 0 19 0 0 0 0 0 0 0 0 8 8 0 10 0 0 0 0 0 0 10 1 0 8 0 2 0 8 0 0 0 0 0 0 0 0 0 0 9 0 0 0 0 1 8 0 0 0 0 0 0 0 2 0 0 0 0 0 0 0 17 1 0 0 0 67 0 0 0 0 0 0 0 0 0 0 0 0 0 0 
