 0 117 170 135 36 191 477 171 137 110 194 130 159 351 45 246 43 135 99 31 3 0 3 0 0 0 0 3 3 4 1 0 3 0 2 0 0 3 78 0 0 0 0 3 0 2 3 0 0 0 0 0 0 0 0 0 0 0 0 3 0 0 0 8 1 0 0 0 0 0 0 0 0 0 0 0 0 0 3 3 0 35 23 0 11 0 0 37 1 1 13 28 1 0 82 15 26 45 10 0 0 0 0 0 0 0 0 0 0 0 0 0 15 0 0 0 0 0 28 0 0 0 0 0 0 0 0 0 0 0 0 0 0 0 0 0 0 0 0 0 0 0 0 0 0 0 0 0 3 0 0 0 0 0 0 0 0 0 0 1 0 0 17 0 0 5 0 22 21 0 0 0 0 20 22 13 13 8 15 18 6 0 0 0 0 0 0 0 21 0 0 0 10 0 0 0 0 0 0 21 0 0 0 0 0 0 0 0 0 0 0 0 0 0 0 0 0 0 0 0 0 0 0 0 0 0 0 0 0 0 0 0 0 0 0 0 0 0 0 0 0 0 0 0 0 0 87 1 0 2 2 6 0 0 0 0 0 0 0 0 0 0 2 0 0 0 0 0 0 0 0 0 0 0 0 0 17 1 0 0 0 0 0 0 0 0 0 0 0 0 
 117 0 115 579 28 342 62 46 153 221 57 116 382 664 126 161 88 135 42 207 7 0 4 4 0 2 0 2 4 2 2 4 3 0 7 2 3 0 79 75 0 0 0 4 0 2 3 0 0 8 6 0 6 2 9 9 0 0 0 3 0 1 0 44 3 2 0 0 3 4 0 2 4 3 3 0 3 2 3 4 1 9 27 14 27 0 8 0 18 10 16 15 22 21 34 8 27 10 71 25 0 1 0 0 0 0 7 0 0 0 0 0 0 24 0 0 0 0 21 15 0 0 0 0 0 0 0 0 0 0 0 0 0 0 0 0 0 0 0 0 1 0 0 0 0 5 0 0 0 0 0 0 0 0 0 0 0 0 0 0 48 27 62 15 32 0 0 13 0 21 0 0 0 14 13 16 2 0 0 0 0 0 0 0 0 0 16 19 0 0 0 0 7 0 2 0 0 0 24 24 0 0 0 0 1 0 0 0 0 0 0 0 0 0 0 0 0 0 0 0 0 0 0 0 0 0 0 0 0 0 0 0 1 0 0 2 0 0 0 0 0 0 0 0 0 2 0 1 2 0 0 0 0 1 0 0 0 1 0 0 0 0 0 0 0 1 0 0 0 1 0 0 0 0 2 0 0 0 0 0 0 0 0 0 0 0 0 0 0 0 
 170 115 0 125 235 48 76 64 296 237 46 108 56 69 160 557 149 352 54 36 3 3 3 0 0 2 28 4 3 4 0 0 3 0 2 0 0 1 100 0 0 0 0 3 0 2 3 0 0 0 0 0 0 2 0 0 0 0 0 3 0 0 58 0 1 0 5 0 0 14 0 0 0 0 0 51 0 0 7 3 0 0 11 17 19 26 0 0 1 0 16 30 0 0 17 0 0 28 0 0 0 0 0 0 0 0 6 9 0 0 0 0 0 0 0 0 9 20 32 0 0 0 0 0 0 0 0 1 0 0 0 0 0 0 11 0 0 0 0 0 0 0 0 0 0 0 0 0 0 0 0 0 0 0 0 0 0 0 0 6 10 0 23 26 0 0 0 0 33 9 13 34 0 0 12 51 9 15 0 0 39 0 0 0 2 0 10 0 0 0 0 0 13 0 12 0 0 0 22 52 0 0 0 2 0 0 0 0 0 0 0 0 0 0 0 0 0 0 0 0 0 0 0 0 0 0 2 0 0 0 0 0 0 1 0 0 0 0 0 0 0 0 0 0 0 0 2 0 3 89 2 13 2 0 0 0 0 0 0 0 0 0 0 0 0 0 0 0 0 0 0 0 0 53 0 22 0 0 0 0 0 0 0 0 0 0 0 0 0 0 
 135 579 125 0 155 417 129 227 201 90 159 41 93 107 219 274 72 150 59 131 3 0 3 0 0 2 75 3 7 3 0 2 25 79 7 0 0 0 4 158 0 0 0 3 2 2 3 0 0 0 0 6 1 2 0 0 0 0 0 3 0 0 0 1 3 0 1 0 0 5 0 0 0 0 0 0 2 0 3 3 0 0 27 37 4 20 0 14 9 26 41 0 0 0 10 1 27 1 0 0 17 0 0 0 0 0 36 12 0 0 0 0 12 16 30 0 0 0 15 18 0 0 0 0 0 0 0 0 0 0 0 0 0 0 0 0 0 13 0 0 0 0 0 0 0 0 0 0 1 0 0 0 0 0 0 0 0 0 0 0 0 0 12 0 25 74 0 14 0 17 16 1 0 0 7 0 0 15 0 32 0 0 0 0 0 0 33 27 9 0 0 0 7 2 34 0 0 0 31 1 0 0 0 0 0 0 0 0 0 0 0 0 0 0 0 0 0 0 0 0 0 0 0 0 0 0 0 0 0 0 0 0 0 0 0 0 0 0 0 0 0 0 0 0 0 0 9 2 89 176 0 4 18 0 0 0 0 0 0 0 0 0 0 0 0 0 0 0 0 0 9 0 0 0 0 0 39 6 0 0 0 0 0 0 0 0 0 0 0 0 
 36 28 235 155 0 339 56 356 292 100 149 45 160 82 299 81 223 279 155 56 81 0 3 0 0 1 74 111 3 5 76 0 153 2 150 0 0 0 96 99 0 0 0 3 0 2 3 0 0 0 0 5 0 0 0 0 4 0 0 3 0 0 0 0 1 0 1 0 0 0 0 0 1 0 0 0 0 0 4 3 0 17 0 17 7 23 10 0 0 5 2 31 1 0 0 0 0 0 0 11 11 34 1 0 0 0 0 43 9 13 7 18 12 13 10 14 2 18 8 21 0 0 0 0 0 0 0 0 0 0 0 1 0 0 15 0 0 0 0 0 0 1 0 0 0 1 0 0 0 0 0 0 0 0 0 0 0 12 0 0 0 0 2 0 0 19 12 0 0 0 0 0 24 1 3 0 0 0 0 12 28 20 1 0 0 0 9 19 0 1 0 0 10 46 25 26 0 0 0 15 0 0 0 0 0 0 10 0 0 0 0 0 0 0 0 0 0 0 0 0 0 0 0 0 0 0 0 0 27 2 0 0 0 0 0 0 0 0 0 0 0 0 0 0 0 2 87 0 3 45 0 9 0 0 0 0 0 0 0 0 0 0 0 0 0 0 0 0 0 0 0 0 0 0 0 1 0 0 0 0 0 0 0 0 0 0 0 0 0 0 
 191 342 48 417 339 0 126 128 144 57 269 184 234 140 53 176 283 50 240 56 48 1 3 0 0 0 6 76 3 26 74 2 4 0 2 0 0 0 150 21 0 0 0 5 0 2 5 0 4 0 0 3 2 0 0 0 2 0 0 3 0 32 0 0 2 0 1 0 3 0 0 0 0 0 0 0 1 2 4 3 1 16 10 8 24 1 2 10 1 38 27 27 0 0 24 0 22 0 0 0 15 0 0 0 0 0 1 21 8 0 12 5 33 7 12 0 0 20 6 1 0 0 0 2 0 0 2 0 0 0 0 0 0 0 0 0 0 0 0 0 0 0 0 0 0 0 0 0 0 0 0 0 0 0 0 0 0 0 0 8 0 0 13 0 10 19 0 29 16 0 0 0 0 0 11 0 1 9 0 8 29 4 0 0 0 1 12 0 13 0 0 0 8 3 31 15 1 0 0 40 2 0 0 0 0 0 0 0 0 2 0 0 0 0 0 0 0 0 0 0 0 1 0 0 0 0 0 1 0 0 0 0 0 0 0 0 0 0 0 0 0 1 11 0 0 1 86 5 1 8 0 31 0 5 1 0 0 0 0 0 0 0 0 0 0 0 0 0 0 0 0 0 0 0 0 0 10 0 0 0 0 0 0 0 0 0 0 0 0 0 
 477 62 76 129 56 126 0 291 35 338 31 119 175 137 210 206 19 35 113 208 3 2 79 0 0 0 0 3 4 3 0 0 3 0 3 0 0 0 4 0 0 0 0 3 0 2 3 0 0 0 0 0 0 2 0 0 0 0 0 3 0 0 0 6 3 0 0 0 0 0 0 0 0 0 0 0 2 0 3 2 0 0 1 0 0 1 23 62 13 16 21 0 14 16 31 20 38 31 2 1 0 0 0 0 0 0 0 0 0 0 0 0 9 0 0 0 0 0 10 0 0 0 0 0 0 0 0 0 0 0 0 0 0 0 0 0 0 0 0 0 0 0 0 0 0 0 0 0 5 0 0 0 0 0 0 0 0 0 0 1 11 9 0 9 1 0 0 10 0 16 0 0 0 0 14 1 0 11 0 38 0 0 0 0 0 0 0 0 9 0 0 0 0 0 0 0 0 0 0 0 0 0 0 0 0 0 0 0 0 0 0 0 0 0 0 0 0 0 0 0 0 0 0 0 0 0 0 0 0 0 0 0 6 0 0 4 0 0 0 0 0 0 0 0 0 0 45 0 0 2 0 5 0 0 0 0 0 0 0 0 0 0 0 0 0 0 0 0 0 0 0 0 0 0 0 0 0 10 0 0 0 0 0 0 0 0 0 0 0 0 
 171 46 64 227 356 128 291 0 69 123 433 98 133 235 164 220 35 290 51 63 4 0 3 0 0 0 0 3 4 3 16 0 5 27 0 0 0 1 93 1 0 66 1 3 0 3 3 0 0 0 0 0 0 0 0 0 1 0 0 3 0 0 0 0 1 0 0 0 0 2 0 0 0 0 0 0 0 0 3 3 1 15 10 19 11 13 0 25 18 26 14 7 15 0 29 0 18 11 0 0 0 1 0 14 0 0 0 0 0 0 0 0 26 0 0 0 0 0 0 0 0 0 0 0 0 0 0 0 0 0 0 0 0 0 0 0 2 0 0 0 0 0 0 0 0 0 2 0 0 0 0 0 0 0 0 0 0 0 2 3 0 13 1 14 0 12 0 14 0 9 11 14 11 0 0 16 14 16 0 6 0 0 0 0 0 0 0 0 13 0 0 0 0 1 0 0 0 0 9 0 0 1 0 0 0 0 0 0 0 0 0 0 0 0 0 0 0 0 0 0 0 0 17 0 0 0 0 0 0 0 0 0 0 0 0 0 2 0 0 0 0 14 0 0 0 2 87 0 0 109 0 13 7 0 0 0 0 22 0 0 0 0 0 0 0 0 0 0 0 0 0 0 0 0 0 0 0 0 0 0 0 0 0 0 0 0 0 0 0 0 
 137 153 296 201 292 144 35 69 0 243 279 31 207 460 72 276 143 134 83 255 4 0 3 0 6 0 152 3 3 5 0 1 3 86 5 0 2 3 132 81 0 0 1 2 3 5 6 0 0 0 0 0 26 0 0 0 0 0 0 3 0 46 0 2 3 0 7 2 1 0 10 0 0 3 0 3 3 0 17 2 1 46 6 26 12 2 0 0 4 9 9 12 0 0 2 0 13 10 16 0 10 2 0 0 0 0 23 2 0 0 0 0 24 13 12 0 0 0 41 38 0 0 0 0 0 0 1 0 0 0 0 0 0 0 0 0 0 0 0 0 1 0 0 0 0 0 0 0 0 0 0 0 0 0 0 0 0 0 0 9 0 0 11 14 11 16 0 15 43 9 8 22 0 0 15 19 16 28 0 7 10 0 0 0 0 0 57 17 0 0 0 0 16 2 5 0 0 0 14 0 0 0 0 0 1 0 0 0 2 0 0 0 0 0 0 0 0 0 0 0 0 0 0 0 0 0 0 0 0 0 0 0 1 0 0 2 0 0 48 0 0 0 0 0 0 2 2 0 0 184 11 2 25 0 0 0 0 0 0 0 0 0 0 0 0 0 0 0 0 2 2 0 0 0 0 15 42 0 0 0 0 0 0 0 0 0 0 0 0 0 
 110 221 237 90 100 57 338 123 243 0 215 84 152 453 144 198 252 340 278 56 3 0 3 3 0 0 32 6 5 3 0 3 3 0 2 0 0 0 161 0 0 0 0 5 0 2 5 0 0 0 0 0 2 2 0 0 0 0 0 3 0 0 0 0 1 0 0 0 3 0 0 0 0 0 0 3 0 2 3 3 0 1 28 0 11 10 0 0 0 1 18 14 10 0 11 3 11 12 11 4 2 0 0 0 0 0 6 9 0 0 0 0 0 29 0 0 9 32 59 1 17 0 0 0 0 0 4 0 0 0 0 0 7 0 9 9 0 0 0 0 0 0 0 0 0 0 0 0 0 0 0 0 0 0 0 0 0 0 0 6 18 10 12 0 0 8 0 12 50 0 11 16 0 0 18 31 30 0 0 1 14 0 0 0 0 0 2 0 2 0 0 0 1 1 18 0 0 0 21 20 0 0 0 0 0 0 0 0 0 0 12 0 0 0 2 0 0 0 0 0 0 0 0 0 0 0 0 0 0 0 0 0 0 0 0 0 16 0 0 0 0 0 0 0 0 4 0 0 0 4 14 9 1 0 0 0 0 0 2 0 0 0 0 0 0 0 0 0 0 0 0 0 0 49 0 9 0 0 0 0 0 0 0 0 0 0 0 0 0 0 
 194 57 46 159 149 269 31 433 279 215 0 128 63 470 286 388 187 103 30 119 3 0 3 0 1 1 1 2 5 2 1 0 3 1 1 0 0 0 79 81 0 10 0 2 0 2 3 0 0 0 0 1 0 2 0 0 0 0 0 3 0 0 0 0 3 0 0 0 0 0 0 0 0 0 33 0 3 0 3 2 0 9 11 13 35 0 1 12 2 22 7 14 0 13 0 13 14 10 3 0 4 0 0 0 0 0 0 0 0 0 0 0 47 0 0 1 0 22 27 0 0 0 0 1 0 0 11 0 0 0 0 0 0 0 0 0 0 0 0 0 0 0 0 0 13 26 0 0 0 0 0 0 0 0 0 0 0 0 0 6 11 25 0 28 1 28 6 15 21 0 37 13 0 0 8 30 26 21 0 9 14 10 0 0 0 2 11 0 21 0 0 0 19 0 32 0 0 0 0 1 1 0 0 0 0 0 0 0 0 1 0 0 0 0 0 0 0 0 0 0 0 0 0 0 0 0 0 0 0 0 0 0 0 0 0 0 0 16 0 0 0 16 0 0 0 2 1 0 2 5 15 11 0 0 0 0 0 0 0 0 0 0 0 0 0 0 0 0 0 0 0 0 0 0 0 34 11 0 0 0 0 0 0 0 0 0 0 0 0 0 
 130 116 108 41 45 184 119 98 31 84 128 0 236 32 36 123 203 170 42 39 78 0 3 0 0 0 0 34 3 3 1 0 77 64 1 2 1 0 103 76 0 0 0 3 0 2 3 0 0 0 0 0 0 0 0 0 0 0 0 3 0 0 0 0 1 0 1 0 0 0 0 0 0 0 0 0 0 0 7 3 6 1 1 0 24 0 0 0 0 22 12 94 0 1 6 0 1 0 1 0 22 11 1 0 0 0 0 1 0 0 0 1 0 26 1 1 0 15 16 0 0 0 2 0 0 0 0 0 0 0 0 14 0 0 0 0 0 0 0 0 0 0 0 0 1 1 0 0 0 2 0 2 0 0 0 0 0 0 0 0 0 0 4 14 13 62 0 13 16 0 0 7 0 0 15 0 0 0 0 0 17 21 0 0 0 0 1 19 0 0 0 0 29 0 13 11 0 0 0 19 0 0 0 0 0 0 0 0 0 0 0 0 0 10 0 0 0 0 0 0 0 2 1 1 0 0 0 1 0 0 0 0 0 0 0 0 0 1 0 1 0 0 0 0 0 1 4 0 6 2 0 4 0 0 0 0 0 0 0 0 74 0 0 0 0 0 0 0 0 0 0 0 0 0 0 17 11 0 0 0 0 0 0 0 0 0 0 0 0 1 
 159 382 56 93 160 234 175 133 207 152 63 236 0 465 130 112 72 52 314 135 3 5 3 1 0 3 0 3 3 7 6 4 3 0 3 0 0 0 77 5 0 0 0 3 0 2 3 0 0 0 0 5 0 1 0 0 3 5 0 3 6 3 0 6 3 2 0 0 2 0 5 0 2 0 0 0 7 3 3 2 8 64 24 10 0 0 47 0 25 0 0 0 27 19 0 17 26 0 30 25 15 0 0 0 0 0 0 0 0 0 0 0 0 0 0 1 0 0 0 0 0 0 2 0 0 1 0 0 0 0 0 0 2 0 0 0 0 10 0 0 0 0 0 0 0 3 0 0 15 0 0 0 0 0 0 0 0 0 0 0 22 43 10 14 11 0 10 73 1 13 2 0 16 22 9 9 9 1 1 10 0 0 0 0 0 0 0 0 0 0 0 1 0 0 0 16 0 0 0 0 0 0 0 0 0 0 0 2 0 10 0 0 0 0 0 0 0 2 0 1 0 0 0 0 0 0 0 1 0 0 0 0 0 0 0 0 0 0 0 0 0 0 0 0 2 2 2 2 3 2 0 18 0 0 0 0 0 0 0 0 0 0 0 0 0 0 0 0 0 0 0 0 0 0 69 0 0 0 0 0 0 0 0 0 0 0 0 0 0 0 
 351 664 69 107 82 140 137 235 460 453 470 32 465 0 455 55 50 405 163 226 3 0 3 0 0 0 0 2 3 2 0 2 3 3 2 2 0 0 3 0 0 36 0 3 0 2 34 0 0 0 0 0 0 2 0 0 0 2 0 3 0 0 0 0 3 0 0 0 0 0 0 0 0 0 3 40 3 0 3 2 3 11 40 1 1 0 8 13 59 12 12 1 40 19 24 1 26 6 25 26 0 1 0 0 0 0 0 0 0 0 0 0 1 0 0 0 0 0 15 0 0 0 0 0 0 0 0 0 0 0 0 0 0 0 0 0 2 0 0 0 0 0 0 0 1 1 2 0 1 0 0 0 0 0 0 0 0 0 2 0 17 26 0 19 0 0 6 28 1 16 0 10 11 15 0 56 31 12 0 6 0 0 0 0 0 0 0 0 9 0 0 0 0 0 0 0 0 0 0 0 0 0 0 0 0 0 19 0 0 0 0 0 0 0 0 0 1 0 0 0 0 0 0 0 0 0 0 0 0 0 0 0 0 0 0 0 0 0 0 0 0 18 0 0 0 3 5 2 0 1 21 13 0 0 0 0 0 0 0 0 0 0 0 0 0 0 0 0 0 0 0 0 0 0 0 0 0 6 0 0 0 0 0 0 0 0 0 0 0 0 
 45 126 160 219 299 53 210 164 72 144 286 36 130 455 0 85 395 334 154 104 5 0 6 0 0 0 1 6 5 8 0 2 5 0 2 0 0 0 22 3 2 7 2 3 0 2 3 0 0 0 0 64 0 0 2 3 1 0 0 7 0 0 0 0 4 46 0 0 0 6 0 0 0 0 0 0 1 2 5 9 24 0 20 14 39 11 1 25 23 10 50 0 0 0 16 10 11 21 12 1 0 0 0 0 0 0 1 0 0 0 0 0 0 18 0 0 0 0 2 0 0 0 0 0 1 0 0 0 0 0 0 0 0 0 0 0 0 5 0 2 0 0 10 2 0 2 0 0 6 0 0 0 0 0 0 0 0 0 0 0 10 10 41 6 0 3 0 42 13 24 12 0 0 4 12 0 19 23 0 5 2 0 0 0 0 0 3 2 15 2 0 0 0 0 0 0 0 0 9 11 0 0 0 0 0 0 0 8 0 0 0 2 0 0 0 0 0 0 0 0 0 15 0 0 0 0 0 0 0 0 0 0 0 0 0 0 0 0 0 0 0 0 0 0 0 0 92 0 1 87 0 26 13 0 0 0 0 1 0 0 0 0 0 0 0 0 0 0 0 0 0 0 0 0 0 0 0 18 0 0 0 0 0 0 0 0 0 0 0 0 
 246 161 557 274 81 176 206 220 276 198 388 123 112 55 85 0 244 43 40 130 5 0 3 1 0 1 81 3 3 4 0 0 3 0 2 0 0 2 77 0 2 0 0 3 0 2 3 0 0 0 0 0 0 0 0 0 0 0 0 3 0 0 0 4 2 0 0 0 0 0 0 0 0 0 0 0 1 0 3 3 0 13 10 0 68 0 10 10 13 13 3 48 41 13 30 23 1 36 0 1 1 0 2 0 0 0 66 0 0 0 0 0 65 1 0 0 0 0 44 0 0 0 0 0 0 0 0 0 0 0 0 0 0 0 0 0 0 0 0 0 0 0 0 14 0 0 0 0 2 0 0 0 0 0 0 0 0 0 0 2 9 0 18 0 0 1 13 9 44 2 61 18 0 0 56 27 5 9 0 0 27 0 0 0 0 0 0 0 0 0 0 0 8 0 13 0 0 0 1 14 0 15 0 0 0 0 0 0 0 0 0 0 0 0 0 0 0 0 0 0 0 0 0 0 0 0 0 0 0 0 0 17 20 0 0 0 0 0 0 0 0 0 0 0 0 0 0 0 1 1 8 9 0 0 2 0 0 0 0 0 0 0 0 0 0 0 0 0 0 0 0 0 0 0 0 0 12 0 0 0 0 0 0 0 0 0 0 0 0 0 
 43 88 149 72 223 283 19 35 143 252 187 203 72 50 395 244 0 247 38 123 5 0 5 0 3 38 43 2 3 2 0 0 3 75 1 3 0 4 119 149 0 1 0 3 2 4 3 0 0 0 0 0 0 2 0 63 0 0 0 3 0 3 0 2 3 0 0 2 0 0 0 0 0 3 0 0 3 0 3 2 0 0 15 6 47 23 0 2 0 41 29 49 15 0 19 0 3 10 0 12 10 0 0 0 0 0 18 10 0 0 0 0 12 26 21 0 10 14 14 0 0 0 0 0 0 0 0 0 2 0 0 0 0 0 7 0 2 0 0 0 0 1 0 0 1 0 2 0 0 0 0 0 0 0 0 0 0 0 2 2 27 16 29 0 0 0 0 15 12 0 9 22 0 0 36 42 12 1 0 3 24 0 0 0 0 0 14 12 0 0 0 0 9 1 10 0 0 0 45 43 0 0 0 0 0 0 0 0 0 0 0 0 0 0 0 1 0 0 0 18 0 0 0 12 0 0 0 0 0 0 0 0 0 0 0 0 2 0 0 0 0 0 0 0 0 0 0 0 0 86 0 9 0 0 0 0 0 0 0 0 0 0 0 0 0 0 0 0 0 0 0 0 0 0 0 7 12 0 0 0 0 0 0 0 0 0 0 0 0 0 
 135 135 352 150 279 50 35 290 134 340 103 170 52 405 334 43 247 0 38 19 77 0 5 0 0 0 78 77 3 10 0 0 100 104 1 0 0 0 86 82 0 5 0 3 0 2 3 0 0 8 0 0 2 0 0 0 0 0 0 3 0 0 0 2 3 0 0 0 0 0 0 0 0 0 0 0 3 0 3 2 2 0 0 0 23 46 0 0 15 11 7 11 60 0 25 28 14 30 3 9 4 3 0 0 0 0 31 11 0 0 0 0 0 17 10 1 11 36 21 0 0 0 0 0 0 0 0 0 0 0 0 0 10 0 19 0 0 0 0 0 2 0 0 0 0 0 0 0 0 3 2 0 0 0 0 0 0 0 0 2 0 47 0 21 0 0 0 24 47 13 3 23 10 0 20 13 30 11 0 11 9 1 0 0 0 0 11 0 0 0 0 0 29 22 1 0 0 0 20 10 0 0 0 0 2 0 0 0 0 0 0 0 0 0 0 0 0 0 0 0 7 0 0 0 0 0 0 0 0 0 0 0 2 0 0 0 0 0 0 0 0 19 0 0 0 2 0 3 5 5 22 17 0 4 0 0 0 0 0 0 0 0 0 0 0 0 0 2 0 2 0 0 0 47 0 8 7 0 0 0 0 0 0 0 0 0 0 0 0 0 
 99 42 54 59 155 240 113 51 83 278 30 42 314 163 154 40 38 38 0 169 3 3 6 1 1 6 3 3 3 3 0 3 5 0 3 0 0 0 3 0 3 0 0 5 0 2 8 0 0 0 3 0 68 0 0 0 0 0 1 3 0 0 0 2 3 0 4 0 6 0 0 0 0 0 0 52 2 0 3 2 1 24 10 2 0 0 45 41 0 0 0 0 15 10 0 11 7 0 28 0 0 0 0 2 0 0 0 0 0 0 0 0 0 0 0 0 0 0 0 1 0 0 0 0 0 0 0 1 0 2 0 0 0 0 2 0 0 0 0 0 0 0 0 0 0 0 0 0 0 0 0 1 0 0 0 0 0 0 0 0 0 3 0 8 0 0 19 0 0 4 2 0 58 39 0 0 0 2 44 96 0 0 0 0 0 0 1 0 0 0 0 0 0 0 14 0 0 0 0 2 0 0 0 0 0 0 0 0 0 0 0 0 0 0 0 0 0 0 0 0 0 0 0 0 0 0 1 0 0 0 0 0 0 0 0 0 0 0 0 0 0 0 0 0 0 2 0 2 0 0 0 8 0 0 0 0 0 0 0 0 0 0 1 0 0 0 0 0 0 0 0 0 0 1 0 0 0 0 0 0 0 0 0 0 0 0 0 0 0 0 
 31 207 36 131 56 56 208 63 255 56 119 39 135 226 104 130 123 19 169 0 5 0 3 0 0 0 0 4 3 3 0 0 3 0 2 0 0 0 4 1 0 4 0 3 0 2 3 0 0 0 0 0 0 0 0 0 0 0 0 3 0 0 0 0 1 0 0 0 0 0 0 0 0 0 0 0 0 0 3 3 44 23 14 0 0 0 24 9 36 16 46 0 39 45 16 16 8 1 3 0 0 0 0 0 0 0 0 0 0 0 0 0 30 0 0 0 0 0 0 0 0 0 0 0 0 0 0 0 0 0 0 0 0 0 0 0 0 0 0 0 1 0 0 0 0 2 0 0 7 0 0 0 0 0 0 0 0 0 0 0 32 31 17 25 0 0 12 18 0 16 13 9 1 3 0 5 23 26 0 17 0 0 0 0 0 0 0 0 17 0 0 0 0 0 2 0 0 9 0 0 0 0 0 0 1 0 0 0 1 0 2 0 0 0 2 0 0 0 0 0 0 0 0 0 0 0 0 0 0 0 0 0 0 0 0 0 0 0 0 0 0 13 0 0 0 0 93 0 2 0 0 13 0 0 0 0 0 0 0 0 0 0 0 0 0 0 0 0 0 0 0 0 0 0 0 0 0 10 0 0 0 0 0 0 0 0 0 0 0 0 
 3 7 3 3 81 48 3 4 4 3 3 78 3 3 5 5 5 77 3 5 0 155 157 46 47 242 88 221 194 95 262 101 294 258 57 102 323 54 40 58 21 0 1 0 2 0 2 0 7 1 26 0 0 3 22 22 7 15 29 1 6 3 0 2 0 3 0 0 1 2 0 0 1 0 1 0 0 2 0 0 0 0 0 10 0 7 0 0 12 0 0 0 0 0 0 0 0 6 2 0 0 23 8 0 1 0 0 26 12 8 15 10 38 15 13 17 13 13 15 7 0 0 0 8 0 0 10 0 0 0 0 0 1 0 8 0 0 0 0 0 0 0 0 0 0 0 0 0 0 0 0 0 0 0 0 0 0 0 0 1 0 0 0 0 0 9 0 0 1 0 0 26 16 0 0 0 0 4 0 0 26 2 0 0 0 13 13 11 0 0 0 0 11 14 23 15 16 5 14 7 0 0 0 0 0 0 0 0 0 0 0 0 0 0 0 1 0 0 0 0 0 0 0 0 0 0 0 0 0 0 0 0 0 0 0 0 0 0 0 0 0 0 16 0 0 0 0 0 1 0 0 0 0 0 10 0 2 1 35 0 9 2 56 0 0 0 0 0 0 0 0 0 0 0 0 33 0 0 0 0 0 0 0 0 0 0 0 0 0 0 
 0 0 3 0 0 1 2 0 0 0 0 0 5 0 0 0 0 0 3 0 155 0 202 62 406 186 174 48 186 202 50 49 119 124 144 135 125 187 23 49 15 21 3 22 5 15 4 0 24 2 1 21 0 16 0 0 3 3 20 17 9 2 53 6 0 3 0 0 1 2 0 0 1 0 0 0 0 2 2 0 0 0 0 0 1 0 0 0 0 0 0 0 0 0 0 0 0 0 0 0 18 12 33 9 11 1 23 13 11 4 9 20 1 22 11 1 13 0 1 7 19 0 16 0 12 0 35 0 0 0 0 0 13 7 0 0 0 0 16 9 0 0 1 0 0 0 0 0 0 0 0 0 0 4 0 0 0 0 0 0 0 0 1 0 2 18 0 3 0 0 0 0 0 0 0 0 0 2 0 0 2 1 0 11 25 9 0 19 14 31 10 12 1 1 12 23 23 7 0 0 0 0 0 0 0 0 14 0 0 0 0 0 8 2 0 0 0 0 36 0 0 0 0 0 0 0 0 0 0 0 9 0 0 0 0 0 0 0 0 0 0 0 0 0 0 0 0 0 0 0 0 0 0 0 11 0 0 0 81 0 1 6 0 0 0 0 10 0 0 0 0 0 0 0 0 0 0 0 0 0 0 9 0 0 0 0 7 0 0 0 
 3 4 3 3 3 3 79 3 3 3 3 3 3 3 6 3 5 5 6 3 157 202 0 105 252 548 147 399 232 313 352 40 77 74 202 106 136 264 41 61 0 0 2 0 2 0 28 0 2 0 0 1 62 63 0 0 3 3 97 16 2 0 0 0 0 3 0 0 0 2 0 0 5 5 0 0 0 2 0 6 0 8 0 0 0 0 0 0 0 0 0 0 2 0 0 0 2 0 0 0 0 0 18 0 2 20 0 0 0 15 15 11 0 11 0 0 12 0 0 0 24 0 0 0 0 0 17 0 0 0 2 0 38 0 0 0 0 0 25 16 0 0 0 0 0 0 0 0 0 0 0 0 0 3 0 0 0 0 0 0 0 0 0 0 0 0 0 1 0 0 0 0 0 0 0 0 1 3 0 0 1 0 24 3 40 14 0 11 2 10 4 19 0 0 0 0 9 31 4 11 5 0 0 0 0 11 58 0 0 0 0 0 10 17 0 0 0 0 35 90 0 5 0 0 0 0 0 0 0 0 0 1 11 0 16 9 0 0 0 0 0 0 0 0 0 1 0 0 0 0 0 0 0 0 6 2 1 5 80 0 4 0 0 0 0 0 0 0 0 0 0 0 0 0 0 0 0 0 0 0 0 29 0 0 0 0 0 0 0 2 
 0 4 0 0 0 0 0 0 0 3 0 0 1 0 0 1 0 0 1 0 46 62 105 0 95 116 157 66 281 91 308 57 275 154 58 34 40 55 73 277 0 1 8 14 6 4 4 0 2 1 7 2 129 66 35 0 3 5 27 69 2 0 0 45 0 6 29 6 0 2 4 0 4 0 0 0 0 3 0 6 0 0 0 0 0 0 0 0 6 0 0 0 0 0 0 0 0 0 0 0 12 12 0 0 13 38 0 0 0 16 0 16 0 0 0 13 6 9 0 0 43 25 0 0 0 1 0 13 13 0 0 0 1 25 11 10 22 0 25 22 0 0 0 0 0 0 0 0 0 1 0 0 0 3 11 0 0 0 0 0 0 0 0 0 0 0 0 0 0 0 0 0 0 0 0 0 0 0 0 0 0 12 12 0 8 12 0 13 11 1 11 14 16 0 0 0 17 0 0 0 39 0 10 0 0 0 12 1 20 3 43 0 34 25 11 43 0 0 11 13 0 0 0 0 0 0 0 0 0 0 0 2 0 0 0 0 0 0 0 0 0 34 3 0 0 0 0 0 0 0 0 0 0 0 11 1 4 47 0 0 0 13 0 0 0 0 0 0 0 0 0 0 0 0 0 0 0 0 0 0 0 0 0 0 0 0 0 12 0 0 
 0 0 0 0 0 0 0 0 6 0 1 0 0 0 0 0 3 0 1 0 47 406 252 95 0 95 74 270 373 390 159 182 70 75 176 176 37 201 76 94 0 0 3 0 6 0 2 0 2 0 0 2 0 0 8 83 3 3 63 3 2 0 0 0 0 3 0 0 0 2 0 0 0 0 0 0 0 2 0 0 0 0 0 0 0 0 0 0 0 0 0 0 0 0 0 0 0 0 0 0 0 11 11 14 19 20 26 11 6 0 0 5 0 16 10 0 21 7 0 2 0 16 0 1 0 0 22 13 0 6 18 0 1 0 10 1 11 0 9 14 0 0 1 6 0 0 0 12 0 0 0 0 0 0 0 9 0 0 5 0 0 0 0 0 0 0 0 0 0 0 0 0 0 0 0 0 0 4 0 0 0 1 0 7 0 0 0 19 1 1 0 13 0 0 9 11 21 10 0 1 25 0 0 0 0 0 25 12 0 0 3 6 0 0 10 10 1 0 0 36 0 0 0 0 0 0 0 0 0 0 0 0 0 0 0 0 0 0 0 0 0 0 0 0 0 0 0 0 0 0 0 0 0 0 2 1 2 2 40 2 4 0 0 0 0 0 11 0 0 0 0 0 0 0 0 0 0 0 0 0 0 0 12 0 0 0 0 1 0 0 
 0 2 2 2 1 0 0 0 0 0 1 0 3 0 0 1 38 0 6 0 242 186 548 116 95 0 26 78 118 154 292 63 40 131 423 359 361 144 51 61 56 63 7 215 4 3 136 65 2 27 212 2 62 63 72 0 28 3 186 65 2 0 0 0 2 3 0 0 0 6 3 0 0 0 0 0 3 2 2 2 0 0 0 0 0 0 0 0 0 0 0 0 0 0 0 0 0 8 0 0 10 0 12 8 23 10 0 0 0 0 18 0 0 0 0 0 16 0 0 0 64 13 0 0 0 0 0 2 0 14 0 0 35 43 0 0 0 0 50 27 0 0 21 0 0 0 0 0 1 2 0 0 0 10 2 0 0 0 0 0 0 0 6 0 0 0 0 2 0 0 0 2 0 2 0 0 0 0 0 0 0 2 96 1 26 12 0 0 27 23 34 23 0 0 8 0 32 7 0 0 20 0 3 1 0 0 1 6 1 0 0 0 14 30 15 0 2 0 35 14 0 0 0 18 0 0 0 0 0 0 0 0 2 0 0 0 0 0 0 0 0 0 0 0 0 0 0 0 0 0 0 0 0 0 3 2 0 0 0 1 2 36 0 0 0 0 0 0 0 0 0 0 0 0 0 0 0 0 0 8 0 13 0 0 0 3 0 0 0 0 
 0 0 28 75 74 6 0 0 152 32 1 0 0 0 1 81 43 78 3 0 88 174 147 157 74 26 0 94 127 117 116 316 255 109 112 54 36 32 117 34 0 0 2 0 2 0 2 0 2 0 0 1 0 2 0 0 4 3 0 0 2 0 0 0 0 3 0 0 0 2 0 3 0 0 0 0 0 4 0 0 0 0 0 0 0 16 0 0 0 0 0 7 0 0 0 0 9 10 0 0 14 0 0 9 0 1 26 38 26 19 12 28 2 10 1 19 9 20 37 23 0 0 0 0 0 0 18 0 0 0 0 0 0 0 10 0 0 0 0 0 0 0 0 0 0 0 0 0 0 0 0 0 12 0 0 0 0 0 0 6 0 0 0 0 13 1 0 2 20 0 16 25 0 0 0 23 0 3 0 0 20 1 0 1 0 11 20 20 43 37 1 0 0 26 20 24 19 4 43 24 0 0 0 0 0 0 0 0 0 0 0 0 0 0 0 0 0 0 15 0 0 0 0 0 0 0 0 0 0 0 0 0 12 0 0 0 0 0 0 0 0 0 0 0 0 0 75 0 0 0 0 0 0 0 6 0 0 1 42 0 1 0 0 0 0 0 0 0 0 0 0 0 0 0 0 8 0 0 0 8 0 0 0 0 0 0 12 0 0 0 
 3 2 4 3 111 76 3 3 3 6 2 34 3 2 6 3 2 77 3 4 221 48 399 66 270 78 94 0 282 192 44 21 201 138 43 110 36 112 268 210 0 0 2 0 2 0 2 0 4 0 0 4 0 0 0 0 8 3 64 0 2 0 0 0 0 3 0 0 0 2 0 0 0 0 0 0 0 2 0 0 0 0 1 1 29 22 0 0 0 1 9 13 0 0 0 0 0 0 0 0 12 12 1 13 10 9 11 0 27 0 10 1 1 16 29 2 1 16 0 0 0 0 22 0 0 0 0 0 0 0 0 0 0 0 0 0 0 0 10 0 1 0 0 0 0 0 0 1 0 0 0 0 0 0 0 0 0 0 0 0 0 0 0 2 0 5 0 0 0 0 0 0 20 0 6 0 2 0 0 0 8 14 4 0 0 0 5 21 18 19 0 20 21 29 8 41 9 0 0 0 0 0 0 0 0 0 0 0 0 0 0 0 0 0 0 0 0 0 31 0 0 8 0 0 0 0 0 2 0 0 0 0 0 0 0 0 0 0 0 0 0 0 11 0 0 0 5 0 0 0 0 0 0 0 12 0 0 0 0 2 2 2 0 0 0 0 0 0 0 0 0 0 0 0 0 0 10 0 0 9 0 0 0 0 0 0 0 0 0 11 
 3 4 3 7 3 3 4 4 3 5 5 3 3 3 5 3 3 3 3 3 194 186 232 281 373 118 127 282 0 170 141 146 73 77 184 118 190 128 75 66 0 0 3 0 3 0 64 0 4 0 0 2 0 1 0 0 3 3 42 0 2 0 0 4 0 3 0 0 0 2 64 0 0 0 0 0 0 2 2 0 0 0 0 14 0 0 0 0 0 0 0 0 0 0 0 0 0 0 0 0 0 13 42 21 13 30 1 0 0 30 10 10 7 9 16 13 0 0 0 1 14 0 0 0 0 0 23 0 1 0 0 0 15 0 0 0 0 0 26 14 0 0 21 0 0 0 0 0 0 0 0 0 0 1 0 0 0 0 0 0 38 0 0 0 2 40 0 7 0 0 3 7 0 0 0 0 0 3 0 0 0 0 34 61 43 5 30 9 0 2 22 27 0 11 39 0 4 69 0 1 9 0 0 0 0 0 15 0 0 0 0 0 13 0 0 0 0 0 30 0 13 0 0 0 0 0 0 0 0 0 0 0 0 0 0 0 1 0 0 0 0 0 0 0 0 0 0 0 76 0 0 1 0 0 3 2 0 78 160 2 3 1 0 0 0 0 0 0 0 0 0 0 0 0 0 0 0 0 0 0 0 0 0 0 0 0 0 0 0 0 
 4 2 4 3 5 26 3 3 5 3 2 3 7 2 8 4 2 10 3 3 95 202 313 91 390 154 117 192 170 0 256 293 39 129 191 269 78 182 323 621 3 0 4 0 3 0 0 1 3 3 0 5 0 66 0 0 1 5 20 0 0 0 3 3 3 0 0 0 0 0 1 2 0 0 0 1 0 0 0 2 0 0 0 0 0 0 0 0 0 0 0 0 0 0 0 0 0 0 0 0 19 43 10 45 30 1 12 9 41 15 49 24 24 3 19 27 0 0 0 58 0 0 0 0 0 1 17 0 0 0 0 0 0 0 0 0 0 0 1 0 0 0 0 0 0 0 0 0 0 0 2 0 0 0 0 0 0 0 0 0 0 0 0 0 0 0 0 10 0 0 2 0 0 0 0 0 0 1 0 0 47 9 43 5 32 0 20 17 12 43 19 45 0 26 30 25 14 1 0 0 0 0 0 0 1 0 24 0 0 0 0 0 0 0 0 0 0 0 9 43 0 0 0 0 0 0 0 0 0 0 0 0 0 0 0 0 0 0 0 0 0 0 8 0 0 0 0 0 0 0 0 0 0 0 3 0 1 83 1 5 6 0 0 0 0 0 0 0 0 0 2 0 0 0 0 0 0 0 0 0 0 19 0 0 0 0 11 0 0 0 
 1 2 0 0 76 74 0 16 0 0 1 1 6 0 0 0 0 0 0 0 262 50 352 308 159 292 116 44 141 256 0 60 159 198 171 158 197 64 70 157 0 2 2 0 4 1 64 64 4 3 2 2 37 24 2 3 6 3 2 2 2 0 0 6 0 54 3 0 0 2 0 0 3 0 0 2 0 2 0 0 0 0 0 0 1 43 0 0 2 0 0 15 0 0 0 0 1 2 0 0 28 0 9 1 2 6 0 0 32 19 10 44 0 9 25 1 2 0 0 16 12 0 0 0 0 0 1 11 0 0 0 0 15 0 1 0 0 0 12 0 0 0 0 0 0 0 0 0 0 0 1 0 0 0 0 0 0 0 0 0 0 0 0 0 0 1 0 1 0 0 0 0 0 0 0 0 1 3 1 0 8 0 11 27 12 15 18 9 0 2 14 0 0 4 11 24 2 20 0 17 0 0 0 0 0 0 12 0 1 0 0 0 0 8 10 0 0 0 11 6 0 0 0 0 0 0 0 0 0 0 0 0 0 0 0 1 0 2 0 0 0 0 7 0 0 0 0 0 0 2 0 0 0 0 7 0 6 113 76 4 0 2 0 0 0 0 0 0 0 0 0 0 0 0 0 0 0 0 0 1 0 24 0 0 0 0 0 0 0 0 
 0 4 0 2 0 2 0 0 1 3 0 0 4 2 2 0 0 0 3 0 101 49 40 57 182 63 316 21 146 293 60 0 110 272 123 178 150 84 41 39 0 0 3 210 32 0 2 0 2 6 3 2 0 2 0 0 3 3 0 10 2 0 0 0 0 3 0 0 54 2 0 0 0 0 0 0 0 2 3 0 0 0 0 0 0 0 10 0 0 0 0 0 0 0 0 0 0 0 0 0 0 12 26 35 29 1 9 14 29 13 0 21 0 29 17 0 1 0 0 23 0 2 0 0 0 0 16 20 19 0 0 0 1 0 0 14 0 0 0 0 2 0 8 0 0 0 0 2 0 0 0 0 0 0 0 0 0 0 0 0 0 0 0 1 0 0 0 8 0 0 0 0 0 0 0 0 0 1 0 0 0 1 6 26 12 23 5 17 35 40 8 21 0 3 22 25 19 20 0 1 0 0 0 0 0 0 17 48 0 0 0 0 9 10 0 18 0 0 40 9 0 0 0 0 0 0 0 0 0 0 0 0 0 0 14 0 0 0 2 0 0 0 0 0 0 0 0 0 2 0 0 0 0 0 6 2 1 13 73 0 2 0 0 0 0 0 15 0 0 0 0 0 0 0 0 0 2 0 0 8 0 12 0 0 0 4 15 0 0 0 
 3 3 3 25 153 4 3 5 3 3 3 77 3 3 5 3 3 100 5 3 294 119 77 275 70 40 255 201 73 39 159 110 0 93 112 187 93 267 133 469 0 0 2 0 2 0 2 0 3 0 0 16 0 2 0 0 3 3 0 0 2 0 0 0 0 3 0 0 0 2 0 0 51 0 0 0 0 2 0 2 0 0 0 0 0 41 0 0 0 0 1 29 0 0 0 0 0 0 0 0 0 22 0 12 10 2 24 36 0 15 9 12 9 32 21 22 42 26 15 26 0 0 0 0 0 0 0 0 0 0 0 0 0 0 43 0 0 0 0 0 0 0 0 0 0 0 0 0 1 1 1 0 0 0 0 0 0 0 0 0 0 1 0 0 12 29 12 0 0 0 11 17 0 0 0 2 7 0 0 0 41 0 0 0 0 0 0 47 12 8 0 0 11 34 12 25 0 0 106 10 0 0 0 0 0 0 2 0 2 0 0 0 0 0 0 0 0 0 0 0 0 0 2 0 0 0 0 0 0 0 0 0 0 0 0 0 0 0 0 0 0 0 1 0 0 0 35 0 73 0 0 0 0 0 37 2 1 0 1 0 2 0 0 0 0 0 0 0 0 0 0 0 0 0 0 6 0 0 0 0 0 0 0 0 0 0 8 0 0 0 
 0 0 0 79 2 0 0 27 86 0 1 64 0 3 0 0 75 104 0 0 258 124 74 154 75 131 109 138 77 129 198 272 93 0 239 182 131 267 193 253 2 0 2 3 2 0 2 0 5 3 0 1 0 1 0 0 3 3 0 2 3 0 43 1 0 3 0 0 2 2 0 0 0 2 3 0 0 4 1 0 0 0 0 0 13 13 0 0 0 2 10 0 0 0 0 0 0 0 0 0 61 20 22 22 54 0 16 0 30 9 3 19 2 17 36 9 23 19 0 19 0 0 0 0 0 0 0 0 0 0 0 0 0 0 0 0 0 0 0 32 0 0 1 0 0 0 0 0 0 0 0 0 0 0 0 2 0 0 0 0 0 16 0 0 0 0 4 0 0 0 0 0 0 0 3 2 0 0 0 8 0 15 25 31 13 16 28 14 46 36 82 13 24 23 0 10 42 15 0 0 0 0 0 0 0 0 2 15 2 0 0 0 0 0 0 0 0 0 0 0 0 0 0 0 0 0 0 0 0 0 4 0 0 0 0 0 0 0 0 0 0 0 0 0 0 0 0 0 0 11 0 0 0 0 3 0 0 166 0 2 2 0 0 0 0 0 13 0 0 0 0 0 0 0 0 0 15 0 0 1 0 32 0 0 0 9 5 0 0 0 
 2 7 2 7 150 2 3 0 5 2 1 1 3 2 2 2 1 1 3 2 57 144 202 58 176 423 112 43 184 191 171 123 112 239 0 383 51 48 298 194 0 1 3 1 3 1 2 0 3 0 0 5 0 2 0 0 3 3 3 0 3 0 0 1 0 3 2 1 0 2 0 0 1 0 0 0 0 2 3 3 0 0 0 0 0 12 0 0 0 0 0 15 0 0 0 0 13 0 0 0 10 16 13 1 0 0 0 27 32 0 0 9 0 17 10 0 11 0 0 5 0 0 0 0 0 0 22 0 0 0 0 0 1 0 11 0 0 0 1 16 0 0 30 0 0 0 0 0 0 0 12 0 0 20 0 0 0 0 0 0 0 0 0 0 1 13 0 18 0 0 0 0 0 0 0 0 0 3 0 0 1 1 7 15 21 0 19 21 0 0 33 0 0 12 11 2 14 4 1 6 0 0 0 0 0 0 0 0 0 0 0 0 0 0 0 0 0 0 0 0 0 0 0 0 0 0 0 0 0 0 0 0 0 0 0 0 0 0 0 0 0 0 0 0 0 0 17 0 0 0 0 0 0 0 10 0 0 2 43 2 5 0 0 0 0 0 10 0 0 0 0 0 0 0 0 0 0 0 0 0 0 20 0 0 0 0 0 0 0 0 
 0 2 0 0 0 0 0 0 0 0 0 2 0 2 0 0 3 0 0 0 102 135 106 34 176 359 54 110 118 269 158 178 187 182 383 0 228 216 25 173 0 0 2 1 2 0 2 0 2 0 0 1 0 1 0 0 3 3 65 63 2 0 0 0 0 3 0 0 0 2 0 0 0 0 0 0 0 2 0 0 0 0 0 0 19 4 0 0 0 2 0 0 0 0 0 0 0 0 1 0 17 19 36 30 35 10 23 1 35 3 0 9 2 9 19 1 19 20 0 91 11 0 0 0 0 0 0 0 0 0 0 0 2 0 0 0 0 0 19 9 0 0 24 0 0 0 0 0 0 0 0 0 0 0 0 0 0 0 0 0 0 0 0 0 0 0 8 0 0 0 0 0 0 0 2 0 0 0 0 0 18 1 24 2 29 0 20 17 28 50 14 39 15 33 0 10 0 0 0 1 11 0 0 0 0 0 7 0 0 0 0 0 0 0 0 2 19 0 19 11 0 0 0 0 0 0 0 0 0 0 0 0 0 0 0 0 0 0 0 15 0 0 0 0 0 121 0 0 0 0 0 0 0 0 13 0 0 85 1 1 1 0 0 0 0 0 9 0 0 0 0 0 0 0 0 0 0 0 0 0 0 29 0 0 0 0 11 0 0 0 
 0 3 0 0 0 0 0 0 2 0 0 1 0 0 0 0 0 0 0 0 323 125 136 40 37 361 36 36 190 78 197 150 93 131 51 228 0 180 31 48 0 0 2 0 2 0 21 0 2 0 0 1 63 62 0 0 3 26 64 0 2 0 0 0 0 3 0 0 0 2 0 0 2 0 0 0 0 2 0 0 0 0 0 11 0 6 0 0 0 11 0 0 0 0 6 0 0 0 2 0 10 11 30 9 14 11 0 0 1 27 12 0 15 1 2 8 17 12 0 20 15 0 0 0 0 0 19 0 1 0 0 0 10 0 0 0 0 0 14 2 0 0 5 0 0 0 0 0 0 0 0 0 0 0 0 0 0 0 0 2 0 0 0 0 1 1 4 0 0 0 0 13 0 0 0 0 5 0 0 0 31 0 47 0 16 0 14 0 17 4 11 18 0 13 1 10 9 28 25 0 0 0 0 0 0 0 25 0 0 0 0 0 0 11 0 0 0 0 20 11 0 0 0 0 0 0 0 0 0 0 0 0 0 0 0 0 0 0 0 0 0 0 0 0 0 0 0 0 1 0 0 0 0 0 10 0 1 75 1 1 0 0 0 0 0 0 1 0 0 0 0 0 51 0 0 0 0 0 0 0 0 1 0 0 0 0 0 0 0 0 
 3 0 1 0 0 0 0 1 3 0 0 0 0 0 0 2 4 0 0 0 54 187 264 55 201 144 32 112 128 182 64 84 267 267 48 216 180 0 24 51 0 0 4 1 213 2 2 0 2 2 2 1 0 2 0 0 3 3 99 66 2 41 3 0 0 3 0 0 0 2 0 2 0 0 0 0 0 2 2 0 0 0 0 0 0 0 0 0 0 0 0 0 0 0 0 0 0 0 0 0 11 5 36 3 28 13 0 0 40 19 60 1 0 41 0 30 23 2 0 0 11 0 0 0 0 2 24 0 0 0 0 0 22 0 0 0 0 0 26 53 0 0 30 1 0 0 0 9 0 0 0 0 0 0 0 0 0 0 0 0 0 0 0 0 12 2 0 28 10 0 0 0 0 20 0 1 0 0 0 2 0 16 29 15 19 65 0 1 10 24 47 26 1 0 0 0 20 19 0 0 15 0 0 0 0 0 26 0 1 0 0 19 14 0 0 0 0 0 38 8 0 0 0 0 0 0 0 0 0 0 0 0 0 0 0 0 0 0 0 0 0 0 0 0 0 0 0 0 0 0 0 0 0 0 4 0 1 1 2 4 19 2 0 0 0 0 12 0 0 0 0 0 0 0 0 0 0 0 0 3 0 11 0 0 0 0 0 0 0 0 
 78 79 100 4 96 150 4 93 132 161 79 103 77 3 22 77 119 86 3 4 40 23 41 73 76 51 117 268 75 323 70 41 133 193 298 25 31 24 0 182 0 3 3 0 4 0 5 0 2 0 0 2 0 2 0 0 5 3 0 0 3 0 1 0 0 4 0 0 0 2 3 0 0 0 0 0 3 2 0 0 0 1 8 9 18 20 2 0 0 8 27 30 0 2 0 0 0 16 0 6 27 0 1 0 0 0 5 25 14 13 8 24 26 11 0 17 10 34 37 8 0 7 0 0 0 0 0 0 0 0 0 0 0 0 14 0 7 10 0 0 0 0 0 0 0 0 0 0 0 0 0 1 0 0 0 0 0 0 0 7 1 1 18 0 1 5 0 1 32 0 10 17 0 0 13 19 1 3 0 8 37 29 0 13 0 0 0 0 0 20 16 0 0 14 10 21 0 8 24 27 0 0 0 0 0 0 0 0 0 0 6 0 0 0 0 0 0 0 0 0 0 0 0 0 0 0 0 0 0 2 0 0 0 0 0 0 0 0 0 0 0 0 0 0 0 0 0 0 0 73 0 0 0 0 10 0 0 4 0 8 3 0 0 0 0 0 0 0 0 0 0 0 0 0 0 10 0 12 0 0 0 0 0 1 0 0 0 0 0 0 
 0 75 0 158 99 21 0 1 81 0 81 76 5 0 3 0 149 82 0 1 58 49 61 277 94 61 34 210 66 621 157 39 469 253 194 173 48 51 182 0 0 0 5 0 4 0 2 0 2 0 0 10 6 2 6 6 7 5 3 0 2 0 0 2 0 3 0 3 3 56 2 0 6 0 0 0 0 2 1 2 0 26 0 0 29 21 2 0 0 21 19 32 0 2 1 0 0 0 0 0 59 0 7 1 2 0 33 31 19 1 0 4 1 10 21 2 0 22 13 8 0 0 0 0 0 0 0 0 0 0 0 0 0 0 0 0 0 0 0 0 0 0 0 0 0 0 0 0 0 0 0 1 0 0 0 0 0 0 0 0 0 0 1 0 21 19 0 0 0 0 9 0 0 0 5 0 0 1 0 7 23 3 1 11 11 0 30 0 0 5 11 0 17 33 36 17 0 0 0 8 0 0 0 0 0 0 0 0 0 0 20 0 0 0 0 0 0 0 0 0 0 0 0 0 0 0 0 0 0 1 0 0 0 0 0 0 0 0 0 0 0 0 0 0 0 0 74 0 1 7 0 0 0 0 24 2 2 43 0 5 1 0 0 0 0 0 0 0 0 0 0 0 0 0 0 0 18 0 0 0 0 24 0 1 0 0 0 0 0 0 
 0 0 0 0 0 0 0 0 0 0 0 0 0 0 2 2 0 0 3 0 21 15 0 0 0 56 0 0 0 3 0 0 0 2 0 0 0 0 0 0 0 251 141 338 48 75 232 173 107 82 48 115 72 112 194 48 90 115 51 107 6 0 0 3 6 0 0 0 0 0 5 12 0 0 0 0 0 0 0 0 0 0 0 0 0 0 0 0 0 0 0 7 0 0 0 0 0 8 0 0 0 0 0 0 0 0 0 0 0 0 0 0 0 0 0 0 0 0 0 0 12 27 35 7 0 21 47 0 8 9 0 26 9 7 0 29 21 10 9 0 0 0 0 0 0 0 1 0 0 0 11 0 0 0 7 0 0 0 2 0 0 11 7 0 0 0 0 0 0 0 0 0 0 0 0 0 0 0 0 0 0 0 0 0 0 0 0 0 0 0 0 13 0 0 0 0 0 0 0 0 7 13 10 0 0 0 0 17 24 7 29 4 7 26 9 15 23 0 0 11 0 0 0 0 0 4 0 0 0 0 0 0 2 0 0 0 0 0 1 11 0 0 0 0 0 0 0 0 0 0 0 6 0 0 0 0 0 0 0 0 0 0 2 0 1 0 2 0 2 0 0 0 0 0 0 3 0 0 0 0 0 0 0 0 0 0 0 0 1 0 
 0 0 0 0 0 0 0 66 0 0 10 0 0 36 7 0 1 5 0 4 0 21 0 1 0 63 0 0 0 0 2 0 0 0 1 0 0 0 3 0 251 0 249 245 56 150 81 142 367 210 20 104 84 126 106 47 203 164 47 54 0 0 0 2 3 0 0 0 12 0 2 0 102 0 0 0 5 9 0 51 0 0 0 0 0 0 0 0 3 6 0 0 0 13 0 15 0 4 9 0 0 0 0 0 0 0 0 0 0 0 0 0 7 0 0 0 0 0 0 0 12 12 19 10 0 24 0 2 0 1 0 9 9 10 1 5 56 7 9 0 6 0 0 0 0 0 0 0 0 0 5 0 0 0 13 0 0 0 0 0 0 8 3 3 0 0 24 0 0 0 8 18 10 0 0 0 0 6 0 0 0 0 0 0 6 0 0 0 0 0 0 0 0 0 0 0 7 0 0 0 0 13 16 26 6 14 0 11 0 42 0 0 12 26 0 19 12 24 0 6 0 0 8 0 0 0 1 2 11 0 0 0 19 3 14 20 0 0 50 0 0 3 0 0 0 0 0 0 0 0 0 18 0 1 0 0 0 0 0 0 0 0 55 0 3 0 1 64 0 0 11 0 0 0 2 0 0 0 0 0 0 0 0 0 20 0 0 0 1 0 
 0 0 0 0 0 0 0 1 1 0 0 0 0 0 2 0 0 0 0 0 1 3 2 8 3 7 2 2 3 4 2 3 2 2 3 2 2 4 3 5 141 249 0 415 351 100 83 342 245 369 121 281 60 75 72 354 147 538 254 69 0 4 0 2 0 0 0 2 0 0 0 0 27 3 0 0 1 2 0 0 0 0 0 0 0 0 0 0 0 0 0 0 0 0 0 0 0 0 0 0 0 0 0 0 0 0 0 0 0 0 0 0 0 0 0 0 0 0 15 0 1 1 0 0 12 1 0 22 0 28 0 2 18 0 13 32 0 29 1 1 20 0 0 0 0 0 7 0 0 0 0 0 9 11 0 0 0 0 0 7 0 0 0 0 0 0 0 0 0 0 0 0 4 0 0 0 0 0 0 0 0 0 0 0 0 0 0 0 0 0 0 0 0 0 0 0 0 0 0 0 0 11 0 37 0 0 14 25 0 9 14 31 0 0 12 0 5 10 0 0 0 17 0 0 0 0 1 0 27 0 0 0 22 0 38 28 0 0 21 0 0 0 0 0 0 0 0 0 0 0 0 8 0 1 0 0 0 0 0 2 62 0 65 0 0 0 0 1 0 0 0 0 0 0 0 0 0 0 0 0 0 0 0 0 23 0 0 1 1 0 
 3 4 3 3 3 5 3 3 2 5 2 3 3 3 3 3 3 3 5 3 0 22 0 14 0 215 0 0 0 0 0 210 0 3 1 1 0 1 0 0 338 245 415 0 217 324 136 145 332 138 276 123 265 140 69 331 71 154 66 290 0 0 0 0 0 0 1 5 6 0 0 0 118 0 0 0 0 6 0 50 0 0 0 0 0 0 0 0 0 0 0 0 0 0 0 0 0 0 0 0 7 4 1 0 17 0 0 0 0 24 0 23 0 0 0 7 0 0 0 0 19 0 14 37 0 12 0 3 41 0 3 1 0 0 0 0 34 3 0 0 10 0 0 0 0 0 0 0 0 0 1 0 1 6 14 0 0 0 0 0 10 0 0 0 0 0 0 0 0 0 0 0 7 0 0 0 0 0 2 0 0 12 1 0 0 0 0 0 5 2 5 0 9 0 0 0 5 0 0 0 0 10 19 73 2 48 0 0 0 39 1 0 0 11 0 45 0 43 9 0 0 0 0 0 0 0 0 0 10 0 8 0 19 0 11 0 0 0 35 0 1 0 8 0 0 0 0 0 0 0 0 7 0 0 0 0 0 0 0 2 0 12 27 69 3 0 0 38 1 0 10 0 0 0 0 0 0 0 0 0 0 5 0 0 9 0 0 0 2 0 
 0 0 0 2 0 0 0 0 3 0 0 0 0 0 0 0 2 0 0 0 2 5 2 6 6 4 2 2 3 3 4 32 2 2 3 2 2 213 4 4 48 56 351 217 0 402 51 71 134 292 96 143 76 94 90 139 33 312 70 100 76 24 0 15 2 0 54 55 53 0 0 0 0 95 50 0 23 6 2 53 0 0 0 0 0 0 0 0 0 0 0 0 0 0 0 0 0 0 0 0 0 0 0 5 0 0 0 0 0 0 0 0 0 0 0 0 0 0 0 0 0 0 25 9 10 4 2 27 4 0 17 15 0 0 0 8 19 12 0 30 1 17 0 0 0 1 0 0 9 0 1 0 0 4 9 0 0 0 16 0 9 0 0 0 15 0 0 0 0 0 0 0 6 15 0 0 0 0 0 0 0 0 0 0 0 7 0 0 0 0 0 13 0 0 0 0 0 0 0 0 0 0 0 6 0 33 2 16 0 0 1 11 0 0 0 77 0 34 0 0 14 28 14 0 0 0 0 1 0 0 8 32 23 3 4 21 19 0 0 0 6 0 0 0 0 0 0 0 0 0 0 11 0 0 0 0 0 0 0 1 0 0 2 13 0 2 2 66 0 0 0 0 0 0 0 0 0 0 0 0 0 0 6 0 0 0 0 0 2 0 
 2 2 2 2 2 2 2 3 5 2 2 2 2 2 2 2 4 2 2 2 0 15 0 4 0 3 0 0 0 0 1 0 0 0 1 0 0 2 0 0 75 150 100 324 402 0 36 30 209 355 381 157 48 304 67 71 57 61 34 255 53 0 9 2 0 4 52 23 51 6 8 0 66 104 0 52 0 48 105 0 0 0 0 0 0 0 0 0 0 0 0 0 0 0 0 0 0 0 0 0 0 0 0 0 0 0 0 0 0 0 0 0 0 0 0 0 0 0 0 0 0 0 4 0 19 6 0 0 0 0 1 58 0 0 0 0 11 9 0 0 10 0 0 9 0 21 0 1 13 0 0 0 4 38 0 0 4 0 0 19 0 0 0 0 0 0 0 0 0 10 0 0 0 0 0 0 0 0 0 0 0 0 0 0 0 0 0 0 0 0 0 0 0 0 0 0 0 0 0 0 0 0 0 0 9 0 0 0 0 8 0 0 0 6 2 0 2 0 0 0 9 16 0 8 22 0 21 55 23 0 40 21 23 15 21 7 15 15 10 25 0 0 0 0 0 0 0 0 0 0 0 2 0 0 0 7 0 0 0 0 0 0 0 0 0 3 6 1 1 0 0 0 0 0 0 0 0 0 0 0 0 0 0 0 0 0 0 0 1 0 
 3 3 3 3 3 5 3 3 6 5 3 3 3 34 3 3 3 3 8 3 2 4 28 4 2 136 2 2 64 0 64 2 2 2 2 2 21 2 5 2 232 81 83 136 51 36 0 138 336 319 19 187 519 113 146 328 590 52 120 99 0 0 0 0 0 0 0 0 0 0 0 0 39 0 0 0 0 0 0 0 0 2 0 5 0 0 0 6 1 0 0 0 7 0 9 0 0 0 0 0 0 0 0 0 0 18 0 0 0 0 0 0 0 0 0 0 9 0 0 0 12 13 23 14 4 2 10 19 2 0 10 34 25 10 0 0 12 3 19 4 0 0 0 0 0 0 0 0 0 0 0 0 14 0 9 0 0 0 0 0 0 0 4 0 0 0 0 5 0 5 0 0 15 3 0 1 0 0 3 0 0 0 10 0 11 0 0 0 0 0 0 0 0 0 0 0 0 10 0 0 0 8 16 11 28 0 10 25 17 2 6 0 23 45 8 13 30 11 0 64 0 0 0 0 0 0 0 0 0 0 0 0 20 0 1 0 7 0 16 4 0 0 0 0 0 0 0 0 0 0 0 17 0 1 0 0 0 2 0 0 0 0 7 0 0 2 0 0 0 0 0 0 0 0 0 0 0 0 0 0 0 0 0 0 0 0 0 0 0 0 
 0 0 0 0 0 0 0 0 0 0 0 0 0 0 0 0 0 0 0 0 0 0 0 0 0 65 0 0 0 1 64 0 0 0 0 0 0 0 0 0 173 142 342 145 71 30 138 0 86 122 37 33 227 133 99 191 408 51 63 55 0 0 1 0 0 0 0 7 3 0 0 0 0 0 0 0 0 5 0 0 0 0 0 0 0 0 0 20 0 0 0 0 0 0 0 0 0 0 0 0 0 0 0 0 0 0 0 0 0 0 0 0 0 0 0 0 0 0 0 0 39 40 0 10 1 2 0 12 10 22 32 0 37 3 8 8 37 12 8 2 0 0 0 4 0 0 9 2 0 0 0 0 14 0 1 3 0 0 16 0 0 0 5 0 0 0 0 0 0 8 0 0 0 14 0 0 0 0 0 0 0 0 0 0 6 0 0 20 0 0 0 0 0 0 0 0 0 0 0 0 0 1 49 69 0 1 0 29 0 6 19 8 23 38 13 21 13 27 0 13 0 0 0 0 0 0 0 0 0 0 0 0 10 0 0 0 0 12 1 0 0 0 1 0 0 0 0 0 0 0 0 8 0 0 0 0 0 0 0 0 0 0 0 0 0 3 0 65 0 0 0 0 0 0 0 0 0 0 0 0 0 0 0 0 30 12 0 0 2 5 
 0 0 0 0 0 4 0 0 0 0 0 0 0 0 0 0 0 0 0 0 7 24 2 2 2 2 2 4 4 3 4 2 3 5 3 2 2 2 2 2 107 367 245 332 134 209 336 86 0 356 104 159 82 165 95 356 316 181 95 159 0 0 0 0 0 0 0 1 10 0 0 0 23 0 1 0 0 21 0 0 0 0 0 0 0 0 0 0 8 0 0 0 0 0 0 0 0 0 0 0 0 0 0 0 0 0 0 1 10 0 6 0 0 0 20 0 0 0 0 0 0 0 21 16 11 16 15 20 6 0 27 20 0 0 0 0 12 11 0 0 1 0 0 0 0 0 0 0 0 9 0 0 13 0 9 0 0 0 0 0 9 0 0 0 0 0 0 5 0 0 0 0 12 0 0 0 0 0 0 0 2 1 0 0 0 0 0 0 0 0 0 0 0 0 3 3 0 0 0 0 0 2 3 18 14 19 3 0 0 9 1 8 0 10 6 34 10 50 0 0 0 0 0 0 0 0 0 0 16 0 0 0 8 0 18 9 0 0 1 0 0 0 6 0 0 0 0 0 0 0 0 7 0 2 0 0 0 0 0 2 0 0 64 2 0 1 1 68 0 0 0 0 0 0 0 0 0 0 0 0 0 0 0 0 9 0 0 0 1 0 
 0 8 0 0 0 0 0 0 0 0 0 0 0 0 0 0 0 8 0 0 1 2 0 1 0 27 0 0 0 3 3 6 0 3 0 0 0 2 0 0 82 210 369 138 292 355 319 122 356 0 128 107 102 151 186 55 119 289 56 85 0 3 4 1 1 0 2 1 0 0 3 5 25 0 0 0 0 0 58 0 0 0 0 0 0 0 0 0 0 0 0 0 0 0 0 0 0 0 0 0 0 0 0 0 0 0 0 0 0 0 0 0 0 0 0 0 0 0 0 0 22 16 0 30 0 13 0 1 0 15 0 27 2 8 0 0 0 10 2 0 20 1 0 0 0 0 15 0 0 2 0 0 0 22 1 0 0 10 0 29 0 0 6 0 0 0 0 0 0 0 0 0 0 0 0 0 0 0 0 0 0 0 0 0 0 0 0 0 0 0 0 0 0 0 0 0 0 0 0 0 0 0 9 18 34 3 0 4 0 12 0 29 0 37 16 0 3 23 0 14 9 24 1 0 0 0 24 18 12 0 29 0 0 37 11 39 0 0 21 0 0 0 0 0 0 0 0 0 0 0 0 9 0 1 0 0 0 0 0 0 0 0 72 0 64 1 0 0 0 0 2 0 0 0 0 0 0 0 0 0 0 0 0 0 12 0 0 0 0 0 
 0 6 0 0 0 0 0 0 0 0 0 0 0 0 0 0 0 0 3 0 26 1 0 7 0 212 0 0 0 0 2 3 0 0 0 0 0 2 0 0 48 20 121 276 96 381 19 37 104 128 0 70 24 197 127 132 84 243 45 331 5 0 0 0 7 3 51 6 0 0 4 0 113 46 73 0 0 0 107 57 0 0 0 0 0 0 0 0 0 0 0 0 0 0 0 0 0 0 0 0 0 0 0 0 0 0 0 0 0 0 0 0 0 0 0 0 0 0 0 0 0 0 0 9 0 1 15 0 34 0 1 19 0 19 7 15 1 0 0 0 20 14 0 4 0 0 0 1 15 0 5 0 10 0 0 0 0 16 15 39 14 0 0 0 0 0 0 0 0 0 0 0 0 0 0 0 0 0 0 0 0 0 0 0 0 0 0 0 0 0 0 0 0 0 0 0 0 0 0 0 7 9 7 0 3 1 0 16 0 1 0 8 8 0 0 0 4 15 0 0 28 0 16 0 0 0 60 21 10 0 6 3 0 10 9 20 0 0 0 14 0 0 0 0 0 0 0 0 0 0 0 10 0 0 0 0 0 0 0 18 0 0 1 0 65 2 2 2 0 0 0 0 0 0 0 0 0 0 0 0 0 0 0 0 0 3 0 0 2 3 
 0 0 0 6 5 3 0 0 0 0 1 0 5 0 64 0 0 0 0 0 0 21 1 2 2 2 1 4 2 5 2 2 16 1 5 1 1 1 2 10 115 104 281 123 143 157 187 33 159 107 70 0 44 99 62 110 166 384 23 106 35 0 0 0 0 0 0 0 0 0 0 0 0 0 0 0 0 2 0 2 0 0 0 0 0 4 0 0 0 0 0 16 0 0 8 0 0 27 0 0 0 0 0 0 20 0 0 8 3 0 0 0 0 0 0 0 0 0 0 0 0 0 92 8 20 24 10 23 12 0 31 35 0 0 17 4 1 21 0 0 35 0 2 0 0 0 0 0 0 1 0 0 0 17 20 0 0 0 0 0 11 0 0 14 0 0 0 0 9 0 0 0 6 0 0 0 0 0 0 0 5 0 0 0 0 0 0 0 0 0 0 0 0 3 2 3 0 0 0 0 0 12 9 6 14 14 1 9 12 0 1 13 0 14 8 73 20 20 0 0 0 19 0 0 0 0 1 0 0 0 0 0 15 0 8 20 0 0 24 13 0 0 0 0 0 0 2 0 0 0 0 3 0 1 0 0 0 0 0 2 0 1 2 8 6 2 2 5 2 0 0 0 0 0 0 0 0 0 0 0 0 0 0 0 0 0 0 0 1 0 
 0 6 0 1 0 2 0 0 26 2 0 0 0 0 0 0 0 2 68 0 0 0 62 129 0 62 0 0 0 0 37 0 0 0 0 0 63 0 0 6 72 84 60 265 76 48 519 227 82 102 24 44 0 186 197 180 73 40 101 128 0 9 0 4 0 0 8 5 3 0 2 0 6 6 4 0 2 0 1 15 0 0 0 0 0 0 0 0 0 0 0 0 0 0 0 0 0 0 0 0 0 0 0 0 0 19 0 0 0 0 0 0 0 0 0 0 0 0 0 0 23 40 0 0 0 1 0 9 8 20 0 0 24 19 7 13 0 10 27 11 4 0 9 7 0 0 20 5 4 0 3 1 0 0 1 6 0 3 9 0 0 0 3 0 0 0 0 0 0 0 0 0 0 0 0 0 0 0 0 0 0 0 0 0 9 10 0 0 0 0 0 0 0 0 11 0 0 0 0 0 0 0 14 0 9 0 4 32 48 0 3 23 34 26 38 10 13 0 19 30 26 0 0 0 0 0 0 0 0 0 3 0 0 9 0 0 4 0 12 0 0 0 0 0 0 0 0 0 0 0 0 5 0 2 0 0 0 61 0 0 0 0 2 0 0 2 0 0 0 0 0 0 0 0 0 0 0 0 0 0 0 0 0 0 1 0 0 10 0 0 
 0 2 2 2 0 0 2 0 0 2 2 0 1 2 0 0 2 0 0 0 3 16 63 66 0 63 2 0 1 66 24 2 2 1 2 1 62 2 2 2 112 126 75 140 94 304 113 133 165 151 197 99 186 0 185 265 114 36 115 89 3 0 7 0 0 4 0 1 2 3 6 0 9 0 1 0 0 2 0 0 0 0 0 0 0 0 0 0 0 0 0 0 0 0 0 0 0 0 0 0 0 0 0 0 0 6 0 0 0 0 0 0 0 0 0 0 0 0 0 0 6 11 23 0 17 22 0 14 0 0 0 54 66 27 0 0 42 0 41 0 0 0 0 12 0 4 0 0 0 1 0 0 0 0 0 0 2 0 0 0 0 0 3 0 0 0 14 0 0 0 0 0 0 0 0 0 0 0 0 0 0 0 0 0 0 10 0 0 0 0 0 0 0 0 0 0 0 0 0 0 0 0 9 0 0 0 12 7 1 7 0 0 10 30 11 0 18 0 16 13 0 0 10 7 22 0 0 0 24 0 0 0 0 0 0 0 0 0 0 5 0 0 0 0 0 0 2 0 0 0 0 7 0 0 0 0 0 64 0 0 0 0 2 0 2 0 2 0 0 0 0 0 0 0 0 0 0 0 0 0 0 0 0 0 0 0 0 0 1 0 
 0 9 0 0 0 0 0 0 0 0 0 0 0 0 2 0 0 0 0 0 22 0 0 35 8 72 0 0 0 0 2 0 0 0 0 0 0 0 0 6 194 106 72 69 90 67 146 99 95 186 127 62 197 185 0 118 135 331 93 107 2 0 0 0 1 3 0 1 0 0 4 0 0 2 24 0 3 0 0 0 0 0 0 0 0 0 0 0 0 0 0 0 0 0 0 0 0 0 0 0 0 0 0 9 0 0 0 0 0 0 0 0 0 0 0 0 7 8 0 0 49 29 19 6 0 2 12 1 29 0 1 6 7 51 7 21 18 10 7 10 0 0 0 0 0 0 0 0 0 0 0 0 0 0 39 0 0 0 13 0 0 0 6 0 0 0 0 0 0 0 0 0 0 19 0 0 0 0 0 0 0 0 0 0 8 1 0 0 0 0 0 0 0 0 0 0 0 0 0 0 36 27 31 0 0 0 4 26 18 0 12 0 46 18 2 39 24 0 0 13 0 0 0 0 0 0 0 0 0 0 0 0 2 0 0 0 0 0 1 13 0 0 0 0 0 0 0 0 0 0 2 7 0 0 0 0 0 1 1 0 0 0 0 0 0 4 0 0 1 0 0 0 0 0 0 0 0 0 0 0 0 0 0 0 0 20 0 4 2 0 
 0 9 0 0 0 0 0 0 0 0 0 0 0 0 3 0 63 0 0 0 22 0 0 0 83 0 0 0 0 0 3 0 0 0 0 0 0 0 0 6 48 47 354 331 139 71 328 191 356 55 132 110 180 265 118 0 105 435 41 57 1 0 0 0 3 0 0 0 0 0 0 0 0 0 4 0 0 0 0 0 0 0 0 0 0 0 0 0 0 0 0 0 0 0 0 0 0 0 0 0 0 0 0 0 0 0 0 0 0 0 0 0 0 0 7 0 2 0 0 0 6 19 29 0 2 0 11 14 41 44 37 0 1 21 17 34 0 27 0 19 0 0 0 11 0 0 10 5 0 0 0 0 0 0 9 14 0 0 21 0 9 0 0 0 0 0 0 0 0 0 0 0 3 0 0 0 0 0 0 0 0 0 0 0 8 0 0 0 0 0 0 0 0 0 0 0 0 0 0 0 6 11 1 8 0 8 1 22 7 0 12 43 14 0 16 33 8 11 0 25 0 0 1 0 0 0 0 0 0 0 0 0 7 0 0 0 8 0 0 0 0 0 0 0 0 0 0 0 0 0 0 7 21 0 0 0 0 0 0 1 0 0 9 5 0 1 1 0 2 0 0 0 0 0 0 0 0 0 0 0 0 0 0 0 13 24 0 0 2 9 
 0 0 0 0 4 2 0 1 0 0 0 0 3 0 1 0 0 0 0 0 7 3 3 3 3 28 4 8 3 1 6 3 3 3 3 3 3 3 5 7 90 203 147 71 33 57 590 408 316 119 84 166 73 114 135 105 0 53 55 46 1 10 11 3 0 0 3 4 0 4 1 0 3 0 15 56 0 0 0 0 0 0 0 0 0 2 0 0 0 0 0 2 0 0 0 0 0 0 0 0 0 0 0 0 1 0 0 0 6 0 6 0 0 0 12 0 0 0 0 0 51 16 10 7 0 1 0 0 21 28 14 37 2 22 34 1 1 19 2 0 0 0 18 0 0 0 0 0 0 0 0 0 0 1 5 0 0 0 10 0 0 0 6 13 0 32 0 0 0 0 0 0 0 0 0 0 0 0 0 0 4 0 0 0 0 0 0 0 0 0 0 0 0 0 3 6 0 0 0 0 0 24 24 22 0 7 0 24 10 10 5 1 0 45 16 11 16 0 0 14 0 0 0 0 0 0 0 0 0 0 0 0 7 0 0 0 0 0 1 11 0 0 11 0 0 0 0 0 0 0 0 12 0 3 0 0 0 0 0 0 0 1 2 5 0 0 0 1 1 1 0 0 0 0 0 0 0 0 0 0 0 0 0 0 0 1 0 0 2 0 
 0 0 0 0 0 0 0 0 0 0 0 0 5 2 0 0 0 0 0 0 15 3 3 5 3 3 3 3 3 5 3 3 3 3 3 3 26 3 3 5 115 164 538 154 312 61 52 51 181 289 243 384 40 36 331 435 53 0 27 134 5 1 0 0 4 0 0 3 0 0 4 0 75 0 1 0 0 0 0 43 0 0 0 0 0 0 0 0 0 12 0 0 0 0 0 0 0 0 0 0 0 0 0 0 3 0 0 0 0 0 10 0 0 0 0 0 0 0 0 0 0 2 0 16 6 1 18 5 22 0 2 0 0 4 0 19 28 6 0 0 0 0 0 0 0 6 0 0 0 0 0 0 0 0 3 0 0 1 10 19 3 0 0 0 0 0 0 0 0 0 0 0 6 0 0 0 0 0 0 0 0 0 0 0 0 0 0 0 0 0 0 0 0 0 0 0 0 0 0 0 8 15 6 18 1 11 9 0 0 85 7 17 9 0 0 0 7 3 0 0 10 1 0 0 0 0 11 0 3 0 0 0 0 0 23 0 0 0 6 0 0 0 0 0 0 0 0 0 1 0 0 11 0 0 0 0 0 0 0 7 0 0 63 0 65 2 0 0 4 0 0 0 0 0 0 0 0 0 0 0 0 0 0 0 9 21 0 0 2 0 
 0 0 0 0 0 0 0 0 0 0 0 0 0 0 0 0 0 0 1 0 29 20 97 27 63 186 0 64 42 20 2 0 0 0 3 65 64 99 0 3 51 47 254 66 70 34 120 63 95 56 45 23 101 115 93 41 55 27 0 104 0 0 0 0 0 0 0 0 0 0 0 0 0 0 0 0 0 0 0 0 9 0 0 0 0 0 0 0 0 0 0 0 0 0 0 0 0 0 0 0 0 0 3 0 11 13 0 0 0 2 4 0 0 0 0 0 4 11 0 0 8 0 0 0 0 2 11 0 0 0 0 0 34 0 11 0 23 9 27 11 0 9 17 0 0 0 0 0 0 0 0 0 6 12 1 0 0 0 0 6 0 0 0 0 0 0 0 0 0 0 0 0 0 0 0 0 0 0 0 0 0 0 55 2 12 9 0 0 0 0 11 24 0 0 0 0 48 17 0 0 0 0 22 0 12 0 31 0 0 3 0 0 27 2 0 0 8 0 12 9 0 0 0 0 0 0 0 0 0 0 0 0 5 0 0 0 0 0 9 0 0 0 0 0 0 0 0 0 0 0 0 12 0 0 0 0 0 0 0 0 0 0 0 0 0 4 2 0 0 0 0 0 0 0 0 0 0 7 0 0 0 0 0 0 7 0 0 0 2 0 
 3 3 3 3 3 3 3 3 3 3 3 3 3 3 7 3 3 3 3 3 1 17 16 69 3 65 0 0 0 0 2 10 0 2 0 63 0 66 0 0 107 54 69 290 100 255 99 55 159 85 331 106 128 89 107 57 46 134 104 0 4 0 0 0 47 0 0 3 0 0 0 0 1 0 0 0 8 0 0 0 0 0 0 0 0 0 0 0 0 0 0 0 0 0 0 0 0 0 0 0 0 0 0 0 0 0 0 0 0 0 5 0 0 0 0 0 0 9 0 0 10 44 0 0 29 7 30 45 0 13 23 25 31 0 0 39 0 14 28 0 0 0 2 0 0 0 0 0 0 0 0 0 26 3 0 0 9 0 0 0 1 0 27 0 0 0 0 0 0 0 0 0 4 0 0 0 0 0 0 0 0 0 0 0 0 20 0 0 0 0 0 27 0 0 0 0 23 0 0 0 0 11 0 21 5 0 33 5 5 0 21 17 8 0 24 8 14 25 68 0 0 0 0 0 0 0 0 0 0 0 0 0 0 0 0 0 0 0 0 28 0 0 0 0 0 0 0 0 0 0 0 6 0 1 0 0 0 64 0 0 0 0 0 0 0 6 0 0 1 0 0 0 0 0 0 0 0 0 0 0 0 0 7 0 1 0 0 0 0 0 
 0 0 0 0 0 0 0 0 0 0 0 0 6 0 0 0 0 0 0 0 6 9 2 2 2 2 2 2 2 0 2 2 2 3 3 2 2 2 3 2 6 0 0 0 76 53 0 0 0 0 5 35 0 3 2 1 1 5 0 4 0 159 71 38 281 39 138 149 49 20 31 26 111 167 107 93 312 45 141 83 0 0 0 0 0 0 0 0 0 4 0 0 0 0 0 0 3 0 0 0 0 0 1 0 0 0 0 0 0 0 0 0 0 0 0 0 0 0 0 0 0 4 0 0 20 21 5 0 1 0 0 1 0 0 0 5 0 0 0 0 0 0 0 0 10 0 0 7 9 35 3 20 10 4 0 15 0 8 13 9 0 0 0 0 0 0 0 0 0 0 0 0 0 0 0 0 0 0 1 0 2 1 3 1 2 3 3 1 2 2 1 7 2 3 2 2 3 1 1 3 41 0 0 0 0 26 0 0 3 0 6 0 9 0 0 0 4 0 0 0 42 31 22 8 8 0 1 22 2 0 8 33 12 16 0 24 15 18 0 1 14 0 0 0 0 0 0 0 0 1 0 0 0 0 3 0 0 0 0 0 0 0 0 0 0 1 15 1 0 0 15 0 0 0 0 0 0 0 0 0 0 0 0 0 0 28 0 0 0 0 
