 0 328 189 84 30 132 266 159 122 49 32 40 295 209 192 209 239 47 220 207 0 0 0 0 0 5 1 0 3 0 0 0 4 1 0 0 2 0 0 2 0 62 3 0 0 0 0 3 0 4 0 1 4 0 3 0 67 7 26 0 2 3 0 1 2 0 7 0 0 3 0 2 3 0 3 0 0 0 0 3 21 13 29 0 0 0 14 16 21 20 7 0 10 43 0 1 38 13 60 12 0 0 1 0 2 0 0 2 0 0 0 0 0 0 0 0 0 0 0 0 0 0 0 0 10 0 0 0 0 0 0 0 0 0 0 0 0 0 0 0 0 0 0 0 0 0 0 0 0 0 0 15 0 2 0 0 0 0 25 0 12 10 26 0 0 0 30 9 22 0 0 2 0 18 9 16 18 10 0 11 0 0 0 0 0 0 0 0 0 0 0 2 0 0 0 0 0 0 1 0 0 0 0 0 0 0 0 0 0 0 0 0 0 0 0 0 0 0 1 0 0 0 0 0 0 0 0 0 0 0 0 0 0 0 0 0 0 0 0 0 0 0 0 0 0 0 88 0 0 1 5 2 0 0 0 0 0 0 0 0 0 0 0 0 0 0 0 0 0 0 0 0 0 0 0 0 1 0 0 0 0 0 0 0 0 0 0 0 0 0 
 328 0 539 82 461 352 90 169 175 164 257 108 139 162 281 139 29 340 81 62 0 0 0 0 0 3 1 0 2 0 0 0 78 2 1 0 1 0 31 4 1 0 5 2 0 65 0 3 0 3 0 0 3 1 5 0 0 6 0 0 3 3 0 1 0 0 3 0 0 3 0 0 3 0 3 0 0 0 0 3 0 16 72 22 65 0 0 28 11 14 1 37 18 0 0 16 38 25 9 14 0 0 0 0 0 0 14 12 0 0 0 0 1 21 3 0 7 0 0 0 0 0 0 12 0 0 0 2 0 0 0 0 0 0 0 0 0 0 0 0 5 0 0 0 0 0 0 0 0 0 0 0 0 0 0 0 0 1 0 0 9 0 13 11 16 43 0 0 0 51 31 9 13 14 0 62 0 10 0 10 12 0 0 0 0 0 0 0 0 0 0 0 14 0 0 0 0 0 5 1 0 0 2 0 0 0 0 0 0 0 0 0 0 0 0 0 0 0 0 0 0 0 0 0 0 0 0 0 0 0 0 0 0 0 0 0 0 0 0 0 0 1 0 0 0 2 0 0 0 94 2 0 0 0 2 0 0 0 0 0 0 0 0 0 0 0 0 0 0 0 0 0 0 0 0 3 15 13 0 0 0 1 0 0 0 0 0 0 0 2 
 189 539 0 216 111 514 175 102 83 196 380 167 373 463 59 51 118 249 430 131 1 2 0 0 1 3 76 0 2 0 0 2 1 1 2 0 5 0 0 49 3 0 3 0 0 0 0 3 0 2 0 0 3 0 3 0 0 0 0 0 3 8 0 0 0 0 3 33 0 3 0 0 3 0 3 0 0 0 0 3 10 23 36 20 0 0 9 0 13 35 14 16 39 0 12 34 56 68 23 0 1 0 0 0 0 0 22 14 0 0 0 0 0 0 16 0 0 0 29 0 0 0 0 0 0 0 0 0 0 0 0 0 0 0 2 0 0 0 0 0 0 0 0 6 0 0 0 0 0 5 0 0 0 4 0 0 0 0 0 2 50 14 0 14 0 45 11 0 9 15 33 15 0 0 0 11 13 11 0 0 0 0 0 0 0 0 0 6 12 0 2 0 13 0 0 0 0 0 12 30 0 0 0 0 0 0 0 0 0 0 0 0 0 0 0 2 0 0 0 0 0 0 0 0 0 0 0 0 0 0 0 0 0 0 0 0 0 0 0 14 0 7 0 0 0 0 87 0 3 91 2 6 0 0 0 0 0 0 0 0 0 0 0 0 0 0 0 0 3 0 0 0 0 0 0 0 1 0 0 0 0 0 0 0 0 0 0 0 0 0 
 84 82 216 0 262 267 95 287 85 587 111 57 154 87 137 67 22 148 77 82 2 0 4 1 1 3 112 0 3 0 0 6 8 3 38 0 10 1 0 80 0 0 3 2 0 0 3 3 5 4 0 0 8 31 11 2 1 2 9 0 3 5 6 1 7 0 1 0 0 32 0 0 3 0 3 0 2 1 0 3 0 51 10 0 0 7 2 0 14 7 0 17 23 0 33 1 0 0 0 0 37 0 0 0 0 0 26 16 0 0 0 0 0 12 0 10 0 0 36 39 0 0 0 0 0 0 0 0 0 0 0 0 0 0 0 0 0 0 0 0 0 0 0 9 0 0 0 0 0 5 0 0 0 16 0 0 0 0 0 0 2 0 19 0 8 2 13 0 0 9 24 9 0 0 0 0 16 0 0 10 2 0 7 0 0 0 14 21 0 0 2 0 9 0 28 0 0 8 49 68 0 0 0 0 0 0 0 0 0 0 0 0 0 0 0 2 0 0 0 0 0 0 0 0 0 0 0 0 0 0 0 1 0 0 0 0 0 0 0 0 0 0 0 0 0 0 92 0 9 12 0 4 1 0 0 0 0 0 0 0 0 0 15 0 0 51 0 0 0 0 0 0 0 0 0 0 36 0 0 0 0 0 0 0 0 2 0 0 0 0 
 30 461 111 262 0 83 146 67 199 212 233 141 87 55 281 56 128 49 60 92 2 0 1 0 2 4 75 3 5 0 0 2 39 76 2 2 2 0 74 39 0 0 3 2 2 0 0 3 0 0 0 2 3 8 3 2 0 2 0 0 3 3 0 2 0 0 3 0 0 3 0 0 3 3 3 0 0 0 0 3 0 36 18 33 42 0 0 0 36 12 0 69 0 1 14 20 0 0 0 0 22 0 0 0 0 0 26 13 0 0 0 0 0 0 0 2 0 0 0 11 0 0 0 0 0 0 0 0 0 0 0 1 0 0 0 1 0 0 0 0 8 0 2 0 0 0 0 1 0 15 0 0 0 2 0 0 0 7 0 0 5 0 1 0 18 21 0 0 0 26 104 31 0 0 8 24 14 20 0 0 1 0 0 0 0 0 1 0 20 0 0 0 29 0 0 0 0 0 43 1 0 2 0 0 0 0 1 0 0 0 0 0 0 1 0 0 0 0 0 0 0 0 0 0 0 0 0 0 0 0 0 0 0 0 14 0 0 0 0 0 0 0 0 0 0 0 1 0 2 92 0 2 0 0 0 0 0 0 0 0 0 0 10 0 2 0 0 0 0 0 0 0 0 0 0 11 17 11 0 0 0 0 0 0 0 0 0 0 0 0 
 132 352 514 267 83 0 16 242 174 379 71 179 53 456 251 60 62 152 249 54 31 0 68 0 2 1 74 77 0 0 2 0 62 74 0 0 97 1 24 0 39 0 0 0 65 0 1 0 0 1 0 0 1 0 2 2 5 0 9 0 0 0 0 0 0 2 0 0 7 6 0 0 0 0 0 0 0 0 0 1 0 35 0 11 15 17 0 1 3 33 0 16 11 0 12 10 0 17 0 0 0 0 2 0 12 0 0 13 4 0 0 0 5 14 29 21 0 15 46 29 0 1 0 0 0 0 0 0 1 0 0 0 0 0 0 0 0 2 0 0 0 0 0 6 0 0 1 0 0 5 0 0 3 4 0 0 0 0 2 0 0 0 0 13 0 30 0 0 0 10 11 0 0 0 0 20 0 21 0 1 29 0 9 0 0 0 12 41 1 0 0 2 23 17 13 0 4 0 2 38 0 0 0 0 0 0 0 0 0 0 0 0 0 0 0 0 0 0 0 0 0 0 0 0 0 0 0 0 0 0 0 0 0 0 0 0 0 0 0 0 0 0 0 0 1 25 2 0 1 1 0 0 0 0 0 0 0 0 0 0 1 0 1 0 0 0 0 0 0 0 0 0 0 0 0 0 0 0 0 0 0 0 0 0 0 0 0 0 0 0 
 266 90 175 95 146 16 0 402 160 148 134 47 407 93 189 129 25 237 298 307 0 0 0 0 0 5 1 0 3 0 0 0 4 0 0 0 2 0 0 2 0 0 3 0 0 0 0 3 0 3 0 1 16 0 3 0 0 2 0 0 2 3 0 30 1 0 0 0 0 2 0 3 3 0 3 0 0 0 0 3 9 0 28 34 18 0 17 1 0 25 15 23 20 44 14 15 26 7 10 0 0 0 22 0 0 0 0 0 0 0 1 0 0 0 0 0 0 0 0 0 0 0 0 0 0 0 0 0 0 0 0 0 0 0 0 0 0 0 0 0 0 0 0 0 0 0 0 0 0 0 0 0 0 0 0 0 0 0 0 0 11 14 15 1 3 0 1 0 9 0 20 15 0 0 0 15 77 0 1 0 0 0 0 0 0 0 0 0 0 0 0 0 23 0 0 0 0 0 0 0 0 0 0 0 0 0 0 0 0 0 0 0 0 0 0 0 0 0 0 0 0 15 0 0 0 0 0 0 0 0 0 0 0 0 0 0 0 0 0 0 0 10 0 0 0 2 89 0 0 88 8 2 0 0 0 0 0 0 0 0 0 0 0 0 0 0 0 0 0 0 0 0 0 0 0 0 14 0 0 0 0 0 0 0 0 8 0 0 0 0 
 159 169 102 287 67 242 402 0 299 43 15 34 120 287 160 229 44 141 60 185 0 0 0 0 0 5 1 0 3 0 0 0 2 0 0 0 4 0 0 2 0 0 3 0 0 0 0 3 0 2 1 0 3 0 3 0 0 1 0 0 2 3 0 41 0 0 2 0 0 3 0 0 3 0 3 0 0 0 0 3 41 12 12 1 10 0 26 58 9 10 5 0 10 0 12 11 0 0 41 35 0 14 0 0 0 0 0 0 0 0 0 0 0 0 0 0 0 0 0 0 0 0 0 0 0 0 0 0 0 0 0 0 0 0 0 0 2 0 0 0 0 0 0 2 0 0 0 0 0 0 1 0 0 0 0 0 0 0 0 0 9 8 13 10 2 0 16 18 25 21 0 0 77 41 13 0 0 9 0 7 0 0 0 0 0 0 0 0 0 0 0 0 5 2 2 0 0 0 0 0 0 0 0 0 0 0 0 0 0 1 1 0 0 0 0 0 0 0 0 0 0 0 0 0 0 0 0 0 0 0 0 0 0 0 0 0 0 0 0 0 0 0 0 0 0 1 0 0 0 0 0 9 10 0 2 0 0 0 0 0 0 0 0 0 0 0 0 0 0 0 0 0 0 0 0 53 0 0 0 0 0 0 0 2 0 0 0 0 0 0 
 122 175 83 85 199 174 160 299 0 164 114 206 529 304 493 33 297 302 76 171 0 0 0 2 1 3 1 0 5 2 0 0 109 73 0 127 4 0 38 2 1 0 3 0 0 0 0 3 0 4 0 0 3 0 3 0 0 1 0 0 2 3 0 3 0 2 2 0 0 3 0 2 3 0 62 0 0 2 2 5 0 33 0 46 59 21 1 18 8 35 0 24 0 0 47 9 0 63 0 20 1 0 0 0 0 0 0 14 0 0 2 0 0 15 0 0 0 0 2 21 0 0 0 0 0 0 0 0 0 0 0 0 0 2 0 0 0 0 1 0 4 0 0 0 0 0 0 0 0 0 0 0 0 0 0 0 0 0 0 0 18 0 1 0 22 25 0 0 0 19 18 0 3 10 12 35 28 24 0 0 28 0 0 0 11 0 0 13 1 1 0 0 35 0 0 0 1 0 0 16 0 0 0 0 0 0 0 0 0 0 0 0 0 0 0 0 0 0 2 2 0 0 0 0 0 0 0 1 0 7 4 0 2 0 0 0 0 0 0 0 0 0 0 0 0 1 3 0 0 0 0 7 0 0 0 0 0 0 0 0 0 0 0 0 0 0 0 0 0 0 0 0 0 0 0 15 0 11 0 0 0 0 0 0 0 0 0 0 0 0 
 49 164 196 587 212 379 148 43 164 0 187 45 48 85 206 381 27 149 81 109 1 7 0 75 0 7 81 0 4 0 0 0 3 1 2 0 2 1 74 36 2 2 3 0 0 0 0 3 0 3 0 0 3 1 3 0 0 3 36 0 20 3 0 5 3 4 3 0 0 3 6 2 3 0 3 0 1 2 39 3 0 30 35 7 1 13 0 0 37 42 9 12 36 10 28 36 17 10 19 0 18 0 0 0 0 0 12 10 0 0 0 0 0 7 0 0 4 0 18 32 13 0 0 0 0 0 0 0 0 0 0 0 0 0 2 0 0 0 0 0 1 0 0 1 0 0 0 0 0 0 3 0 0 0 0 1 0 0 0 0 0 0 33 0 0 29 0 0 0 13 18 0 0 0 1 13 4 1 0 0 0 0 2 0 0 0 6 20 0 0 0 0 0 0 1 0 0 0 36 1 0 0 0 0 0 0 0 0 0 0 0 0 0 0 0 0 0 0 0 0 0 0 0 0 0 0 0 0 0 0 0 0 0 0 0 0 0 0 0 0 0 0 0 0 0 1 0 2 0 89 9 10 0 1 0 0 0 0 0 0 0 0 8 0 0 0 0 0 0 0 0 0 0 0 0 10 8 11 0 0 0 0 0 0 0 0 0 0 0 0 
 32 257 380 111 233 71 134 15 114 187 0 81 217 164 177 283 268 184 38 111 0 79 0 0 1 84 33 2 5 4 2 1 37 74 10 1 2 1 76 86 0 0 3 6 0 0 35 3 0 4 2 0 2 0 3 0 0 2 0 0 2 7 0 32 0 3 1 6 0 8 0 0 6 5 3 52 0 6 0 3 36 0 9 83 33 0 0 0 71 3 19 35 14 0 16 19 19 24 13 0 0 0 3 1 0 0 19 26 0 0 0 0 0 0 9 24 0 0 11 4 0 0 0 0 0 0 0 0 0 0 0 0 0 0 0 0 0 0 0 2 4 0 0 0 0 0 0 0 0 0 0 0 0 0 0 0 0 9 0 0 23 11 0 36 29 2 13 0 20 18 50 35 0 0 0 18 16 29 0 0 0 0 11 0 0 0 4 10 16 0 0 0 7 0 4 0 0 2 28 14 0 0 0 0 0 0 0 0 0 0 0 0 0 0 0 0 0 0 0 0 0 0 0 31 0 0 0 0 0 0 0 0 0 0 0 0 0 0 0 0 0 5 0 0 0 1 9 0 1 131 0 7 0 0 0 0 0 0 0 0 0 0 0 0 0 0 0 0 0 0 0 0 0 0 0 9 18 10 0 0 0 0 0 0 0 0 0 0 0 0 
 40 108 167 57 141 179 47 34 206 45 81 0 116 250 26 130 79 240 268 42 6 4 0 0 0 4 1 2 3 75 2 0 82 62 7 209 81 6 1 3 0 0 3 0 66 0 0 3 0 3 0 0 3 0 3 0 0 1 0 0 5 3 0 1 0 0 2 0 0 3 34 1 3 0 3 0 0 0 0 3 0 1 13 0 1 53 0 0 0 0 7 43 9 0 9 8 0 0 0 0 7 0 0 0 0 0 23 14 0 0 0 0 0 28 11 14 0 23 87 8 0 0 13 0 0 0 0 0 0 4 0 10 0 0 0 0 0 0 0 0 0 0 0 7 0 0 0 0 0 6 0 0 0 7 0 0 0 0 0 0 0 0 0 24 0 0 0 0 0 0 38 0 0 0 14 7 19 17 0 13 10 0 10 0 0 0 17 12 0 0 0 1 24 17 1 0 23 0 0 39 0 0 0 0 0 0 0 0 0 0 0 0 0 0 0 0 0 0 0 0 0 0 0 0 0 0 0 0 0 0 0 0 0 0 0 0 0 0 0 0 0 0 0 0 0 3 89 1 2 5 0 5 1 0 0 0 0 0 0 0 0 0 0 0 0 0 0 0 0 0 0 0 0 0 0 0 0 0 0 0 0 0 0 0 0 0 0 0 0 0 
 295 139 373 154 87 53 407 120 529 48 217 116 0 230 511 213 164 125 300 233 0 0 1 0 0 9 1 0 3 0 0 2 2 0 2 0 6 3 0 2 0 0 10 0 3 3 1 5 2 3 3 3 2 0 3 0 4 7 0 0 2 3 0 43 0 3 1 0 0 2 6 3 3 0 3 2 6 1 0 3 27 12 23 17 0 0 27 0 18 26 27 0 36 22 12 12 35 44 57 12 0 0 0 0 0 0 0 0 0 0 0 0 0 0 0 0 0 0 0 0 0 0 0 0 0 0 0 0 0 0 0 0 0 0 0 0 0 0 0 0 0 0 0 0 0 0 0 0 0 0 11 0 0 24 0 0 0 0 0 0 31 38 4 0 0 0 21 25 19 0 0 13 17 58 42 18 38 11 0 5 0 0 0 0 0 0 0 0 8 0 0 0 0 0 0 0 0 0 0 19 0 0 0 0 0 0 1 0 0 0 0 0 0 0 0 0 0 0 0 0 0 0 0 0 0 0 0 0 0 0 0 0 0 0 0 0 0 0 0 0 0 7 0 0 0 2 169 0 2 3 0 13 0 0 0 0 0 0 0 0 0 0 0 0 0 0 0 0 8 1 0 0 0 0 0 0 6 0 0 0 0 0 0 0 0 0 0 0 0 0 
 209 162 463 87 55 456 93 287 304 85 164 250 230 0 321 239 227 205 473 454 0 0 0 0 0 7 3 0 3 0 0 0 2 0 4 0 75 0 0 2 0 0 3 0 0 0 0 3 0 2 0 0 3 0 3 0 0 2 0 0 2 3 0 0 0 0 1 0 0 2 0 0 4 0 8 0 0 0 0 3 82 0 0 23 13 0 42 28 10 10 8 0 19 22 9 2 27 72 51 3 0 0 0 0 0 0 0 0 0 0 0 0 0 0 0 0 0 0 0 0 0 0 0 0 0 0 0 0 0 35 0 0 0 0 0 0 0 0 0 0 0 0 0 0 0 0 0 0 0 0 0 0 0 10 14 0 0 0 0 0 28 31 24 9 1 0 49 10 25 0 0 17 11 17 74 9 2 21 0 0 0 0 0 0 0 0 0 0 0 0 0 0 8 0 2 4 0 0 2 0 0 0 0 0 0 0 0 0 0 1 1 0 0 0 0 1 1 1 0 0 0 0 0 0 0 0 0 0 0 2 0 0 0 0 0 0 0 12 0 0 0 11 0 0 0 1 89 0 0 89 0 3 6 0 0 0 0 0 0 0 0 0 0 0 0 0 0 0 0 0 0 0 0 0 0 15 0 0 0 0 0 0 0 0 0 0 0 0 0 0 
 192 281 59 137 281 251 189 160 493 206 177 26 511 321 0 69 264 27 75 326 0 0 0 0 0 4 1 0 75 0 0 0 2 0 0 0 2 0 0 2 0 0 3 68 0 0 0 3 0 2 0 0 3 0 3 0 0 1 0 0 2 3 0 1 0 0 2 0 0 3 0 2 3 0 3 0 0 0 0 3 3 20 25 27 13 0 2 0 28 44 0 29 26 22 13 0 1 0 32 10 12 0 0 0 0 0 10 0 0 0 0 0 0 0 0 0 0 0 0 13 0 0 0 0 0 0 0 0 0 0 0 0 0 0 0 0 0 0 0 0 0 0 0 2 0 0 12 0 0 0 1 0 0 1 0 0 0 0 0 0 0 39 10 0 15 0 14 19 30 0 14 19 7 11 6 18 41 0 0 27 0 0 0 0 1 0 0 10 8 0 0 0 20 2 0 0 0 0 22 0 0 0 0 0 0 0 0 0 0 0 0 0 0 0 0 0 0 0 0 0 0 2 0 0 0 0 0 0 0 0 0 0 0 0 0 0 0 0 0 0 0 6 0 0 0 0 176 2 0 0 7 8 0 0 0 0 0 0 0 0 0 0 0 0 0 0 0 0 0 0 0 0 0 0 0 0 1 0 0 0 0 0 0 0 0 0 0 0 0 0 
 209 139 51 67 56 60 129 229 33 381 283 130 213 239 69 0 137 60 141 166 0 1 0 0 0 4 0 0 2 0 0 0 4 0 0 0 77 0 0 2 0 0 3 0 0 0 0 3 0 1 0 0 3 0 3 0 0 0 0 0 3 3 0 1 0 0 33 0 0 3 0 0 3 0 3 0 0 0 0 3 14 1 42 1 17 14 0 40 6 20 21 20 23 23 10 9 17 0 10 0 0 0 0 0 0 0 0 0 0 0 0 0 2 0 0 1 0 0 21 0 0 0 0 5 0 0 0 1 0 0 2 0 0 0 0 0 0 0 0 0 0 0 0 7 8 0 0 0 0 6 0 0 0 7 0 0 0 0 0 0 10 17 4 15 10 12 15 0 16 2 0 20 2 1 11 0 31 3 0 14 0 0 0 0 0 0 0 0 0 0 0 0 20 0 0 0 0 0 0 0 0 0 1 0 0 0 0 0 0 0 0 0 0 0 0 0 0 0 0 0 0 0 0 0 0 0 0 0 0 0 0 0 0 0 0 0 0 3 0 0 0 2 0 0 0 1 90 0 2 1 27 3 0 0 0 0 0 0 0 0 0 0 0 0 0 0 0 0 0 0 0 0 0 0 0 0 0 0 0 0 0 0 0 0 0 0 0 0 0 0 
 239 29 118 22 128 62 25 44 297 27 268 79 164 227 264 137 0 281 77 424 0 0 1 2 0 3 2 0 2 0 0 0 1 0 0 0 3 0 0 77 0 0 3 0 0 0 61 3 0 1 0 0 3 0 5 0 0 0 0 0 3 3 0 2 0 1 3 0 0 5 0 0 3 0 3 0 0 0 0 3 5 38 0 53 36 0 10 44 0 23 14 25 15 22 13 15 13 44 22 5 0 0 0 0 0 0 0 0 0 0 0 0 0 0 0 0 0 0 0 0 0 0 22 0 0 0 0 0 0 0 0 0 0 0 0 3 0 0 0 0 0 0 0 0 0 0 0 0 0 0 0 0 0 0 0 0 0 0 0 0 12 46 9 1 4 0 14 17 0 28 20 15 0 24 16 31 24 15 0 0 0 0 33 0 0 0 0 0 0 0 0 0 25 0 0 0 0 0 0 0 0 0 0 0 0 0 0 0 0 0 0 0 0 0 0 0 0 0 0 0 0 0 0 0 0 0 0 0 0 0 0 0 0 0 0 0 0 0 0 0 0 10 0 0 0 0 89 1 0 85 1 0 1 0 0 0 0 0 0 0 0 0 0 0 0 0 0 0 0 0 0 0 0 0 0 0 16 0 0 0 0 0 0 0 0 0 0 0 0 0 
 47 340 249 148 49 152 237 141 302 149 184 240 125 205 27 60 281 0 35 24 0 0 0 0 0 3 2 4 3 0 0 1 153 20 149 5 2 0 75 3 0 0 5 2 2 0 0 3 2 5 2 0 65 0 3 0 2 41 3 0 2 6 0 1 0 0 0 0 0 2 46 0 4 0 3 3 0 2 0 3 40 58 3 8 6 19 13 11 32 18 26 19 13 0 13 11 34 30 10 0 20 0 0 2 0 0 11 0 0 2 0 0 0 0 0 0 0 1 36 3 0 0 2 0 0 0 0 0 0 0 0 0 1 0 0 0 3 0 0 0 0 0 0 6 0 0 0 0 0 4 0 0 0 4 1 0 0 10 0 0 26 0 2 7 18 28 15 0 27 0 0 51 1 0 0 5 0 38 0 0 9 1 14 0 0 0 0 19 1 0 0 0 32 0 15 2 14 10 0 28 0 0 0 0 0 0 0 0 0 0 0 0 0 0 1 0 0 0 0 0 1 0 0 2 0 1 0 0 0 0 0 2 0 0 0 2 2 0 0 0 0 0 0 0 0 3 4 3 85 4 1 15 0 0 2 0 0 0 0 0 0 0 0 0 0 0 0 0 0 0 0 0 0 0 0 0 0 0 0 0 0 0 0 0 0 0 0 0 0 0 
 220 81 430 77 60 249 298 60 76 81 38 268 300 473 75 141 77 35 0 209 0 0 0 0 2 7 1 0 3 0 0 0 10 3 3 0 2 0 0 7 0 0 3 0 0 0 0 3 6 2 0 1 3 0 3 0 0 13 0 4 2 7 0 3 0 0 2 0 0 9 0 1 3 0 9 0 0 0 0 3 33 0 0 20 0 0 9 0 23 0 1 0 0 19 32 0 55 24 47 23 0 0 0 1 0 0 0 0 0 0 0 0 0 0 0 0 0 2 0 0 0 0 0 0 1 0 0 0 0 0 0 0 2 0 0 0 0 0 1 0 0 0 0 0 0 0 0 0 0 0 0 0 0 0 2 0 0 0 1 0 24 16 0 0 0 0 20 7 23 0 0 3 10 13 13 0 0 11 14 11 0 0 0 0 0 0 0 0 0 1 0 0 0 0 21 1 0 0 0 0 0 0 0 0 0 0 0 0 0 0 0 0 0 0 2 0 0 0 2 0 0 0 0 1 1 2 0 1 0 0 0 0 0 0 0 0 0 0 0 1 0 0 0 0 0 1 3 0 0 89 0 7 0 0 0 0 1 0 0 0 0 0 0 0 0 66 0 0 0 0 0 0 0 0 1 0 0 0 0 0 0 0 0 0 0 0 0 0 0 0 
 207 62 131 82 92 54 307 185 171 109 111 42 233 454 326 166 424 24 209 0 0 0 4 0 0 5 0 0 2 0 1 0 1 0 0 0 3 0 0 6 0 0 3 0 5 0 0 3 0 2 0 0 3 0 3 0 0 0 61 0 5 3 0 44 0 0 3 0 0 3 0 0 3 0 3 0 0 0 0 3 22 10 18 14 14 0 14 1 14 37 0 1 33 11 33 1 16 10 23 10 0 0 0 0 0 0 0 0 0 0 0 0 0 0 0 0 0 0 0 10 0 0 0 0 0 0 2 0 0 0 0 0 0 0 0 0 0 0 0 0 2 1 0 0 0 0 0 0 1 0 0 0 0 0 0 0 1 0 0 0 7 15 15 0 12 0 28 18 38 0 0 11 8 13 12 24 31 27 0 0 1 8 1 0 0 0 0 0 0 0 0 0 1 0 0 0 0 0 0 0 0 0 0 0 0 1 0 0 0 0 0 2 0 0 0 0 0 0 0 0 0 0 0 0 0 0 0 0 2 0 0 0 0 0 0 0 0 0 0 0 0 11 0 0 0 0 49 2 1 0 4 5 0 0 0 0 0 0 0 0 0 0 0 0 0 0 0 0 0 1 0 0 0 0 0 0 0 0 0 0 0 0 0 0 0 0 0 0 0 0 
 0 0 1 2 2 31 0 0 0 1 0 6 0 0 0 0 0 0 0 0 0 154 83 43 21 30 351 160 18 195 15 18 136 81 121 117 38 139 173 185 0 0 3 7 0 0 6 0 6 1 0 0 2 0 0 0 5 0 13 0 0 0 0 0 0 6 0 0 0 4 0 2 0 0 0 50 4 0 0 0 0 0 0 0 15 33 0 0 0 0 0 0 0 0 0 0 0 0 0 0 7 10 10 0 9 0 0 14 33 38 14 15 67 23 16 18 27 0 15 59 0 0 0 0 0 0 0 0 0 0 0 0 0 0 0 0 0 0 20 0 0 0 1 0 0 0 12 0 0 0 0 0 13 0 16 5 0 0 0 0 0 0 0 2 0 9 0 0 0 0 0 0 0 0 0 1 0 1 0 0 25 23 0 15 0 0 15 21 18 42 13 1 10 26 15 13 25 12 8 23 0 0 0 0 0 0 0 0 0 0 0 1 0 0 0 0 1 0 0 0 0 0 0 0 0 0 0 0 0 0 0 0 0 0 0 0 0 0 0 0 0 0 0 0 0 0 0 0 0 0 0 13 0 0 4 0 0 46 0 2 8 0 0 2 0 0 0 0 0 0 0 0 0 46 0 0 0 0 0 0 0 0 0 0 0 0 14 0 0 0 
 0 0 2 0 0 0 0 0 0 7 79 4 0 0 0 1 0 0 0 0 154 0 167 69 72 120 101 370 228 134 120 42 38 152 209 69 119 143 119 39 0 0 3 3 67 7 0 0 0 2 1 5 6 0 0 3 3 0 3 0 3 0 0 2 0 6 0 4 0 2 3 4 0 0 0 2 3 1 0 0 0 0 0 0 0 9 0 0 0 20 0 0 0 0 0 0 0 0 0 1 0 11 40 44 0 10 5 0 51 14 20 13 3 44 0 14 27 31 0 0 0 0 0 0 4 0 10 12 0 0 0 0 29 8 0 3 0 6 16 40 0 0 0 0 0 0 6 0 0 0 0 0 0 0 0 1 0 0 0 0 0 0 0 0 11 0 0 0 0 0 2 0 0 0 0 0 0 0 0 0 58 0 1 29 17 27 0 26 17 28 0 13 0 1 1 1 6 7 0 0 1 0 0 0 0 2 0 0 0 0 0 0 10 16 0 0 0 0 25 0 0 0 0 11 0 0 0 0 0 0 0 0 0 0 9 0 0 0 0 0 0 0 12 0 0 0 0 0 0 0 0 0 0 0 5 2 0 76 130 1 2 18 0 0 0 0 0 0 0 0 0 0 0 0 0 0 0 0 0 12 0 18 0 0 0 0 9 0 0 0 
 0 0 0 4 1 68 0 0 0 0 0 0 1 0 0 0 1 0 0 4 83 167 0 212 54 21 427 177 150 132 108 102 51 38 65 323 44 171 74 54 0 0 208 3 1 0 0 0 0 2 0 0 0 0 0 0 3 0 68 0 0 0 0 0 0 0 0 1 0 3 0 3 0 0 0 2 0 0 0 0 2 0 0 0 0 17 0 0 0 0 0 0 0 0 0 0 0 0 2 0 0 1 17 10 38 12 1 14 27 5 54 11 8 1 35 33 0 65 1 0 0 0 0 1 0 0 0 26 0 0 0 0 52 14 0 0 0 0 0 12 0 0 0 0 0 2 58 0 0 0 0 0 0 0 0 0 0 0 0 0 0 0 0 4 0 0 0 0 0 10 0 0 0 20 1 0 0 0 12 0 1 15 40 13 22 17 13 24 1 0 1 34 0 10 74 11 20 9 0 7 2 0 0 0 0 0 27 0 0 0 0 0 34 0 8 11 0 0 16 0 0 0 0 0 0 0 0 0 0 0 0 0 15 1 0 0 0 0 0 0 0 0 0 0 0 0 0 0 0 0 0 0 0 0 0 1 0 2 0 2 0 0 0 0 0 0 0 0 0 0 0 0 0 0 0 0 0 0 0 19 0 0 0 0 0 1 0 0 0 0 
 0 0 0 1 0 0 0 0 2 75 0 0 0 0 0 0 2 0 0 0 43 69 212 0 153 107 128 161 215 86 352 208 157 105 94 117 66 111 88 118 6 0 3 3 0 0 0 0 0 73 0 0 0 0 0 0 3 0 65 0 0 6 0 0 0 0 0 0 0 2 0 2 0 0 0 2 0 0 0 0 1 0 0 0 0 0 0 0 0 0 0 0 0 0 0 0 1 0 1 0 3 4 17 32 25 21 10 20 1 7 1 0 0 0 11 29 21 60 0 0 0 0 0 0 10 0 16 0 0 0 0 0 37 26 0 0 0 0 25 16 0 0 0 0 0 1 1 11 0 0 25 0 0 0 0 0 0 0 0 8 0 0 0 3 0 0 0 1 0 0 0 0 0 4 6 0 0 0 0 0 0 31 32 30 1 7 32 1 33 0 56 13 0 12 54 29 25 0 0 0 0 0 0 0 18 0 1 0 0 0 2 0 1 0 0 26 0 0 15 19 0 0 0 0 0 0 0 0 0 0 0 0 0 2 0 0 0 0 0 0 0 0 0 0 0 0 0 0 0 0 0 0 0 0 13 0 0 57 2 0 6 0 0 0 0 0 19 0 0 0 0 0 0 0 0 0 0 17 0 0 0 0 0 0 0 61 0 0 0 0 
 0 0 1 1 2 2 0 0 1 0 1 0 0 0 0 0 0 0 2 0 21 72 54 153 0 130 109 72 336 162 242 149 70 141 159 86 129 57 56 162 65 17 3 3 0 64 1 65 0 3 2 0 62 0 138 0 11 0 78 31 0 0 56 6 0 0 0 50 0 2 0 2 0 0 0 2 0 0 2 0 0 0 0 2 0 12 0 0 0 0 0 0 0 0 0 0 0 0 0 0 9 1 1 34 19 7 10 0 0 15 12 0 0 11 0 0 18 1 0 0 7 18 0 22 0 0 9 7 22 0 0 0 0 36 20 9 44 7 7 36 0 0 0 0 0 0 0 5 0 0 5 0 4 0 0 1 0 0 0 3 0 0 0 0 0 0 0 0 0 0 0 0 0 0 0 0 0 0 0 0 0 13 2 33 10 8 0 0 17 0 14 7 0 0 0 0 4 11 0 0 21 33 0 9 0 0 0 18 0 6 0 0 17 37 10 0 10 5 19 45 0 0 0 0 0 0 0 0 0 0 0 0 0 0 0 0 0 0 0 0 0 0 0 0 0 0 0 0 0 0 0 0 0 0 8 0 0 5 77 5 5 2 0 0 0 0 0 0 0 0 0 0 0 0 0 0 0 0 0 0 0 0 0 0 0 0 0 0 0 0 
 5 3 3 3 4 1 5 5 3 7 84 4 9 7 4 4 3 3 7 5 30 120 21 107 130 0 43 58 141 76 219 95 59 57 305 105 67 123 41 253 1 9 4 3 0 4 0 7 0 0 0 2 53 0 0 1 14 0 3 127 0 0 0 0 0 0 0 3 0 8 0 2 0 2 0 3 3 3 0 0 0 0 0 0 3 0 0 0 0 0 0 0 1 0 0 0 0 0 0 0 0 5 0 7 0 10 0 0 1 0 68 60 0 0 0 0 14 0 0 0 1 10 0 0 1 0 41 0 21 0 9 0 12 15 0 1 0 1 27 0 0 0 0 0 2 0 0 2 0 0 0 0 0 2 0 0 0 0 0 0 0 0 0 0 0 0 0 0 0 0 11 0 0 0 0 0 0 0 9 0 0 0 0 0 28 46 0 0 0 22 15 15 0 0 1 25 11 21 0 0 20 19 23 11 0 0 29 23 1 0 0 0 14 25 0 0 2 0 20 11 15 0 0 8 0 0 0 0 0 0 0 0 0 0 0 0 0 0 0 0 0 0 0 0 0 1 0 0 1 0 0 0 0 0 20 0 1 0 76 6 6 0 0 0 0 0 20 0 0 0 0 0 0 0 0 0 0 0 0 0 0 0 0 0 0 0 0 0 0 0 
 1 1 76 112 75 74 1 1 1 81 33 1 1 3 1 0 2 2 1 0 351 101 427 128 109 43 0 261 67 193 46 63 380 285 418 87 37 148 117 132 0 0 4 5 3 2 0 0 4 2 0 71 0 62 3 2 3 3 8 2 0 4 1 0 0 0 0 2 2 5 1 5 7 2 3 2 3 1 0 2 0 0 0 0 0 4 0 0 0 0 0 13 0 0 0 0 1 10 1 0 26 26 6 13 11 0 10 8 9 22 0 15 36 0 10 39 22 8 0 26 0 0 0 0 0 0 0 0 0 0 0 0 0 0 0 0 0 8 0 10 0 0 0 0 0 0 0 0 0 0 0 2 0 0 0 3 0 0 0 0 0 0 0 3 10 11 0 0 0 0 19 19 1 4 4 0 0 0 0 0 13 62 18 13 2 49 20 27 13 10 2 0 0 58 14 19 11 24 20 0 1 0 0 0 0 0 1 0 0 0 0 0 0 0 0 0 0 2 0 0 0 0 0 0 0 0 0 0 0 0 0 0 0 2 0 0 0 0 0 0 0 0 0 0 0 0 0 0 74 36 0 0 0 0 13 1 0 0 0 1 2 1 0 0 0 0 0 0 0 0 0 2 0 0 0 0 0 0 0 0 0 0 0 0 0 0 0 0 0 0 
 0 0 0 0 3 77 0 0 0 0 2 2 0 0 0 0 0 4 0 0 160 370 177 161 72 58 261 0 201 164 106 34 135 75 336 104 31 57 216 142 0 0 3 6 0 0 0 0 0 1 0 0 0 0 0 0 3 0 12 0 0 2 3 0 0 0 0 0 0 2 0 2 1 0 0 2 2 0 0 0 0 0 0 0 6 17 0 0 0 0 0 0 0 0 0 2 0 2 0 0 0 17 21 13 1 1 13 1 29 7 0 0 36 0 14 4 26 0 0 14 0 0 0 0 6 13 2 0 0 0 0 0 2 0 0 0 0 3 0 7 0 0 0 0 1 0 2 1 2 0 0 0 0 0 0 0 0 0 0 0 0 0 0 1 0 10 0 0 0 0 0 2 0 0 3 0 0 0 0 0 15 9 0 0 0 26 0 29 13 12 38 17 1 15 16 34 0 0 9 0 0 0 0 0 0 0 0 0 2 0 0 0 0 0 0 0 0 0 0 0 0 0 0 0 0 0 0 0 0 0 0 0 0 0 0 0 0 0 0 0 0 0 0 0 0 3 0 0 0 0 0 0 0 0 22 0 0 0 0 0 7 9 0 0 0 0 18 0 0 0 0 0 0 0 0 0 0 0 0 0 0 0 0 0 0 0 0 0 0 0 
 3 2 2 3 5 0 3 3 5 4 5 3 3 3 75 2 2 3 3 2 18 228 150 215 336 141 67 201 0 84 151 131 382 133 185 210 97 103 76 92 3 0 3 4 0 0 0 0 0 4 0 0 0 0 0 0 3 0 3 0 0 0 0 0 0 0 46 0 0 2 0 3 0 0 0 2 0 0 0 0 0 0 0 0 0 0 0 6 0 0 0 38 0 0 0 0 0 0 0 0 16 17 37 30 11 0 12 13 23 0 13 10 0 0 20 10 67 24 0 0 0 0 0 2 0 0 34 1 0 0 0 0 16 29 2 0 1 0 2 90 0 0 8 0 0 0 6 0 0 0 0 0 0 0 0 1 0 2 0 0 0 0 0 1 0 1 0 0 0 0 0 0 0 0 0 0 0 0 0 0 0 48 14 2 10 37 0 22 13 13 24 22 0 12 13 47 18 0 0 0 0 0 0 0 0 0 21 0 0 0 0 0 0 13 0 15 0 0 25 4 0 0 0 0 0 0 0 0 0 0 0 0 0 0 0 0 1 1 0 0 0 0 1 0 0 0 0 0 0 0 0 0 0 0 8 0 0 81 78 2 1 18 0 0 0 0 19 0 0 0 0 0 0 1 0 0 0 0 0 0 0 0 0 0 0 0 0 0 0 0 
 0 0 0 0 0 0 0 0 2 0 4 75 0 0 0 0 0 0 0 0 195 134 132 86 162 76 193 164 84 0 114 134 162 249 190 263 123 62 163 97 0 0 3 3 69 9 0 0 0 2 0 8 0 0 0 0 3 2 7 0 0 0 0 0 0 4 0 0 0 2 4 8 0 0 0 2 3 0 0 2 0 0 0 0 0 8 0 1 0 0 0 0 0 0 0 8 2 0 0 1 9 0 49 32 0 0 36 8 42 59 3 0 16 15 1 8 22 36 0 0 0 0 0 0 0 0 0 0 0 0 0 0 0 0 0 0 0 0 1 38 0 0 0 1 0 0 8 0 0 0 0 0 0 0 0 0 0 0 0 0 0 0 1 3 0 14 0 0 0 0 0 0 0 4 7 0 0 0 2 0 20 7 19 33 4 19 10 10 75 31 0 1 0 12 1 20 18 0 0 0 0 0 0 0 2 1 2 0 0 0 0 0 0 0 0 1 0 0 0 2 0 0 0 0 0 0 0 0 0 0 0 0 0 0 0 0 0 0 0 0 0 0 15 0 0 0 0 0 0 0 0 0 0 0 9 3 0 74 11 3 2 21 0 0 0 0 0 0 0 0 0 0 0 0 0 0 0 0 0 0 0 20 0 0 0 0 9 0 0 0 
 0 0 0 0 0 2 0 0 0 0 2 2 0 0 0 0 0 0 0 1 15 120 108 352 242 219 46 106 151 114 0 252 14 246 121 249 86 362 234 61 0 0 211 3 0 6 0 0 0 2 0 5 29 0 126 0 3 0 265 0 0 0 0 0 0 0 0 0 0 2 0 2 0 0 0 2 0 0 0 0 0 0 0 0 0 0 0 0 0 0 0 0 16 0 0 0 19 1 0 0 8 10 13 35 35 29 6 0 35 18 0 11 0 12 10 0 8 58 0 0 0 0 0 1 0 0 22 12 0 0 0 0 12 38 0 0 0 0 0 8 0 0 0 0 0 0 0 1 1 0 0 0 0 2 0 0 0 0 0 3 0 0 0 0 0 0 0 0 0 0 0 1 0 0 0 0 0 0 0 0 0 19 4 20 0 0 0 0 17 23 10 24 0 0 19 1 12 1 0 0 12 0 0 0 0 0 13 0 1 0 0 1 10 17 0 9 0 0 49 1 0 0 0 0 0 0 0 0 0 0 0 0 0 0 0 0 0 0 1 0 0 0 11 0 0 2 0 0 0 0 0 0 0 0 9 2 0 85 100 0 2 1 0 0 0 0 19 0 0 0 0 0 0 0 0 0 0 0 0 14 0 14 0 0 0 0 0 0 0 1 
 0 0 2 6 2 0 0 0 0 0 1 0 2 0 0 0 0 1 0 0 18 42 102 208 149 95 63 34 131 134 252 0 247 32 391 50 149 175 37 128 1 0 3 3 0 7 0 0 0 1 0 4 69 80 34 0 3 61 5 66 0 0 0 0 0 0 3 1 2 2 0 2 0 0 0 2 0 0 0 0 0 0 0 0 0 1 0 0 1 0 0 0 0 0 0 0 0 0 0 0 0 7 0 28 9 23 0 0 0 24 28 38 7 0 1 0 0 0 0 0 10 1 12 0 0 0 3 0 9 0 10 0 1 26 10 0 0 0 21 33 0 0 0 0 0 0 0 18 0 0 39 0 3 0 0 0 0 0 0 0 0 0 0 0 4 0 0 0 0 4 2 0 0 3 0 0 0 0 0 0 0 17 4 36 20 1 12 2 0 0 12 12 0 10 0 4 0 16 0 0 9 7 21 0 0 2 22 25 0 0 0 0 11 7 0 17 0 0 19 18 0 0 0 0 0 0 0 0 0 0 0 0 0 0 0 0 0 0 0 0 0 0 11 0 0 0 0 0 0 0 0 0 0 0 6 0 7 79 77 2 1 1 13 0 0 0 0 0 0 0 0 0 0 0 0 0 0 0 0 0 0 17 0 0 0 11 0 0 0 0 
 4 78 1 8 39 62 4 2 109 3 37 82 2 2 2 4 1 153 10 1 136 38 51 157 70 59 380 135 382 162 14 247 0 407 43 30 95 47 329 131 6 0 3 3 1 0 0 0 0 7 0 0 0 0 0 0 3 1 3 0 0 0 0 1 0 2 0 2 0 2 0 4 0 0 0 2 0 1 2 0 0 0 0 9 24 29 0 0 14 13 0 17 0 0 0 0 0 0 0 0 10 13 0 0 0 0 1 16 21 5 0 0 18 0 0 0 34 4 2 32 0 0 0 0 0 0 0 0 0 0 0 0 0 0 0 0 0 0 12 0 8 0 0 0 0 0 0 0 0 0 0 0 10 0 0 10 0 7 1 0 0 0 0 0 1 12 0 0 0 4 22 41 0 0 14 30 0 29 0 0 36 21 19 15 0 0 0 10 20 45 26 0 0 1 0 40 1 0 11 12 0 0 0 0 0 0 0 0 0 0 0 0 0 0 0 0 0 0 0 0 0 0 0 0 0 0 0 0 0 0 0 0 9 0 0 0 0 0 0 0 0 0 0 0 0 0 0 0 0 0 0 0 0 0 14 0 1 77 0 2 2 0 0 0 0 0 0 0 0 0 0 0 0 0 0 10 0 15 0 0 0 0 0 0 0 0 0 0 0 0 
 1 2 1 3 76 74 0 0 73 1 74 62 0 0 0 0 0 20 3 0 81 152 38 105 141 57 285 75 133 249 246 32 407 0 77 48 166 124 452 203 6 0 3 3 1 0 0 0 0 5 0 0 0 0 0 0 206 0 3 0 0 0 0 1 0 5 0 0 0 2 0 2 0 0 0 3 0 51 0 0 0 0 0 0 18 15 0 0 0 0 0 10 0 0 0 0 0 0 0 0 24 0 24 0 0 0 7 27 24 28 0 20 22 13 0 0 18 10 11 0 0 0 0 0 0 0 0 0 0 0 0 0 0 0 0 0 0 0 11 1 6 0 0 0 0 0 0 0 0 0 0 0 0 0 0 0 0 7 0 0 0 0 0 0 9 9 0 0 0 11 11 11 0 0 0 5 0 27 0 0 17 12 22 8 0 0 0 0 120 21 9 0 0 10 0 20 34 0 19 8 0 0 0 0 0 0 0 0 0 0 0 0 0 0 0 0 0 0 0 1 0 0 0 0 0 0 1 0 0 0 0 0 0 0 0 0 0 0 0 0 0 0 1 0 0 1 0 0 0 0 0 0 0 0 5 0 1 5 34 2 3 0 0 0 0 2 0 0 0 0 0 0 0 0 0 0 0 9 0 0 0 11 0 0 0 0 13 0 0 0 
 0 1 2 38 2 0 0 0 0 2 10 7 2 4 0 0 0 149 3 0 121 209 65 94 159 305 418 336 185 190 121 391 43 77 0 323 39 68 174 135 0 0 3 3 0 10 0 0 5 1 0 16 0 0 0 0 3 0 3 0 0 0 0 0 0 0 0 0 0 2 0 2 0 0 7 2 0 52 0 0 0 0 0 0 10 11 15 0 0 0 0 0 0 0 0 0 0 0 0 0 29 16 22 40 7 0 17 0 0 23 41 3 17 13 10 3 9 0 9 60 0 0 0 0 2 0 39 0 0 0 0 0 0 44 0 0 0 0 0 33 0 0 2 0 0 0 0 0 0 0 0 0 0 0 0 0 0 0 0 0 2 2 0 0 5 1 0 0 0 0 0 17 0 0 1 0 0 0 0 0 0 38 0 4 0 10 14 12 29 0 12 51 13 6 52 12 46 16 9 18 0 0 0 0 0 0 0 0 0 0 0 0 0 0 0 6 0 0 16 0 0 2 0 0 0 0 0 0 0 0 0 0 0 0 0 0 0 0 0 0 0 0 15 0 8 0 0 0 39 0 0 0 0 0 13 0 2 0 8 0 7 16 0 0 0 0 19 0 0 0 0 0 0 0 0 0 0 0 0 0 0 33 0 0 0 0 0 0 0 0 
 0 0 0 0 2 0 0 0 127 0 1 209 0 0 0 0 0 5 0 0 117 69 323 117 86 105 87 104 210 263 249 50 30 48 323 0 158 447 111 153 0 0 3 3 0 11 0 0 0 1 4 70 20 0 0 2 3 23 5 0 1 0 0 0 0 0 0 0 3 2 8 6 2 0 0 2 0 0 1 0 0 0 0 0 0 0 0 0 0 0 0 0 0 0 0 0 0 0 0 0 4 29 1 36 11 9 0 1 24 60 12 34 48 0 11 22 8 1 0 20 0 0 0 0 0 0 13 0 0 0 15 0 14 1 0 0 0 0 17 26 0 0 0 2 0 0 1 0 0 0 0 0 0 0 0 5 0 0 0 0 0 1 0 2 0 10 0 0 0 0 0 0 0 4 0 0 0 0 0 19 0 24 24 21 0 51 31 1 12 22 8 9 0 30 11 40 7 13 0 0 1 0 0 2 0 0 7 0 0 0 0 0 0 0 0 0 0 0 7 1 0 0 0 0 0 0 0 1 0 0 0 0 0 0 0 0 0 0 0 0 0 0 11 0 0 0 0 1 0 0 0 0 0 0 8 2 0 0 78 2 0 0 0 0 1 0 9 0 0 0 0 0 2 0 0 0 0 0 0 0 0 19 0 0 0 0 0 0 0 0 
 2 1 5 10 2 97 2 4 4 2 2 81 6 75 2 77 3 2 2 3 38 119 44 66 129 67 37 31 97 123 86 149 95 166 39 158 0 141 38 88 6 2 6 4 28 3 1 1 0 10 3 5 4 4 3 2 5 1 3 2 0 2 2 1 4 6 2 5 5 5 2 5 0 44 2 2 2 1 0 0 0 0 0 0 0 9 0 0 0 0 0 0 0 0 0 0 0 0 0 0 9 1 21 21 1 0 8 17 11 0 0 13 10 21 0 0 24 29 12 16 0 0 0 0 0 0 0 0 0 0 0 0 0 20 0 0 0 0 0 1 0 0 0 0 0 0 0 0 0 0 0 0 0 0 0 1 13 0 0 0 0 4 0 0 0 0 0 0 0 0 0 0 0 0 0 0 0 0 0 0 0 26 28 5 0 0 29 0 55 16 14 0 0 20 0 39 9 0 0 9 0 0 0 0 0 0 1 0 0 0 0 0 0 0 0 0 0 0 0 22 0 0 0 0 0 0 0 0 0 0 0 0 0 0 0 0 0 0 0 0 0 0 0 0 0 0 2 0 0 2 0 0 0 0 15 2 3 5 1 1 0 0 1 3 0 0 0 0 0 0 0 0 0 0 0 0 0 0 0 0 0 0 0 0 0 14 15 0 0 0 
 0 0 0 1 0 1 0 0 0 1 1 6 3 0 0 0 0 0 0 0 139 143 171 111 57 123 148 57 103 62 362 175 47 124 68 447 141 0 116 105 59 0 5 6 65 3 0 6 3 2 0 4 0 0 66 0 3 0 7 1 0 0 0 0 0 4 0 0 0 2 0 2 0 0 0 2 56 0 0 0 0 0 0 0 0 17 0 0 0 0 1 2 0 21 0 0 0 0 0 0 8 14 40 0 0 13 0 29 17 26 21 25 12 17 0 25 0 36 0 21 0 0 0 0 0 0 1 13 0 0 0 0 13 0 0 0 0 0 35 5 0 0 1 0 0 0 0 0 0 0 1 0 0 0 0 5 0 0 0 0 0 0 0 10 0 0 0 0 0 0 0 0 0 4 3 0 0 0 0 0 35 17 8 60 12 28 26 3 24 24 1 20 0 23 1 0 17 22 0 10 0 12 0 0 0 0 3 0 0 0 0 0 10 0 0 0 0 0 0 0 0 0 0 0 0 0 0 0 0 0 0 0 0 0 0 0 0 0 0 0 0 0 12 0 0 0 0 0 0 0 0 0 0 0 2 0 3 79 8 3 2 2 0 0 0 0 0 0 0 0 0 0 0 0 0 0 0 0 0 12 0 12 0 0 0 0 9 0 0 0 
 0 31 0 0 74 24 0 0 38 74 76 1 0 0 0 0 0 75 0 0 173 119 74 88 56 41 117 216 76 163 234 37 329 452 174 111 38 116 0 216 5 0 3 3 0 0 0 0 0 2 0 0 47 0 0 0 3 0 10 0 0 0 0 0 0 6 0 1 0 3 0 3 0 0 0 2 0 0 0 0 0 0 0 23 34 14 0 0 12 14 0 8 0 0 0 0 0 14 0 0 13 7 9 0 13 0 0 13 22 9 1 7 43 27 20 11 28 0 22 1 0 0 0 0 0 0 0 0 0 0 0 0 3 0 0 0 0 0 15 0 6 0 0 0 0 0 0 0 0 0 0 0 0 0 0 0 0 3 0 0 0 0 0 0 14 29 0 0 0 9 0 0 0 0 0 38 0 0 0 0 12 25 7 12 1 0 0 23 29 28 16 0 12 10 14 35 18 0 0 12 0 0 0 0 0 0 1 0 0 0 0 0 0 0 0 0 0 0 0 0 0 0 0 0 0 0 0 0 0 0 0 0 0 0 21 0 0 0 0 0 0 0 0 0 0 0 0 0 0 0 0 0 0 0 13 0 2 44 0 0 16 0 0 0 0 0 0 0 0 0 0 0 0 0 0 1 0 12 0 0 0 1 0 0 0 0 14 0 0 0 
 2 4 49 80 39 0 2 2 2 36 86 3 2 2 2 2 77 3 7 6 185 39 54 118 162 253 132 142 92 97 61 128 131 203 135 153 88 105 216 0 5 0 3 3 0 0 5 0 0 6 0 0 0 0 0 0 3 0 3 0 0 0 0 0 0 0 0 4 2 2 0 2 0 0 3 2 0 0 0 0 0 0 18 0 19 8 0 0 0 0 0 0 0 0 0 8 1 0 0 0 49 0 14 20 0 0 9 62 0 33 12 26 31 8 21 15 10 10 2 0 0 0 0 0 0 18 0 0 0 0 0 0 0 0 0 0 0 0 0 1 0 0 4 0 0 0 0 0 0 0 0 0 0 0 0 4 0 13 0 0 0 0 0 14 0 19 0 0 0 11 21 0 0 0 0 0 0 0 0 0 10 95 28 0 0 0 13 0 62 10 24 13 13 39 13 44 18 0 15 12 0 0 0 0 0 0 1 0 0 0 0 13 0 0 0 0 0 0 0 25 0 0 0 0 0 0 0 0 0 0 0 0 0 0 0 0 0 0 0 0 0 0 1 0 0 0 0 0 0 73 0 0 0 0 21 1 1 4 2 0 10 0 0 0 0 0 0 0 0 0 0 0 0 0 0 0 0 0 0 0 0 12 0 0 0 9 0 0 0 0 
 0 1 3 0 0 39 0 0 1 2 0 0 0 0 0 0 0 0 0 0 0 0 0 6 65 1 0 0 3 0 0 1 6 6 0 0 6 59 5 5 0 238 147 72 98 89 132 218 34 277 41 47 134 243 146 126 185 314 44 87 0 0 0 2 0 0 0 0 0 0 0 0 0 0 0 0 0 1 0 0 0 0 0 0 0 0 0 0 0 0 0 0 0 11 0 0 0 0 0 0 6 6 0 0 0 23 0 7 0 0 0 0 0 0 0 0 3 6 0 0 20 9 60 0 0 12 17 28 13 18 48 21 8 0 26 8 18 0 1 18 0 0 0 0 0 0 0 0 0 0 0 0 0 0 0 0 0 0 10 0 0 0 0 0 12 0 0 0 0 3 0 0 0 0 0 0 0 0 0 0 6 4 13 0 0 7 0 0 0 0 4 0 0 0 0 4 0 0 0 0 9 21 25 34 8 0 10 18 6 35 1 0 28 7 12 10 11 26 0 24 0 0 0 0 0 0 0 0 0 0 0 0 0 0 0 0 0 0 17 10 0 0 0 0 1 0 0 0 0 21 0 2 0 2 0 0 0 0 0 0 0 0 0 0 0 2 2 0 0 0 0 0 0 0 0 0 0 0 0 0 0 0 0 0 9 0 0 12 0 0 
 62 0 0 0 0 0 0 0 0 2 0 0 0 0 0 0 0 0 0 0 0 0 0 0 17 9 0 0 0 0 0 0 0 0 0 0 2 0 0 0 238 0 234 147 73 248 426 242 71 118 30 56 252 57 298 113 259 389 120 79 0 0 0 19 0 0 0 6 0 0 0 0 12 0 0 0 0 0 0 42 0 0 0 0 0 0 0 0 0 0 0 0 0 0 0 0 0 0 0 0 0 0 0 0 0 0 0 0 0 0 0 6 0 0 0 0 0 0 0 0 21 15 0 7 63 7 6 7 13 18 0 0 0 0 57 32 0 11 0 56 0 15 0 0 0 0 14 0 1 10 0 0 15 10 0 0 2 0 22 39 0 0 0 0 0 0 0 5 0 0 0 0 0 0 0 0 0 0 9 0 0 0 0 0 6 16 0 0 0 7 0 7 0 0 0 0 0 0 0 0 5 48 1 9 7 13 0 18 0 9 11 5 18 11 34 5 12 6 0 24 20 0 22 0 0 0 0 0 0 0 0 33 0 8 0 0 0 0 0 20 0 0 0 0 0 0 0 0 0 29 0 2 0 1 0 0 0 0 0 15 0 0 65 0 0 0 3 0 0 0 8 0 0 0 0 0 0 0 0 0 0 0 0 0 7 0 0 0 0 11 
 3 5 3 3 3 0 3 3 3 3 3 3 10 3 3 3 3 5 3 3 3 3 208 3 3 4 4 3 3 3 211 3 3 3 3 3 6 5 3 3 147 234 0 359 145 51 106 276 338 121 139 104 358 112 116 261 221 596 515 42 0 2 0 10 0 1 3 2 1 5 2 0 11 0 3 1 0 2 0 2 0 0 0 0 0 0 0 0 0 2 0 0 0 0 0 0 0 5 0 0 0 0 0 0 0 0 0 0 0 0 0 0 0 0 0 0 0 0 0 0 24 18 14 19 10 51 13 18 23 9 3 0 0 0 0 1 25 29 0 0 0 11 0 0 0 0 22 4 1 0 0 0 43 11 0 1 1 0 26 7 0 0 0 0 0 0 0 4 0 0 0 0 0 0 0 0 0 0 1 0 0 0 0 0 0 2 0 0 0 0 0 0 0 0 0 0 18 0 0 0 5 16 0 14 34 35 0 0 20 58 25 14 0 1 34 0 88 18 0 0 11 0 0 0 0 0 15 0 0 0 0 0 15 21 0 0 0 9 0 13 0 0 0 0 0 0 0 0 2 0 0 9 0 2 0 0 0 0 0 4 0 0 0 0 0 4 2 65 2 0 0 0 0 1 0 0 0 0 0 0 0 1 4 0 0 0 0 7 0 0 
 0 2 0 2 2 0 0 0 0 0 6 0 0 0 68 0 0 2 0 0 7 3 3 3 3 3 5 6 4 3 3 3 3 3 3 3 4 6 3 3 72 147 359 0 153 119 311 82 432 143 78 75 161 160 178 108 142 138 93 85 0 0 0 5 0 6 50 0 1 6 0 0 57 0 2 0 0 0 0 52 0 0 0 0 0 0 0 0 0 0 20 0 0 0 0 10 0 0 0 0 0 0 0 0 0 0 0 0 0 0 0 0 0 0 0 0 0 0 0 0 10 0 12 3 3 18 11 10 23 0 9 0 0 0 14 0 19 7 0 0 0 9 0 0 0 0 10 0 0 0 0 0 17 11 0 0 0 0 0 12 0 0 0 0 0 0 0 5 0 0 0 1 0 0 0 0 0 0 0 0 0 0 0 0 0 0 0 0 0 0 0 0 0 0 0 0 0 0 0 0 11 6 0 11 12 25 0 0 13 16 4 34 0 0 0 0 32 4 0 0 21 0 0 5 0 0 0 0 0 0 0 0 0 19 0 0 0 0 0 0 0 12 0 0 0 0 0 0 0 0 0 5 0 0 0 0 0 0 2 22 0 0 0 1 1 5 0 64 0 0 0 0 0 0 0 0 0 0 0 0 0 0 0 0 0 8 0 0 0 0 
 0 0 0 0 2 65 0 0 0 0 0 66 3 0 0 0 0 2 0 5 0 67 1 0 0 0 3 0 0 69 0 0 1 1 0 0 28 65 0 0 98 73 145 153 0 301 115 150 86 85 153 101 120 137 169 132 125 123 53 62 0 0 0 0 0 5 0 0 0 0 0 0 0 0 0 0 0 0 0 0 0 0 0 0 0 6 0 0 0 0 0 0 0 0 0 0 0 0 0 0 0 0 31 0 0 6 0 0 14 0 0 0 0 20 0 0 1 21 9 8 7 8 13 7 13 9 9 14 1 0 3 0 0 0 0 11 25 15 0 0 0 0 0 0 0 0 0 11 0 0 30 0 0 0 0 0 0 16 0 0 0 0 0 0 0 0 0 12 0 0 0 0 0 0 0 0 0 0 0 0 2 0 0 2 0 0 18 0 26 9 0 0 0 19 0 0 0 0 0 7 0 0 0 1 10 23 12 0 15 29 1 0 0 0 22 0 25 18 0 0 0 15 15 0 0 0 0 9 4 31 0 0 19 22 8 0 0 7 1 0 0 0 0 0 0 0 0 0 0 0 0 3 0 0 0 0 0 1 0 21 0 21 2 0 3 0 2 0 2 0 0 0 0 0 0 0 0 0 0 0 0 3 1 0 0 0 16 0 0 0 
 0 65 0 0 0 0 0 0 0 0 0 0 3 0 0 0 0 0 0 0 0 7 0 0 64 4 2 0 0 9 6 7 0 0 10 11 3 3 0 0 89 248 51 119 301 0 54 296 109 65 286 109 268 61 154 143 78 183 42 61 0 57 0 8 0 0 0 0 0 0 0 0 53 1 0 0 48 0 0 53 0 0 0 0 0 0 0 0 0 0 0 0 0 0 0 0 0 0 0 11 0 0 0 23 0 10 0 0 0 7 8 0 0 0 0 0 0 0 0 0 0 14 0 9 0 7 0 2 3 28 0 1 2 0 33 7 1 14 20 51 7 16 39 0 0 0 49 0 4 0 0 0 15 28 14 11 6 0 12 7 0 0 0 0 0 0 0 0 0 0 0 0 0 0 0 0 5 0 0 0 0 0 0 4 1 10 0 0 0 2 0 0 0 0 0 0 1 9 20 0 1 16 10 3 15 0 4 23 14 1 21 15 17 8 27 19 0 21 0 2 16 0 9 0 0 0 0 0 1 9 0 0 1 16 0 0 0 0 0 30 0 0 7 0 0 0 0 0 0 0 0 20 0 0 0 0 0 0 4 0 0 0 0 0 0 4 0 2 4 0 18 0 0 0 0 0 0 0 0 0 0 21 0 0 15 0 0 7 0 0 
 0 0 0 3 0 1 0 0 0 0 35 0 1 0 0 0 61 0 0 0 6 0 0 0 1 0 0 0 0 0 0 0 0 0 0 0 1 0 0 5 132 426 106 311 115 54 0 106 372 87 107 128 244 231 67 39 40 106 277 93 0 0 0 6 5 2 0 0 1 2 0 4 7 0 0 0 0 0 0 63 0 0 0 0 0 0 0 0 0 0 0 0 11 0 0 0 0 1 15 0 7 0 9 0 0 0 9 0 0 0 0 0 0 0 0 0 0 0 0 0 19 12 1 24 24 0 0 7 23 2 0 48 0 0 14 30 0 29 13 0 0 0 0 0 28 0 0 0 0 0 0 0 0 0 0 0 0 0 0 0 0 0 0 0 1 0 0 0 0 0 0 0 0 0 0 0 0 0 0 8 0 0 0 0 0 0 0 0 0 0 15 0 0 0 0 0 0 0 0 0 22 0 12 0 0 0 0 0 26 58 61 0 0 0 30 43 23 58 0 0 0 0 0 0 0 0 0 0 1 0 0 0 8 11 0 0 0 0 0 0 0 0 0 0 0 0 0 0 0 0 0 4 0 0 0 0 0 0 0 0 23 0 31 0 0 1 5 65 0 0 0 0 0 0 0 0 0 0 0 0 0 0 0 0 0 0 0 0 0 0 
 3 3 3 3 3 0 3 3 3 3 3 3 5 3 3 3 3 3 3 3 0 0 0 0 65 7 0 0 0 0 0 0 0 0 0 0 1 6 0 0 218 242 276 82 150 296 106 0 179 50 321 96 112 227 472 84 127 152 75 104 0 0 0 5 0 0 0 0 0 0 0 0 1 0 0 0 0 0 0 0 0 0 0 0 0 0 0 0 0 0 0 0 0 0 21 0 0 0 0 0 0 0 0 0 0 11 0 0 0 0 9 2 0 0 0 0 0 0 0 0 5 14 22 0 1 16 14 12 68 0 19 1 1 0 59 8 13 0 9 42 0 0 0 0 0 0 0 0 0 0 13 0 7 0 0 8 0 0 0 0 24 0 0 0 0 0 0 19 0 0 0 1 0 0 0 0 0 0 0 0 0 0 0 0 2 15 0 0 22 20 0 3 0 0 0 0 0 7 0 0 1 34 11 38 10 18 3 23 14 41 17 16 21 8 19 0 27 39 1 6 5 0 0 0 0 0 0 0 14 0 0 0 0 19 0 0 0 0 34 0 0 0 0 0 0 0 0 0 0 0 0 3 0 2 0 0 0 0 0 11 0 0 0 1 0 7 0 0 0 0 0 0 0 0 0 0 0 0 0 0 0 0 0 0 16 0 0 9 0 0 
 0 0 0 5 0 0 0 0 0 0 0 0 2 0 0 0 0 2 6 0 6 0 0 0 0 0 4 0 0 0 0 0 0 0 5 0 0 3 0 0 34 71 338 432 86 109 372 179 0 160 141 99 167 101 127 134 168 65 152 100 0 0 5 13 0 0 0 0 0 10 0 0 5 0 0 0 0 0 75 16 0 0 0 0 0 0 0 0 30 0 0 0 0 0 0 0 28 0 0 0 0 0 0 0 0 0 0 0 0 0 0 0 0 0 0 0 0 14 0 0 10 4 2 19 10 1 8 0 36 39 0 10 10 0 0 39 15 35 18 19 0 0 0 0 0 0 0 1 2 0 0 0 27 0 0 0 2 0 7 0 0 0 0 0 0 6 0 0 0 0 0 2 0 0 0 0 0 0 1 0 0 0 0 0 0 0 0 0 0 0 0 0 0 0 0 0 0 0 0 0 3 36 8 0 12 1 0 11 4 23 19 19 0 23 2 28 18 10 0 0 0 0 0 30 0 5 0 0 7 3 0 0 0 22 0 2 0 0 0 11 0 0 0 0 0 0 0 0 0 0 0 8 0 0 0 0 0 0 0 1 1 0 64 1 2 16 6 64 1 0 7 0 0 0 0 0 0 0 0 0 0 0 0 0 6 0 0 0 0 0 
 4 3 2 4 0 1 3 2 4 3 4 3 3 2 2 1 1 5 2 2 1 2 2 73 3 0 2 1 4 2 2 1 7 5 1 1 10 2 2 6 277 118 121 143 85 65 87 50 160 0 126 43 343 96 121 153 63 597 128 88 0 5 1 9 2 1 2 1 0 1 1 2 7 1 0 1 2 2 55 78 0 0 0 1 0 0 0 0 0 19 0 0 0 0 0 0 0 0 0 0 6 4 2 0 0 0 2 7 0 0 0 0 0 0 0 0 3 6 0 0 10 0 1 0 0 15 0 0 13 4 0 0 2 0 0 1 0 17 9 0 0 0 1 0 0 0 0 23 2 0 0 0 0 0 0 0 7 0 7 4 0 0 0 0 0 0 0 0 6 0 0 4 0 0 0 0 0 0 6 0 4 4 38 0 0 0 9 0 0 0 4 0 0 0 0 4 2 0 0 0 3 0 0 2 9 1 0 0 13 24 8 0 0 0 36 10 8 24 0 0 15 21 0 0 0 0 0 0 0 0 0 0 0 10 0 0 0 0 64 11 0 0 0 0 0 0 0 0 1 0 0 9 0 3 0 0 0 4 0 0 0 6 2 37 1 18 0 64 2 0 56 0 0 27 0 3 0 0 0 0 0 0 0 0 10 0 0 0 0 0 
 0 0 0 0 0 0 0 1 0 0 2 0 3 0 0 0 0 2 0 0 0 1 0 0 2 0 0 0 0 0 0 0 0 0 0 4 3 0 0 0 41 30 139 78 153 286 107 321 141 126 0 159 300 40 156 109 150 136 38 132 0 1 0 18 0 0 0 0 4 1 0 3 28 4 0 59 4 2 53 4 0 0 0 0 0 0 0 13 0 0 0 0 0 5 0 0 0 0 0 0 0 0 0 0 0 0 0 0 0 0 0 0 0 0 0 0 0 0 0 0 22 0 1 18 0 0 0 0 13 0 0 8 0 0 10 10 0 29 0 0 0 0 0 0 0 0 0 0 0 0 0 0 3 0 0 0 0 0 0 0 0 0 0 0 0 0 0 10 7 0 0 0 0 1 19 0 0 0 1 1 0 0 0 0 0 1 0 0 0 0 0 0 0 0 0 0 0 0 0 0 11 3 8 23 4 22 0 1 27 9 21 18 3 1 24 0 34 25 0 0 1 0 0 0 0 0 0 10 20 9 1 0 1 23 0 0 0 0 22 0 34 0 0 0 0 0 0 0 0 0 0 11 0 0 0 0 0 0 0 13 0 12 4 0 0 4 0 62 0 0 0 0 0 0 0 0 0 0 0 0 0 0 0 0 6 0 0 0 0 0 
 1 0 0 0 2 0 1 0 0 0 0 0 3 0 0 0 0 0 1 0 0 5 0 0 0 2 71 0 0 8 5 4 0 0 16 70 5 4 0 0 47 56 104 75 101 109 128 96 99 43 159 0 58 36 304 43 335 143 42 47 2 3 0 4 0 0 52 10 0 1 0 0 50 0 26 0 4 1 0 49 0 0 0 0 0 0 0 0 0 0 0 0 0 0 0 0 0 0 0 0 0 0 24 18 0 3 0 0 0 10 5 0 0 0 0 0 0 0 0 0 0 0 0 7 34 12 0 0 0 0 14 8 0 0 0 10 0 0 4 2 4 0 0 0 0 0 0 0 4 0 0 0 12 1 0 9 0 30 11 0 0 0 0 0 0 0 0 10 0 0 0 0 0 0 0 0 0 0 0 17 0 0 0 6 0 2 0 0 1 0 0 0 0 0 0 11 0 4 0 0 1 12 0 0 20 23 0 0 0 0 8 11 0 0 0 0 6 0 0 0 0 21 0 0 0 0 0 2 10 7 0 0 19 8 57 0 0 8 11 9 10 0 3 0 0 0 2 0 0 0 0 2 0 0 0 0 0 0 6 14 0 13 64 0 32 3 6 0 0 0 0 0 52 0 0 0 0 0 0 0 0 29 0 0 0 0 0 0 0 0 
 4 3 3 8 3 1 16 3 3 3 2 3 2 3 3 3 3 65 3 3 2 6 0 0 62 53 0 0 0 0 29 69 0 0 0 20 4 0 47 0 134 252 358 161 120 268 244 112 167 343 300 58 0 93 337 452 50 255 486 191 0 0 0 0 0 0 0 0 5 2 0 0 4 0 0 0 0 0 11 0 0 0 0 20 0 0 0 0 0 0 0 0 0 0 0 0 0 0 1 0 0 0 0 0 20 32 0 0 0 0 0 0 0 0 15 0 0 0 0 0 12 22 19 1 0 0 0 28 9 23 15 10 11 23 18 1 33 19 6 0 0 0 0 0 0 0 0 1 0 0 0 0 0 0 0 0 0 0 0 0 0 0 0 0 3 0 0 0 0 7 0 0 0 0 0 0 0 0 0 0 0 0 0 5 17 4 0 0 0 0 0 13 0 0 0 0 0 0 0 0 41 1 14 10 15 17 11 18 42 26 11 0 18 1 5 0 5 14 23 1 0 0 0 0 0 0 0 0 0 0 0 0 0 0 0 0 0 0 4 0 0 0 0 0 0 0 0 0 0 0 0 13 2 0 0 0 0 0 0 0 0 0 0 0 0 0 7 4 2 0 0 0 0 0 0 0 0 0 0 22 0 0 1 0 0 0 0 0 0 0 
 0 1 0 31 8 0 0 0 0 1 0 0 0 0 0 0 0 0 0 0 0 0 0 0 0 0 62 0 0 0 0 80 0 0 0 0 4 0 0 0 243 57 112 160 137 61 231 227 101 96 40 36 93 0 117 167 319 165 158 166 0 0 0 0 0 0 0 0 6 0 0 0 1 5 0 7 0 0 3 0 0 0 0 0 0 0 0 0 0 0 0 0 0 0 0 0 0 0 0 0 0 0 0 0 0 0 0 0 0 0 0 0 0 0 0 0 0 0 0 0 13 0 35 37 0 10 14 18 1 52 16 21 8 10 19 42 28 1 0 0 0 0 0 0 0 0 9 0 0 0 0 0 0 0 0 0 0 0 16 11 0 0 0 0 1 0 14 0 0 0 0 0 0 0 0 0 0 0 0 0 0 0 0 0 0 0 0 0 0 0 0 0 0 0 0 0 0 0 0 0 14 0 9 33 15 18 9 0 31 21 18 11 0 6 10 8 8 32 4 0 0 0 0 0 0 0 6 0 0 0 0 0 0 0 0 0 0 0 21 15 0 0 0 0 0 0 0 0 0 0 0 0 0 0 0 0 0 0 0 0 0 0 14 0 0 2 0 1 1 0 0 0 0 0 0 0 0 0 0 0 0 0 0 0 27 1 0 3 0 0 
 3 5 3 11 3 2 3 3 3 3 3 3 3 3 3 3 5 3 3 3 0 0 0 0 138 0 3 0 0 0 126 34 0 0 0 0 3 66 0 0 146 298 116 178 169 154 67 472 127 121 156 304 337 117 0 101 115 74 347 178 2 0 15 28 3 0 0 0 1 21 0 0 21 0 0 0 0 0 0 0 0 0 0 0 0 0 0 0 0 0 12 0 0 0 0 0 20 0 0 0 0 0 0 0 20 9 0 0 0 0 8 0 0 21 0 0 0 0 0 2 13 25 0 32 10 0 7 7 19 0 0 0 7 42 45 1 44 12 1 39 0 0 0 0 4 22 0 8 0 0 8 0 17 0 0 0 0 0 0 0 0 0 0 0 0 0 0 7 0 0 0 0 9 0 0 0 0 0 0 0 0 0 0 9 16 8 0 0 0 0 0 14 0 0 0 0 0 0 0 0 33 94 19 8 10 7 16 49 0 0 7 14 16 46 35 0 22 22 49 22 0 0 2 0 0 14 0 0 0 3 0 0 0 17 0 0 0 0 0 0 0 0 0 0 0 0 0 0 0 0 0 2 0 2 0 0 0 0 0 15 0 0 0 0 0 0 10 1 2 0 0 0 0 0 0 0 0 0 0 0 0 0 0 0 0 0 0 0 0 0 
 0 0 0 2 2 2 0 0 0 0 0 0 0 0 0 0 0 0 0 0 0 3 0 0 0 1 2 0 0 0 0 0 0 0 0 2 2 0 0 0 126 113 261 108 132 143 39 84 134 153 109 43 452 167 101 0 97 98 97 84 0 2 0 4 0 0 49 0 1 0 0 0 54 0 0 3 2 0 1 69 0 0 0 0 0 0 15 0 0 0 0 0 0 0 0 0 0 0 0 0 0 0 0 0 0 20 0 0 0 0 0 0 0 0 8 0 0 0 0 0 21 0 12 0 9 13 4 18 31 16 17 6 0 2 17 12 47 8 0 0 0 10 0 0 0 0 8 0 1 0 0 0 7 14 0 0 0 0 0 9 0 0 0 0 3 0 0 0 0 13 0 0 0 0 0 0 0 0 0 9 0 0 0 0 0 0 0 0 0 0 0 0 0 0 0 0 0 0 3 0 49 0 17 18 2 10 6 14 32 25 0 11 37 4 0 11 30 38 4 4 9 0 0 0 0 14 0 0 0 0 0 0 0 0 0 0 0 0 0 0 0 0 0 0 0 0 0 0 0 0 0 14 0 1 0 0 0 0 0 2 0 0 0 0 1 1 20 64 0 0 0 0 0 0 0 0 0 0 0 0 0 0 0 0 4 0 0 0 0 0 
 67 0 0 1 0 5 0 0 0 0 0 0 4 0 0 0 0 2 0 0 5 3 3 3 11 14 3 3 3 3 3 3 3 206 3 3 5 3 3 3 185 259 221 142 125 78 40 127 168 63 150 335 50 319 115 97 0 193 117 38 0 3 0 1 0 0 0 0 4 0 0 0 5 5 25 5 2 1 0 4 0 0 0 0 0 0 0 0 0 0 0 0 0 0 0 0 0 0 0 0 0 0 0 0 1 1 0 0 0 0 0 0 0 0 0 0 0 0 0 0 0 14 3 12 14 1 10 10 30 1 9 12 1 0 0 0 58 22 11 7 0 0 0 6 0 6 9 0 1 10 6 0 32 0 3 0 0 0 1 19 0 0 0 0 0 0 0 2 0 0 0 0 0 0 0 0 0 0 0 0 0 0 0 0 0 0 0 0 0 0 0 0 0 0 0 0 0 0 0 0 2 23 8 9 15 11 0 12 0 21 31 9 2 11 0 20 29 19 18 0 0 7 4 2 6 2 8 6 8 0 5 13 0 4 0 10 0 2 0 0 0 0 21 0 0 0 0 0 1 0 0 2 0 0 0 0 0 0 0 10 0 0 0 0 0 8 1 0 1 0 0 0 0 1 0 0 0 0 0 0 0 0 0 0 0 15 0 0 0 6 
 7 6 0 2 2 0 2 1 1 3 2 1 7 2 1 0 0 41 13 0 0 0 0 0 0 0 3 0 0 2 0 61 1 0 0 23 1 0 0 0 314 389 596 138 123 183 106 152 65 597 136 143 255 165 74 98 193 0 39 253 0 2 0 0 0 0 0 0 3 0 0 3 1 0 0 7 0 0 6 19 1 0 15 0 0 0 5 0 0 0 0 0 0 0 0 0 4 5 1 2 0 0 0 0 0 0 12 0 0 0 0 0 0 0 10 0 0 0 0 0 0 18 10 32 40 1 1 0 0 54 8 12 0 0 0 31 10 32 0 0 0 0 0 0 0 7 16 0 3 0 0 0 12 0 0 0 2 0 14 25 5 0 0 0 0 0 3 5 5 3 0 0 8 10 0 0 0 3 1 0 0 0 0 0 0 0 0 0 0 0 0 0 0 0 0 0 0 0 0 0 0 10 0 0 19 19 0 0 1 11 19 21 0 0 10 6 18 0 0 0 0 0 0 0 0 0 9 15 0 0 0 0 0 26 0 0 0 0 19 15 0 1 13 0 0 0 0 0 0 0 0 7 0 2 0 0 0 0 0 4 0 2 63 2 2 4 0 0 3 0 7 0 0 0 0 0 0 0 0 0 0 1 0 0 19 1 0 8 0 0 
 26 0 0 9 0 9 0 0 0 36 0 0 0 0 0 0 0 3 0 61 13 3 68 65 78 3 8 12 3 7 265 5 3 3 3 5 3 7 10 3 44 120 515 93 53 42 277 75 152 128 38 42 486 158 347 97 117 39 0 323 0 0 0 4 0 0 0 0 1 3 0 0 59 0 0 0 0 0 0 0 0 0 0 0 0 0 0 0 0 0 0 0 0 0 0 0 0 0 0 0 0 1 3 0 40 39 0 0 6 0 0 0 10 10 7 7 0 44 0 0 10 0 10 1 9 0 0 17 10 7 9 11 0 6 9 0 12 7 0 0 0 0 0 0 0 0 0 0 0 0 0 0 0 12 0 0 0 0 10 3 0 0 0 0 0 0 0 0 0 3 0 0 0 0 0 0 0 0 0 0 1 10 2 13 0 1 0 3 0 0 10 12 0 9 27 3 0 0 15 13 36 0 9 0 0 0 0 11 17 5 0 0 21 0 0 10 11 14 18 1 0 0 0 0 0 0 0 0 0 0 0 0 0 0 0 0 0 0 0 0 0 0 0 0 0 0 0 0 0 0 0 15 0 1 0 0 0 66 0 1 0 0 0 0 0 0 3 66 0 0 0 0 0 0 0 0 0 0 0 11 0 0 0 0 0 0 0 0 0 0 
 0 0 0 0 0 0 0 0 0 0 0 0 0 0 0 0 0 0 4 0 0 0 0 0 31 127 2 0 0 0 0 66 0 0 0 0 2 1 0 0 87 79 42 85 62 61 93 104 100 88 132 47 191 166 178 84 38 253 323 0 0 0 0 2 4 0 0 0 7 3 5 6 1 0 2 4 5 3 4 0 0 0 0 0 0 0 0 0 0 0 0 2 0 0 0 0 0 0 0 0 0 0 0 20 0 0 0 0 0 0 0 0 0 0 0 0 0 0 0 0 23 11 11 10 0 0 0 0 21 22 1 24 46 38 23 12 0 8 30 0 0 23 0 0 0 0 0 1 0 0 4 0 18 0 0 0 0 0 0 0 0 0 0 0 12 0 0 0 0 0 0 0 0 0 0 0 0 0 0 0 0 0 0 0 13 0 0 16 0 0 0 19 0 0 0 0 0 55 1 0 51 11 18 30 0 8 16 8 32 1 19 17 12 19 7 15 15 28 14 14 0 0 0 0 0 0 0 0 0 0 0 0 0 0 0 0 0 0 0 0 0 0 0 0 0 0 0 0 0 0 0 8 0 2 0 0 0 0 0 2 0 0 0 0 0 2 0 64 0 0 0 0 0 0 0 0 0 0 0 0 0 0 0 0 10 0 0 0 0 0 
 2 3 3 3 3 0 2 2 2 20 2 5 2 2 2 3 3 2 2 5 0 3 0 0 0 0 0 0 0 0 0 0 0 0 0 1 0 0 0 0 0 0 0 0 0 0 0 0 0 0 0 2 0 0 2 0 0 0 0 0 0 373 207 289 247 71 132 280 77 240 334 80 273 175 100 250 49 39 366 74 0 0 0 0 0 0 0 0 0 0 0 0 0 0 0 0 0 0 8 0 0 0 3 0 0 0 0 0 0 0 0 0 0 0 0 0 0 0 0 0 0 0 0 0 0 0 0 0 0 0 0 0 0 0 0 0 0 0 0 0 20 39 10 44 30 0 15 6 33 19 0 7 4 12 20 12 33 12 10 19 0 0 0 0 0 0 0 0 0 0 6 0 0 0 0 0 0 0 0 0 0 0 0 0 9 0 2 0 0 0 0 0 0 0 0 3 0 0 0 0 0 0 0 0 1 0 0 0 0 0 0 0 0 0 0 0 0 0 0 0 9 1 15 26 7 41 1 8 6 6 10 25 3 0 33 39 31 23 0 0 11 0 0 0 0 0 0 0 0 2 0 0 0 0 2 0 0 0 0 0 0 0 0 56 0 0 0 0 0 0 18 1 0 2 1 0 0 0 0 0 0 0 0 0 0 0 0 0 5 0 
