 0 137 374 41 61 21 130 60 243 127 133 263 254 54 364 52 27 69 329 37 2 2 3 0 0 2 2 0 0 2 3 0 0 2 2 2 3 2 3 0 2 3 0 0 0 0 0 3 0 0 0 0 0 57 0 0 0 0 0 0 0 0 3 3 0 0 0 3 0 0 0 0 2 0 0 0 0 2 0 0 28 40 0 0 10 0 21 0 13 20 0 2 28 43 29 0 0 11 0 29 0 0 0 0 0 0 0 0 0 0 0 0 0 0 0 0 0 0 8 0 0 0 0 0 0 9 0 0 0 0 0 0 0 0 0 0 0 0 0 0 0 0 0 0 0 0 0 0 0 0 5 0 0 0 15 0 0 0 0 0 21 26 50 7 3 0 20 0 5 13 15 0 9 1 0 11 15 2 7 25 0 0 0 0 0 0 0 0 0 0 0 0 0 0 0 0 0 0 0 0 0 0 0 0 0 0 0 0 0 0 0 13 0 0 0 10 0 0 0 0 0 0 0 0 0 0 0 0 0 0 0 0 0 0 0 0 0 0 0 2 0 0 0 0 0 2 1 0 93 0 2 1 0 0 0 16 0 0 0 0 0 0 0 0 0 0 0 0 0 0 0 0 0 0 0 0 0 0 0 0 0 0 0 0 0 0 0 0 0 0 
 137 0 508 88 118 123 350 144 45 31 238 99 141 276 136 165 305 30 33 91 0 2 5 0 0 0 2 1 0 0 3 1 1 0 2 0 3 2 78 0 2 3 4 3 2 0 0 4 0 0 1 0 0 6 0 0 0 0 0 0 0 0 3 2 0 0 0 7 0 0 45 0 2 0 2 0 0 1 0 0 1 2 10 2 22 0 11 24 1 27 14 11 0 49 0 46 14 3 0 0 0 0 0 0 0 0 0 0 0 0 2 0 16 0 0 0 0 0 10 0 0 0 0 0 0 0 0 0 0 0 0 0 0 0 0 0 0 0 12 0 0 0 0 0 0 0 0 0 0 0 0 0 0 0 0 0 0 0 0 0 31 18 10 0 0 12 0 0 0 16 0 1 0 23 9 0 2 13 2 0 0 0 1 0 0 0 17 0 0 0 0 0 9 0 0 0 0 0 11 21 0 0 0 0 0 0 0 0 0 0 0 0 0 0 0 0 31 0 0 2 0 0 0 0 0 0 0 0 0 0 0 0 0 0 14 0 0 0 0 0 0 0 0 0 0 2 0 2 3 69 0 33 24 0 2 0 0 0 0 0 0 0 0 0 0 0 0 0 0 0 0 0 0 0 0 15 10 0 0 0 0 0 0 0 0 0 0 0 0 0 
 374 508 0 110 53 67 70 204 116 86 138 112 172 227 161 356 90 148 89 153 0 1 3 0 0 1 75 72 1 0 3 0 0 1 4 0 3 1 22 0 2 3 0 0 6 0 0 2 0 0 0 0 0 2 0 0 0 0 0 0 3 5 0 2 3 0 2 0 0 0 0 0 2 0 2 0 0 2 0 0 0 1 6 0 15 11 18 25 3 4 28 14 20 1 18 36 0 16 0 0 2 0 0 1 0 0 0 0 0 0 0 0 0 0 0 0 0 0 8 0 0 0 0 0 11 0 0 0 0 0 0 0 0 0 0 0 0 0 0 0 0 1 0 19 0 0 0 0 0 0 3 0 0 0 0 0 0 0 0 0 24 11 22 0 2 1 13 0 11 14 10 0 1 72 4 7 0 10 15 0 0 0 0 0 0 0 0 0 0 0 0 0 2 0 0 0 0 0 10 14 1 0 0 0 0 0 0 0 0 0 0 0 0 0 0 0 0 0 0 0 1 2 0 0 0 0 9 0 0 0 0 0 0 0 0 9 1 0 0 0 0 0 0 0 0 2 88 0 0 89 0 8 16 0 0 0 0 0 0 0 0 0 0 0 0 0 0 0 0 0 0 0 0 0 0 20 0 0 0 0 0 0 0 0 0 0 0 0 0 0 
 41 88 110 0 191 39 76 154 204 371 375 54 153 158 130 140 270 420 130 139 3 3 0 0 3 4 2 3 0 0 0 2 1 33 0 2 2 2 82 2 0 5 0 0 5 6 0 0 0 2 0 0 3 2 3 12 0 3 0 0 4 7 0 0 1 0 4 0 0 0 0 2 1 0 2 0 0 4 2 0 7 11 16 2 14 0 10 16 0 11 38 9 9 0 10 35 3 0 0 1 0 0 0 0 0 0 0 0 0 0 0 0 25 0 14 0 0 0 13 0 0 0 0 0 0 1 0 0 0 0 0 0 0 0 0 0 0 0 0 0 0 0 0 0 0 0 0 0 0 0 0 0 0 10 0 0 0 0 0 0 0 11 7 16 0 2 13 0 11 0 4 0 1 1 0 4 5 0 16 0 0 0 0 0 0 0 17 0 0 0 0 0 0 0 0 0 0 0 11 0 0 0 0 0 0 0 0 0 0 0 0 0 0 0 0 0 0 0 0 0 0 0 0 0 0 0 0 0 0 0 0 0 0 0 0 0 0 0 0 0 0 0 0 0 0 2 4 0 0 92 1 3 0 0 0 0 0 0 0 0 0 0 0 0 0 0 0 0 0 0 0 0 0 0 0 0 11 0 0 0 0 0 0 0 0 0 0 0 0 0 
 61 118 53 191 0 272 139 124 172 149 153 144 74 63 62 104 227 140 78 153 0 0 3 0 0 1 100 28 75 0 3 0 1 2 30 0 76 1 56 0 2 3 0 0 0 0 60 4 0 0 0 0 0 0 6 0 1 0 0 0 2 0 1 2 0 0 0 1 0 0 5 0 2 0 1 0 0 0 0 0 2 11 9 44 36 11 0 0 0 0 22 18 0 0 0 14 12 13 39 17 10 16 0 0 0 0 12 11 0 1 0 9 31 1 25 15 0 0 29 23 0 0 0 0 0 0 0 0 1 0 5 0 0 0 0 0 2 0 0 0 0 0 0 0 0 0 0 0 0 0 2 0 0 2 0 0 1 0 0 0 0 11 0 18 0 12 0 0 0 8 12 15 0 8 0 8 21 1 0 0 11 13 0 0 0 0 10 0 0 0 0 0 42 0 0 0 81 0 9 37 0 0 0 0 0 0 7 0 0 0 0 0 0 0 0 2 14 0 0 0 0 0 0 0 0 0 0 0 0 0 0 0 0 0 0 11 0 0 0 0 0 0 0 0 0 5 4 0 2 3 0 9 0 0 0 0 0 0 0 0 0 0 1 0 0 0 0 0 0 0 0 0 0 0 0 0 0 0 0 0 0 0 0 0 0 0 0 0 0 1 
 21 123 67 39 272 0 25 33 60 63 182 501 35 38 59 86 57 102 70 62 29 74 3 0 0 1 5 73 77 28 83 0 22 76 235 73 85 79 98 150 2 3 0 0 2 0 0 2 0 0 0 0 79 0 80 0 1 0 0 2 1 0 2 2 0 0 0 2 0 0 0 0 2 0 2 0 0 0 2 0 0 8 21 10 13 17 0 0 2 1 12 10 0 1 0 0 0 0 0 0 15 24 0 14 49 0 36 10 0 27 20 6 30 21 62 36 20 18 46 43 0 0 0 0 11 0 0 0 0 0 10 2 0 0 0 0 0 0 16 0 0 0 0 0 0 0 0 0 0 0 0 0 0 31 0 0 0 0 0 0 0 0 0 2 0 0 10 0 1 13 0 7 1 0 1 2 0 0 0 0 13 55 26 0 0 0 22 10 21 41 27 0 30 48 12 17 27 0 1 15 0 0 0 0 0 0 0 0 0 0 0 0 0 0 0 0 0 0 0 0 0 2 0 0 0 0 0 0 0 0 0 0 0 0 0 0 0 0 0 0 0 0 0 0 0 1 1 0 10 5 0 12 4 0 0 0 0 0 0 0 0 0 0 0 0 0 0 0 0 0 0 0 0 0 0 0 0 0 0 0 0 0 0 0 0 0 0 6 0 0 
 130 350 70 76 139 25 0 272 147 315 19 124 374 75 156 87 114 52 83 103 0 2 3 0 0 2 2 0 0 0 3 0 0 4 2 0 3 3 3 0 3 3 2 0 0 0 0 5 3 0 2 0 0 4 3 0 0 0 0 2 1 0 2 2 0 0 0 7 6 0 0 0 2 0 2 0 0 0 3 0 0 26 0 15 21 0 21 0 23 0 0 0 30 14 15 0 10 30 0 47 0 14 0 0 0 0 0 0 0 0 0 1 0 0 0 0 0 0 0 0 0 0 0 0 0 0 0 0 0 0 2 0 0 0 0 0 0 1 0 0 0 0 0 0 0 2 0 1 0 0 0 0 0 0 0 0 0 0 0 0 6 2 6 0 0 0 0 0 11 36 11 14 0 11 56 15 0 12 1 0 0 0 0 0 0 0 0 0 7 0 0 0 0 0 0 0 0 0 0 10 0 0 13 0 0 0 0 0 2 0 0 0 0 2 0 10 0 0 0 0 0 0 0 0 0 3 0 0 0 0 0 0 0 0 0 0 0 0 0 0 0 0 0 0 1 0 0 0 2 0 9 12 0 0 0 0 0 0 0 0 0 0 0 0 0 0 0 0 0 0 0 0 0 0 2 1 0 11 0 0 0 0 0 0 0 0 0 0 0 0 
 60 144 204 154 124 33 272 0 192 146 14 79 203 233 167 199 287 122 258 238 0 0 4 0 1 0 2 74 2 0 3 0 0 0 2 0 3 4 3 0 2 3 0 0 5 0 0 3 0 0 0 0 0 0 0 0 0 0 0 0 1 0 2 2 0 0 0 5 0 0 0 0 2 0 2 0 0 1 0 0 0 0 18 12 32 1 40 9 10 0 15 23 38 18 22 22 20 10 0 15 0 0 0 0 0 0 0 0 0 0 0 0 0 0 0 0 0 0 0 0 0 0 0 0 0 0 0 0 0 0 0 0 0 0 2 0 0 0 0 0 0 0 0 0 1 0 0 0 1 0 0 0 0 0 0 0 0 0 0 0 6 35 1 15 0 0 12 0 49 10 0 16 0 11 0 0 0 0 67 2 0 0 0 0 0 0 0 0 0 0 0 2 2 0 0 0 0 0 9 20 0 0 0 0 0 0 0 0 0 0 0 1 0 0 0 0 0 0 0 0 0 0 0 0 0 0 0 0 0 0 0 0 0 0 0 0 0 0 0 0 0 0 0 0 0 2 0 0 0 5 0 11 0 0 0 0 0 0 0 0 0 0 0 0 0 0 0 0 0 0 0 0 0 0 0 0 10 0 0 0 0 0 0 0 0 0 0 0 0 15 
 243 45 116 204 172 60 147 192 0 183 346 44 264 289 270 384 172 206 332 295 0 1 3 7 0 1 4 0 2 0 3 2 0 1 2 0 3 1 3 1 4 3 3 3 6 0 0 2 0 0 0 0 0 2 3 0 0 0 0 0 64 6 2 0 0 0 0 2 0 3 0 0 64 0 2 0 0 2 1 0 28 25 2 7 13 1 9 23 26 11 14 20 26 24 30 15 12 0 0 0 0 0 0 0 0 0 0 0 0 0 0 2 10 0 0 0 2 0 1 0 0 0 0 30 0 0 0 0 0 2 0 0 0 1 0 0 0 0 0 0 0 0 0 0 0 0 0 0 0 0 0 0 0 0 0 0 0 7 0 0 0 0 27 25 0 0 26 0 31 0 12 0 3 6 0 18 24 0 26 0 0 0 0 0 0 7 0 0 0 0 0 0 0 0 0 0 0 0 0 0 0 0 0 0 0 0 0 0 0 0 0 0 0 0 0 0 0 0 0 0 0 0 0 0 0 0 0 0 0 0 0 0 0 0 0 0 0 0 0 0 0 0 0 0 0 2 0 0 3 91 2 19 1 1 0 0 0 0 0 0 0 0 0 0 0 0 0 0 0 0 0 0 0 0 0 1 0 22 0 0 0 0 0 0 0 0 0 0 0 0 
 127 31 86 371 149 63 315 146 183 0 231 120 60 87 122 114 52 348 67 216 0 3 3 0 0 1 81 0 0 0 3 0 75 0 2 0 5 2 3 0 2 3 28 0 1 0 0 2 4 0 0 0 1 0 2 0 1 0 0 0 0 0 3 3 0 0 0 3 0 0 0 0 2 0 0 3 0 0 0 0 12 0 0 25 13 1 42 0 1 20 30 4 11 0 11 1 9 29 0 11 15 2 0 0 0 0 0 1 0 0 0 0 0 26 0 0 0 0 9 0 0 0 0 0 0 0 0 0 1 0 0 0 0 0 0 0 2 0 0 0 0 0 0 0 0 0 0 2 0 0 22 0 0 1 0 0 0 0 0 0 0 29 9 12 20 49 0 0 0 50 41 15 3 28 21 25 6 12 0 0 49 0 0 0 0 0 0 0 0 0 0 0 0 18 0 0 0 0 26 10 0 0 0 0 0 0 0 0 0 0 0 0 0 18 0 0 0 0 0 0 0 0 0 0 0 0 0 0 0 0 0 0 0 0 0 0 0 0 0 0 0 0 0 0 0 0 177 0 1 1 11 23 0 0 0 0 0 0 0 0 0 0 23 0 0 0 0 0 0 0 0 0 0 0 0 0 0 0 0 0 0 0 0 0 0 0 0 0 0 0 
 133 238 138 375 153 182 19 14 346 231 0 50 45 40 91 81 74 433 35 30 0 3 3 1 0 2 105 0 4 0 3 4 102 1 2 63 4 1 158 0 6 3 6 6 6 0 0 4 4 0 3 56 0 0 4 0 1 0 0 0 2 7 4 2 0 0 0 1 0 6 0 0 2 0 1 0 0 5 8 0 0 6 23 37 24 46 14 0 0 1 31 22 10 2 10 0 10 2 0 1 12 17 0 0 0 0 0 29 0 0 0 0 14 14 1 0 0 0 27 0 0 0 0 0 0 0 0 0 0 0 0 0 0 0 0 0 0 0 0 0 0 0 0 0 0 11 0 0 0 0 16 0 0 0 0 0 0 0 19 0 7 47 10 23 27 0 0 0 0 15 31 11 0 20 1 21 42 0 0 0 12 22 0 0 0 0 1 0 0 0 0 0 0 0 0 0 26 0 31 28 0 0 0 0 0 0 0 0 0 0 13 0 0 0 0 0 0 0 0 0 0 0 0 0 0 0 0 0 0 0 0 0 0 0 0 0 0 0 3 0 0 0 0 0 0 5 94 1 0 2 0 9 0 0 2 0 0 1 0 0 0 0 13 0 0 0 0 0 0 0 0 0 0 0 0 0 0 0 0 0 0 0 0 0 0 0 0 0 0 0 
 263 99 112 54 144 501 124 79 44 120 50 0 344 42 131 67 172 79 50 139 0 0 5 0 0 1 35 78 0 0 3 0 0 1 2 0 3 1 3 0 2 3 0 0 2 0 0 2 0 0 0 0 65 6 0 0 0 0 0 0 1 0 2 2 0 0 0 2 0 0 0 0 6 0 2 0 0 0 2 4 0 0 13 29 48 1 12 2 2 1 14 15 0 29 0 24 12 34 0 0 0 10 1 0 0 0 0 0 0 0 0 0 4 0 0 0 0 0 14 0 0 0 0 0 0 0 0 0 0 0 0 0 0 0 0 0 0 0 0 2 0 0 0 0 0 0 0 0 0 0 0 0 0 0 0 0 11 0 0 2 26 0 47 13 16 13 1 0 0 32 31 16 0 8 12 13 14 40 0 11 0 20 7 0 0 0 0 13 0 15 0 0 18 0 0 0 0 8 11 31 0 0 0 0 0 0 0 0 0 0 0 0 0 0 0 0 0 0 0 0 0 0 0 0 0 0 0 0 0 0 0 0 0 0 0 0 0 0 0 1 0 0 0 0 0 2 5 0 100 45 14 7 0 0 0 0 0 0 0 0 0 0 0 0 0 0 0 0 0 0 0 0 0 0 0 0 10 0 0 0 0 0 0 0 0 0 0 0 0 0 
 254 141 172 153 74 35 374 203 264 60 45 344 0 185 55 47 138 145 413 165 0 2 1 0 0 2 1 0 0 0 3 0 0 3 2 0 3 1 3 0 2 3 0 0 1 0 0 4 0 0 0 0 0 9 1 0 0 0 0 0 2 0 46 2 0 0 0 1 0 0 0 0 2 0 0 0 0 1 0 0 25 0 23 7 22 0 14 38 19 15 0 0 31 0 23 1 0 10 0 28 0 19 0 0 0 0 0 0 0 0 0 0 0 0 0 0 0 0 0 0 0 0 0 0 0 0 0 0 0 0 0 0 0 0 0 0 0 0 0 0 0 0 0 0 0 0 6 0 0 0 0 0 0 0 0 0 0 0 0 0 0 11 23 0 0 1 18 13 21 0 0 0 38 0 15 0 0 0 8 33 0 0 0 0 0 0 0 0 0 0 0 0 0 0 0 0 0 0 0 0 0 0 0 0 0 0 0 0 1 0 0 0 0 0 0 13 0 0 0 13 0 0 0 0 0 0 0 0 0 0 0 0 0 0 0 0 0 0 0 0 0 0 0 0 0 1 0 0 3 0 2 16 0 0 0 0 0 0 0 0 0 0 0 0 0 0 0 0 0 0 0 0 0 0 0 0 0 0 0 0 0 0 0 0 0 0 0 0 0 5 
 54 276 227 158 63 38 75 233 289 87 40 42 185 0 150 90 325 213 231 160 2 4 5 2 2 3 2 2 0 2 3 3 30 4 2 0 5 2 3 0 4 5 0 0 14 0 0 4 2 0 2 0 1 3 0 0 0 2 0 0 0 0 3 3 0 0 0 21 50 0 0 0 2 0 2 0 0 0 0 0 0 24 23 8 0 0 25 27 39 21 0 0 24 0 15 50 29 1 0 13 0 0 0 0 0 0 0 0 0 0 0 0 0 35 0 0 0 0 0 0 0 0 0 0 0 0 0 0 0 0 0 0 0 0 0 0 0 0 0 0 0 0 0 0 0 2 0 0 0 0 0 0 0 0 0 0 0 0 2 0 0 0 0 0 1 0 9 0 17 0 0 0 4 1 14 0 0 0 16 0 0 0 0 0 0 0 0 0 0 0 0 0 0 0 0 0 0 2 0 0 0 0 0 0 0 0 0 0 2 0 1 0 0 2 0 1 0 0 0 0 0 0 0 0 0 0 0 0 0 0 2 0 0 0 1 0 0 0 0 0 0 0 0 0 0 1 0 0 2 0 0 5 0 0 0 0 0 0 0 0 0 0 0 0 0 0 0 0 0 0 0 0 0 0 0 1 0 3 0 0 0 0 0 0 0 0 0 0 0 0 
 364 136 161 130 62 59 156 167 270 122 91 131 55 150 0 65 162 206 264 81 1 1 3 0 0 1 4 2 2 0 3 2 0 1 2 1 3 4 6 0 2 4 0 0 0 2 0 4 1 0 0 0 4 3 0 2 0 0 0 0 0 0 3 3 0 32 0 3 0 0 0 2 2 0 0 0 0 1 2 0 21 6 10 0 0 1 51 13 16 31 15 11 36 14 36 0 8 10 0 14 0 0 0 0 0 0 0 0 0 0 0 0 0 0 0 0 0 0 9 0 0 0 0 0 0 0 0 0 0 0 0 0 0 0 0 0 0 0 0 0 0 0 0 0 0 0 0 0 0 0 18 0 0 0 0 0 0 0 0 0 13 31 44 11 3 0 15 0 26 13 12 0 21 15 0 7 11 0 10 10 0 11 0 20 0 0 0 0 0 0 0 0 0 0 0 0 0 0 0 0 0 0 0 0 0 0 0 0 0 0 0 0 0 0 0 9 0 0 0 0 0 0 0 0 0 0 0 0 0 0 0 0 0 0 0 0 0 0 0 0 0 0 0 0 0 1 88 2 86 0 0 8 0 1 0 0 0 0 0 0 0 0 14 0 0 0 0 0 0 0 0 0 0 0 0 0 0 0 0 0 0 0 0 0 0 0 0 0 0 0 
 52 165 356 140 104 86 87 199 384 114 81 67 47 90 65 0 434 224 322 148 1 2 4 2 2 1 3 1 2 1 7 1 1 0 4 2 5 3 82 2 4 4 2 2 10 1 1 4 2 1 2 2 2 1 1 0 1 1 1 2 0 0 5 5 1 1 2 10 2 1 2 1 2 0 44 0 2 3 2 2 0 0 22 0 17 1 39 20 19 0 14 9 41 18 15 51 33 1 0 1 0 0 0 0 0 0 0 0 0 0 0 0 16 0 1 0 0 0 15 0 0 0 0 0 0 0 0 0 14 0 0 0 0 0 0 0 0 0 0 0 0 0 0 0 0 0 0 0 0 0 0 12 0 0 0 0 0 0 0 0 8 12 0 0 0 0 10 0 24 0 0 0 0 0 0 0 0 0 24 0 0 0 0 0 0 0 18 0 0 0 0 0 0 0 0 0 0 0 12 26 0 0 40 0 1 13 0 0 0 0 0 0 0 0 0 0 0 0 0 0 0 0 0 0 0 0 0 0 0 0 0 0 0 0 0 0 0 0 0 0 0 0 0 0 0 0 1 0 1 7 0 4 0 0 0 0 0 1 0 0 0 0 1 0 0 0 0 0 0 0 0 0 0 0 0 0 12 0 0 0 0 0 0 0 0 0 0 0 0 0 
 27 305 90 270 227 57 114 287 172 52 74 172 138 325 162 434 0 112 55 137 0 7 3 2 0 1 37 5 0 7 3 2 0 1 2 0 4 7 3 0 2 3 0 0 8 0 0 2 41 0 0 0 0 6 2 0 0 3 0 1 2 0 3 2 0 5 0 6 0 0 0 0 2 0 0 0 5 2 0 0 0 0 10 28 10 0 14 18 0 0 12 10 29 27 10 52 0 3 0 23 0 1 0 0 0 0 0 0 0 0 0 0 14 0 0 0 0 0 0 0 0 0 0 0 0 0 0 0 0 0 2 12 0 0 0 0 0 0 0 0 0 0 0 0 0 2 0 1 0 0 0 0 0 0 0 0 6 0 0 0 21 15 10 8 0 20 13 0 6 5 0 16 0 1 1 0 11 0 18 16 0 0 8 0 0 0 15 0 1 0 0 0 10 0 0 0 0 0 20 17 0 0 0 0 0 0 1 0 2 0 0 0 0 2 0 0 0 0 0 0 0 0 0 0 7 0 0 0 0 0 0 0 0 0 1 0 0 0 0 1 0 0 0 0 1 1 0 0 0 86 0 18 6 0 0 0 0 0 0 0 1 0 0 0 0 0 0 0 0 0 0 0 0 0 0 0 12 0 0 0 0 0 0 0 0 0 0 0 0 0 
 69 30 148 420 140 102 52 122 206 348 433 79 145 213 206 224 112 0 173 109 0 2 3 0 0 2 3 0 1 0 6 0 0 2 2 2 2 3 3 1 2 2 0 0 5 0 0 2 0 0 64 0 2 4 1 5 0 0 0 0 0 0 3 3 0 0 0 3 0 0 0 0 2 0 0 0 0 6 1 0 20 13 30 27 15 14 26 27 12 25 18 27 22 24 20 15 1 27 0 0 0 0 19 0 0 0 0 0 0 0 0 0 17 0 0 0 0 0 32 0 0 0 0 0 0 0 0 0 0 0 0 0 0 0 0 0 0 0 0 0 0 0 0 0 0 0 0 0 0 0 4 0 0 0 0 0 0 0 0 0 16 9 47 12 5 0 12 0 26 14 16 0 3 8 0 0 12 0 22 1 0 0 0 0 0 0 0 0 0 0 0 19 11 0 0 0 0 0 0 0 0 0 0 0 0 0 0 0 0 0 0 0 0 0 0 0 0 0 0 0 0 0 0 0 0 0 0 0 0 0 0 0 0 0 0 0 0 0 2 0 0 0 0 0 0 3 4 0 95 0 1 7 0 0 0 0 1 0 0 0 0 0 0 0 0 0 0 0 0 0 0 0 0 0 0 55 0 0 0 0 0 0 0 0 0 0 0 0 0 0 
 329 33 89 130 78 70 83 258 332 67 35 50 413 231 264 322 55 173 0 124 0 2 3 0 0 2 3 0 0 0 3 0 0 1 2 0 2 3 3 0 2 3 0 0 7 0 0 4 0 0 0 0 1 1 0 0 0 0 0 0 0 0 3 0 0 0 45 3 0 0 0 0 2 0 2 0 0 1 0 0 47 2 53 10 1 0 14 64 23 12 0 0 10 0 19 20 6 29 0 27 0 19 0 0 0 0 0 0 0 0 1 0 0 0 0 0 0 0 0 0 0 0 0 0 1 0 0 0 0 0 0 0 2 0 0 0 0 0 0 0 0 0 0 0 0 0 6 0 0 0 0 2 0 0 0 0 8 0 0 0 0 16 18 0 0 0 29 3 10 1 0 0 32 0 20 0 0 0 29 20 0 0 0 0 0 0 2 0 0 0 0 0 0 0 0 0 0 0 0 0 0 0 0 0 0 0 0 0 0 0 0 0 0 0 0 0 0 0 0 0 0 0 0 0 0 0 0 0 0 0 0 0 0 0 10 0 0 0 13 0 0 0 0 0 0 2 0 1 2 2 0 8 0 0 0 0 0 0 0 0 0 0 0 0 0 0 0 0 0 0 0 0 0 0 0 0 0 0 0 0 0 0 0 0 0 1 0 0 0 0 
 37 91 153 139 153 62 103 238 295 216 30 139 165 160 81 148 137 109 124 0 0 4 3 0 0 2 2 0 0 0 4 2 2 0 2 6 3 44 3 0 44 3 0 0 43 1 0 4 0 0 0 0 1 0 1 0 0 0 0 0 0 0 3 3 0 0 0 3 0 0 0 0 2 0 0 0 0 0 0 0 34 19 14 27 11 0 9 30 49 9 15 0 0 19 0 40 21 12 0 13 0 39 0 0 0 0 15 0 0 0 0 0 0 0 0 0 0 0 0 0 0 0 0 0 0 0 0 0 0 0 0 0 0 0 0 0 0 0 0 0 0 0 0 0 0 0 5 0 0 0 0 0 0 0 0 0 0 0 0 0 10 0 0 0 0 0 23 3 0 12 11 19 13 22 23 14 0 11 28 12 0 0 0 0 0 0 0 0 0 0 13 0 0 0 0 0 0 0 0 9 0 0 0 0 0 0 0 0 0 0 0 0 0 0 0 0 0 0 0 0 0 0 0 0 0 0 0 0 0 0 0 0 0 0 0 0 0 0 0 0 0 15 0 0 0 3 0 0 2 2 10 17 31 0 2 0 0 0 0 0 0 0 0 0 0 0 0 0 0 0 0 0 0 0 0 13 0 0 0 0 0 0 0 0 0 0 0 0 0 0 
 2 0 0 3 0 29 0 0 0 0 0 0 0 2 1 1 0 0 0 0 0 288 161 217 51 50 96 500 66 272 197 105 147 429 320 451 299 125 78 332 0 0 0 0 2 0 2 2 0 1 0 4 0 0 0 0 4 0 3 53 3 0 0 0 3 0 0 0 0 2 0 0 0 0 0 2 0 0 0 0 0 0 0 0 0 17 0 0 0 0 1 0 0 0 0 0 0 3 0 0 31 8 25 1 11 0 22 0 12 4 59 12 0 22 18 21 43 14 2 12 0 0 0 0 0 0 0 0 0 0 0 0 0 0 0 0 0 0 10 0 0 0 1 0 0 0 0 0 0 1 0 0 0 1 0 0 0 0 0 0 0 0 0 0 1 14 0 0 3 0 0 1 0 0 0 0 0 0 0 0 9 57 30 8 0 0 66 16 38 30 38 12 10 41 22 24 29 37 24 2 0 0 2 0 0 0 0 0 0 3 0 0 0 0 0 0 0 0 19 0 0 0 0 0 0 0 0 0 0 0 0 0 0 0 0 0 0 0 0 0 0 0 0 0 0 1 0 0 0 0 0 0 0 14 12 2 0 41 28 4 3 0 0 0 0 0 1 0 0 0 0 0 0 0 0 0 0 0 0 0 0 7 0 0 0 0 0 0 0 0 
 2 2 1 3 0 74 2 0 1 3 3 0 2 4 1 2 7 2 2 4 288 0 84 279 104 118 168 436 119 82 49 47 73 109 123 53 216 431 148 130 0 0 0 0 0 0 0 1 0 0 0 0 0 0 2 0 5 0 3 0 2 0 44 0 2 0 1 2 0 3 0 0 0 3 3 53 0 0 1 0 0 0 0 0 0 13 0 12 0 0 24 0 0 0 0 0 0 10 0 0 11 0 31 15 15 26 17 0 5 0 14 38 9 1 0 0 7 8 0 18 0 0 0 0 0 0 12 0 0 0 1 0 0 0 0 0 0 0 0 11 0 0 0 0 0 0 0 0 5 0 0 0 0 0 0 0 0 0 0 0 0 0 0 0 14 16 0 0 0 0 0 50 0 0 0 0 0 0 0 0 0 0 33 22 1 1 12 0 16 14 2 0 0 1 0 11 20 0 18 0 0 0 0 0 0 0 1 46 0 0 0 0 12 14 1 0 0 0 0 0 0 0 0 0 0 0 1 0 0 0 0 0 0 0 0 0 0 0 0 0 0 0 9 0 0 0 2 0 0 0 0 0 0 0 10 0 0 78 158 0 0 0 0 0 0 0 0 0 0 0 0 0 0 0 0 0 0 0 0 23 0 0 0 0 0 0 0 0 0 0 
 3 5 3 0 3 3 3 4 3 3 3 5 1 5 3 4 3 3 3 3 161 84 0 339 133 48 385 112 133 91 184 424 400 144 276 311 590 127 56 210 2 0 0 0 2 0 0 3 0 3 0 4 66 0 2 0 5 0 3 0 3 0 3 0 2 0 0 3 8 2 0 2 0 0 0 0 0 0 2 0 0 0 0 0 0 0 0 0 0 0 2 0 0 0 0 0 0 0 0 0 0 0 20 7 26 12 10 19 4 0 1 14 0 8 0 2 12 9 0 2 0 9 0 0 0 0 0 0 0 0 0 0 0 18 0 0 0 0 14 0 0 0 0 2 0 5 0 0 0 5 0 0 0 0 0 1 0 1 0 2 0 0 0 0 0 0 2 0 0 0 0 0 0 0 0 1 0 0 0 0 9 12 1 14 1 22 11 35 26 6 56 31 0 31 68 52 26 2 0 0 0 0 0 0 0 0 0 2 1 0 0 0 10 0 0 0 0 0 0 14 0 0 0 0 2 20 0 0 0 0 0 6 0 0 0 0 0 0 0 0 0 0 0 0 0 0 0 0 0 0 0 0 0 1 6 0 0 0 2 1 3 10 0 0 0 0 14 0 0 5 0 0 0 0 0 0 0 0 0 0 0 26 0 0 0 0 0 0 0 0 
 0 0 0 0 0 0 0 0 7 0 1 0 0 2 0 2 2 0 0 0 217 279 339 0 136 161 90 146 225 325 58 561 266 104 55 191 132 431 222 171 3 1 0 6 1 3 0 1 3 0 0 14 56 3 7 0 5 3 26 64 2 0 0 3 2 6 0 2 4 3 3 0 0 9 0 0 1 0 2 1 0 0 0 0 0 0 0 0 0 0 0 0 0 0 0 0 0 1 0 7 20 9 12 0 12 44 0 1 19 26 28 0 0 1 0 0 30 1 0 1 14 0 1 0 0 0 3 0 0 0 2 0 14 0 15 10 0 0 34 11 0 0 0 0 7 0 0 0 0 0 0 1 0 0 0 0 0 0 0 0 0 0 0 0 2 0 0 0 0 2 0 0 0 0 0 0 0 0 0 0 0 0 1 10 18 19 10 20 25 9 43 39 0 0 8 9 4 80 0 0 2 0 0 8 0 0 1 16 0 17 0 0 13 1 11 0 0 0 55 19 0 0 0 0 0 0 0 0 0 0 0 2 0 0 0 0 0 1 0 0 0 0 0 0 0 0 0 0 0 0 0 0 0 0 19 2 0 173 0 0 13 1 0 0 0 0 0 0 0 0 0 0 0 0 0 0 0 0 0 0 0 0 0 0 0 0 14 0 0 0 
 0 0 0 3 0 0 0 1 0 0 0 0 0 2 0 2 0 0 0 0 51 104 133 136 0 64 123 74 281 155 423 449 171 174 147 282 338 97 54 271 34 75 22 0 1 0 63 129 2 0 4 0 21 64 4 5 4 65 65 64 3 0 0 0 2 3 2 0 8 4 0 0 1 0 3 0 0 0 1 0 0 0 0 0 0 0 0 0 16 0 0 0 0 0 0 0 0 0 0 0 16 0 0 16 0 0 3 24 3 15 0 12 0 20 0 0 0 9 0 0 30 9 8 25 0 0 18 0 7 3 3 0 30 11 25 22 0 0 0 9 0 0 0 0 0 0 0 0 0 0 0 0 0 0 0 16 0 0 0 0 0 8 0 4 0 0 0 0 0 0 0 0 0 0 0 0 0 0 0 3 8 0 20 0 9 34 0 0 0 0 1 0 0 0 11 0 0 0 0 0 19 8 0 11 8 0 12 19 0 7 0 0 44 15 6 2 0 0 9 8 0 0 0 0 0 0 0 0 0 0 0 0 0 0 0 0 0 0 0 0 0 0 13 0 0 0 0 0 0 0 0 0 0 0 7 0 5 3 38 2 3 0 0 0 0 0 0 0 0 0 0 0 0 0 0 0 0 0 0 0 0 0 0 0 0 0 0 0 0 0 
 2 0 1 4 1 1 2 0 1 1 2 1 2 3 1 1 1 2 2 2 50 118 48 161 64 0 24 34 68 77 101 437 55 50 71 100 190 163 41 76 2 0 2 2 3 1 1 1 1 31 1 1 2 0 122 1 3 0 133 65 3 0 2 2 3 0 2 2 2 2 2 0 0 2 0 0 2 2 2 2 0 0 0 0 0 0 0 0 0 0 0 0 0 0 2 0 0 18 0 2 0 3 19 22 38 29 0 0 41 12 21 6 0 0 0 0 0 13 0 0 22 1 0 0 0 0 0 31 0 7 0 1 0 12 0 10 0 15 12 0 0 0 59 0 0 0 0 0 0 0 12 0 0 0 0 0 0 0 0 0 0 0 0 0 0 0 0 0 0 0 0 0 0 0 0 0 0 0 0 0 0 0 0 15 19 17 0 0 0 0 39 15 0 0 9 26 0 20 0 0 0 10 6 9 0 0 9 0 0 13 10 0 9 11 32 0 0 0 0 23 0 0 0 0 0 0 0 0 0 0 0 0 0 0 0 0 0 0 0 0 0 0 0 0 0 0 2 0 0 0 0 0 0 0 79 5 0 75 0 4 1 0 0 0 0 0 0 0 0 0 0 0 0 0 0 0 0 0 0 0 0 0 0 0 7 0 13 0 0 0 
 2 2 75 2 100 5 2 2 4 81 105 35 1 2 4 3 37 3 3 2 96 168 385 90 123 24 0 183 176 39 73 109 138 185 210 171 249 27 158 279 0 0 6 0 0 0 3 1 7 1 0 0 0 0 2 0 5 0 3 0 3 0 0 2 3 0 0 0 2 6 0 0 2 0 0 2 0 0 0 0 0 0 0 17 18 2 0 1 0 0 9 22 1 0 0 0 0 9 0 0 11 19 0 1 0 8 17 25 0 1 0 0 9 13 11 0 0 7 2 2 0 0 0 0 1 0 0 0 0 0 0 0 1 0 0 0 0 0 11 0 0 0 0 0 0 0 0 0 0 0 0 10 0 0 0 0 4 0 0 0 13 15 0 14 21 10 0 0 1 0 0 21 0 0 0 1 10 3 0 0 15 16 10 17 0 2 11 1 10 0 0 19 29 3 12 12 19 0 29 11 0 2 0 2 0 0 0 0 0 0 0 0 0 0 0 0 0 0 0 0 0 0 1 0 0 0 0 0 0 1 0 0 0 0 0 0 0 0 0 0 0 0 0 0 0 0 0 0 38 0 0 0 0 0 21 2 0 1 0 0 3 5 13 0 0 0 12 0 0 0 0 0 0 0 26 0 0 0 0 15 0 0 0 0 0 13 0 0 0 0 
 0 1 72 3 28 73 0 74 0 0 0 78 0 2 2 1 5 0 0 0 500 436 112 146 74 34 183 0 153 44 248 133 122 96 166 112 114 26 184 137 0 0 0 0 0 0 0 2 0 1 0 7 0 0 4 0 5 0 3 0 3 0 0 0 2 0 0 0 0 2 0 0 0 0 0 1 0 1 0 0 0 0 0 0 0 12 0 0 0 0 8 0 0 0 0 0 0 11 0 0 20 13 49 21 0 5 1 18 7 60 8 18 30 0 17 7 15 14 28 54 0 0 0 1 0 0 0 0 0 0 5 0 0 0 0 0 0 0 9 14 0 0 0 0 0 0 0 0 0 0 0 0 0 0 0 0 6 0 0 0 0 0 0 10 8 15 0 0 0 41 0 28 2 6 0 0 0 21 0 0 12 0 17 1 5 0 59 83 31 28 8 8 18 16 13 1 14 25 24 6 9 0 0 0 0 0 0 0 0 2 0 0 0 0 0 0 0 0 0 0 0 0 0 0 0 0 12 0 0 0 0 0 0 0 0 0 0 0 0 0 0 0 0 0 0 0 0 0 0 0 0 0 0 0 5 0 2 80 0 2 0 0 0 0 0 0 0 0 0 0 0 0 0 0 0 0 0 0 0 12 0 0 0 0 0 0 0 0 0 18 
 0 0 1 0 75 77 0 2 2 0 4 0 0 0 2 2 0 1 0 0 66 119 133 225 281 68 176 153 0 220 44 133 96 426 156 49 318 178 79 63 0 0 77 0 2 2 62 1 2 0 0 0 120 63 1 0 5 0 3 63 2 0 1 0 2 0 0 0 0 2 2 0 0 2 0 0 0 0 0 0 0 0 0 0 0 0 0 0 0 0 0 0 0 1 0 0 0 0 0 0 11 0 1 30 48 49 11 0 16 0 20 29 12 1 2 11 10 0 12 9 0 4 0 0 0 0 50 15 0 0 7 0 9 19 0 14 1 0 13 0 0 0 0 0 0 5 0 0 0 0 0 0 0 0 0 2 1 0 0 0 0 0 0 0 0 0 0 0 0 0 0 0 0 0 0 0 0 0 0 0 33 0 13 0 19 17 0 0 23 11 22 17 2 0 1 10 1 11 0 0 11 0 0 8 1 0 15 0 0 0 0 0 11 5 13 0 0 0 15 15 0 1 0 0 0 0 0 0 0 0 0 0 0 0 0 0 0 0 1 0 0 0 12 0 0 0 0 0 0 0 0 0 0 0 11 0 1 80 76 0 0 2 0 0 0 0 0 0 0 0 0 0 0 0 0 0 0 0 0 0 0 16 0 0 0 11 13 0 0 0 
 2 0 0 0 0 28 0 0 0 0 0 0 0 2 0 1 7 0 0 0 272 82 91 325 155 77 39 44 220 0 427 143 66 112 421 211 322 477 66 267 0 1 0 0 1 44 136 90 0 1 0 1 63 31 5 0 5 2 24 63 3 0 0 0 2 0 0 0 1 2 0 0 0 5 0 1 0 0 0 0 0 0 0 0 0 0 0 0 0 0 0 0 0 0 0 0 0 0 0 0 11 20 0 11 22 75 0 0 4 5 20 11 2 0 20 0 0 1 0 0 0 21 0 0 0 0 20 2 0 0 0 0 0 0 0 0 40 0 51 10 0 0 2 0 6 0 0 0 0 1 0 0 0 0 0 7 0 0 0 0 1 0 0 4 0 0 0 13 0 0 2 0 0 0 0 0 0 0 0 6 0 5 26 0 38 1 0 11 3 23 46 31 10 9 9 31 0 1 0 0 0 9 0 8 0 0 24 0 13 0 0 0 13 0 38 0 21 0 10 18 0 0 0 0 0 0 0 0 0 0 0 0 0 0 0 0 0 0 0 0 0 0 14 0 0 0 0 0 0 0 0 0 0 0 9 0 0 81 75 3 9 3 0 0 0 0 0 0 0 0 0 0 0 0 0 0 0 0 0 0 0 0 0 0 0 0 14 0 0 0 
 3 3 3 0 3 83 3 3 3 3 3 3 3 3 3 7 3 6 3 4 197 49 184 58 423 101 73 248 44 427 0 360 88 114 90 380 441 180 33 68 0 0 0 209 1 0 66 71 0 0 0 0 0 0 2 0 3 209 3 0 2 0 0 0 4 0 0 0 3 2 0 0 0 2 0 0 0 2 0 3 0 0 0 0 0 0 0 0 0 0 0 0 0 0 0 0 0 0 0 0 34 7 0 0 0 0 19 11 0 6 1 0 0 0 0 1 6 18 0 11 0 12 10 0 0 0 1 13 0 0 0 1 1 1 4 10 0 12 18 25 0 0 0 0 21 0 0 0 0 0 0 0 0 0 0 0 0 0 0 0 0 0 0 1 0 0 0 0 0 0 0 0 0 0 0 0 0 0 0 6 13 14 19 10 12 2 0 24 0 17 12 22 20 20 36 39 0 21 0 0 0 21 6 0 0 0 1 0 0 15 0 0 0 0 18 0 20 0 24 9 0 0 0 0 0 0 0 0 0 0 0 0 0 0 0 0 0 0 0 0 0 0 0 0 0 0 0 0 0 0 0 0 0 0 6 2 0 76 0 1 10 1 0 0 0 0 19 0 0 0 0 0 0 0 0 0 0 0 0 0 0 0 0 0 0 0 0 0 0 0 
 0 1 0 2 0 0 0 0 2 0 4 0 0 3 2 1 2 0 0 2 105 47 424 561 449 437 109 133 133 143 360 0 258 116 116 231 98 90 64 371 2 0 2 0 1 0 0 0 0 0 0 9 65 0 3 0 4 0 3 22 2 0 0 2 2 0 0 0 0 2 0 0 0 0 0 2 0 0 0 50 0 0 0 0 0 0 0 0 0 0 0 0 0 0 0 0 0 0 0 0 0 8 8 17 39 22 11 11 19 17 30 0 1 24 1 10 8 26 0 1 16 0 0 0 0 0 24 0 0 0 0 1 9 0 0 13 0 0 24 10 0 0 1 0 0 0 0 0 0 2 0 0 0 1 0 0 0 0 0 0 0 0 0 0 0 1 0 0 0 0 0 0 0 0 0 0 0 0 0 0 9 31 0 8 31 15 21 17 20 14 34 45 0 0 42 48 1 61 0 0 11 0 0 4 0 0 0 0 21 0 0 0 24 0 0 0 0 0 44 0 0 0 0 0 0 0 0 0 0 0 0 0 0 0 0 0 0 0 0 0 0 0 0 0 0 2 0 0 0 0 0 2 0 0 9 5 3 127 6 4 0 2 0 0 0 0 0 0 0 0 1 0 0 0 0 0 0 0 0 0 0 23 0 0 0 11 0 0 0 0 
 0 1 0 1 1 22 0 0 0 75 102 0 0 30 0 1 0 0 0 2 147 73 400 266 171 55 138 122 96 66 88 258 0 94 141 122 43 108 160 152 0 0 0 0 1 0 0 1 4 0 0 0 0 0 2 0 4 0 79 0 2 0 0 0 3 1 0 0 2 2 0 0 0 0 0 0 3 1 6 0 0 0 0 14 0 8 0 0 0 0 9 10 0 1 1 0 0 0 0 0 11 15 0 25 8 1 28 58 11 14 60 2 9 62 16 17 0 30 1 18 0 0 0 0 0 0 0 0 0 0 0 0 0 0 0 0 0 0 0 0 0 0 0 0 0 0 0 0 0 0 0 0 0 6 0 0 0 0 0 0 0 13 0 4 43 0 7 12 0 1 0 8 0 0 0 0 10 0 0 0 19 56 15 6 0 0 22 0 2 31 3 0 0 27 15 14 31 0 11 0 0 0 0 0 0 0 0 0 0 0 0 0 0 0 0 0 0 0 0 0 0 0 0 0 0 0 0 0 0 0 0 0 0 0 0 0 0 0 0 0 0 0 0 0 0 0 0 1 0 0 0 0 0 0 6 0 3 5 82 0 2 0 11 0 1 0 12 0 0 0 0 0 0 0 0 0 19 0 0 0 0 0 0 0 0 0 0 0 0 0 
 2 0 1 33 2 76 4 0 1 0 1 1 3 4 1 0 1 2 1 0 429 109 144 104 174 50 185 96 426 112 114 116 94 0 412 214 325 183 76 489 2 0 2 2 0 3 0 1 2 2 4 9 3 0 4 4 5 0 3 0 2 1 0 0 2 0 0 0 6 2 0 3 0 6 0 0 0 0 2 0 2 0 0 0 0 0 0 0 0 0 0 0 0 0 0 16 0 0 0 0 10 0 0 0 16 30 21 12 0 16 21 10 18 21 16 3 28 3 0 14 0 0 0 0 0 0 0 0 0 6 0 0 0 0 0 0 0 0 22 0 0 1 0 0 0 2 0 0 0 0 0 0 1 0 0 0 0 0 0 0 1 0 0 0 0 0 0 0 0 0 0 0 0 0 0 0 0 0 0 0 15 1 22 16 23 5 12 39 54 0 28 18 1 9 23 33 6 32 2 0 0 0 0 0 0 0 1 0 0 0 0 0 15 16 0 0 0 0 0 1 0 0 0 0 0 0 0 0 1 0 0 0 0 0 0 0 0 0 0 0 0 0 0 0 0 0 2 0 0 0 0 0 0 15 16 0 2 1 76 2 0 0 0 0 0 0 0 0 0 0 0 0 0 0 0 0 0 0 0 0 0 4 0 0 0 0 0 0 0 0 
 2 2 4 0 30 235 2 2 2 2 2 2 2 2 2 4 2 2 2 2 320 123 276 55 147 71 210 166 156 421 90 116 141 412 0 68 269 203 234 188 0 0 0 0 0 3 56 1 0 0 0 0 0 0 2 2 5 0 3 0 3 0 0 0 2 0 0 0 0 2 0 0 0 0 0 0 26 0 0 0 0 0 0 0 0 11 0 0 0 0 57 0 0 0 0 0 0 13 13 0 22 16 10 16 32 19 16 5 10 10 8 63 9 8 8 22 0 10 25 42 0 0 2 0 0 0 17 0 0 0 7 0 0 0 0 0 0 0 13 0 0 0 0 0 0 0 0 0 0 0 0 2 0 16 0 0 0 18 0 0 0 0 0 0 13 12 0 0 0 3 0 17 0 0 0 0 0 0 0 0 13 18 34 1 0 0 30 3 0 48 24 20 18 7 7 29 10 0 9 18 0 0 0 0 0 0 0 23 0 0 0 0 14 10 1 0 0 0 0 0 2 0 0 0 0 0 0 0 0 0 0 0 13 0 0 0 0 0 0 0 0 0 9 0 0 2 0 0 0 0 0 0 0 0 9 0 2 75 75 2 0 0 0 0 0 0 0 0 0 0 0 0 0 0 0 0 0 0 0 0 0 0 0 0 0 0 0 0 0 0 
 2 0 0 2 0 73 0 0 0 0 63 0 0 0 1 2 0 2 0 6 451 53 311 191 282 100 171 112 49 211 380 231 122 214 68 0 182 31 54 133 0 0 0 0 2 0 0 2 0 1 1 18 2 206 1 0 4 0 68 1 3 0 1 0 5 2 0 50 7 50 0 2 0 0 0 2 0 0 0 0 0 0 0 0 0 0 0 0 0 0 0 0 0 0 0 0 0 0 0 0 55 10 38 10 21 16 3 5 20 58 31 0 2 26 6 6 6 9 0 11 12 0 0 0 0 0 0 0 0 0 0 0 0 11 0 0 0 0 5 14 0 0 2 0 1 5 0 0 0 1 0 0 0 0 0 20 0 0 10 0 0 0 0 0 11 0 0 0 4 0 2 0 0 0 0 0 0 0 0 0 5 15 26 24 0 38 9 27 47 18 56 20 11 0 37 18 11 42 0 0 0 0 0 0 0 0 0 0 2 0 0 0 0 1 0 0 0 0 0 13 0 0 0 0 0 0 0 0 0 0 0 0 0 0 0 0 0 0 0 0 0 0 0 0 0 1 0 0 0 0 0 0 0 0 18 3 1 0 0 3 2 12 0 0 0 0 0 0 0 0 0 0 0 0 0 0 12 0 0 0 0 22 0 0 0 0 0 0 0 0 
 3 3 3 2 76 85 3 3 3 5 4 3 3 5 3 5 4 2 2 3 299 216 590 132 338 190 249 114 318 322 441 98 43 325 269 182 0 162 113 325 1 0 0 0 2 0 62 1 0 0 0 2 24 62 0 0 4 0 3 0 2 0 0 0 50 5 0 0 0 2 0 0 0 8 0 0 0 4 0 0 0 0 0 0 0 0 0 0 0 0 0 0 0 0 0 0 0 0 0 1 9 8 0 22 0 13 13 1 9 8 15 14 4 1 27 9 20 0 21 28 15 15 0 0 0 0 7 20 0 0 24 0 0 12 31 0 0 0 16 0 0 0 0 0 0 3 0 0 0 0 0 0 0 0 0 2 18 0 0 0 0 0 0 0 0 0 9 0 0 0 0 0 0 0 0 0 1 0 0 0 13 8 32 0 13 71 0 10 31 6 39 25 6 7 7 10 0 0 0 0 0 0 1 0 0 0 34 0 0 0 0 0 0 36 8 0 0 0 0 12 0 0 0 0 0 0 0 0 0 0 0 0 0 0 0 0 27 0 0 0 0 0 0 0 0 0 0 0 0 0 0 0 0 0 13 1 2 1 17 1 1 0 1 0 0 0 0 0 0 0 0 0 0 0 0 0 0 0 0 0 0 18 0 0 0 0 9 0 0 0 
 2 2 1 2 1 79 3 4 1 2 1 1 1 2 4 3 7 3 3 44 125 431 127 431 97 163 27 26 178 477 180 90 108 183 203 31 162 0 45 183 0 0 0 0 2 0 0 0 0 0 2 1 20 0 0 0 4 0 3 22 3 0 0 0 2 0 0 0 0 2 0 0 0 0 0 0 0 1 0 0 0 0 0 0 0 0 0 0 0 0 0 0 0 0 0 0 0 0 0 0 0 10 0 21 18 21 45 1 0 9 30 18 1 18 0 10 19 15 0 10 15 0 0 0 0 0 9 2 0 0 0 0 0 0 0 0 0 0 26 17 0 0 0 0 5 0 0 0 0 0 0 0 0 1 0 0 0 0 0 0 0 5 0 0 0 0 0 0 0 0 0 1 0 0 0 0 0 0 0 0 9 33 53 0 33 13 19 1 22 20 36 43 0 34 5 5 17 19 0 0 0 0 1 5 0 0 17 0 20 0 0 0 21 38 1 0 0 0 15 1 0 0 0 0 0 0 0 0 8 0 0 0 0 0 0 0 0 0 0 0 0 0 0 0 0 0 0 0 0 0 0 74 0 0 21 0 0 81 6 2 3 0 0 0 0 0 0 0 0 0 0 0 0 0 0 0 0 0 0 0 0 0 0 0 0 0 0 0 0 0 
 3 78 22 82 56 98 3 3 3 3 158 3 3 3 6 82 3 3 3 3 78 148 56 222 54 41 158 184 79 66 33 64 160 76 234 54 113 45 0 207 2 0 2 4 4 0 0 2 0 0 0 0 0 1 5 0 4 0 3 0 2 0 0 0 2 1 1 0 0 4 1 0 0 0 0 0 0 2 0 1 0 0 0 0 13 48 0 0 0 0 10 6 0 0 0 19 0 24 0 0 12 14 14 13 9 0 8 12 15 11 7 28 35 16 27 30 13 22 6 35 0 0 1 0 0 0 0 0 0 0 1 0 0 0 12 0 0 0 0 0 0 0 0 0 0 0 0 0 0 0 0 2 0 4 0 0 11 0 0 0 15 0 0 2 1 14 0 0 0 1 0 11 0 0 0 0 0 0 0 0 1 62 0 5 0 0 59 0 8 14 0 1 5 25 9 1 30 0 26 28 0 0 0 0 0 13 0 0 0 0 0 0 0 0 0 0 0 0 0 0 0 0 0 0 1 0 0 0 0 0 0 1 0 0 0 0 0 0 1 0 0 0 0 0 0 0 0 0 0 0 0 0 0 0 18 1 2 2 0 1 2 0 0 0 0 0 1 0 0 0 0 0 0 0 0 0 0 0 0 0 0 0 0 0 0 0 0 0 0 0 
 0 0 0 2 0 150 0 0 1 0 0 0 0 0 0 2 0 1 0 0 332 130 210 171 271 76 279 137 63 267 68 371 152 489 188 133 325 183 207 0 0 0 0 0 2 0 0 2 2 0 0 5 0 3 2 0 4 0 3 0 2 0 0 0 2 0 1 0 0 2 0 0 0 0 0 3 0 0 0 0 0 0 0 0 0 22 0 0 0 0 0 0 0 0 0 0 0 0 0 0 23 10 14 0 9 2 9 8 20 7 51 16 0 25 12 54 27 25 0 30 0 0 0 0 0 0 0 0 0 0 0 0 0 0 19 0 0 0 12 0 0 0 0 0 0 0 0 0 0 0 0 0 0 3 0 0 0 0 0 0 0 0 0 0 15 19 0 0 0 0 0 0 0 0 0 0 0 0 0 0 1 33 26 15 0 0 45 30 21 52 10 12 9 31 9 7 19 13 18 0 0 0 0 0 0 0 0 0 0 0 0 0 0 0 0 0 0 0 0 0 0 0 0 2 0 0 0 0 0 0 0 0 0 0 0 0 0 1 0 0 0 0 0 0 0 0 0 0 0 0 0 0 0 0 9 1 0 74 77 3 3 3 0 0 0 0 0 0 0 0 0 0 0 0 0 0 13 0 0 0 0 7 0 0 0 0 0 0 0 0 
 2 2 2 0 2 2 3 2 4 2 6 2 2 4 2 4 2 2 2 44 0 0 2 3 34 2 0 0 0 0 0 2 0 2 0 0 1 0 2 0 0 180 203 380 37 272 48 210 350 53 104 40 30 133 106 281 146 90 118 219 0 0 51 0 1 1 0 0 0 0 0 0 0 0 15 0 0 0 0 5 0 0 10 0 0 0 0 0 0 0 0 0 0 0 0 0 0 0 0 0 0 0 0 0 0 0 0 0 0 0 0 0 0 0 0 0 0 0 0 0 3 6 7 32 0 0 20 32 10 0 10 24 1 0 0 20 21 10 0 0 0 0 0 0 0 0 1 0 0 0 0 0 11 66 0 0 0 0 14 0 0 0 0 0 0 0 6 0 0 0 0 5 0 0 0 0 0 0 0 0 0 0 0 0 0 0 0 0 0 0 0 0 0 0 0 0 0 0 0 0 1 0 12 35 25 0 0 10 12 0 32 9 4 4 0 0 0 22 0 0 0 0 0 0 0 0 0 0 0 0 0 0 0 0 0 0 0 0 15 3 0 0 0 0 0 0 0 0 0 0 0 3 0 2 0 0 0 0 0 11 0 0 0 0 67 0 19 1 2 0 0 0 0 0 0 0 0 0 0 0 0 0 0 0 0 7 0 0 1 0 
 3 3 3 5 3 3 3 3 3 3 3 3 3 5 4 4 3 2 3 3 0 0 0 1 75 0 0 0 0 1 0 0 0 0 0 0 0 0 0 0 180 0 449 159 34 51 153 321 298 24 97 68 72 113 340 260 100 80 128 104 0 0 0 0 0 0 0 2 2 4 0 0 0 2 7 4 0 0 0 0 0 0 0 0 0 0 0 0 0 0 0 0 0 0 0 0 13 0 0 0 0 0 0 0 2 0 0 0 1 0 0 0 0 0 0 0 0 0 0 0 29 19 15 18 0 0 14 1 42 0 10 11 38 19 15 17 12 7 0 30 4 0 0 2 2 0 0 0 23 3 0 9 0 0 0 0 0 0 11 9 0 3 0 3 0 0 0 0 0 0 0 0 0 43 0 0 0 0 0 4 0 0 0 0 20 0 0 0 0 0 0 0 0 0 0 0 0 0 0 0 7 81 0 12 10 0 6 18 23 28 1 0 29 19 6 14 15 32 30 4 0 0 2 0 0 0 0 5 0 5 10 2 0 5 1 30 0 4 0 0 0 0 0 0 0 0 0 0 0 2 0 4 0 0 0 0 1 0 7 0 0 0 0 0 74 2 0 0 0 0 0 0 0 0 0 0 0 0 0 0 0 0 0 0 3 0 0 1 0 0 
 0 4 0 0 0 0 2 0 3 28 6 0 0 0 0 2 0 0 0 0 0 0 0 0 22 2 6 0 77 0 0 2 0 2 0 0 0 0 2 0 203 449 0 109 275 90 55 150 454 147 73 75 330 544 120 381 63 296 105 131 0 0 0 5 6 0 0 5 6 1 2 0 50 5 1 16 0 0 0 51 0 0 0 0 0 0 0 0 0 0 0 0 0 0 0 0 0 0 0 0 0 0 0 0 0 0 0 0 0 0 0 4 0 0 0 0 0 0 0 0 12 23 8 43 9 0 12 0 7 0 14 5 0 0 0 7 14 1 0 0 0 4 0 9 0 0 11 0 0 0 1 10 22 0 4 50 0 10 20 0 0 1 0 1 0 0 0 0 0 0 0 0 0 0 0 0 0 0 7 0 0 0 0 0 0 0 0 0 0 0 0 0 0 0 0 0 0 0 0 0 0 1 10 9 6 13 0 0 18 0 6 1 19 8 0 0 6 0 0 0 0 12 47 14 0 0 25 10 20 1 1 7 10 1 15 0 0 6 1 0 0 0 0 0 0 0 0 0 0 0 0 3 0 2 0 0 0 0 0 1 0 0 2 0 42 15 0 115 0 0 8 0 0 0 0 0 0 0 0 0 0 0 0 0 0 1 0 0 1 0 
 0 3 0 0 0 0 0 0 3 0 6 0 0 0 0 2 0 0 0 0 0 0 0 6 0 2 0 0 0 0 209 0 0 2 0 0 0 0 4 0 380 159 109 0 99 333 79 69 212 83 54 99 70 460 114 99 156 273 72 176 50 0 3 0 3 0 0 28 5 5 2 0 54 5 58 5 0 0 1 2 0 0 0 0 0 0 0 0 0 0 0 0 0 0 0 0 0 0 0 0 1 0 0 0 0 0 0 0 0 0 3 1 0 0 2 0 0 0 0 0 17 14 21 59 0 23 0 24 0 43 8 17 0 0 0 8 33 63 0 0 1 0 0 6 4 0 0 0 3 0 0 6 22 19 12 2 0 0 46 9 32 0 0 0 0 0 20 0 0 0 0 5 0 0 0 0 0 0 2 0 0 0 0 0 0 0 0 0 0 0 0 0 0 0 0 0 0 0 0 0 0 7 4 7 0 12 0 13 40 0 19 20 0 0 0 0 0 22 0 0 0 2 4 1 0 0 0 4 1 8 9 5 0 5 0 9 10 5 0 0 0 0 13 0 0 0 0 0 0 0 0 0 0 0 0 0 1 0 0 15 0 15 0 2 1 4 2 2 0 0 0 0 0 0 0 0 1 0 0 0 0 0 0 0 0 0 0 22 2 0 
 0 2 6 5 0 2 0 5 6 1 6 2 1 14 0 10 8 5 7 43 2 0 2 1 1 3 0 0 2 1 1 1 1 0 0 2 2 2 4 2 37 34 275 99 0 177 57 276 179 245 109 148 272 106 131 80 57 127 50 282 0 0 0 0 3 0 27 0 0 0 2 0 0 0 1 52 0 0 52 0 0 6 19 0 0 0 11 3 0 0 0 0 3 0 3 12 10 1 0 0 0 0 0 0 0 0 0 0 0 0 0 0 0 0 0 0 0 0 0 0 0 13 0 3 20 0 0 0 0 21 1 7 0 0 17 0 0 0 0 0 0 16 0 0 2 0 11 7 22 0 1 0 14 12 0 12 8 0 9 0 0 0 0 0 0 0 5 0 6 0 1 0 3 0 0 0 0 0 3 1 0 0 0 0 0 0 0 0 0 0 0 0 0 0 0 0 0 0 5 0 8 0 10 0 0 23 0 0 0 0 3 40 0 0 0 0 0 0 0 0 0 30 6 1 0 0 32 24 26 4 0 9 55 24 21 49 0 0 0 16 0 1 0 0 0 0 0 0 0 2 0 6 1 0 0 0 0 0 2 0 0 0 3 0 0 4 5 67 3 0 0 0 0 0 0 0 0 0 0 0 0 0 0 0 19 0 0 0 2 0 
 0 0 0 6 0 0 0 0 0 0 0 0 0 0 2 1 0 0 0 1 0 0 0 3 0 1 0 0 2 44 0 0 0 3 3 0 0 0 0 0 272 51 90 333 177 0 28 48 114 59 199 167 242 69 66 68 115 263 99 28 96 0 0 0 0 0 0 51 0 5 0 0 20 50 9 5 0 0 52 2 0 0 0 0 0 0 0 0 0 0 0 0 0 0 0 0 0 0 0 0 0 0 0 9 0 0 0 0 0 0 0 0 0 0 0 0 0 0 0 0 0 13 10 0 24 19 0 0 0 11 1 13 0 0 0 3 0 9 0 0 23 13 0 0 2 0 29 0 10 10 15 0 25 13 9 13 0 6 11 5 0 0 0 0 3 0 14 0 0 0 0 3 0 0 2 0 0 0 0 0 0 0 0 0 0 0 0 0 0 0 0 0 0 0 0 0 0 0 0 0 0 0 13 14 21 14 0 1 1 9 11 31 0 1 0 0 0 0 0 0 19 3 0 0 0 0 26 5 0 7 7 14 10 5 0 4 14 0 34 1 0 0 0 0 0 0 0 0 0 0 0 0 0 0 0 0 0 0 0 1 0 0 1 1 1 0 5 28 0 4 0 0 0 0 0 0 0 0 0 0 0 0 0 0 0 8 0 0 1 0 
 0 0 0 0 60 0 0 0 0 0 0 0 0 0 0 1 0 0 0 0 2 0 0 0 63 1 3 0 62 136 66 0 0 0 56 0 62 0 0 0 48 153 55 79 57 28 0 85 67 27 49 35 205 151 66 38 84 49 48 52 0 0 0 0 0 0 0 0 15 0 0 0 0 0 0 0 36 0 0 1 0 0 0 0 0 0 0 0 0 0 0 0 0 0 0 0 0 0 0 0 0 0 0 0 0 17 0 0 1 0 0 6 0 53 0 0 0 0 0 0 0 24 2 8 12 10 13 12 3 11 14 0 10 20 51 1 68 11 16 12 0 0 0 0 0 0 0 0 0 0 0 0 0 0 0 9 0 0 10 0 0 3 0 16 0 0 0 0 5 0 0 0 0 0 0 0 0 12 0 7 0 0 0 0 27 16 0 0 0 0 0 20 0 0 0 0 0 0 0 0 17 10 0 3 0 6 35 18 13 7 20 0 1 9 28 18 60 12 13 13 17 0 0 0 0 0 0 0 0 0 0 0 4 0 0 10 0 0 0 0 0 0 10 0 0 0 0 0 0 0 0 6 0 0 0 0 0 0 0 0 0 0 2 0 0 3 0 0 0 0 0 0 0 0 0 0 0 0 0 0 0 0 0 0 1 0 0 0 0 0 
 3 4 2 0 4 2 5 3 2 2 4 2 4 4 4 4 2 2 4 4 2 1 3 1 129 1 1 2 1 90 71 0 1 1 1 2 1 0 2 2 210 321 150 69 276 48 85 0 164 251 51 49 304 152 58 63 26 29 74 122 0 0 0 0 0 7 0 0 0 0 4 3 0 0 0 0 3 0 0 0 0 0 0 0 0 0 0 0 0 0 0 0 0 0 0 0 0 0 0 0 0 0 9 0 0 13 0 0 0 0 0 0 0 0 0 0 0 0 0 0 26 27 19 0 0 0 20 2 6 1 1 13 8 11 31 15 44 0 17 11 0 0 0 0 5 0 0 0 0 0 4 0 0 0 0 1 0 0 0 0 0 26 0 4 2 0 0 0 0 0 0 0 0 0 0 0 0 0 0 4 0 0 0 0 18 0 0 0 0 0 0 7 0 0 0 0 0 0 0 0 0 28 0 0 11 0 9 0 27 0 0 0 9 0 21 0 27 14 11 29 0 0 0 0 11 9 0 0 8 0 0 0 0 0 0 0 0 0 0 0 0 0 0 0 0 0 0 0 0 2 0 1 0 0 0 0 0 0 0 0 0 0 0 0 3 0 2 0 2 0 0 0 0 0 0 6 0 0 0 0 0 0 0 0 1 0 0 19 0 1 
 0 0 0 0 0 0 3 0 0 4 4 0 0 2 1 2 41 0 0 0 0 0 0 3 2 1 7 0 2 0 0 0 4 2 0 0 0 0 0 2 350 298 454 212 179 114 67 164 0 150 380 102 167 131 189 365 195 163 64 342 0 0 0 0 5 0 0 0 0 0 7 0 0 0 1 0 0 0 0 1 0 0 0 5 0 0 0 0 2 3 0 4 0 8 0 0 0 0 0 0 30 0 0 0 0 0 0 0 0 0 0 0 0 2 0 0 0 0 0 0 0 41 0 32 7 0 0 9 0 19 26 21 0 19 11 10 19 6 0 9 0 0 0 0 0 0 14 1 0 0 4 0 4 0 0 6 0 0 24 0 0 5 0 5 4 6 1 0 0 0 3 0 0 0 0 3 13 2 5 0 10 0 0 0 0 0 0 0 0 0 0 0 0 10 0 0 0 0 6 0 0 0 28 9 1 3 0 41 36 0 9 11 0 6 0 0 0 33 0 0 0 12 0 0 0 0 18 26 8 0 0 0 28 0 0 18 0 0 0 10 0 0 0 0 0 17 3 0 0 0 0 5 0 2 0 0 0 0 0 7 0 0 65 0 71 2 13 65 0 0 10 0 0 0 0 0 0 0 0 0 0 0 0 0 7 0 0 0 1 0 
 0 0 0 2 0 0 0 0 0 0 0 0 0 0 0 1 0 0 0 0 1 0 3 0 0 31 1 1 0 1 0 0 0 2 0 1 0 0 0 0 53 24 147 83 245 59 27 251 150 0 160 123 54 103 174 257 50 123 142 91 0 1 0 0 3 0 0 48 0 0 5 0 0 0 50 0 0 0 0 0 0 0 0 0 0 0 0 0 0 0 0 0 0 0 0 0 0 0 8 0 0 0 0 0 0 0 0 0 0 0 0 16 0 0 0 0 0 0 0 0 0 4 0 20 24 13 0 15 8 69 0 20 12 33 11 6 0 33 0 12 1 0 0 0 0 12 1 11 0 0 24 0 9 0 0 47 0 0 0 0 0 0 1 0 5 0 0 1 0 0 0 0 0 1 0 0 0 0 0 0 0 0 0 0 0 0 0 0 0 0 0 0 0 0 0 0 0 0 0 0 11 40 0 0 1 18 14 11 10 0 10 2 29 9 25 11 5 0 6 1 24 28 26 0 0 0 4 13 21 0 0 0 6 8 0 15 0 6 0 11 0 0 0 0 0 30 0 0 0 0 0 5 0 0 0 0 0 0 1 11 0 0 3 62 0 5 3 4 3 0 0 0 0 0 0 0 0 0 0 0 0 0 0 0 17 15 0 0 0 0 
 0 1 0 0 0 0 2 0 0 0 3 0 0 2 0 2 0 64 0 0 0 0 0 0 4 1 0 0 0 0 0 0 0 4 0 1 0 2 0 0 104 97 73 54 109 199 49 51 380 160 0 48 51 264 76 78 203 122 20 55 70 3 0 0 3 1 0 1 0 1 7 0 100 0 0 0 0 0 2 51 0 0 0 0 0 0 0 0 0 0 0 0 0 0 0 0 0 0 0 0 0 0 0 0 0 0 0 0 0 0 0 0 0 0 0 0 0 0 0 0 0 13 9 19 0 5 0 20 22 12 44 13 0 6 19 0 13 10 0 0 20 0 2 0 0 0 0 0 14 0 24 0 9 0 0 11 0 0 20 0 0 0 0 0 7 0 2 0 0 0 0 2 0 0 9 0 0 0 0 0 0 0 0 0 0 0 0 0 0 0 0 0 0 0 0 0 0 0 0 0 5 1 0 1 0 40 0 0 18 27 19 1 0 0 0 0 9 0 0 0 21 0 24 0 0 0 1 15 0 0 0 0 8 50 0 0 1 1 10 1 0 0 0 0 0 0 0 0 0 0 0 7 0 1 0 0 0 0 0 0 0 0 63 0 41 3 0 0 0 0 15 0 0 0 0 0 0 0 0 0 0 3 0 0 0 0 0 0 2 0 
 0 0 0 0 0 0 0 0 0 0 56 0 0 0 0 2 0 0 0 0 4 0 4 14 0 1 0 7 0 1 0 9 0 9 0 18 2 1 0 5 40 68 75 99 148 167 35 49 102 123 48 0 32 52 38 46 343 125 43 315 54 0 0 0 5 0 0 0 0 0 5 0 0 50 1 0 0 0 63 0 0 0 0 0 0 0 0 0 0 0 0 0 0 0 0 0 0 0 0 0 0 0 5 0 1 0 0 0 0 8 4 0 0 0 0 0 19 0 0 0 0 9 0 9 15 0 0 12 0 7 25 12 0 0 15 13 0 0 10 0 0 39 0 0 0 0 27 6 3 0 19 0 33 9 28 13 0 0 11 0 0 1 0 0 0 0 10 0 0 0 0 3 0 0 0 0 0 0 1 0 0 0 1 8 0 0 13 6 21 1 30 5 0 0 9 1 0 4 0 0 0 0 31 21 0 13 0 6 4 0 22 31 1 5 0 0 0 7 0 0 19 12 1 0 0 0 37 30 0 0 0 22 20 2 0 10 0 0 2 55 0 0 0 0 0 0 0 0 0 0 0 0 0 0 0 0 0 0 0 16 0 16 63 1 0 3 0 69 2 0 14 0 0 0 0 0 0 0 0 0 0 7 0 0 4 1 0 0 2 0 
 0 0 0 3 0 79 0 0 0 1 0 65 0 1 4 2 0 2 1 1 0 0 66 56 21 2 0 0 120 63 0 65 0 3 0 2 24 20 0 0 30 72 330 70 272 242 205 304 167 54 51 32 0 138 30 360 31 70 145 126 0 0 0 0 0 6 0 0 0 0 13 3 0 0 0 0 0 0 0 0 0 0 0 0 0 0 0 0 0 0 0 0 0 0 0 0 0 3 0 0 0 0 0 0 3 14 0 0 9 0 1 0 0 0 0 0 0 0 0 0 9 14 12 0 0 0 0 58 0 0 0 0 19 35 21 20 8 0 0 17 0 0 0 0 0 3 0 0 0 0 0 0 0 17 0 2 0 0 0 0 0 0 0 0 0 0 0 0 0 0 0 0 0 0 0 0 0 0 5 0 0 0 0 0 0 62 0 0 10 0 11 11 0 0 0 0 0 2 0 0 14 0 0 22 0 0 23 31 11 16 0 0 74 9 0 15 7 9 10 0 0 0 0 0 8 0 4 0 0 0 0 4 0 0 0 0 0 0 0 0 0 0 0 0 0 0 0 0 0 0 0 0 0 0 0 0 0 1 0 11 0 0 0 0 0 15 3 0 2 0 0 0 0 0 0 7 0 0 0 0 0 12 0 0 0 0 0 7 0 0 
 57 6 2 2 0 0 4 0 2 0 0 6 9 3 3 1 6 4 1 0 0 0 0 3 64 0 0 0 63 31 0 0 0 0 0 206 62 0 1 3 133 113 544 460 106 69 151 152 131 103 264 52 138 0 242 107 26 62 165 149 0 0 0 0 0 0 5 0 0 3 0 0 0 0 0 0 0 1 0 5 0 0 0 0 3 0 0 0 4 1 0 1 2 0 2 0 0 5 0 13 0 0 0 0 0 27 0 0 0 0 0 0 0 0 0 0 0 0 0 0 8 11 8 29 0 0 0 20 0 13 8 11 7 24 14 0 83 0 21 1 0 0 0 0 0 4 0 0 0 0 0 0 0 0 27 6 0 0 0 13 0 4 9 6 0 0 0 0 3 0 0 0 0 0 0 0 0 1 0 2 0 0 0 0 28 0 0 0 3 0 0 8 0 0 0 0 0 0 0 0 0 9 1 0 22 0 13 0 7 0 0 0 24 0 64 0 8 23 5 18 0 0 0 0 0 0 0 0 0 0 0 0 0 0 0 0 0 0 2 0 0 0 0 0 0 0 1 0 0 26 0 6 0 2 0 0 0 0 0 0 0 0 1 0 2 14 0 0 0 0 0 0 0 0 0 0 0 0 0 0 0 0 0 0 7 0 0 6 1 0 
 0 0 0 3 6 80 3 0 3 2 4 0 1 0 0 1 2 1 0 1 0 2 2 7 4 122 2 4 1 5 2 3 2 4 2 1 0 0 5 2 106 340 120 114 131 66 66 58 189 174 76 38 30 242 0 149 98 87 131 95 0 0 0 0 0 0 0 0 0 0 0 0 0 0 0 0 0 0 0 4 0 0 0 0 0 13 0 0 0 0 0 0 0 0 10 0 0 0 0 0 0 0 6 0 0 0 5 0 5 5 0 0 0 0 3 8 0 0 5 12 16 0 27 26 0 20 4 16 7 27 3 0 2 14 0 7 21 31 0 0 0 0 0 0 0 0 0 0 0 0 0 0 0 0 0 0 0 0 25 0 0 0 0 0 0 0 0 0 0 0 0 0 0 0 0 0 0 0 0 0 0 0 0 0 0 0 0 10 0 9 0 0 5 0 3 0 0 0 1 6 17 15 0 14 0 0 0 1 0 2 19 0 19 16 21 21 0 1 0 1 0 0 0 0 0 0 0 0 0 0 0 0 0 0 0 0 0 0 0 0 0 0 21 0 0 0 0 0 0 0 0 12 0 1 0 0 0 0 0 1 0 0 0 0 0 0 1 0 0 0 0 0 0 0 0 0 0 0 0 0 0 0 0 0 3 0 0 20 2 0 
 0 0 0 12 0 0 0 0 0 0 0 0 0 0 2 0 0 5 0 0 0 0 0 0 5 1 0 0 0 0 0 0 0 4 2 0 0 0 0 0 281 260 381 99 80 68 38 63 365 257 78 46 360 107 149 0 98 85 109 135 4 0 0 0 0 0 4 0 0 0 0 0 0 0 3 0 0 0 1 0 0 0 0 0 0 0 0 0 0 0 0 9 0 0 0 0 0 0 0 0 0 0 0 0 0 0 0 0 0 0 0 0 0 0 0 0 0 0 0 0 38 9 30 0 6 0 11 23 5 1 0 8 19 23 14 19 14 1 0 36 0 0 0 0 0 0 0 0 0 0 17 0 0 0 0 0 0 0 0 0 0 9 0 0 0 0 0 0 0 0 0 0 0 0 0 0 0 0 6 0 0 0 0 0 0 0 0 0 0 0 0 0 0 0 0 0 0 0 0 20 31 31 0 29 4 0 11 15 31 13 6 9 30 16 0 56 10 39 13 0 0 0 0 0 0 0 0 0 0 0 0 0 0 0 0 0 0 14 0 0 0 0 1 0 0 0 0 0 0 0 0 0 0 0 0 0 0 0 0 17 0 0 0 0 2 42 1 0 3 0 0 0 0 0 0 0 0 0 0 0 0 0 0 0 4 0 0 34 0 0 
 0 0 0 0 1 1 0 0 0 1 1 0 0 0 0 1 0 0 0 0 4 5 5 5 4 3 5 5 5 5 3 4 4 5 5 4 4 4 4 4 146 100 63 156 57 115 84 26 195 50 203 343 31 26 98 98 0 146 23 31 0 0 0 0 0 0 1 0 0 0 0 0 58 0 0 0 0 0 0 59 0 0 0 25 8 0 0 0 22 22 0 0 0 44 0 0 0 12 0 0 0 0 0 0 0 0 0 0 13 0 10 0 0 0 0 0 0 0 0 0 0 13 18 39 0 1 1 9 26 11 34 4 9 0 0 0 9 24 0 0 0 0 0 0 0 0 0 0 0 0 0 0 16 1 0 14 0 0 28 20 0 0 0 1 5 20 0 0 0 13 36 0 0 0 8 9 0 22 0 0 8 0 0 0 0 0 0 0 0 0 0 0 0 7 0 0 0 0 1 0 0 0 9 0 11 12 0 0 18 16 24 28 0 0 0 0 0 0 0 0 9 0 0 0 0 0 0 13 0 0 0 0 43 42 0 30 0 0 14 20 0 0 0 0 0 0 63 0 0 0 0 0 0 0 0 0 0 0 1 9 0 0 35 0 29 2 0 0 0 0 14 0 0 0 0 0 0 0 0 0 0 0 0 0 18 16 0 0 0 0 
 0 0 0 3 0 0 0 0 0 0 0 0 0 2 0 1 3 0 0 0 0 0 0 3 65 0 0 0 0 2 209 0 0 0 0 0 0 0 0 0 90 80 296 273 127 263 49 29 163 123 122 125 70 62 87 85 146 0 152 104 0 0 0 0 0 0 0 0 26 0 0 0 23 0 7 0 0 0 0 19 0 0 0 0 0 0 0 0 0 0 0 0 0 0 0 0 0 0 4 0 0 0 0 0 0 0 0 0 0 0 0 0 0 0 0 0 0 0 0 0 13 14 8 10 20 9 11 18 38 0 10 45 15 0 0 13 8 6 0 0 12 0 0 0 0 0 6 0 0 0 0 0 24 0 0 10 0 0 10 7 0 0 0 0 0 0 0 0 0 0 0 0 0 0 0 0 0 22 5 0 0 0 0 0 0 0 0 0 0 0 1 0 0 0 0 0 0 0 0 0 8 0 14 15 20 13 0 13 0 9 8 0 29 21 0 1 10 24 0 0 0 12 0 0 0 0 9 0 0 0 0 0 11 0 0 0 0 0 11 10 0 0 0 0 0 0 0 0 0 0 0 12 0 0 0 0 0 0 0 29 0 0 2 1 62 9 0 32 0 0 0 0 0 0 0 0 0 0 0 0 0 0 0 0 0 16 0 0 0 4 
 0 0 0 0 0 0 0 0 0 0 0 0 0 0 0 1 0 0 0 0 3 3 3 26 65 133 3 3 3 24 3 3 79 3 3 68 3 3 3 3 118 128 105 72 50 99 48 74 64 142 20 43 145 165 131 109 23 152 0 68 0 0 0 1 0 0 0 0 0 3 0 2 0 0 0 0 0 0 2 0 0 0 0 0 0 0 0 0 0 0 0 0 0 0 0 0 0 0 0 0 0 7 0 0 0 13 0 0 5 18 0 0 0 0 0 0 0 0 0 0 62 0 34 0 0 21 30 14 1 22 1 0 30 31 16 11 9 13 11 1 0 0 0 0 34 0 0 0 0 0 0 0 0 0 0 0 0 0 13 0 0 0 0 0 0 0 0 0 0 0 0 0 0 0 0 0 0 18 0 0 0 0 0 15 0 0 0 0 0 0 0 0 0 0 0 0 0 20 0 0 31 16 0 13 14 0 1 23 0 24 10 36 29 25 46 1 0 59 23 0 0 0 0 0 0 0 0 0 0 0 0 0 0 0 0 0 0 0 0 15 0 0 51 0 0 0 0 0 0 0 0 15 0 0 0 0 0 0 0 0 9 0 2 0 0 0 2 0 0 0 0 0 0 0 0 0 0 0 0 0 0 0 0 0 3 0 0 21 2 0 
 0 0 0 0 0 2 2 0 0 0 0 0 0 0 0 2 1 0 0 0 53 0 0 64 64 65 0 0 63 63 0 22 0 0 0 1 0 22 0 0 219 104 131 176 282 28 52 122 342 91 55 315 126 149 95 135 31 104 68 0 0 6 4 0 5 0 5 0 0 3 0 0 0 15 49 0 0 5 0 0 0 0 0 0 0 0 0 0 0 0 0 0 0 0 1 0 0 0 0 0 0 0 0 11 3 20 4 0 0 0 0 0 0 0 5 0 0 0 0 0 20 10 11 0 0 0 19 11 1 0 0 7 0 0 0 23 12 2 32 9 0 0 10 0 0 9 0 71 0 0 0 0 1 1 0 4 0 5 0 0 0 0 0 0 0 0 1 0 0 0 0 0 0 0 0 0 0 0 5 0 0 0 0 0 40 0 0 0 0 0 18 14 0 0 0 0 0 0 0 0 0 6 10 14 17 0 0 17 73 0 0 0 27 6 19 1 61 18 0 0 0 0 0 0 0 3 0 0 0 0 0 0 0 15 3 0 0 0 0 0 0 0 0 0 0 0 0 0 0 0 0 10 0 2 0 0 0 29 0 8 0 0 0 0 2 3 2 0 0 0 0 0 0 0 0 0 0 0 0 0 0 0 0 0 0 0 0 10 2 0 
 0 0 3 4 2 1 1 1 64 0 2 1 2 0 0 0 2 0 0 0 3 2 3 2 3 3 3 3 2 3 2 2 2 2 3 3 2 3 2 2 0 0 0 50 0 96 0 0 0 0 70 54 0 0 0 4 0 0 0 0 0 88 298 56 36 47 242 391 34 47 39 67 151 86 60 131 88 81 124 100 0 0 0 0 0 0 0 0 0 0 0 0 0 0 0 0 0 0 0 0 0 0 0 0 0 0 0 0 0 0 0 0 0 0 9 0 0 0 0 0 0 0 0 0 10 8 0 0 0 0 0 0 0 0 0 0 8 10 0 0 10 23 0 2 3 0 28 0 0 3 18 7 0 0 21 0 1 2 22 16 0 0 5 0 0 0 0 1 0 0 20 0 0 0 0 0 0 0 0 0 0 0 0 0 0 0 0 0 0 0 0 0 0 0 0 0 0 0 0 0 0 0 0 8 9 27 0 0 0 0 1 16 0 0 0 0 1 0 0 0 21 0 9 0 23 0 14 0 5 0 0 17 0 8 17 4 24 0 25 2 10 0 0 0 0 0 0 0 0 0 0 0 0 0 2 0 0 0 0 0 0 0 0 0 0 0 8 0 0 0 2 0 0 14 2 2 0 0 0 0 0 0 9 0 0 1 0 0 0 0 
