 0 53 73 348 41 31 248 299 91 50 32 30 146 35 402 22 27 38 130 108 0 0 0 4 0 0 0 0 2 0 0 2 1 3 0 0 0 0 0 0 0 0 0 0 0 1 2 2 0 0 3 0 6 0 0 2 65 3 0 0 0 0 0 0 3 0 0 0 0 0 0 0 0 0 0 0 0 0 2 3 12 5 15 0 0 0 0 41 0 0 1 24 9 12 16 8 30 0 11 49 0 0 0 0 11 0 2 0 0 0 9 0 0 0 0 0 0 0 0 0 0 0 0 0 0 0 0 0 0 0 0 0 0 0 0 0 0 0 0 0 0 0 0 0 0 0 2 0 0 0 0 1 0 0 0 0 0 0 0 0 11 0 11 11 16 0 19 27 4 37 16 0 0 11 0 0 61 0 10 11 4 0 0 0 0 1 1 0 0 0 0 0 0 0 0 0 0 0 0 0 1 0 0 0 0 0 0 0 0 0 0 0 0 0 0 0 0 0 0 0 0 0 0 0 0 0 0 10 0 0 0 0 0 3 0 0 0 0 2 0 0 0 0 0 0 2 0 0 0 2 0 15 0 0 0 0 0 0 0 0 0 0 0 0 0 0 0 0 0 0 0 0 0 0 0 0 0 0 0 0 0 0 0 0 0 0 0 0 0 0 
 53 0 482 194 179 128 90 427 253 154 142 26 140 214 770 160 529 281 256 72 0 2 2 2 2 0 0 1 3 0 0 0 141 12 0 0 0 2 0 75 0 63 0 3 0 2 2 2 0 0 3 0 0 0 0 3 0 3 0 0 0 0 38 0 12 0 0 0 37 0 0 0 0 35 0 52 0 0 2 3 0 16 10 17 33 16 22 2 29 30 35 13 0 0 22 37 25 37 0 0 22 0 0 0 0 1 20 0 0 0 0 0 7 0 1 0 2 0 2 0 0 0 0 0 0 0 0 0 2 0 0 0 0 0 0 0 0 9 0 0 0 0 0 0 0 0 2 0 0 0 0 1 0 0 0 0 0 0 0 0 14 25 1 19 1 37 0 0 44 8 11 19 0 10 3 20 10 69 0 0 49 0 0 0 0 0 5 0 0 0 0 0 0 51 0 0 0 0 38 2 0 0 0 0 0 0 0 0 0 0 0 0 0 15 0 0 1 0 0 0 0 0 0 0 0 0 0 0 0 0 0 0 0 0 0 0 0 0 0 0 0 0 23 0 0 2 90 0 5 89 2 17 1 0 0 0 0 0 0 0 23 0 19 0 0 0 0 0 0 0 0 0 0 0 0 1 8 0 0 0 0 0 0 0 0 0 0 0 0 0 
 73 482 0 98 87 265 233 506 352 393 162 135 200 250 287 219 282 308 427 116 0 0 0 3 0 0 2 0 2 0 1 0 87 4 0 0 0 0 37 77 0 0 0 0 0 2 2 2 0 0 3 0 0 0 0 3 0 3 0 0 0 0 0 0 3 0 0 0 0 0 0 0 0 1 0 0 44 0 2 3 15 0 36 23 32 18 0 9 0 13 20 17 25 7 15 41 11 1 13 0 0 0 0 0 0 0 9 1 0 0 0 0 1 0 0 0 0 0 8 0 0 0 0 0 0 0 2 0 0 0 0 0 0 0 0 0 0 0 0 0 0 0 0 0 0 0 7 0 0 0 0 1 0 0 0 0 0 0 0 0 27 0 20 16 14 15 0 14 15 8 7 37 0 0 0 13 29 48 0 20 0 0 0 0 0 0 19 1 2 0 0 0 0 7 0 0 14 0 9 0 0 18 0 0 0 0 0 0 0 0 0 0 0 0 0 0 0 0 0 0 0 0 0 0 0 0 0 0 2 0 0 8 0 0 0 0 0 0 0 0 0 0 0 0 0 4 121 0 90 0 2 2 14 0 0 0 0 0 0 0 0 0 47 0 0 0 0 0 0 0 0 0 0 0 0 3 0 0 0 0 0 0 0 0 0 0 0 0 0 0 
 348 194 98 0 176 34 190 290 162 87 220 43 422 80 255 95 53 65 114 83 90 2 0 5 0 213 1 0 212 0 0 0 0 118 0 2 3 1 2 0 0 63 0 1 0 0 2 3 0 2 3 0 64 0 0 5 0 5 0 3 0 1 0 0 3 0 0 0 0 0 1 0 0 0 0 0 38 0 2 2 0 10 20 14 0 0 0 2 6 32 21 0 0 19 28 1 21 47 1 0 2 40 0 0 0 0 0 0 11 0 0 0 0 13 14 1 0 0 13 18 1 0 0 19 0 0 0 0 0 0 1 0 0 0 0 0 11 0 0 0 0 0 0 0 0 0 0 0 0 0 0 3 0 0 0 1 0 2 0 0 10 2 0 0 8 0 14 1 13 0 7 22 0 2 10 21 12 0 0 19 0 20 0 0 0 0 1 0 1 1 0 0 2 0 11 0 0 0 0 15 0 0 0 0 0 0 0 14 0 0 0 0 0 0 0 0 0 0 0 0 0 0 0 0 0 2 0 0 0 0 0 0 0 0 2 0 0 1 6 0 0 1 0 0 0 1 11 2 1 0 2 16 0 0 2 0 0 0 0 0 0 0 0 0 0 0 0 0 0 0 0 0 0 0 0 10 0 0 0 0 0 0 0 0 0 0 0 0 0 0 
 41 179 87 176 0 173 50 276 391 85 106 40 79 162 168 72 214 119 149 166 0 0 12 6 2 0 75 80 22 0 6 0 0 95 2 74 3 0 34 148 0 0 2 79 2 1 5 2 0 66 3 3 0 0 4 3 0 3 4 1 1 1 0 0 6 7 0 0 0 0 0 0 0 2 1 1 0 0 2 3 0 0 51 36 0 10 31 17 21 21 11 0 0 10 2 1 14 16 0 0 0 0 0 0 12 0 0 45 2 0 9 0 28 0 0 1 0 14 10 11 14 0 0 0 0 0 0 0 0 0 0 0 0 0 0 0 0 2 0 0 0 0 0 0 0 0 0 0 0 0 0 2 0 0 0 0 0 0 0 0 0 34 0 14 26 17 0 0 1 8 15 0 0 0 4 28 0 17 0 0 0 10 0 14 0 0 0 7 10 19 0 0 66 13 0 0 10 0 0 0 0 0 0 0 0 0 0 0 0 0 0 0 0 0 0 0 0 0 0 0 0 0 0 0 0 0 0 0 0 0 0 0 0 0 0 0 0 0 0 0 0 0 0 0 0 3 115 0 5 0 0 2 0 0 0 0 0 0 0 0 0 0 38 0 0 0 0 0 0 0 0 0 0 0 0 0 0 50 0 0 0 0 0 0 0 0 0 0 0 0 
 31 128 265 34 173 0 41 254 50 285 109 531 42 40 127 67 164 107 37 277 3 4 74 3 0 0 175 74 174 0 0 1 3 162 62 74 76 0 154 75 0 2 0 63 0 30 2 2 0 63 3 0 0 0 1 2 0 3 0 0 0 0 0 0 3 0 0 0 2 0 0 0 0 0 0 31 0 0 2 3 0 0 0 6 16 19 10 13 13 20 4 28 0 1 0 0 14 14 0 0 34 0 54 1 17 0 7 33 19 13 30 1 27 38 0 0 0 1 29 10 0 0 0 0 0 0 0 0 0 0 0 0 0 0 0 0 0 24 1 0 0 0 0 0 0 13 0 0 0 0 0 2 0 0 0 0 0 0 0 0 0 10 0 1 10 35 0 0 0 0 11 0 0 0 0 7 0 0 0 0 10 27 1 0 0 0 20 9 29 32 0 0 29 8 0 0 3 17 0 23 0 0 0 0 0 0 0 19 0 0 0 0 0 0 0 0 0 0 0 9 18 0 0 0 0 0 0 0 0 0 0 0 0 0 0 0 0 0 0 0 0 0 0 0 0 0 1 0 6 86 0 15 4 0 0 0 0 85 0 0 0 0 0 0 0 0 0 0 0 0 0 0 0 0 0 0 0 0 0 10 0 0 0 0 0 0 0 0 0 0 
 248 90 233 190 50 41 0 222 155 130 47 43 277 244 134 103 38 194 288 265 0 3 0 3 3 0 0 3 2 0 0 0 0 5 3 75 2 0 0 1 0 0 0 3 0 1 2 2 0 0 5 0 5 0 0 2 0 3 0 0 0 0 0 0 10 42 0 0 0 0 0 0 0 4 0 0 0 0 2 3 20 15 31 0 14 0 0 11 11 0 0 0 52 16 29 12 28 30 20 17 0 17 0 0 0 4 0 0 0 0 0 0 0 0 0 12 1 0 1 0 0 0 0 1 0 0 0 0 1 0 0 0 0 0 0 0 0 1 0 0 6 0 0 0 0 0 6 0 0 0 0 2 0 0 0 0 0 0 0 0 0 10 17 20 12 0 0 10 0 18 22 8 27 18 11 0 16 0 0 29 0 0 0 0 0 0 0 0 0 0 0 0 0 0 0 0 0 0 1 0 0 0 0 12 0 0 9 0 0 0 0 0 0 0 0 0 0 0 0 0 0 0 0 0 0 0 0 0 0 21 0 0 2 0 0 0 0 0 0 0 0 0 0 0 0 0 1 0 3 0 2 2 0 0 0 0 0 0 0 0 0 0 0 0 0 0 0 0 0 0 0 0 0 0 0 11 0 0 0 0 0 0 0 0 0 0 0 0 0 0 
 299 427 506 290 276 254 222 0 164 173 347 78 268 677 191 368 126 136 167 102 0 0 0 3 0 0 0 0 2 0 0 0 1 4 2 0 1 0 0 2 0 0 0 0 0 0 2 3 0 0 3 0 0 0 0 2 0 2 0 0 0 0 0 0 3 0 0 0 0 0 0 0 0 0 0 0 0 2 2 2 0 3 0 22 16 1 0 1 3 0 32 31 28 1 10 10 42 0 27 17 0 0 0 0 0 0 0 0 0 25 0 2 0 0 2 0 0 0 0 0 0 0 0 0 0 0 0 0 0 0 0 0 0 0 0 0 0 0 0 0 0 0 0 0 1 1 12 0 0 0 1 2 0 0 0 1 0 0 0 0 24 5 42 0 2 0 1 0 0 21 14 31 0 0 0 0 20 0 0 17 0 0 0 0 0 0 2 0 0 0 0 0 0 0 0 0 0 0 5 0 2 0 0 0 0 0 0 0 0 0 0 0 0 0 0 0 0 0 0 0 0 0 0 0 2 0 1 0 0 1 1 0 0 0 0 0 0 0 1 0 0 6 0 0 0 0 90 0 0 2 2 6 0 0 0 0 0 0 0 0 0 0 0 0 0 0 0 0 0 0 0 0 0 0 0 15 0 0 0 0 0 0 0 0 0 0 0 0 0 1 
 91 253 352 162 391 50 155 164 0 169 103 25 171 159 96 180 372 288 156 469 0 2 0 2 0 0 0 0 5 0 0 1 72 3 0 2 1 87 73 24 0 0 0 0 0 3 2 2 0 0 3 0 0 0 0 3 0 3 0 0 0 0 0 0 9 0 0 0 0 0 0 0 0 6 0 0 0 0 2 3 33 10 71 10 34 34 13 21 2 18 24 2 1 17 15 10 1 0 0 14 0 0 0 0 0 0 7 0 0 0 0 0 0 2 0 0 0 0 17 0 0 0 0 0 0 1 0 0 0 0 0 0 0 0 0 0 0 0 0 18 0 0 0 0 0 0 0 0 0 0 0 0 0 0 0 0 0 0 0 2 0 9 26 27 18 13 0 5 4 22 10 25 0 0 3 17 21 58 0 0 0 0 0 0 0 0 7 0 0 0 0 0 10 0 0 0 0 0 1 0 0 0 0 2 0 0 2 0 0 0 0 0 0 2 0 0 0 0 0 0 0 0 0 36 0 0 0 0 0 2 0 0 0 0 0 0 0 0 0 0 0 0 0 0 0 0 1 0 88 2 1 6 21 0 0 0 0 0 0 0 1 0 16 0 0 0 0 0 0 0 0 0 0 0 0 0 0 0 0 0 0 0 0 0 0 0 0 0 0 0 
 50 154 393 87 85 285 130 173 169 0 308 237 233 267 281 176 279 170 372 283 0 0 0 3 2 2 0 83 2 0 0 0 74 3 0 0 0 0 39 0 0 1 0 0 0 0 2 8 0 0 3 0 0 0 0 2 0 3 0 0 0 0 0 0 3 0 0 0 0 0 0 0 0 1 0 0 0 0 2 2 15 3 21 34 33 12 0 17 3 3 16 15 19 20 9 21 27 14 11 0 1 0 58 0 0 0 0 0 0 0 0 7 12 0 0 1 3 0 7 0 0 0 1 0 2 0 1 25 0 0 0 0 0 0 0 0 0 0 0 0 0 0 0 0 0 0 4 0 0 0 1 2 0 0 0 0 0 0 0 0 25 2 20 12 0 1 1 73 12 5 12 51 10 0 0 13 0 22 0 34 0 0 0 0 0 0 29 2 1 0 0 0 0 14 0 0 0 0 14 2 0 0 0 0 0 0 0 0 0 0 0 1 0 0 0 0 0 0 0 0 0 0 0 0 0 0 0 0 1 0 0 0 0 0 0 0 0 0 0 0 0 0 0 0 0 4 87 0 3 96 0 11 14 0 3 0 0 0 84 0 0 0 0 0 0 0 0 0 0 0 0 0 0 0 0 10 0 0 0 0 0 0 0 0 0 0 0 0 0 0 
 32 142 162 220 106 109 47 347 103 308 0 401 56 253 70 194 219 191 29 152 158 4 6 2 1 2 2 5 3 0 0 2 139 137 0 22 0 0 154 0 0 1 0 1 0 8 11 2 0 1 6 1 0 0 0 3 3 3 3 13 0 0 0 56 3 0 0 0 0 0 0 0 0 0 2 0 0 0 2 3 0 11 17 24 20 44 0 15 11 29 12 34 0 1 0 8 0 14 0 0 11 31 2 0 0 0 16 0 5 0 0 1 17 17 19 0 0 0 82 20 0 0 0 0 0 0 0 0 0 0 0 0 0 0 0 0 0 20 0 0 0 0 0 0 0 0 0 0 0 0 0 0 0 0 0 0 0 0 0 0 0 0 2 11 16 6 0 3 3 0 14 51 0 0 0 0 0 28 0 0 19 0 1 0 0 0 34 0 4 0 0 0 0 22 12 0 0 0 0 31 0 0 0 0 0 0 0 0 0 0 0 0 0 0 0 0 0 0 0 0 0 0 0 0 0 0 0 0 0 0 0 0 0 0 0 0 0 0 16 0 0 0 0 0 0 0 86 0 2 61 1 6 1 0 2 0 0 0 0 0 0 0 0 0 0 0 0 0 0 0 0 0 0 0 0 0 18 0 0 0 0 0 0 0 0 0 0 0 0 0 
 30 26 135 43 40 531 43 78 25 237 401 0 34 41 76 129 303 207 134 47 0 75 0 3 0 0 74 64 3 0 0 0 75 76 78 0 0 0 154 1 4 1 0 59 0 6 2 4 0 60 3 0 0 1 0 2 0 3 0 0 0 0 2 0 3 0 0 0 39 0 0 0 0 0 0 0 0 0 2 2 21 0 19 3 16 21 0 31 38 11 32 113 0 20 17 18 0 30 0 0 12 0 4 0 18 0 41 0 0 0 0 0 4 12 1 20 0 0 21 0 0 0 0 0 0 0 0 1 0 0 0 0 0 0 0 0 0 17 2 0 0 0 0 0 0 2 0 12 0 0 0 1 0 0 0 0 0 0 0 0 6 0 18 20 14 24 0 12 5 0 10 15 0 0 12 10 1 24 0 0 3 0 6 0 0 0 15 15 1 0 0 0 10 21 0 0 0 0 0 30 0 0 0 0 0 0 0 0 0 0 0 0 0 0 0 0 0 0 0 0 0 0 2 0 0 0 0 0 0 0 0 0 0 0 0 0 0 1 0 0 0 0 0 0 0 4 0 0 2 3 16 6 0 0 0 0 0 0 0 0 0 0 0 0 0 0 0 0 0 0 0 0 0 0 0 0 16 16 0 0 0 0 0 0 0 7 0 0 0 0 
 146 140 200 422 79 42 277 268 171 233 56 34 0 324 193 221 116 93 392 165 0 2 0 3 0 0 0 0 203 0 0 0 2 3 0 2 0 0 0 74 0 0 0 0 0 1 2 2 0 0 3 0 0 0 62 2 0 3 0 0 0 0 0 0 3 0 0 0 0 0 0 0 0 0 0 0 0 0 2 3 24 31 11 0 20 0 0 29 52 0 17 18 34 14 48 1 13 45 45 11 0 0 0 0 0 2 0 0 0 0 0 0 0 0 0 0 1 0 0 0 0 0 0 1 0 0 40 0 1 0 0 0 0 0 0 0 0 1 0 0 0 0 0 0 0 0 4 0 0 0 0 2 0 0 0 0 0 0 0 0 8 11 24 21 11 0 0 11 0 15 15 30 0 13 21 0 2 0 0 33 0 0 0 0 0 0 0 0 0 0 0 0 0 0 0 0 0 0 10 0 0 0 0 0 0 0 0 0 0 0 0 1 0 0 0 0 0 0 0 0 0 0 0 0 0 0 0 0 0 16 0 0 2 0 0 0 0 0 0 0 0 0 0 0 0 3 1 0 0 0 20 2 0 0 0 0 0 0 0 12 0 0 0 0 0 0 0 0 0 0 0 0 0 0 0 19 16 0 0 0 0 0 0 0 8 0 0 0 0 0 
 35 214 250 80 162 40 244 677 159 267 253 41 324 0 114 87 199 209 185 90 0 0 0 3 2 2 0 0 2 0 0 0 81 3 0 0 0 0 0 0 0 0 0 0 0 1 2 2 0 0 3 0 0 0 0 2 0 3 0 0 0 0 0 2 69 0 0 0 0 0 0 51 12 0 0 0 0 0 8 3 0 11 14 9 52 0 6 2 11 14 26 0 28 0 41 19 14 1 19 18 0 0 0 0 0 0 9 0 0 0 0 0 0 0 0 0 0 0 0 0 0 0 0 0 0 0 0 0 0 0 0 0 0 0 0 0 0 0 0 0 0 0 0 0 0 0 6 0 0 0 0 1 0 0 0 0 0 0 0 0 21 0 11 1 14 15 0 0 0 10 10 35 0 1 5 0 33 19 0 16 0 0 0 0 0 0 10 0 0 0 0 0 0 0 0 0 0 0 27 0 0 0 0 0 0 0 0 0 0 0 0 0 0 0 0 0 0 39 0 0 0 0 0 0 0 0 0 0 0 0 0 0 0 0 0 0 0 0 0 0 0 0 0 0 0 2 4 0 92 0 2 10 2 0 0 0 0 0 0 0 0 0 0 0 0 0 0 0 0 0 0 0 0 0 0 6 0 0 0 0 0 0 0 0 0 0 0 0 0 0 
 402 770 287 255 168 127 134 191 96 281 70 76 193 114 0 169 222 205 274 227 0 0 0 5 0 0 0 0 2 0 0 1 0 3 0 0 0 0 0 0 0 0 0 1 3 0 2 2 0 0 3 0 0 0 0 67 0 3 0 0 0 0 0 0 10 0 0 0 0 0 0 0 0 4 0 0 0 0 2 5 7 6 2 10 0 0 59 10 26 0 17 8 0 16 29 60 33 62 19 0 0 0 0 0 0 0 0 0 0 0 0 2 0 0 2 0 0 0 1 0 41 0 0 0 0 0 0 0 0 0 0 14 0 0 0 0 0 0 0 0 0 0 0 0 0 0 0 0 0 0 0 13 0 0 0 0 0 0 0 0 47 36 13 12 0 30 13 7 0 1 0 23 3 15 8 19 4 0 0 28 15 0 0 0 0 0 2 0 0 0 0 0 0 0 0 0 0 0 1 0 2 0 0 0 0 0 0 0 0 0 0 0 0 0 0 0 0 0 0 0 0 0 0 0 0 0 0 0 0 0 0 0 0 10 0 0 0 0 0 0 0 10 0 0 0 0 5 0 2 0 16 8 0 0 0 0 0 0 2 0 0 0 0 0 0 0 0 0 0 0 0 0 0 0 0 1 23 0 0 0 0 0 0 0 0 0 0 0 0 0 
 22 160 219 95 72 67 103 368 180 176 194 129 221 87 169 0 335 145 304 68 129 0 0 4 0 0 0 0 3 0 0 0 74 77 0 0 0 0 83 0 0 0 0 61 26 1 2 2 0 61 3 0 0 0 0 2 0 3 0 0 0 0 0 0 3 0 0 0 0 0 0 6 0 4 0 0 0 0 2 2 18 0 21 20 0 51 0 41 18 23 0 15 36 10 15 12 25 24 17 0 16 10 0 0 0 0 14 0 1 0 0 0 0 16 22 0 0 0 31 0 0 0 0 0 0 0 16 0 0 0 0 0 0 0 0 0 0 0 0 0 0 0 0 15 0 0 0 0 0 0 0 1 0 0 0 0 0 0 0 0 10 11 18 1 0 14 13 13 21 0 0 60 0 0 14 61 10 38 0 0 17 0 0 0 0 0 36 0 0 0 0 0 10 18 11 0 0 0 28 26 0 0 0 0 0 0 0 0 0 0 0 0 0 0 0 23 0 0 0 0 0 0 0 0 0 0 4 0 0 0 0 0 0 0 0 0 0 0 0 0 0 0 0 0 0 0 1 2 107 1 0 2 16 0 0 0 0 0 0 0 0 0 0 0 0 0 0 0 0 0 0 0 0 0 0 0 0 16 0 0 0 0 0 0 0 0 0 0 0 0 
 27 529 282 53 214 164 38 126 372 279 219 303 116 199 222 335 0 137 33 128 0 0 0 3 0 0 0 0 2 0 0 0 33 4 2 1 0 0 17 2 0 1 0 0 0 1 2 2 0 0 3 0 0 0 0 2 0 3 0 0 0 0 0 0 3 0 0 0 0 0 0 0 0 4 0 0 0 45 2 3 38 21 40 33 22 10 0 22 43 32 45 51 20 28 23 14 14 15 13 2 0 0 0 0 0 0 0 0 0 0 2 0 8 0 0 0 0 0 10 0 0 0 14 0 0 0 0 0 0 0 0 0 0 0 0 0 0 0 0 0 2 0 0 0 0 0 4 0 1 0 0 2 0 2 0 0 0 0 0 0 19 2 38 1 1 0 0 12 10 10 6 38 0 0 10 14 0 8 0 14 15 0 0 0 0 0 9 0 0 0 0 0 6 12 0 0 0 0 22 0 0 0 0 0 0 0 0 2 0 2 0 0 0 0 0 0 0 0 0 1 0 0 0 0 0 0 0 0 0 0 0 0 0 0 0 0 0 0 0 0 0 0 0 0 2 1 47 0 0 2 13 5 14 0 0 0 0 0 0 0 0 0 0 0 0 0 0 0 0 0 0 0 0 0 0 14 33 0 0 0 0 0 0 0 0 0 0 0 0 0 
 38 281 308 65 119 107 194 136 288 170 191 207 93 209 205 145 137 0 37 42 0 1 0 3 0 0 0 0 2 0 0 2 20 24 0 0 1 0 0 1 0 62 0 0 0 5 2 2 0 0 3 0 0 1 7 3 0 3 0 0 0 0 0 0 3 0 0 0 4 0 0 0 0 0 0 0 0 0 2 3 0 10 17 10 33 42 0 0 11 0 28 16 13 9 46 25 27 33 36 0 24 0 0 0 0 0 11 0 0 0 0 0 7 12 4 0 0 0 11 0 0 0 0 0 14 0 0 0 0 0 0 0 0 0 0 0 0 13 0 0 0 0 0 2 0 0 15 0 12 0 0 2 0 0 0 0 0 0 0 0 6 3 14 3 10 15 0 0 11 0 1 11 0 2 10 13 15 10 0 37 14 0 0 0 0 0 30 0 0 0 0 14 3 12 0 0 0 0 14 1 0 0 0 0 0 12 0 0 0 3 0 0 0 0 0 0 0 0 0 0 0 0 0 0 0 0 0 0 0 0 0 0 0 0 0 0 0 0 0 0 0 0 0 0 0 3 2 0 53 0 0 7 0 0 0 0 0 0 0 0 0 0 1 0 0 0 0 0 0 0 0 0 0 0 0 37 8 0 0 0 0 0 0 0 0 0 0 0 0 0 
 130 256 427 114 149 37 288 167 156 372 29 134 392 185 274 304 33 37 0 358 2 0 0 2 3 1 0 0 3 0 1 0 0 3 0 0 0 0 0 0 0 0 0 0 0 2 2 2 0 4 3 0 0 0 3 3 0 4 2 0 0 0 0 0 5 3 43 0 0 0 0 0 0 0 0 0 0 1 2 3 13 11 33 0 20 0 14 12 1 0 17 17 31 19 26 2 45 24 40 10 0 0 0 0 0 0 0 0 19 0 0 0 0 0 4 0 0 0 0 0 0 16 0 17 0 10 0 0 0 0 0 0 0 0 0 0 0 0 0 0 0 12 0 0 0 0 5 0 0 0 0 20 0 0 0 0 0 0 0 0 24 25 9 11 11 0 31 14 0 17 17 1 44 0 9 16 15 0 4 23 0 0 8 0 0 0 0 0 0 0 0 0 0 0 0 0 0 0 0 0 0 0 0 0 0 0 0 0 1 0 0 0 0 0 0 0 0 0 0 0 0 0 0 0 0 0 0 0 0 0 0 0 0 0 0 0 0 0 0 0 0 0 0 0 0 0 1 2 95 0 1 1 0 0 0 0 0 0 0 0 2 0 0 0 0 0 0 0 0 0 0 0 0 0 0 9 1 0 0 0 0 0 0 0 0 0 0 0 0 0 
 108 72 116 83 166 277 265 102 469 283 152 47 165 90 227 68 128 42 358 0 1 0 0 2 0 0 0 0 3 0 203 0 0 3 0 1 0 0 0 0 0 0 0 0 67 2 2 2 0 0 3 0 45 0 0 68 0 3 0 0 0 0 3 0 3 0 0 0 0 0 0 0 0 0 0 0 0 0 2 3 9 9 27 5 0 8 24 6 0 10 2 4 13 57 30 17 24 17 25 11 0 0 11 2 0 0 0 0 0 0 0 0 0 0 0 2 0 0 2 0 0 0 2 0 1 0 1 0 0 0 0 0 0 0 0 11 0 0 0 0 0 0 0 0 0 0 0 0 0 0 2 15 0 0 2 0 0 0 1 0 10 0 0 19 15 0 43 26 8 14 12 0 12 0 7 14 29 0 11 11 0 0 0 0 0 0 0 0 1 0 0 0 0 0 0 0 0 0 0 0 0 0 0 0 0 0 0 0 9 0 0 2 0 0 0 0 0 0 0 0 0 0 0 0 0 0 0 0 2 0 0 0 0 0 0 0 0 19 0 0 0 11 0 0 0 2 3 0 2 3 0 257 0 0 0 0 0 0 0 0 0 0 0 0 0 0 0 0 0 0 0 0 0 0 0 0 1 0 0 0 0 0 0 0 0 0 0 0 0 0 
 0 0 0 90 0 3 0 0 0 0 158 0 0 0 0 129 0 0 2 1 0 109 167 109 27 37 159 265 201 398 129 246 47 111 281 64 167 40 122 124 0 0 0 9 0 0 3 1 0 2 0 0 0 62 46 2 0 0 0 0 0 3 0 0 3 0 0 0 0 0 1 2 0 0 0 3 0 5 0 0 0 0 0 2 0 17 0 0 0 4 0 0 0 0 0 10 36 0 0 0 18 34 25 0 11 0 28 23 61 9 4 0 1 28 43 12 14 9 2 41 0 0 0 0 0 0 0 0 0 0 0 0 0 0 0 0 0 0 0 0 0 0 0 0 0 0 0 0 0 7 0 2 0 0 0 0 0 2 0 0 0 0 0 0 9 0 0 0 11 0 6 5 0 0 0 18 0 0 0 0 18 0 0 8 0 31 3 62 0 1 0 22 15 29 27 21 15 3 19 46 0 0 0 0 0 0 15 0 0 0 0 0 0 0 0 0 0 0 0 0 0 0 0 0 0 0 0 0 0 0 0 0 0 0 0 0 0 0 0 0 0 0 0 0 0 0 19 0 9 0 0 0 0 0 13 0 0 0 0 1 24 1 0 0 0 0 2 0 0 0 0 0 0 0 0 0 0 0 0 0 0 1 0 0 0 0 0 0 0 0 
 0 2 0 2 0 4 3 0 2 0 4 75 2 0 0 0 0 1 0 0 109 0 610 67 104 244 77 151 153 126 97 45 178 106 222 140 154 106 38 43 5 0 0 3 0 1 3 0 0 1 0 4 0 0 0 3 0 0 0 0 0 3 0 0 0 1 0 0 0 0 0 2 0 0 0 0 0 3 0 0 12 0 2 0 12 0 0 0 0 0 0 13 0 0 0 0 0 0 0 0 18 18 42 0 1 34 13 0 17 0 0 24 18 27 12 24 26 20 0 0 0 0 0 0 0 0 0 0 0 0 0 0 0 1 0 0 0 14 12 13 2 0 0 0 0 5 0 12 0 0 0 0 0 0 0 0 0 2 0 0 0 0 0 2 0 10 3 0 2 0 0 0 0 0 0 8 3 0 0 0 23 32 54 11 0 0 0 37 16 9 13 9 0 14 4 20 0 31 3 18 0 0 0 0 0 0 8 0 0 0 0 0 8 15 0 0 0 0 10 13 0 0 0 0 0 0 0 0 0 0 0 2 0 0 0 0 10 0 0 0 0 0 0 0 0 1 0 0 0 0 0 0 0 0 21 3 0 1 1 2 2 0 0 0 0 0 12 0 0 0 0 0 0 0 0 0 0 0 0 0 0 0 0 0 0 18 0 0 0 0 
 0 2 0 0 12 74 0 0 0 0 6 0 0 0 0 0 0 0 0 0 167 610 0 86 148 159 183 98 246 172 86 45 150 187 54 72 206 140 349 192 0 0 0 7 0 0 68 0 0 2 0 0 0 1 2 2 0 0 0 0 2 3 0 0 2 0 49 0 0 0 0 45 0 0 0 0 0 3 0 4 0 0 8 0 0 0 0 0 0 0 0 0 0 0 0 0 0 0 0 0 0 22 26 20 28 0 26 30 73 14 30 0 36 19 0 16 0 15 12 33 0 0 0 0 0 0 0 0 0 0 0 0 0 0 0 0 0 0 15 0 0 0 0 0 0 14 0 12 0 0 0 2 0 0 0 0 0 0 1 0 0 0 0 39 0 0 1 0 1 0 11 0 0 0 0 0 0 0 0 0 0 18 0 2 9 12 22 27 31 19 12 14 16 0 14 11 13 0 11 24 47 0 0 0 0 0 0 0 0 0 0 0 15 16 0 0 0 0 0 0 0 0 10 0 0 0 0 0 5 0 0 0 0 0 0 0 0 0 0 0 0 0 0 0 0 0 0 0 0 0 0 0 0 0 20 0 2 111 104 5 27 0 0 0 0 0 0 0 0 0 0 0 0 0 0 0 0 0 0 0 0 2 0 0 0 0 43 0 0 0 
 4 2 3 5 6 3 3 3 2 3 2 3 3 3 5 4 3 3 2 2 109 67 86 0 328 132 113 67 382 258 59 277 68 301 692 497 264 114 74 120 30 5 0 3 0 1 112 0 1 1 0 0 65 63 66 2 0 0 2 2 0 3 0 0 3 1 0 0 0 0 0 2 0 0 0 6 0 3 0 0 0 0 0 0 0 0 0 0 0 0 0 0 1 0 0 0 0 0 0 0 0 1 24 31 0 3 0 0 11 17 6 13 0 16 16 14 16 1 0 29 13 0 10 0 0 0 8 20 43 0 0 0 28 0 25 11 23 1 12 9 0 0 0 5 0 2 0 0 1 0 0 0 0 0 0 0 0 0 2 0 7 0 0 0 0 0 0 13 0 0 0 0 0 0 0 0 0 0 0 0 0 0 0 3 33 5 0 11 0 0 0 16 0 0 39 8 15 0 0 0 1 0 0 0 0 0 12 20 13 0 0 19 5 1 40 10 0 0 20 0 1 0 0 0 0 0 0 0 0 0 0 0 0 0 0 0 0 0 0 0 0 0 0 0 0 0 0 0 0 0 0 0 0 0 127 0 3 0 0 0 0 2 0 0 0 0 2 0 0 0 0 0 0 0 0 0 0 1 0 0 0 0 0 0 8 0 0 0 0 0 
 0 2 0 0 2 0 3 0 0 2 1 0 0 2 0 0 0 0 3 0 27 104 148 328 0 304 220 88 485 150 102 211 75 73 113 287 69 311 58 42 0 7 0 11 0 3 80 3 0 0 0 0 0 2 64 4 0 0 35 19 51 3 0 3 3 1 5 0 0 0 2 2 0 0 0 0 0 3 0 1 0 0 0 0 0 0 0 0 0 0 0 0 0 0 0 1 0 0 0 0 0 22 0 51 7 19 0 9 0 10 0 12 0 6 0 15 0 24 0 0 12 48 0 1 0 0 10 11 27 0 0 0 14 1 34 8 0 0 29 18 0 0 0 0 0 0 0 0 0 0 5 0 0 0 0 0 0 0 0 0 0 0 0 4 0 0 1 0 33 0 0 0 0 0 0 0 0 0 0 0 0 0 5 10 16 23 0 0 0 0 24 21 0 10 0 30 27 29 0 0 7 7 18 0 0 0 8 13 74 8 0 0 0 12 21 0 17 0 25 20 0 19 1 0 0 0 0 0 0 1 0 0 0 0 0 0 0 0 0 0 0 0 0 0 0 0 0 0 0 0 0 0 0 0 11 0 0 1 73 3 12 2 0 0 0 0 0 0 0 0 14 0 0 0 0 0 0 0 0 0 0 0 0 1 8 18 13 0 0 0 
 0 0 0 213 0 0 0 0 0 2 2 0 0 2 0 0 0 0 1 0 37 244 159 132 304 0 35 99 253 108 315 114 35 131 67 137 70 78 251 148 60 83 1 4 1 2 21 30 62 1 3 0 64 1 128 3 63 2 20 127 7 3 0 0 1 3 7 0 0 2 3 4 0 0 0 23 1 38 1 3 0 0 0 0 0 0 0 0 0 0 0 0 0 0 0 0 0 0 0 0 0 1 0 3 5 16 0 0 0 0 2 1 0 0 0 0 0 0 0 0 0 26 36 1 0 0 32 13 1 0 0 11 11 19 7 30 0 10 12 10 0 0 0 2 0 0 0 0 0 1 0 0 0 0 0 0 0 1 7 0 3 0 0 0 0 9 0 0 0 13 0 1 1 0 0 0 0 0 0 5 0 0 11 14 1 8 0 0 19 17 32 0 1 1 20 15 43 10 0 0 22 10 30 28 0 0 11 1 18 0 23 0 6 1 8 0 0 0 0 0 0 0 0 0 0 0 0 0 0 0 0 0 8 0 0 0 0 0 1 0 0 0 18 0 0 0 1 0 0 0 0 0 0 0 12 2 1 75 76 0 0 7 0 0 0 0 0 0 0 0 0 0 0 1 0 0 0 0 0 0 0 0 0 0 1 0 13 0 0 0 
 0 0 2 1 75 175 0 0 0 0 2 74 0 0 0 0 0 0 0 0 159 77 183 113 220 35 0 223 450 413 168 24 103 168 195 97 182 235 411 209 0 0 3 11 0 0 3 0 0 2 0 7 3 0 5 2 0 0 0 0 0 3 0 3 1 53 0 0 0 0 0 2 1 0 0 37 0 6 0 0 0 0 0 0 2 0 2 0 0 27 0 2 0 0 0 0 0 35 0 0 25 11 18 8 28 13 4 29 38 14 9 16 19 16 22 0 17 2 16 0 0 0 2 0 0 0 0 0 0 0 0 0 0 0 0 0 0 0 0 0 0 0 0 0 11 4 0 1 0 10 0 2 2 0 0 1 0 0 17 0 2 0 4 0 35 12 0 0 0 0 1 0 0 0 13 0 0 0 0 0 7 32 1 54 0 9 18 10 31 32 30 11 37 28 0 4 12 14 2 28 0 0 0 1 0 0 0 0 0 0 0 1 18 0 14 0 0 0 8 0 0 0 0 0 0 0 0 0 0 0 0 0 0 0 0 0 0 0 0 0 0 0 0 0 0 0 0 0 0 0 0 0 0 0 3 0 0 5 0 3 3 0 0 0 0 0 0 0 0 0 0 0 0 0 0 0 0 0 0 1 0 22 0 0 0 0 0 0 0 0 
 0 1 0 0 80 74 3 0 0 83 5 64 0 0 0 0 0 0 0 0 265 151 98 67 88 99 223 0 391 340 13 237 108 122 237 131 19 25 46 64 0 3 1 6 1 0 5 0 0 2 5 1 0 0 3 2 0 0 0 0 0 3 0 0 3 1 1 3 0 37 3 2 0 0 0 5 0 3 0 0 0 13 0 0 0 0 0 0 0 0 0 52 0 0 0 0 0 0 0 0 24 17 15 9 13 31 36 36 0 9 1 0 13 4 13 16 26 21 20 26 0 0 0 0 0 0 0 0 0 0 0 0 0 2 0 0 0 0 19 14 0 0 0 0 0 0 0 0 0 5 0 0 0 0 0 0 0 0 1 0 0 0 13 0 30 0 8 0 0 0 0 0 0 0 0 0 0 2 0 0 0 2 8 64 0 29 1 0 1 5 1 10 0 25 96 47 12 22 0 13 13 0 0 0 0 0 0 0 0 0 0 0 22 10 0 0 0 0 0 40 0 0 0 0 0 0 0 0 11 0 0 0 0 0 0 0 0 0 0 0 0 0 38 0 0 0 0 0 0 0 0 0 0 0 10 0 0 6 83 0 0 0 0 0 0 0 0 0 0 0 0 0 0 0 0 0 0 0 0 0 0 22 0 0 0 21 0 0 0 0 
 2 3 2 212 22 174 2 2 5 2 3 3 203 2 2 3 2 2 3 3 201 153 246 382 485 253 450 391 0 465 109 50 164 517 383 103 372 49 246 274 0 0 63 8 0 0 3 0 0 2 0 0 0 0 17 64 0 0 0 0 0 3 0 0 0 0 0 0 0 0 0 2 0 0 0 7 0 3 51 0 0 0 0 1 0 0 0 0 0 0 0 17 0 0 0 1 0 0 0 0 16 36 9 0 25 0 18 17 49 3 12 1 24 73 11 29 16 14 24 14 0 0 0 0 0 0 0 0 0 0 0 0 0 0 6 0 0 0 0 0 0 0 0 0 0 0 0 0 0 2 0 2 0 0 0 0 0 4 1 0 0 0 0 0 16 9 0 0 1 0 8 0 0 0 0 0 0 0 0 0 1 20 0 8 0 32 12 27 19 31 0 1 28 1 18 3 10 16 49 49 0 0 0 0 0 0 0 0 0 0 0 0 0 0 0 0 0 0 18 0 0 0 0 0 0 0 0 0 0 0 0 0 0 0 0 0 0 0 0 0 0 0 1 0 0 0 0 0 0 0 0 0 0 0 0 0 0 1 0 3 2 2 0 0 0 0 2 0 0 0 0 0 0 0 0 0 0 0 0 0 0 1 0 0 0 0 0 0 0 1 
 0 0 0 0 0 0 0 0 0 0 0 0 0 0 0 0 0 0 0 0 398 126 172 258 150 108 413 340 465 0 82 129 157 77 184 348 401 126 280 186 0 0 0 4 0 0 66 0 0 1 0 0 1 3 5 2 0 0 0 0 0 3 0 0 2 1 0 0 0 0 0 2 0 0 0 61 0 3 0 0 0 0 0 0 0 0 0 16 0 0 0 0 0 0 0 0 0 0 0 0 0 1 68 0 0 40 22 13 31 20 26 1 9 15 11 15 17 8 0 32 14 1 0 0 0 0 0 0 1 0 0 0 0 0 0 8 0 0 32 3 0 0 0 0 2 18 2 6 0 0 0 1 0 0 0 0 0 0 6 0 0 0 0 1 0 0 1 0 0 0 0 2 0 0 0 0 1 0 0 0 0 49 10 1 0 4 13 11 30 7 16 31 19 7 48 8 0 25 0 12 0 53 0 0 1 2 0 0 0 0 0 0 10 1 0 0 0 0 10 19 0 0 0 0 0 0 0 0 1 0 0 0 0 0 0 0 0 0 1 0 0 0 0 0 0 0 0 0 0 0 0 0 0 0 13 2 3 1 1 2 4 0 1 0 0 0 2 0 0 0 0 0 0 0 0 0 0 0 0 0 0 12 0 0 0 19 0 0 0 0 
 0 0 1 0 6 0 0 0 0 0 0 0 0 0 0 0 0 0 1 203 129 97 86 59 102 315 168 13 109 82 0 118 78 26 105 78 234 367 294 26 0 0 0 4 0 0 3 0 0 1 0 3 0 3 79 2 0 2 46 2 1 3 0 0 1 25 0 1 0 0 2 2 0 0 0 0 0 3 0 5 0 0 0 0 0 0 0 0 0 1 0 0 1 0 0 0 0 0 0 0 18 44 45 38 26 0 9 17 20 16 29 35 0 0 3 15 0 0 0 10 0 0 8 0 0 0 6 0 7 0 0 0 0 0 1 0 0 0 21 0 0 0 0 2 19 2 0 0 0 0 0 0 0 0 10 0 0 0 2 0 0 0 0 4 0 0 1 0 5 0 0 0 0 0 0 0 1 0 0 0 0 0 18 1 44 12 10 0 32 0 34 25 17 0 19 8 20 20 0 2 0 0 0 0 0 10 0 14 0 0 0 0 20 28 16 0 0 0 20 0 1 0 0 21 0 0 0 0 0 0 0 0 0 0 0 0 0 0 0 0 0 0 0 0 0 0 0 0 0 0 0 0 0 0 7 0 2 155 75 1 11 1 0 0 0 0 14 0 0 0 0 0 0 0 0 0 0 0 0 10 0 0 0 0 0 0 0 0 0 0 
 2 0 0 0 0 1 0 0 1 0 2 0 0 0 1 0 0 2 0 0 246 45 45 277 211 114 24 237 50 129 118 0 23 33 42 36 89 57 32 37 71 74 0 3 0 63 58 0 0 0 0 0 26 54 87 2 62 0 76 87 1 5 2 0 0 1 4 0 0 0 0 2 0 0 0 0 0 3 0 0 0 0 0 0 0 0 0 0 0 0 0 0 0 0 0 0 0 0 0 0 0 0 0 50 33 24 0 0 0 18 3 18 0 0 0 0 0 0 0 0 36 17 18 0 0 0 35 36 37 0 2 0 22 0 29 38 32 9 27 10 0 0 0 0 0 0 0 0 0 0 7 1 0 0 0 0 1 0 1 0 0 0 0 0 0 0 2 19 0 0 0 0 0 0 0 0 0 0 0 0 0 0 0 0 21 2 0 0 0 0 16 22 0 0 0 0 10 0 0 0 0 29 15 36 0 0 14 21 7 19 25 19 17 0 2 4 10 0 41 7 0 0 0 1 0 0 0 19 0 0 0 0 0 0 1 0 0 0 0 0 0 0 0 0 0 0 0 0 0 0 0 0 0 0 13 4 2 0 2 0 2 0 0 0 0 0 0 0 0 0 0 0 0 0 0 0 0 0 0 0 0 0 0 0 9 0 0 0 0 0 
 1 141 87 0 0 3 0 1 72 74 139 75 2 81 0 74 33 20 0 0 47 178 150 68 75 35 103 108 164 157 78 23 0 338 100 52 89 74 132 27 14 8 0 3 0 3 3 0 0 1 73 0 0 4 0 4 2 0 0 0 0 4 0 0 0 4 0 0 0 0 0 2 0 0 0 1 0 7 0 1 0 10 1 14 43 13 0 15 6 9 11 13 0 0 0 7 0 13 0 0 11 0 25 0 1 0 31 0 5 0 7 0 19 20 11 42 0 13 0 18 0 0 0 0 2 0 0 0 0 0 0 8 0 0 0 0 0 0 0 0 0 0 0 0 0 15 0 10 0 0 2 0 0 0 0 0 0 2 0 0 0 1 0 14 0 21 0 0 10 0 10 1 0 0 0 26 15 13 0 0 74 53 11 0 0 0 36 32 12 9 0 0 2 36 12 0 0 0 12 31 0 0 0 0 0 0 0 0 0 0 1 0 1 0 0 0 0 0 0 0 0 0 0 0 8 0 0 0 0 0 0 0 0 0 0 0 0 0 0 0 0 0 0 0 0 0 0 0 63 95 0 0 0 0 10 0 0 2 0 0 0 0 0 0 0 0 0 0 2 0 0 0 0 0 0 2 12 0 0 0 0 0 0 0 0 0 0 0 0 0 
 3 12 4 118 95 162 5 4 3 3 137 76 3 3 3 77 4 24 3 3 111 106 187 301 73 131 168 122 517 77 26 33 338 0 201 47 120 239 89 177 0 0 0 5 0 30 3 0 0 1 65 0 0 0 10 2 0 0 0 0 0 3 0 0 1 0 0 0 0 0 0 2 0 0 0 4 0 3 0 0 0 0 0 17 1 26 0 0 0 34 0 24 0 0 0 15 0 0 0 0 48 13 26 0 0 0 32 50 40 10 0 0 38 45 7 24 0 18 24 18 0 0 0 0 0 0 0 0 0 0 0 0 0 0 0 0 0 15 0 0 0 0 1 0 0 18 0 7 0 0 0 1 0 0 0 0 0 0 10 0 0 2 0 0 30 6 0 0 35 0 0 20 0 0 0 12 0 2 0 0 62 37 0 16 0 0 11 8 28 33 0 1 0 23 28 0 0 1 56 42 1 0 0 0 0 0 0 0 0 0 0 0 0 14 0 2 0 0 0 0 0 0 0 0 0 0 0 0 0 0 0 0 0 0 0 0 0 0 0 0 0 0 0 0 0 0 0 0 0 0 0 0 0 0 9 0 1 0 0 1 0 0 0 0 0 0 0 0 0 0 0 0 0 0 0 0 0 0 0 0 0 0 0 0 0 0 0 0 0 0 
 0 0 0 0 2 62 3 2 0 0 0 78 0 0 0 0 2 0 0 0 281 222 54 692 113 67 195 237 383 184 105 42 100 201 0 262 297 54 160 144 4 0 0 3 0 0 3 0 0 1 3 0 0 5 1 2 0 0 1 0 52 3 0 0 2 1 0 0 0 0 0 2 0 0 0 55 0 3 0 3 0 0 0 0 15 18 0 0 0 0 0 32 0 0 1 0 0 0 0 0 30 17 12 15 11 19 19 11 15 1 36 23 0 14 21 19 10 7 19 10 0 0 0 0 0 0 0 0 0 0 0 0 0 2 0 2 0 0 23 12 0 0 2 0 0 0 0 0 0 2 0 0 0 0 0 0 0 0 6 0 0 1 0 0 0 25 0 0 0 0 0 0 0 0 2 0 0 0 3 0 17 19 45 14 10 0 21 14 60 13 27 16 9 37 39 61 0 77 0 7 2 0 0 0 0 0 0 0 0 0 0 0 19 21 0 1 1 0 0 12 0 0 0 0 0 0 0 17 0 0 0 0 0 0 0 0 0 2 0 0 0 0 0 0 0 0 0 0 0 0 0 0 0 0 15 0 0 149 0 2 2 2 0 0 0 0 14 0 0 0 0 0 0 0 0 0 0 0 0 0 0 14 0 0 0 12 0 0 0 0 
 0 0 0 2 74 74 75 0 2 0 22 0 2 0 0 0 1 0 0 1 64 140 72 497 287 137 97 131 103 348 78 36 52 47 262 0 409 55 38 117 0 0 3 4 0 0 3 0 0 2 0 0 0 0 3 2 0 1 73 0 0 3 0 0 2 1 0 0 0 0 0 2 0 0 0 1 0 3 0 0 0 0 0 0 0 0 0 0 0 13 1 0 0 0 0 0 0 0 0 0 67 15 1 6 12 52 3 38 0 1 10 0 0 0 37 38 59 8 0 2 0 0 0 0 2 0 0 0 0 0 0 0 0 9 0 0 0 0 0 10 6 0 0 1 0 0 0 0 0 4 2 0 0 0 0 0 0 0 1 0 0 0 0 1 15 12 0 0 1 0 0 0 0 0 0 0 0 1 0 0 9 0 18 15 0 13 0 15 0 0 0 25 11 26 29 59 18 21 0 1 20 0 0 0 0 0 0 0 0 0 1 0 12 3 0 0 0 0 0 13 0 17 0 0 0 0 0 41 0 0 0 0 0 0 0 0 0 0 0 0 0 0 13 0 0 0 0 0 0 4 0 0 0 0 7 0 0 7 75 0 16 1 0 0 0 0 0 0 0 0 3 0 0 0 0 0 0 0 0 0 0 18 0 0 0 0 0 0 0 0 
 0 0 0 3 3 76 2 1 1 0 0 0 0 0 0 0 0 1 0 0 167 154 206 264 69 70 182 19 372 401 234 89 89 120 297 409 0 176 193 99 0 0 0 8 0 0 3 0 0 1 0 0 0 0 11 46 0 0 0 0 1 3 0 0 1 46 0 0 0 0 0 2 0 0 0 100 0 35 0 5 0 0 2 0 0 0 0 0 0 0 10 1 0 0 2 0 0 0 0 0 14 33 27 11 36 0 29 8 41 28 33 23 22 18 12 0 12 17 42 15 0 0 0 0 0 0 0 0 0 0 0 7 0 0 0 1 0 0 25 2 2 0 0 0 0 11 0 5 0 1 0 0 0 0 0 0 0 1 8 0 0 0 0 0 0 1 0 0 0 0 0 0 0 0 1 0 0 0 0 0 0 22 18 8 12 11 12 7 46 23 22 20 30 24 14 2 7 40 2 9 0 0 0 0 0 0 0 0 0 0 0 0 21 22 0 0 1 0 4 0 0 0 0 0 0 0 0 0 0 0 0 2 0 0 0 0 0 1 0 0 0 0 0 0 0 1 0 0 0 0 0 0 0 0 11 1 1 150 1 0 79 0 0 0 0 0 13 0 0 0 0 0 0 0 0 0 0 0 0 10 0 24 0 0 0 0 0 0 0 0 
 0 2 0 1 0 0 0 0 87 0 0 0 0 0 0 0 0 0 0 0 40 106 140 114 311 78 235 25 49 126 367 57 74 239 54 55 176 0 111 35 0 0 0 3 0 0 3 0 0 1 62 0 0 32 0 2 0 0 1 0 0 3 0 0 1 49 0 0 0 0 0 2 0 0 0 0 0 3 0 3 0 0 0 0 0 0 16 0 0 0 0 0 0 0 0 0 0 0 0 0 9 19 1 31 11 13 0 1 0 19 11 41 0 0 0 12 0 0 0 0 0 0 40 0 0 0 28 0 0 0 0 0 2 9 0 0 0 0 33 11 0 0 0 4 0 0 0 0 0 3 0 1 0 0 0 0 0 0 0 0 0 0 0 13 0 0 0 0 4 0 0 0 0 0 0 6 0 0 0 0 0 0 8 9 10 13 0 0 8 7 58 6 0 0 1 7 28 32 0 0 15 0 0 0 0 0 10 0 0 0 0 0 19 18 0 0 0 0 7 18 0 0 0 0 0 0 0 0 0 0 0 0 0 0 0 0 0 0 0 0 0 0 12 0 0 73 0 0 0 0 0 0 0 0 13 0 0 74 82 3 2 14 0 0 0 0 12 0 0 0 0 0 0 0 0 0 0 0 0 0 0 0 0 0 0 14 0 0 0 0 
 0 0 37 2 34 154 0 0 73 39 154 154 0 0 0 83 17 0 0 0 122 38 349 74 58 251 411 46 246 280 294 32 132 89 160 38 193 111 0 290 1 0 0 8 0 0 3 0 0 1 0 0 0 3 8 2 0 2 0 0 0 3 0 0 7 0 0 0 0 0 0 2 0 11 0 0 0 3 0 0 18 0 17 9 0 64 0 25 6 1 0 99 0 9 0 7 0 0 0 0 13 0 36 0 15 0 45 19 39 0 28 1 22 27 0 0 0 0 72 21 0 0 0 0 0 0 0 0 0 0 0 0 0 0 0 0 0 0 0 0 0 0 0 0 0 0 0 0 0 0 0 2 0 0 0 0 0 0 0 0 0 0 15 0 0 10 0 10 36 0 20 11 0 0 14 18 0 14 0 0 0 34 0 0 0 5 54 20 46 37 0 1 35 0 29 0 36 4 9 21 0 0 0 0 0 0 0 0 0 0 2 0 0 0 0 0 0 0 0 0 0 0 0 0 0 0 0 0 0 0 0 0 0 0 0 0 0 18 0 0 0 0 0 0 0 0 1 0 0 2 0 0 15 0 27 1 2 1 0 2 3 0 0 0 0 0 0 0 0 0 0 0 0 0 0 0 0 13 0 4 0 0 0 0 0 0 0 0 0 0 
 0 75 77 0 148 75 1 2 24 0 0 1 74 0 0 0 2 1 0 0 124 43 192 120 42 148 209 64 274 186 26 37 27 177 144 117 99 35 290 0 0 0 0 3 0 3 3 0 0 1 0 0 0 0 0 2 0 1 0 0 0 3 0 0 1 1 0 0 0 0 0 2 0 0 0 56 0 3 0 0 0 0 16 0 0 20 0 0 0 25 14 0 0 0 1 0 0 0 0 0 2 1 71 0 9 0 13 12 42 41 29 3 30 26 23 11 14 16 30 31 0 0 0 0 0 0 9 0 0 13 0 0 0 0 0 2 0 0 0 0 0 0 2 0 0 4 0 5 0 0 0 1 0 0 0 0 0 0 5 0 0 1 0 17 0 1 0 1 0 11 0 0 0 0 2 0 0 32 0 0 0 40 0 0 0 21 12 43 73 39 13 24 14 7 29 7 43 19 1 0 2 0 0 0 0 0 0 0 0 0 0 0 1 0 0 1 0 0 0 0 0 0 0 0 0 0 0 0 0 0 0 0 0 0 0 0 0 2 0 0 0 0 0 0 0 0 0 0 0 0 0 0 0 0 11 0 0 78 0 0 2 0 20 0 0 0 5 0 0 0 0 0 0 0 0 0 0 0 0 50 0 27 0 0 0 0 0 0 0 0 
 0 0 0 0 0 0 0 0 0 0 0 4 0 0 0 0 0 0 0 0 0 5 0 30 0 60 0 0 0 0 0 71 14 0 4 0 0 0 1 0 0 122 82 334 252 248 234 211 62 32 90 114 198 109 93 125 109 133 116 105 0 0 0 0 0 1 0 0 0 0 0 0 0 0 0 0 3 0 0 0 0 0 0 0 4 0 0 0 0 0 0 2 0 0 0 0 0 0 0 0 7 0 0 23 17 3 0 0 0 0 4 0 6 0 2 19 0 0 0 0 11 11 9 10 22 13 10 28 26 17 0 13 74 12 47 16 12 23 5 0 0 0 3 0 1 0 0 0 0 0 0 0 2 29 0 0 0 0 10 3 5 0 0 0 0 5 0 0 0 0 0 0 0 0 0 0 0 0 0 0 2 4 3 0 20 10 0 5 0 0 0 0 0 5 2 0 0 0 0 0 7 13 0 11 0 24 18 23 15 0 8 25 4 7 26 65 11 0 0 13 0 0 0 0 0 0 0 0 0 0 0 0 0 0 0 0 0 0 15 0 0 0 0 0 0 0 0 0 0 0 0 6 0 2 0 0 0 0 0 0 0 0 0 0 0 2 0 6 0 5 0 0 0 0 0 0 0 0 0 0 0 0 0 0 0 0 0 0 2 0 
 0 63 0 63 0 2 0 0 0 1 1 1 0 0 0 0 1 62 0 0 0 0 0 5 7 83 0 3 0 0 0 74 8 0 0 0 0 0 0 0 122 0 192 65 53 97 89 162 88 55 262 40 118 48 83 93 320 44 44 142 0 211 3 0 0 1 0 0 0 0 0 56 0 0 3 0 0 0 0 0 0 11 28 0 0 0 0 0 6 14 21 0 0 0 0 0 14 15 4 0 0 0 0 2 0 12 0 0 0 5 5 0 0 0 0 0 0 0 0 0 7 18 18 9 10 0 9 13 10 8 8 0 13 0 1 0 17 0 0 2 0 0 0 0 0 0 0 0 12 0 2 0 1 0 0 0 0 0 8 1 0 0 0 0 0 0 0 0 0 0 0 0 0 0 0 0 0 0 0 0 21 0 0 0 0 10 0 0 0 0 0 5 17 0 0 0 17 0 0 0 0 0 1 17 4 0 0 17 60 15 12 13 0 0 4 0 15 13 11 10 0 0 36 0 0 0 18 0 0 0 0 0 17 0 0 0 0 0 9 0 0 0 0 0 0 0 0 0 0 30 0 14 0 1 0 0 0 0 0 0 0 0 79 0 66 0 0 0 2 0 11 9 0 0 0 0 20 0 0 0 0 0 0 0 19 0 0 0 0 0 
 0 0 0 0 2 0 0 0 0 0 0 0 0 0 0 0 0 0 0 0 0 0 0 0 0 1 3 1 63 0 0 0 0 0 0 3 0 0 0 0 82 192 0 160 143 45 77 153 151 175 168 45 46 53 54 111 102 351 42 30 0 0 0 0 8 0 0 68 0 0 0 6 0 0 0 49 3 0 0 0 0 0 7 0 0 0 0 0 0 0 0 0 0 0 0 0 0 0 0 0 0 0 0 0 0 0 0 0 0 0 0 0 0 0 0 0 0 0 0 0 0 0 0 10 63 23 1 0 14 13 23 24 0 14 0 7 12 0 0 0 0 0 0 0 0 18 0 0 0 0 0 0 0 12 0 0 0 0 10 7 0 0 0 0 0 0 0 0 0 0 0 2 0 0 0 0 0 0 0 4 0 0 0 0 0 0 0 0 0 0 0 0 0 0 0 0 0 0 0 0 0 12 11 6 19 33 0 0 22 8 40 15 0 0 4 21 12 14 0 0 0 0 19 0 0 0 10 0 0 0 0 0 20 9 0 0 0 0 4 0 0 0 2 0 0 0 0 0 0 0 0 9 0 0 0 0 0 0 0 5 0 0 1 65 65 7 1 6 0 0 33 0 0 0 0 6 0 0 0 0 0 0 0 0 0 14 0 0 2 2 
 0 3 0 1 79 63 3 0 0 0 1 59 0 0 1 61 0 0 0 0 9 3 7 3 11 4 11 6 8 4 4 3 3 5 3 4 8 3 8 3 334 65 160 0 88 308 90 74 99 223 55 61 268 84 84 75 114 165 73 47 0 0 0 0 0 6 0 23 34 0 0 0 0 0 57 2 2 1 50 0 0 0 0 1 0 3 12 7 8 10 0 14 0 0 0 0 1 7 0 0 0 4 6 0 17 0 6 10 6 0 0 0 0 0 0 0 1 0 0 0 8 0 19 20 21 29 0 1 12 0 3 11 0 65 1 8 1 0 1 0 13 0 10 0 0 0 0 0 0 11 0 10 0 5 2 0 0 0 12 7 0 19 0 0 0 12 0 0 7 0 0 0 9 0 10 31 0 0 0 0 0 0 0 13 0 4 0 0 0 0 0 0 14 0 0 1 0 0 0 1 0 19 0 0 14 11 8 0 0 0 12 27 0 0 0 11 1 0 0 4 11 7 0 18 5 0 20 0 0 0 0 0 1 1 0 0 0 0 11 0 0 0 0 0 0 1 1 0 0 0 0 9 0 1 0 0 0 0 0 0 0 0 1 0 2 5 0 64 0 0 0 0 0 11 0 0 0 9 0 0 0 9 0 0 15 0 0 12 0 0 
 0 0 0 0 2 0 0 0 0 0 0 0 0 0 3 26 0 0 0 67 0 0 0 0 0 1 0 1 0 0 0 0 0 0 0 0 0 0 0 0 252 53 143 88 0 252 470 140 88 380 285 324 46 287 505 134 63 66 77 77 50 0 0 0 0 2 58 3 0 1 0 0 2 0 0 1 0 0 0 0 0 0 0 0 0 0 0 0 0 0 0 0 0 0 0 22 0 0 0 0 0 0 0 0 0 0 0 0 0 0 0 0 0 0 0 0 0 0 0 0 0 0 0 0 9 20 0 0 0 10 30 0 0 0 0 0 16 0 0 0 0 43 0 15 0 0 28 11 27 14 0 0 26 23 0 9 1 1 0 18 0 0 0 0 0 0 0 0 0 0 0 0 0 0 0 0 0 0 0 0 0 0 0 0 0 0 0 0 0 0 0 0 0 0 0 0 0 0 0 0 0 0 0 0 19 0 0 0 3 22 41 5 0 0 0 0 0 0 0 0 10 1 20 0 2 0 2 2 1 0 0 11 2 11 43 0 10 11 19 13 0 0 0 0 0 0 0 0 0 0 0 1 0 0 0 0 0 0 0 1 0 0 63 0 0 3 53 0 0 3 32 0 0 0 0 0 0 0 0 0 0 0 0 0 10 0 0 0 2 0 
 1 2 2 0 1 30 1 0 3 0 8 6 1 1 0 1 1 5 2 2 0 1 0 1 3 2 0 0 0 0 0 63 3 30 0 0 0 0 0 3 248 97 45 308 252 0 31 67 121 184 82 167 55 260 60 121 64 289 79 79 23 0 0 0 0 1 16 3 0 0 0 0 2 0 0 0 0 0 0 0 0 0 0 0 1 6 0 0 0 0 0 4 0 0 0 0 0 0 0 0 19 0 0 0 0 0 0 0 0 0 0 0 9 7 0 0 0 0 7 0 0 0 0 0 17 13 0 0 0 10 35 0 0 0 0 0 0 8 0 0 23 9 19 20 0 0 37 0 11 12 0 0 38 25 18 1 9 50 0 7 0 0 0 0 5 1 0 44 0 0 0 0 0 0 0 0 0 1 0 0 0 0 0 0 0 0 0 0 0 0 0 0 0 0 0 0 0 0 0 0 0 0 0 0 19 0 0 0 10 18 31 18 0 0 0 0 0 0 0 0 18 2 21 0 2 0 12 5 15 25 0 34 12 14 8 0 0 10 20 16 0 0 0 0 0 0 0 0 0 0 0 13 0 2 0 0 0 0 0 1 0 0 1 0 1 0 6 0 1 5 14 0 0 0 0 0 0 0 0 0 0 0 0 0 1 0 0 0 2 0 
 2 2 2 2 5 2 2 2 2 2 11 2 2 2 2 2 2 2 2 2 3 3 68 112 80 21 3 5 3 66 3 58 3 3 3 3 3 3 3 3 234 89 77 90 470 31 0 116 45 40 62 34 128 49 230 26 22 40 441 172 3 0 2 0 0 0 13 0 3 2 8 0 3 1 0 0 1 0 20 3 0 0 0 0 0 0 0 0 0 0 0 0 0 0 10 0 0 0 0 0 0 0 0 36 29 16 0 0 0 0 13 0 0 0 0 19 15 0 0 0 8 18 0 10 2 0 10 18 11 18 0 0 23 7 31 18 14 0 34 11 1 0 0 0 0 0 0 0 0 0 6 0 0 5 0 0 0 5 0 1 0 0 0 10 0 0 0 0 0 0 0 0 0 0 0 0 0 0 0 0 0 0 0 0 13 6 0 0 0 0 11 0 0 0 0 0 10 0 0 0 22 15 10 10 0 14 15 2 0 31 2 12 25 0 22 26 8 0 1 10 3 3 0 1 3 0 0 8 0 0 0 0 7 12 1 0 0 0 1 14 0 0 0 0 0 0 0 0 0 0 0 6 0 0 0 0 1 0 0 0 2 0 2 0 0 2 2 0 2 0 0 0 0 0 0 0 0 0 0 0 0 0 3 0 0 0 13 0 2 0 
 2 2 2 3 2 2 2 3 2 8 2 4 2 2 2 2 2 2 2 2 1 0 0 0 3 30 0 0 0 0 0 0 0 0 0 0 0 0 0 0 211 162 153 74 140 67 116 0 244 17 108 72 171 192 411 360 116 325 59 124 21 0 3 0 0 0 0 19 0 0 0 0 3 0 8 0 5 0 0 0 0 0 0 0 0 0 0 0 0 0 0 0 0 0 0 0 0 0 0 0 0 0 0 0 10 0 0 13 0 0 0 0 0 0 0 0 0 0 0 0 0 0 13 0 30 95 13 13 30 10 11 36 36 19 25 0 6 23 0 1 0 5 7 0 0 0 0 0 0 0 0 0 0 1 0 0 0 0 1 19 13 0 0 0 0 0 0 0 7 0 0 1 0 0 0 0 0 0 0 5 0 0 0 0 0 0 0 0 0 0 0 0 0 0 0 0 0 0 0 0 21 18 39 13 9 9 7 3 55 58 21 27 0 1 3 0 0 35 0 2 0 0 15 0 0 0 11 0 0 0 7 0 23 11 0 0 0 9 28 0 0 0 0 0 0 0 0 0 0 0 0 13 0 0 0 0 0 0 0 0 0 0 1 0 66 0 0 0 0 0 11 0 0 0 2 0 0 0 0 0 0 0 0 0 0 10 0 8 2 0 
 0 0 0 0 0 0 0 0 0 0 0 0 0 0 0 0 0 0 0 0 0 0 0 1 0 62 0 0 0 0 0 0 0 0 0 0 0 0 0 0 62 88 151 99 88 121 45 244 0 116 123 30 167 181 243 76 193 182 148 191 0 16 57 1 0 0 0 0 5 0 0 0 0 0 8 0 0 0 28 4 0 0 0 0 0 0 0 0 0 0 0 0 2 0 0 0 0 0 0 0 0 0 0 0 35 6 0 0 0 17 2 0 0 0 0 0 0 0 0 0 4 0 22 29 10 11 12 10 12 9 37 11 28 11 7 2 30 40 0 19 0 0 0 0 0 0 0 11 8 0 8 0 24 0 21 0 0 0 0 3 5 0 0 0 0 0 0 0 0 0 0 0 0 0 0 0 0 0 0 1 0 0 0 0 10 0 0 0 0 0 0 0 0 0 0 0 0 0 0 0 0 0 2 0 23 9 0 13 27 15 2 29 2 0 0 0 19 19 0 11 0 0 18 2 0 2 12 0 0 0 0 9 14 31 5 8 0 0 10 0 0 0 0 0 0 0 0 0 0 0 0 9 0 1 0 0 0 0 0 1 0 0 67 0 1 0 2 0 0 0 14 0 0 0 0 0 0 0 0 0 0 0 0 0 10 0 0 0 2 0 
 0 0 0 2 66 63 0 0 0 0 1 60 0 0 0 61 0 0 4 0 2 1 2 1 0 1 2 2 2 1 1 0 1 1 1 2 1 1 1 1 32 55 175 223 380 184 40 17 116 0 92 142 32 77 300 84 46 78 89 87 55 0 0 0 0 4 51 52 0 0 0 0 0 0 56 7 21 5 0 0 0 0 45 0 0 1 28 15 20 8 0 0 0 0 0 0 0 12 0 0 0 0 0 0 0 0 0 0 0 0 54 0 0 0 0 0 0 0 2 0 0 8 13 1 0 8 2 0 6 20 0 1 0 15 1 14 20 0 0 6 24 0 1 0 0 0 8 0 7 10 0 1 0 13 9 0 0 0 0 0 0 14 0 0 0 39 0 0 13 0 0 0 12 0 9 3 0 0 0 0 0 0 0 0 0 0 0 0 0 0 0 0 20 0 0 0 0 0 0 0 0 2 6 4 46 18 3 0 0 10 0 2 0 0 7 10 2 0 0 0 36 10 0 0 10 0 7 0 0 0 7 0 12 7 0 0 1 0 9 16 0 0 11 0 20 0 2 0 0 0 0 4 0 0 0 0 0 2 0 15 0 0 1 0 0 4 0 67 0 0 0 0 0 0 0 0 0 23 0 0 0 0 0 0 11 13 0 9 1 0 
 3 3 3 3 3 3 5 3 3 3 6 3 3 3 3 3 3 3 3 3 0 0 0 0 0 3 0 5 0 0 0 0 73 65 3 0 0 62 0 0 90 262 168 55 285 82 62 108 123 92 0 101 30 241 148 188 193 434 62 125 0 0 0 0 0 2 2 0 0 0 0 0 0 0 2 0 0 0 50 51 0 0 0 0 0 0 0 0 0 0 0 0 0 0 0 0 0 0 0 0 0 0 0 0 0 0 0 0 0 0 0 0 0 0 0 0 0 0 0 0 0 1 0 5 31 35 0 0 18 0 1 37 0 6 22 0 1 18 0 0 0 0 0 0 0 0 1 0 3 0 0 0 0 2 0 13 0 0 11 34 8 0 0 0 0 0 0 0 0 0 0 5 0 0 0 0 0 0 0 0 0 0 0 0 0 1 0 0 0 0 0 0 0 0 0 0 0 0 0 0 6 52 18 0 12 2 9 0 10 23 10 16 0 0 18 4 10 50 0 0 0 0 0 0 0 0 20 0 0 16 0 0 15 32 1 0 0 0 34 0 0 0 0 0 0 0 0 0 0 0 0 2 0 0 0 0 0 0 0 0 0 0 1 3 1 26 2 0 0 0 0 0 0 0 0 0 0 0 0 0 0 0 0 0 1 0 0 0 2 0 
 0 0 0 0 3 0 0 0 0 0 1 0 0 0 0 0 0 0 0 0 0 4 0 0 0 0 7 1 0 0 3 0 0 0 0 0 0 0 0 0 114 40 45 61 324 167 34 72 30 142 101 0 29 204 107 89 161 303 236 30 54 0 11 0 0 2 56 0 0 0 2 0 6 5 0 0 0 7 0 0 0 0 0 0 0 0 0 0 0 0 0 0 0 0 0 0 0 0 0 0 0 0 0 0 0 0 0 0 0 0 0 0 0 0 0 0 0 0 0 0 18 0 0 0 1 42 0 9 36 0 10 17 0 7 8 0 0 10 0 1 5 37 13 11 0 0 18 10 7 24 0 0 32 19 0 0 0 0 0 29 0 0 0 0 0 0 0 0 0 0 0 0 0 0 0 0 0 0 0 0 0 0 0 0 0 0 0 0 0 0 0 0 0 0 0 0 0 0 0 0 22 12 14 1 0 0 22 0 9 32 29 10 0 22 0 0 0 15 0 0 10 5 0 0 2 0 0 0 1 0 0 9 0 12 0 0 0 15 89 13 0 0 0 0 0 0 0 0 0 0 0 13 0 0 0 0 0 0 0 17 0 0 6 4 0 5 0 0 2 0 0 0 0 0 0 0 0 0 0 0 0 0 0 0 0 0 0 0 2 0 
 6 0 0 64 0 0 5 0 0 0 0 0 0 0 0 0 0 0 0 45 0 0 0 65 0 64 3 0 0 1 0 26 0 0 0 0 0 0 0 0 198 118 46 268 46 55 128 171 167 32 30 29 0 120 377 36 185 124 131 62 1 11 1 0 0 1 0 0 0 0 0 0 0 0 3 0 0 0 0 0 6 0 0 0 0 0 0 0 0 0 0 0 0 6 0 0 0 0 0 5 0 0 0 18 9 1 0 0 0 0 0 0 0 0 0 1 0 0 0 0 34 17 26 23 0 0 15 39 18 7 10 0 69 23 20 34 20 14 0 10 0 0 49 0 0 0 0 0 0 0 0 0 20 0 0 0 0 0 1 0 4 0 17 0 0 0 0 2 26 0 0 0 16 6 4 0 0 0 6 1 0 0 0 0 13 13 0 0 0 0 0 0 0 0 0 0 0 0 0 0 9 9 0 36 0 2 14 19 20 0 20 14 8 7 0 9 27 0 11 38 0 0 0 0 0 0 0 0 0 0 0 0 0 0 0 0 0 11 0 0 0 0 0 0 0 0 0 0 0 0 0 19 0 0 0 0 0 0 0 2 0 0 0 0 2 0 1 0 0 0 0 0 0 0 0 0 0 0 0 0 0 0 0 0 0 0 0 0 0 0 
 0 0 0 0 0 0 0 0 0 0 0 1 0 0 0 0 0 1 0 0 62 0 1 63 2 1 0 0 0 3 3 54 4 0 5 0 0 32 3 0 109 48 53 84 287 260 49 192 181 77 241 204 120 0 418 178 116 160 104 79 2 3 0 0 0 1 0 0 0 6 0 52 2 0 4 0 0 0 0 0 0 4 0 0 0 0 0 0 0 0 0 0 0 0 12 0 1 0 3 0 1 0 0 12 0 0 0 0 0 0 7 0 1 0 3 0 0 0 0 6 31 15 0 17 2 7 0 54 7 11 10 0 6 0 12 14 0 13 0 15 0 0 5 0 0 0 0 0 0 0 0 0 30 0 0 9 0 0 12 5 0 0 0 0 0 0 0 0 0 0 0 34 0 0 0 0 0 0 0 0 3 5 9 0 29 0 6 0 9 0 0 0 2 0 4 0 0 0 0 3 39 20 13 14 12 1 10 3 9 10 13 1 37 13 6 19 1 26 0 0 0 0 0 0 0 0 0 0 0 0 0 0 13 0 0 0 0 0 24 0 0 0 0 0 0 63 0 0 0 0 0 6 0 1 0 0 0 0 0 13 0 0 1 70 0 1 0 0 0 0 0 0 0 0 0 0 0 0 0 0 0 0 0 0 0 0 0 0 0 0 
 0 0 0 0 4 1 0 0 0 0 0 0 62 0 0 0 0 7 3 0 46 0 2 66 64 128 5 3 17 5 79 87 0 10 1 3 11 0 8 0 93 83 54 84 505 60 230 411 243 300 148 107 377 418 0 176 53 44 390 480 0 1 0 0 0 1 0 0 3 0 0 0 0 0 6 0 0 0 0 1 0 0 0 0 0 0 0 0 0 0 0 0 0 0 0 0 0 0 0 0 0 18 5 0 64 22 16 11 3 0 8 19 0 0 0 0 4 0 9 0 11 30 26 0 1 1 41 14 14 0 16 0 33 10 34 7 14 25 22 11 0 0 0 0 0 0 7 0 0 0 10 1 14 0 0 0 0 0 0 0 15 0 0 0 0 0 0 0 0 0 0 0 0 0 0 0 0 0 0 0 0 1 1 3 17 25 0 0 0 0 0 0 5 0 0 34 0 0 0 5 0 22 0 21 0 0 0 26 28 36 24 14 14 0 12 7 2 4 5 10 0 0 0 0 0 0 0 0 0 0 0 0 0 0 0 0 0 0 0 0 0 0 0 0 0 0 0 0 0 0 0 15 0 2 0 0 0 0 0 23 0 0 0 0 1 4 0 0 0 0 0 0 0 0 52 0 0 0 0 0 0 0 0 6 0 0 0 0 2 0 
 2 3 3 5 3 2 2 2 3 2 3 2 2 2 67 2 2 3 3 68 2 3 2 2 4 3 2 2 64 2 2 2 4 2 2 2 46 2 2 2 125 93 111 75 134 121 26 360 76 84 188 89 36 178 176 0 176 214 28 139 0 2 5 0 0 2 0 0 5 0 0 0 0 0 0 0 0 0 3 0 0 0 0 0 0 0 0 0 0 0 0 0 0 0 0 0 0 0 0 0 0 0 8 0 0 0 0 0 0 0 0 0 0 0 0 0 0 0 0 0 13 10 0 10 14 15 1 6 20 20 0 10 0 7 6 0 0 10 0 0 0 0 5 5 0 0 30 4 1 2 7 0 55 0 59 19 0 0 11 23 27 0 0 0 0 0 0 0 0 0 0 4 0 0 0 0 0 0 0 0 0 0 0 0 0 1 0 0 0 0 0 0 0 0 0 0 0 0 0 0 38 30 28 32 6 0 7 0 21 34 11 10 0 32 0 14 0 56 0 0 0 0 1 5 0 3 3 0 36 0 0 4 33 3 3 7 0 0 24 1 0 0 0 0 0 0 0 0 0 0 0 7 0 1 0 0 0 0 0 9 0 0 0 64 5 2 2 0 2 0 0 0 0 0 0 0 0 0 0 0 0 4 0 0 0 0 0 0 0 0 
 65 0 0 0 0 0 0 0 0 0 3 0 0 0 0 0 0 0 0 0 0 0 0 0 0 63 0 0 0 0 0 62 2 0 0 0 0 0 0 0 109 320 102 114 63 64 22 116 193 46 193 161 185 116 53 176 0 148 118 123 0 6 5 0 0 3 2 2 0 0 0 0 0 0 5 0 10 0 28 0 0 0 0 0 0 0 0 0 0 0 0 0 0 0 0 0 0 0 0 0 0 0 0 0 10 14 0 0 0 0 0 0 0 0 0 0 0 0 0 0 20 0 29 35 1 32 9 10 10 0 11 12 38 9 7 2 31 7 0 0 0 0 7 0 0 0 0 0 0 0 0 0 23 0 10 0 0 0 0 4 3 0 0 0 0 0 0 0 0 0 0 16 0 0 0 0 0 0 0 0 0 0 0 0 10 0 0 0 0 0 0 0 0 0 0 0 2 0 0 0 17 0 29 38 1 18 0 29 9 0 0 24 0 6 0 8 17 7 12 34 0 0 0 0 0 0 6 0 0 0 0 0 11 17 0 0 0 0 16 0 0 0 0 0 0 0 0 0 0 0 0 25 0 0 0 0 0 0 0 13 0 0 0 1 0 0 1 0 0 0 0 0 0 0 0 0 0 0 0 0 0 0 0 0 0 0 0 0 1 0 
 3 3 3 5 3 3 3 2 3 3 3 3 3 3 3 3 3 3 4 3 0 0 0 0 0 2 0 0 0 0 2 0 0 0 0 1 0 0 2 1 133 44 351 165 66 289 40 325 182 78 434 303 124 160 44 214 148 0 49 268 3 0 0 3 0 3 0 2 0 0 2 0 51 0 4 12 2 10 51 8 0 8 0 0 0 0 0 0 0 0 0 0 0 0 0 0 0 0 0 0 0 0 0 0 0 0 0 0 0 0 0 0 0 0 0 0 0 0 0 0 24 1 9 57 16 32 0 2 9 0 19 22 41 8 11 16 11 0 0 0 0 2 27 0 9 0 0 0 4 0 0 0 31 10 16 22 10 0 12 13 0 0 19 0 0 0 0 0 0 0 0 19 0 0 0 0 0 0 0 3 0 0 0 0 0 4 0 0 0 0 0 0 0 0 0 0 0 0 0 0 3 17 33 19 10 27 10 0 1 1 11 13 0 3 53 30 11 31 0 19 0 0 4 0 0 0 11 0 0 14 0 0 0 1 0 0 0 0 11 0 0 0 0 0 0 0 0 0 0 0 0 6 0 0 0 0 0 0 0 14 0 0 2 66 3 25 0 0 2 0 0 0 0 0 0 0 0 0 0 0 0 0 0 0 9 0 0 10 1 0 
 0 0 0 0 4 0 0 0 0 0 3 0 0 0 0 0 0 0 2 0 0 0 0 2 35 20 0 0 0 0 46 76 0 0 1 73 0 1 0 0 116 44 42 73 77 79 441 59 148 89 62 236 131 104 390 28 118 49 0 229 0 0 0 0 2 0 0 0 0 0 0 0 3 0 0 0 0 0 0 0 0 0 0 0 0 0 0 0 0 0 16 0 0 0 0 0 0 0 0 0 0 0 0 0 7 0 0 0 0 0 0 10 0 0 0 7 16 7 0 0 0 17 19 1 6 2 23 16 15 4 2 9 14 19 32 8 1 3 8 13 0 0 0 0 0 0 0 0 0 0 8 0 0 2 9 0 0 2 0 0 4 0 0 0 0 0 0 0 0 0 0 1 0 0 0 0 0 0 0 8 0 0 0 8 25 11 0 0 0 0 0 0 0 0 0 18 0 0 0 0 3 5 1 6 0 2 0 44 21 6 6 1 0 7 31 1 17 0 23 3 1 1 23 0 3 0 0 2 0 0 0 0 4 0 0 0 0 0 2 3 0 0 0 0 0 0 0 0 0 0 0 14 0 0 0 0 0 0 0 0 0 0 0 0 0 0 5 2 0 0 0 0 0 0 0 0 0 0 0 0 0 0 1 0 0 0 0 0 2 0 
 0 0 0 3 1 0 0 0 0 0 13 0 0 0 0 0 0 0 0 0 0 0 0 2 19 127 0 0 0 0 2 87 0 0 0 0 0 0 0 0 105 142 30 47 77 79 172 124 191 87 125 30 62 79 480 139 123 268 229 0 0 2 0 0 0 1 0 0 0 0 0 0 0 0 4 0 0 0 0 0 0 0 0 0 0 0 0 0 0 0 0 0 0 0 0 0 0 0 0 0 11 0 0 0 52 18 0 0 0 0 1 11 0 0 0 11 0 0 0 0 10 25 30 11 31 0 26 19 46 0 10 0 28 16 21 11 21 10 6 14 0 0 0 0 0 0 0 0 0 0 4 0 10 0 0 0 0 0 2 0 5 0 0 0 0 0 0 0 0 0 0 0 0 0 0 0 0 0 0 1 0 0 0 0 20 29 0 0 0 0 0 0 0 0 0 0 0 0 0 0 0 4 0 26 0 1 0 31 36 16 1 15 0 0 11 9 21 9 31 27 0 0 0 0 0 0 0 0 0 0 0 0 0 0 0 0 0 0 0 0 0 0 0 0 0 0 0 0 0 0 0 6 0 0 0 0 0 0 0 0 0 0 0 0 64 0 0 0 1 0 0 0 0 0 0 0 0 0 0 0 0 0 0 0 0 0 0 0 1 0 
 0 0 0 0 1 0 0 0 0 0 0 0 0 0 0 0 0 0 0 0 0 0 2 0 51 7 0 0 0 0 1 1 0 0 52 0 1 0 0 0 0 0 0 0 50 23 3 21 0 55 0 54 1 2 0 0 0 3 0 0 0 52 116 65 53 46 105 129 82 106 34 39 126 154 142 123 332 145 60 121 0 0 0 0 0 17 0 0 0 0 0 1 0 0 0 0 0 0 0 0 0 0 0 22 0 0 0 12 0 0 39 0 0 0 0 0 0 0 0 0 0 18 0 0 0 0 4 0 0 7 0 0 1 0 0 0 0 0 0 0 23 9 11 0 23 0 2 14 35 7 4 0 15 15 1 11 11 19 0 17 0 0 0 30 0 0 0 0 0 0 0 0 0 0 0 0 0 0 8 0 0 0 0 0 15 0 0 0 0 0 15 0 0 0 0 0 15 0 0 0 7 0 4 0 0 0 0 0 0 0 0 0 0 0 0 0 0 0 0 0 8 10 23 10 0 16 25 25 38 52 18 14 0 0 0 11 19 20 14 25 1 0 0 0 0 0 0 0 0 0 0 0 0 0 7 0 0 0 0 0 0 0 0 2 0 0 0 0 0 0 18 0 0 0 0 0 0 0 0 0 0 0 0 0 0 0 2 0 0 0 
