 0 115 392 50 40 31 428 145 67 55 39 195 264 146 54 39 22 31 136 388 1 0 2 3 1 6 4 2 0 0 3 0 1 0 8 0 0 0 1 1 0 0 0 11 1 0 0 0 2 0 0 9 0 9 1 2 0 64 6 0 0 2 0 0 1 0 0 6 0 0 2 0 0 5 2 0 0 0 2 0 8 11 3 20 0 5 9 26 0 0 13 8 8 32 30 15 6 19 29 16 9 0 0 0 0 0 0 0 0 0 0 0 18 0 0 0 0 0 0 9 0 0 0 0 0 0 0 0 0 0 2 0 0 0 0 0 0 0 0 0 0 0 0 0 0 14 0 0 4 0 0 0 0 0 0 0 0 0 0 0 9 25 1 0 20 4 0 18 11 35 3 19 23 21 18 0 0 0 8 10 0 0 0 0 0 0 0 0 0 0 0 0 0 0 0 0 0 0 0 0 0 0 0 0 0 0 0 0 0 0 0 0 0 12 0 0 0 0 0 0 0 0 0 0 0 0 0 0 0 3 0 0 0 0 2 0 0 0 0 0 0 1 0 0 0 0 0 0 0 88 0 11 0 0 1 0 0 0 0 0 0 0 18 0 0 0 0 0 0 0 0 0 0 0 0 0 11 0 0 0 0 0 0 0 0 0 0 0 0 0 
 115 0 181 350 117 38 205 372 56 371 26 123 88 42 158 293 121 43 63 66 0 0 0 3 1 3 5 3 0 0 4 0 79 1 2 0 0 0 2 25 0 0 0 0 0 0 0 0 0 0 0 0 0 3 70 0 0 3 0 0 0 3 0 0 3 0 0 0 0 0 0 0 0 1 2 1 2 0 0 0 19 16 15 23 0 43 2 0 2 12 28 12 15 0 13 0 0 18 0 20 0 1 0 0 0 0 0 0 0 0 0 0 21 1 1 0 0 0 0 10 0 0 0 0 0 0 0 0 2 0 2 0 0 0 0 0 0 0 0 0 2 1 0 6 0 0 0 0 2 0 6 17 0 0 0 0 0 0 0 0 10 21 16 59 11 6 12 8 2 10 2 0 2 0 10 0 10 0 0 8 0 0 0 0 0 0 47 0 22 0 0 0 5 11 0 0 0 0 0 0 0 0 0 0 0 0 0 0 0 0 0 0 0 0 0 0 0 0 0 0 0 0 0 0 0 0 1 0 0 0 0 0 0 0 2 45 0 0 0 0 0 0 0 0 0 1 1 0 0 90 1 0 14 0 0 0 0 0 0 0 0 0 0 0 0 0 0 0 0 0 0 0 0 1 0 0 25 0 0 0 0 0 0 0 0 0 0 0 0 0 
 392 181 0 102 375 114 82 178 247 124 227 279 75 254 206 61 151 151 27 356 0 0 0 3 1 82 3 1 0 3 3 0 28 0 5 0 0 0 26 0 0 0 0 0 0 0 0 0 61 0 0 3 0 3 0 0 0 3 0 0 0 2 0 0 1 0 0 0 0 0 0 0 0 0 2 0 0 3 0 0 16 41 20 7 31 20 0 12 21 63 63 46 0 10 0 26 29 11 0 18 1 0 0 0 0 0 8 0 0 0 0 0 28 0 38 0 2 0 14 3 4 0 0 0 0 0 11 0 4 0 0 1 0 0 0 0 0 11 0 0 0 1 0 0 0 0 0 0 0 0 0 0 0 0 0 0 0 0 0 0 19 36 0 44 4 6 13 10 32 10 35 9 12 13 0 15 1 34 9 0 9 0 0 0 0 0 0 0 0 0 0 0 0 0 0 1 0 0 20 21 0 0 0 0 0 0 0 1 0 0 0 0 0 1 0 0 0 0 0 2 0 0 0 0 0 0 0 0 0 0 0 1 0 0 0 0 0 0 0 0 0 0 0 0 1 4 16 0 91 3 0 5 0 0 0 0 0 0 0 0 0 0 0 0 0 0 0 0 0 0 0 0 0 0 0 2 0 0 0 0 0 0 0 0 0 0 0 0 0 0 
 50 350 102 0 177 131 142 399 253 483 294 130 53 103 71 53 203 76 84 68 0 0 3 3 2 3 78 2 0 0 6 0 94 75 1 0 0 0 3 8 2 3 0 2 0 0 3 0 100 0 0 2 0 5 0 0 0 3 0 0 0 2 0 0 1 2 0 37 0 0 0 0 2 0 2 7 0 0 3 0 0 0 0 8 22 33 0 0 26 26 9 39 0 0 0 0 17 6 0 0 1 10 16 0 0 0 0 14 0 0 0 0 0 25 27 11 0 0 22 40 0 0 0 2 0 0 0 1 0 0 0 0 0 0 0 0 0 0 0 0 0 0 0 0 0 0 0 0 0 0 0 0 0 16 0 0 0 0 0 0 0 0 0 0 24 30 0 0 0 0 1 0 11 0 0 0 2 54 0 0 10 0 0 0 0 0 19 0 0 0 0 1 39 19 11 0 1 2 52 7 12 0 0 0 0 0 0 0 0 0 0 0 0 0 0 1 0 0 0 0 23 0 0 0 0 0 0 0 0 0 0 0 0 0 0 0 0 0 0 20 0 2 0 0 0 2 47 0 2 0 18 4 1 0 0 0 0 0 0 0 0 0 0 0 0 0 0 0 0 0 0 0 0 0 0 0 0 0 0 0 0 0 0 0 0 0 0 0 0 0 
 40 117 375 177 0 75 76 72 72 389 398 209 87 76 86 266 136 303 52 292 0 2 0 3 252 3 3 0 47 0 3 3 220 84 2 74 2 0 75 150 0 0 0 2 0 0 0 0 1 0 2 5 0 3 0 2 0 5 0 0 0 2 0 3 0 0 2 0 0 0 0 1 2 0 2 0 0 0 0 0 0 0 0 34 13 46 0 2 54 13 0 11 0 12 10 13 0 29 0 0 23 0 8 1 0 0 26 8 0 0 0 0 33 9 62 0 7 0 10 0 2 0 0 0 1 0 0 0 0 0 0 0 0 0 0 0 2 0 0 0 0 0 0 2 0 0 0 0 0 0 0 0 0 0 0 0 0 0 1 0 0 0 22 39 26 24 1 0 43 0 0 29 4 0 1 0 10 12 0 0 0 7 14 0 0 0 17 0 19 0 0 0 28 1 11 10 0 0 0 0 0 0 0 0 0 0 0 0 0 0 0 0 0 0 2 0 0 0 0 0 0 0 0 0 1 0 0 0 0 0 0 0 0 0 0 0 0 0 0 0 0 0 0 0 0 4 9 0 2 85 1 13 15 0 0 0 0 0 0 0 0 0 0 0 0 0 0 0 0 0 0 0 0 0 0 8 12 0 0 0 0 0 0 0 0 0 0 0 0 0 
 31 38 114 131 75 0 40 28 149 59 145 246 30 55 78 70 53 85 44 70 76 34 0 3 1 3 77 1 0 0 3 0 1 150 2 2 75 0 149 73 0 0 0 0 0 0 0 0 2 0 0 3 0 3 0 2 0 3 0 0 0 2 0 0 1 0 0 0 0 0 0 56 0 0 2 0 0 0 0 0 0 0 0 21 62 16 0 0 27 0 1 35 2 0 0 1 15 1 2 1 34 9 9 0 0 0 1 19 54 0 17 6 53 59 27 89 0 0 22 59 0 0 0 0 0 0 0 0 0 0 0 0 0 0 0 0 0 1 0 0 0 2 0 0 0 0 0 0 0 0 0 0 0 0 0 0 0 0 8 0 0 0 0 0 29 24 0 0 0 0 0 5 1 2 0 13 0 22 2 1 25 9 5 0 0 0 54 22 0 14 0 0 45 20 10 0 1 12 58 13 0 0 0 0 0 0 0 0 0 0 0 0 0 0 0 0 0 1 2 0 0 0 0 0 0 0 0 0 0 0 0 0 0 0 0 0 0 0 0 0 0 0 0 0 0 0 43 0 4 85 16 15 0 0 0 0 0 0 0 0 0 0 0 0 0 0 0 0 0 0 0 0 0 0 0 13 0 0 0 0 0 0 0 0 0 0 15 0 0 0 
 428 205 82 142 76 40 0 459 72 31 249 93 220 549 422 48 35 151 66 47 3 3 0 3 6 3 4 171 0 1 3 0 0 0 5 0 2 0 0 0 0 0 0 0 0 0 0 0 3 3 2 0 0 3 0 0 3 3 6 0 44 3 0 0 3 0 0 0 3 0 0 1 2 2 2 0 0 0 1 0 19 19 24 1 0 20 34 24 18 0 39 0 29 5 39 12 25 1 150 35 1 0 0 0 0 0 0 0 0 0 1 0 14 0 0 2 2 0 13 0 0 0 0 0 0 14 0 0 0 0 0 0 0 0 0 0 0 0 0 0 0 1 0 0 0 0 0 0 0 0 0 0 0 0 0 0 0 0 0 0 7 0 0 0 8 2 47 25 0 32 0 0 5 31 34 0 10 19 6 17 0 0 0 0 0 0 0 0 0 0 0 0 0 0 0 0 0 0 0 0 0 0 0 0 0 0 0 1 0 0 0 0 0 11 0 0 0 0 0 2 0 0 0 0 0 0 0 0 0 0 0 1 0 0 0 0 0 0 0 0 0 0 0 0 2 0 2 0 2 48 0 7 0 0 0 0 0 0 0 0 0 0 10 0 0 0 0 0 0 0 0 0 0 0 0 0 8 11 0 0 0 0 0 0 0 0 0 0 0 0 
 145 372 178 399 72 28 459 0 188 226 207 250 185 170 138 141 213 131 60 51 5 0 0 3 1 3 5 2 0 2 6 0 120 0 5 80 1 1 74 3 3 0 0 0 0 0 0 0 0 0 0 3 0 6 0 89 0 3 2 0 0 3 0 1 1 3 0 3 33 3 0 0 0 0 5 40 0 0 1 0 19 27 22 0 0 9 10 0 7 66 14 13 20 10 0 0 25 0 24 11 0 0 0 2 0 0 0 0 9 0 0 0 0 0 0 0 0 0 1 0 0 0 0 0 0 0 0 0 0 0 2 0 0 0 0 0 0 0 0 0 0 2 0 0 0 30 0 0 0 0 0 0 0 0 0 0 0 0 0 0 0 33 3 14 3 1 10 6 0 50 1 0 0 0 0 0 1 0 11 10 0 0 0 0 0 0 0 0 0 0 0 0 0 17 0 0 0 1 0 11 12 0 0 0 0 0 0 0 2 0 0 0 0 11 0 0 0 0 0 0 0 0 0 0 0 0 0 0 0 0 0 0 0 0 0 0 0 0 0 0 0 1 0 0 0 2 88 0 0 88 0 12 5 0 2 0 1 0 0 0 0 0 0 0 1 0 0 0 0 0 0 0 0 0 0 0 7 0 0 0 0 0 0 18 0 0 0 0 0 0 
 67 56 247 253 72 149 72 188 0 264 213 30 68 92 182 187 149 130 249 135 0 1 2 7 1 4 3 1 2 1 3 0 34 1 5 0 0 0 6 0 0 2 3 0 0 0 0 0 62 0 3 3 0 9 0 2 5 13 3 0 2 3 0 0 5 0 0 3 0 5 0 0 0 0 2 34 0 0 1 3 0 0 0 24 21 19 18 1 0 101 19 18 1 0 22 47 0 23 17 0 13 0 2 0 0 0 0 23 2 0 2 0 23 1 36 3 2 0 16 36 0 0 0 0 0 14 0 0 0 0 0 0 0 0 0 0 0 11 0 0 0 0 0 0 0 0 0 0 0 0 0 0 0 0 0 0 0 0 1 12 16 14 0 0 26 7 11 20 12 12 33 10 0 1 41 19 22 0 0 0 34 0 0 0 0 0 28 0 0 0 0 0 1 17 0 0 0 0 0 5 0 0 0 0 0 0 0 0 0 0 0 0 0 0 0 0 15 0 0 2 0 0 0 0 0 0 0 0 0 0 0 1 0 0 0 0 6 0 0 0 0 16 0 0 2 0 2 0 2 0 0 10 31 0 0 0 0 0 0 0 0 0 0 0 0 0 0 0 0 0 0 0 0 0 0 12 0 0 0 0 0 0 0 0 0 0 0 0 0 0 
 55 371 124 483 389 59 31 226 264 0 184 74 28 93 203 357 236 52 202 183 3 0 0 3 1 3 3 1 0 0 3 0 74 0 2 0 0 0 2 189 0 0 0 0 0 0 0 0 30 0 0 0 0 3 0 1 0 3 0 0 0 2 0 0 0 0 0 0 0 0 0 0 0 0 2 3 0 0 0 0 14 0 1 21 0 24 11 0 0 13 26 12 12 0 9 0 0 17 0 0 0 0 0 0 0 0 0 0 0 0 0 0 0 0 14 0 0 0 1 13 0 0 0 0 0 0 0 0 0 0 0 0 0 0 0 0 0 0 0 0 0 1 0 1 0 0 0 0 0 0 2 0 11 0 0 0 0 0 0 0 9 17 13 26 19 18 0 10 14 29 8 0 0 0 14 14 23 0 0 7 13 0 0 0 0 0 9 0 14 0 0 0 1 15 0 0 0 0 0 22 0 0 0 0 0 0 0 0 0 0 0 0 0 0 0 0 0 0 0 70 0 0 0 0 0 0 0 0 0 0 0 0 0 0 0 0 0 0 0 0 0 10 0 0 0 2 2 0 1 0 1 11 19 0 1 0 0 0 0 0 0 0 0 0 0 2 0 0 0 0 0 0 0 0 0 0 8 0 0 0 0 0 0 0 0 0 0 0 0 0 
 39 26 227 294 398 145 249 207 213 184 0 239 45 30 160 170 248 256 255 98 0 0 0 3 1 3 3 1 2 0 3 2 98 74 6 0 0 0 4 2 0 0 4 64 0 0 0 33 59 0 0 6 0 3 2 2 0 4 3 0 0 2 0 0 0 0 0 0 0 0 0 54 0 0 5 0 0 0 5 0 0 0 0 33 16 7 0 0 28 28 7 22 0 13 0 14 1 29 0 16 26 0 1 0 0 0 21 17 22 0 0 17 22 27 36 54 0 0 14 55 0 0 0 0 0 0 0 0 0 0 0 0 0 0 1 0 0 0 0 0 0 22 0 0 0 0 0 0 0 0 0 0 2 2 0 0 0 2 42 0 0 0 9 0 49 6 0 0 12 14 0 19 0 0 0 13 38 2 0 0 29 0 0 0 0 0 12 0 0 0 0 0 14 61 9 0 0 0 14 5 0 0 0 0 0 0 0 0 0 0 0 0 0 0 0 0 0 0 0 0 0 0 0 0 0 0 0 0 0 0 0 0 0 0 0 0 2 0 0 0 0 0 0 0 0 3 1 0 0 0 15 1 18 0 0 0 0 0 0 0 0 0 0 0 0 0 0 0 0 21 0 0 0 0 0 13 0 0 0 0 0 0 0 0 0 0 0 0 0 0 
 195 123 279 130 209 246 93 250 30 74 239 0 134 116 116 131 77 190 38 250 0 0 0 3 2 3 52 1 0 0 3 0 0 1 1 0 0 0 2 0 0 0 0 4 0 0 0 0 0 0 0 0 0 3 20 0 0 3 13 0 0 2 0 0 2 0 0 0 0 0 0 0 0 0 2 0 0 0 0 0 0 0 0 19 0 15 0 0 2 22 18 16 0 9 0 10 0 34 25 25 6 0 0 0 0 0 0 0 0 0 1 0 46 6 0 19 0 17 9 9 0 0 0 0 0 0 0 0 0 0 0 0 0 1 0 0 0 0 0 0 0 1 0 5 0 0 0 0 0 0 61 0 0 0 0 0 0 0 0 0 21 2 14 19 0 54 0 13 2 9 5 31 0 18 0 0 1 11 0 0 0 10 11 0 0 0 0 14 0 0 0 0 0 0 0 17 0 10 19 11 0 0 0 0 0 0 0 0 0 0 0 0 0 0 0 0 0 0 0 0 0 0 1 0 0 0 0 0 0 0 0 0 0 0 0 0 0 0 0 0 0 0 0 0 0 0 3 0 2 5 12 6 2 0 0 0 0 0 0 0 0 0 0 0 0 0 1 0 0 0 0 0 0 0 0 15 6 0 0 0 0 0 0 0 0 17 0 0 0 4 
 264 88 75 53 87 30 220 185 68 28 45 134 0 143 115 34 69 117 103 144 0 0 0 3 2 3 5 1 0 0 76 2 0 0 2 0 0 0 0 0 0 0 0 0 0 0 0 0 0 0 0 0 0 3 0 1 0 3 0 0 0 3 0 0 3 0 0 0 0 0 0 0 0 1 2 0 0 1 0 0 0 21 7 0 0 0 61 0 7 24 10 0 70 13 15 17 46 0 15 10 0 0 0 2 0 0 2 0 0 0 0 0 0 0 0 0 0 0 0 0 0 0 0 0 2 0 0 0 0 0 0 0 0 0 0 0 0 0 0 0 0 0 0 0 0 12 0 0 3 0 0 0 0 0 0 0 0 0 0 0 0 9 0 1 0 0 17 13 0 10 0 0 33 0 15 5 26 27 3 0 0 0 3 0 0 0 0 0 0 22 19 0 0 0 0 0 0 0 0 0 0 0 0 0 0 0 0 0 0 0 0 0 1 1 1 0 1 0 0 0 0 0 0 0 2 0 0 0 0 0 0 0 0 0 0 0 0 0 2 0 0 0 0 0 0 0 0 0 1 87 0 3 0 0 0 0 0 0 0 0 0 0 0 0 0 0 0 0 0 0 0 0 0 0 0 0 7 1 0 0 0 0 0 0 0 0 0 0 0 2 
 146 42 254 103 76 55 549 170 92 93 30 116 143 0 177 126 59 146 86 88 2 0 0 3 1 3 5 73 72 0 3 0 0 0 2 0 0 0 0 2 0 0 0 5 0 0 0 0 0 0 0 1 0 3 0 0 0 4 8 61 0 2 0 0 0 0 0 0 0 0 0 0 0 0 2 0 0 0 0 0 17 38 41 16 0 0 9 42 0 9 11 0 9 23 10 24 0 38 14 0 14 0 0 0 0 0 0 0 0 0 0 0 3 0 0 0 0 0 0 0 0 0 0 0 0 0 0 0 0 0 0 1 0 0 0 0 0 0 0 2 0 1 0 5 0 11 0 0 0 0 17 0 0 0 0 0 0 0 1 0 16 10 13 0 21 0 10 23 14 35 0 37 41 33 26 0 0 15 9 6 0 0 0 0 0 0 0 0 0 0 1 0 0 0 0 24 0 0 0 0 0 0 0 0 0 0 0 8 0 0 0 0 0 10 0 0 0 0 0 0 0 0 0 0 0 1 0 0 0 0 0 0 0 0 0 0 0 0 0 0 0 0 0 0 0 2 0 0 2 2 0 5 0 0 1 0 0 0 0 0 0 0 18 0 0 0 0 0 0 0 0 0 0 0 0 0 0 10 0 0 0 0 0 0 0 0 0 0 0 0 
 54 158 206 71 86 78 422 138 182 203 160 116 115 177 0 205 396 355 314 210 0 0 3 6 1 6 5 2 1 2 5 0 0 4 3 2 0 6 4 1 2 0 0 2 6 0 0 0 0 0 2 2 0 5 0 5 2 3 0 0 0 4 0 0 3 3 0 3 0 0 0 2 0 0 2 18 0 6 0 3 22 25 30 0 10 0 0 18 0 9 28 0 14 19 7 21 27 23 2 0 0 0 0 0 8 0 50 0 0 1 0 0 0 0 0 0 1 0 10 0 0 0 0 0 0 0 0 0 0 0 0 0 0 0 0 0 0 9 0 0 0 2 0 5 0 0 0 0 0 0 6 0 0 0 0 0 4 2 0 0 75 19 20 14 0 1 28 44 0 0 14 32 15 13 18 15 1 18 0 12 0 0 0 0 0 0 0 0 0 17 0 0 2 0 0 0 0 0 0 0 0 0 0 0 0 0 0 0 0 0 0 0 0 0 0 0 0 0 0 1 0 1 0 0 0 0 0 0 0 0 0 2 0 0 0 1 0 0 0 18 0 0 0 0 1 0 2 3 91 2 2 3 0 0 0 0 0 1 0 0 0 0 0 0 0 0 0 0 0 0 0 0 0 0 0 0 0 0 0 0 0 0 0 0 0 0 0 0 0 0 
 39 293 61 53 266 70 48 141 187 357 170 131 34 126 205 0 155 156 122 392 0 0 0 3 1 3 3 2 0 206 3 0 21 210 1 0 0 0 209 36 0 7 0 0 0 0 0 0 62 0 0 0 0 3 0 2 0 3 0 0 0 2 0 0 2 0 0 0 0 0 0 5 0 28 2 0 0 3 0 5 16 16 11 30 0 47 24 0 30 0 29 0 19 0 49 1 2 76 9 1 1 1 13 0 0 0 0 19 0 0 0 2 0 15 24 0 0 0 0 8 0 0 0 0 0 0 0 1 0 0 0 0 0 0 0 0 0 0 0 0 0 4 0 5 0 0 23 0 0 0 4 0 0 0 0 1 0 0 0 0 14 13 55 49 3 3 33 21 11 2 0 15 18 10 26 0 7 1 0 10 31 0 0 0 0 0 15 0 29 0 0 0 1 2 0 0 0 0 0 6 0 0 0 0 1 0 0 0 0 0 0 0 0 0 0 0 0 0 0 0 0 0 0 14 0 0 0 0 0 2 0 0 0 0 0 7 0 0 0 0 0 0 0 0 0 0 0 1 2 1 0 2 0 0 0 0 0 0 0 0 0 0 0 0 0 0 0 1 0 2 0 0 0 0 0 0 9 5 0 0 0 0 0 0 0 0 0 0 0 0 
 22 121 151 203 136 53 35 213 149 236 248 77 69 59 396 155 0 255 126 100 0 1 0 3 2 76 3 0 0 0 3 0 1 0 3 1 0 0 0 0 0 69 0 0 0 0 0 0 53 2 0 64 0 3 0 1 0 3 0 0 0 2 0 0 0 0 0 0 0 0 0 0 0 0 3 6 0 0 0 0 9 19 27 6 14 7 13 0 9 3 15 0 16 0 0 20 12 16 0 41 1 0 14 0 0 0 0 26 0 0 0 0 0 20 18 1 0 0 12 10 14 0 0 0 0 0 0 0 0 0 0 2 0 0 0 0 0 13 0 0 0 0 0 0 0 0 0 0 10 0 0 0 0 0 0 0 0 0 0 0 16 8 10 6 15 3 14 17 0 1 10 8 6 10 0 20 23 7 7 8 33 0 0 0 0 0 0 0 0 0 0 0 0 9 0 2 0 0 0 11 0 0 0 0 0 0 0 1 0 0 0 0 0 0 0 0 0 12 0 0 0 0 0 0 0 0 0 0 0 0 0 0 0 0 0 0 0 0 0 0 0 0 0 0 0 1 2 1 46 2 0 9 3 0 0 2 0 0 0 0 0 0 0 0 0 0 0 0 0 0 0 0 0 0 0 0 0 0 0 0 0 0 0 0 0 0 0 0 0 0 
 31 43 151 76 303 85 151 131 130 52 256 190 117 146 355 156 255 0 91 131 0 3 7 3 2 6 6 2 0 0 6 4 0 0 7 3 2 0 1 0 0 10 2 7 0 0 0 0 0 0 0 15 4 3 0 2 0 5 0 0 0 3 0 4 3 0 0 0 0 7 0 0 3 0 2 2 0 0 3 0 24 28 12 1 15 0 20 13 0 0 0 26 34 0 10 35 39 19 37 35 0 2 0 0 0 0 0 0 0 0 0 0 0 0 25 0 0 0 1 0 0 18 0 0 0 10 0 0 2 0 0 0 6 0 0 0 0 13 0 0 0 2 0 0 0 1 0 0 1 0 0 0 0 0 0 0 0 0 0 0 45 21 7 0 2 21 12 36 0 20 9 44 13 21 40 28 72 35 0 7 0 13 7 0 0 0 0 12 0 0 0 0 0 0 0 0 0 0 7 1 0 0 0 0 0 0 0 0 0 0 0 0 0 0 0 0 0 0 0 0 0 0 0 0 0 0 2 0 0 0 0 0 0 0 1 0 0 0 0 0 0 7 0 0 0 5 1 0 3 88 0 6 27 0 0 0 0 0 0 0 0 0 0 0 0 0 0 0 0 0 0 0 0 1 0 17 0 9 0 0 0 0 0 0 0 0 0 0 0 0 
 136 63 27 84 52 44 66 60 249 202 255 38 103 86 314 122 126 91 0 413 88 1 3 8 2 8 4 4 5 0 3 3 5 0 3 0 4 0 0 0 0 0 0 0 5 0 3 0 8 2 0 0 0 3 0 1 1 7 0 0 0 2 6 0 2 0 0 4 0 4 0 0 0 0 54 0 0 0 0 0 25 4 2 0 0 6 20 0 0 1 1 0 24 18 3 2 0 0 0 22 0 0 10 0 0 19 0 0 0 0 0 0 0 0 0 0 0 0 0 0 0 0 11 0 0 0 0 0 0 0 0 0 0 0 0 1 0 0 0 0 0 0 0 0 0 4 0 0 5 0 0 0 0 0 0 0 0 0 0 0 0 22 0 0 0 0 2 0 13 16 12 0 0 0 3 39 5 0 7 37 0 2 0 0 0 0 1 0 1 0 2 0 0 0 0 0 0 0 0 0 0 0 0 0 0 0 0 0 0 0 0 0 0 0 0 0 0 0 0 0 0 0 0 0 0 0 0 0 2 0 0 0 1 0 0 0 0 0 0 0 0 11 0 0 0 2 0 1 0 0 0 4 0 0 0 0 0 0 0 0 0 0 0 0 0 0 0 0 0 0 0 0 0 0 0 0 0 0 0 0 0 0 0 0 0 0 0 0 0 0 
 388 66 356 68 292 70 47 51 135 183 98 250 144 88 210 392 100 131 413 0 2 0 0 3 2 3 5 2 0 0 3 0 0 0 2 0 0 0 1 0 0 0 0 0 0 0 0 0 0 0 0 0 0 3 0 2 0 3 0 0 0 2 0 0 1 0 0 0 0 0 0 12 0 0 4 0 0 5 0 0 31 10 0 1 14 0 25 0 0 6 0 0 22 10 20 50 21 11 19 0 0 0 0 0 0 0 0 0 0 0 0 5 0 0 0 12 0 0 16 0 0 0 0 2 0 3 0 1 0 0 0 0 0 0 0 0 0 14 0 0 0 0 0 0 0 2 1 0 3 0 0 0 0 0 0 0 0 0 0 0 22 29 9 10 1 0 0 22 19 11 7 10 2 28 16 35 31 11 0 0 0 0 0 0 0 0 0 0 0 0 0 0 0 0 0 0 0 2 0 0 0 0 0 0 0 0 10 0 1 0 0 0 0 0 0 0 0 0 0 0 0 0 0 0 0 0 0 0 0 34 0 0 0 0 0 0 0 0 0 0 0 7 0 0 0 3 3 0 4 3 0 0 2 0 0 0 0 0 0 0 0 0 0 0 0 0 0 0 0 1 0 0 0 0 0 0 0 0 0 0 0 0 0 0 0 0 0 0 0 0 
 1 0 0 0 0 76 3 5 0 3 0 0 0 2 0 0 0 0 88 2 0 449 104 126 257 246 190 162 175 248 34 129 59 183 205 101 256 332 38 108 12 6 0 2 3 0 11 4 4 3 9 3 1 5 3 2 6 0 7 0 3 0 3 5 54 5 0 3 0 0 55 0 8 30 0 2 3 0 0 0 0 2 0 0 2 0 0 0 0 0 0 0 0 2 0 0 0 0 0 0 1 20 30 24 15 0 10 0 11 64 15 0 0 19 9 18 11 3 24 0 44 0 0 0 0 0 10 0 0 0 0 0 0 1 2 8 0 0 46 0 0 1 1 0 0 0 2 0 1 0 0 0 0 0 0 0 0 0 0 0 0 1 2 0 0 0 0 0 0 0 0 0 11 0 0 0 0 0 0 0 20 1 30 12 0 0 23 54 10 50 16 11 10 9 13 0 28 8 15 38 0 0 0 0 0 0 0 0 0 0 0 0 4 0 0 0 0 1 19 0 0 0 0 0 0 0 1 0 6 1 0 0 0 0 0 0 0 0 0 0 0 0 9 0 0 0 29 0 0 0 0 0 0 0 77 0 2 77 1 0 0 2 0 0 0 0 0 0 0 0 0 2 0 0 0 0 0 0 0 0 0 4 0 0 0 0 0 0 0 0 
 0 0 0 0 2 34 3 0 1 0 0 0 0 0 0 0 1 3 1 0 449 0 198 244 28 322 136 151 257 30 212 178 58 271 277 41 39 111 117 143 2 5 0 4 2 0 2 15 2 0 3 6 68 0 0 1 3 0 5 0 0 0 0 3 0 37 0 3 0 3 11 4 2 15 0 1 2 2 0 0 0 0 0 0 53 0 0 0 0 0 0 0 0 0 0 0 0 0 0 0 23 27 36 37 13 0 0 0 1 15 0 35 0 0 1 21 2 56 0 0 26 0 0 0 0 0 2 0 2 9 0 0 3 0 0 0 9 0 73 0 0 1 1 0 0 0 0 0 0 0 0 0 0 0 0 0 0 0 0 1 0 0 17 0 0 0 0 0 0 0 0 4 2 0 0 0 0 0 0 0 17 3 7 1 0 11 25 29 3 31 16 29 10 0 21 0 22 13 0 0 9 0 0 0 1 0 0 0 0 0 0 0 10 0 0 0 0 0 20 0 0 0 0 0 0 0 0 0 0 0 0 0 0 0 0 0 0 0 0 0 0 0 0 0 0 0 0 0 0 0 0 0 0 0 20 0 2 2 75 0 0 0 0 0 0 0 0 0 0 0 0 0 0 0 0 0 0 0 0 0 0 0 0 0 0 0 0 0 0 0 
 2 0 0 3 0 0 0 0 2 0 0 0 0 0 3 0 0 7 3 0 104 198 0 261 65 102 119 192 144 338 89 36 179 77 161 99 167 378 44 61 0 9 0 0 0 0 0 2 1 0 3 30 61 5 0 1 3 0 3 73 0 0 0 2 0 0 0 3 0 0 1 0 11 0 0 0 0 0 0 0 0 0 0 0 0 0 0 0 0 0 0 0 0 0 0 0 0 0 1 0 4 1 75 22 26 45 60 2 58 10 26 19 0 0 0 0 15 22 0 0 9 28 1 0 0 15 0 28 0 0 0 0 28 1 36 0 0 0 13 10 0 2 0 0 0 0 0 0 0 0 0 0 0 0 0 0 0 0 0 10 0 0 0 0 0 0 7 0 0 0 0 0 0 0 0 0 0 0 0 0 0 29 15 7 11 12 14 2 7 1 25 1 0 14 32 22 11 25 0 0 12 0 0 0 0 0 1 16 0 0 0 0 25 2 0 0 28 0 28 10 0 0 0 2 0 0 0 0 0 0 0 0 0 0 0 0 2 0 0 0 0 0 0 0 0 0 0 0 0 0 0 0 0 0 8 2 1 109 99 0 0 0 0 0 0 0 0 0 0 0 0 1 0 0 0 0 0 0 0 0 0 0 0 0 0 0 0 0 0 0 
 3 3 3 3 3 3 3 3 7 3 3 3 3 3 6 3 3 3 8 3 126 244 261 0 301 86 141 156 198 196 393 58 442 78 256 55 227 172 280 363 61 0 0 0 0 0 0 21 0 0 3 1 117 0 0 3 3 0 65 64 0 0 0 2 0 0 54 3 0 0 5 2 4 8 0 0 0 0 0 0 0 0 0 1 0 0 0 0 0 0 0 0 0 0 0 0 0 0 0 0 9 27 44 48 82 24 9 0 31 14 35 22 0 0 0 0 36 37 0 0 24 2 0 13 0 0 0 0 0 0 0 0 25 0 17 0 0 0 11 23 0 1 0 0 0 0 0 0 0 0 0 2 0 0 0 0 0 0 0 0 0 0 0 0 0 1 3 0 0 0 6 0 0 0 0 3 0 0 0 0 0 19 0 0 0 24 7 0 1 0 0 12 1 0 34 0 0 14 0 0 3 0 0 0 0 2 0 0 12 0 2 0 17 0 0 0 1 0 21 0 0 0 0 0 0 0 0 0 0 0 0 0 0 2 0 27 0 0 0 0 0 0 0 0 0 0 0 0 0 0 0 0 0 0 17 2 1 14 3 0 2 0 0 0 0 1 0 0 0 0 0 0 0 49 0 0 0 0 0 0 0 0 0 0 0 0 0 0 0 0 
 1 1 1 2 252 1 6 1 1 1 1 2 2 1 1 1 2 2 2 2 257 28 65 301 0 366 39 80 51 75 93 133 294 108 118 54 67 58 116 64 1 1 2 0 2 1 29 66 1 2 5 2 45 12 1 1 3 1 66 95 2 0 0 2 1 4 0 1 2 2 1 6 2 2 2 2 1 4 0 0 0 15 0 0 0 0 0 0 0 0 0 0 0 0 0 0 0 0 0 0 0 8 0 0 12 63 2 0 0 0 12 0 0 0 0 0 9 0 0 0 0 12 0 10 0 0 12 10 15 0 0 0 8 0 0 0 35 0 17 24 0 1 0 0 0 0 0 0 0 0 0 0 3 0 0 0 0 0 0 0 0 0 0 0 0 0 0 0 0 0 0 0 7 0 0 0 17 0 0 0 0 9 11 0 23 21 0 0 17 1 0 27 0 0 0 6 34 0 0 0 0 10 13 0 0 0 28 0 0 13 0 0 15 29 15 0 9 0 14 12 0 0 0 0 0 0 0 0 0 0 0 0 0 0 0 0 0 0 0 0 0 0 0 0 0 0 0 0 2 0 0 0 0 1 9 0 1 3 74 0 13 0 0 0 0 0 9 0 0 0 0 0 0 0 0 0 0 0 0 0 0 0 13 0 42 0 0 0 0 0 
 6 3 82 3 3 3 3 3 4 3 3 3 3 3 6 3 76 6 8 3 246 322 102 86 366 0 58 42 63 62 184 155 251 59 57 83 157 129 259 35 64 124 55 0 0 0 0 74 0 24 3 0 89 72 1 0 3 0 3 64 0 0 0 2 0 0 0 3 0 0 0 2 0 0 0 0 0 0 0 0 0 0 0 0 0 0 0 0 0 0 0 0 0 0 0 0 0 0 0 0 0 1 22 10 25 7 0 0 12 9 17 21 0 0 0 0 12 1 0 0 13 9 29 34 0 7 11 0 13 0 12 0 89 0 7 16 26 30 13 33 0 0 0 0 0 0 0 0 0 0 0 0 1 0 0 0 0 0 0 0 0 0 0 2 0 0 0 0 0 0 0 0 0 0 0 2 0 0 10 0 3 0 0 19 0 17 0 0 0 0 1 0 0 0 0 0 25 0 0 0 35 0 22 12 0 0 13 17 12 0 0 10 2 35 0 17 0 20 13 6 0 0 0 0 0 0 1 0 0 0 0 0 0 0 0 0 0 0 0 0 0 0 0 0 0 0 0 0 0 0 0 0 0 0 1 0 0 0 0 10 4 22 0 0 0 10 0 0 0 0 0 0 0 0 0 0 1 0 0 0 0 0 14 0 10 0 0 0 0 0 
 4 5 3 78 3 77 4 5 3 3 3 52 5 5 5 3 3 6 4 5 190 136 119 141 39 58 0 338 51 56 256 65 101 66 153 37 64 163 125 57 61 1 2 0 0 202 0 2 0 0 3 2 1 0 57 1 3 0 5 0 0 0 0 3 0 0 0 2 0 2 1 1 14 0 12 0 0 0 0 0 0 0 0 0 0 18 0 0 0 0 0 0 0 0 0 0 0 0 11 0 38 64 34 15 12 19 48 6 19 21 0 0 18 3 0 9 10 21 0 19 8 0 0 0 0 0 1 0 0 11 0 0 1 0 0 0 0 0 19 0 0 2 1 0 0 0 0 0 0 0 0 0 0 0 2 0 0 0 0 0 0 0 0 0 0 18 0 0 0 0 0 0 0 0 0 0 0 1 0 0 10 0 3 9 3 0 41 24 15 3 30 34 10 24 0 0 5 22 0 16 0 0 0 0 0 0 0 0 0 0 0 0 1 0 0 0 0 0 43 0 0 12 0 0 1 0 0 0 20 0 0 0 2 0 0 0 0 0 0 0 0 0 1 0 0 0 77 0 0 1 0 0 0 0 15 0 1 97 0 2 4 0 0 0 0 0 0 0 0 0 0 0 0 0 0 0 0 0 0 0 0 0 0 0 0 0 0 0 0 2 
 2 3 1 2 0 1 171 2 1 1 1 1 1 73 2 2 0 2 4 2 162 151 192 156 80 42 338 0 236 37 122 44 103 166 145 197 61 39 83 130 7 2 0 2 0 0 2 2 2 0 3 2 2 0 0 1 3 0 5 0 25 0 0 3 0 0 0 3 0 2 7 11 54 6 0 0 0 0 0 0 0 0 0 0 0 0 0 0 0 0 0 0 0 0 0 0 0 0 0 0 36 35 1 19 0 20 8 23 2 12 29 0 8 20 9 0 11 9 0 5 4 0 0 0 0 0 2 0 0 0 0 0 0 0 0 9 0 0 16 0 0 0 0 0 0 0 0 0 0 0 0 0 0 1 1 0 0 0 0 0 0 0 0 0 0 2 0 0 0 0 0 0 0 2 0 0 0 2 0 0 4 36 50 20 19 0 35 17 12 22 9 24 0 10 28 0 19 25 1 23 0 0 0 0 0 0 0 0 0 0 0 0 22 0 0 0 0 0 20 0 0 0 0 0 0 0 0 0 0 0 0 0 1 0 0 0 0 0 0 0 0 0 10 0 0 0 1 0 0 0 0 0 0 0 10 0 0 5 77 2 11 0 0 0 0 0 1 0 0 0 0 0 0 0 0 0 0 0 0 21 0 5 0 0 0 0 0 0 0 0 
 0 0 0 0 47 0 0 0 2 0 2 0 0 72 1 0 0 0 5 0 175 257 144 198 51 63 51 236 0 138 63 48 188 92 90 134 106 285 71 141 0 3 0 0 0 0 0 2 2 0 3 0 1 0 0 1 3 1 4 1 0 1 0 2 0 0 0 3 0 0 7 1 3 7 0 0 0 0 0 0 0 0 0 0 0 0 0 0 0 0 0 0 0 0 0 0 0 0 0 0 0 8 24 23 12 12 10 0 15 20 0 21 0 0 0 12 36 4 68 0 14 7 0 2 0 0 0 0 8 0 0 0 0 9 6 0 0 0 8 2 0 0 0 0 0 0 0 0 0 0 0 0 1 0 0 0 0 0 13 0 0 0 0 2 0 6 4 0 0 2 0 0 0 0 0 0 0 0 0 0 14 11 0 7 7 0 0 9 0 45 16 0 4 52 15 26 10 1 8 13 1 0 0 0 0 0 0 17 0 0 0 0 22 0 0 0 1 0 0 10 0 0 0 0 0 0 0 0 0 0 0 2 0 0 0 0 0 0 0 0 0 0 0 0 0 0 0 0 0 0 0 0 0 0 17 0 0 1 0 1 1 0 0 0 0 0 1 0 0 0 0 0 0 0 0 0 2 0 0 0 0 0 0 0 0 0 0 0 0 0 
 0 0 3 0 0 0 1 2 1 0 0 0 0 0 2 206 0 0 0 0 248 30 338 196 75 62 56 37 138 0 472 111 138 102 174 69 178 58 304 210 24 2 0 0 0 0 0 2 0 21 3 0 0 0 0 1 3 0 35 36 0 0 5 2 0 0 0 3 0 0 0 2 2 0 2 0 0 1 0 0 0 0 0 0 2 0 0 0 0 0 2 0 0 0 0 0 0 0 0 0 0 0 30 30 11 1 19 12 25 12 5 29 0 15 2 0 0 24 0 39 0 47 0 0 0 1 0 11 10 0 0 1 18 0 0 0 0 0 9 25 0 22 0 0 0 0 0 0 0 0 0 0 0 0 0 0 0 0 0 2 0 2 0 0 0 0 0 0 0 0 0 0 0 0 0 0 0 0 0 0 9 1 0 13 19 9 0 0 0 0 7 0 7 0 6 0 15 51 1 0 0 0 0 2 0 0 9 10 11 0 0 0 20 0 12 1 31 0 10 35 10 0 0 0 0 0 0 0 0 0 0 0 0 0 0 0 0 0 0 0 0 0 0 0 0 0 0 0 0 0 0 0 0 2 8 0 1 195 0 2 3 2 0 0 0 0 0 0 0 0 0 0 0 0 0 0 0 0 0 0 0 0 0 0 0 0 1 0 0 0 
 3 4 3 6 3 3 3 6 3 3 3 3 76 3 5 3 3 6 3 3 34 212 89 393 93 184 256 122 63 472 0 77 72 47 291 246 200 550 48 53 61 0 0 0 0 0 1 6 3 0 3 0 132 0 0 0 3 0 129 133 0 0 0 2 0 0 0 3 0 0 7 0 3 6 0 0 0 0 0 50 0 28 0 0 0 0 0 2 2 0 0 0 0 0 0 0 0 0 0 0 0 4 0 63 32 16 0 0 17 54 29 67 2 0 0 0 8 7 0 0 47 14 0 13 0 0 0 12 17 0 0 0 9 9 22 0 0 0 22 38 0 2 4 0 0 0 0 0 0 0 0 0 0 0 0 0 0 0 1 10 0 0 0 0 0 0 0 0 0 0 0 0 1 0 0 3 0 0 0 0 0 32 0 0 0 14 0 0 0 39 0 13 0 0 23 0 14 0 0 2 11 0 0 0 0 0 8 0 23 0 0 2 34 0 3 0 16 0 8 14 0 0 0 0 0 0 0 0 0 0 0 6 0 0 0 0 0 0 0 0 0 0 0 0 0 0 0 0 0 0 0 0 0 0 20 1 0 71 1 0 2 25 0 0 0 1 1 0 0 0 0 0 0 0 0 0 0 0 0 0 0 18 0 0 0 0 0 0 0 0 
 0 0 0 0 3 0 0 0 0 0 2 0 2 0 0 0 0 4 3 0 129 178 36 58 133 155 65 44 48 111 77 0 46 25 366 175 129 86 46 48 64 19 0 0 0 0 207 2 0 0 3 0 63 8 0 1 3 2 134 70 28 0 0 2 0 3 3 2 0 0 3 2 0 0 1 0 0 0 0 0 0 0 0 0 0 0 0 0 0 0 0 0 0 0 0 0 0 0 0 0 0 14 15 1 12 0 0 0 2 37 0 12 0 0 0 0 11 9 0 0 0 28 0 3 0 0 20 0 12 0 0 0 18 1 7 0 13 0 18 22 0 2 3 0 0 0 0 0 0 0 0 0 0 0 0 0 1 0 0 0 0 0 0 0 0 0 0 0 0 2 0 0 0 0 0 0 0 0 0 0 11 10 0 0 0 27 0 10 0 23 11 8 0 0 0 18 10 0 0 13 0 19 15 0 0 0 0 1 0 0 0 0 0 22 21 0 12 1 3 16 0 0 0 0 0 0 0 0 0 0 0 2 19 0 0 0 0 0 0 0 0 0 0 0 0 0 0 0 2 0 0 0 0 0 3 0 1 1 0 3 2 0 0 0 0 2 37 0 0 0 0 0 0 0 0 0 2 0 0 0 0 10 12 0 15 0 0 0 0 0 
 1 79 28 94 220 1 0 120 34 74 98 0 0 0 0 21 1 0 5 0 59 58 179 442 294 251 101 103 188 138 72 46 0 88 135 295 112 162 303 394 2 3 0 2 0 0 3 2 1 0 3 5 0 2 0 2 3 0 3 0 0 0 0 2 0 2 0 3 0 0 0 1 0 0 0 26 0 0 0 0 0 0 0 14 17 19 0 0 10 34 0 33 0 0 9 0 13 11 0 0 0 0 2 0 18 0 26 0 11 1 12 0 9 0 0 0 40 0 1 0 0 2 0 0 0 0 0 0 0 0 0 2 11 0 0 0 0 0 1 0 0 2 0 0 0 0 0 0 0 0 0 0 0 0 0 0 0 0 0 0 0 0 13 11 11 9 3 13 13 0 0 0 0 0 10 13 12 72 0 0 0 10 0 6 0 0 7 0 19 0 0 0 13 27 33 54 9 9 24 0 0 0 0 1 0 0 0 0 0 0 0 0 0 0 0 0 0 0 0 0 0 0 0 0 0 0 0 0 2 0 23 0 0 0 0 0 0 0 2 0 0 0 0 0 0 0 2 0 0 0 0 0 31 0 13 2 1 75 85 2 1 0 0 0 0 0 0 0 0 0 0 0 0 0 0 0 8 0 0 0 0 0 0 0 0 0 0 0 0 0 
 0 1 0 75 84 150 0 0 1 0 74 1 0 0 4 210 0 0 0 0 183 271 77 78 108 59 66 166 92 102 47 25 88 0 94 137 245 43 568 176 8 0 0 0 2 0 0 2 0 0 3 0 0 0 0 1 3 1 3 0 0 0 12 2 0 0 0 3 0 0 1 1 0 0 0 0 0 0 0 2 0 0 0 27 2 20 0 0 35 0 0 21 0 0 0 0 0 0 17 0 0 19 14 0 12 0 0 0 0 10 38 0 22 23 61 52 15 21 12 40 0 1 0 0 0 0 0 0 0 41 0 0 1 1 0 0 0 1 87 11 0 1 1 0 0 0 0 0 0 0 0 0 2 0 0 0 13 3 0 0 0 0 0 2 53 0 0 0 0 0 0 0 0 0 1 0 0 0 0 2 19 12 63 36 11 0 0 47 100 13 9 9 20 0 19 0 6 61 13 18 0 0 0 0 0 0 0 0 0 0 0 0 0 0 0 0 0 0 0 0 0 0 0 0 0 2 0 0 2 0 0 0 1 0 0 0 0 0 0 0 0 0 31 0 0 0 0 0 0 0 0 30 0 0 7 0 0 2 77 0 12 0 0 0 0 0 0 0 0 0 0 0 0 0 0 0 11 0 0 0 0 27 0 0 0 0 23 0 0 0 
 8 2 5 1 2 2 5 5 5 2 6 1 2 2 3 1 3 7 3 2 205 277 161 256 118 57 153 145 90 174 291 366 135 94 0 148 169 196 80 123 0 0 0 0 0 0 0 6 0 0 3 0 0 0 0 1 3 0 3 0 0 0 0 2 0 0 0 2 0 0 1 2 21 0 0 0 0 0 0 0 0 0 0 0 0 0 0 0 1 0 2 0 0 0 0 0 0 0 0 0 26 11 28 32 21 23 45 14 31 11 0 11 9 1 0 0 0 20 0 1 8 1 0 0 0 0 0 0 0 0 0 0 0 0 8 0 0 10 10 0 23 0 0 0 2 0 0 0 0 0 0 0 0 0 0 0 0 0 0 0 0 0 0 0 0 5 0 0 0 0 0 0 0 0 0 0 0 0 0 0 0 32 13 8 8 0 51 1 0 0 6 19 4 9 8 0 4 26 0 0 0 0 0 0 0 0 0 0 0 0 0 1 1 0 0 0 0 0 11 0 0 0 0 0 2 0 0 0 0 0 0 0 0 0 0 0 0 0 0 0 0 0 0 0 0 0 0 0 0 1 0 0 0 0 11 0 2 133 1 2 0 2 0 0 0 0 0 0 0 0 0 0 0 0 0 0 0 0 0 9 0 0 0 0 0 0 0 0 0 0 
 0 0 0 0 74 2 0 80 0 0 0 0 0 0 2 0 1 3 0 0 101 41 99 55 54 83 37 197 134 69 246 175 295 137 148 0 53 173 113 140 11 2 0 2 0 0 0 2 1 0 3 0 60 0 0 1 3 0 104 0 0 0 0 2 0 2 0 3 0 0 4 0 0 3 0 0 0 0 0 0 0 0 0 0 0 0 0 0 0 0 0 0 0 0 0 0 0 0 0 0 2 8 0 7 0 59 29 0 4 24 21 10 45 15 0 14 39 39 0 0 1 0 0 1 0 0 0 0 0 10 0 0 22 13 8 0 0 0 47 2 0 1 3 0 0 13 0 0 0 0 0 0 0 0 0 1 0 0 0 0 0 0 0 0 0 16 9 0 0 13 0 0 0 0 0 0 0 0 0 0 14 41 20 49 8 0 2 23 84 39 22 34 0 19 31 51 73 26 0 20 2 25 0 0 0 0 11 0 0 0 0 0 15 0 0 0 0 0 0 0 0 0 0 0 42 0 0 0 22 0 0 1 0 0 0 0 0 0 0 0 0 0 4 0 0 0 0 0 0 0 0 0 0 0 0 0 0 0 83 1 4 21 0 0 0 0 0 0 0 0 0 0 0 0 0 0 0 0 0 2 0 22 0 0 0 32 0 0 0 0 
 0 0 0 0 2 75 2 1 0 0 0 0 0 0 0 0 0 2 4 0 256 39 167 227 67 157 64 61 106 178 200 129 112 245 169 53 0 219 76 206 0 7 0 0 0 0 0 2 5 0 3 0 62 0 0 1 65 0 3 62 0 0 27 2 0 0 0 3 0 0 0 2 0 0 0 0 0 0 0 0 0 0 0 9 2 0 0 0 0 0 0 0 0 0 0 0 0 0 0 0 0 0 18 2 22 12 9 0 23 0 21 49 45 2 4 23 0 26 0 0 0 23 0 0 0 0 0 15 0 0 0 0 20 1 6 0 0 0 0 4 0 0 0 0 0 0 0 0 0 0 0 0 0 0 0 11 0 0 0 9 0 0 0 0 0 0 0 0 0 0 3 0 25 0 0 0 0 0 0 0 5 22 26 11 16 12 0 28 0 0 11 16 0 0 18 0 0 42 11 14 9 0 0 0 18 0 1 3 0 0 0 0 23 0 0 0 9 0 0 1 0 0 0 0 3 0 0 0 0 0 0 28 0 0 0 0 0 0 0 0 0 0 0 0 0 0 0 0 0 0 0 0 0 0 14 0 3 5 0 0 2 0 0 0 0 0 0 0 0 17 0 0 0 0 0 0 0 0 0 0 0 0 0 0 0 0 19 0 0 0 
 0 0 0 0 0 0 0 1 0 0 0 0 0 0 6 0 0 0 0 0 332 111 378 172 58 129 163 39 285 58 550 86 162 43 196 173 219 0 35 54 7 14 0 4 3 0 0 2 4 5 4 9 62 7 1 6 3 1 79 27 0 4 3 2 0 2 5 5 3 0 8 0 8 7 1 0 3 4 0 0 0 0 0 0 0 0 0 0 0 0 0 0 2 0 0 0 0 0 0 0 10 10 1 25 17 13 15 0 36 10 18 36 0 0 0 0 1 9 18 0 5 19 1 0 0 0 0 34 18 0 0 0 43 0 22 0 2 0 15 18 0 2 5 0 0 0 0 0 0 22 0 0 0 0 12 0 0 0 0 1 0 0 0 0 0 0 9 0 0 0 0 0 0 0 0 0 0 0 18 0 0 35 0 6 12 0 13 0 12 19 23 12 0 18 24 39 17 16 14 0 0 0 0 0 0 0 9 3 10 0 5 0 93 0 0 1 9 0 22 12 0 0 0 0 0 0 0 0 0 0 0 0 16 0 0 0 0 0 0 0 0 0 0 0 0 0 0 0 0 0 0 0 3 0 15 0 0 80 83 3 1 10 0 0 0 0 0 1 0 0 0 0 0 0 0 0 0 0 0 0 0 10 0 0 0 0 0 0 0 0 
 1 2 26 3 75 149 0 74 6 2 4 2 0 0 4 209 0 1 0 1 38 117 44 280 116 259 125 83 71 304 48 46 303 568 80 113 76 35 0 219 8 0 2 0 2 0 0 3 1 0 65 0 0 2 2 0 3 2 4 0 0 0 8 2 0 0 0 3 0 0 0 0 0 4 0 0 0 0 0 0 0 0 0 9 31 15 0 0 14 22 16 24 0 0 0 0 0 0 16 0 12 35 19 0 0 0 0 20 0 0 8 0 20 21 29 27 18 0 0 16 0 0 0 0 0 0 0 0 0 37 0 0 0 0 0 0 0 0 0 0 0 1 0 0 0 0 0 0 0 0 0 0 0 0 0 0 0 0 0 0 0 16 0 16 1 13 0 14 14 9 29 5 6 0 0 0 0 0 0 0 45 8 0 13 0 0 33 39 10 15 1 0 30 1 16 0 1 13 15 17 0 0 0 0 0 0 0 0 0 0 0 16 0 6 0 0 0 0 0 0 0 0 0 0 0 0 0 0 11 0 0 0 0 0 0 0 0 0 0 22 0 0 22 0 0 0 33 0 1 0 0 0 0 0 15 0 0 1 0 0 3 0 0 0 0 0 0 0 0 0 0 0 0 0 0 1 0 0 0 0 0 0 0 0 0 0 14 0 0 0 
 1 25 0 8 150 73 0 3 0 189 2 0 0 2 1 36 0 0 0 0 108 143 61 363 64 35 57 130 141 210 53 48 394 176 123 140 206 54 219 0 34 8 7 2 0 0 8 2 3 3 3 2 0 4 0 6 6 0 6 0 0 0 11 2 0 2 0 5 0 2 2 7 0 0 1 4 3 4 0 0 0 0 0 19 22 17 0 0 6 0 0 0 0 0 10 0 0 18 0 0 9 3 31 0 8 0 9 20 1 9 36 0 0 43 30 1 18 21 0 15 0 0 0 0 0 0 0 0 12 2 0 0 0 0 0 0 0 1 0 1 0 0 0 0 0 0 2 0 0 6 0 0 0 0 0 0 0 0 0 0 0 0 1 4 0 2 0 0 1 0 0 4 3 0 9 0 0 0 0 0 19 0 26 32 0 0 32 37 20 13 0 1 40 0 101 0 16 21 0 6 0 0 0 0 6 0 0 0 0 0 0 0 0 0 0 0 1 0 0 0 0 0 0 0 0 0 0 0 0 0 0 0 0 0 0 0 0 0 0 0 0 0 8 0 0 1 0 0 0 0 0 0 0 0 9 0 0 10 2 0 1 2 1 0 0 0 0 0 0 0 0 0 0 0 0 0 9 0 0 0 0 12 0 0 0 0 15 0 0 0 
 0 0 0 2 0 0 0 3 0 0 0 0 0 0 2 0 0 0 0 0 12 2 0 61 1 64 61 7 0 24 61 64 2 8 0 11 0 7 8 34 0 137 305 120 260 39 146 53 40 38 43 28 135 347 89 105 36 65 76 61 0 0 0 0 0 0 0 1 0 0 0 2 0 0 2 0 58 0 4 0 0 0 0 0 0 0 0 0 0 0 0 0 0 0 0 0 0 0 0 0 0 0 0 54 0 7 0 0 0 18 7 17 0 6 3 9 34 10 0 0 0 41 13 27 1 1 9 10 0 16 14 0 1 8 0 27 32 0 0 17 0 2 0 0 0 0 9 23 0 0 0 0 1 14 0 0 0 0 0 0 0 0 0 0 0 0 0 0 0 0 0 0 0 0 0 0 0 0 0 0 14 0 1 20 7 8 0 17 7 5 0 0 0 0 28 0 4 5 0 4 0 20 0 24 0 1 9 11 8 13 22 12 0 0 10 0 0 22 10 0 0 1 0 0 0 0 0 0 8 0 0 0 0 0 0 0 0 0 14 0 0 0 10 0 0 0 0 0 0 0 0 20 0 0 0 0 0 0 0 2 2 1 0 0 0 0 2 0 0 0 0 0 0 0 0 0 0 0 0 0 0 11 0 0 0 0 0 7 0 0 
 0 0 0 3 0 0 0 0 2 0 0 0 0 0 0 7 69 10 0 0 6 5 9 0 1 124 1 2 3 2 0 19 3 0 0 2 7 14 0 8 137 0 290 372 117 33 364 131 201 166 318 304 59 383 335 70 250 166 490 40 0 0 0 0 0 0 0 0 0 2 0 1 12 0 2 6 0 3 12 0 0 0 0 0 0 22 0 0 0 0 0 0 0 0 0 0 0 0 0 0 0 0 0 0 5 14 0 0 3 0 0 0 0 0 0 0 0 0 0 0 0 15 36 1 0 17 6 0 1 0 30 0 9 5 29 16 34 9 0 0 4 0 0 0 0 0 4 0 0 1 0 0 0 6 0 5 2 0 0 0 0 0 0 0 7 0 0 0 0 0 0 0 0 0 0 0 0 0 0 0 22 4 0 0 4 0 0 0 0 0 11 1 0 0 0 0 0 0 0 0 4 0 28 14 7 0 6 4 0 0 28 0 0 9 25 28 3 14 0 30 0 0 0 0 0 0 17 0 0 0 0 0 0 0 9 0 0 0 15 0 0 0 0 0 0 0 0 0 0 0 0 15 0 1 0 0 0 0 0 8 0 0 11 0 1 12 2 0 0 0 9 0 0 0 0 0 0 0 0 0 0 0 0 0 9 0 0 4 0 0 
 0 0 0 0 0 0 0 0 3 0 4 0 0 0 0 0 0 2 0 0 0 0 0 0 2 55 2 0 0 0 0 0 0 0 0 0 0 0 2 7 305 290 0 316 114 66 78 297 173 213 156 68 88 323 58 79 130 104 102 38 5 0 0 0 0 1 0 0 0 0 0 0 59 0 2 3 5 0 60 0 0 0 0 0 0 0 0 0 0 0 0 0 0 0 0 0 0 0 0 0 0 0 0 0 0 0 0 1 0 0 0 0 0 0 0 0 0 0 0 0 0 1 0 46 0 26 25 0 0 9 18 0 6 29 38 20 0 7 0 1 14 1 0 0 16 0 15 0 0 7 0 0 29 26 7 8 5 0 37 3 0 0 0 0 1 0 0 0 0 0 0 0 0 0 0 0 0 0 0 0 0 0 0 0 0 0 0 0 0 0 0 0 0 0 0 0 0 0 0 7 11 16 87 27 7 1 0 23 0 0 46 10 0 0 0 29 19 37 20 11 3 0 3 0 0 0 24 11 0 0 0 0 0 12 15 0 1 6 4 4 0 0 0 0 0 0 0 0 0 0 0 3 0 0 0 0 0 0 0 1 0 0 48 1 66 2 27 0 0 0 16 0 0 0 0 0 0 0 0 0 0 0 0 0 31 9 0 0 0 0 
 11 0 0 2 2 0 0 0 0 0 64 4 0 5 2 0 0 7 0 0 2 4 0 0 0 0 0 2 0 0 0 0 2 0 0 2 0 4 0 2 120 372 316 0 159 55 521 274 185 142 48 118 276 395 145 184 37 240 69 47 0 0 0 7 2 0 0 0 0 0 0 1 1 54 0 0 0 0 1 51 0 0 0 13 0 0 0 0 0 1 0 0 0 3 1 3 0 3 0 0 6 0 0 0 0 7 7 0 0 0 0 0 4 0 0 0 0 0 0 0 0 0 10 8 10 31 11 0 7 37 13 6 0 7 11 13 31 11 0 0 3 0 0 0 0 0 2 12 6 6 0 0 0 29 0 10 7 0 0 0 19 0 11 5 0 0 0 0 6 0 0 3 0 2 0 0 0 0 6 0 0 0 0 0 0 0 0 0 0 0 0 0 0 0 0 0 0 0 0 0 0 0 9 28 17 17 10 0 0 0 18 0 0 0 0 11 0 1 0 0 28 33 0 0 0 0 1 20 0 0 8 0 0 3 12 0 0 0 0 23 0 0 28 0 0 0 0 0 0 0 0 3 0 2 0 0 0 0 0 8 0 27 5 0 2 2 1 64 0 0 34 0 0 0 0 0 0 0 0 0 0 4 0 0 11 9 0 0 0 0 
 1 0 0 0 0 0 0 0 0 0 0 0 0 0 6 0 0 0 5 0 3 2 0 0 2 0 0 0 0 0 0 0 0 2 0 0 0 3 2 0 260 117 114 159 0 268 67 68 400 140 160 128 288 360 101 180 116 99 278 66 0 0 0 0 0 0 0 50 19 1 0 2 55 0 1 0 0 0 58 0 0 0 0 0 0 0 0 0 0 0 0 0 0 0 2 0 0 0 0 0 15 0 0 0 0 0 0 0 0 17 0 0 0 0 0 2 0 3 0 0 0 0 0 0 11 33 0 6 6 13 19 31 0 6 0 1 0 11 0 0 57 0 0 0 0 0 17 10 10 23 0 0 0 14 15 41 37 11 0 10 0 0 0 3 0 0 0 0 0 0 0 0 0 0 0 0 0 0 0 0 0 0 0 0 0 0 0 0 0 0 0 0 0 0 0 0 0 0 0 0 8 11 0 44 21 15 0 13 0 21 20 15 0 0 0 0 10 9 0 0 14 0 12 0 0 0 14 0 0 7 0 0 19 0 26 7 0 13 2 35 0 0 0 0 0 0 0 0 0 0 0 4 0 0 0 0 0 0 0 1 0 0 126 0 0 3 0 2 1 0 40 0 0 0 0 0 0 0 0 0 0 0 0 0 8 0 0 0 0 0 
 0 0 0 0 0 0 0 0 0 0 0 0 0 0 0 0 0 0 0 0 0 0 0 0 1 0 202 0 0 0 0 0 0 0 0 0 0 0 0 0 39 33 66 55 268 0 45 127 49 42 130 46 15 62 128 72 50 45 258 48 0 0 0 0 0 0 21 50 0 0 0 2 0 0 3 0 0 0 0 50 0 0 0 0 0 0 0 0 0 0 0 0 0 0 0 0 0 0 0 0 0 0 0 0 0 0 0 0 0 0 0 0 0 0 0 0 0 0 0 0 0 0 0 0 20 0 0 0 0 30 0 25 0 0 0 19 0 0 0 0 10 9 0 0 0 0 21 0 0 8 0 0 17 0 20 0 8 0 3 0 0 0 0 0 0 0 0 0 0 0 0 0 0 0 0 0 0 0 0 0 0 0 0 0 0 0 0 0 0 0 0 0 0 0 0 0 0 0 0 0 0 0 0 0 0 1 0 0 0 6 0 39 0 0 0 0 0 0 0 0 22 2 23 0 0 0 0 68 10 7 0 7 25 19 0 0 0 0 28 34 0 0 0 0 0 0 0 0 0 0 0 8 0 0 0 0 0 0 0 0 0 0 1 1 1 2 0 0 0 5 0 0 0 0 0 0 0 0 0 0 0 0 0 0 0 0 0 0 0 0 
 0 0 0 3 0 0 0 0 0 0 0 0 0 0 0 0 0 0 3 0 11 2 0 0 29 0 0 2 0 0 1 207 3 0 0 0 0 0 0 8 146 364 78 521 67 45 0 192 61 329 328 286 169 256 71 157 186 35 68 201 0 9 0 0 0 0 0 10 18 0 3 3 0 52 5 5 2 0 8 2 0 0 0 0 0 0 0 0 0 0 0 0 0 0 0 0 0 0 0 0 0 0 0 0 0 7 0 0 0 0 0 0 0 0 0 0 0 0 0 0 0 10 1 10 12 10 0 22 7 10 13 0 0 17 7 3 21 10 6 0 7 1 0 3 12 0 5 0 0 0 0 0 14 7 0 0 0 16 0 0 0 12 0 3 0 0 0 0 0 0 0 0 0 0 0 0 0 0 0 0 0 0 0 0 6 11 0 0 0 0 0 0 0 0 0 0 0 0 0 0 15 32 11 8 6 0 21 11 13 30 43 0 13 30 6 0 0 17 8 13 5 0 5 8 0 0 0 6 10 9 0 0 0 0 3 0 1 0 12 7 0 0 0 0 0 0 0 0 0 0 0 8 0 0 0 0 0 0 0 0 0 0 0 0 64 2 9 0 2 0 0 0 0 0 0 4 0 0 0 0 17 0 0 0 10 0 0 9 0 0 
 0 0 0 0 0 0 0 0 0 0 33 0 0 0 0 0 0 0 0 0 4 15 2 21 66 74 2 2 2 2 6 2 2 2 6 2 2 2 3 2 53 131 297 274 68 127 192 0 76 258 44 93 92 378 63 61 160 42 316 72 3 0 1 0 0 0 1 0 0 3 0 1 0 0 4 0 0 0 0 2 0 0 0 0 0 0 0 0 0 0 0 0 0 0 0 0 0 0 0 0 0 0 0 15 0 0 0 0 0 0 11 31 0 0 5 0 0 9 0 0 36 27 0 4 15 0 24 9 30 24 15 0 20 0 10 5 0 28 2 0 26 17 0 0 0 0 10 0 0 0 0 0 14 0 10 0 0 0 9 0 0 0 0 0 0 0 0 0 0 0 0 0 0 0 0 0 0 0 0 0 0 0 4 0 0 10 0 0 0 0 0 3 0 0 0 0 0 4 0 0 31 2 7 15 0 14 0 18 1 0 1 14 19 10 6 10 0 0 34 30 0 0 0 0 0 0 11 0 0 0 0 0 0 0 10 0 0 0 11 6 0 0 0 0 0 0 0 0 0 0 0 12 0 0 0 0 0 0 15 0 0 0 0 0 3 0 0 0 3 0 0 0 0 0 0 0 0 0 0 0 0 0 0 0 0 0 0 0 0 0 
 2 0 61 100 1 2 3 0 62 30 59 0 0 0 0 62 53 0 8 0 4 2 1 0 1 0 0 2 2 0 3 0 1 0 0 1 5 4 1 3 40 201 173 185 400 49 61 76 0 220 124 194 83 89 412 169 62 44 100 62 0 7 1 8 4 0 0 0 20 0 7 2 57 3 4 0 0 4 55 53 0 0 0 7 0 0 0 0 0 0 11 0 0 0 0 0 0 8 0 0 0 0 0 0 0 0 0 0 0 0 0 0 0 0 10 0 0 0 0 10 0 0 1 0 30 4 0 0 0 23 14 71 0 0 0 0 0 0 0 0 7 1 0 0 0 0 10 0 0 11 0 1 0 11 0 9 7 24 5 0 0 0 0 0 0 4 0 0 0 0 0 2 0 0 0 0 0 0 0 0 12 0 0 0 0 0 0 0 0 0 0 0 0 0 0 0 0 9 0 8 0 0 0 20 13 0 0 0 0 3 5 12 0 0 0 0 18 0 0 0 25 0 1 7 0 0 15 0 0 7 0 0 1 0 17 6 3 0 0 29 0 0 10 0 0 0 0 0 0 0 0 19 0 0 0 0 0 0 0 1 0 0 64 0 0 2 0 0 0 0 17 0 0 0 0 2 0 0 0 0 0 0 0 0 13 8 0 0 0 0 
 0 0 0 0 0 0 3 0 0 0 0 0 0 0 0 0 2 0 2 0 3 0 0 0 2 24 0 0 0 21 0 0 0 0 0 0 0 5 0 3 38 166 213 142 140 42 329 258 220 0 213 105 62 114 191 168 174 93 147 71 5 2 6 1 1 0 12 5 0 4 0 7 51 0 2 4 5 0 55 1 0 0 0 0 0 0 0 0 0 0 0 0 0 0 0 0 0 0 0 0 0 0 0 0 0 0 0 0 0 0 0 0 0 0 0 0 0 0 0 0 0 0 18 23 16 30 14 19 0 10 37 9 36 0 8 32 0 8 0 0 30 19 9 0 0 0 4 0 3 24 0 0 19 1 7 11 4 0 0 0 0 0 0 0 0 0 0 0 0 0 0 0 0 0 0 0 0 0 0 0 0 0 0 0 0 0 0 0 0 0 0 20 0 0 0 0 0 0 0 0 30 27 18 51 20 0 0 47 3 16 10 31 0 0 2 20 12 28 24 5 12 0 0 0 0 0 23 0 0 0 0 0 0 4 20 0 0 12 3 19 0 0 0 0 0 0 0 0 0 0 0 2 0 0 0 0 0 0 0 9 0 0 66 0 67 0 3 0 0 0 11 0 0 0 0 1 0 0 0 0 0 0 0 0 31 15 0 0 0 0 
 0 0 0 0 2 0 2 0 3 0 0 0 0 0 2 0 0 0 0 0 9 3 3 3 5 3 3 3 3 3 3 3 3 3 3 3 3 4 65 3 43 318 156 48 160 130 328 44 124 213 0 261 32 558 161 150 179 123 48 72 0 0 0 0 0 0 23 3 3 0 0 0 17 0 1 0 0 0 17 0 0 0 0 0 0 0 0 0 0 0 0 0 0 0 0 0 0 0 4 0 0 0 0 0 0 0 0 0 0 0 0 0 0 0 0 0 0 0 0 0 0 0 0 0 11 23 0 9 0 24 23 11 0 10 8 12 0 0 0 0 19 5 0 0 0 0 18 4 0 2 0 0 26 4 14 3 2 0 31 0 0 0 0 0 0 0 0 0 0 0 0 0 0 0 0 0 0 0 0 0 0 0 0 0 0 0 12 17 0 0 0 0 0 0 0 0 0 0 0 0 0 13 26 8 7 0 0 4 5 1 23 0 0 15 4 20 13 18 0 0 0 0 0 0 0 0 8 0 0 0 0 0 0 0 25 0 0 0 27 6 0 0 0 0 0 0 0 0 0 0 0 4 0 1 0 0 0 0 0 0 0 0 17 0 63 0 2 0 1 0 10 0 0 0 0 0 0 0 0 0 0 0 0 19 28 0 0 7 0 0 
 9 0 3 2 5 3 0 3 3 0 6 0 0 1 2 0 64 15 0 0 3 6 30 1 2 0 2 2 0 0 0 0 5 0 0 0 0 9 0 2 28 304 68 118 128 46 286 93 194 105 261 0 26 238 77 90 129 154 44 36 20 0 0 0 4 1 0 7 1 0 0 1 0 51 2 0 1 0 0 0 0 0 0 0 1 0 0 0 31 3 0 1 0 0 0 0 4 0 0 0 4 0 1 0 0 0 4 0 0 0 0 0 10 0 0 0 0 0 0 0 0 9 0 0 11 24 0 1 9 40 1 21 0 10 13 30 0 0 0 0 2 0 0 0 0 0 37 0 0 4 0 0 24 0 16 4 2 0 16 3 1 0 0 0 3 7 0 0 1 0 0 0 0 0 0 0 0 1 0 0 0 0 0 0 0 0 0 0 0 0 0 0 0 0 0 0 0 0 1 0 0 29 21 1 6 7 0 1 0 0 19 0 0 0 20 0 0 10 0 0 0 0 0 0 0 0 0 15 0 0 21 0 0 0 10 0 0 0 37 8 0 0 0 0 0 0 1 0 0 0 0 16 0 1 0 0 0 0 0 0 0 1 1 3 63 0 0 2 4 14 12 0 0 0 0 0 0 0 0 0 0 1 0 0 24 0 0 7 0 6 
 0 0 0 0 0 0 0 0 0 0 0 0 0 0 0 0 0 4 0 0 1 68 61 117 45 89 1 2 1 0 132 63 0 0 0 60 62 62 0 0 135 59 88 276 288 15 169 92 83 62 32 26 0 323 41 52 238 15 110 60 0 0 0 0 0 0 0 1 0 44 0 0 0 0 2 0 3 201 6 0 0 0 0 0 0 0 0 5 0 0 0 0 0 2 0 0 0 0 0 0 0 0 11 24 19 1 0 1 19 6 0 0 0 0 0 3 10 0 0 0 20 0 9 33 0 1 6 10 0 9 1 0 13 0 2 15 0 0 0 26 0 1 5 0 0 0 0 0 0 0 0 0 2 1 0 0 0 0 2 2 0 0 0 0 0 0 0 0 0 0 0 0 0 0 0 5 17 0 0 0 1 3 0 0 1 11 0 0 0 29 0 0 0 0 0 0 46 0 0 0 14 0 0 1 0 0 2 11 14 4 10 14 0 9 0 1 0 11 13 22 0 0 18 0 0 0 0 0 0 0 0 0 0 0 19 0 0 0 0 0 0 0 0 0 0 0 4 0 0 32 0 3 0 2 0 0 0 0 0 1 0 22 0 0 0 17 0 0 1 0 0 0 0 0 0 0 0 0 0 0 0 6 0 0 0 0 0 0 0 0 
 9 3 3 5 3 3 3 6 9 3 3 3 3 3 5 3 3 3 3 3 5 0 5 0 12 72 0 0 0 0 0 8 2 0 0 0 0 7 2 4 347 383 323 395 360 62 256 378 89 114 558 238 323 0 207 125 75 87 89 72 0 0 0 0 0 0 0 0 0 50 0 2 0 0 2 0 20 203 5 0 0 0 0 0 0 0 0 0 0 0 0 0 0 0 0 0 0 0 0 0 0 0 0 0 0 8 0 0 0 0 16 19 0 0 0 0 0 0 0 0 0 17 35 28 13 0 0 29 10 19 34 0 5 17 0 59 48 4 6 26 16 2 0 0 0 0 0 26 0 0 0 0 28 20 1 0 0 0 0 12 0 10 0 0 0 0 0 0 0 0 0 3 0 0 0 0 0 0 0 0 0 0 0 30 7 0 0 0 0 0 0 0 0 0 0 0 0 0 0 0 12 12 4 27 10 0 41 64 14 49 8 9 0 6 0 1 0 24 5 0 0 0 0 0 0 0 0 0 0 0 0 0 0 0 0 0 0 0 21 8 0 0 0 0 0 0 0 0 0 0 0 8 0 2 0 0 0 0 0 1 0 0 2 0 2 3 2 0 1 0 0 0 0 0 0 0 0 0 0 0 0 0 7 0 13 0 0 8 0 0 
 1 70 0 0 0 0 0 0 0 0 2 20 0 0 0 0 0 0 0 0 3 0 0 0 1 1 57 0 0 0 0 0 0 0 0 0 0 1 2 0 89 335 58 145 101 128 71 63 412 191 161 77 41 207 0 266 184 47 64 90 4 1 0 0 6 0 3 10 4 0 0 0 0 2 4 0 0 0 0 0 0 0 0 0 0 0 0 0 0 0 0 0 0 0 0 0 0 0 0 0 0 0 0 0 0 0 0 0 0 0 0 0 0 0 0 0 0 0 0 0 0 0 32 8 39 2 0 5 12 0 49 5 0 24 23 25 10 12 0 0 11 2 3 1 0 0 36 15 5 0 0 0 22 41 3 7 0 0 23 0 0 0 0 3 0 0 0 0 0 0 0 0 0 0 0 0 0 0 0 0 0 0 0 0 9 0 0 0 0 0 0 0 0 0 0 0 0 0 0 0 4 13 9 24 10 0 0 25 16 5 28 4 0 0 0 11 2 18 0 0 14 8 0 0 0 0 5 0 0 0 0 0 0 0 0 0 0 0 21 7 0 0 0 0 0 0 0 0 0 0 0 2 0 0 0 0 0 0 0 0 0 0 3 0 0 2 2 0 0 1 0 0 0 0 0 0 0 0 0 0 0 0 0 0 0 19 0 22 0 0 
 2 0 0 0 2 2 0 89 2 1 2 0 1 0 5 2 1 2 1 2 2 1 1 3 1 0 1 1 1 1 0 1 2 1 1 1 1 6 0 6 105 70 79 184 180 72 157 61 169 168 150 90 52 125 266 0 90 157 48 67 2 5 0 8 7 49 0 6 0 3 11 18 1 5 2 1 0 8 0 12 10 0 0 0 0 0 0 0 0 0 0 0 0 0 0 0 0 0 0 0 0 0 0 0 0 0 0 0 15 11 0 0 0 0 0 0 0 0 0 0 0 0 15 4 12 6 0 21 6 1 46 1 0 19 9 20 21 24 0 0 0 0 0 0 0 0 19 1 0 0 7 4 60 4 0 0 0 1 19 0 0 0 0 33 0 0 0 0 0 0 0 0 0 0 0 0 0 0 0 0 0 0 0 15 0 0 0 0 0 0 0 0 0 0 0 0 0 0 7 0 19 9 0 6 18 9 0 19 0 20 33 0 0 0 19 8 0 14 0 0 13 0 0 0 0 0 0 15 0 4 15 0 0 9 7 13 6 0 17 0 0 0 13 0 0 0 0 8 0 0 0 7 0 0 0 0 0 1 0 1 0 0 0 1 1 2 1 1 2 0 4 0 0 0 0 0 0 0 0 0 0 0 0 0 0 14 0 7 0 1 
 0 0 0 0 0 0 3 0 5 0 0 0 0 0 2 0 0 0 1 0 6 3 3 3 3 3 3 3 3 3 3 3 3 3 3 3 65 3 3 6 36 250 130 37 116 50 186 160 62 174 179 129 238 75 184 90 0 46 74 45 0 0 8 0 1 1 0 7 4 7 0 0 0 0 2 0 0 0 3 0 0 0 0 0 0 0 0 0 0 0 0 0 0 0 0 0 0 0 0 0 0 0 0 0 0 0 0 0 0 0 0 0 0 0 0 0 0 0 2 0 31 0 0 0 33 1 9 45 12 24 19 8 0 19 1 33 0 41 3 0 2 0 0 0 0 6 1 0 0 0 0 0 34 0 0 0 2 9 0 0 0 0 0 1 0 0 0 0 0 0 0 0 8 0 0 0 8 14 0 0 0 0 0 0 0 0 8 0 0 0 22 0 0 0 0 0 0 0 0 0 47 21 0 11 13 0 0 30 7 20 0 15 0 0 7 12 0 12 11 1 0 6 0 0 52 15 0 0 0 0 0 13 0 0 0 0 0 0 28 9 0 0 0 0 0 0 0 0 0 0 0 23 0 0 0 0 0 0 0 0 0 0 2 1 1 0 1 0 0 0 0 0 0 0 0 0 0 0 0 0 0 0 0 0 1 10 0 0 0 0 
 64 3 3 3 5 3 3 3 13 3 4 3 3 4 3 3 3 5 7 3 0 0 0 0 1 0 0 0 1 0 0 2 0 1 0 0 0 1 2 0 65 166 104 240 99 45 35 42 44 93 123 154 15 87 47 157 46 0 38 50 54 0 0 2 1 5 3 1 1 0 0 2 78 31 1 2 0 2 54 2 0 0 0 17 0 0 0 0 0 0 0 0 0 0 0 0 0 0 11 0 0 0 0 0 0 0 0 0 0 0 0 0 0 9 0 0 0 0 0 0 0 0 12 7 8 11 0 0 0 9 20 35 0 9 0 6 5 0 0 0 23 5 3 0 0 0 4 10 11 10 0 0 7 20 5 14 4 0 1 13 0 0 0 0 15 0 0 0 0 0 0 0 0 0 0 0 0 0 0 0 0 0 0 0 0 0 0 0 0 0 0 0 0 0 0 0 0 0 0 0 0 0 0 54 17 12 0 0 7 0 2 6 0 0 0 0 18 0 0 0 11 11 0 0 0 0 18 20 14 0 0 0 1 14 14 0 0 0 10 17 0 0 11 0 0 0 0 0 0 0 0 8 0 6 0 1 0 0 0 2 0 2 64 33 0 2 0 64 0 0 14 0 0 0 0 0 0 0 0 0 0 0 0 0 14 8 0 6 0 0 
 6 0 0 0 0 0 6 2 3 0 3 13 0 8 0 0 0 0 0 0 7 5 3 65 66 3 5 5 4 35 129 134 3 3 3 104 3 79 4 6 76 490 102 69 278 258 68 316 100 147 48 44 110 89 64 48 74 38 0 156 0 0 0 0 0 3 0 0 0 0 2 0 0 1 2 0 0 0 0 0 0 0 0 6 0 0 0 6 0 1 5 0 0 5 0 5 0 6 0 0 43 2 0 30 1 15 0 0 0 22 0 17 3 0 0 0 20 8 0 0 31 0 9 0 0 0 17 0 0 0 0 0 3 10 8 0 0 0 2 28 0 1 9 9 0 0 0 0 0 0 0 0 0 0 0 0 0 0 0 0 8 0 0 0 4 0 0 5 7 0 0 27 0 19 0 0 0 0 0 0 0 32 0 0 8 23 0 0 4 34 5 13 0 0 1 9 10 0 0 0 0 18 0 0 0 0 15 17 0 0 0 0 2 10 19 3 7 0 31 0 0 0 0 0 0 0 0 0 0 0 0 0 0 0 0 0 0 0 0 0 0 0 0 0 0 0 0 0 0 0 0 7 0 2 0 0 0 0 0 1 0 14 4 0 1 3 9 0 0 0 0 0 0 0 0 0 0 0 0 0 0 4 0 0 0 0 0 0 0 0 
 0 0 0 0 0 0 0 0 0 0 0 0 0 61 0 0 0 0 0 0 0 0 73 64 95 64 0 0 1 36 133 70 0 0 0 0 62 27 0 0 61 40 38 47 66 48 201 72 62 71 72 36 60 72 90 67 45 50 156 0 0 1 3 4 0 3 0 5 0 0 5 13 0 9 2 0 0 8 2 14 0 0 0 0 0 0 0 0 0 0 0 0 0 0 11 0 0 0 0 0 0 1 0 19 35 9 0 0 14 0 7 19 0 0 0 0 0 1 0 0 20 20 9 26 15 1 17 22 75 7 0 0 18 0 0 0 14 9 7 32 0 0 0 0 0 0 0 0 0 0 7 6 6 0 0 0 0 0 0 4 0 0 0 0 0 0 0 0 0 0 0 0 0 0 0 5 0 0 0 0 0 0 6 0 7 22 0 0 18 0 0 8 0 0 0 19 0 0 0 0 6 22 0 0 15 0 27 0 16 0 0 14 41 31 27 2 40 0 32 65 0 4 0 3 4 0 0 0 0 0 5 3 0 0 4 8 3 0 3 0 0 0 0 0 0 0 0 0 0 0 0 14 0 0 0 0 0 67 0 0 0 0 0 0 0 21 6 0 0 0 6 0 0 0 0 0 0 0 0 0 0 0 0 0 0 0 0 0 0 0 
 0 0 0 0 0 0 44 0 2 0 0 0 0 0 0 0 0 0 0 0 3 0 0 0 2 0 0 25 0 0 0 28 0 0 0 0 0 0 0 0 0 0 5 0 0 0 0 3 0 5 0 20 0 0 4 2 0 54 0 0 0 148 110 273 246 45 128 49 37 69 95 34 162 65 138 106 137 87 131 44 0 0 0 0 0 0 0 0 0 0 0 0 0 0 0 0 0 0 0 0 0 0 0 0 0 0 0 22 0 16 0 0 0 0 0 0 0 0 0 0 0 0 0 1 6 0 0 0 0 1 0 7 0 0 0 0 0 0 0 0 13 0 34 0 12 0 28 0 15 19 0 7 22 0 53 32 7 4 0 5 0 0 0 0 8 0 0 0 0 0 0 0 0 0 14 0 0 0 0 0 0 0 0 0 0 0 0 0 0 0 0 0 0 0 0 0 0 0 0 0 0 0 0 18 0 1 0 0 2 0 0 9 0 0 0 0 0 0 0 0 2 19 1 3 0 0 20 9 6 14 0 0 0 52 14 7 27 13 1 15 2 0 0 0 0 0 0 0 0 0 0 0 0 0 21 0 0 0 0 0 0 0 8 21 0 0 1 0 0 0 0 0 0 2 2 3 0 0 0 0 0 0 0 0 0 0 0 0 0 0 
