 0 104 194 57 336 36 251 377 57 129 114 47 387 388 74 36 128 77 74 543 0 0 2 0 0 0 0 0 4 3 2 4 0 0 0 69 0 0 0 0 0 0 0 0 0 6 0 0 0 0 0 0 0 0 33 0 0 0 0 0 0 0 0 0 0 0 0 0 0 0 0 0 0 0 2 0 1 0 0 4 24 11 54 0 0 16 27 62 10 0 7 21 0 2 9 48 15 0 10 0 0 0 0 0 0 0 0 0 0 0 0 0 9 0 0 0 0 0 0 2 0 0 0 0 0 0 0 0 0 0 0 0 0 0 0 0 0 0 0 0 0 0 0 0 0 0 0 0 0 0 0 0 0 0 0 0 0 0 0 5 11 20 0 0 5 11 1 21 0 9 0 0 1 0 0 28 31 7 0 10 0 0 0 1 0 0 0 0 0 0 0 0 11 0 0 0 0 0 40 0 0 0 0 0 0 0 0 0 2 0 0 0 0 0 0 0 0 0 0 0 0 0 0 0 0 0 0 0 0 0 0 0 1 0 0 0 0 0 0 0 0 0 0 0 0 2 0 0 2 0 0 9 0 0 0 0 0 0 0 0 0 0 0 0 0 0 0 0 0 2 0 0 0 0 0 0 0 12 0 0 0 0 0 0 0 0 0 0 0 0 
 104 0 497 110 141 25 99 152 248 34 29 45 273 115 172 165 259 138 49 335 5 0 2 0 2 6 0 0 3 3 0 3 3 0 3 0 0 0 0 1 2 0 0 0 0 0 2 0 0 0 0 0 0 0 0 0 0 0 0 0 0 0 0 0 0 0 0 48 0 0 0 0 0 0 2 0 0 0 3 4 0 4 33 0 0 1 36 23 1 24 6 27 1 25 9 0 37 0 0 0 8 0 0 0 0 0 0 0 0 0 0 0 0 0 0 0 11 0 2 2 0 0 2 0 0 0 0 0 0 0 0 0 0 0 0 0 0 1 14 0 0 0 0 0 0 0 13 0 0 2 0 0 1 0 0 0 0 0 0 0 9 44 8 19 12 2 2 14 12 16 14 0 10 0 15 25 2 0 0 41 1 0 0 2 0 0 0 7 0 0 0 0 0 0 13 0 0 0 0 0 0 0 0 0 0 0 0 0 0 0 0 0 0 20 0 0 0 0 0 0 0 0 0 0 16 0 0 0 0 0 0 0 2 0 0 0 0 0 0 0 0 16 0 0 0 2 0 0 2 0 1 4 0 0 0 0 0 0 0 0 0 0 0 0 0 0 0 0 0 0 0 0 0 0 0 0 16 11 0 0 0 0 0 0 0 0 0 0 0 0 
 194 497 0 205 72 116 273 99 796 61 225 34 150 330 60 157 151 310 384 138 0 0 1 0 0 0 0 0 2 3 0 4 1 0 0 0 0 0 0 47 0 0 0 2 0 0 1 0 0 0 0 0 0 0 0 77 0 0 0 0 0 3 11 0 0 1 0 0 0 0 0 0 0 0 2 1 0 0 0 5 7 37 6 0 0 22 22 1 15 13 0 33 21 27 0 35 11 0 0 5 17 0 0 0 0 0 0 8 13 0 0 0 17 1 0 13 0 0 0 0 0 0 17 0 0 0 0 0 0 22 0 0 0 0 0 0 0 0 0 0 0 0 0 0 0 0 0 0 0 0 0 0 0 0 0 0 0 0 0 0 1 21 1 9 17 11 0 0 9 1 44 8 18 24 0 28 0 0 2 9 1 0 0 0 0 0 0 0 8 2 0 0 8 31 2 0 0 0 0 0 0 0 0 0 0 0 0 0 0 0 0 0 0 0 0 0 0 0 0 0 0 0 0 0 0 0 0 0 0 0 0 0 0 0 0 0 0 1 0 0 0 0 0 0 0 0 1 0 1 1 2 13 0 2 0 0 0 0 0 0 0 0 7 0 0 0 0 0 0 0 0 0 0 0 0 20 11 10 0 0 0 0 0 0 0 0 0 0 0 0 
 57 110 205 0 393 49 80 153 107 88 290 154 69 96 174 137 32 531 100 172 77 0 2 0 0 0 149 0 2 3 0 3 84 0 0 0 9 0 24 73 0 0 0 1 0 0 1 0 0 0 0 0 0 0 0 0 0 0 0 0 0 0 1 0 1 0 0 0 0 0 0 0 0 0 2 52 0 0 0 3 0 1 0 15 11 0 0 0 0 0 1 27 0 26 0 2 0 12 0 0 19 14 0 0 0 0 18 21 8 8 0 0 15 21 0 0 0 0 0 21 10 0 14 0 0 0 0 0 0 0 0 0 0 0 0 1 0 0 0 0 0 0 0 14 0 0 0 15 0 0 0 0 0 0 0 0 0 0 4 0 0 0 30 0 0 24 1 0 6 2 38 10 0 0 0 35 0 0 0 11 7 0 0 0 0 0 13 18 0 0 0 0 0 23 18 0 0 0 0 28 0 0 2 0 0 0 0 0 0 0 0 0 0 0 23 0 0 0 0 0 0 0 2 2 0 0 0 0 0 0 0 0 0 0 0 0 0 0 0 0 0 14 0 0 0 4 0 2 11 1 0 8 18 0 0 0 0 0 0 0 0 0 0 0 0 0 0 0 0 0 0 0 0 0 0 25 0 0 0 0 0 0 0 0 0 0 0 0 0 0 
 336 141 72 393 0 371 49 61 93 192 375 141 274 68 273 155 51 42 278 273 150 0 0 0 0 2 0 3 1 4 0 3 154 4 77 2 0 2 95 83 44 0 2 3 63 0 18 0 0 3 0 83 0 0 0 0 0 0 3 2 0 3 0 3 44 3 2 0 2 0 0 0 1 0 2 21 2 3 0 5 17 0 0 12 36 0 0 0 0 8 0 10 1 0 0 9 27 0 0 0 35 20 0 2 18 0 5 11 0 0 0 0 22 15 0 39 16 0 32 27 0 0 1 0 0 0 0 0 0 7 0 1 0 0 0 0 0 1 0 0 0 0 0 4 1 0 0 0 0 1 2 0 1 0 0 0 0 1 3 0 0 0 10 2 22 37 11 0 1 8 9 28 0 3 0 0 1 18 1 13 18 0 0 0 7 0 28 39 42 0 0 13 18 42 37 15 0 1 99 34 0 0 0 0 0 29 0 0 0 0 0 0 2 0 0 0 0 11 0 0 2 0 0 0 0 0 0 0 19 0 1 0 0 0 0 0 0 0 8 0 0 0 0 0 0 0 2 0 0 87 0 6 0 3 0 0 0 0 0 0 0 0 0 0 0 0 0 0 0 0 42 0 0 0 0 28 12 0 0 0 0 0 0 0 0 0 0 0 0 0 
 36 25 116 49 371 0 259 43 132 227 99 213 250 52 79 177 159 136 138 80 0 74 0 0 0 0 76 75 0 82 0 3 174 1 0 0 7 1 91 0 0 0 0 2 0 0 0 0 0 0 0 0 0 0 0 0 0 0 63 0 0 0 0 0 0 0 0 4 0 0 0 0 0 0 2 0 0 0 0 5 0 0 0 0 19 32 9 0 0 1 27 0 0 16 0 2 1 4 0 0 0 3 9 0 0 0 14 27 19 0 0 0 0 30 18 32 14 4 17 25 0 0 0 0 0 0 0 0 0 0 0 0 0 0 0 1 0 0 0 0 0 0 0 0 0 0 0 0 0 0 0 0 0 0 0 0 0 0 5 0 0 0 0 22 0 0 0 0 12 0 18 0 0 0 0 0 12 18 11 12 12 11 0 0 10 0 29 21 21 15 13 2 44 21 12 1 0 15 19 39 0 0 0 1 0 0 0 3 0 0 0 0 0 1 0 0 0 0 0 0 0 0 2 2 0 0 0 0 0 0 0 0 0 0 0 0 0 0 15 0 0 0 0 0 0 4 92 0 86 45 10 2 0 0 0 0 0 0 0 0 0 0 0 0 0 0 0 0 0 0 0 0 0 0 0 0 0 0 0 0 0 0 0 0 0 0 1 0 0 0 
 251 99 273 80 49 259 0 172 57 44 30 33 394 161 147 128 106 41 410 189 3 0 3 0 0 0 1 1 1 3 0 2 0 0 0 0 0 0 75 0 0 0 0 0 0 0 0 0 0 0 0 1 0 0 0 0 0 0 0 62 2 0 2 0 0 0 0 0 0 0 0 1 0 0 5 0 0 2 4 6 52 12 44 0 0 0 32 10 26 9 10 0 24 12 25 26 0 27 13 20 1 0 0 0 0 0 0 0 0 1 0 0 0 0 0 0 0 0 0 0 0 0 0 0 0 13 0 0 0 0 0 0 0 2 0 0 0 0 0 0 0 1 1 0 0 0 1 1 0 0 3 0 0 0 1 0 0 0 0 0 34 39 2 11 0 0 43 0 8 0 0 0 22 26 60 39 0 0 19 0 0 0 0 0 0 0 0 0 2 0 0 0 0 0 0 0 0 0 0 0 0 0 0 0 0 0 0 0 0 8 0 0 0 0 0 0 0 0 0 0 0 0 0 0 0 0 2 0 0 0 0 0 0 0 0 0 0 0 0 0 0 0 0 0 0 0 2 2 1 0 2 2 0 0 0 0 0 0 0 0 0 0 0 0 0 0 0 0 2 0 0 0 0 0 0 0 0 1 0 0 0 0 0 0 0 1 0 0 0 0 
 377 152 99 153 61 43 172 0 168 127 110 24 111 84 272 74 281 26 136 157 2 0 1 0 3 0 0 0 1 3 0 4 0 0 0 0 0 0 2 1 0 2 0 2 0 0 1 0 0 0 0 0 0 0 0 0 0 0 0 0 0 0 0 0 0 0 0 0 0 0 0 0 0 0 2 0 0 0 0 5 1 11 35 17 18 0 17 20 31 0 20 38 16 11 0 14 1 19 0 0 0 0 0 0 0 0 0 0 0 0 0 0 10 0 0 0 0 0 0 1 0 0 0 0 0 0 0 0 0 0 0 0 0 0 0 0 0 0 0 0 0 0 0 0 0 0 0 0 0 1 0 0 16 0 0 0 0 0 0 0 17 3 0 13 20 11 1 9 20 9 0 1 9 11 2 27 29 6 11 8 0 0 0 0 0 0 0 0 0 0 0 0 0 0 0 16 0 2 17 0 0 0 0 0 0 0 0 0 0 0 0 0 0 0 0 0 0 0 14 0 0 1 0 0 2 0 0 0 0 0 0 2 0 0 0 0 0 0 0 0 0 0 0 0 0 1 1 0 0 1 0 7 0 0 0 0 0 0 0 0 0 0 1 0 0 0 0 0 0 0 0 0 0 0 0 0 0 5 0 0 0 0 0 0 0 0 0 0 0 1 
 57 248 796 107 93 132 57 168 0 206 163 29 192 199 159 241 91 55 54 93 0 0 2 3 0 0 0 1 1 3 0 3 77 0 0 0 0 0 77 73 0 2 0 1 0 0 0 0 0 7 0 2 0 0 0 0 0 0 63 0 0 4 2 0 9 53 2 0 0 0 0 0 0 0 2 0 0 2 1 3 0 1 1 37 0 15 34 39 20 57 15 46 0 0 0 0 25 0 0 0 18 0 0 0 0 0 11 19 0 0 0 0 10 13 0 19 0 0 2 5 0 0 2 0 0 0 27 0 0 6 0 0 0 0 0 0 0 2 0 0 30 0 0 0 0 0 0 0 0 2 1 0 0 0 0 0 0 0 0 0 10 25 6 24 20 17 1 10 0 0 0 10 0 0 0 17 16 0 0 19 21 0 0 1 0 0 0 7 45 0 0 0 26 11 66 0 0 0 0 0 0 0 12 0 0 0 0 0 1 0 0 0 1 0 0 0 0 0 0 0 1 0 0 0 15 0 0 0 0 0 0 0 2 0 0 0 0 0 0 0 0 0 0 0 0 0 87 0 3 93 0 2 0 0 0 0 0 0 0 0 0 0 5 0 0 0 0 0 0 1 0 0 10 0 0 0 23 11 0 0 0 0 0 0 0 0 0 0 0 0 
 129 34 61 88 192 227 44 127 206 0 224 129 38 177 308 280 59 141 77 91 2 0 0 0 0 4 0 81 2 6 3 3 103 6 2 93 0 3 2 2 2 2 2 5 0 0 2 3 0 0 5 0 3 0 0 0 2 7 3 5 0 0 5 0 0 0 3 3 0 1 0 0 0 0 2 9 44 3 52 3 14 9 16 65 0 26 12 20 4 6 34 23 0 14 0 11 12 24 0 0 2 0 0 0 0 0 0 7 0 2 0 0 23 1 0 12 0 0 0 0 0 0 0 0 13 0 0 0 0 7 0 0 0 0 0 0 0 0 0 0 2 0 0 0 5 1 0 2 0 0 0 0 0 0 2 0 2 0 0 0 0 2 19 5 0 22 11 60 10 28 37 36 0 0 0 21 30 25 0 13 7 0 0 0 0 0 0 9 26 0 0 0 23 8 17 0 0 0 32 22 0 0 0 1 0 0 0 2 0 0 0 0 0 0 0 0 0 0 0 0 0 0 0 0 0 0 0 0 0 0 0 0 0 0 0 0 0 0 0 19 0 0 0 0 0 5 87 0 51 174 11 5 0 0 0 0 1 0 0 0 0 0 0 0 0 0 0 0 0 0 0 0 0 0 0 0 14 0 0 0 0 0 0 0 0 2 0 0 0 0 
 114 29 225 290 375 99 30 110 163 224 0 142 38 130 85 164 197 318 52 67 80 0 1 0 0 2 0 0 3 4 3 9 81 0 75 8 3 2 65 120 0 1 0 2 0 0 2 2 0 2 2 0 0 2 0 0 3 0 0 0 0 1 4 1 33 0 0 0 0 1 3 2 0 2 2 0 0 3 2 5 0 11 10 0 11 16 0 13 1 7 10 11 1 14 2 1 14 13 0 0 1 0 0 0 0 0 0 1 8 10 0 0 65 14 2 14 2 1 5 18 1 0 29 0 16 0 1 0 0 0 0 0 12 0 1 0 0 0 0 0 0 0 0 0 0 0 0 0 0 0 0 0 0 0 0 0 0 0 0 0 0 0 9 1 0 11 2 7 10 13 64 42 1 0 0 0 10 27 0 0 16 0 0 0 0 0 9 0 0 0 0 0 0 10 0 22 2 0 8 0 0 0 0 0 0 0 0 0 0 0 4 0 0 0 0 0 0 2 15 0 0 17 0 0 0 0 0 0 0 0 0 0 0 0 0 0 2 0 0 0 0 0 0 0 0 2 92 0 1 5 0 0 0 0 0 0 0 0 0 0 0 0 2 0 0 0 0 0 0 0 0 0 0 0 0 23 0 0 0 0 0 0 0 0 0 0 0 8 0 0 
 47 45 34 154 141 213 33 24 29 129 142 0 40 35 263 256 123 163 44 48 35 74 0 0 2 1 154 76 0 3 0 3 132 3 0 0 0 0 292 37 3 0 0 1 0 0 0 0 0 0 0 0 0 0 0 2 0 0 0 0 0 0 0 0 51 0 0 0 0 0 0 0 0 0 2 0 0 0 0 4 0 0 2 14 34 22 0 0 0 14 12 0 0 0 0 0 1 0 17 1 1 0 9 0 0 0 16 39 0 8 0 1 3 47 11 26 13 0 24 8 0 0 0 0 0 0 0 0 0 0 0 0 0 2 0 0 0 0 0 0 0 1 1 0 0 1 1 0 0 0 0 0 0 0 1 0 0 0 4 0 0 1 14 23 1 14 0 0 9 0 15 2 0 0 0 0 0 24 0 0 52 15 11 0 0 0 20 13 29 1 20 0 26 21 18 0 0 14 19 25 0 0 0 0 0 0 0 0 0 0 0 0 0 0 1 0 0 0 0 0 0 0 0 0 0 0 2 0 0 0 0 0 0 0 0 0 0 0 0 0 0 0 0 0 0 8 178 0 1 46 0 9 9 0 0 0 0 0 0 0 0 11 1 0 0 0 0 0 0 0 0 0 0 0 0 0 0 0 0 0 0 8 0 0 0 1 0 0 0 0 
 387 273 150 69 274 250 394 111 192 38 38 40 0 94 345 19 227 89 532 166 0 0 1 0 0 0 0 1 2 3 0 3 0 0 0 1 0 0 2 0 0 0 0 2 1 0 0 0 0 0 0 0 0 0 0 0 0 0 0 0 0 0 0 0 0 0 0 0 0 0 0 44 0 0 2 37 0 0 0 5 11 25 52 10 0 0 34 0 17 0 16 38 31 40 47 38 27 0 12 16 0 0 13 0 0 0 0 0 0 0 0 0 0 0 0 0 0 0 0 35 0 0 0 0 0 0 0 0 0 0 0 0 0 0 27 0 0 0 0 0 0 0 0 0 0 0 0 0 0 0 0 0 0 0 0 18 0 0 0 0 17 103 4 16 9 0 2 29 15 31 21 1 6 23 9 15 7 0 13 0 0 0 0 0 0 24 0 0 0 0 0 0 0 5 0 0 0 0 0 0 0 0 0 0 0 0 0 0 0 0 0 0 0 0 0 0 0 0 0 0 0 0 0 0 0 0 0 0 0 0 0 0 0 0 0 0 0 0 0 0 0 0 0 0 0 1 0 0 2 0 0 5 0 0 0 0 0 0 0 0 0 0 0 0 0 0 0 0 0 0 0 0 0 0 0 0 0 1 0 0 0 0 0 0 0 0 0 0 0 0 
 388 115 330 96 68 52 161 84 199 177 130 35 94 0 508 112 29 115 368 539 2 0 0 0 0 2 0 0 2 3 2 3 1 0 0 0 0 0 0 2 0 0 0 0 0 0 0 0 0 0 0 0 0 0 29 0 0 15 0 0 0 50 0 0 0 0 0 0 0 0 0 0 0 0 2 0 0 1 0 4 19 2 7 15 0 17 21 94 27 0 0 0 21 15 28 38 22 26 9 9 0 0 0 0 0 2 0 0 0 0 0 0 10 0 0 0 0 0 0 22 0 0 0 0 9 0 10 0 0 1 0 0 0 0 0 0 0 0 0 0 0 0 0 0 0 0 0 0 0 0 0 0 0 0 0 0 0 0 0 0 20 24 9 0 0 1 20 0 4 15 19 18 18 2 29 11 31 0 0 12 0 0 0 0 0 0 0 0 0 0 0 0 0 0 0 0 0 0 0 0 0 2 0 0 0 0 0 0 0 0 0 0 0 0 0 0 0 0 0 0 0 0 0 0 0 0 0 0 0 7 0 0 0 0 1 0 0 2 0 0 0 15 0 0 0 0 1 0 0 2 0 6 0 0 0 0 0 0 0 0 7 0 0 0 0 0 0 0 0 0 0 0 0 0 0 0 0 0 0 0 0 0 0 0 0 0 0 0 0 0 
 74 172 60 174 273 79 147 272 159 308 85 263 345 508 0 298 54 49 91 97 0 0 0 0 0 0 0 0 2 4 0 4 0 0 0 0 2 0 0 0 0 0 0 2 0 0 0 0 0 0 0 0 0 3 0 0 0 0 0 0 0 0 0 0 0 0 4 0 0 0 0 0 0 0 2 50 2 0 0 5 12 0 12 0 0 20 18 20 15 0 19 0 29 20 2 13 10 26 0 0 0 0 0 0 0 0 1 0 0 0 0 0 11 1 0 0 0 0 0 1 0 0 0 0 14 0 0 0 0 0 0 0 0 0 0 0 0 0 1 0 0 0 0 0 0 0 0 0 0 0 0 0 0 0 0 0 0 0 0 0 1 0 23 0 14 0 13 0 22 9 13 48 14 7 0 3 3 14 0 24 0 0 0 0 0 0 0 2 0 0 2 0 15 2 0 1 0 0 10 0 0 0 0 0 0 0 0 0 0 0 0 2 0 0 0 0 0 0 0 0 0 0 0 0 0 0 0 0 0 0 0 0 0 0 0 0 0 14 0 0 0 12 0 0 0 0 92 0 94 2 10 4 0 0 0 0 0 0 0 0 0 0 0 0 0 0 0 0 0 0 0 0 0 0 0 0 1 0 0 0 0 0 0 0 0 0 0 0 0 0 
 36 165 157 137 155 177 128 74 241 280 164 256 19 112 298 0 388 161 16 70 3 0 0 5 6 0 79 0 1 4 2 4 37 0 0 0 2 0 0 0 0 0 0 2 3 3 2 0 0 0 3 3 0 0 0 0 3 3 0 0 0 0 0 0 0 2 0 0 0 0 0 58 0 0 2 1 0 1 0 4 0 0 0 0 0 41 10 0 12 20 49 0 20 19 0 0 8 16 0 0 18 0 0 0 0 0 1 1 0 0 0 0 10 9 9 0 0 0 0 1 0 0 0 0 0 0 0 0 0 0 0 0 0 0 0 0 0 0 0 0 0 0 0 0 0 0 0 0 0 0 0 0 0 0 0 0 0 0 7 0 3 0 7 24 9 0 2 0 32 0 26 0 0 9 0 11 34 23 12 16 1 0 0 0 0 0 10 11 0 0 0 0 25 7 22 0 0 0 16 0 0 0 0 0 0 0 0 0 0 0 0 0 0 0 0 0 0 0 0 0 0 0 0 0 0 0 0 0 0 0 0 0 0 0 0 0 0 13 0 0 0 1 0 0 0 1 87 1 90 3 9 3 0 0 0 0 0 0 0 0 0 0 0 0 0 0 0 0 0 0 0 0 0 0 0 0 39 0 0 0 0 0 0 0 0 0 0 0 0 0 
 128 259 151 32 51 159 106 281 91 59 197 123 227 29 54 388 0 561 43 122 0 3 0 2 1 0 78 7 5 5 2 7 37 0 0 0 0 0 4 3 0 0 0 0 0 0 1 0 0 0 0 0 0 0 0 0 0 3 2 0 0 0 0 2 0 2 1 0 0 0 1 0 0 0 2 0 0 0 0 7 0 23 38 1 0 0 0 34 22 14 41 16 0 13 0 22 13 25 0 0 0 0 0 0 0 0 0 20 0 0 0 0 24 10 13 0 0 0 0 0 0 0 14 0 0 12 0 0 0 0 0 0 8 0 0 1 0 0 0 0 0 0 0 0 0 0 0 0 16 0 0 0 0 0 0 0 0 0 6 0 11 27 0 37 24 11 1 12 22 32 46 14 12 16 13 11 0 9 15 1 0 0 0 0 0 0 11 0 0 0 0 0 19 13 0 0 0 0 0 0 0 0 0 0 1 0 0 0 0 0 0 0 0 0 0 0 0 0 0 0 0 0 0 2 0 0 0 0 0 0 0 0 0 0 0 0 0 0 0 0 0 0 0 0 0 2 88 0 1 0 0 8 40 0 0 0 0 0 0 0 0 0 0 0 0 0 0 0 0 0 0 0 0 0 0 0 10 0 0 0 0 0 0 0 0 0 0 0 0 0 
 77 138 310 531 42 136 41 26 55 141 318 163 89 115 49 161 561 0 48 260 0 0 0 0 1 0 40 0 3 3 0 4 74 0 0 1 0 0 72 73 0 0 0 1 0 0 2 3 0 0 63 0 0 0 0 0 0 0 0 2 0 0 4 0 0 0 1 0 0 0 0 0 0 0 2 3 1 0 0 3 8 14 13 15 0 8 0 0 0 9 24 13 19 21 0 16 20 1 0 6 0 0 0 0 0 0 0 10 0 0 0 0 36 5 14 0 0 0 0 16 0 0 17 9 0 0 0 0 0 6 0 0 0 0 0 0 0 0 0 0 0 0 0 2 0 0 0 0 0 0 0 0 0 0 0 0 0 0 5 0 0 17 17 14 1 28 2 0 18 14 40 16 1 18 0 0 15 23 0 0 0 0 0 0 0 0 11 0 0 0 0 0 0 27 0 0 15 0 19 0 0 0 0 0 0 0 0 0 0 0 0 0 0 0 0 0 0 0 0 0 0 0 0 0 0 0 0 0 0 0 0 0 0 7 0 0 0 0 0 0 0 0 0 0 0 2 3 0 0 91 0 8 2 0 0 0 0 0 0 0 0 0 0 0 0 0 0 0 0 0 0 0 0 0 0 14 0 0 0 0 0 0 0 0 0 0 0 0 0 0 
 74 49 384 100 278 138 410 136 54 77 52 44 532 368 91 16 43 48 0 378 0 0 36 0 0 0 0 0 2 3 0 4 0 0 0 0 0 0 0 0 0 0 0 0 0 0 0 0 0 0 0 0 0 0 0 0 0 0 0 0 0 0 0 0 0 0 0 0 0 0 0 0 0 0 2 55 1 0 0 4 9 17 12 11 12 0 26 18 0 13 0 0 86 62 29 26 0 26 18 0 0 0 0 0 0 0 0 0 0 0 0 0 0 0 9 2 11 0 0 0 0 0 0 0 0 0 0 0 0 0 0 0 0 0 0 0 0 0 0 0 0 0 0 0 0 11 0 0 0 0 2 0 0 0 0 0 0 0 0 0 26 72 0 0 0 0 18 15 1 0 0 0 37 19 62 0 0 0 0 0 0 33 0 0 0 0 0 0 0 0 0 0 0 0 0 0 0 0 0 0 0 0 0 0 0 0 0 0 0 0 0 0 0 0 0 0 0 0 0 29 0 0 0 0 0 15 0 0 0 0 0 0 0 0 0 0 0 0 0 0 0 0 0 0 0 0 2 0 1 0 0 0 0 0 0 0 0 0 0 0 0 0 0 0 0 0 0 0 0 0 0 0 0 0 0 0 0 0 0 0 0 0 0 0 0 0 0 0 0 0 
 543 335 138 172 273 80 189 157 93 91 67 48 166 539 97 70 122 260 378 0 0 0 2 0 1 0 0 0 1 3 0 3 0 0 0 0 0 0 0 0 0 0 0 2 0 0 1 0 0 0 0 0 0 0 0 0 1 0 0 0 0 0 0 0 0 0 0 0 0 0 0 0 0 0 2 0 0 0 0 5 24 0 0 14 9 1 22 0 0 1 0 18 5 0 39 0 60 23 12 18 0 0 0 1 0 0 0 0 0 0 0 0 1 0 0 0 0 0 0 12 0 0 2 0 0 1 0 0 0 0 0 1 0 0 0 0 0 2 0 2 0 0 0 0 0 0 0 0 0 2 0 0 1 0 0 0 0 0 0 10 41 16 0 0 5 2 28 19 1 0 0 0 26 5 21 19 12 0 47 10 2 0 0 0 0 0 0 0 0 0 0 0 0 0 0 0 0 0 0 0 0 0 0 0 0 0 0 0 0 0 0 0 0 0 0 0 0 0 0 0 0 0 0 0 0 0 0 0 0 0 0 0 0 0 0 0 0 0 0 0 0 0 0 0 0 3 0 0 0 0 0 3 0 0 0 0 0 0 0 0 0 0 0 0 0 0 0 0 0 0 0 0 0 0 0 0 0 14 0 0 0 0 0 0 0 0 0 0 0 0 
 0 5 0 77 150 0 3 2 0 2 80 35 0 2 0 3 0 0 0 0 0 178 312 227 38 115 235 107 116 39 279 170 95 138 185 264 193 170 117 122 7 3 3 0 0 3 2 0 6 2 0 0 1 0 0 0 0 0 0 5 2 0 0 3 53 0 2 0 0 0 0 0 0 0 40 0 0 0 1 0 0 0 0 0 7 0 0 0 0 0 0 0 0 1 0 0 0 0 0 0 26 14 19 40 0 0 18 2 27 19 32 29 0 11 0 20 18 0 19 27 0 0 0 0 0 0 0 0 0 0 0 0 37 0 2 0 2 0 21 2 1 0 0 16 0 0 0 0 0 0 0 0 0 0 0 0 0 0 0 0 0 0 20 0 0 16 2 0 0 0 0 0 0 0 0 0 0 22 2 0 33 18 19 0 13 0 40 26 0 12 14 0 23 0 5 27 13 9 3 19 0 0 2 0 0 0 0 0 0 0 0 0 0 0 0 0 0 0 38 0 0 0 0 0 0 0 0 0 0 0 0 0 0 0 0 0 0 0 0 0 0 0 0 0 0 0 0 0 0 0 0 0 0 0 4 0 0 0 121 4 8 0 0 0 0 0 0 0 0 0 0 0 0 0 0 0 0 0 0 0 0 0 0 0 0 0 0 0 0 0 
 0 0 0 0 0 74 0 0 0 0 0 74 0 0 0 0 3 0 0 0 178 0 112 428 28 67 283 385 223 41 295 223 45 143 92 312 195 193 114 48 0 3 3 0 0 3 2 5 8 2 0 0 0 0 0 0 0 0 0 0 3 0 0 3 4 0 2 50 3 0 0 0 0 0 2 0 0 0 2 2 0 0 0 0 0 9 0 0 0 0 29 0 0 0 0 0 0 1 0 0 32 2 28 10 0 0 0 24 23 23 30 6 0 21 0 13 1 36 34 0 0 2 0 0 0 0 12 0 0 0 0 0 7 0 7 0 0 0 22 11 0 0 2 0 0 0 0 1 6 0 0 0 0 0 0 0 0 1 0 0 0 0 0 5 0 0 2 0 0 0 0 0 0 0 0 0 0 0 0 0 6 0 28 30 18 52 11 32 0 20 10 22 0 0 0 34 46 14 10 6 0 1 9 0 0 0 0 0 0 0 0 0 0 0 0 0 0 0 10 0 0 0 0 0 0 0 0 0 0 0 0 2 0 2 7 0 0 0 0 0 0 0 0 0 0 0 0 0 0 73 0 0 0 0 7 0 0 15 1 0 2 2 21 0 0 0 0 0 0 0 0 0 0 0 0 0 0 0 0 0 0 1 0 0 0 0 0 0 0 7 
 2 2 1 2 0 0 3 1 2 0 1 0 1 0 0 0 0 0 36 2 312 112 0 212 57 33 366 288 142 171 245 34 342 172 101 261 140 219 58 51 40 3 27 1 0 3 7 0 0 2 0 5 71 0 8 1 3 5 5 71 2 0 6 3 3 0 3 5 5 0 0 0 0 0 2 0 6 0 1 2 0 0 0 0 0 1 0 0 0 0 0 0 0 0 0 0 0 0 0 0 0 16 19 20 16 3 13 0 30 0 39 0 0 12 17 0 19 46 16 7 8 0 0 0 1 0 0 1 0 0 0 0 1 0 0 0 0 0 0 0 0 0 0 0 0 0 8 0 0 0 0 0 0 0 10 0 2 0 0 0 0 0 0 0 0 0 2 0 0 0 2 0 0 0 0 0 0 0 0 0 0 1 0 0 0 0 0 0 7 46 13 0 10 0 0 15 19 19 1 0 0 0 0 0 0 0 2 8 0 0 0 0 0 0 0 0 0 36 30 21 0 0 0 0 0 19 0 1 0 0 0 0 0 0 0 0 0 0 0 0 0 0 0 0 0 0 0 0 0 0 0 0 0 0 6 0 0 0 174 2 0 0 1 51 0 0 0 0 0 0 0 0 0 0 0 0 0 0 0 10 0 0 0 0 0 2 9 0 0 1 
 0 0 0 0 0 0 0 0 3 0 0 0 0 0 0 5 2 0 0 0 227 428 212 0 88 144 403 231 172 367 226 387 171 320 247 103 238 138 78 128 6 3 3 0 0 3 0 1 0 2 63 0 0 0 1 0 0 0 0 7 2 0 0 3 3 0 2 1 24 0 0 0 0 0 2 0 0 0 1 1 0 0 0 0 0 0 0 0 0 17 0 0 0 0 0 0 0 0 0 0 12 35 24 27 0 0 13 0 48 39 1 36 0 10 77 4 0 31 0 13 0 0 0 0 0 0 0 0 0 0 0 0 1 9 0 0 0 0 0 0 0 0 3 0 0 0 0 0 0 0 0 0 0 0 0 0 0 0 0 0 0 0 0 0 0 0 0 0 0 0 0 0 0 0 0 0 0 0 0 0 0 28 32 59 39 18 18 1 24 27 0 23 0 0 29 29 19 23 0 0 1 0 0 0 0 0 0 0 0 0 0 0 9 0 0 0 0 0 43 0 0 0 6 0 0 0 0 0 0 0 0 0 0 0 0 0 0 0 0 0 0 0 0 0 0 0 0 0 0 0 0 1 0 0 0 0 1 118 109 2 13 22 0 0 0 0 0 0 0 0 0 0 0 0 0 0 0 0 0 1 0 0 0 0 0 0 15 0 0 0 
 0 2 0 0 0 0 0 3 0 0 0 2 0 0 0 6 1 1 0 1 38 28 57 88 0 221 44 60 72 83 85 266 64 81 272 184 64 63 84 57 0 115 3 0 0 3 2 128 62 5 0 0 140 66 0 0 5 125 97 127 5 0 3 3 3 0 9 0 0 0 0 0 0 0 2 0 0 0 0 0 0 0 0 0 0 0 0 0 0 0 0 0 0 0 0 0 0 0 0 0 0 0 0 12 21 17 0 0 0 6 13 35 0 0 0 14 15 0 0 0 54 23 0 12 0 0 26 1 30 0 14 9 23 0 8 0 18 10 15 36 0 0 0 0 0 0 0 5 7 0 0 0 0 0 0 0 0 0 0 0 0 0 0 0 0 0 0 0 0 0 0 0 0 0 0 1 0 0 0 0 0 2 0 0 13 25 0 0 0 0 6 0 0 0 31 0 0 0 0 0 12 35 26 0 0 0 18 21 12 0 12 0 24 36 0 20 17 0 38 14 0 0 0 0 0 0 0 0 0 0 0 0 0 0 0 0 0 0 0 0 0 0 9 0 0 0 0 0 0 0 0 0 0 0 11 3 1 43 0 0 3 2 0 0 0 0 0 0 0 0 0 0 0 0 0 0 0 0 0 9 0 9 0 0 0 4 0 0 0 0 
 0 6 0 0 2 0 0 0 0 4 2 1 0 2 0 0 0 0 0 0 115 67 33 144 221 0 24 95 123 98 250 70 256 60 104 224 52 136 40 41 38 71 65 0 0 3 2 32 17 10 4 4 65 0 0 0 6 7 34 91 2 1 0 3 3 0 2 0 2 0 0 0 0 0 2 0 0 0 6 2 0 0 0 0 0 0 0 0 0 0 0 0 0 0 0 0 0 0 0 0 0 0 0 0 28 10 0 0 14 18 42 18 0 0 0 0 43 6 0 0 11 8 15 11 0 0 16 1 17 0 0 0 0 0 9 0 0 0 17 12 0 0 2 0 0 0 0 1 0 0 0 0 0 0 0 0 0 0 19 0 8 0 0 0 0 0 0 0 0 0 0 0 0 0 0 4 0 0 0 0 0 0 0 4 18 15 11 19 0 0 1 28 0 0 0 3 14 17 0 0 0 19 0 0 12 0 0 28 22 11 0 0 0 4 0 0 1 7 12 0 0 0 8 0 0 0 0 0 0 0 0 0 0 0 0 0 0 0 0 0 0 0 12 0 0 0 0 0 0 0 0 0 0 0 9 0 0 2 9 0 5 0 0 0 0 0 0 0 0 0 0 0 0 0 0 0 0 0 0 9 0 1 0 0 0 0 0 0 0 0 
 0 0 0 149 0 76 1 0 0 0 0 154 0 0 0 79 78 40 0 0 235 283 366 403 44 24 0 254 71 242 357 131 468 156 255 75 179 158 144 105 5 3 23 2 0 3 0 0 0 2 0 0 2 0 0 0 0 0 0 5 3 0 0 3 3 0 2 1 0 0 0 0 0 2 2 0 0 31 2 2 0 0 0 12 0 0 0 0 0 0 19 0 0 0 0 0 0 0 0 0 0 20 11 29 2 0 13 28 36 55 0 32 0 8 71 15 0 0 0 6 0 0 0 0 0 0 0 0 0 0 0 0 1 56 1 0 2 0 0 0 0 0 0 1 0 0 0 1 0 0 0 0 0 0 0 2 0 0 6 0 0 0 2 19 0 20 0 0 1 0 15 0 0 0 0 0 0 18 0 4 9 32 10 2 28 19 26 0 17 17 0 19 4 29 10 0 20 2 0 0 1 0 0 0 0 2 2 1 0 0 0 0 2 0 0 0 0 2 90 1 0 2 0 0 0 0 0 0 2 0 0 0 0 0 0 0 0 0 0 0 0 0 0 0 0 0 1 0 0 0 0 0 12 0 6 0 2 77 81 0 9 0 0 50 0 0 0 0 0 0 0 0 0 0 0 38 0 0 0 0 0 0 0 0 0 0 0 0 0 0 
 0 0 0 0 3 75 1 0 1 81 0 76 1 0 0 0 7 0 0 0 107 385 288 231 60 95 254 0 242 47 106 27 112 344 297 118 86 177 70 46 3 3 3 0 0 3 2 0 10 2 0 0 0 0 0 0 4 3 8 1 2 0 0 3 3 0 2 0 3 0 0 2 0 0 2 40 0 0 3 1 0 0 0 0 0 20 0 0 0 1 9 0 0 2 0 0 0 0 0 0 17 48 38 9 0 0 0 10 12 13 11 14 0 36 12 0 0 46 17 1 0 0 0 0 0 0 2 0 0 0 0 0 16 0 1 0 0 0 11 0 0 0 5 0 0 0 0 0 0 0 0 0 0 0 0 0 0 0 0 0 2 0 0 8 0 0 2 0 0 0 0 0 0 21 1 0 0 0 0 0 10 30 13 22 6 0 0 2 16 36 26 7 0 0 0 38 3 23 17 32 0 0 26 0 0 0 0 0 0 0 0 0 2 0 0 0 34 0 24 0 0 0 0 2 0 0 0 0 0 0 0 0 0 0 0 0 0 0 0 14 0 0 0 0 0 0 0 0 0 74 0 0 0 0 7 0 0 78 14 2 0 14 0 0 0 0 0 0 0 0 0 0 0 0 0 0 0 0 0 0 0 0 0 0 0 0 13 0 0 0 
 4 3 2 2 1 0 1 1 1 2 3 0 2 2 2 1 5 3 2 1 116 223 142 172 72 123 71 242 0 144 347 20 172 472 679 54 102 187 261 138 4 3 3 1 0 3 0 0 6 4 0 0 0 0 0 0 1 0 0 1 2 0 0 3 3 59 2 15 5 0 0 0 0 0 2 0 0 0 1 2 0 0 0 0 0 0 0 0 2 0 0 0 0 0 0 0 0 0 0 2 7 24 20 11 0 0 15 14 30 8 32 0 40 16 12 0 0 36 4 17 0 12 0 0 0 0 12 0 0 0 0 0 4 0 20 0 0 0 28 1 0 2 0 0 0 0 0 0 10 0 0 0 0 0 0 0 0 0 0 0 0 0 0 0 2 0 0 0 0 0 0 0 0 0 0 2 0 0 0 0 0 0 11 15 6 11 1 11 10 82 0 2 0 0 0 22 27 30 6 0 0 0 0 0 0 0 0 0 2 0 0 0 0 0 0 0 0 0 11 0 0 0 0 10 0 0 0 0 0 0 0 0 0 0 0 0 0 0 0 0 0 0 0 0 0 0 0 0 0 0 0 0 0 0 6 0 1 76 77 1 0 2 0 0 0 0 0 0 0 0 0 0 0 0 0 0 0 0 0 0 0 0 0 0 0 0 19 0 0 0 
 3 3 3 3 4 82 3 3 3 6 4 3 3 3 4 4 5 3 3 3 39 41 171 367 83 98 242 47 144 0 421 543 147 80 121 140 224 93 156 72 23 3 3 1 0 3 1 0 0 2 0 0 64 120 1 0 0 0 0 63 3 0 0 3 10 0 2 5 4 0 0 0 0 0 2 0 0 0 2 0 0 0 0 0 0 0 0 0 0 0 0 0 0 0 0 0 0 0 0 0 13 52 0 20 36 24 33 0 3 0 12 16 0 1 25 2 22 26 10 49 29 0 2 0 0 0 16 8 0 1 0 0 12 0 0 0 14 0 0 0 0 0 0 0 0 1 0 4 7 0 0 2 0 0 0 0 0 0 0 0 0 0 0 0 0 0 0 0 0 0 0 2 0 0 0 0 2 2 0 1 0 15 2 8 9 13 1 1 11 20 14 1 10 0 40 47 19 28 2 0 9 0 0 0 0 0 1 19 0 0 0 0 52 0 0 1 0 9 36 0 0 0 2 0 0 0 0 0 0 0 0 0 0 0 0 0 0 0 0 0 0 0 0 0 0 2 0 0 0 0 0 0 0 0 13 0 0 0 1 3 5 0 0 0 0 0 0 0 0 0 0 0 0 0 0 0 0 0 0 9 0 9 0 0 0 0 29 0 0 0 
 2 0 0 0 0 0 0 0 0 3 3 0 0 2 0 2 2 0 0 0 279 295 245 226 85 250 357 106 347 421 0 266 56 144 164 260 145 266 35 83 27 5 3 0 0 2 1 3 0 3 0 0 126 1 1 0 0 0 0 68 3 0 4 3 3 0 4 3 0 0 0 0 0 0 2 6 0 3 3 2 0 0 0 0 0 0 0 0 2 0 0 0 0 0 0 0 0 0 0 0 11 15 0 17 11 13 0 0 14 14 27 0 0 0 4 0 28 33 0 0 24 1 0 0 0 0 16 0 8 0 20 0 21 0 0 0 0 0 9 0 0 1 1 0 0 11 0 0 0 0 0 0 0 0 0 0 0 0 0 0 0 0 0 0 2 0 0 1 0 0 0 0 0 0 9 2 3 9 0 0 0 9 0 1 12 15 12 19 0 0 0 17 0 0 0 19 33 21 0 0 0 0 48 0 0 0 11 22 2 0 34 0 0 13 9 0 12 9 31 7 0 0 0 0 0 0 0 0 0 0 0 0 0 0 0 0 0 0 0 0 0 0 0 0 0 0 0 0 0 0 0 0 0 0 3 2 0 41 1 0 7 3 0 0 0 0 0 0 0 0 0 0 0 0 0 0 0 0 0 9 0 0 0 0 0 0 0 0 0 0 
 4 3 4 3 3 3 2 4 3 3 9 3 3 3 4 4 7 4 4 3 170 223 34 387 266 70 131 27 20 543 266 0 40 113 109 121 148 61 56 49 1 26 3 0 0 3 2 47 0 6 0 0 0 62 0 6 0 0 64 22 3 1 0 3 5 2 2 1 0 2 0 2 0 0 2 0 0 0 2 0 0 0 1 0 0 0 0 0 0 0 0 2 0 0 2 0 0 2 0 0 0 19 1 45 14 24 12 0 21 53 13 44 0 0 33 21 11 1 0 11 13 10 0 0 0 0 0 12 4 0 0 0 8 21 12 0 13 14 0 14 16 0 0 12 0 0 0 0 7 0 0 21 0 0 0 0 2 0 0 0 0 0 0 0 0 0 1 0 0 0 0 0 0 0 12 6 0 0 0 3 0 0 0 0 51 25 1 0 20 0 0 25 0 0 1 0 1 3 0 0 1 0 0 0 0 0 14 13 0 0 0 0 31 27 3 12 0 0 1 22 0 0 0 0 0 1 0 0 0 0 0 0 0 0 0 0 0 0 0 0 0 0 12 0 0 0 2 0 0 0 0 0 1 0 9 1 0 148 1 0 1 2 0 0 0 0 0 0 0 0 0 0 0 0 0 2 0 0 0 0 0 0 0 0 12 36 0 0 0 0 
 0 3 1 84 154 174 0 0 77 103 81 132 0 1 0 37 37 74 0 0 95 45 342 171 64 256 468 112 172 147 56 40 0 378 117 25 114 175 408 58 1 3 3 1 0 3 2 1 200 2 0 0 0 0 0 0 0 0 0 6 2 0 0 3 54 0 2 8 0 0 0 0 0 0 2 0 26 0 1 0 0 0 0 8 9 17 7 0 0 57 29 12 0 0 0 0 0 1 0 0 9 39 1 6 0 2 21 13 1 0 1 0 0 20 38 11 0 19 19 10 0 0 0 0 0 0 0 1 0 0 0 0 0 0 0 0 0 0 1 0 0 0 0 0 8 0 0 0 0 0 0 0 0 0 0 0 0 0 5 0 0 0 21 62 0 14 3 0 18 0 18 0 0 0 0 0 0 37 0 0 21 26 0 0 13 0 39 11 17 18 19 0 15 23 20 39 18 26 1 2 0 0 0 0 0 0 0 0 0 0 0 0 0 0 0 0 0 0 10 0 1 0 0 0 0 0 0 0 0 0 0 0 0 0 0 0 0 0 0 0 0 0 0 0 0 0 74 0 0 78 0 0 0 0 2 0 3 0 5 0 3 0 0 0 0 0 0 0 0 0 0 0 0 0 0 0 18 0 0 0 0 0 0 0 0 0 21 0 0 0 
 0 0 0 0 4 1 0 0 0 6 0 3 0 0 0 0 0 0 0 0 138 143 172 320 81 60 156 344 472 80 144 113 378 0 131 267 248 319 185 57 0 3 3 0 0 3 0 0 0 4 2 0 0 0 0 0 0 0 21 0 2 0 28 3 3 0 2 0 3 0 0 0 0 0 2 0 0 0 1 2 0 0 0 0 0 20 1 0 0 0 1 1 0 0 0 0 0 0 0 0 23 20 37 16 0 0 0 0 14 22 20 12 0 32 37 0 0 44 21 20 0 1 0 8 0 0 0 0 0 0 0 0 0 0 0 0 0 0 12 4 0 0 8 0 0 0 0 1 2 0 0 0 0 0 0 0 0 0 0 0 0 0 0 2 0 0 1 0 0 0 0 0 0 0 0 0 0 0 0 0 0 12 21 51 34 25 10 20 14 24 0 42 0 0 39 49 26 37 37 20 0 0 0 0 0 0 0 2 0 0 0 0 7 0 0 0 0 0 9 0 0 0 0 0 0 0 0 0 0 0 0 0 0 0 0 0 8 0 0 1 0 0 0 0 0 0 0 0 0 0 0 0 0 0 3 0 1 11 11 0 1 0 0 0 0 0 0 0 0 0 0 0 0 0 0 0 0 0 0 0 0 1 0 0 0 0 0 0 0 1 
 0 3 0 0 77 0 0 0 0 2 75 0 0 0 0 0 0 0 0 0 185 92 101 247 272 104 255 297 679 121 164 109 117 131 0 214 240 268 181 185 4 7 3 0 0 3 1 0 204 2 0 1 0 0 62 0 0 0 0 3 3 0 0 3 53 0 2 0 4 0 0 0 0 0 2 0 0 0 2 2 5 2 0 0 0 0 0 0 9 0 0 0 0 0 0 0 0 0 0 0 41 0 46 22 3 0 23 0 35 17 21 0 13 14 21 0 12 70 6 1 0 0 0 0 0 0 0 0 8 0 0 0 0 12 0 0 0 0 11 0 0 0 1 1 0 0 0 0 0 0 0 0 0 2 0 0 0 0 0 0 0 0 0 0 0 0 0 0 0 1 0 0 1 0 0 0 0 46 0 10 12 0 19 14 15 33 54 21 1 23 2 20 0 0 0 39 58 13 12 0 1 0 0 2 0 0 0 22 0 0 0 0 20 0 0 0 0 0 17 0 0 0 0 0 0 0 0 0 0 0 0 0 0 0 0 0 0 0 0 0 0 0 0 0 0 0 2 0 0 0 0 0 0 0 15 2 0 40 76 3 3 3 0 0 0 0 0 0 0 0 0 2 0 0 0 0 0 0 0 0 0 0 0 0 0 0 0 0 0 0 
 69 0 0 0 2 0 0 0 0 93 8 0 1 0 0 0 0 1 0 0 264 312 261 103 184 224 75 118 54 140 260 121 25 267 214 0 343 28 42 65 0 6 5 3 0 3 1 13 2 2 2 0 3 0 0 3 0 1 0 6 5 0 1 3 3 2 2 0 0 3 0 3 0 3 5 0 0 2 33 0 0 0 0 0 0 0 0 0 0 0 0 0 0 0 36 0 0 0 0 0 14 19 22 19 24 1 1 0 10 30 27 62 0 0 18 0 16 10 0 1 0 12 0 0 0 0 17 11 0 0 3 0 4 1 37 0 0 0 0 0 0 0 2 0 0 0 0 0 0 0 0 0 0 0 0 0 0 0 0 0 2 0 0 2 0 0 1 15 0 0 0 0 0 0 1 0 5 0 0 1 0 6 18 46 11 58 4 19 12 0 10 9 0 0 0 24 34 13 0 0 19 0 0 0 0 0 0 17 6 0 0 0 2 1 0 0 0 0 0 1 0 0 7 2 0 0 0 0 0 0 0 0 0 0 0 0 0 0 0 27 0 0 13 0 0 3 0 0 0 0 0 0 0 0 8 0 0 149 2 0 2 0 2 0 0 0 0 0 0 0 0 0 0 0 0 0 0 0 0 0 0 0 0 0 0 0 0 0 0 0 
 0 0 0 9 0 7 0 0 0 0 3 0 0 0 2 2 0 0 0 0 193 195 140 238 64 52 179 86 102 224 145 148 114 248 240 343 0 342 35 72 0 4 3 2 0 3 2 0 0 2 2 0 0 0 0 0 0 0 0 2 2 0 0 3 3 0 2 0 6 0 0 0 0 0 2 0 0 0 1 2 0 0 0 0 15 0 0 0 0 0 8 0 0 0 0 23 0 0 0 0 32 46 23 30 19 0 0 0 1 18 14 23 0 13 40 18 15 31 13 0 0 0 0 0 0 0 0 17 0 0 0 0 0 0 0 0 0 0 10 0 0 0 0 0 0 0 0 0 1 1 0 0 0 0 0 0 0 0 0 0 18 0 0 0 0 0 4 0 0 0 0 0 0 0 1 0 0 0 0 6 6 49 27 31 18 35 8 14 1 0 10 25 9 0 37 38 34 7 10 0 22 0 0 0 0 0 0 10 0 0 29 0 23 0 0 0 0 0 21 0 2 0 0 0 0 0 0 0 0 0 0 0 28 0 0 0 4 17 0 0 0 0 0 0 0 0 0 0 0 0 0 0 0 0 5 1 2 41 1 0 0 11 0 0 0 0 0 0 0 0 0 0 0 0 0 0 1 0 0 1 0 0 0 0 0 0 0 0 0 0 
 0 0 0 0 2 1 0 0 0 3 2 0 0 0 0 0 0 0 0 0 170 193 219 138 63 136 158 177 187 93 266 61 175 319 268 28 342 0 36 319 0 3 3 0 0 3 0 0 64 2 0 0 0 0 71 2 0 0 0 1 2 50 0 17 3 0 2 0 3 0 0 0 0 0 2 0 0 0 1 1 0 0 0 1 0 0 0 0 0 0 0 0 0 0 0 0 0 0 0 0 20 56 12 20 0 0 0 0 0 47 0 12 0 8 32 0 0 49 0 14 0 0 0 0 2 0 8 0 0 0 0 0 0 0 0 20 0 0 1 0 0 0 3 0 0 0 0 0 0 0 0 0 0 0 0 0 0 0 0 0 0 0 0 0 0 0 1 0 0 0 0 0 0 0 0 0 0 0 0 0 0 20 28 20 38 11 15 1 51 20 17 24 0 0 16 49 20 28 0 0 0 0 0 0 0 0 0 0 0 0 2 0 0 0 0 0 0 0 27 1 0 0 0 0 0 0 0 2 0 0 0 0 0 0 0 0 0 0 0 0 0 0 0 0 0 0 0 0 24 0 0 0 0 0 17 0 0 173 2 3 13 14 0 0 0 0 0 0 0 0 0 0 0 0 0 0 0 0 0 0 0 0 0 0 14 0 13 0 0 0 
 0 0 0 24 95 91 75 2 77 2 65 292 2 0 0 0 4 72 0 0 117 114 58 78 84 40 144 70 261 156 35 56 408 185 181 42 35 36 0 414 3 3 3 2 1 3 2 0 24 2 0 2 0 0 0 3 0 0 0 0 4 0 3 3 31 0 2 2 0 1 0 0 0 0 2 1 0 3 2 2 0 0 0 8 6 28 0 0 19 13 10 15 0 0 0 0 0 0 0 0 1 12 4 0 2 0 39 71 0 0 0 0 11 101 1 12 2 24 20 19 0 0 2 0 0 0 0 0 0 0 0 0 0 0 0 0 0 0 3 0 0 0 0 14 0 0 0 1 0 0 0 0 0 0 0 0 0 0 5 2 0 0 14 16 14 15 2 0 0 0 1 4 0 0 0 0 0 19 0 0 22 28 20 0 1 0 29 8 18 12 9 0 8 7 0 51 0 13 22 31 0 0 0 0 0 0 0 0 0 0 0 0 0 0 0 0 0 0 0 0 0 0 2 0 0 0 0 15 0 0 0 0 0 0 0 0 0 0 0 0 0 0 0 0 0 2 20 0 0 75 0 0 0 0 6 0 0 0 0 1 0 0 8 0 0 0 0 0 0 0 0 0 0 0 0 10 0 0 0 0 0 30 0 0 0 0 0 0 0 0 
 0 1 47 73 83 0 0 1 73 2 120 37 0 2 0 0 3 73 0 0 122 48 51 128 57 41 105 46 138 72 83 49 58 57 185 65 72 319 414 0 3 3 3 2 0 3 4 0 0 2 0 2 0 0 3 0 0 1 3 0 2 0 9 3 50 0 2 0 0 0 0 1 0 0 2 0 3 0 1 2 0 0 0 23 30 40 0 0 0 39 0 0 0 0 0 0 0 0 0 0 15 5 77 17 0 0 34 0 27 18 0 15 5 15 0 22 15 1 25 8 0 0 0 0 0 0 0 0 0 0 0 18 0 0 14 2 0 0 0 0 0 0 0 0 0 0 0 0 0 0 0 0 0 0 0 0 0 0 0 0 17 0 0 0 1 1 2 0 0 0 16 0 0 0 0 0 0 21 0 0 62 22 33 0 9 0 51 16 15 2 24 0 9 27 9 59 0 9 39 6 0 0 0 0 0 0 0 0 0 1 0 0 0 0 0 0 0 0 18 1 0 0 0 0 0 0 0 0 0 0 0 0 0 0 0 0 0 0 0 0 0 0 1 0 0 0 74 0 0 0 0 1 0 0 23 0 2 0 75 0 4 0 0 0 0 0 0 0 0 0 0 0 0 0 0 20 0 0 0 0 0 37 0 0 0 0 0 0 0 0 
 0 2 0 0 44 0 0 0 0 2 0 3 0 0 0 0 0 0 0 0 7 0 40 6 0 38 5 3 4 23 27 1 1 0 4 0 0 0 3 3 0 156 111 115 311 107 403 139 287 51 123 36 272 144 120 129 99 111 126 143 0 3 49 0 0 4 0 0 0 6 0 0 2 0 0 0 0 8 1 5 0 0 0 0 0 0 0 0 0 0 0 0 0 0 0 0 0 0 9 0 0 0 5 10 10 13 0 0 4 0 17 0 0 0 0 0 10 0 3 0 27 7 0 0 0 10 1 30 2 0 8 20 7 0 14 18 1 26 3 13 2 0 0 0 2 0 0 0 0 0 0 0 0 0 0 4 0 0 0 0 0 0 0 0 0 0 0 0 0 1 4 0 0 0 0 3 0 0 0 0 0 4 0 0 0 0 0 0 0 3 0 0 0 0 0 0 0 0 0 0 0 7 7 9 13 0 19 42 45 0 0 11 16 8 17 7 0 17 24 10 0 0 0 0 0 0 0 0 0 0 0 0 0 0 0 0 0 9 0 0 0 0 9 0 0 0 0 1 0 18 0 5 0 2 0 0 0 0 29 17 0 0 0 1 2 0 2 0 0 0 0 0 0 0 0 0 0 0 0 8 0 0 0 0 0 6 0 0 1 0 
 0 0 0 0 0 0 0 2 2 2 1 0 0 0 0 0 0 0 0 0 3 3 3 3 115 71 3 3 3 3 5 26 3 3 7 6 4 3 3 3 156 0 186 348 54 230 164 338 202 31 250 33 166 53 33 287 476 40 264 197 206 0 0 0 2 3 0 0 4 10 2 0 0 0 31 0 2 0 206 3 0 0 0 0 0 0 0 0 0 0 0 0 0 0 0 0 0 0 0 0 0 0 0 0 11 24 0 0 0 0 0 12 7 14 0 1 0 0 8 0 19 13 28 17 0 0 0 0 19 0 19 10 16 0 24 0 0 13 14 43 3 0 0 0 0 0 0 0 0 0 0 0 0 0 0 0 0 0 0 6 0 0 0 0 0 0 1 0 0 0 0 0 0 0 0 0 0 0 0 0 0 0 0 0 8 10 0 0 0 0 0 0 0 0 0 0 0 0 0 0 41 0 14 10 1 0 33 6 11 0 29 0 0 50 14 0 19 0 0 54 0 0 0 0 0 0 0 0 0 0 0 0 0 0 0 0 0 0 0 0 0 0 12 0 0 0 0 0 0 26 0 9 0 1 0 0 0 63 0 0 0 0 2 0 0 2 2 0 0 0 0 0 0 0 0 0 0 0 0 0 0 0 0 0 9 0 0 5 2 0 
 0 0 0 0 2 0 0 0 0 2 0 0 0 0 0 0 0 0 0 0 3 3 27 3 3 65 23 3 3 3 3 3 3 3 3 5 3 3 3 3 111 186 0 124 71 22 112 148 181 146 106 43 75 55 153 285 134 132 94 106 0 0 0 0 0 21 0 0 0 0 0 0 0 0 0 0 0 0 27 0 0 0 0 0 0 0 0 0 0 0 0 0 0 0 0 0 0 0 0 0 0 0 0 0 0 0 0 0 0 0 0 0 0 0 0 0 0 0 0 0 0 14 0 26 0 0 0 1 0 24 6 72 10 0 41 19 26 32 0 42 0 0 0 0 0 40 22 0 0 0 0 0 8 1 0 0 0 0 0 4 5 0 0 0 0 0 1 0 0 0 0 0 0 0 0 8 0 0 0 15 0 0 0 0 0 0 0 0 0 0 0 0 0 0 1 0 0 0 0 0 16 12 14 13 17 26 0 27 28 17 29 0 0 19 0 27 14 0 0 0 0 9 0 0 0 0 0 10 0 0 0 0 2 11 10 0 0 1 15 10 0 0 0 0 0 0 0 0 0 0 0 78 0 0 0 0 0 0 0 5 0 0 17 62 4 0 0 1 1 0 5 0 0 0 0 0 0 0 0 0 0 0 6 0 41 15 0 0 0 2 
 0 0 2 1 3 2 0 2 1 5 2 1 2 0 2 2 0 1 0 2 0 0 1 0 0 0 2 0 1 1 0 0 1 0 0 3 2 0 2 2 115 348 124 0 96 117 82 155 287 308 126 158 160 280 41 66 344 44 97 71 0 3 0 3 2 0 1 18 58 1 0 0 66 0 23 6 0 2 79 50 0 0 7 0 2 0 0 0 0 7 0 0 0 0 0 0 0 0 0 0 0 0 0 0 0 0 5 0 0 0 0 0 0 0 0 0 0 0 0 0 0 0 12 0 0 29 0 11 0 0 10 0 0 20 0 9 1 0 11 8 0 8 10 1 2 19 0 19 14 0 11 23 20 15 29 15 0 0 15 1 0 0 0 0 0 0 0 0 1 1 0 0 0 0 0 0 0 0 0 0 0 0 0 0 0 0 0 6 0 0 0 0 16 0 0 0 0 0 0 0 0 0 11 15 17 4 10 0 8 0 0 10 0 8 12 0 0 18 0 9 23 0 1 0 11 4 30 15 1 6 23 14 6 1 5 43 15 2 9 0 0 0 0 0 0 0 0 0 0 2 0 0 0 0 0 0 0 1 0 10 0 0 0 0 0 20 0 0 0 0 13 0 0 0 0 0 0 0 0 0 0 0 0 0 0 0 0 0 0 0 
 0 0 0 0 63 0 0 0 0 0 0 0 1 0 0 3 0 0 0 0 0 0 0 0 0 0 0 0 0 0 0 0 0 0 0 0 0 0 1 0 311 54 71 96 0 98 71 272 92 353 172 337 87 91 118 71 153 161 54 89 4 0 3 0 1 0 51 19 49 2 0 0 50 0 8 15 1 1 54 6 0 0 0 0 0 0 0 14 23 0 0 0 0 0 0 0 0 0 0 0 0 0 0 0 0 0 0 0 0 0 0 0 7 0 0 0 0 0 0 0 0 12 14 14 8 39 0 10 0 9 13 19 0 7 0 65 13 23 9 0 0 16 0 11 0 0 32 0 30 8 10 0 30 14 11 8 12 7 39 36 0 8 0 0 0 0 0 0 0 31 0 0 0 7 0 0 0 0 0 0 0 0 0 0 0 0 0 0 0 0 0 10 0 0 0 0 0 0 0 0 0 19 16 21 24 9 0 30 11 27 63 38 0 9 0 10 8 22 0 0 2 0 1 13 0 1 0 18 0 2 21 0 6 10 0 11 0 0 0 21 0 0 0 0 0 0 0 0 0 0 0 12 0 0 0 0 0 0 0 1 0 28 12 65 0 0 0 0 3 0 9 0 0 0 0 0 0 0 0 0 0 0 0 0 0 0 0 0 2 0 
 6 0 0 0 0 0 0 0 0 0 0 0 0 0 0 3 0 0 0 0 3 3 3 3 3 3 3 3 3 3 2 3 3 3 3 3 3 3 3 3 107 230 22 117 98 0 42 42 59 293 208 99 283 31 131 137 61 217 48 275 0 91 6 0 8 0 0 0 0 0 5 0 56 0 51 0 6 0 53 24 0 0 0 0 0 0 0 0 0 0 0 0 0 0 0 0 0 0 0 0 0 0 0 0 0 0 0 0 0 0 0 0 0 0 0 0 0 0 0 0 0 0 13 16 0 21 0 0 0 37 0 0 0 48 0 10 0 0 0 0 16 9 0 0 0 0 0 0 6 0 0 0 15 0 1 0 32 0 0 0 0 1 0 0 0 0 0 15 0 0 0 0 0 2 0 0 0 0 0 0 0 9 0 0 0 0 0 0 0 0 0 0 0 0 0 0 0 0 0 0 0 11 0 20 11 7 0 0 0 57 42 20 0 0 0 15 10 6 0 0 25 0 0 0 0 0 22 15 0 0 0 23 0 20 25 10 0 0 18 21 0 0 0 0 0 0 0 0 0 0 0 5 0 0 0 0 0 0 0 0 0 0 0 0 5 8 5 0 0 0 0 0 0 0 0 0 0 0 0 0 0 0 0 0 0 0 0 20 0 0 
 0 2 1 1 18 0 0 1 0 2 2 0 0 0 0 2 1 2 0 1 2 2 7 0 2 2 0 2 0 1 1 2 2 0 1 1 2 0 2 4 403 164 112 82 71 42 0 107 109 32 120 29 214 189 36 55 162 95 262 60 0 3 0 0 0 2 28 0 0 2 0 2 18 0 4 0 2 11 21 8 0 10 0 0 0 0 0 0 0 0 0 0 0 0 0 0 0 0 0 0 0 0 0 0 0 0 0 0 0 0 0 0 0 0 0 0 0 0 0 0 0 0 12 1 11 34 0 26 24 0 24 38 11 8 17 7 0 39 0 7 0 0 1 0 0 0 0 0 5 7 0 0 11 0 8 6 0 9 0 0 0 0 0 0 0 0 7 0 0 0 8 0 0 0 0 0 0 0 0 0 0 0 0 0 0 0 0 0 0 0 0 0 0 0 0 0 0 0 2 0 23 4 21 0 8 14 13 20 30 0 22 15 11 11 1 0 11 26 0 0 7 0 0 8 0 0 1 2 0 7 1 0 0 0 7 7 0 0 0 3 0 0 0 0 0 0 0 0 0 0 0 8 0 0 0 0 0 0 0 0 0 0 1 0 1 1 2 0 0 0 0 0 0 0 0 0 0 0 0 0 0 0 0 0 11 0 0 0 1 0 
 0 0 0 0 0 0 0 0 0 3 2 0 0 0 0 0 0 3 0 0 0 5 0 1 128 32 0 0 0 0 3 47 1 0 0 13 0 0 0 0 139 338 148 155 272 42 107 0 114 42 43 23 135 62 46 65 90 32 225 147 0 0 0 0 0 0 0 0 0 0 0 0 0 0 0 0 0 0 50 2 0 0 10 0 0 0 0 0 0 0 0 0 0 0 0 0 2 0 0 0 0 0 0 0 21 14 0 0 0 20 0 6 0 0 0 10 0 0 1 0 2 9 0 38 0 19 23 10 0 0 17 27 22 1 63 9 0 35 22 34 0 0 0 0 0 0 0 0 0 0 0 0 0 0 0 12 0 0 0 0 6 0 0 0 0 0 2 0 0 0 0 0 0 0 0 8 0 0 0 0 0 0 0 5 39 9 0 0 0 0 19 0 0 0 0 0 0 0 0 0 9 13 14 0 24 9 0 27 11 15 29 8 0 24 14 0 0 15 0 19 0 0 0 0 0 0 0 0 0 0 0 0 0 0 0 0 0 0 0 0 0 0 24 0 0 0 0 0 0 17 0 4 0 2 0 0 0 62 0 0 0 0 3 0 0 1 0 0 0 0 0 0 0 0 0 0 0 0 0 0 0 0 0 0 0 0 0 0 1 0 
 0 0 0 0 0 0 0 0 0 0 0 0 0 0 0 0 0 0 0 0 6 8 0 0 62 17 0 10 6 0 0 0 200 0 204 2 0 64 24 0 287 202 181 287 92 59 109 114 0 149 56 249 185 91 73 169 111 133 114 219 2 0 3 20 0 0 0 0 0 7 0 0 0 0 0 0 0 6 4 1 0 0 0 0 0 0 0 0 0 0 0 0 0 0 0 0 0 0 0 0 0 0 15 0 0 1 0 0 7 3 2 0 0 0 0 0 0 0 14 0 19 8 26 29 14 1 1 19 36 23 32 0 11 0 16 11 13 6 13 17 0 0 0 0 0 0 9 0 0 0 0 0 2 20 0 0 0 15 0 0 3 0 0 0 0 0 0 0 0 0 21 0 0 0 0 6 0 0 0 0 0 0 0 8 0 2 0 0 0 55 3 0 0 0 0 0 0 0 0 0 20 8 47 0 9 0 15 0 10 12 2 11 13 1 17 0 12 24 0 0 0 30 0 0 0 0 0 0 16 0 0 0 25 0 0 0 0 0 0 1 0 0 0 0 0 0 0 0 0 18 0 11 0 2 0 0 0 0 4 2 0 0 3 0 6 0 4 0 0 0 23 0 0 0 0 0 0 0 0 0 0 0 0 0 6 0 0 0 1 0 
 0 0 0 0 3 0 0 0 7 0 2 0 0 0 0 0 0 0 0 0 2 2 2 2 5 10 2 2 4 2 3 6 2 4 2 2 2 2 2 2 51 31 146 308 353 293 32 42 149 0 213 117 52 73 124 189 201 144 68 93 0 0 1 3 5 1 3 0 9 0 7 0 0 0 0 0 0 0 0 0 0 0 0 0 0 0 0 0 0 0 0 0 0 0 0 15 0 0 0 0 0 0 0 0 10 15 0 0 0 0 0 1 0 0 0 0 0 0 0 0 7 24 9 28 9 0 0 0 4 15 0 1 0 0 0 21 15 0 0 0 10 0 0 0 0 0 19 0 1 0 0 0 17 0 1 0 12 0 11 29 0 10 0 0 0 0 0 0 0 36 0 0 0 9 0 0 0 0 0 0 0 0 0 0 0 0 0 0 0 0 0 0 0 0 0 0 0 0 0 0 0 30 0 78 2 23 1 4 5 36 0 43 0 6 0 21 2 10 0 0 0 13 0 0 11 0 51 7 4 0 0 0 45 1 14 0 0 0 35 55 0 0 1 0 0 2 0 0 0 0 0 1 1 0 0 0 0 0 0 2 0 0 1 65 2 0 2 3 0 0 36 0 0 0 1 0 0 0 0 0 0 0 0 0 0 7 0 12 2 0 
 0 0 0 0 0 0 0 0 0 5 2 0 0 0 0 3 0 63 0 0 0 0 0 63 0 4 0 0 0 0 0 0 0 2 0 2 2 0 0 0 123 250 106 126 172 208 120 43 56 213 0 160 330 90 88 161 316 54 43 498 0 53 0 0 10 0 0 4 56 0 6 0 137 0 0 4 0 5 114 0 0 0 0 0 0 0 0 0 0 0 0 0 0 0 0 0 0 0 0 0 0 0 0 0 0 0 0 0 0 0 0 0 0 0 0 0 0 0 0 0 0 0 8 21 8 23 0 0 11 0 8 11 0 37 0 14 0 19 0 0 2 0 0 0 0 0 0 0 0 0 0 0 11 0 5 0 0 0 10 0 5 0 0 0 0 0 0 24 0 0 0 0 0 0 0 3 0 0 0 0 0 0 0 0 0 0 0 0 0 0 0 0 0 0 0 0 0 0 0 0 41 18 15 2 30 0 0 0 16 12 20 10 0 0 0 0 12 10 0 0 21 12 8 0 0 0 20 9 20 0 10 0 16 0 32 5 15 0 11 16 0 0 0 0 0 0 0 0 0 0 0 8 0 0 0 0 0 0 0 11 0 0 0 0 0 3 0 0 0 0 18 0 0 0 0 0 0 0 0 0 0 0 0 0 0 0 0 0 0 0 
 0 0 0 0 83 0 1 0 2 0 0 0 0 0 0 3 0 0 0 0 0 0 5 0 0 4 0 0 0 0 0 0 0 0 1 0 0 0 2 2 36 33 43 158 337 99 29 23 249 117 160 0 51 46 35 258 533 143 43 52 0 57 0 0 5 0 0 51 16 0 0 2 74 0 50 50 0 0 78 0 0 0 0 0 0 0 0 0 0 0 0 0 0 0 0 0 0 0 0 0 0 0 0 0 5 6 0 0 0 0 0 0 0 0 0 0 0 0 0 0 4 0 0 14 0 13 0 20 5 8 0 1 0 1 0 0 1 0 0 0 7 22 0 10 0 0 11 7 24 9 31 18 31 0 20 0 18 11 20 10 0 4 0 0 0 0 0 0 0 0 0 0 0 6 17 0 0 0 0 0 0 0 0 0 0 0 0 0 0 0 0 0 0 0 0 0 0 0 0 0 0 5 0 9 15 6 3 4 3 0 0 8 0 4 18 0 26 21 0 0 31 13 0 0 0 0 24 9 65 1 10 0 53 0 13 33 0 0 12 42 0 0 0 0 0 0 0 0 0 0 0 6 0 0 0 0 0 0 0 2 0 26 1 0 1 25 0 64 2 0 17 0 0 0 0 0 0 0 0 0 0 0 0 0 0 7 0 0 2 0 
 0 0 0 0 0 0 0 0 0 3 0 0 0 0 0 0 0 0 0 0 1 0 71 0 140 65 2 0 0 64 126 0 0 0 0 3 0 0 0 0 272 166 75 160 87 283 214 135 185 52 330 51 0 163 28 91 39 148 153 591 2 11 0 5 0 0 0 4 0 7 21 0 5 4 0 0 2 9 8 1 0 0 0 0 0 0 0 0 0 0 0 0 0 0 0 0 0 0 0 0 0 0 0 14 8 12 0 0 0 0 11 0 0 0 0 14 4 0 0 0 10 0 26 1 5 0 7 15 41 0 11 0 7 22 0 0 0 0 18 14 0 0 4 0 0 7 0 0 0 0 19 6 16 0 6 6 0 0 0 4 0 0 0 0 0 0 0 0 0 0 0 0 0 0 2 0 0 0 0 0 5 0 0 0 0 0 0 0 0 0 0 0 0 0 3 0 0 0 0 0 62 0 32 10 0 0 44 20 0 1 6 0 24 17 15 0 48 7 19 26 7 0 5 0 8 4 7 0 0 0 4 7 0 0 3 0 7 0 0 0 0 0 0 0 0 0 0 0 0 0 0 5 0 0 0 0 0 0 0 0 0 0 0 0 0 4 1 0 0 0 0 0 0 0 0 0 0 0 0 4 0 0 0 0 0 9 0 0 2 0 
 0 0 0 0 0 0 0 0 0 0 2 0 0 0 3 0 0 0 0 0 0 0 0 0 66 0 0 0 0 120 1 62 0 0 0 0 0 0 0 0 144 53 55 280 91 31 189 62 91 73 90 46 163 0 254 398 479 88 150 172 2 0 0 0 1 0 3 203 0 5 0 0 0 0 3 0 0 4 4 10 0 0 0 0 0 0 0 0 0 0 0 0 0 0 0 0 0 0 0 0 0 0 0 0 22 23 0 0 0 0 0 9 0 0 0 0 19 0 0 0 38 10 0 0 6 4 28 28 22 1 7 19 18 1 0 11 31 8 15 0 0 5 0 0 0 0 1 4 9 5 0 0 3 29 8 0 0 5 15 0 0 0 0 0 0 0 0 0 0 1 0 0 0 0 0 3 0 0 0 0 0 0 0 0 0 6 0 0 0 0 0 0 0 0 0 0 0 0 0 2 19 2 20 0 1 0 16 0 27 1 0 2 54 0 20 20 0 17 10 0 2 0 0 8 0 0 0 6 0 3 0 0 0 1 0 8 0 13 0 6 0 0 0 0 0 0 0 0 0 0 0 0 0 0 0 0 0 0 0 43 0 0 0 1 0 2 1 0 0 0 0 0 0 0 0 0 0 0 0 0 0 10 0 0 0 18 0 0 2 0 
 33 0 0 0 0 0 0 0 0 0 0 0 0 29 0 0 0 0 0 0 0 0 8 1 0 0 0 0 0 1 1 0 0 0 62 0 0 71 0 3 120 33 153 41 118 131 36 46 73 124 88 35 28 254 0 74 54 101 129 218 2 0 0 0 1 0 2 0 0 0 0 0 0 0 0 0 2 0 6 3 0 0 0 0 0 13 0 0 0 0 0 0 0 0 0 0 0 0 0 0 0 0 0 0 15 14 0 0 0 0 1 0 0 0 0 0 14 0 0 0 7 0 1 13 0 8 10 8 0 28 0 33 0 17 8 22 6 15 10 0 0 0 0 0 0 0 4 0 0 0 0 13 2 0 0 1 0 0 0 0 8 0 0 0 0 0 1 0 0 0 0 0 0 0 0 5 0 0 0 0 0 0 0 0 0 4 0 0 0 0 0 0 0 0 0 0 0 0 0 0 0 9 0 1 36 11 0 12 23 33 20 8 0 0 8 2 12 17 0 0 0 0 0 0 0 0 0 0 0 24 0 0 0 0 0 0 0 0 0 15 0 0 0 0 0 0 0 0 0 0 0 4 0 0 0 0 0 0 0 1 30 0 3 1 0 0 0 0 0 0 0 0 0 0 0 0 0 0 0 0 0 0 0 0 0 9 0 0 1 4 
 0 0 77 0 0 0 0 0 0 0 0 2 0 0 0 0 0 0 0 0 0 0 1 0 0 0 0 0 0 0 0 6 0 0 0 3 0 2 3 0 129 287 285 66 71 137 55 65 169 189 161 258 91 398 74 0 76 691 93 92 3 3 0 3 1 0 0 2 0 2 0 0 13 4 0 0 45 7 4 0 0 0 0 0 0 0 0 0 0 0 0 0 0 0 0 0 0 0 0 0 0 0 0 0 0 0 0 0 0 0 0 0 0 0 0 7 0 0 0 0 0 14 45 26 19 0 0 16 25 20 11 11 0 8 15 6 35 11 0 0 11 0 24 0 0 10 13 0 0 0 8 5 18 0 0 7 0 0 9 7 0 0 0 0 0 0 0 2 0 0 0 0 0 0 0 0 0 0 10 0 0 0 0 0 0 0 0 0 0 0 0 0 0 0 0 0 0 0 0 0 6 44 8 27 0 9 13 12 8 23 13 10 11 0 1 42 43 14 0 0 7 0 4 0 12 2 22 0 0 1 32 9 0 0 33 0 7 13 0 11 0 0 0 0 0 0 0 0 0 0 0 7 0 1 0 0 0 0 0 32 0 0 11 64 1 1 6 0 1 0 0 0 0 0 0 0 0 0 0 0 0 0 0 0 0 0 0 6 2 0 
 0 0 0 0 0 0 0 0 0 2 3 0 0 0 0 3 0 0 0 1 0 0 3 0 5 6 0 4 1 0 0 0 0 0 0 0 0 0 0 0 99 476 134 344 153 61 162 90 111 201 316 533 39 479 54 76 0 291 109 251 0 0 0 0 2 0 0 0 0 0 0 0 0 0 1 0 0 0 0 0 0 0 0 0 5 0 0 0 0 0 0 0 0 0 0 0 0 0 0 0 0 0 0 0 17 6 1 0 0 1 0 5 0 0 0 0 0 9 0 0 6 7 3 0 12 22 1 3 22 13 19 33 4 1 0 14 11 12 0 12 1 0 0 0 0 0 19 0 0 0 0 0 21 0 0 5 33 0 14 4 0 10 0 0 0 0 0 0 0 6 0 0 0 12 0 0 0 0 0 0 0 0 0 0 0 0 0 0 0 0 1 0 0 0 0 0 0 0 0 0 9 16 55 76 2 14 0 4 13 1 0 22 0 26 0 1 1 16 0 13 0 8 0 0 0 0 0 8 0 0 0 0 1 10 1 0 0 0 12 31 0 0 7 0 0 0 0 0 0 0 0 6 0 1 3 0 0 0 0 0 0 0 11 64 63 2 0 0 0 0 0 0 0 0 0 0 0 0 0 0 0 0 0 0 12 8 0 0 2 0 
 0 0 0 0 0 0 0 0 0 7 0 0 0 15 0 3 3 0 0 0 0 0 5 0 125 7 0 3 0 0 0 0 0 0 0 1 0 0 0 1 111 40 132 44 161 217 95 32 133 144 54 143 148 88 101 691 291 0 245 249 12 0 3 0 2 0 0 0 0 0 0 0 0 0 0 0 0 5 6 0 0 0 0 0 0 0 0 0 0 0 0 0 0 0 0 0 0 0 0 0 0 0 0 0 6 6 0 0 0 0 0 8 0 0 0 0 0 0 0 0 9 1 10 19 18 7 0 0 19 35 12 0 0 12 9 1 0 0 0 0 20 0 12 0 0 0 9 0 0 0 0 0 11 0 0 0 0 0 18 0 7 0 0 0 0 18 0 0 0 0 0 0 0 0 0 0 0 0 0 0 0 0 0 0 0 0 0 0 0 0 0 0 0 0 0 0 0 0 0 2 23 38 18 2 10 0 0 6 7 37 34 10 0 12 0 25 21 12 0 0 9 1 0 0 0 0 3 0 1 0 0 0 4 0 16 0 0 2 1 15 0 9 4 0 0 0 0 0 0 0 0 5 0 0 0 0 0 0 0 14 0 1 66 62 0 0 0 2 0 0 24 0 0 0 0 0 0 0 0 0 0 0 0 0 0 0 0 40 1 0 
 0 0 0 0 3 63 0 0 63 3 0 0 0 0 0 0 2 0 0 0 0 0 5 0 97 34 0 8 0 0 0 64 0 21 0 0 0 0 0 3 126 264 94 97 54 48 262 225 114 68 43 43 153 150 129 93 109 245 0 258 0 0 0 0 2 42 14 0 0 0 0 0 0 0 0 0 0 0 0 2 0 0 0 0 2 0 0 0 0 0 0 0 0 0 0 0 10 0 0 0 0 0 0 0 36 18 1 0 0 0 0 9 0 1 1 4 4 0 0 10 0 3 0 15 0 0 13 28 0 0 32 2 3 38 8 8 0 13 37 66 0 0 0 0 0 0 0 0 0 0 0 0 0 0 0 0 0 0 0 3 17 0 0 0 0 0 2 0 0 0 0 0 0 0 0 5 0 0 0 0 0 0 0 0 28 10 4 3 0 0 0 3 0 14 14 0 0 0 0 3 0 10 18 4 26 1 49 4 19 15 18 9 0 30 18 0 0 5 0 40 0 0 0 0 0 0 0 0 0 0 0 0 0 0 0 0 0 0 0 0 0 0 0 0 0 0 0 0 0 0 0 16 0 2 0 0 1 26 0 2 0 0 0 0 0 2 0 0 0 0 0 0 0 0 0 0 0 0 0 0 0 0 0 0 0 0 0 0 2 0 
 0 0 0 0 2 0 62 0 0 5 0 0 0 0 0 0 0 2 0 0 5 0 71 7 127 91 5 1 1 63 68 22 6 0 3 6 2 1 0 0 143 197 106 71 89 275 60 147 219 93 498 52 591 172 218 92 251 249 258 0 0 0 0 0 1 0 0 0 0 0 0 0 0 0 4 0 0 50 0 0 0 0 0 0 0 0 0 0 0 0 0 0 0 0 0 0 0 0 0 0 0 0 4 3 28 54 0 0 3 0 28 13 0 0 4 0 11 0 1 0 1 7 5 8 0 1 0 18 4 0 0 0 8 23 23 0 0 11 64 30 5 0 14 0 0 0 2 0 0 0 0 0 0 0 0 0 0 0 0 6 8 0 0 0 0 0 0 0 0 0 19 0 0 8 0 4 0 0 0 0 0 5 0 0 9 1 0 0 0 1 0 0 0 0 0 1 2 0 0 0 32 9 0 11 10 0 20 27 0 9 0 1 0 13 38 18 3 20 6 19 0 0 0 0 0 0 0 0 0 0 0 0 0 0 0 0 0 0 0 0 0 0 11 0 0 0 0 0 0 0 0 23 0 2 0 0 0 72 13 1 0 0 0 0 3 1 2 0 0 0 0 0 0 0 0 0 0 0 0 0 0 0 0 0 10 0 0 0 2 0 
 0 0 0 0 0 0 2 0 0 0 0 0 0 0 0 0 0 0 0 0 2 3 2 2 5 2 3 2 2 3 3 3 2 2 3 5 2 2 4 2 0 206 0 0 4 0 0 0 2 0 0 0 2 2 2 3 0 12 0 0 0 206 181 77 101 52 49 35 70 26 23 40 125 201 178 43 121 21 330 115 0 0 0 0 0 0 0 0 0 0 0 0 0 0 0 0 0 0 0 0 0 0 2 0 0 0 23 0 0 0 0 0 0 0 0 0 0 0 0 0 0 0 0 0 0 0 0 0 0 0 0 0 0 0 0 0 0 0 0 0 0 0 56 30 54 14 0 0 0 14 1 20 0 0 0 7 15 6 0 0 0 0 0 0 0 33 0 14 0 0 0 5 0 0 0 0 0 0 0 0 0 0 0 0 0 0 0 0 0 0 0 0 0 0 0 0 0 0 0 0 0 0 0 0 0 0 0 0 0 0 0 0 0 0 0 0 0 0 0 0 1 42 37 6 2 25 0 46 0 10 0 57 0 8 10 0 40 7 6 0 0 0 0 0 0 0 0 0 0 0 0 0 0 0 9 0 0 0 0 0 0 0 20 0 0 0 3 0 0 0 4 0 0 0 2 4 0 0 0 0 0 0 0 0 0 0 0 0 0 0 
