 0 316 377 272 232 41 169 148 62 160 134 16 187 496 352 162 615 76 169 397 0 0 0 0 0 0 0 0 0 3 0 0 204 0 0 0 0 2 0 0 0 0 3 0 3 0 0 3 9 3 0 0 0 0 0 3 0 2 0 2 7 0 0 0 0 0 0 0 0 6 0 0 0 0 0 0 3 19 3 0 5 31 3 12 0 0 10 56 0 1 1 0 1 12 1 0 1 11 17 9 0 0 0 0 0 0 0 0 0 0 0 0 0 0 0 0 16 0 0 0 0 0 0 0 0 0 0 0 0 0 0 0 0 0 0 0 0 0 0 0 13 0 0 0 15 0 6 0 0 0 0 0 0 0 0 0 0 0 0 0 2 1 33 20 0 0 18 21 19 0 11 1 20 9 8 0 20 5 7 1 0 0 0 0 0 0 0 0 0 0 0 0 0 0 0 0 0 0 0 0 0 0 0 0 0 0 0 0 0 7 0 1 2 1 0 0 0 0 0 0 0 0 0 2 0 0 0 0 0 0 0 0 0 0 6 0 0 2 0 2 0 0 0 0 0 2 0 2 0 1 0 10 0 0 0 0 0 0 0 0 0 0 0 0 0 0 0 0 0 0 0 0 0 0 0 0 25 0 0 0 0 0 0 0 0 0 0 0 0 0 
 316 0 285 98 421 45 382 205 140 223 262 41 43 170 100 129 443 356 372 227 0 0 0 2 0 0 0 0 0 3 0 0 0 1 0 0 2 0 0 0 0 0 3 0 3 0 0 3 3 3 0 0 0 0 0 3 0 2 1 2 0 0 0 0 0 0 0 0 0 9 0 0 0 0 0 0 3 35 0 0 21 20 43 49 0 10 53 14 8 16 1 20 15 0 15 50 12 9 15 0 0 0 0 0 0 0 0 0 0 0 0 0 0 0 2 0 0 0 0 0 0 0 0 0 0 0 0 0 12 0 0 0 0 0 0 0 0 0 0 0 0 0 0 0 0 0 75 0 0 0 15 0 0 0 4 0 0 0 0 0 1 14 26 34 35 0 9 25 10 0 17 7 16 18 9 28 26 0 32 1 0 0 0 0 0 0 0 0 0 0 0 0 0 0 0 0 0 0 0 0 0 0 0 0 0 0 0 1 0 0 0 1 11 0 0 0 0 0 0 0 0 0 0 0 0 0 0 0 0 0 0 2 0 0 2 0 0 0 2 0 0 13 0 0 0 2 0 0 0 0 0 14 0 0 0 0 0 0 0 0 0 0 7 0 0 0 0 0 0 0 0 0 0 0 0 0 14 0 0 0 0 0 0 0 0 0 0 0 0 0 
 377 285 0 309 180 91 85 159 154 319 157 139 178 66 53 182 81 50 256 92 82 2 75 3 6 2 4 9 2 5 0 5 4 0 0 1 0 0 2 1 0 0 8 5 5 4 0 3 6 3 0 65 0 0 7 2 0 2 2 5 0 5 6 59 0 0 0 0 2 5 0 0 0 0 0 0 3 42 0 2 0 0 14 31 42 18 1 0 54 11 37 11 2 0 17 0 1 17 2 16 1 0 0 0 2 0 0 2 0 0 0 0 0 11 1 1 0 0 16 45 0 0 0 0 0 0 0 0 14 0 1 0 0 0 0 0 0 0 0 0 0 0 0 0 0 0 0 0 2 0 0 0 0 8 0 0 0 0 0 0 23 18 25 29 4 0 16 15 0 13 0 35 0 9 18 19 29 13 0 1 0 0 0 1 0 0 12 1 0 0 0 0 0 8 0 0 0 0 0 26 0 0 0 0 0 0 0 0 0 0 0 15 0 0 0 0 0 0 0 0 0 0 1 0 0 0 0 0 0 0 0 0 0 0 0 0 0 0 0 0 0 2 0 0 0 2 48 2 1 2 4 0 0 0 0 0 0 0 0 0 0 0 11 0 0 0 0 0 0 0 0 0 0 0 0 0 0 0 0 0 0 0 0 0 0 0 0 0 0 0 
 272 98 309 0 112 43 263 133 162 197 115 405 292 183 280 131 44 377 64 83 21 0 3 0 0 74 0 0 0 3 0 2 0 2 1 0 1 2 4 0 0 4 3 1 6 0 2 3 6 3 0 63 0 2 0 3 0 2 1 5 1 0 3 0 0 2 2 0 0 2 3 0 0 0 2 0 3 3 0 0 0 0 14 19 36 33 0 1 17 17 16 80 9 0 14 0 2 29 0 2 22 1 20 0 0 0 13 0 21 0 0 0 0 9 0 0 0 0 25 11 0 0 16 0 0 0 0 0 0 0 0 0 0 0 0 0 0 0 0 0 0 0 0 0 0 0 0 0 15 0 0 0 0 21 0 1 0 0 0 0 24 35 4 0 25 11 0 2 11 8 21 4 0 0 4 0 1 30 0 0 39 10 2 0 0 2 17 0 0 0 0 0 0 17 16 39 21 0 11 1 0 0 0 0 0 0 0 0 0 0 0 9 5 2 0 0 1 0 0 0 0 0 0 1 0 0 0 0 0 0 0 0 0 0 0 10 0 1 0 0 0 0 0 0 0 2 181 0 5 0 2 7 0 0 0 0 0 0 0 0 0 0 0 15 0 0 0 0 0 0 0 0 0 0 0 0 0 0 0 0 0 0 0 0 0 1 0 0 0 0 
 232 421 180 112 0 227 57 285 77 126 184 435 83 165 78 378 59 76 88 130 1 125 2 1 0 0 1 2 35 3 0 0 73 0 2 74 0 0 1 75 1 0 3 64 3 1 0 5 3 3 33 0 0 1 0 2 0 2 3 2 0 11 0 0 0 0 6 0 0 7 0 0 4 0 0 0 3 6 0 0 0 29 14 9 17 0 0 12 0 0 14 0 0 0 0 0 0 13 0 0 10 0 0 0 0 0 14 0 0 0 12 0 48 13 22 0 0 0 35 42 11 0 0 0 0 0 0 0 0 0 0 0 0 0 0 0 0 0 0 0 6 0 0 2 0 0 0 1 0 5 0 0 0 0 0 0 2 0 0 0 0 0 1 13 14 12 18 0 34 0 13 1 0 0 7 2 26 0 0 0 0 0 10 11 0 0 12 11 12 14 8 0 14 18 15 0 10 0 0 15 0 0 0 0 0 0 0 0 1 0 0 0 0 0 0 0 0 8 1 0 0 0 0 0 2 0 1 0 24 0 0 0 0 0 0 0 0 0 0 0 0 0 0 0 0 2 0 0 3 5 5 10 0 0 0 0 0 0 0 0 0 0 0 0 0 0 0 0 0 0 0 0 0 0 0 0 9 0 0 0 0 7 0 0 0 0 0 0 0 0 
 41 45 91 43 227 0 41 339 141 296 279 53 28 127 52 170 166 96 71 69 78 84 0 73 0 0 74 69 1 5 0 0 0 112 0 0 74 1 135 60 0 0 3 0 64 0 0 3 3 3 0 1 0 0 0 3 0 2 1 2 0 0 0 0 0 0 1 0 0 3 0 0 3 0 0 0 3 1 0 0 0 0 0 22 34 0 2 1 0 12 44 10 0 0 0 10 9 1 0 16 17 9 0 0 0 0 29 11 1 0 24 0 39 22 15 10 2 0 29 23 0 1 0 1 0 0 0 0 0 0 0 0 0 0 0 0 0 0 0 0 0 2 0 0 0 0 0 2 0 0 0 0 0 0 10 0 0 0 0 0 0 1 0 0 0 24 0 0 2 29 1 6 0 0 1 9 15 0 0 5 0 9 0 14 0 0 10 20 0 1 6 0 1 29 19 30 0 0 8 46 0 0 0 0 0 0 0 0 0 0 0 7 0 0 0 0 0 0 0 0 0 0 0 0 0 2 0 0 0 0 0 0 0 0 0 0 0 0 0 0 0 0 0 0 0 4 1 0 6 3 0 13 4 0 0 0 0 0 0 0 0 0 0 0 0 0 0 0 0 0 0 0 0 0 0 9 0 0 0 0 0 9 0 0 0 0 0 0 0 1 
 169 382 85 263 57 41 0 198 49 49 31 346 84 289 227 388 440 37 191 269 1 0 0 0 0 0 2 0 0 3 10 0 0 0 0 1 0 0 6 0 78 0 3 0 3 0 0 3 3 5 0 2 0 0 0 3 0 2 0 2 0 4 0 0 6 40 0 0 0 2 2 6 0 0 0 0 3 0 0 0 24 12 41 20 0 0 38 22 25 20 14 0 9 0 54 32 12 2 12 25 0 0 0 0 0 0 0 0 0 0 17 0 0 0 0 0 0 0 0 0 0 0 0 21 0 0 0 0 0 0 0 0 0 0 0 0 0 0 0 0 0 0 0 0 0 0 0 0 0 0 0 0 0 0 6 0 0 0 0 0 35 19 16 19 0 0 0 17 0 12 0 1 14 23 0 32 4 40 24 17 0 0 0 0 0 0 0 0 0 0 0 0 0 0 0 0 0 0 16 0 0 0 0 0 0 0 0 0 0 0 0 0 2 1 0 0 2 0 0 0 0 1 0 2 0 0 0 0 0 0 0 3 0 0 0 0 0 2 0 2 0 1 0 0 0 1 2 2 3 0 0 14 19 0 0 0 0 0 0 0 0 0 0 0 0 0 0 0 0 0 0 0 0 0 0 0 25 12 0 0 0 0 0 0 0 0 0 0 0 0 
 148 205 159 133 285 339 198 0 123 68 39 463 166 281 151 143 69 215 369 52 1 1 0 2 0 0 0 0 0 3 0 0 0 0 0 0 0 0 148 0 0 0 3 61 3 0 0 3 3 3 0 0 0 0 4 3 0 2 1 2 2 7 30 0 0 0 0 0 0 2 0 2 4 0 0 0 3 0 4 0 9 30 21 2 0 20 6 12 21 10 14 0 1 0 44 30 13 12 14 0 0 0 2 0 0 0 0 0 0 0 0 0 15 1 0 0 0 0 7 14 0 0 1 0 0 0 1 20 0 0 0 0 0 0 0 0 0 0 0 0 0 0 0 0 0 0 0 0 5 0 2 0 0 5 0 0 0 0 0 0 32 28 1 50 12 0 0 26 29 13 13 8 10 0 13 1 32 22 15 0 0 0 0 0 0 0 0 0 1 0 0 0 0 0 0 0 0 0 10 0 0 0 0 0 0 0 0 0 0 0 0 26 0 0 0 19 0 0 0 0 0 0 0 0 0 0 0 0 0 0 0 0 0 0 0 0 0 0 0 0 0 10 0 0 0 0 0 0 0 88 0 5 0 0 0 0 0 0 0 0 0 0 8 0 0 0 0 0 0 0 0 0 0 0 0 20 4 10 0 0 0 0 0 0 0 0 0 0 0 0 
 62 140 154 162 77 141 49 123 0 389 268 129 143 196 198 74 96 231 87 172 0 0 0 0 0 0 0 0 0 3 0 0 2 0 0 0 80 0 109 0 0 64 3 0 3 0 0 3 3 3 0 63 0 0 1 3 0 2 1 2 0 0 8 0 0 0 0 0 0 4 0 0 4 0 0 0 3 0 0 0 0 8 10 24 31 21 0 3 19 28 22 60 9 0 19 21 21 2 0 0 0 0 2 0 0 0 10 0 0 0 0 0 0 11 0 0 0 0 8 34 0 0 0 0 0 0 0 2 0 0 0 0 0 0 0 0 0 2 0 0 0 0 0 0 0 0 0 0 0 0 0 0 0 0 0 0 0 0 0 0 26 20 0 0 20 10 0 14 3 21 12 0 0 0 14 13 13 23 0 0 0 21 10 0 0 0 11 0 0 0 0 0 0 1 1 0 0 0 0 7 0 0 0 0 0 0 0 0 1 33 0 0 0 0 0 0 0 0 1 0 0 0 0 0 19 0 0 0 0 0 0 0 0 0 0 0 0 0 0 0 0 0 0 0 0 1 32 2 1 92 0 19 0 0 2 0 0 0 0 0 7 0 0 0 0 22 0 0 0 0 0 0 0 0 0 14 0 0 0 0 0 0 0 0 0 0 0 0 0 12 
 160 223 319 197 126 296 49 68 389 0 480 81 155 194 193 109 136 201 100 204 1 0 0 0 0 75 0 0 0 3 0 76 0 0 0 1 0 0 0 0 0 0 3 0 3 0 0 3 3 42 0 30 0 1 1 3 0 2 0 2 0 0 0 2 0 0 0 0 0 7 0 0 0 0 0 0 3 7 0 0 0 0 37 55 19 14 2 0 32 14 17 45 12 0 33 0 0 27 0 21 43 10 1 0 0 0 1 0 0 0 0 0 0 0 0 0 0 0 0 23 0 0 2 0 0 0 0 0 0 0 0 0 0 0 0 0 0 0 0 0 0 0 0 0 0 0 0 0 0 0 0 0 0 0 13 1 0 0 0 0 28 26 14 14 15 0 19 2 1 5 16 10 1 11 25 0 0 61 0 0 1 0 0 0 1 2 0 0 0 0 0 0 0 0 0 0 0 0 0 29 0 0 0 0 0 0 0 0 7 30 0 0 0 2 0 0 1 0 0 0 0 0 0 1 0 0 0 0 8 0 0 0 0 0 0 0 0 1 0 0 0 0 0 0 0 4 195 2 5 0 0 11 0 0 0 0 0 0 0 0 0 0 0 0 0 0 1 0 0 0 0 0 0 0 0 0 0 0 0 0 0 0 0 0 0 1 0 0 0 0 
 134 262 157 115 184 279 31 39 268 480 0 172 341 48 59 535 176 150 263 70 136 3 0 1 0 0 0 36 0 3 0 0 0 39 2 2 0 0 37 0 0 0 3 0 3 0 0 3 3 3 0 62 0 7 0 3 0 2 1 2 0 0 3 0 6 0 0 0 0 2 0 0 0 67 0 0 3 0 0 0 0 0 0 22 28 15 0 0 14 28 9 25 0 0 0 0 2 1 0 0 23 14 17 0 0 0 42 12 21 0 2 0 14 28 0 10 1 2 58 35 0 2 0 2 0 0 0 0 0 0 0 0 0 2 0 0 0 2 0 0 0 0 0 0 0 0 0 0 3 0 0 0 0 1 11 0 0 0 0 0 0 0 16 0 0 31 0 0 2 2 6 30 0 0 0 11 16 1 0 4 20 39 0 8 0 0 2 0 0 0 0 0 0 28 57 20 23 0 17 22 0 0 0 0 0 0 0 0 0 0 33 25 0 0 0 0 0 0 0 0 0 0 0 0 0 1 0 0 15 0 0 0 0 0 0 0 0 0 0 0 0 0 0 0 0 0 90 0 92 2 11 10 0 0 0 0 0 0 0 0 0 0 0 0 0 0 0 0 0 0 0 0 0 0 0 5 0 0 0 0 0 0 0 0 0 0 0 0 0 0 
 16 41 139 405 435 53 346 463 129 81 172 0 142 407 114 32 190 87 27 21 1 4 0 1 0 0 2 0 0 3 0 0 213 1 76 3 0 2 74 0 0 0 3 0 3 0 0 3 5 3 0 51 3 0 4 3 0 2 0 2 0 0 0 0 3 0 0 0 0 2 0 0 0 0 0 0 3 1 0 0 0 44 31 19 23 58 0 0 7 64 0 21 9 0 10 0 9 21 0 0 14 0 14 0 0 0 0 0 8 0 0 0 0 0 4 0 7 15 22 0 19 0 0 0 0 0 0 0 0 0 0 0 0 0 0 0 0 0 0 0 0 0 0 0 0 0 0 0 3 0 0 0 0 3 0 0 0 0 0 0 33 32 0 14 33 5 0 15 15 8 27 24 0 0 14 0 21 17 0 0 11 0 0 0 0 0 0 0 0 0 0 0 12 14 19 10 10 0 0 14 0 0 0 0 0 0 0 0 0 0 0 0 0 0 0 0 0 0 0 0 0 0 0 0 0 0 0 0 15 0 0 0 0 0 0 0 0 0 0 0 0 12 0 0 0 4 4 2 2 0 0 4 0 0 0 0 0 0 0 0 0 0 10 0 0 0 0 0 0 0 0 0 0 0 0 19 13 0 0 0 0 0 0 0 0 0 0 0 0 0 
 187 43 178 292 83 28 84 166 143 155 341 142 0 306 320 229 44 212 323 351 0 0 0 0 0 0 2 0 0 3 0 0 0 4 0 0 0 0 0 0 0 0 3 0 3 0 0 3 33 3 0 0 0 5 0 3 0 2 1 2 0 0 0 0 0 0 2 0 0 3 0 0 0 0 0 0 3 0 0 0 7 0 12 16 8 10 13 22 0 0 0 10 1 2 31 14 31 18 33 1 0 0 0 19 0 0 0 0 2 0 0 0 0 2 0 0 0 0 0 0 1 0 0 0 0 2 0 0 0 0 0 0 0 0 0 12 0 0 0 0 0 0 0 0 0 0 0 0 2 0 0 0 0 2 0 0 0 0 0 0 14 14 0 11 13 0 1 15 23 1 45 0 12 14 0 0 0 14 0 1 2 0 0 0 14 0 0 1 0 0 2 0 0 0 0 0 0 22 7 1 1 0 0 2 0 1 1 0 0 36 0 0 0 0 0 0 0 1 0 2 0 0 0 0 0 0 0 1 3 0 0 0 0 10 0 0 0 0 0 0 0 0 0 0 0 2 0 2 0 0 2 11 0 0 0 0 0 0 0 0 0 0 0 0 0 0 0 0 0 0 0 0 0 0 0 12 0 7 0 0 0 0 0 0 0 0 0 0 0 0 
 496 170 66 183 165 127 289 281 196 194 48 407 306 0 313 145 60 53 331 388 0 2 0 0 0 2 0 0 0 3 0 0 204 2 0 0 0 0 0 0 0 0 3 0 4 0 0 3 3 3 0 1 0 9 6 3 0 2 1 2 0 3 0 0 0 0 0 0 0 2 0 0 4 0 0 0 3 36 0 0 0 35 1 47 0 10 19 6 29 10 0 0 39 1 0 2 13 0 0 10 0 0 0 0 0 0 17 0 1 0 0 0 8 0 0 0 0 0 0 17 1 0 0 0 0 2 0 0 0 0 0 0 0 0 1 0 0 0 0 0 0 1 0 0 0 0 0 0 0 0 0 0 0 0 0 0 0 0 0 0 16 25 44 10 4 0 13 31 15 0 8 5 18 0 34 33 43 12 7 1 0 1 0 0 0 0 0 0 0 0 2 0 0 0 0 0 5 0 0 21 1 0 0 2 0 0 1 0 12 0 2 0 0 0 0 0 0 0 0 2 0 0 0 0 0 0 0 0 0 0 0 0 0 0 0 0 0 0 0 0 0 7 0 0 0 0 2 2 90 1 7 11 0 0 0 0 0 0 0 0 0 0 5 0 0 0 0 0 0 0 0 0 0 0 0 0 0 0 0 0 0 0 0 0 0 0 0 0 0 0 
 352 100 53 280 78 52 227 151 198 193 59 114 320 313 0 114 102 227 248 512 0 0 0 0 3 0 2 1 0 3 0 0 1 0 0 0 0 0 25 0 0 0 3 0 3 0 0 3 3 3 0 0 0 0 77 3 0 2 1 2 0 0 0 0 0 0 0 0 0 2 0 0 0 13 0 0 3 0 0 0 38 17 35 0 0 3 65 21 0 18 0 19 3 0 47 0 17 0 28 21 0 0 0 2 1 0 0 0 0 0 0 0 0 0 0 0 0 0 8 0 12 0 0 0 0 0 0 0 0 0 2 0 0 0 0 1 0 0 0 0 0 0 0 0 0 0 0 1 0 0 0 17 0 0 5 0 0 0 0 0 33 11 3 20 1 0 0 59 1 29 0 2 28 29 14 12 33 39 18 18 0 0 0 2 0 0 0 0 0 0 17 0 0 2 0 0 0 0 0 12 0 0 0 0 0 0 0 0 0 10 0 0 0 0 0 0 0 0 0 0 0 19 0 0 1 0 0 0 0 0 0 0 0 0 0 0 0 0 0 1 0 0 0 0 0 2 3 0 2 2 3 12 19 2 0 0 0 0 0 0 0 0 2 0 0 0 0 0 0 0 0 0 0 0 0 0 4 0 0 0 0 0 0 0 0 0 0 0 0 0 
 162 129 182 131 378 170 388 143 74 109 535 32 229 145 114 0 240 219 171 80 0 0 0 6 0 0 74 2 83 3 2 0 0 0 2 0 0 0 76 0 0 0 6 35 3 0 0 3 3 3 0 0 0 0 5 2 0 2 2 2 0 0 2 0 0 2 0 49 0 2 0 0 0 0 3 0 3 0 0 0 24 48 17 18 16 24 27 18 18 13 18 7 14 0 32 53 29 0 10 0 0 0 1 0 0 0 12 0 0 0 0 0 0 10 0 0 0 0 0 0 0 0 0 0 0 0 0 0 0 2 0 0 0 0 0 0 0 0 0 0 1 0 0 0 0 0 0 0 0 0 0 0 0 0 2 0 0 0 0 0 12 6 24 39 12 7 0 21 0 18 7 17 12 0 2 32 2 2 28 0 0 11 0 0 0 0 10 0 0 0 0 0 0 1 0 0 0 0 8 0 0 0 0 0 0 0 0 0 0 9 0 0 0 0 0 0 0 0 0 0 0 0 0 0 0 0 0 0 0 0 0 0 0 0 0 0 0 0 0 0 0 10 0 0 0 0 0 2 2 121 0 4 0 0 0 0 0 0 0 0 0 0 17 0 0 0 0 0 0 0 0 0 0 0 0 52 16 8 0 0 0 0 0 0 0 0 0 0 0 0 
 615 443 81 44 59 166 440 69 96 136 176 190 44 60 102 240 0 172 366 46 1 1 0 2 4 3 3 0 0 3 1 0 3 0 0 4 0 1 0 0 3 0 3 0 3 0 2 6 3 6 0 62 1 0 0 3 3 2 0 2 0 0 0 0 0 0 0 0 0 8 0 44 0 0 0 0 3 40 0 3 21 17 43 10 0 0 9 18 15 0 35 0 19 0 51 7 28 11 13 18 10 7 0 0 0 0 20 0 0 1 0 0 0 0 10 0 0 0 9 13 0 0 0 0 0 0 0 0 0 0 0 0 0 0 0 0 0 0 0 0 0 0 0 0 0 0 1 0 0 0 0 0 0 2 0 0 0 0 0 0 14 10 12 25 0 9 26 14 15 11 0 7 10 22 10 7 23 14 31 0 0 0 0 0 0 0 0 0 0 3 0 0 0 0 0 0 0 0 0 7 0 0 0 0 0 0 0 0 0 0 0 0 0 0 0 0 0 0 0 15 2 0 0 2 0 0 0 0 0 2 0 0 0 0 0 0 0 0 5 0 0 0 0 0 1 1 1 0 1 1 0 35 1 0 0 0 0 0 0 0 0 0 62 0 0 0 0 0 0 0 0 0 0 0 0 0 24 0 0 0 0 0 0 0 0 0 0 0 0 0 
 76 356 50 377 76 96 37 215 231 201 150 87 212 53 227 219 172 0 33 38 75 0 0 0 0 0 0 0 0 3 0 0 0 0 0 1 0 1 26 0 0 0 3 0 3 0 0 3 3 3 0 0 0 0 0 3 0 2 0 2 0 1 9 0 0 0 11 14 0 2 36 0 1 0 0 1 5 5 0 3 8 0 13 17 0 0 7 14 0 1 11 0 0 0 12 19 22 13 30 0 0 0 10 0 0 0 13 10 0 0 0 0 0 29 2 0 0 0 1 0 0 0 0 0 0 0 0 0 0 0 0 0 0 0 0 0 0 0 2 0 0 0 0 0 0 2 0 0 0 0 0 1 0 0 0 0 0 0 0 0 0 0 0 8 0 2 0 18 27 7 10 0 11 0 1 12 3 0 0 0 35 0 0 0 10 0 9 0 7 0 1 0 0 0 0 0 2 0 9 0 0 0 0 0 0 0 0 0 0 8 0 0 0 0 0 0 0 0 0 0 0 0 4 0 0 0 0 0 0 0 1 0 0 0 0 0 0 0 0 0 0 0 0 0 2 3 5 0 0 52 0 9 0 0 0 0 0 0 0 15 0 0 0 0 0 0 0 0 0 0 0 0 0 0 0 12 44 0 0 0 0 0 0 0 0 0 0 0 0 0 
 169 372 256 64 88 71 191 369 87 100 263 27 323 331 248 171 366 33 0 418 1 0 4 0 0 0 0 6 8 3 4 4 0 3 3 1 0 2 2 2 0 0 3 4 3 0 62 3 7 3 0 0 0 0 0 3 0 2 3 38 0 0 0 0 0 0 0 6 6 2 4 4 0 0 0 0 3 0 6 0 47 0 32 0 0 0 94 27 0 14 0 0 19 0 19 2 12 0 51 21 0 0 2 0 0 0 0 0 0 0 0 0 0 0 0 0 0 0 0 0 0 0 0 13 3 0 1 0 0 18 0 0 0 0 0 0 0 0 0 0 0 0 0 0 0 0 0 9 0 0 0 0 0 0 2 0 0 0 0 0 18 10 8 25 9 0 0 33 23 0 4 0 29 21 0 9 14 18 6 17 0 0 0 0 0 0 0 0 0 0 0 0 0 1 0 0 11 0 0 0 0 0 0 0 0 0 0 0 0 0 0 0 0 0 0 0 0 0 0 0 0 0 0 0 0 0 0 0 0 0 0 0 0 0 0 0 0 0 0 0 0 0 0 0 0 0 0 0 2 0 0 9 19 0 0 0 0 0 0 0 0 0 0 0 0 0 0 0 0 0 0 0 0 0 0 0 21 0 0 0 0 0 0 0 0 0 0 0 0 0 
 397 227 92 83 130 69 269 52 172 204 70 21 351 388 512 80 46 38 418 0 4 0 0 0 2 0 2 65 0 6 0 2 0 0 0 3 0 1 0 3 0 0 3 3 3 0 0 6 63 3 3 3 0 7 2 3 0 5 3 2 3 2 0 2 3 0 1 0 0 4 0 0 9 3 3 0 3 1 2 0 1 43 0 19 0 0 0 15 0 1 0 0 1 46 3 0 4 6 15 30 0 0 0 0 0 0 0 0 0 0 0 0 16 0 0 0 7 0 0 24 0 0 0 0 0 0 0 2 0 0 0 0 0 0 0 0 15 2 0 0 2 0 0 1 0 0 0 0 0 0 0 0 0 0 1 0 0 0 0 0 0 0 9 25 0 0 30 10 9 0 10 10 12 42 8 16 19 0 7 1 0 10 0 0 0 0 0 0 0 0 0 0 0 0 0 0 0 0 0 0 0 0 0 0 0 0 0 0 1 5 0 0 0 0 0 0 0 0 1 0 0 0 0 0 0 0 2 0 0 0 0 0 0 0 0 0 0 0 0 0 0 0 0 0 0 2 0 0 1 3 0 13 0 0 0 0 0 0 0 0 0 0 0 0 0 0 2 0 0 0 0 0 0 0 0 0 0 0 0 0 0 0 0 0 0 0 0 0 0 0 
 0 0 82 21 1 78 1 1 0 1 136 1 0 0 0 0 1 75 1 4 0 320 138 101 164 48 223 388 56 254 93 47 202 235 90 117 105 101 56 115 204 2 5 5 2 3 207 204 3 0 0 1 0 206 0 0 0 0 0 6 3 5 9 0 0 0 0 0 0 0 0 0 49 0 3 0 0 7 1 0 0 0 0 1 0 0 0 0 0 2 15 20 0 0 0 0 0 19 0 0 14 3 13 23 0 2 11 15 0 0 16 10 15 9 41 22 11 0 14 14 1 0 0 0 2 0 0 1 0 0 0 0 0 0 0 0 0 0 2 0 6 0 0 0 0 0 0 0 0 0 0 0 0 0 0 0 17 0 0 0 0 0 0 0 0 30 0 0 0 0 8 18 0 1 0 0 0 0 0 5 21 30 15 12 15 1 37 15 27 33 0 0 0 11 15 0 23 13 31 4 0 0 0 0 6 0 2 0 0 0 0 2 10 0 0 0 0 0 0 0 2 0 0 0 0 0 0 0 0 0 0 2 0 0 0 0 0 0 0 0 0 0 0 0 0 0 74 0 0 74 0 0 0 0 9 0 2 13 0 2 2 0 0 0 0 0 0 0 0 0 0 0 0 0 0 0 0 0 0 0 0 0 0 0 0 0 0 0 0 0 
 0 0 2 0 125 84 0 1 0 0 3 4 0 2 0 0 1 0 0 0 320 0 161 293 29 50 196 123 231 107 105 38 136 159 139 427 136 80 202 236 206 2 0 0 2 0 209 207 3 0 0 1 45 216 0 0 1 0 0 3 3 0 3 0 0 0 0 0 0 0 0 0 0 51 3 0 0 3 0 22 0 0 0 0 0 0 0 0 0 0 0 0 0 2 0 32 0 0 0 0 15 21 0 7 9 5 40 0 0 29 20 19 25 16 39 28 9 18 0 8 0 0 0 0 0 2 0 6 0 0 2 0 0 0 0 0 0 1 0 12 13 0 0 0 0 0 0 9 2 0 0 0 0 0 0 0 0 0 0 0 2 0 0 0 13 10 0 0 1 0 0 5 0 0 0 0 0 0 0 0 20 0 17 1 0 13 11 43 22 57 18 8 32 33 24 20 3 23 9 0 0 0 0 0 0 0 0 0 0 2 0 0 0 0 0 0 0 0 10 9 0 0 0 0 0 0 0 0 13 0 0 0 0 0 0 0 0 0 0 0 0 0 0 0 0 0 0 0 0 0 0 0 0 0 20 0 2 3 0 4 0 0 0 0 0 0 8 0 0 0 0 0 0 0 0 0 0 0 0 0 0 10 0 0 0 0 0 0 0 0 
 0 0 75 3 2 0 0 0 0 0 0 0 0 0 0 0 0 0 4 0 138 161 0 274 134 87 239 191 160 189 77 161 147 59 114 126 38 553 117 144 0 2 2 0 2 0 22 2 3 8 4 2 2 0 2 0 0 57 7 3 3 0 3 0 0 0 0 0 0 0 0 0 0 0 4 0 0 2 0 0 0 0 0 0 0 0 0 0 0 0 0 0 0 0 0 8 9 0 0 0 15 6 6 60 22 20 0 19 0 73 11 7 10 1 2 16 30 16 0 0 0 0 10 0 0 0 20 0 0 0 0 0 0 33 0 0 0 0 15 15 0 0 0 0 0 0 0 0 0 0 0 0 0 0 0 30 0 0 0 0 0 0 0 0 0 13 0 0 0 0 0 0 0 0 5 0 0 0 0 0 1 0 35 0 65 0 18 0 56 45 0 8 8 0 13 22 17 37 24 8 7 0 0 0 0 0 14 13 0 0 0 0 31 0 0 1 0 0 9 0 0 0 0 0 0 0 0 0 0 0 0 0 0 0 0 0 0 0 0 0 0 0 10 0 0 0 0 2 0 0 0 0 0 0 20 0 6 0 173 0 14 0 0 0 0 0 0 0 0 0 0 0 0 0 0 0 0 0 0 0 0 1 0 0 0 0 14 0 0 0 
 0 2 3 0 1 73 0 2 0 0 1 1 0 0 0 6 2 0 0 0 101 293 274 0 198 34 398 209 169 151 134 320 229 543 139 184 307 236 87 400 0 2 2 30 2 0 3 1 2 0 0 62 0 0 1 0 3 0 88 65 3 0 3 0 0 0 0 0 0 0 6 0 0 49 3 0 0 2 46 0 0 0 0 0 0 2 0 0 0 0 0 0 0 0 0 0 0 0 0 0 11 12 0 28 38 8 0 11 25 10 17 0 1 17 21 12 0 9 0 0 0 0 8 0 11 0 13 11 0 0 0 0 0 0 0 0 0 2 0 28 0 0 0 0 0 0 0 0 0 15 2 0 0 0 0 16 0 0 0 0 0 0 0 0 6 9 0 0 2 0 0 1 0 0 0 7 0 0 0 0 2 60 15 21 24 25 0 12 0 28 40 0 0 1 2 15 9 0 0 0 0 0 0 0 0 0 1 0 0 1 0 0 86 12 1 0 0 0 27 0 0 0 0 11 0 0 0 0 0 0 0 0 0 0 0 0 0 0 0 22 0 0 0 0 0 0 0 0 0 0 0 0 0 0 13 2 2 83 1 0 1 1 0 0 0 0 0 0 0 0 0 0 0 0 0 0 0 0 0 0 0 12 0 0 0 44 1 0 0 0 
 0 0 6 0 0 0 0 0 0 0 0 0 0 0 3 0 4 0 0 2 164 29 134 198 0 164 275 551 597 224 152 125 146 93 146 345 280 53 81 149 0 2 0 0 3 0 4 6 2 9 0 3 0 73 0 0 0 2 64 136 3 0 2 1 0 0 0 0 0 0 0 6 0 50 3 0 0 2 0 13 0 0 0 0 0 0 0 0 0 0 0 0 0 0 0 0 0 0 0 0 0 0 0 0 23 1 0 27 33 1 4 57 0 19 10 1 11 28 0 0 0 0 0 0 0 0 4 7 0 0 0 0 0 12 0 0 0 0 44 44 0 0 0 0 0 0 0 0 2 0 0 0 0 10 0 0 1 0 0 0 0 0 0 0 6 1 0 0 0 0 0 0 0 0 0 0 0 0 0 0 12 34 18 17 27 28 8 0 10 13 21 31 0 9 1 9 9 2 0 0 0 0 0 0 0 0 1 0 0 0 0 0 2 1 21 0 0 0 31 10 0 1 0 0 0 0 0 0 0 0 0 0 0 0 0 0 0 0 1 0 0 0 18 0 0 0 0 0 0 0 0 0 0 0 3 0 0 79 42 2 2 10 0 0 0 0 0 0 0 0 0 0 0 0 0 0 0 0 0 1 0 0 0 0 0 27 0 0 0 0 
 0 0 2 74 0 0 0 0 0 75 0 0 0 2 0 0 3 0 0 0 48 50 87 34 164 0 38 103 162 121 76 50 26 63 65 151 63 55 51 67 63 3 0 0 2 4 63 124 2 66 4 1 121 63 67 80 0 89 196 3 3 0 3 0 0 0 0 0 0 0 0 0 0 0 3 0 1 2 2 0 0 0 0 0 0 0 0 13 0 0 0 0 0 0 0 0 0 2 0 0 8 0 0 12 2 0 0 0 0 17 0 0 0 0 2 1 13 13 0 0 33 0 13 11 0 1 0 14 25 35 13 29 38 14 0 0 2 0 77 3 0 0 0 0 0 0 0 0 0 0 0 0 0 0 0 0 0 0 0 0 0 0 0 0 0 0 0 0 0 0 0 0 0 2 0 0 0 0 0 0 0 0 6 0 30 0 0 0 9 2 0 0 0 0 0 0 0 4 0 0 0 24 61 18 0 0 8 13 12 10 11 0 34 29 51 0 16 0 8 19 1 0 0 0 0 0 0 0 0 0 0 0 5 0 0 0 0 0 0 39 0 0 10 0 0 0 0 0 0 0 0 0 0 0 10 4 0 0 89 0 6 0 0 0 0 0 0 0 0 0 0 0 0 0 0 0 0 0 0 0 0 0 0 0 14 0 0 0 0 0 
 0 0 4 0 1 74 2 0 0 0 0 2 2 0 2 74 3 0 0 2 223 196 239 398 275 38 0 154 357 124 187 84 224 204 161 30 68 210 150 102 0 2 0 0 6 0 6 0 4 0 0 1 0 0 0 0 3 0 0 3 3 0 3 0 0 0 0 0 0 0 0 0 0 0 3 0 0 3 0 0 0 0 0 1 1 9 0 0 0 1 0 0 0 0 0 0 0 0 0 0 14 45 18 26 0 0 25 13 11 1 59 14 8 0 2 13 26 0 13 1 0 0 0 0 0 0 0 0 0 16 0 0 0 0 0 0 0 13 0 6 0 0 0 0 0 0 0 11 0 0 0 2 0 0 0 0 1 0 0 0 0 0 0 0 37 44 0 0 7 0 0 12 0 0 0 0 15 0 0 0 0 10 13 41 9 1 13 11 6 17 13 11 60 0 1 4 24 10 0 1 0 0 0 0 0 0 0 0 0 0 0 0 18 0 0 0 0 0 0 0 0 0 0 0 0 14 0 0 0 0 0 0 0 0 0 0 0 0 0 0 0 0 0 0 0 0 0 0 0 0 0 0 0 0 14 0 0 0 1 2 2 0 0 0 0 0 0 0 0 0 0 3 0 0 0 0 0 0 0 0 0 1 0 0 0 0 2 0 0 0 
 0 0 9 0 2 69 0 0 0 0 36 0 0 0 1 2 0 0 6 65 388 123 191 209 551 103 154 0 287 51 134 172 111 170 84 81 67 57 289 128 0 2 0 0 3 0 4 4 2 11 0 0 1 0 0 0 0 0 5 2 3 0 4 0 0 0 0 0 0 0 0 0 0 0 3 0 4 3 4 0 0 18 0 9 19 0 0 0 0 10 0 20 0 18 0 0 0 0 0 0 2 0 12 11 0 0 0 11 13 9 9 33 25 0 0 55 18 35 10 9 0 0 0 0 0 0 0 0 0 2 0 0 0 12 0 0 0 0 18 1 0 0 0 0 0 0 0 0 9 0 0 0 0 0 0 0 0 0 0 0 0 0 0 0 0 0 0 0 0 0 0 0 0 26 0 0 0 0 11 6 6 18 21 0 24 17 7 23 21 18 0 20 6 0 16 0 0 1 18 9 0 0 0 0 0 23 16 0 0 0 0 0 0 0 0 0 0 0 7 14 0 0 0 0 0 0 0 0 1 0 0 0 0 0 0 0 0 0 0 0 0 0 29 0 0 0 0 0 0 35 0 0 0 0 11 0 0 2 41 3 2 11 0 0 0 0 0 0 0 0 0 0 0 0 1 0 0 0 0 0 0 11 0 0 0 0 0 0 0 0 
 0 0 2 0 35 1 0 0 0 0 0 0 0 0 0 83 0 0 8 0 56 231 160 169 597 162 357 287 0 116 330 30 298 310 456 261 157 104 160 202 0 2 0 0 3 0 6 0 2 0 0 0 61 0 0 0 5 186 0 2 3 0 3 0 0 0 0 45 0 0 0 0 0 51 3 0 0 2 0 6 14 0 0 0 1 0 0 0 0 0 0 0 0 0 0 2 0 0 0 0 9 42 0 7 14 6 0 11 0 37 0 2 25 16 21 31 9 14 0 0 0 0 0 0 0 0 0 10 0 0 0 0 2 0 0 0 0 0 0 31 10 0 0 0 0 0 0 3 0 0 0 0 0 0 0 0 4 0 0 0 0 0 2 0 45 1 0 0 0 0 0 9 0 0 0 0 0 0 0 0 34 5 49 51 0 0 4 38 14 27 14 39 45 0 20 32 31 22 9 0 0 0 1 1 0 0 0 0 0 0 14 0 0 2 0 0 0 0 13 14 0 0 0 0 0 0 0 1 0 0 0 0 0 0 0 0 0 0 0 0 0 0 1 0 0 0 0 0 0 0 0 0 0 0 10 9 0 6 0 2 2 0 0 2 0 0 14 0 0 0 0 0 0 0 0 0 0 0 0 0 0 8 0 0 0 0 0 0 0 0 
 3 3 5 3 3 5 3 3 3 3 3 3 3 3 3 3 3 3 3 6 254 107 189 151 224 121 124 51 116 0 586 117 36 102 84 504 193 117 106 163 0 2 0 0 2 0 57 2 3 4 0 0 64 0 0 0 0 0 28 3 3 0 3 0 0 0 0 0 0 0 0 50 0 0 51 0 0 3 0 4 0 0 0 0 0 0 0 0 0 0 0 0 0 0 0 0 0 0 0 0 0 0 0 4 20 21 0 10 48 0 1 35 0 8 0 0 9 43 0 0 0 0 0 0 0 0 19 9 0 0 0 0 0 36 0 0 0 0 28 38 0 0 0 0 0 0 0 0 0 0 0 0 0 0 0 0 0 0 0 0 0 0 0 0 0 0 0 0 0 9 2 0 0 0 6 0 0 0 0 0 13 15 8 0 22 1 18 0 53 35 6 29 0 11 0 2 15 45 0 0 18 0 1 0 0 2 0 11 0 0 0 0 14 0 11 0 0 0 9 1 0 0 0 0 0 0 0 0 0 0 0 0 0 0 2 0 16 0 0 0 0 0 11 0 0 0 0 0 0 0 0 0 0 0 6 1 1 6 120 0 7 10 0 0 0 0 9 0 0 0 0 0 0 0 0 0 0 1 0 0 0 0 0 0 0 6 0 0 0 0 
 0 0 0 0 0 0 10 0 0 0 0 0 0 0 0 2 1 0 4 0 93 105 77 134 152 76 187 134 330 586 0 304 342 66 275 64 70 46 51 226 0 2 1 0 2 0 3 3 2 0 0 0 8 0 2 0 0 187 0 2 3 0 3 0 0 0 0 0 42 0 0 0 1 3 3 0 0 2 0 0 0 0 0 0 0 0 0 0 0 0 0 0 0 0 0 0 0 0 0 0 18 6 28 0 11 29 19 9 1 46 6 87 0 9 0 21 0 26 0 0 17 0 8 0 0 0 8 1 12 0 0 12 11 0 11 8 28 0 19 1 0 0 0 0 0 0 0 0 0 0 0 0 0 0 0 0 0 0 0 0 0 0 0 0 0 0 0 0 0 0 0 4 0 0 0 0 0 0 0 0 9 0 18 9 15 15 0 16 11 27 14 37 11 0 0 0 0 13 0 0 13 7 0 0 0 0 19 11 8 15 11 0 9 29 0 16 0 0 44 45 0 0 0 0 0 0 0 0 0 0 0 0 0 0 0 0 0 0 0 0 0 0 0 0 0 0 0 0 0 0 0 0 0 0 11 2 0 0 0 1 1 0 0 0 0 0 0 0 0 0 0 0 0 0 0 0 0 0 0 17 0 18 0 0 0 0 0 0 0 0 
 0 0 5 2 0 0 0 0 0 76 0 0 0 0 0 0 0 0 4 2 47 38 161 320 125 50 84 172 30 117 304 0 115 116 39 48 62 463 242 122 0 2 0 0 2 0 3 13 2 0 0 0 1 0 0 0 0 1 0 65 3 0 3 0 0 0 0 0 0 0 0 0 1 0 3 0 0 2 0 0 0 0 19 0 0 0 0 0 0 0 15 0 0 0 0 0 0 0 0 0 0 0 38 31 12 49 0 6 0 7 10 9 0 6 0 10 0 9 0 0 1 0 23 0 10 0 32 14 8 0 0 11 13 20 11 14 10 31 15 19 0 0 0 0 0 0 0 0 0 0 0 0 0 0 0 0 0 0 0 0 0 0 0 7 0 0 0 4 0 0 0 0 0 0 16 0 0 0 0 0 0 0 15 0 12 14 0 2 0 24 0 27 0 0 0 0 0 0 0 0 25 10 0 0 0 0 35 44 13 10 0 0 26 12 0 21 0 2 19 33 0 0 0 9 0 0 9 0 10 0 0 0 0 0 0 0 0 6 0 0 0 0 0 0 0 0 0 0 0 0 0 0 0 0 5 0 1 5 0 0 6 12 0 0 0 0 0 0 0 0 0 0 0 0 0 0 0 0 0 12 0 13 0 0 0 0 0 2 0 0 
 204 0 4 0 73 0 0 0 2 0 0 213 0 204 1 0 3 0 0 0 202 136 147 229 146 26 224 111 298 36 342 115 0 246 197 161 106 140 161 270 0 4 0 1 4 1 6 0 5 0 1 0 7 0 0 0 7 0 0 3 3 0 3 0 6 0 0 0 0 0 0 0 0 70 3 0 1 5 54 0 0 0 0 0 0 2 0 0 0 0 0 0 0 0 0 0 0 0 0 21 0 52 0 37 0 0 0 26 1 18 0 1 12 16 14 43 55 11 0 0 0 0 0 0 0 0 0 0 0 0 0 0 0 0 0 0 0 0 0 20 7 0 0 0 0 0 0 0 0 0 0 0 0 0 0 0 3 0 0 0 0 0 0 0 37 0 0 0 0 0 0 4 0 0 0 0 0 0 0 0 7 21 42 33 61 11 18 37 47 31 17 17 14 0 30 29 36 11 15 0 0 0 0 0 0 0 0 0 0 0 0 0 0 0 0 0 0 0 0 0 0 0 0 0 0 0 0 0 0 0 0 0 0 0 0 0 0 0 0 0 0 0 0 0 0 0 0 0 0 0 0 0 0 0 13 0 1 150 0 0 2 5 0 0 0 0 0 0 0 0 0 0 0 0 0 0 0 0 0 0 0 2 0 0 0 0 13 0 0 0 
 0 1 0 2 0 112 0 0 0 0 39 1 4 2 0 0 0 0 3 0 235 159 59 543 93 63 204 170 310 102 66 116 246 0 381 122 190 431 192 364 0 4 5 0 34 2 5 0 7 1 0 0 1 0 7 3 13 4 0 3 3 0 5 5 1 0 0 0 0 5 3 0 5 0 3 4 3 3 60 0 0 0 0 32 19 0 0 0 0 10 0 21 0 0 0 0 0 0 2 0 9 9 0 9 1 0 0 33 1 13 21 24 29 0 13 40 12 0 10 19 0 0 0 0 0 0 0 2 0 0 0 0 0 0 0 0 0 0 1 0 23 0 0 0 0 0 0 0 0 0 0 0 0 0 0 0 2 1 0 0 0 1 0 0 0 9 0 0 0 2 0 0 0 0 0 0 0 0 0 10 17 44 52 33 13 20 1 27 18 76 0 0 0 12 41 28 42 15 48 38 0 2 0 0 0 0 0 0 0 0 0 0 0 0 0 0 14 2 0 0 0 0 0 0 0 22 0 0 0 0 0 0 0 0 0 0 2 0 0 0 0 0 0 0 0 0 0 0 0 52 0 1 0 0 15 0 0 99 0 1 3 1 0 0 0 0 0 0 0 0 0 24 0 0 3 0 0 0 0 0 0 13 0 0 0 0 0 0 0 0 
 0 0 0 1 2 0 0 0 0 0 2 76 0 0 0 2 0 0 3 0 90 139 114 139 146 65 161 84 456 84 275 39 197 381 0 153 389 202 177 425 0 2 0 0 6 0 6 1 2 0 1 0 0 0 0 0 6 0 0 2 3 0 3 0 0 0 0 0 0 0 0 0 0 0 3 0 0 2 0 25 0 0 0 0 0 12 0 0 0 0 0 1 0 0 0 0 0 0 0 0 10 34 7 0 0 0 0 18 39 0 10 38 22 1 22 12 63 20 11 0 0 0 0 0 0 0 0 0 0 0 0 0 0 0 0 0 0 0 24 21 9 0 0 0 0 0 0 0 0 2 0 0 0 0 0 0 3 0 0 0 0 0 0 0 43 14 0 0 0 0 0 2 0 0 1 0 0 0 1 0 21 24 32 14 12 0 36 5 51 38 13 10 42 46 34 77 54 22 34 7 3 0 0 0 0 0 0 0 0 0 0 0 16 0 0 0 0 0 11 0 0 0 0 0 0 0 0 0 0 0 0 0 2 0 0 0 0 0 0 0 0 0 0 0 0 0 0 0 0 0 0 0 0 0 7 2 0 43 78 0 2 0 0 0 0 0 0 0 0 0 0 0 0 0 0 0 0 0 0 0 0 0 0 0 0 0 0 0 0 0 
 0 0 1 0 74 0 1 0 0 1 2 3 0 0 0 0 4 1 1 3 117 427 126 184 345 151 30 81 261 504 64 48 161 122 153 0 187 63 46 153 0 2 0 0 19 0 222 0 2 66 0 0 123 0 0 0 0 64 70 2 3 0 3 0 0 0 0 0 0 0 0 0 0 48 3 0 1 2 54 5 0 8 0 0 0 1 0 0 1 0 0 0 0 0 0 0 0 0 0 0 1 1 0 2 14 6 0 1 35 20 1 18 13 12 20 0 38 34 11 0 0 0 0 0 0 0 0 10 0 0 0 0 0 24 0 0 0 0 11 17 13 0 0 0 0 0 0 0 0 0 0 0 0 0 0 0 6 0 0 0 0 0 0 0 5 0 0 0 0 0 0 12 0 0 0 0 0 0 0 0 10 23 7 11 27 7 23 19 19 39 11 8 0 0 5 19 5 21 0 0 0 24 0 0 0 0 1 0 0 0 0 0 0 0 0 0 0 0 26 14 0 0 0 0 0 0 0 0 0 0 0 0 0 0 0 0 0 0 0 0 0 0 1 0 0 0 0 0 0 0 0 0 0 0 16 0 2 153 15 0 6 0 0 0 0 0 9 0 0 0 0 0 0 0 0 0 0 0 0 0 0 0 0 0 0 11 0 0 0 0 
 0 2 0 1 0 74 0 0 80 0 0 0 0 0 0 0 0 0 0 0 105 136 38 307 280 63 68 67 157 193 70 62 106 190 389 187 0 126 41 159 0 2 0 0 2 0 4 1 3 0 0 0 62 1 0 0 6 0 56 3 3 0 3 0 0 0 0 0 0 0 0 0 0 0 3 0 51 2 1 24 0 0 0 0 0 0 2 0 0 0 0 5 0 0 0 0 0 0 0 0 15 28 0 1 10 12 0 22 17 0 1 8 6 9 39 11 19 21 0 1 0 0 0 0 0 0 0 40 2 0 0 0 0 0 0 0 0 0 20 23 4 0 0 0 0 0 0 0 0 0 0 0 0 0 0 0 0 0 0 0 0 2 0 0 3 9 0 0 0 0 0 0 0 0 1 0 0 0 0 2 5 38 0 33 19 0 0 2 2 34 28 6 0 2 3 30 14 24 0 0 0 1 1 0 0 0 0 0 0 0 0 0 12 0 20 0 0 1 10 1 0 0 0 0 0 0 0 0 0 0 31 0 0 0 0 0 0 0 0 0 0 0 0 0 0 0 0 0 0 0 0 0 0 0 25 0 1 80 75 1 0 1 0 0 0 0 15 0 0 0 0 0 0 0 0 0 0 0 0 1 0 11 0 0 2 18 0 0 0 2 
 2 0 0 2 0 1 0 0 0 0 0 2 0 0 0 0 1 1 2 1 101 80 553 236 53 55 210 57 104 117 46 463 140 431 202 63 126 0 659 192 1 2 0 0 3 0 68 8 8 0 0 0 1 0 4 0 4 6 0 65 9 0 3 0 0 0 0 0 0 0 2 0 0 0 3 0 51 3 4 0 0 0 0 0 0 1 0 0 0 0 0 0 0 0 0 0 0 8 0 0 10 20 1 39 2 16 0 26 0 9 16 15 15 0 1 31 9 1 0 2 0 0 10 0 0 0 35 51 1 0 0 0 9 17 10 0 10 0 1 37 0 0 0 0 0 0 0 0 0 0 0 0 0 0 0 0 0 0 0 0 6 0 0 0 0 0 0 0 0 0 0 0 0 0 7 2 0 0 0 0 24 1 31 18 49 19 0 9 18 20 4 46 33 1 10 21 16 29 13 0 3 0 0 0 0 0 0 1 0 0 0 0 1 24 2 16 0 0 21 3 0 10 0 0 1 0 0 0 0 0 0 0 0 0 0 0 0 0 0 29 0 0 0 0 0 0 0 0 0 0 0 0 0 2 14 3 3 0 1 3 88 0 0 0 0 0 0 0 0 0 0 0 0 0 0 0 0 0 0 0 0 0 0 0 0 0 13 0 0 0 
 0 0 2 4 1 135 6 148 109 0 37 74 0 0 25 76 0 26 2 0 56 202 117 87 81 51 150 289 160 106 51 242 161 192 177 46 41 659 0 199 0 2 0 0 2 0 3 0 2 0 0 1 201 1 4 0 0 0 0 2 3 1 2 0 0 0 0 0 0 0 0 0 1 0 3 0 0 2 0 0 0 18 0 0 13 8 0 0 0 1 12 19 0 0 0 13 9 0 0 0 23 19 12 8 0 0 42 0 0 0 6 0 31 13 3 8 17 0 15 0 0 0 0 0 0 0 0 0 0 0 0 0 0 0 0 0 0 0 2 0 0 0 0 0 0 0 21 14 0 0 0 0 0 0 0 0 1 0 0 0 18 1 0 0 20 13 0 14 0 7 0 0 0 0 14 14 22 41 0 0 23 0 26 19 0 0 9 1 0 0 1 0 50 0 23 5 0 9 13 15 0 1 0 0 0 0 0 0 0 0 0 0 0 0 0 0 0 1 0 0 0 0 0 0 0 0 0 0 0 0 0 0 0 0 0 0 0 0 0 0 0 0 0 0 0 0 0 0 0 62 0 0 0 0 15 0 0 1 0 1 3 0 0 0 0 0 0 0 0 0 0 0 0 0 0 13 0 0 0 0 0 0 0 0 0 0 0 0 0 0 
 0 0 1 0 75 60 0 0 0 0 0 0 0 0 0 0 0 0 2 3 115 236 144 400 149 67 102 128 202 163 226 122 270 364 425 153 159 192 199 0 0 75 0 0 2 0 3 2 2 0 0 0 0 1 0 0 4 2 0 2 3 0 2 0 0 0 0 0 0 0 0 0 0 51 3 0 0 2 54 0 0 0 0 16 0 0 0 0 0 0 0 0 0 0 0 0 0 0 0 0 5 6 0 29 0 1 0 7 1 12 24 12 27 20 6 11 14 20 0 0 0 0 0 0 0 0 0 0 0 0 0 0 0 0 0 0 0 0 12 0 0 0 0 0 0 0 0 6 0 0 0 0 0 0 0 0 0 0 0 0 0 0 0 0 1 2 0 0 0 0 0 9 0 0 0 0 0 0 0 0 27 6 65 22 13 10 0 48 0 20 20 0 0 32 12 32 0 11 15 0 0 0 0 0 0 0 0 0 0 0 0 0 9 0 0 0 0 0 0 0 0 0 0 0 0 0 0 0 0 0 0 1 0 0 0 0 0 0 0 0 0 0 0 0 0 0 0 0 0 0 0 0 0 0 15 3 2 147 0 2 0 0 0 0 0 0 0 0 0 0 0 0 0 0 0 0 0 0 0 0 0 6 0 0 0 0 0 0 0 0 
 0 0 0 0 1 0 78 0 0 0 0 0 0 0 0 0 3 0 0 0 204 206 0 0 0 63 0 0 0 0 0 0 0 0 0 0 0 1 0 0 0 122 73 58 107 105 77 333 114 105 103 59 41 410 121 26 125 73 113 121 0 0 0 0 0 51 0 0 0 0 0 0 2 0 0 0 0 0 3 1 0 0 0 0 0 0 0 0 0 0 0 0 0 0 0 0 0 7 0 0 0 0 0 0 0 0 0 0 0 0 13 0 0 0 0 0 0 0 0 0 0 29 25 84 0 15 0 19 7 13 0 96 23 42 7 40 19 0 1 0 44 1 0 0 0 0 16 0 0 0 0 0 13 0 0 0 0 0 31 34 0 0 0 0 0 0 0 1 0 0 0 0 0 0 0 0 0 1 0 0 0 0 0 0 0 4 0 0 0 0 0 0 0 0 0 0 0 0 0 0 9 26 43 14 32 5 0 12 8 38 6 0 0 29 25 1 15 1 0 0 0 0 0 0 0 0 19 0 0 1 0 0 10 9 0 0 0 0 0 14 0 0 10 0 0 0 0 0 0 0 0 2 0 0 0 0 0 0 0 0 0 0 0 75 2 14 3 0 1 0 0 0 0 0 0 0 0 0 0 0 0 0 0 0 9 0 0 0 0 0 
 0 0 0 4 0 0 0 0 64 0 0 0 0 0 0 0 0 0 0 0 2 2 2 2 2 3 2 2 2 2 2 2 4 4 2 2 2 2 2 75 122 0 195 166 178 108 89 161 452 179 220 264 65 52 114 184 312 86 258 37 0 4 5 4 11 1 5 0 0 0 9 93 19 0 0 11 9 26 58 0 0 0 0 0 0 0 0 0 0 0 0 0 0 0 0 0 0 0 0 0 0 0 0 0 0 0 0 0 0 0 0 9 0 0 0 0 0 0 0 0 7 25 26 24 0 23 0 0 1 29 26 10 0 10 2 39 6 0 0 0 24 35 7 1 2 0 45 0 0 0 1 0 15 0 0 9 0 6 27 18 0 0 0 0 0 0 0 0 0 0 0 0 0 0 0 0 0 0 0 0 0 15 0 0 0 0 0 20 0 0 0 0 0 0 0 0 0 0 0 18 8 0 10 9 46 7 0 0 19 0 19 3 0 0 15 5 14 0 0 0 8 7 0 0 18 0 0 0 0 1 0 2 9 0 19 0 0 3 0 0 0 0 1 0 0 0 0 0 0 0 0 8 0 0 0 0 0 0 0 0 0 0 8 64 2 2 0 0 0 0 0 2 0 0 0 0 0 0 0 0 0 0 0 0 2 0 0 0 0 0 
 3 3 8 3 3 3 3 3 3 3 3 3 3 3 3 6 3 3 3 3 5 0 2 2 0 0 0 0 0 0 1 0 0 5 0 0 0 0 0 0 73 195 0 99 330 290 63 83 205 160 183 160 344 69 243 38 256 292 37 312 0 0 0 0 0 0 0 4 0 0 0 0 10 0 5 0 1 0 50 0 0 0 0 0 0 0 0 0 0 0 0 0 0 0 0 0 0 0 0 0 0 0 0 0 0 0 0 0 0 0 0 0 0 0 0 0 0 0 0 0 0 17 0 16 11 24 11 0 11 11 13 0 0 6 1 1 0 6 0 0 34 29 7 0 6 0 7 6 0 0 0 0 0 0 9 10 0 12 1 10 0 0 0 0 0 0 0 0 9 0 0 0 0 0 0 0 17 0 0 0 0 0 0 0 0 0 0 0 0 0 0 0 0 0 0 0 0 0 0 0 0 7 0 11 9 25 0 0 10 0 0 19 0 0 0 8 25 20 0 11 2 19 11 0 0 0 0 0 4 1 0 0 30 4 13 0 3 0 6 4 0 0 0 0 0 0 0 0 0 0 0 7 0 1 0 0 0 0 0 0 0 0 34 68 0 2 0 1 1 0 0 0 0 0 0 0 0 0 0 0 0 0 0 0 3 8 0 0 0 0 
 0 0 5 1 64 0 0 61 0 0 0 0 0 0 0 35 0 0 4 3 5 0 0 30 0 0 0 0 0 0 0 0 1 0 0 0 0 0 0 0 58 166 99 0 85 102 196 350 403 98 449 163 60 70 127 88 93 136 275 494 80 62 0 0 0 0 4 54 0 2 2 0 52 61 77 9 6 0 7 0 0 0 0 0 0 0 0 0 0 0 0 0 0 0 0 0 0 0 0 0 0 0 0 0 0 0 0 0 0 0 0 0 0 0 0 0 0 0 0 0 4 11 0 14 40 30 0 0 0 0 30 0 0 0 11 22 2 19 0 0 8 24 1 0 2 0 34 22 16 15 0 0 2 4 5 0 20 0 0 6 0 0 0 0 0 3 0 0 0 0 0 0 0 0 0 0 0 0 0 0 0 0 0 0 0 0 0 0 0 0 0 0 0 0 0 0 0 0 0 0 0 0 0 12 15 21 0 0 0 0 0 69 0 0 14 45 6 0 0 0 15 12 24 1 6 0 21 4 0 27 0 0 9 7 5 9 18 6 68 6 0 0 0 0 0 0 0 0 0 0 0 6 0 0 0 0 0 0 0 10 0 0 3 0 66 3 1 0 2 0 2 0 0 1 0 0 0 0 0 0 0 0 0 0 0 0 0 21 0 0 
 3 3 5 6 3 64 3 3 3 3 3 3 3 4 3 3 3 3 3 3 2 2 2 2 3 2 6 3 3 2 2 2 4 34 6 19 2 3 2 2 107 178 330 85 0 135 270 58 131 462 369 138 78 144 123 114 377 270 80 334 64 7 52 0 0 0 0 89 0 0 0 0 10 0 52 0 0 0 52 0 0 0 0 0 0 0 13 0 0 0 0 0 0 0 0 0 0 0 0 0 10 1 0 0 0 0 0 6 5 0 0 3 0 0 0 1 1 1 0 0 1 12 4 15 18 12 0 0 0 64 18 0 0 0 0 0 0 11 1 43 17 14 0 0 5 0 21 14 17 0 0 0 14 0 0 0 0 5 16 5 0 10 0 0 0 0 0 0 0 0 0 0 0 0 0 0 0 0 0 0 0 5 3 0 0 0 7 0 3 3 0 7 6 1 0 1 5 0 0 0 0 0 9 10 11 30 0 0 0 0 14 0 0 0 0 1 73 0 0 0 0 26 21 0 0 0 20 0 0 8 0 0 0 49 12 0 1 0 68 0 0 0 3 0 0 0 0 0 0 0 0 13 0 0 0 0 0 0 8 23 0 0 34 0 2 2 0 4 0 0 0 0 0 5 0 0 0 0 0 0 0 0 0 0 10 11 0 1 0 0 
 0 0 4 0 1 0 0 0 0 0 0 0 0 0 0 0 0 0 0 0 3 0 0 0 0 4 0 0 0 0 0 0 1 2 0 0 0 0 0 0 105 108 290 102 135 0 51 31 87 119 150 262 50 108 104 54 190 53 54 38 0 61 1 0 6 1 0 0 9 0 0 0 2 20 50 142 1 1 0 0 0 0 0 0 0 0 0 0 0 0 0 0 0 0 0 0 0 0 0 0 0 0 0 0 0 20 3 0 0 0 0 0 0 0 0 0 0 0 0 0 0 19 11 55 32 59 1 0 0 7 0 10 0 8 0 11 0 0 0 0 33 1 8 0 0 0 9 0 0 24 0 0 25 0 0 12 3 20 19 12 0 0 0 0 0 0 0 0 0 0 0 0 0 0 0 0 0 0 0 0 0 0 0 0 0 0 0 0 0 0 0 0 0 0 0 0 0 0 0 0 0 2 7 0 8 44 0 0 1 0 4 2 0 0 0 1 11 1 0 0 23 0 0 0 2 0 21 12 0 20 10 0 37 0 0 10 17 7 0 0 0 0 4 0 0 0 0 0 20 0 0 13 0 6 0 0 0 0 0 2 0 0 2 63 4 5 0 65 0 0 0 0 0 0 0 0 0 0 0 0 0 0 0 0 0 0 0 0 19 0 
 0 0 0 2 0 0 0 0 0 0 0 0 0 0 0 0 2 0 62 0 207 209 22 3 4 63 6 4 6 57 3 3 6 5 6 222 4 68 3 3 77 89 63 196 270 51 0 437 137 36 107 43 190 272 178 181 396 248 143 130 0 0 0 0 0 0 0 11 0 0 0 0 0 0 0 9 4 0 9 0 0 0 0 0 0 0 0 0 0 0 0 0 0 0 0 0 0 0 0 0 0 13 0 8 10 8 0 8 4 0 0 8 0 0 0 3 1 1 0 0 54 17 0 2 0 0 9 10 28 0 0 10 0 11 11 22 7 8 11 50 0 11 0 0 0 0 2 0 0 0 10 0 0 0 17 0 0 0 33 13 0 0 0 0 0 0 0 0 0 0 0 0 0 0 3 0 0 0 0 0 0 7 1 0 10 0 6 0 5 15 0 12 4 0 0 2 14 5 0 0 28 1 0 0 15 0 0 11 45 5 71 23 11 0 15 42 0 13 1 11 0 0 0 0 0 0 0 0 0 0 0 0 0 0 0 0 0 0 4 0 0 0 1 0 0 0 0 0 0 0 0 2 2 2 0 0 0 0 67 0 9 0 2 0 1 2 2 0 0 0 8 0 0 0 0 0 0 0 0 0 0 0 0 0 0 0 0 0 2 0 
 3 3 3 3 5 3 3 3 3 3 3 3 3 3 3 3 6 3 3 6 204 207 2 1 6 124 0 4 0 2 3 13 0 0 1 0 1 8 0 2 333 161 83 350 58 31 437 0 173 50 106 43 138 91 71 167 125 268 62 99 0 1 0 5 2 2 0 3 5 0 2 2 2 1 1 4 3 0 39 0 0 0 0 0 0 0 0 0 0 0 0 0 0 0 0 5 0 0 0 0 0 0 0 4 5 10 0 0 0 6 0 0 0 0 0 0 0 0 0 0 19 21 9 0 0 0 7 19 3 0 2 2 1 1 52 14 17 11 13 0 0 0 0 0 0 0 0 0 0 0 0 0 0 0 0 0 13 0 0 14 0 0 0 2 0 0 0 2 3 0 0 0 0 0 0 0 0 0 0 0 0 1 0 0 0 0 0 1 0 0 0 0 0 0 0 0 0 5 0 0 13 4 0 0 14 0 12 11 14 9 8 23 12 9 16 47 0 0 0 14 0 0 0 0 0 0 0 0 0 0 0 0 0 0 0 0 0 0 1 2 0 0 1 0 0 0 0 0 0 0 0 3 0 0 0 0 0 1 0 0 0 0 0 2 0 1 3 0 1 0 0 0 0 0 0 0 0 0 0 9 0 0 0 0 0 0 0 0 0 0 
 9 3 6 6 3 3 3 3 3 3 3 5 33 3 3 3 3 3 7 63 3 3 3 2 2 2 4 2 2 3 2 2 5 7 2 2 3 8 2 2 114 452 205 403 131 87 137 173 0 73 150 209 89 99 349 153 125 148 92 58 0 0 0 0 0 0 0 0 0 0 0 0 1 0 0 3 208 2 51 0 0 0 0 0 0 0 0 6 0 0 0 0 0 0 0 0 0 0 7 0 0 0 0 0 0 0 0 0 0 0 0 0 0 0 0 0 0 0 0 0 0 23 6 14 0 11 0 0 14 0 50 11 0 0 8 1 3 22 0 0 12 31 7 0 0 0 1 18 0 0 24 0 0 0 0 10 0 15 10 10 0 0 0 0 0 0 0 0 0 0 0 0 0 7 0 19 0 0 0 0 0 0 0 0 0 0 0 0 0 0 0 0 0 0 18 0 0 0 0 0 22 26 15 0 91 10 0 0 22 13 0 25 0 0 0 27 26 0 0 0 8 0 0 0 0 0 8 9 0 0 0 0 10 0 42 0 18 0 26 21 0 0 0 0 0 0 0 0 0 0 0 12 0 2 0 0 0 0 0 1 0 22 87 66 1 5 2 0 5 0 0 0 0 0 0 0 0 0 0 0 0 4 0 0 20 0 0 26 0 0 
 3 3 3 3 3 3 5 3 3 42 3 3 3 3 3 3 6 3 3 3 0 0 8 0 9 66 0 11 0 4 0 0 0 1 0 66 0 0 0 0 105 179 160 98 462 119 36 50 73 0 103 116 138 179 390 380 307 294 333 106 2 0 2 0 0 2 0 7 0 2 0 0 52 0 3 0 0 2 0 0 0 0 0 0 0 0 0 0 0 0 0 0 0 0 0 0 0 0 0 0 0 0 0 2 2 0 0 0 0 4 0 0 0 0 0 0 11 8 0 0 8 18 20 0 9 0 0 1 28 47 27 1 0 6 0 2 0 15 9 0 15 37 0 0 4 0 15 18 0 0 0 0 13 0 36 0 0 3 35 0 0 0 0 0 0 0 11 1 0 0 0 0 0 0 0 0 0 0 0 0 0 0 6 0 4 0 1 0 7 0 0 0 0 0 0 0 0 2 0 0 1 0 2 5 13 8 9 0 0 0 29 9 4 19 0 0 22 35 9 0 0 24 9 0 0 0 9 1 0 0 0 0 9 52 0 0 1 0 20 0 0 0 25 0 0 0 0 0 0 0 0 7 0 1 0 0 0 0 5 0 0 0 63 0 1 2 2 2 2 0 0 0 0 0 0 0 0 0 0 0 0 0 0 0 16 9 0 0 0 0 
 0 0 0 0 33 0 0 0 0 0 0 0 0 0 0 0 0 0 0 3 0 0 4 0 0 4 0 0 0 0 0 0 1 0 1 0 0 0 0 0 103 220 183 449 369 150 107 106 150 103 0 116 52 95 129 123 419 120 32 53 61 0 0 0 0 0 0 0 0 0 0 0 1 0 0 14 6 0 17 0 0 0 0 0 0 0 0 0 0 0 0 0 0 0 0 0 0 0 0 13 0 0 0 17 12 0 0 0 0 5 0 0 0 0 0 0 0 0 0 0 14 28 1 9 1 36 1 0 10 0 43 1 0 4 8 52 20 3 0 0 23 5 0 0 0 0 9 0 0 0 0 0 0 0 32 0 7 11 8 5 0 0 0 15 0 0 0 0 0 0 0 0 0 0 0 0 0 0 0 0 0 0 0 0 0 0 0 0 0 0 0 0 0 0 0 0 0 7 0 0 6 1 30 12 42 13 1 0 24 1 0 8 5 0 13 19 24 0 4 0 6 0 0 0 0 0 0 9 0 0 10 0 20 0 18 0 0 0 22 16 0 0 0 0 0 0 0 0 0 0 0 6 0 0 0 0 0 0 0 1 0 20 81 50 3 46 2 2 1 0 11 0 0 0 0 0 0 0 0 0 0 0 0 0 0 0 0 9 0 0 
 0 0 65 63 0 1 2 0 63 30 62 51 0 1 0 0 62 0 0 3 1 1 2 62 3 1 1 0 0 0 0 0 0 0 0 0 0 0 1 0 59 264 160 163 138 262 43 43 209 116 116 0 23 242 32 46 161 150 244 43 28 80 5 210 18 0 0 43 0 3 2 6 2 0 18 0 0 11 5 0 0 0 0 14 0 0 0 0 14 0 19 14 0 0 0 0 0 0 0 0 6 9 0 0 0 0 0 0 0 0 0 0 0 0 0 0 0 0 0 12 9 3 0 0 11 0 0 8 0 0 17 0 4 0 1 0 0 35 0 0 10 12 0 0 0 0 0 37 7 11 0 0 8 11 10 0 2 1 0 0 0 0 0 0 0 0 0 0 0 1 0 6 0 5 0 0 0 0 0 0 0 0 0 0 0 0 0 0 0 0 0 0 0 0 0 0 0 0 0 9 7 0 8 10 0 0 0 19 0 2 7 0 0 2 0 0 1 14 0 21 0 0 26 0 0 0 0 11 0 0 11 0 0 49 0 0 10 0 12 8 0 0 0 0 0 0 63 0 0 0 0 4 0 1 0 0 0 0 0 13 0 1 0 0 62 2 4 62 0 0 1 0 0 14 0 0 0 0 0 0 0 1 5 0 0 7 0 13 13 0 
 0 0 0 0 0 0 0 0 0 0 0 3 0 0 0 0 1 0 0 0 0 45 2 0 0 121 0 1 61 64 8 1 7 1 0 123 62 1 201 0 41 65 344 60 78 50 190 138 89 138 52 23 0 192 40 32 43 123 417 30 0 0 3 0 1 0 0 0 0 0 0 4 2 0 0 0 0 6 0 3 0 0 0 0 0 0 0 0 0 0 0 0 0 0 0 0 0 0 0 0 0 0 0 3 18 17 0 0 0 15 0 11 0 0 0 0 0 0 0 0 33 0 2 20 0 0 13 0 11 23 13 14 13 1 1 45 15 0 0 19 0 0 0 0 0 14 0 0 0 0 0 0 0 0 0 0 15 0 9 0 0 0 0 0 0 0 0 0 0 0 0 16 0 0 6 0 0 0 0 0 0 0 0 1 0 17 0 12 7 0 0 11 0 0 0 0 0 23 0 0 0 23 9 14 0 0 4 3 13 5 0 8 6 10 10 0 12 37 10 24 0 0 0 0 0 0 0 0 0 0 0 0 0 0 0 0 0 0 0 0 0 0 1 0 0 0 0 0 0 0 0 6 0 2 0 0 0 0 0 0 0 0 2 0 2 2 8 0 0 0 0 0 0 0 0 0 0 0 0 0 0 0 0 0 10 0 0 0 2 0 
 0 0 0 2 1 0 0 0 0 1 7 0 5 9 0 0 0 0 0 7 206 216 0 0 73 63 0 0 0 0 0 0 0 0 0 0 1 0 1 1 410 52 69 70 144 108 272 91 99 179 95 242 192 0 168 60 98 114 300 136 0 0 0 0 0 0 0 0 0 0 0 0 2 0 0 0 0 0 0 12 0 0 0 0 0 0 0 0 0 0 0 0 0 0 0 0 0 0 0 0 0 0 11 0 1 0 20 9 0 0 14 0 1 4 0 0 1 0 0 5 11 29 19 25 0 15 26 14 0 50 0 28 21 21 14 34 28 1 2 7 32 0 0 0 0 0 16 0 0 0 0 0 12 0 0 0 0 0 15 0 0 0 0 0 0 0 0 0 0 0 11 0 0 0 0 0 0 0 0 0 10 0 0 12 0 19 0 0 0 0 6 0 0 31 11 0 14 0 8 0 0 9 19 0 14 0 14 40 0 11 32 0 0 0 20 0 3 0 1 1 1 0 43 0 0 0 0 0 0 0 0 0 23 0 0 0 0 0 0 10 0 0 0 0 0 0 2 0 0 0 0 12 0 1 0 0 0 34 0 0 0 0 2 64 0 3 1 0 2 0 0 0 0 0 0 0 0 0 0 0 0 0 0 0 16 0 0 0 0 0 
 0 0 7 0 0 0 0 4 1 1 0 4 0 6 77 5 0 0 0 2 0 0 2 1 0 67 0 0 0 0 2 0 0 7 0 0 0 4 4 0 121 114 243 127 123 104 178 71 349 390 129 32 40 168 0 213 111 113 184 143 21 0 0 0 0 0 0 4 0 0 0 0 2 0 0 1 0 1 0 0 0 2 0 0 0 7 0 0 0 4 0 0 0 0 0 0 0 0 0 0 12 0 0 0 0 0 0 0 0 0 0 0 0 0 0 0 0 0 7 0 51 33 0 17 0 15 0 1 12 21 5 12 0 0 7 20 35 11 2 0 56 2 0 0 0 0 17 0 0 0 0 0 1 0 0 0 0 0 0 10 5 0 0 3 6 0 0 4 0 0 0 36 0 0 17 0 9 1 0 0 0 0 0 0 0 0 0 0 0 0 0 0 0 0 0 0 0 0 0 0 0 22 26 0 23 22 0 0 17 0 19 10 0 0 11 9 9 10 0 4 6 15 0 0 55 0 0 0 0 0 0 0 20 0 0 0 0 0 17 9 0 5 0 0 0 0 0 0 0 29 0 4 0 2 0 0 0 0 0 2 0 0 44 37 0 11 2 0 0 0 12 0 0 0 0 0 0 0 0 0 0 0 0 0 0 0 0 0 0 0 
 3 3 2 3 2 3 3 3 3 3 3 3 3 3 3 2 3 3 3 3 0 0 0 0 0 80 0 0 0 0 0 0 0 3 0 0 0 0 0 0 26 184 38 88 114 54 181 167 153 380 123 46 32 60 213 0 165 347 253 182 2 0 0 0 0 0 205 0 0 0 4 0 2 0 0 59 7 2 1 0 0 0 0 0 0 12 0 0 0 0 0 0 0 0 7 0 0 0 0 0 0 0 0 0 0 0 0 0 0 0 0 0 0 0 0 0 0 0 0 0 10 20 47 10 0 11 0 11 11 0 25 14 0 1 8 7 8 47 2 0 0 28 0 0 0 8 24 18 0 0 0 0 0 0 0 0 20 0 51 11 0 0 0 8 0 0 0 6 0 0 0 0 0 0 0 0 0 0 0 0 0 0 0 0 0 0 0 0 0 0 0 0 0 0 0 0 0 0 0 0 8 0 7 1 12 0 6 0 10 0 61 8 0 0 53 18 7 5 0 20 0 0 0 0 0 0 4 0 0 0 1 0 0 0 0 0 18 18 25 0 0 0 1 0 0 0 0 0 0 0 0 4 0 0 0 0 0 0 0 1 0 0 0 0 1 0 2 0 2 0 13 0 0 10 0 0 0 0 0 0 0 0 0 0 14 12 0 19 0 0 
 0 0 0 0 0 0 0 0 0 0 0 0 0 0 0 0 3 0 0 0 0 1 0 3 0 0 3 0 5 0 0 0 7 13 6 0 6 4 0 4 125 312 256 93 377 190 396 125 125 307 419 161 43 98 111 165 0 152 265 62 4 0 0 3 0 0 0 0 0 0 0 0 1 0 0 13 9 0 49 0 0 0 0 0 0 0 0 0 0 0 0 0 0 0 0 0 0 0 0 0 0 4 0 0 0 0 0 4 0 0 0 1 0 0 9 5 0 0 0 0 11 25 24 22 9 20 0 0 14 21 27 0 0 4 8 11 8 0 0 3 15 37 9 0 0 0 37 5 0 0 0 0 14 0 15 13 0 9 45 24 0 0 0 0 0 0 0 0 0 0 0 0 0 0 0 0 0 0 0 0 0 7 1 3 0 0 0 11 0 5 0 5 3 0 0 4 4 0 0 0 8 0 25 0 28 9 0 0 14 19 18 8 0 0 6 27 22 0 0 0 9 0 0 0 0 0 21 1 0 10 0 0 1 0 21 0 6 0 32 0 0 0 0 0 0 0 0 0 0 0 1 5 0 2 0 0 0 0 0 8 0 22 66 2 4 2 1 1 1 0 0 0 0 0 0 0 0 0 0 0 0 4 0 0 34 0 0 0 0 0 
 2 2 2 2 2 2 2 2 2 2 2 2 2 2 2 2 2 2 2 5 0 0 57 0 2 89 0 0 186 0 187 1 0 4 0 64 0 6 0 2 73 86 292 136 270 53 248 268 148 294 120 150 123 114 113 347 152 0 197 29 0 0 0 0 2 0 0 0 2 0 0 2 7 0 6 0 0 3 9 0 0 0 0 0 0 0 0 0 0 0 0 0 0 0 0 0 0 0 0 0 0 0 0 0 0 0 0 0 0 0 0 0 0 0 0 0 0 0 0 0 3 14 2 32 0 25 0 0 9 28 4 6 34 0 1 0 7 20 0 1 21 20 10 0 0 0 6 14 0 0 0 0 0 0 0 42 0 3 0 16 0 0 0 0 0 0 0 0 0 0 0 0 0 0 0 0 0 0 0 0 0 0 0 0 0 0 0 0 0 0 0 0 0 0 0 0 0 0 0 0 11 18 8 9 1 7 0 1 23 3 2 3 0 18 19 1 1 0 0 0 7 0 0 0 0 0 11 13 3 1 0 0 38 0 10 0 15 0 16 41 0 0 10 0 0 0 0 0 0 0 0 5 0 1 0 0 0 0 0 2 0 1 2 63 3 0 0 1 4 0 0 0 0 0 0 0 0 1 0 0 0 0 0 0 27 0 0 19 0 0 
 0 1 2 1 3 1 0 1 1 0 1 0 1 1 1 2 0 0 3 3 0 0 7 88 64 196 0 5 0 28 0 0 0 0 0 70 56 0 0 0 113 258 37 275 80 54 143 62 92 333 32 244 417 300 184 253 265 197 0 340 0 0 0 0 0 0 0 1 10 2 0 0 0 29 0 0 15 0 1 0 0 0 0 0 0 0 0 0 0 0 0 0 0 0 0 0 0 0 0 0 0 0 0 0 15 0 0 0 17 0 0 2 0 0 0 0 5 13 0 0 16 9 7 5 0 0 2 0 18 33 8 31 14 5 0 0 14 16 20 28 0 0 0 0 0 0 0 0 0 0 0 0 0 0 0 0 0 0 10 0 0 0 0 0 0 0 0 0 0 0 0 0 0 0 0 0 0 0 0 0 0 52 5 0 70 0 13 0 5 10 6 0 0 0 0 0 0 0 15 0 0 27 13 26 0 0 11 11 1 12 149 0 0 12 11 0 13 10 4 0 0 0 0 0 0 0 0 0 0 0 0 25 0 0 0 0 0 0 0 16 0 0 16 0 0 0 0 0 0 0 0 1 0 0 0 0 0 0 24 0 0 0 0 0 2 2 0 0 2 0 0 0 0 0 0 0 0 0 0 0 0 0 0 0 14 29 0 0 1 0 
 2 2 5 5 2 2 2 2 2 2 2 2 2 2 2 2 2 2 38 2 6 3 3 65 136 3 3 2 2 3 2 65 3 3 2 2 3 65 2 2 121 37 312 494 334 38 130 99 58 106 53 43 30 136 143 182 62 29 340 0 0 0 0 0 0 0 0 0 0 0 0 0 2 0 0 0 0 0 0 8 0 0 0 0 0 0 0 0 0 0 0 0 0 0 0 0 0 0 0 0 0 0 0 0 8 19 0 0 0 0 3 0 0 0 0 0 0 0 0 19 0 0 17 17 0 16 37 41 0 1 0 14 13 26 35 40 0 9 7 0 0 0 0 0 0 0 0 0 0 0 0 0 0 0 0 0 0 0 0 0 0 0 0 2 0 0 0 6 0 0 0 0 0 0 0 0 0 0 0 0 0 0 0 12 0 28 0 0 0 0 0 0 16 0 0 0 1 0 0 0 0 2 0 0 8 0 10 7 0 10 26 18 0 20 28 14 0 15 0 7 0 0 0 0 0 0 0 0 0 0 0 0 0 0 0 0 0 0 0 0 0 0 0 0 0 0 0 0 0 0 0 6 0 0 0 0 0 31 0 0 0 0 2 0 1 0 0 0 2 0 0 0 0 0 0 0 0 0 0 0 0 0 0 0 0 0 0 0 0 0 
 7 0 0 1 0 0 0 2 0 0 0 0 0 0 0 0 0 0 0 3 3 3 3 3 3 3 3 3 3 3 3 3 3 3 3 3 3 9 3 3 0 0 0 80 64 0 0 0 0 2 61 28 0 0 21 2 4 0 0 0 0 218 77 69 94 62 376 131 45 119 34 32 50 114 271 60 43 44 334 89 0 0 0 0 0 0 0 0 0 0 0 0 0 0 0 0 0 0 0 0 9 0 5 0 0 0 0 0 0 0 0 0 0 0 0 0 0 0 0 0 8 0 0 5 11 4 0 0 0 4 3 0 0 0 0 2 9 3 0 0 0 13 1 0 9 0 6 26 16 20 4 0 7 8 69 0 22 0 0 23 0 0 0 0 0 0 0 0 0 0 0 0 0 4 0 0 0 0 0 0 0 0 0 0 0 0 0 0 0 0 0 0 0 0 0 0 0 0 0 0 0 0 0 17 17 11 0 0 0 0 0 0 0 0 4 0 6 0 0 0 0 14 39 41 4 10 0 14 0 0 24 0 0 30 11 12 8 0 8 1 10 0 0 0 0 0 0 0 0 0 0 0 0 0 8 0 0 0 0 3 0 0 8 0 50 0 21 0 0 0 9 2 0 14 2 2 0 0 0 0 0 0 0 0 0 0 0 0 0 0 
