 0 115 99 266 244 43 144 234 121 126 42 32 863 38 158 150 36 257 285 45 2 0 4 0 1 0 0 0 2 2 5 0 2 2 0 0 0 3 0 6 0 0 0 1 0 2 0 0 2 0 56 6 0 0 0 1 0 0 0 0 6 0 3 0 0 0 0 0 0 0 0 3 0 40 0 2 3 0 1 0 21 139 0 21 31 0 8 34 10 52 21 17 31 36 0 67 41 24 0 8 0 0 0 0 2 0 0 0 2 0 0 0 0 12 0 0 2 0 0 11 0 0 0 0 0 0 0 0 0 0 2 0 1 0 1 0 0 0 2 0 0 0 0 0 0 0 6 0 0 0 0 0 0 0 0 0 0 0 0 8 32 32 27 30 0 0 24 1 1 31 0 19 0 0 0 0 7 0 0 5 0 0 0 0 0 0 0 0 0 0 0 0 0 0 0 0 0 0 0 11 0 0 0 0 0 0 0 0 0 0 0 0 0 0 0 0 1 0 0 0 1 0 0 0 0 0 0 0 0 0 0 0 0 0 0 0 0 0 0 0 0 0 0 0 0 0 1 2 0 91 0 9 0 0 0 0 0 0 0 0 0 0 0 0 0 0 0 0 0 0 0 0 0 0 0 3 0 19 0 0 0 0 0 0 0 0 0 0 0 0 
 115 0 90 67 38 240 134 71 49 174 136 42 169 104 222 137 53 34 174 76 2 0 2 0 0 0 0 3 2 0 2 0 0 0 23 0 0 0 0 3 0 0 0 0 0 0 0 0 0 0 3 3 0 0 0 0 0 4 0 0 2 0 3 0 0 0 0 0 0 0 0 0 0 1 0 0 0 0 0 0 46 11 10 20 20 0 0 21 0 14 13 7 18 0 24 28 29 0 24 19 0 0 0 0 0 0 0 0 0 0 0 0 0 18 0 1 0 0 1 0 0 0 0 0 0 0 0 0 0 0 0 0 0 20 0 0 0 0 0 0 0 1 0 0 0 0 0 0 0 0 0 0 0 0 0 10 0 1 0 4 42 46 38 19 19 20 11 25 15 25 0 11 30 3 17 20 19 0 0 35 0 0 0 0 0 0 0 0 2 4 0 0 2 10 0 0 0 0 2 13 0 0 0 0 0 0 2 0 19 0 0 0 0 0 0 17 0 0 0 0 0 0 0 0 0 0 0 0 0 0 0 0 0 0 0 0 0 0 0 0 0 0 0 0 0 3 1 0 1 2 0 11 0 0 0 0 0 0 0 0 0 0 0 0 0 0 0 0 0 0 0 0 0 0 0 22 0 34 0 0 0 0 0 0 0 1 0 0 0 0 
 99 90 0 415 125 32 239 372 438 54 80 104 282 243 140 137 229 319 259 132 25 0 0 0 1 0 0 75 2 0 2 0 40 0 0 0 0 0 2 79 0 0 0 0 0 0 0 0 0 64 3 3 0 0 0 0 0 7 0 0 3 0 3 30 0 0 60 0 0 0 0 0 0 0 0 0 0 0 0 3 5 12 69 14 32 22 3 0 38 71 32 0 0 10 10 10 12 7 0 0 21 0 0 0 0 0 0 12 0 0 0 0 68 0 0 0 1 0 36 48 0 0 0 0 0 0 0 0 0 0 0 0 16 0 0 0 0 0 1 0 0 9 9 0 0 0 0 0 0 0 0 0 0 0 0 0 1 0 0 0 0 26 8 25 22 63 0 32 0 22 10 1 1 25 0 44 18 40 0 0 6 15 2 0 1 0 10 12 17 0 0 2 31 55 1 0 0 0 35 30 0 0 0 0 0 0 0 0 0 0 0 0 2 0 0 0 2 0 0 0 0 0 0 0 2 0 0 0 0 0 0 0 0 0 0 0 1 0 0 0 0 13 0 0 0 0 0 0 2 89 19 25 14 0 0 0 0 0 0 0 0 0 0 0 0 0 0 0 0 0 0 0 0 0 0 0 9 0 0 0 0 0 0 0 0 0 0 0 0 0 
 266 67 415 0 161 168 278 142 89 76 65 537 76 237 181 222 97 246 481 48 79 0 0 0 0 0 0 27 1 0 2 1 78 0 0 2 0 0 76 4 0 0 0 0 0 0 0 0 0 0 3 3 0 0 0 0 0 10 0 0 2 0 3 0 0 0 0 0 0 0 0 0 0 0 0 0 0 0 0 0 0 0 22 15 30 42 0 0 48 44 13 1 0 14 15 8 17 23 0 16 7 2 0 0 0 0 0 16 0 0 0 0 46 15 0 0 0 0 28 29 2 0 0 0 0 0 0 0 0 0 0 0 14 0 2 2 1 0 0 0 0 2 5 0 0 0 4 0 0 0 0 0 0 0 0 0 0 0 0 0 0 19 4 13 24 24 1 0 19 14 15 0 0 0 0 53 0 11 0 0 1 15 0 0 0 0 0 28 10 0 0 0 72 33 0 0 0 20 35 58 0 0 0 0 0 0 0 2 0 0 0 0 0 0 0 0 0 0 0 0 0 15 0 14 0 0 0 0 0 0 0 0 1 0 4 0 0 0 30 0 0 11 0 0 0 0 0 2 1 2 11 26 0 0 1 0 0 0 0 0 0 0 1 0 0 0 0 0 0 0 0 0 0 0 0 0 9 0 0 0 0 0 0 0 0 0 0 0 0 0 
 244 38 125 161 0 341 60 88 285 61 90 280 73 59 93 161 53 258 67 86 228 122 0 0 0 0 135 128 77 0 2 0 87 95 0 0 0 74 24 17 10 0 0 0 0 0 1 0 0 0 3 3 0 0 6 62 9 0 0 0 2 1 3 0 0 0 0 0 0 2 0 0 0 0 0 2 0 0 0 0 0 0 0 0 1 32 0 0 0 0 0 0 0 0 0 1 0 0 0 0 0 17 0 12 2 0 49 0 5 0 0 13 21 13 1 10 2 7 56 34 0 0 0 0 0 0 0 0 0 0 2 0 0 0 0 0 0 0 2 1 0 0 3 0 0 0 4 0 0 0 0 0 0 0 0 0 0 0 13 2 4 0 0 0 0 1 0 0 0 0 1 0 0 0 0 0 0 8 0 0 29 4 0 13 0 0 4 47 30 0 1 0 32 0 2 11 25 16 19 9 0 0 0 0 0 0 0 0 0 0 0 0 0 0 0 0 0 0 0 0 1 0 0 0 0 0 0 0 0 0 0 0 0 0 0 0 0 0 1 0 0 0 0 0 0 0 10 0 0 0 0 11 0 0 0 0 0 0 0 0 0 0 21 0 0 0 0 0 0 0 0 0 0 0 0 0 0 0 0 0 0 0 0 0 0 0 8 0 0 0 
 43 240 32 168 341 0 34 152 39 159 152 336 247 352 134 98 48 43 38 59 102 25 0 0 0 0 72 216 75 0 4 2 0 74 78 2 0 0 79 2 3 0 2 0 0 0 0 0 0 0 5 3 0 0 3 0 0 0 2 4 2 0 3 0 0 0 2 2 0 0 2 0 0 2 1 0 0 0 2 0 0 0 0 0 11 30 0 0 0 10 0 0 0 16 0 0 0 0 0 0 6 14 7 15 0 0 24 1 0 0 0 0 24 6 20 12 27 0 51 2 0 0 0 0 0 0 0 0 0 0 0 0 12 0 0 0 0 0 14 0 0 0 3 0 0 1 7 0 0 1 0 0 0 0 0 0 0 0 0 0 0 0 0 0 28 9 0 0 8 20 0 0 0 0 0 22 0 0 2 1 9 32 0 10 0 0 12 10 18 0 0 20 13 0 11 0 0 26 24 0 0 0 0 0 0 0 0 0 0 0 0 0 0 0 0 0 0 0 0 0 0 0 0 0 0 0 0 0 0 0 0 0 0 2 0 0 0 0 0 0 0 0 0 0 0 5 87 0 1 4 0 12 0 0 0 0 0 0 0 0 0 0 10 0 0 0 0 0 0 0 0 0 0 0 0 11 0 0 0 0 0 0 0 0 0 0 0 0 0 0 
 144 134 239 278 60 34 0 188 149 102 137 22 302 43 62 127 57 31 434 198 2 201 1 0 0 0 0 0 1 0 2 0 0 0 0 0 0 0 0 3 0 0 0 0 0 0 0 0 0 0 3 3 0 0 0 0 0 0 0 0 3 0 3 0 0 0 0 0 0 0 0 0 0 0 0 0 0 0 0 0 22 24 27 30 13 53 6 15 21 1 33 0 0 10 4 13 25 19 11 0 1 0 0 0 0 2 0 0 0 0 0 0 0 0 0 0 0 0 0 0 0 0 0 0 0 0 2 2 0 0 0 0 0 0 0 0 0 0 0 0 0 0 0 0 0 3 0 0 0 0 0 0 0 0 0 0 6 0 24 0 9 0 22 15 0 0 0 14 10 18 10 5 29 17 38 12 21 8 0 4 0 0 0 0 0 16 0 0 0 0 0 0 9 1 0 0 0 0 0 0 0 0 0 0 0 0 0 0 0 0 0 0 0 0 0 0 0 0 0 0 0 0 0 0 0 0 0 0 0 0 0 0 0 0 0 0 0 0 0 0 0 0 0 0 0 0 89 0 89 51 1 3 10 0 0 0 0 0 0 0 10 0 0 0 0 0 0 0 0 0 0 0 0 0 0 6 0 0 0 0 0 0 0 9 0 0 0 0 0 0 
 234 71 372 142 88 152 188 0 485 128 93 38 134 335 99 537 39 41 98 134 4 2 2 0 0 0 0 58 2 0 2 0 0 0 0 2 0 0 0 5 0 0 0 0 0 0 0 0 0 0 3 3 34 0 24 0 0 0 0 0 3 0 3 0 0 0 0 0 0 0 0 0 0 0 0 0 0 2 0 0 0 9 1 1 0 3 9 0 24 15 34 35 0 40 1 16 23 45 0 0 0 0 0 0 0 0 0 0 0 0 0 0 11 0 0 0 0 0 5 16 0 0 0 0 0 0 0 0 0 0 14 0 0 0 0 0 0 0 0 0 0 0 0 0 0 0 7 16 13 0 0 0 0 13 0 0 3 2 10 11 0 0 25 0 5 0 5 29 14 29 10 14 0 37 7 0 21 27 0 2 0 0 0 0 0 0 0 0 0 0 21 0 0 0 0 0 22 0 12 0 0 0 0 0 0 0 1 0 0 0 0 0 0 0 0 0 0 0 0 0 19 0 0 0 0 0 0 0 0 0 0 0 0 0 0 0 0 0 0 0 0 0 0 0 0 3 17 0 88 41 0 13 11 0 0 0 0 0 0 0 0 0 0 0 0 0 0 0 0 0 0 0 0 0 0 0 0 0 0 0 0 0 0 0 0 2 0 0 0 0 
 121 49 438 89 285 39 149 485 0 289 45 24 389 184 404 373 265 254 50 161 75 0 1 0 1 77 0 4 2 0 2 2 75 0 0 15 0 2 0 39 0 0 0 0 0 4 0 0 0 2 3 5 0 0 1 0 0 0 0 0 3 0 3 0 0 0 0 0 0 0 0 0 0 0 0 0 0 0 0 0 0 22 40 17 56 23 7 0 55 1 37 0 0 32 1 0 17 36 0 0 0 0 0 0 1 0 0 0 0 0 0 0 36 0 0 0 1 0 14 24 0 0 0 0 0 0 0 0 0 0 0 0 6 0 0 0 0 0 1 0 0 4 2 0 0 0 0 0 0 0 0 0 0 0 0 0 0 0 0 0 0 14 20 32 10 16 0 28 8 77 53 5 0 22 0 37 2 32 0 2 1 22 2 0 0 0 11 0 0 0 0 2 25 7 14 0 0 0 3 0 0 0 0 0 0 0 0 0 0 0 0 0 2 0 0 1 2 0 0 0 0 0 0 0 2 0 0 0 0 0 0 0 0 0 0 0 0 0 0 0 0 10 0 0 0 0 1 0 90 96 1 2 3 0 0 0 0 0 0 0 0 0 0 0 0 0 0 0 0 0 0 0 0 0 0 0 0 0 0 0 0 0 0 0 0 0 0 0 0 0 
 126 174 54 76 61 159 102 128 289 0 225 181 58 76 156 274 255 220 102 97 3 0 1 0 0 0 46 0 2 0 2 0 1 0 0 0 0 0 73 78 0 0 0 0 0 0 0 0 0 0 3 3 0 0 2 0 0 27 0 0 2 2 3 0 0 0 0 0 0 0 0 0 0 0 0 0 0 0 0 0 11 16 14 1 3 26 16 1 9 21 30 7 0 13 17 5 32 15 0 1 0 0 0 1 0 0 0 0 0 0 0 0 22 21 0 0 0 1 9 17 0 0 0 1 0 0 0 0 0 0 0 0 0 0 0 0 0 0 0 0 0 10 0 0 0 0 0 0 0 0 0 0 0 0 0 0 0 0 0 0 14 10 2 16 30 27 0 34 0 10 27 23 16 10 7 16 1 14 0 11 1 13 0 0 0 0 10 2 15 0 0 1 10 26 0 0 0 0 0 1 0 0 0 0 0 0 0 0 0 0 2 0 0 0 0 0 0 0 0 0 0 2 0 0 0 0 0 0 0 0 11 0 0 0 0 0 0 0 0 0 0 0 0 0 0 2 2 0 86 51 1 0 0 0 0 0 0 0 0 0 0 0 20 0 0 0 0 0 0 0 0 0 0 1 0 22 0 0 0 0 0 0 0 0 0 0 0 0 0 0 
 42 136 80 65 90 152 137 93 45 225 0 254 26 36 205 117 276 140 61 152 1 1 1 0 0 0 64 1 2 0 17 2 1 75 3 0 0 0 1 30 1 0 2 0 0 0 0 0 0 0 2 3 0 0 0 0 0 20 0 0 2 0 2 0 0 0 0 0 0 0 0 0 0 0 0 32 0 3 36 0 19 20 28 25 36 27 5 0 12 38 63 17 0 14 25 33 0 7 0 0 1 0 0 0 0 0 10 0 0 0 0 0 23 3 0 0 0 0 24 0 0 0 0 0 0 0 0 0 0 0 0 0 0 0 0 0 0 0 0 0 0 0 0 0 0 0 0 0 0 0 0 0 0 0 0 0 0 2 0 6 10 40 19 37 32 0 0 25 0 31 10 5 16 11 1 10 3 6 0 7 15 0 0 0 0 0 0 0 14 0 0 0 17 18 0 0 0 0 6 15 0 0 0 0 0 0 1 6 0 0 0 0 0 0 0 0 0 0 0 0 13 0 0 0 0 0 0 0 0 0 0 0 0 0 0 0 0 0 0 0 0 0 0 0 0 0 2 0 89 86 0 18 0 0 0 0 0 2 0 0 0 0 23 0 0 0 0 0 0 0 0 0 0 0 0 11 17 20 0 0 0 0 0 0 0 2 0 0 0 0 
 32 42 104 537 280 336 22 38 24 181 254 0 31 23 44 46 147 103 241 114 117 76 0 0 0 0 94 149 1 0 2 0 97 43 75 0 0 4 2 5 0 0 0 0 0 0 0 0 0 0 3 3 0 0 0 0 0 7 0 0 2 0 3 0 0 0 0 0 0 0 0 0 0 0 0 0 0 0 0 0 0 0 0 0 13 15 0 0 0 22 6 0 0 0 0 0 14 0 0 0 21 12 17 23 0 0 34 1 0 0 0 0 27 9 23 10 0 0 36 21 0 0 0 0 0 0 0 0 0 0 0 0 13 0 0 0 0 0 28 0 0 0 3 0 0 1 6 0 0 0 0 0 0 0 0 0 0 0 0 0 0 0 0 3 21 26 0 0 15 0 2 0 0 0 0 16 0 15 0 2 26 1 0 0 0 0 3 19 17 0 0 0 27 7 0 0 0 16 27 18 0 0 0 0 0 0 0 0 0 0 0 0 0 0 0 33 0 0 0 0 0 0 0 0 0 0 0 0 0 2 0 0 0 2 0 0 0 0 1 0 0 0 0 0 0 2 7 0 0 0 0 0 4 0 0 0 0 0 0 0 1 0 1 0 0 0 0 0 0 0 0 0 0 0 0 0 0 0 0 0 0 0 0 0 0 0 0 0 0 0 
 863 169 282 76 73 247 302 134 389 58 26 31 0 124 51 151 39 25 327 354 3 0 1 0 0 0 0 0 2 0 2 0 1 2 0 1 0 0 0 3 0 0 0 0 0 0 0 0 0 0 3 3 0 0 0 0 0 0 0 0 3 0 3 0 0 0 0 0 0 0 0 2 0 0 0 0 0 0 0 0 11 54 0 12 0 16 25 18 0 0 0 38 57 21 16 17 32 22 18 23 0 0 0 0 0 0 0 0 0 0 0 0 0 0 0 0 0 0 0 1 0 0 0 0 1 0 0 0 0 0 0 0 0 0 0 0 0 0 0 0 0 0 0 0 6 0 54 3 0 0 0 0 0 0 0 0 0 0 0 0 20 10 6 0 0 0 32 17 3 11 10 15 12 0 11 0 12 11 0 3 0 0 14 0 0 0 0 0 0 0 0 0 0 1 0 0 0 0 0 0 0 0 0 0 0 0 0 0 0 0 0 0 0 0 0 0 0 0 0 0 0 0 0 0 13 0 0 0 0 0 1 0 0 0 0 0 0 0 0 0 0 0 0 0 0 4 2 0 2 3 0 2 0 0 0 0 0 0 0 0 0 0 0 0 0 0 0 0 0 0 0 0 0 0 0 0 0 0 0 0 0 0 0 0 0 0 0 0 0 0 
 38 104 243 237 59 352 43 335 184 76 36 23 124 0 199 305 134 100 95 388 3 6 1 0 0 105 0 0 2 0 2 0 0 0 0 2 1 2 6 9 0 0 0 0 0 0 0 0 0 0 7 3 4 4 4 0 0 1 0 4 3 0 3 4 0 0 0 3 10 0 0 0 0 6 6 0 2 0 0 0 14 1 1 12 1 3 0 18 0 31 15 27 12 12 81 20 14 33 39 0 0 0 0 0 0 0 0 0 0 0 0 0 11 0 0 0 0 0 18 19 0 0 0 0 0 0 0 0 0 0 0 0 0 0 0 0 0 0 0 0 0 0 0 0 3 1 11 1 0 0 0 0 0 0 0 0 0 0 0 0 12 0 25 1 11 0 12 38 18 10 0 2 9 0 39 0 37 19 0 0 0 0 0 1 0 0 0 4 0 0 0 0 8 10 0 0 0 0 23 25 0 0 0 1 0 0 0 0 0 0 0 0 0 0 0 0 0 0 0 0 0 0 0 0 0 0 0 0 0 0 0 0 0 0 0 0 0 0 0 0 0 0 0 0 0 0 2 0 87 4 1 4 12 0 0 0 0 0 0 0 0 0 0 0 0 0 0 0 0 0 0 0 0 0 0 0 0 0 0 0 0 0 0 0 0 0 0 0 0 0 
 158 222 140 181 93 134 62 99 404 156 205 44 51 199 0 494 47 29 170 258 3 0 1 0 0 0 0 7 2 0 2 7 0 0 1 0 0 0 1 3 0 0 0 0 0 0 4 3 7 0 3 67 4 0 35 0 0 0 0 4 2 0 3 2 0 0 0 0 0 0 1 0 2 0 0 0 3 0 0 3 51 8 0 32 11 0 0 1 0 38 45 32 0 3 0 46 0 19 23 4 0 0 0 0 0 0 0 0 0 0 0 0 10 15 0 2 0 0 3 0 0 0 0 0 0 0 0 0 0 0 0 0 0 14 0 0 0 0 0 10 5 0 0 0 0 2 0 0 0 0 0 0 0 0 0 25 0 0 0 3 0 25 40 11 50 1 0 21 24 30 0 16 5 15 22 29 43 22 1 5 0 0 0 0 0 0 1 0 0 0 0 0 2 0 41 0 0 0 9 17 0 0 0 0 0 0 0 0 0 0 0 0 0 0 0 0 0 0 0 0 0 0 0 0 0 0 0 1 0 0 0 0 0 1 0 0 0 0 0 0 0 0 0 0 0 3 3 0 90 1 0 11 13 0 0 0 0 0 0 0 2 0 0 0 0 0 0 0 0 0 0 0 0 0 0 14 0 8 0 0 0 2 0 0 0 0 0 0 0 0 
 150 137 137 222 161 98 127 537 373 274 117 46 151 305 494 0 269 161 39 305 2 0 4 0 0 1 0 0 0 1 2 5 75 0 0 0 0 2 0 85 0 0 0 0 0 63 0 32 0 0 3 3 62 0 0 0 0 2 0 2 3 0 3 0 0 1 0 0 43 31 0 0 0 0 0 0 0 0 0 0 14 0 26 16 21 0 1 0 38 1 11 68 39 17 0 27 57 39 0 0 9 0 0 0 1 0 14 0 1 0 0 0 14 20 0 0 1 0 20 12 0 0 0 0 0 0 0 0 0 7 1 0 15 0 0 0 0 0 1 2 0 7 0 0 0 0 0 0 0 0 0 0 0 0 0 15 0 0 0 1 0 31 28 20 44 37 12 13 0 14 30 17 0 0 12 41 16 39 0 25 0 17 0 0 0 0 9 10 0 0 0 0 6 6 0 0 0 0 1 19 0 0 0 0 0 0 0 0 0 0 0 0 0 0 0 0 0 0 0 0 2 0 0 0 0 0 0 0 0 0 0 0 0 0 0 0 0 0 0 0 0 5 0 0 0 3 0 0 2 174 0 6 11 0 2 0 0 0 0 0 0 0 0 0 0 0 0 0 0 0 0 0 0 0 0 14 0 0 0 0 0 0 0 0 0 0 0 0 0 0 
 36 53 229 97 53 48 57 39 265 255 276 147 39 134 47 269 0 245 44 301 75 3 4 0 0 0 2 1 0 1 2 3 77 3 2 0 0 3 4 167 0 0 0 2 0 1 0 0 1 0 3 3 0 2 0 2 0 7 0 3 2 0 3 0 0 0 0 2 0 0 0 0 0 0 1 0 1 0 0 0 7 6 102 0 6 24 6 0 28 33 57 20 0 0 8 8 12 5 0 0 10 0 0 0 0 0 0 0 0 0 0 0 42 0 0 0 0 0 1 0 0 0 0 0 0 0 0 0 0 0 0 0 11 0 0 0 0 1 0 0 0 5 4 2 0 0 0 0 0 0 2 0 0 0 0 0 0 0 0 0 17 29 0 24 0 26 0 34 0 11 36 12 13 10 1 35 0 28 2 8 18 11 0 5 0 1 11 1 16 0 0 0 39 27 0 0 0 15 14 28 0 0 0 0 0 0 0 0 0 0 0 0 0 0 0 0 0 0 0 0 0 0 0 0 0 2 0 0 0 2 0 0 0 0 0 0 0 0 0 0 0 16 0 0 0 0 1 0 87 0 1 32 0 1 0 0 0 0 0 0 0 0 0 0 0 0 0 0 0 1 0 0 0 0 0 8 20 0 0 0 0 0 0 0 0 0 0 0 0 0 
 257 34 319 246 258 43 31 41 254 220 140 103 25 100 29 161 245 0 292 46 143 0 1 1 2 74 2 0 1 0 3 0 155 77 0 1 0 0 169 48 0 0 0 0 0 0 0 0 0 0 3 3 0 0 0 0 0 2 0 0 3 5 41 0 0 0 0 0 0 0 0 0 0 0 0 0 0 1 0 0 0 1 43 8 11 11 0 0 16 24 11 9 0 1 14 16 13 0 0 0 7 0 0 0 9 0 0 14 0 0 0 0 22 15 0 0 0 0 24 3 0 0 0 0 0 0 0 0 0 0 0 0 14 0 0 0 0 0 0 0 14 6 2 0 0 0 0 0 0 0 0 0 0 0 0 0 0 0 0 0 0 1 0 2 27 30 0 0 7 1 22 7 0 0 0 16 0 31 0 0 10 25 0 2 0 0 11 10 12 0 0 0 99 29 6 0 0 0 16 25 0 0 0 0 0 0 0 0 0 0 0 0 0 0 0 0 38 0 0 0 0 0 0 0 0 0 0 0 0 0 0 0 0 0 0 0 0 14 34 0 0 0 0 0 0 1 0 1 6 0 10 16 0 0 0 0 0 0 0 0 0 0 0 0 0 0 0 0 0 0 0 0 0 0 0 0 11 0 0 0 0 0 0 0 0 0 0 0 0 0 
 285 174 259 481 67 38 434 98 50 102 61 241 327 95 170 39 44 292 0 203 3 0 5 0 0 3 3 0 0 0 2 3 38 0 0 1 0 0 0 3 2 3 0 0 0 0 0 0 2 0 5 3 11 2 3 3 0 0 0 12 3 0 53 11 0 0 2 0 0 3 0 5 0 29 0 0 0 0 8 0 49 20 0 3 0 0 1 0 21 0 0 0 21 17 0 25 36 0 20 26 0 0 0 0 0 0 0 0 0 0 0 0 0 0 0 0 0 0 0 0 30 0 0 0 0 0 0 0 0 0 0 0 0 0 0 0 0 0 0 0 0 0 0 0 0 0 0 0 0 0 0 0 0 0 0 0 2 30 1 0 20 16 6 0 0 0 10 0 10 0 0 0 2 20 1 0 9 0 10 21 0 0 0 1 0 0 0 0 0 0 0 0 0 0 0 0 0 0 0 0 0 0 0 0 0 0 0 7 0 0 0 0 0 0 0 0 0 0 0 0 0 0 0 0 0 0 0 0 0 0 0 0 0 0 18 0 0 13 0 0 0 0 0 0 0 3 12 2 2 0 0 8 0 0 0 0 0 0 0 0 0 0 0 0 0 0 0 0 0 0 0 0 0 0 0 0 0 0 0 0 0 0 0 0 0 0 0 0 0 0 
 45 76 132 48 86 59 198 134 161 97 152 114 354 388 258 305 301 46 203 0 3 0 2 0 0 0 0 0 2 0 2 0 0 0 0 1 0 0 0 3 0 0 0 0 0 0 0 3 0 0 3 3 4 0 0 0 0 0 0 1 3 3 3 0 0 0 0 0 0 0 0 0 0 0 0 0 0 0 0 0 42 1 10 20 18 1 6 9 3 19 19 10 24 0 0 16 24 33 13 22 0 0 0 0 0 0 0 0 0 0 0 0 0 10 0 0 0 0 0 0 0 0 0 0 0 0 0 0 0 0 0 0 0 0 0 0 0 1 0 0 0 0 2 2 2 2 0 0 0 0 2 0 0 0 0 10 4 0 3 0 9 27 29 16 0 0 53 13 9 2 0 0 44 0 18 0 21 24 10 6 2 1 0 0 0 0 0 0 0 0 0 0 7 0 0 0 0 0 0 19 0 0 0 0 0 0 0 0 0 0 0 0 0 0 0 0 0 0 0 0 0 0 0 0 0 0 0 0 0 2 0 0 0 0 0 0 0 0 0 0 0 0 0 0 0 5 1 0 6 6 2 6 12 0 0 0 0 0 0 0 0 0 0 0 0 66 0 0 0 1 0 0 0 0 0 2 0 0 0 0 0 0 0 0 0 0 0 0 0 0 
 2 2 25 79 228 102 2 4 75 3 1 117 3 3 3 2 75 143 3 3 0 186 49 67 54 37 739 229 402 118 39 41 267 415 53 38 34 33 109 123 0 0 0 0 204 2 5 7 0 4 2 0 0 0 69 204 0 0 0 208 0 5 0 0 5 9 0 3 0 0 0 0 0 0 2 3 0 3 3 0 0 1 0 0 13 10 0 0 0 0 1 7 2 8 0 0 0 0 0 10 12 19 50 15 12 0 12 10 0 0 0 0 19 23 13 17 0 11 25 0 0 0 0 0 0 0 0 0 0 0 0 0 0 0 0 0 0 0 0 0 0 6 4 0 0 0 0 0 0 0 0 0 0 0 0 0 0 0 0 1 0 0 0 0 1 8 0 0 0 9 18 8 8 0 0 1 0 10 0 0 0 12 7 21 57 0 33 3 21 13 15 0 25 0 31 12 8 0 10 1 0 0 1 2 0 0 0 0 0 0 0 0 0 0 0 0 0 0 0 6 0 0 0 0 0 0 0 0 0 0 0 0 0 0 0 0 0 0 0 0 0 0 0 0 0 0 0 0 0 0 0 0 0 0 6 2 2 0 0 0 2 2 0 0 0 0 0 0 0 0 0 0 0 0 0 0 0 0 0 0 0 0 0 0 0 0 0 0 0 0 
 0 0 0 0 122 25 201 2 0 0 1 76 0 6 0 0 3 0 0 0 186 0 87 130 115 213 196 307 118 186 31 240 58 53 65 36 70 395 122 129 5 0 0 0 0 0 3 3 0 0 3 0 62 0 28 0 0 0 29 1 0 3 0 0 3 0 0 0 18 5 2 1 0 0 3 7 0 3 2 38 0 0 0 0 1 31 0 0 0 0 0 0 0 0 0 0 0 0 5 0 8 2 17 61 13 0 14 13 37 1 8 26 0 1 0 11 7 14 0 6 0 0 0 0 0 0 11 0 0 0 2 0 0 0 0 0 0 0 44 0 0 0 0 0 0 0 0 0 0 4 0 0 0 0 0 6 0 0 0 0 0 0 0 0 0 0 0 2 0 0 0 0 0 0 0 0 0 18 0 0 16 14 27 7 10 0 12 56 39 12 15 42 10 0 22 38 20 7 11 7 0 0 0 0 0 0 0 0 0 0 0 0 0 10 0 0 0 0 8 0 0 0 0 0 0 0 0 0 0 0 0 0 0 0 0 0 1 0 0 0 0 0 0 0 0 0 75 0 0 0 0 0 0 0 6 0 2 77 0 0 1 0 1 0 0 0 0 0 0 0 0 0 0 0 0 0 0 0 0 0 0 0 0 0 2 0 8 0 0 0 
 4 2 0 0 0 0 1 2 1 1 1 0 1 1 1 4 4 1 5 2 49 87 0 318 175 160 126 90 418 128 150 235 50 277 199 396 84 141 97 70 0 0 0 0 0 0 21 3 5 0 210 0 133 0 4 0 0 5 31 0 0 3 0 0 9 1 0 0 0 0 0 1 0 0 7 0 4 4 3 0 0 0 0 0 0 0 0 0 0 2 0 10 0 0 0 0 30 0 0 0 0 32 0 9 8 26 0 0 0 29 11 9 0 0 10 10 33 10 0 0 0 8 0 0 0 0 1 0 0 0 0 0 21 5 0 0 0 0 0 7 0 0 0 1 1 0 0 0 0 0 0 0 0 0 0 2 0 0 0 0 0 0 0 0 2 0 0 0 0 0 0 0 0 8 0 0 0 0 0 0 0 0 16 18 9 39 12 0 2 11 13 0 0 0 0 0 0 12 0 0 0 1 0 0 0 0 7 0 0 0 1 0 14 0 18 0 9 0 15 26 0 0 0 0 0 17 0 0 0 0 1 0 0 0 0 0 0 0 0 0 0 0 12 0 0 0 0 0 2 0 0 1 0 0 0 0 0 76 79 3 1 0 0 0 0 0 14 0 0 0 0 0 0 14 0 0 0 0 0 0 0 26 0 0 0 0 0 0 0 2 
 0 0 0 0 0 0 0 0 0 0 0 0 0 0 0 0 0 1 0 0 67 130 318 0 109 224 182 83 76 125 197 277 265 170 206 216 425 32 50 54 0 13 0 0 0 0 34 3 2 0 2 1 0 0 22 0 0 0 63 3 0 5 0 0 3 0 0 0 0 0 0 0 0 3 2 0 51 3 3 0 0 2 0 0 0 0 0 0 0 0 0 0 0 0 0 0 0 0 0 0 0 18 9 4 9 12 2 21 42 25 60 0 0 0 18 13 22 0 0 0 14 8 0 0 2 0 26 0 8 0 0 0 0 10 1 1 0 28 14 12 0 0 0 0 0 0 1 0 0 0 0 0 0 0 13 0 0 0 0 0 0 0 0 0 0 0 0 0 0 0 2 0 0 0 1 0 0 0 15 0 0 26 31 15 26 12 0 9 0 30 0 0 0 0 18 14 19 27 0 0 0 0 0 0 0 0 4 0 0 4 7 1 3 12 6 0 9 12 0 35 0 0 1 0 0 8 0 0 0 1 0 0 0 1 0 0 0 0 0 2 0 0 4 0 0 2 0 0 0 0 0 0 0 0 8 0 0 43 0 0 4 2 0 0 0 0 0 0 0 0 0 0 0 0 0 0 0 0 0 0 0 2 0 0 0 0 0 0 0 0 
 1 0 1 0 0 0 0 0 1 0 0 0 0 0 0 0 0 2 0 0 54 115 175 109 0 171 91 59 172 258 519 175 70 311 152 254 77 186 232 82 0 0 0 0 0 0 3 54 1 0 6 17 0 3 2 69 0 0 1 58 0 3 0 2 3 0 1 0 0 0 0 1 0 7 3 0 1 3 2 0 0 0 0 0 0 0 0 0 0 0 0 0 0 1 0 0 0 0 0 0 16 0 27 3 44 28 0 9 17 20 13 55 0 0 0 15 0 16 0 1 17 36 0 0 0 0 12 47 0 0 0 0 0 11 9 17 37 0 20 39 0 0 0 0 0 0 0 0 0 0 0 0 0 0 24 1 0 0 0 0 0 0 0 2 5 0 0 0 0 0 1 0 0 0 2 0 0 11 0 0 0 0 0 0 14 29 0 0 1 10 0 13 0 0 0 0 11 22 0 0 8 28 0 0 0 0 29 11 0 0 0 0 23 8 30 0 8 0 30 28 0 0 1 0 0 0 0 0 0 0 0 0 0 2 0 9 0 0 0 1 0 0 13 0 0 1 0 0 0 0 0 0 0 0 6 0 7 1 76 4 11 0 0 0 0 0 0 0 0 0 0 0 0 0 0 0 2 0 0 13 0 12 0 0 0 9 0 0 0 0 
 0 0 0 0 0 0 0 0 77 0 0 0 0 105 0 1 0 74 3 0 37 213 160 224 171 0 50 107 159 111 306 226 52 352 207 248 71 100 40 56 0 0 0 1 0 0 66 2 1 0 3 4 126 0 5 0 0 0 129 0 0 3 0 0 3 25 0 0 0 0 0 1 0 3 3 0 0 3 2 0 0 0 0 0 0 0 0 2 0 0 0 0 0 10 0 0 9 1 0 0 0 13 1 6 17 14 0 12 41 28 9 17 10 0 0 28 14 23 0 0 0 44 0 0 0 0 27 15 0 0 0 0 1 10 0 0 14 0 12 11 0 0 0 0 8 0 0 0 0 4 0 0 0 0 0 3 0 0 7 0 0 0 0 0 0 0 0 0 6 0 0 0 0 3 0 1 0 0 0 0 0 0 32 11 15 9 2 6 0 10 13 11 0 0 12 6 11 27 0 0 0 18 0 0 0 0 7 0 0 0 0 0 18 16 0 0 0 0 29 14 0 0 0 0 0 0 0 0 1 0 0 0 0 0 0 0 0 0 0 0 0 0 13 0 0 0 0 0 0 0 0 0 0 0 12 0 1 1 116 2 2 0 0 0 0 0 0 0 0 0 0 0 0 0 0 0 0 2 0 0 0 19 0 0 0 0 0 0 0 0 
 0 0 0 0 135 72 0 0 0 46 64 94 0 0 0 0 2 2 3 0 739 196 126 182 91 50 0 86 64 333 237 45 154 297 49 32 100 57 280 64 0 0 0 0 203 21 3 3 0 0 2 0 0 0 4 203 1 57 0 203 0 3 0 0 3 0 0 0 0 0 0 0 0 0 2 0 0 3 26 0 0 1 0 2 0 0 0 0 0 0 2 0 0 0 0 0 0 0 0 0 28 14 18 28 0 0 29 27 12 18 0 0 14 41 22 25 1 21 8 40 0 0 0 0 1 0 0 0 0 0 0 0 0 0 2 0 0 0 8 0 0 0 0 0 0 0 2 0 0 0 0 0 0 0 0 0 0 0 0 0 2 0 0 0 0 0 0 0 3 0 1 0 0 0 1 0 0 2 0 0 22 2 33 1 0 0 7 2 14 22 15 20 8 7 11 1 42 0 0 0 0 0 0 0 0 0 0 0 0 0 0 0 0 0 0 0 0 0 14 0 0 0 0 0 0 0 0 0 0 2 21 0 0 0 0 0 0 0 0 1 0 0 0 0 0 0 0 0 0 0 0 0 0 0 20 2 2 40 0 0 1 0 0 0 0 0 8 0 0 0 0 0 0 0 0 0 0 0 0 0 0 0 0 0 0 0 0 0 0 0 
 0 3 75 27 128 216 0 58 4 0 1 149 0 0 7 0 1 0 0 0 229 307 90 83 59 107 86 0 169 29 39 45 424 67 105 55 40 104 312 35 6 0 0 0 0 0 3 3 0 0 4 0 1 0 0 0 0 2 74 0 0 4 0 0 3 0 0 0 0 2 0 1 0 0 3 2 0 3 3 0 0 0 0 0 11 18 0 0 0 0 0 0 0 0 0 0 0 0 0 0 8 0 9 10 0 1 13 0 16 0 0 13 20 1 0 8 2 7 1 15 0 0 0 0 1 0 3 0 0 0 0 0 0 0 0 1 0 0 2 0 0 2 3 5 0 0 4 14 0 0 0 0 0 0 0 0 0 0 0 0 0 0 0 0 1 2 0 0 0 0 0 0 0 0 0 0 0 2 0 0 11 17 11 9 2 0 7 36 53 20 14 10 28 0 39 9 27 25 10 10 8 0 0 0 0 0 0 0 0 0 4 0 0 0 0 0 0 0 0 0 0 0 0 0 0 0 0 1 0 0 0 2 0 0 0 2 0 0 0 0 0 0 0 0 0 0 68 0 1 0 0 0 0 0 20 0 0 1 0 0 2 0 14 0 0 0 0 0 0 0 0 0 0 0 0 0 0 0 0 0 0 0 0 0 0 0 6 0 0 0 
 2 2 2 1 77 75 1 2 2 2 2 1 2 2 2 0 0 1 0 2 402 118 418 76 172 159 64 169 0 131 56 123 104 202 245 83 103 122 173 148 0 5 0 0 0 9 66 4 0 4 5 2 23 0 0 0 0 0 85 0 2 4 2 0 3 50 0 0 0 6 0 15 0 0 2 1 0 3 4 0 0 0 0 0 0 14 0 0 0 0 0 0 0 0 0 0 0 0 0 0 22 17 10 17 12 0 10 4 12 8 9 12 11 16 38 49 20 31 0 0 29 13 0 0 0 0 0 0 0 0 0 0 0 0 0 0 0 0 0 0 0 0 0 0 0 0 0 0 0 0 0 0 0 0 0 0 0 0 0 0 0 0 0 0 0 11 0 0 13 0 0 0 0 1 0 0 0 0 0 0 33 16 29 46 7 1 0 11 39 36 51 0 0 0 8 37 39 0 0 10 0 2 0 0 0 0 0 0 0 0 0 0 0 0 0 0 0 0 17 11 0 0 0 0 0 1 0 0 0 0 0 0 0 0 0 0 0 0 0 0 0 0 0 0 0 0 0 0 0 0 0 0 0 0 14 0 2 0 42 1 3 15 0 0 0 0 0 0 0 11 0 0 0 0 0 0 0 0 0 0 0 0 0 0 0 0 19 0 0 13 
 2 0 0 0 0 0 0 0 0 0 0 0 0 0 0 1 1 0 0 0 118 186 128 125 258 111 333 29 131 0 335 317 41 271 201 161 127 50 55 114 0 6 0 4 0 2 64 5 0 3 2 0 43 65 23 0 0 2 124 0 0 3 0 2 4 0 3 0 0 0 1 0 0 25 2 0 2 3 3 2 0 0 0 0 0 0 0 0 0 0 0 2 0 0 0 0 0 0 0 0 13 10 38 12 32 22 0 26 20 61 28 0 1 1 7 27 5 19 0 0 0 38 0 0 0 0 16 1 0 0 0 0 0 10 0 1 0 0 15 30 0 0 0 0 0 0 0 0 0 0 0 0 0 0 0 0 0 0 0 0 0 0 0 0 0 0 1 0 2 0 8 0 0 3 0 0 0 0 0 0 0 1 34 12 9 2 0 0 13 17 22 12 0 0 1 28 33 13 0 0 2 1 0 0 0 0 0 0 0 0 0 0 0 30 22 0 0 0 16 40 0 0 0 0 0 0 0 0 0 0 0 0 0 0 0 0 0 0 0 0 0 0 0 0 0 0 0 0 0 0 0 0 0 0 26 3 0 5 40 0 0 3 0 0 0 0 0 0 0 0 0 0 0 0 0 0 0 0 0 20 0 0 0 0 0 11 0 0 0 0 
 5 2 2 2 2 4 2 2 2 2 17 2 2 2 2 2 2 3 2 2 39 31 150 197 519 306 237 39 56 335 0 342 26 207 176 189 200 93 245 267 4 0 0 0 0 0 101 4 4 0 6 10 85 3 133 2 0 3 74 76 1 3 0 0 3 105 1 0 0 2 0 1 1 10 3 31 0 5 3 0 0 0 0 0 0 0 0 0 0 0 0 0 0 0 0 0 0 0 0 0 2 0 10 1 28 14 0 0 10 39 10 7 2 0 0 0 9 12 0 0 29 89 0 0 0 0 0 22 5 0 0 0 0 1 0 23 14 0 1 3 0 0 0 0 0 0 0 0 0 0 0 0 0 0 0 0 0 0 0 0 0 0 0 0 0 0 2 0 9 0 0 0 0 1 0 0 0 0 0 0 0 0 9 0 39 3 0 0 0 0 12 12 0 0 0 18 0 23 0 0 1 33 0 0 0 0 0 15 0 0 9 0 23 29 28 0 10 23 28 14 1 0 0 0 0 0 0 0 0 0 0 0 0 0 0 0 0 0 0 0 0 0 13 0 0 0 0 0 0 0 0 0 0 0 24 2 2 99 116 0 6 0 0 0 0 0 0 0 0 0 0 0 0 0 0 0 0 0 0 10 0 12 0 0 0 2 0 0 0 0 
 0 0 0 1 0 2 0 0 2 0 2 0 0 0 7 5 3 0 3 0 41 240 235 277 175 226 45 45 123 317 342 0 115 86 177 262 225 367 306 62 62 6 1 2 1 3 102 6 3 5 2 5 0 67 186 58 1 0 3 159 0 3 0 4 3 10 3 7 0 0 3 6 8 15 3 1 7 9 3 6 0 0 0 2 0 11 0 0 0 0 0 0 0 0 0 0 0 0 0 0 0 20 1 10 14 2 0 23 0 15 7 0 0 0 31 1 0 0 0 0 46 33 0 0 0 0 30 24 10 0 12 21 1 11 3 14 0 0 13 9 0 0 0 0 0 0 0 0 0 0 0 0 0 0 0 0 0 0 0 0 0 0 0 0 0 0 0 0 1 0 0 0 0 0 0 0 0 0 0 0 0 10 0 22 42 11 1 2 0 29 0 1 1 0 27 19 13 0 2 0 1 14 14 0 0 0 19 25 14 0 7 0 19 0 20 2 10 19 34 13 0 0 0 0 2 0 0 1 0 0 0 0 0 0 0 0 0 0 0 0 0 0 0 0 0 0 0 0 0 0 0 0 0 0 5 2 1 68 2 0 4 2 0 0 0 0 0 0 0 0 0 0 0 0 0 0 0 0 0 0 0 0 0 0 0 0 0 0 0 1 
 2 0 40 78 87 0 0 0 75 1 1 97 1 0 0 75 77 155 38 0 267 58 50 265 70 52 154 424 104 41 26 115 0 102 118 141 47 70 85 161 3 0 0 0 0 3 3 3 2 1 6 0 0 2 3 2 0 3 0 25 2 3 0 7 3 1 3 2 0 2 0 1 0 0 3 3 0 3 4 0 0 0 2 0 0 30 0 0 0 0 0 15 0 0 0 0 0 0 0 0 4 1 0 18 2 11 1 8 26 6 1 5 0 6 0 23 0 8 29 14 0 0 0 0 0 0 0 0 0 0 0 0 0 0 0 0 0 0 0 0 0 9 8 0 0 0 0 0 0 0 0 0 0 0 0 0 0 0 0 0 0 0 0 0 0 10 0 0 0 0 21 12 0 0 0 15 0 67 0 0 0 22 11 15 48 0 44 8 0 4 39 20 20 6 28 0 20 0 9 0 0 0 0 0 0 0 0 0 0 0 0 0 0 0 0 0 0 0 0 0 0 0 0 0 0 0 0 0 0 0 0 0 0 0 0 0 0 0 0 0 0 0 0 0 0 0 0 0 0 0 0 0 0 0 3 0 0 0 1 0 2 1 0 0 0 0 0 0 0 0 0 0 0 0 0 0 0 0 0 0 0 0 0 0 0 0 0 0 0 0 
 2 0 0 0 95 74 0 0 0 0 75 43 2 0 0 0 3 77 0 0 415 53 277 170 311 352 297 67 202 271 207 86 102 0 190 19 49 123 343 149 2 6 0 0 204 0 3 3 1 3 2 0 0 0 0 204 0 0 0 204 0 12 0 0 3 0 0 0 6 0 0 0 0 0 2 2 0 5 3 0 0 0 1 0 1 0 0 0 1 0 0 28 0 0 0 0 0 0 0 0 0 38 17 92 31 0 38 21 10 0 8 7 26 14 50 1 6 0 11 16 0 0 0 0 0 0 21 0 0 0 0 0 0 0 0 0 0 0 13 0 0 0 0 0 0 0 0 0 0 6 0 0 0 0 0 4 0 15 0 0 4 0 0 0 1 1 0 0 0 0 7 9 0 0 0 0 0 7 0 0 30 0 10 16 14 2 0 0 10 30 13 10 0 0 7 37 1 0 0 13 0 0 0 0 0 0 0 0 0 0 0 24 0 0 0 0 0 0 0 0 0 0 0 0 0 0 0 0 0 0 0 0 0 0 0 0 0 0 0 0 0 0 1 0 0 0 0 0 21 0 0 0 0 0 13 0 2 0 0 2 0 0 0 0 0 0 0 0 0 0 0 0 0 0 0 0 12 0 0 0 0 0 0 0 0 0 0 0 0 0 
 0 23 0 0 0 78 0 0 0 0 3 75 0 0 1 0 2 0 0 0 53 65 199 206 152 207 49 105 245 201 176 177 118 190 0 469 201 48 66 163 0 3 0 0 0 3 3 3 0 2 2 0 61 0 0 0 0 0 0 0 0 3 0 0 3 0 0 0 0 0 0 0 0 2 2 0 0 3 3 0 0 0 0 0 0 5 0 0 0 0 0 0 0 0 0 0 0 0 0 0 0 14 12 22 4 22 11 0 36 18 9 14 0 0 22 35 17 0 0 9 2 0 0 0 0 0 16 0 0 0 0 11 3 0 0 0 0 0 16 14 0 0 0 0 0 0 3 0 0 0 0 0 0 0 0 0 1 0 0 0 0 0 0 0 0 0 0 0 10 0 0 0 0 3 0 0 0 0 0 0 14 0 24 0 17 9 0 20 0 29 10 0 0 0 24 7 0 34 0 0 0 0 0 0 0 0 5 0 0 0 0 2 0 0 0 0 0 0 0 10 0 0 0 0 0 0 0 0 0 0 0 0 0 0 0 0 0 0 0 0 0 0 0 0 0 0 0 0 0 0 0 0 0 0 1 0 2 2 75 0 0 12 0 0 0 0 0 0 0 0 0 0 0 0 0 0 0 0 0 0 0 0 0 0 0 0 0 0 0 0 
 0 0 0 2 0 2 0 2 15 0 0 0 1 2 0 0 0 1 1 1 38 36 396 216 254 248 32 55 83 161 189 262 141 19 469 0 187 344 101 198 0 0 1 0 0 1 3 2 3 0 3 5 63 0 4 0 0 0 0 72 0 3 0 0 3 0 0 0 0 0 52 2 0 0 3 0 0 3 2 49 0 0 0 0 0 0 0 0 0 0 0 0 0 0 0 0 0 0 0 0 0 46 0 42 10 35 0 9 20 26 22 26 0 0 12 27 19 0 0 0 0 1 0 0 0 0 15 0 0 0 0 0 28 46 0 0 8 0 0 8 0 0 0 0 0 0 0 0 0 23 0 0 0 0 0 1 0 0 0 0 0 0 0 0 0 0 0 0 0 0 0 0 0 0 0 0 0 0 0 7 0 8 0 22 28 21 10 8 0 27 40 10 0 0 3 3 11 9 0 0 0 0 2 0 0 0 15 0 0 0 0 0 10 13 7 0 10 0 0 19 0 0 0 0 0 0 0 0 0 6 0 0 0 0 0 0 0 0 0 0 0 0 9 0 0 0 0 0 0 0 0 0 0 0 7 0 0 1 1 0 1 0 0 0 0 0 0 0 0 0 0 0 0 0 0 0 0 0 0 0 0 13 0 0 0 0 0 0 0 0 
 0 0 0 0 0 0 0 0 0 0 0 0 0 1 0 0 0 0 0 0 34 70 84 425 77 71 100 40 103 127 200 225 47 49 201 187 0 64 100 50 1 4 0 4 0 3 3 3 1 5 5 0 67 4 0 0 0 0 0 80 0 3 0 0 3 0 0 0 0 2 0 2 1 0 2 0 0 3 3 0 0 0 0 0 0 42 0 0 0 0 0 0 0 0 0 0 0 0 0 0 0 42 17 20 29 3 0 18 0 32 14 1 0 1 31 10 21 0 0 0 17 0 0 0 0 0 1 4 0 0 0 0 18 6 10 20 0 0 0 10 0 0 0 0 0 0 0 0 0 1 0 0 0 0 0 2 0 0 0 0 0 0 0 0 0 0 0 1 0 0 0 0 0 0 0 0 0 0 0 10 0 9 1 54 49 30 67 0 2 34 1 60 0 0 9 20 9 0 0 0 0 12 15 0 0 0 28 11 0 0 1 0 0 0 27 0 9 0 0 32 0 0 0 0 0 0 0 0 0 0 0 0 0 0 0 0 2 0 0 0 0 0 0 0 0 0 0 0 0 0 0 0 0 0 5 0 2 76 0 0 3 0 0 0 0 0 12 0 0 0 0 0 0 0 0 0 0 0 0 13 0 10 0 0 0 9 0 0 0 0 
 3 0 0 0 74 0 0 0 2 0 0 4 0 2 0 2 3 0 0 0 33 395 141 32 186 100 57 104 122 50 93 367 70 123 48 344 64 0 88 291 0 0 0 0 0 2 68 64 5 0 3 5 1 0 9 0 0 0 67 0 0 3 0 0 3 0 0 39 0 6 0 1 0 0 3 1 0 3 3 0 0 0 0 0 0 14 0 0 0 0 0 0 0 0 0 0 0 0 0 0 34 1 8 10 12 1 0 10 12 0 13 46 0 48 0 0 20 36 1 0 0 24 0 0 0 0 0 10 1 0 0 0 0 0 0 0 4 2 9 13 0 0 0 1 0 0 0 0 0 0 0 0 0 0 0 0 0 0 0 0 0 0 0 0 4 8 0 0 0 1 0 0 0 0 0 1 0 0 0 0 10 21 0 28 0 6 12 11 28 10 45 16 2 4 0 26 25 18 0 11 0 19 0 0 0 0 1 0 0 0 0 0 13 0 14 0 0 9 41 2 0 0 0 0 0 2 0 2 0 0 0 0 0 0 0 0 0 1 0 0 0 0 14 0 0 0 0 0 0 0 0 0 2 0 15 0 1 4 76 6 19 0 0 0 0 0 0 0 0 0 0 0 0 0 0 0 0 0 0 0 0 29 0 0 0 0 19 0 0 0 
 0 0 2 76 24 79 0 0 0 73 1 2 0 6 1 0 4 169 0 0 109 122 97 50 232 40 280 312 173 55 245 306 85 343 66 101 100 88 0 538 6 0 0 0 0 0 3 3 0 62 1 0 0 0 0 0 0 0 0 19 0 8 0 0 3 0 0 0 0 0 0 0 0 0 2 10 0 3 3 0 0 0 5 12 50 31 0 0 15 1 0 14 0 0 0 0 0 0 0 0 16 3 0 0 0 0 17 28 0 0 0 0 1 12 2 0 0 11 0 18 0 0 0 0 1 0 0 0 0 0 0 0 1 0 0 0 4 0 0 8 0 1 0 0 0 0 1 0 0 0 0 0 0 0 0 0 0 0 0 0 0 0 0 0 9 1 0 0 12 0 17 12 0 0 0 1 17 1 0 0 45 29 0 25 24 0 22 0 0 11 1 32 21 19 28 2 21 0 3 9 0 0 0 0 0 0 0 0 0 0 0 0 0 0 2 0 0 0 27 0 0 1 0 0 0 0 0 0 0 2 0 0 14 0 0 0 10 0 12 0 0 0 0 0 0 0 22 0 0 0 15 0 0 0 12 2 0 0 0 2 0 14 18 0 0 0 0 0 0 0 0 0 0 0 0 0 1 12 0 0 0 0 0 0 0 0 0 0 0 0 
 6 3 79 4 17 2 3 5 39 78 30 5 3 9 3 85 167 48 3 3 123 129 70 54 82 56 64 35 148 114 267 62 161 149 163 198 50 291 538 0 1 0 2 0 0 2 3 3 67 0 3 0 0 0 0 0 0 0 0 0 0 3 0 2 3 0 0 53 0 4 0 1 0 0 3 48 0 3 3 0 0 0 66 0 0 1 8 0 0 1 0 18 2 0 0 0 0 0 0 0 45 0 17 9 0 8 10 13 26 8 17 51 20 34 1 12 7 12 0 14 0 0 0 0 0 0 0 0 0 0 0 0 0 0 0 0 0 0 0 0 0 7 1 0 0 0 0 0 0 0 0 2 18 0 0 0 0 0 0 0 9 0 0 0 0 19 0 0 0 0 0 0 0 0 0 0 0 10 0 0 15 26 13 0 0 0 15 39 1 0 14 7 34 42 1 1 10 0 3 5 0 0 1 0 0 0 0 0 0 0 0 0 0 0 0 0 0 18 0 0 0 10 0 0 0 0 0 0 0 0 0 0 0 0 0 0 0 0 0 12 0 0 0 0 0 0 0 0 0 0 0 0 0 0 9 2 0 2 2 0 3 2 0 0 0 0 0 0 0 0 0 0 0 0 0 0 18 0 0 0 0 0 0 0 0 0 0 0 0 0 
 0 0 0 0 10 3 0 0 0 0 1 0 0 0 0 0 0 0 2 0 0 5 0 0 0 0 0 6 0 0 4 62 3 2 0 0 1 0 6 1 0 320 329 64 31 43 174 43 312 323 33 59 49 69 144 105 134 100 119 132 0 0 0 2 0 6 0 4 0 0 0 2 9 3 7 0 1 0 102 0 0 0 0 0 0 10 0 0 0 0 1 0 0 0 23 14 0 0 0 0 0 0 0 0 0 13 0 0 4 25 0 0 0 0 0 0 0 0 0 0 0 7 0 21 5 17 0 26 0 21 4 11 0 12 4 5 0 18 14 26 0 0 0 0 0 0 0 3 0 0 0 0 0 0 0 0 0 0 3 0 0 0 0 0 0 0 0 0 0 0 0 0 0 0 0 0 0 0 0 0 0 7 0 0 0 13 0 1 0 0 0 0 0 0 0 0 0 0 10 0 16 18 22 21 25 0 32 30 48 35 58 3 17 0 8 71 0 0 21 0 0 0 0 0 0 0 9 0 0 0 0 0 0 0 0 0 0 0 0 10 0 0 0 0 0 1 11 0 0 0 0 21 0 2 0 1 0 0 0 0 0 0 9 1 1 2 0 0 0 0 9 0 0 0 0 0 0 0 0 0 0 0 0 0 0 0 0 42 0 0 
 0 0 0 0 0 0 0 0 0 0 0 0 0 0 0 0 0 0 3 0 0 0 0 13 0 0 0 0 5 6 0 6 0 6 3 0 4 0 0 0 320 0 221 275 26 32 190 161 146 495 66 98 335 292 83 203 32 153 133 52 0 0 0 0 0 3 0 21 0 0 0 0 0 0 0 0 16 0 0 0 0 0 0 0 0 0 0 0 0 0 0 0 0 0 0 0 0 0 0 0 0 5 4 5 3 0 0 23 0 0 1 0 0 0 2 0 0 0 0 0 17 0 37 0 0 6 1 0 41 0 9 8 22 0 21 38 12 29 0 0 0 0 0 0 0 0 0 0 0 0 0 0 0 0 0 0 0 0 1 0 0 0 0 0 0 0 11 0 0 0 6 0 0 0 0 0 0 0 0 9 0 0 0 18 12 0 0 0 0 2 0 0 0 0 0 2 0 0 0 0 22 8 24 1 29 0 0 0 22 16 17 9 39 7 0 24 22 21 0 74 0 0 32 0 0 0 0 0 0 0 0 0 7 0 0 0 0 0 0 14 0 0 0 0 0 0 0 0 0 0 0 4 0 2 0 0 0 0 0 0 0 0 0 66 0 0 0 0 0 0 0 0 0 0 0 0 0 0 0 0 0 7 0 0 0 10 0 0 1 0 
 0 0 0 0 0 2 0 0 0 0 2 0 0 0 0 0 0 0 0 0 0 0 0 0 0 0 0 0 0 0 0 1 0 0 0 1 0 0 0 2 329 221 0 111 43 26 149 181 165 54 375 101 68 57 130 286 34 267 33 296 1 4 0 0 1 0 0 0 0 0 0 5 8 0 3 0 5 6 0 0 0 0 0 0 0 0 0 0 0 0 0 0 0 0 0 0 0 17 0 0 0 0 0 0 0 0 0 0 0 0 0 0 0 0 0 0 0 0 0 0 39 0 0 8 1 20 33 0 19 0 20 0 7 24 12 12 23 17 0 0 11 0 0 0 0 0 14 0 1 0 17 0 1 5 12 0 0 0 0 0 0 0 0 0 0 0 3 0 0 0 0 0 0 0 0 0 0 0 0 0 0 0 0 0 0 0 0 0 0 0 0 0 0 0 0 0 0 9 0 0 1 17 12 0 0 3 0 0 13 0 12 16 0 0 0 14 0 8 0 0 14 11 67 0 0 5 24 1 0 0 0 0 26 0 0 12 0 15 11 2 0 0 0 0 0 0 0 0 0 0 0 15 0 0 0 0 0 0 0 1 0 0 1 14 2 2 7 8 0 0 0 0 0 37 0 0 0 0 0 0 0 0 0 0 0 0 0 0 0 0 
 1 0 0 0 0 0 0 0 0 0 0 0 0 0 0 0 2 0 0 0 0 0 0 0 0 1 0 0 0 4 0 2 0 0 0 0 4 0 0 0 64 275 111 0 143 27 112 100 319 95 130 454 138 85 134 58 31 275 297 57 0 0 0 0 0 0 0 2 0 0 0 0 0 0 0 50 0 0 51 50 0 0 0 0 0 0 0 0 0 0 0 0 0 0 0 0 0 0 0 0 0 0 0 0 12 0 0 6 0 0 0 0 0 0 0 0 0 0 0 0 1 0 30 26 3 18 0 0 0 1 0 23 0 0 9 9 10 12 0 0 19 0 1 0 0 0 0 9 11 7 0 0 2 0 11 0 9 0 8 7 0 0 0 0 0 0 0 0 0 0 0 0 0 0 3 0 5 0 0 0 0 0 0 0 0 0 0 0 0 0 0 0 0 0 0 0 0 0 0 0 0 0 0 11 14 0 0 7 0 17 0 9 0 0 0 14 0 7 0 0 0 9 11 0 0 0 13 20 13 8 1 0 0 8 15 0 0 22 22 31 0 0 12 0 0 0 0 0 0 0 0 9 0 0 0 0 0 0 0 20 0 0 33 3 5 0 1 0 2 0 0 0 0 0 0 0 0 0 0 0 0 0 8 0 0 27 0 0 0 0 
 0 0 0 0 0 0 0 0 0 0 0 0 0 0 0 0 0 0 0 0 204 0 0 0 0 0 203 0 0 0 0 1 0 204 0 0 0 0 0 0 31 26 43 143 0 197 68 62 82 230 124 163 64 292 113 269 30 55 162 292 44 0 3 0 0 0 6 5 0 3 0 0 76 1 24 54 0 1 0 21 0 0 0 0 0 0 0 0 0 0 0 0 0 0 0 0 5 0 0 0 0 0 0 0 0 0 0 0 0 0 0 0 0 0 0 0 0 0 0 0 0 0 0 7 0 10 0 0 0 10 0 9 0 0 0 0 15 0 0 0 10 21 0 21 23 7 34 29 0 8 11 8 32 15 1 10 7 0 0 14 0 0 0 0 0 0 0 0 0 0 0 0 0 0 0 0 0 0 0 0 0 0 0 0 0 0 0 0 0 0 0 0 0 0 0 0 0 0 0 0 0 0 0 0 8 35 0 0 0 0 0 0 8 0 0 0 0 0 0 0 3 0 1 6 6 0 2 37 0 19 6 1 20 8 7 3 0 5 7 13 0 0 0 0 0 0 0 0 7 0 0 6 0 0 0 0 0 0 0 1 0 0 4 0 4 5 0 1 0 3 1 0 0 0 0 5 0 0 0 0 0 0 0 0 7 0 0 0 3 0 
 2 0 0 0 0 0 0 0 4 0 0 0 0 0 0 63 1 0 0 0 2 0 0 0 0 0 21 0 9 2 0 3 3 0 3 1 3 2 0 2 43 32 26 27 197 0 31 114 254 53 83 63 21 49 48 68 59 64 53 42 3 0 0 0 0 1 50 25 0 0 0 0 51 34 0 0 51 51 102 50 0 0 0 0 0 0 0 0 0 0 0 0 0 0 0 0 0 0 0 0 0 4 0 14 0 0 0 2 0 9 0 0 0 5 28 14 0 4 0 15 0 0 0 9 0 0 0 0 0 26 0 12 0 0 0 0 0 0 0 0 2 3 0 14 0 0 0 27 0 1 19 4 12 23 2 0 20 6 0 12 0 4 0 0 0 0 0 1 0 0 0 5 6 0 0 0 0 0 0 0 0 0 3 2 2 0 3 0 0 37 8 0 0 0 3 2 6 0 0 0 0 0 14 0 2 30 0 0 0 0 0 2 0 0 0 5 0 0 0 0 21 2 0 0 2 14 9 26 6 0 14 18 0 0 37 26 0 9 20 16 25 0 0 0 0 0 0 0 0 0 0 10 0 0 0 0 0 0 0 0 0 26 0 0 0 3 6 0 0 0 0 0 0 0 0 0 0 0 0 0 0 0 0 0 9 0 0 33 13 0 
 0 0 0 0 1 0 0 0 0 0 0 0 0 0 4 0 0 0 0 0 5 3 21 34 3 66 3 3 66 64 101 102 3 3 3 3 3 68 3 3 174 190 149 112 68 31 0 143 68 249 317 60 377 352 129 33 38 103 393 125 0 1 1 4 4 13 0 7 0 0 4 4 5 2 3 8 1 0 0 0 0 0 0 0 0 12 0 0 0 0 0 16 0 0 0 0 0 0 0 0 0 0 0 0 1 1 0 0 0 26 0 0 0 0 0 0 0 5 0 0 10 19 9 0 0 0 1 7 22 0 10 10 9 0 0 0 10 11 20 8 0 0 6 4 0 0 0 0 0 1 14 4 0 0 5 4 0 3 0 0 0 0 0 0 3 0 0 0 0 0 0 0 0 0 0 0 0 0 0 0 0 0 0 0 9 40 4 0 0 0 9 0 0 0 0 0 0 0 0 0 16 15 9 0 0 0 0 0 20 0 23 0 50 0 50 16 16 37 31 24 0 0 0 0 10 0 0 0 0 0 0 2 0 0 0 1 14 0 0 0 0 0 0 0 0 0 0 0 0 0 0 7 0 1 0 0 0 37 63 0 0 0 0 0 0 0 0 0 0 10 3 0 0 0 0 0 0 0 0 0 0 0 0 0 0 0 0 0 2 0 
 0 0 0 0 0 0 0 0 0 0 0 0 0 0 3 32 0 0 0 3 7 3 3 3 54 2 3 3 4 5 4 6 3 3 3 2 3 64 3 3 43 161 181 100 62 114 143 0 122 35 130 173 350 161 48 162 50 118 295 48 0 0 0 0 0 0 0 0 0 0 0 0 0 0 0 0 0 0 7 0 0 0 0 0 0 0 0 0 0 0 0 0 0 0 0 0 0 0 0 0 0 6 0 0 4 9 0 0 0 0 0 5 0 0 0 0 0 0 0 0 0 0 23 1 13 0 1 9 33 42 11 9 11 34 14 54 27 22 0 6 25 0 0 0 0 0 0 0 0 0 0 0 0 0 0 0 0 0 3 0 0 0 0 0 3 0 0 0 0 0 0 0 0 0 0 0 0 0 0 0 0 0 0 0 0 12 0 0 0 0 0 0 0 0 0 15 0 0 0 2 10 12 8 20 13 0 10 44 5 0 0 42 23 0 9 4 15 34 0 19 0 0 0 0 0 0 7 0 0 0 0 0 0 0 2 0 0 28 18 16 0 0 18 0 0 0 0 0 0 2 0 11 0 0 0 0 0 1 0 0 7 0 2 0 0 2 2 0 0 0 0 0 0 0 0 0 0 0 0 0 0 0 0 0 36 0 0 0 0 0 
 2 0 0 0 0 0 0 0 0 0 0 0 0 0 7 0 1 0 2 0 0 0 5 2 1 1 0 0 0 0 4 3 2 1 0 3 1 5 0 67 312 146 165 319 82 254 68 122 0 167 255 170 52 114 394 185 93 277 81 109 0 0 0 0 0 0 0 0 0 0 0 0 0 0 0 0 0 0 49 0 0 0 0 0 0 0 6 0 0 0 0 0 0 0 0 0 0 0 0 0 0 0 1 0 0 0 0 0 0 0 12 4 0 0 0 0 22 0 0 0 11 1 8 6 0 8 0 8 21 8 0 6 0 0 10 0 12 10 0 9 10 0 0 0 0 0 0 2 24 0 0 0 0 0 0 0 0 0 27 0 0 0 0 0 0 0 0 0 0 0 0 0 0 0 0 0 3 0 0 0 0 0 0 0 0 33 0 0 0 0 0 8 0 0 0 0 0 7 0 0 10 0 0 24 20 0 0 6 29 27 20 27 12 5 1 14 1 27 0 0 12 0 0 0 0 0 8 0 9 0 0 0 0 0 15 0 0 0 10 9 0 0 21 0 0 0 0 0 0 25 0 3 0 1 0 0 0 1 0 11 0 0 0 0 2 1 2 0 0 0 10 0 0 0 0 0 0 0 0 0 0 5 0 0 0 0 0 1 2 0 
 0 0 64 0 0 0 0 0 2 0 0 0 0 0 0 0 0 0 0 0 4 0 0 0 0 0 0 0 4 3 0 5 1 3 2 0 5 0 62 0 323 495 54 95 230 53 249 35 167 0 154 113 344 149 188 102 56 362 644 192 51 0 0 0 0 3 0 24 0 0 0 0 0 0 53 0 19 0 108 54 0 0 0 0 0 0 0 0 0 0 0 0 0 0 2 0 0 0 0 0 0 5 7 4 5 0 0 3 0 0 0 0 0 0 4 5 0 0 0 0 14 0 21 18 0 0 0 29 0 18 21 19 0 0 9 17 1 0 0 16 0 10 0 2 0 0 10 6 14 1 0 0 37 4 0 0 1 0 0 0 0 1 9 0 0 22 0 0 0 0 0 0 6 0 0 0 0 0 0 0 0 0 3 5 6 0 0 0 0 4 5 7 0 0 0 5 3 0 0 0 17 8 9 23 35 10 12 0 12 39 15 16 29 11 0 20 30 1 0 0 0 0 0 0 0 0 0 0 8 4 0 0 13 0 0 0 0 0 0 0 0 0 0 0 0 0 0 0 0 0 0 1 0 2 0 0 0 0 0 1 0 0 0 0 1 0 0 0 0 0 11 0 0 0 0 0 0 0 0 0 0 4 0 0 11 10 0 12 0 0 
 56 3 3 3 3 5 3 3 3 3 2 3 3 7 3 3 3 3 5 3 2 3 210 2 6 3 2 4 5 2 6 2 6 2 2 3 5 3 1 3 33 66 375 130 124 83 317 130 255 154 0 216 33 95 80 320 85 94 33 85 26 7 0 1 0 7 0 3 4 0 0 4 52 3 26 53 1 3 1 32 0 0 0 0 0 0 0 0 0 0 0 0 0 0 0 0 0 0 0 0 0 0 0 0 0 0 0 0 0 0 0 1 0 0 0 0 0 0 0 0 0 0 14 0 0 9 0 0 28 8 0 0 9 0 10 0 10 25 0 0 10 11 0 1 0 0 13 0 0 0 0 0 6 0 0 0 0 0 17 0 0 0 0 0 0 0 0 0 0 0 0 0 1 0 0 0 0 0 0 0 0 0 0 0 0 0 0 0 0 0 0 0 0 0 0 0 0 0 0 0 6 0 0 6 13 2 0 7 0 1 2 1 24 0 0 0 3 30 0 21 0 0 0 0 0 0 17 21 1 10 4 0 11 2 0 0 0 7 18 0 0 0 24 0 0 0 0 0 0 0 0 6 0 0 0 0 2 0 0 11 0 0 12 4 0 6 0 0 1 0 0 0 0 0 0 0 0 0 0 0 0 0 0 0 0 13 0 0 0 0 
 6 3 3 3 3 3 3 3 5 3 3 3 3 3 67 3 3 3 3 3 0 0 0 1 17 4 0 0 2 0 10 5 0 0 0 5 0 5 0 0 59 98 101 454 163 63 60 173 170 113 216 0 39 38 243 127 46 79 34 25 0 27 0 0 0 0 0 0 0 0 0 0 0 0 0 0 0 0 0 8 0 0 0 0 0 0 0 0 0 0 0 0 0 0 2 0 0 0 0 0 0 0 0 0 0 0 0 0 8 0 0 6 0 0 0 0 0 10 0 0 0 6 15 39 8 0 0 10 14 12 0 33 0 0 0 0 47 14 0 1 11 12 1 20 0 0 10 0 12 15 10 0 1 1 12 3 18 0 25 19 0 0 0 0 0 0 0 0 0 0 0 0 0 0 0 8 4 0 0 0 17 0 0 0 0 0 0 0 0 0 0 5 0 0 0 0 0 4 8 0 8 20 42 23 15 14 0 2 0 0 0 11 28 0 0 0 1 28 21 0 13 3 6 0 0 0 10 57 4 10 0 0 44 0 7 0 0 11 2 21 0 0 5 0 0 0 0 0 0 0 0 10 0 0 0 0 1 0 5 37 0 0 4 0 82 1 0 0 4 0 0 0 0 0 0 0 0 0 0 0 0 3 0 0 31 15 0 0 0 0 
 0 0 0 0 0 0 0 34 0 0 0 0 0 4 4 62 0 0 11 4 0 62 133 0 0 126 0 1 23 43 85 0 0 0 61 63 67 1 0 0 49 335 68 138 64 21 377 350 52 344 33 39 0 87 35 38 93 319 485 367 0 0 0 0 0 0 0 3 0 0 0 0 0 0 0 0 3 0 0 0 0 0 0 0 0 0 0 0 0 0 0 0 0 0 0 2 0 0 0 4 0 21 30 20 33 10 0 0 7 33 22 8 0 0 0 7 63 17 0 0 9 14 6 0 0 0 15 0 1 14 9 0 28 6 0 9 0 1 0 19 0 0 0 0 0 0 0 0 0 4 0 0 0 11 0 7 0 0 0 0 0 0 0 0 0 0 0 0 2 0 0 0 3 10 0 0 0 0 0 0 0 0 26 19 0 5 0 0 0 0 71 0 0 0 0 50 44 6 0 0 0 9 0 0 5 0 0 0 0 7 0 0 0 20 21 0 12 0 12 4 0 0 0 0 0 0 0 0 0 0 0 0 0 0 0 0 0 0 0 0 0 0 0 0 0 0 0 0 0 0 0 12 0 1 0 0 0 25 62 0 0 0 0 0 1 0 1 0 0 0 0 0 0 0 0 0 0 0 0 14 0 11 0 0 0 26 0 0 2 0 
 0 0 0 0 0 0 0 0 0 0 0 0 0 4 0 0 2 0 2 0 0 0 0 0 3 0 0 0 0 65 3 67 2 0 0 0 4 0 0 0 69 292 57 85 292 49 352 161 114 149 95 38 87 0 571 117 330 144 181 612 0 4 3 0 0 35 0 1 53 0 3 0 5 0 3 0 2 0 0 0 0 0 0 0 0 0 0 0 0 0 0 0 0 0 0 0 0 0 0 0 0 0 0 0 1 11 0 0 0 0 0 1 0 0 0 0 0 0 0 0 0 0 13 22 0 0 4 45 21 9 15 10 36 0 4 15 4 32 41 15 0 0 0 0 0 0 0 0 1 0 0 0 0 0 0 0 0 0 1 0 0 0 0 0 0 0 0 0 0 0 3 0 0 0 0 0 0 0 0 0 0 0 0 0 0 14 0 0 17 0 0 0 0 0 0 0 0 0 0 0 29 9 12 25 0 0 38 20 32 1 20 8 53 7 10 36 11 22 27 36 0 10 0 0 0 0 0 0 0 0 0 7 0 0 0 0 0 0 0 0 0 0 0 0 0 0 0 0 0 0 0 10 0 1 0 0 0 0 0 1 1 0 1 0 0 12 1 0 0 0 8 0 0 0 0 0 0 0 0 0 0 0 0 0 0 0 0 0 0 0 
 0 0 0 0 6 3 0 24 1 2 0 0 0 4 35 0 0 0 3 0 69 28 4 22 2 5 4 0 0 23 133 186 3 0 0 4 0 9 0 0 144 83 130 134 113 48 129 48 394 188 80 243 35 571 0 95 46 51 287 232 0 3 0 4 0 0 0 0 3 0 0 0 0 15 6 0 2 2 49 3 0 0 0 0 0 0 0 0 0 0 0 0 0 0 0 0 0 0 0 0 0 0 0 0 1 21 0 0 0 21 1 5 0 0 0 0 0 0 0 0 24 41 1 16 21 2 13 6 9 12 23 16 13 20 28 0 18 2 12 10 1 1 0 0 0 0 0 0 0 0 0 0 0 0 0 0 0 0 21 11 0 0 0 0 0 0 0 0 0 7 0 0 0 0 0 0 7 8 0 0 0 0 0 0 18 19 0 0 0 0 0 8 0 0 0 0 0 5 0 0 0 2 21 0 0 0 12 13 2 18 7 0 7 0 19 0 12 30 6 14 12 0 0 0 0 0 12 0 0 1 0 0 0 0 0 0 0 0 0 18 0 0 6 0 0 0 0 0 0 0 0 7 2 1 0 0 0 86 8 16 0 0 0 0 0 5 2 2 2 0 0 0 0 0 0 0 0 0 0 0 0 7 0 0 0 0 0 0 0 0 
 1 0 0 0 62 0 0 0 0 0 0 0 0 0 0 0 2 0 3 0 204 0 0 0 69 0 203 0 0 0 2 58 2 204 0 0 0 0 0 0 105 203 286 58 269 68 33 162 185 102 320 127 38 117 95 0 189 42 258 302 0 0 0 0 0 0 0 0 0 0 0 0 0 0 0 0 0 0 0 0 0 0 0 0 0 0 0 0 0 0 0 0 0 0 0 0 0 0 0 0 0 0 0 0 10 16 0 0 0 0 0 13 0 0 0 0 0 0 0 0 0 12 25 0 11 15 11 8 17 27 7 20 1 0 14 2 27 13 10 19 20 0 0 0 0 0 4 0 0 0 0 0 0 0 0 0 0 0 13 0 0 0 0 0 20 0 0 0 0 0 0 0 0 0 0 0 0 0 0 0 0 0 0 0 0 0 0 0 0 0 0 0 0 0 0 0 0 0 0 0 54 20 8 24 35 0 14 8 11 6 6 12 10 0 3 8 8 8 9 11 0 0 0 0 0 0 12 0 0 0 0 0 10 0 0 0 0 0 19 9 0 0 23 0 0 0 0 0 0 0 0 7 0 1 0 0 0 0 0 0 19 0 1 1 2 8 0 0 0 0 0 0 0 0 0 0 0 0 0 0 0 0 0 0 15 0 0 0 1 0 
 0 0 0 0 9 0 0 0 0 0 0 0 0 0 0 0 0 0 0 0 0 0 0 0 0 0 1 0 0 0 0 1 0 0 0 0 0 0 0 0 134 32 34 31 30 59 38 50 93 56 85 46 93 330 46 189 0 75 124 41 0 3 2 0 0 4 0 2 2 0 0 0 0 0 0 0 0 2 101 0 0 0 0 0 0 0 0 0 0 0 0 0 0 0 0 0 0 7 0 0 0 0 0 0 12 42 0 0 0 0 0 0 0 0 0 0 0 0 0 0 1 7 12 9 0 6 6 38 0 11 21 0 10 0 19 40 16 45 11 4 0 0 0 0 0 0 0 2 0 0 0 0 0 0 0 0 0 0 9 0 11 0 6 0 0 0 0 0 0 0 5 0 0 0 0 0 0 0 0 0 0 0 0 0 0 0 0 0 0 0 0 26 0 0 0 0 0 0 0 5 10 0 9 33 21 0 28 13 13 34 17 9 11 7 0 14 16 0 0 9 0 0 0 0 0 0 0 0 0 0 0 0 0 0 0 5 0 0 15 0 0 0 12 0 0 0 0 0 0 0 0 13 0 0 0 0 0 0 0 0 0 26 1 0 0 8 0 0 0 0 0 0 0 0 0 0 0 0 0 0 0 0 0 0 1 13 0 15 0 0 
 0 4 7 10 0 0 0 0 0 27 20 7 0 1 0 2 7 2 0 0 0 0 5 0 0 0 57 2 0 2 3 0 3 0 0 0 0 0 0 0 100 153 267 275 55 64 103 118 277 362 94 79 319 144 51 42 75 0 618 253 0 0 0 0 0 3 0 14 206 0 0 0 0 0 0 0 60 0 0 0 0 0 1 0 0 10 0 0 0 4 31 0 0 0 0 0 6 0 0 0 10 0 0 0 0 0 0 0 0 0 0 0 7 0 0 0 0 0 27 0 31 3 23 21 0 0 0 20 26 3 52 9 17 11 84 80 1 55 0 0 0 0 0 0 0 0 0 0 0 0 0 0 0 0 0 0 0 0 0 0 0 1 0 0 15 7 6 0 0 0 0 0 0 0 0 0 0 8 0 0 19 0 0 0 0 0 0 0 7 8 0 0 8 19 0 0 0 23 0 4 35 21 13 17 19 0 25 27 12 15 46 11 20 0 0 27 27 4 0 19 0 0 0 0 0 0 0 0 0 0 10 0 0 0 0 0 0 14 0 0 0 1 0 0 0 0 0 0 0 0 0 8 0 1 0 0 0 0 0 3 0 1 1 0 1 3 2 3 1 0 0 0 0 0 0 0 0 0 0 0 0 0 0 0 1 10 0 0 0 0 
 0 0 0 0 0 2 0 0 0 0 0 0 0 0 0 0 0 0 0 0 0 29 31 63 1 129 0 74 85 124 74 3 0 0 0 0 0 67 0 0 119 133 33 297 162 53 393 295 81 644 33 34 485 181 287 258 124 618 0 128 56 0 0 0 0 32 2 0 0 0 0 1 4 0 3 0 7 0 0 0 0 0 0 0 0 0 0 0 0 0 0 0 0 0 0 0 0 0 0 0 0 0 8 0 0 0 0 0 0 9 0 2 0 0 0 0 14 21 0 0 11 23 0 30 0 0 0 30 0 20 12 2 0 0 2 0 0 6 9 37 6 0 7 0 0 0 0 3 0 0 0 0 25 5 0 0 6 0 0 8 0 0 0 0 20 0 0 0 0 0 0 0 0 0 0 0 0 14 0 0 0 0 14 0 9 20 0 0 0 19 9 0 0 0 25 19 17 16 0 0 16 4 1 15 7 4 19 19 28 12 17 0 14 20 54 39 23 0 63 0 0 3 0 0 0 0 0 0 4 0 0 0 0 0 26 0 0 0 0 27 0 0 0 0 0 0 0 0 0 0 0 1 0 7 0 0 0 62 65 0 2 0 0 0 2 0 0 0 2 0 8 0 0 0 0 0 0 0 0 0 0 0 17 0 0 0 0 0 2 0 
 0 0 0 0 0 4 0 0 0 0 0 0 0 4 4 2 3 0 12 1 208 1 0 3 58 0 203 0 0 0 76 159 25 204 0 72 80 0 19 0 132 52 296 57 292 42 125 48 109 192 85 25 367 612 232 302 41 253 128 0 0 6 0 2 1 4 1 0 0 5 1 1 8 3 50 1 3 3 0 45 0 0 0 0 2 18 0 0 0 0 0 0 0 0 0 2 0 0 0 1 1 3 16 0 11 0 0 6 0 12 16 0 0 0 1 0 0 0 0 0 12 13 0 0 0 0 0 17 0 1 1 1 0 0 10 11 1 0 13 19 1 0 0 0 0 0 0 0 4 0 0 0 0 0 0 0 0 0 0 0 0 0 0 0 0 0 0 0 2 0 0 0 3 4 0 0 2 0 0 0 0 6 0 15 41 24 9 0 0 8 0 38 0 0 8 1 9 1 0 0 8 12 17 0 0 0 10 6 45 19 39 3 15 20 16 26 4 18 15 3 0 0 0 0 0 0 0 0 0 0 0 0 0 0 0 0 0 0 0 0 0 0 0 0 0 0 0 0 0 0 0 12 0 1 0 0 0 0 0 0 0 0 0 0 1 4 2 0 0 1 9 0 0 0 0 0 0 0 0 11 0 0 0 0 0 11 0 0 2 0 
 6 2 3 2 2 2 3 3 3 2 2 2 3 3 2 3 2 3 3 3 0 0 0 0 0 0 0 0 2 0 1 0 2 0 0 0 0 0 0 0 0 0 1 0 44 3 0 0 0 51 26 0 0 0 0 0 0 0 56 0 0 306 115 69 34 75 192 178 100 240 41 34 333 318 129 42 143 149 40 114 0 0 0 0 0 11 0 0 0 0 0 0 0 0 0 0 0 0 8 0 2 1 0 0 0 0 0 2 0 1 2 2 0 1 1 1 1 0 1 0 0 0 0 0 0 0 0 0 0 0 0 0 0 0 0 0 0 0 0 0 20 17 11 0 14 0 3 0 7 1 14 1 21 0 8 24 8 4 0 1 0 0 0 0 0 0 0 0 0 0 0 0 1 0 0 0 0 0 0 0 0 0 0 0 0 0 0 0 0 0 0 0 0 0 0 0 0 0 0 0 0 0 0 0 17 2 0 0 0 0 0 0 0 0 0 0 0 0 0 0 11 17 12 46 1 8 9 0 1 18 36 14 26 5 2 20 11 8 0 0 0 0 0 0 0 0 0 0 0 0 0 0 0 17 4 0 0 0 0 0 0 0 0 0 0 0 4 0 0 5 2 0 0 2 0 0 0 0 0 0 0 0 0 0 0 2 0 0 0 0 
