 0 196 345 52 85 44 278 268 359 261 50 88 49 108 371 252 163 743 123 355 0 0 0 0 4 1 2 0 0 0 0 0 3 2 2 2 0 1 91 0 0 0 0 0 0 0 0 2 2 0 1 0 1 0 3 0 0 4 0 3 3 3 0 0 2 6 0 0 0 2 0 0 3 0 20 0 0 0 3 33 0 43 0 1 42 0 9 9 13 1 27 0 8 11 43 20 29 11 11 26 0 2 9 0 0 0 17 0 0 0 0 0 18 0 0 0 0 0 11 19 0 0 0 0 0 1 0 0 0 0 0 0 0 0 0 0 0 0 0 0 0 0 0 0 0 0 0 0 0 0 0 0 0 0 0 0 0 0 14 0 1 1 25 10 3 15 12 9 0 33 0 1 0 39 19 0 47 0 2 0 0 0 0 0 0 0 0 0 0 0 0 0 21 0 0 0 0 0 0 16 0 0 1 0 0 0 0 0 0 0 0 0 0 0 0 0 0 0 0 0 1 0 0 0 0 0 6 0 0 2 0 0 0 0 1 0 0 0 0 0 0 0 0 0 0 0 0 2 0 0 0 5 0 0 2 0 0 0 0 0 0 0 0 0 0 0 0 0 0 0 0 0 0 0 0 15 0 0 0 0 0 0 0 0 0 0 0 0 0 0 
 196 0 158 68 139 360 244 202 39 166 156 150 42 44 136 52 138 36 247 51 0 0 3 207 2 2 2 0 2 1 3 2 3 2 2 0 22 0 4 2 0 0 0 0 0 64 0 1 2 1 2 0 0 0 3 0 0 0 0 2 2 0 0 0 0 0 0 1 0 2 0 0 3 0 12 0 0 0 3 0 12 24 15 23 2 18 22 59 50 11 0 2 0 0 1 42 24 38 9 0 0 0 0 0 0 0 27 0 6 0 0 2 0 0 0 0 0 0 11 0 0 0 0 0 0 0 0 0 0 0 0 0 0 1 0 2 0 0 0 0 0 0 0 0 0 0 0 2 0 0 0 2 0 2 0 0 0 0 0 0 0 4 50 5 6 10 7 0 15 28 0 33 0 0 23 10 14 0 0 0 0 0 0 0 0 0 12 0 0 0 0 0 12 15 2 0 0 0 18 0 1 0 0 0 0 0 0 0 0 0 0 0 0 0 2 0 0 0 0 0 0 0 0 0 0 0 0 0 0 0 0 0 30 0 0 0 0 0 0 0 0 0 0 0 0 1 2 0 0 1 0 3 0 0 0 0 0 0 0 0 0 0 10 0 0 0 0 0 0 0 0 2 0 0 0 0 15 12 0 0 0 0 0 0 3 0 0 0 0 0 
 345 158 0 256 202 43 422 565 255 278 85 547 339 299 219 154 201 432 444 256 0 0 0 0 2 0 0 0 0 0 0 0 3 2 2 0 0 0 0 0 0 0 0 0 0 0 0 0 3 0 0 1 1 0 3 2 0 0 0 2 2 0 0 0 0 0 0 3 0 2 0 0 3 0 0 0 0 0 3 0 14 20 17 25 15 0 0 10 10 0 31 55 2 13 20 0 30 26 19 9 0 0 5 0 0 1 18 1 0 0 0 0 19 0 0 0 0 0 21 0 0 0 0 0 0 0 0 0 0 0 0 0 0 0 0 0 0 0 0 2 0 0 0 0 0 0 0 0 0 0 0 4 0 0 0 0 0 0 0 0 12 7 1 10 0 0 2 15 0 0 0 0 14 0 11 14 19 47 20 22 0 0 0 0 0 2 0 0 0 0 0 0 0 1 0 0 0 0 13 18 0 0 0 0 0 0 0 0 0 0 29 0 0 0 0 0 0 0 0 6 0 0 1 0 0 0 0 0 1 0 0 0 0 0 0 0 0 0 0 0 0 22 0 0 0 4 2 2 0 2 16 18 0 1 0 0 0 0 0 0 2 0 14 0 0 0 0 0 0 0 0 0 0 0 0 0 14 11 0 0 0 0 0 0 0 0 0 0 0 0 
 52 68 256 0 144 363 70 395 371 312 151 151 46 67 195 378 58 144 67 278 76 0 0 3 5 1 95 0 0 2 3 0 95 2 86 2 2 2 0 1 0 0 0 0 3 3 0 0 0 0 34 3 2 0 3 0 3 3 0 2 2 0 0 0 0 2 0 2 0 2 0 2 3 0 0 0 0 1 3 0 0 12 20 11 34 35 1 45 13 55 78 59 0 0 0 11 12 0 0 2 11 0 0 0 0 0 14 38 0 0 0 0 26 19 14 13 10 0 18 0 0 0 0 0 0 0 0 0 0 0 0 0 14 0 0 0 0 0 0 0 0 0 0 0 0 9 0 0 0 0 0 3 0 0 0 0 0 0 0 0 3 13 16 27 14 8 0 0 0 0 5 2 0 0 4 15 0 12 0 14 14 0 0 16 0 0 11 0 21 0 0 0 0 15 0 0 0 0 41 46 0 0 0 0 0 0 0 0 0 0 0 0 15 0 0 0 0 0 0 0 0 0 0 0 0 0 0 0 0 0 0 0 0 0 0 0 0 0 0 0 0 0 0 0 0 0 6 0 0 148 21 7 12 0 0 0 1 0 0 0 0 0 0 0 0 0 0 0 0 0 0 0 0 0 0 0 33 0 0 0 0 0 0 0 0 0 0 0 0 0 
 85 139 202 144 0 86 51 223 235 72 197 289 85 90 158 191 124 64 63 60 73 0 0 0 2 0 0 0 0 0 0 0 15 75 81 0 0 0 73 24 0 0 0 0 0 0 63 2 1 0 0 0 2 0 3 0 0 0 0 3 3 1 0 0 0 0 0 0 0 2 0 0 3 51 1 0 0 0 3 0 0 20 0 1 49 21 0 8 0 21 15 0 0 0 0 9 12 0 0 0 0 6 9 0 0 0 12 14 11 0 0 0 17 10 0 32 9 2 22 16 0 0 0 1 0 0 0 0 0 0 0 0 0 0 0 0 0 0 0 0 0 0 0 0 0 1 0 0 0 0 0 2 0 0 0 0 0 0 0 0 4 11 23 45 22 12 9 0 0 16 0 0 0 0 12 15 11 19 0 31 15 2 0 10 0 0 13 14 0 0 0 0 0 13 0 0 1 0 1 26 0 0 0 0 0 0 0 1 0 0 0 0 0 0 0 0 0 0 0 0 0 0 0 0 0 0 0 0 0 0 0 0 0 0 0 0 0 2 0 0 0 0 0 0 0 3 14 2 4 2 21 1 0 0 0 0 0 0 0 0 0 0 0 0 0 0 0 0 0 0 0 0 0 0 0 0 22 0 0 0 0 0 0 0 0 0 0 0 0 0 
 44 360 43 363 86 0 121 35 132 76 176 195 40 349 72 234 79 336 60 254 1 84 0 0 2 0 96 77 0 0 44 0 241 2 2 0 0 1 40 75 0 0 0 0 0 1 0 0 0 2 0 1 2 0 3 0 1 0 1 2 2 0 0 0 53 0 0 3 0 2 0 0 3 0 42 0 0 0 3 0 0 0 11 20 9 40 0 9 2 5 11 61 0 16 15 18 10 10 0 0 3 25 0 0 0 2 37 2 25 10 13 16 27 30 25 0 4 10 0 31 0 0 0 0 2 0 0 0 0 0 0 0 0 0 0 0 16 0 0 0 0 0 0 0 0 0 0 0 1 0 0 0 0 0 0 0 0 0 0 0 0 13 16 1 20 23 0 0 0 12 9 0 0 0 29 0 21 0 0 0 0 10 11 0 0 0 9 0 1 15 0 0 36 1 14 10 0 9 1 1 0 0 0 0 0 0 0 0 0 0 0 0 0 0 0 1 0 0 2 0 0 0 0 0 0 0 0 0 1 0 0 0 0 0 11 0 0 0 0 0 0 0 0 0 0 0 89 1 0 173 0 21 5 0 0 0 0 0 0 0 0 0 0 0 0 0 0 0 0 0 0 0 0 0 0 24 0 1 0 0 0 0 0 0 0 0 0 0 0 0 
 278 244 422 70 51 121 0 200 46 91 163 122 292 519 35 144 128 250 124 38 5 0 3 0 4 0 0 0 6 2 2 6 3 2 4 79 0 3 0 0 0 0 0 0 0 59 2 3 0 28 9 0 4 0 9 0 0 3 0 4 2 0 0 0 0 0 0 1 0 6 0 0 3 3 2 6 0 3 3 1 14 1 35 0 0 4 8 1 10 0 0 0 0 0 19 1 52 1 58 21 0 0 0 0 0 0 2 0 0 0 0 0 31 0 0 0 0 0 10 18 0 0 0 0 0 0 0 0 0 0 0 0 0 0 0 0 0 0 0 21 2 0 0 0 0 0 0 0 0 0 0 0 0 0 0 7 0 0 0 0 2 12 20 0 30 9 23 0 10 11 0 21 29 16 8 0 0 0 0 2 0 0 1 0 0 0 0 0 0 0 0 0 20 0 0 0 0 0 0 0 0 0 0 0 0 0 1 0 0 0 0 0 0 0 0 0 0 0 0 0 0 0 0 0 0 0 0 0 0 0 0 0 0 0 0 0 1 5 0 0 0 0 0 0 2 1 0 0 2 2 0 9 0 0 0 2 0 0 0 0 0 0 0 0 0 0 0 0 0 0 0 1 0 0 0 10 46 0 0 0 0 0 0 0 0 0 0 0 0 0 
 268 202 565 395 223 35 200 0 337 39 348 25 183 330 398 274 115 54 176 493 0 0 0 2 2 0 0 0 0 0 0 0 3 2 2 0 0 0 91 0 0 0 0 0 0 0 0 0 2 0 0 0 0 0 3 0 0 0 0 2 2 0 0 0 0 0 0 2 0 2 0 0 3 0 9 0 0 0 3 0 27 34 24 1 15 0 0 22 40 11 31 0 33 0 2 14 10 0 15 21 0 0 0 0 0 0 0 17 0 0 0 0 0 0 0 0 0 0 29 0 0 0 0 0 0 0 0 0 0 0 0 0 0 0 0 0 0 0 2 0 0 0 0 0 0 0 0 0 0 0 0 0 0 0 0 0 4 0 16 0 13 2 28 9 0 0 11 8 1 21 11 1 10 12 10 0 9 2 21 1 0 0 0 1 0 0 0 0 2 0 0 0 0 0 0 0 0 0 0 38 0 0 0 0 0 0 0 0 0 0 0 0 0 0 0 0 1 0 0 0 0 0 0 0 0 0 13 0 1 0 0 2 0 0 0 0 0 0 2 0 0 0 0 0 0 2 0 2 4 2 0 6 0 0 0 0 0 0 0 0 0 0 0 0 0 0 0 0 0 2 0 0 0 0 0 0 1 0 0 0 0 0 0 0 0 0 0 0 0 0 
 359 39 255 371 235 132 46 337 0 86 124 19 205 106 153 105 23 55 104 149 0 0 0 0 2 2 4 0 0 0 2 0 5 2 2 0 0 0 0 107 0 0 0 0 0 1 0 1 2 1 0 0 0 0 3 0 1 0 0 2 2 0 0 0 0 1 0 1 0 2 0 0 3 0 1 0 0 0 3 0 34 31 32 16 0 6 0 8 23 25 21 7 24 9 11 33 20 2 10 50 0 0 0 0 0 0 0 17 0 0 16 0 0 0 0 0 0 0 2 0 0 0 0 0 0 0 0 0 0 0 0 0 0 0 0 0 0 0 0 0 0 0 0 0 0 0 0 0 0 0 0 0 0 0 0 0 0 0 15 0 10 0 11 0 22 0 0 18 21 0 0 0 0 29 5 35 0 26 29 12 0 12 0 0 0 0 0 1 0 0 2 0 0 0 0 0 0 0 12 7 0 0 0 0 0 0 0 0 0 0 0 0 0 0 0 0 0 0 0 0 0 0 0 0 0 0 0 0 0 0 0 0 0 0 0 0 0 0 0 0 0 0 0 0 0 0 1 2 0 17 1 10 0 0 0 0 0 0 0 0 0 0 0 0 0 0 0 0 0 0 0 0 0 0 0 1 1 0 0 0 0 0 0 0 0 0 0 0 0 0 
 261 166 278 312 72 76 91 39 86 0 184 174 529 160 313 334 75 397 84 307 39 0 2 207 2 0 73 0 74 2 0 0 3 2 2 0 1 1 0 0 0 0 0 0 0 31 0 2 0 0 0 0 2 29 3 0 0 0 0 3 3 1 0 10 11 10 0 0 0 2 10 4 3 0 1 1 1 1 3 0 34 12 34 3 0 10 17 2 29 0 19 33 1 0 24 0 9 2 11 19 0 0 1 0 0 0 12 2 0 0 1 0 0 0 0 16 0 0 26 0 0 0 0 0 0 0 0 0 0 0 0 2 0 0 0 0 0 0 0 1 0 0 0 0 0 0 0 0 1 2 0 0 0 0 0 0 0 0 0 0 10 0 7 0 7 8 0 14 1 0 0 15 0 19 0 0 0 10 10 10 0 0 0 0 0 1 13 0 9 0 0 0 13 0 0 0 0 0 17 45 0 0 0 0 0 0 0 0 2 0 0 0 0 0 0 0 0 0 0 0 0 0 0 0 0 0 0 0 2 0 0 0 0 0 0 0 0 0 0 0 0 36 0 0 0 1 0 0 89 1 0 18 0 0 0 0 0 0 0 0 0 0 0 0 0 0 0 0 0 0 0 0 0 0 0 0 10 0 0 0 0 0 0 0 0 0 0 0 0 0 
 50 156 85 151 197 176 163 348 124 184 0 158 26 17 150 200 116 62 40 50 0 0 2 0 4 0 75 0 0 0 0 3 79 2 40 1 0 1 0 0 0 0 0 1 0 64 0 9 2 0 0 1 0 0 3 0 0 0 0 8 2 0 0 0 0 0 0 3 5 2 2 0 3 0 0 0 0 0 3 0 2 37 14 27 22 10 14 0 14 0 33 28 0 7 25 16 21 1 10 14 0 1 0 0 0 0 35 0 0 0 0 0 11 0 0 0 0 0 0 11 0 0 0 0 0 6 0 0 0 0 0 0 1 0 0 0 1 0 0 0 0 0 0 0 2 0 0 0 3 0 0 0 0 0 0 11 0 0 0 0 5 29 0 13 21 6 11 0 15 5 19 17 0 1 0 36 0 0 3 15 0 0 0 8 0 0 0 0 15 0 0 0 0 0 0 0 14 0 22 0 0 0 1 9 0 0 0 0 0 0 0 0 0 2 0 0 0 0 0 0 0 10 0 27 1 2 0 0 0 0 1 0 0 0 5 0 0 0 0 0 0 0 0 0 0 4 2 0 3 91 21 13 9 0 0 0 0 0 0 0 0 0 0 0 0 0 0 0 0 0 0 0 0 0 0 1 41 0 0 0 0 0 0 1 0 0 0 0 0 0 
 88 150 547 151 289 195 122 25 19 174 158 0 108 135 30 208 92 425 25 236 74 1 0 0 2 0 83 76 2 0 0 0 3 2 93 0 0 0 74 0 0 0 0 0 0 0 0 1 2 0 0 0 0 0 3 0 0 0 0 2 2 0 0 50 0 0 0 1 0 2 0 0 11 0 0 0 0 0 3 0 13 9 34 46 13 32 0 0 27 41 30 52 0 0 66 0 12 10 0 0 11 10 0 0 0 66 36 1 0 0 0 0 32 0 11 6 0 0 56 18 0 0 0 0 0 0 0 0 0 0 0 0 0 0 0 0 0 0 0 0 0 0 0 0 0 0 0 0 0 0 0 0 0 0 0 4 0 11 0 0 6 28 24 1 32 3 3 0 0 12 5 19 0 0 21 0 15 0 0 0 0 10 0 1 0 0 9 0 69 0 7 0 45 0 0 0 0 0 36 35 0 0 0 0 0 0 1 0 0 0 0 0 0 0 0 0 0 0 0 0 0 0 10 0 0 0 0 0 28 0 0 0 0 0 0 0 0 0 22 0 0 11 0 0 0 3 3 4 96 50 2 29 16 0 0 0 0 0 0 0 0 0 0 0 0 0 0 0 0 0 0 0 0 0 0 13 0 11 0 0 0 0 0 0 0 0 0 0 0 0 
 49 42 339 46 85 40 292 183 205 529 26 108 0 116 151 55 28 340 514 414 10 2 5 3 7 0 3 2 2 2 1 0 3 5 4 4 0 2 3 2 0 0 0 2 0 69 0 1 4 2 0 0 1 0 3 3 6 1 0 2 2 0 0 1 4 3 0 1 0 2 4 0 3 0 0 0 0 0 3 0 32 23 11 13 0 36 24 26 23 0 0 16 0 7 16 0 0 10 3 0 0 0 0 0 0 0 0 0 0 0 0 0 1 0 0 0 0 0 0 0 0 0 0 0 0 0 0 0 0 0 0 0 1 0 0 0 1 1 0 0 0 0 0 17 2 0 0 0 0 2 0 0 10 0 0 0 3 0 0 0 8 0 0 0 0 4 0 24 15 0 10 0 57 6 21 0 9 11 15 39 0 0 0 0 0 0 0 0 0 0 0 0 0 0 0 0 0 0 13 1 0 0 0 0 0 0 0 0 0 0 0 0 0 2 0 0 0 0 0 0 0 0 0 0 0 1 0 0 0 0 1 0 0 0 2 0 0 0 0 0 0 39 0 0 0 3 0 0 0 1 1 8 0 0 0 0 0 0 0 0 0 0 0 0 0 0 0 2 0 0 0 0 0 0 0 0 31 0 0 0 0 0 0 0 0 0 0 0 0 0 
 108 44 299 67 90 349 519 330 106 160 17 135 116 0 81 171 70 183 142 252 0 0 0 0 2 0 1 0 0 0 2 0 3 16 2 0 75 1 0 0 0 0 0 0 0 0 0 0 18 0 0 0 0 0 3 3 64 0 0 2 2 0 0 0 0 0 0 2 0 2 0 0 3 0 0 0 0 0 3 0 15 1 0 10 0 0 23 19 2 0 0 21 1 10 31 0 10 11 0 0 1 0 0 0 0 2 14 1 0 0 0 0 9 0 0 0 2 0 0 15 0 0 0 0 2 0 0 0 0 0 0 0 0 17 0 0 0 0 0 0 0 0 0 1 0 0 0 0 1 0 0 0 0 0 0 0 0 0 0 0 4 0 33 0 13 0 10 20 19 31 19 0 0 0 18 0 58 15 0 18 0 0 0 0 0 0 0 0 0 0 0 0 7 2 0 0 0 0 9 0 0 0 0 0 0 0 0 0 0 0 0 0 0 0 0 1 0 0 2 0 0 0 0 1 0 0 0 22 0 1 0 0 0 0 0 0 0 0 0 0 0 20 0 0 0 4 0 0 0 0 0 12 0 0 0 0 0 0 0 0 0 0 0 0 0 0 0 0 0 0 0 0 0 0 0 13 0 0 0 0 0 0 0 0 0 0 0 0 0 1 
 371 136 219 195 158 72 35 398 153 313 150 30 151 81 0 87 128 61 134 321 2 4 0 0 2 0 0 5 0 0 0 63 3 2 3 0 5 0 0 0 0 2 0 0 0 0 0 1 2 0 2 0 0 0 3 0 0 2 64 2 2 0 0 0 0 5 0 5 0 2 0 0 3 0 0 0 0 0 3 0 28 4 21 0 0 0 16 25 24 1 9 0 20 21 0 3 13 11 22 31 0 0 0 0 0 0 0 0 0 0 0 0 0 0 0 0 1 0 0 0 0 0 0 0 0 0 0 0 0 20 0 0 0 0 0 0 0 0 0 0 0 0 0 0 0 0 0 0 0 1 0 0 1 0 0 0 16 0 14 0 9 0 0 0 0 0 0 29 34 22 11 0 17 17 24 7 10 10 1 40 0 0 0 0 0 0 0 0 0 0 0 0 0 20 0 0 0 0 0 0 0 0 0 0 0 0 0 0 0 0 0 0 0 0 0 0 0 0 0 0 0 0 0 0 0 0 0 0 0 0 0 0 0 0 0 0 0 0 0 0 0 0 0 0 0 2 0 0 1 0 4 6 0 0 0 0 0 0 0 0 0 0 4 0 0 0 0 0 0 0 0 0 0 0 0 0 2 0 0 0 0 0 0 0 0 0 0 0 0 0 
 252 52 154 378 191 234 144 274 105 334 200 208 55 171 87 0 277 274 215 249 0 0 2 0 2 0 0 0 0 2 0 2 10 2 2 6 0 0 95 0 0 2 0 0 0 68 0 1 2 0 0 0 84 0 5 0 6 0 0 2 2 0 0 0 1 0 0 0 0 5 0 0 3 0 2 3 0 0 6 0 16 66 0 12 11 17 71 8 27 8 12 14 19 0 33 0 5 1 10 10 10 0 0 0 0 2 1 1 0 0 0 0 44 0 0 0 2 0 0 21 0 0 0 0 2 0 0 0 0 0 0 0 0 0 0 0 0 0 0 0 0 0 0 0 0 0 0 0 0 0 0 0 0 0 0 10 0 0 16 0 19 25 4 14 19 1 14 3 50 45 23 0 0 11 12 6 33 0 0 16 0 0 0 1 0 0 0 0 0 0 0 0 35 0 0 0 0 0 12 21 0 0 0 0 0 0 0 0 0 0 0 0 0 0 0 1 0 10 2 0 0 0 1 0 0 0 0 0 0 0 0 0 0 0 0 0 0 0 0 0 0 15 0 0 0 0 0 0 0 6 0 5 11 0 0 0 0 0 0 0 0 0 5 0 0 0 0 0 0 0 0 0 0 0 0 21 23 0 0 0 0 0 0 0 0 0 0 0 0 0 
 163 138 201 58 124 79 128 115 23 75 116 92 28 70 128 277 0 66 184 199 0 3 0 0 4 1 75 1 1 0 1 0 6 4 2 0 0 5 4 2 0 0 0 0 0 0 0 0 2 0 8 1 1 0 14 2 0 0 0 2 2 0 0 0 0 1 0 3 0 5 0 0 3 0 6 3 0 0 3 0 0 31 2 0 15 0 35 18 12 13 0 2 2 6 29 20 48 12 72 22 0 0 0 0 0 0 1 0 0 0 0 0 0 0 0 0 0 0 13 0 0 0 0 0 0 0 0 0 0 0 0 0 0 0 0 1 0 0 0 0 0 0 0 0 0 2 0 2 0 0 0 7 0 0 0 0 0 15 0 0 0 0 3 27 0 0 13 24 17 15 11 14 0 0 28 14 15 20 0 0 16 0 0 0 0 37 0 0 0 0 1 0 0 14 0 0 0 0 0 1 0 0 0 0 0 0 0 0 0 0 0 0 0 0 10 0 0 0 0 0 0 0 0 0 0 0 0 0 0 0 0 0 0 0 3 0 0 0 0 0 0 0 0 0 0 0 2 0 10 0 0 4 0 0 0 0 0 0 0 0 0 0 82 0 0 0 0 0 0 12 0 0 0 0 0 0 0 37 0 0 0 0 0 0 0 0 0 0 0 0 
 743 36 432 144 64 336 250 54 55 397 62 425 340 183 61 274 66 0 242 44 49 2 0 0 6 0 76 0 3 0 0 0 32 2 4 0 1 4 77 37 0 0 0 2 0 3 0 2 2 2 0 0 64 0 3 0 3 1 0 2 2 0 0 1 2 0 0 1 0 2 1 0 3 0 0 0 0 0 3 0 11 9 34 35 10 45 11 8 15 9 33 38 0 0 24 17 9 10 0 0 11 0 0 0 0 1 28 3 0 0 0 0 32 0 0 14 1 0 17 20 0 0 0 0 0 0 13 0 0 8 0 0 0 0 0 0 0 0 0 0 0 0 0 0 0 0 0 0 3 0 0 0 0 0 0 0 0 0 10 0 6 9 10 12 9 1 0 0 0 32 1 15 0 0 24 0 37 0 0 0 0 0 0 0 0 0 0 0 11 0 0 8 39 2 0 0 0 0 26 49 0 0 0 0 0 0 0 0 0 0 0 0 0 0 0 2 0 0 0 0 0 0 1 0 0 0 0 0 0 0 0 0 0 0 0 0 0 0 0 0 0 9 0 0 0 2 2 0 88 7 1 15 10 0 0 0 0 0 0 0 0 0 3 0 0 0 0 0 0 0 0 0 0 0 0 19 0 0 0 0 0 0 0 0 0 0 0 0 0 0 
 123 247 444 67 63 60 124 176 104 84 40 25 514 142 134 215 184 242 0 337 0 0 2 0 2 0 0 0 0 0 0 0 3 2 2 0 0 4 0 0 0 0 0 0 0 2 61 1 0 0 0 0 2 0 5 0 0 0 0 2 2 0 0 0 0 0 0 0 0 2 0 0 3 0 3 0 0 0 3 0 11 11 0 22 0 0 10 11 18 0 0 11 12 56 33 19 16 0 7 16 0 0 0 0 0 0 0 0 0 1 0 0 0 0 0 0 0 0 0 0 0 0 0 0 0 0 0 0 0 7 0 0 0 0 0 0 0 0 0 0 0 0 0 0 0 0 0 11 0 0 0 0 0 0 0 0 1 0 2 0 1 0 0 18 0 0 9 44 19 0 9 1 12 14 0 16 15 33 20 10 0 0 0 0 0 0 0 0 0 0 0 0 0 0 0 0 0 0 0 0 0 0 0 0 0 0 2 0 0 0 0 0 0 0 0 0 0 0 0 0 0 0 0 0 0 0 0 0 0 0 0 0 0 0 0 0 0 0 0 2 0 0 0 0 0 0 0 0 0 0 2 22 0 1 0 0 0 0 0 0 0 0 0 0 0 0 0 0 0 0 0 0 0 0 0 1 5 0 0 0 0 0 0 0 0 0 0 0 0 0 
 355 51 256 278 60 254 38 493 149 307 50 236 414 252 321 249 199 44 337 0 0 0 2 0 2 0 0 0 2 0 1 0 4 2 2 0 0 0 73 0 0 0 0 0 0 0 0 0 0 0 0 1 2 0 3 2 0 0 0 2 2 0 0 0 0 0 0 3 0 2 0 0 3 0 0 0 0 0 3 32 14 21 10 0 0 0 11 30 27 0 0 0 13 64 26 13 14 0 15 0 13 0 0 0 0 0 0 0 0 0 0 0 0 0 0 0 0 0 0 0 0 0 0 0 0 0 0 0 0 0 0 0 0 0 0 0 0 0 0 0 0 0 0 0 14 0 0 0 0 0 0 0 6 0 0 0 3 0 0 0 9 0 0 0 0 0 13 47 20 9 14 0 23 0 14 12 2 23 16 27 0 0 0 0 0 0 0 0 0 0 0 0 0 45 0 0 0 0 0 0 0 0 0 0 0 0 0 0 0 0 0 0 0 0 0 0 0 0 0 0 0 0 0 0 0 0 0 0 0 13 0 0 0 0 0 0 0 0 0 14 0 1 0 0 0 2 0 0 2 0 0 13 0 0 0 0 0 0 0 0 0 0 12 0 0 0 0 0 0 0 0 0 0 0 0 0 0 0 0 0 0 0 0 0 0 0 0 0 0 0 
 0 0 0 76 73 1 5 0 0 39 0 74 10 0 2 0 0 49 0 0 0 478 145 444 34 305 206 146 184 154 105 196 363 151 57 451 74 202 41 137 3 3 0 0 0 2 0 0 2 0 0 0 1 0 0 0 0 0 2 0 3 0 1 0 0 0 0 0 0 0 0 0 0 3 0 0 3 0 3 0 0 0 0 2 2 28 0 0 0 1 0 25 0 0 0 0 0 0 0 0 23 0 14 24 0 0 29 6 17 11 33 9 8 26 0 28 15 21 0 11 0 2 0 0 0 0 0 0 0 0 0 0 0 0 0 0 0 3 0 14 0 0 0 0 0 3 0 0 0 0 0 0 0 0 0 0 0 0 0 0 0 0 0 1 8 14 0 0 0 0 0 20 0 0 0 0 2 11 0 0 1 33 11 13 1 0 15 0 14 27 8 11 0 25 25 22 19 24 8 17 0 0 0 0 0 0 0 0 0 0 0 0 0 0 0 0 0 0 0 0 0 0 13 0 0 0 0 1 0 0 0 0 40 0 0 0 0 0 0 0 0 0 0 0 0 0 73 0 88 0 0 0 0 0 5 21 0 0 77 3 9 2 0 0 0 0 0 0 0 0 0 0 0 0 0 0 0 0 0 0 0 0 0 0 0 0 0 0 0 0 
 0 0 0 0 0 84 0 0 0 0 0 1 2 0 4 0 3 2 0 0 478 0 128 80 26 99 74 119 142 195 124 317 164 44 31 191 253 342 39 118 5 61 1 6 3 0 0 3 1 2 0 0 64 0 7 3 2 0 62 0 0 0 3 0 3 2 0 0 0 0 2 3 0 3 0 0 1 2 1 0 0 0 0 0 0 0 0 0 0 0 0 0 0 0 0 0 0 0 0 0 13 13 0 7 0 1 0 0 11 0 21 1 0 10 1 21 0 0 0 10 0 0 0 0 0 0 0 3 0 0 0 0 19 0 0 0 0 0 29 11 0 0 0 0 0 0 0 0 0 0 0 0 0 0 0 0 0 0 0 0 0 0 0 0 1 0 0 0 0 0 0 0 0 0 0 0 0 0 5 0 23 20 23 31 7 0 0 21 12 26 13 0 0 14 31 41 22 40 4 0 9 0 0 0 0 0 4 0 0 0 0 0 0 8 0 1 0 0 12 22 0 0 0 0 0 0 0 0 29 0 0 0 0 0 0 0 0 0 0 0 0 0 0 0 20 0 0 0 1 0 0 0 0 0 4 0 0 10 82 2 1 0 2 0 0 0 0 0 0 0 0 0 0 19 0 0 0 0 0 0 0 0 0 0 0 0 0 0 0 0 
 0 3 0 0 0 0 3 0 0 2 2 0 5 0 0 2 0 0 2 2 145 128 0 295 70 54 259 451 114 197 31 165 49 345 331 195 223 78 165 340 4 6 0 0 0 0 0 0 0 4 59 0 63 2 4 0 84 0 65 66 0 0 3 0 0 3 0 3 3 2 0 0 0 3 2 3 0 1 2 3 0 0 0 0 0 0 0 0 0 0 0 0 0 0 0 1 0 0 2 3 12 10 35 20 24 1 15 0 0 48 18 26 25 1 6 0 13 0 0 0 0 0 0 0 0 0 18 0 0 0 0 0 0 0 0 0 10 0 11 31 0 0 0 0 0 0 0 0 0 0 0 0 0 0 0 0 0 0 0 0 3 0 0 0 0 0 0 0 22 0 0 0 0 0 0 0 0 0 3 0 1 15 53 0 0 19 0 34 76 0 8 24 29 10 14 29 0 28 0 0 0 0 2 0 0 0 0 0 0 0 0 0 8 13 0 0 2 0 13 0 0 0 0 1 0 0 0 0 0 0 0 0 0 0 0 0 0 0 0 0 0 0 0 0 0 0 0 0 2 0 0 0 0 0 8 0 0 2 1 0 4 0 0 0 0 2 48 0 0 0 0 0 0 0 2 0 0 33 0 19 0 0 0 0 0 0 1 0 0 0 
 0 207 0 3 0 0 0 2 0 207 0 0 3 0 0 0 0 0 0 0 444 80 295 0 144 121 84 108 199 237 187 125 93 142 81 370 461 169 91 261 2 3 0 0 0 0 0 0 1 0 0 0 8 0 0 0 0 0 0 0 18 0 3 0 0 0 0 2 0 0 0 0 0 3 0 0 5 0 1 0 0 0 0 0 0 0 0 0 42 0 0 0 0 0 0 0 0 0 0 0 43 0 26 21 13 23 0 69 26 1 28 10 0 16 0 10 10 29 0 0 41 3 0 0 2 0 15 0 0 7 0 0 0 14 15 0 0 0 0 23 0 7 0 0 0 0 0 0 0 0 6 0 0 0 0 0 0 0 0 0 0 0 0 0 0 0 0 0 0 0 0 0 0 0 0 0 2 0 0 0 51 6 84 0 13 9 14 19 0 9 32 10 0 1 9 25 35 12 1 0 1 19 0 0 0 0 9 8 11 1 0 0 10 0 0 0 0 0 25 25 0 0 0 0 0 0 0 2 23 0 0 0 0 0 0 0 0 0 0 0 0 0 21 0 0 0 0 0 0 0 0 0 0 0 3 1 2 75 1 2 5 15 0 0 0 0 0 0 0 0 0 0 0 0 0 0 0 0 0 0 0 14 0 0 0 0 0 0 0 0 
 4 2 2 5 2 2 4 2 2 2 4 2 7 2 2 2 4 6 2 2 34 26 70 144 0 228 242 59 285 104 137 290 107 293 59 114 139 69 59 56 23 147 0 0 0 0 62 0 0 0 0 0 123 0 66 0 1 0 0 0 0 0 2 0 0 0 0 0 0 0 0 0 0 3 0 0 0 0 3 0 0 1 0 0 0 0 0 0 0 0 0 0 0 0 9 0 0 0 0 0 1 0 0 10 40 36 0 0 0 0 0 3 0 0 0 0 0 0 0 0 44 10 0 14 0 0 0 14 12 3 3 0 11 8 28 10 0 16 13 9 0 0 0 0 0 0 0 0 0 0 0 0 0 0 0 0 1 0 0 0 0 0 0 0 0 0 0 0 0 0 0 0 0 0 0 0 0 0 0 0 0 0 0 0 31 6 0 1 0 0 3 0 0 0 0 0 0 0 0 0 46 19 47 21 0 0 4 14 14 0 14 0 38 36 8 32 0 24 20 0 0 0 0 0 0 0 0 0 0 0 0 0 0 0 0 0 0 0 0 2 0 0 10 0 0 0 0 0 0 0 0 0 0 0 3 3 2 77 0 11 0 5 0 0 0 0 15 0 0 0 0 0 0 0 0 0 0 0 0 0 0 0 0 0 0 0 1 0 0 0 
 1 2 0 1 0 0 0 0 2 0 0 0 0 0 0 0 1 0 0 0 305 99 54 121 228 0 35 118 43 39 148 222 33 54 74 114 61 164 40 59 127 103 0 0 0 0 19 3 3 0 0 0 8 212 1 212 1 0 19 328 0 0 3 0 0 0 0 0 0 0 0 0 6 6 0 0 0 0 0 0 0 0 0 0 0 0 0 0 0 0 0 14 0 0 0 0 0 0 0 0 2 0 0 40 36 0 0 0 0 0 24 9 0 0 0 0 14 0 0 0 3 1 10 56 0 0 0 1 0 0 0 0 10 21 26 0 21 0 23 36 0 0 0 0 2 0 0 0 0 0 0 0 0 0 0 0 0 0 0 0 0 0 0 0 0 0 0 0 0 0 0 0 0 0 0 0 0 0 1 0 0 3 14 13 16 39 0 0 12 3 15 0 0 1 20 22 3 8 0 0 0 19 12 0 0 4 36 28 11 0 6 0 37 12 70 0 12 1 14 14 0 0 0 0 0 0 0 0 0 0 0 0 0 0 0 1 0 0 0 0 0 0 7 0 0 0 0 0 0 0 0 0 0 0 85 0 0 4 79 1 19 0 0 0 0 0 0 0 0 0 13 0 0 0 0 0 0 0 0 0 0 14 0 0 0 12 0 0 0 5 
 2 2 0 95 0 96 0 0 4 73 75 83 3 1 0 0 75 76 0 0 206 74 259 84 242 35 0 264 47 103 51 49 419 319 122 116 61 262 515 132 2 3 0 0 0 0 0 0 2 0 0 0 0 0 5 0 0 0 1 0 0 0 2 0 0 0 0 0 0 0 0 0 0 3 0 0 0 0 3 0 0 0 0 12 26 30 0 0 0 31 15 31 0 0 0 0 0 0 0 0 31 44 14 0 0 0 11 12 12 22 4 2 20 27 62 6 0 0 1 1 0 0 0 0 0 0 0 0 0 2 0 0 0 1 0 0 0 0 0 0 0 0 0 0 0 0 0 0 0 0 0 0 0 0 0 0 0 0 0 0 0 0 0 2 24 24 0 0 13 0 11 1 0 0 1 0 0 0 1 0 0 16 29 1 0 16 20 0 46 0 0 0 12 0 38 3 0 19 12 15 0 0 0 0 0 0 0 0 0 0 0 0 0 0 25 0 0 0 0 0 0 0 0 0 0 0 0 0 0 2 0 0 0 0 0 0 0 0 0 0 0 0 0 0 0 0 75 0 63 35 0 0 9 0 5 0 0 0 0 0 0 2 0 0 0 0 0 0 0 15 0 0 0 0 0 1 0 0 0 0 0 0 0 0 0 0 0 0 0 0 
 0 0 0 0 0 77 0 0 0 0 0 76 2 0 5 0 1 0 0 0 146 119 451 108 59 118 264 0 222 260 24 132 136 449 67 355 360 114 203 48 2 6 8 0 4 0 0 0 5 0 0 6 64 0 4 6 0 0 63 0 0 0 3 32 0 32 0 0 0 0 0 0 0 3 0 0 4 0 2 0 0 0 0 0 5 19 0 0 0 0 0 0 0 0 0 0 0 0 0 0 45 28 28 9 0 0 9 32 12 63 26 13 0 1 23 0 0 26 0 9 0 0 0 0 0 0 13 0 0 0 0 1 23 0 0 0 0 0 32 27 0 7 0 0 0 0 2 0 0 0 0 0 0 0 0 0 0 0 0 0 0 2 0 0 0 1 0 1 0 0 0 0 2 0 0 0 0 0 0 1 17 11 24 1 0 0 6 29 5 9 0 1 1 1 31 54 53 9 0 0 0 0 0 0 0 2 2 0 0 0 0 0 2 8 0 0 0 0 21 13 0 0 0 0 0 0 0 0 64 0 0 0 0 14 0 0 0 0 0 0 0 0 0 0 0 0 0 0 0 0 0 0 0 0 4 0 0 15 5 2 2 0 0 0 0 0 0 0 0 0 0 0 0 0 1 0 0 0 0 0 0 0 0 0 0 0 0 0 0 0 
 0 2 0 0 0 0 6 0 0 74 0 2 2 0 0 0 1 3 0 2 184 142 114 199 285 43 47 222 0 198 40 108 267 92 72 150 71 34 70 102 8 3 0 0 6 0 1 4 0 0 2 0 2 0 6 0 2 0 122 82 0 0 3 0 0 0 0 0 0 0 6 0 0 3 1 0 0 0 2 0 0 0 0 0 37 18 0 0 0 0 0 0 0 0 0 0 0 0 0 0 33 49 11 14 17 0 17 12 26 28 14 21 0 0 9 0 17 50 0 4 9 1 0 0 0 0 29 1 0 0 0 0 0 2 0 0 12 0 20 11 0 0 0 0 0 0 0 0 0 0 5 0 0 0 0 0 0 0 0 7 10 0 20 0 0 0 0 0 0 0 0 0 0 0 0 0 0 0 4 0 23 8 21 0 8 0 13 1 0 8 41 20 0 10 0 9 55 0 0 1 10 24 0 0 0 0 0 0 0 0 0 0 0 10 0 0 0 0 21 22 0 0 0 0 0 0 0 0 22 0 0 0 0 2 0 0 0 0 0 0 0 0 0 0 0 2 0 0 0 0 0 0 0 0 13 0 0 76 1 0 1 22 0 0 0 0 0 0 0 0 0 0 0 0 0 0 0 0 0 0 0 2 0 0 0 0 0 0 0 0 
 0 1 0 2 0 0 2 0 0 2 0 0 2 0 0 2 0 0 0 0 154 195 197 237 104 39 103 260 198 0 232 385 134 220 130 94 156 341 67 222 2 3 1 0 0 175 0 0 2 0 0 0 2 2 0 1 2 2 0 0 0 0 3 0 0 1 0 0 51 0 0 0 0 3 0 0 1 0 1 0 0 0 0 0 0 0 0 0 0 0 0 0 0 0 0 0 0 0 2 0 41 17 12 19 0 13 12 22 9 19 46 9 9 10 9 15 11 34 0 11 0 0 0 0 0 0 0 0 0 1 0 0 6 0 0 0 0 0 8 30 0 0 0 0 0 0 0 0 1 0 0 0 0 1 0 0 0 0 9 0 0 0 0 1 0 0 0 0 0 0 0 0 0 0 0 0 0 0 0 0 6 19 42 19 16 0 12 20 14 2 0 16 0 9 12 36 27 35 4 8 0 0 0 0 0 0 7 0 0 0 0 1 0 0 0 17 1 0 0 12 0 0 0 0 14 0 0 0 55 0 0 0 0 0 0 0 0 0 0 0 0 0 0 0 0 0 0 0 0 0 0 0 0 0 22 3 0 78 1 0 13 2 0 0 0 0 0 0 0 0 0 0 0 0 0 0 0 0 0 0 0 0 0 0 0 0 0 0 0 0 
 0 3 0 3 0 44 2 0 2 0 0 0 1 2 0 0 1 0 0 1 105 124 31 187 137 148 51 24 40 232 0 189 27 21 121 185 258 403 95 203 6 211 0 0 0 0 63 0 1 3 0 0 33 0 7 0 0 0 4 62 5 0 1 0 0 3 0 1 0 3 0 0 0 3 2 0 6 1 3 0 0 0 0 0 0 0 0 0 0 0 0 0 0 0 0 0 0 0 0 23 13 0 0 18 11 23 0 0 14 0 31 0 0 30 0 8 11 24 0 0 1 8 0 11 0 0 0 8 0 0 0 0 33 14 0 18 20 0 54 9 0 9 0 0 0 0 0 0 0 0 0 0 0 0 0 0 0 0 0 25 0 0 0 0 0 0 0 0 0 0 0 0 0 0 0 0 0 0 0 0 18 24 41 15 20 11 17 20 9 18 30 26 47 3 17 25 13 32 0 0 17 26 12 0 0 0 3 0 0 0 0 0 11 1 0 28 0 0 23 11 0 0 0 0 0 0 0 0 0 0 0 0 0 0 15 0 0 0 0 0 0 0 5 0 0 0 0 0 0 0 0 0 0 0 5 0 0 5 76 0 19 3 0 0 0 0 0 0 0 0 0 0 0 0 0 0 0 0 0 0 0 8 0 0 0 12 0 0 0 0 
 0 2 0 0 0 0 6 0 0 0 3 0 0 0 63 2 0 0 0 0 196 317 165 125 290 222 49 132 108 385 189 0 243 166 127 334 453 197 47 332 25 65 0 0 0 0 67 2 1 0 0 0 2 0 3 0 0 0 40 0 0 0 3 0 0 0 0 0 0 0 0 50 0 3 0 0 1 0 2 0 0 0 0 0 1 0 0 0 0 0 0 0 0 0 0 1 0 0 0 0 58 1 11 26 0 17 14 0 0 2 47 0 4 10 1 17 14 15 1 0 10 0 0 0 0 0 7 0 0 0 0 0 22 0 0 0 0 0 34 33 0 0 0 23 0 0 0 0 0 0 0 0 0 0 0 0 0 0 0 0 0 0 0 0 0 0 0 0 0 0 0 18 0 0 0 0 0 2 0 0 25 0 97 0 16 2 19 14 8 9 14 8 9 1 7 36 27 25 0 0 0 0 23 0 0 0 9 8 0 11 11 0 12 0 8 12 0 0 0 14 1 0 0 0 0 0 0 0 40 0 0 0 0 0 0 22 0 0 0 0 0 0 0 0 0 0 0 0 0 0 0 0 0 0 10 0 6 89 0 2 11 0 0 0 0 0 0 0 0 0 0 0 0 0 0 0 0 0 0 0 0 0 0 0 0 0 0 0 0 0 
 3 3 3 95 15 241 3 3 5 3 79 3 3 3 3 10 6 32 3 4 363 164 49 93 107 33 419 136 267 134 27 243 0 73 116 44 110 34 183 272 3 3 0 0 0 1 0 0 2 0 0 0 0 0 202 0 0 0 3 0 0 0 1 0 0 0 0 0 0 0 0 0 0 3 0 0 0 0 3 0 0 0 14 8 45 16 0 8 0 10 28 8 0 0 7 37 0 0 0 0 0 15 0 0 0 0 0 0 2 10 11 0 0 21 16 13 42 0 0 20 0 0 0 0 0 12 0 0 0 0 0 0 0 0 0 0 0 0 0 0 0 0 0 0 0 1 0 0 0 0 0 2 0 0 0 0 0 0 0 0 0 0 0 29 0 14 18 0 0 0 0 10 0 0 9 0 0 8 0 0 37 2 28 18 0 10 10 0 53 7 0 19 0 13 12 2 37 0 24 21 0 0 0 0 0 0 0 0 2 0 8 0 0 0 0 0 0 0 0 17 0 0 0 0 0 0 0 0 24 0 0 0 0 1 12 0 0 0 0 0 0 0 0 0 0 1 85 0 0 16 0 0 0 0 5 0 3 0 0 3 3 1 0 0 0 0 0 0 0 0 0 0 0 0 0 0 0 0 0 0 0 0 0 0 0 0 0 0 0 0 
 2 2 2 2 75 2 2 2 2 2 2 2 5 16 2 2 4 2 2 2 151 44 345 142 293 54 319 449 92 220 21 166 73 0 344 96 156 54 131 210 13 3 0 0 0 0 0 0 2 3 0 0 0 0 8 0 0 1 2 0 0 0 3 0 0 2 0 3 0 6 0 0 0 3 4 0 0 3 2 13 0 0 0 0 0 0 0 0 0 0 0 0 0 0 0 0 0 0 0 0 12 11 73 6 0 0 24 10 12 29 16 0 9 0 17 7 9 1 1 21 0 0 0 0 0 0 5 0 0 0 0 0 0 0 0 0 0 0 0 29 0 0 0 0 0 0 0 0 0 0 0 0 0 0 0 0 1 0 0 0 0 2 0 0 0 2 0 1 0 0 0 0 0 0 0 0 0 4 0 1 1 10 33 11 0 19 0 29 30 0 1 32 10 24 18 19 6 29 0 0 0 0 0 0 0 0 2 2 0 0 0 0 2 0 0 0 0 0 0 0 0 0 0 8 0 0 0 0 0 0 0 0 0 0 0 0 0 0 0 0 0 0 0 0 0 0 0 0 0 0 0 0 0 0 22 0 2 2 0 2 2 1 0 0 0 0 0 0 0 0 0 0 0 0 0 0 0 5 0 19 0 0 0 0 0 0 0 0 0 0 
 2 2 2 86 81 2 4 2 2 2 40 93 4 2 3 2 2 4 2 2 57 31 331 81 59 74 122 67 72 130 121 127 116 344 0 181 73 106 481 81 2 3 0 0 0 0 0 0 2 0 0 0 0 0 5 0 0 0 0 1 32 0 2 0 0 0 0 0 0 0 0 0 0 3 0 0 0 0 3 0 0 0 2 14 1 0 0 0 0 0 13 22 0 0 0 0 19 0 0 0 23 0 24 28 18 61 20 29 14 10 30 10 7 0 0 12 39 1 0 31 10 1 0 0 1 0 30 0 0 0 0 0 0 0 0 0 0 0 0 2 0 6 4 0 0 2 0 0 0 0 1 0 0 0 0 0 0 0 0 1 0 0 0 0 17 0 0 0 0 0 9 16 0 1 0 0 0 6 0 0 17 0 0 33 0 17 1 35 37 11 45 39 11 33 0 10 21 8 26 0 0 0 0 0 0 0 0 0 0 1 0 0 20 0 0 0 0 0 6 20 0 0 0 0 0 0 0 0 0 0 0 0 0 0 0 0 0 0 0 0 0 0 0 0 0 76 0 0 0 77 0 0 0 0 23 0 4 75 2 1 4 17 0 0 2 0 0 0 0 0 0 0 0 0 0 0 0 0 0 27 0 0 0 0 0 0 0 0 0 1 
 2 0 0 2 0 0 79 0 0 0 1 0 4 0 0 6 0 0 0 0 451 191 195 370 114 114 116 355 150 94 185 334 44 96 181 0 153 208 187 282 2 3 0 0 0 0 0 0 1 0 0 0 67 0 2 0 0 0 51 2 0 0 3 0 0 2 0 0 0 0 4 0 0 3 0 0 0 0 2 0 0 0 0 0 0 0 0 0 0 0 0 0 0 0 10 0 0 0 0 0 8 0 21 10 23 0 0 0 0 22 0 22 0 0 0 9 0 0 0 2 0 0 0 0 0 1 13 0 0 0 0 2 0 0 0 0 0 0 27 40 0 0 0 0 0 0 0 0 0 0 0 0 0 0 0 0 0 0 0 0 1 1 0 0 0 0 0 1 0 0 0 0 1 0 0 0 14 0 4 2 15 0 16 16 0 11 0 14 11 13 52 12 0 16 18 19 3 2 0 0 10 0 1 0 0 0 0 9 0 0 0 0 35 4 1 2 0 2 21 9 0 0 0 0 0 10 0 0 4 4 0 0 0 0 0 0 0 6 0 0 8 0 0 0 0 0 0 0 0 0 0 0 0 0 15 0 2 1 85 0 1 1 0 0 0 0 12 0 0 0 0 0 0 0 0 0 0 0 0 14 0 0 0 0 0 0 15 0 0 0 
 0 22 0 2 0 0 0 0 0 1 0 0 0 75 5 0 0 1 0 0 74 253 223 461 139 61 61 360 71 156 258 453 110 156 73 153 0 229 49 354 4 4 2 0 0 0 0 0 2 0 0 0 25 1 4 0 0 0 0 0 0 0 3 0 0 1 0 0 0 0 0 0 0 9 0 0 0 0 1 0 0 0 0 0 0 1 0 0 0 0 0 0 0 0 0 0 0 0 0 0 8 22 17 22 12 0 0 0 11 38 52 40 15 0 19 0 11 1 0 2 0 0 0 0 0 0 0 2 0 0 0 0 0 0 0 0 0 0 0 33 0 0 0 0 0 0 0 0 0 0 0 0 0 0 0 5 0 0 0 0 0 0 1 0 0 0 2 0 0 0 0 0 0 0 0 0 0 0 1 0 28 23 37 0 0 1 0 18 52 16 12 11 18 1 45 64 16 26 0 0 0 0 0 0 0 0 18 0 0 0 1 0 0 0 0 0 0 0 0 26 0 0 0 0 0 0 0 19 8 0 0 0 0 0 0 0 0 0 0 0 0 0 0 0 0 0 0 0 0 0 0 1 0 0 2 0 0 78 73 3 14 1 0 0 0 0 19 0 0 0 0 0 0 0 0 0 0 0 0 0 0 0 0 0 0 0 13 0 0 0 
 1 0 0 2 0 1 3 0 0 1 1 0 2 1 0 0 5 4 4 0 202 342 78 169 69 164 262 114 34 341 403 197 34 54 106 208 229 0 39 114 5 211 0 2 0 172 67 1 1 0 3 0 4 208 6 3 3 1 2 0 5 0 1 0 0 0 0 1 2 0 1 0 0 6 0 0 8 1 3 2 0 0 0 0 0 0 0 0 0 0 0 0 0 0 0 0 0 0 0 0 21 0 38 9 18 45 0 14 12 0 34 0 2 26 0 28 10 53 0 0 0 9 0 0 0 0 23 21 0 0 0 0 19 8 0 8 0 0 16 40 0 0 0 1 0 0 0 0 0 0 0 0 0 0 0 0 0 0 12 4 0 0 0 0 0 0 0 0 0 0 0 0 0 0 1 0 0 0 0 0 13 7 47 17 21 32 12 24 0 9 6 28 0 9 9 0 11 10 0 0 1 15 0 0 0 0 0 0 0 0 0 0 0 0 0 11 0 0 0 0 0 0 0 0 0 2 0 9 0 0 0 0 0 0 3 0 0 0 0 0 0 0 1 0 0 0 0 0 0 0 0 3 1 0 12 2 0 0 81 2 3 1 0 0 0 0 0 0 0 0 0 0 0 0 0 0 0 0 0 19 0 8 0 0 0 0 0 0 0 0 
 91 4 0 0 73 40 0 91 0 0 0 74 3 0 0 95 4 77 0 73 41 39 165 91 59 40 515 203 70 67 95 47 183 131 481 187 49 39 0 244 2 3 0 0 0 0 0 1 1 0 0 0 65 0 0 0 0 0 3 0 0 0 3 0 0 0 0 0 0 0 2 0 0 3 7 0 0 0 1 0 0 16 0 0 65 20 0 10 1 12 0 0 0 0 0 15 0 0 0 0 1 42 13 0 0 0 0 21 16 22 10 23 11 34 90 18 0 22 12 0 0 0 0 0 0 0 0 0 0 0 0 1 0 0 0 0 0 0 1 0 0 0 0 0 0 0 2 0 0 0 0 0 0 0 0 0 0 0 0 0 0 16 4 10 11 41 2 0 0 10 0 0 1 0 12 0 13 0 0 0 0 17 41 0 0 0 19 11 12 19 0 0 26 0 35 8 0 27 0 12 0 0 0 0 0 0 0 2 0 0 0 0 2 0 0 0 0 0 0 0 0 0 0 0 0 36 0 0 1 0 0 0 0 0 0 0 0 0 0 0 0 0 0 0 0 0 75 0 82 0 0 0 0 0 17 0 2 0 0 2 1 0 0 0 0 0 0 0 0 0 0 0 0 0 0 10 0 0 0 0 0 0 0 0 0 0 0 0 0 0 
 0 2 0 1 24 75 0 0 107 0 0 0 2 0 0 0 2 37 0 0 137 118 340 261 56 59 132 48 102 222 203 332 272 210 81 282 354 114 244 0 2 3 0 2 0 2 0 0 2 2 0 0 1 0 0 0 3 2 0 0 6 0 3 2 45 1 0 0 0 0 1 1 0 3 54 0 19 0 1 0 0 0 0 0 14 0 0 0 0 26 0 0 0 0 0 0 0 0 0 0 0 0 9 10 0 14 0 65 12 33 33 9 0 66 33 18 28 45 0 15 0 0 0 0 0 0 0 0 0 0 0 0 0 0 0 0 0 0 0 12 0 0 0 0 0 0 1 0 0 0 0 0 0 0 0 0 0 0 0 0 0 0 14 19 22 13 0 0 0 0 0 0 1 0 0 0 0 0 0 2 12 6 15 13 11 0 13 9 0 16 7 41 0 9 39 8 0 33 10 0 0 0 0 0 0 0 0 0 0 0 0 0 1 0 0 0 0 2 1 0 0 0 0 0 0 0 0 0 0 0 0 0 1 0 0 0 0 0 0 0 0 0 0 0 0 0 0 0 4 0 0 0 0 0 20 0 0 1 1 0 12 0 0 0 0 0 0 0 0 0 0 0 0 0 0 0 0 0 0 0 0 0 0 0 0 0 0 0 0 0 
 0 0 0 0 0 0 0 0 0 0 0 0 0 0 0 0 0 0 0 0 3 5 4 2 23 127 2 2 8 2 6 25 3 13 2 2 4 5 2 2 0 170 60 37 263 19 447 217 117 37 126 151 48 142 60 183 121 322 100 42 4 0 4 0 0 0 3 0 31 6 2 0 0 0 1 5 4 0 0 0 0 0 0 0 0 0 0 0 0 0 0 0 0 0 0 0 1 0 0 0 0 0 0 0 0 0 0 0 0 0 0 0 0 0 0 0 0 0 0 0 1 18 10 2 19 20 0 0 44 0 2 14 3 1 19 25 0 0 11 0 4 6 0 0 0 0 1 0 0 2 0 1 0 11 3 10 0 0 0 0 0 0 0 0 0 0 0 0 10 0 0 0 0 0 0 0 0 0 0 0 0 0 0 0 0 8 9 0 0 0 0 0 32 0 0 0 0 0 0 0 15 0 7 0 0 0 0 31 25 11 38 33 13 1 17 18 15 0 14 20 0 3 2 2 0 0 0 6 5 0 1 0 0 13 0 5 0 0 14 46 0 0 0 0 0 0 0 0 0 0 0 6 0 0 0 0 0 0 0 0 0 0 0 65 0 0 2 0 0 0 0 0 0 12 0 0 0 0 0 0 0 1 0 0 22 0 0 17 0 0 
 0 0 0 0 0 0 0 0 0 0 0 0 0 0 2 2 0 0 0 0 3 61 6 3 147 103 3 6 3 3 211 65 3 3 3 3 4 211 3 3 170 0 124 289 64 64 77 462 124 43 38 313 46 278 81 109 60 96 39 96 0 0 0 6 4 2 0 51 0 0 1 0 3 3 10 0 0 0 0 3 0 0 0 0 0 0 0 0 0 0 0 0 0 0 0 0 0 0 0 0 0 26 0 0 25 19 0 39 0 0 0 0 0 0 0 0 0 0 0 0 0 0 30 11 0 3 0 1 24 0 20 0 0 0 9 24 5 6 16 14 0 0 1 4 1 0 6 0 0 0 0 0 6 0 0 0 11 0 0 0 0 0 0 0 0 0 0 0 0 0 0 0 0 0 0 0 0 0 0 0 0 0 0 0 15 5 0 0 0 0 0 0 0 0 0 0 0 7 0 0 0 0 32 10 42 0 14 22 13 0 26 10 15 12 30 23 12 0 1 6 5 0 0 0 0 0 15 0 0 0 0 8 3 0 0 0 0 0 0 0 0 0 0 0 0 0 0 0 0 0 0 11 0 2 0 0 0 0 0 3 0 0 0 1 2 5 2 0 0 0 13 0 0 0 0 0 0 0 0 0 0 0 0 0 14 0 0 21 2 0 
 0 0 0 0 0 0 0 0 0 0 0 0 0 0 0 0 0 0 0 0 0 1 0 0 0 0 0 8 0 1 0 0 0 0 0 0 2 0 0 0 60 124 0 94 51 42 63 358 169 226 260 169 287 69 147 63 398 303 31 70 0 0 0 6 0 0 0 0 0 0 0 0 119 0 0 50 4 0 0 0 0 0 24 0 0 0 0 0 0 23 0 0 0 0 0 0 0 0 0 0 0 0 0 0 0 0 0 0 0 0 0 0 0 0 0 0 0 3 0 0 11 0 46 19 15 20 26 17 7 27 17 52 0 8 7 0 9 10 0 0 15 0 0 0 5 0 0 4 12 16 0 0 24 0 0 0 0 0 44 12 0 6 0 0 0 0 0 0 0 0 0 0 0 0 0 0 6 0 0 0 0 0 0 0 0 0 0 0 0 0 0 10 0 0 0 0 0 0 0 0 12 10 0 0 0 43 12 10 22 0 8 9 0 10 0 0 15 12 0 0 12 0 0 0 0 0 0 0 0 0 0 0 19 0 11 10 0 0 0 28 0 0 0 0 0 0 0 0 0 0 0 5 0 0 0 0 0 0 0 1 0 0 0 0 65 11 0 0 2 0 0 0 0 0 0 0 0 0 0 0 0 0 2 0 13 9 0 0 1 0 
 0 0 0 0 0 0 0 0 0 0 1 0 2 0 0 0 0 2 0 0 0 6 0 0 0 0 0 0 0 0 0 0 0 0 0 0 0 2 0 2 37 289 94 0 179 273 47 143 60 194 76 158 53 234 167 84 379 71 54 60 0 0 3 0 0 0 51 55 0 0 2 0 0 49 0 0 0 0 51 51 0 0 0 0 0 0 0 0 0 0 0 0 0 19 0 0 0 0 0 0 0 0 0 0 0 0 0 0 0 0 0 0 0 0 0 0 0 0 0 1 0 3 13 0 9 10 0 0 14 11 20 14 0 0 0 2 21 40 0 0 0 0 0 0 0 0 23 5 0 0 0 0 0 1 6 10 0 0 0 0 0 2 6 6 0 0 0 0 0 7 0 0 0 5 0 0 0 0 0 0 0 0 0 0 0 0 0 0 0 0 0 0 0 0 0 0 0 0 0 0 0 0 10 15 138 7 0 0 0 40 0 18 0 1 26 16 9 47 0 0 64 0 0 0 0 0 36 0 0 0 21 0 12 41 0 0 0 1 1 0 0 0 6 0 0 0 0 0 0 0 0 12 0 0 0 0 0 0 0 9 0 0 2 2 2 1 0 1 2 0 0 0 0 0 0 0 0 0 0 0 0 0 0 0 0 0 0 10 1 0 
 0 0 0 3 0 0 0 0 0 0 0 0 0 0 0 0 0 0 0 0 0 3 0 0 0 0 0 4 6 0 0 0 0 0 0 0 0 0 0 0 263 64 51 179 0 137 101 227 86 160 72 361 94 237 163 223 415 315 84 131 0 0 0 0 0 0 0 0 0 0 0 0 0 5 9 0 0 0 0 3 0 0 0 0 0 0 0 0 0 0 0 0 0 0 0 0 0 0 0 0 0 0 0 0 0 0 21 0 0 0 0 0 0 0 0 0 0 0 0 0 0 6 14 14 0 21 0 1 9 4 0 4 0 0 21 13 12 32 0 1 0 8 0 0 0 0 5 12 0 0 0 0 11 14 0 0 3 0 0 15 0 0 0 0 0 0 0 0 1 0 0 0 0 0 0 0 0 0 0 0 0 0 0 0 0 0 0 0 0 0 0 0 0 0 0 0 0 0 0 0 0 0 0 46 61 13 0 0 30 21 17 4 2 11 33 0 12 17 0 13 11 0 9 0 0 0 13 0 0 12 0 0 12 0 3 20 8 0 16 32 0 0 0 0 0 0 0 0 0 0 0 4 0 2 0 0 0 0 0 0 0 22 0 64 2 5 1 5 2 0 1 0 0 0 0 0 0 0 0 0 0 1 0 0 11 0 0 2 2 0 
 0 64 0 3 0 1 59 0 1 31 64 0 69 0 0 68 0 3 2 0 2 0 0 0 0 0 0 0 0 175 0 0 1 0 0 0 0 172 0 2 19 64 42 273 137 0 40 135 126 117 243 180 48 106 72 122 148 56 64 59 0 3 0 10 0 3 66 1 0 1 0 0 0 5 0 2 2 0 60 51 0 0 12 0 10 1 4 1 2 0 0 0 0 0 0 0 0 0 0 0 0 0 0 0 0 0 0 0 0 0 0 0 0 0 0 0 0 0 0 0 0 0 0 3 20 22 0 18 19 29 10 10 0 0 0 0 1 5 0 0 31 8 0 1 0 0 0 30 0 0 0 0 57 0 1 0 15 0 0 0 0 0 0 0 0 8 0 0 0 0 0 0 0 0 0 0 0 0 1 0 0 0 0 0 0 0 0 0 0 0 0 0 0 0 0 0 0 0 0 0 0 18 0 24 44 33 0 35 0 9 16 24 0 0 0 4 0 15 0 0 67 21 0 0 0 0 6 1 0 0 0 0 9 4 15 0 0 0 23 15 0 0 0 0 0 0 0 0 0 2 0 4 0 0 0 0 0 0 0 0 0 0 6 0 2 0 6 1 1 0 0 0 0 0 0 0 34 0 0 0 0 0 0 0 5 13 0 0 2 0 
 0 0 0 0 63 0 2 0 0 0 0 0 0 0 0 0 0 0 61 0 0 0 0 0 62 19 0 0 1 0 63 67 0 0 0 0 0 67 0 0 447 77 63 47 101 40 0 137 22 26 98 84 341 129 89 107 95 86 169 107 0 0 0 0 0 0 0 0 0 0 0 0 0 0 0 0 0 0 0 0 0 0 0 0 0 0 0 0 0 0 0 0 0 0 0 0 0 0 0 0 0 0 0 10 0 0 0 0 1 0 0 0 0 0 0 0 36 0 0 0 1 22 15 0 21 42 4 1 0 1 0 6 32 25 19 20 0 0 7 0 1 0 0 0 0 0 0 0 0 0 1 0 15 0 0 0 0 0 0 2 0 0 0 0 0 0 0 9 0 0 0 0 0 0 0 0 0 0 0 0 0 0 0 24 18 10 0 0 0 0 11 0 0 0 0 0 0 0 0 0 16 0 3 0 0 0 13 0 10 10 12 12 11 0 8 13 19 0 16 45 0 0 0 0 0 0 0 0 0 0 0 0 0 0 0 0 0 0 11 41 0 0 0 0 0 0 0 0 0 19 0 10 0 0 0 0 0 0 0 2 0 0 0 65 0 0 1 0 0 0 0 0 0 0 0 0 0 0 0 0 0 18 0 0 0 10 0 5 0 0 
 2 1 0 0 2 0 3 0 1 2 9 1 1 0 1 1 0 2 1 0 0 3 0 0 0 3 0 0 4 0 0 2 0 0 0 0 0 1 1 0 217 462 358 143 227 135 137 0 94 37 134 92 72 254 291 95 91 43 105 50 1 2 0 3 4 2 0 1 0 0 9 0 1 3 7 5 4 5 3 0 6 0 0 0 0 0 0 0 0 0 0 0 0 0 0 0 0 0 0 0 0 0 0 0 0 0 0 0 6 0 0 0 0 0 0 0 0 0 0 0 58 18 0 9 0 3 0 7 8 36 6 44 13 0 37 24 34 0 0 0 3 4 5 1 0 0 7 6 5 1 0 0 0 5 0 5 3 0 0 5 0 0 0 0 0 0 0 0 0 0 0 0 0 0 0 0 0 0 0 0 0 0 0 0 0 68 0 5 0 0 0 0 0 0 0 0 0 1 0 0 0 20 11 8 8 8 0 40 11 21 18 30 14 30 13 4 6 17 15 23 23 0 1 13 0 7 0 3 3 7 12 0 0 0 6 7 0 0 15 2 0 0 0 0 0 0 0 0 0 0 0 8 0 0 0 0 0 0 0 0 0 0 0 10 0 0 0 0 2 0 0 0 0 0 0 0 0 0 0 0 0 0 0 0 21 0 0 0 0 0 
 2 2 3 0 1 0 0 2 2 0 2 2 4 18 2 2 2 2 0 0 2 1 0 1 0 3 2 5 0 2 1 1 2 2 2 1 2 1 1 2 117 124 169 60 86 126 22 94 0 429 111 35 87 201 349 204 106 28 75 117 0 0 0 6 0 0 0 0 0 0 0 0 0 52 0 0 0 0 0 0 0 3 0 0 0 0 0 0 0 0 0 0 0 0 0 0 8 0 6 0 0 0 0 0 0 0 0 0 0 0 0 0 0 0 0 0 0 0 0 0 8 0 0 10 0 23 18 31 36 28 20 1 0 14 9 0 0 10 0 1 17 0 0 0 18 0 0 0 0 0 0 0 1 0 0 0 0 0 0 0 0 0 0 0 0 0 13 0 0 0 0 0 0 0 0 0 0 0 0 0 0 0 0 0 0 0 0 0 0 0 0 0 0 0 0 0 0 0 0 0 0 19 0 0 11 4 12 31 42 0 26 26 0 10 10 6 45 23 0 0 1 0 0 0 1 0 0 0 0 1 0 1 9 0 0 0 0 0 0 12 0 0 0 0 0 0 0 0 0 2 0 6 0 0 0 0 0 0 1 1 0 0 0 0 2 0 0 0 2 0 1 0 0 0 0 0 0 0 0 0 0 0 0 0 14 24 0 16 1 1 
 0 1 0 0 0 2 28 0 1 0 0 0 2 0 0 0 0 2 0 0 0 2 4 0 0 0 0 0 0 0 3 0 0 3 0 0 0 0 0 2 37 43 226 194 160 117 26 37 429 0 180 185 69 153 139 175 345 57 76 100 1 0 0 9 6 0 1 0 0 0 0 0 46 7 0 0 0 0 0 0 0 0 0 0 0 0 0 0 0 0 0 0 0 0 0 0 0 0 0 0 2 0 2 2 2 1 0 0 0 0 0 0 0 0 0 0 2 0 0 0 1 2 0 11 0 21 2 27 19 34 1 19 1 1 2 1 5 11 1 0 37 8 0 3 0 1 19 14 19 19 0 0 16 0 1 0 7 0 20 14 0 5 0 0 0 0 0 0 0 1 0 0 0 0 0 0 3 0 0 0 2 0 0 2 1 1 0 1 0 0 1 0 5 1 0 0 1 0 0 0 2 19 1 15 8 27 2 13 0 20 0 44 2 2 0 8 0 41 1 2 61 7 0 0 0 0 0 10 1 0 0 0 5 8 24 0 0 0 3 7 0 0 0 0 0 0 0 1 0 0 0 7 0 0 0 0 1 0 0 13 0 0 3 0 0 12 2 0 0 0 19 0 0 0 0 23 0 0 0 1 0 0 0 0 0 30 0 0 2 0 
 1 2 0 34 0 0 9 0 0 0 0 0 0 0 2 0 8 0 0 0 0 0 59 0 0 0 0 0 2 0 0 0 0 0 0 0 0 3 0 0 126 38 260 76 72 243 98 134 111 180 0 36 31 118 104 83 114 105 36 123 0 0 0 0 0 0 53 53 0 4 0 0 63 20 0 5 0 0 41 51 0 0 0 0 0 0 0 0 0 0 0 0 0 0 0 2 7 6 12 1 0 0 0 0 0 0 0 0 21 0 0 0 0 0 0 0 0 0 0 0 10 0 15 1 55 17 23 18 13 8 13 49 0 15 13 0 3 0 14 13 0 0 0 0 6 0 11 0 0 0 0 0 1 0 0 7 0 0 5 1 0 0 4 6 0 0 0 0 0 5 21 3 0 7 0 2 0 0 0 0 0 0 0 0 0 0 0 0 0 0 0 0 0 0 0 0 0 0 0 0 13 0 0 0 27 7 11 0 35 0 14 0 0 11 0 0 13 0 0 0 25 0 0 0 0 0 5 0 0 0 10 0 7 10 14 21 0 0 0 1 0 0 0 0 0 0 0 0 0 0 0 4 0 2 0 0 0 0 0 0 0 19 2 0 36 1 2 0 0 0 13 0 0 0 0 0 0 0 0 0 0 0 0 0 0 0 0 0 2 0 
 0 0 1 3 0 1 0 0 0 0 1 0 0 0 0 0 1 0 0 1 0 0 0 0 0 0 0 6 0 0 0 0 0 0 0 0 0 0 0 0 151 313 169 158 361 180 84 92 35 185 36 0 40 166 150 217 174 107 23 22 0 0 0 7 0 0 0 0 0 0 0 0 0 0 2 0 0 0 2 0 0 0 0 0 0 0 0 0 0 0 0 0 0 0 0 0 0 0 0 0 0 0 0 0 0 0 0 0 0 0 0 0 0 0 0 0 0 0 0 0 8 16 4 12 3 25 31 25 41 20 11 5 1 14 0 0 12 10 0 0 15 0 0 0 0 0 0 6 0 0 0 0 1 0 0 0 0 0 2 0 0 0 0 0 0 0 0 0 0 0 20 0 0 0 0 0 0 0 0 0 0 0 0 0 0 0 0 0 0 0 0 0 0 0 0 0 0 0 0 0 0 20 7 11 21 36 0 32 44 13 25 24 11 48 15 25 16 24 0 0 2 0 0 0 0 0 0 0 0 0 0 0 12 0 0 0 0 0 0 24 0 0 0 0 0 0 0 0 0 0 0 4 0 0 0 0 0 0 0 15 0 0 0 1 0 0 1 2 6 0 0 0 0 21 0 0 0 0 0 0 0 0 30 0 13 16 0 15 2 0 
 1 0 1 2 2 2 4 0 0 2 0 0 1 0 0 84 1 64 2 2 1 64 63 8 123 8 0 64 2 2 33 2 0 0 0 67 25 4 65 1 48 46 287 53 94 48 341 72 87 69 31 40 0 293 35 39 25 452 120 409 12 0 0 0 0 0 0 0 0 0 0 0 3 53 0 0 0 0 11 1 0 0 0 0 0 0 0 0 0 0 0 0 0 0 0 0 0 0 0 0 0 0 37 9 31 26 0 0 0 9 0 13 0 0 0 0 0 0 0 0 0 1 0 15 0 0 0 21 0 0 0 1 0 15 0 0 0 0 7 12 0 0 0 0 0 0 0 0 0 0 0 0 0 0 0 0 0 0 0 0 0 0 0 0 0 0 0 0 0 0 0 0 0 0 0 0 0 7 0 0 0 0 0 9 7 1 0 0 0 0 8 12 0 0 0 0 0 0 0 0 21 23 21 0 0 0 26 1 61 0 0 0 9 0 0 0 0 0 22 0 0 0 0 0 0 0 0 0 0 0 0 0 0 0 0 0 0 0 0 0 0 0 7 0 0 0 0 0 0 0 0 13 0 2 0 0 0 101 2 2 0 0 13 0 0 0 22 0 0 0 0 0 0 0 0 0 0 0 0 0 0 12 0 0 0 9 14 0 0 0 
 0 0 0 0 0 0 0 0 0 29 0 0 0 0 0 0 0 0 0 0 0 0 2 0 0 212 0 0 0 2 0 0 0 0 0 0 1 208 0 0 142 278 69 234 237 106 129 254 201 153 118 166 293 0 121 199 120 37 133 100 0 0 0 62 0 0 0 2 0 0 0 0 0 0 0 0 0 0 0 0 0 0 0 0 0 0 0 0 0 0 0 0 0 0 0 0 0 0 0 0 0 0 0 0 0 0 0 0 3 0 0 0 0 0 0 0 0 0 0 0 11 8 25 24 34 36 4 8 11 30 0 32 9 0 13 12 0 23 0 0 1 0 0 1 0 0 0 9 0 0 0 0 0 0 0 0 0 0 0 0 0 0 0 0 0 0 0 0 0 0 0 0 0 0 0 0 0 0 0 0 0 0 0 0 0 7 11 0 0 0 0 0 0 0 0 0 0 0 1 0 18 10 0 6 17 2 0 10 25 12 18 59 8 45 21 0 28 36 14 10 0 0 0 0 0 0 10 0 0 0 0 0 0 0 0 0 0 0 6 24 0 0 0 0 0 0 0 0 0 0 0 16 0 0 0 0 0 0 0 0 0 0 2 41 0 3 2 0 0 0 0 0 0 0 0 0 0 0 0 0 0 0 0 0 9 0 0 17 2 0 
 3 3 3 3 3 3 9 3 3 3 3 3 3 3 3 5 14 3 5 3 0 7 4 0 66 1 5 4 6 0 7 3 202 8 5 2 4 6 0 0 60 81 147 167 163 72 89 291 349 139 104 150 35 121 0 200 110 39 71 162 2 1 0 27 1 63 2 0 0 1 5 0 0 0 2 9 0 0 43 0 0 0 0 0 0 0 0 0 0 0 0 0 0 0 0 0 0 0 0 0 0 0 0 2 0 0 0 0 0 3 2 0 3 0 0 5 3 0 0 0 16 0 63 0 0 25 0 41 55 35 23 25 14 2 15 3 0 27 7 10 12 0 0 0 9 0 0 0 0 0 0 0 7 0 0 0 0 0 0 0 0 0 0 0 0 0 0 0 0 0 0 0 0 0 0 0 0 0 0 0 5 0 0 0 0 11 0 6 10 4 5 13 27 0 0 3 0 6 0 0 6 39 0 25 6 11 29 45 0 9 24 18 20 0 19 18 24 17 0 6 22 0 0 0 0 0 20 0 0 0 0 0 8 0 0 0 0 21 0 1 0 0 0 0 0 0 0 0 0 27 0 16 0 2 0 0 0 0 2 1 0 0 0 2 2 1 2 0 0 0 10 0 0 0 0 0 0 0 0 0 0 0 0 0 0 22 0 14 0 0 
 0 0 2 0 0 0 0 0 0 0 0 0 3 3 0 0 2 0 0 2 0 3 0 0 0 212 0 6 0 1 0 0 0 0 0 0 0 3 0 0 183 109 63 84 223 122 107 95 204 175 83 217 39 199 200 0 151 60 35 90 1 0 0 12 0 4 0 0 0 0 0 0 0 0 50 0 0 0 0 0 0 0 0 0 0 0 0 0 0 0 0 0 0 0 0 0 0 0 0 0 0 0 0 0 0 0 0 0 0 0 0 0 0 0 0 0 0 0 0 0 11 0 0 2 5 26 0 25 42 46 6 31 12 0 4 6 1 1 0 0 12 0 0 1 0 0 0 6 0 0 0 0 7 0 0 0 0 0 3 0 0 0 0 0 0 0 0 0 0 0 0 0 0 0 0 0 0 0 0 0 0 0 0 0 0 6 0 0 0 0 0 0 0 0 0 0 0 0 0 0 0 34 0 9 18 19 0 61 29 22 13 28 6 9 18 2 41 41 0 6 42 0 0 0 0 0 0 0 0 0 0 0 3 0 0 0 0 0 10 0 0 0 0 0 0 0 0 0 0 0 0 4 0 2 0 0 0 0 0 1 0 0 1 35 2 2 0 0 0 0 0 0 11 0 0 0 0 0 0 0 0 0 0 0 1 27 0 8 1 0 
 0 0 0 3 0 1 0 0 1 0 0 0 6 64 0 6 0 3 0 0 0 2 84 0 1 1 0 0 2 2 0 0 0 0 0 0 0 3 0 3 121 60 398 379 415 148 95 91 106 345 114 174 25 120 110 151 0 226 29 120 0 0 0 2 0 0 66 0 0 0 0 0 46 1 0 0 0 0 1 0 0 0 0 0 0 0 0 0 0 0 0 0 0 0 0 0 1 0 0 0 0 0 0 0 0 0 0 0 0 0 0 0 0 0 0 0 0 0 0 0 11 24 7 4 30 12 5 18 21 28 28 56 10 0 12 9 6 80 1 0 17 0 0 0 2 0 1 0 0 0 0 0 0 1 8 0 1 0 0 0 0 0 0 0 10 0 0 0 0 0 0 0 0 0 0 0 0 0 0 0 0 2 0 0 0 9 0 0 0 2 0 0 0 0 0 0 0 0 0 0 2 11 8 12 10 14 1 12 4 4 9 9 9 10 23 46 7 10 0 16 42 39 0 0 0 0 0 0 0 0 0 0 12 21 18 21 0 0 7 8 0 0 11 0 0 0 0 0 0 0 0 7 0 1 0 0 0 0 0 0 0 0 0 34 30 1 0 0 0 0 0 0 0 0 0 0 0 0 0 0 0 0 0 0 11 14 0 0 0 0 
 4 0 0 3 0 0 3 0 0 0 0 0 1 0 2 0 0 1 0 0 0 0 0 0 0 0 0 0 0 2 0 0 0 1 0 0 0 1 0 2 322 96 303 71 315 56 86 43 28 57 105 107 452 37 39 60 226 0 25 46 51 0 0 0 0 0 0 2 0 0 0 7 56 0 2 0 0 0 3 21 0 0 0 0 0 0 0 0 0 0 0 0 0 0 0 0 0 0 0 0 0 0 0 0 0 0 0 12 0 0 0 0 0 0 0 0 0 0 0 0 0 45 0 0 7 12 0 1 1 36 4 20 0 0 1 1 41 6 0 0 1 0 0 36 39 0 0 0 0 2 0 4 0 0 10 0 0 3 0 0 0 0 0 0 0 0 0 0 0 0 0 0 0 0 0 0 0 8 0 0 0 0 0 0 0 0 0 0 0 0 0 0 0 0 0 0 0 0 0 0 0 0 0 7 18 7 0 0 6 49 1 0 0 0 8 0 22 7 7 1 24 0 3 0 8 0 0 0 0 0 6 5 21 5 1 36 7 10 11 10 0 0 9 0 0 0 0 0 0 0 0 14 0 1 0 0 0 0 0 0 0 2 1 1 71 0 2 0 3 0 0 0 0 0 0 0 0 0 0 0 0 0 0 0 0 1 0 0 1 0 
 0 0 0 0 0 1 0 0 0 0 0 0 0 0 64 0 0 0 0 0 2 62 65 0 0 19 1 63 122 0 4 40 3 2 0 51 0 2 3 0 100 39 31 54 84 64 169 105 75 76 36 23 120 133 71 35 29 25 0 162 0 0 0 0 0 0 0 0 0 0 0 0 0 0 0 0 0 0 0 0 0 0 0 0 0 0 0 0 0 1 0 0 0 0 0 0 0 0 0 0 6 0 0 27 9 3 0 0 19 16 0 9 0 3 3 0 36 16 0 1 10 4 0 1 0 0 11 1 0 1 0 11 30 8 0 8 0 0 21 0 0 0 0 0 0 0 0 0 0 0 3 0 0 0 0 0 0 6 0 5 0 0 0 2 0 46 0 0 0 0 0 0 0 0 0 0 0 0 2 0 0 0 7 32 32 0 0 0 13 1 30 6 0 0 14 14 12 1 0 0 9 10 12 0 0 0 13 0 0 0 0 5 0 33 0 0 0 0 37 16 0 0 0 0 0 0 0 0 0 0 0 0 0 0 0 0 0 0 0 0 0 0 0 0 0 0 3 0 0 0 0 16 0 0 0 0 0 63 66 1 0 9 0 0 1 0 0 0 0 0 0 0 0 0 0 1 0 0 0 0 0 1 0 0 0 10 0 0 0 0 
 3 2 2 2 3 2 4 2 2 3 8 2 2 2 2 2 2 2 2 2 0 0 66 0 0 328 0 0 82 0 62 0 0 0 1 2 0 0 0 0 42 96 70 60 131 59 107 50 117 100 123 22 409 100 162 90 120 46 162 0 0 0 0 0 0 0 0 0 1 0 0 0 7 0 1 0 0 0 0 1 0 0 0 0 0 0 0 0 0 0 0 0 0 0 0 0 0 0 0 0 0 0 0 12 47 0 0 0 0 20 0 22 0 0 0 0 0 0 0 11 0 0 22 43 0 0 21 40 7 0 2 0 7 3 24 0 14 18 14 0 0 0 0 0 5 0 0 0 0 0 0 0 0 0 0 0 0 0 0 0 4 0 0 0 0 0 0 0 0 0 0 0 0 0 0 0 0 0 3 0 0 0 0 3 7 10 0 0 0 0 24 0 0 1 0 0 0 9 0 0 20 1 1 0 0 0 22 1 20 0 0 0 23 24 11 0 0 0 0 22 0 0 0 0 0 0 0 0 0 0 0 0 0 0 0 0 0 0 0 23 0 0 0 0 0 0 0 0 0 0 0 3 0 0 64 0 0 62 0 0 0 0 0 0 0 1 5 0 2 0 0 0 0 0 0 0 0 0 0 0 0 0 0 0 9 3 0 47 0 0 
 3 2 2 2 3 2 2 2 2 3 2 2 2 2 2 2 2 2 2 2 3 0 0 18 0 0 0 0 0 0 5 0 0 0 32 0 0 5 0 6 4 0 0 0 0 0 0 1 0 1 0 0 12 0 2 1 0 51 0 0 0 84 94 92 263 93 157 317 89 111 91 131 531 75 67 58 40 99 36 94 0 0 0 0 0 0 0 0 0 0 0 0 0 0 0 0 0 0 0 0 0 0 1 0 0 3 0 6 12 1 6 0 0 4 0 6 0 4 0 0 1 0 0 0 19 0 0 0 0 0 0 0 0 0 0 0 13 0 0 0 1 0 6 12 7 0 1 4 8 26 16 0 0 10 17 60 8 3 0 0 0 0 1 0 0 0 0 0 0 0 0 0 0 0 0 0 0 0 0 0 0 12 37 0 2 0 5 0 9 0 22 7 0 0 10 0 0 0 0 0 0 0 0 0 1 0 0 0 0 0 0 0 0 0 0 0 0 0 4 0 0 10 17 13 0 0 27 6 4 0 19 13 18 17 0 38 33 19 14 1 0 0 0 0 0 28 0 0 0 0 0 0 0 54 9 0 0 0 0 0 0 0 55 0 0 0 0 0 0 0 17 0 0 2 0 0 0 0 0 0 0 0 0 0 0 0 0 0 0 0 
