 0 224 103 165 40 41 375 108 46 48 142 36 579 132 144 152 213 95 259 274 0 2 2 0 204 76 0 204 2 10 5 2 0 0 2 1 0 5 7 2 2 3 2 9 2 2 0 3 0 1 2 3 0 0 4 3 2 5 0 2 3 0 2 0 4 0 3 0 0 3 2 1 2 0 1 3 0 1 0 2 43 1 41 0 0 42 1 1 0 37 29 0 31 17 40 47 30 0 9 27 0 0 0 0 0 0 0 0 0 0 0 2 0 0 0 0 0 0 0 0 0 0 0 0 0 0 0 0 0 0 0 0 0 0 0 0 0 0 0 0 0 0 0 0 0 0 0 0 0 0 0 0 0 0 0 0 0 0 0 0 37 0 20 19 17 0 25 0 2 0 10 1 0 13 14 11 17 0 17 23 0 0 0 0 0 0 0 0 0 0 0 0 0 0 0 0 2 0 31 0 0 0 0 0 2 0 0 0 0 0 0 0 0 0 0 0 0 0 0 1 0 0 0 0 0 0 0 0 0 0 0 1 0 0 0 0 2 0 0 1 0 0 0 0 0 0 3 2 0 49 0 10 0 0 0 0 0 1 0 0 0 0 0 0 0 0 0 0 0 0 0 0 0 0 0 7 16 0 0 0 0 0 0 0 0 0 0 0 0 0 
 224 0 194 336 70 36 73 104 227 130 142 67 207 280 266 217 74 269 96 366 0 0 0 0 1 1 2 4 0 3 4 0 2 0 0 3 0 0 2 165 1 0 0 3 6 0 0 4 3 0 0 0 1 0 2 1 2 3 4 0 3 4 1 4 3 0 3 0 0 3 2 6 7 0 0 3 0 0 0 3 45 34 20 49 49 18 69 0 0 8 0 0 8 6 10 34 16 3 0 20 20 0 0 0 2 0 12 0 0 0 0 0 0 0 0 5 0 0 13 15 0 0 0 0 0 0 0 0 0 0 0 0 0 0 0 0 0 0 0 0 0 0 0 0 0 0 0 0 0 0 0 1 0 0 0 0 0 0 0 0 6 39 6 23 29 0 8 0 0 0 0 29 15 11 21 6 62 0 10 0 0 0 0 0 0 1 0 0 0 0 0 0 0 0 0 0 0 0 16 1 0 0 0 0 0 0 0 0 0 0 0 0 0 1 0 0 2 0 0 0 0 0 0 0 0 0 2 0 0 0 0 0 1 0 0 0 0 0 0 0 0 9 0 0 0 0 0 0 0 182 2 8 17 0 0 0 0 2 0 0 0 0 0 0 1 0 0 0 0 0 0 0 0 2 0 21 0 0 0 0 0 0 0 0 0 0 0 0 0 0 
 103 194 0 188 47 135 142 176 132 68 131 39 466 145 237 104 267 139 142 180 0 0 2 2 1 0 0 0 6 11 3 5 2 1 6 7 1 1 3 81 2 0 0 4 4 6 0 3 6 23 2 0 0 6 2 0 2 7 0 0 3 0 0 1 5 3 3 0 0 3 2 10 1 0 0 46 0 2 4 3 10 68 49 55 1 11 18 0 0 0 33 11 46 13 1 34 24 4 11 17 14 0 0 0 0 0 14 0 0 0 0 1 0 0 0 0 0 0 0 0 0 0 0 0 0 2 0 0 0 0 0 0 0 0 14 0 0 0 0 0 0 0 0 0 0 0 0 0 0 3 0 0 0 0 0 0 0 0 0 0 20 16 0 12 1 9 10 2 14 51 0 7 14 2 1 40 42 13 18 0 0 0 0 0 0 0 0 5 0 0 0 0 11 0 0 0 2 0 14 0 0 0 0 0 2 0 0 0 0 0 0 0 0 0 0 0 0 0 0 1 0 0 0 0 0 0 0 0 0 0 0 1 0 0 0 0 2 0 7 1 0 0 0 0 0 0 88 2 0 92 0 12 4 0 2 0 2 0 0 0 1 0 1 0 0 0 0 0 0 0 0 0 0 0 0 0 9 0 0 0 0 0 0 0 0 0 0 0 0 0 
 165 336 188 0 95 255 94 365 72 239 224 441 61 155 516 56 46 578 106 75 0 0 0 0 0 0 150 0 0 3 4 0 172 0 82 0 0 0 80 162 2 0 0 3 0 0 3 3 0 0 0 0 0 0 2 0 0 3 0 0 3 0 0 0 9 0 3 43 0 3 2 2 0 0 0 3 0 0 0 3 13 11 10 16 22 4 0 0 0 7 0 13 8 1 9 12 11 0 3 15 41 13 13 0 0 0 6 0 17 0 0 0 34 2 17 2 0 0 46 14 1 0 0 0 0 0 0 0 1 0 0 0 0 0 0 0 0 0 0 0 0 18 0 0 0 0 0 0 0 0 0 0 0 0 0 0 0 0 0 0 8 15 0 20 24 31 14 0 0 5 10 30 13 0 0 9 1 20 20 0 10 29 0 0 0 0 1 11 0 0 0 0 0 0 21 10 0 19 39 21 12 0 0 0 0 0 0 0 0 0 0 0 0 0 0 0 0 6 2 2 0 0 0 0 0 0 0 0 0 0 0 0 0 0 0 0 0 0 0 1 0 0 0 0 0 0 93 0 51 87 0 15 10 0 0 0 0 0 1 0 0 0 0 0 0 0 0 0 0 0 0 0 0 0 0 7 0 0 0 0 0 0 0 0 0 0 0 0 0 0 
 40 70 47 95 0 157 157 154 287 184 174 218 61 63 90 97 316 150 57 67 0 0 19 0 0 0 102 80 0 3 7 0 169 76 81 3 95 0 3 97 4 0 0 3 2 0 3 3 2 0 0 0 3 0 2 20 0 3 0 3 3 3 0 2 3 0 3 0 3 6 2 0 0 2 0 3 0 0 4 12 0 23 0 14 11 1 0 2 8 27 2 25 0 0 0 16 0 0 0 0 15 1 0 0 0 0 1 43 0 2 0 23 11 34 28 16 0 6 9 29 0 0 0 0 0 0 0 0 0 0 0 0 0 0 0 0 0 0 0 0 0 6 0 0 0 0 0 0 9 0 0 0 0 1 0 0 0 1 0 0 0 1 4 0 2 0 0 14 0 23 35 8 0 0 0 19 12 6 0 3 42 6 14 16 0 0 27 29 14 0 0 0 14 0 19 0 24 0 2 27 2 0 0 0 0 0 0 0 0 39 0 0 0 0 0 0 0 0 0 0 0 0 3 0 0 0 0 0 0 0 0 0 0 0 0 0 0 0 0 0 0 0 21 0 0 0 0 0 0 0 1 3 2 17 0 0 0 0 0 0 0 0 0 0 0 0 0 0 0 0 0 0 0 0 0 0 15 0 0 0 0 0 0 0 0 0 0 0 0 0 
 41 36 135 255 157 0 29 255 44 403 70 153 22 42 73 178 273 143 45 45 0 0 0 6 3 0 161 15 0 3 3 0 147 24 150 2 44 0 164 148 0 0 0 3 1 0 0 3 0 0 0 0 0 0 2 0 0 3 0 0 3 0 0 0 3 0 3 0 0 3 2 0 0 0 0 3 0 0 1 3 0 0 0 9 17 11 0 0 0 0 0 42 0 0 0 0 11 0 0 0 22 22 10 11 0 0 27 1 13 1 0 0 51 11 45 11 0 0 34 13 0 0 0 0 0 0 0 0 0 0 0 14 0 0 0 0 0 0 0 0 0 0 0 0 0 0 0 0 0 0 0 0 9 0 0 0 0 0 0 0 0 0 1 11 6 8 4 0 0 1 0 22 0 0 0 0 0 41 0 0 0 31 0 0 12 0 11 0 10 0 0 0 0 0 41 66 7 0 28 11 0 0 0 0 0 0 0 0 0 0 0 0 0 0 0 0 0 0 0 0 0 0 0 0 0 0 0 15 0 0 0 0 0 0 0 0 0 0 0 0 0 0 0 0 0 1 92 0 91 0 0 12 0 0 0 0 0 0 0 0 0 0 0 0 0 0 0 0 0 0 0 0 0 0 0 0 0 0 0 0 0 0 0 0 0 0 0 0 0 0 
 375 73 142 94 157 29 0 211 147 117 80 22 598 121 83 123 153 134 124 49 1 0 0 0 2 0 0 2 2 3 4 0 0 1 0 0 76 0 2 2 0 0 0 3 0 0 2 3 0 1 0 0 0 0 2 0 0 3 0 0 3 0 2 0 3 0 3 0 0 3 2 0 2 0 1 3 0 0 0 2 0 2 19 0 0 20 10 0 42 18 31 0 40 29 25 22 16 0 31 1 4 0 0 0 0 0 3 1 0 0 0 0 0 0 0 0 0 0 0 0 0 0 9 0 0 0 0 0 0 0 0 0 0 0 0 0 0 0 0 0 0 12 0 0 1 0 0 0 0 0 0 20 0 5 3 6 0 1 0 2 34 9 15 28 42 0 12 0 17 0 0 9 0 0 22 9 15 4 0 0 3 0 0 0 0 0 0 0 0 2 0 0 19 0 0 0 0 0 30 0 0 0 0 0 0 0 0 0 0 0 0 0 0 0 0 0 0 0 0 14 0 0 0 10 0 0 0 0 0 0 0 0 0 0 0 9 0 14 2 0 0 0 0 0 0 2 49 0 2 90 0 18 0 0 2 0 0 0 0 0 0 0 0 0 0 0 0 0 0 0 0 0 0 0 0 10 13 20 0 0 0 0 0 0 0 0 0 0 0 0 
 108 104 176 365 154 255 211 0 200 269 336 29 329 74 305 211 119 210 133 62 0 0 0 0 0 2 101 0 6 3 6 0 0 3 0 0 1 0 2 0 0 0 0 3 0 0 0 3 0 3 0 0 0 0 65 0 3 3 0 4 3 0 2 2 4 0 3 1 0 5 2 3 2 2 1 3 0 0 2 2 19 0 33 0 10 0 0 8 46 14 24 0 27 19 9 13 17 0 16 19 0 0 0 0 0 0 25 0 0 0 0 1 0 0 0 1 0 0 0 0 2 0 0 0 0 0 0 0 2 0 0 0 0 0 0 0 0 0 0 0 0 0 0 0 3 0 0 19 0 0 0 9 0 2 1 4 0 0 0 0 73 0 17 0 3 0 10 0 1 0 0 15 0 0 24 27 32 3 0 8 0 0 0 0 0 0 0 0 0 0 0 0 19 0 0 0 0 0 19 0 0 0 0 1 0 0 0 0 1 0 0 0 0 0 0 0 0 0 1 1 0 0 0 0 0 0 0 0 0 0 0 0 0 0 0 0 0 0 0 0 0 0 0 0 0 0 88 1 0 2 0 3 0 0 0 0 0 0 0 0 0 0 0 0 0 0 0 0 0 0 0 0 0 0 0 9 40 17 0 0 0 0 0 0 0 0 0 0 0 0 
 46 227 132 72 287 44 147 200 0 99 47 103 131 379 141 74 128 51 94 183 3 0 2 3 0 0 0 0 0 3 7 0 0 80 5 0 0 1 2 0 4 0 0 3 0 4 3 3 0 7 0 3 0 0 2 3 8 7 0 0 2 0 0 3 2 0 5 0 0 3 2 0 0 0 0 3 3 0 0 7 9 18 51 29 0 0 43 18 0 1 0 0 39 12 0 2 35 0 5 39 0 0 0 0 15 0 0 0 0 0 0 0 0 0 0 0 0 0 0 0 0 0 11 0 0 0 0 0 0 0 0 0 0 0 0 0 0 0 0 0 0 0 0 0 0 0 0 0 0 0 0 0 0 0 0 0 0 0 0 0 1 26 13 0 0 0 6 0 24 4 0 8 15 0 2 0 5 0 0 0 0 0 0 0 2 4 0 0 0 0 0 0 0 1 0 0 0 0 0 0 0 0 0 0 0 0 0 0 0 0 0 0 0 0 0 0 0 0 0 0 0 0 0 0 0 0 0 0 1 0 0 0 0 0 0 2 0 0 0 0 0 2 0 0 0 1 0 0 2 0 10 12 37 0 0 0 0 0 0 1 2 0 0 0 0 0 0 0 0 0 0 0 0 0 0 0 0 0 0 0 0 0 0 0 0 0 0 0 0 0 
 48 130 68 239 184 403 117 269 99 0 166 117 36 154 329 325 34 281 58 90 0 0 0 0 0 0 19 0 0 3 5 0 75 0 0 0 0 0 76 0 0 0 0 3 1 0 0 64 0 2 0 0 0 1 3 0 0 3 0 0 3 1 12 0 3 0 3 5 10 3 2 0 3 10 3 5 10 0 4 1 0 0 0 10 22 26 6 0 0 27 0 33 0 0 0 2 0 15 0 0 43 0 0 0 0 0 0 0 20 0 0 0 16 10 23 0 0 0 52 0 0 0 0 0 0 0 0 0 0 0 0 0 0 1 0 0 0 0 0 0 0 0 0 0 0 0 0 0 0 0 0 0 0 0 0 0 0 0 0 0 0 12 1 0 0 0 26 0 13 6 0 23 0 0 2 0 0 17 0 0 6 12 0 0 0 0 1 0 0 13 0 0 0 7 0 2 0 18 0 23 0 0 0 0 0 0 0 0 0 0 0 0 0 0 0 1 0 0 0 0 0 0 0 0 0 0 0 0 0 0 0 0 0 0 0 0 0 0 0 0 0 0 0 0 0 5 0 2 92 0 2 4 0 0 0 0 0 0 0 0 0 0 0 0 0 0 0 0 0 0 0 0 0 0 0 0 0 0 0 0 0 0 0 0 0 0 0 0 0 0 
 142 142 131 224 174 70 80 336 47 166 0 201 137 130 305 230 108 121 38 88 2 2 0 0 1 0 80 2 1 3 5 0 0 2 0 3 0 1 49 1 0 0 0 3 3 0 0 3 2 2 0 3 0 0 3 0 2 3 3 0 3 4 39 2 3 0 3 0 0 3 2 3 6 0 2 3 0 0 10 1 13 18 1 0 0 0 6 0 20 11 15 13 1 11 14 35 2 25 13 0 8 0 0 0 0 0 1 13 0 0 0 0 0 10 0 0 0 0 0 0 0 0 0 2 0 0 0 0 0 0 0 0 12 0 0 0 0 0 0 0 0 0 0 0 0 0 0 0 0 0 0 3 0 4 3 5 0 0 0 0 28 8 32 22 10 0 1 3 0 4 1 0 0 0 35 14 0 0 0 0 13 16 0 0 0 0 2 0 10 0 0 9 8 0 0 0 0 8 13 11 0 2 0 0 0 0 0 0 0 0 0 0 1 0 0 1 0 0 0 0 0 0 0 0 0 0 0 0 0 0 17 0 0 0 0 0 0 0 0 0 0 8 0 0 0 2 7 0 0 0 3 12 0 0 0 0 0 0 0 0 0 0 7 0 0 0 0 0 0 0 0 0 0 0 0 0 15 14 0 0 0 0 0 0 0 0 0 0 0 0 
 36 67 39 441 218 153 22 29 103 117 201 0 33 284 33 355 86 69 27 104 75 0 0 0 0 0 85 149 0 3 4 0 39 147 0 1 5 0 186 107 3 3 30 3 2 0 0 3 0 0 0 0 0 2 2 0 0 3 0 0 3 0 0 0 3 0 3 0 0 3 2 47 1 0 0 3 0 0 0 3 0 14 0 0 7 14 6 0 0 0 0 16 0 0 0 14 0 0 0 0 2 16 20 0 0 0 2 17 15 0 0 14 35 28 18 4 15 0 25 10 0 0 0 0 0 0 0 0 0 0 0 0 0 7 0 0 0 0 0 0 0 3 0 0 0 0 0 0 0 0 0 0 0 0 0 0 0 0 0 15 0 8 5 0 0 26 0 0 0 4 19 20 0 0 14 4 0 0 0 0 31 0 11 0 0 0 27 64 20 0 9 0 0 1 0 4 9 23 0 36 0 0 0 0 0 0 0 0 0 0 0 0 0 0 0 0 0 0 0 0 0 0 0 0 0 0 0 0 0 0 0 0 0 0 0 0 0 0 0 0 0 26 0 0 0 2 1 0 89 0 2 0 0 0 0 0 0 0 0 0 0 0 0 0 0 0 0 0 0 0 0 0 0 0 0 0 0 0 0 0 0 0 0 0 0 0 0 0 0 0 
 579 207 466 61 61 22 598 329 131 36 137 33 0 453 36 230 27 167 221 64 0 0 0 0 0 0 2 0 0 3 5 0 2 0 0 1 0 2 3 0 1 1 0 5 0 0 0 3 0 2 0 0 0 0 3 0 0 3 0 0 6 0 3 0 3 0 3 0 0 68 5 0 3 0 3 7 0 0 0 0 22 9 29 0 0 0 0 21 25 19 0 2 31 27 39 10 0 0 13 64 0 0 1 0 0 0 0 0 0 0 0 0 0 0 0 0 0 0 0 0 0 0 0 0 0 0 0 0 0 0 0 0 0 0 0 0 0 0 0 0 2 0 0 0 0 0 1 0 0 0 0 0 0 4 5 9 0 0 0 0 27 15 28 47 15 0 39 16 45 0 0 0 43 12 16 9 11 7 9 24 0 0 2 0 0 0 1 0 0 0 0 0 15 0 0 0 0 0 29 0 0 0 0 0 0 0 0 1 0 0 0 0 0 0 0 0 0 0 0 11 0 0 0 0 0 0 0 0 0 0 0 1 0 0 0 15 0 0 0 0 0 0 0 0 0 95 87 0 1 94 11 18 9 0 0 0 0 0 0 0 0 0 0 0 0 0 23 0 0 0 0 0 0 0 0 7 0 0 0 0 0 0 0 0 0 0 0 0 0 0 
 132 280 145 155 63 42 121 74 379 154 130 284 453 0 222 227 317 167 231 183 0 0 0 0 0 0 0 0 0 3 4 0 3 0 1 0 0 2 4 0 0 1 0 3 2 0 0 3 0 1 0 0 91 0 2 0 0 3 0 0 3 0 2 0 54 0 39 0 0 3 2 0 2 0 1 52 0 0 0 2 24 24 34 23 0 36 31 1 9 0 18 2 10 54 36 36 11 11 10 18 0 0 1 0 0 0 0 0 0 0 0 0 0 0 0 0 0 0 0 0 0 0 0 0 0 0 0 0 0 0 0 0 0 0 0 0 0 0 0 0 2 0 0 0 0 0 1 0 0 0 0 0 0 3 13 0 0 0 0 0 11 10 14 31 18 0 12 9 0 0 0 13 0 10 52 13 0 0 14 7 0 0 2 0 0 1 1 0 0 0 0 0 1 0 0 0 0 0 18 0 0 0 1 0 0 0 0 1 0 0 0 0 0 0 0 0 0 0 0 0 0 0 0 0 0 0 0 0 0 0 0 0 0 0 0 0 0 0 0 14 0 9 0 0 0 2 2 0 0 89 0 10 0 0 0 0 0 0 0 0 0 0 1 0 0 0 0 0 0 0 0 0 0 0 0 6 9 0 0 0 0 0 0 0 0 0 0 0 0 0 
 144 266 237 516 90 73 83 305 141 329 305 33 36 222 0 140 267 222 418 387 2 0 0 0 0 0 0 0 0 3 4 0 2 0 1 0 0 0 2 0 2 0 0 3 0 0 0 3 0 6 0 0 0 0 7 0 0 7 9 0 3 44 2 0 3 0 3 0 0 3 2 0 2 0 1 3 0 0 0 38 55 12 0 41 0 35 40 16 20 0 15 14 42 16 48 50 31 44 0 3 9 0 0 0 0 0 0 0 0 0 0 0 0 2 0 2 0 0 0 0 1 0 0 0 0 0 0 0 1 0 0 0 0 0 0 0 0 0 0 0 0 0 0 0 0 0 0 0 0 6 3 0 0 0 0 0 0 0 0 12 0 0 14 20 19 0 0 0 10 27 4 5 0 6 10 12 0 0 0 0 0 0 0 0 0 0 0 0 0 0 0 0 11 0 0 0 0 0 20 17 0 0 0 2 0 0 0 0 2 0 0 0 0 0 0 0 0 0 2 0 0 0 0 0 0 0 0 0 0 0 0 0 0 0 13 0 0 0 0 0 0 0 0 0 0 0 3 0 0 100 11 3 1 0 0 0 0 0 0 0 0 0 10 0 0 0 0 0 0 0 0 0 0 0 41 10 14 0 0 0 0 0 0 0 0 0 0 0 0 0 
 152 217 104 56 97 178 123 211 74 325 230 355 230 227 140 0 415 150 57 166 0 0 0 0 0 0 38 0 1 3 5 71 0 4 0 0 0 2 4 2 2 0 0 3 0 0 0 3 2 2 0 0 0 72 3 0 0 3 0 0 3 0 3 0 3 0 3 0 0 3 2 0 3 0 2 3 0 0 0 1 28 18 2 0 35 9 1 0 7 1 36 38 32 0 6 86 55 10 18 0 21 0 0 0 0 0 9 0 0 0 0 0 0 0 0 0 0 0 20 27 0 0 0 1 1 0 0 0 0 0 0 0 17 0 0 0 0 0 0 0 0 0 0 0 0 0 0 0 0 0 0 7 0 0 0 0 0 0 0 0 62 26 0 19 27 0 4 0 0 1 33 18 0 0 30 22 11 1 3 0 0 12 0 0 0 0 0 0 0 0 0 0 0 0 0 0 0 0 34 0 0 0 0 0 0 0 0 0 0 0 0 0 0 0 0 0 0 0 0 0 0 0 0 0 0 0 0 0 0 0 0 0 0 0 0 0 0 0 0 0 0 6 0 0 0 0 1 0 1 86 0 2 0 0 0 0 0 0 0 0 0 0 12 0 0 0 0 0 0 0 0 0 0 0 0 14 11 23 0 0 0 0 0 0 0 0 0 0 0 0 
 213 74 267 46 316 273 153 119 128 34 108 86 27 317 267 415 0 212 83 365 0 0 0 0 0 0 0 0 2 6 5 1 1 0 0 0 0 0 3 2 1 0 0 3 0 0 0 3 0 0 0 0 0 0 2 0 0 3 0 0 3 0 0 40 3 0 3 0 0 3 3 0 1 0 0 38 0 0 0 3 20 0 54 16 0 17 28 0 81 11 68 0 32 15 22 15 31 13 7 6 0 0 0 0 0 11 0 0 0 0 0 0 0 0 0 0 0 0 0 0 0 0 0 0 0 1 0 0 0 0 0 0 0 0 0 0 0 0 0 0 0 0 0 0 0 0 0 0 0 0 0 0 0 0 5 1 0 0 0 0 18 0 0 16 17 0 11 21 14 0 0 4 10 0 46 0 10 20 0 15 0 0 0 0 0 0 0 0 0 0 0 0 0 0 0 0 0 0 13 0 0 0 0 0 0 0 0 0 0 0 0 0 0 0 0 0 0 0 0 0 0 0 0 0 0 0 0 0 0 0 0 0 0 0 0 0 0 0 0 0 0 0 0 0 0 0 0 1 1 178 1 6 0 0 0 0 0 0 0 0 0 0 0 0 0 0 0 0 0 0 0 0 0 0 0 10 0 0 0 0 0 0 0 0 0 0 0 0 0 0 
 95 269 139 578 150 143 134 210 51 281 121 69 167 167 222 150 212 0 132 110 0 0 0 0 0 0 73 0 0 3 3 0 0 0 0 0 0 0 2 56 2 0 0 3 2 0 0 3 0 5 0 0 0 0 3 0 0 4 0 0 3 0 3 0 3 0 3 0 0 2 2 0 3 0 3 3 0 0 0 0 1 17 25 31 38 33 53 14 1 24 10 14 8 0 12 36 18 12 0 0 14 0 15 0 0 0 19 0 0 0 0 11 0 0 21 1 0 0 14 14 0 0 0 0 1 0 2 0 0 0 0 0 0 0 0 7 0 0 0 0 0 0 0 0 0 0 0 0 0 0 0 2 0 0 0 0 1 0 0 0 16 18 0 23 45 25 9 9 0 17 39 5 0 0 15 18 13 11 12 0 0 10 0 0 0 0 0 10 0 0 0 0 0 0 0 20 0 1 15 13 0 0 0 0 0 0 0 0 0 0 0 0 0 0 0 0 7 0 0 0 0 11 0 0 0 0 0 2 0 0 1 0 0 0 0 0 0 1 0 0 0 0 0 0 0 2 10 0 5 95 3 18 0 0 0 0 0 0 0 0 0 0 0 0 0 0 0 0 0 0 0 0 0 0 0 10 0 0 0 0 0 0 0 0 0 0 0 0 0 0 
 259 96 142 106 57 45 124 133 94 58 38 27 221 231 418 57 83 132 0 68 0 0 0 0 0 2 0 0 2 3 5 0 1 0 0 0 3 0 2 2 0 1 2 3 0 66 0 3 2 51 0 0 0 3 3 0 0 3 0 0 38 30 3 0 3 0 3 0 0 2 4 0 3 0 4 3 0 0 0 0 19 10 26 0 0 0 11 31 0 13 0 0 21 13 99 10 0 21 23 51 0 0 0 0 0 0 0 0 0 0 0 0 0 0 0 0 0 0 0 0 0 0 0 1 0 0 1 0 0 0 0 0 0 0 0 0 0 0 0 0 0 0 0 0 0 0 0 0 0 1 13 0 0 0 0 0 0 0 0 0 8 15 0 13 13 0 15 0 20 0 2 0 14 7 0 11 11 0 9 31 0 0 0 0 0 0 0 0 2 0 0 0 0 0 0 0 0 1 14 0 0 0 0 0 0 0 0 0 0 0 0 0 0 0 0 0 0 0 0 12 0 0 0 0 0 0 0 0 0 0 0 0 0 0 0 0 0 0 0 0 0 0 0 0 0 0 0 0 2 85 1 17 9 0 0 0 0 0 0 0 0 0 0 0 0 0 0 0 0 0 0 0 0 0 0 7 0 0 0 0 0 0 0 0 0 0 0 0 0 0 
 274 366 180 75 67 45 49 62 183 90 88 104 64 183 387 166 365 110 68 0 0 1 2 0 0 75 2 3 2 3 7 0 2 4 0 0 0 0 3 2 2 0 0 3 1 0 0 3 0 2 0 5 0 0 2 0 0 3 0 0 3 2 0 0 3 0 3 31 0 3 2 0 0 0 0 54 0 0 0 3 21 17 6 15 0 14 24 1 4 0 15 26 37 8 12 27 24 21 0 0 0 0 0 0 0 0 0 0 0 0 0 0 0 0 0 0 0 0 0 0 0 2 0 0 0 0 0 0 0 0 1 0 0 0 0 0 0 0 0 0 0 0 0 0 0 0 0 0 0 1 0 0 0 0 0 0 0 0 0 0 0 9 14 0 0 0 0 1 6 13 4 3 8 10 14 0 0 15 0 13 0 0 0 0 0 0 0 0 0 0 0 0 2 0 0 0 0 0 0 0 0 0 0 0 0 0 0 0 0 0 1 0 0 0 0 0 0 0 0 0 0 0 2 13 0 0 0 0 0 0 0 0 0 0 0 0 0 0 0 0 0 10 0 0 0 0 1 2 2 45 10 11 0 2 0 0 0 0 0 0 0 0 8 0 0 0 0 0 0 0 0 0 0 0 0 0 7 0 0 0 0 0 0 0 0 2 0 5 0 0 
 0 0 0 0 0 0 1 0 3 0 2 75 0 0 2 0 0 0 0 0 0 307 252 77 88 94 56 447 182 100 16 108 283 265 308 194 196 97 158 124 1 0 0 0 1 0 28 3 0 0 0 0 3 6 0 9 0 0 4 0 3 1 2 0 0 0 0 3 3 0 0 0 0 0 0 0 1 0 51 0 0 0 0 0 1 0 0 0 0 0 0 0 0 0 0 0 0 0 0 0 0 20 15 14 37 12 1 24 37 50 0 31 32 0 0 46 11 47 21 74 13 17 0 0 0 0 0 0 0 0 0 0 0 0 0 0 0 12 11 0 0 9 2 0 0 0 0 0 0 0 0 0 0 0 0 0 0 0 0 0 0 0 0 0 5 21 0 18 0 0 0 0 0 10 0 0 0 0 1 0 27 17 20 21 5 20 72 35 58 16 12 0 0 52 0 21 76 0 0 1 0 0 0 0 0 0 4 0 0 0 0 0 0 0 0 0 0 0 35 0 0 0 0 0 0 0 0 0 0 0 0 0 0 0 0 0 0 0 0 0 0 0 18 0 0 0 0 0 0 0 0 0 0 0 4 1 4 77 1 2 1 0 0 0 0 0 0 0 0 0 0 0 0 0 0 0 0 0 0 26 0 7 0 0 0 0 0 0 0 0 
 2 0 0 0 0 0 0 0 0 0 2 0 0 0 0 0 0 0 0 1 307 0 252 284 109 52 85 81 222 251 268 49 26 116 114 285 271 106 39 47 81 0 0 4 0 0 8 3 1 0 0 0 65 4 0 5 0 0 29 0 3 2 3 0 0 0 0 3 3 0 0 0 0 0 0 0 0 0 0 0 0 0 0 0 0 0 0 0 0 0 0 0 0 0 0 0 0 0 0 0 0 0 29 14 40 28 0 31 12 54 13 32 11 0 0 12 11 18 9 9 0 0 0 0 0 0 22 0 0 0 0 0 0 0 0 0 0 0 22 18 0 0 8 0 0 0 0 2 0 0 0 0 0 0 0 0 0 0 0 0 0 0 0 0 4 2 0 0 0 0 0 1 0 3 0 1 0 0 11 0 35 17 49 27 0 8 17 18 18 11 11 19 0 17 0 1 45 9 0 0 0 0 0 0 0 0 40 0 0 0 0 0 0 0 0 0 2 0 17 1 0 0 0 0 0 0 0 0 0 0 0 0 0 0 0 0 0 1 0 0 0 0 12 0 0 0 0 0 0 0 0 0 0 0 2 0 0 4 0 2 2 14 0 0 0 0 0 0 0 0 0 0 0 0 0 0 16 0 0 0 0 3 0 0 0 30 5 0 0 0 
 2 0 2 0 19 0 0 0 2 0 0 0 0 0 0 0 0 0 0 2 252 252 0 136 127 65 148 113 489 187 420 70 165 312 157 173 222 93 27 28 2 0 0 66 0 0 65 3 0 0 0 0 6 0 0 11 0 0 64 0 2 3 3 0 0 0 0 3 3 0 0 0 0 0 0 0 0 0 0 0 0 0 0 0 0 20 0 0 0 0 0 0 0 0 0 0 0 0 0 0 0 20 28 13 47 40 0 36 9 28 10 55 0 4 0 29 9 8 16 0 8 0 0 0 0 0 0 0 0 0 0 0 0 0 0 0 7 0 2 9 0 0 0 0 0 0 0 0 0 0 0 0 0 0 0 0 3 0 0 0 0 0 0 0 3 13 0 0 0 0 0 0 0 3 0 0 0 0 0 0 6 25 14 27 11 13 23 1 12 22 19 8 0 11 41 11 37 0 0 0 0 0 0 1 0 0 64 13 0 0 0 0 7 0 0 0 0 0 16 10 0 0 0 0 0 0 14 0 0 0 0 0 0 0 0 0 0 0 0 0 0 0 20 0 0 0 0 0 0 0 0 0 0 0 4 0 3 76 75 0 2 0 0 0 0 0 0 0 0 0 0 0 0 0 0 0 0 0 0 0 0 0 0 0 0 7 24 0 0 0 
 0 0 2 0 0 6 0 0 3 0 0 0 0 0 0 0 0 0 0 0 77 284 136 0 79 49 193 81 403 242 139 129 371 193 436 34 120 63 231 75 2 0 0 67 1 209 72 3 0 0 0 0 3 6 0 10 0 1 64 0 33 1 2 0 0 0 0 3 2 0 0 0 0 0 0 0 2 0 0 0 0 0 0 0 0 0 0 0 0 0 0 0 0 0 0 0 0 0 0 0 0 27 2 30 0 25 31 13 45 72 0 38 10 0 90 73 37 22 9 31 0 0 0 0 0 0 0 0 0 0 0 12 0 0 0 0 0 10 4 29 0 0 6 0 0 0 0 0 0 0 0 0 0 0 0 0 0 0 0 0 0 0 0 0 0 14 0 4 0 0 0 0 0 0 0 0 2 0 0 19 20 1 20 35 9 29 41 14 15 72 0 8 13 94 40 7 24 7 0 0 0 0 0 3 0 0 16 13 0 1 0 0 0 0 0 0 0 0 40 10 0 0 0 0 0 0 0 0 0 0 0 0 0 0 0 0 0 0 0 0 0 0 18 0 0 0 0 0 0 0 0 0 0 0 7 0 0 0 88 2 16 11 0 0 0 0 12 0 0 0 0 0 0 0 0 0 0 0 0 0 0 8 0 0 0 7 0 0 0 0 
 204 1 1 0 0 3 2 0 0 0 1 0 0 0 0 0 0 0 0 0 88 109 127 79 0 353 45 354 95 78 108 141 83 132 371 232 170 137 70 94 1 0 0 1 1 0 0 87 0 0 0 0 35 0 107 0 0 0 125 0 11 4 3 0 0 0 0 3 3 0 0 0 0 0 0 2 1 0 0 0 0 0 0 0 0 0 0 0 0 0 0 0 0 0 0 0 0 0 0 0 0 0 34 0 1 1 0 17 0 12 8 11 0 0 0 12 0 28 0 0 11 7 0 0 0 0 8 17 0 0 0 13 10 21 45 26 25 29 29 21 0 0 0 3 0 0 0 0 0 0 0 0 0 0 0 0 0 5 3 0 0 0 0 0 0 0 0 0 0 0 0 0 0 0 0 2 0 0 0 0 5 29 10 0 59 48 0 13 8 0 13 22 0 8 13 0 0 0 0 0 25 21 1 0 0 0 15 0 13 0 0 5 19 16 9 0 26 0 19 1 0 0 0 0 0 0 0 0 0 0 0 0 0 0 0 0 0 0 0 0 0 0 0 0 0 0 0 0 0 0 0 0 0 0 8 0 3 172 2 0 6 2 0 0 0 0 0 0 0 0 0 0 0 0 0 0 0 0 0 9 0 0 0 0 19 0 0 0 0 0 
 76 1 0 0 0 0 0 2 0 0 0 0 0 0 0 0 0 0 2 75 94 52 65 49 353 0 26 46 65 48 153 249 27 45 256 218 153 133 76 275 1 3 34 1 0 0 0 81 0 0 0 1 103 0 11 34 80 0 80 34 3 2 3 0 0 48 0 3 3 0 0 0 0 0 0 0 0 4 7 0 0 0 1 0 0 0 0 0 0 0 0 0 0 0 0 0 0 0 0 0 6 21 0 20 10 16 0 18 0 0 24 0 0 0 1 0 0 30 0 0 26 0 0 0 0 0 20 9 0 0 0 0 8 9 21 28 13 12 20 0 0 0 0 0 0 0 0 0 0 0 1 0 0 0 0 0 4 0 0 0 0 19 0 0 11 0 0 0 0 0 0 11 0 0 0 6 0 0 0 0 0 12 19 2 19 21 0 0 0 1 33 14 0 0 0 12 18 0 0 0 15 2 0 11 0 0 13 0 12 3 0 15 44 33 13 20 0 18 18 33 0 0 0 0 0 0 0 0 0 0 2 0 0 0 0 0 0 0 0 0 0 0 7 0 0 0 0 0 0 1 0 0 0 0 13 1 0 1 1 1 0 2 0 0 0 0 0 0 0 0 0 0 0 0 0 0 0 0 0 0 0 12 0 0 8 0 0 0 0 1 
 0 2 0 150 102 161 0 101 0 19 80 85 2 0 0 38 0 73 0 2 56 85 148 193 45 26 0 93 51 105 29 57 157 112 75 240 253 104 127 115 0 0 0 0 8 0 0 5 2 0 0 1 3 0 0 1 1 1 7 0 7 7 3 5 0 0 0 3 4 0 0 6 5 0 0 0 0 0 0 0 2 13 0 19 22 1 0 0 0 23 0 21 0 0 0 0 3 0 0 0 29 0 16 10 0 11 14 33 0 0 0 0 10 10 30 7 29 23 2 16 0 0 0 0 0 0 0 0 8 0 13 0 0 0 2 0 0 0 0 0 0 3 0 28 0 0 0 0 0 1 1 1 0 0 0 0 0 0 0 0 0 0 1 0 9 0 0 0 1 3 25 0 0 0 0 0 0 0 0 0 14 34 9 9 0 0 0 10 12 0 0 0 0 0 27 0 0 13 0 23 0 0 0 0 1 0 0 2 0 0 0 0 0 0 0 0 0 0 22 0 0 0 0 0 2 1 0 2 0 1 0 0 0 0 0 0 0 0 0 0 0 0 1 0 0 0 0 0 0 0 0 0 0 0 0 0 0 2 0 0 2 2 0 0 0 0 11 0 0 0 0 0 0 0 0 0 0 0 0 0 0 0 0 0 0 0 0 0 0 0 
 204 4 0 0 80 15 2 0 0 0 2 149 0 0 0 0 0 0 0 3 447 81 113 81 354 46 93 0 174 44 117 36 516 279 124 113 137 48 125 221 2 0 0 0 1 0 5 0 6 0 0 1 0 1 0 0 0 0 0 0 0 2 0 0 0 0 0 0 0 5 0 0 0 0 0 0 0 0 45 0 0 0 0 0 13 8 0 0 1 0 0 31 0 0 0 0 0 0 0 0 0 55 30 40 27 15 0 0 45 9 0 0 31 65 19 32 42 0 0 13 0 2 0 0 0 0 0 0 0 0 0 0 0 1 0 1 0 10 11 0 0 3 0 0 0 0 0 0 0 0 0 0 0 0 0 0 0 0 0 0 9 0 0 0 6 25 0 6 2 0 0 12 0 8 0 0 0 0 0 1 56 0 20 4 7 0 1 11 35 0 1 0 13 35 29 6 10 0 6 23 0 1 0 0 0 0 9 0 0 0 0 0 0 0 0 0 0 0 14 0 0 0 0 0 0 0 0 0 0 0 0 0 0 0 0 0 0 0 0 0 0 0 0 0 0 0 0 0 0 0 0 0 0 0 2 0 1 37 76 2 2 0 0 0 0 0 0 0 0 0 0 0 0 0 0 0 0 0 0 11 0 0 0 0 0 0 0 0 0 2 
 2 0 6 0 0 0 2 6 0 0 1 0 0 0 0 1 2 0 2 2 182 222 489 403 95 65 51 174 0 396 380 53 93 455 329 129 291 325 135 82 65 0 0 0 6 0 11 4 0 2 0 0 30 4 0 8 3 0 21 2 2 3 4 3 0 0 0 3 3 2 0 3 0 0 0 0 1 0 2 0 0 0 0 0 11 0 0 0 0 0 0 0 0 0 0 0 0 0 0 0 0 23 10 2 19 12 13 25 22 40 46 73 11 0 0 26 22 17 9 23 1 0 0 0 0 0 0 0 0 0 0 0 0 0 0 0 0 0 13 15 0 0 12 0 4 0 0 0 0 0 0 0 0 0 0 0 0 0 0 0 0 0 0 0 0 30 0 1 0 0 0 0 0 2 0 0 0 0 0 0 18 10 49 55 3 39 19 19 19 14 31 28 0 39 8 19 44 6 0 0 0 0 0 0 0 0 17 0 0 0 0 0 0 0 0 0 1 0 22 0 0 0 0 0 0 0 0 0 0 0 0 0 0 0 0 0 0 0 0 2 0 0 13 0 0 0 0 0 0 0 0 0 0 0 6 2 2 1 5 1 18 15 0 0 0 0 0 0 0 0 0 0 0 0 0 0 0 0 0 0 0 10 0 0 0 19 19 0 0 0 
 10 3 11 3 3 3 3 3 3 3 3 3 3 3 3 3 6 3 3 3 100 251 187 242 78 48 105 44 396 0 323 123 153 97 398 164 126 235 66 315 1 0 0 36 1 0 57 3 1 0 0 0 5 0 0 0 0 0 56 0 24 2 3 0 0 0 0 3 3 0 0 0 0 0 0 0 1 0 0 0 0 0 0 0 0 0 0 0 0 0 0 0 0 0 0 0 0 0 9 0 0 18 0 32 23 38 38 39 28 11 0 1 0 0 3 39 34 22 0 13 5 0 0 0 0 0 15 0 0 0 0 0 8 0 1 0 0 0 0 14 0 0 0 0 2 0 0 0 0 1 0 0 0 0 0 2 5 0 0 0 0 0 0 1 0 18 0 4 0 0 0 0 0 0 41 0 0 0 0 9 1 7 30 18 0 20 15 13 1 82 21 18 13 34 18 10 31 11 0 4 1 0 50 0 0 0 1 12 0 20 0 0 23 0 9 1 0 0 17 4 0 0 0 0 0 0 0 0 0 0 0 0 7 0 0 12 0 0 0 2 0 0 2 0 0 0 0 0 0 0 0 0 0 0 2 2 0 2 203 0 14 0 0 0 0 0 17 0 0 0 0 0 0 0 0 0 0 0 0 0 0 0 0 0 0 26 0 0 0 0 
 5 4 3 4 7 3 4 6 7 5 5 4 5 4 4 5 5 3 5 7 16 268 420 139 108 153 29 117 380 323 0 201 41 107 368 86 182 59 25 71 31 0 0 62 0 0 62 3 0 0 6 0 127 0 0 0 0 0 0 0 7 2 2 0 0 50 0 3 5 0 0 0 1 3 0 1 2 0 3 0 0 0 0 0 0 0 0 0 0 1 0 0 0 0 0 0 0 0 0 0 0 41 0 0 0 7 15 0 1 0 0 0 0 0 0 13 2 20 0 17 21 0 0 0 0 0 27 0 0 0 2 0 31 10 0 0 0 1 12 0 0 0 0 0 0 0 0 0 0 0 0 0 2 0 0 0 8 0 12 0 0 0 0 24 0 19 0 4 0 0 0 0 0 4 0 0 0 0 0 3 0 10 0 10 0 17 0 2 0 21 10 14 0 2 22 10 21 0 0 0 1 0 0 0 0 0 1 37 0 11 0 0 16 0 27 0 0 0 9 18 0 0 0 0 0 0 0 0 0 0 0 0 0 0 0 0 0 0 0 0 0 0 0 0 0 0 0 0 0 0 0 0 0 0 9 0 0 0 45 2 26 1 0 0 0 0 0 0 0 0 0 0 0 0 0 0 0 0 0 0 0 0 0 0 11 0 0 0 0 0 
 2 0 5 0 0 0 0 0 0 0 0 0 0 0 0 71 1 0 0 0 108 49 70 129 141 249 57 36 53 123 201 0 264 27 54 400 165 289 29 35 0 0 0 0 4 0 0 65 2 1 0 0 60 0 0 0 62 0 45 67 9 2 3 0 0 0 0 3 3 0 0 0 0 0 0 0 1 0 0 0 0 0 0 0 0 0 0 0 0 0 2 0 0 17 0 0 0 0 0 0 0 41 1 36 9 28 14 40 0 1 27 0 1 0 0 0 1 49 0 0 7 0 0 0 0 0 12 8 0 0 8 0 21 0 16 8 9 2 27 1 0 2 0 0 0 0 0 0 0 0 0 0 0 0 0 0 4 0 0 0 0 14 0 0 1 0 0 0 0 0 0 0 0 0 0 13 0 0 1 0 0 19 50 30 11 8 0 0 0 1 20 30 0 0 16 20 18 0 0 0 8 0 0 16 0 0 19 0 1 10 0 0 13 26 11 19 0 0 43 16 0 0 0 0 0 0 0 0 0 0 0 0 0 0 0 0 0 0 0 0 0 0 0 0 0 0 0 0 0 0 0 0 0 0 6 1 0 16 2 1 0 2 0 0 0 0 14 0 0 0 0 0 0 0 0 0 0 0 0 0 0 16 0 0 4 0 0 0 0 0 
 0 2 2 172 169 147 0 0 0 75 0 39 2 3 2 0 1 0 1 2 283 26 165 371 83 27 157 516 93 153 41 264 0 232 485 79 32 46 409 138 0 62 0 0 2 0 0 3 0 0 0 0 3 0 0 0 0 0 0 0 3 13 2 0 0 0 57 7 3 0 0 0 0 0 0 6 1 0 6 0 0 1 0 2 25 0 0 0 0 0 14 6 0 0 0 0 0 2 1 0 20 5 16 0 0 0 13 25 20 0 0 7 17 26 47 0 0 0 24 11 0 0 0 0 0 0 0 0 0 0 0 0 0 8 0 0 0 0 0 0 0 0 0 0 0 0 0 0 0 0 2 0 0 0 0 0 1 0 0 0 11 0 4 0 9 33 0 8 2 0 0 35 0 0 0 0 0 7 0 9 1 10 7 0 0 0 31 8 2 8 9 0 15 0 20 0 13 0 1 12 0 0 0 0 0 0 0 0 0 0 0 0 0 0 0 0 0 0 0 0 0 0 0 0 0 2 0 0 0 0 0 0 0 0 0 0 0 0 0 0 1 0 0 0 0 2 5 0 79 0 0 0 0 0 21 0 2 0 1 2 15 1 0 0 0 0 0 0 0 0 0 2 0 0 0 0 0 0 0 0 0 0 0 0 0 0 0 0 0 0 
 0 0 1 0 76 24 1 3 80 0 2 147 0 0 0 4 0 0 0 4 265 116 312 193 132 45 112 279 455 97 107 27 232 0 152 79 161 242 252 255 2 61 0 0 1 1 5 3 0 0 0 0 3 7 0 0 0 0 0 0 53 2 3 0 0 0 0 3 3 0 0 0 0 0 0 0 0 0 0 0 0 10 0 0 16 13 0 0 0 0 0 30 0 0 0 6 0 0 0 0 0 17 30 19 53 18 0 3 27 28 10 0 24 18 20 25 39 20 0 31 0 0 17 0 0 2 2 0 0 0 0 0 0 0 0 0 0 0 0 0 0 7 0 0 0 0 0 0 0 0 0 0 0 2 0 0 0 0 0 0 0 0 0 0 3 22 0 0 0 0 1 11 0 6 0 0 0 0 0 0 48 0 21 2 10 14 0 17 21 12 10 0 6 41 54 10 12 2 0 26 0 0 0 0 0 2 13 0 0 0 0 0 1 0 2 0 0 0 12 1 0 0 0 0 0 0 0 0 0 0 0 0 0 1 0 0 0 0 0 0 0 0 0 0 0 0 0 0 0 0 0 0 0 0 12 2 0 63 76 0 7 2 0 0 0 0 0 0 0 0 0 0 0 0 0 0 0 0 0 12 0 0 0 0 0 0 0 0 0 0 
 2 0 6 82 81 150 0 0 5 0 0 0 0 1 1 0 0 0 0 0 308 114 157 436 371 256 75 124 329 398 368 54 485 152 0 200 341 107 91 233 2 0 0 0 2 0 0 3 0 0 0 0 3 0 0 67 0 62 1 0 3 1 2 0 0 26 0 3 3 0 0 3 0 0 0 0 1 0 3 0 0 0 0 0 9 0 0 0 0 7 0 0 0 0 0 0 0 0 0 0 0 29 27 23 81 16 17 36 26 14 3 0 0 27 21 38 12 0 9 0 0 0 0 0 0 0 14 2 2 12 0 0 0 0 0 0 0 0 35 1 0 0 0 0 0 0 0 0 0 0 0 0 0 0 1 0 0 0 0 0 0 1 0 0 11 25 0 0 0 0 0 0 0 29 0 0 0 0 4 0 18 18 1 10 13 0 16 24 9 7 1 0 9 24 64 23 0 31 0 0 0 0 0 0 0 0 67 0 0 0 0 16 0 0 0 0 0 0 0 0 0 0 0 0 0 0 0 0 0 0 0 0 2 0 0 0 0 0 0 0 0 0 0 0 0 0 0 0 0 0 0 0 0 0 3 2 2 7 0 2 0 17 0 0 0 6 11 0 0 0 0 0 0 0 0 0 0 0 0 20 0 0 0 0 0 0 0 0 0 0 
 1 3 7 0 3 2 0 0 0 0 3 1 1 0 0 0 0 0 0 0 194 285 173 34 232 218 240 113 129 164 86 400 79 79 200 0 245 116 39 140 2 0 0 0 5 207 0 3 3 0 3 2 3 0 0 0 0 0 2 0 6 1 2 0 1 2 0 3 2 0 0 2 0 0 0 0 6 0 46 0 0 0 0 0 0 21 0 0 0 0 0 0 0 0 0 0 0 0 0 10 0 10 1 1 25 0 0 17 0 17 28 23 0 0 0 38 11 32 0 0 8 0 0 0 0 0 23 0 0 0 0 0 0 0 0 0 0 0 37 1 0 0 4 0 0 0 0 0 0 0 0 0 0 0 11 0 0 0 0 0 0 0 0 0 0 0 0 0 0 0 0 0 0 0 0 0 0 0 4 0 27 29 18 23 24 0 1 0 8 0 0 11 9 4 11 6 17 0 9 0 0 0 0 0 0 4 31 0 0 0 0 0 0 52 0 0 0 0 12 8 20 0 0 0 0 0 0 0 20 0 0 0 0 0 0 0 0 0 0 0 0 0 0 0 0 0 0 0 0 0 0 2 0 0 18 0 3 80 0 0 3 0 0 0 0 0 0 0 0 0 0 1 0 0 0 0 0 0 0 36 0 30 0 0 0 0 28 0 0 0 
 0 0 1 0 95 44 76 1 0 0 0 5 0 0 0 0 0 0 3 0 196 271 222 120 170 153 253 137 291 126 182 165 32 161 341 245 0 99 125 51 1 0 0 3 3 0 2 3 1 3 2 0 3 7 0 31 0 0 1 0 9 2 8 6 0 1 0 5 6 0 18 0 3 3 3 0 1 0 1 3 0 0 0 0 0 0 0 0 0 0 0 0 0 0 0 0 0 0 0 0 0 34 29 13 42 30 0 37 10 53 16 35 0 11 0 34 9 52 11 12 45 0 11 0 0 0 0 0 0 0 10 0 0 0 0 0 0 0 8 0 0 0 2 0 0 0 0 0 0 0 0 0 0 0 0 0 0 0 0 0 0 0 0 0 3 4 0 0 0 0 0 11 0 3 0 0 0 0 0 0 16 30 8 20 13 14 10 19 6 7 11 0 1 19 15 11 16 0 1 0 0 0 0 0 0 0 25 0 0 0 0 0 0 0 0 0 0 0 11 0 0 0 0 0 0 0 0 0 0 0 0 0 0 0 0 0 0 0 0 0 0 0 7 0 0 0 0 0 0 0 0 0 0 0 4 0 2 149 73 0 1 0 0 0 0 0 1 0 0 0 0 0 0 0 0 0 0 0 0 11 0 7 0 0 0 0 11 0 0 0 
 5 0 1 0 0 0 0 0 1 0 1 0 2 2 0 2 0 0 0 0 97 106 93 63 137 133 104 48 325 235 59 289 46 242 107 116 99 0 65 104 3 2 0 4 1 0 0 67 0 0 0 0 3 0 7 0 6 2 18 2 0 0 0 0 0 0 0 0 0 0 0 0 0 0 0 0 0 0 0 2 0 0 0 0 9 0 0 0 0 0 0 0 0 0 0 1 0 0 0 0 0 19 0 9 46 33 26 37 14 27 69 0 0 11 14 10 20 52 1 10 27 0 0 0 0 0 12 3 0 0 0 0 14 0 12 18 0 0 2 0 0 0 6 0 0 0 19 0 0 0 0 0 0 0 0 0 0 0 0 0 0 0 1 0 0 38 0 0 0 0 0 0 23 0 0 6 2 0 2 0 20 8 45 66 19 26 12 0 1 7 13 19 9 12 11 31 43 27 4 0 0 0 5 0 0 0 14 0 1 0 0 0 5 0 26 0 0 0 42 14 0 0 0 0 0 0 0 0 0 0 0 0 0 0 0 0 0 0 10 0 0 0 0 0 0 0 0 0 0 0 0 0 0 2 9 0 0 0 27 4 0 1 0 0 0 0 14 0 0 0 0 0 0 0 0 0 0 1 0 0 0 24 0 0 0 0 0 0 0 0 
 7 2 3 80 3 164 2 2 2 76 49 186 3 4 2 4 3 2 2 3 158 39 27 231 70 76 127 125 135 66 25 29 409 252 91 39 125 65 0 135 2 0 0 27 8 0 10 3 0 0 0 0 3 4 0 6 0 0 0 0 3 1 2 0 0 0 0 3 2 0 0 0 0 0 0 0 2 1 0 0 0 0 0 0 11 0 0 0 0 0 0 1 0 0 0 0 0 0 0 0 0 33 0 7 0 2 25 20 25 42 0 40 22 9 17 27 11 8 19 32 1 0 0 0 0 0 0 0 0 0 0 0 0 7 0 0 0 0 0 0 0 0 3 0 0 0 0 0 0 0 0 0 0 0 0 2 0 0 0 0 0 0 0 2 0 39 1 1 0 3 0 18 0 0 0 0 0 0 0 0 34 18 10 3 4 17 26 21 30 13 11 0 0 58 20 25 60 44 0 11 0 0 0 0 0 0 0 0 0 0 0 0 0 0 0 0 0 0 23 0 0 0 0 0 0 0 0 0 0 0 0 0 0 0 0 0 0 0 0 1 0 0 12 0 0 0 0 0 0 0 0 0 0 0 7 2 2 0 0 0 3 16 0 0 0 0 0 0 0 0 0 0 0 0 0 0 0 13 0 0 0 0 0 0 0 0 0 0 0 0 
 2 165 81 162 97 148 2 0 0 0 1 107 0 0 0 2 2 56 2 2 124 47 28 75 94 275 115 221 82 315 71 35 138 255 233 140 51 104 135 0 1 0 2 0 2 0 0 3 3 5 0 0 3 0 1 2 0 2 0 0 6 1 2 0 2 0 0 3 3 0 3 2 0 0 0 0 2 0 0 0 3 0 0 10 33 24 0 14 0 11 0 0 0 0 0 0 6 0 0 0 14 0 18 11 4 0 5 13 0 0 9 46 7 31 34 19 1 1 25 40 0 0 0 0 0 0 5 0 0 0 0 0 0 9 0 0 0 0 0 0 0 0 0 0 0 0 0 0 0 0 0 0 0 0 0 0 0 0 0 0 0 9 4 4 9 10 0 3 0 0 8 0 0 0 0 9 3 68 0 3 40 12 30 0 0 0 10 57 20 0 1 0 15 9 1 0 9 0 15 13 0 0 0 0 0 0 0 0 0 0 0 0 0 0 0 0 0 0 0 0 0 0 0 0 0 0 0 0 0 0 0 0 0 0 0 0 0 0 0 0 0 0 0 0 0 1 30 0 0 0 0 0 0 0 14 0 1 75 1 0 10 0 1 0 0 0 0 0 0 1 1 0 0 0 0 2 0 0 0 0 0 0 0 0 0 0 0 0 0 0 
 2 1 2 2 4 0 0 0 4 0 0 3 1 0 2 2 1 2 0 2 1 81 2 2 1 1 0 2 65 1 31 0 0 2 2 2 1 3 2 1 0 111 126 41 50 248 344 110 109 54 30 21 138 53 158 327 111 19 22 153 0 0 0 0 0 0 0 0 0 0 2 0 0 0 0 0 0 0 0 0 0 0 0 0 0 0 0 0 0 0 0 0 0 0 0 0 5 0 0 0 0 0 0 0 0 0 0 0 0 0 0 0 0 6 0 0 0 0 0 0 43 19 3 0 0 0 0 9 20 0 0 3 31 16 2 0 54 0 22 0 0 0 0 3 0 0 4 0 0 0 0 0 0 0 0 0 0 1 4 4 0 0 0 0 0 0 0 0 1 0 0 0 0 0 0 2 0 0 0 0 0 0 0 0 0 0 7 0 0 0 21 2 16 0 0 0 0 0 0 0 8 0 0 10 15 0 0 15 34 19 5 0 18 0 68 2 2 12 0 10 0 0 0 0 0 0 0 0 0 0 0 0 25 0 0 0 0 0 9 0 0 0 0 0 0 0 0 0 2 0 0 2 0 0 0 0 0 2 0 0 0 0 0 0 0 5 3 0 0 0 5 0 0 0 0 0 0 0 0 0 0 0 10 0 0 0 0 0 0 2 
 3 0 0 0 0 0 0 0 0 0 0 3 1 1 0 0 0 0 1 0 0 0 0 0 0 3 0 0 0 0 0 0 62 61 0 0 0 2 0 0 111 0 107 81 145 60 377 383 112 277 110 249 51 292 96 137 91 138 58 263 0 0 0 0 0 0 21 0 0 0 0 0 65 0 11 0 0 0 50 0 0 0 0 0 0 0 0 0 0 0 0 0 0 0 1 0 0 0 0 0 0 0 0 0 0 0 0 0 0 0 0 0 0 0 0 0 0 0 0 0 0 18 11 8 16 1 0 6 0 9 24 9 12 8 0 0 0 3 0 0 14 0 0 3 0 0 49 0 0 0 0 0 0 16 19 0 0 0 3 15 0 27 0 0 0 0 7 0 5 0 0 0 30 0 0 0 0 0 18 1 0 0 0 0 0 0 0 0 0 0 0 0 0 0 0 0 0 0 0 0 0 0 14 3 26 2 0 1 27 18 19 26 0 0 4 9 7 24 0 0 0 0 0 0 0 0 6 0 0 0 1 0 34 1 7 0 0 0 9 3 0 0 0 0 0 2 0 0 0 0 0 6 0 0 0 0 0 0 0 0 0 0 2 0 2 1 1 65 0 0 5 0 0 0 0 0 0 0 0 0 0 0 6 0 0 13 0 0 0 0 
 2 0 0 0 0 0 0 0 0 0 0 30 0 0 0 0 0 0 2 0 0 0 0 0 0 34 0 0 0 0 0 0 0 0 0 0 0 0 0 2 126 107 0 301 120 97 72 63 81 46 158 41 126 124 56 56 113 117 114 56 1 5 0 0 0 0 0 0 0 0 0 49 41 2 0 1 0 9 0 52 0 8 0 0 0 0 0 0 0 0 0 0 0 0 0 0 0 0 0 0 0 0 0 0 0 0 0 0 0 0 0 0 0 0 0 0 0 0 0 0 8 8 0 26 0 13 8 0 0 18 10 7 0 3 0 30 12 21 0 0 0 0 5 0 7 0 12 0 0 0 0 0 0 0 0 0 0 0 12 14 0 0 0 0 0 0 0 0 0 0 0 0 0 0 0 0 0 0 0 0 0 0 0 0 0 2 0 0 0 0 0 14 0 0 0 0 0 0 0 0 6 0 1 10 8 10 0 9 14 12 13 9 15 13 12 3 18 8 0 32 0 0 0 0 14 0 13 18 0 0 0 0 12 1 0 0 11 0 0 75 0 0 7 0 0 0 0 0 0 0 0 13 0 21 0 0 0 0 0 12 0 0 8 1 55 11 0 0 2 0 0 0 0 0 0 0 0 0 0 0 0 0 0 0 0 15 0 0 0 0 
 9 3 4 3 3 3 3 3 3 3 3 3 5 3 3 3 3 3 3 3 0 4 66 67 1 1 0 0 0 36 62 0 0 0 0 0 3 4 27 0 41 81 301 0 96 52 457 47 218 222 85 190 60 119 178 76 338 391 71 119 3 7 3 0 2 0 6 0 0 2 4 0 0 0 3 6 0 2 52 3 0 0 2 0 0 0 0 0 0 0 0 0 0 0 0 0 0 0 0 0 0 0 0 0 3 2 0 0 0 0 0 0 0 0 0 0 0 0 0 0 0 45 33 0 36 26 0 17 30 38 0 15 4 11 21 1 21 1 0 14 3 0 0 0 0 0 0 0 0 0 0 0 13 0 0 0 0 0 9 0 0 0 0 0 0 0 0 0 0 0 0 0 0 0 0 0 0 0 0 0 0 0 0 0 0 20 0 0 0 6 0 18 0 0 0 0 0 3 0 0 4 21 40 19 11 1 0 20 0 40 11 0 3 0 25 17 0 26 0 6 0 0 0 8 0 0 0 0 0 1 0 0 16 0 0 0 0 0 3 20 0 0 0 0 0 0 0 0 0 0 0 10 0 0 0 0 0 0 13 11 0 0 9 65 0 2 1 2 1 0 0 0 0 0 0 0 0 0 0 0 0 0 0 0 0 31 0 0 0 0 
 2 6 4 0 2 1 0 0 0 1 3 2 0 2 0 0 0 2 0 1 1 0 0 1 1 0 8 1 6 1 0 4 2 1 2 5 3 1 8 2 50 145 120 96 0 234 34 128 115 109 199 220 51 114 159 102 44 86 77 47 0 2 0 0 0 0 55 0 0 0 0 0 69 0 0 2 0 0 0 6 0 0 0 0 0 0 0 0 0 0 0 0 0 0 0 0 0 0 0 0 0 0 0 0 0 0 0 0 0 0 0 0 0 0 0 0 0 0 0 0 0 1 6 27 9 0 0 19 0 26 3 0 0 0 0 0 0 9 0 0 3 0 0 0 0 21 0 0 0 0 0 0 0 0 5 0 0 8 0 12 0 0 0 0 0 0 0 0 10 0 42 0 0 0 0 0 0 0 0 0 0 0 0 0 0 0 0 13 0 0 0 0 1 0 0 0 0 0 0 0 0 0 25 0 0 11 0 0 8 0 34 34 0 0 0 0 1 26 0 0 0 0 63 0 1 1 9 0 0 0 19 0 4 13 0 0 0 0 0 2 0 0 0 0 0 0 2 0 0 2 0 15 0 0 0 2 0 1 0 1 1 0 3 0 1 2 4 0 0 0 0 0 0 0 0 0 0 0 0 0 0 0 0 0 0 0 0 12 0 14 
 2 0 6 0 0 0 0 0 4 0 0 0 0 0 0 0 0 0 66 0 0 0 0 209 0 0 0 0 0 0 0 0 0 1 0 207 0 0 0 0 248 60 97 52 234 0 36 17 260 108 154 171 26 28 68 81 52 116 41 36 1 1 0 0 0 0 42 50 0 0 0 0 117 0 2 1 2 0 0 51 0 0 0 0 0 0 0 0 0 0 0 0 0 0 0 0 0 0 0 0 0 0 0 0 0 0 0 0 0 0 0 0 0 0 0 0 0 0 0 0 0 0 22 38 16 1 0 13 0 12 20 18 0 0 0 0 0 0 0 0 10 0 28 0 0 0 21 23 16 0 0 0 22 28 10 0 5 9 1 17 0 0 0 3 0 0 0 0 4 0 0 0 0 0 0 0 0 0 3 0 0 0 0 0 0 0 0 0 0 0 0 0 0 0 0 0 0 0 0 0 0 1 10 0 33 48 0 0 0 0 20 2 0 0 0 0 9 0 0 0 0 26 28 23 0 0 0 24 0 0 0 0 28 28 7 0 21 0 11 26 0 0 0 0 0 0 0 0 0 0 0 0 0 0 0 0 0 0 0 2 0 0 0 0 1 1 0 62 0 0 0 0 0 0 0 0 0 0 0 0 0 0 0 0 0 14 0 0 0 7 
 0 0 0 3 3 0 2 0 3 0 0 0 0 0 0 0 0 0 0 0 28 8 65 72 0 0 0 5 11 57 62 0 0 5 0 0 2 0 10 0 344 377 72 457 34 36 0 163 131 178 50 237 85 344 234 98 20 236 41 50 2 5 1 3 0 0 0 0 0 0 0 0 2 0 0 2 0 1 1 0 0 0 0 0 0 0 0 0 0 0 0 0 0 0 0 0 0 0 0 0 0 13 0 1 0 0 0 0 4 7 0 0 7 0 0 0 3 4 0 6 0 12 17 11 1 0 1 19 4 9 0 1 15 16 0 21 12 12 0 48 8 0 0 7 0 0 0 0 0 0 0 0 16 0 0 0 0 0 12 0 0 0 0 0 0 0 0 0 0 0 0 0 0 0 0 0 0 0 0 0 18 2 4 2 0 26 0 0 12 4 8 12 0 11 0 1 0 0 0 0 0 27 7 22 35 0 0 15 1 14 10 0 0 15 17 11 0 1 8 13 0 0 0 0 0 0 0 0 0 0 0 0 0 0 0 0 0 0 0 10 0 0 5 0 0 0 0 0 0 0 0 7 0 0 0 0 0 0 0 17 0 0 0 11 0 2 2 0 0 0 10 0 0 0 0 0 0 0 0 0 0 0 0 0 7 13 0 0 0 0 
 3 4 3 3 3 3 3 3 3 64 3 3 3 3 3 3 3 3 3 3 3 3 3 3 87 81 5 0 4 3 3 65 3 3 3 3 3 67 3 3 110 383 63 47 128 17 163 0 199 25 89 236 172 183 137 45 77 32 117 27 0 0 0 0 0 0 0 0 0 0 0 0 1 0 0 17 0 0 0 23 0 0 0 0 0 0 0 0 0 0 0 0 0 0 0 0 0 0 0 0 0 0 0 0 0 0 0 0 0 0 1 1 0 0 0 0 0 0 0 0 10 0 2 25 8 7 7 38 0 13 24 20 18 20 23 91 1 24 19 9 9 0 0 6 0 0 10 0 0 0 0 0 0 0 0 0 7 4 10 3 0 0 0 0 0 0 0 0 0 0 0 0 0 0 0 2 0 0 0 0 0 0 0 0 8 30 0 0 0 0 28 10 0 0 0 0 0 0 0 0 13 10 0 7 0 0 0 0 32 39 0 0 26 21 10 12 0 0 8 15 0 0 0 0 0 0 29 0 0 0 0 0 6 0 24 0 1 0 7 0 0 0 1 0 0 0 0 0 0 0 0 8 0 0 0 0 0 0 0 0 0 0 2 0 1 1 2 0 2 0 0 0 0 0 0 0 0 0 0 0 0 0 0 0 4 0 0 3 0 0 
 0 3 6 0 2 0 0 0 0 0 2 0 0 0 0 2 0 0 2 0 0 1 0 0 0 0 2 6 0 1 0 2 0 0 0 3 1 0 0 3 109 112 81 218 115 260 131 199 0 167 180 45 316 248 153 138 106 99 61 328 0 10 0 0 0 0 0 0 0 0 0 0 1 71 4 2 0 0 1 2 0 0 0 0 0 0 0 0 0 0 0 0 0 0 0 0 0 0 0 0 0 0 0 0 0 0 0 0 0 0 0 0 0 0 0 0 0 0 0 0 0 23 22 52 27 21 0 32 35 19 29 12 22 19 0 11 0 30 0 12 16 0 0 0 0 0 10 0 0 0 0 0 15 0 0 6 8 0 0 0 0 0 0 0 0 0 0 0 0 0 0 0 0 0 0 0 0 0 0 0 0 0 0 0 0 0 0 0 0 0 0 0 0 0 0 0 0 0 37 0 0 23 24 17 9 1 0 3 44 11 19 0 0 0 0 46 6 0 0 7 2 0 0 0 0 0 1 0 0 0 0 0 6 0 8 0 0 0 0 12 0 0 0 0 0 0 0 0 0 0 0 13 0 1 0 0 0 0 0 8 0 0 6 15 1 2 0 0 0 0 11 0 0 0 0 0 0 0 0 0 0 1 0 0 0 0 0 7 2 0 
 1 0 23 0 0 0 1 3 7 2 2 0 2 1 6 2 0 5 51 2 0 0 0 0 0 0 0 0 2 0 0 1 0 0 0 0 3 0 0 5 54 277 46 222 109 108 178 25 167 0 129 327 45 189 305 199 570 215 155 141 0 8 0 0 0 0 0 0 0 0 0 11 0 0 0 2 0 6 53 0 0 0 0 4 0 4 0 0 4 0 7 0 0 0 0 0 2 13 0 0 9 0 0 0 0 0 3 0 0 0 0 0 0 0 0 0 0 0 0 0 14 22 37 0 19 11 0 18 70 35 0 6 0 10 0 27 24 0 0 0 4 0 0 0 0 0 0 0 0 0 0 0 14 0 0 0 0 3 3 0 0 0 0 2 0 11 0 0 6 7 8 0 0 0 0 7 1 7 0 0 0 0 0 0 0 0 0 8 0 0 0 0 7 0 0 0 0 0 2 3 14 40 12 37 49 0 0 0 14 0 0 9 0 14 0 10 44 43 0 0 0 0 0 0 0 0 0 0 0 0 0 0 16 0 0 0 0 0 15 20 0 0 7 0 0 0 2 0 0 0 0 8 0 1 0 0 0 0 0 17 0 0 41 65 0 1 2 0 2 0 0 0 0 0 0 0 0 0 0 0 0 0 0 0 0 1 0 0 2 0 
 2 0 2 0 0 0 0 0 0 0 0 0 0 0 0 0 0 0 0 0 0 0 0 0 0 0 0 0 0 0 6 0 0 0 0 3 2 0 0 0 30 110 158 85 199 154 50 89 180 129 0 99 211 123 61 372 173 257 44 107 2 1 0 3 0 0 14 0 49 2 1 0 20 0 8 54 0 0 2 5 0 0 0 0 0 0 0 0 0 0 0 0 0 0 0 0 0 0 0 0 0 0 0 0 0 0 0 0 0 0 0 0 0 0 0 0 0 0 0 0 21 0 17 62 79 0 0 21 0 36 28 0 0 0 0 7 0 21 0 10 28 0 0 0 0 0 8 0 0 0 0 0 0 0 0 7 15 0 0 0 0 0 0 0 0 0 18 0 0 0 0 0 0 0 0 0 0 0 0 0 0 0 0 0 0 21 0 0 0 0 0 0 0 0 0 0 0 0 0 0 0 21 41 20 42 21 0 35 9 13 39 11 0 6 0 55 2 0 0 9 3 0 0 0 0 0 7 0 0 0 0 0 12 0 10 0 0 0 0 8 0 0 0 0 0 0 0 0 0 0 0 15 0 0 0 0 0 0 0 16 0 0 0 1 0 2 1 1 0 0 0 0 0 0 0 0 0 0 0 0 0 0 0 0 0 28 0 0 0 0 
 3 0 0 0 0 0 0 0 3 0 3 0 0 0 0 0 0 0 0 5 0 0 0 0 0 1 1 1 0 0 0 0 0 0 0 2 0 0 0 0 21 249 41 190 220 171 237 236 45 327 99 0 44 322 57 52 296 180 41 36 1 5 11 0 1 0 6 97 0 0 0 0 66 0 0 1 54 0 50 60 0 22 3 13 0 0 0 0 0 0 0 0 0 0 0 0 0 0 0 0 0 0 0 0 0 0 0 0 19 0 0 0 0 0 0 0 0 0 0 0 0 0 1 0 2 4 0 0 15 29 1 49 0 0 0 0 0 0 0 0 0 0 25 0 0 0 0 20 14 0 0 0 37 36 19 0 10 0 0 10 0 0 0 0 0 0 0 0 5 0 0 5 0 0 0 0 0 0 0 0 0 0 0 0 0 0 0 0 0 0 0 0 19 0 0 0 0 0 0 0 0 0 21 0 22 15 0 0 0 0 18 55 0 21 0 0 0 32 0 0 0 16 26 23 0 0 18 19 22 0 0 1 42 26 11 0 0 0 31 2 0 0 0 0 0 0 0 0 0 0 0 1 0 0 0 0 0 0 0 13 0 0 66 0 2 1 4 67 0 0 0 0 0 0 0 6 0 0 0 0 0 0 0 0 0 15 0 0 0 0 
 0 1 0 0 3 0 0 0 0 0 0 0 0 91 0 0 0 0 0 0 3 65 6 3 35 103 3 0 30 5 127 60 3 3 3 3 3 3 3 3 138 51 126 60 51 26 85 172 316 45 211 44 0 67 127 44 179 72 209 463 0 2 3 0 2 17 0 0 28 2 0 0 0 0 0 25 2 4 0 0 0 0 0 0 0 0 0 0 0 9 0 0 0 0 0 0 0 0 0 0 0 0 0 0 8 0 0 0 0 11 9 14 0 0 0 0 0 0 0 0 22 3 0 0 0 0 15 12 0 0 0 0 19 0 15 21 61 10 1 7 0 0 0 7 0 0 0 0 0 0 0 0 0 0 0 0 0 5 9 0 0 0 0 0 0 0 0 0 0 0 0 0 0 0 0 2 0 0 0 0 1 0 0 0 1 18 0 0 0 0 20 26 0 0 0 0 0 0 0 0 17 9 0 30 0 0 0 15 14 29 0 0 40 37 55 10 20 0 0 61 0 0 0 0 0 0 0 0 0 0 0 2 0 0 0 0 0 0 0 0 0 0 0 0 0 0 0 0 0 0 0 10 0 0 0 0 0 64 0 0 0 0 0 0 2 9 0 0 2 0 0 0 0 0 0 28 0 0 0 0 0 0 0 0 16 0 19 0 1 0 
 0 0 6 0 0 0 0 0 0 1 0 2 0 0 0 72 0 0 3 0 6 4 0 6 0 0 0 1 4 0 0 0 0 7 0 0 7 0 4 0 53 292 124 119 114 28 344 183 248 189 123 322 67 0 182 37 145 326 86 221 0 9 0 2 0 0 0 0 0 0 0 0 0 1 0 2 0 51 0 0 0 0 0 0 0 0 0 0 0 0 0 0 0 0 0 0 0 0 0 0 0 0 0 0 0 0 0 0 15 9 0 7 9 0 0 6 6 5 17 4 11 22 14 15 11 15 0 24 31 40 21 7 0 0 1 0 22 22 0 9 13 0 0 0 0 0 0 0 0 0 0 0 0 0 0 0 0 0 9 0 0 0 0 0 16 0 0 0 0 0 26 0 0 0 0 0 0 0 0 0 4 0 9 0 0 6 5 0 7 15 2 0 0 4 0 0 7 0 0 0 1 12 39 23 0 1 0 18 26 10 22 0 0 4 1 23 0 7 5 10 0 0 0 0 0 0 0 0 0 0 0 0 0 0 0 0 0 0 10 0 0 0 10 0 0 0 0 0 0 0 0 4 0 2 0 0 0 0 0 9 0 0 4 1 2 0 0 0 0 0 0 0 0 0 0 0 0 0 0 0 0 0 0 0 0 0 0 7 0 0 
 4 2 2 2 2 2 2 65 2 3 3 2 3 2 7 3 2 3 3 2 0 0 0 0 107 11 0 0 0 0 0 0 0 0 0 0 0 7 0 1 158 96 56 178 159 68 234 137 153 305 61 57 127 182 0 113 55 295 64 103 4 6 0 0 0 0 0 0 0 0 0 0 7 1 0 1 0 1 0 0 0 0 0 0 0 0 0 0 0 0 0 0 0 0 0 0 0 0 0 0 0 0 0 0 0 0 0 0 0 0 0 0 0 0 0 0 0 0 0 0 20 52 25 0 10 1 0 7 22 18 0 0 13 0 16 1 23 0 0 0 2 0 6 0 0 0 0 0 0 0 0 0 0 21 4 0 0 0 6 0 0 0 0 0 0 0 0 0 0 0 0 0 0 0 0 2 0 0 0 0 0 10 0 0 11 1 0 0 0 0 12 0 0 0 0 0 0 0 0 0 21 19 8 10 0 4 0 8 6 0 12 33 18 13 15 0 22 23 17 0 4 4 0 0 0 0 0 0 0 0 0 0 10 0 0 0 1 6 13 4 0 0 0 0 0 0 0 0 0 0 0 3 0 0 0 0 0 0 0 0 0 0 65 0 0 15 3 0 2 0 0 0 0 0 0 0 0 0 0 0 0 0 0 0 0 0 0 0 0 0 
 3 1 0 0 20 0 0 0 3 0 0 0 0 0 0 0 0 0 0 0 9 5 11 10 0 34 1 0 8 0 0 0 0 0 67 0 31 0 6 2 327 137 56 76 102 81 98 45 138 199 372 52 44 37 113 0 166 113 113 122 2 5 3 0 0 0 11 1 2 0 0 0 0 0 0 4 3 8 52 0 0 0 0 0 0 0 0 0 0 0 0 0 0 0 0 0 0 0 0 0 0 0 0 0 0 0 0 9 1 11 0 9 0 11 0 10 0 14 20 3 0 26 41 0 36 15 7 0 10 1 0 6 13 16 0 22 1 4 0 1 5 0 0 0 0 0 0 0 0 0 0 0 23 0 0 0 0 0 0 0 0 0 0 0 0 0 0 0 0 0 0 0 0 21 0 1 0 0 0 0 0 0 0 0 0 6 6 0 0 7 0 0 0 0 1 0 9 0 0 0 0 24 10 12 12 0 0 0 41 0 10 0 30 3 0 18 10 7 0 18 0 0 0 0 0 0 0 0 0 0 0 16 14 0 0 0 16 0 1 21 0 0 9 0 0 0 0 0 0 0 0 7 0 1 1 0 0 0 0 1 1 0 1 77 0 1 4 0 0 0 8 0 0 0 0 0 0 0 0 0 0 0 0 0 0 0 0 0 2 0 
 2 2 2 0 0 0 0 3 8 0 2 0 0 0 0 0 0 0 0 0 0 0 0 0 0 80 1 0 3 0 0 62 0 0 0 0 0 6 0 0 111 91 113 338 44 52 20 77 106 570 173 296 179 145 55 166 0 493 99 310 0 1 2 0 0 0 0 0 0 3 0 0 0 0 0 0 3 10 0 0 0 0 0 0 0 0 0 0 0 0 0 0 0 0 0 0 0 0 0 0 0 0 0 1 0 0 0 0 0 0 0 0 0 0 1 0 0 0 0 0 36 50 0 0 6 15 61 0 4 0 0 22 22 6 14 24 30 21 0 4 7 0 0 2 0 1 0 0 1 1 0 0 0 0 7 0 0 0 0 18 0 0 0 0 0 0 0 0 0 0 0 0 0 0 0 0 0 0 0 0 0 0 0 0 0 0 0 0 0 0 0 0 0 0 0 0 6 0 0 0 26 0 0 25 0 0 0 14 32 14 0 9 23 50 48 25 9 26 0 26 0 0 1 0 0 0 0 0 0 0 0 7 1 0 0 0 0 0 9 1 0 6 6 0 0 0 0 0 0 0 0 7 0 0 0 0 0 0 0 2 0 0 67 1 0 30 0 0 0 0 1 0 0 0 0 8 0 0 0 0 0 0 0 0 59 0 0 0 0 0 
 5 3 7 3 3 3 3 3 7 3 3 3 3 3 7 3 3 4 3 3 0 0 0 1 0 0 1 0 0 0 0 0 0 0 62 0 0 2 0 2 19 138 117 391 86 116 236 32 99 215 257 180 72 326 295 113 493 0 28 37 1 1 7 0 0 0 3 54 0 0 69 0 57 0 0 1 0 0 46 23 0 0 0 3 0 1 0 0 3 0 3 0 0 0 0 0 0 0 0 0 4 0 0 0 0 0 1 0 0 0 0 0 0 0 0 0 0 0 0 0 0 0 27 3 7 12 0 0 1 20 1 20 0 0 0 0 0 0 0 0 35 0 12 0 0 0 8 42 1 0 0 0 26 11 0 0 7 0 0 0 0 0 0 0 1 3 0 0 1 4 4 0 0 0 0 4 0 4 0 0 0 0 0 0 0 0 0 4 0 0 0 0 4 0 0 0 0 0 0 2 0 0 44 0 0 11 0 0 0 0 1 43 0 0 0 0 0 47 0 0 0 17 13 0 0 0 22 12 0 0 0 0 36 17 20 0 6 0 10 30 0 0 0 0 0 0 0 0 0 0 0 11 0 2 0 0 0 0 0 2 0 0 69 1 67 3 3 85 0 0 0 0 0 0 0 0 0 0 0 0 0 3 0 0 0 0 0 0 1 0 
 0 4 0 0 0 0 0 0 0 0 3 0 0 0 9 0 0 0 0 0 4 29 64 64 125 80 7 0 21 56 0 45 0 0 1 2 1 18 0 0 22 58 114 71 77 41 41 117 61 155 44 41 209 86 64 113 99 28 0 81 0 5 0 9 0 0 2 2 0 1 2 4 3 1 2 1 0 6 1 0 0 0 0 0 0 0 0 1 0 0 0 0 0 0 0 0 0 0 0 0 0 0 7 0 0 26 0 8 0 14 20 17 0 1 0 1 0 16 0 0 0 51 1 0 0 0 41 10 0 0 0 0 0 19 17 37 35 29 21 17 0 3 0 0 0 2 0 5 3 2 0 1 0 1 0 0 0 17 7 0 0 0 0 0 0 0 0 0 0 0 0 0 0 0 0 10 0 0 0 0 0 17 0 13 19 39 0 18 0 22 26 31 0 1 0 0 0 0 0 0 13 30 0 20 0 0 42 0 21 0 0 0 0 12 0 13 7 9 15 19 0 0 2 1 3 3 0 0 1 1 2 0 0 0 0 0 1 0 0 0 0 0 5 0 0 0 0 0 0 0 0 10 0 0 0 2 0 104 0 0 0 0 0 0 0 0 1 0 0 0 3 0 0 0 0 0 0 0 0 0 0 0 0 0 0 21 0 0 1 0 
 2 0 0 0 3 0 0 4 0 0 0 0 0 0 0 0 0 0 0 0 0 0 0 0 0 34 0 0 2 0 0 67 0 0 0 0 0 2 0 0 153 263 56 119 47 36 50 27 328 141 107 36 463 221 103 122 310 37 81 0 0 6 50 0 0 0 3 3 0 0 0 7 0 0 0 7 0 0 3 0 0 0 0 0 0 0 0 0 0 0 0 0 0 0 0 0 0 0 0 0 0 0 0 0 0 0 0 0 0 0 0 0 0 0 0 0 0 0 0 0 55 23 0 0 6 14 14 1 3 11 0 3 26 1 3 0 15 7 0 0 0 1 0 0 0 10 0 10 3 0 0 4 8 0 0 6 0 0 0 0 0 0 0 0 0 0 0 0 0 0 0 0 0 0 0 0 0 0 0 0 0 0 0 0 0 0 0 0 0 0 0 1 0 0 0 0 0 7 0 10 24 0 0 9 0 0 0 6 19 12 0 15 37 33 26 20 7 24 0 11 0 0 0 0 2 2 0 12 7 7 3 0 0 7 0 6 8 0 9 0 0 0 0 0 0 0 0 0 0 0 0 5 0 0 0 0 0 0 0 0 0 0 64 1 0 12 2 0 0 0 2 0 0 0 0 0 0 0 0 0 0 0 0 0 7 0 0 0 0 0 
 3 3 3 3 3 3 3 3 2 3 3 3 6 3 3 3 3 3 38 3 3 3 2 33 11 3 7 0 2 24 7 9 3 53 3 6 9 0 3 6 0 0 1 3 0 1 2 0 0 0 2 1 0 0 4 2 0 1 0 0 0 115 427 55 35 111 137 62 148 129 23 52 104 122 158 86 42 85 101 83 0 0 0 0 0 0 0 0 0 0 0 0 0 0 0 0 0 0 0 0 0 0 3 0 0 4 0 4 0 0 0 0 0 0 0 0 4 6 0 0 0 0 1 1 0 4 0 0 0 0 16 0 0 0 0 0 0 0 0 0 0 4 0 8 7 5 0 0 0 0 9 15 7 11 9 9 0 8 0 0 0 0 0 0 0 0 0 0 0 0 0 0 0 0 0 14 0 0 0 0 7 8 8 1 13 0 0 0 0 0 0 0 0 0 8 0 0 0 0 0 0 0 16 0 7 1 6 0 0 0 2 0 0 0 0 0 0 0 4 0 0 10 0 0 25 13 0 4 0 7 0 0 0 0 0 0 10 11 0 17 0 0 0 0 0 0 0 0 0 2 0 0 0 56 4 0 24 6 0 0 0 0 9 0 0 0 7 0 0 0 2 2 0 11 0 0 0 0 0 0 0 0 0 0 0 2 0 0 0 0 
