 0 192 75 108 48 28 178 252 318 30 30 121 50 138 124 127 24 138 241 46 2 0 204 0 0 0 0 1 3 0 0 2 0 0 0 2 0 3 3 0 2 3 0 0 0 0 0 0 0 0 0 2 3 0 0 2 3 0 3 3 0 0 3 0 0 3 0 0 2 3 2 0 0 0 0 0 0 0 0 0 1 12 0 12 0 0 24 0 50 9 17 15 12 11 36 35 30 38 0 0 0 0 0 0 0 24 0 0 0 1 0 1 1 0 0 0 0 1 13 1 0 0 0 0 0 0 0 0 0 0 0 0 0 0 0 0 0 0 0 0 0 0 0 0 0 0 0 0 0 0 0 0 0 0 0 0 0 0 0 0 31 0 13 0 25 2 0 11 41 52 2 21 1 0 11 0 0 1 16 0 0 0 0 0 0 2 0 0 0 0 0 1 7 0 0 0 0 0 0 0 0 0 0 0 0 0 0 0 0 0 0 0 0 0 0 0 0 0 0 3 0 0 0 0 0 0 0 0 0 0 0 0 0 0 0 0 0 0 0 0 0 0 0 0 0 2 90 0 4 2 0 10 0 0 0 0 0 0 0 0 0 0 0 0 0 0 0 0 0 0 0 0 0 0 0 14 0 0 0 0 0 0 0 0 0 0 0 0 0 0 
 192 0 438 159 38 34 155 164 263 83 133 139 119 183 236 213 126 120 60 121 1 0 0 2 0 0 0 0 3 0 0 0 77 0 0 2 0 3 3 0 2 3 0 0 0 0 0 1 0 0 0 2 3 0 0 2 3 0 3 3 0 2 3 0 0 3 0 0 2 3 3 0 0 0 0 0 3 0 0 0 11 0 0 1 0 23 19 11 27 23 12 16 0 13 54 7 20 1 15 38 1 0 0 0 0 0 12 0 0 0 0 0 12 0 0 0 0 0 0 0 0 0 0 0 0 0 0 0 0 0 0 0 0 0 0 0 0 0 0 0 0 0 0 0 0 0 0 0 0 0 0 0 0 0 0 0 0 0 0 0 0 8 0 16 15 10 0 16 2 42 0 62 0 9 8 23 9 28 0 9 1 2 0 0 0 0 0 0 3 0 0 0 17 0 0 0 0 0 2 24 0 0 0 0 0 0 0 0 0 0 0 0 0 0 0 0 1 7 0 0 0 0 0 0 0 0 0 0 0 0 0 0 0 0 0 0 0 0 0 0 0 0 0 0 0 0 96 0 2 1 2 14 0 0 0 0 0 0 1 0 0 0 0 0 0 0 0 0 0 0 0 0 0 0 0 11 0 0 0 0 0 0 0 0 0 0 0 0 0 0 
 75 438 0 419 235 38 142 313 288 480 226 122 52 76 55 215 446 207 38 31 7 0 0 0 0 0 75 0 3 0 1 0 81 75 0 2 0 5 36 192 2 3 0 0 0 0 0 0 1 11 0 2 3 0 0 2 2 0 3 3 4 0 3 0 7 3 42 0 3 3 3 0 0 0 0 0 0 0 34 1 0 12 31 20 9 25 0 0 12 22 0 35 0 1 0 14 0 78 11 0 23 0 0 0 0 0 29 4 0 0 0 0 1 0 10 12 0 0 9 0 0 0 0 0 0 0 0 0 0 0 0 0 0 0 0 0 0 0 0 0 0 0 1 0 0 26 0 0 0 19 0 0 0 0 2 0 0 19 0 0 0 0 37 26 25 23 0 0 0 1 14 24 0 0 0 0 23 6 0 11 7 0 0 0 0 0 1 13 20 0 0 0 1 13 11 0 9 1 45 12 0 0 0 0 1 2 0 11 0 0 0 0 0 0 0 0 0 1 0 0 1 2 0 0 0 0 0 0 0 0 0 0 0 0 0 0 0 0 0 0 0 31 0 0 0 1 0 0 0 2 0 14 16 0 0 0 0 0 0 0 0 0 0 0 0 0 0 0 0 0 0 0 0 0 0 9 19 12 0 0 0 0 0 0 0 0 0 0 0 0 
 108 159 419 0 104 285 52 288 152 377 98 319 49 259 73 149 115 280 54 113 122 0 0 0 0 1 1 0 5 0 0 2 76 135 77 2 0 6 85 94 4 3 0 0 0 0 0 21 2 3 0 2 3 0 0 2 4 0 3 3 0 0 3 0 3 6 0 0 3 3 3 0 0 0 0 0 0 0 0 6 0 0 18 11 23 24 13 0 17 10 0 38 0 6 0 10 14 0 0 0 13 0 0 2 0 16 32 16 10 0 0 0 1 0 20 16 0 0 33 0 0 0 0 0 0 14 0 0 0 0 0 1 0 0 0 0 2 0 0 0 0 0 0 0 0 55 0 0 14 6 0 0 0 0 0 0 0 32 0 0 12 0 0 11 56 34 0 8 19 0 26 29 2 1 0 2 0 1 0 0 8 2 1 0 0 0 1 11 0 0 0 0 45 9 0 10 18 75 30 33 9 0 0 0 0 0 0 0 0 0 0 0 0 0 7 0 0 0 0 0 0 0 0 0 0 0 0 0 2 0 2 0 0 0 0 0 0 0 0 0 0 0 11 0 0 1 0 0 2 1 0 11 0 0 0 0 0 0 0 0 0 0 0 0 0 0 0 0 0 0 0 0 0 0 0 0 0 15 0 0 0 0 0 0 0 0 0 0 0 0 
 48 38 235 104 0 68 43 160 285 193 278 212 65 77 92 194 101 259 347 93 1 78 34 0 0 0 61 0 213 0 0 0 73 105 0 2 0 3 3 25 2 3 0 0 0 0 0 0 30 0 0 2 3 0 0 2 30 0 3 3 0 0 3 0 3 3 0 0 2 3 3 0 0 0 50 0 0 0 0 0 0 0 0 38 6 33 0 0 0 20 30 26 0 0 17 0 0 51 0 0 27 0 0 22 15 0 0 0 20 0 0 11 23 0 25 0 20 0 34 19 0 1 0 0 0 0 0 0 0 0 0 0 0 0 0 0 0 0 0 0 0 0 4 0 0 0 4 0 0 0 0 0 0 0 0 0 0 0 0 0 18 0 7 12 25 29 0 13 0 0 29 17 0 0 12 0 16 9 0 0 7 0 0 0 0 0 36 0 2 18 0 0 0 0 51 21 1 0 18 0 0 0 0 0 0 0 0 0 0 0 0 0 0 0 0 0 0 0 0 0 0 0 0 0 0 0 0 0 0 0 0 0 0 0 0 0 0 0 0 0 0 6 0 0 0 2 3 1 2 0 19 7 9 0 0 0 2 0 0 0 0 0 0 0 0 0 0 0 0 0 0 0 0 0 0 58 7 0 0 1 0 0 0 0 0 0 0 0 0 0 
 28 34 38 285 68 0 29 29 292 76 176 73 52 286 58 87 73 153 37 63 5 0 149 0 3 0 1 0 3 0 0 0 38 73 23 18 0 78 155 23 2 3 0 64 0 0 0 52 0 1 6 2 3 3 0 2 96 0 3 3 0 0 3 0 0 3 4 0 3 3 3 0 0 0 0 0 0 6 0 2 0 0 0 0 28 52 0 0 0 0 39 14 0 0 0 0 0 0 0 0 0 11 0 10 0 16 14 30 10 10 0 0 36 4 12 10 40 2 14 34 0 1 0 0 0 10 0 0 0 0 0 0 0 0 0 0 0 0 1 0 0 0 0 0 0 0 0 0 4 0 0 0 0 0 1 0 0 0 0 0 0 0 2 0 2 34 0 0 0 2 0 0 7 0 0 0 0 0 0 0 6 24 0 14 0 0 21 11 0 0 9 0 26 20 2 26 27 19 16 15 16 0 0 0 2 1 0 0 2 0 0 0 0 0 17 0 0 0 0 0 2 0 0 0 15 0 0 0 0 0 0 0 0 0 0 0 0 0 0 0 0 0 0 0 0 0 0 0 47 0 36 6 4 0 0 0 0 1 0 0 0 0 0 0 0 0 0 0 0 0 0 0 0 0 0 0 0 0 0 0 0 7 0 0 0 0 2 0 0 0 
 178 155 142 52 43 29 0 160 346 123 34 34 46 387 134 38 168 44 358 37 2 0 0 2 2 0 0 1 4 0 3 0 0 2 1 2 1 10 3 0 2 3 0 0 0 3 0 0 0 2 0 2 3 0 5 2 3 0 3 3 0 0 3 0 0 3 0 0 3 4 3 0 0 2 48 0 0 0 0 0 0 23 48 10 2 0 30 24 21 44 0 14 35 22 11 55 52 19 7 41 0 0 0 0 0 0 0 0 0 0 0 0 0 0 0 0 0 0 10 0 0 1 0 0 0 0 0 0 0 0 0 0 0 0 0 0 0 0 0 0 0 0 0 0 0 0 0 21 0 0 0 0 0 0 1 0 0 0 0 1 0 30 2 33 0 0 28 0 13 35 1 17 0 14 0 26 30 17 17 1 0 0 0 0 0 0 0 0 0 0 0 0 0 0 0 0 0 2 2 1 0 0 0 0 2 0 0 0 2 0 0 0 0 0 0 0 0 0 0 0 2 1 0 0 0 15 0 0 0 0 0 0 1 0 0 0 0 0 0 0 0 0 0 0 0 0 8 0 1 99 0 14 0 0 0 0 0 0 0 0 0 0 11 0 0 0 0 0 0 0 0 0 0 0 0 4 10 0 0 0 0 0 0 0 0 0 0 0 0 0 
 252 164 313 288 160 29 160 0 172 253 85 93 48 118 208 55 246 34 68 137 1 0 0 0 0 0 0 0 3 0 1 2 3 1 0 2 0 3 3 0 2 3 0 0 0 0 0 0 69 0 0 2 3 0 0 2 5 0 3 3 0 0 3 0 0 3 0 0 2 3 2 0 0 0 0 0 0 0 0 0 10 0 0 20 23 0 9 16 0 0 55 11 0 17 25 34 33 34 0 0 0 0 0 0 0 0 0 0 0 0 0 0 5 0 0 0 0 0 34 28 0 0 0 0 0 0 0 0 0 0 0 0 0 0 0 0 17 0 0 0 0 0 3 0 0 0 5 0 0 0 0 0 0 0 0 20 0 0 0 0 62 23 29 1 19 0 0 24 57 27 9 0 0 39 32 78 0 25 0 16 0 1 0 0 0 0 0 0 12 0 0 0 26 0 0 0 1 0 10 36 0 0 0 0 0 0 0 0 0 0 0 0 0 0 0 0 2 19 0 0 0 0 0 0 0 0 1 0 0 0 0 0 0 0 0 0 0 0 0 0 0 0 0 0 0 1 15 0 2 0 0 8 0 0 0 0 0 0 0 0 0 0 1 0 0 0 0 0 0 0 0 0 0 0 0 0 0 0 0 0 0 0 0 0 0 0 0 0 0 0 
 318 263 288 152 285 292 346 172 0 94 76 86 158 153 445 81 182 39 380 161 0 0 0 0 0 0 0 0 4 0 0 0 2 1 0 2 0 4 5 0 3 3 0 0 0 0 0 0 0 0 0 2 3 0 0 2 2 0 3 3 0 0 3 0 0 3 0 0 3 3 6 0 0 0 0 0 0 0 0 54 27 8 22 28 9 1 31 0 12 63 30 1 0 44 40 18 38 46 0 22 0 0 0 0 0 0 0 0 0 0 0 0 0 0 0 0 0 0 28 55 0 0 0 0 12 0 0 0 0 0 0 0 0 0 0 0 0 0 0 0 0 0 0 0 0 0 0 0 0 0 0 0 3 0 0 0 6 0 0 0 13 15 0 0 10 0 0 7 15 28 10 4 0 24 16 21 21 29 0 16 0 0 0 0 0 0 0 0 0 0 0 0 7 0 0 0 10 28 0 9 0 0 0 0 0 0 0 0 0 0 0 0 0 0 0 0 0 0 0 0 0 0 0 0 0 0 0 0 0 0 0 0 0 0 0 0 0 0 0 0 0 0 0 0 0 0 3 0 1 223 2 12 0 0 0 0 0 0 0 0 0 0 5 0 0 63 0 0 0 0 0 0 0 0 0 11 0 0 0 0 0 0 0 0 0 0 0 0 0 0 
 30 83 480 377 193 76 123 253 94 0 260 115 49 71 193 400 376 144 70 98 2 0 0 0 1 2 77 0 3 0 2 0 152 135 21 2 0 3 77 84 2 3 0 0 0 0 0 0 1 5 0 2 3 2 0 2 3 0 3 3 0 0 3 0 5 3 0 0 2 3 2 0 0 0 0 0 0 0 51 0 0 0 20 10 20 19 1 0 9 7 0 22 0 0 0 0 0 10 0 0 23 1 0 2 0 26 17 0 0 0 0 0 0 0 5 0 0 0 0 36 0 0 0 0 0 17 0 0 0 0 0 0 0 0 0 0 0 0 0 0 0 0 3 0 0 0 1 0 0 0 0 0 0 0 0 0 0 0 0 0 0 13 24 27 0 28 0 0 1 14 27 18 0 14 1 0 10 0 0 0 7 23 0 5 0 0 12 9 0 0 0 0 14 31 10 0 8 21 11 8 0 0 0 0 0 0 0 1 0 0 0 0 0 0 0 0 0 0 0 0 1 1 0 0 0 0 0 0 0 0 0 0 0 0 0 0 1 0 0 0 0 7 0 0 1 0 0 0 0 2 0 9 44 0 0 0 0 0 0 0 0 0 0 0 0 0 0 0 0 0 0 0 0 0 0 0 11 0 0 0 0 0 0 0 0 0 0 0 0 0 
 30 133 226 98 278 176 34 85 76 260 0 247 38 252 51 174 140 117 43 75 2 0 0 0 0 0 25 0 5 0 0 2 197 148 154 2 2 3 86 93 4 3 0 0 0 0 0 0 2 0 0 2 3 63 64 2 64 0 3 3 0 0 3 0 9 3 0 0 3 3 3 0 0 0 0 0 0 0 0 2 0 0 0 20 27 44 0 0 0 14 29 24 0 0 11 0 1 13 0 0 27 0 0 0 0 0 89 15 0 0 0 0 12 0 19 14 0 0 40 16 0 0 0 0 0 0 0 0 0 0 0 0 0 0 2 10 0 0 0 0 0 0 0 0 0 10 0 0 0 7 0 0 0 0 0 0 0 27 0 0 0 1 0 29 28 26 11 0 0 0 10 20 0 0 0 1 1 9 0 0 7 0 0 0 0 0 0 8 13 0 0 0 0 3 4 1 15 0 19 15 0 0 0 0 0 0 0 0 0 0 0 0 0 0 0 0 0 1 0 0 0 0 0 0 0 0 0 0 0 0 0 0 0 0 0 0 0 0 0 0 0 0 0 0 0 3 3 0 91 0 0 11 7 0 0 0 0 0 0 0 0 0 0 0 0 0 0 0 0 0 0 0 0 0 0 14 7 15 0 0 0 0 0 0 0 0 0 0 0 0 
 121 139 122 319 212 73 34 93 86 115 247 0 54 52 41 36 333 237 138 240 4 0 2 1 0 0 74 0 3 0 1 2 0 2 6 3 0 3 41 74 2 3 3 0 4 0 2 0 1 0 0 2 3 0 68 67 3 3 3 3 0 0 3 0 15 3 3 0 3 43 3 0 0 0 0 3 0 0 0 2 1 0 0 15 9 31 0 0 8 7 10 12 0 3 22 31 41 14 0 0 10 0 0 0 0 0 12 0 0 0 0 0 0 0 0 11 0 0 16 7 0 0 0 0 0 0 0 0 0 0 0 0 0 0 0 10 0 0 0 0 0 0 0 0 0 2 0 0 0 14 0 0 9 0 0 0 0 15 0 0 13 0 13 41 51 43 0 13 24 0 24 4 0 12 0 14 0 16 0 0 0 2 0 0 0 0 0 8 0 0 0 0 12 1 10 0 0 0 20 47 0 0 0 0 0 9 0 9 0 0 0 0 0 0 0 1 0 0 6 0 0 0 0 0 1 0 0 0 0 0 0 18 0 0 0 0 0 0 0 0 0 0 0 0 0 3 2 1 6 0 0 2 9 1 0 0 0 0 0 0 0 0 0 0 0 0 0 0 0 0 0 0 0 0 0 10 0 13 0 0 0 0 0 0 0 0 0 0 0 0 
 50 119 52 49 65 52 46 48 158 49 38 54 0 339 196 33 28 200 135 278 2 0 0 0 0 0 0 1 4 0 0 0 0 0 0 2 0 6 4 0 2 3 0 0 0 0 0 0 0 0 0 2 3 0 0 2 3 0 3 3 0 0 3 0 0 3 0 0 3 6 3 0 0 0 0 0 0 28 0 0 59 28 17 0 0 1 4 12 18 10 13 0 11 94 19 59 21 0 23 1 0 0 10 14 0 13 12 0 0 0 0 0 0 0 0 0 0 0 0 0 0 0 0 0 10 0 0 0 14 7 0 0 0 0 0 0 0 0 0 0 0 0 0 0 2 0 0 0 0 0 0 0 0 0 0 0 0 0 0 0 10 0 1 0 1 0 20 17 22 0 0 0 28 41 25 9 19 10 31 50 0 2 6 0 0 0 0 0 0 0 0 0 13 0 0 0 0 0 0 14 0 19 0 0 1 0 0 0 0 0 0 0 0 0 0 0 0 0 0 0 0 0 0 0 0 0 0 0 0 0 6 0 0 0 0 0 0 0 0 0 0 0 0 0 0 2 0 2 0 156 0 4 0 0 0 0 0 0 0 0 0 0 0 0 0 0 0 0 0 0 0 0 0 0 0 0 0 0 0 0 0 0 0 0 0 0 0 0 0 0 
 138 183 76 259 77 286 387 118 153 71 252 52 339 0 175 261 60 64 300 329 1 0 2 3 0 78 3 0 3 0 4 0 0 0 0 4 0 5 6 0 6 3 0 3 0 1 0 0 1 0 0 2 3 0 0 2 2 2 3 50 0 0 3 0 0 3 0 0 46 3 3 0 0 0 0 0 0 0 0 2 24 6 0 2 1 1 30 66 1 17 31 0 39 47 15 60 21 1 9 34 0 0 10 0 0 0 2 0 0 1 0 0 15 0 0 0 0 0 2 0 0 0 0 0 10 0 0 0 20 7 0 2 0 0 0 0 1 0 0 0 0 0 0 0 0 0 0 0 0 0 0 0 0 0 0 2 0 0 0 0 14 0 37 0 1 0 32 17 12 15 0 8 14 17 36 20 0 6 24 38 1 0 2 0 0 0 0 0 0 0 0 0 12 0 0 0 0 0 11 7 0 0 0 0 0 0 0 0 0 0 0 0 0 0 0 0 0 15 1 0 0 0 0 0 0 0 0 0 1 0 1 0 0 0 0 0 0 0 0 0 0 0 0 0 0 3 53 0 89 0 2 94 0 0 0 0 0 0 0 0 0 0 0 0 0 0 0 0 0 0 0 0 0 0 0 18 0 0 0 0 0 0 0 0 0 0 0 0 0 1 
 124 236 55 73 92 58 134 208 445 193 51 41 196 175 0 180 121 142 215 330 34 0 0 3 0 24 0 39 5 0 2 1 0 2 0 5 0 7 4 0 2 3 4 1 0 0 0 0 0 0 0 2 3 0 0 2 3 2 3 3 0 2 6 0 0 3 0 0 3 3 5 0 0 0 3 3 0 0 0 0 24 24 28 9 5 0 43 9 44 6 38 0 0 26 45 10 1 34 10 13 0 0 0 0 0 0 2 0 0 2 0 2 0 0 0 0 0 0 31 0 0 0 0 0 0 0 0 0 0 0 0 0 0 0 1 0 1 0 0 0 0 0 0 0 13 0 0 0 0 0 0 0 0 0 0 3 0 0 0 0 27 27 19 10 0 0 1 4 1 48 2 20 12 0 33 0 28 16 13 8 0 0 2 0 0 0 0 0 0 0 0 0 0 0 0 0 0 0 0 1 0 0 0 0 0 0 0 0 0 12 0 0 0 0 0 0 0 0 2 0 0 0 0 0 0 0 0 0 1 0 1 0 0 0 0 0 0 6 0 0 0 0 0 0 0 1 91 0 0 27 0 9 0 0 0 0 0 0 0 0 0 0 0 0 0 0 0 0 0 0 0 0 0 0 0 14 14 0 0 0 0 0 0 0 0 0 0 0 0 0 
 127 213 215 149 194 87 38 55 81 400 174 36 33 261 180 0 170 125 124 157 2 0 3 0 2 2 0 14 3 1 2 2 36 79 10 2 2 3 41 147 2 3 0 0 0 0 0 0 1 0 0 2 3 0 0 2 3 0 4 3 0 0 3 0 0 3 0 0 3 3 3 0 0 0 0 0 0 0 0 0 0 11 25 0 0 9 14 11 25 36 0 13 10 0 27 0 0 13 28 16 23 0 5 0 0 0 11 0 0 0 0 0 0 0 10 11 0 0 7 0 0 0 0 0 3 0 0 0 0 0 0 0 0 0 0 0 0 0 0 0 0 0 0 0 0 2 0 0 0 37 0 0 0 0 0 0 2 2 0 0 8 7 25 22 0 14 0 5 8 26 0 20 0 0 0 0 24 7 9 17 7 0 0 0 0 0 0 8 10 0 0 0 0 0 0 0 0 0 17 14 0 0 0 0 0 0 0 9 0 0 0 0 0 0 0 0 0 0 0 0 0 0 0 0 0 0 0 0 0 0 0 0 0 0 0 0 0 0 0 0 0 0 0 0 0 1 1 1 0 87 1 8 0 0 2 0 0 0 0 0 0 0 0 0 0 0 0 0 0 0 0 0 0 0 0 0 18 13 0 0 0 0 0 0 0 0 0 0 0 0 
 24 126 446 115 101 73 168 246 182 376 140 333 28 60 121 170 0 120 30 31 2 1 0 0 5 0 35 0 3 0 1 2 0 76 0 2 0 3 78 2 2 3 0 0 0 0 0 0 4 0 0 2 3 0 0 2 3 0 3 3 0 0 3 0 3 3 0 0 2 3 2 0 0 0 0 0 0 0 0 0 0 0 13 36 22 14 14 0 40 0 12 11 0 7 25 1 18 15 0 7 19 0 0 0 0 0 11 0 0 0 0 0 0 0 19 0 0 0 14 20 0 0 0 2 0 0 0 0 0 0 0 0 0 0 0 0 0 0 0 0 0 0 2 0 0 0 1 0 0 0 0 0 0 0 0 0 0 0 0 0 2 17 0 38 14 51 0 1 9 12 24 21 0 17 0 12 13 0 0 0 0 0 0 0 0 0 0 8 0 0 0 0 0 0 9 19 25 0 0 15 0 0 0 0 0 0 0 12 0 0 0 1 1 0 0 0 0 0 0 0 0 0 0 0 0 0 0 0 0 0 0 0 0 0 0 0 0 0 0 0 0 0 0 0 0 6 86 0 1 0 0 7 9 0 0 0 0 0 0 0 0 0 61 0 0 0 1 0 0 0 0 0 0 0 0 26 14 0 0 0 0 0 0 0 0 0 0 0 0 0 
 138 120 207 280 259 153 44 34 39 144 117 237 200 64 142 125 120 0 202 129 1 0 0 3 0 0 37 2 3 0 1 76 75 76 77 5 0 3 78 0 2 3 2 1 0 0 0 0 1 0 0 2 3 0 0 2 69 2 3 3 0 2 56 0 3 3 0 3 3 3 5 0 0 0 0 0 5 0 1 2 11 19 0 16 6 14 15 10 15 0 20 1 0 15 11 0 13 10 12 14 15 0 0 0 0 0 26 1 0 0 0 0 10 0 14 0 0 0 0 20 0 0 0 0 0 0 0 0 0 0 0 0 0 0 0 0 0 0 0 0 0 0 4 0 0 0 4 0 0 1 0 0 0 0 0 0 0 0 0 0 0 7 13 30 14 21 0 0 0 6 66 30 0 0 1 0 24 0 0 0 0 0 0 0 0 0 0 9 0 0 0 0 0 0 9 0 15 0 0 0 0 0 0 0 0 0 0 3 0 0 0 0 0 0 0 0 0 0 0 0 0 0 0 0 0 0 0 0 0 0 0 0 0 0 0 0 0 0 0 0 0 0 0 0 0 7 0 1 114 86 2 15 9 14 0 0 0 0 0 0 0 0 0 0 0 0 0 0 0 0 0 0 0 0 0 37 0 0 0 0 0 0 0 0 0 0 0 0 0 0 
 241 60 38 54 347 37 358 68 380 70 43 138 135 300 215 124 30 202 0 187 4 0 200 2 4 0 0 0 5 0 0 3 2 1 0 30 0 4 5 0 6 5 1 3 0 29 1 0 0 3 6 5 3 3 2 6 9 0 4 5 3 0 3 0 6 6 2 2 4 3 6 0 3 2 0 2 2 3 0 5 32 23 8 0 0 0 0 47 35 0 12 0 0 17 17 0 1 0 38 28 0 0 0 0 0 0 0 0 0 0 1 0 0 0 0 0 0 0 0 0 0 0 0 0 0 0 0 0 0 0 0 13 0 0 0 0 0 0 0 0 0 0 0 0 10 0 0 0 0 0 0 0 0 0 0 0 0 0 0 0 0 5 0 16 0 0 0 9 11 0 0 28 10 11 0 1 4 0 8 12 0 0 2 0 0 0 0 0 0 2 0 0 0 0 1 0 0 0 0 0 0 0 0 0 0 0 0 0 0 0 0 0 0 0 0 0 0 0 0 0 0 0 0 0 0 0 0 0 0 0 0 0 0 0 0 0 0 0 0 0 0 0 0 0 0 0 87 0 1 58 2 8 0 0 0 0 0 0 0 0 0 0 0 0 0 0 2 0 0 0 0 0 0 0 1 0 0 0 0 0 0 0 0 0 0 0 0 0 0 0 
 46 121 31 113 93 63 37 137 161 98 75 240 278 329 330 157 31 129 187 0 1 0 0 0 0 0 0 0 3 0 78 0 0 0 0 2 2 5 3 25 2 3 0 0 0 0 0 0 0 2 0 2 3 0 0 2 2 0 3 3 0 0 3 0 0 7 0 0 3 3 3 0 0 0 0 0 0 0 0 2 31 17 14 13 0 0 46 32 1 0 31 0 24 49 22 30 0 23 14 31 0 0 10 0 0 0 0 0 0 0 0 0 2 0 0 0 2 0 0 3 0 0 1 0 11 0 0 0 15 0 0 0 0 0 0 0 0 0 0 1 0 2 0 0 0 0 0 0 0 2 1 2 0 0 0 0 0 0 0 0 53 10 21 1 0 0 53 13 0 21 0 20 34 22 35 0 1 0 0 0 0 0 0 0 0 0 0 0 2 0 0 0 0 0 0 0 10 0 0 0 0 0 0 0 0 0 0 2 0 0 0 0 0 0 0 0 0 0 0 0 0 0 0 12 15 0 0 0 0 0 1 0 0 0 0 2 0 0 0 0 0 0 0 0 0 3 91 0 3 90 2 18 0 9 0 0 0 0 0 0 0 0 0 0 0 0 0 0 0 0 0 0 0 0 0 16 0 0 0 0 0 0 0 0 0 0 0 0 0 0 
 2 1 7 122 1 5 2 1 0 2 2 4 2 1 34 2 2 1 4 1 0 208 319 78 41 40 166 245 346 130 31 47 69 329 71 203 32 31 245 35 3 0 0 7 65 0 3 5 7 2 3 0 0 3 5 0 3 2 0 0 0 1 0 2 3 0 0 0 0 1 0 0 0 0 0 6 6 3 0 34 0 0 0 0 0 0 0 0 0 0 0 0 0 0 1 0 0 0 0 15 21 21 17 9 84 0 0 7 37 0 0 17 10 57 21 10 10 12 0 0 0 9 0 2 0 0 8 17 0 0 0 0 0 0 0 0 16 0 0 0 0 0 0 0 0 0 0 0 0 0 0 0 0 0 4 0 0 0 0 0 23 0 0 0 0 0 0 0 0 0 0 2 0 0 0 0 0 0 0 0 22 39 33 41 10 12 22 11 31 0 19 1 0 0 18 22 1 32 0 2 0 0 0 0 0 0 0 0 0 0 0 0 0 0 0 2 0 0 7 0 1 0 0 0 0 0 0 0 0 0 0 0 0 0 0 0 0 0 0 0 0 0 0 0 0 0 0 0 0 2 0 0 0 0 8 0 0 0 2 2 2 17 0 2 0 0 0 0 0 0 0 0 0 0 0 0 0 0 0 0 0 6 0 0 0 0 0 0 0 0 
 0 0 0 0 78 0 0 0 0 0 0 0 0 0 0 0 1 0 0 0 208 0 223 301 262 328 265 303 103 279 326 54 351 52 127 287 56 119 200 35 3 9 0 3 0 0 0 3 0 0 2 0 0 0 2 0 2 0 0 0 0 0 0 66 2 0 0 0 0 0 0 0 0 0 0 0 0 5 0 2 0 0 0 0 0 0 0 1 0 0 0 0 0 0 0 0 0 0 0 0 16 20 59 7 36 0 10 38 8 20 0 13 2 11 77 9 12 24 0 25 0 0 0 0 0 0 8 0 0 0 0 0 2 12 0 0 0 0 17 0 0 0 0 9 0 0 0 0 0 0 0 0 0 2 10 0 1 0 0 0 0 0 0 0 0 0 0 0 0 0 0 0 0 0 0 14 0 0 0 0 18 1 12 14 0 7 18 8 23 71 7 13 0 0 12 54 8 1 6 0 0 0 0 0 0 0 36 0 0 0 0 0 17 0 0 0 0 0 19 0 0 0 0 0 0 0 0 0 0 0 0 5 0 47 0 0 0 0 0 0 0 0 6 0 0 2 0 0 0 0 3 0 0 0 6 1 0 0 77 0 1 14 0 0 0 0 17 0 0 0 0 0 0 0 0 0 0 0 0 0 0 0 0 0 0 0 10 0 0 0 
 204 0 0 0 34 149 0 0 0 0 0 2 0 2 0 3 0 0 200 0 319 223 0 274 49 48 70 104 191 65 61 117 73 83 75 146 355 108 132 131 3 0 0 3 0 0 0 3 0 4 2 14 0 0 0 0 63 0 21 0 0 0 0 80 2 0 0 0 0 2 0 0 0 4 0 0 0 4 0 2 0 2 0 0 11 0 0 0 0 0 0 0 0 0 0 0 0 2 0 0 16 21 0 3 44 0 14 16 58 80 52 23 3 8 4 4 23 1 19 3 4 0 0 0 0 0 0 0 0 0 0 0 1 15 0 0 0 0 0 14 0 0 0 0 0 0 0 0 0 0 0 9 0 0 3 0 2 0 0 0 0 0 9 1 2 0 5 0 0 0 27 0 12 2 0 0 0 0 0 0 6 15 8 5 16 3 51 7 2 50 0 22 15 22 23 47 18 11 31 0 16 0 0 0 0 0 25 0 0 0 0 0 32 0 2 11 16 0 10 0 0 0 0 0 0 0 0 0 0 0 0 2 0 0 0 0 0 0 0 0 0 0 0 0 0 2 0 0 0 0 17 0 0 0 2 1 0 1 78 2 2 1 0 0 0 0 0 0 0 0 0 0 0 0 0 0 0 0 0 1 0 4 0 0 0 0 10 0 0 0 
 0 2 0 0 0 0 2 0 0 0 0 1 0 3 3 0 0 3 2 0 78 301 274 0 533 332 147 359 177 260 285 429 51 82 130 641 44 177 90 352 3 0 0 3 0 0 0 3 0 0 2 5 65 30 1 0 0 0 133 1 0 0 0 1 2 0 0 0 0 0 7 1 0 0 0 0 0 3 0 2 0 0 0 0 0 0 0 0 0 0 0 0 0 0 0 0 0 0 0 0 0 17 0 19 1 8 0 20 20 15 16 29 0 14 1 6 0 0 0 0 0 0 0 0 0 0 19 0 9 0 0 0 10 27 0 12 0 0 14 31 0 0 0 0 0 0 0 0 0 0 0 0 0 0 0 0 2 0 0 0 0 0 0 1 0 0 0 0 0 1 0 0 0 0 0 0 0 4 0 0 0 8 9 19 8 11 0 17 21 8 0 45 0 11 6 12 0 0 0 0 0 0 21 0 1 0 23 0 15 0 0 0 12 9 15 0 0 0 36 0 0 0 0 0 0 0 0 23 0 0 0 0 0 0 0 0 0 0 0 0 0 0 0 0 0 2 0 0 0 0 0 0 0 0 0 1 0 3 1 2 3 0 0 0 0 0 0 0 0 0 0 0 0 0 0 0 0 0 0 18 0 0 0 0 0 13 0 0 0 0 
 0 0 0 0 0 3 2 0 0 1 0 0 0 0 0 2 5 0 4 0 41 262 49 533 0 215 47 125 187 186 237 116 275 70 164 369 286 102 88 85 3 0 0 3 0 0 3 65 25 0 2 0 132 64 84 0 0 0 1 65 0 0 0 2 2 0 0 0 0 0 7 7 0 0 0 0 0 3 0 2 0 0 0 0 0 0 0 0 0 0 0 0 0 0 2 0 0 0 0 0 0 0 0 8 1 0 1 11 0 22 22 0 0 17 0 13 21 31 0 0 12 0 1 1 0 0 12 0 19 0 3 0 13 0 11 2 0 1 29 18 0 0 0 0 0 0 0 0 0 0 0 4 0 0 0 0 0 0 0 0 0 0 0 0 0 0 0 0 0 0 0 2 0 0 0 8 7 0 0 0 0 0 0 23 1 12 0 11 14 9 17 13 19 8 0 0 0 0 0 0 15 0 11 0 0 0 1 0 11 20 0 0 23 30 16 0 15 9 31 9 0 0 0 0 0 0 0 0 0 0 0 0 11 0 0 0 0 0 0 0 0 0 0 0 0 0 0 0 0 0 0 0 0 0 16 0 0 230 8 0 5 1 0 0 0 0 0 0 0 0 0 0 5 0 0 0 0 0 0 0 0 11 0 0 1 12 0 0 0 0 
 0 0 0 1 0 0 0 0 0 2 0 0 0 78 24 2 0 0 0 0 40 328 48 332 215 0 19 38 166 430 183 226 44 65 54 292 328 269 59 33 59 0 0 3 0 4 87 131 0 3 2 0 131 88 87 84 23 0 121 1 0 0 0 2 2 0 0 0 0 0 12 9 0 0 0 2 0 3 0 2 0 2 0 0 0 0 0 0 0 0 0 0 0 0 0 0 0 2 0 0 0 0 22 2 0 10 0 0 0 0 30 0 1 0 0 15 4 0 0 0 19 1 11 12 0 0 0 1 1 15 0 0 44 26 18 13 1 0 9 37 0 0 0 5 0 0 0 0 0 0 6 0 0 0 0 0 2 0 4 0 0 0 0 1 0 0 0 0 0 0 0 0 0 2 0 0 0 5 0 0 0 0 0 0 0 0 0 0 0 0 0 0 0 0 0 0 0 0 0 0 18 12 17 0 0 0 19 7 16 0 0 0 13 38 43 20 1 0 25 10 0 0 0 0 0 0 0 0 0 0 0 2 0 0 0 0 0 0 0 0 0 0 0 0 0 2 0 0 0 0 0 0 0 0 7 1 5 165 1 2 2 0 0 0 0 0 0 0 0 0 0 0 0 0 0 0 0 0 0 0 0 1 8 0 0 1 0 0 0 0 
 0 0 75 1 61 1 0 0 0 77 25 74 0 3 0 0 35 37 0 0 166 265 70 147 47 19 0 162 50 38 261 105 62 368 56 124 33 134 50 61 3 35 0 3 0 0 0 3 0 0 2 0 0 0 0 0 2 0 0 0 0 0 0 0 8 0 0 0 0 0 0 0 0 0 8 0 0 3 0 2 0 0 0 11 10 19 0 0 0 0 0 1 0 0 0 0 0 0 0 0 32 15 12 16 21 8 0 17 38 0 34 25 9 23 10 15 19 14 11 10 0 0 0 0 0 0 1 0 0 0 0 0 14 0 0 0 0 0 8 0 0 0 0 0 0 0 0 0 0 0 0 0 0 0 0 0 0 0 0 0 0 0 0 19 18 17 0 0 0 0 14 22 0 0 0 0 0 0 0 0 2 8 0 30 18 8 9 18 4 19 7 0 0 23 58 44 34 10 10 0 0 0 0 0 0 0 0 11 0 0 0 0 0 0 0 0 0 0 1 0 0 0 0 0 0 21 22 0 0 0 0 0 0 0 0 0 0 0 0 0 0 0 11 0 0 0 0 0 0 0 13 0 7 0 3 0 2 0 82 0 13 0 0 0 0 0 0 0 0 0 0 0 0 0 0 15 0 0 0 1 0 1 0 0 0 0 0 0 0 0 
 1 0 0 0 0 0 1 0 0 0 0 0 1 0 39 14 0 2 0 0 245 303 104 359 125 38 162 0 110 35 183 160 193 102 130 338 80 120 93 231 8 0 0 6 0 1 0 4 4 0 2 6 71 0 0 4 1 4 6 0 0 0 0 46 2 2 6 0 0 7 0 0 0 0 0 0 0 10 0 4 14 0 0 0 0 0 0 0 0 0 0 0 0 1 0 0 0 0 0 0 17 26 23 55 12 10 14 86 17 12 53 1 1 19 11 22 38 39 0 8 0 0 1 0 0 1 7 0 0 0 0 0 0 19 0 0 0 0 16 22 0 0 0 0 0 8 0 0 0 0 0 0 0 0 2 0 0 0 0 0 0 0 0 25 0 0 0 0 0 0 0 0 0 0 0 1 0 0 0 0 12 0 12 59 1 25 9 43 17 15 1 37 0 14 22 22 0 31 0 0 0 0 0 0 0 0 7 0 0 0 0 0 1 0 1 0 0 14 2 7 1 0 0 0 0 0 0 0 0 0 0 0 0 0 0 0 0 0 0 1 0 0 15 0 0 0 0 0 0 0 0 0 0 0 3 0 2 77 77 0 10 20 0 0 0 0 19 0 0 0 0 0 0 0 0 0 2 2 0 0 0 15 0 0 0 23 9 0 0 0 
 3 3 3 5 213 3 4 3 4 3 5 3 4 3 5 3 3 3 5 3 346 103 191 177 187 166 50 110 0 219 132 153 76 132 297 231 124 140 167 169 3 0 0 3 0 0 0 3 0 0 2 1 0 0 0 0 1 0 65 61 0 0 0 1 2 0 0 0 0 0 5 0 0 0 0 2 0 3 0 2 0 0 0 0 0 0 0 0 0 0 0 0 0 19 0 0 0 0 0 0 0 31 15 0 28 0 0 0 20 16 14 12 0 0 15 1 0 20 0 0 1 0 21 0 0 1 19 0 0 0 1 0 8 9 0 0 0 0 19 22 0 0 0 0 0 0 0 0 0 0 0 10 0 0 0 0 0 0 0 0 22 0 24 0 0 0 0 0 0 0 0 0 0 0 0 2 0 0 22 0 10 17 25 2 17 17 0 8 12 11 13 65 0 0 0 0 0 20 0 0 23 0 0 0 0 0 20 0 0 0 0 0 22 0 25 0 37 0 40 10 1 0 0 0 0 0 0 0 0 0 0 0 0 0 0 0 0 0 0 1 0 0 0 0 0 0 0 0 0 0 0 0 0 0 0 2 0 1 79 0 17 0 0 0 0 0 0 0 0 0 0 0 0 0 0 0 0 2 0 20 0 0 0 0 0 0 0 0 0 0 
 0 0 0 0 0 0 0 0 0 0 0 0 0 0 0 1 0 0 0 0 130 279 65 260 186 430 38 35 219 0 232 144 44 294 93 124 286 35 136 155 3 61 0 3 0 0 1 66 0 0 2 0 67 62 71 0 1 0 0 61 0 0 0 2 2 0 0 0 0 0 11 12 0 0 0 0 0 3 0 2 0 0 1 2 0 0 0 0 0 0 0 0 0 0 1 7 0 0 0 0 0 6 0 0 2 0 0 0 0 7 13 15 0 0 30 0 21 18 0 0 17 0 1 0 0 0 9 0 8 0 0 0 38 2 21 2 0 1 35 14 0 1 0 0 0 0 0 0 0 0 1 2 0 0 0 0 0 22 0 2 0 0 0 0 0 0 0 0 0 0 0 0 0 0 0 4 4 1 0 0 9 6 19 13 1 0 2 1 0 1 28 1 0 0 0 2 0 19 0 0 15 0 24 0 0 0 0 0 15 11 0 0 37 1 25 0 16 12 30 10 0 0 0 0 0 0 0 0 0 0 0 0 0 0 0 0 0 0 0 0 0 0 0 0 0 0 0 0 0 0 0 0 0 0 5 1 0 152 1 6 0 2 0 0 0 0 0 0 0 0 0 0 0 0 0 0 0 0 0 13 0 18 0 0 0 1 0 0 0 0 
 0 0 1 0 0 0 3 1 0 2 0 1 0 4 2 2 1 1 0 78 31 326 61 285 237 183 261 183 132 232 0 125 52 54 185 75 310 145 40 158 0 2 1 0 0 3 1 5 0 4 0 0 32 0 5 0 0 0 2 62 0 0 0 4 0 0 0 2 0 2 0 0 0 4 0 3 0 9 0 8 0 0 0 0 0 0 0 0 0 0 0 0 0 0 0 0 0 0 0 32 0 16 11 4 45 9 18 2 0 1 9 11 0 22 0 13 29 37 0 0 12 0 0 0 0 0 11 0 12 0 0 0 59 19 22 7 0 0 9 0 0 0 0 0 0 0 2 0 0 0 7 1 0 0 0 0 0 0 0 0 0 0 0 0 2 0 0 0 0 0 0 0 0 0 0 0 0 0 3 0 15 23 20 0 0 10 0 15 10 19 7 15 0 0 2 0 0 0 0 0 1 19 0 0 6 0 12 10 0 7 0 0 0 3 2 0 0 11 0 30 0 0 0 7 0 0 0 0 0 0 0 0 0 0 0 0 0 0 0 0 0 0 0 0 0 0 0 0 0 0 0 0 0 0 11 0 0 6 76 1 13 2 0 0 0 0 20 0 0 0 0 0 0 0 0 0 0 0 0 0 0 12 0 0 0 0 0 0 0 0 
 2 0 0 2 0 0 0 2 0 0 2 2 0 0 1 2 2 76 3 0 47 54 117 429 116 226 105 160 153 144 125 0 23 247 110 119 85 69 45 47 69 0 0 4 0 0 67 22 0 0 1 5 11 66 84 0 0 99 24 65 0 2 0 1 2 0 0 0 0 0 4 5 0 0 0 0 0 3 0 3 0 0 0 0 0 0 0 0 0 0 0 0 0 0 0 0 2 0 0 0 0 25 7 8 1 26 0 0 43 4 18 16 0 11 0 0 2 1 0 0 0 18 1 0 0 0 24 3 0 0 6 0 7 32 19 8 13 2 45 18 0 0 0 0 0 0 0 0 0 0 0 0 0 0 0 0 0 0 0 0 0 0 0 0 0 0 1 0 0 0 0 0 0 0 0 2 1 8 0 0 0 6 10 24 35 0 0 0 14 8 0 9 0 42 0 0 0 0 0 0 20 0 11 1 0 0 22 0 1 0 0 0 24 10 15 0 10 0 16 0 0 1 0 0 0 1 0 0 0 0 0 0 0 0 0 0 0 0 0 0 0 0 0 0 0 0 0 0 0 0 0 0 0 0 18 2 2 2 0 13 0 5 0 0 0 0 0 0 0 0 0 0 0 0 0 0 0 0 0 0 0 0 0 0 0 0 0 0 0 0 
 0 77 81 76 73 38 0 3 2 152 197 0 0 0 0 36 0 75 2 0 69 351 73 51 275 44 62 193 76 44 52 23 0 409 164 271 311 261 119 198 3 0 0 3 0 0 0 3 1 7 2 0 0 0 0 0 63 0 0 0 0 0 0 1 2 0 0 0 0 0 0 0 0 0 0 0 0 11 0 7 0 0 19 0 4 39 0 0 0 24 17 20 0 0 0 0 10 21 0 0 14 14 0 11 21 0 26 25 1 0 0 0 33 19 10 14 49 22 20 1 5 0 0 2 0 0 1 0 0 0 0 0 0 17 0 0 0 0 0 0 0 0 0 0 0 16 0 0 0 4 0 0 0 0 0 0 0 12 0 0 0 0 0 0 9 14 0 0 0 0 9 12 0 0 0 0 0 9 0 0 35 19 13 1 0 21 0 2 20 1 1 0 1 22 7 0 29 0 48 13 0 0 0 0 0 0 0 0 0 0 0 0 0 0 0 1 0 0 0 0 0 0 0 0 0 0 0 0 0 0 0 0 0 0 0 0 0 0 0 0 0 4 0 0 0 0 0 0 30 0 15 0 0 0 2 0 0 0 0 0 0 1 0 0 0 0 17 0 0 0 0 0 0 0 0 0 8 11 0 0 0 0 0 0 0 0 0 0 0 0 
 0 0 75 135 105 73 2 1 1 135 148 2 0 0 2 79 76 76 1 0 329 52 83 82 70 65 368 102 132 294 54 247 409 0 173 47 38 40 172 172 3 2 5 3 0 0 4 3 2 2 3 0 0 0 0 0 2 2 0 2 0 0 0 0 5 0 0 0 0 0 0 0 0 0 0 0 0 3 0 2 0 0 14 17 8 38 0 0 0 61 0 30 0 0 0 15 0 0 0 0 11 6 0 20 0 6 32 15 0 0 0 0 31 0 37 3 0 13 4 2 0 0 0 0 0 10 0 0 0 0 0 0 0 0 0 0 0 0 0 0 0 0 0 0 0 0 0 0 0 0 0 0 0 0 1 0 12 0 2 10 0 0 0 15 9 18 0 0 0 0 8 32 0 0 2 0 0 0 0 0 43 17 9 0 0 0 34 1 1 0 8 1 67 8 27 1 18 19 26 11 0 0 0 0 0 1 0 0 0 0 21 0 0 2 0 0 0 0 1 0 0 0 0 0 0 0 0 0 0 5 3 0 0 0 0 0 1 2 0 0 0 0 0 0 0 0 0 0 2 0 0 0 11 0 98 0 2 0 0 1 2 0 0 0 0 0 7 0 0 0 0 0 10 0 0 0 8 0 0 12 0 0 0 0 0 0 0 0 0 0 
 0 0 0 77 0 23 1 0 0 21 154 6 0 0 0 10 0 77 0 0 71 127 75 130 164 54 56 130 297 93 185 110 164 173 0 100 94 111 65 192 3 62 2 68 0 0 0 3 1 3 1 70 2 0 1 1 64 2 7 1 0 6 0 46 3 0 0 0 0 0 4 0 0 0 0 0 0 7 0 2 0 0 0 0 0 17 0 0 0 0 6 0 0 0 0 0 0 0 0 0 0 17 0 8 17 0 27 33 13 17 27 29 34 0 0 35 30 19 0 12 0 0 0 0 0 0 0 0 0 0 0 0 0 32 0 0 0 0 0 13 0 0 0 0 0 5 2 0 0 7 0 0 2 0 0 0 0 5 0 0 0 0 0 14 1 22 0 0 8 0 0 0 0 0 0 0 0 0 21 0 65 0 71 1 9 2 13 1 1 36 17 19 0 0 7 0 18 0 16 13 0 0 0 0 0 0 21 0 0 0 0 0 0 0 1 0 0 0 0 5 0 0 0 0 0 0 0 0 0 0 10 0 0 0 0 0 0 0 0 0 0 0 0 0 0 1 0 0 64 0 11 0 0 0 14 0 3 0 77 1 3 0 0 0 0 1 19 0 0 0 0 0 0 0 0 0 0 13 0 0 0 0 0 0 0 0 12 0 0 0 
 2 2 2 2 2 18 2 2 2 2 2 3 2 4 5 2 2 5 30 2 203 287 146 641 369 292 124 338 231 124 75 119 271 47 100 0 75 111 482 172 3 208 0 3 0 0 0 3 30 0 1 0 206 0 4 0 1 0 33 0 0 0 0 2 3 0 0 0 0 0 0 0 0 0 0 0 0 3 0 2 0 0 0 0 66 0 0 0 0 0 0 0 0 0 0 0 0 0 0 0 8 37 16 16 1 11 12 23 48 9 26 59 0 28 14 29 0 14 0 12 0 0 0 0 0 0 7 14 0 0 0 0 0 0 0 0 2 0 15 0 0 0 0 0 0 0 0 0 0 2 0 0 0 0 0 0 0 0 0 0 0 0 0 0 2 0 0 0 0 0 0 0 7 0 0 0 0 0 0 0 9 29 12 4 8 0 10 9 10 0 16 18 19 27 10 36 0 32 0 1 0 0 0 0 0 0 0 0 2 0 0 0 0 0 1 1 0 0 37 0 0 0 0 0 0 0 0 0 0 0 0 0 0 0 0 0 0 0 0 0 0 0 8 0 0 1 0 0 0 0 0 0 0 0 19 1 0 0 1 0 2 2 0 0 0 0 0 0 0 0 0 0 0 0 0 0 0 0 0 11 0 0 0 0 0 0 0 0 0 0 
 0 0 0 0 0 0 1 0 0 0 2 0 0 0 0 2 0 0 0 2 32 56 355 44 286 328 33 80 124 286 310 85 311 38 94 75 0 133 45 59 3 0 0 3 0 0 0 3 0 0 2 1 130 0 0 0 0 0 0 29 55 0 0 55 2 0 0 0 0 0 47 0 0 0 0 0 1 5 0 2 0 0 0 0 0 0 0 0 0 0 0 0 0 0 0 0 0 0 0 0 0 14 31 7 18 11 10 13 0 20 13 54 0 0 2 32 39 29 3 1 14 0 0 0 0 0 13 0 21 0 0 0 28 13 0 0 0 0 0 26 0 0 0 0 0 0 16 0 0 0 0 37 0 0 0 0 0 0 0 0 0 0 0 0 0 0 0 0 0 0 0 0 0 0 0 3 3 0 1 0 41 0 13 12 17 9 7 18 0 36 7 13 0 0 0 0 0 0 0 0 8 13 56 0 0 0 5 7 17 0 0 0 22 18 26 0 9 0 12 10 0 0 0 0 0 0 0 1 0 0 3 0 0 0 0 0 0 0 0 0 0 0 0 0 0 0 0 0 0 0 0 0 0 0 4 1 0 77 77 1 1 0 0 0 0 0 13 0 0 0 0 0 0 0 0 0 0 0 0 0 0 15 0 0 0 0 10 0 0 0 
 3 3 5 6 3 78 10 3 4 3 3 3 6 5 7 3 3 3 4 5 31 119 108 177 102 269 134 120 140 35 145 69 261 40 111 111 133 0 140 108 3 0 0 3 0 0 0 3 0 0 2 3 17 0 0 0 0 0 31 0 0 0 0 2 3 0 0 0 0 0 0 0 0 0 0 0 0 3 0 2 0 0 0 0 0 0 0 0 0 0 0 0 0 0 0 0 0 0 0 0 0 0 6 10 23 0 0 40 15 11 7 14 0 23 0 1 0 2 0 2 0 0 2 0 0 0 16 16 0 0 0 0 1 0 1 0 0 0 0 4 0 0 0 0 0 0 0 0 0 0 0 0 0 0 0 2 0 0 4 0 0 0 1 0 0 0 0 0 0 0 0 0 5 1 0 0 0 2 0 0 2 14 10 6 0 9 2 6 13 10 6 15 14 15 0 0 42 11 0 0 0 0 0 0 0 0 21 13 0 0 0 0 0 1 0 0 0 0 12 11 2 0 0 0 2 0 0 0 1 0 0 0 0 0 0 0 0 0 0 0 0 0 0 0 0 0 0 0 0 0 0 0 0 0 4 0 4 2 2 0 3 0 0 0 0 0 0 0 0 0 0 0 0 0 0 0 0 1 0 12 0 0 0 0 0 12 0 0 0 0 
 3 3 36 85 3 155 3 3 5 77 86 41 4 6 4 41 78 78 5 3 245 200 132 90 88 59 50 93 167 136 40 45 119 172 65 482 45 140 0 471 3 201 0 3 0 1 0 3 1 0 1 0 201 0 0 0 1 0 0 0 0 0 0 54 3 0 0 0 0 0 0 0 0 45 0 0 0 3 0 2 0 0 0 15 6 0 0 0 9 0 0 0 0 0 2 0 0 0 0 0 37 37 0 1 19 0 10 25 29 33 2 1 1 19 15 36 0 34 13 11 0 0 0 0 0 0 0 0 0 0 0 0 0 0 2 0 0 0 1 0 0 0 0 0 0 7 0 0 0 7 13 0 0 0 0 1 0 8 0 0 0 0 2 15 16 16 0 0 0 0 0 0 3 0 0 0 0 0 0 0 11 31 18 23 0 0 34 27 0 14 16 0 11 9 14 34 7 42 9 40 0 0 0 0 0 0 0 10 0 0 0 0 0 0 0 0 0 0 1 0 0 0 0 0 0 0 0 0 0 0 0 0 0 0 0 0 0 0 0 0 0 0 19 0 0 0 0 0 0 0 0 0 0 0 14 2 0 0 0 2 2 0 0 0 0 0 0 0 0 0 0 0 0 0 0 21 0 25 0 0 0 0 0 0 0 0 11 0 0 0 
 0 0 192 94 25 23 0 0 0 84 93 74 0 0 0 147 2 0 0 25 35 35 131 352 85 33 61 231 169 155 158 47 198 172 192 172 59 108 471 0 3 203 0 3 0 0 0 3 2 13 5 0 203 0 0 0 1 0 0 0 0 0 0 0 2 0 2 0 0 0 0 0 0 0 0 0 0 6 2 2 0 0 20 8 1 52 0 0 2 22 0 30 0 0 0 0 0 24 0 0 29 19 0 38 0 0 32 34 0 0 0 0 23 9 3 23 0 0 16 45 0 0 0 0 0 9 0 0 0 0 0 0 0 0 0 0 0 0 0 0 0 0 0 0 0 7 0 0 0 4 0 0 0 0 0 0 0 6 0 0 4 0 0 7 9 20 11 0 0 0 9 2 0 0 0 0 0 9 0 0 20 18 15 33 0 0 4 39 10 0 14 21 1 73 22 11 30 40 37 12 0 0 0 0 0 0 0 0 0 0 0 0 0 0 0 0 0 0 2 0 0 0 0 11 0 0 0 0 0 0 0 0 0 0 0 0 0 0 0 0 0 4 0 0 0 0 0 0 0 0 0 0 0 0 5 0 0 0 0 0 4 0 0 0 0 0 0 0 0 0 0 0 0 0 0 0 4 12 0 18 0 0 0 0 0 21 4 0 0 0 
 2 2 2 4 2 2 2 2 3 2 4 2 2 6 2 2 2 2 6 2 3 3 3 3 3 59 3 8 3 3 0 69 3 3 3 3 3 3 3 3 0 89 289 289 184 18 360 233 195 52 30 25 34 75 136 215 290 257 47 101 0 0 0 0 0 0 0 0 7 5 0 0 0 0 0 0 0 2 0 0 0 0 0 0 0 0 0 0 0 0 0 0 0 0 0 0 0 0 0 0 0 0 0 0 0 1 0 0 0 0 0 0 0 0 0 0 0 0 0 0 28 10 26 8 16 0 14 10 0 13 8 6 0 12 1 1 0 26 10 28 0 0 0 3 0 0 0 0 0 13 6 7 0 1 34 0 0 0 14 0 0 0 0 1 0 0 0 0 0 0 0 0 0 0 0 0 0 0 0 5 0 0 0 0 13 0 0 0 0 0 0 0 0 0 0 0 0 3 0 0 10 26 21 14 0 0 31 52 23 0 26 16 8 32 0 0 17 1 0 9 0 0 0 0 0 0 0 0 0 0 0 0 0 0 0 0 0 0 14 0 0 0 0 0 0 0 0 0 2 0 0 5 0 0 0 0 0 0 0 0 0 0 2 0 0 2 0 1 0 0 0 0 0 0 0 0 0 0 0 0 0 0 0 0 0 0 0 0 0 0 
 3 3 3 3 3 3 3 3 3 3 3 3 3 3 3 3 3 3 5 3 0 9 0 0 0 0 35 0 0 61 2 0 0 2 62 208 0 0 201 203 89 0 244 135 52 148 85 516 50 341 108 91 42 74 215 33 31 100 277 304 1 0 0 1 0 0 0 0 0 0 0 0 0 0 0 2 0 0 21 0 0 0 0 0 0 0 0 0 0 0 0 0 0 0 9 0 0 0 0 0 0 0 0 0 0 12 0 0 0 0 0 0 0 0 0 0 0 0 0 0 0 19 23 48 9 2 0 1 36 0 9 26 0 0 26 12 1 3 0 0 0 0 0 0 0 0 11 4 0 0 0 0 8 23 9 5 0 0 11 0 0 5 0 2 0 0 0 0 0 0 0 0 0 24 0 0 0 0 0 6 0 0 0 0 19 0 0 0 0 0 0 0 0 0 0 0 0 0 0 0 13 17 0 2 0 19 0 2 0 19 14 9 19 4 0 0 24 27 0 20 14 0 0 0 0 0 18 0 1 8 0 0 0 18 0 27 0 0 17 8 0 0 0 0 0 0 0 0 0 0 0 10 1 0 0 0 0 0 0 0 0 0 68 65 64 2 1 0 1 0 22 0 0 0 0 0 0 0 0 0 0 0 0 0 0 30 0 0 0 0 
 0 0 0 0 0 0 0 0 0 0 0 3 0 0 4 0 0 2 1 0 0 0 0 0 0 0 0 0 0 0 1 0 0 5 2 0 0 0 0 0 289 244 0 349 66 149 134 202 91 183 122 98 43 52 148 42 112 141 27 38 0 28 0 0 0 0 0 2 0 0 0 0 0 0 4 0 0 0 1 0 0 0 0 0 3 0 0 0 0 0 0 0 0 0 16 12 0 0 0 0 0 0 0 0 0 0 0 0 0 0 0 0 0 0 0 0 0 0 0 0 0 4 1 5 29 0 0 0 0 57 11 5 0 9 1 11 12 19 0 0 9 22 7 0 0 0 24 0 0 0 0 0 46 8 11 0 29 0 17 22 6 5 0 2 0 0 0 0 0 0 0 0 0 0 0 0 0 2 0 15 0 0 0 0 0 0 0 0 0 0 0 0 0 0 0 0 0 22 0 0 0 7 5 0 0 21 12 1 7 21 3 16 0 0 0 13 19 7 0 0 8 33 0 0 0 0 9 0 0 0 3 0 1 0 0 1 0 0 26 7 0 0 1 0 0 0 0 0 0 0 0 8 0 0 0 0 0 0 0 1 0 0 0 65 36 0 2 2 2 0 0 0 0 0 0 0 0 0 0 0 0 0 0 0 7 15 0 0 0 0 
 0 0 0 0 0 64 0 0 0 0 0 0 0 3 1 0 0 1 3 0 7 3 3 3 3 3 3 6 3 3 0 4 3 3 68 3 3 3 3 3 289 135 349 0 153 95 72 70 170 309 148 109 44 104 74 115 47 273 75 65 0 0 0 0 6 0 0 0 1 7 0 0 0 0 0 0 1 0 77 51 0 0 0 0 0 0 0 0 0 0 0 0 0 0 0 0 0 0 0 0 0 0 0 0 0 0 0 0 0 0 0 0 0 0 0 0 0 0 0 0 0 18 6 21 0 15 0 20 0 7 4 36 0 14 10 0 7 27 0 0 1 0 0 25 0 0 11 6 0 0 0 0 0 0 0 6 0 1 0 2 13 4 0 20 0 0 0 6 0 0 0 0 0 0 0 0 0 0 0 0 0 0 0 0 0 0 0 0 0 0 0 0 0 0 0 0 0 0 0 0 18 0 1 17 56 0 28 0 9 0 16 31 0 0 0 13 0 0 0 19 7 0 9 6 3 0 1 29 0 22 0 0 26 2 9 0 0 0 12 17 0 0 28 0 0 0 0 0 0 0 0 5 0 0 0 0 0 0 0 11 0 0 37 3 0 3 1 63 0 2 12 0 0 0 0 0 0 0 0 0 0 0 0 0 7 0 0 0 0 0 
 0 0 0 0 0 0 0 0 0 0 0 4 0 0 0 0 0 0 0 0 65 0 0 0 0 0 0 0 0 0 0 0 0 0 0 0 0 0 0 0 184 52 66 153 0 59 200 141 236 147 148 186 129 90 367 96 90 40 66 153 28 34 0 0 0 1 17 2 7 6 0 0 0 53 0 0 0 0 7 137 0 0 0 0 0 0 0 0 0 0 0 0 0 0 0 0 0 0 0 0 0 0 0 0 0 0 0 0 0 0 0 0 0 0 0 7 0 0 0 0 12 1 40 0 12 5 0 5 2 0 3 16 0 0 0 0 0 0 0 13 0 0 0 0 0 0 11 0 4 0 0 0 0 12 44 14 3 0 15 3 0 0 0 0 0 0 0 0 0 0 0 0 0 0 0 0 18 0 0 2 0 0 0 0 0 0 0 11 0 0 0 0 0 0 0 0 0 0 0 0 0 13 7 8 0 0 3 20 10 0 26 26 2 29 1 0 12 18 0 0 0 0 0 0 0 0 5 15 7 0 10 0 25 10 0 17 0 6 1 17 10 0 1 0 0 0 0 0 0 0 0 6 0 0 0 0 0 0 0 2 0 0 0 11 0 0 0 2 0 0 0 0 0 0 0 0 0 0 0 0 0 0 3 0 0 0 0 10 0 0 
 0 0 0 0 0 0 3 0 0 0 0 0 0 1 0 0 0 0 29 0 0 0 0 0 0 4 0 1 0 0 3 0 0 0 0 0 0 0 1 0 18 148 149 95 59 0 24 295 144 47 84 46 144 32 131 89 266 80 150 66 52 49 59 0 0 3 56 0 0 4 0 0 104 3 52 0 0 0 110 62 0 0 0 0 0 0 0 0 0 0 7 0 0 0 0 0 1 0 6 0 0 0 0 0 0 0 0 0 0 5 0 0 0 0 0 0 0 0 0 0 0 0 0 8 14 0 0 8 0 1 16 3 0 0 0 0 0 29 0 0 24 21 10 0 0 0 20 20 10 4 0 0 24 17 18 4 8 1 36 14 0 5 0 7 0 0 0 0 0 0 0 0 0 0 0 0 0 0 0 12 0 0 0 0 0 0 0 0 0 0 0 0 0 0 0 0 0 0 0 0 0 1 1 11 20 0 0 0 1 19 9 40 0 0 0 8 13 8 0 0 10 18 5 19 0 0 28 0 0 10 0 0 23 0 36 0 0 0 30 28 0 0 4 0 0 0 0 0 61 0 0 16 0 0 0 0 0 0 0 0 0 0 24 62 6 1 0 17 1 0 32 0 0 0 0 0 0 0 0 0 0 0 0 0 0 0 0 0 0 0 
 0 0 0 0 0 0 0 0 0 0 0 2 0 0 0 0 0 0 1 0 3 0 0 0 3 87 0 0 0 1 1 67 0 4 0 0 0 0 0 0 360 85 134 72 200 24 0 102 255 182 26 41 372 192 332 168 178 151 114 59 0 0 0 0 0 0 0 0 8 0 0 0 0 0 0 0 0 1 0 0 0 0 0 0 0 0 0 0 0 0 0 0 0 0 0 0 0 0 0 0 0 0 0 0 0 13 0 0 0 0 0 0 0 0 0 0 8 0 0 0 27 48 23 27 19 0 5 30 1 19 13 0 3 28 28 7 6 15 34 13 0 21 0 5 0 0 0 0 0 0 3 9 0 0 0 0 0 0 3 0 0 16 0 0 0 0 0 0 0 3 0 0 0 0 0 0 0 0 0 0 0 0 0 0 8 0 0 0 0 0 13 0 0 0 0 0 0 0 0 0 29 20 35 9 1 0 39 18 11 9 31 1 33 22 14 7 1 0 0 15 0 0 0 0 0 0 0 0 0 0 5 0 0 0 0 0 0 0 11 0 0 0 0 0 0 0 0 0 0 0 0 11 2 0 0 0 0 0 0 0 0 0 0 0 0 4 2 0 0 0 0 0 0 0 0 0 0 13 0 0 0 0 1 0 0 10 0 0 0 0 
 0 1 0 21 0 52 0 0 0 0 0 0 0 0 0 0 0 0 0 0 5 3 3 3 65 131 3 4 3 66 5 22 3 3 3 3 3 3 3 3 233 516 202 70 141 295 102 0 120 36 20 34 71 213 221 177 161 96 116 45 1 0 0 1 0 0 0 1 0 0 5 3 0 0 0 0 1 0 0 8 0 0 0 0 0 0 0 0 0 0 0 0 0 0 0 0 0 0 0 0 0 0 0 0 0 0 0 0 0 0 0 0 0 0 0 0 0 0 0 0 0 13 10 15 24 0 0 0 0 0 0 1 8 0 0 14 18 7 12 17 0 0 0 6 0 0 7 16 12 0 7 11 0 0 4 0 0 0 14 8 0 0 0 0 0 0 0 0 0 0 0 0 0 0 0 0 0 0 0 3 0 1 0 0 12 0 0 0 0 0 0 0 0 0 0 0 0 0 0 0 15 18 10 0 0 35 0 11 0 36 0 0 0 20 18 0 24 12 0 1 0 0 0 0 0 0 0 0 5 0 0 0 7 0 0 0 0 0 0 12 0 0 0 0 0 0 0 0 0 0 0 14 0 0 0 0 0 22 0 0 0 0 0 1 12 0 0 0 1 0 0 0 0 0 0 0 0 0 0 0 0 0 0 0 8 16 0 1 0 0 
 0 0 1 2 30 0 0 69 0 1 2 1 0 1 0 1 4 1 0 0 7 0 0 0 25 0 0 4 0 0 0 0 1 2 1 30 0 0 1 2 195 50 91 170 236 144 255 120 0 162 272 47 177 178 166 262 108 39 361 55 0 0 0 18 25 0 3 0 4 11 0 0 0 0 0 0 0 0 1 3 0 0 0 10 0 0 0 0 0 0 19 8 0 0 3 0 0 14 0 0 0 0 0 0 0 0 0 0 0 0 0 0 0 0 0 0 0 0 20 6 19 40 22 3 0 12 12 49 4 7 0 8 0 27 14 0 1 29 0 6 0 0 10 0 0 0 7 0 0 0 0 18 0 0 1 0 0 0 0 0 22 0 7 0 0 0 0 14 0 5 27 0 0 0 20 0 11 0 11 0 0 0 0 0 50 0 0 0 0 0 0 0 0 0 0 0 0 0 0 0 21 10 19 26 0 2 34 45 16 18 13 10 19 4 57 15 10 0 0 57 0 0 0 0 0 0 7 0 2 0 0 0 15 0 0 0 0 8 38 6 0 0 0 0 0 0 0 0 0 0 0 12 0 2 0 2 0 0 0 0 0 0 1 0 2 1 4 0 0 0 0 0 0 0 0 0 0 0 0 0 0 0 0 0 2 0 0 0 1 0 
 0 0 11 3 0 1 2 0 0 5 0 0 0 0 0 0 0 0 3 2 2 0 4 0 0 3 0 0 0 0 4 0 7 2 3 0 0 0 0 13 52 341 183 309 147 47 182 36 162 0 393 104 49 92 136 341 353 184 91 310 51 10 0 0 0 0 0 0 0 208 0 0 0 0 6 0 20 0 0 0 0 0 5 0 5 0 0 0 0 4 0 0 0 0 0 0 0 0 0 0 0 0 0 0 0 8 3 0 0 0 0 0 3 0 0 0 0 0 0 0 14 19 2 36 19 0 0 8 0 37 12 10 8 14 14 0 8 0 0 0 0 10 0 0 0 0 23 0 0 0 0 0 20 19 0 1 0 0 6 0 0 0 0 0 0 6 0 0 0 7 6 0 0 0 0 0 0 7 0 1 3 6 0 1 0 0 4 0 0 0 0 0 3 21 0 0 5 0 3 0 0 0 0 0 0 27 18 2 6 0 18 0 0 0 11 14 0 5 0 1 0 0 47 0 0 0 1 10 29 0 0 0 0 8 0 4 0 0 52 0 0 12 0 0 0 0 0 0 0 0 0 0 0 1 0 0 0 0 0 2 0 27 1 0 3 3 1 0 0 0 0 0 0 0 0 0 0 0 0 0 0 3 0 0 7 0 0 10 2 0 
 0 0 0 0 0 6 0 0 0 0 0 0 0 0 0 0 0 0 6 0 3 2 2 2 2 2 2 2 2 2 0 1 2 3 1 1 2 2 1 5 30 108 122 148 148 84 26 20 272 393 0 238 249 37 63 63 72 132 33 53 50 8 0 0 5 0 0 0 3 0 0 51 0 1 4 2 5 0 0 52 0 0 0 0 0 0 0 0 0 0 0 0 0 0 0 0 0 0 0 0 0 0 0 0 0 0 0 0 0 0 0 0 0 0 0 0 0 0 0 0 0 0 0 0 0 0 0 19 0 12 18 44 0 11 9 1 58 13 0 0 1 12 0 10 0 0 10 5 0 0 0 0 15 9 0 14 0 1 0 3 8 2 0 0 0 0 0 5 0 0 20 0 0 0 0 9 0 0 9 0 0 0 0 0 0 0 0 0 0 0 0 0 0 0 0 0 0 0 0 0 0 0 0 9 19 12 0 0 8 0 20 0 0 0 0 1 0 19 0 0 13 0 41 26 0 0 0 28 21 52 0 0 0 11 12 21 0 0 4 0 0 0 0 0 0 0 0 0 0 0 0 10 0 0 0 0 0 0 0 9 0 0 66 1 3 15 2 5 0 0 0 0 0 0 0 0 0 0 0 0 0 0 0 0 16 0 0 15 0 15 
 2 2 2 2 2 2 2 2 2 2 2 2 2 2 2 2 2 2 5 2 0 0 14 5 0 0 0 6 1 0 0 5 0 0 70 0 1 3 0 0 25 91 98 109 186 46 41 34 47 104 238 0 38 38 243 464 160 134 262 54 51 58 20 0 0 0 52 0 0 0 0 0 0 53 4 0 0 0 0 56 0 0 0 0 0 0 0 19 0 0 0 0 0 0 0 0 0 0 0 0 0 5 0 0 5 0 0 1 1 5 10 3 0 0 0 0 0 0 0 0 0 0 0 0 0 13 0 0 0 6 34 29 0 1 0 1 11 10 0 1 0 10 0 0 0 0 21 0 1 0 0 0 15 10 0 13 4 0 0 30 1 6 0 3 0 22 0 0 18 0 0 0 0 0 0 0 0 0 0 0 0 0 3 0 8 0 0 0 1 7 0 0 0 0 0 1 0 0 0 0 0 0 0 0 29 2 13 0 0 17 10 18 0 0 0 6 0 12 0 1 9 16 1 10 0 0 7 30 9 33 0 1 21 20 0 6 0 20 12 0 0 0 0 0 0 0 0 0 0 0 0 6 0 0 0 0 0 0 3 2 0 27 0 63 3 4 0 1 0 0 0 0 0 0 0 0 0 0 0 0 0 2 0 0 0 0 0 10 2 0 
 3 3 3 3 3 3 3 3 3 3 3 3 3 3 3 3 3 3 3 3 0 0 0 65 132 131 0 71 0 67 32 11 0 0 2 206 130 17 201 203 34 42 43 44 129 144 372 71 177 49 249 38 0 172 242 111 26 51 345 244 0 0 0 0 0 0 0 0 7 9 0 0 0 0 0 0 1 0 0 0 0 0 0 0 0 0 0 0 0 0 0 0 0 0 0 0 0 0 0 0 0 0 0 1 1 30 0 0 0 10 13 0 0 0 0 14 11 0 0 0 29 0 0 0 0 0 8 0 11 0 0 7 22 6 2 13 10 21 5 30 0 0 0 0 0 0 0 0 0 0 1 13 0 0 0 0 0 0 0 0 0 0 0 0 0 0 0 0 0 0 0 0 0 0 0 0 0 2 0 0 0 0 0 1 7 9 0 0 0 0 10 0 0 4 0 0 0 0 0 0 10 3 1 17 0 0 32 22 13 5 8 15 8 20 0 0 0 11 0 12 0 0 0 0 0 0 0 0 0 0 0 0 0 0 0 0 0 0 0 0 0 0 0 0 0 69 0 0 0 26 0 4 0 1 0 0 0 73 2 8 0 0 0 0 1 2 0 1 1 0 0 0 0 0 0 0 0 0 0 0 0 11 0 0 0 0 0 0 2 0 
 0 0 0 0 0 3 0 0 0 2 63 0 0 0 0 0 0 0 3 0 3 0 0 30 64 88 0 0 0 62 0 66 0 0 0 0 0 0 0 0 75 74 52 104 90 32 192 213 178 92 37 38 172 0 128 174 80 107 155 168 0 0 0 1 0 0 50 0 0 0 0 0 0 0 0 0 3 50 0 49 0 0 0 0 0 0 0 0 0 0 0 1 0 0 0 0 0 0 0 0 0 0 0 0 0 33 0 0 0 0 0 0 0 0 0 0 0 0 0 0 0 44 25 59 0 18 0 23 17 17 0 0 0 35 23 29 0 17 0 18 0 0 0 3 0 0 0 0 0 0 6 0 0 0 0 17 0 0 2 1 0 0 0 0 0 0 0 0 0 0 0 0 0 0 0 0 4 6 1 0 0 0 0 0 19 0 0 0 0 1 0 0 0 0 1 0 0 0 0 0 30 29 26 3 6 0 28 0 14 10 0 0 37 22 0 15 15 0 18 51 0 0 0 0 0 0 0 0 20 0 0 0 0 0 0 0 0 0 0 0 0 0 0 0 0 0 0 0 0 0 0 4 0 0 0 0 0 0 0 0 0 0 0 0 2 2 0 0 0 0 0 0 0 0 0 0 0 0 0 0 0 0 0 0 7 23 0 0 0 0 
 0 0 0 0 0 0 5 0 0 0 64 68 0 0 0 0 0 0 2 0 5 2 0 1 84 87 0 0 0 71 5 84 0 0 1 4 0 0 0 0 136 215 148 74 367 131 332 221 166 136 63 243 242 128 0 207 102 155 105 79 0 0 1 4 1 3 0 2 0 0 10 14 0 0 2 2 3 3 0 1 0 0 0 0 0 0 0 0 0 0 0 0 0 0 0 0 0 0 0 0 0 0 0 0 0 0 0 0 0 0 3 0 0 0 0 0 0 0 2 0 0 11 26 13 23 0 0 0 1 18 0 2 8 0 0 11 10 8 12 26 0 0 0 3 0 0 8 0 0 0 7 0 4 0 19 0 3 0 17 9 0 0 0 0 0 0 0 0 0 0 0 0 0 12 0 0 0 0 0 13 0 0 0 0 0 0 0 0 0 0 0 0 0 0 0 0 0 0 0 0 10 48 6 0 0 10 37 21 0 23 1 9 0 19 17 0 40 0 0 16 0 0 0 0 0 0 0 0 16 0 0 0 8 0 0 1 0 0 0 15 0 0 0 0 0 0 0 1 0 0 0 12 0 2 0 0 0 24 0 3 61 0 0 2 37 2 1 0 0 0 0 0 0 0 0 0 0 0 0 0 0 0 0 0 4 0 0 0 1 0 
 2 2 2 2 2 2 2 2 2 2 2 67 2 2 2 2 2 2 6 2 0 0 0 0 0 84 0 4 0 0 0 0 0 0 1 0 0 0 0 0 215 33 42 115 96 89 168 177 262 341 63 464 111 174 207 0 178 117 145 57 0 0 0 0 0 0 0 0 6 0 0 0 0 0 0 0 0 0 0 0 0 0 0 0 0 0 0 0 0 0 0 0 0 0 0 0 0 0 0 0 0 0 0 0 0 0 0 0 0 0 0 0 0 0 0 0 0 0 0 0 25 4 37 35 14 17 0 1 0 25 0 0 0 0 13 0 1 0 0 24 0 0 0 3 0 0 26 0 0 0 7 12 0 0 10 0 0 0 16 0 0 0 0 0 0 0 0 0 0 0 0 0 0 0 0 0 0 0 0 2 0 0 0 0 0 0 0 0 0 0 0 0 0 0 0 0 0 0 0 0 0 58 12 34 8 0 24 25 24 13 15 1 12 30 2 11 56 0 0 76 0 0 0 0 0 0 0 0 0 0 0 7 0 0 0 0 0 0 13 0 0 0 0 0 0 0 0 0 0 0 0 6 0 1 0 0 0 0 0 1 0 0 0 0 0 2 1 0 0 0 0 0 0 0 0 0 0 0 0 0 0 0 0 0 9 10 0 0 2 0 
 3 3 2 4 30 96 3 5 2 3 64 3 3 2 3 3 3 69 9 2 3 2 63 0 0 23 2 1 1 1 0 0 63 2 64 1 0 0 1 1 290 31 112 47 90 266 178 161 108 353 72 160 26 80 102 178 0 63 92 28 2 3 0 0 0 0 0 52 0 0 0 0 0 1 3 0 3 0 0 1 0 0 0 0 0 6 1 0 0 1 12 0 0 0 1 0 0 0 0 0 1 0 0 6 0 1 11 0 0 0 17 0 11 1 5 1 5 2 0 10 8 3 40 13 15 11 0 1 10 27 8 0 1 0 0 0 9 0 1 15 0 11 0 5 0 0 0 0 0 0 6 0 10 29 19 0 0 0 13 0 0 0 9 1 0 1 0 0 0 10 0 0 0 0 0 0 0 0 0 8 4 0 0 8 0 0 0 5 0 0 0 0 1 0 2 0 10 5 0 6 0 8 3 0 0 1 22 20 0 0 7 0 0 29 0 0 17 1 0 10 0 0 0 0 0 0 0 0 7 0 0 0 0 0 0 0 0 0 11 0 0 1 0 0 0 0 0 0 55 0 5 10 0 2 0 0 0 0 0 0 0 1 2 1 0 0 0 0 1 0 0 0 0 0 0 0 0 0 0 0 0 9 0 0 0 0 0 0 1 0 
 0 0 0 0 0 0 0 0 0 0 0 3 0 2 2 0 0 2 0 0 2 0 0 0 0 0 0 4 0 0 0 99 0 2 2 0 0 0 0 0 257 100 141 273 40 80 151 96 39 184 132 134 51 107 155 117 63 0 39 317 0 0 0 1 0 0 0 0 0 0 0 0 0 0 0 0 0 0 0 0 0 0 0 0 0 0 0 0 0 0 0 0 1 0 0 0 0 0 0 0 43 0 0 0 0 6 0 0 0 0 0 0 0 0 0 0 0 0 0 0 10 44 6 21 20 0 9 4 40 16 0 0 3 15 22 36 9 18 0 1 0 0 0 0 0 0 0 0 0 0 0 22 0 0 0 0 0 0 3 0 0 0 0 0 0 0 0 0 0 9 0 0 0 0 0 0 0 0 0 0 0 0 0 0 23 0 0 0 0 0 0 0 0 0 0 6 0 0 7 0 0 13 0 37 0 43 22 11 33 14 0 0 10 1 18 12 0 34 0 8 0 12 0 0 0 0 0 0 0 0 0 0 0 6 0 21 0 0 32 0 0 0 0 0 0 0 0 0 0 0 0 21 0 1 0 0 0 0 0 1 0 1 0 2 82 12 0 0 3 1 0 0 0 0 0 0 0 0 0 0 0 0 0 0 7 4 0 8 2 0 
 3 3 3 3 3 3 3 3 3 3 3 3 3 3 3 4 3 3 4 3 0 0 21 133 1 121 0 6 65 0 2 24 0 0 7 33 0 31 0 0 47 277 27 75 66 150 114 116 361 91 33 262 345 155 105 145 92 39 0 83 0 0 0 2 0 0 0 0 0 0 0 1 0 0 0 0 0 0 0 0 0 0 0 0 0 0 0 0 11 0 0 0 0 0 0 0 0 0 0 0 0 4 9 0 3 11 0 0 22 5 34 2 0 0 0 0 0 0 0 0 0 31 12 25 0 17 20 49 0 12 0 0 0 39 0 12 15 14 4 15 0 0 0 14 0 0 0 0 0 0 2 0 0 0 0 0 0 10 2 1 0 0 0 0 0 0 0 0 0 0 0 0 0 0 0 0 0 8 0 0 0 0 4 0 18 0 0 0 5 5 0 25 0 0 0 0 0 0 0 0 49 11 8 3 6 0 68 0 0 0 0 0 0 15 2 16 0 0 18 65 0 0 0 0 0 0 0 0 0 0 0 0 0 0 0 0 0 0 3 0 0 0 0 0 0 0 0 0 0 0 0 3 0 2 0 0 0 0 0 7 0 0 0 0 1 2 0 0 1 0 0 0 0 0 0 1 0 0 0 0 0 0 0 0 7 0 0 0 0 0 
 3 3 3 3 3 3 3 3 3 3 3 3 3 50 3 3 3 3 5 3 0 0 0 1 65 1 0 0 61 61 62 65 0 2 1 0 29 0 0 0 101 304 38 65 153 66 59 45 55 310 53 54 244 168 79 57 28 317 83 0 10 0 0 1 0 0 0 0 58 0 0 3 10 1 0 0 0 0 0 0 0 0 0 0 0 0 0 0 0 0 0 0 0 0 0 0 0 0 0 0 0 0 17 0 0 9 0 0 0 0 0 19 0 0 0 23 4 7 0 0 0 11 10 12 0 0 0 0 11 0 19 0 21 0 34 15 0 1 30 6 0 0 0 0 0 0 0 0 0 0 0 0 0 0 0 0 0 0 0 0 0 0 0 0 0 0 0 0 0 0 0 0 0 0 0 7 6 0 7 0 0 0 20 3 5 0 0 0 0 10 0 0 0 0 5 0 0 0 0 0 10 34 23 0 0 0 0 11 15 11 0 0 30 20 8 0 15 0 21 33 0 0 0 1 0 0 0 0 0 0 0 1 0 0 0 0 0 0 0 0 0 0 0 0 0 0 0 0 0 0 0 22 0 0 0 0 0 3 0 0 0 0 0 0 0 0 0 0 1 0 0 0 0 0 0 0 0 0 0 0 0 0 0 0 0 10 0 0 0 0 
 0 0 4 0 0 0 0 0 0 0 0 0 0 0 0 0 0 0 3 0 0 0 0 0 0 0 0 0 0 0 0 0 0 0 0 0 55 0 0 0 0 1 0 0 28 52 0 1 0 51 50 51 0 0 0 0 2 0 0 10 0 97 360 99 81 44 211 193 29 46 84 42 99 184 56 254 86 35 51 97 0 0 0 0 0 0 0 0 0 0 0 0 0 0 0 0 0 0 0 0 2 1 2 2 3 3 2 2 3 1 1 2 2 2 1 1 3 3 2 2 0 0 11 0 0 18 0 0 0 0 9 57 0 0 0 1 0 0 0 0 0 1 1 0 14 1 22 3 8 9 13 7 3 29 16 47 7 0 0 9 0 0 0 3 0 0 0 0 4 0 0 0 0 0 1 0 0 0 0 0 0 11 0 0 0 0 0 0 0 0 0 0 0 0 0 0 0 0 0 0 0 0 0 0 38 1 0 0 0 0 6 47 0 1 0 0 0 18 0 0 13 0 6 8 0 0 0 16 25 8 10 10 13 19 12 19 9 0 0 0 0 0 0 0 0 0 0 0 0 0 0 0 0 0 4 0 0 0 0 0 0 0 0 0 1 0 0 0 0 0 1 2 0 2 2 1 0 0 0 0 0 0 0 0 0 0 0 16 0 1 
