 0 209 218 129 111 115 254 90 113 425 470 24 34 396 112 292 241 246 350 111 0 2 0 0 3 0 0 3 2 2 1 1 0 2 0 3 0 0 0 3 0 0 0 0 0 0 0 0 6 0 2 0 0 0 3 0 0 0 3 2 0 0 3 2 3 2 3 0 0 0 2 2 0 0 0 0 0 0 0 2 21 2 12 11 10 0 12 27 20 20 36 25 12 15 10 0 14 0 18 20 0 0 0 0 0 0 0 0 15 0 0 0 0 0 0 0 0 0 23 4 0 0 0 0 1 0 0 0 0 0 0 10 0 0 0 0 0 0 0 0 0 0 0 0 0 0 0 0 0 0 0 0 0 0 0 0 0 0 0 0 12 49 12 14 0 0 10 17 1 0 1 10 11 7 16 13 13 0 38 0 0 0 1 0 0 0 0 0 0 0 0 0 0 0 0 0 0 0 0 14 0 0 0 18 0 0 0 0 0 0 0 0 0 50 0 0 0 0 0 0 0 0 2 0 0 0 0 0 0 0 0 0 0 0 0 0 0 0 0 0 0 0 0 0 0 2 1 0 0 101 2 11 13 0 0 0 0 0 0 0 0 0 0 0 0 0 0 0 0 0 0 0 0 0 0 32 0 0 0 0 0 0 0 0 0 0 0 0 0 0 
 209 0 193 68 47 74 274 482 54 121 327 34 66 142 439 205 145 334 54 209 1 4 6 4 6 5 1 4 1 2 13 1 1 6 12 5 2 2 1 4 0 12 2 0 0 5 0 2 3 2 7 2 1 2 4 0 1 8 5 2 0 0 3 3 3 3 1 0 0 0 2 0 0 0 0 0 2 0 0 2 23 9 0 63 19 0 1 20 4 0 0 28 16 5 33 14 1 18 0 10 0 0 0 0 0 0 11 0 0 0 0 0 0 0 0 0 0 0 0 0 0 0 0 0 0 0 0 0 0 0 0 0 0 0 0 0 0 0 0 0 0 0 1 0 0 0 0 0 0 0 0 0 0 1 0 6 0 0 0 0 10 35 24 17 0 4 21 75 0 2 2 9 6 10 14 15 1 10 10 0 0 0 0 12 0 0 0 0 0 0 0 0 0 0 0 0 0 0 1 0 0 0 1 0 0 0 0 0 0 0 2 0 0 0 0 0 0 0 1 0 0 0 9 0 0 0 0 0 0 0 0 0 0 2 0 0 0 17 0 0 0 2 0 0 0 2 1 0 1 3 11 5 1 0 0 0 1 1 0 0 0 0 77 0 0 0 0 1 0 0 0 0 0 2 0 0 11 27 0 0 0 0 0 0 0 0 0 0 0 0 
 218 193 0 297 230 208 59 114 105 584 153 501 68 75 198 335 69 121 54 31 0 1 0 0 39 0 0 3 0 0 6 0 0 2 0 3 0 0 1 76 0 6 0 0 0 0 0 0 3 0 2 0 0 0 3 0 0 0 3 2 1 0 3 1 3 12 0 0 0 0 2 1 0 0 0 0 0 64 0 2 20 30 21 32 0 38 0 0 0 37 1 1 1 10 10 0 0 12 0 10 0 0 0 0 0 17 17 29 0 0 0 0 0 20 0 0 0 0 12 5 0 0 0 0 0 0 0 0 0 0 0 2 15 0 0 0 0 0 0 0 19 0 0 0 0 0 0 0 0 0 0 0 0 0 0 0 5 0 0 0 0 36 10 10 16 28 4 26 0 16 0 4 0 0 29 13 18 20 0 2 0 0 0 0 0 0 16 4 0 22 0 0 0 17 17 0 0 0 21 9 0 2 0 0 0 0 0 0 1 0 1 0 0 0 0 0 0 0 0 0 0 0 0 0 0 0 0 0 0 0 0 0 0 0 0 0 0 0 0 0 0 0 0 0 0 0 3 0 97 2 4 5 0 0 0 0 0 0 0 0 0 0 24 0 0 0 0 0 0 1 0 0 0 0 0 0 0 0 0 0 0 0 0 0 0 0 0 0 0 0 
 129 68 297 0 207 221 70 140 211 269 519 302 76 105 128 20 40 287 60 42 0 2 75 79 5 0 20 3 0 0 0 0 1 75 73 3 0 0 57 39 0 0 0 0 0 0 0 0 3 0 2 0 0 0 3 0 4 1 29 2 4 0 3 2 3 3 0 0 0 0 2 1 0 1 4 0 0 0 0 2 0 26 8 0 10 29 0 0 0 44 22 1 0 23 14 0 0 30 0 0 11 0 1 10 1 0 1 12 0 0 27 0 0 14 13 0 0 0 10 43 0 0 0 0 0 0 0 0 10 0 0 0 2 0 0 0 0 0 0 0 2 0 6 0 0 14 0 2 0 0 0 0 2 0 0 0 3 0 0 0 0 2 0 0 44 5 0 1 17 10 12 25 0 0 3 18 1 13 0 0 0 20 0 1 0 0 44 10 0 14 0 0 22 13 19 9 0 0 22 24 0 0 0 0 0 0 1 0 0 0 1 0 0 0 0 10 0 0 0 0 0 0 0 0 0 0 0 0 0 0 0 0 0 0 0 0 8 14 0 0 0 0 0 0 0 0 87 0 6 1 63 9 0 0 0 0 0 0 0 0 0 0 0 0 0 0 0 0 0 0 0 0 0 0 0 0 0 0 0 0 0 2 0 1 0 0 0 0 0 0 
 111 47 230 207 0 233 55 55 268 475 417 564 85 265 58 458 130 272 464 72 81 1 0 0 3 0 63 3 0 0 2 0 149 2 76 3 0 0 50 6 71 0 0 0 0 0 0 0 65 0 2 0 0 0 5 0 0 0 3 4 7 0 3 67 3 10 0 0 0 3 2 1 0 0 7 0 0 0 31 2 0 46 13 1 24 21 0 8 9 44 39 10 0 0 0 33 10 3 0 0 17 0 11 0 0 0 21 0 10 0 12 0 1 38 7 0 0 0 14 45 0 0 0 0 0 0 0 0 0 0 0 0 0 0 0 0 0 0 2 0 5 0 0 2 0 0 0 0 0 0 0 0 0 0 0 0 5 0 0 0 0 10 0 0 27 0 0 7 0 19 38 8 0 10 1 19 22 0 0 0 14 0 0 2 2 0 14 17 0 27 0 1 11 14 1 0 0 0 66 10 0 0 0 0 2 0 0 0 0 0 6 0 0 0 0 0 0 0 0 0 0 0 13 2 0 0 0 2 0 0 0 0 0 0 0 0 0 0 0 0 0 15 0 0 0 0 96 0 2 92 0 15 0 0 0 0 0 0 0 0 0 0 1 0 0 0 2 0 0 0 0 0 0 0 0 0 0 0 0 0 0 0 0 0 0 0 0 0 0 0 
 115 74 208 221 233 0 33 39 191 331 249 242 53 70 185 166 178 56 62 47 0 0 0 0 3 0 1 2 0 0 2 1 0 79 1 3 0 0 75 27 0 6 0 0 66 0 0 0 3 0 2 0 0 0 3 0 0 0 2 2 1 0 3 3 3 8 2 0 0 0 2 1 0 0 0 0 0 0 0 2 0 37 22 36 0 22 0 0 0 58 0 1 0 11 0 0 21 15 0 15 0 0 0 0 1 0 21 6 0 0 0 0 1 55 0 0 0 0 9 13 0 0 0 0 0 0 0 0 0 0 0 0 2 0 0 0 0 1 0 0 4 0 0 0 0 0 0 2 0 0 0 0 0 0 0 0 5 0 0 0 0 25 0 0 40 40 5 26 14 14 0 10 0 0 20 0 32 25 0 0 1 0 1 0 0 0 64 2 0 21 0 0 0 16 33 0 0 1 32 14 0 31 0 0 0 0 0 0 0 0 1 0 0 0 0 0 0 0 0 0 0 0 0 0 0 0 0 0 0 0 0 0 0 0 0 0 0 0 0 0 0 0 0 0 0 5 1 0 95 2 0 9 0 0 0 0 0 0 0 0 0 0 23 0 0 0 0 0 0 0 0 0 0 0 0 0 33 0 0 0 0 0 0 0 0 0 0 0 0 0 
 254 274 59 70 55 33 0 110 52 49 42 33 156 142 27 481 92 109 235 237 0 1 2 0 3 5 0 3 1 0 5 0 0 2 0 5 2 3 0 2 0 0 8 0 0 2 3 61 3 0 2 3 0 0 3 3 0 0 3 2 0 0 6 6 3 1 0 1 0 0 2 0 3 0 3 0 0 0 2 2 32 0 0 28 17 0 16 50 10 0 0 16 1 0 13 23 7 0 28 31 7 0 0 0 0 0 0 0 1 0 0 0 0 0 0 0 0 2 0 0 0 0 0 0 0 0 0 0 0 0 0 0 0 1 0 0 0 0 0 0 0 0 0 2 0 0 0 0 0 0 0 0 0 0 6 0 0 0 0 3 11 0 10 20 0 10 41 10 0 0 0 0 66 5 12 0 11 5 1 14 0 0 0 0 2 0 0 0 0 0 0 1 0 0 0 0 0 0 0 0 0 0 0 0 19 0 0 0 0 0 0 0 0 0 0 0 0 0 0 0 0 0 0 0 0 0 0 2 0 0 0 0 0 0 0 0 0 0 0 0 0 0 0 0 0 0 0 0 0 1 0 13 0 0 0 0 0 0 0 0 0 0 1 0 0 0 0 0 0 0 0 0 0 0 0 0 8 0 0 0 0 0 0 0 0 0 0 0 0 0 
 90 482 114 140 55 39 110 0 166 51 243 259 253 294 677 129 122 355 112 43 0 0 2 0 3 2 0 2 0 0 4 0 0 9 0 3 1 0 0 3 0 0 0 0 0 0 0 6 5 0 2 0 0 0 3 0 0 0 2 4 0 0 3 2 3 1 0 0 0 0 2 2 0 0 0 0 0 0 0 2 42 22 43 23 1 0 15 11 12 0 0 17 57 33 35 1 11 25 33 0 0 0 0 0 19 0 0 0 0 15 0 0 0 0 0 0 0 0 14 0 0 0 20 0 0 0 0 0 0 0 0 0 0 0 1 0 10 0 0 0 0 0 0 0 1 0 0 0 0 0 0 0 0 0 0 7 0 0 0 2 16 1 32 9 0 11 1 35 0 27 7 21 0 21 45 28 7 12 1 0 0 1 0 0 0 0 0 0 0 0 0 0 0 0 0 0 0 0 0 0 0 0 0 0 0 0 0 0 0 0 0 0 0 0 0 0 6 0 0 0 2 0 2 6 0 0 0 0 0 0 0 0 0 0 0 0 0 0 0 0 0 0 0 0 0 2 0 0 86 90 8 17 18 0 0 0 0 0 39 0 0 0 0 0 0 1 0 0 0 0 0 0 0 0 0 19 0 19 0 0 0 0 0 0 0 0 0 0 0 0 
 113 54 105 211 268 191 52 166 0 457 139 185 91 113 88 464 147 134 72 56 110 1 1 0 4 0 4 3 0 1 1 0 115 2 0 3 0 0 78 112 0 5 0 0 0 0 0 4 3 0 2 0 0 0 5 0 0 0 3 9 0 2 3 53 3 4 0 0 0 0 2 1 0 0 0 0 0 0 0 2 0 22 0 27 9 23 0 0 17 41 3 12 0 13 4 42 18 8 0 0 0 0 0 0 0 0 13 23 10 0 11 0 0 33 1 0 0 0 16 0 0 0 0 0 0 0 0 0 0 0 0 0 0 0 0 0 0 0 0 0 6 0 0 0 1 0 0 0 0 0 0 0 0 0 0 1 9 0 0 0 0 26 0 0 10 0 0 58 0 9 19 18 0 0 16 0 26 18 0 0 0 0 0 0 0 0 0 0 1 1 2 0 0 0 27 0 0 0 31 1 0 0 0 0 0 0 0 2 0 0 8 0 0 0 0 0 0 0 0 0 0 0 0 0 0 0 0 0 0 0 0 0 1 0 0 0 0 0 20 0 0 17 0 0 0 3 2 0 0 4 0 6 11 0 0 1 0 0 0 0 0 0 30 0 0 0 0 0 0 2 0 0 0 0 0 0 30 0 0 0 0 0 0 0 0 0 0 0 0 0 
 425 121 584 269 475 331 49 51 457 0 499 420 54 167 170 168 141 59 74 94 27 1 0 0 3 2 72 3 0 1 1 0 152 80 1 3 2 0 148 78 0 39 0 0 0 0 0 0 3 0 2 0 0 0 3 0 0 0 3 2 50 0 3 2 3 6 2 0 0 0 2 2 0 0 3 0 4 0 0 2 0 52 0 23 36 14 12 0 13 42 15 10 0 1 0 28 1 20 0 6 0 0 0 0 0 0 21 21 1 0 16 0 0 12 2 0 0 0 12 14 0 2 0 0 0 0 0 0 0 0 4 0 0 0 0 0 0 0 0 0 7 0 0 0 0 0 0 0 0 0 0 0 0 0 0 0 19 0 0 0 0 11 0 0 23 15 9 11 0 46 56 0 0 0 0 0 20 2 0 0 0 0 0 1 0 0 18 13 0 33 1 0 0 11 19 14 2 0 59 16 0 0 22 0 0 0 0 1 0 13 8 0 0 0 0 0 0 0 0 0 0 0 0 0 2 0 0 0 0 0 0 0 2 0 0 0 0 0 0 0 0 17 0 0 0 3 89 0 0 2 3 8 0 0 0 0 0 0 0 0 0 0 10 0 0 0 0 0 0 1 0 0 0 0 0 0 0 0 0 0 0 0 0 0 0 0 0 0 0 2 
 470 327 153 519 417 249 42 243 139 499 0 207 265 54 343 363 301 302 190 42 78 0 2 3 8 0 64 7 3 0 2 0 77 5 76 6 0 0 140 3 0 0 2 0 0 2 3 0 3 0 2 0 0 2 3 0 0 0 2 2 6 0 4 3 4 2 1 1 5 2 3 3 3 0 7 0 1 2 2 4 0 42 2 0 23 18 0 0 12 29 20 0 0 0 0 30 0 13 0 0 17 0 8 0 0 0 17 0 10 1 25 0 1 22 11 1 0 0 24 37 0 0 0 0 0 2 0 0 0 0 0 0 0 0 0 2 0 0 0 0 7 0 0 0 0 0 0 0 0 0 0 0 0 0 0 0 23 0 9 0 0 0 0 0 30 19 0 1 11 7 35 15 0 0 0 0 16 0 0 0 16 16 0 2 0 0 14 19 0 28 0 0 20 14 10 18 15 0 40 10 0 24 0 0 0 0 0 0 0 0 0 0 0 0 0 0 0 0 0 0 0 0 0 0 0 0 0 0 0 0 2 0 0 0 1 0 0 0 0 0 0 0 0 0 0 1 180 0 0 1 0 5 0 0 0 0 1 0 0 0 0 0 0 0 0 0 0 0 0 0 0 0 0 0 0 0 0 0 0 0 0 13 0 0 0 0 0 0 0 0 
 24 34 501 302 564 242 33 259 185 420 207 0 48 37 332 41 281 82 51 46 0 1 0 0 6 0 75 4 0 0 2 0 38 79 3 3 1 0 151 28 0 4 0 0 0 0 1 66 5 0 2 1 0 0 6 0 0 0 2 2 0 0 3 51 6 11 0 0 1 0 2 2 3 0 4 0 0 2 0 2 0 43 15 30 2 60 0 0 0 57 0 13 0 10 9 0 13 35 0 0 0 0 0 0 0 0 38 6 3 0 0 0 1 28 0 0 0 0 10 36 0 0 0 0 0 0 0 0 0 0 0 0 0 0 0 0 0 0 0 0 4 2 0 0 11 2 0 0 0 0 0 0 0 2 0 0 5 0 0 0 0 23 0 0 28 15 0 23 13 24 29 76 0 0 0 0 0 10 0 0 1 0 1 0 0 0 24 31 0 10 0 0 0 17 24 0 0 0 51 24 0 0 2 0 0 0 0 0 14 0 8 0 1 0 0 0 0 0 1 0 0 0 0 0 0 0 0 0 0 0 0 2 0 0 9 0 0 0 0 0 0 11 0 0 0 6 10 0 91 3 0 10 0 0 0 0 0 0 0 0 0 0 18 0 0 0 0 0 0 0 0 0 0 1 0 0 19 0 0 0 0 0 0 0 0 0 0 0 0 0 
 34 66 68 76 85 53 156 253 91 54 265 48 0 124 99 30 207 34 273 248 2 1 0 0 3 0 0 4 0 0 1 0 0 2 0 3 0 0 0 2 0 0 0 0 0 0 0 0 3 0 2 0 0 0 3 0 0 0 3 2 0 0 3 2 3 2 2 0 0 0 2 0 0 0 0 0 0 0 0 2 0 0 46 13 0 0 28 0 0 0 15 5 21 13 0 30 0 19 33 20 1 0 0 0 0 0 0 1 0 14 0 0 0 0 0 0 0 0 0 0 0 0 0 0 0 0 0 0 0 0 0 0 0 0 0 0 0 0 0 0 0 2 2 6 0 0 0 0 0 1 0 0 0 2 5 0 0 0 0 4 3 11 4 2 0 0 12 0 19 5 0 0 6 0 0 8 1 14 0 15 0 0 0 0 0 0 0 0 0 0 0 0 16 0 0 0 0 0 0 0 0 0 2 0 20 0 0 0 0 0 2 0 0 0 0 0 0 0 2 0 0 0 0 0 0 0 0 0 0 0 0 2 0 0 0 0 0 0 0 0 0 0 0 0 0 0 0 0 3 5 0 7 0 0 0 0 0 0 0 0 0 0 0 0 0 0 0 0 0 0 0 0 0 5 0 0 0 0 0 0 0 0 0 0 0 0 0 0 0 0 
 396 142 75 105 265 70 142 294 113 167 54 37 124 0 168 118 48 306 190 406 0 1 0 0 3 0 0 4 0 0 64 0 0 2 0 77 0 0 0 2 0 0 0 0 0 0 0 0 3 0 2 0 0 0 3 0 0 0 3 2 1 0 3 2 3 3 0 5 0 1 2 1 0 0 0 0 0 0 0 2 29 2 19 29 0 0 0 13 0 14 15 60 20 13 6 44 8 18 3 12 0 0 0 0 0 0 0 0 0 0 0 1 0 0 8 0 0 0 0 29 0 0 1 0 0 0 0 0 0 0 0 0 0 0 0 0 0 0 0 0 0 0 0 0 0 0 0 0 0 0 0 0 0 0 0 6 0 0 0 0 54 31 31 24 0 10 14 32 11 0 0 3 20 13 13 0 15 23 11 0 0 0 0 0 0 0 0 0 0 0 0 0 16 2 0 0 0 0 3 0 0 0 0 0 0 0 0 0 0 0 2 0 0 0 0 0 0 0 0 0 0 0 0 0 0 0 0 0 0 0 0 0 0 1 0 0 0 0 0 1 0 0 0 0 0 0 0 0 0 100 2 13 3 0 0 0 0 0 0 0 0 0 0 0 0 0 0 0 0 0 0 0 0 0 0 17 0 20 0 0 0 0 0 0 0 0 0 0 0 0 
 112 439 198 128 58 185 27 677 88 170 343 332 99 168 0 74 235 259 182 73 0 1 0 0 3 0 0 3 0 0 1 1 0 2 0 3 0 0 0 3 0 4 0 3 0 0 0 0 3 0 6 0 0 24 3 0 0 0 3 2 0 0 3 0 5 2 0 0 0 0 2 0 0 0 0 3 8 0 0 2 2 10 43 32 0 0 1 11 0 16 1 13 29 23 21 0 9 10 16 58 0 0 0 0 0 0 0 0 0 0 0 0 0 0 0 0 0 0 13 0 0 7 0 0 0 2 0 0 0 0 0 0 0 0 0 2 0 0 0 0 0 13 0 0 0 0 0 0 0 0 0 0 0 0 0 3 0 0 0 0 44 16 6 50 0 2 13 33 16 10 3 19 0 14 66 15 0 2 2 14 0 0 0 0 0 0 20 0 2 0 0 0 0 0 0 0 0 0 0 11 0 0 0 0 0 0 0 0 0 0 0 0 1 0 0 1 0 0 0 0 0 0 0 0 9 0 0 0 0 1 0 0 0 0 2 0 1 2 0 0 0 0 0 0 0 1 0 0 44 1 10 37 0 0 0 0 0 25 0 0 0 0 15 0 0 0 0 0 0 0 0 0 0 0 0 1 0 19 0 0 0 0 0 0 0 1 0 0 0 0 
 292 205 335 20 458 166 481 129 464 168 363 41 30 118 74 0 85 413 46 278 0 3 0 0 3 0 0 3 0 72 1 0 34 2 3 3 0 0 79 2 0 2 0 0 0 0 0 0 3 0 2 0 0 0 3 0 0 0 3 2 0 0 3 58 3 50 0 0 0 0 2 2 0 0 0 0 0 0 0 2 26 37 0 15 10 0 7 8 23 33 0 15 0 0 30 27 0 17 0 2 0 0 0 0 0 0 24 0 13 0 0 0 0 16 0 0 0 0 11 1 0 0 14 0 0 0 0 0 0 0 0 6 0 0 0 0 0 0 0 0 21 0 0 0 0 0 0 0 0 0 0 0 0 0 0 0 10 0 0 0 0 15 31 13 9 40 20 16 0 21 34 21 21 9 58 14 52 21 9 0 0 0 1 0 0 0 0 0 0 1 0 0 0 21 0 0 0 0 9 0 0 0 0 19 0 0 0 0 0 0 9 0 0 0 0 0 0 0 0 0 0 0 0 0 0 0 0 0 0 0 0 0 0 0 0 0 0 0 0 0 0 8 0 0 0 0 109 2 4 0 8 4 14 0 0 0 0 0 0 0 0 0 15 0 0 0 0 0 0 0 0 0 0 0 0 0 10 0 0 0 0 0 0 0 0 0 0 0 0 0 
 241 145 69 40 130 178 92 122 147 141 301 281 207 48 235 85 0 264 282 141 0 11 0 0 6 2 0 2 0 0 5 7 36 2 0 3 3 3 17 77 0 4 0 0 3 4 0 0 3 0 3 2 0 0 3 0 0 4 3 2 0 0 3 53 3 9 1 0 0 0 2 1 5 0 0 3 0 0 0 2 10 2 13 62 15 1 15 11 0 27 0 51 4 4 6 2 26 17 16 33 1 0 0 0 0 0 16 13 0 0 0 0 0 0 0 0 0 0 0 0 0 0 0 0 0 0 0 0 0 0 0 0 0 0 0 0 0 0 1 0 0 2 0 0 13 2 0 0 0 0 0 0 0 2 0 6 0 0 0 0 23 17 10 31 13 7 11 33 14 14 42 22 4 0 3 0 0 0 0 0 0 0 0 0 0 0 15 0 0 0 0 0 1 0 14 0 0 0 16 7 0 0 1 0 0 0 0 0 21 0 8 0 1 0 0 0 0 0 0 0 0 0 0 0 0 0 0 0 0 0 0 2 0 0 0 0 0 0 0 0 0 12 0 0 0 2 0 0 4 1 0 11 0 0 0 0 0 0 0 0 0 0 16 0 0 0 0 0 0 0 0 0 0 1 0 0 8 21 0 0 0 0 0 0 0 0 0 0 0 0 
 246 334 121 287 272 56 109 355 134 59 302 82 34 306 259 413 264 0 130 44 0 1 0 0 3 2 0 5 5 1 1 2 0 2 0 5 0 7 2 3 3 0 65 0 0 1 2 10 3 3 6 3 0 0 6 0 2 0 3 3 0 0 3 2 3 5 0 0 0 0 2 5 2 0 0 0 0 0 0 5 55 20 28 19 18 0 24 22 10 0 2 21 14 41 51 18 10 63 13 0 0 0 0 0 0 0 0 0 0 0 0 0 0 0 0 0 0 0 10 0 0 0 10 0 0 0 0 0 0 0 0 0 0 0 2 0 0 0 0 0 0 0 30 0 0 0 0 0 0 0 0 0 0 0 0 3 0 0 0 0 15 6 37 46 0 6 18 18 0 1 13 37 0 28 12 28 15 11 14 0 0 0 0 2 0 0 0 0 0 0 0 0 1 0 0 0 0 0 0 13 0 0 0 0 0 0 0 0 0 0 0 0 0 0 0 0 0 0 0 0 1 0 0 0 0 0 0 0 0 0 0 0 0 0 21 0 0 0 0 0 0 0 0 0 0 1 0 0 1 93 14 18 15 0 0 0 0 0 0 0 0 0 0 0 0 1 2 0 0 0 0 0 0 1 0 17 9 20 0 0 0 0 0 0 0 0 0 0 0 0 
 350 54 54 60 464 62 235 112 72 74 190 51 273 190 182 46 282 130 0 125 0 1 0 0 3 0 0 4 0 0 2 1 0 2 0 3 0 1 2 2 0 0 0 0 0 0 104 6 3 0 50 0 0 0 3 0 0 0 1 2 0 0 2 2 3 0 1 0 2 0 2 1 0 0 0 0 0 0 0 2 0 7 36 0 8 0 58 13 24 0 0 9 20 31 0 0 13 16 38 16 2 0 0 0 0 0 0 2 0 0 0 0 0 0 0 0 0 7 0 0 0 0 0 0 2 0 0 0 0 0 0 0 0 0 0 0 0 0 0 0 0 0 1 0 0 1 0 0 0 0 0 0 0 0 15 0 0 0 0 0 24 6 10 5 0 0 13 11 0 0 0 0 22 16 37 19 24 18 11 1 0 0 0 0 0 0 0 0 0 0 0 0 0 0 0 0 0 0 0 0 0 0 1 0 19 0 0 0 0 0 0 0 0 0 0 0 0 0 1 2 0 0 0 0 0 0 0 0 0 0 0 1 0 0 0 0 0 0 0 0 0 0 0 0 0 1 0 0 0 0 2 10 0 0 0 0 0 0 0 0 0 0 0 0 0 0 0 0 0 0 0 0 0 2 0 0 0 0 0 0 0 0 0 0 0 0 0 22 0 0 
 111 209 31 42 72 47 237 43 56 94 42 46 248 406 73 278 141 44 125 0 0 1 0 0 3 0 74 4 0 0 1 2 0 2 0 3 0 0 0 2 0 0 0 0 0 0 0 0 3 0 2 0 0 0 3 0 0 0 3 2 1 0 3 2 3 3 0 0 0 0 2 0 0 0 0 0 20 34 0 2 10 0 0 12 3 1 19 2 7 0 15 21 10 9 9 19 7 0 39 0 0 0 0 0 0 0 0 0 0 0 0 0 0 0 0 0 0 0 0 12 0 0 0 0 0 0 0 0 0 0 0 0 0 0 0 0 0 0 2 0 0 0 0 0 0 2 0 0 0 0 0 0 0 0 1 6 0 0 0 0 14 6 0 2 0 0 0 24 15 0 0 0 10 15 19 0 0 0 0 22 0 0 0 0 0 0 0 0 0 0 0 0 2 0 0 0 0 0 0 0 0 0 0 0 0 0 0 0 0 0 0 0 1 0 0 0 0 0 0 0 0 0 0 2 0 0 0 2 0 0 0 0 0 0 0 0 0 0 0 0 0 0 0 0 0 2 0 3 1 94 0 10 0 0 0 0 0 0 0 0 75 0 0 0 0 0 0 0 0 0 0 0 0 0 0 0 3 0 0 0 0 0 0 0 0 0 0 0 0 0 
 0 1 0 0 81 0 0 0 110 27 78 0 2 0 0 0 0 0 0 0 0 117 272 116 328 38 163 213 48 132 97 393 183 86 121 103 48 48 82 222 2 0 0 0 3 0 14 0 0 3 3 4 0 0 0 0 0 0 0 1 0 0 0 0 12 2 0 0 3 0 2 2 2 0 0 1 3 3 0 3 0 0 0 0 39 0 0 0 0 0 16 0 0 0 0 29 0 0 0 0 21 0 47 0 32 0 17 36 18 49 67 43 69 17 18 39 4 0 0 0 0 0 0 0 2 0 0 0 8 1 0 0 2 0 1 0 0 0 9 1 0 0 0 0 0 26 0 0 0 0 0 8 18 0 0 0 0 2 0 0 0 0 0 0 14 0 0 0 7 0 18 0 0 0 0 0 0 0 0 0 13 0 0 15 20 0 0 14 20 41 6 19 12 0 19 9 27 16 25 1 0 0 0 0 0 2 0 0 0 0 0 0 0 0 13 22 0 0 0 0 0 1 0 0 0 0 0 0 19 0 0 0 1 0 0 0 0 0 0 0 0 0 0 0 0 0 0 0 0 0 0 0 0 0 23 0 0 86 0 2 0 10 0 0 0 0 0 0 0 0 0 0 0 0 0 0 0 0 0 0 0 15 0 0 0 0 0 0 0 0 
 2 4 1 2 1 0 1 0 1 1 0 1 1 1 1 3 11 1 1 1 117 0 203 112 33 257 249 168 290 131 35 31 535 377 328 63 118 127 48 133 2 0 0 0 3 59 0 0 0 2 3 3 0 0 0 0 0 1 0 1 2 0 0 44 7 2 0 0 3 0 0 2 2 0 0 0 0 3 0 3 0 0 0 0 15 3 0 0 0 0 1 0 0 0 2 0 0 0 0 0 21 36 48 0 0 0 12 9 0 4 19 0 4 19 38 46 19 34 2 1 0 0 0 0 0 0 0 0 0 0 0 0 0 1 0 0 0 0 19 0 8 4 0 0 0 0 1 0 0 0 0 0 4 0 0 0 0 3 0 0 1 0 0 0 0 0 0 0 0 0 0 0 0 0 0 11 0 0 0 0 4 41 40 37 16 7 11 51 0 8 3 36 5 16 11 18 45 9 0 18 0 0 0 0 18 3 0 0 0 2 0 0 0 0 0 0 0 0 0 0 0 0 0 0 0 0 0 0 19 0 0 0 0 0 0 0 0 14 0 0 0 0 0 0 0 0 1 0 0 0 0 0 0 0 7 0 0 2 77 1 4 0 0 2 0 0 0 0 0 0 0 0 0 0 0 0 0 0 0 0 0 0 0 0 0 10 0 0 0 0 
 0 6 0 75 0 0 2 2 1 0 2 0 0 0 0 0 0 0 0 0 272 203 0 313 121 409 156 183 228 203 106 125 145 120 115 143 37 196 31 86 2 66 4 0 3 4 6 0 0 18 3 4 0 0 0 0 0 0 70 1 0 0 0 0 13 2 0 2 3 0 0 53 8 0 0 2 0 34 4 3 0 0 0 0 2 0 0 0 0 0 0 12 0 0 0 0 0 0 0 9 0 1 1 0 14 0 0 11 21 47 0 0 7 0 21 30 21 8 0 0 0 29 0 0 0 0 19 13 0 0 0 0 3 0 8 0 0 1 0 9 0 0 0 0 0 15 0 0 0 0 0 0 0 0 0 0 0 0 0 0 0 0 0 0 0 0 0 0 0 0 0 0 0 0 0 0 0 0 0 0 0 23 19 18 45 24 0 0 0 0 47 16 0 0 14 0 32 14 0 1 2 0 0 0 0 0 0 10 0 0 0 0 12 0 0 0 0 0 14 11 0 0 0 0 0 0 0 0 14 0 0 0 0 0 0 0 0 0 0 0 0 0 0 0 0 0 0 0 0 0 0 0 0 0 9 1 2 143 2 0 0 0 0 0 0 0 8 0 0 0 0 0 0 0 0 0 1 0 0 0 0 9 0 0 0 4 12 0 0 0 
 0 4 0 79 0 0 0 0 0 0 3 0 0 0 0 0 0 0 0 0 116 112 313 0 87 103 116 236 85 273 185 269 275 307 145 58 222 156 63 59 2 2 0 0 6 2 3 1 0 2 4 4 62 0 69 1 54 2 143 83 0 2 0 0 0 2 4 5 3 0 0 2 3 4 2 2 0 2 3 3 0 0 0 0 0 0 30 0 0 0 0 0 0 0 0 0 0 0 0 0 0 0 0 20 10 0 0 10 7 1 0 42 0 0 0 0 11 14 0 0 50 47 0 0 0 0 0 32 0 1 24 0 27 23 11 8 1 8 8 35 0 0 0 0 0 0 0 0 0 0 0 0 0 0 0 0 0 0 0 0 0 0 7 0 0 0 0 0 0 0 0 0 0 1 55 0 0 0 0 0 0 3 0 0 13 53 0 12 24 8 13 1 0 0 0 27 29 0 0 0 14 9 26 0 0 0 1 10 13 0 27 0 22 24 6 1 0 0 31 6 0 0 0 1 0 0 0 0 2 0 0 0 0 0 0 0 0 17 0 0 0 0 0 0 0 0 0 0 0 0 0 0 0 1 4 0 2 73 0 0 0 1 0 0 0 0 0 0 0 0 0 0 0 0 0 0 0 0 0 1 0 0 0 0 0 15 0 0 0 0 
 3 6 39 5 3 3 3 3 4 3 8 6 3 3 3 3 6 3 3 3 328 33 121 87 0 358 62 219 69 81 95 78 81 67 72 150 81 162 55 85 2 36 42 0 3 0 62 152 112 2 3 3 133 1 0 72 0 0 4 189 0 0 0 1 1 2 0 0 3 0 0 0 2 0 0 1 0 40 0 3 0 0 0 9 0 0 0 0 0 0 0 0 2 0 0 0 0 0 0 0 0 0 0 0 14 2 0 0 12 12 2 0 0 0 0 0 3 0 0 0 11 6 10 0 0 15 22 7 9 0 0 0 9 17 1 30 15 15 35 28 0 0 0 2 0 12 0 0 0 0 0 2 0 2 0 0 0 0 0 0 0 0 0 0 0 0 0 2 0 0 0 0 13 0 6 0 0 22 0 8 0 0 0 0 13 31 0 0 0 12 9 0 0 0 0 0 0 30 0 0 37 28 0 29 0 1 21 0 15 14 28 0 0 39 2 2 10 20 22 5 0 0 0 0 1 2 0 0 0 0 0 0 0 0 0 0 0 0 0 0 0 0 12 0 0 0 0 0 0 0 0 0 0 0 4 1 3 25 0 0 4 1 0 0 0 9 0 1 0 0 0 0 0 0 0 0 0 0 0 0 0 8 14 0 0 0 0 0 0 0 
 0 5 0 0 0 0 5 2 0 2 0 0 0 0 0 0 2 2 0 0 38 257 409 103 358 0 38 34 48 47 272 147 239 253 266 108 67 102 40 48 66 63 10 0 3 0 131 43 61 15 6 10 87 0 2 0 0 3 3 63 3 0 0 0 0 2 1 7 3 0 0 1 50 0 0 1 48 3 6 3 0 0 0 0 0 0 0 0 0 0 0 0 0 0 0 0 0 0 0 0 0 0 0 14 20 23 0 2 11 29 5 14 0 0 0 9 50 18 0 0 33 2 9 0 0 0 9 19 0 0 0 0 7 39 14 16 47 9 12 38 0 0 0 0 0 24 0 0 0 0 0 0 0 0 0 0 0 0 0 0 0 0 0 0 0 0 0 0 0 0 0 0 0 0 5 0 0 1 0 1 0 0 0 0 25 0 0 0 14 0 1 7 0 0 0 2 0 0 0 0 14 9 19 12 0 0 19 23 18 0 1 0 58 29 0 0 8 0 9 12 0 0 0 0 0 0 0 0 0 0 0 0 0 0 0 0 14 0 0 0 0 0 13 0 0 0 0 0 0 0 0 0 0 0 6 0 0 97 82 0 5 0 0 0 1 1 0 0 0 0 0 0 0 0 0 0 0 0 0 0 0 12 0 0 0 0 0 0 0 0 
 0 1 0 20 63 1 0 0 4 72 64 75 0 0 0 0 0 0 0 74 163 249 156 116 62 38 0 86 138 125 109 147 230 141 254 114 75 82 114 104 2 0 0 0 4 0 2 0 0 2 4 4 0 0 0 0 0 0 0 0 2 0 0 0 0 2 0 0 3 0 0 1 5 0 5 2 0 2 0 3 0 0 0 0 0 11 0 0 0 1 0 0 0 0 0 0 0 0 0 0 39 21 0 0 26 0 16 2 0 12 14 26 44 28 0 33 28 8 1 20 0 0 0 0 0 0 0 0 0 0 0 0 1 0 0 0 0 0 0 0 1 0 0 0 4 0 0 0 2 0 0 0 0 0 1 0 1 0 0 0 0 0 0 0 38 15 0 0 4 0 11 0 0 0 0 1 0 10 0 0 1 0 17 1 14 0 43 41 14 20 0 0 31 33 0 0 15 13 9 21 0 0 0 0 0 0 0 1 0 0 0 0 0 0 0 0 0 0 0 0 0 0 0 0 0 0 0 0 0 0 0 0 0 0 0 0 0 0 0 0 0 0 0 0 0 1 0 0 0 0 0 0 0 0 3 0 2 0 0 4 2 2 0 0 0 0 0 0 0 0 0 0 0 0 0 0 0 0 0 0 0 0 0 0 2 7 0 0 0 0 
 3 4 3 3 3 2 3 2 3 3 7 4 4 4 3 3 2 5 4 4 213 168 183 236 219 34 86 0 99 76 330 288 308 221 86 279 149 123 69 65 2 0 0 0 3 0 0 3 0 4 3 3 3 2 0 2 0 0 0 2 0 3 0 0 0 4 51 1 3 0 0 2 2 0 0 0 0 3 0 3 0 0 0 0 0 12 0 0 0 0 0 7 0 0 0 0 0 0 0 0 24 24 2 16 17 0 28 11 3 3 15 20 16 17 19 13 28 0 13 9 0 0 0 0 0 0 0 0 0 0 0 0 9 0 0 0 0 0 29 1 0 0 0 0 0 0 0 0 0 0 0 10 4 0 0 0 0 36 0 0 0 0 0 1 0 0 0 0 0 0 0 0 0 0 0 0 0 0 0 17 22 15 10 15 0 0 0 1 20 21 13 32 16 12 12 38 0 10 0 10 0 1 0 0 0 0 0 0 0 0 0 0 11 0 0 0 0 0 0 0 0 0 0 0 0 0 0 0 0 0 0 0 0 0 0 0 8 0 0 0 0 0 0 0 0 1 0 0 0 0 0 0 0 0 2 2 2 2 1 1 3 10 0 0 0 0 0 0 0 0 0 5 0 0 0 0 0 0 0 0 0 1 0 1 0 0 0 0 0 0 
 2 1 0 0 0 0 1 0 0 0 3 0 0 0 0 0 0 5 0 0 48 290 228 85 69 48 138 99 0 217 119 164 193 220 249 237 47 121 55 195 2 0 0 0 5 0 6 0 0 2 3 3 0 205 0 206 0 0 0 1 0 0 0 0 11 2 0 0 3 0 0 2 2 0 0 1 0 3 0 3 0 0 0 0 0 0 0 0 0 0 0 0 0 0 0 0 0 0 0 0 43 74 11 1 6 0 34 11 7 30 1 20 19 32 16 45 21 39 0 0 0 0 0 0 0 0 0 0 0 0 0 0 0 0 0 0 0 0 13 0 0 7 0 0 1 1 0 0 0 0 0 0 7 0 0 0 0 2 0 0 0 0 12 0 0 14 0 0 0 0 0 0 0 1 0 0 0 0 0 0 0 6 56 0 26 0 32 70 0 9 0 23 20 56 23 0 62 5 3 7 0 0 0 0 0 0 2 0 0 0 0 0 0 0 0 0 0 0 55 0 0 0 0 1 0 0 0 0 0 0 0 0 0 0 0 0 0 0 0 0 0 0 0 0 0 0 0 0 0 0 0 0 0 0 6 2 1 43 1 0 4 0 0 0 0 0 4 0 0 0 0 0 0 0 0 0 0 0 0 0 0 0 0 0 0 7 18 0 0 0 
 2 2 0 0 0 0 0 0 1 1 0 0 0 0 0 72 0 1 0 0 132 131 203 273 81 47 125 76 217 0 216 188 130 180 113 90 44 479 65 287 3 0 2 2 5 4 8 0 3 2 8 7 0 0 3 1 1 4 59 1 0 0 0 1 10 7 0 0 3 2 6 3 3 0 1 3 3 3 0 4 0 0 0 0 0 0 0 0 0 0 0 0 0 0 0 0 0 0 0 0 6 8 9 9 18 9 0 0 10 13 7 2 16 12 9 16 12 15 0 0 9 27 10 0 0 0 0 14 0 0 0 0 14 7 15 7 1 9 0 1 0 0 0 0 0 0 0 0 0 0 0 0 0 0 0 0 0 0 0 0 1 0 0 0 0 0 0 0 0 0 0 2 0 0 0 0 0 0 0 0 0 25 12 12 0 4 10 1 0 0 22 28 0 12 19 0 25 10 0 0 24 8 8 0 0 0 0 0 13 0 0 19 16 51 6 0 0 0 44 4 0 0 0 0 0 0 0 0 20 0 0 0 17 0 0 0 0 0 0 0 0 0 0 0 0 0 0 0 0 2 0 0 0 0 17 1 4 153 0 3 2 0 0 0 0 0 8 0 0 0 0 0 0 0 0 0 0 0 0 1 0 0 0 0 0 0 19 0 0 0 
 1 13 6 0 2 2 5 4 1 1 2 2 1 64 1 1 5 1 2 1 97 35 106 185 95 272 109 330 119 216 0 109 158 48 62 174 405 173 125 66 2 0 2 0 3 2 3 0 0 6 3 10 0 0 0 0 0 0 0 0 0 0 0 0 0 2 0 4 3 0 0 2 5 0 0 3 0 2 5 2 0 0 0 0 0 0 0 3 0 0 0 0 0 0 0 0 0 0 12 0 7 15 4 4 0 26 19 11 0 16 21 20 0 1 0 18 30 7 0 0 39 1 1 0 0 0 0 48 1 0 0 23 44 9 0 9 0 0 6 13 0 0 0 0 0 3 0 0 0 0 0 0 0 0 0 0 0 0 0 2 0 0 0 0 0 0 0 0 1 20 0 0 0 0 0 0 0 0 0 0 0 0 0 0 18 3 0 0 8 0 9 32 8 15 21 7 0 0 0 14 16 8 30 0 0 0 0 5 51 0 0 0 25 7 12 0 0 0 10 0 0 0 0 0 0 0 0 0 0 0 0 0 0 0 0 0 0 0 0 9 0 0 24 0 0 0 0 0 0 0 0 0 0 0 14 0 0 2 77 0 1 2 0 0 0 0 0 0 0 0 0 0 0 0 0 0 0 0 0 27 0 0 0 0 0 0 0 0 0 0 
 1 1 0 0 0 1 0 0 0 0 0 0 0 0 1 0 7 2 1 2 393 31 125 269 78 147 147 288 164 188 109 0 79 113 37 262 465 222 109 87 2 0 0 0 3 2 64 0 0 7 7 3 0 0 0 30 7 0 0 0 0 0 0 0 0 2 3 0 4 0 0 2 5 1 0 0 0 3 0 3 0 0 0 0 0 0 0 0 0 0 0 0 0 0 0 0 2 0 0 0 18 28 0 13 0 7 11 31 17 1 15 0 0 1 2 15 72 0 0 0 23 18 0 0 0 0 0 0 0 0 0 0 42 0 0 0 14 0 28 0 0 0 0 0 0 7 0 0 0 0 0 0 0 0 0 0 0 0 0 0 0 0 0 2 0 0 0 0 40 0 0 0 0 0 0 0 0 0 0 0 0 1 10 0 15 0 0 0 9 19 6 9 0 10 10 8 0 2 0 19 26 12 21 0 0 0 0 0 9 0 1 0 12 9 20 0 9 0 2 1 0 0 0 0 0 0 0 0 0 0 0 0 0 0 0 0 0 0 0 0 0 0 0 0 0 0 0 0 0 0 0 0 0 0 0 0 2 46 0 2 2 2 0 0 1 0 1 0 0 0 0 12 0 0 0 0 0 0 0 0 0 0 0 2 0 0 0 0 0 0 
 0 1 0 1 149 0 0 0 115 152 77 38 0 0 0 34 36 0 0 0 183 535 145 275 81 239 230 308 193 130 158 79 0 166 21 201 97 95 138 178 2 10 4 0 5 0 2 1 2 67 3 3 2 0 3 2 1 0 2 1 0 0 4 51 8 2 0 0 3 0 4 2 2 0 3 1 2 3 7 6 0 0 19 36 12 0 0 0 2 6 13 1 0 0 0 9 0 0 0 2 27 56 18 0 0 0 22 23 18 0 49 1 4 10 39 45 40 0 1 0 13 0 2 0 0 0 0 0 2 0 0 0 0 0 0 0 0 0 10 2 0 6 4 0 0 0 0 0 0 0 0 54 21 0 0 0 0 11 0 1 0 22 0 0 12 0 0 22 1 27 21 21 0 0 0 0 0 0 0 0 20 27 9 5 0 0 19 0 1 12 1 66 78 29 46 17 11 1 16 14 0 0 0 0 0 0 0 0 0 0 4 0 1 0 0 0 0 0 17 0 0 10 0 0 0 0 0 0 0 0 0 0 0 1 0 0 0 0 0 0 0 22 0 0 0 0 0 0 0 0 0 0 0 0 5 2 0 41 0 0 1 9 30 0 0 0 3 0 0 0 0 2 0 0 0 0 0 0 0 0 0 0 0 0 0 0 17 0 0 0 
 2 6 2 75 2 79 2 9 2 80 5 79 2 2 2 2 2 2 2 2 86 377 120 307 67 253 141 221 220 180 48 113 166 0 712 160 105 64 105 182 2 0 0 0 9 0 0 0 0 2 3 3 0 0 0 0 0 0 0 2 0 0 0 0 0 2 8 0 3 0 0 0 2 0 0 0 0 3 0 3 0 0 0 0 10 9 0 0 0 0 0 0 0 0 0 0 0 0 0 0 0 7 29 36 0 0 0 7 36 0 19 1 13 9 15 6 15 28 9 8 0 0 0 14 0 0 0 1 0 0 0 0 0 2 0 0 0 0 2 0 0 0 0 0 1 0 0 0 0 0 0 0 0 0 10 0 0 0 0 0 2 0 0 0 8 16 0 0 0 0 0 1 0 0 0 0 0 11 0 0 0 38 29 34 8 12 7 0 10 0 12 2 1 0 27 31 6 0 12 12 0 0 0 0 0 0 0 0 0 0 0 0 12 0 0 0 0 0 43 0 0 0 0 0 0 0 0 0 0 0 0 0 0 0 0 0 0 0 0 0 0 6 0 0 0 0 0 0 0 0 0 0 0 0 13 0 1 76 0 1 2 0 0 0 0 0 8 0 0 0 0 2 48 0 0 0 0 0 0 0 0 1 0 0 0 6 13 0 0 0 
 0 12 0 73 76 1 0 0 0 1 76 3 0 0 0 3 0 0 0 0 121 328 115 145 72 266 254 86 249 113 62 37 21 712 0 277 119 121 128 172 2 0 0 0 3 0 8 0 0 2 3 3 0 0 0 5 0 0 0 1 52 0 0 0 0 2 0 0 3 0 0 2 2 0 4 2 47 2 2 3 1 0 0 0 14 9 0 0 0 0 0 0 0 0 0 0 0 0 0 0 11 9 23 14 13 0 0 1 16 27 0 31 24 36 42 10 22 67 9 26 0 0 0 0 0 0 0 0 0 0 0 0 0 0 0 20 13 0 0 0 0 0 0 0 21 0 0 0 0 0 0 0 0 10 0 0 0 0 0 0 0 0 0 0 15 19 0 0 0 0 15 0 0 0 0 0 0 10 0 0 8 10 32 24 36 2 11 47 10 32 0 0 0 19 0 0 49 30 13 16 0 0 0 0 0 0 0 0 0 10 0 0 0 0 0 0 20 0 0 0 0 0 0 0 0 0 0 0 1 0 0 0 0 0 0 0 0 0 0 0 0 0 0 0 0 0 0 0 0 0 0 0 0 0 8 0 2 0 0 0 12 0 0 0 0 0 0 0 0 0 0 0 0 0 0 0 0 0 0 0 0 0 0 0 0 32 0 0 0 0 
 3 5 3 3 3 3 5 3 3 3 6 3 3 77 3 3 3 5 3 3 103 63 143 58 150 108 114 279 237 90 174 262 201 160 277 0 207 134 36 282 2 0 0 0 3 0 2 0 1 2 3 3 2 0 0 0 0 0 0 1 0 0 0 0 2 2 10 0 3 2 0 0 2 0 0 1 0 3 0 3 0 0 0 0 0 0 0 0 0 0 1 0 0 0 0 0 0 0 0 0 0 18 24 65 13 10 2 10 59 23 1 27 8 0 25 6 80 27 0 0 2 0 0 0 0 0 0 0 0 0 2 0 0 0 0 0 0 0 0 0 0 0 1 0 0 12 0 0 0 0 0 0 0 0 0 0 0 0 0 0 0 0 0 0 0 1 0 0 3 0 0 0 0 0 12 0 0 0 0 0 12 27 33 0 66 2 0 11 22 17 12 0 8 0 14 0 74 11 0 0 19 0 0 0 0 0 0 0 0 0 0 0 1 0 0 0 0 0 27 0 0 0 0 0 0 0 0 0 2 0 0 0 0 0 0 0 0 0 0 0 0 0 0 0 0 0 0 0 0 0 0 0 0 2 11 0 0 154 1 0 18 1 1 0 0 0 11 0 0 0 0 0 0 0 0 0 0 0 0 0 0 13 0 0 0 5 19 0 0 0 
 0 2 0 0 0 0 2 1 0 2 0 1 0 0 0 0 3 0 0 0 48 118 37 222 81 67 75 149 47 44 405 465 97 105 119 207 0 234 256 32 2 2 0 3 3 0 4 0 60 3 3 4 0 3 0 0 0 57 0 1 0 0 0 0 2 2 6 6 6 2 0 2 2 0 0 0 2 3 0 3 0 0 20 0 2 0 0 0 1 0 0 0 0 0 0 0 0 0 0 17 12 32 0 21 10 12 16 22 8 0 2 22 0 22 36 14 37 4 0 0 10 13 2 0 0 0 0 0 0 0 0 0 24 1 0 12 1 0 21 6 0 2 0 0 0 0 0 0 0 0 0 0 8 0 0 0 0 0 0 0 0 0 0 0 0 0 0 0 0 0 0 0 0 0 0 0 0 0 0 0 0 0 11 0 19 2 0 14 13 20 13 11 0 14 14 12 19 0 0 15 44 15 7 0 0 0 0 0 13 0 1 0 11 8 12 0 0 0 26 0 0 0 0 0 0 0 0 0 0 0 0 0 0 0 0 0 0 0 0 0 0 0 0 0 0 0 0 0 0 0 0 0 0 0 2 0 0 80 1 1 0 0 0 0 0 0 0 0 0 0 0 0 0 0 0 0 0 0 0 0 0 0 0 0 0 0 0 0 0 0 
 0 2 0 0 0 0 3 0 0 0 0 0 0 0 0 0 3 7 1 0 48 127 196 156 162 102 82 123 121 479 173 222 95 64 121 134 234 0 192 56 5 0 2 0 3 0 7 208 0 5 6 7 0 0 3 0 2 0 0 2 0 0 0 0 0 5 3 0 3 0 39 3 4 0 0 0 0 5 0 5 0 0 0 0 0 1 0 0 0 0 0 0 0 0 0 0 0 0 0 0 19 23 0 24 4 27 0 0 17 62 0 19 18 36 20 1 69 0 1 0 0 0 0 0 0 0 17 14 7 0 0 0 21 0 0 7 0 0 14 0 0 0 0 0 0 16 0 0 0 0 0 0 0 0 0 0 0 0 0 0 0 0 0 12 0 0 0 0 0 0 0 10 0 0 0 0 0 0 7 0 1 12 46 0 45 0 8 33 0 0 50 24 0 19 17 0 21 9 0 0 13 41 0 0 0 0 0 0 12 0 0 2 0 13 30 0 0 0 31 1 0 0 0 0 0 0 0 0 0 0 0 0 0 0 0 0 0 0 0 1 0 0 0 0 0 0 0 0 0 0 0 0 0 0 12 0 2 191 44 0 2 0 0 0 0 0 6 0 0 0 0 0 0 0 0 0 0 0 0 10 0 12 0 0 0 0 12 0 0 0 
 0 1 1 57 50 75 0 0 78 148 140 151 0 0 0 79 17 2 2 0 82 48 31 63 55 40 114 69 55 65 125 109 138 105 128 36 256 192 0 174 2 0 0 1 3 0 0 5 0 4 3 3 0 0 0 0 3 0 2 1 5 0 0 0 0 4 0 0 7 0 57 1 2 0 10 0 0 3 3 6 0 18 14 9 36 9 0 0 10 29 11 0 0 0 0 17 9 9 0 0 25 0 4 0 14 0 12 14 0 0 32 7 8 0 14 11 12 0 0 27 0 0 0 0 0 0 2 0 0 0 0 0 0 0 0 0 0 0 0 0 10 0 0 0 0 0 0 0 0 0 0 0 0 0 0 0 4 0 0 0 0 0 0 1 48 6 0 0 18 4 31 0 0 9 0 19 22 0 0 0 1 20 0 4 0 0 32 14 10 19 0 0 25 14 27 10 0 0 9 15 0 9 0 0 0 0 0 0 0 0 0 0 0 0 0 0 0 13 0 0 0 0 0 0 0 0 1 0 8 0 0 0 0 0 0 0 0 0 0 0 0 0 0 0 0 0 102 0 0 0 0 0 0 0 3 0 0 0 0 1 6 0 0 0 0 0 0 0 0 0 0 0 0 0 0 0 8 0 0 0 0 1 0 0 0 0 0 0 0 0 
 3 4 76 39 6 27 2 3 112 78 3 28 2 2 3 2 77 3 2 2 222 133 86 59 85 48 104 65 195 287 66 87 178 182 172 282 32 56 174 0 2 0 2 0 7 0 12 1 0 6 5 5 4 0 2 0 4 0 0 1 0 0 0 2 57 2 2 0 3 0 3 0 2 0 6 0 0 3 1 9 0 0 0 14 19 4 0 0 0 0 1 0 0 1 0 14 9 9 0 0 19 6 0 0 5 0 0 23 29 33 2 19 33 57 8 13 0 0 2 11 0 2 0 0 0 0 0 0 0 0 0 0 0 0 0 0 0 0 0 0 4 0 0 0 2 0 0 0 0 0 0 0 0 0 2 0 5 0 0 20 0 0 0 0 26 0 0 0 0 1 17 0 0 0 0 8 0 12 2 0 0 8 22 0 37 1 3 24 0 4 11 16 0 19 53 0 30 16 0 1 0 0 0 0 0 0 0 9 0 0 0 0 0 0 0 0 0 0 34 0 0 0 0 0 0 0 0 0 19 0 0 0 0 0 0 0 0 0 0 0 0 0 1 0 0 2 1 0 0 1 0 0 0 0 10 0 2 78 2 0 2 3 0 2 0 0 9 0 0 0 0 0 0 0 0 0 18 0 0 0 0 0 0 0 0 0 19 0 0 0 
 0 0 0 0 71 0 0 0 0 0 0 0 0 0 0 0 0 3 0 0 2 2 2 2 2 66 2 2 2 3 2 2 2 2 2 2 2 5 2 2 0 86 156 58 40 60 437 71 29 260 30 112 105 331 134 55 275 49 116 130 0 9 0 3 0 0 0 0 0 0 0 2 0 0 0 0 0 0 7 0 0 0 12 0 0 0 0 0 0 0 0 0 0 0 0 0 19 0 0 0 0 0 0 0 38 48 0 0 0 5 8 0 0 0 0 0 0 0 0 0 0 0 1 18 43 0 15 10 15 17 50 10 0 19 20 14 6 0 0 0 0 0 0 0 0 8 3 0 6 0 0 0 0 0 0 0 0 0 0 0 0 0 0 0 0 0 0 0 0 0 0 3 0 0 0 0 0 0 0 0 0 1 0 0 27 0 0 0 0 0 0 0 0 0 0 0 0 0 0 0 8 3 36 39 3 0 68 21 19 0 0 19 18 21 27 21 3 15 0 30 0 0 0 0 14 0 0 0 0 0 0 0 0 2 0 0 0 0 22 11 0 0 3 0 0 0 0 0 0 0 0 12 0 2 0 0 0 0 0 0 0 0 2 68 30 1 0 0 0 0 9 0 0 0 0 0 0 0 0 0 0 0 0 0 7 0 0 0 0 0 
 0 12 6 0 0 6 0 0 5 39 0 4 0 0 4 2 4 0 0 0 0 0 66 2 36 63 0 0 0 0 0 0 10 0 0 0 2 0 0 0 86 0 98 152 79 96 88 202 170 101 136 323 201 126 78 32 31 171 42 37 0 0 0 0 0 0 5 0 1 0 0 0 0 0 0 0 0 0 19 0 0 0 0 10 0 0 0 0 0 34 1 4 0 0 0 0 0 0 0 5 0 0 0 0 0 0 6 0 0 0 0 0 19 0 1 0 0 0 0 0 10 0 18 28 0 24 0 1 5 26 9 9 0 32 10 24 15 22 0 14 0 0 0 0 0 0 0 0 21 0 0 0 8 0 0 0 0 0 0 0 0 5 0 0 0 0 5 6 0 7 0 2 0 0 7 0 0 16 0 6 0 0 0 0 0 0 0 0 0 0 0 0 0 0 0 0 0 0 6 0 12 5 0 0 6 0 9 0 8 25 14 10 0 23 6 6 0 25 10 0 0 0 0 0 1 0 0 0 8 0 0 0 0 0 0 0 0 1 20 0 0 7 0 0 0 0 0 0 0 21 0 26 0 1 0 1 0 0 0 2 0 0 9 0 0 9 0 1 0 0 0 0 0 0 0 0 0 0 0 0 0 0 0 3 0 0 0 0 0 1 
 0 2 0 0 0 0 8 0 0 0 2 0 0 0 0 0 0 65 0 0 0 0 4 0 42 10 0 0 0 2 2 0 4 0 0 0 0 2 0 2 156 98 0 132 110 100 221 130 139 171 269 79 230 54 139 256 48 113 47 115 0 0 3 0 0 0 0 52 0 4 2 1 0 0 0 0 14 6 0 5 0 0 0 0 0 0 0 0 0 0 0 0 0 0 0 0 0 0 0 0 0 0 0 0 0 0 0 0 0 0 0 0 0 0 0 0 0 0 0 0 17 0 16 14 19 0 30 0 9 29 19 0 13 1 27 29 12 12 14 6 0 0 0 0 2 2 0 0 9 0 0 4 0 0 0 0 8 0 0 9 0 0 0 0 1 0 0 0 0 0 0 0 0 0 0 0 0 0 0 0 0 0 0 0 0 18 0 10 0 0 0 2 0 0 0 0 0 0 0 0 19 31 0 11 0 44 21 0 7 13 0 19 0 39 0 41 45 6 0 26 0 0 0 2 0 0 0 0 1 12 3 0 0 10 4 0 7 0 19 3 0 0 1 0 0 0 0 0 0 0 0 9 0 0 0 0 0 0 0 19 0 0 0 33 5 4 2 65 1 0 18 0 0 0 0 0 0 0 0 0 0 0 0 0 24 15 0 0 0 0 
 0 0 0 0 0 0 0 0 0 0 0 0 0 0 3 0 0 0 0 0 0 0 0 0 0 0 0 0 0 2 0 0 0 0 0 0 3 0 1 0 58 152 132 0 75 28 169 171 78 133 83 164 70 204 168 75 45 725 93 51 0 10 0 0 0 0 0 0 4 0 0 0 0 0 0 4 0 0 0 0 0 0 0 0 0 0 0 0 19 0 0 0 0 0 0 0 0 0 0 0 0 0 0 0 0 0 0 0 0 0 0 0 0 0 0 0 0 0 0 0 0 0 18 0 10 0 6 8 40 10 0 32 12 10 4 50 20 11 0 0 6 5 4 0 0 0 0 7 0 0 3 0 8 2 15 0 0 4 7 0 0 0 0 0 0 0 0 0 0 0 0 4 0 0 0 0 0 0 0 0 0 0 0 0 0 0 0 0 0 0 0 0 0 0 0 0 0 0 8 0 0 0 7 1 7 0 6 0 0 5 0 1 0 2 42 21 4 0 0 13 4 0 0 0 11 0 0 3 0 0 0 11 11 5 0 5 0 6 21 0 0 0 0 0 0 0 0 0 0 0 0 6 0 0 0 0 0 0 0 10 0 0 0 0 1 4 3 1 0 0 3 0 0 0 0 0 0 0 0 0 0 0 0 0 7 15 0 0 0 0 
 0 0 0 0 0 66 0 0 0 0 0 0 0 0 0 0 3 0 0 0 3 3 3 6 3 3 4 3 5 5 3 3 5 9 3 3 3 3 3 7 40 79 110 75 0 53 58 146 72 181 428 256 62 74 92 334 199 112 88 81 74 0 10 0 0 1 51 0 12 0 0 0 51 1 0 0 52 0 0 1 0 0 0 0 0 0 0 0 0 0 0 0 0 0 0 0 0 0 0 0 0 0 0 14 0 0 0 0 0 0 0 0 34 0 0 0 0 0 0 0 0 0 6 22 18 7 0 0 6 23 18 10 0 0 0 10 9 0 0 0 0 0 1 0 0 0 14 0 0 0 0 0 8 0 0 1 0 0 0 21 0 0 0 0 0 20 0 0 0 0 0 0 0 0 0 0 0 0 3 0 0 0 0 0 0 0 0 0 0 0 0 0 0 0 0 0 0 0 0 0 0 0 0 19 23 36 0 0 18 0 0 6 0 0 6 10 0 13 0 0 0 0 3 9 0 0 3 0 0 0 6 0 0 0 24 2 0 0 23 97 0 0 0 0 0 0 0 0 0 0 0 6 0 0 0 0 0 0 0 5 0 0 0 64 2 5 3 1 2 0 0 0 0 0 0 0 0 0 0 0 0 0 0 0 20 0 0 13 0 0 
 0 5 0 0 0 0 2 0 0 0 2 0 0 0 0 0 4 1 0 0 0 59 4 2 0 0 0 0 0 4 2 2 0 0 0 0 0 0 0 0 60 96 100 28 53 0 239 92 56 165 133 117 44 210 65 79 130 117 89 54 24 0 0 24 0 0 0 0 0 0 0 1 0 0 0 0 1 0 50 0 0 0 0 0 0 0 0 0 0 0 0 0 20 0 0 0 0 0 0 0 0 0 0 0 0 8 0 0 0 0 0 0 0 0 0 0 0 0 0 0 0 0 0 37 16 15 0 7 0 0 10 11 0 10 0 0 21 11 0 0 0 0 0 23 0 0 23 0 0 20 0 2 0 0 0 0 0 2 1 0 0 0 0 0 0 0 0 0 0 0 0 1 0 0 0 0 0 0 0 0 0 0 0 0 0 0 0 0 0 0 0 0 0 0 0 0 0 0 0 0 0 1 30 0 10 14 0 0 21 11 0 0 0 0 22 0 13 53 0 2 23 0 4 0 10 0 6 0 0 0 0 0 0 9 0 0 0 3 47 16 0 0 0 0 0 0 0 0 0 0 1 13 0 0 0 0 0 0 0 0 0 0 1 76 0 0 5 5 0 0 0 0 0 0 0 0 0 0 0 0 0 0 0 0 20 0 0 13 2 0 
 0 0 0 0 0 0 3 0 0 0 3 1 0 0 0 0 0 2 104 0 14 0 6 3 62 131 2 0 6 8 3 64 2 0 8 2 4 7 0 12 437 88 221 169 58 239 0 175 70 264 41 31 187 63 272 102 309 35 124 62 0 13 0 0 0 1 0 0 1 0 0 2 0 0 51 0 0 0 2 0 0 0 0 0 0 0 0 0 0 0 0 0 0 7 0 0 0 0 0 0 0 8 0 0 27 10 0 0 0 17 28 11 0 2 0 10 4 3 0 0 9 19 17 0 1 0 82 17 0 0 0 5 0 0 0 16 15 0 41 19 0 0 0 0 0 0 0 0 2 0 0 0 0 0 0 0 0 0 17 0 0 0 0 0 0 0 6 0 0 0 0 0 0 0 0 0 0 0 0 0 0 0 2 0 15 0 5 4 4 2 0 1 0 2 0 0 7 5 0 0 38 9 5 0 0 0 12 17 11 0 1 18 10 19 0 18 25 19 0 16 0 0 0 0 0 0 0 0 0 0 0 0 0 0 0 0 0 0 0 0 0 0 0 0 0 0 0 0 0 0 0 3 0 2 0 0 0 93 0 1 0 0 0 0 1 1 0 0 0 0 0 0 0 0 0 0 0 0 0 0 0 0 0 0 2 0 0 0 0 0 
 0 2 0 0 0 0 61 6 4 0 0 66 0 0 0 0 0 10 6 0 0 0 0 1 152 43 0 3 0 0 0 0 1 0 0 0 0 208 5 1 71 202 130 171 146 92 175 0 208 106 165 49 161 145 139 295 327 160 58 123 0 1 0 5 4 0 0 0 0 6 0 1 0 9 5 3 0 0 14 3 0 6 3 0 9 10 8 15 7 0 0 0 3 5 0 0 6 8 0 0 0 0 0 0 0 0 0 0 0 0 0 0 0 0 0 0 0 0 0 0 9 0 10 13 0 14 13 9 36 0 47 3 10 49 0 28 23 9 18 28 0 1 0 0 0 0 0 0 0 0 0 0 7 0 0 0 0 0 0 0 6 0 7 1 0 0 0 0 0 0 0 0 0 10 7 4 7 14 0 6 0 0 0 0 0 0 0 0 0 8 0 0 0 0 0 0 0 0 0 2 4 12 0 15 0 0 11 0 9 10 0 0 0 15 37 0 7 0 9 2 0 14 0 0 0 0 1 0 0 0 0 0 3 15 0 3 0 1 0 28 0 0 0 0 0 0 0 0 0 0 0 21 0 0 0 0 0 0 0 0 0 0 2 0 4 5 2 0 1 0 0 0 0 0 0 1 0 0 0 0 0 0 0 0 0 7 0 0 2 0 
 6 3 3 3 65 3 3 5 3 3 3 5 3 3 3 3 3 3 3 3 0 0 0 0 112 61 0 0 0 3 0 0 2 0 0 1 60 0 0 0 29 170 139 78 72 56 70 208 0 137 259 21 177 258 176 123 35 144 84 43 0 0 0 0 0 0 51 0 0 0 0 2 0 5 0 0 0 0 50 0 0 0 0 0 0 0 0 0 0 0 0 0 0 0 0 0 0 0 0 0 0 0 0 0 0 0 0 0 0 0 0 0 0 0 0 0 0 0 0 0 7 13 2 7 10 15 0 0 2 1 1 13 11 19 6 15 3 26 0 2 0 0 0 0 0 0 0 0 0 0 0 0 1 0 0 0 0 0 0 0 0 0 0 0 0 0 0 0 0 0 0 0 0 0 4 0 0 7 0 7 0 0 0 0 0 15 0 0 6 0 0 0 0 8 0 0 0 0 0 14 15 8 1 11 0 0 11 1 11 15 8 3 1 13 0 12 0 12 4 2 7 9 0 0 1 0 9 0 0 0 0 0 11 0 0 0 0 0 8 0 0 0 0 0 0 0 0 0 0 0 0 3 0 0 0 0 0 0 0 1 0 0 1 0 3 9 0 1 1 0 0 0 0 0 0 0 0 0 0 0 0 0 0 0 0 15 0 0 0 0 
 0 2 0 0 0 0 0 0 0 0 0 0 0 0 0 0 0 3 0 0 3 2 18 2 2 15 2 4 2 2 6 7 67 2 2 2 3 5 4 6 260 101 171 133 181 165 264 106 137 0 138 129 339 235 171 227 361 120 93 98 21 0 0 0 0 0 0 0 6 0 0 1 0 0 0 0 0 0 57 0 0 0 0 0 0 0 0 0 0 0 0 0 0 0 0 0 0 0 0 0 0 0 0 0 0 1 0 1 1 0 0 0 0 0 0 6 1 0 0 0 55 12 0 83 19 0 11 7 0 0 19 16 16 9 7 0 3 32 0 6 0 0 1 0 0 0 12 0 0 0 0 0 0 1 0 0 0 0 2 0 0 0 2 0 0 0 0 0 0 0 0 9 0 0 0 0 0 0 0 0 0 0 0 0 0 22 0 0 1 0 0 4 0 0 2 0 0 0 0 0 19 12 7 0 28 35 0 5 6 16 0 0 5 14 21 10 18 9 0 13 1 0 41 0 15 0 4 0 0 0 0 0 10 3 0 0 0 0 19 15 0 0 1 0 0 0 0 0 0 0 0 1 0 0 0 0 0 0 1 1 0 17 0 64 3 3 0 64 2 0 0 0 0 0 0 0 0 0 0 0 0 0 0 0 24 0 0 13 0 0 
 2 7 2 2 2 2 2 2 2 2 2 2 2 2 6 2 3 6 50 2 3 3 3 4 3 6 4 3 3 8 3 7 3 3 3 3 3 6 3 5 30 136 269 83 428 133 41 165 259 138 0 427 61 73 134 157 99 261 52 51 56 0 11 11 1 0 50 0 10 1 0 1 9 14 10 30 0 0 82 0 0 0 0 8 39 0 0 0 0 0 0 0 1 0 0 0 0 0 0 0 0 0 0 0 0 0 0 0 0 0 0 0 0 0 0 0 0 34 0 0 0 0 17 6 0 4 0 65 19 28 0 24 0 11 0 12 11 3 0 19 0 0 15 0 0 0 0 0 5 0 21 0 20 0 0 5 0 3 3 9 0 0 0 0 12 0 0 0 0 0 0 0 0 0 0 0 0 0 0 0 0 0 0 0 0 0 0 0 0 0 0 0 0 0 0 0 0 0 0 0 0 0 0 19 9 26 0 0 15 4 0 2 0 0 27 2 1 0 0 0 1 7 0 0 0 8 20 1 7 10 0 0 0 1 4 0 0 1 0 0 0 0 0 0 0 0 0 0 0 0 0 22 0 11 0 0 0 0 0 25 0 0 0 1 0 3 3 1 1 0 0 0 0 0 0 0 0 0 0 0 0 0 0 0 0 18 0 0 0 0 
 0 2 0 0 0 0 3 0 0 0 0 1 0 0 0 0 2 3 0 0 4 3 4 4 3 10 4 3 3 7 10 3 3 3 3 3 4 7 3 5 112 323 79 164 256 117 31 49 21 129 427 0 38 28 178 120 219 336 56 26 23 0 0 0 0 0 0 0 0 2 0 1 15 14 66 0 1 0 0 0 0 0 0 0 0 0 0 0 0 0 0 2 0 3 0 0 0 0 0 0 0 0 0 0 0 5 0 0 0 0 2 0 0 0 0 7 1 0 0 0 2 0 1 36 20 9 0 0 15 53 19 4 0 5 0 13 0 0 0 22 0 1 0 0 0 0 15 0 0 0 0 0 7 0 0 0 0 0 0 10 0 11 0 0 0 0 0 0 0 0 0 0 0 0 0 0 0 0 0 8 0 0 0 0 0 0 0 0 1 0 5 31 0 0 0 0 0 0 0 0 14 0 0 1 11 86 0 7 7 0 0 1 0 0 0 0 9 11 0 2 0 11 3 0 0 0 5 0 0 0 0 0 13 21 10 0 0 6 17 34 0 0 2 0 0 0 0 0 0 0 0 8 0 0 0 0 0 0 2 22 0 0 2 4 0 10 0 0 0 0 0 0 0 0 0 0 0 0 0 0 0 0 0 0 20 13 0 13 0 0 
 0 1 0 0 0 0 0 0 0 0 0 0 0 0 0 0 0 0 0 0 0 0 0 62 133 87 0 3 0 0 0 0 2 0 0 2 0 0 0 4 105 201 230 70 62 44 187 161 177 339 61 38 0 138 26 63 268 156 148 93 0 0 0 0 0 0 4 0 5 0 0 1 0 0 0 0 0 0 0 4 0 0 0 0 0 0 0 0 0 0 14 0 0 0 0 0 0 10 0 0 0 0 0 0 0 0 0 0 0 0 0 7 0 0 0 0 0 0 0 0 15 1 38 8 0 8 16 32 10 15 0 16 0 52 28 19 6 26 0 39 0 0 0 0 0 0 1 0 0 0 0 0 1 0 0 4 0 0 6 4 0 0 0 0 0 0 0 0 0 0 0 0 0 0 6 0 0 7 0 1 0 0 0 0 0 1 0 0 0 0 0 0 0 0 0 0 0 0 0 0 0 9 11 14 6 4 14 18 0 14 6 0 0 41 26 40 36 2 13 31 0 0 0 0 0 0 0 0 1 0 0 0 0 0 0 0 0 0 2 0 0 0 0 0 0 0 0 0 0 30 0 17 2 2 0 0 0 0 0 1 0 0 62 0 66 2 2 5 0 0 16 0 0 0 0 0 0 4 0 0 0 0 0 0 11 0 0 0 0 0 
 0 2 0 0 0 0 0 0 0 0 2 0 0 0 24 0 0 0 0 0 0 0 0 0 1 0 0 2 205 0 0 0 0 0 0 0 3 0 0 0 331 126 54 204 74 210 63 145 258 235 73 28 138 0 223 189 25 162 80 133 0 0 0 0 2 0 0 0 5 0 0 1 0 0 0 0 0 0 50 0 0 0 0 0 0 0 0 0 22 0 0 0 0 0 0 0 0 0 0 0 0 0 0 0 0 4 0 0 0 0 0 0 0 9 0 0 0 0 0 0 10 0 0 22 0 9 10 7 0 15 9 25 8 10 16 0 40 41 0 0 0 0 0 0 0 0 0 0 0 0 0 0 0 0 0 0 0 0 1 0 0 0 0 0 0 0 0 0 0 0 0 5 0 0 0 0 0 0 0 0 0 0 0 0 0 29 0 0 0 0 0 0 0 0 0 0 0 0 0 0 24 21 2 0 0 6 0 0 12 60 0 10 0 57 23 26 54 12 0 19 0 0 0 0 38 0 0 0 0 0 0 0 0 8 0 0 0 0 15 0 0 0 0 0 0 0 0 0 0 0 0 6 0 0 0 0 0 0 0 3 0 0 0 1 0 5 4 63 2 0 0 0 0 0 0 0 0 0 0 0 0 0 0 0 0 0 0 0 0 0 
 3 4 3 3 5 3 3 3 5 3 3 6 3 3 3 3 3 6 3 3 0 0 0 69 0 2 0 0 0 3 0 0 3 0 0 0 0 3 0 2 134 78 139 168 92 65 272 139 176 171 134 178 26 223 0 158 24 123 195 124 0 0 0 0 4 1 0 0 3 3 0 0 0 0 0 0 0 0 0 0 0 0 0 0 0 0 0 0 0 0 0 0 0 0 0 0 0 0 0 0 0 0 0 0 0 0 0 0 0 0 0 0 0 0 0 0 0 0 0 0 2 14 12 9 16 24 1 0 52 27 29 18 0 10 32 6 8 11 0 22 0 0 0 0 0 0 0 0 7 0 0 12 9 0 0 0 0 0 0 0 0 0 0 0 0 0 0 0 0 0 0 1 0 0 0 0 0 0 0 0 0 0 0 0 0 29 0 0 0 0 0 0 0 0 0 0 0 0 0 0 0 0 27 2 8 0 33 13 0 0 14 0 10 1 31 3 14 20 16 1 0 9 0 3 10 0 0 0 0 0 0 0 0 9 0 0 0 0 36 26 0 0 0 0 0 0 0 0 0 0 0 3 0 0 0 0 0 0 0 2 0 0 0 69 65 0 0 41 0 0 12 0 0 0 2 4 0 0 0 0 0 0 0 0 0 0 0 0 0 0 
 0 0 0 0 0 0 3 0 0 0 0 0 0 0 0 0 0 0 0 0 0 0 0 1 72 0 0 2 206 1 0 30 2 0 5 0 0 0 0 0 55 32 256 75 334 79 102 295 123 227 157 120 63 189 158 0 234 125 50 62 8 2 0 66 6 0 53 0 0 0 0 2 5 0 0 6 0 2 3 0 0 0 0 0 0 0 0 0 0 0 0 0 0 0 0 0 0 0 0 0 0 0 0 0 0 0 0 0 0 0 0 0 0 0 0 0 0 0 0 0 3 38 13 3 22 13 14 0 8 43 31 0 11 0 18 13 0 14 0 0 1 0 14 0 13 0 0 9 12 0 4 0 1 0 0 3 0 6 26 16 0 0 0 0 0 0 0 0 0 0 0 0 0 0 0 0 0 0 0 0 0 25 0 0 0 21 0 0 0 0 0 0 0 0 0 0 0 0 0 0 11 11 0 23 0 6 20 3 9 24 14 47 1 21 0 29 0 55 0 2 23 6 0 0 0 0 2 4 9 0 0 5 9 2 5 0 0 5 26 15 0 0 0 0 0 0 0 0 0 0 0 6 0 0 0 0 0 0 0 11 0 0 1 87 0 5 9 1 1 0 9 0 0 0 0 0 0 0 0 0 0 0 0 0 25 0 0 8 0 0 
 0 1 0 4 0 0 0 0 0 0 0 0 0 0 0 0 0 2 0 0 0 0 0 54 0 0 0 0 0 1 0 7 1 0 0 0 0 2 3 4 275 31 48 45 199 130 309 327 35 361 99 219 268 25 24 234 0 259 278 56 107 0 0 0 0 0 51 0 0 3 0 4 3 12 0 0 0 3 0 7 0 0 0 0 0 0 0 0 0 11 0 0 0 0 0 0 0 0 0 0 0 0 0 0 0 0 0 0 0 0 0 0 0 0 0 0 0 0 0 0 0 0 30 52 0 5 0 21 0 14 16 23 0 11 0 0 0 0 0 0 0 10 46 0 0 0 15 0 0 0 0 0 23 20 0 3 0 0 38 29 0 0 0 0 5 0 0 0 0 0 0 0 0 0 0 0 0 0 0 0 0 0 0 0 0 0 0 0 0 0 0 0 0 0 0 0 0 0 0 0 0 1 1 20 1 39 0 0 10 0 16 17 0 0 12 17 15 3 0 11 8 17 13 0 0 0 40 0 0 0 0 0 34 14 0 26 0 0 2 26 0 0 0 0 0 0 0 0 2 0 0 7 0 0 0 0 0 0 0 8 0 22 0 2 1 2 2 2 0 0 0 0 0 0 0 0 0 0 0 0 0 0 0 0 36 4 0 18 0 0 
 0 8 0 1 0 0 0 0 0 0 0 0 0 0 0 0 4 0 0 0 0 1 0 2 0 3 0 0 0 4 0 0 0 0 0 0 57 0 0 0 49 171 113 725 112 117 35 160 144 120 261 336 156 162 123 125 259 0 261 98 3 0 0 0 0 0 0 0 0 2 0 0 0 5 0 0 0 0 0 0 0 0 0 0 0 0 0 0 0 0 0 0 0 0 0 0 0 0 0 0 0 0 0 0 0 0 0 0 0 0 0 0 0 0 0 0 0 0 0 0 0 0 24 0 0 18 0 35 17 14 15 52 11 20 0 11 20 12 0 0 0 0 0 0 0 0 0 0 0 0 0 0 6 0 22 0 0 0 14 66 0 0 0 0 0 0 0 0 0 0 0 20 0 0 0 0 0 3 0 2 0 0 0 0 0 0 0 0 0 0 0 0 0 0 0 0 0 0 0 0 12 1 0 0 0 2 0 0 0 70 10 7 0 0 45 10 11 8 0 9 7 7 0 0 1 0 0 0 0 0 0 0 10 9 0 0 0 0 0 9 0 0 0 0 0 0 0 0 0 0 0 6 0 0 0 0 0 0 0 8 0 0 0 2 0 13 2 0 0 0 0 0 0 0 0 0 0 0 0 0 0 0 0 0 1 22 0 0 0 0 
 3 5 3 29 3 2 3 2 3 3 2 2 3 3 3 3 3 3 1 3 0 0 70 143 4 3 0 0 0 59 0 0 2 0 0 0 0 0 2 0 116 42 47 93 88 89 124 58 84 93 52 56 148 80 195 50 278 261 0 273 0 8 19 0 0 4 0 0 0 0 0 1 0 0 0 0 0 0 0 0 0 20 0 0 0 0 0 0 0 0 0 0 0 0 0 0 0 0 0 0 0 0 0 27 22 14 0 0 16 36 0 0 0 0 0 0 0 0 0 0 4 22 0 0 22 0 4 21 20 10 21 8 1 46 67 0 0 24 0 5 0 0 13 0 0 12 0 0 5 0 0 0 0 0 0 0 0 0 0 0 0 0 0 0 0 0 0 0 0 0 0 0 0 7 0 0 0 0 0 0 0 11 1 0 16 26 0 0 0 0 0 0 31 0 0 0 0 0 0 0 0 6 29 39 0 0 83 34 0 0 28 0 23 1 0 0 1 2 7 13 0 0 0 0 0 0 0 0 0 0 0 0 0 10 0 0 8 0 0 0 0 0 8 0 0 0 0 0 0 0 0 6 0 0 0 0 0 0 0 0 0 0 0 0 43 2 1 0 2 0 12 0 0 0 0 0 0 0 0 0 0 0 0 0 0 0 0 0 0 0 
 2 2 2 2 4 2 2 4 9 2 2 2 2 2 2 2 2 3 2 2 1 1 1 83 189 63 0 2 1 1 0 0 1 2 1 1 1 2 1 1 130 37 115 51 81 54 62 123 43 98 51 26 93 133 124 62 56 98 273 0 0 21 1 0 0 0 0 4 0 0 211 8 0 5 6 0 0 3 0 0 0 0 0 0 0 0 0 0 0 0 0 0 0 0 0 0 0 0 0 0 0 0 0 0 19 13 0 0 0 6 0 0 0 0 0 0 0 0 0 0 9 17 11 0 1 0 13 0 36 10 18 6 12 10 23 0 11 0 0 15 0 1 0 2 1 5 0 0 5 0 0 0 0 5 3 0 0 0 0 0 0 0 0 0 0 0 0 1 0 0 0 5 0 0 0 0 17 0 0 0 0 19 0 0 0 7 0 0 0 15 0 0 0 0 0 0 0 0 0 0 0 3 17 47 0 0 10 23 0 6 28 0 10 1 18 0 0 29 7 10 1 0 45 0 10 3 0 0 0 0 1 0 0 1 0 1 3 0 0 0 0 0 7 0 0 0 0 0 0 0 0 1 1 1 68 0 0 0 0 0 0 0 1 1 64 0 0 0 2 0 12 0 0 0 0 0 0 0 0 0 0 0 0 0 0 0 0 0 1 0 
 0 0 1 4 7 1 0 0 0 50 6 0 0 1 0 0 0 0 0 1 0 2 0 0 0 3 2 0 0 0 0 0 0 0 52 0 0 0 5 0 0 0 0 0 74 24 0 0 0 21 56 23 0 0 0 8 107 3 0 0 0 68 142 63 54 55 399 60 55 22 21 25 144 97 49 88 87 33 43 54 0 0 0 0 21 8 0 0 0 1 0 0 0 0 0 0 0 0 0 0 4 0 1 0 0 0 0 0 0 0 0 0 0 0 0 1 0 0 0 4 0 0 0 22 0 0 0 0 0 0 0 0 0 0 0 0 0 0 0 0 0 0 21 0 0 6 17 0 20 1 20 0 19 0 0 28 0 12 60 6 0 0 0 0 8 0 0 0 0 0 25 0 0 0 0 0 0 0 0 0 0 1 0 10 0 0 0 15 0 0 0 0 0 0 0 0 1 5 0 0 5 0 0 18 16 33 0 0 1 0 0 6 0 0 0 8 0 0 0 0 9 5 0 7 10 0 54 21 9 0 2 13 11 10 56 42 0 51 13 3 0 0 0 0 0 0 0 0 0 2 0 0 0 0 8 0 0 0 0 0 0 0 0 2 0 0 22 0 0 0 0 0 0 2 0 0 0 0 0 0 0 0 0 0 19 0 0 14 0 0 
