 0 298 107 134 17 32 268 319 127 306 54 44 59 147 141 139 130 181 36 40 1 2 0 0 0 2 1 0 0 1 0 0 0 0 2 2 3 0 1 0 0 0 0 0 0 2 3 0 0 0 0 0 0 0 37 3 0 0 0 3 0 2 0 0 3 0 0 0 0 0 0 0 1 0 0 0 0 0 0 0 0 41 4 2 30 27 19 0 31 12 10 0 0 14 0 1 14 40 11 29 0 0 0 0 0 0 0 0 0 0 0 0 10 0 0 0 0 0 9 0 0 0 0 0 0 0 0 0 0 0 0 0 0 0 0 0 0 0 0 0 1 0 0 0 0 0 0 0 0 7 0 0 0 0 0 0 0 0 0 0 0 22 1 0 0 0 3 0 51 15 0 3 2 65 18 8 0 43 16 0 0 0 0 0 0 0 0 0 0 0 0 0 0 0 0 0 0 0 13 11 0 0 0 0 0 0 0 0 0 0 0 0 0 0 0 0 0 0 0 1 0 0 0 0 0 0 0 0 0 0 0 0 0 0 0 0 0 0 0 0 0 12 0 0 0 2 138 0 0 1 0 5 15 0 2 0 0 0 0 0 0 0 10 0 0 0 0 0 0 0 0 0 0 0 0 7 0 13 0 0 0 0 0 0 0 0 0 0 0 0 
 298 0 194 75 134 83 132 240 108 314 184 333 63 53 232 211 135 39 143 208 0 4 2 4 0 2 75 2 1 2 2 0 0 0 4 2 3 0 75 0 0 0 0 38 0 35 3 0 0 0 0 0 0 0 1 3 0 0 0 3 0 2 0 0 3 28 0 0 6 0 1 1 0 1 2 0 0 2 3 0 14 0 48 31 40 0 1 0 0 16 14 1 0 18 20 12 39 2 26 0 0 0 0 0 0 0 0 0 0 0 0 0 13 20 0 0 10 0 0 0 0 0 0 0 0 0 0 0 0 0 0 23 0 0 0 0 0 0 0 0 0 0 0 0 0 0 0 0 0 2 0 0 0 16 0 0 14 0 0 0 24 10 2 0 53 0 17 0 21 43 38 9 3 4 15 11 35 33 2 0 10 1 0 0 0 0 0 0 0 0 0 0 10 2 0 0 0 0 0 11 0 0 0 0 0 0 0 0 0 0 0 0 0 9 0 0 0 0 0 0 0 0 0 0 0 0 0 0 0 0 0 0 0 0 0 0 0 0 0 0 0 1 0 0 0 0 3 0 0 1 0 6 0 0 0 0 0 0 0 0 0 0 61 0 0 0 0 0 0 0 0 0 0 0 0 0 0 14 0 0 0 0 0 0 0 0 0 0 0 0 
 107 194 0 380 111 162 333 310 395 46 173 33 59 299 291 155 236 44 132 99 0 2 0 0 0 1 0 0 0 0 0 1 0 0 2 2 3 0 2 0 0 0 0 0 0 1 3 0 0 0 0 0 0 0 0 3 0 0 0 3 0 2 0 7 3 0 0 7 0 0 0 0 5 1 0 0 0 0 2 0 11 31 17 1 23 37 45 0 23 10 0 21 0 0 12 33 14 29 0 12 23 0 0 0 0 0 0 0 0 0 0 0 1 1 2 0 0 0 0 1 0 0 0 0 0 0 0 0 0 1 0 0 0 0 0 0 0 0 0 0 0 0 0 0 1 0 0 6 0 0 0 2 0 0 0 0 0 0 0 0 0 20 11 34 0 0 5 0 27 0 0 14 10 0 17 23 0 51 11 0 0 2 0 0 23 0 1 15 0 32 0 0 0 0 0 0 1 0 55 0 0 0 0 0 0 0 0 0 0 0 0 2 0 11 0 0 0 0 0 0 0 0 2 0 0 0 0 0 2 0 0 0 0 1 0 0 1 0 0 0 0 3 0 0 0 0 34 0 2 10 2 2 0 0 0 0 0 0 0 0 0 0 12 0 0 0 2 0 0 0 0 0 0 0 0 0 0 0 0 0 0 0 0 0 0 0 0 0 0 0 
 134 75 380 0 280 45 92 109 235 73 142 136 77 199 163 38 165 239 165 182 34 89 0 0 0 0 77 0 0 0 0 0 0 1 76 2 3 0 3 34 0 0 2 0 0 2 3 0 0 0 0 0 0 0 0 3 2 0 0 30 0 2 0 0 3 0 0 8 0 0 0 0 7 0 0 0 0 0 0 0 18 24 26 15 14 20 16 1 11 0 25 64 0 5 0 61 0 40 0 0 0 0 13 0 0 0 2 0 0 0 0 0 0 16 13 14 0 0 18 9 0 0 2 0 0 0 0 0 0 0 0 1 0 2 0 0 0 0 0 0 0 0 0 0 0 0 0 0 0 0 0 0 2 0 0 0 0 5 0 2 4 10 17 15 22 30 6 0 5 5 35 13 14 0 0 0 1 18 0 0 23 19 23 0 0 0 28 10 0 0 0 0 7 0 0 0 0 0 36 9 12 0 0 0 0 0 0 0 0 0 0 0 0 10 0 0 0 0 0 0 0 0 0 0 0 0 0 0 0 0 0 0 0 0 0 0 19 0 0 0 0 0 0 0 0 2 5 1 51 188 0 2 14 0 0 2 0 0 0 0 0 0 0 2 0 0 0 0 0 0 0 2 0 0 0 0 9 0 0 0 0 0 0 0 0 0 0 0 0 0 
 17 134 111 280 0 239 39 301 312 74 86 150 302 155 274 395 173 59 108 89 38 75 0 0 0 1 76 0 0 96 0 0 0 75 72 0 3 0 3 114 0 0 1 0 0 2 3 0 0 0 0 2 0 0 0 3 5 2 0 3 0 2 0 1 2 2 0 2 0 0 0 1 0 8 0 0 7 0 0 0 0 0 22 17 0 11 18 0 3 10 9 23 0 0 0 9 0 0 0 0 45 0 15 0 0 1 0 0 10 0 1 13 1 31 0 39 7 0 11 33 0 1 0 0 0 0 0 0 0 0 0 2 0 0 0 1 0 0 0 0 0 0 0 0 0 0 0 0 2 0 15 0 11 0 0 0 0 5 0 5 0 0 0 25 41 47 6 0 0 0 25 26 3 0 0 0 0 0 0 0 12 28 34 14 0 0 53 38 0 0 0 0 43 20 7 0 0 0 31 29 0 0 0 0 1 0 0 0 0 1 0 0 2 3 0 0 0 0 0 0 0 0 0 0 0 0 0 0 0 0 2 0 2 0 0 0 0 0 0 0 0 0 0 0 0 2 0 0 4 5 0 0 0 0 1 0 0 0 0 0 0 0 0 0 0 0 0 0 0 0 0 0 0 0 0 10 0 0 0 0 0 0 0 0 0 0 0 0 0 0 
 32 83 162 45 239 0 31 48 223 126 70 407 35 498 344 142 57 137 30 43 19 2 23 2 0 1 5 75 0 0 0 64 0 1 82 2 3 3 77 88 0 0 4 0 0 1 3 0 0 0 0 4 0 0 0 3 59 0 0 3 51 2 0 3 2 0 0 0 0 0 0 0 0 3 0 1 0 0 1 0 0 0 0 17 0 0 0 0 10 24 31 15 0 1 1 14 0 7 0 0 0 15 0 0 10 0 12 39 1 0 10 0 7 13 24 56 10 1 0 28 0 6 0 0 0 0 0 0 2 0 0 0 0 2 0 0 0 0 0 0 0 0 0 0 18 0 0 0 0 0 0 0 2 0 0 0 13 0 0 0 0 1 1 19 22 34 4 0 0 0 13 20 1 0 0 9 0 10 0 0 26 19 0 0 1 0 22 0 0 1 31 0 2 22 10 24 13 0 15 65 0 0 0 0 0 0 0 0 0 0 0 0 0 11 0 0 0 0 0 0 0 0 0 0 13 0 0 0 0 0 0 0 0 0 0 0 0 0 0 0 0 0 0 0 0 0 1 0 4 0 0 0 0 0 0 0 0 0 0 0 0 0 0 0 0 0 0 0 0 2 0 0 0 0 0 0 0 0 0 0 0 0 0 0 0 0 0 0 0 0 
 268 132 333 92 39 31 0 267 145 35 10 257 456 120 44 35 24 60 99 123 0 2 0 0 15 1 0 72 1 0 74 0 2 0 3 18 7 0 3 1 0 0 0 2 0 0 73 0 0 0 0 63 29 0 62 7 0 0 0 5 0 6 0 1 2 0 0 6 13 0 0 0 0 2 0 0 0 0 0 0 20 26 0 0 0 0 18 51 0 0 1 0 19 0 30 0 19 0 11 73 0 0 0 0 0 0 0 0 0 0 0 0 0 0 0 0 0 0 0 0 0 0 0 1 0 0 0 0 0 0 0 0 0 0 0 0 0 0 0 0 0 0 0 0 0 0 0 4 0 0 0 0 0 0 0 0 0 0 0 0 0 6 22 0 0 2 2 14 10 21 0 2 43 11 34 0 0 1 37 0 0 0 0 0 0 0 0 3 1 0 0 0 0 0 0 0 0 0 0 0 0 0 0 2 0 0 0 0 0 0 0 0 0 0 0 2 0 0 0 0 0 2 0 0 0 0 0 0 0 0 0 0 0 0 0 0 0 0 0 0 0 0 0 0 0 0 1 0 2 2 0 4 0 0 0 0 0 0 0 0 0 0 0 0 0 0 0 0 0 0 0 0 0 0 0 0 1 0 0 0 0 0 0 0 0 0 0 0 0 0 
 319 240 310 109 301 48 267 0 179 129 153 266 103 313 143 152 301 229 373 74 0 2 0 0 0 0 0 0 75 0 0 0 0 0 3 1 3 0 5 0 3 0 31 0 1 61 3 0 0 0 0 0 141 0 31 4 0 0 0 3 0 2 0 3 2 0 0 10 0 0 0 0 8 3 0 38 0 0 0 0 18 17 30 4 21 24 2 5 70 11 0 13 6 38 18 37 28 53 0 8 0 0 0 0 0 0 0 0 0 6 0 0 16 0 0 0 0 0 18 0 0 0 2 0 0 0 0 0 0 13 0 0 0 0 0 0 0 0 0 0 0 0 0 0 0 4 0 0 0 8 0 0 0 0 0 0 0 0 1 0 22 9 0 10 0 0 32 10 26 16 0 24 10 26 0 1 2 39 19 6 0 0 0 0 0 0 0 7 0 2 0 0 0 0 0 0 0 0 0 10 0 2 0 0 0 0 1 0 0 0 0 0 0 15 0 0 0 2 0 0 6 0 0 0 0 0 0 0 0 0 1 0 0 0 0 0 0 0 0 0 0 0 0 0 0 1 90 2 0 93 0 2 14 0 0 0 0 1 0 0 0 2 11 0 0 0 0 0 0 0 0 0 0 0 0 10 9 15 0 0 0 0 0 0 0 0 0 0 0 0 
 127 108 395 235 312 223 145 179 0 79 238 263 420 351 372 301 49 126 102 339 0 3 0 0 0 1 73 0 0 0 0 2 1 2 3 1 2 3 88 0 0 2 3 2 0 3 5 0 2 0 0 0 0 0 3 6 0 0 0 3 0 2 1 3 2 4 0 5 2 3 0 0 8 3 0 0 0 0 1 0 8 55 0 0 0 11 59 9 7 11 22 21 17 14 39 72 0 11 0 0 0 0 0 0 0 0 0 0 1 0 0 0 0 14 1 0 0 0 70 0 0 0 0 0 0 1 0 2 0 0 0 0 0 0 1 0 0 0 0 0 0 0 0 0 0 0 0 3 0 0 2 0 0 0 0 0 2 0 0 0 9 15 39 0 13 0 0 0 12 29 0 17 5 1 0 34 0 28 17 0 2 0 0 0 0 0 0 0 0 0 0 0 6 13 0 0 0 0 24 0 0 0 0 0 0 0 0 0 0 0 0 0 0 0 0 0 0 0 0 3 0 0 2 0 0 0 0 0 0 0 0 0 0 0 0 0 0 2 0 0 0 0 0 0 0 0 1 2 98 89 1 0 28 0 0 0 0 0 0 0 0 0 0 0 0 0 0 0 1 0 0 1 0 0 0 0 0 0 0 0 0 0 0 0 0 0 0 0 0 0 
 306 314 46 73 74 126 35 129 79 0 240 43 49 76 83 623 117 115 83 85 3 2 1 2 0 0 63 0 0 0 0 0 0 69 2 0 3 2 77 0 0 0 0 0 0 0 3 0 0 0 0 0 0 0 0 7 0 0 0 3 0 2 0 0 3 0 0 0 0 0 0 0 0 0 0 0 0 0 0 0 30 0 34 31 13 3 0 0 29 19 10 34 12 20 0 13 19 0 2 1 0 1 0 0 0 0 4 0 10 0 0 0 3 0 0 2 0 0 0 0 0 0 0 0 0 0 1 0 0 0 0 19 0 0 0 0 0 0 0 0 0 0 0 0 0 0 0 0 0 2 0 0 0 0 0 0 0 0 0 12 31 0 17 29 11 14 9 0 15 7 11 0 2 22 0 43 25 18 9 9 0 0 25 1 0 0 0 0 0 0 0 0 0 0 1 0 0 0 2 15 1 0 0 0 0 0 0 0 0 0 0 0 0 0 0 0 0 0 0 0 5 0 0 0 0 2 0 0 0 0 0 0 0 0 10 0 0 0 0 0 0 0 0 0 0 4 1 0 2 0 10 7 0 0 0 0 0 0 0 0 0 0 0 0 0 0 0 0 0 0 0 0 0 2 0 0 0 0 0 0 0 0 0 0 0 0 0 0 0 0 
 54 184 173 142 86 70 10 153 238 240 0 351 30 42 57 277 117 352 37 58 0 2 0 0 0 0 77 0 0 0 2 0 0 65 2 118 3 0 107 0 0 0 2 4 0 0 3 0 0 0 0 0 0 0 0 3 0 0 0 2 0 2 0 0 3 0 0 7 2 0 0 0 5 0 0 0 0 0 0 0 0 51 28 29 25 4 0 0 24 33 14 1 0 49 0 9 11 0 0 0 13 0 0 0 0 0 7 0 23 0 0 0 35 13 20 0 0 0 1 1 0 0 0 0 0 0 0 2 0 0 0 27 0 0 1 0 0 0 0 0 0 0 27 0 0 0 0 0 0 1 2 0 0 0 0 0 2 0 0 8 9 7 0 1 17 14 0 0 47 32 11 23 0 0 0 11 7 33 0 0 15 0 0 1 0 0 0 14 0 0 0 0 1 10 0 0 8 0 0 28 0 0 0 0 0 0 0 0 0 0 0 0 0 0 0 0 0 0 0 0 0 0 1 0 0 0 0 0 0 0 0 0 0 0 0 0 0 1 0 0 0 0 0 0 0 0 4 0 3 59 13 81 0 0 0 0 0 1 0 0 0 0 0 0 0 0 1 0 0 0 0 0 0 0 0 1 0 14 0 0 0 0 0 0 0 0 0 0 0 0 
 44 333 33 136 150 407 257 266 263 43 351 0 30 56 37 37 67 57 44 41 62 2 1 0 0 2 0 78 0 0 0 0 1 76 96 0 4 9 150 82 0 0 2 0 0 0 3 0 2 0 0 0 0 0 0 3 8 0 0 3 0 2 0 39 8 0 0 0 0 0 0 28 0 1 0 0 0 3 0 0 0 0 9 28 1 10 2 0 0 11 9 20 0 1 0 0 10 2 0 0 0 24 0 2 2 0 0 26 26 0 0 0 9 14 0 37 6 12 29 23 0 0 0 0 0 0 0 0 0 0 0 20 0 0 0 0 1 0 0 0 0 0 0 0 0 0 0 0 0 23 21 0 0 0 0 0 0 0 0 7 0 0 0 31 1 31 0 0 15 0 22 0 0 0 0 19 5 24 0 0 12 36 45 0 0 0 20 10 1 0 30 2 1 34 0 22 3 40 2 60 0 0 0 0 2 0 0 0 0 0 0 0 0 0 2 0 0 1 0 0 1 0 0 0 0 0 0 0 0 0 0 0 0 0 0 0 0 0 0 0 0 0 0 0 0 2 0 0 2 2 0 2 0 0 1 0 0 0 0 0 0 0 0 0 0 0 0 0 0 0 0 0 0 0 0 0 0 0 0 0 0 0 0 0 0 0 0 0 0 0 
 59 63 59 77 302 35 456 103 420 49 30 30 0 86 211 24 42 118 101 146 0 2 0 0 0 1 1 0 23 0 0 0 0 0 4 2 6 0 2 0 0 0 0 0 0 0 6 0 0 0 0 0 0 1 1 3 0 0 0 3 0 2 3 0 3 0 0 0 0 0 0 0 0 0 0 30 0 0 0 3 30 0 0 0 0 0 14 51 28 11 8 1 22 20 25 16 0 11 0 0 0 0 0 0 0 0 0 0 0 0 0 0 0 0 0 0 0 0 17 0 0 0 0 0 0 0 0 0 0 0 0 0 0 0 0 0 0 0 0 0 0 0 0 0 0 0 0 17 0 4 0 0 0 0 0 20 0 0 0 0 9 10 0 0 0 0 0 11 12 1 0 0 10 18 0 0 0 0 15 19 0 0 0 0 0 0 0 0 0 0 0 0 0 0 0 0 0 0 0 0 0 0 0 0 0 0 0 0 0 0 0 0 0 0 0 0 0 0 0 0 0 0 0 0 0 0 0 0 0 0 0 0 0 0 0 0 0 0 0 0 0 0 0 0 0 1 89 0 2 3 1 3 2 0 0 0 0 0 0 0 0 0 0 0 0 0 0 0 0 0 0 0 0 0 0 12 0 0 0 0 0 0 0 0 0 0 0 0 0 0 
 147 53 299 199 155 498 120 313 351 76 42 56 86 0 211 51 81 48 199 88 0 2 0 0 0 0 0 0 0 0 0 77 0 2 3 1 3 0 3 75 0 0 0 1 0 1 3 0 0 2 0 0 0 0 0 3 0 0 0 3 0 2 0 2 2 0 0 0 0 0 0 0 0 3 0 0 0 0 0 0 2 13 10 0 30 14 28 23 0 4 14 27 24 0 0 36 47 25 0 40 0 0 14 0 16 0 1 0 0 0 0 0 0 0 0 0 0 0 0 0 0 0 0 0 0 0 0 0 0 0 0 0 0 1 0 0 1 0 0 0 0 0 0 0 0 0 0 0 0 0 0 0 0 0 0 0 0 0 0 0 0 33 15 0 10 0 11 18 7 16 0 10 15 0 17 37 0 13 9 0 0 0 0 0 0 0 0 0 0 0 0 0 59 0 0 0 0 0 28 0 0 0 0 0 0 0 0 0 0 0 0 0 0 13 0 0 0 0 0 0 0 0 0 0 13 0 0 0 0 0 0 0 0 0 0 0 0 0 0 0 0 13 0 0 0 3 95 0 88 89 2 4 0 0 0 0 0 0 0 0 36 0 0 0 0 0 0 0 0 1 0 0 0 0 0 0 21 0 0 0 0 0 0 0 0 0 0 0 0 0 
 141 232 291 163 274 344 44 143 372 83 57 37 211 211 0 65 426 196 199 345 0 38 0 0 0 0 0 0 0 0 0 0 0 0 3 1 3 0 4 0 0 0 0 0 0 1 3 0 0 0 0 0 0 0 1 28 0 0 0 3 0 2 0 2 2 0 0 0 0 0 0 0 1 3 0 0 0 0 0 0 17 8 14 17 13 15 0 10 4 18 33 41 14 11 13 34 0 55 0 0 0 0 0 0 0 0 0 0 1 1 0 0 0 0 0 0 0 0 22 0 0 0 0 0 0 0 0 0 0 0 0 0 0 0 0 0 0 0 0 0 0 0 0 0 0 2 0 0 0 5 0 0 0 0 0 0 0 0 0 0 10 32 33 0 17 0 25 2 6 29 2 10 0 21 0 23 21 19 0 0 0 0 0 1 2 0 0 0 0 0 0 0 11 58 0 0 0 0 88 2 0 0 0 0 0 0 0 0 0 0 0 0 0 0 0 0 0 0 0 0 0 0 0 0 0 0 0 2 0 0 0 0 0 0 0 0 0 0 0 0 0 0 0 0 0 0 16 0 92 87 3 9 3 0 0 0 0 0 0 0 0 0 0 0 0 0 0 0 0 0 0 0 0 0 0 4 7 0 0 0 0 0 0 0 0 2 0 0 0 0 
 139 211 155 38 395 142 35 152 301 623 277 37 24 51 65 0 198 80 102 115 0 2 0 0 0 1 286 0 0 0 0 0 0 101 2 1 3 0 3 0 0 0 0 0 0 0 3 0 0 0 0 0 0 0 0 7 0 0 0 3 0 2 0 0 3 0 0 0 0 0 0 0 0 4 0 0 0 0 0 0 31 0 30 16 72 11 0 0 36 9 14 17 6 41 0 22 25 0 0 0 0 0 0 0 0 1 8 0 11 0 14 0 17 1 0 0 0 0 1 0 0 1 0 0 0 0 0 0 0 22 0 12 0 0 27 1 0 0 0 0 0 0 0 0 0 0 0 1 2 7 0 0 0 0 0 0 18 0 0 0 16 6 12 31 2 9 24 0 26 10 11 0 1 1 0 25 20 68 6 12 0 0 0 0 0 0 1 0 0 0 0 0 0 2 0 0 0 0 0 8 0 0 0 0 0 0 0 0 0 1 0 0 2 42 0 0 0 0 0 0 0 0 0 0 0 0 0 0 0 0 2 0 2 0 0 0 0 0 0 0 0 0 0 0 0 1 3 0 2 0 8 15 1 0 0 0 0 0 0 0 0 0 13 0 0 60 0 0 0 0 0 0 0 0 0 0 0 10 0 0 0 0 0 0 0 0 0 0 0 0 
 130 135 236 165 173 57 24 301 49 117 117 67 42 81 426 198 0 146 250 306 0 2 0 1 0 0 0 0 0 0 0 0 0 0 3 1 3 3 1 0 0 0 0 1 0 1 3 0 0 0 0 0 5 0 0 3 35 2 0 3 0 2 0 1 2 0 0 0 2 0 0 0 0 2 0 0 0 0 0 0 21 11 29 10 66 12 35 13 6 11 14 13 1 25 0 21 0 27 0 26 0 0 0 0 0 0 0 0 0 0 0 0 22 0 0 0 0 0 1 0 0 0 0 0 0 0 0 0 0 0 0 0 0 0 0 0 0 0 0 7 0 0 0 0 0 0 0 0 0 4 19 0 0 0 0 0 0 0 0 0 13 42 49 0 15 0 23 9 6 47 0 0 4 10 0 32 20 0 0 0 0 0 0 0 0 0 0 0 0 0 0 0 17 0 0 0 0 0 25 10 0 0 0 13 0 0 0 0 0 0 0 0 0 10 0 0 0 0 0 0 0 0 0 0 0 0 0 0 0 0 0 0 0 0 0 0 0 0 0 0 0 22 0 0 0 3 177 0 83 89 1 9 0 0 0 0 0 0 0 0 0 0 0 0 0 0 0 0 0 0 0 0 0 0 0 6 21 16 0 0 0 0 0 0 0 0 0 0 0 0 
 181 39 44 239 59 137 60 229 126 115 352 57 118 48 196 80 146 0 37 35 0 2 0 0 2 1 151 1 0 0 0 0 0 155 4 1 5 0 80 0 0 0 4 3 0 0 3 0 0 0 0 2 0 0 62 3 0 0 0 3 0 2 0 3 2 0 0 14 0 0 0 0 5 3 0 0 0 0 0 0 0 18 0 14 13 17 0 0 46 41 12 0 0 5 0 57 10 12 0 0 31 1 0 0 0 0 13 0 6 0 0 0 16 32 12 19 0 0 14 0 0 0 0 0 0 0 0 0 0 0 0 0 0 0 0 0 0 0 0 0 0 0 0 0 0 1 0 17 0 6 0 0 0 0 1 0 0 0 0 2 15 0 0 24 6 11 0 1 15 13 30 24 5 12 0 6 0 19 0 0 49 20 0 2 0 0 0 34 0 0 0 0 0 0 0 0 12 0 0 25 0 0 0 0 0 0 0 0 0 0 0 0 0 0 0 0 0 0 0 0 0 0 0 0 0 0 0 0 0 0 0 0 0 0 0 0 0 0 0 0 0 0 0 0 0 0 47 0 0 3 7 4 0 0 0 0 0 0 0 0 0 0 0 0 0 0 0 0 0 0 0 0 0 0 0 13 0 0 0 0 0 0 0 0 0 0 0 0 0 0 
 36 143 132 165 108 30 99 373 102 83 37 44 101 199 199 102 250 37 0 409 0 5 3 0 0 1 0 3 0 0 0 0 0 0 3 3 3 0 3 0 0 0 0 0 0 3 3 0 0 0 0 3 0 0 1 4 0 0 0 3 0 2 2 1 2 0 1 2 0 0 0 2 0 2 0 0 3 43 0 0 42 36 56 19 50 0 38 2 0 0 1 10 3 25 52 0 49 14 39 1 0 0 0 0 0 0 0 0 1 0 0 0 0 2 0 0 0 0 0 2 0 0 0 0 0 0 0 0 0 0 0 0 0 0 0 0 0 0 0 0 0 0 0 0 2 0 0 5 0 0 0 1 0 0 0 0 0 0 0 0 24 0 29 0 13 0 16 44 2 0 0 1 10 11 25 9 25 0 58 0 0 3 0 9 0 0 0 0 0 0 0 0 0 0 0 0 0 0 0 0 0 0 0 0 0 0 0 0 0 0 0 1 0 0 0 0 0 0 0 0 0 0 0 0 2 0 0 0 1 1 0 0 0 2 0 0 2 0 0 0 0 0 0 0 2 0 0 0 3 48 2 0 1 0 0 0 0 0 0 0 0 0 0 0 0 0 0 0 0 0 0 0 0 0 0 0 18 0 0 0 0 0 0 0 0 0 0 0 0 0 
 40 208 99 182 89 43 123 74 339 85 58 41 146 88 345 115 306 35 409 0 0 7 0 0 0 1 0 0 0 0 0 1 0 1 3 1 3 0 1 0 0 0 0 0 0 1 3 0 0 0 0 0 0 0 1 3 0 0 0 3 0 2 0 1 2 0 0 0 0 0 0 0 0 2 0 0 0 0 0 0 66 29 20 10 28 0 3 10 0 1 21 14 9 21 23 11 0 27 10 0 0 0 0 0 0 0 0 0 0 7 0 0 0 0 0 0 0 0 0 0 0 0 2 0 0 0 0 0 0 14 0 0 0 0 0 0 0 0 0 0 0 0 0 0 0 0 0 5 0 0 0 0 0 0 0 0 0 0 0 0 25 14 41 0 26 0 15 10 0 8 0 0 11 10 25 9 19 0 9 0 0 0 0 0 0 20 0 0 0 2 0 0 0 0 0 0 0 0 0 0 0 2 0 0 0 0 1 0 0 0 0 0 0 0 0 0 0 2 0 0 0 0 0 0 0 0 0 0 0 0 0 0 0 0 0 0 0 0 0 0 0 0 0 0 0 0 1 1 87 86 1 3 0 0 0 0 0 0 23 0 0 0 0 0 0 19 0 0 0 0 0 0 0 0 0 1 17 0 0 0 0 0 0 0 0 9 0 0 0 0 
 1 0 0 34 38 19 0 0 0 3 0 62 0 0 0 0 0 0 0 0 0 340 128 150 182 89 216 259 83 176 153 71 40 38 32 30 128 120 134 90 0 3 3 0 3 0 0 0 0 0 0 0 0 0 3 0 0 0 0 3 0 0 1 0 0 0 0 2 0 3 0 2 3 0 0 0 0 0 0 3 0 0 0 0 0 28 0 0 0 7 0 19 0 0 0 0 0 0 0 0 0 38 115 0 13 1 11 17 0 1 21 11 7 43 0 28 15 27 0 46 0 0 0 0 0 0 9 0 0 0 0 0 0 0 0 0 0 0 6 19 0 0 0 0 0 0 0 0 0 0 0 0 9 0 0 0 0 8 0 10 0 0 0 46 22 42 0 0 0 1 9 4 0 0 0 0 0 0 0 0 61 12 33 9 9 0 25 18 11 31 13 1 28 1 31 19 12 35 30 8 0 0 0 13 0 0 0 0 0 0 0 0 14 0 11 13 0 0 0 13 0 0 0 0 0 0 0 0 0 0 0 0 0 0 0 0 0 0 0 0 0 0 13 0 0 1 0 0 0 0 0 0 0 0 3 0 0 0 0 0 31 0 0 0 0 0 0 0 0 0 0 0 0 0 0 0 2 0 0 0 0 0 0 0 0 0 0 0 0 0 
 2 4 2 89 75 2 2 2 3 2 2 2 2 2 38 2 2 2 5 7 340 0 263 186 45 114 137 166 142 107 117 180 131 198 37 160 130 256 193 195 2 3 3 0 3 0 0 0 0 0 0 0 0 0 3 0 0 15 0 1 0 0 3 0 0 5 1 2 0 3 0 1 3 3 2 0 0 0 0 3 0 0 0 0 0 9 0 0 0 0 0 1 0 0 11 0 0 0 0 0 0 7 33 1 15 0 11 30 11 11 0 31 0 10 0 11 41 6 0 29 0 0 0 0 0 0 14 0 0 0 0 0 0 2 0 0 0 0 0 25 0 0 0 0 0 0 0 0 1 0 0 0 4 0 0 0 0 6 0 0 0 0 0 1 9 13 0 0 0 0 16 10 0 0 0 0 0 0 0 0 0 10 20 5 14 17 0 7 34 44 0 7 10 11 26 31 25 0 24 0 46 0 0 0 0 0 0 0 13 0 0 0 1 0 0 0 0 0 18 16 0 1 0 0 0 0 0 0 0 0 0 0 0 0 0 0 0 0 0 1 0 0 1 0 0 0 0 1 0 0 0 0 1 0 10 0 0 0 15 0 21 0 0 0 0 0 0 0 0 0 0 0 0 0 0 0 0 0 0 0 0 0 0 0 4 0 8 0 0 0 
 0 2 0 0 0 23 0 0 0 1 0 1 0 0 0 0 0 0 3 0 128 263 0 273 214 117 151 70 167 149 252 48 110 80 43 74 203 127 61 53 1 3 3 2 3 2 0 2 0 0 1 2 2 2 5 62 0 4 0 0 1 0 1 0 0 0 0 49 0 9 0 2 3 0 2 2 0 0 0 10 0 0 0 0 0 0 0 0 0 0 0 0 0 0 0 0 0 0 0 0 6 10 29 0 1 0 21 29 0 9 28 20 0 10 9 24 36 7 0 11 0 0 0 0 0 0 20 0 34 2 0 0 0 0 0 0 0 0 14 39 0 0 0 0 0 0 0 0 0 0 1 0 4 3 0 0 0 0 0 0 0 0 0 0 0 0 0 0 0 0 0 0 0 0 0 0 0 0 2 0 15 0 9 0 5 0 11 3 0 65 21 1 1 27 31 30 42 13 14 0 15 0 0 0 0 1 0 0 14 0 0 0 29 0 0 0 0 0 6 28 1 0 0 0 0 0 0 0 0 0 0 0 0 0 0 0 0 0 0 0 0 0 0 0 0 0 0 0 0 0 0 0 0 0 12 0 2 86 1 0 15 0 0 0 0 0 12 0 0 0 0 2 0 0 0 0 0 0 0 0 0 0 0 0 1 0 0 0 0 0 
 0 4 0 0 0 2 0 0 0 2 0 0 0 0 0 0 1 0 0 0 150 186 273 0 98 36 115 210 143 59 269 141 117 318 38 331 161 191 150 127 1 0 0 0 0 0 67 4 2 0 0 0 0 0 2 1 0 2 66 68 0 0 2 0 0 0 3 0 6 5 52 1 1 6 0 0 0 0 0 17 1 0 0 0 0 0 0 0 0 0 0 0 0 0 0 0 0 0 1 0 0 9 17 12 50 0 12 0 0 13 0 10 1 0 1 0 12 46 0 23 0 0 0 0 0 0 15 0 5 2 0 0 0 0 10 0 0 8 20 49 0 0 0 0 4 1 0 0 0 0 0 0 0 0 0 0 0 0 0 0 0 0 0 0 0 0 0 3 0 0 0 0 0 0 0 0 0 0 1 0 1 0 15 10 11 0 0 9 36 16 0 13 2 0 30 0 8 9 18 0 0 0 0 0 0 2 22 11 0 0 0 0 11 12 0 0 0 0 13 0 2 0 0 0 0 0 0 0 0 0 0 0 0 0 0 0 0 0 0 0 0 0 3 0 0 0 1 0 0 0 0 0 0 0 0 0 0 45 1 1 25 0 0 0 0 0 10 0 0 0 0 1 0 0 0 0 0 0 0 0 0 0 0 0 2 0 0 0 0 0 
 0 0 0 0 0 0 15 0 0 0 0 0 0 0 0 0 0 2 0 0 182 45 214 98 0 283 48 330 240 154 191 142 509 148 92 154 83 115 293 145 0 3 3 35 65 0 0 0 0 0 0 62 0 0 3 0 0 0 69 0 0 0 1 0 3 3 0 2 0 3 0 1 3 0 3 0 1 0 0 3 0 0 0 0 1 0 0 0 0 0 0 0 0 0 2 0 0 0 0 0 7 15 47 0 14 32 9 0 13 17 23 0 0 1 10 15 0 0 0 19 3 16 0 12 0 0 0 9 0 0 0 0 37 0 0 15 0 0 10 0 0 0 0 0 0 0 0 0 0 0 2 0 0 4 2 0 0 0 0 10 0 0 0 0 0 0 0 0 0 0 0 0 0 0 0 0 0 0 0 0 32 11 26 40 26 22 15 16 20 21 0 53 0 0 11 17 17 18 6 0 0 0 9 0 0 15 14 0 0 1 0 0 52 0 0 0 0 0 1 15 0 0 1 0 0 0 0 0 0 13 2 8 0 0 0 0 0 0 0 0 0 0 0 0 0 0 0 0 0 0 0 0 0 2 7 3 3 14 4 2 23 0 0 0 0 0 0 0 0 0 0 0 0 0 0 0 0 2 0 9 0 0 0 0 0 9 9 0 0 0 
 2 2 1 0 1 1 1 0 1 0 0 2 1 0 0 1 0 1 1 1 89 114 117 36 283 0 60 103 123 276 231 248 249 54 44 86 50 200 136 40 62 3 9 0 3 0 62 0 0 0 0 0 58 0 59 62 0 7 0 6 4 6 2 6 0 0 0 2 0 3 0 4 2 6 0 0 6 15 0 7 1 2 1 0 0 0 0 0 0 0 0 0 0 0 0 0 0 0 0 0 0 0 0 44 0 17 0 14 0 21 0 7 0 0 9 13 10 0 0 0 15 0 13 0 0 0 11 46 0 0 0 0 21 12 0 0 0 0 1 11 0 0 0 1 0 0 0 0 0 0 0 0 0 0 0 0 0 0 0 0 0 0 0 0 0 0 0 1 0 0 0 0 0 18 0 0 2 0 0 0 0 0 0 19 15 18 12 21 0 15 0 20 0 0 0 16 0 6 0 0 26 26 0 0 0 0 0 0 0 12 0 0 0 19 80 0 0 0 29 0 0 0 0 0 6 2 0 0 0 0 0 3 0 0 1 0 0 0 0 0 0 0 0 0 0 0 0 0 0 0 1 0 0 0 12 0 3 75 41 1 1 1 0 0 0 0 0 0 0 0 0 0 1 0 0 1 0 0 0 0 0 0 0 0 0 0 0 0 0 1 
 1 75 0 77 76 5 0 0 73 63 77 0 1 0 0 286 0 151 0 0 216 137 151 115 48 60 0 382 204 46 380 438 165 139 100 329 129 31 443 256 0 3 5 7 5 3 0 3 0 0 3 0 2 0 68 0 0 0 18 0 0 0 3 0 0 0 0 2 0 3 0 1 3 0 1 0 0 0 1 3 0 1 2 0 8 43 0 0 9 16 0 0 0 10 0 0 0 0 2 1 0 9 11 33 23 12 62 19 10 0 3 11 12 50 27 18 37 22 0 31 0 0 0 0 2 0 0 0 0 0 0 2 2 0 0 0 0 0 0 0 0 0 0 2 0 0 0 19 0 0 0 0 6 0 0 0 0 17 0 0 1 0 0 1 21 36 0 1 0 12 11 29 0 0 0 0 0 0 0 0 12 9 11 12 0 0 0 10 16 47 16 0 27 59 52 2 15 10 31 37 0 0 0 0 0 0 0 0 0 0 0 0 0 0 0 0 0 0 0 0 0 0 7 0 0 0 0 0 0 0 0 0 0 0 2 0 0 0 0 0 0 0 0 0 0 0 0 0 0 0 6 0 0 0 76 1 0 2 0 1 29 0 0 0 0 0 0 0 0 0 0 0 0 0 0 0 0 0 0 0 0 0 0 0 0 0 0 0 0 0 
 0 2 0 0 0 75 72 0 0 0 0 78 0 0 0 0 0 1 3 0 259 166 70 210 330 103 382 0 331 331 158 31 142 217 435 50 109 58 78 214 0 3 3 0 3 65 0 0 0 0 0 27 0 0 3 0 0 58 0 3 0 10 0 0 6 0 0 2 0 14 11 2 3 0 0 10 11 0 0 3 0 0 0 0 0 0 0 0 0 0 0 0 0 0 0 0 0 0 0 0 3 38 25 0 11 0 18 30 43 0 33 9 8 20 0 0 12 12 0 7 0 0 0 0 1 0 12 0 0 0 0 0 0 0 0 0 0 0 3 12 0 0 0 0 0 0 0 0 0 0 0 0 1 0 0 11 0 1 0 0 0 0 0 0 0 0 0 0 0 4 0 0 0 0 0 0 0 0 0 0 21 8 12 3 13 0 4 13 9 19 9 1 14 0 13 20 8 48 17 11 0 0 0 0 0 0 0 0 0 0 0 1 15 0 0 0 0 0 0 0 0 0 0 0 0 0 0 0 0 0 0 0 0 0 0 0 0 0 0 0 0 0 6 0 0 76 0 0 0 0 0 0 0 0 11 0 0 0 0 1 8 0 0 0 0 0 4 1 0 0 0 0 0 0 0 0 0 0 0 2 0 0 0 0 0 7 0 0 0 0 
 0 1 0 0 0 0 1 75 0 0 0 0 23 0 0 0 0 0 0 0 83 142 167 143 240 123 204 331 0 267 337 333 250 163 227 279 194 62 286 138 0 3 3 0 3 0 2 0 0 0 0 0 62 1 65 0 0 10 0 0 0 0 2 0 2 9 0 2 0 3 0 2 2 0 0 0 0 0 0 3 12 0 0 0 0 0 0 0 0 0 0 0 0 0 0 0 0 0 0 0 0 11 11 31 15 15 11 27 10 5 80 25 0 11 8 0 41 0 1 6 15 0 0 0 0 0 20 0 0 0 0 0 0 0 0 0 0 0 0 9 0 0 0 9 0 0 0 0 0 0 0 0 0 0 0 24 0 0 0 0 0 0 0 0 0 0 0 0 0 0 0 0 0 0 0 0 0 0 0 0 12 12 13 0 0 2 1 1 0 23 0 1 0 12 26 20 8 11 14 0 15 14 0 0 0 0 0 0 18 0 0 0 16 20 0 15 0 0 19 1 0 0 0 0 19 0 0 0 0 0 0 0 0 20 0 0 0 0 0 0 0 0 0 0 0 0 0 0 0 0 0 0 0 0 12 0 2 0 4 1 10 11 0 0 0 0 0 0 0 0 0 0 0 0 0 0 0 0 0 12 0 5 0 0 0 12 0 0 0 0 
 1 2 0 0 96 0 0 0 0 0 0 0 0 0 0 0 0 0 0 0 176 107 149 59 154 276 46 331 267 0 65 208 126 159 188 188 81 148 259 217 0 2 3 0 3 0 0 0 0 0 0 0 0 0 3 0 0 0 0 0 50 0 1 0 0 4 0 2 0 8 0 1 3 0 0 0 0 0 0 3 0 0 0 0 0 0 0 0 0 0 0 0 0 0 0 0 0 0 0 0 31 3 32 1 14 10 11 13 19 20 62 1 0 0 10 29 1 0 10 31 11 0 0 0 0 0 0 1 0 0 0 0 0 0 33 0 0 0 11 0 0 0 0 7 0 0 0 0 0 0 0 0 0 0 0 0 0 0 0 0 0 0 0 0 0 2 0 0 0 1 0 0 0 0 10 0 0 0 0 0 0 2 73 58 18 14 31 35 12 0 14 22 33 12 23 10 18 22 0 0 36 8 0 0 0 0 0 0 24 0 0 0 1 0 0 0 0 0 10 27 0 0 0 0 0 0 0 0 0 0 0 0 10 0 0 0 0 0 0 0 0 0 0 0 0 2 0 0 0 0 0 0 0 0 7 0 0 3 10 2 21 2 0 0 0 0 0 0 0 0 0 0 0 0 0 0 0 0 0 0 0 7 0 0 0 0 14 0 0 0 
 0 2 0 0 0 0 74 0 0 0 2 0 0 0 0 0 0 0 0 0 153 117 252 269 191 231 380 158 337 65 0 457 94 42 44 406 416 249 54 159 0 3 65 0 3 0 64 63 0 0 0 1 72 0 3 0 0 1 38 0 0 0 2 0 0 0 0 2 0 3 0 1 2 0 0 2 0 0 0 6 0 0 5 1 0 0 0 0 0 0 0 0 0 0 0 0 0 18 0 0 5 28 21 21 22 23 47 0 0 15 19 20 9 10 9 16 0 36 10 33 0 0 0 0 0 0 7 0 10 0 0 10 2 11 9 0 0 0 9 32 0 0 1 3 0 0 0 0 0 0 0 0 0 0 1 4 0 0 2 1 0 0 0 0 0 0 0 0 0 0 0 0 0 0 0 0 0 10 0 1 13 0 19 35 3 0 15 16 0 25 0 37 0 0 51 17 30 14 0 0 0 2 0 0 0 0 0 14 0 4 0 0 24 0 14 14 0 62 2 8 0 0 0 0 0 0 0 0 0 0 0 0 0 0 0 0 2 0 0 0 0 0 0 0 0 0 0 0 0 0 0 0 0 1 19 1 3 77 1 2 19 53 0 0 0 0 0 0 0 0 0 0 0 0 0 0 0 1 0 0 0 14 0 0 0 0 0 0 0 0 
 0 0 1 0 0 64 0 0 2 0 0 0 0 77 0 0 0 0 0 1 71 180 48 141 142 248 438 31 333 208 457 0 162 112 141 158 217 110 44 52 0 3 26 0 3 20 0 0 0 0 0 1 85 0 64 0 0 1 0 62 0 0 0 0 0 4 50 2 0 3 0 4 3 1 0 0 0 0 0 3 0 0 0 7 0 0 0 0 0 0 0 0 2 0 0 0 0 0 0 0 0 0 12 36 5 11 11 0 0 17 35 25 0 0 0 0 32 8 0 7 15 0 11 0 0 1 2 2 0 0 0 0 0 0 10 0 0 0 11 0 0 0 0 5 0 0 2 0 0 0 0 0 0 0 0 4 0 0 0 0 2 0 0 0 0 0 0 0 0 0 0 0 0 0 2 0 0 0 0 0 0 0 10 4 9 28 3 1 14 36 17 34 0 52 29 1 9 1 19 1 14 11 40 0 0 0 0 0 0 0 0 0 25 12 9 11 1 0 41 18 0 0 0 0 12 0 0 0 0 0 0 0 1 0 0 0 0 0 0 0 0 0 0 0 0 0 0 0 0 0 0 0 0 0 7 15 2 7 74 2 11 2 0 0 0 0 0 0 0 0 0 0 0 0 0 0 0 0 0 0 0 10 0 0 0 0 0 0 0 0 
 0 0 0 0 0 0 2 0 1 0 0 1 0 0 0 0 0 0 0 0 40 131 110 117 509 249 165 142 250 126 94 162 0 98 177 22 96 27 87 219 0 1 3 0 0 4 0 2 2 0 3 5 0 0 0 0 4 7 1 3 2 3 2 0 0 0 3 0 1 0 3 2 0 3 2 3 2 0 0 2 0 0 0 0 0 0 0 0 0 0 0 0 0 0 0 0 0 0 0 0 30 18 19 19 19 6 33 10 1 1 50 9 0 9 15 2 48 19 0 26 0 0 0 0 0 0 0 0 0 0 0 0 9 0 0 0 0 0 0 0 0 0 0 0 0 0 0 0 0 0 5 0 0 15 0 0 0 0 0 0 0 0 0 0 0 0 0 0 0 0 0 0 24 0 0 0 0 0 0 0 54 3 13 9 23 0 11 5 13 50 0 32 13 14 18 1 10 25 18 13 0 0 15 0 0 0 0 0 0 0 0 0 18 0 0 0 0 0 0 0 0 0 0 0 0 0 0 0 0 0 0 0 0 0 0 0 0 0 0 0 0 0 0 0 0 0 0 0 0 0 0 0 0 0 20 0 1 78 0 2 30 0 0 0 0 0 0 0 0 0 0 0 0 0 0 0 0 0 0 2 0 0 0 0 0 0 0 0 0 0 
 0 0 0 1 75 1 0 0 2 69 65 76 0 2 0 101 0 155 0 1 38 198 80 318 148 54 139 217 163 159 42 112 98 0 317 201 194 28 179 182 3 8 3 0 3 2 0 0 0 0 4 3 0 3 8 0 5 0 0 0 0 0 0 3 0 0 0 2 0 4 0 1 6 0 0 0 0 0 0 5 0 0 0 14 8 19 0 0 1 0 44 0 0 10 0 0 0 0 0 0 0 20 0 30 21 0 36 1 40 6 4 10 21 6 10 12 36 28 24 10 0 0 0 0 0 0 0 0 0 0 0 0 0 0 0 0 0 0 2 0 0 0 0 6 0 0 0 0 0 0 0 0 0 2 0 0 0 0 0 0 0 0 0 0 0 23 0 0 0 0 12 0 0 0 0 0 0 0 0 0 9 1 0 21 2 0 12 0 33 18 0 19 13 16 14 0 13 39 19 14 8 15 0 2 0 0 0 0 0 0 0 0 0 0 0 0 1 10 0 0 0 1 0 0 0 0 0 0 0 0 0 0 0 0 0 0 1 0 0 2 0 0 1 0 0 0 0 0 0 0 6 0 0 0 15 0 0 77 0 2 2 0 0 0 0 0 0 0 0 0 0 1 0 0 0 0 0 0 0 0 0 0 0 2 0 0 0 0 0 0 
 2 4 2 76 72 82 3 3 3 2 2 96 4 3 3 2 3 4 3 3 32 37 43 38 92 44 100 435 227 188 44 141 177 317 0 43 48 114 266 225 0 3 5 0 3 0 0 0 0 0 0 0 0 0 3 0 6 0 0 1 0 0 1 0 0 0 0 2 0 3 0 32 3 0 0 0 0 0 0 3 0 0 0 14 0 12 0 0 0 1 21 0 0 0 0 0 0 0 0 0 20 21 2 32 19 0 8 39 32 8 20 0 16 2 1 9 1 32 20 1 11 0 0 0 0 0 0 0 2 1 0 0 0 0 0 0 0 0 10 0 0 0 0 21 0 2 0 0 0 0 9 0 0 0 0 0 0 0 0 0 0 0 0 3 15 10 10 0 0 0 14 0 0 0 0 2 0 0 0 0 1 42 0 27 0 0 42 0 2 3 18 1 35 35 27 18 1 36 0 27 8 8 0 0 0 0 0 0 0 0 0 0 0 0 0 0 0 0 10 0 1 0 0 0 0 0 0 0 0 0 0 0 0 0 0 0 0 0 0 0 0 0 0 0 0 0 0 0 0 0 0 0 0 0 6 0 0 2 0 0 3 0 0 0 0 0 0 0 0 0 0 2 0 0 0 0 0 0 0 15 0 8 0 0 0 11 1 0 0 0 
 2 2 2 2 0 2 18 1 1 0 118 0 2 1 1 1 1 1 3 1 30 160 74 331 154 86 329 50 279 188 406 158 22 201 43 0 183 281 89 57 2 3 3 0 3 0 2 1 1 1 1 0 32 0 3 5 0 0 2 0 1 2 2 0 0 10 0 5 0 3 0 1 2 0 0 3 0 2 3 3 0 0 0 0 0 0 0 0 0 0 0 0 0 0 0 0 0 0 10 0 0 8 5 8 9 13 0 0 10 7 0 21 0 0 0 0 14 13 12 0 14 0 0 0 0 0 0 0 0 0 0 0 0 0 0 0 0 0 0 2 0 0 0 4 0 0 0 3 0 0 0 0 1 0 0 12 0 1 0 0 0 0 0 0 0 0 0 11 0 0 0 0 0 11 1 0 0 0 0 0 0 0 19 0 30 12 0 0 61 10 10 0 0 0 0 0 0 13 12 0 0 0 0 0 0 0 0 0 0 0 0 0 0 0 0 27 0 0 9 0 0 0 0 0 0 0 0 0 0 0 0 0 0 0 0 0 0 0 0 0 0 0 0 0 0 0 0 0 2 1 0 0 0 0 2 0 0 0 0 1 1 12 0 0 0 0 0 0 0 0 0 1 0 0 0 0 0 0 0 0 0 6 0 0 0 0 11 0 0 1 
 3 3 3 3 3 3 7 3 2 3 3 4 6 3 3 3 3 5 3 3 128 130 203 161 83 50 129 109 194 81 416 217 96 194 48 183 0 79 151 125 0 6 6 1 3 0 2 1 0 0 0 0 33 0 6 2 11 0 0 1 0 5 0 0 0 0 0 8 0 3 0 1 3 0 0 0 0 0 2 10 0 0 0 1 0 0 0 0 0 0 13 0 0 0 0 0 0 0 0 0 8 27 19 19 31 8 12 1 21 0 0 18 10 14 0 1 15 16 41 11 13 0 0 0 0 0 0 0 10 0 0 0 0 3 0 0 0 0 10 7 0 0 0 3 0 0 0 0 0 0 0 0 1 0 0 3 0 0 0 0 0 0 0 0 0 1 0 0 0 0 0 0 0 0 0 0 0 0 0 0 27 13 9 0 0 0 0 0 37 11 0 2 0 0 0 18 37 31 19 0 0 0 0 0 0 0 0 0 0 0 0 1 16 0 0 10 0 6 9 18 0 0 0 0 0 0 0 0 0 0 0 0 0 0 0 2 0 0 0 0 0 0 0 0 0 0 0 0 0 0 0 0 0 0 22 0 1 20 0 2 3 11 0 0 0 0 9 0 0 0 0 0 0 0 0 16 0 0 0 34 0 17 0 0 0 10 0 0 0 0 
 0 0 0 0 0 3 0 0 3 2 0 9 0 0 0 0 3 0 0 0 120 256 127 191 115 200 31 58 62 148 249 110 27 28 114 281 79 0 40 67 0 3 3 208 3 0 0 0 0 0 0 0 61 0 65 0 0 0 0 66 0 0 0 0 1 0 0 2 0 10 0 0 3 0 0 0 0 0 0 10 2 0 0 0 0 0 0 0 0 0 0 0 0 0 0 0 7 0 0 0 14 0 17 14 35 0 0 0 12 32 0 11 0 0 0 0 0 20 13 0 26 0 12 0 0 0 0 15 8 0 0 10 7 0 0 0 0 0 67 10 0 0 0 0 23 0 0 0 0 1 2 0 0 5 0 0 0 0 0 0 0 0 0 0 0 0 0 0 0 0 7 0 0 0 0 0 0 0 1 0 19 0 10 16 46 15 0 1 71 0 0 33 2 0 13 0 0 4 0 0 12 73 0 0 0 2 0 0 1 0 0 0 19 12 33 0 0 0 12 0 0 0 0 0 0 0 2 0 0 0 0 0 0 0 0 0 0 0 0 0 0 0 9 0 0 0 0 0 0 0 0 0 0 0 21 0 2 84 76 1 3 2 0 0 0 0 6 0 0 0 0 0 0 0 0 0 0 0 0 0 0 14 0 0 0 0 0 0 0 0 
 1 75 2 3 3 77 3 5 88 77 107 150 2 3 4 3 1 80 3 1 134 193 61 150 293 136 443 78 286 259 54 44 87 179 266 89 151 40 0 151 2 4 7 5 5 2 2 5 0 1 2 0 2 2 6 2 2 2 3 3 0 0 0 2 2 26 0 2 1 4 0 2 5 3 2 0 0 2 0 4 0 0 0 0 14 13 0 0 0 14 0 0 1 16 0 0 0 0 0 0 0 14 0 0 11 0 20 11 48 0 0 10 80 11 12 1 26 24 19 7 0 0 0 0 0 2 0 0 0 0 0 0 0 0 0 0 0 0 0 0 0 0 0 0 0 3 1 0 0 0 0 0 0 0 0 0 0 0 1 8 0 0 0 11 7 2 0 0 0 11 21 8 0 0 1 0 0 0 0 0 13 18 12 0 0 0 0 0 24 21 6 1 17 12 1 7 0 26 19 24 2 0 0 0 0 0 0 0 0 0 0 0 0 0 0 0 2 0 0 0 0 0 0 0 0 0 0 0 0 0 10 0 2 0 0 0 0 0 0 1 0 0 0 0 0 0 2 0 0 0 2 0 0 0 2 1 4 1 0 1 9 0 0 0 0 0 0 0 0 0 0 0 0 0 0 0 0 0 0 0 0 0 0 0 0 0 0 0 0 0 
 0 0 0 34 114 88 1 0 0 0 0 82 0 75 0 0 0 0 0 0 90 195 53 127 145 40 256 214 138 217 159 52 219 182 225 57 125 67 151 0 0 3 3 1 3 0 2 0 0 0 30 0 0 0 3 0 3 0 0 0 0 0 1 0 0 0 0 2 0 3 0 5 3 0 0 0 0 0 0 3 0 0 0 13 0 23 0 0 0 0 12 19 0 0 0 0 0 0 0 0 12 34 60 32 19 0 32 21 41 0 30 9 13 20 0 13 14 9 1 28 0 0 0 0 0 0 0 0 0 0 0 0 0 0 0 0 0 0 0 0 0 0 0 0 0 0 0 0 0 0 0 0 4 0 0 0 0 8 0 11 0 0 0 14 19 15 0 0 0 0 9 21 0 0 0 0 0 0 0 0 0 14 23 12 0 0 24 22 1 24 13 1 32 16 31 50 28 11 24 26 0 0 0 0 0 0 0 0 0 0 0 0 1 1 0 0 0 12 0 0 0 0 0 0 19 0 0 0 0 0 0 0 0 0 0 0 0 0 0 0 0 0 0 0 0 0 0 0 0 0 0 0 0 0 15 0 0 0 1 0 7 0 0 0 0 0 0 0 0 0 0 0 0 0 0 0 0 0 0 10 0 0 0 0 0 15 0 0 0 0 
 0 0 0 0 0 0 0 3 0 0 0 0 0 0 0 0 0 0 0 0 0 2 1 1 0 62 0 0 0 0 0 0 0 3 0 2 0 0 2 0 0 179 143 300 300 31 333 280 167 108 137 99 106 66 116 142 98 94 97 123 0 15 0 0 0 2 0 0 0 7 9 0 0 0 0 0 6 23 49 0 0 0 0 0 0 0 0 0 0 0 0 0 0 0 0 0 0 0 0 0 0 0 0 0 0 16 0 0 15 0 0 0 0 0 0 0 0 0 0 0 7 0 25 9 0 8 5 49 0 39 15 8 19 7 21 23 24 41 11 0 0 1 0 0 0 0 0 0 0 7 2 9 0 0 0 0 0 27 0 0 0 0 0 0 0 0 0 0 0 0 0 0 0 0 1 0 0 0 0 0 0 0 0 0 0 4 0 0 0 0 0 0 0 0 0 0 0 0 0 0 19 15 0 0 0 18 26 0 16 21 11 0 0 27 30 12 22 24 15 0 0 0 23 0 3 0 15 0 0 0 4 7 0 0 0 0 0 0 21 0 0 0 10 0 0 0 0 0 0 0 0 5 0 0 0 0 0 0 0 0 0 0 1 67 2 1 8 68 0 0 2 0 0 0 0 7 0 0 0 0 0 0 0 0 28 0 0 0 0 0 
 0 0 0 0 0 0 0 0 2 0 0 0 0 0 0 0 0 0 0 0 3 3 3 0 3 3 3 3 3 2 3 3 1 8 3 3 6 3 4 3 179 0 101 150 153 41 68 162 134 91 143 53 133 146 122 48 74 56 38 291 0 0 2 0 0 0 0 7 13 5 0 0 2 0 0 0 2 2 0 2 0 0 0 0 0 0 0 0 0 0 0 0 0 0 0 0 0 0 0 0 0 0 0 0 0 6 0 0 0 0 0 0 0 0 0 0 0 0 0 0 0 2 14 65 0 9 5 20 14 7 31 31 10 6 58 19 22 39 0 0 0 0 0 0 0 0 0 0 0 8 0 16 0 0 3 0 0 25 14 1 0 0 0 0 0 0 0 5 0 0 0 0 0 7 0 0 0 0 0 0 0 0 0 0 0 7 0 0 0 0 0 0 0 0 0 0 0 0 0 0 73 0 23 55 1 0 26 20 0 7 15 0 0 0 0 30 21 22 0 0 0 0 33 0 0 0 15 0 0 0 2 8 7 0 3 0 0 0 41 19 0 0 0 0 0 0 0 0 0 0 0 9 0 1 0 0 0 0 0 2 0 0 2 0 5 2 9 0 2 0 3 0 0 0 0 7 0 0 0 0 0 0 0 0 44 2 0 1 2 16 
 0 0 0 2 1 4 0 31 3 0 2 2 0 0 0 0 0 4 0 0 3 3 3 0 3 9 5 3 3 3 65 26 3 3 5 3 6 3 7 3 143 101 0 244 346 388 113 109 520 36 32 69 56 306 125 66 115 126 69 339 0 0 0 0 1 0 0 0 0 0 0 1 22 0 0 49 0 0 0 0 0 0 0 36 0 0 0 0 0 0 2 0 0 0 0 0 0 0 0 0 0 1 0 0 0 0 0 0 0 0 0 0 0 2 21 0 0 0 0 0 10 15 0 10 8 16 0 0 4 45 0 0 10 6 0 0 8 39 0 0 21 0 20 0 0 0 0 0 0 0 0 0 0 0 20 0 0 0 9 20 0 0 0 0 9 0 0 0 0 5 3 6 0 0 0 0 0 10 0 0 3 1 0 0 0 9 1 0 0 0 0 0 0 0 0 0 0 0 0 5 0 0 14 13 21 15 0 20 0 1 53 17 6 0 9 0 26 2 0 4 0 2 0 0 0 0 0 0 26 0 0 0 0 0 0 0 0 0 25 30 0 0 0 0 0 0 0 0 0 0 0 6 0 15 0 0 0 0 0 21 0 0 2 4 3 0 4 0 0 0 0 0 0 2 0 0 0 0 0 0 0 0 0 0 2 0 0 25 1 0 
 0 38 0 0 0 0 2 0 2 0 4 0 0 1 0 0 1 3 0 0 0 0 2 0 35 0 7 0 0 0 0 0 0 0 0 0 1 208 5 1 300 150 244 0 456 28 96 194 196 82 237 435 114 205 282 174 256 85 90 136 0 0 0 0 0 0 0 0 9 0 0 0 0 49 0 0 0 0 0 0 0 0 0 0 1 0 0 0 0 2 0 0 0 0 0 0 0 1 1 0 0 0 0 0 0 0 0 0 0 0 0 0 0 3 2 0 0 0 0 0 10 43 0 28 0 9 0 0 13 57 0 18 0 12 12 10 40 37 0 0 0 0 0 0 0 0 0 0 0 0 0 0 14 0 0 0 0 12 13 11 0 0 0 0 4 0 0 0 1 15 0 5 0 0 0 0 0 0 0 0 1 0 0 0 0 7 8 0 0 9 0 0 0 4 0 0 0 0 0 0 0 0 14 14 0 14 0 27 0 0 21 1 6 0 9 31 32 1 0 6 0 0 0 0 0 0 0 0 0 0 0 12 0 0 0 0 0 0 23 11 0 0 0 0 0 0 0 0 0 0 0 8 0 1 0 0 0 0 0 0 0 1 2 80 2 0 3 1 0 0 0 0 0 0 0 0 0 0 0 0 0 0 0 0 3 11 0 13 2 0 
 0 0 0 0 0 0 0 1 0 0 0 0 0 0 0 0 0 0 0 0 3 3 3 0 65 3 5 3 3 3 3 3 0 3 3 3 3 3 5 3 300 153 346 456 0 361 43 194 151 140 221 505 114 153 50 142 87 349 303 547 0 0 0 0 0 0 0 0 6 0 9 0 0 0 0 0 0 0 52 10 0 0 0 0 34 0 0 0 0 0 0 0 0 0 0 0 0 0 13 0 0 0 0 0 0 0 0 0 0 0 0 0 0 0 0 0 0 0 0 0 0 21 8 18 0 22 0 0 1 39 14 18 0 1 8 17 19 48 0 0 0 1 0 0 0 0 0 1 0 0 0 0 14 8 0 0 0 19 32 0 0 0 0 0 0 0 0 0 0 0 0 0 0 0 1 0 0 0 0 0 0 0 0 0 15 0 0 0 0 0 0 0 0 0 1 0 0 0 0 0 0 0 1 1 3 22 0 20 0 0 7 0 0 0 0 30 17 32 0 1 0 17 0 0 0 0 9 0 0 0 0 0 21 8 14 0 0 0 31 17 0 0 0 0 0 0 0 0 0 0 0 15 0 0 0 0 0 0 0 1 0 0 2 95 0 8 4 5 2 0 0 11 0 0 0 0 3 8 0 0 0 0 0 0 4 12 0 0 2 1 
 2 35 1 2 2 1 0 61 3 0 0 0 0 1 1 0 1 0 3 1 0 0 2 0 0 0 3 65 0 0 0 20 4 2 0 0 0 0 2 0 31 41 388 28 361 0 36 132 279 120 272 424 25 39 40 133 77 66 60 50 0 0 0 0 0 0 0 0 0 0 0 0 0 0 0 0 0 0 2 53 0 3 25 6 0 0 0 0 0 0 0 0 0 0 20 0 15 0 13 0 0 0 0 0 0 0 0 0 0 0 0 0 0 0 0 0 0 0 0 0 0 0 26 0 7 11 0 6 0 0 10 0 0 0 0 3 0 0 0 0 9 7 29 0 0 0 0 0 0 0 0 0 0 10 4 4 0 0 11 13 0 0 0 0 0 0 0 0 3 0 0 0 4 3 19 0 9 0 2 0 0 0 0 0 0 0 0 3 0 0 0 0 0 0 0 0 0 0 0 0 0 0 0 1 47 20 0 0 6 9 6 20 0 0 0 0 1 0 10 0 0 9 0 1 0 0 10 0 0 0 0 0 0 0 0 0 8 0 15 11 0 0 0 0 0 0 0 0 2 0 0 7 0 0 0 0 0 0 0 10 0 0 62 63 1 7 5 0 1 0 12 0 0 0 0 0 0 0 0 0 0 0 0 0 0 1 0 0 2 0 
 3 3 3 3 3 3 73 3 5 3 3 3 6 3 3 3 3 3 3 3 0 0 0 67 0 62 0 0 2 0 64 0 0 0 0 2 2 0 2 2 333 68 113 96 43 36 0 89 340 94 38 91 79 256 31 54 39 33 66 113 0 5 2 0 0 0 0 3 0 3 5 2 2 0 0 3 0 4 0 2 0 0 0 0 0 0 0 0 0 0 0 1 0 1 0 0 0 15 0 0 0 0 0 0 11 5 0 0 0 1 0 0 1 0 0 0 0 0 0 24 11 23 7 1 0 0 17 20 1 11 0 0 35 9 24 0 10 12 0 7 0 0 0 0 15 0 0 0 0 0 0 0 3 0 0 0 0 0 0 0 0 0 0 0 0 0 0 0 0 0 8 0 0 0 0 0 0 3 0 0 0 0 0 0 1 0 0 0 0 0 8 14 0 0 0 0 0 0 0 0 0 6 19 0 0 0 26 33 2 21 11 0 0 29 9 0 10 16 39 8 0 0 0 0 0 0 0 0 0 0 0 0 0 0 0 0 0 0 0 0 0 0 6 0 0 0 0 0 0 0 0 8 0 0 0 0 0 0 1 0 0 0 0 0 1 4 2 1 0 0 2 0 0 0 0 0 0 0 0 0 0 0 0 0 0 0 0 11 0 0 
 0 0 0 0 0 0 0 0 0 0 0 0 0 0 0 0 0 0 0 0 0 0 2 4 0 0 3 0 0 0 63 0 2 0 0 1 1 0 5 0 280 162 109 194 194 132 89 0 280 107 86 29 81 184 125 46 40 128 279 40 0 0 1 1 0 0 3 4 3 15 3 0 0 3 0 0 8 5 1 0 0 0 0 0 0 0 0 0 0 0 0 0 0 0 0 0 0 0 0 0 0 0 19 0 0 3 0 0 0 0 0 0 1 0 0 0 0 0 0 0 0 0 7 7 0 0 0 44 0 0 20 1 63 3 28 29 0 29 0 0 0 0 3 0 0 0 0 0 0 4 0 1 0 0 0 0 0 0 18 0 0 0 0 0 0 0 0 0 0 0 0 0 0 0 0 0 0 0 0 0 0 0 0 0 0 8 0 0 0 0 0 0 0 0 0 0 0 0 0 0 18 0 28 22 19 15 29 5 25 14 0 48 0 0 0 12 9 0 0 0 0 0 9 0 1 0 15 0 0 0 3 4 8 0 0 0 7 0 0 46 0 0 0 0 0 0 0 0 0 0 0 7 0 0 0 1 0 0 0 46 0 0 66 8 1 4 4 0 0 0 14 0 0 0 0 2 0 0 0 0 0 0 0 0 0 22 0 0 2 0 
 0 0 0 0 0 0 0 0 2 0 0 2 0 0 0 0 0 0 0 0 0 0 0 2 0 0 0 0 0 0 0 0 2 0 0 1 0 0 0 0 167 134 520 196 151 279 340 280 0 125 172 128 93 152 144 179 165 101 165 171 0 13 0 0 0 0 0 0 0 0 8 0 0 0 0 0 5 20 0 0 0 0 0 0 0 0 0 0 0 0 0 0 0 0 0 0 0 0 0 0 0 0 0 0 0 9 0 0 0 0 0 0 0 0 0 0 0 0 0 0 18 7 21 9 6 8 12 21 16 52 14 16 10 18 0 7 53 70 0 0 0 1 0 0 0 0 0 0 0 0 0 0 1 0 0 0 0 19 1 0 0 0 0 0 0 0 0 0 0 0 0 0 0 0 1 0 0 0 0 0 0 0 0 0 0 0 54 0 0 0 0 0 0 0 0 0 0 0 0 0 0 20 11 5 0 18 8 5 10 27 25 1 0 61 0 17 18 19 10 11 0 0 0 0 0 0 3 0 0 0 0 0 0 0 0 0 0 0 19 0 0 0 11 0 0 0 0 0 0 0 0 3 0 0 0 0 0 0 0 1 0 0 2 67 1 0 0 70 0 0 0 0 0 0 0 0 0 0 0 0 0 0 0 0 10 13 0 12 2 0 
 0 0 0 0 0 0 0 0 0 0 0 0 0 2 0 0 0 0 0 0 0 0 0 0 0 0 0 0 0 0 0 0 0 0 0 1 0 0 1 0 108 91 36 82 140 120 94 107 125 0 133 30 99 295 70 142 175 183 173 130 0 35 1 0 51 0 23 0 0 0 8 0 0 0 0 0 0 15 0 53 0 0 0 0 0 0 0 0 0 0 0 0 0 0 0 0 0 0 0 0 0 0 0 13 0 9 0 0 0 0 0 0 0 0 0 0 0 0 0 0 15 1 26 1 0 3 8 42 3 43 25 4 15 11 0 8 4 76 0 0 17 7 0 0 0 0 3 0 0 0 16 0 0 9 0 0 9 0 0 0 0 0 0 0 0 0 0 7 0 0 0 0 0 0 3 0 0 0 0 0 0 0 0 0 0 0 0 0 0 0 0 0 0 0 0 0 0 0 0 0 0 25 0 6 46 0 3 4 25 32 8 0 0 27 7 0 1 17 15 0 7 26 0 0 0 0 6 0 0 0 0 0 23 54 5 0 0 0 54 0 0 0 14 0 0 0 0 0 0 0 0 13 0 1 0 0 0 0 0 0 0 0 2 0 0 0 0 72 0 0 11 0 0 0 0 0 0 0 0 0 0 0 0 0 40 0 0 0 2 0 
 0 0 0 0 0 0 0 0 0 0 0 0 0 0 0 0 0 0 0 0 0 0 1 0 0 0 3 0 0 0 0 0 3 4 0 1 0 0 2 30 137 143 32 237 221 272 38 86 172 133 0 105 243 134 331 94 261 102 54 121 6 13 5 0 0 54 5 0 36 0 0 4 7 1 2 0 0 0 1 0 0 0 0 0 0 0 0 0 0 0 0 0 0 0 0 0 0 0 0 0 0 0 0 0 0 0 0 0 0 0 0 0 0 0 0 0 0 0 0 0 0 4 17 26 0 5 7 0 27 7 21 7 0 0 0 17 22 64 0 0 11 5 22 0 6 0 0 3 5 0 0 0 0 0 0 0 0 34 15 1 0 0 0 0 0 0 0 6 0 0 0 0 0 0 0 0 0 0 0 0 0 0 0 0 0 0 0 0 0 0 0 0 0 0 0 0 0 0 0 0 0 0 31 66 1 5 0 22 7 0 13 10 0 1 0 44 47 6 0 0 0 0 0 1 0 5 10 0 0 0 0 0 7 0 2 0 13 0 16 3 0 0 0 0 0 0 0 0 0 0 0 12 0 0 0 0 0 0 0 8 0 0 0 4 78 1 0 0 2 0 2 0 0 0 0 0 0 0 0 0 0 0 0 0 6 7 0 17 2 0 
 0 0 0 0 2 4 63 0 0 0 0 0 0 0 0 0 0 2 3 0 0 0 2 0 62 0 0 27 0 0 1 1 5 3 0 0 0 0 0 0 99 53 69 435 505 424 91 29 128 30 105 0 55 31 78 288 398 209 126 26 76 58 0 4 0 0 0 54 2 1 2 0 49 0 0 0 1 1 0 1 0 0 0 0 0 0 0 0 0 0 0 0 0 0 0 0 0 0 0 0 0 0 0 0 0 0 19 0 0 0 0 0 0 0 0 0 0 0 0 0 15 22 0 8 13 13 0 0 0 12 6 12 0 0 8 8 1 50 0 3 0 0 0 0 0 3 0 0 0 0 0 0 6 0 0 16 0 0 20 0 0 0 0 0 0 0 0 0 0 0 0 0 0 0 0 0 0 0 0 0 0 0 0 0 0 0 0 0 0 0 0 0 0 0 0 0 0 0 0 0 0 0 16 0 0 24 0 24 10 0 4 10 0 0 0 8 27 1 0 0 0 0 0 0 0 0 0 11 2 0 0 0 14 10 0 9 0 0 0 15 0 0 0 0 0 0 0 0 0 0 0 4 0 0 0 0 0 0 0 20 0 0 6 19 2 6 2 63 4 0 0 0 0 0 0 0 0 0 0 0 0 0 0 0 2 0 0 14 1 0 
 0 0 0 0 0 0 29 141 0 0 0 0 0 0 0 0 5 0 0 0 0 0 2 0 0 58 2 0 62 0 72 85 0 0 0 32 33 61 2 0 106 133 56 114 114 25 79 81 93 99 243 55 0 79 453 28 364 75 116 115 0 6 0 0 0 0 0 6 5 0 2 0 0 0 0 0 0 4 3 0 0 0 0 0 0 0 0 10 0 0 23 0 0 0 0 0 0 0 0 0 0 0 0 4 0 24 0 0 7 0 0 25 0 0 0 0 0 12 0 0 21 30 41 16 0 21 12 12 10 19 33 16 9 13 5 5 0 29 13 0 0 0 0 7 0 0 0 0 0 0 0 0 17 0 0 5 0 0 15 0 0 0 0 0 0 0 0 4 0 0 0 0 0 5 0 0 0 0 0 0 0 0 0 0 12 8 0 0 6 0 0 7 0 0 0 1 0 0 0 0 26 13 14 11 0 0 1 3 20 8 8 0 11 10 10 26 0 0 8 0 0 0 0 0 0 0 0 0 0 0 23 0 0 0 0 0 0 0 0 0 0 0 0 0 0 0 1 0 0 0 0 11 0 2 0 0 0 60 0 0 0 33 0 0 0 2 0 65 0 0 0 0 0 0 0 0 0 0 0 0 0 12 2 0 0 0 0 0 0 0 
 0 0 0 0 0 0 0 0 0 0 0 0 1 0 0 0 0 0 0 0 0 0 2 0 0 0 0 0 1 0 0 0 0 3 0 0 0 0 2 0 66 146 306 205 153 39 256 184 152 295 134 31 79 0 220 316 23 34 231 158 0 0 0 0 51 0 9 0 2 0 0 1 0 6 2 0 0 0 7 0 0 0 0 0 0 0 0 0 0 0 0 0 0 0 0 0 0 0 0 0 0 0 0 0 0 7 0 0 0 0 0 0 0 0 0 0 0 0 0 10 0 0 0 21 40 0 1 0 35 0 17 19 0 28 22 31 9 18 8 40 0 0 0 4 1 0 0 0 13 0 0 0 15 8 0 1 4 2 10 0 0 0 0 0 0 0 0 0 0 0 2 0 0 0 0 0 6 0 0 0 7 0 0 0 0 7 0 0 0 0 11 0 0 0 0 0 0 9 0 0 0 20 12 27 1 0 71 29 43 1 7 18 11 1 8 2 38 12 0 29 1 0 0 5 0 0 0 0 0 0 0 0 8 0 7 4 0 0 21 10 0 0 0 0 0 0 0 0 0 2 0 3 0 2 0 0 0 0 0 1 0 0 0 0 66 17 2 1 0 0 0 0 0 0 0 0 0 0 0 0 0 0 0 0 0 9 0 1 0 0 
 37 1 0 0 0 0 62 31 3 0 0 0 1 0 1 0 0 62 1 1 3 3 5 2 3 59 68 3 65 3 3 64 0 8 3 3 6 65 6 3 116 122 125 282 50 40 31 125 144 70 331 78 453 220 0 57 39 77 77 399 0 86 0 0 0 0 0 0 5 0 0 0 0 0 1 0 0 0 0 0 0 0 0 0 0 0 0 0 0 0 0 0 0 0 0 0 0 0 0 21 0 0 0 0 0 9 0 0 0 0 0 7 0 0 0 0 0 0 0 0 0 43 31 12 0 0 1 12 7 0 0 10 9 8 8 7 8 25 13 0 0 0 0 0 0 0 0 0 0 0 0 0 14 0 0 0 0 0 13 0 0 0 0 0 0 0 0 0 0 0 0 9 0 0 0 0 0 0 10 0 0 0 0 0 12 17 0 0 10 0 0 9 0 0 0 0 0 0 0 0 11 12 0 16 0 0 1 36 0 0 13 0 6 10 19 13 69 2 0 7 0 0 0 0 0 0 0 0 0 0 0 0 0 0 0 0 0 0 13 6 0 0 1 0 0 0 0 0 0 1 0 9 0 2 0 0 0 61 0 2 0 0 2 0 1 4 0 1 0 0 0 0 0 0 0 0 0 0 0 0 0 0 0 0 0 6 0 0 0 0 
 3 3 3 3 3 3 7 4 6 7 3 3 3 3 28 7 3 3 4 3 0 0 62 1 0 62 0 0 0 0 0 0 0 0 0 5 2 0 2 0 142 48 66 174 142 133 54 46 179 142 94 288 28 316 57 0 64 235 266 333 0 5 0 51 0 0 0 0 2 0 5 0 0 0 0 0 0 4 19 52 13 0 16 0 0 0 0 0 4 0 0 5 5 4 0 12 0 0 0 0 0 0 0 0 0 18 0 0 0 0 0 0 0 0 0 0 0 0 0 0 1 1 9 0 0 0 7 42 8 0 10 0 14 23 0 0 0 19 0 0 0 0 10 0 0 0 0 0 0 0 0 0 0 0 0 0 0 0 32 0 5 0 13 5 0 0 3 0 0 0 0 0 0 0 0 0 0 1 4 6 0 0 0 0 0 0 0 0 0 0 0 14 0 0 0 0 0 0 0 0 0 2 10 11 0 28 6 0 8 29 0 33 0 21 7 14 14 7 14 0 0 15 0 0 0 0 0 3 0 0 0 0 1 0 0 0 19 0 0 15 0 0 6 0 0 0 0 0 0 0 0 9 0 2 0 0 0 0 0 6 0 21 63 5 40 0 2 1 1 0 1 0 0 0 0 0 0 0 0 0 0 0 0 0 0 0 0 18 0 0 
 0 0 0 2 5 59 0 0 0 0 0 8 0 0 0 0 35 0 0 0 0 0 0 0 0 0 0 0 0 0 0 0 4 5 6 0 11 0 2 3 98 74 115 256 87 77 39 40 165 175 261 398 364 23 39 64 0 43 56 162 0 4 0 0 0 0 3 2 0 0 29 4 1 0 4 0 0 5 2 1 0 0 0 35 0 0 0 0 0 0 8 0 0 0 0 0 0 0 0 0 0 3 0 0 0 1 0 0 6 0 0 0 0 0 0 4 0 0 0 0 31 33 27 16 0 10 17 12 9 26 25 17 1 0 9 37 19 59 0 6 0 0 0 0 0 0 0 0 0 0 0 0 10 0 0 0 0 15 0 0 0 0 0 0 0 4 0 2 0 21 4 1 0 9 0 0 0 0 0 0 0 2 0 0 0 0 6 0 0 0 0 0 0 0 0 0 14 0 1 11 15 2 12 9 0 0 19 16 8 8 33 1 0 10 0 21 48 48 1 0 0 0 0 0 0 0 15 0 0 0 0 0 4 0 9 0 0 0 24 0 0 0 7 0 0 0 0 0 0 0 0 2 0 0 0 0 0 0 0 1 0 1 0 1 41 2 1 3 0 0 4 0 0 0 0 0 0 0 0 0 0 0 0 0 25 0 0 18 0 0 
 0 0 0 0 2 0 0 0 0 0 0 0 0 0 0 0 2 0 0 0 0 15 4 2 0 7 0 58 10 0 1 1 7 0 0 0 0 0 2 0 94 56 126 85 349 66 33 128 101 183 102 209 75 34 77 235 43 0 236 98 0 9 0 1 6 0 0 0 0 0 5 0 0 0 0 0 2 0 11 1 0 0 0 0 0 0 0 0 0 0 0 0 0 0 0 0 0 0 0 0 0 0 0 0 0 1 0 4 0 8 0 23 0 0 0 0 12 0 0 0 17 9 18 18 0 14 17 17 0 87 18 18 1 9 7 11 23 42 0 8 0 1 4 0 0 0 3 0 0 0 0 0 13 9 0 0 0 35 0 0 0 0 0 0 0 0 0 0 0 0 0 0 0 0 1 0 0 0 0 0 0 0 0 0 0 0 0 13 0 6 0 0 0 0 0 10 0 0 0 0 0 0 0 0 24 17 7 0 20 16 0 0 1 34 0 20 0 8 4 0 0 0 0 0 0 0 10 0 0 0 0 0 19 14 20 0 8 0 24 0 0 0 7 0 0 0 1 0 0 0 0 7 0 1 0 0 0 0 0 2 0 1 62 62 0 0 0 0 0 0 38 0 0 0 2 0 0 0 0 0 0 0 0 0 23 0 0 0 1 0 
 0 0 0 0 0 0 0 0 0 0 0 0 0 0 0 0 0 0 0 0 0 0 0 66 69 0 18 0 0 0 38 0 1 0 0 2 0 0 3 0 97 38 69 90 303 60 66 279 165 173 54 126 116 231 77 266 56 236 0 371 0 19 4 0 0 0 6 0 2 0 3 2 0 0 0 0 0 0 0 0 0 0 0 0 0 0 0 0 0 0 0 0 0 0 0 0 0 0 0 0 0 0 0 0 8 0 0 0 0 0 0 0 0 0 0 0 0 7 0 0 8 26 6 26 0 0 32 17 8 32 24 10 9 0 31 7 1 1 1 8 0 0 0 0 10 0 0 20 0 0 0 0 10 0 0 0 0 0 0 0 0 0 0 0 0 0 0 0 0 0 3 0 0 0 0 0 0 0 0 0 0 0 0 0 0 0 0 0 0 0 9 0 0 0 0 0 0 0 0 0 0 8 21 7 0 0 29 16 12 0 0 19 0 19 0 33 10 25 9 9 0 0 10 0 0 0 0 0 0 0 0 0 0 0 0 0 0 0 0 0 0 0 36 0 0 0 0 0 0 0 0 6 0 0 0 0 0 0 0 0 0 0 0 0 35 4 0 18 0 0 0 0 0 0 0 0 0 0 0 0 0 0 0 0 0 0 0 10 2 0 
 3 3 3 30 3 3 5 3 3 3 2 3 3 3 3 3 3 3 3 3 3 1 0 68 0 6 0 3 0 0 0 62 3 0 1 0 1 66 3 0 123 291 339 136 547 50 113 40 171 130 121 26 115 158 399 333 162 98 371 0 0 14 0 0 0 0 0 0 5 0 7 0 0 0 0 0 0 15 0 0 0 0 0 0 0 0 0 0 0 0 0 0 0 0 0 0 0 0 0 0 0 0 3 5 3 9 1 0 0 15 0 2 1 0 0 0 0 3 0 11 7 31 2 0 19 1 10 26 18 21 13 0 15 37 0 17 1 19 15 17 0 0 0 0 0 0 0 0 0 0 0 0 0 12 0 0 0 0 0 0 0 0 0 0 0 0 0 4 7 0 0 0 0 4 0 0 6 0 0 0 0 0 0 22 18 0 0 17 18 0 1 12 0 0 3 0 0 5 0 0 19 30 6 25 0 0 3 0 34 29 23 0 21 13 0 0 27 30 38 19 0 0 0 0 0 0 0 0 0 0 0 0 0 0 0 13 0 0 22 0 0 0 13 0 0 0 0 0 0 30 0 10 0 2 0 0 0 62 0 1 0 0 0 0 0 17 0 74 3 0 0 0 0 0 0 0 0 0 0 0 0 0 0 0 19 0 0 0 0 0 
 0 0 0 0 0 51 0 0 0 0 0 0 0 0 0 0 0 0 0 0 0 0 1 0 0 4 0 0 0 50 0 0 2 0 0 1 0 0 0 0 0 0 0 0 0 0 0 0 0 0 6 76 0 0 0 0 0 0 0 0 0 350 141 83 24 29 87 151 73 24 28 54 436 385 356 82 55 21 280 131 0 0 0 0 0 0 0 0 0 0 0 0 0 0 0 0 0 0 0 0 0 0 0 0 0 0 0 0 0 0 0 0 0 0 0 0 0 0 0 0 0 0 0 0 11 10 6 0 0 0 0 0 0 0 0 0 0 0 0 0 18 36 35 36 30 56 1 24 6 0 8 16 0 0 1 69 6 46 0 8 0 0 0 0 4 0 0 0 0 0 0 0 0 0 0 0 0 0 0 0 1 1 0 1 1 2 1 20 0 1 0 0 0 0 0 1 0 1 0 0 0 0 0 0 0 20 0 0 0 0 0 8 0 0 0 0 0 0 0 0 12 12 11 18 12 16 1 12 17 0 24 3 11 16 0 9 21 20 0 0 2 0 0 12 0 0 0 0 0 0 0 0 0 0 15 0 23 0 0 0 0 0 0 0 0 0 0 0 0 0 18 0 0 5 2 1 0 0 0 0 0 0 0 0 0 0 0 0 3 0 
