 0 116 170 31 56 328 112 150 216 10 27 181 213 54 121 121 26 19 45 150 0 3 0 0 2 0 0 3 7 0 0 0 0 0 0 71 0 2 1 2 0 0 0 0 0 0 4 0 0 0 2 0 0 0 20 0 1 0 0 0 7 0 0 0 3 64 2 0 0 40 0 2 0 0 0 0 0 26 0 0 31 19 1 0 0 0 13 1 7 10 0 0 43 25 15 20 1 19 28 25 0 0 1 0 0 2 15 0 0 0 0 0 0 0 0 0 0 0 0 0 0 0 0 0 0 0 0 0 0 0 0 0 0 0 0 0 12 0 0 0 0 0 0 0 0 1 0 0 0 0 0 0 0 0 0 0 5 0 0 0 12 0 0 26 0 1 54 63 0 9 31 12 8 0 15 0 0 11 14 22 0 0 0 0 0 0 0 0 0 0 0 0 1 0 0 0 0 0 0 0 0 0 17 0 0 0 0 0 0 0 1 0 0 0 0 0 0 0 0 0 0 0 0 0 1 0 0 2 0 0 0 0 15 0 0 0 0 0 1 0 0 0 0 0 0 3 2 0 0 90 0 15 0 0 0 0 0 0 0 0 0 0 0 0 0 0 0 0 0 0 0 0 0 0 0 2 0 0 0 0 0 0 0 0 0 0 0 0 0 0 
 116 0 184 113 217 198 298 85 144 56 106 146 154 330 87 328 82 45 39 102 0 3 0 0 2 0 0 6 1 0 0 0 80 0 0 4 0 0 75 2 0 0 0 0 0 14 0 0 3 0 2 0 0 0 2 0 0 0 0 0 0 0 0 0 0 3 0 0 0 0 0 2 0 0 0 0 0 0 0 0 21 10 33 8 26 15 0 14 5 23 21 14 0 10 0 13 24 1 0 10 0 0 0 0 0 0 3 1 0 0 0 0 0 0 1 0 0 0 26 0 0 0 0 0 0 0 0 0 0 0 0 0 0 0 0 0 0 0 0 0 0 0 0 0 4 0 5 0 0 0 0 0 0 5 0 0 0 0 0 0 7 38 3 22 0 9 0 20 11 49 12 41 5 10 18 13 0 10 0 14 10 0 0 0 0 0 1 0 0 8 0 0 15 17 0 0 0 0 0 10 0 0 0 1 0 0 0 0 0 0 0 0 0 0 0 0 0 0 0 0 0 0 0 0 0 0 0 0 0 0 0 0 0 0 0 0 0 0 0 0 0 0 0 0 0 94 97 0 1 2 2 9 9 0 0 0 0 0 0 0 0 0 0 0 0 0 0 0 0 0 0 0 0 0 0 0 11 0 0 0 0 0 0 0 0 0 0 0 0 0 
 170 184 0 306 283 26 59 544 99 106 42 220 138 65 242 212 438 46 232 153 0 3 0 0 2 0 0 3 1 0 0 0 36 0 0 3 0 0 2 2 0 0 0 0 0 0 0 0 0 0 2 0 0 8 2 0 0 0 0 0 0 13 0 7 0 3 3 0 0 0 13 2 0 0 0 0 0 1 0 0 25 12 1 46 25 15 0 27 24 18 11 29 0 0 31 0 28 63 12 31 0 0 0 0 0 0 10 0 0 0 0 0 22 0 0 0 0 0 10 0 2 0 0 23 0 0 0 2 0 12 0 0 0 0 0 1 0 0 0 0 0 0 0 0 0 0 0 0 0 0 4 0 0 0 0 0 0 0 0 0 0 6 31 31 1 9 0 20 26 11 0 19 19 0 37 32 33 31 10 0 0 0 0 0 0 0 8 0 0 0 0 0 25 0 0 0 0 0 0 0 0 0 0 0 0 0 0 0 0 0 0 0 0 0 0 0 0 0 0 0 0 0 0 0 0 0 0 0 0 2 0 0 0 0 0 0 0 0 0 0 0 0 0 0 2 0 0 0 1 2 0 9 1 0 0 0 0 0 0 0 0 0 42 0 0 0 0 0 0 0 0 0 0 0 0 19 0 0 0 0 0 0 0 0 0 1 0 0 0 0 
 31 113 306 0 164 231 87 376 252 64 262 66 117 285 111 241 63 115 84 73 18 3 0 0 2 0 1 3 0 0 0 0 0 75 75 3 0 0 0 2 0 0 0 0 22 0 0 0 0 0 2 0 0 0 2 0 0 0 0 0 0 0 0 39 0 3 0 0 0 0 0 2 0 0 0 0 0 0 0 0 3 9 28 32 24 14 1 14 11 31 24 5 0 25 0 0 25 0 0 0 20 2 15 0 0 0 1 0 0 0 0 0 10 0 0 8 0 0 19 34 20 0 0 0 0 0 0 0 0 0 0 0 0 0 0 1 2 0 0 0 0 0 0 0 3 0 4 0 0 0 0 0 0 6 0 0 0 0 0 0 0 10 0 0 0 11 0 0 25 0 33 32 4 22 2 0 0 1 0 0 2 0 0 0 0 0 1 1 16 0 2 2 14 0 0 20 1 0 33 0 0 0 0 0 0 0 0 0 0 0 0 0 0 0 0 0 0 0 0 0 0 0 0 0 0 0 0 0 0 2 0 0 0 0 0 0 0 0 0 0 0 0 0 0 1 2 47 0 57 1 2 13 34 0 0 0 0 0 0 0 0 0 0 0 0 63 0 0 0 0 0 0 0 0 0 3 10 0 0 0 0 0 0 0 0 0 0 0 0 0 
 56 217 283 164 0 84 60 328 94 116 317 230 77 89 374 169 358 230 58 163 0 79 0 2 2 0 22 3 0 0 1 0 62 0 81 60 0 0 73 77 1 2 0 0 0 1 0 0 0 1 4 0 0 0 2 0 0 1 0 0 0 0 7 0 0 3 3 0 0 0 0 3 0 0 0 0 0 0 0 0 0 0 2 60 35 29 0 8 9 10 22 24 0 0 0 0 0 0 0 0 1 15 0 0 0 0 0 14 0 0 0 0 6 0 0 16 10 25 0 15 0 0 0 0 0 0 0 0 0 0 0 0 0 0 0 0 1 2 0 0 0 0 0 0 0 0 0 0 0 0 0 0 0 0 0 0 0 0 0 0 0 21 0 18 22 64 0 0 27 0 55 37 0 24 7 0 8 9 0 0 20 20 0 0 0 0 25 20 14 0 21 0 17 14 14 0 0 2 56 14 0 0 0 0 0 0 10 0 0 0 0 0 0 0 0 0 0 0 0 0 0 0 12 0 0 0 0 0 0 0 0 0 0 0 0 0 0 0 0 0 0 0 0 0 0 3 88 0 51 0 0 8 0 0 0 0 0 0 0 0 0 0 0 0 0 0 0 0 0 0 0 0 0 0 0 0 11 19 0 0 0 0 0 0 0 0 0 0 0 0 
 328 198 26 231 84 0 121 121 130 283 372 92 21 273 171 118 222 256 71 36 31 3 0 0 2 0 79 3 0 0 2 1 1 73 83 7 0 0 78 2 0 0 0 0 0 64 0 0 0 0 2 0 0 0 2 0 0 0 0 0 0 0 14 0 0 3 3 0 51 0 0 2 0 0 0 0 0 0 0 0 2 5 0 44 0 0 0 0 1 31 15 6 0 14 0 0 9 0 0 0 22 7 43 0 0 2 25 19 0 2 0 0 45 0 0 28 0 0 9 22 0 0 2 0 0 0 0 0 3 0 0 0 0 0 0 0 0 0 0 0 0 0 0 0 4 0 5 0 0 0 0 0 0 7 0 0 0 0 0 0 0 1 22 2 1 11 0 11 0 0 31 61 11 2 10 0 0 0 0 0 13 0 0 0 0 0 21 2 21 0 34 0 25 1 11 66 4 14 31 0 2 0 0 0 0 1 0 1 2 0 1 0 0 0 0 0 0 0 0 0 0 0 0 0 0 0 0 0 0 0 0 0 0 0 0 0 0 0 0 0 0 0 0 0 0 4 90 0 0 6 0 3 0 0 0 0 2 0 0 0 0 0 0 0 0 0 0 0 0 0 0 0 0 0 0 23 0 0 0 0 0 0 0 0 0 0 0 0 0 0 
 112 298 59 87 60 121 0 78 83 58 104 24 362 157 53 242 29 52 171 270 0 3 0 0 2 0 0 3 1 0 0 0 82 0 0 3 0 0 0 3 0 0 0 0 0 0 0 0 0 56 2 0 0 0 2 0 1 0 0 0 0 0 10 0 0 6 1 0 0 0 5 2 0 0 0 0 0 0 0 0 0 11 18 0 13 0 8 0 1 0 0 0 45 71 0 16 9 0 0 29 20 0 0 0 0 0 0 0 0 0 0 0 0 0 0 0 0 0 0 0 0 0 0 0 10 0 0 0 2 0 0 0 0 0 0 0 0 0 0 0 0 9 0 0 4 1 5 0 0 0 0 0 0 5 0 5 0 0 0 0 3 9 1 1 0 0 13 32 0 0 0 11 5 11 0 2 0 0 0 31 0 0 0 0 1 0 0 0 0 0 1 0 0 0 0 0 0 0 0 0 0 12 0 0 0 0 0 0 0 0 0 0 0 0 0 0 0 0 0 0 0 0 0 0 2 0 2 1 0 0 0 0 2 0 0 0 0 0 2 0 0 0 0 0 0 2 44 1 4 2 2 6 0 0 0 0 0 0 0 0 0 0 0 0 0 0 0 0 0 0 0 0 0 0 0 0 0 0 0 0 0 0 0 0 0 0 0 0 0 0 
 150 85 544 376 328 121 78 0 91 256 118 177 166 220 86 393 59 124 65 239 0 3 2 0 2 0 0 3 1 0 0 0 153 0 0 3 0 0 0 2 0 0 0 0 0 0 0 0 0 0 2 0 0 0 2 0 42 2 0 0 0 4 1 0 0 3 0 0 0 1 3 2 0 3 3 0 2 0 2 0 19 10 10 31 27 25 1 34 26 0 24 36 9 0 17 26 0 10 0 8 0 0 0 0 1 0 1 0 0 0 0 0 27 0 1 0 2 0 7 24 0 0 0 0 0 0 0 0 0 0 0 0 0 0 0 0 0 0 0 0 2 0 0 0 0 0 0 0 0 0 6 0 0 0 0 0 11 0 0 2 29 24 13 25 0 23 0 14 19 15 0 0 0 0 20 1 10 13 0 0 0 0 0 0 0 0 0 0 0 0 0 0 27 0 0 0 0 0 19 0 0 0 0 0 0 0 0 0 0 0 0 0 0 0 0 2 0 2 1 0 0 0 0 0 0 0 0 0 0 0 11 0 0 0 0 0 0 0 0 0 0 0 0 0 0 2 55 0 90 2 0 13 0 1 0 0 0 0 0 0 1 0 1 0 0 0 0 0 0 0 0 0 0 0 0 13 0 0 0 0 0 0 0 0 8 0 0 0 0 0 
 216 144 99 252 94 130 83 91 0 183 308 331 240 313 380 71 180 90 228 86 0 3 0 0 2 0 0 4 1 0 0 75 2 0 0 3 0 0 0 2 0 0 0 2 0 69 0 0 0 0 2 0 0 5 2 0 0 0 0 0 0 28 0 0 0 3 2 0 0 0 0 2 0 1 0 0 0 0 0 0 32 11 37 0 14 0 37 35 22 1 0 4 0 13 27 14 12 22 10 14 0 0 15 0 0 0 11 0 0 0 0 0 5 0 0 0 0 0 13 0 0 0 0 0 0 0 0 0 0 0 0 0 0 1 0 0 0 0 0 0 0 0 0 0 8 0 13 0 0 0 0 0 0 8 0 0 7 0 0 0 13 18 1 69 14 8 0 25 1 23 11 35 14 17 10 13 2 6 13 48 0 0 0 0 2 15 0 0 0 0 2 0 3 0 0 0 0 0 0 0 0 0 0 0 0 0 0 0 0 0 0 0 0 0 0 0 0 0 0 0 0 0 0 0 0 0 0 0 0 0 0 0 0 0 0 0 0 0 0 0 0 14 0 0 0 2 50 0 0 2 3 4 0 0 0 0 0 0 0 0 77 0 0 0 0 0 0 0 0 0 0 0 0 0 0 1 0 0 0 0 0 0 0 0 0 0 0 0 0 0 
 10 56 106 64 116 283 58 256 183 0 430 50 142 90 84 204 69 41 124 62 0 3 0 3 2 0 2 3 2 0 0 0 0 0 0 3 0 0 25 5 3 0 0 0 0 23 0 0 9 0 2 0 0 0 2 0 0 0 0 0 0 0 0 0 0 3 0 0 1 0 3 2 0 5 0 0 0 0 0 2 0 7 0 33 0 0 1 19 0 46 27 0 0 0 8 2 20 9 29 27 0 0 0 0 0 0 2 0 0 0 0 0 32 0 0 0 0 13 31 2 0 2 0 0 0 0 0 0 0 0 0 2 0 0 0 0 0 2 0 0 0 0 0 0 0 0 0 0 0 0 0 17 0 5 0 0 0 0 0 0 0 29 15 18 1 1 0 0 11 10 14 9 7 0 0 27 19 8 13 24 10 1 0 0 0 0 23 0 0 2 7 0 15 0 0 16 0 22 14 0 0 0 0 0 0 0 0 0 0 0 0 0 0 0 0 0 0 0 0 0 0 0 0 0 0 0 0 0 0 0 0 0 0 0 0 0 0 0 0 0 0 0 0 0 0 0 1 0 4 0 2 14 14 0 0 0 0 0 0 0 2 0 7 0 0 0 0 0 0 0 0 0 0 0 0 10 0 0 0 0 0 0 0 0 0 0 0 0 0 0 
 27 106 42 262 317 372 104 118 308 430 0 166 150 47 330 182 327 293 134 275 39 5 1 0 4 2 0 3 0 0 3 0 2 75 73 4 0 0 76 4 2 54 0 0 0 66 0 0 2 0 2 2 0 0 2 0 56 0 0 0 0 0 0 0 1 3 6 0 0 0 0 2 4 0 0 0 0 0 0 3 1 9 1 26 1 10 0 17 0 30 18 12 0 14 0 0 12 0 0 10 18 12 13 0 0 0 11 1 20 0 0 0 19 0 0 0 0 0 30 20 0 0 0 0 0 0 0 0 0 0 0 0 0 0 0 0 0 11 0 0 0 0 0 0 2 0 2 0 0 0 0 0 0 4 0 0 0 0 0 0 0 30 15 19 25 0 0 1 0 13 22 50 7 7 0 16 0 10 9 23 19 1 0 0 0 0 0 1 10 0 1 0 9 1 0 27 11 11 12 0 0 0 0 0 0 0 0 0 0 0 0 0 0 1 0 0 0 0 0 0 0 0 0 0 0 0 0 0 0 0 0 0 0 0 0 0 0 0 0 0 0 0 0 0 0 3 88 2 1 0 0 7 13 4 0 0 0 1 0 0 0 0 0 0 0 0 0 0 0 0 0 0 0 0 2 16 0 0 0 0 0 0 0 0 0 0 0 0 0 0 
 181 146 220 66 230 92 24 177 331 50 166 0 55 106 121 30 210 157 37 124 0 3 0 0 2 0 0 79 1 1 1 0 75 0 0 3 0 0 21 39 0 0 0 0 0 1 0 0 0 0 2 0 0 7 2 0 0 2 0 3 7 0 0 0 0 3 3 0 0 0 0 2 0 0 0 0 0 35 0 0 32 11 9 40 21 17 0 30 19 13 29 19 0 0 28 0 18 10 1 3 2 0 0 0 0 0 13 0 0 0 0 0 14 0 0 1 0 0 7 0 0 0 0 0 6 0 0 0 0 0 0 0 2 0 0 0 0 0 0 0 0 0 0 4 1 0 0 0 0 0 0 0 0 0 0 0 0 0 0 0 0 12 9 15 36 34 0 13 11 0 10 15 1 0 34 31 23 25 0 0 0 0 0 0 1 0 9 0 0 0 0 0 32 10 0 0 0 0 1 10 0 0 0 0 0 0 0 0 0 1 0 0 0 0 0 0 0 0 0 0 0 0 0 0 0 0 0 0 0 0 0 0 0 0 0 0 0 0 0 0 0 2 0 0 0 0 0 2 2 4 0 10 2 0 0 0 0 0 0 0 0 0 11 0 0 0 0 0 0 0 0 0 0 0 0 24 0 19 0 0 0 0 0 0 0 0 0 0 0 0 
 213 154 138 117 77 21 362 166 240 142 150 55 0 87 278 151 117 33 581 149 0 4 2 0 5 2 0 3 1 2 0 0 2 0 0 3 2 0 0 2 0 0 0 2 0 63 0 0 0 0 2 0 0 7 5 2 0 2 2 0 2 0 0 5 0 3 2 0 0 0 5 2 0 44 0 0 0 0 0 0 0 0 10 0 0 0 0 42 11 2 0 0 22 6 10 23 19 2 0 15 1 0 0 0 0 0 11 0 0 0 2 0 0 0 0 1 0 0 0 0 0 0 0 0 0 0 0 0 0 0 1 0 4 1 0 0 0 0 0 0 0 0 0 0 0 0 0 0 0 2 7 1 0 0 0 0 0 0 0 0 0 0 0 52 17 0 23 17 47 19 31 24 0 0 24 23 0 8 14 37 0 0 0 0 0 0 2 0 2 0 0 0 1 0 0 0 0 0 0 0 0 0 0 0 0 0 0 0 0 0 0 0 0 0 0 0 0 0 0 0 0 0 0 0 0 0 0 0 0 0 0 0 0 0 0 0 0 0 0 0 0 4 0 0 0 0 0 2 0 1 0 4 0 0 0 0 0 0 0 0 0 0 10 0 0 0 0 0 0 0 0 0 0 0 0 0 0 0 0 0 0 0 0 0 0 0 0 0 0 0 
 54 330 65 285 89 273 157 220 313 90 47 106 87 0 180 177 236 43 198 327 0 3 0 0 4 0 2 3 4 0 0 0 1 0 0 3 0 0 77 3 0 0 0 0 69 0 0 0 0 0 2 0 0 3 2 0 0 0 0 0 0 0 0 0 0 3 5 0 0 0 0 2 0 0 0 0 0 0 0 15 13 17 48 0 49 15 7 10 16 2 15 36 10 28 1 17 21 0 9 24 0 0 0 0 0 0 0 0 0 0 0 0 14 0 0 0 0 0 6 0 2 0 0 0 0 0 0 1 0 0 0 0 0 0 0 1 2 0 0 0 0 0 0 0 6 0 7 0 0 0 0 0 0 0 14 0 0 0 0 0 7 19 10 15 0 11 0 0 39 22 0 8 11 25 55 11 0 15 0 0 9 0 0 0 0 0 0 1 0 0 0 2 1 1 0 0 0 0 0 3 0 0 0 0 0 0 0 0 0 0 0 0 0 0 0 0 0 0 0 0 0 0 1 0 0 0 0 0 0 9 0 0 0 0 0 0 0 0 0 0 0 0 0 0 1 2 189 0 0 137 7 6 0 0 2 0 0 0 0 0 0 0 0 0 0 0 0 0 0 0 0 0 0 10 0 19 2 0 0 0 0 0 0 0 0 0 0 0 0 0 
 121 87 242 111 374 171 53 86 380 84 330 121 278 180 0 334 100 47 161 263 0 3 0 0 2 0 1 5 1 0 1 0 0 0 0 3 1 0 0 4 0 0 0 0 0 0 0 0 0 0 2 0 0 13 2 0 0 0 0 0 0 0 0 0 0 3 3 0 0 0 0 3 0 0 2 0 0 0 0 0 18 0 25 0 1 0 1 46 11 23 0 0 13 13 10 22 36 23 0 44 0 0 0 0 0 0 9 0 0 0 1 0 0 0 0 0 0 0 0 0 0 0 0 0 0 8 0 0 0 0 0 0 0 0 0 0 0 0 0 0 0 0 0 0 0 2 2 0 0 0 10 0 0 0 0 0 0 0 0 0 1 0 1 15 17 3 13 37 23 22 12 18 0 0 36 29 0 20 15 24 0 0 0 0 2 0 1 0 0 0 2 0 1 0 0 0 0 0 0 0 0 0 0 0 1 0 0 0 0 0 0 0 0 0 0 0 0 0 0 0 0 0 0 0 0 0 1 0 0 0 0 0 0 0 0 1 0 0 0 0 0 3 0 0 0 2 1 0 4 3 0 13 0 0 0 0 0 0 0 0 0 0 19 0 0 0 0 0 0 0 0 0 0 0 0 0 11 0 0 0 0 0 0 0 0 0 0 0 0 0 
 121 328 212 241 169 118 242 393 71 204 182 30 151 177 334 0 161 47 79 456 0 3 0 0 2 205 0 3 1 0 0 0 75 0 0 3 0 0 0 2 0 0 0 0 0 0 0 3 0 0 2 0 0 0 2 0 0 0 0 0 0 0 0 0 0 50 0 0 0 0 0 2 0 0 0 0 0 0 0 0 34 0 1 47 19 20 2 25 2 13 11 0 0 0 0 35 20 17 0 17 0 0 0 0 0 0 9 9 0 0 0 0 0 0 11 8 0 0 40 9 0 0 0 2 0 0 0 0 0 0 17 0 0 0 0 0 0 0 0 0 0 0 0 0 0 0 1 0 0 0 50 0 0 0 0 0 0 0 0 0 22 10 0 9 0 24 0 10 15 32 0 14 0 0 14 10 0 0 13 0 14 0 0 0 0 0 0 0 0 0 0 0 13 19 0 0 0 0 0 14 0 0 0 0 2 0 0 0 0 0 0 0 0 0 0 0 0 0 0 0 0 0 0 0 0 0 0 0 2 0 0 0 0 0 0 2 0 0 0 0 0 0 0 0 0 0 8 0 2 88 0 3 2 0 0 0 2 0 0 0 0 0 0 0 0 0 0 0 0 0 0 0 0 0 0 0 12 0 0 0 0 0 0 0 0 1 0 0 0 0 
 26 82 438 63 358 222 29 59 180 69 327 210 117 236 100 161 0 433 55 40 2 3 0 0 2 76 0 3 1 0 0 0 74 0 3 3 0 0 0 94 0 0 0 0 0 0 0 0 0 0 2 0 0 0 2 0 0 0 0 0 0 48 0 0 0 3 0 2 0 0 0 2 0 0 0 0 0 0 0 0 19 9 15 9 28 0 39 28 0 23 15 34 0 0 33 2 17 33 8 70 0 0 0 0 0 1 11 0 0 1 0 0 0 0 0 0 0 0 0 0 0 0 1 0 0 0 0 0 0 0 0 0 0 0 0 0 0 0 0 0 0 0 0 0 0 0 1 0 0 0 0 0 0 0 0 0 0 0 0 0 0 1 10 49 1 0 1 38 7 16 11 56 19 23 40 31 17 8 15 31 0 0 0 0 0 0 0 0 0 0 0 0 15 0 0 0 0 0 0 0 1 0 0 0 0 2 0 2 0 0 0 0 0 0 0 0 0 0 0 0 0 0 0 0 0 0 0 0 0 0 0 0 0 0 0 0 0 0 0 0 0 0 0 0 0 1 3 1 2 2 0 12 0 0 0 0 0 0 0 0 0 0 11 0 0 0 0 0 0 0 0 0 0 0 0 0 0 0 0 0 0 0 0 0 0 0 0 0 0 6 
 19 45 46 115 230 256 52 124 90 41 293 157 33 43 47 47 433 0 97 38 0 3 0 0 4 0 0 92 1 0 0 0 111 75 2 4 0 0 380 117 0 0 0 0 0 1 0 0 0 0 2 0 0 0 2 0 0 0 0 0 0 5 0 0 0 3 2 0 0 0 0 2 0 0 0 0 0 0 0 0 0 0 0 25 35 26 9 13 0 14 20 25 0 0 14 3 0 5 0 15 25 3 15 0 0 0 0 15 0 0 0 0 0 0 56 1 1 0 17 28 0 0 0 0 0 0 0 0 0 0 0 0 0 0 0 0 0 0 0 0 0 0 0 7 0 0 0 0 0 0 0 0 0 0 0 0 0 0 0 0 0 0 1 39 39 9 0 16 0 8 18 8 0 9 6 0 17 9 0 8 17 17 0 0 0 0 15 0 19 0 0 3 12 10 2 0 0 0 19 22 0 0 0 0 0 0 0 0 0 0 10 0 0 0 0 0 0 0 0 0 0 0 0 0 0 0 0 0 0 0 0 0 0 0 0 0 0 0 0 0 0 0 0 0 0 2 4 1 1 2 0 23 0 0 2 0 0 0 0 0 0 0 0 0 0 0 0 0 0 0 0 0 0 0 0 0 1 15 0 0 0 0 0 0 0 0 0 0 0 0 
 45 39 232 84 58 71 171 65 228 124 134 37 581 198 161 79 55 97 0 170 0 3 0 2 2 0 1 3 41 0 1 0 0 0 0 4 0 1 0 2 0 0 0 0 0 0 0 0 0 0 2 0 6 0 2 0 7 0 0 0 0 0 0 2 0 44 3 0 0 0 0 3 0 0 0 0 0 0 0 0 10 0 0 0 0 0 11 27 0 10 0 0 12 5 1 18 2 17 1 12 15 0 0 13 0 0 0 0 0 0 0 0 0 0 0 0 0 0 0 0 0 0 0 0 0 0 0 0 0 0 0 0 2 0 0 0 0 0 0 0 0 0 0 0 1 0 0 0 0 0 43 0 0 0 0 0 0 0 0 0 0 14 0 17 0 0 0 0 14 23 14 4 0 0 9 32 0 8 27 20 0 0 0 0 0 0 0 0 0 0 0 0 0 0 0 0 0 0 1 0 0 0 0 0 0 0 0 0 0 1 0 0 0 0 0 0 0 0 0 0 0 0 0 0 0 10 0 0 0 0 0 0 0 0 0 0 0 0 0 0 0 0 0 0 0 0 2 0 0 0 3 9 0 0 0 0 0 0 0 0 0 0 0 2 0 0 0 0 0 0 0 0 0 0 0 0 0 0 0 0 0 0 0 0 0 0 0 0 0 0 
 150 102 153 73 163 36 270 239 86 62 275 124 149 327 263 456 40 38 170 0 0 3 0 0 2 0 0 3 2 0 0 0 0 0 0 3 0 2 4 2 0 0 0 0 0 0 0 0 0 0 2 0 0 0 10 0 65 0 0 1 0 1 0 0 0 3 2 0 0 0 0 2 0 0 0 0 3 0 0 0 8 51 0 0 11 10 3 35 11 19 13 1 11 16 1 11 26 17 25 22 5 0 0 0 0 0 0 0 10 0 0 0 17 0 0 0 0 0 0 0 0 0 0 0 0 0 0 0 0 0 0 0 0 0 0 0 0 0 0 0 0 0 0 0 0 0 0 0 0 0 6 0 0 0 0 0 0 0 0 0 14 13 49 0 1 0 22 0 30 10 0 0 11 11 1 2 31 15 5 0 0 0 0 0 0 0 0 0 0 0 0 0 0 0 0 0 0 0 0 0 0 0 0 0 0 0 0 0 0 0 0 0 0 0 0 0 0 0 0 0 0 0 0 0 0 0 0 0 0 0 0 0 0 0 0 0 0 0 0 0 0 0 0 0 0 0 0 0 1 91 3 11 0 0 0 0 0 0 0 0 0 0 0 0 0 0 0 0 0 0 0 0 0 0 0 8 22 0 0 0 0 0 0 0 0 0 0 0 0 0 
 0 0 0 18 0 31 0 0 0 0 39 0 0 0 0 0 2 0 0 0 0 81 172 54 335 33 236 55 358 161 95 47 160 276 146 48 45 54 25 162 3 0 2 0 2 0 0 0 3 0 0 0 0 0 0 0 3 0 3 0 49 3 7 0 0 3 0 8 2 2 0 3 10 8 46 0 0 0 0 2 0 0 0 0 0 15 0 0 0 0 0 4 0 0 0 0 0 0 10 0 42 19 37 0 23 18 32 0 9 21 0 0 0 27 17 17 19 30 0 45 0 0 0 0 0 0 0 0 0 0 0 0 30 16 0 0 0 0 14 0 0 16 0 2 0 0 12 0 0 0 0 0 0 0 0 0 0 8 0 0 0 0 0 0 0 6 0 1 0 8 9 0 1 0 0 0 0 0 0 0 11 0 26 0 0 0 1 27 12 13 1 5 20 0 17 21 2 20 12 0 0 0 0 0 0 0 0 0 0 0 0 0 0 0 0 0 0 0 5 11 0 0 0 0 0 0 0 0 0 0 0 0 0 0 0 0 0 0 0 0 0 0 0 0 0 0 0 0 0 0 0 0 0 0 9 0 2 114 0 0 2 0 0 0 0 0 0 0 0 0 0 0 0 0 0 0 0 0 0 0 0 0 0 0 0 12 0 0 0 0 
 3 3 3 3 79 3 3 3 3 3 5 3 4 3 3 3 3 3 3 3 81 0 243 121 341 40 485 110 215 119 121 43 191 35 121 204 132 168 143 35 3 0 2 0 2 3 66 0 3 0 0 0 1 0 0 3 3 0 106 0 3 3 8 0 7 3 60 19 2 2 0 3 0 0 3 0 0 0 0 2 0 0 0 0 0 0 0 0 0 0 0 0 0 0 0 0 0 0 2 0 0 22 19 36 39 1 0 33 36 24 38 29 12 1 0 18 20 50 0 0 0 0 16 0 0 0 0 0 0 0 0 0 22 17 0 0 0 0 0 0 0 0 0 0 0 0 0 0 0 0 0 0 0 0 0 0 0 0 0 0 0 0 0 0 41 14 0 6 0 3 2 0 0 0 0 0 0 0 0 1 19 0 37 15 23 25 9 33 15 43 0 7 13 13 8 27 10 41 0 37 6 0 0 15 0 0 0 9 0 0 0 0 1 0 0 0 0 2 22 0 0 0 0 0 0 0 0 0 0 0 2 0 0 0 0 0 0 0 0 0 0 0 0 0 0 0 0 0 0 0 0 0 0 0 20 0 2 86 1 0 4 0 0 0 0 1 0 0 0 0 0 0 0 0 0 0 0 0 0 0 0 15 0 0 0 31 0 0 0 0 
 0 0 0 0 0 0 0 2 0 0 1 0 2 0 0 0 0 0 0 0 172 243 0 91 88 28 168 102 255 201 277 37 368 210 366 71 175 127 110 105 6 0 4 0 2 0 0 0 6 0 3 0 0 0 0 4 6 6 5 0 0 3 7 2 3 3 0 9 2 2 0 3 12 0 3 0 0 2 0 2 0 0 0 0 0 0 0 13 0 0 0 24 0 0 0 0 0 0 0 0 23 0 32 22 11 24 9 46 11 3 0 0 0 43 9 28 36 1 0 0 1 0 0 0 0 0 0 0 0 0 9 0 12 15 0 0 0 0 64 0 0 0 0 0 0 0 0 0 0 25 12 14 0 2 0 0 0 0 2 0 0 0 0 0 9 3 0 7 0 10 0 0 0 0 0 0 0 0 0 0 0 10 32 0 0 0 1 28 12 29 9 22 19 0 6 13 8 10 0 3 51 0 0 0 0 0 0 0 0 0 0 0 0 0 0 0 0 0 6 47 0 0 0 4 0 0 0 0 0 0 0 0 0 0 0 0 0 0 0 0 0 0 0 0 0 0 0 0 0 0 0 1 0 0 9 0 0 87 0 2 2 1 2 0 0 0 0 0 0 0 0 0 0 0 0 0 0 0 0 0 0 0 0 0 0 5 0 0 0 0 
 0 0 0 0 2 0 0 0 0 3 0 0 0 0 0 0 0 0 2 0 54 121 91 0 179 52 88 140 531 343 149 113 99 107 64 201 182 159 64 145 4 0 2 0 70 0 62 65 3 0 0 0 156 0 0 0 3 0 3 21 0 3 0 7 0 3 0 0 3 2 2 3 8 0 3 0 0 0 0 2 0 0 0 0 1 0 0 0 0 0 0 0 0 0 0 0 0 0 0 0 2 10 0 32 29 8 7 0 66 11 51 32 0 19 12 16 8 7 13 0 10 13 0 0 0 0 8 1 12 12 0 0 43 24 0 7 16 0 35 0 0 0 0 0 0 0 0 0 0 0 0 0 0 0 0 0 0 0 2 0 0 0 0 2 0 0 0 0 0 0 2 0 0 0 0 0 0 17 0 0 0 0 26 22 5 49 1 1 0 29 24 10 18 12 6 39 29 7 0 11 11 0 0 0 0 0 0 0 0 0 0 0 13 25 1 62 0 0 5 0 0 0 0 0 2 0 1 1 0 0 0 0 0 0 0 0 2 1 0 0 0 0 12 0 0 0 0 0 0 0 0 0 0 0 13 2 1 82 2 11 1 0 0 0 0 0 0 0 0 0 0 0 0 0 0 0 0 0 0 0 0 6 0 0 0 0 0 0 0 0 
 2 2 2 2 2 2 2 2 2 2 4 2 5 4 2 2 2 4 2 2 335 341 88 179 0 134 76 142 113 232 472 56 295 222 85 398 345 36 62 110 3 0 2 2 2 1 129 2 3 0 0 0 0 0 3 2 66 2 89 0 2 3 0 0 0 4 29 0 9 3 3 3 0 0 3 0 0 0 0 2 0 0 0 0 0 0 0 0 0 0 0 0 0 0 0 0 0 0 0 0 0 14 0 36 25 26 9 12 21 23 35 21 5 15 10 12 20 45 0 0 0 0 0 0 0 0 1 0 0 0 0 0 16 10 2 16 0 35 25 19 0 0 0 0 0 0 0 0 0 0 0 0 0 0 0 0 0 0 3 0 0 0 0 0 11 1 0 5 0 4 0 0 0 0 0 0 0 0 0 0 6 0 25 51 11 42 0 21 10 9 13 18 2 2 21 50 9 27 0 26 13 0 0 0 0 20 0 25 0 0 0 0 0 0 1 24 0 0 1 12 0 0 0 0 0 0 0 0 0 0 0 17 0 0 0 0 0 0 0 0 0 0 1 0 0 0 0 0 0 0 0 0 0 0 11 2 0 49 2 0 4 0 0 0 0 0 5 0 0 0 0 0 0 0 0 0 0 0 0 0 0 7 0 0 0 26 5 0 0 0 
 0 0 0 0 0 0 0 0 0 0 2 0 2 0 0 205 76 0 0 0 33 40 28 52 134 0 39 40 56 78 371 197 36 52 62 83 66 157 62 53 32 61 32 1 2 0 26 93 3 0 0 0 124 0 0 0 66 0 65 19 0 3 0 0 0 3 73 0 13 2 2 3 0 0 3 0 0 8 0 2 2 0 0 0 0 0 0 0 0 0 0 0 0 0 0 0 0 0 0 0 0 0 0 14 10 1 0 0 9 9 8 37 0 0 0 0 3 0 0 0 11 39 0 0 0 0 5 12 12 12 0 0 9 0 21 10 2 11 1 32 0 0 3 0 7 0 0 0 0 0 0 0 0 0 0 0 0 0 0 0 0 0 0 6 0 0 0 0 0 0 1 0 0 0 0 0 0 0 0 1 0 10 1 20 20 8 0 0 0 0 13 15 0 0 0 0 31 0 0 0 31 1 0 0 1 0 2 0 0 0 0 0 46 12 1 20 0 4 1 25 0 0 0 0 0 0 0 0 0 0 22 0 0 0 0 0 0 0 0 0 0 0 0 0 0 0 0 0 0 0 0 0 0 0 8 0 0 0 75 15 45 0 0 0 0 0 12 0 0 0 1 0 0 0 0 0 0 0 0 35 0 0 0 0 0 0 9 10 0 0 
 0 0 0 1 22 79 0 0 0 2 0 0 0 2 1 0 0 0 1 0 236 485 168 88 76 39 0 295 114 120 30 39 139 381 125 194 106 45 163 440 3 0 2 0 2 0 0 0 3 0 0 0 0 0 2 6 3 0 3 0 0 3 12 0 0 3 0 0 2 2 0 6 0 0 3 0 0 0 0 2 0 0 0 0 9 0 0 0 0 0 0 1 0 0 0 0 0 0 0 0 1 38 16 21 0 25 13 46 0 20 0 0 9 28 20 60 19 39 9 18 2 0 0 0 0 0 0 0 0 0 0 0 0 0 0 0 0 0 0 0 0 0 0 4 0 0 0 0 0 0 0 0 0 0 0 0 9 0 0 10 0 0 0 0 35 18 0 0 0 7 18 23 4 0 0 0 0 0 0 0 0 2 0 0 0 0 56 25 26 4 70 0 9 9 24 0 14 14 18 39 0 0 0 0 0 0 0 2 0 2 0 0 0 0 0 0 0 0 0 0 0 0 0 0 0 0 0 0 0 0 0 0 0 0 0 0 0 0 0 0 0 0 0 0 0 0 0 0 0 0 0 1 0 0 11 2 2 0 0 0 2 0 0 0 0 0 0 0 0 0 0 0 0 0 0 0 0 0 0 0 0 0 0 0 0 0 0 0 0 0 
 3 6 3 3 3 3 3 3 4 3 3 79 3 3 5 3 3 92 3 3 55 110 102 140 142 40 295 0 242 103 24 60 316 156 177 42 105 99 225 213 3 0 2 2 4 1 2 0 6 0 0 0 0 0 131 4 5 0 5 2 2 3 7 0 0 3 0 12 2 2 1 3 6 7 3 2 1 0 0 2 13 0 2 0 0 0 0 0 0 2 0 0 0 0 0 0 0 0 0 0 30 12 33 0 63 0 4 6 43 21 29 0 12 0 20 17 22 15 7 1 0 0 0 0 0 0 0 0 0 0 0 0 0 0 0 2 0 2 0 0 0 0 0 10 2 0 0 0 0 2 0 0 0 13 0 0 0 0 0 8 0 0 0 0 14 0 0 0 0 0 13 0 11 0 0 0 0 10 0 0 31 12 40 14 0 3 24 30 0 19 0 7 34 32 16 4 1 0 9 61 4 0 0 0 0 1 0 0 0 0 0 0 0 0 0 0 0 17 15 0 0 0 0 0 0 0 21 0 1 0 0 0 9 0 0 0 0 0 0 0 0 0 0 0 0 0 0 0 0 0 0 0 0 0 4 0 1 77 0 0 4 0 0 0 0 0 0 0 0 0 0 0 0 0 0 0 0 0 0 0 0 7 0 0 0 9 0 0 0 0 
 7 1 1 0 0 0 1 1 1 2 0 1 1 4 1 1 1 1 41 2 358 215 255 531 113 56 114 242 0 409 121 28 92 289 105 57 224 89 81 179 6 0 5 2 7 0 3 0 3 0 0 1 0 0 2 7 5 0 5 2 9 3 0 0 0 5 0 0 2 2 5 3 0 2 4 4 3 1 0 2 0 0 0 0 0 0 13 0 0 0 0 0 0 0 0 0 6 0 0 0 0 29 0 0 8 43 0 15 0 30 19 0 49 48 6 15 0 29 0 19 0 0 0 0 0 0 0 0 0 0 0 0 13 0 0 0 0 0 16 0 0 0 0 0 0 0 0 0 0 1 0 0 0 0 0 0 0 0 3 0 0 0 0 0 0 7 0 0 0 7 0 0 4 0 0 0 7 0 0 14 8 13 0 7 0 9 13 21 0 27 0 0 14 14 13 9 13 10 0 19 0 0 0 0 0 0 0 4 0 0 0 0 0 0 0 0 0 0 0 40 0 0 0 0 0 0 0 0 0 0 0 0 0 0 0 2 0 0 0 0 0 24 0 0 0 0 0 0 0 1 0 0 0 0 8 1 3 47 0 3 1 0 65 0 0 0 0 0 0 0 0 0 0 0 0 0 0 0 0 0 0 0 0 0 0 11 0 20 0 3 
 0 0 0 0 0 0 0 0 0 0 0 1 2 0 0 0 0 0 0 0 161 119 201 343 232 78 120 103 409 0 81 51 194 172 172 188 109 59 273 270 3 0 2 0 3 0 23 0 3 0 0 0 63 0 0 0 3 0 64 0 0 3 6 0 0 3 0 3 2 2 0 3 63 0 3 0 0 0 0 2 0 0 0 0 0 0 0 0 0 0 0 0 0 0 0 0 0 0 0 0 9 16 15 35 11 30 59 0 49 10 19 18 0 15 22 23 20 40 12 14 0 0 0 0 0 0 0 9 1 0 0 0 0 1 0 0 0 0 14 0 0 0 0 2 0 0 0 0 0 0 0 0 0 0 0 0 2 0 1 2 0 1 0 0 0 4 0 4 0 5 0 0 0 0 0 0 0 0 0 0 0 3 43 7 13 30 15 11 12 21 7 28 12 10 10 1 1 12 0 11 1 0 0 0 0 0 0 19 2 0 0 0 16 19 0 1 0 0 19 1 0 2 0 0 0 0 0 0 0 0 0 0 0 0 0 0 0 0 0 0 0 0 1 0 0 0 0 0 0 0 0 0 0 0 14 1 2 3 1 0 2 2 0 0 0 0 0 0 0 0 0 0 0 0 50 0 0 0 0 0 0 16 0 1 0 0 0 0 0 1 
 0 0 0 0 1 2 0 0 0 0 3 1 0 0 1 0 0 0 1 0 95 121 277 149 472 371 30 24 121 81 0 128 74 39 63 77 455 77 39 55 6 2 2 0 2 0 23 0 3 0 0 0 124 3 0 0 6 0 68 0 0 6 0 0 2 3 2 0 9 2 0 3 0 0 3 0 0 37 0 2 0 0 0 0 0 0 0 0 0 0 0 0 0 0 0 0 0 0 0 0 0 5 0 10 45 29 0 8 0 15 1 36 0 33 0 8 14 24 1 0 13 3 9 0 0 0 30 14 0 0 0 0 26 13 31 1 17 0 17 30 0 2 0 0 1 0 0 0 0 0 0 0 0 0 0 0 0 0 0 0 0 0 0 0 12 0 0 3 0 1 1 0 0 0 0 0 0 0 0 0 18 17 18 20 25 22 0 22 13 0 0 21 0 0 0 2 3 33 0 0 19 0 0 0 0 13 0 0 0 0 0 0 25 11 1 21 0 4 35 37 0 0 0 0 0 0 0 0 0 0 0 0 0 0 0 0 19 6 0 0 0 0 0 0 0 0 0 0 0 0 0 0 0 0 22 0 2 93 2 3 1 0 0 0 0 0 10 0 0 0 0 0 0 0 0 0 0 0 0 0 0 13 0 0 0 15 9 0 0 0 
 0 0 0 0 0 1 0 0 75 0 0 0 0 0 0 0 0 0 0 0 47 43 37 113 56 197 39 60 28 51 128 0 40 41 26 266 79 57 24 27 3 69 14 2 2 0 90 104 3 0 1 0 67 127 6 4 69 0 63 63 0 3 0 0 0 3 0 2 2 11 0 3 0 0 3 3 0 0 0 2 0 0 0 0 0 0 0 0 0 0 2 0 0 0 0 0 0 0 0 0 0 0 0 0 51 35 0 0 0 0 9 23 0 0 0 0 0 0 0 0 37 1 0 0 0 0 31 27 43 21 21 0 0 0 60 42 36 27 12 25 0 0 1 0 0 0 0 0 0 0 0 0 0 0 2 0 0 0 0 0 0 0 0 8 0 0 0 0 0 0 0 0 0 0 0 0 0 0 0 0 0 0 0 0 8 17 0 2 0 0 20 32 0 0 0 0 0 0 0 0 0 23 0 21 0 1 12 0 0 1 0 20 18 35 49 28 8 1 29 26 0 0 0 2 0 0 0 0 0 0 0 0 2 0 0 0 0 0 0 0 0 0 1 0 0 0 0 0 0 0 0 0 0 0 10 2 4 0 4 17 4 0 0 0 0 1 0 0 0 0 0 0 0 0 0 0 0 0 0 0 0 7 0 7 0 0 0 5 0 0 
 0 80 36 0 62 1 82 153 2 0 2 75 2 1 0 75 74 111 0 0 160 191 368 99 295 36 139 316 92 194 74 40 0 86 144 43 324 30 83 129 3 0 2 4 2 0 3 0 3 0 0 0 0 0 0 0 3 0 3 0 0 3 7 0 0 3 0 6 3 2 0 3 10 0 3 0 0 0 0 2 2 0 0 27 28 19 0 0 0 0 26 18 0 0 0 0 0 0 0 0 14 22 13 1 13 0 28 0 26 35 12 0 0 12 0 0 1 1 41 26 0 0 0 0 0 0 0 0 0 0 0 20 0 0 0 0 0 0 0 0 0 0 0 0 0 0 0 0 0 0 0 0 0 0 0 8 0 0 0 0 0 21 0 60 0 1 0 0 0 1 0 12 0 0 11 0 0 0 0 0 27 11 36 33 0 8 9 13 10 15 10 5 52 13 0 16 0 0 0 26 0 11 0 0 1 0 0 0 0 0 0 0 0 0 0 0 0 0 5 0 0 0 0 0 0 0 1 0 0 0 0 0 0 0 0 0 0 0 0 0 0 0 0 0 0 0 76 0 0 0 0 0 0 0 24 0 1 26 0 1 2 27 0 0 0 2 0 0 0 0 0 0 0 0 0 0 0 0 0 0 0 0 0 0 1 0 0 0 0 0 
 0 0 0 75 0 73 0 0 0 0 75 0 0 0 0 0 0 75 0 0 276 35 210 107 222 52 381 156 289 172 39 41 86 0 177 34 55 213 115 251 4 0 5 0 2 4 2 0 7 2 3 63 3 2 0 0 3 2 3 3 48 3 0 0 0 3 2 0 3 2 0 5 19 0 3 0 0 5 0 2 0 0 0 0 0 0 0 0 0 0 1 7 1 0 0 0 0 0 0 0 1 22 0 11 19 9 4 0 0 0 60 10 0 39 18 0 0 29 0 24 1 0 1 0 0 0 0 0 0 0 0 0 49 11 0 0 0 0 24 0 0 0 0 0 0 0 0 2 0 5 0 0 0 0 0 0 0 0 7 0 0 0 0 0 0 4 0 0 0 0 12 10 14 0 0 0 0 0 0 0 34 22 13 1 24 0 0 13 12 74 0 6 13 12 10 18 7 37 34 6 11 0 0 0 0 0 1 0 0 1 0 0 0 0 0 0 0 0 1 18 0 0 0 0 0 0 0 0 0 0 0 0 0 0 0 0 0 0 0 0 0 0 0 0 0 0 0 0 0 0 0 0 0 0 18 1 0 173 1 1 1 0 0 0 0 0 0 0 0 0 0 0 0 0 0 0 0 0 0 0 0 0 0 0 0 9 0 0 0 0 
 0 0 0 75 81 83 0 0 0 0 73 0 0 0 0 0 3 2 0 0 146 121 366 64 85 62 125 177 105 172 63 26 144 177 0 178 347 86 153 175 6 0 144 0 5 0 0 0 3 0 1 1 0 0 2 1 3 0 2 0 4 3 6 0 0 6 0 55 2 3 0 3 0 2 5 4 3 0 0 2 0 0 0 0 0 12 0 0 0 0 0 7 0 0 18 0 0 0 0 0 14 42 52 0 11 0 1 12 30 13 13 0 0 29 21 43 11 11 13 9 0 0 0 0 0 0 0 0 0 0 0 2 0 0 0 0 0 0 11 0 0 0 0 0 0 0 0 0 0 4 13 0 0 0 0 0 1 0 0 1 0 2 0 0 13 16 0 0 0 13 0 0 13 0 0 0 0 0 0 0 9 11 16 23 0 13 0 18 26 8 1 0 0 23 28 19 25 9 22 21 0 0 0 0 0 0 0 0 0 0 0 0 0 0 0 2 0 0 0 0 0 0 0 0 0 12 0 0 0 0 0 0 0 0 0 0 0 0 0 0 0 0 0 0 0 0 0 0 0 0 0 0 0 0 2 0 0 3 0 1 0 18 0 0 0 0 0 0 0 0 0 0 0 0 0 0 0 0 0 0 0 0 0 1 2 0 0 0 0 0 
 71 4 3 3 60 7 3 3 3 3 4 3 3 3 3 3 3 4 4 3 48 204 71 201 398 83 194 42 57 188 77 266 43 34 178 0 186 47 25 478 3 0 2 0 2 0 25 1 5 0 0 0 138 0 0 0 3 0 132 35 0 3 8 0 0 3 0 0 2 2 0 3 0 0 3 0 0 0 0 2 0 0 0 0 0 0 0 0 0 3 1 0 0 0 0 0 0 0 0 0 0 14 13 28 2 10 12 13 18 2 17 50 2 0 13 23 43 53 11 0 0 20 0 0 0 0 0 36 0 0 0 9 9 6 0 0 1 0 12 0 0 1 0 0 0 0 0 0 0 0 0 0 0 0 0 0 0 0 0 0 0 0 0 0 19 10 0 0 0 0 22 23 0 0 0 0 0 0 0 0 0 10 7 7 45 21 21 0 9 0 53 20 1 12 24 41 1 40 13 0 0 0 0 0 0 0 2 19 0 0 0 0 17 1 0 0 0 0 37 0 0 0 0 0 0 0 0 0 0 0 0 0 0 0 0 0 0 0 0 0 0 0 1 0 0 0 0 0 0 0 0 0 0 0 0 0 2 0 4 0 3 0 0 0 0 0 0 0 0 0 0 0 0 0 0 0 0 0 0 0 0 16 0 0 0 0 0 0 0 0 
 0 0 0 0 0 0 0 0 0 0 0 0 2 0 1 0 0 0 0 0 45 132 175 182 345 66 106 105 224 109 455 79 324 55 347 186 0 60 136 41 3 0 2 0 2 0 89 0 3 0 0 208 66 0 0 40 3 2 96 0 0 3 0 0 0 3 0 0 11 2 0 3 0 0 3 0 0 5 0 2 0 0 0 2 0 0 0 0 0 0 0 0 0 0 0 0 0 0 0 0 0 11 1 33 12 3 0 36 21 37 35 18 7 1 8 19 10 19 4 0 0 0 0 0 0 0 0 0 0 0 0 0 27 10 0 0 0 1 9 19 0 0 0 14 0 0 0 0 0 0 0 0 1 0 19 0 0 0 18 0 0 36 0 0 9 0 0 6 0 4 0 0 0 2 2 0 0 0 0 0 12 11 33 56 18 39 19 33 13 17 2 7 2 3 1 22 10 12 0 27 18 0 0 0 0 0 0 6 0 0 0 0 11 0 0 0 0 0 23 21 0 0 0 0 0 0 0 0 0 0 0 0 0 0 0 0 0 0 0 0 0 0 1 0 0 0 0 0 0 0 0 0 0 0 9 0 0 75 2 2 2 1 0 0 0 0 28 0 0 0 0 0 0 0 0 0 0 0 0 0 0 8 0 0 0 10 10 0 0 0 
 2 0 0 0 0 0 0 0 0 0 0 0 0 0 0 0 0 0 1 2 54 168 127 159 36 157 45 99 89 59 77 57 30 213 86 47 60 0 86 32 3 0 2 0 2 0 0 0 3 61 0 0 64 1 0 0 3 0 68 0 0 3 0 0 0 3 0 0 3 2 1 3 0 0 3 0 0 3 0 2 0 0 0 0 0 0 0 0 0 0 0 0 0 0 0 0 0 0 0 0 0 0 19 14 0 0 0 0 1 7 11 42 0 7 25 0 5 0 0 0 9 17 0 1 0 0 6 3 0 0 0 0 46 0 34 0 0 0 8 0 0 0 0 0 0 0 0 0 0 4 0 0 0 0 2 0 0 0 6 0 0 0 0 0 0 1 0 1 0 0 0 0 16 9 0 0 0 0 0 0 0 30 1 28 46 0 0 2 0 40 0 16 1 17 17 10 27 13 18 5 50 0 1 0 0 0 0 0 0 0 0 0 38 0 26 16 0 11 8 59 0 0 0 1 0 0 0 0 0 0 0 0 2 0 0 0 0 0 1 0 0 0 0 0 0 0 0 0 0 0 0 0 0 0 10 2 0 133 1 2 0 0 0 0 0 0 0 0 0 0 0 0 0 0 0 0 0 0 0 13 0 0 0 0 0 0 0 0 0 0 
 1 75 2 0 73 78 0 0 0 25 76 21 0 77 0 0 0 380 0 4 25 143 110 64 62 62 163 225 81 273 39 24 83 115 153 25 136 86 0 247 3 0 2 0 2 0 0 0 3 0 0 0 0 0 0 43 3 0 3 0 0 3 0 46 0 3 0 0 3 2 0 3 0 0 3 0 0 53 0 3 8 0 13 0 12 0 0 0 1 13 5 24 0 0 0 0 11 28 0 0 13 0 14 1 0 0 6 22 0 12 1 0 38 12 30 20 2 0 37 0 0 0 0 0 0 0 0 0 1 0 0 0 0 0 0 0 0 0 0 0 0 0 0 8 0 0 0 0 0 0 14 0 0 0 0 0 0 0 0 0 0 0 0 2 25 6 0 0 11 0 9 0 0 0 0 16 18 32 1 0 59 12 0 1 0 0 31 13 14 13 0 0 12 73 11 16 14 22 1 37 0 0 0 0 0 0 0 0 0 0 0 0 0 0 0 0 0 0 0 0 0 0 0 0 0 11 0 0 0 1 0 0 0 1 0 0 0 0 0 0 0 0 0 0 0 0 0 0 0 72 0 0 0 0 4 0 2 0 0 0 0 1 0 0 0 0 0 0 0 0 0 0 0 0 0 0 0 13 0 0 0 0 0 0 0 0 0 0 0 0 
 2 2 2 2 77 2 3 2 2 5 4 39 2 3 4 2 94 117 2 2 162 35 105 145 110 53 440 213 179 270 55 27 129 251 175 478 41 32 247 0 3 0 2 0 2 1 0 0 3 0 0 0 0 0 0 4 3 63 3 0 0 85 5 0 0 3 0 0 2 2 0 3 1 0 3 0 0 0 0 2 0 0 0 0 1 0 0 0 0 14 0 10 0 0 0 0 0 9 0 0 60 13 31 1 0 14 9 14 0 0 8 0 0 37 21 8 2 18 9 18 0 0 0 0 0 0 0 0 0 0 0 0 0 0 0 0 2 0 15 0 0 0 0 8 0 0 0 0 0 0 0 0 0 0 0 0 0 0 0 0 0 0 0 0 26 19 0 0 0 7 10 0 5 0 0 0 21 5 0 0 0 15 16 15 10 0 5 15 12 25 0 20 10 11 30 13 21 0 0 18 17 0 0 0 0 0 0 0 0 0 0 0 0 0 0 0 0 0 20 0 0 12 0 0 0 0 0 0 0 0 0 0 0 0 0 0 0 0 0 0 0 0 0 0 0 0 0 0 0 0 0 0 0 0 3 2 2 74 0 0 2 0 0 0 0 0 0 0 0 0 0 0 0 0 0 0 0 19 0 0 0 0 0 0 0 0 0 0 0 0 
 0 0 0 0 1 0 0 0 0 3 2 0 0 0 0 0 0 0 0 0 3 3 6 4 3 32 3 3 6 3 6 3 3 4 6 3 3 3 3 3 0 442 191 106 273 245 56 60 261 101 101 49 81 92 105 273 443 46 241 73 0 0 1 0 0 0 0 0 0 0 2 4 0 0 0 0 0 0 0 1 0 0 0 0 0 0 0 0 16 0 0 0 0 0 0 0 0 0 0 0 0 0 4 0 0 0 0 0 0 0 0 0 0 0 0 0 0 0 0 0 26 13 11 32 1 0 24 20 15 0 7 7 0 6 0 0 0 10 0 33 0 0 3 0 0 0 3 12 6 0 0 0 8 4 0 0 0 0 0 11 0 0 2 0 0 0 0 0 0 0 0 0 0 0 0 0 0 0 0 0 0 0 0 0 0 0 0 0 0 0 0 0 0 1 0 0 0 0 0 0 11 7 14 7 4 12 11 11 45 31 23 17 0 7 2 9 0 2 5 6 0 0 0 4 0 0 0 0 0 0 0 0 0 1 0 0 0 0 0 12 0 0 9 0 0 0 0 0 0 0 0 9 0 2 0 0 0 0 0 0 0 0 1 0 0 4 2 0 0 0 0 0 0 0 0 0 0 0 0 0 0 0 0 0 1 0 0 0 0 0 
 0 0 0 0 2 0 0 0 0 0 54 0 0 0 0 0 0 0 0 0 0 0 0 0 0 61 0 0 0 0 2 69 0 0 0 0 0 0 0 0 442 0 276 124 107 29 75 173 53 320 43 145 26 109 34 112 98 177 114 118 0 0 0 0 1 3 0 0 0 4 10 1 0 0 0 0 0 0 0 0 0 0 0 0 0 0 0 0 0 0 0 0 0 0 0 0 0 0 0 0 0 0 0 0 0 5 0 0 0 0 0 0 0 0 0 0 0 0 0 0 0 11 11 3 2 0 13 0 45 0 32 1 0 13 19 9 10 50 0 8 0 0 14 0 3 0 10 13 0 0 3 0 7 0 0 0 0 0 0 0 0 3 0 2 7 0 4 0 0 0 0 0 0 0 0 0 6 0 0 0 0 0 0 0 0 0 0 0 0 0 0 0 0 0 0 0 0 0 0 0 12 0 1 16 12 1 9 10 16 12 1 8 10 1 11 36 0 13 0 0 0 0 0 0 12 0 0 0 0 0 0 1 0 0 0 0 0 0 0 19 0 0 0 0 0 0 0 0 0 0 0 0 0 1 0 0 0 0 0 2 0 0 0 8 0 10 2 0 0 0 0 0 0 0 0 0 0 0 0 0 0 0 0 0 19 0 0 0 0 0 
 0 0 0 0 0 0 0 0 0 0 0 0 0 0 0 0 0 0 0 0 2 2 4 2 2 32 2 2 5 2 2 14 2 5 144 2 2 2 2 2 191 276 0 93 65 43 73 137 92 177 48 176 63 34 116 188 143 123 30 104 1 0 0 0 0 0 51 0 0 0 0 0 0 0 0 1 0 0 53 53 0 0 0 0 0 0 0 4 11 0 0 0 0 0 0 0 0 0 0 0 0 0 0 0 0 0 0 0 0 0 0 0 0 0 0 0 0 0 0 0 0 18 20 1 2 0 8 0 0 0 4 14 0 17 7 0 0 27 0 20 3 0 3 0 0 0 6 7 14 0 0 0 31 0 9 19 30 0 9 0 0 4 4 0 0 0 6 0 0 0 0 0 0 0 0 0 7 0 0 0 0 0 0 0 0 0 0 0 0 0 0 0 0 0 0 0 0 0 0 0 10 0 15 22 17 29 3 20 21 6 9 19 0 18 18 1 1 7 0 0 0 2 0 0 0 0 0 5 3 0 0 0 4 2 2 0 0 0 4 27 0 0 22 0 0 0 0 0 0 0 0 8 0 2 0 0 0 0 0 0 0 0 1 67 67 5 2 0 0 0 0 0 0 0 0 0 0 0 0 0 0 3 0 0 9 0 0 0 0 0 
 0 0 0 0 0 0 0 0 2 0 0 0 2 0 0 0 0 0 0 0 0 0 0 0 2 1 0 2 2 0 0 2 4 0 0 0 0 0 0 0 106 124 93 0 166 84 278 64 94 190 144 29 71 150 272 140 110 335 297 145 24 0 2 0 0 0 1 30 0 0 0 2 0 0 62 16 0 0 0 3 0 0 0 0 0 0 0 0 0 0 0 1 0 0 0 0 0 0 0 0 0 0 0 0 0 0 0 0 0 0 0 0 0 0 10 0 0 0 0 0 0 1 70 6 11 41 17 0 12 0 12 15 0 0 0 10 10 9 0 0 0 0 6 0 0 0 10 5 0 0 0 0 0 0 10 18 0 0 7 23 0 0 0 0 0 0 0 0 8 0 0 0 0 0 0 0 0 0 0 0 0 0 0 0 0 0 0 0 0 0 0 0 0 0 0 0 0 0 0 0 10 0 24 0 8 0 6 0 10 23 4 7 0 0 10 12 9 29 0 0 0 9 0 0 0 0 42 0 0 0 0 0 0 10 6 0 10 0 0 9 0 0 0 0 0 1 0 0 0 0 0 15 0 0 0 0 0 0 0 11 0 0 4 0 4 0 0 64 0 0 0 0 0 0 0 0 0 0 0 0 0 0 0 0 13 5 0 0 1 3 
 0 0 0 22 0 0 0 0 0 0 0 0 0 69 0 0 0 0 0 0 2 2 2 70 2 2 2 4 7 3 2 2 2 2 5 2 2 2 2 2 273 107 65 166 0 137 69 281 81 82 248 40 99 79 91 91 77 51 93 102 3 53 1 0 0 14 105 0 0 0 0 1 51 16 4 0 63 62 27 56 0 0 0 0 0 0 0 0 0 0 0 0 0 0 0 0 0 0 0 0 0 0 0 0 0 0 0 0 12 0 0 0 0 0 0 0 0 0 0 0 6 0 10 12 7 60 0 13 11 0 7 8 0 0 0 0 0 0 0 0 7 0 14 0 0 11 0 19 0 2 0 0 12 22 0 0 1 0 70 20 0 0 0 0 0 0 0 1 0 0 0 0 0 4 0 0 0 0 0 0 0 0 0 0 0 0 0 0 0 0 0 0 0 0 0 0 0 0 0 0 0 0 12 0 0 12 0 0 11 8 25 1 0 21 0 7 11 0 0 0 12 12 0 10 0 0 0 0 0 27 2 1 24 27 11 0 28 4 55 12 0 0 0 0 0 0 0 0 0 0 0 7 0 0 0 0 0 0 0 0 0 13 3 0 2 0 3 0 0 0 0 0 0 0 0 0 0 0 0 0 0 1 0 0 1 0 0 0 7 0 
 0 14 0 0 1 64 0 0 69 23 66 1 63 0 0 0 0 1 0 0 0 3 0 0 1 0 0 1 0 0 0 0 0 4 0 0 0 0 0 1 245 29 43 84 137 0 48 21 53 45 64 96 30 65 51 241 77 349 213 57 1 14 5 0 2 1 50 54 5 18 2 2 0 0 57 5 0 3 54 12 0 6 0 12 0 0 0 0 0 1 8 0 0 1 0 0 8 0 0 1 0 0 0 0 0 0 0 0 0 0 0 0 11 0 0 0 0 0 0 0 0 0 14 9 0 35 0 0 0 0 0 0 0 0 0 0 20 0 0 0 0 0 25 12 5 0 0 0 9 0 3 0 16 9 0 0 0 0 12 2 0 10 7 1 0 0 0 0 0 0 0 0 0 8 0 15 0 0 1 0 0 0 0 0 0 0 0 0 0 0 0 0 8 0 0 0 0 0 10 0 0 0 0 0 2 5 0 0 18 0 1 0 0 0 0 0 19 6 0 0 0 0 5 19 12 7 32 0 0 0 6 1 4 26 4 0 31 1 43 0 0 0 0 0 0 0 1 0 0 0 0 5 0 0 0 0 0 0 0 0 0 0 0 0 2 4 0 61 0 0 0 0 0 0 0 5 0 0 0 0 0 0 0 0 0 20 0 0 1 0 
 4 0 0 0 0 0 0 0 0 0 0 0 0 0 0 0 0 0 0 0 0 66 0 62 129 26 0 2 3 23 23 90 3 2 0 25 89 0 0 0 56 75 73 278 69 48 0 162 146 242 41 37 321 188 64 46 102 25 107 324 0 0 0 0 0 0 0 0 10 0 0 0 0 0 0 0 0 4 0 0 0 0 0 0 0 0 0 0 0 0 0 0 0 0 0 0 0 0 0 0 0 0 0 21 0 4 0 0 13 12 2 33 0 0 0 0 0 22 0 0 20 2 8 26 3 0 0 30 14 20 0 0 0 6 19 9 5 2 25 22 0 0 0 0 0 0 0 0 0 0 0 0 6 0 0 0 0 0 1 0 0 0 0 4 0 0 0 0 0 0 0 0 0 0 0 0 7 0 0 0 0 8 0 19 21 30 0 0 0 0 18 19 0 0 0 6 3 0 0 0 0 9 15 25 0 7 8 47 3 37 6 3 26 38 45 0 19 0 27 28 0 0 0 0 0 0 0 0 0 0 0 2 0 0 0 0 0 0 0 0 0 0 0 0 0 0 0 0 0 0 0 0 0 0 0 0 0 0 0 14 0 0 2 0 2 0 9 0 1 0 0 0 0 0 0 0 24 0 0 0 0 6 0 0 7 0 19 5 0 0 
 0 0 0 0 0 0 0 0 0 0 0 0 0 0 0 3 0 0 0 0 0 0 0 65 2 93 0 0 0 0 0 104 0 0 0 1 0 0 0 0 60 173 137 64 281 21 162 0 282 29 23 39 200 260 110 274 103 266 370 123 0 0 0 0 0 0 0 0 0 4 0 0 0 0 0 0 0 1 50 0 0 0 0 0 0 0 25 0 0 1 0 0 0 0 0 0 0 0 0 0 0 0 0 5 18 13 0 0 6 0 7 10 0 0 0 0 0 0 0 0 0 12 0 0 0 0 22 14 26 13 12 1 1 6 29 11 5 35 19 33 0 0 3 0 0 0 0 7 0 11 0 0 0 0 0 0 0 0 0 0 0 36 0 4 0 0 0 22 0 0 0 0 0 0 0 0 0 0 0 0 0 0 5 0 12 0 0 0 0 0 28 7 0 0 10 0 0 10 0 0 11 11 0 32 0 0 13 4 0 1 19 0 10 15 34 27 9 10 14 0 0 0 0 0 0 0 0 0 0 0 0 0 0 0 0 0 0 0 0 0 0 0 2 0 0 0 0 0 0 27 0 0 0 2 0 0 0 0 14 14 1 0 0 0 0 2 0 0 0 0 0 0 0 0 0 0 0 0 0 1 0 0 0 0 3 0 0 5 0 18 
 0 3 0 0 0 0 0 0 0 9 2 0 0 0 0 0 0 0 0 0 3 3 6 3 3 3 3 6 3 3 3 3 3 7 3 5 3 3 3 3 261 53 92 94 81 53 146 282 0 315 96 43 87 100 316 618 378 299 291 219 0 0 1 2 0 0 6 0 0 4 5 9 0 29 0 31 52 2 0 6 0 0 0 0 0 0 0 0 0 0 0 0 0 0 0 0 0 0 0 0 0 0 0 0 0 0 0 0 0 0 0 0 0 0 0 0 0 0 0 0 28 16 15 59 0 0 11 3 1 12 2 15 0 13 20 22 0 0 13 13 8 0 0 0 0 5 0 1 10 4 0 0 5 0 0 0 17 4 0 1 0 0 0 3 0 0 0 0 0 0 0 0 0 0 0 0 0 0 1 0 0 0 0 0 0 0 0 0 0 0 0 0 0 14 0 0 0 0 0 0 0 13 46 0 9 14 11 14 22 31 23 8 15 0 15 0 47 4 0 5 0 0 0 18 1 0 0 0 0 0 0 0 0 0 0 0 0 4 0 2 0 0 0 0 0 0 0 0 0 0 0 2 0 1 0 0 0 0 0 2 0 0 63 0 0 0 0 0 2 0 6 0 0 0 0 3 0 0 0 0 0 0 0 0 0 0 0 0 0 0 
 0 0 0 0 1 0 56 0 0 0 0 0 0 0 0 0 0 0 0 0 0 0 0 0 0 0 0 0 0 0 0 0 0 2 0 0 0 61 0 0 101 320 177 190 82 45 242 29 315 0 155 103 66 150 148 210 288 103 87 235 1 0 1 2 0 0 27 0 0 4 14 5 0 56 0 4 0 2 37 43 0 0 0 0 0 0 0 0 0 0 0 0 10 0 0 0 0 0 0 0 0 0 0 0 0 0 0 0 0 0 0 30 0 0 0 0 0 0 0 0 4 0 46 6 7 9 24 4 0 0 0 0 0 28 0 0 0 13 0 0 17 0 0 25 0 6 7 5 0 10 0 0 4 0 11 4 10 28 11 1 0 6 2 0 0 0 2 0 0 0 0 0 0 0 0 0 3 0 0 0 0 0 0 0 0 0 0 0 0 0 0 0 0 0 0 0 0 0 0 0 0 3 47 22 11 27 10 33 37 17 21 3 0 0 18 0 9 11 0 0 0 16 0 16 0 0 0 9 0 0 0 0 25 1 0 0 1 19 0 10 0 0 0 0 0 0 0 0 0 0 0 1 0 0 0 0 0 0 0 14 0 0 0 64 2 21 1 1 0 0 0 0 0 0 0 5 0 0 0 0 0 0 0 0 9 16 0 0 0 0 
 2 2 2 2 4 2 2 2 2 2 2 2 2 2 2 2 2 2 2 2 0 0 3 0 0 0 0 0 0 0 0 1 0 3 1 0 0 0 0 0 101 43 48 144 248 64 41 23 96 155 0 97 35 34 144 169 177 111 273 58 0 0 2 0 0 9 3 0 0 0 0 0 0 70 0 0 6 0 0 0 0 0 0 0 0 0 0 0 0 0 0 0 0 0 0 0 0 0 0 0 0 0 0 0 0 0 0 0 0 0 0 0 0 0 0 0 0 0 0 0 1 0 0 1 0 36 23 19 0 0 0 8 0 0 0 6 0 0 0 9 0 0 0 0 0 0 0 0 0 0 0 0 0 18 0 0 0 0 4 13 0 0 2 1 0 0 0 0 0 0 0 0 0 0 0 0 0 0 19 0 0 0 0 0 0 0 0 0 0 0 0 0 0 0 0 9 0 0 0 0 0 0 18 0 0 0 3 2 1 1 50 4 0 1 0 0 0 31 0 1 0 7 20 0 0 0 0 19 0 1 0 0 0 0 28 0 5 8 32 0 0 0 0 0 0 0 1 0 0 0 0 2 0 0 0 2 0 0 60 10 0 0 65 0 1 6 0 0 0 0 0 0 0 0 0 0 0 0 0 0 0 0 0 0 0 0 0 0 10 0 
 0 0 0 0 0 0 0 0 0 0 2 0 0 0 0 0 0 0 0 0 0 0 0 0 0 0 0 0 1 0 0 0 0 63 1 0 208 0 0 0 49 145 176 29 40 96 37 39 43 103 97 0 232 23 28 154 91 226 27 40 0 0 58 1 0 0 22 0 0 0 65 0 0 0 4 4 0 1 3 5 0 0 11 0 0 0 0 0 0 0 0 0 0 0 0 0 0 0 0 0 0 0 0 0 0 0 0 0 0 0 0 0 0 0 0 0 0 0 0 0 0 22 13 34 7 1 15 10 0 0 0 18 0 11 0 0 14 3 0 43 11 3 0 4 0 0 0 29 0 0 0 3 21 0 0 1 8 0 0 11 0 0 3 0 0 0 3 0 0 0 0 0 0 0 0 0 0 0 0 0 0 0 0 0 0 0 0 0 0 0 0 0 0 0 0 0 0 0 0 0 0 1 8 11 54 30 0 12 44 0 21 34 0 28 0 0 9 19 0 0 0 3 0 3 4 0 6 29 0 0 0 0 0 0 0 0 36 0 0 3 0 0 0 0 0 0 0 0 0 0 0 7 0 2 0 0 0 0 0 1 0 1 83 1 0 10 3 66 0 0 8 0 0 0 0 1 0 0 0 0 0 0 0 0 3 10 0 0 0 0 
 0 0 0 0 0 0 0 0 0 0 0 0 0 0 0 0 0 0 6 0 0 1 0 156 0 124 0 0 0 63 124 67 0 3 0 138 66 64 0 0 81 26 63 71 99 30 321 200 87 66 35 232 0 134 104 60 40 250 126 144 0 0 0 0 0 1 0 0 12 0 0 0 0 0 0 0 0 5 0 0 0 0 0 0 8 0 0 0 0 0 0 0 0 0 0 0 0 0 4 0 0 9 0 49 31 7 0 0 25 9 48 21 0 18 0 0 0 0 0 0 7 21 0 0 0 0 7 31 8 11 0 1 16 16 0 0 18 0 0 7 0 0 0 0 0 0 0 0 0 12 0 0 0 0 0 0 0 0 0 0 0 0 0 0 0 0 0 0 0 0 2 0 0 0 0 0 0 0 0 0 0 2 0 23 5 18 14 0 0 18 1 16 0 0 0 32 11 0 0 0 0 7 0 20 0 0 8 9 0 0 0 0 10 25 21 14 19 0 39 20 0 0 0 0 0 0 0 0 0 0 0 0 0 0 0 0 0 0 0 0 0 0 0 0 0 0 0 0 0 0 0 5 0 2 0 0 0 0 66 0 9 0 0 2 0 1 2 0 0 0 0 0 0 0 0 0 0 0 0 0 0 8 0 0 0 0 2 7 0 0 
 0 0 8 0 0 0 0 0 5 0 0 7 7 3 13 0 0 0 0 0 0 0 0 0 0 0 0 0 0 0 3 127 0 2 0 0 0 1 0 0 92 109 34 150 79 65 188 260 100 150 34 23 134 0 532 174 73 125 105 163 0 0 0 0 0 0 0 0 0 14 0 0 59 0 0 0 0 0 0 0 3 0 14 0 0 0 0 6 8 0 0 0 0 0 4 3 15 0 0 0 0 0 0 0 0 21 0 0 0 0 0 6 0 0 0 0 0 0 4 0 26 35 0 21 0 0 16 16 15 12 35 17 0 0 55 1 12 0 13 21 0 0 3 0 0 0 0 7 0 0 0 0 0 0 0 0 0 0 0 0 4 0 0 3 3 4 0 0 5 3 0 0 0 0 5 4 0 0 0 0 0 0 0 0 11 0 0 0 0 0 0 0 0 0 0 0 0 0 0 0 0 27 9 23 0 0 51 9 7 34 1 0 9 66 56 0 48 21 10 2 0 0 0 0 0 0 0 0 0 0 0 0 0 0 0 0 0 0 0 0 0 8 0 0 0 0 0 0 0 0 0 4 0 2 0 0 0 0 0 0 0 0 24 0 0 1 0 0 0 0 1 0 0 0 0 0 0 0 0 0 0 0 0 0 10 0 0 13 0 0 
 20 2 2 2 2 2 2 2 2 2 2 2 5 2 2 2 2 2 2 10 0 0 0 0 3 0 2 131 2 0 0 6 0 0 2 0 0 0 0 0 105 34 116 272 91 51 64 110 316 148 144 28 104 532 0 109 398 107 75 133 0 0 0 0 0 0 0 50 0 0 5 8 0 0 0 0 0 2 0 0 0 6 0 0 0 0 0 0 0 0 0 0 13 4 0 0 0 0 4 0 19 0 0 0 0 0 0 0 0 0 0 0 0 0 0 0 0 0 0 0 27 10 0 44 10 0 1 19 9 57 11 10 0 12 0 10 0 0 0 18 0 0 0 0 0 7 0 0 44 0 0 0 7 0 0 0 0 0 0 0 0 0 7 0 0 0 9 5 0 0 0 0 4 0 0 0 0 0 7 0 33 0 0 0 6 0 0 0 0 0 0 0 0 0 0 0 0 0 0 0 0 6 63 33 10 4 8 21 12 44 29 25 0 0 2 0 22 18 1 6 0 0 0 0 0 0 14 7 0 0 0 0 0 0 0 0 0 0 0 13 0 0 12 0 0 0 0 0 0 0 0 4 0 1 0 0 0 0 0 2 0 0 1 0 0 0 1 0 0 0 1 0 0 0 0 0 0 0 0 0 0 0 0 0 1 0 0 0 0 0 
 0 0 0 0 0 0 0 0 0 0 0 0 2 0 0 0 0 0 0 0 0 3 4 0 2 0 6 4 7 0 0 4 0 0 1 0 40 0 43 4 273 112 188 140 91 241 46 274 618 210 169 154 60 174 109 0 156 156 49 184 0 0 0 0 0 0 0 4 0 5 0 1 0 0 0 6 0 0 0 0 0 0 12 0 0 0 0 0 0 0 0 0 0 0 0 0 0 0 0 0 0 0 2 0 0 1 0 4 0 7 0 0 8 8 0 10 0 0 0 0 0 3 4 1 1 0 25 13 18 0 21 23 0 11 1 20 0 9 0 0 0 0 5 0 0 0 0 21 1 0 0 0 0 0 0 0 0 0 0 9 0 0 4 0 0 0 5 0 0 0 0 0 0 0 0 0 0 8 0 0 0 0 0 1 1 15 4 4 0 6 0 6 7 7 0 0 7 0 0 2 9 0 19 47 0 0 23 22 5 25 15 18 0 19 29 0 0 35 0 0 0 0 0 0 0 0 0 0 0 0 0 0 0 0 0 0 0 0 0 0 0 0 6 0 0 0 0 0 0 0 0 1 0 2 0 0 0 0 0 1 0 0 0 3 2 10 1 0 3 0 0 0 0 55 0 0 0 0 0 0 0 0 0 0 16 0 0 0 0 0 
 1 0 0 0 0 0 1 42 0 0 56 0 0 0 0 0 0 0 7 65 3 3 6 3 66 66 3 5 5 3 6 69 3 3 3 3 3 3 3 3 443 98 143 110 77 77 102 103 378 288 177 91 40 73 398 156 0 391 58 347 0 0 0 0 0 0 0 0 0 0 0 0 0 0 0 0 0 0 0 0 0 0 0 0 0 0 3 0 0 0 0 0 0 0 0 0 0 0 0 0 19 0 0 30 0 32 0 0 0 0 0 0 0 1 0 0 0 0 0 0 6 34 0 10 0 0 7 1 1 0 1 16 0 14 20 24 0 0 10 29 0 25 0 0 0 0 0 0 0 0 0 0 0 0 0 0 0 0 0 11 0 0 0 3 0 0 0 0 0 0 0 0 0 0 0 0 0 0 0 2 0 0 0 0 0 3 0 0 0 0 0 0 0 0 15 0 0 0 0 0 0 12 28 2 0 19 33 0 0 7 56 1 30 18 31 1 8 25 0 10 0 0 0 0 0 0 0 0 0 0 0 0 0 0 0 0 0 0 0 0 0 0 2 0 0 0 0 0 0 0 0 2 0 2 0 0 0 0 0 4 0 0 1 0 0 1 1 0 2 0 0 0 0 0 0 0 0 0 0 0 0 0 0 0 0 0 0 0 0 0 
 0 0 0 0 1 0 0 2 0 0 0 2 2 0 0 0 0 0 0 0 0 0 6 0 2 0 0 0 0 0 0 0 0 2 0 0 2 0 0 63 46 177 123 335 51 349 25 266 299 103 111 226 250 125 107 156 391 0 25 169 0 0 0 0 0 3 7 0 0 0 4 0 0 0 4 1 0 0 0 2 0 0 0 0 0 7 0 0 0 0 0 0 0 0 0 0 0 0 0 0 1 0 0 0 0 0 0 0 0 0 7 0 0 0 0 0 0 0 20 0 0 16 11 0 23 0 15 0 0 16 21 15 0 2 0 9 41 26 0 30 0 12 2 0 6 0 15 4 0 0 6 0 0 0 0 0 0 0 0 9 0 3 0 0 0 0 0 0 0 0 0 0 0 0 0 0 4 0 11 0 0 0 0 0 0 0 0 0 0 11 0 0 0 0 0 0 0 0 0 0 54 0 32 1 22 0 7 10 10 10 12 10 0 0 12 21 21 56 0 0 13 10 0 0 1 0 12 14 0 0 0 0 0 10 7 0 0 0 0 43 0 0 0 0 0 0 0 0 0 0 0 9 0 1 0 0 0 0 0 1 0 2 2 65 3 1 3 38 0 0 0 0 0 0 0 0 0 0 0 0 0 0 0 0 11 13 0 0 0 0 
 0 0 0 0 0 0 0 0 0 0 0 0 2 0 0 0 0 0 0 0 3 106 5 3 89 65 3 5 5 64 68 63 3 3 2 132 96 68 3 3 241 114 30 297 93 213 107 370 291 87 273 27 126 105 75 49 58 25 0 96 0 0 0 0 0 0 0 2 2 4 0 0 0 0 3 0 1 1 0 1 0 0 0 0 0 0 0 0 0 0 0 0 0 0 0 0 0 0 0 0 0 0 0 44 0 24 0 18 31 1 6 26 0 0 0 18 29 21 2 0 9 0 0 0 0 0 1 0 0 0 0 0 17 25 41 15 0 20 0 18 0 0 0 0 0 0 0 0 0 0 0 0 0 0 0 0 0 0 3 0 0 0 0 0 16 0 0 4 0 0 6 0 0 0 0 0 0 0 0 0 0 1 19 0 47 68 0 18 0 0 16 31 0 0 0 11 24 9 0 0 22 0 0 0 27 0 0 20 0 0 0 0 15 1 0 13 0 0 22 4 0 0 0 0 0 0 0 0 0 0 0 0 0 0 0 0 0 0 0 0 0 0 0 0 0 0 0 0 0 0 0 3 0 2 0 0 0 0 64 1 9 0 2 0 0 0 8 0 0 0 0 0 0 0 0 2 0 0 0 11 0 0 0 0 0 0 10 0 0 0 
 0 0 0 0 0 0 0 0 0 0 0 3 0 0 0 0 0 0 0 1 0 0 0 21 0 19 0 2 2 0 0 63 0 3 0 35 0 0 0 0 73 118 104 145 102 57 324 123 219 235 58 40 144 163 133 184 347 169 96 0 0 0 1 0 0 0 2 0 0 0 2 2 0 0 0 0 6 0 0 9 0 0 0 0 0 0 0 0 0 0 0 0 0 0 0 0 0 0 0 0 0 0 0 0 7 0 0 0 0 0 16 0 0 0 0 0 0 0 0 0 10 10 0 0 1 0 21 10 17 17 5 15 0 8 0 12 0 10 2 23 0 0 2 0 0 0 4 6 3 0 0 0 7 3 0 0 0 0 0 12 8 0 0 3 0 0 0 0 0 0 1 0 0 0 0 0 0 0 0 0 0 0 0 0 1 0 0 0 0 0 12 15 0 0 0 0 0 0 0 0 12 7 32 7 4 11 15 10 0 23 20 0 0 21 13 1 1 21 0 0 0 0 0 0 0 0 0 0 0 0 0 0 0 21 4 16 0 0 11 10 0 0 6 0 0 0 0 0 0 0 0 22 0 0 0 0 0 0 2 10 1 0 0 0 1 0 0 0 0 0 0 0 0 0 0 0 0 0 0 0 0 0 0 0 34 0 0 0 0 0 
 7 0 0 0 0 0 0 0 0 0 0 7 2 0 0 0 0 0 0 0 49 3 0 0 2 0 0 2 9 0 0 0 0 48 4 0 0 0 0 0 0 0 1 24 3 1 0 0 0 1 0 0 0 0 0 0 0 0 0 0 0 107 98 97 75 31 223 96 32 67 42 22 57 150 180 85 244 26 110 136 0 0 0 0 0 0 0 0 0 0 0 0 0 0 0 0 0 0 0 0 0 0 0 0 0 0 0 0 0 0 0 0 0 0 0 0 0 0 0 0 13 0 0 0 9 30 0 0 0 0 40 7 20 0 0 0 2 0 0 0 0 0 9 14 0 0 9 0 0 7 0 0 0 0 7 1 1 11 10 0 0 0 0 0 0 0 0 0 0 0 0 0 0 0 0 0 0 0 0 0 0 0 0 0 0 0 0 0 0 0 0 0 0 0 0 0 0 0 0 0 0 0 0 0 1 0 0 0 0 0 0 0 0 0 0 0 0 2 0 0 23 29 0 5 0 0 14 10 14 13 14 0 28 30 15 0 12 11 18 0 6 0 0 0 0 0 0 0 0 0 0 0 0 0 10 0 0 0 0 0 0 0 0 0 1 0 0 0 0 0 0 2 0 0 0 0 0 0 0 0 0 0 0 0 0 0 0 0 0 0 
