 0 179 291 79 79 241 386 209 251 138 122 253 255 223 154 133 139 126 139 56 0 0 4 0 2 3 0 1 0 3 0 3 0 0 3 0 0 2 0 4 0 0 5 1 0 0 2 0 3 0 3 0 0 63 2 0 0 0 1 0 0 0 2 0 0 3 2 3 0 0 0 57 0 0 0 3 0 0 0 0 0 17 11 0 6 0 0 0 0 17 0 0 0 10 16 10 2 3 16 0 0 0 0 0 0 0 13 0 0 0 1 0 10 0 9 0 0 0 0 12 0 0 0 0 0 0 0 0 1 0 0 0 0 0 0 0 0 0 0 0 0 0 0 0 1 0 0 0 0 7 0 0 0 0 2 1 0 0 12 0 1 11 39 28 2 0 20 39 0 0 10 31 11 13 10 12 31 12 11 7 0 0 0 8 0 0 0 0 1 0 2 0 0 0 0 0 0 0 0 0 0 0 0 0 0 0 0 0 0 0 0 0 0 0 0 0 0 14 0 0 0 0 0 0 0 0 0 0 0 0 0 0 0 0 0 0 0 0 0 0 0 0 0 0 0 4 0 0 0 2 2 16 0 0 0 0 0 0 0 0 0 0 11 0 0 0 0 0 0 0 0 0 0 0 0 0 0 11 0 0 0 0 0 0 0 0 0 0 0 0 
 179 0 99 93 54 165 282 423 88 217 184 183 59 232 237 40 173 26 50 44 2 0 3 0 1 3 2 2 3 3 3 3 0 0 4 2 0 2 2 6 0 0 3 2 0 0 3 0 6 0 3 0 3 0 0 0 3 3 2 0 0 0 2 0 0 2 2 3 0 0 0 0 0 0 0 6 0 14 0 0 2 13 30 24 8 0 2 24 19 0 31 11 59 21 21 20 1 0 42 0 0 0 0 0 0 0 1 0 10 0 0 1 0 0 30 0 0 0 11 11 0 0 0 0 0 0 0 0 0 0 1 0 0 0 0 2 0 0 0 1 0 0 0 0 0 0 0 0 0 0 0 0 0 0 0 0 0 0 0 0 24 10 2 4 9 0 33 15 27 7 0 0 14 62 0 12 0 28 0 10 24 0 1 0 0 0 13 0 0 0 0 0 37 1 5 0 0 0 15 14 0 0 0 0 0 0 0 0 0 2 0 0 0 0 0 0 0 0 0 14 0 0 0 0 0 0 0 0 0 0 0 0 0 0 0 0 0 0 0 0 0 0 0 0 0 0 0 2 0 0 0 22 0 0 0 0 0 0 0 0 0 0 13 0 0 0 0 1 0 0 0 0 0 0 0 0 0 0 0 0 0 0 0 0 0 0 0 0 0 0 
 291 99 0 295 117 235 168 112 459 239 454 125 284 99 187 125 276 122 83 42 0 0 3 1 1 4 0 2 0 3 0 3 0 0 3 0 0 2 2 3 0 0 0 0 0 0 2 0 3 0 2 6 0 0 0 0 0 0 0 0 0 0 2 0 0 3 4 2 0 0 0 0 0 0 0 2 0 0 0 0 38 24 0 12 5 0 30 9 21 25 18 15 0 24 29 12 82 6 0 11 0 0 0 0 0 0 0 0 0 0 0 0 25 0 0 0 0 0 26 21 0 0 0 0 0 0 0 0 0 0 0 0 0 0 0 0 0 0 0 0 0 0 0 0 0 0 0 0 0 0 0 0 0 0 0 0 0 0 0 0 7 32 91 12 16 14 0 11 38 27 10 0 0 10 32 0 0 10 0 5 0 0 0 0 0 0 0 0 0 0 0 0 0 22 0 0 0 0 10 51 0 0 0 0 0 0 0 0 11 0 0 0 0 0 0 0 0 0 0 0 0 0 0 0 0 0 0 0 0 0 0 0 0 0 0 0 0 0 0 0 0 0 0 0 0 0 1 0 46 4 0 6 0 0 0 0 0 0 0 0 0 0 0 0 0 0 0 0 0 0 0 0 0 0 0 0 0 0 0 0 0 0 0 0 0 0 0 0 0 0 
 79 93 295 0 281 129 98 113 234 278 693 53 275 67 107 280 132 259 125 77 0 0 5 85 0 3 0 76 0 4 5 3 0 105 78 2 0 6 81 3 4 0 2 2 2 0 7 0 3 0 3 4 4 0 4 0 4 0 2 63 0 0 2 0 4 2 2 3 0 6 0 0 0 0 0 3 0 0 0 0 10 0 17 26 23 13 2 16 6 44 27 24 9 0 2 19 16 19 0 10 24 15 0 0 0 0 39 0 56 0 0 0 13 35 32 1 0 0 0 15 0 0 0 0 0 0 0 0 0 0 0 0 0 0 1 0 0 0 0 0 1 0 0 0 0 0 0 0 0 0 0 0 0 11 0 0 0 0 0 10 9 0 0 0 14 36 4 11 18 12 17 0 20 2 19 0 0 33 0 0 0 0 0 0 0 0 15 25 12 0 0 0 8 0 9 2 0 0 0 7 0 0 1 0 0 0 0 0 0 0 1 1 0 0 0 0 0 0 0 0 0 0 0 0 0 0 0 0 0 0 1 2 0 0 1 0 0 0 0 0 0 26 0 0 0 3 5 0 2 138 13 6 0 2 0 0 0 0 0 0 0 0 0 0 0 0 0 0 0 0 0 0 0 0 0 8 10 0 0 0 0 0 0 0 0 0 0 0 0 0 
 79 54 117 281 0 68 117 59 222 79 92 146 281 69 106 193 41 38 87 55 0 0 3 5 1 3 0 0 78 3 0 2 3 24 113 0 0 2 112 38 0 0 0 0 0 0 2 0 7 0 2 0 0 0 0 0 0 0 0 0 0 0 2 0 0 3 2 3 0 0 0 0 0 0 0 3 2 0 0 0 0 12 0 0 52 23 0 0 22 8 0 1 0 0 0 0 2 0 0 0 6 9 16 0 0 0 29 7 14 0 0 0 18 14 13 14 0 0 0 13 0 0 0 0 0 0 0 0 0 0 17 0 0 0 0 0 0 0 0 0 0 0 0 0 0 0 0 0 0 0 0 0 0 0 0 0 0 0 0 0 0 0 0 0 11 10 0 0 0 0 0 10 0 0 0 0 14 2 0 7 0 20 27 0 0 0 9 1 0 0 0 0 2 0 0 10 0 7 22 21 0 0 0 0 0 0 0 0 0 0 0 7 0 18 0 0 0 0 0 0 0 0 0 0 0 0 0 0 0 0 0 0 0 0 0 0 0 0 0 0 0 0 0 0 0 3 1 0 4 2 0 8 0 0 0 0 0 0 0 0 0 0 0 0 0 0 0 0 0 0 0 0 0 0 0 0 0 0 0 0 0 0 0 0 0 0 0 0 0 0 
 241 165 235 129 68 0 22 31 47 49 96 187 234 40 320 99 145 274 54 47 0 161 3 1 1 80 2 21 0 3 0 5 37 73 77 2 0 3 80 83 0 2 0 2 0 0 3 0 3 7 3 0 0 0 0 0 0 0 4 0 0 3 2 51 0 2 7 3 6 0 0 0 0 0 0 3 0 0 2 2 2 17 1 12 15 0 2 0 0 0 1 14 0 0 0 0 1 0 0 0 11 17 9 22 0 0 1 5 4 0 0 0 1 13 0 26 3 22 13 5 0 0 0 0 0 0 0 0 0 0 0 0 0 0 0 0 0 0 0 0 0 0 0 0 6 15 0 0 0 0 0 0 2 0 0 0 0 0 0 7 0 0 0 0 15 4 5 0 3 15 5 0 0 0 1 4 0 2 5 0 48 2 0 10 0 0 12 23 3 0 0 0 15 18 14 13 0 0 10 10 0 0 0 0 0 0 0 0 0 0 0 0 0 0 0 0 0 0 0 19 0 0 3 1 0 0 0 1 0 0 0 0 0 0 0 0 0 0 0 0 0 0 0 0 0 0 1 0 6 46 5 16 1 0 0 0 0 0 1 0 0 13 1 0 0 0 0 0 0 0 0 0 0 0 0 5 10 0 0 0 0 19 0 0 0 0 0 0 0 0 
 386 282 168 98 117 22 0 362 71 429 63 262 260 197 32 38 81 44 122 283 0 1 5 1 5 5 0 2 3 3 0 7 0 2 3 2 2 5 11 8 0 3 1 6 0 0 6 0 5 3 6 0 0 0 2 0 0 0 6 0 0 0 2 0 0 4 2 6 3 4 0 2 2 2 1 3 1 6 3 0 1 9 36 52 9 0 0 0 9 47 1 9 54 3 27 0 35 38 0 0 0 0 0 0 0 0 0 0 0 0 0 2 0 0 0 0 0 0 0 10 0 0 0 0 0 0 0 0 0 0 0 0 0 0 0 0 0 0 0 0 0 0 0 0 0 0 0 0 0 0 0 0 0 0 0 0 0 0 0 0 35 0 13 36 16 22 0 11 24 0 5 12 15 36 18 6 71 9 21 2 0 0 0 0 0 0 0 0 0 0 0 0 0 0 0 0 0 0 0 0 0 0 0 0 0 0 0 0 0 0 0 0 0 0 0 0 0 0 0 0 0 0 0 0 0 0 0 0 0 0 0 0 0 14 0 0 0 0 0 0 0 22 0 0 0 0 1 0 0 0 0 2 27 0 0 0 0 0 0 0 0 0 0 0 0 0 0 0 0 0 0 0 0 0 0 0 0 15 0 0 0 0 0 0 0 0 0 0 0 0 
 209 423 112 113 59 31 362 0 86 140 86 30 291 141 65 175 48 27 324 122 0 0 3 0 2 21 0 2 0 3 0 4 0 0 3 0 0 2 2 5 0 0 0 2 0 0 3 0 3 0 3 0 0 0 0 0 0 62 2 0 0 0 2 0 0 2 2 3 0 0 0 0 0 30 0 3 0 20 4 0 20 14 26 5 0 0 18 17 18 15 1 11 18 20 1 0 20 15 9 20 0 15 0 0 0 0 0 0 0 0 0 0 4 0 0 0 0 0 0 7 0 0 0 7 0 0 0 0 0 0 0 0 0 1 0 0 0 0 0 0 0 0 0 0 0 0 0 2 0 0 0 0 6 0 0 18 0 0 0 0 21 0 10 15 0 48 13 11 14 14 12 10 34 16 15 24 25 20 0 14 0 0 0 2 0 2 0 0 0 7 0 0 0 0 0 0 1 0 0 0 0 0 0 0 0 0 0 0 0 0 0 0 2 0 0 0 1 0 2 0 0 0 0 0 0 0 0 0 0 0 0 0 0 0 0 0 0 0 0 0 0 18 0 0 0 1 3 2 1 2 2 13 1 0 0 0 0 0 0 0 0 0 0 0 0 0 0 0 0 0 0 0 0 0 0 0 0 0 0 0 0 0 0 0 0 0 0 0 0 0 
 251 88 459 234 222 47 71 86 0 263 201 44 275 156 330 59 117 155 233 65 0 0 3 0 1 4 0 2 0 3 0 3 2 0 3 2 0 2 75 3 0 0 0 9 0 0 3 0 3 0 3 6 0 0 0 0 0 0 3 0 0 0 2 0 0 3 2 3 0 0 0 0 0 0 0 3 1 0 0 0 8 2 7 23 20 0 19 27 39 13 38 25 2 0 6 30 26 13 0 30 11 0 0 0 0 0 20 0 17 0 0 0 26 18 18 2 0 0 20 38 2 0 0 0 0 0 0 0 2 0 0 0 0 10 0 0 0 0 6 0 0 0 0 0 0 0 0 0 16 0 0 0 0 0 0 2 0 0 0 0 0 29 15 0 0 25 0 6 20 29 21 0 0 20 20 0 0 14 0 0 0 0 0 0 0 0 0 2 2 0 1 0 13 46 1 0 0 0 25 20 0 0 0 0 2 0 0 0 0 0 0 0 0 0 0 0 0 0 0 0 0 0 0 0 0 0 0 0 0 0 0 0 0 9 0 0 0 0 0 0 0 0 0 0 0 3 89 2 3 33 0 2 0 0 0 0 0 0 0 0 0 0 0 0 0 0 0 0 0 0 0 0 0 0 0 10 0 0 0 0 0 0 0 0 0 0 0 0 0 0 
 138 217 239 278 79 49 429 140 263 0 119 80 154 56 220 297 340 96 246 300 0 2 3 0 1 4 0 1 0 3 0 3 2 0 3 1 0 2 1 5 0 0 0 1 0 65 2 0 3 0 3 2 0 0 0 0 0 1 1 0 0 0 2 0 0 3 2 3 0 0 0 0 0 0 0 3 0 0 0 0 31 0 15 17 8 0 30 124 13 2 62 44 19 24 1 12 0 3 0 51 0 0 0 1 0 0 0 0 17 0 0 0 10 0 0 0 0 0 14 32 0 0 0 0 1 0 0 10 0 0 0 0 0 0 0 0 0 0 0 0 0 0 0 0 0 0 0 0 0 0 0 0 0 0 0 0 0 2 0 0 24 42 21 51 0 1 0 27 53 9 34 2 1 66 0 9 11 5 25 10 1 0 0 0 0 0 0 0 0 0 0 0 0 0 0 0 0 0 0 17 0 0 0 0 0 0 1 0 15 0 0 0 0 0 29 0 0 1 0 0 0 0 0 0 1 0 0 0 0 0 0 0 0 0 0 0 0 0 0 14 0 1 0 0 0 1 95 0 0 87 0 22 0 0 0 0 0 0 0 0 0 0 0 0 0 0 0 0 0 0 0 0 0 2 0 1 0 19 0 0 0 0 0 0 0 0 0 0 0 0 
 122 184 454 693 92 96 63 86 201 119 0 209 209 163 169 513 209 225 36 159 0 0 9 0 0 3 3 25 2 5 0 4 0 73 3 0 6 2 99 3 0 0 0 2 0 0 3 0 3 0 3 1 0 0 2 0 0 0 2 0 0 0 2 0 0 4 2 3 0 0 0 0 0 0 0 3 0 0 4 0 34 9 18 15 0 14 7 10 5 18 16 38 22 48 9 54 11 33 0 0 10 17 11 0 0 0 0 0 1 0 0 0 12 0 0 0 0 3 15 80 0 0 0 7 0 0 0 0 0 0 0 0 0 0 0 0 0 0 0 0 0 0 0 0 0 0 0 0 0 0 0 0 0 0 0 0 0 0 0 0 36 14 86 100 25 17 4 12 15 34 26 53 13 54 23 8 15 2 2 0 0 0 0 0 0 0 1 6 3 0 0 0 9 0 0 0 0 0 0 12 0 0 0 0 0 0 0 0 0 0 0 33 0 0 0 0 0 0 0 0 0 0 0 0 0 9 0 0 0 0 0 0 0 0 0 0 0 0 0 0 0 19 0 0 0 1 1 0 91 131 0 9 0 0 0 0 0 0 2 0 0 0 0 0 0 0 0 0 0 0 0 0 0 0 45 0 10 0 0 0 0 0 0 0 0 0 0 0 0 0 
 253 183 125 53 146 187 262 30 44 80 209 0 19 103 235 12 188 235 226 108 0 74 3 0 2 3 2 1 0 3 0 4 0 0 82 1 0 2 1 80 62 0 0 1 0 3 2 0 3 0 3 64 0 0 0 63 0 0 1 0 0 0 2 0 50 3 2 3 0 0 0 0 0 0 0 3 0 0 0 0 0 17 0 16 26 1 0 1 18 27 29 10 0 2 14 20 42 13 0 0 0 6 0 0 0 0 15 0 1 0 0 0 32 13 11 9 0 0 10 0 0 0 0 0 0 0 0 0 0 0 0 0 0 0 12 0 0 0 0 0 0 0 0 0 0 0 0 0 0 0 0 0 0 0 0 0 0 0 0 0 0 1 10 45 64 0 0 0 0 10 11 34 0 0 0 26 0 33 9 21 45 1 0 45 0 2 25 29 0 0 0 0 24 0 7 0 0 0 27 15 0 0 0 0 0 0 0 0 0 0 0 3 0 0 0 0 0 0 0 0 0 0 0 0 0 0 0 0 0 0 0 0 0 0 0 0 0 0 0 0 0 2 0 0 0 6 0 0 4 0 14 11 0 0 0 0 0 0 0 0 0 0 14 0 0 0 0 0 0 0 0 0 0 0 0 0 7 13 0 0 0 0 0 0 0 0 0 0 0 0 
 255 59 284 275 281 234 260 291 275 154 209 19 0 190 313 39 115 39 105 179 0 0 3 0 2 5 0 0 0 3 0 3 0 0 3 0 2 2 2 4 0 0 0 1 0 0 2 0 3 0 3 0 0 0 0 0 0 0 1 0 56 0 2 0 0 3 2 3 0 33 0 0 0 0 3 3 0 0 0 0 21 0 10 11 0 0 21 11 10 0 0 1 39 0 1 0 1 2 14 75 0 0 0 0 0 0 0 0 0 0 0 0 0 0 0 0 0 0 10 1 0 0 0 0 0 0 0 0 0 0 0 0 0 0 0 0 0 0 0 0 0 0 0 0 0 0 0 0 0 0 0 0 0 0 0 0 0 0 0 0 0 1 0 11 0 0 15 70 11 1 18 0 24 0 13 13 0 0 24 6 0 0 0 11 0 0 0 0 0 0 0 16 0 0 5 0 0 0 0 0 0 0 0 0 0 0 0 0 0 0 0 0 0 0 0 0 0 0 0 0 0 0 0 0 0 0 0 0 0 0 0 0 0 0 0 0 0 0 0 0 0 0 0 0 0 0 0 0 5 0 0 6 0 0 0 0 0 0 0 0 0 0 0 0 0 0 0 0 0 0 0 0 0 0 0 0 0 0 0 0 0 0 0 0 0 0 0 0 0 0 
 223 232 99 67 69 40 197 141 156 56 163 103 190 0 199 82 61 29 260 73 0 0 3 0 1 3 204 3 0 3 1 3 0 0 3 38 0 2 0 5 0 0 0 69 0 0 3 0 3 0 63 0 0 0 0 0 0 0 2 0 0 0 2 0 0 2 2 3 0 0 0 0 0 0 0 3 0 0 0 0 1 56 10 0 8 0 1 9 15 23 1 0 14 0 13 0 10 20 25 0 0 0 0 0 0 0 0 0 0 0 0 0 27 0 0 0 0 2 21 20 0 0 11 0 0 0 0 0 0 0 0 0 0 0 0 0 0 0 0 0 0 0 0 1 0 1 0 0 0 0 0 0 7 0 0 0 0 0 0 0 25 13 24 13 0 27 35 19 19 17 7 10 31 21 35 0 43 0 0 25 0 0 0 0 0 0 0 0 0 0 0 0 0 56 0 0 0 0 10 15 0 0 0 0 0 0 0 0 0 0 0 0 0 0 0 0 0 0 0 0 0 0 0 0 0 0 0 0 16 0 0 0 0 0 0 0 0 0 0 0 0 21 0 0 0 0 1 0 48 1 1 8 0 0 0 0 0 0 0 0 0 0 0 0 0 0 0 0 0 0 0 0 0 0 0 0 0 0 0 0 0 0 0 0 0 0 0 0 0 0 
 154 237 187 107 106 320 32 65 330 220 169 235 313 199 0 88 164 140 86 74 0 0 3 0 1 4 1 2 1 3 0 4 25 0 3 0 0 3 78 3 0 0 0 2 0 0 3 0 3 0 3 0 0 0 0 0 0 4 2 1 0 0 2 0 0 2 2 3 0 0 0 1 0 0 0 3 0 0 0 0 0 35 0 13 16 0 0 36 12 11 15 31 0 23 34 23 49 16 0 2 0 0 0 0 0 0 0 0 0 0 0 0 17 1 8 0 0 0 10 35 0 0 0 0 0 0 0 0 0 0 0 0 0 0 0 0 0 0 0 0 0 0 20 0 0 0 1 0 38 0 0 0 0 0 0 0 0 0 1 0 11 13 68 30 32 9 0 0 0 14 15 0 0 22 2 26 0 15 0 0 2 0 0 0 0 0 0 0 0 0 0 0 1 17 11 0 0 0 14 11 0 0 0 0 0 0 0 0 0 0 0 0 1 0 0 2 0 0 0 0 0 0 0 19 0 0 0 0 0 0 0 0 0 0 0 0 0 0 0 0 0 0 0 0 0 3 1 0 89 2 0 9 43 0 0 0 0 0 0 0 0 0 13 0 0 0 0 0 0 0 0 0 0 0 0 0 10 0 0 0 0 0 0 0 0 0 0 0 0 0 
 133 40 125 280 193 99 38 175 59 297 513 12 39 82 88 0 101 141 34 92 0 0 3 0 37 3 0 13 0 3 0 4 0 0 3 0 1 2 77 3 0 0 0 3 0 0 3 5 3 3 3 1 0 0 2 0 0 0 3 6 0 0 2 0 0 2 7 3 0 0 0 0 0 0 0 3 1 0 0 0 5 0 14 50 1 38 19 0 25 92 14 27 20 40 31 16 37 141 0 21 0 0 0 0 0 0 0 0 0 0 0 0 2 0 2 0 0 0 22 42 2 0 0 0 0 0 0 0 0 0 0 0 0 0 0 18 0 0 0 0 0 0 0 0 0 0 0 0 0 0 0 0 0 0 0 2 0 0 0 0 25 0 22 51 18 13 0 9 0 26 26 12 13 50 104 10 22 9 0 0 0 0 0 0 0 0 0 2 2 0 0 0 39 14 0 0 0 0 1 27 0 0 0 1 2 0 0 0 12 0 0 14 10 0 0 0 0 2 10 15 0 0 0 0 0 0 0 0 0 0 0 0 0 0 0 0 0 0 0 0 0 19 0 0 0 0 1 2 3 1 0 13 2 0 0 0 0 0 0 0 0 0 0 0 0 0 0 0 0 2 2 0 0 2 0 0 0 0 0 0 0 0 0 0 0 1 0 0 0 0 
 139 173 276 132 41 145 81 48 117 340 209 188 115 61 164 101 0 124 137 366 0 0 3 0 2 3 0 2 0 3 0 4 0 0 3 0 0 2 2 4 0 0 0 3 0 0 3 0 3 0 3 0 0 56 0 0 1 0 3 0 0 0 2 0 0 2 2 3 0 0 0 0 0 0 0 3 1 3 0 0 17 35 37 29 10 0 1 33 4 10 0 21 11 29 29 11 18 19 0 18 0 0 0 0 0 0 0 0 0 0 0 0 1 0 7 0 0 0 11 5 0 0 0 0 0 0 0 0 1 0 0 0 0 0 0 0 0 0 0 0 0 0 0 0 0 0 0 0 0 0 0 0 0 0 0 1 0 0 0 0 17 0 62 24 56 9 0 3 10 7 2 15 0 38 0 50 14 21 13 11 21 0 0 0 0 0 8 0 1 0 2 0 12 1 0 0 0 0 0 13 0 0 0 2 0 0 0 0 0 0 0 2 0 0 0 0 0 0 0 0 0 0 0 0 0 0 0 0 0 0 0 0 0 7 0 0 0 0 0 0 0 0 0 0 0 5 2 0 1 3 0 7 27 0 0 0 0 0 0 0 0 0 11 0 0 0 0 0 0 0 0 0 0 0 0 0 0 13 0 0 0 0 0 0 0 0 0 0 0 0 
 126 26 122 259 38 274 44 27 155 96 225 235 39 29 140 141 124 0 56 126 0 0 3 0 0 3 0 96 1 3 1 3 2 69 3 0 0 2 2 4 2 0 0 1 0 0 2 0 3 39 3 0 0 0 0 0 0 0 1 0 0 0 2 42 0 3 4 3 0 0 0 3 0 0 0 3 0 0 0 0 0 4 7 25 0 17 0 0 0 10 20 10 0 15 0 28 0 0 0 0 10 22 0 0 0 0 19 0 15 0 0 0 35 38 30 0 0 0 24 14 0 0 0 0 0 0 0 0 0 0 0 0 0 0 0 0 0 0 0 0 0 0 0 0 0 0 0 0 0 0 0 0 0 0 0 0 0 0 0 0 0 0 13 1 20 6 8 1 12 24 13 13 0 6 0 35 0 0 11 0 39 0 0 0 0 0 20 64 10 0 0 0 12 13 5 0 0 0 0 13 0 0 0 0 0 0 0 0 0 0 0 0 0 0 0 0 0 0 0 0 0 0 0 0 0 0 0 0 0 0 0 0 0 0 0 0 0 0 0 0 0 0 0 0 0 1 1 1 1 171 22 9 0 0 0 0 0 0 0 0 0 0 0 0 0 0 0 0 0 0 0 0 0 0 0 0 4 14 0 0 0 0 0 0 0 0 0 0 0 0 
 139 50 83 125 87 54 122 324 233 246 36 226 105 260 86 34 137 56 0 415 0 0 3 0 1 4 1 2 0 3 0 3 0 0 3 0 0 2 4 5 0 63 0 84 3 0 3 0 3 0 3 2 0 0 0 0 0 3 2 2 0 0 4 0 0 2 2 3 0 0 0 1 0 0 1 6 0 0 0 0 18 21 23 12 0 0 38 18 0 0 1 13 56 8 36 0 10 1 17 41 0 0 0 0 0 0 0 0 0 0 2 0 0 0 0 0 0 0 0 0 0 0 0 0 0 0 0 0 2 0 0 0 0 0 0 0 0 0 0 0 0 0 0 0 2 0 0 0 0 0 0 0 8 0 1 2 0 0 0 0 26 24 3 13 0 0 19 10 25 0 15 0 36 16 14 7 11 17 11 26 0 0 0 0 0 0 0 0 2 0 1 0 0 0 0 0 0 0 0 0 0 0 0 0 6 0 0 0 0 0 0 0 0 0 0 0 0 0 0 0 0 0 0 0 0 0 0 0 0 0 0 0 0 0 0 0 0 1 18 0 0 0 0 0 0 4 3 0 0 2 1 17 0 0 0 0 2 0 0 5 0 0 0 0 0 0 0 0 0 0 0 0 0 0 0 0 0 0 0 0 0 0 0 0 0 0 0 0 0 0 
 56 44 42 77 55 47 283 122 65 300 159 108 179 73 74 92 366 126 415 0 0 0 3 0 1 5 0 1 0 3 0 3 0 0 3 0 1 2 0 3 0 0 0 3 0 0 3 0 3 0 3 0 0 0 0 0 0 0 3 0 0 0 2 0 0 2 2 3 0 0 0 0 0 0 0 3 1 0 0 0 15 2 0 18 0 13 41 1 11 0 0 6 34 28 30 7 0 20 11 32 0 0 0 0 0 0 0 0 0 0 0 0 0 0 0 0 0 0 11 8 0 0 0 0 1 0 0 0 0 0 0 0 0 0 0 0 0 0 0 0 0 0 0 0 0 0 0 0 0 0 0 0 0 0 0 0 0 2 0 0 0 0 8 22 9 0 0 30 0 10 25 15 14 11 26 26 21 0 12 11 1 0 0 0 0 0 0 0 0 0 0 0 7 0 0 0 0 0 0 1 0 0 0 0 0 0 0 0 1 0 0 13 0 0 25 0 0 1 0 0 0 0 0 0 0 0 0 0 0 0 0 0 0 0 0 0 0 0 0 0 0 0 0 0 0 0 2 2 4 0 0 12 0 0 1 0 0 0 0 0 0 0 0 0 0 0 0 0 30 0 0 0 0 1 0 0 0 1 0 0 0 0 0 0 0 0 0 0 0 9 
 0 2 0 0 0 0 0 0 0 0 0 0 0 0 0 0 0 0 0 0 0 71 276 128 191 270 128 200 528 411 197 206 294 140 138 119 136 419 256 211 0 0 0 0 3 3 2 0 2 6 3 0 0 2 0 2 0 0 0 0 0 0 0 4 3 2 0 2 2 2 7 0 2 0 0 2 3 0 0 0 0 0 0 0 0 0 0 0 2 0 0 0 0 0 1 0 0 0 0 0 14 0 16 20 31 5 0 35 1 45 17 21 0 6 20 8 9 28 0 0 0 0 0 16 0 0 21 0 0 0 0 0 0 0 0 0 0 0 9 0 0 0 0 0 0 0 0 0 0 0 0 0 0 3 0 0 0 0 0 0 0 0 0 0 27 0 0 2 0 0 0 0 0 0 0 0 0 0 0 0 0 14 22 0 22 13 0 64 6 18 39 12 14 12 59 12 9 19 0 0 0 0 0 0 0 0 0 0 0 0 0 0 0 0 29 0 0 0 21 0 0 0 1 0 1 2 0 17 0 0 0 0 0 0 0 0 0 0 0 0 0 0 0 0 0 0 0 0 0 0 0 0 0 2 25 0 0 0 0 0 14 0 0 0 0 0 0 0 0 0 0 0 0 0 0 0 0 9 0 0 0 30 0 0 0 0 0 0 0 0 
 0 0 0 0 0 161 1 0 0 2 0 74 0 0 0 0 0 0 0 0 71 0 149 141 23 29 238 76 153 103 37 248 143 48 112 165 396 411 40 169 0 0 0 0 2 0 2 0 2 0 3 1 0 4 0 1 6 0 0 0 0 0 0 0 3 2 4 2 0 2 2 0 2 0 0 0 0 0 0 0 0 0 0 0 0 39 0 0 0 0 0 15 0 0 0 0 0 0 0 0 0 10 14 23 1 0 16 12 16 63 5 15 0 11 0 27 0 15 4 31 1 0 1 0 0 0 0 0 0 2 0 0 4 0 21 0 0 0 0 0 0 0 0 0 2 0 0 0 0 0 0 0 0 0 1 15 0 0 0 2 0 0 2 0 0 0 0 0 0 0 2 0 0 0 0 0 0 0 0 0 27 17 2 17 1 14 36 1 30 10 23 20 0 10 10 23 15 24 1 14 2 0 0 0 0 0 0 22 0 0 0 0 0 0 0 0 0 0 1 0 0 0 0 0 0 0 1 0 2 0 0 0 0 0 0 0 0 0 0 0 0 0 0 0 0 0 1 0 0 0 0 0 0 0 10 0 0 0 0 0 1 11 0 0 0 0 0 0 0 0 0 0 0 0 0 0 0 0 0 18 0 0 0 0 0 20 0 0 0 0 
 4 3 3 5 3 3 5 3 3 3 9 3 3 3 3 3 3 3 3 3 276 149 0 187 62 43 90 186 381 230 27 34 232 62 388 269 109 414 40 69 0 4 0 0 4 61 0 0 2 0 6 0 0 0 5 5 3 0 0 0 1 0 0 0 3 2 0 2 0 2 2 0 3 0 0 0 0 1 0 0 0 0 1 0 0 9 0 0 1 0 0 0 0 0 2 0 0 0 0 0 8 12 30 13 20 0 0 9 39 9 54 67 0 0 0 13 26 0 0 0 0 19 0 1 0 0 1 0 0 0 0 0 9 1 0 0 0 0 34 18 0 6 0 0 0 1 0 0 0 0 0 0 0 0 0 1 0 0 2 0 6 0 0 0 0 0 0 0 0 0 0 6 0 0 0 0 2 2 0 0 1 21 29 22 0 1 12 12 12 55 32 19 0 14 19 0 7 8 0 0 31 0 0 0 0 0 16 0 1 0 0 0 21 54 2 0 0 0 2 6 0 1 0 0 2 0 2 14 0 1 0 0 0 0 0 0 0 0 0 0 0 0 14 0 0 0 1 0 0 0 0 2 0 1 10 0 0 1 4 1 2 0 0 0 0 0 0 0 0 0 0 0 0 0 0 0 0 0 0 12 0 0 0 0 0 1 0 0 0 0 
 0 0 1 85 5 1 1 0 0 0 0 0 0 0 0 0 0 0 0 0 128 141 187 0 95 130 333 90 94 459 103 572 384 124 63 428 302 71 282 78 0 63 1 0 2 0 0 0 2 16 3 0 62 2 1 8 0 0 25 63 0 0 0 0 3 2 0 2 0 0 2 0 2 0 0 0 2 0 0 0 0 0 0 0 0 0 0 0 12 0 0 0 0 0 0 0 0 0 0 0 37 10 0 33 1 22 0 16 9 11 14 12 2 0 0 0 13 50 0 0 10 0 1 0 0 0 18 0 0 0 0 0 34 6 16 15 0 0 0 7 0 0 0 0 0 0 0 0 0 0 0 0 0 0 0 8 0 0 0 13 2 0 0 0 0 0 0 0 0 0 0 0 0 3 5 0 5 3 0 0 0 0 21 14 26 15 0 0 0 23 0 7 0 9 21 10 22 45 0 0 0 28 0 0 0 0 0 0 0 0 0 0 12 12 0 0 0 0 0 25 0 0 0 1 0 0 0 9 0 1 0 0 0 0 0 0 0 0 0 0 0 0 0 0 0 0 0 0 0 0 0 0 0 0 13 2 0 41 3 2 4 0 0 0 0 0 1 0 0 0 0 0 51 0 0 0 0 0 0 15 0 12 0 0 0 6 0 0 0 0 
 2 1 1 0 1 1 5 2 1 1 0 2 2 1 1 37 2 0 1 1 191 23 62 95 0 365 56 98 171 95 141 95 159 300 80 82 74 119 75 90 0 1 0 0 3 0 0 0 5 0 4 0 0 0 0 3 0 0 1 3 1 0 0 6 3 2 0 2 0 0 2 14 4 0 0 0 0 0 1 4 0 0 46 0 0 0 0 0 0 0 0 0 0 0 0 0 0 0 0 0 0 0 12 1 13 18 0 8 19 36 18 19 0 0 17 18 10 0 0 18 0 0 20 1 0 0 12 0 8 0 0 36 11 0 11 0 0 11 30 20 0 0 0 0 2 0 0 0 0 2 0 0 0 3 0 0 0 0 2 1 15 0 0 0 0 0 0 0 0 0 0 0 0 0 0 0 0 1 0 0 12 0 1 21 46 18 9 0 45 0 27 18 0 0 1 0 7 14 0 0 7 1 0 0 0 1 0 4 12 0 0 0 48 2 0 0 19 4 35 0 0 1 0 0 0 0 0 0 0 0 0 0 0 0 0 0 0 0 2 0 0 0 0 0 0 0 0 0 0 0 0 0 0 0 10 0 3 2 3 0 2 2 1 0 0 0 3 0 0 0 0 0 0 43 0 0 0 0 0 0 0 0 0 0 0 0 0 0 0 3 
 3 3 4 3 3 80 5 21 4 4 3 3 5 3 4 3 3 3 4 5 270 29 43 130 365 0 32 104 137 354 69 52 33 191 115 319 70 378 39 62 0 59 63 0 3 2 151 0 6 0 3 2 6 62 0 4 0 64 123 60 0 1 0 30 3 6 1 7 0 3 3 2 2 0 0 2 3 3 11 0 0 0 0 1 0 0 0 0 0 0 0 0 0 0 0 0 0 0 0 0 0 0 15 1 10 8 0 1 0 19 0 21 0 0 21 0 1 0 0 0 58 10 34 24 0 0 17 0 1 11 0 0 17 16 0 7 1 14 13 0 0 0 9 0 11 0 0 0 1 11 0 0 0 3 0 0 0 0 0 0 1 0 0 0 0 0 2 0 0 0 0 2 0 0 0 0 0 2 0 0 0 0 0 0 15 49 0 55 0 11 21 0 0 0 0 0 8 11 0 0 42 24 0 0 0 0 0 0 0 0 9 0 30 7 19 0 0 1 30 10 1 0 0 0 0 0 0 0 0 0 0 0 0 0 0 0 0 0 0 0 0 0 0 0 0 0 0 0 2 0 0 0 1 0 12 6 1 80 72 0 4 0 0 0 0 2 0 0 0 0 0 0 0 0 2 0 2 0 0 0 0 0 0 2 0 0 0 0 0 0 
 0 2 0 0 0 2 0 0 0 0 3 2 0 204 1 0 0 0 1 0 128 238 90 333 56 32 0 130 142 71 69 94 287 85 33 137 107 147 115 65 0 0 0 0 3 0 11 0 2 0 3 0 0 3 0 64 0 2 0 0 1 3 0 0 5 2 0 2 0 0 13 0 3 0 0 2 0 0 0 0 0 0 0 1 10 11 0 0 8 9 9 10 0 0 0 1 0 0 0 0 25 22 11 10 46 0 11 50 1 8 10 0 9 14 10 24 50 11 15 0 0 0 0 0 0 0 0 0 0 0 0 0 0 0 21 0 0 0 9 0 0 0 0 0 0 0 0 0 0 1 0 0 0 0 0 13 0 0 0 2 0 0 0 0 0 1 0 0 0 0 4 0 0 0 0 0 0 0 2 0 11 0 0 0 13 8 1 0 35 11 21 38 0 9 0 10 48 36 6 8 0 0 0 0 0 0 3 0 0 0 0 0 0 0 0 0 0 0 10 30 0 0 0 0 0 0 0 0 0 0 1 0 0 0 0 11 0 0 0 0 0 0 0 0 0 0 22 0 0 1 0 0 0 0 6 0 0 9 0 0 2 0 0 0 0 0 0 0 0 0 0 0 0 0 0 10 0 0 0 0 0 0 0 0 0 0 10 0 0 0 
 1 2 2 76 0 21 2 2 2 1 25 1 0 3 2 13 2 96 2 1 200 76 186 90 98 104 130 0 395 103 69 44 177 160 100 267 171 170 123 297 2 0 28 2 3 0 0 0 2 0 3 0 0 4 0 2 0 0 0 0 1 0 0 6 50 2 2 2 0 2 22 0 3 2 2 0 0 0 0 0 0 1 0 1 0 0 0 0 0 2 0 1 0 0 0 0 0 0 0 0 10 18 9 0 28 11 0 20 1 40 21 30 0 0 12 20 26 33 0 2 0 0 0 0 0 0 0 0 19 0 1 0 3 0 0 0 0 0 22 0 0 0 0 0 0 0 0 0 0 0 0 0 0 0 0 3 0 11 0 0 0 0 0 0 0 4 5 0 0 0 5 0 0 2 0 0 0 0 0 0 0 0 3 0 19 14 2 5 37 14 55 25 1 0 2 8 28 0 0 0 0 0 0 0 0 0 15 0 0 21 0 0 1 0 0 2 0 0 13 11 0 0 0 0 0 0 0 0 0 0 0 0 0 2 0 0 1 7 0 0 0 0 1 0 0 0 2 0 0 35 0 0 0 0 9 0 2 1 0 1 0 1 0 0 0 0 0 0 0 0 0 0 0 0 0 0 9 0 0 0 0 0 0 0 0 1 17 0 0 3 
 0 3 0 0 78 0 3 0 0 0 2 0 0 0 1 0 0 1 0 0 528 153 381 94 171 137 142 395 0 340 192 117 559 92 137 181 191 94 160 367 2 1 0 0 9 0 1 0 4 7 3 0 2 47 4 1 2 0 0 0 0 0 0 0 3 2 0 3 0 0 2 0 2 0 1 0 0 0 0 2 0 0 0 0 0 0 0 0 1 0 0 0 0 0 2 0 0 0 9 0 57 11 2 8 33 0 5 42 2 31 12 24 12 9 0 25 0 22 0 0 0 0 0 0 0 0 10 0 0 0 0 0 0 0 0 0 0 0 4 0 0 0 0 0 0 0 0 0 0 0 0 0 0 0 0 0 0 0 0 0 0 0 0 0 0 0 0 0 0 0 0 0 0 0 0 0 0 0 5 0 0 18 21 0 21 20 0 2 18 19 56 9 7 8 8 0 7 13 12 0 6 0 0 0 0 0 0 0 0 0 0 0 0 0 0 0 0 0 20 0 0 0 2 0 2 1 0 9 0 22 0 0 13 0 0 0 0 0 0 0 0 0 0 0 0 0 0 0 0 0 0 0 0 0 14 2 3 1 0 2 5 0 0 0 0 0 0 0 0 0 0 0 0 0 0 0 0 0 0 0 0 0 0 0 0 0 0 0 0 0 
 3 3 3 4 3 3 3 3 3 3 5 3 3 3 3 3 3 3 3 3 411 103 230 459 95 354 71 103 340 0 123 69 169 140 135 146 215 316 66 110 3 2 0 1 4 20 1 6 0 10 17 10 0 3 5 8 3 3 0 13 0 0 2 1 4 4 0 0 2 3 0 0 0 9 0 3 0 1 0 2 0 0 0 0 0 8 0 0 0 0 0 0 0 0 2 0 0 0 0 0 7 10 17 8 36 0 0 16 20 34 13 52 0 0 0 13 28 11 0 0 0 20 0 0 0 0 5 0 0 0 0 0 0 0 0 0 0 0 23 0 0 0 0 0 0 0 0 0 0 0 0 0 0 0 5 0 19 0 0 0 1 0 0 0 0 0 0 1 0 0 0 0 0 0 0 0 0 0 0 0 1 14 26 16 36 21 13 2 11 50 47 15 10 19 33 0 7 0 1 0 8 0 0 0 0 0 0 0 0 0 0 0 1 0 0 0 0 0 21 0 0 0 2 0 2 0 0 16 0 0 0 0 0 0 0 0 0 9 0 0 0 0 15 0 0 0 0 0 0 0 0 0 0 1 17 2 0 8 0 3 13 19 0 0 0 0 0 0 0 0 0 0 0 0 1 0 0 0 0 0 0 18 0 0 0 0 0 0 0 0 
 0 3 0 5 0 0 0 0 0 0 0 0 0 1 0 0 0 1 0 0 197 37 27 103 141 69 69 69 192 123 0 125 105 323 64 95 99 46 25 109 0 68 0 0 58 0 0 0 2 0 3 0 0 0 0 2 0 0 50 76 0 0 0 29 3 6 0 2 0 0 2 5 2 0 0 0 0 0 0 2 0 0 0 0 0 0 0 0 0 0 0 0 0 0 0 0 0 0 0 0 1 0 0 1 30 19 0 47 12 24 0 30 0 0 2 20 21 0 0 0 0 0 0 0 0 0 34 0 0 0 0 0 26 5 10 0 0 0 22 7 0 0 0 0 29 0 0 0 0 0 0 5 0 0 0 1 0 0 0 0 2 0 0 0 0 0 0 0 0 0 0 0 0 0 0 0 0 0 0 0 0 0 16 28 44 0 0 0 34 21 54 18 11 0 0 1 28 0 0 0 0 9 0 0 0 0 1 11 0 0 0 0 14 0 0 0 0 0 4 10 52 0 0 0 0 0 0 0 0 0 0 54 0 0 0 0 0 0 0 0 0 0 0 0 0 0 0 0 0 0 0 0 0 0 17 2 0 19 0 2 10 0 0 0 0 0 12 0 0 0 0 0 0 0 0 0 0 0 0 0 0 0 0 0 1 1 1 0 0 0 
 3 3 3 3 2 5 7 4 3 3 4 4 3 3 4 4 4 3 3 3 206 248 34 572 95 52 94 44 117 69 125 0 32 195 117 132 171 79 49 38 127 5 66 1 4 1 2 0 2 7 18 0 56 2 2 11 2 0 65 1 3 0 1 2 3 5 2 2 0 0 5 0 4 2 2 0 2 2 0 0 0 0 0 0 0 0 0 0 0 0 0 0 0 0 0 0 0 0 0 0 8 0 0 8 0 0 0 9 12 18 28 18 0 0 0 0 11 10 0 0 3 14 19 8 0 0 12 0 1 0 0 0 33 18 0 10 7 0 14 0 0 0 0 0 0 0 0 0 0 0 0 0 0 0 0 0 0 0 0 0 0 0 0 0 0 0 0 0 0 0 0 0 0 8 0 0 0 9 0 0 0 0 22 0 19 0 0 0 0 11 0 27 0 12 29 8 11 7 0 0 14 12 0 15 0 0 16 0 0 0 0 0 18 13 0 0 0 0 9 11 0 0 0 0 0 0 2 0 0 0 0 0 0 0 0 0 0 0 0 0 0 0 12 0 0 1 0 0 1 0 0 0 0 2 2 0 2 75 88 2 10 2 0 0 2 0 0 0 0 0 0 0 0 0 0 0 0 0 0 0 0 20 0 0 0 0 7 0 0 0 
 0 0 0 0 3 37 0 0 2 2 0 0 0 0 25 0 0 2 0 0 294 143 232 384 159 33 287 177 559 169 105 32 0 187 115 122 127 110 110 158 0 0 0 0 2 0 15 0 2 0 3 0 0 2 0 1 0 0 0 0 0 0 0 0 3 2 0 2 0 0 2 0 2 0 0 0 0 0 0 0 0 0 0 0 0 15 0 0 0 0 0 0 0 0 0 0 0 2 0 0 9 28 19 23 9 0 14 23 19 14 19 2 3 20 0 33 10 36 0 13 0 0 0 0 0 0 0 8 0 0 0 0 0 0 0 2 0 2 0 0 0 0 0 0 6 0 0 0 0 0 0 0 0 0 0 1 0 0 0 4 0 0 0 0 0 0 13 0 0 0 0 0 0 1 0 0 0 0 0 0 10 26 13 8 21 11 69 0 12 1 21 38 9 38 38 22 12 19 1 0 0 0 0 0 0 0 0 0 0 0 0 0 2 0 0 0 0 0 10 0 0 0 0 0 0 0 0 27 0 0 0 0 1 0 0 0 2 1 0 0 0 0 0 0 0 0 1 0 0 0 0 1 0 0 6 0 0 89 0 0 12 10 0 0 0 0 0 0 0 1 0 0 0 0 0 0 0 0 0 0 0 9 0 0 0 0 0 0 0 0 
 0 0 0 105 24 73 2 0 0 0 73 0 0 0 0 0 0 69 0 0 140 48 62 124 300 191 85 160 92 140 323 195 187 0 123 251 79 136 182 308 0 0 0 0 3 0 0 0 2 6 4 0 0 0 0 2 0 0 0 0 2 96 0 0 3 2 0 2 0 0 47 0 3 0 0 0 0 0 89 0 0 0 0 8 7 10 0 0 0 0 0 0 0 0 0 10 0 0 0 0 23 11 22 42 0 0 0 22 21 24 1 0 0 12 46 0 18 29 0 12 0 0 0 0 0 0 0 0 0 0 0 0 13 0 0 0 0 0 0 0 0 0 0 0 0 0 0 0 0 0 0 0 0 3 0 0 0 0 0 0 0 0 0 0 56 10 3 2 0 0 0 10 0 0 0 0 0 0 0 0 0 34 11 0 10 12 23 9 28 8 1 10 0 0 25 30 18 49 0 0 0 0 0 0 0 0 6 0 0 0 0 0 1 0 0 0 0 0 10 28 0 0 1 0 0 2 0 0 0 0 0 0 0 0 0 0 0 2 0 0 0 0 0 0 0 0 0 0 0 74 0 0 0 2 12 2 1 0 0 0 0 0 0 0 0 0 0 0 0 0 0 0 0 0 0 0 13 0 0 0 0 51 0 0 0 0 22 0 0 0 
 3 4 3 78 113 77 3 3 3 3 3 82 3 3 3 3 3 3 3 3 138 112 388 63 80 115 33 100 137 135 64 117 115 123 0 193 193 37 249 304 4 0 0 0 3 0 1 0 11 0 3 0 0 0 0 2 0 0 0 0 1 0 0 0 3 2 0 2 0 3 2 0 10 0 0 0 0 4 0 0 0 0 0 0 11 51 0 0 8 0 0 0 0 0 10 0 0 0 0 0 17 25 27 0 10 0 10 0 12 34 23 6 22 38 14 14 0 19 10 17 0 0 0 0 0 0 0 6 0 0 0 0 14 0 0 0 0 0 0 0 21 0 0 0 0 0 0 0 0 0 0 0 0 0 0 0 0 0 0 0 2 0 0 0 5 0 0 0 0 0 0 9 0 0 0 0 0 0 0 0 27 53 23 0 0 48 53 22 0 30 6 7 10 3 0 21 0 31 8 0 8 0 0 0 0 0 0 0 13 0 0 0 0 0 0 0 0 0 8 0 0 0 0 1 11 0 0 0 0 0 0 0 0 0 0 0 0 0 0 0 0 0 0 0 0 0 0 0 0 0 0 0 0 0 6 0 2 1 0 1 0 0 0 0 0 0 0 0 0 0 0 0 0 0 0 0 0 0 0 0 0 0 0 0 0 0 0 0 0 0 
 0 2 0 2 0 2 2 0 2 1 0 1 0 38 0 0 0 0 0 0 119 165 269 428 82 319 137 267 181 146 95 132 122 251 193 0 224 234 41 188 62 1 0 0 2 0 2 0 5 0 3 0 0 25 0 3 0 2 4 0 0 0 0 0 12 2 0 2 0 2 2 0 2 2 6 2 0 0 0 0 0 0 0 0 0 19 0 0 0 0 0 12 0 0 0 0 0 0 0 9 64 12 19 27 10 0 24 3 30 15 66 19 0 0 0 18 0 0 18 14 0 0 11 0 0 0 7 0 0 0 0 0 39 0 20 0 0 0 0 0 0 0 0 0 0 0 0 0 0 0 0 0 0 0 0 16 0 0 0 0 0 0 0 0 0 0 0 0 0 0 0 0 0 0 0 0 0 0 0 0 10 19 15 9 1 37 39 0 13 10 13 23 0 26 20 24 42 12 0 15 29 0 0 0 0 0 0 0 0 0 0 0 0 13 0 0 0 0 0 0 0 0 0 0 0 0 0 2 0 0 0 0 0 0 0 0 0 0 0 0 0 0 0 0 0 0 0 0 0 0 0 0 0 0 10 0 2 12 0 0 0 0 0 0 0 0 0 0 0 0 0 0 0 26 0 0 0 0 0 18 0 0 0 0 2 21 0 0 0 0 
 0 0 0 0 0 0 2 0 0 0 6 0 2 0 0 1 0 0 0 1 136 396 109 302 74 70 107 171 191 215 99 171 127 79 193 224 0 275 212 42 0 0 0 0 4 0 0 1 2 6 3 0 0 0 30 3 0 2 0 0 2 0 2 4 3 2 0 2 0 0 3 0 3 0 3 0 0 0 0 0 0 0 0 0 0 26 0 0 0 0 0 16 0 0 0 0 0 0 0 0 10 0 8 38 27 16 13 0 0 59 59 45 0 0 32 39 15 27 9 11 0 0 0 0 0 0 0 0 0 0 0 2 8 0 0 0 0 0 23 1 0 0 1 2 0 0 11 1 0 0 0 0 0 0 0 0 0 0 0 0 0 0 0 0 0 0 0 0 0 0 0 0 0 0 0 0 0 0 0 0 8 2 18 1 9 0 13 10 31 39 36 29 0 10 23 38 9 0 0 18 25 0 0 0 0 0 10 0 0 0 0 0 0 15 0 0 0 0 0 0 0 0 15 0 0 0 0 0 0 0 0 0 0 0 0 0 0 0 0 0 0 0 0 0 0 0 0 0 0 0 0 0 0 0 16 0 0 2 0 0 1 0 0 0 0 0 0 0 0 0 0 0 0 0 0 0 0 0 0 33 0 64 0 0 0 0 0 0 0 0 
 2 2 2 6 2 3 5 2 2 2 2 2 2 2 3 2 2 2 2 2 419 411 414 71 119 378 147 170 94 316 46 79 110 136 37 234 275 0 43 98 0 5 0 2 3 0 0 21 2 0 3 0 0 0 0 2 0 0 0 0 0 0 0 1 3 2 0 2 26 0 9 0 2 0 0 0 0 0 0 0 1 0 0 0 0 20 0 0 0 0 1 0 0 0 0 2 0 0 0 0 0 0 9 14 10 0 53 2 1 35 36 23 0 8 11 18 12 54 19 18 4 2 2 0 0 0 0 0 0 0 0 0 21 0 7 0 0 0 5 11 0 1 25 0 0 0 0 0 0 0 11 9 0 0 0 8 0 0 0 0 0 0 0 0 0 0 0 0 0 0 0 0 0 0 0 0 0 0 0 1 21 21 16 26 0 13 10 50 12 39 6 5 0 6 0 12 19 2 24 0 9 0 0 0 1 0 65 0 0 0 0 0 20 26 0 0 0 0 19 25 10 0 0 0 0 0 0 16 0 0 0 0 0 0 0 0 0 0 0 0 0 0 0 0 0 0 0 0 0 0 0 0 0 0 13 0 0 3 76 3 3 3 0 0 0 0 0 0 0 0 0 0 0 0 0 0 0 2 0 30 0 0 0 0 0 6 14 0 0 0 
 0 2 2 81 112 80 11 2 75 1 99 1 2 0 78 77 2 2 4 0 256 40 40 282 75 39 115 123 160 66 25 49 110 182 249 41 212 43 0 121 8 1 8 3 3 0 4 0 17 0 6 0 0 0 0 2 2 0 3 0 0 0 0 0 3 2 0 3 3 0 2 0 4 2 0 0 0 0 2 0 0 0 0 0 14 38 0 0 13 0 0 38 0 0 0 0 3 0 0 0 11 46 17 0 0 0 29 9 10 21 32 0 8 0 0 14 0 0 0 0 2 0 0 0 0 0 0 0 0 0 0 0 0 0 0 0 0 0 0 0 0 0 0 0 0 0 0 0 0 0 0 0 0 0 0 0 0 0 0 0 0 0 0 0 15 15 0 0 0 0 5 2 0 0 0 0 14 2 1 0 0 18 14 0 0 0 1 11 10 0 0 1 16 1 0 10 0 8 8 41 0 0 0 0 0 0 0 0 0 0 0 0 0 0 0 0 0 0 0 0 0 0 0 0 0 0 0 0 0 0 0 0 1 0 0 0 0 0 0 0 0 0 0 0 0 0 0 0 0 76 0 0 0 1 7 0 2 14 0 0 2 0 0 0 0 0 0 0 0 0 0 0 0 0 0 0 0 0 0 0 0 0 0 0 0 0 0 0 0 0 
 4 6 3 3 38 83 8 5 3 5 3 80 4 5 3 3 4 4 5 3 211 169 69 78 90 62 65 297 367 110 109 38 158 308 304 188 42 98 121 0 3 2 0 0 2 0 63 0 8 0 4 0 0 0 0 1 0 0 0 0 0 0 0 0 3 2 0 77 0 0 2 0 49 0 0 0 2 0 0 0 0 0 0 0 1 23 0 0 0 0 0 0 0 0 0 0 0 0 0 1 1 21 24 1 22 0 22 20 22 21 0 0 22 39 0 35 12 6 0 13 0 0 0 0 0 0 0 0 0 0 0 0 0 18 1 0 0 0 8 0 0 0 0 0 0 0 0 0 0 1 0 0 0 0 0 0 0 0 0 2 0 0 0 21 0 0 0 0 0 0 0 0 0 0 0 0 0 0 1 0 20 48 25 0 15 0 58 1 12 0 23 29 8 16 4 11 7 0 4 1 0 0 0 0 0 1 0 0 0 0 0 0 0 1 0 0 0 0 13 0 1 0 0 0 0 0 0 0 0 0 1 0 0 0 0 0 0 0 1 0 0 0 0 0 0 0 0 0 0 0 0 0 0 0 3 1 3 1 0 0 10 0 0 0 0 0 0 0 0 0 0 0 0 0 0 1 0 0 0 0 0 0 0 0 0 0 0 0 0 0 
 0 0 0 4 0 0 0 0 0 0 0 62 0 0 0 0 0 2 0 0 0 0 0 0 0 0 0 2 2 3 0 127 0 0 4 62 0 0 8 3 0 93 161 272 47 72 290 51 55 51 100 41 465 41 177 143 104 251 49 100 3 51 0 0 0 3 0 0 52 0 0 0 2 0 0 202 3 0 0 0 0 0 0 0 0 23 0 0 0 0 0 0 0 0 0 0 0 0 0 0 0 34 0 0 0 3 0 0 0 0 0 0 1 3 0 0 0 0 0 0 9 42 49 0 0 0 0 21 9 14 5 1 27 44 13 15 83 0 15 11 0 0 0 0 0 0 1 0 0 0 0 1 0 0 0 0 0 0 0 0 0 0 0 0 0 0 0 0 0 0 0 0 4 7 0 0 0 5 0 0 0 3 2 0 0 0 0 5 0 0 0 0 0 2 0 0 0 13 2 0 0 10 21 2 0 0 27 22 4 0 7 0 0 37 16 28 10 18 3 12 0 0 0 0 0 0 1 0 0 0 0 0 0 0 0 0 0 0 7 0 0 0 0 0 0 0 0 0 0 0 0 6 0 1 0 0 0 0 0 0 62 0 0 0 0 1 2 3 0 0 12 0 0 0 0 0 0 0 0 0 0 0 0 0 0 16 0 0 2 0 
 0 0 0 0 0 2 3 0 0 0 0 0 0 0 0 0 0 0 63 0 0 0 4 63 1 59 0 0 1 2 68 5 0 0 0 1 0 5 1 2 93 0 452 153 53 25 204 135 134 113 73 38 48 108 47 120 45 320 201 114 0 2 0 0 0 0 0 0 0 0 0 1 0 0 0 0 1 204 3 0 0 0 0 0 0 0 0 0 0 0 0 0 0 0 0 0 0 0 0 0 0 0 4 0 10 22 0 0 5 0 0 7 0 0 0 0 0 9 0 0 13 16 23 10 7 0 23 13 10 7 1 22 8 21 0 0 0 21 6 13 0 0 0 0 0 0 1 0 0 0 0 0 21 0 0 0 0 0 0 0 0 0 0 1 0 0 0 0 2 0 0 0 0 0 4 0 0 0 8 0 0 0 0 6 21 7 0 0 0 0 0 0 0 0 5 0 0 11 0 0 25 37 10 0 0 1 36 13 19 0 8 21 28 15 38 0 18 1 21 11 0 0 0 0 0 0 0 0 0 0 0 0 10 0 0 0 0 0 0 0 0 0 36 0 0 0 0 0 0 18 0 8 0 1 0 0 0 136 0 9 44 0 2 0 2 8 2 0 2 0 0 0 0 0 0 0 0 0 0 0 0 4 0 0 10 0 0 0 2 0 
 5 3 0 2 0 0 1 0 0 0 0 0 0 0 0 0 0 0 0 0 0 0 0 1 0 63 0 28 0 0 0 66 0 0 0 0 0 0 8 0 161 452 0 126 54 71 276 179 140 53 40 36 219 46 138 51 227 209 305 228 24 0 0 0 0 0 0 0 0 6 0 0 0 0 0 0 15 0 0 0 0 0 0 0 0 0 0 0 0 0 0 0 0 0 0 0 0 0 0 0 0 0 0 0 0 28 0 13 1 0 0 0 0 0 0 0 0 1 0 0 17 17 20 0 6 3 8 25 22 0 16 0 19 12 34 0 18 19 9 21 0 0 0 0 0 0 0 0 1 0 0 21 9 0 0 0 0 2 12 0 0 0 0 0 0 0 2 0 0 0 0 0 5 8 0 0 0 6 0 0 0 0 0 0 11 0 0 0 0 0 0 0 0 8 0 0 0 0 0 0 19 17 42 4 9 0 17 23 19 1 11 0 1 0 14 14 10 0 6 15 0 0 0 0 0 0 3 0 0 0 0 0 0 8 0 0 0 0 0 0 0 0 0 0 0 0 0 0 0 0 0 1 0 0 0 0 0 0 0 1 0 0 0 0 2 0 2 0 0 0 0 0 0 0 0 0 0 0 0 0 0 0 0 0 6 11 0 0 0 0 
 1 2 0 2 0 2 6 2 9 1 2 1 1 69 2 3 3 1 84 3 0 0 0 0 0 0 0 2 0 1 0 1 0 0 0 0 0 2 3 0 272 153 126 0 392 274 88 115 92 165 76 117 69 441 81 126 97 167 304 77 53 52 5 0 0 0 56 0 0 14 0 0 100 3 1 1 3 0 0 0 0 0 0 0 0 0 0 0 0 0 0 0 0 0 0 0 0 0 0 0 0 0 0 0 0 0 0 0 0 0 0 0 0 0 0 0 0 0 0 0 0 0 0 12 18 14 0 10 24 5 13 8 0 0 0 9 0 13 0 0 0 7 0 10 0 0 3 14 16 0 0 0 14 10 14 1 17 10 11 8 0 0 0 0 0 0 0 0 8 0 0 0 0 0 0 0 0 0 3 0 0 0 0 0 0 1 0 0 0 0 0 0 0 0 0 23 7 0 0 0 15 0 1 23 21 15 0 13 0 18 0 7 0 0 4 16 25 5 0 0 0 9 0 0 0 0 11 6 34 15 0 0 10 19 0 16 0 13 0 6 0 0 12 0 0 0 0 0 0 0 0 17 0 0 0 0 0 0 0 11 0 0 2 0 1 2 0 0 2 0 0 0 0 0 0 0 0 0 0 0 0 0 0 0 1 5 0 0 0 0 
 0 0 0 2 0 0 0 0 0 0 0 0 0 0 0 0 0 0 3 0 3 2 4 2 3 3 3 3 9 4 58 4 2 3 3 2 4 3 3 2 47 53 54 392 0 264 116 156 423 135 92 198 125 92 161 290 145 43 292 137 0 50 0 0 12 0 0 0 0 13 0 0 0 0 0 261 1 63 65 50 0 0 0 0 0 0 0 0 0 0 0 6 0 0 0 0 0 0 0 0 0 0 0 0 0 3 0 0 0 0 0 0 0 0 0 0 0 0 0 0 11 0 0 21 0 20 14 0 13 10 4 10 0 7 5 8 6 6 0 0 0 6 0 1 0 2 0 1 0 3 0 2 6 9 0 0 0 9 0 0 0 5 0 0 0 0 0 0 0 0 0 0 0 0 0 0 0 0 0 0 0 0 0 0 0 0 0 0 0 0 0 0 0 0 0 0 0 0 0 0 0 10 16 41 11 16 0 5 11 24 32 25 0 0 0 3 8 11 0 7 0 0 0 0 0 0 9 8 0 9 0 0 11 0 24 0 0 6 10 0 0 0 11 0 0 0 0 0 0 0 0 3 0 0 0 0 0 0 0 2 0 18 41 0 0 4 0 2 2 0 8 0 0 0 0 0 0 0 0 0 0 0 14 0 0 0 0 0 2 0 
 0 0 0 0 0 0 0 0 0 65 0 3 0 0 0 0 0 0 0 0 3 0 61 0 0 2 0 0 0 20 0 1 0 0 0 0 0 0 0 0 72 25 71 274 264 0 38 116 56 52 63 201 27 34 64 82 92 164 264 64 21 8 0 0 1 0 0 0 0 6 0 0 9 3 0 24 14 24 37 74 0 0 0 0 0 0 6 0 0 0 0 0 0 0 0 0 0 0 0 0 0 0 0 0 0 0 0 0 0 0 0 0 0 0 0 0 0 0 0 0 10 0 0 10 54 16 0 0 0 6 57 11 0 0 0 21 0 17 0 0 7 10 0 11 0 9 9 28 1 6 3 0 23 1 22 1 0 4 23 38 0 0 0 0 0 0 0 0 0 0 0 0 0 0 0 0 0 0 0 0 0 0 0 0 0 43 0 0 0 0 0 0 0 0 0 0 0 0 0 0 0 0 5 11 38 0 0 0 0 0 0 7 0 0 0 18 24 8 0 0 7 0 0 1 0 0 3 24 28 3 16 0 9 10 28 2 24 2 0 55 0 0 1 0 0 0 0 0 0 0 0 7 0 0 0 0 0 0 0 0 0 26 63 64 1 7 0 0 8 0 8 0 0 0 0 0 0 0 0 0 0 2 0 0 12 0 0 0 1 0 
 2 3 2 7 2 3 6 3 3 2 3 2 2 3 3 3 3 2 3 3 2 2 0 0 0 151 11 0 1 1 0 2 15 0 1 2 0 0 4 63 290 204 276 88 116 38 0 270 182 97 277 288 193 229 131 112 109 95 260 292 0 0 0 0 0 0 0 0 0 0 0 0 31 0 0 0 51 0 8 0 0 0 0 0 0 0 0 0 0 0 0 0 0 0 0 0 0 0 0 0 0 0 0 0 1 19 1 5 0 0 0 1 0 0 0 1 0 0 0 0 23 21 5 18 0 0 11 12 18 14 0 0 10 10 14 17 39 38 0 9 0 0 0 0 0 0 4 0 0 8 0 6 0 0 0 0 0 0 0 0 0 0 0 0 0 0 0 0 10 0 0 0 19 0 0 0 0 0 0 0 0 1 0 1 20 3 0 0 1 0 4 2 0 0 0 0 1 6 0 0 25 14 12 21 22 0 1 0 6 18 28 0 13 3 6 15 12 13 13 0 0 0 0 0 0 0 0 0 0 0 0 0 0 0 0 0 0 0 27 0 0 0 0 0 0 0 0 0 0 0 0 9 0 2 0 0 0 6 0 1 0 0 81 0 1 0 0 1 2 0 1 0 0 0 0 0 0 0 0 0 0 0 0 0 10 0 0 0 1 0 
 0 0 0 0 0 0 0 0 0 0 0 0 0 0 0 5 0 0 0 0 0 0 0 0 0 0 0 0 0 6 0 0 0 0 0 0 1 21 0 0 51 135 179 115 156 116 270 0 219 179 36 75 109 178 105 92 107 160 174 71 0 0 0 0 0 0 6 0 0 4 0 0 0 0 0 0 0 0 73 36 0 0 0 0 0 0 0 0 0 0 1 0 9 0 0 0 0 0 0 0 0 3 0 0 0 4 0 0 0 0 0 0 0 0 10 0 0 0 0 0 12 6 0 9 1 47 0 0 12 20 2 19 0 0 0 14 7 18 0 0 9 15 0 0 0 0 0 12 1 6 0 7 15 5 0 3 1 0 0 0 0 0 0 0 0 0 0 0 8 0 0 0 0 0 0 0 0 0 8 0 0 0 0 0 0 0 0 0 0 0 0 0 0 0 0 0 0 0 0 0 19 13 0 29 34 15 1 8 0 24 9 7 0 56 0 21 37 17 0 0 9 0 0 0 0 0 31 0 0 0 0 0 0 7 7 0 0 0 0 0 0 0 8 0 0 0 0 0 0 0 0 6 0 0 0 0 0 0 0 0 0 0 4 0 0 0 5 0 0 0 0 0 0 0 0 0 0 0 0 0 0 0 0 0 17 0 0 0 2 0 
 3 6 3 3 7 3 5 3 3 3 3 3 3 3 3 3 3 3 3 3 2 2 2 2 5 6 2 2 4 0 2 2 2 2 11 5 2 2 17 8 55 134 140 92 423 56 182 219 0 223 39 112 107 146 88 91 89 264 167 79 0 0 0 0 0 0 0 51 0 6 0 0 0 0 0 0 0 0 26 0 0 0 0 0 0 31 0 0 0 0 0 0 0 0 0 0 0 0 0 0 0 33 0 1 0 19 3 6 0 0 0 0 4 2 0 4 0 0 0 0 10 8 0 12 0 5 1 0 9 30 22 31 0 0 0 13 1 42 0 0 0 0 0 0 0 0 7 0 0 3 3 0 23 0 0 0 0 0 0 0 0 0 0 5 0 0 0 0 0 0 0 0 0 0 2 0 0 0 3 0 0 10 8 0 0 0 0 7 0 0 0 0 0 0 0 0 0 0 7 0 0 8 0 93 11 40 13 2 10 3 7 12 0 19 0 5 38 32 0 0 0 10 0 0 0 0 11 0 0 0 0 0 8 15 9 0 0 0 0 11 0 0 10 0 0 0 0 0 0 0 0 0 0 1 0 0 0 0 0 10 0 0 73 1 0 12 0 0 0 0 0 0 0 0 0 0 0 0 0 0 0 0 0 0 10 0 0 0 2 0 
 0 0 0 0 0 7 3 0 0 0 0 0 0 0 0 3 0 39 0 0 6 0 0 16 0 0 0 0 7 10 0 7 0 6 0 0 6 0 0 0 51 113 53 165 135 52 97 179 223 0 95 161 264 147 221 192 105 82 75 111 51 2 0 49 0 0 0 0 0 0 2 0 57 0 0 0 0 0 50 19 0 0 0 0 0 0 0 0 0 0 0 0 0 0 0 0 0 0 0 0 47 0 0 5 0 0 0 0 0 9 0 0 0 0 0 0 8 40 0 0 10 6 0 7 34 25 0 0 10 11 9 18 0 0 1 25 8 10 1 0 10 0 0 0 0 0 10 0 4 5 0 8 7 0 0 0 0 0 0 0 0 0 0 2 0 4 0 0 0 0 0 0 0 0 2 0 0 0 10 0 0 0 0 0 9 0 0 0 0 10 0 0 0 0 5 6 0 0 9 0 1 0 70 24 1 26 0 7 12 25 24 23 0 0 0 0 8 0 0 0 5 6 0 0 0 0 9 0 0 0 0 0 8 0 0 0 0 0 1 6 0 0 3 0 0 0 0 0 0 0 0 8 0 2 0 0 0 0 0 15 0 0 64 1 36 14 0 0 0 0 0 0 0 0 0 0 0 0 0 0 0 4 0 10 0 1 0 10 0 0 
 3 3 2 3 2 3 6 3 3 3 3 3 3 63 3 3 3 3 3 3 3 3 6 3 4 3 3 3 3 17 3 18 3 4 3 3 3 3 6 4 100 73 40 76 92 63 277 36 39 95 0 295 102 123 130 91 160 43 52 143 2 1 0 0 0 53 26 0 0 0 0 0 0 0 0 0 6 0 0 0 0 0 0 1 0 0 0 0 0 0 0 0 0 0 0 0 0 0 0 0 0 0 3 0 0 0 0 0 0 2 0 16 0 0 0 0 0 3 0 0 1 18 0 9 12 0 0 21 13 0 28 1 0 12 10 0 28 0 4 31 8 0 0 8 15 0 16 9 14 0 0 0 1 9 0 17 0 13 19 0 0 0 0 0 0 0 0 0 7 0 0 0 17 0 0 0 0 0 0 0 0 0 0 5 15 0 0 0 0 6 0 0 24 0 13 0 0 0 0 0 0 2 9 15 56 1 31 9 0 25 7 0 0 8 11 28 29 15 8 0 0 14 1 0 3 0 27 3 3 0 0 0 11 0 0 20 0 0 26 7 0 0 4 0 0 0 0 0 0 0 0 2 0 7 0 0 0 0 0 2 0 29 0 0 2 0 2 0 2 0 0 0 0 0 0 0 0 0 0 0 0 11 0 0 1 0 0 0 1 0 
 0 0 6 4 0 0 0 0 6 2 1 64 0 0 0 1 0 0 2 0 0 1 0 0 0 2 0 0 0 10 0 0 0 0 0 0 0 0 0 0 41 38 36 117 198 201 288 75 112 161 295 0 236 121 36 43 158 60 58 46 51 29 0 0 0 0 0 0 0 2 0 0 0 0 0 2 0 1 55 54 7 0 0 0 0 0 2 0 2 0 1 0 0 0 0 0 0 0 0 6 0 0 0 0 0 0 0 0 0 0 0 0 0 6 0 0 0 0 0 0 6 13 18 0 0 22 0 0 6 14 0 35 0 0 0 28 7 6 0 0 2 8 0 0 0 0 0 12 20 33 7 2 10 32 15 0 12 11 15 0 0 2 0 10 5 0 0 6 4 0 2 0 0 0 0 0 6 0 1 0 0 0 0 0 0 0 0 0 0 0 0 0 0 0 0 0 0 0 0 0 0 0 13 27 27 29 0 0 7 42 13 12 0 0 0 0 9 15 0 0 11 22 0 0 0 0 1 7 0 19 15 0 11 2 19 0 15 11 7 13 0 0 8 0 0 0 2 0 0 0 0 6 0 0 0 0 0 0 2 6 0 27 37 1 0 2 0 3 0 0 7 0 0 0 0 0 0 0 0 0 0 2 0 0 0 14 0 0 1 0 
 0 3 0 4 0 0 0 0 0 0 0 0 0 0 0 0 0 0 0 0 0 0 0 62 0 6 0 0 2 0 0 56 0 0 0 0 0 0 0 0 465 48 219 69 125 27 193 109 107 264 102 236 0 89 329 256 40 48 373 72 0 7 2 0 0 0 0 0 3 0 0 0 0 0 0 2 0 0 23 0 0 0 0 0 0 0 0 0 0 0 0 0 0 0 0 0 0 0 0 0 0 0 0 0 11 1 0 0 0 0 0 0 0 0 0 0 0 0 0 0 25 10 58 15 0 0 0 21 1 10 11 0 5 67 32 6 58 1 6 19 0 0 0 0 0 0 2 0 0 1 26 6 0 0 0 0 0 3 0 0 0 0 0 0 7 0 0 0 0 0 0 10 0 30 0 0 0 6 0 0 0 0 0 0 27 2 0 0 0 0 0 0 0 0 0 0 21 2 0 0 12 12 14 7 0 0 11 20 20 5 0 0 18 27 36 34 10 25 21 2 0 0 0 0 3 0 11 2 0 5 0 0 0 0 0 0 0 0 1 0 0 0 0 0 0 0 0 0 0 0 0 5 0 0 0 0 0 1 62 0 1 0 0 0 0 3 0 64 0 0 66 0 0 0 0 0 0 0 0 0 0 0 0 0 0 0 0 0 1 0 
 63 0 0 0 0 0 0 0 0 0 0 0 0 0 0 0 56 0 0 0 2 4 0 2 0 62 3 4 47 3 0 2 2 0 0 25 0 0 0 0 41 108 46 441 92 34 229 178 146 147 123 121 89 0 229 258 40 53 236 174 0 0 0 0 0 0 0 0 0 0 0 41 0 0 0 0 0 0 0 0 0 8 0 0 18 0 0 0 0 0 0 0 0 0 0 0 0 0 21 0 2 0 0 3 0 0 3 5 0 0 0 0 0 0 0 4 0 14 0 0 14 9 19 3 7 51 7 0 22 0 0 2 0 0 1 3 7 1 0 24 0 0 0 0 0 0 8 12 0 1 0 3 1 0 0 0 0 0 0 0 0 0 0 0 0 0 0 0 7 0 0 0 0 0 0 22 0 0 0 0 0 0 0 0 0 16 0 0 4 0 9 11 0 0 0 2 10 4 0 0 26 0 78 17 14 14 1 0 7 48 21 18 8 0 0 23 18 0 1 0 0 0 0 0 0 0 9 0 0 0 0 0 0 0 0 0 0 0 9 0 0 0 1 0 0 0 0 0 0 25 0 1 0 2 0 0 0 0 0 3 0 0 1 0 1 2 0 0 0 0 9 0 0 0 0 0 0 0 0 0 0 0 0 0 7 0 0 0 1 0 
 2 0 0 4 0 0 2 0 0 0 2 0 0 0 0 2 0 0 0 0 0 0 5 1 0 0 0 0 4 5 0 2 0 0 0 0 30 0 0 0 177 47 138 81 161 64 131 105 88 221 130 36 329 229 0 90 44 106 165 181 66 0 0 14 3 2 2 6 0 21 0 0 25 0 2 0 0 0 51 0 0 0 0 0 0 0 0 0 0 0 0 0 0 0 0 0 0 0 0 17 0 0 0 0 0 0 0 0 0 1 0 1 0 9 0 0 0 0 0 0 7 22 25 7 0 13 0 11 27 40 0 16 0 1 20 0 22 0 14 28 0 5 0 0 0 0 14 0 0 0 0 0 15 3 0 11 3 0 33 0 0 0 0 0 0 0 0 0 4 0 0 0 6 2 0 0 0 0 0 0 0 0 0 0 0 0 0 0 0 0 0 0 0 0 0 0 0 0 0 0 0 0 43 39 16 22 10 5 25 34 17 7 0 0 0 22 10 18 9 0 44 0 0 0 0 0 26 1 0 0 2 1 3 8 1 0 0 0 20 7 0 0 8 0 0 0 0 0 0 0 0 2 0 0 0 0 0 0 0 0 0 0 1 0 2 2 33 0 2 0 22 0 0 0 0 0 0 0 0 0 0 0 0 0 0 0 0 10 2 0 
 0 0 0 0 0 0 0 0 0 0 0 63 0 0 0 0 0 0 0 0 2 1 5 8 3 4 64 2 1 8 2 11 1 2 2 3 3 2 2 1 143 120 51 126 290 82 112 92 91 192 91 43 256 258 90 0 70 183 63 87 0 0 0 0 0 0 0 0 0 0 0 0 0 0 0 0 0 0 0 0 0 0 0 0 0 0 0 0 0 0 0 0 0 0 0 0 0 0 0 0 0 0 3 0 11 9 0 0 0 4 0 6 0 0 0 0 2 8 0 0 1 18 1 13 16 13 0 14 0 1 18 9 0 21 29 9 15 0 7 0 0 0 0 2 0 0 6 2 0 0 2 0 9 0 0 3 0 0 0 0 0 0 0 1 0 0 0 0 0 0 0 34 0 0 7 0 0 0 3 0 0 0 0 3 13 0 0 0 0 2 0 0 0 0 6 0 0 0 0 0 10 0 0 15 0 0 21 10 9 30 1 8 0 13 10 9 11 37 1 0 0 0 0 0 0 0 20 0 11 0 0 0 7 0 0 0 0 0 13 11 0 0 18 0 0 0 0 0 0 0 0 15 0 1 0 0 0 0 0 7 0 0 1 0 0 17 0 37 2 0 37 0 0 0 0 0 0 0 0 0 0 4 0 0 8 9 0 0 2 0 
 0 3 0 4 0 0 0 0 0 0 0 0 0 0 0 0 1 0 0 0 0 6 3 0 0 0 0 0 2 3 0 2 0 0 0 0 0 0 2 0 104 45 227 97 145 92 109 107 89 105 160 158 40 40 44 70 0 208 88 95 73 0 0 0 0 0 0 0 0 6 0 0 58 0 0 0 10 0 71 0 0 0 0 0 0 0 0 0 0 0 0 0 0 0 0 0 0 0 0 0 0 0 0 0 0 0 0 0 0 0 0 0 0 0 0 0 0 0 0 0 16 14 18 57 26 2 0 5 17 38 22 14 0 0 19 37 41 17 0 23 24 1 0 0 0 0 0 0 2 7 2 1 8 0 2 0 0 3 22 0 0 0 0 0 0 0 0 0 5 0 0 0 7 2 0 0 0 23 0 0 0 0 0 0 0 0 0 0 0 0 0 0 0 0 0 0 0 0 0 0 0 0 37 27 20 14 9 0 0 15 4 0 0 0 0 28 30 14 10 0 19 2 0 0 0 0 2 0 1 9 0 0 0 8 3 1 0 0 11 17 0 0 1 0 0 0 0 0 0 0 0 0 0 0 0 0 0 0 0 9 0 0 107 0 2 1 1 0 1 0 0 0 0 0 0 0 0 0 0 0 0 0 0 0 15 15 0 10 0 0 
 0 3 0 0 0 0 0 62 0 1 0 0 0 0 4 0 0 0 3 0 0 0 0 0 0 64 2 0 0 3 0 0 0 0 0 2 2 0 0 0 251 320 209 167 43 164 95 160 264 82 43 60 48 53 106 183 208 0 89 44 54 0 0 0 0 0 0 0 0 6 0 0 0 0 0 3 0 0 52 0 0 0 0 0 0 0 0 0 0 0 0 0 0 0 0 0 0 0 0 0 0 14 0 0 0 8 0 0 0 0 0 0 0 0 0 0 0 0 0 0 0 6 0 23 15 22 0 0 18 13 25 23 0 0 0 0 1 6 0 0 0 1 1 0 0 0 20 15 0 0 5 0 34 0 0 6 0 0 1 0 0 0 7 3 0 0 0 0 0 0 0 0 0 0 5 0 0 0 5 0 0 0 0 0 0 0 0 0 0 0 0 0 0 0 0 0 0 0 0 0 0 11 0 1 9 1 1 7 19 0 12 27 0 12 0 11 7 11 0 0 0 0 0 0 0 0 9 0 13 0 0 0 2 14 8 0 0 0 0 13 0 0 10 0 0 0 0 0 0 0 0 11 0 0 0 0 0 0 0 11 0 0 11 0 3 2 1 0 0 0 0 0 0 0 0 0 0 0 0 0 0 0 0 0 39 14 0 0 0 0 
 1 2 0 2 0 4 6 2 3 1 2 1 1 2 2 3 3 1 2 3 0 0 0 25 1 123 0 0 0 0 50 65 0 0 0 4 0 0 3 0 49 201 305 304 292 264 260 174 167 75 52 58 373 236 165 63 88 89 0 418 0 0 0 0 0 0 1 0 2 0 0 1 1 0 0 0 0 0 212 14 0 0 0 0 0 0 0 0 0 0 0 0 0 0 0 0 7 0 0 0 0 0 0 0 7 24 0 0 11 0 0 0 0 11 0 0 0 0 0 0 10 22 20 22 1 1 39 11 22 8 0 0 32 4 8 2 14 22 0 21 7 4 0 0 0 0 8 6 0 0 0 0 6 0 0 0 1 0 0 0 0 0 0 0 0 0 0 0 6 0 0 0 15 0 0 0 0 0 0 0 0 0 0 1 16 7 0 0 0 0 0 1 0 0 0 0 0 0 0 0 28 38 13 0 22 0 0 1 0 17 17 8 15 1 9 16 1 1 6 10 6 0 0 0 0 0 0 6 0 0 0 0 0 0 0 11 0 0 5 0 0 0 0 0 0 0 0 0 0 0 0 12 0 0 0 0 0 109 2 0 0 0 64 0 0 2 0 0 2 0 0 0 0 0 0 0 0 0 0 0 0 0 0 0 29 0 0 0 2 0 
 0 0 0 63 0 0 0 0 0 0 0 0 0 0 1 6 0 0 2 0 0 0 0 63 3 60 0 0 0 13 76 1 0 0 0 0 0 0 0 0 100 114 228 77 137 64 292 71 79 111 143 46 72 174 181 87 95 44 418 0 1 0 1 2 2 2 5 6 0 3 2 3 3 0 0 2 2 1 13 1 0 0 0 0 9 0 0 0 0 0 1 0 0 0 0 0 0 0 0 0 0 0 0 1 11 13 0 0 1 0 0 0 0 0 0 0 0 0 0 0 46 14 57 21 0 5 29 28 10 8 0 0 20 23 17 0 34 18 0 24 0 7 0 0 0 0 0 0 0 0 0 0 0 6 0 10 5 0 0 0 0 0 4 0 0 0 0 0 1 0 0 0 30 1 0 0 3 0 0 0 0 0 0 1 19 28 0 0 0 0 0 0 0 0 0 0 15 0 0 0 45 19 26 8 14 0 7 10 0 1 17 0 46 0 41 1 0 0 31 16 23 0 0 0 0 0 4 0 0 0 11 0 9 5 0 0 0 0 18 0 0 0 0 0 0 0 0 0 2 0 0 6 3 0 0 0 0 152 0 0 1 0 0 0 0 1 19 0 0 2 0 0 0 0 0 0 0 0 0 0 0 0 0 0 0 0 0 0 1 0 
 0 0 0 0 0 0 0 0 0 0 0 0 56 0 0 0 0 0 0 0 0 0 1 0 1 0 1 1 0 0 0 3 0 2 1 0 2 0 0 0 3 0 24 53 0 21 0 0 0 51 2 51 0 0 66 0 73 54 0 1 0 116 65 96 32 24 151 78 86 98 20 49 284 93 39 31 85 87 42 93 0 0 0 0 0 0 0 0 0 0 0 0 0 0 0 0 0 0 0 0 0 0 0 0 0 0 0 0 0 0 0 2 0 9 0 0 0 0 0 0 0 0 0 0 39 56 0 0 0 0 21 0 0 0 0 27 0 0 0 17 103 1 33 9 10 4 0 0 13 9 1 0 26 5 34 21 11 1 55 0 0 0 0 0 12 0 0 20 0 0 0 0 0 0 0 0 0 0 0 0 0 0 0 0 0 0 0 0 0 0 0 0 0 0 0 0 0 0 0 0 0 0 1 0 51 0 0 0 0 0 0 0 0 0 0 14 18 0 0 0 32 21 18 9 0 0 2 0 0 0 8 8 3 46 8 26 63 8 0 0 0 0 0 0 0 0 0 0 0 0 0 0 0 0 4 0 0 0 0 0 0 0 0 13 54 0 0 0 0 0 1 0 0 0 0 0 0 0 0 0 0 0 0 0 0 0 0 1 0 0 
