 0 177 153 158 264 317 94 101 38 134 313 140 168 126 58 88 146 116 148 71 3 0 2 0 3 3 2 0 0 0 0 2 0 3 0 1 0 4 0 1 0 0 0 0 0 10 16 3 0 4 0 2 3 5 6 0 0 7 77 39 0 0 2 0 0 5 0 0 2 0 0 4 0 2 0 3 0 3 0 3 9 28 0 15 0 0 19 26 0 18 16 0 21 42 27 5 0 22 68 0 0 0 0 0 0 0 0 0 0 0 0 0 2 0 0 7 0 0 0 0 0 0 0 0 0 0 0 0 0 0 0 0 0 0 0 0 0 0 0 0 0 0 0 0 0 0 2 0 0 0 0 2 0 0 0 0 0 0 0 0 17 0 5 14 8 15 12 21 18 11 0 15 14 0 45 0 10 6 6 27 0 0 0 0 0 0 0 0 0 0 0 0 0 0 0 0 0 0 0 0 0 0 0 0 0 0 0 0 0 0 0 0 0 0 0 0 0 1 0 0 0 0 0 0 0 0 2 0 0 2 9 0 0 0 0 0 0 0 0 0 0 14 0 0 0 2 0 0 0 0 48 9 0 0 2 0 0 0 0 0 0 0 18 0 0 0 0 0 0 0 0 0 0 0 0 0 0 0 0 0 0 0 0 0 0 0 0 0 0 0 
 177 0 410 102 216 113 175 390 160 223 166 218 209 255 56 128 132 68 74 59 4 2 2 2 2 5 0 43 0 0 2 0 0 2 0 0 0 3 74 0 0 0 0 0 0 0 3 3 0 5 0 2 3 2 2 0 1 1 0 0 0 3 0 0 0 33 5 1 2 0 0 3 0 2 0 3 0 3 0 26 0 12 34 27 12 0 0 1 16 14 50 16 0 1 24 29 15 32 0 0 9 0 0 0 0 0 2 0 0 0 0 0 18 1 5 0 0 0 0 0 0 0 0 0 0 0 0 0 0 0 0 0 0 32 0 0 0 0 0 0 0 0 0 0 0 0 0 0 0 0 0 0 0 0 0 3 0 0 0 0 16 20 39 9 19 0 14 17 27 24 15 4 0 29 10 14 0 33 0 0 0 0 0 0 0 0 0 0 0 0 1 0 15 0 0 0 0 1 0 19 0 0 0 0 0 0 0 0 0 0 0 0 0 0 0 0 0 0 0 0 0 0 0 0 0 0 0 0 0 0 0 0 0 2 0 0 0 1 0 0 0 0 0 0 0 0 91 0 1 1 24 18 0 0 0 0 0 0 0 0 0 0 0 0 0 0 0 0 0 0 0 0 0 0 0 0 24 0 0 0 0 0 0 0 0 0 0 0 0 0 
 153 410 0 98 189 47 166 268 241 349 215 173 84 412 55 146 121 145 162 297 3 0 2 0 2 21 73 0 0 0 2 0 0 2 1 0 0 3 77 1 0 0 0 0 0 0 3 3 0 3 0 2 0 2 0 0 0 0 0 0 0 0 2 0 0 0 0 1 2 0 0 3 0 2 0 3 0 3 0 3 0 0 29 64 13 0 23 0 14 24 26 27 0 19 19 38 55 72 0 0 11 1 0 0 0 0 0 10 0 0 0 0 9 0 12 0 0 1 13 10 0 0 1 0 0 11 0 0 0 0 0 0 0 0 0 0 4 0 0 0 0 0 0 0 0 0 0 0 0 0 0 0 0 0 0 0 0 1 0 0 0 12 3 56 25 13 4 20 10 7 0 35 0 16 26 0 20 64 0 21 0 17 0 0 0 1 0 0 0 0 15 0 0 37 0 0 0 1 0 29 0 0 0 11 0 0 0 4 0 0 0 0 0 0 0 0 0 0 0 0 0 0 0 0 0 0 0 0 0 0 0 0 1 0 0 0 0 0 0 0 0 0 0 0 0 0 5 0 0 0 16 5 0 0 0 0 0 0 0 0 0 0 0 0 0 0 0 0 0 0 0 0 0 1 0 0 22 0 0 0 0 0 0 0 0 0 0 0 0 0 
 158 102 98 0 185 269 161 295 179 192 119 174 68 216 67 93 47 211 107 42 26 76 2 0 3 3 74 26 0 1 3 0 0 76 0 0 0 3 0 76 0 0 0 0 0 0 7 3 0 13 0 2 6 2 0 0 0 0 0 0 0 1 2 0 0 0 4 1 2 0 0 2 0 2 0 3 0 3 0 39 0 10 50 34 1 68 0 14 40 10 0 12 0 9 15 16 18 0 0 0 1 19 1 0 0 0 20 0 0 0 0 0 26 7 0 0 0 0 56 18 1 0 0 0 0 0 0 0 0 0 0 0 2 0 0 0 0 0 0 0 0 1 0 0 0 0 0 0 0 0 0 0 0 0 0 0 2 0 0 0 0 0 45 0 0 0 19 31 0 41 15 0 0 0 0 16 12 26 0 0 0 0 0 0 0 0 0 0 0 2 0 0 20 10 16 1 0 0 20 0 0 0 0 0 0 0 2 0 0 1 0 0 0 0 2 0 0 1 0 0 0 0 0 0 1 0 0 2 0 0 0 0 8 0 0 0 0 0 2 0 0 11 0 0 0 0 1 0 90 89 1 11 0 0 0 0 0 0 0 0 1 0 1 0 0 0 0 0 0 0 0 0 0 0 0 15 0 0 0 0 0 0 0 0 0 0 0 0 0 0 
 264 216 189 185 0 326 457 45 65 161 88 389 60 315 71 177 110 247 236 178 5 66 2 0 5 3 0 2 1 0 2 0 140 79 76 81 0 66 75 27 0 2 24 0 0 2 3 3 0 3 0 2 0 5 3 0 4 0 0 0 1 0 0 0 0 4 3 4 2 2 2 3 3 2 0 3 0 3 0 3 0 0 1 3 56 12 0 0 0 18 5 15 0 16 0 0 0 0 0 0 20 22 0 40 0 0 0 13 0 0 0 0 0 0 13 17 0 14 11 0 0 0 0 0 0 0 0 2 0 0 0 0 0 0 0 0 0 1 0 0 9 0 0 0 2 0 0 0 0 0 0 0 0 0 0 0 0 0 0 0 1 5 6 22 4 0 0 0 0 0 35 2 0 0 0 18 0 1 9 0 26 23 10 0 0 0 13 0 0 0 1 0 16 10 0 1 5 6 11 0 0 0 0 0 0 0 0 1 0 0 0 7 0 0 0 0 0 0 0 0 0 0 0 0 0 0 0 0 0 0 0 0 0 0 0 0 0 0 0 0 0 0 0 0 0 2 60 1 5 0 0 11 0 0 2 0 0 0 0 0 0 18 0 0 0 0 0 0 0 0 0 0 0 0 0 0 9 0 0 0 0 0 0 0 0 0 0 0 0 0 
 317 113 47 269 326 0 41 30 54 264 125 110 264 61 41 63 154 162 52 128 77 1 3 363 2 3 148 0 0 2 1 0 187 102 161 79 156 30 25 225 0 0 0 0 0 0 3 3 0 2 0 2 0 2 2 0 0 4 0 0 0 0 0 0 0 5 0 2 2 0 0 4 0 2 0 3 0 3 0 6 0 0 0 0 0 30 0 0 19 0 0 0 0 0 0 0 17 0 0 0 0 21 13 10 0 0 24 14 21 43 0 2 48 10 3 15 1 19 18 22 0 0 0 0 0 0 0 0 9 0 0 0 0 0 2 0 0 0 0 0 0 0 0 4 0 0 0 13 0 0 0 0 0 0 0 0 0 0 0 0 0 0 20 0 0 61 0 0 5 28 5 0 0 0 0 16 0 1 0 0 14 16 18 0 0 13 34 0 37 9 9 0 16 11 41 0 14 70 39 19 0 0 0 0 0 2 13 0 0 0 0 0 0 0 0 0 0 0 16 0 0 0 0 0 0 0 0 0 0 0 0 0 0 0 0 0 0 0 0 0 0 0 0 0 0 2 0 0 94 1 2 2 0 0 0 0 0 0 0 0 2 0 0 0 0 0 0 0 0 0 0 0 0 0 0 0 0 0 0 0 0 0 0 0 0 0 19 0 0 0 
 94 175 166 161 457 41 0 93 230 125 132 133 419 325 52 37 40 242 97 57 3 3 2 0 5 4 0 2 0 0 1 2 0 4 0 0 0 5 2 0 0 3 0 0 0 2 3 3 0 3 0 2 0 5 2 61 0 0 0 0 1 0 3 0 1 0 3 0 2 3 1 2 3 2 0 2 0 3 0 3 50 0 10 2 0 0 20 0 11 29 18 29 17 18 21 21 12 19 13 32 0 0 0 0 0 0 0 0 0 0 0 0 0 0 0 0 0 0 0 0 0 0 0 0 0 0 0 0 0 0 0 0 0 0 0 0 0 0 0 0 0 0 0 0 0 0 0 0 0 0 0 0 0 0 2 3 0 0 0 0 42 18 13 13 39 0 11 19 0 12 0 0 16 52 28 0 15 26 28 34 0 0 0 1 16 0 0 0 0 0 0 0 17 0 0 0 0 0 0 0 0 0 0 0 0 0 0 0 0 0 0 0 0 0 0 0 0 0 0 0 0 0 0 2 0 19 0 0 0 0 0 0 0 0 1 2 0 0 0 0 0 0 0 0 0 1 0 2 3 0 0 11 0 0 0 0 0 0 0 0 0 0 0 0 0 0 1 0 0 0 0 0 0 0 0 0 10 0 0 0 0 0 0 0 0 0 0 0 0 0 
 101 390 268 295 45 30 93 0 92 39 198 29 108 189 46 243 129 123 178 64 3 0 2 0 2 3 0 0 74 0 0 3 0 2 0 0 0 3 24 0 0 0 2 0 0 0 3 3 0 3 0 2 0 2 0 0 0 0 0 0 7 6 3 0 0 0 3 2 2 0 0 5 0 2 0 6 0 3 0 8 0 5 12 28 13 1 20 19 26 25 29 21 0 7 15 0 13 29 1 0 11 0 0 0 0 0 7 10 0 0 0 0 0 0 0 0 0 0 0 0 0 0 0 15 0 0 0 0 0 0 0 0 0 0 0 0 0 0 0 0 0 0 0 0 0 1 0 0 22 0 0 0 0 0 2 0 0 0 0 0 15 1 0 20 48 0 0 31 26 16 2 19 0 0 17 2 12 1 0 26 0 0 0 1 0 0 0 0 0 0 0 0 0 0 0 0 0 0 0 19 0 0 0 0 0 0 0 0 0 0 1 0 0 0 0 0 0 0 0 0 0 0 0 2 0 0 0 0 0 0 0 0 0 0 0 2 0 0 0 0 0 0 0 0 0 0 2 0 2 0 18 3 0 0 2 0 0 0 0 0 0 0 0 0 0 0 1 0 0 0 0 0 0 0 0 13 0 0 0 0 0 0 0 0 0 0 0 0 0 0 
 38 160 241 179 65 54 230 92 0 158 121 92 280 216 95 145 281 397 392 165 78 2 2 3 2 6 83 1 3 0 7 3 18 5 0 10 0 3 4 72 0 0 0 0 4 2 3 3 0 3 0 2 0 3 1 2 30 10 0 0 52 0 2 0 2 0 0 2 2 6 0 5 53 53 2 3 0 3 0 3 0 11 28 53 13 10 0 0 34 8 26 25 0 0 11 29 15 13 0 21 7 16 0 0 0 0 33 0 0 0 8 0 14 0 45 0 27 0 15 11 0 0 0 0 0 0 0 0 0 0 0 0 0 0 0 0 0 0 0 0 0 0 0 4 0 0 0 0 0 0 0 2 0 0 0 0 0 0 0 0 14 11 0 0 8 9 0 21 1 30 0 7 0 30 18 25 4 13 0 19 11 1 0 0 0 0 0 12 0 0 0 0 13 35 13 0 0 0 0 26 0 0 0 0 0 0 1 0 0 0 0 0 0 0 0 0 0 0 0 0 0 0 0 0 0 2 2 0 0 0 0 0 0 0 0 0 0 0 0 0 0 0 0 0 0 0 7 0 0 97 15 3 0 0 0 0 0 0 0 0 0 0 0 0 0 0 0 0 0 0 0 0 0 0 0 24 8 10 0 0 0 0 0 0 0 0 0 0 0 0 
 134 223 349 192 161 264 125 39 158 0 184 218 50 179 94 425 312 343 208 71 3 2 2 3 2 3 91 0 0 2 0 0 1 4 0 3 0 3 0 75 0 0 0 0 0 0 3 3 0 7 0 2 3 2 1 0 0 0 0 0 1 0 1 0 0 0 0 2 2 0 4 3 0 2 0 9 0 3 0 3 0 0 32 59 0 0 0 0 39 16 28 14 0 14 3 27 30 16 0 0 14 0 18 0 0 0 11 0 0 0 0 0 16 3 2 0 0 0 28 0 0 0 0 0 0 0 0 0 0 0 0 0 0 0 0 0 0 0 0 0 0 0 0 0 2 0 1 0 0 0 0 0 0 0 0 0 0 0 0 55 0 15 44 15 6 30 0 30 2 36 1 12 0 17 0 16 1 33 0 0 0 1 0 0 2 0 0 0 0 0 1 0 0 22 16 0 0 1 0 0 0 0 0 0 0 0 8 0 0 0 0 0 0 2 0 0 0 0 1 0 0 0 1 0 0 0 0 0 0 1 0 11 0 0 0 0 0 0 0 0 0 6 0 0 0 3 89 3 3 2 14 14 5 0 3 0 0 0 0 0 0 0 0 0 0 0 0 0 0 0 0 0 0 0 0 14 22 0 0 0 0 0 0 0 0 0 0 0 0 0 
 313 166 215 119 88 125 132 198 121 184 0 151 135 276 237 269 107 120 404 47 50 74 2 0 3 3 73 38 0 0 0 5 1 77 0 1 0 3 0 0 0 0 0 0 0 0 17 3 0 4 0 2 0 4 2 0 0 5 0 0 0 9 0 0 0 0 2 4 2 0 0 4 0 2 0 3 0 3 0 3 0 25 0 23 10 9 0 1 15 31 47 9 0 45 58 34 0 45 13 0 0 15 1 0 0 0 11 0 0 0 0 0 14 0 0 0 0 0 14 0 1 0 0 0 0 0 0 0 0 0 0 0 2 0 0 0 0 0 0 0 0 0 0 0 0 0 0 0 0 0 0 0 0 0 0 4 0 0 0 0 17 10 1 10 37 16 44 12 15 9 17 53 0 37 29 10 16 1 0 13 0 0 0 0 0 0 0 0 0 2 0 0 10 0 0 1 0 0 10 0 0 0 0 0 0 0 0 0 0 0 0 0 0 0 2 0 0 0 0 0 0 0 0 0 0 0 0 2 0 0 2 0 0 0 0 0 0 0 2 0 0 0 0 0 0 2 0 0 0 173 10 29 10 0 0 0 0 0 0 0 0 0 31 0 0 0 0 0 0 0 0 0 0 0 0 0 7 0 0 0 0 0 0 0 0 0 0 0 0 0 
 140 218 173 174 389 110 133 29 92 218 151 0 31 126 252 31 212 430 241 155 3 81 2 0 2 3 0 0 0 0 0 0 62 2 0 0 0 3 24 148 0 0 0 0 0 0 4 3 0 26 0 2 6 2 1 0 0 0 0 0 0 0 2 0 0 0 0 1 2 0 0 3 0 2 0 3 0 3 0 3 0 8 19 62 3 36 0 3 56 18 20 16 1 12 15 8 29 8 0 0 13 22 0 0 0 0 1 28 0 0 0 0 37 0 2 4 0 33 8 34 0 0 0 0 1 0 0 0 0 0 0 0 0 0 14 0 0 0 0 0 0 0 0 0 0 0 0 0 2 0 0 0 0 0 0 2 0 0 0 0 0 19 28 13 12 11 21 9 0 3 0 17 0 52 0 14 0 26 0 0 27 16 0 0 0 0 0 24 0 0 0 0 13 0 14 0 0 0 29 0 0 0 0 1 1 0 16 0 0 9 0 0 0 0 0 0 0 0 1 0 0 0 0 0 1 0 0 0 0 0 0 0 0 0 0 0 1 0 0 0 0 10 0 0 0 2 0 0 6 87 16 16 2 0 0 0 0 0 0 0 0 0 0 0 0 0 0 0 0 0 0 0 0 0 0 0 8 0 0 0 0 0 0 0 0 0 0 0 0 0 
 168 209 84 68 60 264 419 108 280 50 135 31 0 137 262 45 31 38 395 262 3 4 4 3 2 4 0 0 0 2 0 2 0 4 2 1 0 5 5 2 0 0 0 0 0 0 3 3 0 2 0 2 0 2 2 0 3 0 0 0 3 2 0 0 0 0 0 0 4 0 0 3 45 2 1 6 0 3 0 3 27 0 28 0 16 0 15 19 0 0 11 11 28 22 0 18 0 10 18 2 0 0 0 0 0 0 0 0 0 21 0 0 0 0 0 0 0 0 0 0 0 0 0 0 0 0 0 0 0 0 0 0 0 0 0 0 0 0 0 0 0 0 0 0 0 0 0 0 0 0 0 0 0 0 0 3 0 0 0 0 11 16 40 13 0 0 49 39 10 18 0 0 34 11 38 0 0 20 1 26 0 14 0 0 0 0 0 0 0 9 0 0 25 0 0 0 0 0 0 0 0 0 0 0 0 0 0 0 0 0 0 2 0 0 0 1 0 0 0 0 0 0 0 0 0 0 0 0 0 0 0 0 0 0 0 0 0 0 0 0 0 0 0 0 0 2 1 0 0 1 0 0 1 0 0 0 0 0 1 0 0 0 0 0 0 0 0 0 0 0 0 0 0 0 0 0 0 0 0 0 0 0 0 0 0 0 0 0 0 0 
 126 255 412 216 315 61 325 189 216 179 276 126 137 0 133 144 43 347 177 96 3 0 2 202 68 205 0 0 0 204 0 0 0 2 0 0 0 3 0 1 0 0 0 0 0 2 6 4 0 2 0 3 0 2 3 2 0 8 0 0 0 6 0 1 1 0 0 2 4 1 1 3 0 2 0 3 0 3 0 3 7 11 15 16 13 0 0 0 29 9 20 29 12 0 27 49 4 35 33 9 0 0 0 0 0 0 7 0 0 0 0 0 31 0 0 0 0 0 0 0 0 0 0 0 0 0 0 0 0 0 0 0 0 0 0 0 0 0 5 0 0 0 0 0 22 0 0 0 2 0 0 0 0 0 0 13 0 0 0 1 10 9 1 14 15 14 13 32 33 22 2 6 0 10 34 4 19 24 0 15 0 0 0 0 0 0 0 0 0 0 0 0 15 0 1 0 0 0 0 0 0 0 0 1 1 0 0 0 1 0 0 0 0 0 0 0 0 0 0 13 0 0 0 0 0 0 0 0 0 0 0 0 0 0 0 0 0 0 0 0 0 0 0 0 0 2 0 1 2 1 10 14 0 0 0 0 0 0 0 0 0 0 17 0 0 0 0 0 0 0 0 0 0 0 0 13 12 0 0 0 0 0 0 0 0 0 0 0 0 0 
 58 56 55 67 71 41 52 46 95 94 237 252 262 133 0 124 42 30 309 180 3 0 2 0 2 5 3 0 0 3 0 2 3 2 0 0 0 3 0 5 0 0 0 0 0 0 6 3 0 5 0 2 2 4 1 0 1 8 0 0 1 1 0 0 0 0 1 0 2 2 0 3 0 4 0 3 0 3 0 3 7 105 0 0 0 0 25 15 10 1 22 0 12 11 24 23 1 50 28 2 0 0 0 0 0 0 0 0 0 0 0 0 0 0 0 0 0 0 0 0 0 0 14 0 0 0 0 0 0 0 0 0 0 0 0 0 0 0 0 10 0 0 0 0 0 0 0 0 0 22 0 12 0 0 0 0 0 0 0 0 0 10 13 0 0 34 0 0 37 0 20 0 0 22 0 15 19 0 0 0 0 14 0 0 0 18 0 0 0 0 0 0 0 0 0 0 0 0 0 0 0 0 0 0 0 0 0 0 0 0 0 0 0 0 0 0 0 0 0 0 0 0 0 0 0 0 0 0 0 0 0 0 0 0 0 0 0 0 0 0 0 0 0 0 0 3 0 0 2 47 1 2 4 0 0 0 0 0 0 0 0 0 16 0 0 0 0 0 0 0 0 0 0 0 0 0 0 0 0 0 0 0 0 0 0 0 0 0 0 0 
 88 128 146 93 177 63 37 243 145 425 269 31 45 144 124 0 144 82 256 58 3 0 3 0 7 3 0 0 0 4 0 0 1 2 0 0 0 5 37 2 0 0 0 0 5 0 5 3 0 3 0 2 0 2 0 0 0 8 0 1 0 0 2 0 0 0 0 0 2 0 0 3 0 2 0 3 0 6 0 3 0 1 27 20 1 14 15 0 47 22 2 14 0 15 40 23 14 33 12 0 11 0 0 2 0 0 8 0 0 0 0 0 0 7 0 6 0 0 14 13 0 0 0 0 0 0 0 2 0 0 0 0 0 0 0 0 0 0 0 0 2 0 1 2 1 0 0 16 0 0 0 0 0 0 0 0 0 0 0 0 0 1 0 19 20 16 0 37 27 29 9 17 0 0 20 0 35 27 2 15 0 12 0 0 0 0 0 11 0 0 0 0 6 10 0 0 0 2 0 12 0 0 1 0 0 0 0 0 0 0 0 0 0 1 0 0 0 0 0 2 0 0 0 0 0 0 0 0 1 0 0 0 0 0 0 0 0 0 0 0 0 0 0 0 0 1 0 2 86 1 0 9 0 0 0 0 0 0 0 0 0 0 13 0 0 0 0 0 0 0 0 0 0 0 0 3 0 0 0 0 0 0 0 0 0 0 0 0 0 0 
 146 132 121 47 110 154 40 129 281 312 107 212 31 43 42 144 0 444 449 141 80 0 2 0 2 5 38 0 0 0 0 2 78 2 0 2 0 3 76 80 0 0 11 0 0 0 3 3 0 5 0 4 0 5 1 2 0 1 0 0 0 0 1 0 0 0 7 0 2 0 2 3 51 2 3 3 0 6 0 3 0 0 22 33 26 0 0 0 33 2 22 14 0 0 0 16 68 17 0 0 21 10 0 0 0 0 13 7 0 0 0 0 11 2 54 0 22 0 21 23 0 0 0 1 0 0 10 0 0 0 0 0 0 0 0 0 0 11 0 0 0 0 0 0 0 0 1 0 0 0 0 1 0 0 0 0 0 0 0 0 0 8 11 70 1 31 0 2 2 0 1 0 0 0 0 14 9 9 0 0 14 14 1 0 1 0 0 14 0 0 0 0 0 69 14 0 0 0 0 20 0 0 10 0 0 0 2 0 0 0 0 0 0 2 0 0 0 0 0 0 0 0 1 0 0 0 1 0 0 0 0 0 0 0 0 0 0 0 0 0 0 0 0 0 0 0 85 1 1 0 0 11 0 0 0 0 0 0 0 0 0 14 0 0 0 0 1 0 0 0 0 0 0 0 0 6 0 10 0 0 0 0 0 0 0 0 0 0 0 0 
 116 68 145 211 247 162 242 123 397 343 120 430 38 347 30 82 444 0 40 61 78 1 2 0 6 3 4 77 0 0 6 0 77 2 0 0 0 3 0 61 0 0 0 0 0 0 9 3 0 3 0 2 0 3 0 0 0 0 0 4 0 0 35 0 7 0 0 2 3 0 0 5 0 2 0 2 0 3 4 3 0 0 15 43 10 3 0 1 60 11 10 16 0 0 25 40 22 18 0 0 0 21 0 0 0 0 26 0 0 0 0 0 1 0 1 0 1 0 19 0 0 0 0 28 0 0 0 0 0 0 0 0 0 0 0 0 0 0 0 0 0 0 0 0 0 0 0 0 0 0 0 0 0 0 0 0 0 1 0 0 0 11 2 5 11 28 0 10 0 22 0 0 2 11 0 11 21 22 0 0 19 0 15 0 0 0 0 14 0 0 0 0 22 0 10 0 2 0 0 10 25 10 0 0 0 0 17 0 0 0 0 0 0 0 0 0 0 0 0 0 0 0 8 0 0 0 0 0 0 0 0 19 1 0 0 0 0 0 0 0 0 0 0 0 0 0 88 0 2 15 1 14 0 0 0 0 0 0 0 0 0 0 0 0 0 0 0 0 0 1 0 0 0 1 0 24 12 12 0 0 0 0 0 0 0 0 0 0 0 0 
 148 74 162 107 236 52 97 178 392 208 404 241 395 177 309 256 449 40 0 230 3 0 2 0 2 3 0 0 0 0 0 0 0 5 0 3 1 3 0 0 0 0 0 0 4 0 5 3 0 2 0 2 0 2 2 0 4 8 0 0 2 1 1 0 0 2 0 4 7 0 5 3 0 2 1 5 0 8 0 3 43 26 0 40 0 47 1 0 18 13 13 0 30 0 23 40 0 60 32 28 0 0 0 0 0 0 0 0 0 0 0 0 0 0 0 0 0 0 0 0 0 0 0 0 0 0 0 0 0 0 0 0 0 0 0 0 0 0 0 0 0 0 0 0 0 12 0 0 0 0 0 16 0 0 2 0 0 3 0 5 0 16 0 0 13 13 0 0 47 0 0 7 13 18 10 1 28 6 0 0 0 0 0 1 0 0 0 0 0 0 0 0 0 0 0 0 0 0 0 0 0 0 0 0 0 0 0 0 0 0 1 0 0 0 0 0 0 0 0 0 0 0 0 2 0 0 0 0 0 0 0 0 0 0 1 2 0 0 0 0 0 0 0 0 0 2 0 0 1 1 11 3 0 0 0 0 1 0 0 0 0 0 13 0 0 0 1 0 0 0 0 0 0 0 0 0 9 0 0 0 0 0 0 0 0 0 0 0 0 0 
 71 59 297 42 178 128 57 64 165 71 47 155 262 96 180 58 141 61 230 0 3 0 2 0 2 3 0 0 0 0 0 0 0 2 2 0 0 3 0 0 0 0 0 0 0 0 3 3 0 2 0 2 0 2 2 0 6 5 0 0 0 0 0 0 0 0 0 1 2 0 0 3 0 2 0 8 0 3 0 3 10 11 13 0 0 0 0 39 7 0 19 0 0 32 0 0 6 1 18 27 0 0 0 0 0 0 0 0 0 0 0 0 0 0 0 0 0 0 0 0 0 0 0 0 0 0 10 8 0 0 0 0 0 0 0 0 0 0 0 0 0 0 0 0 0 1 0 0 0 0 0 0 0 0 0 0 0 0 0 0 32 15 36 0 1 0 0 7 14 0 0 1 10 14 27 13 14 0 10 59 0 0 0 0 1 0 0 0 0 0 0 0 0 0 0 0 0 0 0 0 0 0 23 0 0 0 1 0 0 0 0 0 0 1 0 0 0 0 2 0 0 0 0 0 0 0 0 0 0 0 0 0 0 0 0 0 0 0 0 0 0 0 0 0 0 2 0 0 0 1 3 5 0 0 0 0 0 0 0 0 0 0 0 0 0 0 0 0 0 0 0 0 0 0 0 0 0 0 0 0 0 0 0 0 0 0 0 0 0 0 
 3 4 3 26 5 77 3 3 78 3 50 3 3 3 3 3 80 78 3 3 0 169 388 313 23 50 155 148 45 296 47 119 260 148 110 65 51 127 64 34 0 0 2 2 0 0 0 0 3 1 0 5 0 2 0 2 3 2 1 0 0 0 0 0 0 8 1 1 2 0 0 0 3 0 0 0 0 0 0 0 0 0 0 26 22 21 0 7 0 0 0 0 0 0 0 0 0 0 0 0 3 33 35 15 13 0 41 12 65 21 0 0 25 0 27 17 20 12 20 12 0 0 0 0 0 0 0 0 0 0 0 0 0 31 0 0 0 9 0 0 0 0 0 0 0 0 0 0 0 0 0 0 0 0 0 0 0 0 0 0 0 0 0 0 0 72 0 0 0 1 0 1 0 0 0 9 0 0 0 0 4 0 0 24 0 18 31 1 48 8 0 0 10 9 5 0 17 0 23 9 0 0 0 0 0 0 23 12 0 0 0 0 0 0 0 0 0 0 26 12 0 0 0 0 0 0 0 0 0 0 0 0 0 0 0 0 0 0 0 0 0 0 0 0 0 3 74 0 0 75 0 0 0 0 6 0 0 0 39 0 1 0 0 0 0 0 0 0 0 0 0 0 0 0 0 6 0 8 0 0 0 2 0 0 0 0 17 0 0 0 
 0 2 0 76 66 1 3 0 2 2 74 81 4 0 0 0 0 1 0 0 169 0 109 147 108 116 344 160 40 72 253 63 226 96 169 116 259 71 129 182 0 0 7 3 0 0 0 0 0 0 0 0 0 3 0 3 0 0 0 0 0 0 0 0 0 3 3 0 3 0 0 0 3 0 0 0 0 0 0 0 0 0 0 1 0 22 0 0 0 9 1 0 0 0 0 0 1 0 0 0 1 16 23 4 0 40 24 4 0 78 8 5 12 12 0 55 0 17 58 5 19 0 2 0 0 0 0 1 0 0 0 0 10 0 0 0 0 0 0 10 1 0 0 0 0 0 3 7 8 0 0 0 2 3 0 0 0 0 0 1 0 1 0 1 30 1 0 0 0 0 15 13 0 0 0 0 0 0 0 0 26 2 20 0 22 51 1 21 17 0 16 1 20 0 28 21 2 20 41 9 0 0 0 0 0 0 0 5 0 0 0 0 18 0 0 0 0 0 0 0 0 0 0 0 0 0 0 0 0 0 0 0 0 0 0 0 0 0 0 0 0 0 0 0 0 2 0 0 0 1 0 0 0 0 0 0 0 4 0 0 0 0 0 0 0 0 0 0 0 0 0 0 0 0 0 0 0 0 0 1 0 0 0 0 0 9 1 0 0 0 
 2 2 2 2 2 3 2 2 2 2 2 2 4 2 2 3 2 2 2 2 388 109 0 192 163 605 69 269 484 245 140 34 66 78 316 388 216 164 37 35 0 0 2 3 0 0 0 0 3 0 0 5 41 2 0 3 2 0 1 63 0 0 0 0 0 3 3 0 6 0 0 3 3 0 0 0 0 0 0 45 0 0 0 0 2 0 0 0 0 0 0 0 0 0 0 0 0 0 0 0 0 14 0 28 28 11 0 10 51 5 39 32 0 34 4 18 13 51 0 0 14 0 23 0 0 11 62 0 0 0 0 0 12 14 0 0 0 0 16 22 0 0 18 1 0 0 0 0 0 0 0 0 0 0 0 0 0 0 0 0 0 0 0 0 5 0 0 0 0 0 2 2 0 0 20 0 0 0 0 0 0 0 6 16 17 16 19 1 16 16 10 36 0 21 19 18 41 12 0 0 0 1 11 1 0 0 11 20 0 0 2 0 36 39 0 0 0 0 0 17 0 0 0 0 0 0 0 0 0 0 0 0 0 0 0 0 0 0 1 0 0 0 0 0 0 0 0 0 0 0 0 0 0 0 13 2 0 9 76 2 0 0 0 0 0 0 0 0 0 0 0 0 0 0 0 0 0 0 0 12 0 13 0 0 0 10 0 0 0 10 
 0 2 0 0 0 363 0 0 3 3 0 0 3 202 0 0 0 0 0 0 313 147 192 0 186 121 123 97 125 223 183 323 283 145 149 75 60 137 275 157 0 0 2 2 0 6 0 0 1 0 1 4 0 5 0 2 2 0 0 0 0 0 0 0 0 6 67 0 2 47 0 0 3 29 0 0 0 0 0 2 0 0 0 0 0 1 0 0 2 0 0 0 0 0 0 0 0 0 1 0 0 4 7 19 0 19 0 17 10 21 29 19 0 0 9 32 29 0 0 20 0 0 9 0 0 0 10 0 0 0 0 0 0 0 0 0 0 8 1 24 1 0 0 0 30 0 0 5 14 0 0 0 8 0 0 0 0 0 0 26 0 0 0 0 3 0 5 3 0 0 0 0 0 0 0 0 0 0 0 0 0 4 30 16 33 0 12 23 11 10 2 25 0 0 35 9 7 0 1 0 2 0 0 0 0 0 0 21 0 0 0 0 0 0 15 1 0 0 8 0 0 0 0 0 0 0 0 0 0 0 0 0 0 0 0 0 0 0 0 0 0 0 0 0 0 0 0 0 9 1 0 0 0 0 12 0 2 12 0 2 0 2 0 0 0 0 0 0 0 0 0 0 0 0 0 0 0 0 0 12 0 0 0 0 0 2 12 0 0 0 
 3 2 2 3 5 2 5 2 2 2 3 2 2 68 2 7 2 6 2 2 23 108 163 186 0 85 36 142 145 312 119 196 96 139 75 197 75 120 519 168 63 0 64 2 5 5 0 65 58 66 56 0 116 67 0 2 61 0 9 130 0 0 1 0 0 3 1 0 5 0 0 2 3 0 0 0 0 0 0 0 0 0 0 0 0 0 0 0 0 0 0 0 0 0 0 0 0 0 0 0 0 0 12 10 0 65 0 12 9 10 28 35 0 21 12 14 54 20 0 14 0 0 0 0 0 0 10 0 1 0 0 1 0 68 0 0 45 0 30 11 0 0 0 0 0 0 0 0 0 0 0 0 0 0 2 0 0 0 0 0 0 0 0 0 4 0 0 0 0 0 0 0 0 0 0 1 0 0 0 0 0 10 9 26 11 35 12 9 5 17 0 32 0 8 22 8 17 18 0 0 9 0 12 0 0 0 19 0 0 0 15 0 0 12 0 14 0 0 0 0 0 0 0 0 1 0 22 0 0 0 0 0 0 0 0 0 0 0 0 0 0 0 11 0 0 0 0 0 0 0 0 0 0 0 5 1 1 76 2 0 3 0 42 0 0 0 0 0 0 0 0 0 0 0 0 0 0 0 0 0 0 0 0 0 0 0 0 21 0 0 
 3 5 21 3 3 3 4 3 6 3 3 3 4 205 5 3 5 3 3 3 50 116 605 121 85 0 27 34 494 227 137 62 33 179 44 299 305 207 48 60 36 0 2 2 0 0 0 30 0 1 0 0 3 2 7 63 2 0 0 67 53 0 0 0 0 3 6 0 2 0 0 0 3 0 0 0 0 0 0 0 1 0 0 0 0 0 0 0 0 0 0 0 0 0 0 0 0 0 0 0 2 10 0 19 0 9 0 18 21 0 28 1 0 0 0 38 0 0 0 0 48 7 9 0 0 0 1 11 19 11 0 1 28 0 2 11 0 0 14 75 0 0 0 13 0 0 12 0 0 0 0 0 1 0 0 0 0 0 0 0 12 0 0 0 0 0 3 16 0 0 0 0 0 0 0 0 0 0 0 0 0 11 16 7 50 0 0 13 0 18 24 56 0 0 10 0 11 0 0 0 0 21 23 10 0 0 11 41 0 0 9 11 23 10 11 0 0 10 48 21 0 0 0 0 0 0 0 0 0 0 0 0 0 1 0 0 0 3 0 0 0 0 0 0 0 0 0 0 0 0 0 0 0 0 4 1 5 74 1 5 1 0 0 0 0 0 0 0 0 0 0 0 0 0 0 0 0 0 0 19 0 26 0 0 15 0 0 0 0 0 
 2 0 73 74 0 148 0 0 83 91 73 0 0 0 3 0 38 4 0 0 155 344 69 123 36 27 0 163 287 117 249 375 333 100 121 33 283 43 141 246 0 0 2 3 3 4 0 0 0 0 0 0 0 3 0 2 4 2 0 0 0 0 0 0 2 3 2 0 2 6 0 2 3 4 0 0 0 0 0 0 0 0 14 22 17 0 0 0 0 0 0 0 0 0 0 15 31 0 0 0 0 8 12 0 0 0 11 19 0 0 0 10 20 0 0 0 0 0 15 18 0 0 0 0 0 0 0 0 0 0 19 0 0 0 0 0 0 10 0 0 0 0 0 0 0 0 0 0 2 0 0 0 0 0 0 0 0 0 0 0 0 0 0 37 0 27 0 0 0 0 0 0 0 2 0 2 9 6 0 0 2 20 17 7 7 0 0 11 11 11 1 0 0 18 12 8 1 8 39 6 0 0 0 0 0 0 0 1 0 0 0 0 0 0 0 0 1 0 0 0 0 0 0 0 0 0 0 0 0 0 7 0 0 0 0 0 0 0 0 0 0 0 0 0 7 2 0 0 0 0 0 0 0 0 5 0 0 0 0 0 3 0 2 0 0 0 0 0 0 0 0 0 0 0 0 0 0 0 0 0 0 0 0 0 0 0 0 0 0 0 
 0 43 0 26 2 0 2 0 1 0 38 0 0 0 0 0 0 77 0 0 148 160 269 97 142 34 163 0 74 126 345 325 97 168 143 86 111 101 145 56 0 0 2 2 65 2 0 4 66 2 0 3 63 2 0 3 3 1 1 1 4 0 1 0 0 34 2 0 2 50 0 0 3 0 5 0 0 0 2 0 0 0 0 18 57 12 0 0 0 0 0 0 0 0 0 0 0 0 0 0 1 26 35 9 41 10 13 0 37 9 12 0 10 11 35 18 11 28 46 0 0 0 0 0 0 0 35 0 0 0 0 0 7 29 0 0 0 0 0 0 0 0 0 0 0 0 0 0 0 0 0 0 0 0 0 0 0 0 0 0 0 0 0 0 0 0 0 0 0 1 0 0 0 0 0 0 0 0 0 0 9 0 7 12 12 44 1 12 15 8 17 21 12 0 0 21 30 11 10 6 0 0 0 0 0 0 15 11 0 0 0 0 3 2 0 0 0 0 0 11 17 0 0 0 0 0 0 0 0 0 0 0 0 0 0 0 0 0 0 0 0 0 0 0 0 2 0 0 0 79 0 0 0 0 7 0 1 2 49 0 2 0 0 0 0 0 1 0 0 0 0 0 0 0 0 0 0 0 0 0 0 0 0 0 0 0 0 0 0 0 
 0 0 0 0 1 0 0 74 3 0 0 0 0 0 0 0 0 0 0 0 45 40 484 125 145 494 287 74 0 153 139 118 104 99 172 111 339 111 144 70 1 0 2 2 0 0 0 0 0 0 0 4 74 64 0 3 2 1 62 0 0 0 12 0 0 3 3 0 8 0 0 14 3 0 0 0 0 0 0 0 0 0 0 0 20 0 0 0 0 0 0 0 0 0 0 0 0 0 0 0 14 11 1 13 17 6 1 7 17 22 16 13 0 11 0 33 18 32 0 0 14 0 0 0 0 0 0 0 1 0 1 1 10 11 0 0 0 0 1 10 2 0 0 0 0 0 0 11 9 0 0 0 0 0 0 0 0 0 0 0 0 0 0 0 2 0 11 2 0 0 0 2 0 0 0 0 0 0 2 0 22 14 7 15 25 11 22 24 6 42 13 64 0 0 24 28 12 0 0 0 0 31 0 0 0 0 0 28 0 0 2 0 17 18 0 0 0 0 7 28 0 0 0 0 0 0 0 10 0 0 0 0 0 0 0 0 0 0 1 0 0 0 0 0 0 0 0 0 0 0 0 0 0 0 22 0 0 95 1 2 2 0 0 0 0 0 9 0 0 0 0 0 0 0 0 0 0 0 0 0 0 0 0 0 0 0 0 0 0 0 
 0 0 0 1 0 2 0 0 0 2 0 0 2 204 3 4 0 0 0 0 296 72 245 223 312 227 117 126 153 0 291 35 69 97 90 107 89 138 112 116 62 0 2 2 0 0 0 0 0 0 0 0 62 2 0 3 2 1 0 33 0 0 0 0 0 3 5 0 2 0 0 0 3 0 51 0 0 19 0 0 0 1 0 0 22 0 0 2 0 2 0 0 0 0 0 0 0 0 20 0 4 0 9 0 12 24 12 0 1 29 26 21 0 1 26 28 33 12 0 0 0 0 0 0 0 0 0 0 0 0 0 0 21 9 0 0 0 0 25 16 2 0 0 0 0 0 0 3 9 0 0 0 0 0 0 0 0 0 0 0 0 0 0 0 7 0 2 0 0 0 0 0 0 0 0 0 0 0 0 0 10 10 0 35 27 2 15 13 14 31 2 40 0 18 9 27 22 0 0 1 0 13 12 0 0 0 0 12 1 0 0 2 0 15 0 22 0 0 7 12 0 0 0 2 0 0 0 0 0 0 0 0 0 0 0 0 0 0 0 0 0 0 0 0 0 0 0 0 0 0 0 0 0 0 7 0 2 43 1 2 2 0 0 0 0 0 0 0 0 0 0 0 0 2 0 0 2 0 0 0 0 0 0 0 0 0 0 0 0 0 
 0 2 2 3 2 1 1 0 7 0 0 0 0 0 0 0 0 6 0 0 47 253 140 183 119 137 249 345 139 291 0 405 52 69 54 351 240 114 53 43 2 0 2 2 0 2 5 3 7 3 0 15 5 2 1 5 2 0 205 96 2 0 3 1 0 3 5 0 5 0 0 0 3 2 26 4 50 0 0 0 0 0 0 0 0 0 0 0 0 0 0 0 0 0 0 0 0 2 0 0 0 1 23 57 55 4 19 0 20 16 32 16 0 12 1 7 2 27 0 0 13 0 15 0 0 0 8 10 0 0 0 0 1 21 0 0 0 13 12 14 0 0 0 0 0 0 0 0 0 0 0 2 0 0 0 0 0 1 5 0 0 0 0 0 0 0 4 3 0 1 0 0 0 0 0 0 0 0 0 0 0 7 14 30 35 39 1 11 23 33 7 13 0 0 0 10 0 19 0 13 0 0 0 0 1 0 9 37 0 0 0 0 13 0 9 0 13 0 24 15 0 0 0 0 0 2 0 0 0 0 0 0 0 1 0 0 0 0 12 0 0 0 0 0 0 0 0 0 0 1 0 0 0 0 0 0 1 74 44 0 0 0 0 0 0 0 7 1 0 0 0 0 0 0 0 0 0 0 0 0 0 13 0 0 0 9 0 0 0 0 
 2 0 0 0 0 0 2 3 3 0 5 0 2 0 2 0 2 0 0 0 119 63 34 323 196 62 375 325 118 35 405 0 38 112 56 46 234 95 54 92 62 0 2 2 0 5 3 0 2 0 0 1 1 2 0 3 3 0 34 2 0 0 0 0 0 6 5 2 2 54 0 2 3 1 0 4 0 0 2 0 1 0 0 0 0 1 0 0 0 0 0 21 0 0 0 0 0 0 0 0 2 6 4 67 11 9 0 11 41 64 36 21 0 10 0 23 15 6 0 8 15 0 9 0 0 0 7 12 0 0 0 0 0 0 1 0 0 11 18 9 0 0 0 0 0 0 0 2 8 0 0 0 0 0 0 0 0 0 0 0 1 0 0 0 0 0 5 4 0 0 0 0 0 0 0 0 0 0 0 0 0 23 31 0 34 11 13 34 11 14 33 19 0 0 19 9 1 0 0 21 0 0 0 0 0 0 1 0 0 0 0 0 0 0 12 12 8 0 41 0 0 0 0 0 0 0 0 0 0 0 0 0 0 0 0 0 0 7 0 0 0 0 13 0 0 0 0 0 0 0 0 0 0 0 22 0 0 38 23 0 4 0 0 0 0 0 0 0 0 0 0 0 0 0 0 0 0 0 0 0 0 0 0 3 2 0 18 0 0 0 
 0 0 0 0 140 187 0 0 18 1 1 62 0 0 3 1 78 77 0 0 260 226 66 283 96 33 333 97 104 69 52 38 0 245 197 115 42 32 104 178 0 0 8 2 5 0 0 0 0 0 0 0 0 2 0 3 0 0 0 0 0 0 0 0 0 3 3 0 2 0 0 1 3 0 0 0 0 0 0 0 0 0 0 40 43 25 0 0 7 0 46 16 0 0 0 0 1 3 0 0 13 21 0 8 0 0 0 0 1 0 0 0 31 1 10 16 0 1 11 0 0 0 0 0 0 0 0 0 0 0 0 0 0 0 0 0 0 0 0 0 37 0 0 0 0 0 0 0 0 0 0 0 0 0 0 0 0 0 0 0 0 0 0 0 17 46 0 0 0 4 26 10 0 0 0 0 0 22 0 0 52 19 8 0 0 0 12 9 0 11 15 0 28 9 11 22 3 68 29 54 0 0 0 0 13 0 0 0 8 0 0 0 0 0 0 0 0 12 1 0 0 0 0 0 0 0 0 0 0 0 0 0 0 0 0 0 0 0 0 0 0 0 0 0 0 1 0 0 1 73 0 0 0 0 10 2 1 0 0 0 0 6 0 0 0 0 0 0 0 0 0 0 0 0 0 0 0 0 0 0 0 0 0 0 0 0 0 0 0 0 
 3 2 2 76 79 102 4 2 5 4 77 2 4 2 2 2 2 2 5 2 148 96 78 145 139 179 100 168 99 97 69 112 245 0 292 100 38 107 101 153 0 0 31 5 3 0 0 0 0 7 1 0 0 6 0 3 2 3 1 0 0 0 0 0 1 8 3 1 2 3 0 1 3 2 0 0 0 0 5 0 0 0 0 13 0 19 0 0 18 0 0 0 0 0 0 0 0 0 0 0 34 29 22 5 0 0 27 22 31 10 1 1 12 10 11 0 0 0 22 2 13 30 0 0 0 0 0 0 0 0 0 0 10 0 10 0 0 0 0 0 5 0 0 0 0 0 0 0 1 0 0 0 0 0 0 0 0 0 0 0 0 0 0 0 20 0 0 0 0 0 24 0 0 0 0 0 0 0 0 0 20 4 36 0 12 0 16 17 21 0 22 6 35 0 21 26 0 30 44 13 2 0 0 0 0 0 0 0 0 0 0 0 12 0 0 1 0 19 11 11 0 0 0 0 0 0 0 0 0 0 0 0 0 0 0 0 0 0 0 0 0 0 0 0 0 2 0 0 0 0 0 0 0 0 6 0 2 2 0 0 3 24 2 0 0 0 0 0 0 0 0 0 0 0 0 0 0 0 0 0 0 0 0 0 0 0 17 0 0 0 
 0 0 1 0 76 161 0 0 0 0 0 0 2 0 0 0 0 0 0 2 110 169 316 149 75 44 121 143 172 90 54 56 197 292 0 76 110 173 151 110 204 0 8 2 0 0 0 0 0 0 0 0 0 2 0 3 2 0 0 0 0 0 0 0 0 6 2 2 2 0 0 0 3 0 0 0 0 0 0 0 0 0 0 0 9 24 0 0 0 0 0 0 0 0 0 2 0 0 0 0 41 1 44 18 1 0 30 0 19 40 0 19 22 33 1 0 0 0 35 15 0 0 0 0 0 0 0 0 0 0 0 0 0 0 0 0 0 0 0 0 3 0 0 0 0 0 0 1 0 0 0 0 0 1 0 0 0 0 35 0 0 0 0 0 18 20 0 0 0 6 32 0 0 0 0 0 0 0 0 0 31 9 45 0 0 25 13 10 30 11 48 0 9 0 9 20 4 47 47 67 0 0 0 0 0 0 0 0 0 0 0 0 0 0 0 0 0 0 14 0 0 0 0 0 2 0 0 0 2 0 0 0 0 0 0 0 0 0 0 0 0 0 0 0 0 0 0 0 1 0 0 0 0 0 24 0 2 2 0 3 12 41 0 0 0 0 0 0 0 0 0 0 0 0 0 0 0 0 0 0 0 0 0 0 0 0 18 0 0 0 
 1 0 0 0 81 79 0 0 10 3 1 0 1 0 0 0 2 0 3 0 65 116 388 75 197 299 33 86 111 107 351 46 115 100 76 0 205 577 196 160 3 0 2 2 0 0 0 62 5 3 0 87 63 2 0 2 2 2 64 2 1 0 3 1 0 6 1 0 9 0 0 5 5 0 0 2 3 0 2 2 0 0 0 21 1 10 22 0 0 0 0 0 0 0 0 0 1 0 0 0 21 29 9 18 22 1 0 24 17 22 15 37 0 17 13 0 12 43 0 13 0 0 10 0 0 0 7 0 0 0 0 69 0 17 1 0 0 2 0 15 5 0 0 0 0 0 0 0 0 0 0 0 0 0 0 0 0 0 0 0 0 0 0 0 0 0 0 0 0 1 11 0 0 0 0 0 0 0 0 0 0 15 18 9 1 32 8 1 15 18 11 22 0 0 0 11 13 35 14 0 2 0 0 0 0 0 3 26 0 0 0 0 0 14 15 0 0 0 1 21 0 0 0 0 0 0 0 0 0 0 0 0 0 0 0 0 0 0 0 0 0 0 0 0 0 0 0 0 0 0 0 0 0 0 16 0 0 78 5 0 13 22 0 0 0 0 6 0 0 0 0 0 0 0 0 0 0 0 0 12 0 0 0 0 0 2 0 0 0 0 
 0 0 0 0 0 156 0 0 0 0 0 0 0 0 0 0 0 0 1 0 51 259 216 60 75 305 283 111 339 89 240 234 42 38 110 205 0 130 154 115 0 6 2 2 0 13 0 0 2 0 0 0 62 2 15 3 2 2 19 69 3 0 3 0 6 3 3 0 12 0 0 9 91 0 6 0 0 0 0 5 0 0 0 0 19 0 0 0 0 0 0 0 0 0 0 0 0 12 0 0 1 39 13 0 31 2 45 17 3 29 1 25 0 27 17 11 27 16 0 21 0 0 0 0 0 0 1 0 2 0 2 0 0 3 0 0 0 0 15 0 0 0 0 0 0 0 0 0 0 0 0 0 0 0 0 0 0 0 0 0 0 0 0 0 0 0 0 0 6 3 5 1 0 0 0 0 0 0 1 0 6 0 10 34 19 29 34 12 11 9 1 0 1 1 14 12 16 64 1 15 0 0 0 0 0 2 0 11 0 0 1 0 4 2 0 0 0 0 0 0 0 0 0 0 0 0 0 0 0 0 0 0 0 0 2 0 0 0 0 0 0 0 1 0 0 0 0 0 0 0 0 0 0 0 20 1 0 43 1 0 11 0 0 0 0 0 8 0 0 0 0 0 0 0 0 0 0 0 0 0 0 17 0 0 0 0 0 0 0 0 
 4 3 3 3 66 30 5 3 3 3 3 3 5 3 3 5 3 3 3 3 127 71 164 137 120 207 43 101 111 138 114 95 32 107 173 577 130 0 35 335 62 0 2 3 3 0 0 0 3 0 0 4 124 2 0 2 2 0 0 56 0 0 2 0 0 3 5 0 2 0 0 1 3 0 0 0 0 0 0 0 0 0 0 3 13 1 0 0 0 0 1 0 0 0 0 0 0 0 0 0 8 7 13 17 18 20 0 13 18 23 15 20 1 1 0 15 1 27 0 5 13 0 0 0 0 0 0 0 0 0 0 0 21 3 0 0 0 2 13 22 3 0 0 0 2 2 17 0 0 0 0 0 0 0 0 0 2 0 0 0 0 0 0 0 0 0 0 0 0 4 16 0 0 0 0 0 0 0 0 0 13 12 26 15 15 13 22 1 34 22 9 44 0 0 24 0 20 15 0 0 0 0 21 0 0 0 9 20 0 0 0 0 12 25 0 1 0 0 0 21 0 0 0 0 0 0 0 0 0 0 2 0 0 0 12 0 0 0 0 0 0 0 0 0 0 0 0 0 0 0 0 2 0 0 12 1 0 5 105 4 1 8 0 0 0 0 0 0 0 0 0 0 0 0 0 0 0 0 0 12 0 0 0 0 0 10 0 0 0 0 
 0 74 77 0 75 25 2 24 4 0 0 24 5 0 0 37 76 0 0 0 64 129 37 275 519 48 141 145 144 112 53 54 104 101 151 196 154 35 0 185 0 0 2 2 0 0 65 0 0 0 0 0 3 2 1 3 2 0 3 28 0 0 0 0 61 3 2 1 2 0 0 0 3 0 2 2 0 0 0 0 0 0 5 0 27 35 0 0 12 12 0 1 0 0 0 0 28 4 0 1 11 9 7 8 0 0 56 12 0 9 0 10 20 8 13 16 22 13 0 11 0 0 1 0 0 0 0 0 0 0 0 0 0 0 0 0 0 0 0 0 0 1 0 0 0 0 0 8 5 0 0 0 0 0 0 0 0 0 0 0 11 0 0 15 0 12 0 0 0 0 0 17 0 0 0 0 0 0 0 0 73 14 0 30 0 0 21 11 17 0 9 0 6 0 1 10 14 0 66 18 0 0 0 0 0 0 0 0 2 0 1 0 0 0 0 0 0 0 1 0 0 11 0 0 0 0 3 0 0 0 0 0 0 0 0 0 0 0 0 0 0 0 0 0 0 0 0 0 0 0 0 0 0 0 3 1 2 1 0 2 1 0 0 0 0 0 0 0 0 0 0 0 0 0 0 0 0 0 0 0 0 0 0 0 0 0 0 0 0 0 
 1 0 1 76 27 225 0 0 72 75 0 148 2 1 5 2 80 61 0 0 34 182 35 157 168 60 246 56 70 116 43 92 178 153 110 160 115 335 185 0 0 0 5 5 10 8 0 1 4 1 2 0 0 10 0 7 5 4 2 0 0 0 0 0 2 7 1 2 2 6 0 3 3 5 0 0 0 0 0 0 0 0 0 0 0 12 0 0 7 0 2 1 0 0 0 0 25 0 0 0 0 26 17 4 0 0 34 13 0 44 10 1 1 0 0 20 23 14 34 43 0 0 0 0 0 0 0 0 0 0 0 0 0 0 0 0 0 0 0 0 0 0 0 0 1 2 0 0 0 0 0 0 0 0 0 2 0 0 0 0 0 0 1 0 0 11 0 0 0 6 6 1 0 0 0 23 0 0 0 1 8 20 10 0 5 37 23 1 12 0 1 0 13 0 26 0 0 9 22 10 0 0 0 0 0 0 10 0 0 0 0 0 0 0 0 0 0 0 0 0 0 0 2 0 0 0 0 0 0 0 0 0 0 0 0 0 0 0 0 0 0 0 20 0 0 0 72 0 1 0 0 1 0 0 5 0 0 0 3 0 13 0 0 0 0 0 0 0 0 0 0 0 0 0 0 7 0 7 0 0 0 0 0 0 0 0 0 0 0 0 
 0 0 0 0 0 0 0 0 0 0 0 0 0 0 0 0 0 0 0 0 0 0 0 0 63 36 0 0 1 62 2 62 0 0 204 3 0 62 0 0 0 81 66 47 117 38 167 84 189 43 47 42 144 232 72 41 114 109 193 132 0 0 0 0 0 0 7 0 0 0 0 1 0 0 0 0 0 0 0 0 0 5 0 0 0 0 0 0 0 0 0 0 0 0 0 0 0 0 0 0 0 0 0 10 16 32 0 0 13 0 38 0 0 0 0 0 1 10 0 0 68 7 6 0 0 1 7 50 16 4 0 7 23 16 19 0 1 11 35 65 0 7 3 0 4 0 0 0 0 0 0 0 4 0 4 26 0 0 4 5 2 0 0 0 0 0 3 1 0 0 0 0 1 0 0 0 0 0 0 0 0 0 0 19 0 12 0 0 0 0 0 0 0 0 0 0 0 0 9 0 20 0 41 0 3 0 36 0 0 14 0 0 18 0 5 24 37 1 23 34 0 0 0 0 0 0 0 0 0 0 0 0 0 0 0 0 0 0 0 0 0 0 0 0 0 0 0 0 0 32 0 5 0 1 0 0 0 0 21 2 0 0 2 0 0 2 0 0 2 0 0 0 0 0 0 0 0 0 0 0 0 5 0 0 0 0 0 0 2 0 
 0 0 0 0 2 0 3 0 0 0 0 0 0 0 0 0 0 0 0 0 0 0 0 0 0 0 0 0 0 0 0 0 0 0 0 0 6 0 0 0 81 0 354 117 113 36 233 106 195 72 28 36 61 197 136 275 37 179 129 55 0 0 0 0 3 0 9 0 0 0 0 0 0 0 0 0 0 5 0 1 0 0 0 0 0 0 0 0 0 0 0 0 0 0 0 0 0 0 0 0 0 0 0 0 0 0 0 0 0 0 0 0 0 0 0 0 0 0 0 0 0 1 23 31 64 1 4 14 0 20 21 5 0 12 8 38 34 14 0 0 0 0 4 0 4 0 0 8 2 0 1 0 4 25 20 0 0 0 9 7 0 0 0 0 0 11 0 0 0 0 0 0 0 0 0 0 0 0 0 0 0 0 0 0 0 0 0 0 0 0 0 0 0 0 0 0 0 0 0 0 8 0 35 5 2 0 0 0 23 25 0 9 0 0 0 13 29 18 0 0 0 0 0 0 0 0 0 11 5 4 0 2 9 0 1 0 8 0 0 63 0 0 0 0 0 0 0 0 0 0 0 7 0 0 0 0 0 0 0 0 0 0 0 1 15 2 0 1 0 0 1 0 0 0 0 0 0 0 0 0 0 0 0 0 6 13 0 0 2 0 
 0 0 0 0 24 0 0 2 0 0 0 0 0 0 0 0 11 0 0 0 2 7 2 2 64 2 2 2 2 2 2 2 8 31 8 2 2 2 2 5 66 354 0 186 53 27 172 167 249 160 91 35 116 128 167 481 141 498 102 126 0 0 0 0 0 0 3 0 0 6 3 0 0 5 4 2 0 0 0 0 0 0 0 1 4 0 0 0 0 0 1 5 0 0 0 0 0 0 0 0 1 0 0 0 0 18 0 0 0 0 0 0 0 7 7 0 0 0 4 0 13 59 11 11 10 0 21 1 11 0 4 2 0 75 35 65 21 13 0 0 0 0 20 0 2 0 16 0 0 0 0 0 4 3 0 0 0 0 9 4 0 0 0 1 9 1 0 0 0 0 4 0 0 0 0 0 0 0 0 0 5 0 0 0 13 0 0 0 0 0 5 0 10 7 0 18 0 5 0 9 20 19 37 10 0 0 14 0 23 17 52 11 5 12 41 0 8 9 11 39 0 0 0 0 0 0 0 7 0 0 0 0 0 0 0 0 0 0 0 10 0 0 0 0 0 0 1 0 0 0 0 6 0 1 0 0 0 0 0 2 0 0 2 1 2 2 0 0 0 0 0 0 0 0 0 0 0 0 0 0 0 4 0 0 10 0 0 0 2 0 
 0 0 0 0 0 0 0 0 0 0 0 0 0 0 0 0 0 0 0 0 2 3 3 2 2 2 3 2 2 2 2 2 2 5 2 2 2 3 2 5 47 117 186 0 97 64 117 132 187 314 190 276 173 242 82 29 55 421 57 97 258 0 0 0 0 0 6 0 0 2 0 0 21 0 52 0 0 1 52 52 0 0 0 0 0 0 0 0 9 0 0 0 0 0 0 0 0 0 1 0 0 0 0 0 0 0 0 0 5 0 0 0 0 0 0 0 0 0 0 0 0 31 22 23 3 0 9 3 9 1 0 40 0 10 20 21 44 19 0 0 4 0 0 2 0 0 3 2 0 0 3 2 0 2 2 0 0 0 48 2 0 0 0 0 0 0 0 0 0 0 0 0 0 0 0 0 0 0 0 0 0 0 0 0 0 0 0 0 0 0 0 0 0 0 0 0 0 0 0 0 8 0 15 0 0 1 0 0 20 8 15 0 0 0 2 0 4 0 0 0 0 6 20 0 0 0 1 0 14 0 0 0 0 0 0 0 0 0 2 0 0 0 0 0 0 0 0 0 0 0 0 16 0 1 0 0 0 0 0 1 0 0 3 0 2 3 0 34 1 0 0 0 0 0 0 0 0 6 0 0 0 4 0 0 2 0 0 0 2 0 
 0 0 0 0 0 0 0 0 4 0 0 0 0 0 0 5 0 0 4 0 0 0 0 0 5 0 3 65 0 0 0 0 5 3 0 0 0 3 0 10 117 113 53 97 0 168 71 92 102 190 153 240 67 146 82 70 103 49 59 85 2 0 0 0 4 2 0 3 10 13 3 0 57 45 51 30 51 2 0 48 0 0 0 0 0 0 0 0 0 0 0 0 0 0 0 0 0 0 0 0 0 11 0 0 0 0 0 0 5 0 0 0 0 0 0 5 0 0 0 0 0 0 0 15 7 27 0 6 0 0 0 18 11 0 0 0 0 2 0 1 4 0 10 0 6 6 39 11 0 1 14 0 9 10 43 13 0 12 2 25 0 0 0 0 0 2 0 0 0 14 0 0 0 0 0 0 0 0 0 0 0 0 0 0 0 0 0 0 0 0 0 0 0 0 0 0 0 0 0 0 0 0 1 11 32 11 0 0 0 1 10 13 0 0 0 11 32 0 0 0 21 7 0 0 8 0 8 19 4 3 0 0 14 22 0 0 3 13 0 0 0 0 0 0 0 0 0 0 1 0 0 10 0 0 0 0 0 0 0 1 0 0 0 83 0 7 0 0 1 2 0 0 0 0 0 0 0 0 0 0 0 0 0 0 0 0 0 1 0 0 
 10 0 0 0 2 0 2 0 2 0 0 0 0 2 0 0 0 0 0 0 0 0 0 6 5 0 4 2 0 0 2 5 0 0 0 0 13 0 0 8 38 36 27 64 168 0 43 467 96 127 111 110 50 283 44 81 337 58 45 556 99 0 0 22 0 0 114 50 3 1 0 1 23 70 179 2 54 0 99 121 0 0 0 0 0 0 0 0 0 0 0 0 0 0 0 0 0 0 0 0 0 5 3 3 0 0 0 6 0 0 40 10 0 0 0 0 6 12 0 8 0 0 0 0 9 2 0 0 0 0 0 0 0 0 0 0 0 0 0 0 15 19 54 9 0 0 27 0 0 10 23 1 24 12 7 8 15 54 0 15 0 0 0 0 0 0 0 0 0 0 0 0 0 0 0 0 0 0 0 0 0 15 6 3 25 0 7 6 0 0 0 0 0 0 6 7 0 0 20 0 0 0 0 0 0 1 0 0 0 0 1 0 0 0 0 0 0 0 0 0 12 23 44 1 9 0 18 21 26 10 0 0 0 0 11 1 0 9 18 0 0 0 13 0 0 0 0 0 0 0 0 4 0 0 0 0 0 0 0 1 0 0 0 0 4 3 1 0 2 0 0 0 0 0 0 0 0 0 0 0 0 0 0 0 0 0 0 0 0 0 
 16 3 3 7 3 3 3 3 3 3 17 4 3 6 6 5 3 9 5 3 0 0 0 0 0 0 0 0 0 0 5 3 0 0 0 0 0 0 65 0 167 233 172 117 71 43 0 329 148 59 40 313 130 351 183 36 26 153 345 483 0 0 2 3 0 0 0 0 0 2 0 0 0 0 0 0 0 4 0 0 0 1 0 0 0 0 0 1 0 1 0 0 0 7 46 5 0 3 8 0 0 0 0 13 0 0 0 0 0 0 0 0 0 0 0 0 0 0 0 0 0 8 22 28 0 0 9 3 9 4 0 38 0 15 22 22 19 17 0 0 51 0 7 0 4 0 0 0 0 0 5 0 6 0 0 0 0 0 39 5 14 0 0 0 0 3 4 1 0 1 0 1 0 0 0 0 0 2 0 0 0 0 0 0 0 0 0 0 0 0 0 0 0 0 0 0 0 0 0 0 3 6 32 7 16 34 0 0 26 43 0 0 0 8 1 15 10 0 0 18 0 0 0 0 0 0 0 0 0 0 0 0 0 0 0 0 0 0 32 0 0 0 0 0 0 0 0 0 0 0 0 4 0 2 0 0 0 0 0 0 0 0 23 0 0 2 0 4 0 0 0 0 0 0 0 0 0 0 0 0 0 0 0 0 0 0 0 0 0 0 
 3 3 3 3 3 3 3 3 3 3 3 3 3 4 3 3 3 3 3 3 0 0 0 0 65 30 0 4 0 0 3 0 0 0 0 62 0 0 0 1 84 106 167 132 92 467 329 0 245 128 95 30 247 161 119 126 108 59 141 849 3 3 1 0 0 0 0 0 0 0 0 0 4 3 0 0 5 18 14 0 0 0 0 0 0 0 0 0 0 0 0 0 0 0 0 0 0 0 0 0 0 0 0 0 13 10 0 0 0 0 0 1 0 0 0 0 0 0 0 0 15 16 28 0 0 0 1 0 43 26 10 0 17 10 1 21 8 5 1 31 0 0 0 3 1 19 0 0 11 0 0 0 2 0 0 0 0 1 8 0 2 0 0 5 0 13 0 0 0 0 0 0 3 0 0 0 0 0 0 0 0 0 0 0 31 0 0 0 0 0 0 0 0 0 0 0 0 0 0 0 40 13 1 11 11 0 11 8 0 0 26 24 0 14 48 12 6 18 43 0 0 0 0 0 0 0 0 5 8 0 0 2 0 0 0 0 0 3 28 12 0 0 0 0 0 0 0 0 0 0 0 4 0 2 0 0 0 0 0 15 0 0 0 0 0 2 3 8 2 0 0 0 0 0 0 0 0 0 0 0 0 0 0 0 23 0 0 0 1 0 
 0 0 0 0 0 0 0 0 0 0 0 0 0 0 0 0 0 0 0 0 3 0 3 1 58 0 0 66 0 0 7 2 0 0 0 5 2 3 0 4 189 195 249 187 102 96 148 245 0 447 35 42 209 219 106 53 65 32 99 133 49 0 0 0 1 0 0 0 0 7 0 48 0 2 0 0 0 0 0 0 0 0 0 0 0 0 0 0 0 0 0 0 0 0 0 0 0 0 0 0 0 0 11 13 12 4 0 0 3 3 5 1 0 0 0 0 4 6 0 0 0 0 0 10 8 0 13 22 0 1 26 26 0 19 13 12 7 2 13 0 0 0 0 0 0 0 0 0 0 0 0 0 0 0 10 0 0 0 20 0 0 0 0 3 0 0 0 2 0 0 0 0 3 0 0 0 0 0 0 0 0 3 0 7 1 14 19 0 6 16 0 0 0 0 0 0 0 0 0 0 34 9 0 0 20 0 13 12 29 0 9 0 0 1 20 38 26 18 1 17 13 0 0 0 0 0 1 0 0 0 0 0 0 0 0 0 0 0 1 0 0 0 3 0 0 0 0 0 0 0 0 15 0 1 0 0 0 0 4 3 0 0 1 0 1 6 0 0 1 0 0 0 0 0 0 0 0 0 0 0 0 0 0 0 0 1 0 0 2 0 
 4 5 3 13 3 2 3 3 3 7 4 26 2 2 5 3 5 3 2 2 1 0 0 0 66 1 0 2 0 0 3 0 0 7 0 3 0 0 0 1 43 72 160 314 190 127 59 128 447 0 201 50 160 150 372 148 203 77 83 172 54 0 0 6 0 0 0 0 0 53 0 0 62 4 3 4 0 3 53 16 0 8 3 0 0 0 0 6 0 8 0 0 0 1 0 0 0 0 0 0 0 0 0 0 0 13 0 0 0 0 0 0 0 0 4 0 0 0 1 0 0 50 33 45 11 6 0 0 0 23 0 10 0 14 1 0 14 18 9 0 0 0 0 15 0 0 3 22 20 4 5 0 2 0 0 0 0 0 0 15 0 1 3 0 0 4 3 5 0 5 0 0 0 0 0 0 0 5 0 0 0 0 0 0 0 0 0 0 0 0 0 0 0 1 0 0 0 0 0 0 11 0 13 36 23 9 11 0 0 0 9 18 0 0 0 0 0 0 4 0 0 10 0 0 0 0 30 12 23 0 1 0 45 14 20 0 0 0 19 24 0 3 21 0 0 3 2 0 0 0 0 7 0 2 0 0 1 0 1 0 0 0 1 7 0 26 2 70 3 0 0 0 0 0 0 0 0 0 0 0 0 4 0 0 0 0 0 0 1 0 
 0 0 0 0 0 0 0 0 0 0 0 0 0 0 0 0 0 0 0 0 0 0 0 1 56 0 0 0 0 0 0 0 0 1 0 0 0 0 0 2 47 28 91 190 153 111 40 95 35 201 0 293 38 29 86 88 233 77 49 161 53 0 0 0 0 0 111 0 0 50 0 0 88 0 155 0 0 3 79 120 0 0 0 0 0 0 0 0 0 0 0 0 0 0 0 18 0 0 0 0 0 0 0 0 0 0 0 0 0 0 0 0 0 0 0 9 0 0 0 0 0 0 9 3 15 26 0 0 0 15 0 22 0 0 0 0 3 18 0 0 3 10 0 1 0 0 12 16 20 20 12 0 29 1 16 0 0 0 11 65 0 0 0 0 0 0 0 0 0 0 0 0 0 0 0 0 0 0 0 0 0 0 0 0 0 0 0 0 0 0 0 0 0 0 0 0 0 0 0 0 0 0 0 18 61 13 0 0 0 0 28 30 0 0 0 0 0 4 0 0 13 28 9 0 0 0 54 3 12 0 0 0 15 10 37 19 0 25 32 25 0 0 10 0 0 0 0 0 0 0 0 12 0 0 0 0 0 0 0 0 0 0 0 1 4 23 0 65 2 0 0 0 0 0 0 0 0 0 0 0 0 4 0 0 0 0 0 15 0 0 
 2 2 2 2 2 2 2 2 2 2 2 2 2 3 2 2 4 2 2 2 5 0 5 4 0 0 0 3 4 0 15 1 0 0 0 87 0 4 0 0 42 36 35 276 240 110 313 30 42 50 293 0 232 233 311 37 185 176 263 45 51 0 0 23 0 0 51 0 0 1 0 0 0 62 50 0 4 8 52 52 0 0 0 0 0 0 17 0 0 0 0 0 0 0 0 0 0 0 0 15 0 0 14 7 11 0 0 0 4 10 0 0 0 0 0 3 0 4 0 0 0 0 0 0 0 15 0 0 0 26 12 25 11 4 0 15 11 11 0 0 56 9 25 9 0 0 7 8 0 25 1 0 31 20 6 5 10 44 0 1 0 0 0 0 0 0 0 0 0 0 0 0 0 7 0 0 0 0 0 0 0 0 0 7 0 5 0 0 23 10 0 1 0 0 0 0 0 0 0 0 0 15 0 0 8 40 7 5 11 2 20 17 0 11 0 0 5 0 1 4 11 2 13 0 0 0 19 0 3 9 19 0 0 0 9 0 7 3 31 0 0 0 0 0 0 0 0 0 0 0 0 10 0 0 0 0 0 0 5 0 0 1 38 0 1 10 6 0 0 0 4 0 0 0 0 0 0 0 0 0 0 0 0 0 0 0 0 0 0 0 
 3 3 0 6 0 0 0 0 0 3 0 6 0 0 2 0 0 0 0 0 0 0 41 0 116 3 0 63 74 62 5 1 0 0 0 63 62 124 3 0 144 61 116 173 67 50 130 247 209 160 38 232 0 232 39 54 62 51 192 160 0 0 0 0 0 0 0 0 2 0 0 11 0 0 7 0 0 0 0 0 0 12 2 0 0 0 0 31 12 16 0 0 0 36 0 0 0 0 0 0 0 8 0 0 18 26 0 0 6 0 10 9 0 0 3 0 29 10 1 0 0 0 1 0 0 0 10 0 2 7 9 1 12 29 17 0 6 0 15 11 0 0 0 0 0 0 0 0 0 0 0 0 0 0 0 0 0 0 0 0 4 0 2 3 0 0 7 3 0 7 0 0 5 0 0 0 0 4 0 0 0 0 6 10 0 18 0 0 0 4 0 18 0 1 0 0 12 0 0 0 18 8 33 0 0 0 15 8 0 0 15 0 11 15 0 25 0 0 0 1 0 0 0 0 6 0 0 0 0 0 0 0 0 0 0 0 0 0 11 0 0 7 0 0 0 0 0 0 0 0 0 2 0 2 0 0 0 0 1 12 0 0 0 0 1 0 0 0 2 0 0 0 0 0 0 0 0 0 0 0 0 39 0 0 0 0 0 0 0 0 
 5 2 2 2 5 2 5 2 3 2 4 2 2 2 4 2 5 3 2 2 2 3 2 5 67 2 3 2 64 2 2 2 2 6 2 2 2 2 2 10 232 197 128 242 146 283 351 161 219 150 29 233 232 0 200 117 344 52 123 277 0 0 0 0 0 0 0 0 0 4 0 0 0 0 0 0 0 0 0 0 0 0 0 0 0 0 0 0 0 0 0 0 0 0 0 0 0 1 0 0 0 0 0 0 11 18 0 0 0 0 0 0 0 0 0 0 0 0 0 0 2 21 0 10 18 0 1 12 0 8 19 22 0 29 25 12 5 0 0 0 0 0 0 0 0 0 0 0 0 1 0 0 0 0 6 0 0 0 12 0 0 0 0 4 0 0 0 0 0 0 0 0 1 0 0 0 0 0 0 0 0 0 0 0 0 0 0 0 0 0 0 0 0 0 0 0 0 0 0 0 16 17 1 1 10 0 15 11 36 1 21 0 0 10 18 24 32 10 0 0 9 0 0 0 0 0 1 0 0 0 0 0 0 0 0 0 0 0 0 0 0 0 0 0 0 0 0 0 0 0 0 3 0 2 0 0 0 0 0 13 0 0 3 0 0 2 0 0 1 0 0 0 0 0 0 0 0 1 0 0 0 0 0 0 0 0 0 0 1 0 
 6 2 0 0 3 2 2 0 1 1 2 1 2 3 1 0 1 0 2 2 0 0 0 0 0 7 0 0 0 0 1 0 0 0 0 0 15 0 1 0 72 136 167 82 82 44 183 119 106 372 86 311 39 200 0 213 40 657 146 73 0 3 53 21 0 11 7 5 2 27 1 5 0 0 8 9 8 0 0 0 0 0 0 0 0 0 0 0 0 0 0 0 0 0 0 0 0 0 0 0 0 0 20 0 0 0 0 0 0 0 0 0 0 0 0 0 0 0 0 0 18 27 2 21 11 0 37 13 59 13 0 14 1 0 17 21 8 1 1 1 12 7 3 0 2 0 10 0 0 12 0 12 7 0 0 7 26 0 1 5 0 0 0 0 0 3 0 0 0 0 0 0 0 0 0 0 0 0 0 0 0 0 0 0 11 0 0 0 0 1 0 0 0 0 0 0 0 0 0 0 40 33 22 19 19 6 14 45 12 53 20 21 6 11 11 19 11 12 11 26 0 5 7 1 0 0 0 9 0 0 0 0 9 9 0 5 3 0 13 8 0 0 0 0 0 0 0 0 0 0 0 6 0 1 0 0 0 0 0 2 0 0 0 64 2 3 0 0 3 0 0 1 0 0 0 6 0 0 0 0 0 0 0 0 12 10 0 0 2 0 
 0 0 0 0 0 0 61 0 2 0 0 0 0 2 0 0 2 0 0 0 2 3 3 2 2 63 2 3 3 3 5 3 3 3 3 2 3 2 3 7 41 275 481 29 70 81 36 126 53 148 88 37 54 117 213 0 59 114 40 57 0 0 0 0 0 0 52 0 0 6 13 0 0 0 9 0 0 0 0 34 0 0 7 0 0 0 0 0 0 0 0 0 0 0 0 0 0 8 1 0 0 0 0 0 0 0 0 0 0 0 0 0 0 0 0 0 0 0 0 0 16 30 10 46 20 32 27 0 40 10 35 0 42 25 22 44 9 0 0 12 0 0 4 0 0 0 11 0 0 0 0 0 6 20 10 0 0 0 20 7 0 0 0 0 0 8 0 0 0 0 0 0 0 0 0 0 0 0 0 0 0 0 19 0 6 0 0 0 0 0 0 0 0 0 0 0 0 0 0 0 32 34 16 29 22 5 0 12 54 19 31 20 13 11 47 19 16 40 7 10 9 0 0 0 0 0 11 14 0 0 0 0 26 11 16 0 0 0 1 46 0 0 0 0 0 0 0 0 0 0 0 5 0 0 0 0 0 0 0 1 0 0 2 69 66 2 2 0 0 0 0 0 0 0 0 0 0 0 0 0 0 0 6 0 28 34 0 10 0 0 
 0 1 0 0 4 0 0 0 30 0 0 0 3 0 1 0 0 0 4 6 3 0 2 2 61 2 4 3 2 2 2 3 0 2 2 2 2 2 2 5 114 37 141 55 103 337 26 108 65 203 233 185 62 344 40 59 0 166 67 49 1 0 0 0 2 5 0 0 0 23 0 2 50 5 30 0 5 0 0 6 0 0 0 0 0 0 0 0 6 0 0 0 0 0 0 1 5 1 1 6 0 0 0 0 0 8 0 0 0 0 0 0 0 0 0 0 0 0 0 0 0 0 0 11 0 24 0 0 0 0 21 11 0 7 0 0 26 14 24 0 10 0 10 8 0 0 9 18 0 13 2 0 29 4 11 0 0 0 0 11 5 0 0 0 0 2 0 0 3 0 0 0 0 3 11 5 4 0 0 6 0 0 0 0 0 9 0 0 0 0 0 18 0 0 0 0 0 0 0 0 10 0 0 10 11 32 24 0 14 0 19 27 8 0 0 10 0 0 0 0 0 1 0 16 0 0 17 0 5 0 25 0 20 12 18 0 0 0 11 0 0 0 41 0 0 0 0 0 0 0 0 6 0 0 0 0 0 0 0 0 0 1 4 63 1 6 2 0 0 0 19 0 0 0 0 0 0 0 0 0 0 0 0 0 0 0 0 0 2 0 
 7 1 0 0 0 4 0 0 10 0 5 0 0 8 8 8 1 0 8 5 2 0 0 0 0 0 2 1 1 1 0 0 0 3 0 2 2 0 0 4 109 179 498 421 49 58 153 59 32 77 77 176 51 52 657 114 166 0 88 257 1 1 0 1 3 0 1 2 2 6 2 3 0 0 2 2 0 0 4 2 0 0 0 0 0 0 0 0 11 0 0 0 0 0 6 4 5 3 4 3 0 0 0 0 0 0 0 0 0 0 0 0 0 0 0 0 0 0 0 0 0 7 23 21 34 24 0 0 9 1 14 15 0 44 23 77 30 13 0 0 12 0 8 0 5 0 0 0 0 0 6 0 7 0 0 0 0 0 35 6 5 0 0 0 0 30 2 0 5 7 0 0 0 3 20 22 6 0 0 7 0 0 0 0 0 0 0 0 0 0 0 0 0 0 0 0 0 0 0 0 3 11 98 41 17 12 0 0 84 35 0 0 0 11 16 19 59 0 0 20 0 0 0 0 7 0 7 17 0 0 0 0 1 0 0 0 0 0 8 22 0 0 0 0 0 0 0 0 0 0 0 8 0 0 0 1 0 0 0 1 0 2 7 1 3 4 0 0 1 0 0 0 0 0 0 2 0 0 0 0 0 4 0 0 0 0 0 0 0 0 
 77 0 0 0 0 0 0 0 0 0 0 0 0 0 0 0 0 0 0 0 1 0 1 0 9 0 0 1 62 0 205 34 0 1 0 64 19 0 3 2 193 129 102 57 59 45 345 141 99 83 49 263 192 123 146 40 67 88 0 131 4 0 2 0 0 3 0 0 5 3 5 4 0 201 50 0 18 1 0 0 0 0 0 0 0 0 0 0 0 0 0 0 8 0 0 0 0 0 0 0 0 0 0 1 61 11 0 0 0 1 74 9 0 1 0 0 10 19 0 0 0 0 9 11 0 0 7 3 0 1 30 0 0 22 15 0 0 26 19 0 0 0 4 0 4 0 0 0 0 0 0 0 4 0 2 0 0 0 10 5 0 0 0 11 0 0 0 0 0 0 0 0 10 0 0 0 0 0 0 0 0 0 1 0 11 20 0 0 1 2 0 0 0 0 1 11 0 25 0 1 34 9 7 12 8 0 5 46 0 7 0 0 0 32 48 50 20 7 24 12 0 0 0 0 0 0 0 0 0 0 0 0 0 0 0 0 0 0 5 0 0 0 0 0 0 0 0 0 0 0 0 2 0 0 0 0 0 54 0 5 0 0 0 0 0 4 10 0 0 0 0 0 0 0 0 2 0 0 0 0 0 0 0 0 0 0 0 0 0 0 
 39 0 0 0 0 0 0 0 0 0 0 0 0 0 0 1 0 4 0 0 0 0 63 0 130 67 0 1 0 33 96 2 0 0 0 2 69 56 28 0 132 55 126 97 85 556 483 849 133 172 161 45 160 277 73 57 49 257 131 0 0 0 0 0 0 0 8 0 0 0 0 0 0 0 0 0 0 1 0 6 0 0 0 0 0 0 0 0 0 0 0 0 0 0 0 0 0 0 0 0 0 0 0 0 6 11 0 0 0 0 15 29 0 0 0 13 0 0 0 0 0 28 0 7 0 0 1 0 16 7 20 5 28 36 30 0 21 0 25 8 2 1 0 0 0 0 5 0 0 0 0 0 0 1 0 0 0 0 0 0 3 0 0 10 0 0 0 0 0 0 0 0 9 0 0 0 0 0 0 0 0 0 0 39 17 30 0 0 0 28 0 21 0 0 0 0 0 0 0 0 46 3 52 0 0 0 0 10 20 0 38 6 15 32 0 0 0 2 0 26 2 0 0 0 0 0 3 0 0 0 0 0 0 16 0 0 0 2 0 0 0 0 0 0 0 0 0 0 0 0 0 11 0 0 0 0 0 0 0 9 0 0 0 0 2 2 1 0 2 0 0 0 0 0 0 0 0 0 0 0 0 18 0 0 0 0 0 11 2 0 
 0 0 0 0 1 0 1 7 52 1 0 0 3 0 1 0 0 0 2 0 0 0 0 0 0 53 0 4 0 0 2 0 0 0 0 1 3 0 0 0 0 0 0 258 2 99 0 3 49 54 53 51 0 0 0 0 1 1 4 0 0 151 194 136 31 39 103 509 122 72 93 35 196 87 69 94 140 82 151 89 0 0 0 0 0 1 0 0 0 0 0 30 0 0 0 0 0 0 0 0 0 0 0 0 8 0 0 0 0 0 0 0 0 10 9 0 0 0 0 0 0 0 0 0 0 1 0 0 0 0 0 0 0 0 0 0 0 0 0 0 2 9 10 18 2 0 0 14 20 0 6 0 7 1 0 7 6 6 24 0 0 0 0 0 0 0 0 0 0 0 0 2 0 0 0 0 0 0 4 0 0 0 6 10 7 5 0 19 0 0 7 0 0 0 0 7 0 2 0 10 0 0 0 0 0 1 0 0 0 0 1 0 0 0 0 0 0 0 0 0 0 20 16 8 0 0 5 11 35 13 12 9 0 3 0 0 7 7 1 0 0 0 0 3 0 0 0 0 0 0 0 0 0 54 6 0 23 11 0 0 0 0 6 0 0 0 6 0 0 0 6 0 0 2 15 0 0 0 0 0 0 0 0 0 0 0 0 0 0 0 
