 0 79 81 51 134 37 381 141 121 125 45 25 22 131 125 117 90 12 113 60 0 0 3 0 3 1 3 0 7 0 4 5 0 2 0 0 0 1 1 0 0 3 3 0 0 3 5 3 6 0 0 0 0 0 0 0 0 0 0 5 0 0 0 0 5 0 0 0 0 0 3 0 0 0 4 0 3 0 4 2 42 0 6 14 27 17 2 1 34 51 0 0 55 12 11 16 8 12 30 12 0 2 1 0 0 0 1 0 0 0 0 0 32 0 0 0 0 0 11 0 0 1 0 0 0 0 0 0 0 0 0 0 0 0 1 0 0 0 0 0 0 0 0 0 0 0 3 0 0 0 2 0 0 12 0 11 0 0 0 0 19 7 27 9 0 7 0 33 31 37 14 0 0 5 28 0 9 49 23 49 27 0 2 0 0 2 0 0 0 0 0 0 0 0 0 0 0 0 17 0 0 0 0 0 0 0 0 0 0 0 0 0 0 0 0 1 0 0 2 0 0 0 0 0 0 0 0 0 0 0 17 0 0 0 0 9 0 0 0 0 0 6 11 0 0 1 91 0 2 20 0 8 0 0 0 0 0 0 0 0 0 0 0 0 0 0 0 0 0 0 0 0 0 0 0 13 10 0 0 0 0 0 0 0 0 0 0 0 0 20 
 79 0 188 71 283 73 175 510 303 28 336 262 64 196 294 269 132 130 41 115 1 0 0 0 3 0 20 0 2 0 4 3 0 0 1 1 0 1 0 0 0 0 0 0 0 3 4 2 3 0 0 0 0 0 0 2 0 0 0 2 0 0 0 0 2 0 0 0 0 0 0 0 0 0 3 0 3 0 0 3 19 26 33 1 29 0 35 1 55 19 23 15 27 12 27 52 0 26 21 90 0 0 0 0 2 13 0 0 0 0 0 0 0 0 0 0 11 0 0 0 0 1 0 0 0 0 0 0 0 0 1 0 0 0 0 0 0 0 0 0 0 0 0 0 0 0 7 0 0 0 0 0 1 0 0 0 0 0 19 0 3 47 6 6 22 0 1 68 52 0 26 11 9 0 65 0 54 43 22 29 0 0 0 0 0 0 0 0 0 0 0 0 0 0 0 0 0 0 0 0 0 0 0 0 0 1 0 0 0 0 0 0 0 0 0 0 0 0 0 0 0 0 0 0 2 0 0 0 0 0 0 0 0 0 0 0 0 0 0 0 0 0 0 0 0 2 0 2 3 2 15 7 0 0 0 0 0 0 0 0 0 0 56 0 0 0 0 0 0 0 0 0 0 0 0 0 0 0 0 0 0 0 0 0 0 0 0 0 0 0 
 81 188 0 173 256 127 437 151 432 136 54 54 51 61 473 451 44 268 42 123 0 0 0 0 3 1 4 3 75 85 5 3 0 1 1 2 2 4 35 0 3 0 0 0 0 3 1 0 3 0 2 0 0 0 0 0 0 0 0 2 1 0 0 1 3 1 1 0 2 0 0 0 0 0 5 0 2 2 0 4 1 23 0 14 4 0 0 26 15 1 44 34 0 0 56 22 0 15 35 11 0 0 0 0 0 0 25 0 1 1 1 0 30 21 0 6 1 0 21 38 0 0 16 0 1 0 2 0 11 0 25 0 0 0 0 0 0 11 2 0 0 0 0 0 1 0 0 0 0 1 7 0 0 0 1 0 5 5 0 0 15 0 0 10 0 0 0 9 26 3 9 12 0 7 2 27 13 14 0 22 9 0 0 0 0 0 4 0 0 0 0 0 0 0 0 0 0 0 19 0 0 0 0 0 0 0 0 15 0 0 0 0 0 0 0 0 0 0 0 0 0 0 0 0 0 0 0 0 0 0 15 0 0 0 2 0 0 0 0 0 0 0 0 0 0 0 8 0 0 101 1 7 0 0 0 0 0 0 0 0 0 0 10 0 0 0 0 0 0 0 0 0 0 1 0 0 0 0 0 0 0 0 0 0 0 0 0 0 0 0 
 51 71 173 0 280 47 185 178 474 314 319 172 52 216 315 72 173 126 295 48 0 0 0 0 3 0 0 86 0 0 3 3 77 2 0 4 0 49 23 0 0 0 0 0 0 5 5 1 3 0 1 0 0 2 3 3 0 0 0 5 1 0 0 0 5 0 0 0 2 3 0 0 0 3 3 0 3 0 0 2 0 9 30 26 12 43 17 24 55 19 1 0 0 11 10 9 44 29 0 0 0 8 0 0 0 0 13 0 20 25 0 0 0 14 16 0 0 0 28 20 0 0 0 0 0 0 1 0 0 0 0 0 0 0 0 0 0 0 1 0 0 0 15 0 0 0 0 0 0 0 0 0 0 0 2 0 0 0 0 0 1 11 30 6 0 0 0 14 1 10 12 6 14 9 0 21 0 0 0 1 0 35 0 0 0 0 9 12 27 0 0 0 0 0 14 13 0 0 32 0 0 0 0 0 0 0 0 0 0 0 0 0 0 0 0 0 0 0 0 0 0 0 0 0 0 0 0 0 0 0 0 0 0 0 1 0 0 0 0 0 0 0 0 0 0 0 1 0 2 1 0 11 0 0 0 0 0 0 0 4 0 0 0 0 0 0 2 0 0 0 0 0 0 0 0 10 14 0 0 0 0 0 0 0 0 0 11 0 0 0 
 134 283 256 280 0 68 251 74 132 89 178 153 87 80 100 96 150 37 75 64 78 81 0 2 3 0 25 0 0 0 3 3 56 27 24 0 38 2 0 153 0 0 0 0 0 3 3 63 66 0 0 0 0 0 0 0 0 62 0 2 0 2 0 1 3 0 0 0 0 0 0 0 0 0 2 0 2 0 0 2 0 0 23 10 0 18 0 16 5 0 0 57 0 0 30 32 10 9 2 0 14 0 0 13 0 0 18 0 11 23 0 0 53 20 27 2 7 0 19 17 0 0 0 0 0 0 0 0 0 0 0 0 0 0 0 0 0 0 0 0 2 0 0 0 0 0 0 0 0 0 4 0 0 23 0 1 11 1 2 0 0 0 10 1 1 17 0 0 0 13 9 0 0 15 0 1 0 0 0 9 16 0 11 0 0 0 0 0 0 0 0 10 12 1 21 3 0 0 0 15 0 0 0 0 0 1 0 0 0 0 2 0 2 0 0 10 0 0 0 0 0 0 1 0 0 0 0 2 0 0 0 0 1 0 0 0 0 2 0 0 0 0 0 0 0 6 1 2 1 2 0 6 6 0 0 0 0 0 0 0 0 0 0 0 0 0 0 0 0 0 0 0 0 0 0 10 13 0 0 0 0 0 0 0 0 0 0 0 0 0 
 37 73 127 47 68 0 324 128 47 48 271 283 64 43 275 85 154 313 62 63 64 0 0 0 3 0 74 6 0 2 6 3 77 77 82 32 0 4 92 77 4 0 0 0 0 6 4 3 3 2 6 0 0 0 0 0 0 2 0 2 0 46 0 0 3 6 0 0 4 0 0 0 0 0 8 0 2 6 1 8 0 33 39 32 19 18 0 1 16 0 7 0 16 22 10 11 12 0 1 0 0 0 11 0 0 0 12 0 1 0 0 0 1 67 16 10 0 0 9 7 0 0 0 0 0 0 0 0 0 0 0 0 0 0 0 0 0 1 0 0 0 0 13 0 0 0 0 0 0 3 10 0 0 0 0 0 2 11 0 0 0 0 0 0 13 0 4 16 0 27 6 21 0 1 21 8 27 4 1 0 0 24 0 0 0 0 31 10 15 0 0 0 6 0 0 0 0 0 0 34 0 1 2 0 0 0 0 0 1 0 0 0 0 0 0 0 0 0 0 0 0 1 0 0 0 0 0 0 0 0 0 0 0 0 0 0 0 0 0 0 0 0 0 0 0 5 84 0 3 4 0 8 0 0 0 0 0 0 0 0 0 0 0 0 0 0 0 0 0 0 0 0 0 0 0 0 0 0 0 0 0 0 0 0 0 0 0 0 0 0 
 381 175 437 185 251 324 0 296 39 255 52 37 155 55 263 232 234 30 58 245 0 0 0 3 3 2 0 0 4 1 4 7 2 0 0 2 0 1 0 0 0 0 0 0 0 3 3 0 3 2 2 0 0 0 0 0 0 2 2 31 0 0 0 1 3 51 19 0 1 0 0 0 5 1 3 0 5 3 2 2 27 1 15 15 10 9 35 80 25 10 17 0 39 26 18 16 0 2 0 2 0 0 0 0 0 0 0 0 0 0 0 0 0 0 0 0 0 0 0 0 0 0 0 0 0 0 0 0 0 2 0 1 0 0 0 0 0 0 0 0 0 0 0 2 0 0 0 0 0 0 0 0 0 0 0 2 0 0 0 0 13 0 0 12 0 16 8 37 0 0 0 0 15 7 1 5 25 0 9 10 0 0 0 0 0 0 0 0 0 0 0 1 0 0 0 0 0 0 0 1 0 0 0 0 0 0 0 0 0 0 0 0 0 10 0 0 0 0 0 0 0 0 0 0 0 0 0 0 0 0 0 0 0 0 0 0 0 0 2 0 0 0 0 0 0 2 0 0 2 1 0 10 0 0 0 0 0 0 0 0 0 0 2 0 0 0 0 0 0 0 2 0 0 0 0 0 0 0 0 0 0 0 0 0 24 0 0 0 0 0 
 141 510 151 178 74 128 296 0 65 52 125 41 68 419 411 343 136 130 88 235 1 35 78 0 4 1 2 41 0 0 3 3 0 0 0 0 2 2 0 2 0 0 0 0 0 3 2 0 4 0 0 0 0 0 0 0 0 0 0 2 0 0 0 0 3 0 0 0 0 0 0 0 0 0 54 0 31 0 0 2 23 4 64 13 6 12 12 18 20 10 11 0 1 0 28 28 39 41 9 5 0 0 0 0 24 0 33 0 0 0 0 0 0 0 0 0 12 0 18 21 0 0 2 0 0 0 0 0 0 0 0 0 0 1 0 2 0 11 2 0 0 0 0 0 0 0 0 0 0 0 4 0 0 0 1 0 22 1 0 0 13 41 24 43 10 2 8 14 0 13 28 7 19 30 38 49 30 0 16 5 0 0 0 0 0 0 0 0 0 0 0 0 0 0 0 0 0 0 20 1 0 0 1 0 0 0 0 0 0 0 0 0 0 0 0 0 0 2 0 0 0 0 0 0 0 2 0 0 0 0 2 0 10 12 0 0 0 0 0 0 0 0 0 0 0 1 0 1 2 0 3 8 0 0 0 0 0 0 0 0 0 0 0 0 0 0 0 0 0 0 0 0 0 0 0 10 39 0 0 0 0 0 0 0 0 0 0 0 0 0 
 121 303 432 474 132 47 39 65 0 303 259 116 99 409 117 70 117 109 76 213 0 0 0 0 3 0 0 0 0 0 2 3 0 2 0 0 0 2 74 0 2 0 0 0 0 3 3 0 3 0 0 0 0 0 0 0 0 0 0 2 1 0 0 0 3 0 0 0 0 0 0 0 0 0 2 0 2 8 0 2 17 15 44 15 5 0 2 27 16 14 30 64 0 21 13 29 36 64 16 19 0 0 0 0 0 0 9 0 0 0 0 0 43 0 0 0 0 0 1 0 0 0 0 0 0 0 0 0 0 0 0 0 0 0 16 0 0 0 0 0 0 0 0 0 0 0 0 0 0 0 0 0 0 0 0 0 0 0 0 0 14 3 58 1 0 0 0 19 4 9 19 0 13 17 29 22 0 42 0 17 0 0 0 0 0 0 0 0 0 0 0 0 0 0 0 1 0 0 22 0 0 0 1 0 0 0 0 0 0 0 0 0 0 0 0 0 0 0 0 0 0 0 0 0 0 0 0 0 0 0 0 0 0 0 0 0 0 0 0 0 0 1 0 0 0 0 0 1 3 1 1 3 0 0 0 0 0 0 0 0 0 0 18 0 0 0 0 0 0 0 0 0 0 0 0 12 26 10 0 0 0 0 0 0 0 0 0 0 0 0 
 125 28 136 314 89 48 255 52 303 0 168 248 277 99 219 152 146 231 88 163 0 0 3 7 3 1 6 0 0 0 5 8 74 0 0 3 0 4 40 0 0 0 0 0 3 3 6 52 3 0 0 2 3 0 9 3 0 0 2 2 3 3 0 5 3 3 0 0 0 0 0 0 2 0 5 0 2 41 0 2 0 14 46 59 6 25 0 10 11 0 14 9 0 0 13 8 63 1 9 1 0 0 0 0 0 0 9 0 0 0 0 0 10 14 0 0 0 0 9 0 2 0 0 0 0 0 0 0 0 1 0 0 2 0 2 0 0 0 0 0 0 0 10 0 0 0 0 0 0 0 0 0 0 0 0 0 0 0 0 0 15 12 12 7 0 0 0 3 9 11 0 8 2 13 0 4 0 16 0 2 0 10 0 0 0 0 12 0 12 0 0 11 1 0 1 1 0 0 12 0 0 0 0 0 0 0 0 0 0 0 0 0 0 0 0 0 0 0 0 0 0 0 0 0 2 0 0 0 0 0 0 0 0 0 0 0 0 0 0 0 0 0 0 0 0 2 3 0 2 1 1 15 0 0 0 0 0 0 0 0 0 0 0 0 0 0 0 0 0 0 0 0 0 0 0 7 46 10 0 0 0 0 0 0 0 0 0 0 0 0 
 45 336 54 319 178 271 52 125 259 168 0 169 113 249 500 136 124 130 48 164 78 0 0 0 4 0 0 0 0 0 3 4 22 38 1 0 0 0 73 0 0 0 0 0 0 3 2 0 3 0 0 0 0 0 1 0 0 1 0 2 2 0 0 1 4 2 0 0 0 0 0 0 0 0 2 31 2 0 0 2 0 66 21 51 8 0 23 1 35 12 28 22 0 0 0 10 27 11 36 17 0 20 11 0 0 0 22 0 0 0 0 0 1 20 13 11 0 0 9 15 0 0 2 0 0 0 0 0 0 0 0 0 0 0 0 2 0 0 0 0 0 0 0 0 0 0 1 0 0 0 11 0 0 0 0 0 0 0 0 0 14 12 20 8 18 0 2 10 9 0 21 38 21 0 11 15 14 2 1 2 23 13 8 0 0 0 23 9 14 0 2 0 8 0 10 0 0 0 17 0 0 0 0 0 0 0 0 0 0 0 0 0 0 0 0 0 0 2 0 0 0 0 0 0 0 0 0 0 0 0 0 0 0 0 0 0 0 0 0 2 0 0 0 0 0 1 4 1 1 90 10 1 0 0 0 0 0 2 0 0 0 0 0 0 0 0 0 0 0 0 0 0 0 0 0 0 9 10 0 0 0 0 0 0 0 0 10 0 0 0 
 25 262 54 172 153 283 37 41 116 248 169 0 59 36 38 26 103 360 53 23 0 0 5 1 3 0 18 75 2 0 3 3 1 1 1 0 0 50 93 16 0 0 0 0 0 3 3 0 3 0 0 0 0 0 0 0 0 0 0 2 1 0 0 0 5 0 0 0 0 0 0 0 0 0 2 0 2 0 0 2 0 0 2 0 15 60 0 9 59 2 30 11 0 12 0 17 10 0 0 0 1 20 0 0 0 0 11 0 10 14 0 0 44 41 29 0 0 0 13 27 0 0 0 0 0 0 0 1 0 0 0 0 0 0 0 0 0 0 4 0 1 0 3 0 0 0 0 0 0 4 0 0 0 0 0 2 0 3 1 0 0 0 0 2 21 1 0 0 0 17 14 7 0 19 0 6 0 13 0 0 9 3 0 0 0 0 52 8 11 0 0 0 6 10 8 15 0 0 32 25 0 0 0 0 1 0 0 0 0 0 1 0 0 0 0 0 0 0 0 0 0 0 2 0 0 0 0 1 0 0 0 0 2 0 0 0 0 2 0 0 0 0 0 0 0 0 4 0 48 96 0 3 0 0 0 0 0 0 0 0 0 0 0 0 0 0 2 0 0 6 0 0 0 0 0 0 0 0 0 0 0 0 0 0 0 0 5 0 0 20 
 22 64 51 52 87 64 155 68 99 277 113 59 0 332 91 133 48 33 473 63 0 2 1 0 3 0 0 0 1 0 6 3 0 0 1 0 0 1 0 0 0 0 0 0 0 3 3 0 3 0 2 0 3 0 0 0 0 0 2 2 3 0 0 3 3 0 0 0 0 0 0 0 0 0 2 0 2 0 0 2 20 2 0 1 0 0 36 0 44 19 0 2 16 12 0 0 16 0 6 49 0 0 0 0 0 0 0 0 0 0 0 0 0 0 0 0 0 0 10 0 17 0 0 0 0 0 0 0 0 0 0 0 0 0 0 0 15 0 0 0 0 2 0 0 0 0 9 0 0 0 0 28 0 0 0 0 0 0 0 0 5 0 2 7 20 11 22 47 46 0 0 0 15 26 14 0 20 0 21 28 14 0 0 0 0 0 0 0 0 0 0 0 0 0 0 0 0 0 0 0 0 2 0 0 0 0 0 0 2 0 0 0 0 0 15 0 0 0 0 0 0 0 0 0 0 0 0 0 0 0 0 0 0 0 0 0 16 0 0 0 0 0 0 0 0 2 1 0 0 0 1 2 0 0 0 0 0 0 0 0 0 0 0 0 0 0 0 0 0 0 1 0 0 0 0 0 0 0 0 0 0 0 0 0 0 0 0 0 0 0 
 131 196 61 216 80 43 55 419 409 99 249 36 332 0 222 140 203 122 101 92 0 0 0 0 3 0 2 0 1 0 3 3 0 1 0 0 0 2 1 2 0 0 0 0 0 3 3 0 3 0 0 0 0 0 0 4 1 0 0 2 0 0 0 0 3 0 0 0 0 0 42 0 0 0 37 0 2 0 0 2 19 27 1 1 20 0 38 15 50 51 0 12 16 14 0 0 9 29 18 32 0 0 0 0 0 0 0 0 0 0 0 0 0 0 6 0 0 0 0 0 0 0 1 0 0 0 0 0 0 0 0 0 0 0 0 0 29 0 0 0 0 0 0 0 0 0 4 0 0 0 0 0 0 1 0 0 0 0 0 0 13 42 25 26 79 1 0 36 23 17 3 29 18 17 23 24 24 0 60 34 0 0 0 0 0 0 0 0 0 0 0 0 2 0 2 0 0 0 18 0 0 0 0 0 0 0 0 0 0 0 0 0 0 0 0 0 0 1 0 0 0 0 22 0 0 0 0 0 0 0 0 0 0 0 0 0 0 0 0 0 0 10 0 0 0 2 47 2 2 1 10 11 12 0 0 0 0 0 0 0 0 0 0 0 0 0 0 0 0 0 0 0 0 0 0 15 10 0 0 0 0 0 0 0 0 0 0 0 0 0 
 125 294 473 315 100 275 263 411 117 219 500 38 91 222 0 547 139 36 306 97 0 0 0 0 3 0 1 0 1 0 3 3 0 0 0 0 0 2 74 0 3 0 62 0 3 3 2 0 3 0 0 0 0 63 54 0 0 0 1 2 1 2 2 0 3 0 2 3 2 0 3 0 0 0 2 0 2 0 0 2 13 5 14 1 15 0 34 12 25 56 18 12 16 0 22 10 14 13 24 67 0 15 0 0 0 0 0 0 2 0 0 0 11 0 0 0 0 0 7 0 0 0 0 0 0 0 1 0 0 0 0 0 0 0 14 0 0 3 2 0 0 0 0 0 0 0 18 0 0 0 0 0 0 1 2 0 0 0 0 6 17 28 13 21 24 10 0 24 8 15 16 10 24 0 28 23 15 11 17 36 0 0 0 0 0 0 0 0 0 0 0 0 0 0 0 0 0 0 0 0 0 0 16 0 0 17 0 0 0 0 0 0 0 0 0 0 0 0 0 0 0 0 0 0 0 0 0 0 0 0 0 0 0 0 1 0 0 0 1 0 0 0 0 0 0 0 0 0 5 90 16 6 0 0 0 0 0 0 0 0 0 0 28 0 0 0 0 0 0 0 0 0 0 0 0 1 12 0 0 0 0 0 0 0 0 0 0 0 0 0 
 117 269 451 72 96 85 232 343 70 152 136 26 133 140 547 0 179 271 244 199 0 0 0 0 3 0 0 6 2 0 3 5 0 2 0 0 5 2 74 0 0 0 0 0 0 3 3 0 3 0 0 0 0 0 0 0 0 0 3 5 0 2 0 0 3 0 0 0 0 0 1 0 0 0 2 0 2 2 0 2 25 6 16 0 39 0 30 0 1 38 46 31 16 13 18 25 4 18 23 55 0 0 0 0 0 0 0 0 0 0 0 0 41 0 0 0 0 0 8 0 0 0 0 0 0 0 0 0 0 0 0 0 0 0 0 0 0 0 0 0 0 0 0 0 0 0 0 0 0 15 0 0 0 0 0 0 0 0 0 0 19 27 1 11 22 20 0 4 12 15 35 11 2 0 29 1 24 34 0 15 0 27 0 0 0 0 0 0 0 0 0 0 0 0 0 0 0 0 3 0 0 0 0 0 0 0 0 0 0 0 0 0 0 0 0 0 0 0 0 0 0 0 0 0 0 0 0 0 0 0 0 0 0 0 0 0 0 0 0 0 0 2 0 0 0 2 0 0 1 102 12 13 0 0 0 0 0 0 2 0 0 0 18 0 0 0 0 0 0 0 0 0 0 0 0 1 0 22 0 0 0 0 0 0 0 0 0 0 0 0 
 90 132 44 173 150 154 234 136 117 146 124 103 48 203 139 179 0 138 48 134 0 2 0 0 3 0 1 2 1 0 4 4 0 1 0 0 3 1 0 2 3 0 0 0 0 3 9 0 3 0 0 0 6 0 0 0 0 0 4 2 0 0 0 27 3 0 0 0 0 0 0 0 0 0 3 0 2 2 0 2 12 17 30 6 25 0 17 2 0 69 30 16 1 21 14 12 21 52 0 13 0 0 0 1 0 0 15 0 0 0 0 0 0 0 0 0 0 0 16 0 2 0 0 0 0 0 0 0 0 0 0 0 2 0 0 0 0 0 0 0 0 0 0 0 0 0 0 0 0 0 0 0 0 0 0 0 0 0 0 0 0 41 19 14 0 0 0 15 0 47 34 0 0 11 47 21 18 15 26 0 0 2 0 0 1 0 0 0 0 1 0 1 1 0 0 0 0 0 30 0 14 0 0 0 0 0 0 0 0 0 0 0 0 0 0 0 0 0 0 0 0 0 0 0 0 0 0 0 0 0 0 0 0 0 0 0 0 0 0 0 0 10 0 0 0 0 84 0 1 1 0 17 0 0 0 0 0 0 0 0 0 0 0 0 0 0 0 0 0 0 0 0 0 0 0 9 0 1 0 0 0 0 0 0 0 0 0 0 0 0 
 12 130 268 126 37 313 30 130 109 231 130 360 33 122 36 271 138 0 28 34 81 59 0 0 3 0 0 1 0 0 2 5 0 39 1 0 5 0 74 0 0 0 0 0 0 3 4 1 3 0 0 0 0 0 0 0 0 0 0 2 0 0 0 0 3 0 0 0 0 0 1 0 0 0 3 0 3 0 0 2 0 10 16 7 14 59 16 10 19 0 40 2 0 10 12 20 25 16 9 13 0 0 13 0 0 0 10 0 0 0 0 0 0 49 24 12 16 0 12 15 0 0 0 0 0 0 0 0 0 0 0 0 0 0 0 0 0 0 0 0 0 0 28 0 0 0 0 0 0 15 0 0 0 0 0 0 0 0 0 0 11 27 10 13 50 0 2 0 6 0 19 12 10 0 19 17 26 2 10 1 12 38 0 0 0 18 23 0 26 0 0 0 9 11 0 0 0 0 25 0 0 0 15 0 0 0 0 0 0 0 0 0 0 0 0 0 0 0 0 0 0 0 0 0 0 0 0 0 0 0 0 10 0 0 0 0 0 0 0 0 0 0 0 0 0 0 5 0 90 88 0 13 22 0 0 0 0 0 0 0 0 0 0 0 0 0 0 0 0 0 0 0 0 0 0 0 0 12 0 0 0 0 0 0 0 0 0 0 0 0 
 113 41 42 295 75 62 58 88 76 88 48 53 473 101 306 244 48 28 0 357 1 0 0 0 3 0 5 1 1 0 3 3 0 0 0 0 0 2 0 2 0 0 0 0 0 3 3 0 3 0 0 0 3 0 2 1 0 0 2 2 10 0 31 3 3 0 0 0 0 0 0 2 0 0 3 0 2 0 0 2 14 0 0 0 0 0 1 0 0 0 0 0 10 11 0 0 0 0 0 14 0 0 0 0 0 0 0 0 0 0 0 0 0 0 0 0 0 0 0 0 13 0 0 0 0 0 0 0 0 0 0 1 0 0 0 0 0 0 0 0 0 0 0 0 0 0 0 0 3 0 0 0 0 0 0 5 0 0 0 1 7 0 0 0 0 0 24 13 0 0 0 0 25 31 0 1 1 0 37 1 0 0 0 2 0 0 0 0 0 0 0 0 0 0 0 0 0 0 0 0 0 0 0 14 0 0 0 0 0 0 0 0 0 0 0 0 15 0 0 1 0 0 0 0 2 0 0 0 0 0 0 0 0 0 0 0 0 0 0 0 0 0 0 0 0 0 0 1 0 2 0 20 0 0 0 0 0 0 0 0 0 0 0 0 0 0 0 0 0 0 0 0 0 0 0 0 0 0 0 0 0 0 0 0 0 0 0 0 0 0 
 60 115 123 48 64 63 245 235 213 163 164 23 63 92 97 199 134 34 357 0 0 0 0 0 3 0 2 0 0 0 4 7 0 0 0 79 0 1 0 0 60 0 0 0 0 3 4 2 3 0 0 0 0 0 0 0 0 0 0 2 0 0 0 0 3 0 3 0 0 0 0 0 0 0 3 0 2 0 0 2 26 10 18 7 1 0 10 2 1 0 30 12 18 1 18 0 50 8 15 31 0 0 0 0 0 0 0 0 0 0 0 0 0 0 0 0 0 0 0 0 1 0 0 0 0 0 0 0 0 0 0 0 0 0 0 0 0 0 0 0 0 0 0 0 0 0 0 17 0 24 0 0 0 0 0 0 0 0 0 0 22 31 2 0 0 0 14 30 28 0 46 1 10 0 42 0 23 18 1 28 0 1 0 0 0 0 0 0 0 0 0 2 0 0 0 0 0 0 34 0 0 0 0 0 0 0 0 0 0 0 0 0 0 2 0 2 0 0 0 0 0 0 0 0 0 0 0 0 0 0 0 0 0 0 0 0 0 0 0 0 0 0 0 0 0 4 0 2 0 0 2 7 0 0 0 0 1 0 2 0 0 0 13 0 0 0 0 0 0 0 0 0 0 0 0 0 0 16 0 0 0 0 0 0 0 0 0 0 0 0 
 0 1 0 0 78 64 0 1 0 0 78 0 0 0 0 0 0 81 1 0 0 155 146 99 25 110 258 123 128 46 109 130 344 688 319 184 31 238 84 232 3 0 2 0 3 0 2 0 0 0 2 5 0 3 0 0 0 0 2 1 3 65 0 0 0 0 2 3 0 0 0 0 1 23 0 2 0 0 0 0 0 0 0 1 0 1 0 0 1 0 1 7 0 0 0 0 0 0 0 0 10 0 43 57 0 23 9 13 0 55 12 17 35 13 25 11 11 8 0 23 0 0 0 0 0 0 0 0 0 0 0 0 0 0 0 0 0 0 0 8 0 0 0 0 0 2 20 0 0 0 0 0 5 0 0 0 0 0 0 0 0 0 0 0 3 19 3 1 0 0 10 0 0 0 0 0 0 4 0 0 9 10 0 0 0 8 14 10 32 20 13 28 26 1 14 0 0 0 2 0 0 0 0 0 0 0 7 1 0 0 0 0 0 0 0 0 0 0 7 0 0 0 0 14 0 0 0 0 0 0 0 0 0 0 0 2 0 0 0 0 0 0 16 0 0 0 0 0 74 0 0 0 0 0 8 0 3 3 1 0 2 13 0 0 0 52 15 0 0 0 0 0 0 0 0 0 0 0 0 0 0 11 0 0 0 0 0 0 0 0 
 0 0 0 0 81 0 0 35 0 0 0 0 2 0 0 0 2 59 0 0 155 0 282 81 31 102 68 316 213 128 127 42 160 59 40 215 278 199 98 70 4 0 2 0 73 2 3 52 64 10 3 8 6 3 0 13 30 1 3 6 1 6 0 0 3 6 3 3 0 0 0 0 4 0 0 36 0 0 0 0 0 0 0 0 0 17 0 0 0 0 0 0 0 0 0 0 0 0 1 0 9 23 10 13 14 1 0 14 29 36 43 0 0 0 14 10 26 34 0 20 0 0 21 0 0 0 9 0 0 0 0 0 0 13 0 0 0 0 8 13 14 0 0 2 0 0 0 0 0 0 0 0 57 24 0 0 0 0 0 0 1 0 0 0 0 0 0 0 5 0 0 0 0 2 0 0 0 0 0 0 7 0 19 35 27 0 8 5 3 33 50 32 10 31 28 41 39 0 2 1 9 0 0 0 0 0 32 2 0 0 0 0 0 0 0 0 0 0 0 0 0 0 0 0 0 0 0 0 0 1 0 0 1 0 2 0 0 0 1 0 0 0 11 0 0 0 0 0 0 0 0 0 0 0 8 0 1 40 81 0 10 18 1 0 0 0 0 0 0 0 0 0 0 0 0 0 0 0 0 0 0 25 0 0 0 0 0 0 0 1 
 3 0 0 0 0 0 0 78 0 3 0 5 1 0 0 0 0 0 0 0 146 282 0 233 124 36 193 338 324 146 102 198 159 46 200 63 128 174 189 93 3 2 6 0 6 3 2 3 0 16 8 9 14 3 1 0 3 0 2 8 1 0 3 0 7 0 71 6 0 1 2 0 1 3 0 4 0 6 0 0 20 0 0 0 0 17 0 0 0 0 0 0 0 0 0 0 0 0 0 0 22 56 25 20 16 13 14 16 11 13 3 66 0 0 14 11 10 73 12 11 0 0 0 0 0 0 0 0 0 0 0 0 2 0 0 0 0 0 0 12 0 0 0 0 0 2 0 0 0 0 0 0 5 0 0 0 0 0 0 2 0 0 0 0 5 0 0 0 0 0 1 0 0 0 0 0 4 3 0 0 27 0 0 9 27 0 56 54 44 10 13 26 12 33 80 33 8 27 0 0 0 0 0 0 0 0 31 15 0 0 0 0 0 0 0 0 0 0 0 0 0 0 2 0 27 0 0 0 0 0 0 0 0 0 1 2 0 0 1 0 0 0 11 0 0 0 0 0 2 0 0 0 0 3 16 0 0 118 7 2 2 19 0 0 0 2 0 0 0 0 0 0 0 0 2 0 0 0 0 0 0 3 0 0 0 0 4 0 0 1 
 0 0 0 0 2 0 3 0 0 7 0 1 0 0 0 0 0 0 0 0 99 81 233 0 163 45 80 177 77 262 276 65 61 50 57 109 81 60 343 57 65 0 3 4 3 4 3 270 0 0 2 0 62 3 0 0 0 0 65 61 0 0 0 47 0 0 3 3 0 0 0 4 0 0 0 3 3 0 0 0 0 0 0 0 0 0 0 0 0 0 0 0 0 0 0 0 0 2 0 0 6 15 11 48 11 21 0 0 0 0 59 19 0 0 0 0 1 0 0 0 0 0 0 0 0 8 1 19 0 7 0 0 10 7 0 0 0 0 55 12 0 0 0 0 0 0 0 0 0 0 0 0 30 0 0 0 0 0 0 0 0 0 0 0 0 0 2 0 0 0 0 0 0 0 0 0 0 0 0 0 0 0 0 0 15 16 5 0 15 0 13 43 0 1 55 1 0 24 0 0 0 1 0 0 0 0 21 16 1 15 0 0 14 0 19 8 16 0 15 7 0 0 0 0 0 0 0 0 0 0 0 0 0 0 0 0 0 0 0 0 0 0 0 0 0 0 0 0 0 1 0 0 0 0 13 0 0 40 1 1 2 18 0 0 0 0 0 0 0 0 0 0 0 0 0 0 0 0 0 0 0 36 0 0 0 10 0 0 0 0 
 3 3 3 3 3 3 3 4 3 3 4 3 3 3 3 3 3 3 3 3 25 31 124 163 0 72 135 51 154 166 308 398 64 142 64 92 60 111 66 278 133 0 3 0 3 0 58 155 62 0 2 4 0 67 0 0 0 4 27 82 2 0 3 0 0 0 3 4 1 0 0 0 0 0 0 3 0 0 0 0 0 0 0 0 0 0 0 0 0 0 0 0 0 0 3 0 0 0 0 0 8 0 12 1 1 6 0 7 0 0 0 0 0 0 0 11 0 0 0 0 17 0 0 0 0 0 37 18 0 7 0 0 26 12 0 18 2 0 15 0 0 0 0 0 0 0 0 0 0 0 0 0 1 0 0 0 0 0 2 0 0 0 0 0 0 0 0 0 0 0 1 0 0 0 0 2 0 0 0 0 0 0 0 0 22 16 0 8 9 0 0 3 0 0 11 10 0 0 0 0 15 27 1 0 0 0 31 26 18 13 10 0 0 31 1 26 0 14 12 26 0 0 0 13 0 0 0 0 0 0 0 0 0 0 0 0 0 0 0 0 0 0 11 0 0 0 0 0 0 0 0 0 0 0 12 1 0 1 75 0 5 0 0 0 0 10 0 0 0 0 0 0 0 0 0 0 0 0 0 18 0 0 0 0 0 0 0 0 0 0 
 1 0 1 0 0 0 2 1 0 1 0 0 0 0 0 0 0 0 0 0 110 102 36 45 72 0 149 20 52 252 71 213 31 137 119 116 63 45 45 53 149 1 3 0 6 0 0 64 0 64 2 0 64 65 1 63 0 2 4 0 2 3 3 0 0 0 4 3 0 0 0 0 0 10 0 2 0 0 0 0 0 0 0 0 0 0 0 0 0 0 0 0 0 0 0 0 0 0 0 0 25 0 30 19 13 14 0 11 0 0 0 12 0 9 0 0 21 9 0 0 12 12 8 69 14 0 42 27 13 0 0 2 2 8 8 21 44 12 19 4 0 0 1 2 0 0 6 0 0 0 0 0 0 0 1 0 0 0 0 2 0 0 0 0 0 0 0 0 3 0 0 0 0 0 2 0 0 0 9 0 0 2 20 19 0 7 0 0 14 0 1 8 0 0 0 0 6 0 0 0 19 22 18 0 1 0 0 12 44 1 12 4 10 20 19 1 0 0 30 10 0 0 0 0 0 0 0 1 0 0 12 0 0 0 0 0 0 0 0 0 0 0 0 0 0 0 0 0 0 0 0 0 0 0 4 0 0 0 6 5 6 0 0 0 0 0 11 0 0 0 0 0 0 0 0 0 0 0 0 14 0 0 0 0 40 0 0 0 0 0 
 3 20 4 0 25 74 0 2 0 6 0 18 0 2 1 0 1 0 5 2 258 68 193 80 135 149 0 96 243 59 40 98 292 87 256 126 55 106 211 182 3 0 2 0 6 0 3 0 1 0 5 3 4 3 0 0 2 0 6 0 1 0 0 2 3 2 2 3 0 3 3 1 2 0 0 5 0 2 6 0 0 0 0 2 0 13 0 0 0 0 1 9 0 54 0 0 0 0 0 0 89 9 13 0 23 16 13 4 14 18 2 0 36 20 18 68 24 0 0 64 1 0 0 0 0 0 0 0 0 0 0 0 13 0 0 0 0 0 0 0 2 0 0 0 0 0 0 0 0 8 5 0 0 0 0 0 0 5 0 7 0 0 0 0 0 18 0 2 0 0 7 20 0 0 0 13 4 7 0 0 44 21 0 44 0 0 15 7 4 37 8 77 0 17 13 0 43 14 0 29 0 0 0 0 0 30 0 0 0 0 0 0 0 0 0 22 0 0 28 0 0 0 0 9 0 0 0 0 0 0 9 0 0 0 0 0 0 0 0 0 0 0 13 0 0 0 24 0 1 0 0 0 0 0 23 0 0 0 78 1 4 0 0 0 0 0 0 0 0 0 0 0 1 0 0 0 0 0 0 0 0 10 0 0 0 0 0 0 0 0 
 0 0 3 86 0 6 0 41 0 0 0 75 0 0 0 6 2 1 1 0 123 316 338 177 51 20 96 0 69 128 128 191 318 82 189 392 186 107 285 134 3 0 3 0 3 0 2 0 0 7 2 0 6 3 0 0 0 0 2 8 2 0 0 0 2 0 3 3 0 0 0 0 0 0 0 3 0 0 0 0 0 0 3 0 0 9 0 0 0 0 0 0 0 0 0 0 0 0 2 0 0 32 10 8 13 24 0 17 16 20 66 25 0 0 7 7 27 49 0 18 0 0 0 0 0 0 0 0 0 0 0 0 0 16 0 0 0 0 18 9 0 0 0 0 0 1 0 5 0 0 0 0 1 0 0 0 21 0 0 1 2 0 0 0 0 18 0 0 11 0 12 0 0 0 0 0 0 0 0 0 8 10 2 18 49 0 7 39 15 37 12 5 14 6 93 20 20 16 0 0 0 0 0 0 0 0 49 29 0 0 0 0 0 0 0 0 0 0 17 0 0 0 0 0 0 0 0 0 0 0 0 0 0 0 1 0 0 0 2 0 0 0 0 0 0 0 0 0 0 0 0 0 0 0 12 2 0 2 76 0 11 12 2 0 0 0 0 0 0 0 0 0 0 0 0 0 0 0 0 0 0 0 0 0 0 1 9 0 0 2 
 7 2 75 0 0 0 4 0 0 0 0 2 1 1 1 2 1 0 1 0 128 213 324 77 154 52 243 69 0 63 58 219 182 129 135 124 131 222 271 250 3 0 3 0 3 0 0 1 0 0 2 6 0 3 0 0 0 0 66 0 2 0 0 0 24 0 3 49 1 0 0 0 0 0 0 3 0 0 0 46 0 0 0 0 0 1 0 0 0 13 1 0 11 0 0 0 0 0 0 0 19 0 23 0 0 6 44 11 28 1 20 22 0 0 1 36 11 0 12 15 0 0 12 0 0 1 0 2 0 0 0 0 10 2 19 0 0 0 10 0 12 0 0 0 0 0 0 0 0 0 0 0 0 0 0 0 0 0 0 0 0 0 0 0 5 0 0 0 0 0 0 0 0 0 0 0 4 3 0 0 15 8 0 19 0 15 10 25 19 34 15 17 13 8 43 72 20 30 0 10 3 0 0 0 0 1 4 0 0 0 0 0 0 0 0 0 0 0 0 0 0 0 0 15 37 0 0 0 0 0 1 0 10 0 0 0 0 0 0 0 0 0 10 0 0 0 0 0 0 0 0 0 0 0 7 1 0 75 2 2 0 0 0 0 0 0 0 0 0 2 0 0 0 0 0 0 0 0 0 2 0 11 0 0 0 0 0 0 0 12 
 0 0 85 0 0 2 1 0 0 0 0 0 0 0 0 0 0 0 0 0 46 128 146 262 166 252 59 128 63 0 485 48 85 87 62 240 295 66 174 178 6 0 5 0 6 0 66 0 1 2 2 0 3 8 0 0 0 0 107 0 2 0 0 1 0 0 3 3 0 0 0 0 1 0 0 4 0 0 5 0 0 0 0 0 30 0 0 0 0 0 0 0 0 0 0 0 0 0 15 0 16 28 0 1 38 15 0 0 43 15 10 20 0 0 0 8 3 4 0 0 0 1 2 0 1 0 0 9 15 0 1 0 13 0 0 0 1 0 13 10 0 0 0 0 0 0 0 0 0 0 0 1 0 2 0 0 0 0 0 0 0 0 0 0 0 0 0 0 0 0 0 0 0 0 0 0 3 0 0 0 0 0 0 18 14 1 0 8 17 73 19 20 0 2 0 20 2 21 0 8 0 0 0 0 0 0 10 45 0 2 0 7 7 0 9 0 10 0 11 0 0 0 0 0 0 0 0 0 0 0 22 0 0 0 0 0 0 0 0 0 0 0 0 0 0 0 0 0 0 0 0 0 0 0 12 0 0 151 75 0 1 3 1 0 0 0 0 0 0 0 0 0 0 0 0 0 0 0 0 0 0 21 0 0 0 0 0 0 0 0 
 4 4 5 3 3 6 4 3 2 5 3 3 6 3 3 3 4 2 3 4 109 127 102 276 308 71 40 128 58 485 0 151 236 37 60 105 195 63 326 75 3 0 3 0 3 0 2 0 0 0 2 1 0 3 0 0 0 1 64 3 4 0 0 0 0 0 5 6 1 0 0 0 5 0 3 2 0 0 0 0 0 0 0 0 0 11 0 0 0 0 7 0 0 2 0 0 0 0 0 0 0 14 12 26 10 15 0 0 0 0 22 88 4 0 0 0 0 15 0 24 0 0 0 0 0 0 26 11 8 8 0 0 9 10 0 0 0 0 33 49 0 0 0 0 0 0 2 0 0 0 0 0 2 0 0 2 0 0 0 0 0 0 0 0 0 0 0 0 0 0 0 0 0 0 0 0 1 0 6 0 15 32 0 2 13 18 10 0 21 0 9 14 0 31 21 0 0 16 18 1 0 10 0 0 0 0 0 4 5 27 0 12 30 0 18 0 13 17 0 19 0 0 0 0 0 0 0 0 0 0 0 0 0 1 0 0 0 0 0 0 0 0 0 0 0 0 0 0 0 0 0 0 0 0 4 0 2 82 0 0 2 7 0 0 0 0 0 0 0 0 0 0 1 0 0 0 0 0 0 0 0 1 0 0 0 11 0 0 0 0 
 5 3 3 3 3 3 7 3 3 8 4 3 3 3 3 5 4 5 3 7 130 42 198 65 398 213 98 191 219 48 151 0 24 175 142 34 141 119 243 48 24 0 3 0 3 0 2 8 0 3 5 8 65 3 0 0 2 0 94 1 0 0 0 0 0 0 3 3 2 0 0 0 0 13 0 3 5 0 1 0 0 0 0 0 0 0 0 0 0 8 0 0 2 0 0 0 0 0 0 0 4 5 45 22 0 55 1 11 0 13 51 50 0 13 21 3 0 20 0 0 0 0 0 0 0 2 0 1 14 15 0 0 0 0 19 0 2 5 0 10 0 0 0 0 0 0 0 0 0 0 16 0 20 0 0 0 0 0 0 0 0 26 0 0 0 0 0 0 0 0 0 5 0 0 0 0 0 1 0 0 17 10 0 21 50 19 0 48 3 0 15 22 0 17 32 0 22 0 0 9 0 0 0 0 0 2 0 1 18 0 0 0 0 0 0 0 0 1 65 0 0 1 0 30 0 0 0 0 0 0 0 0 0 0 0 0 0 0 0 0 0 0 1 0 0 2 0 0 0 0 0 0 2 0 24 2 4 2 110 0 14 19 0 0 0 10 11 2 0 0 0 0 0 0 0 0 0 0 0 20 0 1 0 0 0 0 0 0 0 0 
 0 0 0 77 56 77 2 0 0 74 22 1 0 0 0 0 0 0 0 0 344 160 159 61 64 31 292 318 182 85 236 24 0 131 457 135 184 51 167 160 3 0 3 0 3 0 1 0 0 0 2 0 0 3 0 0 0 0 2 0 2 0 0 0 25 0 3 3 1 0 0 0 0 0 0 3 0 0 0 0 0 10 10 8 0 15 0 0 14 0 1 10 46 0 0 2 12 0 0 0 29 0 0 0 0 0 10 28 0 13 0 39 15 41 8 18 31 0 26 0 0 0 0 0 0 0 0 0 0 0 0 0 9 0 0 0 0 0 0 0 0 0 0 0 0 27 0 0 0 0 0 0 1 0 0 0 0 0 0 0 0 21 0 2 5 20 0 0 2 1 0 8 0 0 0 0 3 3 0 0 18 21 18 39 0 0 22 23 37 27 1 4 37 13 17 20 3 44 0 22 0 1 0 0 0 0 0 0 0 0 0 0 0 0 38 8 0 0 0 0 0 0 0 0 26 0 0 0 0 0 0 0 0 0 0 0 0 0 0 0 0 0 0 0 0 1 0 0 0 0 0 0 0 0 19 0 0 0 1 2 47 0 0 0 0 0 0 0 0 0 0 0 0 0 0 0 0 0 0 0 0 0 0 0 0 0 1 0 0 0 
 2 0 1 2 27 77 0 0 2 0 38 1 0 1 0 2 1 39 0 0 688 59 46 50 142 137 87 82 129 87 37 175 131 0 182 46 40 120 100 151 3 0 3 0 3 2 3 1 2 0 2 3 0 3 0 0 0 0 2 2 2 0 0 3 2 0 3 54 0 0 0 0 0 4 3 3 3 0 0 2 0 0 0 0 0 16 0 0 1 0 14 9 1 2 0 8 0 0 0 0 27 0 27 6 0 16 12 14 0 2 0 10 19 45 39 19 0 11 0 77 0 0 13 0 0 0 0 0 0 0 0 0 0 11 0 0 0 0 0 1 4 0 0 0 7 0 2 0 0 0 0 0 0 0 0 2 0 0 0 0 0 0 0 0 3 19 4 0 0 2 0 0 0 10 0 0 0 1 2 0 20 17 0 1 0 7 19 7 10 18 0 26 10 0 10 0 1 6 18 4 0 0 0 0 0 0 0 0 0 0 0 0 1 0 0 9 0 0 0 0 0 0 0 9 0 0 0 0 0 0 6 0 0 1 0 0 0 0 0 0 0 0 13 0 0 0 0 0 0 73 0 0 0 0 6 0 0 0 1 0 0 0 0 0 0 0 10 0 0 0 0 0 0 0 0 0 0 0 0 0 0 10 0 0 0 0 0 0 0 0 
 0 1 1 0 24 82 0 0 0 0 1 1 1 0 0 0 0 1 0 0 319 40 200 57 64 119 256 189 135 62 60 142 457 182 0 161 77 39 53 142 3 2 3 2 3 0 3 0 2 3 2 3 71 3 0 3 0 0 2 7 0 0 0 0 2 0 6 3 0 0 0 0 0 24 0 3 0 0 3 0 0 1 0 0 0 23 0 0 0 0 0 11 0 1 0 0 0 0 0 0 14 22 19 18 0 17 10 8 0 3 1 45 20 51 38 0 24 25 0 0 0 1 0 0 0 0 0 0 0 0 0 0 0 13 0 0 0 0 0 15 0 0 0 0 0 0 0 0 0 0 0 0 1 0 0 0 0 0 0 0 0 0 23 0 4 18 2 0 0 0 0 0 0 1 0 0 0 2 0 0 28 17 18 30 15 5 1 21 5 0 11 0 9 21 1 10 8 15 0 0 0 0 0 0 1 0 9 0 0 0 0 0 2 0 0 9 0 0 35 0 0 0 0 0 11 0 0 0 0 0 0 0 0 2 0 0 0 2 0 0 0 0 0 0 0 0 0 0 0 0 0 0 0 0 72 0 0 1 76 0 2 0 0 0 0 0 13 0 0 0 0 0 0 0 2 0 0 0 0 0 0 0 0 0 0 0 0 0 0 0 
 0 1 2 4 0 32 2 0 0 3 0 0 0 0 0 0 0 0 0 79 184 215 63 109 92 116 126 392 124 240 105 34 135 46 161 0 177 104 303 99 3 0 3 0 5 1 0 2 2 6 2 0 3 3 2 2 0 0 2 5 1 0 15 0 5 0 3 3 2 0 0 0 0 0 0 3 5 2 4 0 0 0 0 0 0 13 0 0 0 0 0 12 0 0 0 2 0 0 0 0 10 36 7 6 12 0 1 22 22 11 18 1 15 0 14 1 0 9 17 10 0 0 0 0 0 0 0 0 0 2 0 0 17 13 0 0 0 0 0 0 0 0 0 0 1 0 0 0 1 0 0 0 2 0 0 0 1 0 0 0 0 0 0 1 0 1 0 0 0 0 1 0 0 0 0 0 4 0 0 0 24 0 11 25 2 0 8 1 15 20 20 23 16 22 11 27 9 17 4 0 0 0 2 0 0 0 29 28 0 0 0 0 0 0 0 1 0 0 8 0 0 0 0 0 3 0 0 0 0 0 0 0 0 0 0 0 0 0 0 1 0 0 0 0 0 20 0 0 0 0 0 0 0 0 11 0 1 84 41 2 1 2 0 0 0 0 0 0 0 0 0 0 0 0 0 0 0 0 0 0 0 10 0 0 0 0 1 0 0 0 
 0 0 2 0 38 0 0 2 0 0 0 0 0 0 0 5 3 5 0 0 31 278 128 81 60 63 55 186 131 295 195 141 184 40 77 177 0 57 77 129 3 0 3 0 4 0 2 0 0 0 2 0 35 3 0 0 0 0 2 0 1 0 0 0 0 0 13 3 0 0 0 0 0 0 0 3 0 0 0 0 0 0 0 0 0 9 0 0 0 0 0 0 0 0 0 0 0 0 0 0 10 23 0 42 11 8 0 0 11 9 0 27 9 13 0 14 48 13 0 2 0 0 0 0 0 0 0 0 0 0 0 0 14 0 0 0 0 0 0 0 4 0 0 0 0 0 0 0 0 0 0 0 0 0 0 0 0 0 0 0 0 0 0 0 0 0 0 0 0 0 0 0 0 0 0 0 0 0 0 0 76 29 47 25 0 0 15 38 35 3 8 25 20 27 18 0 15 71 0 44 0 0 0 0 0 0 0 13 0 0 0 0 0 0 0 0 13 0 0 0 0 0 0 0 0 0 0 0 0 0 0 0 0 0 0 0 0 0 0 0 0 0 0 0 0 0 0 0 0 0 0 0 0 1 9 0 2 0 17 0 1 0 0 0 0 0 0 0 0 0 0 0 0 0 0 0 0 0 0 0 0 0 0 0 0 6 0 0 0 0 
 1 1 4 49 2 4 1 2 2 4 0 50 1 2 2 2 1 0 2 1 238 199 174 60 111 45 106 107 222 66 63 119 51 120 39 104 57 0 31 88 57 0 3 0 66 0 77 0 0 0 2 4 1 3 0 0 0 0 127 0 2 0 0 0 6 0 3 3 1 0 0 0 0 0 0 3 0 2 0 0 0 0 0 0 0 17 0 0 0 1 0 0 0 0 0 0 0 0 0 0 8 8 13 0 0 6 0 7 15 3 8 0 2 0 17 20 6 5 0 3 0 2 23 0 1 0 18 0 0 17 0 0 0 0 11 0 0 0 23 0 0 2 0 0 0 0 0 0 0 0 0 0 0 0 0 0 0 0 0 4 0 0 0 0 0 0 0 0 16 0 18 0 8 0 0 0 0 0 0 0 1 0 0 12 38 22 30 29 0 24 32 15 21 0 35 31 36 1 0 0 11 0 31 0 0 0 11 8 0 0 0 11 6 10 9 5 0 10 15 11 0 0 0 16 0 0 0 0 0 0 0 0 0 0 0 0 0 2 0 0 0 0 11 0 0 1 0 0 0 1 0 0 0 0 9 0 2 74 73 0 5 3 0 0 0 0 0 0 0 0 0 2 0 0 0 0 0 0 0 4 0 0 0 0 0 0 38 0 0 0 
 1 0 35 23 0 92 0 0 74 40 73 93 0 1 74 74 0 74 0 0 84 98 189 343 66 45 211 285 271 174 326 243 167 100 53 303 77 31 0 355 3 0 3 0 3 0 2 0 0 0 3 0 0 3 0 0 0 0 2 0 1 0 0 0 0 0 3 3 0 0 1 0 0 0 0 2 0 0 0 0 0 0 12 33 0 12 0 0 8 0 0 8 0 0 0 0 14 0 12 0 13 0 17 25 21 0 8 28 11 1 0 1 24 12 6 0 0 0 40 18 0 0 0 0 0 0 0 0 0 0 0 0 0 0 0 0 0 0 0 0 0 0 11 0 0 0 0 0 0 5 0 0 0 0 0 0 1 5 0 0 0 1 0 0 1 1 0 0 0 0 0 12 0 0 0 7 3 25 0 0 0 24 19 19 0 0 29 0 24 21 0 20 0 11 10 21 0 19 18 8 0 0 0 0 0 0 0 0 0 0 0 0 0 0 0 0 0 0 0 0 0 0 0 0 0 0 0 0 0 0 0 0 0 0 0 0 0 0 0 0 0 0 0 0 0 0 23 0 0 1 0 0 1 0 6 0 2 0 4 1 1 0 0 0 0 0 0 0 0 0 0 0 0 0 0 0 0 0 0 0 0 0 0 0 0 3 0 0 0 0 
 0 0 0 0 153 77 0 2 0 0 0 16 0 2 0 0 2 0 2 0 232 70 93 57 278 53 182 134 250 178 75 48 160 151 142 99 129 88 355 0 4 0 3 0 3 0 0 0 5 0 3 0 0 3 0 0 0 0 2 0 1 0 66 85 3 0 3 3 0 0 0 0 1 0 0 2 0 0 0 0 0 0 0 0 0 47 0 0 0 0 0 19 0 0 0 0 0 0 0 0 27 7 0 12 21 3 11 13 41 78 0 1 44 16 28 1 7 0 11 93 1 0 0 0 0 0 0 0 0 0 0 0 0 0 0 0 0 0 0 0 0 0 0 0 0 0 0 0 0 4 0 0 0 0 0 0 0 3 0 0 0 0 0 0 0 6 16 0 0 0 0 6 0 0 0 6 3 17 0 0 18 0 13 19 0 0 21 1 10 56 2 61 27 30 11 33 0 18 0 27 0 0 0 0 0 0 0 0 0 12 0 0 7 0 0 7 0 0 0 0 0 0 0 0 1 0 0 0 0 0 2 0 0 0 0 0 0 0 0 0 0 0 0 0 0 0 15 0 0 0 0 0 0 0 16 0 1 0 4 2 2 2 0 0 0 0 0 0 0 0 0 0 0 0 0 0 0 0 0 0 0 9 0 0 0 0 0 0 0 0 
 0 0 3 0 0 4 0 0 2 0 0 0 0 0 3 0 3 0 0 60 3 4 3 65 133 149 3 3 3 6 3 24 3 3 3 3 3 57 3 4 0 102 166 134 30 45 195 107 50 534 98 29 47 61 95 66 29 110 186 56 1 0 0 0 0 202 0 0 0 5 0 0 0 0 0 0 0 1 0 0 0 0 0 0 0 0 0 0 0 0 0 0 0 0 0 0 0 0 0 0 0 2 0 0 0 0 0 0 25 0 0 0 0 0 0 1 0 0 0 0 0 1 16 50 11 0 29 22 49 0 0 0 0 12 29 9 0 9 31 0 0 0 0 0 0 0 0 0 0 0 0 0 0 0 0 0 0 6 0 1 0 0 17 0 0 0 0 0 3 0 0 0 0 0 0 0 0 0 0 0 0 0 22 0 12 24 0 1 0 0 0 9 0 0 0 7 35 0 0 0 1 0 19 0 0 10 0 2 26 10 0 0 0 9 0 30 0 1 26 7 0 0 0 0 0 0 0 0 9 0 0 0 0 0 0 0 0 0 0 0 0 0 0 0 0 0 0 0 0 0 0 0 1 0 0 0 0 1 0 0 0 0 0 0 0 1 3 0 0 0 0 0 0 0 0 0 0 0 0 21 0 0 0 0 0 0 0 0 0 0 
 3 0 0 0 0 0 0 0 0 0 0 0 0 0 0 0 0 0 0 0 0 0 2 0 0 1 0 0 0 0 0 0 0 0 2 0 0 0 0 0 102 0 122 92 89 68 136 163 154 51 130 129 94 254 252 142 604 170 40 97 2 0 2 0 0 3 5 7 0 0 0 0 0 0 0 0 0 41 4 0 0 0 0 0 0 0 0 0 0 0 0 0 0 0 0 0 0 0 0 0 0 0 12 0 0 0 0 0 0 0 0 0 0 0 0 0 0 0 0 0 21 15 39 9 20 19 1 20 18 1 74 44 18 14 0 1 14 6 0 1 0 3 5 2 0 0 9 9 1 0 0 0 5 0 0 0 0 0 5 37 0 0 0 0 0 1 0 0 0 0 0 0 15 0 0 0 0 0 0 0 0 10 0 0 0 0 0 10 0 0 0 0 0 0 0 0 0 0 0 0 0 19 20 58 24 4 0 0 0 0 24 21 14 9 9 1 2 22 0 1 0 0 0 0 0 0 0 0 9 0 0 0 14 0 0 0 0 0 11 32 0 0 3 0 0 0 0 0 0 0 0 0 0 0 0 0 0 0 0 0 0 0 0 1 66 0 2 71 0 0 12 0 0 0 0 0 0 0 0 0 0 0 1 0 0 22 0 0 0 0 
 3 0 0 0 0 0 0 0 0 0 0 0 0 0 62 0 0 0 0 0 2 2 6 3 3 3 2 3 3 5 3 3 3 3 3 3 3 3 3 3 166 122 0 120 118 117 116 145 244 128 332 24 76 346 85 167 44 31 117 36 2 0 0 8 4 4 50 0 0 52 0 0 0 0 0 0 5 0 1 0 0 0 0 0 0 0 0 0 0 0 0 0 17 0 0 0 0 0 0 0 0 0 0 0 0 0 0 0 0 0 0 0 0 0 0 0 0 0 0 0 14 0 0 15 8 0 0 0 8 60 0 27 9 0 14 27 96 18 0 2 0 0 0 0 0 0 0 6 0 7 0 0 9 13 0 0 0 0 0 0 0 0 0 10 0 1 0 0 0 0 0 6 0 0 0 16 0 0 0 0 0 0 0 0 0 18 0 0 0 0 0 0 0 0 0 0 0 0 0 0 9 0 6 17 37 23 0 13 9 18 0 14 3 23 0 0 15 0 0 9 19 1 0 0 0 0 0 0 29 0 0 0 0 11 0 0 0 0 0 1 0 9 0 0 0 0 0 0 0 0 0 2 0 1 0 0 0 0 0 1 0 21 66 0 0 10 2 0 0 0 0 0 0 0 0 0 0 0 0 0 0 0 0 0 11 0 0 12 0 0 
 0 0 0 0 0 0 0 0 0 0 0 0 0 0 0 0 0 0 0 0 0 0 0 4 0 0 0 0 0 0 0 0 0 0 2 0 0 0 0 0 134 92 120 0 204 46 123 158 421 83 431 112 135 170 140 113 350 131 292 215 2 2 0 0 0 1 24 0 3 1 0 0 0 0 24 0 0 2 50 0 0 0 0 0 0 0 0 0 0 0 0 0 0 0 0 0 0 0 0 0 0 0 0 0 7 0 0 0 0 0 0 0 0 0 0 0 0 0 0 0 10 17 0 14 35 14 0 0 57 0 29 15 0 0 64 21 15 1 0 0 0 5 4 16 3 2 11 15 0 0 0 3 0 0 0 0 0 0 4 0 0 0 0 0 0 13 0 0 0 0 0 0 0 0 0 0 0 0 0 0 0 0 9 0 0 0 0 0 0 10 0 0 0 0 0 0 0 0 0 0 2 14 7 20 14 0 0 12 0 11 0 1 0 1 0 1 0 23 0 0 0 0 0 0 14 0 0 6 15 0 0 0 28 0 0 12 0 0 27 20 0 0 0 0 0 0 0 0 0 0 0 4 0 1 0 0 0 0 0 22 0 0 2 0 0 0 4 0 0 0 2 0 0 0 0 2 0 0 0 0 0 0 0 0 2 0 0 1 0 0 
 0 0 0 0 0 0 0 0 0 3 0 0 0 0 3 0 0 0 0 0 3 73 6 3 3 6 6 3 3 6 3 3 3 3 3 5 4 66 3 3 30 89 118 204 0 242 272 82 137 164 165 344 164 95 237 227 110 55 62 77 2 0 0 0 0 2 57 4 0 0 1 0 0 0 53 0 0 64 6 0 0 0 0 0 0 0 0 0 0 0 0 0 0 0 13 0 0 0 0 0 0 0 0 0 0 0 0 0 0 0 0 0 0 0 0 0 0 0 0 0 0 11 0 14 15 2 22 0 24 0 19 13 0 0 16 9 34 0 0 0 36 3 21 3 0 0 22 2 0 7 1 0 0 3 0 0 0 0 19 0 0 0 0 0 0 10 0 0 0 0 0 0 0 0 0 0 0 0 0 0 0 0 0 0 0 0 0 0 0 0 0 0 0 0 0 1 0 0 0 0 0 10 0 24 3 3 0 0 0 1 1 4 0 2 0 0 0 30 0 0 1 15 0 0 0 0 47 14 14 0 0 11 27 0 0 0 0 8 5 5 0 1 17 0 0 0 0 0 0 0 0 2 0 0 0 0 0 0 0 6 0 0 0 0 1 2 0 39 2 0 0 0 0 0 0 0 0 0 0 0 0 0 0 0 0 3 0 19 0 0 
 3 3 3 5 3 6 3 3 3 3 3 3 3 3 3 3 3 3 3 3 0 2 3 4 0 0 0 0 0 0 0 0 0 2 0 1 0 0 0 0 45 68 117 46 242 0 47 243 48 57 96 187 32 44 72 137 109 45 288 471 2 1 0 0 0 5 53 88 0 52 0 0 0 0 18 7 7 4 0 50 0 0 0 0 0 0 0 0 0 0 0 0 0 0 0 0 0 0 0 0 0 0 0 0 0 0 0 0 0 0 0 0 0 0 0 0 0 0 0 0 1 0 0 0 1 14 0 0 8 7 20 11 0 0 0 18 46 3 0 0 0 0 0 0 0 0 1 1 11 1 0 6 20 22 1 0 0 0 10 0 0 0 0 0 0 0 0 4 0 0 0 0 0 0 0 0 0 0 0 0 0 0 0 0 0 0 0 9 0 0 0 0 0 0 0 0 0 0 0 0 0 1 0 20 12 19 0 0 0 18 18 0 0 0 1 0 44 0 0 0 14 10 0 0 0 10 16 11 0 1 10 11 10 19 9 0 7 0 27 8 0 0 2 0 0 0 0 0 0 0 0 6 0 0 0 0 0 0 0 0 0 0 0 0 1 2 2 63 2 0 0 0 0 0 0 0 0 0 0 0 0 0 0 0 19 38 0 0 0 0 
 5 4 1 5 3 4 3 2 3 6 2 3 3 3 2 3 9 4 3 4 2 3 2 3 58 0 3 2 0 66 2 2 1 3 3 0 2 77 2 0 195 136 116 123 272 47 0 149 192 44 334 58 161 107 44 19 102 36 161 53 2 0 36 0 0 0 0 0 0 0 0 0 0 0 0 0 0 0 0 0 0 0 0 0 0 0 0 0 0 0 0 0 0 0 0 0 0 0 0 0 0 0 0 1 0 0 0 0 0 0 0 0 0 0 0 0 0 0 0 0 18 2 0 18 0 21 1 18 9 17 14 2 28 14 12 18 0 0 0 18 0 0 0 1 0 0 0 2 2 10 2 2 1 0 0 2 1 0 18 2 0 0 0 0 0 0 0 0 0 0 0 2 0 0 0 0 0 0 0 0 0 0 0 0 13 39 0 0 9 0 0 0 0 0 0 10 0 0 0 0 10 3 30 1 11 10 1 19 7 21 2 35 29 24 16 11 8 15 0 7 1 2 1 0 1 1 0 2 2 2 2 2 2 2 2 2 2 2 2 1 0 0 0 0 0 0 1 0 0 0 0 4 0 0 2 0 0 0 0 1 0 0 0 0 50 13 2 0 2 0 0 0 0 0 0 0 0 0 0 0 0 1 2 0 2 0 0 0 0 0 
 3 2 0 1 63 3 0 0 0 52 0 0 0 0 0 0 0 1 0 2 0 52 3 270 155 64 0 0 1 0 0 8 0 1 0 2 0 0 0 0 107 163 145 158 82 243 149 0 219 25 142 59 105 487 36 305 93 232 292 448 2 0 0 0 0 0 0 0 0 0 0 0 0 0 0 0 0 0 0 0 0 0 0 0 0 0 0 0 0 0 9 0 0 0 0 0 0 0 0 0 0 0 0 0 0 0 0 0 0 0 0 0 0 0 0 0 0 0 0 0 6 7 0 23 1 15 11 16 9 8 21 2 19 0 26 35 17 0 1 0 0 6 7 6 0 0 0 0 15 0 0 0 2 24 0 0 0 0 0 3 0 0 0 0 0 0 0 0 0 0 0 1 0 0 0 0 0 0 0 0 0 0 0 0 0 20 0 0 0 1 0 0 0 0 12 0 0 0 0 0 60 0 0 16 13 14 32 11 70 71 4 0 0 22 0 10 11 16 1 62 0 0 0 0 0 0 0 3 0 0 0 0 0 0 2 66 0 5 13 28 0 0 0 0 0 0 0 0 0 0 0 4 0 0 0 0 0 0 0 0 0 0 0 0 1 19 2 0 2 0 14 0 0 0 0 0 0 0 0 1 0 0 3 0 5 0 0 0 0 0 
 6 3 3 3 66 3 3 4 3 3 3 3 3 3 3 3 3 3 3 3 0 64 0 0 62 0 1 0 0 1 0 0 0 2 2 2 0 0 0 5 50 154 244 421 137 48 192 219 0 80 122 96 131 208 243 103 150 142 396 405 30 2 4 0 0 0 16 5 0 0 5 4 0 0 0 5 0 0 0 4 0 0 0 0 0 0 0 0 0 0 0 0 0 0 0 0 0 0 0 0 0 0 0 0 0 0 0 0 0 0 0 3 0 0 0 0 0 0 0 0 23 0 0 16 2 19 1 4 10 11 19 34 0 1 10 30 41 0 0 0 0 3 3 2 0 0 0 7 0 8 2 0 0 13 10 0 3 26 0 0 0 0 0 0 0 3 0 0 0 0 0 1 0 0 0 0 0 0 0 0 0 0 0 0 0 0 0 0 0 0 0 0 0 0 11 0 0 0 0 0 11 11 0 0 10 22 10 7 0 19 0 29 1 41 11 0 7 21 0 1 28 0 53 0 0 0 3 0 0 5 5 2 0 5 0 0 0 0 0 10 0 0 0 0 0 0 0 0 0 0 0 0 0 0 0 0 0 0 0 11 0 0 1 0 65 0 2 0 2 0 5 0 0 0 0 0 0 0 0 0 0 0 0 0 0 3 0 0 0 0 
 0 0 0 0 0 2 2 0 0 0 0 0 0 0 0 0 0 0 0 0 0 10 16 0 0 64 0 7 0 2 0 3 0 0 3 6 0 0 0 0 534 51 128 83 164 57 44 25 80 0 138 34 104 170 245 86 46 295 75 318 2 208 0 0 0 206 0 2 0 6 0 0 0 0 0 0 60 2 0 0 0 0 0 0 0 0 0 0 0 0 0 0 0 0 0 0 0 0 0 0 3 20 0 0 0 14 0 7 0 0 2 3 0 0 0 2 0 10 0 0 8 28 52 28 29 0 0 0 28 17 0 1 0 5 11 7 0 38 0 0 0 0 0 1 0 0 0 16 0 0 0 0 22 12 0 0 0 0 0 18 0 0 0 0 0 0 0 0 13 0 0 0 4 0 0 0 0 0 10 0 0 0 0 6 4 0 0 2 0 0 1 0 0 0 1 9 10 0 0 0 0 22 58 22 1 20 9 0 14 31 27 0 0 0 34 12 19 0 3 0 0 0 0 0 0 9 0 0 16 0 0 0 29 3 0 0 0 0 9 54 0 0 3 0 0 0 0 0 0 0 0 4 0 2 0 0 0 0 7 2 0 0 0 2 0 2 1 1 1 0 0 0 54 0 0 0 0 0 0 0 0 0 0 0 37 0 0 21 0 0 
 0 0 2 1 0 6 2 0 0 0 0 0 2 0 0 0 0 0 0 0 2 3 8 2 2 2 5 2 2 2 2 5 2 2 2 2 2 2 3 3 98 130 332 431 165 96 334 142 122 138 0 319 321 178 130 161 88 63 39 64 2 0 0 0 0 0 24 1 0 7 0 0 0 0 24 0 0 3 50 0 0 0 0 0 0 0 0 0 0 14 0 0 0 0 0 0 0 0 0 0 0 0 23 0 0 0 0 0 0 0 0 0 0 0 0 0 0 0 0 0 0 5 20 48 14 0 0 0 21 0 22 27 0 0 10 1 7 7 0 14 0 7 9 16 0 0 8 14 0 10 0 0 2 0 0 0 0 0 4 0 0 0 0 0 0 2 0 0 0 0 0 3 0 0 0 0 0 0 0 0 0 0 0 0 0 0 0 0 0 0 0 0 0 0 0 0 0 0 0 0 8 0 7 15 22 53 0 0 14 11 0 13 21 8 0 15 15 28 0 0 0 0 0 0 1 0 0 6 14 0 0 0 11 0 0 3 0 6 38 22 0 0 0 0 0 0 0 0 0 0 0 2 0 1 0 0 0 0 0 1 0 0 0 0 0 5 4 0 0 0 11 0 0 0 0 8 0 0 0 0 0 0 0 0 3 0 0 1 0 0 
 0 0 0 0 0 0 0 0 0 2 0 0 0 0 0 0 0 0 0 0 5 8 9 0 4 0 3 0 6 0 1 8 0 3 3 0 0 4 0 0 29 129 24 112 344 187 58 59 96 34 319 0 111 37 71 239 121 161 43 94 1 1 0 0 0 3 0 50 0 0 0 0 0 0 152 0 0 0 99 20 0 0 0 0 0 0 0 0 0 0 0 0 0 0 0 0 0 0 0 0 10 0 6 0 0 9 5 5 0 0 0 0 0 0 0 10 0 0 0 4 14 0 0 0 0 24 0 10 0 42 9 0 0 18 0 6 0 0 0 0 6 15 4 0 0 0 20 0 19 15 0 0 0 7 0 16 0 0 21 0 0 0 0 0 0 0 0 4 0 0 0 0 0 17 0 0 0 0 0 0 0 0 0 0 0 0 0 10 0 4 0 0 0 0 7 0 0 0 0 0 0 8 7 0 0 18 18 0 0 0 0 4 15 0 12 0 0 10 0 0 1 22 8 9 0 0 0 32 11 0 1 0 3 11 11 0 0 1 11 0 0 0 7 0 0 0 0 0 0 0 0 5 0 0 0 0 0 0 3 0 0 0 1 1 5 2 0 0 1 0 0 0 0 32 0 0 0 0 0 0 0 5 0 0 0 0 0 0 3 0 
 0 0 0 0 0 0 0 0 0 3 0 0 3 0 0 0 6 0 3 0 0 6 14 62 0 64 4 6 0 3 0 65 0 0 71 3 35 1 0 0 47 94 76 135 164 32 161 105 131 104 321 111 0 166 333 76 117 321 186 149 2 0 0 0 0 0 0 0 0 0 0 0 0 8 0 0 0 0 0 0 0 0 0 0 0 0 0 0 0 0 0 1 0 0 0 0 0 0 0 0 1 14 18 0 1 35 0 17 0 0 0 15 0 0 0 0 0 15 0 0 16 13 10 0 0 31 14 16 19 0 16 7 12 7 9 1 8 4 15 0 0 0 0 0 0 0 0 0 0 6 0 0 0 0 0 0 0 0 0 9 0 0 0 0 0 3 0 0 0 0 0 1 0 0 0 0 0 0 0 0 0 0 0 4 5 17 0 13 0 0 2 0 0 0 1 6 24 0 0 0 0 14 24 0 10 10 3 0 13 1 1 24 11 18 11 0 0 19 37 25 0 0 0 0 0 0 0 0 0 0 0 0 0 0 0 0 0 0 0 8 0 0 1 0 0 0 0 0 0 27 0 2 0 0 0 0 0 0 6 13 0 0 0 0 64 2 14 0 0 0 0 0 0 0 0 0 0 0 0 0 0 0 0 0 0 0 0 0 0 0 
 0 0 0 2 0 0 0 0 0 0 0 0 0 0 63 0 0 0 0 0 3 3 3 3 67 65 3 3 3 8 3 3 3 3 3 3 3 3 3 3 61 254 346 170 95 44 107 487 208 170 178 37 166 0 234 136 41 101 366 119 1 0 0 0 5 3 18 4 0 5 26 0 0 1 0 0 1 6 0 0 0 0 0 0 0 0 0 0 0 0 0 0 0 0 0 0 0 0 0 0 0 0 0 0 0 0 0 0 0 0 0 0 0 0 0 0 0 0 3 0 0 0 39 0 45 0 3 3 0 0 27 58 19 0 2 0 7 16 18 12 0 8 8 6 0 0 0 0 0 6 0 0 0 0 0 0 0 0 0 0 0 0 0 0 0 5 0 0 0 0 0 5 0 0 0 0 0 0 0 0 0 0 0 0 0 0 0 0 0 0 0 1 0 0 0 0 0 0 0 0 8 1 0 16 29 49 0 0 44 0 19 5 14 11 0 13 14 10 0 12 0 0 0 0 0 18 0 0 0 0 0 0 0 0 0 0 0 0 0 25 0 0 20 0 0 0 0 0 0 0 0 4 0 0 0 0 0 0 0 0 0 0 2 0 2 0 2 1 0 0 57 0 0 0 0 0 0 0 0 0 0 0 0 0 0 0 0 0 0 0 
 0 0 0 3 0 0 0 0 0 9 1 0 0 0 54 0 0 0 2 0 0 0 1 0 0 1 0 0 0 0 0 0 0 0 0 2 0 0 0 0 95 252 85 140 237 72 44 36 243 245 130 71 333 234 0 377 234 316 48 313 2 0 0 0 0 0 6 18 0 0 0 0 12 22 0 0 0 9 10 0 0 0 0 0 0 0 0 0 0 0 0 0 0 0 0 0 0 0 0 0 0 0 0 0 0 0 0 0 0 0 0 0 0 0 0 0 0 0 0 0 14 28 22 0 17 25 0 18 8 11 46 33 0 14 13 0 23 3 0 0 3 10 7 7 0 0 3 9 4 3 0 0 0 0 0 5 0 13 0 13 0 0 0 0 0 2 0 0 0 0 0 0 2 0 0 11 0 0 0 0 0 0 0 0 0 0 0 0 0 0 0 0 0 0 0 0 0 0 0 0 0 10 40 43 10 0 0 0 0 4 15 23 14 3 11 0 0 33 0 0 0 0 0 0 0 0 0 3 21 0 0 0 24 0 13 0 7 7 43 53 0 0 9 0 0 0 0 0 0 0 0 3 0 1 0 0 0 0 0 12 0 0 2 0 43 4 0 66 0 0 0 0 0 0 0 0 0 0 0 0 0 0 11 0 4 30 0 0 1 0 
 0 2 0 3 0 0 0 0 0 3 0 0 0 4 0 0 0 0 1 0 0 13 0 0 0 63 0 0 0 0 0 0 0 0 3 2 0 0 0 0 66 142 167 113 227 137 19 305 103 86 161 239 76 136 377 0 245 36 90 277 27 0 0 0 0 52 9 6 0 0 0 0 0 0 0 0 0 6 0 0 0 0 0 0 0 0 0 0 0 0 0 0 0 0 0 0 0 0 0 0 0 0 0 0 0 13 0 0 0 0 0 0 0 0 0 0 0 0 0 0 8 0 0 12 3 0 20 0 28 17 15 22 0 0 62 25 23 29 0 0 0 0 1 1 0 0 1 1 0 9 0 0 33 32 0 0 0 0 0 2 0 0 0 0 0 23 0 0 0 0 0 5 1 0 0 0 0 0 0 0 0 0 0 0 0 0 0 0 0 0 0 0 0 0 0 0 0 0 0 0 0 9 0 42 56 40 0 0 0 50 21 15 0 9 30 0 26 15 0 0 27 0 0 0 0 0 0 0 0 0 0 0 0 20 0 0 0 0 4 11 0 0 45 0 0 0 1 0 0 0 0 0 0 0 0 0 0 0 0 24 0 0 0 0 0 1 0 32 2 0 0 0 0 0 0 0 0 0 0 0 0 0 0 0 43 3 0 9 0 0 
 0 0 0 0 0 0 0 0 0 0 0 0 0 1 0 0 0 0 0 0 0 30 3 0 0 0 2 0 0 0 0 2 0 0 0 0 0 0 0 0 29 604 44 350 110 109 102 93 150 46 88 121 117 41 234 245 0 134 37 142 1 6 0 52 0 9 14 2 0 0 0 0 0 0 50 4 0 5 0 0 0 0 0 0 0 0 0 0 0 0 0 0 11 0 0 3 0 0 0 0 0 0 0 0 0 0 0 0 0 0 0 0 0 0 0 0 0 0 0 0 12 11 0 6 12 20 1 6 14 14 27 21 16 8 19 6 23 0 0 0 0 1 0 1 0 0 0 0 0 1 0 0 11 0 0 0 0 0 0 0 0 0 0 0 0 8 0 0 0 0 0 0 0 0 0 0 0 0 0 0 0 0 0 0 0 0 0 0 0 0 0 0 0 0 0 0 0 0 0 0 7 17 14 23 25 1 0 0 0 35 22 17 7 39 23 0 14 14 0 0 0 0 0 11 8 0 0 0 0 0 0 0 11 0 0 0 0 0 19 0 0 0 44 0 0 0 0 0 0 0 0 4 0 0 0 0 0 0 1 5 0 0 0 1 72 0 0 4 0 0 24 0 0 0 0 0 0 0 0 0 0 0 0 0 3 19 0 0 0 0 
 0 0 0 0 62 2 2 0 0 0 1 0 0 0 0 0 0 0 0 0 0 1 0 0 4 2 0 0 0 0 1 0 0 0 0 0 0 0 0 0 110 170 31 131 55 45 36 232 142 295 63 161 321 101 316 36 134 0 37 31 31 2 12 0 0 3 27 6 2 2 8 8 0 0 3 7 0 5 16 56 0 0 0 0 0 0 0 0 0 0 0 0 0 0 0 0 0 0 0 0 0 0 0 0 0 0 0 0 0 0 0 0 0 0 0 0 0 0 15 0 14 0 0 14 0 7 41 20 8 0 26 1 21 23 9 2 0 0 0 0 0 7 22 6 0 0 9 0 1 0 0 1 6 45 9 0 3 27 0 0 0 0 0 0 0 0 0 7 0 0 0 0 0 0 0 0 0 0 0 0 0 0 0 0 0 0 0 0 0 0 0 0 0 0 0 0 0 15 0 0 8 1 16 24 14 0 1 7 0 5 19 2 15 4 0 3 0 21 0 9 9 0 20 0 0 0 6 0 0 6 6 0 0 10 10 0 0 0 10 22 0 0 0 0 0 0 0 0 0 0 0 2 0 1 0 0 0 0 0 0 0 0 2 70 2 3 2 0 0 0 17 0 0 0 0 0 0 0 0 0 0 0 0 0 0 0 0 0 0 0 
 0 0 0 0 0 0 2 0 0 2 0 0 2 0 1 3 4 0 2 0 2 3 2 65 27 4 6 2 66 107 64 94 2 2 2 2 2 127 2 2 186 40 117 292 62 288 161 292 396 75 39 43 186 366 48 90 37 37 0 97 4 1 5 0 3 0 5 16 1 0 12 5 0 0 3 5 0 0 2 2 0 0 0 0 0 0 0 0 0 0 0 0 0 0 2 0 0 0 0 0 0 0 0 0 7 0 0 0 1 0 11 0 0 0 0 0 0 0 0 0 0 0 17 0 0 0 0 8 0 4 0 9 9 0 4 1 9 0 5 17 0 0 0 0 0 0 0 0 0 10 0 1 0 0 9 0 12 4 0 0 0 0 0 0 0 3 0 0 0 0 0 5 0 0 0 0 0 0 0 0 0 0 0 11 24 7 0 5 62 8 12 12 0 0 0 2 14 0 0 0 8 0 0 0 14 6 7 18 0 1 0 19 14 30 6 9 20 0 9 1 0 0 10 5 0 0 6 0 0 12 6 0 0 7 0 0 0 0 0 0 0 0 0 0 0 0 0 0 0 0 0 6 0 0 0 0 0 71 0 1 0 0 2 0 1 0 4 0 0 0 5 0 0 0 0 0 0 0 0 10 0 0 0 0 0 0 0 0 0 0 
 5 2 2 5 2 2 31 2 2 2 2 2 2 2 2 5 2 2 2 2 1 6 8 61 82 0 0 8 0 0 3 1 0 2 7 5 0 0 0 0 56 97 36 215 77 471 53 448 405 318 64 94 149 119 313 277 142 31 97 0 1 0 0 0 0 0 0 0 0 60 0 0 0 0 0 0 49 0 0 0 0 0 0 0 0 0 0 0 0 0 0 0 0 0 0 0 0 0 0 0 3 11 0 0 6 1 0 6 0 0 3 0 0 0 0 2 0 11 1 0 23 0 0 1 0 34 8 31 0 58 13 0 11 42 1 25 12 0 12 1 0 0 1 0 0 0 0 0 0 0 0 0 0 0 0 8 0 0 0 0 0 0 0 0 0 0 0 0 0 0 0 0 0 0 0 0 0 0 0 0 0 0 0 7 3 10 0 1 0 0 2 0 0 0 1 8 11 0 0 0 25 18 8 0 15 0 29 8 12 30 16 22 18 4 4 6 15 26 4 24 0 0 0 0 0 0 0 0 0 0 0 0 0 0 0 0 0 0 2 0 0 0 3 0 0 0 0 0 0 0 0 2 0 0 0 0 0 1 6 0 0 0 1 0 35 12 2 0 0 0 9 0 0 0 0 0 0 0 0 0 0 0 0 0 0 0 0 0 0 0 
 0 0 1 1 0 0 0 0 1 3 2 1 3 0 1 0 0 0 10 0 3 1 1 0 2 2 1 2 2 2 4 0 2 2 0 1 1 2 1 1 1 2 2 2 2 2 2 2 30 2 2 1 2 1 2 27 1 31 4 1 0 140 136 33 31 57 409 155 155 100 259 82 66 102 61 114 40 34 90 63 0 0 0 0 0 0 0 0 6 0 0 0 0 13 0 0 0 0 0 3 0 0 0 0 0 3 0 0 0 0 0 0 0 0 0 0 0 0 0 0 0 0 0 0 1 1 0 1 0 0 0 0 0 0 0 0 0 0 0 0 29 2 2 10 7 1 1 3 2 1 2 12 2 1 14 18 20 55 7 1 5 0 0 0 5 0 6 0 0 0 0 0 3 0 0 0 0 0 0 0 0 0 0 0 0 0 0 0 0 0 0 0 0 0 0 0 0 0 0 0 0 0 0 0 0 0 0 0 0 0 0 0 0 0 0 0 0 0 0 0 16 1 40 2 7 20 45 24 1 26 22 2 10 20 26 15 12 32 3 1 2 0 0 0 0 0 0 0 0 0 0 0 0 0 1 0 0 0 0 0 0 0 0 0 0 0 0 1 0 0 12 0 53 2 6 1 0 0 0 0 0 0 0 0 0 0 0 0 2 0 
