 0 397 157 136 47 63 153 150 30 113 49 212 112 111 40 144 42 124 41 121 5 2 2 0 2 0 0 0 2 2 3 7 0 2 0 3 4 0 73 0 0 2 8 3 6 3 0 0 3 3 5 3 1 0 0 4 4 0 0 0 2 0 3 2 2 1 3 0 6 2 0 0 0 0 2 5 5 1 0 0 60 27 12 8 24 0 9 42 34 20 12 36 25 10 22 14 9 13 13 9 0 0 0 0 0 0 0 0 0 0 0 0 44 0 0 0 0 0 4 1 0 0 0 0 0 0 0 0 0 0 0 0 0 0 0 0 0 0 0 0 0 0 0 0 0 0 2 0 8 0 0 0 0 0 0 0 0 1 0 0 24 10 27 14 9 14 1 29 0 14 9 1 25 26 15 26 0 24 20 20 0 0 0 0 0 0 0 0 1 0 0 0 0 0 0 0 0 19 0 14 0 0 0 0 0 0 0 0 0 0 0 0 1 0 0 0 0 0 0 0 0 0 0 0 0 0 0 0 0 0 8 0 0 0 0 0 0 0 0 0 0 0 0 0 0 0 2 0 4 89 0 11 0 0 0 0 0 0 0 0 0 0 0 0 0 0 0 0 0 0 0 0 0 2 0 0 16 0 0 0 0 0 0 0 0 0 0 0 0 0 
 397 0 109 93 28 122 111 198 145 40 106 43 32 69 206 189 200 128 160 140 0 0 2 0 3 0 0 0 2 0 1 0 0 0 1 3 0 0 0 0 0 0 0 0 0 0 0 0 6 0 2 4 1 0 0 2 0 2 0 0 2 0 0 2 0 0 3 0 3 0 0 0 37 0 0 6 3 0 0 0 0 22 25 1 12 0 22 20 9 19 9 0 27 21 30 0 22 0 0 0 0 0 0 0 0 0 0 0 0 0 0 0 0 0 0 0 0 0 0 0 0 0 0 0 0 0 0 0 0 0 0 0 0 0 0 0 0 0 0 0 0 0 0 0 0 0 0 0 8 0 0 0 0 3 0 0 2 0 0 0 0 19 10 10 18 0 1 10 39 39 26 3 13 10 0 11 53 9 39 9 0 0 0 0 0 0 0 0 0 0 0 0 0 1 0 0 0 0 0 0 0 0 0 2 0 0 0 0 0 0 0 0 0 0 2 0 0 0 0 2 0 0 0 0 0 0 0 0 0 0 0 0 0 0 0 0 0 0 0 1 0 14 0 0 0 2 1 2 1 2 2 8 0 0 0 0 0 0 0 0 0 0 0 0 0 0 0 0 0 22 0 0 0 0 0 0 0 0 0 0 0 0 0 0 0 0 0 0 0 0 
 157 109 0 340 273 122 68 299 271 165 69 83 148 129 118 218 52 41 37 120 6 0 2 0 0 0 29 8 3 0 4 0 2 0 0 3 0 2 0 30 0 0 0 6 0 0 4 0 67 0 1 0 0 0 0 6 0 4 0 0 3 32 0 3 0 0 3 0 3 0 0 0 0 0 4 3 3 0 6 0 23 22 23 54 28 10 7 0 0 23 11 0 9 0 0 45 37 10 0 1 0 0 0 0 0 1 0 0 0 0 1 0 21 8 1 0 0 0 38 0 0 0 0 0 0 0 19 0 2 6 0 0 0 0 0 0 0 0 0 0 0 0 0 0 0 0 0 0 0 0 0 0 14 0 0 0 0 0 0 0 0 16 6 13 0 8 0 0 0 8 31 15 1 11 0 1 0 6 10 14 0 10 0 0 0 0 19 0 0 14 0 0 0 1 10 10 0 0 10 64 0 0 0 0 0 0 0 0 0 0 0 0 0 0 0 0 0 0 0 0 0 0 0 0 0 0 0 0 0 0 0 0 0 0 0 0 0 0 0 0 0 0 0 0 0 0 5 0 24 6 3 2 0 1 0 0 0 1 0 0 0 0 0 0 0 0 0 0 0 0 0 0 0 2 0 8 0 1 0 0 0 0 0 0 0 0 0 0 0 0 
 136 93 340 0 343 177 79 452 310 304 98 58 35 120 166 352 340 58 99 146 0 0 2 2 0 0 77 0 2 0 1 0 74 0 0 3 0 2 122 5 0 0 0 0 0 0 0 0 71 0 1 0 0 0 1 2 0 0 0 0 2 0 0 2 0 0 3 3 3 0 0 0 0 0 0 3 32 0 0 0 0 2 2 50 34 16 9 0 0 0 18 34 18 12 1 34 0 0 0 0 11 1 0 0 0 0 13 0 0 0 0 0 47 7 0 0 0 0 45 44 0 0 1 0 4 0 0 0 0 0 0 0 0 0 0 0 0 0 0 0 0 0 0 0 0 0 0 0 0 0 0 0 16 0 0 0 0 0 0 0 1 0 1 16 0 18 0 0 0 10 13 35 4 1 0 0 10 0 0 0 12 19 7 0 0 0 10 0 2 0 2 0 22 31 3 13 16 0 0 16 0 0 0 0 0 0 0 0 0 0 0 0 0 0 0 0 0 0 0 0 0 0 0 0 0 0 0 0 0 0 0 0 0 0 0 0 0 0 0 0 0 25 0 0 0 6 21 0 3 26 20 15 0 0 0 0 0 0 0 0 0 0 0 0 0 0 0 0 0 0 0 0 0 0 0 7 13 0 0 0 0 0 0 0 0 0 0 0 0 0 
 47 28 273 343 0 231 49 382 382 310 71 153 63 50 163 194 168 64 64 76 9 76 14 0 2 0 225 0 2 0 0 0 137 134 77 3 17 0 20 77 1 0 0 0 0 5 0 0 65 0 2 0 0 0 0 2 0 0 0 0 2 0 0 2 0 0 2 0 3 0 0 0 3 0 0 2 2 0 3 0 0 9 71 16 36 2 0 0 0 19 1 0 0 0 0 27 22 0 0 0 59 26 21 18 0 0 10 16 9 0 0 0 18 21 0 0 20 14 30 0 0 0 0 0 0 0 0 0 0 0 0 0 0 0 0 0 0 0 0 0 0 0 0 0 0 0 0 0 0 0 4 0 1 0 0 0 0 0 0 0 0 31 6 27 0 23 2 0 0 0 38 14 0 0 1 0 0 10 0 2 36 44 11 26 9 0 27 20 0 20 0 0 14 17 18 21 14 0 23 38 0 0 0 0 0 0 0 0 0 0 0 1 0 0 1 0 0 0 0 1 0 0 0 0 0 0 0 0 0 0 0 0 0 0 0 0 0 9 0 2 0 0 0 0 0 0 6 0 22 3 4 9 0 0 0 0 0 2 0 0 0 0 0 0 0 0 0 0 0 0 0 0 0 0 0 7 0 0 0 0 0 0 0 0 0 0 0 0 0 0 
 63 122 122 177 231 0 529 42 34 156 264 116 44 37 152 106 315 57 37 59 151 38 3 0 0 0 228 0 2 0 1 0 155 24 1 3 75 0 69 161 0 0 0 3 0 0 0 0 66 0 2 0 0 0 0 2 0 0 0 3 2 0 0 2 0 0 3 0 3 0 0 0 0 0 0 3 3 0 0 0 0 0 14 0 35 35 0 36 11 8 11 2 0 9 12 0 0 7 0 0 14 3 10 0 0 0 10 0 9 0 0 0 18 19 0 1 0 17 15 37 0 0 0 0 0 0 0 0 0 0 0 0 0 1 2 0 0 0 0 0 0 0 0 0 0 0 0 0 0 20 0 0 3 0 0 0 1 0 0 0 0 10 0 0 12 0 0 13 19 1 20 42 0 0 0 0 5 10 0 13 2 33 0 0 0 0 32 3 53 20 0 0 26 36 52 10 21 0 23 0 0 0 0 1 1 0 0 8 0 0 0 0 0 0 0 0 1 0 0 0 0 0 0 0 2 0 22 0 0 0 0 0 0 0 0 0 0 0 0 0 0 0 0 0 0 1 46 1 0 87 0 20 0 0 0 0 0 0 0 2 0 0 0 0 0 0 0 0 0 0 0 0 0 0 0 11 8 0 0 0 0 0 0 0 0 0 0 0 0 0 
 153 111 68 79 49 529 0 95 38 52 119 41 73 164 119 23 351 21 57 89 0 0 2 0 0 0 0 0 4 1 2 75 1 1 0 3 0 0 0 0 0 0 0 0 0 0 0 0 4 0 0 0 2 0 0 2 0 79 0 0 2 0 0 2 0 0 3 0 3 0 0 0 0 0 0 5 2 1 0 0 7 0 10 0 0 0 0 25 20 9 7 0 1 20 26 2 10 13 32 13 0 0 5 0 0 0 0 0 1 0 0 0 0 0 0 0 0 0 0 0 20 0 0 0 0 0 0 0 0 0 0 0 0 0 0 0 0 0 0 0 0 0 0 0 0 0 0 0 21 12 0 0 0 0 0 0 0 0 0 0 0 9 0 6 10 0 0 32 0 0 15 11 0 0 0 0 9 9 0 10 0 0 0 0 0 0 0 0 0 0 0 0 0 0 0 0 0 0 0 0 0 0 0 0 0 0 0 0 0 0 0 0 0 0 0 0 0 0 0 0 0 0 0 0 0 0 0 0 0 0 0 0 0 0 0 0 0 0 0 0 0 13 0 0 0 0 0 2 0 2 0 6 0 0 0 0 0 2 0 0 0 0 0 0 0 0 0 0 0 14 0 0 0 0 0 0 0 0 0 0 0 0 0 0 0 0 0 0 0 0 
 150 198 299 452 382 42 95 0 407 48 35 324 99 418 55 116 46 211 75 105 0 0 2 0 0 0 0 0 2 75 1 0 0 0 0 3 2 0 72 0 0 0 0 0 0 0 0 0 3 0 0 0 0 0 1 2 0 0 0 0 2 0 0 3 0 0 57 0 3 0 0 0 0 0 0 3 3 0 1 0 0 10 21 40 15 1 13 0 1 0 29 24 12 12 0 29 0 13 0 7 0 2 0 0 0 0 0 1 0 0 0 0 8 0 0 0 0 0 22 12 28 0 0 0 0 0 0 0 0 0 0 0 0 0 0 6 0 0 0 0 0 0 0 0 0 0 0 0 0 0 0 0 0 0 0 0 0 0 0 0 2 0 1 0 0 24 1 18 1 12 0 0 4 24 1 0 19 0 9 0 0 1 0 0 0 0 20 0 0 0 1 0 0 0 0 0 0 0 1 43 0 0 0 0 1 0 0 0 0 0 0 0 0 0 0 0 0 0 0 0 0 0 0 0 11 0 0 0 0 0 0 0 0 0 0 0 0 0 0 0 0 1 0 0 0 2 0 0 0 99 0 2 1 0 0 0 0 0 0 0 0 0 0 0 0 0 0 0 0 0 0 0 0 0 0 0 11 0 0 0 0 0 0 0 0 0 0 0 0 0 
 30 145 271 310 382 34 38 407 0 176 22 125 54 70 225 80 262 144 112 74 76 0 2 0 0 4 0 4 2 0 2 4 1 0 74 7 0 0 3 0 76 0 1 0 0 0 0 0 3 2 4 0 4 0 0 2 0 0 0 0 2 0 6 2 0 0 2 6 3 0 0 0 0 0 0 1 2 0 6 2 0 0 32 24 1 67 32 0 0 11 0 15 10 14 1 0 21 18 0 1 0 0 0 0 0 0 12 0 0 0 0 0 25 0 13 0 0 0 2 11 0 0 0 0 0 0 0 0 0 0 0 0 0 0 0 0 0 0 0 0 0 0 0 0 0 0 0 0 0 0 0 0 0 0 0 0 0 0 19 0 0 15 7 7 15 23 0 0 7 7 9 3 0 0 0 0 10 2 7 16 0 16 0 0 0 0 22 0 91 0 0 0 9 12 9 0 0 0 1 12 0 0 0 0 0 0 0 0 0 0 0 0 0 0 0 0 0 0 0 0 0 0 0 0 0 1 0 0 0 0 0 0 0 0 0 0 0 0 0 0 0 0 0 0 0 0 1 0 87 1 0 6 0 0 0 0 0 0 0 0 0 0 0 0 0 0 0 0 0 0 0 0 0 0 0 1 0 0 0 0 0 0 0 0 0 0 0 0 0 0 
 113 40 165 304 310 156 52 48 176 0 311 53 122 58 215 143 60 154 123 314 0 0 2 0 1 0 80 0 2 0 2 0 75 0 0 0 0 6 0 0 6 0 0 0 0 0 0 66 65 0 0 0 0 0 0 0 0 0 0 0 0 0 2 0 0 3 29 0 0 0 2 3 0 0 0 0 0 54 0 1 0 25 38 23 8 14 0 18 10 23 80 14 10 0 6 20 11 8 0 0 0 0 0 0 0 0 0 0 0 0 0 0 0 22 0 0 0 0 36 40 0 0 0 0 0 0 0 0 0 0 0 0 0 0 0 0 0 0 0 0 0 0 0 0 0 0 0 0 0 0 0 0 2 0 0 14 0 0 0 0 5 29 6 8 0 25 1 18 29 2 25 30 0 0 0 0 0 5 0 0 0 8 0 0 0 0 39 0 14 0 0 0 0 2 0 10 0 0 4 20 0 0 0 2 0 0 0 0 0 0 0 0 0 0 2 0 0 0 0 2 0 0 0 0 0 0 0 0 0 0 0 0 0 0 0 0 0 0 0 0 0 0 0 0 0 4 4 2 115 0 15 8 0 0 0 0 0 0 0 0 0 0 0 0 0 0 0 0 0 0 0 0 0 0 37 8 0 0 0 0 0 0 0 0 0 0 0 0 0 0 
 49 106 69 98 71 264 119 35 22 311 0 71 123 123 217 104 257 138 23 172 0 1 2 0 3 0 2 0 4 0 1 3 2 2 0 3 0 3 84 4 0 0 0 0 0 3 0 0 7 0 1 0 3 0 0 5 3 0 6 0 2 12 2 2 0 0 6 0 8 0 2 0 2 2 0 3 2 0 0 0 17 0 12 4 0 10 1 52 38 17 7 1 15 10 38 8 10 28 17 2 1 0 0 0 0 0 8 13 0 0 0 0 19 0 0 0 0 0 0 26 0 0 0 0 0 7 0 0 0 0 0 0 0 0 0 0 0 0 0 0 0 0 0 0 0 0 0 0 16 5 0 0 0 0 0 0 12 0 0 0 11 8 0 7 0 0 28 37 0 1 24 11 1 21 14 17 11 16 10 0 0 0 10 0 0 0 0 0 0 1 0 0 0 42 0 0 0 1 0 0 0 0 0 0 0 0 0 0 0 0 0 0 0 0 0 0 0 0 0 0 0 0 0 0 0 0 0 0 0 0 0 0 0 0 0 0 0 0 0 0 0 16 0 0 0 0 0 0 1 48 0 10 0 0 0 0 0 0 0 2 0 0 0 0 0 0 1 0 0 0 0 0 0 0 1 0 0 0 0 0 0 0 0 0 0 0 0 0 0 0 
 212 43 83 58 153 116 41 324 125 53 71 0 323 47 116 229 304 148 60 122 80 68 2 0 0 0 2 0 2 1 1 0 0 78 0 3 0 0 76 0 1 0 0 0 0 8 0 0 3 0 0 3 0 0 0 2 0 0 0 0 2 0 0 2 0 0 3 0 3 0 0 0 0 0 0 3 3 0 0 0 0 11 0 7 23 14 0 5 17 19 32 39 0 8 0 0 0 0 0 0 12 11 4 16 0 0 11 14 3 0 0 0 16 3 0 19 14 0 12 18 0 0 0 0 0 0 0 1 0 0 0 0 0 1 1 1 0 14 0 0 0 0 16 0 0 10 0 0 0 0 0 0 0 0 0 0 0 0 2 0 42 11 11 46 33 9 11 19 6 1 0 14 0 0 11 16 5 0 0 0 0 20 0 9 0 0 0 7 14 0 0 9 3 0 0 0 1 0 24 29 0 0 0 0 0 0 0 0 0 0 0 0 0 0 0 0 0 2 0 0 1 0 0 0 0 0 0 0 0 2 0 1 0 0 0 15 0 0 0 0 0 0 0 0 0 5 96 2 0 2 0 3 22 0 0 0 0 0 0 0 51 0 14 0 0 0 0 0 0 0 0 0 0 0 0 0 16 4 0 0 0 0 0 0 0 0 0 0 0 2 
 112 32 148 35 63 44 73 99 54 122 123 323 0 165 142 37 121 99 173 61 0 0 2 0 0 2 0 0 2 0 0 0 0 2 0 3 0 0 0 0 4 0 0 0 0 0 6 0 3 0 1 0 62 0 0 2 0 0 0 0 2 0 0 2 0 0 3 0 3 0 0 0 4 0 0 3 2 0 0 0 14 0 0 0 17 0 0 7 10 16 12 2 17 7 64 0 8 0 31 0 0 0 0 0 0 0 0 2 0 0 0 0 0 0 0 0 0 0 0 0 0 0 0 0 0 0 0 0 0 0 0 0 0 0 0 0 0 0 0 0 0 0 0 0 0 0 0 0 0 0 0 0 0 2 0 0 0 0 4 0 9 0 14 0 0 0 0 10 0 0 0 0 0 14 27 17 1 0 0 5 0 0 0 0 0 1 0 0 0 0 0 0 0 0 0 0 0 0 0 0 0 0 0 0 0 0 0 0 0 0 0 0 0 0 0 0 0 0 0 0 0 0 0 0 0 10 0 0 0 0 0 0 0 0 0 0 0 0 0 0 0 0 0 0 0 0 0 0 2 1 0 9 0 0 0 0 0 0 0 0 0 0 27 0 0 0 0 0 0 0 0 0 0 0 0 0 0 0 0 0 0 0 0 0 0 0 0 0 0 0 
 111 69 129 120 50 37 164 418 70 58 123 47 165 0 259 126 119 83 433 195 6 0 2 0 1 2 0 0 2 1 3 0 0 0 0 3 0 0 0 0 0 0 0 0 0 0 0 0 15 0 2 0 2 17 0 2 0 0 0 0 3 0 0 3 0 0 3 0 3 0 1 0 0 0 0 3 3 0 2 0 10 0 2 12 8 0 36 12 12 0 22 0 0 3 11 12 14 0 0 41 0 0 0 0 0 0 0 0 0 0 0 0 0 0 0 0 0 2 0 0 0 0 0 0 0 0 0 0 0 0 1 0 0 0 0 4 0 0 0 0 0 2 0 0 0 1 0 0 22 6 0 0 0 0 0 14 0 0 0 0 0 22 0 12 0 0 32 8 0 2 22 0 0 0 0 0 10 1 87 1 2 0 1 0 0 0 0 0 0 0 0 1 0 10 0 0 0 0 0 12 0 0 0 0 0 0 0 0 0 0 0 0 0 0 0 0 0 0 34 0 0 0 0 0 0 0 0 5 0 0 0 0 0 0 0 0 0 0 0 0 0 16 0 0 0 2 0 0 0 3 2 19 0 0 0 0 0 0 0 0 0 0 0 0 0 0 0 0 0 1 0 0 0 0 0 0 0 0 0 0 0 0 0 0 0 0 0 0 0 0 
 40 206 118 166 163 152 119 55 225 215 217 116 142 259 0 209 266 215 362 125 0 0 2 0 0 11 23 2 4 2 2 0 0 0 1 3 0 0 0 0 0 0 0 0 0 0 0 2 15 0 2 2 1 0 0 2 39 0 0 0 47 0 3 2 0 0 2 5 5 0 0 0 0 0 3 2 2 0 0 0 0 10 85 23 8 0 2 8 13 52 12 0 11 34 44 25 36 0 0 12 0 1 0 0 0 0 0 8 0 0 0 0 16 0 0 0 0 2 0 0 0 0 0 0 0 0 0 0 0 0 0 0 0 0 0 0 0 0 0 0 0 0 0 0 0 0 0 0 8 2 0 0 0 1 0 0 0 0 0 0 1 48 8 24 0 0 10 20 0 7 31 13 0 1 0 38 22 10 23 46 0 0 0 0 0 0 0 0 0 0 2 0 0 0 0 22 0 0 0 0 0 0 0 0 0 0 0 0 0 1 0 0 0 0 0 0 0 0 0 0 0 0 0 0 0 0 0 0 0 0 0 0 0 0 0 0 0 0 0 0 0 12 0 0 0 0 0 2 72 2 2 16 0 0 2 0 0 0 0 0 0 0 0 0 0 35 0 0 0 0 0 0 0 0 0 0 0 0 0 0 0 0 0 0 0 0 0 0 0 0 
 144 189 218 352 194 106 23 116 80 143 104 229 37 126 209 0 84 61 181 76 0 0 5 0 2 0 2 0 2 3 4 0 2 0 0 3 0 0 75 2 41 0 0 0 0 4 0 2 3 90 7 6 1 0 0 2 0 0 0 4 2 0 5 5 0 0 3 0 3 0 0 2 0 0 6 8 6 0 0 0 6 26 2 17 97 36 31 8 12 37 24 25 11 0 14 49 12 22 0 0 20 0 0 0 0 0 0 0 2 0 0 2 14 0 13 0 0 0 1 0 0 0 0 0 0 0 0 18 0 0 0 0 0 1 0 1 0 14 0 0 0 0 0 0 0 0 0 0 11 0 0 0 0 0 0 2 0 0 2 0 16 22 41 14 37 13 9 0 2 34 10 25 24 5 12 24 0 10 12 0 0 0 0 0 0 0 14 0 23 0 0 0 9 11 17 0 1 0 1 19 0 0 0 0 0 0 0 0 0 0 0 0 0 0 0 0 0 4 0 0 1 0 0 0 0 0 0 0 0 2 0 3 0 0 0 0 0 0 0 0 0 0 0 0 0 2 1 0 99 88 16 10 14 0 0 0 0 0 2 0 0 0 0 0 0 0 0 2 0 0 0 0 0 0 0 14 33 1 0 0 0 0 0 0 0 0 0 0 0 2 
 42 200 52 340 168 315 351 46 262 60 257 304 121 119 266 84 0 483 264 122 1 1 2 0 0 0 41 0 2 0 3 0 7 1 0 3 1 0 0 27 0 0 0 0 0 0 0 0 6 0 2 0 0 0 0 2 0 2 0 0 2 0 0 2 0 0 2 0 3 0 0 0 0 2 0 2 2 0 0 0 12 0 28 7 3 10 8 13 29 0 0 0 14 35 25 21 0 38 0 0 0 0 0 0 0 0 10 2 0 0 0 0 1 2 0 0 0 0 19 11 0 0 0 0 0 0 0 0 0 0 0 0 0 0 0 0 0 0 0 0 0 0 0 0 0 0 0 0 0 0 0 3 0 0 0 2 0 0 0 0 13 9 0 9 0 0 1 60 0 10 27 12 0 22 14 7 15 18 0 0 0 0 0 0 13 0 34 0 0 0 0 0 0 0 18 0 0 0 15 19 0 0 0 1 0 0 0 0 0 0 0 2 0 0 2 0 0 0 0 2 0 0 0 0 0 0 0 0 0 0 0 0 0 0 0 0 0 0 0 0 0 13 0 0 0 0 1 0 1 1 0 2 0 0 0 0 0 0 0 0 0 0 0 0 0 0 0 0 0 0 0 0 0 0 0 0 0 0 0 0 0 0 0 0 0 0 0 0 0 0 
 124 128 41 58 64 57 21 211 144 154 138 148 99 83 215 61 483 0 238 190 0 0 2 0 1 0 0 0 2 0 1 0 0 0 0 3 0 0 0 0 0 0 0 0 0 0 0 0 10 0 2 0 0 0 0 2 0 0 0 0 3 0 0 3 0 0 3 2 3 0 0 0 0 0 0 3 3 0 2 0 16 0 23 20 0 0 33 11 12 14 22 14 30 67 31 11 24 14 0 0 0 0 0 0 0 0 10 0 0 0 0 0 0 0 0 0 0 0 0 13 0 0 0 0 0 0 0 0 0 0 0 0 0 0 0 0 0 0 0 0 0 0 0 0 0 0 0 0 0 0 0 0 0 0 0 0 0 0 0 0 37 0 0 17 0 0 0 13 40 7 45 1 16 25 11 6 51 1 0 7 0 1 0 0 0 0 0 0 0 19 0 0 0 1 0 7 3 0 0 10 0 0 0 0 0 0 0 0 0 0 0 0 0 0 0 0 0 0 0 0 0 0 0 0 0 2 0 0 0 0 0 0 0 0 0 0 0 0 16 0 0 14 0 0 0 0 1 0 0 2 1 10 0 2 0 0 0 1 0 0 0 0 0 0 0 0 0 0 0 0 0 1 0 0 0 21 0 6 0 0 0 0 0 0 0 0 0 0 0 0 
 41 160 37 99 64 37 57 75 112 123 23 60 173 433 362 181 264 238 0 209 5 0 2 0 2 1 0 0 2 0 1 0 0 0 0 3 0 0 0 0 0 0 0 0 0 9 0 0 3 0 0 0 1 0 0 2 0 1 0 0 2 0 0 3 0 31 3 0 3 9 0 0 0 0 0 3 3 0 1 0 10 8 15 16 0 0 21 0 49 15 9 0 19 0 28 0 0 0 0 9 0 0 0 1 0 0 0 0 0 0 0 0 0 0 0 0 0 1 0 0 0 0 0 0 0 0 0 0 0 0 2 0 0 0 0 0 0 0 0 0 0 0 0 0 0 5 0 0 8 0 0 0 0 0 0 0 0 0 0 0 0 0 20 0 43 0 7 1 13 19 8 14 19 22 10 25 14 9 14 0 0 0 0 0 0 0 0 0 0 0 0 0 2 0 0 0 0 0 0 0 0 0 0 0 0 0 0 0 0 0 0 0 0 0 0 0 0 0 0 0 0 0 0 0 0 0 2 0 0 0 0 0 0 0 0 0 0 0 0 0 0 0 0 0 0 0 0 0 1 1 2 8 31 0 0 0 0 0 0 0 0 0 0 0 0 0 0 0 0 0 0 0 0 0 0 8 0 0 0 0 0 0 0 0 0 0 0 0 0 0 
 121 140 120 146 76 59 89 105 74 314 172 122 61 195 125 76 122 190 209 0 0 2 2 2 6 0 0 74 2 203 0 6 0 0 1 5 122 0 0 0 0 2 3 0 0 0 2 0 6 0 7 0 0 4 0 2 0 0 19 6 2 5 0 2 2 1 2 5 8 2 0 4 7 0 0 2 2 0 0 2 37 19 1 27 1 12 26 18 14 0 12 30 10 76 14 10 24 4 15 17 0 0 0 0 0 0 0 0 0 0 0 0 0 0 0 0 0 0 0 0 0 0 0 0 0 0 0 0 0 0 0 2 0 0 0 0 0 0 0 0 0 0 0 0 0 0 0 2 0 0 0 0 0 1 0 0 1 0 0 0 15 10 14 0 9 0 0 13 21 37 14 0 7 18 0 0 24 7 0 45 0 0 0 0 0 0 21 0 0 0 0 0 0 0 0 0 0 0 0 0 0 1 0 0 2 0 0 0 0 0 0 0 0 0 0 0 2 0 0 0 0 0 0 0 49 0 0 0 0 0 0 0 0 0 0 0 0 0 0 0 0 1 0 0 0 2 0 0 3 2 0 13 0 0 2 0 0 0 0 0 0 0 0 0 0 0 0 0 0 0 0 0 0 0 0 20 0 7 0 0 0 0 0 0 0 0 0 0 0 0 
 5 0 6 0 9 151 0 0 76 0 0 80 0 6 0 0 1 0 5 0 0 465 48 132 140 184 65 140 113 124 61 28 153 271 277 101 33 206 43 98 2 0 2 3 1 1 0 0 2 0 3 0 0 0 0 0 0 2 0 0 45 0 4 0 0 10 0 0 3 0 4 6 12 3 2 3 0 4 2 3 0 0 0 0 0 10 0 0 0 0 0 0 0 0 1 0 0 18 0 0 40 26 26 0 0 31 34 38 19 11 13 0 0 45 0 3 43 96 22 14 1 0 0 0 0 0 0 0 0 0 0 0 0 0 0 0 1 0 0 0 0 0 0 0 0 0 0 0 1 0 0 0 0 0 0 0 0 0 0 0 0 0 0 0 13 0 17 0 0 0 0 0 0 0 0 0 0 0 0 0 3 21 22 0 0 0 4 4 25 5 36 9 8 18 40 15 0 19 2 1 1 0 0 0 0 0 0 0 0 0 0 0 12 0 32 0 1 0 2 0 0 0 0 0 0 0 0 0 0 0 0 0 0 0 0 0 0 0 0 14 0 0 0 0 0 0 0 0 0 0 0 0 0 0 8 0 0 2 0 0 2 0 0 0 0 0 24 0 0 0 0 0 0 0 0 0 18 0 0 0 0 7 0 0 0 0 0 0 0 2 
 2 0 0 0 76 38 0 0 0 0 1 68 0 0 0 0 1 0 0 2 465 0 187 68 314 132 88 87 148 327 101 47 115 290 364 187 49 37 122 126 1 0 0 3 0 53 62 0 0 0 3 0 0 0 0 0 0 2 0 0 0 0 0 0 1 3 0 2 3 50 0 28 5 3 1 3 0 0 0 3 0 0 0 12 18 0 0 0 1 0 0 20 0 0 0 0 0 0 0 0 11 13 1 44 0 44 24 28 4 25 15 0 21 10 8 33 55 19 14 13 0 0 0 0 13 0 0 0 0 0 0 0 0 20 0 0 0 0 9 0 0 0 0 0 0 0 0 0 2 0 0 0 0 0 1 0 0 0 0 0 5 0 0 0 12 5 0 0 0 1 0 0 0 0 0 8 0 0 0 0 0 18 13 5 0 0 8 19 15 7 35 21 1 0 26 13 0 7 29 23 8 0 0 0 0 0 15 0 0 0 0 0 9 2 0 0 0 0 0 19 0 0 0 0 0 0 0 0 0 0 0 5 0 0 0 0 0 0 0 0 0 0 0 0 0 0 87 0 0 0 0 0 0 0 12 0 0 0 15 1 2 2 16 0 0 0 15 0 0 0 0 0 0 0 0 0 17 0 0 0 0 0 0 0 7 0 0 0 0 0 
 2 2 2 2 14 3 2 2 2 2 2 2 2 2 2 5 2 2 2 2 48 187 0 203 268 269 84 363 172 445 414 24 304 219 243 142 349 155 31 237 0 0 0 3 0 0 0 56 0 0 4 3 0 0 0 0 0 2 0 2 0 4 0 0 0 0 0 2 3 0 0 1 0 3 13 3 0 0 0 4 0 0 0 0 0 0 0 0 0 0 0 0 0 0 7 0 0 0 0 0 10 11 30 34 41 0 11 1 0 20 27 25 0 34 10 22 22 11 13 0 1 0 1 0 0 0 14 0 0 0 0 0 1 24 9 0 0 0 0 2 0 0 0 0 0 0 0 0 1 0 0 0 0 0 17 0 0 0 0 0 0 3 0 0 0 20 0 0 0 0 0 0 0 0 9 0 0 0 0 0 13 20 0 3 20 24 2 25 49 6 29 0 49 0 10 0 64 26 9 0 9 0 0 0 0 0 7 0 0 0 0 0 10 1 0 0 0 0 39 14 0 0 0 0 0 0 0 0 0 0 0 0 0 0 0 0 0 0 0 0 0 0 0 0 0 0 0 0 0 0 0 0 0 0 6 2 0 0 82 3 13 0 0 0 0 0 0 0 0 0 0 0 0 0 0 0 0 0 0 0 0 0 0 0 0 0 0 0 0 12 
 0 0 0 2 0 0 0 0 0 0 0 0 0 0 0 0 0 0 0 2 132 68 203 0 190 200 152 156 85 145 55 133 428 233 58 192 48 386 106 249 70 0 0 4 0 0 1 30 0 0 4 0 0 0 1 0 2 2 1 61 0 1 0 0 0 0 0 3 3 0 0 0 0 53 2 3 0 0 0 3 0 0 0 0 0 0 0 0 0 0 0 0 0 7 0 0 0 0 2 0 19 0 20 5 13 14 9 0 1 10 19 19 0 37 8 0 1 0 13 0 0 0 32 0 0 0 0 1 0 0 0 0 13 0 25 0 11 0 22 0 0 0 0 0 0 0 0 0 0 0 0 0 0 0 0 0 0 0 0 1 3 1 0 2 0 0 0 13 2 0 0 0 0 0 2 4 0 0 0 0 9 33 10 27 14 14 0 0 0 11 32 22 20 0 0 32 0 9 14 0 0 7 0 27 0 0 1 0 0 0 0 0 13 13 0 16 0 1 27 13 0 0 0 0 0 0 0 0 0 0 2 0 0 0 0 0 0 0 0 1 0 0 0 0 0 0 0 0 0 0 0 0 0 0 5 0 2 76 0 0 15 11 70 0 0 0 0 0 0 0 0 0 0 0 0 0 0 0 0 0 0 14 0 0 2 0 0 0 0 0 
 2 3 0 0 2 0 0 0 0 1 3 0 0 1 0 2 0 1 2 6 140 314 268 190 0 297 47 370 264 94 175 299 251 175 152 330 312 77 61 165 0 1 0 3 0 0 0 1 0 0 3 0 0 0 0 0 0 2 0 3 0 0 0 0 0 11 0 0 3 0 0 0 3 3 2 3 0 0 0 3 1 0 2 0 0 0 0 0 0 0 0 0 0 0 4 0 0 0 0 0 1 11 16 1 2 29 0 15 1 27 20 36 0 0 4 9 6 0 0 0 0 14 0 0 0 0 0 0 0 0 0 0 0 0 0 0 0 0 32 17 0 0 0 0 0 0 0 0 1 0 0 0 0 0 3 0 0 0 0 0 11 0 0 0 0 0 0 0 0 0 0 0 0 0 0 0 0 26 0 0 0 0 2 16 45 28 0 0 34 19 0 29 0 0 0 38 7 0 0 0 1 17 0 0 0 0 0 2 0 0 2 0 29 18 0 52 2 1 10 20 0 0 0 0 0 44 0 0 0 0 0 0 0 0 0 10 0 0 0 0 0 0 14 0 0 0 0 0 0 0 0 0 0 0 3 2 1 1 5 3 2 1 0 0 0 0 15 0 0 0 0 0 0 0 0 0 0 0 0 0 0 0 0 0 1 0 0 0 0 0 
 0 0 0 0 0 0 0 0 4 0 0 0 2 2 11 0 0 0 1 0 184 132 269 200 297 0 31 36 143 126 194 135 270 62 129 188 74 439 31 59 0 0 61 3 0 0 1 72 0 0 2 2 14 64 0 1 8 2 63 73 6 0 3 0 0 6 0 1 3 0 0 0 0 3 6 4 26 0 0 1 0 0 0 0 0 0 0 0 0 0 0 0 0 0 0 0 0 0 0 0 0 0 0 17 0 9 0 0 12 1 25 0 0 0 8 12 0 18 0 0 0 0 10 1 1 0 2 5 0 0 1 0 15 15 13 13 6 2 61 0 0 0 1 2 0 0 0 0 2 0 0 1 0 0 0 0 5 0 0 0 5 0 0 0 0 0 5 0 0 0 0 0 0 0 0 3 0 0 0 0 0 0 10 0 15 33 0 0 1 7 11 43 0 0 0 14 20 0 0 0 23 18 0 9 0 0 13 1 0 0 0 0 27 48 18 2 0 22 17 19 0 0 0 0 0 0 0 0 0 0 0 0 0 0 0 0 0 1 0 0 0 0 9 0 0 2 0 0 0 0 0 0 0 0 8 0 0 6 76 0 4 11 0 1 0 0 0 0 0 0 0 0 0 0 0 0 0 0 0 0 0 3 0 0 0 0 0 0 0 0 
 0 0 29 77 225 228 0 0 0 80 2 2 0 0 23 2 41 0 0 0 65 88 84 152 47 31 0 170 38 134 113 21 203 303 31 63 220 26 188 112 0 0 0 0 0 1 0 0 3 0 0 0 0 0 0 0 0 0 0 1 0 0 0 0 0 0 51 0 0 0 0 0 0 0 0 0 0 0 0 0 0 0 0 0 17 19 0 0 2 0 0 0 0 0 0 10 2 21 0 0 37 21 7 26 1 10 42 23 13 0 17 0 19 15 8 1 12 23 19 0 0 0 0 0 0 0 0 0 0 0 0 0 0 0 0 0 0 0 0 0 0 0 0 0 0 0 0 0 1 0 0 0 0 0 0 0 0 0 0 0 15 0 0 0 0 0 0 0 0 2 18 1 0 0 0 0 0 10 0 16 20 23 19 0 0 0 30 12 0 2 12 0 34 26 20 20 32 18 16 21 0 0 0 0 0 0 7 0 0 0 0 0 0 0 0 0 0 0 0 0 0 0 0 0 0 0 0 0 0 0 0 0 0 0 0 0 0 0 0 0 0 0 0 0 0 0 75 0 0 0 0 0 0 0 13 0 1 3 0 0 0 2 0 0 0 0 0 0 0 0 0 0 0 0 0 0 0 0 0 1 0 8 0 0 0 10 0 0 0 0 
 0 0 8 0 0 0 0 0 4 0 0 0 0 0 2 0 0 0 0 74 140 87 363 156 370 36 170 0 100 56 28 42 272 197 193 209 324 35 128 225 0 1 0 2 0 0 0 0 1 0 3 0 0 0 0 0 62 3 0 0 0 1 0 0 0 3 0 3 46 0 0 0 4 3 0 3 0 0 0 3 0 0 0 0 0 0 0 0 0 1 0 0 0 0 0 0 0 0 0 0 12 10 7 23 31 34 12 29 20 10 9 60 13 3 38 8 48 13 17 0 0 0 0 0 2 0 0 0 0 0 2 0 0 0 0 0 12 0 0 14 0 0 0 1 0 0 0 0 2 0 0 0 0 0 0 0 0 0 2 0 0 3 0 0 0 0 0 0 0 0 0 0 0 0 12 0 2 0 0 0 19 2 20 21 26 0 7 42 9 12 28 16 47 0 0 20 13 10 10 14 0 0 0 0 0 2 15 0 0 0 0 0 12 0 0 0 0 0 14 0 0 0 0 0 9 0 0 0 0 0 0 0 0 0 0 0 7 0 0 0 0 0 0 0 0 0 0 0 0 0 0 0 0 0 2 0 2 77 0 0 13 2 0 0 0 0 13 0 0 0 0 0 0 0 0 0 0 0 0 16 0 13 0 0 0 16 0 0 0 0 
 2 2 3 2 2 2 4 2 2 2 4 2 2 2 4 2 2 2 2 2 113 148 172 85 264 143 38 100 0 179 279 314 92 326 309 425 220 124 66 363 0 3 2 6 2 0 2 0 4 0 2 3 68 2 0 0 0 6 0 66 0 1 0 4 0 0 0 9 5 0 0 0 3 3 1 3 2 0 0 3 0 0 0 20 0 0 0 0 0 0 0 0 0 0 0 0 0 0 0 0 17 0 0 12 0 31 20 0 38 10 61 20 15 0 11 9 37 13 0 0 0 0 0 15 0 0 17 0 0 0 0 0 20 28 14 0 0 0 14 0 0 0 5 0 0 0 0 0 2 0 3 0 0 0 0 0 0 0 0 0 5 0 0 0 0 0 0 0 0 0 0 0 0 0 0 3 0 1 0 0 0 0 30 0 12 15 9 9 0 37 41 16 0 0 1 14 14 0 0 0 0 0 0 0 0 0 4 0 1 0 0 0 37 0 1 16 0 0 0 27 0 0 0 0 0 0 0 0 0 0 0 0 0 12 0 22 0 0 0 0 0 0 13 0 0 0 0 1 0 0 0 0 0 0 0 0 1 5 76 2 3 2 0 0 0 0 0 0 0 0 0 0 0 0 0 0 0 0 0 0 0 0 0 0 0 0 13 0 0 0 
 2 0 0 0 0 0 1 75 0 0 0 1 0 1 2 3 0 0 0 203 124 327 445 145 94 126 134 56 179 0 155 107 147 279 88 220 61 33 139 277 2 0 1 3 0 0 88 0 63 0 3 0 0 0 0 0 0 2 0 9 0 0 2 0 0 3 0 0 3 0 2 3 0 3 4 5 0 2 0 2 0 0 0 0 0 0 0 0 0 0 31 1 0 0 2 0 0 0 0 0 0 0 15 47 13 36 17 8 15 33 11 8 0 26 15 9 14 31 1 0 17 0 21 0 0 0 0 9 0 0 0 0 0 18 0 15 3 0 0 0 0 0 0 0 0 0 0 0 2 0 0 3 0 0 0 0 0 7 0 0 0 0 0 0 0 0 0 0 0 38 0 0 0 0 0 6 0 0 0 0 0 14 32 27 7 12 9 20 1 30 51 19 8 0 13 10 16 31 0 14 24 0 0 0 19 0 15 0 0 0 0 0 1 0 0 0 1 0 0 7 0 0 0 0 0 0 0 0 0 0 0 0 0 0 0 0 0 0 0 0 0 0 15 0 0 0 0 0 0 0 0 0 0 0 10 0 0 78 152 1 0 2 0 0 0 0 0 0 0 0 0 0 0 0 0 0 0 0 0 13 0 0 0 0 0 11 0 0 0 2 
 3 1 4 1 0 1 2 1 2 2 1 1 0 3 2 4 3 1 1 0 61 101 414 55 175 194 113 28 279 155 0 137 53 41 137 282 216 411 43 154 0 61 0 3 3 3 63 65 0 0 2 4 65 0 0 1 0 2 122 81 0 0 0 0 0 0 2 0 3 0 0 1 0 3 2 3 0 0 2 6 0 0 0 0 0 0 0 0 0 0 0 0 0 0 2 0 0 0 0 0 0 2 14 15 15 8 0 1 0 42 21 44 0 1 18 0 0 23 1 0 11 14 0 0 0 0 11 1 0 18 0 0 17 2 17 12 2 0 15 35 0 0 0 0 0 0 0 0 8 0 0 0 0 0 0 0 0 0 0 0 4 0 0 0 0 1 0 0 0 0 0 0 0 0 0 4 0 0 0 0 0 0 20 17 67 7 0 10 0 0 21 23 0 0 1 14 82 21 0 0 0 3 0 0 0 0 4 10 7 1 0 0 16 0 10 13 13 20 0 64 0 0 0 0 0 0 0 0 0 0 0 0 0 0 0 0 0 0 0 0 0 0 0 0 0 2 0 0 0 1 0 0 0 0 14 0 2 114 119 1 4 0 0 0 0 0 1 0 0 0 0 0 0 0 0 0 0 0 0 0 0 10 0 0 0 13 12 0 0 2 
 7 0 0 0 0 0 75 0 4 0 3 0 0 0 0 0 0 0 0 6 28 47 24 133 299 135 21 42 314 107 137 0 42 444 99 137 371 108 85 54 4 0 0 3 0 0 7 0 75 27 2 0 95 74 0 0 0 5 131 135 0 0 0 0 0 0 2 3 3 0 0 0 4 3 2 3 7 0 0 2 0 0 0 0 0 0 0 1 0 0 0 0 0 0 0 0 0 0 0 0 0 54 8 1 34 0 0 6 2 11 18 26 0 0 0 9 0 14 0 1 26 0 17 0 0 2 9 37 0 0 0 0 0 9 16 1 13 1 24 18 0 0 0 0 0 0 0 23 7 0 0 0 0 0 4 0 0 0 0 0 0 0 0 0 0 0 0 0 0 1 0 0 0 0 0 0 0 0 0 0 0 0 0 23 40 50 0 0 0 26 0 20 0 0 0 0 12 0 0 0 21 29 12 2 0 0 0 16 12 1 0 0 26 0 0 20 0 21 2 8 0 0 0 0 0 0 0 0 0 2 0 0 0 0 0 0 0 0 0 0 0 0 20 0 0 0 0 0 0 0 0 0 0 2 23 2 0 5 4 0 4 1 0 0 0 0 0 0 0 0 0 0 0 0 0 0 0 2 0 0 0 0 0 0 0 0 14 0 0 0 
 0 0 2 74 137 155 1 0 1 75 2 0 0 0 0 2 7 0 0 0 153 115 304 428 251 270 203 272 92 147 53 42 0 219 127 121 307 258 219 161 0 0 0 3 0 1 0 0 1 0 7 0 0 0 0 0 0 2 0 0 0 0 0 0 0 0 52 1 3 0 39 3 5 4 2 3 0 0 0 2 0 0 0 0 9 0 0 0 2 0 0 0 0 0 0 6 2 0 0 0 21 19 13 60 66 33 0 54 13 1 12 0 12 18 11 9 19 29 0 0 0 0 0 0 0 0 0 0 0 0 0 0 0 0 0 0 0 0 0 0 0 0 6 0 0 0 0 0 1 0 0 0 0 0 0 0 0 0 0 0 9 4 0 0 0 0 0 0 0 2 0 0 0 0 1 0 0 0 0 0 59 19 8 9 1 0 7 69 0 18 33 4 26 32 0 24 20 10 8 18 0 0 0 0 0 1 0 0 0 0 0 0 21 0 0 0 0 0 0 0 0 0 0 0 0 0 0 0 0 0 0 0 0 0 0 0 0 0 0 0 0 0 0 0 0 0 73 0 0 0 0 0 0 0 14 2 2 77 0 2 3 2 0 0 0 0 0 0 0 0 0 0 0 0 0 0 0 0 0 19 0 9 0 0 0 14 0 0 0 0 
 2 0 0 0 134 24 1 0 0 0 2 78 2 0 0 0 1 0 0 0 271 290 219 233 175 62 303 197 326 279 41 444 219 0 125 116 132 75 74 340 1 0 0 3 0 12 0 0 0 0 4 0 1 0 0 0 0 2 0 0 0 0 0 0 0 0 0 29 3 0 2 0 5 3 1 3 0 0 3 3 0 0 0 0 0 9 0 0 0 0 0 0 0 0 0 0 0 0 0 0 14 23 10 44 0 33 26 14 19 12 25 0 0 70 21 2 35 59 0 0 1 0 0 0 0 0 6 5 0 0 0 2 0 0 0 0 0 0 0 0 0 0 0 0 0 0 0 0 2 0 0 0 0 0 1 0 0 0 0 0 0 0 0 0 0 7 0 0 0 0 2 0 0 0 0 0 0 0 0 0 10 30 43 11 0 0 17 18 0 47 79 0 14 4 10 60 1 34 0 25 0 0 1 2 0 0 4 0 0 0 0 0 8 0 0 0 0 0 0 0 0 0 0 0 0 0 10 0 0 2 14 0 0 0 0 0 0 0 0 0 0 0 0 0 0 0 0 0 0 0 0 0 0 0 12 2 3 1 0 2 0 1 0 2 0 0 0 0 0 0 0 0 0 0 0 0 0 0 0 0 0 0 0 0 0 0 0 0 0 0 
 0 1 0 0 77 1 0 0 74 0 0 0 0 0 1 0 0 0 0 1 277 364 243 58 152 129 31 193 309 88 137 99 127 125 0 166 179 170 143 179 0 0 0 2 0 0 0 0 1 0 3 0 0 0 0 59 0 4 0 3 0 1 0 0 0 12 0 3 4 0 0 0 7 3 0 3 1 0 0 3 0 0 0 0 0 2 0 0 0 0 0 0 0 0 0 0 0 0 0 0 6 15 30 22 23 12 14 10 35 13 12 8 0 19 46 17 43 29 11 1 12 0 0 2 0 0 0 0 0 0 0 0 26 0 0 0 0 0 43 0 0 0 0 0 0 0 0 0 2 0 0 0 1 0 0 0 0 0 0 0 0 11 0 0 0 0 0 0 0 0 0 2 0 0 27 0 0 0 1 0 8 2 15 11 26 14 13 18 24 74 17 0 12 18 29 21 51 39 40 29 0 0 0 0 0 0 0 0 0 0 0 0 1 10 0 0 0 8 15 7 0 0 0 1 0 0 0 0 0 0 0 0 0 0 0 0 0 0 0 0 0 0 13 0 0 0 0 0 0 0 0 0 0 0 5 0 2 76 81 2 0 0 0 0 0 0 23 0 0 0 0 0 0 0 0 0 5 0 0 51 0 0 0 0 0 0 0 0 0 0 
 3 3 3 3 3 3 3 3 7 0 3 3 3 3 3 3 3 3 3 5 101 187 142 192 330 188 63 209 425 220 282 137 121 116 166 0 459 425 52 127 0 0 2 9 0 0 2 0 0 0 6 0 0 0 1 2 1 4 0 7 0 0 0 0 0 3 0 2 3 0 0 0 4 3 6 3 0 0 4 3 0 0 0 0 0 0 0 0 0 0 0 0 0 0 0 0 0 0 2 0 0 17 12 39 0 33 0 23 20 20 46 33 0 0 40 12 13 28 0 0 0 0 0 0 0 0 0 1 0 0 0 0 11 1 1 0 0 2 18 0 0 0 0 0 0 0 0 0 2 0 0 0 25 0 5 0 0 0 0 1 7 0 0 2 0 0 0 0 2 1 0 0 0 0 0 5 0 0 0 0 0 0 24 3 18 30 1 16 27 22 22 23 0 0 0 67 21 13 0 1 0 0 0 0 0 0 8 0 0 0 0 0 0 7 0 0 0 0 7 29 0 0 0 0 0 0 0 0 0 0 2 0 0 0 0 0 0 0 0 1 0 0 18 0 0 0 0 0 0 0 0 0 0 0 24 0 0 2 153 0 3 2 0 0 0 1 8 0 0 0 0 0 0 0 0 0 0 0 0 0 0 0 0 0 2 10 0 0 0 0 
 4 0 0 0 17 75 0 2 0 0 0 0 0 0 0 0 1 0 0 122 33 49 349 48 312 74 220 324 220 61 216 371 307 132 179 459 0 187 50 261 0 0 0 3 0 0 61 1 0 0 2 0 56 0 0 0 0 2 3 34 0 0 0 0 0 0 0 4 3 0 0 0 0 3 1 3 1 0 0 27 0 0 0 0 0 7 2 0 0 0 0 0 0 0 0 0 0 0 0 0 10 11 21 2 11 0 0 9 13 17 1 31 0 0 1 11 15 17 2 0 1 1 13 0 0 0 23 0 0 13 0 0 19 28 5 23 0 0 0 33 0 1 0 0 0 0 0 0 2 0 0 0 0 0 10 0 2 0 0 0 0 2 0 0 0 0 0 0 0 0 0 0 0 0 0 0 0 0 0 0 11 14 0 32 32 33 8 11 20 20 0 34 0 7 2 0 0 9 7 0 1 4 0 0 0 0 1 0 21 1 0 0 5 23 24 21 0 5 38 1 0 0 0 0 9 0 0 0 0 0 0 0 0 0 0 0 0 0 0 0 0 0 0 0 0 0 0 0 0 0 0 0 0 0 3 0 0 75 3 0 1 0 0 0 0 0 0 0 0 0 0 0 0 0 0 0 0 0 0 0 0 0 0 0 0 10 10 0 0 0 
 0 0 2 2 0 0 0 0 0 6 3 0 0 0 0 0 0 0 0 0 206 37 155 386 77 439 26 35 124 33 411 108 258 75 170 425 187 0 122 116 4 0 0 3 2 0 0 0 0 0 65 0 0 5 0 0 0 3 0 2 0 0 0 0 0 3 0 2 3 0 0 0 0 3 1 3 3 0 0 3 0 0 0 0 0 0 0 0 0 0 0 0 0 0 0 0 0 0 0 0 0 0 5 15 37 27 17 0 23 19 37 10 0 19 18 19 17 72 20 0 0 0 0 0 0 0 0 0 0 0 0 0 7 10 22 0 0 0 20 1 0 0 0 0 0 0 1 0 2 0 0 0 0 0 1 0 0 0 0 0 4 0 0 0 0 0 0 0 0 0 0 0 0 0 0 0 0 0 0 0 0 0 13 12 9 30 7 7 6 6 13 0 0 6 38 7 25 10 25 22 0 0 0 3 0 0 0 0 0 0 0 0 15 8 0 0 0 0 16 28 0 0 0 0 0 0 0 0 0 1 0 0 0 0 0 0 0 0 0 0 0 0 0 0 0 0 0 0 0 0 0 0 0 0 16 0 1 77 74 3 5 0 0 0 0 0 12 0 0 0 0 0 0 0 0 0 0 0 0 29 0 0 0 0 0 0 1 0 0 0 
 73 0 0 122 20 69 0 72 3 0 84 76 0 0 0 75 0 0 0 0 43 122 31 106 61 31 188 128 66 139 43 85 219 74 143 52 50 122 0 63 3 2 0 3 0 0 0 0 73 0 4 0 0 1 0 0 3 2 0 0 0 4 0 0 2 0 0 2 5 0 0 0 0 3 11 62 0 0 27 3 0 0 0 6 20 35 0 0 0 0 0 40 0 0 0 12 0 0 0 0 11 10 27 8 10 11 11 16 12 0 0 0 57 80 12 33 1 0 37 14 0 0 0 0 0 0 0 0 0 0 0 0 0 0 0 0 0 0 0 0 0 0 0 0 0 0 0 0 1 0 0 0 1 0 0 0 0 13 0 0 0 0 0 0 14 24 0 0 0 0 0 12 4 0 0 0 0 0 0 0 27 1 6 19 0 0 0 28 0 0 0 0 44 34 15 29 67 0 8 38 0 0 0 0 0 0 0 0 0 0 0 0 0 0 0 0 0 0 0 0 0 0 0 0 0 0 0 0 0 0 0 0 0 0 0 0 0 0 0 0 0 0 0 0 0 0 87 0 0 112 0 0 0 0 4 0 0 43 0 0 0 0 14 0 0 0 0 0 0 0 0 0 0 0 0 7 12 0 0 11 0 0 0 0 0 11 0 0 0 0 
 0 0 30 5 77 161 0 0 0 0 4 0 0 0 0 2 27 0 0 0 98 126 237 249 165 59 112 225 363 277 154 54 161 340 179 127 261 116 63 0 0 0 0 65 0 0 0 0 0 0 2 0 0 0 1 0 0 2 0 0 3 0 2 0 0 0 0 1 3 6 51 0 0 3 2 3 0 0 0 2 0 0 0 0 3 17 0 0 0 0 0 0 0 0 0 17 0 16 0 0 11 20 10 12 1 29 35 13 15 1 22 0 2 0 3 1 20 29 19 0 0 0 0 0 0 0 0 0 2 0 0 0 11 0 0 0 10 0 0 0 0 0 19 0 0 0 0 0 1 0 0 0 0 0 0 0 0 0 0 0 0 0 0 0 0 0 0 0 0 0 15 0 0 0 2 0 0 2 0 0 0 12 22 1 0 0 23 5 0 3 31 6 0 7 43 11 1 22 12 31 0 0 0 0 0 0 8 0 0 0 0 0 21 0 0 0 0 2 0 0 0 0 0 0 0 0 0 0 0 0 0 0 0 0 0 0 0 5 0 0 0 0 0 0 0 0 0 0 0 0 0 0 0 0 14 0 2 2 0 2 0 0 0 0 0 0 0 0 0 0 0 0 0 0 0 0 0 0 0 0 0 12 0 0 0 10 0 0 0 0 
 0 0 0 0 1 0 0 0 76 6 0 1 4 0 0 41 0 0 0 0 2 1 0 70 0 0 0 0 0 2 0 4 0 1 0 0 0 4 3 0 0 102 83 74 37 32 212 97 141 24 65 28 54 110 157 39 90 40 96 84 3 0 1 0 5 0 0 0 5 1 3 0 5 0 52 0 1 0 0 0 0 0 0 0 1 66 0 0 0 0 0 30 0 0 0 0 0 1 0 0 0 0 0 0 0 0 0 0 0 0 0 0 9 0 9 0 0 0 1 0 9 16 47 50 10 0 9 0 19 27 10 8 1 17 29 14 7 45 0 0 0 0 0 0 0 0 0 5 2 0 0 0 12 0 11 0 0 0 0 0 0 0 4 0 16 0 0 0 1 0 0 0 0 5 0 0 0 0 0 0 0 0 0 0 0 0 18 0 40 0 0 0 9 6 15 0 0 0 1 0 8 20 0 0 0 19 21 9 20 33 11 0 0 17 14 10 0 0 0 0 0 0 0 0 0 0 9 0 0 0 0 0 2 0 0 0 0 0 17 0 0 0 7 0 0 0 1 0 0 0 0 7 0 0 0 0 0 0 0 0 0 0 73 0 2 12 0 0 2 0 11 0 0 0 0 0 0 0 0 0 0 0 0 0 10 0 0 0 0 0 
 2 0 0 0 0 0 0 0 0 0 0 0 0 0 0 0 0 0 0 2 0 0 0 0 1 0 0 1 3 0 61 0 0 0 0 0 0 0 2 0 102 0 371 119 261 31 448 161 427 153 155 232 56 251 129 54 266 264 282 67 2 54 0 0 0 0 22 0 0 0 0 0 0 3 4 0 0 0 3 0 0 0 0 0 0 0 0 0 0 0 0 0 0 0 0 0 0 0 0 0 0 7 0 0 0 0 0 1 1 0 0 0 0 0 0 0 0 0 0 0 13 28 20 18 12 0 9 0 38 18 0 0 0 10 30 10 0 13 0 6 0 0 0 0 0 0 0 4 0 0 0 0 10 0 0 0 0 0 0 4 0 0 0 0 0 0 0 0 0 0 0 0 0 0 0 0 0 18 0 0 0 0 0 0 0 0 0 0 0 0 0 0 0 0 0 0 0 0 0 0 0 14 0 1 0 30 0 20 41 26 28 9 0 8 9 9 12 8 0 13 12 0 0 0 0 0 8 6 0 0 0 0 0 0 0 0 0 0 10 0 0 0 0 0 0 0 0 0 0 0 0 5 0 2 0 0 0 62 0 31 0 0 64 0 0 25 1 0 0 0 9 0 0 0 0 0 0 0 0 0 0 0 0 0 9 9 0 0 2 0 
 8 0 0 0 0 0 0 0 1 0 0 0 0 0 0 0 0 0 0 3 2 0 0 0 0 61 0 0 2 1 0 0 0 0 0 2 0 0 0 0 83 371 0 103 66 92 82 89 168 134 44 294 83 174 174 66 150 241 91 66 0 2 6 0 3 1 0 0 0 6 0 0 2 0 0 3 0 0 4 0 0 0 0 0 0 23 0 0 0 0 0 0 0 0 0 0 0 0 0 0 0 0 0 0 0 0 0 0 0 0 6 0 0 0 0 8 0 11 0 0 0 0 6 12 25 3 0 0 11 7 26 14 1 0 20 20 0 12 0 0 33 0 0 0 0 0 0 19 0 0 0 0 16 0 26 0 6 0 18 0 0 0 4 0 5 0 0 0 0 0 0 0 0 5 0 0 0 0 0 0 0 0 0 0 0 0 0 0 0 0 0 0 0 0 0 0 0 12 0 0 5 9 18 26 1 38 7 0 0 9 15 23 0 8 19 0 0 0 0 0 10 14 0 0 0 1 0 0 0 0 0 0 37 0 3 1 0 0 20 20 0 0 0 0 0 0 0 0 0 0 0 11 0 0 0 0 0 0 0 3 0 0 2 0 46 9 0 1 0 0 0 0 0 0 0 0 0 0 0 0 0 0 0 0 0 8 0 4 0 0 
 3 0 6 0 0 3 0 0 0 0 0 0 0 0 0 0 0 0 0 0 3 3 3 4 3 3 0 2 6 3 3 3 3 3 2 9 3 3 3 65 74 119 103 0 110 28 150 154 107 249 122 61 282 162 143 277 275 305 281 295 31 6 0 2 0 0 3 0 0 4 3 0 0 0 4 0 0 0 49 23 0 11 0 0 0 0 0 0 10 0 0 0 0 0 0 0 0 0 0 0 0 0 0 0 0 0 0 0 0 0 0 0 0 0 0 0 0 0 0 0 0 1 0 30 36 12 10 0 41 10 0 12 0 10 24 4 7 0 0 0 9 18 10 2 0 3 16 0 8 7 3 9 0 0 0 0 8 11 10 1 0 0 0 0 0 0 0 0 1 0 0 23 0 0 0 0 0 0 0 0 0 0 0 0 0 0 0 0 0 0 0 0 0 0 0 0 0 40 0 0 11 33 0 0 12 12 13 11 0 13 17 12 0 0 0 0 22 24 0 0 10 9 18 0 0 9 3 10 12 0 5 0 0 11 0 6 0 0 16 11 0 0 8 0 0 0 0 0 0 0 0 9 0 1 0 0 0 0 0 24 0 1 2 0 1 71 0 0 0 0 18 0 2 0 0 3 0 0 0 0 0 4 0 0 0 1 0 0 0 0 
 6 0 0 0 0 0 0 0 0 0 0 0 0 0 0 0 0 0 0 0 1 0 0 0 0 0 0 0 2 0 3 0 0 0 0 0 0 2 0 0 37 261 66 110 0 80 360 92 177 365 135 364 85 160 106 97 124 42 74 79 0 50 3 0 6 0 50 54 0 0 0 0 64 0 49 0 1 0 4 0 0 0 0 0 0 0 0 0 0 0 0 0 0 0 0 0 0 0 0 0 0 0 0 0 0 0 0 0 0 0 0 0 0 0 0 0 0 0 0 0 13 8 11 9 0 7 0 0 10 11 0 1 0 9 8 0 6 16 0 11 27 0 0 10 0 1 0 0 13 0 0 0 11 0 10 8 0 1 25 16 0 0 0 0 0 5 0 0 0 0 0 0 0 0 0 0 0 0 0 0 0 0 0 0 0 0 1 0 0 0 0 0 0 0 0 0 0 0 0 0 0 0 0 1 6 1 0 0 10 0 0 10 0 0 1 0 1 0 0 0 9 10 0 0 9 0 9 0 9 0 7 9 10 34 42 0 10 0 34 4 0 0 6 0 0 0 0 0 0 0 0 5 0 0 0 0 0 0 0 3 0 0 3 69 0 3 2 2 3 0 0 0 0 0 0 0 0 0 0 0 0 0 0 0 0 0 0 0 0 0 
 3 0 0 0 5 0 0 0 0 0 3 8 0 0 0 4 0 0 9 0 1 53 0 0 0 0 1 0 0 0 3 0 1 12 0 0 0 0 0 0 32 31 92 28 80 0 92 94 180 310 216 204 240 337 78 81 195 48 49 91 0 0 0 0 0 0 0 0 0 34 0 22 0 0 0 0 0 0 56 0 0 0 0 0 0 0 0 0 0 0 0 0 0 0 0 0 0 0 0 0 3 16 0 5 0 0 5 3 0 0 0 0 0 1 0 0 4 0 0 0 0 0 8 8 0 8 0 19 37 13 25 10 0 0 0 0 0 9 0 0 0 0 0 0 0 1 13 0 1 0 0 33 0 55 50 0 0 3 20 0 0 0 0 0 0 11 0 0 0 0 0 0 0 0 0 0 0 0 0 0 5 2 5 11 0 0 0 0 0 0 0 0 0 0 6 20 0 0 0 18 0 0 31 20 16 24 0 0 25 9 18 58 0 7 0 11 0 26 0 0 0 16 14 0 0 0 15 26 0 0 0 0 23 0 9 0 0 0 0 23 0 0 0 0 0 0 0 0 21 0 0 5 0 1 0 0 0 0 0 2 0 12 1 6 62 4 1 1 6 4 0 0 0 0 0 0 0 0 0 0 0 0 0 0 0 0 0 9 0 0 
 0 0 4 0 0 0 0 0 0 0 0 0 6 0 0 0 0 0 0 2 0 62 0 1 0 1 0 0 2 88 63 7 0 0 0 2 61 0 0 0 212 448 82 150 360 92 0 257 117 94 37 40 184 84 83 137 33 139 345 115 0 0 0 0 0 0 4 0 0 0 0 0 7 4 0 0 0 0 0 0 0 0 0 0 0 0 0 0 0 0 0 0 0 0 0 0 0 0 0 0 0 0 0 13 0 1 0 0 0 6 0 0 0 0 0 0 0 0 0 0 19 42 29 22 29 13 3 12 25 30 13 5 0 19 2 0 13 13 0 8 5 0 0 0 0 0 2 12 2 0 0 0 28 0 0 0 0 0 0 0 0 0 0 0 0 0 3 0 0 2 0 0 0 0 0 8 0 0 0 0 0 0 11 10 0 0 0 0 0 0 11 5 0 0 0 0 0 0 0 0 21 0 11 25 3 12 9 22 0 19 9 0 11 10 18 0 60 22 0 13 7 0 0 0 0 0 0 10 0 0 0 0 4 0 0 4 0 0 21 0 0 0 0 0 0 0 0 0 0 0 0 3 0 0 0 0 0 0 65 0 0 0 1 0 0 0 1 0 0 0 24 0 0 0 0 0 0 0 0 0 0 0 0 0 9 18 0 0 0 0 
 0 0 0 0 0 0 0 0 0 66 0 0 0 0 2 2 0 0 0 0 0 0 56 30 1 72 0 0 0 0 65 0 0 0 0 0 1 0 0 0 97 161 89 154 92 94 257 0 308 85 48 37 159 143 151 172 44 50 181 131 0 0 0 0 8 0 2 0 0 0 0 0 0 0 0 0 0 0 0 0 0 0 0 0 0 0 0 0 0 0 0 0 0 0 0 0 0 0 0 0 0 0 6 0 0 0 0 0 0 0 0 0 0 0 0 0 0 0 0 0 0 17 11 2 7 0 4 8 6 35 9 0 15 0 16 23 11 0 16 28 0 8 0 0 0 0 0 0 0 0 0 0 1 0 0 0 1 0 0 0 0 0 0 0 0 0 0 0 0 0 0 0 0 0 0 0 0 0 0 0 0 0 0 0 0 0 0 0 0 0 0 0 0 0 0 0 0 0 0 0 16 1 0 27 0 0 0 19 10 20 15 3 23 0 25 0 16 39 39 50 9 0 0 0 0 0 0 7 0 0 0 0 0 0 0 7 0 0 1 0 0 0 0 0 0 0 0 0 0 0 0 10 0 0 0 0 0 126 0 20 0 3 0 0 0 2 0 0 1 0 0 0 0 0 0 0 0 0 0 0 0 10 0 0 29 11 0 0 0 0 
 3 6 67 71 65 66 4 3 3 65 7 3 3 15 15 3 6 10 3 6 2 0 0 0 0 0 3 1 4 63 0 75 1 0 1 0 0 0 73 0 141 427 168 107 177 180 117 308 0 98 107 26 199 83 199 286 487 272 72 60 0 0 0 0 0 0 0 0 0 4 0 0 0 0 0 0 1 0 4 0 0 0 2 7 4 0 0 0 1 1 0 0 0 7 2 4 0 0 17 0 0 0 0 0 0 0 0 0 0 13 0 0 0 4 0 0 0 0 18 0 19 0 49 0 0 9 0 33 7 0 11 0 0 21 14 0 3 13 0 0 0 0 0 0 0 0 21 0 0 0 0 0 6 13 2 0 34 0 21 0 0 29 0 15 0 0 0 1 0 4 9 26 0 0 0 4 4 0 0 0 18 27 0 5 0 0 0 0 0 0 0 23 11 22 0 4 17 0 0 0 19 0 24 68 0 6 14 0 29 0 0 0 27 0 0 0 0 0 0 0 0 13 0 0 0 0 13 0 0 0 0 0 36 0 0 0 0 0 0 7 0 4 0 0 0 0 64 0 0 0 0 5 0 1 0 0 0 0 0 0 0 0 0 0 3 1 2 1 1 0 0 0 0 0 0 2 22 0 0 0 0 0 0 0 0 0 0 0 1 0 
 3 0 0 0 0 0 0 0 2 0 0 0 0 0 0 90 0 0 0 0 0 0 0 0 0 0 0 0 0 0 0 27 0 0 0 0 0 0 0 0 24 153 134 249 365 310 94 85 98 0 414 89 276 145 234 229 149 105 361 188 53 0 3 0 5 0 0 0 4 3 2 0 0 0 0 0 3 0 50 55 0 0 0 0 0 0 0 0 0 0 0 0 0 0 0 0 0 0 0 0 0 0 0 0 0 0 24 0 0 0 0 0 0 0 0 0 0 0 0 0 0 10 11 11 35 44 9 10 35 10 0 37 0 13 0 0 0 22 0 0 15 0 0 0 0 0 24 6 2 0 0 0 0 19 0 0 0 15 2 36 0 0 0 0 0 0 0 0 0 0 0 0 22 0 0 0 0 0 0 0 0 0 0 0 0 0 0 0 0 0 0 0 0 0 0 0 0 0 0 0 0 0 0 0 37 0 0 10 28 27 33 55 0 10 0 43 0 13 0 0 29 24 0 0 0 0 0 27 4 0 0 0 0 14 0 18 0 0 35 11 0 0 5 0 0 0 0 0 0 0 0 17 0 0 0 0 0 0 0 37 0 0 71 0 1 0 0 0 2 0 11 0 0 0 0 0 0 0 0 0 0 0 0 0 10 15 0 0 0 0 
 5 2 1 1 2 2 0 0 4 0 1 0 1 2 2 7 2 2 0 7 3 3 4 4 3 2 0 3 2 3 2 2 7 4 3 6 2 65 4 2 65 155 44 122 135 216 37 48 107 414 0 107 400 29 170 171 198 116 469 73 0 0 3 0 0 0 15 3 0 0 0 3 0 0 0 5 0 0 50 0 0 0 0 0 7 0 0 0 0 0 0 0 0 0 0 0 0 0 0 0 0 0 0 0 0 0 0 0 0 0 0 0 0 0 0 0 0 1 0 0 8 8 21 14 8 0 0 0 3 37 0 20 0 0 13 0 0 15 0 0 0 0 0 0 0 1 8 0 2 0 0 8 16 1 0 0 0 8 0 0 0 0 0 0 0 0 0 0 0 0 0 0 0 0 0 0 0 0 0 0 0 0 0 0 0 0 0 0 0 0 0 0 0 0 0 0 0 0 0 0 0 0 4 0 0 42 0 0 16 4 14 2 0 0 0 0 0 20 0 0 8 0 0 0 1 0 36 6 0 0 0 0 11 0 0 0 0 0 15 0 0 0 0 0 0 0 0 0 0 2 0 22 0 0 0 0 0 0 0 26 0 0 0 0 0 1 1 0 0 0 0 0 0 0 0 0 0 0 0 0 0 0 0 0 0 0 0 0 0 0 
 3 4 0 0 0 0 0 0 0 0 0 3 0 0 2 6 0 0 0 0 0 0 3 0 0 2 0 0 3 0 4 0 0 0 0 0 0 0 0 0 28 232 294 61 364 204 40 37 26 89 107 0 27 252 98 33 171 148 35 29 1 3 13 0 0 0 53 51 0 0 2 14 0 0 51 1 2 0 54 0 0 0 0 0 0 0 0 0 0 0 0 0 10 0 0 0 0 0 0 0 0 0 0 0 0 0 0 0 0 0 0 0 0 0 0 0 0 0 0 0 0 0 10 0 0 19 0 18 6 1 0 14 0 1 0 0 0 3 0 0 14 0 0 0 0 3 25 12 1 0 0 8 0 35 7 0 0 3 14 15 0 0 0 0 0 0 0 0 0 0 0 0 0 0 0 0 0 0 0 0 0 0 0 0 0 0 0 0 0 0 0 0 0 0 0 0 0 0 0 0 0 0 6 12 25 32 0 0 0 0 62 30 0 18 0 0 0 1 0 0 15 0 7 0 3 0 14 0 0 0 0 34 31 0 21 0 10 0 18 1 0 0 0 0 0 0 0 0 0 0 0 61 0 2 0 0 0 0 0 0 0 1 7 62 3 4 0 3 0 0 0 0 0 0 0 0 0 0 0 0 0 0 0 0 0 0 0 11 0 0 
 1 1 0 0 0 0 2 0 4 0 3 0 62 2 1 1 0 0 1 0 0 0 0 0 0 14 0 0 68 0 65 95 0 1 0 0 56 0 0 0 54 56 83 282 85 240 184 159 199 276 400 27 0 193 50 327 281 56 369 505 0 0 0 0 0 0 0 0 0 0 0 0 0 0 0 0 23 0 0 0 0 0 0 0 0 0 0 0 0 0 0 0 0 0 0 0 0 0 0 37 0 0 0 0 0 2 0 0 0 0 0 8 0 0 0 0 15 0 0 0 23 0 28 0 9 0 44 18 0 28 12 0 7 1 0 49 35 0 26 40 0 0 0 0 0 0 0 0 0 0 0 0 0 0 0 0 0 0 8 0 0 0 0 0 0 0 0 0 0 4 0 0 0 0 10 0 0 0 0 9 0 0 0 9 14 9 0 0 0 0 0 54 0 0 0 0 0 0 0 0 31 0 13 10 0 0 0 28 30 10 0 0 14 5 28 8 9 13 4 25 0 0 0 0 0 0 0 0 27 0 0 0 0 0 0 0 0 0 0 0 0 0 0 0 0 0 0 0 0 0 0 1 0 2 0 0 1 62 0 0 0 0 0 0 2 2 0 0 0 0 0 0 0 0 0 0 0 0 0 0 0 0 0 0 29 0 6 0 2 0 
 0 0 0 0 0 0 0 0 0 0 0 0 0 17 0 0 0 0 0 4 0 0 0 0 0 64 0 0 2 0 0 74 0 0 0 0 0 5 1 0 110 251 174 162 160 337 84 143 83 145 29 252 193 0 108 333 105 188 81 255 0 0 3 0 0 2 0 2 0 0 0 0 0 0 0 0 0 0 0 0 0 0 0 0 0 0 0 0 0 0 0 0 0 0 0 0 0 0 0 0 0 0 0 0 0 0 0 0 0 0 0 0 0 0 0 0 0 0 0 0 38 12 12 3 2 38 11 16 0 9 27 11 0 0 0 22 15 31 25 9 0 0 0 0 0 0 15 0 2 0 0 0 0 51 0 0 17 0 0 23 0 0 4 0 3 0 0 0 0 0 0 0 0 3 0 0 0 0 0 0 0 0 0 0 14 18 0 0 0 0 0 0 0 0 0 0 0 0 0 0 24 0 0 3 0 9 10 7 0 0 0 24 0 8 41 7 43 28 0 2 0 0 0 0 0 0 0 0 0 0 0 1 0 0 0 0 0 0 0 11 0 0 5 0 0 0 0 0 0 0 0 6 0 0 0 0 0 0 0 1 0 0 0 0 0 2 4 0 0 0 1 0 0 0 0 0 0 0 0 0 0 0 0 0 9 0 0 0 1 0 
 0 0 0 1 0 0 0 1 0 0 0 0 0 0 0 0 0 0 0 0 0 0 0 1 0 0 0 0 0 0 0 0 0 0 0 1 0 0 0 1 157 129 174 143 106 78 83 151 199 234 170 98 50 108 0 159 77 111 70 179 4 0 31 1 0 0 0 5 21 0 0 2 0 0 0 0 0 0 0 5 0 0 0 0 0 0 0 0 0 0 0 0 0 0 0 0 0 0 0 0 0 0 0 0 0 0 0 0 0 0 0 7 0 0 0 0 0 0 0 0 0 0 0 31 10 0 11 0 31 0 1 1 0 6 19 0 7 8 0 0 0 25 3 0 1 0 0 2 2 0 0 0 0 0 29 6 0 13 8 0 0 0 1 0 0 0 0 0 0 0 0 0 0 0 15 0 0 0 0 0 0 0 0 0 0 0 0 0 0 0 0 0 0 0 0 0 0 19 0 0 9 19 0 0 0 0 21 11 14 8 26 8 0 1 0 0 6 6 0 0 3 0 0 5 0 0 30 0 0 7 0 5 21 0 11 0 0 0 25 0 0 0 7 0 0 0 0 0 0 0 0 19 0 0 1 0 0 0 0 19 0 0 3 0 64 11 5 0 0 0 6 0 0 0 0 0 0 0 0 0 0 0 0 0 0 0 0 12 0 0 
 4 2 6 2 2 2 2 2 2 0 5 2 2 2 2 2 2 2 2 2 0 0 0 0 0 1 0 0 0 0 1 0 0 0 59 2 0 0 0 0 39 54 66 277 97 81 137 172 286 229 171 33 327 333 159 0 97 118 48 54 0 1 0 0 0 0 0 0 0 0 0 0 5 0 0 0 0 0 0 0 0 0 0 0 0 0 0 0 0 0 0 0 0 0 0 0 0 0 0 0 0 0 0 6 0 0 0 0 0 0 0 10 0 0 0 0 0 0 0 0 10 23 12 32 20 7 9 24 21 18 10 0 0 8 23 0 6 10 7 9 4 0 0 0 0 0 0 0 0 0 0 0 10 0 0 0 0 0 0 14 0 0 0 0 0 0 0 0 0 0 0 0 0 0 0 9 0 0 0 0 0 0 0 0 0 0 0 0 0 0 13 0 0 0 0 0 0 0 0 0 0 25 8 11 9 7 1 22 0 28 17 12 0 0 10 0 28 8 0 0 32 0 0 0 0 0 1 6 0 0 0 0 0 0 9 0 0 0 8 8 0 0 0 0 0 0 0 0 0 0 0 9 0 0 0 0 0 0 0 25 0 0 0 0 0 24 2 0 1 0 8 0 0 0 0 0 0 0 0 0 0 0 0 0 22 7 0 0 0 0 
 4 0 0 0 0 0 0 0 0 0 3 0 0 0 39 0 0 0 0 0 0 0 0 2 0 8 0 62 0 0 0 0 0 0 0 1 0 0 3 0 90 266 150 275 124 195 33 44 487 149 198 171 281 105 77 97 0 169 111 57 0 0 6 0 0 0 0 3 0 0 0 0 0 0 6 3 0 0 107 0 0 0 0 0 0 0 0 0 0 0 0 0 0 0 0 0 0 0 0 0 0 0 0 0 0 5 0 0 0 0 0 0 0 0 0 0 0 0 0 0 3 7 9 10 15 9 7 14 1 0 26 44 8 3 12 16 1 11 11 0 0 0 0 0 0 0 24 0 1 0 0 10 0 20 30 0 0 5 0 14 0 0 12 0 6 0 0 0 0 0 0 0 0 4 0 0 0 0 0 0 0 0 0 0 0 0 0 0 0 0 0 0 0 0 0 0 0 0 0 0 3 13 6 0 13 24 1 0 2 45 41 56 0 27 27 6 0 0 3 0 13 1 0 0 0 0 0 0 0 0 0 0 0 0 7 2 0 0 4 0 0 0 0 0 0 0 0 0 0 0 0 8 0 1 0 0 0 0 0 0 0 14 1 0 65 14 1 0 0 0 0 0 0 0 0 0 0 0 0 0 0 0 0 0 0 0 0 22 0 0 
 0 2 4 0 0 0 79 0 0 0 0 0 0 0 0 0 2 0 1 0 2 2 2 2 2 2 0 3 6 2 2 5 2 2 4 4 2 3 2 2 40 264 241 305 42 48 139 50 272 105 116 148 56 188 111 118 169 0 96 45 7 0 0 3 0 0 0 0 1 7 0 0 37 0 0 0 0 0 107 8 0 0 0 0 0 0 7 16 0 0 0 0 0 0 0 0 0 0 0 0 0 0 39 0 0 0 0 0 0 0 0 0 0 0 0 0 0 0 0 0 0 22 0 19 88 0 23 0 33 7 32 44 9 16 0 15 0 8 0 0 20 0 0 0 0 0 15 29 1 0 1 0 1 0 26 0 14 0 2 0 0 0 7 0 5 0 0 0 0 0 0 0 0 4 0 0 0 0 0 0 0 0 0 0 0 0 0 0 0 0 0 0 0 0 0 0 0 0 0 0 0 0 0 21 53 0 0 11 0 0 53 22 0 10 1 2 36 7 0 0 4 10 0 0 0 15 0 2 0 0 0 0 23 1 8 5 0 0 76 0 0 0 0 0 0 0 0 0 0 0 0 17 0 0 13 0 0 0 0 9 0 0 0 0 67 1 2 66 0 0 23 0 0 0 0 0 0 0 0 0 0 0 0 21 0 15 0 12 65 0 
 0 0 0 0 0 0 0 0 0 0 6 0 0 0 0 0 0 0 0 19 0 0 0 1 0 63 0 0 0 0 122 131 0 0 0 0 3 0 0 0 96 282 91 281 74 49 345 181 72 361 469 35 369 81 70 48 111 96 0 213 0 3 38 0 0 0 7 2 5 0 0 0 1 0 3 0 0 0 0 1 0 0 0 0 0 0 0 0 0 0 0 0 0 0 0 0 0 0 0 0 0 12 10 0 8 0 0 0 0 13 0 10 0 0 0 0 0 0 0 0 7 33 0 0 0 0 21 12 19 19 26 13 25 0 13 32 17 8 30 30 0 0 0 0 0 0 0 0 1 0 0 0 0 0 0 0 0 0 0 0 0 0 32 0 9 0 0 0 0 0 0 0 0 45 0 0 0 0 0 0 0 0 0 19 18 22 0 0 0 0 0 6 0 0 0 0 0 0 0 0 4 14 0 2 8 12 0 11 19 17 0 0 1 14 70 8 15 26 0 20 0 0 0 0 0 0 0 0 0 0 0 0 0 0 0 0 0 0 0 0 0 0 0 0 0 0 0 0 0 0 0 5 0 0 0 0 0 124 0 0 0 0 0 0 0 2 0 0 0 0 0 0 0 0 0 0 0 0 0 0 0 10 0 0 9 18 0 0 0 0 
 0 0 0 0 0 3 0 0 0 0 0 0 0 0 0 4 0 0 0 6 0 0 2 61 3 73 1 0 66 9 81 135 0 0 3 7 34 2 0 0 84 67 66 295 79 91 115 131 60 188 73 29 505 255 179 54 57 45 213 0 0 0 3 0 0 6 0 0 0 3 5 5 0 0 17 0 1 4 2 1 0 0 15 0 0 0 0 0 0 0 0 0 0 0 0 0 0 0 0 0 0 0 0 0 0 0 0 0 0 3 0 21 0 0 0 0 0 12 0 0 0 15 0 0 41 0 22 0 13 14 21 11 0 13 11 43 8 22 9 18 21 0 0 0 0 0 0 9 2 0 0 0 0 0 0 0 0 0 0 0 0 0 1 0 4 0 0 12 0 0 0 0 0 8 0 0 0 0 0 0 0 0 0 0 53 12 0 0 0 6 0 17 0 0 0 0 3 14 0 0 13 23 0 1 0 8 0 36 30 19 12 0 4 29 42 24 5 29 0 20 0 0 0 0 0 0 1 0 0 0 0 0 0 0 0 0 0 11 11 0 0 0 25 0 0 0 0 0 0 0 0 2 0 0 0 0 0 62 6 1 0 0 65 0 0 12 0 0 0 0 46 0 0 0 0 0 0 0 0 0 0 0 0 0 23 1 12 0 1 0 
 2 2 3 2 2 2 2 2 2 0 2 2 2 3 47 2 2 3 2 2 45 0 0 0 0 6 0 0 0 0 0 0 0 0 0 0 0 0 0 3 3 2 0 31 0 0 0 0 0 53 0 1 0 0 4 0 0 7 0 0 0 137 136 315 49 285 166 137 104 51 311 83 56 340 112 162 347 51 99 150 0 0 0 0 0 0 0 0 0 0 0 0 0 0 0 0 0 1 0 0 0 0 0 0 0 0 0 0 0 0 0 0 0 0 0 0 0 0 0 9 0 0 0 0 44 4 0 0 0 0 0 22 0 0 0 0 0 0 0 0 22 24 4 0 18 8 19 7 0 14 14 0 4 15 26 9 27 37 23 1 0 0 0 0 0 0 3 0 0 0 0 0 0 0 0 0 0 0 1 0 0 0 8 0 0 0 0 0 0 0 5 0 0 0 0 0 0 0 0 0 0 0 0 0 28 21 0 0 0 0 4 0 0 0 0 0 0 0 0 0 0 29 11 1 0 16 2 27 11 25 3 3 5 47 14 49 28 11 19 5 19 0 0 0 0 0 0 0 0 0 0 0 0 0 5 0 0 0 0 0 0 0 0 54 0 0 0 8 0 0 2 2 67 10 0 2 0 0 0 0 0 0 0 0 0 1 0 0 13 0 
