 0 177 197 38 235 120 154 241 201 49 236 46 451 70 258 194 199 118 45 127 0 5 0 2 0 0 0 0 0 2 0 0 0 0 74 8 0 0 0 2 0 38 0 0 2 0 5 0 0 0 3 0 0 0 0 0 0 0 0 3 0 3 1 3 0 0 2 33 0 0 2 0 3 36 0 0 0 0 0 0 28 37 15 16 0 15 5 104 22 9 16 23 16 17 28 8 23 40 10 25 0 0 0 0 0 0 2 0 0 0 0 0 0 0 1 0 0 2 22 0 0 0 0 2 0 0 0 0 0 0 0 0 0 0 0 0 0 0 0 0 0 0 0 0 0 0 2 0 0 1 0 0 0 0 5 0 0 0 0 0 0 37 0 0 25 4 0 23 12 16 0 27 0 16 57 20 16 14 3 0 0 0 0 0 0 0 0 0 0 0 0 0 0 0 0 0 1 0 0 13 0 0 0 0 0 0 0 0 0 0 0 0 0 0 0 0 0 0 0 0 0 0 0 0 0 0 0 0 0 0 0 0 0 0 1 0 0 0 0 0 0 0 0 0 0 1 0 0 0 0 2 7 0 0 0 0 0 0 0 0 0 0 2 0 0 0 0 0 0 0 0 0 0 0 0 0 11 0 0 0 0 0 0 0 0 0 0 0 0 0 
 177 0 104 60 52 43 76 96 323 225 46 121 278 57 126 164 172 49 58 117 0 3 0 1 0 0 0 0 0 2 0 0 5 0 0 6 0 2 0 0 0 2 0 0 41 3 5 0 0 0 3 0 0 2 0 0 0 0 3 3 0 5 3 3 0 0 53 0 0 3 2 0 3 1 0 0 0 0 1 0 50 18 50 77 15 24 13 31 14 44 14 44 8 0 9 10 48 43 12 6 0 0 0 0 0 0 30 0 9 0 0 0 31 0 0 0 0 0 0 29 0 0 0 0 15 0 0 0 0 1 0 0 0 0 0 0 21 0 0 0 0 0 0 0 0 0 0 0 0 0 8 0 0 0 4 12 0 0 0 2 2 0 19 21 18 19 15 29 68 16 28 20 0 31 0 13 51 19 6 0 17 0 0 13 0 0 0 0 0 0 0 0 0 6 0 0 0 7 25 3 0 0 0 0 0 0 0 0 0 0 0 0 2 0 0 0 0 0 0 0 10 0 0 0 1 0 0 16 0 0 0 0 0 0 0 0 0 0 0 0 0 0 0 0 0 0 55 0 87 0 0 27 0 0 0 0 0 0 0 0 0 0 0 0 0 0 0 0 0 0 0 0 0 0 0 0 1 10 0 0 0 0 0 0 0 0 0 0 0 0 
 197 104 0 295 67 165 140 116 223 65 373 348 238 54 142 360 159 153 273 39 0 3 0 3 0 0 0 0 0 2 1 0 146 0 0 3 1 0 73 0 0 0 0 2 0 0 3 0 0 0 3 2 0 0 0 0 0 0 0 3 0 3 0 3 26 0 2 0 0 0 2 0 3 7 0 0 0 0 0 0 10 12 12 65 14 7 0 33 53 0 0 30 11 2 24 1 0 24 43 9 14 0 0 0 0 0 1 13 0 1 0 0 25 0 0 0 0 0 11 0 0 0 0 0 0 0 0 0 0 0 0 0 0 0 0 0 0 0 0 0 0 0 0 0 0 0 0 0 0 0 0 1 0 0 1 0 0 0 0 0 1 15 37 0 31 0 0 31 39 44 22 13 18 16 11 1 22 11 10 11 30 18 0 0 0 0 27 0 0 0 0 10 0 0 2 0 0 0 11 9 0 0 0 0 0 0 0 0 0 0 0 0 0 0 0 0 0 0 0 0 0 0 0 0 0 0 0 0 0 0 0 0 0 0 0 0 0 0 0 0 0 0 0 0 0 4 0 2 4 6 0 9 0 2 0 0 0 2 0 0 0 0 0 0 0 0 0 0 0 0 0 0 0 0 0 0 0 0 0 0 0 0 0 0 0 0 0 0 0 0 
 38 60 295 0 197 176 74 70 258 297 200 265 58 89 41 40 128 156 89 66 0 4 0 2 1 72 0 0 1 3 0 0 17 75 0 3 0 0 93 77 0 0 3 0 3 0 3 0 0 0 3 0 0 0 0 0 0 0 0 3 0 3 1 5 0 0 2 0 0 0 2 0 3 0 0 0 0 0 0 0 9 13 0 24 16 32 2 0 12 0 21 0 0 0 7 0 14 0 0 1 16 0 0 0 0 9 2 10 0 15 0 0 59 0 0 0 6 44 11 54 0 0 0 0 0 0 0 0 0 0 0 0 2 0 0 1 0 0 0 0 0 0 0 0 16 0 0 0 0 0 0 0 0 0 6 0 0 0 0 0 0 0 14 15 15 33 0 7 14 12 29 0 0 0 0 43 1 0 0 0 6 18 0 0 0 0 15 14 0 0 0 0 0 8 0 0 22 0 7 16 0 0 0 0 0 0 0 0 0 0 33 0 0 0 0 0 0 0 0 2 0 0 0 0 0 0 0 0 0 0 0 0 0 0 0 0 0 0 0 0 0 0 0 0 0 2 2 0 0 85 14 17 0 0 0 0 0 0 0 0 1 0 0 0 0 0 0 0 0 0 0 0 0 0 0 0 6 0 0 13 0 0 0 0 0 0 0 0 0 0 
 235 52 67 197 0 223 60 47 72 290 178 321 281 157 46 69 39 45 68 285 220 3 2 4 0 0 112 0 0 2 0 0 1 154 0 78 0 0 73 36 0 0 0 0 1 0 3 3 0 1 6 0 0 0 0 0 0 0 0 3 0 3 0 3 0 0 4 0 0 0 2 0 3 0 58 0 0 0 0 36 0 0 0 1 0 9 0 0 10 12 0 14 0 0 0 0 0 16 0 0 30 22 0 17 14 0 13 39 0 9 0 0 14 97 57 14 23 0 39 25 1 0 0 0 0 0 0 0 0 11 1 0 0 0 0 0 0 0 0 0 0 0 0 0 0 0 0 0 5 0 0 0 0 0 0 0 0 0 0 0 0 0 30 16 2 12 0 14 2 20 11 11 0 5 0 1 3 0 0 0 19 29 0 0 9 0 19 9 10 23 8 1 14 23 0 0 0 13 1 1 0 0 0 0 0 0 0 0 0 0 2 0 0 0 1 0 0 0 0 0 0 0 0 0 0 0 0 0 0 0 0 0 0 0 0 0 0 0 0 0 0 0 0 0 0 2 88 4 2 4 0 18 0 0 0 0 2 0 0 0 0 0 0 0 1 0 0 0 0 0 0 0 0 0 0 0 0 0 0 13 0 0 0 0 0 2 0 0 0 0 
 120 43 165 176 223 0 266 209 143 39 215 154 251 51 46 584 36 207 65 45 185 152 76 1 0 0 121 59 2 3 1 0 76 0 1 3 5 0 74 2 0 0 5 1 0 0 3 0 5 2 9 3 0 0 0 3 6 1 0 3 1 3 6 6 2 49 2 57 3 0 5 0 5 0 2 0 3 0 0 10 21 0 0 40 17 30 0 33 8 0 19 34 0 45 11 0 31 0 0 7 22 14 12 0 18 0 26 17 41 11 11 0 10 39 11 26 3 0 71 42 0 0 0 0 0 0 0 0 0 0 0 0 0 0 0 0 0 0 0 0 0 0 32 0 0 0 1 0 0 0 0 0 2 0 0 0 0 0 0 0 0 7 0 0 43 28 0 10 1 11 0 0 0 0 10 7 0 0 0 0 1 0 11 24 0 0 19 0 10 11 11 0 26 21 11 0 14 1 70 19 0 0 0 0 0 0 0 2 0 0 0 0 0 0 0 0 0 0 0 0 0 0 0 0 0 0 1 0 0 0 0 0 0 0 0 0 2 0 0 0 0 0 0 0 0 4 4 6 1 148 0 24 0 0 0 0 0 0 0 0 0 0 0 0 0 0 0 0 0 0 0 0 0 0 2 13 0 11 0 0 0 0 0 0 0 0 0 0 0 0 
 154 76 140 74 60 266 0 381 350 48 202 430 195 265 138 344 149 160 97 177 0 6 0 2 0 0 2 5 0 2 0 0 0 0 2 6 0 0 0 0 0 0 0 1 2 0 5 0 0 3 3 1 0 0 0 0 0 0 0 3 0 3 0 3 0 0 2 0 0 0 2 0 3 0 0 0 0 0 3 0 0 5 13 10 1 2 0 24 21 0 0 10 18 39 11 18 0 28 0 0 0 1 0 0 0 1 0 1 0 0 0 1 0 0 0 0 0 0 0 0 0 0 0 0 0 0 0 0 0 2 15 0 0 0 0 0 9 0 0 0 0 0 0 0 0 0 0 1 1 0 0 0 0 0 0 0 0 0 0 0 22 13 10 0 19 0 0 11 0 2 0 14 0 0 31 21 0 38 1 14 0 0 0 0 0 0 0 0 0 0 0 12 13 0 0 0 0 0 0 0 0 0 0 0 0 0 0 0 0 0 0 0 0 0 0 0 0 0 0 0 0 0 0 0 0 0 0 1 0 0 11 0 0 0 0 0 0 14 0 0 0 1 0 0 0 2 0 0 2 0 2 11 0 0 0 0 0 0 0 0 0 0 4 0 0 0 0 0 0 0 0 0 0 0 0 16 2 0 0 0 0 0 0 0 0 0 0 0 0 0 
 241 96 116 70 47 209 381 0 186 54 413 202 365 127 150 284 204 56 76 145 1 3 0 1 0 0 0 0 0 2 0 0 0 2 0 5 0 0 0 0 2 2 0 3 64 0 3 0 0 0 5 0 0 0 0 0 1 0 0 3 0 3 3 3 0 0 5 0 0 0 2 0 3 0 0 4 2 0 0 2 19 0 0 22 10 0 8 16 11 1 10 32 42 13 10 29 1 21 14 10 0 0 0 1 0 0 1 0 0 0 0 0 1 0 0 0 0 0 3 1 0 0 0 0 0 0 1 0 0 0 0 0 0 0 0 0 13 2 0 0 0 0 0 0 0 0 0 0 0 0 0 0 0 0 1 0 0 0 0 0 0 18 21 10 35 0 0 21 16 9 9 26 23 0 16 14 1 0 15 0 1 0 0 0 1 0 0 0 0 0 0 0 0 0 17 0 0 0 0 9 0 0 0 0 0 0 1 0 0 0 0 0 0 0 0 0 0 0 0 0 0 0 2 0 0 0 0 0 0 0 0 1 0 0 0 0 0 0 0 0 0 10 0 0 2 2 0 0 89 1 0 5 8 0 0 0 0 0 0 0 0 0 13 0 0 0 0 0 0 1 0 0 0 0 0 0 1 0 0 0 0 0 0 0 0 1 0 0 0 0 
 201 323 223 258 72 143 350 186 0 59 36 46 178 307 228 314 200 51 296 66 0 4 0 1 0 2 0 0 2 2 1 1 0 1 0 3 3 0 2 0 0 0 0 0 65 0 3 0 0 0 3 1 0 0 0 0 0 0 0 3 0 3 3 3 0 0 2 0 0 0 2 0 3 0 0 0 0 0 0 0 24 0 9 9 14 37 5 21 14 19 40 6 5 1 47 11 27 0 28 0 1 1 0 0 0 0 0 0 0 0 0 0 33 0 0 0 0 0 1 30 0 0 0 0 0 0 0 0 30 0 20 0 0 0 0 0 0 0 0 0 0 0 0 0 0 0 0 0 0 0 0 0 0 0 2 0 0 0 0 0 0 11 0 9 20 1 0 21 32 14 12 10 18 18 8 41 33 16 6 9 37 0 0 0 0 0 0 0 0 0 0 0 0 0 0 0 0 0 0 0 0 0 0 0 0 0 0 0 0 0 0 0 0 0 0 0 0 0 0 0 0 0 0 0 0 0 0 0 0 0 0 0 0 0 0 0 0 0 0 0 0 0 0 0 0 2 93 1 0 0 0 12 0 0 2 0 0 0 0 0 0 0 0 0 0 0 0 0 0 0 0 0 0 0 0 0 12 0 0 0 0 0 0 0 0 0 0 0 0 0 
 49 225 65 297 290 39 48 54 59 0 351 139 317 363 120 153 183 309 143 140 0 3 0 2 0 0 0 0 0 3 0 0 0 0 0 3 0 0 0 0 0 0 0 47 2 0 3 0 0 0 3 0 5 0 0 0 0 0 0 3 0 3 2 3 0 1 2 0 0 0 2 0 3 0 0 0 0 0 0 0 1 20 40 19 0 0 0 7 41 30 25 1 22 1 18 46 27 74 0 7 0 0 0 0 0 1 17 0 0 0 0 0 10 0 0 0 0 0 0 9 0 0 20 0 11 0 0 0 0 0 0 1 0 0 0 0 0 0 0 0 0 0 0 0 0 0 9 0 0 0 0 0 0 0 0 0 0 0 16 0 18 3 42 1 33 0 29 0 12 0 17 65 16 21 1 0 14 30 3 21 7 0 0 0 0 0 0 0 0 0 0 0 1 8 0 0 0 0 14 0 0 2 0 0 0 0 0 0 0 0 0 0 0 0 0 0 0 0 0 0 0 1 0 0 2 11 0 0 0 0 10 3 0 0 0 0 0 0 0 0 0 15 19 0 0 2 0 0 85 0 0 9 0 0 0 0 0 0 0 0 0 0 0 0 0 0 0 0 0 0 0 0 0 0 0 16 0 0 0 0 0 0 0 0 0 0 0 0 0 0 
 236 46 373 200 178 215 202 413 36 351 0 551 79 42 59 193 223 229 120 151 0 3 0 2 0 0 0 2 0 4 2 2 75 74 2 3 0 0 0 0 0 0 6 0 0 35 3 0 0 0 3 0 0 0 0 0 0 0 0 71 0 3 1 3 0 0 2 0 0 0 2 0 3 0 0 0 0 2 0 0 12 2 6 21 4 12 0 18 58 25 15 33 10 28 17 2 10 79 0 43 1 0 0 0 0 19 0 0 0 0 0 0 26 0 0 0 0 0 55 1 0 0 1 0 0 0 0 0 0 0 0 0 0 0 0 0 0 0 0 0 0 0 0 0 0 0 0 0 0 0 1 0 0 0 0 15 4 0 0 0 9 44 1 15 16 18 11 1 2 0 0 9 0 0 15 14 10 18 0 0 3 0 1 2 0 0 0 9 0 0 0 0 0 10 0 0 0 0 9 12 0 0 0 0 0 0 0 0 0 0 0 0 0 0 0 17 0 0 0 0 0 0 0 0 0 0 0 0 0 7 1 0 0 0 16 0 0 0 0 0 0 0 0 0 0 0 3 0 0 0 14 15 1 0 0 1 0 0 0 1 0 0 0 0 0 0 0 0 0 0 0 0 2 0 0 17 23 0 0 15 0 0 0 0 0 0 0 0 0 0 
 46 121 348 265 321 154 430 202 46 139 551 0 264 426 45 46 134 206 39 34 74 3 0 2 0 0 1 0 0 84 0 0 113 74 0 3 0 0 89 26 0 0 20 0 3 0 3 5 68 0 5 0 0 0 0 0 0 0 0 3 0 3 0 3 0 0 2 0 56 0 2 0 46 0 0 0 0 0 0 0 0 0 1 3 19 0 0 0 16 0 0 15 14 0 0 0 36 0 0 0 46 20 0 0 0 0 12 14 0 22 0 0 28 0 0 2 0 18 10 44 0 0 0 0 0 0 0 0 0 0 0 0 0 0 0 0 0 0 0 0 18 0 0 0 0 0 0 0 0 0 0 0 0 2 2 0 0 0 0 0 0 1 26 23 31 8 0 0 0 7 25 0 0 1 0 0 11 0 0 0 24 38 0 0 0 0 11 0 0 1 0 16 14 17 0 0 11 0 6 13 0 0 0 2 0 0 0 0 0 0 0 0 0 0 0 0 0 1 0 0 0 0 0 0 0 0 0 0 0 0 0 0 0 0 0 0 0 0 0 0 0 0 0 0 0 1 88 2 3 89 2 5 0 0 0 0 0 0 0 0 0 0 9 0 0 0 2 0 0 0 0 0 0 1 0 0 0 0 0 0 0 0 0 0 0 0 0 0 0 0 
 451 278 238 58 281 251 195 365 178 317 79 264 0 86 219 448 298 429 634 149 1 31 77 1 0 0 0 0 0 2 0 0 0 2 0 3 1 0 0 0 0 0 0 0 1 0 3 0 0 0 3 0 2 0 0 63 0 0 0 3 0 3 2 3 0 0 2 0 0 0 2 0 3 0 0 0 0 0 0 0 24 35 28 22 21 0 6 57 64 28 1 36 39 16 18 25 9 43 12 19 0 0 0 2 0 0 0 0 29 26 0 0 0 0 0 0 0 0 11 0 0 0 1 0 0 0 2 0 0 0 0 0 0 0 0 0 0 1 0 0 0 0 0 0 0 0 0 0 0 0 0 0 0 0 0 0 0 0 0 0 10 8 0 2 12 0 25 22 13 28 0 10 0 46 11 16 11 18 0 0 0 0 0 0 1 0 0 0 0 0 0 0 0 0 0 0 0 0 0 0 0 0 0 0 0 0 2 0 0 0 0 0 0 0 0 0 0 0 0 0 0 0 1 0 0 0 0 0 0 0 0 2 0 0 0 0 0 0 0 0 0 0 0 0 1 2 2 2 0 2 0 16 0 0 0 0 0 0 0 0 0 0 0 0 0 0 0 0 0 2 0 0 0 0 0 18 0 0 0 0 0 0 0 0 0 2 0 0 0 0 
 70 57 54 89 157 51 265 127 307 363 42 426 86 0 331 241 205 41 270 82 0 3 0 2 2 0 0 0 0 2 2 0 0 0 0 3 0 0 0 0 0 0 0 0 65 0 3 2 0 0 9 0 6 0 0 0 60 0 0 3 0 3 2 3 0 0 2 0 0 0 2 0 5 0 0 0 0 0 0 0 0 3 13 7 11 9 17 10 0 1 19 0 31 0 38 52 6 14 1 0 0 0 0 0 0 0 0 0 0 0 0 0 11 0 0 0 0 0 0 1 14 0 0 0 0 0 0 0 0 0 0 0 0 0 0 0 0 0 0 0 0 0 0 0 2 0 0 0 0 0 0 0 0 4 0 0 0 0 0 0 29 12 29 24 0 0 21 0 14 0 15 1 36 1 0 11 14 63 20 25 2 0 0 0 0 0 0 2 0 0 0 0 1 0 0 0 0 0 0 0 0 1 0 0 0 0 0 0 0 0 0 0 2 0 0 0 0 0 0 0 0 2 0 0 1 0 0 0 0 0 6 0 0 0 0 0 0 0 14 0 0 9 0 0 0 1 0 0 86 2 2 4 0 0 0 0 0 0 0 0 81 0 13 0 0 0 0 0 0 0 0 0 0 0 0 0 10 0 0 0 0 0 0 0 19 0 0 0 0 0 
 258 126 142 41 46 46 138 150 228 120 59 45 219 331 0 267 160 66 73 100 0 3 2 4 0 0 1 0 0 2 1 0 1 0 0 3 0 0 1 0 0 0 0 0 0 0 3 0 0 0 3 0 3 0 0 0 0 0 0 3 0 3 1 3 43 0 2 0 0 0 4 0 3 40 0 1 0 0 0 0 8 34 24 1 0 4 22 30 13 7 66 18 53 0 43 39 24 1 10 20 0 0 0 0 0 0 0 0 1 0 0 0 0 13 0 0 0 0 0 0 0 0 0 0 0 0 0 0 0 1 0 0 0 0 0 0 0 0 0 0 0 0 0 0 0 0 0 0 0 0 0 0 0 6 0 0 0 0 0 0 19 5 16 0 0 0 23 0 24 19 0 9 14 26 1 40 43 30 18 27 21 0 0 0 0 0 0 0 0 0 0 0 0 0 0 0 0 0 0 0 0 0 0 2 0 0 0 0 0 0 0 0 0 0 0 0 1 1 0 0 0 0 0 0 0 0 0 0 0 0 0 0 0 0 0 0 0 0 0 0 0 8 0 0 0 1 2 0 2 0 1 5 0 0 0 0 0 0 0 0 0 0 4 0 0 0 2 0 0 0 0 0 0 2 0 0 13 0 0 0 0 0 0 0 0 0 0 0 0 0 
 194 164 360 40 69 584 344 284 314 153 193 46 448 241 267 0 315 133 97 75 0 3 0 1 0 0 0 0 0 2 0 0 0 0 0 3 0 0 0 0 0 0 0 0 0 6 3 0 64 0 3 0 5 0 0 0 1 0 2 3 0 3 2 3 0 51 2 0 0 0 2 0 3 0 0 0 0 0 0 0 33 19 23 29 11 0 6 44 8 10 31 38 25 25 10 60 29 21 10 23 0 0 0 0 0 0 3 0 0 0 0 0 0 0 0 0 0 0 12 0 0 0 0 0 0 0 0 0 0 0 0 0 0 0 0 0 0 1 0 0 0 0 0 0 0 0 0 12 0 0 0 0 0 0 0 0 0 0 0 0 26 12 18 1 13 1 6 16 14 30 0 25 14 31 12 9 17 6 0 18 0 0 0 0 0 0 0 0 0 0 0 0 0 9 0 0 0 0 0 8 0 0 0 0 0 0 1 0 0 7 0 0 0 0 0 0 0 0 0 0 0 0 0 0 0 0 0 0 0 0 0 0 0 0 0 0 0 0 0 0 0 0 0 0 0 0 2 0 2 0 0 8 0 0 0 0 0 0 0 0 0 0 0 0 0 0 0 0 0 0 0 0 0 0 0 0 13 0 0 0 0 0 0 0 0 0 0 0 0 0 
 199 172 159 128 39 36 149 204 200 183 223 134 298 205 160 315 0 242 142 112 0 3 94 4 0 0 1 0 0 4 0 94 0 0 0 3 0 0 0 0 0 0 0 0 2 0 3 0 0 0 3 1 0 0 0 0 0 0 0 3 3 3 0 3 49 0 2 0 0 0 2 0 3 0 0 0 0 0 0 0 20 14 10 76 16 18 1 54 29 24 18 47 0 11 8 35 24 39 0 8 0 0 0 0 0 0 0 0 0 0 0 0 46 0 0 10 2 0 11 0 0 0 0 0 0 0 0 2 0 6 0 0 0 0 0 0 0 0 0 0 0 0 0 0 0 1 0 0 0 0 0 0 0 0 0 0 0 0 2 1 10 8 5 18 26 0 3 15 0 21 0 10 0 51 11 1 31 16 0 0 22 0 0 0 0 1 0 0 0 0 0 0 0 0 0 0 0 0 1 0 0 0 0 0 0 0 0 0 0 0 0 0 0 0 0 0 0 0 0 0 0 0 0 0 0 0 0 0 1 0 0 0 0 15 0 0 0 0 0 0 0 2 0 0 0 0 1 0 28 0 0 2 0 0 0 0 0 0 0 0 0 0 0 0 0 0 0 0 0 0 0 0 0 0 27 14 12 0 0 0 0 0 0 0 0 0 0 0 0 0 
 118 49 153 156 45 207 160 56 51 309 229 206 429 41 66 133 242 0 45 32 0 3 4 38 17 1 0 0 0 2 0 2 95 3 110 3 6 0 17 0 0 2 7 1 3 1 3 3 0 83 3 2 0 3 1 2 1 4 0 3 0 3 2 3 0 0 2 0 0 0 2 0 3 0 0 0 0 0 2 0 2 18 0 12 14 0 0 28 24 0 18 32 12 0 14 15 34 17 0 0 16 0 0 0 0 0 0 0 0 15 0 0 41 0 0 0 2 0 15 48 0 0 0 0 0 0 0 2 0 0 0 0 0 15 0 0 0 0 0 0 0 0 0 0 0 1 0 0 0 0 0 0 0 0 0 0 0 0 2 0 12 0 23 0 26 7 0 0 0 10 16 13 0 11 0 20 10 0 0 4 1 18 0 0 0 1 15 0 0 0 0 0 0 12 0 0 22 0 9 7 0 0 0 0 0 0 0 0 0 0 0 0 0 0 0 0 0 0 0 0 0 0 0 0 0 0 0 0 1 12 0 0 0 0 0 0 0 0 0 0 0 2 0 0 0 3 3 0 4 84 0 13 0 0 0 0 0 0 0 0 0 1 0 0 0 0 0 0 0 0 0 0 0 0 0 10 0 0 0 0 0 0 0 0 0 0 0 0 0 0 
 45 58 273 89 68 65 97 76 296 143 120 39 634 270 73 97 142 45 0 239 0 3 0 3 0 0 0 0 0 4 2 0 0 4 0 3 6 0 3 6 0 0 5 7 1 5 8 0 0 3 3 2 6 11 0 5 0 0 2 3 0 3 0 3 0 0 2 0 0 0 2 0 2 0 0 0 0 0 5 4 0 10 11 1 0 0 20 2 7 0 12 1 24 1 0 30 0 12 0 19 0 0 1 0 0 0 0 0 0 0 0 0 0 0 0 0 0 0 1 1 0 0 0 0 0 0 0 0 0 0 0 2 0 0 0 0 0 0 0 0 0 0 0 0 0 0 0 0 0 0 0 0 0 0 0 0 0 0 0 0 52 3 18 0 31 0 14 38 15 0 0 23 26 0 14 0 0 19 1 21 0 0 0 0 0 0 0 2 0 0 0 0 0 0 0 0 0 1 0 0 0 0 0 0 0 0 0 0 0 0 0 0 2 0 0 0 0 11 0 0 0 2 0 9 1 0 0 0 0 0 1 0 0 0 0 0 0 0 0 0 0 0 0 0 0 2 0 2 0 0 0 6 9 0 0 0 0 0 0 0 0 0 0 0 0 0 0 0 0 0 0 0 0 0 0 11 0 0 0 0 0 0 0 0 0 0 0 0 0 0 
 127 117 39 66 285 45 177 145 66 140 151 34 149 82 100 75 112 32 239 0 0 3 0 4 0 0 0 0 0 7 2 6 0 0 1 6 0 0 0 0 2 0 0 5 6 0 5 0 3 4 6 3 0 0 0 3 1 0 1 5 0 3 1 3 3 1 2 42 3 39 2 3 3 0 2 3 3 4 3 0 12 0 1 1 0 0 30 0 9 0 7 1 8 11 7 16 0 16 28 45 0 0 0 0 0 0 0 0 0 0 0 0 0 0 0 0 0 0 0 0 0 0 0 0 0 0 0 1 0 0 0 0 0 0 0 0 0 0 0 0 0 0 0 0 0 0 0 0 0 0 0 0 0 0 0 0 0 0 0 0 24 11 23 1 28 0 6 10 0 0 0 23 17 0 1 0 0 0 1 7 0 0 0 0 0 0 0 0 0 25 0 0 0 0 0 0 0 0 0 0 0 0 0 0 0 0 0 0 0 0 0 0 0 0 0 0 0 0 0 0 0 0 0 4 0 0 0 0 0 0 0 0 0 0 0 0 0 0 0 0 0 0 0 0 0 0 2 1 0 0 0 3 9 0 0 0 2 0 0 0 0 0 0 0 0 0 0 0 0 0 0 0 2 0 0 10 0 0 0 0 0 0 0 0 0 0 0 0 0 0 
 0 0 0 0 220 185 0 1 0 0 0 74 1 0 0 0 0 0 0 0 0 381 227 339 50 37 510 115 45 54 31 252 308 64 46 42 117 338 131 153 3 0 0 3 3 3 2 0 0 0 0 0 0 0 3 4 2 0 2 0 2 0 0 3 0 0 0 0 8 0 0 0 0 0 0 0 0 0 2 0 0 0 0 0 18 19 0 0 2 0 0 12 0 0 0 0 0 0 0 0 59 8 6 7 68 0 37 53 37 13 41 0 0 68 19 22 19 12 28 36 0 0 0 0 0 20 0 0 0 0 0 0 0 0 1 0 0 0 0 0 0 0 0 0 0 0 0 0 13 0 0 0 0 0 0 0 1 0 0 0 0 0 0 0 15 0 0 0 2 0 0 0 0 1 0 0 0 0 0 0 0 31 39 25 0 0 39 39 13 17 38 11 55 24 2 0 33 1 0 68 0 0 0 0 1 0 0 0 0 0 0 0 0 0 0 0 0 0 0 0 0 0 0 0 0 3 17 0 0 0 0 0 0 0 0 0 0 0 0 0 0 0 0 0 0 0 0 0 0 73 0 74 0 0 13 0 0 0 9 0 1 0 0 0 0 0 20 0 0 0 0 0 0 0 0 0 0 0 0 0 0 0 0 0 1 0 0 0 0 0 
 5 3 3 4 3 152 6 3 4 3 3 3 31 3 3 3 3 3 3 3 381 0 244 78 139 40 405 423 276 225 38 180 428 118 47 131 30 274 56 233 3 2 0 3 1 3 2 2 0 1 0 0 0 0 0 0 2 0 4 0 2 0 0 3 0 0 0 0 0 0 2 0 0 0 0 4 0 0 2 46 0 0 0 0 19 19 0 0 1 0 0 0 0 0 2 0 0 1 1 1 13 11 6 4 11 0 0 15 40 0 16 2 2 12 21 51 42 0 9 20 0 0 0 1 0 0 0 0 0 0 0 0 11 1 0 0 0 0 3 0 2 0 0 1 2 0 0 0 0 0 0 3 0 0 0 0 1 0 0 0 0 0 0 0 15 11 0 0 0 1 0 0 0 19 0 0 0 0 0 0 14 0 17 29 0 0 0 24 23 27 5 14 45 0 28 56 24 27 12 0 0 0 0 0 0 0 0 0 0 30 0 0 0 0 0 0 0 0 0 0 0 0 0 0 0 0 0 0 0 0 0 0 1 0 0 0 0 0 0 0 0 0 0 0 0 0 0 0 0 36 0 0 0 0 14 2 0 0 77 0 13 15 0 0 0 0 0 0 0 0 0 0 0 0 0 10 0 0 0 0 0 0 0 21 0 0 0 0 0 0 
 0 0 0 0 2 76 0 0 0 0 0 0 77 0 2 0 94 4 0 0 227 244 0 384 51 43 125 164 161 102 102 108 145 266 106 127 51 271 120 203 3 0 0 3 1 3 2 0 0 0 0 0 0 0 0 0 2 1 0 64 2 0 0 3 0 0 0 0 4 0 1 0 0 0 38 0 0 0 2 0 0 0 0 0 0 0 0 0 0 0 0 0 0 0 0 0 0 0 0 0 9 0 29 0 40 0 2 8 57 59 20 1 0 17 28 41 52 0 1 0 0 0 0 0 0 0 23 0 0 0 0 0 12 0 0 0 0 0 17 0 0 0 0 3 0 0 0 0 0 0 0 0 0 0 0 3 3 0 0 0 0 0 0 0 0 0 0 6 0 0 0 0 0 0 0 0 0 20 0 0 0 1 38 15 18 0 19 50 11 21 2 13 32 0 10 45 21 29 0 17 0 0 0 0 0 0 0 0 0 0 0 0 22 0 1 0 35 0 0 0 0 0 0 0 0 0 0 0 0 0 0 0 0 0 0 0 0 0 0 0 0 0 0 0 0 0 0 0 0 0 0 0 0 0 10 0 1 0 1 0 0 17 0 0 0 0 17 0 0 0 0 0 0 52 0 0 0 0 0 0 0 0 0 0 0 0 0 0 0 0 
 2 1 3 2 4 1 2 1 1 2 2 2 1 2 4 1 4 38 3 4 339 78 384 0 229 111 249 161 201 398 145 70 74 307 162 308 211 52 136 63 25 63 1 4 0 3 3 0 11 0 0 0 117 80 3 2 3 1 136 65 2 4 0 3 0 0 0 0 0 0 0 0 1 4 0 0 9 0 2 0 0 6 0 0 0 0 0 0 1 0 0 0 0 0 0 0 0 0 0 0 18 11 0 0 12 1 13 20 0 11 64 18 0 1 0 10 10 0 0 0 4 19 0 0 0 0 0 0 13 0 0 0 11 1 1 0 0 0 0 26 0 0 0 16 0 12 0 0 0 0 0 0 0 0 0 5 6 6 0 0 0 0 0 0 2 0 0 0 0 11 0 0 31 0 0 11 0 0 0 1 0 11 33 15 0 14 0 18 17 21 1 13 0 0 13 57 20 0 0 9 38 0 18 0 0 0 29 12 0 0 0 0 17 0 11 1 0 0 13 0 0 0 0 0 0 0 0 0 0 0 0 0 0 0 0 0 0 0 0 0 0 0 0 0 0 0 0 0 0 0 0 1 0 0 21 0 2 78 85 2 4 3 0 0 0 0 0 0 0 0 0 0 0 0 0 0 0 0 0 0 0 0 0 0 0 9 14 0 0 0 
 0 0 0 1 0 0 0 0 0 0 0 0 0 2 0 0 0 17 0 0 50 139 51 229 0 362 217 136 259 126 71 119 79 79 121 165 33 248 63 373 66 0 0 3 4 3 2 0 0 0 0 0 74 0 0 0 213 0 21 0 2 0 0 3 0 0 0 0 0 0 0 0 0 0 0 0 0 0 2 0 0 0 0 0 0 0 0 0 0 0 0 0 0 0 0 0 0 0 0 0 7 12 0 0 0 11 0 0 0 12 11 0 0 0 0 12 18 0 0 0 28 0 0 0 0 0 14 7 1 0 14 0 38 0 12 15 0 0 9 18 0 0 0 5 0 0 0 0 0 24 0 0 0 0 0 20 4 0 0 0 0 0 0 12 0 0 0 1 0 5 0 2 0 0 0 4 17 0 2 0 0 1 7 9 0 6 0 10 32 10 0 11 0 0 0 20 6 0 0 0 0 14 37 0 0 0 8 0 0 0 0 0 44 0 4 0 1 0 20 1 0 0 2 0 0 0 0 0 0 0 0 0 0 0 2 0 0 0 0 0 0 0 0 0 0 0 0 0 0 0 0 0 0 0 12 0 2 76 75 0 2 13 0 0 0 0 0 0 0 0 0 0 0 0 0 0 0 0 0 0 0 0 12 0 12 9 0 0 0 0 
 0 0 0 72 0 0 0 0 2 0 0 0 0 0 0 0 0 1 0 0 37 40 43 111 362 0 67 46 372 148 143 61 121 56 53 140 275 253 43 65 131 193 63 3 0 3 71 115 59 0 0 0 0 42 85 0 10 0 126 7 2 37 4 3 3 0 50 0 0 0 0 5 2 0 0 0 0 0 2 0 0 0 0 0 0 0 0 0 0 0 0 0 0 0 0 0 0 0 0 0 0 0 0 0 0 19 0 0 16 0 0 12 0 0 0 0 0 4 0 0 0 1 0 11 12 0 22 1 31 1 0 13 0 50 20 22 11 14 2 34 0 0 1 0 1 0 2 0 1 0 0 2 0 0 0 2 0 0 0 0 0 0 0 0 0 10 0 0 0 0 0 2 3 0 0 4 0 0 2 6 0 0 0 0 30 38 0 0 0 0 0 0 0 0 0 0 0 0 0 0 21 12 1 0 0 0 17 33 68 35 16 14 22 20 0 7 0 10 18 40 0 0 1 0 0 0 0 1 0 0 0 0 0 0 0 0 0 0 0 0 0 0 0 0 0 0 0 0 0 0 0 0 0 0 9 4 1 0 1 1 2 1 0 0 0 0 0 0 0 0 0 0 0 20 0 0 0 0 0 0 0 27 0 0 23 0 0 0 0 0 
 0 0 0 0 112 121 2 0 0 0 0 1 0 0 1 0 1 0 0 0 510 405 125 249 217 67 0 95 103 104 29 25 200 366 249 107 37 137 61 35 3 0 0 3 1 3 5 0 0 3 0 0 1 0 0 0 4 0 2 0 3 0 0 2 0 0 0 0 0 0 0 3 3 0 0 0 0 0 5 48 0 0 0 1 6 6 0 0 0 0 0 13 0 26 0 0 0 0 0 0 10 13 41 14 20 0 9 61 54 0 12 13 0 43 13 103 11 0 28 8 0 0 0 0 0 0 0 0 0 0 0 0 0 0 0 0 0 0 0 0 1 0 0 1 0 0 0 0 0 0 0 0 0 0 0 0 0 0 0 0 0 0 0 0 13 13 0 0 2 0 0 0 0 6 0 0 0 0 0 0 1 0 10 37 0 0 13 14 17 32 6 10 64 9 14 9 10 15 2 0 0 0 0 0 0 2 0 0 0 0 0 0 0 0 0 0 0 0 0 0 0 0 0 0 0 0 0 0 0 0 0 0 0 0 0 0 0 0 0 0 0 0 0 0 0 0 0 0 0 76 0 0 0 0 11 0 0 0 39 1 2 0 0 0 0 0 0 0 0 0 0 0 0 0 0 13 0 0 0 0 0 0 0 0 0 0 0 0 0 0 
 0 0 0 0 0 59 5 0 0 0 2 0 0 0 0 0 0 0 0 0 115 423 164 161 136 46 95 0 192 93 36 66 208 312 71 117 104 38 165 175 3 0 0 3 2 3 4 0 0 3 0 2 63 0 0 0 2 0 0 0 2 2 0 3 0 0 0 2 0 0 0 0 0 0 4 0 0 0 5 1 0 0 0 0 8 11 0 0 0 0 0 0 0 0 0 0 0 0 0 0 0 14 19 47 0 0 0 0 24 8 7 39 0 0 33 15 29 13 0 6 0 0 0 0 0 0 0 0 0 0 0 0 23 0 0 0 0 0 1 0 0 0 0 0 0 0 0 0 0 0 0 0 0 0 0 0 0 0 0 0 0 0 0 19 8 15 0 0 0 0 0 0 0 2 0 0 0 0 0 0 0 0 0 13 0 0 0 13 26 26 15 20 22 0 15 41 0 39 6 0 0 0 0 0 0 0 0 0 0 0 0 0 11 15 0 0 0 0 0 19 0 0 0 0 0 0 0 0 0 0 0 0 0 0 0 0 0 0 0 0 0 0 0 0 0 1 0 0 2 72 0 0 0 0 5 0 0 1 1 0 13 0 0 0 0 2 0 0 0 0 0 0 0 1 0 13 0 0 0 0 0 0 0 0 0 12 0 0 0 0 
 0 0 0 1 0 2 0 0 2 0 0 0 0 0 0 0 0 0 0 0 45 276 161 201 259 372 103 192 0 171 194 96 113 177 247 307 134 46 102 74 3 0 0 5 1 3 2 0 7 0 0 0 68 0 3 0 6 0 0 10 5 0 0 9 0 0 0 0 1 0 20 0 4 0 0 0 7 0 2 1 0 0 0 2 0 0 18 0 0 0 0 0 0 0 0 0 0 0 0 0 18 0 27 21 14 41 1 0 31 20 22 55 0 1 11 0 38 32 0 0 0 0 0 0 0 0 34 0 0 0 0 0 16 9 1 0 0 0 3 11 0 0 0 5 0 0 0 0 0 0 0 0 0 0 0 5 5 6 0 1 0 0 0 1 0 0 0 0 0 0 0 0 0 0 0 0 0 0 0 0 0 24 20 0 34 15 0 5 63 4 40 20 2 18 24 21 30 28 0 0 0 0 0 0 0 0 70 0 0 0 0 0 19 4 0 1 0 0 0 19 0 0 0 0 0 0 0 0 0 0 0 0 0 0 0 0 0 0 0 0 0 0 0 0 0 0 0 0 0 0 0 0 0 0 256 0 0 80 0 1 17 3 0 0 0 0 0 0 0 0 0 0 0 0 0 0 2 0 0 0 0 0 1 0 0 2 0 0 0 0 
 2 2 2 3 2 3 2 2 2 3 4 84 2 2 2 2 4 2 4 7 54 225 102 398 126 148 104 93 171 0 134 58 138 89 176 92 425 252 110 162 66 0 0 3 0 3 2 0 0 0 0 0 30 66 0 0 3 0 126 68 2 4 0 3 0 0 0 47 0 0 8 0 0 2 0 0 15 0 2 0 0 0 0 0 0 0 0 2 0 0 0 0 0 0 0 0 0 0 0 0 0 0 31 14 0 0 0 16 36 1 6 75 0 2 25 9 0 13 0 0 7 18 0 0 0 0 0 0 0 17 0 0 10 0 1 0 0 0 12 6 0 0 0 0 0 0 0 0 1 0 0 0 0 1 0 0 0 0 0 0 0 0 0 0 0 0 0 0 0 2 0 0 0 0 0 3 0 0 0 0 0 7 9 18 16 0 0 0 0 0 1 13 19 0 11 0 9 22 0 0 17 0 15 0 0 2 0 9 7 0 0 0 0 0 8 0 0 13 9 12 0 0 0 0 0 0 0 0 0 0 0 0 0 0 0 0 0 0 0 0 0 0 11 0 0 0 0 0 0 0 0 0 0 2 14 2 3 0 75 0 2 9 0 0 2 0 0 0 0 0 0 0 0 0 0 0 0 0 0 0 0 0 1 0 0 0 14 10 0 0 
 0 0 1 0 0 1 0 0 1 0 2 0 0 2 1 0 0 0 2 2 31 38 102 145 71 143 29 36 194 134 0 35 45 296 237 207 331 199 41 136 3 3 0 3 1 5 3 0 2 0 0 2 2 0 0 0 8 1 0 70 2 0 0 3 0 0 0 0 0 3 8 0 2 0 0 0 0 0 2 0 0 0 0 0 0 0 0 0 0 0 0 1 0 0 0 0 0 0 0 0 0 0 37 5 34 29 0 0 9 33 1 16 0 1 21 0 0 10 0 0 0 0 0 0 0 0 16 0 0 15 0 0 48 0 35 0 0 0 16 0 14 0 8 4 0 2 0 0 0 0 0 0 8 0 0 5 0 13 0 0 0 0 0 0 0 0 0 5 0 0 0 0 0 0 0 0 0 27 0 0 0 22 15 25 56 27 0 41 18 1 13 10 0 5 13 22 6 24 0 0 20 0 0 0 0 0 23 0 19 0 0 0 16 0 0 10 0 17 0 21 20 0 0 0 0 1 0 0 0 0 0 0 0 0 0 0 0 1 0 0 0 0 12 0 0 0 1 0 0 0 0 0 0 0 12 1 0 95 0 0 5 0 1 1 0 0 0 0 0 0 1 0 0 0 0 0 0 0 0 0 0 0 0 0 1 0 1 0 0 0 
 0 0 0 0 0 0 0 0 1 0 2 0 0 0 0 0 94 2 0 6 252 180 108 70 119 61 25 66 96 58 35 0 34 41 327 57 331 510 155 109 7 1 3 3 10 8 2 62 0 0 3 22 24 124 0 0 5 5 65 66 2 5 0 3 2 2 0 2 0 0 3 0 1 0 0 0 10 0 2 1 0 0 1 0 0 0 0 0 0 0 0 1 0 0 0 0 0 0 0 0 0 0 0 9 15 9 0 32 51 0 17 28 0 0 9 14 11 28 1 0 7 20 0 0 0 0 19 0 0 10 0 0 12 0 25 27 0 0 73 9 0 0 0 0 0 0 0 0 0 0 0 1 30 0 0 2 0 0 0 0 0 0 0 0 0 0 0 0 0 0 0 2 0 14 0 0 0 0 2 1 0 7 9 15 21 17 0 7 1 1 30 0 13 0 20 19 10 16 16 0 19 14 34 0 0 0 19 20 0 0 0 0 0 0 0 9 0 14 14 26 0 0 2 0 0 0 0 0 0 0 0 0 0 0 0 0 0 0 0 0 0 0 10 0 0 0 0 0 0 0 0 0 0 0 11 2 0 73 0 1 9 2 0 0 0 0 0 0 0 0 0 0 0 0 0 0 0 0 0 0 0 12 18 0 0 0 14 0 0 0 
 0 5 146 17 1 76 0 0 0 0 75 113 0 0 1 0 0 95 0 0 308 428 145 74 79 121 200 208 113 138 45 34 0 118 124 34 126 43 94 91 3 0 22 5 2 3 2 2 1 0 0 0 0 0 0 0 2 2 0 0 2 0 0 3 0 0 0 0 0 0 0 0 0 0 0 0 0 46 2 0 0 12 0 23 0 0 0 0 0 0 0 2 0 0 0 0 28 0 0 0 42 12 0 3 11 0 0 22 30 12 7 33 13 0 0 26 11 12 21 32 0 0 0 0 0 0 0 0 0 2 0 0 35 0 0 0 0 0 15 0 0 0 0 1 0 0 0 0 0 0 0 0 0 0 0 0 0 0 0 0 0 0 0 1 1 24 0 0 0 0 18 0 0 0 0 0 1 0 0 0 26 21 28 38 0 0 10 0 2 0 0 14 20 11 12 0 20 19 20 8 0 0 2 0 0 0 0 0 0 0 0 0 0 0 0 0 0 0 0 0 0 0 0 0 0 0 0 0 0 0 0 0 0 1 0 0 0 0 0 0 0 0 0 0 0 0 74 0 0 146 0 0 0 0 12 0 0 0 0 2 2 14 0 0 0 0 0 0 0 0 0 0 0 0 0 11 0 0 0 0 0 0 0 0 0 0 0 0 0 0 
 0 0 0 75 154 0 0 2 1 0 74 74 2 0 0 0 0 3 4 0 64 118 266 307 79 56 366 312 177 89 296 41 118 0 191 56 294 113 314 277 62 0 1 3 1 3 3 0 0 0 1 12 0 0 67 0 228 21 0 0 2 0 0 3 0 0 3 0 1 0 2 0 2 0 0 7 0 0 3 0 0 0 0 1 0 11 2 0 0 0 0 0 0 0 0 0 0 0 0 0 10 7 0 11 0 24 3 17 0 14 13 0 9 15 24 0 19 23 12 0 0 0 0 0 0 0 1 0 0 0 0 0 0 0 0 0 0 0 8 0 12 0 0 0 0 0 0 0 58 0 0 0 0 0 0 0 0 0 0 2 0 0 0 0 0 15 0 0 0 0 1 0 4 0 0 0 0 0 0 0 0 23 2 0 0 0 12 60 12 12 17 0 30 12 0 22 12 35 0 2 0 0 0 0 0 0 0 0 0 0 0 0 0 1 0 0 0 22 0 0 0 0 0 0 0 0 0 0 0 0 0 0 0 0 0 0 0 0 0 0 0 0 0 0 0 0 1 0 0 0 0 0 0 0 3 0 2 1 9 0 0 0 5 21 0 0 0 0 0 0 0 0 0 0 0 0 0 0 0 9 0 2 0 0 0 0 0 0 0 1 
 74 0 0 0 0 1 2 0 0 0 2 0 0 0 0 0 0 110 0 1 46 47 106 162 121 53 249 71 247 176 237 327 124 191 0 250 164 252 110 259 6 105 0 5 4 6 4 0 0 3 0 0 3 0 0 2 3 0 3 0 2 1 0 3 3 0 5 0 0 0 5 3 0 0 0 0 0 0 8 1 0 0 0 0 0 0 0 0 0 0 0 0 0 0 0 0 0 0 0 0 0 0 24 49 43 21 0 0 19 22 15 13 0 0 21 0 1 34 0 0 0 0 0 0 0 0 28 0 0 0 0 0 14 0 27 0 0 0 17 10 0 0 0 4 0 0 0 0 0 0 0 12 8 0 1 5 0 7 0 0 1 0 0 0 0 0 0 0 0 0 0 0 0 0 0 0 0 0 0 0 0 22 23 39 14 49 0 11 39 0 89 16 0 16 52 23 10 49 0 0 24 0 0 0 0 0 20 11 1 0 0 0 22 0 0 10 0 0 0 20 0 0 0 0 0 0 0 0 0 0 0 0 0 0 0 0 0 0 0 0 0 0 0 0 0 0 0 0 0 0 0 0 0 0 10 0 0 161 0 2 0 3 0 0 0 0 0 0 0 0 0 0 0 0 0 0 0 0 0 0 0 0 0 0 0 0 0 0 0 0 
 8 6 3 3 78 3 6 5 3 3 3 3 3 3 3 3 3 3 3 6 42 131 127 308 165 140 107 117 307 92 207 57 34 56 250 0 151 135 257 135 4 1 1 3 2 3 4 4 11 2 0 0 54 58 4 4 6 2 2 6 2 0 0 3 0 0 0 0 0 0 2 0 1 0 0 0 0 0 4 51 0 11 0 0 0 0 0 0 0 0 0 0 0 0 0 0 1 0 0 0 18 10 10 24 0 25 0 4 16 25 34 20 0 1 13 5 11 31 0 1 0 0 0 0 0 0 4 0 1 0 0 0 11 8 0 0 0 0 7 8 3 0 0 5 2 0 0 0 0 0 0 1 0 0 0 5 5 5 0 0 0 0 0 0 0 0 0 0 2 0 0 0 0 8 0 0 0 0 0 0 0 22 19 0 0 0 1 51 45 18 23 12 0 2 0 38 32 8 9 1 0 0 0 0 0 0 45 0 0 0 0 11 17 2 0 1 0 0 0 0 0 0 0 0 0 0 0 0 0 0 0 0 0 0 0 0 0 0 0 0 0 0 0 0 0 0 0 0 21 1 0 0 0 0 5 0 1 77 1 1 3 4 0 0 0 9 1 0 0 0 0 0 0 0 0 0 0 0 0 0 0 9 1 0 0 9 0 0 0 0 
 0 0 1 0 0 5 0 0 3 0 0 0 1 0 0 0 0 6 6 0 117 30 51 211 33 275 37 104 134 425 331 331 126 294 164 151 0 67 116 155 2 0 0 2 1 3 2 0 0 5 0 0 0 0 5 5 1 0 0 20 2 6 6 3 0 0 0 0 0 0 1 0 2 3 0 0 0 0 2 1 0 0 0 0 0 0 0 0 0 1 0 0 0 0 0 0 0 0 0 0 1 0 28 23 52 0 35 0 10 29 11 27 18 12 11 0 25 33 0 0 0 26 0 0 0 0 0 0 0 0 0 0 19 11 32 0 0 0 18 10 14 18 0 4 0 0 0 0 0 0 0 0 8 0 0 5 2 7 0 0 0 17 0 0 0 0 0 1 0 0 0 0 0 0 0 0 0 0 0 0 0 7 37 29 29 39 0 15 105 0 29 18 1 0 23 7 14 27 0 14 35 0 0 0 0 0 21 1 0 0 0 0 0 0 0 10 0 0 0 19 19 0 0 0 0 0 0 0 0 0 0 0 0 0 0 0 0 2 0 0 0 0 0 0 0 0 0 0 0 0 0 0 0 1 3 0 2 83 2 1 9 0 0 0 0 0 0 0 0 0 0 0 0 31 0 0 0 0 0 0 0 0 0 0 0 0 21 0 0 0 
 0 2 0 0 0 0 0 0 0 0 0 0 0 0 0 0 0 0 0 0 338 274 271 52 248 253 137 38 46 252 199 510 43 113 252 135 67 0 29 67 3 0 0 3 3 4 5 60 0 3 0 0 19 72 0 3 2 0 11 83 2 2 3 3 0 1 0 0 4 0 0 40 1 0 0 0 3 3 2 0 0 0 11 0 0 0 0 0 0 0 0 0 0 0 0 0 0 0 0 0 0 9 0 10 24 1 26 19 0 18 11 18 0 26 11 11 14 29 0 0 16 0 14 0 0 0 14 0 11 0 0 0 6 9 13 0 0 0 34 9 0 0 0 0 0 0 0 0 0 0 0 0 3 13 0 0 0 0 0 0 0 0 0 0 0 0 0 3 0 0 0 0 0 0 0 0 0 0 0 0 0 1 28 18 9 14 19 20 0 23 51 28 0 1 12 30 14 38 0 28 8 0 11 0 0 0 11 9 0 0 0 0 9 11 11 17 0 0 23 0 0 0 0 0 0 0 0 0 0 0 0 0 0 0 0 0 0 0 0 0 0 0 0 0 0 0 0 0 0 0 0 0 0 0 19 7 1 146 76 3 1 1 0 0 0 0 18 0 0 0 1 0 0 35 0 0 0 0 0 0 0 12 0 0 0 0 0 0 0 0 
 0 0 73 93 73 74 0 0 2 0 0 89 0 0 1 0 0 17 3 0 131 56 120 136 63 43 61 165 102 110 41 155 94 314 110 257 116 29 0 177 2 0 0 2 5 3 2 1 2 0 6 2 0 79 0 0 1 0 72 62 2 1 0 3 0 0 0 0 0 2 0 0 0 1 0 0 8 0 2 1 0 0 0 26 18 1 0 0 0 9 0 0 0 0 0 0 0 0 0 15 11 37 0 0 0 0 0 14 0 18 0 19 13 0 0 0 9 22 2 11 0 7 0 0 0 0 0 0 0 0 0 0 0 0 0 0 0 17 0 0 0 0 0 0 0 0 0 0 0 0 0 0 0 0 2 0 0 0 0 1 0 0 0 0 0 0 0 0 0 0 0 46 0 0 0 0 0 0 0 0 14 38 1 0 0 0 24 0 0 1 0 6 2 0 0 0 10 8 0 8 32 0 0 0 0 0 0 10 0 0 0 0 0 2 0 0 0 0 0 0 0 0 0 0 0 0 0 0 0 0 0 0 0 0 4 0 0 0 0 0 0 0 0 0 0 0 0 0 2 76 0 0 0 0 11 0 2 2 0 3 0 0 0 0 0 0 0 0 0 0 0 0 0 0 0 0 2 0 0 0 0 0 0 0 0 0 12 0 0 0 
 2 0 0 77 36 2 0 0 0 0 0 26 0 0 0 0 0 0 6 0 153 233 203 63 373 65 35 175 74 162 136 109 91 277 259 135 155 67 177 0 3 63 0 3 63 3 3 19 0 0 14 0 203 0 0 0 3 0 0 0 3 0 0 2 0 0 0 0 4 0 0 0 3 0 0 0 0 0 2 2 0 0 0 0 18 0 0 0 15 1 0 0 0 0 2 0 0 2 1 0 18 50 23 27 17 1 10 27 27 22 17 10 0 16 47 19 55 71 0 19 0 0 0 2 0 0 0 0 0 0 0 0 0 0 0 0 0 0 31 0 0 0 0 0 0 1 0 0 0 0 0 0 0 0 2 0 0 0 0 0 0 0 0 0 0 0 0 0 0 0 22 3 0 0 0 2 0 0 0 0 24 32 26 20 12 0 37 19 7 4 28 2 32 2 33 41 31 86 2 18 0 1 0 0 0 0 0 0 0 0 0 0 0 0 0 0 0 0 0 10 0 0 0 0 0 0 0 0 0 2 9 2 1 0 0 0 0 0 0 0 0 0 0 0 0 0 74 0 0 0 0 0 0 0 8 0 4 1 0 0 12 1 0 0 0 0 18 0 0 0 0 0 0 0 0 0 0 0 0 0 0 0 0 0 0 0 0 0 0 0 
 0 0 0 0 0 0 0 2 0 0 0 0 0 0 0 0 0 0 0 2 3 3 3 25 66 131 3 3 3 66 3 7 3 62 6 4 2 3 2 3 0 205 393 47 43 41 326 345 54 109 33 32 351 140 121 101 221 67 129 42 0 0 5 0 2 0 0 5 0 0 0 204 0 0 0 7 3 4 0 0 0 0 0 0 0 0 0 0 0 0 0 0 0 0 0 0 0 0 0 0 0 0 0 0 0 0 0 0 0 0 0 0 0 0 0 0 0 0 0 0 5 0 22 3 13 14 18 12 6 0 13 27 0 0 3 0 22 15 0 47 0 0 6 0 3 8 0 0 0 0 0 4 0 0 0 24 22 0 0 0 0 0 0 0 0 0 0 0 0 3 0 0 4 0 0 7 0 0 0 1 0 0 0 2 10 38 0 0 0 0 0 0 0 0 0 0 0 0 0 0 23 19 44 2 42 1 0 14 0 41 0 25 23 0 24 21 5 12 64 5 0 0 0 10 15 0 0 0 9 17 0 0 9 0 0 0 0 9 14 0 0 0 0 0 0 0 0 0 0 0 0 1 0 1 0 0 0 0 21 2 0 1 2 0 3 0 2 0 0 0 0 0 0 0 0 2 0 0 0 0 0 0 0 0 18 20 0 0 2 0 
 38 2 0 0 0 0 0 2 0 0 0 0 0 0 0 0 0 2 0 0 0 2 0 63 0 193 0 0 0 0 3 1 0 0 105 1 0 0 0 63 205 0 426 59 37 311 149 74 183 21 40 119 86 193 189 156 168 86 290 34 0 3 2 0 1 4 204 0 0 0 0 1 0 2 0 0 0 0 0 2 0 0 0 20 0 0 0 0 0 0 0 0 0 0 0 0 0 0 0 0 0 0 0 0 0 13 0 4 0 0 14 11 17 0 0 1 0 0 0 0 6 20 52 0 36 1 0 0 33 0 0 16 0 19 10 32 18 15 0 7 10 0 0 0 0 0 0 0 0 0 0 0 8 0 0 0 0 0 0 0 0 0 0 0 0 0 0 0 0 2 0 0 3 0 0 8 0 0 0 0 0 0 0 18 0 29 0 0 0 0 0 0 0 0 0 0 0 0 0 0 25 0 34 1 0 0 14 65 27 14 34 22 0 2 2 28 13 16 17 30 0 0 0 0 0 0 15 0 0 0 0 0 13 0 0 0 0 0 0 0 0 0 0 0 0 0 0 0 0 0 0 27 0 0 0 0 0 0 75 0 0 0 0 0 2 4 0 0 0 0 0 0 0 0 0 0 0 0 0 0 0 0 0 0 42 0 0 0 0 0 
 0 0 0 3 0 5 0 0 0 0 6 20 0 0 0 0 0 7 5 0 0 0 0 1 0 63 0 0 0 0 0 3 22 1 0 1 0 0 0 0 393 426 0 175 66 305 156 100 134 378 110 21 365 64 110 251 43 72 96 19 0 0 0 0 0 0 0 0 0 0 0 0 7 6 0 4 0 0 51 0 2 0 0 0 0 0 0 0 0 0 0 4 0 0 0 0 7 0 0 0 0 0 0 0 0 11 0 0 0 0 0 0 15 0 0 0 0 0 6 0 7 21 0 28 1 2 0 11 8 10 11 0 0 14 0 20 0 21 0 12 0 0 0 0 0 0 1 0 0 0 0 0 10 20 0 0 0 0 0 0 0 0 0 0 2 3 0 0 0 0 0 0 0 0 0 5 3 0 0 0 0 1 0 0 11 0 0 0 0 0 0 0 0 6 0 0 0 0 5 0 0 0 0 0 10 24 9 0 15 28 6 6 5 27 0 29 0 12 0 19 3 0 0 0 0 0 57 3 0 0 0 0 1 0 0 0 0 0 14 5 0 0 0 0 0 0 1 0 0 0 0 2 0 1 0 0 0 0 0 12 0 0 0 4 0 4 0 0 0 0 0 0 0 0 0 0 0 0 0 0 0 0 0 0 0 7 0 18 2 0 
 0 0 2 0 0 1 1 3 0 47 0 0 0 0 0 0 0 1 7 5 3 3 3 4 3 3 3 3 5 3 3 3 5 3 5 3 2 3 2 3 47 59 175 0 157 109 133 95 111 129 254 236 43 78 51 153 49 79 70 62 57 53 0 0 4 4 208 25 58 0 0 1 0 0 7 0 0 2 73 19 0 0 0 0 0 0 0 0 0 0 0 0 0 0 0 0 0 0 0 0 0 0 1 0 0 0 0 0 0 0 0 0 0 0 0 0 0 0 0 0 0 13 0 4 0 0 0 0 13 3 0 30 0 0 0 32 0 38 0 0 13 6 0 0 0 0 6 4 10 10 10 0 7 19 5 1 3 0 16 20 0 0 0 0 2 14 0 0 0 0 0 0 0 0 0 0 0 0 0 0 0 0 0 4 0 0 0 8 0 0 0 0 0 0 0 0 0 0 0 0 0 0 0 13 0 25 0 0 0 6 0 14 0 0 0 56 0 41 0 0 40 0 29 0 0 4 26 13 1 12 0 0 0 0 0 8 0 0 46 21 0 0 55 0 0 0 0 0 0 0 0 9 0 0 0 0 0 0 0 72 0 2 4 1 0 4 2 1 2 0 0 0 0 0 0 3 0 0 0 0 0 0 0 0 0 4 0 0 0 0 
 2 41 0 3 1 0 2 64 65 2 0 3 1 65 0 0 2 3 1 6 3 1 1 0 4 0 1 2 1 0 1 10 2 1 4 2 1 3 5 63 43 37 66 157 0 85 47 65 178 307 93 103 58 81 61 175 148 78 74 96 0 0 0 0 0 1 0 3 0 0 0 0 0 46 2 4 0 0 0 0 0 0 0 0 4 12 0 0 0 13 13 0 0 0 0 0 16 0 0 0 0 0 0 0 0 6 10 0 0 0 0 10 10 0 0 0 0 0 0 9 4 11 1 0 0 3 7 3 8 29 18 14 11 0 14 14 0 13 5 0 0 0 0 0 0 1 0 0 10 0 0 0 0 1 15 0 13 0 0 14 0 0 0 13 0 13 0 0 18 3 13 0 0 0 0 0 0 0 0 0 0 0 0 0 6 11 0 0 0 0 1 0 0 0 0 0 0 0 9 1 0 23 7 7 19 0 3 0 24 25 15 0 2 0 0 0 0 22 9 7 10 0 0 0 0 0 14 0 0 0 0 0 16 0 59 0 0 0 27 0 0 0 22 0 0 0 75 0 0 0 0 6 0 0 0 0 0 0 0 1 17 0 2 0 1 6 6 6 0 0 0 0 0 0 0 0 0 10 0 0 0 0 4 0 1 0 0 20 0 1 
 0 3 0 0 0 0 0 0 0 0 35 0 0 0 0 6 0 1 5 0 3 3 3 3 3 3 3 3 3 3 5 8 3 3 6 3 3 4 3 3 41 311 305 109 85 0 29 42 47 110 187 219 39 254 278 281 58 33 62 34 101 53 0 3 0 0 0 51 1 0 0 0 0 2 0 0 0 2 0 46 0 0 0 67 0 0 0 0 0 0 0 0 0 0 0 36 0 0 0 0 0 0 0 0 0 0 0 0 0 0 0 11 0 0 0 0 0 0 0 0 0 0 0 20 1 10 0 0 0 0 0 0 0 0 0 0 0 0 0 0 16 12 0 0 0 0 17 5 31 22 9 0 0 22 0 12 0 2 42 20 0 6 0 0 0 0 0 0 0 0 0 0 0 0 0 0 0 2 0 0 0 0 0 0 0 0 0 0 0 0 0 0 0 0 0 0 0 0 0 0 0 0 0 0 10 3 22 10 0 0 0 8 0 0 0 0 0 13 0 0 10 14 7 19 11 0 3 20 33 22 0 0 0 0 0 7 0 0 11 33 0 0 0 0 0 0 2 0 0 0 0 0 0 0 0 1 0 0 0 0 0 0 9 0 0 0 1 0 0 0 0 0 0 0 0 0 0 0 0 0 0 0 0 1 0 0 0 0 13 0 
 5 5 3 3 3 3 5 3 3 3 3 3 3 3 3 3 3 3 8 5 2 2 2 3 2 71 5 4 2 2 3 2 2 3 4 4 2 5 2 3 326 149 156 133 47 29 0 194 208 29 42 35 479 139 157 168 160 65 127 257 0 0 1 0 0 0 0 0 0 0 0 0 0 52 3 0 0 0 6 2 0 0 0 0 0 0 0 0 0 0 0 0 0 0 0 0 0 0 0 0 0 0 0 0 0 30 0 0 0 0 0 0 0 0 0 0 0 0 0 0 7 46 20 6 0 34 20 2 18 11 40 0 0 27 0 23 46 21 0 0 0 0 0 0 0 0 10 0 0 0 0 1 3 0 0 0 0 0 0 5 0 0 0 0 0 8 0 0 0 0 0 0 0 0 0 0 0 21 0 13 0 0 0 0 1 0 0 0 0 0 0 0 0 0 0 0 0 0 0 0 0 3 23 38 31 1 21 24 18 7 51 10 1 63 10 18 3 0 1 18 0 0 0 0 0 0 7 0 0 0 0 0 13 7 0 0 0 0 20 0 0 0 0 0 0 0 0 0 1 0 0 14 0 2 0 0 0 1 0 1 0 0 0 0 35 0 1 0 1 0 0 0 0 0 0 0 0 0 0 0 0 0 0 0 20 1 0 0 1 0 
 0 0 0 0 3 0 0 0 0 0 0 5 0 2 0 0 0 3 0 0 0 2 0 0 0 115 0 0 0 0 0 62 2 0 0 4 0 60 1 19 345 74 100 95 65 42 194 0 290 55 51 30 147 165 178 105 34 51 281 113 0 0 7 0 0 2 0 0 0 0 0 10 6 24 0 0 0 0 0 0 0 0 0 4 0 0 0 0 0 3 0 0 0 0 0 0 0 0 0 0 2 20 0 0 1 0 0 0 0 3 0 0 0 0 0 0 2 0 0 4 12 0 16 10 0 0 8 42 0 0 3 54 0 25 13 18 0 1 4 59 0 0 0 0 0 0 0 0 0 0 0 0 1 0 0 10 0 0 0 0 0 0 0 0 0 13 0 0 0 0 11 6 0 0 0 0 0 0 0 4 2 3 0 1 71 3 3 0 0 1 9 0 0 0 0 0 0 1 0 0 17 41 5 3 0 0 2 17 36 10 0 10 2 25 0 12 0 0 91 10 0 0 0 0 0 0 0 0 0 0 0 11 0 0 0 0 0 0 0 0 0 0 0 0 0 0 3 0 0 0 0 8 0 1 0 0 0 0 0 2 0 0 0 0 0 21 0 0 0 0 9 0 0 0 0 0 0 0 0 0 0 16 0 10 12 0 0 0 2 0 
 0 0 0 0 0 5 0 0 0 0 0 68 0 0 0 64 0 0 0 3 0 0 0 11 0 59 0 0 7 0 2 0 1 0 0 11 0 0 2 0 54 183 134 111 178 47 208 290 0 65 44 34 71 85 133 118 69 165 165 79 0 0 0 0 0 4 0 30 0 0 0 0 0 0 7 0 0 0 0 0 13 0 0 0 0 0 0 0 0 0 0 0 0 0 0 19 8 0 0 0 0 0 7 0 0 21 0 0 7 0 0 4 0 0 0 0 0 12 0 0 0 15 0 0 0 9 0 0 46 27 5 19 0 11 0 44 0 29 0 5 0 0 0 0 0 0 0 0 0 0 0 0 0 6 5 0 3 0 0 11 0 0 0 0 0 7 0 0 0 0 0 0 56 0 0 4 0 0 0 6 0 0 0 0 0 13 0 0 5 0 5 0 0 0 0 0 0 0 0 0 7 9 0 22 27 0 13 23 50 29 18 0 23 53 0 0 9 0 0 20 4 0 0 0 0 0 9 14 0 0 0 0 9 0 15 0 0 0 35 0 0 0 34 0 0 0 0 0 0 0 0 5 0 1 0 0 0 0 0 2 0 0 2 0 63 0 1 1 2 0 0 0 0 0 0 0 0 0 0 0 0 11 0 0 25 0 0 1 0 0 
 0 0 0 0 1 2 3 0 0 0 0 0 0 0 0 0 0 83 3 4 0 1 0 0 0 0 3 3 0 0 0 0 0 0 3 2 5 3 0 0 109 21 378 129 307 110 29 55 65 0 207 89 113 48 123 86 142 65 278 78 0 1 0 0 0 0 6 0 2 0 0 0 7 0 0 3 1 0 9 0 0 0 0 0 0 0 0 0 0 0 0 0 0 0 0 0 0 3 0 0 0 0 0 0 0 0 0 0 0 0 0 0 0 0 0 0 0 0 0 0 7 0 22 66 3 49 37 41 0 9 28 19 0 7 0 16 39 0 0 21 22 0 16 0 0 0 7 0 22 14 18 6 6 18 10 0 0 0 0 42 0 0 0 0 11 0 0 0 0 0 0 0 0 0 0 0 0 0 0 0 0 0 0 0 0 0 12 0 0 0 0 0 0 0 0 0 0 0 0 0 0 35 4 0 32 5 8 0 0 22 0 1 20 12 13 36 26 0 0 8 9 0 7 0 0 0 0 3 0 1 0 0 23 0 0 3 6 0 15 22 0 0 0 0 0 0 0 0 0 0 0 10 0 2 0 0 0 0 0 8 0 2 1 0 0 29 3 0 0 0 0 0 0 0 0 0 0 0 0 0 0 0 0 0 0 26 0 0 0 0 
 3 3 3 3 6 9 3 5 3 3 3 5 3 9 3 3 3 3 3 6 0 0 0 0 0 0 0 0 0 0 0 3 0 1 0 0 0 0 6 14 33 40 110 254 93 187 42 51 44 207 0 109 533 58 53 66 103 121 32 61 19 0 0 0 0 0 0 0 0 0 0 0 80 1 0 64 0 0 109 52 0 0 0 0 0 0 0 0 0 4 0 0 0 0 0 0 0 0 0 0 3 16 0 0 0 0 7 0 0 6 0 0 0 0 0 0 4 0 0 3 11 14 0 18 3 18 0 7 0 13 36 9 0 0 0 13 50 22 0 0 8 16 8 0 0 0 0 7 6 12 40 0 4 0 9 0 0 0 11 11 0 0 0 0 6 0 0 0 0 0 35 7 0 0 0 0 0 0 0 0 5 6 0 0 0 0 6 0 0 0 2 0 0 0 0 0 0 3 0 0 0 0 9 12 19 16 9 0 29 0 0 33 0 10 8 29 18 41 0 0 1 0 9 0 0 0 27 19 0 6 0 0 0 0 0 12 0 0 0 15 0 0 0 0 0 0 6 0 0 0 0 9 0 1 0 0 0 0 0 2 0 0 66 1 0 8 2 0 0 0 0 0 0 0 0 0 0 0 0 0 0 4 0 0 0 0 0 0 1 0 
 0 0 2 0 0 3 1 0 1 0 0 0 0 0 0 0 1 2 2 3 0 0 0 0 0 0 0 2 0 0 2 22 0 12 0 0 0 0 2 0 32 119 21 236 103 219 35 30 34 89 109 0 29 9 29 140 161 213 16 40 0 34 0 0 0 6 31 5 0 0 0 0 54 51 8 6 1 0 59 50 0 0 0 0 0 0 0 0 0 0 0 0 0 0 0 0 0 0 0 0 0 0 0 0 0 0 0 0 0 0 0 0 0 0 0 0 0 0 0 0 0 0 16 28 31 0 0 0 7 12 0 71 0 0 0 0 0 40 0 0 39 15 13 0 8 0 0 16 21 5 6 0 26 15 52 0 0 0 31 34 0 0 0 0 0 0 0 0 0 0 0 0 13 11 0 0 0 0 0 13 0 0 0 0 0 0 0 25 0 0 0 0 0 0 0 0 0 0 0 0 0 0 0 0 10 39 0 0 0 0 21 0 0 0 0 0 14 29 0 0 0 0 2 0 0 0 41 21 0 0 0 0 12 14 56 0 2 0 32 21 0 0 0 0 0 0 0 0 0 0 0 3 0 0 0 0 0 0 0 16 0 0 2 63 0 2 1 2 2 0 0 0 0 0 0 0 0 0 0 0 0 0 0 0 0 12 0 0 0 0 
 0 0 0 0 0 0 0 0 0 5 0 0 2 6 3 5 0 0 6 0 0 0 0 117 74 0 1 63 68 30 2 24 0 0 3 54 0 19 0 203 351 86 365 43 58 39 479 147 71 113 533 29 0 137 42 33 82 44 133 75 0 0 0 0 0 0 0 0 0 0 0 3 49 0 0 2 0 0 6 0 0 16 6 0 0 0 0 1 0 0 5 0 7 0 0 7 0 0 0 8 0 7 0 0 13 0 10 0 0 0 0 0 0 0 0 0 0 0 0 0 22 0 0 0 0 0 0 9 0 11 7 0 6 0 11 0 0 0 15 30 0 0 0 0 0 0 0 0 0 0 0 0 5 0 21 0 0 0 0 0 5 0 3 0 0 0 12 1 28 6 0 0 6 0 0 8 0 6 0 5 0 0 0 22 9 26 0 0 0 9 19 7 0 0 0 14 0 0 0 0 6 0 43 0 5 0 10 9 8 0 0 10 20 15 9 16 0 0 25 0 0 0 0 0 0 0 0 0 0 0 0 0 0 0 0 0 0 0 0 0 0 0 0 0 0 0 0 0 0 0 0 26 0 0 0 0 0 127 88 0 0 0 0 0 0 4 1 0 0 0 0 0 0 0 0 0 0 0 0 0 0 10 0 0 0 42 0 0 2 0 
 0 2 0 0 0 0 0 0 0 0 0 0 0 0 0 0 0 3 11 0 0 0 0 80 0 42 0 0 0 66 0 124 0 0 0 58 0 72 79 0 140 193 64 78 81 254 139 165 85 48 58 9 137 0 239 270 53 262 387 182 0 0 3 0 0 0 0 4 0 0 0 7 0 1 0 0 7 5 0 0 0 0 0 0 0 0 0 0 0 0 0 0 0 0 0 0 0 0 0 0 0 0 0 0 0 13 0 0 0 0 0 0 0 0 0 0 0 0 0 0 12 18 0 1 45 0 6 0 25 0 0 15 0 15 52 31 14 2 4 17 0 0 0 0 2 2 0 0 0 0 0 0 0 0 10 11 10 0 0 0 0 0 0 0 0 6 0 0 0 0 0 0 7 0 0 4 15 0 0 6 0 0 0 0 10 25 0 0 0 0 47 0 0 0 0 0 0 0 0 0 16 0 5 0 0 0 13 55 19 0 4 6 1 7 0 22 0 7 16 1 0 0 0 19 5 0 0 0 13 4 1 0 0 0 0 0 0 32 0 0 0 0 0 0 0 0 0 0 0 31 0 4 0 2 0 0 0 0 0 2 0 0 0 0 0 0 2 0 0 0 15 0 0 0 0 0 0 0 0 0 0 11 0 0 25 0 0 0 1 0 
 0 0 0 0 0 0 0 0 0 0 0 0 0 0 0 0 0 1 0 0 3 0 0 3 0 85 0 0 3 0 0 0 0 67 0 4 5 0 0 0 121 189 110 51 61 278 157 178 133 123 53 29 42 239 0 92 154 29 86 144 0 0 7 0 0 0 0 0 0 2 0 0 0 0 0 6 0 0 0 0 0 0 0 0 0 5 0 0 0 0 0 0 0 0 0 0 0 0 0 0 17 0 5 6 0 13 8 0 0 0 15 0 0 6 0 0 0 5 0 0 6 0 6 3 13 1 1 9 18 0 0 0 0 37 7 0 8 24 15 41 0 0 0 0 0 0 0 0 0 0 0 0 0 0 0 0 0 0 0 0 0 3 0 0 0 6 0 0 0 0 0 0 20 0 0 4 0 0 0 6 0 0 3 0 8 31 0 0 4 0 4 5 0 0 0 0 4 0 0 2 7 9 50 33 1 0 13 36 19 20 4 0 31 6 0 1 25 19 22 3 0 0 0 0 0 0 1 0 0 0 0 0 0 0 0 0 0 0 1 0 0 0 0 0 0 0 0 0 0 1 0 0 62 1 0 0 1 0 0 0 0 0 0 0 65 0 0 0 0 0 6 0 0 0 0 0 0 0 0 0 0 15 0 0 10 58 0 1 2 0 
 0 0 0 0 0 3 0 0 0 0 0 0 63 0 0 0 0 2 5 3 4 0 0 2 0 0 0 0 0 0 0 0 0 0 2 4 5 3 0 0 101 156 251 153 175 281 168 105 118 86 66 140 33 270 92 0 216 170 99 77 0 0 0 0 0 0 0 0 0 0 0 0 0 0 0 0 0 0 120 0 0 0 0 0 0 0 0 0 0 0 0 0 0 0 0 0 0 0 0 0 0 0 2 12 2 9 5 2 0 0 2 0 0 3 0 0 0 2 0 0 0 26 23 6 49 30 13 0 13 35 19 56 0 11 0 13 64 20 0 2 20 0 0 0 0 0 1 0 0 0 0 1 12 0 0 0 1 0 0 6 0 0 0 0 0 0 0 0 0 0 0 0 0 0 0 0 0 0 0 0 0 0 6 4 0 0 0 0 2 0 2 1 0 0 0 0 46 0 0 9 0 16 1 45 34 14 0 0 18 26 41 9 0 25 2 2 27 37 0 12 0 0 0 0 0 0 49 22 0 0 0 0 70 0 68 0 0 0 13 15 0 0 0 0 0 0 0 0 0 0 0 4 0 19 0 0 0 0 0 45 0 0 0 62 64 1 0 0 0 0 0 0 0 0 0 0 0 0 0 0 0 0 0 0 0 0 0 0 1 0 
 0 0 0 0 0 6 0 1 0 0 0 0 0 60 0 1 0 1 0 1 2 2 2 3 213 10 4 2 6 3 8 5 2 228 3 6 1 2 1 3 221 168 43 49 148 58 160 34 69 142 103 161 82 53 154 216 0 160 40 46 1 0 0 0 0 0 55 0 0 0 0 0 0 46 0 3 1 0 55 0 0 0 0 0 0 0 0 0 0 0 0 0 0 0 0 0 9 0 0 0 0 0 0 1 0 7 0 0 3 0 0 10 0 1 0 0 0 0 0 0 9 19 7 26 33 24 19 18 0 27 9 34 0 14 10 0 56 7 0 11 0 1 4 0 0 0 0 0 7 0 0 4 0 0 0 0 0 0 0 2 0 0 0 0 0 0 0 0 0 0 1 0 0 0 12 0 0 0 0 0 0 0 0 0 2 32 0 0 0 0 0 0 0 0 0 0 1 0 0 0 0 1 5 10 15 14 7 13 4 19 1 0 5 61 30 10 50 20 0 15 0 0 0 0 0 0 14 21 0 0 0 0 3 0 29 0 0 0 20 1 0 0 0 0 0 0 0 0 0 0 0 9 0 0 0 0 0 0 0 0 49 0 1 3 62 3 1 0 2 0 0 0 0 0 0 0 0 0 0 0 0 4 0 0 0 4 0 0 0 0 
 0 0 0 0 0 1 0 0 0 0 0 0 0 0 0 0 0 4 0 0 0 0 1 1 0 0 0 0 0 0 1 5 2 21 0 2 0 0 0 0 67 86 72 79 78 33 65 51 165 65 121 213 44 262 29 170 160 0 136 241 2 0 0 0 0 3 54 6 1 0 0 1 0 1 0 0 1 5 53 0 0 0 0 0 0 0 0 0 0 0 0 0 0 0 0 0 0 0 0 0 0 0 0 0 0 1 0 0 0 0 0 0 0 0 0 0 0 0 0 0 0 9 11 3 40 25 18 2 0 5 20 39 0 0 6 0 32 0 0 0 21 2 6 0 3 2 0 0 0 0 0 4 15 0 0 11 22 0 0 2 0 0 0 0 0 0 0 0 0 0 0 0 0 0 0 0 0 0 0 9 0 0 0 0 0 0 0 0 0 0 0 0 0 0 0 0 0 0 0 0 0 16 0 0 18 31 0 0 6 11 33 0 0 1 15 0 22 9 0 0 12 0 0 16 3 1 41 23 9 7 1 0 21 0 26 0 0 56 30 1 0 0 0 0 0 0 0 0 0 0 0 7 0 2 0 0 0 0 0 3 0 1 0 5 1 2 0 2 0 0 0 0 0 0 0 0 0 0 0 0 0 0 0 0 0 0 0 10 0 0 
 0 3 0 0 0 0 0 0 0 0 0 0 0 0 0 2 0 0 2 1 2 4 0 136 21 126 2 0 0 126 0 65 0 0 3 2 0 11 72 0 129 290 96 70 74 62 127 281 165 278 32 16 133 387 86 99 40 136 0 187 0 0 5 0 0 0 0 0 0 10 0 13 0 0 0 0 15 0 0 0 0 0 0 0 0 0 0 0 0 0 0 0 0 0 0 0 0 0 0 0 0 0 0 0 4 29 4 3 0 0 1 0 0 0 0 17 0 0 0 0 6 28 1 1 0 0 9 11 4 0 0 10 0 18 6 17 0 2 2 30 0 0 17 0 0 0 0 0 8 0 0 0 0 0 0 0 0 0 0 0 0 0 0 0 0 0 0 1 0 5 0 0 0 0 0 6 0 0 0 0 0 0 2 18 11 0 0 3 0 7 0 0 6 0 10 3 0 0 0 4 12 0 20 0 0 0 0 3 11 12 8 10 1 13 2 9 0 8 30 5 0 0 0 0 0 0 0 0 0 0 0 0 0 0 0 0 0 0 0 0 0 0 0 0 0 0 0 0 0 0 0 26 0 0 0 0 0 0 72 1 0 0 1 0 0 3 1 0 0 0 0 0 0 0 0 2 0 0 0 0 0 0 0 0 9 0 0 0 0 2 
 3 3 3 3 3 3 3 3 3 3 71 3 3 3 3 3 3 3 3 5 0 0 64 65 0 7 0 0 10 68 70 66 0 0 0 6 20 83 62 0 42 34 19 62 96 34 257 113 79 78 61 40 75 182 144 77 46 241 187 0 0 0 1 0 0 0 0 0 0 0 0 3 0 0 0 0 3 0 0 0 0 0 0 0 0 0 0 0 0 0 0 0 0 0 0 0 0 0 0 0 0 0 1 11 1 0 0 0 3 0 0 18 0 1 0 0 0 0 0 0 9 17 34 0 0 0 10 22 8 3 0 0 9 16 9 21 0 10 24 4 0 0 15 0 0 0 0 0 8 0 0 0 0 0 0 0 0 0 0 0 0 0 0 0 0 0 0 6 0 0 0 0 0 0 0 0 0 0 0 0 0 0 13 0 26 0 0 0 0 0 0 11 0 0 0 0 0 0 0 0 0 0 39 0 0 0 6 19 18 0 0 12 14 31 12 0 0 17 13 1 0 0 0 0 0 0 0 0 0 0 0 0 0 0 14 0 0 0 0 0 0 0 3 0 0 0 0 0 0 0 0 10 0 0 0 0 0 0 0 2 1 0 2 0 2 1 0 0 2 0 5 0 0 0 0 1 0 0 0 0 0 16 0 0 10 0 2 0 2 0 
 0 0 0 0 0 1 0 0 0 0 0 0 0 0 0 0 3 0 0 0 2 2 2 2 2 2 3 2 5 2 2 2 2 2 2 2 2 2 2 3 0 0 0 57 0 101 0 0 0 0 19 0 0 0 0 0 1 2 0 0 0 238 128 167 135 30 128 114 68 106 250 42 133 113 82 41 95 49 101 91 0 0 0 0 0 0 0 0 0 0 0 0 0 0 0 0 0 0 4 0 0 0 0 0 0 0 0 0 0 0 0 0 0 0 0 0 0 0 0 0 0 0 0 2 0 5 0 0 0 2 0 0 0 0 0 0 0 0 0 0 7 17 0 0 0 0 3 5 13 1 13 20 0 5 0 20 0 21 14 1 0 0 0 0 0 0 0 0 0 0 0 0 0 0 0 0 0 3 0 0 0 0 0 0 0 0 0 0 0 0 0 0 0 0 0 0 0 0 0 0 0 0 0 10 1 2 0 0 0 0 0 11 0 0 0 0 0 6 0 0 16 8 14 0 0 37 7 4 0 30 32 18 7 6 9 16 7 10 1 4 0 0 0 0 0 0 0 0 0 0 0 0 0 0 0 0 0 0 0 0 0 0 56 1 0 0 0 5 0 0 0 0 0 0 0 2 0 0 0 0 0 0 0 0 0 2 0 0 0 0 
