 0 189 123 213 30 335 226 788 139 205 130 334 168 44 405 131 162 332 129 145 2 5 0 1 0 3 5 0 3 0 0 3 0 0 0 0 0 1 0 0 0 3 2 0 0 3 0 0 0 1 0 0 2 2 0 4 2 3 0 2 0 0 0 0 0 0 0 3 3 0 0 0 0 3 0 0 3 0 0 0 90 47 17 25 0 0 15 0 0 15 15 37 13 43 1 14 18 35 7 0 0 0 0 2 2 0 0 0 0 0 2 0 0 0 0 0 0 0 30 37 0 0 0 15 0 0 0 0 0 0 0 0 2 0 0 0 0 0 0 0 0 2 0 11 0 0 0 0 0 0 31 0 0 0 0 0 0 0 0 0 15 0 29 15 6 14 13 77 26 9 23 11 9 15 6 28 0 20 6 9 0 0 0 0 0 0 14 0 0 0 0 0 15 0 0 0 0 0 1 0 1 0 0 2 0 0 0 0 0 2 0 0 0 0 0 0 0 0 0 0 0 11 0 0 0 0 0 0 0 0 0 0 0 0 0 0 0 0 0 0 0 0 0 0 0 0 1 0 44 0 8 20 0 0 0 0 0 0 0 0 0 0 1 0 0 0 0 0 0 0 0 0 0 0 0 0 0 0 0 0 0 0 0 0 0 0 0 0 0 0 
 189 0 327 177 61 26 484 230 256 158 59 254 169 304 458 95 452 278 79 89 2 3 0 1 0 0 2 1 36 0 0 3 0 0 0 0 0 0 2 74 1 3 5 0 0 3 1 0 0 0 0 0 2 3 0 2 2 0 0 0 0 0 0 0 0 0 0 3 0 0 0 0 0 3 0 0 44 0 0 0 20 0 11 33 9 8 9 37 10 23 16 11 16 18 1 43 20 9 0 0 0 0 0 0 0 0 0 15 20 0 1 0 2 0 0 0 0 1 12 15 0 0 0 0 0 0 0 0 0 1 0 0 0 0 0 0 0 0 0 0 0 0 0 12 0 0 0 0 0 0 0 0 0 0 0 0 0 0 0 0 0 18 36 0 0 32 0 25 7 8 27 19 14 1 12 10 14 8 0 0 0 0 0 0 0 1 13 0 0 0 0 0 0 24 20 0 1 0 9 10 0 0 0 0 2 0 0 0 0 0 0 0 0 2 0 0 0 0 0 0 0 0 0 0 0 0 0 0 0 0 0 0 0 0 0 0 0 0 2 0 0 0 0 0 0 0 86 4 1 2 0 8 0 0 2 0 0 0 0 0 0 0 0 0 0 0 0 0 0 0 0 0 0 0 0 11 0 0 0 0 0 0 0 0 0 0 0 0 0 0 
 123 327 0 342 58 25 76 107 273 231 211 239 491 50 203 139 298 133 45 272 2 3 4 1 2 0 1 81 3 5 0 5 76 3 3 0 0 0 20 74 0 3 2 0 3 4 7 4 0 0 0 0 2 24 0 4 2 2 2 1 0 2 33 0 0 0 0 3 1 0 0 0 0 3 0 0 2 0 0 0 9 18 0 25 0 0 6 0 12 18 14 23 0 23 0 45 27 21 11 0 9 0 0 0 0 0 16 52 0 0 0 0 14 0 1 0 11 0 26 0 0 0 7 0 0 0 18 0 0 0 1 0 0 0 0 0 0 0 2 0 0 0 0 0 0 2 2 0 0 0 0 0 0 0 0 40 0 0 0 0 0 0 26 49 1 37 3 0 16 6 0 50 1 21 13 39 0 24 0 0 0 0 0 0 0 0 21 13 0 0 0 0 0 0 20 0 0 12 0 4 0 0 0 0 0 0 0 0 5 0 0 0 0 0 0 0 0 0 0 0 0 0 0 0 0 0 0 0 0 0 10 15 0 0 0 0 0 0 0 0 0 12 0 0 0 2 91 0 1 88 14 12 0 0 0 0 0 0 0 0 0 2 0 0 0 0 0 0 0 0 0 0 0 0 0 0 12 1 0 0 0 0 0 0 0 0 0 0 0 0 
 213 177 342 0 70 130 122 175 164 114 25 348 395 80 68 41 197 193 104 383 0 1 0 76 0 0 0 0 3 0 0 2 0 0 0 1 0 0 75 106 0 2 2 0 0 3 8 0 63 0 0 1 3 22 0 5 2 2 0 1 0 0 7 0 0 0 0 3 0 0 0 0 4 3 0 0 0 0 1 0 40 31 2 21 4 18 9 2 33 11 25 28 12 15 1 0 36 5 0 0 0 23 0 0 0 0 17 0 0 0 0 0 1 15 30 0 0 0 11 10 0 0 0 0 0 0 0 0 1 0 0 0 0 0 0 0 0 0 2 0 0 0 0 14 0 0 2 0 0 0 0 0 0 0 0 0 0 0 0 0 0 10 0 29 20 13 34 57 16 17 14 10 0 19 38 36 25 26 0 11 0 32 0 0 0 0 1 0 0 1 0 0 0 0 14 19 0 16 0 20 0 0 0 0 0 0 0 0 0 0 1 0 12 0 0 0 0 0 0 0 0 0 0 0 0 0 0 0 0 0 0 0 0 0 0 0 0 0 0 0 0 0 0 0 0 2 0 1 87 56 14 5 0 0 0 0 0 0 0 0 0 0 0 0 0 0 0 0 0 0 0 0 0 0 0 12 0 0 0 0 0 0 0 0 0 0 0 0 0 0 
 30 61 58 70 0 66 53 78 51 268 69 57 91 165 61 99 148 134 97 67 2 5 0 1 0 0 0 0 3 0 0 3 0 0 16 0 0 0 75 218 1 3 5 0 2 3 1 0 0 0 0 0 2 3 0 4 2 2 0 1 0 0 11 0 0 0 0 3 0 0 0 0 0 3 0 0 3 0 0 0 0 0 0 15 23 36 0 1 0 1 38 8 0 0 8 20 0 10 0 2 8 0 0 0 0 0 0 15 12 0 0 0 23 0 1 1 13 0 2 0 0 0 0 0 0 0 0 0 0 0 0 0 0 0 2 0 0 0 0 0 0 0 0 0 0 0 2 0 0 0 2 0 0 0 3 0 0 0 0 0 0 0 11 0 13 0 0 0 2 11 19 2 0 0 0 0 0 0 0 0 0 9 2 0 0 0 33 0 0 0 0 0 8 0 35 19 0 0 10 10 0 0 2 0 0 0 0 0 0 0 0 0 0 0 0 0 0 0 0 9 0 0 0 0 0 0 0 0 0 0 0 0 0 6 0 0 0 0 0 0 0 0 0 0 0 2 85 0 1 89 0 12 3 0 0 0 0 0 0 0 0 0 0 0 0 0 0 0 0 0 0 0 0 0 0 10 15 0 0 1 0 0 0 0 0 0 0 0 0 0 
 335 26 25 130 66 0 120 44 160 62 157 405 29 50 357 370 171 137 134 62 99 4 0 2 42 4 0 36 120 72 76 3 77 168 1 74 0 38 3 158 3 2 8 0 0 3 0 3 0 0 2 0 2 5 0 3 2 0 6 1 0 0 0 0 3 3 0 3 2 0 2 0 4 3 0 0 0 0 1 0 22 27 14 0 15 0 9 0 0 19 0 23 0 18 0 34 0 15 0 1 0 0 1 0 0 1 0 38 0 0 9 0 8 8 8 0 16 1 21 59 0 2 0 0 0 0 0 0 14 0 8 0 0 0 0 0 0 0 1 0 0 1 0 10 0 13 20 0 0 0 0 2 0 0 0 0 0 0 14 0 22 1 43 0 3 26 11 19 18 7 16 15 0 23 0 14 0 8 0 10 8 0 0 15 8 0 0 8 4 18 0 0 17 24 41 10 0 34 0 10 0 0 0 0 0 0 0 0 0 0 0 0 0 0 0 0 0 0 0 0 0 0 0 0 0 0 0 0 0 0 0 0 0 0 0 0 0 0 0 0 0 14 0 0 2 5 0 1 2 0 1 13 5 0 1 0 0 0 0 0 0 0 0 0 0 0 13 0 0 0 0 0 0 0 0 1 0 6 0 0 0 0 0 0 0 0 0 0 0 0 
 226 484 76 122 53 120 0 205 284 386 124 62 261 59 85 69 138 169 130 51 2 2 0 87 0 0 0 0 3 2 0 3 0 0 0 0 0 0 0 0 0 2 2 0 0 5 0 0 0 0 0 0 2 2 0 5 2 2 0 2 0 48 0 0 0 0 0 3 2 0 0 0 0 3 0 0 1 0 0 0 51 23 28 20 0 7 0 0 11 16 0 30 14 35 0 0 36 38 37 0 0 0 0 0 0 0 0 0 0 0 0 0 0 0 0 0 0 0 19 12 0 0 0 0 0 0 0 0 12 0 0 0 0 0 0 0 0 0 0 0 0 0 0 16 0 0 0 0 0 0 9 0 0 0 0 0 0 0 0 0 0 18 13 46 0 25 11 35 17 7 27 16 10 0 20 35 9 25 10 10 0 0 0 0 0 0 11 0 0 0 0 0 0 0 0 0 0 0 0 0 0 0 0 0 0 0 0 0 0 0 0 0 0 0 0 0 0 0 0 0 0 0 0 0 0 5 0 0 0 0 0 9 0 0 0 0 0 0 0 0 0 0 0 0 0 0 2 1 88 0 0 3 0 0 0 0 0 0 0 0 0 0 0 0 0 0 0 0 0 0 0 0 0 0 0 13 0 0 0 0 0 0 0 0 0 0 0 0 0 0 
 788 230 107 175 78 44 205 0 186 43 36 320 273 110 272 298 128 19 383 82 2 3 1 1 0 0 0 0 3 1 0 4 0 0 0 0 0 0 0 0 0 3 2 0 0 3 5 0 0 91 0 0 2 6 0 3 2 1 0 1 4 0 0 0 0 0 0 3 0 6 0 0 0 13 52 0 7 0 0 0 0 14 0 6 10 1 10 33 14 23 1 45 38 7 0 14 11 24 0 17 0 0 0 0 0 0 0 0 0 0 0 0 0 0 0 0 0 0 0 0 0 0 9 0 0 0 0 12 0 0 0 0 0 0 0 0 0 0 0 0 0 0 0 1 0 0 16 0 0 0 0 0 0 0 0 0 0 0 0 0 18 18 0 24 0 0 19 11 0 0 22 36 27 30 2 41 0 5 0 12 0 0 0 0 0 0 1 0 0 0 0 0 0 0 0 0 0 0 10 0 7 0 0 0 0 0 0 0 0 0 0 0 0 0 0 0 0 0 0 0 0 0 0 0 0 0 0 0 0 0 0 0 0 0 0 0 0 0 0 0 0 0 0 0 0 2 2 0 3 0 0 2 1 0 0 0 0 0 0 0 0 0 0 0 0 0 0 0 0 0 0 0 0 0 0 0 0 0 0 0 0 0 0 0 0 0 0 0 0 0 
 139 256 273 164 51 160 284 186 0 85 170 29 200 130 218 193 320 125 115 157 3 2 0 2 0 0 0 1 3 0 3 2 38 0 0 1 1 0 2 0 0 2 2 0 2 5 1 0 3 0 0 0 38 5 0 5 2 2 0 1 0 3 0 0 0 3 1 3 16 33 0 0 0 3 2 2 34 2 2 0 11 57 8 30 0 2 1 18 10 0 22 7 28 0 9 0 37 17 18 29 0 1 0 0 0 0 0 1 0 0 0 0 9 14 0 0 0 10 9 15 0 0 0 6 1 0 0 0 0 0 0 0 0 0 0 0 0 0 2 0 0 0 0 14 0 0 2 1 0 0 0 0 0 0 0 6 0 0 0 0 9 11 1 38 25 0 12 1 5 5 0 16 10 0 7 19 9 30 0 11 0 0 0 0 0 0 0 0 0 0 10 0 0 0 11 1 0 13 0 0 0 0 0 0 0 0 0 0 0 0 1 0 0 0 0 0 0 0 0 0 0 0 0 0 0 0 0 0 0 0 0 2 0 0 0 0 0 0 0 0 0 0 0 0 0 1 88 0 90 1 31 16 0 0 0 0 0 0 0 0 0 0 8 0 0 0 0 0 0 0 0 0 0 0 0 0 0 13 0 0 0 0 0 0 0 0 0 0 0 0 
 205 158 231 114 268 62 386 43 85 0 313 150 109 75 184 334 368 233 103 375 1 1 0 0 0 0 0 0 3 1 2 2 0 4 79 4 0 0 73 76 1 5 5 0 0 3 1 0 2 0 0 0 5 3 0 3 4 2 0 66 0 2 0 0 0 0 0 3 0 1 0 0 0 3 3 0 0 0 3 37 32 0 0 15 26 48 0 9 0 49 68 45 0 29 0 18 0 11 0 0 44 0 0 0 1 0 0 15 20 0 0 0 15 0 0 0 24 0 28 19 0 0 0 0 0 0 0 0 0 0 0 0 0 0 0 0 0 0 0 10 0 0 2 2 0 0 0 0 0 0 0 0 0 0 0 0 0 0 0 0 2 17 20 0 0 20 9 36 20 10 26 32 0 2 19 15 9 14 0 11 0 7 0 0 0 0 54 0 8 0 0 0 8 0 20 0 0 0 7 11 2 0 0 0 0 0 0 0 0 0 0 0 0 0 0 0 0 0 0 0 0 0 0 0 0 0 0 0 0 0 0 0 0 0 0 0 0 0 0 0 0 0 0 0 0 0 86 0 0 46 0 9 0 0 0 0 0 0 0 0 0 0 0 0 0 0 0 0 0 0 0 0 0 0 0 13 19 0 0 0 0 0 0 0 0 0 0 0 0 0 
 130 59 211 25 69 157 124 36 170 313 0 126 34 24 151 293 253 127 30 77 1 2 0 0 0 0 0 0 3 0 1 3 94 62 17 0 0 0 91 73 16 2 7 0 0 3 0 0 0 0 0 0 2 2 0 3 2 0 7 0 0 0 0 0 0 0 0 3 0 0 0 0 0 3 0 0 0 0 0 0 43 0 15 13 10 17 0 0 0 24 1 20 0 16 0 0 11 29 0 0 21 0 0 0 0 0 0 28 9 0 0 0 56 0 3 0 64 0 14 36 1 0 0 0 0 0 0 0 0 0 0 0 0 0 0 0 0 0 0 1 0 0 0 0 0 0 0 0 0 0 0 0 2 0 2 6 0 0 0 0 0 0 19 30 31 34 0 40 2 0 0 35 0 0 2 0 0 28 0 1 5 11 20 0 0 0 6 2 0 0 0 0 8 10 2 0 0 16 20 0 0 0 0 0 0 0 0 0 0 12 0 0 0 0 1 0 0 0 0 0 0 0 13 0 0 0 0 0 0 0 0 0 0 0 0 0 0 0 0 0 0 0 0 0 0 0 89 1 0 87 0 8 0 13 0 0 0 0 0 0 0 0 0 0 0 0 0 0 0 0 0 0 0 0 0 1 33 15 0 1 0 0 0 0 0 11 0 0 0 0 
 334 254 239 348 57 405 62 320 29 150 126 0 339 116 257 289 219 73 246 24 2 3 0 1 0 0 1 0 3 2 0 3 0 76 3 1 2 0 1 77 3 3 5 0 0 3 0 0 0 0 0 0 2 2 0 2 2 0 4 1 0 0 35 0 0 0 0 3 2 0 0 0 7 3 0 3 3 0 4 0 16 28 16 1 10 20 39 1 11 33 17 16 0 14 0 14 0 34 0 0 0 11 16 0 0 0 11 13 1 0 36 0 2 0 0 0 20 0 14 48 0 0 0 0 0 0 0 0 0 0 0 0 0 0 0 0 0 0 0 0 0 0 0 26 0 0 0 0 0 0 0 0 0 0 0 0 0 0 0 0 15 16 27 0 13 16 11 34 21 0 17 0 35 15 0 18 2 21 0 9 10 17 0 0 0 0 41 0 0 0 0 0 13 48 14 0 0 18 1 11 0 0 0 0 0 0 0 0 0 0 0 0 0 0 0 0 0 6 0 0 0 0 0 0 0 0 0 0 0 0 0 0 0 0 0 0 0 0 0 0 0 0 0 0 0 1 0 1 89 170 0 9 0 0 0 0 0 0 0 0 0 0 0 0 0 0 0 0 0 0 0 0 0 0 0 0 0 0 0 0 0 0 0 0 0 0 0 0 0 0 
 168 169 491 395 91 29 261 273 200 109 34 339 0 190 44 28 116 102 144 413 3 1 0 2 0 0 0 1 3 0 3 2 5 1 0 1 2 0 0 1 0 2 2 0 2 5 0 0 3 0 0 0 4 5 0 3 2 0 5 2 0 3 0 0 0 3 1 53 0 0 0 2 0 40 2 2 1 2 2 0 19 16 0 0 10 0 0 14 8 20 0 43 5 19 1 0 0 26 0 0 1 0 0 1 1 0 0 0 0 0 0 0 15 0 0 0 0 0 0 0 0 0 0 0 0 0 0 0 0 0 0 0 0 0 0 0 0 0 0 0 0 0 2 3 0 0 0 0 0 0 17 0 0 0 0 0 0 0 0 0 0 5 0 0 0 0 0 22 0 1 44 0 25 0 0 22 0 6 6 0 0 0 0 0 0 0 17 0 0 0 0 0 0 40 0 0 0 0 10 0 2 0 0 13 0 0 0 0 0 0 0 0 0 0 0 0 0 0 1 0 0 0 0 0 0 0 0 0 0 0 0 0 0 0 0 0 0 0 0 0 0 0 0 0 0 0 0 0 3 0 2 8 0 0 0 0 0 0 0 0 0 0 1 0 0 0 0 0 0 0 21 0 0 0 0 0 0 0 0 0 0 0 0 0 0 0 0 0 0 0 
 44 304 50 80 165 50 59 110 130 75 24 116 190 0 176 142 126 24 304 93 2 3 4 1 0 0 0 2 3 1 0 3 0 0 0 0 0 3 0 0 0 3 2 0 0 3 0 0 5 0 0 0 58 2 0 4 2 2 0 102 0 0 0 2 0 45 0 3 6 0 0 0 0 3 0 0 2 0 0 0 41 19 14 0 25 20 1 53 11 0 20 11 33 25 10 0 0 22 16 19 0 16 0 0 0 0 0 0 0 0 0 0 0 13 0 0 0 0 0 0 0 0 0 0 0 0 0 0 0 0 0 3 0 0 0 0 0 0 0 0 0 0 0 0 0 0 0 0 0 0 0 0 0 0 0 20 0 0 0 0 11 12 1 14 12 0 35 0 0 0 0 1 23 0 10 10 12 0 24 22 0 0 0 0 0 0 22 0 0 0 0 0 0 0 0 0 0 0 11 0 0 0 0 0 0 0 0 0 0 0 0 0 0 0 0 0 0 0 0 0 0 0 0 0 0 0 0 0 0 0 0 0 0 0 0 0 0 0 0 0 0 0 0 0 0 0 0 0 2 2 0 2 0 0 0 0 0 0 0 0 0 0 8 0 0 0 0 0 0 0 0 0 0 0 0 0 1 0 0 0 0 0 0 0 0 0 0 0 0 0 
 405 458 203 68 61 357 85 272 218 184 151 257 44 176 0 90 210 42 140 91 1 2 0 0 0 0 2 1 208 0 0 3 0 0 0 0 0 0 0 0 0 2 2 0 0 3 0 0 0 0 0 0 2 2 0 5 2 2 0 2 0 0 0 0 0 0 0 30 0 0 0 0 0 3 0 0 2 0 0 0 10 40 7 1 0 14 0 12 19 0 27 14 10 26 19 4 12 46 24 34 0 0 0 0 0 0 0 0 2 0 0 0 40 0 0 0 0 0 37 7 0 0 0 16 0 0 0 0 0 0 0 0 0 0 0 0 0 16 0 0 0 0 0 16 0 0 0 0 0 0 0 0 0 0 2 0 0 0 0 0 22 24 22 48 10 20 18 0 24 23 15 20 22 0 21 33 18 15 0 12 0 0 0 0 0 0 18 0 0 0 0 0 0 0 0 0 0 12 0 0 0 0 0 0 0 2 0 0 0 0 0 0 0 0 0 0 0 0 0 0 0 0 0 0 0 0 0 0 0 0 0 0 0 0 0 0 0 0 0 0 0 0 0 0 0 2 2 2 86 0 13 7 0 0 0 0 0 0 0 0 0 0 7 0 0 0 0 0 0 0 0 0 0 1 0 0 0 0 0 0 0 0 0 0 0 0 0 0 0 0 
 131 95 139 41 99 370 69 298 193 334 293 289 28 142 90 0 471 152 465 43 1 2 0 0 0 0 0 0 3 0 0 3 1 0 1 0 0 0 0 85 1 2 13 1 0 3 0 0 0 0 1 0 2 4 1 4 2 1 0 0 0 0 0 0 0 0 0 3 0 4 0 1 0 3 0 0 1 0 0 0 26 26 26 14 11 0 55 1 35 15 32 16 14 14 0 33 31 0 1 21 0 0 0 0 0 0 0 21 8 0 11 0 12 0 0 0 0 0 22 27 0 0 0 0 0 0 0 0 0 0 0 0 0 0 0 0 0 0 0 0 0 0 0 23 0 0 0 0 0 0 0 0 0 0 8 0 0 0 0 0 15 0 30 15 3 0 34 46 52 10 18 5 28 15 1 1 0 15 0 9 0 0 0 0 0 0 10 0 0 0 0 0 13 0 49 0 0 0 0 17 0 0 0 0 0 0 0 0 0 0 0 0 0 0 0 0 0 0 0 0 0 0 0 0 0 0 0 0 0 0 0 0 0 0 0 6 0 0 0 0 0 0 0 0 0 1 88 0 87 0 14 12 10 0 0 0 0 0 0 0 0 0 0 0 0 0 0 0 0 0 0 0 0 0 0 0 0 0 0 0 0 0 0 0 0 0 0 0 0 0 
 162 452 298 197 148 171 138 128 320 368 253 219 116 126 210 471 0 327 237 356 7 3 3 5 2 1 0 3 6 0 3 6 79 0 5 0 2 3 3 0 2 6 2 0 2 7 3 2 6 0 0 1 4 5 73 3 2 1 0 3 0 2 0 0 2 3 4 3 0 0 0 0 0 3 2 2 2 2 2 3 20 23 0 56 0 0 0 1 36 0 47 10 12 1 0 18 65 27 22 14 0 0 0 0 0 0 13 11 11 7 0 0 54 0 0 0 0 0 24 0 0 0 0 0 0 0 0 0 0 0 0 0 0 0 0 0 0 0 0 0 0 0 0 1 0 0 0 0 0 0 0 0 0 0 0 3 0 0 0 0 0 1 4 49 22 0 22 4 9 13 24 48 12 0 8 12 0 25 0 0 0 0 0 0 0 0 3 1 0 0 0 0 15 0 11 0 0 17 0 16 0 0 0 0 0 0 0 0 0 0 0 0 0 0 0 0 0 0 0 0 0 0 0 0 0 0 0 0 0 0 0 0 0 0 0 0 0 0 0 0 0 28 0 0 0 1 93 0 4 1 10 10 0 0 0 0 0 0 0 0 11 0 0 0 0 0 0 0 0 0 0 0 0 0 0 0 1 16 0 0 0 0 0 0 0 0 0 0 0 0 
 332 278 133 193 134 137 169 19 125 233 127 73 102 24 42 152 327 0 118 32 2 3 0 1 0 0 2 0 3 0 0 3 0 0 0 21 0 0 0 0 0 3 2 0 4 3 1 0 0 0 0 0 2 3 0 4 2 2 0 1 0 0 1 0 0 0 0 3 0 6 0 0 0 3 0 0 3 0 0 0 26 0 14 50 3 15 1 0 21 17 18 42 10 28 1 14 35 0 0 0 0 0 0 0 0 0 11 0 11 0 0 0 15 0 1 2 0 0 19 11 0 0 0 0 0 1 0 0 0 0 1 0 0 0 0 0 0 0 0 0 0 0 0 0 0 0 0 0 0 0 0 0 0 0 0 0 0 0 24 0 0 5 24 11 0 29 15 38 20 75 14 53 1 13 10 24 12 51 0 9 0 2 0 0 0 0 23 0 0 0 0 0 0 0 0 0 0 0 8 1 0 0 0 0 0 0 0 0 0 0 0 0 0 0 0 0 0 0 0 0 0 0 19 0 0 0 2 0 0 0 0 0 0 22 0 0 0 0 0 0 0 9 0 0 0 0 99 0 0 4 14 12 0 0 0 0 0 0 0 0 1 0 0 0 0 0 0 0 0 0 0 0 0 0 0 2 25 0 0 1 0 0 0 0 0 0 0 0 0 0 
 129 79 45 104 97 134 130 383 115 103 30 246 144 304 140 465 237 118 0 210 1 2 1 0 0 0 0 2 3 0 0 3 0 0 0 0 0 0 0 0 0 4 2 0 6 3 0 0 0 0 0 0 93 2 0 5 2 2 0 1 4 0 0 44 0 1 0 3 2 50 0 4 3 3 0 0 0 0 0 0 1 7 0 0 0 0 0 23 23 0 0 0 12 0 6 2 0 0 8 9 0 2 0 0 0 0 0 0 0 0 0 0 0 0 0 0 0 0 0 0 0 0 1 0 2 0 0 0 2 0 0 0 0 0 0 0 0 0 2 0 0 0 0 0 0 0 1 0 11 0 0 0 0 0 0 0 0 0 0 0 6 8 2 21 0 0 15 0 0 0 0 0 19 1 8 16 0 0 0 0 0 0 0 0 0 0 0 0 0 0 0 0 13 19 2 0 25 0 0 0 0 0 0 0 0 0 0 0 0 0 0 0 0 33 0 0 0 0 0 0 16 0 0 0 0 0 0 0 0 0 0 1 0 0 0 0 0 0 0 0 0 0 0 0 0 0 2 0 0 0 0 12 0 2 0 0 0 0 0 0 0 0 0 0 0 0 2 0 0 2 0 0 0 0 0 0 0 0 0 0 0 0 0 0 0 0 0 0 0 0 
 145 89 272 383 67 62 51 82 157 375 77 24 413 93 91 43 356 32 210 0 1 2 0 0 0 0 0 2 3 1 0 3 0 0 0 0 0 3 0 0 0 2 2 0 0 3 0 1 0 0 0 0 2 2 0 3 2 0 0 2 0 0 0 0 0 0 0 3 0 0 0 1 0 3 0 0 1 0 0 0 19 9 11 0 10 0 10 29 0 0 0 11 6 29 33 33 0 0 19 5 0 1 0 0 0 0 0 0 0 1 0 0 0 0 0 0 0 0 0 0 0 0 2 0 1 0 0 0 0 0 0 0 0 0 0 0 0 0 1 0 2 0 0 0 0 0 0 0 0 0 0 0 0 0 0 0 0 0 0 0 0 1 34 0 0 0 10 0 0 0 0 0 1 14 0 0 18 0 19 10 0 0 0 0 0 0 0 0 0 0 0 0 0 0 1 0 0 0 10 0 0 0 0 0 0 0 0 0 0 0 0 0 0 0 0 0 0 0 0 0 0 0 0 0 0 0 0 0 0 0 0 2 0 0 0 0 0 0 0 0 0 0 0 0 0 2 0 0 2 0 2 5 0 0 0 0 0 0 101 0 0 0 0 0 0 0 0 0 0 0 0 0 0 0 0 0 0 0 0 0 0 0 0 0 0 0 0 0 0 0 
 2 2 2 0 2 99 2 2 3 1 1 2 3 2 1 1 7 2 1 1 0 454 337 288 36 123 58 151 160 93 215 35 168 135 54 82 185 242 125 146 0 0 5 2 38 0 1 1 0 0 2 0 3 0 3 2 0 6 1 3 0 0 2 0 3 0 0 0 0 3 0 0 0 0 0 0 2 0 2 0 0 0 0 0 0 0 0 1 0 0 0 0 0 0 0 0 0 0 0 0 9 0 8 10 0 1 27 28 0 20 14 25 10 17 35 33 25 13 7 0 0 0 0 0 0 0 1 0 0 0 12 0 0 0 0 0 0 0 0 7 0 0 0 0 0 1 0 2 0 3 0 0 0 0 0 0 0 0 0 0 0 0 0 1 0 13 0 0 1 0 2 0 0 0 0 0 0 0 0 0 32 0 17 19 20 0 20 13 24 23 1 24 11 0 0 23 9 14 4 33 0 0 0 4 0 11 0 0 3 0 0 0 22 0 0 0 0 0 0 0 8 2 0 0 0 0 0 0 0 0 0 0 5 2 0 0 0 0 0 0 0 0 0 0 0 0 0 0 0 0 0 0 0 0 2 2 0 41 1 1 6 1 0 0 0 0 14 0 0 0 0 0 0 0 0 0 0 0 0 14 0 21 0 0 0 0 0 0 0 7 
 5 3 3 1 5 4 2 3 2 1 2 3 1 3 2 2 3 3 2 2 454 0 193 69 31 103 191 97 58 47 182 456 120 214 113 63 256 155 62 124 0 0 3 1 9 0 0 1 0 0 0 8 0 0 0 0 0 38 0 0 0 0 0 0 46 0 0 0 0 0 0 0 0 0 0 0 1 0 2 0 0 0 0 0 0 0 0 0 0 0 13 0 0 0 0 2 0 0 0 0 15 1 0 9 0 9 29 7 0 10 19 33 0 11 69 47 11 1 12 0 0 0 0 0 0 0 0 0 0 0 0 2 0 0 0 0 0 0 24 10 0 0 0 0 0 7 0 2 0 6 0 0 0 0 0 0 0 0 0 0 13 0 1 0 0 0 0 0 0 0 0 2 0 13 0 0 0 0 0 0 1 20 42 17 25 10 3 27 46 0 0 14 9 10 0 13 10 0 0 20 0 0 0 0 0 0 0 0 0 0 0 0 26 0 0 0 0 0 0 0 0 0 0 0 0 0 0 0 0 0 0 0 0 0 18 0 0 0 1 0 0 0 0 0 0 0 0 0 0 0 0 0 0 0 0 0 0 141 1 2 0 16 0 0 0 0 0 0 0 0 0 0 0 0 0 0 0 0 0 0 0 16 0 0 0 0 0 0 0 0 
 0 0 4 0 0 0 0 1 0 0 0 0 0 4 0 0 3 0 1 0 337 193 0 434 203 76 171 242 408 212 121 31 144 124 218 333 154 188 272 39 62 0 2 6 19 0 63 65 1 0 0 0 62 62 0 1 0 18 23 0 1 0 0 55 0 0 2 1 0 3 1 0 0 0 1 0 7 0 2 0 0 0 0 0 0 0 0 0 0 0 0 0 1 0 0 0 0 0 2 0 10 3 29 30 24 25 5 14 19 1 18 21 0 0 17 9 0 10 0 1 3 14 0 0 0 0 0 0 0 0 0 0 0 0 11 0 2 0 10 12 0 0 0 0 0 0 0 0 0 0 0 0 0 0 11 28 1 0 0 0 0 0 0 0 0 0 0 0 0 0 0 0 0 0 0 17 0 0 0 0 11 0 10 9 0 17 0 0 27 0 32 24 6 0 0 3 12 0 0 0 0 0 0 0 0 0 13 0 0 0 1 0 11 2 10 0 0 0 0 31 8 0 0 0 0 1 2 0 0 0 0 0 0 0 0 5 0 0 0 0 0 0 0 0 0 0 0 0 0 0 0 0 0 0 5 2 3 0 1 0 77 0 0 0 0 0 0 0 0 0 0 0 0 0 0 0 0 0 0 0 0 13 0 2 0 0 0 0 0 0 
 1 1 1 76 1 2 87 1 2 0 0 1 2 1 0 0 5 1 0 0 288 69 434 0 90 111 68 303 173 285 81 256 68 48 148 164 158 78 76 69 128 62 2 81 0 2 147 2 19 0 0 1 59 65 3 4 2 2 1 62 0 3 0 0 0 1 3 0 0 1 0 2 0 7 4 0 3 1 2 0 0 0 0 0 0 0 0 2 0 0 0 20 0 0 0 0 29 0 0 0 0 9 30 0 29 18 0 0 25 45 13 35 0 0 17 0 0 0 0 0 17 13 21 0 0 0 18 0 0 0 42 0 19 31 12 0 0 0 0 26 2 0 0 0 1 0 0 4 0 0 0 0 0 0 7 0 0 7 0 1 0 0 0 0 2 0 4 0 0 0 0 0 0 0 0 0 0 0 0 0 1 0 0 27 0 1 0 2 0 21 35 60 1 15 0 13 21 0 1 0 7 12 14 13 0 0 16 29 2 0 1 0 17 31 7 6 0 0 0 34 0 0 0 0 0 0 0 0 0 0 1 0 0 0 10 0 0 0 0 0 0 0 0 0 0 0 0 0 0 0 0 0 0 0 12 0 3 3 9 0 13 4 0 0 0 0 0 0 0 0 0 0 0 0 0 0 0 0 0 0 0 0 0 0 0 3 11 0 0 0 
 0 0 2 0 0 42 0 0 0 0 0 0 0 0 0 0 2 0 0 0 36 31 203 90 0 65 125 76 81 181 159 162 93 57 300 171 219 78 54 368 0 0 3 0 1 0 0 2 0 0 3 0 1 64 0 3 0 5 66 16 0 0 0 0 3 2 0 0 3 0 2 0 1 0 0 0 6 0 2 0 0 0 0 0 0 0 0 0 17 0 0 0 0 0 0 0 0 21 0 9 37 0 27 0 58 10 0 17 18 9 0 0 0 13 0 9 0 15 0 0 20 37 11 15 7 13 1 0 10 0 2 4 0 12 33 0 108 0 32 0 0 0 0 0 0 0 0 4 0 0 0 0 0 0 0 0 0 0 0 0 19 0 0 0 0 0 1 0 0 0 0 0 0 0 0 0 0 0 0 0 10 0 14 35 0 38 0 0 3 13 21 0 0 0 0 20 42 0 0 0 10 0 0 0 0 0 20 0 13 0 11 0 0 21 19 0 0 0 25 0 0 0 0 0 0 0 68 0 0 0 0 0 0 0 0 0 0 0 0 0 0 0 0 0 0 0 0 0 0 0 0 0 0 0 4 2 1 5 1 0 2 0 0 0 0 0 0 0 0 0 0 0 0 0 0 0 0 0 0 0 0 31 0 0 40 0 0 0 0 0 
 3 0 0 0 0 4 0 0 0 0 0 0 0 0 0 0 1 0 0 0 123 103 76 111 65 0 38 98 56 78 76 154 56 534 121 236 80 68 49 53 70 1 3 0 0 0 63 64 67 7 0 0 57 1 125 1 0 17 1 126 0 0 0 0 3 0 0 0 0 0 0 1 0 9 3 0 2 40 2 0 1 0 0 0 0 13 0 0 0 0 0 0 0 0 0 0 0 18 1 0 0 16 19 0 33 16 0 0 0 33 35 11 0 0 12 11 0 0 0 0 10 0 0 0 0 0 0 10 16 10 0 0 33 11 21 0 0 11 8 31 0 0 0 0 0 0 0 0 11 0 0 0 0 0 0 0 7 0 0 0 0 0 0 0 0 0 0 0 0 0 0 0 0 0 1 0 0 0 0 0 17 0 2 8 22 8 0 0 23 0 20 38 0 2 14 0 12 0 0 0 0 43 17 0 9 0 0 9 6 0 13 9 10 12 0 11 10 0 34 16 0 0 0 1 0 0 0 0 6 0 0 0 0 0 0 0 0 0 0 13 0 0 2 0 0 0 0 0 0 0 1 0 0 0 9 1 2 5 0 1 0 0 1 0 0 0 0 0 0 0 8 0 0 0 0 0 0 0 0 0 0 3 0 0 0 0 1 0 0 0 
 5 2 1 0 0 0 0 0 0 0 0 1 0 0 2 0 0 2 0 0 58 191 171 68 125 38 0 153 137 324 196 51 239 265 212 25 20 115 171 24 0 0 3 2 2 1 0 1 0 0 0 0 0 0 0 2 0 3 0 0 1 0 0 0 0 0 0 0 0 2 0 0 0 0 0 0 1 0 2 0 0 0 0 0 0 0 0 0 0 0 0 0 0 0 0 0 0 0 0 0 7 8 19 10 0 18 23 10 19 7 0 1 0 25 9 32 1 50 0 2 0 0 0 0 0 0 0 0 0 1 0 0 0 0 0 0 0 0 20 0 0 0 0 1 0 0 0 4 0 0 0 0 0 0 0 0 0 0 0 0 1 0 0 0 0 0 0 0 0 0 0 0 0 0 0 0 0 0 0 0 22 0 47 15 9 11 4 24 18 10 1 0 23 14 0 16 29 8 13 7 2 0 0 0 0 0 0 0 0 0 0 7 12 0 0 0 0 0 0 0 0 0 16 0 0 0 0 0 0 0 0 0 0 0 9 0 0 0 0 0 0 0 11 0 0 0 0 1 0 0 0 0 0 0 11 0 0 6 1 0 1 0 0 0 0 0 0 0 0 0 0 0 0 0 0 0 0 0 0 0 0 13 0 0 0 0 0 0 0 0 
 0 1 81 0 0 36 0 0 1 0 0 0 1 2 1 0 3 0 2 2 151 97 242 303 76 98 153 0 83 140 266 25 153 84 75 48 244 291 63 117 0 0 3 0 7 0 0 1 0 0 0 2 0 0 0 2 0 7 0 0 0 0 0 0 0 0 0 0 0 0 0 0 0 0 0 0 1 0 2 0 0 1 0 0 0 0 0 0 0 0 0 0 0 0 0 0 0 0 0 0 21 0 10 0 0 11 0 23 16 20 4 16 18 30 12 35 14 15 10 0 0 0 15 0 0 0 0 0 0 0 7 0 0 0 0 0 0 0 9 17 0 0 0 0 1 0 0 4 0 0 0 2 0 0 0 0 0 0 0 0 0 0 0 0 0 0 0 0 1 0 0 0 0 0 0 2 0 0 0 0 17 0 14 9 32 38 0 0 14 17 1 12 0 0 1 10 26 2 12 10 0 0 0 0 0 0 0 0 0 0 0 0 8 0 2 0 0 0 1 2 0 2 0 0 0 1 0 0 0 0 0 0 0 2 0 0 0 0 0 0 0 0 0 0 0 0 0 0 0 0 0 0 0 0 10 0 0 2 1 1 2 0 0 0 0 0 0 0 0 0 0 0 0 0 0 0 0 0 0 0 0 28 0 0 0 0 0 0 0 0 
 3 36 3 3 3 120 3 3 3 3 3 3 3 3 208 3 6 3 3 3 160 58 408 173 81 56 137 83 0 135 143 263 261 81 105 201 346 123 220 158 0 0 2 0 0 0 0 0 0 0 0 1 69 63 0 2 1 2 0 0 0 0 0 0 0 0 0 0 0 4 0 0 0 0 0 0 3 0 2 0 0 0 0 0 0 2 0 0 0 0 0 0 0 0 0 0 44 0 0 0 49 10 13 42 12 7 13 36 26 0 0 2 8 48 28 1 0 13 9 15 9 0 0 0 0 0 0 0 0 0 4 0 0 0 0 0 0 0 0 0 0 0 0 0 0 0 0 15 0 0 0 0 0 0 4 0 0 1 0 0 0 0 0 0 0 15 0 0 11 0 0 0 0 0 0 0 0 0 0 0 21 27 22 18 19 0 31 12 1 42 12 43 29 1 1 36 15 32 8 16 0 0 0 0 0 0 12 0 0 0 0 0 0 0 11 0 0 0 0 0 0 0 0 0 0 0 0 0 0 0 0 0 0 0 0 0 0 0 0 0 0 0 18 0 0 0 0 0 0 0 0 0 0 0 11 2 0 0 85 0 4 0 0 0 0 0 14 0 0 0 0 0 0 0 0 0 0 0 0 12 0 0 0 0 0 0 0 0 0 0 
 0 0 5 0 0 72 2 1 0 1 0 2 0 1 0 0 0 0 0 1 93 47 212 285 181 78 324 140 135 0 156 45 269 329 238 275 146 146 61 310 49 3 2 0 0 0 72 0 5 0 0 0 0 0 0 2 0 52 124 0 0 0 0 0 0 0 0 0 0 0 0 0 1 0 1 0 4 0 3 0 0 0 0 0 0 0 0 0 0 0 1 0 2 0 0 0 0 0 0 0 8 9 30 0 17 26 1 11 9 0 30 12 0 14 13 0 0 0 0 1 16 24 8 0 0 0 22 0 0 0 12 0 11 12 17 14 0 0 0 33 0 0 0 0 0 0 0 7 0 0 0 0 0 0 0 0 0 8 0 0 0 0 0 0 0 1 5 0 0 0 0 0 0 0 22 0 0 0 14 0 25 0 14 28 0 19 0 14 8 30 30 56 13 14 0 57 19 10 0 0 32 0 1 14 0 0 43 11 16 0 0 0 10 24 0 0 0 0 0 36 0 0 0 0 0 0 2 0 0 0 0 0 0 0 38 0 0 0 0 0 0 0 0 0 0 0 0 0 0 0 0 0 0 18 6 0 0 1 87 2 28 0 0 0 0 0 12 0 0 0 0 0 0 0 0 0 0 0 0 0 0 1 0 2 0 10 0 0 0 0 
 0 0 0 0 0 76 0 0 3 2 1 0 3 0 0 0 3 0 0 0 215 182 121 81 159 76 196 266 143 156 0 44 88 110 368 150 261 376 49 274 4 0 3 0 29 4 4 1 0 0 0 2 0 3 0 2 1 2 174 0 0 0 0 0 0 0 3 0 0 0 0 0 0 0 0 0 2 0 2 0 0 0 0 0 0 0 0 0 0 0 0 0 0 0 0 0 0 0 0 0 19 22 20 40 0 0 9 24 0 12 4 2 10 32 11 0 0 22 1 0 0 0 19 0 0 0 0 0 0 0 0 0 0 0 0 0 0 0 0 0 0 0 0 0 0 0 18 17 0 9 0 0 0 0 0 0 0 11 0 6 0 0 0 0 0 0 0 0 20 0 0 0 0 0 0 0 0 0 0 0 36 19 16 11 26 0 19 7 5 67 1 27 26 17 20 41 0 0 1 13 0 0 0 0 0 0 0 0 0 13 0 0 11 0 0 0 0 0 0 0 0 0 20 0 0 0 0 0 0 1 0 0 0 0 2 0 0 0 0 0 0 0 0 0 0 0 0 0 0 0 0 0 0 0 8 2 2 7 102 2 5 0 0 0 0 0 14 0 0 0 0 0 0 0 0 0 0 0 0 0 0 0 0 0 0 0 0 0 0 0 
 3 3 5 2 3 3 3 4 2 2 3 3 2 3 3 3 6 3 3 3 35 456 31 256 162 154 51 25 263 45 44 0 30 60 256 117 143 78 458 245 1 32 3 0 37 0 3 63 5 0 0 0 65 154 0 209 0 0 0 2 2 0 0 0 0 4 0 0 0 0 0 0 0 0 0 16 3 0 2 0 0 0 0 0 0 0 0 0 0 0 0 0 2 1 0 0 0 0 0 0 0 3 26 11 60 20 0 0 20 21 7 8 0 0 0 0 0 0 0 0 19 0 16 0 0 0 8 75 25 0 0 0 13 40 15 7 51 0 0 18 0 0 0 0 0 0 0 0 0 0 0 0 0 0 4 0 1 1 0 0 0 0 0 0 0 0 1 0 0 0 0 0 0 0 0 0 0 0 1 0 1 0 0 0 27 4 0 0 0 7 20 77 0 1 11 11 8 0 0 0 78 0 45 0 0 0 12 10 3 0 0 10 8 13 19 0 0 7 16 10 0 0 0 0 0 0 2 0 0 0 0 0 0 0 0 0 0 0 0 0 0 0 0 0 0 0 0 0 0 0 0 0 0 0 8 2 0 75 86 1 29 0 0 0 0 0 0 0 0 0 0 0 0 0 0 0 0 0 0 0 0 0 0 2 0 7 0 0 0 0 
 0 0 76 0 0 77 0 0 38 0 94 0 5 0 0 1 79 0 0 0 168 120 144 68 93 56 239 153 261 269 88 30 0 298 76 38 96 27 108 66 0 0 3 0 0 0 2 1 1 0 0 0 0 0 0 2 0 2 0 0 0 0 0 0 0 3 0 7 0 0 0 1 0 0 0 0 3 0 2 0 0 0 0 2 0 0 0 0 0 0 0 0 0 0 0 0 48 5 0 0 8 9 21 8 0 9 3 32 0 2 13 0 29 1 6 1 23 20 0 13 0 14 0 0 0 0 0 0 0 0 7 0 0 0 0 0 0 0 0 0 0 0 0 0 0 0 0 0 0 0 0 0 0 0 0 5 0 0 0 0 0 0 14 5 15 30 0 0 8 0 0 18 0 0 0 0 0 25 0 0 70 9 22 16 16 2 0 2 8 19 0 0 40 0 12 10 1 24 1 14 0 0 0 0 0 0 0 0 0 0 0 0 0 0 0 0 0 0 0 0 16 0 0 0 0 0 0 0 0 0 0 0 0 0 0 0 0 0 0 0 0 0 0 0 0 0 75 0 0 0 0 0 0 0 3 0 0 1 0 0 0 2 17 0 0 0 16 0 0 0 0 0 0 0 0 0 0 17 0 0 0 0 0 0 0 0 0 0 0 0 
 0 0 3 0 0 168 0 0 0 4 62 76 1 0 0 0 0 0 0 0 135 214 124 48 57 534 265 84 81 329 110 60 298 0 183 92 42 132 256 83 1 0 5 0 2 0 3 1 0 0 0 0 0 0 2 2 0 2 4 4 0 0 0 0 2 0 2 0 0 0 2 0 1 2 1 1 1 3 3 0 0 0 0 0 16 0 0 1 0 2 14 0 0 0 0 0 0 0 0 0 11 0 14 10 0 0 14 19 0 12 17 41 0 47 54 19 48 14 2 21 1 2 0 0 0 0 0 0 0 0 0 16 0 0 0 0 0 0 0 0 0 17 0 0 0 0 0 0 0 1 0 0 0 0 0 0 0 0 0 0 0 0 0 0 0 30 0 0 0 0 0 0 0 0 0 0 0 0 0 0 35 0 41 37 1 0 6 20 54 9 0 0 17 29 0 14 4 0 2 21 0 0 0 0 0 0 0 0 0 0 2 0 0 0 0 0 0 0 0 0 0 0 0 0 0 0 0 0 0 8 2 0 0 0 0 0 0 2 0 0 0 0 0 0 0 0 0 0 0 0 0 0 0 0 6 0 2 12 0 2 2 0 0 0 0 0 18 0 0 0 0 0 0 0 0 0 0 0 0 11 0 11 0 0 0 0 0 0 0 0 
 0 0 3 0 16 1 0 0 0 79 17 3 0 0 0 1 5 0 0 0 54 113 218 148 300 121 212 75 105 238 368 256 76 183 0 666 51 162 82 266 0 0 3 0 0 0 0 2 3 0 0 0 0 0 0 2 0 3 1 0 0 0 0 1 0 0 0 0 0 0 0 0 0 0 0 0 0 0 2 0 0 0 0 0 10 11 0 0 0 0 0 13 0 0 2 0 0 0 0 0 21 0 10 1 0 17 0 18 38 9 8 13 0 13 25 36 17 20 52 0 0 0 0 0 0 0 11 0 0 0 0 0 0 0 0 0 0 0 9 6 0 0 0 0 0 0 0 4 0 0 0 0 0 0 0 0 0 0 0 0 0 0 0 0 29 0 0 0 0 0 0 0 0 0 0 0 0 0 0 0 13 8 31 27 0 0 0 11 12 12 3 0 18 8 0 1 21 0 10 0 15 0 0 1 0 0 0 0 0 0 0 0 0 0 0 0 0 0 1 11 0 0 0 0 0 0 0 0 0 0 0 0 0 0 1 0 0 0 14 0 0 0 0 0 0 0 0 0 0 0 0 0 0 0 0 0 4 2 0 4 0 2 0 0 0 0 0 0 0 0 0 0 0 0 0 0 12 0 0 1 0 31 0 0 0 0 0 0 0 0 
 0 0 0 1 0 74 0 0 1 4 0 1 1 0 0 0 0 21 0 0 82 63 333 164 171 236 25 48 201 275 150 117 38 92 666 0 172 169 31 364 63 0 3 0 1 0 63 1 4 0 0 0 1 0 0 2 0 15 34 0 0 7 0 0 0 0 0 0 0 0 0 0 1 0 0 0 1 0 3 0 0 0 0 0 0 0 0 0 0 0 0 14 0 0 0 0 0 0 0 0 9 70 45 0 84 30 0 12 8 12 27 25 0 0 36 34 0 0 0 0 9 13 0 0 0 0 14 0 0 0 0 0 0 0 13 0 0 0 24 10 0 0 0 0 0 0 0 11 0 0 0 0 0 0 2 0 0 7 0 0 0 0 0 0 7 0 0 0 0 0 0 0 0 0 0 0 0 0 0 0 18 0 38 35 0 16 0 9 34 10 42 8 9 34 4 0 17 0 0 0 0 0 0 0 0 0 13 0 0 0 0 0 31 19 0 0 0 0 0 23 0 0 0 0 0 0 0 10 0 0 0 0 0 19 0 0 0 0 0 0 0 0 0 0 0 0 0 0 0 0 0 2 0 0 6 1 2 74 1 2 0 0 0 0 0 0 13 0 0 0 0 0 0 0 0 0 0 0 0 0 0 9 0 0 0 0 0 0 0 0 
 0 0 0 0 0 0 0 0 1 0 0 2 2 0 0 0 2 0 0 0 185 256 154 158 219 80 20 244 346 146 261 143 96 42 51 172 0 322 37 39 65 0 3 0 5 0 64 1 0 0 0 0 63 69 0 1 0 1 21 65 0 0 0 0 6 0 0 0 0 0 74 0 0 3 0 0 1 1 2 0 0 0 0 0 0 0 0 0 0 0 0 0 0 0 0 0 0 0 0 0 10 40 43 51 25 8 12 0 12 37 12 22 0 6 0 0 10 31 0 9 8 0 0 1 0 0 0 0 0 3 3 0 0 17 0 0 0 0 2 23 0 0 0 0 0 0 0 1 0 0 0 2 0 0 10 0 0 2 0 0 0 0 0 2 0 0 0 0 7 0 0 0 0 0 0 0 0 9 0 0 0 17 0 0 13 20 0 10 19 24 31 42 1 15 3 44 28 11 69 0 1 15 0 0 0 0 41 7 1 21 0 0 19 14 23 8 0 0 10 0 0 1 0 0 0 0 0 0 0 44 0 11 0 1 0 0 0 0 0 0 0 0 13 0 0 0 0 0 0 0 0 0 0 0 20 0 0 78 42 2 2 0 0 0 0 0 0 0 0 0 0 0 0 0 0 0 0 0 0 0 0 0 0 0 0 11 0 0 0 0 
 1 0 0 0 0 38 0 0 0 0 0 0 0 3 0 0 3 0 0 3 242 155 188 78 78 68 115 291 123 146 376 78 27 132 162 169 322 0 37 99 62 2 2 0 0 0 0 0 5 0 0 12 3 0 0 1 2 15 24 66 0 0 0 0 6 0 0 2 0 1 0 0 0 3 0 0 2 0 2 2 0 0 0 0 0 0 0 0 0 0 0 0 0 0 0 0 0 0 0 0 0 0 0 22 11 10 2 25 0 6 18 14 10 40 3 11 10 25 36 0 0 0 0 0 0 0 8 0 0 0 17 0 0 15 0 0 0 0 0 2 0 0 0 0 0 0 0 12 0 0 0 0 0 0 0 0 0 0 0 0 0 0 0 0 0 0 0 0 0 0 0 0 0 0 0 0 0 0 0 0 25 0 0 24 38 19 0 26 6 48 21 15 0 0 13 9 0 1 0 28 0 20 0 1 0 0 0 0 0 0 0 0 19 0 0 9 0 0 10 12 0 0 0 0 0 0 0 0 0 0 0 0 0 0 0 0 0 0 0 14 0 0 0 0 0 0 0 0 0 0 0 0 0 0 19 0 2 78 0 2 8 0 0 0 0 0 0 0 0 0 0 0 0 0 0 0 2 0 0 0 0 11 0 0 0 0 0 0 0 0 
 0 2 20 75 75 3 0 0 2 73 91 1 0 0 0 0 3 0 0 0 125 62 272 76 54 49 171 63 220 61 49 458 108 256 82 31 37 37 0 288 0 0 3 0 0 0 0 1 0 0 0 0 0 0 0 0 0 0 0 0 0 0 5 0 0 0 0 0 5 0 0 0 0 0 0 0 2 0 2 0 0 0 0 1 28 1 0 0 0 9 8 0 0 0 0 1 0 1 0 0 26 3 0 0 0 0 2 35 0 0 0 0 12 0 27 0 42 9 17 13 0 0 0 0 0 0 0 0 0 0 0 1 0 0 0 0 0 1 0 0 0 0 0 0 0 9 0 0 0 10 0 0 44 0 0 0 0 0 0 0 0 0 0 1 18 40 0 0 0 1 34 1 0 0 0 0 0 6 0 0 48 22 14 0 0 0 46 18 0 0 0 0 33 0 10 8 1 0 26 5 0 0 0 0 0 0 0 0 0 0 0 0 0 0 0 0 0 0 0 0 0 0 0 0 0 0 0 0 0 0 0 0 0 0 0 0 0 0 2 0 0 0 0 0 0 0 0 0 0 149 0 0 0 0 16 0 1 1 1 0 0 15 0 0 0 0 0 0 0 0 0 0 0 0 0 10 11 0 0 12 0 0 0 0 0 0 0 0 0 0 
 0 74 74 106 218 158 0 0 0 76 73 77 1 0 0 85 0 0 0 0 146 124 39 69 368 53 24 117 158 310 274 245 66 83 266 364 39 99 288 0 6 0 25 0 0 0 0 1 0 0 0 0 0 0 0 0 0 0 26 2 0 0 7 0 0 26 0 0 0 0 0 0 0 0 0 0 3 0 2 0 0 0 0 0 63 9 0 0 0 0 34 10 19 0 38 0 0 0 0 0 15 8 1 0 0 0 8 39 12 0 0 0 63 21 12 0 14 0 43 0 0 2 0 0 4 0 0 0 0 0 11 0 0 0 0 0 0 0 0 0 0 0 0 0 0 0 0 0 0 0 2 0 0 0 0 15 0 0 0 0 0 0 0 0 11 27 0 0 0 0 35 0 0 0 0 0 0 0 0 0 1 47 22 0 21 0 32 29 0 0 0 0 10 11 35 33 0 24 27 18 0 0 0 0 0 1 0 0 0 0 2 0 0 0 0 0 0 0 0 0 1 0 0 0 0 0 0 0 0 0 7 0 0 0 0 0 0 0 0 0 0 0 0 0 0 0 0 0 0 76 0 0 0 0 17 0 0 0 0 0 0 1 0 0 0 0 0 0 0 0 0 0 0 0 0 9 0 0 0 12 0 0 0 0 0 0 0 0 0 0 
 0 1 0 0 1 3 0 0 0 1 16 3 0 0 0 1 2 0 0 0 0 0 62 128 0 70 0 0 0 49 4 1 0 1 0 63 65 62 0 6 0 62 185 58 261 29 242 120 57 44 18 54 75 66 116 101 82 48 192 41 0 0 0 0 11 0 0 0 0 0 0 0 0 0 0 0 0 45 0 0 0 0 0 0 10 0 0 0 0 0 1 0 0 0 0 0 0 0 0 0 0 0 13 0 18 18 0 6 1 0 0 10 1 0 0 0 1 0 1 6 14 21 16 8 9 0 40 11 0 29 14 0 26 14 37 0 0 27 11 59 0 0 0 0 5 0 0 0 0 0 0 0 0 0 0 0 8 0 0 6 0 0 0 0 0 1 5 0 0 0 1 0 0 0 0 0 0 0 0 0 6 0 0 0 6 26 0 0 0 8 18 11 0 7 4 14 13 9 0 0 21 0 7 28 0 8 31 15 29 0 0 0 46 22 15 0 1 0 1 21 0 0 0 0 0 0 0 0 0 0 0 0 0 0 0 0 0 0 0 0 0 0 0 0 0 0 0 0 0 32 0 5 0 4 0 0 2 0 64 0 16 0 0 0 0 0 0 1 0 0 0 0 0 0 0 29 0 0 0 0 0 0 0 0 0 12 0 2 2 0 
 3 3 3 2 3 2 2 3 2 5 2 3 2 3 2 2 6 3 4 2 0 0 0 62 0 1 0 0 0 3 0 32 0 0 0 0 0 2 0 0 62 0 365 73 113 40 63 286 202 212 57 153 40 76 55 258 108 127 61 68 6 1 0 0 11 7 0 0 0 49 11 0 0 0 17 2 1 1 55 57 0 0 0 0 0 0 0 0 0 0 0 0 0 0 0 0 0 0 0 0 0 0 0 0 0 24 0 0 0 0 0 0 0 0 0 0 0 0 0 0 0 7 16 14 0 23 8 0 15 0 1 9 0 16 0 13 9 21 0 9 6 0 8 6 12 0 22 0 0 0 0 9 11 0 11 0 0 0 10 16 0 0 0 0 0 0 13 0 0 0 0 0 0 0 0 0 0 0 0 0 0 0 0 0 0 3 0 0 0 0 0 9 0 0 0 0 5 0 0 0 30 4 21 1 1 9 0 19 10 1 30 46 8 0 9 17 2 23 9 0 17 4 0 0 7 7 28 0 0 0 1 11 7 0 0 1 1 0 12 0 0 0 0 0 0 0 0 0 0 0 0 0 0 0 0 0 0 0 61 0 13 0 5 0 4 2 1 0 0 0 0 0 0 0 0 8 0 0 0 0 0 0 0 0 0 11 0 14 0 0 
 2 5 2 2 5 8 2 2 2 5 7 5 2 2 2 13 2 2 2 2 5 3 2 2 3 3 3 3 2 2 3 3 3 5 3 3 3 2 3 25 185 365 0 170 363 303 87 171 136 132 253 113 50 89 166 402 639 425 203 122 0 0 0 51 0 0 0 0 0 0 0 0 0 0 0 0 0 6 0 0 0 0 0 0 11 0 0 0 0 0 5 0 0 0 0 0 0 0 0 0 0 0 0 0 0 0 0 17 6 0 0 0 15 0 0 0 3 0 3 6 0 35 7 8 69 22 28 64 0 29 20 14 0 15 4 25 18 5 0 0 10 0 0 0 0 0 0 0 0 0 6 0 0 0 0 0 0 0 0 13 0 0 0 8 0 2 0 0 0 0 5 0 0 0 0 0 0 0 0 0 6 0 0 0 0 0 0 0 0 0 0 0 0 7 9 0 0 0 0 2 50 0 20 20 17 17 4 14 10 21 0 0 0 13 4 14 31 28 1 3 0 0 27 0 0 0 0 0 0 0 0 0 0 0 0 0 0 0 11 15 0 0 19 0 0 0 0 0 0 29 0 0 0 2 0 0 0 0 0 0 0 0 4 67 0 6 2 68 2 0 0 0 0 0 0 0 0 0 0 0 0 0 0 0 42 0 0 0 2 0 
 0 0 0 0 0 0 0 0 0 0 0 0 0 0 0 1 0 0 0 0 2 1 6 81 0 0 2 0 0 0 0 0 0 0 0 0 0 0 0 0 58 73 170 0 408 102 98 73 183 94 374 78 298 87 60 67 67 93 301 62 0 0 0 0 0 0 64 0 0 0 0 1 0 57 56 0 0 0 130 99 0 0 0 0 0 0 0 0 0 0 0 0 0 0 0 0 0 0 0 0 0 0 0 0 0 0 0 0 0 0 0 0 0 0 0 0 0 0 0 0 0 0 0 35 13 19 0 12 0 0 0 8 0 0 0 8 13 0 0 0 14 2 2 0 0 0 0 20 1 0 0 7 0 0 14 0 0 16 0 13 0 0 0 4 0 0 0 0 0 0 0 0 0 0 0 0 0 0 0 0 0 0 0 0 0 0 0 13 0 0 0 0 0 0 10 0 0 0 0 0 0 0 0 22 0 7 0 0 14 14 20 22 0 0 0 2 14 8 0 0 23 0 0 14 0 0 0 0 0 0 0 0 1 7 21 0 0 3 18 19 0 0 0 0 0 0 0 0 0 0 0 5 0 2 0 0 0 0 0 1 0 0 0 1 3 0 0 2 3 0 0 0 0 0 0 0 0 0 0 0 0 4 0 0 0 0 0 0 0 0 
 0 0 3 0 2 0 0 0 2 0 0 0 2 0 0 0 2 4 6 0 38 9 19 0 1 0 2 7 0 0 29 37 0 2 0 1 5 0 0 0 261 113 363 408 0 104 53 120 186 293 377 138 97 281 406 146 126 267 74 64 109 0 54 0 0 0 0 0 0 0 0 0 21 0 7 0 0 2 22 24 0 0 0 0 0 0 0 0 0 0 0 0 0 0 0 0 0 0 0 0 15 6 0 9 0 0 0 0 0 6 0 0 0 2 0 0 0 0 0 0 0 0 0 10 1 16 6 7 0 10 1 13 0 0 10 10 12 0 0 0 6 2 4 0 0 0 14 0 0 0 1 10 21 12 0 28 20 0 0 9 0 0 0 0 0 10 0 0 0 0 4 0 0 0 0 0 0 0 0 0 0 11 0 0 3 0 0 0 0 13 0 30 0 0 0 0 0 0 0 0 11 9 12 6 8 6 8 0 6 9 24 0 4 0 0 7 7 0 0 0 12 18 12 1 0 9 52 20 10 0 19 0 11 9 31 0 0 14 14 0 0 0 0 0 0 0 0 0 0 0 0 11 0 1 0 0 0 0 23 0 0 13 5 0 1 3 2 1 0 0 0 0 0 0 0 0 0 0 0 0 0 0 0 0 0 8 0 0 0 0 
 3 3 4 3 3 3 5 3 5 3 3 3 5 3 3 3 7 3 3 3 0 0 0 2 0 0 1 0 0 0 4 0 0 0 0 0 0 0 0 0 29 40 303 102 104 0 39 37 55 39 69 356 28 277 46 78 105 353 54 27 79 56 0 0 1 0 21 29 51 56 54 3 69 1 1 4 55 60 5 3 0 0 0 0 0 0 0 0 0 0 0 0 0 0 0 0 0 0 0 0 0 0 0 0 0 0 0 0 0 0 0 0 0 0 0 0 0 0 0 0 7 0 0 0 9 3 0 16 0 0 0 14 0 0 0 7 18 0 0 0 30 6 0 0 14 0 0 0 23 0 15 11 0 11 3 6 0 10 0 17 0 0 0 9 0 0 0 20 0 0 0 0 0 0 0 0 0 0 0 0 0 0 0 0 0 0 0 0 0 0 0 0 0 0 0 0 0 0 0 6 0 0 0 16 15 2 0 0 18 0 0 8 0 0 0 12 18 2 0 0 1 13 7 24 0 0 7 12 11 8 12 0 12 1 12 7 25 11 0 50 0 0 0 0 0 0 2 0 0 0 0 7 0 0 0 0 0 0 0 2 0 0 8 68 0 17 6 4 0 0 0 0 0 0 0 0 0 0 0 0 0 0 0 0 0 0 0 0 0 0 
 0 1 7 8 1 0 0 5 1 1 0 0 0 0 0 0 3 1 0 0 1 0 63 147 0 63 0 0 0 72 4 3 2 3 0 63 64 0 0 0 242 63 87 98 53 39 0 305 87 238 22 41 79 592 132 194 98 33 270 57 0 0 0 0 0 3 0 0 0 0 3 0 0 0 2 0 0 1 1 0 0 0 1 7 0 4 3 0 3 6 0 0 0 0 0 3 10 0 0 1 0 0 12 0 11 10 6 0 0 0 0 17 10 0 0 0 0 10 1 1 20 6 18 7 42 0 16 12 12 23 11 0 10 12 11 8 0 36 21 45 0 0 0 0 0 0 0 0 0 0 0 0 0 0 0 0 4 0 0 0 0 12 0 2 1 0 18 0 0 0 0 6 0 17 7 3 0 1 0 1 0 0 0 0 29 42 0 0 0 6 16 10 0 0 0 11 10 10 0 0 9 0 6 9 10 7 18 15 39 0 0 0 7 18 0 0 0 6 19 18 0 0 0 0 0 0 0 0 0 0 0 0 0 0 0 0 0 0 0 0 0 1 0 0 0 0 0 0 0 32 0 2 2 2 0 0 0 1 61 4 9 0 1 0 7 0 2 0 0 0 3 0 0 0 0 0 0 0 0 0 0 0 0 0 8 6 0 0 2 0 
 0 0 4 0 0 3 0 0 0 0 0 0 0 0 0 0 2 0 0 1 1 1 65 2 2 64 1 1 0 0 1 63 1 1 2 1 1 0 1 1 120 286 171 73 120 37 305 0 74 331 31 51 87 390 95 129 173 122 140 63 0 0 0 3 2 0 0 0 0 1 2 0 0 0 0 0 3 6 0 0 0 0 0 0 0 0 0 0 0 0 0 0 0 0 0 7 0 0 0 0 0 0 0 0 0 0 0 0 0 0 0 0 0 0 0 0 0 0 0 4 0 24 14 14 22 8 12 18 13 63 9 25 0 42 2 25 27 9 0 1 5 0 2 0 0 0 0 0 1 0 0 0 1 0 0 0 0 0 0 0 0 0 0 0 0 0 0 0 0 0 0 0 0 0 0 0 0 0 0 0 0 0 0 0 0 0 0 0 0 0 11 0 0 0 0 0 0 0 0 0 37 20 30 12 8 20 9 24 0 12 71 5 0 1 30 8 16 18 8 0 0 0 0 0 0 0 0 0 0 0 0 0 7 0 4 0 0 0 0 0 0 0 7 0 0 0 0 0 0 0 0 8 0 0 0 0 0 0 0 0 14 0 41 0 0 3 2 64 0 0 0 0 1 0 0 0 0 0 0 0 0 0 1 0 6 12 0 0 0 0 
 0 0 0 63 0 0 0 0 3 2 0 0 3 5 0 0 6 0 0 0 0 0 1 19 0 67 0 0 0 5 0 5 1 0 3 4 0 5 0 0 57 202 136 183 186 55 87 74 0 215 99 245 106 96 83 136 111 259 74 36 13 0 0 0 0 3 18 0 0 0 0 1 0 52 1 0 3 0 46 22 16 0 0 0 0 0 0 0 0 0 0 0 0 0 0 0 0 0 0 0 0 0 0 0 0 5 0 0 0 0 3 10 0 8 0 0 0 0 0 0 0 0 0 20 0 6 3 0 0 0 28 19 0 1 18 11 18 7 0 0 3 0 29 0 0 0 27 0 1 0 0 7 24 0 2 0 0 0 6 24 0 0 0 0 0 0 0 0 0 0 0 0 0 0 0 0 0 0 0 0 0 0 0 9 0 0 0 7 0 0 14 0 0 0 0 0 0 0 0 0 0 19 0 41 1 24 0 0 9 88 38 15 0 0 0 13 10 11 0 13 30 0 0 0 0 0 23 0 0 0 0 0 17 0 19 0 0 0 0 1 0 0 0 0 0 0 0 0 0 0 0 6 0 2 0 0 0 0 0 13 0 0 3 0 0 0 2 0 0 0 0 0 0 0 0 0 0 0 0 0 0 0 0 0 0 0 0 8 2 0 
 1 0 0 0 0 0 0 91 0 0 0 0 0 0 0 0 0 0 0 0 0 0 0 0 0 7 0 0 0 0 0 0 0 0 0 0 0 0 0 0 44 212 132 94 293 39 238 331 215 0 220 142 66 90 137 84 100 544 321 160 5 0 0 0 42 16 0 24 2 0 7 0 0 0 0 0 0 2 50 53 0 0 0 0 0 0 0 0 1 0 0 0 0 0 0 0 0 0 0 0 0 0 0 0 0 0 0 0 0 0 0 0 0 0 0 0 0 0 0 0 0 12 8 15 0 21 11 9 0 11 14 1 0 0 0 8 1 7 0 0 0 2 0 41 0 1 32 0 0 0 0 11 30 0 22 0 0 0 8 6 0 0 0 0 0 0 0 0 0 0 0 0 0 0 0 0 0 0 0 0 0 0 0 0 0 0 0 0 0 0 0 0 0 0 0 0 0 0 0 0 12 67 0 0 23 0 0 0 0 0 23 26 0 0 0 9 10 17 0 0 16 0 0 0 9 6 10 10 0 0 0 12 0 0 1 0 0 0 37 0 0 0 0 0 0 0 0 0 0 0 0 8 0 0 0 0 0 2 0 11 0 0 90 71 2 12 0 0 0 0 0 0 0 0 0 11 0 0 0 0 0 0 0 0 0 0 0 9 0 0 
 0 0 0 0 0 2 0 0 0 0 0 0 0 0 0 1 0 0 0 0 2 0 0 0 3 0 0 0 0 0 0 0 0 0 0 0 0 0 0 0 18 57 253 374 377 69 22 31 99 220 0 124 34 240 118 75 151 242 54 112 55 0 0 0 15 8 27 3 0 0 16 0 0 68 50 0 0 0 51 51 0 0 0 0 0 0 0 0 0 0 0 0 0 0 0 0 0 0 0 0 0 0 0 0 0 0 0 0 0 0 0 0 0 0 0 0 0 0 0 0 0 0 0 3 17 11 0 0 0 9 0 1 0 0 0 0 0 0 0 0 0 4 7 6 0 1 0 5 0 0 0 25 14 1 0 10 0 1 0 10 0 0 0 0 0 0 0 0 0 0 0 1 0 0 0 0 0 0 0 16 0 0 0 0 0 0 0 0 0 0 0 17 0 0 0 0 0 0 0 0 0 12 0 19 18 7 0 0 0 0 16 10 0 0 0 0 10 9 0 0 19 0 18 19 7 15 2 8 10 0 0 25 0 19 26 0 2 0 0 0 0 0 0 0 0 0 0 0 0 0 0 4 0 0 0 0 0 0 0 8 0 0 2 127 95 17 0 0 0 0 0 0 0 0 0 13 0 0 0 0 0 0 0 0 0 0 0 0 0 0 
 0 0 0 1 0 0 0 0 0 0 0 0 0 0 0 0 1 0 0 0 0 8 0 1 0 0 0 2 1 0 2 0 0 0 0 0 0 12 0 0 54 153 113 78 138 356 41 51 245 142 124 0 80 249 126 43 53 83 252 21 0 0 0 0 19 0 1 0 3 0 0 0 0 52 5 0 0 0 59 72 0 0 0 0 0 0 0 0 6 0 0 0 0 0 0 0 0 0 0 0 0 0 0 0 0 0 0 0 11 10 0 0 0 0 0 0 0 12 0 0 0 0 2 13 11 20 1 8 0 0 0 10 0 0 17 82 48 19 0 0 20 2 8 0 0 0 27 0 0 0 0 5 10 0 2 0 0 0 11 20 0 0 0 5 0 0 0 0 0 0 0 0 0 0 0 0 0 0 0 0 0 0 0 0 0 0 0 0 0 0 0 0 16 0 0 0 0 0 0 0 6 13 0 38 0 33 5 21 32 26 9 0 0 4 19 68 7 27 0 0 21 0 0 9 0 0 22 0 0 0 0 0 1 9 20 0 0 0 1 5 0 0 2 0 0 0 0 0 0 0 0 15 0 0 0 0 0 0 0 14 0 0 1 1 5 4 0 4 0 0 0 0 0 0 0 0 0 0 0 0 0 0 0 0 22 7 0 15 0 0 
 2 2 2 3 2 2 2 2 38 5 2 2 4 58 2 2 4 2 93 2 3 0 62 59 1 57 0 0 69 0 0 65 0 0 0 1 63 3 0 0 75 40 50 298 97 28 79 87 106 66 34 80 0 143 116 34 28 314 307 190 0 14 0 4 1 9 5 4 2 125 3 10 0 54 9 10 38 16 5 0 9 0 0 0 0 0 0 0 0 0 0 0 11 0 0 0 0 0 0 0 0 0 0 4 10 0 0 0 4 12 0 0 0 0 0 0 0 0 0 0 0 0 0 0 0 0 0 0 0 23 0 0 12 9 11 0 0 0 0 0 0 3 0 0 11 0 0 0 0 0 0 0 0 0 2 0 0 5 0 5 7 0 0 0 0 0 0 0 0 0 0 0 0 0 11 0 0 0 0 0 0 0 0 0 0 0 0 0 0 0 11 13 0 0 0 0 0 0 0 0 0 21 0 0 10 0 10 0 0 0 12 1 18 0 22 6 14 0 0 0 0 0 0 0 0 0 0 0 1 13 3 0 0 0 0 0 6 7 0 0 0 0 0 0 0 0 0 0 0 0 0 16 0 0 0 0 0 0 0 0 0 0 0 63 2 9 5 0 0 0 0 0 0 0 0 0 0 0 0 0 0 0 0 0 0 0 11 0 0 0 
 2 3 24 22 3 5 2 6 5 3 2 2 5 2 2 4 5 3 2 2 0 0 62 65 64 1 0 0 63 0 3 154 0 0 0 0 69 0 0 0 66 76 89 87 281 277 592 390 96 90 240 249 143 0 108 31 107 31 197 145 0 3 51 0 0 3 3 1 0 0 202 55 0 0 0 1 4 2 0 0 0 0 1 6 0 4 3 0 1 7 0 0 0 0 0 0 3 0 0 1 0 0 0 19 20 14 3 0 0 0 42 0 0 0 0 0 0 0 1 2 9 1 19 0 9 0 20 7 31 40 11 7 4 8 0 8 4 0 1 18 0 0 0 0 5 0 0 0 0 0 0 0 0 0 14 0 0 0 12 6 0 1 0 2 1 0 8 0 0 0 0 5 0 6 23 3 0 1 10 1 0 0 0 0 35 0 0 0 0 0 0 8 0 0 0 0 0 0 0 0 18 0 33 0 0 0 21 13 0 0 0 19 22 10 26 0 0 8 18 14 0 0 0 0 0 0 6 0 0 0 0 0 0 0 0 0 0 0 0 0 0 1 0 0 0 0 0 0 0 0 0 15 0 0 0 0 0 0 62 2 13 0 3 0 0 0 2 0 2 0 0 0 0 0 0 0 0 0 0 0 0 0 0 0 4 0 0 0 0 0 
 0 0 0 0 0 0 0 0 0 0 0 0 0 0 0 1 73 0 0 0 3 0 0 3 0 125 0 0 0 0 0 0 0 2 0 0 0 0 0 0 116 55 166 60 406 46 132 95 83 137 118 126 116 108 0 201 379 39 216 168 0 44 0 0 0 1 0 0 0 0 0 0 0 1 4 0 0 6 0 0 0 0 0 0 0 0 0 0 0 0 0 0 0 0 0 0 0 0 0 0 32 0 0 0 0 0 0 0 0 0 0 0 0 0 0 0 0 0 0 0 8 1 0 0 15 1 16 9 11 19 0 4 0 0 27 0 13 17 6 8 6 0 0 0 0 0 14 0 1 0 0 0 0 5 0 3 2 0 2 3 0 0 0 0 0 0 0 5 0 0 0 0 0 0 0 0 0 0 0 0 0 0 0 0 0 7 0 0 0 0 0 0 0 0 0 0 0 0 0 0 45 7 69 5 25 2 7 11 27 17 8 6 0 0 11 9 12 0 4 49 0 2 0 0 0 0 0 0 0 0 0 0 1 0 2 0 0 0 4 2 0 0 9 0 0 0 0 0 0 19 0 10 0 1 0 0 0 0 0 0 70 0 0 2 0 13 2 107 0 0 10 0 0 0 0 0 0 0 0 0 0 0 0 0 0 10 0 0 0 0 
 4 2 4 5 4 3 5 3 5 3 3 2 3 4 5 4 3 4 5 3 2 0 1 4 3 1 2 2 2 2 2 209 2 2 2 2 1 1 0 0 101 258 402 67 146 78 194 129 136 84 75 43 34 31 201 0 124 60 128 609 0 0 0 0 0 0 47 0 0 0 0 0 0 56 0 0 0 1 47 0 0 0 0 0 0 1 0 0 0 0 0 0 0 0 0 0 0 0 0 0 0 0 0 0 0 0 0 0 0 0 0 0 0 0 0 5 0 0 0 0 6 0 1 17 41 2 27 8 12 54 1 1 0 11 3 9 0 23 0 12 4 0 4 0 0 0 0 0 1 0 0 0 4 0 0 0 0 0 4 1 0 0 0 0 0 0 0 0 0 0 0 0 0 0 0 0 0 0 0 0 0 0 0 0 0 0 0 0 0 0 0 0 0 0 0 0 0 0 0 0 20 0 25 0 16 0 0 9 0 23 0 4 13 11 9 0 5 0 11 10 0 0 0 0 0 0 0 0 0 0 0 0 5 1 0 0 0 0 1 0 0 0 0 0 0 0 0 0 0 20 0 7 0 1 0 0 0 2 0 11 0 0 1 0 0 0 2 0 2 0 8 0 0 0 0 0 0 0 0 0 0 0 21 0 13 0 0 0 0 1 
 2 2 2 2 2 2 2 2 2 4 2 2 2 2 2 2 2 2 2 2 0 0 0 2 0 0 0 0 1 0 1 0 0 0 0 0 0 2 0 0 82 108 639 67 126 105 98 173 111 100 151 53 28 107 379 124 0 179 106 128 4 1 7 0 1 1 0 0 3 6 2 0 20 55 0 0 0 0 55 50 0 0 0 0 0 0 0 0 0 0 0 0 0 0 0 0 0 0 0 0 0 0 0 0 0 0 0 0 0 0 0 0 0 0 0 0 0 0 0 0 0 6 0 14 26 0 36 39 0 35 3 2 0 0 0 0 12 15 0 45 0 2 2 0 0 0 0 0 0 3 0 5 0 0 29 0 0 0 0 0 0 0 0 0 0 0 0 0 0 0 0 0 0 0 0 0 0 0 0 0 0 0 0 0 0 0 0 0 0 0 0 0 0 0 0 0 0 0 0 0 23 11 10 20 10 2 9 15 0 0 10 0 0 19 11 0 10 0 7 0 14 0 9 16 0 0 5 5 0 0 0 0 0 7 10 49 0 8 0 0 0 0 0 0 0 0 0 0 0 0 0 6 0 0 0 0 0 0 0 0 0 0 0 66 0 13 1 3 0 0 1 0 0 0 0 0 0 0 0 0 0 0 0 0 11 12 0 0 0 0 
 3 0 2 2 2 0 2 1 2 2 0 0 0 2 2 1 1 2 2 0 6 38 18 2 5 17 3 7 2 52 2 0 2 2 3 15 1 15 0 0 48 127 425 93 267 353 33 122 259 544 242 83 314 31 39 60 179 0 243 46 0 0 0 0 0 0 54 0 0 0 0 0 0 0 51 0 0 2 51 54 0 0 0 0 0 0 0 0 0 0 0 0 0 0 0 0 0 0 0 0 0 0 0 0 0 1 0 0 0 0 22 4 0 0 9 3 0 0 0 0 0 11 8 10 15 32 0 0 0 0 12 10 0 0 0 17 4 0 0 8 3 0 0 0 0 0 0 10 0 0 0 0 0 0 17 0 0 0 1 0 0 0 0 5 0 0 0 0 0 0 0 0 0 0 0 0 0 0 0 0 0 0 0 0 0 0 0 1 14 0 0 2 0 0 0 0 0 0 0 0 16 12 0 0 16 12 0 0 1 0 11 10 0 0 0 9 19 25 0 2 12 0 0 0 0 0 0 0 0 0 0 0 0 0 16 0 0 0 28 0 0 0 0 0 0 0 0 0 0 2 0 0 0 0 0 0 0 2 0 9 0 0 69 39 36 5 0 0 3 0 0 0 0 0 0 0 0 0 0 0 0 6 0 0 2 0 0 1 0 1 
 0 0 2 0 0 6 0 0 0 0 7 4 5 0 0 0 0 0 0 0 1 0 23 1 66 1 0 0 0 124 174 0 0 4 1 34 21 24 0 26 192 61 203 301 74 54 270 140 74 321 54 252 307 197 216 128 106 243 0 334 0 0 0 0 9 2 0 3 0 3 0 3 0 30 3 0 1 1 0 0 0 0 0 0 6 0 0 0 0 0 0 0 0 0 0 0 0 0 0 0 0 0 14 22 42 2 0 16 0 0 0 24 0 0 0 0 43 0 0 8 9 15 0 0 61 0 14 2 12 10 0 3 0 24 43 0 22 1 8 37 0 0 0 0 0 0 0 0 0 0 0 0 0 0 0 0 3 0 0 0 0 0 0 0 0 5 0 0 0 0 0 0 0 0 13 0 0 0 0 0 8 0 0 0 0 49 0 31 0 0 28 15 0 8 12 0 5 0 0 0 22 18 25 0 10 0 2 9 3 7 0 0 11 15 0 23 0 0 38 31 0 0 0 0 0 0 0 0 0 0 0 0 0 0 0 0 0 0 2 0 0 0 0 0 0 0 0 2 0 0 0 7 0 0 0 0 1 63 1 2 0 0 2 0 2 1 2 0 0 0 8 0 0 0 0 0 0 0 0 0 0 0 0 0 45 0 0 0 0 0 
 2 0 1 1 1 1 2 1 1 66 0 1 2 102 2 0 3 1 1 2 3 0 0 62 16 126 0 0 0 0 0 2 0 4 0 0 65 66 0 2 41 68 122 62 64 27 57 63 36 160 112 21 190 145 168 609 128 46 334 0 0 2 0 2 8 2 1 1 0 2 2 1 0 7 1 3 2 7 0 1 0 0 0 53 10 0 0 0 0 0 0 0 0 0 0 0 0 0 0 0 0 0 0 18 0 1 0 0 0 0 0 0 0 0 0 0 0 0 0 0 0 14 10 0 5 0 28 0 19 13 22 2 1 30 10 0 20 0 1 19 0 0 0 0 0 0 0 0 0 10 0 0 0 0 0 0 1 0 0 0 0 0 0 0 0 0 0 0 0 0 0 0 0 0 0 0 0 0 0 0 0 0 0 0 0 0 0 13 0 0 0 13 0 0 0 0 0 1 0 0 9 26 0 0 3 0 0 7 1 6 15 0 4 13 22 2 1 0 6 10 0 0 0 0 0 0 0 0 0 0 0 0 0 0 0 0 0 0 24 0 0 0 0 0 0 0 1 0 0 33 0 4 0 2 0 0 0 0 0 2 0 0 1 2 0 2 0 0 0 0 0 0 0 0 0 0 0 0 0 0 0 0 0 0 45 0 25 0 2 0 
 0 0 0 0 0 0 0 4 0 0 0 0 0 0 0 0 0 0 4 0 0 0 1 0 0 0 1 0 0 0 0 2 0 0 0 0 0 0 0 0 0 6 0 0 109 79 0 0 13 5 55 0 0 0 0 0 4 0 0 0 0 150 149 47 43 26 216 100 72 91 83 16 314 69 27 48 84 84 118 114 0 0 0 0 9 0 0 0 0 0 0 0 0 0 0 0 0 0 0 0 0 0 0 0 0 0 0 0 0 0 0 0 0 0 0 0 0 0 0 0 0 0 0 0 7 11 0 0 0 0 0 0 0 0 0 0 0 0 0 0 15 25 1 0 0 0 0 14 30 16 10 0 6 28 2 16 19 18 0 5 0 12 6 0 0 2 0 0 0 0 0 0 0 0 0 0 0 0 0 7 0 0 0 0 0 0 11 0 0 0 0 0 0 0 0 0 0 0 0 0 0 0 0 0 5 0 8 14 0 0 6 5 0 0 0 0 0 0 0 0 18 22 15 20 0 0 55 61 18 11 21 0 21 0 24 18 23 12 14 17 0 0 0 0 0 0 0 0 0 0 0 0 0 1 11 0 0 0 0 0 0 0 0 1 0 0 0 1 0 0 21 0 0 0 4 2 0 0 0 0 0 0 0 0 0 0 0 4 0 0 
