 0 189 387 433 45 28 178 195 298 42 37 55 296 145 149 134 40 32 34 69 0 0 0 2 0 3 0 0 0 0 0 0 0 0 0 0 6 2 1 0 0 0 0 0 0 0 0 3 0 0 0 1 0 0 0 0 0 0 0 0 0 0 0 3 0 3 1 0 45 0 0 0 44 3 2 0 0 45 2 0 16 19 18 17 13 0 16 24 14 0 2 0 40 10 17 9 42 0 1 7 0 0 0 0 0 0 0 0 0 0 0 0 0 0 0 0 0 0 0 0 0 0 0 0 0 0 0 0 0 12 0 10 0 0 0 0 0 0 0 0 0 1 0 0 0 0 0 0 0 0 0 0 0 0 14 0 0 18 0 0 0 22 12 12 5 1 10 30 15 45 0 15 15 13 10 16 17 26 18 29 0 0 0 0 0 0 0 0 0 0 0 0 5 0 0 0 0 0 0 0 0 0 0 0 0 0 0 0 0 0 0 0 0 0 0 0 26 0 0 0 0 0 0 0 0 0 0 0 0 0 0 0 0 0 0 0 0 0 0 0 0 0 0 0 0 1 0 0 15 93 0 10 1 0 0 0 0 0 0 0 0 0 0 0 0 0 0 0 0 0 0 0 0 0 0 10 0 0 0 0 0 0 0 0 0 0 0 0 0 0 
 189 0 292 64 119 39 190 193 132 19 128 36 60 131 146 100 25 234 41 141 0 2 0 2 0 3 7 3 0 0 0 0 0 0 0 0 2 2 1 0 1 0 0 2 0 2 1 3 0 0 0 2 0 1 2 0 2 0 0 1 0 0 1 3 0 3 2 0 0 0 0 0 0 3 2 0 0 0 2 0 2 7 44 1 0 0 14 21 12 17 13 1 2 0 14 70 23 26 1 29 0 0 0 0 0 0 0 0 0 0 0 0 0 0 0 0 0 0 0 0 0 0 0 0 0 10 0 0 0 0 0 0 0 0 0 0 0 0 0 0 0 0 0 0 2 0 0 0 0 0 0 0 0 0 0 0 0 0 0 0 25 12 0 0 6 0 20 34 0 21 29 0 32 29 28 24 43 27 41 45 0 0 0 0 0 0 18 2 0 0 0 0 0 11 0 0 0 0 17 25 0 6 0 0 0 0 0 0 16 0 0 0 0 0 1 0 0 0 0 0 0 0 0 0 0 0 0 0 0 0 0 0 2 0 0 1 0 1 2 0 0 0 0 0 0 0 0 0 2 103 0 13 0 0 0 0 0 0 0 0 0 0 0 0 0 0 0 0 0 0 0 0 0 0 0 0 0 0 0 0 0 0 0 0 0 0 0 0 0 0 
 387 292 0 99 206 71 64 227 88 265 284 117 55 354 112 240 138 18 43 332 0 0 0 2 0 5 0 0 0 0 77 0 0 0 0 0 2 2 0 0 0 0 0 0 0 0 2 3 0 0 0 0 0 1 0 0 63 1 0 0 0 0 0 3 0 3 0 0 0 0 0 0 0 2 2 0 0 0 2 0 17 29 0 13 30 11 0 12 11 31 35 42 0 0 0 94 11 27 0 14 0 10 0 0 2 0 0 22 0 0 0 0 51 0 0 0 0 0 11 20 0 0 0 0 0 0 0 0 0 0 2 0 0 0 0 0 0 0 0 0 0 4 0 0 1 0 0 0 0 0 3 0 3 0 0 0 0 0 0 0 0 12 0 46 82 32 11 19 26 29 1 14 0 0 13 0 21 19 0 21 8 0 0 0 0 0 17 11 9 0 0 0 36 0 0 0 0 0 23 11 0 12 0 23 0 21 0 2 0 0 0 18 0 0 2 0 0 0 0 0 0 0 0 0 0 0 0 0 1 0 0 0 0 0 0 0 0 0 0 0 0 15 0 0 0 0 7 0 1 4 18 14 0 0 0 0 0 0 0 0 0 0 1 0 0 0 0 0 0 0 0 0 0 0 0 15 11 26 0 0 0 0 0 0 0 0 0 0 0 0 
 433 64 99 0 151 52 76 168 209 356 203 82 200 260 352 490 225 217 60 124 0 2 0 1 0 3 18 2 0 0 0 0 75 85 0 74 2 2 1 0 0 0 0 0 0 0 0 5 0 0 0 0 0 63 3 1 0 1 0 0 0 0 0 3 0 3 0 0 0 0 0 0 0 2 2 0 0 0 2 0 81 0 0 35 2 28 0 0 0 1 16 26 0 0 0 14 15 34 0 0 0 26 33 0 0 0 4 5 10 0 0 0 13 11 0 11 0 0 74 14 0 0 14 0 0 0 0 0 0 0 0 0 0 0 0 0 0 0 0 0 0 1 0 0 0 0 0 10 0 0 0 0 2 0 0 0 0 0 0 0 0 18 27 15 37 49 0 10 0 12 22 0 1 7 0 0 4 0 3 0 7 0 12 0 0 0 0 0 0 0 0 0 12 16 0 1 0 0 28 38 0 0 0 0 0 0 0 0 0 0 0 0 0 0 0 0 0 0 0 0 0 0 0 0 0 0 0 0 0 0 0 0 0 0 0 0 0 0 0 1 0 0 0 0 0 0 2 2 91 95 1 12 0 0 0 0 0 0 0 0 0 0 0 0 0 0 0 0 0 0 0 0 0 0 0 0 25 0 0 0 0 0 0 0 0 0 0 0 0 0 
 45 119 206 151 0 180 48 318 197 86 183 38 60 108 334 116 51 119 48 65 3 0 3 3 3 3 0 3 6 7 0 0 0 0 0 3 2 7 1 0 0 0 0 4 2 4 0 3 2 0 0 0 0 77 0 3 0 0 0 1 29 0 3 3 0 4 4 4 0 0 0 0 0 2 2 47 0 1 2 0 18 24 11 13 20 10 0 21 22 48 18 37 0 0 0 17 0 11 0 0 0 0 0 0 0 0 3 1 0 0 0 0 0 14 0 0 1 0 0 17 0 0 0 0 0 0 0 0 0 0 0 0 2 0 0 0 0 0 0 0 0 23 0 0 0 0 1 0 0 0 0 0 10 0 0 0 0 0 0 0 0 16 24 11 37 2 0 0 17 37 32 15 1 55 12 0 0 29 0 1 31 0 2 1 0 0 23 0 0 0 0 0 10 0 1 0 0 0 9 1 0 10 0 0 0 0 0 0 0 0 0 0 0 7 0 0 0 0 0 0 0 2 0 0 0 0 0 0 0 0 0 0 0 0 1 0 0 0 0 0 0 0 0 0 0 0 1 2 0 92 13 2 1 0 0 0 0 0 0 0 0 0 0 0 0 0 0 0 0 0 0 0 0 0 0 10 40 0 0 0 0 0 0 0 0 0 0 0 0 0 
 28 39 71 52 180 0 47 105 38 79 258 409 54 59 81 148 145 121 46 104 222 2 73 1 0 3 78 0 6 74 0 0 117 113 0 0 40 10 98 83 0 0 0 0 0 0 0 3 0 0 0 0 0 1 0 41 0 0 0 0 0 0 0 3 0 3 1 0 0 0 0 0 3 4 2 0 0 0 2 0 0 0 10 16 55 37 0 0 11 13 1 0 0 0 10 0 0 11 0 14 15 11 11 7 0 0 24 11 0 23 14 1 28 7 3 8 2 0 15 54 2 0 0 0 0 0 0 0 0 0 0 0 0 0 0 0 0 0 0 0 0 9 0 0 0 0 0 0 0 0 5 0 20 0 0 0 1 0 0 0 0 2 32 19 17 1 0 0 2 7 0 38 0 0 0 10 9 18 0 0 31 0 9 8 1 0 1 15 27 10 0 21 30 9 6 6 18 14 44 14 0 0 0 0 0 0 2 0 0 0 0 0 0 0 0 0 0 0 0 0 0 0 0 0 0 0 0 0 0 0 0 1 0 0 0 0 0 0 0 0 0 0 0 0 0 0 96 0 6 0 0 10 0 0 0 0 0 0 0 0 0 0 14 0 0 0 1 0 0 0 0 0 0 0 0 0 0 10 0 0 0 0 0 0 0 0 0 0 0 0 
 178 190 64 76 48 47 0 92 218 18 36 38 274 231 132 125 53 26 175 48 0 0 77 1 7 3 0 0 0 73 0 0 0 0 0 2 2 2 2 0 0 0 2 0 0 0 0 3 7 2 0 0 0 0 0 0 0 0 0 0 0 0 0 3 0 3 0 0 0 0 0 0 0 2 2 0 0 0 2 0 12 13 18 9 0 9 13 1 11 12 14 0 24 46 20 10 41 22 0 1 0 0 0 0 0 0 0 0 0 0 0 0 0 0 1 0 0 0 0 0 0 0 0 0 0 0 0 0 0 0 0 0 0 0 0 0 2 0 0 0 2 0 23 0 0 0 0 0 0 0 0 1 0 0 0 0 0 0 0 0 52 0 8 0 0 0 10 16 0 13 19 0 11 19 35 16 21 8 24 30 0 0 0 0 0 0 0 0 0 0 0 0 0 0 0 0 0 0 1 0 0 0 0 0 0 0 0 0 0 9 0 0 0 0 0 20 0 0 0 0 0 0 0 0 0 0 0 0 0 0 0 0 0 0 0 11 0 0 0 0 0 0 0 0 0 0 0 0 1 1 0 6 16 0 0 0 0 0 0 0 0 0 0 0 0 0 0 0 0 0 0 0 0 0 0 0 0 0 0 0 0 0 0 0 0 0 0 0 0 0 
 195 193 227 168 318 105 92 0 199 143 149 99 299 307 138 61 203 18 51 78 0 1 0 1 3 3 6 0 1 1 0 0 0 0 0 2 2 2 1 0 0 0 3 3 0 2 0 3 0 0 3 0 0 65 0 65 0 0 3 0 5 0 0 3 0 3 0 3 3 1 2 3 1 2 2 0 0 2 2 0 15 15 0 19 14 0 14 1 5 19 17 35 1 0 40 27 18 10 0 0 0 1 0 0 0 0 13 1 0 0 0 0 28 0 0 0 0 0 0 37 0 0 0 0 0 0 0 0 0 0 0 0 0 0 0 11 0 0 0 0 1 0 0 0 0 2 0 0 0 2 0 0 2 0 0 0 0 11 0 0 0 20 17 39 40 21 0 37 28 58 12 7 3 23 13 35 0 60 1 1 7 0 0 0 0 0 17 0 0 0 0 0 30 0 0 0 0 2 9 15 0 0 2 0 0 0 0 0 0 0 0 0 0 0 0 0 0 0 0 0 2 0 0 0 0 0 0 0 0 0 0 0 0 0 0 0 0 0 0 0 0 14 0 0 0 1 5 2 50 89 0 6 0 0 0 0 0 0 0 0 0 0 15 0 0 0 0 0 0 0 0 0 0 0 0 15 0 0 0 0 0 0 0 0 0 0 0 0 0 0 
 298 132 88 209 197 38 218 199 0 186 40 46 176 119 171 194 137 121 292 232 0 2 3 4 0 5 63 0 0 0 2 0 0 0 0 0 3 5 2 2 0 0 0 0 0 0 0 3 0 68 1 0 0 63 1 2 0 3 9 0 0 0 0 5 0 3 0 0 0 0 0 0 1 2 2 0 0 0 2 3 19 1 55 55 16 41 42 9 10 0 14 0 21 16 22 0 9 21 0 2 0 22 0 0 0 0 3 0 0 0 0 0 0 7 0 28 8 0 0 0 0 0 0 0 0 0 0 0 0 0 0 0 0 0 0 0 0 0 0 0 0 0 0 0 0 0 0 0 0 3 0 0 0 0 0 0 0 0 0 0 13 9 76 17 0 0 0 1 0 11 24 18 2 17 23 22 0 0 7 19 2 0 0 0 19 0 0 2 0 0 0 0 1 0 0 0 0 0 0 19 0 0 0 0 0 0 0 0 0 0 0 0 0 0 0 0 0 0 0 0 0 0 0 0 0 0 0 0 0 0 0 0 0 0 0 0 0 0 0 0 0 0 0 0 0 2 0 1 86 93 0 14 14 0 2 0 0 0 0 0 0 0 0 0 0 0 0 0 0 0 0 0 0 0 0 20 18 0 0 0 0 0 0 0 0 0 0 0 0 0 
 42 19 265 356 86 79 18 143 186 0 136 216 38 85 194 226 172 74 276 164 2 3 0 6 0 3 73 2 3 0 77 0 21 34 0 1 2 2 3 1 0 0 0 0 0 0 0 6 0 0 0 23 0 3 3 1 1 0 3 0 0 0 0 3 0 3 2 2 0 0 2 0 2 8 5 3 3 5 2 2 5 12 0 44 20 23 0 23 9 17 38 19 0 0 9 20 21 68 0 0 0 48 0 0 0 0 23 30 1 0 8 0 9 0 0 1 0 0 16 2 0 0 0 0 0 0 16 0 0 0 0 0 0 0 0 0 0 0 0 0 0 9 0 0 0 0 0 0 0 0 4 0 27 0 0 15 0 0 0 0 0 22 10 28 41 7 14 31 2 23 0 30 1 0 0 0 9 66 7 0 40 0 0 0 0 0 0 25 9 0 0 1 40 25 0 0 0 14 37 35 0 0 0 0 0 0 0 0 1 0 0 0 0 0 0 0 0 0 0 0 0 0 0 0 0 0 0 0 0 0 0 0 0 0 0 0 0 0 0 2 0 11 0 0 0 2 92 2 1 1 2 10 0 0 0 0 0 0 0 0 0 0 36 0 0 0 0 0 0 0 0 0 0 0 0 0 10 10 0 0 0 0 0 0 0 1 0 0 0 0 
 37 128 284 203 183 258 36 149 40 136 0 224 274 74 66 100 93 248 45 290 75 0 0 1 0 3 75 0 1 0 3 0 81 0 0 0 2 2 39 1 0 0 0 0 0 0 0 3 0 0 0 0 0 2 4 1 0 0 0 0 0 0 0 3 0 3 1 0 0 0 0 0 0 3 2 0 0 0 2 0 0 10 18 19 0 36 0 20 0 41 0 12 0 0 0 11 18 10 0 0 24 5 24 0 0 0 14 24 10 0 0 1 20 47 2 11 16 0 15 11 0 0 0 0 0 0 0 0 0 0 0 0 0 0 0 0 0 0 15 0 1 6 0 0 0 0 0 0 0 0 5 0 4 0 0 0 0 0 0 0 0 0 0 3 36 28 0 0 18 35 15 28 2 1 0 0 16 26 0 6 17 0 42 0 0 0 23 10 18 0 0 0 18 24 8 0 0 2 30 46 0 5 2 0 0 0 0 26 0 0 0 0 0 0 0 0 0 0 0 0 0 0 0 0 0 0 0 0 0 0 14 0 0 0 0 0 0 0 0 0 0 0 0 0 0 0 10 1 0 1 0 15 0 0 1 0 0 0 0 8 0 0 0 0 0 0 0 0 0 0 0 0 0 0 0 0 0 6 0 0 0 0 0 0 0 0 0 0 0 0 
 55 36 117 82 38 409 38 99 46 216 224 0 46 33 226 364 151 193 42 244 62 40 0 2 2 3 4 1 0 2 3 0 67 3 0 3 2 2 74 0 0 0 0 0 0 0 0 6 0 0 0 0 0 5 3 63 0 0 2 0 5 0 0 3 0 4 5 2 0 0 2 0 3 8 2 0 0 0 2 1 0 16 0 23 14 12 0 0 9 26 0 41 0 0 36 0 0 4 0 0 0 25 13 0 0 0 87 24 2 14 9 0 38 8 12 21 9 0 14 38 0 0 0 0 0 0 0 0 0 0 0 0 0 0 0 0 1 0 0 0 0 9 0 0 0 0 0 8 0 0 20 0 2 0 0 0 0 0 2 0 12 0 0 22 0 22 0 16 11 14 0 47 0 0 0 14 21 29 0 0 15 0 8 7 0 0 0 21 57 0 0 23 27 10 28 10 0 0 1 10 0 0 0 0 2 0 0 0 0 0 0 0 0 0 0 0 0 0 0 0 0 11 0 0 0 0 2 0 0 0 0 0 0 0 0 0 0 0 0 2 0 15 0 0 0 4 132 0 4 1 1 15 0 0 0 0 0 0 0 0 0 0 23 0 0 0 0 0 0 0 0 0 0 0 0 28 1 10 0 0 0 0 0 0 0 0 0 0 0 0 
 296 60 55 200 60 54 274 299 176 38 274 46 0 156 41 36 85 12 80 46 0 0 0 4 1 3 0 0 1 0 1 0 2 0 0 3 5 2 1 0 0 0 0 0 0 3 0 3 0 0 0 9 0 0 0 0 2 0 0 0 0 0 0 3 0 3 0 0 0 0 38 67 0 4 5 3 7 7 2 2 18 0 0 22 0 0 30 1 0 0 0 0 24 5 55 0 30 0 20 7 0 0 0 0 0 0 0 0 0 0 0 2 0 0 0 0 0 0 0 0 0 0 0 0 1 0 0 0 0 0 0 0 0 0 0 0 13 0 0 0 0 0 0 0 1 0 0 0 0 0 2 0 2 0 0 0 0 9 0 0 0 36 19 0 0 0 19 16 0 19 0 2 17 14 0 23 0 0 2 0 0 28 0 9 2 0 0 0 0 0 0 0 6 0 0 0 21 0 0 0 0 0 0 0 0 0 0 0 0 0 0 0 0 10 0 0 0 0 0 0 0 0 0 0 0 0 0 0 0 0 0 2 0 0 0 0 0 0 0 0 0 0 0 0 0 0 1 0 50 0 0 18 0 0 0 0 0 0 0 0 0 0 0 0 0 0 0 0 1 0 0 0 0 0 0 0 0 0 0 0 0 0 0 0 0 0 0 0 0 0 
 145 131 354 260 108 59 231 307 119 85 74 33 156 0 206 338 47 101 104 438 4 0 0 1 0 5 0 0 0 0 1 0 0 0 0 0 5 3 2 2 0 0 0 3 0 5 0 3 2 0 0 62 2 0 22 3 3 1 0 0 0 2 0 3 0 3 0 0 0 2 6 0 0 2 2 0 8 2 2 0 16 0 1 22 20 0 11 9 7 0 1 0 0 36 14 20 33 0 0 15 0 22 0 0 0 0 0 0 0 0 0 0 0 0 0 0 0 0 21 0 0 0 0 0 0 0 0 26 0 0 0 0 6 0 0 0 0 0 0 0 0 0 0 0 0 0 0 0 0 0 0 0 0 0 0 0 0 0 0 0 26 65 0 10 20 5 15 28 0 12 0 0 8 14 22 22 0 0 14 0 0 0 0 0 0 0 2 0 0 0 0 0 4 0 0 0 0 2 0 0 0 0 19 0 0 0 0 0 0 0 0 0 0 0 0 0 0 9 0 0 2 0 0 0 0 0 0 2 0 0 0 0 0 0 21 0 0 0 0 0 0 0 0 0 0 1 1 0 1 0 1 11 0 0 2 0 0 0 0 0 0 0 0 0 0 0 0 0 0 0 0 0 0 0 0 0 0 0 0 0 0 0 0 0 0 0 0 0 0 0 
 149 146 112 352 334 81 132 138 171 194 66 226 41 206 0 154 173 202 225 223 0 9 2 5 2 3 0 6 1 0 1 0 1 0 0 5 4 10 2 3 3 4 0 5 0 5 0 3 4 0 0 0 0 0 3 34 4 0 2 0 0 0 0 9 47 9 0 4 4 0 0 0 0 3 2 0 0 0 8 0 16 16 47 4 16 0 0 35 47 24 30 0 14 19 43 0 14 0 0 10 0 0 0 0 0 0 18 0 0 0 0 0 0 0 0 0 1 0 9 11 0 0 0 0 0 0 0 0 0 0 0 0 0 0 0 0 0 0 0 0 0 0 0 0 0 0 0 0 0 0 0 0 0 1 0 0 0 0 13 0 17 0 34 25 12 15 9 28 1 19 0 30 1 0 6 11 0 32 0 0 0 0 0 0 0 0 0 0 0 0 0 0 16 0 0 0 0 0 0 0 0 0 0 0 0 0 0 0 0 0 0 0 0 0 0 0 0 0 0 0 0 0 2 0 0 0 0 0 0 13 0 0 0 0 0 0 0 0 0 0 0 0 0 0 0 0 91 0 0 88 14 14 10 0 0 0 2 0 0 0 0 0 18 0 0 0 0 0 0 0 0 0 0 0 0 0 15 0 0 0 0 0 0 0 0 0 0 0 0 0 
 134 100 240 490 116 148 125 61 194 226 100 364 36 338 154 0 105 372 367 264 0 0 0 1 2 6 0 0 3 0 0 0 0 0 0 4 3 2 0 0 0 0 0 3 0 0 0 3 0 0 0 3 0 1 0 0 3 2 0 0 4 2 0 5 7 3 9 30 0 0 0 0 0 2 2 2 0 0 2 0 9 10 13 40 11 3 0 52 16 10 46 4 0 18 13 23 9 57 0 21 0 12 0 0 0 0 0 10 0 0 0 0 0 0 0 0 0 0 6 0 0 0 0 0 0 0 0 0 0 0 0 0 0 0 0 0 0 0 0 0 0 7 0 0 0 0 0 0 0 10 12 0 5 0 0 0 0 0 0 0 0 11 19 17 19 9 16 0 0 19 0 78 20 0 28 0 42 0 0 22 11 0 0 0 0 0 0 10 7 0 0 0 10 0 0 0 0 0 24 0 0 0 0 0 0 0 0 0 0 0 0 0 0 0 0 0 0 0 0 0 0 0 22 0 0 0 0 0 0 0 0 0 0 0 0 0 0 0 0 0 0 0 0 0 0 4 1 0 2 87 14 8 10 0 0 0 0 0 0 0 0 1 0 0 0 0 0 0 0 0 0 0 0 0 3 0 7 5 0 0 0 0 0 0 0 0 0 0 0 0 
 40 25 138 225 51 145 53 203 137 172 93 151 85 47 173 105 0 147 37 205 0 0 0 1 2 3 0 0 3 0 0 0 0 2 0 0 2 2 2 0 0 0 2 3 0 0 0 3 0 0 0 0 0 63 2 65 3 2 0 0 0 2 0 5 0 3 2 0 0 0 0 0 0 3 2 2 0 0 2 0 17 16 13 13 2 0 23 14 11 10 0 16 9 20 50 0 35 0 0 13 0 0 0 0 0 0 14 38 0 0 0 0 21 0 0 0 0 0 0 32 0 0 0 8 0 0 0 0 0 0 0 0 0 0 0 0 0 0 0 0 0 0 0 0 0 0 0 0 0 3 0 0 0 0 0 0 0 0 0 0 0 10 24 14 11 29 0 32 30 62 1 8 2 20 9 31 0 68 0 4 0 0 0 0 0 0 0 0 0 0 0 0 17 20 0 0 0 0 20 20 0 0 0 0 0 0 0 0 0 0 23 0 0 0 0 0 0 0 0 0 0 0 0 0 0 0 0 0 0 0 0 0 0 0 0 0 0 0 0 0 0 14 0 0 0 2 5 0 5 1 0 5 0 0 0 0 0 0 0 0 0 0 15 0 0 0 0 0 0 0 0 0 0 0 0 0 0 0 0 0 0 0 0 0 0 0 0 0 0 0 
 32 234 18 217 119 121 26 18 121 74 248 193 12 101 202 372 147 0 118 36 21 0 0 1 0 0 1 0 0 2 0 0 82 26 0 0 0 2 75 0 0 0 1 0 3 0 0 2 0 0 0 0 0 1 4 1 0 0 0 0 1 0 51 0 0 0 1 0 0 0 0 1 0 1 0 3 2 0 0 0 0 0 0 28 0 23 0 0 8 13 0 10 0 10 12 0 45 15 0 29 0 16 14 0 0 0 1 20 0 0 0 0 17 13 0 14 11 0 23 18 0 0 0 0 0 0 0 0 0 0 0 0 0 0 0 0 0 0 0 0 0 11 0 0 0 0 12 0 0 0 5 0 4 0 0 0 0 0 8 0 0 0 0 24 8 8 0 0 0 4 11 31 2 0 0 0 8 15 0 0 32 0 14 0 0 0 0 10 18 0 0 0 15 25 7 0 0 0 18 35 0 1 0 0 0 0 0 0 0 0 0 0 0 0 0 0 0 0 0 0 0 0 0 0 0 0 0 0 0 0 0 0 0 0 0 0 0 0 22 0 0 0 0 0 0 0 4 0 6 2 2 8 0 0 0 0 0 0 0 0 0 0 0 0 0 0 0 0 0 0 0 0 0 0 0 0 0 8 0 0 0 0 0 0 0 0 0 0 0 0 
 34 41 43 60 48 46 175 51 292 276 45 42 80 104 225 367 37 118 0 319 0 0 0 0 0 3 75 0 2 3 1 0 0 0 3 2 2 2 2 1 0 0 0 3 0 0 0 3 2 3 0 0 0 0 0 2 0 0 0 3 2 0 0 6 2 4 2 2 0 2 0 0 0 6 2 0 0 2 2 0 0 2 13 10 0 0 11 12 19 17 17 5 0 40 13 0 14 0 0 11 0 0 0 0 0 0 0 16 0 0 0 0 0 0 0 0 0 0 0 0 0 0 0 0 0 0 0 0 0 0 0 0 0 0 0 0 0 0 0 0 0 0 0 0 0 0 0 0 0 0 0 0 0 0 0 0 0 0 0 0 43 12 16 10 0 0 0 0 1 20 15 10 2 0 20 20 14 0 13 58 0 0 0 0 0 0 0 0 0 0 0 0 0 0 0 0 0 5 0 0 0 0 0 0 0 0 0 0 0 0 0 0 0 0 0 0 0 0 7 7 0 0 0 0 0 0 0 0 0 0 0 0 0 0 0 0 0 0 0 0 0 0 0 0 0 1 1 0 0 1 1 2 58 0 1 0 0 0 0 0 0 0 0 0 0 63 0 0 0 0 0 0 0 0 0 0 0 0 0 0 0 0 0 0 0 0 0 0 0 0 
 69 141 332 124 65 104 48 78 232 164 290 244 46 438 223 264 205 36 319 0 0 2 0 2 0 3 0 0 0 0 0 0 3 0 0 74 4 3 1 0 0 0 2 0 0 0 0 3 0 0 0 0 2 0 0 3 0 0 3 0 0 0 0 5 0 3 0 0 33 0 0 0 0 2 2 0 6 0 2 0 2 24 0 0 0 0 25 8 12 0 8 14 35 36 33 20 9 9 40 61 0 0 0 0 0 0 0 0 0 0 0 0 8 0 0 0 0 0 0 15 0 0 0 0 0 0 0 0 0 0 0 0 0 0 0 7 0 0 0 0 0 0 0 0 0 0 0 0 0 2 0 0 0 0 0 0 0 0 0 0 6 20 17 0 0 0 41 26 26 17 1 0 10 0 24 23 28 0 10 28 0 0 0 0 0 0 0 0 0 0 0 0 0 0 0 0 0 44 11 0 0 1 0 0 0 0 0 0 0 0 0 0 0 11 0 0 0 0 0 1 0 0 0 0 0 0 0 0 0 0 0 0 0 0 0 0 0 0 0 0 0 13 0 0 0 0 4 1 5 1 0 6 0 0 0 0 0 0 0 0 0 0 0 0 0 0 0 0 0 0 0 0 0 0 0 0 0 0 0 0 0 0 0 0 0 0 0 0 0 0 
 0 0 0 0 3 222 0 0 0 2 75 62 0 4 0 0 0 21 0 0 0 423 87 88 175 123 84 52 129 111 321 26 201 71 28 145 172 181 304 221 2 0 0 0 0 0 0 0 0 0 0 0 0 2 2 0 0 0 64 0 0 3 0 0 0 0 2 1 0 0 0 0 18 0 0 0 0 0 0 0 0 0 0 0 0 11 0 0 0 14 0 9 0 0 0 0 0 0 0 0 14 0 17 11 0 10 2 10 0 54 52 1 17 5 11 27 15 15 0 14 0 0 0 0 0 0 0 0 10 0 0 0 0 0 0 0 0 0 1 0 0 0 6 0 0 1 2 0 0 0 0 0 0 0 0 0 0 0 0 0 0 0 0 0 0 0 0 0 0 2 0 13 0 0 0 0 0 12 0 0 20 8 14 29 12 8 8 0 12 44 19 19 12 13 24 19 9 9 53 10 0 0 0 0 0 0 9 0 0 0 0 0 7 0 0 15 0 0 0 23 0 0 0 1 0 0 0 0 0 0 0 0 0 0 0 0 0 0 0 0 0 0 0 0 0 0 0 0 0 0 0 0 0 0 8 0 2 2 76 0 35 0 0 0 0 0 11 0 0 0 0 0 0 0 0 0 0 0 0 0 0 1 0 0 0 0 0 0 0 0 
 0 2 0 2 0 2 0 1 2 3 0 40 0 0 9 0 0 0 0 2 423 0 196 416 348 116 110 121 65 125 113 52 52 84 371 207 331 147 53 266 4 0 2 0 0 3 0 0 0 0 0 2 2 2 2 0 0 2 0 1 0 3 0 0 0 0 3 2 0 56 0 0 6 0 0 6 0 0 0 3 0 0 0 0 10 9 0 0 0 0 0 0 0 0 0 0 0 0 0 0 13 0 2 8 20 31 26 31 9 1 28 0 9 0 25 33 0 25 19 21 0 0 42 0 0 0 0 1 0 0 0 0 9 0 2 0 0 0 20 0 1 0 8 0 0 0 3 0 0 0 0 0 0 0 0 0 0 0 0 0 0 0 0 0 0 0 0 16 0 0 0 3 1 0 0 0 0 0 0 0 0 29 19 28 22 86 8 10 9 15 26 11 0 9 21 9 4 21 3 0 0 0 0 0 0 0 11 0 0 0 0 0 18 0 0 0 0 0 13 20 0 0 0 0 0 0 0 0 0 0 0 0 0 0 10 0 0 0 0 0 0 0 0 0 0 0 0 0 0 0 0 0 0 0 7 0 0 79 87 0 0 2 0 0 0 0 10 0 0 0 0 0 0 0 0 0 0 0 0 1 0 0 0 0 0 0 0 0 0 0 
 0 0 0 0 3 73 77 0 3 0 0 0 0 0 2 0 0 0 0 0 87 196 0 178 207 248 81 234 407 136 125 47 74 267 123 59 239 137 122 136 2 1 2 5 0 0 0 0 0 5 0 0 0 2 2 2 0 0 0 124 0 3 0 0 0 0 2 0 0 0 0 1 6 1 0 0 0 0 25 0 0 0 0 0 0 29 0 0 2 0 0 0 0 0 0 0 0 0 0 2 0 2 22 41 0 11 1 16 8 26 28 0 0 9 11 13 12 31 0 0 7 0 0 0 0 0 14 7 0 0 0 0 13 12 0 0 0 0 14 0 0 0 8 0 0 0 2 0 0 1 0 0 0 0 0 0 0 0 4 0 0 0 0 0 0 0 0 0 0 2 0 0 0 0 0 0 2 0 0 0 0 19 33 46 2 12 7 0 0 33 35 24 0 0 30 9 24 34 0 0 12 0 0 0 0 0 14 1 0 0 0 0 15 0 0 0 0 0 23 31 0 0 0 0 0 0 0 0 0 0 0 0 0 0 0 0 0 0 0 0 0 0 9 0 0 0 0 0 0 0 0 0 0 0 11 0 1 79 10 2 0 0 0 0 0 0 13 0 0 0 0 0 0 0 0 0 0 0 0 0 0 0 0 0 0 15 0 0 0 0 
 2 2 2 1 3 1 1 1 4 6 1 2 4 1 5 1 1 1 0 2 88 416 178 0 91 62 278 410 131 164 84 106 145 51 281 186 205 245 63 135 2 3 0 62 1 1 58 0 1 0 0 0 67 65 2 0 0 1 127 91 1 3 0 3 0 0 2 4 0 46 0 0 4 3 3 0 4 6 3 19 0 0 23 0 0 0 0 0 9 0 1 0 0 1 0 1 0 0 0 0 0 0 6 0 0 30 0 7 0 0 8 11 1 0 0 0 3 0 0 0 14 0 0 0 0 0 11 22 1 0 0 0 15 22 0 2 0 1 13 3 0 0 0 0 0 0 0 0 0 0 0 0 0 0 0 0 0 0 0 0 0 0 0 11 0 0 0 0 0 2 0 0 0 0 0 0 3 0 0 0 0 8 0 0 15 31 1 0 0 0 13 15 0 0 0 0 10 0 0 0 11 2 0 2 0 0 22 33 0 15 0 0 51 0 0 0 12 0 2 43 0 0 1 0 0 0 0 0 0 0 1 0 0 0 0 0 0 0 0 0 0 0 0 0 0 2 1 0 0 0 0 0 0 0 3 0 0 4 77 1 3 0 1 1 0 0 0 0 0 0 0 0 0 0 0 0 0 0 0 0 0 0 0 0 0 9 0 0 0 0 
 0 0 0 0 3 0 7 3 0 0 0 2 1 0 2 2 2 0 0 0 175 348 207 91 0 130 133 343 393 96 197 132 86 54 152 186 90 113 59 401 32 1 1 0 0 1 76 0 42 42 0 0 66 1 2 0 63 65 61 0 0 3 0 0 0 80 3 2 0 0 0 0 3 0 0 0 0 0 0 2 0 0 1 0 0 0 0 0 0 0 0 0 0 0 0 0 0 0 0 0 0 0 31 15 0 12 0 4 7 0 0 0 14 10 15 1 50 21 0 14 5 15 0 0 1 0 8 2 17 12 0 0 7 14 12 16 12 10 0 21 1 0 7 0 0 0 7 0 0 0 0 0 0 0 0 0 0 0 0 0 0 0 0 0 0 0 0 0 0 1 0 0 0 0 0 0 0 0 0 0 0 21 23 11 2 7 14 0 0 1 30 0 0 0 10 25 11 18 0 0 16 0 10 0 0 0 1 0 0 0 0 0 25 11 3 0 7 0 0 20 2 0 0 0 0 0 0 0 0 10 0 0 0 0 0 0 0 0 0 1 0 0 0 0 0 0 0 0 0 0 0 0 0 0 2 2 3 1 158 0 0 0 0 0 0 0 0 0 0 0 0 0 0 0 0 0 0 0 0 0 0 10 0 0 0 10 0 0 0 0 
 3 3 5 3 3 3 3 3 5 3 3 3 3 5 3 6 3 0 3 3 123 116 248 62 130 0 23 107 113 67 66 46 56 35 133 163 273 141 251 46 2 0 1 0 0 0 5 0 4 0 0 2 64 7 2 0 1 0 84 2 0 3 0 51 2 0 2 1 0 0 0 0 2 0 0 0 6 28 0 0 0 0 0 0 0 0 0 2 0 0 2 0 0 0 0 0 0 0 0 0 0 0 14 19 19 0 0 0 36 0 7 0 3 9 1 0 2 10 0 1 14 18 0 1 0 1 16 3 59 0 22 0 9 14 0 13 14 12 26 36 0 0 0 0 0 0 1 0 0 0 0 0 0 0 0 0 0 0 0 0 0 0 0 0 0 2 0 0 0 1 0 0 1 0 0 0 0 0 0 0 0 21 21 31 13 26 11 0 0 0 31 11 0 0 25 10 0 10 0 0 0 18 0 14 14 0 26 31 20 0 0 0 1 20 37 0 0 18 2 9 0 0 0 0 0 0 0 0 0 0 2 0 0 0 0 0 0 0 0 0 0 0 0 0 0 0 0 0 0 0 0 0 0 0 18 0 2 3 75 0 5 0 0 0 0 0 0 0 0 0 0 0 0 0 0 0 0 0 0 0 0 0 12 0 0 0 0 0 0 0 
 0 7 0 18 0 78 0 6 63 73 75 4 0 0 0 0 0 1 75 0 84 110 81 278 133 23 0 137 60 132 110 41 160 70 407 199 122 128 178 200 2 0 0 0 0 0 35 0 0 0 17 0 0 2 2 0 0 0 0 0 7 3 0 0 0 0 3 2 0 0 0 0 3 0 0 2 0 0 0 2 0 0 0 11 0 18 0 0 0 1 0 1 0 0 0 1 0 10 0 0 48 29 4 0 0 22 16 0 11 14 0 19 45 0 13 10 31 42 0 13 0 0 0 0 0 0 0 0 9 0 0 0 0 0 2 0 0 0 0 0 18 0 6 0 0 0 30 0 0 0 0 1 0 0 0 0 0 0 0 0 0 0 0 0 1 0 0 0 0 1 0 13 1 0 0 0 0 0 3 1 0 12 20 10 9 0 39 13 22 18 0 14 0 0 37 14 12 15 13 43 0 1 0 0 0 0 0 0 0 13 0 0 0 0 0 0 0 0 0 6 0 0 0 0 0 0 0 0 0 0 0 0 0 0 0 0 0 0 0 0 0 0 0 0 0 0 0 0 0 76 0 0 0 0 1 0 0 75 1 0 2 0 0 0 0 0 0 0 0 0 0 9 0 0 0 0 12 0 0 0 0 2 0 0 0 0 12 0 0 0 
 0 3 0 2 3 0 0 0 0 2 0 1 0 0 6 0 0 0 0 0 52 121 234 410 343 107 137 0 170 354 115 32 112 66 167 526 381 359 35 399 2 0 0 0 0 0 0 0 0 0 1 2 0 2 2 0 0 0 0 124 0 3 0 0 0 0 2 0 0 0 0 0 2 0 0 5 0 0 50 0 0 0 0 0 1 0 0 0 0 0 0 0 0 0 0 0 0 0 0 0 40 0 16 14 0 10 8 20 21 20 0 0 10 3 21 12 22 30 0 13 17 0 0 0 0 0 11 7 0 0 0 0 8 14 0 0 0 0 22 0 4 0 20 0 0 0 6 0 0 0 0 1 0 0 0 0 0 0 0 0 0 0 0 0 0 0 0 0 0 15 0 0 0 0 0 0 14 1 0 0 0 44 2 16 22 0 10 0 1 9 28 15 0 0 23 15 22 10 0 1 0 0 0 0 0 0 1 2 0 1 0 0 18 0 0 0 0 0 8 21 0 0 0 0 0 0 0 0 0 0 0 0 0 0 2 0 0 0 0 0 0 0 0 0 0 0 0 0 0 0 0 0 0 0 9 2 0 152 92 2 3 1 0 0 0 0 0 0 0 0 0 2 0 0 0 0 0 0 0 0 0 2 0 0 0 12 23 0 0 0 
 0 0 0 0 6 6 0 1 0 3 1 0 1 0 1 3 3 0 2 0 129 65 407 131 393 113 60 170 0 122 44 103 171 168 464 79 235 222 363 156 2 2 269 0 2 0 1 0 2 0 0 1 0 1 2 0 0 0 66 22 0 3 0 0 0 1 2 0 0 0 0 0 2 0 0 0 0 9 0 5 0 0 1 18 8 0 0 0 0 0 11 0 0 0 0 0 0 0 0 0 38 0 40 0 43 15 14 0 22 27 29 43 0 20 0 0 0 0 38 0 19 2 0 0 0 0 9 5 0 0 0 0 0 0 0 3 1 0 15 0 0 0 0 8 0 0 0 0 0 0 0 2 0 0 0 0 2 0 0 0 0 0 0 0 32 0 0 0 0 1 0 1 1 0 0 0 0 0 0 7 23 7 11 7 9 0 32 34 7 20 12 13 0 30 0 11 60 0 2 20 9 0 0 0 0 0 0 26 9 0 0 0 8 0 11 0 0 0 11 38 0 0 0 0 0 0 0 0 0 0 0 0 0 0 0 0 0 0 0 1 0 0 0 0 0 0 0 0 0 0 0 0 0 0 184 2 0 42 0 3 15 9 0 0 0 0 0 0 0 0 0 0 0 0 0 0 0 0 0 0 0 0 0 0 0 25 0 0 0 0 
 0 0 0 0 7 74 73 1 0 0 0 2 0 0 0 0 0 2 3 0 111 125 136 164 96 67 132 354 122 0 145 345 169 131 99 436 69 47 277 170 2 61 0 0 0 0 0 0 0 0 2 3 63 29 2 0 0 0 96 4 0 3 2 0 0 0 2 1 0 0 0 0 16 0 3 0 50 0 0 0 0 2 0 0 0 12 0 0 0 0 0 0 0 8 0 0 0 20 0 0 2 13 15 63 14 21 0 0 0 21 8 0 0 1 22 58 37 8 0 0 0 0 0 0 0 0 0 0 1 0 0 0 1 1 0 0 0 0 7 12 0 0 0 3 0 0 0 0 0 0 0 0 0 0 0 0 0 0 16 3 0 0 0 4 0 0 0 0 0 0 0 0 0 0 0 0 1 0 0 0 0 0 31 14 26 13 56 0 0 21 7 29 0 10 16 15 3 30 5 0 10 0 12 0 0 0 20 10 0 0 0 0 19 9 0 0 0 0 0 1 0 0 12 0 0 0 0 0 0 0 0 0 0 0 2 0 0 0 0 0 0 0 0 0 0 0 0 0 0 0 0 0 0 1 15 0 0 6 78 5 4 0 0 0 0 11 17 0 0 0 0 1 0 0 0 0 0 0 0 12 0 0 0 0 0 0 0 0 0 0 
 0 0 77 0 0 0 0 0 2 77 3 3 1 1 1 0 0 0 1 0 321 113 125 84 197 66 110 115 44 145 0 514 186 52 339 98 129 138 29 52 124 0 0 4 0 0 29 0 14 0 0 0 5 66 2 3 0 4 89 7 0 3 0 2 2 1 5 2 0 2 1 0 2 2 2 0 30 6 0 0 0 0 0 1 0 0 1 0 0 0 0 0 0 0 0 0 0 2 0 0 0 20 6 0 25 31 1 1 0 0 7 23 16 0 20 0 9 21 0 12 0 0 8 0 0 0 28 28 0 0 13 0 14 0 34 7 0 0 10 0 0 1 2 0 0 0 17 0 0 0 0 7 0 0 0 0 0 0 0 0 0 0 0 2 0 0 0 0 0 2 0 0 0 0 1 0 0 0 2 0 0 14 12 1 10 25 17 0 11 4 54 1 0 0 9 8 14 7 0 0 32 0 0 0 0 0 0 45 0 0 23 0 0 0 30 0 0 0 4 15 0 0 1 0 0 0 0 0 0 0 0 0 0 0 0 0 0 0 0 0 0 0 3 0 0 0 0 0 0 0 0 0 0 0 18 3 3 2 4 0 1 2 0 0 0 8 0 0 0 0 0 0 0 0 0 0 0 0 0 0 0 25 0 0 2 1 10 0 0 0 
 0 0 0 0 0 0 0 0 0 0 0 0 0 0 0 0 0 0 0 0 26 52 47 106 132 46 41 32 103 345 514 0 43 88 106 33 495 243 26 216 29 0 0 2 0 0 34 1 8 0 0 0 100 9 22 1 0 0 66 1 0 3 0 0 0 0 2 4 0 0 0 0 2 0 0 0 77 0 0 21 0 0 0 0 0 0 0 0 0 0 0 0 4 0 0 0 0 0 0 0 0 0 5 0 31 46 0 9 11 17 0 2 41 2 14 24 0 24 0 14 40 2 41 17 10 0 0 11 42 1 0 0 32 0 20 0 0 0 83 1 9 0 6 0 0 0 8 0 1 0 0 1 0 0 0 0 0 0 0 0 0 0 0 0 0 0 0 2 0 0 0 0 0 0 0 0 0 0 0 0 0 19 1 4 62 16 14 0 0 25 0 0 0 0 10 9 2 9 2 0 9 0 0 21 0 0 18 25 2 0 21 0 0 0 19 0 14 10 20 21 0 0 0 0 0 0 0 0 0 0 0 0 0 0 0 0 0 0 0 0 0 0 0 0 0 0 0 0 0 0 0 0 0 0 17 2 2 0 0 2 6 1 0 0 0 54 0 0 0 0 0 0 0 0 0 0 0 0 0 0 0 4 0 1 0 0 0 0 0 0 
 0 0 0 75 0 117 0 0 0 21 81 67 2 0 1 0 0 82 0 3 201 52 74 145 86 56 160 112 171 169 186 43 0 382 59 140 105 43 327 239 4 0 5 0 2 1 0 0 2 0 5 0 5 2 2 5 0 3 3 1 0 14 0 11 0 3 3 0 1 0 1 0 4 0 2 0 7 6 0 0 0 0 0 0 66 0 0 0 0 61 0 9 0 0 0 0 12 0 0 0 0 44 0 0 0 12 1 9 7 12 12 1 22 11 0 7 55 9 32 14 0 0 0 0 0 0 0 0 0 0 0 0 0 0 0 0 0 0 0 0 0 0 0 0 0 0 0 10 0 0 0 0 0 0 0 0 1 0 0 0 0 0 0 0 0 13 0 0 1 1 0 19 0 0 0 0 0 14 20 0 19 0 0 0 0 10 0 0 41 0 0 12 18 21 17 11 16 11 23 29 0 0 0 0 0 0 0 0 0 2 0 0 0 0 0 0 0 15 0 0 0 0 0 0 0 0 0 0 0 0 0 0 0 0 0 0 0 0 0 0 0 0 0 0 0 0 72 0 0 0 0 0 0 0 19 0 3 0 81 0 0 15 0 0 0 0 0 0 0 0 0 1 0 0 0 17 0 0 0 0 0 0 0 0 0 0 0 0 0 0 
 0 0 0 85 0 113 0 0 0 34 0 3 0 0 0 0 2 26 0 0 71 84 267 51 54 35 70 66 168 131 52 88 382 0 317 33 115 105 149 113 2 0 0 0 0 0 0 0 2 0 9 0 0 0 2 0 0 0 0 0 0 3 0 0 0 0 3 1 0 0 0 0 2 0 0 0 0 0 0 0 0 0 0 0 11 0 0 0 0 0 0 0 0 0 0 0 13 0 0 0 40 26 7 2 15 24 10 23 24 52 18 34 0 23 0 0 19 27 31 0 2 0 0 0 0 0 0 0 0 0 0 0 11 0 0 0 0 0 28 0 0 0 0 0 0 0 0 0 0 0 0 2 0 0 0 0 0 0 0 0 0 0 0 0 0 0 0 0 0 2 0 0 2 0 0 0 0 0 0 0 27 19 0 35 23 0 26 13 14 20 0 18 35 32 27 44 13 29 28 46 0 0 0 0 0 0 0 0 0 0 0 0 0 0 0 0 0 0 8 0 0 0 0 0 0 0 0 0 6 0 0 0 5 0 0 0 0 0 0 0 0 0 0 0 0 0 0 0 0 0 0 0 0 0 8 0 0 0 1 2 15 13 0 0 0 0 0 0 0 0 0 0 0 0 0 0 0 0 0 0 0 0 0 0 0 0 0 0 0 0 
 0 0 0 0 0 0 0 0 0 0 0 0 0 0 0 0 0 0 3 0 28 371 123 281 152 133 407 167 464 99 339 106 59 317 0 133 32 25 182 104 2 0 0 0 0 0 0 0 0 0 0 0 0 2 4 0 0 0 0 62 0 3 0 0 0 0 2 1 28 0 41 0 2 53 0 3 0 2 0 0 0 0 0 1 7 0 0 0 0 0 0 0 0 0 0 0 0 1 0 0 10 20 1 28 12 13 20 27 61 22 0 10 0 25 6 2 25 54 11 0 0 0 0 0 0 0 11 0 0 0 0 0 0 31 0 0 0 2 0 0 0 0 0 0 0 1 0 2 1 0 0 0 14 0 0 0 0 0 0 0 0 0 8 0 1 14 1 0 0 2 0 1 0 0 0 0 3 0 0 0 17 22 2 29 17 0 31 16 15 0 0 12 1 17 14 28 35 15 0 20 0 0 0 0 0 11 1 0 2 0 0 0 2 0 0 0 0 0 1 0 0 0 0 0 0 0 0 0 0 0 0 0 0 0 0 0 0 0 0 0 0 0 0 0 0 0 84 0 0 0 0 0 0 0 22 3 0 1 12 2 0 7 0 0 0 0 0 0 0 0 0 0 0 0 0 13 0 0 0 27 0 0 0 1 0 0 9 0 0 0 
 0 0 0 74 3 0 2 2 0 1 0 3 3 0 5 4 0 0 2 74 145 207 59 186 186 163 199 526 79 436 98 33 140 33 133 0 85 133 145 290 2 0 0 0 0 0 0 3 3 0 7 0 128 126 2 0 0 1 129 69 6 3 3 0 6 0 2 1 0 0 1 0 2 0 0 5 0 0 0 0 0 0 0 0 0 14 0 0 0 25 0 0 0 0 0 0 0 0 0 0 25 0 0 31 32 31 34 9 8 10 20 0 0 0 14 11 35 14 0 0 2 0 0 0 2 0 9 0 0 0 0 0 0 12 0 0 0 0 0 14 0 0 2 3 0 0 0 0 0 0 0 2 0 0 0 0 0 0 8 5 0 0 0 4 0 0 0 0 0 2 0 0 0 0 0 0 9 0 0 0 1 29 18 1 0 2 9 0 0 19 8 17 0 14 37 0 17 14 19 0 0 0 7 0 15 2 16 0 0 0 1 0 27 19 1 0 2 0 0 9 0 0 40 0 0 0 15 2 0 0 0 0 0 0 1 0 0 0 0 0 0 0 0 0 0 0 0 0 0 0 0 0 0 0 23 0 0 37 40 0 2 0 0 0 0 0 20 0 0 0 0 0 0 0 0 0 0 0 0 0 0 0 0 0 0 0 0 0 0 0 
 6 2 2 2 2 40 2 2 3 2 2 2 5 5 4 3 2 0 2 4 172 331 239 205 90 273 122 381 235 69 129 495 105 115 32 85 0 129 108 117 4 0 5 6 1 0 64 0 0 0 2 0 3 4 2 2 0 1 61 68 0 3 0 4 0 1 2 4 1 0 0 0 2 1 0 0 0 5 0 5 0 0 0 0 12 0 0 0 0 0 0 0 0 0 0 0 0 0 2 0 10 0 19 13 0 12 0 11 2 16 29 0 22 0 13 1 0 8 19 13 23 0 0 0 1 0 10 24 15 0 0 0 11 0 0 2 0 0 31 0 0 0 9 0 0 0 3 0 0 0 0 1 0 0 0 0 0 0 6 0 0 0 0 0 0 0 0 0 0 1 0 0 1 0 0 0 0 0 0 0 0 19 14 0 38 23 13 0 10 17 57 33 18 9 10 9 67 7 1 0 9 0 0 0 0 1 11 21 0 0 0 0 10 0 0 0 15 0 29 11 0 0 0 0 0 0 0 1 0 0 0 0 0 0 0 0 0 0 0 0 0 0 7 0 0 0 0 0 0 0 1 0 0 0 15 1 1 74 0 0 0 1 0 0 0 0 1 0 0 0 0 0 0 0 0 0 0 0 0 0 0 21 0 0 0 19 0 0 0 0 
 2 2 2 2 7 10 2 2 5 2 2 2 2 3 10 2 2 2 2 3 181 147 137 245 113 141 128 359 222 47 138 243 43 105 25 133 129 0 121 194 5 0 0 1 0 0 129 0 0 0 1 0 9 2 10 0 0 0 167 64 0 3 0 3 0 12 2 5 0 0 0 0 2 3 0 0 0 7 3 9 0 0 1 0 0 0 0 0 0 0 0 0 0 0 0 0 0 0 0 0 21 5 27 0 0 17 0 11 1 18 20 18 13 9 13 2 2 8 0 14 0 0 0 0 2 0 40 36 11 0 0 0 1 0 4 21 0 0 1 0 0 0 7 0 0 0 3 0 0 0 0 0 0 0 0 0 0 0 0 0 0 0 0 0 0 0 0 0 0 1 0 0 0 0 0 8 0 0 0 0 8 27 27 0 88 1 13 0 0 9 47 10 0 0 12 19 39 7 0 0 3 0 0 0 0 2 11 42 0 0 0 0 15 0 12 0 1 0 10 13 0 0 0 0 0 0 0 6 0 0 0 0 0 0 0 0 0 0 0 0 0 0 0 0 0 0 0 0 0 0 0 0 0 3 7 0 1 77 75 1 13 0 0 0 0 0 0 0 0 0 0 0 0 0 0 0 0 0 0 0 0 11 0 2 0 18 0 0 0 0 
 1 1 0 1 1 98 2 1 2 3 39 74 1 2 2 0 2 75 2 1 304 53 122 63 59 251 178 35 363 277 29 26 327 149 182 145 108 121 0 163 2 0 0 0 0 0 0 6 6 0 5 0 0 0 2 0 0 0 6 0 0 3 6 0 5 0 2 1 0 0 0 0 3 0 0 2 0 0 0 0 0 0 0 0 0 40 0 0 0 0 0 0 0 0 0 0 0 0 0 0 83 12 1 6 0 12 16 0 0 53 46 9 19 0 8 8 21 13 0 0 0 0 0 0 0 0 0 0 2 0 0 0 0 0 0 0 23 0 0 0 0 0 0 0 0 0 0 0 0 0 0 0 2 0 0 0 0 0 0 0 7 0 0 0 0 0 0 0 1 2 0 14 0 0 0 0 0 0 0 0 25 0 17 25 13 0 22 13 19 36 0 22 13 1 32 20 10 26 45 41 0 0 2 0 0 0 0 0 0 2 0 0 1 0 0 0 0 0 0 0 0 0 0 0 1 0 0 0 8 0 0 0 0 0 1 0 0 0 0 0 0 0 0 0 0 0 0 0 0 0 0 0 0 2 5 0 2 97 1 0 22 0 0 0 0 0 11 0 0 0 0 2 0 0 0 0 0 0 0 0 0 0 0 0 0 0 0 0 0 0 
 0 0 0 0 0 83 0 0 2 1 1 0 0 2 3 0 0 0 1 0 221 266 136 135 401 46 200 399 156 170 52 216 239 113 104 290 117 194 163 0 2 0 0 3 2 2 0 6 8 2 42 0 0 1 2 0 3 0 7 1 0 3 9 2 6 2 3 5 3 1 4 0 3 2 1 6 0 1 0 2 0 0 0 0 9 0 2 0 0 0 0 0 0 0 0 0 0 0 0 0 24 0 8 33 6 46 19 8 8 9 22 0 16 0 35 9 35 21 0 13 0 0 0 0 0 0 0 0 0 0 0 0 0 0 0 0 0 0 0 0 3 2 3 0 0 0 4 0 0 0 0 0 0 0 0 0 0 0 0 0 0 0 0 0 0 0 0 0 0 2 0 0 0 0 2 0 0 0 1 0 12 10 30 2 13 0 34 0 3 26 14 0 11 10 41 23 41 35 11 0 0 0 0 0 0 0 0 0 0 0 0 0 10 0 1 0 0 0 0 0 0 0 0 0 0 0 0 0 0 0 0 0 0 0 0 2 0 0 0 0 0 0 0 0 0 0 0 0 0 0 0 1 0 0 25 3 0 59 11 0 10 1 0 0 0 0 14 0 0 0 0 0 0 0 2 0 0 0 0 13 0 52 0 0 1 0 0 0 0 0 
 0 1 0 0 0 0 0 0 0 0 0 0 0 0 3 0 0 0 0 0 2 4 2 2 32 2 2 2 2 2 124 29 4 2 2 2 4 5 2 2 0 148 555 38 28 51 445 263 56 49 215 259 494 50 326 308 50 37 132 176 3 0 0 30 0 0 0 0 3 0 2 0 0 4 0 3 50 3 3 2 0 0 0 0 0 0 0 0 0 0 0 0 0 0 0 0 0 0 0 0 0 0 0 0 6 0 0 0 0 0 16 0 0 0 1 0 0 0 0 6 0 0 11 18 9 0 23 6 22 12 10 1 4 0 23 27 27 18 18 10 0 5 0 3 0 0 0 0 8 5 6 0 6 3 0 13 0 0 0 7 0 0 0 0 0 0 0 2 0 1 0 0 0 0 0 0 0 0 0 0 0 0 0 0 0 12 0 0 0 0 0 0 0 0 0 0 0 0 0 0 20 6 0 11 0 0 0 9 9 7 0 0 4 0 7 16 57 4 20 11 7 0 3 3 0 0 6 0 6 3 1 0 13 6 0 0 3 0 10 4 0 0 0 0 0 0 0 0 0 0 0 17 0 0 0 0 0 0 0 0 0 0 0 0 2 11 0 0 0 0 0 0 0 0 0 0 0 0 0 0 0 0 0 0 0 0 0 0 0 0 
 0 0 0 0 0 0 0 0 0 0 0 0 0 0 4 0 0 0 0 0 0 0 1 3 1 0 0 0 2 61 0 0 0 0 0 0 0 0 0 0 148 0 240 123 169 28 83 118 151 208 92 222 49 120 205 129 102 55 33 47 0 0 0 1 0 0 1 0 2 0 1 0 0 0 0 0 0 0 0 53 0 0 0 0 0 0 0 0 0 0 0 0 0 0 0 0 0 0 0 0 0 0 0 7 0 0 0 0 0 0 0 0 0 0 0 0 0 0 0 0 0 9 2 36 2 24 25 4 0 10 88 8 0 11 0 29 19 18 0 0 0 0 0 11 0 0 9 0 1 0 0 0 1 0 0 4 0 0 0 0 0 0 0 0 0 0 0 0 0 2 0 0 0 0 0 0 0 0 0 0 0 0 0 0 0 0 0 0 0 0 0 0 0 0 0 0 0 0 0 0 0 10 25 22 14 0 0 0 4 20 23 0 0 5 0 8 5 12 0 0 7 0 0 0 0 0 12 0 1 0 0 0 38 0 0 0 1 0 9 0 0 0 0 0 0 0 0 0 0 19 0 14 0 2 0 0 0 0 0 2 0 0 1 1 0 2 0 1 0 0 0 0 0 0 0 0 0 0 0 0 0 0 2 0 18 0 0 9 0 0 
 0 0 0 0 0 0 2 3 0 0 0 0 0 0 0 0 2 1 0 2 0 2 2 0 1 1 0 0 269 0 0 0 5 0 0 0 5 0 0 0 555 240 0 165 50 43 133 284 110 142 134 246 174 64 340 150 129 110 65 147 3 0 0 0 22 2 6 0 15 0 10 5 2 8 0 2 2 0 0 0 0 0 0 0 0 0 0 18 0 0 0 0 0 0 0 0 0 0 0 0 0 0 0 0 0 0 0 0 0 0 0 0 0 0 0 33 0 0 0 0 0 21 21 11 13 14 4 7 48 16 22 3 0 0 0 32 24 15 10 0 0 0 0 0 0 0 1 0 0 0 24 0 8 5 8 35 0 0 0 0 0 0 8 0 0 0 0 0 0 1 19 0 0 0 0 0 0 0 0 0 0 0 0 0 0 0 0 0 0 0 0 0 0 0 0 0 0 0 0 0 22 28 11 35 0 5 11 0 24 36 0 14 21 0 0 21 23 9 15 0 14 0 0 0 0 0 11 16 0 4 0 0 7 2 0 0 0 0 12 8 0 0 0 0 0 0 1 0 0 0 0 9 0 0 0 0 1 0 0 4 0 0 0 65 0 2 2 0 1 0 1 0 0 0 0 0 0 0 0 0 0 0 0 0 0 15 0 0 0 0 
 0 2 0 0 4 0 0 3 0 0 0 0 0 3 5 3 3 0 3 0 0 0 5 62 0 0 0 0 0 0 4 2 0 0 0 0 6 1 0 3 38 123 165 0 152 354 90 61 443 223 715 72 49 122 138 210 559 299 75 284 0 0 0 2 51 0 51 0 0 2 0 0 0 0 0 0 0 0 0 0 0 0 0 0 11 0 0 0 0 0 0 0 0 0 0 0 0 0 0 0 0 0 0 4 0 0 0 0 0 0 10 0 0 0 0 0 0 0 0 0 11 0 31 6 12 10 0 0 5 8 10 6 0 0 15 11 0 1 0 0 0 3 20 2 0 0 0 0 0 0 1 0 7 0 0 0 0 0 0 19 0 0 0 0 0 0 0 0 0 2 0 0 0 0 0 0 0 0 0 0 0 0 0 0 0 3 0 0 0 13 5 0 0 0 10 0 0 0 0 0 8 27 0 7 7 19 8 0 15 58 13 17 0 0 11 0 6 11 8 0 21 0 0 0 0 0 20 1 10 3 0 0 7 29 3 10 35 0 0 14 0 0 9 0 0 0 0 0 0 0 0 12 0 0 0 0 0 0 0 0 0 0 0 0 2 2 3 2 0 0 9 0 0 0 0 0 0 0 0 0 0 6 0 0 28 0 0 10 0 0 
 0 0 0 0 2 0 0 0 0 0 0 0 0 0 0 0 0 3 0 0 0 0 0 1 0 0 0 0 2 0 0 0 2 0 0 0 1 0 0 2 28 169 50 152 0 188 50 61 79 185 326 145 87 46 175 193 137 235 42 70 0 0 0 5 0 3 49 0 4 12 6 1 55 0 59 216 5 8 2 1 0 0 0 0 0 0 2 0 0 0 0 0 0 0 0 0 0 0 0 0 0 0 0 0 0 0 0 0 21 0 0 0 0 0 0 0 0 0 0 0 0 7 9 10 10 6 0 0 0 8 10 9 0 0 0 0 0 10 0 0 17 0 0 10 19 0 18 0 9 0 0 0 6 0 17 13 19 0 0 0 0 0 0 0 0 0 0 0 0 2 0 0 0 0 0 0 0 0 0 2 0 0 0 0 0 0 0 1 0 0 0 0 0 0 0 0 0 0 10 0 0 0 0 10 20 16 6 0 11 10 18 24 0 0 0 7 10 0 0 0 1 0 0 0 11 0 0 11 35 0 0 0 13 52 11 10 0 1 22 26 14 0 10 0 0 0 0 0 0 0 0 4 0 0 0 0 0 0 0 1 0 0 63 0 0 5 3 64 0 0 0 0 0 0 0 9 0 0 0 0 0 0 0 0 9 0 0 11 0 0 
 0 2 0 0 4 0 0 2 0 0 0 0 3 5 5 0 0 0 0 0 0 3 0 1 1 0 0 0 0 0 0 0 1 0 0 0 0 0 0 2 51 28 43 354 188 0 36 96 73 35 73 240 40 44 133 278 80 54 41 52 2 0 23 2 0 0 0 25 0 2 60 0 59 1 53 0 3 0 50 51 0 0 0 0 0 0 0 0 0 0 0 0 0 0 0 0 0 0 0 0 0 0 0 0 0 0 0 0 0 0 0 0 0 0 0 0 0 0 0 0 0 0 0 8 0 0 0 0 0 0 14 0 0 0 0 0 8 0 0 0 0 3 23 16 4 0 0 27 11 13 30 3 4 0 8 1 11 9 9 52 0 0 0 0 0 10 0 29 0 0 2 0 0 0 0 0 0 0 0 0 0 0 0 0 0 0 0 0 0 0 0 0 0 0 0 0 0 0 0 0 0 0 11 0 0 31 0 0 1 19 9 15 0 0 0 0 0 12 0 0 31 6 8 6 10 0 34 33 23 2 22 0 15 0 10 21 41 13 0 29 0 0 1 0 0 0 2 0 0 0 0 11 0 0 0 0 0 0 0 0 0 0 0 5 1 0 1 2 1 0 10 0 0 0 0 0 0 0 0 0 0 0 0 0 0 0 0 0 0 0 
 0 1 2 0 0 0 0 0 0 0 0 0 0 0 0 0 0 0 0 0 0 0 0 58 76 5 35 0 1 0 29 34 0 0 0 0 64 129 0 0 445 83 133 90 50 36 0 87 81 82 101 265 264 64 118 253 107 48 221 151 0 0 0 2 0 0 0 15 0 0 0 0 0 0 0 0 0 0 0 4 0 0 0 0 0 0 0 0 0 0 0 0 0 0 0 0 0 0 0 0 0 0 0 0 0 13 0 0 0 0 7 19 0 0 0 0 0 0 0 0 88 0 29 0 0 0 13 17 58 12 2 10 9 1 24 80 22 23 17 19 0 0 0 0 0 0 0 0 0 0 0 0 0 0 0 0 0 0 0 0 0 0 27 7 0 0 0 3 0 2 0 0 0 0 0 4 0 0 0 0 0 0 0 0 8 0 0 0 0 4 0 1 0 0 0 0 0 0 0 24 15 0 1 15 13 0 34 42 13 14 0 7 18 29 21 8 15 15 10 43 0 0 0 0 0 0 0 0 0 0 0 0 0 0 0 0 0 11 10 0 0 0 0 0 0 0 0 0 0 0 0 15 0 1 0 0 0 0 0 13 0 0 0 1 0 0 0 0 0 0 0 10 0 0 0 0 0 0 0 0 0 0 0 0 6 0 0 0 1 0 
 3 3 3 5 3 3 3 3 3 6 3 6 3 3 3 3 3 2 3 3 0 0 0 0 0 0 0 0 0 0 0 1 0 0 0 3 0 0 6 6 263 118 284 61 61 96 87 0 118 65 63 29 155 71 64 134 240 97 273 95 0 0 51 0 0 0 0 0 0 0 8 6 0 0 0 0 0 0 0 0 0 0 0 0 0 0 0 0 0 0 0 0 0 0 0 0 0 0 0 0 0 0 0 0 1 0 0 0 0 0 19 0 0 0 0 0 0 0 0 0 29 6 33 31 15 22 0 14 9 10 11 30 5 11 20 6 22 20 10 9 0 0 0 11 0 0 0 0 0 0 0 18 22 0 0 0 0 0 0 9 0 0 4 0 0 0 0 0 0 2 0 0 7 0 0 3 0 0 0 0 0 0 0 0 0 0 0 0 0 0 0 0 0 0 0 0 0 19 0 0 1 29 28 10 12 0 0 4 15 7 21 6 3 8 1 27 0 29 10 11 0 11 0 0 0 0 0 0 0 0 4 0 0 0 0 0 0 0 9 0 0 0 0 0 0 0 0 0 0 0 0 17 0 2 0 0 0 63 0 8 61 0 65 1 0 0 1 0 1 0 0 0 0 0 0 0 0 0 0 0 0 0 0 0 0 0 0 0 0 0 
 0 0 0 0 2 0 7 0 0 0 0 0 0 2 4 0 0 0 2 0 0 0 0 1 42 4 0 0 2 0 14 8 2 2 0 3 0 0 6 8 56 151 110 443 79 73 81 118 0 86 59 101 164 79 160 61 116 174 69 69 0 0 20 1 0 4 52 0 0 0 0 0 0 0 0 0 0 0 0 1 0 0 0 0 0 0 0 0 0 0 0 0 0 0 0 0 0 0 0 0 0 0 0 0 0 10 0 0 0 0 0 0 0 0 0 0 0 0 0 0 7 0 5 21 1 15 0 3 47 11 28 19 7 8 19 0 38 10 9 10 0 0 0 0 0 0 0 1 0 0 0 0 26 0 0 0 0 0 1 5 0 0 0 0 0 0 0 0 0 2 27 0 0 0 0 0 0 0 0 0 0 0 0 0 6 0 0 0 0 0 0 0 0 0 0 0 0 0 0 0 13 16 29 28 0 0 4 4 12 40 11 0 7 0 1 0 7 18 0 0 15 20 0 0 0 0 23 0 0 0 0 0 6 49 0 0 0 0 0 0 0 0 0 0 0 0 0 0 0 0 0 10 0 2 0 0 0 0 0 0 0 0 0 2 1 2 0 0 0 0 7 0 0 0 0 0 0 0 0 0 0 0 0 0 0 9 0 0 0 0 
 0 0 0 0 0 0 2 0 68 0 0 0 0 0 0 0 0 0 3 0 0 0 5 0 42 0 0 0 0 0 0 0 0 0 0 0 0 0 0 2 49 208 142 223 185 35 82 65 86 0 366 46 251 88 174 514 176 415 284 87 0 0 0 8 0 51 50 0 7 5 0 0 0 0 0 0 0 0 1 0 0 0 0 0 0 0 0 0 0 0 0 7 0 0 0 0 0 0 0 0 0 0 0 0 0 0 0 0 0 0 0 0 0 0 0 3 0 0 0 0 8 20 16 15 0 14 1 0 12 14 11 60 0 0 23 8 2 25 0 0 9 0 0 15 1 0 33 0 0 0 0 0 8 0 21 18 0 0 1 0 0 0 0 0 0 0 0 0 0 2 0 0 0 0 0 0 0 0 0 0 0 0 0 0 0 0 0 0 0 0 0 0 0 0 0 0 0 0 0 0 1 15 1 28 21 1 11 0 14 20 16 13 0 0 8 14 23 11 0 0 4 0 0 0 0 0 0 16 0 12 0 0 29 21 0 0 0 0 18 0 0 0 22 0 0 0 0 0 0 0 0 10 0 0 0 0 0 0 0 11 0 0 0 0 0 3 0 72 1 0 7 0 0 0 0 0 0 0 0 0 0 0 0 0 22 13 0 9 0 0 
 0 0 0 0 0 0 0 3 1 0 0 0 0 0 0 0 0 0 0 0 0 0 0 0 0 0 17 1 0 2 0 0 5 9 0 7 2 1 5 42 215 92 134 715 326 73 101 63 59 366 0 140 131 18 184 425 730 140 261 46 0 172 0 2 0 0 1 0 0 1 0 0 0 20 207 0 0 0 0 0 0 0 0 0 0 0 0 0 0 0 0 0 0 0 0 0 0 0 0 0 0 7 0 0 0 9 0 0 0 1 0 16 0 0 0 0 9 8 0 0 22 8 29 0 0 10 2 0 40 16 0 19 0 0 13 5 23 20 1 0 0 9 10 10 0 0 0 0 0 0 0 0 0 0 0 0 0 0 0 9 0 0 6 0 0 0 0 0 0 2 0 0 0 0 0 24 0 0 0 0 0 0 0 1 0 0 1 1 0 0 0 1 0 0 6 9 0 4 0 1 1 11 31 29 10 11 6 0 11 26 10 25 0 0 5 7 12 25 0 0 6 0 0 0 0 0 9 4 10 10 0 0 0 0 9 9 12 0 28 8 0 0 4 0 0 0 0 0 0 0 0 0 0 2 0 0 0 0 2 2 0 0 0 3 2 0 4 5 0 0 7 0 0 0 0 0 0 0 0 0 0 0 0 0 19 5 0 11 0 0 
 1 2 0 0 0 0 0 0 0 23 0 0 9 62 0 3 0 0 0 0 0 2 0 0 0 2 0 2 1 3 0 0 0 0 0 0 0 0 0 0 259 222 246 72 145 240 265 29 101 46 140 0 42 259 120 99 68 577 195 49 0 0 50 6 1 0 9 0 8 8 0 0 0 0 0 0 0 0 79 33 0 0 0 0 0 0 0 0 0 0 0 0 0 0 0 0 0 0 0 0 0 0 0 0 0 0 0 0 0 17 0 6 0 0 0 0 0 0 0 0 1 38 1 15 0 10 0 1 1 0 21 5 0 0 0 1 10 0 0 1 23 0 0 0 0 0 21 0 3 0 0 0 22 6 2 23 0 0 15 32 0 0 1 0 0 0 0 1 0 1 8 0 0 0 0 1 0 0 0 0 0 0 0 0 0 0 0 0 0 0 0 0 0 0 0 0 0 0 0 0 0 0 12 1 17 1 0 0 0 11 0 25 0 0 0 6 0 13 0 0 36 19 0 0 0 0 3 9 9 1 0 0 16 0 24 0 0 0 24 1 0 0 10 0 0 0 0 0 0 0 0 8 0 0 0 0 0 0 0 12 0 0 71 68 0 5 5 62 4 0 0 0 0 0 0 0 0 0 0 0 0 0 0 0 0 0 0 0 0 0 
 0 0 0 0 0 0 0 0 0 0 0 0 0 2 0 0 0 0 0 2 0 2 0 67 66 64 0 0 0 63 5 100 5 0 0 128 3 9 0 0 494 49 174 49 87 40 264 155 164 251 131 42 0 153 40 26 41 30 157 135 0 0 0 0 53 2 0 1 0 0 0 0 0 0 1 0 0 0 0 5 0 0 0 0 0 0 0 0 0 0 0 0 0 0 0 0 0 0 0 0 0 0 0 1 22 4 0 0 0 10 0 0 0 0 0 0 9 0 0 0 15 45 23 10 15 11 0 24 32 1 0 0 8 14 7 4 9 15 5 1 0 0 0 3 0 0 0 0 0 15 0 0 0 0 0 0 0 0 5 5 0 0 8 0 0 0 0 0 0 0 0 0 0 0 0 4 0 0 0 0 0 0 0 0 27 1 0 0 0 0 1 1 0 0 0 0 0 0 0 0 2 24 37 53 12 0 9 1 15 0 4 12 0 37 16 7 8 19 0 29 0 0 0 0 0 0 0 0 0 0 10 0 0 0 0 0 0 0 16 0 0 0 0 0 0 0 0 0 0 0 0 3 0 0 0 0 0 62 0 19 0 0 0 63 1 2 1 0 1 0 0 0 0 0 0 0 0 0 0 0 0 0 0 0 0 0 0 1 0 0 
 0 1 1 63 77 1 0 65 63 3 2 5 0 0 0 1 63 1 0 0 2 2 2 65 1 7 2 2 1 29 66 9 2 0 2 126 4 2 0 1 50 120 64 122 46 44 64 71 79 88 18 259 153 0 79 39 94 52 328 164 0 0 0 0 40 0 0 0 0 0 9 19 1 0 1 0 62 0 0 1 20 0 0 0 0 0 0 0 0 0 10 19 18 0 0 10 0 0 0 0 0 0 0 0 13 4 0 0 0 0 0 0 0 0 0 0 0 0 0 0 23 0 26 0 29 23 0 0 5 0 2 8 3 0 24 4 8 1 14 4 0 0 0 0 0 0 0 0 0 7 0 0 9 0 0 0 0 0 0 0 0 0 9 5 1 0 0 0 0 18 22 0 12 20 0 0 0 0 0 0 2 0 0 0 0 8 0 0 0 0 8 0 0 0 0 0 0 0 14 0 9 63 0 55 0 0 35 67 30 12 20 14 18 0 4 4 16 14 5 1 0 0 9 13 0 0 0 0 0 0 0 0 0 0 0 0 0 0 0 0 0 0 0 0 0 0 1 0 0 31 0 17 0 1 0 0 0 1 0 2 0 0 2 0 0 29 2 0 0 0 0 0 0 0 0 0 0 1 0 0 0 1 1 0 0 0 0 0 0 0 
 0 2 0 3 0 0 0 0 1 3 4 3 0 22 3 0 2 4 0 0 2 2 2 2 2 2 2 2 2 2 2 22 2 2 4 2 2 10 2 2 326 205 340 138 175 133 118 64 160 174 184 120 40 79 0 154 272 95 295 182 0 0 51 1 1 0 0 0 9 0 0 0 0 205 0 0 0 3 0 0 0 0 0 0 0 5 0 0 0 0 0 0 0 0 0 0 0 0 0 0 0 0 1 0 0 0 0 0 4 0 0 1 0 8 0 5 0 0 2 0 0 35 0 24 0 28 0 0 7 3 16 34 0 0 0 9 40 14 0 0 0 0 0 11 0 17 26 0 0 0 0 0 14 0 0 20 0 0 0 7 0 0 0 0 2 6 0 0 0 1 5 0 0 0 0 0 0 0 0 0 0 0 5 0 0 0 0 0 0 0 0 0 0 0 0 0 0 0 0 0 0 19 23 46 0 0 0 0 2 11 11 0 0 0 0 7 0 56 0 0 0 9 0 0 0 0 10 3 0 0 20 0 9 0 0 1 0 0 23 0 0 0 12 0 0 0 0 0 0 0 0 16 0 2 0 0 0 0 0 2 0 0 0 65 0 0 0 10 0 0 7 0 0 0 0 0 0 0 0 0 0 0 0 0 1 0 0 3 0 0 
 0 0 0 1 3 41 0 65 2 1 1 63 0 3 34 0 65 1 2 3 0 0 2 0 0 0 0 0 0 0 3 1 5 0 0 0 2 0 0 0 308 129 150 210 193 278 253 134 61 514 425 99 26 39 154 0 160 125 59 142 0 0 0 16 0 0 53 0 2 6 0 0 0 0 0 0 0 0 0 0 0 0 11 11 23 1 0 0 7 13 0 0 0 0 15 0 0 0 0 0 0 0 0 0 0 0 10 0 0 0 0 0 1 2 0 0 0 0 0 24 14 19 17 33 0 11 8 7 28 9 18 7 0 1 6 20 30 17 0 0 3 0 0 10 0 0 19 0 0 0 0 0 33 0 0 0 0 0 0 0 0 0 13 3 0 0 0 0 0 2 0 39 0 0 0 13 0 18 0 0 0 0 0 0 0 0 0 0 0 0 0 0 18 0 5 0 0 0 0 0 7 6 21 9 21 20 2 0 3 39 22 6 18 0 19 9 8 0 0 0 0 1 7 0 0 0 0 8 1 0 0 0 44 20 0 14 0 0 0 0 0 0 8 0 0 0 76 0 0 0 0 7 0 0 0 0 0 0 0 1 0 0 19 1 1 1 2 9 0 0 0 0 0 0 0 0 0 0 0 0 0 0 0 0 17 0 0 10 0 0 
 0 2 63 0 0 0 0 0 0 1 0 0 2 3 4 3 3 0 0 0 0 0 0 0 63 1 0 0 0 0 0 0 0 0 0 0 0 0 0 3 50 102 129 559 137 80 107 240 116 176 730 68 41 94 272 160 0 222 42 46 0 2 0 1 51 4 0 0 0 0 0 1 0 2 3 1 0 2 0 3 5 0 0 0 0 0 6 0 0 0 0 0 0 0 0 0 0 0 5 0 0 0 0 0 0 0 0 0 0 0 0 0 0 0 0 0 0 0 0 0 36 17 37 1 32 20 3 0 23 25 0 27 0 11 32 21 30 9 0 3 0 0 0 0 6 0 0 0 0 6 0 0 0 0 0 0 0 0 0 0 1 0 1 0 0 0 0 0 0 1 0 0 0 6 0 1 0 0 0 0 0 0 0 0 0 0 0 0 0 0 0 0 0 0 0 0 0 9 0 0 26 30 28 19 7 0 8 0 9 21 19 15 2 0 21 0 37 11 0 0 0 0 0 0 0 0 0 23 0 0 0 0 0 0 0 0 0 0 4 0 0 0 0 0 0 0 0 0 0 0 0 9 0 0 0 0 0 0 0 0 0 21 0 64 0 3 0 0 1 0 6 0 0 0 0 0 0 0 0 0 0 4 0 0 31 8 0 10 0 0 
 0 0 1 1 0 0 0 0 3 0 0 0 0 1 0 2 2 0 0 0 0 2 0 1 65 0 0 0 0 0 4 0 3 0 0 1 1 0 0 0 37 55 110 299 235 54 48 97 174 415 140 577 30 52 95 125 222 0 44 266 0 3 0 17 0 4 18 0 10 0 0 1 7 5 6 8 8 3 1 60 0 0 0 0 0 0 0 0 0 0 0 0 0 0 0 10 0 0 0 0 0 0 0 0 0 0 0 0 0 0 0 0 0 0 0 0 0 0 0 0 19 0 0 17 17 10 0 0 0 8 34 11 2 3 21 0 9 9 0 3 13 0 7 9 0 4 10 0 11 0 0 7 9 0 7 0 8 0 0 0 0 0 0 0 0 0 0 0 0 2 0 0 0 0 0 0 0 0 0 0 0 0 0 0 0 0 0 0 0 0 0 0 0 0 0 0 0 0 0 0 28 1 21 0 7 12 0 0 1 0 40 4 2 0 0 8 2 0 0 0 1 3 0 0 0 0 0 4 8 0 0 2 20 5 14 8 0 5 0 12 0 0 0 0 0 0 0 0 0 0 0 4 0 0 0 0 0 0 0 8 0 0 1 0 0 1 6 0 0 0 0 0 0 0 0 0 0 0 0 0 0 0 0 0 24 16 0 9 0 0 
 0 0 0 0 0 0 0 3 9 3 0 2 0 0 2 0 0 0 0 3 64 0 0 127 61 84 0 0 66 96 89 66 3 0 0 129 61 167 6 7 132 33 65 75 42 41 221 273 69 284 261 195 157 328 295 59 42 44 0 74 0 0 0 0 0 0 0 2 0 0 0 0 0 0 0 3 52 23 0 7 0 0 0 0 0 0 0 0 0 0 0 0 16 0 0 0 0 0 0 0 0 0 7 5 25 7 0 0 1 3 7 14 0 0 0 0 7 0 0 0 0 1 12 10 0 0 32 13 13 0 1 0 5 0 17 5 0 0 19 0 0 0 0 11 0 0 0 0 0 0 0 0 0 0 0 0 0 0 7 7 0 0 0 4 0 0 0 0 0 0 0 0 0 0 0 0 0 0 0 0 0 0 0 0 49 11 0 0 0 6 12 0 0 9 0 0 0 0 0 0 25 0 2 0 0 0 25 23 0 0 4 0 22 12 1 0 0 0 13 26 0 0 15 0 0 0 0 0 0 0 0 0 0 0 0 0 0 0 0 0 0 0 5 0 0 0 0 0 0 0 0 10 0 2 0 0 0 61 0 2 0 0 0 0 0 20 4 0 0 0 0 0 0 6 0 0 0 0 0 0 0 5 0 16 0 0 0 0 0 0 
 0 1 0 0 1 0 0 0 0 0 0 0 0 0 0 0 0 0 3 0 0 1 124 91 0 2 0 124 22 4 7 1 1 0 62 69 68 64 0 1 176 47 147 284 70 52 151 95 69 87 46 49 135 164 182 142 46 266 74 0 0 0 0 2 46 0 0 0 0 0 8 6 0 58 0 0 0 0 0 0 0 0 0 0 0 0 0 0 0 0 0 0 0 0 0 0 0 0 0 0 0 0 7 8 0 0 0 0 9 1 6 20 0 2 0 0 0 0 0 0 22 0 13 7 1 27 18 14 17 43 0 1 1 26 5 7 9 27 9 0 0 0 0 0 0 0 0 0 0 0 0 0 2 0 0 0 0 0 0 2 0 0 0 2 0 0 17 0 0 1 0 0 0 0 0 0 9 0 0 0 0 18 1 2 0 0 0 0 0 0 6 10 0 0 0 2 19 1 0 0 24 8 6 13 0 0 35 25 6 10 0 0 53 3 0 74 23 30 11 13 0 0 17 0 0 0 0 0 0 0 0 0 1 0 0 0 0 0 35 0 0 0 0 0 0 0 0 0 0 0 0 14 0 0 0 0 0 29 62 0 0 0 1 0 0 3 0 0 0 0 0 0 0 0 0 0 0 0 0 0 0 0 0 0 15 19 0 0 0 0 
 0 0 0 0 29 0 0 5 0 0 0 5 0 0 0 4 0 1 2 0 0 0 0 1 0 0 7 0 0 0 0 0 0 0 0 6 0 0 0 0 3 0 3 0 0 2 0 0 0 0 0 0 0 0 0 0 0 0 0 0 0 169 109 250 43 238 183 180 35 108 91 95 347 144 156 249 34 87 144 161 0 0 0 2 0 0 0 0 0 0 0 0 0 0 0 0 0 0 8 0 0 0 0 0 0 0 0 0 0 0 0 0 0 0 0 0 0 0 0 0 0 1 0 0 0 0 0 0 7 0 0 0 0 0 0 0 0 0 0 0 0 7 7 0 0 9 21 6 2 1 34 0 0 4 0 10 1 0 0 0 0 0 0 0 0 11 0 0 0 0 0 0 0 0 0 0 0 0 0 0 0 0 0 0 0 0 0 0 0 0 0 0 0 0 0 0 0 0 0 0 0 0 0 0 0 39 0 0 0 0 0 0 0 0 0 0 0 0 0 0 7 7 52 0 18 7 0 33 0 9 14 0 4 28 11 9 14 0 18 27 0 0 0 0 0 0 0 0 0 0 0 0 0 0 6 0 0 0 0 10 0 0 14 6 51 0 0 0 0 0 9 0 1 2 0 2 0 0 0 0 0 0 0 0 0 0 0 0 0 3 
