 0 254 217 160 15 129 489 496 225 213 338 48 341 222 169 43 123 23 81 64 0 6 6 0 0 0 38 3 3 0 3 3 0 0 6 0 0 0 0 0 0 1 0 11 0 0 2 0 0 3 2 0 0 0 0 3 3 3 0 0 0 0 0 5 3 5 0 0 0 0 9 3 3 0 0 0 0 4 0 0 21 83 20 0 32 0 45 11 35 10 8 41 0 32 7 17 18 2 48 10 0 0 0 0 0 0 0 0 0 0 0 0 5 0 0 0 4 0 0 0 1 18 0 0 0 0 0 0 0 0 0 0 0 0 0 0 0 0 0 0 0 0 0 0 0 0 1 0 0 0 0 1 0 0 0 0 0 0 0 0 1 3 7 13 0 1 15 18 18 46 15 0 15 0 15 1 11 62 20 21 0 0 0 0 0 0 0 0 0 0 0 0 38 0 0 0 0 0 0 0 0 13 0 0 0 0 0 10 0 0 41 0 0 0 0 0 0 0 0 0 0 0 1 0 0 0 0 0 2 0 0 0 5 0 0 0 0 0 0 0 0 0 0 0 0 0 1 2 0 0 0 6 0 0 0 0 0 0 0 0 0 0 0 0 1 0 0 0 0 0 0 0 0 1 0 0 0 1 0 0 0 0 0 0 0 0 0 0 0 0 
 254 0 356 236 61 64 503 92 259 168 113 24 58 511 133 145 206 201 55 56 2 3 3 0 1 0 3 2 0 0 0 1 74 0 3 0 0 0 79 74 0 0 0 3 0 0 2 0 0 0 0 0 0 0 0 0 0 3 0 0 0 0 0 52 0 2 0 4 0 0 0 14 0 0 0 44 0 3 1 0 0 15 1 3 46 2 0 18 0 1 0 5 0 22 0 12 37 14 0 0 0 0 0 0 0 0 0 0 0 0 0 0 10 16 0 15 0 1 0 0 0 0 0 0 0 0 0 0 0 0 0 0 0 0 0 0 0 0 0 0 0 0 0 0 0 0 0 0 0 0 0 0 0 0 0 0 0 0 0 0 0 0 7 0 0 21 1 25 23 11 9 43 20 0 1 13 12 14 0 0 0 0 0 0 0 0 0 0 0 0 0 0 31 0 0 0 0 0 0 0 0 0 0 0 0 0 0 0 0 0 14 0 0 0 0 0 0 0 0 0 0 1 0 0 0 0 0 0 0 0 0 0 0 0 0 0 0 0 0 0 0 0 0 0 0 2 87 0 0 2 2 13 1 0 0 0 0 0 0 0 0 0 0 0 0 0 1 2 0 0 0 0 0 0 0 14 0 19 0 0 0 0 0 0 0 0 0 0 0 17 
 217 356 0 88 351 140 116 208 53 241 163 190 114 256 123 205 87 79 118 96 0 3 3 0 0 0 3 2 1 0 0 2 0 1 3 0 0 0 2 1 0 0 0 3 0 0 2 0 0 0 0 0 0 0 1 0 0 3 0 53 0 0 0 32 0 2 0 0 0 0 0 0 0 0 0 0 0 3 0 0 13 1 10 87 26 11 0 18 0 3 32 14 0 27 12 36 32 16 0 0 0 0 0 1 0 0 0 2 0 0 1 0 2 0 0 0 0 0 18 0 0 0 0 0 1 0 19 0 0 0 0 0 0 0 0 0 0 0 0 0 0 0 0 0 0 0 0 0 3 0 0 0 0 0 0 0 18 0 3 0 9 0 12 54 32 0 43 10 63 0 17 13 16 0 0 0 16 5 1 0 0 0 0 0 0 0 0 0 0 0 0 0 20 0 0 0 0 0 0 0 0 0 0 0 0 0 2 0 0 1 17 0 0 0 0 0 0 0 0 2 0 0 0 0 0 0 0 0 0 0 0 0 0 0 1 0 0 2 0 0 0 0 0 0 0 0 47 0 0 0 0 25 0 0 2 0 0 0 0 0 0 0 11 0 0 0 0 0 0 0 0 2 0 0 0 0 0 18 0 0 0 0 0 0 0 0 0 0 0 0 
 160 236 88 0 401 194 75 179 218 537 51 157 48 74 104 170 202 263 56 79 9 3 3 0 0 0 3 2 0 0 2 1 75 0 3 0 0 0 185 24 0 0 0 3 0 0 2 2 0 0 0 0 0 1 0 0 0 3 0 0 0 0 0 35 0 7 1 1 0 0 0 0 0 0 0 3 0 3 0 0 0 22 0 54 63 15 0 10 19 12 20 33 0 0 13 26 21 45 0 0 37 1 15 0 0 0 12 25 0 0 0 0 14 17 0 13 0 0 0 11 0 0 0 0 0 0 8 13 0 0 18 0 0 0 0 0 0 0 0 0 0 0 1 0 0 0 4 0 0 0 1 0 0 0 0 0 0 0 0 0 0 8 0 1 15 37 0 7 22 22 0 38 0 0 0 26 66 24 0 0 0 9 0 0 0 0 7 35 0 0 0 0 84 19 32 0 12 0 10 0 0 0 0 0 0 0 0 0 0 0 10 0 0 0 0 0 0 0 0 0 0 0 0 0 0 0 0 0 0 0 0 0 0 0 0 0 0 0 0 0 0 0 0 0 0 2 5 0 3 49 0 30 10 0 0 0 2 0 0 0 0 0 0 0 0 0 0 0 0 0 0 0 0 0 0 23 1 0 0 0 0 4 0 0 0 0 0 0 0 0 
 15 61 351 401 0 80 35 72 69 108 179 144 79 113 321 313 134 55 45 144 77 75 5 0 0 0 75 2 77 75 0 1 2 74 6 37 0 0 0 1 0 0 0 3 0 0 2 0 0 0 0 0 0 0 0 0 0 3 0 0 5 0 0 0 0 2 0 0 0 0 0 0 0 0 0 0 0 3 2 0 0 0 0 0 0 25 0 10 0 4 18 14 0 0 5 0 0 0 0 1 17 21 64 0 1 0 11 2 0 11 0 0 0 18 0 18 10 13 68 46 0 0 0 0 0 4 0 0 0 0 0 0 0 0 0 17 0 0 0 0 0 0 0 0 0 0 0 0 0 0 0 0 0 0 0 0 0 0 0 0 0 0 18 18 11 38 1 0 0 0 16 0 0 14 10 0 0 0 0 0 14 2 23 0 0 0 31 29 47 0 0 25 24 20 13 6 0 11 42 62 0 0 0 0 0 0 0 0 0 0 0 0 0 0 0 0 0 0 0 0 0 0 0 0 0 0 0 0 0 0 0 0 0 0 0 0 0 0 0 0 0 0 0 0 0 0 3 0 0 88 0 28 0 2 0 0 0 0 0 0 0 0 41 0 0 0 0 0 0 0 0 0 0 0 0 0 20 0 0 42 0 49 0 0 0 0 0 0 0 0 
 129 64 140 194 80 0 44 40 134 334 594 163 43 59 129 326 75 307 41 63 2 3 7 0 0 2 3 2 0 3 1 1 91 1 4 0 0 0 101 1 0 3 0 6 1 0 5 0 0 0 0 3 0 0 1 0 1 3 0 0 0 2 0 0 0 2 0 0 0 0 3 2 3 0 3 0 0 3 0 0 0 27 11 52 43 12 0 0 0 13 24 12 0 10 15 14 1 41 0 0 0 1 0 0 0 0 0 0 0 0 0 0 13 1 0 0 0 0 0 29 0 0 0 0 2 0 0 0 0 0 2 0 2 0 0 0 0 0 0 0 0 0 2 0 0 0 0 0 0 0 0 0 0 0 0 0 0 0 0 0 0 3 20 10 26 24 12 6 20 20 1 14 0 0 0 5 52 21 0 0 0 9 11 0 0 0 41 15 0 0 2 0 36 18 9 0 0 0 9 0 0 0 0 0 0 0 0 0 0 0 0 0 0 0 0 0 0 0 2 0 0 0 0 0 0 0 0 0 0 0 0 0 0 0 0 0 0 0 0 1 0 0 0 0 0 2 174 0 0 22 0 1 10 1 0 0 0 0 21 0 1 13 0 0 0 0 0 0 0 0 0 0 0 0 3 2 0 22 0 0 0 0 0 0 0 0 0 0 0 0 
 489 503 116 75 35 44 0 311 100 253 32 125 227 46 128 269 342 128 56 191 2 4 3 1 0 0 18 2 0 0 0 1 0 1 3 0 0 0 0 0 0 0 0 3 0 0 2 3 0 0 0 0 1 0 0 0 0 3 0 0 0 0 0 0 0 2 0 2 0 0 0 0 0 0 0 0 0 2 0 5 12 0 28 0 21 0 0 30 0 10 19 25 14 22 19 1 31 0 12 12 0 0 0 0 0 0 0 0 0 0 0 0 0 0 0 0 0 1 0 0 0 0 0 0 0 0 10 19 0 0 0 0 0 0 0 9 0 0 0 0 0 0 0 0 0 0 0 0 0 0 0 0 0 2 0 0 0 0 0 0 27 37 35 19 10 0 15 9 0 1 10 0 13 65 32 8 5 21 0 19 0 0 0 0 0 0 0 0 0 0 0 0 0 0 0 0 0 0 15 0 0 0 0 0 0 0 4 0 0 0 0 0 0 0 0 1 0 0 0 0 0 1 0 0 0 0 0 0 0 0 0 0 0 0 0 0 3 0 0 0 0 9 0 0 0 2 0 0 3 0 11 8 0 0 0 0 0 0 0 0 0 0 0 0 0 0 0 0 0 0 0 0 0 0 0 0 11 0 0 0 0 0 0 0 0 0 0 0 0 0 
 496 92 208 179 72 40 311 0 186 174 121 87 320 115 148 375 133 77 467 157 0 5 3 0 0 2 3 2 1 0 0 1 0 0 3 0 0 0 0 2 0 2 0 4 0 0 2 33 0 0 0 0 0 0 0 0 0 4 0 0 0 0 0 0 0 2 0 0 0 0 0 0 0 0 0 0 0 3 2 0 49 19 48 11 15 0 44 20 22 9 24 0 0 65 0 29 52 9 10 0 0 0 0 0 0 0 0 0 0 0 0 0 0 0 0 0 0 0 0 0 0 0 0 0 0 0 0 0 0 0 0 0 0 2 0 0 0 18 0 0 2 0 0 0 0 0 0 0 0 0 0 0 2 0 0 0 0 2 0 0 25 12 1 0 0 16 23 8 16 64 1 44 55 0 1 0 0 19 17 0 0 0 0 0 0 4 0 0 0 0 0 0 0 0 0 0 0 0 0 0 0 0 0 0 0 0 0 0 0 0 0 0 0 0 0 0 0 0 0 0 1 0 0 0 0 0 0 0 0 0 0 0 0 0 0 0 0 0 0 0 0 0 0 0 0 1 4 0 91 0 15 9 0 0 0 0 0 0 0 0 1 0 9 0 0 0 0 0 0 0 0 0 0 0 0 0 7 0 0 0 0 0 0 0 0 0 0 0 0 0 
 225 259 53 218 69 134 100 186 0 54 27 128 117 78 103 113 496 129 63 154 74 3 3 0 0 0 7 2 0 0 0 1 1 0 3 0 0 2 75 50 0 1 0 3 0 0 2 0 0 0 0 0 0 0 0 0 0 3 71 0 0 44 0 30 0 2 0 0 0 0 0 0 0 0 0 0 0 2 0 4 11 20 19 0 36 0 0 23 32 11 16 67 17 16 22 30 14 30 0 13 0 0 0 0 0 2 15 0 0 0 0 0 9 9 0 10 0 0 2 0 2 0 0 0 0 0 1 0 0 0 0 0 0 0 0 0 0 0 0 0 0 0 0 0 0 0 1 0 0 0 0 0 1 0 1 0 0 0 0 0 20 23 24 15 0 18 15 20 28 21 0 7 0 15 19 15 11 35 0 7 0 13 1 0 0 0 1 0 0 0 0 14 27 0 0 0 0 0 0 0 0 0 0 0 0 0 0 0 0 0 0 0 0 0 0 0 15 0 0 0 1 0 0 0 0 0 0 0 0 0 0 0 0 0 0 0 0 0 0 0 0 0 0 0 0 0 3 1 1 0 0 2 53 0 0 0 0 0 0 0 0 0 0 0 0 0 0 0 0 0 0 0 0 0 0 9 0 1 0 0 0 1 0 0 0 0 0 0 0 0 
 213 168 241 537 108 334 253 174 54 0 511 38 56 78 110 151 189 249 63 82 0 6 3 3 103 0 3 82 0 4 13 3 92 0 3 3 2 4 146 0 0 3 0 3 6 5 2 0 3 6 3 3 0 0 0 0 6 6 0 0 0 1 2 2 0 9 0 0 0 2 0 17 0 2 0 0 0 3 5 4 0 40 20 49 36 13 0 10 19 22 42 0 0 2 16 45 0 42 0 0 1 0 0 0 0 0 0 0 0 0 12 0 47 0 12 0 0 25 0 5 0 0 0 0 8 0 0 0 0 0 0 0 0 0 0 0 0 0 0 0 0 0 0 0 0 0 0 0 6 0 0 0 0 0 0 0 0 1 4 17 0 5 13 11 13 14 19 11 31 14 6 14 5 0 0 13 0 43 0 0 0 0 0 1 0 0 51 13 0 9 0 2 38 21 6 0 0 0 25 0 0 0 0 0 1 0 0 0 0 0 6 0 0 0 0 0 0 0 0 0 0 0 0 0 0 0 0 0 0 0 0 0 0 0 0 0 0 17 1 0 0 0 0 0 0 5 130 0 1 176 0 10 8 0 0 0 0 0 0 0 0 0 6 0 0 2 0 0 0 0 0 0 0 0 0 20 0 40 0 0 0 0 0 0 0 0 0 0 0 0 
 338 113 163 51 179 594 32 121 27 511 0 495 247 197 158 245 119 330 22 50 2 3 3 0 0 0 3 2 0 0 1 2 63 0 3 0 0 0 73 0 0 3 0 3 7 0 2 0 0 0 0 0 0 0 0 0 0 3 0 2 0 0 0 0 0 2 0 0 0 0 4 2 53 1 0 0 0 2 0 0 0 29 26 25 14 0 0 8 14 13 39 1 21 33 40 30 11 47 0 0 0 0 0 0 0 0 0 0 0 0 0 0 2 0 0 0 0 0 17 0 0 0 0 0 5 0 2 0 0 0 0 0 0 2 0 0 0 0 0 0 2 0 0 0 0 0 12 0 0 0 0 0 2 0 0 0 0 0 0 19 0 5 33 11 32 7 64 10 22 37 11 13 6 0 6 13 0 16 0 7 0 0 36 0 0 0 31 0 0 0 0 0 0 1 0 0 0 0 0 0 0 0 0 0 0 0 0 0 0 0 0 0 0 0 0 0 0 0 0 0 2 0 0 0 0 0 0 0 0 0 0 0 0 0 0 0 0 0 0 0 0 0 0 0 0 0 130 0 9 2 10 5 0 0 1 0 0 0 0 0 0 0 6 0 0 0 0 0 0 0 0 0 0 0 0 0 6 18 0 0 0 0 0 0 0 0 0 0 0 0 
 48 24 190 157 144 163 125 87 128 38 495 0 53 38 122 37 84 163 133 75 25 3 6 0 0 81 3 78 85 0 0 1 76 3 3 0 0 0 81 1 0 0 0 3 0 0 2 0 0 0 0 0 0 0 73 0 57 3 0 0 0 0 0 0 0 7 0 0 4 0 0 0 0 0 0 0 0 3 0 0 20 21 23 32 15 23 0 0 35 19 18 19 0 0 10 11 1 29 0 0 0 0 20 0 1 0 0 0 0 0 0 0 22 0 9 0 11 0 11 40 0 0 0 0 0 0 0 0 0 0 0 0 0 0 0 3 0 0 0 0 0 0 0 0 0 0 5 0 0 0 0 0 0 0 0 0 0 0 0 0 10 3 0 8 10 10 8 0 25 0 0 33 17 0 0 0 0 12 0 0 12 0 57 1 0 0 40 21 31 31 0 0 21 6 8 13 0 22 19 2 0 0 0 0 0 0 16 0 0 0 0 0 0 0 0 0 0 0 0 0 0 0 0 0 0 0 0 0 0 0 0 0 6 0 0 0 0 0 2 0 0 1 0 0 0 4 0 4 2 89 0 10 2 0 0 0 0 0 0 0 0 0 7 0 0 0 0 0 0 0 0 0 0 0 0 21 0 0 0 10 0 0 0 0 0 0 0 0 0 0 
 341 58 114 48 79 43 227 320 117 56 247 53 0 332 149 31 32 208 67 61 0 6 4 0 0 0 3 3 0 2 1 2 0 2 3 0 0 0 0 0 0 0 0 3 0 0 2 0 0 0 0 0 3 0 0 0 0 3 0 0 0 0 0 0 0 2 0 0 0 0 0 0 0 0 0 0 0 3 1 0 10 13 23 0 22 0 45 56 17 8 7 1 1 52 0 1 44 8 0 0 0 0 0 0 0 5 0 0 0 0 0 0 0 0 0 0 0 0 7 0 0 0 0 0 0 0 0 0 0 0 0 0 0 0 1 0 0 1 0 0 0 0 0 0 0 0 0 1 0 0 0 0 0 1 0 0 0 3 0 0 16 28 10 0 0 8 15 30 0 32 11 13 0 0 40 1 11 42 20 6 0 0 0 0 0 0 0 0 0 0 0 0 0 0 0 0 0 0 0 0 0 0 0 0 0 0 0 0 0 0 0 0 0 0 0 0 0 0 0 0 0 0 0 0 20 0 0 0 0 0 2 0 0 0 0 2 0 0 0 0 0 12 0 0 0 2 0 0 6 0 12 22 0 0 0 0 0 0 0 0 0 0 0 0 0 0 0 0 0 2 0 0 0 0 0 0 8 0 0 0 0 0 0 0 0 0 0 0 0 0 
 222 511 256 74 113 59 46 115 78 78 197 38 332 0 136 31 132 129 112 261 0 3 4 0 0 0 3 2 0 0 0 1 28 0 3 0 2 0 0 0 0 0 0 3 0 0 2 0 0 0 0 0 0 0 61 0 0 3 0 0 0 0 0 0 0 2 0 0 0 0 0 0 0 0 0 0 0 2 0 0 0 18 11 0 0 0 14 21 19 0 26 21 0 12 11 1 4 0 0 11 0 0 0 0 0 0 4 0 0 0 0 0 0 0 0 0 0 0 30 0 0 0 0 0 0 0 0 0 0 0 0 0 0 0 0 0 0 0 0 0 0 0 0 0 0 16 0 0 0 0 0 0 0 0 0 0 0 0 0 0 16 0 24 25 12 0 12 6 15 56 1 0 0 13 21 0 0 20 0 5 0 0 0 0 0 0 0 2 0 22 0 0 0 0 2 0 0 0 0 0 0 0 0 0 2 0 0 0 0 0 0 0 0 0 0 0 0 0 0 0 0 0 0 0 0 0 1 0 0 0 0 0 0 0 0 0 0 0 2 0 0 0 0 0 0 0 88 0 2 0 0 6 0 0 0 0 0 0 0 0 0 0 0 0 0 0 0 0 0 0 0 0 0 0 0 0 0 23 0 0 0 0 0 0 0 0 0 0 0 0 
 169 133 123 104 321 129 128 148 103 110 158 122 149 136 0 121 223 230 217 367 0 4 3 0 0 0 3 2 0 2 0 3 77 0 3 2 2 0 1 0 0 0 0 3 0 1 2 66 2 68 0 0 3 2 60 0 0 9 0 0 7 0 1 1 1 2 92 2 0 3 2 1 0 1 0 2 0 3 6 0 19 39 0 42 0 7 14 1 6 43 6 14 15 10 26 49 36 9 5 0 0 0 0 0 10 0 0 0 0 0 0 0 21 0 6 0 4 0 0 0 1 0 0 0 0 0 0 0 0 0 0 0 0 0 0 0 0 0 0 0 0 0 0 0 0 25 0 0 0 0 0 0 0 0 0 0 0 0 0 0 0 18 0 10 9 0 0 11 36 19 21 10 10 0 14 1 7 14 28 10 0 0 0 0 0 0 27 0 0 3 0 0 8 1 0 0 0 0 0 0 0 0 0 0 0 0 0 0 0 0 8 0 0 0 0 0 0 0 0 0 0 0 0 0 0 0 0 0 0 0 0 0 0 0 0 0 0 13 0 0 0 11 0 0 0 2 0 1 1 3 2 5 0 0 0 9 0 0 0 0 0 0 0 0 0 0 0 0 0 0 0 0 2 0 0 0 0 0 0 0 0 0 0 0 0 0 0 0 0 0 
 43 145 205 170 313 326 269 375 113 151 245 37 31 31 121 0 155 138 44 92 0 3 3 0 3 1 3 2 0 0 0 1 88 0 3 0 0 0 93 20 0 9 0 3 0 0 2 0 0 0 0 0 0 0 0 0 0 3 0 0 0 0 0 30 0 2 0 0 0 34 0 0 0 0 0 0 0 2 0 0 0 0 0 19 22 14 0 20 0 0 1 38 0 1 10 41 37 33 0 0 0 0 3 0 1 0 16 0 0 0 0 0 0 17 0 10 0 0 0 0 0 0 0 2 0 0 0 0 0 0 0 1 0 0 0 0 0 0 0 0 0 0 0 0 0 2 2 0 0 0 0 0 0 0 0 0 0 0 0 0 2 0 24 10 34 20 1 1 2 0 16 16 0 0 0 30 32 0 0 0 0 11 0 0 0 0 7 0 0 0 0 0 18 12 0 0 0 0 0 0 0 0 0 0 0 0 0 0 0 0 0 0 0 0 0 0 0 0 0 0 0 0 0 0 0 0 0 0 0 0 0 0 0 0 0 0 0 0 0 10 0 1 0 0 0 0 90 1 3 2 0 10 1 0 0 0 0 0 0 0 0 0 3 0 0 0 0 0 0 0 0 0 0 0 0 10 0 0 0 0 0 0 0 0 0 0 0 0 0 0 
 123 206 87 202 134 75 342 133 496 189 119 84 32 132 223 155 0 145 49 48 0 3 3 0 1 0 3 10 0 0 1 2 0 0 4 0 0 0 74 37 0 0 0 3 0 0 2 0 75 0 0 1 0 3 2 0 0 3 0 0 0 0 0 36 0 2 3 0 0 0 0 0 6 0 0 2 0 3 0 1 0 11 13 0 21 0 6 15 0 0 18 81 0 1 11 21 34 13 0 3 0 0 9 0 0 0 10 0 0 0 0 0 4 9 0 10 0 0 23 0 0 0 0 0 0 0 0 0 0 0 0 0 0 0 0 0 0 0 0 0 0 0 0 0 0 0 1 0 0 0 0 0 0 0 0 0 0 0 0 0 21 32 26 17 11 0 2 26 17 12 21 8 0 13 31 28 15 37 0 14 0 0 1 0 0 0 0 0 0 0 20 0 31 0 0 0 0 0 0 0 0 0 0 0 0 0 0 0 0 0 21 0 0 0 0 0 0 0 0 0 0 0 0 0 0 0 0 0 0 0 0 0 0 0 0 0 0 0 0 0 0 9 0 0 0 2 2 0 0 7 0 18 0 0 0 0 0 2 0 0 0 0 0 0 0 0 0 0 0 0 0 0 0 0 0 10 0 1 0 0 0 0 0 0 0 0 0 0 0 0 
 23 201 79 263 55 307 128 77 129 249 330 163 208 129 230 138 145 0 131 27 2 3 3 0 2 0 10 3 6 1 3 4 99 2 8 3 0 0 75 3 0 0 62 3 5 5 3 8 1 4 0 0 0 0 0 0 0 5 0 2 0 0 0 0 0 3 0 0 0 0 3 0 5 0 4 0 2 6 4 4 11 18 0 40 38 20 0 5 18 15 3 2 0 25 28 23 24 28 0 0 0 0 0 0 0 0 0 0 0 0 0 0 12 0 1 0 0 2 0 0 0 0 0 0 0 0 0 0 0 0 0 0 0 0 0 0 0 0 0 0 0 0 0 0 0 0 0 0 0 0 0 0 0 0 0 0 0 0 0 0 0 8 7 15 4 18 26 41 29 14 13 46 0 0 32 0 16 4 0 0 0 0 0 0 0 0 18 0 0 0 0 0 0 0 0 0 0 0 0 0 0 0 0 0 0 0 0 0 0 0 0 0 0 0 0 0 1 0 0 0 0 0 0 0 0 0 0 0 0 0 0 0 0 0 0 0 33 0 0 0 0 6 0 0 0 4 10 0 99 0 1 30 0 0 0 2 0 0 0 0 0 0 1 0 0 0 1 0 0 0 0 0 0 0 0 0 0 8 0 0 0 0 0 0 0 0 0 0 0 0 
 81 55 118 56 45 41 56 467 63 63 22 133 67 112 217 44 49 131 0 293 1 33 3 0 74 0 5 4 0 0 0 205 0 3 5 0 0 0 0 4 0 1 3 3 0 0 2 0 1 2 0 0 0 0 0 2 1 3 0 0 0 0 0 0 0 3 0 0 0 0 3 3 0 0 0 0 1 4 0 0 18 20 15 18 0 0 48 0 9 11 1 0 24 17 1 15 25 0 9 20 0 0 0 0 0 0 0 0 0 0 11 0 0 0 0 0 0 0 0 0 0 0 0 0 0 0 0 0 0 0 0 0 0 0 0 0 0 0 0 0 0 0 0 0 0 0 0 0 0 0 0 14 0 0 0 0 0 0 0 0 20 16 1 0 0 0 0 10 4 20 12 3 51 0 20 20 0 9 45 12 0 0 0 0 0 0 0 0 0 0 0 0 0 0 1 0 0 0 0 0 0 0 0 0 0 0 0 0 0 0 0 0 0 0 0 0 0 9 0 0 0 0 0 0 13 0 0 0 0 0 0 0 0 0 0 0 0 0 1 0 0 10 0 0 0 0 0 0 0 2 0 4 0 0 0 0 0 0 0 0 0 0 0 0 0 2 0 0 0 0 0 0 0 0 0 0 0 0 0 0 0 0 0 0 0 0 0 0 0 0 
 64 56 96 79 144 63 191 157 154 82 50 75 61 261 367 92 48 27 293 0 0 3 3 0 0 0 3 4 2 0 0 2 0 3 3 0 0 77 1 0 2 14 0 3 0 0 5 0 0 0 0 0 0 0 2 0 0 3 0 0 0 0 0 0 0 5 0 0 0 0 0 0 0 0 0 3 1 2 0 1 29 0 64 31 1 0 16 1 2 0 38 12 18 2 27 0 0 0 58 3 0 0 0 0 0 0 0 0 0 0 0 0 0 0 0 0 0 0 21 0 0 2 0 0 0 0 0 0 5 0 0 0 0 0 0 0 0 0 0 21 0 0 0 0 0 0 0 0 14 0 0 0 0 0 0 0 0 0 0 0 38 25 30 18 11 2 13 0 11 0 2 10 16 27 1 10 0 21 11 7 0 0 0 0 0 0 0 0 0 0 0 0 0 0 0 0 0 0 0 5 0 0 0 0 0 0 0 0 2 0 0 0 0 2 2 0 0 0 0 0 0 0 0 0 0 0 0 1 0 0 0 0 0 0 0 0 0 0 0 0 0 0 0 0 0 0 2 2 2 2 10 2 0 0 0 0 0 0 0 0 0 0 11 0 0 0 0 14 0 0 0 0 0 2 0 0 9 0 0 0 0 0 0 0 0 0 0 0 0 0 
 0 2 0 9 77 2 2 0 74 0 2 25 0 0 0 0 0 2 1 0 0 157 198 51 41 28 164 84 52 49 25 56 121 35 182 25 61 92 198 162 2 2 0 0 3 0 2 3 0 0 2 3 3 0 0 0 0 1 3 1 3 0 0 0 0 0 0 7 0 5 0 58 0 0 0 0 0 0 0 0 0 0 0 0 0 14 0 0 0 29 0 1 0 0 0 0 0 0 0 0 6 19 25 10 1 0 2 23 18 6 19 0 0 9 21 27 51 0 29 3 0 0 0 0 0 0 1 0 0 0 0 0 0 0 0 4 0 0 0 0 0 0 0 0 0 0 5 0 0 0 0 0 0 0 0 0 0 0 0 0 0 0 0 0 11 21 1 0 0 19 4 0 0 0 0 0 0 2 0 0 46 94 2 13 0 0 24 14 33 9 0 13 17 0 20 31 12 0 13 26 0 0 0 0 0 0 0 0 1 0 1 0 0 0 0 0 0 0 10 0 0 0 0 0 0 0 0 0 0 10 0 0 0 0 0 0 0 0 0 0 0 0 0 0 0 0 0 0 2 0 0 0 0 0 6 2 0 83 0 2 0 0 0 0 0 0 0 0 0 0 0 2 0 0 0 0 0 0 0 0 0 10 0 0 0 0 0 0 0 0 
 6 3 3 3 75 3 4 5 3 6 3 3 6 3 4 3 3 3 33 3 157 0 419 78 122 117 290 125 190 57 112 48 41 150 222 216 177 54 75 114 7 2 0 2 4 0 211 0 0 2 2 5 23 0 3 3 0 0 3 20 3 0 0 0 0 0 0 0 0 3 0 4 0 0 0 0 2 0 2 0 0 0 1 0 0 41 0 0 0 6 0 0 0 2 0 0 0 0 0 0 0 28 7 9 7 0 18 28 15 7 32 7 11 0 0 31 19 12 51 32 0 0 0 0 0 0 0 0 0 0 0 0 0 0 1 1 0 0 7 13 0 0 5 2 0 0 0 1 0 0 0 0 0 0 0 0 0 0 0 0 0 0 0 0 0 0 0 0 0 0 5 0 0 0 0 0 0 0 0 0 12 30 0 13 9 1 7 18 1 0 0 0 0 12 50 10 0 0 42 60 0 0 0 0 0 0 1 0 0 0 0 0 0 0 0 0 0 0 3 0 0 0 0 0 14 0 0 0 0 0 0 0 11 0 0 0 0 0 0 0 0 0 0 0 0 0 0 0 0 0 0 0 0 0 2 0 2 48 0 0 4 0 0 0 0 0 0 0 0 0 0 0 0 0 0 0 11 0 0 0 0 27 0 0 0 0 12 0 0 0 
 6 3 3 3 5 7 3 3 3 3 3 6 4 4 3 3 3 3 3 3 198 419 0 388 128 266 427 396 172 172 210 42 69 142 543 138 526 131 209 306 2 2 0 0 3 0 0 4 0 0 2 3 85 0 0 0 0 0 3 64 3 0 0 0 0 0 0 0 0 3 0 3 4 0 0 0 0 0 0 0 0 0 0 0 0 24 0 0 0 0 0 0 0 0 0 2 0 0 0 0 23 35 2 10 14 12 10 8 26 11 12 20 10 15 32 34 25 0 18 0 0 0 0 0 5 0 0 10 0 0 0 0 11 0 13 0 0 0 8 0 0 0 0 0 0 2 0 10 0 0 0 0 0 0 0 0 0 7 0 0 14 1 0 0 1 1 0 1 0 0 5 0 0 0 0 0 0 0 0 0 44 23 26 27 18 12 0 30 15 8 32 14 0 4 23 30 2 19 6 21 0 0 13 0 0 0 12 0 0 0 0 2 0 0 0 0 0 0 0 0 0 0 27 0 0 0 0 0 0 0 0 1 0 0 0 0 0 0 0 0 0 0 0 0 0 0 0 0 0 0 0 0 0 0 5 2 2 1 2 2 2 2 0 0 0 0 10 0 0 0 0 0 0 0 0 0 15 0 0 2 0 0 0 0 0 0 16 0 0 1 
 0 0 0 0 0 0 1 0 0 3 0 0 0 0 0 0 0 0 0 0 51 78 388 0 276 281 93 285 167 136 316 287 52 85 251 64 370 306 366 113 8 2 0 2 3 0 41 65 0 0 2 3 3 0 0 0 0 0 3 69 3 0 0 0 0 0 0 50 0 3 0 3 0 0 0 0 0 0 0 0 2 0 11 0 0 0 0 0 0 0 0 0 1 0 1 0 0 0 1 0 8 12 2 29 31 15 0 1 11 1 36 20 0 11 10 37 41 13 13 1 24 4 0 0 0 0 9 9 1 10 2 0 24 12 43 9 0 2 1 22 18 0 0 0 0 11 0 0 0 0 10 0 0 0 0 0 0 0 0 0 0 0 0 0 0 0 0 0 0 0 0 0 0 2 0 0 0 0 0 0 16 35 1 16 0 29 0 14 52 39 17 39 1 0 10 27 13 1 0 10 15 0 0 2 0 18 29 0 0 0 4 0 8 34 22 0 0 0 16 47 0 1 0 0 0 0 0 0 0 0 0 0 0 0 0 0 0 0 0 0 0 0 30 0 0 0 0 0 0 0 0 0 0 0 6 2 0 82 76 0 2 0 0 0 0 0 38 0 0 0 0 0 0 0 0 0 0 0 0 3 0 0 0 0 0 0 0 0 0 0 
 0 1 0 0 0 0 0 0 0 103 0 0 0 0 0 3 1 2 74 0 41 122 128 276 0 57 91 187 126 114 159 311 44 78 264 79 58 104 142 91 65 65 0 0 3 0 62 84 0 1 69 3 69 62 134 0 0 2 5 62 3 0 0 0 0 0 0 0 0 3 0 3 0 0 0 0 0 0 0 0 0 0 0 0 0 0 0 0 0 2 0 0 0 0 0 0 0 0 0 0 6 0 0 10 28 19 0 0 18 17 66 6 0 0 1 0 0 15 0 1 2 22 21 17 0 0 0 0 1 1 0 0 30 11 19 3 0 0 1 38 0 2 0 0 0 2 0 0 0 0 0 0 0 0 0 0 0 0 0 0 0 0 0 0 0 0 0 0 0 0 8 0 0 3 0 0 0 2 0 0 0 1 25 21 18 23 0 0 15 29 18 19 0 0 0 29 46 9 0 0 8 0 11 0 0 0 35 0 15 0 12 0 19 17 19 0 0 0 16 35 0 0 0 0 0 0 0 0 0 0 0 0 0 0 0 0 0 27 0 0 0 0 11 0 0 0 0 0 0 0 0 0 0 0 265 0 2 0 39 0 4 10 0 0 0 0 0 0 0 0 0 2 0 0 0 0 0 0 0 0 0 0 0 0 0 24 0 0 0 0 
 0 0 0 0 0 2 0 2 0 0 0 81 0 0 0 1 0 0 0 0 28 117 266 281 57 0 60 280 121 200 83 142 34 45 65 141 64 274 57 69 2 3 2 0 3 0 0 5 0 0 2 3 130 0 9 0 63 0 3 128 3 0 0 0 0 0 0 0 0 3 0 3 0 0 0 0 0 0 0 0 0 0 0 0 0 0 0 0 0 0 0 0 0 0 0 0 0 0 0 0 0 0 0 17 0 6 0 0 0 12 25 50 0 0 0 18 9 10 0 0 31 0 0 0 0 0 0 19 0 0 0 0 1 0 1 0 12 0 47 37 0 0 13 0 0 3 0 0 0 0 0 0 0 0 0 0 0 0 0 0 0 0 0 0 0 0 0 0 0 0 0 0 0 0 0 0 0 0 0 0 0 6 1 18 0 22 0 0 0 15 10 8 0 0 0 31 33 1 6 0 0 0 0 0 0 0 5 0 0 0 13 1 0 0 31 12 0 0 61 12 0 0 0 0 0 0 0 0 0 0 0 0 0 0 0 0 0 0 0 0 0 0 0 0 0 0 0 0 0 0 0 0 0 0 9 0 3 74 81 0 0 14 0 0 0 0 0 0 0 0 0 0 0 0 0 0 0 0 0 0 0 0 0 0 0 0 0 0 0 0 
 38 3 3 3 75 3 18 3 7 3 3 3 3 3 3 3 3 10 5 3 164 290 427 93 91 60 0 421 224 124 208 41 65 113 202 155 35 177 396 137 2 2 0 0 3 0 0 0 0 0 3 3 3 0 0 0 0 0 3 3 3 3 0 0 0 1 0 3 0 3 3 3 0 0 0 0 0 0 0 0 0 0 0 0 0 18 0 0 0 8 0 0 0 0 0 0 0 8 0 0 0 39 17 16 8 8 19 43 31 13 22 12 12 0 2 30 25 22 34 30 0 0 0 0 0 0 0 0 0 0 0 0 12 0 0 9 0 0 0 17 0 0 4 0 0 0 0 0 0 0 0 0 0 0 0 0 0 0 0 0 0 0 0 0 0 0 2 0 0 0 6 0 0 0 0 0 0 0 0 0 11 26 12 18 17 0 17 29 0 1 5 16 0 13 47 0 12 9 24 41 0 0 25 0 0 0 0 0 1 0 1 0 0 0 0 0 0 0 15 0 0 0 0 0 0 0 0 0 0 0 0 0 0 0 0 0 0 0 0 0 0 0 0 0 0 0 0 0 0 0 0 0 0 0 0 0 0 84 0 0 0 2 0 0 0 0 0 0 0 0 0 2 0 0 0 0 22 0 0 0 0 9 0 0 0 0 0 0 0 0 
 3 2 2 2 2 2 2 2 2 82 2 78 3 2 2 2 10 3 4 4 84 125 396 285 187 280 421 0 94 218 126 57 163 499 389 161 155 325 140 69 2 2 0 0 8 0 0 0 0 0 3 3 3 0 0 0 1 0 3 3 3 0 0 0 0 5 0 1 0 3 0 4 0 0 0 0 0 0 0 0 0 0 0 0 0 0 0 1 0 0 0 0 0 0 0 0 0 18 0 0 38 17 2 12 11 1 15 29 32 39 27 2 31 22 33 26 18 14 0 9 0 0 0 0 0 0 0 0 0 0 0 0 16 0 0 0 0 0 0 0 0 0 0 0 0 0 0 0 0 0 0 1 0 0 17 0 0 0 0 0 0 0 0 0 0 0 0 0 9 0 0 0 0 3 1 0 1 0 0 0 29 10 10 21 30 15 12 33 23 35 20 49 19 22 53 27 18 28 9 9 0 0 0 0 0 0 15 0 0 0 0 0 0 0 0 1 0 0 12 19 0 0 0 0 0 0 0 0 0 6 0 0 0 0 0 0 0 0 0 0 0 0 0 0 0 0 0 0 0 29 0 0 32 0 2 0 2 1 0 2 2 2 0 0 0 0 0 0 0 1 0 0 0 0 0 18 2 0 0 0 0 0 0 0 0 0 0 0 0 0 
 3 0 1 0 77 0 0 1 0 0 0 85 0 0 0 0 0 6 0 2 52 190 172 167 126 121 224 94 0 76 123 30 90 202 162 75 135 200 283 75 2 2 0 0 3 0 64 2 0 2 2 4 127 0 0 0 0 1 3 117 3 0 0 0 0 0 0 0 0 3 0 3 0 0 0 0 0 0 0 0 0 0 0 0 0 0 0 2 0 0 0 0 0 0 0 0 0 0 0 0 10 0 2 15 21 22 4 1 11 11 0 34 0 0 19 11 39 0 15 0 18 0 0 0 0 0 8 10 0 0 0 0 2 0 16 0 0 0 9 0 0 0 0 0 0 4 0 0 0 0 0 0 0 0 0 0 0 0 0 0 0 0 0 0 0 0 0 0 0 0 4 0 0 0 1 0 0 0 0 0 20 32 22 11 18 55 0 33 21 12 0 24 0 0 16 33 0 26 29 10 0 0 0 0 0 0 13 0 0 0 0 0 0 0 0 9 0 0 0 1 0 0 3 0 0 0 0 0 0 0 0 0 0 0 0 0 0 0 0 0 0 0 0 0 0 0 1 0 0 0 0 0 0 0 14 0 1 48 0 0 0 2 0 1 0 0 13 0 0 0 0 0 0 0 0 0 2 0 0 6 0 0 0 0 0 0 10 0 0 0 
 0 0 0 0 75 3 0 0 0 4 0 0 2 0 2 0 0 1 0 0 49 57 172 136 114 200 124 218 76 0 87 131 140 101 254 203 77 245 88 163 2 2 0 0 3 0 2 2 0 1 3 4 7 0 0 64 0 3 78 3 3 13 1 0 0 0 0 52 0 9 2 3 0 0 1 1 0 1 0 0 0 0 0 0 0 0 0 0 0 0 0 0 0 0 1 0 0 0 2 0 10 0 16 13 10 0 7 0 18 36 38 1 0 27 0 9 0 69 0 11 32 2 0 0 0 11 0 0 2 0 1 0 12 0 1 0 0 0 18 15 0 0 0 0 0 2 0 0 0 0 0 0 0 0 0 2 0 0 0 0 0 21 0 0 0 0 2 0 0 0 0 0 0 1 0 0 0 0 0 0 0 2 26 33 47 18 0 0 20 18 39 57 2 15 0 18 34 11 0 14 0 0 0 0 0 0 15 0 0 0 0 0 0 0 8 0 0 0 33 23 0 2 0 0 0 0 0 0 0 0 0 0 0 0 0 0 0 0 0 0 0 0 0 0 0 0 0 0 0 0 0 0 0 0 0 1 2 2 0 2 1 10 0 0 0 0 0 0 0 0 0 0 0 0 0 0 0 0 0 0 0 0 0 0 0 0 0 0 0 0 
 3 0 0 2 0 1 0 0 0 13 1 0 1 0 0 0 1 3 0 0 25 112 210 316 159 83 208 126 123 87 0 94 50 43 532 142 151 53 61 103 2 2 2 12 6 0 0 4 0 1 2 4 4 0 5 0 0 0 58 25 3 0 0 0 0 2 0 0 0 5 1 3 3 0 0 1 0 3 0 0 1 0 0 0 0 0 0 0 0 0 0 0 0 0 0 0 0 0 0 0 0 14 0 10 26 0 0 9 28 0 12 20 0 0 1 11 0 23 0 0 0 0 0 0 0 0 1 11 15 0 1 0 9 0 24 0 1 0 6 47 0 0 4 1 0 0 0 1 0 0 0 0 0 0 0 1 0 0 0 0 0 0 0 0 0 0 0 0 0 0 0 0 0 5 0 0 0 0 0 0 5 9 9 12 38 16 11 14 9 0 0 0 0 15 20 10 14 14 0 9 0 0 0 0 0 9 20 7 11 0 0 0 10 0 2 14 0 0 0 25 0 0 0 0 0 0 0 0 0 0 0 0 0 0 0 0 0 0 0 0 0 0 0 0 0 0 0 0 0 0 0 1 0 0 4 0 0 49 0 1 1 0 0 0 0 0 12 0 0 0 0 0 0 0 0 0 0 0 0 0 0 0 0 0 0 0 14 0 0 0 
 3 1 2 1 1 1 1 1 1 3 2 1 2 1 3 1 2 4 205 2 56 48 42 287 311 142 41 57 30 131 94 0 43 53 258 139 316 147 34 40 4 5 3 3 3 0 30 65 3 0 2 3 73 3 3 0 3 40 85 119 3 0 0 0 0 0 0 2 0 3 0 3 0 0 0 0 0 0 0 0 0 1 0 0 0 0 0 0 0 0 0 0 0 0 0 0 0 0 0 0 11 0 0 36 11 0 0 1 0 22 55 31 1 0 24 2 14 12 0 0 23 0 0 1 0 1 19 0 11 0 0 0 24 14 42 0 0 0 0 0 0 0 0 0 0 8 2 0 0 0 0 0 0 0 0 0 0 2 0 0 0 0 0 0 0 0 0 0 0 0 0 1 2 8 0 0 0 0 0 0 0 9 7 19 29 1 0 0 0 22 45 0 0 0 0 0 17 11 0 0 36 0 34 0 1 0 26 0 14 0 0 0 8 33 0 1 34 0 53 24 0 0 1 0 0 0 0 0 0 0 0 0 0 0 0 0 0 0 0 0 0 0 14 0 0 0 0 0 0 0 0 0 0 0 5 0 2 0 76 2 4 1 0 0 0 0 0 0 0 0 0 0 0 0 0 0 0 0 0 0 0 0 0 0 0 7 0 0 0 0 
 0 74 0 75 2 91 0 0 1 92 63 76 0 28 77 88 0 99 0 0 121 41 69 52 44 34 65 163 90 140 50 43 0 173 112 66 233 100 327 82 2 2 0 0 3 0 0 0 0 0 2 4 3 0 0 0 0 0 3 2 3 0 0 0 0 1 0 0 0 3 0 3 0 0 0 0 0 0 0 0 0 21 0 33 15 20 0 0 0 34 12 11 0 0 0 0 0 6 0 0 14 18 26 10 0 1 10 1 11 0 12 1 16 22 13 23 23 0 1 1 0 0 0 1 2 0 0 0 0 0 0 0 0 0 0 12 0 0 7 0 0 19 21 0 0 0 10 0 1 0 0 0 0 0 0 0 0 0 0 0 0 3 0 0 3 16 0 0 9 0 27 20 0 0 0 0 18 0 0 0 81 10 2 12 0 0 23 12 17 6 0 40 1 13 11 12 4 0 0 12 2 0 0 0 0 0 0 0 0 0 0 0 0 0 0 0 0 0 0 0 0 0 0 0 0 0 0 0 0 0 0 0 0 0 0 0 0 0 0 0 0 0 0 0 0 0 0 0 0 2 0 0 0 0 6 0 0 1 0 0 2 0 0 0 0 0 0 0 0 0 0 0 0 0 0 0 0 0 0 0 0 0 0 0 0 0 0 0 0 0 
 0 0 1 0 74 1 1 0 0 0 0 3 2 0 0 0 0 2 3 3 35 150 142 85 78 45 113 499 202 101 43 53 173 0 522 43 138 141 93 338 2 2 0 0 3 0 0 0 0 0 2 3 3 0 0 0 0 0 3 2 3 0 0 0 0 1 0 0 0 3 0 3 0 0 0 0 0 0 0 0 0 0 2 0 0 2 0 0 0 0 0 0 0 0 0 0 0 0 0 0 21 18 0 31 8 29 8 13 63 5 19 59 12 32 16 13 10 27 18 39 0 0 0 0 0 0 0 0 0 0 0 0 0 0 0 0 0 0 0 16 0 0 8 1 0 0 0 0 0 0 0 0 0 0 0 0 0 0 0 0 0 0 0 0 9 9 7 0 0 0 0 0 6 0 0 0 0 0 0 0 30 10 73 24 11 0 42 35 30 16 37 41 0 47 9 28 15 16 20 41 0 0 0 0 0 0 0 0 0 0 0 0 0 0 0 0 0 0 0 1 0 0 0 0 0 0 0 0 0 0 0 0 0 0 0 0 0 0 0 0 0 0 0 0 0 0 0 0 0 76 0 0 0 0 2 2 0 53 0 0 22 0 0 0 0 0 0 0 0 0 0 0 0 0 0 12 0 0 0 0 0 19 0 0 0 0 0 0 0 0 
 6 3 3 3 6 4 3 3 3 3 3 3 3 3 3 3 4 8 5 3 182 222 543 251 264 65 202 389 162 254 532 258 112 522 0 211 402 115 350 211 31 2 0 2 3 0 2 0 0 3 4 4 67 0 3 0 0 3 3 63 3 2 0 0 2 0 0 9 0 3 3 3 0 0 0 0 0 0 0 0 2 0 1 0 0 25 0 0 14 7 0 0 0 0 0 0 0 0 0 0 27 0 12 12 14 0 0 34 17 29 15 14 9 12 17 10 39 4 52 0 0 0 0 0 0 0 0 0 1 0 1 0 2 0 1 0 0 0 0 0 0 0 0 0 0 0 0 1 0 0 0 8 0 0 0 1 0 0 0 0 0 0 0 0 0 5 0 0 0 0 0 0 1 0 0 0 0 0 0 0 5 1 37 15 17 11 0 22 43 17 27 18 1 1 34 42 10 14 9 11 0 0 0 0 0 0 4 24 0 0 0 0 0 0 0 0 0 0 11 1 0 1 0 0 0 0 14 0 10 0 0 0 0 0 0 0 0 0 0 0 0 0 0 0 0 0 0 0 0 0 0 0 0 0 10 0 0 1 0 3 1 0 0 0 0 0 0 0 0 0 0 0 0 0 0 0 0 0 0 12 0 2 0 0 0 0 0 0 0 0 
 0 0 0 0 37 0 0 0 0 3 0 0 0 0 2 0 0 3 0 0 25 216 138 64 79 141 155 161 75 203 142 139 66 43 211 0 128 48 42 85 2 2 0 0 3 0 1 0 1 0 2 3 66 62 0 0 0 0 14 94 6 0 0 0 0 0 2 0 0 3 0 5 0 1 0 1 0 0 0 1 0 0 0 0 0 19 0 0 0 1 0 0 0 0 0 1 0 0 0 0 4 13 40 11 9 0 5 9 29 24 43 7 0 15 8 51 5 21 7 18 0 0 0 2 0 0 12 1 10 0 0 0 10 0 11 0 0 0 0 11 0 0 0 0 0 4 0 0 0 0 0 0 0 0 0 0 0 0 0 0 0 2 0 0 0 7 0 0 0 0 0 0 0 4 0 0 0 0 0 0 0 13 10 33 24 0 8 2 22 0 17 30 0 1 33 16 22 20 9 24 0 0 0 0 0 0 11 0 8 0 0 0 8 0 0 11 1 0 55 20 0 0 0 0 0 0 0 0 0 0 0 0 0 0 0 0 0 0 0 0 0 2 0 0 0 0 0 0 0 0 0 0 0 0 5 0 1 43 1 1 2 12 0 0 0 0 0 0 0 0 0 0 0 0 2 0 0 0 0 0 0 0 0 0 0 0 0 0 0 0 
 0 0 0 0 0 0 0 0 0 2 0 0 0 2 2 0 0 0 0 0 61 177 526 370 58 64 35 155 135 77 151 316 233 138 402 128 0 107 119 81 2 2 0 0 3 0 0 2 0 0 2 3 4 0 0 0 0 0 74 25 3 0 0 0 0 0 0 0 0 3 0 3 0 0 0 0 1 0 0 0 17 0 0 0 0 0 0 0 0 0 0 0 0 0 0 1 0 0 0 0 16 11 42 12 24 26 0 10 60 4 11 30 16 11 18 14 18 27 2 0 0 0 0 0 0 0 1 11 15 0 0 0 11 0 28 0 1 0 6 1 1 0 10 0 0 0 0 0 0 0 0 0 0 0 0 0 0 0 0 0 0 0 0 0 0 0 0 1 0 0 0 0 0 5 0 5 0 0 0 0 37 10 17 28 48 9 0 41 11 18 1 13 0 14 34 18 0 45 0 11 0 0 0 0 0 0 20 0 11 0 0 0 10 0 3 8 0 0 0 26 0 0 0 2 2 0 0 0 0 3 0 0 0 0 0 0 0 1 0 0 0 0 0 0 0 2 0 0 0 0 0 0 2 11 1 1 0 0 3 0 0 0 0 0 0 2 13 0 0 0 0 0 0 0 0 0 0 0 0 0 0 0 0 0 0 0 17 0 0 0 
 0 0 0 0 0 0 0 0 2 4 0 0 0 0 0 0 0 0 0 77 92 54 131 306 104 274 177 325 200 245 53 147 100 141 115 48 107 0 30 111 2 3 0 0 5 0 85 63 0 0 2 3 3 0 0 0 0 0 25 65 3 2 0 0 0 0 0 6 0 3 0 3 0 0 2 0 0 0 0 0 0 0 0 0 0 0 0 0 0 0 0 0 0 0 0 0 0 0 8 0 11 8 11 12 0 11 0 0 37 25 0 19 0 19 9 0 1 1 0 10 49 0 0 0 0 0 3 0 0 0 0 0 0 0 0 0 0 0 26 0 0 0 0 0 18 0 0 0 19 0 0 3 0 0 0 0 0 0 0 0 0 0 1 0 0 0 8 8 0 0 0 0 4 0 0 0 0 0 0 0 12 7 52 10 27 12 0 11 9 10 22 30 0 30 1 9 35 11 1 1 0 0 0 0 0 0 4 0 0 0 0 0 8 0 13 0 0 0 36 10 0 0 0 0 0 0 0 0 0 0 0 0 0 0 0 0 0 0 0 0 0 0 0 0 0 3 0 0 0 0 0 0 0 0 3 0 4 115 2 0 19 0 0 0 0 0 0 0 0 0 0 0 0 0 0 0 0 0 0 0 0 0 0 2 0 12 0 0 0 0 
 0 79 2 185 0 101 0 0 75 146 73 81 0 0 1 93 74 75 0 1 198 75 209 366 142 57 396 140 283 88 61 34 327 93 350 42 119 30 0 285 2 9 0 0 3 0 0 0 0 0 2 8 4 0 0 3 0 1 3 5 6 0 2 86 0 0 5 0 0 3 0 4 0 0 0 2 0 44 0 0 0 0 0 32 29 47 0 2 0 21 5 20 0 0 9 12 0 34 0 0 13 19 42 0 0 0 12 0 0 0 8 0 1 26 8 26 13 0 22 12 0 0 0 0 0 0 0 0 0 0 0 0 2 0 0 0 0 0 0 0 0 0 0 0 0 0 12 0 0 0 0 1 0 0 0 0 0 0 0 0 0 0 8 0 9 19 9 0 0 1 5 33 0 0 1 30 13 0 0 0 47 18 14 1 0 0 9 28 7 8 0 22 43 0 9 6 0 11 19 10 0 0 0 0 0 0 0 0 0 0 0 0 0 0 0 0 0 0 0 0 0 0 0 0 0 13 0 0 0 0 0 0 0 0 0 0 1 0 0 0 0 0 0 0 0 0 80 0 0 0 0 0 9 0 5 0 2 0 0 0 2 0 0 0 0 0 0 0 0 0 0 0 0 0 0 34 14 0 0 14 0 0 0 0 20 0 0 0 0 0 
 0 74 1 24 1 1 0 2 50 0 0 1 0 0 0 20 37 3 4 0 162 114 306 113 91 69 137 69 75 163 103 40 82 338 211 85 81 111 285 0 2 2 0 2 3 0 0 0 0 0 3 3 3 0 0 0 0 0 3 3 3 9 0 30 0 0 0 0 0 5 0 3 0 0 0 0 0 0 1 0 0 0 0 0 12 11 13 0 4 9 0 8 0 0 0 18 10 10 0 0 19 16 1 33 0 0 26 42 46 8 26 18 0 42 17 32 18 13 10 12 0 0 0 0 0 0 0 0 0 0 0 0 0 0 0 0 0 0 0 0 0 0 0 0 0 0 2 0 0 0 0 0 0 0 0 0 0 0 0 0 0 0 0 0 1 0 6 0 1 1 0 19 6 0 0 32 9 0 0 0 36 13 33 42 1 11 0 19 0 9 22 36 19 7 30 19 0 0 7 26 0 0 0 0 0 0 0 0 0 0 0 0 0 0 0 0 0 0 0 0 1 0 0 0 0 13 1 0 0 0 0 0 0 2 0 0 0 0 0 0 0 0 0 0 0 0 3 0 0 0 0 0 0 0 11 2 0 3 0 1 17 2 0 2 0 0 0 0 0 0 0 0 0 0 0 13 0 0 0 0 0 12 0 0 0 0 0 0 0 0 
 0 0 0 0 0 0 0 0 0 0 0 0 0 0 0 0 0 0 0 2 2 7 2 8 65 2 2 2 2 2 2 4 2 2 31 2 2 2 2 2 0 314 99 174 327 26 137 146 111 35 28 52 55 166 198 102 97 80 127 53 0 0 0 1 0 0 0 0 0 0 0 5 4 2 4 49 6 0 0 4 0 0 0 0 0 0 0 0 6 0 0 0 0 0 6 11 0 0 0 0 0 0 0 0 0 9 0 0 0 0 0 0 0 0 0 0 0 0 0 0 0 28 0 23 2 13 2 0 9 33 11 6 10 12 5 6 14 18 20 18 0 0 0 0 49 0 0 1 0 0 0 0 0 1 0 0 1 0 0 0 0 0 0 0 0 0 0 0 0 0 0 0 0 0 0 0 1 4 5 2 0 0 0 0 0 20 0 0 0 0 0 0 0 0 0 0 0 0 0 0 33 13 46 1 7 4 4 32 0 11 0 0 26 59 10 18 54 37 23 23 0 0 0 0 0 0 0 0 19 0 14 0 0 0 0 0 0 0 0 0 0 0 0 0 0 0 0 0 0 0 0 12 0 0 0 0 0 0 0 0 0 0 2 0 5 12 2 0 0 0 0 0 0 0 0 0 0 0 0 0 0 0 0 0 0 0 0 0 0 6 
 1 0 0 0 0 3 0 2 1 3 3 0 0 0 0 9 0 0 1 14 2 2 2 2 65 3 2 2 2 2 2 5 2 2 2 2 2 3 9 2 314 0 331 149 570 128 173 109 141 198 262 370 101 76 40 78 66 51 55 36 0 0 0 0 0 0 0 0 0 0 1 0 0 0 0 0 0 0 0 0 1 0 0 7 8 0 0 0 0 0 3 0 0 0 1 5 0 4 0 0 0 0 0 0 0 0 0 0 0 0 0 0 0 0 0 0 2 0 0 0 11 17 0 16 5 14 0 10 1 11 24 0 11 10 2 34 12 0 4 7 0 0 0 3 0 0 0 0 0 0 0 0 13 1 0 0 1 0 10 14 0 0 9 10 3 0 9 0 1 0 0 1 0 0 4 3 0 0 0 0 0 2 0 5 0 0 5 15 3 0 0 0 0 0 0 0 0 0 0 0 9 17 10 11 8 0 0 8 12 34 0 11 0 10 0 17 31 30 0 0 6 0 0 0 0 0 1 0 0 0 0 0 2 7 0 0 0 0 20 0 0 0 0 0 0 0 6 0 0 26 0 4 0 2 0 0 0 0 0 10 0 0 79 0 2 3 2 0 0 0 1 0 0 0 0 0 0 0 0 0 0 0 0 0 0 15 0 0 2 0 
 0 0 0 0 0 0 0 0 0 0 0 0 0 0 0 0 0 62 3 0 0 0 0 0 0 2 0 0 0 0 2 3 0 0 0 0 0 0 0 0 99 331 0 114 568 338 46 104 158 141 131 40 277 128 28 207 54 121 130 262 1 0 2 7 0 0 0 0 1 0 0 0 0 0 0 0 0 31 0 1 0 0 0 0 0 0 0 0 0 0 0 0 0 0 0 0 0 0 0 0 0 0 0 0 0 0 0 0 0 0 0 0 0 0 0 0 0 0 0 0 0 0 11 0 11 0 0 0 4 0 0 15 0 0 0 0 11 20 21 8 0 0 0 1 6 11 0 5 0 0 0 0 1 1 0 12 1 10 8 2 0 0 0 0 0 0 0 0 0 0 0 0 0 27 0 0 6 0 3 8 0 0 0 0 0 19 0 0 0 0 0 0 0 0 0 0 0 0 0 0 18 0 13 58 0 18 5 1 32 8 0 21 1 49 0 81 0 34 0 0 14 0 0 0 6 0 0 8 0 0 0 0 13 25 6 0 10 0 9 3 0 0 14 0 0 0 0 0 0 0 0 8 0 0 0 0 0 1 0 1 0 22 0 4 0 5 2 1 0 0 6 0 0 0 0 6 0 0 0 0 0 0 0 0 0 5 0 7 0 0 
 11 3 3 3 3 6 3 4 3 3 3 3 3 3 3 3 3 3 3 3 0 2 0 2 0 0 0 0 0 0 12 3 0 0 2 0 0 0 0 2 174 149 114 0 239 160 415 90 144 287 54 184 130 75 71 280 261 143 85 55 1 0 0 1 1 0 0 0 0 2 0 0 0 0 0 0 0 0 51 0 0 0 0 0 0 0 0 0 0 0 0 0 0 0 0 0 0 0 0 0 0 0 0 0 0 0 0 0 0 0 0 0 0 0 0 0 0 0 0 0 14 1 0 11 4 18 0 12 0 1 9 47 9 10 0 21 13 10 0 17 0 0 0 1 0 0 0 0 0 7 0 0 11 45 0 0 0 0 7 12 0 0 0 0 0 0 0 0 0 0 0 0 0 0 2 0 0 0 0 0 0 0 0 0 0 0 0 0 0 0 0 0 0 0 0 0 0 0 0 0 10 13 1 19 30 0 0 6 29 55 1 23 0 8 20 7 1 6 0 1 0 0 0 0 0 0 13 3 0 0 0 0 1 0 0 0 0 0 57 2 1 0 0 0 0 0 0 0 0 0 0 9 0 0 0 0 0 0 0 21 0 0 0 0 0 0 2 0 4 0 0 0 0 0 0 0 0 0 0 0 0 0 0 0 8 11 0 0 0 0 
 0 0 0 0 0 1 0 0 0 6 7 0 0 0 0 0 0 5 0 0 3 4 3 3 3 3 3 8 3 3 6 3 3 3 3 3 3 5 3 3 327 570 568 239 0 93 103 493 117 220 152 177 566 151 201 111 69 115 261 76 51 24 24 2 5 13 0 0 0 0 0 0 50 0 0 0 0 0 2 27 0 0 0 0 0 0 0 0 0 0 0 0 0 0 0 0 0 0 0 0 0 0 0 17 0 0 0 0 0 0 0 15 0 0 0 0 0 0 0 0 0 20 0 9 34 2 1 10 0 16 11 0 16 8 0 29 9 0 0 0 0 4 0 0 0 0 1 0 0 0 0 0 15 1 3 0 0 0 18 12 0 0 0 0 0 0 0 0 0 0 0 0 0 0 6 0 0 4 0 0 0 0 0 0 0 0 0 0 0 0 0 0 0 0 0 0 0 0 0 0 20 25 11 14 24 45 0 0 9 57 0 11 0 0 0 41 18 10 0 0 0 0 0 9 0 0 0 10 13 0 0 11 16 11 0 0 0 9 25 0 13 0 2 0 0 0 0 0 0 0 0 2 0 0 0 0 0 0 0 1 0 0 5 0 6 8 3 0 0 0 0 0 0 0 0 0 0 0 0 0 0 0 0 0 0 10 0 0 0 2 
 0 0 0 0 0 0 0 0 0 5 0 0 0 0 1 0 0 5 0 0 0 0 0 0 0 0 0 0 0 0 0 0 0 0 0 0 0 0 0 0 26 128 338 160 93 0 44 235 63 180 65 238 41 322 320 95 108 47 42 48 0 0 0 26 4 0 4 0 0 0 0 2 52 0 52 0 1 1 2 2 0 0 0 0 0 0 0 0 0 0 0 0 0 0 0 0 0 19 0 0 0 0 0 0 0 0 0 0 0 0 0 0 0 0 0 0 0 0 0 0 0 0 0 0 30 0 0 17 0 10 45 0 0 1 14 0 13 23 0 0 21 7 0 0 0 0 1 0 0 0 7 0 30 24 0 0 1 0 33 10 0 0 0 0 0 0 0 0 0 0 0 0 0 0 0 0 0 0 0 0 0 0 0 0 0 0 0 0 0 0 0 0 0 0 0 0 0 0 0 0 7 24 0 31 24 0 0 0 25 26 13 21 0 0 1 23 4 12 0 0 0 3 0 2 5 0 15 20 1 0 0 0 34 1 0 0 0 0 17 19 0 0 2 0 0 0 0 0 0 0 0 4 0 0 0 1 0 0 1 0 0 0 65 74 0 0 0 1 0 0 7 0 0 0 0 0 0 0 0 0 0 0 0 0 9 18 0 0 0 0 
 2 2 2 2 2 5 2 2 2 2 2 2 2 2 2 2 2 3 2 5 2 211 0 41 62 0 0 0 64 2 0 30 0 0 2 1 0 85 0 0 137 173 46 415 103 44 0 261 50 37 27 109 251 157 29 27 39 61 221 168 0 0 0 0 5 0 0 0 0 2 1 0 0 0 0 0 0 0 0 0 0 0 9 0 0 0 0 0 0 0 0 0 0 0 0 0 0 0 0 0 0 0 0 0 3 14 0 0 0 0 0 0 0 0 0 0 0 0 0 0 40 1 0 13 11 28 4 0 0 0 0 0 25 27 21 8 10 9 0 10 0 0 0 0 0 0 0 0 0 0 0 0 11 0 0 0 0 0 11 11 0 0 0 0 0 0 0 0 0 0 0 0 0 0 5 0 0 1 31 0 0 1 0 0 14 0 0 0 0 15 0 8 0 0 0 0 0 0 0 0 23 14 0 9 12 0 23 13 7 17 6 8 15 15 0 0 1 37 8 9 0 0 0 0 0 0 0 0 0 0 0 0 0 0 0 0 0 0 35 0 0 0 0 0 0 0 0 0 0 0 0 2 0 0 2 0 0 62 0 9 0 0 0 0 0 1 1 0 2 0 0 0 0 0 0 0 0 0 0 0 0 0 0 0 0 36 0 0 0 0 
 0 0 0 2 0 0 3 33 0 0 0 0 0 0 66 0 0 8 0 0 3 0 4 65 84 5 0 0 2 2 4 65 0 0 0 0 2 63 0 0 146 109 104 90 493 235 261 0 114 83 41 33 259 461 179 324 49 28 141 120 0 0 0 0 0 0 0 0 0 0 0 18 0 0 0 0 5 0 0 0 0 0 0 47 0 0 0 0 0 0 0 0 0 50 0 0 0 0 0 0 2 0 0 0 15 38 0 0 2 0 0 7 0 0 1 0 0 0 0 0 1 52 19 32 0 0 11 0 2 9 15 0 26 44 12 18 0 14 5 37 26 0 0 0 0 0 0 0 0 0 0 0 0 0 0 0 0 0 0 0 0 0 0 0 0 0 0 0 0 0 0 0 0 0 3 0 0 0 0 0 1 0 2 2 2 29 0 2 0 12 1 0 0 0 0 3 4 2 0 0 14 15 32 9 0 0 20 26 20 12 1 9 28 24 20 0 18 0 0 14 0 0 0 0 0 0 0 0 0 0 0 0 0 0 0 0 0 0 12 0 0 0 0 0 0 0 0 0 0 0 0 13 0 1 0 10 0 1 1 10 0 0 0 0 2 1 0 0 2 0 0 0 0 0 0 0 0 0 0 0 0 0 0 0 0 19 0 0 1 0 
 0 0 0 0 0 0 0 0 0 3 0 0 0 0 2 0 75 1 1 0 0 0 0 0 0 0 0 0 0 0 0 3 0 0 0 1 0 0 0 0 111 141 158 144 117 63 50 114 0 249 187 119 158 321 178 106 94 160 57 78 0 0 0 0 0 0 0 0 0 0 1 0 0 0 0 0 0 0 0 0 0 0 0 0 0 0 0 0 0 4 0 0 0 0 0 0 0 0 0 0 0 0 0 0 0 0 0 0 0 0 0 0 0 0 0 0 0 0 0 0 8 24 0 56 9 33 21 14 3 26 26 3 16 8 0 3 0 0 1 0 0 0 0 4 0 0 17 0 0 0 0 0 6 0 0 13 0 9 7 0 0 0 24 0 0 0 0 0 0 0 0 0 0 0 7 0 0 7 0 14 0 0 0 0 0 0 0 0 0 0 0 0 0 0 0 0 0 0 0 0 16 35 19 63 25 24 0 0 1 17 0 23 1 0 1 38 28 32 0 0 13 0 0 0 0 0 7 0 0 0 0 0 9 23 0 0 0 0 22 1 0 0 7 0 0 0 0 0 0 0 0 6 0 0 0 0 0 0 0 1 0 0 65 0 1 6 2 1 2 0 0 0 0 0 0 0 0 0 0 0 0 0 3 0 0 5 0 0 0 0 
 3 0 0 0 0 0 0 0 0 6 0 0 0 0 68 0 0 4 2 0 0 2 0 0 1 0 0 0 2 1 1 0 0 0 3 0 0 0 0 0 35 198 141 287 220 180 37 83 249 0 135 119 117 149 162 108 77 182 70 94 0 15 0 0 3 2 0 9 0 0 17 3 2 0 11 4 5 3 0 0 0 0 0 0 0 0 0 0 0 0 0 0 0 0 0 0 0 8 0 0 0 0 0 0 1 0 0 0 0 0 0 0 0 0 5 0 0 0 0 0 0 9 0 9 54 1 0 2 0 0 15 0 14 16 0 16 23 18 1 8 2 3 0 0 4 0 0 1 0 4 22 0 11 17 7 0 5 10 28 12 0 0 0 0 0 0 0 0 0 0 0 0 0 0 4 0 0 0 0 0 10 0 0 0 0 1 0 0 0 0 0 2 0 0 0 0 0 0 0 0 6 34 11 43 21 0 0 24 36 32 10 19 0 14 5 36 1 26 0 0 0 5 0 4 0 0 0 5 11 1 0 10 12 0 0 6 0 0 45 0 0 0 2 0 0 0 1 0 0 0 0 2 0 0 0 0 0 0 0 22 0 0 1 1 1 2 8 0 0 0 0 0 0 0 0 0 0 0 0 0 0 0 0 0 12 64 0 0 0 0 
 2 0 0 0 0 0 0 0 0 3 0 0 0 0 0 0 0 0 0 0 2 2 2 2 69 2 3 3 2 3 2 2 2 2 4 2 2 2 2 3 28 262 131 54 152 65 27 41 187 135 0 323 36 96 92 215 104 216 48 70 3 0 4 9 0 8 3 20 5 0 0 0 7 0 0 0 0 1 53 0 18 0 0 0 0 0 0 0 0 0 0 0 0 0 0 0 0 0 0 0 0 0 0 0 0 0 0 0 0 0 0 0 0 19 0 0 0 20 0 0 0 3 0 4 14 20 0 0 0 13 0 38 0 0 0 0 0 0 0 0 0 0 0 9 0 55 10 4 0 9 0 0 6 3 0 4 0 10 9 0 0 0 0 0 0 0 0 0 0 6 11 0 0 0 0 0 1 3 5 2 0 0 0 0 0 0 0 0 0 0 0 0 0 0 0 0 0 0 0 0 14 0 14 52 13 10 0 0 0 0 0 33 0 0 0 10 4 25 0 0 0 0 1 0 0 0 14 11 1 0 18 0 14 30 0 0 7 1 13 12 1 0 17 0 0 0 0 0 2 0 0 7 0 0 0 0 0 0 0 9 2 0 1 0 0 17 0 2 0 5 0 0 0 0 2 5 0 0 0 0 0 0 0 0 10 0 0 8 0 0 
 0 0 0 0 0 3 0 0 0 3 0 0 0 0 0 0 1 0 0 0 3 5 3 3 3 3 3 3 4 4 4 3 4 3 4 3 3 3 8 3 52 370 40 184 177 238 109 33 119 119 323 0 230 72 28 70 57 394 26 246 0 0 0 2 0 1 1 0 0 36 0 2 6 0 0 0 0 0 77 59 0 0 0 0 0 0 0 0 0 0 0 0 0 22 0 0 0 0 0 0 0 0 0 0 0 0 0 0 0 0 0 0 0 0 0 0 0 0 0 0 27 7 0 0 66 13 0 3 0 0 17 41 0 0 0 17 4 23 0 0 3 18 0 13 0 0 6 0 0 14 0 0 31 41 17 0 0 0 41 6 0 0 20 0 0 0 0 0 0 0 0 3 0 0 0 0 0 0 0 0 0 0 0 0 0 0 0 0 0 0 0 0 0 0 0 0 0 0 0 0 2 19 0 20 17 30 0 0 3 36 3 24 0 0 0 25 0 34 0 0 0 9 0 16 0 0 31 25 10 0 0 34 19 8 0 0 0 0 18 13 0 0 0 0 0 0 0 0 0 0 0 7 0 0 0 0 0 0 0 2 0 19 0 1 6 3 1 0 0 0 0 0 0 0 0 0 0 0 0 0 0 0 9 0 9 4 0 0 0 0 
 0 0 0 0 0 0 1 0 0 0 0 0 3 0 3 0 0 0 0 0 3 23 85 3 69 130 3 3 127 7 4 73 3 3 67 66 4 3 4 3 55 101 277 130 566 41 251 259 158 117 36 230 0 209 69 272 130 30 178 247 0 0 0 0 0 0 2 0 0 0 0 0 0 28 0 0 8 0 3 0 0 0 0 0 0 0 0 0 0 0 0 0 0 0 0 0 0 0 0 0 0 0 0 17 12 10 0 0 0 1 12 18 15 0 16 9 6 0 0 0 9 0 7 16 0 6 16 0 0 7 0 1 26 17 12 1 20 0 8 1 1 0 6 0 0 4 0 0 0 0 0 0 0 0 0 3 2 7 0 2 0 0 0 0 0 0 0 0 0 0 0 0 0 0 4 0 0 6 1 0 0 10 0 14 0 0 0 0 0 12 1 7 0 0 0 6 11 0 0 0 22 12 0 5 2 0 15 24 8 30 0 0 0 33 0 0 1 0 12 11 9 0 2 0 0 0 0 0 0 0 0 0 2 3 5 0 25 0 26 0 0 0 0 0 0 0 0 0 0 0 0 6 0 0 0 0 0 61 0 0 0 10 5 0 2 12 2 0 0 0 0 0 0 0 0 0 0 0 0 0 0 0 0 0 0 0 16 0 0 0 
 0 0 0 1 0 0 0 0 0 0 0 0 0 0 2 0 3 0 0 0 0 0 0 0 62 0 0 0 0 0 0 3 0 0 0 62 0 0 0 0 166 76 128 75 151 322 157 461 321 149 96 72 209 0 436 56 111 98 125 176 0 0 0 0 0 0 51 0 0 0 0 0 4 0 51 1 0 0 0 10 0 0 0 0 0 0 0 0 0 0 0 0 0 0 0 0 0 0 0 0 0 0 0 0 14 19 0 0 0 0 0 0 0 0 0 0 0 0 0 0 11 16 20 28 21 22 19 0 10 16 0 4 39 16 13 38 42 34 10 14 0 0 0 0 0 0 6 0 0 0 0 0 6 4 0 0 0 0 6 11 0 0 0 0 0 0 0 0 0 0 0 0 0 0 18 0 0 5 0 0 0 0 0 0 0 0 0 0 0 0 0 0 0 0 18 0 0 0 0 0 37 15 0 9 27 32 26 15 22 10 9 8 6 24 0 9 6 7 0 1 0 0 0 0 0 0 4 0 0 0 0 0 1 0 3 0 0 0 60 6 0 0 0 0 0 0 0 0 0 0 0 1 0 0 0 0 0 0 1 0 0 0 1 0 1 5 0 0 0 0 0 0 0 0 0 0 0 0 0 0 0 0 12 0 0 11 0 0 0 0 
 0 0 1 0 0 1 0 0 0 0 0 73 0 61 60 0 2 0 0 2 0 3 0 0 134 9 0 0 0 0 5 3 0 0 3 0 0 0 0 0 198 40 28 71 201 320 29 179 178 162 92 28 69 436 0 150 235 54 86 167 0 0 0 2 0 0 0 0 0 0 0 4 2 0 53 0 5 0 0 0 0 0 19 0 0 0 0 0 0 0 0 0 0 0 0 0 0 0 0 0 1 0 0 0 13 39 0 0 0 0 0 1 0 0 0 0 0 0 0 0 0 34 19 19 27 7 9 1 1 16 22 7 18 28 28 7 16 0 0 41 0 0 0 0 0 1 0 0 0 0 0 0 0 0 0 0 12 0 0 0 0 0 0 0 0 0 0 0 9 0 0 0 0 0 0 0 0 7 6 2 0 0 0 2 1 5 0 2 0 9 0 0 0 0 0 12 4 2 0 0 21 18 14 9 28 9 18 35 12 2 14 0 19 21 30 0 44 15 0 9 1 0 0 0 0 0 0 0 0 0 0 0 14 0 0 0 0 0 13 0 0 0 0 0 0 0 0 0 0 0 0 2 0 0 0 0 0 0 0 0 0 0 3 0 2 16 4 0 0 0 17 0 0 0 0 0 0 0 0 0 0 0 0 0 10 1 0 0 0 0 
 3 0 0 0 0 0 0 0 0 0 0 0 0 0 0 0 0 0 2 0 0 3 0 0 0 0 0 0 0 64 0 0 0 0 0 0 0 0 3 0 102 78 207 280 111 95 27 324 106 108 215 70 272 56 150 0 88 394 69 65 1 11 11 0 0 11 0 20 31 0 0 0 3 0 0 0 0 0 10 30 0 0 0 0 0 0 5 0 0 0 0 0 0 0 0 8 0 0 0 0 0 0 15 0 0 0 0 0 0 1 0 0 0 0 0 0 0 0 0 0 0 22 0 1 70 6 0 22 0 14 1 16 0 1 2 2 0 14 0 0 0 0 0 0 0 12 14 9 0 0 0 0 0 3 0 14 0 14 9 0 0 0 0 0 0 0 0 0 0 0 0 0 0 0 1 0 5 0 5 5 0 0 0 0 3 0 0 0 0 0 0 0 0 0 0 0 0 0 0 0 0 0 12 15 18 20 0 0 0 3 0 33 0 0 0 12 9 28 0 0 0 0 0 0 0 0 5 8 0 0 0 0 10 58 6 0 15 0 19 2 0 0 12 0 0 0 0 0 0 0 0 4 0 2 0 0 0 0 0 1 0 0 0 1 1 2 2 1 0 0 0 0 0 0 0 0 0 0 0 0 0 0 4 0 0 0 0 7 1 0 
 3 0 0 0 0 1 0 0 0 6 0 57 0 0 0 0 0 0 1 0 0 0 0 0 0 63 0 1 0 0 0 3 0 0 0 0 0 0 0 0 97 66 54 261 69 108 39 49 94 77 104 57 130 111 235 88 0 112 79 51 0 0 0 0 5 0 0 0 0 0 0 3 0 0 0 17 9 0 0 0 0 0 0 0 0 0 0 0 0 0 0 0 0 0 0 0 0 0 0 0 0 0 0 0 16 30 0 0 0 0 0 0 0 0 0 0 0 0 0 0 13 0 35 22 1 5 16 9 6 24 21 0 0 0 11 7 20 9 12 7 0 0 0 0 0 0 0 0 0 0 0 0 0 0 0 0 0 0 0 0 0 0 0 0 0 0 0 0 0 0 0 0 0 0 0 0 0 0 0 0 0 0 0 0 0 0 0 0 0 0 0 0 0 0 0 0 0 0 0 0 0 20 0 0 9 0 2 29 13 0 24 27 27 14 6 0 20 24 13 7 0 0 0 0 0 0 0 0 0 0 0 0 21 1 0 0 0 0 7 0 0 0 0 0 0 0 0 0 0 0 0 3 2 0 0 0 0 0 0 11 0 0 70 0 0 0 0 0 0 0 12 0 0 0 0 0 0 0 0 0 0 0 0 0 0 12 0 0 0 0 
 3 3 3 3 3 3 3 4 3 6 3 3 3 3 9 3 3 5 3 3 1 0 0 0 2 0 0 0 1 3 0 40 0 0 3 0 0 0 1 0 80 51 121 143 115 47 61 28 160 182 216 394 30 98 54 394 112 0 105 33 51 0 0 1 0 0 0 53 0 0 0 5 0 0 0 0 6 0 56 54 0 0 0 0 0 0 0 0 0 0 0 0 0 0 0 0 0 0 0 0 0 1 0 0 0 0 0 0 0 0 16 0 0 0 0 0 0 0 0 0 0 11 29 7 8 12 13 0 6 6 11 34 0 0 0 0 0 11 0 0 0 0 7 0 0 9 0 39 0 33 0 0 3 0 0 0 1 19 6 0 0 0 0 0 0 0 0 0 0 0 0 0 0 0 0 0 0 1 2 15 2 0 0 0 11 0 0 0 34 0 0 0 0 0 0 0 0 0 0 0 11 7 9 0 23 29 0 51 0 0 7 15 0 0 0 29 20 26 0 0 1 0 46 0 0 0 17 6 0 0 0 2 9 13 1 0 12 0 0 14 1 0 0 0 0 0 0 0 0 0 0 17 0 0 0 0 0 0 0 11 0 0 0 2 1 11 1 1 0 2 0 0 0 0 0 0 0 0 0 0 0 0 0 0 0 12 0 8 0 4 
 0 0 0 0 0 0 0 0 71 0 0 0 0 0 0 0 0 0 0 0 3 3 3 3 5 3 3 3 3 78 58 85 3 3 3 14 74 25 3 3 127 55 130 85 261 42 221 141 57 70 48 26 178 125 86 69 79 105 0 180 0 0 0 0 0 0 6 0 0 0 0 18 0 2 0 0 6 0 0 50 0 0 0 0 0 0 0 0 0 0 0 0 0 0 0 0 0 0 0 0 0 0 0 0 9 3 0 0 0 10 3 0 0 0 0 0 0 10 0 0 8 0 3 10 1 1 23 0 44 4 14 0 0 3 12 0 2 26 37 2 0 0 0 0 0 0 0 9 0 0 0 0 0 0 0 0 0 0 0 0 0 0 0 0 0 0 0 0 0 0 0 0 0 6 0 0 0 0 0 0 0 0 0 0 14 11 0 0 6 0 9 1 0 0 0 0 0 20 0 0 20 9 20 0 0 3 19 21 12 0 7 0 37 5 31 80 32 20 8 10 0 0 0 0 0 0 0 0 0 0 0 0 0 0 0 0 0 0 1 0 0 0 13 0 0 0 0 0 0 0 0 4 0 0 0 0 0 0 0 0 0 0 0 0 0 2 0 0 36 0 0 0 0 0 0 0 0 0 0 0 0 0 0 0 0 14 0 0 0 0 
 0 0 53 0 0 0 0 0 0 0 2 0 0 0 0 0 0 2 0 0 1 20 64 69 62 128 3 3 117 3 25 119 2 2 63 94 25 65 5 3 53 36 262 55 76 48 168 120 78 94 70 246 247 176 167 65 51 33 180 0 0 0 0 0 0 0 0 0 0 0 0 0 0 6 0 0 0 0 0 0 0 0 0 0 0 0 0 0 0 14 0 0 0 33 0 0 0 0 0 0 0 2 9 14 21 10 0 0 0 0 11 10 0 0 0 8 12 13 0 0 15 0 10 12 0 0 63 0 15 0 0 0 30 10 29 1 4 0 7 1 0 0 0 0 0 2 0 0 0 0 0 0 0 0 0 0 0 0 0 0 0 0 0 0 0 0 0 0 0 0 0 0 0 10 0 0 9 0 0 0 0 6 0 0 43 16 0 0 0 22 34 25 0 0 0 9 0 4 0 0 20 0 0 0 0 0 22 0 63 0 8 0 15 15 1 0 0 0 10 34 0 0 0 0 0 0 0 0 0 0 0 0 0 0 0 0 0 0 0 0 0 0 5 0 0 0 0 0 0 0 0 9 0 2 0 0 0 20 5 0 0 0 1 0 0 0 2 0 0 0 0 0 0 0 0 0 0 0 0 0 0 0 0 0 0 10 10 0 2 0 
 0 0 0 0 5 0 0 0 0 0 0 0 0 0 7 0 0 0 0 0 3 3 3 3 3 3 3 3 3 3 3 3 3 3 3 6 3 3 6 3 0 0 1 1 51 0 0 0 0 0 3 0 0 0 0 1 0 51 0 0 0 249 152 80 59 94 139 170 74 296 45 288 61 311 124 298 50 44 36 203 0 0 0 0 0 0 0 0 0 0 0 0 0 0 0 0 0 0 0 0 0 0 0 0 0 0 0 5 0 0 0 0 0 0 0 0 0 0 0 0 0 0 0 0 0 0 0 0 0 0 0 7 0 0 0 0 0 10 0 0 8 9 10 0 21 4 0 15 7 65 20 6 0 4 11 0 68 30 0 0 0 0 0 0 0 0 0 2 0 0 0 4 0 0 19 0 0 0 0 0 0 0 0 0 0 0 0 0 0 0 0 0 0 0 0 0 0 0 0 0 0 0 0 8 8 8 0 0 0 0 0 0 0 0 0 0 0 0 0 0 0 0 14 24 0 22 9 32 70 26 2 26 8 10 25 34 23 77 8 19 3 0 0 0 0 0 0 0 0 2 0 0 0 0 5 0 0 0 0 0 0 0 0 0 0 0 6 0 0 0 2 0 0 8 2 0 0 0 0 0 0 0 0 0 1 0 0 8 8 0 
