 0 64 127 374 115 51 237 41 38 78 42 26 160 209 32 204 217 127 125 91 0 2 3 3 1 2 20 0 0 2 0 0 1 0 0 0 3 0 5 0 0 0 60 0 35 0 0 0 2 2 0 2 0 0 0 0 0 3 0 0 0 0 0 0 0 0 0 1 0 3 0 2 0 0 2 0 0 31 0 3 30 1 2 39 0 0 24 26 22 0 13 0 13 7 25 20 22 0 11 70 0 0 0 0 0 2 0 0 0 12 0 0 0 0 0 0 0 0 0 0 0 0 0 0 0 0 0 0 0 0 0 0 0 1 0 0 29 0 0 0 0 0 1 5 0 3 0 0 0 0 0 0 0 1 0 2 0 0 0 0 10 11 0 1 28 0 0 46 32 29 2 29 41 28 11 7 16 25 0 10 0 0 2 0 0 0 1 0 0 0 0 0 0 1 0 0 0 0 0 0 0 0 0 0 0 0 0 0 0 0 0 0 0 0 0 0 0 0 0 0 0 0 0 0 0 0 0 0 0 0 0 0 0 0 0 0 0 0 0 0 0 0 0 0 0 0 155 0 4 0 0 23 0 0 1 0 0 0 0 0 0 0 11 0 0 0 0 0 0 0 0 0 0 0 0 0 0 0 0 0 0 0 0 0 0 0 0 0 0 0 
 64 0 279 184 327 198 74 280 39 44 63 89 166 66 167 130 212 29 41 97 3 2 3 2 2 3 2 1 0 5 1 0 109 0 0 0 6 0 67 28 0 3 2 0 0 0 0 0 2 3 0 5 0 0 0 0 3 2 0 0 3 0 0 0 0 5 0 3 2 2 4 3 5 3 4 0 0 37 1 1 0 28 15 8 5 12 25 11 47 0 20 31 22 10 11 20 14 1 26 10 0 0 0 0 0 0 0 1 0 0 0 0 3 0 0 0 1 0 34 0 0 0 0 0 0 0 0 0 0 0 0 0 0 0 0 0 0 0 0 0 0 0 0 0 21 0 0 0 0 0 0 0 0 0 5 0 0 2 0 0 0 26 25 4 0 17 0 15 30 8 0 32 13 8 0 15 26 26 0 0 2 0 0 12 0 0 1 17 0 0 0 0 20 0 0 0 0 0 18 25 0 0 0 10 0 0 0 0 0 0 0 0 0 0 0 0 0 0 0 0 0 0 0 0 0 0 0 0 0 0 0 0 0 0 0 0 0 0 0 0 0 0 0 0 0 3 93 0 2 50 11 1 0 0 0 0 0 0 0 0 0 0 10 0 0 0 0 0 0 0 0 0 0 0 0 0 15 0 0 0 0 0 0 0 0 0 0 0 0 0 
 127 279 0 242 61 53 99 287 55 251 134 118 70 61 404 154 205 46 30 87 0 2 3 7 0 0 0 2 0 1 1 1 76 1 1 0 64 1 101 76 0 0 2 0 0 56 0 0 2 2 2 2 30 0 0 0 0 3 0 0 11 0 0 0 0 0 0 3 0 2 0 3 0 0 3 0 0 52 1 2 12 29 17 39 27 5 32 22 82 23 11 14 14 24 16 21 17 0 0 49 16 0 0 0 0 0 28 0 1 21 0 0 9 0 0 42 0 0 10 0 0 0 0 0 0 0 0 0 0 0 0 0 0 0 0 0 11 0 0 0 0 0 0 8 0 0 0 0 0 0 0 0 0 0 0 0 0 0 18 0 1 24 14 9 26 0 0 62 16 15 0 38 16 10 0 24 48 7 0 0 1 0 0 0 0 0 22 21 0 0 3 0 0 0 9 0 0 0 12 7 0 0 0 0 0 0 0 0 0 0 0 0 0 0 0 0 0 0 0 0 0 0 0 0 0 0 0 0 0 0 0 0 0 0 0 0 0 0 0 0 0 0 0 0 0 0 89 0 1 90 27 4 0 0 0 0 0 0 0 0 0 0 19 0 0 0 0 0 0 0 0 0 0 0 0 0 0 0 0 0 0 0 0 0 0 0 0 0 0 0 
 374 184 242 0 64 33 190 238 191 485 46 89 130 82 286 48 88 112 74 252 0 4 7 0 0 3 0 1 75 1 2 0 2 32 24 0 4 2 77 3 0 2 2 2 0 3 0 0 2 2 0 3 2 2 0 0 1 3 0 0 0 0 0 0 0 10 0 4 4 3 6 2 45 0 2 0 0 3 0 3 1 16 0 48 13 0 32 7 39 20 34 35 0 4 41 18 9 0 2 2 15 13 15 0 0 0 17 15 0 0 0 0 0 0 0 0 0 0 13 9 0 2 0 0 0 0 0 0 0 0 0 0 0 0 1 0 2 0 0 0 0 0 2 0 0 0 0 0 0 0 0 0 2 0 0 0 0 0 0 0 15 35 44 20 15 25 2 38 12 42 0 0 4 1 0 1 20 15 0 5 0 0 0 0 0 0 34 0 0 0 0 0 0 0 2 0 0 0 19 0 0 0 0 2 0 0 0 0 0 0 0 0 0 0 0 0 0 0 0 0 0 0 0 0 0 0 0 0 0 0 0 0 0 0 0 0 0 0 0 0 0 0 0 0 0 0 0 0 0 0 1 7 0 0 0 0 0 0 0 0 0 0 0 0 0 0 0 0 0 0 0 0 0 0 0 12 0 14 0 0 0 0 0 0 0 0 0 0 0 0 
 115 327 61 64 0 236 158 59 74 206 63 147 364 314 78 101 57 123 276 171 35 23 3 0 0 0 73 0 0 2 0 24 225 37 0 0 3 74 84 160 0 0 2 0 0 4 0 0 2 2 0 2 0 0 0 0 0 4 0 0 38 1 0 0 0 0 0 3 0 2 0 3 0 0 3 0 0 0 1 2 1 24 0 0 0 12 12 0 0 1 0 0 0 0 10 0 0 1 10 21 7 0 0 0 0 0 0 0 1 1 20 0 20 13 0 23 0 0 18 7 0 0 0 9 0 0 0 0 0 0 0 0 0 0 0 0 0 0 0 0 0 0 0 4 0 0 0 0 0 0 0 0 0 0 0 0 0 0 0 0 10 0 0 0 8 20 0 0 0 44 0 0 13 0 11 0 0 12 0 0 14 9 16 14 0 10 11 51 0 0 1 0 18 52 22 16 25 0 19 22 0 0 0 0 0 0 0 0 0 0 0 0 0 0 0 0 0 0 0 0 0 0 0 0 0 0 0 0 0 0 0 13 0 0 0 0 0 0 0 0 0 0 0 0 0 0 1 0 92 91 3 13 5 0 0 0 0 0 0 0 0 0 0 0 0 0 0 0 0 0 0 0 0 0 0 0 10 0 0 0 0 0 0 0 0 0 0 0 0 0 
 51 198 53 33 236 0 302 37 58 135 150 237 26 47 53 81 69 52 561 50 73 128 178 1 0 0 154 73 0 0 0 2 105 5 1 0 4 25 241 180 6 0 2 0 0 0 0 0 2 2 0 2 0 0 0 0 0 4 6 0 55 3 0 0 4 1 0 3 0 3 0 2 0 0 2 0 0 0 0 3 0 18 5 0 55 4 0 1 20 0 1 17 0 0 0 17 0 0 0 0 15 29 15 0 7 2 12 0 13 0 17 0 44 46 28 6 0 0 0 0 0 2 0 0 0 0 0 0 0 0 0 0 0 0 1 0 0 0 0 0 0 0 0 0 0 1 0 4 0 0 0 0 0 0 0 0 0 0 0 0 0 0 3 0 49 16 0 1 10 0 20 19 1 0 0 13 0 10 0 0 1 0 27 0 0 14 86 48 0 0 0 2 22 1 1 18 24 5 13 15 0 0 0 0 0 0 0 0 0 9 0 0 0 0 0 0 0 19 0 0 0 0 0 0 7 0 0 0 0 0 0 0 0 0 0 0 10 0 0 0 0 0 0 0 0 3 91 0 3 104 13 26 0 0 0 0 0 80 0 0 0 0 0 51 0 0 0 0 0 0 0 0 0 0 0 0 14 0 0 0 0 15 0 0 0 0 0 0 0 0 
 237 74 99 190 158 302 0 113 239 38 108 26 101 338 116 127 114 125 233 256 0 4 5 2 0 0 0 0 0 1 2 6 0 0 0 0 3 0 104 0 0 29 2 0 0 0 0 0 2 2 0 10 0 0 0 0 3 3 0 0 0 0 0 0 0 0 0 1 0 5 4 2 0 0 2 0 0 0 0 3 30 0 10 44 0 0 12 38 0 19 1 13 10 2 19 1 2 25 3 41 0 0 0 0 0 0 0 0 0 2 2 0 0 0 0 11 0 0 0 7 0 0 0 0 0 0 0 0 0 0 0 0 2 8 0 0 40 0 0 0 0 0 0 10 0 0 0 0 0 0 0 0 0 0 0 0 0 0 0 0 16 1 0 17 0 0 15 0 0 5 0 0 22 14 19 0 27 0 11 19 0 0 0 0 0 0 0 2 0 0 12 0 0 0 0 0 0 0 0 0 0 0 0 0 0 0 0 10 17 0 0 0 0 0 0 0 0 0 0 0 1 0 0 0 0 0 0 0 0 0 0 0 0 0 0 0 0 0 0 0 0 0 0 0 0 0 1 0 2 2 2 22 0 0 0 0 0 0 0 1 0 0 0 0 0 0 0 0 0 0 0 0 0 0 0 0 0 0 0 0 13 0 0 0 0 0 0 0 0 0 
 41 280 287 238 59 37 113 0 105 118 214 32 464 165 35 166 186 140 177 49 0 4 4 0 0 0 1 0 0 2 0 0 0 2 0 0 78 1 3 0 0 0 2 0 0 0 0 0 2 2 0 3 0 0 0 0 0 4 0 0 3 0 52 0 0 11 0 3 0 2 0 3 0 0 3 0 0 0 1 2 23 0 10 2 13 0 19 2 0 11 18 1 1 26 32 51 12 23 0 9 20 0 0 0 0 0 0 0 0 0 0 0 0 0 0 0 0 0 0 11 0 1 0 0 0 0 0 0 0 0 0 0 0 0 2 0 0 0 0 0 0 0 0 0 0 3 0 0 0 0 0 0 0 4 0 0 0 0 0 0 0 11 34 0 0 0 0 0 25 15 34 0 15 23 18 28 0 49 11 28 0 0 0 0 0 0 0 0 0 0 10 0 0 2 0 0 0 0 10 15 0 0 0 0 0 0 0 0 0 0 0 0 0 0 0 0 0 0 0 0 0 0 0 0 0 0 0 0 0 0 0 0 0 0 0 0 0 0 0 0 0 11 0 0 0 0 0 0 1 0 0 4 0 0 0 0 0 0 0 0 0 0 0 0 0 0 0 0 0 0 0 0 0 0 0 0 0 0 0 0 0 0 0 0 0 0 0 0 0 0 
 38 39 55 191 74 58 239 105 0 87 164 113 288 236 89 65 171 257 299 60 5 5 3 1 0 0 4 0 0 4 0 3 73 0 0 0 3 5 3 0 0 0 2 0 0 0 26 0 2 5 43 2 0 0 1 3 60 3 3 0 3 2 0 4 0 6 0 5 0 3 3 2 0 2 2 0 0 2 0 3 0 1 6 18 25 10 13 17 0 11 46 15 0 26 3 9 6 39 0 1 13 0 1 0 0 0 22 0 0 0 0 0 0 0 0 2 12 0 19 8 0 0 0 0 0 0 0 0 0 0 0 0 0 0 0 6 0 0 0 0 0 0 0 0 0 0 0 1 0 0 0 0 0 0 6 4 0 24 22 24 10 13 22 28 0 0 7 2 29 10 35 0 10 0 1 15 4 19 0 14 0 0 0 0 0 0 26 0 0 0 0 0 18 0 0 0 0 0 22 17 0 0 0 0 0 0 0 0 0 0 0 0 0 0 2 0 0 0 0 0 0 1 0 0 0 0 1 0 0 0 0 0 0 0 0 19 0 0 0 0 0 10 0 0 0 0 1 2 0 1 0 7 0 0 0 0 0 0 0 0 0 0 0 0 0 0 0 0 0 0 0 0 0 0 0 0 7 0 0 0 0 0 0 0 0 0 0 0 0 0 
 78 44 251 485 206 135 38 118 87 0 272 110 56 102 520 221 293 197 73 109 0 60 3 209 3 2 0 0 0 77 3 0 26 0 1 0 5 0 99 28 0 0 2 0 3 2 0 0 2 2 3 5 0 0 0 0 3 6 0 0 5 0 0 43 0 2 0 2 0 3 0 4 0 0 2 0 0 2 0 3 0 47 1 29 54 0 12 12 47 34 4 26 20 1 26 0 13 0 0 10 5 0 0 0 0 0 56 1 13 22 0 0 31 0 0 0 0 0 13 10 0 0 0 0 0 0 0 0 0 0 0 0 0 0 0 0 10 0 0 0 0 0 6 0 0 0 0 0 0 0 0 0 0 0 0 0 0 0 0 0 0 37 35 14 16 0 0 16 0 12 0 9 14 2 0 11 34 0 15 0 1 0 0 0 0 0 4 21 0 0 0 0 1 0 0 0 0 0 9 26 0 0 0 0 0 0 0 0 0 0 0 0 0 0 0 0 0 0 0 0 0 0 0 0 0 0 0 0 0 0 0 0 0 0 0 0 0 0 0 0 0 0 0 0 0 3 2 0 2 47 3 15 0 0 0 0 0 0 0 0 73 0 0 0 0 0 0 0 0 0 0 0 11 0 0 9 0 3 0 0 0 0 0 0 0 0 0 0 0 0 
 42 63 134 46 63 150 108 214 164 272 0 63 131 125 239 403 115 174 46 295 0 4 3 0 2 0 0 0 0 2 0 2 79 0 0 0 3 0 76 75 0 64 2 0 0 0 0 0 2 2 0 2 0 0 0 0 3 2 0 0 6 0 34 3 0 0 0 3 0 2 0 7 0 0 3 0 0 2 1 1 17 0 30 14 39 28 2 17 2 18 13 38 21 0 12 13 1 26 0 2 13 0 0 0 0 0 35 0 0 18 0 0 14 0 3 0 7 0 16 20 0 7 0 0 0 0 0 0 0 0 0 0 0 0 0 0 0 0 0 0 0 0 0 0 0 0 0 0 1 14 0 0 0 0 18 5 0 5 6 0 0 1 24 12 21 0 0 1 5 0 16 10 13 1 0 19 0 0 0 0 0 0 0 0 0 0 10 0 0 0 0 0 16 0 0 0 0 0 18 29 1 0 0 0 0 0 0 0 0 0 0 0 0 0 0 0 0 0 0 0 0 0 0 1 16 0 0 0 0 0 0 0 0 0 0 0 2 0 0 0 0 2 0 0 2 0 4 1 0 2 11 2 0 0 0 0 0 0 0 0 0 0 0 0 0 0 0 0 0 0 0 0 0 0 0 0 12 0 0 0 0 0 0 0 0 0 0 0 0 0 
 26 89 118 89 147 237 26 32 113 110 63 0 28 47 117 108 228 146 79 28 0 2 3 2 0 76 3 0 0 1 0 0 112 1 0 0 3 0 60 38 0 0 2 0 0 6 0 0 2 2 0 2 0 0 0 0 3 3 3 0 1 0 0 0 0 0 0 2 0 3 0 2 0 0 2 0 0 0 0 3 0 55 8 11 1 3 0 0 18 2 0 37 0 0 0 0 2 5 0 0 0 0 1 0 0 2 0 1 0 8 0 1 1 0 0 0 0 2 0 0 0 0 0 0 0 0 0 0 0 0 0 0 0 0 0 1 0 0 0 0 0 0 6 0 3 8 0 0 0 0 7 0 0 0 0 0 0 0 0 0 0 14 31 0 0 0 0 0 1 0 17 0 0 0 0 0 0 27 0 0 1 16 0 0 19 0 31 16 0 0 2 1 1 1 2 0 0 0 50 17 0 0 0 0 0 0 1 0 0 0 0 0 0 0 0 0 0 0 0 1 0 0 0 0 0 8 0 0 0 0 3 0 0 0 0 0 0 0 0 0 8 0 0 0 0 2 0 0 7 6 1 7 0 0 0 0 0 0 0 0 0 0 0 0 0 0 0 0 0 0 0 0 0 0 0 9 0 3 0 0 0 0 0 0 0 0 2 0 0 0 
 160 166 70 130 364 26 101 464 288 56 131 28 0 172 18 138 69 326 307 161 0 2 3 2 0 0 0 0 2 1 0 0 80 0 0 2 3 0 3 0 0 2 5 0 5 0 3 0 2 4 0 5 6 0 2 0 0 3 0 0 2 0 0 0 0 8 1 5 0 3 0 3 0 0 2 2 1 42 2 3 35 17 13 32 0 0 40 12 10 17 25 27 0 3 24 120 0 10 39 30 0 0 0 0 0 0 0 0 0 0 0 0 0 0 0 0 0 0 0 9 0 0 0 0 0 0 9 0 0 0 0 0 0 0 0 0 0 0 0 0 0 0 1 20 0 0 0 0 2 0 0 0 0 0 0 0 0 0 2 0 13 14 19 5 0 23 1 16 46 20 0 75 11 48 27 0 0 60 4 1 0 0 0 0 0 0 0 0 0 0 13 0 0 0 0 0 0 0 0 0 2 0 0 0 0 0 2 0 0 0 0 0 0 0 0 0 0 0 0 0 0 0 0 2 0 0 0 0 0 0 0 0 0 0 0 0 1 0 0 0 0 0 0 0 1 2 92 0 2 0 0 2 0 0 0 0 0 0 1 0 0 1 10 0 0 0 0 0 0 0 0 0 0 0 0 0 0 0 0 0 0 0 0 0 0 0 0 0 0 0 
 209 66 61 82 314 47 338 165 236 102 125 47 172 0 258 70 47 294 147 96 79 5 8 1 3 3 2 4 6 4 4 3 54 3 3 3 7 5 7 4 3 2 2 2 0 5 0 0 2 3 0 5 8 0 0 0 0 2 0 2 45 0 0 0 0 4 41 8 5 2 5 3 0 0 6 0 0 2 3 4 2 9 1 0 0 0 19 11 0 27 0 0 1 20 21 5 9 13 19 20 1 0 0 0 0 0 0 0 0 2 2 0 0 0 0 0 0 0 0 32 0 0 0 0 0 0 0 0 0 0 0 0 2 0 0 0 0 0 0 0 0 0 0 9 0 0 0 0 0 0 0 0 0 0 0 0 0 0 0 0 33 0 10 14 22 0 18 16 6 35 0 0 22 14 68 0 7 19 0 13 0 0 0 0 1 0 0 4 0 0 0 0 0 0 0 0 0 0 0 14 0 0 0 0 0 0 0 0 0 0 0 0 0 0 0 0 0 0 0 0 0 0 0 0 0 0 0 0 0 0 0 0 0 0 0 0 0 0 0 0 0 0 0 0 0 3 0 0 0 3 0 4 2 0 0 0 0 0 2 0 0 0 0 0 0 0 0 1 0 0 0 0 0 0 0 0 4 0 0 0 0 0 0 0 0 0 0 0 0 0 
 32 167 404 286 78 53 116 35 89 520 239 117 18 258 0 356 244 322 60 109 1 2 3 2 0 0 0 0 0 4 0 0 152 0 0 0 3 0 134 77 0 0 2 0 0 0 0 0 2 2 0 25 0 0 0 0 0 3 0 0 5 0 0 0 0 0 0 39 0 2 0 3 0 0 3 0 0 0 1 1 0 29 0 0 51 12 0 21 16 14 10 11 10 14 1 0 14 17 1 0 0 0 0 0 0 0 13 0 0 16 0 0 19 0 0 0 1 0 36 2 0 0 0 0 0 0 0 0 0 0 0 0 0 0 0 0 0 0 0 0 0 0 0 0 0 0 0 0 0 0 0 0 0 0 0 0 0 2 0 0 18 31 0 33 0 0 16 4 0 9 0 0 1 0 15 14 25 0 11 23 0 0 0 0 0 0 0 26 0 0 0 0 20 0 0 0 0 1 43 11 2 2 0 0 0 1 2 1 0 0 0 0 2 0 0 0 0 0 0 0 0 0 0 0 0 0 0 0 0 0 0 1 0 2 0 0 0 0 6 0 0 0 0 0 0 3 1 0 2 86 0 16 0 0 0 0 0 0 0 0 0 0 0 0 0 0 0 0 0 0 0 0 0 0 0 0 10 0 0 0 0 0 0 0 0 0 0 0 0 0 
 204 130 154 48 101 81 127 166 65 221 403 108 138 70 356 0 70 222 169 154 0 2 3 2 1 3 0 1 0 2 0 0 0 0 3 3 3 0 20 2 1 0 5 0 0 0 0 0 3 2 0 29 2 0 0 0 0 3 0 0 6 55 1 4 0 0 0 0 0 3 1 2 2 0 2 0 0 0 0 3 14 0 10 15 26 0 24 14 60 21 23 2 20 0 29 10 0 40 26 25 0 0 0 0 0 0 22 0 1 21 0 0 27 0 0 0 0 0 35 0 0 0 0 0 0 0 4 0 0 0 0 0 16 0 0 0 0 0 0 0 0 0 0 4 0 0 0 0 1 0 0 0 0 0 0 0 0 0 1 0 22 40 0 13 4 0 6 7 12 13 0 35 21 1 23 20 23 9 11 10 0 0 0 15 0 0 0 0 1 0 0 0 0 0 0 0 0 0 0 0 1 1 0 0 0 0 0 0 0 0 0 0 0 9 0 0 0 0 0 0 0 0 0 1 0 0 0 0 0 0 0 0 0 0 0 0 2 0 0 0 0 0 0 0 2 3 1 1 2 0 25 11 0 0 0 0 0 0 0 0 0 0 0 0 0 0 0 0 0 0 0 10 0 0 0 0 15 0 0 0 0 0 0 0 0 0 0 0 0 0 
 217 212 205 88 57 69 114 186 171 293 115 228 69 47 244 70 0 59 22 221 2 4 3 1 2 3 0 3 0 3 0 0 73 1 0 0 5 0 77 74 0 6 2 0 0 4 5 2 2 2 2 3 4 0 0 2 0 3 0 2 0 2 0 3 0 7 0 1 0 3 0 4 0 0 2 0 0 37 0 3 11 28 3 56 10 0 43 4 62 12 35 68 0 9 27 45 14 1 18 12 14 0 0 0 0 0 9 0 0 0 0 0 0 0 11 0 1 0 0 0 0 0 0 2 0 0 3 12 0 0 0 0 0 0 0 0 1 0 0 0 1 0 2 0 0 0 0 0 0 0 0 0 0 0 0 0 0 0 0 0 11 31 47 21 20 21 0 39 29 37 0 18 1 20 0 1 19 31 0 0 0 0 0 0 0 0 20 19 0 0 0 0 0 0 0 0 0 0 10 0 0 21 0 0 0 0 0 0 0 0 0 0 0 0 0 1 0 0 1 0 0 0 0 0 0 0 0 2 0 0 2 0 0 0 0 0 0 0 0 0 0 1 0 0 0 1 91 1 1 86 1 4 0 0 2 0 0 0 0 0 0 0 11 41 0 0 0 0 0 0 0 0 0 0 0 12 1 16 0 0 0 0 0 0 0 0 0 0 0 0 
 127 29 46 112 123 52 125 140 257 197 174 146 326 294 322 222 59 0 163 36 4 10 4 0 3 1 2 2 0 1 2 0 0 6 4 1 9 0 3 73 0 0 5 2 0 0 0 0 2 7 3 2 0 0 4 2 32 3 0 0 2 0 2 0 1 2 0 3 2 3 0 2 0 0 5 0 0 3 6 3 5 11 6 16 10 28 10 28 0 40 24 16 0 0 6 14 1 11 1 13 40 0 0 1 0 0 0 0 14 15 1 0 0 0 28 0 0 0 0 38 0 0 0 2 0 0 0 0 0 0 0 0 0 0 9 0 0 0 0 0 0 0 2 6 0 0 5 0 0 0 0 0 0 0 0 0 0 1 0 0 14 1 3 0 15 0 0 0 0 0 37 15 0 0 0 21 0 6 0 0 0 0 0 0 0 0 9 0 0 0 0 0 11 0 0 0 0 0 26 29 0 0 0 0 0 0 0 0 0 0 0 0 0 0 0 0 0 0 0 0 0 0 0 0 0 0 0 22 0 0 0 0 0 0 0 0 0 0 0 0 0 19 0 0 0 3 0 0 0 85 0 4 25 0 0 0 0 0 0 0 0 0 0 0 0 0 0 0 0 0 0 0 0 11 1 14 0 0 0 0 0 0 0 0 0 0 0 0 0 0 
 125 41 30 74 276 561 233 177 299 73 46 79 307 147 60 169 22 163 0 192 0 2 3 2 0 0 1 0 0 0 0 0 0 0 1 0 3 0 4 0 0 0 4 0 0 0 0 0 2 2 58 3 0 0 0 62 0 3 0 0 3 0 0 0 0 0 0 3 0 3 0 3 0 0 3 0 0 2 0 2 14 60 20 14 0 0 0 39 0 1 0 33 0 16 0 13 0 29 15 38 0 0 15 0 0 0 0 0 0 2 2 0 0 0 0 0 0 0 0 0 0 0 0 0 0 0 0 0 0 0 0 0 0 0 0 0 0 0 0 0 0 3 0 0 4 0 0 0 0 0 0 0 0 0 0 0 0 0 0 0 10 0 10 0 0 0 12 0 7 0 21 0 17 3 18 0 0 9 14 1 1 1 0 1 0 0 12 0 0 0 0 0 0 0 0 0 0 0 12 0 0 0 0 0 0 0 0 0 0 0 0 0 0 0 0 0 0 0 0 0 0 0 0 0 0 0 0 0 0 0 0 0 0 0 0 0 0 0 0 0 0 0 0 0 0 0 0 0 0 2 0 7 0 0 0 0 0 2 0 0 0 0 0 0 0 0 2 0 0 0 0 0 0 0 0 0 0 0 0 0 0 0 0 0 0 0 0 0 0 0 
 91 97 87 252 171 50 256 49 60 109 295 28 161 96 109 154 221 36 192 0 0 8 7 8 0 3 3 0 2 8 1 4 0 0 0 0 3 2 3 2 0 0 2 0 2 6 4 0 2 2 0 6 0 0 0 0 0 5 0 0 4 1 2 0 0 5 0 0 4 5 0 2 0 0 3 0 1 38 0 3 1 16 0 44 0 1 42 11 50 0 21 5 47 22 28 22 3 1 50 22 1 0 0 0 0 0 0 0 0 0 0 0 0 0 0 0 1 0 9 0 0 0 0 0 0 0 0 1 0 0 11 0 0 0 16 0 10 0 0 0 1 6 0 0 6 1 0 0 0 0 0 0 0 5 0 0 0 0 0 0 0 48 18 4 0 17 0 31 29 6 0 31 15 14 0 32 36 30 0 15 0 2 0 0 0 2 0 0 0 0 0 0 0 0 0 0 0 0 0 0 0 11 0 0 0 0 0 0 0 0 0 0 21 0 0 2 0 0 0 0 0 0 0 0 0 0 0 1 0 0 1 0 0 0 0 10 0 0 0 1 0 0 0 0 0 0 95 3 3 0 1 9 0 0 0 0 0 0 0 0 0 0 10 0 0 0 0 0 0 0 0 0 0 0 0 0 0 0 0 0 0 0 0 0 0 0 0 0 0 1 
 0 3 0 0 35 73 0 0 5 0 0 0 0 79 1 0 2 4 0 0 0 193 90 51 82 116 118 249 140 99 185 84 120 104 142 248 267 69 303 327 0 0 0 0 0 1 0 3 0 0 3 63 0 0 0 3 0 0 48 2 0 0 51 0 2 0 0 2 0 0 3 5 0 0 0 0 0 3 0 2 0 3 0 0 18 1 0 0 0 0 1 0 0 0 0 0 0 0 0 0 35 34 13 0 26 40 19 15 26 23 46 15 0 15 11 2 32 4 11 11 0 0 0 0 0 0 0 0 0 0 0 0 0 0 0 0 0 0 21 0 0 0 0 0 1 2 0 7 0 0 0 0 0 0 3 2 0 3 2 2 0 0 0 0 16 14 0 0 0 0 4 19 0 8 8 0 0 0 0 0 14 31 25 19 11 0 12 12 38 21 8 14 13 18 56 27 91 19 0 59 0 1 0 0 0 0 0 0 0 0 0 0 9 0 0 0 0 0 0 20 0 0 0 0 0 0 0 0 0 0 0 1 0 0 0 0 0 0 0 0 0 0 0 0 0 0 23 0 78 0 0 0 0 0 31 0 2 1 0 0 5 2 0 0 0 0 19 0 0 0 0 0 0 0 0 0 0 0 0 0 0 0 0 0 0 0 8 0 0 0 
 2 2 2 4 23 128 4 4 5 60 4 2 2 5 2 2 4 10 2 8 193 0 293 212 27 139 592 158 270 232 177 185 198 182 68 317 201 79 52 282 0 2 0 6 0 1 6 3 3 3 3 3 4 0 0 3 0 3 3 5 0 3 0 0 2 1 0 2 0 0 3 0 0 0 0 43 2 3 5 0 0 0 0 0 0 6 0 0 0 1 0 0 0 0 0 0 0 0 0 0 7 2 16 42 33 0 0 18 1 24 23 9 2 0 0 21 0 51 9 7 0 0 0 0 0 0 0 0 0 0 0 0 1 0 18 0 0 0 1 0 1 0 0 0 0 0 0 0 11 0 0 0 0 0 0 0 0 0 0 0 0 0 0 0 10 13 0 0 0 0 9 2 0 25 0 7 0 0 0 0 33 20 11 2 5 14 0 35 34 24 11 0 1 18 12 2 55 31 0 11 0 0 0 0 0 0 0 0 0 0 0 0 0 0 14 0 1 0 6 20 0 0 0 0 0 0 0 0 0 0 0 0 0 2 0 0 0 0 0 0 0 0 34 0 0 2 0 0 78 0 0 0 0 0 2 5 0 57 2 0 44 0 0 0 0 0 0 0 0 0 0 0 0 0 0 0 0 0 0 0 0 0 0 0 0 0 0 0 0 0 
 3 3 3 7 3 178 5 4 3 3 3 3 3 8 3 3 3 4 3 7 90 293 0 546 125 179 82 233 311 347 134 108 134 145 35 155 228 220 43 119 0 0 0 0 0 0 0 2 0 0 3 2 24 0 1 3 0 0 62 2 0 0 0 0 2 51 0 2 0 0 3 0 0 59 0 0 0 1 0 0 0 0 0 0 0 0 0 0 0 1 0 0 0 0 0 0 0 0 0 0 10 29 15 46 0 0 0 23 12 7 0 20 16 30 0 7 6 24 0 0 2 0 0 0 0 0 8 0 0 0 0 0 0 0 12 0 18 0 1 1 1 0 0 0 0 0 0 1 0 0 0 0 0 0 0 0 0 0 0 0 0 15 9 0 0 0 0 0 0 0 3 20 0 2 0 0 0 0 0 0 12 0 15 10 35 25 0 12 23 15 14 0 1 0 0 21 21 26 0 0 0 8 0 0 0 0 19 0 0 0 0 0 0 13 12 0 0 0 21 21 0 0 0 0 0 0 0 21 0 0 0 0 0 2 0 0 0 0 0 11 0 0 13 0 0 2 0 0 0 0 0 0 0 0 8 1 2 114 87 1 13 0 0 0 0 0 0 0 0 0 0 0 0 0 0 0 0 0 0 0 0 0 0 0 0 0 0 0 0 0 
 3 2 7 0 0 1 2 0 1 209 0 2 2 1 2 2 1 0 2 8 51 212 546 0 207 86 76 273 373 583 118 175 57 83 137 111 483 36 71 60 0 0 0 26 0 0 0 68 0 0 6 0 63 0 0 3 0 0 2 2 0 0 0 0 2 1 0 2 0 0 3 76 1 0 2 0 0 12 0 0 0 0 0 0 0 0 0 0 0 0 0 0 0 0 0 0 0 0 0 0 0 0 14 2 11 11 0 17 0 0 18 38 0 0 8 20 0 37 0 0 8 0 0 0 0 0 0 3 0 0 0 0 7 0 0 0 0 0 30 18 0 0 0 0 0 0 19 0 0 0 0 0 0 0 0 0 0 0 0 0 0 0 2 0 0 0 0 0 0 0 4 0 0 5 0 0 0 0 0 0 34 9 15 36 9 17 0 5 23 41 31 13 1 0 10 9 1 10 0 0 0 12 0 0 0 0 0 0 0 0 0 0 19 0 11 0 0 0 9 0 0 0 0 9 0 0 0 0 0 0 0 0 0 0 0 0 0 0 0 0 0 0 0 0 0 0 2 0 0 0 0 0 0 0 2 1 0 165 0 0 5 0 0 2 0 0 38 0 0 0 0 0 0 0 0 0 0 0 0 0 0 11 0 0 0 0 4 0 0 1 
 1 2 0 0 0 0 0 0 0 3 2 0 0 3 0 1 2 3 0 0 82 27 125 207 0 264 44 92 226 323 126 76 279 130 152 190 411 54 53 275 0 0 0 0 0 0 60 2 0 0 3 0 69 0 0 3 0 0 1 3 0 0 0 0 2 0 0 2 0 0 3 26 0 0 0 1 0 0 0 4 0 0 0 0 0 0 0 0 0 0 0 0 0 0 0 0 0 0 0 0 0 0 13 11 11 32 0 13 0 0 16 49 0 20 0 9 11 27 0 0 20 11 10 0 19 0 22 15 0 0 0 1 8 0 18 21 0 0 24 30 0 19 0 0 9 0 0 0 0 0 0 0 6 0 0 0 0 0 0 0 0 0 4 0 0 0 0 0 0 0 0 9 0 0 0 0 0 0 0 0 0 18 22 22 0 0 0 0 13 6 13 14 0 0 11 9 0 0 0 0 8 21 0 21 0 0 8 0 0 16 2 0 32 2 10 25 0 0 1 38 0 0 0 0 0 0 0 0 0 0 1 0 0 0 0 0 0 0 0 0 0 0 0 0 0 0 0 0 0 0 0 0 0 1 35 2 1 11 78 3 0 7 0 0 0 0 25 0 0 0 0 0 0 0 0 0 0 0 0 0 0 8 0 0 1 0 43 0 0 0 
 2 3 0 3 0 0 0 0 0 2 0 76 0 3 0 3 3 1 0 3 116 139 179 86 264 0 39 40 43 344 161 54 33 107 363 152 146 93 44 269 0 0 0 1 0 0 1 2 0 4 43 0 64 0 0 43 0 4 3 2 0 0 0 0 2 0 0 2 0 0 3 2 90 0 0 0 0 3 52 6 0 0 0 0 0 0 0 0 0 0 0 0 0 0 0 0 0 0 0 0 0 0 1 20 11 37 0 13 0 10 28 11 0 0 0 18 6 52 0 0 7 0 0 0 0 0 0 33 0 0 0 0 9 0 11 0 0 0 26 20 0 0 0 0 0 0 0 0 0 0 0 0 9 0 0 0 0 0 0 0 0 0 4 0 0 0 0 0 0 22 0 4 0 0 0 0 0 0 0 0 0 10 21 71 18 6 0 0 19 0 10 18 0 0 6 24 18 10 0 0 0 21 0 0 0 0 0 0 0 0 0 0 26 0 28 0 0 0 22 31 0 0 0 0 0 0 0 0 0 0 0 0 0 0 0 0 0 0 0 22 0 0 11 0 0 0 0 0 0 0 0 0 0 0 0 3 0 76 82 0 18 4 0 0 0 0 15 0 0 0 0 0 0 0 0 0 0 0 0 0 0 14 0 0 0 0 7 0 0 0 
 20 2 0 0 73 154 0 1 4 0 0 3 0 2 0 0 0 2 1 3 118 592 82 76 44 39 0 512 158 48 36 32 275 187 40 51 254 471 58 127 0 0 0 0 0 7 0 3 0 0 206 0 0 0 0 3 0 0 1 2 0 0 0 0 2 53 0 2 0 0 3 0 0 0 0 0 0 0 0 0 0 0 0 0 0 18 0 0 0 1 0 0 0 0 0 0 0 0 0 0 19 17 12 0 0 0 0 24 2 1 21 1 78 34 8 25 20 12 30 7 0 0 0 0 0 0 4 0 0 0 0 0 0 0 0 2 0 0 0 0 0 0 0 0 0 0 0 0 2 0 0 0 0 0 0 0 0 0 0 0 0 0 0 0 8 21 0 0 0 3 0 0 0 13 0 0 0 1 0 0 26 8 5 0 0 49 13 34 1 8 0 0 20 21 30 28 24 0 6 11 0 0 0 0 0 0 0 0 0 0 0 0 0 0 0 0 1 0 0 1 0 0 0 0 0 0 0 0 6 12 0 0 0 0 0 0 0 0 0 0 0 0 0 0 0 0 0 0 76 0 0 0 0 0 6 0 1 1 0 0 0 0 0 0 0 0 0 0 0 0 0 1 0 0 0 0 0 0 0 0 0 0 0 0 0 0 0 0 0 0 
 0 1 2 1 0 73 0 0 0 0 0 0 0 4 0 1 3 2 0 0 249 158 233 273 92 40 512 0 250 202 162 215 180 175 240 131 113 124 69 182 0 0 0 0 0 0 0 2 0 0 3 0 0 0 1 3 203 0 3 2 0 32 0 0 2 1 2 2 0 0 3 16 0 0 0 0 0 0 0 0 0 0 12 0 0 0 0 0 0 2 0 0 18 0 0 0 0 0 0 0 0 8 19 18 0 7 17 12 34 25 34 13 0 15 14 19 71 3 0 0 1 0 0 0 0 0 8 0 0 0 0 0 0 0 0 0 0 0 7 0 0 0 0 0 0 0 0 0 0 0 0 0 2 0 0 0 0 0 0 0 0 2 1 0 0 0 0 0 0 0 17 1 14 8 0 0 0 0 0 0 28 2 29 31 14 10 0 33 13 83 12 33 0 18 32 14 8 25 0 0 0 0 0 0 0 0 0 0 0 0 0 0 0 0 0 0 0 0 0 0 1 0 0 0 0 0 0 0 0 2 0 0 0 0 0 2 0 15 0 0 0 0 0 0 0 0 0 0 0 0 0 0 0 19 2 0 1 49 1 1 13 0 0 0 0 0 0 0 0 0 0 0 0 0 0 0 2 0 0 0 0 1 0 0 0 0 0 0 0 0 
 0 0 0 75 0 0 0 0 0 0 0 0 2 6 0 0 0 0 0 2 140 270 311 373 226 43 158 250 0 63 104 111 96 284 279 352 72 281 172 93 3 0 0 0 0 0 0 2 3 1 3 0 0 0 0 3 62 0 8 4 2 0 0 1 2 3 0 3 0 0 3 8 0 0 0 0 0 0 0 0 0 0 0 0 0 1 0 0 0 0 0 0 0 0 0 0 2 0 1 0 0 36 65 16 12 40 32 29 3 0 12 11 0 22 20 21 22 8 17 0 0 0 0 0 0 0 0 13 0 0 2 0 11 0 0 0 0 0 19 0 0 0 0 0 0 0 0 8 0 0 0 0 8 0 0 0 0 0 0 0 0 0 0 0 0 0 0 0 0 15 0 0 3 0 0 0 0 0 0 10 23 0 51 45 10 1 0 1 2 41 9 31 0 0 20 22 0 6 0 0 0 0 12 0 0 0 0 0 0 0 0 0 0 0 0 0 0 0 0 0 0 0 0 0 0 0 0 0 0 10 0 0 0 0 0 0 0 0 0 0 0 0 0 0 0 0 0 0 0 0 0 0 0 0 3 0 0 154 0 2 2 7 0 0 0 0 20 0 0 0 0 0 0 0 0 0 0 0 0 0 0 30 0 0 0 0 9 0 0 0 
 2 5 1 1 2 0 1 2 4 77 2 1 1 4 4 2 3 1 0 8 99 232 347 583 323 344 48 202 63 0 163 155 65 68 236 144 161 269 89 91 0 0 0 0 0 0 0 2 0 0 3 0 99 0 0 3 0 0 5 2 0 0 2 0 2 11 0 2 0 50 3 0 2 0 0 0 0 3 0 2 0 0 0 0 0 0 0 0 0 0 0 0 0 0 1 0 0 0 0 0 35 35 0 1 18 16 17 2 16 2 29 0 0 0 0 16 13 31 12 0 0 0 0 0 0 0 0 0 0 0 0 0 0 1 3 0 0 0 16 0 0 0 0 0 0 0 0 0 0 0 0 0 0 0 0 0 0 0 0 0 0 0 1 0 0 4 10 0 0 0 7 1 0 16 0 0 0 0 0 0 2 25 12 38 11 0 0 0 12 9 7 7 13 0 37 11 25 15 0 33 0 10 0 0 0 0 0 0 0 0 0 0 10 0 0 0 0 0 0 38 0 0 0 0 0 0 0 0 0 0 0 0 0 0 13 0 0 0 0 0 0 0 0 0 0 0 1 0 0 0 0 0 0 0 6 0 0 0 1 4 27 0 0 0 0 0 1 0 0 1 0 0 0 0 0 0 0 0 0 10 0 0 0 0 0 14 1 0 0 0 
 0 1 1 2 0 0 2 0 0 3 0 0 0 4 0 0 0 2 0 1 185 177 134 118 126 161 36 162 104 163 0 146 18 186 129 320 220 257 465 75 0 0 0 15 5 3 0 3 63 0 3 2 2 0 0 3 19 0 62 2 0 0 8 0 2 50 0 2 0 0 3 7 0 0 0 0 0 2 0 6 0 9 0 0 0 0 0 0 0 1 0 0 0 0 0 0 0 0 0 0 9 2 60 88 0 17 0 75 0 20 50 41 2 0 0 34 49 43 0 0 2 10 11 0 0 0 16 0 0 0 0 0 0 0 0 0 0 0 17 15 0 0 0 0 0 9 0 0 0 0 0 0 0 0 0 0 0 0 0 0 0 0 1 0 0 0 0 0 0 0 9 1 0 23 0 0 0 0 0 0 0 9 38 6 12 0 0 6 34 8 60 0 1 18 20 60 1 29 0 0 0 0 0 0 0 0 10 0 0 0 0 0 108 14 13 5 0 0 3 29 0 0 0 6 0 0 0 0 0 0 0 0 0 2 0 0 0 0 0 0 0 0 1 0 0 2 0 0 0 0 0 0 0 0 0 2 0 76 3 1 34 1 0 0 0 0 20 0 0 0 0 0 0 0 0 0 0 0 0 0 0 0 0 0 0 0 5 0 0 0 
 0 0 1 0 24 2 6 0 3 0 2 0 0 3 0 0 0 0 0 4 84 185 108 175 76 54 32 215 111 155 146 0 33 26 176 119 408 437 36 94 0 0 0 0 0 0 63 2 0 0 3 0 64 0 0 3 0 0 13 2 0 0 0 0 2 1 0 2 0 0 3 0 3 0 0 0 0 3 0 0 0 0 0 0 0 0 0 0 0 0 0 0 0 0 2 0 0 0 0 0 0 16 0 0 32 64 12 1 9 1 38 9 0 19 0 0 1 19 0 0 0 0 0 0 0 0 0 0 0 0 0 0 11 0 1 0 2 0 12 0 0 0 0 0 0 0 0 0 0 0 0 0 0 0 0 0 0 0 0 0 0 0 2 0 0 0 0 0 0 0 4 0 0 5 0 0 0 0 0 0 14 10 15 47 9 0 0 0 21 21 11 12 14 4 19 9 23 16 0 0 6 11 0 0 0 0 0 0 0 0 0 0 12 0 0 0 0 1 0 3 0 0 0 0 0 0 0 0 0 0 0 0 0 0 0 0 0 0 0 0 0 0 7 0 0 0 0 0 0 0 0 0 0 0 12 0 2 4 4 2 2 2 0 0 0 0 0 0 0 0 0 8 0 0 0 0 0 0 0 10 0 0 0 0 0 20 0 0 0 0 
 1 109 76 2 225 105 0 0 73 26 79 112 80 54 152 0 73 0 0 0 120 198 134 57 279 33 275 180 96 65 18 33 0 142 47 37 40 50 126 83 1 6 4 6 0 14 6 2 6 3 3 6 4 0 0 3 0 3 0 4 0 0 0 0 2 3 0 6 4 0 12 0 0 0 0 0 2 1 5 0 0 12 11 0 0 35 0 0 0 27 1 0 0 0 0 0 0 19 0 0 0 0 0 0 0 0 1 1 0 20 19 0 0 1 25 2 0 0 41 6 0 0 0 0 0 0 0 0 0 0 0 0 0 0 0 0 0 0 0 0 0 0 0 0 19 0 0 0 0 0 0 0 0 0 9 8 0 7 6 0 0 0 0 22 4 16 0 18 0 0 0 0 2 0 0 10 0 0 4 0 15 14 0 0 2 16 29 103 0 10 0 0 79 13 16 0 12 0 21 11 0 0 0 0 0 0 0 0 0 0 0 0 0 0 0 0 0 0 12 0 0 0 0 1 0 0 0 0 0 0 0 0 2 0 0 0 0 0 0 2 0 0 0 0 0 0 0 0 23 45 0 0 0 0 0 0 0 77 0 2 0 0 0 0 0 0 0 0 0 0 0 0 0 0 0 0 0 0 0 0 0 0 0 0 0 0 0 0 0 0 
 0 0 1 32 37 5 0 2 0 0 0 1 0 3 0 0 1 6 0 0 104 182 145 83 130 107 187 175 284 68 186 26 142 0 210 344 35 50 363 144 2 0 0 0 0 0 0 3 3 0 3 0 1 0 0 4 0 0 3 2 2 1 2 0 2 27 3 2 0 2 3 20 0 2 0 0 0 0 0 4 0 0 0 0 11 0 0 0 12 0 0 0 0 0 0 0 0 0 0 0 31 22 45 1 0 25 19 45 27 8 16 11 21 13 17 0 17 16 13 10 13 0 0 0 0 1 0 0 0 0 0 9 0 0 0 0 0 0 5 0 2 0 0 0 0 0 0 0 0 0 0 0 0 0 0 0 0 0 0 0 2 0 0 0 10 15 0 0 0 2 0 2 4 0 0 0 0 0 0 0 23 28 23 12 0 2 14 23 13 29 0 19 2 0 21 45 42 0 0 20 0 0 0 0 0 0 0 0 0 0 0 0 12 0 0 0 2 0 0 12 0 13 0 0 0 0 0 0 0 0 0 0 0 1 0 0 0 0 0 0 0 0 0 0 0 0 0 0 75 0 0 0 0 0 0 2 1 0 0 0 2 1 0 0 0 0 14 0 0 0 0 0 0 0 0 0 0 0 0 0 0 13 0 0 0 0 45 0 0 0 
 0 0 1 24 0 1 0 0 0 1 0 0 0 3 0 3 0 4 1 0 142 68 35 137 152 363 40 240 279 236 129 176 47 210 0 147 214 41 50 100 0 0 0 0 0 1 0 3 0 0 3 0 0 0 0 3 0 0 7 2 0 0 0 52 2 0 0 2 0 0 3 3 3 0 0 9 0 3 0 3 0 0 0 0 10 0 2 0 14 0 0 0 0 0 0 0 0 0 0 0 13 25 32 0 42 66 24 13 13 0 20 10 0 14 0 21 14 7 11 0 0 0 0 0 0 0 0 0 0 0 0 0 9 1 1 0 0 2 17 1 0 0 0 0 0 0 0 0 6 0 0 0 7 0 0 0 0 0 0 0 9 0 0 30 0 0 0 0 0 0 0 0 4 0 2 0 0 0 0 0 12 16 88 67 3 0 14 0 44 30 0 20 0 0 48 16 22 8 0 0 2 0 0 0 0 8 0 0 0 0 1 0 13 0 0 0 0 0 0 12 0 0 0 0 0 0 0 0 0 0 0 0 0 0 0 0 0 27 0 0 0 0 0 0 0 0 0 0 0 0 0 0 0 0 2 0 2 86 0 3 2 9 3 0 0 0 17 0 0 0 0 0 0 0 0 0 0 0 0 0 0 8 0 0 2 0 15 0 0 0 
 0 0 0 0 0 0 0 0 0 0 0 0 2 3 0 3 0 1 0 0 248 317 155 111 190 152 51 131 352 144 320 119 37 344 147 0 286 324 43 68 0 1 0 0 0 3 0 4 0 2 3 0 0 2 0 3 3 2 89 5 0 0 0 0 2 1 0 2 0 0 3 9 0 3 0 0 2 0 0 0 0 0 0 0 12 1 0 0 0 0 0 0 0 0 0 0 2 0 0 0 0 8 19 22 9 54 13 19 61 9 34 22 0 3 16 17 13 40 0 0 1 0 0 0 0 0 10 5 0 0 2 21 0 0 0 0 0 0 18 64 0 0 0 0 0 0 0 0 0 0 0 0 12 0 0 0 0 0 1 0 0 0 0 0 0 0 0 0 0 0 0 0 0 4 0 0 0 28 0 0 25 11 16 10 25 20 0 0 56 45 13 62 7 22 15 63 12 0 0 0 0 0 10 0 0 0 0 0 0 0 0 0 1 37 0 0 0 0 13 3 0 0 0 0 0 0 0 0 0 0 0 0 0 0 0 0 0 0 0 0 0 0 0 0 0 0 0 0 0 0 0 0 0 0 12 2 0 4 0 3 0 11 0 0 0 0 15 0 0 0 0 0 0 0 0 0 0 0 0 0 0 1 0 0 0 0 7 0 0 0 
 3 6 64 4 3 4 3 78 3 5 3 3 3 7 3 3 5 9 3 3 267 201 228 483 411 146 254 113 72 161 220 408 40 35 214 286 0 151 36 245 0 0 208 0 0 1 0 3 0 0 3 0 89 0 67 3 0 2 38 3 0 0 1 0 2 0 0 2 0 0 3 0 2 0 0 0 0 3 0 3 0 0 2 0 0 0 0 0 0 0 0 0 0 0 0 0 0 0 0 0 2 14 0 26 21 26 0 10 16 0 31 77 0 0 0 14 13 34 0 0 0 0 0 0 0 0 7 38 0 0 0 0 10 0 2 0 0 0 4 27 0 0 0 0 0 0 0 0 0 0 0 0 15 0 0 0 0 0 0 0 0 2 5 0 0 0 0 0 0 0 3 16 0 0 0 0 0 0 0 0 0 10 42 87 37 2 0 0 67 15 1 23 0 0 0 17 17 1 1 1 0 9 5 0 0 0 0 0 8 0 0 0 14 10 0 0 0 0 14 22 0 0 0 0 0 0 0 0 0 2 0 0 0 0 0 2 0 0 0 0 0 0 0 0 0 1 0 0 0 0 0 0 0 0 2 0 1 88 76 3 17 7 0 0 0 0 0 0 0 0 0 0 0 0 0 0 1 0 0 0 0 14 0 0 0 0 0 0 0 0 
 0 0 1 2 74 25 0 1 5 0 0 0 0 5 0 0 0 0 0 2 69 79 220 36 54 93 471 124 281 269 257 437 50 50 41 324 151 0 304 54 7 0 0 0 0 0 57 2 0 0 3 1 63 0 19 3 0 0 29 5 0 0 0 0 2 1 102 2 51 0 3 0 3 0 0 0 0 0 0 0 0 0 0 0 0 0 0 5 0 1 0 0 0 0 0 0 0 0 0 0 0 0 0 12 19 0 10 76 0 0 19 40 43 10 2 6 7 40 0 0 2 0 0 0 0 0 9 45 0 0 0 0 24 0 0 12 0 1 0 39 0 0 8 0 0 0 0 0 0 0 0 0 1 0 0 0 0 0 4 0 0 1 7 0 0 12 0 0 0 0 0 6 0 0 0 0 0 0 0 0 10 0 26 11 13 1 0 24 24 12 0 10 19 0 9 30 0 16 0 0 21 9 0 0 0 0 2 0 33 0 0 0 0 16 0 0 23 21 13 9 1 0 0 0 0 0 0 0 0 1 0 0 0 0 0 0 0 0 0 0 0 0 0 0 0 2 0 0 0 0 0 0 0 15 9 0 0 1 75 6 0 0 0 0 0 0 0 0 0 0 0 0 0 0 0 0 1 0 0 0 0 17 0 0 0 0 0 0 0 0 
 5 67 101 77 84 241 104 3 3 99 76 60 3 7 134 20 77 3 4 3 303 52 43 71 53 44 58 69 172 89 465 36 126 363 50 43 36 304 0 315 6 0 3 0 0 3 0 2 0 0 3 0 0 0 0 3 0 0 0 4 6 0 0 0 2 3 0 3 2 0 3 0 3 0 0 0 0 1 0 0 9 16 0 0 39 1 0 0 20 24 0 1 0 0 2 0 0 0 0 0 7 70 9 0 0 0 55 0 9 33 21 0 34 29 25 38 25 0 10 0 0 0 0 0 0 0 0 0 0 0 0 0 0 2 0 0 0 0 0 0 0 0 0 0 0 0 0 2 0 10 0 0 0 0 0 3 0 0 0 0 0 0 0 11 11 1 0 0 0 1 38 14 0 32 0 9 14 0 0 0 14 0 18 0 0 0 23 15 1 0 0 15 13 0 4 1 12 7 58 50 0 0 1 0 0 0 0 0 0 0 0 15 0 0 0 0 0 0 0 0 0 0 0 0 0 0 0 0 0 0 0 0 0 0 0 0 0 13 0 0 0 0 0 0 0 0 63 0 0 19 0 0 0 0 0 0 0 0 0 0 2 1 0 0 0 0 0 0 0 0 0 0 0 0 2 0 0 0 0 7 0 13 0 0 0 12 0 0 0 0 
 0 28 76 3 160 180 0 0 0 28 75 38 0 4 77 2 74 73 0 2 327 282 119 60 275 269 127 182 93 91 75 94 83 144 100 68 245 54 315 0 6 0 0 2 0 0 0 2 0 0 3 0 0 0 0 5 1 0 0 2 1 0 0 0 2 2 0 2 0 0 3 0 0 0 0 0 0 0 0 0 0 14 1 0 23 7 0 0 0 13 0 0 0 0 0 0 0 0 0 0 0 8 37 0 32 14 13 1 13 13 27 0 73 35 43 11 7 0 0 7 2 0 0 0 0 0 0 0 0 0 0 0 0 0 0 0 0 0 0 0 0 0 0 0 0 0 0 4 0 0 0 0 0 0 0 0 0 0 0 0 0 1 2 14 76 12 0 0 0 0 8 10 0 0 0 0 0 16 0 12 0 0 40 23 0 0 3 32 0 44 0 14 42 0 14 20 12 21 5 34 0 0 0 0 0 0 0 0 0 0 0 0 14 0 0 0 0 0 0 0 2 0 0 0 0 0 0 0 0 0 0 0 0 0 0 1 0 0 0 0 0 0 0 0 0 2 78 0 0 66 0 0 0 0 0 2 0 73 0 2 0 3 0 0 0 0 0 0 0 0 0 0 0 0 0 1 0 0 0 0 0 15 0 0 0 0 0 0 0 0 
 0 0 0 0 0 6 0 0 0 0 0 0 0 3 0 1 0 0 0 0 0 0 0 0 0 0 0 0 3 0 0 0 1 2 0 0 0 7 6 6 0 188 134 199 49 279 138 185 323 304 341 304 385 152 93 234 35 37 83 328 0 0 0 0 0 3 0 0 4 0 0 0 0 1 0 0 0 0 0 0 0 0 0 0 0 0 0 0 0 0 0 0 0 0 0 0 0 0 0 0 0 0 11 0 0 2 13 0 0 0 15 0 5 8 3 16 4 25 0 0 30 7 8 10 0 0 1 11 39 11 0 1 69 40 10 33 11 43 5 0 0 0 0 0 0 0 0 0 0 5 0 0 0 0 0 0 0 0 0 0 0 0 0 0 0 0 0 0 0 0 0 0 0 0 2 0 0 0 0 0 7 0 4 2 8 12 0 0 1 0 0 29 0 0 0 2 0 10 0 0 23 21 6 0 0 12 19 7 23 23 0 10 16 0 12 10 22 54 12 4 0 0 0 0 0 0 0 0 0 0 0 0 11 0 0 0 0 0 0 0 0 0 0 0 0 0 0 0 0 0 0 2 0 2 0 0 0 0 0 0 0 0 0 0 0 21 0 0 0 0 0 0 0 0 0 0 0 0 0 0 0 14 0 0 11 0 0 5 2 0 
 0 3 0 2 0 0 29 0 0 0 64 0 2 2 0 0 6 0 0 0 0 2 0 0 0 0 0 0 0 0 0 0 6 0 0 1 0 0 0 0 188 0 370 347 74 52 147 167 136 311 47 102 47 135 121 202 174 286 111 88 0 9 52 0 0 1 0 0 0 0 0 0 0 0 205 0 0 2 22 50 0 0 0 0 0 0 0 0 0 0 0 0 0 0 0 0 0 0 0 0 0 0 0 0 1 18 0 0 0 0 0 0 0 0 0 0 0 0 0 0 0 0 16 8 8 10 45 0 54 20 17 48 14 7 0 30 0 46 29 0 2 0 0 0 0 0 0 0 0 0 0 0 0 11 0 0 0 0 0 0 0 0 0 0 0 0 0 0 0 0 0 0 0 0 5 0 0 0 0 0 0 0 0 0 0 0 0 0 0 0 9 0 0 0 0 0 0 0 0 0 0 0 11 9 7 0 18 7 29 34 0 20 21 1 11 0 7 1 22 0 14 0 0 0 0 0 1 0 0 0 0 0 0 0 0 0 0 0 13 0 0 0 0 0 0 0 0 0 0 0 0 0 0 0 0 0 0 0 0 0 0 0 0 0 66 9 1 66 0 0 0 0 0 0 0 0 0 0 0 0 24 0 0 0 16 16 0 0 0 1 
 60 2 2 2 2 2 2 2 2 2 2 2 5 2 2 5 2 5 4 2 0 0 0 0 0 0 0 0 0 0 0 0 4 0 0 0 208 0 3 0 134 370 0 121 94 373 61 121 198 139 50 44 162 41 165 34 46 117 257 42 0 0 2 0 0 3 1 10 4 5 3 3 4 13 0 3 8 0 77 32 0 0 0 0 0 0 0 0 0 0 0 0 0 0 0 0 0 0 0 0 0 0 0 0 0 0 0 0 0 9 0 0 0 0 0 0 0 1 0 0 10 22 18 22 10 11 22 0 0 0 0 31 0 7 5 1 21 13 18 8 13 3 0 0 3 0 16 3 0 0 0 6 3 7 0 8 3 0 4 31 0 0 0 0 0 0 0 0 0 1 0 0 0 0 3 0 0 0 0 0 0 0 0 0 0 19 0 0 0 0 0 0 0 0 0 0 0 0 0 0 19 82 21 0 28 12 0 11 0 18 8 9 7 7 1 21 0 20 1 0 14 0 0 0 3 0 4 1 0 0 0 0 0 4 0 0 0 3 0 10 0 0 0 0 0 0 0 0 0 0 0 6 0 2 0 0 2 1 0 25 0 1 5 0 4 22 0 1 2 0 4 0 0 0 0 0 0 0 0 0 0 2 0 0 14 25 0 0 0 0 
 0 0 0 2 0 0 0 0 0 0 0 0 0 2 0 0 0 2 0 0 0 6 0 26 0 1 0 0 0 0 15 0 6 0 0 0 0 0 0 2 199 347 121 0 124 98 144 118 153 389 91 115 134 340 39 170 49 272 100 51 0 0 214 0 0 0 26 1 0 0 0 0 6 0 0 0 0 6 0 2 2 0 0 0 0 0 0 0 0 0 0 0 0 0 0 0 0 0 0 0 0 0 0 1 0 0 0 0 0 1 0 0 0 0 0 0 0 0 0 0 15 0 0 1 19 11 9 0 1 40 31 23 0 8 11 0 0 13 19 0 13 0 0 0 0 0 8 0 0 4 0 0 10 1 11 7 10 0 15 0 0 0 0 0 0 0 0 0 0 0 0 0 0 0 3 0 0 0 13 0 0 0 0 0 0 19 0 0 9 0 0 0 0 0 0 0 0 0 0 0 33 0 25 13 0 7 2 8 1 37 0 4 9 0 15 20 0 34 0 1 0 0 0 6 0 0 26 9 0 8 0 0 6 0 0 0 0 0 8 0 0 0 0 0 0 0 0 0 0 0 0 13 0 0 0 0 0 0 0 11 0 0 0 0 3 31 1 2 2 0 0 0 0 0 0 0 0 0 0 0 0 0 0 0 3 0 0 0 0 0 
 35 0 0 0 0 0 0 0 0 3 0 0 5 0 0 0 0 0 0 2 0 0 0 0 0 0 0 0 0 0 5 0 0 0 0 0 0 0 0 0 49 74 94 124 0 181 36 76 95 345 98 169 301 159 76 119 260 119 285 280 1 56 0 3 1 26 60 17 4 15 0 0 52 51 2 40 0 1 0 15 0 0 0 0 0 0 0 0 0 0 0 0 0 0 0 7 0 0 0 0 0 0 0 0 0 0 0 0 0 37 0 0 0 0 11 3 0 0 0 0 0 0 20 0 44 0 9 0 0 5 0 13 0 0 0 0 0 0 0 0 3 0 0 0 0 0 32 34 0 6 10 0 25 6 3 13 17 0 16 18 0 0 0 0 0 0 0 0 0 0 0 0 0 0 0 0 0 0 0 47 0 0 0 0 0 0 0 0 0 0 0 0 0 0 0 0 0 8 0 0 0 0 0 10 13 1 0 0 0 0 0 10 0 0 0 0 0 0 0 0 18 0 0 4 0 1 49 37 31 14 1 0 24 10 19 21 11 11 1 0 12 0 10 0 0 0 0 0 0 0 0 0 0 0 0 0 0 0 0 0 0 0 0 3 2 4 2 0 2 0 7 0 0 0 0 0 0 0 0 0 0 0 0 0 0 0 0 0 0 0 
 0 0 56 3 4 0 0 0 0 2 0 6 0 5 0 0 4 0 0 6 1 1 0 0 0 0 7 0 0 0 3 0 14 0 1 3 1 0 3 0 279 52 373 98 181 0 94 128 107 299 103 165 55 57 118 356 264 41 56 286 1 0 0 0 0 1 51 51 52 0 0 0 0 0 0 0 0 54 23 57 0 13 0 0 14 11 0 0 0 0 0 0 0 0 0 0 0 5 0 0 0 0 0 0 0 0 0 0 0 7 0 0 0 0 0 6 0 0 5 0 0 6 14 17 8 10 0 0 18 1 19 8 0 0 0 0 10 0 0 0 7 0 0 6 0 0 3 0 0 0 10 0 10 8 0 0 0 0 1 0 0 0 0 3 0 8 0 0 0 0 0 0 0 0 0 0 0 0 0 0 0 8 0 0 0 0 3 8 0 0 0 0 2 4 7 0 0 0 0 0 4 0 11 14 23 8 0 0 0 13 10 10 0 0 11 0 10 0 0 0 14 0 0 0 0 0 25 0 0 0 0 0 6 9 2 14 0 6 13 0 16 0 0 0 0 0 1 0 0 0 0 3 0 0 0 0 0 0 0 0 0 0 0 33 72 1 0 64 0 0 0 0 0 0 0 0 0 0 0 0 0 0 0 0 17 0 0 0 0 0 
 0 0 0 0 0 0 0 0 26 0 0 0 3 0 0 0 5 0 0 4 0 6 0 0 60 1 0 0 0 0 0 63 6 0 0 0 0 57 0 0 138 147 61 144 36 94 0 86 62 25 325 36 105 64 39 76 52 243 188 150 0 0 0 2 0 2 0 0 0 0 0 0 0 0 0 0 0 0 21 0 0 0 0 0 0 0 0 0 0 0 0 0 0 0 0 0 0 0 0 0 0 0 0 0 11 18 0 0 0 17 0 0 0 0 0 0 0 0 0 0 6 12 0 0 0 0 4 10 0 18 1 0 20 6 5 18 0 15 31 1 2 0 4 0 0 0 0 0 9 6 0 1 1 0 0 0 0 0 2 0 0 0 0 0 0 0 0 0 0 0 0 0 0 0 15 0 0 0 0 0 0 0 0 0 0 0 0 0 0 0 6 6 0 0 0 0 0 13 0 0 13 0 0 9 0 0 39 2 26 29 11 1 6 1 9 11 30 27 13 11 0 5 3 0 0 0 3 0 5 8 0 0 2 4 2 0 0 0 8 11 0 0 0 0 0 0 0 0 0 0 0 0 0 0 0 0 0 0 0 1 0 0 2 0 0 2 0 0 0 0 3 0 0 0 0 0 0 0 0 0 0 0 0 0 10 0 0 0 0 0 
 0 0 0 0 0 0 0 0 0 0 0 0 0 0 0 0 2 0 0 0 3 3 2 68 2 2 3 2 2 2 3 2 2 3 3 4 3 2 2 2 185 167 121 118 76 128 86 0 53 41 100 147 157 452 109 151 88 49 207 114 0 0 0 0 3 2 0 0 0 0 0 0 0 20 0 0 0 0 24 116 0 0 0 0 0 0 0 0 0 0 0 0 0 0 0 0 0 0 0 0 0 0 0 0 0 18 0 0 0 0 0 0 0 0 0 0 0 0 0 0 9 27 26 24 0 0 2 1 30 45 0 8 14 29 0 29 13 45 26 39 9 0 0 0 0 0 0 0 0 16 0 0 0 9 0 1 0 0 0 0 0 0 0 0 0 0 0 0 0 0 0 0 0 0 5 0 0 0 0 0 0 0 0 0 33 1 0 0 0 0 0 0 0 0 0 0 0 6 0 0 7 12 0 0 18 0 70 10 2 32 10 22 31 7 7 1 0 10 21 0 6 0 0 0 0 0 0 0 0 0 0 0 10 0 0 0 0 0 0 0 0 0 0 0 0 0 0 0 0 0 0 4 0 0 0 0 0 0 0 0 0 0 1 0 66 5 0 0 0 0 0 0 0 0 0 0 0 0 0 0 0 0 0 0 27 0 0 0 0 0 
 2 2 2 2 2 2 2 2 2 2 2 2 2 2 2 3 2 2 2 2 0 3 0 0 0 0 0 0 3 0 63 0 6 3 0 0 0 0 0 0 323 136 198 153 95 107 62 53 0 105 59 120 397 69 210 450 129 323 120 340 0 2 1 0 0 2 0 52 0 0 0 5 28 4 1 5 4 4 51 5 0 0 0 0 0 0 0 0 0 0 0 0 0 0 0 0 0 0 0 0 0 0 0 0 0 1 9 0 20 0 0 0 0 0 0 0 0 0 0 0 10 6 48 26 2 23 0 0 23 24 25 34 0 16 11 0 17 19 10 0 9 3 0 2 5 0 1 5 0 0 1 4 3 22 16 1 3 0 48 9 0 0 0 0 0 0 0 0 0 0 0 0 0 0 0 0 0 0 0 0 0 0 0 0 0 5 0 0 0 0 0 0 0 0 0 0 0 0 0 0 20 12 9 0 0 14 1 7 13 23 0 9 6 0 15 5 11 9 0 0 1 0 1 0 5 0 0 2 0 0 0 0 10 0 0 0 1 3 0 21 0 0 0 0 0 0 0 0 0 0 0 7 0 2 0 0 0 0 0 2 0 0 104 0 0 8 0 1 0 0 0 0 0 0 0 0 0 0 0 0 0 0 0 0 0 0 0 17 2 0 
 2 3 2 2 2 2 2 2 5 2 2 2 4 3 2 2 2 7 2 2 0 3 0 0 0 4 0 0 1 0 0 0 3 0 0 2 0 0 0 0 304 311 139 389 345 299 25 41 105 0 92 150 156 96 137 155 121 74 313 394 2 13 0 0 2 2 0 1 0 0 0 6 5 8 0 24 7 0 65 6 0 0 0 0 0 0 0 0 0 0 0 0 0 0 0 0 0 0 0 0 0 0 0 0 0 0 0 0 0 0 0 0 0 0 0 0 0 0 4 0 0 17 0 10 22 23 0 0 19 0 11 6 18 20 0 14 14 18 0 0 0 8 0 18 6 0 6 34 0 0 0 6 26 8 0 1 3 0 0 40 0 0 0 7 0 0 0 0 0 0 0 0 0 0 0 0 0 0 0 0 0 0 0 0 0 0 0 0 0 0 0 0 0 0 0 0 0 0 0 0 17 22 9 19 27 24 0 13 8 0 11 0 0 3 0 19 23 11 0 0 1 0 0 0 18 2 22 44 20 0 2 0 23 1 0 9 10 2 1 14 0 0 13 0 0 0 0 0 0 0 0 7 0 0 0 0 0 0 0 13 0 0 64 38 1 1 0 0 0 0 31 0 0 0 0 0 0 0 0 0 0 0 0 0 0 15 0 20 0 0 
 0 0 2 0 0 0 0 0 43 3 0 0 0 0 0 0 2 3 58 0 3 3 3 6 3 43 206 3 3 3 3 3 3 3 3 3 3 3 3 3 341 47 50 91 98 103 325 100 59 92 0 419 235 91 205 406 327 136 36 120 0 0 3 0 0 0 0 10 0 9 0 0 0 70 0 0 0 0 27 0 0 0 0 0 0 0 0 0 0 0 0 0 0 0 0 0 0 0 0 0 0 0 0 0 0 0 0 0 0 0 0 0 0 0 0 0 0 0 0 0 14 21 29 53 15 10 31 0 16 0 37 7 0 2 2 0 44 1 0 11 1 0 1 0 0 0 0 19 7 7 0 0 11 7 2 0 0 0 3 24 0 0 0 2 0 0 0 0 0 0 0 0 0 0 0 0 0 0 0 8 0 0 0 0 1 0 0 0 0 0 0 0 0 0 0 0 0 0 0 0 26 1 3 0 0 5 17 24 13 10 66 34 0 7 0 4 17 9 0 0 10 0 8 0 0 0 1 16 8 19 0 0 4 0 5 0 0 0 8 0 0 0 0 0 0 0 0 0 0 0 0 7 0 1 0 0 0 0 0 5 0 0 1 3 1 2 0 4 0 0 0 0 0 0 0 0 0 0 0 0 0 0 8 0 14 20 0 4 1 10 
 2 5 2 3 2 2 10 3 2 5 2 2 5 5 25 29 3 2 3 6 63 3 2 0 0 0 0 0 0 0 2 0 6 0 0 0 0 1 0 0 304 102 44 115 169 165 36 147 120 150 419 0 284 39 46 68 134 206 46 279 3 22 2 0 0 2 0 0 0 2 0 1 0 0 1 60 0 2 51 0 0 0 0 0 0 0 0 10 0 0 0 0 6 0 0 0 0 0 2 0 0 0 0 0 0 0 0 0 0 0 0 0 0 0 0 0 0 0 0 0 2 28 30 38 1 6 0 0 69 24 30 22 0 20 0 0 63 9 0 0 18 0 0 0 0 0 8 0 0 5 0 0 25 10 48 0 0 0 7 0 7 19 0 11 0 0 20 9 0 0 0 0 0 0 4 0 0 0 8 8 0 0 0 0 0 0 0 14 0 0 0 0 0 0 0 0 0 0 0 0 25 0 0 20 21 21 9 2 1 4 11 21 0 0 21 0 13 14 0 0 11 0 0 0 0 0 30 1 8 0 0 0 26 1 0 0 1 0 0 0 0 0 0 0 0 0 0 0 0 0 0 0 0 2 0 0 0 0 0 0 0 0 5 8 1 1 6 0 2 0 0 0 0 0 0 0 0 0 0 0 0 3 0 0 10 0 0 0 0 0 
 0 0 30 2 0 0 0 0 0 0 0 0 6 8 0 2 4 0 0 0 0 4 24 63 69 64 0 0 0 99 2 64 4 1 0 0 89 63 0 0 385 47 162 134 301 55 105 157 397 156 235 284 0 159 110 95 23 77 147 91 0 0 5 11 0 3 0 3 4 8 0 0 0 0 2 0 0 0 1 0 0 0 0 0 0 0 0 0 0 0 0 0 0 0 0 0 0 0 0 0 0 0 0 17 0 14 0 0 0 0 0 21 0 0 0 0 0 22 0 1 11 7 26 31 20 6 11 0 11 10 9 7 0 39 9 0 22 9 0 1 1 0 0 0 0 0 0 0 0 8 2 0 0 0 0 0 0 0 19 0 0 0 9 0 0 0 0 0 0 0 4 13 0 2 0 0 0 0 0 0 0 0 9 21 1 0 0 0 0 0 0 0 0 0 0 0 0 13 0 0 27 23 9 10 0 0 10 67 2 3 34 16 0 0 7 8 13 21 0 1 0 0 0 0 0 0 0 0 0 0 0 0 10 0 0 0 0 0 9 0 0 0 0 0 0 0 0 0 0 0 0 6 0 0 0 0 0 0 3 0 16 0 0 0 2 0 4 63 0 0 0 0 1 0 0 0 0 0 0 0 0 0 0 0 11 11 0 19 0 0 
 0 0 0 2 0 0 0 0 0 0 0 0 0 0 0 0 0 0 0 0 0 0 0 0 0 0 0 0 0 0 0 0 0 0 0 2 0 0 0 0 152 135 41 340 159 57 64 452 69 96 91 39 159 0 72 129 24 79 263 297 0 0 1 0 0 2 0 0 0 0 0 0 0 18 0 0 0 49 0 0 0 0 0 0 0 0 0 0 8 0 0 0 0 0 0 0 0 0 0 0 0 0 0 0 3 23 0 0 0 0 0 19 0 0 0 0 0 0 0 0 0 21 0 0 0 0 16 17 10 20 8 0 19 30 0 28 0 24 6 31 0 0 0 0 0 0 0 0 0 40 0 0 0 0 0 0 0 0 0 0 0 0 0 0 0 0 0 0 0 10 0 0 0 0 16 0 0 0 0 0 15 0 6 0 34 0 0 0 0 0 0 0 0 0 0 0 0 16 0 0 1 32 8 0 0 15 48 23 17 0 9 0 0 8 6 0 27 19 23 9 1 0 0 0 0 0 0 0 0 0 0 0 0 0 0 0 0 0 0 0 0 0 0 0 0 0 0 0 0 0 0 2 0 0 1 0 0 0 63 0 0 0 0 0 0 1 1 0 0 0 0 0 0 0 0 0 0 0 0 0 0 0 0 0 26 0 0 20 0 6 
 0 0 0 0 0 0 0 0 1 0 0 0 2 0 0 0 0 4 0 0 0 0 1 0 0 0 0 1 0 0 0 0 0 0 0 0 67 19 0 0 93 121 165 39 76 118 39 109 210 137 205 46 110 72 0 62 36 48 166 99 2 0 4 11 2 1 51 13 4 13 2 0 0 0 3 1 3 1 105 0 0 0 0 0 0 0 0 0 0 0 0 0 0 0 0 0 0 0 0 0 0 0 0 0 4 19 0 0 0 0 0 18 0 0 0 0 0 0 0 0 7 0 18 33 21 30 26 14 11 19 11 19 1 0 7 9 21 0 2 7 8 0 0 0 0 0 0 0 0 1 2 0 0 9 0 0 5 0 0 15 0 0 0 0 0 0 0 0 0 0 0 0 0 0 0 0 0 0 0 0 0 0 0 1 0 0 0 0 0 0 0 0 0 0 0 0 0 0 0 0 15 12 21 9 19 18 19 2 0 0 0 17 0 5 3 8 1 0 21 12 12 0 0 0 0 0 0 4 0 0 0 0 0 0 0 0 0 0 22 16 0 0 0 0 0 0 0 0 0 1 0 4 0 16 0 0 0 0 62 0 0 0 37 0 1 2 0 66 0 0 1 0 0 0 0 0 0 0 0 0 0 0 0 0 1 32 0 0 0 0 
 0 0 0 0 0 0 0 0 3 0 0 0 0 0 0 0 2 2 62 0 3 3 3 3 3 43 3 3 3 3 3 3 3 4 3 3 3 3 3 5 234 202 34 170 119 356 76 151 450 155 406 68 95 129 62 0 124 88 126 111 11 8 34 2 5 3 3 8 1 6 0 8 2 5 2 10 0 7 0 6 0 0 0 0 0 0 0 0 0 0 0 0 0 0 0 0 0 0 0 0 0 0 0 0 24 30 0 0 0 0 0 0 0 0 0 0 0 0 0 0 2 6 12 20 8 22 0 0 10 28 24 10 8 45 0 38 29 38 10 0 0 0 0 3 8 6 0 5 0 7 1 1 0 1 2 7 3 5 0 0 0 0 0 0 0 0 0 0 0 0 0 0 0 0 4 0 0 0 0 0 0 0 0 0 0 0 0 0 0 0 0 0 0 0 0 0 0 0 0 0 22 16 19 9 1 0 24 8 14 34 0 17 16 3 11 0 8 14 6 0 0 0 0 6 5 6 0 3 0 0 12 7 11 0 0 8 9 0 23 0 0 0 0 0 0 0 0 0 0 0 0 6 0 0 0 0 0 0 0 1 0 0 0 0 0 6 3 66 0 0 0 0 0 0 0 0 0 0 0 0 0 0 0 0 9 0 0 10 0 0 
 0 3 0 1 0 0 3 0 60 3 3 3 0 0 0 0 0 32 0 0 0 0 0 0 0 0 0 203 62 0 19 0 0 0 0 3 0 0 0 1 35 174 46 49 260 264 52 88 129 121 327 134 23 24 36 124 0 272 58 41 2 9 6 2 2 3 0 1 0 0 0 4 2 0 1 6 8 18 49 21 0 0 0 0 5 0 0 0 0 0 10 0 0 0 0 0 0 5 0 0 2 16 0 0 0 0 0 0 0 0 0 0 0 0 0 0 0 0 0 0 0 28 20 7 8 26 0 5 10 10 11 0 0 0 0 0 0 0 0 0 19 0 0 0 0 0 8 0 0 0 0 0 0 0 25 20 0 0 8 1 0 0 0 7 0 0 0 0 0 0 4 0 0 0 0 3 0 0 0 13 0 0 0 0 0 0 3 0 0 0 0 0 0 1 0 0 0 0 4 5 0 0 1 60 20 23 0 9 18 8 10 28 0 0 22 12 14 0 0 0 55 0 0 0 0 0 29 12 0 12 0 0 11 0 0 0 0 0 35 0 0 11 0 0 22 0 0 0 0 26 0 2 0 0 0 0 0 0 0 18 0 0 0 64 8 1 1 8 0 0 9 0 0 0 0 0 0 0 0 0 0 0 0 0 13 0 0 0 0 0 
 3 2 3 3 4 4 3 4 3 6 2 3 3 2 3 3 3 3 3 5 0 3 0 0 0 4 0 0 0 0 0 0 3 0 0 2 2 0 0 0 37 286 117 272 119 41 243 49 323 74 136 206 77 79 48 88 272 0 47 232 4 0 0 0 0 6 53 0 0 0 0 0 0 0 0 3 0 4 54 50 0 0 0 0 0 0 0 0 0 0 0 0 0 0 0 0 0 0 0 0 0 0 0 0 0 0 0 0 0 0 0 0 0 0 0 0 0 0 0 0 9 14 11 23 29 4 1 11 20 26 9 2 0 11 1 0 26 14 0 0 4 0 2 0 0 0 17 0 0 28 0 0 37 0 19 10 1 0 21 0 0 0 0 4 0 0 0 0 0 8 0 0 0 0 36 0 0 0 0 0 0 0 0 0 0 0 0 0 0 0 0 0 0 0 0 0 0 0 0 0 7 0 3 4 35 7 41 12 1 69 11 10 0 0 7 0 6 10 0 0 0 0 0 1 0 0 16 21 0 8 0 0 52 1 0 1 0 0 1 3 0 0 0 0 0 0 0 0 0 0 0 0 0 0 0 0 0 0 0 12 0 0 3 34 65 4 0 0 0 0 0 0 0 0 0 0 0 0 0 0 0 0 0 0 32 9 0 0 0 0 
 0 0 0 0 0 6 0 0 3 0 0 3 0 0 0 0 0 0 0 0 48 3 62 2 1 3 1 3 8 5 62 13 0 3 7 89 38 29 0 0 83 111 257 100 285 56 188 207 120 313 36 46 147 263 166 126 58 47 0 221 0 3 0 0 51 1 4 0 0 0 0 0 0 4 2 0 0 0 0 0 0 0 0 0 0 0 0 0 0 0 0 0 0 0 0 0 0 0 0 0 18 7 0 19 47 14 0 11 5 20 17 8 0 0 0 0 0 19 0 0 2 0 0 0 0 0 7 20 3 4 1 0 14 10 2 22 0 9 12 28 0 0 0 0 0 0 0 0 0 0 0 0 0 0 0 0 0 0 0 0 0 0 0 0 0 0 0 0 0 0 0 0 0 0 2 0 0 0 0 0 0 0 0 6 22 23 0 0 10 7 0 0 0 0 0 8 50 14 0 0 18 8 25 0 0 0 18 0 20 3 0 0 0 44 10 0 20 19 36 26 0 9 0 0 0 0 0 0 0 0 0 12 0 0 0 0 0 0 0 0 0 0 1 0 0 0 0 0 0 0 0 2 0 1 0 0 0 0 1 0 0 0 1 0 0 0 3 0 0 0 0 0 0 30 0 0 0 0 0 0 0 0 0 0 0 0 0 0 0 0 
 0 0 0 0 0 0 0 0 0 0 0 0 0 2 0 0 2 0 0 0 2 5 2 2 3 2 2 2 4 2 2 2 4 2 2 5 3 5 4 2 328 88 42 51 280 286 150 114 340 394 120 279 91 297 99 111 41 232 221 0 0 0 0 0 0 1 6 0 0 0 0 0 0 8 0 0 3 2 1 0 0 0 0 0 0 0 0 0 0 0 7 0 0 0 0 0 0 0 0 0 0 0 0 3 8 19 0 0 0 0 0 26 0 0 0 0 0 0 0 0 0 0 0 0 0 7 16 33 14 20 17 0 3 34 0 36 0 10 9 9 1 0 0 0 0 0 0 0 0 1 0 0 0 0 0 0 0 0 0 0 0 0 0 0 0 0 0 0 0 0 0 2 0 0 0 0 0 0 0 0 0 0 0 0 17 0 0 0 0 0 0 0 0 0 0 0 0 14 0 0 26 28 0 0 0 0 42 36 25 0 0 0 0 6 2 0 46 18 38 11 0 0 0 0 0 0 0 0 0 0 0 0 0 0 0 0 0 0 0 0 0 0 0 0 0 0 0 0 0 0 0 7 0 0 0 0 0 0 62 0 0 0 0 0 2 2 0 0 0 0 0 0 0 0 0 0 0 0 0 0 0 0 0 0 1 0 0 19 0 0 
 0 3 11 0 38 55 0 3 3 5 6 1 2 45 5 6 0 2 3 4 0 0 0 0 0 0 0 0 2 0 0 0 0 2 0 0 0 0 6 1 0 0 0 0 1 1 0 0 0 2 0 3 0 0 2 11 2 4 0 0 0 170 319 258 57 40 135 403 168 53 34 85 176 102 171 200 285 95 50 179 0 0 0 0 3 9 0 0 0 5 0 1 0 0 1 0 0 0 0 0 0 0 0 0 13 0 3 0 1 4 0 0 4 0 0 0 0 0 0 1 1 1 0 0 0 1 2 1 2 1 1 1 1 1 1 0 0 2 0 2 0 21 9 18 17 15 0 9 9 9 10 8 0 0 26 27 20 26 0 1 0 0 0 14 28 1 0 0 8 1 0 0 0 0 0 4 0 0 0 0 0 0 0 0 2 0 0 0 0 0 0 0 0 0 0 0 0 0 0 4 0 0 0 0 8 0 0 0 0 7 0 0 0 0 0 0 0 4 0 0 0 15 1 16 56 4 1 22 0 0 37 46 0 7 0 5 35 0 16 2 0 0 0 0 0 0 0 0 0 0 0 0 0 0 4 0 0 0 0 0 0 0 9 0 0 0 16 0 0 0 0 0 52 6 2 1 0 5 0 0 0 0 0 0 0 2 0 0 0 0 
