 0 198 75 65 289 22 245 108 332 30 251 46 244 180 116 52 259 235 336 118 0 0 4 0 3 0 2 0 0 0 0 0 30 4 2 0 3 1 2 0 0 0 3 0 0 0 3 0 0 0 0 0 0 0 0 3 2 3 0 0 0 3 0 2 5 0 0 0 0 3 48 0 0 0 0 0 0 0 0 2 0 39 40 35 9 3 19 25 2 7 10 0 0 39 9 20 9 16 0 0 0 1 0 16 0 0 13 0 0 0 0 0 0 0 0 0 0 0 12 27 0 0 0 0 0 0 0 0 0 0 0 0 0 0 0 0 0 0 0 0 0 0 0 0 0 0 0 0 0 0 0 0 0 0 0 0 0 0 1 0 33 20 6 0 0 17 0 24 17 3 1 1 30 25 12 3 12 0 0 0 0 0 0 0 0 0 0 2 0 0 0 0 0 0 2 0 0 0 0 7 0 0 0 0 0 0 0 0 0 0 1 0 0 0 0 2 0 1 0 0 0 0 0 0 0 0 0 0 0 0 0 0 0 0 0 0 0 0 0 0 0 0 0 0 0 4 0 0 2 4 0 4 0 0 0 0 0 0 0 0 0 0 0 0 0 0 0 0 0 0 0 0 0 0 0 35 0 22 0 0 0 0 0 0 0 0 0 0 0 0 
 198 0 186 189 287 123 192 162 395 56 39 89 38 72 376 68 199 228 260 367 0 2 3 1 0 0 74 0 0 0 0 0 3 6 2 0 3 0 25 0 0 0 7 0 0 0 3 6 0 0 0 0 4 6 0 3 5 3 0 0 0 3 4 2 2 0 0 4 0 3 2 4 0 0 0 0 1 0 0 2 15 18 17 20 7 1 0 25 18 0 0 7 0 14 27 0 53 62 18 0 0 0 0 0 0 0 30 0 0 0 1 0 10 0 0 0 0 0 0 0 0 0 0 14 0 0 0 0 0 0 0 0 0 0 0 0 0 0 0 0 0 0 0 0 2 0 0 0 16 0 0 0 0 2 0 0 0 0 0 0 0 2 1 15 21 47 0 0 21 0 12 0 0 0 11 10 19 16 0 15 0 0 0 14 0 0 17 0 0 0 0 0 0 17 10 0 0 0 1 29 0 2 0 0 0 0 0 0 0 0 0 1 0 0 0 0 0 0 0 0 0 0 0 0 13 0 0 0 0 0 0 0 0 0 0 0 0 0 2 0 0 0 0 0 0 2 2 0 2 89 0 6 0 0 0 0 0 0 0 0 0 0 0 0 0 0 0 0 0 0 0 0 0 0 0 10 3 14 0 0 0 0 0 0 0 0 0 0 0 0 
 75 186 0 259 144 240 168 130 155 234 50 325 67 273 361 387 39 277 35 43 0 0 1 3 0 0 41 1 0 0 0 0 149 2 2 0 3 0 22 36 0 0 1 0 0 0 3 0 3 0 0 1 0 0 2 3 2 7 1 0 0 2 0 2 2 0 0 0 0 3 0 0 0 0 0 0 0 0 0 2 14 5 0 11 22 14 0 0 0 23 35 19 18 0 0 15 37 20 0 24 11 15 0 0 0 0 18 0 0 0 0 0 12 0 0 13 0 0 24 0 0 0 0 0 0 0 0 0 0 0 0 0 0 0 0 0 0 0 0 0 0 3 0 0 0 0 0 0 0 0 0 0 0 0 0 2 0 0 0 0 7 1 19 38 16 15 0 14 52 2 27 45 0 0 0 0 16 0 0 0 15 0 0 0 0 0 2 0 0 0 0 0 14 16 0 0 0 0 61 11 0 0 0 0 0 0 0 0 0 0 0 0 0 0 0 0 0 0 0 0 0 0 0 0 0 0 0 0 0 0 0 0 0 0 0 0 0 0 0 0 0 0 0 0 0 0 7 0 4 2 0 11 15 0 0 1 0 0 0 0 0 0 0 1 0 1 0 0 0 0 0 0 0 0 0 0 19 0 0 0 0 0 0 0 0 0 0 0 0 0 
 65 189 259 0 484 236 182 66 212 501 387 117 154 111 159 158 142 54 293 193 76 0 4 0 1 64 79 8 0 0 1 0 3 2 2 73 3 1 101 1 0 0 1 0 0 0 57 0 0 0 0 1 0 0 0 3 2 3 0 0 0 6 0 2 2 0 0 0 1 3 3 0 0 0 0 0 0 0 0 2 21 23 34 11 23 16 0 0 30 14 2 44 10 1 7 0 15 0 0 67 0 0 1 39 2 12 0 0 0 14 0 0 0 12 18 0 0 0 0 1 0 2 0 26 0 0 0 0 0 0 0 0 2 0 0 0 2 0 0 0 0 0 0 0 0 0 0 0 0 0 0 0 0 0 0 0 0 0 0 0 7 0 0 45 70 0 0 0 19 9 32 15 0 0 0 1 15 0 0 0 46 0 0 0 0 0 32 1 0 0 0 0 0 34 26 0 0 0 31 23 0 0 0 0 0 0 0 0 1 0 0 0 0 0 0 0 0 0 0 0 0 0 0 0 0 0 0 0 0 0 0 0 0 0 2 0 0 0 0 0 0 0 10 0 0 2 1 2 0 92 0 13 0 0 0 0 0 0 0 0 0 0 0 0 0 0 0 0 0 0 0 0 0 0 0 0 16 0 0 0 0 0 0 0 0 0 0 0 0 0 
 289 287 144 484 0 191 58 261 168 113 203 70 64 164 165 217 264 307 64 79 0 0 2 0 0 2 2 1 0 0 2 0 3 2 2 0 3 2 77 2 0 0 1 0 0 0 3 0 0 0 0 1 0 0 0 3 2 3 2 2 0 4 0 2 2 0 0 0 0 3 0 0 0 0 2 0 0 0 0 2 0 30 12 38 14 1 15 11 17 0 10 1 0 6 14 0 73 14 0 0 0 1 0 0 0 0 36 0 0 0 0 0 22 0 0 0 0 0 2 20 0 0 0 24 0 0 0 3 0 0 0 0 0 0 0 0 0 0 0 0 0 0 0 0 0 0 0 0 0 0 0 0 0 0 0 5 0 0 0 0 32 32 0 19 19 22 0 12 1 0 28 1 0 14 7 0 14 16 0 0 0 0 0 0 26 0 9 1 0 0 0 1 0 29 26 0 0 0 5 3 0 0 0 24 0 16 0 0 0 0 0 0 0 0 0 0 0 0 0 0 0 0 0 0 0 0 0 0 0 6 0 0 0 0 0 1 0 0 0 0 0 0 0 0 0 2 3 0 1 5 1 10 0 0 0 0 0 0 0 0 0 0 0 0 0 0 0 0 0 0 0 0 0 2 0 14 0 0 0 0 0 0 0 0 0 0 0 0 0 0 
 22 123 240 236 191 0 31 18 147 137 190 130 92 92 45 85 43 201 38 133 74 73 4 1 0 0 161 2 33 23 1 1 7 83 2 2 3 0 228 93 0 0 1 0 0 0 3 2 0 0 0 1 0 0 0 3 2 3 2 0 0 2 0 2 2 0 0 0 0 3 0 0 0 0 0 0 0 0 0 2 0 0 0 36 21 0 0 6 18 0 5 49 2 0 0 0 15 5 0 0 26 1 0 0 0 0 9 0 0 7 19 0 14 39 14 18 2 1 28 11 0 0 0 18 0 0 0 0 0 0 0 0 0 0 0 0 0 0 0 0 0 0 0 0 0 0 0 0 0 0 0 0 0 0 0 3 0 0 0 1 0 10 16 33 7 0 1 2 16 0 9 2 0 0 0 0 2 0 0 2 32 0 7 25 0 0 16 0 0 28 0 10 34 16 29 0 0 0 11 23 0 0 24 0 0 0 0 0 0 0 0 0 0 0 0 0 0 0 0 0 0 0 0 0 0 0 0 0 0 0 0 0 21 0 0 0 0 0 0 0 0 0 0 0 0 0 0 0 0 56 0 13 1 0 0 0 0 0 77 0 0 0 0 0 0 0 0 0 0 0 0 0 0 0 0 0 15 0 0 0 0 0 0 0 0 0 0 0 0 0 
 245 192 168 182 58 31 0 84 71 71 228 136 82 76 193 96 134 107 124 62 0 3 5 0 2 0 2 0 0 0 0 0 3 2 2 3 7 3 2 0 0 3 3 0 3 3 3 2 3 0 3 0 0 3 0 3 2 3 2 0 2 6 0 2 2 0 0 0 36 3 0 28 0 0 0 2 0 0 2 2 22 0 37 0 26 11 1 30 11 54 18 0 17 18 67 10 1 11 15 1 0 0 0 0 0 0 0 0 0 0 0 0 0 0 0 0 0 0 0 0 0 0 0 0 0 0 0 0 0 0 0 0 0 0 0 0 0 0 0 0 0 0 18 0 0 0 0 0 0 0 0 0 0 0 0 0 1 0 0 0 21 22 1 0 8 18 0 0 17 11 1 0 0 0 1 28 27 1 0 25 0 0 0 0 0 0 0 0 0 0 0 0 0 0 0 0 0 0 0 0 0 0 0 0 0 0 0 0 0 0 0 0 0 0 0 0 0 0 0 0 0 0 0 0 0 0 0 0 0 0 1 0 0 0 0 0 0 0 0 0 0 0 0 0 0 0 1 0 0 0 0 10 0 0 0 0 1 0 0 0 0 0 14 0 0 0 2 0 0 0 0 0 0 0 0 10 0 8 0 0 0 0 0 0 0 0 0 0 0 0 
 108 162 130 66 261 18 84 0 445 26 44 181 172 230 366 55 311 128 424 48 0 0 2 0 0 0 2 1 0 0 0 0 3 2 2 0 3 0 2 1 0 0 1 0 0 0 3 0 0 0 5 1 0 0 0 3 2 3 4 0 0 2 0 2 2 0 0 0 0 73 0 0 0 0 0 0 0 0 0 2 0 22 12 35 12 25 4 0 33 22 9 0 1 16 0 23 22 24 14 11 0 0 0 0 0 0 20 0 0 0 0 0 0 0 0 0 0 0 11 21 0 0 0 0 0 0 0 0 0 0 0 0 0 0 0 0 0 1 0 0 0 0 0 0 0 5 0 0 0 0 0 0 0 0 0 0 4 0 0 0 13 10 19 0 0 1 10 24 1 20 9 0 10 46 38 18 0 33 51 14 9 0 0 0 0 0 0 8 0 0 0 0 0 0 1 0 0 0 0 0 0 0 0 0 0 0 0 0 0 0 0 0 0 0 0 0 0 0 0 0 0 0 0 0 0 0 0 0 0 0 0 0 0 0 0 0 0 0 0 0 0 0 0 0 0 0 0 0 13 1 0 9 0 0 0 0 0 0 0 0 0 0 0 0 0 0 0 0 0 0 0 0 0 0 0 13 0 0 0 0 0 0 0 0 0 0 0 0 0 0 
 332 395 155 212 168 147 71 445 0 325 49 41 144 204 74 352 87 119 272 460 0 2 0 0 0 2 29 1 0 2 0 2 88 3 2 0 3 2 77 0 2 0 3 2 0 0 8 0 0 0 12 2 0 0 0 3 2 2 18 0 2 4 2 0 2 2 1 0 0 3 5 0 6 3 0 3 0 0 2 2 0 33 0 44 13 2 10 1 36 21 1 35 17 8 25 24 50 1 0 3 0 15 0 0 0 0 17 0 0 0 0 6 7 0 14 7 0 0 22 0 0 0 0 14 0 0 0 17 0 0 0 0 0 0 0 0 0 0 0 0 0 0 0 0 0 0 0 0 0 0 0 0 0 0 0 0 9 0 0 0 31 0 6 2 3 8 3 18 1 18 41 11 44 15 9 13 18 18 10 13 0 0 0 0 3 0 0 0 0 0 0 0 0 14 17 0 0 0 11 0 0 0 0 0 0 0 0 0 0 0 0 0 0 0 0 0 0 0 0 0 0 0 0 0 0 0 0 0 25 0 0 0 0 0 0 0 0 0 0 0 0 0 0 0 0 2 0 2 2 4 0 12 16 0 0 0 0 0 0 0 0 0 0 0 0 0 0 0 0 0 0 12 0 0 0 0 1 0 0 0 0 0 0 0 0 0 0 0 0 0 
 30 56 234 501 113 137 71 26 325 0 525 110 45 387 121 148 30 124 268 267 1 0 0 0 0 0 147 1 0 0 0 0 4 74 2 0 3 0 88 84 0 0 1 0 0 0 3 0 0 0 0 1 0 0 0 3 2 8 0 0 0 5 0 2 41 3 0 0 0 3 0 0 0 0 0 0 0 0 0 2 10 0 15 24 0 9 1 15 23 59 10 26 16 1 44 11 1 15 2 1 21 0 0 0 0 0 10 0 0 0 0 0 1 12 15 0 0 0 9 18 0 0 14 3 0 0 0 0 0 0 0 0 0 0 0 0 0 0 0 0 0 0 0 0 0 0 0 0 0 0 0 0 0 0 0 6 0 0 0 0 1 23 16 34 15 0 0 7 17 15 9 8 15 1 0 18 9 10 16 0 10 0 6 0 0 0 23 10 0 0 0 0 7 11 1 0 10 0 11 14 0 0 0 0 0 0 0 0 0 0 0 0 0 0 0 0 0 0 0 0 0 0 0 0 0 0 0 0 0 0 0 0 0 0 0 0 12 0 0 0 0 13 0 0 0 4 87 3 0 92 0 13 0 0 0 0 0 0 0 0 0 0 0 0 0 0 0 0 0 0 0 0 0 0 0 0 13 0 0 0 0 0 0 0 0 0 0 0 0 0 
 251 39 50 387 203 190 228 44 49 525 0 142 42 144 208 125 330 244 249 72 0 0 2 2 0 0 2 0 0 2 0 0 2 78 21 1 5 0 2 0 0 0 3 0 0 0 2 66 0 0 0 0 0 0 0 3 2 3 0 0 0 3 0 2 2 0 0 0 0 1 0 0 0 0 0 0 0 0 0 2 0 18 29 15 14 59 0 30 0 8 41 1 0 10 14 8 4 42 0 0 3 16 0 0 0 0 20 0 0 0 0 0 0 0 0 0 0 0 24 38 0 0 1 0 0 0 0 0 0 0 0 0 0 0 0 0 0 1 0 0 0 0 0 2 0 1 2 0 0 1 0 0 0 10 0 31 0 0 0 0 13 28 14 3 0 11 0 8 10 10 3 0 0 15 15 0 18 0 0 0 0 0 0 0 0 0 0 0 0 0 0 0 0 1 0 0 0 0 1 0 0 0 0 0 0 1 0 0 0 0 0 0 0 0 0 0 0 0 0 1 0 0 2 19 0 0 0 0 0 1 0 0 0 0 0 0 0 0 0 2 0 0 1 0 0 4 0 2 50 1 2 10 0 0 0 0 0 0 0 0 0 0 0 0 0 0 0 0 0 0 0 0 0 0 0 14 0 0 0 0 0 0 0 0 0 0 0 0 0 0 
 46 89 325 117 70 130 136 181 41 110 142 0 35 31 97 115 152 347 20 34 73 0 0 0 2 1 76 73 0 0 0 2 80 74 2 0 9 0 5 1 0 0 65 0 0 0 3 0 0 0 2 0 0 0 0 3 2 3 54 0 0 3 0 2 2 0 0 0 0 3 0 0 0 0 0 0 0 0 0 2 0 42 0 28 0 27 0 0 1 0 4 8 0 0 0 0 18 24 0 0 0 30 2 0 0 0 43 0 0 0 0 0 13 24 28 0 0 0 28 27 0 0 0 1 0 0 0 0 0 0 0 2 0 0 0 0 0 0 0 0 0 6 0 0 0 0 0 0 2 0 0 0 0 6 0 0 0 0 0 0 0 0 19 20 20 17 0 0 17 14 11 11 0 19 0 0 25 13 0 0 0 0 22 0 0 1 35 10 18 0 9 0 0 10 3 1 0 0 0 74 0 0 0 0 0 0 0 0 0 0 0 0 0 0 0 0 0 0 0 0 0 0 0 0 0 0 0 0 0 0 0 0 0 0 0 0 0 0 0 0 0 0 0 0 0 0 87 1 85 131 10 2 19 0 0 0 0 0 0 0 0 0 0 0 0 0 0 0 0 0 0 0 0 0 0 18 14 0 0 0 0 0 0 0 0 0 0 0 0 0 
 244 38 67 154 64 92 82 172 144 45 42 35 0 204 118 145 24 54 74 181 0 0 2 73 0 0 76 1 0 0 9 0 3 2 2 1 3 0 2 0 0 0 1 0 0 0 3 0 0 0 0 63 0 0 0 3 8 3 0 0 0 2 0 5 2 0 0 0 0 3 0 0 0 0 0 0 1 0 0 2 23 0 11 0 0 0 43 0 29 18 0 0 38 3 17 22 0 0 16 44 0 0 13 0 0 0 0 0 0 0 0 0 0 0 0 0 0 0 0 0 0 0 0 0 0 0 0 0 0 0 0 0 0 0 0 0 0 0 0 0 0 0 0 0 0 0 0 0 0 0 0 0 0 0 0 0 0 0 2 0 10 13 0 0 7 0 33 0 0 16 1 0 1 14 19 24 21 10 7 13 7 0 0 0 0 0 0 0 0 0 0 0 0 0 0 0 0 0 0 0 0 0 0 0 0 0 0 0 0 0 0 0 0 0 0 0 0 2 0 0 0 0 0 0 0 0 0 0 0 0 0 0 0 0 0 0 0 0 0 0 0 0 0 0 0 0 0 0 0 0 0 11 0 0 0 0 0 0 0 1 0 0 0 0 0 0 0 0 0 0 0 0 0 0 0 0 0 0 0 0 0 0 0 0 0 0 0 0 0 0 
 180 72 273 111 164 92 76 230 204 387 144 31 204 0 200 314 323 36 277 398 0 0 2 0 0 0 2 2 0 0 1 0 3 2 78 0 3 204 2 0 0 0 2 0 0 0 3 1 0 0 1 0 0 0 66 3 4 3 0 0 0 3 0 2 12 0 3 0 5 3 0 0 0 0 0 0 0 0 0 2 0 6 28 9 17 0 56 10 27 25 1 0 1 12 24 50 5 0 1 0 0 0 0 0 0 0 0 0 0 0 0 0 0 0 0 0 0 0 21 0 0 0 0 0 0 0 0 0 0 0 0 0 0 13 0 0 0 0 0 0 13 30 0 0 0 0 0 0 0 0 0 0 0 0 0 0 0 0 0 0 17 15 0 0 71 9 1 0 0 24 0 0 44 5 0 9 18 13 27 22 1 0 0 0 1 0 0 0 0 0 2 0 0 0 0 0 0 0 0 0 2 0 0 0 0 0 0 0 0 0 0 0 0 20 0 0 0 0 0 0 0 0 0 0 0 0 0 0 0 0 0 0 0 2 0 0 0 0 0 0 0 0 0 0 0 2 0 0 3 0 0 5 0 0 0 0 0 0 0 0 1 0 0 0 0 0 0 0 0 0 0 0 0 0 0 13 0 9 0 0 0 0 0 0 0 0 0 0 0 0 
 116 376 361 159 165 45 193 366 74 121 208 97 118 200 0 177 90 212 76 412 0 0 2 0 0 0 2 1 0 0 0 0 79 2 6 0 3 5 5 0 0 0 48 0 0 0 3 0 0 0 6 1 0 0 0 12 6 3 9 0 0 2 0 2 2 0 0 0 0 3 51 4 0 0 0 0 2 0 0 2 19 18 36 39 12 0 2 5 34 30 1 0 29 1 45 11 0 1 0 2 0 14 0 0 0 1 0 0 10 0 0 0 0 0 0 1 0 0 14 12 0 0 0 0 0 0 0 0 0 0 0 0 0 0 0 0 1 0 0 0 0 0 0 0 0 0 0 0 0 0 0 0 0 0 0 0 0 1 1 0 0 16 10 0 0 28 0 12 21 2 0 10 0 20 0 10 78 0 31 38 0 0 13 0 0 0 0 2 0 0 0 0 1 0 0 0 0 0 10 11 0 0 0 0 0 0 0 0 0 0 1 0 0 0 0 2 0 1 0 0 0 0 0 0 0 0 0 0 0 0 0 0 0 0 0 0 0 0 0 0 0 1 0 0 0 2 3 0 2 9 0 10 17 0 0 0 0 0 0 0 0 0 0 0 0 0 0 0 0 0 0 0 0 0 0 30 0 18 0 0 0 0 0 0 7 0 0 0 0 0 
 52 68 387 158 217 85 96 55 352 148 125 115 145 314 177 0 190 45 44 231 0 0 3 1 0 0 85 1 0 1 0 1 68 2 2 2 3 0 2 0 3 0 0 0 0 0 3 0 0 0 3 2 1 0 0 3 6 2 1 0 0 2 0 2 2 0 0 0 0 3 6 0 0 0 0 0 0 0 0 2 22 33 39 31 16 0 12 13 17 50 17 17 30 21 36 11 31 0 0 18 0 12 0 0 0 0 0 0 1 0 0 0 0 0 0 10 0 0 41 0 0 0 0 0 0 0 0 0 0 0 0 0 0 0 0 0 2 0 13 0 0 0 0 0 0 0 0 0 18 0 0 1 0 26 0 0 0 0 0 0 26 14 28 0 17 30 12 0 18 30 2 5 0 32 0 44 49 31 1 23 0 0 0 0 0 0 0 0 0 2 0 0 0 4 0 0 0 0 0 11 0 10 0 2 0 0 0 2 0 0 0 0 0 0 0 0 0 0 0 0 0 0 0 0 0 0 0 0 0 0 0 0 0 0 0 0 0 1 0 0 0 0 0 0 0 0 0 0 2 88 1 4 9 0 0 0 0 0 0 0 0 0 18 0 0 0 0 0 0 0 0 0 0 0 29 0 0 0 0 0 0 0 0 0 0 0 0 0 0 0 
 259 199 39 142 264 43 134 311 87 30 330 152 24 323 90 190 0 66 170 112 0 1 2 0 0 0 2 0 0 0 0 0 2 77 4 0 3 0 2 0 0 0 3 0 0 0 2 0 0 0 6 0 0 0 0 3 2 3 6 0 0 3 0 2 6 0 0 0 0 2 0 1 0 0 0 0 0 0 0 2 0 32 35 24 17 29 1 27 40 20 37 0 0 19 26 33 8 38 0 0 0 17 1 0 2 0 0 0 0 0 0 0 0 1 0 0 1 0 13 43 0 2 0 0 6 0 0 0 0 0 0 0 2 0 0 0 0 0 0 0 0 0 0 0 0 0 0 0 0 0 0 0 0 0 0 1 0 0 0 0 26 15 14 0 9 5 0 32 0 27 0 0 0 2 0 0 19 14 30 10 0 10 0 0 0 0 0 0 0 1 0 0 1 0 0 0 0 5 0 0 0 0 0 0 0 0 1 0 1 0 16 66 0 0 0 0 0 0 0 0 0 0 0 1 0 0 0 0 7 0 0 0 0 0 2 0 0 0 0 0 0 0 0 0 0 2 0 1 58 0 6 9 1 0 0 0 0 0 0 0 0 0 0 0 0 0 0 0 0 0 0 0 0 0 0 18 0 18 0 0 0 0 0 0 0 0 0 0 0 0 
 235 228 277 54 307 201 107 128 119 124 244 347 54 36 212 45 66 0 29 88 0 0 2 0 0 0 4 0 0 0 0 0 80 2 2 0 3 0 22 35 0 0 2 0 0 0 3 0 0 0 0 1 0 0 0 3 67 4 1 0 0 3 0 2 2 0 0 0 0 3 0 0 0 0 0 0 0 2 0 2 0 38 17 32 0 18 0 0 1 18 41 8 0 0 1 0 18 33 0 0 9 3 0 0 0 2 33 0 0 0 8 0 0 0 0 0 0 0 14 30 0 0 0 0 0 0 0 0 0 0 0 0 0 0 0 0 0 0 0 0 0 5 0 0 0 0 0 0 0 0 0 0 0 0 0 0 0 2 0 0 0 21 44 14 0 19 0 28 44 16 19 10 0 19 17 0 51 17 0 0 0 2 0 0 0 0 0 18 0 0 0 0 6 0 0 0 0 0 23 24 0 0 0 0 0 0 0 0 0 0 1 2 0 0 4 0 0 0 0 0 0 0 0 0 0 0 0 0 0 0 0 0 0 0 0 0 0 13 21 0 0 2 0 0 0 0 3 1 5 86 0 6 0 0 0 0 0 0 0 0 0 0 0 0 0 0 0 0 0 3 0 0 0 0 0 16 0 0 0 0 0 0 0 0 0 0 0 0 0 0 
 336 260 35 293 64 38 124 424 272 268 249 20 74 277 76 44 170 29 0 473 0 0 0 0 2 77 3 1 2 0 0 0 3 2 2 0 5 0 2 0 0 0 1 0 0 0 3 0 0 0 9 1 0 0 0 3 2 3 20 1 0 2 0 2 2 0 0 0 0 3 0 0 0 0 0 0 0 0 31 2 11 0 0 19 0 0 17 11 15 12 1 3 10 16 36 39 0 0 0 6 0 0 0 0 0 0 0 0 0 0 0 0 0 0 0 0 0 0 0 0 0 0 0 0 0 0 0 0 0 0 0 0 0 0 0 0 0 0 0 0 0 0 0 0 0 0 0 0 0 19 0 0 0 0 0 0 0 0 0 0 0 1 0 0 0 0 13 32 0 0 0 0 1 3 14 0 21 2 11 56 1 0 0 0 0 0 0 0 0 0 0 0 0 0 0 17 1 0 2 0 0 14 0 0 0 0 0 0 0 0 0 0 0 0 0 0 0 0 0 0 0 1 0 0 2 0 0 0 0 3 0 2 0 2 0 0 0 0 0 0 0 0 0 0 0 2 0 0 0 1 0 6 0 0 0 0 0 0 0 0 0 0 0 0 0 0 0 0 0 0 0 0 0 0 0 0 0 0 0 0 0 0 0 0 0 0 0 0 0 0 
 118 367 43 193 79 133 62 48 460 267 72 34 181 398 412 231 112 88 473 0 0 0 4 0 0 0 2 0 2 1 0 0 4 2 6 3 3 4 5 0 0 0 1 2 1 0 3 0 0 3 10 1 0 0 0 9 9 3 68 0 49 6 2 2 5 3 0 0 0 3 2 7 0 0 0 0 0 2 0 2 24 0 30 16 3 0 44 42 0 12 24 21 10 48 29 23 0 1 26 21 0 0 0 0 0 0 0 0 0 3 0 0 0 0 0 0 0 0 0 0 0 0 0 0 0 0 0 3 0 0 0 0 0 0 0 0 0 0 0 0 0 0 0 0 1 0 0 0 0 0 3 0 0 1 2 0 0 0 0 0 10 0 11 0 12 0 11 26 0 18 1 0 14 34 0 17 6 24 0 44 0 0 0 0 0 0 27 0 0 0 0 0 0 0 0 0 0 0 0 0 0 1 0 0 0 0 0 0 0 0 0 2 0 0 0 0 0 0 0 0 0 0 0 0 0 0 0 0 0 0 0 0 0 0 4 0 0 0 0 0 0 0 0 0 0 2 3 0 0 0 0 15 85 0 0 0 0 0 0 0 0 0 8 0 0 2 0 0 0 0 0 0 0 0 0 0 0 0 0 0 0 0 0 0 0 0 0 0 0 0 
 0 0 0 76 0 74 0 0 0 1 0 73 0 0 0 0 0 0 0 0 0 420 257 69 49 16 278 150 44 23 25 44 155 118 69 42 43 245 129 53 0 0 0 0 73 0 2 0 3 2 0 0 0 0 0 2 5 0 2 0 0 5 0 0 0 0 0 0 0 3 0 2 0 0 3 0 1 0 0 0 0 0 1 2 12 45 0 0 0 0 0 15 0 0 0 0 0 0 0 0 12 13 13 0 0 11 0 25 0 49 42 0 20 29 42 0 0 0 17 0 0 0 0 0 0 0 0 0 0 1 0 0 13 0 0 0 0 0 0 0 0 8 0 0 0 0 0 0 0 0 0 0 8 20 0 0 0 0 7 2 3 0 0 19 19 0 0 5 0 0 33 19 0 0 0 0 2 0 0 0 18 0 28 1 13 0 29 38 33 21 0 0 23 9 30 11 13 6 37 26 0 8 0 0 0 0 0 0 0 0 0 0 0 0 0 0 0 0 30 0 0 0 1 0 0 0 0 0 0 0 0 0 1 0 0 0 0 0 0 2 0 16 7 0 0 72 119 0 0 0 2 0 0 17 16 0 2 0 78 1 2 0 0 22 0 0 0 0 0 0 0 0 0 0 0 0 0 0 0 0 0 0 0 0 0 0 0 0 0 0 
 0 2 0 0 0 73 3 0 2 0 0 0 0 0 0 0 1 0 0 0 420 0 197 66 45 34 61 168 145 187 102 34 295 324 127 137 144 284 328 163 0 0 0 0 0 0 12 0 3 0 0 0 0 0 0 2 3 0 64 66 2 0 0 0 2 7 2 0 0 0 2 1 6 0 3 0 1 5 0 0 0 0 0 2 0 0 0 0 0 0 0 0 0 0 0 0 0 0 0 0 0 17 15 16 28 14 0 51 8 1 30 17 0 12 11 22 9 9 30 48 0 0 0 0 0 0 0 0 0 1 0 0 16 0 0 0 0 0 1 13 0 2 0 0 0 0 0 0 0 0 0 0 0 0 0 0 1 0 0 2 3 0 0 0 0 0 0 13 0 0 0 0 0 0 0 0 2 0 0 0 9 12 7 12 22 0 0 41 1 30 0 16 15 0 1 50 1 1 14 0 0 14 0 0 0 0 0 0 0 0 0 0 0 0 0 0 0 0 18 11 0 1 0 0 0 0 0 0 0 0 0 0 1 3 0 0 0 0 0 2 0 0 0 0 0 77 0 0 0 0 0 0 0 0 6 0 0 76 95 2 1 0 0 0 0 0 0 0 0 0 0 0 0 0 0 0 0 0 0 0 0 0 0 0 0 0 0 20 0 0 
 4 3 1 4 2 4 5 2 0 0 2 0 2 2 2 3 2 2 0 4 257 197 0 433 66 119 70 154 43 128 43 224 51 123 50 103 185 42 127 116 0 0 3 2 0 0 2 9 3 0 0 0 0 0 0 4 6 3 30 2 1 4 0 13 1 1 1 1 0 0 0 3 0 0 5 0 0 0 0 0 0 0 0 0 0 15 0 0 0 0 0 0 0 0 0 0 0 0 0 0 18 16 11 9 30 0 0 38 29 21 47 26 31 16 1 10 9 8 0 0 6 0 0 1 0 0 1 0 0 0 0 0 1 1 0 0 0 0 0 1 0 0 0 0 0 8 0 0 0 0 0 0 0 0 0 0 0 2 0 0 7 0 0 0 10 0 0 15 0 0 0 0 0 1 0 0 0 0 0 0 0 0 0 9 2 13 39 20 0 10 7 1 16 14 17 24 0 13 13 1 0 0 13 0 0 0 0 9 0 0 0 0 0 0 0 30 0 0 14 14 0 0 0 0 0 0 2 0 0 0 0 0 1 0 0 0 0 0 0 0 0 0 0 0 0 2 0 0 0 0 0 0 0 0 0 3 2 84 3 3 0 0 2 0 0 0 0 0 0 0 0 0 0 0 3 0 0 0 0 13 0 0 0 0 0 0 0 0 0 0 
 0 1 3 0 0 1 0 0 0 0 2 0 73 0 0 1 0 0 0 0 69 66 433 0 153 132 85 41 41 282 157 415 52 158 74 172 143 54 107 137 63 0 0 0 0 0 64 62 3 0 0 0 63 32 2 31 3 4 64 1 0 0 0 0 0 0 0 0 0 0 2 2 0 0 3 0 0 0 0 0 0 0 0 0 0 0 0 0 0 0 0 0 0 0 2 0 0 0 0 0 0 0 0 40 18 26 0 9 10 9 14 0 1 19 0 0 12 9 0 0 11 0 6 0 0 0 9 11 0 0 0 0 16 20 20 9 0 24 21 13 0 0 0 0 0 0 0 0 0 0 0 0 0 0 9 0 0 0 0 0 0 0 0 0 0 0 0 1 0 0 0 0 0 0 0 0 0 0 0 0 10 0 23 0 0 39 0 10 1 2 12 5 0 0 2 14 0 0 0 0 11 0 19 18 0 0 20 17 35 16 0 0 20 3 1 35 7 2 0 44 0 16 0 0 0 0 0 0 0 0 0 0 0 0 0 0 11 0 0 0 0 0 0 0 0 1 0 0 0 0 0 0 0 0 14 0 0 151 1 0 11 0 0 0 0 0 0 0 0 0 0 0 0 0 0 0 0 0 0 1 0 0 0 0 0 0 42 0 0 0 
 3 0 0 1 0 0 2 0 0 0 0 2 0 0 0 0 0 0 2 0 49 45 66 153 0 62 62 47 71 164 95 207 137 102 297 84 346 271 76 73 0 62 0 0 13 0 68 3 25 0 0 0 62 1 92 65 4 0 64 70 3 0 0 0 3 0 3 3 0 0 0 8 0 3 2 0 0 0 0 0 0 0 0 0 0 0 0 0 0 0 0 0 0 0 0 0 0 0 0 0 11 20 9 11 17 41 0 0 25 21 40 40 0 5 21 0 7 0 0 0 12 0 13 8 0 0 12 20 11 24 1 0 25 0 0 0 0 0 29 19 0 0 0 0 0 0 0 0 2 0 0 0 0 0 0 0 0 0 0 0 0 17 0 0 0 0 0 0 0 0 0 0 0 0 0 0 0 0 0 0 0 0 13 10 42 0 0 0 0 0 19 7 0 0 14 14 0 12 0 0 2 21 0 0 0 19 7 17 27 0 10 0 28 0 7 0 0 0 22 27 2 10 0 0 0 0 0 0 0 0 0 0 0 0 0 0 0 0 0 0 0 0 1 0 0 0 0 0 0 0 0 0 0 0 12 3 2 3 79 4 13 1 0 0 0 0 0 0 0 0 0 0 0 0 0 0 0 0 0 0 0 36 0 0 0 8 0 1 0 0 
 0 0 0 64 2 0 0 0 2 0 0 1 0 0 0 0 0 0 77 0 16 34 119 132 62 0 41 325 98 137 76 276 34 286 173 265 210 284 131 140 0 0 0 0 0 0 82 62 3 0 0 1 1 65 1 9 3 3 130 0 0 0 0 0 0 0 0 2 0 0 0 2 0 0 3 0 0 0 0 0 0 0 0 0 0 0 0 0 0 0 0 0 0 0 0 0 0 0 0 0 0 0 0 2 11 10 0 6 8 0 13 15 0 0 0 11 15 42 0 13 11 0 12 0 0 0 8 0 12 0 12 0 15 31 13 0 1 26 8 25 0 0 0 0 0 2 0 0 2 18 0 0 0 0 0 0 0 0 0 0 0 0 0 0 0 0 0 0 0 0 0 0 0 0 0 0 0 0 0 0 0 17 0 9 13 28 0 0 4 19 7 11 0 0 11 29 21 10 0 0 14 0 23 25 0 0 15 1 14 10 0 0 50 20 85 44 8 0 9 18 17 0 0 0 1 0 0 0 0 0 0 0 0 0 0 0 0 0 0 0 0 0 7 0 0 0 0 0 0 0 0 0 0 1 4 1 0 78 0 3 0 0 3 0 0 0 18 0 0 0 0 0 0 0 0 0 0 0 0 0 0 0 0 0 0 1 0 0 0 0 
 2 74 41 79 2 161 2 2 29 147 2 76 76 2 2 85 2 4 3 2 278 61 70 85 62 41 0 170 59 32 32 35 265 145 54 293 249 37 299 82 4 0 0 0 0 0 2 0 3 0 0 18 0 0 0 2 3 0 2 0 1 0 0 0 1 0 1 0 0 3 0 1 0 0 3 0 0 0 0 0 0 0 0 3 24 19 0 0 12 0 0 57 0 0 0 0 17 0 2 0 21 15 0 0 0 1 0 1 1 20 15 0 10 57 2 34 0 26 20 10 0 0 0 11 0 0 0 0 0 0 3 0 0 0 0 0 2 0 0 0 0 0 0 2 3 1 0 0 1 0 0 0 0 0 2 0 0 0 0 0 0 0 0 2 0 0 0 0 0 0 15 24 0 0 0 0 0 0 0 0 31 11 21 12 0 7 33 16 15 12 0 9 19 27 32 13 14 7 22 34 0 0 0 0 0 0 0 0 0 0 0 0 0 0 0 0 0 0 0 0 1 0 0 0 2 0 0 0 0 0 0 0 0 0 0 0 0 0 0 0 0 13 12 0 0 0 18 0 0 79 0 0 13 0 9 2 2 78 0 0 2 25 0 0 0 0 0 0 0 0 0 0 0 11 0 0 12 0 0 0 0 0 0 0 0 0 0 0 0 0 
 0 0 1 8 1 2 0 1 1 1 0 73 1 2 1 1 0 0 1 0 150 168 154 41 47 325 170 0 69 47 28 123 131 243 354 63 33 60 92 75 0 0 0 0 0 0 2 0 3 0 0 0 0 0 0 2 3 1 35 0 2 0 0 0 2 0 2 0 0 0 0 0 0 0 3 0 0 0 0 0 0 0 0 0 0 33 0 0 0 0 0 0 0 2 0 0 0 0 0 0 1 20 21 12 17 19 0 19 13 8 16 4 13 0 19 3 15 3 11 2 8 0 0 0 0 0 21 2 0 0 0 0 16 3 0 0 0 5 19 1 1 0 0 13 0 0 0 0 0 0 0 0 0 0 0 0 0 0 0 0 3 0 0 2 0 0 0 13 17 0 0 9 0 0 5 0 0 0 0 0 1 30 19 0 25 0 13 0 26 4 8 16 5 2 0 13 10 19 5 0 0 0 0 0 0 0 0 0 0 0 0 0 20 0 0 0 0 0 3 0 0 4 0 0 0 0 0 0 0 0 0 0 0 0 0 0 0 0 0 0 0 13 8 0 0 0 73 0 0 0 0 0 0 0 13 2 2 0 79 0 2 23 0 0 0 0 19 0 0 0 0 0 0 0 0 0 0 0 0 17 0 0 0 0 0 14 0 0 0 0 
 0 0 0 0 0 33 0 0 0 0 0 0 0 0 0 0 0 0 2 2 44 145 43 41 71 98 59 69 0 56 138 19 204 307 219 84 116 210 188 241 0 0 2 0 0 2 67 4 3 0 1 0 61 0 3 2 3 3 2 66 3 0 2 0 3 0 3 2 0 2 0 2 0 0 2 0 1 0 0 3 0 0 2 2 0 0 0 0 0 0 0 0 0 6 0 0 0 0 0 1 20 0 10 19 0 49 9 9 15 0 0 9 19 0 10 49 11 17 18 2 0 0 0 0 0 0 0 0 0 0 0 0 9 14 0 0 0 0 0 0 0 0 0 0 0 0 0 0 0 0 0 0 0 0 0 0 0 0 0 2 6 2 0 0 0 0 0 0 0 0 0 10 0 6 0 0 0 0 0 0 31 30 1 19 22 0 0 25 23 13 3 10 9 0 1 26 40 26 26 2 0 0 0 0 0 0 0 1 0 0 0 0 13 0 0 0 0 0 0 0 0 0 2 0 0 0 0 0 0 0 0 1 0 0 0 0 0 0 0 1 0 0 0 0 0 0 0 0 0 0 0 0 0 0 7 0 2 89 78 0 0 0 0 0 0 0 24 0 0 0 0 0 0 0 0 0 0 0 0 0 0 0 0 0 0 0 0 0 0 0 
 0 0 0 0 0 23 0 0 2 0 2 0 0 0 0 1 0 0 0 1 23 187 128 282 164 137 32 47 56 0 313 191 124 252 282 146 190 122 80 102 28 0 1 0 4 6 4 4 3 0 2 0 62 64 4 2 3 0 1 75 8 0 6 2 1 6 12 0 0 0 0 1 7 1 28 0 1 0 50 0 0 0 0 0 0 0 0 0 0 0 0 0 0 0 0 0 0 7 0 0 0 0 10 12 54 44 0 4 18 9 10 9 5 18 10 37 27 0 12 1 4 2 2 0 0 13 41 9 0 0 0 0 0 1 2 7 0 0 20 1 1 0 0 0 0 10 0 0 0 0 11 1 0 0 0 0 0 0 0 0 0 0 0 0 0 0 0 0 0 0 0 0 14 0 0 0 0 0 0 0 0 5 15 0 15 15 0 15 9 28 69 49 11 10 14 0 19 0 9 0 0 0 0 0 0 0 3 40 0 0 0 0 2 9 0 11 0 0 0 16 0 13 0 0 0 0 0 0 0 0 2 0 0 0 0 0 0 0 0 0 0 0 1 0 0 1 0 0 0 0 0 0 0 0 12 0 0 1 77 2 8 0 0 0 0 0 0 0 0 0 0 0 0 0 0 0 0 0 0 0 0 0 0 0 2 1 11 0 0 0 
 0 0 0 1 2 1 0 0 0 0 0 0 9 1 0 0 0 0 0 0 25 102 43 157 95 76 32 28 138 313 0 146 34 39 82 56 248 219 36 137 61 0 0 0 3 0 70 0 5 0 0 0 34 88 0 2 3 0 64 64 1 0 0 0 1 2 3 0 0 0 0 1 0 0 3 0 0 0 0 0 0 0 0 0 0 0 0 0 0 0 0 0 0 0 0 0 0 0 0 0 7 0 34 21 0 31 0 29 11 0 0 38 0 0 31 10 26 7 9 12 17 0 0 0 0 0 0 3 23 9 0 0 2 0 0 17 0 0 19 0 3 0 0 0 0 0 0 0 0 0 0 0 0 0 0 0 0 0 0 0 0 0 0 0 0 0 0 11 0 0 0 0 0 0 0 0 0 0 0 0 0 22 29 10 37 21 0 18 0 0 18 10 1 17 12 10 61 0 12 0 7 21 0 0 0 0 10 8 17 0 0 0 0 0 12 14 0 0 12 21 0 0 0 0 0 0 0 0 0 0 0 0 0 0 0 0 0 0 0 0 0 0 0 0 0 0 0 0 0 0 0 0 0 0 8 0 0 0 1 0 4 0 0 0 0 0 0 0 0 0 0 0 0 0 0 0 0 0 0 0 0 18 0 0 0 0 13 0 0 0 
 0 0 0 0 0 1 0 0 2 0 0 2 0 0 0 1 0 0 0 0 44 34 224 415 207 276 35 123 19 191 146 0 24 100 97 227 159 238 52 32 0 0 0 0 0 0 26 0 3 0 0 0 42 132 105 4 3 2 65 0 3 0 0 0 3 0 53 57 0 0 0 8 0 0 2 56 0 0 0 0 0 1 0 0 0 0 0 0 0 0 0 0 0 0 0 0 0 0 0 0 0 10 2 24 9 19 0 24 33 8 50 55 0 7 0 12 17 8 0 0 11 0 60 0 0 0 1 9 0 1 0 0 0 23 0 0 0 0 0 13 0 1 0 0 0 0 0 0 0 0 0 0 0 0 0 0 1 0 0 0 0 0 0 0 0 0 0 0 0 0 0 0 0 0 0 0 0 0 0 0 0 0 15 9 0 11 0 0 16 11 30 10 0 0 11 0 14 45 0 0 0 0 0 0 0 0 0 7 0 0 0 2 0 9 12 10 0 0 0 11 0 0 0 0 0 0 0 0 0 0 0 0 1 0 0 0 0 0 0 0 0 0 0 0 0 1 0 0 0 0 0 0 0 2 11 1 2 5 0 0 6 0 0 0 0 0 0 0 0 0 0 0 0 0 0 0 0 2 0 8 0 13 0 0 0 49 0 0 0 0 
 30 3 149 3 3 7 3 3 88 4 2 80 3 3 79 68 2 80 3 4 155 295 51 52 137 34 265 131 204 124 34 24 0 266 47 37 155 49 247 209 0 0 0 0 0 0 2 0 3 0 0 0 0 0 0 2 3 0 0 0 3 0 0 0 3 0 3 0 0 0 0 0 0 0 2 0 2 0 0 0 0 38 0 12 10 0 0 0 2 0 0 6 0 0 0 0 12 0 0 0 12 11 11 2 0 4 19 8 0 0 0 9 34 0 34 18 0 0 42 0 0 0 0 0 0 0 0 0 0 0 0 0 0 0 0 0 0 0 0 0 0 4 0 0 0 0 0 0 0 0 0 0 0 14 0 0 0 0 1 0 19 0 8 0 2 12 0 0 27 0 2 43 7 0 2 0 23 0 0 0 3 26 1 0 12 1 1 20 35 0 7 0 25 24 0 0 25 1 29 22 0 0 0 2 0 0 0 0 0 2 0 0 0 0 2 0 0 0 0 0 0 0 0 0 0 0 0 0 0 0 0 0 0 0 0 0 0 0 0 0 0 13 4 0 0 0 147 0 0 73 0 0 8 0 7 0 0 0 0 4 0 1 0 0 0 0 0 0 0 0 0 0 2 0 0 0 0 0 0 0 0 0 0 0 0 0 0 10 0 0 
 4 6 2 2 2 83 2 2 3 74 78 74 2 2 2 2 77 2 2 2 118 324 123 158 102 286 145 243 307 252 39 100 266 0 330 209 43 113 260 229 0 0 0 0 4 3 5 4 3 0 0 0 0 3 2 6 3 2 64 2 3 0 3 0 2 0 4 1 0 0 0 0 1 0 3 5 0 0 2 2 0 0 0 0 7 0 0 0 0 0 11 0 0 0 0 0 0 2 0 0 0 11 0 12 13 0 0 10 10 0 8 7 12 28 8 9 20 12 13 9 0 0 0 0 0 0 0 0 0 0 0 0 2 0 0 0 0 0 0 10 0 0 0 0 0 0 0 0 0 0 0 0 0 0 0 0 0 0 0 0 2 0 0 8 0 0 0 0 0 16 15 0 2 0 0 0 0 0 0 0 0 5 11 1 9 10 50 27 83 19 14 27 32 0 10 29 10 7 0 0 0 0 0 0 0 0 0 0 0 0 0 0 5 15 0 0 0 0 10 12 0 23 0 0 0 0 0 0 0 0 0 0 0 0 0 0 0 0 0 0 0 0 13 0 0 0 0 0 75 0 9 0 0 0 10 0 2 5 1 2 1 0 0 0 0 0 6 0 0 0 0 0 0 0 0 0 13 0 0 0 0 0 0 4 0 0 0 0 0 0 
 2 2 2 2 2 2 2 2 2 2 21 2 2 78 6 2 4 2 2 6 69 127 50 74 297 173 54 354 219 282 82 97 47 330 0 150 322 395 52 250 0 0 0 1 0 3 2 66 3 0 0 3 0 0 0 4 4 0 31 0 1 0 3 0 4 0 1 0 0 0 0 1 0 0 3 0 1 6 50 0 0 0 0 0 0 0 0 0 0 0 0 0 0 21 0 0 0 0 0 0 12 0 29 34 11 0 11 12 35 0 15 4 12 0 0 44 18 0 0 0 0 0 0 0 0 0 8 0 0 0 0 0 0 40 0 0 0 1 8 1 0 0 0 0 0 0 0 0 0 0 0 0 0 0 0 0 0 0 0 0 3 0 0 0 0 0 0 0 0 0 0 0 0 4 0 0 0 0 0 0 6 31 0 1 14 0 0 0 77 14 24 15 1 16 7 23 39 11 12 0 0 0 0 0 0 0 0 0 1 0 0 0 41 8 0 0 0 0 1 13 0 0 0 0 0 0 0 0 0 0 0 0 0 0 0 0 0 0 0 0 0 0 0 0 0 0 0 0 0 0 0 0 0 0 14 0 2 0 0 0 2 0 0 0 0 0 23 0 0 0 0 0 0 0 0 0 0 0 0 1 0 0 0 1 0 10 0 0 0 0 
 0 0 0 73 0 2 3 0 0 0 1 0 1 0 0 2 0 0 0 3 42 137 103 172 84 265 293 63 84 146 56 227 37 209 150 0 210 341 30 141 0 0 0 0 206 0 2 1 3 0 0 0 0 0 0 2 10 0 62 0 1 0 0 0 1 1 1 0 0 0 0 1 0 0 3 0 0 0 0 0 0 0 0 0 0 0 0 0 0 0 0 0 0 0 0 0 0 0 0 0 21 1 17 16 14 19 9 10 21 22 28 11 14 1 0 31 9 8 0 0 11 0 0 0 0 0 0 0 0 0 0 0 0 16 0 0 0 0 0 15 0 0 0 0 0 0 0 0 0 0 1 0 0 0 0 0 0 0 0 0 3 0 0 0 0 0 0 2 0 0 0 0 0 3 0 0 0 0 0 0 6 20 0 3 1 17 0 1 31 13 26 48 0 0 5 22 25 29 12 0 0 0 0 0 0 0 0 2 1 0 0 0 24 7 0 12 0 0 11 11 0 0 0 0 0 0 0 0 0 0 0 0 0 0 0 0 0 0 0 0 0 0 0 0 0 2 0 0 0 0 0 0 0 0 14 0 2 1 0 2 0 0 0 0 0 0 17 0 0 0 0 0 0 0 0 0 0 0 0 12 0 0 0 0 0 0 0 0 0 0 
 3 3 3 3 3 3 7 3 3 3 5 9 3 3 3 3 3 3 5 3 43 144 185 143 346 210 249 33 116 190 248 159 155 43 322 210 0 500 131 91 64 0 0 3 4 2 78 0 3 0 0 0 30 74 0 2 3 31 2 31 2 0 0 0 2 12 2 3 0 0 0 1 0 0 3 0 0 1 0 0 0 0 0 0 0 0 0 0 0 0 0 2 0 0 0 0 0 16 0 0 12 11 22 8 9 9 0 5 10 0 0 16 0 11 27 19 17 3 5 1 0 0 0 0 0 0 0 0 0 0 0 0 0 12 0 10 0 0 0 26 0 0 0 0 0 0 10 0 0 0 0 0 0 0 0 0 0 0 0 0 8 0 0 0 0 0 0 0 0 0 0 0 0 2 0 0 0 0 0 0 9 1 21 19 16 33 0 20 0 13 60 7 0 0 22 13 14 1 10 0 0 0 0 0 0 0 7 0 1 0 2 0 0 9 14 11 0 0 33 0 0 0 0 0 0 0 14 0 0 2 0 0 0 0 0 0 0 0 0 2 0 0 0 0 0 0 0 0 0 0 0 0 0 0 8 0 1 0 0 0 2 0 0 0 0 0 0 0 0 0 0 0 0 0 0 0 0 0 0 0 0 18 0 0 0 0 11 0 0 0 
 1 0 0 1 2 0 3 0 2 0 0 0 0 204 5 0 0 0 0 4 245 284 42 54 271 284 37 60 210 122 219 238 49 113 395 341 500 0 48 114 0 0 0 0 0 0 75 0 3 0 0 0 64 34 0 2 3 0 30 2 2 0 3 0 2 1 2 0 0 0 6 0 0 0 3 0 0 0 0 0 0 0 0 7 17 0 0 0 0 1 0 0 1 0 0 0 0 0 0 0 0 0 22 24 21 8 0 31 0 1 1 30 0 0 16 23 14 26 7 15 0 0 0 0 0 0 2 0 0 0 0 0 0 10 0 0 0 0 0 12 0 0 0 0 0 0 0 0 0 0 0 0 0 0 0 0 0 18 0 0 0 0 0 0 0 2 0 0 0 0 0 1 0 0 0 0 0 0 0 1 0 36 10 12 34 13 0 38 27 31 22 34 0 13 12 12 27 0 13 1 0 0 0 0 0 0 0 0 0 0 0 0 63 7 11 1 0 0 11 1 0 0 0 0 0 0 2 0 0 0 0 0 0 0 0 0 0 0 0 0 0 0 0 0 0 0 0 0 0 0 0 0 0 0 2 0 3 0 76 3 1 3 0 0 0 0 14 0 0 0 0 0 0 0 0 0 0 0 0 0 0 0 0 0 41 0 0 0 0 0 
 2 25 22 101 77 228 2 2 77 88 2 5 2 2 5 2 2 22 2 5 129 328 127 107 76 131 299 92 188 80 36 52 247 260 52 30 131 48 0 222 0 0 0 6 0 0 3 1 3 0 0 0 0 0 0 8 7 0 0 0 1 3 35 0 1 0 1 0 0 0 0 5 0 0 3 0 0 0 1 0 0 0 0 30 1 11 0 0 8 0 9 30 0 0 0 0 0 6 0 0 23 0 0 0 0 0 12 30 0 13 96 0 22 27 13 0 0 0 29 0 0 0 0 12 0 0 0 0 0 0 0 0 0 0 0 0 0 0 0 0 0 3 0 0 0 0 0 14 0 0 0 0 0 0 0 0 0 0 0 0 0 0 12 24 6 0 0 9 10 0 0 35 0 0 0 0 0 0 0 0 28 0 12 6 0 0 11 15 8 0 0 0 25 22 25 0 10 0 15 51 0 0 0 0 0 0 0 3 0 0 0 0 0 0 0 0 0 0 0 0 0 0 0 0 0 0 0 0 0 0 0 0 0 0 0 0 0 0 0 0 0 13 8 0 0 0 75 0 0 95 0 0 0 0 6 2 3 0 0 0 3 0 0 0 0 0 0 0 0 0 0 0 0 0 0 0 1 0 0 0 0 0 0 0 0 0 0 0 0 0 
 0 0 36 1 2 93 0 1 0 84 0 1 0 0 0 0 0 35 0 0 53 163 116 137 73 140 82 75 241 102 137 32 209 229 250 141 91 114 222 0 0 0 0 0 6 0 2 0 3 0 0 0 6 0 0 2 3 0 3 0 4 2 0 0 2 0 2 2 0 0 0 0 2 4 6 0 6 0 0 0 0 21 0 22 0 0 0 0 0 0 12 4 0 0 0 0 1 9 0 0 28 0 13 10 0 19 2 20 11 0 0 9 0 0 10 32 11 16 24 0 0 0 0 0 0 0 0 0 0 0 0 0 9 0 0 0 0 0 0 0 0 4 0 0 0 0 0 0 0 0 0 12 0 0 0 0 0 0 0 0 4 0 18 18 0 0 0 9 11 0 0 12 0 6 0 0 0 12 0 0 24 26 3 19 13 0 0 22 31 12 2 10 17 0 0 33 23 37 43 1 0 0 0 0 0 0 0 0 0 0 0 0 13 0 0 0 0 0 0 0 0 0 0 0 0 0 0 0 0 0 0 0 0 0 0 0 0 0 0 0 0 0 0 0 0 0 2 0 0 0 0 0 0 0 12 2 0 84 92 0 2 1 0 0 0 0 28 0 0 0 0 0 0 0 0 0 0 0 0 0 0 0 0 0 0 0 0 0 0 0 
 0 0 0 0 0 0 0 0 2 0 0 0 0 0 0 3 0 0 0 0 0 0 0 63 0 0 4 0 0 28 61 0 0 0 0 0 64 0 0 0 0 404 117 182 166 33 271 66 284 110 44 60 53 190 142 43 36 36 46 178 0 8 0 7 2 7 0 0 0 0 2 18 9 0 0 0 0 0 5 0 10 0 0 0 0 0 0 0 0 0 0 10 0 0 0 0 0 0 0 0 0 0 0 0 20 0 0 0 0 0 0 0 0 0 0 0 0 41 0 11 9 77 14 0 10 0 0 21 11 48 32 8 0 0 13 23 47 1 0 16 0 0 0 1 11 0 0 0 0 0 0 0 0 0 0 0 0 10 0 4 0 0 0 0 0 0 0 0 0 0 0 3 0 0 0 0 0 0 0 0 0 0 2 0 0 4 0 0 0 0 0 0 0 0 7 0 0 0 0 0 18 0 29 0 0 0 22 0 0 20 0 7 11 7 11 36 20 28 0 7 0 0 0 0 0 13 0 0 0 0 0 0 0 0 0 0 33 0 0 0 0 0 0 0 0 0 0 0 0 0 0 18 0 0 0 0 0 0 0 0 0 0 1 0 67 0 0 0 0 0 0 0 0 0 0 0 0 0 0 0 0 0 0 0 9 0 14 0 1 0 
 0 0 0 0 0 0 3 0 0 0 0 0 0 0 0 0 0 0 0 0 0 0 0 0 62 0 0 0 0 0 0 0 0 0 0 0 0 0 0 0 404 0 238 279 105 268 129 148 145 253 151 35 41 80 506 125 225 91 334 56 0 51 0 3 0 0 5 0 0 0 0 0 0 0 0 0 0 0 0 6 0 0 0 0 0 0 0 0 0 0 0 0 0 0 0 0 0 0 0 0 0 0 0 0 1 0 0 0 0 7 0 0 0 0 0 0 0 0 0 0 0 18 12 8 14 0 3 22 22 35 0 0 3 12 12 28 16 9 17 34 0 0 7 0 0 0 0 0 0 0 1 0 25 0 0 0 0 0 4 0 0 0 0 0 0 0 0 0 0 0 0 6 0 0 0 0 0 0 0 0 0 0 0 0 0 0 0 0 0 20 0 0 0 0 0 0 0 0 0 0 34 14 9 48 10 0 9 18 8 10 32 0 22 22 3 0 1 0 29 13 0 0 0 0 0 0 0 0 0 0 0 0 10 0 0 0 0 0 0 0 0 0 8 0 0 0 0 0 0 0 0 8 0 2 0 0 0 0 0 2 0 0 0 0 2 7 2 2 0 0 0 0 0 0 0 0 0 0 0 0 0 3 3 0 0 0 0 10 1 0 
 3 7 1 1 1 1 3 1 3 1 3 65 1 2 48 0 3 2 1 1 0 0 3 0 0 0 0 0 2 1 0 0 0 0 0 0 0 0 0 0 117 238 0 112 123 547 510 136 177 112 157 39 388 65 131 159 72 246 44 32 51 0 0 3 0 0 55 0 0 0 0 0 0 2 0 9 0 0 125 104 0 0 0 0 0 0 0 0 0 0 0 0 0 0 0 0 0 0 0 0 0 0 0 0 0 0 0 0 8 0 0 0 0 9 0 0 0 0 0 0 9 15 12 1 26 25 3 0 13 0 28 27 0 14 22 0 47 10 1 0 15 1 8 0 0 13 19 10 0 1 0 13 0 8 20 0 0 2 2 5 0 5 6 0 0 0 0 0 0 0 0 0 0 0 0 2 0 0 0 0 0 0 0 0 0 0 7 0 0 0 6 0 0 0 0 0 0 0 0 0 9 21 0 15 0 10 11 16 0 9 16 20 0 23 4 12 29 9 0 0 11 7 11 0 3 0 44 15 3 0 0 3 5 6 0 40 6 3 4 19 0 0 7 0 0 0 0 0 0 0 0 7 0 1 0 0 0 0 0 2 0 0 4 0 1 2 4 0 0 0 15 0 0 0 0 0 0 0 0 0 0 0 0 0 14 0 0 0 2 0 
 0 0 0 0 0 0 0 0 2 0 0 0 0 0 0 0 0 0 0 2 0 0 2 0 0 0 0 0 0 0 0 0 0 0 1 0 3 0 6 0 182 279 112 0 212 40 162 155 96 609 55 97 69 283 129 73 62 55 82 134 3 3 3 1 0 0 0 6 1 19 3 0 1 2 13 4 0 0 5 1 0 0 0 0 0 0 0 0 0 0 0 0 0 0 0 0 0 0 0 0 0 0 0 0 0 0 0 0 0 0 0 0 0 0 0 0 0 0 0 0 11 33 10 0 18 27 0 2 0 0 82 2 0 6 30 5 20 0 0 0 10 0 0 0 0 2 6 0 0 0 8 2 0 0 3 0 1 10 7 5 0 0 0 0 0 0 14 0 0 3 2 0 0 0 0 0 0 0 0 2 16 0 0 0 0 0 0 0 0 0 0 0 0 0 0 0 0 0 4 0 0 0 16 10 0 18 35 0 7 20 40 10 0 8 20 14 6 49 0 0 10 13 0 19 0 0 1 0 0 20 0 0 0 40 15 0 7 0 13 1 0 0 0 0 0 0 0 0 0 0 0 16 0 0 0 0 0 0 0 16 0 0 1 35 3 2 0 0 0 0 3 0 0 0 0 0 0 0 0 0 0 0 0 0 22 0 0 0 0 0 
 0 0 0 0 0 0 3 0 0 0 0 0 0 0 0 0 0 0 0 1 73 0 0 0 13 0 0 0 0 4 3 0 0 4 0 206 4 0 0 6 166 105 123 212 0 62 91 356 141 210 147 57 127 112 332 112 60 175 296 146 2 0 1 10 1 0 9 0 0 0 0 2 2 0 0 0 0 2 54 94 0 0 0 0 0 0 0 0 0 0 0 0 0 0 0 0 0 0 0 0 10 20 6 0 1 0 0 0 5 2 0 0 0 7 4 0 18 0 0 0 3 31 19 21 99 20 0 9 1 0 26 0 0 8 23 13 45 20 0 2 7 0 0 0 0 0 0 58 0 0 0 0 18 9 1 0 14 0 3 24 0 6 8 23 0 0 0 0 0 0 0 0 0 0 0 2 0 0 6 0 0 0 0 0 2 0 10 0 0 0 2 0 0 0 4 23 0 2 10 0 0 26 24 2 1 0 23 0 17 32 0 21 0 29 5 20 55 7 6 0 60 0 33 0 11 0 0 0 0 0 0 0 0 0 1 0 0 0 0 9 0 0 7 0 0 0 0 0 0 0 0 3 0 1 0 0 0 0 0 1 0 21 64 0 4 1 2 66 0 0 0 0 0 0 0 0 0 0 0 0 0 5 0 0 9 0 0 0 2 0 
 0 0 0 0 0 0 3 0 0 0 0 0 0 0 0 0 0 0 0 0 0 0 0 0 0 0 0 0 2 6 0 0 0 3 3 0 2 0 0 0 33 268 547 40 62 0 36 42 34 54 148 67 34 284 74 70 115 128 35 69 63 0 0 0 0 0 50 0 0 0 3 0 72 52 0 10 0 0 96 53 0 0 0 0 0 0 0 0 0 0 0 0 0 0 0 0 0 0 0 0 0 0 0 0 0 0 0 0 0 0 6 0 0 0 0 16 0 0 0 0 0 0 0 21 18 6 0 0 13 0 0 33 0 0 0 18 5 32 0 0 26 31 0 0 13 0 0 26 19 19 0 12 0 18 3 0 0 11 0 77 0 0 0 0 0 4 0 0 0 0 0 0 0 0 0 6 0 0 0 0 0 0 0 0 0 0 0 0 0 0 0 0 0 0 0 0 0 0 0 0 0 21 14 0 9 0 0 0 0 19 0 1 0 0 0 0 1 0 1 0 20 4 46 0 0 0 45 0 2 10 9 0 1 0 20 0 40 0 13 50 0 0 0 0 0 0 0 0 0 7 0 10 0 0 0 0 0 2 0 5 0 0 1 2 63 0 1 0 5 0 13 0 0 7 0 0 0 0 0 0 0 0 0 0 0 0 0 0 2 0 
 3 3 3 57 3 3 3 3 8 3 2 3 3 3 3 3 2 3 3 3 2 12 2 64 68 82 2 2 67 4 70 26 2 5 2 2 78 75 3 2 271 129 510 162 91 36 0 162 88 363 264 73 108 194 137 59 468 31 75 425 0 4 2 0 0 0 0 0 0 0 0 4 0 0 0 0 0 75 0 0 0 0 0 0 0 0 0 0 0 0 0 0 0 0 0 0 0 0 0 0 9 3 6 8 19 19 0 4 5 0 0 1 0 3 10 31 8 21 0 17 6 25 10 0 0 0 1 54 19 0 69 0 0 11 13 4 10 0 0 1 0 0 0 0 0 0 0 0 0 0 0 0 0 0 0 0 0 0 0 0 0 0 0 0 0 0 0 0 0 0 0 10 0 0 0 9 0 0 0 0 0 7 5 15 16 0 0 17 0 0 0 1 0 0 5 7 11 0 0 0 10 0 20 0 0 0 0 0 1 0 0 0 19 74 8 0 0 8 3 12 0 0 0 0 0 0 0 0 0 0 0 0 1 0 0 0 0 0 0 0 0 0 9 0 0 0 0 0 0 19 0 2 0 2 0 0 0 0 1 2 0 0 52 0 1 0 2 0 0 0 0 0 0 0 0 0 0 0 0 0 0 4 0 0 18 16 0 0 0 0 
 0 6 0 0 0 2 2 0 0 0 66 0 0 1 0 0 0 0 0 0 0 0 9 62 3 62 0 0 4 4 0 0 0 4 66 1 0 0 1 0 66 148 136 155 356 42 162 0 191 294 52 37 160 95 439 77 43 44 140 283 2 2 1 4 1 0 13 0 2 9 1 3 0 4 21 10 6 3 11 11 0 0 0 0 0 0 0 0 0 0 0 0 0 0 0 0 0 0 0 0 0 0 0 0 0 0 0 0 0 0 0 1 0 0 0 0 0 0 0 0 11 5 7 6 8 9 27 0 12 45 0 0 21 13 38 11 10 10 12 26 0 0 3 0 0 0 0 1 0 0 11 7 14 0 15 1 0 0 34 0 0 0 0 0 0 0 0 0 0 1 7 0 0 0 0 0 0 0 5 1 0 0 0 1 0 14 0 0 0 0 0 0 0 0 0 0 0 0 0 0 25 8 10 24 0 1 0 9 26 20 0 1 29 0 12 12 2 11 14 0 0 0 25 0 5 0 26 4 13 0 2 2 0 0 0 5 0 2 8 0 0 0 0 0 0 0 0 0 0 0 0 10 0 0 0 0 0 29 0 11 0 0 3 66 2 3 4 3 0 0 0 0 0 0 0 1 0 0 0 0 0 1 0 3 0 0 0 0 0 0 
 0 0 3 0 0 0 3 0 0 0 0 0 0 0 0 0 0 0 0 0 3 3 3 3 25 3 3 3 3 3 5 3 3 3 3 3 3 3 3 3 284 145 177 96 141 34 88 191 0 219 184 87 376 102 185 52 125 94 155 78 0 0 5 3 0 0 3 0 1 0 0 0 4 0 0 0 0 0 0 5 0 0 0 0 0 0 0 0 0 0 0 0 0 0 0 0 0 0 0 0 0 0 0 0 0 0 0 0 0 0 0 0 0 0 0 0 0 0 0 0 0 0 2 31 0 15 4 7 28 50 0 2 52 10 16 7 59 0 58 21 5 9 38 0 0 0 0 12 0 0 0 0 10 8 4 7 0 0 8 0 0 0 5 0 0 0 0 0 0 0 5 0 0 0 0 0 0 0 5 0 0 0 0 0 0 0 0 0 0 0 0 0 0 0 0 0 0 0 0 0 25 77 9 35 0 4 38 8 22 10 19 11 38 4 8 12 67 13 16 7 5 5 4 0 0 0 3 0 0 3 0 6 12 0 0 3 19 1 33 24 0 0 8 0 0 0 0 0 0 1 0 9 0 0 0 0 0 0 0 1 0 0 2 9 2 0 2 2 0 0 0 0 0 0 0 0 0 0 0 0 0 0 0 0 0 7 0 1 0 0 
 0 0 0 0 0 0 0 0 0 0 0 0 0 0 0 0 0 0 0 3 2 0 0 0 0 0 0 0 0 0 0 0 0 0 0 0 0 0 0 0 110 253 112 609 210 54 363 294 219 0 93 121 56 140 232 90 123 32 72 144 2 1 0 0 9 52 0 0 0 9 0 0 1 5 2 0 3 40 0 3 6 0 0 0 0 0 0 0 0 0 0 0 0 0 0 0 0 0 0 0 0 0 0 0 0 0 0 0 0 0 0 0 0 0 0 0 0 5 0 0 66 33 43 0 8 12 0 7 0 0 38 1 0 23 40 0 30 11 0 0 0 0 0 0 0 0 8 12 0 0 7 16 11 0 14 10 0 2 11 4 0 0 0 0 0 0 0 0 0 1 8 0 0 0 0 0 0 0 25 3 0 0 0 0 0 0 0 0 0 0 0 0 0 0 11 0 0 0 0 0 0 2 0 12 11 8 27 26 14 44 1 53 0 11 10 38 19 84 0 0 0 10 0 0 0 0 0 6 0 0 0 0 0 9 16 0 8 0 2 1 0 0 0 0 0 0 0 0 0 0 0 11 0 0 0 0 0 0 0 25 0 0 2 64 1 0 0 0 0 0 0 0 0 0 0 0 0 0 0 0 0 0 0 0 23 15 0 10 0 0 
 0 0 0 0 0 0 3 5 12 0 0 2 0 1 6 3 6 0 9 10 0 0 0 0 0 0 0 0 1 2 0 0 0 0 0 0 0 0 0 0 44 151 157 55 147 148 264 52 184 93 0 100 90 266 55 212 198 194 50 59 86 2 0 0 0 0 56 0 0 0 0 1 0 51 0 0 0 0 111 60 0 0 0 3 0 0 0 0 8 55 1 4 0 1 30 36 0 0 0 0 0 26 0 0 0 1 0 0 0 0 0 0 0 0 0 0 0 0 0 0 0 0 8 0 30 20 0 0 32 0 14 18 0 3 12 0 30 1 0 0 24 13 11 0 2 14 21 2 0 0 0 0 0 10 33 11 0 0 1 7 0 6 6 0 0 0 7 5 0 0 0 0 0 4 0 0 10 1 7 5 0 0 0 0 0 0 0 0 0 0 0 0 0 0 0 0 27 0 0 0 9 20 0 9 9 10 0 9 0 0 9 13 0 23 0 10 28 10 0 0 10 0 0 0 0 0 34 0 11 0 7 0 27 7 0 7 0 0 13 10 0 0 22 0 0 0 0 0 0 0 0 6 0 1 0 0 0 0 0 0 0 0 2 0 1 0 0 0 0 4 15 0 0 0 0 0 0 0 0 0 0 3 0 0 0 0 0 0 2 0 
 0 0 1 1 1 1 0 1 2 1 0 0 63 0 1 2 0 1 1 1 0 0 0 0 0 1 18 0 0 0 0 0 0 0 3 0 0 0 0 0 60 35 39 97 57 67 73 37 87 121 100 0 42 42 55 47 86 203 40 52 151 59 0 0 0 2 138 52 0 0 0 0 74 51 0 32 0 2 74 150 0 0 0 0 0 0 0 0 0 0 0 0 0 0 0 0 0 10 0 0 0 0 10 0 0 0 0 0 0 0 0 0 0 0 0 0 0 0 0 0 0 0 0 0 15 26 0 0 0 0 0 9 0 0 0 0 0 13 0 0 20 0 6 0 0 0 29 19 19 35 0 2 0 1 14 0 0 0 10 22 0 0 27 0 7 4 0 14 0 0 0 0 0 0 0 5 0 0 0 0 0 0 0 0 0 0 0 0 0 0 0 0 0 6 0 0 0 0 0 0 30 1 0 6 31 19 0 0 0 36 4 13 0 0 0 0 2 11 0 3 50 19 24 15 0 0 0 0 14 12 22 0 25 51 30 18 1 0 5 28 0 0 0 0 0 0 0 0 0 0 0 7 0 0 0 0 0 0 0 7 0 0 0 0 0 6 4 0 1 0 47 0 0 0 2 0 0 0 0 0 0 0 6 0 0 15 0 0 0 0 
 0 4 0 0 0 0 0 0 0 0 0 0 0 0 0 1 0 0 0 0 0 0 0 63 62 1 0 0 61 62 34 42 0 0 0 0 30 64 0 6 53 41 388 69 127 34 108 160 376 56 90 42 0 232 78 140 110 99 86 107 2 1 2 0 0 0 2 2 4 2 2 0 202 0 5 0 0 0 6 0 0 0 0 0 0 0 0 0 0 0 10 0 0 0 0 0 0 0 0 0 0 0 0 38 1 9 0 0 0 0 0 16 0 0 0 0 8 1 0 0 7 0 18 11 17 21 7 21 12 12 9 17 5 11 25 0 21 0 15 14 0 0 0 0 16 10 0 0 0 0 0 0 0 0 2 0 0 2 6 9 0 0 0 0 0 0 0 0 0 0 0 0 0 0 0 0 0 0 0 0 0 0 14 0 0 27 0 0 0 0 9 24 0 0 0 0 0 0 0 0 20 13 1 18 0 9 19 12 3 0 27 0 20 1 25 21 32 0 31 0 0 0 0 5 0 6 0 0 0 0 0 0 10 0 3 0 0 0 0 1 0 0 0 0 0 0 17 0 0 0 0 6 0 0 0 0 0 64 0 0 6 0 39 0 2 0 1 0 0 0 1 0 0 0 0 0 0 0 0 0 0 0 0 0 6 0 0 0 2 0 
 0 6 0 0 0 0 3 0 0 0 0 0 0 0 0 0 0 0 0 0 0 0 0 32 1 65 0 0 0 64 88 132 0 3 0 0 74 34 0 0 190 80 65 283 112 284 194 95 102 140 266 42 232 0 164 284 37 46 76 157 0 0 6 17 56 9 0 0 3 0 35 1 0 0 1 0 0 26 0 0 0 0 0 0 0 0 0 0 0 0 0 0 0 0 0 0 0 10 0 0 0 0 0 24 10 0 0 0 0 4 0 10 0 0 0 0 0 16 0 0 31 25 10 0 0 23 0 26 0 0 19 0 1 0 15 20 21 2 0 19 0 0 5 3 3 0 0 0 0 0 0 0 4 0 0 0 0 0 8 0 0 0 0 0 0 0 0 0 0 0 0 0 0 0 0 0 0 0 0 0 0 0 10 16 0 19 10 0 0 0 0 4 0 0 0 0 0 0 0 0 0 0 49 13 0 15 15 0 0 0 3 0 18 9 36 16 0 9 1 10 0 0 0 0 0 3 1 0 0 0 0 0 0 0 0 0 0 0 0 9 0 0 0 0 0 0 1 0 0 0 0 7 0 0 0 0 2 0 0 0 0 0 92 0 1 4 2 0 1 11 0 0 0 0 0 0 0 0 0 0 0 0 0 0 9 0 29 0 1 0 
 0 0 2 0 0 0 0 0 0 0 0 0 0 66 0 0 0 0 0 0 0 0 0 2 92 1 0 0 3 4 0 105 0 2 0 0 0 0 0 0 142 506 131 129 332 74 137 439 185 232 55 55 78 164 0 177 58 39 73 79 0 0 0 0 0 0 0 0 4 0 0 5 50 0 3 0 0 0 0 0 0 0 0 0 0 0 0 0 0 0 0 0 0 0 0 0 0 0 0 0 0 0 0 0 0 11 0 0 0 0 0 0 0 0 0 0 0 1 0 0 19 20 31 7 14 7 7 0 0 10 13 37 12 7 32 0 0 19 27 17 0 0 0 0 0 2 0 0 0 0 10 6 0 0 0 0 0 3 18 4 0 0 0 0 0 0 0 0 0 4 2 0 0 0 0 0 0 0 0 4 0 0 0 0 0 12 0 0 0 0 0 0 0 0 0 0 0 0 0 0 17 0 0 10 0 14 13 0 8 18 11 8 4 1 9 2 32 22 7 14 0 0 0 0 0 0 0 0 0 0 0 0 0 0 0 0 15 0 7 15 0 0 0 0 0 0 0 0 0 0 0 10 0 2 0 0 0 66 0 9 0 0 1 36 0 3 0 0 0 11 0 0 0 0 0 0 0 0 0 0 0 0 1 0 1 22 0 0 1 0 
 3 3 3 3 3 3 3 3 3 3 3 3 3 3 12 3 3 3 3 9 2 2 4 31 65 9 2 2 2 2 2 4 2 6 4 2 2 2 8 2 43 125 159 73 112 70 59 77 52 90 212 47 140 284 177 0 116 102 125 75 10 0 0 0 0 0 0 0 0 0 0 4 0 0 0 0 3 0 95 52 0 0 0 0 0 0 0 0 0 0 0 0 0 0 0 0 1 0 0 0 0 0 0 0 0 84 0 1 0 0 0 0 0 0 0 0 0 0 0 0 6 0 20 0 4 0 21 0 22 8 10 16 19 4 5 30 1 21 20 23 15 9 8 0 0 13 17 20 0 0 0 0 7 8 2 0 0 0 2 12 0 6 5 0 0 0 0 0 0 0 0 0 0 0 0 4 0 0 1 0 0 0 0 0 0 0 0 0 0 0 0 0 0 19 0 0 0 0 0 0 21 28 2 23 0 4 7 20 8 29 10 9 28 6 17 10 61 0 14 1 2 0 9 0 0 0 22 0 0 0 0 2 13 0 0 0 15 0 0 20 0 0 0 0 0 0 0 0 0 0 0 9 0 1 0 0 0 0 0 1 0 0 0 1 64 1 0 0 2 0 0 0 0 0 0 0 0 0 0 0 0 3 0 0 0 22 0 0 2 0 
 2 5 2 2 2 2 2 2 2 2 2 2 8 4 6 6 2 67 2 9 5 3 6 3 4 3 3 3 3 3 3 3 3 3 4 10 3 3 7 3 36 225 72 62 60 115 468 43 125 123 198 86 110 37 58 116 0 252 37 122 1 0 4 1 0 0 10 4 0 0 0 4 55 54 0 0 0 0 51 60 0 0 0 0 0 0 0 0 0 0 0 0 0 0 0 0 0 0 0 0 0 0 0 0 0 0 0 0 0 0 0 0 0 0 0 0 0 0 0 0 0 3 18 10 4 0 3 3 12 0 74 29 0 23 24 1 13 69 0 0 6 0 0 0 5 23 3 19 0 0 0 2 15 10 0 0 0 0 23 0 0 7 43 0 0 0 0 0 0 0 0 0 0 0 0 2 0 0 0 0 0 0 0 0 0 0 0 0 0 10 0 0 0 0 0 0 0 0 0 0 9 79 13 11 24 0 16 33 15 0 46 44 0 20 30 0 21 12 0 8 13 0 10 0 0 0 11 0 0 0 1 0 4 0 0 0 15 0 10 19 0 0 7 0 0 0 0 0 0 0 0 5 0 1 0 0 0 0 0 0 0 0 1 0 1 4 1 0 1 0 9 0 0 0 0 0 0 0 0 0 0 0 3 0 17 0 0 15 2 0 
 3 3 7 3 3 3 3 3 2 8 3 3 3 3 3 2 3 4 3 3 0 0 3 4 0 3 0 1 3 0 0 2 0 2 0 0 31 0 0 0 36 91 246 55 175 128 31 44 94 32 194 203 99 46 39 102 252 0 45 31 17 0 0 7 18 0 47 0 0 0 0 50 0 0 0 0 0 0 38 60 0 0 0 0 0 0 0 0 0 0 0 0 0 0 0 0 0 0 0 0 0 0 0 3 0 5 0 0 0 0 0 0 0 0 0 0 0 0 0 24 23 1 3 0 19 36 6 19 19 1 0 13 5 22 38 23 10 14 5 29 21 6 12 0 0 0 4 11 0 12 0 0 6 1 4 1 0 0 7 7 0 4 2 0 0 5 0 5 0 0 0 0 0 0 0 6 0 0 0 0 0 0 0 0 0 2 0 0 0 0 0 0 0 0 0 0 0 0 0 0 7 6 21 34 7 17 0 1 3 31 2 16 21 26 1 6 11 0 2 1 28 0 12 0 0 14 10 0 8 11 0 0 26 9 24 0 0 0 0 15 0 0 2 0 0 0 0 0 0 0 0 2 0 2 0 0 0 0 0 2 57 1 64 0 0 1 2 0 0 0 9 0 0 0 0 0 0 0 0 0 0 0 0 0 8 0 0 0 0 8 
 0 0 1 0 2 2 2 4 18 0 0 54 0 0 9 1 6 1 20 68 2 64 30 64 64 130 2 35 2 1 64 65 0 64 31 62 2 30 0 3 46 334 44 82 296 35 75 140 155 72 50 40 86 76 73 125 37 45 0 72 0 0 4 0 0 4 0 0 0 0 6 0 0 2 0 0 0 0 0 0 0 0 0 7 0 0 0 1 4 6 3 3 0 6 5 5 0 0 0 0 0 0 9 9 0 0 0 0 0 0 0 15 0 7 0 0 0 3 0 0 15 0 0 0 0 0 10 0 12 12 0 2 7 6 0 0 0 0 12 5 0 0 0 0 0 0 0 0 0 0 0 0 4 0 0 0 0 0 0 0 0 0 4 0 0 0 3 32 0 0 0 0 0 3 0 0 38 4 4 11 0 20 0 10 1 1 0 0 9 1 6 4 0 0 0 13 0 8 0 0 10 9 0 0 14 0 0 8 10 0 0 0 21 0 11 3 0 0 9 0 0 0 0 0 0 0 0 0 0 0 0 0 0 0 0 0 0 0 0 0 0 0 0 0 0 0 0 0 0 2 0 0 62 0 0 0 0 1 1 2 0 0 0 0 0 2 19 0 1 0 0 0 0 0 0 2 0 0 0 14 0 42 0 0 0 0 0 0 0 1 
 0 0 0 0 2 0 0 0 0 0 0 0 0 0 0 0 0 0 1 0 0 66 2 1 70 0 0 0 66 75 64 0 0 2 0 0 31 2 0 0 178 56 32 134 146 69 425 283 78 144 59 52 107 157 79 75 122 31 72 0 0 0 5 6 32 7 0 0 0 6 6 0 0 0 0 0 4 2 0 0 0 0 0 0 0 0 0 0 0 0 0 0 0 0 0 0 0 0 0 0 0 0 15 3 20 22 0 0 0 0 0 45 4 0 0 0 0 0 0 0 0 39 37 0 0 0 1 26 0 12 37 0 0 0 16 35 0 10 9 19 0 0 7 0 0 0 0 0 0 0 1 0 15 0 0 0 0 0 3 0 0 0 0 0 0 0 0 0 0 16 0 7 0 0 0 0 0 0 0 0 0 0 7 15 3 12 0 0 0 3 0 0 0 0 0 0 0 0 0 0 12 0 1 0 19 3 7 18 20 0 0 0 0 22 19 15 0 4 0 0 0 0 0 0 0 0 0 0 0 3 0 0 0 0 0 0 0 0 0 0 0 0 0 0 0 0 0 0 0 0 0 13 0 0 0 0 0 0 0 0 0 0 0 0 1 11 2 0 0 0 0 0 4 0 0 0 0 0 0 0 0 19 0 0 3 0 15 14 2 0 
 0 0 0 0 0 0 2 0 2 0 0 0 0 0 0 0 0 0 0 49 0 2 1 0 3 0 1 2 3 8 1 3 3 3 1 1 2 2 1 4 0 0 51 3 2 63 0 2 0 2 86 151 2 0 0 10 1 17 0 0 0 166 82 77 261 47 245 425 26 54 30 48 45 141 161 36 242 91 96 53 0 0 0 0 0 0 0 0 0 0 0 0 48 0 0 0 0 0 0 0 0 0 0 0 0 0 0 0 0 0 0 0 0 0 0 0 0 0 0 0 0 0 0 0 11 4 0 0 13 0 0 10 0 0 2 0 0 0 0 0 19 14 9 0 1 11 51 1 39 39 0 0 28 0 10 0 17 5 8 48 0 0 0 0 0 3 0 0 0 0 0 0 0 0 18 0 0 0 0 0 0 0 0 0 0 0 0 0 0 0 0 0 0 0 0 0 0 0 0 0 0 0 0 9 14 20 0 0 0 13 0 8 0 0 0 0 0 0 0 0 11 0 0 10 0 0 17 12 18 6 6 0 18 9 29 5 0 0 12 11 0 0 0 0 0 0 0 0 0 0 0 0 0 0 11 0 0 0 0 0 0 0 0 0 0 0 0 0 0 0 8 1 0 0 2 53 0 0 0 0 0 0 0 0 0 0 0 12 0 0 
