 0 402 163 138 237 249 183 376 122 23 95 173 342 316 115 241 240 89 207 133 0 10 2 3 0 0 0 1 0 0 0 0 77 4 0 0 0 3 0 0 0 0 3 0 0 0 3 0 2 0 0 0 0 0 9 0 0 0 1 1 0 0 7 2 0 0 0 0 3 0 0 3 0 0 0 0 3 0 0 0 41 22 15 2 0 0 9 27 4 30 17 0 14 26 0 27 11 14 10 5 1 52 0 0 0 0 0 0 0 0 0 50 0 0 0 0 0 0 0 1 0 0 0 0 0 0 0 0 0 0 0 0 1 0 0 0 0 0 0 0 0 0 0 0 0 0 0 0 0 0 0 0 0 6 0 0 0 0 0 0 44 24 37 13 15 10 1 0 0 0 8 13 17 17 34 21 0 0 13 1 0 0 0 0 0 0 0 0 0 0 0 0 0 0 0 0 0 1 0 0 0 0 0 0 0 0 0 0 0 0 0 0 0 0 0 0 0 0 0 0 0 0 0 0 0 0 0 0 0 0 0 0 0 1 0 0 0 0 0 0 0 0 0 0 0 2 57 0 93 0 2 5 0 0 0 0 0 0 0 0 0 0 0 0 0 0 0 0 0 0 0 0 0 0 0 0 0 0 0 0 0 0 0 0 0 0 0 0 0 0 
 402 0 413 168 263 114 429 245 137 124 81 205 166 477 290 49 83 53 50 264 0 2 2 3 0 0 0 0 0 0 0 0 47 3 0 0 0 3 78 0 0 0 3 0 0 25 4 1 2 0 0 0 0 0 1 0 0 0 0 2 0 0 33 2 1 0 0 0 6 0 0 3 0 0 0 0 2 3 0 0 0 18 40 19 1 52 13 58 23 0 1 0 0 15 18 31 11 16 0 9 1 1 0 0 0 0 40 0 1 0 0 1 18 0 20 0 0 0 29 29 0 0 0 0 0 0 0 0 0 0 0 0 0 0 0 0 0 0 0 0 0 0 0 0 0 0 0 0 0 0 0 0 0 0 0 0 0 0 0 0 11 13 11 0 23 7 0 7 13 9 14 0 0 0 17 10 22 19 0 12 0 0 0 0 0 0 0 13 0 0 0 0 1 1 0 0 0 0 21 22 11 0 0 0 0 0 0 0 0 0 15 0 0 0 0 0 0 0 0 0 0 0 0 0 0 0 0 0 0 0 0 0 0 0 0 0 2 0 0 0 0 20 0 0 0 1 0 0 88 0 6 4 0 0 0 0 0 0 0 0 0 0 0 0 0 0 0 0 0 0 0 0 0 0 0 0 2 0 0 0 0 0 0 0 0 0 0 0 0 65 
 163 413 0 226 304 163 171 297 298 213 144 107 53 68 323 39 253 40 145 85 74 4 2 3 5 0 23 0 0 0 0 2 65 3 2 0 1 7 125 0 2 0 3 0 0 0 3 3 31 2 0 3 2 0 0 0 2 0 0 0 0 0 0 2 0 0 0 0 3 0 2 3 0 0 0 0 3 0 0 0 1 0 12 39 10 9 0 1 57 20 1 16 0 0 16 9 14 0 0 7 1 0 0 0 0 0 11 0 0 0 0 0 2 0 8 15 0 0 14 19 1 0 0 0 0 0 0 0 10 0 0 0 0 52 0 0 0 0 0 0 0 0 0 0 7 0 0 0 0 1 0 0 0 0 0 0 0 0 0 0 0 0 26 21 8 11 0 14 42 2 0 32 17 18 1 14 1 31 0 21 0 0 0 0 0 0 0 12 0 0 0 0 1 0 0 0 0 0 21 19 0 0 0 0 0 0 0 0 4 0 0 0 0 0 0 0 0 0 0 0 0 0 0 0 0 0 0 0 0 0 0 0 0 0 0 0 0 0 0 0 0 11 0 0 0 1 3 0 0 0 20 4 0 0 0 0 0 0 0 0 0 0 0 0 0 0 0 0 0 0 0 0 0 0 0 1 0 0 0 0 0 0 0 0 0 0 0 0 0 0 
 138 168 226 0 275 128 327 127 177 184 197 246 142 127 172 240 41 210 177 97 0 2 2 5 0 0 1 0 0 0 1 0 63 3 0 0 0 3 85 0 0 0 3 0 0 0 3 0 2 0 0 0 0 0 1 0 0 0 0 1 0 0 0 2 6 0 0 0 3 0 0 3 0 0 20 0 2 3 0 0 18 11 36 26 9 20 0 8 34 0 21 10 17 0 0 19 24 37 14 16 9 0 0 1 0 1 10 0 5 0 0 1 0 0 46 0 2 0 1 30 0 0 15 0 0 0 0 0 15 0 0 11 0 0 0 0 0 0 0 0 0 0 0 0 0 0 0 0 0 0 0 0 0 2 0 0 0 0 0 0 22 0 10 19 8 23 0 27 11 16 48 65 0 1 31 55 0 34 0 0 0 0 0 0 0 0 1 0 0 3 0 0 9 3 0 0 0 0 37 2 0 0 0 0 0 0 0 0 0 0 0 0 0 0 0 0 0 2 0 2 0 0 0 0 0 0 0 0 0 0 0 0 0 0 0 0 0 2 0 0 0 0 0 0 0 1 89 0 1 2 0 5 11 0 0 0 0 0 0 0 0 0 0 0 0 0 0 0 0 0 0 0 0 0 0 13 0 0 0 0 0 0 0 0 0 0 0 0 0 0 
 237 263 304 275 0 558 51 255 400 168 253 87 168 188 82 428 437 50 68 293 10 77 2 3 0 0 81 2 0 0 1 0 204 3 0 1 72 3 73 76 62 0 3 0 0 0 3 0 2 0 0 0 0 0 0 0 0 0 0 1 0 0 0 2 2 0 0 0 3 0 0 3 0 0 6 0 3 3 0 0 7 11 38 0 0 51 0 14 22 3 10 0 1 1 38 20 32 1 0 8 20 0 9 0 0 0 33 15 12 0 0 0 8 0 0 0 10 0 13 8 0 0 0 0 0 0 0 0 0 0 0 0 0 0 0 0 0 0 0 0 0 0 0 0 1 0 0 0 0 9 0 1 0 3 0 0 0 0 0 0 0 0 32 12 10 0 8 1 2 0 11 25 0 0 20 1 10 42 0 0 10 0 0 0 0 0 12 7 0 0 0 0 7 1 0 0 0 0 2 20 0 0 0 0 0 0 1 0 0 0 0 0 0 0 0 0 1 0 0 0 0 0 0 0 0 0 0 0 0 0 0 0 0 0 0 0 0 0 2 13 0 0 0 0 0 7 5 0 3 2 21 7 0 0 0 0 0 0 0 0 0 13 0 0 0 0 0 0 0 0 0 0 0 0 0 11 1 0 0 0 0 0 0 0 0 0 0 0 0 0 
 249 114 163 128 558 0 42 346 208 69 78 147 157 128 60 167 369 63 234 58 28 83 4 5 4 0 82 2 75 0 5 0 169 82 1 79 21 5 96 78 3 2 3 0 0 0 3 0 2 0 0 71 3 3 2 5 4 10 0 1 0 0 0 5 1 5 3 4 3 2 0 5 1 0 1 0 3 2 0 1 0 0 0 0 16 0 0 1 0 10 16 9 0 0 19 0 10 0 0 0 1 13 0 12 0 0 13 24 4 0 0 0 32 14 1 0 28 0 0 43 2 0 0 0 0 0 0 0 0 0 0 0 0 0 0 0 0 0 0 1 0 0 0 0 0 0 0 0 0 7 0 9 20 0 0 0 0 0 0 0 0 0 17 14 27 12 0 0 2 0 0 40 0 0 16 0 0 9 0 2 14 0 0 0 0 1 25 25 0 1 20 0 11 11 19 9 9 0 11 28 0 0 0 0 0 0 3 0 2 0 0 0 0 0 0 0 1 0 0 0 0 1 0 0 0 0 0 0 0 0 0 0 0 0 0 0 0 0 2 0 0 0 0 0 1 0 48 0 3 94 1 0 3 0 0 0 0 0 0 0 0 0 0 0 0 0 0 0 0 2 0 0 0 2 0 17 0 0 0 0 0 0 0 0 0 0 0 0 0 0 
 183 429 171 327 51 42 0 113 223 92 123 43 244 68 331 174 117 126 366 287 0 5 4 3 0 0 0 3 3 0 5 0 3 4 2 1 1 3 0 2 1 1 6 6 14 1 4 48 2 3 0 4 4 1 7 4 7 2 2 4 0 40 0 2 3 0 3 0 6 0 5 6 3 0 0 0 4 4 0 0 62 2 25 20 8 56 26 62 31 0 0 0 0 15 0 21 0 31 17 11 12 0 0 0 0 0 18 0 0 11 0 0 10 0 0 0 0 0 10 1 0 2 0 0 0 0 0 1 0 0 0 0 0 0 0 0 0 0 0 0 0 0 0 0 0 0 0 0 0 3 2 0 0 0 0 0 0 2 0 0 28 23 0 10 0 0 0 6 14 11 55 15 13 0 10 0 17 21 1 13 0 0 0 0 0 0 0 1 0 0 0 4 0 0 0 0 0 0 0 0 11 0 0 0 0 0 0 0 0 1 0 0 0 0 0 0 0 0 0 0 0 0 0 1 0 0 0 0 0 0 0 0 0 0 0 0 0 0 0 0 0 0 0 0 0 2 94 2 2 2 0 4 0 0 0 0 1 0 0 0 0 2 7 1 0 0 0 0 0 0 0 2 0 0 0 0 1 13 0 0 0 0 0 0 0 0 0 0 0 0 
 376 245 297 127 255 346 113 0 491 303 177 205 177 477 133 117 126 128 266 275 0 2 2 3 0 1 0 0 13 0 2 0 2 3 0 0 0 3 2 0 0 0 7 0 0 0 3 3 4 63 0 0 2 3 1 0 4 0 0 0 0 1 0 4 0 3 0 0 7 3 0 3 0 0 0 0 3 0 0 4 17 33 40 14 0 35 0 23 33 1 0 23 4 0 7 28 31 9 9 25 1 0 0 0 0 0 16 0 0 0 0 0 8 0 0 0 0 0 10 28 0 0 0 0 0 0 0 0 15 0 6 2 0 0 0 0 0 0 0 0 0 0 0 0 5 0 0 0 0 0 0 0 0 0 0 0 0 0 0 0 3 2 0 31 80 8 12 6 53 18 17 17 16 27 18 11 7 16 10 0 0 0 0 0 0 0 0 11 0 0 0 0 1 0 0 0 0 0 0 26 1 0 0 0 0 0 2 0 0 0 22 0 0 0 0 0 0 0 0 0 0 0 0 0 0 0 0 0 0 0 0 0 0 0 0 0 3 0 0 0 0 0 0 0 0 1 95 0 93 0 0 4 0 0 0 0 0 0 0 0 0 0 0 0 0 0 0 0 0 0 0 0 0 0 0 0 1 0 0 0 0 0 0 0 0 0 0 0 0 0 
 122 137 298 177 400 208 223 491 0 454 119 135 63 400 287 143 220 359 104 152 75 4 2 5 0 0 113 0 0 0 0 0 1 87 0 0 2 5 89 3 0 2 3 3 1 0 3 0 5 0 0 0 0 0 6 0 2 0 4 0 0 0 0 2 0 0 0 0 4 0 0 3 0 0 0 0 3 2 0 0 27 10 10 1 12 46 1 22 19 24 22 35 0 0 0 0 26 19 0 7 12 0 0 0 0 0 10 5 0 0 0 0 9 6 0 17 1 0 18 1 0 0 0 0 0 0 0 0 25 0 0 0 0 0 0 0 0 0 0 0 0 0 0 0 0 0 0 0 0 0 0 0 9 2 0 0 0 0 0 0 15 12 9 22 0 0 0 11 1 0 26 29 13 2 10 0 0 17 1 0 0 0 0 0 0 0 0 13 0 0 0 0 9 7 33 0 0 7 4 17 0 0 0 0 0 0 0 0 0 0 0 0 0 0 0 0 0 2 0 2 0 11 0 0 0 0 0 0 0 0 0 0 0 0 0 0 0 2 0 0 0 0 0 0 0 0 21 0 0 0 10 3 0 0 0 0 0 0 0 0 0 0 0 0 0 0 0 0 0 0 0 0 0 56 0 13 14 0 0 0 0 0 0 0 0 0 0 0 0 2 
 23 124 213 184 168 69 92 303 454 0 174 49 158 76 113 172 128 88 83 50 0 2 2 4 0 0 78 1 0 0 2 1 7 3 0 0 4 3 75 18 0 0 3 0 0 0 3 3 4 0 0 0 2 9 0 0 9 0 0 1 0 0 0 4 3 4 0 4 3 3 0 3 0 0 2 0 6 3 0 2 0 0 29 11 14 26 0 17 23 0 9 2 0 0 0 31 10 0 0 16 32 0 0 0 0 0 84 14 22 0 0 0 33 20 12 1 2 0 18 16 0 0 0 0 0 0 0 0 10 0 0 0 0 0 0 0 0 0 0 0 0 0 0 0 9 0 0 0 0 1 2 0 0 0 0 0 0 1 0 0 0 0 0 0 16 18 0 10 19 33 0 11 0 0 0 46 17 10 0 0 0 0 0 0 0 0 9 36 0 0 0 0 10 0 0 0 19 0 39 15 0 0 0 0 0 0 0 0 0 0 0 0 0 0 0 0 0 0 0 0 0 0 0 0 0 0 0 0 0 0 0 0 0 0 0 0 0 0 0 0 0 15 26 0 0 0 1 2 1 89 14 2 11 0 0 0 0 0 0 0 0 0 0 0 0 0 0 0 0 0 0 0 0 0 0 0 1 0 0 0 0 0 0 0 0 0 0 0 0 0 
 95 81 144 197 253 78 123 177 119 174 0 115 125 506 189 326 195 76 105 45 0 2 2 3 0 0 0 0 0 0 0 2 17 3 2 0 0 3 32 0 0 0 3 0 0 0 3 0 2 0 0 0 0 0 6 0 0 62 0 0 0 0 0 2 10 0 0 0 3 46 0 3 0 0 4 0 3 2 0 0 45 47 60 10 17 26 0 8 0 1 15 0 0 18 13 58 32 30 0 30 13 0 0 0 0 0 12 0 0 0 0 0 0 0 0 0 0 0 0 10 0 0 0 0 0 0 0 0 0 0 0 0 0 0 0 0 0 0 0 0 0 0 0 0 0 0 0 0 0 0 4 0 0 0 0 0 0 3 0 0 14 9 1 20 10 0 0 0 0 1 41 18 9 0 38 15 15 0 0 0 0 0 0 0 0 0 0 10 0 0 0 0 10 0 0 0 0 0 15 13 0 0 0 0 0 0 0 0 0 0 0 0 0 0 0 0 0 0 0 0 0 0 0 0 0 13 0 0 0 0 0 0 0 0 0 0 0 0 0 0 0 0 0 0 0 2 55 0 89 0 2 3 11 0 0 0 0 0 0 0 0 0 0 0 0 0 0 0 0 0 0 0 0 0 0 18 1 13 0 0 0 0 0 0 0 0 0 0 0 0 
 173 205 107 246 87 147 43 205 135 49 115 0 31 193 203 232 250 108 51 26 28 8 2 5 0 0 76 0 2 0 0 3 76 28 2 0 0 42 107 7 2 0 3 0 0 0 3 0 2 0 0 0 0 0 1 0 2 0 0 3 2 43 0 3 0 0 4 41 5 1 0 3 1 0 0 0 7 3 0 4 15 9 14 17 15 28 0 9 1 17 15 0 0 9 47 9 44 6 0 1 0 0 0 0 0 0 0 1 2 0 0 0 43 28 10 0 0 10 1 31 0 0 0 2 0 0 0 0 16 0 1 0 0 0 0 0 0 0 0 0 0 0 0 0 0 0 0 0 0 0 0 23 10 0 0 0 0 0 0 0 0 0 14 13 34 8 1 0 0 0 13 21 0 0 17 0 7 8 0 0 0 0 0 1 0 0 10 12 0 0 21 0 22 38 48 17 13 0 42 16 0 0 0 0 0 0 0 0 0 0 0 0 0 0 0 0 0 0 0 0 0 0 0 1 0 0 0 0 0 0 0 0 0 0 0 0 2 0 0 0 0 0 0 0 0 0 87 2 46 89 0 7 0 0 0 0 0 0 0 0 0 0 0 0 0 0 0 0 0 0 0 0 0 0 11 32 19 0 0 0 0 0 0 0 0 0 0 0 0 0 
 342 166 53 142 168 157 244 177 63 158 125 31 0 82 236 120 48 129 168 156 0 2 2 3 0 0 2 0 2 0 0 0 3 3 0 2 2 4 0 0 0 0 8 0 0 0 3 1 3 0 0 1 0 3 0 0 3 0 0 68 0 0 0 2 0 2 0 2 3 0 0 3 0 0 0 0 2 3 0 0 47 20 29 18 0 7 0 27 13 29 18 21 21 44 16 54 1 14 18 45 0 0 0 0 0 0 0 0 0 0 0 0 0 0 0 0 0 2 2 0 0 0 17 0 0 0 0 1 0 0 0 0 0 0 0 0 0 0 0 0 0 0 0 0 0 0 0 0 0 0 15 0 0 0 0 0 0 0 0 0 18 4 26 14 0 8 0 18 16 0 0 0 2 31 32 13 0 0 37 11 0 0 19 0 0 0 0 0 0 0 0 0 0 0 0 0 0 0 0 0 0 0 0 0 0 0 0 0 0 0 0 2 0 0 0 0 0 0 0 0 0 0 0 0 0 0 0 0 0 0 0 0 0 0 0 0 0 0 0 0 0 0 0 0 0 2 2 0 1 0 0 2 0 0 0 0 0 0 0 0 0 0 1 0 0 0 0 0 0 0 0 0 0 0 0 0 0 0 0 0 0 0 0 0 0 0 0 0 0 0 
 316 477 68 127 188 128 68 477 400 76 506 193 82 0 269 170 114 137 90 83 0 4 2 3 0 1 0 0 0 0 2 0 0 3 0 0 0 3 0 0 0 0 3 0 0 0 3 3 4 0 0 0 2 3 5 1 4 0 0 0 0 0 1 4 51 0 0 0 7 3 0 3 49 0 0 0 3 1 1 0 20 9 14 0 0 39 11 29 0 38 1 11 13 11 20 20 11 11 14 13 0 0 0 0 0 0 0 0 0 2 0 0 0 0 0 0 0 0 0 14 0 0 0 0 0 0 1 0 0 0 0 0 0 0 0 0 0 0 0 0 0 0 0 0 10 2 0 0 0 0 12 0 0 0 0 0 0 2 0 0 1 1 1 23 19 0 9 0 5 0 15 25 15 0 23 0 19 9 12 13 0 0 0 0 0 0 0 0 0 0 0 0 2 0 0 2 0 0 0 0 0 0 0 0 0 0 0 0 0 0 0 0 0 0 0 0 0 0 0 0 0 0 0 0 0 0 0 2 0 0 0 0 0 0 0 0 0 0 0 0 0 0 0 0 0 0 89 0 46 0 0 5 0 0 0 0 0 0 0 0 0 0 0 0 0 0 0 0 0 1 0 0 0 0 0 0 0 30 0 0 0 0 0 0 0 0 0 0 0 0 
 115 290 323 172 82 60 331 133 287 113 189 203 236 269 0 244 326 133 380 193 0 2 2 3 0 3 0 0 3 0 1 0 2 5 2 0 5 3 0 0 0 0 3 0 0 0 5 0 2 0 0 0 52 2 6 0 0 2 0 0 0 0 0 2 3 0 0 0 3 0 0 3 0 0 0 0 3 1 0 0 56 23 1 25 0 1 7 33 15 34 25 0 12 16 1 15 13 47 10 0 0 0 0 0 0 0 19 0 0 0 0 0 11 0 1 0 0 0 38 0 0 0 0 0 0 0 0 0 0 0 0 0 0 0 13 0 1 0 0 0 0 0 0 0 2 0 0 0 0 0 0 0 0 2 0 0 0 0 0 0 44 23 58 53 43 11 1 18 0 2 32 36 30 24 71 22 0 26 13 1 0 0 0 0 0 0 0 0 0 0 0 0 0 14 13 0 0 0 11 0 0 0 0 0 0 0 0 0 0 0 0 1 0 0 0 0 0 0 0 0 0 0 0 0 0 0 0 0 0 0 0 0 0 0 0 0 0 0 0 0 0 0 0 0 0 1 16 1 95 0 0 2 0 0 0 0 0 0 0 0 1 0 0 0 0 0 0 0 0 0 0 0 0 0 0 3 20 0 0 0 0 0 0 0 0 0 0 0 0 0 
 241 49 39 240 428 167 174 117 143 172 326 232 120 170 244 0 184 286 264 42 4 4 5 5 1 2 1 1 0 1 1 2 75 5 2 2 2 5 111 0 0 0 5 2 0 1 19 0 3 0 1 1 0 2 4 2 2 2 0 5 2 0 0 7 9 2 0 0 3 0 0 5 0 0 11 2 3 5 0 2 0 1 1 19 5 14 2 10 0 0 19 0 0 0 0 28 14 26 0 0 3 6 0 0 0 0 28 0 11 0 0 1 0 0 11 0 1 0 0 25 0 0 0 0 0 0 0 0 0 0 0 0 0 0 0 0 0 0 0 0 0 0 0 0 0 0 0 0 0 0 6 0 0 0 0 0 0 4 0 0 0 0 0 43 15 0 0 0 0 14 49 14 0 5 20 17 11 13 0 0 0 0 0 0 0 0 0 1 0 0 0 0 22 0 0 0 0 0 25 2 0 0 0 0 0 0 0 0 0 0 0 0 0 0 0 0 0 2 0 0 0 0 0 0 0 0 0 0 0 0 0 0 0 0 0 0 3 0 0 0 0 0 0 0 0 0 119 0 3 4 2 1 16 2 0 0 0 1 0 0 0 0 0 0 2 0 0 0 0 0 0 0 0 0 0 0 0 14 0 0 0 0 0 0 0 0 0 0 0 0 
 240 83 253 41 437 369 117 126 220 128 195 250 48 114 326 184 0 219 113 116 95 2 2 3 0 0 39 1 0 0 0 66 21 3 0 0 0 3 74 0 0 0 3 0 0 0 3 0 2 0 0 0 0 0 0 0 2 0 0 0 0 0 0 2 0 0 0 0 3 0 0 3 0 0 2 0 3 1 0 0 0 0 0 14 20 0 0 27 0 19 13 43 10 0 16 9 23 13 13 20 12 0 0 0 0 0 28 1 0 0 0 0 13 1 0 15 0 1 34 17 0 0 0 0 0 0 0 0 0 0 0 0 0 0 0 0 1 0 0 0 28 0 0 0 12 7 0 0 0 0 2 0 0 0 0 28 0 4 0 0 0 1 9 34 39 0 9 10 3 2 11 12 13 8 2 0 6 8 0 0 0 0 0 0 0 0 0 18 0 0 0 1 0 9 0 0 0 0 25 17 7 0 0 0 0 0 0 0 0 0 0 0 0 0 0 0 0 0 0 0 0 0 0 0 0 0 0 0 0 0 0 0 0 0 0 0 0 0 0 0 0 10 0 0 0 1 1 0 0 1 9 5 0 2 0 0 0 1 0 0 0 0 0 0 0 0 0 0 0 0 0 0 0 0 0 0 8 10 0 0 0 0 0 0 0 0 0 0 0 0 
 89 53 40 210 50 63 126 128 359 88 76 108 129 137 133 286 219 0 29 80 0 6 2 3 0 1 0 1 0 0 0 2 2 3 1 4 4 9 80 0 0 0 3 0 2 0 3 0 2 0 0 0 0 0 11 6 62 0 0 1 0 0 0 2 1 0 0 0 3 0 0 3 0 3 1 0 3 3 0 0 10 0 0 43 2 1 0 7 11 0 56 0 7 0 0 27 12 48 14 32 10 1 0 0 0 0 2 0 10 0 0 1 5 13 11 0 0 0 2 16 0 0 0 0 0 0 0 0 2 0 0 0 0 0 0 0 0 0 0 0 0 0 0 0 0 0 0 0 0 0 5 0 0 0 0 0 0 4 0 0 41 12 11 33 14 11 0 25 0 9 33 12 11 1 27 77 24 18 1 0 0 0 0 0 0 0 7 10 0 0 10 0 10 9 0 0 0 0 28 2 0 0 0 0 0 0 0 0 0 0 0 0 0 0 0 0 0 2 0 2 0 21 0 0 0 0 7 0 0 0 0 0 0 0 0 0 0 2 0 0 0 0 0 0 0 3 1 0 1 88 0 12 11 0 0 0 0 0 0 0 0 0 0 0 0 0 0 0 0 0 0 0 0 0 0 0 18 15 0 0 0 0 0 0 0 0 0 0 0 0 
 207 50 145 177 68 234 366 266 104 83 105 51 168 90 380 264 113 29 0 92 0 19 3 5 0 0 0 0 0 0 0 0 0 5 1 0 2 5 0 0 0 0 3 0 0 0 3 22 2 0 0 0 0 0 5 0 0 0 0 0 0 0 5 2 0 0 0 0 3 0 0 3 0 0 0 0 4 1 0 0 39 0 14 0 0 0 59 23 12 3 0 0 19 63 0 13 0 22 2 14 0 0 0 0 0 0 0 0 0 0 0 0 0 0 0 0 0 0 0 3 0 1 0 0 0 0 0 2 0 0 0 0 0 0 0 0 0 0 0 0 0 0 0 0 0 0 0 0 0 0 0 0 0 0 0 0 0 0 0 0 35 10 3 0 0 0 14 0 0 0 0 0 10 26 9 0 2 0 2 13 0 0 0 0 0 0 0 1 0 0 0 0 0 0 0 0 0 0 0 0 0 0 0 0 0 0 0 0 0 2 0 0 0 0 0 0 0 0 7 0 9 0 0 2 0 0 0 0 0 0 0 0 0 0 0 0 0 0 0 0 0 0 0 0 0 1 4 0 0 2 1 6 0 0 0 0 0 0 0 0 0 0 6 0 0 0 0 0 0 0 0 0 0 0 0 0 0 9 0 0 0 0 0 0 0 0 0 0 0 0 
 133 264 85 97 293 58 287 275 152 50 45 26 156 83 193 42 116 80 92 0 0 2 4 3 0 0 1 0 0 0 1 0 2 3 1 0 0 3 0 0 0 0 3 0 4 0 3 0 2 0 0 0 0 0 0 0 6 0 2 0 6 2 6 2 0 0 0 0 3 0 4 2 0 0 0 0 3 2 0 0 29 17 0 32 0 0 15 31 36 12 16 0 35 68 0 1 0 9 27 15 0 0 0 14 0 0 0 3 0 3 0 0 0 0 0 0 0 1 12 0 0 0 0 0 0 0 0 0 0 0 0 0 0 0 0 0 0 0 0 0 0 0 0 0 0 0 0 0 0 0 0 0 0 0 0 0 0 0 0 0 52 9 71 26 0 7 0 50 0 0 38 17 16 32 36 24 1 10 11 0 0 0 0 0 15 0 0 0 0 0 1 0 0 0 0 0 0 0 0 0 0 0 0 0 0 0 0 0 2 0 0 0 0 0 0 0 0 0 0 0 0 0 0 0 0 0 2 0 0 0 0 0 0 0 0 0 0 0 0 0 0 0 0 0 2 0 0 2 2 1 0 3 0 0 0 0 0 0 0 0 0 0 0 0 0 0 0 0 0 0 0 0 0 0 0 0 0 0 0 0 0 0 0 0 0 0 0 0 0 0 
 0 0 74 0 10 28 0 0 75 0 0 28 0 0 0 4 95 0 0 0 0 296 341 274 53 250 235 26 159 37 116 26 104 116 124 119 126 40 34 203 0 0 0 0 2 0 3 0 0 8 0 0 0 6 1 0 0 5 3 63 0 0 0 3 2 0 6 0 3 2 0 0 4 31 0 2 3 3 3 3 0 0 0 0 47 0 0 0 0 0 0 18 0 0 0 0 0 0 0 0 31 23 30 10 2 0 6 24 21 1 1 11 26 31 13 20 10 2 10 15 0 0 0 0 0 0 0 0 0 0 0 0 0 22 0 0 0 0 15 0 0 0 0 0 0 0 0 0 0 2 0 0 0 7 0 0 0 0 0 0 0 0 1 0 16 10 0 0 0 0 0 10 0 0 0 0 0 0 0 0 56 12 41 26 0 0 17 9 1 0 50 21 0 2 15 45 28 10 0 28 0 0 0 0 0 0 1 0 0 0 0 0 0 0 0 0 0 0 0 0 0 15 0 0 0 0 0 0 0 0 0 0 0 0 0 0 0 0 0 0 0 0 0 0 0 0 0 0 0 77 12 0 0 0 0 0 0 1 0 2 1 14 0 0 0 0 0 0 0 0 0 0 0 0 0 0 12 0 0 0 0 11 0 0 0 0 0 0 0 0 
 10 2 4 2 77 83 5 2 4 2 2 8 2 4 2 4 2 6 19 2 296 0 331 194 38 125 63 104 144 236 190 99 159 402 97 355 257 45 133 76 0 0 0 0 2 0 3 0 0 4 0 1 0 2 0 0 0 1 25 0 0 0 2 0 52 0 3 0 3 2 0 0 3 0 0 2 2 0 3 3 0 0 0 0 0 0 0 0 0 0 0 0 10 0 0 0 0 0 0 0 0 28 49 14 0 0 4 18 0 13 17 20 18 13 0 12 0 2 0 14 0 0 0 0 0 0 18 0 0 0 0 12 0 0 0 0 0 0 13 0 0 0 0 0 0 0 0 0 21 6 0 4 3 0 2 0 0 0 0 0 0 0 2 0 0 0 0 0 0 0 0 21 0 0 6 0 0 0 0 0 13 26 5 1 0 18 22 11 20 14 1 0 14 24 22 19 10 8 27 0 0 0 0 0 0 0 0 0 0 0 0 0 50 0 0 0 0 0 0 0 0 0 0 0 0 0 2 0 0 0 0 0 0 0 0 0 0 0 0 0 0 0 0 0 0 0 74 0 0 0 0 0 0 0 2 0 0 76 80 2 1 1 0 0 0 0 0 0 0 0 0 0 0 0 0 28 0 0 0 0 0 1 0 2 0 16 0 0 0 0 
 2 2 2 2 2 4 4 2 2 2 2 2 2 2 2 5 2 2 3 4 341 331 0 316 247 242 57 115 226 277 35 105 65 349 127 222 261 127 37 125 0 0 0 0 2 0 3 0 0 0 0 0 0 65 0 0 0 1 3 33 0 0 0 0 2 0 3 0 3 2 0 0 5 0 0 1 2 0 3 3 0 2 0 0 0 0 0 0 0 0 0 18 0 0 0 0 0 0 0 0 0 23 1 9 14 11 0 96 13 13 19 28 0 0 0 0 9 9 0 2 23 0 1 1 0 0 0 22 0 0 0 0 0 0 0 2 9 0 0 16 0 0 0 0 0 0 0 0 0 0 0 0 0 0 0 0 2 0 0 0 0 0 0 0 0 0 0 0 0 0 0 0 0 0 0 1 0 2 0 0 0 11 36 13 0 21 4 0 12 0 21 56 0 11 12 19 11 28 6 13 17 0 0 0 0 0 2 13 4 0 0 0 19 7 0 0 0 0 12 0 0 0 0 0 0 0 0 0 0 0 2 0 0 0 0 0 0 0 0 0 0 0 0 0 0 0 0 0 0 0 0 0 0 0 77 0 0 79 77 2 1 0 0 0 0 0 18 0 0 0 0 0 0 0 0 0 0 0 0 8 0 0 0 0 0 14 8 0 0 0 
 3 3 3 5 3 5 3 3 5 4 3 5 3 3 3 5 3 3 5 3 274 194 316 0 120 120 197 258 102 294 221 115 305 347 167 166 30 103 67 74 0 0 0 0 2 0 65 30 0 3 0 0 2 68 0 1 2 3 33 62 0 0 0 0 2 0 7 0 3 5 0 3 5 0 0 0 10 29 3 3 0 0 0 0 0 0 0 0 0 0 0 0 0 0 0 2 0 0 0 0 22 46 32 12 13 0 0 20 24 0 24 9 0 36 21 25 11 39 0 0 11 0 0 0 0 0 11 1 7 0 0 0 27 1 15 0 0 1 56 11 5 10 0 22 0 0 0 0 0 0 0 0 0 0 0 0 0 1 1 0 52 0 0 0 0 0 0 0 0 0 0 0 0 0 3 0 0 0 0 0 13 48 34 2 14 11 0 11 19 34 10 1 0 0 11 11 12 0 0 20 8 7 18 0 0 0 11 0 0 0 0 0 10 0 1 0 0 0 14 1 0 0 0 0 0 0 0 0 0 0 0 0 0 2 0 0 0 0 15 0 0 0 1 0 0 0 0 0 0 1 0 0 0 0 18 0 2 77 75 2 1 2 0 0 0 0 22 0 0 0 0 0 0 0 0 0 0 0 0 0 0 23 0 0 0 0 0 0 0 0 
 0 0 5 0 0 4 0 0 0 0 0 0 0 0 0 1 0 0 0 0 53 38 247 120 0 102 69 66 79 389 169 125 294 219 107 67 80 151 89 82 2 75 62 0 2 0 161 62 0 0 0 12 177 189 84 0 0 0 3 2 0 0 4 0 2 0 3 0 3 2 0 0 4 0 0 1 2 3 3 3 0 0 2 0 0 0 0 0 0 0 0 0 0 0 0 0 0 0 0 0 1 0 0 6 10 20 0 0 0 10 0 23 2 0 0 0 0 0 2 0 24 0 25 7 1 0 2 24 7 68 0 10 46 34 25 13 2 10 19 30 4 0 0 0 2 0 0 0 1 0 0 0 0 0 0 4 0 0 0 0 0 0 0 0 0 0 0 0 0 2 0 0 0 0 0 0 0 0 0 0 0 0 0 0 0 10 0 0 0 0 0 8 0 0 0 0 0 10 0 0 0 8 40 27 0 2 33 27 20 10 11 7 19 16 8 13 26 18 14 24 0 0 0 0 0 0 0 0 0 0 0 0 12 0 0 0 0 0 0 0 0 0 0 0 0 0 0 0 0 0 0 0 0 0 12 0 2 5 0 2 2 2 63 0 0 0 0 0 0 0 0 0 0 0 0 0 0 0 0 0 0 0 0 0 7 0 12 10 0 0 
 0 0 0 0 0 0 0 1 0 0 0 0 0 1 3 2 0 1 0 0 250 125 242 120 102 0 106 128 112 215 65 264 22 52 44 73 62 108 55 44 0 0 0 0 22 21 30 0 21 0 0 4 90 65 1 0 1 12 129 0 0 0 0 0 2 0 6 0 3 2 0 0 4 0 0 2 13 3 3 4 0 0 0 0 0 0 0 0 0 0 0 0 0 0 0 0 0 0 0 0 0 0 26 13 19 18 0 0 0 10 30 24 0 0 14 0 0 11 0 0 18 0 12 0 0 0 13 0 0 10 0 0 77 7 13 0 7 1 34 35 0 0 0 0 0 0 0 0 0 0 0 0 0 0 0 0 0 0 0 0 0 0 0 0 10 0 0 0 0 0 0 0 0 0 1 0 0 0 0 0 0 13 0 17 7 31 7 0 0 0 0 50 0 0 0 9 0 26 0 0 12 0 15 0 0 0 13 11 0 0 0 0 55 9 0 0 42 1 27 12 0 0 0 0 0 0 0 0 0 0 0 0 0 0 0 0 0 0 0 0 0 0 0 0 0 0 0 0 0 0 0 0 0 0 7 0 0 2 44 1 1 0 0 0 0 0 0 0 0 0 0 0 53 0 0 0 0 0 0 0 0 0 0 0 0 0 12 0 0 0 
 0 0 23 1 81 82 0 0 113 78 0 76 2 0 0 1 39 0 0 1 235 63 57 197 69 106 0 108 115 54 304 26 218 439 118 46 25 121 38 118 0 0 0 0 2 0 3 0 36 0 0 0 1 2 0 0 0 62 3 0 0 0 0 0 2 0 5 0 54 2 1 1 4 0 0 2 2 0 3 3 0 0 0 0 50 18 0 0 0 0 0 32 0 0 0 0 0 0 0 0 13 1 0 10 13 0 0 14 14 0 0 0 12 26 18 28 11 25 0 0 0 0 0 0 0 0 0 0 0 0 0 0 18 0 0 0 0 0 35 0 0 0 0 6 0 0 0 0 0 0 0 0 0 0 0 0 8 0 0 0 0 0 0 0 8 55 0 0 0 13 0 2 0 0 0 0 19 6 0 0 26 2 0 12 0 0 0 75 1 32 39 0 9 15 13 14 50 1 0 49 0 0 0 0 0 0 1 0 0 0 0 0 0 0 0 0 0 0 0 0 0 0 0 0 18 0 0 0 0 0 0 0 0 0 0 0 0 0 0 0 0 0 12 0 0 0 0 0 0 84 19 0 0 0 0 2 1 3 0 1 0 0 0 0 0 0 0 0 0 0 0 0 0 0 0 0 0 0 0 0 0 0 0 0 0 0 0 0 0 0 
 1 0 0 0 2 2 3 0 0 1 0 0 0 0 0 1 1 1 0 0 26 104 115 258 66 128 108 0 57 120 116 112 374 212 193 99 50 101 63 135 0 0 0 0 2 0 3 0 0 0 0 204 0 3 0 2 0 0 90 0 0 0 0 0 2 0 3 0 2 2 0 0 5 0 0 0 2 0 3 3 0 0 0 0 0 0 0 0 0 0 21 0 0 0 0 1 10 0 0 0 11 10 14 20 25 0 15 0 0 1 13 7 4 27 21 27 21 21 9 0 0 0 0 0 0 0 7 1 0 0 0 0 9 1 0 0 0 0 26 0 0 0 0 1 0 0 0 0 0 0 0 0 0 0 0 0 2 0 0 0 0 0 0 0 0 0 2 8 0 0 0 0 0 0 5 0 0 0 0 0 7 6 25 8 0 14 32 14 36 9 22 0 6 12 0 8 14 12 25 34 0 0 0 1 0 13 2 0 0 0 0 0 21 1 0 0 0 0 0 0 0 0 0 0 0 0 0 0 0 0 0 2 0 0 0 0 0 0 0 1 0 0 3 0 0 20 0 0 0 0 0 0 0 0 0 9 0 89 77 0 1 0 0 0 0 0 14 0 0 0 0 0 0 0 0 0 14 0 0 0 0 16 0 0 0 0 1 0 0 0 
 0 0 0 0 0 75 3 13 0 0 0 2 2 0 3 0 0 0 0 0 159 144 226 102 79 112 115 57 0 244 43 408 97 89 185 178 207 115 212 162 0 0 0 0 2 0 20 5 9 0 1 0 62 65 0 3 0 30 3 0 0 0 0 0 5 3 3 0 3 5 3 0 6 0 3 0 5 5 3 3 0 0 0 0 0 10 0 0 0 0 0 6 0 0 0 0 0 0 0 0 1 20 12 22 15 48 0 10 10 28 10 27 0 12 0 0 25 3 0 18 16 0 11 0 0 0 0 0 0 0 0 0 16 6 11 0 0 0 0 18 0 0 0 0 0 0 0 0 0 0 0 0 0 0 0 0 0 0 0 0 0 0 7 0 0 0 0 0 0 0 0 0 0 0 0 0 0 0 0 3 0 0 10 45 0 10 31 1 7 9 25 24 12 15 25 15 0 25 10 22 0 0 0 0 0 0 4 8 0 0 0 0 18 0 0 0 6 0 18 0 0 0 0 0 0 0 0 0 0 0 0 0 0 0 0 0 0 0 0 18 0 0 9 0 0 0 0 0 0 0 0 0 0 0 0 0 0 6 0 1 2 1 0 0 0 0 0 0 0 0 0 0 0 0 0 0 0 0 0 0 0 0 0 0 0 0 15 0 0 0 
 0 0 0 0 0 0 0 0 0 0 0 0 0 0 0 1 0 0 0 0 37 236 277 294 389 215 54 120 244 0 82 202 506 186 267 80 140 153 111 105 0 0 0 21 2 0 72 0 0 0 0 0 0 26 0 0 0 0 86 61 0 0 0 0 2 0 3 0 3 2 0 0 5 0 0 1 2 4 3 10 0 0 0 0 0 0 0 0 0 0 0 0 0 0 0 0 0 0 0 0 0 20 15 19 0 16 0 1 2 16 20 14 0 10 0 11 0 13 0 11 23 0 15 0 0 0 21 3 0 0 0 0 20 33 15 9 8 12 0 0 0 0 0 0 0 0 11 0 4 0 0 0 0 0 0 0 0 12 0 0 0 0 0 0 0 0 18 13 0 0 0 0 0 0 6 2 0 0 8 0 0 12 10 41 9 29 16 0 17 13 16 24 11 2 12 7 0 19 10 0 18 0 0 0 0 8 10 68 16 0 0 0 6 0 0 0 0 11 0 3 0 0 0 0 0 0 0 0 0 0 1 0 0 0 0 0 2 0 0 0 0 0 0 0 0 0 0 0 0 0 0 0 0 0 10 0 1 42 8 1 15 2 0 0 0 0 0 0 0 0 0 0 0 0 0 0 0 0 0 0 0 0 0 0 0 9 0 0 0 0 
 0 0 0 1 1 5 5 2 0 2 0 0 0 2 1 1 0 0 0 1 116 190 35 221 169 65 304 116 43 82 0 132 61 365 116 258 187 190 44 126 0 0 0 0 2 0 33 0 1 4 0 0 81 3 6 208 0 1 3 134 0 4 0 0 2 0 3 40 3 2 0 0 4 0 0 1 9 0 3 3 0 0 0 0 0 0 0 0 0 0 0 0 14 0 0 0 0 0 0 0 4 20 39 16 48 32 0 8 9 13 44 13 0 13 23 27 2 50 0 0 0 0 0 0 0 0 0 8 0 0 0 0 30 1 30 0 0 0 20 0 0 0 0 10 0 0 0 0 0 0 10 0 0 1 0 0 0 0 0 0 0 0 0 0 0 0 0 0 0 4 0 0 0 0 0 0 0 0 0 0 34 37 7 6 17 0 0 11 23 30 1 11 0 16 24 16 12 0 0 26 23 0 0 0 0 0 0 0 0 19 1 0 30 0 61 9 2 0 46 5 0 0 1 0 0 0 0 2 0 0 0 0 0 0 0 0 0 0 0 0 0 0 0 0 0 0 0 0 0 0 0 0 0 0 3 0 2 76 3 0 2 1 0 0 0 0 8 0 0 0 0 0 0 0 0 0 0 0 0 0 0 13 0 0 0 0 0 0 0 0 
 0 0 2 0 0 0 0 0 0 1 2 3 0 0 0 2 66 2 0 0 26 99 105 115 125 264 26 112 408 202 132 0 47 87 84 193 100 95 105 51 0 0 0 0 2 0 67 3 2 0 0 6 69 8 0 0 3 0 66 0 1 0 0 2 2 0 3 0 3 5 0 1 4 3 0 1 2 2 3 4 0 0 0 0 0 0 0 0 0 0 0 0 0 0 0 0 0 0 0 0 0 23 40 10 18 40 0 7 0 0 67 34 0 0 0 0 6 1 0 12 17 0 0 0 1 0 0 2 0 15 1 0 19 14 10 13 10 0 15 34 0 0 0 0 0 0 0 0 0 0 0 0 0 0 0 0 1 0 0 0 0 0 0 0 0 0 0 0 0 0 0 0 0 0 0 0 0 0 0 0 24 2 39 41 8 18 0 0 14 25 1 18 15 10 27 4 10 22 11 14 5 0 0 0 0 0 0 0 15 6 0 0 101 17 17 0 0 0 61 12 1 0 0 0 0 0 0 0 0 0 0 0 0 0 0 0 0 0 0 0 0 0 16 0 0 0 0 0 0 0 1 0 2 0 3 1 2 75 92 2 2 0 2 0 0 0 21 0 0 0 0 0 2 0 0 0 0 0 0 0 0 0 0 0 0 13 0 0 0 0 
 77 47 65 63 204 169 3 2 1 7 17 76 3 0 2 75 21 2 0 2 104 159 65 305 294 22 218 374 97 506 61 47 0 155 260 45 207 32 179 408 0 0 0 0 2 0 3 0 0 0 0 0 0 3 0 0 0 0 3 0 0 0 0 0 6 0 3 0 3 2 0 0 4 0 5 0 2 0 3 4 14 10 10 0 13 8 0 0 1 2 13 7 2 0 7 13 21 0 0 0 39 15 5 30 0 0 54 35 23 0 9 0 14 3 27 0 35 0 8 28 0 2 0 0 0 0 0 0 0 0 0 0 0 0 1 0 0 0 0 0 0 0 0 5 0 0 0 0 0 6 0 0 0 6 0 0 0 0 0 0 4 9 19 1 37 0 0 0 0 0 11 1 0 0 2 31 0 20 0 22 27 0 3 0 0 0 57 16 3 14 29 0 8 0 0 0 3 0 26 1 2 0 0 0 0 23 4 0 0 2 0 13 0 0 0 0 0 0 0 0 0 0 0 0 0 0 0 0 0 0 0 0 0 0 0 0 0 0 0 0 0 11 0 0 0 0 0 0 0 76 0 0 10 0 16 0 0 3 0 1 0 23 0 0 0 0 0 0 0 0 0 0 0 0 0 14 0 0 0 0 0 0 0 0 0 0 0 0 0 0 
 4 3 3 3 3 82 4 3 87 3 3 28 3 3 5 5 3 3 5 3 116 402 349 347 219 52 439 212 89 186 365 87 155 0 108 211 63 128 97 107 0 0 0 0 2 0 3 0 0 16 0 0 0 3 0 1 0 1 67 3 0 0 0 1 2 0 3 0 6 5 0 0 4 0 0 1 2 0 3 3 0 1 0 0 0 0 0 0 0 1 4 0 0 0 0 0 0 0 0 0 0 35 30 14 6 1 0 11 0 36 23 11 20 14 0 30 9 10 0 0 0 0 0 2 1 0 19 0 0 0 0 0 0 0 0 0 0 0 0 0 0 0 0 0 0 0 0 0 0 0 0 6 10 0 0 0 0 0 0 0 0 0 0 0 0 0 3 0 0 0 0 24 0 0 8 0 0 0 0 0 0 57 6 2 0 43 0 0 0 18 0 19 1 32 22 35 20 8 16 0 0 25 1 0 0 0 0 0 0 0 0 0 0 0 0 0 0 0 0 0 0 0 0 0 0 0 0 0 0 0 2 0 12 0 17 0 0 0 0 0 0 0 0 0 0 0 75 0 0 0 0 0 0 0 3 2 2 1 2 0 17 0 66 0 0 70 7 0 0 0 0 0 0 0 0 20 0 0 0 10 0 0 0 0 0 19 0 0 0 0 
 0 0 2 0 0 1 2 0 0 0 2 2 0 0 2 2 0 1 1 1 124 97 127 167 107 44 118 193 185 267 116 84 260 108 0 237 52 87 166 298 0 0 0 0 2 0 3 0 0 9 0 0 65 3 2 1 1 1 3 0 0 0 0 0 2 0 3 0 3 2 0 0 4 0 0 0 2 0 3 3 0 0 0 0 0 0 0 0 0 0 0 18 0 0 0 0 0 0 0 0 0 65 43 14 8 20 19 0 0 15 18 0 0 9 18 28 1 0 0 14 0 0 0 0 0 0 0 0 0 0 0 0 7 1 0 0 0 0 10 0 0 0 0 3 0 0 0 0 0 8 2 0 0 2 0 0 0 0 0 0 0 0 0 0 0 0 0 0 0 0 0 0 0 2 0 0 0 0 0 0 0 30 1 1 0 1 0 11 34 27 1 8 15 9 14 15 23 8 9 8 0 0 0 0 2 0 0 0 0 0 0 2 0 0 0 0 0 0 0 0 0 0 0 0 0 0 6 0 0 0 0 0 0 0 0 0 0 0 0 0 0 0 0 0 0 0 0 0 0 0 0 0 0 0 9 0 0 155 0 1 6 1 0 0 0 0 2 0 0 0 0 0 0 0 0 0 0 0 0 0 0 16 0 0 0 16 15 0 0 0 
 0 0 0 0 1 79 1 0 0 0 0 0 2 0 0 2 0 4 0 0 119 355 222 166 67 73 46 99 178 80 258 193 45 211 237 0 548 120 31 83 0 0 0 0 2 0 7 2 2 0 0 0 0 3 0 0 0 65 3 0 0 0 0 0 2 0 3 0 56 2 0 1 5 1 0 2 20 0 3 3 0 0 0 0 0 13 0 0 0 0 0 6 0 26 0 0 0 0 0 0 13 47 24 0 47 0 1 31 37 0 15 0 0 16 9 17 35 0 0 25 0 0 0 0 0 0 0 0 0 0 0 0 0 0 0 0 0 0 13 0 0 0 0 8 0 0 0 0 0 0 0 0 0 2 0 0 0 0 0 0 0 0 11 0 0 0 0 0 0 0 0 0 0 0 0 0 11 0 0 3 12 37 26 27 0 5 23 0 24 38 17 0 7 25 26 18 22 21 27 38 0 0 0 0 0 0 4 0 0 0 0 0 0 0 0 0 0 0 0 0 0 0 0 0 0 0 0 0 0 0 0 0 0 0 0 0 0 0 0 0 0 0 7 0 0 0 0 0 0 0 0 0 0 0 5 2 0 48 0 0 0 14 0 0 0 0 15 0 0 0 0 0 0 0 0 0 0 0 0 7 0 6 0 0 0 12 0 0 0 0 
 0 0 1 0 72 21 1 0 2 4 0 0 2 0 5 2 0 4 2 0 126 257 261 30 80 62 25 50 207 140 187 100 207 63 52 548 0 258 67 253 0 0 0 0 2 0 21 0 0 0 0 0 127 101 0 0 0 5 3 0 0 0 0 0 2 0 3 0 3 2 0 0 4 0 0 0 2 4 3 3 0 0 0 0 0 1 0 0 0 0 0 8 0 0 0 0 0 0 0 0 22 27 27 16 9 24 0 1 11 11 0 32 0 10 0 1 19 11 0 9 26 0 25 0 0 0 0 1 0 0 0 0 22 6 38 0 0 2 0 0 0 0 13 4 0 0 0 0 0 0 0 0 0 6 0 0 0 0 0 0 0 0 4 0 0 0 0 0 0 1 0 0 0 0 0 0 1 1 0 10 48 50 11 9 3 28 35 14 25 0 10 26 0 11 1 9 2 32 0 46 0 0 0 0 0 0 3 10 0 7 0 0 0 0 11 0 0 0 3 8 0 0 0 0 0 0 0 0 0 0 0 0 0 0 15 0 0 0 0 0 0 0 1 0 0 0 0 0 0 0 0 0 0 0 8 1 1 86 0 1 3 8 0 0 0 0 0 0 0 0 0 0 0 0 0 0 0 0 0 0 0 30 0 0 0 0 12 0 0 0 
 3 3 7 3 3 5 3 3 5 3 3 42 4 3 3 5 3 9 5 3 40 45 127 103 151 108 121 101 115 153 190 95 32 128 87 120 258 0 32 135 0 10 208 0 2 0 65 2 0 0 0 0 62 49 0 0 4 0 3 0 0 0 0 0 2 2 3 2 2 2 0 0 5 0 0 1 2 5 3 10 0 0 0 1 1 0 0 0 0 3 0 0 0 0 0 0 0 0 0 0 1 15 0 18 27 16 0 0 0 24 0 32 0 26 19 22 1 14 0 0 68 0 28 0 0 0 0 29 0 0 0 0 38 43 20 10 13 12 13 2 0 0 0 6 0 0 0 0 0 0 1 0 0 1 0 0 0 0 0 0 0 0 0 0 0 0 4 0 0 0 12 0 0 0 6 0 0 2 0 0 1 18 10 18 3 28 0 9 14 0 13 37 1 0 14 0 19 15 0 12 18 0 0 0 0 0 28 32 18 0 0 1 0 0 14 0 1 0 2 7 0 0 0 0 0 0 0 0 0 0 0 0 0 0 0 0 0 0 0 0 0 0 0 0 0 0 0 0 0 0 0 0 0 0 12 0 2 75 2 9 19 0 0 0 0 0 0 0 0 0 0 0 0 0 0 0 0 0 0 6 0 19 0 0 0 0 0 0 0 0 
 0 78 125 85 73 96 0 2 89 75 32 107 0 0 0 111 74 80 0 0 34 133 37 67 89 55 38 63 212 111 44 105 179 97 166 31 67 32 0 301 0 0 0 0 2 0 3 2 0 0 0 0 0 3 0 0 0 7 3 0 0 0 0 0 8 0 3 0 3 2 0 0 4 2 5 1 2 0 3 3 62 17 16 42 1 19 0 0 0 2 27 2 1 0 13 12 28 30 0 0 13 6 12 1 0 0 24 2 2 0 13 0 46 0 0 0 1 0 9 8 0 0 0 0 0 0 0 0 0 0 0 0 0 0 2 0 0 0 0 0 0 0 0 0 0 0 0 0 0 0 0 6 17 0 0 0 0 0 0 8 0 0 15 0 12 7 0 0 0 38 23 24 0 0 0 24 0 2 0 0 0 0 11 11 1 0 11 18 34 14 10 0 27 16 37 0 0 0 60 0 0 0 0 0 0 0 0 0 0 0 0 0 0 0 0 11 0 0 0 0 0 0 0 0 0 0 0 0 0 49 0 0 0 0 0 1 0 0 0 0 0 18 0 0 0 0 75 0 0 0 0 0 10 0 12 2 2 4 0 0 3 0 0 0 0 0 0 0 0 0 0 0 0 0 0 46 0 0 0 0 0 0 0 0 0 0 0 0 0 0 
 0 0 0 0 76 78 2 0 3 18 0 7 0 0 0 0 0 0 0 0 203 76 125 74 82 44 118 135 162 105 126 51 408 107 298 83 253 135 301 0 0 3 0 63 2 4 3 3 0 0 0 0 0 3 0 2 0 0 4 2 1 0 0 0 2 3 3 3 8 2 3 0 5 0 2 1 7 2 6 3 0 0 0 9 26 0 0 0 0 23 6 0 0 0 0 0 0 0 0 0 0 1 9 13 51 0 62 91 45 38 8 0 51 3 55 68 14 20 8 1 0 0 0 0 0 0 0 0 0 15 0 0 0 0 0 0 17 0 0 0 0 0 0 0 0 0 0 0 0 8 0 27 3 0 0 0 0 0 0 0 0 0 0 0 0 10 14 0 0 12 0 18 0 0 1 15 0 0 0 0 5 16 5 48 0 0 36 12 0 1 59 21 10 27 22 22 48 3 25 14 0 0 0 0 0 15 0 0 0 0 0 0 0 0 0 10 0 0 0 0 0 0 0 0 0 0 0 0 0 0 11 0 0 0 0 0 0 0 0 0 0 10 0 0 0 0 76 1 0 0 0 0 0 0 6 0 2 4 0 2 19 5 0 0 2 0 0 0 0 0 0 0 0 0 0 18 0 0 0 0 0 0 0 0 0 0 0 0 0 0 
 0 0 2 0 62 3 1 0 0 0 0 2 0 0 0 0 0 0 0 0 0 0 0 0 2 0 0 0 0 0 0 0 0 0 0 0 0 0 0 0 0 228 149 368 47 33 44 37 57 46 24 35 251 85 336 197 114 92 150 84 0 0 0 0 0 0 0 1 0 3 0 0 0 0 1 0 0 0 5 0 0 0 0 0 0 0 0 0 0 0 0 0 0 0 0 0 0 0 0 0 0 0 0 0 0 0 0 0 0 0 0 0 0 0 0 0 0 0 0 0 10 18 0 0 36 22 13 9 7 32 0 16 0 9 5 15 26 43 0 1 1 0 4 0 3 0 0 0 0 0 0 0 0 1 0 2 0 0 0 0 0 0 0 0 0 0 0 0 0 0 0 0 0 0 0 0 0 0 0 0 0 0 0 0 0 0 0 0 0 15 0 2 0 0 0 0 0 0 0 0 11 3 0 45 10 12 0 32 8 10 20 21 11 17 23 0 13 0 0 3 0 0 0 0 0 0 1 0 0 0 0 0 19 6 0 0 0 0 23 28 0 0 0 0 0 0 0 0 0 0 0 3 39 0 0 0 0 0 0 0 0 0 40 0 0 18 0 0 0 0 0 0 0 0 0 0 0 0 0 0 0 0 0 0 3 0 0 24 0 0 
 0 0 0 0 0 2 1 0 2 0 0 0 0 0 0 0 0 0 0 0 0 0 0 0 75 0 0 0 0 0 0 0 0 0 0 0 0 10 0 3 228 0 428 148 32 30 175 261 55 46 33 279 326 138 450 112 98 26 268 269 0 0 0 0 0 0 23 11 0 12 0 0 2 0 0 8 0 0 5 7 0 0 0 0 0 0 0 0 0 0 0 0 0 0 0 18 0 0 0 0 0 0 0 0 0 0 0 0 0 1 0 0 0 0 0 0 0 0 0 0 14 9 4 0 12 2 2 106 40 18 19 10 0 18 11 20 1 60 11 21 7 0 0 0 0 0 0 0 0 0 0 0 0 71 0 7 0 0 0 0 0 0 0 0 0 0 0 0 0 0 0 0 0 0 0 0 0 0 0 0 0 0 0 0 13 13 0 0 0 0 0 0 0 0 0 0 0 1 0 0 10 15 10 25 6 9 37 10 23 16 15 38 14 11 20 38 19 11 14 14 3 0 0 0 0 0 10 0 0 0 0 0 0 7 0 0 0 0 4 0 0 0 0 0 0 0 0 0 0 0 0 4 0 16 0 0 1 0 0 0 69 0 104 0 2 5 2 0 0 0 0 0 0 0 0 0 0 0 0 0 0 0 0 0 14 22 0 10 1 0 
 3 3 3 3 3 3 6 7 3 3 3 3 8 3 3 5 3 3 3 3 0 0 0 0 62 0 0 0 0 0 0 0 0 0 0 0 0 208 0 0 149 428 0 77 60 46 290 86 382 155 106 56 130 76 265 49 82 44 326 100 0 0 0 1 0 0 0 0 0 1 0 0 0 0 0 0 0 0 21 1 0 7 7 0 0 0 0 0 0 7 0 13 0 1 0 4 0 0 3 15 0 0 0 0 0 0 0 0 0 0 0 0 0 0 0 0 0 0 0 0 0 38 40 0 15 32 1 12 0 16 0 1 0 16 14 49 1 0 0 0 6 0 0 0 0 0 0 0 0 1 0 0 0 0 0 5 0 0 0 0 0 0 0 0 4 0 0 1 22 0 0 0 0 4 0 0 0 0 7 7 9 0 0 0 0 0 0 0 0 0 0 0 0 9 0 0 0 0 0 0 11 4 8 28 13 0 9 32 21 22 23 14 1 22 0 22 1 8 0 38 10 0 0 0 0 0 0 0 0 0 0 0 1 6 0 0 0 0 2 30 0 0 0 0 0 0 0 0 0 0 0 11 0 2 0 0 0 0 0 7 0 0 69 0 14 2 2 0 0 0 0 0 0 0 0 0 0 0 0 0 0 0 0 0 4 0 0 0 2 0 
 0 0 0 0 0 0 6 0 3 0 0 0 0 0 0 2 0 0 0 0 0 0 0 0 0 0 0 0 0 21 0 0 0 0 0 0 0 0 0 63 368 148 77 0 141 31 81 88 81 223 104 68 301 106 312 81 361 198 443 76 0 0 0 3 0 0 1 2 0 0 0 0 1 0 0 0 0 0 0 0 0 0 0 0 0 0 0 0 0 19 0 0 0 0 0 0 0 0 0 0 0 0 0 0 0 0 0 0 0 0 0 0 0 0 0 0 0 0 0 0 13 12 0 6 10 0 10 0 7 0 0 26 0 0 0 17 34 12 0 0 10 0 1 0 0 0 20 0 0 0 0 0 10 1 3 0 1 31 35 0 0 0 0 0 1 0 12 0 0 0 0 0 0 0 0 0 0 0 0 0 0 0 0 0 0 0 0 0 0 0 0 2 0 0 0 0 0 0 0 0 0 0 0 20 9 35 0 0 0 36 18 18 0 14 0 0 0 0 0 0 7 16 10 0 0 0 9 0 22 0 0 0 12 2 7 24 12 0 25 1 0 0 0 0 0 0 0 0 0 0 0 11 0 0 0 0 0 0 0 1 0 0 0 0 1 25 0 73 0 0 10 0 2 0 0 0 0 0 0 0 0 0 0 0 35 0 0 0 0 0 
 0 0 0 0 0 0 14 0 1 0 0 0 0 0 0 0 0 2 0 4 2 2 2 2 2 22 2 2 2 2 2 2 2 2 2 2 2 2 2 2 47 32 60 141 0 391 282 271 120 85 82 331 67 82 120 76 35 122 292 125 25 8 0 0 0 2 51 13 25 2 0 0 5 3 4 49 4 4 26 211 0 0 0 0 0 0 0 0 0 0 0 0 0 0 0 0 0 0 0 0 0 0 0 0 0 0 0 0 0 0 0 0 0 0 0 0 0 0 0 0 0 0 0 10 0 1 0 0 0 0 11 0 0 0 0 0 0 0 0 0 17 0 0 0 4 0 12 11 16 30 0 12 4 0 13 0 0 0 14 7 0 4 0 0 0 0 0 0 0 0 0 0 0 0 0 0 0 0 0 0 0 0 0 0 0 0 0 0 0 0 0 1 0 0 0 0 0 0 0 0 0 0 0 0 0 30 0 0 0 0 0 0 0 0 0 0 0 0 0 0 5 10 11 0 2 0 4 16 21 10 10 11 0 34 14 4 20 2 14 1 13 0 0 0 0 0 0 0 0 0 0 4 0 0 0 0 0 0 0 3 0 0 1 5 3 6 2 0 4 0 0 0 0 0 0 4 0 0 0 0 0 0 0 0 0 0 0 0 0 0 
 0 25 0 0 0 0 1 0 0 0 0 0 0 0 0 1 0 0 0 0 0 0 0 0 0 21 0 0 0 0 0 0 0 0 0 0 0 0 0 4 33 30 46 31 391 0 258 83 49 53 151 339 41 47 85 66 74 106 50 45 0 3 0 1 0 0 55 0 0 0 0 2 3 3 13 0 3 0 2 4 0 0 0 0 0 0 0 0 0 0 0 0 0 0 0 0 0 0 0 0 0 0 0 0 9 0 0 0 0 5 0 0 0 0 0 0 0 0 0 0 0 0 6 31 14 1 2 0 0 29 46 0 0 0 6 0 6 0 0 0 0 0 20 0 0 0 40 8 10 0 10 0 1 19 13 10 9 0 75 32 0 0 0 0 0 0 0 0 0 0 0 0 0 0 0 0 0 0 0 0 0 0 0 0 7 0 0 0 0 0 0 0 0 0 0 0 0 0 0 0 0 41 9 0 29 5 0 0 0 0 10 0 0 0 4 19 0 4 0 0 11 15 4 0 11 0 41 0 7 0 8 4 1 16 10 10 0 9 6 10 14 0 0 0 0 0 0 2 0 0 0 11 0 0 0 0 1 0 0 0 0 0 0 2 2 0 2 0 0 0 0 0 0 0 2 0 0 0 0 0 0 0 5 0 0 0 0 0 0 0 
 3 4 3 3 3 3 4 3 3 3 3 3 3 3 5 19 3 3 3 3 3 3 3 65 161 30 3 3 20 72 33 67 3 3 3 7 21 65 3 3 44 175 290 81 282 258 0 367 90 60 33 44 541 168 119 309 35 20 47 47 0 0 201 0 0 0 0 0 0 0 0 3 201 0 0 0 0 3 0 0 0 0 0 0 0 0 0 0 0 0 0 0 0 0 0 0 0 0 0 0 0 0 1 4 0 24 0 0 0 10 9 20 0 0 0 0 0 0 0 0 25 1 28 6 20 19 3 7 4 10 5 0 17 21 23 0 28 0 10 14 1 0 6 0 4 0 0 0 0 0 11 0 0 0 0 1 0 0 0 0 0 0 0 0 0 0 0 0 0 4 0 0 0 0 0 0 0 0 16 0 0 0 0 0 0 1 0 0 0 0 0 24 0 0 6 0 0 44 0 0 10 40 51 0 0 5 45 10 1 19 11 15 3 3 13 0 30 25 18 1 14 0 0 0 0 0 0 0 0 0 0 0 1 0 0 0 0 0 0 0 0 0 0 0 0 0 0 0 0 0 0 7 0 1 0 0 0 0 1 1 0 0 1 0 1 2 0 0 2 0 0 0 0 0 0 0 0 0 0 0 0 0 6 0 0 0 10 0 0 0 
 0 1 3 0 0 0 48 3 0 3 0 0 1 3 0 0 0 0 22 0 0 0 0 30 62 0 0 0 5 0 0 3 0 0 0 2 0 2 2 3 37 261 86 88 271 83 367 0 86 21 247 117 275 172 156 44 125 29 64 204 0 0 0 0 0 2 0 8 0 0 50 0 2 0 0 12 0 0 0 13 40 0 0 0 0 0 16 0 4 15 0 0 0 0 1 0 0 9 0 5 0 0 0 0 0 0 0 0 50 0 0 0 0 0 0 0 0 0 0 1 14 0 7 0 16 0 23 38 22 26 20 1 18 0 14 11 0 44 3 38 0 0 0 0 0 0 0 0 60 23 0 0 0 3 0 0 0 0 9 0 8 3 52 0 0 0 0 0 0 0 0 0 3 0 0 0 3 10 0 0 0 0 0 1 26 13 0 0 0 0 0 0 0 0 0 0 0 3 0 0 10 32 16 6 13 9 38 11 9 4 2 0 7 10 20 27 12 9 34 13 0 0 0 0 0 7 12 0 0 0 0 0 0 8 0 0 0 0 0 0 0 0 0 0 0 0 0 0 0 0 0 4 0 2 0 0 0 0 65 2 0 0 8 0 0 16 0 0 0 0 0 0 0 0 0 0 0 0 0 0 0 0 0 0 11 8 0 0 2 0 
 2 2 31 2 2 2 2 4 5 4 2 2 3 4 2 3 2 2 2 2 0 0 0 0 0 21 36 0 9 0 1 2 0 0 0 2 0 0 0 0 57 55 382 81 120 49 90 86 0 70 123 43 319 422 193 134 299 205 69 117 0 11 81 0 0 0 53 0 0 0 0 0 1 0 0 0 52 0 2 2 0 0 0 0 3 10 0 0 0 0 0 0 0 0 0 0 0 0 0 0 0 0 0 0 0 0 0 3 5 0 0 0 0 8 15 0 7 0 0 0 15 29 0 10 15 27 1 0 0 12 15 23 0 0 0 11 9 0 0 0 0 0 36 0 10 0 25 0 0 0 0 0 1 0 6 0 0 0 10 0 0 0 0 0 3 0 0 0 0 11 0 0 0 0 0 0 0 0 0 0 0 15 0 0 0 0 3 0 0 0 0 1 4 3 5 0 26 2 0 3 0 21 27 0 8 0 0 9 25 1 23 0 0 11 8 0 22 0 21 8 0 0 1 0 0 0 20 0 0 0 0 0 8 7 0 0 0 0 7 13 0 0 10 0 0 0 0 0 0 0 0 15 0 0 0 0 0 0 0 8 0 0 1 0 0 3 1 1 0 0 0 0 0 0 0 0 0 0 0 0 0 0 0 0 0 0 0 0 0 0 
 0 0 2 0 0 0 3 63 0 0 0 0 0 0 0 0 0 0 0 0 8 4 0 3 0 0 0 0 0 0 4 0 0 16 9 0 0 0 0 0 46 46 155 223 85 53 60 21 70 0 387 132 52 86 379 163 193 375 95 82 0 0 0 10 0 0 0 0 0 0 0 0 69 51 0 0 0 0 22 1 0 0 0 0 0 0 0 0 0 0 0 0 0 0 0 0 0 0 0 0 3 14 6 7 0 0 0 0 0 3 3 6 0 0 0 14 1 0 0 0 0 22 10 16 0 10 0 0 1 0 11 18 0 0 0 11 28 0 0 0 16 0 11 0 0 0 26 0 0 0 0 0 27 0 8 10 0 0 22 12 0 0 0 0 0 0 0 0 0 0 0 0 0 0 0 0 0 0 0 8 5 12 6 0 0 0 0 0 0 0 8 0 0 0 0 10 0 0 0 0 0 0 0 1 2 7 0 0 0 0 18 19 0 0 0 12 0 0 0 0 21 0 1 0 0 0 22 0 0 0 0 0 32 0 0 20 7 0 18 28 0 0 0 0 0 0 0 0 0 0 0 13 0 1 0 0 0 0 0 0 0 0 0 65 64 6 0 64 0 0 10 0 0 0 0 0 0 0 0 0 0 10 0 0 0 0 0 0 1 0 
 0 0 0 0 0 0 0 0 0 0 0 0 0 0 0 1 0 0 0 0 0 0 0 0 0 0 0 0 1 0 0 0 0 0 0 0 0 0 0 0 24 33 106 104 82 151 33 247 123 387 0 96 88 36 134 126 260 156 31 56 0 0 51 7 7 0 0 0 1 0 2 2 54 0 0 0 0 0 13 2 0 0 4 0 0 0 0 0 0 0 0 0 0 0 0 0 0 0 0 0 0 0 0 0 0 0 0 0 0 0 10 0 0 0 0 0 0 0 0 0 0 0 26 7 0 22 0 0 0 0 6 17 0 0 0 0 0 0 0 0 7 0 8 0 0 2 27 0 0 0 0 0 10 0 8 0 0 0 20 10 0 0 0 0 0 0 0 0 0 0 10 0 0 0 0 0 0 0 0 0 0 0 0 0 0 0 0 0 0 0 0 0 0 0 0 0 0 0 0 0 0 0 11 0 46 10 0 0 6 0 0 0 0 0 0 55 0 0 1 0 25 6 8 2 0 18 0 0 9 0 0 0 23 0 0 11 0 0 17 0 0 0 0 0 0 0 0 0 0 0 0 13 0 0 0 0 0 0 0 9 0 0 0 2 65 3 0 0 0 0 10 0 0 0 0 0 0 0 0 0 0 0 0 0 0 11 0 0 0 0 
 0 0 3 0 0 71 4 0 0 0 0 0 1 0 0 1 0 0 0 0 0 1 0 0 12 4 0 204 0 0 0 6 0 0 0 0 0 0 0 0 35 279 56 68 331 339 44 117 43 132 96 0 462 49 104 38 391 74 168 51 0 0 0 0 0 0 0 46 0 0 1 0 59 0 0 0 63 0 56 0 0 0 0 0 0 0 0 0 0 0 0 0 7 0 0 0 0 0 0 8 0 0 0 0 8 0 0 0 0 0 0 0 0 0 0 0 0 0 0 1 0 24 0 12 16 8 1 0 0 32 48 0 3 12 0 21 23 1 8 6 34 20 20 0 1 0 20 1 0 0 0 1 20 45 0 0 0 4 20 1 0 0 0 0 0 0 0 0 0 0 0 0 0 0 0 0 15 0 0 0 0 0 0 0 0 8 0 0 0 0 0 2 0 0 0 0 0 0 0 0 0 23 16 19 62 0 0 0 8 6 34 1 4 20 0 19 0 0 6 44 9 0 36 0 0 0 21 27 0 11 0 0 17 14 22 0 0 2 1 85 0 0 0 0 0 0 0 0 0 0 0 3 0 0 0 0 0 0 0 0 0 0 0 0 0 2 0 0 0 0 22 0 0 0 0 0 0 0 0 0 0 0 0 0 0 0 0 0 0 0 
 0 0 2 0 0 3 4 2 0 2 0 0 0 2 52 0 0 0 0 0 0 0 0 2 177 90 1 0 62 0 81 69 0 0 65 0 127 62 0 0 251 326 130 301 67 41 541 275 319 52 88 462 0 170 153 169 258 22 71 131 0 0 0 6 0 14 0 0 0 0 5 17 2 0 1 0 0 54 5 0 0 0 0 0 0 0 0 0 0 0 0 0 0 0 0 0 0 0 0 0 0 0 0 10 7 25 0 0 10 0 41 21 0 0 0 0 0 6 0 0 0 2 23 0 8 0 0 20 0 41 0 0 13 19 40 5 0 0 0 0 18 0 0 0 0 0 0 0 3 21 0 0 0 0 0 1 0 0 0 0 0 0 21 0 0 0 0 0 0 5 0 0 0 0 0 0 0 14 0 0 0 0 0 0 10 1 0 0 9 0 0 15 0 1 0 0 1 1 0 0 39 0 0 28 0 0 2 15 5 12 0 0 0 17 16 10 2 14 22 24 0 0 0 0 0 12 0 0 0 0 0 0 0 0 0 0 0 0 0 0 0 0 0 0 0 0 2 0 69 18 0 3 0 2 0 0 0 64 0 2 0 0 1 0 1 0 2 0 1 0 0 0 0 0 0 0 0 0 0 0 0 0 0 0 9 0 6 0 2 0 
 0 0 0 0 0 3 1 3 0 9 0 0 3 3 2 2 0 0 0 0 6 2 65 68 189 65 2 3 65 26 3 8 3 3 3 3 101 49 3 3 85 138 76 106 82 47 168 172 422 86 36 49 170 0 420 36 38 235 99 280 0 0 0 3 50 0 4 0 0 0 0 0 5 8 1 0 3 5 0 11 0 0 0 0 0 8 0 0 0 0 0 0 0 0 0 0 0 0 0 0 0 0 13 18 0 0 0 0 0 9 0 16 0 0 0 0 0 0 0 0 44 11 74 0 0 0 13 35 9 6 0 0 33 28 17 22 0 17 7 8 3 0 0 3 0 0 0 1 8 0 0 3 1 0 0 0 3 0 0 0 0 0 0 0 5 0 0 0 0 0 8 0 0 0 0 0 0 0 0 0 0 0 0 1 6 17 0 0 0 0 0 4 0 0 0 0 0 8 0 0 0 8 13 0 0 0 69 40 15 0 10 13 0 20 0 12 1 40 0 27 0 0 0 0 0 6 0 4 6 0 3 12 0 0 0 0 0 0 0 0 0 0 0 0 0 0 0 0 0 0 0 19 0 0 0 0 0 0 0 7 0 0 2 0 2 0 7 0 0 0 6 0 0 0 0 0 0 0 0 0 0 0 0 0 13 0 0 0 0 0 
 9 1 0 1 0 2 7 1 6 0 6 1 0 5 6 4 0 11 5 0 1 0 0 0 84 1 0 0 0 0 6 0 0 0 2 0 0 0 0 0 336 450 265 312 120 85 119 156 193 379 134 104 153 420 0 175 173 54 77 159 1 0 51 6 0 2 0 3 0 5 2 2 5 0 0 0 5 2 4 7 7 0 0 0 8 0 0 8 14 0 0 0 0 0 0 0 0 6 0 0 0 0 0 0 0 11 0 0 0 0 0 6 0 0 0 0 0 0 0 0 0 7 40 17 0 26 0 12 0 23 0 1 6 10 1 49 0 0 0 1 23 0 0 0 0 0 9 0 1 0 0 0 0 0 0 2 0 0 10 0 8 14 0 3 0 0 0 0 0 4 6 60 15 0 4 0 5 0 0 0 0 0 0 0 0 0 0 0 0 0 0 1 0 0 0 0 0 0 0 0 0 10 9 25 2 0 11 0 29 26 12 3 1 26 15 27 12 35 1 19 6 0 0 0 0 0 0 0 0 0 0 0 9 8 0 0 0 0 0 5 0 0 0 0 0 63 6 0 0 0 0 7 0 2 0 0 0 0 0 0 0 0 8 0 66 3 3 0 0 0 0 0 0 0 0 0 0 0 0 0 0 0 0 0 9 0 0 0 2 0 
 0 0 0 0 0 5 4 0 0 0 0 0 0 1 0 2 0 6 0 0 0 0 0 1 0 0 0 2 3 0 208 0 0 1 1 0 0 0 0 2 197 112 49 81 76 66 309 44 134 163 126 38 169 36 175 0 213 202 104 62 0 0 27 0 0 0 6 0 0 0 5 0 6 0 0 0 0 0 6 0 0 0 0 0 0 0 0 0 0 0 0 0 0 0 0 0 0 0 0 0 0 0 0 0 0 0 0 0 0 12 0 0 0 0 0 0 0 0 0 0 12 41 0 0 24 12 26 0 7 23 0 18 0 0 10 10 18 25 0 0 0 0 9 0 16 0 0 0 0 0 0 0 0 1 0 1 0 0 0 0 0 0 0 0 0 0 0 0 0 0 0 0 0 0 0 0 0 0 0 0 0 0 0 0 0 0 0 0 0 0 0 6 0 0 0 0 0 28 0 0 10 4 14 20 0 12 0 1 13 24 25 58 0 13 16 0 14 0 0 2 0 0 0 0 0 0 1 0 0 0 0 0 24 8 0 0 0 0 14 16 0 0 0 0 0 0 0 0 0 0 0 6 0 1 0 0 0 0 0 0 0 0 73 0 2 67 1 1 0 0 0 0 0 0 0 4 0 0 0 0 0 3 0 0 10 0 0 1 1 13 
 0 0 2 0 0 4 7 4 2 9 0 2 3 4 0 2 2 62 0 6 0 0 0 2 0 1 0 0 0 0 0 3 0 0 1 0 0 4 0 0 114 98 82 361 35 74 35 125 299 193 260 391 258 38 173 213 0 378 46 67 0 0 27 1 3 0 6 0 0 2 0 0 49 0 0 0 0 0 25 1 0 0 0 0 0 0 0 0 0 0 0 0 5 10 0 0 0 0 0 0 0 0 0 0 0 0 0 0 0 0 0 0 0 0 0 0 0 0 0 0 4 22 15 11 12 29 0 0 2 25 0 27 0 0 0 10 0 9 0 0 0 0 0 0 0 0 7 0 0 0 0 0 0 21 0 0 0 0 1 0 0 0 0 0 0 0 2 12 0 0 0 0 0 0 0 0 0 0 0 0 0 0 5 0 0 0 0 0 0 0 0 0 0 0 0 0 0 0 0 0 0 24 6 2 0 13 0 0 9 0 28 9 0 0 0 14 0 0 0 0 14 9 0 0 0 0 21 0 0 0 0 0 22 13 0 19 0 0 8 32 0 0 0 0 0 1 2 0 0 0 0 11 0 0 0 0 0 0 0 2 0 1 3 0 11 23 2 0 0 14 14 0 0 0 0 0 0 0 0 0 0 2 0 0 0 0 0 0 0 0 
 0 0 0 0 0 10 2 0 0 0 62 0 0 0 2 2 0 0 0 0 5 1 1 3 0 12 62 0 30 0 1 0 0 1 1 65 5 0 7 0 92 26 44 198 122 106 20 29 205 375 156 74 22 235 54 202 378 0 248 17 1 0 46 0 0 0 16 4 0 0 0 27 52 0 2 3 51 0 50 0 0 0 0 15 0 20 0 0 0 0 0 0 0 0 0 0 0 0 0 0 0 0 0 0 0 0 0 0 0 0 0 0 0 14 0 0 14 0 0 0 12 20 0 1 0 0 0 0 0 0 11 32 0 0 0 36 13 15 0 0 0 0 0 6 1 0 6 1 0 0 0 0 13 0 0 0 0 0 0 0 0 0 0 0 14 0 0 0 0 0 0 0 0 0 0 0 0 0 0 0 0 0 0 1 0 0 20 0 0 0 0 0 0 10 22 0 0 16 0 13 0 0 14 0 7 6 0 14 22 0 19 14 0 9 0 0 0 0 0 21 1 16 18 0 0 14 11 0 0 0 0 0 30 0 0 37 0 0 4 0 0 0 3 0 0 0 0 0 0 0 0 12 0 2 0 0 0 0 0 9 0 2 0 0 0 4 2 18 0 0 5 0 0 0 0 0 0 0 0 0 0 0 0 0 0 0 0 0 2 0 
 1 0 0 0 0 0 2 0 4 0 0 0 0 0 0 0 0 0 0 2 3 25 3 33 3 129 3 90 3 86 3 66 3 67 3 3 3 3 3 4 150 268 326 443 292 50 47 64 69 95 31 168 71 99 77 104 46 248 0 290 4 0 3 0 0 0 0 2 0 0 0 0 2 51 0 0 0 0 5 0 13 0 0 0 0 0 0 0 0 0 0 0 0 0 0 0 0 0 0 0 0 0 9 0 0 10 0 0 0 0 6 0 0 13 0 0 0 3 0 0 0 1 12 0 13 7 48 7 0 30 0 12 5 0 0 8 10 20 9 1 0 3 0 0 0 0 1 0 3 0 0 0 0 0 20 23 0 3 18 9 0 0 0 0 0 0 0 5 0 0 0 0 0 0 5 0 0 0 0 0 0 19 1 9 10 14 0 0 0 0 0 1 0 0 0 6 16 1 1 0 0 11 0 19 16 0 0 68 9 36 4 6 19 23 0 0 11 12 0 14 0 0 0 0 0 0 3 0 0 0 0 0 13 0 0 0 0 0 9 7 0 0 11 0 0 0 0 0 0 0 0 5 0 0 0 0 0 0 62 0 0 0 1 0 0 1 3 0 0 0 0 0 0 0 0 0 0 0 0 0 0 0 0 0 11 16 0 15 0 0 
 1 2 0 1 1 1 4 0 0 1 0 3 68 0 0 5 0 1 0 0 63 0 33 62 2 0 0 0 0 61 134 0 0 3 0 0 0 0 0 2 84 269 100 76 125 45 47 204 117 82 56 51 131 280 159 62 67 17 290 0 0 0 0 0 0 0 0 81 0 0 0 0 0 51 0 0 0 0 10 6 0 0 0 0 0 0 0 0 0 0 0 0 0 0 0 0 0 0 0 0 0 0 0 0 0 0 0 0 11 0 10 0 0 0 0 0 0 16 0 0 0 30 42 0 9 15 9 1 0 28 0 0 5 0 7 30 0 6 0 2 0 0 0 0 0 0 0 0 3 0 2 0 0 0 0 0 0 0 0 0 0 0 0 0 7 0 0 0 0 0 0 0 0 0 0 0 0 0 0 0 0 0 0 6 14 0 0 0 0 0 0 23 0 0 0 0 0 0 0 4 9 6 15 54 8 0 0 41 26 0 10 0 0 49 16 0 0 18 6 26 0 0 0 0 0 0 0 0 0 0 0 0 0 14 0 0 0 0 1 20 0 0 0 0 0 0 0 0 0 0 0 9 0 0 0 0 0 0 0 6 0 0 0 0 0 2 0 0 3 0 0 0 0 0 0 0 0 0 0 0 0 0 0 0 8 0 0 9 0 14 
 0 0 0 0 0 0 0 0 0 0 0 2 0 0 0 2 0 0 0 6 0 0 0 0 0 0 0 0 0 0 0 1 0 0 0 0 0 0 0 1 0 0 0 0 25 0 0 0 0 0 0 0 0 0 1 0 0 1 4 0 0 321 201 85 97 39 122 239 77 88 37 46 255 69 151 123 34 52 46 101 0 0 0 0 0 0 0 0 0 0 0 0 0 0 0 0 0 0 0 0 0 0 0 0 0 0 0 0 0 0 0 0 5 0 0 0 0 0 0 0 0 0 0 0 0 0 0 0 0 0 0 0 1 0 0 0 0 0 0 0 17 38 45 30 1 5 9 0 39 27 2 21 0 8 14 0 0 9 12 10 0 7 12 0 0 1 0 0 0 0 0 0 0 0 0 0 0 0 0 20 0 0 0 0 0 0 0 0 0 0 0 0 0 0 0 0 0 0 0 0 0 0 0 11 0 0 0 0 0 0 0 9 0 0 0 0 0 0 0 0 0 18 0 0 23 0 0 18 0 27 0 0 0 16 15 0 13 13 0 10 0 0 0 0 0 0 0 0 0 0 0 0 0 1 4 0 0 0 0 0 0 0 2 0 0 0 0 0 0 0 2 2 0 0 2 0 0 0 0 0 0 0 0 0 0 0 0 0 12 0 
