 0 166 83 55 37 34 252 295 74 242 40 23 164 218 146 252 50 258 24 306 0 0 2 0 0 0 0 0 0 3 3 0 2 0 0 1 3 0 0 0 0 0 0 0 0 2 0 0 0 0 2 0 2 1 1 0 1 0 0 3 0 0 0 0 40 0 2 0 0 0 0 0 0 2 3 0 0 0 0 2 47 34 22 0 0 0 18 24 7 1 4 13 9 10 30 21 0 0 9 25 0 0 2 0 2 0 0 0 0 0 0 0 0 0 0 0 0 2 0 0 0 0 0 0 0 0 0 0 0 0 0 0 0 0 0 0 0 0 0 0 2 0 0 0 0 0 0 0 0 0 0 0 0 0 12 0 0 0 1 0 0 26 15 25 3 0 10 23 9 0 3 0 16 22 17 20 0 1 13 6 0 0 0 0 0 0 0 0 0 0 0 0 0 0 0 0 1 0 1 0 0 2 0 0 0 0 0 1 0 0 0 0 0 0 0 0 0 0 0 0 0 0 0 0 0 2 0 0 0 0 0 0 0 0 2 0 0 0 0 0 0 0 0 0 0 1 0 0 90 0 0 10 0 0 0 0 0 0 0 0 0 0 0 0 0 0 0 0 0 0 0 0 0 0 0 0 13 0 0 0 0 0 0 0 0 0 0 0 0 0 
 166 0 247 75 158 27 103 296 66 170 109 23 135 136 126 35 142 36 190 275 0 0 0 0 2 0 0 0 0 5 3 0 1 1 0 3 81 0 74 0 0 2 0 0 0 2 0 0 0 0 2 3 2 1 1 0 0 0 0 3 0 0 0 0 0 0 4 0 0 0 0 0 0 3 6 0 0 0 0 2 21 37 42 0 5 16 11 0 18 13 19 1 18 37 24 0 49 38 1 68 0 0 0 0 0 0 0 10 0 17 0 10 14 0 1 1 0 0 8 2 0 0 0 0 1 0 0 0 2 0 0 0 0 0 0 0 0 0 0 0 5 0 0 19 13 0 0 0 0 0 16 0 0 0 0 0 0 1 0 0 23 13 24 24 27 1 10 3 6 1 11 10 27 1 0 14 0 30 38 0 10 0 0 0 0 0 0 0 0 0 0 0 19 2 0 0 0 0 1 21 0 0 0 0 0 0 0 0 0 0 2 0 0 0 0 0 0 0 0 0 0 0 0 0 0 0 0 0 0 22 0 0 0 0 0 0 0 0 14 0 0 0 0 0 0 4 1 0 4 1 10 15 11 0 0 0 0 1 2 0 0 0 10 0 0 0 0 0 0 0 0 0 0 3 0 0 14 0 0 0 0 0 0 0 0 0 0 0 0 0 
 83 247 0 101 57 330 101 105 219 129 123 153 197 48 122 167 278 127 36 39 4 0 0 0 0 0 0 2 0 3 3 0 5 0 3 2 40 0 3 75 0 2 0 0 64 2 0 1 0 0 5 3 2 1 1 0 1 0 2 3 0 0 0 0 2 0 5 0 0 32 0 0 0 2 6 0 0 0 0 2 18 9 37 0 46 14 20 0 0 34 28 15 11 10 7 13 8 0 6 36 0 0 0 0 0 0 11 18 0 0 0 18 20 13 0 1 23 0 0 2 0 0 0 0 1 0 10 0 2 0 0 0 0 0 0 0 0 0 0 0 0 0 0 0 0 0 0 0 0 0 0 0 0 0 0 0 0 2 0 0 6 43 0 28 0 0 18 73 9 0 13 21 0 27 0 54 0 0 13 12 0 0 0 0 0 0 0 0 0 0 0 0 36 8 24 0 0 0 0 19 0 0 0 0 0 0 0 0 0 0 2 0 0 0 0 0 0 0 0 0 0 0 0 0 0 12 0 0 0 0 0 0 0 0 0 0 0 0 13 0 0 0 0 0 0 1 92 1 89 43 0 4 11 0 0 0 0 0 0 0 0 0 0 0 0 0 0 0 0 0 1 0 0 0 0 16 15 0 0 0 0 0 0 0 0 0 0 0 0 0 
 55 75 101 0 474 387 118 76 252 189 117 164 152 67 74 33 76 67 119 283 75 0 0 0 1 0 0 73 0 4 3 0 76 0 82 0 2 0 76 75 0 0 0 0 4 9 39 0 0 0 2 4 2 1 0 0 0 0 9 54 0 0 0 0 0 0 5 25 4 0 0 0 0 2 3 0 1 0 4 1 0 0 0 16 14 2 0 28 2 0 0 9 0 0 31 0 0 32 0 0 0 10 0 0 0 0 3 0 7 9 1 0 0 0 0 1 15 0 0 4 0 0 0 0 0 0 0 0 2 0 0 0 0 0 0 0 0 0 0 0 0 0 0 0 0 0 0 16 0 0 0 0 0 0 0 0 0 2 3 1 17 0 0 0 51 0 23 8 13 38 0 0 0 0 0 0 0 0 0 0 32 0 0 0 0 0 9 0 0 17 0 0 0 0 37 1 0 0 0 1 0 0 0 0 0 0 13 0 0 0 2 0 0 0 0 0 0 0 0 0 0 0 0 0 0 0 0 0 0 0 0 22 0 0 0 0 0 0 0 0 0 21 0 0 0 0 89 0 0 49 0 2 0 0 0 0 0 0 0 0 0 0 0 0 0 0 0 0 0 14 0 0 0 0 0 6 0 19 0 0 0 0 0 20 0 0 0 0 0 0 
 37 158 57 474 0 172 60 118 63 96 310 124 64 42 207 149 126 70 64 290 2 1 0 0 0 0 62 83 0 3 3 0 165 0 168 0 29 0 139 0 0 0 0 0 1 2 63 52 0 0 4 0 2 2 3 0 0 0 0 3 0 0 0 3 0 0 2 0 0 0 0 0 0 3 2 0 0 0 55 3 0 0 0 29 10 23 0 21 9 16 2 86 0 0 8 13 17 10 0 0 18 65 0 0 0 1 12 15 13 1 17 0 12 5 9 0 22 0 27 0 0 0 0 0 0 0 0 0 0 0 0 0 0 0 0 0 0 0 0 0 0 0 1 19 0 9 0 0 0 4 1 0 0 0 0 0 0 0 0 31 0 0 0 20 57 21 0 0 6 31 7 23 1 0 0 0 12 8 0 2 28 7 11 0 0 0 1 8 20 20 0 7 0 1 7 24 0 11 10 26 15 0 0 0 0 0 15 0 0 0 0 0 0 0 0 0 12 0 0 2 0 0 0 0 1 0 0 0 0 0 0 0 0 0 0 0 0 0 0 2 0 0 0 0 0 3 1 0 0 90 3 10 0 0 0 0 0 0 0 0 0 0 0 0 0 0 0 0 0 0 0 0 0 0 0 10 0 0 0 0 0 0 0 0 0 0 0 0 0 0 
 34 27 330 387 172 0 37 84 42 477 149 44 46 57 59 48 108 61 57 35 160 0 0 0 1 0 19 75 74 4 3 0 239 0 51 0 3 0 36 220 0 0 0 3 80 30 64 0 0 0 2 20 2 0 2 0 0 0 20 3 0 0 0 0 0 0 2 0 0 0 0 0 0 2 3 0 0 0 0 3 0 0 0 17 29 1 0 0 13 0 11 23 0 0 10 0 0 12 0 0 0 15 2 0 0 0 34 0 9 0 24 0 0 10 17 9 3 0 1 21 0 0 0 0 0 1 0 0 0 0 0 0 0 23 0 0 0 0 0 0 0 0 0 0 0 0 0 0 0 0 0 0 0 0 0 0 0 0 0 0 0 0 0 21 9 0 0 0 10 27 0 14 0 0 0 0 7 0 0 2 19 0 0 1 0 0 20 11 0 38 0 0 17 0 80 15 0 5 11 33 0 2 0 0 0 0 41 0 0 0 0 0 0 2 0 0 0 11 0 0 0 0 0 2 0 21 0 0 0 0 0 0 0 0 0 0 0 0 0 0 0 29 0 0 0 1 89 0 2 12 1 7 0 0 0 0 0 0 0 0 0 0 0 0 0 0 0 0 0 0 0 0 0 0 0 23 0 0 0 0 0 0 0 0 0 0 0 0 0 0 
 252 103 101 118 60 37 0 231 158 126 147 14 428 239 126 40 224 50 134 328 7 3 0 0 1 0 0 3 3 3 6 0 4 0 11 7 9 0 4 0 0 0 0 1 1 3 0 4 0 1 2 0 2 2 1 2 1 0 4 3 0 0 0 1 4 0 8 0 0 0 0 0 0 2 6 0 0 0 2 47 1 0 27 33 0 0 8 29 22 0 25 19 10 10 2 25 21 20 0 2 0 0 0 0 0 0 0 0 2 0 0 0 0 0 0 0 0 0 0 0 0 0 0 0 0 0 0 0 0 0 0 0 0 0 0 0 0 0 0 0 0 0 0 0 0 0 0 0 0 0 0 0 0 0 7 0 0 39 0 0 0 27 0 1 0 0 0 0 1 0 0 0 21 11 48 0 24 15 31 24 0 0 0 0 0 0 0 0 0 0 0 0 0 0 0 0 0 0 9 0 0 0 0 0 0 0 0 0 0 0 0 0 0 0 0 0 0 13 0 0 0 0 0 0 0 0 0 0 0 0 0 0 0 0 0 0 0 0 1 0 0 0 0 0 0 0 0 0 0 0 0 8 0 0 0 0 0 2 0 2 0 0 0 0 0 0 2 0 0 0 0 0 0 0 0 0 0 0 0 0 0 0 0 0 0 0 0 11 0 0 
 295 296 105 76 118 84 231 0 285 79 277 117 567 170 76 139 192 29 59 300 0 0 0 0 0 1 2 0 0 3 3 0 2 0 0 0 58 0 54 1 0 2 0 0 0 2 0 0 0 0 7 3 2 1 0 0 1 0 0 3 0 0 0 0 0 0 3 0 0 0 0 0 0 2 6 0 0 0 0 2 31 18 0 0 0 10 0 28 12 12 0 0 9 17 0 20 39 0 0 8 0 0 2 1 2 0 0 0 0 0 0 0 1 8 0 0 0 2 18 0 0 0 0 0 0 0 0 0 0 0 0 0 0 0 0 0 0 0 0 0 3 0 0 0 0 0 0 0 0 0 6 0 0 0 0 0 0 0 4 0 15 0 11 20 33 0 0 0 0 0 35 9 19 2 21 10 0 21 30 0 0 0 0 0 0 0 0 0 0 0 0 0 0 0 0 0 1 0 10 22 0 2 0 0 0 0 0 0 0 0 0 0 0 0 0 0 0 0 0 0 0 0 0 0 0 2 0 0 0 16 0 0 0 0 2 0 0 0 0 0 0 0 0 0 0 1 1 2 3 0 0 7 0 0 0 0 0 0 0 0 65 0 0 0 0 0 0 0 0 0 2 0 0 0 0 0 10 0 0 0 0 0 0 0 0 0 0 0 0 0 
 74 66 219 252 63 42 158 285 0 354 57 122 178 73 181 245 66 50 90 66 0 0 1 0 0 0 0 0 0 3 3 0 0 0 0 6 9 15 0 0 0 0 0 0 0 2 0 0 0 0 2 0 2 1 1 0 0 0 0 3 0 0 0 0 0 0 8 0 0 0 0 0 0 3 2 0 0 0 0 3 0 43 20 1 19 14 28 0 7 22 7 1 0 12 36 21 1 9 0 16 0 4 0 0 0 0 0 14 0 0 0 0 13 17 0 0 19 0 0 12 2 2 0 0 0 0 0 0 0 0 0 0 0 0 0 0 0 0 0 0 0 0 0 0 0 0 0 0 0 1 0 0 0 0 0 0 0 0 0 0 11 15 10 40 15 0 11 32 15 0 0 1 23 20 17 0 0 1 0 15 0 1 0 0 0 0 0 17 0 0 0 0 15 11 0 0 0 0 0 0 0 0 0 0 0 1 0 0 4 0 0 14 0 0 2 14 0 0 0 0 23 0 0 0 0 0 0 0 0 0 0 0 0 0 0 0 0 0 12 0 0 0 0 0 0 0 0 0 2 9 12 0 0 0 0 0 0 0 0 0 0 0 0 0 0 0 2 0 0 0 0 0 0 0 0 0 14 0 0 0 0 0 0 0 0 0 0 0 0 1 
 242 170 129 189 96 477 126 79 354 0 233 108 51 39 476 166 153 393 85 310 0 0 0 0 1 0 2 1 0 6 5 3 1 0 0 81 4 6 0 145 0 3 3 2 88 2 0 3 0 0 2 5 2 1 3 2 0 0 5 3 0 0 0 0 0 2 2 2 0 0 1 0 0 2 3 0 2 2 2 2 10 12 29 22 20 40 9 0 10 22 14 17 0 10 7 36 14 13 0 17 0 2 0 0 0 0 16 13 2 0 0 0 19 12 0 0 18 0 0 13 0 0 0 0 0 0 0 0 0 0 0 0 0 0 0 0 0 0 0 0 0 0 0 1 0 0 1 0 0 0 0 0 0 0 0 0 0 0 0 0 13 0 11 25 13 0 8 61 10 9 13 12 0 7 1 14 0 0 50 1 10 0 0 0 0 0 1 0 0 0 0 0 33 5 11 0 0 0 1 15 0 0 0 0 0 0 0 0 0 0 0 0 0 0 0 0 0 0 0 0 0 0 0 0 0 0 0 0 0 16 0 2 0 0 0 0 0 0 13 0 0 16 0 0 0 0 139 0 2 45 7 14 10 0 0 0 0 0 0 0 0 0 15 0 0 0 0 0 0 0 0 0 0 0 0 14 14 0 0 0 0 0 0 0 0 0 0 19 0 0 
 40 109 123 117 310 149 147 277 57 233 0 244 45 100 160 261 319 333 44 60 0 0 6 0 0 0 0 5 0 4 4 2 1 0 166 2 65 2 216 2 0 0 0 2 0 3 61 0 0 0 7 1 65 1 2 0 0 0 0 6 0 0 0 0 0 1 2 0 0 0 0 0 0 3 2 3 0 0 0 3 2 0 0 1 37 16 0 0 0 16 21 25 0 0 0 38 33 0 0 0 0 10 6 0 0 0 19 0 11 3 0 0 12 0 0 1 14 0 6 0 0 0 0 0 0 0 0 0 0 0 0 0 0 0 0 0 0 0 0 1 0 0 0 0 0 2 0 0 0 0 0 0 0 0 0 0 0 0 0 0 1 21 0 52 39 14 0 18 0 14 25 36 0 11 16 0 26 16 0 4 41 13 0 1 0 0 0 6 0 19 0 0 0 4 16 16 8 0 0 20 0 0 0 0 0 0 17 0 0 0 0 0 0 0 0 0 0 0 0 0 2 1 0 0 0 0 0 0 2 0 0 0 0 0 0 0 0 0 0 0 0 0 10 0 0 1 10 0 4 1 0 12 0 0 0 0 0 0 0 0 0 0 0 0 0 0 0 0 0 0 0 0 0 0 0 5 0 0 0 0 0 0 0 0 0 0 0 0 0 0 
 23 23 153 164 124 44 14 117 122 108 244 0 48 36 209 127 74 200 34 22 74 0 3 4 7 0 32 102 2 0 3 0 2 0 106 3 76 0 217 72 0 2 0 0 0 1 62 2 3 0 5 0 0 0 0 4 0 0 0 0 0 0 0 3 0 0 0 0 0 5 0 0 0 0 55 2 1 0 0 0 2 0 18 0 21 5 0 9 0 38 11 32 0 0 11 28 0 10 0 0 19 25 0 1 0 0 0 1 1 1 1 0 27 14 6 9 12 0 36 30 0 0 0 0 0 0 0 0 0 2 0 0 0 0 0 0 0 0 0 1 0 0 0 0 0 0 0 4 0 0 0 0 0 0 0 0 0 0 21 0 2 0 0 0 1 59 39 9 0 17 0 25 0 1 0 0 1 8 0 4 50 7 0 2 0 0 0 17 0 17 1 0 22 12 10 3 0 0 2 21 0 0 0 0 0 0 20 0 0 0 0 0 0 0 0 0 0 0 0 0 0 1 0 0 0 0 0 0 2 0 0 0 0 0 0 0 0 0 0 0 0 0 0 0 0 1 2 1 2 87 0 2 0 17 0 0 0 0 0 0 0 0 0 0 0 0 0 0 0 0 0 0 0 0 0 0 0 10 0 0 0 0 0 0 0 0 0 0 0 3 
 164 135 197 152 64 46 428 567 178 51 45 48 0 138 28 365 61 39 57 278 0 0 0 1 0 0 2 0 0 8 3 2 0 2 0 0 7 0 3 0 0 2 6 1 0 4 2 0 2 4 2 0 5 0 5 0 4 2 0 6 0 0 5 0 0 5 2 50 1 0 0 3 0 6 4 3 4 0 0 34 27 15 20 3 0 13 30 34 16 15 0 0 0 9 8 7 20 0 0 42 0 0 0 0 0 0 0 0 0 0 0 0 0 0 0 2 0 0 0 0 0 0 0 0 1 0 0 0 0 0 0 0 0 0 0 0 0 0 0 0 28 0 0 0 0 0 0 0 0 0 0 0 18 0 0 0 0 1 1 1 7 18 12 0 0 0 0 0 11 0 0 0 26 34 12 15 0 0 57 22 0 0 0 0 0 0 0 0 0 0 0 0 0 0 0 0 0 0 9 0 0 0 0 0 0 0 0 0 0 0 0 0 0 0 0 0 0 0 0 0 0 0 0 0 0 0 0 0 0 0 0 0 0 0 0 0 0 0 0 0 0 0 0 0 0 0 0 2 3 0 0 6 0 0 1 0 0 0 0 0 2 0 0 0 0 0 0 0 0 0 79 0 0 0 0 0 17 0 0 0 0 0 0 0 0 0 0 0 0 0 
 218 136 48 67 42 57 239 170 73 39 100 36 138 0 94 212 30 49 317 294 2 75 0 0 0 0 0 0 0 3 3 0 0 0 0 0 5 0 205 203 0 0 0 0 0 1 0 0 0 0 1 0 2 2 0 68 1 0 0 3 0 0 0 0 0 0 3 0 0 0 0 0 0 2 3 0 0 0 0 1 61 26 9 0 0 0 24 32 26 1 4 13 25 1 0 38 13 23 17 12 0 0 0 0 0 12 0 0 0 0 0 0 0 0 0 0 0 0 0 0 0 0 0 10 0 0 0 0 0 0 0 0 0 0 0 11 0 0 0 0 2 0 0 0 0 0 0 0 0 27 0 0 0 0 0 0 0 0 0 0 0 31 15 12 5 0 1 25 12 0 15 0 2 30 46 23 0 37 32 2 0 0 0 0 0 0 0 0 0 0 0 0 0 0 0 0 0 0 0 0 0 0 0 0 1 0 0 0 0 13 0 0 0 0 0 0 0 2 0 0 0 0 9 0 0 0 0 0 0 2 0 0 0 0 0 0 0 0 0 0 0 0 0 0 0 2 0 1 88 0 0 10 5 0 0 0 0 0 0 0 0 0 0 0 0 0 0 0 0 0 0 0 0 0 0 0 0 0 0 0 0 0 0 0 0 0 0 0 0 0 
 146 126 122 74 207 59 126 76 181 476 160 209 28 94 0 94 142 366 69 99 0 0 0 0 0 0 0 0 0 3 3 0 0 0 74 0 66 0 61 2 0 0 0 0 0 2 0 0 0 0 7 0 2 0 3 0 3 0 0 3 0 0 0 0 0 0 2 0 0 0 0 0 0 3 2 0 0 0 4 3 0 0 15 10 1 35 10 9 0 10 1 17 10 18 16 53 27 18 16 12 0 0 1 0 0 0 0 6 0 0 0 0 12 9 0 0 13 0 5 11 0 0 0 0 0 0 0 0 0 0 0 0 0 0 0 0 0 0 0 0 0 0 0 0 0 0 0 0 0 0 0 0 0 0 0 0 0 0 0 0 0 8 0 41 36 0 15 10 10 0 25 21 0 1 0 35 19 0 0 0 0 0 0 0 0 0 0 0 0 0 0 0 14 8 0 0 0 0 0 17 0 0 0 0 0 0 0 0 0 0 0 0 0 0 0 0 0 0 0 0 17 0 0 0 0 0 0 0 0 4 0 0 0 0 0 0 0 0 15 0 0 0 0 0 0 2 99 0 92 10 0 11 0 0 0 1 2 0 0 0 0 0 0 0 0 0 0 0 0 0 0 1 0 0 0 0 32 0 0 0 0 0 0 0 0 0 0 0 0 0 
 252 35 167 33 149 48 40 139 245 166 261 127 365 212 94 0 463 151 111 62 0 0 0 0 0 0 0 0 0 3 3 0 0 0 0 0 2 0 0 0 0 0 0 0 0 2 61 0 62 0 6 0 2 3 0 0 4 0 0 3 0 0 50 0 0 0 39 0 0 0 40 0 2 2 3 0 0 0 0 0 49 37 46 18 17 20 16 10 10 16 37 19 0 20 4 1 0 0 0 16 0 0 0 0 0 0 20 0 0 0 0 0 11 0 0 0 0 0 1 17 0 0 0 1 0 0 0 0 0 0 0 0 0 0 0 0 0 0 0 0 43 0 0 0 0 0 0 0 1 0 7 0 0 0 0 0 0 1 0 2 10 20 25 14 2 0 12 23 5 9 0 11 15 32 15 11 16 30 45 22 18 0 0 0 14 0 0 11 0 21 0 0 0 12 0 0 0 0 0 1 0 0 0 0 0 0 0 0 0 0 1 0 0 0 0 0 0 0 0 0 0 0 0 0 0 0 0 0 0 0 0 0 0 0 0 2 0 0 0 0 0 0 0 0 0 1 0 0 2 0 0 10 1 0 0 1 0 0 0 0 0 0 0 0 0 0 0 0 0 1 0 0 0 0 0 0 0 0 0 0 0 0 0 0 0 0 0 0 0 0 
 50 142 278 76 126 108 224 192 66 153 319 74 61 30 142 463 0 382 35 250 0 0 0 0 0 0 0 0 0 3 3 1 0 0 1 2 83 0 76 1 0 0 2 0 0 2 3 34 0 0 8 0 2 1 1 0 0 0 0 3 0 0 0 0 0 0 3 0 0 0 0 4 0 2 3 0 0 0 0 1 18 9 22 12 0 25 1 1 1 5 28 14 0 1 0 19 9 11 0 21 0 0 0 0 2 0 8 0 0 0 0 0 20 0 0 0 0 2 9 0 0 0 0 0 0 0 0 0 0 0 0 0 0 0 0 0 0 0 0 0 0 0 0 0 0 0 0 0 0 0 0 0 0 0 0 0 0 0 0 8 0 2 11 11 30 0 11 46 1 9 20 46 0 10 0 5 23 1 41 0 14 0 0 0 0 0 0 10 0 0 0 0 0 11 0 0 2 0 0 22 2 1 2 0 0 0 2 0 0 0 0 0 0 0 0 0 0 0 0 0 0 0 0 0 0 2 0 0 0 0 0 0 0 0 2 0 0 0 1 0 0 0 0 0 0 2 86 0 0 2 7 2 11 0 0 0 0 0 0 0 0 0 0 0 0 0 0 0 0 0 0 0 0 0 0 0 0 0 0 0 0 0 0 0 0 0 0 0 0 0 
 258 36 127 67 70 61 50 29 50 393 333 200 39 49 366 151 382 0 54 256 81 2 2 75 2 2 2 2 2 6 3 2 2 0 74 0 3 2 74 78 0 0 0 0 0 2 0 0 0 0 2 0 2 0 4 0 3 0 0 3 0 0 0 0 0 0 2 0 0 15 0 2 32 3 2 1 0 0 0 3 0 1 0 0 22 12 0 0 1 13 1 14 0 0 1 4 10 0 0 0 19 19 0 0 0 0 29 0 0 1 0 0 9 16 0 2 0 0 0 9 1 0 0 0 0 0 0 0 0 0 0 0 0 0 0 2 0 0 0 0 0 0 0 0 0 0 0 0 0 0 0 0 0 0 0 0 0 0 1 0 1 17 0 0 18 22 0 0 2 20 15 38 0 0 0 0 10 8 0 0 26 7 0 0 0 0 0 15 17 0 0 0 19 1 28 23 0 0 1 1 0 0 0 0 0 0 0 0 0 0 0 0 0 0 1 0 0 0 1 0 0 0 0 0 0 0 0 0 17 0 0 0 0 0 0 0 0 0 0 0 0 0 0 0 0 2 18 0 1 1 1 9 0 0 0 0 0 0 0 0 0 0 0 0 0 0 0 0 0 0 0 0 0 0 0 0 0 0 0 0 0 0 0 0 0 2 0 0 0 0 
 24 190 36 119 64 57 134 59 90 85 44 34 57 317 69 111 35 54 0 82 2 5 202 51 2 0 0 2 1 4 3 0 2 7 4 0 3 0 2 65 2 0 8 3 0 5 6 0 1 2 0 0 8 36 1 4 2 0 0 3 0 0 0 10 63 1 6 0 1 0 3 5 0 3 10 1 7 3 0 3 11 19 0 0 0 0 25 14 6 9 0 8 0 11 0 0 0 21 16 0 0 0 0 0 0 0 0 0 0 0 0 2 0 0 0 0 0 0 0 0 0 0 0 0 0 0 0 0 0 0 0 0 0 0 0 0 0 0 0 0 4 0 0 0 0 0 0 2 0 0 2 0 0 0 0 2 1 0 4 0 18 3 59 0 0 0 0 0 0 0 0 0 13 0 12 11 15 15 27 1 0 0 0 0 1 0 0 0 0 0 0 0 0 0 0 18 0 0 0 14 0 0 0 0 0 0 0 0 0 0 0 0 0 0 0 0 1 0 0 0 0 0 0 0 0 0 0 0 0 0 0 0 0 0 0 0 0 0 0 0 0 0 0 0 0 0 0 0 0 2 0 3 0 0 0 0 0 2 0 0 0 0 0 0 0 0 2 2 0 0 0 0 0 0 0 0 0 0 0 0 0 0 0 0 0 0 0 0 0 0 
 306 275 39 283 290 35 328 300 66 310 60 22 278 294 99 62 250 256 82 0 2 0 0 1 0 0 0 0 0 5 3 0 0 0 0 0 2 0 0 0 0 0 0 0 0 2 0 0 0 0 2 5 2 69 0 0 1 0 0 3 2 0 0 0 0 0 3 0 0 0 0 0 0 2 3 0 0 0 0 1 14 2 9 30 0 0 19 10 20 0 0 0 11 42 0 8 12 0 1 14 0 0 0 0 0 0 0 0 0 0 0 1 2 0 0 0 0 0 0 0 0 0 0 0 0 0 0 0 0 2 0 12 0 0 0 0 0 0 0 0 0 0 0 0 0 0 0 0 0 0 0 0 0 0 2 1 2 0 0 14 29 15 9 0 0 0 0 0 1 0 10 0 3 11 25 0 15 13 10 15 0 0 0 0 0 0 0 0 0 0 0 0 0 1 0 0 0 0 12 0 0 0 0 0 0 0 0 0 0 0 0 0 0 0 0 0 0 0 0 0 0 0 0 0 0 0 0 0 0 0 0 0 0 0 0 0 0 0 0 0 0 0 0 0 0 2 0 0 4 0 3 3 0 0 0 0 0 0 0 0 0 0 0 0 0 0 0 0 0 0 0 0 0 0 0 0 14 0 0 0 0 0 0 0 0 0 0 0 0 0 
 0 0 4 75 2 160 7 0 0 0 0 74 0 2 0 0 0 81 2 2 0 85 156 40 126 53 159 162 48 143 109 44 203 36 414 40 121 35 122 192 0 0 73 4 4 10 3 0 3 0 0 0 0 2 0 0 2 2 12 0 3 0 5 0 0 1 7 2 0 12 0 0 0 0 1 0 0 0 6 13 0 0 0 18 2 14 0 0 0 0 0 0 0 0 0 0 0 1 0 0 15 14 17 0 25 0 17 0 5 23 21 0 13 37 23 1 43 0 25 30 2 0 0 0 0 0 0 0 0 0 0 0 0 2 0 0 0 0 0 0 0 0 0 0 0 0 0 0 0 0 0 0 0 0 0 0 0 0 0 0 0 0 0 0 0 8 0 0 0 13 8 18 0 0 2 0 0 14 0 4 8 1 0 59 0 0 15 23 11 29 21 17 23 1 48 41 7 9 12 25 0 0 0 0 0 0 0 0 0 0 0 0 20 0 0 10 0 11 18 0 0 0 0 0 0 0 0 0 0 0 0 0 0 0 0 0 0 0 0 0 0 0 0 0 0 0 0 0 1 0 0 0 0 0 8 3 0 0 0 0 0 7 0 0 0 0 0 0 0 0 7 0 0 0 0 1 0 0 0 0 0 0 0 0 0 0 0 0 0 0 
 0 0 0 0 1 0 3 0 0 0 0 0 0 75 0 0 0 2 5 0 85 0 426 146 267 120 147 58 214 71 31 269 423 140 383 131 110 43 70 124 0 0 1 0 0 4 0 0 0 0 4 5 2 1 0 6 1 0 1 0 3 0 3 9 5 4 3 0 0 0 0 0 1 1 1 0 6 0 0 1 0 0 0 0 0 0 0 1 0 0 0 0 0 0 0 0 0 0 2 0 20 1 50 0 15 32 14 20 24 10 32 43 0 12 11 24 39 13 0 0 0 1 0 3 0 0 0 0 0 0 0 0 0 17 3 0 0 0 8 1 0 0 0 0 0 0 0 0 0 0 0 0 0 0 0 0 0 0 0 0 0 4 0 0 0 14 0 0 0 0 1 0 0 0 0 0 0 2 0 0 0 1 19 19 0 7 30 0 27 0 2 22 2 12 1 28 20 1 8 0 0 0 0 0 0 0 0 0 0 0 0 0 19 0 0 0 0 0 0 0 0 0 0 0 0 0 0 0 0 0 0 0 0 0 0 0 0 0 0 0 0 0 0 0 0 0 0 0 0 0 2 0 0 0 7 0 0 0 0 0 1 2 0 0 0 0 2 0 0 0 0 0 0 0 0 0 0 0 0 0 0 0 0 0 0 1 14 0 0 0 
 2 0 0 0 0 0 0 0 1 0 6 3 0 0 0 0 0 2 202 0 156 426 0 384 138 65 69 272 69 357 346 111 411 188 142 218 318 480 31 26 0 0 63 0 0 0 62 65 0 0 63 0 0 1 0 0 1 0 18 0 3 0 6 0 0 14 2 3 0 0 0 0 2 0 0 4 0 0 0 2 0 0 0 0 0 0 0 0 0 0 0 0 0 0 0 0 0 0 0 0 8 20 22 25 25 37 24 1 9 11 34 10 0 9 7 31 17 21 10 0 11 10 0 0 0 1 13 0 10 0 0 0 11 20 25 0 0 0 13 10 0 0 0 0 0 0 0 0 0 2 0 0 0 0 0 0 0 0 0 0 0 0 0 0 0 18 0 0 0 0 0 0 0 0 0 0 0 0 0 7 6 0 1 38 0 16 0 9 0 0 31 9 1 10 1 28 6 3 6 19 0 0 1 0 0 0 2 25 0 0 0 0 29 0 10 0 0 0 12 12 0 0 0 0 0 0 0 0 0 0 0 0 0 0 0 0 0 0 0 2 0 0 1 0 0 0 0 0 0 0 0 0 0 0 5 1 0 78 0 0 2 8 0 0 0 0 1 0 0 0 0 0 0 0 2 0 0 0 0 1 0 0 0 0 0 2 0 0 0 0 
 0 0 0 0 0 0 0 0 0 0 0 4 1 0 0 0 0 75 51 1 40 146 384 0 359 28 444 65 182 80 303 54 523 251 133 151 128 125 161 67 0 0 2 0 0 0 126 55 0 0 23 0 29 72 0 0 3 0 63 0 3 0 3 0 55 0 0 0 0 0 0 0 0 0 0 0 0 0 0 3 0 0 0 0 0 0 0 0 0 0 0 0 0 0 0 0 0 0 0 0 0 12 8 21 4 4 0 16 10 0 8 11 16 0 11 0 0 21 0 0 36 13 0 0 0 0 20 0 11 0 0 0 13 13 32 4 7 10 8 15 0 0 0 3 0 0 0 0 0 1 0 0 0 0 0 0 0 0 0 4 27 5 0 0 0 1 0 0 0 6 0 0 1 0 0 11 0 0 6 0 0 14 3 28 7 18 14 21 12 0 21 15 13 10 0 21 26 14 0 0 0 0 0 0 0 0 0 12 14 0 0 0 26 0 0 0 0 0 34 17 0 0 0 0 0 0 0 0 12 0 0 0 0 0 0 0 0 0 0 0 0 0 10 0 0 0 0 0 0 0 0 0 0 0 8 2 1 55 3 0 4 0 0 0 0 14 0 0 0 0 0 0 0 0 0 0 0 0 0 5 0 10 0 0 0 0 0 0 0 2 
 0 2 0 1 0 1 1 0 0 1 0 7 0 0 0 0 0 2 2 0 126 267 138 359 0 178 45 80 78 125 170 202 316 50 83 187 63 197 87 72 0 0 2 0 0 0 62 5 0 0 0 0 85 64 0 54 64 0 66 0 3 0 3 0 4 0 6 0 0 0 0 0 4 0 0 0 0 0 0 0 0 0 0 0 0 0 0 0 0 0 0 0 2 0 2 0 0 0 0 12 13 2 14 31 29 38 0 0 0 28 57 10 0 1 0 0 0 36 0 0 11 6 0 8 0 0 12 0 0 1 0 0 43 16 21 0 9 0 18 3 0 0 0 0 0 0 0 0 0 0 0 0 0 0 0 0 0 0 0 0 2 0 0 1 0 0 0 5 0 1 0 1 0 0 0 1 0 0 0 0 0 0 25 0 10 11 0 0 0 0 1 92 0 0 0 0 0 0 0 0 13 11 0 0 0 0 0 0 0 0 8 0 61 0 3 3 0 0 6 37 0 0 0 0 0 15 0 0 0 0 0 0 0 2 0 2 0 0 0 0 0 0 0 0 0 0 0 0 0 0 0 0 0 24 5 0 2 42 79 4 0 2 0 0 0 0 18 0 0 0 0 0 0 0 0 0 2 0 0 32 0 0 0 0 0 0 9 0 0 0 
 0 0 0 0 0 0 0 1 0 0 0 0 0 0 0 0 0 2 0 0 53 120 65 28 178 0 23 38 44 173 167 134 263 63 271 160 48 511 46 53 62 10 1 0 0 0 0 1 0 0 0 0 0 1 63 0 0 0 63 62 5 0 3 0 0 0 0 0 0 0 0 0 2 0 0 1 0 2 0 0 0 0 0 0 0 0 0 0 0 0 0 0 0 0 0 0 0 0 0 0 0 0 1 33 3 12 0 0 0 1 8 19 0 0 0 0 0 11 0 0 2 10 11 0 10 0 29 32 0 9 0 0 0 31 30 6 20 0 1 10 0 0 0 0 0 0 0 0 0 0 0 0 0 9 0 0 0 0 0 0 5 0 0 0 0 0 0 2 5 1 0 0 0 0 0 6 0 0 0 0 0 0 39 0 28 31 0 0 0 8 0 31 0 0 0 0 1 4 0 0 9 0 0 0 0 0 30 0 10 0 12 18 10 10 0 1 0 0 0 31 0 0 0 0 0 0 0 0 0 0 0 0 0 0 0 0 0 0 10 1 0 0 0 0 0 0 0 0 0 0 0 0 0 0 10 6 10 0 153 0 20 1 0 0 0 0 8 0 0 0 0 0 0 0 0 0 0 0 0 0 0 59 0 0 0 0 8 6 0 0 
 0 0 0 0 62 19 0 2 0 2 0 32 2 0 0 0 0 2 0 0 159 147 69 444 45 23 0 179 76 535 325 26 152 307 71 118 35 41 116 185 0 0 105 0 1 3 1 0 0 0 0 0 0 0 2 0 2 2 67 0 3 0 3 3 0 0 0 3 0 5 0 0 2 0 10 0 0 0 0 0 0 0 0 0 19 13 0 0 0 0 0 0 0 22 0 0 0 0 0 0 61 49 0 14 21 35 0 31 13 1 66 6 2 15 3 49 26 0 65 24 0 0 0 1 1 0 0 0 0 0 0 0 0 0 0 0 0 0 7 13 10 0 0 1 0 7 0 4 0 16 0 0 0 0 0 11 0 0 0 0 0 0 0 3 0 35 1 0 0 0 0 9 0 0 0 0 0 0 0 4 0 23 13 9 0 8 1 47 30 49 41 46 40 9 0 18 15 37 16 19 0 0 0 0 0 0 28 2 2 0 0 0 1 0 0 0 0 1 16 0 0 2 0 1 0 1 0 0 0 0 0 0 0 0 0 10 0 0 0 0 0 0 6 0 0 0 0 0 0 0 0 0 0 0 4 0 0 0 0 0 4 0 0 0 0 0 0 0 0 0 0 0 0 0 0 0 0 0 0 0 0 0 0 0 0 8 0 0 0 0 
 0 0 2 73 83 75 3 0 0 1 5 102 0 0 0 0 0 2 2 0 162 58 272 65 80 38 179 0 159 42 107 89 116 229 445 144 133 42 231 143 0 3 66 9 14 6 5 0 4 2 1 0 0 0 0 2 4 6 7 0 3 38 3 0 2 1 0 2 0 6 3 3 0 0 7 0 1 2 0 3 0 0 0 19 25 0 2 0 0 0 0 0 0 0 0 0 0 0 0 0 25 22 30 14 20 0 10 10 2 9 1 0 28 35 36 25 14 9 23 21 0 0 0 2 0 0 0 0 0 0 0 0 0 13 13 0 0 0 7 18 0 0 0 18 0 6 0 0 0 0 2 0 0 0 0 0 0 0 0 2 0 0 0 0 0 17 0 0 0 0 3 19 0 0 0 0 0 0 0 0 0 9 8 1 0 9 57 13 43 35 29 35 18 13 18 13 0 0 31 0 0 1 0 0 0 0 0 0 0 0 0 0 0 0 0 0 2 0 0 0 0 1 0 0 0 0 0 23 0 0 0 0 0 0 0 0 0 0 0 0 0 0 0 0 0 60 0 0 0 0 0 0 0 1 0 0 0 0 0 2 1 0 0 0 0 0 0 2 0 0 0 0 0 0 0 0 0 0 0 0 0 0 0 0 0 9 0 0 0 0 
 0 0 0 0 0 74 3 0 0 0 0 2 0 0 0 0 0 2 1 0 48 214 69 182 78 44 76 159 0 174 115 154 163 237 70 425 213 256 163 124 0 0 62 1 0 0 1 0 0 0 0 0 0 1 62 0 2 0 0 0 3 0 3 0 0 0 0 0 0 0 0 0 0 0 42 3 0 0 0 0 0 0 0 12 19 0 0 0 0 0 0 0 0 0 0 0 0 19 0 0 51 0 36 56 2 0 0 21 22 34 26 0 20 14 46 9 18 20 1 18 0 0 0 0 0 0 0 0 0 0 0 0 32 0 0 0 0 0 12 0 0 0 21 6 0 0 0 0 0 0 0 0 0 0 0 0 0 0 0 4 0 0 0 0 0 9 0 0 0 0 3 0 0 0 0 0 0 0 0 0 0 39 1 12 0 22 36 0 50 11 28 30 14 18 19 13 78 18 0 13 0 0 0 0 0 0 0 0 0 0 0 0 13 0 0 0 0 0 25 9 0 0 0 0 0 0 0 0 0 0 0 0 0 0 0 0 0 0 0 0 0 0 0 0 0 0 0 0 0 0 0 0 0 0 2 2 0 0 1 2 4 0 0 0 0 0 0 0 0 0 0 0 0 0 0 0 0 0 0 0 0 20 0 0 0 1 0 0 0 0 
 3 5 3 4 3 4 3 3 3 6 4 0 8 3 3 3 3 6 4 5 143 71 357 80 125 173 535 42 174 0 433 46 130 84 109 106 221 99 71 171 0 3 2 0 0 0 0 0 0 0 0 0 0 1 3 0 7 0 0 0 3 0 3 0 0 0 0 0 0 0 0 0 0 0 0 3 0 0 0 0 0 0 0 10 0 0 0 0 0 0 0 0 2 0 2 0 0 0 0 0 25 2 11 20 23 5 0 14 39 11 15 22 0 15 1 0 40 2 0 0 0 0 0 0 0 0 11 11 0 0 7 0 1 12 24 0 10 0 0 8 0 0 0 0 0 0 0 0 0 0 0 0 0 0 0 0 0 0 0 0 12 0 0 1 0 0 0 0 5 1 0 0 0 0 0 2 0 0 0 0 8 12 61 8 6 8 7 0 17 7 12 15 0 6 0 0 34 15 0 12 11 0 0 0 0 0 7 0 7 0 0 0 12 11 0 0 0 0 8 6 0 0 0 0 0 0 0 0 0 0 0 0 0 2 0 2 0 0 0 0 0 0 0 0 0 0 0 0 0 0 0 0 0 0 5 0 2 0 117 2 1 10 0 0 0 0 0 0 0 0 0 0 0 0 0 0 2 0 0 0 0 0 0 0 0 1 0 0 0 0 
 3 3 3 3 3 3 6 3 3 5 4 3 3 3 3 3 3 3 3 3 109 31 346 303 170 167 325 107 115 433 0 53 242 20 47 79 166 139 33 123 0 76 18 0 2 0 65 0 0 0 0 0 3 2 0 0 0 1 3 0 3 0 3 0 0 0 0 0 0 0 0 0 0 0 3 2 0 0 0 0 0 0 0 6 0 0 0 0 0 0 0 0 0 0 0 0 0 0 0 0 9 1 1 7 22 0 0 1 8 35 13 0 0 0 7 0 0 7 18 0 29 43 0 0 0 0 0 1 1 0 0 0 21 2 30 0 0 0 19 29 0 0 0 0 0 0 0 0 0 0 0 0 0 0 0 0 0 0 0 0 0 0 0 0 0 1 0 0 0 0 1 0 0 0 0 0 0 0 0 3 0 18 8 0 13 18 0 0 0 0 14 20 0 12 1 1 10 30 19 7 11 0 9 0 0 0 11 17 0 0 0 0 0 0 0 0 0 0 0 11 0 0 0 0 0 0 0 0 0 0 18 0 0 0 0 0 0 0 0 0 0 0 0 0 0 0 0 0 1 0 0 0 0 0 8 0 1 15 41 13 2 0 0 0 0 0 0 0 0 0 0 0 0 0 0 0 0 0 0 0 0 19 0 0 0 0 0 0 0 0 
 0 0 0 0 0 0 0 0 0 3 2 0 2 0 0 0 1 2 0 0 44 269 111 54 202 134 26 89 154 46 53 0 38 36 58 121 99 231 48 30 0 1 1 0 0 2 62 1 0 0 2 6 4 1 4 64 1 2 24 0 2 29 0 4 0 2 1 3 0 0 1 0 1 0 0 2 4 9 2 2 0 0 18 0 0 0 0 0 0 0 0 0 0 0 0 1 0 0 0 0 33 20 119 55 14 24 0 19 21 13 21 9 0 0 2 18 18 15 0 0 55 25 0 0 0 0 13 0 0 10 0 0 69 20 8 0 0 10 1 9 0 0 0 0 0 0 16 0 0 0 0 0 1 0 0 0 0 0 0 0 8 2 0 0 0 0 0 5 0 0 0 0 0 0 0 0 0 0 0 0 1 0 0 2 9 0 9 0 42 1 42 26 1 0 0 0 22 0 0 0 10 12 0 0 0 0 0 0 21 0 0 0 72 0 7 7 0 0 0 4 0 0 0 0 0 0 0 0 0 0 0 0 0 11 0 0 0 0 0 0 0 0 0 0 0 0 0 0 0 0 0 0 0 0 12 0 1 5 1 2 14 1 0 0 0 0 0 0 0 0 0 0 0 0 0 0 0 0 0 1 0 18 0 1 0 0 8 0 0 0 
 2 1 5 76 165 239 4 2 0 1 1 2 0 0 0 0 0 2 2 0 203 423 411 523 316 263 152 116 163 130 242 38 0 179 213 50 37 34 199 164 0 4 1 0 62 5 1 0 2 0 0 6 0 0 3 1 5 0 3 0 3 0 3 0 53 0 1 3 0 0 0 0 0 0 6 0 2 2 0 0 0 0 0 15 27 15 0 0 11 1 14 15 0 0 18 0 0 8 0 0 43 9 3 0 0 16 27 10 8 0 12 0 0 26 39 16 35 0 34 20 0 0 0 0 0 0 0 0 0 0 0 0 0 0 0 0 0 0 1 3 0 0 0 0 0 0 0 0 0 6 0 0 0 0 0 0 0 0 0 0 10 0 0 24 29 20 0 0 7 0 0 4 0 0 0 0 0 0 0 5 46 0 0 9 0 1 0 8 23 14 16 12 30 10 19 26 15 21 20 31 0 0 2 0 0 0 1 0 0 0 0 0 0 0 0 0 0 12 0 0 2 0 0 0 0 0 0 0 0 0 0 0 0 1 0 0 0 0 0 0 0 0 0 0 0 0 0 0 0 18 0 0 0 0 10 0 1 0 0 0 3 1 0 0 0 0 0 0 0 0 0 0 0 0 0 22 0 0 0 0 0 0 0 0 0 1 0 0 0 0 
 0 1 0 0 0 0 0 0 0 0 0 0 2 0 0 0 0 0 7 0 36 140 188 251 50 63 307 229 237 84 20 36 179 0 249 255 130 31 95 93 1 0 23 0 0 3 0 3 0 0 0 0 0 1 0 0 3 0 1 2 3 0 3 0 0 0 0 3 0 47 0 0 1 0 0 0 0 0 0 0 0 0 0 0 0 0 0 0 2 0 0 0 0 0 0 0 0 0 0 0 1 21 32 11 8 14 0 41 23 0 0 36 7 0 26 29 59 37 0 0 0 0 0 0 0 0 0 0 0 0 0 0 0 10 2 0 0 1 9 29 0 0 0 3 2 0 0 0 0 0 0 0 0 0 0 2 2 0 1 4 0 8 0 0 10 11 1 0 0 0 2 0 0 0 0 1 0 0 0 0 0 0 21 24 0 24 23 14 14 1 53 27 22 14 0 30 14 28 19 1 0 0 0 2 0 0 0 0 0 0 0 0 0 0 0 0 0 0 0 0 0 0 0 0 0 0 3 0 0 2 0 0 0 0 0 0 0 0 0 0 0 0 9 0 0 0 0 0 0 0 0 0 0 0 3 0 2 0 0 1 2 0 0 0 0 0 0 0 0 0 0 0 0 0 0 0 0 0 0 0 0 0 0 0 0 10 8 0 0 0 
 0 0 3 82 168 51 11 0 0 0 166 106 0 0 74 0 1 74 4 0 414 383 142 133 83 271 71 445 70 109 47 58 213 249 0 92 38 38 158 169 0 0 0 0 1 3 66 0 0 0 0 0 0 0 0 0 2 0 0 0 3 0 3 0 5 24 0 0 0 5 0 0 0 0 7 2 0 0 0 0 0 0 0 0 30 16 0 1 0 10 0 13 0 0 0 0 0 0 2 0 46 30 0 0 0 0 15 13 6 25 24 0 2 33 20 9 26 0 51 15 0 0 0 0 0 0 0 0 0 0 2 0 0 0 0 0 0 0 0 0 0 0 0 0 0 3 0 0 0 1 0 0 0 0 0 0 0 0 0 0 0 0 0 0 0 64 59 0 0 1 0 11 0 0 0 0 0 18 0 5 18 9 7 12 0 0 13 34 8 75 1 0 22 3 79 77 0 6 25 30 0 0 0 0 0 0 63 0 0 0 0 0 1 0 0 0 0 3 0 0 0 0 0 0 0 0 0 0 0 0 2 0 0 0 0 0 0 0 0 0 0 0 0 0 0 0 0 0 0 0 0 0 0 0 9 0 1 0 0 4 0 0 0 0 0 0 0 0 0 0 0 0 0 0 0 0 0 0 0 0 0 0 0 0 0 0 0 0 0 0 
 1 3 2 0 0 0 7 0 6 81 2 3 0 0 0 0 2 0 0 0 40 131 218 151 187 160 118 144 425 106 79 121 50 255 92 0 352 90 109 121 0 0 1 61 0 4 5 0 0 0 26 4 0 2 0 4 2 0 64 0 3 0 3 3 1 2 5 0 1 0 0 0 5 0 0 0 3 0 0 0 1 2 0 0 1 0 0 0 0 0 0 2 0 0 0 0 0 0 0 0 4 43 19 34 14 0 0 7 17 19 39 35 14 0 26 18 1 51 0 0 0 8 2 0 0 0 10 0 9 0 0 0 1 29 30 0 1 0 10 27 0 0 0 12 0 0 0 0 0 0 0 0 0 2 0 0 0 2 0 4 0 0 0 0 2 7 0 0 0 0 3 0 0 2 0 0 0 0 0 0 0 27 17 36 0 23 22 11 24 0 58 60 12 13 0 41 22 11 0 0 0 0 0 0 0 0 0 10 0 0 0 0 13 0 1 0 0 0 10 18 0 0 0 27 2 0 0 2 0 0 0 0 0 0 0 0 0 0 9 0 0 0 7 0 0 0 0 0 0 0 0 0 0 0 8 2 1 1 2 2 1 0 0 0 0 0 25 0 0 0 0 0 0 0 0 0 0 0 0 0 0 12 0 0 0 8 0 0 0 0 
 3 81 40 2 29 3 9 58 9 4 65 76 7 5 66 2 83 3 3 2 121 110 318 128 63 48 35 133 213 221 166 99 37 130 38 352 0 157 35 31 0 0 2 0 9 3 68 0 0 0 5 3 27 2 0 1 4 3 0 0 3 0 3 0 0 2 3 0 0 0 0 2 0 0 0 19 0 1 0 0 0 0 0 0 0 9 0 0 0 0 0 0 0 0 0 12 16 2 2 0 0 17 15 15 0 0 0 0 22 18 22 6 1 0 8 18 0 55 8 0 16 0 0 0 18 0 1 0 0 0 2 0 20 9 37 0 0 0 1 49 0 0 0 0 0 0 0 0 0 0 0 0 0 0 0 0 0 0 0 0 1 5 0 17 12 0 0 0 0 0 7 10 0 0 0 10 0 0 0 9 8 17 0 25 0 18 0 0 0 0 28 0 0 28 0 0 38 21 15 27 0 0 0 0 0 0 0 0 0 0 0 0 22 2 0 0 0 0 20 1 0 13 0 0 0 0 0 0 0 0 2 0 0 0 0 0 0 0 0 0 0 0 0 0 0 0 2 0 0 0 0 0 0 0 12 0 0 0 1 0 9 7 1 0 0 0 0 0 0 0 0 0 0 0 0 0 0 0 0 1 0 0 0 0 0 0 0 0 0 0 
 0 0 0 0 0 0 0 0 15 6 2 0 0 0 0 0 0 2 0 0 35 43 480 125 197 511 41 42 256 99 139 231 34 31 38 90 157 0 35 131 0 1 2 0 0 0 58 2 0 0 3 0 63 2 2 0 2 0 62 0 5 0 3 0 0 0 0 0 0 0 0 0 3 0 0 0 0 0 0 0 0 0 0 0 0 0 0 0 0 0 0 0 0 0 0 0 0 17 0 0 15 21 31 38 15 19 0 0 0 31 20 35 0 0 0 0 0 18 0 0 16 21 0 0 0 0 29 0 7 1 0 0 36 41 39 0 19 0 21 19 0 0 0 0 0 0 0 0 0 0 0 0 0 0 0 0 0 0 0 0 0 2 0 0 0 0 0 2 5 0 0 0 0 0 0 7 0 0 0 11 0 0 34 13 1 13 0 0 1 0 0 20 0 0 0 0 1 56 0 0 0 0 0 0 0 0 0 10 18 0 0 0 62 3 0 0 0 0 9 42 0 0 0 0 0 0 0 18 0 0 0 0 13 0 0 0 0 0 0 0 0 0 0 0 0 0 0 0 0 0 0 0 0 0 5 12 0 86 73 1 8 1 0 0 0 1 15 0 0 0 0 0 49 0 0 0 0 0 0 20 0 5 0 0 0 0 0 0 0 0 
 0 74 3 76 139 36 4 54 0 0 216 217 3 205 61 0 76 74 2 0 122 70 31 161 87 46 116 231 163 71 33 48 199 95 158 109 35 35 0 197 0 0 6 1 1 3 65 0 0 5 5 0 3 1 6 0 2 0 0 2 3 1 7 0 0 29 0 0 0 4 0 0 0 0 4 0 4 0 0 42 0 0 0 0 22 8 0 0 0 14 0 24 0 0 0 31 13 0 0 0 39 33 0 14 0 0 0 29 22 22 52 0 18 0 16 10 0 12 34 11 0 0 0 0 0 0 0 0 0 0 0 0 0 0 0 0 0 0 18 0 0 13 0 4 0 0 0 0 0 0 0 0 0 0 0 0 0 0 0 3 0 0 0 14 12 25 0 0 0 0 7 19 1 0 0 0 0 18 0 5 18 4 6 14 0 0 8 27 0 36 12 8 16 14 11 40 0 0 0 36 0 0 0 0 0 0 19 0 0 0 1 0 0 0 0 0 0 0 2 0 2 0 0 0 0 0 1 0 0 0 0 0 0 0 0 0 0 0 0 0 0 0 0 0 0 0 0 0 0 0 0 0 0 0 6 0 4 0 0 0 2 0 0 0 0 0 0 0 0 0 0 0 0 0 0 0 0 0 0 0 0 0 0 0 0 0 0 0 0 0 
 0 0 75 75 0 220 0 1 0 145 2 72 0 203 2 0 1 78 65 0 192 124 26 67 72 53 185 143 124 171 123 30 164 93 169 121 31 131 197 0 0 0 67 0 20 0 1 0 0 0 0 4 0 32 0 0 2 1 6 0 3 0 3 0 0 0 0 0 0 9 46 0 0 0 24 51 0 0 0 0 0 0 0 14 14 14 0 0 1 0 8 7 0 0 0 0 1 1 0 0 45 0 0 0 6 0 16 29 0 8 4 0 9 33 42 17 5 2 1 29 0 0 0 0 0 0 1 0 2 0 0 0 0 0 0 0 0 1 7 0 0 0 0 0 0 0 0 0 0 0 0 0 0 0 0 3 0 0 0 0 0 0 0 13 0 14 0 0 0 17 15 17 0 0 0 0 0 0 0 0 10 9 0 0 0 1 12 11 49 19 13 17 48 0 48 19 20 13 0 9 0 0 0 2 0 0 0 0 0 0 1 0 0 0 0 0 0 0 0 0 0 0 0 0 0 0 0 1 0 0 0 0 0 0 2 0 0 0 0 0 0 8 0 0 0 0 62 0 0 0 0 0 0 0 6 0 2 0 0 2 0 2 21 0 0 0 0 0 0 0 0 0 0 0 0 8 0 0 0 0 0 0 0 0 0 1 0 0 0 0 
 0 0 0 0 0 0 0 0 0 0 0 0 0 0 0 0 0 0 2 0 0 0 0 0 0 62 0 0 0 0 0 0 0 1 0 0 0 0 0 0 0 223 135 69 30 39 171 60 111 35 35 488 256 72 175 96 165 258 315 107 0 0 0 9 0 0 0 0 0 203 0 5 0 0 0 0 0 7 0 5 0 0 0 0 0 0 0 0 0 0 0 0 0 0 0 10 0 0 0 0 0 0 0 0 0 0 0 0 0 0 0 0 0 0 0 0 0 0 0 0 4 14 63 7 33 18 7 28 12 16 21 11 28 0 8 25 6 27 0 2 0 0 0 0 0 0 20 0 4 0 0 0 1 0 0 0 0 8 17 0 0 0 0 0 0 0 0 0 0 2 0 0 0 0 0 0 0 0 0 0 0 0 0 0 27 0 0 0 0 0 0 0 0 0 0 0 0 0 0 0 28 1 23 9 0 4 32 21 16 53 7 4 0 3 0 0 27 0 8 0 0 0 0 0 0 0 0 0 0 0 0 0 43 0 0 0 0 0 15 10 0 0 0 0 0 0 0 0 0 0 0 7 0 0 0 0 0 0 1 2 0 0 0 0 2 0 1 0 0 0 0 0 0 0 0 0 0 0 0 0 0 0 9 0 11 22 0 0 0 0 
 0 2 2 0 0 0 0 2 0 3 0 2 2 0 0 0 0 0 0 0 0 0 0 0 0 10 0 3 0 3 76 1 4 0 0 0 0 1 0 0 223 0 554 253 123 31 120 615 346 229 46 243 80 126 337 174 78 114 112 108 0 0 0 0 7 2 0 1 0 0 4 53 2 51 0 0 0 2 1 0 0 0 0 0 0 0 0 0 0 0 0 0 0 0 0 0 0 0 0 0 0 0 0 10 12 0 0 0 0 2 0 6 0 0 0 0 0 0 0 0 29 15 10 7 0 9 15 26 9 79 10 22 21 4 21 0 0 16 22 19 0 0 0 0 0 0 0 0 3 0 0 0 11 0 0 0 0 0 18 0 0 0 0 0 53 0 0 1 18 3 0 0 0 0 0 0 0 0 0 0 0 0 3 0 28 11 0 0 0 9 0 6 2 0 0 0 0 0 0 0 39 4 13 5 9 23 7 6 0 0 9 21 0 1 4 5 8 11 8 14 0 10 0 0 0 0 14 1 0 0 0 0 7 0 0 0 0 0 0 0 0 0 10 0 0 1 0 0 0 0 0 4 0 0 0 0 0 63 5 0 0 0 0 0 70 13 1 1 1 0 0 0 0 0 0 0 0 0 0 0 0 0 0 0 0 9 0 0 0 0 
 0 0 0 0 0 0 0 0 0 3 0 0 6 0 0 0 2 0 8 0 73 1 63 2 2 1 105 66 62 2 18 1 1 23 0 1 2 2 6 67 135 554 0 280 60 310 145 130 83 51 45 47 180 53 142 107 94 96 23 38 2 1 4 11 0 0 0 2 2 0 0 5 3 4 44 4 7 10 0 5 0 0 0 0 0 0 0 0 0 0 0 0 0 0 0 0 0 0 0 0 8 0 0 0 9 0 0 0 0 10 0 0 0 0 7 0 0 0 47 0 18 0 9 0 33 0 0 0 3 8 16 0 0 0 0 40 0 34 0 6 0 0 0 0 0 0 62 0 8 0 0 2 0 2 0 0 0 8 0 0 0 0 0 0 0 1 0 0 0 0 4 0 0 0 0 0 0 0 0 0 0 10 0 0 8 0 14 0 0 0 6 16 0 0 0 0 0 0 0 0 0 20 0 2 19 0 12 10 13 0 27 0 0 28 20 0 8 0 14 0 1 11 0 0 0 0 28 8 0 0 0 0 0 0 0 0 0 0 0 0 0 0 0 0 0 0 0 0 0 0 0 10 0 0 0 0 0 0 2 1 0 0 0 1 0 0 1 0 2 0 20 0 0 0 0 0 0 0 0 0 0 0 0 0 11 21 0 0 0 0 
 0 0 0 0 0 3 1 0 0 2 2 0 1 0 0 0 0 0 3 0 4 0 0 0 0 0 0 9 1 0 0 0 0 0 0 61 0 0 1 0 69 253 280 0 175 38 68 91 68 247 47 217 46 74 45 119 129 406 57 97 1 33 0 0 0 0 44 0 0 0 0 1 0 0 0 1 0 0 0 51 0 0 0 0 0 12 0 0 0 0 0 0 0 0 0 0 0 0 0 0 0 0 0 0 0 0 0 0 0 0 0 0 0 0 0 0 0 0 0 0 3 0 19 42 0 0 0 12 5 12 10 1 9 0 0 12 7 16 0 0 0 0 3 0 0 0 18 0 0 0 0 0 9 0 0 0 0 0 8 0 0 0 0 0 0 0 0 0 0 0 0 0 0 0 0 0 0 6 0 0 0 0 0 0 0 0 22 0 0 0 0 0 0 0 0 0 0 0 0 0 26 3 23 10 9 14 10 2 2 25 0 0 0 0 0 10 8 6 0 0 0 10 0 0 0 0 12 1 18 0 0 0 7 0 12 9 0 0 51 10 0 0 0 0 0 0 0 0 0 0 0 3 0 2 0 0 0 0 0 8 0 26 66 4 66 0 2 65 1 0 0 0 0 0 0 0 0 0 0 0 0 0 1 0 6 19 0 0 0 0 
 0 0 64 4 1 80 1 0 0 88 0 0 0 0 0 0 0 0 0 0 4 0 0 0 0 0 1 14 0 0 2 0 62 0 1 0 9 0 1 20 30 123 60 175 0 163 81 93 69 194 86 56 63 68 70 128 45 107 65 81 9 3 0 0 3 0 0 50 16 0 0 0 0 50 53 51 0 0 0 0 0 0 52 22 11 0 0 0 0 0 6 10 0 0 0 0 1 0 0 0 0 0 0 0 0 0 18 0 0 0 0 0 0 4 0 10 0 0 0 11 0 0 0 8 9 1 0 1 0 21 0 2 0 0 0 0 0 17 0 0 0 1 13 0 0 0 0 9 19 0 1 14 18 8 13 0 0 0 18 1 0 0 0 10 0 0 0 0 0 4 1 11 0 0 0 0 0 0 0 0 0 0 0 0 0 0 14 0 0 0 0 0 8 0 8 0 0 0 0 4 0 0 0 25 17 19 0 0 0 0 0 9 1 0 0 20 3 0 0 0 19 11 9 21 0 0 0 10 0 0 0 0 0 0 0 20 0 10 0 0 0 2 0 0 0 0 33 0 0 0 0 10 0 1 0 0 0 0 0 0 0 15 2 6 64 0 1 2 0 0 0 0 0 52 0 6 0 0 0 0 0 0 0 0 0 0 0 0 0 0 
 2 2 2 9 2 30 3 2 2 2 3 1 4 1 2 2 2 2 5 2 10 4 0 0 0 0 3 6 0 0 0 2 5 3 3 4 3 0 3 0 39 31 310 38 163 0 33 29 122 128 221 58 104 42 35 134 123 93 113 81 13 0 0 57 0 0 53 50 0 2 0 2 50 2 12 0 0 2 76 3 0 0 0 3 0 0 0 0 0 0 0 0 0 0 0 0 0 0 0 0 0 0 0 1 0 0 8 0 0 0 4 0 17 6 1 0 16 9 0 5 0 0 9 0 0 25 0 0 0 5 0 0 0 0 0 19 0 0 6 0 0 5 0 0 0 0 8 2 0 0 0 0 11 0 0 0 0 0 10 19 0 0 0 0 0 2 0 0 0 0 0 0 0 0 0 0 0 0 0 0 12 0 0 0 0 0 6 0 0 0 0 0 0 0 4 3 0 0 1 11 0 0 0 30 13 1 0 0 0 11 0 0 0 0 0 1 15 7 0 0 11 13 0 10 0 0 23 43 40 0 12 0 0 0 0 0 9 0 0 44 0 0 0 0 0 0 0 0 0 0 0 8 0 0 0 0 0 0 0 1 0 0 0 1 0 1 3 2 5 2 0 0 0 0 0 0 0 0 0 0 0 0 0 0 0 0 0 0 0 0 
 0 0 0 39 63 64 0 0 0 0 61 62 2 0 0 61 3 0 6 0 3 0 62 126 62 0 1 5 1 0 65 62 1 0 66 5 68 58 65 1 171 120 145 68 81 33 0 180 322 27 123 250 193 67 330 112 36 36 130 139 0 0 0 0 0 0 3 0 0 0 0 3 0 0 1 0 3 1 0 11 0 0 0 0 10 0 0 12 0 0 0 6 0 0 0 0 0 0 0 0 0 12 10 13 7 8 0 0 8 0 3 0 0 0 0 0 12 0 0 2 27 6 0 0 11 0 39 12 0 21 0 0 14 0 23 10 0 12 49 25 0 0 0 0 0 0 7 0 0 0 0 0 0 0 0 0 0 0 0 0 0 0 0 0 0 0 0 0 0 0 0 0 0 0 0 0 0 0 0 0 10 0 17 0 25 0 0 0 0 12 2 0 0 0 11 1 0 0 0 1 11 0 17 17 0 0 7 0 10 0 0 0 7 0 9 0 0 0 22 19 0 0 0 0 0 0 0 0 0 0 0 0 0 0 0 0 0 0 0 0 0 0 0 0 0 0 0 0 0 0 0 4 0 0 0 0 0 187 1 0 0 0 0 0 0 2 0 0 0 0 0 0 0 0 0 0 0 0 0 11 0 0 0 0 0 0 0 0 0 0 
 0 0 1 0 52 0 4 0 0 3 0 2 0 0 0 0 34 0 0 0 0 0 65 55 5 1 0 0 0 0 0 1 0 3 0 0 0 2 0 0 60 615 130 91 93 29 180 0 301 30 92 41 238 150 232 52 259 28 390 56 0 0 0 0 0 0 0 0 0 0 0 26 0 0 0 1 0 0 0 17 0 0 0 0 0 0 0 0 0 0 0 0 0 0 0 0 0 0 23 0 0 0 0 0 38 40 0 0 0 0 0 34 0 0 0 0 0 0 0 0 19 6 22 15 7 13 10 1 19 0 10 23 0 11 0 19 8 28 16 0 0 0 0 0 0 0 7 0 6 0 0 0 0 2 0 0 0 29 0 17 0 0 0 0 0 0 0 0 0 6 0 0 0 0 0 0 0 0 0 0 0 0 0 15 11 0 0 0 0 0 0 0 0 0 0 0 0 0 0 0 7 19 0 0 0 0 9 33 61 0 29 0 0 20 38 0 11 0 52 40 0 0 0 0 0 0 0 0 0 0 0 0 0 0 0 0 0 0 0 0 0 0 0 0 0 63 0 0 0 0 0 9 0 0 0 0 0 16 0 0 0 0 0 0 2 10 0 0 2 0 35 0 0 0 0 0 0 0 0 2 0 0 0 0 7 17 0 7 0 0 
 0 0 0 0 0 0 0 0 0 0 0 3 2 0 0 62 0 0 1 0 3 0 0 0 0 0 0 4 0 0 0 0 2 0 0 0 0 0 0 0 111 346 83 68 69 122 322 301 0 361 85 168 93 144 107 81 88 127 67 356 0 3 6 0 6 0 6 10 3 0 0 1 3 0 0 0 0 0 53 0 0 0 0 0 0 0 0 0 0 0 0 0 0 0 0 0 0 0 0 0 0 0 0 0 0 0 0 0 0 0 0 0 0 0 0 0 0 0 0 33 0 4 12 0 9 10 0 20 7 15 20 38 0 0 0 21 18 0 0 0 0 0 11 1 0 0 0 1 0 20 0 4 68 5 2 0 0 9 12 6 0 0 0 0 0 0 0 0 0 0 0 0 0 0 0 0 0 0 0 0 0 0 0 0 1 0 0 0 0 0 0 0 0 0 0 0 0 0 0 0 1 7 36 15 16 21 1 0 9 13 3 28 0 7 7 46 17 7 0 0 0 6 0 0 0 0 18 0 0 0 0 0 16 0 21 0 0 0 8 13 0 0 20 0 0 0 0 0 0 0 0 30 0 1 0 0 0 0 1 0 0 0 0 0 3 0 2 65 0 0 0 0 0 0 0 0 0 0 0 0 0 0 0 0 12 0 0 1 0 0 
 0 0 0 0 0 0 1 0 0 0 0 0 4 0 0 0 0 0 2 0 0 0 0 0 0 0 0 2 0 0 0 0 0 0 0 0 0 0 5 0 35 229 51 247 194 128 27 30 361 0 79 77 39 82 291 80 139 86 49 306 2 0 2 0 1 0 0 1 0 0 52 2 0 46 0 0 31 0 25 0 0 0 0 0 0 0 0 0 0 0 0 0 0 0 0 0 0 0 0 0 0 0 0 0 0 0 0 0 0 0 0 0 0 0 0 0 0 0 0 0 0 0 15 29 0 12 0 0 0 0 9 0 0 0 0 11 23 11 0 0 0 0 3 0 0 0 0 0 0 0 0 0 29 0 0 0 0 0 24 1 0 0 0 0 0 0 0 0 0 0 0 0 0 0 0 0 0 0 0 0 0 0 0 0 0 0 0 0 0 0 0 0 0 0 0 0 0 0 0 0 0 0 1 25 12 19 0 0 0 28 0 0 0 6 7 41 24 59 0 0 10 0 0 0 9 0 0 0 9 0 0 0 0 0 20 0 0 0 7 0 0 0 0 0 0 0 1 0 0 0 0 11 0 1 0 0 0 0 0 4 0 16 1 0 5 1 0 0 1 0 0 0 0 0 0 0 0 0 0 0 0 0 0 0 0 0 0 0 0 1 
 2 2 5 2 4 2 2 7 2 2 7 5 2 1 7 6 8 2 0 2 0 4 63 23 0 0 0 1 0 0 0 2 0 0 0 26 5 3 5 0 35 46 45 47 86 221 123 92 85 79 0 110 35 68 87 91 110 67 105 59 0 0 0 0 1 0 0 1 0 0 0 0 0 0 53 0 0 2 0 68 0 2 9 0 3 8 23 0 0 3 13 0 0 0 0 14 0 0 0 0 0 0 0 0 7 7 0 0 0 0 0 11 15 0 0 0 0 0 6 0 20 32 0 0 18 10 15 0 16 0 10 15 0 14 0 4 11 11 20 1 0 0 2 0 0 0 0 9 0 0 6 3 12 8 0 0 0 0 1 7 0 3 0 0 0 0 13 3 9 18 0 0 0 0 0 0 0 0 0 0 0 0 9 18 0 0 0 0 0 0 0 0 0 0 0 0 0 0 0 3 0 23 9 6 11 22 3 21 32 7 5 19 0 7 25 34 7 8 25 3 0 0 0 31 0 0 13 10 1 0 0 0 12 0 2 20 0 9 8 19 0 0 0 0 0 0 0 0 0 0 0 11 0 1 0 0 0 29 0 2 0 0 0 33 1 1 0 0 2 0 0 0 0 0 0 0 0 0 0 0 0 0 0 0 26 0 0 0 0 0 
 0 3 3 4 0 20 0 3 0 5 1 0 0 0 0 0 0 0 0 5 0 5 0 0 0 0 0 0 0 0 0 6 6 0 0 4 3 0 0 4 488 243 47 217 56 58 250 41 168 77 110 0 46 40 43 322 77 161 72 92 9 0 2 1 9 3 25 3 5 1 2 7 0 3 1 1 2 6 2 56 0 0 0 2 0 0 0 0 0 0 0 0 0 0 0 0 0 0 0 0 0 0 0 0 0 0 0 0 0 0 0 0 0 0 0 0 0 0 0 3 0 38 0 12 1 14 0 38 9 10 14 22 0 0 0 19 0 0 0 0 0 0 0 0 0 0 8 0 0 0 0 0 23 0 0 0 0 0 0 13 0 0 0 0 0 0 0 0 0 3 0 0 0 0 0 0 0 0 0 0 4 0 0 0 0 0 0 0 0 0 0 0 0 9 2 0 0 0 1 0 2 15 16 17 0 0 2 0 0 23 11 10 0 9 58 11 7 40 0 10 10 0 0 1 0 0 49 0 9 0 0 0 36 0 0 5 7 0 22 23 9 20 10 0 0 0 4 0 0 0 0 11 0 1 0 1 0 0 0 13 1 15 37 0 0 2 3 6 0 0 4 0 0 0 0 1 0 0 0 0 0 0 0 0 19 0 0 0 0 0 
 2 2 2 2 2 2 2 2 2 2 65 0 5 2 2 2 2 2 8 2 0 2 0 29 85 0 0 0 0 0 3 4 0 0 0 0 27 63 3 0 256 80 180 46 63 104 193 238 93 39 35 46 0 224 156 169 53 29 342 164 0 0 0 26 6 0 0 0 0 0 0 49 0 0 5 0 0 9 1 5 0 0 0 0 0 0 0 0 0 0 0 0 0 0 0 0 0 0 0 0 0 0 0 9 0 0 0 0 0 0 0 0 0 0 0 0 0 0 0 0 40 0 8 0 20 2 24 16 15 22 22 7 20 0 0 27 12 36 14 7 3 0 0 0 0 0 10 0 7 0 0 0 0 0 0 0 5 6 2 0 0 0 0 0 0 0 0 0 0 3 0 0 0 0 0 6 0 0 0 0 0 0 0 4 113 0 0 0 0 0 0 0 0 0 0 0 0 0 0 0 9 0 10 19 4 1 4 17 13 2 5 3 19 31 0 0 3 0 24 5 0 0 0 0 0 0 0 0 0 0 0 0 9 0 0 0 0 0 1 3 0 0 0 0 0 0 0 0 0 0 0 7 0 0 0 0 0 30 0 0 0 0 0 0 2 13 0 0 0 0 0 0 0 0 0 0 0 0 0 21 0 0 0 0 0 9 0 0 0 0 
 1 1 1 1 2 0 2 1 1 1 1 0 0 2 0 3 1 0 36 69 2 1 1 72 64 1 0 0 1 1 2 1 0 1 0 2 2 2 1 32 72 126 53 74 68 42 67 150 144 82 68 40 224 0 134 258 42 241 96 331 0 0 0 0 2 6 0 0 0 0 0 27 0 0 0 0 0 0 0 0 0 0 0 0 0 0 0 0 0 0 0 0 0 0 0 0 0 0 0 0 0 0 0 0 0 10 0 0 0 0 0 0 0 0 0 1 0 0 0 0 7 0 0 7 0 7 11 1 8 0 1 18 0 0 0 0 30 0 10 0 0 0 4 0 0 0 0 0 0 0 0 6 10 4 0 0 0 0 0 0 0 0 0 0 0 0 0 0 0 3 0 0 0 0 0 0 0 0 0 0 0 0 0 0 0 0 0 0 0 15 0 0 0 0 0 0 0 0 0 0 0 0 6 1 6 30 0 32 18 0 35 14 0 0 0 44 0 14 18 6 0 0 0 0 0 0 0 0 0 0 0 0 0 0 0 0 20 0 6 0 0 0 0 0 0 0 0 0 0 29 0 17 0 2 0 0 0 67 2 2 0 0 0 0 1 7 0 0 2 24 0 0 0 0 0 0 0 0 0 10 0 0 0 0 0 0 0 0 0 0 
 1 1 1 0 3 2 1 0 1 3 2 0 5 0 3 0 1 4 1 0 0 0 0 0 0 63 2 0 62 3 0 4 3 0 0 0 0 2 6 0 175 337 142 45 70 35 330 232 107 291 87 43 156 134 0 308 34 45 49 128 0 0 0 4 0 0 0 0 0 0 0 57 0 0 0 0 0 4 0 6 0 0 0 0 0 0 0 0 0 0 0 0 0 0 0 0 0 0 5 0 0 0 0 0 0 0 0 0 0 0 0 0 0 0 0 0 0 0 8 0 24 3 30 21 10 7 1 25 33 0 15 26 0 0 0 18 0 9 1 7 10 0 21 0 0 0 17 0 21 0 0 5 20 8 0 0 0 6 4 0 0 0 0 0 0 0 0 0 0 36 0 0 0 0 0 0 0 0 0 0 23 0 0 0 8 0 0 0 0 12 0 0 0 0 0 0 0 0 0 0 1 19 17 23 0 19 27 17 55 0 50 48 0 26 46 0 1 7 36 0 0 0 0 0 0 0 0 0 0 0 0 0 25 0 0 0 0 0 7 29 0 0 0 0 0 42 0 9 2 31 0 2 0 2 0 0 0 0 2 0 0 0 0 0 0 17 5 0 3 0 21 0 0 0 0 0 0 0 0 0 0 0 0 0 21 0 0 0 0 0 
 0 0 0 0 0 0 2 0 0 2 0 4 0 68 0 0 0 0 4 0 0 6 0 0 54 0 0 2 0 0 0 64 1 0 0 4 1 0 0 0 96 174 107 119 128 134 112 52 81 80 91 322 169 258 308 0 115 153 137 150 0 0 0 0 0 0 3 0 0 0 0 0 0 0 0 0 0 4 0 0 0 0 0 0 0 0 0 0 0 0 0 0 0 0 0 0 0 0 0 0 0 0 0 0 0 18 0 0 0 0 0 0 0 0 0 0 0 0 0 0 12 14 19 43 0 8 17 10 0 43 17 27 51 0 8 10 11 56 0 0 0 0 0 0 0 0 4 0 5 9 0 0 0 0 0 0 3 1 7 1 0 0 0 0 0 0 0 2 0 0 0 0 0 8 0 0 0 0 0 0 0 0 0 0 26 0 0 0 0 0 0 0 0 0 0 0 0 0 0 0 31 16 25 14 11 10 20 3 5 14 11 0 8 6 10 18 17 1 0 0 0 35 0 0 0 0 0 24 0 0 0 0 0 0 0 0 0 0 1 0 0 0 6 0 0 0 1 0 0 0 0 2 60 1 0 0 0 0 0 0 0 0 0 0 1 4 0 71 2 0 0 0 0 0 0 0 0 0 0 0 0 0 27 0 0 18 0 0 0 0 
 1 0 1 0 0 0 1 1 0 0 0 0 4 1 3 4 0 3 2 1 2 1 1 3 64 0 2 4 2 7 0 1 5 3 2 2 4 2 2 2 165 78 94 129 45 123 36 259 88 139 110 77 53 42 34 115 0 47 23 153 2 0 0 7 0 0 0 0 0 4 0 1 0 2 1 0 0 11 56 7 0 0 0 0 0 0 0 0 0 0 0 0 0 0 0 0 0 0 0 0 0 0 0 0 0 0 0 0 0 0 0 0 0 20 0 0 0 0 0 0 0 0 20 30 0 0 0 22 0 0 11 0 3 0 3 1 13 0 0 13 0 25 23 4 1 0 0 13 0 5 0 0 0 8 7 4 0 0 14 18 8 0 10 0 0 0 0 0 0 0 0 0 0 0 0 0 0 0 0 0 0 0 0 0 0 0 0 0 0 0 0 0 0 0 0 0 0 0 0 0 23 7 9 14 0 0 4 0 0 51 0 1 0 8 0 11 31 3 0 0 4 0 8 7 29 6 0 6 19 0 0 0 21 20 10 5 0 0 38 0 0 0 0 0 0 0 0 0 2 0 0 12 0 7 0 0 0 1 0 8 0 0 0 0 1 1 9 1 1 0 0 0 0 12 0 0 0 0 0 0 0 0 0 0 0 21 0 0 0 0 
 0 0 0 0 0 0 0 0 0 0 0 0 2 0 0 0 0 0 0 0 2 0 0 0 0 0 2 6 0 0 1 2 0 0 0 0 3 0 0 1 258 114 96 406 107 93 36 28 127 86 67 161 29 241 45 153 47 0 248 105 1 0 4 0 4 1 20 0 0 0 0 1 0 0 1 0 4 0 0 58 0 0 0 0 0 0 0 0 0 0 0 0 0 0 0 0 0 0 0 0 9 0 0 0 0 0 0 0 0 0 0 4 0 0 0 0 0 16 0 0 0 0 0 28 0 1 3 7 0 17 1 25 0 6 0 18 25 10 4 1 0 0 1 0 0 0 13 0 0 0 1 0 16 0 0 0 0 0 9 1 0 0 0 0 0 0 0 0 0 1 0 0 0 0 0 0 0 0 0 10 0 0 0 0 0 7 0 0 0 6 0 0 0 0 0 0 0 0 0 0 0 13 13 12 2 8 0 0 0 22 9 20 0 5 4 21 2 21 0 0 0 13 0 0 0 0 33 16 7 0 8 0 0 0 10 0 0 0 6 3 0 0 39 0 0 0 2 0 0 0 0 9 0 2 0 9 0 0 2 21 0 1 2 0 1 0 1 34 2 0 0 0 0 0 0 0 0 0 0 0 0 0 0 0 0 0 0 0 0 0 
 0 0 2 9 0 20 4 0 0 5 0 0 0 0 0 0 0 0 0 0 12 1 18 63 66 63 67 7 0 0 3 24 3 1 0 64 0 62 0 6 315 112 23 57 65 113 130 390 67 49 105 72 342 96 49 137 23 248 0 67 0 0 0 0 0 0 0 0 0 0 0 0 5 0 0 0 0 0 0 0 0 0 0 4 0 0 0 0 0 0 0 0 0 0 0 0 0 0 0 0 0 0 0 12 7 47 3 0 0 0 0 8 0 11 0 0 3 11 0 8 16 51 10 0 0 0 36 1 13 18 10 0 21 8 39 0 14 75 11 2 0 0 0 0 0 0 0 0 6 0 0 0 0 1 0 0 0 4 0 0 2 0 0 0 0 0 0 5 0 4 0 0 0 0 0 0 0 0 0 0 0 0 0 6 24 10 7 0 0 0 0 0 0 0 5 0 0 0 0 0 48 11 8 0 0 0 14 27 13 0 0 0 22 0 17 7 9 12 0 12 0 0 0 0 0 0 0 13 0 0 0 0 7 0 0 0 0 0 19 0 0 29 0 0 0 0 5 0 0 0 0 25 0 0 0 0 0 72 1 2 11 0 0 0 1 2 3 0 0 0 0 0 0 0 0 0 0 0 0 0 0 0 0 0 0 0 0 11 0 0 
 3 3 3 54 3 3 3 3 3 3 6 0 6 3 3 3 3 3 3 3 0 0 0 0 0 62 0 0 0 0 0 0 0 2 0 0 0 0 2 0 107 108 38 97 81 81 139 56 356 306 59 92 164 331 128 150 153 105 67 0 0 0 0 0 0 1 1 20 0 0 2 2 0 0 0 0 0 4 18 0 0 0 0 0 0 0 11 0 0 0 0 0 0 0 0 0 0 0 0 6 0 0 0 0 0 0 0 0 0 0 0 0 0 0 0 0 0 0 0 0 0 11 29 12 9 8 11 17 8 7 45 4 39 0 17 19 13 11 0 0 0 0 0 0 0 0 0 0 4 0 0 0 9 1 0 0 0 0 14 0 7 0 0 0 0 0 0 0 0 0 0 0 0 0 0 0 0 0 0 0 0 0 0 0 19 0 0 0 0 0 0 0 0 0 0 0 0 0 0 0 27 13 29 1 0 0 32 0 15 25 22 16 0 10 2 0 21 6 0 0 0 0 0 0 0 0 0 0 6 0 0 0 14 0 0 0 0 0 19 14 0 0 2 0 0 0 0 0 0 0 0 15 0 0 0 0 0 0 0 0 0 0 0 0 0 2 0 65 2 0 0 0 0 0 0 0 0 0 0 0 0 0 0 0 13 13 0 1 0 0 
 0 0 0 0 0 0 0 0 0 0 0 0 0 0 0 0 0 0 0 2 3 3 3 3 3 5 3 3 3 3 3 2 3 3 3 3 3 5 3 3 0 0 2 1 9 13 0 0 0 2 0 9 0 0 0 0 2 1 0 0 0 416 165 50 88 47 160 82 45 204 96 88 117 54 117 30 74 144 80 100 0 0 0 0 0 22 0 0 0 0 0 0 0 0 0 0 0 0 0 0 0 0 0 2 0 0 0 0 0 0 0 0 0 0 19 0 0 0 0 0 0 0 0 0 0 8 0 0 0 0 0 0 0 0 0 0 0 0 0 0 8 6 4 3 9 0 0 10 0 10 0 0 0 8 14 22 0 1 0 4 0 0 0 0 0 0 0 0 0 0 12 0 0 0 0 0 0 0 0 0 0 0 0 0 0 0 0 0 0 0 0 0 0 0 0 0 0 0 0 0 0 0 0 0 9 1 10 0 0 0 0 0 0 0 0 0 4 0 0 0 54 15 22 3 19 32 0 11 15 0 0 15 0 6 23 82 0 27 4 3 0 0 0 0 0 0 0 0 0 0 0 0 0 1 6 0 0 0 0 0 0 0 0 0 0 0 9 0 0 0 39 2 0 11 2 0 0 0 0 0 0 0 0 0 0 0 0 0 2 0 
