 0 98 302 145 47 253 158 284 318 83 27 21 82 135 195 159 39 150 114 150 3 0 0 3 2 0 1 0 0 2 0 1 0 0 0 0 0 0 2 0 3 3 0 0 0 2 0 0 0 3 0 2 0 0 19 0 0 0 2 0 0 0 0 1 0 0 0 14 1 0 0 5 0 2 1 0 0 2 3 3 30 8 34 9 7 33 0 19 43 14 22 21 31 10 17 9 11 11 0 0 1 0 0 0 0 2 0 0 0 0 0 0 0 0 0 0 0 0 10 0 0 0 0 0 0 0 0 3 0 0 0 1 0 0 0 0 0 0 0 0 0 0 0 0 7 0 0 0 1 0 0 0 0 0 0 0 0 0 2 0 10 10 18 25 2 13 0 4 19 20 0 31 15 2 17 16 0 14 0 0 0 0 0 0 0 0 0 0 0 0 0 0 1 0 0 0 0 0 0 22 0 2 1 0 0 0 4 0 0 0 2 0 0 0 0 0 0 0 0 0 0 0 0 0 0 0 0 0 2 0 0 0 0 0 0 1 0 0 0 0 0 12 0 0 0 1 1 0 3 8 1 9 48 15 0 0 0 0 0 0 3 0 13 0 0 1 0 0 0 0 0 0 0 13 0 11 1 0 0 0 0 0 0 0 0 0 0 0 0 0 
 98 0 92 59 256 46 168 278 108 271 88 45 47 196 73 269 337 335 142 190 5 0 4 2 1 1 0 8 0 0 0 1 74 0 0 0 0 0 3 0 3 3 2 0 0 2 0 0 0 9 0 3 0 0 0 0 6 0 2 0 6 0 0 0 7 0 0 6 3 0 2 1 0 7 0 0 0 5 3 3 42 8 37 1 0 28 37 7 0 8 29 15 40 18 58 24 2 18 0 0 0 0 0 0 0 1 0 2 8 0 0 0 0 0 0 0 0 0 0 0 0 0 0 0 0 0 0 0 0 0 0 0 0 0 0 0 0 0 22 0 0 0 0 1 0 0 0 0 0 2 0 0 0 0 0 0 0 0 0 0 0 35 0 0 22 18 0 11 26 32 1 22 12 0 19 0 8 4 0 14 0 0 0 0 2 0 0 12 0 0 0 0 0 0 0 3 13 0 12 21 0 0 0 0 1 0 9 13 0 0 0 0 0 0 0 0 0 0 0 0 6 0 0 14 0 0 0 0 15 0 0 0 0 0 0 0 0 0 0 0 0 0 0 0 21 0 0 0 1 0 0 3 14 0 0 0 0 0 0 0 0 0 19 0 0 0 0 0 0 0 0 0 0 0 0 0 0 26 0 0 0 0 0 0 0 0 0 0 0 0 
 302 92 0 191 128 28 287 174 396 605 145 181 93 89 60 49 167 49 39 258 3 0 0 2 0 0 29 0 0 16 0 1 2 2 0 0 0 0 4 3 3 3 0 3 2 70 2 0 0 4 0 0 0 0 0 2 2 0 2 0 0 0 0 0 0 5 1 0 3 32 0 0 0 10 2 0 2 3 2 3 26 16 19 32 20 1 47 6 1 38 10 14 23 16 8 11 37 26 28 8 2 14 12 2 0 0 0 17 0 0 0 0 0 0 17 0 2 2 0 0 0 0 0 0 0 0 0 1 0 0 0 0 0 0 0 0 0 0 0 0 0 0 0 23 0 0 0 12 0 0 0 0 0 0 0 0 0 0 0 0 16 16 0 6 32 11 0 0 11 0 1 0 0 31 15 24 44 20 0 0 0 0 1 0 0 0 0 4 2 0 0 0 1 1 3 0 0 0 18 0 0 0 0 0 0 0 0 0 0 11 0 0 0 0 0 0 0 0 0 1 12 0 0 0 0 0 0 3 3 0 0 0 0 0 0 0 1 0 0 0 0 0 0 0 0 0 2 0 0 183 0 4 0 0 0 0 0 0 0 0 0 0 0 0 0 0 0 0 0 0 0 0 0 0 0 9 4 0 0 0 0 0 0 0 0 0 0 0 0 1 
 145 59 191 0 73 58 149 152 119 72 145 58 137 154 63 355 225 387 75 71 78 74 0 2 207 0 1 0 0 0 0 2 79 77 0 0 0 0 3 71 3 3 0 0 0 2 0 0 0 2 0 0 0 0 0 0 0 0 2 0 0 0 0 0 0 1 0 0 3 0 0 0 0 3 88 0 0 3 2 3 11 29 18 14 9 29 0 29 30 13 0 21 0 0 15 0 0 10 0 0 0 0 0 0 0 0 24 0 35 0 0 0 16 0 0 0 0 0 43 3 0 0 0 9 0 0 0 0 0 0 0 0 0 0 0 0 0 0 0 0 0 0 0 0 0 0 0 0 0 0 0 0 0 0 0 0 0 0 0 0 14 0 17 7 0 26 0 9 0 1 23 38 0 59 19 24 6 0 0 0 15 0 0 0 0 0 24 0 0 0 0 0 0 12 0 0 0 0 5 0 0 0 0 0 0 0 0 0 0 0 0 0 0 0 0 0 0 0 0 0 0 0 0 0 0 0 0 0 0 0 0 0 0 0 0 0 0 0 0 0 0 0 0 0 0 2 176 0 87 3 10 4 0 0 1 0 0 0 0 0 0 0 0 0 0 0 0 0 0 0 0 0 0 0 2 0 16 0 0 0 0 0 0 0 0 0 0 0 0 0 
 47 256 128 73 0 184 256 60 200 157 245 245 161 137 116 255 51 74 260 85 77 75 0 2 1 0 0 5 2 0 86 0 1 25 111 75 2 2 90 3 3 3 0 1 0 2 3 0 1 5 0 0 0 0 0 2 2 0 2 0 3 0 0 0 1 2 0 0 3 0 0 1 0 5 0 2 0 39 3 3 12 27 0 18 2 17 0 13 38 38 10 35 0 0 0 0 10 10 0 0 1 0 1 0 0 0 0 2 0 0 0 0 0 23 13 6 0 17 0 10 0 0 0 0 0 0 1 3 0 0 0 0 1 0 0 0 0 0 0 0 0 0 2 0 0 0 2 0 0 3 0 0 0 0 0 2 0 2 0 0 0 26 30 0 19 0 0 0 0 0 11 24 0 0 17 0 12 23 0 0 0 0 0 0 0 0 34 14 0 0 0 1 10 24 21 1 0 0 33 18 0 0 0 0 0 0 0 19 0 0 0 0 1 0 2 0 0 0 0 0 0 1 0 0 0 0 0 0 0 0 0 0 0 0 0 0 0 0 0 1 0 10 0 0 0 2 2 0 0 1 0 2 0 0 0 0 0 0 0 0 0 0 16 0 0 0 0 0 0 0 0 0 0 0 0 0 0 0 0 0 0 0 0 0 0 0 0 0 0 0 
 253 46 28 58 184 0 119 44 145 148 75 67 34 74 154 91 152 132 46 75 78 0 0 2 3 0 75 23 0 0 5 0 82 0 2 0 0 0 173 74 3 3 0 0 0 2 0 0 0 3 0 0 0 0 0 0 0 0 2 0 0 0 0 0 0 0 0 0 3 0 0 4 0 2 0 0 0 5 9 3 0 0 0 10 0 37 0 0 9 0 10 39 0 0 0 7 10 24 0 0 0 6 0 0 0 0 32 9 41 0 0 0 39 31 0 0 0 0 17 25 0 0 0 0 0 0 0 0 0 11 0 2 0 0 0 0 2 0 0 0 6 0 0 0 0 0 0 0 0 3 0 4 0 0 0 0 0 0 1 0 0 0 34 78 18 21 0 0 0 0 31 3 0 0 1 20 0 0 12 0 24 16 0 11 0 0 104 0 2 0 0 0 10 21 1 1 14 0 43 1 0 4 2 0 0 0 0 14 0 0 0 0 0 0 0 0 13 0 0 0 0 0 0 0 0 0 0 0 1 0 0 0 0 0 0 2 0 0 0 0 0 0 0 0 0 6 88 0 1 5 8 3 0 0 0 0 0 0 0 0 0 0 0 0 0 0 0 0 0 0 0 0 0 0 0 0 0 15 0 0 0 0 0 0 0 0 0 0 0 0 
 158 168 287 149 256 119 0 137 60 298 351 28 68 149 210 456 79 45 130 144 85 0 0 2 1 0 1 0 0 0 0 2 0 0 0 0 0 0 3 0 3 3 0 0 0 2 0 0 0 3 0 0 0 0 0 1 0 0 2 0 0 0 0 0 0 0 1 3 2 0 0 3 0 2 62 0 0 2 3 3 22 1 59 1 10 11 24 0 59 0 37 0 25 28 6 11 0 21 31 0 0 0 0 0 0 0 0 0 0 0 0 0 0 0 0 0 0 0 27 0 38 0 0 2 0 0 16 0 0 0 0 0 0 0 0 0 0 0 0 0 0 22 0 0 0 0 0 0 0 0 0 0 0 1 0 0 0 0 0 0 26 14 20 13 11 0 4 20 30 18 7 20 1 29 9 17 11 42 8 15 0 0 0 2 0 0 0 0 0 0 0 0 0 0 0 0 0 0 9 0 0 0 0 0 0 0 0 0 0 0 0 0 0 0 2 0 0 0 0 0 2 0 2 0 0 0 0 0 0 0 0 0 0 0 0 0 0 0 0 0 0 0 0 0 0 0 3 2 0 93 0 5 19 0 0 0 0 0 0 0 0 0 0 0 0 0 0 1 0 0 0 0 0 0 0 12 23 0 0 0 0 0 0 0 0 0 0 0 0 0 
 284 278 174 152 60 44 137 0 38 128 117 49 118 445 96 35 120 35 146 175 6 0 2 4 3 0 0 0 0 2 0 4 2 0 3 0 0 0 5 0 3 3 3 0 0 2 2 0 0 6 0 0 66 0 0 2 2 0 4 0 0 0 0 2 0 0 0 5 2 0 0 3 0 2 0 0 0 2 6 3 0 8 30 16 7 0 0 27 23 13 28 20 43 11 17 1 9 0 1 11 0 0 0 0 0 0 0 0 0 0 0 0 0 0 0 0 0 0 0 0 0 0 0 0 0 0 0 0 0 0 1 1 1 0 0 23 0 0 0 0 0 0 0 0 0 0 0 0 1 0 0 0 0 0 0 0 0 0 2 0 0 0 0 0 2 23 0 0 2 0 2 11 16 0 15 0 5 0 4 0 0 0 0 0 0 0 0 9 0 0 0 0 0 0 0 0 0 0 1 0 0 2 0 0 0 0 0 0 0 0 2 0 0 0 0 0 0 1 0 0 5 0 0 0 0 0 0 0 2 0 0 0 0 0 0 1 0 0 0 0 0 8 0 0 0 0 1 2 0 0 0 6 0 0 2 0 0 0 0 0 0 0 13 0 0 0 0 0 0 0 0 0 0 0 0 0 0 9 0 0 0 0 0 0 0 0 0 0 0 0 
 318 108 396 119 200 145 60 38 0 269 52 134 129 85 180 152 129 209 95 162 4 0 0 33 0 2 75 0 0 0 0 0 0 0 0 0 0 0 79 0 3 3 0 0 0 2 0 5 0 2 0 0 0 0 0 0 0 0 2 0 0 0 0 0 0 2 0 0 3 0 30 0 0 46 30 0 0 3 2 3 19 17 0 0 0 31 0 1 27 9 0 9 0 0 20 9 12 5 0 6 0 0 0 0 0 0 32 0 14 0 0 0 25 0 0 0 0 0 0 12 0 0 0 0 0 0 0 0 2 0 0 0 0 0 0 0 0 0 0 0 0 10 0 0 0 0 0 0 0 0 0 0 0 0 0 0 0 0 0 0 0 22 27 0 0 9 0 0 0 28 26 6 0 1 0 14 0 22 6 0 26 0 0 0 0 0 20 0 0 0 0 0 0 9 0 0 0 0 28 12 0 0 0 2 0 12 11 0 0 0 0 0 0 1 0 0 0 0 0 0 0 0 0 0 0 0 0 0 0 0 0 0 0 0 0 0 0 2 0 0 0 0 0 0 0 0 87 0 3 1 2 4 0 0 0 0 0 0 0 0 0 0 0 0 0 0 0 0 0 0 0 0 0 0 0 10 0 0 0 0 0 0 0 0 0 0 0 0 0 0 
 83 271 605 72 157 148 298 128 269 0 208 152 48 67 262 701 118 118 95 196 81 0 0 2 2 2 61 0 0 0 0 0 74 0 0 18 0 0 3 0 3 3 63 0 0 2 0 0 0 3 0 0 0 2 0 0 0 0 2 0 0 0 0 0 0 6 0 0 3 0 0 1 0 3 0 0 0 3 3 3 17 9 29 1 0 74 17 0 9 10 36 9 0 2 30 27 10 25 5 11 0 0 0 0 0 0 40 14 0 0 1 0 30 0 0 16 0 0 17 0 0 0 0 0 0 0 0 0 0 0 0 0 0 0 1 0 0 0 0 7 0 0 0 0 0 0 0 0 0 0 0 0 0 0 0 0 0 0 0 0 26 51 0 3 4 10 1 6 6 25 17 1 0 1 11 7 12 26 13 16 0 0 15 0 0 0 0 13 0 0 0 0 0 4 0 16 29 0 33 13 0 0 0 0 0 0 9 17 0 0 0 0 0 0 0 0 0 0 11 0 11 0 0 0 0 0 0 0 0 0 0 0 0 0 0 0 0 0 0 0 0 0 0 0 0 3 2 0 4 1 1 1 0 0 0 0 0 0 0 0 0 0 3 0 0 0 0 0 0 0 0 0 0 0 0 11 0 15 0 0 0 0 0 0 0 0 0 0 0 0 
 27 88 145 145 245 75 351 117 52 208 0 233 23 116 157 315 177 269 35 66 3 0 0 2 1 0 25 0 0 0 0 1 73 0 0 0 0 0 27 20 3 3 0 0 0 2 0 0 0 3 0 0 4 0 0 0 0 0 2 0 0 0 0 0 0 2 49 0 3 0 0 2 0 2 39 0 0 3 3 3 23 12 25 15 10 55 2 0 24 41 10 0 0 22 11 0 7 0 0 7 0 15 17 0 0 0 16 0 10 0 0 0 13 29 41 13 0 36 30 2 33 0 0 0 0 0 0 10 2 7 0 0 0 0 0 0 0 0 0 24 0 0 10 0 0 0 0 0 0 0 0 0 0 0 0 0 0 0 0 0 0 10 0 35 0 8 0 6 0 0 17 0 0 20 0 23 12 8 0 0 1 0 4 0 0 0 8 23 0 0 0 0 9 49 0 7 31 0 22 16 0 0 0 2 0 0 0 0 0 0 0 0 0 0 0 0 0 0 2 0 13 0 0 0 0 0 0 0 0 0 0 0 0 0 0 0 0 0 0 0 0 1 0 0 0 4 87 1 3 95 0 5 0 0 0 0 0 0 0 0 0 0 0 0 0 0 0 0 0 0 0 0 0 0 0 8 36 20 0 0 0 0 0 0 0 1 0 0 0 0 
 21 45 181 58 245 67 28 49 134 152 233 0 35 344 248 37 172 140 117 44 85 114 0 2 1 0 148 4 0 0 6 4 0 80 77 0 0 0 27 75 3 3 7 0 0 2 0 0 0 3 0 0 4 0 0 0 0 0 2 0 0 1 0 0 0 10 0 0 2 0 0 3 0 36 0 0 0 2 3 8 11 32 21 0 34 4 14 11 0 43 0 40 0 0 17 0 5 25 19 5 0 10 10 0 2 0 0 29 4 0 0 0 0 30 37 12 5 15 12 1 0 0 0 0 0 0 0 0 0 1 0 0 0 0 0 0 0 0 0 0 0 0 0 0 0 0 0 0 0 0 0 0 0 0 0 0 0 0 0 0 0 20 0 58 1 26 0 3 1 1 3 0 0 0 22 4 16 6 0 0 1 0 29 0 0 0 0 10 0 0 0 0 9 22 10 15 29 0 1 45 0 0 0 0 0 0 0 1 0 0 0 0 0 0 0 0 0 0 0 0 0 0 0 0 0 0 0 0 0 0 0 0 0 0 0 0 0 0 0 0 0 0 0 0 0 6 89 0 0 88 0 18 0 0 0 0 0 2 0 0 0 0 0 0 0 0 0 0 0 0 0 0 0 0 0 7 0 0 0 0 0 0 0 0 0 0 0 0 0 0 
 82 47 93 137 161 34 68 118 129 48 23 35 0 92 41 42 81 109 195 83 3 0 0 4 1 0 77 1 1 0 0 2 0 0 0 0 0 3 3 0 3 3 1 0 3 2 0 2 0 3 2 82 0 2 0 0 0 2 5 2 0 0 0 0 1 0 19 40 4 57 0 1 0 3 0 0 0 3 3 3 0 10 0 14 0 0 2 19 0 0 0 13 9 15 15 1 0 10 17 20 0 0 0 0 0 0 0 0 0 0 0 0 0 0 0 0 0 0 0 0 0 0 0 0 0 0 0 0 0 0 0 0 0 0 0 0 0 0 0 0 0 0 0 0 0 0 0 0 0 0 0 0 0 0 0 0 0 0 0 0 25 1 0 0 0 0 19 0 0 10 18 19 13 32 10 0 0 0 29 40 0 0 4 0 0 0 1 0 0 0 0 0 14 0 0 0 0 0 0 0 0 0 0 0 0 0 0 0 0 0 0 0 0 0 0 0 0 0 0 0 0 0 0 0 0 0 0 0 0 0 0 0 0 0 0 8 0 0 0 0 0 0 0 0 0 2 0 0 7 0 10 4 1 0 0 0 0 0 0 0 0 0 0 0 0 0 0 0 0 0 0 0 0 0 0 0 0 0 0 0 12 0 0 0 0 0 0 0 0 0 
 135 196 89 154 137 74 149 445 85 67 116 344 92 0 264 230 135 128 307 393 9 0 3 2 5 0 0 0 2 3 0 1 11 0 0 2 0 5 3 0 3 3 0 0 0 2 0 0 0 2 0 0 3 31 0 0 0 0 2 39 0 0 0 0 0 0 0 5 3 0 0 32 0 3 0 0 0 3 2 3 0 48 55 20 9 0 16 26 30 10 32 27 63 13 19 0 19 13 19 1 2 0 0 2 0 0 0 1 0 0 0 0 1 0 0 16 2 0 0 0 1 7 0 14 0 0 0 1 0 0 0 0 0 0 0 0 0 0 0 0 0 0 0 0 0 0 0 0 0 0 0 0 0 0 0 0 0 0 0 0 2 18 10 0 0 10 18 10 2 0 0 33 32 8 22 12 23 11 10 13 0 0 1 0 0 0 0 0 0 0 0 0 0 5 0 0 0 0 0 0 0 0 0 0 0 0 0 0 0 0 0 0 0 0 0 0 0 0 0 1 7 0 0 0 0 0 0 0 0 0 0 0 0 0 0 0 1 0 0 0 0 9 0 0 0 2 1 0 0 1 1 14 0 0 0 0 0 0 0 0 0 0 11 0 0 0 0 0 0 0 0 0 0 0 0 0 0 0 0 0 0 0 0 0 0 0 0 0 0 0 
 195 73 60 63 116 154 210 96 180 262 157 248 41 264 0 234 31 30 83 119 3 0 0 2 1 0 0 0 2 0 0 1 7 0 0 0 3 0 79 0 3 3 0 0 0 2 0 0 0 2 2 0 0 0 0 0 0 1 4 0 0 0 6 0 0 0 0 0 3 0 0 4 0 3 0 0 0 3 6 3 19 14 37 0 0 11 14 3 54 12 12 0 9 9 12 12 1 2 0 0 0 0 0 0 0 0 1 0 0 13 0 0 0 13 0 0 0 0 20 1 0 0 0 0 0 0 0 0 0 0 0 0 0 0 0 0 0 0 1 0 0 0 0 0 0 0 0 58 0 0 2 0 2 0 0 0 0 0 0 0 7 21 22 7 16 0 0 25 20 6 11 8 0 0 17 11 8 27 13 9 0 0 0 0 0 2 26 0 0 0 0 0 0 1 0 0 0 0 11 0 0 0 0 0 0 0 0 1 0 0 0 0 0 0 0 0 0 0 0 0 0 0 0 0 0 0 0 0 0 0 0 19 0 0 0 0 0 0 0 0 0 0 0 0 0 2 2 0 3 1 0 3 0 0 0 0 0 0 0 0 3 0 14 0 0 2 0 0 0 0 0 0 0 0 0 12 0 0 0 0 0 0 0 0 0 0 0 0 0 0 
 159 269 49 355 255 91 456 35 152 701 315 37 42 230 234 0 87 262 55 91 3 0 0 2 1 0 0 0 0 0 1 1 2 0 0 1 0 2 78 76 3 3 0 0 0 2 0 0 0 3 74 0 0 0 0 0 0 0 2 57 36 0 0 0 0 0 0 0 3 0 0 1 0 3 31 0 0 3 3 3 32 2 11 23 9 41 14 2 42 2 0 17 20 27 3 31 1 0 0 0 9 0 0 0 0 0 0 0 0 0 0 0 0 14 0 0 0 6 0 27 0 0 0 0 0 13 0 0 0 0 0 0 2 0 0 0 0 0 0 0 0 0 1 0 0 0 1 0 5 0 0 0 0 1 0 0 0 0 0 0 10 14 73 1 17 14 0 10 14 21 13 1 0 3 22 17 8 40 11 10 0 0 0 0 0 0 11 0 0 0 0 0 0 0 0 0 0 0 14 17 0 0 0 0 0 0 15 14 0 0 0 0 2 0 1 0 0 0 0 0 0 31 0 0 0 0 0 0 0 0 0 0 0 2 0 0 0 11 0 2 0 0 0 0 0 4 1 2 2 95 0 7 0 0 0 0 0 0 0 0 0 0 14 0 0 0 0 0 0 0 0 0 0 0 0 12 26 0 0 0 0 0 0 0 0 19 0 0 0 0 
 39 337 167 225 51 152 79 120 129 118 177 172 81 135 31 87 0 227 338 137 3 0 4 2 0 0 84 0 0 2 0 2 0 0 0 63 0 0 5 76 3 3 0 0 0 2 0 0 0 2 0 0 5 0 42 0 0 0 2 0 2 0 0 0 0 1 0 5 3 0 0 0 0 3 0 0 0 3 1 3 0 14 31 20 35 0 37 25 0 12 14 16 15 0 13 10 13 32 14 0 0 0 0 0 0 2 19 0 20 0 10 0 10 0 0 0 0 0 1 29 0 0 0 0 2 0 0 0 0 0 0 0 0 12 0 0 0 0 0 14 0 0 0 0 0 0 0 0 0 0 0 0 0 0 0 0 0 0 0 0 12 0 19 17 0 26 15 8 0 11 27 34 0 19 30 5 20 0 0 0 13 0 0 0 0 0 6 1 0 0 0 0 0 0 1 0 8 2 11 2 0 0 0 0 0 0 1 0 0 0 0 1 0 0 0 1 0 0 0 0 7 0 0 0 0 0 0 0 0 0 0 0 2 0 0 0 0 0 0 0 0 0 0 0 0 1 11 0 47 118 17 3 14 0 0 0 0 0 0 0 0 0 0 0 0 0 0 0 0 0 0 0 0 0 0 0 0 0 0 0 0 0 0 0 0 0 0 0 0 0 
 150 335 49 387 74 132 45 35 209 118 269 140 109 128 30 262 227 0 247 40 3 0 0 0 0 0 0 0 0 1 0 1 59 0 0 0 0 74 73 73 0 64 0 0 0 0 0 0 0 0 0 0 0 0 0 0 0 0 0 0 30 1 0 0 0 0 1 0 0 0 0 0 0 0 0 0 0 0 0 0 22 18 0 53 15 8 16 38 30 36 11 23 0 39 16 24 9 16 0 0 0 0 0 0 0 0 0 1 17 0 0 3 1 0 0 0 0 0 10 20 2 17 0 15 1 0 0 1 1 0 0 0 0 0 0 0 0 0 13 0 0 0 0 0 0 13 0 0 0 0 0 0 0 0 0 0 0 2 0 0 37 0 14 0 0 22 0 1 1 17 7 0 1 14 10 3 14 12 0 0 11 0 0 0 0 0 9 0 0 0 0 0 0 9 0 0 0 0 7 0 0 0 0 1 0 0 10 20 0 0 0 0 0 2 0 0 0 0 0 1 0 0 0 0 0 0 11 1 0 0 0 0 0 0 0 0 0 0 0 0 0 2 0 0 0 5 9 0 88 85 13 9 0 0 0 0 0 0 0 0 0 0 0 0 0 0 0 0 0 1 0 0 0 0 0 0 1 0 0 0 0 0 0 0 0 0 0 0 0 0 
 114 142 39 75 260 46 130 146 95 95 35 117 195 307 83 55 338 247 0 120 5 0 0 2 1 1 0 2 0 0 0 1 0 0 0 0 0 1 3 3 3 3 0 0 0 2 0 0 0 1 0 0 0 0 0 0 0 0 2 0 0 0 0 0 0 0 0 5 3 0 0 0 0 3 0 0 0 3 1 3 0 0 20 0 0 14 0 1 0 0 12 0 0 11 21 0 0 18 40 65 0 0 0 0 0 0 0 0 0 0 0 0 0 0 0 0 0 3 0 0 0 0 0 0 0 0 0 0 0 0 0 0 0 0 0 0 0 0 0 0 0 0 0 0 0 0 0 0 0 0 0 0 0 0 0 0 0 0 0 0 0 0 0 0 0 0 66 18 25 11 0 10 60 15 0 0 7 0 6 38 0 0 0 0 0 0 0 0 0 0 0 0 0 0 0 0 0 0 0 0 0 0 0 0 0 0 10 0 0 0 0 0 0 0 0 0 0 0 0 0 0 0 0 24 0 0 0 0 0 0 0 0 0 0 0 0 0 0 0 0 0 0 0 0 0 2 0 0 1 5 0 3 10 0 10 0 0 0 0 0 0 0 0 0 0 0 0 0 0 0 0 0 0 0 0 0 0 0 0 0 0 0 0 0 0 0 0 0 0 0 
 150 190 258 71 85 75 144 175 162 196 66 44 83 393 119 91 137 40 120 0 3 0 0 2 0 0 0 0 0 0 0 1 0 0 0 0 0 0 3 0 3 3 0 0 0 2 0 0 0 2 0 0 0 0 0 0 0 0 2 0 0 0 0 0 0 0 0 13 3 0 0 0 0 3 0 0 0 3 2 3 0 1 31 14 0 0 28 21 15 6 36 1 12 38 0 26 13 6 4 1 0 0 0 2 0 0 0 0 0 0 0 0 0 0 0 0 2 0 0 0 0 0 0 0 0 0 0 0 0 0 0 0 0 0 0 0 0 0 0 0 0 0 0 0 0 0 0 0 0 0 0 4 0 0 0 0 0 0 0 0 1 15 0 0 23 0 1 7 50 7 0 2 19 3 14 0 21 14 11 50 0 0 0 0 0 0 0 0 0 0 0 10 0 0 0 0 0 0 0 0 0 0 0 0 0 0 7 0 0 0 0 0 0 0 0 0 0 0 0 0 0 0 0 0 0 0 0 0 13 0 0 0 0 0 0 0 1 0 0 0 0 0 0 0 0 0 0 0 1 90 0 7 6 0 0 0 0 0 0 0 0 0 19 0 0 0 0 0 0 0 0 0 0 0 0 0 0 0 0 0 0 0 0 0 0 0 0 0 0 0 
 3 5 3 78 77 78 85 6 4 81 3 85 3 9 3 3 3 3 5 3 0 112 123 112 58 130 156 346 30 123 31 53 341 176 67 116 111 126 268 62 0 0 2 2 0 3 0 3 1 0 0 0 2 0 2 0 0 1 0 0 2 0 0 0 0 0 3 0 3 0 0 4 2 0 3 0 0 0 0 0 0 0 0 1 0 0 0 0 0 0 0 77 0 0 0 0 0 9 0 0 39 6 14 0 0 0 7 32 39 0 13 12 21 9 2 20 0 1 32 39 2 0 0 0 0 0 0 0 0 18 1 0 1 0 0 0 2 0 12 0 0 22 0 0 0 0 0 0 0 4 0 0 0 0 0 0 0 9 0 0 0 5 0 0 0 0 0 0 0 0 0 22 0 0 8 4 0 14 0 0 21 12 12 10 0 0 29 0 0 13 14 38 0 23 9 1 12 13 13 19 0 0 0 0 0 0 0 0 0 0 0 0 0 5 0 0 0 0 12 0 0 0 0 0 0 0 0 0 0 0 0 0 0 0 0 0 0 0 0 0 0 0 13 0 0 0 0 0 0 0 0 1 0 0 3 0 4 0 0 2 4 1 0 0 0 0 0 0 0 0 1 0 0 0 0 0 0 1 0 0 0 0 0 0 0 0 0 0 0 0 
 0 0 0 74 75 0 0 0 0 0 0 114 0 0 0 0 0 0 0 0 112 0 77 35 196 109 99 91 40 236 43 66 57 254 170 370 196 177 42 341 0 0 2 1 0 3 0 5 0 0 0 0 3 0 2 0 1 0 62 26 2 0 0 0 0 0 3 0 3 0 0 2 2 0 3 0 0 0 0 51 0 0 0 0 14 0 0 0 0 0 0 0 0 0 0 0 0 0 0 0 38 1 0 15 23 33 8 36 24 9 16 46 0 21 8 27 14 0 0 0 10 0 0 0 0 0 0 0 0 0 0 1 11 0 0 0 0 0 28 0 0 0 18 0 0 0 0 0 16 1 0 0 0 0 4 22 0 0 0 0 0 0 0 0 0 0 0 0 0 0 0 0 0 0 0 0 0 0 0 0 0 0 0 9 0 1 0 0 12 12 27 10 5 15 0 23 8 28 0 12 0 0 0 0 0 0 2 7 0 0 0 0 0 0 10 0 0 0 22 1 0 0 0 0 0 0 0 0 0 0 0 0 0 0 0 0 0 0 0 0 0 0 15 0 0 0 0 0 0 0 0 0 0 0 0 0 1 4 0 0 1 0 0 0 0 0 0 0 0 0 0 1 0 0 0 0 0 0 0 1 0 0 0 0 2 1 0 0 0 0 
 0 4 0 0 0 0 0 2 0 0 0 0 0 3 0 0 4 0 0 0 123 77 0 236 325 113 464 379 172 143 129 271 112 209 498 107 266 160 62 231 0 0 2 1 0 4 0 5 0 3 0 2 66 0 2 0 0 3 0 0 0 9 0 0 0 0 3 0 3 1 1 4 2 7 3 0 0 0 0 2 0 0 0 20 0 0 0 0 0 0 16 0 0 0 0 0 0 0 0 0 25 117 42 22 18 20 27 1 23 18 20 13 0 12 27 0 9 8 42 9 2 0 0 0 0 0 21 2 15 0 0 4 0 12 0 0 0 0 0 0 0 0 0 0 0 0 0 0 0 0 0 0 0 0 1 0 0 0 0 17 0 12 0 0 0 0 0 0 0 0 0 0 0 0 0 0 0 0 0 0 33 41 10 1 1 11 2 9 23 18 23 12 17 0 0 14 19 25 0 4 0 0 0 0 0 6 0 0 0 0 0 0 1 0 0 0 0 0 14 15 0 0 0 0 0 0 0 0 0 0 0 0 0 0 0 0 0 0 0 0 0 0 0 0 0 0 0 0 0 0 0 0 0 0 9 0 1 0 0 2 2 3 0 0 0 0 13 0 0 0 0 0 0 0 0 0 0 0 0 15 0 0 0 1 0 10 1 0 0 0 
 3 2 2 2 2 2 2 4 33 2 2 2 4 2 2 2 2 0 2 2 112 35 236 0 100 34 340 223 126 230 155 43 64 173 521 133 66 138 342 252 0 0 2 5 5 3 0 8 0 2 0 0 8 62 2 2 3 0 0 0 0 2 3 3 3 0 3 3 4 6 7 5 2 5 4 0 2 1 0 1 0 0 0 0 0 0 0 0 0 0 0 0 0 0 0 0 0 0 0 0 0 24 14 20 40 0 27 0 0 1 9 0 5 0 23 0 31 19 17 0 0 0 0 0 0 0 0 0 0 0 0 0 14 21 0 0 0 0 1 16 0 10 0 16 0 0 0 0 0 0 0 0 0 0 0 0 0 0 0 0 0 0 0 0 2 0 0 0 0 0 0 0 0 0 0 0 0 0 0 0 9 24 23 15 19 2 28 16 39 37 17 0 0 0 31 19 0 47 0 0 0 0 0 0 0 0 0 0 0 0 0 0 29 8 0 0 0 0 0 42 0 0 0 0 0 0 0 0 0 0 0 0 0 0 0 0 0 0 0 35 0 0 0 0 0 0 0 0 0 0 0 0 0 0 0 1 2 4 2 3 0 16 0 0 0 0 0 0 0 0 0 0 0 2 0 0 0 0 0 0 0 23 0 0 0 0 0 0 0 0 
 2 1 0 207 1 3 1 3 0 2 1 1 1 5 1 1 0 0 1 0 58 196 325 100 0 371 38 162 139 175 162 223 302 147 159 155 136 84 526 80 62 16 3 3 0 3 40 24 0 0 17 0 2 0 3 0 0 0 39 84 0 0 0 0 0 0 3 1 3 2 0 14 3 0 12 0 0 0 0 0 0 0 0 9 0 0 0 22 0 0 0 0 0 0 0 0 0 0 0 2 13 0 13 13 1 9 0 0 8 21 16 14 0 0 1 35 20 1 0 0 3 0 1 0 0 0 22 22 0 14 2 0 17 0 4 4 19 12 26 17 5 0 6 0 0 0 0 0 27 0 0 0 0 0 1 0 1 0 0 14 0 0 1 0 15 0 0 0 0 0 0 0 0 0 0 0 0 0 0 0 0 0 3 11 20 21 0 0 31 17 11 8 0 0 0 10 13 14 0 0 38 82 11 9 0 0 12 30 0 0 11 0 15 15 1 8 14 16 16 60 0 0 0 0 0 0 0 0 0 0 0 0 0 0 0 0 0 0 0 0 0 0 0 0 0 0 0 0 0 0 0 0 0 0 3 3 1 77 41 2 44 1 0 0 0 0 0 0 0 0 0 0 0 0 0 0 0 2 0 17 0 0 0 0 0 9 0 0 0 0 
 0 1 0 0 0 0 0 0 2 2 0 0 0 0 0 0 0 0 1 0 130 109 113 34 371 0 46 233 133 50 195 287 79 66 225 115 240 358 58 263 63 61 3 3 0 3 0 4 0 0 0 0 23 62 2 0 0 0 125 16 0 0 0 0 0 0 3 0 3 0 3 2 3 2 56 0 0 0 0 4 0 0 0 0 0 0 0 1 0 0 0 0 0 0 0 0 0 0 0 0 0 21 0 9 65 0 0 10 0 1 1 9 0 0 9 26 6 0 0 6 1 8 0 0 0 0 2 7 22 0 0 0 27 21 0 0 9 0 68 0 2 0 0 0 0 0 0 0 0 0 0 0 0 0 0 1 0 0 0 0 0 0 15 0 0 0 0 0 0 0 0 0 0 0 0 0 1 0 0 0 0 2 10 20 9 10 0 0 12 0 39 14 0 5 19 9 11 19 0 0 5 14 0 0 0 0 9 9 0 3 0 1 0 20 10 0 1 11 48 17 0 0 0 0 0 0 0 0 0 0 0 0 0 0 0 0 0 0 0 0 0 0 1 0 0 0 0 0 0 0 0 0 0 0 0 0 0 0 6 0 0 0 0 0 0 0 2 0 0 0 13 0 0 0 0 0 0 0 0 0 0 0 0 0 0 0 0 0 0 0 
 1 0 29 1 0 75 1 0 75 61 25 148 77 0 0 0 84 0 0 0 156 99 464 340 38 46 0 354 119 128 114 114 101 51 325 46 272 95 459 100 0 0 3 3 3 3 3 28 0 3 0 0 25 0 2 3 3 3 0 0 1 4 0 0 0 3 3 37 3 4 5 2 3 14 5 1 3 0 0 0 0 0 9 0 11 0 0 0 0 0 0 3 0 0 0 0 0 14 0 0 38 9 39 10 0 7 50 12 36 1 9 0 29 2 26 10 22 16 12 2 0 1 0 0 0 0 0 0 0 0 0 0 9 0 0 0 0 0 19 0 0 0 0 0 0 0 0 0 0 0 11 2 0 0 2 0 10 0 0 1 9 0 1 14 0 8 0 0 0 0 2 0 0 0 4 21 2 0 1 0 1 0 46 0 3 0 38 9 28 32 0 0 1 11 0 13 14 12 23 30 0 0 0 0 1 0 0 0 0 0 0 0 0 0 0 0 0 0 0 16 0 0 0 0 0 0 0 0 0 0 0 0 0 0 0 0 0 0 0 0 0 0 0 0 0 0 76 0 0 0 0 0 0 1 4 2 2 1 0 0 2 33 0 0 0 0 1 0 0 0 0 0 0 0 0 0 0 0 0 0 11 0 0 0 0 0 0 0 0 0 
 0 8 0 0 5 23 0 0 0 0 0 4 1 0 0 0 0 0 2 0 346 91 379 223 162 233 354 0 163 111 171 183 153 175 129 75 66 117 55 90 0 0 3 3 2 3 0 0 0 0 0 0 2 0 2 0 0 0 268 0 0 4 9 0 0 0 3 0 3 1 0 2 3 23 3 0 50 0 0 1 0 0 0 0 0 0 0 0 0 0 0 0 0 0 0 0 0 0 0 1 22 61 50 20 18 1 19 0 24 25 10 11 0 19 14 0 37 28 31 28 0 0 2 12 0 0 0 0 0 12 0 0 3 3 0 0 0 0 26 14 0 0 0 0 0 0 0 0 0 0 0 0 0 0 0 0 2 0 0 0 0 0 0 13 2 0 0 0 0 0 0 0 0 0 0 0 58 0 0 0 35 12 15 12 22 10 19 2 21 38 33 0 26 0 9 0 9 14 0 21 0 0 0 0 0 0 0 0 0 0 0 2 0 0 0 0 0 0 17 24 0 0 0 0 0 0 0 0 0 0 0 0 0 0 0 0 0 0 0 0 0 0 0 0 0 0 0 0 0 0 0 0 0 0 5 1 4 0 1 1 1 8 0 0 0 0 11 0 0 0 0 0 0 0 0 0 0 1 0 0 0 0 0 0 0 0 13 0 0 0 
 0 0 0 0 2 0 0 0 0 0 0 0 1 2 2 0 0 0 0 0 30 40 172 126 139 133 119 163 0 241 381 310 263 375 197 132 143 187 245 221 0 0 69 3 0 3 0 0 0 2 0 0 2 0 2 0 0 0 63 19 0 0 27 0 0 3 5 1 3 0 0 2 3 0 3 0 0 0 0 0 0 0 0 0 0 0 0 0 0 0 0 0 0 0 7 0 0 0 0 0 27 20 12 0 62 44 13 0 7 2 20 40 0 19 16 22 26 34 0 8 0 0 0 0 0 0 28 5 14 0 0 0 23 0 0 0 0 0 31 10 0 0 0 0 0 0 25 0 0 0 0 0 0 0 0 0 0 0 0 0 0 0 0 0 0 0 0 0 0 0 0 0 0 0 0 0 0 0 0 0 28 65 50 12 11 1 0 18 22 14 24 12 15 0 33 36 26 24 0 0 0 0 0 0 0 0 0 21 0 2 0 0 0 0 0 0 0 0 18 0 0 0 0 0 0 0 0 0 0 0 0 0 0 0 0 0 0 0 8 0 0 17 0 0 0 0 0 0 0 0 0 0 0 0 2 0 1 77 0 1 0 13 0 0 0 0 0 0 0 0 0 0 0 0 0 0 0 0 0 0 0 0 0 0 0 1 0 0 0 0 
 2 0 16 0 0 0 0 2 0 0 0 0 0 3 0 0 2 1 0 0 123 236 143 230 175 50 128 111 241 0 97 114 139 70 338 152 141 123 92 259 0 0 2 2 0 3 0 26 10 0 2 0 2 0 2 0 0 0 2 0 0 5 3 0 0 1 3 0 3 2 0 4 2 8 3 0 0 0 2 0 0 2 0 0 0 0 0 0 0 0 0 2 0 0 0 0 0 0 0 0 25 24 18 28 6 22 11 0 14 33 0 0 11 72 4 0 10 0 24 0 11 6 0 0 0 0 0 0 0 0 0 0 1 35 0 1 0 0 0 20 0 0 3 0 0 0 0 16 1 0 0 0 0 0 2 0 0 0 0 0 0 0 0 0 0 0 0 0 0 0 0 0 0 0 0 0 0 0 0 0 31 20 0 11 19 11 24 5 40 12 10 0 32 0 0 11 19 60 0 5 3 0 0 1 0 0 0 0 7 0 1 0 18 6 11 0 7 0 0 0 0 0 2 11 0 0 0 0 0 0 0 0 0 0 0 0 0 0 0 0 0 0 0 0 0 0 0 0 0 0 0 0 0 0 2 0 2 73 87 0 2 0 0 0 0 0 15 0 0 0 0 0 0 0 0 0 0 0 0 0 0 32 0 0 0 0 12 0 0 0 
 0 0 0 0 86 5 0 0 0 0 0 6 0 0 0 1 0 0 0 0 31 43 129 155 162 195 114 171 381 97 0 85 36 431 220 82 537 318 119 143 0 0 3 3 0 3 61 5 0 0 0 0 2 0 2 0 0 0 0 2 0 2 0 0 0 18 3 0 3 0 0 2 3 0 7 0 0 0 0 0 0 9 0 2 0 0 0 0 0 0 0 4 0 0 0 0 0 0 0 0 12 8 6 10 14 0 15 9 0 9 29 19 0 0 10 23 12 36 0 9 0 0 0 0 0 0 36 0 21 0 0 0 13 10 0 0 32 0 32 13 0 0 0 0 0 0 0 0 0 0 0 0 2 0 0 0 0 0 0 2 0 0 0 0 0 0 0 0 1 0 0 0 0 0 0 0 0 0 0 0 24 81 32 20 30 11 0 15 1 32 37 35 0 9 8 0 1 17 0 0 0 0 0 0 0 0 0 8 11 9 0 0 0 0 0 0 13 0 34 0 0 0 0 2 0 0 0 0 0 0 0 0 0 0 0 2 0 0 0 0 0 0 14 0 0 0 0 0 0 0 0 0 0 0 11 0 3 113 2 2 0 18 0 0 0 0 0 0 0 0 0 0 0 0 0 0 0 0 0 0 0 0 0 0 0 0 0 0 0 0 
 1 1 1 2 0 0 2 4 0 0 1 4 2 1 1 1 2 1 1 1 53 66 271 43 223 287 114 183 310 114 85 0 36 100 205 34 119 315 107 113 0 4 3 3 0 3 14 30 0 0 0 0 2 0 2 0 0 0 62 26 0 7 0 0 0 0 3 1 3 1 0 9 5 0 8 0 0 0 0 0 0 0 0 0 17 0 0 0 0 0 0 0 0 0 0 0 0 0 0 0 0 27 13 23 25 0 14 0 0 0 31 0 0 0 10 0 7 8 0 0 0 0 8 0 0 0 0 0 0 14 0 0 0 21 3 0 14 0 42 0 0 0 0 0 0 0 0 0 32 0 0 0 2 0 0 0 0 0 0 0 0 0 0 0 0 0 0 0 1 0 0 0 0 2 0 0 0 0 0 0 12 17 33 15 29 9 0 0 44 35 10 0 0 0 0 12 0 0 0 0 18 12 0 0 0 0 14 0 0 0 0 0 70 24 0 1 13 0 20 12 0 0 0 0 0 0 0 0 0 0 0 0 0 0 0 2 0 0 1 0 0 0 0 0 0 0 0 0 0 2 0 0 0 0 6 0 2 5 0 1 0 18 0 0 0 0 1 0 0 0 0 0 0 0 0 0 0 0 0 12 0 21 0 0 0 12 0 0 0 0 
 0 74 2 79 1 82 0 2 0 74 73 0 0 11 7 2 0 59 0 0 341 57 112 64 302 79 101 153 263 139 36 36 0 95 52 154 258 109 432 235 0 2 7 2 0 5 0 6 3 0 2 3 3 0 8 2 0 3 2 7 0 0 6 2 6 0 3 0 3 0 4 8 2 0 3 0 58 3 4 1 0 0 0 9 1 11 0 0 0 0 2 13 0 0 0 6 22 0 0 0 69 4 0 0 0 18 0 19 9 24 27 0 30 19 12 0 20 27 0 23 1 0 0 0 0 0 25 1 0 0 2 0 0 0 0 0 0 0 0 0 0 0 0 0 0 0 0 0 0 0 0 6 0 0 0 0 0 0 0 0 0 0 1 17 15 0 0 0 0 0 24 0 0 0 0 17 0 0 0 0 1 41 2 0 0 0 1 31 19 18 1 5 32 22 2 22 18 5 7 2 0 0 0 0 14 0 0 12 0 0 0 0 0 0 0 0 0 0 0 0 0 0 0 23 0 0 0 0 0 0 0 0 0 0 0 0 0 0 0 0 0 0 15 0 0 0 0 0 2 1 0 0 0 0 3 0 0 0 0 2 5 0 13 0 0 2 0 0 0 0 0 0 0 0 2 0 0 19 0 0 0 0 0 2 0 0 0 0 0 0 
 0 0 2 77 25 0 0 0 0 0 0 80 0 0 0 0 0 0 0 0 176 254 209 173 147 66 51 175 375 70 431 100 95 0 254 50 119 110 303 95 0 0 3 3 0 3 0 0 1 0 0 0 2 0 2 0 0 0 62 4 4 1 0 0 0 0 3 0 3 0 0 4 3 0 3 0 1 0 0 0 0 0 0 0 2 0 0 0 0 0 0 21 0 0 0 0 0 0 10 0 24 36 9 0 20 0 24 17 2 11 13 1 0 12 16 13 29 11 0 1 0 0 0 0 0 0 1 0 0 0 0 0 0 0 0 0 0 0 44 0 0 0 0 0 0 0 0 0 0 0 0 0 2 0 0 2 4 0 0 0 1 3 0 0 0 0 0 0 0 0 7 0 0 2 1 0 0 0 0 0 5 0 36 0 9 0 0 0 35 46 36 14 20 12 0 8 0 11 0 8 0 0 10 13 0 0 0 0 0 0 0 0 0 1 0 0 0 0 2 27 0 0 0 0 0 0 0 0 0 0 0 0 0 0 0 2 0 0 0 0 0 0 0 0 0 0 0 0 0 0 0 0 0 0 6 0 0 0 0 2 4 12 0 0 0 0 0 0 0 0 0 0 0 0 0 0 0 0 0 8 0 0 0 0 0 15 0 0 0 0 
 0 0 0 0 111 2 0 3 0 0 0 77 0 0 0 0 0 0 0 0 67 170 498 521 159 225 325 129 197 338 220 205 52 254 0 386 70 107 547 449 0 0 2 70 0 3 0 0 0 0 203 0 2 0 2 0 0 1 61 8 0 0 0 0 0 0 3 0 3 1 6 2 3 0 3 0 0 0 0 0 0 0 0 0 12 0 0 0 0 0 0 15 0 0 0 0 0 0 0 0 1 34 18 22 28 1 59 16 1 0 17 22 0 25 23 23 11 19 0 2 0 0 0 0 0 0 0 0 0 0 0 0 0 2 14 0 0 0 12 0 0 0 0 0 0 0 0 0 0 0 0 0 0 0 0 17 3 0 0 0 0 12 0 0 0 0 0 0 0 0 0 0 0 0 0 0 0 0 1 0 5 11 13 1 0 12 0 1 20 13 25 18 8 0 19 8 0 21 0 15 0 0 0 0 0 0 0 0 0 0 0 0 0 0 0 2 0 0 12 21 0 0 0 0 0 0 0 0 0 0 0 0 0 0 0 0 0 0 0 0 0 0 0 0 0 0 0 0 0 0 0 0 0 0 2 1 0 1 1 2 6 3 2 0 0 0 0 0 0 0 0 0 0 0 0 0 0 0 0 8 0 0 0 0 0 14 0 0 0 0 
 0 0 0 0 75 0 0 0 0 18 0 0 0 2 0 1 63 0 0 0 116 370 107 133 155 115 46 75 132 152 82 34 154 50 386 0 133 183 149 350 0 0 2 2 0 3 19 0 0 0 0 0 2 0 2 0 0 0 62 60 0 0 0 0 0 0 3 0 5 7 4 2 2 5 3 0 0 0 0 0 0 0 0 0 0 0 0 0 0 0 1 0 0 0 1 0 0 0 0 0 19 32 33 21 20 13 0 0 12 19 10 0 0 16 13 11 37 21 0 22 0 0 0 0 0 0 13 0 0 0 0 0 30 0 0 0 0 0 18 13 0 0 0 0 0 0 0 0 0 2 0 0 0 0 0 21 2 4 0 0 0 0 0 0 0 0 0 0 0 0 0 7 0 0 0 0 0 0 0 0 18 26 19 0 0 2 13 66 27 1 42 12 14 2 22 50 24 28 1 17 0 0 0 0 0 0 0 9 0 0 0 0 0 0 0 2 1 0 20 0 0 0 0 0 0 0 1 0 0 0 0 0 6 0 0 0 0 0 0 0 0 0 0 0 0 0 0 0 0 0 0 0 0 0 2 2 0 1 0 0 4 2 0 0 0 0 0 0 0 0 0 0 0 0 0 0 0 0 0 0 0 0 0 0 0 1 1 0 0 0 
 0 0 0 0 2 0 0 0 0 0 0 0 0 0 3 0 0 0 0 0 111 196 266 66 136 240 272 66 143 141 537 119 258 119 70 133 0 303 100 41 3 3 2 2 0 5 11 5 0 3 0 0 2 0 2 55 0 0 2 62 0 5 0 0 0 0 3 0 6 0 0 2 2 9 3 3 0 3 0 1 0 0 0 0 0 0 0 0 0 0 0 0 0 0 0 0 0 0 0 0 37 36 26 1 46 14 0 8 23 55 18 30 0 0 1 36 21 7 9 1 9 0 0 0 0 0 22 0 0 0 0 0 28 1 0 0 7 0 0 11 0 0 7 0 0 0 0 0 4 0 0 0 0 0 7 0 1 0 0 0 0 0 0 0 2 0 0 0 0 0 0 0 0 0 0 0 0 0 0 0 19 1 0 11 0 16 0 3 1 35 36 38 19 10 9 0 37 26 0 4 0 0 0 0 11 0 0 3 8 22 0 0 0 22 9 0 0 0 25 10 0 0 0 0 0 0 0 0 0 0 0 0 0 0 0 0 0 0 0 0 0 0 14 0 0 0 0 0 0 0 0 0 0 0 2 3 0 40 0 2 0 0 0 0 0 0 18 0 0 0 0 0 0 0 0 0 0 0 0 0 0 0 0 0 0 0 6 0 0 0 
 0 0 0 0 2 0 0 0 0 0 0 0 3 5 0 2 0 74 1 0 126 177 160 138 84 358 95 117 187 123 318 315 109 110 107 183 303 0 161 68 0 2 2 1 0 3 0 5 1 5 2 0 3 0 3 0 0 3 24 62 0 4 4 0 0 1 3 0 3 5 0 2 2 8 3 0 0 0 0 0 0 0 0 0 0 0 0 0 0 0 0 0 0 0 0 0 0 0 0 0 21 9 66 0 0 1 21 9 1 1 20 0 0 10 15 38 27 39 0 2 0 0 0 0 0 0 0 0 0 0 0 0 17 0 0 0 0 0 19 15 0 0 0 23 0 0 0 0 0 0 0 0 0 0 0 0 1 2 0 0 0 0 0 0 2 0 0 0 0 0 0 0 0 0 0 0 0 0 0 0 12 22 0 13 0 0 0 16 34 31 69 43 35 4 8 58 39 0 0 23 0 0 0 0 0 0 0 0 0 0 0 0 0 0 0 0 0 0 1 107 0 0 0 0 0 0 16 0 0 0 0 0 0 0 0 0 0 0 0 0 0 0 11 0 0 0 1 0 0 0 0 0 0 0 7 0 1 6 2 3 6 1 0 0 0 0 21 0 0 0 0 0 0 0 0 0 0 0 0 64 0 0 0 0 0 9 16 0 0 0 
 2 3 4 3 90 173 3 5 79 3 27 27 3 3 79 78 5 73 3 3 268 42 62 342 526 58 459 55 245 92 119 107 432 303 547 149 100 161 0 588 0 0 3 3 1 3 0 9 2 0 0 0 2 0 2 0 0 0 0 0 0 0 0 0 0 0 3 0 3 53 0 2 3 0 3 0 0 0 0 0 0 0 0 0 0 0 0 0 1 18 0 18 0 0 0 3 0 7 0 0 24 30 14 0 0 1 24 2 0 18 27 2 0 55 23 0 30 32 0 5 0 0 0 0 0 0 0 0 0 1 0 0 0 0 2 0 0 0 0 0 0 0 0 0 0 0 0 0 0 0 0 1 0 0 1 0 0 5 0 0 0 0 14 19 10 0 0 0 0 20 0 3 0 0 0 10 25 2 14 0 11 32 0 0 1 0 42 25 0 17 0 19 20 32 10 0 0 0 11 2 0 0 0 0 0 0 0 18 0 0 0 0 0 0 0 0 0 0 0 2 0 0 0 0 0 0 0 0 0 0 0 0 0 0 0 0 0 0 0 0 0 0 18 0 0 2 2 0 0 0 0 0 0 0 9 3 1 0 0 2 2 1 0 2 0 0 0 0 0 0 0 0 0 0 0 0 0 0 0 0 0 0 0 0 0 0 0 0 0 0 
 0 0 3 71 3 74 0 0 0 0 20 75 0 0 0 76 76 73 3 0 62 341 231 252 80 263 100 90 221 259 143 113 235 95 449 350 41 68 588 0 0 0 2 2 0 3 0 7 0 0 0 0 5 0 202 0 0 0 0 0 0 0 50 0 0 0 3 0 12 0 0 2 2 0 3 0 0 0 0 0 0 0 0 11 8 0 0 0 3 0 0 6 0 0 0 8 0 0 0 0 30 42 39 0 0 15 54 0 30 2 11 0 23 37 36 0 2 16 12 12 0 0 0 0 0 0 1 0 0 0 0 0 0 0 0 0 0 0 0 0 0 0 0 0 0 0 0 0 0 0 0 0 1 0 0 0 0 0 0 1 0 0 16 11 6 9 0 0 2 0 0 1 0 0 0 26 0 0 0 0 34 16 24 0 0 0 16 1 15 49 0 12 15 0 0 12 0 24 0 19 0 0 0 0 0 0 0 8 0 13 0 0 0 0 0 0 16 0 0 0 0 0 0 1 0 0 9 2 0 0 0 0 0 0 0 1 0 0 2 0 0 0 0 0 0 0 75 0 0 0 0 0 0 0 2 3 0 0 0 0 0 2 0 0 0 2 0 0 0 0 0 0 0 0 0 0 0 0 0 0 0 0 0 0 0 0 0 0 0 0 
 3 3 3 3 3 3 3 3 3 3 3 3 3 3 3 3 3 0 3 3 0 0 0 0 62 63 0 0 0 0 0 0 0 0 0 0 3 0 0 0 0 165 293 61 37 237 63 69 165 277 40 35 171 50 56 100 102 46 48 48 0 0 0 0 0 0 0 0 0 0 0 0 0 0 0 0 0 3 0 46 0 0 0 0 0 0 0 0 0 0 0 0 0 0 0 0 0 0 0 0 0 0 0 13 1 11 0 0 0 15 0 40 0 0 0 0 0 0 0 0 21 22 10 5 0 0 0 66 18 3 0 0 24 27 4 1 23 8 9 14 0 0 0 0 0 0 10 0 0 0 0 0 6 0 2 0 0 0 0 0 0 0 5 0 0 0 0 0 0 0 0 0 0 0 0 0 0 0 0 0 0 0 0 0 7 31 0 0 0 0 11 2 0 0 1 0 0 0 0 0 7 23 33 0 0 11 14 20 10 18 0 2 15 0 14 21 17 19 19 0 0 0 0 0 0 0 0 0 0 0 0 0 7 0 0 0 0 0 0 0 0 0 0 0 0 0 0 0 0 0 0 14 0 0 0 0 0 0 64 1 10 0 0 0 0 0 0 0 0 0 8 0 0 0 0 0 0 0 0 0 0 10 0 0 0 8 0 0 2 0 
 3 3 3 3 3 3 3 3 3 3 3 3 3 3 3 3 3 64 3 3 0 0 0 0 16 61 0 0 0 0 0 4 2 0 0 0 3 2 0 0 165 0 88 209 128 251 331 52 215 179 66 102 144 204 98 134 142 168 124 64 0 0 0 0 0 0 56 1 0 0 0 10 0 1 4 6 0 0 0 0 0 0 0 0 0 0 0 0 0 0 0 0 0 0 0 0 0 0 0 0 0 0 0 0 0 7 0 0 0 0 1 0 0 0 0 0 0 0 11 0 17 30 71 32 1 0 0 19 0 11 11 0 19 3 1 15 14 23 32 0 0 0 0 0 0 10 0 0 1 0 0 0 11 0 0 30 0 0 27 10 0 0 0 0 0 9 0 0 0 0 8 0 0 0 0 0 0 0 0 0 0 0 0 0 0 0 36 0 0 0 0 0 0 0 0 0 0 0 0 0 0 65 6 18 10 0 12 0 0 0 0 0 31 11 62 35 11 0 19 0 0 0 0 0 0 0 0 9 0 0 0 0 0 0 0 0 0 0 12 7 0 0 0 0 0 0 0 0 0 0 0 11 0 0 0 0 0 0 0 0 0 0 0 1 0 9 4 0 0 0 1 0 0 0 0 0 0 0 0 0 0 0 0 0 1 0 0 1 2 0 
 0 2 0 0 0 0 0 3 0 63 0 7 1 0 0 0 0 0 0 0 2 2 2 2 3 3 3 3 69 2 3 3 7 3 2 2 2 2 3 2 293 88 0 190 394 323 73 113 136 146 107 116 47 254 314 251 247 280 48 50 11 16 0 9 8 0 0 1 9 0 1 2 0 3 3 0 0 1 58 27 0 0 0 0 0 2 0 0 0 0 0 0 0 0 0 0 0 0 0 0 0 0 0 0 0 0 0 0 0 0 0 0 0 5 0 0 0 0 6 0 0 10 0 19 10 33 0 0 18 11 25 29 0 0 13 8 0 8 0 0 5 5 0 1 0 10 0 11 0 26 6 0 0 1 8 6 5 37 1 1 0 0 0 0 0 0 0 0 0 0 0 0 0 0 0 0 0 0 0 0 0 0 0 0 0 0 0 0 0 0 0 0 0 0 0 0 0 0 0 0 0 0 1 0 1 20 9 10 13 11 30 43 0 0 0 18 11 0 0 0 0 0 3 0 0 0 8 5 1 0 0 1 0 11 11 1 0 0 28 11 0 0 1 0 0 0 0 0 0 0 0 15 0 0 0 0 0 0 1 15 0 0 1 0 2 2 1 66 0 0 6 0 0 0 0 0 0 0 0 0 0 0 0 0 12 6 0 0 2 0 
 0 0 3 0 1 0 0 0 0 0 0 0 0 0 0 0 0 0 0 0 2 1 1 5 3 3 3 3 3 2 3 3 2 3 70 2 2 1 3 2 61 209 190 0 70 54 277 98 281 142 289 108 151 161 171 347 337 166 280 140 0 0 0 0 0 1 52 2 2 0 0 1 0 1 0 0 0 0 74 0 0 0 0 0 0 0 0 0 0 0 0 0 0 0 0 0 0 0 0 0 0 0 0 0 0 20 0 0 0 0 0 0 0 0 0 0 0 0 0 0 32 21 21 38 22 1 0 29 23 18 25 0 0 0 30 22 0 9 0 0 4 0 0 0 0 19 14 0 0 0 0 0 0 0 0 0 0 0 0 0 0 0 0 0 0 31 0 0 0 8 0 0 0 0 0 0 0 0 0 0 0 9 0 0 0 0 0 0 0 0 0 0 0 0 0 0 0 0 0 0 0 0 3 41 40 32 0 0 0 8 0 2 20 0 26 9 0 3 0 0 0 0 0 0 0 0 0 0 1 0 0 0 1 16 23 0 0 0 0 0 0 0 0 0 0 0 0 0 0 0 0 13 0 0 0 0 0 0 0 27 0 0 1 0 0 2 0 0 0 0 0 0 0 0 0 0 0 0 0 0 0 0 0 0 0 13 0 4 0 0 
 0 0 2 0 0 0 0 0 0 0 0 0 3 0 0 0 0 0 0 0 0 0 0 5 0 0 3 2 0 0 0 0 0 0 0 0 0 0 1 0 37 128 394 70 0 157 47 399 138 127 114 144 65 76 64 257 166 60 260 270 3 5 55 12 1 0 54 0 0 17 8 0 62 3 0 0 0 1 50 0 0 0 0 0 0 0 0 0 0 0 0 0 0 0 0 0 0 0 0 0 0 0 1 0 0 2 0 7 0 0 0 0 0 8 0 0 0 0 0 0 0 10 0 28 19 16 0 0 0 18 0 0 0 0 4 31 11 8 0 0 19 9 0 1 0 5 0 0 0 5 1 4 39 0 13 16 12 5 29 0 0 0 0 0 0 7 0 0 0 0 0 0 0 0 0 0 0 0 0 0 0 0 0 0 0 0 0 0 0 0 0 0 0 0 0 0 0 0 0 0 0 0 10 0 0 37 15 3 23 55 80 33 0 0 0 29 14 17 0 0 13 23 5 2 2 0 9 4 0 20 0 7 11 25 3 3 15 0 38 3 0 0 4 0 0 0 0 0 0 0 0 15 0 2 0 0 0 0 0 0 0 18 5 1 5 0 0 64 0 0 9 0 0 0 0 0 0 0 0 0 0 2 0 0 0 0 0 0 0 0 
 2 2 70 2 2 2 2 2 2 2 2 2 2 2 2 2 2 0 2 2 3 3 4 3 3 3 3 3 3 3 3 3 5 3 3 3 5 3 3 3 237 251 323 54 157 0 68 12 162 363 91 132 273 46 286 157 122 286 34 40 0 0 0 0 4 0 51 50 1 0 0 0 23 52 3 0 0 0 57 0 0 0 0 0 9 0 0 0 0 0 0 0 0 0 0 0 0 0 0 17 0 0 0 0 0 0 0 0 0 0 0 0 0 0 0 0 0 0 21 0 0 0 0 12 19 18 0 0 0 16 0 0 0 0 6 19 2 19 0 0 37 27 9 0 0 14 1 0 0 0 0 0 0 23 0 9 0 0 12 11 10 0 0 0 0 2 0 0 0 0 5 0 0 0 0 0 0 0 0 0 0 0 0 0 0 0 0 0 0 0 0 0 0 0 0 0 0 0 0 21 0 0 6 0 0 45 8 4 25 20 19 7 0 0 0 12 0 15 0 0 10 10 0 0 7 0 24 14 0 0 1 7 7 26 8 0 13 0 40 22 0 0 6 0 0 0 0 0 0 0 0 11 0 0 0 0 0 0 0 0 0 0 3 4 1 19 0 68 0 0 0 0 0 0 0 0 0 0 0 0 0 0 0 0 0 0 0 0 0 0 
 0 0 2 0 3 0 0 2 0 0 0 0 0 0 0 0 0 0 0 0 0 0 0 0 40 0 3 0 0 0 61 14 0 0 0 19 11 0 0 0 63 331 73 277 47 68 0 115 60 268 36 89 128 266 247 36 41 171 161 281 3 2 2 2 1 12 6 1 0 0 2 12 0 2 3 3 0 1 0 5 0 0 0 0 0 0 0 0 0 9 0 0 0 0 0 0 0 0 0 0 0 1 0 21 0 6 0 0 0 11 3 11 0 0 0 0 0 0 0 0 13 0 47 0 37 0 21 0 9 17 24 6 0 13 37 13 4 0 0 11 0 0 0 0 6 0 0 0 1 0 0 0 0 0 0 0 0 0 0 7 0 0 0 0 0 0 0 0 0 4 0 0 0 0 7 0 0 0 0 0 0 0 0 0 12 10 0 0 0 0 0 15 0 0 0 0 0 0 0 0 36 54 11 19 24 0 12 0 17 13 0 0 29 50 34 68 19 9 0 0 0 0 0 0 0 0 0 0 0 0 0 7 0 0 0 0 0 0 0 0 0 0 0 0 0 0 0 0 0 0 0 2 0 0 0 0 0 56 0 8 0 0 65 0 0 3 2 0 2 0 0 0 0 0 0 0 0 0 0 0 0 0 0 0 10 0 0 0 1 0 
 0 0 0 0 0 0 0 0 5 0 0 0 2 0 0 0 0 0 0 0 3 5 5 8 24 4 28 0 0 26 5 30 6 0 0 0 5 5 9 7 69 52 113 98 399 12 115 0 383 37 50 76 122 60 101 30 119 90 307 499 0 0 0 0 0 0 0 1 0 0 0 6 0 0 7 0 0 0 0 0 0 0 0 0 0 0 0 0 0 0 0 0 0 0 0 0 0 0 0 0 4 0 0 0 0 0 0 5 0 0 28 0 0 0 0 6 0 9 0 0 0 16 12 17 10 5 7 10 14 14 18 8 0 0 5 27 16 0 15 0 0 0 0 0 0 0 0 0 26 0 7 0 0 0 0 0 0 0 0 3 0 0 0 0 0 0 0 0 0 0 0 0 0 0 0 0 0 0 0 0 0 0 0 0 8 3 10 0 0 3 1 4 5 12 0 0 0 0 0 0 27 10 23 3 22 10 25 0 14 0 7 3 21 30 0 4 28 15 12 0 0 0 0 15 0 0 0 19 0 0 0 0 5 0 0 0 0 0 27 0 0 0 3 0 0 0 0 0 0 0 0 12 0 1 0 0 0 0 0 1 0 0 65 0 71 2 0 0 0 0 0 0 0 0 0 0 0 0 0 0 0 0 0 0 10 0 0 46 2 0 
 0 0 0 0 1 0 0 0 0 0 0 0 0 0 0 0 0 0 0 0 1 0 0 0 0 0 0 0 0 10 0 0 3 1 0 0 0 1 2 0 165 215 136 281 138 162 60 383 0 172 195 99 323 216 416 40 37 114 159 79 3 2 0 48 3 2 76 2 1 0 4 0 2 54 7 0 0 0 24 1 0 0 0 0 0 0 0 0 0 0 0 0 0 0 0 0 0 0 7 0 0 0 0 0 0 1 0 0 0 0 0 0 0 0 0 0 0 0 0 0 19 42 19 18 6 0 0 9 19 12 18 0 0 23 8 11 10 26 0 0 5 0 0 0 0 3 3 0 0 0 0 0 8 36 0 27 0 0 11 4 0 0 0 0 0 36 0 0 0 0 28 0 0 0 0 0 0 0 0 0 0 0 0 3 7 1 9 7 2 0 0 0 0 0 0 0 0 0 0 0 9 0 46 10 30 19 0 7 0 9 9 9 2 4 29 14 0 17 0 1 0 0 0 0 0 0 21 6 0 0 0 0 11 1 0 0 0 0 19 3 0 0 0 0 0 0 0 0 0 0 0 7 0 2 0 0 0 0 10 2 0 0 1 66 2 19 0 0 0 0 0 0 0 0 0 0 0 0 0 0 0 2 0 0 1 6 0 13 1 0 
 3 9 4 2 5 3 3 6 2 3 3 3 3 2 2 3 2 0 1 2 0 0 3 2 0 0 3 0 2 0 0 0 0 0 0 0 3 5 0 0 277 179 146 142 127 363 268 37 172 0 220 259 93 268 102 304 224 284 87 77 0 0 0 13 8 2 19 2 4 0 5 0 0 50 0 0 0 0 55 0 0 0 0 0 0 0 12 1 0 0 0 0 0 0 0 0 0 0 0 0 0 0 0 0 0 10 0 0 0 0 5 1 0 0 0 0 0 0 0 0 7 0 8 13 0 0 0 1 0 31 0 3 0 0 14 1 10 28 0 0 0 19 8 0 0 4 0 6 0 0 0 0 13 15 13 0 0 0 45 16 0 0 0 0 0 2 0 0 0 0 3 0 0 0 0 0 0 0 0 0 0 0 0 0 0 0 0 0 11 0 0 0 0 0 0 0 0 0 0 0 7 20 16 0 0 11 13 12 2 15 15 0 7 2 0 17 0 0 0 0 0 0 0 41 0 0 11 8 0 0 0 0 0 0 0 8 20 0 19 9 0 0 1 0 0 0 0 0 0 1 0 7 0 0 1 0 0 0 0 0 0 1 29 64 0 11 4 1 2 0 0 1 0 0 0 2 0 0 0 0 0 0 0 0 0 0 0 0 0 1 
 0 0 0 0 0 0 0 0 0 0 0 0 2 0 2 74 0 0 0 0 0 0 0 0 17 0 0 0 0 2 0 0 2 0 203 0 0 2 0 0 40 66 107 289 114 91 36 50 195 220 0 329 52 26 61 81 372 149 36 62 0 0 2 6 0 0 106 52 9 0 0 0 0 60 2 0 15 5 53 58 0 0 0 0 0 0 0 0 0 0 0 0 0 0 0 0 0 0 0 0 0 0 0 0 0 4 0 0 0 0 0 0 0 0 0 0 0 8 0 0 0 2 0 9 0 0 24 15 28 13 8 24 0 0 0 11 0 38 0 0 6 2 15 0 0 0 0 25 31 22 0 0 0 17 0 7 0 0 6 9 6 0 0 0 0 2 0 0 0 0 15 0 0 0 0 0 0 0 0 0 0 0 0 0 0 0 0 0 0 0 0 0 0 0 0 0 0 0 0 0 6 4 5 7 6 68 5 4 0 0 6 6 0 0 0 0 0 0 0 3 12 0 0 18 0 0 26 8 0 2 1 0 9 14 35 17 23 9 10 18 0 0 0 0 0 0 0 0 0 0 0 10 0 2 0 0 0 0 0 0 0 0 4 16 67 34 4 0 0 0 0 0 0 0 0 0 0 0 0 0 0 3 0 0 15 0 0 0 0 0 
 2 3 0 0 0 0 0 0 0 0 0 0 82 0 0 0 0 0 0 0 0 0 2 0 0 0 0 0 0 0 0 0 3 0 0 0 0 0 0 0 35 102 116 108 144 132 89 76 99 259 329 0 21 51 305 168 147 75 26 92 0 0 11 0 4 0 4 2 0 0 0 0 58 0 1 0 5 8 59 0 0 0 0 0 0 0 0 0 0 0 0 0 0 0 0 0 0 0 0 0 9 0 0 0 0 0 0 0 6 0 0 0 0 0 0 0 0 0 0 0 0 18 0 10 0 8 0 0 7 11 16 11 0 0 40 10 0 8 0 0 10 5 15 0 0 22 1 6 0 9 0 0 0 25 0 25 0 13 42 7 0 0 0 0 0 0 0 0 0 2 0 0 0 0 0 0 0 0 0 0 0 0 0 0 0 0 0 0 0 0 0 0 0 0 0 0 0 0 0 0 0 0 0 0 0 55 9 12 17 11 32 18 0 0 0 27 12 0 0 0 25 20 0 6 7 0 19 7 0 1 0 19 0 21 23 7 80 26 11 0 0 0 0 0 0 0 0 0 0 0 0 2 0 0 0 0 0 0 0 28 0 0 1 1 2 0 0 0 0 4 0 0 0 0 0 0 0 0 0 0 0 0 0 0 0 0 0 0 1 0 
 0 0 0 0 0 0 0 66 0 0 4 4 0 3 0 0 5 0 0 0 2 3 66 8 2 23 25 2 2 2 2 2 3 2 2 2 2 3 2 5 171 144 47 151 65 273 128 122 323 93 52 21 0 157 49 91 102 181 170 280 0 0 1 0 0 0 1 2 3 0 0 0 0 0 0 0 0 0 0 0 0 0 0 0 12 1 0 0 11 0 0 0 0 0 0 0 0 0 0 0 0 0 1 12 0 26 2 0 0 0 0 0 3 0 1 0 0 0 3 0 40 19 41 0 0 0 17 35 0 0 10 6 26 23 1 10 0 40 9 0 0 0 0 0 0 0 31 0 0 0 0 0 0 0 0 0 0 0 0 4 0 0 5 10 0 5 0 0 0 0 4 0 0 0 0 6 0 0 0 0 0 0 0 0 7 0 25 0 0 0 0 0 0 0 0 0 0 0 3 19 10 10 67 0 23 2 11 0 0 0 0 0 24 26 25 14 0 31 12 0 0 0 19 0 0 0 0 0 0 0 0 0 0 0 0 0 0 0 0 0 0 0 0 0 0 0 4 0 0 0 0 4 0 0 0 0 0 0 0 0 0 0 66 0 1 2 1 0 0 0 0 0 0 0 0 0 0 0 0 0 0 0 0 0 10 7 0 0 2 0 
 0 0 0 0 0 0 0 0 0 2 0 0 2 31 0 0 0 0 0 0 0 0 0 62 0 62 0 0 0 0 0 0 0 0 0 0 0 0 0 0 50 204 254 161 76 46 266 60 216 268 26 51 157 0 155 102 63 305 99 217 0 5 0 3 5 0 6 2 0 0 0 5 0 6 0 0 0 0 0 4 0 0 0 0 0 0 0 0 11 0 0 0 0 0 0 0 0 0 11 0 0 0 0 0 0 18 7 0 0 0 0 9 0 0 0 0 12 0 0 0 54 91 34 8 36 3 0 26 0 8 34 0 30 0 27 9 12 6 0 11 7 0 2 11 0 0 7 0 0 4 7 0 0 3 8 4 7 18 25 2 0 0 0 0 0 0 0 0 0 5 0 0 0 8 0 0 0 0 0 0 0 0 0 0 0 11 0 0 0 0 22 0 0 0 0 0 0 0 0 0 0 21 0 37 50 22 0 0 6 7 0 3 3 0 10 10 6 1 0 0 0 0 4 0 0 0 0 3 1 0 0 2 1 0 2 1 0 0 3 0 0 0 0 0 0 0 0 0 0 0 0 6 0 0 0 0 0 0 0 9 0 0 0 0 0 0 1 0 2 0 19 0 0 0 0 0 0 0 0 0 0 11 0 0 0 1 0 2 2 0 
 19 0 0 0 0 0 0 0 0 0 0 0 0 0 0 0 42 0 0 0 2 2 2 2 3 2 2 2 2 2 2 2 8 2 2 2 2 3 2 202 56 98 314 171 64 286 247 101 416 102 61 305 49 155 0 149 238 205 115 186 0 0 0 38 0 0 0 2 0 0 0 5 0 0 1 0 0 0 54 0 0 0 0 0 0 0 0 0 0 0 0 0 0 0 0 0 0 0 0 0 0 0 0 8 0 33 0 0 0 0 0 0 0 0 0 0 0 0 0 0 28 0 43 19 11 0 0 1 6 52 22 0 6 12 50 1 22 9 0 11 0 0 0 0 0 26 0 0 0 0 0 0 8 0 0 0 0 0 0 0 0 0 0 0 0 0 0 0 0 24 19 0 0 0 0 0 0 0 0 0 0 0 0 0 21 2 0 0 0 0 0 0 14 0 0 0 0 0 0 0 0 10 15 36 31 56 18 3 4 27 9 3 23 14 16 92 17 4 10 0 0 0 0 0 0 0 0 0 0 0 0 0 0 0 0 0 0 0 23 0 0 0 0 0 0 0 0 0 0 0 0 2 0 1 0 0 0 62 0 16 0 0 1 0 3 1 2 0 1 0 0 0 0 15 0 0 0 0 0 0 0 0 0 0 0 1 0 0 2 0 
 0 0 2 0 2 0 1 2 0 0 0 0 0 0 0 0 0 0 0 0 0 0 0 2 0 0 3 0 0 0 0 0 2 0 0 0 55 0 0 0 100 134 251 347 257 157 36 30 40 304 81 168 91 102 149 0 230 103 40 78 0 6 0 16 0 0 1 1 0 0 0 0 2 4 2 0 0 0 0 0 0 0 0 0 23 0 0 0 0 0 0 0 0 0 9 0 0 0 0 0 0 0 0 0 0 0 0 0 0 0 6 0 0 0 0 0 0 0 0 0 41 33 7 27 20 12 0 0 14 8 34 18 0 0 14 48 0 8 0 0 27 0 0 0 0 6 0 0 0 5 7 9 0 0 12 19 37 5 0 10 0 0 0 0 0 0 0 0 0 0 0 0 0 0 0 0 0 0 0 0 0 0 0 0 0 0 0 0 0 0 0 0 0 0 0 0 0 0 0 0 25 10 13 9 14 10 5 14 38 17 27 38 10 18 8 48 48 23 0 0 0 0 5 0 0 0 0 6 0 0 0 8 6 11 5 5 0 0 57 8 0 0 11 0 0 0 0 0 0 0 0 1 0 0 0 0 0 0 0 1 0 0 67 0 0 3 0 63 0 0 11 0 0 0 0 0 0 0 0 0 0 0 0 0 19 13 0 0 1 0 
 0 6 2 0 2 0 0 2 0 0 0 0 0 0 0 0 0 0 0 0 0 1 0 3 0 0 3 0 0 0 0 0 0 0 0 0 0 0 0 0 102 142 247 337 166 122 41 119 37 224 372 147 102 63 238 230 0 87 33 44 1 0 0 0 9 0 3 0 0 0 207 0 0 2 0 0 0 0 20 3 0 0 0 0 0 0 0 0 0 0 0 0 0 0 0 0 0 0 0 0 0 0 0 0 5 3 0 0 0 0 0 33 0 0 0 0 8 0 0 0 0 15 6 17 32 19 0 0 19 14 4 0 0 0 26 34 11 8 0 0 10 3 0 0 0 3 0 0 0 0 1 0 11 0 0 0 0 0 11 1 0 0 0 0 0 7 0 0 0 0 0 0 0 0 0 0 0 0 0 0 0 0 0 0 0 0 0 0 0 0 0 0 0 0 0 0 0 0 0 0 1 22 17 2 0 44 0 7 21 19 32 31 16 0 0 40 35 18 0 0 0 0 0 0 0 0 2 2 0 0 0 0 11 11 0 0 0 0 39 3 0 0 4 0 0 0 0 0 0 0 0 4 1 0 0 2 0 0 0 0 0 0 2 2 2 1 0 70 0 0 0 0 0 0 0 0 0 0 0 0 0 0 0 0 1 0 0 0 1 0 
 0 0 0 0 0 0 0 0 0 0 0 0 2 0 1 0 0 0 0 0 1 0 3 0 0 0 3 0 0 0 0 0 3 0 1 0 0 3 0 0 46 168 280 166 60 286 171 90 114 284 149 75 181 305 205 103 87 0 172 97 0 0 0 0 0 0 0 2 0 0 0 3 0 3 0 0 0 0 0 44 0 0 0 0 0 0 0 0 0 0 0 0 0 0 0 0 0 0 0 0 0 8 0 0 0 18 0 0 0 0 0 1 0 0 0 0 0 0 0 0 28 6 58 4 10 10 11 8 15 19 29 21 6 7 5 4 1 0 0 5 0 0 0 0 0 0 7 12 0 0 0 0 6 1 0 0 0 0 0 0 0 0 0 0 0 0 0 0 0 2 0 0 0 0 0 0 0 0 1 0 0 0 0 0 0 0 0 0 0 0 0 0 0 0 0 0 0 0 0 0 0 5 0 36 32 28 0 0 4 9 0 14 42 16 50 17 8 10 21 0 0 0 0 0 0 0 0 0 0 0 0 0 1 0 0 0 0 0 0 37 0 0 0 0 0 0 0 0 0 0 0 21 0 0 0 0 0 0 0 22 0 0 0 1 1 10 0 0 0 0 0 0 0 0 0 0 0 0 0 0 0 0 0 0 12 6 0 0 1 0 
 2 2 2 2 2 2 2 4 2 2 2 2 5 2 4 2 2 0 2 2 0 62 0 0 39 125 0 268 63 2 0 62 2 62 61 62 2 24 0 0 48 124 48 280 260 34 161 307 159 87 36 26 170 99 115 40 33 172 0 429 2 2 1 12 2 0 1 4 0 3 0 3 0 0 2 50 0 1 0 0 0 0 0 0 0 0 0 0 0 0 0 0 0 0 0 0 0 0 0 0 0 0 0 0 0 19 0 2 0 0 0 0 0 2 0 36 8 0 0 0 21 0 19 0 0 0 19 17 0 0 19 19 0 1 0 20 0 0 5 0 0 0 0 0 0 0 17 0 0 0 0 0 0 0 0 0 0 0 0 4 0 0 0 0 0 0 0 0 0 0 0 0 0 0 0 0 11 2 0 0 0 0 0 3 0 0 0 0 13 8 11 20 0 0 0 12 11 0 0 0 6 0 15 27 22 0 0 0 0 0 0 0 19 14 6 9 0 14 3 19 0 0 0 0 0 0 7 0 0 0 0 0 1 0 0 0 0 0 0 0 0 0 0 0 0 0 0 1 1 0 0 2 0 1 0 0 0 0 0 0 0 0 63 0 0 0 0 0 2 0 1 0 0 51 0 0 0 0 0 20 0 0 0 0 9 9 0 0 1 0 
 0 0 0 0 0 0 0 0 0 0 0 0 2 39 0 57 0 0 0 0 0 26 0 0 84 16 0 0 19 0 2 26 7 4 8 60 62 62 0 0 48 64 50 140 270 40 281 499 79 77 62 92 280 217 186 78 44 97 429 0 0 1 0 0 0 0 3 9 50 4 0 6 0 0 6 0 0 0 7 0 0 0 0 0 0 0 0 0 0 0 0 0 0 0 0 0 0 0 0 0 0 0 0 0 9 0 0 0 0 0 16 1 0 0 0 23 12 0 0 0 0 0 25 0 12 2 4 0 9 22 21 8 9 3 18 10 18 0 11 0 0 0 7 0 0 0 5 8 24 0 0 0 0 8 0 0 0 0 7 10 0 0 0 0 0 0 0 0 0 8 0 0 0 0 0 0 0 0 0 0 0 0 0 10 8 5 0 0 10 0 18 0 0 0 0 7 6 0 0 0 27 10 9 20 21 0 33 7 18 0 0 6 32 51 0 0 8 9 22 1 0 0 0 0 0 0 0 0 17 0 0 0 0 2 1 0 0 0 7 0 0 0 0 0 0 0 0 0 0 0 0 0 0 0 0 0 0 0 0 10 0 0 64 0 0 0 0 0 0 0 0 0 0 0 0 0 0 0 0 1 0 0 0 0 11 3 0 3 1 0 
 0 6 0 0 3 0 0 0 0 0 0 0 0 0 0 36 2 30 0 0 2 2 0 0 0 0 1 0 0 0 0 0 0 4 0 0 0 0 0 0 0 0 11 0 3 0 3 0 3 0 0 0 0 0 0 0 1 0 2 0 0 115 97 107 20 29 126 149 87 56 328 315 80 173 365 58 39 93 115 52 0 0 0 0 0 0 0 0 0 1 0 0 0 0 0 0 0 0 0 0 3 1 0 0 0 0 4 8 4 1 0 0 0 2 0 0 0 0 7 0 0 0 0 9 0 8 0 0 0 0 7 0 0 0 0 0 0 0 0 0 0 0 0 22 0 15 2 0 15 11 8 31 0 0 11 9 8 4 0 6 0 0 0 0 0 0 0 0 0 0 0 0 0 0 0 1 0 0 0 4 2 0 0 0 0 0 0 0 7 3 0 0 0 0 0 0 0 0 0 0 0 0 0 8 0 0 0 0 0 0 0 0 0 0 0 0 0 0 0 0 8 57 6 39 0 0 0 10 62 0 38 10 13 13 34 19 13 31 0 0 0 0 0 0 0 0 0 0 0 2 0 0 0 5 13 0 0 0 0 0 0 0 13 0 0 0 0 0 0 0 5 2 1 2 2 0 0 0 0 0 0 0 0 0 0 0 0 0 0 0 
