 0 92 183 69 30 49 105 130 205 172 20 314 286 294 367 35 130 336 28 329 74 0 0 1 0 0 3 0 4 0 3 6 0 0 0 0 0 0 0 3 0 0 0 0 0 0 0 0 0 2 3 0 3 2 0 0 0 0 0 2 0 0 0 3 0 2 0 0 5 3 0 1 0 0 0 3 0 0 2 0 24 31 0 11 0 0 53 14 36 15 0 0 31 11 8 34 58 36 22 22 0 0 0 0 0 0 0 0 0 0 0 12 0 0 0 0 0 0 0 0 0 0 0 0 0 0 0 0 0 0 0 0 0 0 0 0 0 0 0 0 0 0 0 0 0 1 0 8 0 7 0 1 2 6 0 0 0 0 0 0 23 44 11 0 0 0 18 14 35 29 24 14 16 13 7 9 25 20 40 25 0 0 0 0 0 0 0 0 0 0 0 0 0 0 0 0 0 0 10 0 0 0 0 0 0 0 0 0 0 0 0 0 0 0 0 0 0 0 0 0 0 0 0 0 0 11 0 0 0 0 0 0 0 0 0 0 0 0 23 0 0 0 0 0 0 2 0 0 2 1 19 9 1 0 0 0 0 0 0 0 0 0 0 0 0 1 0 0 0 0 0 0 0 0 0 3 0 0 0 0 0 0 0 0 0 0 0 0 0 0 
 92 0 420 252 229 28 97 196 166 77 297 243 291 132 233 385 208 152 243 51 0 1 0 22 0 0 2 0 28 2 3 2 0 0 0 1 0 0 0 3 0 0 0 0 0 0 0 0 0 2 3 66 3 0 0 0 0 0 0 2 0 0 0 3 0 2 0 0 2 3 6 0 0 2 0 3 0 0 2 0 29 24 20 20 19 0 1 24 48 13 57 26 15 24 40 1 0 20 18 0 1 1 0 0 0 1 0 0 2 0 0 0 22 1 0 0 0 0 13 0 0 0 0 0 0 0 0 0 0 0 0 0 0 0 0 0 0 0 0 0 0 0 5 0 26 0 2 0 0 0 0 0 5 2 0 0 0 2 2 0 11 16 4 11 22 0 9 6 2 7 12 9 0 0 0 13 54 1 0 1 0 0 0 0 0 0 0 0 4 0 0 0 0 0 0 0 0 2 33 13 0 0 0 0 0 0 0 14 1 0 0 0 0 0 0 2 0 0 0 0 0 0 0 0 0 0 0 0 0 0 0 0 36 0 0 0 0 0 0 0 0 0 0 0 1 0 93 0 5 1 2 5 0 0 2 0 0 0 0 0 0 0 0 0 0 0 0 0 0 0 0 0 0 0 0 15 0 8 0 0 0 0 0 0 0 2 0 0 0 29 
 183 420 0 300 140 25 199 106 182 59 35 139 69 49 81 53 108 216 42 41 0 0 0 0 0 0 3 5 3 0 3 2 3 0 0 0 0 0 73 77 0 6 0 0 0 0 0 0 0 2 2 0 2 0 0 0 0 0 0 2 0 0 0 3 2 3 0 0 2 3 0 0 0 0 0 3 0 3 2 0 0 51 14 5 4 0 15 19 16 0 0 0 26 14 17 11 22 7 39 40 17 18 0 0 0 0 14 0 0 0 0 1 1 1 0 0 0 0 19 14 0 0 0 0 0 0 0 0 0 0 0 3 0 0 1 0 0 1 0 0 0 0 5 0 1 1 0 7 0 5 8 0 26 8 0 0 0 0 0 0 38 20 11 7 0 0 12 0 12 27 12 21 0 5 9 29 30 21 0 14 0 0 0 0 0 0 12 0 0 0 0 0 1 14 36 0 0 0 14 11 0 0 0 15 0 0 0 0 0 0 0 0 0 16 0 0 0 11 0 0 0 0 0 0 0 0 0 0 0 0 0 0 0 0 0 0 0 0 1 0 0 12 0 0 0 4 1 0 0 0 20 7 0 0 0 0 0 0 0 0 0 0 0 0 0 0 0 0 0 0 0 0 0 0 0 0 0 0 0 0 0 0 0 0 0 0 1 0 0 0 
 69 252 300 0 151 205 95 156 95 272 146 143 77 165 173 82 438 195 78 61 2 4 0 1 2 0 77 9 5 0 3 4 0 0 35 0 0 0 14 84 1 9 0 0 0 0 0 0 0 5 3 37 6 0 0 0 3 0 0 3 0 0 0 3 0 3 2 1 3 3 41 0 0 0 0 3 0 0 4 1 0 14 62 20 45 23 10 19 0 24 6 4 0 12 28 1 27 0 0 26 26 18 7 1 0 0 9 33 9 0 0 0 25 12 0 0 14 0 69 11 0 0 2 0 0 0 0 0 0 0 0 0 0 0 0 0 0 20 1 0 0 0 0 0 0 0 0 0 2 0 0 0 0 0 0 1 0 0 0 0 4 11 14 11 14 39 14 0 12 0 31 16 0 10 11 81 51 14 0 0 0 1 0 0 0 0 13 57 0 0 0 0 0 7 0 16 0 0 13 16 0 0 2 0 16 0 0 2 16 0 0 0 0 0 0 0 0 0 0 0 0 0 0 0 0 0 0 0 0 0 0 0 0 0 0 0 0 0 0 0 0 23 0 0 0 2 18 0 0 4 0 5 0 0 0 0 0 0 0 0 0 0 18 0 0 0 0 0 0 0 10 0 0 0 0 0 8 0 0 0 0 0 0 0 0 0 0 0 0 0 
 30 229 140 151 0 141 484 149 530 74 99 116 88 237 280 58 237 564 70 73 0 73 0 2 0 0 4 1 3 3 6 8 6 77 1 0 3 0 74 77 0 1 0 0 3 0 0 2 0 2 5 0 2 0 0 0 0 0 2 4 0 3 0 3 6 4 0 0 2 55 0 45 0 2 0 3 0 3 2 3 0 27 9 23 56 11 8 20 20 30 19 8 0 7 15 2 0 5 0 25 4 2 0 0 0 2 0 12 11 0 0 0 35 0 0 0 11 0 3 11 0 0 0 0 0 14 0 0 0 0 0 0 0 0 0 0 0 0 0 0 2 0 0 0 0 4 1 1 0 0 7 3 10 0 0 0 0 0 0 0 20 13 16 9 10 19 14 11 1 0 0 20 0 7 10 13 56 30 0 1 0 0 0 10 0 0 11 0 0 16 0 0 19 9 0 0 0 0 25 3 0 0 0 0 0 0 0 0 2 0 0 0 0 0 0 1 0 0 0 0 0 0 0 0 0 0 0 0 0 0 0 0 0 0 0 0 0 0 0 0 0 0 0 0 2 2 57 2 3 3 0 0 3 0 0 0 0 0 0 0 0 0 15 0 0 0 0 0 0 0 0 0 0 0 0 18 0 0 0 0 0 0 0 0 0 0 0 0 0 0 
 49 28 25 205 141 0 34 44 60 166 89 167 238 156 263 84 77 186 63 69 2 59 77 0 0 2 78 72 76 0 3 2 89 90 9 21 3 1 114 293 0 4 0 0 0 0 0 0 0 2 3 1 3 0 0 0 0 0 0 2 5 0 0 3 0 3 0 0 2 3 0 0 0 0 0 3 0 1 2 0 0 0 30 14 20 22 0 0 0 17 41 46 0 0 0 0 14 10 0 2 13 13 0 0 0 2 44 1 16 0 0 0 19 28 13 0 17 0 16 27 0 0 0 0 0 0 0 0 0 0 0 0 2 0 0 0 0 0 0 0 0 0 0 0 0 5 2 0 0 0 5 36 0 1 0 0 0 0 0 0 9 0 0 16 14 14 0 0 0 19 25 6 0 0 0 0 9 21 1 0 0 16 15 0 0 0 27 0 25 14 0 0 22 81 17 8 9 14 1 25 0 0 0 0 0 0 0 0 1 0 0 0 0 0 0 0 0 0 0 0 0 10 0 0 0 0 0 0 0 0 17 0 0 0 0 0 0 0 0 0 0 12 0 0 0 4 1 4 5 129 0 16 0 0 0 0 0 75 0 0 0 0 0 0 0 0 0 0 0 0 0 0 0 0 0 28 23 0 0 0 0 0 0 0 0 6 0 0 0 0 
 105 97 199 95 484 34 0 88 61 45 260 32 197 165 51 499 30 32 332 228 0 0 0 0 0 2 3 0 3 0 3 2 0 2 5 0 0 0 0 3 0 0 0 0 0 0 107 0 0 2 3 0 3 2 0 0 0 0 2 2 0 0 0 3 3 5 0 0 2 3 2 0 0 0 0 3 0 2 5 0 13 26 16 6 0 0 0 18 0 0 0 0 2 32 9 9 0 0 11 12 0 0 0 0 0 0 0 0 0 0 0 0 0 0 0 0 0 0 0 0 0 0 0 0 0 0 0 0 2 0 0 0 0 2 0 0 0 0 0 0 0 0 0 0 0 0 0 0 0 0 0 0 0 0 0 0 0 0 0 0 3 0 17 2 0 0 25 16 0 0 18 0 20 15 1 0 0 0 11 66 0 0 4 0 0 0 0 0 0 0 0 0 0 0 0 0 0 0 1 0 0 0 0 0 0 0 12 0 0 2 0 0 13 0 0 0 0 0 0 0 0 0 0 0 0 0 0 0 0 0 0 0 0 0 0 0 2 16 0 0 0 0 0 0 0 0 0 2 2 0 1 5 0 0 0 0 0 0 0 2 0 0 0 0 0 0 0 0 0 0 0 0 0 0 0 0 0 0 0 0 0 0 0 0 0 0 0 0 0 2 
 130 196 106 156 149 44 88 0 473 63 333 24 91 64 220 346 30 252 147 163 0 0 0 1 0 2 2 0 3 0 3 2 0 2 3 0 0 0 0 3 0 0 0 0 0 2 0 0 1 3 3 0 3 4 0 5 1 1 4 4 29 0 0 3 0 5 0 0 2 3 0 0 0 0 0 3 0 1 6 0 14 45 62 15 11 0 0 17 15 0 62 42 3 0 0 9 4 29 0 0 14 0 0 0 0 0 0 8 0 0 0 12 11 0 0 0 0 0 15 0 0 0 0 0 0 0 0 0 5 0 0 0 0 0 0 0 0 0 0 0 0 0 0 0 0 0 0 0 0 0 0 0 0 0 0 0 0 0 0 0 20 19 9 0 8 11 19 19 40 0 23 9 0 0 8 0 34 11 29 0 0 0 0 0 0 0 0 0 0 0 0 0 0 0 0 0 0 0 23 0 0 0 0 0 0 0 0 1 0 0 0 0 0 0 0 0 0 0 0 0 0 0 0 0 0 0 0 0 0 0 0 0 0 0 0 0 0 0 0 0 0 1 0 0 0 0 89 0 3 2 0 4 0 0 0 0 0 0 0 0 0 1 16 0 0 0 2 0 0 0 0 1 0 0 2 0 0 0 0 0 0 0 0 0 0 0 0 0 0 0 
 205 166 182 95 530 60 61 473 0 417 144 375 316 423 380 223 452 89 192 104 0 0 0 0 0 2 4 0 3 0 3 2 0 0 0 0 0 0 0 79 0 0 0 0 0 0 4 0 0 2 2 0 2 6 0 0 0 2 0 2 0 1 3 3 3 3 0 0 2 3 0 0 0 0 0 54 0 3 2 0 11 16 19 0 10 0 35 33 10 16 51 14 14 0 13 36 64 10 19 20 23 0 0 1 0 0 0 0 0 0 0 0 31 0 0 3 0 0 0 0 0 0 0 0 0 0 0 0 0 0 0 0 0 14 0 0 0 0 0 0 0 0 0 0 0 4 0 13 0 13 0 3 2 8 0 0 8 0 0 0 16 43 23 0 0 0 35 15 15 19 17 14 0 0 0 27 8 0 13 48 0 9 0 0 2 0 0 7 0 0 0 0 0 4 0 0 0 3 0 0 0 0 0 0 0 1 0 0 0 0 0 0 0 0 0 0 0 0 0 0 0 0 11 13 0 0 0 0 0 0 0 0 0 0 0 2 0 0 0 0 0 0 0 0 0 0 1 2 7 3 0 13 0 0 0 2 0 0 0 0 0 0 0 51 0 0 0 0 0 0 0 0 0 0 0 0 19 1 0 0 0 0 0 0 0 0 0 0 0 0 
 172 77 59 272 74 166 45 63 417 0 169 309 69 338 134 327 64 224 373 241 0 0 0 0 0 0 3 0 3 0 3 2 0 0 8 0 0 0 0 28 0 0 0 0 0 0 0 0 0 2 5 65 2 6 0 0 0 2 0 2 0 6 0 3 3 3 0 0 2 3 2 0 0 0 0 45 0 3 2 0 13 19 8 21 18 15 13 1 32 43 2 0 76 14 17 1 75 13 86 0 0 0 0 1 0 0 0 0 0 0 0 0 17 0 0 1 0 0 1 12 0 0 0 0 0 0 0 7 1 0 0 0 0 0 0 0 0 0 0 0 0 0 13 0 11 0 0 0 0 0 0 0 5 0 0 0 0 0 6 14 0 23 0 1 0 0 16 1 25 39 0 0 14 0 0 42 22 14 16 33 0 0 0 0 2 0 0 0 0 0 0 0 0 0 0 0 0 1 0 2 0 0 0 0 9 1 0 12 0 0 0 0 0 0 0 0 0 0 0 0 0 0 0 0 0 0 0 0 0 0 0 0 0 0 0 0 1 0 0 0 0 0 0 0 0 1 0 0 0 87 13 11 23 0 0 0 0 0 1 0 0 0 0 0 0 0 0 0 0 0 0 0 0 0 0 0 0 18 0 0 0 0 0 0 0 0 0 0 0 0 
 20 297 35 146 99 89 260 333 144 169 0 53 33 132 210 252 292 154 191 86 37 0 0 0 0 0 103 0 3 0 3 2 2 0 21 0 0 0 61 3 6 1 0 0 1 0 0 0 0 2 3 34 3 2 0 0 0 0 0 2 5 0 0 3 1 47 0 0 2 3 6 0 0 0 0 3 0 2 2 0 0 10 17 12 41 21 0 9 13 1 49 8 0 0 14 17 6 14 0 0 32 2 9 0 0 0 22 24 1 0 0 0 21 24 0 0 15 0 37 0 0 0 0 0 0 0 0 0 23 0 1 0 0 0 0 0 0 0 0 0 2 0 1 0 0 0 0 0 0 0 0 0 0 0 0 12 0 1 0 0 15 1 22 20 28 77 0 18 8 0 33 6 0 0 1 10 0 16 0 2 0 0 0 0 0 0 0 53 0 0 0 0 0 0 12 13 0 1 62 18 0 3 0 0 0 0 0 0 0 0 0 0 0 0 0 7 0 0 21 0 0 0 0 0 0 0 0 1 0 1 0 0 0 0 0 10 0 0 0 0 0 0 0 0 2 0 144 2 5 5 0 11 0 0 0 0 0 0 0 0 0 0 28 0 0 0 0 0 0 0 0 0 0 0 0 1 15 0 0 0 0 0 0 0 0 1 0 0 0 0 
 314 243 139 143 116 167 32 24 375 309 53 0 51 125 40 323 187 119 30 255 1 74 0 2 0 0 79 6 5 0 3 2 74 224 1 2 0 1 74 247 0 0 0 0 0 2 0 3 0 2 3 0 3 0 0 3 0 0 0 2 0 0 0 3 1 3 3 0 2 3 0 0 0 0 0 3 0 2 2 0 0 0 14 0 11 54 13 12 9 0 1 0 2 2 0 22 51 15 0 10 0 1 0 0 0 0 0 0 42 0 0 0 9 28 14 0 21 0 13 5 0 11 0 0 0 0 0 0 0 0 0 0 0 0 0 2 0 0 0 0 0 0 16 0 0 0 0 4 0 3 0 0 0 2 0 10 0 0 0 0 0 15 8 9 11 1 0 0 13 21 1 15 0 0 0 14 1 0 0 13 0 22 11 0 0 0 0 26 24 9 13 0 0 0 7 0 7 14 24 28 0 0 0 0 0 0 0 0 0 0 0 0 0 0 0 0 0 0 0 0 0 0 0 0 0 0 0 0 0 0 0 0 0 1 0 0 0 0 0 0 0 1 0 0 0 1 2 0 0 85 2 10 0 0 0 0 0 0 0 0 0 0 0 0 0 0 15 0 0 0 0 0 0 1 0 2 0 0 0 0 0 10 0 0 0 7 0 13 0 0 
 286 291 69 77 88 238 197 91 316 69 33 51 0 65 163 244 248 249 217 249 0 0 0 0 1 0 3 0 7 0 5 6 3 0 4 0 0 2 0 4 0 0 2 0 0 4 0 0 0 2 59 0 3 0 2 0 0 0 6 2 0 0 4 3 1 4 3 0 2 3 0 0 0 3 0 3 3 2 3 0 15 14 0 0 0 0 0 9 0 0 0 0 17 0 0 0 0 0 8 0 0 0 0 0 0 0 0 0 0 0 0 0 0 0 0 0 0 0 0 0 0 0 0 0 0 0 5 0 0 0 0 0 0 0 0 0 0 2 0 0 0 0 0 0 0 0 0 0 0 0 0 0 0 0 0 0 0 0 0 0 33 13 9 0 16 0 14 26 0 0 2 4 5 35 1 0 2 0 24 0 0 0 0 0 0 0 0 2 0 0 0 0 2 0 2 0 1 0 1 0 0 0 0 0 0 0 0 0 0 0 0 0 0 0 0 0 0 0 0 0 0 0 0 0 0 0 2 0 0 0 0 0 6 0 0 0 0 0 2 0 0 0 0 0 0 0 0 1 1 0 0 4 0 0 0 0 0 0 0 0 0 0 0 0 0 0 0 0 0 0 0 0 0 0 0 0 0 0 0 0 0 0 0 0 0 0 0 0 0 0 
 294 132 49 165 237 156 165 64 423 338 132 125 65 0 206 126 90 341 195 206 1 0 0 0 0 0 3 0 3 0 3 2 0 0 0 0 0 0 0 3 0 0 0 0 0 0 0 0 0 2 3 62 3 6 0 0 0 0 0 2 0 0 0 4 1 4 0 0 2 57 0 0 0 0 0 3 0 2 2 0 10 35 1 48 51 0 20 0 50 28 0 0 30 0 20 16 50 20 53 33 0 0 0 0 0 1 0 0 0 0 0 0 0 0 0 0 0 0 3 0 0 0 1 0 0 0 0 0 0 0 0 0 0 0 0 0 0 0 2 0 0 0 0 0 0 4 0 2 0 2 0 0 0 6 0 2 0 0 0 10 15 27 0 0 1 0 0 18 19 25 0 13 12 0 0 66 1 69 30 36 0 0 0 0 0 0 9 0 0 0 0 0 28 0 0 0 0 0 1 1 0 0 1 0 0 0 0 0 0 0 0 0 0 0 0 0 0 0 0 0 0 0 0 0 0 0 0 0 39 0 0 0 0 0 0 0 0 0 0 0 0 0 0 0 0 1 0 0 0 0 13 29 11 0 0 0 0 0 0 0 0 0 0 0 0 0 0 0 0 0 0 0 0 0 0 21 0 0 0 0 0 0 0 0 0 0 0 0 0 0 
 367 233 81 173 280 263 51 220 380 134 210 40 163 206 0 328 188 249 52 414 0 2 0 3 5 0 5 0 6 0 3 3 0 0 3 2 0 0 0 3 0 1 0 0 0 0 63 0 0 2 2 0 2 28 0 0 0 0 0 2 3 3 1 3 3 4 0 0 4 6 0 2 0 0 0 3 0 4 2 6 2 45 32 24 32 0 0 20 15 58 78 52 25 11 0 6 18 53 24 0 17 1 0 0 0 0 0 5 0 0 0 0 11 1 0 0 0 0 20 0 0 0 0 1 0 0 0 0 0 0 0 0 0 0 0 0 0 0 0 0 0 0 0 0 0 3 0 0 0 0 0 2 0 0 0 0 2 0 0 0 29 32 24 1 5 20 18 11 0 0 2 14 0 0 1 6 19 23 9 0 0 0 2 0 0 0 9 0 0 0 0 0 12 0 1 0 0 0 18 12 0 0 8 0 0 0 0 0 0 0 0 0 0 0 0 0 0 0 0 0 0 0 0 0 0 0 0 1 7 0 0 0 0 0 0 0 0 2 0 0 0 2 0 0 0 3 89 0 88 1 2 7 0 0 0 1 0 0 0 0 0 0 14 0 0 0 0 0 0 0 0 0 0 1 0 43 0 0 0 0 0 0 0 0 0 0 0 0 0 0 
 35 385 53 82 58 84 499 346 223 327 252 323 244 126 328 0 154 134 98 149 76 0 0 0 0 0 80 3 3 0 3 3 2 0 4 0 0 0 0 80 0 0 0 0 0 0 0 0 0 2 3 1 3 2 0 0 0 0 0 2 4 0 0 3 0 3 0 0 2 3 0 0 0 0 0 3 0 1 2 0 22 17 12 16 30 10 0 0 0 1 19 25 0 10 0 39 24 18 18 0 18 0 0 0 0 0 31 0 0 0 0 0 24 12 0 0 0 0 0 11 0 1 0 0 0 0 0 0 0 0 0 0 0 0 0 0 0 0 0 0 0 0 29 0 8 0 0 0 41 0 0 0 0 1 0 0 0 0 8 0 0 0 8 0 45 2 19 0 1 38 25 3 15 0 20 29 18 27 0 16 0 0 0 1 0 0 1 2 14 0 0 0 0 0 10 0 12 0 0 1 0 0 0 0 0 0 0 16 0 0 0 0 0 0 0 0 0 0 0 0 0 0 0 0 0 0 0 0 0 0 0 0 0 0 0 0 0 0 0 0 0 0 0 0 0 2 0 0 91 170 1 5 1 0 0 0 0 0 0 0 0 0 0 0 0 0 0 0 0 0 0 0 0 0 0 16 28 9 0 0 0 0 0 0 0 0 0 0 0 0 
 130 208 108 438 237 77 30 30 452 64 292 187 248 90 188 154 0 564 45 41 0 0 0 1 2 0 2 0 4 0 3 9 0 0 0 0 0 0 0 4 0 0 0 0 0 4 0 0 0 2 3 60 3 0 0 0 0 0 0 2 1 0 0 3 0 2 0 0 2 3 3 0 0 0 0 4 0 53 2 0 19 17 10 34 15 0 10 22 16 10 51 9 1 0 32 7 19 30 2 23 0 0 0 3 0 0 0 0 0 17 0 0 11 0 0 0 0 0 2 0 0 0 0 0 0 0 0 0 0 0 0 0 0 0 0 0 0 0 0 0 0 0 0 0 0 2 0 0 0 0 0 0 0 2 0 0 0 0 19 0 16 35 0 14 15 0 10 6 1 13 20 17 1 9 11 36 9 41 0 1 1 0 20 0 1 0 7 0 0 0 0 0 22 0 0 0 0 0 30 11 0 0 0 0 0 0 0 0 0 0 0 0 0 0 0 0 0 0 0 0 0 0 0 0 0 0 0 0 0 0 30 0 0 0 0 0 0 0 0 0 0 0 0 0 0 0 86 0 1 0 15 7 1 0 0 0 0 0 0 0 0 0 0 0 0 0 0 0 0 0 0 0 0 12 0 24 0 0 0 0 0 0 0 0 0 0 0 0 0 0 
 336 152 216 195 564 186 32 252 89 224 154 119 249 341 249 134 564 0 32 33 78 3 0 0 0 0 213 0 6 74 3 4 1 0 90 3 0 0 0 5 0 0 3 0 0 2 0 0 0 2 2 40 2 0 2 0 0 0 3 2 0 32 6 3 3 6 0 1 5 3 13 0 0 0 0 3 0 3 2 0 33 19 14 35 26 14 23 7 53 0 15 35 42 0 16 9 16 16 20 70 1 0 0 0 0 0 0 0 0 0 0 0 40 0 0 0 0 2 11 4 0 13 0 0 1 0 0 0 0 0 0 2 0 0 0 0 0 0 0 3 0 10 0 0 0 1 0 3 0 1 0 0 0 2 0 0 0 0 0 0 0 16 41 10 0 0 15 6 33 9 2 55 14 11 9 33 49 18 0 26 0 0 0 0 0 0 0 2 0 0 0 0 0 0 1 0 0 0 16 14 0 0 0 2 0 0 0 0 0 0 0 0 0 0 1 0 0 0 0 0 0 0 0 0 0 11 0 0 0 0 0 0 0 0 0 0 0 0 0 0 0 14 0 0 0 0 96 0 2 90 18 5 0 0 0 0 0 0 0 0 2 0 0 0 0 2 0 0 0 0 0 0 0 0 0 1 20 0 0 0 0 0 0 3 0 0 0 0 0 0 
 28 243 42 78 70 63 332 147 192 373 191 30 217 195 52 98 45 32 0 265 3 2 3 0 3 3 3 27 5 0 3 5 0 0 0 0 2 0 0 3 0 0 2 0 0 0 0 0 0 2 3 0 3 2 0 33 0 0 0 2 0 0 0 3 1 3 0 0 2 3 0 0 0 0 0 3 0 2 2 0 47 9 14 6 0 0 13 13 14 2 0 0 15 19 11 7 1 0 33 16 0 0 0 0 0 1 0 0 2 0 0 0 0 0 0 0 0 0 2 0 0 2 1 0 0 0 0 0 0 0 0 0 0 0 0 0 0 0 0 0 0 0 0 0 0 0 2 0 0 0 0 0 0 2 0 0 0 2 0 0 4 3 13 0 0 0 1 21 2 0 0 0 14 10 18 12 0 0 1 8 0 0 0 0 0 0 0 0 2 0 0 0 0 0 0 0 0 2 0 1 0 0 0 0 0 0 0 0 1 0 0 0 0 0 0 0 0 0 0 0 0 0 0 2 0 0 0 0 0 0 0 0 0 0 0 0 0 0 0 0 0 0 0 0 0 0 1 2 0 0 0 10 0 0 0 2 0 2 0 0 0 0 4 0 0 0 0 0 0 0 0 0 0 0 0 0 0 0 0 0 0 0 0 0 0 0 0 0 0 0 
 329 51 41 61 73 69 228 163 104 241 86 255 249 206 414 149 41 33 265 0 0 0 0 1 2 0 31 0 3 0 3 4 1 0 0 3 0 1 2 3 0 0 1 0 0 0 0 0 2 2 3 0 3 9 0 2 0 0 0 2 0 0 0 3 2 2 0 0 2 5 0 0 0 3 0 3 2 1 2 0 23 1 0 17 0 0 31 15 12 44 0 0 88 30 18 1 43 20 71 0 0 2 0 0 0 2 0 0 0 0 0 0 0 0 0 0 0 0 0 0 10 1 0 0 0 0 0 0 16 0 0 0 0 0 0 0 0 0 15 0 0 0 0 0 0 0 1 0 0 0 0 0 0 0 0 0 0 1 0 0 0 29 25 0 0 0 0 25 20 15 0 3 51 27 0 21 0 0 9 43 0 0 0 0 0 0 0 0 1 0 0 0 0 0 0 0 0 1 0 2 0 0 0 0 0 0 0 0 2 0 0 0 0 0 0 1 0 0 0 0 0 0 0 0 0 0 0 0 0 0 0 0 0 0 0 0 5 0 0 0 0 0 0 0 2 0 1 0 0 3 2 16 0 0 0 0 0 0 0 0 0 0 0 0 0 0 0 0 0 0 0 0 0 0 0 0 0 0 0 0 0 0 0 0 0 1 0 0 0 0 
 74 0 0 2 0 2 0 0 0 0 37 1 0 1 0 76 0 78 3 0 0 185 321 81 110 41 71 397 83 135 125 44 231 50 156 65 383 36 38 333 0 2 0 0 3 0 0 0 0 0 0 0 0 3 0 0 0 0 0 0 0 0 0 0 2 1 0 0 0 0 0 0 0 0 0 0 0 0 3 0 0 1 0 0 40 0 0 2 0 2 2 21 0 0 0 13 0 0 0 0 20 24 11 0 26 0 20 0 21 36 32 12 16 35 25 3 15 0 58 24 0 0 0 0 0 0 0 0 0 0 0 9 0 0 0 0 0 0 11 0 0 0 8 0 0 0 0 0 0 0 0 2 0 0 0 1 0 0 1 0 0 0 10 11 21 0 0 0 7 0 15 0 6 0 0 0 0 0 1 0 29 11 11 17 0 9 14 36 0 1 12 12 9 0 24 15 0 23 13 0 0 0 0 0 0 0 0 0 0 0 0 0 0 0 0 0 0 0 11 0 10 0 0 0 0 0 0 0 0 0 0 0 0 0 0 0 0 0 0 0 0 0 21 0 0 0 0 0 0 0 0 0 0 0 15 0 2 0 2 0 2 0 0 0 0 0 20 0 0 0 0 0 0 0 0 0 40 0 0 0 0 11 0 0 0 1 0 0 0 0 
 0 1 0 4 73 59 0 0 0 0 0 74 0 0 2 0 0 3 2 0 185 0 445 236 84 119 93 211 455 99 111 45 355 65 428 54 36 122 103 114 0 2 0 0 0 0 13 0 0 0 2 0 63 5 0 0 0 0 3 0 1 0 0 2 1 1 0 0 0 0 1 0 0 0 0 0 0 2 3 1 0 0 0 0 0 9 0 0 0 0 0 0 1 0 0 0 0 0 0 0 0 8 31 18 8 17 0 8 32 59 32 25 7 0 25 7 19 11 0 12 0 0 0 0 0 0 0 0 0 0 0 0 0 0 0 0 0 0 0 0 0 0 0 0 0 0 0 1 0 0 0 0 0 0 0 1 0 0 0 0 0 0 0 0 0 0 0 0 0 0 4 0 0 0 0 22 15 0 0 0 13 0 21 37 0 11 6 0 5 31 12 50 13 15 7 15 0 6 58 3 0 0 0 0 0 2 24 0 0 0 0 0 0 0 0 0 0 0 10 0 0 9 1 0 0 0 0 0 0 0 0 1 0 0 2 0 0 0 0 0 0 0 12 0 0 0 0 0 0 0 0 0 0 0 13 0 0 78 15 0 16 21 0 0 0 0 0 0 0 0 0 0 0 0 0 0 0 0 0 0 0 0 0 0 0 0 7 0 0 0 
 0 0 0 0 0 77 0 0 0 0 0 0 0 0 0 0 0 0 3 0 321 445 0 111 68 40 226 726 105 202 276 257 107 55 368 291 48 334 187 340 0 2 0 0 0 0 0 0 0 2 0 0 0 3 0 0 0 0 4 0 0 0 0 0 2 0 0 0 0 0 0 0 0 0 9 0 0 9 3 0 0 0 0 0 0 18 0 0 0 0 0 0 0 0 0 0 0 0 0 0 34 22 42 0 0 0 0 29 3 71 42 22 4 0 16 8 20 20 0 12 0 2 0 0 0 0 0 2 0 0 0 0 0 0 0 0 0 2 0 0 0 0 0 0 0 0 0 12 0 8 2 0 0 0 0 8 0 0 0 0 0 0 0 0 20 10 0 0 0 0 0 0 2 0 0 0 0 0 0 0 1 34 33 16 0 0 41 70 0 29 1 65 80 26 33 7 63 35 0 7 0 0 0 0 0 0 0 0 0 0 0 0 0 0 0 0 0 0 19 0 0 38 0 0 0 0 0 0 0 2 0 0 0 0 0 0 0 0 0 0 0 0 0 0 0 0 1 0 0 0 0 0 0 0 17 0 0 140 0 0 2 5 0 0 0 0 0 0 0 0 0 0 0 0 0 0 0 0 0 0 0 0 0 0 0 0 0 0 0 0 
 1 22 0 1 2 0 0 1 0 0 0 2 0 0 3 0 1 0 0 1 81 236 111 0 269 406 173 174 211 212 187 69 81 80 428 66 96 166 54 89 28 2 2 2 4 0 126 4 4 0 4 0 2 12 62 4 46 0 21 4 0 0 0 0 9 0 0 0 0 1 0 0 0 7 3 0 0 0 3 0 0 0 0 0 0 0 0 0 0 0 0 0 0 2 0 0 0 0 0 0 0 18 0 3 24 19 0 0 0 28 7 1 1 0 10 31 0 12 0 0 23 0 0 0 0 1 0 22 0 0 0 0 9 11 0 29 0 0 25 0 0 0 0 0 0 0 0 0 3 0 0 0 0 0 11 0 0 0 0 5 0 0 0 0 0 0 0 0 0 44 1 0 0 0 0 0 4 4 0 0 21 0 12 31 45 32 14 13 13 2 44 0 12 0 0 0 12 26 0 0 0 0 0 0 0 0 0 0 9 0 0 0 20 1 17 0 0 1 9 24 0 1 0 0 0 0 0 0 0 0 0 0 0 0 0 0 0 0 0 0 0 0 0 0 0 0 0 0 0 0 0 0 0 0 0 0 2 0 1 0 2 0 0 0 0 0 11 0 0 0 0 0 0 1 0 0 0 0 0 0 0 16 0 1 0 0 1 0 0 0 
 0 0 0 2 0 0 0 0 0 0 0 0 1 0 5 0 2 0 3 2 110 84 68 269 0 251 56 63 242 189 176 93 86 296 128 83 193 115 49 260 0 3 25 0 0 1 133 0 0 0 0 0 128 7 62 0 0 0 0 95 0 0 0 0 3 0 0 0 0 0 0 0 0 2 0 0 0 0 3 0 0 0 0 0 0 0 0 0 0 0 0 0 0 0 0 0 0 0 0 0 0 9 10 38 74 46 0 0 20 0 13 1 0 0 26 21 0 0 0 0 25 19 0 0 18 0 13 41 36 0 11 0 26 15 0 13 0 0 19 2 0 0 0 0 0 0 0 0 2 0 0 0 0 0 2 0 0 0 0 29 0 0 0 0 0 0 0 0 0 0 5 0 0 0 0 45 3 0 0 25 22 0 0 12 26 27 0 0 31 0 7 9 0 0 3 22 9 0 0 0 0 0 10 0 0 0 23 21 10 0 0 0 8 36 13 0 9 0 14 10 0 0 0 0 0 0 0 0 0 1 51 0 0 11 0 0 0 0 0 0 0 0 0 0 0 0 0 0 0 0 0 0 0 0 17 3 4 0 56 2 14 0 0 0 0 0 7 0 0 0 0 0 0 0 0 0 0 0 0 0 0 13 0 0 0 0 0 0 0 0 
 0 0 0 0 0 2 2 2 2 0 0 0 0 0 0 0 0 0 3 0 41 119 40 406 251 0 67 34 50 156 164 245 24 339 72 158 247 241 58 64 0 3 29 0 0 0 0 0 0 62 0 0 137 4 0 0 1 0 54 1 51 0 0 0 2 11 0 58 0 0 0 0 0 15 0 0 0 0 3 0 0 0 0 0 0 0 0 0 0 0 0 0 0 0 2 0 0 0 0 0 0 0 9 60 50 5 0 0 0 0 0 0 0 0 4 15 0 25 0 0 21 0 12 13 0 0 18 0 11 0 0 0 18 17 45 19 8 0 8 11 0 2 0 7 0 0 0 0 0 0 0 0 0 0 0 0 1 0 0 0 0 0 0 0 0 0 3 0 0 19 0 0 0 0 0 7 0 0 0 0 29 0 0 30 51 64 0 0 8 14 22 29 0 0 11 20 0 0 0 0 11 0 0 19 13 0 22 13 28 0 13 0 34 0 0 0 9 0 1 11 0 0 0 0 1 0 0 0 0 0 0 0 0 0 0 0 0 0 0 0 0 0 0 0 0 0 0 0 0 0 0 0 0 0 4 1 1 4 152 0 10 0 0 0 0 16 0 0 0 0 0 0 0 0 0 0 0 0 0 6 0 0 0 0 0 0 0 0 0 0 
 3 2 3 77 4 78 3 2 4 3 103 79 3 3 5 80 2 213 3 31 71 93 226 173 56 67 0 299 140 228 245 23 121 327 209 39 36 253 304 139 0 2 0 0 0 0 0 2 0 0 0 1 0 69 0 0 0 67 0 0 4 0 0 0 3 0 0 0 0 0 0 0 0 0 0 0 0 7 3 0 0 0 0 0 0 48 0 0 0 0 3 33 0 0 0 0 0 12 0 0 25 21 7 0 0 0 37 22 2 12 8 10 12 42 1 0 14 0 31 20 0 0 2 0 0 0 0 0 0 0 0 0 0 0 0 1 0 2 20 2 0 0 0 0 0 0 0 0 0 0 9 0 0 0 0 2 0 0 0 0 0 0 0 14 1 17 0 0 3 21 14 9 24 0 0 0 2 6 0 0 1 32 25 8 0 7 8 24 28 13 0 0 9 41 20 11 1 2 8 25 0 0 1 0 1 0 0 0 0 0 0 0 0 0 0 0 0 0 0 0 0 9 0 0 0 0 0 1 0 0 0 0 0 15 0 0 0 0 0 0 0 0 0 0 0 0 133 0 0 39 0 0 0 0 21 1 0 76 0 0 0 2 0 0 0 0 0 0 0 0 0 0 0 0 0 2 0 0 0 0 0 0 0 0 0 0 0 0 0 0 
 0 0 5 9 1 72 0 0 0 0 0 6 0 0 0 3 0 0 27 0 397 211 726 174 63 34 299 0 111 361 97 107 472 455 316 266 504 209 119 130 0 2 0 0 0 0 0 0 0 0 0 0 204 3 0 0 0 0 14 0 3 1 0 0 3 57 0 0 0 0 0 2 0 1 14 0 0 0 3 0 0 0 0 0 0 6 0 2 0 0 0 0 0 0 0 0 0 0 0 0 19 21 27 20 1 0 24 3 0 62 41 14 6 0 0 21 9 33 0 0 0 0 0 0 0 0 0 0 0 0 0 0 0 1 2 0 0 0 28 0 0 0 0 0 8 0 0 0 0 0 0 2 12 0 0 0 0 0 1 0 0 0 0 0 1 0 0 0 0 0 0 0 0 0 0 0 0 0 0 0 24 33 10 12 0 4 0 0 0 34 12 22 16 30 4 14 46 27 1 12 0 0 0 0 0 0 1 13 0 8 0 0 14 0 0 0 0 0 0 8 0 0 0 2 0 0 0 0 0 0 0 0 0 0 0 0 0 0 0 0 0 0 18 0 0 0 0 0 0 0 0 0 0 0 3 0 3 85 0 0 1 20 0 0 0 0 0 0 0 0 0 0 0 0 0 0 2 0 0 0 0 0 0 0 0 0 7 0 0 0 
 4 28 3 5 3 76 3 3 3 3 3 5 7 3 6 3 4 6 5 3 83 455 105 211 242 50 140 111 0 191 274 311 166 189 345 255 110 307 146 151 1 2 0 0 0 0 136 1 0 0 0 0 43 3 0 0 7 0 0 0 0 0 0 0 3 0 0 0 0 0 0 0 0 0 5 0 0 0 3 0 0 0 0 0 0 13 0 0 0 0 0 0 0 0 0 0 0 0 0 0 10 0 10 14 23 27 0 17 14 23 32 20 5 0 7 11 6 11 0 0 4 0 1 0 0 0 0 7 1 0 0 0 1 9 0 23 0 0 12 0 0 0 0 0 0 10 0 0 3 0 0 0 0 0 0 0 0 0 0 4 0 0 0 0 0 11 0 6 0 0 7 0 0 0 0 12 6 0 0 0 14 1 41 47 19 27 14 0 18 90 22 23 9 37 9 7 51 14 0 1 0 0 0 0 2 0 10 0 0 0 0 0 4 0 13 0 1 0 6 36 0 12 0 0 23 0 2 0 0 0 0 0 0 0 0 0 0 0 0 0 0 0 0 0 0 0 0 0 0 0 0 0 0 0 0 0 0 182 84 2 12 2 0 0 0 0 0 0 0 4 0 0 0 0 0 0 0 0 0 0 0 14 0 0 0 10 4 0 0 0 
 0 2 0 0 3 0 0 0 0 0 0 0 0 0 0 0 0 74 0 0 135 99 202 212 189 156 228 361 191 0 204 176 210 91 112 103 227 350 85 92 25 2 0 0 0 0 64 0 3 0 0 0 76 3 63 0 4 0 77 3 0 46 0 0 2 2 0 0 1 1 0 0 0 0 9 0 0 0 5 0 0 0 0 0 0 0 0 0 0 0 0 0 50 0 0 0 0 0 0 0 5 7 0 20 12 12 0 23 11 33 19 24 12 0 10 0 0 21 0 0 21 0 0 9 0 0 1 10 0 0 0 0 20 6 0 33 2 0 17 2 0 0 0 0 0 0 0 0 0 0 0 0 0 0 0 0 0 0 0 0 0 0 0 0 0 0 0 0 0 10 4 0 0 0 0 0 21 7 0 0 5 14 27 64 25 18 1 2 0 21 0 14 9 40 0 1 25 0 0 0 12 2 8 6 0 0 22 37 19 0 0 0 25 1 0 0 12 2 0 26 2 0 0 0 0 0 0 0 0 0 0 0 0 0 0 0 0 0 0 0 0 0 0 0 0 0 0 0 0 0 0 0 0 0 15 0 2 22 76 1 4 12 0 0 0 0 0 0 0 0 0 0 0 0 0 0 0 0 0 18 0 0 0 0 0 0 9 0 0 0 
 3 3 3 3 6 3 3 3 3 3 3 3 5 3 3 3 3 3 3 3 125 111 276 187 176 164 245 97 274 204 0 54 32 40 144 107 259 317 51 255 0 3 3 0 0 0 63 0 0 0 0 0 63 3 0 0 6 0 1 0 0 4 0 0 3 0 0 0 0 0 0 0 0 0 0 0 1 0 3 0 0 0 0 0 0 0 0 0 0 0 0 0 0 0 0 0 0 0 0 0 1 39 0 35 29 22 13 0 0 8 11 24 0 0 17 26 13 1 0 0 28 2 0 0 0 0 11 3 0 0 0 0 0 1 8 23 0 9 18 12 0 0 0 0 0 0 0 0 0 0 2 0 0 0 0 0 0 0 0 0 0 1 0 0 0 0 0 0 0 1 0 0 1 0 0 0 0 0 0 0 29 0 0 45 4 19 12 15 0 21 1 25 0 0 19 4 0 13 0 1 3 0 0 0 0 0 3 0 1 0 0 0 8 0 0 0 1 0 30 0 0 0 0 0 0 0 0 0 0 2 8 0 45 0 0 0 0 0 0 0 0 0 0 0 0 0 0 0 0 0 0 0 0 0 102 0 1 77 2 0 2 11 0 0 0 0 21 0 0 0 0 0 0 0 0 0 0 0 0 1 0 0 0 0 0 0 0 0 0 0 
 6 2 2 4 8 2 2 2 2 2 2 2 6 2 3 3 9 4 5 4 44 45 257 69 93 245 23 107 311 176 54 0 29 465 36 138 126 106 53 44 27 66 2 3 0 2 263 3 0 0 0 3 1 211 0 0 0 0 64 62 0 0 45 1 3 3 0 0 0 0 0 0 0 3 0 0 0 0 3 0 0 0 0 0 0 0 0 0 0 0 0 0 0 0 0 0 0 0 0 0 0 6 1 13 2 37 0 0 0 3 0 20 0 0 1 0 0 24 0 0 13 16 14 0 0 0 0 0 0 0 0 0 41 27 2 0 14 0 8 28 0 0 0 0 0 0 0 17 0 0 0 0 0 0 0 0 0 0 0 0 0 0 1 0 1 0 34 0 0 0 0 2 1 0 2 1 0 0 0 0 0 0 0 0 21 0 0 0 2 0 0 0 0 1 0 1 0 0 0 2 21 11 7 0 0 0 21 42 14 0 0 0 9 9 0 0 11 0 20 26 0 0 0 2 0 1 0 18 0 0 0 0 0 0 0 0 0 0 0 0 0 0 0 0 0 2 0 0 0 0 0 0 0 0 13 3 0 0 42 4 2 0 0 0 0 0 0 0 0 0 0 0 0 0 0 0 2 0 0 7 0 0 0 0 0 0 0 0 0 0 
 0 0 3 0 6 89 0 0 0 0 2 74 3 0 0 2 0 1 0 1 231 355 107 81 86 24 121 472 166 210 32 29 0 211 39 265 59 525 166 259 0 2 0 7 1 2 0 0 0 1 0 0 5 3 0 202 1 0 0 0 0 0 0 0 3 2 4 0 0 0 0 51 0 0 5 0 4 0 5 0 0 2 0 0 0 23 0 0 60 0 1 0 0 0 0 0 0 0 0 0 7 0 31 0 11 0 0 1 22 53 41 10 11 0 16 0 5 15 0 10 0 0 0 0 0 0 0 0 0 0 0 0 0 0 0 0 0 0 0 0 0 0 8 0 0 0 0 0 0 0 0 1 20 0 0 14 0 0 1 19 0 0 0 0 39 10 0 0 1 0 0 0 0 0 0 0 0 0 20 0 19 30 13 24 0 0 0 0 15 6 1 38 5 26 4 19 21 25 32 11 0 0 0 0 0 0 0 0 0 0 0 0 0 0 0 0 0 0 0 0 0 1 0 0 0 0 0 0 0 0 0 0 0 0 0 0 0 0 0 0 0 0 18 0 0 0 0 0 0 0 0 0 0 0 5 0 2 78 0 2 1 14 0 0 0 0 0 0 0 0 0 0 0 0 0 0 0 0 0 0 0 0 0 1 0 4 8 0 0 0 
 0 0 0 0 77 90 2 2 0 0 0 224 0 0 0 0 0 0 0 0 50 65 55 80 296 339 327 455 189 91 40 465 211 0 108 175 211 105 242 383 0 3 0 0 0 29 0 47 0 0 0 1 0 3 0 2 0 0 0 0 0 0 0 0 3 0 0 0 0 0 5 0 0 0 1 0 0 0 3 0 0 0 0 0 0 55 0 0 0 7 0 0 0 0 0 0 0 1 9 0 0 0 0 20 0 1 34 0 40 3 21 10 11 18 33 2 30 19 0 27 0 0 0 0 2 0 0 0 0 8 0 0 0 0 0 0 0 0 11 0 0 0 0 0 0 0 0 0 7 0 0 0 0 0 0 0 0 0 0 0 0 0 0 9 21 11 0 0 0 0 0 0 0 0 0 1 1 0 0 0 14 23 20 13 0 0 0 19 27 10 21 0 0 75 17 19 10 42 38 30 0 0 0 0 0 0 0 0 0 0 0 0 0 1 16 0 0 0 11 21 0 1 0 0 0 0 0 0 0 0 0 0 0 0 0 0 2 0 0 0 0 0 1 0 0 0 0 0 0 0 0 1 0 0 6 1 2 80 1 0 2 1 0 0 0 0 0 0 0 0 0 0 0 0 0 0 0 0 0 0 0 1 0 0 0 4 7 0 0 0 
 0 0 0 35 1 9 5 3 0 8 21 1 4 0 3 4 0 90 0 0 156 428 368 428 128 72 209 316 345 112 144 36 39 108 0 105 109 39 116 131 0 2 0 0 0 0 1 0 0 4 3 0 63 3 0 0 0 5 9 0 0 2 0 33 2 0 0 0 0 0 0 0 0 1 0 0 0 0 3 47 0 0 0 0 0 4 0 0 2 0 0 18 0 0 0 1 0 0 0 0 13 9 37 0 43 1 19 25 1 7 28 0 45 31 1 24 15 0 27 11 0 2 0 0 0 0 0 0 0 0 0 0 0 0 0 0 0 0 22 0 0 0 0 0 0 0 0 0 0 0 0 1 0 0 0 1 0 0 0 0 0 0 0 0 0 18 0 0 4 0 17 0 4 0 0 0 0 0 0 0 23 0 0 21 0 24 0 18 0 0 21 38 0 0 0 21 0 0 15 2 0 0 0 0 0 0 0 0 0 0 0 0 7 0 0 0 0 0 15 2 0 0 0 0 0 0 0 0 0 0 0 0 0 0 0 0 0 0 2 2 0 0 0 0 0 0 35 0 0 0 0 0 0 0 14 0 0 1 1 1 0 2 0 0 0 0 7 2 0 0 0 2 0 0 0 0 27 0 0 0 0 0 0 0 0 0 0 0 0 0 
 0 1 0 0 0 21 0 0 0 0 0 2 0 0 2 0 0 3 0 3 65 54 291 66 83 158 39 266 255 103 107 138 265 175 105 0 419 110 102 183 0 3 2 0 0 0 0 0 0 0 0 0 206 3 0 2 0 0 0 0 0 0 0 0 3 0 0 0 0 0 0 0 0 0 8 0 0 0 3 0 0 0 0 0 21 8 0 0 0 0 0 0 0 0 0 0 0 0 0 0 13 2 13 13 17 0 12 21 24 55 73 34 9 0 17 1 45 6 0 1 0 0 0 0 0 0 2 0 2 0 0 1 2 0 0 0 0 0 35 0 0 0 0 0 0 0 0 0 3 0 0 0 0 0 0 0 0 0 0 0 0 0 0 0 1 12 0 0 0 0 0 0 0 0 0 0 0 0 0 0 73 38 21 13 1 0 20 0 13 35 31 4 60 64 30 27 36 38 0 28 0 1 0 20 0 0 0 0 0 0 0 0 0 0 13 0 0 0 0 11 0 10 0 0 0 0 0 0 0 0 0 0 0 0 0 0 0 0 0 0 0 0 21 0 0 0 0 0 0 0 0 0 0 0 10 2 1 157 0 1 1 1 0 0 0 12 2 0 0 0 0 0 0 0 0 0 0 0 0 0 0 13 0 0 0 15 18 0 0 0 
 0 0 0 0 3 3 0 0 0 0 0 0 0 0 0 0 0 0 2 0 383 36 48 96 193 247 36 504 110 227 259 126 59 211 109 419 0 94 135 49 0 2 0 0 0 0 1 0 0 62 0 0 0 6 0 0 62 0 62 0 0 50 0 0 3 0 0 0 0 0 3 0 0 0 0 0 0 0 3 0 0 0 0 0 0 0 0 0 0 0 0 0 0 0 0 0 0 15 0 0 3 18 8 20 38 41 11 13 0 25 20 15 0 0 9 21 11 62 0 0 12 0 0 0 0 0 0 1 0 0 0 0 0 20 0 6 0 0 16 0 0 0 0 0 0 0 0 0 26 0 0 0 0 0 0 0 0 2 0 0 0 0 0 0 0 0 0 0 0 0 0 0 0 0 0 0 0 0 0 0 23 1 0 9 24 10 22 13 0 25 30 11 0 1 16 8 14 50 1 4 9 0 0 0 0 0 10 2 7 0 0 0 21 0 27 0 0 0 6 20 0 0 2 0 0 0 0 0 0 0 0 0 0 0 0 2 0 0 0 0 0 0 0 0 0 0 0 0 0 0 0 0 0 0 12 0 2 79 3 1 0 0 0 0 0 0 16 0 0 0 0 0 0 0 0 0 0 1 0 14 0 16 6 0 0 0 0 0 0 0 
 0 0 0 0 0 1 0 0 0 0 0 1 2 0 0 0 0 0 0 1 36 122 334 166 115 241 253 209 307 350 317 106 525 105 39 110 94 0 34 61 26 2 1 0 0 63 66 0 0 0 0 0 23 3 63 0 8 0 116 0 0 0 0 0 2 0 0 0 0 0 35 0 0 0 10 0 0 0 3 0 0 0 0 0 0 2 0 0 0 0 0 0 0 0 0 0 0 0 0 0 10 5 0 60 11 42 0 7 0 35 42 31 9 0 0 0 0 24 0 0 38 0 0 0 0 0 0 10 0 0 0 0 11 18 15 31 0 16 0 10 0 0 0 0 0 0 5 0 0 2 0 0 0 0 1 0 0 0 0 1 0 0 0 0 0 0 0 0 0 8 24 0 0 0 0 0 11 7 0 0 15 7 32 47 47 18 2 0 0 17 0 53 10 13 9 0 6 0 0 0 11 0 0 5 0 0 28 0 9 0 0 0 22 1 1 0 0 2 14 18 0 0 0 0 0 0 0 0 0 0 0 0 0 0 0 0 0 0 0 0 0 0 0 0 0 0 0 0 0 0 0 0 0 0 6 3 3 117 0 6 2 38 0 0 0 0 0 0 0 0 0 0 0 0 0 0 0 0 0 11 0 0 0 0 0 0 11 0 0 0 
 0 0 73 14 74 114 0 0 0 0 61 74 0 0 0 0 0 0 0 2 38 103 187 54 49 58 304 119 146 85 51 53 166 242 116 102 135 34 0 165 0 3 0 0 0 0 0 0 0 0 0 0 0 3 0 0 0 0 0 0 1 0 0 0 3 0 0 0 0 0 0 0 0 0 0 0 0 0 3 0 0 0 0 0 0 55 0 0 0 1 0 12 0 0 0 0 0 0 0 0 30 14 16 0 0 0 82 28 26 17 0 2 12 22 17 0 49 0 14 45 0 0 0 0 0 0 0 0 0 0 0 0 0 0 1 0 0 0 7 2 0 0 0 0 0 1 0 0 0 0 1 0 0 0 0 0 0 0 0 0 1 0 0 9 1 18 0 0 0 16 20 0 0 0 2 0 12 7 0 0 0 40 20 0 0 0 40 47 14 32 0 0 14 36 8 22 16 27 51 35 0 0 2 0 0 0 0 0 0 0 0 0 0 0 0 0 0 0 0 0 0 10 0 2 0 1 0 1 0 0 0 0 0 0 0 0 0 0 0 0 0 14 0 0 0 2 20 0 0 76 0 0 0 0 16 0 2 75 0 0 1 0 0 0 0 0 0 0 0 0 0 0 0 0 0 0 0 0 0 0 0 0 0 0 0 12 0 0 0 0 
 3 3 77 84 77 293 3 3 79 28 3 247 4 3 3 80 4 5 3 3 333 114 340 89 260 64 139 130 151 92 255 44 259 383 131 183 49 61 165 0 0 1 0 0 2 0 0 4 67 0 0 0 0 0 0 0 0 0 0 0 0 0 0 0 47 0 0 0 51 0 0 0 0 0 8 0 1 0 0 0 0 0 2 2 0 62 1 0 0 0 0 1 0 7 0 0 12 0 1 0 0 14 19 0 0 0 6 0 62 1 1 0 29 12 41 0 39 0 1 19 0 0 0 0 0 0 2 0 0 0 0 0 0 0 0 0 0 0 0 0 0 3 0 0 0 0 0 2 0 0 0 0 0 0 0 5 0 0 0 0 0 0 0 8 36 10 0 0 0 0 13 0 0 0 0 0 12 0 0 2 0 34 12 14 0 0 13 15 14 6 0 2 2 54 0 10 5 20 37 22 0 0 0 0 0 0 0 0 0 0 0 0 1 0 0 0 0 0 0 0 0 0 0 0 0 0 0 0 0 0 0 0 0 0 0 0 0 2 0 0 0 14 0 0 0 0 0 0 69 74 0 0 0 0 7 0 4 4 0 0 5 0 0 0 0 0 0 0 0 0 0 0 0 0 0 0 9 0 0 0 0 0 0 0 0 4 9 0 0 0 
 0 0 0 1 0 0 0 0 0 0 6 0 0 0 0 0 0 0 0 0 0 0 0 28 0 0 0 0 1 25 0 27 0 0 0 0 0 26 0 0 0 252 58 115 39 22 143 174 50 30 17 39 104 120 212 28 40 163 96 26 50 0 0 1 0 0 0 0 0 0 0 0 0 0 0 0 0 0 0 0 7 0 0 0 0 0 6 0 0 0 0 0 0 0 0 0 0 0 0 0 0 0 0 8 0 6 0 0 1 0 1 0 0 0 0 0 0 19 0 0 1 0 16 67 0 0 0 9 0 16 0 34 30 9 20 26 13 0 0 7 0 0 0 3 0 0 0 0 0 0 0 0 4 1 0 0 0 0 12 0 0 0 0 0 0 0 0 0 0 3 5 0 0 0 0 0 4 9 0 0 0 0 15 0 15 0 0 0 0 0 1 0 0 0 0 0 0 0 0 0 9 37 0 50 0 0 10 9 26 0 29 4 24 27 0 1 0 0 0 28 0 0 0 0 0 0 0 0 0 0 0 0 0 0 0 0 0 0 0 1 0 0 0 0 0 0 0 0 0 0 0 3 0 0 0 0 0 0 0 0 2 0 1 0 1 0 0 0 0 0 0 0 0 0 0 0 0 0 0 0 0 0 0 0 16 12 0 10 0 0 
 0 0 6 9 1 4 0 0 0 0 1 0 0 0 1 0 0 0 0 0 2 2 2 2 3 3 2 2 2 2 3 66 2 3 2 3 2 2 3 1 252 0 143 171 56 22 93 716 334 336 32 88 48 127 139 190 143 159 44 58 0 0 1 9 0 0 0 64 3 4 0 0 50 0 3 1 0 0 4 0 0 2 5 27 1 0 0 0 0 0 0 1 0 0 0 0 0 51 0 0 5 13 0 0 0 15 1 0 0 0 0 0 1 1 0 0 0 0 9 1 1 2 7 10 0 4 3 0 12 63 0 14 25 0 22 0 0 10 0 19 0 0 0 0 19 0 43 10 0 0 0 0 0 8 0 1 0 0 11 0 0 0 2 7 0 0 0 0 0 0 4 1 0 6 0 0 6 0 0 0 0 0 0 0 0 0 5 0 0 0 0 0 0 1 0 0 0 0 0 1 20 14 25 15 13 2 23 31 10 34 0 8 0 14 2 24 23 8 0 21 0 0 0 0 0 0 0 0 0 0 0 0 0 7 1 0 0 0 3 8 0 16 0 0 0 0 0 0 0 0 0 8 0 0 0 0 0 0 0 0 0 0 69 70 67 2 0 0 0 0 0 0 0 0 0 0 0 0 0 0 0 0 0 0 23 11 0 8 0 0 
 0 0 0 0 0 0 0 0 0 0 0 0 2 0 0 0 0 3 2 1 0 0 0 2 25 29 0 0 0 0 3 2 0 0 0 2 0 1 0 0 58 143 0 108 59 25 157 149 90 52 125 89 67 114 72 558 118 35 115 77 52 0 0 9 1 0 0 0 0 0 0 0 2 50 1 0 0 0 1 0 0 0 0 0 0 0 18 0 0 0 0 0 0 0 0 0 0 0 0 0 0 0 0 2 0 1 0 0 0 0 0 1 0 0 0 0 0 0 0 0 10 0 17 28 35 9 28 31 46 0 11 0 36 0 15 20 21 28 0 5 13 0 9 27 0 0 11 9 0 0 1 0 9 12 0 0 0 0 9 0 0 0 0 0 0 0 0 0 0 0 0 0 0 0 0 0 1 0 3 0 0 0 0 0 0 3 0 0 0 0 0 1 0 0 0 0 0 0 0 0 21 13 0 26 1 0 1 26 13 0 25 0 11 28 14 1 0 0 1 12 0 10 0 0 0 0 10 43 0 0 0 0 0 2 0 0 0 0 13 0 0 0 0 0 0 0 0 0 0 0 0 2 0 0 0 0 0 2 0 29 0 0 1 0 0 3 0 0 0 0 0 0 0 0 2 0 0 0 0 0 0 0 1 0 5 4 0 0 0 0 
 0 0 0 0 0 0 0 0 0 0 0 0 0 0 0 0 0 0 0 0 0 0 0 2 0 0 0 0 0 0 0 3 7 0 0 0 0 0 0 0 115 171 108 0 70 108 111 182 228 238 107 616 93 258 70 162 56 96 57 134 0 0 0 0 0 2 0 0 3 9 0 0 1 0 0 0 0 0 2 0 12 0 0 0 0 0 14 0 0 0 0 0 0 0 0 0 0 0 0 0 0 0 0 12 0 0 0 0 0 0 0 0 0 0 0 9 0 0 0 0 9 10 2 0 3 23 16 0 6 49 0 28 0 1 4 1 40 0 0 0 0 10 0 0 0 0 0 0 7 0 0 0 12 5 0 0 0 10 0 0 0 0 0 0 0 1 0 0 0 0 0 0 0 3 0 0 0 0 0 0 0 0 0 0 0 0 0 0 0 0 0 0 0 0 0 0 21 0 0 0 0 30 21 9 15 19 0 11 21 23 12 21 0 0 11 53 16 0 0 0 0 13 0 0 0 0 6 12 0 0 0 0 0 0 10 0 0 0 25 11 0 0 0 0 0 0 0 0 0 0 0 3 0 1 0 0 0 0 0 3 0 19 10 66 1 1 0 90 0 0 0 0 0 0 0 0 0 0 0 0 0 0 0 0 8 7 0 0 0 0 
 0 0 0 0 3 0 0 0 0 0 1 0 0 0 0 0 0 0 0 0 3 0 0 4 0 0 0 0 0 0 0 0 1 0 0 0 0 0 0 2 39 56 59 70 0 315 282 48 135 133 100 37 116 299 69 83 260 349 73 290 68 51 58 0 6 7 82 1 19 10 6 6 51 1 0 4 52 0 51 52 0 0 11 0 0 0 0 0 0 0 0 0 0 0 0 0 0 0 0 0 0 0 0 0 0 0 0 0 0 0 0 0 0 0 0 0 0 0 0 0 0 1 1 0 1 11 0 0 0 12 14 4 0 0 0 0 1 0 0 0 2 19 0 22 11 0 1 0 7 5 1 0 0 4 8 30 15 9 0 10 0 0 0 0 0 0 0 3 0 0 0 2 0 0 0 0 0 0 1 2 0 0 0 0 0 0 0 0 0 0 0 0 0 0 0 0 0 0 0 0 0 0 11 0 13 23 0 0 0 0 1 6 0 0 0 5 0 11 0 5 19 10 27 10 4 13 14 11 0 1 0 9 0 0 10 5 0 0 17 18 0 0 0 0 0 0 0 0 0 0 0 7 0 10 0 0 0 0 0 1 0 0 41 0 0 5 1 69 0 0 10 0 0 0 0 0 0 0 0 0 0 0 0 0 0 1 0 2 0 0 
 0 0 0 0 0 0 0 2 0 0 0 2 4 0 0 0 4 2 0 0 0 0 0 0 1 0 0 0 0 0 0 2 2 29 0 0 0 63 0 0 22 22 25 108 315 0 23 40 64 56 150 31 26 45 44 60 35 42 39 39 76 21 43 103 0 0 50 20 8 11 0 0 287 0 102 54 46 51 17 20 0 0 0 0 0 0 0 0 0 0 0 0 9 0 0 0 0 0 0 0 0 0 0 0 0 0 0 0 0 0 0 0 0 0 0 0 0 0 0 0 0 0 0 0 20 9 0 0 0 26 0 20 0 0 0 0 0 0 0 0 0 1 0 0 1 22 0 0 3 0 1 0 0 19 9 18 60 0 0 0 0 0 0 0 0 0 0 0 0 0 0 0 0 0 0 0 0 0 0 19 0 0 0 0 0 0 0 0 11 0 0 14 0 0 0 0 0 0 0 0 0 0 0 0 18 13 0 0 0 0 19 14 0 0 0 13 0 0 0 50 29 33 1 0 0 0 40 23 11 23 0 1 1 8 0 29 9 0 12 1 0 0 0 0 0 0 0 0 0 0 0 1 0 0 0 0 0 0 0 0 0 0 0 0 0 2 6 1 0 0 0 0 0 0 0 0 0 0 0 0 0 0 0 0 0 21 0 0 0 0 
 0 0 0 0 0 0 107 0 4 0 0 0 0 0 63 0 0 0 0 0 0 13 0 126 133 0 0 0 136 64 63 263 0 0 1 0 1 66 0 0 143 93 157 111 282 23 0 91 71 35 23 43 140 141 107 30 121 26 206 530 0 2 2 0 2 5 0 7 2 1 4 0 3 0 0 0 0 0 0 1 0 0 0 0 0 0 0 0 0 0 0 0 0 0 0 0 0 0 0 0 0 0 0 31 20 22 0 0 10 0 12 9 0 0 0 8 0 12 0 0 14 13 28 19 7 0 48 30 13 5 23 0 17 7 40 22 0 58 14 25 0 0 0 10 0 0 0 0 1 0 0 0 0 0 0 0 0 0 0 2 0 0 7 0 0 0 0 0 0 2 4 0 0 0 0 9 16 3 0 0 0 0 8 0 17 1 0 0 4 0 9 7 0 0 0 0 24 1 0 0 5 8 9 22 0 0 14 0 0 11 9 0 10 16 27 0 10 13 10 11 0 0 0 0 23 0 0 0 0 0 0 0 0 0 0 0 0 6 0 0 0 0 10 0 0 0 0 0 0 0 0 2 71 0 0 0 0 0 4 0 11 0 0 0 2 2 0 0 0 0 0 0 0 0 0 0 0 0 0 0 0 14 3 0 6 0 0 0 1 0 
 0 0 0 0 2 0 0 0 0 0 0 3 0 0 0 0 0 0 0 0 0 0 0 4 0 0 2 0 1 0 0 3 0 47 0 0 0 0 0 4 174 716 149 182 48 40 91 0 148 111 94 29 202 310 88 185 60 248 136 314 3 0 0 12 0 0 0 0 0 0 0 0 55 1 1 0 0 0 0 0 0 0 0 0 0 3 0 0 0 0 0 0 0 0 0 0 1 0 0 0 0 0 0 0 1 0 0 0 10 0 1 1 0 2 0 0 4 0 0 0 0 1 0 0 0 0 3 0 20 33 0 27 14 18 26 6 7 10 0 0 0 0 0 13 0 0 0 0 0 0 0 0 10 0 0 0 0 0 0 0 0 0 0 0 0 0 0 0 0 8 0 0 0 14 0 0 0 0 0 0 4 5 6 0 0 0 0 3 6 0 12 0 0 5 6 0 0 0 0 3 18 23 31 18 21 2 0 34 11 58 9 10 0 0 4 24 8 0 0 19 0 0 0 0 0 0 0 0 0 0 0 0 0 0 0 0 20 0 4 0 0 0 0 0 0 0 0 0 0 0 0 2 0 1 0 0 0 0 0 0 0 0 64 79 2 122 2 0 0 0 0 0 0 0 0 0 0 0 0 0 0 13 0 0 24 8 0 0 0 0 
 0 0 0 0 0 0 0 1 0 0 0 0 0 0 0 0 0 0 0 2 0 0 0 4 0 0 0 0 0 3 0 0 0 0 0 0 0 0 0 67 50 334 90 228 135 64 71 148 0 141 130 85 94 393 134 110 130 112 99 352 0 0 0 0 20 0 1 1 2 2 0 12 6 1 3 0 1 12 0 3 0 0 0 0 0 0 0 0 0 0 0 34 0 0 0 0 0 0 0 0 0 0 0 0 0 0 0 0 0 0 0 0 0 12 0 0 0 0 0 0 0 0 19 21 3 12 11 0 0 6 23 14 0 1 19 0 7 1 0 1 0 0 0 0 0 0 10 8 24 0 0 0 0 22 0 3 0 0 16 0 0 0 0 0 0 3 0 0 0 0 0 0 0 6 0 0 0 0 0 0 0 0 0 0 0 0 0 0 0 0 0 0 0 0 0 0 0 0 0 0 23 8 24 0 35 8 0 2 0 39 37 21 0 0 8 19 13 22 0 0 0 10 10 0 0 0 63 8 0 0 0 0 1 26 2 0 0 0 29 59 0 0 0 0 0 0 0 0 0 0 0 0 0 2 0 0 0 0 0 1 0 0 0 1 72 2 2 2 0 0 11 0 0 0 0 0 0 0 0 0 0 0 0 0 28 11 0 12 1 0 
 2 2 2 5 2 2 2 3 2 2 2 2 2 2 2 2 2 2 2 2 0 0 2 0 0 62 0 0 0 0 0 0 1 0 4 0 62 0 0 0 30 336 52 238 133 56 35 111 141 0 386 333 51 109 171 310 394 145 259 105 0 0 0 208 0 39 0 0 8 7 0 0 5 0 0 0 0 0 208 0 0 0 0 0 0 0 0 0 0 0 0 0 0 0 0 0 0 0 0 0 0 0 0 0 0 1 0 0 0 0 0 1 0 0 0 13 0 0 0 0 11 26 13 10 5 27 1 0 24 38 14 20 0 15 0 0 7 12 0 9 0 1 0 0 0 0 44 10 3 0 1 0 0 27 0 1 0 0 10 0 0 0 5 0 0 9 0 0 0 0 0 0 0 0 0 0 0 0 0 0 0 0 0 0 0 0 0 0 0 0 0 6 1 0 0 0 0 1 0 0 14 11 1 0 18 2 0 0 18 5 39 16 0 0 0 56 30 7 6 0 0 1 1 0 0 0 19 14 0 0 0 0 0 7 1 0 0 0 9 8 0 0 0 0 0 0 0 0 0 0 0 11 0 2 0 0 0 0 0 0 0 0 37 1 67 2 3 5 2 0 0 0 0 0 0 0 0 0 0 0 0 3 0 0 26 28 0 7 0 0 
 3 3 2 3 5 3 3 3 2 5 3 3 59 3 2 3 3 2 3 3 0 2 0 4 0 0 0 0 0 0 0 0 0 0 3 0 0 0 0 0 17 32 125 107 100 150 23 94 130 386 0 60 36 54 122 65 155 71 232 90 0 0 0 0 0 0 15 11 4 1 50 0 28 16 76 0 1 0 49 0 0 0 0 0 0 0 0 0 0 0 0 0 0 0 0 0 0 0 0 0 0 0 0 0 0 0 0 0 0 0 0 0 0 0 0 0 0 0 0 0 0 20 0 0 28 13 1 0 0 21 28 0 0 0 0 0 9 0 0 6 25 0 0 0 0 0 9 0 13 0 0 0 0 9 0 0 0 0 0 0 0 0 0 0 0 0 0 0 0 0 0 0 13 0 0 0 0 0 5 0 0 0 0 0 0 0 0 57 0 0 0 0 0 0 3 0 0 0 0 0 0 0 13 10 34 0 0 0 7 11 18 0 0 0 1 21 10 11 0 0 0 0 10 0 0 0 20 20 0 0 0 0 8 19 0 0 0 0 11 15 0 0 10 0 0 0 0 0 0 0 0 10 0 0 0 0 0 0 0 25 0 0 0 1 0 21 0 0 2 0 10 0 0 0 0 0 0 0 0 0 0 0 0 0 0 7 0 0 0 1 
 0 66 0 37 0 1 0 0 0 65 34 0 0 62 0 1 60 40 0 0 0 0 0 0 0 0 1 0 0 0 0 3 0 1 0 0 0 0 0 0 39 88 89 616 37 31 43 29 85 333 60 0 33 40 88 322 236 351 20 36 0 9 0 0 0 0 0 2 0 0 7 0 3 2 1 0 0 0 59 0 0 0 17 3 14 0 0 0 0 0 1 0 0 0 20 0 7 0 0 0 0 0 0 0 0 0 0 0 0 0 0 0 0 16 0 0 0 0 10 0 0 10 19 17 0 3 0 0 22 25 0 0 0 0 0 0 6 0 0 0 28 0 4 0 0 1 31 9 5 0 2 5 13 10 0 9 0 6 17 5 0 0 0 9 0 1 0 0 10 0 0 0 0 0 0 21 0 0 5 0 0 0 0 0 0 0 0 0 0 0 0 0 0 0 0 0 0 0 0 18 0 0 20 0 16 25 0 0 0 29 0 0 0 0 0 13 30 15 0 0 0 5 0 0 0 0 6 0 0 0 4 0 1 49 14 14 0 4 17 10 0 0 0 0 0 0 0 0 0 1 0 2 0 2 0 0 0 0 0 14 0 0 77 5 77 19 2 0 0 0 0 0 0 0 0 0 0 0 0 0 0 0 0 0 44 0 0 13 0 0 
 3 3 2 6 2 3 3 3 2 2 3 3 3 3 2 3 3 2 3 3 0 63 0 2 128 137 0 204 43 76 63 1 5 0 63 206 0 23 0 0 104 48 67 93 116 26 140 202 94 51 36 33 0 122 39 20 95 85 251 66 4 0 0 2 0 7 0 0 7 0 2 2 0 10 0 0 0 0 0 0 0 0 0 0 0 0 0 0 0 0 0 0 0 0 0 0 0 0 0 0 0 9 2 30 55 24 0 0 3 0 26 34 0 0 0 0 0 25 1 0 20 7 0 1 0 9 0 1 0 0 0 9 0 18 55 10 7 16 10 10 0 6 0 9 0 0 0 5 0 0 2 1 0 0 0 0 3 0 0 0 0 0 0 0 0 0 0 0 0 0 9 0 0 0 23 12 7 0 0 0 21 0 15 8 58 34 0 0 7 0 54 24 0 13 0 5 0 0 0 0 9 9 0 1 0 0 55 0 0 0 1 10 5 5 0 0 2 0 23 37 0 0 2 0 0 0 0 5 0 5 0 0 0 0 0 0 2 0 0 0 0 0 0 0 0 0 0 0 0 0 0 4 0 1 0 0 0 0 77 0 13 0 1 0 2 2 25 0 2 0 3 0 0 0 0 3 0 0 0 43 0 0 0 0 0 0 0 0 0 0 
 2 0 0 0 0 0 2 4 6 6 2 0 0 6 28 2 0 0 2 9 3 5 3 12 7 4 69 3 3 3 3 211 3 3 3 3 6 3 3 0 120 127 114 258 299 45 141 310 393 109 54 40 122 0 187 65 168 110 198 248 0 0 0 2 0 0 0 0 0 0 0 0 0 0 0 0 0 0 0 0 0 0 0 0 0 0 4 0 0 4 0 0 6 1 8 6 2 19 2 0 0 0 0 0 0 6 0 0 0 0 0 0 0 0 0 0 0 0 0 0 18 12 3 12 0 53 10 0 2 13 0 36 0 6 10 30 9 12 0 0 0 0 0 0 0 0 0 0 0 0 0 0 4 0 0 0 0 0 11 0 0 6 1 0 0 14 2 0 6 6 0 0 10 10 7 1 0 0 5 0 0 0 0 0 0 0 0 0 0 0 0 0 0 0 0 0 0 0 0 14 0 33 30 33 14 0 13 5 9 13 21 32 0 35 19 19 1 2 0 0 0 0 0 0 0 0 0 0 0 0 0 0 0 0 0 0 0 0 14 0 0 0 0 0 0 0 0 0 0 0 0 1 0 0 1 0 0 0 0 0 0 0 5 1 0 2 2 0 0 0 0 0 0 0 0 0 0 0 0 0 0 0 0 0 10 0 0 8 2 0 
 0 0 0 0 0 0 0 0 0 0 0 0 2 0 0 0 0 2 0 0 0 0 0 62 62 0 0 0 0 63 0 0 0 0 0 0 0 63 0 0 212 139 72 70 69 44 107 88 134 171 122 88 39 187 0 134 41 75 144 141 0 10 0 10 1 3 0 4 4 0 0 2 5 2 0 1 0 2 0 0 0 0 0 0 0 0 0 0 0 4 0 0 0 0 0 0 0 0 0 0 0 0 0 0 0 0 0 0 7 0 0 0 0 0 0 0 0 0 0 0 2 11 10 1 0 0 0 11 10 0 6 19 12 0 0 16 7 0 0 0 0 1 0 0 0 0 0 0 16 0 0 0 71 6 0 0 16 1 4 0 0 0 0 0 2 0 0 0 0 3 0 0 0 0 0 0 0 16 0 0 0 0 0 0 7 0 0 0 1 0 0 0 0 0 0 0 0 0 0 4 1 15 11 10 9 0 0 0 0 11 9 0 15 10 1 11 24 45 0 0 0 0 0 0 0 0 0 0 0 0 0 0 0 0 0 0 0 0 2 6 0 0 4 0 0 0 0 0 0 0 0 0 0 1 0 0 0 0 0 0 0 0 0 1 2 3 0 0 0 0 0 0 0 0 0 0 0 0 0 0 0 0 0 0 4 19 0 3 0 0 
 0 0 0 0 0 0 0 5 0 0 0 3 0 0 0 0 0 0 33 2 0 0 0 4 0 0 0 0 0 0 0 0 202 2 0 2 0 0 0 0 28 190 558 162 83 60 30 185 110 310 65 322 20 65 134 0 209 161 72 206 1 19 0 2 0 0 0 6 0 0 0 0 7 1 4 0 52 0 63 0 0 0 0 0 0 0 0 0 0 0 0 0 0 0 0 0 0 0 0 0 0 12 0 0 0 0 0 0 0 0 0 0 0 0 0 0 0 0 0 0 7 0 28 39 0 0 10 0 20 23 0 22 0 0 19 13 1 9 0 0 10 0 7 0 0 3 15 21 6 0 7 6 5 5 0 10 0 12 15 0 0 0 0 0 0 0 0 0 0 0 0 0 0 5 0 0 0 0 0 0 0 0 0 0 0 0 0 0 0 0 0 0 0 0 0 0 0 0 0 0 0 0 16 11 31 2 0 24 0 20 0 2 0 0 22 16 10 35 0 0 0 5 1 0 0 0 0 3 3 0 6 0 0 37 9 0 0 0 13 4 0 0 0 0 0 0 0 0 0 0 0 5 0 1 0 0 0 0 0 1 1 0 65 43 81 24 0 0 1 0 0 0 0 0 0 0 0 0 0 0 0 4 0 0 83 0 0 13 0 0 
 0 0 0 3 0 0 0 1 0 0 0 0 0 0 0 0 0 0 0 0 0 0 0 46 0 1 0 0 7 4 6 0 1 0 0 0 62 8 0 0 40 143 118 56 260 35 121 60 130 394 155 236 95 168 41 209 0 123 102 43 49 0 0 2 0 0 0 3 6 0 0 0 52 55 0 0 0 0 1 0 0 0 0 0 0 0 0 0 0 0 0 0 0 0 0 0 0 13 0 0 0 0 0 0 0 2 0 0 0 0 0 0 0 0 0 0 0 0 0 0 3 11 14 62 10 30 0 0 0 0 0 20 0 0 18 24 2 1 0 0 22 0 28 4 0 0 36 39 3 0 0 0 28 28 0 19 0 0 15 0 0 0 0 0 0 0 0 0 0 0 0 0 0 0 0 0 0 0 11 0 0 0 0 14 1 10 0 0 0 6 0 0 0 0 0 5 0 12 0 0 0 2 6 21 0 0 5 0 1 15 21 29 14 21 12 0 9 22 0 0 0 10 0 0 0 0 10 15 0 0 0 0 11 4 26 0 0 0 1 8 0 0 0 0 0 0 0 0 0 0 0 0 0 2 0 0 0 0 0 14 0 0 0 0 2 4 0 0 0 0 0 0 0 0 0 0 0 0 0 0 0 0 0 0 0 0 0 0 1 0 
 0 0 0 0 0 0 0 1 2 2 0 0 0 0 0 0 0 0 0 0 0 0 0 0 0 0 67 0 0 0 0 0 0 0 5 0 0 0 0 0 163 159 35 96 349 42 26 248 112 145 71 351 85 110 75 161 123 0 140 62 5 5 0 0 0 0 0 0 2 3 0 0 0 0 50 0 0 0 0 2 0 0 0 0 0 0 0 0 0 0 0 0 0 0 0 0 0 0 0 0 0 0 0 0 0 0 0 0 0 0 0 0 0 0 0 0 0 0 0 0 22 14 11 0 17 19 1 0 16 0 19 54 0 9 0 2 13 10 0 12 21 2 0 0 0 0 0 0 0 0 0 0 12 26 0 4 0 38 18 0 0 0 7 0 0 4 0 0 0 0 0 0 0 0 0 0 0 0 0 0 0 0 0 0 0 1 0 3 0 0 0 0 0 0 0 0 1 2 0 0 11 34 1 0 1 23 8 0 11 22 16 26 0 19 0 8 22 11 0 0 0 4 0 0 4 0 23 0 1 0 0 0 0 0 17 7 0 0 11 31 0 0 0 0 0 0 0 0 0 0 0 3 0 2 0 0 0 0 0 2 0 2 0 2 0 2 1 32 0 0 0 0 0 0 0 0 1 0 0 0 0 3 0 0 11 0 0 9 0 0 
 0 0 0 0 2 0 2 4 0 0 0 0 6 0 0 0 0 3 0 0 0 3 4 21 0 54 0 14 0 77 1 64 0 0 9 0 62 116 0 0 96 44 115 57 73 39 206 136 99 259 232 20 251 198 144 72 102 140 0 162 50 0 0 6 0 0 0 0 0 0 0 0 0 201 0 0 0 0 0 0 0 0 0 0 0 0 0 0 0 0 0 0 0 0 0 0 0 0 0 0 0 0 2 10 10 11 0 0 0 0 4 0 0 0 0 6 0 20 0 0 14 0 0 23 0 0 0 10 0 0 0 22 6 4 14 18 0 9 0 1 0 0 0 17 0 0 0 0 0 0 0 0 0 0 0 0 0 0 0 0 0 0 0 0 0 0 0 0 0 3 2 0 0 0 0 0 0 6 0 0 0 0 13 0 17 0 0 0 0 0 0 11 0 0 0 0 0 0 0 0 11 3 0 28 0 0 11 9 1 17 19 3 28 20 14 0 0 1 4 33 0 0 0 0 0 0 0 0 0 0 0 0 0 0 0 0 0 0 0 0 0 0 0 0 0 0 0 0 0 0 0 12 0 0 0 0 0 0 0 1 0 0 0 0 2 4 1 0 0 0 0 0 0 0 0 21 0 0 0 8 0 0 0 0 0 0 0 0 2 7 
 2 2 2 3 4 2 2 4 2 2 2 2 2 2 2 2 2 2 2 2 0 0 0 4 95 1 0 0 0 3 0 62 0 0 0 0 0 0 0 0 26 58 77 134 290 39 530 314 352 105 90 36 66 248 141 206 43 62 162 0 0 0 1 2 0 0 1 13 0 0 2 0 1 12 0 0 0 0 0 1 0 0 0 0 0 72 0 0 0 0 0 0 0 0 0 0 0 0 0 0 0 0 0 0 0 19 0 0 0 0 0 0 0 0 0 0 0 0 0 0 2 15 12 7 3 10 23 23 21 19 17 25 31 1 24 12 0 9 11 29 0 0 0 0 0 0 8 0 0 0 0 0 0 0 15 0 0 0 7 8 0 0 0 0 0 0 0 0 0 0 0 0 0 10 0 0 0 0 0 0 0 0 0 0 1 0 7 0 18 19 0 0 0 0 0 0 16 0 0 20 1 0 25 0 6 9 0 20 0 22 0 19 0 21 31 0 0 0 21 0 15 0 0 0 0 0 10 0 0 0 0 0 0 0 0 3 0 6 12 0 0 0 0 0 0 0 0 0 0 0 0 6 0 0 0 0 0 0 0 0 0 0 0 69 3 2 3 0 2 0 0 0 0 0 0 0 0 0 0 0 1 14 0 0 0 0 0 0 2 0 
 0 0 0 0 0 5 0 29 0 0 5 0 0 0 3 4 1 0 0 0 0 1 0 0 0 51 4 3 0 0 0 0 0 0 0 0 0 0 1 0 50 0 52 0 68 76 0 3 0 0 0 0 4 0 0 1 49 5 50 0 0 155 322 167 69 47 80 643 263 40 30 60 81 43 140 47 52 255 318 162 0 0 0 0 0 0 0 0 0 0 0 4 0 0 0 0 0 6 0 0 0 0 0 0 0 0 4 0 0 0 0 0 0 3 0 0 0 0 1 0 0 0 0 14 0 0 17 0 10 0 0 1 0 0 14 0 1 0 0 0 1 0 0 21 10 21 5 24 6 0 12 1 0 0 13 18 35 0 0 1 0 0 0 1 0 11 0 0 0 3 0 5 0 0 0 0 0 5 0 11 0 0 0 0 0 9 0 0 3 0 0 0 0 0 3 0 0 0 0 0 7 15 0 14 0 2 10 0 14 0 28 20 10 0 0 0 0 0 0 0 23 0 8 0 0 0 12 11 10 8 0 1 0 0 11 20 4 1 6 0 0 0 0 3 0 0 0 0 12 5 0 0 0 0 14 0 0 0 0 0 0 0 0 1 0 0 7 0 0 0 11 0 0 1 0 54 0 0 0 0 0 0 0 0 0 0 0 0 0 0 
