 0 205 58 101 40 161 355 173 57 118 371 43 103 77 211 127 88 121 97 39 3 3 3 0 0 0 3 3 0 0 4 0 3 0 73 2 0 4 77 0 3 0 0 64 3 3 1 0 0 3 3 0 0 0 0 0 0 0 0 0 3 0 3 0 6 6 0 0 0 3 0 0 0 0 0 0 1 0 0 0 0 26 30 12 10 7 6 85 2 40 28 27 11 18 0 8 41 28 0 38 0 0 0 0 0 0 0 0 2 0 1 0 0 0 0 0 0 0 0 0 0 0 0 0 0 0 0 0 0 0 0 2 0 0 0 0 0 0 0 0 0 0 0 0 0 0 0 0 0 2 0 0 0 18 0 0 0 0 1 0 23 19 0 0 5 0 0 0 0 6 8 0 8 25 0 43 31 6 12 0 0 0 0 0 0 0 1 0 8 0 0 0 0 0 0 0 0 0 15 41 0 15 0 1 0 2 8 0 0 0 0 0 0 0 0 0 0 0 0 0 0 0 0 0 0 0 0 0 0 0 0 0 0 0 0 7 0 0 0 0 0 0 0 0 0 0 0 2 96 0 0 7 0 0 0 0 0 0 0 0 0 0 0 0 0 0 0 0 0 0 0 0 0 2 0 0 0 0 0 0 0 0 0 0 0 0 0 0 0 0 
 205 0 81 199 132 253 727 146 234 123 320 43 38 167 260 510 135 144 55 377 3 3 3 0 0 0 1 3 0 0 2 1 98 0 0 40 0 0 3 0 3 0 4 0 3 3 2 70 0 3 2 0 0 0 0 0 0 0 0 0 38 2 3 0 0 0 0 0 0 0 0 1 0 0 0 0 0 3 4 0 0 17 33 0 23 13 5 20 5 29 19 28 0 24 1 7 56 28 0 0 1 0 0 0 0 0 0 1 1 0 0 0 0 2 0 0 0 0 9 0 0 0 0 0 0 0 0 0 0 0 0 0 0 0 0 0 0 0 2 0 0 0 0 0 0 0 0 0 0 0 0 0 0 0 0 0 0 1 0 0 0 0 11 34 20 19 18 0 11 15 42 13 1 0 0 15 16 24 0 0 0 0 0 0 0 0 0 0 0 0 0 0 24 0 22 0 14 0 0 14 0 0 0 0 0 0 0 0 0 0 0 0 0 0 0 0 0 20 0 0 2 0 0 0 0 0 0 0 0 0 0 0 0 0 0 0 0 0 0 0 0 0 0 0 0 2 88 0 4 5 0 16 97 0 0 0 2 0 0 0 1 0 18 0 0 0 0 0 0 0 0 0 0 0 0 0 15 0 0 0 0 0 0 0 0 0 0 0 0 0 
 58 81 0 174 58 147 146 268 426 283 60 57 144 47 260 222 266 382 30 34 6 3 3 8 0 0 2 3 0 0 2 0 91 0 0 2 0 0 66 78 3 0 63 1 3 3 2 0 0 3 3 0 0 0 0 0 0 1 0 0 3 0 3 0 0 0 0 0 0 0 0 0 0 0 0 0 0 0 0 0 0 0 15 34 28 28 15 42 33 0 15 20 0 1 10 1 12 0 7 0 16 0 0 0 0 0 20 0 0 0 0 0 15 14 0 0 0 0 28 27 0 0 0 0 0 0 0 0 0 0 0 0 0 12 0 0 0 0 0 0 0 0 0 0 0 0 0 0 0 0 0 0 0 0 0 0 0 5 0 0 0 30 26 17 19 26 0 13 31 0 39 38 11 0 0 16 0 3 0 0 20 1 0 0 0 0 0 0 1 0 0 0 30 0 0 0 0 0 3 27 0 0 0 0 0 0 0 0 0 0 0 19 0 0 0 0 0 0 0 0 0 0 0 0 0 0 0 0 0 0 0 0 0 0 0 0 0 0 0 0 0 26 0 0 0 0 1 0 2 62 15 0 0 0 0 0 0 0 0 0 0 0 0 0 0 0 0 0 0 0 0 0 0 0 0 3 0 0 0 0 0 0 0 0 0 0 0 0 0 0 
 101 199 174 0 160 91 491 91 58 253 274 59 193 87 248 158 133 370 64 48 5 3 3 2 1 0 1 3 0 0 2 0 78 0 1 2 0 0 2 42 3 0 0 2 3 3 0 0 0 3 2 0 0 0 0 0 0 3 0 0 3 2 3 0 0 0 0 0 0 0 0 1 0 0 0 0 0 19 3 0 0 14 26 1 53 0 63 54 6 9 14 21 0 27 0 18 10 24 19 0 0 0 0 0 0 0 0 15 0 0 0 0 27 15 0 0 0 0 17 0 0 0 0 0 0 0 0 0 0 0 0 0 13 0 0 0 0 0 0 0 0 0 0 0 0 48 0 0 0 0 0 0 0 0 0 0 0 0 0 0 15 23 30 0 0 0 0 14 28 10 62 13 13 0 0 2 0 0 0 14 30 14 0 0 0 0 21 0 0 0 0 0 0 7 32 0 0 0 1 0 0 0 0 0 0 0 0 0 0 0 0 0 0 0 0 0 0 0 0 0 0 0 0 0 0 0 0 0 0 0 0 0 0 0 0 0 0 0 0 0 0 0 0 0 0 0 0 0 2 0 2 6 23 0 0 0 0 0 0 0 0 0 0 0 0 0 0 0 0 0 0 0 0 0 0 0 12 0 0 0 0 0 0 0 0 0 0 0 0 0 
 40 132 58 160 0 86 73 178 192 93 295 145 86 298 239 194 266 350 63 78 3 3 5 0 0 0 95 20 7 0 80 0 82 81 1 2 39 0 75 94 3 33 0 2 3 3 0 0 0 3 1 0 0 0 0 0 0 0 2 0 3 3 3 1 2 0 0 0 0 0 3 0 54 0 0 0 0 8 4 0 0 20 2 0 11 37 0 2 0 0 16 21 0 5 19 23 0 0 0 0 30 14 12 24 0 0 30 15 20 3 1 0 0 1 12 0 0 23 7 29 0 0 2 0 0 0 0 0 0 0 10 1 0 0 0 0 0 0 0 0 0 0 1 0 0 0 0 0 0 1 0 0 0 0 0 3 0 0 0 0 18 2 11 71 77 19 0 3 6 29 11 2 0 0 1 20 11 20 0 15 16 1 10 10 0 0 41 20 10 0 0 0 14 3 27 18 0 13 1 33 0 0 0 2 0 0 10 0 0 0 0 0 0 0 0 0 0 0 0 1 0 0 0 0 0 0 0 0 0 0 0 0 0 0 0 0 0 0 0 1 0 0 0 0 0 2 198 0 6 3 0 11 21 0 0 0 0 0 0 0 0 0 24 0 0 0 0 0 0 0 0 0 0 1 0 12 0 9 0 12 0 0 0 0 0 0 0 0 0 0 
 161 253 147 91 86 0 25 132 205 57 105 145 61 193 322 175 234 153 90 137 138 3 3 0 76 0 3 79 26 0 4 0 79 74 0 2 0 0 23 0 3 1 0 2 3 2 0 0 0 3 2 0 0 63 0 0 0 0 0 0 3 1 3 0 0 0 0 0 0 0 0 0 0 0 0 0 0 0 0 2 0 1 0 26 0 14 0 0 16 0 21 11 0 0 10 0 16 0 0 0 58 23 0 0 31 0 17 21 27 19 10 1 19 20 37 0 27 13 14 31 0 0 0 0 0 0 0 0 0 0 0 0 0 0 0 0 0 0 0 0 0 0 5 0 0 0 0 0 0 0 0 0 0 0 0 0 0 0 0 0 0 15 0 27 62 32 0 0 11 11 0 10 0 0 0 27 0 29 0 0 2 19 0 15 0 0 20 7 11 0 6 2 16 10 20 24 1 0 9 49 0 0 0 0 0 0 0 0 0 0 0 0 0 0 0 0 0 0 0 0 0 8 0 0 0 0 0 0 0 0 0 19 0 0 0 0 0 0 0 0 0 0 0 0 0 7 0 0 51 87 13 8 5 0 0 0 0 75 0 0 0 21 0 0 0 0 0 0 0 0 0 0 0 0 0 11 0 0 0 0 0 0 0 0 0 0 0 0 0 0 
 355 727 146 491 73 25 0 160 68 118 118 262 86 175 85 248 192 47 454 156 3 5 3 0 0 0 4 3 0 0 2 3 3 1 2 2 0 0 1 0 6 0 0 2 3 3 0 0 2 3 2 0 0 0 60 0 0 0 3 0 3 3 3 0 0 0 0 0 0 3 0 0 0 1 0 0 0 0 0 0 20 92 65 1 10 0 42 51 0 36 16 14 16 52 0 35 26 48 34 33 0 0 0 0 0 0 0 0 0 0 0 1 0 0 0 0 0 0 0 0 0 0 0 0 0 0 0 0 0 0 0 0 0 0 0 0 0 0 0 0 0 0 0 0 0 0 0 0 0 0 0 19 0 9 0 0 0 0 0 0 0 28 0 17 0 0 16 0 5 13 0 0 22 22 10 10 16 0 7 0 0 0 0 0 0 0 0 0 0 0 0 0 11 0 0 0 2 0 9 0 0 0 0 0 0 0 0 0 0 2 0 0 0 0 0 0 0 0 0 0 0 0 0 0 0 0 0 0 0 0 0 0 0 0 2 0 0 0 0 0 0 0 0 0 0 0 0 0 0 2 2 14 0 1 0 0 0 0 0 0 0 0 0 0 0 0 0 0 0 0 0 0 0 0 0 0 23 0 0 0 0 0 0 0 0 0 0 0 0 0 
 173 146 268 91 178 132 160 0 356 661 244 30 120 481 92 24 337 111 49 71 5 3 3 5 2 0 1 3 0 0 2 0 3 0 0 2 5 0 25 0 3 2 0 1 5 2 1 0 0 3 2 0 0 0 0 1 38 3 0 0 3 2 3 0 0 0 2 0 2 0 0 5 3 0 0 1 2 1 2 0 0 0 0 46 0 15 0 1 13 2 0 23 9 0 10 49 34 32 10 0 26 0 0 0 0 0 0 0 0 0 0 0 0 0 0 0 0 0 58 0 0 0 0 0 0 0 0 0 0 0 0 0 0 15 0 0 0 0 0 0 0 0 0 0 0 0 0 0 0 0 0 0 0 0 0 0 0 20 0 0 0 0 0 0 14 37 10 0 10 0 15 0 10 1 15 32 29 1 7 0 0 0 0 0 0 0 0 0 0 0 0 0 0 0 0 0 0 0 8 9 0 0 0 0 0 0 0 0 0 0 0 0 0 0 0 0 0 0 0 0 0 0 0 0 0 0 0 0 0 0 0 0 0 0 0 0 0 0 0 0 0 38 0 0 0 0 9 0 44 0 11 6 0 0 0 0 0 0 0 0 0 0 36 0 0 0 0 0 0 0 0 0 0 0 0 0 0 0 0 0 0 0 0 0 0 0 0 0 0 0 
 57 234 426 58 192 205 68 356 0 107 233 137 84 101 329 240 38 226 96 80 3 3 3 0 0 0 75 3 0 0 2 0 225 0 0 2 0 0 149 1 3 0 0 2 3 2 0 0 0 3 1 1 0 0 0 0 0 0 0 0 3 3 3 0 0 0 0 0 0 0 0 0 0 0 0 0 0 8 5 0 0 20 1 23 14 8 0 0 45 0 9 17 0 0 0 19 0 2 0 0 14 0 0 0 0 0 0 0 0 0 0 0 0 1 0 0 0 1 20 20 0 0 0 2 0 0 0 2 0 2 0 0 0 0 0 19 0 1 0 0 0 0 0 0 1 0 0 0 0 0 0 0 0 0 0 14 0 20 0 13 0 28 0 37 29 25 0 22 6 18 55 44 3 0 0 30 13 47 0 0 4 0 0 0 0 0 0 0 14 0 0 0 27 0 11 0 0 0 33 78 0 0 0 0 0 0 0 0 0 0 14 0 0 0 0 0 0 0 0 0 2 0 0 0 0 0 0 0 0 0 0 0 0 0 0 0 0 0 0 0 0 1 0 0 0 0 175 1 89 89 5 4 20 0 2 0 0 0 0 0 0 0 13 0 0 0 2 0 0 0 0 0 0 0 0 19 14 0 0 0 0 0 0 0 0 0 0 0 0 0 
 118 123 283 253 93 57 118 661 107 0 279 31 398 87 83 172 56 148 81 49 3 5 3 6 3 2 78 3 0 0 2 0 153 0 0 2 6 207 79 27 3 3 63 0 5 3 2 0 0 5 3 0 0 0 0 0 3 4 0 0 5 4 3 0 0 0 3 0 3 0 0 4 1 0 0 1 4 2 1 0 9 8 13 25 29 0 22 10 14 9 19 11 0 0 0 0 32 24 0 13 0 0 0 1 0 0 5 0 0 0 0 0 10 16 18 0 0 1 0 2 0 0 0 0 0 0 0 0 0 0 0 0 0 0 0 0 0 0 0 0 0 0 0 0 0 0 0 0 0 0 0 0 0 0 0 11 0 4 0 7 0 12 0 11 1 12 10 12 6 13 40 18 2 0 13 8 12 0 0 1 5 32 0 0 0 0 9 0 0 0 0 9 19 14 19 0 0 0 33 19 0 0 0 0 0 0 0 0 0 0 0 0 0 0 0 0 0 0 0 0 0 0 0 0 0 0 0 0 0 0 0 0 0 0 0 0 0 0 0 0 0 25 0 0 0 3 92 0 2 2 0 15 2 0 0 0 0 0 0 0 0 0 0 0 0 0 0 0 0 0 0 0 0 0 0 9 15 0 0 0 0 0 0 0 0 0 0 0 0 0 
 371 320 60 274 295 105 118 244 233 279 0 183 47 62 277 183 119 375 240 280 3 2 3 0 2 0 38 5 2 2 2 3 7 94 3 4 2 0 77 83 7 65 3 4 4 3 2 1 0 3 0 0 0 2 0 67 2 2 3 2 2 7 6 0 0 0 0 0 0 2 3 0 0 1 0 0 0 21 6 0 1 18 72 0 42 0 15 8 0 0 9 10 0 11 1 19 18 0 6 2 0 0 0 19 0 0 24 57 14 0 0 0 63 16 38 0 0 0 37 15 0 0 0 0 0 0 0 0 0 0 0 0 0 0 0 0 2 0 0 0 0 0 0 0 0 0 0 0 0 0 0 0 0 1 0 6 0 2 0 0 0 19 66 0 0 0 0 14 30 15 14 73 10 0 0 18 0 0 0 7 7 18 22 10 0 0 43 14 0 0 0 0 37 5 29 15 0 0 16 15 0 0 0 0 0 0 10 0 0 0 0 0 0 0 0 0 0 0 0 0 0 0 0 0 0 0 0 0 0 0 0 0 0 0 0 0 0 0 0 0 0 0 0 0 0 3 58 1 2 10 0 7 21 0 0 0 0 0 0 0 7 0 0 0 0 0 0 0 0 9 0 0 0 0 0 8 0 22 0 0 0 0 0 0 0 0 0 0 0 0 
 43 43 57 59 145 145 262 30 137 31 183 0 46 55 37 222 102 86 236 254 15 3 3 0 0 0 75 183 75 0 3 0 4 75 0 2 75 0 4 0 3 0 1 0 3 3 2 1 6 3 0 0 0 0 0 0 0 0 0 2 2 3 3 0 0 0 0 0 0 0 0 0 0 0 0 2 0 3 0 0 0 0 0 0 7 42 0 0 11 0 15 0 0 0 0 0 0 14 0 0 29 8 0 17 0 13 39 37 0 0 3 2 0 21 25 0 0 0 10 17 0 0 0 0 0 0 0 0 0 0 0 0 0 0 1 0 0 0 0 0 0 0 0 0 0 0 0 0 0 0 0 0 0 0 0 0 0 1 10 0 0 46 19 8 1 34 0 0 12 0 10 32 0 0 0 14 0 11 0 0 9 20 0 16 0 0 32 10 15 0 2 0 0 10 38 15 0 2 0 41 0 2 0 0 0 0 5 0 0 0 0 0 0 0 0 0 0 0 0 0 0 0 0 0 0 0 0 0 1 0 0 0 0 0 0 0 0 0 0 0 0 0 0 0 0 2 2 37 0 44 0 5 0 2 0 0 0 0 0 0 0 0 0 0 0 0 0 0 0 0 0 14 0 0 0 4 0 0 0 0 0 0 0 0 0 3 0 0 0 0 
 103 38 144 193 86 61 86 120 84 398 47 46 0 97 258 34 40 246 391 162 3 3 3 0 0 0 1 6 0 0 2 0 3 0 0 2 0 0 2 2 3 0 103 0 4 2 0 0 0 3 2 0 0 0 3 0 0 1 0 0 3 2 3 0 0 0 0 0 0 0 0 0 2 0 0 0 0 0 0 0 33 0 0 9 0 0 10 0 6 1 0 1 36 5 25 10 0 0 14 36 0 0 0 10 9 9 0 0 0 0 0 0 0 0 0 0 0 0 0 0 0 0 0 0 0 0 0 0 0 0 0 0 0 0 0 0 0 0 0 0 0 0 0 0 0 0 0 0 0 0 0 0 0 0 0 0 0 0 0 0 35 39 14 0 0 0 1 9 0 0 0 0 2 16 14 14 1 0 0 10 0 0 0 0 0 0 16 0 0 0 0 0 0 0 0 0 0 0 0 0 0 0 0 0 0 0 0 0 0 0 0 0 0 0 0 0 0 0 0 0 0 0 0 0 0 0 0 0 0 0 0 0 0 0 0 17 0 0 0 0 0 0 0 0 0 0 0 0 0 5 0 4 0 0 0 0 0 0 0 0 0 0 14 0 0 0 0 0 0 0 0 0 0 0 0 0 0 0 0 0 0 0 0 0 0 0 0 0 0 0 
 77 167 47 87 298 193 175 481 101 87 62 55 97 0 194 118 325 338 582 411 3 3 3 0 0 0 1 3 0 0 2 0 3 3 0 2 0 0 82 0 3 0 0 1 3 3 0 0 0 3 1 0 0 0 0 0 0 0 0 0 3 3 3 0 0 0 0 0 0 0 0 0 0 0 0 0 0 2 2 0 42 20 25 0 0 0 0 4 15 25 11 0 34 0 8 31 31 1 20 0 0 0 0 0 0 0 0 0 0 0 0 0 0 0 0 0 0 0 0 0 0 0 0 0 0 0 0 0 0 0 0 1 0 0 0 0 0 0 0 0 0 0 0 0 0 0 0 0 0 1 0 0 0 0 0 0 0 0 0 0 0 0 0 0 2 0 3 13 6 7 0 0 41 5 12 22 6 0 0 19 0 0 0 0 0 0 1 0 0 0 0 0 0 0 0 0 0 0 15 0 0 0 0 0 0 2 0 0 0 0 0 0 0 0 0 0 0 0 0 0 21 0 0 0 0 0 0 0 0 0 0 0 0 0 0 0 0 0 2 0 0 0 0 0 0 0 2 0 91 0 0 13 0 0 0 0 0 0 0 0 0 0 0 0 0 0 0 0 0 0 0 0 0 2 0 0 0 0 0 0 0 0 0 0 0 0 0 0 0 0 
 211 260 260 248 239 322 85 92 329 83 277 37 258 194 0 273 431 122 379 72 3 3 3 0 1 0 1 3 2 0 2 0 3 0 0 2 0 0 66 1 3 0 0 0 3 2 2 0 0 3 1 0 0 0 0 0 0 0 0 0 35 2 3 0 0 11 0 0 0 0 0 1 0 0 0 0 0 10 11 0 0 35 26 26 29 0 10 0 1 27 1 28 0 27 0 32 28 19 0 0 21 0 0 0 0 0 0 0 0 0 0 0 0 0 0 0 0 0 42 2 0 0 0 0 0 0 2 0 0 0 0 0 0 0 0 0 0 0 0 0 0 0 0 0 0 0 0 0 0 0 0 0 0 0 0 0 0 0 0 0 0 4 0 6 58 14 0 0 23 0 22 22 0 0 17 65 14 1 2 0 0 0 0 0 0 0 0 0 0 0 0 0 0 2 0 0 0 0 17 0 0 0 0 0 0 0 23 0 0 0 0 0 0 0 0 0 0 0 1 0 0 0 0 0 0 0 0 0 0 0 12 0 0 0 0 0 0 0 0 0 0 15 0 0 0 0 5 0 10 2 11 20 18 0 0 0 0 0 0 0 0 0 8 0 0 0 0 0 0 0 0 0 0 0 0 0 0 0 0 0 0 0 0 0 0 0 0 0 0 0 
 127 510 222 158 194 175 248 24 240 172 183 222 34 118 273 0 400 316 44 63 76 26 3 0 0 2 1 4 1 1 2 79 97 0 0 53 2 4 3 76 3 0 0 2 3 3 0 0 0 3 1 0 0 0 0 0 0 0 0 0 3 3 3 0 0 0 0 0 0 0 0 0 0 0 37 36 0 5 5 0 13 43 21 13 0 0 0 0 22 15 38 39 0 19 0 28 4 31 0 19 10 0 0 0 0 0 1 0 20 0 0 0 13 10 3 0 0 0 15 39 0 0 0 0 0 0 0 2 2 0 0 0 0 13 0 0 0 0 10 0 0 0 1 0 0 0 0 0 0 0 0 0 0 0 0 0 0 0 0 0 0 15 0 21 36 21 0 0 32 5 16 32 0 0 0 10 20 51 0 0 4 2 0 0 0 0 3 0 0 2 0 0 28 0 39 0 0 12 0 8 0 0 0 0 0 0 0 0 0 0 0 0 0 0 0 0 0 0 0 0 0 0 0 0 0 0 0 0 0 1 0 0 0 1 0 0 0 0 0 0 0 0 0 0 0 0 2 0 36 90 28 12 73 13 0 0 0 0 0 0 0 0 0 0 0 0 0 0 0 0 0 0 0 0 0 11 0 0 0 0 0 0 0 0 0 0 0 0 0 0 
 88 135 266 133 266 234 192 337 38 56 119 102 40 325 431 400 0 126 54 42 37 10 4 6 5 1 28 109 3 1 2 1 76 149 3 3 3 1 160 2 3 2 2 0 9 5 7 4 7 5 9 0 2 4 2 2 2 2 1 8 3 1 3 0 0 2 0 0 2 1 0 1 1 0 0 1 2 1 0 3 0 11 29 43 17 22 0 0 0 18 30 10 0 33 10 2 12 0 0 18 16 0 0 0 0 0 0 7 14 0 0 0 0 15 16 10 0 0 11 29 0 0 0 0 0 0 1 0 0 0 0 0 0 0 0 0 0 0 0 0 0 0 0 0 0 0 0 0 0 0 0 0 0 0 0 0 0 0 0 0 34 0 3 22 28 0 10 0 10 27 0 17 0 0 0 27 10 14 1 11 0 0 0 0 0 0 36 0 0 0 0 0 19 1 23 1 0 0 21 7 0 0 0 0 0 0 0 0 0 0 0 0 0 0 0 0 0 0 2 0 0 0 0 0 0 0 0 0 0 0 0 0 0 0 0 0 0 0 0 0 0 0 0 0 0 0 2 0 114 1 2 10 1 0 0 0 0 2 0 0 0 0 2 0 0 0 0 0 0 0 0 0 0 0 0 0 0 0 0 0 13 0 0 0 0 0 0 0 0 0 
 121 144 382 370 350 153 47 111 226 148 375 86 246 338 122 316 126 0 55 324 5 4 3 71 0 0 54 3 0 0 2 0 4 0 0 2 0 0 87 0 3 64 0 0 3 3 2 0 0 3 3 0 0 0 0 0 0 0 0 0 3 0 3 0 0 0 0 0 0 0 0 0 0 0 0 0 5 0 0 0 0 7 21 22 22 16 0 14 34 24 29 0 0 0 22 0 76 14 6 13 17 0 0 0 0 0 16 0 27 0 0 0 0 0 0 0 0 0 8 12 0 0 0 0 0 0 0 0 0 1 0 0 0 0 0 0 0 0 0 0 0 0 0 0 1 0 0 0 0 0 0 0 0 0 0 3 2 18 0 11 0 0 17 5 0 0 11 23 0 17 0 11 19 0 12 13 18 0 1 1 16 0 14 0 0 0 14 0 0 0 1 0 15 0 0 0 1 1 42 19 0 0 0 0 0 0 0 0 0 2 0 0 0 0 0 0 0 0 0 0 0 0 0 0 0 0 10 3 0 0 0 0 2 0 2 0 0 0 0 0 0 0 0 0 0 3 48 0 88 4 1 3 0 1 0 0 0 0 0 0 0 0 0 0 0 0 0 0 0 0 0 0 0 0 0 20 2 14 0 0 14 0 0 0 0 1 0 0 0 0 
 97 55 30 64 63 90 454 49 96 81 240 236 391 582 379 44 54 55 0 190 3 4 3 0 0 0 1 3 0 0 2 0 3 0 0 2 0 0 2 0 3 0 0 1 3 67 0 0 0 3 1 0 0 0 0 0 0 0 0 0 2 3 3 0 0 0 0 0 0 0 0 0 0 0 0 0 0 3 0 0 45 35 24 27 0 1 56 38 0 23 0 10 37 31 26 13 1 22 0 50 0 2 0 0 0 0 0 13 0 0 0 0 0 0 0 0 0 0 0 2 0 0 0 0 0 0 0 0 0 0 0 0 0 0 0 0 1 0 0 0 0 2 0 0 0 0 0 0 15 0 0 0 0 9 0 0 0 2 0 0 24 8 15 0 0 0 0 18 5 0 0 0 11 33 0 0 8 10 0 8 0 0 0 0 0 0 0 0 0 0 0 0 0 11 0 0 0 0 0 0 0 0 0 0 0 0 0 0 0 0 0 0 0 0 0 0 0 0 0 0 0 0 0 2 0 0 0 0 0 0 0 0 0 0 0 0 0 0 0 0 0 0 0 0 0 1 0 1 0 0 0 5 0 0 0 0 0 0 0 0 0 0 0 0 0 0 0 0 0 0 0 0 0 0 0 0 0 0 0 0 0 0 0 0 0 0 0 0 0 0 
 39 377 34 48 78 137 156 71 80 49 280 254 162 411 72 63 42 324 190 0 3 3 3 0 0 0 2 3 0 0 2 0 3 0 0 2 0 0 1 0 3 0 0 0 3 3 0 0 0 3 3 0 15 0 0 0 0 0 0 0 3 0 3 0 0 0 0 0 0 0 0 0 0 0 0 0 0 0 0 0 21 12 25 0 12 2 14 8 0 20 10 0 19 18 0 15 8 20 43 11 6 0 0 0 0 0 0 0 0 0 0 0 0 0 0 0 0 0 0 0 0 0 0 0 0 0 1 0 0 0 0 0 0 0 0 0 0 0 0 0 0 0 0 0 0 0 0 0 0 0 0 0 0 0 0 0 0 1 0 0 0 15 16 19 0 0 36 16 18 10 0 0 10 0 10 1 10 0 0 17 0 0 0 0 0 0 0 0 2 0 0 0 12 1 0 0 0 0 0 14 0 0 0 0 0 0 0 0 0 0 0 0 0 0 0 0 0 0 0 0 0 0 0 0 0 0 0 0 0 0 0 24 0 0 0 0 0 0 0 0 0 0 0 0 0 4 1 0 1 1 2 8 0 0 0 0 0 0 0 0 0 0 0 0 0 0 0 0 0 0 0 0 0 0 0 0 11 0 0 0 0 0 0 0 0 0 0 0 0 0 
 3 3 6 5 3 138 3 5 3 3 3 15 3 3 3 76 37 5 3 3 0 185 134 273 44 42 177 301 116 81 255 66 366 287 288 412 122 37 80 62 0 2 0 0 3 2 2 0 0 0 0 3 3 0 0 3 0 0 0 0 0 0 0 3 0 0 1 0 0 0 0 0 0 0 0 0 0 0 0 0 0 0 6 1 0 0 0 0 10 0 17 0 0 0 0 0 0 0 0 0 17 39 22 0 13 20 13 10 72 28 35 30 0 23 42 2 31 10 0 1 0 0 1 0 0 0 0 0 0 0 4 0 0 0 0 0 0 0 27 0 0 0 0 0 0 1 0 0 0 0 0 0 0 2 0 0 0 0 0 1 1 1 0 18 19 34 19 1 0 16 1 9 0 0 0 1 0 34 0 0 13 12 43 15 0 9 15 0 11 9 11 24 9 25 29 0 40 24 0 29 0 0 7 0 2 0 2 0 0 0 0 0 1 0 0 0 0 0 25 0 0 0 0 0 0 0 19 0 0 11 0 0 0 0 0 0 0 0 0 0 0 0 0 0 0 0 0 0 0 0 0 0 0 0 19 0 2 4 4 4 4 0 0 0 0 0 0 0 0 0 0 0 0 0 0 1 0 0 0 0 0 0 0 0 0 0 0 0 0 0 
 3 3 3 3 3 3 5 3 3 5 2 3 3 3 3 26 10 4 4 3 185 0 348 81 300 95 420 94 79 54 29 342 52 43 379 51 53 70 131 40 0 0 0 2 3 3 0 0 0 0 0 3 64 0 1 3 2 0 0 30 0 0 0 3 0 0 0 0 0 0 0 0 0 0 35 0 0 0 3 0 0 0 0 2 0 0 0 0 0 0 0 0 0 0 0 0 0 0 0 0 0 0 9 0 1 0 23 0 0 21 12 28 13 12 0 14 23 11 9 0 0 0 1 10 0 0 0 0 0 0 0 0 0 16 0 0 0 0 19 15 0 0 0 0 0 2 0 0 0 0 0 0 0 1 0 0 0 0 0 2 0 0 0 0 6 0 0 0 0 0 0 0 0 0 0 0 0 0 0 0 8 13 11 0 35 0 12 13 0 25 19 0 19 1 0 27 11 0 37 0 0 0 0 0 0 0 0 0 0 0 0 0 2 11 0 0 0 0 31 0 0 17 0 0 0 0 0 0 0 1 0 0 0 0 0 0 0 0 0 0 0 0 15 0 0 0 0 0 0 0 0 0 0 0 18 0 2 8 0 0 1 0 0 0 0 0 0 0 0 0 0 0 0 0 0 0 0 0 0 0 0 0 0 0 0 0 0 0 0 0 
 3 3 3 3 5 3 3 3 3 3 3 3 3 3 3 3 4 3 3 3 134 348 0 263 69 36 92 230 208 45 544 79 206 120 92 512 43 135 37 353 0 1 0 2 3 1 1 0 0 0 0 3 3 0 0 3 0 0 0 67 3 0 0 3 0 0 1 0 0 0 0 0 0 0 7 0 0 0 0 1 0 0 0 0 0 0 0 0 0 0 0 0 0 1 0 0 0 0 0 0 0 2 24 22 20 22 0 0 15 21 0 19 0 0 0 35 11 13 0 6 0 0 4 0 0 0 0 0 0 0 0 0 7 0 0 0 0 0 0 0 0 2 22 0 0 0 0 0 0 0 0 0 0 0 0 0 0 0 0 15 0 0 0 0 0 4 0 1 0 0 0 0 0 0 0 2 0 3 0 0 13 1 32 0 0 0 12 6 0 33 0 0 8 8 20 0 19 18 0 0 1 0 0 0 0 27 12 0 0 19 0 0 0 9 0 12 0 0 10 0 7 0 0 0 0 0 0 0 0 0 0 0 0 0 0 0 0 0 29 0 0 0 0 0 0 0 0 0 0 0 0 0 0 0 3 0 0 0 4 0 14 1 0 0 0 0 0 0 0 0 0 0 0 0 0 0 0 0 0 11 0 11 0 0 0 4 0 0 0 0 
 0 0 8 2 0 0 0 5 0 6 0 0 0 0 0 0 6 71 0 0 273 81 263 0 102 58 100 259 185 223 90 89 225 414 156 130 261 184 69 275 73 2 0 1 3 2 66 0 0 0 0 3 3 25 0 3 0 0 69 0 2 0 0 3 0 0 2 0 0 0 0 0 0 0 2 0 0 0 54 0 0 0 0 1 0 0 0 0 0 0 0 0 0 0 0 0 0 0 0 0 0 6 20 23 20 0 27 0 18 18 6 31 0 9 13 6 13 33 0 0 0 16 17 0 0 0 0 0 0 0 0 0 7 24 0 0 1 0 15 26 0 2 0 0 0 1 0 0 0 0 0 0 0 2 0 0 0 0 0 1 1 0 0 21 0 0 0 4 0 0 0 0 0 0 0 11 0 0 0 0 9 3 84 6 9 14 2 8 0 23 0 29 28 19 26 2 46 23 0 0 0 12 12 0 2 0 1 0 0 0 0 0 0 0 0 0 0 0 0 12 0 0 0 0 0 0 0 0 0 2 0 0 0 0 0 0 0 0 0 0 0 0 0 0 0 0 0 0 0 0 0 0 0 0 7 5 0 1 0 2 12 1 0 0 0 0 0 0 0 0 0 0 0 0 0 0 0 0 0 0 0 0 0 0 0 0 0 0 0 0 
 0 0 0 1 0 76 0 2 0 3 2 0 0 0 1 0 5 0 0 0 44 300 69 102 0 143 87 71 180 127 83 136 89 55 99 164 84 268 69 81 60 1 23 0 3 1 63 31 0 0 0 3 3 29 33 69 64 3 124 20 0 0 3 4 0 0 2 0 0 0 0 0 0 0 0 0 0 0 0 0 0 0 0 0 0 0 0 0 0 0 0 0 0 0 0 0 0 0 0 0 0 3 40 1 0 0 0 0 2 11 25 1 0 0 0 18 0 0 1 0 0 0 0 0 0 0 50 0 0 2 0 0 16 1 0 31 35 7 26 41 0 0 2 0 0 0 0 0 0 0 0 0 0 0 0 0 0 0 0 0 4 0 0 0 0 0 1 0 0 0 0 0 2 0 0 0 0 14 0 0 9 18 15 22 20 9 0 0 0 30 0 8 0 0 0 17 9 1 0 0 21 24 26 0 0 0 13 0 25 1 0 0 19 0 0 0 0 16 9 43 0 0 0 0 0 0 2 0 0 0 0 0 0 0 0 0 0 0 0 0 0 0 1 0 0 0 0 0 0 0 0 0 0 0 22 0 2 8 2 0 6 0 0 0 0 0 1 0 0 0 0 0 0 0 0 0 0 0 0 0 0 0 0 0 0 13 0 0 0 0 
 0 0 0 0 0 0 0 0 0 2 0 0 0 0 0 2 1 0 0 0 42 95 36 58 143 0 30 132 49 62 69 223 58 62 68 262 304 59 37 55 68 1 29 0 3 1 64 70 0 0 2 3 18 1 4 66 63 1 193 19 6 3 1 3 2 0 2 0 3 0 0 3 1 0 0 5 0 0 0 0 0 0 0 0 0 0 0 0 0 0 0 0 0 0 0 0 0 0 2 25 0 7 7 17 16 14 1 0 0 11 8 1 0 0 0 17 0 9 0 0 0 22 0 1 0 0 41 12 0 0 29 0 19 26 0 66 6 0 21 24 0 0 0 0 0 0 0 0 0 0 0 0 0 0 0 0 7 0 0 0 0 0 0 0 0 0 0 2 0 0 0 0 0 0 0 0 0 0 0 0 10 19 15 0 9 8 0 0 0 21 1 7 0 0 0 14 9 9 0 2 20 12 13 0 0 0 0 0 11 24 19 0 50 0 29 0 10 18 11 26 0 0 0 0 0 0 0 0 0 0 0 0 0 0 0 20 0 0 0 0 0 0 1 0 0 0 0 0 0 0 0 2 0 0 5 1 5 0 5 2 9 0 0 0 0 0 11 0 0 0 0 0 0 2 0 0 0 0 0 0 0 0 0 0 0 0 1 0 0 0 
 3 1 2 1 95 3 4 1 75 78 38 75 1 1 1 1 28 54 1 2 177 420 92 100 87 30 0 326 29 57 93 30 346 161 50 153 46 62 407 57 0 62 2 3 5 1 2 0 47 0 0 3 6 0 0 3 0 0 0 0 0 0 0 3 0 0 1 0 0 0 0 0 0 0 0 0 0 0 0 0 0 0 0 2 14 26 0 0 0 0 10 0 0 0 10 0 10 0 0 0 14 28 0 0 5 4 43 0 33 1 0 0 12 1 0 26 0 1 12 29 0 0 0 0 0 0 0 0 0 0 0 0 0 0 0 0 0 0 14 0 0 0 0 1 0 2 0 0 0 0 0 0 0 1 0 5 0 16 0 0 1 0 0 2 9 0 0 0 0 6 0 10 0 0 0 0 0 0 19 0 38 0 17 9 0 0 39 20 21 0 0 15 19 39 0 8 22 0 28 11 0 0 0 0 1 0 0 0 0 0 0 0 0 0 0 0 0 0 0 0 0 0 0 0 0 0 0 0 0 1 0 0 0 0 0 0 0 0 0 0 0 0 0 0 0 0 25 0 0 0 0 0 0 0 5 2 2 0 2 0 2 2 0 0 0 0 0 0 0 0 0 0 0 0 0 13 0 15 0 0 0 0 0 0 0 0 0 0 0 0 
 3 3 3 3 20 79 3 3 3 3 5 183 6 3 3 4 109 3 3 3 301 94 230 259 71 132 326 0 137 121 189 117 274 243 148 144 128 107 66 138 0 1 0 2 3 6 1 0 1 2 0 3 3 0 0 3 9 0 0 67 0 0 0 3 0 0 0 0 0 0 0 0 0 0 1 0 0 0 0 0 0 0 0 0 0 8 0 0 0 0 14 0 0 0 0 0 0 0 0 0 13 19 29 31 9 19 7 79 43 11 0 31 1 21 54 8 13 10 0 9 0 0 0 0 0 0 0 0 2 31 0 9 1 0 2 0 0 0 29 0 0 5 0 0 0 0 0 0 10 0 0 2 0 0 0 0 0 0 0 0 0 0 0 0 0 4 0 10 0 1 0 17 0 0 0 0 0 8 0 2 19 37 10 23 0 0 11 12 31 8 27 0 19 20 24 10 47 31 1 26 1 0 0 0 0 0 33 0 9 0 0 0 0 33 0 0 7 0 15 0 0 0 0 0 0 0 0 0 0 0 0 0 0 0 0 0 2 12 1 0 0 0 0 0 0 0 0 0 0 0 0 0 0 0 5 0 4 1 76 0 1 0 0 0 0 0 0 0 0 0 50 0 0 0 0 0 0 0 0 18 0 0 0 0 0 0 16 0 0 0 
 0 0 0 0 7 26 0 0 0 0 2 75 0 0 2 1 3 0 0 0 116 79 208 185 180 49 29 137 0 177 118 183 177 172 341 300 188 43 157 158 0 1 0 2 3 1 1 0 3 3 0 2 4 0 0 3 0 0 3 78 50 0 2 5 0 0 2 0 3 0 0 0 0 0 8 0 0 0 0 0 0 0 0 0 0 11 26 0 0 0 0 0 0 0 0 0 0 0 1 0 31 14 12 76 0 1 14 40 24 50 28 0 37 1 10 12 66 13 0 0 0 0 0 0 0 0 5 0 0 0 2 0 0 0 0 0 0 0 13 2 0 0 4 0 0 0 0 0 0 0 0 0 0 0 0 0 0 0 0 0 4 0 0 0 1 0 0 1 2 0 0 0 0 37 0 0 0 11 0 0 33 48 30 9 0 0 19 46 45 8 27 0 0 29 21 20 23 22 0 9 0 0 2 0 0 0 20 0 1 0 0 0 2 0 0 0 0 0 1 0 0 0 0 0 0 0 0 0 0 0 2 0 0 0 0 0 1 0 0 0 0 1 0 0 0 0 0 0 0 0 0 0 0 0 1 0 2 76 152 0 1 19 0 0 0 0 0 0 0 0 0 0 0 0 0 0 0 0 0 11 0 12 0 0 0 0 0 0 0 0 
 0 0 0 0 0 0 0 0 0 0 2 0 0 0 0 1 1 0 0 0 81 54 45 223 127 62 57 121 177 0 218 147 273 390 138 256 399 119 81 75 269 2 0 0 3 0 66 0 67 0 0 6 4 10 0 3 0 0 128 60 0 0 1 3 50 0 1 0 0 0 0 0 0 0 0 29 0 0 0 0 0 0 0 0 0 0 0 0 0 0 0 0 0 0 0 0 0 0 0 0 0 43 10 7 18 0 0 25 3 11 63 59 0 14 26 13 1 64 0 10 0 22 11 0 0 2 14 41 0 0 0 0 13 11 0 12 1 0 20 11 0 0 0 0 0 0 0 0 0 0 0 0 0 0 0 0 0 0 0 0 2 0 0 0 0 0 0 0 0 0 0 0 0 0 0 0 0 14 0 0 3 0 0 36 22 30 0 1 2 24 0 35 0 21 11 0 18 78 0 0 19 14 16 0 0 0 3 10 0 0 0 0 27 15 15 0 11 13 1 26 0 0 0 0 0 0 0 0 0 0 0 0 0 2 0 0 0 1 0 0 0 0 1 0 0 0 0 0 0 0 0 0 0 0 11 0 0 3 1 4 5 0 0 0 0 0 14 0 0 0 0 0 0 0 0 0 0 0 0 0 0 1 0 0 0 0 0 0 0 0 
 4 2 2 2 80 4 2 2 2 2 2 3 2 2 2 2 2 2 2 2 255 29 544 90 83 69 93 189 118 218 0 127 42 192 66 478 252 33 148 60 0 2 0 0 3 2 1 62 0 0 0 3 3 0 0 3 0 0 64 17 0 0 1 3 0 0 1 2 0 0 0 0 0 0 27 0 1 0 0 0 0 0 0 0 2 0 0 0 0 0 0 0 0 0 1 0 0 0 12 0 0 55 12 12 31 8 0 5 15 26 36 24 0 9 13 20 17 22 0 9 0 0 0 0 0 0 0 22 0 0 0 0 1 0 1 0 0 0 20 25 0 0 0 0 0 0 0 0 0 0 0 0 0 0 9 0 0 0 0 0 1 0 0 0 0 27 0 10 0 0 0 0 0 0 0 0 0 28 0 0 14 17 33 11 11 8 0 0 24 39 11 34 0 13 16 0 40 52 0 0 31 0 22 0 0 0 3 2 0 0 0 0 10 29 0 0 9 8 25 0 0 0 2 0 0 0 0 0 0 0 0 0 0 0 0 0 0 0 0 0 0 0 12 0 0 0 0 0 0 0 0 0 0 0 12 0 2 6 2 0 2 2 0 0 0 0 12 0 0 0 0 0 0 0 0 0 0 0 0 1 0 0 0 0 0 9 0 0 0 0 
 0 1 0 0 0 0 3 0 0 0 3 0 0 0 0 79 1 0 0 0 66 342 79 89 136 223 30 117 183 147 127 0 68 42 106 28 104 166 49 107 63 1 2 0 3 1 70 0 0 0 0 3 3 63 0 5 0 0 68 116 0 0 4 3 0 0 1 0 0 0 0 0 0 0 0 33 0 0 0 0 0 0 0 0 0 1 0 0 0 0 0 0 0 0 0 0 0 0 0 0 0 29 39 3 24 20 0 12 17 20 33 0 9 0 0 31 11 9 0 0 0 14 1 0 0 1 0 0 0 0 0 0 29 14 0 0 3 0 32 11 0 5 0 0 0 0 0 0 0 0 0 0 0 0 0 0 0 0 0 13 3 0 0 0 0 0 0 1 0 0 0 0 0 0 0 0 0 11 0 0 26 27 0 0 0 37 0 21 17 68 29 10 0 0 0 18 9 10 0 0 11 24 38 0 0 0 28 0 0 0 0 0 11 9 0 4 0 10 12 23 0 0 0 0 0 0 0 0 0 1 5 0 0 1 0 0 0 0 0 0 0 0 11 0 0 0 0 0 0 0 0 0 0 0 0 2 0 6 39 0 4 0 0 0 0 0 1 0 0 0 0 0 0 0 0 0 2 0 0 0 0 1 0 0 0 0 0 0 0 0 
 3 98 91 78 82 79 3 3 225 153 7 4 3 3 3 97 76 4 3 3 366 52 206 225 89 58 346 274 177 273 42 68 0 89 80 30 115 105 165 272 0 0 0 1 3 3 2 0 0 0 0 3 3 0 0 3 2 0 0 0 0 0 0 3 0 0 1 0 0 0 0 0 0 0 2 9 0 0 0 0 0 0 0 20 15 15 0 0 5 0 8 24 0 0 0 0 25 0 0 0 10 3 12 7 0 4 0 7 63 24 9 18 15 18 2 1 13 2 23 75 0 0 7 0 0 0 0 0 0 0 0 0 4 0 0 0 0 0 2 0 0 0 0 0 0 0 0 0 0 0 0 0 0 1 0 13 0 4 0 0 0 0 12 15 27 21 0 9 18 20 64 20 2 0 0 5 14 49 0 0 8 10 13 0 0 0 2 0 4 0 0 0 54 6 29 1 11 0 6 23 0 0 0 0 0 0 0 0 0 0 0 0 0 0 0 0 0 0 19 0 0 0 0 0 1 0 1 0 0 1 0 0 0 0 0 0 0 0 0 0 0 0 0 0 0 0 0 0 0 0 13 0 0 0 0 0 0 0 2 2 22 0 0 0 0 0 0 0 0 0 0 0 0 0 0 0 0 0 0 0 0 0 0 0 0 0 0 0 0 0 
 0 0 0 0 81 74 1 0 0 0 94 75 0 3 0 0 149 0 0 0 287 43 120 414 55 62 161 243 172 390 192 42 89 0 92 120 244 97 107 180 0 1 0 1 3 1 2 0 0 0 0 3 3 0 62 3 0 6 0 0 0 0 0 3 0 0 0 0 0 0 0 9 0 0 6 0 0 0 3 0 0 0 0 0 0 0 0 0 0 0 9 0 0 2 1 0 0 0 0 0 0 70 23 6 29 26 0 3 41 4 0 15 1 10 48 35 13 1 2 27 0 0 0 0 0 19 0 0 0 0 0 0 0 9 0 0 0 0 31 0 0 4 0 0 0 0 0 0 0 2 0 0 0 0 0 0 0 0 0 0 0 0 0 1 1 0 0 0 0 0 0 2 0 0 0 1 0 2 0 8 0 2 15 10 0 0 29 0 0 20 0 9 22 0 9 0 36 8 0 0 0 0 0 0 0 0 12 0 0 0 0 0 0 10 1 0 1 0 0 0 2 0 0 0 0 0 0 0 0 0 0 0 0 0 1 0 0 0 0 0 0 0 0 0 0 0 0 0 0 75 0 0 0 0 11 1 0 0 0 1 2 2 0 0 0 0 0 0 0 0 0 0 0 0 0 0 0 2 0 0 0 0 0 0 0 0 0 0 0 0 
 73 0 0 1 1 0 2 0 0 0 3 0 0 0 0 0 3 0 0 0 288 379 92 156 99 68 50 148 341 138 66 106 80 92 0 181 55 465 223 393 206 0 0 1 3 3 1 0 0 0 0 3 9 0 30 3 0 0 30 0 0 0 1 3 0 0 1 0 0 0 0 0 0 0 3 0 0 0 4 0 0 0 0 0 0 0 0 0 0 0 0 0 0 0 0 0 0 0 0 0 0 4 1 0 0 21 0 2 2 28 11 20 9 0 0 10 21 11 0 0 0 0 0 0 0 0 0 0 0 0 0 0 1 0 0 0 0 0 7 0 0 0 1 0 0 0 0 0 0 0 0 0 0 0 0 0 0 0 0 0 0 0 0 0 0 0 1 10 0 0 0 0 3 0 0 5 1 18 0 0 10 45 2 0 0 0 0 7 10 2 21 0 0 6 11 1 3 10 0 0 0 0 6 0 0 0 7 0 0 0 0 0 0 0 0 0 0 1 20 0 0 0 0 0 0 0 0 0 2 0 0 0 0 0 0 0 0 0 0 0 0 0 0 0 0 0 0 0 0 0 0 0 0 0 19 2 0 0 78 3 26 0 0 0 0 0 0 0 0 0 0 0 0 0 0 0 0 0 0 0 0 14 0 0 0 0 14 0 0 0 
 2 40 2 2 2 2 2 2 2 2 4 2 2 2 2 53 3 2 2 2 412 51 512 130 164 262 153 144 300 256 478 28 30 120 181 0 274 108 109 74 0 1 0 1 3 1 2 0 2 0 0 22 3 0 0 3 0 0 91 64 0 0 0 3 0 0 0 0 0 0 0 1 0 0 0 0 0 0 0 0 0 0 2 0 0 12 1 0 0 0 0 0 2 0 0 0 2 0 0 0 9 9 52 1 31 41 12 0 12 1 12 30 0 0 20 42 17 1 11 3 0 0 0 0 0 0 8 14 0 0 0 0 1 0 0 0 0 1 30 10 0 5 0 0 0 0 0 0 0 0 0 0 0 0 0 0 0 0 0 0 0 0 0 0 0 0 2 0 0 0 0 0 0 0 0 0 0 4 0 0 0 6 14 0 0 0 0 0 21 8 10 8 24 8 0 0 24 41 0 0 9 2 0 0 0 0 15 0 0 0 0 0 6 11 11 1 0 0 20 8 0 0 0 0 0 0 11 0 0 0 0 0 0 0 0 0 0 0 0 0 0 0 0 0 0 0 0 0 0 0 0 0 80 0 12 0 1 0 76 0 3 0 0 0 0 0 0 0 0 0 0 0 0 0 0 0 0 0 0 0 0 18 0 0 0 0 8 0 0 0 
 0 0 0 0 39 0 0 5 0 6 2 75 0 0 0 2 3 0 0 0 122 53 43 261 84 304 46 128 188 399 252 104 115 244 55 274 0 161 239 49 0 1 0 1 3 1 1 0 0 0 0 6 3 207 0 3 0 0 89 30 0 0 1 3 0 0 1 0 0 0 0 0 0 0 0 0 0 0 0 0 0 0 0 0 0 12 0 0 0 9 0 0 0 0 0 0 0 10 2 1 12 4 41 45 19 32 10 15 1 2 24 33 0 4 28 31 0 23 0 0 18 11 0 0 0 1 7 9 0 0 7 0 1 0 0 11 0 0 12 1 0 3 0 0 23 0 0 0 0 0 0 0 0 0 0 0 0 0 0 15 6 0 0 0 0 0 0 2 0 0 0 0 0 0 0 0 0 10 0 0 17 19 1 62 1 0 0 5 19 36 15 29 0 2 1 14 12 72 0 4 33 0 1 0 0 0 58 11 0 0 0 0 14 21 0 0 11 0 13 12 0 0 0 0 0 0 0 0 0 0 0 0 0 1 0 0 0 0 0 0 0 0 2 0 0 0 0 0 0 0 0 0 0 0 10 0 2 1 1 0 2 0 0 0 0 0 0 0 0 0 0 0 0 0 0 0 2 0 0 11 0 0 0 0 0 0 14 0 0 0 
 4 0 0 0 0 0 0 0 0 207 0 0 0 0 0 4 1 0 0 0 37 70 135 184 268 59 62 107 43 119 33 166 105 97 465 108 161 0 32 84 0 1 3 2 19 2 1 0 0 0 0 18 70 1 0 3 0 0 0 96 0 0 0 3 0 0 0 0 0 0 0 0 0 0 1 0 0 0 0 0 0 0 0 0 0 0 0 0 0 25 0 0 0 0 0 0 0 0 2 0 0 0 20 32 33 22 1 1 13 22 17 37 0 0 0 10 9 11 0 0 0 0 0 0 0 0 0 3 0 0 2 19 9 0 0 13 0 0 0 1 0 4 0 0 0 0 0 0 0 0 0 0 0 0 0 0 0 0 0 0 0 5 17 0 0 0 0 9 0 0 0 0 0 0 0 7 0 12 0 0 1 28 6 0 19 12 0 0 22 25 26 14 18 5 27 0 9 10 0 2 10 2 0 0 0 0 13 28 0 0 0 0 15 22 44 5 21 0 41 0 0 0 0 0 0 0 0 0 0 0 0 0 0 0 0 0 0 0 0 0 0 0 0 0 0 0 0 0 0 0 0 1 0 0 7 0 1 39 1 0 21 3 0 0 0 0 0 0 0 0 0 0 0 0 0 0 0 0 0 0 0 2 0 0 0 0 15 0 0 0 
 77 3 66 2 75 23 1 25 149 79 77 4 2 82 66 3 160 87 2 1 80 131 37 69 69 37 407 66 157 81 148 49 165 107 223 109 239 32 0 182 0 0 0 1 3 0 2 0 1 1 0 2 3 0 64 3 0 0 0 23 0 0 0 3 0 0 2 5 0 4 0 0 0 4 3 0 0 0 0 0 0 0 1 11 11 20 0 0 0 1 0 10 0 0 0 0 36 0 0 0 0 0 1 1 0 0 0 0 0 4 0 0 84 0 19 0 12 0 12 30 0 0 0 0 0 0 0 0 0 0 0 0 0 0 0 0 0 0 0 0 0 0 0 0 0 0 0 0 0 0 0 0 0 0 0 0 0 9 0 0 0 0 10 12 27 18 0 0 10 0 7 0 0 0 0 11 0 0 0 6 12 0 1 0 0 0 19 33 18 0 23 0 12 34 1 9 0 0 40 0 0 0 0 1 0 0 0 0 0 0 0 0 0 12 0 0 0 0 0 0 0 0 0 0 0 0 0 0 0 0 0 0 0 0 0 0 0 0 0 0 0 0 0 0 0 0 0 0 62 74 10 0 0 0 8 0 0 0 8 24 77 0 0 0 0 0 0 0 0 0 0 0 0 0 0 0 0 0 0 0 0 11 0 0 0 0 0 0 0 0 
 0 0 78 42 94 0 0 0 1 27 83 0 2 0 1 76 2 0 0 0 62 40 353 275 81 55 57 138 158 75 60 107 272 180 393 74 49 84 182 0 0 61 0 2 3 1 1 0 22 2 0 3 3 3 1 3 0 0 0 0 6 0 0 25 0 0 0 0 0 0 0 0 0 0 9 0 0 0 1 0 0 0 0 0 15 0 0 0 11 0 0 0 0 0 0 0 1 0 0 0 19 0 0 22 0 1 24 8 28 61 23 8 37 19 12 24 26 45 9 1 2 0 0 0 0 0 0 0 0 0 0 0 0 0 0 0 0 0 0 0 0 0 0 0 0 0 0 0 0 0 9 0 0 9 0 3 0 1 0 0 0 0 0 0 7 0 0 2 0 0 22 26 0 0 0 10 0 3 0 0 1 45 29 0 0 0 50 18 10 0 18 0 3 17 47 0 20 0 0 0 0 0 0 0 0 0 0 0 0 0 2 0 0 0 0 0 0 0 10 0 0 0 0 9 0 0 0 0 0 0 0 0 0 0 0 0 0 0 0 0 0 0 0 0 0 0 0 0 0 0 0 0 0 0 13 0 1 1 77 4 16 0 0 0 0 0 0 0 0 0 0 0 0 0 0 0 0 13 0 0 0 21 0 0 0 0 0 0 0 0 
 3 3 3 3 3 3 6 3 3 3 7 3 3 3 3 3 3 3 3 3 0 0 0 73 60 68 0 0 0 269 0 63 0 0 206 0 0 0 0 0 0 145 146 61 282 75 354 129 295 258 124 26 80 340 190 99 313 124 84 278 0 2 0 0 0 0 30 0 0 3 0 0 0 1 0 2 0 0 0 0 0 0 0 0 0 0 0 0 0 0 0 0 0 0 0 6 0 0 0 0 0 0 0 0 0 0 0 0 0 0 0 0 0 0 0 0 0 0 0 0 14 0 15 20 12 23 9 0 8 56 24 14 21 8 19 55 10 3 0 0 0 0 0 0 0 0 1 0 0 0 0 5 9 0 0 0 4 0 10 1 0 0 0 0 11 0 0 0 0 0 0 0 0 0 0 0 0 0 8 0 0 0 0 0 1 0 0 0 0 19 0 0 0 0 0 0 0 0 0 0 1 12 16 10 5 29 0 13 19 57 0 4 0 23 6 19 28 44 0 11 8 0 0 0 0 0 0 0 0 0 0 0 0 4 0 0 0 0 0 1 0 0 0 0 0 0 1 0 0 0 0 1 0 1 0 0 0 0 1 0 0 0 2 0 0 9 3 4 2 0 0 0 0 0 0 0 0 0 0 0 0 0 0 0 0 0 0 0 0 0 
 0 0 0 0 33 1 0 2 0 3 65 0 0 0 0 0 2 64 0 0 2 0 1 2 1 1 62 1 1 2 2 1 0 1 0 1 1 1 0 61 145 0 130 50 87 33 121 59 159 310 252 42 72 72 331 36 165 79 45 56 0 70 0 0 0 0 5 0 0 0 0 5 0 0 1 10 0 2 1 0 0 0 0 0 0 0 0 0 0 0 7 0 0 0 0 0 0 0 0 0 0 0 0 0 0 0 19 0 19 0 0 0 0 0 0 0 0 1 3 0 28 1 0 31 0 8 0 7 13 30 9 20 9 0 31 16 0 0 0 0 0 0 1 0 0 5 0 12 0 0 0 0 21 0 0 10 0 0 19 0 0 0 0 0 6 0 0 0 0 9 0 6 0 19 0 0 0 2 0 0 0 0 16 0 0 0 22 0 0 0 0 0 0 0 0 19 0 0 0 21 0 31 42 19 20 21 0 2 9 10 0 0 0 7 11 21 25 11 0 0 22 0 0 0 0 0 0 0 0 0 0 8 1 0 0 0 0 0 0 0 0 0 0 0 0 0 63 0 0 0 0 14 0 0 0 0 0 2 0 0 0 0 1 0 69 4 6 8 0 0 0 0 0 0 0 7 0 15 0 0 0 0 0 0 0 15 0 5 0 0 
 0 4 63 0 0 0 0 0 0 63 3 1 103 0 0 0 2 0 0 0 0 0 0 0 23 29 2 0 0 0 0 2 0 0 0 0 0 3 0 0 146 130 0 106 49 200 132 76 229 165 122 108 101 69 31 346 56 163 98 40 4 3 0 0 0 4 0 0 3 0 0 0 0 0 3 0 3 1 10 64 0 0 0 0 0 0 0 0 0 0 0 0 1 0 0 0 12 0 0 0 0 0 0 0 0 0 0 0 0 0 0 0 0 0 0 0 0 0 0 0 0 11 70 1 17 46 31 1 0 11 0 9 43 10 1 24 32 0 7 11 0 0 0 0 3 0 9 7 0 3 0 7 0 2 0 0 0 0 17 0 0 0 0 0 0 0 4 0 3 5 0 8 0 0 0 0 0 2 0 0 0 7 0 0 0 0 0 0 0 0 0 6 0 0 0 0 0 0 0 0 1 19 47 18 0 10 0 1 28 0 15 24 0 0 16 0 0 9 0 34 0 0 0 0 0 0 0 0 0 13 0 0 0 16 19 0 0 0 29 10 0 10 0 0 0 0 0 0 0 0 0 18 0 0 0 0 0 0 0 1 0 0 55 0 0 2 2 0 0 0 10 0 0 0 0 0 0 0 0 0 0 0 1 0 7 23 0 0 0 0 
 64 0 1 2 2 2 2 1 2 0 4 0 0 1 0 2 0 0 1 0 0 2 2 1 0 0 3 2 2 0 0 0 1 1 1 1 1 2 1 2 61 50 106 0 97 137 93 163 108 443 83 103 68 86 119 113 182 276 489 90 0 0 4 0 5 4 53 0 0 2 1 3 64 0 0 0 0 0 21 0 0 0 0 0 0 0 0 0 0 0 0 0 0 0 0 0 0 0 0 0 0 0 0 0 0 0 0 0 0 0 0 0 0 0 0 0 0 0 0 0 0 0 14 15 0 0 0 0 0 0 0 0 0 0 0 9 0 12 0 0 18 20 0 2 0 0 0 13 0 18 0 0 0 11 15 0 0 0 0 0 0 0 0 9 0 0 0 0 0 5 0 0 0 0 0 0 0 1 0 0 0 0 0 0 0 0 0 0 0 0 0 0 0 0 0 0 0 0 0 1 0 27 0 0 23 0 0 8 10 0 7 11 0 0 0 0 12 0 0 0 3 0 0 1 1 9 0 1 0 0 0 0 14 0 0 0 0 0 7 0 0 0 0 0 0 0 0 0 0 0 0 4 0 0 0 0 0 0 0 21 0 0 2 46 8 18 0 0 0 2 0 0 0 0 0 0 0 18 0 0 0 0 0 0 12 0 0 0 0 0 
 3 3 3 3 3 3 3 5 3 5 4 3 4 3 3 3 9 3 3 3 3 3 3 3 3 3 5 3 3 3 3 3 3 3 3 3 3 19 3 3 282 87 49 97 0 309 255 70 152 547 223 131 98 289 90 83 365 267 281 332 53 3 28 7 8 0 49 5 1 1 1 0 77 5 18 0 4 9 72 51 0 0 0 0 0 0 0 0 0 0 0 0 0 0 0 0 0 0 0 0 0 0 0 0 0 0 0 3 0 0 0 0 0 0 0 0 0 0 0 0 0 0 0 0 0 20 0 0 14 0 0 27 0 0 1 0 0 13 0 0 40 14 49 23 0 6 14 11 9 18 7 0 15 39 3 26 0 18 13 0 0 38 0 0 0 0 1 0 0 0 0 1 0 0 0 0 0 1 0 0 0 0 0 0 0 0 0 0 0 0 0 0 0 0 0 0 0 0 0 0 0 0 0 0 62 0 0 0 0 0 15 20 0 0 0 0 2 0 0 0 36 10 10 19 0 1 11 15 24 9 23 0 51 7 39 7 21 30 21 25 0 0 0 0 0 0 0 0 0 0 0 11 0 0 0 0 0 0 1 0 0 21 5 0 6 2 5 0 5 0 39 0 0 0 11 7 0 0 0 0 0 0 0 0 0 0 0 13 0 0 
 3 3 3 3 3 2 3 2 2 3 3 3 2 3 2 3 5 3 67 3 2 3 1 2 1 1 1 6 1 0 2 1 3 1 3 1 1 2 0 1 75 33 200 137 309 0 45 28 64 135 73 46 39 63 51 286 285 68 64 66 2 0 0 0 10 0 4 0 0 53 0 2 0 1 2 21 53 3 52 67 1 0 0 0 9 0 8 36 0 0 0 0 0 19 0 7 0 7 21 0 0 0 0 0 0 0 14 0 0 0 0 0 0 0 0 0 0 0 0 0 0 0 0 0 0 0 2 0 0 0 0 0 0 0 0 0 0 0 0 0 19 8 23 43 6 0 0 9 13 13 0 15 0 1 39 19 0 35 0 0 0 0 8 1 0 0 1 0 0 0 0 0 0 0 10 0 0 7 0 0 0 0 0 0 0 22 0 0 0 0 0 0 1 0 0 0 0 0 0 0 0 0 0 0 11 0 0 0 0 0 0 1 0 0 0 0 0 0 0 0 11 3 1 26 0 0 24 11 22 8 0 0 11 0 0 8 0 0 11 1 0 0 0 0 0 0 0 0 2 0 0 17 0 2 0 0 1 2 0 0 0 0 0 0 1 0 0 0 0 0 0 0 0 0 0 0 3 0 0 0 0 0 0 0 0 0 0 0 4 0 
 1 2 2 0 0 0 0 1 0 2 2 2 0 0 2 0 7 2 0 0 2 0 1 66 63 64 2 1 1 66 1 70 2 2 1 2 1 1 2 1 354 121 132 93 255 45 0 334 30 59 249 42 343 159 36 26 65 103 52 114 0 46 0 0 3 0 0 0 0 0 0 0 0 0 0 0 0 0 0 0 0 0 0 0 0 0 0 0 0 0 0 0 1 0 0 0 0 0 0 0 0 0 0 17 0 0 0 2 0 2 0 0 0 0 0 0 0 0 0 0 8 0 10 0 0 0 10 5 0 10 12 10 33 0 12 1 11 0 0 15 0 0 0 0 0 0 0 0 0 0 0 0 0 0 0 0 0 0 0 0 0 0 0 0 0 0 0 0 1 0 0 0 0 0 0 0 0 2 0 0 0 0 0 0 0 4 0 0 0 0 0 0 0 8 0 0 0 0 0 0 27 9 22 11 0 10 0 0 10 0 0 0 0 6 0 23 10 22 1 15 0 0 0 0 0 0 0 0 0 0 4 0 0 0 0 0 0 0 0 0 0 0 0 0 0 0 0 0 0 35 0 14 0 1 64 0 0 1 0 2 0 0 0 0 0 1 2 0 0 0 0 0 0 0 0 0 0 0 0 0 0 0 0 0 0 0 0 0 0 0 
 0 70 0 0 0 0 0 0 0 0 1 1 0 0 0 0 4 0 0 0 0 0 0 0 31 70 0 0 0 0 62 0 0 0 0 0 0 0 0 0 129 59 76 163 70 28 334 0 195 36 34 101 116 144 77 208 103 37 89 52 51 0 5 0 5 0 0 0 0 0 0 3 0 58 2 0 0 0 0 0 0 0 0 0 0 0 0 0 0 0 0 0 0 0 0 0 0 0 0 0 0 0 0 0 0 0 0 0 0 0 7 0 0 0 0 0 0 0 0 0 0 0 10 6 8 0 18 2 0 11 30 0 20 10 0 29 0 0 2 26 0 0 0 0 0 6 0 7 0 0 0 0 0 0 5 0 4 0 12 0 0 0 0 18 0 0 0 0 0 4 0 17 0 0 0 0 0 2 0 0 0 0 0 2 17 22 0 0 0 14 0 8 0 0 14 0 18 0 0 0 15 0 14 0 21 0 2 21 35 34 16 17 15 0 4 24 10 9 19 3 0 0 0 0 0 0 0 0 0 0 0 9 0 0 0 15 0 0 0 0 0 0 0 0 0 0 0 0 0 0 0 7 0 2 0 0 0 29 2 11 0 0 0 69 0 1 3 0 2 0 0 0 0 0 0 0 0 0 0 0 0 0 0 0 0 24 0 0 0 0 
 0 0 0 0 0 0 2 0 0 0 0 6 0 0 0 0 7 0 0 0 0 0 0 0 0 0 47 1 3 67 0 0 0 0 0 2 0 0 1 22 295 159 229 108 152 64 30 195 0 218 117 39 224 92 259 185 330 89 87 72 0 4 0 0 0 6 4 0 0 8 0 53 51 2 1 0 0 0 0 7 0 0 0 0 0 8 0 0 0 0 0 0 0 0 0 0 0 0 0 0 0 8 0 0 0 0 7 6 0 0 1 0 0 0 1 0 0 0 9 0 1 0 11 24 11 9 11 10 10 0 10 11 0 16 11 11 13 21 14 1 11 0 0 0 0 0 0 54 0 0 0 4 2 10 13 0 1 0 24 0 0 0 0 0 0 0 1 0 0 3 0 5 0 0 0 0 0 1 0 0 0 0 0 7 0 0 1 1 4 0 1 0 0 2 0 0 0 0 0 0 0 0 0 0 17 0 0 14 1 0 10 19 0 10 2 0 24 60 0 1 6 0 0 0 0 0 0 0 0 0 0 0 16 0 0 0 0 0 0 0 0 0 0 0 0 0 0 0 0 0 0 6 0 1 0 0 0 0 3 10 0 0 2 1 39 2 0 0 1 0 0 0 0 0 0 0 0 0 0 0 0 0 0 0 0 1 0 10 0 0 
 3 3 3 3 3 3 3 3 3 5 3 3 3 3 3 3 5 3 3 3 0 0 0 0 0 0 0 2 3 0 0 0 0 0 0 0 0 0 1 2 258 310 165 443 547 135 59 36 218 0 105 400 275 296 129 309 113 60 311 326 0 0 0 0 9 0 50 0 0 0 6 4 4 26 0 0 0 0 0 1 0 0 0 13 1 0 0 0 0 0 0 0 0 0 0 0 0 0 0 0 0 0 0 0 0 0 0 0 0 0 0 0 0 0 0 0 0 0 0 0 0 1 0 12 30 16 0 14 11 10 11 36 0 0 15 0 0 0 0 0 0 0 0 3 0 15 0 8 0 0 0 0 0 12 1 0 0 0 19 9 0 0 0 0 0 0 6 0 0 0 0 6 0 0 0 0 0 2 0 0 0 0 0 0 0 0 0 0 0 0 0 0 0 0 0 0 0 0 0 0 7 0 1 15 13 5 0 11 16 1 8 25 1 0 17 18 0 0 0 0 0 0 10 1 0 12 0 0 0 16 0 0 22 24 0 37 0 0 18 0 0 0 15 0 0 0 0 0 0 0 0 14 0 0 0 0 0 0 0 11 0 0 2 0 2 5 5 0 2 0 0 0 0 0 0 0 0 0 0 0 0 0 0 0 0 15 0 11 0 0 
 3 2 3 2 1 2 2 2 1 3 0 0 2 1 1 1 9 3 1 3 0 0 0 0 0 2 0 0 0 0 0 0 0 0 0 0 0 0 0 0 124 252 122 83 223 73 249 34 117 105 0 103 62 258 276 168 333 125 253 277 50 1 7 0 0 4 89 4 0 1 0 0 52 5 0 0 5 4 35 16 0 0 0 0 0 0 0 0 0 0 0 0 0 0 0 0 0 0 0 0 0 0 0 0 0 0 0 0 0 0 0 0 0 0 0 0 0 0 0 0 17 6 9 0 12 21 8 2 0 0 0 13 0 19 15 0 0 6 0 0 18 12 7 1 13 0 23 0 4 4 0 0 23 8 0 1 0 15 2 9 0 0 0 0 0 0 2 0 0 0 0 0 0 0 0 0 0 2 0 0 0 0 0 0 0 0 0 0 0 18 0 0 0 0 0 0 0 0 0 0 0 0 0 9 0 16 0 9 11 0 36 23 0 3 0 0 3 0 0 0 0 6 10 0 0 10 9 12 1 15 8 0 44 32 16 1 15 7 16 62 0 0 0 0 0 1 0 0 0 0 0 4 0 0 0 0 0 0 2 2 0 13 64 0 0 3 4 0 2 0 18 0 0 0 0 1 0 0 0 0 0 0 0 0 20 1 0 0 0 0 
 0 0 0 0 0 0 0 0 1 0 0 0 0 0 0 0 0 0 0 0 3 3 3 3 3 3 3 3 2 6 3 3 3 3 3 22 6 18 2 3 26 42 108 103 131 46 42 101 39 400 103 0 51 36 109 92 305 185 32 30 52 0 0 1 0 0 113 0 0 0 4 0 51 57 0 0 0 0 23 48 0 0 0 0 0 0 0 0 0 0 25 0 0 0 0 0 0 0 0 0 0 0 0 3 3 0 0 0 0 0 0 12 0 0 0 0 0 0 0 0 0 6 11 7 30 56 4 22 1 11 15 8 0 1 10 6 0 0 0 0 1 67 0 3 6 13 21 0 0 5 0 0 10 18 0 1 0 0 1 3 0 0 0 0 7 0 14 0 0 0 0 0 0 0 0 0 0 2 0 0 0 0 0 0 0 7 0 0 0 0 0 3 0 0 0 0 0 4 0 0 9 3 0 32 26 4 0 18 15 16 0 19 12 0 21 14 5 0 0 0 0 0 17 1 0 10 0 0 15 11 0 0 21 27 53 3 9 0 14 24 0 0 0 0 0 0 0 0 0 0 0 4 0 0 0 0 0 0 0 13 0 0 65 4 0 4 2 0 0 0 19 0 0 0 0 0 0 0 0 0 0 0 0 0 18 0 0 1 0 8 
 0 0 0 0 0 0 0 0 0 0 0 0 0 0 0 0 2 0 0 15 3 64 3 3 3 18 6 3 4 4 3 3 3 3 9 3 3 70 3 3 80 72 101 68 98 39 343 116 224 275 62 51 0 86 143 270 235 331 123 121 0 3 4 26 0 3 0 0 2 4 10 0 4 0 0 0 0 7 0 0 0 0 0 0 0 0 0 0 0 0 0 0 0 0 0 0 0 0 0 0 0 0 0 14 0 14 0 0 0 11 11 1 0 0 0 0 1 2 0 17 0 29 4 9 7 0 9 1 21 0 18 3 0 58 4 18 17 22 17 22 0 4 0 0 0 0 0 0 2 0 7 5 18 1 0 1 5 11 0 0 0 0 0 0 0 5 0 0 0 0 0 0 0 0 7 0 0 0 0 0 0 0 0 0 8 33 0 0 0 7 24 0 0 0 0 0 0 0 0 0 0 0 0 1 0 0 0 10 8 5 2 0 1 12 0 0 9 16 0 2 0 0 0 0 0 14 0 7 0 1 0 0 5 0 0 0 0 0 0 0 0 0 0 0 0 0 0 0 0 0 0 28 0 2 0 0 0 62 2 0 0 0 0 0 0 0 2 0 0 0 2 0 0 0 0 5 0 0 0 0 0 0 0 0 0 9 0 0 0 0 
 0 0 0 0 0 63 0 0 0 0 2 0 0 0 0 0 4 0 0 0 0 0 0 25 29 1 0 0 0 10 0 63 0 0 0 0 207 1 0 3 340 72 69 86 289 63 159 144 92 296 258 36 86 0 155 247 116 42 175 168 7 4 6 0 0 0 0 0 0 0 0 13 0 0 0 8 0 2 0 0 0 0 0 0 0 0 0 0 0 0 0 0 0 9 0 0 0 0 0 0 0 0 0 11 0 0 0 0 0 10 18 0 0 0 0 0 0 0 0 0 9 10 33 27 0 0 0 22 0 0 0 0 35 10 0 8 6 0 1 24 0 0 0 0 0 9 0 6 0 0 0 0 0 0 19 0 0 0 0 0 0 0 0 5 0 0 0 0 0 6 11 0 0 0 0 0 0 1 0 0 0 0 0 5 3 32 0 0 0 19 0 15 0 0 0 0 0 0 0 0 18 82 26 0 15 0 2 11 7 0 0 0 0 0 0 8 0 7 0 14 0 0 0 0 0 0 0 0 0 0 0 29 0 0 0 0 0 0 0 0 0 0 0 0 0 0 0 0 0 0 0 8 0 0 0 0 0 38 0 12 0 0 1 35 0 31 1 0 1 0 0 0 0 0 0 0 0 0 0 0 0 0 0 0 0 10 0 0 0 0 
 0 0 0 0 0 0 60 0 0 0 0 0 3 0 0 0 2 0 0 0 0 1 0 0 33 4 0 0 0 0 0 0 0 62 30 0 0 0 64 1 190 331 31 119 90 51 36 77 259 129 276 109 143 155 0 149 60 104 77 109 6 5 26 4 0 1 0 1 4 6 5 0 4 0 1 0 0 9 0 0 0 0 0 0 0 0 0 0 0 0 0 0 0 0 0 0 0 0 0 0 0 0 0 0 1 0 0 0 0 0 7 0 0 0 0 0 0 0 0 0 0 9 10 24 9 1 0 3 22 23 25 13 20 0 13 0 0 24 1 17 1 0 0 0 0 0 3 8 8 0 11 4 8 2 6 0 0 7 10 0 0 0 0 4 0 0 0 0 0 4 0 2 0 0 0 0 0 2 0 0 20 0 0 1 5 10 0 0 0 14 0 7 0 0 0 0 0 0 0 0 18 0 24 14 10 19 3 21 10 0 10 10 4 10 6 8 0 22 0 2 0 1 0 0 1 7 0 12 0 0 3 0 0 0 0 0 0 9 9 0 0 0 0 0 0 0 0 0 0 0 0 8 0 2 0 0 0 29 2 14 0 0 2 67 2 2 1 0 0 0 4 0 0 0 0 11 0 0 0 0 0 0 0 0 1 13 0 22 0 0 
 0 0 0 0 0 0 0 1 0 0 67 0 0 0 0 0 2 0 0 0 3 3 3 3 69 66 3 3 3 3 3 5 3 3 3 3 3 3 3 3 99 36 346 113 83 286 26 208 185 309 168 92 270 247 149 0 317 228 56 64 2 0 0 0 0 3 53 0 3 0 7 0 0 56 2 0 0 1 1 54 0 10 0 0 0 0 0 0 0 0 7 0 0 0 0 0 0 0 0 0 0 0 0 0 0 0 0 0 0 0 0 0 0 0 0 0 0 0 0 0 0 0 0 37 29 1 10 0 1 10 1 1 5 0 0 8 13 0 0 0 0 0 0 0 9 0 2 8 1 4 0 0 1 2 10 0 0 0 29 6 0 0 0 0 0 6 1 0 0 2 0 4 0 0 8 0 1 0 0 0 0 9 0 0 0 0 0 0 0 0 0 0 0 0 0 0 0 0 0 0 0 0 1 28 0 8 0 0 27 29 12 10 8 0 11 7 0 18 0 1 11 0 1 0 0 3 0 0 0 0 0 0 15 26 0 1 0 0 16 1 0 0 38 0 0 0 0 0 0 0 0 9 0 2 0 0 0 0 2 9 0 0 1 1 0 0 2 1 1 0 0 0 0 13 0 0 0 0 0 0 0 0 2 0 0 0 0 0 0 0 
 0 0 0 0 0 0 0 38 0 3 2 0 0 0 0 0 2 0 0 0 0 2 0 0 64 63 0 9 0 0 0 0 2 0 0 0 0 0 0 0 313 165 56 182 365 285 65 103 330 113 333 305 235 116 60 317 0 309 296 269 0 0 0 0 0 0 13 0 0 0 0 0 26 0 0 21 0 0 62 0 0 0 0 0 0 0 0 0 0 0 0 0 0 0 0 0 0 0 0 0 0 0 0 0 0 0 0 0 0 0 0 5 0 0 0 0 0 0 0 0 15 8 16 1 0 7 4 0 9 13 13 0 0 0 14 22 19 20 0 15 22 0 0 0 0 0 0 4 0 0 0 0 9 5 0 0 5 1 15 0 0 0 0 17 0 14 0 0 0 0 0 0 0 0 0 0 0 1 0 0 0 0 0 0 19 0 0 0 0 0 0 0 0 0 0 0 0 0 0 0 0 57 8 10 37 21 0 12 0 22 47 12 42 0 37 0 27 9 2 11 14 0 0 0 0 0 0 0 0 0 0 0 19 0 0 0 0 0 0 1 0 0 0 0 0 0 0 0 0 0 0 13 0 0 0 0 0 0 0 0 0 0 1 77 63 23 2 63 0 0 0 0 0 0 0 0 0 0 0 0 0 0 0 0 8 13 0 0 0 0 
 0 0 1 3 0 0 0 3 0 4 2 0 1 0 0 0 2 0 0 0 0 0 0 0 3 1 0 0 0 0 0 0 0 6 0 0 0 0 0 0 124 79 163 276 267 68 103 37 89 60 125 185 331 42 104 228 309 0 49 44 4 0 0 0 0 4 50 0 2 1 2 2 0 52 3 0 0 1 1 18 0 0 0 0 0 0 0 0 0 0 0 0 0 0 0 0 8 0 0 0 0 0 0 0 0 0 6 0 0 0 0 0 0 3 0 0 0 0 0 0 10 0 18 3 6 12 2 10 0 31 23 34 16 21 12 24 9 1 14 0 0 1 0 0 3 0 9 0 0 7 0 1 0 0 1 0 0 0 3 0 0 0 0 0 0 0 0 13 0 0 0 0 0 0 0 0 0 2 0 0 0 19 0 1 1 0 0 9 0 0 0 0 0 0 0 0 0 0 0 0 9 1 9 29 0 25 1 19 58 25 0 11 2 65 18 19 21 9 0 1 4 0 0 0 0 10 1 0 1 0 12 0 9 18 1 3 1 0 0 11 0 0 0 0 0 0 0 0 0 0 0 9 0 1 0 4 0 0 1 0 0 1 63 0 2 8 3 2 0 0 7 0 0 0 0 0 0 0 0 0 0 0 7 0 14 0 0 9 0 0 
 0 0 0 0 2 0 3 0 0 0 3 0 0 0 0 0 1 0 0 0 0 0 0 69 124 193 0 0 3 128 64 68 0 0 30 91 89 0 0 0 84 45 98 489 281 64 52 89 87 311 253 32 123 175 77 56 296 49 0 443 0 0 1 0 3 0 3 2 0 0 0 2 0 2 57 0 1 0 0 0 0 0 0 0 0 0 0 0 0 0 0 0 0 0 0 0 0 0 0 0 0 0 0 2 10 28 0 0 1 0 1 3 0 0 0 23 14 9 0 0 2 4 12 0 0 0 29 26 1 0 10 3 10 10 0 11 10 0 0 24 0 0 6 0 0 0 0 0 0 8 0 0 0 0 2 0 3 0 8 0 2 0 0 0 0 0 0 0 0 0 0 0 0 0 36 0 0 3 0 0 0 18 0 0 1 1 0 0 8 6 14 0 0 0 0 0 1 18 0 0 1 5 9 0 0 0 0 0 0 6 4 0 53 22 24 0 10 10 22 23 0 2 0 0 0 0 2 0 6 0 2 0 6 0 2 6 4 2 0 0 0 0 0 0 0 0 0 0 0 0 0 8 0 2 0 0 0 0 2 0 0 0 1 0 0 5 0 0 0 0 0 0 0 0 0 0 0 0 0 0 0 0 0 0 0 0 14 0 0 0 
 0 0 0 0 0 0 0 0 0 0 2 2 0 0 0 0 8 0 0 0 0 30 67 0 20 19 0 67 78 60 17 116 0 0 0 64 30 96 23 0 278 56 40 90 332 66 114 52 72 326 277 30 121 168 109 64 269 44 443 0 0 0 1 0 0 0 0 0 0 0 0 0 0 0 0 0 2 0 0 0 0 0 0 0 0 0 0 0 0 0 0 0 0 0 0 0 0 0 0 0 0 5 8 16 7 0 0 1 1 0 40 10 0 0 0 4 10 17 0 0 7 0 0 0 0 0 58 10 0 0 0 1 4 0 13 0 0 0 3 0 0 0 0 0 0 0 0 0 0 0 0 0 0 0 0 0 0 0 0 0 3 0 0 0 0 0 2 0 0 0 0 0 0 0 0 0 0 13 0 0 2 1 0 0 24 20 0 0 0 46 16 7 0 0 0 0 0 11 0 0 41 24 1 0 0 0 0 0 0 0 0 0 36 12 20 10 0 7 21 14 0 0 0 0 0 0 0 0 0 0 0 0 0 0 0 0 0 0 0 15 0 0 0 0 0 0 0 0 0 0 0 10 0 0 0 5 0 32 1 0 0 0 2 0 0 2 14 0 0 1 0 0 0 0 0 0 0 0 0 0 0 9 0 0 0 0 1 0 0 0 
 3 38 3 3 3 3 3 3 3 5 2 2 3 3 35 3 3 3 2 3 0 0 3 2 0 6 0 0 50 0 0 0 0 0 0 0 0 0 0 6 0 0 4 0 53 2 0 51 0 0 50 52 0 7 6 2 0 4 0 0 0 98 317 50 311 55 275 171 37 76 86 140 91 108 106 51 77 39 101 224 0 0 0 0 0 0 0 0 0 0 0 0 0 0 0 0 16 0 0 0 0 0 0 0 0 0 0 0 4 0 1 0 0 0 0 0 0 0 8 0 0 0 0 2 0 0 0 0 0 0 0 8 0 0 0 0 0 0 0 0 4 0 0 30 0 0 9 0 8 13 20 0 7 11 10 13 0 0 0 0 0 0 0 0 0 0 0 0 0 0 0 0 0 0 0 0 0 0 0 0 0 0 13 0 0 0 0 0 0 0 0 0 0 0 0 0 6 0 0 0 0 0 0 9 0 0 0 0 11 0 0 0 0 0 0 0 0 0 0 0 22 0 63 10 7 10 1 16 1 17 21 0 12 21 8 23 5 51 0 15 0 0 0 0 0 0 0 0 0 0 0 0 0 1 0 0 0 0 0 0 0 0 0 0 0 0 0 0 0 0 16 0 0 2 0 4 0 0 0 0 0 0 6 0 0 0 0 0 0 0 
