 0 391 265 39 249 33 134 227 225 336 19 123 155 66 143 203 44 351 69 136 0 0 3 0 1 0 0 0 2 0 0 0 0 0 0 0 2 0 0 0 0 0 0 0 0 1 2 0 2 0 0 0 0 0 0 0 0 3 2 0 0 0 0 0 0 0 0 0 0 0 3 2 0 30 0 0 0 0 0 3 37 37 0 10 11 0 7 0 2 10 0 1 29 20 34 58 25 13 23 0 0 0 0 0 0 0 0 0 0 0 0 0 0 0 0 0 0 0 0 0 0 7 0 1 0 0 0 0 0 0 2 0 12 0 0 2 0 0 0 0 0 0 0 9 0 0 0 0 0 0 0 0 0 2 2 0 0 0 0 0 0 38 15 0 0 16 6 18 14 49 28 9 0 10 9 1 0 10 19 0 0 0 30 0 0 0 0 0 2 0 0 2 1 0 1 0 0 0 0 0 0 0 0 0 0 0 0 1 0 0 20 0 0 0 0 0 0 0 0 0 0 0 0 0 0 0 0 0 0 0 2 0 0 0 0 0 0 0 0 0 0 14 0 0 0 0 2 1 0 0 1 3 0 0 0 0 0 0 0 0 0 0 14 0 0 0 0 0 0 0 0 0 0 0 0 0 11 0 0 0 0 0 0 0 0 0 0 0 0 0 
 391 0 96 51 122 38 174 292 72 45 106 16 244 243 45 239 122 33 125 153 1 2 3 2 0 0 0 0 0 0 0 2 0 0 0 0 2 73 2 75 0 7 0 0 0 0 2 0 2 58 0 68 0 0 0 0 5 4 10 0 0 0 0 0 0 0 0 0 0 0 3 2 0 0 0 0 0 0 0 3 0 66 18 13 0 0 16 40 89 35 39 30 28 0 9 9 36 1 15 1 58 0 0 0 0 1 8 0 0 0 0 0 0 0 0 0 0 0 0 0 0 0 0 0 7 0 0 0 0 0 0 0 0 0 0 0 0 0 10 1 0 0 2 0 0 4 0 0 0 0 0 0 0 0 0 0 0 0 0 0 0 11 7 1 3 16 16 17 22 0 0 0 9 2 20 23 22 0 2 0 0 0 0 0 0 0 0 0 0 0 0 0 0 0 11 0 0 0 9 41 0 0 0 0 0 0 0 0 0 0 0 0 0 0 0 0 0 0 0 0 0 0 0 0 0 0 0 0 0 0 0 0 0 0 0 0 0 0 0 0 0 0 0 0 0 2 0 2 23 7 19 4 0 0 0 0 0 0 0 0 0 0 0 0 0 0 0 0 0 0 0 0 0 0 0 0 0 0 0 0 0 0 0 0 12 0 0 0 0 0 
 265 96 0 227 48 253 167 102 465 78 135 34 119 174 449 145 138 128 129 53 1 76 5 2 4 1 77 2 2 3 2 1 4 2 1 74 4 1 0 1 0 4 2 1 0 1 5 2 2 1 2 1 0 1 1 2 0 5 2 2 2 88 0 0 2 1 2 0 0 2 5 4 0 2 0 53 3 2 0 4 0 11 20 17 14 0 0 0 13 0 0 0 13 0 30 0 13 16 0 0 0 1 0 0 0 0 0 0 0 0 0 15 0 0 0 0 0 0 0 0 0 0 0 0 0 0 2 0 0 0 0 0 0 0 0 0 0 0 0 0 0 0 0 0 0 18 0 0 0 0 0 0 0 0 0 0 0 2 0 1 0 10 15 0 0 2 24 17 1 27 7 8 0 0 15 0 0 0 0 0 0 0 0 10 0 0 0 0 5 0 2 0 0 0 0 0 0 0 1 0 0 0 0 0 0 0 0 0 0 0 0 0 0 0 0 0 0 0 0 0 0 0 0 0 0 0 0 0 0 0 0 0 0 0 0 0 0 0 0 0 0 16 0 0 0 2 0 0 1 0 1 4 0 0 0 0 0 1 0 0 0 0 1 0 2 0 0 0 0 0 0 0 0 0 0 0 0 2 0 0 0 0 0 0 0 0 0 0 0 0 
 39 51 227 0 89 254 78 175 607 107 76 171 98 87 160 115 84 132 72 47 2 0 3 7 0 0 159 2 0 0 2 0 73 2 0 1 2 0 78 60 0 8 0 0 0 0 2 2 4 0 0 0 0 1 0 0 0 3 2 0 0 0 0 0 0 0 7 0 0 5 3 2 0 0 0 0 0 0 0 2 10 25 31 18 10 26 0 9 0 22 0 16 0 33 37 0 29 15 0 0 1 0 1 0 0 0 0 17 16 14 0 0 13 24 2 0 0 0 1 10 0 0 0 0 0 0 0 0 0 0 0 0 0 0 0 0 0 0 0 0 0 0 0 0 0 0 0 0 0 0 0 0 0 0 0 1 0 12 1 0 0 3 15 1 37 23 16 0 18 1 7 32 0 0 0 0 0 12 0 0 26 14 0 0 0 0 2 16 17 10 0 0 7 0 0 19 0 0 16 0 2 0 0 0 0 0 0 0 0 0 0 58 0 0 0 0 0 0 0 0 0 0 0 0 0 0 0 0 0 0 10 0 0 0 0 0 0 0 0 0 0 1 0 0 0 0 0 0 0 3 0 0 0 0 0 0 0 0 0 0 0 0 14 0 0 0 0 0 0 0 0 0 0 0 0 2 0 20 0 0 0 0 0 0 0 0 0 0 0 0 
 249 122 48 89 0 187 49 75 119 630 161 263 96 67 89 153 321 446 90 62 93 79 3 2 0 0 0 81 0 0 4 0 0 75 75 1 2 0 73 91 0 1 3 3 3 0 2 2 4 0 5 0 2 5 0 3 0 6 2 0 0 4 0 0 3 0 1 0 0 0 2 2 0 0 0 0 30 0 0 3 0 13 1 30 10 26 0 43 28 6 51 17 0 0 0 0 0 27 0 0 63 0 0 0 1 0 32 2 11 0 0 0 0 18 21 8 1 0 17 27 0 0 0 0 3 0 0 0 0 22 0 0 0 0 0 0 0 0 0 0 0 0 0 0 0 0 22 12 0 0 0 7 0 0 0 0 2 0 0 0 0 0 7 10 22 29 10 14 5 11 2 17 0 0 10 10 6 0 0 0 51 0 15 0 0 0 31 0 0 0 0 0 0 12 10 0 0 0 17 44 0 1 0 0 0 0 0 28 0 11 0 0 1 0 1 0 0 0 0 0 0 0 17 0 0 0 0 0 0 0 0 0 0 0 0 0 0 0 0 0 0 0 1 0 0 0 96 0 89 4 3 3 0 0 0 0 0 0 0 0 0 0 0 0 0 0 0 0 0 0 0 0 0 0 0 14 7 0 0 0 0 0 0 0 0 0 0 0 0 0 
 33 38 253 254 187 0 130 243 249 53 71 313 65 65 259 76 152 130 63 54 153 151 3 74 0 0 133 94 0 0 0 0 39 72 243 180 171 22 173 110 0 0 0 0 0 0 2 0 2 0 0 0 0 2 0 0 0 3 2 0 0 0 0 0 0 0 0 0 0 6 3 2 49 0 0 0 0 33 0 3 0 9 0 0 12 27 0 0 0 1 1 1 0 0 2 1 0 12 0 0 6 32 17 2 0 0 9 35 0 24 15 1 22 27 0 0 32 0 0 24 0 0 0 0 1 0 0 0 0 0 0 2 0 0 0 0 0 2 0 0 0 0 0 2 0 0 0 0 0 4 0 0 3 0 0 0 0 0 0 0 0 0 0 8 5 0 0 0 0 0 0 7 4 0 1 13 5 0 0 3 28 11 0 7 7 0 13 20 54 24 0 0 6 0 11 0 20 1 20 23 19 0 0 0 0 0 11 0 0 0 0 0 0 0 0 0 0 0 0 0 0 0 0 0 0 0 0 1 0 0 0 0 0 0 0 0 0 0 0 0 0 0 10 0 0 4 0 0 49 7 0 0 4 0 0 0 0 0 0 0 0 0 0 0 0 0 0 0 0 0 0 0 0 0 0 0 13 0 0 0 0 20 0 0 0 0 11 0 0 0 
 134 174 167 78 49 130 0 315 351 34 245 44 208 154 236 457 353 141 127 205 0 0 4 0 0 0 0 2 0 1 0 0 0 0 0 3 2 0 0 0 0 0 0 0 0 0 2 0 2 0 64 2 22 1 0 0 0 4 65 0 0 28 0 0 0 0 0 0 0 0 1 2 0 0 0 0 0 0 0 9 3 0 3 0 0 0 41 0 17 46 0 23 15 0 65 25 14 18 3 21 1 0 0 0 0 0 0 0 0 0 0 0 0 0 2 0 0 0 0 0 0 0 0 0 0 14 0 0 0 1 0 0 0 0 10 0 0 0 0 0 0 0 0 0 0 2 0 0 0 0 0 0 0 0 11 0 0 2 1 0 19 0 6 1 0 0 7 27 14 1 14 0 72 8 33 37 3 3 0 0 0 2 0 0 0 0 0 1 13 0 0 0 0 0 0 0 0 0 0 0 2 0 0 0 0 0 0 0 0 0 0 0 0 0 0 0 0 0 0 0 0 0 0 0 0 12 0 0 0 0 0 0 0 0 0 0 0 0 0 0 0 0 0 0 0 1 0 2 1 0 3 5 11 0 1 0 0 0 0 0 0 0 0 0 0 0 0 0 0 0 0 0 0 0 0 0 21 0 0 0 0 0 0 0 0 0 0 0 0 0 
 227 292 102 175 75 243 315 0 65 113 40 109 585 463 338 103 112 314 309 347 0 0 3 0 1 0 0 0 0 0 0 0 0 0 1 0 2 0 0 0 0 0 0 0 0 0 2 0 2 0 44 0 0 1 0 0 0 3 2 0 0 0 0 0 3 0 0 0 0 0 2 2 0 0 0 0 0 0 0 3 37 25 0 41 8 15 10 53 18 29 23 7 13 14 1 27 25 1 13 0 2 0 0 0 0 0 0 0 0 0 2 0 0 0 0 0 0 0 0 11 0 0 1 0 0 0 0 0 0 26 0 0 0 0 2 0 0 0 0 0 0 0 0 2 0 0 0 0 0 0 0 0 0 0 0 0 0 0 0 0 0 16 14 11 0 42 9 19 25 50 16 0 0 2 23 0 7 15 0 10 0 0 0 0 0 0 0 2 0 0 0 0 0 0 0 0 0 0 0 0 0 0 0 0 0 0 0 0 0 6 1 2 0 0 0 0 0 0 0 0 0 0 0 0 0 0 0 0 0 1 0 0 0 0 0 0 0 0 0 0 0 17 0 0 0 0 2 0 2 3 2 0 0 0 0 0 0 0 0 0 0 0 17 0 0 0 0 0 0 0 0 0 0 0 0 11 2 0 0 0 0 0 0 0 0 12 0 0 0 0 
 225 72 465 607 119 249 351 65 0 311 355 124 179 210 106 148 343 239 468 136 0 0 3 0 0 0 0 0 0 0 0 0 62 2 0 0 2 0 2 2 0 6 0 0 0 0 2 0 2 0 0 0 0 1 0 0 0 3 2 0 0 0 0 0 0 0 0 0 0 42 2 2 0 5 0 0 0 0 0 7 12 1 32 15 0 0 18 0 13 0 0 29 23 1 19 0 21 17 9 1 0 0 0 0 0 0 1 0 0 0 0 0 17 0 1 1 0 0 3 0 0 0 0 0 0 0 0 0 11 0 0 0 0 0 0 0 0 0 0 18 0 0 0 0 0 0 0 0 0 0 0 0 0 0 0 0 0 0 0 0 1 0 44 14 17 24 0 36 12 37 75 0 21 10 43 60 13 41 0 0 9 0 0 0 0 0 1 0 0 0 0 0 10 0 0 18 0 0 0 0 0 0 0 0 1 2 0 0 0 0 0 0 0 2 0 0 0 2 0 0 0 0 2 0 0 0 0 0 0 0 0 0 0 0 0 0 0 0 0 0 0 17 0 0 1 0 4 0 4 2 16 7 5 0 0 0 0 0 2 0 0 0 0 0 0 0 0 0 0 0 0 0 0 0 0 3 21 11 0 0 0 0 0 0 0 0 0 0 0 0 
 336 45 78 107 630 53 34 113 311 0 188 60 79 75 292 217 157 120 190 79 74 0 3 0 0 3 68 3 0 0 0 0 0 21 82 3 5 82 230 74 0 0 0 2 2 0 2 3 2 0 78 0 0 2 0 0 0 7 4 0 51 0 0 0 2 0 1 28 0 0 3 2 0 0 0 0 0 0 0 2 16 11 14 13 25 20 0 21 9 10 11 31 9 0 0 19 0 11 19 0 19 0 0 0 0 0 14 20 0 0 0 0 0 14 0 0 0 0 12 20 0 0 0 0 0 0 0 0 0 0 0 0 0 18 0 0 0 0 0 0 0 0 0 5 0 0 0 0 0 0 0 0 0 0 0 0 0 0 0 0 0 0 0 37 0 15 5 0 0 0 30 0 17 0 0 11 11 0 0 11 10 7 0 0 0 0 9 0 0 0 0 0 0 0 12 0 0 0 21 20 18 0 0 0 0 0 0 0 0 0 0 0 0 12 0 0 0 0 0 0 0 0 0 0 0 0 0 0 0 0 0 0 0 14 0 0 0 0 0 0 0 0 0 0 0 0 4 0 54 98 0 0 0 0 0 0 0 0 0 0 0 0 0 0 0 0 0 0 0 0 0 0 0 0 0 0 8 0 0 0 0 0 0 0 0 0 0 0 0 0 
 19 106 135 76 161 71 245 40 355 188 0 152 28 26 159 173 756 164 160 118 1 0 3 0 1 2 80 0 0 0 2 2 138 5 0 0 2 0 74 137 0 0 0 2 0 0 2 0 2 0 0 0 0 2 0 0 0 3 6 0 0 0 0 0 1 0 0 0 0 0 2 2 0 0 0 0 0 0 0 3 23 0 43 0 49 1 19 17 17 18 10 21 0 0 20 14 0 15 0 11 20 0 0 2 0 0 17 4 9 0 0 1 31 10 3 1 0 0 5 10 0 0 0 0 34 0 0 0 0 1 0 3 0 19 0 0 0 2 0 0 0 0 0 2 0 1 0 0 0 0 0 0 0 0 0 0 0 0 0 0 57 0 15 26 29 20 4 4 13 21 0 0 10 0 18 17 5 72 0 0 1 0 0 0 0 0 1 16 0 0 0 0 27 0 10 20 0 0 0 18 0 0 0 0 0 0 0 0 0 0 0 0 0 0 0 0 0 0 0 0 0 0 0 0 0 0 0 1 0 0 0 0 0 0 0 0 0 0 0 0 0 0 0 0 0 5 86 0 0 5 0 0 14 1 0 0 0 0 0 0 0 0 0 0 0 0 0 0 0 0 0 0 0 0 0 4 0 10 0 0 0 0 0 0 0 0 0 0 0 0 
 123 16 34 171 263 313 44 109 124 60 152 0 40 137 514 90 175 89 330 31 73 0 3 0 2 0 99 70 0 0 1 1 73 0 103 0 2 0 80 20 0 0 0 0 0 6 2 0 2 0 0 0 0 2 0 0 0 3 2 0 0 0 0 0 0 0 0 0 0 0 1 2 0 0 0 0 0 0 0 3 24 27 0 0 7 13 14 10 0 15 0 44 0 10 19 7 20 16 0 9 0 23 0 2 0 0 0 45 7 0 0 0 30 8 5 0 0 0 0 23 0 0 0 38 0 0 0 0 0 1 0 0 0 2 0 0 0 0 0 0 0 0 0 0 0 1 0 0 0 0 0 0 0 0 0 0 0 18 0 0 14 10 0 10 11 13 13 1 27 0 0 9 9 0 18 0 9 28 0 9 12 8 0 12 0 29 0 14 0 0 1 0 0 0 0 35 8 0 9 0 18 0 0 0 0 0 9 0 0 0 0 0 0 0 0 0 0 0 0 0 0 0 0 0 0 0 0 0 0 0 0 0 0 0 0 0 0 0 0 0 0 0 0 0 0 1 2 0 7 2 0 4 7 2 0 0 0 0 0 0 0 0 14 0 0 0 0 0 0 0 0 0 0 0 0 0 0 0 0 0 0 0 0 0 0 0 0 0 0 0 
 155 244 119 98 96 65 208 585 179 79 28 40 0 756 251 74 24 334 401 44 0 3 14 5 11 0 2 0 1 0 0 0 0 1 2 0 2 59 0 5 0 3 0 0 0 0 2 2 2 61 0 29 2 0 0 0 0 3 2 0 0 0 0 0 0 0 0 0 3 0 3 2 0 0 0 4 0 0 0 5 0 0 0 0 0 0 14 0 21 0 0 0 34 10 0 10 0 12 0 8 0 0 0 0 0 21 0 0 10 0 0 0 0 0 0 0 0 0 0 0 0 0 0 0 0 0 0 29 0 0 0 0 0 0 0 0 0 0 1 0 0 0 1 0 0 7 0 0 0 0 0 0 0 0 0 0 0 0 0 0 0 0 13 0 0 0 0 22 16 43 2 0 14 23 42 1 0 0 2 14 0 0 0 0 0 14 0 0 0 0 0 0 0 0 0 0 0 0 0 0 0 0 0 0 0 0 0 20 0 0 0 0 0 17 0 0 0 0 0 0 0 0 0 0 0 0 0 0 0 4 0 0 0 0 0 0 0 0 0 0 0 13 0 0 0 0 2 0 27 2 1 2 2 0 0 0 2 0 0 0 0 0 1 0 0 0 0 0 0 0 0 0 0 0 0 0 0 0 0 0 0 0 0 0 0 0 0 0 0 0 
 66 243 174 87 67 65 154 463 210 75 26 137 756 0 187 128 24 129 403 316 0 0 3 0 0 0 0 0 0 0 0 0 0 0 0 0 2 2 0 0 0 0 0 0 0 0 2 0 2 74 0 0 0 1 0 0 0 3 2 0 0 0 0 0 0 0 0 0 50 0 1 2 1 0 0 0 0 0 0 3 8 26 0 0 2 0 32 0 14 10 2 1 1 10 0 30 12 10 17 14 0 0 0 0 0 0 0 0 0 0 0 0 0 0 0 0 0 0 0 0 0 0 0 0 0 0 2 0 0 0 0 0 0 0 0 0 0 0 0 0 0 0 0 0 0 4 0 0 0 34 0 0 0 0 0 0 0 13 0 1 0 58 11 0 0 14 0 31 14 10 10 0 9 10 22 0 0 0 12 0 0 0 0 0 0 0 0 0 0 0 2 0 0 0 0 0 0 0 0 0 0 0 0 0 0 0 0 0 0 0 0 0 0 0 0 0 0 0 0 0 0 0 0 0 0 0 0 0 0 0 0 0 0 0 0 0 0 0 14 0 0 12 0 0 0 3 0 0 0 2 1 0 0 0 0 0 0 0 0 0 0 0 14 0 0 0 0 0 0 0 0 0 0 0 0 0 1 19 0 0 0 0 0 0 0 0 0 0 0 0 
 143 45 449 160 89 259 236 338 106 292 159 514 251 187 0 391 234 92 396 277 0 0 5 1 2 0 52 2 0 1 0 0 0 0 0 0 2 75 82 0 1 0 0 0 0 0 2 0 2 0 2 0 0 2 0 0 0 3 4 0 0 0 0 0 0 0 0 0 0 0 1 2 0 0 0 0 0 0 0 7 36 38 10 29 12 15 24 18 0 1 1 26 28 11 22 27 12 0 25 2 1 0 0 0 0 0 0 0 0 0 0 0 0 0 0 0 0 1 0 0 0 0 0 0 0 0 1 8 0 0 0 0 0 25 0 6 0 0 0 0 0 0 0 4 1 0 0 0 0 0 0 0 0 0 0 2 0 0 0 0 15 20 10 27 0 0 12 1 30 0 18 13 1 1 19 4 15 41 0 19 0 0 0 0 16 0 0 0 0 0 0 0 0 0 0 0 0 0 2 0 0 0 0 0 0 0 0 0 0 0 0 0 0 0 0 0 0 0 1 0 0 0 0 0 0 0 0 0 0 0 0 0 0 9 0 0 17 0 0 0 0 0 0 0 0 1 1 0 0 2 0 2 4 0 0 0 0 0 0 0 0 0 0 0 0 0 0 0 0 0 0 0 0 18 0 0 15 0 0 0 0 0 0 0 0 0 0 0 0 0 
 203 239 145 115 153 76 457 103 148 217 173 90 74 128 391 0 229 210 129 30 0 0 3 0 0 0 0 0 0 0 0 0 0 0 0 0 2 0 75 19 0 104 0 0 0 0 2 0 2 0 0 0 0 1 0 0 0 3 2 0 2 2 0 0 0 0 0 0 0 0 2 30 2 0 0 0 0 0 0 3 1 12 11 11 0 11 0 7 48 19 19 30 24 0 18 0 29 0 0 0 0 0 0 0 0 0 15 12 0 1 0 8 0 23 0 0 0 0 10 11 0 0 0 0 10 0 0 0 0 0 0 0 0 0 0 0 0 0 0 0 0 0 0 0 0 0 0 0 0 0 0 0 0 0 0 0 0 49 0 0 0 9 34 0 0 43 23 8 0 16 30 5 0 0 41 0 8 0 0 0 0 28 0 0 0 0 36 0 0 0 0 0 1 0 18 0 0 0 55 32 1 0 0 0 0 0 0 0 0 0 0 0 0 0 0 0 0 0 0 0 0 0 0 0 0 0 0 0 0 0 0 0 0 0 0 0 0 0 0 0 0 16 0 0 0 3 0 0 2 107 8 5 0 0 0 0 0 0 0 0 0 0 0 0 0 0 0 0 0 0 0 0 0 0 0 0 0 0 0 0 0 0 0 0 0 0 0 0 0 0 
 44 122 138 84 321 152 353 112 343 157 756 175 24 24 234 229 0 62 55 120 16 0 3 0 0 0 0 2 63 0 0 0 0 72 0 4 2 0 0 0 0 0 0 6 0 0 2 0 2 0 0 0 0 2 0 0 0 6 8 0 0 0 0 2 1 0 0 0 0 49 3 2 0 0 0 0 0 0 0 3 0 7 17 55 107 0 0 10 25 7 7 14 14 0 20 13 0 3 0 0 14 4 0 0 0 0 7 0 0 0 0 0 11 1 12 0 0 0 31 32 0 0 0 0 19 0 0 0 0 14 4 0 0 0 0 0 0 0 0 0 2 0 0 0 1 0 4 1 0 0 1 0 3 5 0 0 0 3 1 36 0 12 17 0 27 9 11 17 4 10 33 29 11 11 0 0 0 0 0 0 0 0 11 0 0 0 15 0 2 0 0 0 15 2 1 0 0 13 16 29 0 0 0 0 0 0 0 0 0 0 0 0 0 0 0 0 0 0 0 0 0 0 0 0 0 0 0 0 0 0 2 0 0 0 0 0 0 0 0 1 0 0 0 0 0 1 89 0 0 91 1 4 0 0 0 0 0 0 0 0 1 0 0 1 0 0 0 0 0 0 0 0 0 0 0 1 0 9 0 0 0 0 0 0 0 0 0 0 0 0 
 351 33 128 132 446 130 141 314 239 120 164 89 334 129 92 210 62 0 61 52 0 0 5 0 0 0 0 0 0 2 1 0 81 80 0 88 2 0 28 0 0 0 0 0 0 0 2 0 4 0 0 2 0 1 0 0 0 3 2 60 0 0 0 0 1 0 0 0 0 0 2 2 31 0 0 0 0 0 0 3 45 19 6 16 15 34 5 0 11 10 0 20 0 10 7 9 0 15 11 0 23 2 0 0 2 0 0 1 0 0 0 0 15 1 21 0 0 0 22 10 1 0 0 2 0 1 0 0 0 0 0 0 0 0 0 0 0 0 0 0 0 0 0 0 0 0 24 0 0 0 0 0 0 0 0 0 0 0 0 0 0 0 15 8 16 42 0 24 1 39 59 0 0 0 9 49 0 18 0 0 0 0 0 0 0 0 36 0 0 0 0 0 7 0 0 0 0 0 1 24 0 0 0 0 0 29 0 0 0 0 0 22 2 0 0 0 0 0 0 0 0 0 0 0 0 0 0 0 0 0 0 0 0 0 0 0 0 0 0 0 0 14 0 0 0 5 93 0 45 85 0 0 0 0 0 0 0 0 0 0 0 0 14 0 0 0 0 0 0 0 0 0 0 0 0 11 41 0 0 0 0 0 0 0 0 0 0 0 0 0 
 69 125 129 72 90 63 127 309 468 190 160 330 401 403 396 129 55 61 0 307 1 0 3 0 2 0 0 0 1 2 0 0 0 0 1 0 76 0 0 77 0 5 0 0 0 0 2 0 2 0 0 2 0 0 0 0 0 3 2 0 0 0 3 0 0 0 0 0 0 0 3 2 0 0 0 0 0 0 0 8 38 9 39 25 12 2 10 23 13 2 10 9 36 10 38 14 13 0 34 12 0 0 0 0 0 0 0 0 0 0 0 0 0 0 0 0 0 1 0 0 0 0 0 0 0 0 0 0 0 0 0 0 0 0 0 12 0 0 0 0 0 0 0 6 0 0 0 0 0 1 0 0 0 0 0 1 0 0 0 0 24 14 14 15 0 0 0 51 9 1 72 1 1 1 12 14 20 52 0 25 0 0 0 0 0 0 0 0 0 0 0 0 0 0 0 0 0 0 0 0 0 0 11 0 0 0 0 0 0 0 0 0 0 2 0 0 0 1 0 0 0 0 0 0 0 0 0 0 0 0 0 5 0 1 0 0 0 0 0 0 0 0 0 0 0 0 0 0 2 2 0 4 15 0 0 0 0 0 0 0 0 0 0 0 0 0 0 0 0 0 0 0 0 2 0 0 0 0 0 0 0 0 0 0 0 1 0 0 0 0 
 136 153 53 47 62 54 205 347 136 79 118 31 44 316 277 30 120 52 307 0 76 0 5 0 0 0 3 0 0 0 0 0 0 0 0 0 3 0 0 0 0 0 0 0 0 0 2 0 2 0 0 0 0 0 0 0 0 3 2 0 0 0 0 33 0 0 3 0 0 45 3 2 2 0 0 0 0 0 1 3 16 0 2 0 9 0 34 22 12 18 4 14 27 15 47 17 18 31 6 12 0 0 0 0 0 0 0 0 0 0 2 0 0 0 0 0 0 0 0 0 0 0 0 0 0 0 0 0 0 1 11 0 0 0 0 0 0 0 0 0 0 0 0 48 0 2 0 0 0 1 0 0 0 0 0 0 0 0 0 0 24 0 1 24 0 0 7 46 38 14 0 0 21 21 34 0 22 31 0 11 0 0 0 0 1 0 0 0 0 0 0 0 0 0 0 0 8 0 0 0 0 0 0 0 0 40 0 0 0 9 0 0 0 0 0 0 0 0 0 0 0 0 0 0 0 0 0 0 0 0 0 0 0 0 0 1 0 0 0 0 0 0 0 0 0 0 0 0 1 0 0 2 15 0 0 0 0 0 0 0 0 0 0 0 0 0 0 0 30 0 0 0 0 0 0 0 0 0 0 0 0 0 0 0 0 0 0 0 0 0 
 0 1 1 2 93 153 0 0 0 74 1 73 0 0 0 0 16 0 1 76 0 84 59 41 247 38 227 283 22 248 40 73 32 104 152 95 117 104 221 44 0 0 0 0 58 3 2 0 0 0 0 0 3 4 66 0 0 0 5 2 0 7 0 0 0 0 43 7 2 0 3 0 6 2 2 3 0 0 3 0 0 0 8 13 12 9 0 0 0 1 5 14 0 0 0 0 0 6 0 2 0 8 47 0 0 0 19 117 9 1 0 1 11 23 31 12 18 10 22 64 0 0 0 0 1 0 2 0 0 9 9 0 0 0 0 0 0 0 0 2 0 0 0 0 0 0 0 5 0 5 0 0 0 0 0 0 0 0 0 0 0 0 0 0 21 0 0 0 14 0 0 20 7 1 0 0 5 0 0 3 41 9 13 1 1 0 16 42 28 1 0 20 26 53 19 18 9 0 13 20 12 0 0 0 0 0 0 0 0 0 0 0 0 0 0 0 1 0 15 0 0 0 0 0 0 0 16 0 0 0 0 0 0 0 0 0 0 0 0 38 0 0 0 0 0 0 98 0 0 75 0 0 0 0 11 2 0 0 0 0 0 2 0 0 0 0 26 0 0 0 0 0 0 0 0 0 0 0 0 0 0 2 0 0 0 0 0 0 0 0 
 0 2 76 0 79 151 0 0 0 0 0 0 3 0 0 0 0 0 0 0 84 0 169 223 97 211 297 100 279 59 249 280 42 135 201 261 192 179 39 49 0 0 0 0 0 3 3 205 0 0 0 0 64 3 3 0 0 0 64 0 0 3 0 0 0 0 3 0 2 0 0 0 0 3 2 3 0 0 2 0 0 0 0 22 0 0 0 0 0 0 0 0 0 0 0 0 0 0 0 0 5 26 2 15 25 0 1 17 18 0 10 25 0 18 19 18 12 14 19 32 0 0 0 0 0 0 0 0 1 10 0 0 36 2 7 2 0 0 27 1 0 0 0 0 4 0 0 0 0 1 0 0 0 0 0 12 0 0 0 0 0 0 0 0 29 1 8 0 0 0 0 18 0 0 0 0 0 0 0 0 39 1 44 13 11 25 11 7 0 29 45 0 0 0 0 19 31 29 9 1 0 0 0 0 0 0 0 0 1 0 0 0 0 0 1 0 1 0 30 11 0 0 0 0 0 0 0 0 0 0 0 0 0 0 0 0 10 2 0 0 0 0 17 0 0 0 0 0 0 0 0 0 0 0 4 0 2 2 1 0 2 0 0 0 0 0 0 0 0 0 0 0 0 0 0 0 0 2 0 0 0 8 0 0 0 19 0 0 0 0 
 3 3 5 3 3 3 4 3 3 3 3 3 14 3 5 3 3 5 3 5 59 169 0 139 49 177 145 168 144 458 189 110 50 161 61 182 284 191 38 44 0 0 0 0 0 3 74 0 0 0 0 0 0 4 3 0 0 0 2 2 0 1 0 0 0 0 2 50 2 0 0 0 0 3 2 3 0 0 2 0 0 0 0 0 0 0 0 0 0 0 0 0 0 0 0 0 0 0 0 0 0 17 10 12 29 19 0 0 45 23 31 31 0 0 0 13 0 11 0 13 22 0 8 0 0 0 27 19 24 0 0 4 4 0 14 0 0 0 24 1 0 0 0 0 0 0 0 0 0 0 0 0 0 4 0 0 0 0 0 0 0 0 1 0 0 7 0 0 0 1 4 0 0 0 0 0 9 0 0 0 0 0 20 11 24 31 0 39 27 1 35 10 0 19 0 18 10 28 0 10 16 21 0 0 0 0 0 0 0 0 0 0 28 0 4 0 12 0 21 2 0 0 0 0 14 0 0 0 0 0 0 0 0 0 0 0 0 0 0 0 0 0 0 0 0 0 0 0 0 0 15 0 0 0 6 0 2 93 0 0 2 0 3 0 0 0 0 0 0 0 0 0 0 0 0 3 0 0 0 0 0 9 0 0 0 19 0 0 0 0 
 0 2 2 7 2 74 0 0 0 0 0 0 5 0 1 0 0 0 0 0 41 223 139 0 452 190 155 140 251 263 116 41 112 537 287 516 210 75 373 66 0 0 0 0 0 3 2 0 0 0 0 0 0 2 3 0 0 0 135 0 0 3 0 0 0 0 5 0 2 0 42 0 0 2 2 3 0 44 3 0 0 0 0 0 0 0 0 0 0 0 0 0 0 0 0 0 0 0 0 0 0 11 2 17 21 0 0 0 0 15 12 11 0 0 0 16 18 11 0 0 23 0 0 0 0 0 6 0 1 0 0 0 34 63 28 2 0 0 2 47 0 0 0 0 0 0 0 0 0 0 0 0 0 0 0 3 0 0 0 0 0 0 0 0 0 1 0 6 0 0 0 0 0 0 0 0 0 0 0 0 0 31 53 38 18 8 0 0 0 14 23 18 0 9 14 30 3 58 0 5 0 1 0 0 0 0 3 1 1 0 0 0 1 0 7 0 10 0 22 22 0 0 0 0 0 0 0 0 0 0 0 0 0 0 0 0 0 2 0 0 0 0 17 0 0 0 0 0 0 0 0 0 0 0 6 0 2 81 16 1 2 16 0 0 0 0 0 0 0 0 0 0 0 0 0 0 0 2 0 1 0 0 0 0 0 0 0 0 0 0 
 1 0 4 0 0 0 0 1 0 0 1 2 11 0 2 0 0 0 2 0 247 97 49 452 0 170 118 62 294 370 405 132 282 274 84 285 75 59 68 82 0 63 0 62 2 3 3 0 3 0 0 0 0 4 7 0 0 2 31 0 0 2 0 4 0 0 2 0 5 0 0 0 0 3 2 5 4 0 2 0 0 0 0 0 0 0 0 0 15 1 0 0 0 0 0 0 0 2 0 0 0 6 0 13 6 13 0 0 0 8 14 0 2 8 0 0 14 0 0 0 7 0 12 8 0 0 1 10 8 0 9 1 12 11 34 0 10 0 1 10 1 0 0 0 0 0 0 0 0 0 1 0 1 1 0 7 1 0 0 0 0 0 0 0 0 0 0 0 0 0 0 0 0 0 8 11 0 0 7 0 0 8 26 0 48 37 0 0 0 0 10 22 0 12 10 7 0 9 0 0 0 12 1 0 0 0 0 15 0 0 0 10 20 27 13 0 7 0 0 16 0 0 0 0 0 0 0 2 0 0 0 0 7 0 0 0 0 0 0 1 0 0 0 0 0 0 0 0 0 0 0 0 0 0 18 2 3 8 72 5 7 11 0 0 0 0 0 0 0 0 0 0 0 0 0 0 0 0 0 0 0 0 0 0 0 0 0 0 0 0 
 0 0 1 0 0 0 0 0 0 3 2 0 0 0 0 0 0 0 0 0 38 211 177 190 170 0 108 37 194 126 224 279 26 130 51 303 501 72 136 53 68 64 0 1 3 3 6 58 7 0 62 0 0 67 70 0 64 2 2 0 0 3 0 0 2 0 3 0 2 0 0 0 0 3 2 3 0 0 3 0 0 0 0 0 0 0 0 0 0 2 0 0 0 0 0 0 0 0 0 0 0 32 37 0 1 0 15 0 0 13 16 7 1 0 0 13 20 14 0 0 8 1 1 0 0 0 18 10 18 0 13 5 38 0 14 0 0 0 11 11 0 2 0 0 0 0 0 0 0 0 0 0 0 0 0 0 2 0 0 0 0 0 0 0 0 0 0 0 0 0 0 0 2 0 0 0 1 0 0 0 0 0 17 2 11 19 0 0 0 19 27 0 0 0 0 18 0 30 0 0 14 1 19 20 0 0 9 0 0 0 0 0 2 41 14 12 9 0 45 18 0 1 0 0 11 0 0 1 10 0 0 0 0 0 0 0 0 0 0 2 0 0 0 0 0 0 0 0 0 0 0 0 0 0 7 3 1 6 1 10 0 1 0 0 0 0 0 0 0 0 0 0 0 0 0 0 0 0 0 0 0 1 0 0 0 19 0 0 0 0 
 0 0 77 159 0 133 0 0 0 68 80 99 2 0 52 0 0 0 0 3 227 297 145 155 118 108 0 119 215 245 121 38 180 72 420 343 38 76 336 196 1 0 0 2 0 3 3 0 0 0 0 0 0 2 3 0 0 1 2 0 0 52 0 0 0 0 4 0 2 11 0 0 2 3 2 3 0 0 2 0 0 0 0 0 0 9 0 0 0 3 1 0 0 0 0 0 0 0 0 0 0 29 17 0 0 0 7 27 8 7 0 0 57 11 0 0 0 0 10 23 0 1 0 0 0 0 0 0 0 0 2 0 0 0 0 0 0 0 0 0 0 1 0 0 0 13 0 0 0 0 0 0 0 3 0 0 1 0 0 0 0 0 0 0 28 0 1 0 0 0 0 12 6 0 0 0 11 0 0 7 34 11 3 8 0 0 14 15 15 12 30 4 8 64 26 24 8 6 13 0 14 0 0 0 0 0 0 0 0 0 0 0 1 0 0 0 0 0 0 0 0 2 0 0 0 0 0 2 0 10 0 0 0 16 0 0 0 0 0 1 0 0 0 0 0 0 0 0 0 0 0 0 0 0 10 1 1 43 0 0 0 10 0 0 0 0 0 0 0 0 0 0 0 0 0 0 0 0 0 0 0 0 0 0 0 0 10 0 0 0 
 0 0 2 2 81 94 2 0 0 3 0 70 0 0 2 0 2 0 0 0 283 100 168 140 62 37 119 0 158 47 110 24 96 82 116 197 131 74 222 123 2 0 3 0 0 3 6 0 0 3 0 0 0 2 6 0 4 6 5 2 0 3 58 0 0 0 5 0 5 0 34 0 0 3 6 5 1 2 2 0 0 6 0 0 0 3 23 0 0 0 0 0 0 0 0 0 0 0 0 0 18 27 30 7 10 0 17 12 30 21 0 20 12 47 14 27 21 11 9 8 0 0 0 0 0 0 0 0 0 0 0 0 0 0 0 0 0 0 8 0 0 0 0 0 0 0 2 6 0 2 0 6 0 0 0 0 0 0 0 0 0 0 0 0 0 0 0 0 0 0 0 0 11 0 0 0 7 0 0 9 43 69 9 31 0 7 15 0 36 1 9 0 12 16 15 18 22 8 22 27 16 0 0 0 0 0 13 0 0 11 0 0 0 0 0 0 0 0 0 0 0 0 0 0 0 0 0 0 0 0 0 0 0 0 0 0 0 0 0 0 0 0 32 0 0 0 0 0 0 2 0 0 0 12 10 0 0 0 1 0 0 1 0 0 0 0 0 0 0 0 0 0 0 0 0 0 0 0 0 0 0 1 0 0 0 1 0 0 0 0 
 2 0 2 0 0 0 0 0 0 0 0 0 1 0 0 0 63 0 1 0 22 279 144 251 294 194 215 158 0 152 189 43 378 185 94 57 148 100 289 130 0 0 0 0 0 3 3 0 0 0 3 0 0 4 3 0 0 0 94 0 0 2 0 0 0 0 2 0 2 0 0 0 0 3 2 3 0 0 2 0 0 0 0 0 0 0 0 0 0 0 0 0 0 0 0 0 0 0 0 0 38 1 9 74 9 0 0 11 10 0 3 26 0 0 0 65 1 0 0 0 0 0 0 0 0 0 20 0 0 0 0 0 36 23 22 0 0 0 20 21 0 0 0 0 0 0 0 0 0 1 0 0 0 2 0 6 0 0 0 12 0 0 0 0 0 0 2 0 0 0 0 2 0 0 0 0 0 0 0 0 0 6 52 14 33 15 0 23 0 22 30 38 0 18 76 65 13 61 0 0 0 0 0 0 0 0 1 1 0 0 0 0 0 0 4 0 0 0 20 8 0 0 0 0 0 0 0 0 0 0 0 0 0 0 0 0 2 0 0 0 0 0 0 0 0 1 0 0 0 0 0 0 0 0 26 2 0 94 152 0 1 14 0 0 0 0 0 0 0 0 0 0 0 0 0 0 0 0 0 1 0 0 0 0 2 0 0 0 0 0 
 0 0 3 0 0 0 1 0 0 0 0 0 0 0 1 0 0 2 2 0 248 59 458 263 370 126 245 47 152 0 223 40 193 211 127 455 68 124 275 97 0 0 0 0 0 3 65 4 4 0 0 2 1 3 3 0 1 1 10 1 0 3 0 24 0 0 5 0 2 0 0 0 0 3 2 3 0 0 2 0 0 0 0 0 8 0 0 0 0 0 0 0 0 0 0 0 0 0 0 0 0 18 14 49 19 30 0 0 9 17 28 12 0 0 0 14 2 14 0 0 24 0 8 0 0 0 24 14 12 0 0 0 49 0 23 0 0 0 8 0 0 0 0 0 0 2 0 0 0 0 0 0 0 1 0 0 0 0 0 0 0 0 1 0 0 0 0 0 0 0 4 0 0 0 0 0 0 0 0 0 0 0 17 9 17 13 0 4 47 32 38 2 9 18 0 1 1 14 1 0 7 30 0 0 0 0 0 25 0 0 2 0 25 12 16 0 8 0 34 11 0 0 0 0 0 0 0 0 0 0 0 0 0 0 0 0 0 0 0 0 0 0 0 0 0 0 0 0 0 0 0 0 0 0 7 1 0 75 0 0 1 0 0 0 0 0 0 0 0 0 0 0 0 0 0 0 0 0 0 0 0 8 0 0 0 18 0 0 0 0 
 0 0 2 2 4 0 0 0 0 0 2 1 0 0 0 0 0 1 0 0 40 249 189 116 405 224 121 110 189 223 0 89 101 107 55 81 207 136 42 236 0 0 0 0 0 3 85 0 208 0 3 0 66 4 3 0 4 0 74 0 0 2 0 0 0 0 4 0 2 0 0 0 0 3 2 3 0 0 2 0 0 0 0 0 0 0 0 0 0 2 0 0 0 0 0 0 0 1 0 0 9 0 9 13 42 32 0 11 8 1 23 10 1 0 0 43 1 0 0 0 0 0 33 0 0 0 15 13 0 1 0 0 28 12 36 23 0 0 41 11 0 0 0 0 0 0 0 0 0 0 2 0 0 0 0 0 2 0 0 0 0 0 0 0 0 0 0 8 0 0 0 2 20 0 0 0 0 0 0 0 0 0 41 18 55 46 0 58 18 52 27 12 0 0 21 12 14 35 0 1 4 0 0 0 0 0 1 1 0 0 0 0 11 0 18 0 0 12 40 38 0 0 0 0 0 0 0 1 0 0 0 0 0 0 0 0 0 0 0 2 0 0 0 0 0 0 0 0 0 0 0 0 0 0 10 2 1 2 118 2 0 2 0 39 0 0 2 0 0 0 0 0 0 0 2 0 0 0 0 1 0 0 0 0 0 0 0 0 0 0 
 0 2 1 0 0 0 0 0 0 0 2 1 0 0 0 0 0 0 0 0 73 280 110 41 132 279 38 24 43 40 89 0 33 32 53 108 124 59 144 58 0 0 0 0 0 3 6 0 0 0 2 0 66 76 3 0 64 0 59 121 0 4 0 0 0 0 4 4 2 0 0 0 3 2 2 3 0 0 3 0 0 0 0 0 0 0 0 0 0 2 0 0 0 0 0 0 0 1 0 0 0 7 14 0 12 15 0 14 1 0 27 15 1 0 12 2 0 8 0 0 22 17 7 0 0 0 30 11 6 23 0 0 13 1 12 22 0 18 10 11 0 0 0 0 0 0 0 0 0 0 2 0 0 1 0 1 2 0 0 0 0 0 0 0 0 0 0 3 0 0 0 3 0 0 8 0 0 0 0 0 0 0 1 0 0 28 0 9 18 0 0 23 0 0 0 15 0 0 0 0 20 34 27 0 0 0 37 15 0 0 0 0 58 0 13 0 22 10 27 1 0 0 0 0 0 0 0 1 0 0 0 0 0 0 0 0 0 0 0 2 0 0 0 0 0 0 0 0 0 0 0 0 0 0 6 2 2 0 2 0 5 1 0 0 0 0 11 0 0 0 0 0 0 0 0 0 0 0 0 1 0 0 0 0 0 0 0 0 0 0 
 0 0 4 73 0 39 0 0 62 0 138 73 0 0 0 0 0 81 0 0 32 42 50 112 282 26 180 96 378 193 101 33 0 183 29 119 181 33 54 133 0 0 0 0 0 3 3 0 0 0 7 0 0 2 3 0 0 0 2 0 0 1 0 0 0 0 2 0 2 13 2 0 0 3 2 3 0 0 2 0 0 0 7 0 0 16 0 0 0 13 0 1 0 0 0 0 0 0 0 0 1 13 5 1 0 0 7 22 16 34 0 0 31 12 19 33 29 18 11 0 22 0 0 0 0 0 0 0 0 0 0 0 0 0 0 0 0 0 0 0 0 0 0 0 0 0 0 0 0 0 0 0 0 0 0 0 0 0 0 0 0 0 25 0 35 18 0 0 0 12 5 13 0 0 0 22 0 12 0 0 1 19 0 15 7 0 14 37 24 19 1 13 29 11 24 20 21 8 0 0 0 0 0 0 0 0 0 0 0 0 0 0 0 0 0 0 15 0 0 0 0 0 0 0 0 0 0 0 0 0 0 0 0 0 0 0 0 0 0 0 0 0 0 0 0 0 1 0 0 0 0 0 0 0 17 0 0 0 56 1 7 1 0 0 0 0 0 0 0 0 0 0 0 0 0 11 1 7 0 0 0 0 0 0 0 0 1 0 0 0 
 0 0 2 2 75 72 0 0 2 21 5 0 1 0 0 0 72 80 0 0 104 135 161 537 274 130 72 82 185 211 107 32 183 0 120 58 46 122 40 132 0 0 0 0 0 3 3 0 0 0 3 0 0 2 3 0 0 0 2 0 84 2 0 0 0 0 2 3 2 9 0 0 4 3 2 3 0 0 2 0 0 0 7 0 0 11 0 0 0 0 0 6 0 0 0 0 0 0 0 0 10 18 35 0 9 0 1 24 43 36 0 14 21 0 27 31 10 36 45 0 0 0 2 0 0 2 0 0 0 0 0 0 1 0 0 0 0 0 27 15 0 0 0 2 0 0 8 5 0 0 0 4 0 0 0 0 0 0 19 0 0 0 3 0 36 13 0 0 0 14 6 0 0 0 0 13 0 13 2 0 1 12 19 8 47 0 8 36 8 13 18 33 24 6 12 12 17 26 0 0 0 0 0 0 0 1 0 0 0 9 0 0 0 0 0 0 0 0 11 0 0 0 0 0 0 0 0 0 0 0 0 1 0 0 2 0 0 0 0 0 0 0 2 0 0 0 21 0 0 0 0 0 0 1 8 0 1 80 44 0 9 2 0 0 0 0 17 0 0 0 0 0 0 0 0 1 0 0 0 0 0 0 0 0 0 20 0 0 0 0 
 0 0 1 0 75 243 0 1 0 82 0 103 2 0 0 0 0 0 1 0 152 201 61 287 84 51 420 116 94 127 55 53 29 120 0 182 210 75 199 194 0 2 0 0 22 3 6 0 0 0 4 0 0 3 3 0 143 0 14 0 3 2 0 0 0 0 2 0 2 6 0 0 3 3 2 3 52 0 3 0 0 0 0 9 0 47 0 0 0 0 0 21 0 2 0 0 0 0 0 0 0 36 15 0 0 0 4 18 0 28 13 21 1 20 10 0 27 0 12 31 2 0 0 0 0 0 0 0 0 6 0 0 0 0 0 0 0 0 0 0 0 0 0 0 0 9 0 0 0 54 17 0 0 0 0 0 0 0 0 0 0 1 0 0 12 0 0 0 0 0 0 28 21 0 5 0 4 0 0 7 18 7 7 0 0 0 8 12 18 19 0 1 10 0 0 0 27 0 15 0 17 0 0 0 0 0 0 0 0 0 0 0 0 0 0 0 0 4 0 0 0 0 0 0 0 0 2 0 0 0 0 0 1 0 0 0 7 0 0 0 0 0 12 0 0 0 0 0 0 108 0 0 0 0 11 0 0 1 0 2 2 0 0 0 0 0 0 0 0 0 0 0 0 0 0 0 0 0 0 0 0 12 0 2 0 0 1 0 0 0 
 0 0 74 1 1 180 3 0 0 3 0 0 0 0 0 0 4 88 0 0 95 261 182 516 285 303 343 197 57 455 81 108 119 58 182 0 235 112 275 119 0 0 0 0 0 3 3 0 0 0 0 0 0 4 3 0 0 1 2 0 0 54 0 7 0 0 2 0 2 6 0 0 0 3 2 3 0 0 2 0 20 0 11 0 0 30 0 0 0 0 0 0 0 0 0 0 0 0 0 0 0 10 22 9 8 0 26 12 28 45 30 9 0 14 18 30 22 7 0 12 0 0 0 0 0 0 0 0 0 0 0 0 1 0 0 0 0 0 31 0 0 0 0 0 0 37 11 0 0 5 0 1 0 0 0 0 0 0 0 0 0 0 2 0 0 16 0 0 0 0 5 10 0 0 0 0 0 0 0 0 11 19 0 0 0 0 0 46 89 22 19 1 32 6 18 8 0 0 18 11 0 14 0 0 0 0 0 0 0 1 0 0 12 0 0 0 0 0 13 0 0 0 0 0 0 0 0 0 0 0 0 0 0 0 0 0 0 0 0 0 0 0 0 0 0 0 0 0 0 0 0 0 0 0 6 4 2 3 0 2 10 0 0 0 0 0 0 0 0 0 0 2 0 0 0 0 0 0 0 0 0 17 0 0 0 0 1 0 0 0 
 2 2 4 2 2 171 2 2 2 5 2 2 2 2 2 2 2 2 76 3 117 192 284 210 75 501 38 131 148 68 207 124 181 46 210 235 0 105 337 185 0 0 0 0 0 3 3 0 0 0 0 0 0 5 3 0 0 0 3 0 0 4 20 0 0 1 2 1 2 5 0 0 3 3 2 3 0 0 2 0 0 0 0 0 0 0 0 0 0 0 0 0 0 0 0 0 0 0 0 0 0 33 13 0 0 0 16 9 10 12 29 0 12 32 10 12 64 39 0 7 0 0 0 0 0 0 0 0 0 1 0 0 19 0 18 0 0 0 0 4 0 0 0 0 0 0 0 0 0 4 0 0 0 0 0 0 0 0 0 0 0 0 15 0 0 0 0 0 0 0 8 4 0 0 0 0 1 0 0 3 19 1 0 11 2 0 96 30 0 57 0 19 19 0 9 9 7 0 20 9 0 0 0 0 0 0 10 0 0 0 0 0 10 0 15 0 0 0 19 0 0 0 0 0 0 0 0 0 0 0 0 0 0 0 0 0 0 0 0 0 0 21 50 0 14 0 0 0 0 0 0 0 0 0 13 1 0 2 0 0 12 1 0 0 0 0 0 0 0 0 0 2 0 0 0 0 0 0 0 0 0 12 0 0 0 0 10 1 0 0 
 0 73 1 0 0 22 0 0 0 82 0 0 59 2 75 0 0 0 0 0 104 179 191 75 59 72 76 74 100 124 136 59 33 122 75 112 105 0 113 109 0 0 0 0 0 3 3 0 0 45 0 0 0 4 5 0 0 0 4 0 0 3 0 0 0 0 3 0 2 0 0 0 0 3 2 3 0 0 2 0 0 0 0 0 0 0 2 0 0 0 0 0 0 0 10 0 0 0 0 0 4 30 35 46 19 2 11 11 29 37 74 22 0 11 17 16 39 29 0 18 0 0 0 0 0 0 0 0 1 2 0 0 27 0 0 0 0 0 35 0 0 0 0 0 0 0 4 0 0 4 0 0 0 0 0 3 0 0 0 0 0 0 0 0 0 0 0 0 0 0 0 0 0 0 0 0 0 0 0 0 0 0 4 9 0 9 0 34 1 20 85 15 0 0 0 52 39 19 19 0 0 11 2 1 0 0 0 0 0 0 0 0 0 0 0 0 1 0 17 16 0 0 0 2 2 2 0 0 0 0 0 0 0 10 0 0 0 11 0 0 0 0 0 0 0 0 0 0 13 0 0 0 0 0 18 1 2 4 2 3 1 0 0 0 0 0 0 0 0 0 0 0 0 0 0 0 0 0 0 0 0 66 0 0 0 12 0 20 0 0 
 0 2 0 78 73 173 0 0 2 230 74 80 0 0 82 75 0 28 0 0 221 39 38 373 68 136 336 222 289 275 42 144 54 40 199 275 337 113 0 151 0 0 1 0 0 3 3 0 0 0 0 0 0 4 3 0 0 0 2 0 0 1 0 0 0 0 2 0 2 0 0 1 0 3 2 3 0 0 2 0 0 15 10 0 23 31 0 0 0 0 1 30 0 0 0 15 2 31 0 0 19 19 8 0 0 0 61 29 1 14 1 0 8 30 0 2 9 0 11 14 0 0 0 0 0 0 0 0 0 0 0 0 0 32 0 0 0 0 0 0 0 0 0 0 0 0 0 1 0 3 0 0 0 0 0 0 0 0 0 0 0 0 3 36 11 0 0 15 4 0 14 0 20 0 2 16 29 0 0 42 35 15 0 0 0 0 18 0 0 1 0 0 1 0 0 0 9 0 24 55 17 0 0 2 0 0 0 0 0 9 0 0 0 0 0 0 0 0 0 0 0 0 0 0 2 0 0 0 0 0 0 0 0 2 0 16 0 0 0 0 0 0 0 0 0 0 0 0 67 155 0 0 0 0 8 0 0 0 0 0 1 0 0 0 0 0 0 0 0 0 0 0 0 0 0 0 11 0 0 0 0 0 0 0 0 0 1 0 0 0 
 0 75 1 60 91 110 0 0 2 74 137 20 5 0 0 19 0 0 77 0 44 49 44 66 82 53 196 123 130 97 236 58 133 132 194 119 185 109 151 0 5 0 0 0 5 3 3 0 0 0 8 0 0 64 9 0 2 0 2 0 0 3 2 0 0 0 3 3 2 5 0 1 0 3 2 3 0 0 2 0 0 0 0 0 0 27 0 0 0 12 11 13 2 0 1 0 0 0 0 0 0 9 16 0 0 0 31 73 7 38 1 0 9 14 0 17 48 16 2 35 0 0 0 0 13 0 0 0 0 0 0 0 0 0 0 0 0 0 0 0 0 0 0 0 0 0 0 1 0 8 0 0 0 0 0 0 0 0 0 0 0 0 0 0 10 0 4 0 0 0 0 9 0 0 0 0 0 0 0 0 18 21 0 11 14 0 0 37 14 10 0 2 12 0 33 37 15 7 17 19 0 0 0 0 0 0 0 0 0 0 0 0 0 0 0 0 0 12 0 0 0 0 0 0 0 0 0 0 2 0 0 0 0 0 0 0 0 0 0 0 0 0 0 0 0 0 0 0 0 74 0 0 0 0 0 0 2 0 4 0 1 0 0 0 0 0 0 0 0 0 0 0 0 0 0 0 0 0 0 0 0 6 0 0 0 0 3 0 0 0 
 0 0 0 0 0 0 0 0 0 0 0 0 0 0 1 0 0 0 0 0 0 0 0 0 0 68 1 2 0 0 0 0 0 0 0 0 0 0 0 5 0 84 129 52 73 32 131 345 46 54 107 49 60 60 88 117 84 125 36 83 2 5 0 0 0 0 0 3 7 11 0 0 0 0 4 7 4 2 3 7 0 0 0 0 0 0 0 0 0 0 0 0 0 0 0 0 0 0 0 0 0 0 0 0 0 0 0 0 0 0 0 14 0 0 0 0 0 0 0 0 15 1 9 44 0 0 9 6 10 0 0 32 0 9 0 4 10 1 0 7 0 0 0 0 0 0 4 22 5 6 0 0 26 0 0 0 4 0 0 0 0 24 0 11 0 3 0 0 0 3 0 0 0 0 2 0 0 0 0 0 0 0 0 0 0 0 0 0 0 0 0 0 0 0 0 0 0 0 0 0 10 7 1 11 3 2 0 8 26 34 2 0 0 40 0 40 0 10 5 0 2 2 11 0 0 0 1 11 5 0 0 17 11 17 7 0 0 2 22 3 0 0 0 0 0 0 0 0 0 0 0 10 0 0 0 0 0 0 0 0 0 15 0 66 66 8 5 35 0 0 0 0 0 0 0 0 0 0 0 0 0 0 0 0 1 0 0 0 0 0 
 0 7 4 8 1 0 0 0 6 0 0 0 3 0 0 104 0 0 5 0 0 0 0 0 63 64 0 0 0 0 0 0 0 0 2 0 0 0 0 0 84 0 143 73 90 44 72 192 194 391 109 130 278 70 155 131 125 182 92 52 0 0 0 0 0 0 4 0 0 0 0 0 0 0 0 30 0 0 22 0 0 0 0 0 0 0 0 0 14 0 0 0 4 0 24 0 0 0 0 0 0 0 0 0 0 0 0 0 0 0 0 12 0 0 0 0 0 0 0 0 0 0 17 7 28 0 0 0 0 0 0 7 1 12 0 24 63 3 0 9 0 0 0 0 0 0 34 0 0 0 0 0 70 7 0 0 0 0 21 22 0 0 0 0 0 0 0 7 0 1 11 0 0 0 1 8 0 0 0 0 0 0 0 0 0 0 0 0 0 0 0 0 9 0 0 0 0 0 0 0 0 4 27 25 13 17 13 0 9 8 0 1 0 6 0 24 12 0 14 1 0 0 0 0 0 0 42 0 0 0 0 0 0 0 0 0 7 2 0 19 0 0 13 0 0 0 0 0 0 0 0 5 0 1 0 0 0 0 0 14 0 0 0 0 3 0 0 1 2 0 0 0 0 0 0 0 0 0 0 0 0 0 0 0 20 4 0 8 2 0 
 0 0 2 0 3 0 0 0 0 0 0 0 0 0 0 0 0 0 0 0 0 0 0 0 0 0 0 3 0 0 0 0 0 0 0 0 0 0 1 0 129 143 0 315 277 104 153 95 87 124 65 112 156 119 342 153 434 478 43 101 0 2 0 0 0 0 1 0 0 0 0 0 0 0 0 0 0 5 100 50 0 0 0 0 0 0 0 0 0 0 0 0 0 0 0 0 0 0 0 0 0 0 0 0 0 16 0 0 0 0 0 0 0 0 0 0 0 0 0 8 0 0 3 20 2 12 7 4 16 11 1 25 0 6 0 29 0 18 0 0 7 0 0 0 0 0 19 0 0 9 0 0 1 13 0 3 0 0 5 0 0 0 0 1 0 0 0 4 0 0 0 0 0 0 19 3 0 0 0 0 0 0 0 0 0 0 0 0 0 0 0 0 0 0 0 0 0 0 0 0 27 2 0 16 14 0 0 1 11 1 2 11 0 21 0 16 4 11 0 26 13 30 1 8 0 0 19 0 4 0 0 0 9 25 0 0 12 0 23 18 0 0 0 0 0 0 0 0 20 0 0 19 0 1 0 0 0 0 0 1 0 0 30 1 3 1 0 0 0 0 8 0 0 0 0 0 0 0 0 0 0 0 14 0 4 0 0 1 2 0 
 0 0 1 0 3 0 0 0 0 2 2 0 0 0 0 0 6 0 0 0 0 0 0 0 62 1 2 0 0 0 0 0 0 0 0 0 0 0 0 0 52 73 315 0 310 148 118 152 124 141 121 167 79 99 110 50 89 233 92 66 3 44 0 0 1 3 0 0 0 0 0 0 67 2 0 7 0 3 51 0 0 1 0 0 0 0 0 0 0 0 0 0 0 0 0 0 0 0 0 8 0 0 0 0 0 0 0 0 0 0 0 0 0 0 0 0 0 0 0 0 0 21 0 14 0 0 10 0 13 0 7 0 0 0 0 7 18 0 0 0 2 19 0 1 0 0 1 0 15 0 0 0 28 2 0 1 0 0 7 0 0 0 0 11 0 4 0 0 0 0 0 0 0 0 0 0 0 0 0 0 0 0 0 0 0 0 0 0 0 0 0 0 0 0 0 0 0 0 0 0 0 5 0 2 4 23 0 14 38 30 31 19 0 0 0 0 0 30 0 0 4 0 0 0 0 0 0 0 11 0 0 0 27 2 22 0 0 0 21 0 0 0 0 0 0 0 0 0 0 0 0 16 0 0 0 0 0 0 0 29 0 0 0 65 2 23 0 31 0 0 0 0 0 0 0 0 0 0 0 0 0 0 0 0 20 15 0 0 0 0 
 0 0 0 0 3 0 0 0 0 2 0 0 0 0 0 0 0 0 0 0 58 0 0 0 2 3 0 0 0 0 0 0 0 0 22 0 0 0 0 5 73 90 277 310 0 125 72 293 135 96 106 192 63 101 533 271 62 41 82 88 51 10 22 0 0 0 49 55 0 0 0 0 52 0 0 78 0 1 62 49 0 0 0 0 12 0 0 0 0 0 0 0 0 0 0 0 0 0 0 0 0 0 1 0 0 0 0 0 0 0 0 0 0 0 0 0 0 0 0 0 0 0 5 11 8 10 0 1 0 12 54 0 0 0 3 0 12 0 0 3 1 10 39 54 9 0 9 14 6 0 0 0 19 0 14 32 20 0 0 17 0 0 0 0 0 0 0 0 0 0 0 0 0 6 0 0 0 0 0 0 0 0 0 0 0 0 0 0 0 0 0 0 0 0 0 0 0 0 0 0 0 0 13 10 10 0 0 2 14 11 5 18 0 3 4 0 11 0 0 4 0 1 0 17 0 0 8 0 8 24 1 27 0 5 0 20 0 0 11 0 0 0 0 0 0 1 0 0 0 0 0 7 0 2 0 0 0 0 0 0 0 17 39 0 0 5 5 8 0 0 45 0 0 0 0 0 0 0 0 0 0 4 0 0 0 0 0 0 0 0 
 1 0 1 0 0 0 0 0 0 0 0 6 0 0 0 0 0 0 0 0 3 3 3 3 3 3 3 3 3 3 3 3 3 3 3 3 3 3 3 3 32 44 104 148 125 0 34 38 120 356 144 112 15 45 262 370 70 48 47 47 50 0 0 0 0 0 0 55 0 2 0 0 112 4 0 3 2 4 51 3 0 0 0 0 0 0 0 0 0 0 0 0 0 0 0 0 0 0 0 0 0 0 0 0 0 0 0 0 0 0 0 0 0 0 0 19 0 0 0 0 0 19 0 20 26 10 10 1 5 0 3 0 0 0 0 0 0 9 0 0 19 0 22 16 0 0 12 0 0 20 0 0 10 0 0 1 33 1 7 22 0 0 0 0 0 0 0 0 0 0 0 0 0 7 0 0 0 0 0 0 0 0 0 0 0 0 0 0 0 0 0 0 0 0 0 0 0 0 0 0 0 8 24 9 10 18 0 28 34 0 76 51 0 0 0 0 20 22 0 0 39 6 0 0 0 0 16 0 7 0 0 0 35 0 0 0 0 0 12 0 0 0 0 0 0 0 0 0 0 0 0 7 1 0 0 0 0 0 0 0 0 10 3 0 1 1 0 0 0 0 0 0 0 0 0 0 0 0 0 0 0 0 0 0 22 0 0 0 0 10 
 2 2 5 2 2 2 2 2 2 2 2 2 2 2 2 2 2 2 2 2 2 3 74 2 3 6 3 6 3 65 85 6 3 3 6 3 3 3 3 3 131 72 153 118 72 34 0 118 125 105 244 42 231 58 68 30 37 24 93 105 0 0 0 0 0 0 203 0 0 0 0 0 0 2 0 0 3 0 0 0 0 0 0 0 0 0 0 0 0 0 0 0 0 0 0 0 0 0 0 0 0 0 0 10 11 28 0 0 0 0 0 0 0 0 0 0 0 0 0 0 17 44 8 13 0 0 22 31 15 0 8 45 10 1 14 14 7 22 7 0 0 0 0 0 16 0 0 0 0 0 0 0 0 1 0 0 0 0 0 0 0 8 0 0 0 0 0 0 0 4 0 0 0 0 8 0 0 0 0 0 0 0 0 0 12 6 0 0 16 0 1 0 0 0 0 0 0 0 0 0 50 22 2 29 10 0 0 16 23 0 8 7 14 39 13 37 3 30 0 27 0 0 0 18 0 0 0 0 0 0 0 0 0 0 0 0 0 0 0 0 0 0 0 0 0 0 0 0 0 19 0 6 0 2 0 0 0 0 1 2 0 0 2 2 0 1 0 0 0 0 0 0 0 0 0 0 0 0 0 0 0 0 0 0 0 0 0 0 1 0 
 0 0 2 2 2 0 0 0 0 3 0 0 2 0 0 0 0 0 0 0 0 205 0 0 0 58 0 0 0 4 0 0 0 0 0 0 0 0 0 0 345 192 95 152 293 38 118 0 466 192 42 49 165 201 226 105 192 51 284 66 0 9 5 0 0 0 2 3 0 0 0 0 0 9 0 13 0 0 0 0 0 0 0 0 0 0 0 0 0 0 0 0 0 0 0 0 0 0 0 0 0 0 0 0 0 0 0 0 0 0 0 0 0 0 0 0 0 0 0 0 1 8 34 18 0 0 3 9 1 0 5 19 10 17 0 10 27 10 0 0 0 0 4 0 0 0 0 0 0 0 17 0 3 1 0 13 0 0 0 0 0 5 0 6 0 5 0 0 0 7 0 0 0 0 0 0 0 0 0 0 0 0 0 0 20 0 0 0 0 0 0 0 0 0 0 0 0 0 0 0 13 35 11 16 10 73 11 12 10 20 7 7 11 29 26 24 0 0 16 22 0 0 0 0 9 6 0 0 0 0 6 0 9 0 0 0 0 0 13 12 0 0 0 0 0 0 0 0 0 0 0 4 0 0 0 0 0 0 0 0 0 0 0 7 39 5 2 0 0 0 0 0 0 0 0 28 0 0 0 0 0 0 0 0 10 0 0 7 0 0 
 2 2 2 4 4 2 2 2 2 2 2 2 2 2 2 2 2 4 2 2 0 0 0 0 3 7 0 0 0 4 208 0 0 0 0 0 0 0 0 0 46 194 87 124 135 120 125 466 0 108 118 224 96 333 187 129 36 86 195 87 0 0 0 0 0 0 3 0 0 0 0 0 1 0 0 0 0 0 54 49 0 0 0 0 0 0 0 0 0 0 0 0 0 0 0 0 0 0 0 0 0 0 0 0 0 0 0 0 0 0 1 0 0 0 0 0 0 0 0 0 1 16 3 14 7 0 0 6 0 13 58 14 20 20 7 7 3 3 0 4 1 0 0 0 0 0 9 0 0 0 0 0 21 0 0 10 0 0 0 3 0 0 0 7 0 5 0 0 0 0 0 0 0 0 0 0 0 0 0 0 0 0 0 0 0 5 0 0 0 0 0 0 0 0 0 0 0 0 0 0 31 0 30 33 13 15 10 7 0 10 10 16 0 40 28 0 11 0 0 30 0 1 0 33 0 0 7 0 1 0 0 0 0 0 0 0 0 0 27 0 0 0 10 0 0 0 0 0 0 0 0 9 0 2 0 0 0 0 0 14 0 0 41 66 0 18 1 0 4 0 10 0 0 0 0 0 0 0 0 0 0 0 0 0 0 0 0 0 0 0 
 0 58 1 0 0 0 0 0 0 0 0 0 61 74 0 0 0 0 0 0 0 0 0 0 0 0 0 3 0 0 0 0 0 0 0 0 0 45 0 0 54 391 124 141 96 356 105 192 108 0 219 172 45 68 172 322 377 245 161 308 0 11 0 0 1 0 0 0 0 0 0 7 0 0 0 1 0 0 49 0 0 0 0 0 0 0 0 0 0 0 0 0 0 0 0 0 0 0 0 0 0 0 0 0 0 0 0 0 0 0 0 0 0 4 0 0 0 0 0 0 0 34 8 44 2 0 0 16 11 0 18 14 24 42 0 8 44 7 0 0 0 0 0 5 5 0 6 0 0 0 22 0 1 21 0 0 0 0 24 0 0 0 0 0 0 0 0 0 0 0 0 0 0 0 0 11 0 0 0 0 0 0 0 0 0 0 0 0 0 0 0 1 0 0 0 0 0 0 0 0 2 11 19 38 11 16 11 4 24 2 38 7 0 0 19 3 0 20 0 19 0 0 0 0 0 0 23 0 0 0 0 0 22 0 0 5 18 0 0 22 0 0 11 0 0 0 0 0 12 0 0 2 0 0 0 0 0 0 0 38 0 0 2 0 84 2 4 0 3 0 0 0 42 0 0 0 0 0 0 0 0 0 0 0 41 14 0 2 0 0 
 0 0 2 0 5 0 64 44 0 78 0 0 0 0 2 0 0 0 0 0 0 0 0 0 0 62 0 0 3 0 3 2 7 3 4 0 0 0 0 8 107 109 65 121 106 144 244 42 118 219 0 155 32 105 346 350 269 75 68 62 0 0 0 0 2 1 209 0 0 0 0 0 0 0 0 0 0 0 108 53 0 0 0 0 0 0 0 0 0 0 0 0 15 0 0 0 0 0 0 0 0 0 5 0 0 0 1 8 1 4 0 0 0 0 0 4 5 10 0 0 0 10 18 22 0 28 2 0 9 3 0 0 1 25 0 14 15 0 0 0 1 0 0 0 0 0 10 0 0 0 0 0 0 21 0 0 0 0 0 0 0 0 0 0 0 3 0 0 0 0 0 0 0 0 0 10 0 0 0 0 0 4 0 9 5 0 0 2 0 0 0 6 0 0 4 3 9 11 0 0 1 18 0 20 11 26 0 0 14 23 11 12 8 0 0 14 0 18 0 0 4 0 0 0 0 0 11 0 0 0 0 0 20 12 0 0 15 0 0 28 0 0 0 0 0 0 0 0 0 0 0 5 0 2 0 0 0 0 7 19 0 15 2 1 37 2 0 1 0 0 7 0 0 0 0 0 0 0 0 0 0 5 0 0 12 0 0 7 0 0 
 0 68 1 0 0 0 2 0 0 0 0 0 29 0 0 0 0 2 2 0 0 0 0 0 0 0 0 0 0 2 0 0 0 0 0 0 0 0 0 0 49 130 112 167 192 112 42 49 224 172 155 0 27 92 101 100 79 77 41 41 16 1 0 0 0 0 0 0 0 2 0 0 2 0 0 1 0 2 101 126 0 0 0 0 0 0 0 0 0 0 0 0 10 0 0 0 0 0 0 0 0 0 0 0 0 0 0 0 0 0 0 0 0 0 0 0 0 0 0 0 0 0 4 0 31 5 0 0 0 10 0 0 0 1 0 9 12 0 0 1 6 5 0 12 0 0 13 0 1 6 0 0 8 28 7 0 6 23 9 12 0 1 0 0 0 1 0 0 0 0 0 0 0 0 0 3 0 0 0 0 0 0 0 0 0 0 0 0 0 0 0 0 0 0 0 0 0 0 0 0 0 4 28 37 33 28 0 1 0 9 0 9 0 0 0 0 11 0 0 0 28 13 0 0 0 0 34 3 0 10 0 9 9 1 21 12 24 0 38 12 0 0 0 0 0 0 0 0 0 0 0 12 0 0 0 0 0 0 0 23 0 0 66 4 2 3 0 0 0 0 11 0 0 0 0 0 0 0 0 0 0 0 0 0 12 0 0 8 0 0 
 0 0 0 0 2 0 22 0 0 0 0 0 2 0 0 0 0 0 0 0 3 64 0 0 0 0 0 0 0 1 66 66 0 0 0 0 0 0 0 0 60 278 156 79 63 15 231 165 96 45 32 27 0 135 168 115 47 33 228 206 3 13 0 0 0 3 0 0 0 0 0 0 0 2 2 6 0 3 0 0 0 0 0 0 0 0 0 0 7 0 0 0 0 0 0 0 0 0 0 0 0 0 0 10 0 15 0 0 0 0 0 12 0 0 0 0 0 0 0 0 29 18 12 47 0 0 34 19 20 0 0 24 26 18 12 16 5 14 23 2 0 0 0 0 0 0 0 0 0 0 0 0 30 0 0 0 0 0 19 0 0 4 0 5 0 0 0 0 0 4 0 0 0 0 2 0 0 0 0 0 0 0 0 0 0 17 0 0 17 0 0 0 0 4 0 0 0 0 0 0 29 0 23 1 0 0 10 19 24 37 9 0 0 32 1 43 14 15 0 33 0 0 0 0 0 0 0 0 0 0 0 0 4 0 0 0 0 0 14 0 0 0 9 0 0 0 0 0 0 0 0 15 0 0 0 0 0 0 0 0 0 0 0 65 1 8 2 1 0 0 0 0 0 0 0 0 0 0 0 0 0 0 6 0 5 25 0 0 1 0 
 0 0 1 1 5 2 1 1 1 2 2 2 0 1 2 1 2 1 0 0 4 3 4 2 4 67 2 2 4 3 4 76 2 2 3 4 5 4 4 64 60 70 119 99 101 45 58 201 333 68 105 92 135 0 222 33 70 109 100 186 0 5 0 0 0 31 0 0 0 0 0 0 0 0 46 9 0 0 0 0 0 0 0 12 0 0 0 0 0 4 0 0 0 8 0 0 0 0 0 0 0 0 0 0 0 18 0 0 0 0 0 12 0 0 0 0 0 0 0 0 0 14 0 0 1 0 18 28 19 0 0 30 15 0 0 9 0 15 0 0 1 1 0 2 0 2 3 1 2 0 0 2 24 1 1 0 0 1 2 1 0 0 0 5 0 5 0 0 0 0 0 0 0 0 0 0 0 0 0 0 0 0 0 0 0 0 0 0 0 0 0 0 0 0 0 0 0 0 0 0 47 0 23 34 2 16 4 20 14 55 1 0 0 23 0 45 14 42 0 8 1 1 1 2 1 0 17 1 0 0 2 1 0 1 1 0 2 1 15 0 0 8 0 0 14 0 2 0 0 0 0 8 0 2 0 0 0 0 1 18 0 0 1 64 1 8 2 30 2 0 1 0 0 0 0 0 0 0 0 0 0 0 1 0 0 0 0 0 1 0 
 0 0 1 0 0 0 0 0 0 0 0 0 0 0 0 0 0 0 0 0 66 3 3 3 7 70 3 6 3 3 3 3 3 3 3 3 3 5 3 9 88 155 342 110 533 262 68 226 187 172 346 101 168 222 0 321 74 245 164 218 0 0 2 0 0 0 0 0 0 2 0 0 1 0 2 0 0 0 2 2 0 0 0 0 0 0 7 0 0 0 0 9 0 0 0 0 0 0 0 0 0 0 0 0 0 23 0 0 0 0 0 0 0 0 9 0 0 0 0 0 0 15 20 13 0 0 11 12 15 0 17 29 19 19 17 19 49 40 0 12 0 0 0 0 0 0 0 0 0 0 0 0 8 0 0 0 0 0 20 0 0 0 0 2 0 3 0 0 0 0 0 0 0 0 0 0 0 0 0 0 0 0 0 9 0 7 0 0 0 0 0 0 0 0 0 0 0 0 0 0 53 0 21 49 8 6 14 23 7 11 18 19 0 52 7 35 0 15 21 35 0 0 0 0 0 0 7 0 0 0 0 0 0 0 0 0 0 0 11 0 0 0 4 0 0 0 0 0 0 0 0 8 0 2 0 0 0 0 1 11 0 0 2 67 1 9 1 1 0 0 0 0 0 0 0 11 0 0 0 0 0 0 0 0 7 39 0 0 1 0 
 0 0 2 0 3 0 0 0 0 0 0 0 0 0 0 0 0 0 0 0 0 0 0 0 0 0 0 0 0 0 0 0 0 0 0 0 0 0 0 0 117 131 153 50 271 370 30 105 129 322 350 100 115 33 321 0 215 251 56 141 4 0 3 0 0 0 0 6 6 5 0 0 0 0 6 4 6 8 22 4 0 0 0 0 0 0 0 0 0 0 0 0 0 0 0 0 0 0 0 0 0 0 0 0 0 0 0 0 0 0 0 0 0 0 0 0 0 0 0 69 7 20 20 77 0 0 0 0 11 0 0 0 19 25 0 25 59 8 0 8 0 0 1 0 0 0 11 8 5 13 0 0 0 6 0 11 10 0 51 0 0 0 0 0 0 0 0 0 0 0 0 0 0 0 19 9 0 0 0 0 0 0 0 0 0 0 0 0 0 0 0 0 0 0 0 0 0 0 0 0 18 12 20 25 22 16 4 5 46 7 31 9 0 0 0 40 0 21 0 23 0 0 17 0 4 1 10 0 12 0 0 0 32 0 14 0 9 0 0 28 0 0 4 0 0 0 0 0 0 0 0 13 0 0 0 0 0 0 0 25 0 0 0 0 38 2 3 0 0 0 0 0 0 0 0 3 0 0 0 0 0 0 0 0 33 25 0 7 0 0 
 0 5 0 0 0 0 0 0 0 0 0 0 0 0 0 0 0 0 0 0 0 0 0 0 0 64 0 4 0 1 4 64 0 0 143 0 0 0 0 2 84 125 434 89 62 70 37 192 36 377 269 79 47 70 74 215 0 100 47 110 0 6 2 1 0 2 4 0 0 0 0 0 1 0 0 0 0 0 74 0 0 0 0 0 0 0 0 0 0 0 0 0 0 0 0 0 0 0 0 0 0 0 0 0 0 1 0 0 0 0 0 10 0 0 0 0 0 0 0 0 6 9 8 7 0 34 14 18 20 0 0 20 12 11 3 18 2 49 2 0 6 0 0 1 0 0 16 0 0 0 0 0 6 20 0 0 0 0 25 0 0 0 0 0 0 0 0 0 0 0 0 0 0 0 0 11 0 0 0 0 0 0 0 0 0 0 0 0 0 0 0 0 0 0 0 0 0 0 0 0 11 8 14 27 10 0 11 4 29 6 0 75 0 10 0 29 39 60 0 2 34 5 0 0 0 0 37 0 0 0 0 0 24 21 0 0 15 0 0 57 0 0 0 0 0 0 0 0 0 0 0 7 0 0 0 0 0 0 0 13 0 0 1 0 63 0 3 0 1 0 0 0 0 0 0 0 0 0 0 0 0 0 2 0 2 12 0 0 0 0 
 3 4 5 3 6 3 4 3 3 7 3 3 3 3 3 3 6 3 3 3 0 0 0 0 2 2 1 6 0 1 0 0 0 0 0 1 0 0 0 0 125 182 478 233 41 48 24 51 86 245 75 77 33 109 245 251 100 0 315 65 0 0 0 9 0 8 0 0 0 0 6 0 50 22 0 7 0 2 109 0 0 0 0 0 0 0 0 0 0 0 0 0 0 0 0 0 0 0 0 0 0 1 0 0 0 0 0 0 0 0 0 0 0 9 0 0 0 0 0 0 0 1 3 7 0 15 0 0 0 0 7 0 0 18 0 36 9 0 0 2 9 20 0 0 0 11 0 0 16 0 0 4 18 19 0 16 0 0 20 0 0 0 0 1 0 1 0 0 0 0 0 0 0 0 0 4 0 0 0 0 0 0 0 0 0 0 0 0 0 0 0 0 0 0 0 0 0 0 0 0 0 10 18 12 32 28 9 14 75 0 29 0 0 13 0 43 0 0 17 0 0 7 0 6 0 0 2 0 3 0 0 0 0 0 20 0 9 0 0 1 0 0 9 0 0 0 0 0 0 0 0 3 0 1 0 0 2 0 0 10 0 1 3 22 1 4 0 0 2 0 0 0 0 0 0 0 0 0 0 0 0 0 0 0 11 19 0 0 2 0 
 2 10 2 2 2 2 65 2 2 4 6 2 2 2 4 2 8 2 2 2 5 64 2 135 31 2 2 5 94 10 74 59 2 2 14 2 3 4 2 2 36 92 43 92 82 47 93 284 195 161 68 41 228 100 164 56 47 315 0 187 0 0 0 0 0 1 3 0 0 0 0 0 0 0 0 1 0 2 0 0 0 0 4 0 7 0 0 0 0 0 12 0 0 0 0 0 0 3 0 0 6 0 0 18 21 1 4 0 0 0 1 0 19 0 0 0 0 0 2 0 22 10 18 13 0 0 1 0 0 7 0 0 19 46 0 12 8 24 0 17 0 0 0 0 0 0 0 0 0 0 0 14 1 2 0 8 0 0 15 0 0 0 0 2 0 0 0 11 0 0 0 6 0 0 0 0 7 0 0 0 0 0 10 9 31 19 0 0 5 0 10 10 3 14 0 0 0 1 1 0 8 0 19 18 8 0 25 11 0 0 0 22 24 0 14 20 0 0 0 27 0 0 0 0 0 0 0 0 0 0 0 0 0 0 0 0 0 0 0 0 0 0 18 0 0 0 4 0 0 33 0 12 0 1 0 0 0 0 72 1 0 0 0 0 0 2 2 0 0 0 0 0 0 0 0 0 0 0 0 12 0 0 0 0 0 20 0 0 2 0 
 0 0 2 0 0 0 0 0 0 0 0 0 0 0 0 0 0 60 0 0 2 0 2 0 0 0 0 2 0 1 0 121 0 0 0 0 0 0 0 0 83 52 101 66 88 47 105 66 87 308 62 41 206 186 218 141 110 65 187 0 0 3 0 0 0 0 0 0 0 0 0 0 0 0 0 4 0 0 0 0 0 0 0 0 0 0 0 0 0 0 0 0 0 0 0 0 0 0 0 0 0 0 0 1 0 9 0 0 0 0 1 11 1 0 0 0 0 0 0 0 0 17 44 7 0 10 22 9 21 9 0 14 8 10 16 26 17 16 8 25 0 0 0 0 0 0 0 0 0 0 0 0 11 0 0 0 0 0 8 0 0 0 0 0 0 0 0 4 0 0 0 6 0 0 8 0 0 0 0 0 0 0 0 0 0 1 0 0 3 0 0 1 0 0 0 0 0 0 0 0 14 12 31 1 0 0 37 10 26 0 0 25 1 10 0 7 31 20 15 13 0 0 0 0 0 0 0 0 0 0 0 0 0 0 0 0 0 0 0 0 0 0 20 0 0 0 0 0 0 0 0 10 0 0 0 0 0 0 0 0 0 0 1 0 1 0 0 2 0 0 0 17 0 0 0 0 0 0 0 0 0 0 0 0 0 8 0 0 0 0 
 0 0 2 0 0 0 0 0 0 51 0 0 0 0 0 2 0 0 0 0 0 0 0 0 0 0 0 0 0 0 0 0 0 84 3 0 0 0 0 0 2 0 0 3 51 50 0 0 0 0 0 16 3 0 0 4 0 0 0 0 0 83 264 87 48 47 128 332 118 41 39 81 74 296 228 149 93 38 65 96 0 0 0 0 0 0 0 0 0 0 0 0 0 0 0 0 0 0 0 0 0 0 0 0 0 0 0 0 0 0 0 0 0 0 0 0 0 0 0 0 0 0 0 0 2 4 0 0 0 0 0 0 0 0 0 0 0 0 0 4 0 1 14 25 0 0 3 7 5 11 0 0 0 7 34 17 34 52 0 24 0 0 0 0 0 0 0 0 0 0 0 0 0 29 0 0 0 0 0 0 0 0 0 0 0 0 0 0 0 0 0 18 0 0 0 0 0 0 0 0 0 0 0 0 0 0 0 0 0 0 0 0 3 0 0 0 0 0 0 0 3 0 7 0 10 10 0 15 16 2 22 0 59 17 18 26 2 12 12 0 24 0 0 0 0 0 0 0 0 0 0 0 0 0 11 0 0 0 0 0 0 0 0 48 0 0 0 0 0 0 10 0 0 0 1 58 0 0 0 0 0 0 0 0 0 0 0 0 9 0 
