 0 368 134 44 182 145 55 234 122 155 225 24 265 90 120 161 172 50 36 127 2 0 0 0 0 3 0 0 3 0 1 4 203 0 0 0 0 0 2 0 4 0 0 2 3 0 0 11 0 0 0 0 3 1 2 0 67 0 3 0 1 0 3 3 0 0 2 0 0 0 0 0 0 0 3 0 0 0 0 0 10 19 30 35 0 12 20 2 20 5 0 48 0 33 15 0 19 16 0 9 0 2 0 0 0 0 0 0 0 0 0 0 0 0 0 0 0 0 10 1 0 0 0 0 0 0 9 0 0 0 0 0 9 0 0 0 0 0 0 0 0 0 0 0 0 0 0 0 0 0 0 0 0 0 0 0 0 0 4 0 14 24 27 25 9 20 0 18 37 0 25 17 0 40 2 36 0 19 9 0 0 0 0 0 18 0 0 0 0 0 0 0 0 0 0 0 0 0 5 0 0 0 0 0 0 0 0 0 0 0 0 0 0 0 0 0 0 0 0 0 0 0 0 0 0 0 0 0 0 0 0 0 17 0 0 0 0 0 0 0 0 0 0 0 0 0 4 0 2 94 0 2 2 0 0 0 0 0 0 0 0 0 1 0 0 0 0 0 0 0 0 0 0 0 0 26 0 15 0 0 0 0 0 0 0 0 0 0 0 0 
 368 0 475 264 53 141 178 133 204 293 65 58 67 134 123 139 108 230 40 124 2 0 0 0 0 3 0 0 3 0 1 2 0 0 0 0 0 0 0 0 5 0 0 2 3 0 0 2 0 3 0 0 0 0 2 1 0 0 3 0 1 0 3 3 0 0 2 0 0 0 0 0 0 36 3 0 0 0 0 0 19 29 31 29 0 0 0 0 18 0 4 12 0 52 23 19 19 15 0 20 0 22 0 0 0 0 0 0 0 0 0 0 0 0 0 0 0 0 14 0 0 0 0 0 0 0 0 0 0 0 0 23 10 0 0 0 0 1 0 0 0 0 0 0 0 0 1 0 0 0 0 0 0 0 0 0 0 13 5 0 4 34 22 17 10 39 23 2 5 10 11 11 0 12 9 17 20 19 6 0 0 0 0 0 0 0 0 0 0 0 0 0 1 28 0 0 2 0 16 0 0 0 0 0 0 0 0 0 0 0 0 0 0 0 0 0 0 0 0 0 1 0 0 0 0 2 0 2 0 0 0 0 0 0 0 0 0 0 0 0 0 26 0 0 0 0 89 0 0 7 2 0 9 0 0 0 0 0 0 0 0 0 0 0 0 0 0 0 0 0 0 0 0 0 0 14 0 9 0 0 0 0 0 0 0 0 0 0 0 0 
 134 475 0 200 171 118 70 220 279 496 228 31 57 40 64 287 114 65 72 151 2 0 3 0 0 3 3 0 4 0 3 5 0 0 0 0 3 0 63 75 3 0 0 2 3 0 0 2 0 0 0 39 0 0 2 1 0 0 3 2 1 0 3 6 2 22 2 0 0 3 0 38 0 0 3 0 0 0 0 0 13 0 10 34 0 9 25 6 41 6 9 52 11 33 6 16 0 0 14 0 0 26 0 0 0 0 11 0 0 0 0 0 0 4 12 0 0 0 10 11 0 0 0 0 0 0 0 0 0 0 0 0 0 0 0 0 0 0 0 0 0 0 0 0 0 0 0 0 0 0 0 0 0 0 0 0 0 12 0 0 10 34 13 16 0 0 30 11 48 0 14 16 29 15 3 24 0 2 0 0 7 0 0 0 0 0 0 0 0 0 1 0 0 11 0 0 0 0 14 0 0 0 0 0 0 0 0 0 8 0 0 0 0 0 0 0 0 0 13 0 0 0 0 0 0 0 0 0 0 0 0 0 0 0 0 0 0 0 0 0 0 21 0 0 0 0 93 0 2 3 0 5 0 0 0 0 0 0 0 0 0 0 0 0 0 0 0 0 0 0 0 0 0 0 0 17 0 0 0 0 0 0 0 0 0 0 0 0 0 0 
 44 264 200 0 448 45 80 153 168 173 142 152 79 279 143 253 102 138 304 367 2 1 0 0 0 3 2 26 3 103 2 61 0 149 74 113 0 0 75 114 4 0 0 2 3 0 0 6 0 0 0 0 6 0 2 0 0 0 3 0 1 0 3 3 0 0 2 0 0 0 0 0 0 0 3 0 0 0 0 0 0 0 45 76 37 46 0 47 20 31 1 1 0 0 14 20 39 18 2 0 1 16 0 0 0 0 27 20 0 0 0 0 26 16 15 18 12 19 21 42 0 0 0 0 0 0 0 0 0 0 0 0 9 0 0 21 0 0 0 0 0 5 0 0 0 0 0 0 0 0 0 0 0 0 0 0 0 0 0 0 0 15 18 0 14 37 0 0 5 16 65 0 0 1 0 18 0 15 0 0 32 10 1 0 1 20 39 0 1 0 0 0 21 19 0 0 0 0 22 26 0 0 0 0 0 0 0 0 0 0 0 0 0 0 0 0 2 0 0 0 0 0 0 0 0 0 0 0 0 0 0 0 0 0 0 0 0 0 0 0 0 0 0 0 0 4 0 2 88 42 0 2 0 0 0 0 0 0 0 0 2 0 20 0 0 0 0 0 0 0 0 0 0 0 0 0 23 0 0 0 0 0 0 0 0 0 0 0 0 0 
 182 53 171 448 0 483 79 285 55 184 155 281 87 61 58 191 43 40 45 77 2 1 6 0 0 3 74 78 4 3 2 0 98 60 73 73 0 211 84 112 4 0 0 2 2 0 0 2 0 0 0 0 0 0 3 1 0 0 5 0 0 0 3 3 0 0 2 0 0 4 0 1 0 0 3 0 0 0 0 0 0 12 0 10 22 8 2 0 27 1 1 32 0 0 15 0 0 0 0 0 10 1 20 14 0 0 30 11 0 26 10 0 15 16 27 29 10 0 23 24 2 0 0 0 0 0 0 0 0 0 0 0 0 0 0 0 0 0 0 0 0 2 0 0 0 0 0 0 0 0 13 0 0 0 0 0 0 0 7 0 4 12 0 7 62 6 0 5 4 9 27 34 0 0 2 0 0 10 0 0 39 29 40 0 0 0 10 0 15 1 10 2 10 6 0 0 0 0 0 30 0 0 0 0 0 0 0 0 25 0 0 0 0 0 0 0 0 0 0 0 0 0 0 0 0 0 2 0 0 0 0 0 0 0 0 1 0 0 0 0 0 0 0 0 0 0 176 4 4 87 0 7 0 0 0 0 0 0 2 0 0 0 0 0 0 0 0 0 0 0 0 0 2 0 0 0 0 12 0 19 0 0 0 0 0 0 0 1 0 1 
 145 141 118 45 483 0 30 87 140 69 101 457 119 43 36 504 73 215 53 47 28 0 0 0 33 3 77 1 3 0 2 1 76 6 79 0 11 63 0 4 4 0 2 2 3 0 2 2 0 0 0 0 3 3 5 4 0 0 3 3 3 2 3 3 0 0 5 0 0 0 0 0 1 3 3 0 2 0 0 0 0 13 9 0 0 13 0 0 0 0 9 37 0 0 0 14 1 2 0 0 15 34 0 13 0 0 1 15 18 0 18 0 0 25 22 0 11 18 20 12 0 0 0 46 0 0 0 0 0 0 0 0 0 0 0 0 0 0 0 0 0 0 0 0 0 0 0 0 0 0 0 0 7 0 0 0 0 28 4 1 0 0 0 0 84 0 0 2 5 8 13 9 0 0 0 0 0 11 0 0 6 10 26 11 16 0 0 0 9 31 8 0 11 37 5 0 0 2 1 16 0 0 0 0 0 0 0 0 8 0 0 0 19 0 0 0 0 0 0 2 0 0 0 0 0 0 0 0 0 0 0 0 0 0 0 0 0 0 0 0 0 0 0 0 0 5 6 1 0 9 13 17 0 0 0 0 0 0 0 0 2 0 0 0 0 0 0 0 0 0 0 0 0 0 0 0 0 25 0 0 0 0 0 0 0 0 10 0 0 0 
 55 178 70 80 79 30 0 72 160 133 53 52 52 233 70 32 122 120 36 58 3 0 2 0 0 3 0 0 209 0 2 1 0 0 0 0 2 4 0 0 5 2 0 8 3 0 3 2 0 0 0 0 5 0 2 0 1 0 7 0 3 0 3 3 0 0 2 0 4 0 0 0 2 0 48 0 0 0 0 3 10 14 0 0 0 0 1 1 16 17 14 1 0 10 31 10 1 0 30 14 0 0 0 0 0 0 1 0 1 0 2 0 0 0 0 0 0 0 19 0 0 0 0 0 0 2 0 0 0 0 0 0 0 0 0 0 2 0 0 0 0 0 13 0 0 0 0 4 0 0 0 0 0 0 0 0 0 1 0 0 0 0 13 10 32 0 1 0 0 0 0 0 8 14 0 0 21 0 25 11 0 0 0 0 0 0 0 0 2 0 0 0 0 0 0 0 0 0 0 0 0 0 0 0 0 0 0 0 0 0 0 0 0 0 2 0 0 0 0 0 0 0 0 0 0 0 0 0 0 0 2 0 0 0 0 0 0 0 0 0 0 0 23 0 0 70 0 0 3 0 2 2 0 0 0 0 0 0 0 0 0 0 0 0 0 0 0 0 0 0 0 0 0 0 0 0 13 0 0 0 0 0 0 0 0 1 0 0 0 0 
 234 133 220 153 285 87 72 0 105 55 33 38 202 155 285 47 53 47 160 463 2 4 4 0 0 3 0 6 3 3 7 14 0 34 0 3 2 205 57 2 10 0 6 2 3 0 7 5 0 0 3 62 6 12 2 0 6 0 4 0 2 0 3 3 2 0 2 0 0 0 0 0 0 0 3 0 0 0 2 0 22 0 41 22 1 19 35 23 0 0 10 0 9 11 0 0 22 0 13 11 0 20 5 0 0 0 2 0 0 0 0 0 0 21 0 0 0 0 0 8 0 0 0 0 0 0 0 0 0 0 20 0 10 0 0 0 0 0 0 0 0 0 0 0 0 0 20 4 0 0 0 0 0 0 0 1 0 0 0 1 9 3 12 15 0 34 0 15 37 20 7 17 8 1 10 15 15 15 19 0 0 0 0 0 2 0 0 0 0 0 0 0 23 0 0 0 0 2 2 0 0 0 0 0 0 0 0 0 0 0 0 22 0 0 0 0 0 0 0 2 0 0 0 0 11 0 0 0 0 0 0 0 0 0 0 0 0 0 0 0 0 0 0 0 0 3 0 2 2 59 0 6 0 0 0 1 0 0 0 0 0 0 6 0 0 0 0 0 0 0 0 0 0 0 0 47 0 0 0 0 0 0 0 0 0 0 0 0 0 0 
 122 204 279 168 55 140 160 105 0 234 355 130 102 262 256 519 118 280 169 365 2 0 0 0 0 77 0 0 3 0 1 2 0 3 0 0 0 3 0 3 6 0 3 2 3 2 0 2 0 0 0 0 0 0 2 1 3 0 3 0 1 0 3 3 2 0 2 0 0 0 0 0 0 0 3 0 0 5 0 0 49 0 13 33 0 0 16 37 7 19 24 23 7 32 30 12 45 13 11 35 0 0 0 0 0 0 0 0 0 0 0 0 0 0 0 0 7 0 10 26 0 0 0 0 0 0 0 0 0 0 0 0 0 0 0 0 0 0 0 0 0 0 0 0 0 0 34 4 0 0 0 0 0 0 0 0 0 33 0 0 0 37 0 0 0 0 26 0 17 14 0 27 4 0 23 9 0 8 18 0 7 0 0 12 0 0 1 0 0 0 0 0 0 11 0 0 0 0 14 0 0 0 0 0 0 0 0 0 32 0 0 0 0 0 0 0 0 0 0 0 0 0 0 0 0 0 0 0 0 0 0 0 0 0 0 0 0 0 0 0 0 19 0 0 0 2 88 2 1 2 0 3 12 0 0 0 0 0 0 0 0 0 0 0 0 0 0 0 0 0 0 0 0 0 0 24 10 0 0 0 0 0 0 0 0 0 0 0 0 0 
 155 293 496 173 184 69 133 55 234 0 437 144 74 75 389 188 137 134 171 207 3 0 0 0 0 4 0 76 3 0 79 1 0 0 1 0 0 0 1 99 7 1 0 2 3 64 2 5 1 3 0 4 0 6 5 1 0 0 5 0 3 0 5 3 0 0 2 0 3 3 0 0 1 3 3 0 0 0 2 6 83 0 28 31 66 0 32 12 27 32 59 1 1 22 49 0 28 16 0 16 2 8 0 0 0 0 17 0 2 0 6 0 0 0 0 0 9 0 16 1 0 0 0 0 0 0 0 0 0 0 0 0 6 0 0 1 0 0 0 0 0 0 0 0 0 0 0 0 0 0 0 0 0 0 0 0 0 29 0 0 5 26 23 11 19 34 0 11 15 0 10 27 3 55 12 1 0 1 0 0 17 1 0 0 0 0 36 0 1 0 0 0 23 27 0 0 6 0 23 0 0 0 0 0 0 0 0 0 0 0 0 0 0 0 0 0 0 0 0 0 18 0 0 0 0 0 0 0 0 0 1 0 2 0 0 0 1 0 0 0 0 14 0 0 0 0 91 0 90 85 3 3 0 0 0 0 0 0 1 0 0 0 0 0 0 0 0 0 0 0 0 0 0 0 0 0 22 0 0 0 0 0 0 0 0 2 0 0 0 0 
 225 65 228 142 155 101 53 33 355 437 0 163 51 33 263 143 512 145 124 115 5 0 6 0 0 7 0 0 4 2 1 2 0 0 2 0 0 0 1 93 60 0 0 2 3 0 0 5 0 0 0 0 3 0 5 1 3 0 3 0 5 41 3 3 0 0 47 0 0 4 3 2 3 1 3 1 0 0 3 7 15 0 37 51 35 9 15 9 32 12 42 1 2 10 13 0 15 19 0 0 0 2 0 0 0 0 14 0 0 0 8 0 0 14 0 0 0 2 0 0 0 0 0 0 0 0 0 0 10 0 0 0 6 0 0 0 0 0 0 0 1 0 0 0 0 0 0 0 0 0 0 0 0 0 0 0 0 15 1 0 14 26 15 42 14 22 0 15 15 70 35 10 2 17 10 0 0 0 0 0 0 0 0 0 0 0 31 0 0 0 0 15 0 16 0 0 0 0 26 1 0 0 0 0 1 0 0 0 0 0 2 0 0 0 0 0 0 0 0 0 0 1 0 0 0 0 5 0 0 0 13 0 0 0 0 0 0 0 1 0 0 10 0 0 0 0 88 0 10 6 0 5 0 0 0 0 0 0 0 0 0 0 0 0 0 0 0 0 0 0 0 0 0 0 0 0 11 0 0 0 0 0 0 0 0 0 0 0 0 0 
 24 58 31 152 281 457 52 38 130 144 163 0 40 33 31 172 227 277 15 30 2 0 1 3 4 3 3 7 4 4 2 1 95 164 2 3 76 0 39 171 9 3 0 2 4 0 3 5 2 0 3 5 3 0 6 1 2 1 8 0 0 0 3 5 3 0 2 2 0 5 0 8 0 0 3 2 0 0 0 1 0 0 24 65 39 9 0 33 42 10 32 14 0 0 14 14 43 0 0 0 1 2 0 0 1 0 17 10 0 0 9 0 0 50 17 25 0 0 16 64 0 0 0 0 0 0 0 0 0 0 0 0 0 0 0 0 0 0 0 0 0 3 0 0 0 0 0 0 0 0 0 0 0 21 0 0 0 1 1 2 11 15 0 0 25 10 1 1 0 15 12 8 0 0 0 11 0 4 0 0 20 25 0 0 0 0 39 0 15 0 0 0 1 10 0 0 0 1 0 7 0 0 0 0 0 0 0 0 10 0 0 0 0 0 0 0 0 0 0 1 0 0 0 0 0 0 0 0 0 0 0 2 0 0 0 0 0 0 0 0 0 0 0 0 0 4 87 0 89 6 1 2 0 0 0 0 0 0 0 0 0 0 0 0 0 0 0 0 0 0 0 0 0 0 0 0 54 0 0 0 0 0 0 0 0 0 0 0 0 0 
 265 67 57 79 87 119 52 202 102 74 51 40 0 170 12 234 33 34 311 59 5 0 2 0 0 5 0 0 4 0 1 2 0 4 0 1 0 1 2 2 4 0 0 2 3 0 2 2 0 0 0 0 0 72 2 0 0 0 3 0 1 0 3 3 0 0 4 0 0 0 0 0 0 54 3 0 0 0 0 0 0 32 0 0 0 0 26 14 0 0 0 4 1 13 0 16 0 0 24 16 0 0 2 0 0 0 0 0 0 0 0 0 0 0 0 0 0 0 0 0 0 0 0 0 0 0 0 9 0 0 0 0 2 0 0 0 0 0 0 0 0 0 12 0 0 0 0 0 0 0 0 0 0 0 0 0 0 0 0 0 18 0 13 16 0 0 34 0 56 0 19 1 25 11 27 10 27 23 0 16 1 0 17 0 0 0 0 0 0 0 1 0 0 0 0 0 0 0 0 0 10 0 0 0 0 0 0 0 0 0 0 0 0 0 0 2 0 0 0 0 0 0 0 0 0 0 0 0 0 0 0 0 0 0 0 0 0 0 0 0 0 2 0 0 2 4 0 2 1 0 0 14 0 0 0 0 0 0 0 0 0 0 0 0 0 0 2 0 0 0 0 0 0 0 0 0 0 0 0 0 0 0 0 0 0 0 0 0 0 0 
 90 134 40 279 61 43 233 155 262 75 33 33 170 0 86 59 74 95 535 331 2 0 0 0 2 4 2 0 3 0 1 2 0 1 2 2 0 0 0 0 4 0 0 2 3 0 2 2 0 4 0 0 0 0 2 0 0 0 33 0 1 0 3 3 0 0 2 0 0 0 0 0 0 37 3 0 0 0 0 0 15 40 26 21 0 1 1 1 0 0 0 7 36 29 14 8 0 14 40 43 0 0 2 0 0 0 0 0 0 0 0 0 0 0 0 0 0 0 0 0 0 0 0 0 0 0 0 0 0 0 0 0 23 0 0 0 0 0 0 0 0 0 0 0 0 0 0 5 2 0 0 0 0 0 0 0 0 0 0 0 1 1 1 0 0 0 16 0 0 0 0 13 18 10 12 22 31 11 35 16 0 0 0 0 0 0 0 0 0 0 2 0 0 0 0 0 0 0 1 0 0 0 0 0 0 0 0 0 0 0 0 2 0 0 0 0 0 0 0 0 0 0 0 0 0 0 0 0 0 0 0 0 0 0 0 0 0 0 0 0 0 0 0 0 0 0 2 0 1 1 0 5 12 0 0 0 0 0 0 8 0 0 0 0 0 0 0 0 0 0 0 0 0 0 0 32 0 0 0 0 0 0 0 0 0 0 0 0 0 0 
 120 123 64 143 58 36 70 285 256 389 263 31 12 86 0 257 318 142 133 137 2 0 2 0 0 3 0 1 3 0 3 3 0 0 0 0 1 0 8 1 4 0 0 2 3 0 0 5 1 0 0 0 8 0 2 0 0 0 3 0 2 0 3 3 0 0 2 3 0 2 0 0 0 0 3 0 51 0 0 0 14 0 42 48 0 10 26 16 1 36 67 10 12 63 34 0 34 1 13 18 0 0 0 0 0 0 0 0 0 0 0 2 0 15 0 0 0 1 0 10 0 0 0 0 0 0 0 0 0 0 0 0 8 0 0 0 0 0 0 0 0 0 0 0 0 0 0 0 0 0 0 0 0 0 0 0 0 0 2 0 21 29 21 26 0 25 0 18 44 10 26 13 10 9 2 11 10 0 0 0 1 0 0 0 0 0 0 0 0 0 0 0 12 0 0 0 0 0 22 0 0 0 0 0 0 0 0 0 0 1 1 0 0 10 0 0 0 0 0 0 0 0 0 0 0 0 0 0 0 0 0 0 0 1 0 0 0 0 2 0 0 15 0 0 0 0 3 0 0 0 0 2 0 0 0 0 0 0 0 0 0 0 0 0 0 0 1 0 0 0 0 0 0 0 0 0 11 0 0 0 0 0 0 0 0 0 0 0 0 0 
 161 139 287 253 191 504 32 47 519 188 143 172 234 59 257 0 264 261 117 62 3 0 0 0 2 3 0 0 3 0 2 2 0 0 2 0 0 0 19 74 3 0 0 2 3 0 0 2 0 0 0 0 10 0 2 1 0 0 3 0 3 0 3 3 0 0 2 0 0 0 0 0 2 0 3 0 0 0 0 0 32 7 38 39 2 8 16 37 37 0 23 13 10 27 43 0 36 14 0 9 0 14 0 0 0 0 10 26 0 0 0 0 0 0 8 0 0 0 8 29 2 0 0 0 0 0 0 0 0 11 0 0 13 0 0 0 0 0 0 0 0 0 0 0 0 0 0 0 0 0 0 0 0 0 0 0 0 10 0 0 21 62 14 7 1 19 0 18 46 27 0 28 17 12 14 17 0 9 12 0 1 0 0 0 0 0 1 0 0 0 0 1 0 20 0 0 0 0 21 0 0 0 0 0 0 0 0 0 2 0 0 0 1 0 0 0 0 0 0 0 0 0 0 0 0 0 0 0 0 0 0 0 0 0 0 1 0 0 0 0 0 9 0 0 0 2 90 0 1 1 2 2 12 0 0 0 0 0 0 0 0 0 0 0 0 0 0 0 0 0 0 0 0 0 0 14 0 0 0 0 0 0 0 0 0 0 0 0 0 0 
 172 108 114 102 43 73 122 53 118 137 512 227 33 74 318 264 0 52 104 202 2 2 2 0 7 9 3 0 3 0 5 1 0 0 2 0 5 3 1 63 5 3 3 2 8 3 3 6 2 2 3 0 18 0 2 6 3 0 3 0 1 0 3 5 0 0 2 0 0 2 2 0 0 0 3 2 0 0 0 0 23 12 48 74 30 9 12 6 14 15 14 0 0 43 26 0 16 39 0 9 0 13 0 0 0 0 1 0 1 0 2 0 0 0 0 0 0 0 20 0 0 0 0 0 0 2 0 0 0 12 0 0 7 0 0 0 2 0 0 0 0 0 40 0 0 0 11 0 0 0 0 0 0 0 0 0 0 1 0 0 12 16 15 11 18 15 1 17 20 0 10 12 0 11 10 33 0 28 9 0 0 0 0 0 0 0 14 0 2 0 0 0 0 0 0 0 0 0 47 0 16 0 0 0 0 0 0 0 0 0 0 0 0 0 2 0 0 0 0 0 0 0 0 0 0 0 0 0 0 0 2 0 0 0 0 0 0 0 0 0 0 0 0 0 0 0 88 0 86 1 6 6 2 0 0 0 0 0 0 0 0 0 0 0 0 0 0 0 0 0 0 0 0 0 0 17 22 0 0 0 0 0 0 0 0 1 0 0 0 2 
 50 230 65 138 40 215 120 47 280 134 145 277 34 95 142 261 52 0 45 131 3 0 0 0 0 3 0 0 3 103 1 2 0 1 0 114 0 0 81 0 1 0 0 2 3 0 0 2 0 0 0 0 0 0 2 1 0 0 3 0 3 0 3 3 0 0 2 0 0 0 0 0 2 0 3 0 0 5 0 0 28 10 10 13 2 0 0 13 7 62 43 25 1 28 29 30 63 11 0 24 0 0 0 0 0 0 0 2 0 0 0 0 0 6 1 0 0 0 0 12 0 0 0 0 2 0 6 0 0 0 0 0 1 0 0 0 0 0 0 0 0 6 0 0 0 0 15 0 0 0 0 0 0 8 0 0 0 13 16 0 0 30 0 0 0 0 12 1 0 114 12 11 17 0 2 52 0 15 10 14 7 0 0 10 0 0 1 0 0 0 0 2 0 25 0 0 0 0 22 2 0 0 0 0 0 0 0 0 9 0 0 0 0 0 0 0 0 0 0 0 0 0 0 0 0 0 2 0 0 0 0 0 0 0 0 0 0 0 0 0 0 13 0 0 0 2 86 0 0 1 3 0 3 0 0 0 0 0 0 0 0 0 0 0 0 0 0 0 0 0 0 0 0 0 0 15 10 0 0 0 0 0 0 0 0 0 0 0 0 0 
 36 40 72 304 45 53 36 160 169 171 124 15 311 535 133 117 104 45 0 96 2 2 0 0 2 3 0 0 3 2 2 1 0 0 2 1 0 0 0 0 5 0 0 2 2 0 0 10 0 0 0 0 0 0 3 0 0 1 3 0 0 0 3 3 0 0 4 0 0 0 0 0 5 0 3 0 0 0 0 45 10 21 0 14 0 0 20 24 0 1 0 8 8 21 0 15 1 0 53 0 0 2 0 0 0 0 0 3 0 0 16 0 0 0 1 0 0 0 0 0 0 0 0 0 0 0 0 0 0 0 0 0 0 0 0 0 0 0 0 0 2 0 0 0 0 0 0 2 0 19 0 0 0 0 0 0 0 0 0 0 10 1 0 0 0 0 0 10 24 0 0 8 28 20 25 0 10 0 1 29 0 0 0 0 0 0 0 0 0 0 0 0 0 0 0 0 0 0 0 0 0 1 0 0 1 0 0 0 0 0 0 0 0 0 0 0 0 0 1 0 0 0 0 0 0 8 0 0 0 0 0 0 0 0 5 0 0 0 0 5 0 0 0 0 0 0 2 0 2 0 0 1 0 2 0 0 0 0 0 0 1 0 0 0 0 0 0 0 0 0 0 0 0 0 0 1 0 19 0 0 0 0 0 0 0 0 0 0 0 0 
 127 124 151 367 77 47 58 463 365 207 115 30 59 331 137 62 202 131 96 0 2 0 0 76 0 3 10 0 3 0 1 2 2 0 0 3 0 2 0 0 4 0 0 2 5 58 4 6 2 0 0 0 9 43 3 0 62 0 3 0 0 0 3 8 0 0 2 3 0 0 3 0 0 0 3 0 0 0 0 0 9 0 17 21 19 1 14 24 1 15 14 12 14 32 13 8 1 5 15 29 0 0 0 0 0 0 0 0 0 0 0 0 0 17 0 0 0 0 0 10 0 0 0 0 0 0 0 0 0 0 0 0 1 0 0 0 0 0 0 0 4 4 0 0 0 0 1 12 0 0 0 0 0 2 1 0 0 0 0 2 0 16 10 23 0 0 9 10 47 0 19 4 65 0 0 67 0 14 9 0 0 0 0 0 0 0 14 0 0 0 0 0 0 0 0 0 0 0 0 0 0 2 0 0 0 0 0 0 0 0 0 0 0 0 0 0 0 0 0 0 0 0 0 0 0 0 0 33 0 0 0 0 0 0 0 0 0 0 0 0 0 0 0 0 0 3 0 2 3 0 1 2 0 0 0 2 0 0 0 0 2 0 13 0 0 0 0 0 0 0 0 0 47 0 0 28 51 0 0 0 0 0 0 0 0 1 0 0 0 0 
 2 2 2 2 2 28 3 2 2 3 5 2 5 2 2 3 2 3 2 2 0 95 356 75 145 183 155 212 226 59 37 151 156 42 151 114 179 150 65 43 1 3 0 0 0 0 3 0 0 4 1 0 0 3 0 2 0 1 3 205 0 3 0 0 0 2 3 0 0 0 0 0 41 0 0 0 0 0 3 2 0 0 0 0 0 0 0 0 0 0 0 0 0 0 0 0 0 0 0 0 54 0 1 8 18 52 20 0 88 0 23 5 0 0 17 33 10 21 0 0 0 0 0 0 0 0 0 0 0 0 0 0 21 0 0 0 0 0 1 13 0 0 0 0 0 3 3 0 0 0 0 0 0 0 0 0 0 0 0 0 5 0 0 0 0 0 0 0 0 0 0 0 3 0 0 0 0 0 0 0 24 28 26 31 50 0 13 20 21 21 0 1 1 0 44 25 13 38 0 0 10 0 0 0 0 0 0 0 0 0 0 0 13 0 0 0 0 0 0 0 0 0 0 0 0 0 0 0 0 0 0 0 0 0 0 0 0 0 0 0 0 0 9 0 0 0 0 0 0 0 0 0 0 1 4 0 0 0 0 2 2 22 0 0 0 0 0 0 0 0 0 0 0 0 0 0 0 0 0 0 0 10 0 0 0 9 14 0 0 0 
 0 0 0 1 1 0 0 4 0 0 0 0 0 0 0 0 2 0 2 0 95 0 354 130 112 142 220 596 57 53 60 132 65 85 149 134 115 33 47 33 1 3 0 0 0 0 3 0 0 4 0 0 0 2 0 2 0 61 3 0 0 3 0 0 0 2 3 0 0 0 51 0 53 0 0 0 0 0 3 0 0 7 0 0 28 0 0 0 0 0 0 0 0 0 0 0 0 0 0 0 13 11 28 20 58 22 2 42 11 19 13 15 13 0 21 21 8 22 0 0 0 0 0 0 0 0 1 0 0 0 0 0 0 0 0 0 0 0 1 30 0 0 0 0 0 6 7 0 0 0 0 0 0 0 0 0 0 0 0 0 0 0 0 0 0 12 0 0 0 0 0 0 0 0 0 2 0 0 0 0 17 88 0 0 7 20 23 30 25 29 6 12 0 9 9 29 41 15 9 16 0 0 0 0 1 2 0 0 0 0 0 0 0 0 0 0 0 0 2 0 0 0 0 0 0 0 0 0 0 0 0 0 0 0 0 0 0 1 0 0 0 0 11 0 0 0 0 0 0 0 0 0 0 0 5 0 0 0 0 2 17 14 0 0 0 0 11 0 0 0 0 0 0 0 0 0 0 0 0 13 0 11 0 0 2 0 0 0 0 0 
 0 0 3 0 6 0 2 4 0 0 6 1 2 0 2 0 2 0 0 0 356 354 0 208 58 150 180 309 128 125 41 36 186 210 140 149 52 291 239 41 4 5 0 0 1 0 6 0 0 4 0 0 0 2 0 2 3 2 3 68 42 3 2 0 0 29 5 2 0 0 0 3 2 0 1 3 0 0 7 0 0 0 0 0 17 12 0 0 0 0 0 0 0 0 0 0 0 0 0 0 10 0 44 15 25 34 0 30 11 31 2 0 42 2 0 17 22 9 1 0 30 4 0 0 0 0 0 0 0 0 15 1 11 0 0 0 0 0 0 16 0 0 0 0 0 2 1 2 13 0 0 0 0 0 0 5 0 0 0 0 0 0 0 0 0 22 0 0 0 0 0 0 0 0 0 0 5 0 0 0 18 59 15 0 0 2 24 14 28 15 36 14 16 20 11 10 33 15 23 30 0 9 0 0 0 0 0 0 0 0 0 0 2 0 0 0 0 0 0 20 0 0 0 0 0 0 0 13 0 0 0 0 21 0 0 0 0 0 0 0 0 0 11 0 0 0 0 0 0 0 0 0 0 0 6 0 1 4 0 0 17 0 0 0 0 0 0 0 0 0 0 0 0 0 0 0 0 0 0 22 0 0 0 0 0 0 0 0 0 0 
 0 0 0 0 0 0 0 0 0 0 0 3 0 0 0 0 0 0 0 76 75 130 208 0 73 203 88 184 173 284 200 64 272 311 155 296 203 64 65 62 0 3 0 0 0 0 70 0 110 3 0 0 125 2 0 1 0 1 67 3 0 3 0 0 0 2 3 0 0 0 0 0 0 0 0 0 0 0 7 0 0 0 0 0 0 0 1 0 0 0 0 0 2 0 0 0 0 1 0 0 6 0 26 2 17 10 0 0 22 28 12 11 12 0 14 0 27 9 0 0 33 8 0 0 1 0 11 36 2 0 0 0 19 0 11 0 0 1 16 6 0 0 0 0 1 0 0 0 0 0 1 0 0 0 0 0 0 0 0 0 0 0 0 0 0 0 0 0 0 0 0 0 0 0 0 0 0 0 0 0 0 15 11 19 0 10 0 0 52 24 35 2 0 0 0 17 19 3 0 0 5 0 0 0 0 0 0 2 0 0 0 1 0 0 6 0 0 0 35 28 0 0 0 0 0 0 0 0 0 0 0 0 0 0 0 0 0 0 0 0 0 0 22 0 0 0 0 0 0 0 0 0 0 0 4 0 1 79 1 0 1 0 0 0 0 0 0 0 0 0 0 0 0 0 0 0 0 0 0 0 0 1 0 0 0 0 0 0 0 0 
 0 0 0 0 0 33 0 0 0 0 0 4 0 2 0 2 7 0 2 0 145 112 58 73 0 403 68 82 381 105 92 170 292 53 102 370 359 100 57 84 76 3 1 0 0 0 68 273 1 70 0 0 1 2 0 1 2 1 3 71 0 3 18 0 0 2 3 0 0 0 0 0 0 0 0 0 0 0 3 0 1 0 0 0 8 0 0 0 0 0 0 0 0 0 0 0 0 0 0 0 0 0 1 0 0 19 14 0 7 10 11 1 0 0 0 0 1 7 0 0 3 25 7 21 0 0 9 9 0 0 0 0 36 8 0 3 26 20 1 0 0 0 0 0 0 4 8 0 1 0 0 0 1 0 0 0 0 0 0 0 0 0 3 0 2 0 0 0 0 0 0 4 0 0 0 0 0 0 0 0 0 4 0 2 6 12 0 0 0 19 1 8 0 0 20 10 0 2 0 0 30 30 8 7 0 0 18 10 8 28 0 0 30 14 22 23 27 10 30 52 0 1 0 0 0 0 0 2 0 0 0 0 1 0 0 0 0 0 0 1 0 0 0 0 0 0 0 0 0 0 0 0 0 0 35 2 2 7 156 4 3 27 0 0 0 0 0 0 0 0 0 0 0 0 0 0 0 0 0 0 0 2 0 0 0 0 0 0 0 0 
 3 3 3 3 3 3 3 3 77 4 7 3 5 4 3 3 9 3 3 3 183 142 150 203 403 0 30 71 136 141 143 225 32 63 266 159 290 71 45 252 63 4 0 0 0 63 128 1 0 60 2 0 62 2 62 1 0 0 65 1 0 3 0 0 0 2 3 0 0 0 80 0 0 0 0 0 0 0 3 2 0 0 0 0 0 0 0 0 0 0 0 0 0 0 0 0 0 0 0 0 0 2 0 12 33 20 0 0 6 10 0 50 0 0 0 0 33 13 18 0 0 1 12 19 1 0 0 0 0 0 1 0 0 3 10 11 15 30 41 24 0 0 0 0 0 0 0 0 0 0 1 0 0 0 0 0 0 0 0 0 0 0 41 0 10 0 0 0 0 0 0 6 0 0 0 0 0 0 0 0 0 56 0 0 0 17 0 18 0 11 11 4 0 0 0 4 11 10 0 0 32 1 0 11 0 0 55 42 11 0 0 0 9 1 10 0 23 0 24 23 9 0 0 0 0 0 0 0 0 0 0 0 0 0 0 0 0 0 0 0 0 0 4 0 0 0 0 0 0 0 0 0 0 0 18 0 0 77 74 0 3 2 0 0 0 0 0 0 0 0 0 0 0 0 0 0 0 0 0 0 0 9 0 0 0 0 0 0 0 0 
 0 0 3 2 74 77 0 0 0 0 0 3 0 2 0 0 3 0 0 10 155 220 180 88 68 30 0 127 128 124 26 38 125 230 298 392 53 214 125 97 1 3 57 0 0 0 3 0 0 4 0 0 0 2 0 1 0 0 4 2 0 3 0 6 1 2 3 57 2 0 0 0 0 0 0 0 0 2 3 0 0 0 0 0 8 0 0 0 0 0 0 0 0 0 0 0 0 1 0 0 8 29 20 27 8 0 13 48 20 8 0 0 53 14 0 0 10 0 23 0 0 0 0 0 0 0 2 0 0 0 0 0 0 0 0 0 0 0 0 0 0 0 0 0 0 0 0 0 0 0 0 0 0 0 0 0 0 0 0 0 0 0 0 1 0 9 0 0 0 0 0 0 0 0 0 1 0 0 0 0 18 27 36 4 14 0 10 16 25 0 44 7 19 22 31 0 29 10 13 67 0 0 0 0 2 0 0 0 0 0 0 0 0 0 0 0 0 0 1 0 0 0 0 7 0 10 0 0 0 0 15 0 0 0 0 0 0 2 0 0 0 0 0 0 0 0 0 0 0 12 1 0 0 0 5 0 0 0 0 2 21 0 0 0 0 0 0 0 0 0 0 0 0 0 2 0 0 0 0 11 0 0 0 0 1 0 17 11 0 0 
 0 0 0 26 78 1 0 6 0 76 0 7 0 0 1 0 0 0 0 0 212 596 309 184 82 71 127 0 88 63 38 43 328 421 218 252 269 44 129 52 6 4 0 2 2 1 3 6 2 5 5 1 3 2 4 3 4 1 5 3 2 3 0 2 3 2 8 0 0 5 0 4 60 6 0 0 0 0 6 0 0 0 0 0 19 0 0 0 0 9 0 0 0 0 0 0 0 0 0 0 23 0 10 8 26 46 34 29 13 26 14 0 15 0 6 37 13 27 12 0 0 0 13 0 2 0 0 0 0 0 0 0 0 0 0 0 0 0 0 6 0 2 0 0 0 0 2 0 0 9 0 0 0 0 0 4 0 0 0 0 0 0 0 0 0 0 0 0 0 0 0 0 0 0 0 0 0 0 0 0 45 20 2 2 19 0 27 10 16 6 18 4 0 19 12 24 47 6 11 23 1 0 0 0 0 0 0 14 0 0 0 0 0 0 0 0 0 0 0 0 0 0 0 0 0 0 0 0 0 0 0 0 0 0 0 0 7 0 0 0 0 0 12 0 0 0 0 0 0 38 0 0 0 1 63 0 3 0 2 2 4 2 0 0 0 0 0 0 0 0 0 2 0 0 0 0 0 0 0 0 0 10 0 0 0 1 0 0 0 0 
 3 3 4 3 4 3 209 3 3 3 4 4 4 3 3 3 3 3 3 3 226 57 128 173 381 136 128 88 0 299 32 52 61 95 111 143 376 144 62 136 2 2 0 0 0 0 121 0 0 4 2 0 0 28 0 2 0 0 3 128 0 3 1 0 0 2 3 0 0 0 0 0 1 0 0 0 0 0 11 0 17 0 0 0 0 0 0 0 0 0 0 0 0 0 0 0 0 0 0 0 0 18 1 0 0 33 37 0 17 10 14 0 0 0 29 0 1 17 0 0 15 2 0 0 0 0 28 3 0 0 0 22 20 10 0 9 0 0 18 40 0 0 0 0 0 0 0 2 3 0 0 1 0 0 0 0 0 0 0 0 0 0 1 0 0 0 0 0 0 0 0 14 3 0 0 0 0 0 0 0 0 0 2 51 13 2 15 26 14 9 51 25 9 1 26 36 0 59 0 0 17 0 0 0 0 0 19 0 5 0 0 0 32 0 7 0 0 0 0 28 1 0 0 0 0 0 0 0 0 0 0 0 0 0 0 0 0 0 0 0 0 0 0 0 0 0 0 0 0 0 0 0 0 0 2 0 0 2 1 1 4 0 0 0 0 0 0 0 0 0 0 0 0 0 0 0 0 0 0 0 0 1 0 0 0 8 0 0 0 0 
 0 0 0 103 3 0 0 3 0 0 2 4 0 0 0 0 0 103 2 0 59 53 125 284 105 141 124 63 299 0 183 136 261 71 213 486 231 108 68 163 3 3 0 0 0 0 40 0 0 3 0 0 43 2 0 2 1 0 140 80 0 3 0 0 0 2 3 0 0 0 0 0 0 0 0 0 0 0 3 0 9 0 0 0 0 0 0 0 0 0 0 0 0 0 0 0 0 0 0 0 9 24 12 14 46 22 20 1 9 9 0 28 16 1 6 8 8 0 3 0 8 14 1 0 0 0 0 39 0 0 22 2 17 10 10 0 0 0 23 0 0 0 0 0 0 0 0 0 0 0 0 1 0 0 0 0 0 0 0 0 0 0 0 0 0 0 0 0 13 0 1 0 0 0 0 0 0 0 0 0 0 12 22 11 2 35 11 20 1 2 6 26 7 0 30 15 3 12 0 3 1 0 0 0 0 0 0 19 0 0 1 0 1 0 0 0 0 0 9 4 2 0 0 0 0 0 0 0 0 0 0 0 0 0 0 0 0 0 0 0 0 0 0 0 0 0 0 0 0 0 0 0 0 0 11 0 0 76 0 4 0 0 0 0 0 0 8 0 0 0 0 0 0 0 0 0 0 0 0 0 0 0 0 0 0 0 0 0 0 0 
 1 1 3 2 2 2 2 7 1 79 1 2 1 1 3 2 5 1 2 1 37 60 41 200 92 143 26 38 32 183 0 193 128 29 77 87 451 48 37 479 4 2 2 8 0 0 34 0 63 3 2 2 2 2 34 2 2 0 10 4 0 3 0 0 2 3 3 0 4 3 0 0 2 0 4 0 0 0 3 3 0 0 0 0 0 0 0 0 0 0 0 0 0 0 0 0 0 0 21 0 5 9 9 12 32 0 0 1 0 0 22 52 18 0 7 10 8 0 0 0 0 0 7 0 0 0 0 15 0 0 1 0 0 0 0 0 8 0 15 0 0 1 0 0 0 0 0 0 0 0 0 0 0 0 0 0 0 0 0 2 0 0 0 0 0 0 0 0 0 0 0 0 0 0 0 0 0 0 0 0 0 0 0 0 0 60 17 13 24 10 0 8 0 0 0 31 18 0 0 11 2 28 0 0 0 0 9 18 0 34 7 0 14 27 16 0 0 37 49 0 0 0 0 0 0 2 6 0 0 0 0 0 0 0 0 0 0 0 0 0 0 0 0 0 0 0 0 0 1 0 0 0 0 2 9 0 2 7 73 1 0 0 0 0 1 0 9 0 0 0 0 0 0 0 0 0 0 0 0 0 0 0 0 0 0 0 0 0 0 0 
 4 2 5 61 0 1 1 14 2 1 2 1 2 2 3 2 1 2 1 2 151 132 36 64 170 225 38 43 52 136 193 0 41 37 42 197 169 144 59 35 1 5 0 1 2 2 62 2 2 5 0 0 2 4 3 1 1 6 3 63 0 5 0 2 0 4 3 0 4 8 6 0 0 0 0 2 1 1 4 1 0 0 0 0 0 0 0 0 0 0 0 0 0 0 0 0 0 0 1 0 0 11 0 18 0 9 13 0 16 0 44 13 0 0 42 13 4 14 0 0 9 0 0 1 0 0 14 0 0 0 0 0 12 8 0 0 10 24 35 7 0 0 0 0 0 0 0 0 0 0 0 0 0 0 0 0 0 0 0 0 0 0 0 0 0 1 0 0 0 0 0 6 3 0 0 0 0 0 0 0 0 0 0 15 43 8 0 12 11 0 13 27 0 0 15 14 20 46 0 0 14 18 30 0 0 0 18 0 5 20 0 0 17 14 21 0 14 63 0 2 0 0 0 0 0 0 1 0 0 0 0 1 0 0 0 0 0 0 0 0 0 0 0 0 0 0 0 0 2 0 0 0 0 0 10 0 4 5 76 6 0 2 0 0 2 0 14 0 0 0 0 0 0 0 0 0 0 0 0 0 0 2 0 0 0 0 0 0 0 0 
 203 0 0 0 98 76 0 0 0 0 0 95 0 0 0 0 0 0 0 2 156 65 186 272 292 32 125 328 61 261 128 41 0 320 323 340 218 130 85 48 2 2 0 0 0 0 3 0 0 66 0 0 0 2 0 2 1 1 7 3 0 30 0 0 0 2 3 0 0 0 0 1 1 0 0 0 0 80 3 0 0 0 0 0 0 2 0 0 0 0 0 0 0 0 0 0 0 0 0 0 52 1 62 24 13 10 0 9 17 8 0 12 30 3 21 29 17 12 0 13 0 0 0 5 0 0 0 0 0 0 0 0 0 0 0 0 0 0 0 0 0 0 0 11 13 0 0 0 0 0 0 0 0 0 0 2 0 0 0 12 0 0 0 0 14 7 0 1 0 0 0 6 0 0 0 0 0 0 0 0 0 27 26 8 9 13 0 11 29 1 11 9 0 8 44 17 19 0 0 43 0 0 0 0 0 0 0 0 3 0 0 0 0 0 0 0 0 0 0 0 0 0 0 0 0 0 0 0 0 0 0 0 0 1 0 0 0 0 0 0 0 0 0 0 0 0 0 0 0 0 0 0 0 0 17 1 2 0 0 1 0 1 0 0 0 0 1 0 0 0 0 0 0 0 0 0 0 0 0 35 0 0 0 0 0 0 35 0 0 0 
 0 0 0 149 60 6 0 34 3 0 0 164 4 1 0 0 0 1 0 0 42 85 210 311 53 63 230 421 95 71 29 37 320 0 234 126 41 446 182 220 2 3 0 73 0 1 3 0 0 65 0 0 0 2 0 2 0 0 12 0 0 3 0 0 0 2 3 0 0 0 0 1 0 0 0 0 0 0 3 0 0 0 0 0 24 2 0 8 0 11 28 14 0 0 0 8 15 24 0 0 29 46 18 23 9 0 17 62 20 9 0 0 34 14 0 0 12 12 20 12 0 0 0 0 0 0 0 0 0 0 0 0 0 0 0 0 0 0 0 0 0 4 0 0 10 0 0 0 0 0 0 0 0 6 0 7 0 0 0 0 0 0 0 0 0 43 21 0 0 0 0 0 0 0 0 14 0 4 0 0 37 21 44 45 13 0 32 1 28 0 26 14 14 41 11 1 38 0 11 46 0 0 0 0 0 0 0 0 0 0 0 0 0 0 0 0 0 0 0 0 0 0 0 0 0 0 0 0 0 13 0 0 0 0 0 0 0 0 0 0 0 0 0 0 0 0 0 0 0 74 1 74 0 0 5 0 2 0 0 2 5 0 0 0 0 0 0 0 0 0 0 0 0 0 0 3 0 0 0 12 0 0 0 0 0 0 0 0 0 0 
 0 0 0 74 73 79 0 0 0 1 2 2 0 2 0 2 2 0 2 0 151 149 140 155 102 266 298 218 111 213 77 42 323 234 0 553 316 57 74 399 2 3 0 0 0 0 3 0 0 10 0 0 0 2 0 2 0 0 3 0 0 3 0 0 0 2 3 0 0 0 0 0 0 0 0 0 0 0 3 0 1 0 0 0 1 14 0 0 0 0 0 0 0 0 0 0 0 0 0 0 21 19 29 57 0 14 13 14 26 1 11 10 9 14 0 1 11 1 9 7 0 0 0 0 0 0 0 0 0 0 0 0 0 0 0 0 0 0 0 4 0 0 0 0 0 2 4 0 2 0 0 0 0 0 0 0 0 0 0 1 0 0 0 0 0 9 0 0 0 0 0 0 0 0 0 1 0 0 0 0 7 22 24 15 0 0 14 34 0 33 24 31 21 25 1 15 0 14 0 27 0 0 0 0 0 0 0 0 0 0 0 0 0 0 2 0 0 0 0 0 0 0 0 0 0 0 0 2 0 0 0 0 1 0 0 16 0 0 0 0 0 0 0 0 0 0 0 0 0 73 19 0 0 1 11 0 0 0 0 3 4 0 0 0 0 0 0 0 0 0 0 0 0 0 0 0 0 0 0 1 0 0 0 0 0 0 1 0 0 0 
 0 0 0 113 73 0 0 3 0 0 0 3 1 2 0 0 0 114 1 3 114 134 149 296 370 159 392 252 143 486 87 197 340 126 553 0 463 121 123 141 2 208 0 0 0 0 60 0 0 4 0 0 1 3 0 3 0 0 3 63 0 3 0 0 0 2 3 0 0 0 0 1 1 0 0 0 0 0 3 0 0 0 0 0 0 0 0 0 0 0 0 0 0 0 0 0 0 0 0 0 14 35 9 13 13 50 69 13 19 8 23 23 12 0 26 14 17 27 0 0 9 0 0 2 0 0 14 0 0 0 0 0 12 8 1 0 0 0 23 12 0 0 0 0 0 0 0 0 0 0 0 0 0 1 0 0 0 0 0 0 0 0 0 0 0 6 0 0 0 0 0 6 3 0 0 0 0 0 0 0 10 9 0 5 31 18 14 34 17 0 48 43 11 34 23 22 9 44 0 0 1 0 0 2 0 0 19 0 6 0 0 0 5 0 31 0 9 0 0 1 0 0 0 0 0 12 0 0 0 0 0 0 0 0 0 0 0 0 0 0 0 0 0 0 0 0 0 0 0 0 0 0 0 0 5 2 2 1 1 3 2 1 0 0 0 0 14 0 0 0 0 0 0 0 0 0 0 0 0 24 0 4 0 0 0 0 0 0 0 0 
 0 0 3 0 0 11 2 2 0 0 0 76 0 0 1 0 5 0 0 0 179 115 52 203 359 290 53 269 376 231 451 169 218 41 316 463 0 88 53 449 4 3 0 2 2 0 32 2 0 3 0 0 16 2 4 0 2 0 67 63 3 4 2 0 0 3 5 0 2 0 0 0 1 0 2 8 0 1 5 0 0 0 0 0 0 0 0 0 0 0 0 2 0 0 0 0 0 0 0 0 13 7 11 19 19 12 10 1 69 0 33 20 0 0 11 13 8 29 1 0 8 12 0 0 0 26 0 14 0 0 0 0 34 8 0 0 0 0 0 1 0 0 0 0 0 3 5 0 0 0 0 0 0 0 0 0 0 0 0 0 0 0 0 0 0 0 35 0 0 0 0 0 0 0 0 0 0 0 0 0 1 1 19 15 24 25 0 20 36 30 0 22 0 1 19 30 0 10 0 1 9 28 0 0 0 0 0 0 0 15 0 0 19 30 15 1 0 11 12 0 0 0 0 0 0 0 0 0 0 0 0 0 7 0 0 0 0 0 0 0 0 0 0 0 0 0 0 0 0 0 0 0 0 23 3 0 0 84 89 2 1 20 0 0 0 0 12 0 0 0 0 0 0 0 0 0 0 0 0 0 0 10 0 0 0 0 1 0 0 0 
 0 0 0 0 211 63 4 205 3 0 0 0 1 0 0 0 3 0 0 2 150 33 291 64 100 71 214 44 144 108 48 144 130 446 57 121 88 0 52 113 2 5 2 0 0 0 66 1 64 5 0 4 0 2 0 2 0 62 4 208 0 3 0 0 0 2 3 0 6 0 0 0 1 0 0 0 0 0 3 2 0 0 0 0 0 0 0 0 0 0 0 0 2 0 0 0 0 0 0 0 12 18 3 0 0 13 20 1 21 0 0 0 0 0 0 0 1 22 8 0 0 0 0 0 0 0 0 0 2 0 0 8 1 4 0 1 7 1 0 8 0 0 0 0 2 0 0 0 0 0 1 0 0 0 0 0 0 0 0 0 0 0 30 0 9 0 0 0 0 0 0 6 0 0 0 0 0 0 0 0 1 9 9 26 11 17 14 11 11 10 18 16 11 9 28 8 1 12 0 17 10 0 0 11 0 0 25 23 12 0 0 0 0 0 10 0 0 0 0 12 0 0 0 0 0 0 0 0 0 2 0 0 0 0 0 0 0 0 0 0 0 0 0 0 0 0 0 0 0 0 0 0 0 0 16 0 0 1 73 2 9 0 0 0 0 0 0 0 0 0 0 0 0 0 0 0 0 0 0 0 0 0 0 0 0 8 15 0 0 0 
 2 0 63 75 84 0 0 57 0 1 1 39 2 0 8 19 1 81 0 0 65 47 239 65 57 45 125 129 62 68 37 59 85 182 74 123 53 52 0 309 2 3 0 0 0 0 3 0 0 65 0 0 27 2 1 2 0 1 7 0 0 3 33 0 0 2 3 0 0 0 0 0 52 3 0 0 0 0 3 0 0 0 7 10 13 18 0 9 14 0 23 1 2 0 0 29 33 0 1 0 20 41 13 11 0 0 24 40 0 6 8 0 50 42 18 26 0 12 21 39 0 0 0 0 0 0 0 0 0 0 0 0 0 0 0 0 0 0 0 0 0 10 0 0 0 0 0 0 0 0 0 0 0 11 0 9 0 0 2 0 15 0 1 9 1 10 0 33 5 20 0 0 0 0 0 28 12 0 0 0 33 20 18 0 19 0 11 11 40 10 0 24 25 11 0 2 22 1 10 5 0 0 0 0 0 0 0 0 0 26 0 0 0 0 0 0 0 0 0 0 0 0 0 0 0 0 1 0 0 0 0 1 0 0 0 0 0 0 0 0 0 0 0 0 0 0 0 0 0 0 0 0 0 0 8 1 0 0 0 0 0 0 0 0 0 0 0 0 0 0 0 0 0 0 0 0 0 0 0 15 0 0 0 0 0 0 0 0 0 0 
 0 0 75 114 112 4 0 2 3 99 93 171 2 0 1 74 63 0 0 0 43 33 41 62 84 252 97 52 136 163 479 35 48 220 399 141 449 113 309 0 0 4 0 0 0 0 6 0 0 3 4 0 0 2 0 1 0 0 3 0 0 3 0 0 0 2 3 0 0 10 0 0 0 0 0 0 0 0 3 0 0 0 10 19 24 19 0 0 19 34 36 3 0 0 0 19 19 34 0 0 0 33 9 15 0 0 35 10 0 1 8 0 30 57 10 0 0 24 29 13 0 0 0 0 0 0 0 0 0 0 0 0 0 0 14 0 0 0 0 0 0 6 0 0 0 0 2 0 0 0 0 0 0 6 0 0 0 0 0 0 0 0 0 0 14 7 0 0 2 1 15 0 0 0 0 19 0 1 0 1 86 9 15 0 12 0 30 13 1 0 15 8 17 17 14 0 0 10 9 22 1 0 0 23 0 0 0 0 0 0 0 0 0 0 0 1 0 0 0 0 0 0 0 0 0 0 0 0 0 0 0 0 0 0 0 0 0 0 0 0 0 0 0 0 0 0 0 0 79 1 0 0 0 0 10 2 2 0 0 1 1 0 5 0 0 0 0 0 0 0 0 0 0 0 0 0 13 0 0 0 0 0 0 0 0 0 0 0 0 0 
 4 5 3 4 4 4 5 10 6 7 60 9 4 4 4 3 5 1 5 4 1 1 4 0 76 63 1 6 2 3 4 1 2 2 2 2 4 2 2 0 0 239 86 40 39 248 152 160 244 287 27 108 400 50 138 167 246 287 103 128 0 0 1 0 0 0 0 0 0 0 0 0 0 0 0 0 0 0 0 0 0 0 0 0 0 0 0 0 0 0 0 0 0 0 0 0 0 1 0 0 0 0 0 0 0 0 0 0 0 0 0 12 0 0 0 0 0 0 0 0 2 14 26 17 2 17 2 14 18 17 2 2 12 49 25 57 12 21 1 29 1 2 0 1 2 0 2 2 2 2 3 1 2 2 0 0 1 0 19 2 0 0 0 1 0 0 0 0 0 0 0 0 0 0 1 0 0 0 0 0 0 0 0 0 0 0 0 0 0 0 0 1 0 0 0 0 0 0 0 0 12 1 10 2 10 2 13 0 17 33 23 1 12 11 10 28 33 88 16 1 2 0 0 1 1 2 0 0 2 1 2 2 34 1 10 2 0 0 1 10 0 0 0 0 0 0 2 0 0 0 0 8 0 0 0 0 1 0 2 22 0 0 37 2 0 5 2 0 2 0 2 0 0 0 0 0 0 0 0 0 0 0 2 0 16 0 0 0 0 0 
 0 0 0 0 0 0 2 0 0 1 0 3 0 0 0 0 3 0 0 0 3 3 5 3 3 4 3 4 2 3 2 5 2 3 3 208 3 5 3 4 239 0 193 92 53 34 371 219 285 174 32 263 148 69 72 131 357 119 126 54 3 0 6 0 0 0 0 0 2 1 0 2 2 3 2 0 0 0 5 4 0 8 0 0 0 0 0 0 0 0 0 0 0 12 0 0 0 0 0 0 0 0 0 0 0 0 0 0 0 0 0 1 0 0 0 0 0 0 0 0 0 0 9 0 6 0 0 0 3 17 22 0 0 13 26 12 1 9 11 8 0 0 0 0 0 0 0 0 0 0 0 0 1 0 0 0 0 0 0 0 0 0 0 0 0 0 0 0 0 0 0 0 0 0 0 0 0 0 0 0 0 0 0 0 0 0 0 0 0 0 0 0 0 0 0 1 0 0 0 0 0 6 33 0 1 0 30 21 21 24 13 0 1 107 42 0 1 62 35 0 0 0 0 7 5 0 0 0 0 0 6 0 19 0 0 2 7 0 0 1 6 0 0 0 0 0 0 0 0 0 0 32 0 1 0 0 0 0 0 2 0 0 2 0 0 19 4 0 0 0 0 0 0 0 0 0 0 0 0 0 0 0 0 0 0 0 0 0 0 9 
 0 0 0 0 0 2 0 6 3 0 0 0 0 0 0 0 3 0 0 0 0 0 0 0 1 0 57 0 0 0 2 0 0 0 0 0 0 2 0 0 86 193 0 314 63 34 278 328 419 59 62 52 87 144 125 103 159 157 41 37 0 9 0 0 0 0 0 0 0 0 0 0 0 2 0 0 0 0 10 0 0 0 0 0 0 0 0 0 0 0 0 0 0 0 0 0 0 0 0 0 0 0 0 0 0 0 0 0 0 0 0 1 0 0 0 0 0 0 0 0 0 13 1 20 4 6 0 17 10 18 31 27 0 0 4 11 0 25 0 14 18 0 4 0 0 0 0 0 6 0 0 0 7 0 10 16 0 8 0 0 0 0 0 0 0 0 0 0 0 0 0 0 0 0 0 0 0 0 0 0 0 0 0 0 0 0 0 0 0 0 0 0 0 0 0 0 0 0 0 0 0 31 47 11 5 19 1 4 0 0 21 35 1 13 7 13 21 5 44 0 20 0 30 0 0 0 21 1 6 0 4 0 8 0 7 0 0 0 16 0 0 0 0 0 0 0 0 0 0 0 0 6 0 1 0 0 0 0 0 2 0 0 0 0 2 2 0 4 0 0 12 0 0 0 0 0 0 0 0 0 0 0 0 0 4 20 0 0 0 0 
 2 2 2 2 2 2 8 2 2 2 2 2 2 2 2 2 2 2 2 2 0 0 0 0 0 0 0 2 0 0 8 1 0 73 0 0 2 0 0 0 40 92 314 0 402 148 106 326 145 140 78 122 62 99 179 166 112 150 306 52 51 14 0 0 0 0 75 24 0 0 0 0 0 2 211 0 0 0 54 23 0 14 0 0 8 0 0 11 0 0 15 0 0 0 0 0 0 0 0 0 0 0 0 0 0 0 0 0 0 0 0 0 0 0 0 0 0 0 0 0 0 64 8 14 0 14 0 0 10 0 2 20 0 0 0 1 19 10 0 0 23 15 10 0 3 0 0 9 6 7 0 0 0 0 19 12 0 0 14 5 0 0 0 0 0 0 0 0 0 0 0 0 0 8 41 0 0 0 0 0 0 0 0 0 0 0 0 0 0 0 0 0 0 0 0 0 0 0 0 0 0 0 0 5 18 34 0 0 12 6 24 45 0 0 0 18 15 0 0 0 2 16 36 1 0 0 0 0 0 0 0 0 14 8 6 0 5 0 31 11 0 0 0 0 0 0 0 0 0 0 0 4 0 0 0 0 0 0 0 34 0 0 0 15 65 4 0 8 2 0 0 0 0 0 0 0 0 0 0 0 0 0 0 0 0 19 0 13 0 0 
 3 3 3 3 2 3 3 3 3 3 3 4 3 3 3 3 8 3 2 5 0 0 1 0 0 0 0 2 0 0 0 2 0 0 0 0 2 0 0 0 39 53 63 402 0 101 33 74 75 73 365 84 66 57 251 109 57 35 72 58 23 0 5 1 0 5 79 55 15 1 2 3 4 0 60 55 1 5 228 112 0 0 0 0 0 0 0 0 0 0 0 0 0 0 0 0 0 0 0 0 0 0 0 0 0 0 0 0 0 0 0 0 0 0 0 0 0 0 0 0 0 0 0 0 0 0 0 0 0 0 0 18 0 0 0 0 0 0 0 0 1 15 9 0 11 0 0 1 32 26 2 0 24 4 24 14 6 18 1 40 0 0 0 0 0 0 0 0 0 0 0 0 0 0 0 0 0 9 6 0 0 0 0 0 0 0 0 0 0 0 0 0 0 0 0 0 0 0 0 0 0 0 0 0 0 56 0 0 0 0 0 9 0 0 0 10 0 0 0 0 62 14 25 10 1 22 55 53 21 0 3 3 6 23 15 2 0 38 0 18 0 0 0 0 0 0 0 0 0 0 0 2 0 2 0 0 0 0 0 5 0 0 0 0 40 0 3 1 1 2 2 0 0 22 0 0 0 0 0 0 0 0 0 0 0 0 0 17 0 0 
 0 0 0 0 0 0 0 0 2 64 0 0 0 0 0 0 3 0 0 58 0 0 0 0 0 63 0 1 0 0 0 2 0 1 0 0 0 0 0 0 248 34 34 148 101 0 62 48 268 38 195 64 68 53 56 191 133 48 253 269 0 0 0 1 0 0 0 51 1 0 5 0 0 0 57 56 0 0 50 53 0 0 0 0 0 0 0 0 0 0 0 0 0 0 0 0 0 0 0 0 0 0 0 0 0 0 0 0 0 0 0 0 0 0 0 0 0 0 0 0 0 14 0 6 26 1 0 0 27 0 16 33 0 0 0 0 0 13 0 0 7 0 13 0 14 0 0 0 2 34 0 0 26 0 37 11 3 5 20 6 0 0 0 0 0 0 0 0 0 0 0 0 0 0 0 0 0 0 7 0 0 0 0 0 0 0 0 0 0 0 0 0 10 0 0 0 0 0 0 0 0 0 12 36 0 25 0 0 36 2 20 34 0 0 0 0 0 0 0 0 16 41 26 0 1 0 8 25 16 0 0 0 7 7 0 0 0 22 20 40 0 0 0 0 0 0 0 0 0 0 0 10 0 0 0 0 0 0 0 0 0 0 4 0 0 0 0 1 0 0 19 0 0 21 0 0 0 0 0 0 0 0 0 0 13 0 0 36 0 0 
 0 0 0 0 0 2 3 7 0 2 0 3 2 2 0 0 3 0 0 4 3 3 6 70 68 128 3 3 121 40 34 62 3 3 3 60 32 66 3 6 152 371 278 106 33 62 0 101 349 31 31 32 221 399 79 42 102 235 374 197 0 0 0 0 6 0 0 0 0 0 203 0 0 0 0 0 0 0 0 0 0 1 0 0 0 0 0 5 1 5 0 0 0 0 1 4 0 0 1 0 0 0 0 0 17 0 0 0 0 1 0 12 0 0 0 0 0 10 0 0 12 16 24 0 0 0 10 10 0 22 0 8 21 44 9 35 13 22 29 3 0 0 0 0 0 0 0 0 0 0 0 0 0 0 0 0 0 0 0 0 0 0 0 0 0 0 0 0 0 0 0 3 6 1 0 0 4 0 3 0 0 0 0 0 0 34 0 0 0 0 0 28 12 0 0 0 0 11 0 0 0 6 21 0 0 0 32 18 39 17 14 0 1 39 20 0 0 2 1 13 0 0 0 0 0 0 0 0 0 0 0 0 0 0 0 0 0 0 0 0 0 0 0 0 0 0 0 0 0 0 0 16 0 2 0 0 0 62 0 0 0 0 0 0 0 3 0 0 0 0 0 0 0 0 0 0 0 0 0 0 0 0 0 0 0 0 0 0 0 0 
 11 2 2 6 2 2 2 5 2 5 5 5 2 2 5 2 6 2 10 6 0 0 0 0 273 1 0 6 0 0 0 2 0 0 0 0 2 1 0 0 160 219 328 326 74 48 101 0 148 326 99 107 415 200 68 264 120 30 130 55 18 0 6 0 0 0 0 0 0 0 0 0 0 0 0 0 0 0 51 5 0 0 1 1 2 4 0 1 0 0 0 1 0 0 0 0 1 0 0 0 0 0 0 0 0 0 0 0 0 0 0 0 0 0 0 0 0 1 0 0 0 19 1 14 42 19 9 10 1 6 13 7 9 40 9 97 0 15 0 7 0 0 0 0 0 0 0 0 0 0 0 0 13 0 0 0 0 7 0 0 7 0 1 0 1 1 0 1 4 0 7 0 0 0 0 3 0 5 0 0 0 0 0 0 0 0 0 0 0 0 0 1 0 0 0 0 0 0 0 0 1 20 26 11 9 1 1 33 1 13 26 0 32 6 1 76 8 41 8 0 12 0 0 0 0 0 0 0 0 0 0 0 0 0 12 0 0 4 10 12 0 0 0 0 0 0 0 0 0 0 0 7 0 1 0 0 0 62 1 0 0 0 4 0 2 0 4 0 0 0 0 0 2 0 0 0 0 0 0 0 0 0 0 0 16 0 0 0 0 0 
 0 0 0 0 0 0 0 0 0 1 0 2 0 0 1 0 2 0 0 2 0 0 0 110 1 0 0 2 0 0 63 2 0 0 0 0 0 64 0 0 244 285 419 145 75 268 349 148 0 80 69 104 319 260 494 121 200 46 103 55 0 0 0 49 0 0 47 0 0 0 36 0 0 52 0 0 0 0 0 0 0 0 0 0 0 0 0 0 0 0 0 0 0 0 0 0 0 0 0 0 0 0 0 0 0 0 0 0 0 0 0 26 0 0 0 0 0 0 0 0 36 20 29 91 6 3 5 0 9 3 29 0 0 5 22 1 53 0 14 0 0 13 0 0 0 0 0 8 0 0 0 0 1 0 28 10 0 1 36 0 0 0 0 0 0 0 0 0 0 0 0 0 0 11 25 0 0 0 0 0 0 0 0 0 0 10 0 0 0 0 0 19 0 0 0 0 0 0 0 0 9 11 1 51 13 0 40 32 3 17 3 13 0 30 2 4 1 20 0 3 0 0 0 0 0 0 0 0 0 0 0 0 0 0 0 0 0 0 9 17 0 0 0 0 0 0 0 0 0 0 0 9 0 2 0 0 0 0 0 0 0 0 0 65 0 1 0 0 0 0 0 0 0 1 0 0 0 0 0 0 0 0 0 0 0 0 0 0 0 0 
 0 3 0 0 0 0 0 0 0 3 0 0 0 4 0 0 2 0 0 0 4 4 4 3 70 60 4 5 4 3 3 5 66 65 10 4 3 5 65 3 287 174 59 140 73 38 31 326 80 0 128 270 105 168 152 131 104 123 131 70 0 0 0 0 0 0 0 209 4 0 0 0 0 0 5 0 0 0 3 1 0 0 0 0 0 0 0 0 0 0 0 0 0 0 0 0 0 0 0 0 4 1 11 13 0 0 1 10 0 0 0 10 12 10 0 12 0 0 9 0 0 13 13 114 9 19 0 0 7 36 12 0 0 23 34 26 4 47 11 6 0 1 0 0 0 0 0 0 0 0 0 0 0 0 0 0 0 0 11 16 0 0 0 11 0 0 0 0 0 0 0 0 0 0 0 0 0 0 0 0 0 0 19 0 10 0 0 0 0 0 0 0 0 0 0 0 15 0 0 6 10 0 35 0 9 0 23 0 28 10 10 2 8 27 23 19 24 10 8 0 0 0 0 0 0 0 0 0 0 0 0 0 15 0 11 0 0 0 0 10 0 0 0 0 0 0 0 0 0 0 0 11 0 0 0 0 0 0 0 26 0 0 66 2 0 4 0 0 0 0 0 0 0 0 0 0 0 0 0 0 0 0 0 0 11 14 0 0 0 0 
 0 0 0 0 0 0 0 3 0 0 0 3 0 0 0 0 3 0 0 0 1 0 0 0 0 2 0 5 2 0 2 0 0 0 0 0 0 0 0 4 27 32 62 78 365 195 31 99 69 128 0 249 28 262 60 176 300 82 42 38 10 13 4 0 2 0 9 3 0 0 7 51 0 51 0 0 0 7 26 4 0 0 0 0 0 0 0 0 0 0 0 0 0 0 0 0 0 0 0 0 0 0 0 0 0 0 0 0 0 0 0 0 0 0 0 0 0 0 0 0 14 0 2 1 28 2 25 15 20 19 20 14 0 0 0 0 22 29 0 0 10 0 0 0 3 0 0 0 0 10 6 0 19 7 16 9 28 7 9 0 0 0 0 0 0 0 0 0 0 0 0 0 0 6 11 0 0 0 0 0 0 0 0 0 0 10 0 0 0 0 0 0 0 0 0 0 0 0 0 0 7 0 9 30 32 11 0 20 28 7 8 11 0 0 0 0 7 16 0 0 18 21 8 0 0 0 5 13 19 0 9 0 0 0 10 0 0 53 17 40 0 0 15 0 0 0 0 0 0 0 0 11 0 0 0 0 0 0 0 15 0 0 0 0 0 0 4 0 0 0 0 0 0 1 0 0 0 0 0 0 0 0 0 0 6 5 0 0 0 0 
 0 0 39 0 0 0 0 62 0 4 0 5 0 0 0 0 0 0 0 0 0 0 0 0 0 0 0 1 0 0 2 0 0 0 0 0 0 4 0 0 108 263 52 122 84 64 32 107 104 270 249 0 37 56 54 92 154 136 40 25 0 5 1 0 0 0 53 4 5 0 6 0 0 49 4 0 0 1 6 1 0 0 0 4 0 0 0 0 0 0 0 0 0 0 0 0 0 0 0 0 0 0 0 0 2 1 1 0 1 0 1 1 0 0 0 0 0 0 0 0 1 2 9 16 3 0 12 8 1 0 12 23 1 9 0 1 0 1 0 0 5 14 5 0 6 0 0 10 4 0 12 0 16 6 39 14 1 1 27 7 0 0 0 0 0 0 0 0 0 0 0 0 0 3 27 0 0 0 0 0 0 0 0 0 1 3 0 1 0 0 0 2 0 0 1 2 0 0 0 0 0 0 2 14 27 12 0 0 13 0 2 14 1 0 0 0 1 0 11 1 24 0 32 4 0 0 9 24 6 0 1 0 1 1 7 3 0 1 2 20 0 0 0 0 0 0 0 0 0 0 0 2 0 0 0 0 0 0 0 17 0 0 61 4 1 8 8 2 0 0 3 0 0 0 0 0 0 0 0 0 0 0 0 0 10 0 0 1 0 0 
 3 0 0 6 0 3 5 6 0 0 3 3 0 0 8 10 18 0 0 9 0 0 0 125 1 62 0 3 0 43 2 2 0 0 0 1 16 0 27 0 400 148 87 62 66 68 221 415 319 105 28 37 0 391 23 33 93 39 211 120 0 3 0 0 0 3 2 0 0 0 0 6 0 0 0 0 0 0 0 0 0 0 5 4 0 4 0 0 0 1 0 14 0 0 0 0 11 0 0 0 0 0 0 0 25 0 0 0 0 8 0 0 0 0 0 0 0 0 0 0 8 12 13 0 1 0 0 15 0 17 14 0 18 30 20 30 0 12 19 12 0 0 0 0 0 0 0 0 0 0 0 0 0 0 0 10 0 0 1 0 0 2 1 1 0 1 0 1 6 0 8 0 0 0 0 4 0 30 1 0 0 0 0 1 1 29 0 0 1 0 0 10 0 0 0 0 0 1 2 0 1 14 10 0 0 0 7 19 29 3 1 0 20 19 9 0 0 12 13 2 0 0 0 0 0 0 0 0 1 0 0 0 0 0 0 0 0 0 0 0 0 0 0 0 0 0 0 0 0 0 0 12 0 2 0 0 2 80 0 2 0 0 0 0 2 8 2 0 0 0 0 0 0 0 0 0 0 0 0 0 0 0 0 0 0 0 0 0 0 0 
 1 0 0 0 0 3 0 12 0 6 0 0 72 0 0 0 0 0 0 43 3 2 2 2 2 2 2 2 28 2 2 4 2 2 2 3 2 2 2 2 50 69 144 99 57 53 399 200 260 168 262 56 391 0 594 53 371 49 395 58 1 0 0 0 0 0 0 0 0 0 3 3 0 0 0 0 0 0 51 0 0 3 0 0 3 4 0 24 2 11 0 0 0 0 3 0 0 0 3 0 0 0 32 0 0 0 0 0 0 0 0 0 0 0 0 0 0 0 0 0 13 0 16 0 22 9 23 9 30 22 9 14 1 0 1 9 1 28 0 42 1 0 0 0 0 0 0 0 0 0 15 0 5 0 0 0 0 0 0 0 0 0 0 4 0 0 0 4 1 0 4 0 0 0 0 2 1 2 4 0 0 0 20 0 0 4 0 0 0 0 0 0 0 0 0 0 0 0 0 0 0 26 45 9 4 0 13 41 52 16 28 30 0 69 24 0 0 40 9 0 0 0 0 10 0 0 0 0 0 0 0 0 0 0 0 0 0 6 6 16 0 0 0 0 0 0 0 0 0 17 0 8 0 2 0 0 0 0 1 0 0 0 7 0 0 2 1 0 0 0 0 0 0 0 0 0 0 0 0 0 0 0 0 0 15 0 0 0 0 0 
 2 2 2 2 3 5 2 2 2 5 5 6 2 2 2 2 2 2 3 3 0 0 0 0 0 62 0 4 0 0 34 3 0 0 0 0 4 0 1 0 138 72 125 179 251 56 79 68 494 152 60 54 23 594 0 187 515 89 106 75 0 2 0 0 0 0 13 0 0 0 6 0 0 1 0 0 0 0 3 0 0 0 0 0 0 0 0 0 0 0 0 0 0 0 0 0 0 0 0 0 0 0 0 0 0 0 0 0 0 0 0 12 0 0 0 0 0 0 0 0 0 44 7 7 15 13 0 0 0 8 28 3 0 0 9 0 32 2 84 0 1 0 8 0 0 0 0 14 4 0 0 0 0 0 10 17 0 0 34 0 0 0 0 0 0 0 0 0 0 0 0 0 0 0 11 9 0 0 0 0 0 0 0 0 30 9 0 0 0 0 0 1 0 0 14 0 0 0 0 0 0 12 0 13 2 3 27 51 0 48 27 7 0 23 29 20 14 23 0 0 0 0 2 0 0 0 1 1 3 0 0 0 33 0 0 0 0 0 25 16 0 0 0 0 0 0 0 0 0 0 0 10 0 2 0 0 0 0 2 23 0 0 0 71 0 2 0 0 2 0 0 0 0 0 0 0 0 0 0 0 0 0 0 0 0 0 0 0 0 0 
 0 1 1 0 1 4 0 0 1 1 1 1 0 0 0 1 6 1 0 0 2 2 2 1 1 1 1 3 2 2 2 1 2 2 2 3 0 2 2 1 167 131 103 166 109 191 42 264 121 131 176 92 33 53 187 0 67 161 27 62 55 2 0 0 0 0 1 0 0 0 8 0 1 2 0 0 0 0 0 0 0 0 0 0 0 0 3 0 0 0 0 0 8 0 0 10 0 0 0 6 0 0 0 0 0 0 0 2 0 0 0 0 0 0 0 0 0 0 0 0 0 16 0 18 7 6 13 9 24 6 6 18 0 7 6 0 10 21 0 0 71 1 10 2 2 1 0 10 2 0 2 0 2 2 42 12 0 0 28 0 0 0 0 0 0 0 0 0 0 0 0 0 0 3 0 0 0 0 0 0 0 0 0 0 0 6 0 0 0 0 0 0 0 0 0 0 0 0 0 0 0 0 1 6 2 2 0 0 23 25 16 12 0 0 0 6 33 0 0 0 10 0 2 3 0 2 6 0 2 0 2 2 26 13 2 2 11 2 30 12 0 0 0 0 0 0 2 0 0 0 0 11 0 2 0 0 0 0 2 6 0 0 76 93 65 2 2 0 0 0 2 0 0 0 0 0 0 0 0 0 0 1 0 0 15 17 0 12 0 0 
 67 0 0 0 0 0 1 6 3 0 3 2 0 0 0 0 3 0 0 62 0 0 3 0 2 0 0 4 0 1 2 1 1 0 0 0 2 0 0 0 246 357 159 112 57 133 102 120 200 104 300 154 93 371 515 67 0 133 264 42 1 43 3 0 0 2 21 35 7 0 1 0 0 52 6 0 0 7 9 1 0 0 0 0 0 0 0 0 0 0 0 0 0 0 0 0 0 0 0 0 0 0 0 0 0 0 0 0 0 0 0 0 0 0 0 0 0 0 0 0 0 12 18 8 1 29 0 0 26 54 23 1 0 0 0 0 12 20 0 8 4 6 0 0 1 0 0 17 1 2 5 0 13 0 14 0 0 5 3 0 0 0 0 0 0 0 0 0 0 0 0 0 0 4 5 0 0 0 0 0 0 0 7 0 0 0 0 9 0 0 0 0 0 0 0 0 0 0 0 0 0 2 59 13 28 1 13 44 18 2 1 40 0 29 99 1 8 55 1 0 11 14 18 0 0 0 3 3 0 0 2 0 0 0 0 7 0 0 19 6 0 0 0 0 0 0 0 0 0 0 0 10 0 1 0 0 0 0 0 12 0 0 0 65 0 2 8 0 2 0 30 0 0 0 0 0 0 0 0 0 0 0 0 0 0 0 0 0 0 0 
 0 0 0 0 0 0 0 0 0 0 0 1 0 0 0 0 0 0 1 0 1 61 2 1 1 0 0 1 0 0 0 6 1 0 0 0 0 62 1 0 287 119 157 150 35 48 235 30 46 123 82 136 39 49 89 161 133 0 41 22 0 4 0 33 51 0 0 0 4 0 1 2 8 1 4 0 0 0 0 16 0 0 0 0 0 0 0 0 0 0 0 0 0 0 0 0 0 0 0 0 34 0 0 0 0 0 0 0 0 0 0 0 0 0 0 0 0 0 0 0 0 0 0 7 8 18 0 14 13 16 21 44 0 5 18 20 14 7 20 0 17 1 0 0 0 0 15 0 0 0 1 0 0 46 0 0 0 0 10 0 0 0 0 0 0 0 0 0 0 0 0 0 0 0 0 0 0 0 0 0 0 0 0 0 0 0 0 0 0 0 0 0 0 0 0 14 0 0 0 0 0 8 0 0 9 15 13 28 48 6 20 1 0 4 9 29 10 44 0 0 0 0 21 0 0 0 10 0 0 0 0 0 28 1 13 0 10 0 0 11 0 0 0 0 0 0 0 0 0 0 0 11 0 0 0 0 0 0 0 23 0 0 34 0 2 1 0 63 0 0 0 0 0 0 0 0 0 0 0 0 0 0 0 0 14 59 0 0 0 7 
 3 3 3 3 5 3 7 4 3 5 3 8 3 33 3 3 3 3 3 3 3 3 3 67 3 65 4 5 3 140 10 3 7 12 3 3 67 4 7 3 103 126 41 306 72 253 374 130 103 131 42 40 211 395 106 27 264 41 0 156 0 0 1 0 0 0 0 0 0 0 0 0 0 0 0 0 0 0 0 0 0 0 0 0 0 0 0 0 0 0 0 0 0 0 0 0 0 0 0 0 13 0 3 0 32 0 0 6 0 44 0 0 0 0 3 4 0 0 0 3 8 0 15 4 0 1 0 12 0 24 23 0 11 22 19 23 12 16 68 22 18 0 0 0 0 0 0 0 0 0 3 0 0 0 0 0 0 0 0 0 0 0 2 0 3 0 0 0 0 0 0 2 0 0 0 0 0 0 0 0 0 0 0 0 1 0 0 0 0 0 0 37 1 0 0 0 5 0 0 8 0 10 24 0 0 0 17 27 11 2 1 0 0 14 9 7 0 10 29 26 0 0 0 0 0 0 0 0 0 51 0 0 0 0 0 0 0 0 0 0 0 0 0 0 0 0 0 0 0 0 0 4 0 2 0 0 0 21 0 0 0 0 0 0 2 3 0 0 1 0 0 0 0 0 0 0 0 0 0 0 0 0 0 0 0 0 0 0 0 0 
 0 0 2 0 0 3 0 0 0 0 0 0 0 0 0 0 0 0 0 0 205 0 68 3 71 1 2 3 128 80 4 63 3 0 0 63 63 208 0 0 128 54 37 52 58 269 197 55 55 70 38 25 120 58 75 62 42 22 156 0 1 0 0 3 5 2 1 2 3 0 2 7 0 0 49 4 3 2 3 0 0 0 0 0 0 0 0 0 0 0 0 0 0 0 0 0 0 0 0 0 0 0 12 0 13 13 0 0 0 15 0 0 0 0 0 13 0 0 0 0 20 30 0 0 0 0 25 19 0 7 0 0 48 11 0 1 7 0 20 0 0 0 0 3 0 0 0 0 0 1 0 3 0 0 0 0 15 0 1 0 6 0 0 0 6 0 0 0 0 0 0 5 5 0 0 0 0 0 0 0 0 0 0 0 0 0 0 0 0 1 0 7 0 0 0 0 0 29 0 0 0 11 0 0 0 0 79 0 14 0 0 0 11 0 0 18 2 0 0 31 1 16 0 0 0 0 0 0 0 4 1 4 0 0 1 0 2 0 0 0 0 0 0 0 0 0 0 0 0 0 0 14 0 1 0 0 0 63 1 0 0 0 0 0 3 3 2 0 0 0 0 0 0 0 0 0 0 0 0 0 0 0 0 0 0 0 0 0 0 0 
 1 1 1 1 0 3 3 2 1 3 5 0 1 1 2 3 1 3 0 0 0 0 42 0 0 0 0 2 0 0 0 0 0 0 0 0 3 0 0 0 0 3 0 51 23 0 0 18 0 0 10 0 0 1 0 55 1 0 0 1 0 142 73 60 262 27 123 57 91 84 148 37 77 312 123 143 100 35 70 167 0 0 0 0 0 0 0 0 0 0 10 0 0 0 0 0 0 0 0 0 0 0 0 0 0 0 0 0 0 0 0 0 0 0 3 0 0 0 0 0 0 0 0 0 0 0 0 0 1 0 0 0 0 0 0 0 0 2 0 0 4 0 3 20 22 0 20 1 0 43 1 0 1 15 0 37 11 0 13 18 0 0 0 0 0 0 0 0 0 0 0 0 0 0 0 0 0 0 7 1 0 0 0 0 0 0 0 0 0 0 0 0 0 0 0 0 0 0 0 0 0 0 0 0 0 7 0 0 1 2 0 9 0 0 0 0 0 0 0 0 18 2 0 34 15 0 15 2 14 0 18 0 9 27 7 11 9 28 1 0 8 0 0 0 0 0 0 0 0 0 0 0 0 0 7 0 0 0 0 0 0 0 0 0 50 0 1 2 0 0 2 1 1 23 2 0 0 0 0 0 0 0 0 0 0 0 0 10 0 0 
