 0 309 148 129 133 74 195 55 248 179 232 263 135 108 133 235 24 119 55 62 3 0 0 3 0 3 0 0 0 2 1 1 0 0 0 0 0 0 0 0 0 0 0 2 0 3 0 0 0 0 0 0 0 2 3 0 0 1 3 0 0 2 2 0 0 0 0 0 0 0 3 3 3 3 0 0 0 0 0 0 15 2 0 15 2 0 40 37 4 21 11 0 0 15 24 0 10 0 15 14 0 0 0 0 0 1 0 0 0 0 0 0 0 1 0 0 0 0 0 0 0 0 0 0 0 0 1 0 0 0 7 0 0 2 0 0 0 0 0 0 1 0 0 1 1 0 0 29 0 0 1 2 0 0 9 0 0 0 0 0 13 15 4 0 14 0 0 47 77 40 14 10 31 0 18 9 15 0 0 16 0 0 0 0 2 0 0 0 0 0 0 0 0 0 16 0 0 0 0 0 0 0 0 0 1 0 0 0 0 0 0 0 0 0 0 0 0 0 0 0 0 0 0 0 2 1 0 0 0 0 1 2 0 0 0 0 0 0 0 0 0 0 0 0 0 1 4 2 0 0 0 7 0 0 0 0 0 0 0 0 11 0 0 0 0 0 0 0 0 0 0 0 0 0 0 0 0 1 0 0 0 0 0 0 0 0 0 0 0 0 
 309 0 191 70 36 116 176 277 58 31 86 332 59 129 154 114 120 91 35 49 3 30 0 118 0 3 0 0 0 2 0 0 0 0 0 0 0 0 0 0 0 0 0 2 0 2 0 0 0 0 0 3 0 0 3 0 0 8 3 0 0 3 2 0 0 0 0 0 0 7 1 0 2 3 0 3 0 0 0 0 1 16 9 10 41 0 26 18 14 1 0 18 21 0 6 14 0 36 7 0 0 0 0 0 0 0 0 0 0 0 0 0 29 11 0 0 2 0 19 0 0 0 0 0 0 0 0 2 0 0 10 0 0 0 0 0 0 0 0 0 0 0 0 2 0 13 0 0 6 0 0 0 0 0 0 0 0 0 0 0 0 11 23 17 1 0 1 0 0 11 16 0 0 15 2 14 21 11 3 28 0 1 0 0 0 0 15 0 0 0 0 0 0 0 0 0 0 0 12 0 0 0 0 0 8 0 0 0 0 0 0 2 0 28 0 0 0 0 0 0 0 0 0 0 0 0 0 1 0 0 0 0 0 0 0 0 62 0 0 0 0 0 0 0 0 1 0 2 3 121 2 15 0 0 0 0 0 0 0 0 0 0 0 0 0 0 0 0 0 0 0 0 0 0 0 0 9 0 0 0 0 0 0 0 0 0 0 0 0 2 
 148 191 0 276 139 40 291 189 355 261 59 52 272 113 144 289 67 236 149 41 3 0 2 3 0 4 0 2 0 0 0 2 0 0 2 0 0 0 0 0 0 1 0 2 0 3 0 0 0 0 0 0 0 0 3 0 0 1 3 0 0 3 2 0 0 0 0 1 0 34 0 2 2 3 0 0 57 0 0 0 31 1 0 33 0 0 32 33 19 74 13 13 0 45 40 14 15 0 0 3 11 0 0 0 0 0 0 0 0 0 0 0 0 1 0 0 0 0 0 0 0 0 0 0 0 0 1 0 0 0 0 0 0 0 0 0 0 0 0 10 1 0 0 0 0 0 0 6 0 0 0 0 0 0 0 0 0 0 0 0 14 15 1 13 15 0 0 37 51 46 29 10 12 0 10 10 27 0 17 19 0 0 0 2 0 0 0 11 0 0 0 0 2 0 0 0 0 0 0 0 0 0 0 0 0 0 0 0 0 0 0 0 0 7 0 0 0 0 0 0 0 0 0 0 0 0 0 0 0 0 0 0 15 0 0 0 0 0 0 0 0 0 0 0 0 3 1 0 0 97 0 14 0 0 0 0 0 0 2 0 0 0 0 0 0 0 0 0 0 0 0 0 0 0 0 0 0 1 0 0 0 0 0 0 0 0 0 0 0 0 
 129 70 276 0 71 120 169 159 287 292 63 224 90 162 188 60 339 73 308 80 76 0 0 3 0 3 1 0 0 0 0 1 148 72 20 0 0 0 0 2 0 0 0 2 0 3 4 0 0 0 0 0 0 0 3 0 0 0 3 0 0 3 2 0 0 0 0 0 0 6 1 3 2 3 0 46 0 0 0 0 0 2 10 50 23 0 13 0 53 8 10 24 0 11 1 11 12 0 0 0 44 8 0 0 0 0 0 11 0 0 0 0 0 0 0 0 0 0 30 14 0 0 0 0 0 0 8 0 0 0 0 0 0 13 0 0 0 0 0 0 2 0 0 0 0 45 0 0 0 0 0 0 0 0 0 0 0 0 0 0 0 26 0 71 30 37 0 9 17 1 20 0 0 0 14 27 1 25 0 22 2 15 0 1 1 0 1 8 0 0 0 0 55 23 0 0 0 0 3 0 9 0 2 0 0 16 0 0 0 0 0 0 0 11 0 0 0 0 0 0 1 2 0 0 0 0 0 0 0 0 0 0 0 0 0 0 0 0 0 0 0 8 0 0 0 0 0 0 2 3 23 6 0 0 0 0 0 0 0 0 0 0 12 0 0 0 0 0 0 0 0 0 0 0 0 0 4 8 0 0 0 0 0 0 0 0 0 0 0 0 
 133 36 139 71 0 261 73 274 165 153 193 102 74 143 132 643 349 137 284 85 78 0 36 6 0 108 0 155 0 76 1 2 1 91 0 0 84 0 76 75 0 0 0 2 0 3 0 0 0 0 0 0 0 0 3 0 0 2 3 0 0 2 2 0 0 0 0 0 0 0 3 3 3 3 0 1 0 0 0 0 21 10 0 0 0 39 0 17 17 0 18 0 0 0 24 0 0 41 0 0 14 1 2 22 0 0 0 0 8 0 0 0 18 0 0 0 0 9 24 15 0 0 0 0 0 0 0 0 0 0 0 15 0 0 0 0 0 0 0 0 2 0 0 0 0 0 0 5 0 0 0 0 0 0 0 0 0 0 0 0 7 11 0 0 0 10 0 20 15 33 0 0 0 0 0 0 12 0 0 23 19 15 0 25 0 0 9 0 0 0 0 0 11 0 21 0 10 0 18 30 0 0 0 0 0 0 0 0 0 0 0 0 0 0 0 0 0 0 0 0 0 0 0 0 0 0 0 0 0 0 0 0 0 0 0 0 0 0 0 0 0 0 0 0 0 1 3 0 1 0 0 0 0 0 0 0 0 0 0 0 0 0 0 0 0 0 0 0 0 0 0 0 0 0 0 20 10 0 0 0 0 0 0 0 0 0 0 0 0 0 
 74 116 40 120 261 0 41 37 104 221 295 359 34 49 144 100 244 186 57 52 64 0 0 3 3 3 73 48 4 83 0 77 0 32 1 0 73 1 81 75 2 0 0 2 0 3 5 0 0 0 0 0 0 0 3 0 0 0 3 0 0 2 2 0 0 0 0 0 0 6 2 50 3 3 0 0 0 0 0 0 0 15 0 13 0 30 0 0 9 15 28 12 0 0 0 10 0 21 0 0 18 0 0 25 0 0 1 1 19 0 0 0 5 0 0 0 2 24 0 61 0 0 0 0 0 0 0 0 0 0 0 0 0 0 1 0 0 0 0 0 1 0 0 2 0 0 0 0 0 0 0 0 0 2 0 0 0 0 0 0 19 2 0 34 0 38 0 2 0 8 18 0 0 0 0 0 0 14 2 0 14 0 0 16 0 0 19 9 8 0 0 0 24 10 17 17 31 0 18 26 0 0 2 0 0 0 1 0 0 0 0 0 0 5 0 0 0 0 0 0 0 1 0 0 7 0 0 0 0 0 0 0 0 0 0 1 0 0 12 0 0 0 0 0 0 5 2 0 0 85 1 8 0 0 0 0 0 0 0 0 0 11 10 0 0 0 0 0 0 0 0 0 0 0 0 0 7 0 0 0 0 18 0 0 0 0 0 0 0 0 
 195 176 291 169 73 41 0 230 177 28 50 55 301 270 226 439 233 39 557 143 3 3 4 151 0 3 3 6 3 1 3 2 0 1 3 0 0 0 0 1 0 2 3 6 0 3 3 0 0 2 2 0 0 0 3 3 2 4 3 0 3 2 38 0 6 0 0 0 0 0 5 6 3 3 0 0 4 2 0 0 33 0 63 27 0 0 12 9 9 12 0 0 19 73 0 11 54 0 33 13 0 0 0 1 0 0 0 0 0 0 0 0 0 0 0 21 2 0 0 0 0 0 0 0 0 0 0 2 0 0 0 0 0 0 1 0 1 0 0 0 2 1 0 14 0 0 0 0 7 0 0 0 0 0 0 0 1 0 0 0 0 34 46 1 21 2 21 64 19 0 0 0 27 0 14 29 14 0 0 21 0 1 0 0 0 0 0 0 0 0 0 0 0 0 0 0 0 0 1 0 0 0 0 0 0 0 0 0 0 0 0 2 0 0 0 0 0 1 0 15 0 0 0 0 0 0 0 0 0 0 0 0 0 0 0 0 0 0 2 0 0 0 0 0 0 1 1 0 0 2 0 5 0 0 0 0 0 0 0 0 0 0 0 0 0 0 0 0 0 0 0 0 0 0 0 0 0 0 0 0 0 0 0 0 0 0 0 0 0 0 
 55 277 189 159 274 37 230 0 169 273 351 41 310 81 177 359 98 129 71 154 3 0 0 3 0 3 0 0 0 2 2 3 0 0 1 0 0 206 0 0 0 0 0 2 0 3 0 0 0 0 0 0 0 0 3 0 0 5 3 0 1 3 2 0 0 0 0 0 0 0 0 2 2 3 0 0 0 0 0 0 15 0 20 27 16 42 7 0 1 5 0 27 0 62 6 36 19 3 9 2 0 0 4 0 0 0 0 0 0 0 0 0 0 1 0 0 0 0 30 0 0 0 0 0 0 0 0 0 0 0 0 0 0 4 0 0 0 0 0 0 2 0 0 0 0 11 0 0 0 0 0 0 0 9 0 0 0 4 0 0 8 22 10 12 17 0 25 1 17 10 23 0 11 1 0 33 29 24 0 32 0 0 0 1 0 0 9 0 0 0 0 0 0 0 1 0 0 0 26 0 6 0 0 0 0 0 0 0 14 0 0 0 0 0 0 0 0 0 0 0 0 0 0 0 0 0 0 0 0 0 0 0 2 0 0 0 0 0 0 0 0 0 0 0 2 0 4 0 2 90 12 6 0 1 0 0 0 0 0 0 0 0 0 0 0 0 0 0 0 0 0 0 0 0 0 0 0 0 0 0 0 0 0 0 0 0 0 0 0 0 
 248 58 355 287 165 104 177 169 0 69 445 223 323 89 298 654 251 75 188 299 3 0 0 3 0 3 0 2 0 0 0 1 26 37 1 77 57 1 0 17 0 0 0 2 0 3 2 0 0 0 0 0 0 0 3 0 0 0 3 0 2 45 2 0 0 0 0 0 0 0 3 3 3 3 0 0 0 0 0 0 11 13 0 12 12 10 25 21 0 35 15 10 0 11 36 13 5 25 0 0 12 0 0 0 0 0 0 0 2 0 0 0 0 16 0 0 0 0 1 10 0 0 0 0 0 0 19 0 1 0 0 0 0 0 0 1 0 0 0 0 0 0 2 0 0 2 1 0 0 0 0 0 0 1 0 0 0 0 0 0 2 0 0 24 13 33 0 44 23 0 20 3 16 20 0 18 0 72 0 16 0 17 0 0 0 0 27 0 0 0 0 0 14 26 7 0 0 1 0 30 0 0 0 0 0 0 2 0 0 0 0 0 0 0 0 18 0 0 2 0 0 0 0 0 0 2 1 0 0 1 0 0 0 0 0 0 0 0 0 0 0 0 0 0 0 2 1 0 2 0 0 9 11 0 0 0 0 0 0 1 0 0 14 0 0 0 0 0 0 0 0 0 0 2 0 10 0 18 0 0 0 0 0 0 0 0 0 0 0 0 
 179 31 261 292 153 221 28 273 69 0 73 124 47 65 110 80 115 239 85 279 3 0 0 6 0 3 0 0 0 2 2 2 79 0 0 0 73 4 0 0 0 2 0 2 0 3 54 0 2 0 0 0 0 0 3 0 0 3 4 0 0 2 3 0 5 0 0 0 0 6 3 3 3 3 0 0 0 0 0 0 1 0 11 20 0 3 18 16 7 17 11 9 0 27 41 30 25 2 0 0 8 0 0 8 0 0 1 0 0 0 0 0 0 1 0 0 0 6 15 0 0 0 0 0 0 0 0 0 0 0 19 0 0 0 0 0 0 0 0 0 2 0 0 0 0 0 0 0 0 0 0 0 16 0 0 0 0 0 0 0 14 24 11 24 23 17 0 14 45 30 64 3 0 0 0 0 34 10 0 31 10 1 0 1 0 0 0 33 0 0 0 0 78 0 0 0 0 0 0 10 0 0 0 0 0 0 0 0 0 0 0 0 0 11 0 0 0 0 0 0 0 0 0 0 0 0 2 0 0 0 0 0 0 0 0 0 0 0 0 0 0 0 0 0 0 0 1 2 0 1 11 5 0 0 0 0 0 0 0 0 0 0 0 0 0 0 0 0 0 0 0 0 0 0 0 0 10 0 0 0 0 0 0 0 0 0 0 0 0 0 
 232 86 59 63 193 295 50 351 445 73 0 301 245 41 176 163 399 57 136 181 75 0 0 3 0 5 2 0 0 1 0 0 79 84 0 0 2 0 134 1 0 0 0 2 0 3 1 0 2 0 1 0 1 0 3 0 0 0 3 2 0 2 2 0 0 0 0 0 0 0 3 1 3 3 0 0 0 0 0 0 0 0 12 17 46 31 10 0 1 30 1 25 0 0 11 32 7 8 18 16 30 10 0 14 11 0 1 7 9 0 0 0 0 19 0 0 2 0 65 9 0 0 0 0 0 0 0 1 0 0 0 0 0 0 1 0 1 0 0 0 2 0 0 0 0 1 0 0 0 0 0 0 19 0 0 0 0 0 1 0 6 1 10 80 0 18 1 0 19 32 2 18 0 0 0 9 7 37 0 2 7 19 0 0 7 0 5 0 0 0 0 0 23 20 7 0 0 0 12 29 0 0 0 0 0 0 0 0 0 0 0 2 0 0 0 14 0 1 0 0 0 0 0 0 0 0 0 0 0 0 0 0 0 0 0 0 0 0 2 1 0 9 0 0 0 6 85 0 3 4 2 10 10 0 0 0 0 0 0 0 0 0 9 0 0 0 0 0 0 0 0 0 0 0 0 11 19 0 0 0 0 0 0 0 0 0 0 0 0 0 
 263 332 52 224 102 359 55 41 223 124 301 0 111 331 93 135 299 656 27 23 4 0 0 3 2 2 0 0 0 0 0 3 75 0 1 0 0 0 162 101 0 0 0 2 0 3 0 0 0 0 0 0 0 0 3 0 0 2 3 0 0 2 3 0 0 0 0 0 0 6 3 2 3 2 0 0 0 0 0 0 0 10 0 17 13 63 0 0 19 0 26 12 0 0 10 0 22 20 0 0 21 13 0 0 0 0 0 1 10 0 0 0 0 9 0 0 10 3 0 6 0 0 0 0 1 0 0 0 0 2 0 0 0 0 0 0 0 1 0 0 3 0 0 0 0 0 0 0 0 0 1 0 0 0 0 0 0 0 0 1 0 4 0 24 0 2 0 6 0 45 22 14 0 1 0 0 14 0 0 1 1 19 19 0 0 0 10 9 0 0 0 0 13 13 6 0 0 0 12 82 2 0 0 0 0 1 0 0 1 0 0 0 0 4 2 0 0 0 0 0 0 0 0 0 0 0 0 0 15 0 0 0 0 0 0 0 0 0 0 0 0 0 0 0 0 0 86 1 85 87 0 4 0 0 0 0 0 0 0 0 0 0 0 0 0 0 0 0 0 1 0 0 0 0 0 0 0 0 0 0 0 0 0 12 0 0 0 0 0 0 
 135 59 272 90 74 34 301 310 323 47 245 111 0 313 194 125 37 60 215 292 3 0 0 3 0 3 0 0 0 0 2 3 0 2 4 0 0 0 0 0 0 0 0 2 0 3 0 0 0 0 0 0 0 0 3 1 0 7 3 0 0 2 50 6 0 0 0 0 0 0 3 0 3 3 0 0 0 0 0 0 12 1 20 0 3 0 31 15 24 28 11 0 0 0 16 29 0 0 28 40 0 0 0 0 0 0 0 0 0 0 0 0 0 0 0 0 0 0 0 0 0 0 0 0 0 0 0 0 0 0 0 0 3 0 0 0 17 0 0 0 0 0 0 0 0 0 0 0 0 0 0 7 0 0 0 0 12 0 0 0 10 10 7 0 2 0 2 10 20 19 0 0 22 17 25 47 0 0 19 22 0 0 2 2 0 0 0 0 0 0 0 0 0 0 0 0 0 0 0 0 0 0 0 0 0 0 0 0 0 0 0 0 0 0 0 0 0 0 0 0 23 0 1 0 0 0 0 0 0 0 0 0 0 0 0 0 0 0 0 0 0 0 0 0 0 0 0 0 3 1 2 7 9 0 0 0 0 0 0 0 0 0 0 0 0 0 0 0 0 0 0 0 0 0 0 9 0 0 0 0 0 0 0 0 0 0 0 0 0 0 
 108 129 113 162 143 49 270 81 89 65 41 331 313 0 278 431 248 54 97 312 3 0 0 3 0 3 0 0 0 0 0 0 0 0 0 0 0 0 0 0 0 0 0 2 0 3 0 0 0 0 0 0 0 0 3 0 0 12 3 0 0 2 3 0 0 0 0 0 0 6 3 2 3 3 0 61 0 0 0 0 12 2 13 34 0 0 9 29 50 17 1 2 9 25 1 0 14 29 0 0 0 0 0 0 0 0 0 0 0 0 0 0 15 0 0 0 0 0 8 0 0 0 0 0 0 2 1 0 0 0 0 0 0 0 0 0 0 0 0 0 2 0 0 1 0 4 0 4 0 0 0 0 0 0 0 0 0 0 0 0 0 15 13 1 18 14 0 24 28 13 0 0 11 26 23 33 0 0 12 11 0 0 0 0 0 0 0 0 0 0 1 0 0 0 0 0 0 0 0 0 0 0 0 0 0 0 0 0 0 0 0 0 1 0 0 0 0 0 0 2 0 0 0 0 0 0 0 0 0 0 0 0 0 0 0 0 0 0 0 0 0 0 15 0 0 0 0 0 1 1 2 6 0 0 0 0 0 0 0 0 0 0 0 0 0 0 0 0 0 0 36 0 0 0 0 8 0 1 0 0 0 0 0 0 0 0 0 0 0 0 
 133 154 144 188 132 144 226 177 298 110 176 93 194 278 0 249 60 338 292 148 3 0 0 3 0 3 0 0 1 0 0 1 0 0 1 0 0 0 1 193 0 0 0 2 0 3 0 0 0 0 0 3 0 0 3 0 0 0 3 0 0 2 5 0 0 0 0 0 0 0 3 2 3 2 0 0 0 0 0 0 0 10 11 28 11 21 14 18 63 5 18 10 0 1 10 15 53 21 12 0 1 0 0 0 0 0 0 0 0 0 0 0 0 0 0 0 0 0 0 0 1 0 0 0 0 0 0 0 0 0 0 0 0 0 0 0 0 0 0 0 1 0 0 0 0 17 0 0 0 0 0 0 0 0 0 0 0 2 1 0 20 7 0 3 1 2 13 35 0 25 21 1 3 6 15 16 21 3 0 1 17 0 0 0 0 0 8 0 0 0 0 0 0 0 0 0 0 0 10 23 0 0 0 0 0 0 0 16 0 0 0 0 0 0 0 0 0 0 0 0 0 0 0 0 0 0 0 0 0 0 0 0 0 0 0 0 0 0 0 2 0 0 0 0 0 2 1 0 6 85 2 12 0 0 0 0 0 0 0 0 0 0 0 0 0 0 0 0 0 0 0 0 0 0 54 0 0 0 0 0 0 0 0 0 0 0 0 0 0 0 
 235 114 289 60 643 100 439 359 654 80 163 135 125 431 249 0 167 82 122 90 3 1 0 3 0 3 2 3 0 0 3 39 0 0 64 0 0 0 0 58 0 2 2 4 0 2 8 0 0 0 3 0 0 0 3 0 0 0 3 0 0 3 5 0 3 0 0 0 0 0 1 1 2 3 0 1 0 0 0 0 22 14 2 0 23 35 37 28 21 47 18 1 0 11 28 36 16 50 12 0 0 0 0 0 0 1 0 1 0 0 0 15 0 0 0 0 0 0 0 9 0 0 0 0 0 0 1 0 0 0 0 0 0 0 0 0 0 0 0 0 2 0 0 0 0 1 0 8 0 0 0 0 0 0 0 0 0 18 0 0 10 9 0 73 1 22 0 31 21 11 0 13 16 16 14 14 0 21 0 28 0 0 0 0 0 0 0 1 0 0 0 0 1 10 0 0 0 0 9 8 0 0 0 0 0 0 0 0 0 2 0 0 0 0 0 23 0 0 0 0 0 0 0 0 0 0 0 0 0 0 0 0 0 1 0 0 0 0 0 0 0 0 0 0 0 0 1 0 1 0 0 1 1 0 0 0 0 0 0 0 0 0 10 0 0 0 0 0 0 0 0 0 0 0 0 19 0 0 0 0 0 0 0 0 0 0 0 0 0 0 
 24 120 67 339 349 244 233 98 251 115 399 299 37 248 60 167 0 332 260 41 3 0 0 3 0 3 0 0 1 0 2 1 74 0 2 3 0 0 1 73 0 0 0 2 0 3 3 0 0 0 0 0 0 0 3 0 0 0 3 0 0 2 3 0 0 0 0 0 0 0 3 3 3 3 0 31 0 0 0 0 0 0 3 34 67 19 0 0 0 24 6 19 0 16 0 42 38 0 0 0 22 8 0 8 0 0 1 0 0 0 0 0 0 0 0 0 0 0 36 11 0 0 0 0 0 0 17 0 0 0 14 0 0 0 0 0 0 0 0 0 2 0 0 0 0 15 0 0 0 0 0 0 0 0 0 0 0 0 0 0 6 24 1 54 24 20 0 14 20 13 31 0 0 14 0 11 10 40 0 8 9 21 2 0 0 0 20 21 2 0 0 0 43 44 0 0 0 0 8 29 0 0 0 0 0 0 0 0 0 0 0 0 0 0 0 0 0 0 0 0 0 0 0 0 0 0 0 0 0 0 0 0 0 0 0 0 2 0 0 0 0 7 0 0 0 2 0 0 1 90 4 4 0 0 0 0 0 0 0 0 0 0 11 0 0 0 0 0 0 0 0 0 0 0 0 0 24 16 0 0 0 0 0 0 0 0 0 0 0 0 
 119 91 236 73 137 186 39 129 75 239 57 656 60 54 338 82 332 0 288 121 3 0 3 3 64 3 0 2 3 0 0 6 5 0 0 0 0 0 67 93 0 0 0 2 3 3 2 0 4 0 0 0 3 0 3 77 2 0 3 0 0 2 4 0 2 0 0 0 0 9 6 48 3 3 0 0 1 0 0 0 4 13 0 25 31 10 0 0 0 17 38 8 0 15 15 11 10 16 0 0 1 12 0 0 0 0 0 0 0 0 0 0 0 0 0 0 18 0 0 10 0 0 0 0 0 0 0 0 0 0 0 0 0 0 0 0 0 0 0 0 2 0 0 0 0 12 0 0 0 0 0 0 0 0 0 0 0 0 0 0 0 8 16 28 0 20 0 9 0 0 8 29 0 0 0 0 32 13 0 30 0 0 0 0 0 0 14 0 0 0 0 0 20 11 5 0 0 0 7 23 0 0 0 0 0 0 0 0 0 0 0 0 0 11 0 0 0 0 0 0 0 0 0 0 0 0 0 0 0 0 0 0 0 0 0 0 0 0 0 0 0 0 0 0 0 3 5 0 44 31 1 7 4 0 0 0 0 0 0 0 2 0 15 0 0 0 0 0 0 1 0 0 0 16 0 0 15 0 0 0 0 0 0 0 0 0 0 0 0 0 
 55 35 149 308 284 57 557 71 188 85 136 27 215 97 292 122 260 288 0 338 3 0 0 3 2 4 0 0 0 0 0 4 0 0 0 2 0 0 0 0 0 0 0 2 0 3 0 0 0 0 0 0 0 0 3 0 0 14 3 0 0 2 2 0 0 0 0 0 0 0 2 3 3 3 0 0 0 0 0 0 11 21 0 0 0 2 4 0 0 0 0 0 13 5 29 17 0 0 28 48 0 0 0 0 16 0 0 0 0 0 0 0 0 0 0 0 0 0 0 0 0 0 0 10 0 0 0 0 0 0 0 0 1 0 0 0 0 0 0 0 1 0 0 0 0 0 0 0 0 0 0 5 0 0 0 0 0 0 0 0 0 0 4 0 0 0 27 0 13 0 1 0 0 40 10 0 0 0 47 0 0 0 1 0 0 0 0 0 0 0 0 0 0 0 0 0 0 0 0 0 0 0 0 0 0 0 0 0 0 0 0 0 0 0 0 0 0 0 0 0 0 0 0 0 0 0 0 0 0 0 0 0 0 0 0 0 1 0 0 0 0 0 0 0 0 0 0 0 2 0 0 6 0 0 0 0 0 0 0 0 0 0 0 0 0 0 0 0 0 0 0 0 0 0 0 0 0 0 0 0 0 0 0 0 0 0 0 0 0 0 
 62 49 41 80 85 52 143 154 299 279 181 23 292 312 148 90 41 121 338 0 3 0 6 3 0 3 0 0 0 0 0 0 0 0 0 0 0 0 0 72 0 0 63 2 0 3 0 0 0 0 3 0 0 0 3 0 0 1 3 0 0 2 2 0 0 0 0 0 0 0 2 3 3 3 0 0 7 0 0 0 19 11 10 0 0 0 19 13 0 9 21 0 12 12 26 0 0 1 31 18 0 0 0 0 0 0 0 0 0 0 0 0 0 0 0 0 0 0 0 0 0 0 0 0 0 0 0 0 0 0 0 0 0 0 0 0 0 0 0 0 0 0 0 0 0 0 0 0 0 0 0 0 0 0 0 0 10 0 0 0 13 0 8 0 0 0 12 0 23 32 24 10 0 0 12 23 21 0 0 0 0 0 44 0 0 0 0 10 0 0 0 0 0 0 0 0 0 0 0 0 0 0 0 0 0 0 0 0 0 0 0 0 0 0 0 0 0 0 0 0 0 0 0 0 0 0 0 0 0 0 0 0 0 0 0 0 0 0 0 0 0 0 0 0 0 0 1 0 2 0 3 4 9 0 0 0 0 0 0 0 0 0 0 0 0 0 0 0 0 0 0 0 0 0 0 19 0 0 0 0 0 0 0 0 0 0 0 0 0 0 
 3 3 3 76 78 64 3 3 3 3 75 4 3 3 3 3 3 3 3 3 0 187 374 115 62 129 239 104 265 209 153 21 110 93 72 102 104 547 45 135 0 0 0 2 0 3 10 0 0 1 0 0 0 2 2 0 0 1 1 0 2 2 0 7 0 0 0 0 0 2 0 1 0 0 0 0 3 0 0 0 0 0 0 9 11 0 0 0 0 1 1 9 0 0 0 1 0 0 0 1 36 28 12 10 140 18 32 62 27 19 17 17 1 44 68 18 24 15 11 33 0 0 0 0 0 0 0 0 0 0 0 0 1 0 0 0 0 0 0 16 2 0 0 0 0 0 0 0 0 0 0 0 0 0 0 0 0 0 0 0 0 0 2 0 0 12 0 0 0 1 1 7 0 2 0 6 0 0 0 0 53 0 32 9 11 15 33 39 0 12 24 0 34 37 0 71 25 0 3 0 0 0 0 1 0 0 11 0 0 0 0 0 11 0 0 0 2 0 0 0 1 0 2 0 0 0 0 0 0 0 0 0 0 0 0 0 0 0 0 0 0 9 0 0 0 0 0 0 0 0 0 0 0 0 7 1 2 3 1 0 4 2 3 0 0 0 13 0 0 0 0 2 0 0 0 0 1 0 0 0 0 0 0 0 0 0 0 0 0 0 
 0 30 0 0 0 0 3 0 0 0 0 0 0 0 0 1 0 0 0 0 187 0 177 52 90 32 55 159 145 99 38 113 69 477 117 195 45 392 53 45 1 0 0 2 0 2 0 0 0 0 0 0 63 2 2 0 0 0 21 62 2 2 0 48 1 0 0 0 0 2 0 4 0 0 0 0 3 0 0 0 0 0 0 0 0 0 0 0 0 0 0 0 0 0 0 0 0 0 0 0 0 41 20 0 2 25 0 12 0 20 23 11 25 0 15 15 22 0 0 0 28 0 0 0 0 0 11 0 0 0 0 0 21 0 0 0 0 0 1 10 0 2 0 0 0 0 0 0 0 0 0 0 0 0 0 0 0 0 0 0 0 0 0 0 0 0 0 0 0 0 1 0 0 0 0 0 0 0 52 0 8 1 28 1 30 1 0 0 42 13 0 38 0 0 0 20 7 47 0 0 8 0 0 0 12 0 0 0 0 0 0 0 2 0 0 0 0 0 0 7 0 0 0 0 0 0 0 0 0 0 0 0 0 0 0 0 0 0 0 0 0 0 0 0 0 0 0 0 0 0 0 0 0 0 8 0 2 10 0 0 24 0 0 0 0 0 0 0 0 0 0 0 0 0 0 0 0 0 0 0 0 0 0 0 0 0 13 0 0 0 
 0 0 2 0 36 0 4 0 0 0 0 0 0 0 0 0 0 3 0 6 374 177 0 109 150 175 185 231 199 155 345 139 241 385 176 138 217 505 42 160 0 2 5 5 0 2 6 0 0 1 0 0 27 2 2 0 1 2 64 0 2 2 5 3 5 0 0 0 0 2 0 0 0 0 0 0 6 0 0 0 0 0 0 0 0 0 0 0 20 0 0 0 0 0 0 0 0 0 0 0 0 6 2 41 42 3 24 25 36 15 33 12 34 17 0 22 36 16 11 35 21 0 13 0 0 0 0 0 0 0 0 0 7 0 0 0 0 0 31 1 0 4 2 0 0 0 0 0 0 0 0 0 0 1 0 0 0 0 1 0 0 0 0 0 0 0 0 0 0 0 0 0 0 0 0 0 0 0 0 0 22 32 2 51 0 13 0 12 49 51 1 41 0 0 21 17 16 32 0 2 11 0 0 0 0 0 0 0 0 0 0 0 13 0 0 0 0 0 18 9 0 1 0 0 0 0 1 0 0 2 0 0 0 0 0 0 0 0 0 0 0 0 0 0 0 1 0 0 0 0 0 0 0 0 5 0 0 3 0 1 12 1 0 0 0 0 0 0 0 0 0 0 0 0 0 0 0 0 0 0 0 15 0 0 0 16 0 0 0 0 
 3 118 3 3 6 3 151 3 3 6 3 3 3 3 3 3 3 3 3 3 115 52 109 0 142 115 73 127 95 157 90 100 73 153 109 118 201 50 69 146 65 0 0 2 0 2 63 0 0 7 0 3 74 2 3 0 0 1 63 64 2 2 0 8 2 0 0 0 0 3 0 2 0 0 0 0 3 0 0 0 0 0 0 2 0 0 0 0 0 0 0 0 0 0 0 0 0 0 0 0 0 0 10 23 12 1 0 0 13 19 20 16 0 12 0 30 1 31 0 0 0 19 0 0 0 0 14 7 9 0 0 0 52 8 8 13 0 0 0 57 0 1 0 0 0 1 0 1 8 0 0 0 0 0 0 2 0 0 0 2 0 0 0 0 0 0 0 0 0 0 0 0 1 0 0 0 0 0 0 0 2 0 12 0 69 3 0 0 3 12 0 0 2 26 0 9 37 0 1 0 12 10 1 19 1 0 59 1 55 0 2 0 39 2 2 10 0 12 11 0 0 0 0 0 0 0 0 0 0 0 0 0 0 0 0 0 0 0 0 0 0 0 0 0 0 0 0 0 0 0 0 0 0 0 5 0 0 7 0 2 3 0 1 0 0 1 16 0 0 0 0 0 0 0 0 0 0 0 0 0 0 0 0 0 0 0 0 0 0 0 
 0 0 0 0 0 3 0 0 0 0 0 2 0 0 0 0 0 64 2 0 62 90 150 142 0 136 120 49 178 68 93 198 97 87 148 170 67 42 55 148 65 62 106 3 0 2 1 64 24 1 0 4 92 2 71 98 24 9 55 64 8 2 0 53 0 0 0 0 0 2 6 51 39 0 2 0 3 0 0 0 0 0 0 0 0 0 0 0 0 5 0 0 0 0 0 0 0 0 0 0 0 0 22 35 20 24 21 30 0 6 0 44 0 0 0 0 0 9 0 0 0 9 27 0 1 0 17 0 23 0 0 29 17 3 12 0 5 0 31 35 2 0 0 1 0 0 0 0 0 0 0 0 0 0 0 7 0 0 0 6 0 0 0 0 0 0 0 0 0 0 0 0 0 0 4 0 8 0 0 0 0 0 0 20 11 10 0 33 0 31 15 35 0 0 0 20 0 12 0 0 0 40 0 0 0 0 0 20 18 9 0 18 6 29 0 29 9 2 12 24 0 0 0 0 0 0 0 0 0 0 0 0 0 0 0 0 0 0 1 0 0 0 0 0 0 0 0 0 0 0 0 0 0 0 6 0 0 78 3 0 10 0 0 0 0 14 0 0 0 0 0 0 0 0 0 0 0 0 0 0 0 0 0 0 0 20 0 0 0 0 
 3 3 4 3 108 3 3 3 3 3 5 2 3 3 3 3 3 3 4 3 129 32 175 115 136 0 108 258 69 115 147 115 232 50 138 181 137 61 60 60 63 96 65 2 0 2 0 1 0 0 0 0 62 2 3 62 5 1 65 11 2 2 0 51 3 0 0 0 0 3 0 0 0 0 0 0 2 0 0 0 0 0 0 0 0 0 0 0 0 0 0 0 0 0 0 2 0 0 0 0 0 13 23 0 24 41 25 20 0 0 18 29 0 0 20 0 6 0 0 0 10 10 0 0 2 0 15 14 16 0 0 19 0 12 9 0 3 0 51 22 1 1 0 1 0 0 0 0 0 7 0 0 0 11 0 11 0 0 0 20 0 0 0 0 12 0 0 0 0 0 0 0 0 0 1 0 5 0 1 0 0 0 18 19 4 1 0 43 0 12 5 18 0 0 0 23 0 11 0 0 8 17 0 0 0 0 12 16 12 10 0 9 0 13 0 13 10 0 40 42 0 0 0 0 0 0 0 0 0 0 0 0 0 0 0 0 0 0 1 0 0 0 0 0 0 0 0 0 0 0 0 0 0 9 2 2 3 5 75 5 5 1 0 0 0 19 0 0 0 0 0 0 0 0 0 0 0 7 0 0 0 0 9 0 0 20 0 0 0 0 
 0 0 0 1 0 73 3 0 0 0 2 0 0 0 0 2 0 0 0 0 239 55 185 73 120 108 0 142 135 42 187 138 209 214 133 330 186 187 280 471 2 0 0 2 0 26 0 0 68 0 0 0 0 2 2 0 54 0 0 0 2 59 0 7 1 44 0 0 2 2 0 0 0 0 0 0 3 0 0 0 0 0 0 34 25 0 0 0 0 0 15 14 0 0 0 0 0 0 0 0 12 0 10 22 24 0 57 76 12 4 0 58 20 69 13 22 0 20 10 16 0 0 0 0 0 2 0 0 0 0 0 0 0 0 0 0 0 19 24 0 1 0 0 0 12 0 0 0 0 0 0 0 0 0 0 0 0 0 0 0 0 0 0 0 0 0 0 0 0 0 0 4 0 0 0 2 0 1 0 0 17 1 28 0 53 5 26 33 10 53 1 27 0 19 10 81 34 39 19 0 0 0 0 0 0 0 15 0 2 0 0 0 19 0 0 0 8 14 14 0 0 0 0 0 0 0 0 0 0 0 0 0 0 0 0 0 0 0 0 0 0 0 1 0 0 0 0 0 0 0 0 0 0 0 9 0 0 2 2 0 2 0 0 0 0 0 14 0 0 0 0 0 0 0 0 0 0 0 0 0 0 8 0 0 0 18 0 0 0 0 
 0 0 2 0 155 48 6 0 2 0 0 0 0 0 0 3 0 2 0 0 104 159 231 127 49 258 142 0 85 176 113 26 108 238 116 101 355 101 165 57 0 2 0 1 3 0 0 0 3 5 0 10 0 1 0 0 1 2 74 0 0 0 0 1 0 0 0 0 0 0 2 2 0 0 0 0 0 0 0 0 0 0 0 0 0 0 0 0 0 0 0 0 0 0 0 0 0 0 0 0 12 33 0 12 20 1 17 19 28 40 0 0 29 0 25 14 45 30 24 69 4 0 19 0 0 0 21 0 0 0 0 0 14 0 0 0 0 0 14 1 0 3 2 0 0 0 0 0 0 0 0 0 0 2 0 0 0 0 21 0 0 0 0 0 0 4 0 0 0 0 0 0 0 0 0 0 0 0 0 0 26 30 2 51 0 14 19 0 25 9 51 31 7 0 33 12 46 19 0 25 19 0 0 0 0 0 0 0 0 0 0 0 28 0 0 0 0 0 0 4 0 2 0 0 0 9 0 0 0 2 0 0 0 0 0 0 0 0 0 0 0 0 0 0 0 0 0 0 0 0 0 1 0 0 6 2 0 77 0 0 3 0 0 0 0 0 0 0 0 0 0 0 0 0 0 0 0 0 0 0 0 12 0 0 0 0 0 0 0 0 
 0 0 0 0 0 4 3 0 0 0 0 0 0 0 1 0 1 3 0 0 265 145 199 95 178 69 135 85 0 327 167 259 150 170 315 475 133 166 310 69 3 0 0 2 0 2 0 0 32 0 0 1 0 2 75 1 0 0 61 22 2 2 0 2 1 0 0 0 0 2 0 1 0 0 0 2 3 0 0 0 0 0 0 0 0 0 0 0 0 0 0 0 0 0 0 0 0 0 0 0 0 0 28 20 0 0 1 0 0 11 0 20 33 24 33 38 0 15 0 0 10 0 0 0 0 0 0 45 0 0 0 2 10 1 0 0 0 0 22 8 0 0 0 0 0 0 0 0 0 1 0 0 0 0 0 4 0 0 0 3 2 0 0 0 0 1 0 0 0 0 5 1 0 0 0 1 0 5 0 0 0 19 1 13 39 45 6 29 1 16 39 24 0 0 24 9 3 49 15 0 0 0 0 0 0 0 0 0 13 0 0 0 0 12 0 0 0 12 11 20 0 0 0 2 0 0 0 0 0 0 0 0 53 0 1 0 0 0 0 0 0 0 10 0 0 0 0 0 0 0 0 1 0 0 6 2 0 63 4 0 2 0 0 0 0 0 0 0 0 0 0 0 0 0 0 0 0 1 0 18 0 16 0 10 0 17 18 0 0 0 
 2 2 0 0 76 83 1 2 0 2 1 0 0 0 0 0 0 0 0 0 209 99 155 157 68 115 42 176 327 0 237 85 149 318 128 86 58 124 164 151 0 0 0 2 0 3 0 0 0 1 0 1 0 2 2 0 0 2 3 0 2 2 0 2 0 0 0 0 0 2 50 0 0 0 0 0 3 0 0 0 0 0 1 0 0 0 0 0 0 0 0 0 0 0 0 0 0 0 1 0 24 48 0 8 14 19 22 17 0 25 7 33 30 15 40 11 26 9 15 90 0 0 0 0 0 0 0 0 0 0 0 0 0 0 0 0 0 0 0 45 0 0 0 0 0 0 0 2 0 0 0 0 0 0 0 0 0 0 0 0 0 0 0 0 0 55 0 0 0 0 0 0 0 0 0 2 0 0 0 0 29 14 37 19 11 0 8 40 1 19 29 7 8 9 10 23 22 0 0 11 0 0 0 0 0 0 0 0 0 0 1 0 6 1 0 0 0 0 0 0 0 0 0 0 0 0 0 0 0 0 0 0 0 0 0 0 0 0 0 0 0 0 0 0 0 0 0 0 0 0 0 0 0 2 7 3 0 92 5 0 2 0 1 0 0 0 0 0 0 0 0 0 0 0 0 0 0 0 0 12 0 0 0 0 0 0 0 0 0 0 
 1 0 0 0 1 0 3 2 0 2 0 0 2 0 0 3 2 0 0 0 153 38 345 90 93 147 187 113 167 237 0 92 117 267 139 116 162 122 71 248 0 0 0 2 0 2 66 0 0 0 0 0 0 2 2 4 18 2 0 1 2 2 0 2 0 0 0 0 0 2 0 0 0 0 0 0 3 0 0 0 0 0 0 1 0 0 0 0 0 0 0 0 0 0 0 0 0 4 0 0 0 9 7 20 0 10 20 17 1 6 0 51 26 20 64 8 8 0 18 14 9 17 0 0 0 0 1 28 7 2 0 0 10 26 9 12 0 0 21 0 0 0 0 0 0 0 0 2 0 0 0 0 0 0 0 0 0 0 0 0 0 0 0 0 1 1 0 0 0 0 4 0 0 0 0 6 0 10 0 0 25 25 12 17 0 0 8 27 16 27 36 28 0 26 13 25 0 2 0 1 16 7 0 15 2 0 5 1 13 0 0 0 0 2 0 24 0 72 34 2 0 19 0 0 0 0 0 0 0 0 0 0 0 0 0 25 0 0 0 0 0 0 0 0 0 0 0 0 0 0 0 0 0 0 6 0 1 45 123 0 0 2 1 0 0 0 11 0 0 0 0 0 0 0 0 0 0 0 0 17 0 0 0 0 0 18 0 0 0 0 
 1 0 2 1 2 77 2 3 1 2 0 3 3 0 1 39 1 6 4 0 21 113 139 100 198 115 138 26 259 85 92 0 292 24 407 478 64 86 444 72 55 0 0 3 0 3 0 0 274 4 0 9 63 3 4 1 68 3 0 0 2 5 3 11 2 2 0 2 0 2 6 2 3 5 0 0 8 0 3 0 0 0 0 0 0 0 0 0 0 0 0 0 0 0 0 0 0 0 13 0 0 0 0 27 0 14 4 0 0 20 0 32 21 0 14 7 0 10 0 0 11 0 0 0 1 0 0 22 0 0 0 0 11 0 19 0 31 0 4 26 2 0 0 1 0 0 0 0 0 0 0 0 7 0 0 0 0 19 0 0 0 0 0 0 0 0 0 0 0 0 0 0 0 0 4 0 11 0 0 0 0 0 1 0 12 0 0 19 2 39 9 43 0 0 0 0 0 33 0 0 0 0 0 0 0 0 1 15 0 0 0 4 10 20 0 0 0 0 13 0 0 0 0 0 0 0 0 0 0 0 0 0 0 0 0 0 0 0 0 0 0 0 0 0 0 0 0 0 0 0 0 0 0 0 11 0 0 2 0 1 6 2 0 3 0 11 0 0 0 0 0 0 0 0 0 0 0 0 0 18 0 0 0 0 0 18 18 0 0 0 
 0 0 0 148 1 0 0 0 26 79 79 75 0 0 0 0 74 5 0 0 110 69 241 73 97 232 209 108 150 149 117 292 0 89 139 106 60 126 96 258 0 0 0 2 0 2 0 2 5 0 0 0 5 2 2 0 2 1 0 0 2 2 0 2 0 2 0 0 0 3 0 0 0 0 0 0 4 0 0 0 0 0 0 9 3 0 0 0 11 0 0 10 0 15 0 0 0 0 0 0 30 0 12 13 21 0 13 0 16 21 21 26 20 46 13 30 0 0 0 14 0 0 0 0 0 0 19 0 0 0 0 0 0 0 0 0 0 0 2 0 0 0 1 0 0 2 14 1 0 0 0 0 0 0 0 0 0 0 0 0 0 0 0 10 21 19 0 0 0 0 9 0 0 0 18 2 0 9 0 0 0 22 10 8 1 15 21 50 13 26 25 12 22 19 17 15 0 1 0 19 0 0 0 0 0 0 0 0 0 0 0 0 10 0 0 0 0 0 11 0 0 0 0 0 26 0 1 0 0 0 2 0 0 0 0 2 0 0 0 0 0 0 1 0 0 1 0 0 24 0 0 0 0 1 12 0 2 0 2 2 2 1 2 0 0 0 0 0 0 0 0 0 0 0 0 0 0 18 0 13 0 1 0 0 0 8 0 0 0 0 
 0 0 0 72 91 32 1 0 37 0 84 0 2 0 0 0 0 0 0 0 93 477 385 153 87 50 214 238 170 318 267 24 89 0 169 125 193 346 110 118 0 1 0 2 0 2 0 0 3 0 1 0 0 2 2 0 61 1 2 0 2 2 0 2 3 2 0 0 46 3 0 0 0 0 0 0 3 0 2 47 0 0 0 9 15 0 0 0 0 0 0 14 10 0 1 11 0 0 0 0 23 10 4 0 22 0 14 20 26 0 0 1 28 0 8 15 5 32 18 32 0 0 2 0 0 0 0 0 0 0 0 0 0 0 0 0 0 0 18 2 0 3 0 0 0 0 0 0 0 0 0 0 0 0 0 0 0 0 0 0 0 0 0 0 0 5 0 0 0 0 14 8 0 0 0 1 0 5 0 0 32 37 11 35 0 15 42 41 9 9 19 12 26 0 46 57 20 15 0 14 0 0 0 0 0 0 0 0 0 0 0 0 20 0 0 0 0 0 0 0 10 0 0 0 0 1 0 0 0 0 0 0 0 0 0 0 0 0 0 0 0 9 0 0 0 0 0 0 0 0 0 0 0 0 15 0 2 1 76 0 2 0 0 0 0 0 0 0 0 0 0 0 0 0 0 0 0 0 0 0 0 14 0 0 0 0 0 0 0 0 
 0 0 2 20 0 1 3 1 1 0 0 1 4 0 1 64 2 0 0 0 72 117 176 109 148 138 133 116 315 128 139 407 139 169 0 314 34 389 66 177 0 0 204 2 0 2 0 0 0 0 0 0 0 2 2 2 0 0 0 0 2 2 0 10 2 0 0 0 0 3 0 1 0 0 0 0 3 0 0 54 0 0 0 0 0 0 0 0 10 0 0 0 0 0 0 0 0 0 12 0 0 5 11 24 37 11 28 20 44 23 0 18 8 9 4 44 13 24 0 0 0 0 0 0 0 0 0 1 0 0 0 0 0 0 0 0 0 0 33 14 0 2 0 0 0 0 0 0 2 0 0 0 0 0 0 0 0 20 0 1 0 0 0 0 0 0 0 0 0 0 3 0 0 0 0 0 0 15 0 0 37 17 8 16 0 27 0 10 38 25 33 19 0 11 2 9 10 32 0 0 0 0 0 0 0 0 14 0 0 0 0 0 51 0 2 0 0 0 13 0 0 0 0 0 0 0 0 0 0 0 0 0 0 0 0 0 0 0 0 0 0 0 0 0 0 0 0 0 0 0 0 0 0 0 7 0 2 2 87 3 2 0 0 0 0 0 14 0 0 0 0 0 0 0 0 0 0 0 0 1 0 1 0 0 0 13 0 0 0 0 
 0 0 0 0 0 0 0 0 77 0 0 0 0 0 0 0 3 0 2 0 102 195 138 118 170 181 330 101 475 86 116 478 106 125 314 0 67 254 339 63 0 0 0 2 0 2 0 0 0 0 0 0 2 2 2 0 0 1 0 0 2 2 0 32 1 63 0 0 2 2 0 9 0 0 0 0 3 3 0 0 0 0 0 0 0 0 0 0 0 0 0 0 0 0 0 0 0 0 0 0 0 0 35 0 30 24 27 23 24 21 0 11 10 14 1 67 11 29 0 0 0 0 0 0 0 0 0 0 12 0 0 2 14 0 16 0 0 0 30 12 0 4 0 0 0 0 0 0 0 1 0 0 0 0 0 0 0 0 0 0 2 0 0 0 0 0 0 0 0 0 5 1 0 0 0 0 0 8 0 0 12 30 28 20 19 36 0 1 45 60 28 10 0 0 11 7 22 25 0 0 0 0 0 0 0 0 14 0 0 0 0 0 46 0 0 0 0 0 0 0 0 0 0 0 0 0 0 0 0 0 0 0 2 0 1 1 0 0 2 0 0 0 15 0 0 1 0 0 0 0 0 0 0 0 12 0 0 74 77 2 3 0 0 0 0 0 0 0 0 0 0 0 0 0 0 0 0 0 0 0 0 19 0 0 0 0 0 0 0 0 
 0 0 0 0 84 73 0 0 57 73 2 0 0 0 0 0 0 0 0 0 104 45 217 201 67 137 186 355 133 58 162 64 60 193 34 67 0 472 190 104 67 0 0 2 0 2 0 0 6 0 6 0 62 2 2 0 0 1 66 72 4 2 0 2 3 0 0 0 0 3 2 0 0 0 0 0 3 3 0 0 0 0 0 1 1 0 0 0 0 0 0 0 0 0 0 0 0 0 0 0 1 8 0 0 10 0 33 15 0 0 29 0 28 0 21 0 12 6 20 11 0 0 0 0 0 0 17 0 0 0 0 0 0 0 29 0 0 0 0 32 1 0 0 0 0 0 0 0 0 0 0 0 0 0 2 0 0 0 0 0 0 0 0 2 0 1 0 0 0 0 0 10 0 0 1 0 1 0 0 0 34 21 12 7 39 0 13 11 0 17 12 12 1 0 19 23 16 22 8 12 0 13 0 10 0 0 0 0 22 0 0 0 11 12 0 0 0 12 17 0 0 0 0 1 0 0 12 0 0 0 0 0 0 0 0 0 0 0 0 0 0 0 22 0 0 0 0 0 0 0 0 0 0 0 8 1 0 75 2 0 4 0 0 0 0 0 0 0 0 0 0 0 0 0 0 0 0 0 0 0 0 19 0 0 0 0 0 0 0 0 
 0 0 0 0 0 1 0 206 1 4 0 0 0 0 0 0 0 0 0 0 547 392 505 50 42 61 187 101 166 124 122 86 126 346 389 254 472 0 91 411 66 2 0 2 0 2 0 0 4 0 0 0 61 2 2 0 0 1 62 0 2 2 0 3 0 0 0 0 0 2 0 7 43 0 0 0 3 0 0 0 0 0 0 0 0 0 0 0 0 0 0 2 0 0 0 0 1 0 0 0 0 0 14 0 9 0 12 0 12 0 7 35 29 8 9 30 1 13 0 0 11 0 0 0 0 0 0 0 0 11 0 0 0 0 0 0 0 0 0 20 0 3 0 0 0 0 0 0 0 0 0 0 0 0 0 2 0 1 0 0 0 0 0 0 0 0 0 0 0 0 2 0 0 0 0 3 0 9 0 0 4 11 16 0 29 16 11 22 11 27 26 18 0 14 25 33 13 40 15 0 0 0 1 0 0 0 18 0 8 0 0 0 21 16 0 0 0 9 0 0 0 0 0 0 0 0 0 0 0 0 0 2 0 0 0 0 0 0 0 2 0 0 11 0 0 0 0 0 0 0 0 0 0 0 4 0 1 3 82 1 1 0 0 0 0 0 0 0 0 0 0 0 0 0 0 0 0 0 0 0 0 32 0 0 0 0 21 0 0 0 
 0 0 0 0 76 81 0 0 0 0 134 162 0 0 1 0 1 67 0 0 45 53 42 69 55 60 280 165 310 164 71 444 96 110 66 339 190 91 0 259 0 0 0 2 0 2 0 0 2 0 0 0 0 64 2 0 0 1 0 0 2 2 0 2 0 0 0 0 0 2 0 0 0 0 0 0 3 0 0 0 0 0 0 1 7 54 0 0 0 0 11 9 0 0 0 0 0 0 0 0 0 20 19 45 0 0 12 11 1 0 0 0 27 14 27 13 24 0 22 58 0 0 0 0 0 0 0 0 0 0 0 2 0 0 0 0 0 0 1 0 0 0 0 0 0 0 0 0 0 1 0 0 0 5 0 0 0 0 0 0 9 0 9 0 0 0 0 0 0 0 11 24 0 0 0 0 6 1 0 0 21 21 0 12 7 25 9 0 8 2 44 0 0 23 77 7 2 9 28 37 0 0 0 0 0 0 0 0 0 0 0 10 0 0 0 0 0 23 0 0 0 0 0 2 0 0 0 0 0 0 0 0 2 0 1 0 0 0 0 0 0 0 8 0 0 0 23 0 18 0 0 0 0 0 16 0 0 40 0 8 2 9 0 0 0 0 18 0 0 0 0 0 0 0 0 0 19 0 0 0 0 7 0 0 0 0 0 0 0 0 
 0 0 0 2 75 75 1 0 17 0 1 101 0 0 193 58 73 93 0 72 135 45 160 146 148 60 471 57 69 151 248 72 258 118 177 63 104 411 259 0 0 0 0 2 0 2 5 0 0 0 0 0 0 2 2 0 0 0 0 0 2 2 0 7 3 0 0 0 0 3 0 0 27 0 0 0 2 0 0 0 0 17 0 0 2 31 0 0 0 7 72 0 0 0 7 10 0 13 0 0 18 28 5 1 11 0 57 12 17 8 0 11 0 45 15 0 25 23 0 47 0 0 0 0 0 0 0 0 0 0 0 0 0 0 0 0 12 2 0 0 1 0 0 0 0 0 0 0 0 0 0 0 0 4 0 0 0 0 0 0 0 0 0 11 0 12 0 0 0 1 0 13 0 0 0 4 4 12 0 0 0 0 18 0 0 10 9 2 10 14 9 0 0 41 14 52 41 0 19 22 0 0 0 0 0 0 0 0 0 0 0 1 0 0 0 0 0 0 0 0 0 0 0 0 0 0 0 0 0 0 0 0 0 0 0 0 2 0 0 0 0 0 0 0 0 0 0 0 73 0 0 0 0 0 23 0 2 76 4 2 0 12 11 0 0 0 11 0 0 0 0 0 0 0 0 0 6 0 0 0 0 14 0 0 0 0 0 0 0 0 
 0 0 0 0 0 2 0 0 0 0 0 0 0 0 0 0 0 0 0 0 0 1 0 65 65 63 2 0 3 0 0 55 0 0 0 0 67 66 0 0 0 109 79 46 172 57 99 459 376 242 116 159 130 116 148 112 97 98 283 161 2 0 0 219 3 1 0 0 0 0 7 0 7 0 0 11 0 1 0 0 0 0 0 0 0 0 0 0 0 0 0 0 0 0 0 0 0 0 0 0 0 0 0 0 5 9 0 0 0 0 29 0 0 0 0 0 0 9 0 0 10 0 0 0 0 7 1 1 0 0 16 8 0 0 12 10 7 0 0 46 0 5 2 0 2 2 10 0 2 0 12 0 1 0 0 4 0 47 0 13 0 0 0 0 0 0 0 0 0 0 0 0 0 0 1 0 3 0 0 0 0 0 0 0 0 0 0 0 0 0 0 0 0 0 0 0 0 0 0 0 1 0 0 0 10 6 0 47 2 0 0 12 9 23 0 0 0 11 0 0 0 4 0 7 0 0 36 9 0 1 1 0 10 0 0 0 0 3 10 11 0 0 0 0 0 0 0 0 0 0 0 0 0 0 0 0 0 1 0 0 0 0 2 0 0 6 4 1 0 0 0 0 0 0 0 0 0 0 0 0 0 0 0 0 6 0 0 0 2 0 
 0 0 1 0 0 0 2 0 0 2 0 0 0 0 0 2 0 0 0 0 0 0 2 0 62 96 0 2 0 0 0 0 0 1 0 0 0 2 0 0 109 0 229 127 249 85 152 206 130 52 92 118 105 53 130 172 109 379 54 53 0 0 0 0 0 6 52 0 0 0 0 0 0 0 0 2 0 0 0 0 0 0 0 0 0 0 0 0 0 0 0 0 0 0 0 0 0 0 0 0 0 0 0 0 0 29 0 0 0 0 0 0 0 0 0 0 0 0 0 0 7 1 0 12 11 0 0 0 0 21 13 0 0 9 0 11 0 21 18 9 0 0 0 0 0 0 13 0 0 2 0 0 0 0 0 0 14 0 1 8 0 0 0 0 0 0 0 0 0 0 0 0 0 0 0 0 0 0 0 8 0 0 0 0 0 0 0 0 0 0 0 0 0 0 0 0 0 0 0 0 0 20 29 0 1 10 0 9 14 13 36 7 0 0 0 0 5 0 10 0 0 21 0 0 0 0 0 9 0 0 0 0 0 0 0 0 0 0 23 0 0 0 0 0 0 0 0 0 0 0 0 4 0 0 0 0 0 0 0 0 0 0 0 1 1 1 2 0 0 0 0 0 0 0 0 0 0 0 0 0 0 0 0 0 0 6 0 11 2 14 
 0 0 0 0 0 0 3 0 0 0 0 0 0 0 0 2 0 0 0 63 0 0 5 0 106 65 0 0 0 0 0 0 0 0 204 0 0 0 0 0 79 229 0 180 132 97 168 286 324 351 49 50 70 183 96 180 84 328 105 29 0 0 0 0 0 0 0 0 1 0 0 0 0 0 0 2 0 0 0 0 0 0 0 0 0 0 0 0 0 0 0 0 0 0 0 0 0 0 0 0 0 0 0 0 0 10 0 0 0 0 0 0 0 0 0 0 0 0 0 0 1 12 9 34 7 0 14 2 20 16 0 30 0 5 25 10 0 17 0 1 0 0 0 0 0 0 0 0 0 2 0 0 0 10 0 0 0 0 16 18 0 0 0 0 0 0 0 0 4 0 0 0 0 0 0 0 0 0 10 4 0 0 0 0 0 0 0 0 0 0 0 0 0 0 0 0 0 0 0 0 10 18 27 0 15 1 24 16 1 22 16 11 0 0 26 13 69 13 1 19 0 0 0 0 0 0 0 0 0 0 0 0 0 0 0 0 0 0 18 1 0 0 0 0 0 0 0 0 0 0 0 5 0 0 0 0 0 0 0 1 0 0 69 66 0 1 0 65 0 0 12 0 0 0 0 0 0 0 0 0 0 0 0 0 10 33 0 0 1 0 
 2 2 2 2 2 2 6 2 2 2 2 2 2 2 2 4 2 2 2 2 2 2 5 2 3 2 2 1 2 2 2 3 2 2 2 2 2 2 2 2 46 127 180 0 267 334 301 58 143 218 198 65 55 80 72 48 346 95 296 63 50 0 0 0 0 0 24 0 0 0 0 0 49 270 90 1 1 0 50 0 0 0 0 0 0 0 0 0 0 0 0 0 4 0 0 0 0 0 0 0 0 0 0 0 0 0 0 0 0 0 0 0 0 0 0 0 0 0 0 0 10 4 18 28 41 11 0 0 0 4 0 29 0 0 0 5 0 22 0 0 30 2 10 0 0 0 0 22 0 12 0 0 10 11 0 10 10 0 0 0 0 0 0 0 0 0 0 0 0 0 0 0 1 0 0 0 0 0 0 0 0 0 0 0 0 0 0 0 0 0 0 0 0 0 0 0 0 0 0 0 2 3 8 23 14 18 0 0 0 38 11 12 0 0 0 0 0 0 0 0 11 0 1 2 0 0 24 11 0 19 0 1 28 19 1 0 10 0 0 26 0 0 9 0 0 0 0 0 0 0 0 19 0 2 0 0 0 0 0 2 0 15 3 0 1 1 1 2 0 0 7 0 0 0 0 0 0 0 0 0 0 2 8 0 1 0 0 0 1 0 
 0 0 0 0 0 0 0 0 0 0 0 0 0 0 0 0 0 3 0 0 0 0 0 0 0 0 0 3 0 0 0 0 0 0 0 0 0 0 0 0 172 249 132 267 0 235 60 184 406 153 292 270 278 58 101 62 152 136 65 46 55 0 2 0 0 50 74 55 0 0 0 3 57 50 75 1 0 0 0 0 15 0 0 0 0 0 0 0 0 0 0 0 0 0 0 0 0 0 0 0 0 0 0 0 0 0 0 0 0 0 0 0 0 0 0 0 0 0 0 0 0 0 29 11 28 17 0 0 0 2 0 1 0 0 0 0 0 27 0 0 24 0 19 0 0 0 0 11 0 5 0 16 5 18 0 39 11 0 30 0 0 0 0 0 0 0 0 0 0 0 0 0 0 7 0 0 0 0 0 0 0 0 0 0 0 0 0 0 0 0 0 0 0 0 0 0 0 0 0 0 0 0 0 14 40 11 0 0 0 11 0 10 0 0 0 0 9 0 0 0 53 0 0 1 0 0 8 11 0 10 0 0 9 16 36 0 13 0 0 1 0 0 3 0 6 0 0 0 0 0 0 2 0 0 1 0 0 0 0 1 0 0 31 0 1 2 2 0 3 0 6 0 0 0 0 0 0 0 0 0 0 0 0 0 0 0 0 0 1 0 
 3 2 3 3 3 3 3 3 3 3 3 3 3 3 3 2 3 3 3 3 3 2 2 2 2 2 26 0 2 3 2 3 2 2 2 2 2 2 2 2 57 85 97 334 235 0 35 25 47 44 106 57 25 28 265 40 69 105 59 31 52 1 8 3 3 5 53 111 8 0 0 16 47 53 20 1 51 0 61 1 0 0 0 0 0 0 0 0 0 0 1 0 0 0 0 0 0 0 0 0 0 0 0 0 0 0 0 0 0 0 0 0 0 0 0 0 0 0 0 0 22 0 0 1 14 16 0 0 0 0 0 22 0 0 0 0 0 0 0 0 0 20 8 0 4 8 0 25 21 31 5 0 18 11 0 12 12 26 16 9 0 0 0 0 0 0 0 0 0 0 0 0 0 0 0 0 0 0 0 0 0 0 0 0 0 0 0 0 0 0 0 0 0 0 0 0 0 0 0 0 0 0 7 0 42 15 0 0 0 10 9 22 0 0 0 0 0 0 0 0 28 17 10 34 3 5 14 20 6 0 0 14 13 0 20 0 0 0 0 0 0 0 0 0 0 0 0 0 0 0 0 19 0 0 0 0 0 0 0 4 0 0 7 0 0 13 1 0 0 0 39 0 0 0 0 5 0 0 0 0 0 0 0 0 0 0 0 0 13 0 
 0 0 0 4 0 5 3 0 2 54 1 0 0 0 0 8 3 2 0 0 10 0 6 63 1 0 0 0 0 0 66 0 0 0 0 0 0 0 0 5 99 152 168 301 60 35 0 104 81 122 21 110 198 120 169 157 46 29 68 113 0 0 0 0 1 0 0 0 0 0 0 0 0 0 0 0 0 0 0 0 0 0 0 0 0 3 0 0 0 7 0 0 0 0 1 6 0 0 0 0 7 5 0 0 0 0 0 0 0 0 0 0 0 0 0 0 0 7 0 10 0 34 2 16 0 29 0 10 16 24 17 16 4 20 0 43 1 10 0 0 0 0 0 0 0 0 10 0 0 0 0 0 0 0 0 0 0 0 9 18 0 0 0 3 0 5 0 0 0 0 0 1 0 0 1 0 0 4 0 4 0 0 0 0 0 0 0 0 0 0 0 0 7 11 0 0 0 0 0 8 4 2 12 32 19 32 41 1 0 25 23 0 33 0 17 28 12 18 15 0 0 0 0 0 0 0 14 0 0 0 0 0 18 0 0 0 0 0 41 4 0 5 0 0 0 0 0 0 0 33 0 3 0 0 0 0 0 0 0 2 0 0 9 66 0 2 2 1 0 0 0 0 0 0 0 0 0 0 0 0 0 0 0 0 12 0 0 8 1 0 
 0 0 0 0 0 0 0 0 0 0 0 0 0 0 0 0 0 0 0 0 0 0 0 0 64 1 0 0 0 0 0 0 2 0 0 0 0 0 0 0 459 206 286 58 184 25 104 0 127 103 93 98 376 227 119 75 185 26 136 88 0 0 0 0 0 0 0 0 0 2 0 0 0 1 0 1 0 0 0 0 0 0 0 0 0 0 0 0 0 0 0 0 0 0 0 0 0 0 0 0 0 0 0 0 17 3 0 0 0 0 0 0 0 0 1 0 0 0 0 0 19 0 18 0 0 7 18 10 32 5 1 10 7 11 32 0 13 0 0 13 0 0 0 5 0 0 10 0 0 14 50 0 18 0 0 0 0 4 19 0 0 0 0 0 0 0 0 0 0 0 0 0 0 0 7 0 1 0 0 0 0 0 0 0 10 0 0 0 0 0 0 0 0 0 0 0 0 0 0 0 0 5 0 13 14 1 1 11 8 0 54 9 1 13 0 4 4 10 0 24 26 0 0 0 0 0 0 0 0 0 0 1 13 0 0 0 0 0 0 0 0 0 0 0 0 0 0 0 0 0 0 9 0 0 0 0 0 0 0 0 0 0 0 1 2 6 0 0 0 0 0 0 0 0 0 0 0 0 0 0 8 0 0 0 9 13 0 0 0 0 
 0 0 0 0 0 0 0 0 0 2 2 0 0 0 0 0 0 4 0 0 0 0 0 0 24 0 68 3 32 0 0 274 5 3 0 0 6 4 2 0 376 130 324 143 406 47 81 127 0 254 103 43 102 142 156 97 210 44 299 79 52 0 0 0 0 54 53 0 0 0 0 0 3 0 0 2 0 0 0 0 0 0 0 0 1 0 0 0 0 0 0 0 0 0 0 0 0 0 0 0 0 0 0 0 0 7 9 15 0 0 0 0 10 0 7 3 0 0 2 0 0 19 63 31 14 8 14 2 6 0 0 1 17 0 9 0 13 13 0 0 38 0 0 0 1 0 0 0 0 0 0 0 0 0 0 0 0 0 12 0 0 0 0 0 0 0 0 0 0 0 0 8 0 0 4 0 8 0 0 0 2 11 10 0 24 0 2 23 0 0 0 0 0 0 5 8 0 8 5 0 2 26 13 10 0 1 13 35 0 0 0 20 0 26 14 22 16 6 0 19 10 0 0 0 0 0 0 0 1 0 3 0 0 11 20 0 0 0 0 0 0 0 19 0 0 0 2 0 0 0 0 9 0 0 0 0 0 0 0 1 0 0 67 2 0 16 1 0 0 0 1 0 0 0 0 0 0 0 0 0 0 55 0 0 1 13 0 0 1 0 
 0 0 0 0 0 0 2 0 0 0 0 0 0 0 0 0 0 0 0 0 1 0 1 7 1 0 0 5 0 1 0 4 0 0 0 0 0 0 0 0 242 52 351 218 153 44 122 103 254 0 333 328 48 59 185 75 465 381 89 94 16 0 0 6 0 0 74 0 0 3 0 52 16 57 53 1 0 0 47 2 0 0 0 0 0 0 0 1 0 0 0 0 0 0 0 0 0 0 0 0 0 0 0 10 0 0 0 0 0 10 0 0 0 0 0 0 0 9 0 0 0 0 22 12 16 14 0 0 2 9 0 25 4 18 0 0 6 16 0 6 0 0 0 0 5 0 13 15 0 0 24 0 25 1 0 0 0 0 22 20 0 0 0 0 0 0 0 0 0 0 5 0 1 0 0 0 0 0 0 0 0 0 0 1 0 0 0 0 0 1 0 0 0 0 0 0 7 0 0 0 0 0 0 14 10 35 0 0 0 13 15 12 30 0 0 14 0 16 0 0 6 0 0 0 0 0 0 0 10 0 11 0 1 0 10 0 0 0 15 17 0 0 17 0 0 0 18 0 0 0 0 11 0 2 0 0 0 0 0 22 0 0 1 0 0 4 3 0 0 0 0 0 0 0 0 0 0 0 0 0 0 1 0 0 3 0 0 10 2 0 
 0 0 0 0 0 0 2 0 0 0 1 0 0 0 0 3 0 0 0 3 0 0 0 0 0 0 0 0 0 0 0 0 0 1 0 0 6 0 0 0 116 92 49 198 292 106 21 93 103 333 0 338 35 99 274 38 214 177 54 54 105 0 0 0 50 9 77 52 0 0 2 0 209 50 36 1 1 3 0 0 0 0 0 0 0 0 0 0 0 0 0 0 0 0 0 0 0 20 0 0 0 0 0 0 0 0 0 0 0 0 0 0 0 0 0 0 0 0 0 0 13 0 18 25 27 28 0 2 0 0 6 10 0 0 11 0 0 18 0 0 25 1 8 0 0 0 0 10 0 18 5 10 9 9 0 14 10 2 19 0 0 0 0 0 0 0 0 0 0 0 0 0 0 0 0 0 0 0 0 0 0 0 0 0 0 0 0 0 0 0 0 0 0 0 0 0 0 0 0 0 0 0 0 13 16 13 0 1 0 0 10 5 0 0 9 0 0 0 0 0 28 0 1 2 0 0 19 11 0 4 0 1 25 14 18 0 7 0 0 10 0 0 9 0 0 0 0 0 0 0 0 8 0 2 0 0 0 0 0 2 56 0 5 0 1 6 0 0 1 0 0 0 0 0 0 0 0 0 0 0 0 0 0 0 9 0 0 0 2 0 
 0 3 0 0 0 0 0 0 0 0 0 0 0 0 3 0 0 0 0 0 0 0 0 3 4 0 0 10 1 1 0 9 0 0 0 0 0 0 0 0 159 118 50 65 270 57 110 98 43 328 338 0 54 211 44 173 59 132 52 43 53 0 0 0 0 0 72 0 0 0 2 0 70 0 0 1 3 0 143 0 0 13 0 0 0 0 0 0 0 0 0 0 0 0 0 0 0 0 0 0 0 0 0 10 0 0 0 0 0 10 0 0 0 0 0 0 0 7 0 0 17 0 0 0 54 10 0 0 0 19 28 20 9 0 21 0 6 13 0 10 0 0 0 0 0 0 17 0 0 5 14 0 18 0 0 0 0 4 0 2 0 8 0 0 0 0 0 0 0 0 0 0 6 0 0 0 0 0 0 2 0 0 0 0 0 0 0 0 0 4 0 10 0 0 0 0 7 0 0 0 0 0 7 9 21 1 0 0 18 0 10 6 9 0 0 0 0 19 0 0 0 13 0 0 0 0 22 9 0 1 0 0 29 0 0 0 6 0 0 36 0 0 0 0 0 2 0 0 0 0 0 9 0 2 0 0 0 0 0 22 0 17 2 0 40 4 4 0 2 0 0 0 0 0 0 0 0 0 0 0 0 1 0 0 10 0 0 0 1 0 
 0 0 0 0 0 0 0 0 0 0 1 0 0 0 0 0 0 3 0 0 0 63 27 74 92 62 0 0 0 0 0 63 5 0 0 2 62 61 0 0 130 105 70 55 278 25 198 376 102 48 35 54 0 66 257 128 248 34 554 109 0 0 0 0 0 0 0 0 0 0 0 0 0 0 0 0 0 0 0 0 0 0 0 0 0 0 0 0 0 0 0 0 0 0 0 0 0 0 0 0 0 0 23 0 4 24 0 0 5 0 14 0 0 1 0 6 0 0 0 0 0 20 30 0 0 0 1 26 14 13 9 1 67 8 18 6 2 0 11 6 0 0 0 0 0 0 0 0 0 0 1 0 0 0 0 0 0 3 0 0 0 0 0 0 0 0 0 0 0 0 0 0 0 0 4 0 8 0 9 0 0 0 18 11 0 3 0 0 1 0 2 0 0 0 5 0 0 0 0 0 7 42 16 11 0 0 12 55 8 11 0 13 16 73 19 25 8 12 16 0 0 0 0 0 0 0 0 0 0 0 0 0 0 0 0 0 0 0 0 0 0 0 0 0 0 0 0 0 0 0 0 0 0 0 0 0 0 62 0 0 0 0 0 0 0 18 2 0 0 0 0 0 0 0 0 0 0 0 0 0 0 0 0 0 0 0 0 0 2 0 
 2 0 0 0 0 0 0 0 0 0 0 0 0 0 0 0 0 0 0 0 2 2 2 2 2 2 2 1 2 2 2 3 2 2 2 2 2 2 64 2 116 53 183 80 58 28 120 227 142 59 99 211 66 0 398 120 107 265 182 237 3 0 0 0 0 0 0 2 3 0 3 0 3 0 1 1 0 0 0 0 0 0 0 0 0 0 0 0 0 0 0 0 0 0 0 0 0 0 0 0 0 0 0 0 0 1 0 0 0 0 0 0 0 0 0 0 0 0 0 19 5 13 12 20 0 6 10 19 7 10 19 4 2 29 14 19 13 1 0 0 0 0 0 0 0 0 14 0 0 0 6 0 3 0 0 0 0 4 0 0 0 0 0 0 0 0 0 0 0 0 0 0 0 0 0 0 0 0 0 0 0 0 0 0 11 0 0 0 0 0 0 0 0 0 0 0 0 0 0 0 9 25 12 21 15 7 33 27 1 7 0 1 0 0 17 1 19 23 0 11 1 0 0 0 0 0 13 0 0 0 0 0 16 0 0 0 0 0 19 22 0 0 0 0 0 0 0 0 0 0 0 6 0 0 0 0 0 1 0 0 0 0 2 35 0 2 0 1 0 7 0 0 0 0 0 0 0 0 0 0 0 0 0 0 3 0 0 0 2 0 
 3 3 3 3 3 3 3 3 3 3 3 3 3 3 3 3 3 3 3 3 2 2 2 3 71 3 2 0 75 2 2 4 2 2 2 2 2 2 2 2 148 130 96 72 101 265 169 119 156 185 274 44 257 398 0 215 350 62 61 76 0 0 0 0 0 0 0 0 0 2 0 0 205 0 0 0 2 0 3 6 0 0 0 0 0 0 0 0 0 0 0 0 0 0 0 0 0 0 0 0 0 0 5 0 0 2 0 0 0 0 0 0 0 0 0 0 0 0 0 0 0 7 28 14 9 0 0 78 26 10 30 27 22 32 11 0 11 0 21 9 0 0 0 0 0 0 0 0 0 0 4 0 0 0 2 0 0 5 18 30 0 0 0 0 0 0 0 0 0 0 0 0 0 0 4 0 3 0 0 0 0 0 0 0 0 0 0 0 0 0 0 0 0 0 0 0 0 0 0 0 3 23 19 1 7 2 25 39 8 32 0 6 11 18 17 26 20 56 19 0 0 0 2 0 0 0 0 0 22 0 0 0 0 6 0 0 0 7 18 8 0 0 0 0 0 0 0 0 0 0 0 20 0 2 0 0 0 0 2 2 0 0 0 2 0 4 0 0 1 0 0 0 0 0 0 0 0 0 0 0 0 0 0 0 20 0 0 0 0 0 
 0 0 0 0 0 0 3 0 0 0 0 0 1 0 0 0 0 77 0 0 0 0 0 0 98 62 0 0 1 0 4 1 0 0 2 0 0 0 0 0 112 172 180 48 62 40 157 75 97 75 38 173 128 120 215 0 109 107 117 102 0 0 0 2 0 0 49 0 0 0 0 0 1 0 0 0 0 0 51 0 0 0 0 0 0 0 0 0 0 0 0 0 0 0 0 0 0 0 0 0 0 0 0 0 0 8 0 0 0 0 18 0 0 0 0 0 0 0 0 0 0 5 0 23 15 0 2 10 0 41 43 50 1 32 13 22 0 36 18 7 0 0 0 1 0 0 15 0 0 1 8 0 0 0 0 0 0 13 0 2 0 0 0 0 0 0 0 0 0 0 0 0 0 0 0 0 0 0 0 14 0 0 0 0 0 0 0 0 0 1 0 1 0 0 0 0 0 0 0 0 0 19 8 0 37 0 8 28 32 24 4 27 28 0 9 0 2 7 19 0 0 21 0 0 0 0 0 9 0 0 0 0 0 0 0 0 0 0 5 0 0 0 0 0 0 0 0 0 0 0 0 9 0 0 0 0 0 0 0 1 0 0 0 1 66 0 1 0 0 0 0 0 0 0 2 0 0 0 0 0 0 0 0 0 17 6 0 0 2 0 
 0 0 0 0 0 0 2 0 0 0 0 0 0 0 0 0 0 2 0 0 0 0 1 0 24 5 54 1 0 0 18 68 2 61 0 0 0 0 0 0 97 109 84 346 152 69 46 185 210 465 214 59 248 107 350 109 0 80 25 103 51 0 0 0 0 0 51 0 0 0 0 0 0 0 0 2 0 0 0 0 0 0 0 0 6 0 0 0 0 0 0 0 0 0 0 0 0 0 0 0 0 0 0 0 0 8 0 0 0 0 0 2 0 0 0 0 0 0 0 0 17 20 30 10 13 7 14 33 6 0 0 1 21 8 6 0 24 12 2 1 39 0 0 0 1 0 0 0 0 0 0 0 0 0 0 0 13 0 19 0 0 0 0 0 0 0 0 0 0 0 0 0 0 0 4 0 9 0 0 0 0 0 0 0 53 0 0 0 0 0 0 1 0 0 0 0 0 0 0 0 7 35 17 14 0 0 8 21 0 0 0 67 0 26 15 53 18 2 19 26 11 0 0 0 0 0 0 0 0 0 1 0 0 12 9 0 0 0 0 0 0 0 17 0 0 0 0 0 0 0 0 14 0 0 0 0 0 0 3 0 66 0 64 2 0 15 1 0 0 0 0 0 0 0 0 0 0 0 0 0 0 0 0 0 0 13 0 0 1 7 
 1 8 1 0 2 0 4 5 0 3 0 2 7 12 0 0 0 0 14 1 1 0 2 1 9 1 0 2 0 2 2 3 1 1 0 1 1 1 1 0 98 379 328 95 136 105 29 26 44 381 177 132 34 265 62 107 80 0 72 79 2 1 2 1 1 0 91 2 0 0 5 0 49 47 52 10 6 1 51 1 2 0 6 0 0 0 0 0 12 0 0 0 0 37 0 0 0 0 7 0 0 0 0 0 0 0 0 0 0 0 0 0 0 0 0 0 0 0 0 5 16 0 0 0 37 0 10 1 17 21 8 29 0 0 14 11 0 14 0 0 0 1 1 1 2 2 20 3 1 4 7 0 1 12 0 14 0 4 0 0 0 7 17 0 0 3 0 0 0 0 0 0 2 26 15 7 0 0 6 5 0 0 0 0 0 0 0 0 0 0 0 0 0 0 0 0 0 0 0 0 13 0 0 8 10 38 1 0 0 0 34 27 0 0 13 0 0 0 0 10 0 17 0 0 2 1 16 0 1 0 0 1 18 0 0 0 0 0 24 26 0 0 0 0 0 0 0 0 0 0 0 9 0 1 0 0 0 0 2 0 0 27 4 0 0 5 0 9 0 0 0 0 0 0 0 0 0 0 0 0 0 4 0 0 8 11 0 7 2 1 
 3 3 3 3 3 3 3 3 3 4 3 3 3 3 3 3 3 3 3 3 1 21 64 63 55 65 0 74 61 3 0 0 0 2 0 0 66 62 0 0 283 54 105 296 65 59 68 136 299 89 54 52 554 182 61 117 25 72 0 340 0 0 0 0 0 0 0 0 0 0 0 0 0 0 0 0 0 0 2 4 0 0 0 0 0 0 0 0 0 0 0 0 0 0 0 0 0 0 0 0 0 17 34 9 19 0 0 7 1 13 17 0 0 0 3 1 11 17 0 19 21 0 3 0 6 2 23 1 14 0 3 14 0 0 14 27 0 0 8 12 0 0 0 0 0 0 0 0 0 1 0 0 1 0 0 4 0 0 0 7 0 0 0 0 0 0 0 0 0 0 0 0 0 0 0 0 0 0 0 0 0 2 3 5 19 13 0 13 1 0 12 4 0 0 0 0 16 12 0 0 19 0 3 0 10 14 0 1 3 0 4 10 10 39 13 0 0 0 0 37 0 28 0 0 0 0 0 0 0 0 0 0 0 5 0 0 0 0 26 15 0 0 0 0 0 0 0 0 0 0 0 13 0 0 7 0 0 62 0 1 11 0 1 0 0 0 0 32 0 3 0 0 0 0 0 2 0 0 0 0 0 0 1 0 0 19 0 0 0 0 
 0 0 0 0 0 0 0 0 0 0 2 0 0 0 0 0 0 0 0 0 0 62 0 64 64 11 0 0 22 0 1 0 0 0 0 0 72 0 0 0 161 53 29 63 46 31 113 88 79 94 54 43 109 237 76 102 103 79 340 0 0 0 0 0 0 0 0 0 0 0 0 0 0 0 0 0 0 0 0 0 0 0 0 0 0 0 0 0 0 0 0 0 0 0 0 0 0 0 0 0 0 0 7 6 1 0 0 0 0 15 30 0 0 0 0 0 0 0 0 0 0 26 9 21 0 0 30 2 1 0 9 2 0 0 22 4 32 0 10 1 0 0 0 0 0 0 0 0 0 0 0 0 0 0 0 7 0 0 0 3 0 0 0 0 0 0 0 0 0 0 0 0 0 0 0 0 0 0 0 0 30 0 0 11 50 19 0 1 0 0 0 20 0 0 0 0 2 0 0 0 12 4 20 3 0 9 13 7 43 1 10 0 0 11 25 0 4 10 18 31 0 13 0 0 0 0 9 0 0 0 0 0 0 0 0 12 0 0 6 10 0 0 0 0 0 0 0 0 0 0 0 6 0 1 0 0 0 61 0 0 0 0 0 0 0 0 3 64 0 0 0 0 0 0 0 0 0 0 0 0 0 0 0 0 1 1 0 0 0 0 
 0 0 0 0 0 0 3 1 2 0 0 0 0 0 0 0 0 0 0 0 2 2 2 2 8 2 2 0 2 2 2 2 2 2 2 2 4 2 2 2 2 0 0 50 55 52 0 0 52 16 105 53 0 3 0 0 51 2 0 0 0 97 81 77 36 96 174 101 37 45 34 245 118 164 303 61 302 121 100 47 0 0 0 0 0 0 0 0 0 0 0 0 0 0 0 0 0 0 0 0 0 0 0 0 0 16 0 0 0 0 0 0 0 0 0 0 0 0 0 0 3 0 10 1 0 45 0 0 0 0 20 0 0 0 0 0 1 6 0 0 21 9 6 0 9 0 25 19 0 2 1 30 28 10 0 20 1 8 17 13 0 0 0 0 0 0 0 0 0 0 0 0 4 0 0 0 0 0 0 0 0 0 0 0 0 0 0 0 0 0 0 0 0 0 0 0 0 0 0 0 0 0 0 0 18 0 0 0 0 0 0 19 0 0 7 0 1 0 0 0 40 0 0 0 0 0 39 22 8 25 43 0 27 10 47 0 22 9 0 15 0 0 0 0 0 0 0 0 0 0 0 0 0 0 8 0 0 0 0 0 0 0 2 0 52 0 14 0 0 0 0 2 0 0 2 1 0 0 0 0 0 0 0 0 0 0 0 12 0 1 
