 0 89 247 59 50 41 443 226 57 31 36 44 56 298 53 44 46 35 91 135 0 0 6 0 3 3 0 0 0 3 4 0 2 6 1 3 3 2 2 6 0 6 9 2 3 0 2 3 0 2 0 2 0 3 0 0 0 0 0 0 0 0 3 0 0 3 5 0 2 1 0 0 2 1 0 6 0 0 0 2 9 8 14 16 2 0 14 0 1 31 47 22 14 0 0 9 14 24 0 0 0 0 0 0 0 0 0 0 0 0 0 0 0 0 0 0 0 9 0 0 0 0 0 0 0 0 0 0 0 0 0 0 0 0 0 0 0 0 8 14 0 0 0 0 0 0 0 5 0 17 0 0 0 0 0 0 0 0 0 1 0 20 0 0 14 1 14 0 24 0 2 0 0 9 13 0 0 0 4 11 0 0 0 0 0 0 0 0 0 0 0 0 0 0 0 0 0 0 12 0 0 0 0 0 0 0 1 0 0 0 0 0 0 0 0 0 2 1 0 0 11 0 0 0 0 2 0 0 0 0 0 0 0 0 0 0 0 0 0 0 0 0 0 0 0 4 88 0 1 0 0 7 0 0 0 0 0 0 0 0 0 0 10 0 0 0 0 0 0 0 0 0 0 0 0 10 0 0 0 0 0 0 0 0 0 0 0 0 0 0 
 89 0 104 373 142 119 196 236 258 236 114 423 77 63 63 126 333 21 50 41 3 3 2 3 0 4 75 0 0 0 0 0 16 5 2 0 3 0 76 3 0 0 0 0 0 0 0 3 0 0 0 0 0 0 1 0 0 0 0 0 0 0 3 0 0 0 0 1 3 0 0 0 2 3 1 0 0 0 0 35 0 0 15 11 36 18 0 17 24 7 30 14 0 15 17 52 21 17 30 0 0 0 1 0 0 0 0 0 0 0 0 0 22 1 1 0 0 0 0 15 0 0 0 0 12 0 0 0 1 0 0 0 0 0 0 0 0 0 0 0 0 0 0 0 0 0 0 0 0 1 0 0 0 0 0 0 0 2 0 0 16 0 14 31 13 0 0 11 11 31 1 0 0 0 0 4 20 9 0 0 0 0 0 0 0 0 25 0 2 0 2 0 7 2 13 0 0 0 0 15 1 0 0 0 0 1 0 0 0 0 0 0 0 0 1 0 0 0 0 0 0 2 0 0 0 0 0 0 0 0 0 0 0 0 0 0 0 0 0 0 0 18 0 0 0 0 0 0 1 91 0 28 0 0 2 0 0 0 0 0 0 0 0 0 0 0 0 0 0 0 0 0 0 0 0 0 14 1 0 0 0 0 0 0 0 0 0 0 0 0 
 247 104 0 396 29 262 265 106 81 237 126 52 44 571 267 146 190 201 17 22 0 0 2 0 2 3 0 0 0 75 0 0 0 3 2 0 3 0 2 5 0 0 7 0 0 0 0 3 8 0 0 0 0 0 1 0 0 0 0 0 0 0 3 0 0 0 0 2 2 0 52 0 2 0 0 0 0 0 0 2 17 20 15 0 20 0 0 12 12 32 28 0 16 41 10 1 23 0 0 0 0 0 0 0 0 0 0 3 0 0 0 0 0 0 0 0 0 0 9 0 0 0 0 0 0 0 0 0 0 0 0 0 0 0 0 0 0 0 0 10 0 0 0 0 0 0 0 0 0 0 0 0 0 0 0 0 0 0 0 0 27 25 15 10 0 0 6 10 32 0 10 11 0 0 21 29 4 0 0 29 1 0 0 0 0 0 0 0 0 2 0 0 0 0 0 0 0 0 11 2 0 0 0 0 6 0 0 0 0 0 0 0 0 0 0 0 0 0 0 0 0 0 0 0 0 0 0 0 0 0 0 0 0 0 0 0 0 0 0 0 0 0 0 0 0 0 181 0 1 88 0 0 0 0 0 0 0 0 0 0 0 0 11 0 0 0 0 0 0 0 0 0 0 0 0 0 0 19 0 0 0 0 0 0 0 0 0 0 0 0 
 59 373 396 0 273 319 149 176 182 130 187 346 50 69 62 329 44 366 60 85 30 0 2 0 0 3 2 3 0 0 0 0 159 68 75 0 5 1 19 5 0 0 0 0 0 0 0 3 0 0 0 0 0 0 63 0 65 0 0 0 0 0 47 0 0 0 0 0 3 0 0 45 2 39 1 0 0 0 0 2 0 0 15 17 53 50 0 0 0 10 18 41 0 27 19 0 23 9 0 0 12 35 0 42 0 0 9 19 2 0 0 0 24 36 0 0 0 0 23 0 0 0 0 0 0 0 0 0 0 0 0 1 0 0 0 0 0 0 0 0 0 0 0 0 0 0 0 0 0 0 0 0 0 0 0 0 0 0 2 11 23 0 21 1 9 43 0 0 13 0 2 15 0 0 0 10 0 0 0 0 24 0 0 0 0 0 0 14 22 9 0 0 27 9 31 30 0 20 13 9 0 0 0 0 0 0 7 0 0 0 0 0 0 0 0 0 0 0 0 0 0 6 0 0 0 0 0 0 0 0 2 0 0 0 0 0 0 0 0 0 0 0 0 0 0 2 0 0 0 88 4 8 0 0 0 0 0 0 0 0 0 0 0 2 0 0 0 0 0 0 0 0 0 0 0 0 1 0 0 0 0 0 0 0 0 0 0 0 0 0 
 50 142 29 273 0 306 54 68 175 264 68 193 51 297 330 321 82 342 242 75 73 0 4 3 1 5 155 79 1 0 0 0 20 4 76 77 86 0 74 95 2 2 0 4 61 0 0 3 0 2 61 0 0 0 1 0 61 0 0 0 0 0 2 0 0 0 1 0 3 0 0 0 2 0 2 0 0 0 0 46 17 0 22 28 31 65 0 2 9 0 0 17 0 48 22 11 1 28 0 0 0 21 0 0 0 0 7 0 0 27 2 0 1 52 0 0 14 0 0 0 0 0 0 0 0 0 0 0 0 1 0 0 0 0 0 1 0 0 0 0 15 0 0 0 0 2 0 0 0 0 0 16 0 0 0 0 0 0 0 0 0 0 3 10 2 31 0 11 0 0 21 20 0 0 0 0 13 12 0 0 30 0 0 1 0 0 2 10 14 1 0 0 14 0 0 0 0 37 0 17 0 0 0 0 0 0 0 0 0 0 0 0 0 0 0 0 0 0 0 0 0 0 0 0 0 0 0 0 0 0 0 0 0 0 0 0 0 0 0 0 0 2 0 0 0 2 0 0 89 11 0 8 17 0 0 1 0 0 0 0 0 0 1 0 0 0 0 0 0 0 0 0 0 0 0 8 0 23 0 0 0 0 0 0 0 0 0 0 0 0 
 41 119 262 319 306 0 130 213 66 43 257 65 17 142 106 390 175 140 38 54 0 20 2 0 0 3 0 0 0 73 0 0 74 3 1 1 3 0 113 6 0 0 0 0 0 0 0 3 3 0 0 0 0 0 2 0 0 0 0 0 0 0 1 0 0 0 0 0 3 0 0 0 2 42 3 0 0 0 0 2 8 11 31 15 3 0 0 0 12 0 52 13 1 1 0 38 48 24 0 0 7 0 0 0 0 0 8 9 0 9 0 0 21 0 1 0 2 0 46 9 0 0 0 0 0 0 0 0 0 0 0 0 0 0 0 0 0 0 0 0 0 0 0 0 0 0 0 0 0 0 0 0 0 0 0 0 0 0 0 0 0 16 0 15 0 0 0 11 25 9 11 3 0 0 0 0 15 33 0 0 0 10 0 14 15 0 6 0 16 17 0 0 0 0 14 14 10 0 51 15 0 0 0 0 0 0 0 0 0 0 0 0 9 0 0 0 0 0 0 0 0 0 0 0 0 0 0 0 0 0 2 0 0 0 0 0 0 0 0 0 0 0 0 0 0 4 0 0 1 92 11 17 0 0 0 0 0 0 0 0 0 0 0 0 0 0 0 0 0 0 0 0 0 0 0 0 18 14 0 0 0 0 0 0 0 0 0 0 0 0 
 443 196 265 149 54 130 0 212 356 44 48 39 214 406 66 128 60 325 57 46 0 2 2 0 22 6 0 0 0 0 0 1 0 5 5 0 3 0 0 3 5 2 7 2 0 0 0 3 0 0 0 0 0 0 65 0 0 0 3 0 0 3 2 1 0 0 0 2 35 2 1 0 3 40 3 0 0 0 0 4 14 0 0 0 0 1 40 0 40 21 19 10 14 22 14 0 0 9 56 8 0 0 0 0 0 0 0 0 0 0 0 0 0 0 0 0 1 0 0 0 0 0 0 0 0 0 0 0 0 0 0 2 0 2 0 0 0 0 0 6 0 0 0 0 0 0 0 1 0 5 0 0 0 0 0 0 0 0 0 0 7 50 13 7 0 10 20 17 0 0 19 9 9 1 0 14 10 11 11 0 0 0 0 0 0 0 0 0 0 0 0 0 0 0 0 0 0 0 2 0 0 0 0 21 0 0 0 0 0 0 0 0 0 0 0 0 0 1 0 0 0 0 0 0 0 0 0 0 0 0 1 0 0 0 0 0 0 0 0 0 0 0 0 0 0 0 4 2 0 0 0 2 14 0 0 0 0 0 0 0 0 0 3 0 0 0 0 0 0 0 0 0 0 0 0 12 0 0 0 0 0 0 0 0 0 0 0 0 0 0 
 226 236 106 176 68 213 212 0 262 34 50 132 99 492 306 123 128 20 142 44 0 0 4 0 2 3 0 0 3 0 0 0 0 3 4 0 6 2 73 4 7 2 1 0 0 0 0 3 0 0 0 0 3 0 5 30 0 0 0 0 0 1 3 0 3 0 7 0 3 0 0 0 2 0 0 0 0 0 0 3 40 40 21 1 19 0 13 0 0 20 36 10 31 0 18 44 21 40 0 35 0 0 0 0 0 11 19 0 0 0 0 20 80 0 0 0 1 0 17 0 0 0 0 0 0 0 0 0 0 0 0 0 0 0 0 0 0 0 0 0 0 0 0 0 0 0 0 5 0 3 0 0 0 0 0 0 0 0 0 0 0 4 1 13 0 0 10 0 46 14 0 0 15 14 27 10 14 19 14 0 0 0 0 0 0 0 0 0 0 0 0 0 0 0 0 0 0 0 14 0 0 0 0 0 0 0 0 0 0 0 0 0 10 0 0 0 0 0 0 0 0 0 0 0 0 0 0 0 0 0 0 0 0 0 0 12 6 0 0 0 0 0 0 0 0 0 90 0 1 2 2 9 0 0 0 0 0 0 0 0 0 0 0 0 0 0 0 0 0 0 0 0 0 0 0 0 26 0 0 0 0 0 0 0 0 0 0 0 0 0 
 57 258 81 182 175 66 356 262 0 163 243 32 171 607 146 209 115 45 50 66 0 0 2 0 72 5 64 2 1 0 0 0 232 3 0 0 3 0 48 3 0 0 0 0 0 0 0 3 0 0 0 0 0 0 2 0 0 0 0 0 0 0 2 0 0 0 51 0 3 0 0 0 2 0 3 0 0 0 0 48 0 10 30 15 41 7 8 19 8 1 31 49 0 14 31 35 54 16 13 1 0 0 0 11 0 0 13 9 13 0 0 0 13 0 0 2 0 2 22 0 0 0 2 0 0 1 0 0 0 0 0 0 0 0 0 0 0 0 0 2 0 0 0 2 0 0 0 0 0 0 0 0 0 0 0 0 0 0 0 0 26 11 29 39 11 0 0 9 17 29 9 0 0 0 6 10 48 9 0 0 0 0 0 0 2 0 0 0 0 0 0 0 0 0 18 0 12 1 11 13 0 0 0 0 0 0 0 0 0 0 0 0 0 0 0 0 0 0 0 0 0 0 0 0 0 0 0 0 0 0 0 0 0 0 0 0 0 6 0 0 0 5 0 0 0 0 0 0 1 87 2 11 0 0 0 0 0 0 0 0 0 0 0 0 0 0 0 0 0 0 0 0 0 0 0 0 33 14 0 0 0 0 0 0 0 0 0 0 0 0 
 31 236 237 130 264 43 44 34 163 0 424 48 140 389 270 174 52 149 44 104 4 0 2 0 1 3 17 0 0 0 1 0 73 180 0 0 3 1 1 287 0 0 1 0 0 0 0 3 0 0 0 0 2 0 66 0 0 0 0 0 0 0 1 0 0 0 0 0 3 0 0 0 2 0 3 0 0 0 0 2 62 14 35 31 33 6 0 38 0 10 48 0 18 18 19 21 22 0 0 0 0 7 0 0 0 0 1 0 0 0 0 0 12 0 0 1 0 1 7 10 0 0 1 0 0 2 0 0 0 0 0 0 0 0 0 0 0 0 0 0 0 0 0 1 0 0 0 0 0 0 0 4 0 2 0 0 0 0 0 0 47 24 19 10 0 4 27 20 19 0 11 0 22 18 34 34 0 26 0 11 13 0 0 19 1 17 22 0 0 0 0 0 0 12 11 0 0 2 3 0 0 0 0 0 0 0 0 0 0 0 0 0 0 0 0 0 0 0 0 0 0 0 0 0 0 0 0 0 0 0 0 0 0 0 0 0 0 0 0 0 0 0 0 0 0 3 102 0 2 87 0 10 0 0 0 0 0 0 0 0 0 0 0 0 0 0 0 0 0 0 0 0 0 0 0 8 12 0 0 0 0 0 0 0 0 0 0 0 0 0 
 36 114 126 187 68 257 48 50 243 424 0 220 34 268 171 158 191 328 32 63 2 4 2 0 1 3 73 0 0 0 2 0 1 103 55 4 3 2 74 29 0 0 0 0 0 0 0 3 0 35 0 0 0 0 1 0 0 0 0 0 0 0 7 0 0 0 0 0 2 0 0 0 2 0 0 0 0 0 0 2 2 0 12 0 31 0 0 0 0 0 10 0 0 0 18 24 11 15 0 0 24 36 0 53 0 1 9 8 0 0 0 0 44 18 0 0 0 0 23 37 0 0 0 0 1 0 0 0 0 0 0 0 0 0 0 0 0 0 0 0 0 0 0 0 0 0 0 0 0 0 0 0 0 0 0 0 0 0 0 0 0 1 6 12 0 50 0 12 25 15 22 0 0 0 7 2 19 12 0 0 23 0 0 2 0 0 85 20 30 8 0 0 19 12 18 1 0 0 47 27 0 0 0 0 0 0 0 0 12 0 0 0 10 0 0 0 0 0 0 0 0 0 0 0 0 0 0 0 0 0 0 0 0 0 0 0 0 0 0 2 0 0 22 0 0 5 2 1 0 1 0 12 0 0 0 0 0 0 0 0 0 0 0 0 0 0 0 0 0 0 0 0 0 0 0 0 27 25 0 0 0 0 0 0 0 0 0 0 0 0 
 44 423 52 346 193 65 39 132 32 48 220 0 27 137 57 136 77 113 237 32 0 76 2 0 1 3 1 0 0 0 0 0 75 74 2 74 3 0 38 30 0 0 3 0 8 0 0 3 0 0 0 0 0 0 2 0 0 0 0 0 0 0 5 0 0 0 1 0 1 0 0 32 3 0 0 0 0 0 0 55 12 8 29 39 22 10 0 0 18 2 29 17 0 0 8 42 16 29 9 0 8 13 0 0 0 0 0 14 0 0 0 0 27 0 0 0 0 7 0 4 0 16 0 0 0 0 0 0 0 0 0 0 0 0 0 0 0 0 0 1 0 0 0 0 0 0 0 0 0 0 0 0 0 0 0 0 0 0 0 0 0 0 0 0 10 27 0 13 9 19 36 37 0 0 0 0 18 12 0 0 14 0 0 0 0 0 1 22 0 6 0 0 11 0 25 0 10 0 37 27 0 0 0 0 0 0 0 0 0 0 0 0 0 0 0 0 0 0 0 0 0 0 0 0 0 0 0 0 0 0 0 0 0 0 0 0 0 0 0 0 0 0 0 0 0 4 0 0 1 2 0 0 0 13 0 0 0 0 0 0 0 0 0 0 0 0 0 0 0 0 0 0 0 0 0 0 0 14 0 16 0 0 0 0 0 0 0 0 0 0 
 56 77 44 50 51 17 214 99 171 140 34 27 0 72 55 135 52 115 105 137 0 0 4 0 21 3 0 0 1 0 1 0 3 3 0 0 4 0 0 3 0 0 0 0 0 0 0 3 0 0 0 0 0 0 109 0 0 2 0 0 0 0 3 0 0 0 0 0 37 0 0 0 2 0 1 0 0 0 0 2 37 24 0 0 21 0 48 0 16 0 0 14 16 13 42 0 10 0 33 0 0 0 0 0 0 0 0 0 0 12 0 0 0 0 0 0 0 28 0 0 0 0 0 0 0 0 0 0 0 0 0 0 0 0 0 16 0 0 0 0 5 0 0 0 0 0 0 0 0 3 0 0 0 0 0 0 0 4 0 1 22 10 15 36 0 0 29 2 1 1 2 0 19 0 1 36 1 10 0 9 0 0 0 0 0 0 0 0 0 0 0 0 0 0 0 0 0 0 0 0 0 0 0 1 0 0 1 0 0 0 0 0 0 0 0 0 2 1 0 0 0 0 0 0 0 0 0 0 0 0 0 0 0 0 0 0 0 0 0 0 0 0 0 0 0 0 91 0 2 2 0 15 13 0 0 0 0 0 0 0 0 0 0 0 0 0 0 0 0 0 0 0 0 0 0 27 0 0 0 0 0 0 0 0 0 0 0 0 0 0 
 298 63 571 69 297 142 406 492 607 389 268 137 72 0 259 142 40 118 166 319 0 0 2 0 24 3 0 0 0 0 0 0 0 3 0 0 3 0 1 3 0 0 0 0 0 0 0 3 0 0 0 0 0 0 0 0 0 0 0 0 0 0 3 0 0 0 0 0 50 0 0 0 3 0 0 0 0 0 0 2 38 37 1 16 0 0 57 1 20 24 31 33 33 34 24 20 16 1 25 10 0 0 0 0 0 0 0 13 0 0 0 0 0 0 0 0 0 0 0 0 0 0 0 0 0 0 0 0 0 0 0 1 0 1 0 0 0 0 0 1 0 0 0 0 0 0 0 2 0 4 0 0 0 0 0 0 0 0 0 1 13 32 13 7 0 0 16 8 15 0 0 1 16 51 25 18 11 23 13 1 0 0 0 0 0 0 0 0 21 0 0 0 0 0 0 0 0 0 14 0 0 0 0 0 0 0 0 0 0 0 0 0 13 0 0 0 0 0 0 0 0 0 0 0 0 0 0 0 0 0 0 0 0 0 0 0 0 0 0 0 0 0 0 0 0 2 47 0 1 1 2 8 14 0 0 0 0 0 0 0 0 0 0 0 0 0 0 0 0 0 0 0 0 0 0 12 0 0 0 0 0 0 0 0 0 0 0 0 0 0 
 53 63 267 62 330 106 66 306 146 270 171 57 55 259 0 192 80 249 140 214 0 0 2 0 3 3 0 0 0 0 0 0 5 3 0 0 4 0 5 3 0 0 0 0 0 0 0 3 0 0 0 0 0 0 0 0 0 0 0 0 0 0 3 0 0 0 0 0 35 0 0 0 2 0 0 0 0 0 0 2 66 0 23 1 0 0 9 26 21 13 0 0 11 16 22 27 0 0 0 1 0 0 0 0 0 1 5 0 0 0 0 0 25 0 0 0 10 0 14 0 1 0 0 1 1 0 0 0 0 0 0 0 0 0 0 0 0 13 0 0 0 0 0 0 0 0 0 3 1 1 1 0 1 0 1 0 0 0 0 0 1 24 0 22 0 0 10 12 16 0 0 0 27 13 14 3 0 45 0 0 0 0 0 0 0 0 1 0 0 0 0 0 0 0 0 1 0 0 11 0 0 0 0 0 0 0 0 0 1 0 0 0 7 0 0 0 0 0 0 0 0 0 0 0 0 0 0 0 0 15 0 0 0 0 0 0 1 0 0 0 0 0 0 0 0 3 93 0 6 3 19 9 14 0 0 0 0 0 0 0 0 0 0 0 0 0 0 0 0 0 0 0 0 0 0 10 19 0 0 0 0 0 0 0 0 0 0 0 0 0 
 44 126 146 329 321 390 128 123 209 174 158 136 135 142 192 0 84 126 35 60 0 3 5 0 74 3 2 0 1 0 0 3 77 3 4 2 3 0 202 6 1 3 0 0 0 1 0 3 0 4 0 1 0 0 1 1 0 0 0 0 0 0 3 1 0 0 0 0 4 0 0 0 2 0 0 0 2 0 0 74 61 1 42 0 25 24 2 1 22 2 11 23 0 16 25 11 15 40 18 0 16 0 0 0 0 0 8 0 0 0 0 0 16 0 19 0 3 3 1 2 0 22 0 1 0 0 0 0 0 0 0 0 0 0 0 0 0 0 0 4 0 0 0 0 0 0 0 0 0 0 1 0 9 0 2 0 0 0 0 0 0 18 0 15 0 6 0 7 26 36 21 10 0 22 0 13 17 29 16 0 0 0 0 0 0 0 0 0 0 0 0 0 0 9 1 0 0 0 15 22 0 0 0 0 0 0 0 0 1 0 0 0 0 0 0 0 11 0 1 0 0 0 0 0 0 0 0 0 0 0 0 0 0 0 0 0 0 0 0 0 0 0 0 0 0 6 1 0 5 87 11 6 12 0 0 0 0 0 0 0 0 0 0 0 0 0 0 0 0 0 0 0 0 0 0 9 0 16 0 0 0 0 0 0 0 0 0 0 0 0 
 46 333 190 44 82 175 60 128 115 52 191 77 52 40 80 84 0 146 263 49 0 2 2 0 0 3 72 0 2 2 0 1 162 3 0 0 3 0 2 3 0 2 2 0 0 0 0 3 0 1 0 0 0 65 1 0 0 0 0 0 0 2 3 0 0 0 0 0 2 0 0 0 2 0 0 0 0 0 0 44 0 1 0 44 30 0 0 1 47 0 1 19 27 0 17 51 10 1 19 0 0 0 0 13 2 5 5 2 0 0 0 0 32 0 0 0 0 0 42 9 0 0 0 0 0 0 0 0 0 0 0 0 0 0 0 0 0 0 0 0 0 0 0 0 2 0 0 0 0 0 0 0 2 0 0 0 0 0 0 0 0 20 16 26 10 0 7 0 27 4 0 25 0 0 0 0 10 18 0 0 0 0 0 0 0 1 12 1 0 0 0 0 10 0 45 0 0 0 12 1 0 0 0 0 0 0 0 0 0 0 0 1 6 0 0 0 0 0 0 0 0 0 0 0 0 0 0 0 0 0 0 0 0 0 0 0 0 0 0 0 0 6 0 0 0 0 1 0 2 87 17 5 0 0 0 2 0 0 0 0 0 0 0 1 0 0 0 0 0 0 0 2 0 0 0 0 19 0 0 0 0 0 0 0 0 0 0 0 0 0 
 35 21 201 366 342 140 325 20 45 149 328 113 115 118 249 126 146 0 23 22 0 0 2 0 0 3 18 0 3 0 0 0 72 178 0 0 3 0 94 78 0 0 7 0 3 0 0 3 4 0 0 0 0 0 1 0 0 0 0 0 0 0 13 4 0 1 0 0 1 0 0 20 3 0 0 0 0 0 0 5 0 10 26 0 42 9 0 0 12 9 9 1 0 0 0 0 13 0 0 0 31 16 0 0 0 0 2 21 6 0 0 0 29 0 25 0 2 1 22 11 0 0 0 10 0 0 0 0 0 0 0 1 0 1 0 0 0 0 0 10 0 0 0 0 9 0 0 0 0 0 0 0 0 0 0 0 0 0 0 0 12 40 3 6 0 12 0 12 32 30 22 26 0 0 16 14 0 17 0 13 17 0 0 0 0 0 0 0 0 10 0 2 0 18 0 0 0 0 34 1 0 0 0 0 0 0 0 0 0 0 0 0 0 0 0 0 0 0 0 0 0 0 0 0 0 0 0 0 0 0 2 0 14 0 0 0 0 0 0 0 0 0 0 0 0 0 170 0 7 90 12 5 0 0 0 0 1 0 0 0 0 0 9 0 0 0 0 0 0 0 0 0 0 0 0 0 25 13 0 0 0 0 0 0 0 0 0 0 0 0 
 91 50 17 60 242 38 57 142 50 44 32 237 105 166 140 35 263 23 0 185 1 0 71 0 0 3 0 0 0 0 0 0 0 3 0 0 3 0 2 5 0 0 0 0 0 0 65 3 0 0 0 0 2 0 0 0 0 0 0 62 0 0 3 0 0 0 0 0 2 0 0 0 2 0 0 0 0 0 0 2 0 12 0 0 0 0 43 51 0 25 0 0 1 0 0 1 1 0 10 22 0 0 0 0 0 0 0 0 0 0 0 0 0 0 0 2 0 0 0 0 0 0 0 0 0 1 0 0 0 0 0 0 0 0 0 0 1 0 0 2 0 0 0 0 0 0 0 1 0 8 0 0 0 1 0 0 0 0 0 0 0 2 0 0 0 0 1 14 0 1 0 0 11 20 10 1 9 0 12 34 0 0 0 0 2 0 15 0 0 0 0 0 0 0 0 0 0 0 0 0 0 0 0 0 0 0 0 0 0 0 0 0 0 0 0 0 0 0 15 0 0 0 0 0 0 0 0 0 0 0 0 0 0 0 0 0 0 0 0 0 0 0 0 0 0 0 0 0 2 0 0 13 0 0 0 0 0 0 0 0 0 0 0 0 0 0 0 0 0 0 0 0 0 0 0 15 0 0 0 0 0 0 0 0 0 0 0 0 0 0 
 135 41 22 85 75 54 46 44 66 104 63 32 137 319 214 60 49 22 185 0 0 2 2 2 0 5 0 0 0 0 2 0 1 67 0 1 46 0 75 7 0 0 65 0 0 0 3 6 0 0 0 0 0 0 0 0 0 0 4 0 0 0 3 0 0 0 0 0 2 0 0 0 2 0 0 0 0 0 0 2 0 9 16 0 0 0 16 15 0 0 0 0 1 16 0 0 9 0 0 0 0 0 0 0 0 1 0 0 0 0 0 0 0 0 0 0 0 0 0 0 0 0 0 0 12 0 0 0 0 1 0 0 0 0 0 0 0 14 0 0 0 0 0 16 0 0 0 0 0 10 1 0 0 0 2 0 0 0 0 0 14 0 0 0 0 0 22 11 0 0 0 19 48 60 0 8 0 15 0 2 0 0 0 0 0 0 0 0 0 0 0 0 0 0 0 0 0 0 0 0 0 0 0 0 0 0 0 0 1 0 0 0 0 0 0 0 0 0 0 0 0 0 0 1 0 1 0 0 0 0 0 0 0 0 0 0 1 0 0 0 0 0 0 0 0 0 23 2 2 2 0 19 0 0 2 0 0 0 0 0 0 0 0 0 0 0 0 0 0 0 0 0 0 0 0 0 0 0 0 0 0 0 0 0 0 0 0 0 0 0 
 0 3 0 30 73 0 0 0 0 4 2 0 0 0 0 0 0 0 1 0 0 208 167 133 278 32 183 53 438 353 29 53 97 127 138 120 111 94 409 73 0 3 3 0 0 0 3 0 9 0 0 5 21 0 8 0 62 0 0 0 0 0 0 0 2 0 7 0 1 0 3 2 0 0 3 0 0 0 0 0 0 0 0 11 0 19 0 0 0 0 0 0 0 0 0 1 0 0 0 0 12 13 0 19 24 26 16 43 74 15 3 0 9 36 36 0 8 0 0 14 0 0 1 0 0 0 0 0 19 0 0 0 1 0 0 0 0 1 12 0 0 0 0 0 2 0 0 0 0 0 0 2 0 1 0 0 0 0 0 0 0 0 2 0 21 0 0 0 0 6 1 11 0 2 0 0 0 4 0 2 46 32 29 46 14 3 11 0 40 26 0 1 8 3 0 21 0 28 3 0 0 0 0 0 0 2 3 0 0 0 0 0 0 11 0 0 0 0 0 0 0 0 14 0 0 0 0 0 0 0 0 0 1 0 0 1 0 0 0 0 0 0 0 0 0 0 0 0 0 0 0 0 0 0 0 0 1 43 83 0 15 0 0 0 0 0 7 0 0 0 0 0 0 0 0 0 2 0 0 0 0 0 0 0 0 0 0 0 0 0 
 0 3 0 0 0 20 2 0 0 0 4 76 0 0 0 3 2 0 0 2 208 0 130 104 105 49 191 161 191 221 122 105 36 294 147 160 58 202 334 38 0 2 3 0 2 0 3 0 7 2 0 0 0 0 64 0 1 54 0 0 0 0 2 0 2 0 2 0 5 0 3 3 0 3 2 0 0 0 3 5 0 2 0 0 0 0 0 0 0 0 0 1 0 0 0 0 0 0 0 0 41 11 38 0 0 0 16 20 27 31 21 0 4 10 2 20 0 13 11 10 0 0 0 0 0 0 0 0 0 0 0 0 9 0 0 1 0 0 25 0 1 0 0 0 0 0 0 0 0 2 0 0 0 0 0 0 1 0 0 0 7 0 0 0 6 15 0 0 0 2 7 0 2 0 1 0 0 8 0 0 0 37 0 76 0 10 12 33 11 24 19 10 2 29 18 23 41 15 23 15 0 0 0 0 0 0 19 0 0 0 0 0 0 0 0 0 0 1 0 0 0 34 0 0 0 0 0 0 0 0 0 0 5 0 0 0 2 0 0 0 0 0 8 0 0 0 0 0 0 0 0 0 0 0 7 0 4 0 1 2 4 0 0 0 0 0 0 0 0 0 0 0 0 0 0 0 0 0 0 0 0 0 0 0 0 8 0 0 0 0 
 6 2 2 2 4 2 2 4 2 2 2 2 4 2 2 5 2 2 71 2 167 130 0 194 250 246 93 69 105 190 84 47 157 157 264 36 151 196 81 42 0 3 3 2 0 0 3 0 3 0 0 0 4 75 0 0 0 0 62 0 0 0 6 0 2 0 5 0 1 0 3 2 0 0 27 0 0 0 4 0 0 0 0 0 0 35 0 0 0 0 0 0 0 0 0 0 0 0 1 0 11 0 38 66 26 24 9 25 39 1 20 45 0 32 25 56 25 13 0 9 0 0 0 0 0 0 0 19 0 0 0 0 58 0 1 10 0 0 22 0 0 0 15 0 7 0 0 0 0 0 0 0 0 8 0 0 0 0 0 0 0 0 0 0 34 0 0 5 0 0 20 0 0 0 0 4 0 1 0 0 8 22 18 14 35 33 30 13 17 1 42 0 0 0 0 9 0 11 0 0 11 0 0 0 0 0 12 0 0 0 0 0 10 0 15 0 0 0 0 0 0 0 0 0 0 2 0 0 0 0 0 0 0 0 0 0 0 0 0 0 0 0 24 0 0 0 0 0 0 0 0 0 1 0 9 2 0 158 1 0 1 0 1 0 0 0 0 0 0 0 0 0 0 0 0 0 0 0 0 0 0 14 0 0 0 0 0 0 0 0 
 0 3 0 0 3 0 0 0 0 0 0 0 0 0 0 0 0 0 0 2 133 104 194 0 82 150 336 55 70 126 159 51 132 92 143 411 57 148 91 83 23 3 3 5 1 0 3 0 3 0 0 3 70 122 33 0 0 0 1 0 0 0 6 0 2 0 3 3 3 0 3 3 0 0 3 0 0 0 6 0 0 0 0 0 0 0 0 0 0 0 0 0 0 0 0 0 0 0 0 0 0 0 17 2 0 27 0 0 0 0 20 47 0 9 15 20 12 5 0 0 10 19 10 1 0 0 19 0 9 0 13 0 20 8 1 29 55 9 2 0 0 18 1 2 0 0 0 0 0 0 0 0 0 0 4 0 0 0 0 0 0 0 0 0 0 0 0 2 0 0 0 0 0 0 0 2 0 0 0 0 0 0 8 0 21 17 2 0 8 0 0 17 0 0 0 1 0 0 0 23 9 0 10 0 0 0 18 21 18 16 1 0 13 10 0 13 0 17 3 45 0 0 0 0 0 0 0 0 1 0 0 0 0 0 0 0 0 0 0 0 0 0 10 0 0 0 0 0 0 0 0 0 0 0 5 0 0 77 77 3 4 0 0 0 0 0 8 0 0 0 0 0 0 0 0 0 0 0 0 0 0 0 0 0 1 0 0 0 0 0 
 3 0 2 0 1 0 22 2 72 1 1 1 21 24 3 74 0 0 0 0 278 105 250 82 0 239 53 135 221 111 169 199 131 186 181 136 140 184 73 159 0 3 3 214 1 0 3 64 8 0 0 14 5 0 7 0 0 0 24 0 0 0 0 0 5 0 3 0 4 0 3 3 0 3 2 0 0 0 1 0 2 1 0 0 0 0 13 0 13 0 0 20 0 13 14 0 0 0 10 0 0 0 59 0 19 35 14 40 79 36 12 8 0 44 21 31 0 28 0 0 0 19 0 0 0 0 0 18 1 0 0 0 11 0 21 0 0 0 34 0 0 0 0 33 4 1 12 0 0 0 0 0 0 6 0 0 0 0 0 0 40 9 12 7 4 0 0 2 0 0 0 0 0 0 0 37 2 23 0 0 18 18 13 25 1 7 19 13 18 22 19 9 1 13 0 15 35 68 0 0 15 0 1 0 0 0 31 0 0 0 0 0 17 12 12 0 0 0 0 0 0 0 0 1 0 1 0 0 0 0 0 0 0 0 0 0 0 0 0 0 0 0 0 0 0 0 0 0 0 0 0 0 11 0 13 0 1 1 4 0 15 10 0 0 0 0 0 0 0 0 0 0 0 0 0 0 0 0 0 0 0 14 0 0 15 0 0 0 0 0 
 3 4 3 3 5 3 6 3 5 3 3 3 3 3 3 3 3 3 3 5 32 49 246 150 239 0 45 32 63 275 64 128 248 81 66 290 154 57 65 132 1 12 3 62 4 0 22 3 3 63 0 0 62 150 0 0 0 6 71 1 69 0 0 0 3 0 15 0 5 0 52 3 2 0 92 0 0 0 0 1 0 11 0 0 0 0 1 0 0 1 0 0 2 0 0 0 9 2 0 0 0 0 0 0 18 1 0 0 0 0 12 12 0 0 0 11 19 1 0 0 29 12 10 0 12 0 36 0 54 0 0 0 0 11 1 34 0 29 2 0 0 6 0 0 0 0 0 0 0 0 0 0 0 0 3 0 0 0 0 0 0 0 0 1 2 0 0 9 0 0 6 0 0 0 0 9 0 0 0 0 0 0 0 0 13 8 0 0 0 0 0 7 0 0 0 1 1 0 0 0 28 13 10 0 0 0 43 6 15 11 0 0 0 0 52 0 23 26 11 40 0 0 0 0 0 0 2 2 0 0 0 0 0 0 0 0 0 0 0 1 0 0 0 0 0 0 0 0 0 0 0 0 0 0 6 2 4 0 4 1 8 2 0 0 0 0 0 0 0 0 0 0 0 0 0 0 0 0 0 0 0 0 12 0 14 0 0 0 0 0 
 0 75 0 2 155 0 0 0 64 17 73 1 0 0 0 2 72 18 0 0 183 191 93 336 53 45 0 407 127 44 39 454 325 100 125 133 113 111 43 116 0 3 3 0 202 0 3 0 5 0 0 201 1 0 0 6 1 0 0 0 0 0 0 0 40 2 3 0 2 0 3 5 3 0 2 0 0 0 0 53 0 1 0 24 43 26 0 0 0 0 1 30 0 0 28 11 0 4 0 0 14 14 0 14 0 4 2 1 28 16 0 0 10 12 32 0 20 0 28 10 12 0 0 0 0 0 0 0 0 0 0 0 0 0 0 0 0 0 0 0 0 0 0 0 0 0 0 0 0 0 0 7 0 0 0 0 0 0 7 0 0 0 8 13 8 17 0 0 10 22 0 21 0 0 3 0 6 0 0 0 26 0 3 22 0 0 0 1 20 0 0 0 9 12 0 0 0 0 0 30 0 0 0 0 0 0 0 0 0 0 0 0 0 18 0 0 0 0 0 0 0 0 0 0 0 0 0 9 0 0 0 0 0 0 0 0 0 0 0 0 0 12 12 0 0 0 0 0 26 87 0 0 0 0 5 0 0 85 0 1 0 0 0 0 0 0 15 0 0 0 0 0 0 0 0 0 10 0 0 0 0 0 0 0 0 0 0 0 0 0 
 0 0 0 3 79 0 0 0 2 0 0 0 0 0 0 0 0 0 0 0 53 161 69 55 135 32 407 0 204 61 81 182 91 212 56 109 200 320 60 39 0 3 3 0 1 0 3 4 3 0 0 1 0 0 1 0 65 0 0 0 0 0 0 0 2 0 2 0 4 1 3 3 0 0 2 0 0 0 1 0 0 0 0 14 0 64 0 0 0 0 0 21 0 0 0 0 0 0 0 0 0 0 8 0 13 13 0 17 13 56 18 0 0 18 1 18 27 11 0 0 0 0 0 0 0 0 0 0 0 0 0 0 55 2 28 0 0 0 13 10 0 0 0 0 0 0 0 0 0 0 0 18 0 0 0 0 0 0 2 0 0 0 0 0 16 14 0 0 0 0 5 0 0 0 0 0 0 0 0 0 21 0 34 31 44 10 1 12 33 0 31 21 0 35 0 22 19 8 0 13 0 0 0 0 0 0 34 0 1 0 0 0 0 0 0 0 0 0 0 0 0 0 0 1 0 0 0 0 0 0 0 0 0 0 0 0 0 0 0 0 0 0 0 0 0 0 0 0 0 0 0 0 0 0 7 0 0 1 0 0 0 0 0 0 0 10 1 0 0 0 0 0 0 0 0 0 0 0 0 0 0 7 0 0 0 7 12 0 0 0 
 0 0 0 0 1 0 0 3 1 0 0 0 1 0 0 1 2 3 0 0 438 191 105 70 221 63 127 204 0 158 93 156 88 343 189 39 121 273 98 71 1 24 147 3 2 3 5 0 3 0 0 0 0 0 3 3 5 2 0 0 3 0 1 3 6 2 48 0 4 0 3 6 1 3 2 0 3 0 3 0 0 0 0 0 24 1 0 0 0 0 0 0 0 0 0 0 0 0 0 0 0 0 9 2 18 13 10 26 37 29 20 1 0 9 0 12 6 12 9 0 0 0 0 0 0 0 0 0 0 0 0 0 13 0 0 0 18 0 22 13 2 0 1 0 0 0 0 0 0 0 0 2 0 0 0 0 0 0 0 0 0 0 0 0 1 0 0 0 0 2 0 0 0 0 0 0 0 5 0 1 0 14 51 51 29 45 1 16 15 9 50 22 1 32 8 22 17 9 0 0 1 0 0 0 0 0 38 12 0 0 0 0 0 0 0 0 0 1 0 0 0 0 0 0 0 0 0 0 1 2 0 0 0 0 0 0 0 0 0 0 0 0 0 0 0 0 0 0 0 0 0 0 0 0 23 0 1 1 1 2 1 2 0 0 0 0 0 0 0 0 0 0 1 0 0 0 0 0 0 0 0 11 0 0 0 7 15 0 0 0 
 3 0 75 0 0 73 0 0 0 0 0 0 0 0 0 0 2 0 0 0 353 221 190 126 111 275 44 61 158 0 240 57 130 184 237 234 176 116 351 251 0 3 3 0 1 0 3 0 8 0 0 3 0 0 0 0 2 0 0 0 0 0 0 0 2 0 2 0 3 0 38 3 0 0 2 0 0 0 1 23 0 0 0 0 0 11 0 0 2 0 0 1 0 0 0 0 0 0 0 2 47 0 13 10 19 1 41 23 63 14 0 12 0 56 40 25 34 13 10 24 0 0 0 0 0 0 0 0 0 0 0 0 1 0 0 0 0 0 18 0 0 0 0 0 0 0 0 0 0 0 0 0 0 0 0 0 0 0 0 0 0 0 0 0 0 1 0 0 0 2 0 0 0 0 0 2 0 0 0 6 39 28 27 30 14 7 30 2 31 71 0 0 47 0 14 37 14 20 0 0 0 0 0 0 12 0 0 0 0 12 0 0 0 0 0 1 0 0 0 0 0 0 0 0 0 0 0 0 0 0 0 0 0 0 0 0 2 0 1 0 0 0 0 0 0 0 0 0 0 0 0 0 0 2 0 0 0 154 47 1 2 0 0 0 0 0 0 0 0 0 0 0 0 0 0 2 0 0 0 0 0 0 0 0 0 0 0 0 0 0 
 4 0 0 0 0 0 0 0 0 1 2 0 1 0 0 0 0 0 0 2 29 122 84 159 169 64 39 81 93 240 0 65 45 257 77 106 327 55 88 152 84 5 3 2 3 1 3 3 3 4 1 0 37 64 33 1 0 0 1 3 0 0 0 0 2 0 3 0 3 4 3 3 0 0 16 0 1 0 0 0 0 0 15 0 0 0 0 0 0 0 0 0 0 0 0 0 0 0 0 0 10 0 26 10 17 49 14 30 37 17 13 11 0 0 10 13 8 60 2 0 18 13 3 0 0 0 0 0 0 12 13 0 23 13 10 23 10 0 33 0 0 0 0 0 5 0 0 0 0 0 0 2 0 0 0 0 0 0 0 0 0 0 2 0 0 0 0 7 0 0 0 2 0 2 0 5 0 0 0 0 0 7 21 10 0 13 0 18 20 11 23 12 0 0 0 0 0 6 0 0 1 0 0 0 0 2 0 7 0 8 1 0 58 0 0 12 10 0 14 33 0 0 0 0 0 0 0 0 0 0 0 0 0 0 0 1 0 0 0 0 0 0 7 0 0 0 0 0 0 1 0 0 0 0 2 2 0 73 4 0 4 1 0 0 0 0 0 0 0 0 0 0 0 0 0 0 2 0 0 0 0 0 0 0 0 10 12 0 0 0 
 0 0 0 0 0 0 1 0 0 0 0 0 0 0 0 3 1 0 0 0 53 105 47 51 199 128 454 182 156 57 65 0 37 118 191 38 139 65 46 46 20 3 3 0 1 0 3 0 3 0 0 0 1 60 41 0 0 0 67 1 0 0 0 0 2 0 2 0 3 0 3 3 0 0 3 0 0 1 1 6 0 0 0 1 0 0 2 0 0 0 0 0 0 0 0 0 0 1 0 1 20 0 1 26 46 2 0 0 0 10 0 10 0 0 43 18 9 5 0 0 12 0 0 2 0 0 0 26 0 0 18 0 13 10 1 26 0 0 26 1 0 0 0 0 6 0 0 0 0 0 0 0 0 6 0 0 0 0 0 0 0 0 0 0 18 0 1 2 0 2 0 0 0 0 0 2 0 0 0 0 0 14 23 0 19 15 0 13 1 0 71 48 0 0 0 18 12 8 0 1 22 0 0 20 0 0 5 18 23 0 1 0 24 0 31 18 0 17 1 27 0 2 0 0 2 0 0 5 0 0 0 0 0 0 0 0 0 0 0 0 0 0 0 0 0 1 0 0 0 0 0 0 0 0 2 0 0 75 0 0 0 5 0 0 0 0 1 0 0 0 0 0 0 0 0 0 0 0 0 0 0 31 0 5 0 10 20 0 0 0 
 2 16 0 159 20 74 0 0 232 73 1 75 3 0 5 77 162 72 0 1 97 36 157 132 131 248 325 91 88 130 45 37 0 82 142 324 262 55 332 34 0 2 3 0 2 0 3 0 4 1 0 0 0 0 1 0 0 2 0 0 0 0 0 0 8 0 6 0 3 0 3 3 6 0 2 0 6 0 2 0 0 0 2 6 11 39 0 0 10 0 15 20 0 0 0 12 0 13 0 0 0 0 0 15 23 8 6 1 13 0 18 0 0 8 12 0 19 0 19 35 0 0 0 0 0 0 0 0 0 0 0 0 0 0 0 0 0 18 0 0 0 0 0 0 0 0 15 0 0 0 0 0 0 0 0 0 0 0 0 0 0 0 28 16 14 15 0 10 8 24 12 0 0 0 0 0 10 16 0 0 18 22 9 0 0 0 24 2 12 18 0 0 2 9 27 16 10 0 2 48 0 0 0 11 0 0 0 0 0 0 0 0 0 19 0 0 0 0 0 0 0 0 0 0 0 0 0 0 0 0 0 0 11 0 0 0 0 0 0 0 0 13 0 0 0 0 0 0 0 21 0 0 0 0 4 1 0 95 0 0 1 0 0 0 0 0 11 0 0 0 0 0 0 0 0 0 0 0 0 9 0 0 0 0 0 0 0 0 0 0 
 6 5 3 68 4 3 5 3 3 180 103 74 3 3 3 3 3 178 3 67 127 294 157 92 186 81 100 212 343 184 257 118 82 0 117 72 53 131 317 227 1 3 3 3 1 7 3 0 5 0 0 2 0 1 8 2 2 1 1 1 52 0 5 5 2 2 3 0 5 0 6 3 0 0 2 4 3 2 0 0 0 0 0 0 12 0 0 0 0 0 0 0 0 0 0 2 0 0 0 0 74 26 19 60 25 17 37 62 45 21 5 0 38 12 72 29 13 10 10 13 0 0 0 0 1 2 2 1 0 0 0 0 10 0 0 0 0 0 29 0 0 0 0 7 4 0 0 0 0 0 0 0 0 0 0 0 9 0 0 0 0 0 3 0 1 27 0 0 12 0 11 23 0 0 3 0 0 0 0 0 21 11 42 14 1 9 36 17 63 13 6 8 0 2 12 0 0 11 48 2 1 0 0 0 0 0 1 0 0 0 0 0 0 0 0 0 0 0 0 0 0 0 0 0 0 0 0 0 0 0 0 0 0 0 0 0 0 0 0 0 0 0 0 0 0 0 0 0 0 0 0 0 0 2 4 0 0 76 0 1 2 0 0 0 0 0 0 0 0 0 0 0 0 0 0 0 21 0 0 0 0 15 0 0 0 0 0 0 0 0 
 1 2 2 75 76 1 5 4 0 0 55 2 0 0 0 4 0 0 0 0 138 147 264 143 181 66 125 56 189 237 77 191 142 117 0 268 137 252 78 392 0 2 3 0 29 0 3 0 5 0 0 0 0 0 2 1 64 1 66 0 0 0 0 0 5 0 4 0 3 0 3 3 3 3 2 0 3 0 2 0 0 0 0 1 0 21 0 1 0 0 0 12 0 0 0 0 0 0 0 0 0 9 1 0 19 4 2 13 9 34 11 0 0 47 26 1 19 0 0 14 0 0 0 0 0 0 0 0 0 10 0 0 1 0 0 0 0 0 2 0 0 0 0 0 0 0 0 0 0 0 0 8 0 0 0 0 0 0 0 0 0 0 0 0 9 26 0 0 0 6 1 0 0 0 0 0 0 5 0 3 20 32 3 58 0 4 7 17 36 21 0 0 18 21 43 41 14 1 12 34 0 0 0 1 0 0 14 0 0 0 0 0 0 17 0 0 0 0 0 0 0 0 0 0 0 0 0 0 0 0 0 0 0 0 0 0 0 0 0 0 0 0 0 0 0 0 0 0 0 0 0 0 0 0 12 2 2 154 83 0 10 0 0 0 0 0 6 0 0 0 0 0 0 0 0 0 0 0 0 14 0 0 0 0 0 0 0 0 0 0 
 3 0 0 0 77 1 0 0 0 0 4 74 0 0 0 2 0 0 0 1 120 160 36 411 136 290 133 109 39 234 106 38 324 72 268 0 71 250 123 222 0 3 3 0 1 0 3 0 36 0 0 3 0 0 4 0 0 0 0 0 0 0 51 0 2 0 3 0 2 0 3 3 0 0 2 0 0 0 0 0 0 0 0 2 0 0 0 0 0 0 0 0 0 0 0 0 0 0 0 0 30 14 14 25 23 7 19 11 25 11 16 11 2 2 23 16 3 12 1 13 0 0 0 0 2 1 0 1 0 0 0 0 0 0 0 2 0 0 8 0 0 0 0 0 4 0 0 0 0 0 0 0 0 0 0 0 0 0 0 0 0 0 0 0 0 9 0 0 0 1 0 0 0 0 0 0 0 0 0 3 9 29 18 15 0 0 13 29 35 34 0 0 13 2 57 16 27 15 0 31 3 0 0 0 0 0 1 0 0 0 0 0 0 13 0 0 0 0 0 0 0 0 0 0 0 0 0 0 0 1 0 0 0 0 0 0 0 0 0 0 0 0 0 0 0 0 0 0 0 0 0 0 0 0 0 1 0 82 1 13 0 0 0 0 0 0 28 0 0 0 0 0 0 0 0 0 4 0 0 5 0 0 0 0 0 0 0 0 0 0 
 3 3 3 5 86 3 3 6 3 3 3 3 4 3 4 3 3 3 3 46 111 58 151 57 140 154 113 200 121 176 327 139 262 53 137 71 0 131 141 31 0 2 3 0 2 0 3 0 3 0 0 0 0 3 5 0 65 0 0 0 0 0 0 0 5 0 4 0 3 0 3 3 0 0 52 0 0 0 5 0 0 0 0 0 0 47 0 0 0 0 0 20 0 0 0 20 0 0 1 0 0 0 9 21 42 0 18 0 8 17 15 0 0 27 23 24 42 0 0 17 0 0 0 0 0 0 0 0 0 0 0 0 10 0 0 0 0 0 2 0 0 0 0 0 14 0 0 0 0 0 0 23 0 0 0 0 0 0 0 0 0 0 11 0 30 15 0 7 0 0 4 0 0 20 0 3 0 0 0 0 28 25 29 42 34 0 11 1 24 18 24 17 0 10 23 28 11 45 0 0 0 0 0 0 0 0 1 0 0 0 0 0 0 0 0 0 0 0 0 0 0 0 0 0 0 2 0 0 0 0 0 0 0 0 0 0 0 0 0 0 0 0 0 0 0 0 0 0 0 0 0 0 0 0 16 2 0 106 0 0 0 0 2 0 0 0 0 0 0 0 0 0 0 0 0 0 0 0 0 0 0 12 0 0 0 0 0 0 0 0 
 2 0 0 1 0 0 0 2 0 1 2 0 0 0 0 0 0 0 0 0 94 202 196 148 184 57 111 320 273 116 55 65 55 131 252 250 131 0 30 28 0 5 3 0 2 0 3 0 3 0 0 0 0 1 1 62 1 0 0 0 0 0 0 0 2 0 2 0 3 0 3 3 0 0 2 0 0 0 2 0 0 0 0 0 0 0 0 0 0 0 0 13 0 0 0 0 0 0 0 0 0 0 1 12 0 25 0 24 25 32 22 0 0 17 0 18 10 0 27 0 0 0 1 0 11 0 0 0 0 0 0 0 11 0 0 0 0 0 33 0 0 0 0 0 2 0 0 0 0 0 0 8 0 0 0 0 0 0 0 0 0 0 2 0 5 26 0 0 0 0 0 2 0 2 0 0 0 3 0 0 0 0 52 40 76 11 13 11 19 1 30 14 0 29 0 2 37 0 0 28 0 0 0 0 0 2 18 0 0 0 0 0 0 17 0 0 0 0 9 0 0 0 0 0 0 15 0 0 0 0 0 0 0 0 23 1 0 0 0 0 0 0 0 0 0 0 0 0 0 0 0 3 0 2 9 2 4 4 1 0 87 0 0 0 0 0 6 0 0 0 0 0 0 0 0 0 2 0 0 0 0 25 0 0 0 0 0 0 0 0 
 2 76 2 19 74 113 0 73 48 1 74 38 0 1 5 202 2 94 2 75 409 334 81 91 73 65 43 60 98 351 88 46 332 317 78 123 141 30 0 163 0 2 11 0 2 0 3 0 6 0 0 4 0 0 2 0 0 0 0 0 0 2 0 0 2 2 2 0 3 0 3 3 0 3 2 0 0 0 53 0 0 0 44 1 10 21 0 0 14 0 8 26 0 0 8 9 12 26 0 0 24 0 7 13 0 0 48 12 21 14 0 0 0 8 30 7 17 0 0 10 0 0 0 0 0 0 0 0 0 0 0 0 0 0 0 0 0 0 1 0 0 0 1 1 0 0 0 0 0 0 0 0 9 0 0 0 0 0 0 0 0 15 0 0 2 0 0 45 15 35 26 0 0 10 0 0 0 35 0 0 20 24 0 26 1 0 15 0 0 7 0 0 0 14 16 9 12 20 21 23 0 0 0 0 0 0 0 1 0 0 0 0 0 0 0 0 0 0 0 0 0 0 0 0 0 0 0 1 0 0 0 0 0 0 0 0 0 0 0 0 0 0 0 0 0 0 0 0 0 74 10 0 0 0 6 2 2 76 0 2 0 0 0 0 0 0 0 0 0 0 0 0 0 0 0 0 0 18 0 0 0 0 0 0 0 0 0 0 0 0 
 6 3 5 5 95 6 3 4 3 287 29 30 3 3 3 6 3 78 5 7 73 38 42 83 159 132 116 39 71 251 152 46 34 227 392 222 31 28 163 0 0 3 3 0 1 0 3 0 42 0 0 3 2 0 4 2 0 0 0 0 0 0 0 0 2 0 3 0 2 0 3 3 1 0 2 0 0 0 0 0 0 0 0 14 0 3 0 0 0 0 0 0 0 0 0 0 0 0 0 0 59 11 0 39 19 0 25 25 67 1 0 0 3 0 37 14 11 0 29 14 0 0 1 0 0 0 0 0 0 0 0 0 0 0 0 0 0 0 19 0 0 0 0 0 9 2 0 0 0 1 0 1 0 0 0 0 0 0 0 0 0 0 7 0 0 16 0 0 0 1 0 14 0 0 6 0 0 0 0 0 41 9 14 14 0 0 9 14 0 27 0 0 25 0 3 14 13 8 0 21 1 0 0 0 0 0 0 0 0 0 0 0 0 0 0 0 0 0 0 0 0 0 1 1 2 0 0 0 0 0 1 0 0 0 0 2 0 0 0 0 1 0 0 0 0 0 0 0 0 1 0 0 0 0 2 0 1 75 2 1 2 0 0 0 0 0 0 0 0 0 0 0 0 0 0 0 5 0 0 9 0 0 0 0 0 0 0 0 1 0 
 0 0 0 0 2 0 5 7 0 0 0 0 0 0 0 1 0 0 0 0 0 0 0 23 0 1 0 0 1 0 84 20 0 1 0 0 0 0 0 0 0 162 285 41 28 24 139 181 42 27 263 31 107 187 288 36 33 64 114 315 2 4 0 3 0 0 11 4 10 6 0 0 0 3 3 0 0 0 0 0 0 0 0 0 0 0 0 0 0 0 0 0 0 0 0 0 0 0 0 0 0 0 0 0 2 0 0 0 0 0 3 19 0 0 0 0 0 0 0 0 21 11 34 5 0 0 12 10 1 13 9 10 27 27 20 14 0 10 19 17 0 8 0 0 0 0 0 0 0 0 0 4 0 0 4 0 4 0 0 0 0 0 0 0 0 0 0 2 0 0 0 0 0 0 0 2 0 0 0 0 0 0 0 0 0 6 0 0 20 0 0 12 0 0 0 0 0 0 0 0 0 7 2 0 0 0 0 1 0 27 1 0 17 10 10 19 6 0 37 10 0 3 0 1 0 0 0 0 3 6 4 0 0 0 0 0 0 8 0 0 0 0 0 0 0 0 0 0 0 19 0 4 0 1 0 0 0 0 0 0 0 0 0 0 1 2 1 0 0 0 17 0 0 0 0 0 0 0 0 0 0 0 0 0 0 0 0 0 2 0 
 6 0 0 0 2 0 2 2 0 0 0 0 0 0 0 3 2 0 0 0 3 2 3 3 3 12 3 3 24 3 5 3 2 3 2 3 2 5 2 3 162 0 721 126 482 61 452 166 177 69 181 28 95 58 47 127 379 168 90 172 0 0 6 12 0 5 3 0 1 1 0 0 8 0 1 0 7 1 0 0 30 0 0 0 0 0 0 0 0 0 0 0 0 0 0 0 0 2 0 0 0 0 0 0 0 0 0 0 0 0 0 0 0 23 0 0 0 0 0 15 45 5 4 38 0 15 3 3 29 0 5 0 0 9 2 15 16 0 0 2 17 1 0 0 0 0 0 10 0 0 0 0 0 3 0 0 0 0 0 19 0 0 0 0 0 0 0 0 0 0 0 2 0 0 0 0 0 0 0 0 0 0 0 0 0 0 0 0 0 0 0 0 0 0 0 0 0 0 0 0 0 19 2 48 9 9 0 17 8 33 28 45 9 37 14 25 17 8 0 0 5 0 0 0 0 0 0 0 0 0 0 19 0 0 0 0 0 0 22 13 0 0 0 0 0 0 0 0 0 0 0 8 0 1 11 0 0 0 0 1 0 0 37 2 0 0 0 67 0 2 7 0 0 4 0 0 0 0 0 0 0 0 0 0 19 20 0 0 0 0 
 9 0 7 0 0 0 7 1 0 1 0 3 0 0 0 0 2 7 0 65 3 3 3 3 3 3 3 3 147 3 3 3 3 3 3 3 3 3 11 3 285 721 0 136 216 94 144 494 108 70 248 75 145 145 114 139 49 123 40 304 0 2 0 0 0 0 0 1 2 0 0 0 2 55 2 2 0 0 36 0 0 0 0 9 0 0 0 0 7 6 4 0 0 0 11 0 0 5 0 0 0 0 0 0 0 0 0 0 0 0 0 0 0 0 0 0 0 0 0 0 0 0 0 21 20 0 11 0 0 0 21 27 0 1 0 2 17 6 0 13 0 0 0 0 0 0 2 0 0 0 0 0 0 8 0 5 0 0 18 0 2 11 0 17 0 6 0 0 0 0 1 7 0 0 0 0 0 0 0 0 0 0 0 0 0 0 0 0 1 0 0 0 0 0 0 0 0 0 0 0 0 15 18 58 22 6 0 9 18 7 20 3 0 0 1 17 17 19 0 0 0 1 0 0 0 0 0 24 0 0 0 32 8 9 0 0 9 0 6 19 0 0 1 0 0 0 1 0 0 0 0 3 0 0 0 1 0 0 0 16 0 0 8 66 65 0 2 34 0 0 6 0 0 0 0 0 0 0 0 0 0 3 0 0 0 21 0 12 2 0 
 2 0 0 0 4 0 2 0 0 0 0 0 0 0 0 0 0 0 0 0 0 0 2 5 214 62 0 0 3 0 2 0 0 3 0 0 0 0 0 0 41 126 136 0 399 40 352 131 134 122 83 53 73 141 78 107 335 71 71 54 2 0 0 0 0 0 1 7 0 0 0 51 0 0 2 0 0 0 71 50 0 0 0 0 0 0 0 0 0 25 0 0 0 0 0 0 0 0 0 0 0 0 0 0 0 0 0 0 0 0 0 0 0 0 0 0 0 0 0 0 10 0 0 0 48 27 12 15 0 0 8 16 0 12 0 14 23 19 16 0 0 7 0 0 0 0 12 0 6 0 0 0 0 0 5 0 0 0 1 42 0 0 0 18 0 0 0 0 0 0 0 0 1 0 0 0 0 0 0 0 0 0 0 0 0 0 0 0 0 0 0 0 0 9 0 3 0 0 0 0 13 7 9 35 45 13 0 3 20 0 19 2 0 0 11 22 6 10 0 0 9 0 1 0 0 0 10 0 0 0 0 0 0 14 0 0 0 0 10 0 0 0 7 0 0 0 0 0 0 0 0 13 0 0 0 0 0 0 0 15 0 27 86 65 3 4 1 0 2 0 0 0 0 0 0 0 0 0 0 0 0 2 0 0 54 0 0 1 0 0 
 3 0 0 0 61 0 0 0 0 0 0 8 0 0 0 0 0 3 0 0 0 2 0 1 1 4 202 1 2 1 3 1 2 1 29 1 2 2 2 1 28 482 216 399 0 94 118 178 174 84 294 542 67 133 235 377 67 46 61 148 1 0 8 0 3 7 1 56 7 7 12 0 3 1 58 9 11 3 63 2 0 0 0 0 0 0 4 0 0 0 0 0 0 0 0 0 0 0 0 0 0 0 0 0 4 0 0 0 0 0 0 0 0 0 0 0 9 0 0 0 0 0 0 12 21 7 8 1 10 0 20 16 0 0 22 0 13 0 0 0 15 0 2 0 7 3 0 0 0 0 0 0 0 0 0 2 3 0 6 0 0 0 0 5 0 0 0 0 0 0 0 0 0 0 0 0 0 0 0 0 0 0 0 0 0 0 0 0 0 0 0 0 0 0 0 0 0 0 0 0 0 8 43 17 22 7 0 7 7 23 0 0 0 0 1 16 26 0 0 0 0 14 0 1 0 5 0 8 0 0 1 1 38 13 0 2 23 0 0 8 0 0 0 0 0 0 0 0 0 0 0 13 0 0 0 0 0 0 0 19 0 27 2 2 67 4 6 65 0 0 0 0 0 0 0 4 0 26 0 0 0 2 0 0 0 12 0 9 0 0 
 0 0 0 0 0 0 0 0 0 0 0 0 0 0 0 1 0 0 0 0 0 0 0 0 0 0 0 0 3 0 1 0 0 7 0 0 0 0 0 0 24 61 94 40 94 0 32 91 492 171 72 170 95 100 57 150 77 38 159 108 75 0 0 22 0 0 46 77 2 50 0 1 7 0 52 51 0 0 0 3 0 0 0 0 0 0 0 0 0 0 12 0 0 0 0 0 0 0 0 0 0 0 0 0 0 0 0 0 0 0 0 0 0 0 0 0 0 0 0 0 0 0 0 20 1 9 0 0 0 0 0 0 9 0 0 0 15 0 0 0 35 8 17 6 0 0 2 15 8 20 0 0 7 7 0 19 12 0 9 15 0 0 0 0 0 0 0 0 0 8 0 0 0 0 0 0 0 0 12 0 0 0 0 0 0 0 0 0 0 0 0 0 0 0 0 0 0 0 0 1 0 0 0 7 2 13 0 0 0 0 31 30 21 0 0 0 0 0 0 0 13 15 2 1 0 1 29 7 0 0 1 19 30 3 0 16 40 0 1 39 0 0 0 0 0 0 0 0 0 0 0 18 0 1 0 0 0 0 0 1 0 0 14 0 0 5 17 65 0 0 0 0 0 0 0 0 0 0 0 0 0 0 0 0 0 20 0 0 1 0 
 2 0 0 0 0 0 0 0 0 0 0 0 0 0 0 0 0 0 65 3 3 3 3 3 3 22 3 3 5 3 3 3 3 3 3 3 3 3 3 3 139 452 144 352 118 32 0 233 88 124 450 46 240 171 123 95 33 35 163 197 0 0 0 0 3 0 0 0 2 0 0 0 20 0 2 0 0 0 1 0 0 0 0 0 0 0 0 0 0 0 0 0 0 0 0 0 0 0 0 0 0 0 0 0 0 0 0 0 0 0 0 0 0 0 0 0 0 0 0 0 0 0 13 0 0 0 20 11 26 19 1 0 8 18 1 16 0 13 0 7 0 0 0 1 0 0 0 24 0 0 0 0 0 0 0 6 0 0 0 0 0 0 0 0 0 0 0 0 0 0 0 0 0 0 0 0 0 0 0 0 0 0 0 0 0 0 23 0 0 0 0 0 0 0 0 0 0 0 0 0 16 31 21 0 24 0 11 7 0 31 0 47 0 16 0 0 35 11 0 14 0 0 0 0 0 1 0 0 1 0 0 0 15 0 0 0 0 0 0 0 0 0 0 0 0 0 0 0 0 0 0 5 0 1 0 0 0 0 0 20 0 0 2 0 0 0 0 0 0 0 0 0 0 0 0 0 0 0 0 0 0 0 0 0 0 0 0 0 2 0 
 3 3 3 3 3 3 3 3 3 3 3 3 3 3 3 3 3 3 3 6 0 0 0 0 64 3 0 4 0 0 3 0 0 0 0 0 0 0 0 0 181 166 494 131 178 91 233 0 149 35 67 119 188 140 117 87 252 115 50 106 0 2 0 0 0 0 0 0 1 0 0 0 1 0 1 0 0 0 50 50 0 0 0 0 0 0 0 4 0 0 0 0 0 0 0 0 0 0 0 0 0 0 0 0 0 3 0 0 0 0 0 0 0 0 0 0 11 0 0 0 2 0 6 5 20 7 5 0 19 12 38 48 0 22 3 4 44 8 5 13 0 1 0 7 0 0 15 9 0 0 0 0 7 8 1 3 1 0 0 0 0 0 0 3 0 0 0 0 0 0 0 0 0 0 0 0 0 0 0 0 0 0 0 0 0 10 0 0 0 0 0 7 0 0 23 0 0 0 0 0 0 11 13 28 1 0 0 8 11 3 8 1 0 35 5 11 24 4 1 5 0 0 0 0 13 0 0 0 44 0 0 27 15 11 0 0 0 0 3 10 0 0 1 0 0 0 0 0 0 27 0 9 0 2 0 0 0 0 2 1 0 0 2 5 1 9 0 9 0 0 0 0 0 0 0 0 0 0 0 0 0 0 0 0 4 5 0 0 1 0 
 0 0 8 0 0 3 0 0 0 0 0 0 0 0 0 0 0 4 0 0 9 7 3 3 8 3 5 3 3 8 3 3 4 5 5 36 3 3 6 42 42 177 108 134 174 492 88 149 0 96 61 69 106 159 192 80 553 182 64 132 0 0 0 0 0 0 0 2 3 0 0 3 0 0 2 0 0 0 3 30 0 0 0 0 0 0 0 0 0 0 0 0 0 0 0 0 0 0 0 0 12 0 0 0 2 8 6 10 3 3 0 0 0 0 2 0 0 0 0 0 1 0 6 37 20 8 19 23 18 22 57 7 0 0 16 0 44 0 0 14 0 0 0 0 0 0 0 0 0 0 0 13 0 0 0 0 5 0 0 0 0 0 0 0 0 0 0 0 0 0 0 9 0 0 0 0 6 0 0 0 5 21 0 6 0 0 1 0 0 4 0 0 0 0 0 6 5 9 1 0 12 0 4 2 6 0 0 0 33 11 29 0 15 5 26 24 8 0 14 0 10 1 7 0 0 0 10 0 0 0 0 0 13 10 0 16 0 0 0 13 0 0 6 0 0 0 0 0 0 0 0 1 0 1 0 0 0 0 0 0 0 0 2 0 1 4 0 1 0 0 0 0 0 0 0 0 0 0 0 0 0 0 0 0 0 0 0 0 2 0 
 2 0 0 0 2 0 0 0 0 0 35 0 0 0 0 4 1 0 0 0 0 2 0 0 0 63 0 0 0 0 4 0 1 0 0 0 0 0 0 0 27 69 70 122 84 171 124 35 96 0 204 53 102 165 312 129 129 51 288 89 54 0 0 0 0 3 0 60 1 0 0 0 0 0 1 0 0 0 52 140 0 0 0 0 0 0 0 0 0 0 0 0 0 0 0 0 0 0 0 0 0 0 0 0 0 0 0 0 0 0 0 0 0 0 0 0 0 0 0 0 0 0 0 23 21 7 10 16 1 0 21 12 0 11 0 1 22 39 0 0 0 10 12 0 0 0 11 11 0 0 0 0 15 0 0 0 11 0 6 12 0 0 0 0 0 0 0 0 0 0 0 0 0 0 0 0 0 0 0 0 0 0 0 0 0 0 0 0 0 0 0 0 0 0 0 0 0 0 0 0 35 0 0 0 16 42 0 1 19 0 9 24 0 0 12 0 6 25 0 2 10 1 0 0 0 1 10 0 10 0 0 0 7 0 0 52 0 0 36 0 0 0 7 0 0 0 0 0 0 0 0 0 0 0 0 0 0 0 0 13 0 0 0 7 76 9 2 0 0 0 0 0 0 0 0 0 0 1 0 0 0 0 0 0 12 13 2 9 0 0 
 0 0 0 0 61 0 0 0 0 0 0 0 0 0 0 0 0 0 0 0 0 0 0 0 0 0 0 0 0 0 1 0 0 0 0 0 0 0 0 0 263 181 248 83 294 72 450 67 61 204 0 181 103 39 60 225 94 42 41 192 0 0 0 0 0 0 0 0 1 0 0 0 12 0 2 0 0 0 4 1 0 0 0 0 0 0 0 0 0 0 0 0 0 0 0 0 0 0 0 0 0 0 0 0 0 0 0 0 0 0 0 0 0 0 0 0 0 0 0 0 12 0 0 3 0 6 0 0 2 3 14 10 0 0 0 10 6 10 0 0 10 2 0 0 0 0 0 1 0 0 4 0 13 0 14 2 0 15 38 27 0 0 0 0 0 0 0 0 8 0 0 0 0 0 0 0 0 0 0 0 0 7 0 0 0 0 0 0 0 0 0 0 0 8 0 2 0 0 0 0 0 6 9 25 39 32 0 6 0 16 3 19 8 3 0 0 19 13 0 0 9 19 0 0 0 0 0 10 1 0 0 7 6 0 6 7 0 0 4 7 0 0 0 0 0 0 0 0 0 0 0 3 0 0 0 0 0 0 0 22 0 0 84 0 42 1 0 0 2 0 9 0 0 47 0 0 0 2 0 0 0 0 0 0 56 12 0 11 0 0 
 2 0 0 0 0 0 0 0 0 0 0 0 0 0 0 1 0 0 0 0 5 0 0 3 14 0 201 1 0 3 0 0 0 2 0 3 0 0 4 3 31 28 75 53 542 170 46 119 69 53 181 0 41 101 103 100 292 288 38 21 52 0 0 64 0 0 0 115 3 0 0 0 8 0 53 0 0 0 0 0 0 0 0 0 0 0 0 0 0 0 0 0 0 0 0 0 0 11 0 0 8 0 0 0 4 0 5 0 4 0 0 6 0 0 1 0 0 0 0 0 0 0 0 0 11 9 8 0 1 0 27 0 0 1 0 0 49 0 0 0 39 16 12 1 0 0 0 14 22 0 20 0 4 0 0 1 9 0 41 9 0 0 0 0 0 0 0 0 0 0 0 0 3 0 0 0 0 0 0 0 6 0 0 2 0 0 0 0 0 9 0 1 0 0 0 3 0 6 0 0 0 0 0 14 16 54 0 0 0 7 0 15 0 1 0 0 11 0 0 0 33 40 7 0 0 0 13 9 0 0 0 0 36 0 11 16 36 7 10 19 0 0 0 0 0 0 0 0 0 0 0 9 0 2 0 0 0 0 0 1 0 1 0 0 62 2 6 0 6 0 0 0 0 0 0 0 0 0 0 0 0 0 0 0 0 0 0 10 0 0 
 0 0 0 0 0 0 0 3 0 2 0 0 0 0 0 0 0 0 2 0 21 0 4 70 5 62 1 0 0 0 37 1 0 0 0 0 0 0 0 2 107 95 145 73 67 95 240 188 106 102 103 41 0 328 274 109 344 236 480 214 0 0 0 0 1 0 0 0 2 8 0 0 0 0 1 0 0 0 0 0 0 0 0 0 0 0 0 0 23 0 0 0 0 0 0 0 0 0 1 0 0 0 0 0 11 2 0 0 0 0 0 21 0 0 0 0 0 0 0 0 42 32 26 0 0 0 0 6 17 7 0 0 2 9 22 0 0 1 20 21 0 1 0 0 0 0 0 0 0 0 1 0 0 0 0 16 0 0 0 0 0 0 0 0 0 0 0 0 0 0 0 1 4 0 0 0 0 0 0 0 0 0 0 0 0 36 0 13 0 0 0 15 27 0 0 0 0 0 0 0 0 2 15 0 2 0 13 40 36 38 0 9 2 25 4 21 11 0 43 0 0 0 0 0 0 0 0 0 0 0 0 0 0 0 0 0 0 0 1 0 0 0 0 0 0 0 0 0 0 0 0 3 0 0 0 0 0 0 1 3 0 0 0 0 0 3 0 0 2 0 0 0 0 0 0 0 0 0 0 0 0 0 0 0 0 0 13 0 0 0 
 3 0 0 0 0 0 0 0 0 0 0 0 0 0 0 0 65 0 0 0 0 0 75 122 0 150 0 0 0 0 64 60 0 1 0 0 3 1 0 0 187 58 145 141 133 100 171 140 159 165 39 101 328 0 353 65 162 36 139 175 0 0 0 0 2 0 4 4 1 1 0 4 0 0 55 0 0 13 5 2 0 0 0 0 0 0 0 0 0 0 0 0 0 0 0 0 0 0 0 0 4 0 0 0 1 0 0 0 0 0 11 0 0 0 0 1 0 0 0 68 8 0 1 0 0 0 70 3 38 1 11 18 3 16 2 33 7 24 0 6 0 14 0 0 0 0 11 0 5 9 0 0 5 0 20 0 3 0 0 0 0 0 0 0 0 13 0 5 0 0 1 0 0 0 0 8 0 0 0 0 0 0 0 0 0 15 0 0 0 25 0 4 0 0 0 1 1 0 0 0 16 9 0 34 0 0 11 0 0 29 0 0 1 15 0 0 29 10 0 41 0 0 7 0 0 0 37 7 2 0 5 5 19 1 0 6 0 0 0 0 0 0 0 0 0 0 0 0 0 0 0 6 0 0 0 0 0 0 0 0 0 0 0 0 1 2 11 0 0 0 0 0 0 0 0 0 0 0 0 0 0 0 0 0 0 0 0 0 0 0 
 0 1 1 63 1 2 65 5 2 66 1 2 109 0 0 1 1 1 0 0 8 64 0 33 7 0 0 1 3 0 33 41 1 8 2 4 5 1 2 4 288 47 114 78 235 57 123 117 192 312 60 103 274 353 0 301 336 157 55 152 0 0 0 0 3 0 4 5 1 0 0 0 0 44 5 0 0 0 10 0 21 42 0 0 21 0 0 0 0 0 0 0 0 0 0 0 9 0 0 0 4 0 0 0 21 0 13 0 10 0 0 0 0 0 3 0 3 10 0 0 22 0 0 1 9 10 13 14 13 0 34 7 0 20 0 8 7 2 0 0 0 0 0 0 0 0 0 0 0 3 0 0 0 0 0 0 6 0 0 0 12 4 0 7 0 0 26 4 0 0 0 0 0 0 0 28 1 0 0 9 7 0 4 0 0 0 0 0 0 0 0 8 0 0 0 0 0 29 0 19 0 0 5 12 0 0 0 0 10 12 0 0 14 12 10 34 8 0 0 2 0 0 0 0 0 0 0 0 0 0 0 0 15 10 0 0 0 0 0 9 0 0 10 0 0 0 66 0 0 0 0 5 0 1 0 0 0 1 0 0 0 0 0 0 2 0 1 2 2 0 0 0 0 0 0 39 0 0 0 0 0 0 0 0 0 0 0 0 2 0 
 0 0 0 0 0 0 0 30 0 0 0 0 0 0 0 1 0 0 0 0 0 0 0 0 0 0 6 0 3 0 1 0 0 2 1 0 0 62 0 2 36 127 139 107 377 150 95 87 80 129 225 100 109 65 301 0 154 118 24 102 0 0 0 0 0 0 0 1 1 0 0 0 7 0 1 0 0 0 153 106 0 0 7 0 0 0 0 0 0 0 0 0 0 0 0 0 0 0 0 0 0 0 0 0 0 3 0 0 0 0 0 0 0 0 0 0 0 0 0 0 0 0 0 28 33 7 0 0 0 29 0 62 0 0 0 0 15 10 0 0 3 10 0 0 0 0 27 17 0 0 0 0 11 6 0 21 0 0 14 6 0 0 0 4 0 0 0 0 0 0 0 0 0 0 0 0 0 0 0 0 0 0 0 0 0 0 0 0 0 0 0 0 0 0 0 0 0 0 0 0 0 9 16 30 18 21 0 21 52 0 20 20 0 0 0 7 0 25 0 0 0 0 0 0 0 0 0 0 16 0 11 19 1 9 5 18 1 0 7 23 0 0 0 0 0 0 0 0 0 0 0 8 2 1 0 0 0 0 2 0 0 0 1 19 73 11 2 35 0 0 12 0 0 0 0 0 6 0 0 0 0 0 0 0 10 21 0 9 2 0 
 0 0 0 65 61 0 0 0 0 0 0 0 0 0 0 0 0 0 0 0 62 1 0 0 0 0 1 65 5 2 0 0 0 2 64 0 65 1 0 0 33 379 49 335 67 77 33 252 553 129 94 292 344 162 336 154 0 217 103 54 0 0 0 0 0 0 0 61 2 0 0 0 0 0 7 0 0 10 9 4 0 0 0 15 0 6 0 0 0 0 0 17 0 0 0 0 0 0 0 0 0 16 0 0 0 8 0 0 0 29 0 0 0 37 0 0 0 0 0 0 8 0 7 15 2 6 1 27 3 18 5 0 0 17 9 0 0 10 0 27 4 17 0 0 0 0 4 0 4 4 0 13 5 0 6 0 0 0 0 0 0 0 0 0 3 39 0 0 0 0 0 8 0 0 0 0 4 0 0 0 26 0 0 1 0 0 0 0 17 0 0 0 0 0 0 0 0 30 0 0 0 8 25 0 0 0 0 0 17 7 19 0 0 13 47 35 13 0 9 0 0 0 13 0 0 0 48 10 0 0 0 7 5 7 0 1 4 0 3 0 0 0 2 0 0 0 0 0 0 0 0 16 1 2 0 0 0 0 0 2 0 0 0 0 0 1 4 0 0 0 0 0 0 0 0 0 0 0 0 0 0 0 0 0 0 0 0 0 0 0 
 0 0 0 0 0 0 0 0 0 0 0 0 2 0 0 0 0 0 0 0 0 54 0 0 0 6 0 0 2 0 0 0 2 1 1 0 0 0 0 0 64 168 123 71 46 38 35 115 182 51 42 288 236 36 157 118 217 0 163 21 0 0 0 0 0 0 0 0 2 0 0 0 0 0 1 0 0 0 1 0 0 0 0 0 0 0 0 0 0 0 0 0 0 0 0 0 0 0 0 0 0 0 0 0 0 14 0 0 0 0 0 0 0 0 0 0 0 0 0 0 59 0 10 42 18 20 19 19 17 4 1 8 0 4 35 65 35 22 7 20 0 0 0 0 0 0 0 0 0 0 0 0 0 0 0 0 0 0 0 4 0 0 0 0 0 0 0 0 0 0 0 3 0 0 1 0 3 0 0 0 0 0 0 0 0 0 0 0 0 0 18 0 0 0 0 0 0 0 0 11 16 23 14 0 9 9 0 0 24 0 21 0 0 13 91 46 0 0 39 8 0 0 0 0 0 0 12 0 0 0 0 1 0 12 0 0 0 0 21 17 0 0 0 0 0 0 0 0 0 0 0 12 0 1 0 0 0 0 0 2 0 1 63 2 0 0 0 63 2 0 0 0 0 0 0 0 0 0 0 0 0 0 0 0 21 10 0 0 2 0 
 0 0 0 0 0 0 3 0 0 0 0 0 0 0 0 0 0 0 0 4 0 0 62 1 24 71 0 0 0 0 1 67 0 1 66 0 0 0 0 0 114 90 40 71 61 159 163 50 64 288 41 38 480 139 55 24 103 163 0 218 0 0 1 0 9 0 0 2 0 3 0 0 2 0 2 0 0 0 0 0 0 0 0 0 0 0 0 0 0 0 0 0 0 0 0 0 0 0 0 10 0 0 11 5 0 16 0 0 0 0 0 27 0 0 0 0 0 10 0 0 12 30 58 20 0 0 9 29 76 26 0 0 26 45 73 22 0 2 11 21 0 0 0 0 4 0 0 0 0 0 0 0 0 6 0 0 0 0 0 0 0 0 0 0 0 0 0 0 0 0 0 6 0 0 0 0 6 0 0 0 0 0 0 0 22 0 0 0 0 0 27 0 0 0 0 7 27 0 0 0 34 36 12 0 0 0 50 0 2 0 19 0 35 13 43 4 0 14 11 31 0 0 0 0 0 0 0 0 0 0 0 0 0 0 0 0 0 0 0 0 0 0 1 0 0 0 0 0 0 0 0 3 0 0 0 0 0 0 0 0 0 7 0 0 0 2 0 0 0 0 0 0 0 0 0 0 0 0 0 0 0 16 0 0 0 0 0 0 2 0 
 0 0 0 0 0 0 0 0 0 0 0 0 0 0 0 0 0 0 62 0 0 0 0 0 0 1 0 0 0 0 3 1 0 1 0 0 0 0 0 0 315 172 304 54 148 108 197 106 132 89 192 21 214 175 152 102 54 21 218 0 0 0 0 0 2 0 0 0 2 24 0 4 0 0 2 0 0 1 0 0 0 0 0 0 0 0 0 0 0 0 0 0 0 0 0 0 0 0 0 0 0 0 0 0 0 0 0 0 0 0 0 8 0 0 0 0 0 0 0 0 10 1 6 0 0 0 6 0 29 8 0 0 5 2 8 10 0 0 1 1 0 0 0 0 5 0 0 0 0 0 0 0 0 0 0 7 0 0 1 0 0 0 0 0 0 0 0 0 0 21 0 0 0 0 0 0 0 0 0 0 0 0 0 0 0 6 0 0 0 0 0 0 0 0 0 1 0 0 0 0 0 27 20 24 10 0 10 8 0 15 0 20 0 20 0 0 33 22 11 9 0 0 0 0 0 0 0 0 1 0 0 0 9 0 0 0 0 0 0 0 0 0 0 0 0 0 0 0 0 0 0 14 0 0 0 0 0 0 0 10 0 0 2 1 2 2 0 0 0 0 7 0 0 0 0 0 0 0 0 0 0 0 0 0 0 0 0 1 0 0 
 0 0 0 0 0 0 0 0 0 0 0 0 0 0 0 0 0 0 0 0 0 0 0 0 0 69 0 0 3 0 0 0 0 52 0 0 0 0 0 0 2 0 0 2 1 75 0 0 0 54 0 52 0 0 0 0 0 0 0 0 0 98 77 132 32 46 227 360 48 63 234 23 115 185 54 124 40 33 50 59 0 0 0 0 0 0 0 0 0 0 0 0 0 0 0 0 0 0 0 0 0 0 0 0 0 0 0 0 0 0 0 0 0 0 0 0 0 0 0 0 0 0 0 0 0 16 0 0 0 0 0 0 0 0 0 0 0 0 0 0 9 7 22 1 0 0 23 0 12 25 0 0 0 9 0 0 28 0 11 13 0 0 0 0 0 0 0 0 1 0 0 0 0 0 0 0 0 0 0 0 2 1 2 1 2 1 2 4 0 1 3 2 2 2 1 2 2 1 1 3 0 5 0 0 0 14 0 0 0 0 8 11 0 0 0 0 0 0 0 0 19 2 11 0 0 0 22 0 7 25 23 0 13 27 1 23 0 19 7 40 0 0 0 0 0 0 0 0 0 0 0 0 0 0 18 0 0 0 0 0 0 0 18 52 0 37 13 0 0 0 1 0 0 2 2 2 0 0 0 0 0 0 0 0 0 0 0 0 0 0 
