 0 473 540 220 120 158 199 269 125 135 43 52 100 135 47 128 40 55 72 52 0 0 0 0 0 4 1 0 0 0 0 2 0 0 1 0 0 0 3 3 0 2 0 0 4 3 0 5 0 0 0 0 0 0 0 0 0 0 28 0 0 0 0 0 3 0 0 0 0 0 0 0 5 0 0 0 1 4 0 0 47 32 1 7 20 0 13 9 0 58 0 15 0 16 2 0 13 26 26 27 0 0 0 0 0 0 4 0 0 0 0 0 0 0 0 0 0 0 25 0 0 0 0 0 0 0 0 0 0 0 0 0 14 0 0 0 0 0 0 0 20 0 0 0 0 0 0 0 0 0 15 2 0 0 0 0 0 0 0 0 29 8 17 14 0 6 0 53 32 21 20 0 0 3 3 9 23 17 24 14 1 0 0 0 0 0 0 0 0 0 0 0 0 0 0 0 0 0 0 0 0 0 0 0 0 0 0 0 0 0 0 0 0 0 0 0 0 0 0 0 0 0 0 2 0 0 2 0 0 0 0 0 0 0 0 0 13 0 1 0 0 4 0 0 0 2 89 0 0 1 0 13 0 0 0 1 0 0 0 0 0 0 0 1 0 0 0 0 0 0 0 0 0 0 0 0 0 0 0 0 0 0 0 0 0 0 0 0 0 0 
 473 0 98 72 129 48 297 71 68 37 49 204 143 231 243 201 192 148 131 154 0 0 0 0 0 7 2 33 0 0 0 1 3 3 0 2 2 1 2 6 0 1 0 4 3 3 2 2 2 1 1 0 0 0 1 5 77 0 64 0 0 0 3 3 11 0 2 0 3 0 2 0 3 0 3 29 3 1 8 0 12 7 2 29 25 0 14 41 22 48 0 13 1 1 0 15 28 52 0 10 1 0 0 0 1 0 10 0 0 0 0 0 0 0 0 0 0 0 14 0 0 0 0 0 0 0 0 0 0 0 0 0 0 2 0 0 0 0 0 0 0 0 0 0 0 0 0 0 0 0 0 0 0 0 2 0 0 0 0 0 13 19 13 9 0 35 0 2 22 18 0 22 1 14 38 6 18 28 0 3 0 0 0 0 0 0 0 0 0 0 0 0 19 0 0 15 0 0 1 2 0 0 0 0 0 7 0 0 0 0 1 0 0 0 0 0 0 0 0 0 0 0 1 0 0 0 0 0 0 0 0 0 0 14 0 0 0 0 0 0 0 0 0 0 0 2 69 0 88 0 0 2 0 0 0 0 0 0 0 0 0 0 10 0 0 0 0 0 0 0 0 0 0 2 0 0 15 0 0 0 0 0 0 0 0 0 0 0 0 0 
 540 98 0 123 42 63 300 347 89 137 263 257 465 150 135 100 130 267 195 132 0 0 0 2 0 3 1 0 0 0 0 0 2 0 3 0 1 0 6 82 0 0 0 0 0 3 0 0 0 0 0 0 0 0 0 0 0 6 69 71 0 2 0 0 3 0 0 0 0 0 5 2 34 3 0 0 0 0 0 0 2 16 30 0 1 0 38 0 2 3 9 0 14 33 10 0 22 0 11 13 0 0 0 1 1 0 0 0 0 0 0 0 0 0 0 0 0 0 0 0 0 0 0 0 0 0 0 0 0 8 0 0 16 0 0 0 0 0 0 0 0 0 0 0 0 0 0 0 0 0 0 6 0 0 0 0 0 0 0 0 8 21 10 3 10 1 20 12 47 8 16 9 16 0 10 0 15 23 60 10 0 0 0 0 0 0 0 0 0 0 0 0 0 0 0 0 0 0 1 0 0 0 0 0 0 0 0 0 0 0 1 0 1 0 0 0 0 0 0 0 0 0 0 0 0 0 0 0 0 0 0 0 0 0 0 0 0 0 0 0 0 0 0 0 0 0 1 0 2 0 26 6 0 0 0 0 0 0 2 0 0 0 0 0 0 0 0 0 0 0 0 0 0 0 0 0 0 0 0 0 0 0 0 0 0 0 0 0 0 0 
 220 72 123 0 234 137 70 71 205 194 370 52 249 176 73 376 38 132 65 60 29 75 0 2 0 80 38 38 0 0 0 0 1 0 5 2 0 0 367 189 0 0 0 0 0 3 0 0 0 0 5 0 0 0 0 4 7 3 0 0 0 3 0 2 6 1 0 2 2 2 0 1 5 0 2 3 4 9 0 0 0 0 18 54 0 37 0 0 1 0 9 11 0 0 13 0 0 10 0 0 20 0 0 0 0 0 50 0 13 0 0 0 41 0 0 0 1 0 2 10 0 0 0 0 0 0 0 0 0 0 0 0 0 0 0 0 0 0 0 0 22 0 3 0 0 0 0 0 0 0 0 0 0 0 0 0 0 0 0 0 0 0 0 17 0 10 0 0 7 10 15 7 0 0 0 13 12 19 0 16 14 10 0 0 0 15 0 10 16 0 0 0 23 39 12 34 0 14 52 20 0 0 0 0 0 0 0 0 0 0 0 0 0 0 0 0 0 0 13 0 0 0 0 0 0 0 0 0 0 0 0 0 0 14 0 0 0 0 0 0 0 0 0 0 0 0 8 0 0 85 2 10 0 0 0 0 0 0 1 0 0 0 0 0 0 0 0 0 0 0 0 0 0 0 0 17 18 0 0 0 0 0 0 0 0 0 0 0 0 0 
 120 129 42 234 0 208 49 58 151 146 239 129 55 704 96 103 139 102 68 70 3 83 1 1 1 3 155 3 114 1 2 0 2 32 0 0 74 0 156 225 0 0 0 0 0 7 0 0 0 0 0 0 0 0 0 0 2 0 0 1 0 0 0 0 3 0 0 0 0 0 0 0 3 32 0 0 1 10 0 0 15 0 14 7 28 47 0 6 15 1 28 2 0 0 2 0 0 8 0 0 0 17 25 0 0 0 42 10 24 0 0 0 39 0 12 0 0 0 3 1 0 0 0 2 0 0 0 0 0 0 1 0 0 0 0 0 1 0 0 0 0 0 0 1 0 0 0 0 0 0 0 0 1 0 0 7 0 0 0 0 0 8 2 3 0 16 0 0 0 16 0 0 0 14 9 0 23 16 0 23 33 31 10 0 0 1 4 6 10 0 12 0 0 26 28 21 0 29 45 2 14 0 0 0 0 0 0 0 0 0 0 0 0 1 0 0 1 9 0 0 0 0 0 0 0 0 0 0 0 0 0 2 0 0 1 0 0 0 0 0 0 0 0 0 0 0 177 0 2 88 0 7 0 0 0 0 0 0 0 0 0 0 0 0 0 0 0 0 0 0 0 0 0 0 0 10 1 0 0 0 0 0 0 0 0 0 0 0 0 0 
 158 48 63 137 208 0 41 33 323 119 125 241 23 135 58 473 90 65 58 36 105 74 77 1 2 3 82 74 81 3 0 6 72 1 6 1 147 3 127 95 0 2 4 0 0 18 0 0 0 0 2 3 3 0 0 0 62 6 0 0 0 0 0 0 3 2 5 2 0 0 0 0 3 3 0 0 1 9 0 0 0 0 0 9 14 13 0 0 0 22 11 37 0 0 0 17 4 0 0 0 0 13 42 8 0 0 0 0 11 0 0 0 9 14 11 0 8 0 2 10 0 0 0 0 0 0 0 0 0 0 14 0 0 0 0 0 17 0 0 8 0 0 0 0 0 0 0 0 0 0 0 0 0 0 0 0 0 0 0 0 0 0 24 25 11 2 0 0 1 11 31 0 0 0 0 25 11 0 0 17 1 37 9 0 0 0 14 10 0 10 7 0 0 12 23 9 0 21 74 13 0 0 0 0 0 0 0 0 0 0 0 0 0 0 0 0 0 0 0 0 0 0 0 0 0 0 0 0 0 0 0 0 0 0 0 10 0 0 0 0 0 0 0 0 0 5 0 1 0 83 0 10 0 0 0 0 0 0 0 0 0 0 0 0 0 0 0 0 0 0 0 0 0 0 0 24 0 12 0 0 0 0 0 0 0 0 0 0 0 0 
 199 297 300 70 49 41 0 204 168 126 131 24 146 77 333 393 36 40 150 86 2 0 2 0 0 3 1 0 0 0 0 0 0 0 0 0 0 0 3 3 0 4 0 0 0 3 0 0 0 0 0 1 0 0 0 1 0 4 63 0 0 0 0 0 3 0 0 0 0 0 0 0 3 0 0 0 2 0 0 0 11 0 0 0 0 15 23 15 0 63 14 17 0 74 12 11 2 34 27 16 0 0 0 0 0 0 0 0 0 0 0 0 0 0 0 0 0 0 12 15 0 0 0 0 0 0 0 0 0 0 0 0 16 0 0 0 0 0 0 0 0 0 7 0 0 0 0 0 2 0 0 11 0 0 0 0 0 0 0 0 21 37 27 11 0 25 0 0 15 26 23 23 0 58 0 17 7 50 33 14 0 0 0 8 0 2 0 0 0 0 0 0 0 0 0 0 1 0 0 1 1 0 0 0 0 1 1 0 0 0 0 0 0 0 0 0 0 0 0 0 0 1 0 0 0 0 0 0 0 0 0 0 0 0 0 0 0 0 0 0 0 25 0 0 0 0 0 2 2 1 25 7 0 0 0 0 0 0 0 0 0 0 0 0 0 0 0 0 0 0 0 0 0 0 0 0 0 0 0 0 0 0 0 0 0 0 0 0 0 0 
 269 71 347 71 58 33 204 0 112 223 112 48 244 183 218 122 133 77 237 61 0 0 0 0 0 3 77 0 0 0 1 0 1 0 75 0 0 1 2 3 0 2 0 0 3 3 0 0 0 0 0 0 0 0 0 1 1 4 0 0 0 0 0 0 3 0 0 0 0 0 5 0 3 0 0 0 3 45 0 0 6 9 8 0 10 13 46 45 30 11 13 14 11 15 34 7 23 0 25 9 6 0 0 0 0 0 0 0 0 0 0 0 15 0 1 0 0 0 0 0 0 0 0 0 0 0 0 0 0 0 0 0 0 2 0 0 0 0 0 0 0 0 0 0 0 0 0 0 0 0 0 6 0 0 0 0 0 0 0 0 0 18 10 10 11 0 33 0 13 29 9 11 10 25 8 0 17 15 12 1 1 0 0 0 0 0 0 0 0 0 0 0 0 0 0 0 0 0 0 3 0 0 0 0 0 0 0 0 0 0 0 0 0 0 0 0 0 0 0 0 0 0 2 2 0 0 2 0 0 5 0 0 0 0 0 0 0 0 1 0 0 13 0 0 0 0 0 0 8 91 16 18 0 0 0 0 0 0 0 0 0 0 0 0 0 0 0 0 0 0 0 0 0 0 0 0 0 0 0 0 0 0 0 0 0 0 0 0 0 0 
 125 68 89 205 151 323 168 112 0 149 146 38 155 438 113 38 263 140 171 56 2 0 0 0 3 3 3 1 0 1 0 1 17 0 0 0 0 82 77 38 2 0 3 0 1 3 0 0 2 0 0 6 0 0 0 0 15 0 1 0 0 0 3 0 3 0 2 0 0 0 2 32 3 0 0 0 1 2 0 0 9 9 40 17 1 0 15 0 15 0 0 2 1 12 22 0 10 25 0 0 32 0 0 0 1 0 0 0 0 0 0 0 1 0 0 0 0 0 0 8 0 0 0 0 0 0 0 0 0 0 0 16 13 2 0 0 0 0 0 0 0 0 0 0 0 0 0 0 0 0 0 3 0 0 2 0 0 0 0 0 0 1 0 0 4 1 1 11 15 12 5 16 1 0 0 0 24 10 13 21 14 0 0 0 0 15 0 0 0 0 14 0 10 11 0 0 0 0 17 26 0 0 0 0 0 0 0 0 0 0 1 0 0 0 0 0 0 0 0 0 0 0 0 0 0 0 0 0 0 2 0 0 0 0 0 0 0 0 0 0 0 0 0 0 0 2 2 0 0 9 1 13 0 0 0 0 0 0 0 0 0 0 0 0 0 0 0 0 0 0 0 0 0 0 0 24 13 0 0 0 0 0 0 0 0 0 0 0 0 0 
 135 37 137 194 146 119 126 223 149 0 252 26 49 172 185 176 76 150 306 181 0 2 0 0 0 3 23 71 0 0 3 1 18 0 0 2 1 0 78 77 0 0 0 0 0 3 0 0 62 0 2 2 0 0 2 1 21 6 1 0 0 1 0 0 3 0 0 2 2 0 2 0 2 0 2 0 0 13 0 0 0 0 46 30 14 14 58 1 11 16 1 17 0 2 0 19 1 18 0 0 7 0 0 0 0 0 17 0 5 0 0 2 0 0 0 0 1 0 0 0 0 0 0 0 0 0 0 0 0 0 0 0 0 0 0 0 0 0 0 0 0 0 4 0 0 0 0 0 0 1 0 0 0 18 0 0 0 0 0 0 0 0 15 23 14 2 2 0 15 14 36 8 0 1 1 15 20 7 0 20 14 0 0 0 0 13 0 0 0 0 0 0 3 0 0 46 0 0 37 24 0 0 0 0 0 0 0 0 0 0 0 1 0 0 0 0 0 0 0 15 0 0 0 0 0 0 0 0 0 0 0 0 0 0 0 0 0 0 0 0 0 0 0 0 0 4 3 0 1 142 12 15 2 0 0 0 0 0 2 0 0 0 3 0 0 0 0 2 0 0 0 2 0 0 0 21 0 0 0 0 0 0 0 0 0 0 0 0 0 0 
 43 49 263 370 239 125 131 112 146 252 0 495 49 30 70 177 287 153 80 363 87 75 2 0 0 3 88 73 0 0 0 0 72 0 0 0 0 0 56 99 0 0 0 0 0 2 0 0 0 0 0 0 0 0 3 0 1 4 0 0 0 0 0 1 3 0 0 0 0 0 1 0 2 0 0 0 0 0 0 0 0 0 30 33 18 55 0 0 40 0 34 2 0 0 27 5 0 9 11 0 23 0 0 0 0 0 28 0 15 0 0 0 18 0 0 0 0 0 0 16 0 0 0 0 0 0 0 0 0 0 0 0 0 0 0 0 0 0 0 0 0 0 1 0 0 0 0 0 0 1 0 0 10 0 0 0 0 0 0 0 17 0 0 33 0 0 0 12 4 1 1 0 0 15 0 5 6 14 1 0 9 16 0 0 0 8 13 0 0 0 0 0 1 29 32 2 0 16 14 15 0 0 21 0 0 2 0 0 0 0 0 0 0 0 0 0 0 0 17 0 0 0 0 0 0 0 0 0 0 0 0 0 0 0 0 2 0 0 0 0 0 0 0 0 0 2 89 2 0 1 1 15 0 0 0 0 0 0 0 0 0 0 0 0 0 0 0 0 0 1 0 0 0 1 0 0 3 0 0 0 0 0 0 0 0 0 0 0 0 0 
 52 204 257 52 129 241 24 48 38 26 495 0 29 128 42 244 358 126 38 48 0 26 0 0 3 3 138 0 85 0 0 0 34 75 1 0 2 0 176 78 2 0 0 0 1 3 0 32 2 0 0 0 0 0 0 0 38 0 1 0 0 0 3 0 3 0 2 0 0 52 2 0 9 0 0 0 1 0 0 0 27 1 20 17 32 32 0 36 14 0 26 1 0 0 0 0 11 32 0 5 1 33 0 8 0 0 32 18 14 0 0 0 21 1 25 0 1 0 12 4 0 0 0 0 20 0 0 0 0 0 0 0 0 0 0 0 0 0 0 0 19 0 0 0 0 0 0 0 0 0 0 0 0 0 0 3 0 0 0 0 0 9 1 1 6 15 0 10 2 3 0 19 0 0 39 11 0 0 0 0 13 28 11 0 0 0 15 13 0 0 10 0 24 30 13 41 0 59 14 15 0 0 0 0 0 19 0 0 0 0 0 0 0 0 0 0 0 0 0 0 0 8 0 0 0 0 0 0 0 0 0 0 0 0 0 1 0 0 0 0 0 0 0 0 0 2 91 0 0 0 1 5 2 0 0 0 0 0 0 0 0 0 10 0 0 0 0 0 0 0 0 0 0 0 0 0 0 0 0 0 0 0 0 0 0 0 0 0 0 0 
 100 143 465 249 55 23 146 244 155 49 49 29 0 86 127 36 56 116 104 222 0 1 0 0 0 3 0 0 0 0 0 0 2 0 0 1 1 0 3 3 0 5 0 111 0 2 0 0 0 0 0 2 0 0 0 0 0 6 0 0 0 0 0 0 3 0 0 0 0 0 6 0 2 0 0 0 0 0 0 45 29 42 6 0 20 0 48 57 14 5 11 15 9 34 19 0 15 0 59 30 0 0 0 0 0 1 0 0 0 0 0 0 0 0 0 0 0 0 0 0 0 0 0 1 0 0 0 0 0 0 2 0 23 0 0 0 1 0 0 0 0 0 0 1 0 0 0 0 0 0 0 2 0 0 0 0 0 0 0 0 16 53 0 10 0 0 18 16 11 28 37 0 14 17 9 0 11 41 33 14 1 0 0 0 0 0 0 0 0 0 0 0 0 0 0 0 0 0 0 0 0 0 0 0 0 0 0 0 0 0 0 0 0 0 0 0 0 0 0 0 0 0 0 9 0 0 0 0 0 0 0 0 0 0 0 0 0 0 0 0 0 15 0 0 0 2 86 0 0 1 0 9 0 0 0 0 0 0 0 0 0 0 0 0 0 0 0 0 0 0 0 0 0 0 0 0 0 0 0 0 0 0 0 0 0 0 0 0 0 0 
 135 231 150 176 704 135 77 183 438 172 30 128 86 0 297 131 352 211 116 92 1 0 2 0 0 3 1 0 76 0 0 0 0 0 0 0 0 0 3 3 0 0 0 0 0 9 0 0 0 0 0 4 0 0 0 1 0 0 0 0 0 0 0 0 3 0 0 0 0 0 0 0 5 0 0 0 2 0 0 0 16 13 28 9 1 10 3 7 8 43 9 0 8 0 0 18 3 43 14 0 0 0 0 0 0 0 0 0 0 0 0 22 0 0 0 0 0 0 20 0 0 0 12 0 0 0 1 0 0 0 0 0 0 0 0 0 0 2 0 0 0 0 0 24 0 0 0 0 0 0 0 0 0 0 0 4 0 0 0 0 0 9 32 0 18 19 9 16 52 7 21 2 0 0 15 0 21 0 7 19 0 0 0 0 0 0 0 0 0 0 0 0 0 0 0 0 0 0 16 0 0 0 0 0 0 14 15 0 0 0 0 0 0 0 0 0 0 0 0 0 0 2 0 0 0 0 0 0 2 2 0 0 0 0 0 0 0 0 0 0 0 0 0 0 0 1 7 0 1 3 0 9 0 0 0 0 0 0 0 0 0 0 0 0 0 0 0 0 0 0 0 0 0 0 0 0 0 7 0 0 0 0 0 9 0 0 0 0 0 0 
 47 243 135 73 96 58 333 218 113 185 70 42 127 297 0 177 354 37 63 130 0 3 0 0 3 8 5 4 32 3 1 0 8 2 3 1 0 3 2 3 2 2 0 0 1 3 0 0 2 0 3 0 0 0 0 1 9 3 28 65 0 0 3 0 3 0 4 0 5 0 23 3 3 0 0 6 5 2 0 0 35 0 8 0 0 1 14 17 13 33 8 16 12 9 24 0 49 19 27 38 0 0 0 0 0 0 0 0 0 0 0 0 0 0 0 0 0 0 0 19 0 0 0 0 0 0 0 0 0 3 0 0 0 0 0 0 0 0 0 0 0 0 0 0 0 0 0 0 0 0 0 4 14 0 0 0 0 0 0 0 12 31 12 36 0 9 30 18 16 20 36 14 0 30 16 19 0 0 11 1 0 0 0 0 0 0 0 0 0 0 0 0 0 0 0 0 0 0 0 0 0 0 0 0 0 2 0 0 0 0 0 0 0 0 0 0 0 0 0 0 0 0 0 0 0 0 0 0 0 0 0 0 0 0 0 0 0 0 0 0 0 1 0 0 0 0 0 0 9 2 14 6 0 0 0 0 0 0 0 0 0 0 0 0 0 0 0 0 0 0 0 0 0 0 0 0 0 0 0 0 0 0 0 0 0 0 0 0 0 0 
 128 201 100 376 103 473 393 122 38 176 177 244 36 131 177 0 195 338 131 200 0 0 0 2 1 6 76 2 0 0 0 2 0 2 0 0 0 2 79 3 0 0 0 3 0 5 0 0 0 0 0 0 0 0 0 2 6 7 0 2 0 2 0 0 3 3 0 0 4 0 3 0 3 0 0 6 3 2 0 0 0 23 0 11 13 14 14 10 32 27 0 47 1 9 1 40 19 19 0 0 1 0 0 0 0 0 22 0 0 0 0 0 0 0 0 0 0 0 9 0 0 0 0 0 0 0 0 0 0 2 0 0 0 0 0 0 0 0 0 6 0 1 2 0 0 0 0 0 0 0 0 0 0 0 0 0 0 0 0 0 15 0 15 16 6 12 0 0 9 2 25 19 13 10 12 19 27 29 8 1 0 0 0 0 0 0 0 0 0 0 0 0 18 0 0 23 0 0 0 8 9 0 0 0 0 0 0 0 2 0 0 0 0 0 0 0 0 0 0 0 0 0 0 0 0 0 0 1 0 0 0 0 0 16 0 0 0 0 0 0 0 0 0 0 0 0 0 2 89 0 0 5 0 0 0 0 0 0 0 0 0 0 0 0 0 0 0 0 0 14 0 0 0 0 0 8 20 0 0 0 0 0 0 0 0 0 0 0 0 0 
 40 192 130 38 139 90 36 133 263 76 287 358 56 352 354 195 0 190 122 25 0 0 0 0 0 87 2 0 0 0 0 0 22 0 0 0 1 1 77 3 0 0 0 0 0 3 0 2 0 0 0 0 0 0 0 0 18 0 1 63 0 0 0 0 3 0 0 0 0 0 0 0 3 2 1 0 1 0 0 31 20 0 66 13 67 71 0 10 86 2 40 0 9 26 22 21 14 75 11 0 29 0 0 0 0 0 17 0 3 0 0 0 19 0 0 0 0 0 0 35 0 0 0 0 0 0 0 0 0 1 0 3 0 0 0 0 0 0 0 2 2 2 0 0 2 0 0 0 0 0 0 0 7 0 0 5 0 0 0 2 7 37 8 10 0 39 0 8 9 12 0 21 0 20 27 20 30 1 0 0 13 0 0 0 0 13 0 0 0 0 0 0 25 0 2 3 0 0 2 29 0 0 0 0 0 0 0 0 1 0 0 0 0 0 0 0 0 0 0 0 0 0 0 0 0 0 0 2 0 0 0 0 0 2 0 0 0 0 0 0 0 0 0 0 0 0 87 1 46 1 0 3 0 0 0 0 0 0 1 0 0 0 5 0 0 0 0 0 0 0 0 0 1 0 0 0 3 0 0 0 0 0 0 0 0 0 0 0 0 0 
 55 148 267 132 102 65 40 77 140 150 153 126 116 211 37 338 190 0 224 46 0 0 0 2 0 3 2 0 0 2 2 5 0 0 0 0 0 2 3 3 0 37 2 3 5 0 0 0 0 0 0 5 0 0 0 3 5 7 0 0 0 2 0 3 0 0 2 3 0 3 5 1 8 0 2 2 0 0 1 0 42 9 32 3 18 21 27 50 61 9 38 0 0 21 20 1 19 30 14 0 10 0 0 0 0 0 0 0 0 0 0 0 11 0 35 0 0 0 0 6 0 0 0 1 0 0 0 0 0 0 2 0 0 0 0 0 2 0 0 0 0 0 0 18 0 0 0 0 0 0 0 0 0 0 0 18 0 0 0 0 0 5 16 0 20 19 0 0 30 12 46 0 14 14 20 0 14 15 0 0 0 0 0 0 0 0 0 0 0 2 0 0 0 15 0 0 0 0 1 13 0 0 0 0 0 0 0 0 0 0 0 0 0 0 0 0 2 0 0 0 0 0 0 0 0 0 0 0 0 0 0 0 0 0 1 0 0 0 0 0 0 14 0 0 0 2 86 2 9 1 15 12 0 0 0 0 0 0 0 0 0 0 0 0 0 0 0 0 0 0 0 0 0 0 0 0 10 0 0 0 0 0 0 0 0 0 0 0 0 0 
 72 131 195 65 68 58 150 237 171 306 80 38 104 116 63 131 122 224 0 352 0 0 0 1 3 3 2 2 0 0 0 0 0 1 2 0 0 0 3 3 2 0 0 0 1 26 0 0 2 0 0 0 0 0 0 0 0 2 0 35 0 0 3 0 3 0 2 0 0 0 2 0 3 0 0 0 1 0 0 0 0 11 14 0 0 21 12 0 0 10 35 0 37 13 0 22 2 0 10 13 0 0 0 0 0 0 0 2 0 0 0 0 0 13 0 0 0 0 0 0 1 0 0 0 0 2 0 0 0 0 0 0 0 0 0 0 0 0 18 0 0 0 0 0 0 0 0 0 0 0 0 0 0 0 0 0 0 0 0 0 8 0 12 0 16 0 0 20 33 0 20 2 28 14 0 42 8 15 6 0 0 0 0 0 0 0 0 0 0 0 0 0 0 0 0 0 0 0 0 0 0 3 0 0 0 0 0 0 0 0 0 1 0 0 0 0 0 0 2 0 0 0 0 0 0 0 0 0 0 0 0 0 0 2 0 0 0 0 0 0 0 0 0 0 0 2 0 0 2 0 2 7 0 0 0 0 0 0 0 0 0 0 0 0 0 0 0 0 0 0 0 0 0 0 0 0 0 0 0 0 0 0 0 0 0 0 0 0 0 0 
 52 154 132 60 70 36 86 61 56 181 363 48 222 92 130 200 25 46 352 0 0 1 0 0 0 3 0 0 0 3 36 3 4 0 0 1 0 1 3 3 0 4 0 0 0 5 0 0 0 69 0 66 0 1 3 5 3 27 0 0 0 0 0 0 3 0 0 5 5 0 1 0 2 0 2 0 0 2 0 0 0 10 1 0 0 14 30 13 0 27 12 0 13 35 30 8 0 26 16 0 0 0 0 0 0 0 0 0 0 0 0 0 0 0 0 0 0 0 10 13 0 0 0 0 0 0 0 0 0 0 0 0 0 0 0 0 0 0 0 0 0 0 0 1 0 0 0 0 0 0 0 0 0 0 0 0 0 0 0 0 24 8 47 0 0 16 10 17 10 19 1 1 10 42 0 17 11 45 3 1 0 0 0 0 0 0 0 0 0 0 0 0 0 0 0 0 0 0 0 0 0 0 0 0 0 0 0 0 0 0 0 0 0 0 0 0 0 0 0 0 0 0 0 5 0 0 0 0 0 0 0 0 0 0 0 1 0 0 0 0 0 15 10 0 0 2 0 0 5 0 13 0 0 0 0 0 0 0 0 0 0 0 0 0 0 0 0 0 0 0 0 0 0 0 0 0 0 0 0 0 0 0 0 0 0 0 0 0 0 0 
 0 0 0 29 3 105 2 0 2 0 87 0 0 1 0 0 0 0 0 0 0 238 159 160 55 37 302 332 129 197 259 25 48 204 187 251 193 63 345 143 5 0 8 2 0 15 0 0 1 0 1 0 2 0 0 0 5 5 3 2 1 1 3 0 3 5 56 0 1 0 2 4 0 1 0 0 0 0 0 1 0 0 0 15 14 15 6 0 0 0 8 10 0 0 0 0 0 0 0 8 17 11 27 11 17 2 0 3 8 34 0 0 12 19 18 32 22 11 1 13 0 0 0 0 0 0 0 2 0 0 0 0 13 7 0 0 0 0 0 15 0 1 0 0 0 9 0 0 0 0 0 0 0 0 0 0 0 0 0 0 0 0 2 4 0 0 0 0 0 1 0 1 0 1 0 6 0 19 0 1 0 31 0 10 0 11 9 12 7 28 11 0 0 37 72 20 12 10 33 0 0 0 0 0 0 0 0 0 0 0 0 0 0 0 0 0 0 0 0 0 0 0 0 0 2 0 0 0 0 0 0 0 0 21 0 0 0 0 0 0 0 0 0 0 0 0 0 0 1 0 0 0 0 0 0 0 3 1 76 0 0 0 0 0 0 0 12 0 0 0 0 0 0 0 0 0 14 0 0 0 0 12 0 0 0 0 0 0 0 0 
 0 0 0 75 83 74 0 0 0 2 75 26 1 0 3 0 0 0 0 1 238 0 84 158 111 33 511 154 186 37 242 36 47 170 65 180 185 131 124 284 0 0 0 0 0 0 0 0 0 0 0 0 62 0 1 0 5 0 0 2 2 0 3 0 3 3 0 0 7 59 2 2 0 0 0 0 0 0 0 0 0 0 0 0 11 30 0 0 0 0 17 0 0 30 0 0 0 0 1 0 13 9 10 0 25 11 14 9 32 5 0 0 17 0 0 26 2 22 0 1 1 0 0 0 0 0 9 0 0 0 0 0 14 60 0 0 0 0 0 17 0 0 0 0 0 0 0 0 0 0 0 0 0 0 0 0 0 0 0 0 0 0 13 0 0 0 0 0 0 2 0 0 0 0 0 4 0 0 0 58 10 15 0 14 0 4 6 22 47 43 9 9 0 18 29 8 33 36 7 0 0 0 0 0 0 3 2 0 18 0 0 0 55 0 0 0 0 0 14 0 0 0 0 0 0 0 0 0 0 0 0 0 0 0 0 0 0 0 0 0 0 0 0 0 0 0 73 0 0 0 0 0 0 0 4 2 0 1 4 0 71 1 0 0 0 0 1 0 0 0 0 0 0 0 0 0 0 2 0 0 0 10 0 0 0 0 0 0 0 0 
 0 0 0 0 1 77 2 0 0 0 2 0 0 2 0 0 0 0 0 0 159 84 0 146 31 42 137 230 58 184 272 112 60 173 241 377 187 119 48 43 0 0 0 0 3 51 3 0 0 0 2 0 39 4 0 0 3 0 3 6 3 3 3 0 2 3 0 0 0 2 2 3 1 2 4 0 0 0 0 0 0 0 0 0 1 0 0 0 0 0 0 0 0 11 0 0 0 0 0 0 13 0 25 27 0 14 0 20 23 0 0 35 0 82 16 37 9 11 15 16 7 0 0 0 0 0 10 0 0 0 0 0 0 0 13 0 0 0 24 0 0 0 0 1 0 0 3 0 0 0 0 0 0 0 0 0 0 0 0 0 0 4 0 0 0 0 0 0 0 1 3 1 0 1 0 0 0 0 6 0 0 7 0 1 0 0 14 48 9 48 0 47 26 10 0 0 37 0 9 13 7 1 4 0 0 0 0 0 11 0 0 0 0 7 0 0 0 0 13 7 0 0 0 0 2 0 0 0 0 0 0 0 0 0 0 0 0 0 0 0 0 0 0 0 0 0 0 0 0 0 0 0 0 0 3 0 2 126 0 0 0 2 0 0 0 0 9 0 0 0 0 0 0 0 0 0 0 0 0 2 0 0 0 0 0 0 1 0 0 0 
 0 0 2 2 1 1 0 0 0 0 0 0 0 0 0 2 0 2 1 0 160 158 146 0 126 343 99 165 154 312 59 420 80 223 155 164 34 138 86 116 0 0 0 0 3 0 0 0 0 0 0 2 125 0 1 0 3 0 1 2 3 0 3 0 3 3 0 0 7 0 2 3 0 0 0 0 0 0 0 0 0 0 0 0 0 0 0 0 0 0 0 0 0 0 0 0 0 0 0 0 8 20 11 8 37 12 0 0 26 14 14 22 0 0 1 2 1 30 0 1 19 39 0 0 0 0 22 0 11 13 0 1 1 11 0 0 0 0 27 9 0 0 0 0 19 0 0 0 0 0 0 0 8 0 0 0 0 0 0 0 0 4 0 0 0 0 2 0 0 2 0 0 4 0 0 1 0 0 0 5 0 9 6 38 0 11 33 0 9 29 34 20 0 15 13 1 1 6 0 0 0 0 0 0 2 0 11 0 18 0 0 15 10 6 0 0 0 0 14 3 0 0 0 0 0 0 0 4 0 1 0 0 0 0 0 0 0 0 0 0 0 0 1 0 0 0 0 0 0 0 0 0 0 0 0 2 0 76 1 5 22 0 0 0 0 0 1 0 0 0 0 3 0 0 0 0 0 0 0 13 0 14 0 0 0 11 0 17 0 0 
 0 0 0 0 1 2 0 0 3 0 0 3 0 0 3 1 0 0 3 0 55 111 31 126 0 80 136 134 86 106 114 47 92 48 69 81 48 217 112 62 0 0 0 0 0 0 29 61 0 1 0 0 88 9 10 0 3 0 0 94 4 0 3 0 3 3 0 0 0 0 0 3 0 0 0 0 0 0 41 0 0 0 0 0 0 0 0 0 0 0 0 0 0 0 0 0 0 0 0 0 0 32 18 7 58 12 0 0 0 0 54 16 0 0 0 42 9 14 0 0 0 17 11 8 0 0 3 7 1 59 0 0 10 41 21 10 1 0 6 28 0 0 0 0 0 0 0 0 0 0 0 0 0 5 13 0 0 0 0 0 0 0 14 0 0 0 0 0 0 1 0 0 0 0 0 5 0 0 0 11 0 0 0 0 7 0 0 0 63 35 3 46 0 0 0 0 25 11 0 0 46 8 1 0 0 0 0 12 8 12 0 0 28 12 14 0 14 18 42 22 0 0 0 0 0 0 0 0 0 0 0 0 0 0 0 0 0 0 0 0 0 0 9 0 0 0 0 0 0 0 0 0 0 0 3 3 4 3 79 2 17 8 0 0 0 0 0 0 0 0 0 0 0 0 0 0 0 0 0 0 0 0 0 0 0 0 0 14 0 0 
 4 7 3 80 3 3 3 3 3 3 3 3 3 3 8 6 87 3 3 3 37 33 42 343 80 0 37 124 253 66 91 76 246 69 132 62 123 271 464 50 60 90 64 0 2 0 63 0 67 0 63 0 54 88 62 68 3 0 99 2 3 0 9 0 2 3 4 9 0 12 6 3 0 0 0 0 0 0 0 0 0 0 0 0 0 0 0 0 0 0 0 0 0 0 0 0 0 0 0 0 0 2 1 0 10 19 0 29 0 24 0 1 1 14 0 0 1 0 0 0 19 6 2 0 0 0 0 32 0 0 0 8 0 45 11 36 16 12 30 1 13 0 0 0 0 0 0 0 0 0 0 0 0 1 0 0 0 2 0 0 0 0 0 0 3 0 0 0 0 1 0 0 0 0 0 0 0 0 0 0 0 0 20 0 0 13 0 27 0 0 0 0 1 0 0 0 10 0 0 0 8 14 43 10 0 21 43 22 14 20 28 8 31 0 22 70 21 7 10 25 0 0 0 9 0 0 0 0 0 0 0 0 0 0 0 0 0 0 0 0 0 0 0 0 0 1 0 0 0 0 0 0 0 0 3 4 0 39 5 8 5 0 0 0 0 0 0 0 0 0 0 0 0 0 0 0 0 0 0 13 0 0 12 0 0 20 0 0 0 0 
 1 2 1 38 155 82 1 77 3 23 88 138 0 1 5 76 2 2 2 0 302 511 137 99 136 37 0 177 236 38 162 33 123 64 185 51 78 329 402 49 0 0 0 0 0 4 0 0 0 0 0 0 0 0 0 0 4 0 0 2 1 0 3 2 3 3 0 0 0 8 38 2 0 3 0 0 0 28 0 0 0 0 0 66 35 0 0 0 0 0 0 1 0 0 0 0 0 0 0 0 7 19 59 0 0 0 14 72 1 0 1 0 35 2 15 11 30 13 11 33 0 0 0 0 0 0 6 1 0 0 2 0 0 0 0 0 0 0 0 0 0 2 4 0 0 0 0 0 0 1 0 1 0 0 2 0 0 0 0 0 0 0 0 12 10 0 0 1 20 2 15 9 0 0 4 19 0 0 0 0 7 30 0 18 16 0 20 37 34 0 7 0 0 2 3 31 0 45 5 11 0 0 2 0 0 0 0 0 0 0 0 0 0 0 0 0 0 0 2 0 0 0 0 0 0 0 2 0 10 31 0 0 2 0 1 0 0 0 0 2 0 0 0 0 0 0 0 0 0 0 0 0 5 0 2 2 0 0 3 0 2 0 0 0 0 0 0 0 0 0 0 0 0 0 0 10 0 0 0 0 0 0 0 0 0 0 0 0 0 0 
 0 33 0 38 3 74 0 0 1 71 73 0 0 0 4 2 0 0 2 0 332 154 230 165 134 124 177 0 249 363 112 122 105 216 98 188 189 188 64 230 0 0 0 0 1 5 2 0 0 0 0 29 3 0 0 2 6 0 0 2 1 0 3 0 6 2 0 2 1 0 2 1 0 0 0 0 0 0 50 0 0 0 0 2 13 0 0 1 0 0 0 0 0 0 0 0 0 0 0 0 7 23 81 48 18 0 0 9 18 16 0 51 0 41 10 13 4 25 0 9 0 0 0 0 0 0 10 0 0 0 0 0 0 21 2 1 0 2 13 17 0 0 0 0 0 0 0 0 0 1 0 0 0 0 0 0 0 0 0 0 0 0 6 0 0 0 0 0 0 2 0 0 0 0 1 3 0 0 0 10 0 27 28 19 0 0 12 18 7 25 0 8 0 5 8 0 22 0 7 0 0 1 0 0 0 0 7 0 0 0 0 0 11 0 0 0 0 0 0 0 2 0 0 0 0 2 0 0 0 0 0 0 0 0 0 0 0 0 0 0 0 0 2 0 0 0 0 0 0 0 0 0 0 0 13 2 0 79 51 0 24 0 0 0 0 0 0 0 0 0 0 0 0 0 0 0 2 0 0 13 0 10 0 0 0 16 0 0 0 0 
 0 0 0 0 114 81 0 0 0 0 0 85 0 76 32 0 0 0 0 0 129 186 58 154 86 253 236 249 0 84 124 113 443 105 86 62 85 104 87 80 0 0 0 6 0 8 0 0 0 0 0 0 0 0 0 0 4 0 0 2 0 0 3 55 3 2 0 0 1 0 2 4 0 2 0 0 0 0 0 0 0 0 0 2 21 0 0 0 0 0 1 0 0 0 0 0 0 0 0 0 21 0 14 13 11 14 0 6 1 0 0 37 31 0 13 30 11 0 1 23 1 0 0 0 0 0 16 0 0 0 0 0 9 13 2 2 0 2 12 25 0 0 0 6 0 0 7 0 0 0 0 0 0 0 0 0 0 0 0 0 0 0 4 0 7 0 0 0 0 0 0 0 3 0 0 0 0 0 0 6 14 9 11 0 0 0 17 10 34 15 10 34 0 7 0 28 25 15 10 0 8 8 0 0 0 0 0 0 33 0 0 0 6 11 0 0 0 1 0 8 0 0 0 0 0 0 0 2 0 0 0 0 0 0 0 0 0 0 0 0 0 0 2 0 0 0 0 0 0 0 0 0 0 0 2 0 0 76 80 0 19 0 0 0 0 0 0 0 0 0 0 0 0 0 0 0 2 0 0 0 0 0 0 0 0 0 0 0 0 0 
 0 0 0 0 1 3 0 0 1 0 0 0 0 0 3 0 0 2 0 3 197 37 184 312 106 66 38 363 84 0 367 252 40 298 467 171 35 491 76 171 0 0 0 0 71 1 0 0 0 0 0 0 25 1 0 0 3 5 0 3 3 0 3 0 2 3 0 0 0 6 2 3 0 0 0 0 0 0 0 0 0 0 0 0 0 0 0 0 0 0 0 0 0 0 0 0 0 2 0 0 6 43 32 25 24 2 0 6 14 30 10 54 1 41 0 0 6 32 10 0 17 0 0 0 2 0 2 14 0 0 0 0 0 10 9 0 0 0 11 42 0 0 0 0 0 0 0 0 0 0 0 0 0 0 14 0 0 0 0 0 0 15 0 0 0 0 0 0 0 0 0 0 0 0 0 0 0 0 11 0 0 1 61 23 56 22 21 24 0 0 10 0 0 11 1 16 17 13 0 0 0 0 0 0 0 1 13 12 0 0 0 0 1 35 0 19 0 0 25 9 0 0 0 0 0 0 0 0 0 0 0 0 0 0 0 0 0 0 0 0 0 0 0 0 0 0 0 0 0 0 0 0 0 0 2 1 2 4 76 3 3 0 0 0 0 0 1 0 0 0 0 0 0 0 0 0 0 0 0 0 0 18 0 0 0 13 0 0 0 0 
 0 0 0 0 2 0 0 1 0 3 0 0 0 0 1 0 0 2 0 36 259 242 272 59 114 91 162 112 124 367 0 124 58 58 292 167 578 44 61 63 0 0 0 0 0 0 1 1 0 0 0 0 6 0 0 0 4 6 0 2 1 0 3 0 3 2 37 0 1 0 2 1 0 0 2 0 0 0 0 0 0 0 0 0 0 0 11 0 0 0 0 0 0 0 0 0 0 0 0 0 12 0 84 39 6 39 0 15 9 9 25 23 0 49 1 13 19 10 0 0 0 7 0 0 0 0 26 0 12 12 0 0 0 0 0 0 0 0 35 14 0 0 0 18 1 0 2 0 0 0 0 0 0 0 0 0 0 0 0 0 1 0 0 0 0 0 0 0 0 0 0 0 0 0 7 0 0 0 0 0 2 0 25 7 13 3 0 32 9 13 8 29 0 11 0 14 32 23 0 37 0 0 0 0 0 0 6 10 10 0 0 1 0 0 0 0 0 1 0 0 0 0 0 0 0 0 0 0 0 0 0 0 0 0 0 0 0 0 0 0 0 0 0 0 0 0 0 0 2 0 0 0 0 0 2 1 2 39 2 2 3 0 0 0 0 0 0 0 0 0 0 0 0 0 0 0 0 2 0 0 0 0 0 0 0 0 0 0 0 0 
 2 1 0 0 0 6 0 0 1 1 0 0 0 0 0 2 0 5 0 3 25 36 112 420 47 76 33 122 113 252 124 0 231 30 120 79 57 105 49 259 0 0 2 0 0 2 0 0 64 0 0 0 29 54 78 2 6 1 62 3 3 0 3 0 2 3 6 2 2 0 2 3 0 0 0 0 0 4 0 0 0 0 0 0 1 0 0 0 0 0 0 0 0 1 0 0 0 0 0 0 1 11 32 34 81 12 0 0 0 13 11 29 0 0 0 0 0 11 0 0 9 0 1 1 0 0 12 31 0 19 0 0 0 48 17 19 1 35 24 22 0 0 0 4 0 0 5 0 0 0 0 0 0 0 0 0 0 0 0 0 0 4 0 0 0 0 0 0 0 1 0 0 0 0 0 0 0 0 4 0 0 0 33 29 21 3 0 0 0 15 1 17 0 0 1 13 2 14 0 0 11 9 0 0 0 0 41 9 78 2 8 0 38 21 11 35 0 6 10 28 0 0 0 0 0 0 0 0 0 1 9 0 0 0 0 0 0 0 0 0 0 0 0 0 0 0 0 0 0 0 0 0 0 0 0 2 2 5 1 4 1 6 0 0 0 0 0 0 0 0 0 0 0 0 0 0 0 0 0 0 0 0 20 0 0 19 0 0 0 0 
 0 3 2 1 2 72 0 1 17 18 72 34 2 0 8 0 22 0 0 4 48 47 60 80 92 246 123 105 443 40 58 231 0 74 52 201 336 43 335 41 0 0 2 4 2 1 0 0 3 0 0 0 0 2 0 3 25 0 2 6 3 0 6 0 2 6 0 0 0 0 5 3 0 1 0 0 51 0 0 3 0 0 27 1 21 0 0 0 6 0 0 0 0 0 0 0 0 18 1 0 8 16 0 8 0 0 13 18 15 8 7 0 15 23 13 10 12 0 5 44 0 0 0 0 0 0 0 0 0 0 0 0 0 0 0 8 0 0 0 0 0 0 0 0 0 0 0 0 0 1 0 0 0 2 0 0 0 0 0 0 0 0 0 0 7 0 9 0 0 0 0 23 0 0 1 0 0 0 2 0 11 3 0 0 2 11 11 26 16 9 10 0 14 0 16 29 0 0 0 14 0 0 0 0 0 0 0 0 0 0 0 0 0 0 0 0 0 0 0 1 0 0 0 0 0 0 0 0 0 0 0 0 0 0 0 0 0 0 0 0 0 0 9 0 0 2 3 2 0 0 0 0 0 0 2 0 2 0 0 2 2 2 0 0 0 0 0 0 0 0 0 0 0 0 0 0 0 0 0 0 0 0 0 0 0 0 0 0 0 0 
 0 3 0 0 32 1 0 0 0 0 0 75 0 0 2 2 0 0 1 0 204 170 173 223 48 69 64 216 105 298 58 30 74 0 253 187 411 175 156 164 0 0 0 0 6 0 0 0 0 0 0 0 1 0 0 0 4 0 0 2 3 0 3 0 3 3 0 0 0 0 2 3 0 0 16 0 0 0 0 0 0 0 0 0 0 0 0 1 0 0 16 0 0 0 0 0 7 0 0 0 20 39 3 21 1 0 64 67 41 71 0 15 0 41 3 8 0 16 14 0 0 0 0 0 0 0 0 0 0 0 0 0 0 11 0 1 0 1 9 15 0 0 0 0 0 0 0 0 0 0 0 0 0 0 0 0 0 0 0 0 0 0 0 0 0 0 0 0 0 2 0 0 0 0 0 0 0 0 0 0 22 42 44 11 20 0 23 29 0 11 0 12 0 1 19 10 25 0 4 0 0 0 0 0 0 0 0 0 0 0 0 0 0 0 0 0 0 0 2 0 0 0 0 0 0 2 0 1 0 0 0 0 0 0 0 0 0 0 0 0 0 0 0 0 0 0 0 0 0 0 0 0 0 0 2 0 0 103 103 1 0 0 0 0 0 0 8 0 0 0 0 0 0 0 0 0 0 0 0 27 0 28 0 0 0 10 10 0 0 0 
 1 0 3 5 0 6 0 75 0 0 0 1 0 0 3 0 0 0 2 0 187 65 241 155 69 132 185 98 86 467 292 120 52 253 0 179 50 198 69 236 0 0 0 0 1 5 0 0 3 2 0 1 2 34 0 0 3 0 0 2 2 0 6 4 5 3 0 0 2 0 2 3 0 0 12 0 0 0 0 0 0 0 0 2 0 0 0 1 0 0 0 0 0 0 0 0 0 0 0 0 19 23 17 21 26 2 0 8 43 50 0 18 0 43 11 8 0 27 12 0 0 0 0 0 0 0 0 0 6 0 0 0 0 27 2 2 0 2 13 14 0 0 0 0 0 0 0 0 0 0 0 0 0 0 0 0 0 0 0 0 0 0 0 0 0 0 0 0 0 0 0 12 0 0 0 0 0 0 0 0 0 15 39 29 0 27 8 18 0 7 10 10 0 8 0 18 46 14 2 0 0 0 0 0 0 0 16 13 0 0 0 0 0 2 0 0 0 0 0 0 0 0 0 0 0 0 0 1 0 0 0 0 0 0 0 0 0 0 0 0 0 0 2 0 0 0 0 0 8 0 0 0 0 0 4 0 0 164 4 1 0 0 0 0 0 0 10 0 0 0 0 0 0 0 0 0 2 0 0 16 0 1 0 0 0 14 14 0 0 0 
 0 2 0 2 0 1 0 0 0 2 0 0 1 0 1 0 0 0 0 1 251 180 377 164 81 62 51 188 62 171 167 79 201 187 179 0 406 51 66 69 0 0 0 0 0 3 0 0 0 0 1 0 62 0 0 0 3 0 0 2 3 0 5 0 3 6 0 0 4 0 2 3 0 0 0 0 1 0 0 0 0 0 0 0 0 0 0 0 0 0 0 0 0 0 0 0 0 0 1 0 1 39 22 10 26 17 0 21 4 52 19 21 1 25 18 0 18 61 28 0 0 0 0 0 0 0 0 15 0 0 0 0 14 54 0 0 0 0 0 17 0 0 0 0 0 0 0 0 0 2 0 0 0 1 0 0 0 2 0 0 0 0 0 0 0 0 0 0 0 2 0 0 0 0 5 0 0 0 1 2 0 30 29 30 34 12 14 13 10 55 10 0 15 0 21 0 2 9 2 0 0 0 0 0 0 0 17 0 7 0 0 0 0 26 0 20 0 0 13 2 0 0 0 0 0 0 0 3 0 0 0 0 0 0 0 0 0 5 0 0 0 0 0 0 0 0 0 0 0 0 0 0 0 0 2 1 1 3 2 2 1 1 0 0 0 1 0 0 0 0 0 0 0 0 0 0 0 0 0 0 0 32 0 0 0 13 1 0 0 0 
 0 2 1 0 74 147 0 0 0 1 0 2 1 0 0 0 1 0 0 0 193 185 187 34 48 123 78 189 85 35 578 57 336 411 50 406 0 135 17 45 1 3 2 0 0 4 0 0 0 0 65 64 0 0 1 0 4 4 0 2 3 0 3 0 3 3 0 0 0 0 2 5 36 0 3 0 1 0 0 0 0 0 0 0 9 0 0 0 0 0 0 0 0 0 0 0 0 0 0 0 13 11 14 20 0 0 0 23 39 43 7 0 14 37 41 6 4 9 12 12 0 0 0 0 0 0 2 0 0 16 0 0 0 2 0 0 0 0 13 0 0 0 0 0 1 0 1 0 0 1 0 0 0 0 0 0 0 0 0 0 0 0 0 0 0 0 0 0 0 0 0 0 0 0 0 0 0 0 0 0 2 18 11 0 6 0 16 94 22 12 10 7 14 2 35 29 22 13 8 10 0 0 0 0 0 0 0 0 0 0 0 2 0 0 0 0 0 0 0 0 0 0 0 0 0 0 0 0 0 0 0 0 0 0 0 0 0 13 0 0 0 0 0 0 0 1 0 0 2 0 0 0 0 0 0 0 0 153 0 0 1 1 0 0 0 0 9 0 0 0 0 0 0 0 0 0 0 2 0 18 0 14 0 0 0 0 10 0 0 0 
 0 1 0 0 0 3 0 1 82 0 0 0 0 0 3 2 1 2 0 1 63 131 119 138 217 271 329 188 104 491 44 105 43 175 198 51 135 0 267 45 0 0 0 79 0 0 62 0 0 0 28 6 4 0 0 0 3 0 0 80 3 2 3 0 3 3 0 0 7 0 2 3 0 0 10 0 0 0 0 0 0 0 0 0 2 0 0 0 0 0 23 0 0 2 0 0 0 0 0 1 9 40 39 20 46 14 0 0 16 30 10 35 0 1 0 34 18 11 0 0 0 0 10 0 0 0 7 47 0 0 0 0 10 27 0 0 0 1 22 57 0 0 0 0 0 0 7 0 0 0 0 0 0 8 0 0 0 0 0 0 0 0 21 0 0 0 0 0 0 0 0 0 0 0 0 5 0 0 0 7 0 0 18 36 24 1 0 1 46 20 0 19 0 0 0 0 33 13 0 0 14 13 0 0 0 0 4 0 9 1 0 0 1 22 0 34 0 0 30 0 0 0 0 0 0 0 0 0 2 0 0 0 0 0 0 0 0 0 0 0 0 0 12 0 0 0 0 0 1 0 0 0 1 0 4 0 0 22 149 0 19 7 0 0 0 0 8 0 0 0 0 0 0 0 0 0 0 0 0 0 0 18 0 0 2 10 15 0 0 0 
 3 2 6 367 156 127 3 2 77 78 56 176 3 3 2 79 77 3 3 3 345 124 48 86 112 464 402 64 87 76 61 49 335 156 69 66 17 267 0 199 0 0 0 0 0 0 0 0 0 0 0 0 0 0 0 1 5 0 0 3 3 0 3 0 3 3 0 0 0 0 2 3 0 0 0 0 0 0 0 0 0 0 10 1 20 27 2 0 18 14 8 17 0 0 0 20 1 0 0 0 6 46 0 7 0 0 42 46 32 0 0 0 12 1 10 9 0 0 10 14 0 0 0 0 0 0 0 0 0 0 0 0 0 0 0 0 14 0 0 0 0 0 0 0 0 0 0 0 0 0 0 0 0 0 0 0 0 0 0 0 0 0 16 11 16 1 0 0 0 0 41 2 0 0 0 19 0 1 0 0 27 39 12 0 0 18 33 10 0 0 0 0 1 22 20 50 0 11 55 19 0 0 0 0 1 0 2 0 0 0 0 0 34 0 0 0 0 0 0 0 0 0 0 0 0 0 0 0 0 0 0 0 0 1 0 0 1 0 0 0 0 0 0 0 0 0 78 0 0 0 0 0 29 0 3 2 2 0 0 3 4 1 1 0 0 0 0 0 0 0 0 0 0 0 0 9 2 13 0 0 0 0 0 0 0 0 0 0 0 0 
 3 6 82 189 225 95 3 3 38 77 99 78 3 3 3 3 3 3 3 3 143 284 43 116 62 50 49 230 80 171 63 259 41 164 236 69 45 45 199 0 0 0 0 0 0 0 0 0 0 0 0 0 93 0 0 0 3 0 0 65 3 0 3 0 2 3 0 0 0 0 2 3 0 0 0 0 0 6 0 0 0 0 0 9 0 19 0 0 0 0 12 0 0 0 0 0 0 0 0 0 15 9 0 0 10 0 7 2 17 18 0 0 19 0 0 0 0 9 0 0 0 0 0 0 0 0 0 0 0 0 0 0 0 0 0 0 0 0 0 0 0 0 0 0 0 8 0 0 0 0 0 0 0 0 0 0 0 0 0 0 2 0 0 10 0 0 0 0 0 0 0 1 0 0 0 0 18 0 0 11 12 20 0 11 12 34 59 16 41 0 13 0 0 44 24 11 0 26 32 0 0 0 0 0 0 0 0 0 0 0 0 2 0 0 0 0 1 0 0 0 0 0 0 0 0 0 0 0 0 0 0 0 0 0 0 0 0 0 0 0 0 0 0 0 0 0 33 0 0 35 0 0 0 0 2 0 2 1 0 0 1 0 0 0 0 0 0 0 0 0 0 0 0 0 0 1 0 0 0 0 0 13 0 0 0 0 0 0 0 0 
 0 0 0 0 0 0 0 0 2 0 0 2 0 0 2 0 0 0 2 0 5 0 0 0 0 60 0 0 0 0 0 0 0 0 0 0 1 0 0 0 0 169 158 91 306 70 164 161 157 67 99 55 54 90 55 315 165 69 118 326 0 0 0 0 0 0 3 0 0 1 0 6 15 2 0 0 0 0 3 0 0 0 0 0 0 0 0 0 0 0 0 0 1 0 0 0 0 0 0 0 0 0 0 0 0 0 0 0 0 0 2 0 0 0 0 0 0 0 0 0 16 27 20 15 6 0 0 9 20 12 15 0 0 11 12 40 6 0 14 0 0 0 0 0 0 0 0 0 0 0 0 0 0 0 0 0 0 6 20 10 5 0 0 0 0 0 0 0 0 2 0 0 0 0 0 0 0 0 0 0 0 0 0 0 0 0 0 0 0 0 0 0 0 0 0 0 0 0 0 0 15 15 0 14 23 35 0 0 1 7 10 28 11 19 29 11 13 9 6 9 0 6 5 0 0 0 6 0 0 0 0 0 0 10 2 0 0 21 1 15 0 0 0 0 0 0 0 0 0 0 0 16 0 0 0 0 0 0 0 0 0 0 1 0 66 1 0 10 1 0 0 0 0 0 0 0 0 0 0 0 0 0 0 0 1 12 0 0 2 0 
 2 1 0 0 0 2 4 2 0 0 0 0 5 0 2 0 0 37 0 4 0 0 0 0 0 90 0 0 0 0 0 0 0 0 0 0 3 0 0 0 169 0 146 81 55 33 73 56 306 54 439 96 199 198 463 363 109 144 112 74 0 0 0 4 0 0 0 0 0 0 0 0 0 0 0 0 1 1 0 0 0 0 0 0 0 0 0 11 0 2 4 4 0 0 5 0 0 0 6 0 0 0 0 0 0 10 0 0 0 0 0 0 0 0 0 0 0 8 0 0 10 0 0 11 0 0 0 0 0 11 21 7 0 7 25 9 0 0 4 0 0 0 0 0 0 0 0 0 0 0 0 0 0 0 2 0 0 0 9 10 0 3 0 0 2 0 0 1 0 6 5 0 5 5 0 0 0 4 3 0 0 0 0 0 0 8 0 0 0 0 0 0 0 0 0 0 0 0 0 0 0 0 15 1 0 20 11 13 0 0 6 28 17 48 0 10 0 0 12 25 0 0 0 0 0 0 6 0 0 0 0 0 17 0 0 2 0 0 12 0 0 5 14 0 0 0 0 0 0 0 0 10 0 1 0 0 0 0 0 2 0 0 132 0 0 4 2 67 0 0 9 0 0 0 0 0 0 0 0 0 0 0 0 0 7 0 0 0 0 0 
 0 0 0 0 0 4 0 0 3 0 0 0 0 0 0 0 0 2 0 0 8 0 0 0 0 64 0 0 0 0 0 2 2 0 0 0 2 0 0 0 158 146 0 105 119 483 150 179 102 267 69 69 120 314 114 305 99 324 101 255 50 2 0 0 0 0 4 0 0 0 0 0 108 42 0 0 0 0 6 51 0 0 0 0 0 0 0 0 0 0 0 0 0 0 0 0 0 0 0 0 0 0 0 0 0 0 0 0 0 0 0 0 0 0 0 0 0 0 0 0 13 0 0 27 20 23 0 0 0 1 57 7 0 5 10 10 0 12 7 0 0 0 0 0 0 0 7 6 1 0 0 0 0 0 7 0 0 0 7 13 6 0 0 0 0 0 0 0 0 0 0 0 0 9 0 0 0 1 0 0 0 0 0 0 0 0 0 0 0 0 0 0 0 0 0 0 0 0 0 0 0 29 0 0 33 19 0 0 7 13 23 8 20 1 1 10 9 15 10 12 0 0 0 0 0 0 8 9 0 0 0 0 13 0 11 26 0 0 0 18 0 0 33 0 0 0 0 0 0 0 0 10 0 0 0 0 0 0 0 1 0 0 65 1 2 11 1 4 2 0 21 0 0 0 0 0 0 0 0 0 0 0 0 0 0 0 0 0 1 0 
 0 4 0 0 0 0 0 0 0 0 0 0 111 0 0 3 0 3 0 0 2 0 0 0 0 0 0 0 6 0 0 0 4 0 0 0 0 79 0 0 91 81 105 0 78 112 75 163 96 174 65 99 46 74 98 279 125 117 61 75 51 0 0 0 0 0 0 0 0 0 0 3 42 0 50 0 0 0 53 65 0 0 0 0 0 0 0 0 0 0 11 0 0 0 0 0 0 0 0 0 0 0 0 0 0 0 0 0 0 0 0 0 0 0 0 0 0 0 0 0 0 11 1 1 3 17 0 12 1 24 10 10 0 0 0 10 13 0 0 0 20 14 14 0 8 0 11 22 10 0 0 0 7 0 0 1 8 0 12 2 5 0 0 0 0 0 5 0 0 0 0 0 0 0 0 0 0 0 0 0 0 0 0 0 0 0 0 0 0 0 0 0 0 0 0 0 0 0 0 0 27 0 20 0 36 21 0 4 1 1 0 6 0 12 52 0 20 6 0 0 0 18 5 13 0 0 10 18 22 0 0 0 7 8 30 0 0 0 16 0 0 0 0 0 0 0 0 0 0 0 0 5 0 0 0 0 0 0 0 10 0 0 1 0 1 0 0 0 0 0 10 0 0 0 0 0 0 0 0 0 0 0 0 0 1 0 0 0 1 0 
 4 3 0 0 0 0 0 3 1 0 0 1 0 0 1 0 0 5 1 0 0 0 3 3 0 2 0 1 0 71 0 0 2 6 1 0 0 0 0 0 306 55 119 78 0 148 192 197 426 319 364 44 265 64 104 144 414 38 245 158 0 27 14 0 0 57 56 51 0 0 0 0 19 0 5 10 2 3 19 54 0 0 0 0 0 0 0 0 0 0 0 0 0 0 0 0 0 0 0 0 0 0 0 0 0 0 0 0 0 0 0 0 0 0 0 0 0 0 0 0 22 0 11 10 11 19 0 0 10 0 7 16 0 0 0 0 0 11 0 0 14 13 4 0 0 2 0 25 0 14 0 0 20 4 4 17 0 30 7 30 1 0 0 0 0 1 0 0 0 0 0 0 0 0 0 0 0 6 0 0 0 0 0 0 0 0 0 0 0 0 0 0 0 0 0 0 0 0 0 0 0 19 0 12 7 21 0 0 11 17 9 22 0 0 10 10 1 11 0 0 11 0 0 16 0 0 0 13 6 8 14 0 26 7 38 0 6 25 6 14 0 0 0 0 0 0 0 0 0 0 0 2 0 0 0 0 0 0 0 12 0 0 0 69 64 13 0 0 0 0 0 0 0 0 0 0 0 0 0 0 0 0 0 0 3 13 0 0 2 0 
 3 3 3 3 7 18 3 3 3 3 2 3 2 9 3 5 3 0 26 5 15 0 51 0 0 0 4 5 8 1 0 2 1 0 5 3 4 0 0 0 70 33 483 112 148 0 102 43 198 365 81 189 46 78 81 131 195 49 55 261 0 5 7 0 0 0 0 0 0 0 0 0 8 0 0 53 0 1 0 3 0 0 0 0 2 6 0 0 0 0 0 0 0 0 0 0 0 0 0 0 0 0 4 0 0 0 0 0 0 0 0 0 1 5 6 0 0 4 4 9 1 0 11 0 3 0 0 0 10 0 7 28 0 0 0 0 11 0 0 0 29 12 1 0 8 0 0 30 0 19 0 0 19 0 0 32 6 33 7 26 0 0 0 0 0 0 0 0 0 0 0 0 0 12 0 0 0 0 0 15 0 5 0 5 0 0 3 1 0 9 0 0 0 0 0 0 0 0 14 0 0 0 7 15 5 20 0 0 0 8 0 11 0 0 12 0 24 4 0 0 27 0 0 19 38 0 9 28 0 0 10 7 0 7 1 10 20 12 10 11 0 0 0 0 0 0 0 0 0 0 0 6 0 1 0 0 0 0 0 2 2 13 0 5 63 1 0 0 1 0 0 0 0 0 0 0 0 0 0 0 0 2 0 0 0 0 0 0 1 0 
 0 2 0 0 0 0 0 0 0 0 0 0 0 0 0 0 0 0 0 0 0 0 3 0 29 63 0 2 0 0 1 0 0 0 0 0 0 62 0 0 164 73 150 75 192 102 0 148 118 61 374 46 350 61 99 68 118 96 32 80 0 0 0 0 0 2 2 5 0 6 0 0 52 1 2 0 0 0 2 0 0 0 0 0 0 0 0 0 0 0 0 0 0 0 0 0 0 0 0 0 0 0 9 0 0 0 0 0 42 0 15 18 0 0 0 0 0 0 0 0 10 15 32 22 21 36 0 21 0 19 0 1 0 0 1 7 0 19 0 0 0 0 0 0 0 0 0 0 0 0 0 0 0 7 0 0 0 11 3 18 0 0 0 0 0 0 0 0 0 1 0 0 0 0 0 0 0 9 0 0 0 0 0 0 0 0 0 0 0 0 0 0 0 0 0 0 17 0 0 0 13 25 14 42 0 0 0 2 13 42 3 17 0 31 2 9 19 40 0 0 15 0 0 0 0 0 0 0 0 0 0 0 8 0 14 0 0 0 19 0 0 0 0 0 0 0 0 0 0 0 0 6 0 0 0 0 0 0 0 26 0 6 0 69 1 1 0 0 0 0 0 0 0 0 0 0 0 0 0 0 0 0 0 0 0 1 0 0 1 0 
 5 2 0 0 0 0 0 0 0 0 0 32 0 0 0 0 2 0 0 0 0 0 0 0 61 0 0 0 0 0 1 0 0 0 0 0 0 0 0 0 161 56 179 163 197 43 148 0 159 146 67 151 83 69 48 93 168 64 42 111 0 0 0 4 0 0 6 0 0 51 0 0 52 7 0 0 0 13 11 0 0 0 0 0 0 0 0 0 0 0 0 0 0 0 0 0 0 0 0 0 0 0 0 0 0 0 0 0 0 0 0 0 0 0 0 0 0 0 0 0 13 0 6 25 14 24 0 0 10 24 1 46 5 0 12 19 30 12 3 0 0 9 0 0 6 0 0 8 0 0 0 0 2 0 0 0 0 0 4 20 4 0 0 0 0 0 0 11 0 2 0 0 0 0 0 0 0 0 0 0 0 0 0 0 0 0 0 0 0 0 0 0 0 0 0 0 0 0 0 0 0 28 8 38 34 1 0 26 76 4 19 0 1 4 0 16 41 29 0 19 0 0 0 0 0 0 1 3 0 0 0 0 5 4 24 0 0 0 14 24 0 0 4 0 0 0 1 0 0 0 0 13 0 0 0 1 0 0 0 0 0 0 0 5 0 7 0 64 0 0 0 0 0 0 0 0 0 0 0 0 0 0 0 0 3 10 0 6 1 0 
 0 2 0 0 0 0 0 0 2 62 0 2 0 0 2 0 0 0 2 0 1 0 0 0 0 67 0 0 0 0 0 64 3 0 3 0 0 0 0 0 157 306 102 96 426 198 118 159 0 99 84 69 86 182 174 341 90 44 95 297 0 0 0 0 0 0 0 10 0 0 0 65 125 51 0 0 0 0 0 0 0 0 0 0 0 0 0 0 0 0 0 0 0 0 0 0 0 0 0 0 0 0 0 0 0 0 0 0 0 0 0 0 0 0 0 0 0 0 0 0 0 16 18 27 10 31 11 5 18 0 12 17 0 0 0 0 0 23 0 0 0 5 0 0 0 0 19 6 0 0 0 0 9 0 5 0 0 11 12 25 0 0 0 0 0 0 0 0 0 1 0 0 0 0 0 0 0 24 0 0 0 0 0 0 17 0 0 0 0 0 0 0 0 0 0 22 0 0 0 0 0 1 10 35 29 8 0 0 0 17 32 28 0 0 64 2 45 6 0 6 0 0 0 0 0 0 1 12 0 12 0 0 1 7 13 0 0 0 30 7 0 0 0 0 0 0 0 0 0 0 0 6 0 0 0 0 0 0 0 3 0 0 0 6 38 11 0 0 0 0 0 0 0 0 0 0 0 0 0 0 0 0 0 0 4 0 0 0 1 0 
 0 1 0 0 0 0 0 0 0 0 0 0 0 0 0 0 0 0 0 69 0 0 0 0 1 0 0 0 0 0 0 0 0 0 2 0 0 0 0 0 67 54 267 174 319 365 61 146 99 0 244 60 106 100 274 92 174 169 60 132 0 0 0 0 0 0 0 0 0 0 0 4 27 0 3 0 0 0 0 7 0 0 0 0 0 0 7 0 0 0 0 0 0 0 0 0 0 0 0 1 0 0 0 0 0 18 0 0 0 0 0 0 0 0 0 0 0 0 0 0 12 10 2 5 0 6 0 9 0 31 18 0 0 0 11 10 36 0 0 0 1 0 10 0 4 0 39 1 0 0 0 0 4 0 0 0 40 0 41 0 0 14 0 0 0 0 0 0 0 1 0 0 0 0 0 0 0 0 0 0 0 0 0 0 0 1 0 0 0 0 0 0 0 0 0 0 0 0 0 0 16 0 12 1 16 14 0 31 0 0 1 15 6 1 32 0 11 7 0 0 0 0 0 0 0 0 7 1 4 0 0 0 14 29 10 0 0 0 65 4 0 0 0 0 0 0 0 0 0 0 0 10 0 2 0 0 0 2 0 1 0 0 1 0 0 2 2 0 0 0 0 0 0 0 0 0 0 0 0 0 0 0 0 14 43 0 0 2 0 0 
 0 1 0 5 0 2 0 0 0 2 0 0 0 0 3 0 0 0 0 0 1 0 2 0 0 63 0 0 0 0 0 0 0 0 0 1 65 28 0 0 99 439 69 65 364 81 374 67 84 244 0 110 352 106 375 165 192 112 104 56 0 0 0 0 1 2 2 0 0 0 0 3 50 0 0 0 0 2 7 22 0 0 0 0 0 0 0 0 0 0 0 0 0 0 0 0 0 0 0 0 0 0 0 0 0 0 0 0 0 0 0 0 0 0 0 0 0 0 0 0 5 0 20 40 15 19 0 0 0 7 27 3 0 37 22 14 0 6 0 0 10 9 0 0 0 0 25 0 0 0 2 0 2 0 7 2 29 0 14 9 2 0 0 0 0 0 0 0 0 0 0 0 0 0 0 0 0 0 0 0 0 0 0 0 0 0 0 0 0 0 0 0 0 0 0 0 0 0 0 0 0 13 0 16 22 19 0 5 12 11 20 36 32 0 8 18 12 6 13 16 23 4 10 0 5 0 10 12 10 0 0 0 30 0 57 14 0 0 34 0 0 0 10 0 0 0 0 0 0 0 0 9 0 0 0 0 0 0 0 9 0 0 62 1 1 12 0 1 0 0 8 0 0 0 0 0 0 0 0 0 0 0 0 0 32 0 0 0 1 0 
 0 0 0 0 0 3 1 0 6 2 0 0 2 4 0 0 0 5 0 66 0 0 0 2 0 0 0 29 0 0 0 0 0 0 1 0 64 6 0 0 55 96 69 99 44 189 46 151 69 60 110 0 35 39 286 122 300 141 37 22 51 0 1 0 0 6 1 2 4 6 10 11 2 1 52 54 5 0 1 50 0 0 0 0 0 0 0 0 0 0 0 0 0 0 0 0 0 0 0 0 0 0 0 0 0 0 0 0 0 0 0 0 0 0 0 0 0 0 0 0 10 0 0 10 22 0 0 0 12 0 0 20 0 0 0 0 1 15 6 0 23 17 0 4 1 0 0 12 6 0 0 0 16 0 14 9 0 13 0 0 0 0 0 0 0 0 0 0 0 0 0 0 0 11 0 0 0 0 0 0 0 0 8 0 0 0 0 0 0 0 0 0 0 0 0 0 0 0 0 0 0 12 11 3 11 0 0 0 0 0 0 0 0 0 0 0 9 9 0 0 1 1 0 9 0 8 2 63 0 15 9 20 36 0 12 27 6 0 3 19 0 0 10 0 0 0 0 0 1 0 0 4 1 0 0 0 0 0 0 15 0 0 2 0 0 0 31 45 0 0 26 0 0 0 0 0 0 0 0 0 0 0 0 13 1 0 0 0 2 0 
 0 0 0 0 0 3 0 0 0 0 0 0 0 0 0 0 0 0 0 0 2 62 39 125 88 54 0 3 0 25 6 29 0 1 2 62 0 4 0 93 54 199 120 46 265 46 350 83 86 106 352 35 0 127 57 101 43 33 332 33 0 0 0 0 0 0 0 0 3 2 0 0 0 0 0 0 0 0 0 2 0 0 0 0 0 0 0 0 0 0 0 0 0 0 0 0 0 0 0 0 0 1 0 3 7 29 0 0 0 0 12 15 0 1 0 4 9 17 1 0 29 2 19 0 0 0 0 0 0 0 1 0 12 19 25 14 0 0 52 2 0 0 0 0 0 24 0 0 0 0 8 0 2 0 0 0 0 0 1 0 0 9 0 11 0 0 0 12 0 1 0 0 1 8 0 0 0 0 11 0 0 0 0 1 8 16 0 0 8 19 8 8 0 0 0 0 10 24 0 0 52 0 3 16 0 14 9 0 46 0 9 0 28 12 12 4 1 0 23 25 0 16 0 0 0 0 0 0 0 0 0 0 0 0 0 0 0 0 21 0 0 0 9 0 0 0 0 0 0 0 0 10 0 0 0 0 0 0 1 0 0 0 1 0 0 0 0 0 0 0 0 0 0 0 0 0 0 0 0 0 0 1 0 0 23 0 0 0 0 0 
 0 0 0 0 0 0 0 0 0 0 0 0 0 0 0 0 0 0 0 1 0 0 4 0 9 88 0 0 0 1 0 54 2 0 34 0 0 0 0 0 90 198 314 74 64 78 61 69 182 100 106 39 127 0 201 195 41 32 502 403 0 0 0 3 0 0 0 19 0 0 0 0 0 0 0 0 0 0 0 0 0 0 0 0 0 0 0 0 0 0 0 0 0 0 0 0 0 0 0 0 0 0 0 0 0 11 0 0 0 0 0 0 0 0 0 0 0 0 0 0 7 0 0 0 0 0 18 10 0 0 0 10 15 34 30 15 5 21 13 0 0 0 0 0 0 0 0 0 0 0 0 0 0 0 18 0 0 0 0 0 0 3 0 0 3 0 0 0 0 1 0 0 0 0 0 0 0 0 8 0 0 0 0 0 24 28 0 0 0 0 0 0 0 0 0 0 0 0 0 0 21 14 27 0 0 21 5 0 1 0 22 0 37 0 22 19 12 10 29 29 0 0 0 0 0 0 9 0 0 0 0 0 0 0 0 0 0 0 0 0 0 0 0 0 0 0 0 0 0 33 0 5 0 2 0 0 1 0 0 0 0 0 1 0 3 0 0 0 0 0 0 0 2 0 0 0 0 0 0 0 0 0 0 0 0 0 0 0 0 0 
 0 1 0 0 0 0 0 0 0 2 3 0 0 0 0 0 0 0 0 3 0 1 0 1 10 62 0 0 0 0 0 78 0 0 0 0 1 0 0 0 55 463 114 98 104 81 99 48 174 274 375 286 57 201 0 236 51 110 189 164 3 2 3 0 8 7 0 5 1 2 0 1 5 0 2 0 0 0 0 0 0 0 0 0 0 0 0 0 0 0 0 0 0 0 0 0 0 0 0 0 0 0 0 0 1 5 0 0 0 0 1 0 0 0 0 0 0 0 0 0 9 0 27 16 1 0 8 9 0 0 19 14 1 33 32 0 9 4 21 0 5 0 0 0 1 0 0 0 0 0 0 0 16 0 0 0 0 1 1 0 0 0 0 0 1 1 0 0 0 0 0 0 0 0 0 0 0 0 0 0 0 0 0 0 6 1 0 0 0 0 0 0 0 0 0 0 0 1 0 0 0 0 1 17 10 30 2 9 0 0 21 2 45 0 26 0 0 1 0 30 0 3 0 0 0 0 12 3 0 0 0 0 0 20 0 0 0 0 29 1 0 0 0 0 0 0 0 0 0 19 0 2 0 0 0 2 0 0 0 0 0 0 6 0 1 4 0 0 0 0 13 0 0 0 0 0 0 0 0 0 0 0 0 0 24 0 0 0 0 0 
 0 5 0 4 0 0 1 1 0 1 0 0 0 1 1 2 0 3 0 5 0 0 0 0 0 68 0 2 0 0 0 2 3 0 0 0 0 0 1 0 315 363 305 279 144 131 68 93 341 92 165 122 101 195 236 0 93 165 62 85 0 0 52 0 0 0 11 0 0 0 0 0 0 3 15 0 0 0 4 0 0 0 0 0 0 0 0 0 0 0 0 0 0 0 0 0 0 0 0 0 0 0 0 0 0 35 0 0 0 0 0 0 0 0 0 7 0 0 0 0 52 0 19 12 20 0 0 0 12 0 0 30 0 0 0 0 11 14 7 0 1 6 1 0 0 0 6 6 0 0 4 0 8 0 13 14 12 18 0 0 0 0 0 0 6 0 0 8 0 1 0 0 0 0 0 0 19 0 3 0 0 0 0 0 0 18 0 0 0 0 0 0 0 0 0 0 0 0 0 0 0 11 18 48 12 13 21 7 0 0 0 7 13 0 2 1 1 1 0 0 9 0 5 0 6 0 0 8 3 6 0 0 8 0 4 13 0 3 28 18 0 0 10 0 0 0 0 0 0 18 0 6 0 0 0 0 0 0 0 3 0 2 0 0 4 1 2 31 2 0 0 0 0 0 0 0 0 0 0 0 0 0 0 0 11 1 0 0 0 0 
 0 77 0 7 2 62 0 1 15 21 1 38 0 0 9 6 18 5 0 3 5 5 3 3 3 3 4 6 4 3 4 6 25 4 3 3 4 3 5 3 165 109 99 125 414 195 118 168 90 174 192 300 43 41 51 93 0 343 25 52 0 0 8 0 3 6 0 0 2 2 0 3 54 0 0 0 0 3 0 1 13 0 3 18 0 0 0 0 0 0 0 0 0 0 0 0 8 30 0 0 1 0 0 0 0 0 0 0 0 0 0 0 0 0 0 0 0 0 0 0 0 0 1 0 16 24 0 0 2 7 15 36 0 0 0 6 12 14 0 0 0 0 0 0 3 0 19 1 0 0 0 0 0 0 27 0 0 11 32 2 4 0 0 0 0 2 0 8 0 57 0 10 0 0 13 8 0 0 0 0 0 0 0 0 0 0 0 0 0 0 0 0 6 0 0 0 0 0 0 15 0 10 10 0 37 31 0 0 21 10 1 27 0 0 10 1 12 21 0 0 0 0 0 0 0 0 8 0 10 0 0 0 31 0 0 6 0 0 13 0 0 0 11 0 0 0 2 0 0 0 0 8 0 1 0 0 0 0 0 0 0 0 7 0 10 1 2 1 0 0 0 0 0 0 0 0 0 0 0 0 0 0 0 0 0 0 0 0 0 0 
 0 0 6 3 0 6 4 4 0 6 4 0 6 0 3 7 0 7 2 27 5 0 0 0 0 0 0 0 0 5 6 1 0 0 0 0 4 0 0 0 69 144 324 117 38 49 96 64 44 169 112 141 33 32 110 165 343 0 35 28 3 0 0 0 2 16 2 0 0 0 0 0 0 50 0 0 0 0 6 0 21 3 0 0 0 0 6 5 0 0 4 2 0 2 7 0 0 0 6 0 0 0 0 0 0 0 0 0 0 0 0 0 0 0 0 0 0 0 0 0 2 14 44 12 0 0 0 12 0 34 25 0 0 0 11 11 15 0 2 0 0 11 0 0 6 0 0 0 0 0 0 6 0 0 17 0 0 0 19 0 4 5 0 0 0 0 0 0 0 5 3 0 6 8 0 0 7 30 3 0 0 0 0 0 0 0 0 0 0 0 0 0 0 9 0 0 0 0 0 0 35 0 0 15 47 1 0 1 1 0 0 19 9 0 34 0 34 0 0 0 0 0 0 0 0 13 7 0 0 0 0 0 16 0 0 9 0 0 20 1 0 6 10 0 0 0 2 0 0 0 0 14 0 2 0 0 0 0 0 0 0 1 64 2 0 0 0 63 0 0 7 0 0 0 0 0 0 0 0 0 0 0 0 0 20 0 0 0 0 0 
 28 64 69 0 0 0 63 0 1 1 0 1 0 0 28 0 1 0 0 0 3 0 3 1 0 99 0 0 0 0 0 62 2 0 0 0 0 0 0 0 118 112 101 61 245 55 32 42 95 60 104 37 332 502 189 62 25 35 0 123 0 0 0 0 0 0 0 27 0 3 0 0 0 0 0 0 0 0 0 0 14 0 0 0 0 0 0 0 0 20 0 18 0 0 0 0 9 0 0 2 1 0 0 0 0 36 10 0 0 0 6 0 0 0 0 0 0 0 0 0 7 22 20 0 0 0 27 44 0 13 5 0 46 20 1 15 36 25 0 9 0 0 0 0 0 0 0 0 0 0 0 0 0 0 0 0 0 0 0 0 12 9 0 3 0 0 0 25 0 1 19 1 0 0 0 6 0 0 0 0 0 0 0 0 31 6 0 0 0 0 0 0 0 0 0 0 0 0 0 0 29 4 10 0 0 9 0 38 0 8 20 1 19 10 36 32 64 1 22 20 0 0 0 0 0 0 0 0 0 16 0 0 0 0 0 0 0 0 0 0 0 0 0 0 0 0 0 0 0 0 0 19 0 1 0 0 0 0 0 0 0 0 1 0 1 0 0 0 0 0 0 0 0 0 0 0 0 0 0 0 0 0 0 0 0 0 0 0 1 0 
 0 0 71 0 1 0 0 0 0 0 0 0 0 0 65 2 63 0 35 0 2 2 6 2 94 2 2 2 2 3 2 3 6 2 2 2 2 80 3 65 326 74 255 75 158 261 80 111 297 132 56 22 33 403 164 85 52 28 123 0 0 0 0 0 0 0 7 0 0 0 0 0 0 0 6 0 0 0 3 0 0 0 0 0 0 0 0 0 0 0 0 0 0 0 1 0 0 0 0 0 0 0 33 0 0 12 0 0 0 0 11 18 0 12 0 0 0 0 0 0 1 17 11 6 1 0 14 71 0 30 17 5 8 0 0 2 25 0 0 1 0 0 3 0 0 0 23 0 0 2 5 0 27 55 8 9 6 8 0 0 0 0 0 0 0 0 0 0 0 0 0 0 0 0 0 0 0 0 0 0 0 0 0 0 1 0 0 0 0 0 0 0 0 0 0 0 0 0 0 0 24 14 14 0 0 0 0 8 29 22 0 0 0 20 10 0 12 3 19 4 6 0 0 15 5 0 0 5 9 0 0 0 4 0 1 6 0 8 0 0 0 0 0 0 0 0 0 0 0 0 0 15 0 0 0 0 0 0 0 0 0 6 2 0 3 4 0 0 1 0 0 0 0 0 0 0 0 0 0 0 0 0 0 0 0 0 0 9 1 0 
 0 0 0 0 0 0 0 0 0 0 0 0 0 0 0 0 0 0 0 0 1 2 3 3 4 3 1 1 0 3 1 3 3 3 2 3 3 3 3 3 0 0 50 51 0 0 0 0 0 0 0 51 0 0 3 0 0 3 0 0 0 151 141 123 76 25 165 62 165 50 31 39 115 150 40 85 37 281 47 232 0 0 0 0 0 0 0 0 0 0 0 0 0 0 0 0 0 0 0 0 0 0 0 0 0 0 0 0 0 0 0 0 0 0 0 0 0 0 0 0 0 0 0 0 22 1 0 0 0 0 0 1 0 0 0 0 0 0 0 0 0 19 0 14 23 19 1 17 19 0 26 9 0 1 13 0 7 0 9 0 1 0 0 0 0 0 0 0 0 0 0 0 10 0 0 0 0 0 0 0 0 0 0 0 0 0 0 0 0 0 0 8 0 0 0 0 0 0 0 0 0 0 0 0 0 0 0 0 0 0 6 0 0 0 0 0 0 0 0 0 10 0 13 0 23 19 20 3 22 9 21 0 0 24 14 0 17 17 0 0 8 0 0 0 0 0 0 0 0 0 0 0 0 0 4 0 0 0 0 0 0 0 0 0 0 0 0 0 0 0 3 0 53 0 2 2 0 0 0 0 0 0 0 0 0 0 0 0 7 0 
