 0 314 79 101 146 125 92 216 356 30 304 223 127 152 56 330 212 126 345 233 0 9 0 2 0 2 0 3 0 0 0 0 0 0 0 3 2 0 0 0 7 0 2 0 0 0 0 2 64 2 1 1 0 0 0 2 0 0 3 0 0 0 3 0 3 0 0 0 4 2 0 0 0 8 0 6 2 52 1 1 46 44 0 16 0 0 1 43 14 0 0 10 15 33 37 6 41 9 0 7 13 8 0 0 0 0 0 0 0 0 0 0 0 0 0 0 0 0 9 0 0 0 0 0 0 0 0 0 0 0 0 0 0 0 0 0 0 0 0 0 0 0 0 0 0 0 0 0 0 0 0 0 0 0 0 0 0 0 0 0 0 17 0 16 16 10 0 11 2 16 11 18 21 11 21 2 14 0 0 1 0 0 0 0 0 0 0 0 0 0 0 0 0 0 0 0 11 0 17 0 0 0 0 0 0 0 0 0 0 0 0 0 0 0 0 0 0 0 0 0 0 0 0 0 0 0 0 0 0 0 0 0 0 0 0 0 0 0 0 0 0 17 0 0 0 0 142 2 0 0 0 1 0 0 0 0 0 0 0 0 0 0 0 0 0 0 0 0 0 0 0 0 0 0 0 0 17 0 0 0 0 0 0 0 0 0 0 0 0 0 
 314 0 95 53 48 58 147 269 295 147 146 77 507 331 141 352 26 253 127 309 0 0 0 0 0 1 0 3 0 0 0 0 0 0 0 1 0 0 0 1 7 1 2 0 0 0 0 65 0 2 0 0 0 0 0 2 2 0 1 0 0 0 3 0 3 0 3 0 0 3 0 0 0 13 0 6 2 0 1 0 17 30 0 18 9 0 0 7 0 12 2 12 12 18 13 0 36 1 0 30 0 0 0 0 0 0 0 0 0 0 0 0 0 0 0 0 0 0 48 0 0 0 0 0 0 0 0 0 0 0 0 0 0 2 0 0 0 0 0 0 0 0 0 0 0 0 0 12 0 0 0 0 2 0 0 0 0 0 0 0 1 20 0 11 3 9 42 16 0 15 29 11 18 1 20 12 0 0 9 14 0 0 0 0 0 0 0 0 0 0 0 0 14 0 0 0 14 0 1 0 0 0 0 0 0 0 15 0 0 0 0 0 0 0 0 0 0 0 0 0 0 0 0 0 0 0 0 0 0 11 0 0 0 0 0 2 0 0 0 0 0 10 0 0 0 0 100 0 3 0 1 18 0 0 0 0 0 0 0 0 0 0 0 0 0 0 0 0 0 0 0 0 0 0 0 29 0 10 0 0 0 0 0 0 0 0 0 0 0 0 
 79 95 0 166 220 128 165 91 326 454 115 31 157 52 240 279 213 293 244 33 0 0 0 0 0 3 0 3 2 0 0 0 99 0 0 0 3 1 24 0 0 0 3 0 0 33 0 68 0 10 0 0 0 0 0 2 1 0 3 0 0 0 3 0 2 0 0 0 0 2 0 0 0 0 0 1 2 0 1 0 0 22 48 16 1 0 0 19 2 38 36 10 1 0 0 53 24 35 0 28 14 0 1 1 0 0 28 18 0 0 0 0 20 0 5 0 60 0 0 0 0 0 0 0 0 9 0 0 0 0 0 10 0 0 0 0 0 0 0 0 0 0 0 5 0 7 0 0 0 0 0 0 16 0 0 0 0 0 0 7 13 1 15 18 20 5 21 1 9 19 35 6 12 13 25 9 25 15 17 0 17 0 0 0 0 0 0 0 0 0 2 0 32 17 46 0 0 0 31 20 0 0 0 0 0 1 0 0 0 0 0 0 0 8 0 0 12 0 0 10 0 0 0 0 0 0 0 0 0 0 1 0 0 0 13 0 0 0 0 2 0 0 0 0 0 0 0 2 90 2 0 4 19 0 0 0 0 0 0 0 0 0 0 0 0 0 0 0 0 0 0 0 0 0 0 10 1 0 0 0 0 0 0 0 0 0 0 0 0 0 
 101 53 166 0 176 53 123 171 188 207 69 304 41 123 114 247 39 377 64 74 81 74 0 0 0 1 54 3 0 0 0 0 128 76 3 0 1 1 356 1 8 0 2 0 0 0 0 3 0 2 0 0 0 0 0 2 0 0 2 0 0 0 7 0 3 91 2 0 0 3 0 0 0 51 0 0 2 2 2 0 1 0 33 8 26 5 13 11 23 25 18 33 0 3 0 14 18 10 0 0 0 28 0 0 0 0 15 0 0 2 0 0 9 10 7 0 0 0 40 2 0 0 0 0 0 0 0 0 0 0 0 1 0 0 3 0 0 0 0 0 0 0 0 0 0 0 0 0 1 6 0 0 0 0 0 0 0 0 0 0 9 0 0 28 32 20 0 1 20 16 17 15 0 0 18 12 18 88 2 13 7 0 10 0 1 0 0 27 10 0 0 0 25 14 27 0 0 0 21 23 0 0 0 0 0 8 0 0 0 0 0 1 0 0 0 0 0 0 2 0 0 0 0 0 0 0 0 0 0 0 0 0 0 0 0 0 0 0 0 0 0 0 0 0 0 1 3 0 9 46 1 5 0 0 0 0 0 0 0 0 0 0 0 0 0 0 0 0 0 0 1 0 0 0 0 0 9 0 0 0 0 0 0 0 0 1 0 0 0 0 
 146 48 220 176 0 379 76 235 196 71 71 258 70 184 127 316 110 563 54 195 73 79 0 0 0 2 2 80 0 0 0 0 97 1 1 0 0 0 0 0 6 0 2 0 0 0 0 2 0 2 0 0 0 0 0 2 3 0 3 0 0 0 6 0 3 0 0 1 0 2 0 0 0 1 0 0 2 2 2 0 0 12 35 0 45 5 10 26 32 1 18 38 0 1 9 15 43 0 0 0 0 33 3 0 0 0 11 0 10 0 0 0 21 0 31 10 0 0 0 7 0 0 0 0 0 0 0 0 0 0 0 1 0 0 0 0 0 14 3 0 0 0 0 0 0 0 0 0 0 0 0 0 19 0 0 0 0 0 0 0 6 9 0 40 28 16 0 4 1 28 16 41 2 1 15 26 31 31 0 20 5 0 9 0 0 0 0 29 10 0 0 0 44 0 16 0 11 0 31 14 0 0 0 0 0 0 0 0 41 0 0 0 0 0 0 0 0 0 0 0 0 0 0 0 0 0 0 0 0 0 0 16 0 0 0 0 0 0 0 0 0 0 0 0 0 7 16 2 21 6 0 6 15 3 0 0 0 1 0 0 0 0 1 0 0 0 0 0 0 0 0 0 0 0 0 10 9 12 0 0 0 0 0 0 0 0 0 0 0 0 
 125 58 128 53 379 0 49 146 133 45 73 145 32 186 117 204 53 136 44 139 0 3 18 0 6 3 81 26 1 0 78 0 6 1 0 0 72 82 76 0 0 0 3 0 0 0 6 2 0 2 60 0 0 0 0 2 5 2 3 0 0 0 7 0 1 0 0 0 0 2 0 0 0 0 0 2 2 2 2 0 0 8 6 0 0 12 0 0 0 18 0 0 0 0 8 36 7 8 0 0 19 15 14 0 0 0 21 16 17 0 39 0 23 14 49 20 8 10 16 40 0 0 0 0 0 0 0 0 0 0 0 30 0 0 0 0 0 0 0 8 0 0 0 0 0 0 0 0 0 0 0 0 2 0 0 0 0 0 0 0 0 10 0 19 9 7 0 6 0 15 7 19 0 0 10 0 7 0 0 0 23 7 0 0 0 0 2 10 10 15 0 0 12 25 0 15 17 0 0 44 0 0 0 0 0 0 0 0 0 0 0 0 0 0 0 0 0 0 1 0 0 0 0 0 0 0 0 0 0 0 0 0 0 0 0 0 0 0 0 0 0 0 19 0 0 1 12 0 1 9 55 10 0 0 0 0 0 0 85 0 0 0 0 0 0 0 0 0 0 0 0 0 0 0 0 21 11 10 0 0 0 0 0 0 0 0 0 0 0 0 
 92 147 165 123 76 49 0 94 44 39 119 235 300 261 244 158 23 244 243 257 0 2 31 2 0 1 1 3 31 0 0 2 0 0 0 0 1 0 0 2 4 0 2 1 0 0 0 2 0 2 0 0 0 0 0 4 0 0 2 0 0 0 3 0 3 0 2 0 0 3 0 0 0 8 0 9 2 0 1 0 50 27 0 0 0 0 0 12 61 0 0 0 22 0 0 9 22 11 0 20 0 16 0 0 0 0 0 0 0 0 0 0 0 0 0 0 0 0 0 0 0 0 0 0 0 0 0 0 0 0 0 0 0 0 0 0 0 0 0 0 0 5 0 7 0 4 0 0 0 0 0 0 0 0 0 0 0 3 0 0 0 7 23 0 0 0 65 0 0 37 12 18 0 17 11 27 0 0 48 18 0 0 0 0 0 0 0 0 0 0 0 0 0 0 0 0 0 0 0 0 0 0 0 0 0 0 0 0 0 0 0 0 0 0 0 0 0 0 0 2 0 0 0 0 0 0 0 0 0 0 0 0 0 0 0 0 0 0 0 0 0 0 0 0 0 2 2 0 4 2 0 10 0 0 0 0 0 0 0 0 0 0 0 0 0 0 0 0 0 0 0 0 0 0 0 0 0 0 0 0 0 0 0 0 0 0 0 0 0 0 
 216 269 91 171 235 146 94 0 620 142 293 125 98 443 270 339 225 116 88 252 0 65 3 89 0 2 4 3 6 3 0 3 5 0 3 0 0 4 0 3 9 0 9 0 2 0 0 2 2 7 3 0 0 0 0 5 4 66 6 0 4 0 3 0 6 2 3 0 2 3 5 4 0 2 4 0 2 47 4 1 14 40 11 1 15 1 15 48 13 11 0 19 3 84 55 10 25 4 7 0 0 0 0 0 0 0 0 0 0 0 0 0 0 0 0 0 0 0 27 0 0 0 0 0 0 0 1 2 0 0 0 0 0 0 0 2 0 0 0 0 0 0 0 0 0 2 0 0 2 0 0 0 2 0 0 0 0 0 0 0 8 43 19 1 12 7 0 28 18 0 0 22 45 17 50 23 18 9 0 29 0 2 0 0 2 0 0 0 0 0 0 0 2 0 0 0 9 0 16 0 0 0 0 0 0 0 0 0 0 0 0 0 0 0 0 0 0 2 0 0 0 0 0 0 0 0 0 0 0 0 0 0 0 0 0 0 0 0 0 0 0 3 0 0 0 2 216 0 0 0 0 10 0 0 1 0 0 0 22 9 0 0 0 0 0 0 0 0 2 0 0 0 0 0 0 0 0 0 0 0 0 0 0 0 0 0 0 0 0 10 
 356 295 326 188 196 133 44 620 0 596 100 125 71 298 100 620 219 198 76 173 0 63 0 0 0 2 15 4 0 1 0 0 178 0 0 1 1 0 93 0 0 0 2 0 3 0 0 2 0 16 0 0 0 0 1 2 2 0 69 0 0 0 8 0 3 0 1 0 3 2 0 0 0 0 0 0 2 0 69 0 17 0 14 9 24 0 0 78 30 49 13 28 0 0 0 22 15 27 0 0 14 0 0 0 0 0 9 17 0 0 0 0 29 0 4 0 0 0 16 0 0 0 0 0 0 0 0 0 0 0 0 11 0 0 0 0 0 0 0 0 0 0 0 0 0 0 0 0 0 6 0 0 0 0 0 0 0 0 0 0 0 0 0 28 4 21 0 0 42 16 37 4 1 0 0 12 18 30 0 0 15 0 0 0 0 0 0 2 0 0 0 0 37 21 0 0 1 0 20 9 0 0 0 0 0 0 0 0 0 0 0 0 0 0 0 0 0 0 0 0 0 0 7 0 0 9 0 0 0 0 0 0 0 0 0 0 0 0 0 0 0 0 0 0 0 1 0 0 91 5 1 7 8 0 0 19 0 0 2 0 0 0 0 0 0 0 0 0 0 0 0 0 0 0 0 1 23 0 0 0 0 0 0 0 0 0 0 0 0 0 
 30 147 454 207 71 45 39 142 596 0 269 140 46 86 178 348 188 506 68 152 1 0 0 2 0 2 0 80 0 0 0 0 263 75 0 0 206 0 140 0 0 0 2 0 0 0 0 3 0 5 0 0 0 0 0 2 3 0 3 0 0 0 8 0 3 0 0 0 0 2 0 0 0 0 0 0 2 1 2 0 20 3 12 22 62 27 0 16 32 30 9 27 0 65 8 13 2 0 0 0 0 8 0 2 0 0 0 27 8 0 0 0 11 0 0 0 0 0 31 0 0 0 0 0 0 0 0 0 0 0 0 0 0 0 2 0 0 0 0 0 0 0 0 0 0 0 0 10 0 1 0 0 0 0 0 0 0 0 4 0 0 14 9 16 0 49 0 11 30 0 8 0 17 0 0 12 16 24 0 0 12 0 0 0 0 0 0 14 8 0 0 0 13 7 0 0 0 0 0 0 0 0 0 2 0 2 0 0 0 0 0 0 0 0 0 0 0 0 2 0 0 12 0 0 0 0 0 0 20 0 2 0 0 0 0 0 0 0 0 0 0 0 0 0 0 0 2 0 3 2 10 17 9 0 1 0 0 0 0 0 0 0 0 0 0 0 0 0 0 0 2 0 0 0 0 0 0 0 0 0 0 0 0 0 0 0 0 0 0 0 
 304 146 115 69 71 73 119 293 100 269 0 191 69 134 149 119 345 186 80 563 0 0 0 0 0 4 0 3 0 0 0 0 88 21 1 0 0 2 65 0 0 0 3 0 0 0 0 67 0 5 0 0 0 0 0 2 4 0 3 0 0 0 3 0 2 0 0 0 0 2 0 0 0 3 5 26 2 33 1 0 27 27 0 0 26 38 0 21 16 14 1 15 13 21 0 8 98 2 0 0 0 28 0 0 0 0 0 0 11 0 0 0 17 0 0 0 0 0 11 0 0 12 0 0 0 0 0 0 0 0 0 0 0 0 0 0 0 0 0 0 0 0 0 0 0 0 0 0 0 0 0 0 0 0 0 0 0 0 0 0 0 1 0 0 0 0 0 0 35 16 0 19 30 20 1 10 22 0 0 0 36 1 0 0 0 0 34 22 0 0 0 2 0 18 2 5 0 0 13 0 0 0 0 0 0 0 0 0 0 0 0 1 0 0 0 0 0 0 1 7 12 0 0 0 0 0 0 0 0 0 0 0 0 0 0 0 0 0 0 0 0 0 0 0 0 0 1 0 3 0 2 16 0 0 0 0 0 0 0 0 1 0 0 0 0 0 0 0 0 0 0 0 0 0 0 0 0 0 0 0 0 0 0 0 0 0 0 0 0 0 
 223 77 31 304 258 145 235 125 125 140 191 0 43 142 230 577 462 222 30 150 1 0 0 1 0 2 0 3 0 0 0 0 149 0 0 0 0 0 0 0 0 0 2 0 0 0 0 65 1 2 0 0 0 0 0 2 3 1 3 0 0 0 3 0 3 0 1 0 0 2 0 0 0 0 0 0 2 0 1 0 4 10 39 26 51 0 12 0 9 62 19 19 0 20 0 26 30 22 0 0 1 1 0 0 0 0 10 0 0 0 0 0 21 0 13 0 0 0 11 0 0 0 0 0 0 0 0 0 0 1 0 14 2 0 0 0 1 0 0 1 0 0 0 0 0 0 11 0 0 9 0 0 1 0 0 1 0 0 0 0 21 1 0 33 15 5 0 15 14 19 26 18 0 14 27 14 17 18 0 14 0 0 0 0 0 0 0 1 0 0 0 0 6 22 0 0 0 1 44 44 0 0 0 0 13 0 0 0 0 0 0 0 0 0 0 0 0 0 0 0 0 0 0 0 0 0 0 0 0 0 0 0 6 0 0 0 0 0 0 0 0 0 0 0 0 0 5 4 88 0 4 2 0 0 1 0 0 0 0 0 0 0 14 0 0 0 0 0 0 0 0 0 0 0 0 23 2 9 0 0 0 0 0 0 0 0 0 0 0 0 
 127 507 157 41 70 32 300 98 71 46 69 43 0 286 157 263 34 117 192 62 0 0 0 37 2 3 0 3 2 3 2 7 0 0 0 0 0 1 0 0 2 0 3 0 0 0 2 2 0 2 0 0 0 0 2 2 2 34 3 1 0 0 3 0 1 0 0 0 0 2 0 0 0 7 0 8 2 0 1 3 19 2 0 4 0 0 0 11 0 0 0 0 16 0 0 1 22 14 23 30 0 0 0 0 0 0 0 0 0 0 0 1 0 0 0 0 0 0 16 0 0 0 0 0 0 0 0 0 0 0 0 0 0 0 0 0 0 0 0 0 0 0 0 6 2 21 0 0 0 0 0 0 0 0 0 0 0 0 0 0 0 0 20 0 0 0 23 2 0 42 0 11 0 20 10 23 0 0 29 19 0 0 0 0 0 0 0 0 0 0 0 0 0 0 0 0 0 0 0 0 0 0 0 0 0 0 0 0 0 0 0 0 0 0 0 0 0 0 0 22 0 0 0 0 0 0 0 0 0 11 0 0 0 0 0 1 0 2 0 0 0 0 0 0 0 2 0 2 2 0 1 10 0 0 0 0 0 0 0 0 0 0 0 0 0 0 0 0 0 0 0 0 0 0 0 0 0 0 0 0 0 0 0 0 0 0 0 0 0 0 
 152 331 52 123 184 186 261 443 298 86 134 142 286 0 160 261 153 421 99 113 0 0 0 0 204 3 0 3 0 0 0 204 0 0 0 0 0 0 0 0 6 0 3 0 0 0 0 2 0 2 0 0 0 0 0 2 3 0 3 0 0 0 3 0 2 0 0 0 0 2 0 0 0 4 0 4 2 0 0 0 0 25 20 0 1 0 9 41 32 0 0 0 15 12 21 0 36 0 1 23 0 1 0 0 0 0 0 0 0 0 0 0 0 0 0 0 0 0 0 0 0 0 0 0 0 0 0 0 0 0 0 2 0 0 0 0 0 0 0 0 0 2 0 0 0 0 0 0 0 0 0 0 0 0 0 0 0 0 0 0 27 29 11 0 16 0 10 24 14 14 28 36 10 0 25 12 27 10 14 37 0 0 0 0 0 2 0 0 0 0 0 1 10 0 0 0 18 0 23 0 0 0 0 0 0 0 0 0 0 0 0 0 0 0 0 0 0 0 0 0 0 0 0 0 0 0 0 0 0 0 0 0 2 0 0 0 0 0 0 0 0 0 0 0 0 0 91 0 2 2 0 3 0 0 0 0 0 0 0 0 0 0 2 0 0 0 6 0 0 0 0 0 0 0 0 3 0 0 0 0 0 0 0 0 0 0 0 0 0 0 
 56 141 240 114 127 117 244 270 100 178 149 230 157 160 0 70 120 374 408 317 0 3 0 0 2 2 0 5 3 0 0 26 88 0 0 115 0 0 85 0 8 0 2 0 0 0 0 41 0 2 0 0 3 0 0 4 6 2 3 0 0 0 5 0 3 0 0 0 0 52 0 0 0 0 2 0 2 1 0 0 20 6 40 12 21 0 31 10 14 27 16 14 0 57 30 0 25 44 15 15 0 1 0 0 0 0 0 0 0 0 0 0 20 0 0 0 2 0 20 0 2 0 0 0 0 0 0 0 0 0 0 12 14 0 0 0 0 0 0 0 0 0 0 0 0 4 0 0 0 0 0 0 0 0 0 0 0 1 0 1 8 34 48 1 18 0 2 41 18 11 1 7 14 0 8 11 10 7 20 26 0 0 0 8 0 0 0 0 0 0 0 0 0 10 0 0 0 0 26 0 0 0 0 0 0 0 0 0 0 0 0 0 0 0 0 0 0 0 0 0 0 0 0 0 0 0 0 0 0 0 0 0 0 0 0 0 0 0 0 0 0 0 0 0 0 2 4 0 1 0 14 16 0 0 2 0 0 0 0 0 0 0 0 0 0 0 0 0 0 0 0 0 0 0 0 0 0 0 0 0 0 0 0 0 0 0 0 0 0 0 
 330 352 279 247 316 204 158 339 620 348 119 577 263 261 70 0 261 41 251 245 2 0 0 0 8 2 77 3 0 0 4 0 130 94 0 0 0 73 79 2 2 0 3 0 0 0 0 2 3 2 0 0 0 67 0 2 3 0 3 0 0 0 9 0 2 0 0 0 0 2 0 0 0 0 0 0 2 0 1 3 17 15 11 26 28 0 0 11 0 34 10 70 1 0 7 11 5 36 0 7 0 11 0 0 0 0 57 0 0 0 2 0 22 1 6 0 0 0 22 2 0 0 0 0 1 0 0 0 2 0 0 12 0 0 0 0 0 0 0 0 0 0 0 0 0 0 1 0 0 2 0 0 6 0 0 0 0 0 0 0 0 10 14 62 7 9 16 0 25 53 14 13 14 0 0 15 5 19 0 1 0 0 0 0 0 0 0 3 2 0 0 0 26 18 0 7 0 0 21 10 0 0 0 0 0 0 0 0 0 0 1 0 2 0 0 0 0 0 0 0 0 0 0 0 0 1 1 0 0 0 0 0 0 0 0 0 0 0 0 0 0 14 0 0 0 0 1 0 93 88 2 11 13 0 0 0 0 0 0 0 0 0 0 0 0 0 0 0 0 0 0 0 0 0 0 0 19 33 0 0 0 0 0 0 0 0 0 0 0 0 
 212 26 213 39 110 53 23 225 219 188 345 462 34 153 120 261 0 324 44 228 0 0 0 0 0 2 2 3 0 0 0 0 80 0 0 0 0 0 0 0 0 0 2 0 0 0 0 2 0 2 0 0 0 0 0 2 2 2 3 2 0 0 7 0 3 0 0 0 0 2 0 0 0 0 0 0 2 2 2 0 17 1 23 0 44 0 1 74 36 11 0 7 6 1 0 23 18 24 0 0 16 0 0 0 0 0 1 0 0 0 0 0 65 0 11 0 0 0 0 20 0 0 0 0 0 0 0 0 0 0 1 14 0 0 0 0 2 0 0 0 0 0 0 0 0 0 2 2 0 0 0 0 0 0 0 0 0 0 0 0 0 1 0 28 14 18 0 0 0 23 13 14 0 14 0 18 55 45 0 1 0 0 0 0 0 0 0 0 0 0 0 1 49 13 0 0 9 0 22 14 1 0 0 0 0 0 0 0 0 0 0 0 0 0 0 0 0 0 0 0 0 0 0 0 0 0 0 0 0 0 0 0 0 0 0 0 0 0 0 0 0 0 0 0 0 0 1 0 2 4 18 12 10 0 0 0 0 0 0 0 0 0 11 0 0 0 0 0 0 0 0 0 0 0 0 0 29 0 0 0 0 0 0 0 0 0 0 0 0 0 
 126 253 293 377 563 136 244 116 198 506 186 222 117 421 374 41 324 0 116 241 1 3 0 2 3 4 3 3 5 3 0 1 35 2 0 0 207 5 35 0 0 2 4 0 0 0 2 66 3 5 0 0 0 0 2 2 2 73 2 0 0 2 5 0 6 0 4 3 0 10 0 0 33 0 3 0 4 5 2 0 16 10 54 38 17 0 13 25 26 15 14 1 46 2 16 27 34 23 0 0 4 0 0 0 0 0 13 0 0 0 1 0 24 0 0 0 13 0 1 0 0 0 0 0 1 2 0 0 15 0 0 14 0 0 0 0 0 0 0 0 0 0 0 2 0 0 0 0 0 0 0 0 1 0 0 0 0 0 0 0 10 25 15 4 2 1 0 10 0 7 0 11 4 14 22 25 21 6 0 18 0 0 0 0 0 0 0 0 1 0 0 0 0 10 0 2 0 0 38 8 0 0 0 0 0 0 0 0 0 0 0 0 0 0 0 0 0 0 0 1 0 0 2 0 0 2 0 0 0 0 0 0 2 0 0 0 0 0 0 0 0 0 0 0 0 5 5 0 1 3 14 0 0 0 0 0 0 0 0 0 0 0 16 0 0 0 0 0 0 0 0 0 0 0 0 0 0 1 0 0 0 0 0 0 0 0 0 0 0 0 
 345 127 244 64 54 44 243 88 76 68 80 30 192 99 408 251 44 116 0 70 2 0 1 0 0 2 0 4 0 0 0 1 0 1 0 1 3 0 0 0 0 3 2 0 1 0 0 2 0 2 0 0 0 0 0 2 3 0 3 0 0 0 4 0 3 0 32 0 0 2 0 0 0 6 0 6 2 0 1 0 11 0 0 0 0 0 0 3 0 0 0 0 19 0 0 3 18 16 38 20 0 0 0 0 0 0 0 0 0 0 0 0 0 0 0 0 0 0 0 0 0 0 0 0 0 0 0 2 0 0 0 0 0 0 0 0 0 0 0 0 0 0 2 5 0 12 0 0 2 10 0 2 0 0 0 0 0 12 0 0 0 0 61 0 0 0 50 0 0 21 0 9 1 0 15 0 0 0 29 0 0 2 0 0 2 0 0 0 0 17 0 0 2 0 0 0 0 0 1 0 0 1 12 0 0 0 0 0 0 0 0 0 0 0 0 6 0 2 0 11 0 0 0 13 0 0 0 0 0 0 0 0 4 0 0 0 0 0 0 0 0 0 0 0 0 2 0 0 1 0 0 8 0 0 0 0 0 0 0 0 0 0 0 0 0 0 0 0 0 0 0 0 0 0 0 0 0 0 0 0 0 0 0 0 0 0 0 0 0 0 
 233 309 33 74 195 139 257 252 173 152 563 150 62 113 317 245 228 241 70 0 0 0 0 0 0 2 2 3 0 0 0 0 0 0 0 0 0 0 0 0 8 0 2 0 0 0 0 2 0 2 0 2 0 0 0 2 3 0 4 0 0 0 3 0 3 0 0 0 0 2 0 0 0 0 0 0 2 52 1 1 19 29 17 52 23 0 1 29 12 38 12 25 43 46 46 13 17 14 0 10 0 18 0 0 0 0 0 0 0 1 0 0 0 0 0 0 0 0 37 0 0 0 0 0 0 0 0 1 0 0 0 0 0 0 0 0 0 0 0 0 0 0 0 0 0 0 0 0 1 0 0 0 0 0 0 0 0 0 0 0 14 20 0 17 28 6 0 10 11 0 0 32 25 23 57 36 19 0 2 1 0 0 0 0 15 0 0 0 0 0 0 0 1 0 0 0 11 0 15 0 0 0 0 0 0 0 0 0 0 0 0 0 0 0 0 0 0 0 0 0 0 0 0 0 0 0 0 0 0 0 0 0 0 0 0 0 0 0 0 0 0 24 0 0 0 0 101 0 1 0 0 3 0 0 0 0 0 0 0 0 0 0 0 0 0 0 0 0 0 0 0 0 0 0 0 11 0 0 0 0 0 0 0 0 0 1 0 0 0 0 
 0 0 0 81 73 0 0 0 0 1 0 1 0 0 0 2 0 1 2 0 0 82 85 344 103 45 333 67 142 89 211 149 208 431 330 243 198 209 29 218 2 1 0 7 1 8 0 0 0 63 65 3 0 0 0 9 0 0 0 0 0 0 0 6 0 53 0 0 0 0 3 0 1 0 0 0 0 1 0 3 0 0 0 0 0 20 0 0 0 0 28 16 0 0 0 0 0 1 0 0 26 11 23 44 0 18 9 10 0 0 22 1 20 93 13 28 26 9 16 18 0 0 0 0 0 0 1 0 0 0 0 0 18 0 0 0 0 0 0 10 0 2 0 0 0 0 0 0 0 0 0 0 0 0 0 0 0 0 0 0 0 0 0 2 40 5 0 4 0 11 12 4 0 0 0 0 0 15 0 0 15 20 22 14 0 31 35 28 8 37 7 0 14 25 40 39 30 3 24 9 0 0 0 0 0 0 0 2 0 18 0 0 0 0 0 0 0 0 0 0 0 0 0 0 0 0 0 0 0 0 0 0 0 0 0 0 0 0 0 0 0 0 0 0 0 0 0 0 73 0 0 0 0 2 9 0 2 0 77 2 4 0 0 0 0 21 0 0 0 0 0 0 0 0 0 0 0 0 0 0 0 21 0 0 0 0 0 0 0 0 
 9 0 0 74 79 3 2 65 63 0 0 0 0 0 3 0 0 3 0 0 82 0 333 167 255 29 484 177 255 95 35 205 272 109 142 293 354 60 33 63 3 2 2 0 0 2 1 5 0 2 3 66 0 0 2 2 3 0 129 0 0 0 2 0 0 0 0 0 0 2 2 47 0 0 0 2 3 3 2 4 0 0 0 0 0 12 0 0 0 0 0 0 0 0 0 0 0 0 0 0 8 5 37 52 19 11 0 0 34 19 15 16 0 11 31 19 10 52 0 19 0 0 0 0 0 0 2 0 0 0 0 0 37 0 11 0 0 0 0 0 0 0 0 0 0 0 0 0 4 0 0 0 0 0 0 0 0 0 0 0 0 0 0 0 0 0 0 0 0 0 0 0 0 0 0 0 0 0 0 0 13 18 12 14 12 0 0 1 10 49 14 26 0 0 0 0 13 19 0 0 14 0 0 0 5 0 2 16 0 0 0 0 27 25 0 0 0 0 17 14 0 0 0 0 0 0 0 0 0 0 0 0 0 0 0 0 0 0 0 0 0 0 0 0 0 0 0 0 0 74 0 0 0 0 3 0 2 0 0 2 0 11 0 0 0 1 11 0 0 0 0 0 0 0 0 0 0 0 0 0 0 0 0 0 0 20 0 0 0 0 
 0 0 0 0 0 18 31 3 0 0 0 0 0 0 0 0 0 0 1 0 85 333 0 262 215 76 243 78 225 77 142 120 73 36 74 113 103 71 26 39 6 2 2 0 0 2 0 2 0 0 5 3 33 73 0 0 3 0 127 68 0 0 0 0 0 0 0 0 0 0 2 0 0 0 0 0 0 0 0 3 0 1 0 0 0 0 0 0 0 0 0 0 0 0 0 0 0 0 0 0 9 6 0 35 19 61 6 0 0 27 22 35 0 2 42 9 20 75 0 12 0 2 0 0 0 0 0 11 0 0 0 0 19 0 23 0 0 0 9 8 0 0 0 0 0 0 0 0 3 0 0 0 0 0 0 0 0 0 0 0 0 0 0 0 11 0 0 0 0 0 0 1 0 0 0 0 0 0 0 0 17 21 11 0 9 2 0 0 12 22 9 18 0 0 0 13 0 12 0 6 1 3 0 0 0 0 49 0 2 0 0 0 1 1 0 0 0 43 14 1 0 0 0 0 0 0 0 0 0 0 0 0 0 0 0 0 0 0 0 0 0 0 0 0 0 0 0 0 0 0 0 0 0 0 8 0 0 95 75 0 10 16 0 0 0 0 0 0 0 0 0 0 0 0 0 0 0 0 0 0 0 1 0 0 0 0 9 0 0 0 
 2 0 0 0 0 0 2 89 0 2 0 1 37 0 0 0 0 2 0 0 344 167 262 0 120 198 424 178 338 333 321 642 473 159 364 340 50 324 163 461 3 1 207 1 0 2 0 75 1 0 3 3 65 0 3 64 0 1 57 0 0 0 3 0 0 1 0 0 0 0 3 0 0 0 0 0 0 0 0 3 0 0 0 0 0 2 0 0 0 0 0 0 0 0 0 0 0 0 0 0 34 6 0 23 20 10 0 12 20 41 19 6 0 14 10 8 11 8 0 32 9 0 0 0 0 0 0 0 0 0 0 0 0 22 18 0 0 0 20 0 0 0 0 0 0 0 0 0 0 0 0 0 0 0 0 0 0 0 0 0 0 0 0 0 0 0 0 0 0 22 0 3 14 0 0 0 0 0 2 6 37 0 0 7 22 22 9 24 39 13 1 11 13 0 11 6 3 29 13 0 19 1 0 0 0 0 0 1 0 0 0 0 0 0 0 0 0 0 14 0 0 0 0 0 0 0 0 1 0 0 0 0 0 0 0 0 0 0 0 1 0 0 0 0 0 0 0 0 0 0 0 0 0 0 14 1 1 0 2 0 17 10 0 0 0 0 0 0 0 0 0 0 0 0 0 0 0 0 0 0 0 23 0 0 2 1 0 0 0 0 
 0 0 0 0 0 6 0 0 0 0 0 0 2 204 2 8 0 3 0 0 103 255 215 120 0 142 70 87 85 601 180 354 72 82 127 92 61 192 75 284 68 2 64 0 0 2 2 0 0 0 3 3 0 29 63 8 0 0 20 27 0 0 0 0 44 0 0 0 0 0 2 0 0 0 0 0 0 3 2 11 0 0 0 0 0 0 2 0 0 0 0 2 0 0 0 0 0 0 0 0 7 6 18 19 1 72 0 1 0 25 17 1 0 22 20 0 11 36 0 0 0 62 13 0 0 0 12 1 0 20 0 0 23 28 1 19 0 0 22 50 0 0 0 0 2 0 0 0 0 0 0 1 0 0 2 0 0 1 0 0 0 0 0 0 0 0 0 0 0 5 20 0 0 0 0 2 0 0 0 0 10 8 17 0 41 0 0 9 0 43 0 30 0 0 21 0 15 8 0 0 16 12 0 0 12 0 0 0 0 4 0 8 0 14 0 21 74 0 55 0 0 0 0 2 0 0 0 0 0 0 0 0 0 0 0 0 0 0 0 0 0 0 15 0 0 0 0 0 0 0 0 0 0 0 10 3 1 2 75 2 2 11 0 0 0 0 0 0 0 0 0 0 0 0 0 0 1 0 0 0 0 36 0 0 0 1 0 0 0 0 
 2 1 3 1 2 3 1 2 2 2 4 2 3 3 2 2 2 4 2 2 45 29 76 198 142 0 106 62 142 190 67 166 238 75 53 299 366 91 47 52 4 2 0 0 1 2 92 3 63 86 5 3 0 0 2 0 0 61 0 0 0 3 0 0 0 0 2 0 2 0 3 0 41 0 0 0 1 2 1 3 0 0 0 0 0 0 0 0 0 0 0 0 0 0 0 0 0 1 0 0 8 1 0 0 23 50 12 0 0 25 20 0 0 4 12 0 0 8 0 0 33 0 18 9 0 0 28 68 0 10 9 3 6 15 25 15 10 0 0 14 0 0 0 0 0 0 0 0 4 0 0 0 0 0 0 0 0 0 0 0 0 3 0 0 0 0 0 0 0 2 0 0 0 1 0 0 0 0 0 0 18 0 25 6 0 8 0 0 0 10 0 29 0 0 0 0 0 0 0 0 1 18 17 0 0 12 42 0 40 0 21 0 12 24 10 26 19 0 0 6 0 0 0 0 0 0 0 0 0 0 0 0 0 0 0 0 0 0 0 0 0 0 0 0 0 1 0 0 0 0 0 0 0 0 10 0 1 78 0 0 2 11 0 0 0 9 0 0 0 0 0 2 0 3 0 0 0 0 0 0 0 1 0 0 1 0 24 8 0 0 
 0 0 0 54 2 81 1 4 15 0 0 0 0 0 0 77 2 3 0 2 333 484 243 424 70 106 0 360 172 119 329 92 191 163 62 83 58 146 181 221 2 1 203 1 0 2 0 1 1 0 3 3 12 0 0 0 2 0 0 0 0 0 5 0 0 0 0 0 0 1 3 0 0 0 0 0 0 10 2 3 14 0 0 0 20 18 0 0 50 0 0 2 0 0 0 0 0 0 0 0 20 22 5 13 0 10 9 0 10 9 16 0 19 47 10 12 0 9 35 11 0 0 0 0 0 0 0 0 0 0 1 0 0 0 0 11 0 0 0 0 1 0 0 0 0 0 0 0 0 0 0 0 0 0 0 0 0 0 0 0 0 0 0 2 0 10 0 0 0 0 0 0 0 0 0 9 0 0 0 0 32 0 14 0 10 0 18 9 28 15 0 25 0 12 17 11 0 0 0 26 0 0 0 0 0 0 0 0 0 8 0 0 0 0 0 0 0 0 0 0 0 0 6 0 0 8 0 8 0 0 0 0 0 0 0 0 0 0 0 0 0 0 0 0 0 0 0 0 0 84 0 0 0 0 17 2 2 0 1 2 2 10 0 0 0 0 0 0 0 0 0 0 0 0 0 0 0 0 0 0 0 11 0 0 0 0 0 0 0 0 
 3 3 3 3 80 26 3 3 4 80 3 3 3 3 5 3 3 3 4 3 67 177 78 178 87 62 360 0 173 39 269 38 100 85 165 52 37 285 139 130 3 2 0 0 1 2 0 64 1 1 3 5 0 0 0 10 22 22 0 0 0 0 0 0 0 0 0 0 0 0 3 0 0 0 0 0 45 0 0 3 0 0 0 0 0 20 0 0 0 0 0 1 0 0 0 0 0 0 0 0 29 0 28 0 0 0 0 5 28 0 2 16 12 14 11 2 0 27 19 47 0 0 0 2 0 0 0 0 0 0 1 0 9 1 0 0 0 0 0 16 0 0 0 0 0 0 0 13 0 0 0 0 0 0 0 0 0 0 7 0 0 0 2 8 0 25 0 8 0 0 0 0 0 0 0 0 0 24 0 0 35 0 3 0 0 0 8 14 24 3 0 18 33 0 18 0 5 0 57 0 0 0 0 0 0 0 0 0 0 0 0 0 0 0 0 0 0 1 11 0 2 0 0 0 0 0 0 0 0 2 0 0 0 0 0 0 0 0 0 0 0 0 14 0 0 0 0 0 0 0 0 0 0 0 5 2 0 0 0 3 1 0 0 0 0 0 0 1 0 0 0 0 0 0 0 0 0 0 0 0 0 0 0 0 0 0 0 0 0 0 
 0 0 2 0 0 1 31 6 0 0 0 0 2 0 3 0 0 5 0 0 142 255 225 338 85 142 172 173 0 334 209 219 95 101 83 146 77 194 245 225 4 3 1 4 2 2 1 6 0 0 4 5 69 0 4 2 2 0 1 0 2 6 0 0 0 0 2 3 3 0 3 0 1 0 0 0 5 2 4 5 0 0 1 0 0 22 0 0 0 0 1 0 0 0 0 0 2 0 0 0 19 18 0 14 0 10 11 17 0 34 20 32 0 58 24 0 1 9 10 15 0 0 0 0 7 0 0 0 0 0 0 0 0 7 9 0 0 2 3 0 0 0 0 0 0 0 0 0 0 0 0 0 0 0 0 0 0 0 0 0 1 0 4 0 0 0 0 0 0 0 0 0 0 0 0 0 1 1 0 0 31 0 0 7 17 0 15 18 0 38 0 11 0 13 1 9 0 8 8 0 28 1 0 0 0 0 0 7 0 0 0 0 0 0 0 0 0 0 0 18 0 0 0 0 0 0 0 0 0 0 0 0 0 0 0 2 2 0 0 0 0 0 0 0 0 0 0 0 0 0 0 0 0 0 5 0 0 0 1 2 38 10 0 0 0 0 0 0 0 0 2 0 0 18 0 0 0 0 0 0 0 15 0 0 0 0 0 0 0 0 
 0 0 0 0 0 0 0 3 1 0 0 0 3 0 0 0 0 3 0 0 89 95 77 333 601 190 119 39 334 0 209 266 53 77 176 146 51 109 59 406 209 3 0 3 0 2 0 13 206 3 3 3 2 3 1 50 0 0 132 0 0 1 0 0 0 0 0 0 0 0 2 3 0 0 0 0 0 3 0 3 0 0 0 0 0 0 1 0 0 0 0 1 0 0 0 0 0 0 0 0 22 0 21 64 39 3 0 9 0 61 19 0 0 0 5 13 64 21 0 1 0 0 0 0 0 0 0 0 0 2 0 0 19 4 23 0 0 0 0 0 0 0 0 0 0 0 0 5 6 0 0 2 11 0 1 0 0 12 0 0 0 9 0 0 0 0 0 0 0 0 0 4 0 0 0 0 0 0 0 0 17 13 18 13 13 28 11 4 0 22 2 37 14 9 31 14 14 19 18 0 11 1 0 0 0 0 4 0 0 0 0 0 0 10 0 0 0 0 28 0 0 0 0 0 0 0 0 0 0 0 0 0 0 0 0 0 0 0 0 0 0 0 0 0 0 0 0 0 0 0 0 0 0 0 12 1 2 0 0 2 0 4 0 0 0 0 0 0 0 0 0 0 0 0 0 0 2 0 0 0 0 0 0 0 0 16 0 0 0 0 
 0 0 0 0 0 78 0 0 0 0 0 0 2 0 0 4 0 0 0 0 211 35 142 321 180 67 329 269 209 209 0 164 41 40 78 179 328 92 45 247 3 3 0 4 2 2 0 65 0 1 3 3 85 65 0 58 1 56 65 69 0 0 0 2 0 0 1 3 0 0 2 0 0 0 2 0 1 3 34 3 0 0 1 0 0 0 8 0 0 0 0 0 0 0 0 0 2 0 0 0 22 4 0 8 0 13 1 0 0 12 15 24 0 48 31 23 19 31 0 9 0 0 0 0 1 0 2 18 0 0 0 0 0 0 7 0 0 2 10 11 0 0 0 0 0 0 0 0 3 0 0 0 0 0 0 0 0 0 0 0 1 0 0 1 0 0 0 0 0 0 0 0 0 0 0 0 1 0 0 0 16 8 24 0 36 34 15 10 12 23 10 8 11 0 8 4 0 13 0 59 0 23 0 0 0 0 0 0 0 15 0 0 9 13 0 0 0 21 1 1 0 0 0 0 0 0 0 0 0 0 0 0 0 0 0 2 2 0 0 0 0 0 11 0 0 0 0 0 0 0 0 0 0 0 25 6 2 5 6 0 8 18 0 0 0 0 0 0 0 0 0 0 0 0 0 0 0 0 0 0 0 2 0 0 0 0 0 0 0 0 
 0 0 0 0 0 0 2 3 0 0 0 0 7 204 26 0 0 1 1 0 149 205 120 642 354 166 92 38 219 266 164 0 253 51 41 39 170 155 35 281 4 6 0 0 0 3 0 25 0 0 3 3 31 0 0 0 0 3 63 0 0 0 0 0 1 0 0 0 0 2 2 0 0 0 1 0 1 0 2 3 0 0 0 0 0 0 0 0 0 0 0 0 0 0 0 0 2 0 0 0 40 11 4 31 1 9 0 13 8 14 71 26 0 25 10 14 12 5 0 1 0 0 0 0 0 0 0 0 0 0 0 0 27 8 22 0 0 2 0 0 0 0 0 0 0 0 0 0 0 0 0 0 0 0 8 0 0 0 0 0 1 0 0 0 0 0 0 0 2 0 0 0 0 0 0 0 0 0 0 0 14 0 39 43 21 23 27 19 48 30 0 16 12 0 11 16 22 30 0 0 2 0 0 0 0 0 0 0 0 0 0 0 0 0 0 0 0 0 0 2 0 0 0 0 0 0 0 0 0 0 0 0 0 0 0 0 2 0 0 0 0 0 0 0 0 0 0 0 0 0 0 0 0 0 17 30 0 0 0 2 19 9 0 0 0 0 0 0 0 0 1 0 0 0 0 0 0 0 0 0 0 16 0 0 0 8 0 0 0 0 
 0 0 99 128 97 6 0 5 178 263 88 149 0 0 88 130 80 35 0 0 208 272 73 473 72 238 191 100 95 53 41 253 0 226 57 255 41 32 241 77 2 3 0 62 0 2 0 64 0 2 5 3 0 0 0 0 0 0 0 0 66 0 6 0 0 0 0 0 0 0 2 0 0 0 0 0 0 2 1 3 0 10 28 43 29 21 0 0 0 34 26 32 0 0 0 22 15 20 0 0 0 59 0 0 1 0 58 0 10 0 0 0 11 0 7 0 21 0 20 0 0 0 27 0 0 0 0 0 0 0 0 1 0 0 0 0 0 0 0 0 0 0 1 0 0 0 0 0 0 6 0 0 0 0 0 0 0 0 0 0 0 0 0 27 13 12 0 16 32 16 15 9 9 0 6 13 7 70 0 0 64 0 0 0 0 0 11 26 1 0 0 0 23 21 29 1 0 0 19 21 0 0 0 0 0 0 0 0 0 0 0 0 0 0 0 0 0 0 0 0 0 0 0 0 0 0 0 0 0 0 0 0 0 0 2 0 0 0 0 0 0 0 0 0 0 0 0 0 21 75 0 0 13 0 95 0 3 0 0 2 0 2 0 0 0 0 0 0 0 0 0 0 0 0 0 1 9 0 0 0 0 0 0 0 1 0 0 0 0 0 
 0 0 0 76 1 1 0 0 0 75 21 0 0 0 0 94 0 2 1 0 431 109 36 159 82 75 163 85 101 77 40 51 226 0 590 35 210 258 296 189 2 2 0 0 1 2 0 1 24 3 4 3 0 0 0 0 1 0 0 0 0 0 4 0 0 0 0 0 0 0 4 0 0 0 0 0 0 0 2 3 0 0 0 0 12 92 0 0 11 0 0 0 0 0 0 0 0 0 0 0 13 14 10 2 1 0 1 12 48 0 17 1 32 10 1 32 0 0 16 17 0 0 0 0 0 0 1 0 0 0 0 0 0 0 0 0 0 0 0 0 0 1 0 0 0 0 0 2 0 0 0 0 1 0 0 0 0 0 1 0 0 0 0 0 10 12 0 0 11 1 0 2 0 0 0 0 0 0 0 0 27 0 32 21 0 0 8 20 29 2 0 10 0 18 13 61 14 0 0 27 0 0 0 0 0 0 0 0 0 0 0 0 0 0 0 0 0 0 0 0 0 0 0 0 0 0 0 0 0 0 0 15 0 0 0 0 0 0 0 0 0 0 0 0 0 0 0 0 0 71 0 0 0 1 7 0 0 0 0 2 1 0 1 0 0 0 0 0 0 0 0 0 0 0 0 0 0 0 0 0 0 0 0 0 0 1 0 0 0 0 
 0 0 0 3 1 0 0 3 0 0 1 0 0 0 0 0 0 0 0 0 330 142 74 364 127 53 62 165 83 176 78 41 57 590 0 210 234 160 70 172 2 1 2 2 0 4 0 0 2 0 3 4 0 0 0 78 1 0 130 0 0 0 0 0 0 0 0 0 0 0 3 0 0 0 0 0 0 0 2 3 0 0 0 0 0 13 0 0 15 0 0 0 0 0 0 0 0 0 0 1 0 0 64 59 7 8 0 20 42 22 46 8 7 13 11 62 0 33 10 10 0 0 0 0 0 0 0 0 0 0 0 0 23 0 9 0 0 0 0 0 0 0 0 0 0 0 0 1 0 0 0 8 0 0 0 0 0 0 2 0 0 0 0 0 16 14 0 0 0 0 0 17 0 0 0 0 0 1 0 0 0 11 24 67 0 19 0 0 20 20 20 0 0 11 11 46 77 1 0 0 3 0 0 2 0 2 0 36 0 0 0 0 11 11 0 1 0 0 20 17 0 0 0 0 0 0 0 0 0 0 0 0 0 0 0 0 0 0 0 0 0 0 11 0 0 0 0 0 0 0 0 0 0 0 14 0 0 0 2 0 1 0 0 0 0 0 11 0 0 0 0 0 0 0 0 0 0 0 0 0 0 21 0 0 0 11 0 0 0 0 
 3 1 0 0 0 0 0 0 1 0 0 0 0 0 115 0 0 0 1 0 243 293 113 340 92 299 83 52 146 146 179 39 255 35 210 0 468 133 263 51 3 2 0 0 1 2 0 0 0 0 7 3 62 0 0 14 2 0 143 69 0 0 0 0 0 2 0 0 0 26 2 0 0 0 0 0 0 3 2 3 0 0 0 0 0 0 0 0 0 0 0 0 0 0 0 0 0 0 0 0 0 0 34 13 41 13 0 0 28 31 2 37 0 0 0 6 32 30 0 0 19 1 10 0 0 0 11 1 0 0 0 0 16 1 14 0 0 0 0 2 0 0 0 0 0 0 0 0 0 0 0 0 0 0 0 0 14 0 0 0 0 0 2 2 0 0 0 0 0 0 0 0 0 0 0 0 0 0 0 0 0 24 1 27 7 16 7 0 8 24 42 9 0 0 18 0 12 33 0 0 9 0 0 0 1 0 33 15 0 4 0 0 23 31 1 0 0 1 24 0 2 0 0 0 0 0 0 8 0 0 0 0 0 0 0 1 0 0 0 0 0 0 14 0 0 0 0 0 0 0 0 0 0 0 7 0 0 77 0 0 29 0 0 0 0 0 12 0 0 0 0 0 0 0 0 0 0 0 0 0 0 0 0 0 0 4 0 0 0 0 
 2 0 3 1 0 72 1 0 1 206 0 0 0 0 0 0 0 207 3 0 198 354 103 50 61 366 58 37 77 51 328 170 41 210 234 468 0 138 258 122 3 3 0 0 0 2 0 0 0 0 3 3 0 0 0 0 1 0 64 0 0 0 0 2 0 0 64 0 0 0 2 0 0 0 0 0 0 35 2 3 0 0 0 0 0 16 0 0 0 0 0 0 0 0 0 0 0 2 0 0 7 0 43 16 41 0 0 21 52 0 47 0 18 24 7 79 8 23 0 10 0 0 0 0 0 0 9 0 0 0 0 0 17 0 10 0 0 0 0 8 0 0 0 0 0 0 0 0 0 0 0 0 0 0 0 0 0 0 1 0 0 0 0 0 13 0 0 0 0 0 0 2 0 0 0 0 0 0 0 0 21 26 47 51 0 19 46 0 22 17 20 0 0 25 7 21 34 51 0 28 0 0 2 0 0 0 0 5 0 0 0 0 0 0 0 0 0 0 1 15 0 0 0 0 0 0 0 0 0 0 0 0 0 0 0 0 0 0 0 0 0 0 0 0 0 0 0 0 0 0 0 0 0 0 6 1 0 0 0 2 78 1 0 0 0 0 15 0 0 0 0 1 0 0 0 0 0 0 0 0 0 1 0 0 0 17 0 0 0 0 
 0 0 1 1 0 82 0 4 0 0 2 0 1 0 0 73 0 5 0 0 209 60 71 324 192 91 146 285 194 109 92 155 32 258 160 133 138 0 127 263 2 2 0 0 0 2 0 0 0 0 3 3 0 1 0 8 0 0 0 0 0 0 2 0 0 0 0 0 0 0 2 0 0 0 0 0 0 0 2 3 0 0 1 0 15 23 0 0 0 0 0 1 0 0 0 0 0 14 0 0 46 22 20 12 0 23 21 13 0 9 33 0 3 21 15 0 2 45 18 10 0 0 0 0 0 0 0 0 0 0 0 0 10 0 6 0 0 0 0 0 0 0 0 0 0 0 0 0 6 0 0 0 0 0 0 0 0 0 0 0 2 0 0 3 0 16 0 4 0 0 0 0 0 0 0 0 0 0 0 0 33 14 27 0 0 0 33 22 14 32 10 30 9 12 32 29 16 10 7 1 0 0 0 0 0 0 0 0 0 0 0 0 0 20 0 0 1 0 5 0 0 0 0 0 0 0 0 0 0 0 0 0 0 0 0 0 0 0 0 0 0 0 13 0 0 0 0 0 0 0 0 0 0 0 5 0 0 4 1 0 1 7 0 0 0 0 0 0 0 0 0 0 0 0 0 0 0 0 0 0 0 18 0 0 0 0 0 0 0 0 
 0 0 24 356 0 76 0 0 93 140 65 0 0 0 85 79 0 35 0 0 29 33 26 163 75 47 181 139 245 59 45 35 241 296 70 263 258 127 0 162 2 2 0 0 0 2 0 64 0 1 5 3 0 0 0 0 1 1 0 0 0 0 1 0 0 0 0 0 0 0 3 0 0 0 0 0 0 0 0 3 0 10 14 41 14 25 13 0 0 0 13 0 0 0 0 9 15 0 0 0 19 10 0 0 0 0 35 22 31 0 0 9 12 43 2 1 21 0 38 21 0 0 0 0 0 0 2 0 10 0 0 0 0 0 0 0 0 0 0 0 0 0 0 0 0 0 0 20 0 0 0 0 2 0 0 0 0 0 6 0 0 0 0 16 4 50 0 0 33 2 0 1 9 0 6 0 0 9 0 0 39 0 0 0 0 0 18 13 30 1 0 9 17 29 1 2 0 0 11 23 0 0 1 0 0 0 0 2 0 0 0 0 0 0 0 0 0 0 0 0 0 0 0 0 0 0 0 0 0 0 0 0 0 0 0 0 0 0 0 0 0 0 0 0 0 0 0 0 0 82 0 0 0 2 3 0 0 0 0 0 3 0 0 0 0 0 0 0 0 0 0 0 0 0 0 0 0 0 0 0 0 0 0 0 0 0 0 0 0 0 
 0 1 0 1 0 0 2 3 0 0 0 0 0 0 0 2 0 0 0 0 218 63 39 461 284 52 221 130 225 406 247 281 77 189 172 51 122 263 162 0 2 3 0 0 0 2 0 0 0 0 3 3 0 0 0 2 0 0 0 0 0 0 0 0 0 0 0 0 0 0 2 0 0 0 0 0 0 0 0 3 0 0 0 0 0 0 0 0 2 0 0 0 0 8 0 0 0 0 0 0 49 7 21 67 0 21 0 23 14 9 27 1 9 31 5 10 44 16 0 49 0 0 2 0 0 0 0 0 0 0 0 0 12 0 0 0 1 0 0 22 0 0 0 2 0 0 0 0 0 0 0 0 0 2 0 0 0 0 0 0 0 0 0 0 0 0 11 7 0 0 0 2 0 0 0 0 0 0 0 0 46 24 21 9 3 4 37 7 28 31 11 35 15 12 46 37 24 14 18 10 0 0 0 0 0 26 0 0 0 0 0 0 0 1 0 0 0 0 1 0 0 0 0 0 0 0 0 0 0 0 0 0 0 0 0 0 0 0 0 0 0 0 0 0 0 0 1 0 0 0 0 0 0 0 9 4 0 0 76 0 0 0 0 0 0 0 0 0 0 0 0 0 0 0 0 0 0 0 0 0 0 21 0 0 0 0 0 0 0 0 
 7 7 0 8 6 0 4 9 0 0 0 0 2 6 8 2 0 0 0 8 2 3 6 3 68 4 2 3 4 209 3 4 2 2 2 3 3 2 2 2 0 355 59 52 101 29 103 50 50 21 53 72 48 44 199 116 97 130 33 20 1 0 1 0 0 0 0 2 2 0 0 0 2 1 1 0 0 2 4 18 0 5 0 5 0 0 1 6 0 0 0 12 0 6 13 0 0 7 0 13 0 0 0 0 2 11 0 0 0 0 7 3 0 0 0 0 0 0 7 0 0 42 10 0 11 0 18 10 24 29 11 0 0 0 23 20 0 40 21 0 13 0 0 0 5 0 0 0 0 1 0 2 10 0 0 0 19 0 0 17 1 8 12 6 4 6 4 4 0 4 0 7 5 6 1 1 0 5 0 4 0 0 0 0 9 0 0 0 0 0 0 14 0 0 0 0 0 0 0 0 11 6 7 0 12 6 0 14 10 11 0 29 0 0 22 20 19 20 14 0 0 0 0 0 0 1 20 0 0 0 0 0 0 0 0 0 0 0 0 0 0 6 0 0 0 0 8 0 0 27 0 8 0 1 0 0 0 66 1 4 0 0 1 75 0 0 0 0 0 0 2 0 0 0 0 0 0 0 0 0 0 0 0 0 8 0 2 0 1 1 
 0 1 0 0 0 0 0 0 0 0 0 0 0 0 0 0 0 2 3 0 1 2 2 1 2 2 1 2 3 3 3 6 3 2 1 2 3 2 2 3 355 0 270 218 45 37 74 139 234 102 121 35 123 132 172 132 230 337 37 169 0 0 0 0 0 0 2 3 0 0 0 0 0 0 0 0 0 0 61 0 0 0 0 0 0 0 0 0 0 0 0 0 0 0 0 0 0 0 0 0 0 0 0 0 0 0 0 0 0 0 0 0 0 0 0 0 0 0 0 0 5 8 0 14 28 11 0 0 23 83 14 22 0 23 0 5 40 33 0 16 15 0 0 0 0 0 0 0 0 0 0 0 9 0 4 0 0 0 0 0 0 0 0 0 0 0 0 0 0 0 0 17 0 0 0 0 0 2 0 0 0 0 0 0 0 0 0 16 0 0 0 0 0 0 0 0 0 0 0 0 30 0 88 45 0 19 0 3 0 51 6 20 0 0 3 0 16 12 0 0 0 1 0 0 0 0 21 0 0 0 0 0 0 0 10 0 0 0 4 3 0 0 1 0 0 0 0 0 0 0 0 2 0 0 0 0 0 0 0 14 0 0 69 86 0 2 2 0 0 0 0 0 0 0 0 0 0 0 0 0 0 0 1 0 0 0 0 0 1 0 
 2 2 3 2 2 3 2 9 2 2 3 2 3 3 2 3 2 4 2 2 0 2 2 207 64 0 203 0 1 0 0 0 0 0 2 0 0 0 0 0 59 270 0 168 114 127 309 164 400 72 293 113 71 57 72 94 200 64 49 56 50 0 0 0 0 0 1 0 0 0 0 0 50 0 0 0 0 2 50 13 0 0 0 15 0 0 0 0 0 0 0 0 0 0 0 0 0 0 0 0 0 12 0 0 0 0 0 0 0 0 0 0 0 0 0 0 0 0 0 0 16 5 8 0 21 18 0 0 0 0 15 0 0 8 0 16 0 22 12 13 21 0 0 0 1 0 18 0 0 0 0 0 5 0 0 1 0 0 0 18 0 0 0 0 0 0 0 0 0 0 0 14 0 0 0 0 0 0 3 11 0 0 0 0 0 0 0 0 0 0 0 0 0 0 0 0 0 0 0 0 17 0 1 20 30 19 0 0 0 14 2 10 12 0 20 13 14 6 0 0 11 0 0 13 0 0 7 29 0 0 0 0 21 0 13 0 0 0 10 0 0 0 0 0 0 0 0 0 0 0 0 5 0 0 0 0 0 0 0 9 0 22 0 2 1 2 2 0 2 0 10 0 0 0 0 0 0 0 0 0 0 3 5 0 21 0 0 0 1 0 
 0 0 0 0 0 0 1 0 0 0 0 0 0 0 0 0 0 0 0 0 7 0 0 1 0 0 1 0 4 3 4 0 62 0 2 0 0 0 0 0 52 218 168 0 206 113 185 322 168 107 347 227 280 121 64 39 90 90 293 266 53 0 1 2 0 1 46 23 0 0 0 0 50 54 2 0 1 3 72 0 0 0 0 0 0 0 0 0 0 0 0 0 0 0 0 10 0 0 0 0 0 0 0 0 0 0 0 0 0 0 0 0 0 0 9 0 0 0 0 0 8 25 7 10 26 76 0 0 14 0 6 9 0 1 0 23 11 4 0 14 22 0 0 0 1 0 6 1 0 0 0 0 8 6 6 11 27 10 0 0 0 0 0 20 0 0 0 0 0 0 0 0 0 0 0 0 0 0 0 0 0 0 0 0 0 0 0 0 0 0 0 0 0 0 0 0 0 0 0 0 1 0 6 13 9 47 0 0 0 22 3 2 0 0 35 0 2 9 0 0 29 0 0 0 0 0 14 0 12 7 21 0 0 1 13 0 0 0 0 9 0 0 31 0 0 0 0 0 0 0 0 10 0 0 0 0 0 0 0 25 0 0 2 1 45 0 4 0 0 0 15 0 0 0 0 0 0 0 0 0 0 0 9 0 15 16 0 0 2 0 
 0 0 0 0 0 0 0 2 3 0 0 0 0 0 0 0 0 0 1 0 1 0 0 0 0 1 0 1 2 0 2 0 0 1 0 1 0 0 0 0 101 45 114 206 0 188 116 62 79 313 112 206 78 525 133 330 487 694 60 113 52 0 51 0 0 2 1 33 51 0 0 0 51 49 1 61 0 0 2 51 0 13 0 0 0 0 0 0 0 0 0 0 0 0 0 0 0 0 0 0 0 0 0 0 1 0 0 0 0 0 0 0 0 0 0 8 0 0 0 0 1 14 26 18 13 24 0 0 12 0 8 4 0 0 0 10 0 9 21 0 11 0 15 9 14 6 23 7 0 0 0 0 3 0 0 0 14 0 0 1 0 3 2 0 0 0 0 0 0 0 0 0 0 9 0 0 0 0 0 0 0 0 0 0 0 0 0 0 0 0 0 0 0 0 0 0 0 0 0 0 0 0 0 0 0 1 0 0 1 0 22 20 0 0 20 0 29 0 0 0 16 3 0 0 0 6 0 9 0 28 1 0 0 17 0 0 35 15 8 0 0 0 14 0 0 0 0 0 0 0 0 12 0 0 0 0 0 0 0 3 0 0 5 2 1 0 4 70 0 0 12 0 0 0 0 0 0 0 0 0 0 0 0 0 26 10 0 0 2 24 
 0 0 33 0 0 0 0 0 0 0 0 0 0 0 0 0 0 0 0 0 8 2 2 2 2 2 2 2 2 2 2 3 2 2 4 2 2 2 2 2 29 37 127 113 188 0 50 25 57 39 519 133 41 52 64 83 71 62 48 50 57 0 0 6 1 0 7 52 0 0 40 54 2 21 52 0 0 1 52 0 0 0 0 9 0 0 0 0 0 0 0 0 0 0 0 0 0 0 0 0 0 0 0 0 0 0 0 0 0 0 0 0 0 0 0 0 0 10 0 0 0 0 0 0 0 22 0 0 0 0 0 0 0 0 0 22 0 0 0 0 0 13 19 10 5 11 24 1 0 0 11 1 0 35 35 0 16 20 11 0 0 0 0 0 0 0 4 0 0 0 0 0 0 0 0 0 0 0 0 0 0 0 0 0 0 0 0 0 0 0 0 0 0 0 0 0 0 0 0 0 0 0 0 0 11 16 0 0 0 0 0 0 0 0 0 0 0 8 0 0 19 19 0 0 0 6 22 0 24 10 0 0 55 28 15 0 0 6 0 36 0 0 0 0 0 0 0 0 0 0 0 9 0 0 0 0 0 0 0 0 1 0 0 0 67 0 0 0 4 0 25 0 0 0 0 0 0 0 0 0 0 0 0 0 14 0 0 0 1 0 
 0 0 0 0 0 6 0 0 0 0 0 0 2 0 0 0 0 2 0 0 0 1 0 0 2 92 0 0 1 0 0 0 0 0 0 0 0 0 0 0 103 74 309 185 116 50 0 183 63 156 48 100 134 263 36 108 40 48 127 164 0 0 0 0 0 2 2 7 0 0 0 0 0 0 0 0 0 0 1 4 0 0 0 0 0 0 0 0 0 0 0 0 0 0 0 0 0 0 0 0 0 0 0 0 3 8 0 0 0 0 6 16 0 0 0 0 0 0 0 0 15 0 54 8 37 1 29 23 33 13 17 16 0 18 0 0 26 0 16 13 8 0 0 0 7 10 0 0 0 0 0 0 0 0 0 0 8 0 0 9 0 0 0 0 0 0 0 0 0 4 0 0 0 1 0 1 0 0 0 0 0 0 0 0 0 0 0 0 0 0 0 0 0 0 0 0 0 0 0 0 0 48 34 1 0 11 16 19 33 16 22 0 20 10 53 28 3 35 0 3 0 0 0 0 0 0 0 0 0 0 0 0 2 0 0 0 0 0 0 0 0 0 26 0 0 0 0 0 0 0 0 13 0 0 0 0 0 0 0 0 0 0 0 0 2 11 0 1 0 0 0 0 0 0 0 0 0 0 0 0 0 0 0 0 0 31 0 16 2 0 
 2 65 68 3 2 2 2 2 2 3 67 65 2 2 41 2 2 66 2 2 0 5 2 75 0 3 1 64 6 13 65 25 64 1 0 0 0 0 64 0 50 139 164 322 62 25 183 0 169 107 184 30 226 132 126 37 127 95 31 185 0 0 0 5 2 55 5 0 3 0 0 0 0 49 2 0 48 3 1 0 0 10 25 0 39 0 0 0 0 12 19 14 0 18 0 0 20 0 0 0 0 0 0 0 2 1 0 0 0 4 0 2 0 0 0 0 6 0 14 0 9 0 0 10 0 0 10 18 0 11 9 17 0 52 6 0 16 8 25 22 4 0 0 0 0 0 0 0 0 0 0 0 0 0 0 0 0 0 0 0 0 0 0 0 33 0 0 0 0 0 0 0 6 0 0 3 0 0 0 0 0 0 0 6 6 14 0 0 0 0 0 0 0 0 0 0 0 10 16 0 18 14 24 18 0 10 0 0 20 27 0 38 8 14 11 0 58 0 0 8 0 0 0 0 0 0 0 0 0 0 0 0 0 0 0 0 0 0 0 0 0 0 1 0 0 0 0 0 0 1 0 4 0 1 0 0 0 74 0 0 0 0 65 0 0 0 0 0 2 0 0 0 0 0 0 0 2 0 0 8 0 0 0 0 0 0 0 2 1 0 
 64 0 0 0 0 0 0 2 0 0 0 1 0 0 0 3 0 3 0 0 0 0 0 1 0 63 1 1 0 206 0 0 0 24 2 0 0 0 0 0 50 234 400 168 79 57 63 169 0 156 40 35 138 150 388 158 126 59 67 125 0 0 0 0 0 0 2 0 0 0 0 0 51 0 0 0 0 0 61 3 14 0 0 0 0 0 0 0 0 0 0 0 0 0 0 0 0 0 0 0 0 0 0 0 0 0 0 0 0 0 0 0 0 0 0 0 0 0 0 0 14 0 0 0 34 30 1 6 18 10 9 30 0 51 16 0 18 29 0 7 45 0 0 0 1 0 0 1 0 0 0 0 6 0 0 0 0 0 0 0 0 0 0 0 0 0 0 0 0 0 0 0 0 0 0 0 0 0 0 0 0 0 0 0 0 0 0 0 0 0 0 0 0 0 0 0 0 0 0 0 24 0 30 26 18 31 9 0 0 50 19 11 0 0 65 0 28 9 0 7 0 0 0 0 0 0 10 12 0 0 0 0 0 0 10 0 0 0 2 0 0 0 11 0 0 0 0 0 0 0 0 4 0 2 0 0 0 0 0 21 0 0 8 1 1 0 3 0 2 0 0 0 0 0 0 0 0 0 0 0 0 0 9 0 0 1 0 10 2 0 
 2 2 10 2 2 2 2 7 16 5 5 2 2 2 2 2 2 5 2 2 63 2 0 0 0 86 0 1 0 3 1 0 2 3 0 0 0 0 1 0 21 102 72 107 313 39 156 107 156 0 105 132 62 83 113 181 85 50 290 84 0 0 0 0 0 0 2 5 0 0 0 0 0 0 0 0 0 0 0 0 0 0 0 0 2 1 0 0 0 0 13 0 0 0 0 9 1 0 0 0 5 5 0 0 13 8 0 6 0 0 0 0 0 0 0 0 0 0 0 0 9 0 27 18 8 7 19 22 19 22 14 8 0 54 12 0 23 16 0 0 11 0 0 0 0 0 2 2 0 0 0 0 0 2 1 0 0 0 0 2 0 0 0 0 0 0 0 0 13 2 5 0 0 1 0 0 0 0 0 0 7 0 0 0 1 0 0 1 0 0 0 0 5 0 0 0 0 0 0 0 13 18 29 12 0 6 43 0 5 5 38 0 6 8 11 14 10 0 0 0 2 0 0 0 0 0 0 10 0 0 0 0 0 0 0 0 0 0 0 0 0 0 11 0 0 0 1 0 0 0 0 3 0 0 0 0 0 0 0 2 0 0 36 0 0 6 2 72 0 0 0 0 0 0 0 0 0 0 0 0 0 3 0 0 0 40 0 10 1 0 
 1 0 0 0 0 60 0 3 0 0 0 0 0 0 0 0 0 0 0 0 65 3 5 3 3 5 3 3 4 3 3 3 5 4 3 7 3 3 5 3 53 121 293 347 112 519 48 184 40 105 0 97 37 112 71 104 201 150 126 52 0 0 0 0 0 0 2 72 0 0 0 0 50 0 57 0 0 5 54 0 0 0 0 0 0 0 0 0 0 0 0 0 0 0 0 0 0 0 0 0 0 0 0 0 0 0 0 0 0 0 0 0 0 0 0 0 0 0 0 0 0 5 14 21 12 18 0 0 14 14 4 4 0 20 0 0 5 9 0 0 0 0 1 10 1 0 34 8 11 0 10 0 3 12 32 20 0 8 0 21 0 0 0 0 0 0 0 0 0 0 0 0 0 0 0 0 0 0 0 0 0 0 0 0 0 0 0 0 0 0 12 0 0 0 0 0 0 0 0 0 0 0 36 16 14 0 0 0 0 2 0 0 0 0 18 5 0 4 0 0 10 8 0 0 0 0 22 11 16 0 0 0 45 10 20 7 0 7 10 22 0 0 0 0 0 0 0 0 0 0 0 7 0 0 0 0 0 0 0 4 0 1 4 0 65 2 0 0 0 0 9 0 0 0 0 0 0 0 0 0 0 4 4 0 0 0 0 0 1 0 
 1 0 0 0 0 0 0 0 0 0 0 0 0 0 0 0 0 0 0 2 3 66 3 3 3 3 3 5 5 3 3 3 3 3 4 3 3 3 3 3 72 35 113 227 206 133 100 30 35 132 97 0 96 112 87 300 88 173 34 97 35 3 0 0 3 0 43 6 0 3 0 3 1 5 0 0 0 8 0 6 0 0 0 0 0 0 0 0 0 0 0 0 0 0 0 0 0 0 0 0 0 0 0 0 0 0 0 0 0 0 0 0 0 0 0 0 0 0 0 0 4 7 25 5 12 20 7 0 20 7 14 6 0 0 0 13 13 31 0 0 9 0 0 0 0 0 11 0 0 0 0 0 9 0 0 0 0 1 0 18 0 0 15 0 0 0 0 0 0 0 0 0 0 5 0 0 0 2 0 0 0 0 0 0 0 0 0 0 0 0 0 0 0 0 0 0 0 0 0 0 0 0 19 13 25 38 1 0 0 11 0 6 0 0 20 9 11 10 0 0 0 0 0 0 0 0 44 9 0 0 0 0 30 0 1 0 0 0 13 0 0 0 9 0 0 0 0 0 0 0 0 7 0 0 0 0 0 0 0 17 0 0 0 61 0 0 4 1 0 0 2 0 0 0 0 0 0 0 0 0 0 0 0 0 18 44 0 0 1 0 
 0 0 0 0 0 0 0 0 0 0 0 0 0 0 3 0 0 0 0 0 0 0 33 65 0 0 12 0 69 2 85 31 0 0 0 62 0 0 0 0 48 123 71 280 78 41 134 226 138 62 37 96 0 222 175 316 39 48 422 109 0 0 0 0 0 1 1 6 0 50 0 0 0 0 0 0 0 1 0 0 0 0 0 0 0 0 0 0 0 0 0 0 0 0 0 0 0 0 0 6 0 0 0 3 10 0 0 0 0 27 0 74 0 0 0 0 0 0 0 0 7 10 48 4 1 0 6 19 10 5 3 8 9 0 23 0 9 0 15 7 0 0 0 0 0 0 0 0 0 0 0 0 0 0 0 0 0 0 0 0 0 0 0 0 0 0 0 0 0 0 0 0 0 0 0 0 0 0 0 0 0 0 0 0 0 26 0 0 0 0 21 0 10 0 0 0 0 0 0 0 9 21 35 15 0 11 6 20 47 22 5 0 68 7 10 7 6 21 8 38 0 0 0 0 0 0 0 0 0 0 0 27 0 0 0 0 0 0 0 0 0 0 10 0 0 0 0 0 0 0 0 3 0 2 0 0 0 117 0 0 26 0 0 0 2 0 0 0 0 0 0 0 0 0 0 0 0 0 0 14 0 0 0 0 2 10 0 0 1 0 
 0 0 0 0 0 0 0 0 0 0 0 0 0 0 0 67 0 0 0 0 0 0 73 0 29 0 0 0 0 3 65 0 0 0 0 0 0 1 0 0 44 132 57 121 525 52 263 132 150 83 112 112 222 0 75 58 454 103 115 247 2 0 0 0 0 0 0 14 1 0 0 1 0 2 0 0 0 5 0 23 0 0 0 0 0 0 0 10 0 0 0 0 0 0 0 0 0 0 0 0 0 0 0 0 0 25 0 0 0 0 0 7 0 0 0 0 0 0 0 0 14 0 72 10 14 0 30 30 24 0 17 2 18 23 0 28 29 1 26 20 0 0 0 0 3 0 0 0 0 0 0 0 0 0 0 0 4 0 0 2 0 0 3 0 0 0 0 0 0 25 0 0 0 0 0 0 0 0 0 0 0 0 0 0 19 10 0 0 0 0 11 32 5 0 0 0 0 0 0 0 0 31 76 34 0 3 0 10 0 19 4 0 0 32 9 16 0 25 0 0 0 0 0 0 0 0 0 0 0 0 0 0 0 0 0 0 0 0 0 0 0 0 17 0 0 0 0 0 0 0 0 8 0 10 0 0 0 62 62 0 0 0 1 0 0 0 0 0 0 0 0 0 0 0 0 0 0 0 0 15 0 0 0 0 0 10 0 0 1 0 
 0 0 0 0 0 0 0 0 1 0 0 0 2 0 0 0 0 2 0 0 0 2 0 3 63 2 0 0 4 1 0 0 0 0 0 0 0 0 0 0 199 172 72 64 133 64 36 126 388 113 71 87 175 75 0 175 88 116 78 97 0 0 0 2 1 3 2 0 0 0 0 51 0 0 0 0 0 0 1 3 0 0 0 0 0 0 0 0 0 0 0 0 0 0 0 0 0 0 0 0 0 0 0 0 15 0 0 0 0 0 0 73 0 0 0 0 0 0 0 0 14 18 3 0 19 0 1 23 15 10 1 0 0 7 21 28 6 9 30 23 0 0 0 0 0 0 0 0 0 0 0 0 6 0 0 0 3 0 0 3 0 0 0 0 0 0 0 0 23 0 0 0 0 2 0 0 0 2 0 0 0 0 0 1 0 8 20 0 0 0 0 0 0 0 0 0 0 0 0 0 26 50 20 29 10 7 2 12 32 20 20 25 7 2 44 27 21 50 15 3 0 0 0 0 0 0 9 0 0 0 0 0 0 0 0 0 0 0 0 12 0 0 0 0 0 0 0 0 0 0 0 8 0 2 0 0 0 0 0 0 0 0 0 63 3 2 2 0 0 0 0 0 0 0 0 0 0 0 0 0 0 0 0 0 7 0 0 0 2 0 
 2 2 2 2 2 2 4 5 2 2 2 2 2 2 4 2 2 2 2 2 9 2 0 64 8 0 0 10 2 50 58 0 0 0 78 14 0 8 0 2 116 132 94 39 330 83 108 37 158 181 104 300 316 58 175 0 156 128 102 56 0 0 4 0 0 0 0 2 0 0 0 0 0 0 0 0 0 2 0 207 0 0 0 0 0 0 0 0 0 0 0 0 0 0 0 0 0 0 0 0 0 0 9 17 13 6 0 6 0 0 0 9 0 4 1 18 0 3 0 0 19 14 8 9 12 8 0 14 17 17 8 10 19 0 23 10 2 10 8 57 8 0 0 0 0 0 0 0 0 0 0 0 0 0 0 0 1 0 0 0 0 0 0 0 0 0 0 0 0 0 0 10 0 10 0 0 0 0 0 0 0 0 3 10 0 5 2 0 0 4 3 8 0 11 4 12 18 2 0 0 37 10 1 13 0 21 50 9 10 0 32 10 1 0 12 19 0 10 62 0 0 0 0 0 1 0 0 0 0 0 0 0 0 0 0 0 0 0 0 0 0 0 17 0 0 0 0 0 0 0 0 1 0 25 0 0 0 9 0 0 0 0 0 0 0 2 2 62 2 0 0 0 0 0 0 0 0 0 0 0 0 4 0 0 0 12 0 0 1 0 
 0 2 1 0 3 5 0 4 2 3 4 3 2 3 6 3 2 2 3 3 0 3 3 0 0 0 2 22 2 0 1 0 0 1 1 2 1 0 1 0 97 230 200 90 487 71 40 127 126 85 201 88 39 454 88 156 0 142 33 251 4 0 0 0 3 0 5 0 0 4 6 4 51 0 12 0 0 0 55 0 0 0 0 0 0 0 0 0 0 0 0 0 0 0 0 0 0 0 0 0 0 1 0 1 0 0 16 0 0 0 21 0 0 0 0 4 3 1 0 1 2 7 0 2 27 23 0 0 9 45 11 28 0 11 1 14 7 16 0 3 15 0 0 0 0 0 0 0 10 0 0 0 20 1 1 17 0 2 9 8 0 0 0 0 0 0 0 0 0 0 0 0 0 0 0 0 0 0 0 0 0 4 0 0 0 0 0 0 4 1 0 0 0 0 0 4 0 0 0 3 11 5 26 15 0 0 6 9 0 15 9 11 0 0 0 0 37 0 0 0 18 10 0 0 0 0 0 11 1 0 0 0 0 0 38 0 0 0 9 7 0 19 0 0 0 0 0 0 0 0 0 8 0 2 0 0 0 0 4 9 0 0 53 1 2 4 1 0 0 0 0 0 0 0 0 0 0 0 0 0 0 0 0 0 0 0 0 0 2 0 
 0 0 0 0 0 2 0 66 0 0 0 1 34 0 2 0 2 73 0 0 0 0 0 1 0 61 0 22 0 0 56 3 0 0 0 0 0 0 1 0 130 337 64 90 694 62 48 95 59 50 150 173 48 103 116 128 142 0 102 66 0 0 0 0 3 9 2 0 0 18 28 0 0 0 54 0 3 0 1 0 0 0 0 0 0 0 0 0 0 0 0 0 0 0 0 0 0 0 9 0 0 0 0 0 0 0 0 0 0 0 0 0 0 0 0 0 0 0 0 0 6 32 10 16 0 0 20 0 30 30 4 7 0 23 12 0 20 22 0 0 2 0 0 0 2 0 0 0 11 0 0 0 17 0 0 10 2 0 18 8 0 4 0 0 0 0 0 0 0 0 0 0 0 9 0 0 0 0 0 10 0 0 0 0 0 0 0 0 0 0 0 0 0 0 0 0 0 0 0 0 14 0 22 20 0 8 14 0 0 1 12 20 7 0 31 0 19 0 0 19 10 7 0 0 0 0 0 0 0 0 0 0 0 0 7 0 0 0 20 12 0 0 0 0 0 0 0 0 0 0 0 8 0 0 0 0 0 0 0 13 0 0 4 0 1 0 3 0 3 0 48 0 0 0 2 0 0 0 0 0 0 0 0 0 0 12 0 12 1 0 
 3 1 3 2 3 3 2 6 69 3 3 3 3 3 3 3 3 2 3 4 0 129 127 57 20 0 0 0 1 132 65 63 0 0 130 143 64 0 0 0 33 37 49 293 60 48 127 31 67 290 126 34 422 115 78 102 33 102 0 199 0 4 0 0 0 0 0 0 0 4 0 0 0 0 0 0 0 3 42 0 0 0 0 0 0 0 0 0 0 0 0 0 0 0 0 0 0 0 0 0 0 0 22 4 4 14 0 0 5 60 0 9 0 0 0 9 59 20 0 0 0 0 13 16 22 0 19 0 3 0 9 0 0 0 11 0 10 0 0 0 0 0 13 0 4 5 0 0 0 0 0 2 0 0 0 0 6 0 0 5 0 0 0 0 0 0 0 0 0 0 0 8 0 0 0 0 0 0 0 0 0 32 1 17 7 14 0 0 7 16 11 0 0 1 0 0 31 9 0 0 11 1 0 7 0 0 0 29 1 0 0 0 10 10 0 0 0 1 16 12 0 0 0 0 0 2 0 0 0 0 9 0 0 0 0 0 0 0 0 0 0 0 0 0 0 0 0 0 0 0 0 5 0 0 0 6 0 0 0 0 12 0 0 2 0 4 6 0 0 0 9 0 0 0 0 0 0 0 0 0 0 0 0 0 0 0 0 0 2 0 
 0 0 0 0 0 0 0 0 0 0 0 0 1 0 0 0 2 0 0 0 0 0 68 0 27 0 0 0 0 0 69 0 0 0 0 69 0 0 0 0 20 169 56 266 113 50 164 185 125 84 52 97 109 247 97 56 251 66 199 0 0 0 0 0 0 0 0 2 0 0 0 0 0 0 0 0 0 4 0 0 0 0 0 0 0 0 0 0 0 0 0 0 0 0 0 0 0 0 12 0 0 0 0 1 0 22 0 0 0 0 0 11 0 0 0 0 1 3 0 0 8 0 32 14 3 0 11 11 20 10 2 16 11 56 0 8 16 7 22 4 0 0 0 0 0 0 0 0 0 0 0 0 0 0 0 0 0 0 0 0 0 0 0 0 0 0 0 0 0 22 0 0 0 0 0 0 0 0 0 0 0 1 0 0 16 20 0 0 0 0 12 9 6 0 0 0 0 3 0 0 1 71 21 16 0 15 0 46 0 13 1 0 0 20 14 14 1 9 0 0 0 0 0 0 0 0 0 0 0 0 0 0 0 0 0 20 0 0 0 0 0 0 11 0 0 0 0 0 0 0 0 14 0 0 0 0 0 62 82 0 0 0 2 0 0 0 1 1 0 0 0 0 0 0 0 0 0 0 0 12 0 0 0 0 0 11 0 0 1 0 
 0 0 0 0 0 0 0 4 0 0 0 0 0 0 0 0 0 0 0 0 0 0 0 0 0 0 0 0 2 0 0 0 66 0 0 0 0 0 0 0 1 0 50 53 52 57 0 0 0 0 0 35 0 2 0 0 4 0 0 0 0 75 206 51 259 28 490 100 45 30 41 85 125 127 288 63 85 157 21 99 0 0 0 0 0 0 0 0 0 0 0 0 0 0 0 0 0 0 6 0 0 0 0 0 0 0 0 0 0 0 0 0 0 0 0 0 0 0 0 0 0 0 0 0 0 11 0 0 0 0 0 0 0 0 0 13 0 0 0 0 12 8 15 12 8 41 0 34 22 0 0 6 0 0 0 12 18 0 0 0 0 0 0 0 19 0 0 0 0 0 0 0 0 0 0 0 3 0 3 0 0 0 0 0 0 0 0 0 0 0 0 0 0 0 0 0 0 0 0 0 0 0 0 0 8 5 0 0 0 0 0 1 0 0 0 0 0 0 0 0 0 12 0 8 3 0 22 0 8 0 6 0 7 14 9 32 5 17 0 0 0 0 0 0 0 0 0 0 0 0 0 0 0 0 10 0 0 0 0 0 0 0 0 0 0 0 15 0 0 0 13 1 1 10 2 54 0 0 0 0 0 0 0 0 9 0 0 0 0 0 
