 0 96 110 48 37 53 144 163 137 356 220 297 287 78 361 136 237 339 330 103 0 3 0 0 0 0 0 0 0 0 0 2 3 0 74 0 2 0 0 74 0 0 0 0 0 0 0 0 0 2 0 0 0 0 0 0 0 0 3 0 0 0 0 0 0 0 0 0 0 0 0 0 1 0 2 0 3 0 0 0 7 36 0 8 24 0 34 14 27 0 65 16 23 31 0 35 16 17 6 33 0 0 0 0 0 15 0 0 0 0 0 0 0 0 0 0 0 0 0 0 0 0 0 0 0 0 0 0 0 0 0 0 0 0 0 0 0 0 0 0 0 0 0 0 0 0 0 0 1 0 0 0 0 0 0 0 0 0 0 0 8 17 0 23 26 0 0 54 28 0 20 18 18 10 15 22 16 0 18 8 0 0 0 0 0 0 0 0 0 0 0 0 0 0 2 9 0 0 0 0 0 0 0 0 0 0 0 0 0 0 0 0 0 0 0 0 0 0 0 0 0 0 0 0 0 0 0 0 15 0 0 0 0 0 1 0 0 0 0 0 0 0 0 0 0 0 1 0 0 0 2 8 0 0 0 0 0 0 0 0 78 0 0 0 0 0 0 0 0 0 0 0 0 0 0 35 33 0 0 0 0 0 0 0 0 0 0 0 0 0 
 96 0 296 376 47 124 64 92 346 139 122 274 38 124 462 222 164 21 87 69 6 3 0 0 0 1 76 1 0 0 0 0 82 1 0 1 2 0 76 1 0 0 0 0 0 0 0 0 0 2 0 0 0 0 0 0 0 0 4 0 0 1 0 0 0 3 0 0 0 0 0 0 0 0 2 0 3 3 0 0 7 0 0 17 12 14 54 1 27 19 0 24 0 14 0 11 1 29 0 15 0 0 0 0 0 0 0 0 0 0 0 0 12 17 0 0 0 0 1 10 0 0 0 0 0 0 0 0 0 0 0 0 0 0 0 0 0 0 0 0 0 0 0 0 0 0 0 0 0 0 0 0 0 0 0 0 0 0 7 0 19 0 1 10 0 18 0 6 28 7 10 0 38 8 16 85 10 0 13 16 16 0 2 0 0 0 15 0 0 0 0 0 10 0 22 0 0 0 24 0 0 0 0 0 0 0 0 0 0 0 0 0 0 0 0 0 0 0 0 0 0 0 0 0 14 0 0 0 0 0 0 0 0 0 0 0 0 0 0 0 0 0 0 0 0 2 0 0 2 2 0 2 0 0 0 0 0 0 0 0 0 0 0 0 0 0 0 0 0 0 0 0 0 0 0 0 0 10 0 0 0 0 0 0 0 0 0 0 0 0 
 110 296 0 223 168 126 55 73 201 182 423 294 278 384 58 233 317 148 30 90 96 3 1 0 0 0 30 0 3 3 0 0 29 12 0 0 0 0 20 0 0 0 0 3 0 0 0 63 0 2 0 1 0 0 3 2 0 0 3 0 0 0 0 4 6 43 0 0 0 0 0 0 0 6 2 0 3 0 0 2 0 21 14 21 75 26 6 16 9 6 15 24 0 0 0 9 19 0 0 0 0 2 0 0 0 0 49 25 0 0 0 0 34 15 0 0 0 0 14 20 0 0 0 0 0 0 0 0 0 0 0 0 0 0 0 0 0 1 0 0 0 0 0 0 0 0 0 0 0 0 0 0 0 0 0 0 0 0 2 14 6 17 0 23 20 13 0 13 2 11 6 0 0 1 0 32 16 20 14 0 14 0 0 0 0 0 26 0 0 0 0 0 6 1 26 2 0 0 16 16 0 0 0 0 0 0 0 0 0 0 0 13 0 0 0 0 0 0 0 0 0 0 0 0 0 0 0 0 0 0 0 0 0 0 0 6 4 0 0 0 0 0 0 0 0 0 2 0 4 2 22 12 0 0 0 0 0 0 0 0 0 0 0 0 0 0 0 0 0 0 0 0 0 0 0 28 0 0 0 0 0 0 0 0 0 0 0 0 0 0 
 48 376 223 0 188 61 88 278 443 180 407 143 46 201 68 320 243 158 88 72 0 152 0 0 0 0 24 0 0 0 0 0 76 72 0 0 2 0 96 0 0 0 0 0 28 0 0 0 2 2 0 0 0 0 0 0 0 0 3 0 0 0 0 0 5 0 0 0 0 0 0 0 1 0 2 0 3 0 0 0 0 0 1 14 21 22 0 0 0 10 1 0 1 0 11 0 0 19 0 0 0 1 0 0 0 0 14 19 0 0 1 0 23 12 0 10 0 0 1 15 0 0 0 0 0 0 0 0 0 0 0 0 0 0 0 0 0 0 0 0 0 0 0 0 0 8 0 0 0 0 1 0 0 0 2 0 0 0 0 0 10 0 20 0 10 36 1 0 0 3 21 14 0 1 0 26 15 10 0 0 39 0 0 13 0 0 32 0 15 0 0 0 3 19 47 25 0 0 81 2 0 0 0 0 0 0 0 0 0 0 0 0 0 0 0 0 0 0 0 0 0 0 14 0 0 0 0 0 0 0 1 0 0 0 0 0 0 0 0 0 0 13 0 0 1 2 91 1 2 4 0 5 0 0 0 0 0 0 0 0 0 0 0 0 0 0 0 0 0 0 0 0 0 0 0 0 0 0 0 0 0 0 0 0 0 0 0 0 0 0 
 37 47 168 188 0 151 49 84 71 159 83 284 67 405 64 109 354 37 77 83 2 3 0 0 0 0 0 75 77 0 0 0 3 76 0 2 78 0 0 60 0 0 62 0 0 0 0 0 0 5 2 0 0 0 0 2 0 0 2 0 51 0 0 7 10 0 0 6 0 0 0 0 0 0 2 3 3 0 0 8 0 11 25 1 32 10 0 21 0 11 21 27 0 0 0 0 11 0 0 0 16 0 0 13 1 0 29 1 0 2 0 0 0 0 0 0 0 15 20 53 0 0 0 0 0 0 0 0 0 0 0 0 0 0 0 0 0 0 0 0 0 0 2 0 0 0 0 3 0 0 0 0 0 0 0 0 0 0 0 1 43 0 11 0 12 16 0 0 7 19 12 10 0 3 0 9 17 28 0 0 0 0 11 0 1 0 48 12 40 30 0 19 35 3 0 35 0 21 0 35 0 0 0 0 0 0 0 0 0 2 0 0 0 0 0 0 0 0 0 1 0 0 0 0 0 0 0 0 0 0 0 0 0 0 0 0 0 0 0 0 0 0 0 0 0 3 3 0 6 4 0 3 0 0 0 0 0 0 0 0 0 0 0 0 0 0 0 0 0 2 0 0 0 0 0 0 12 0 0 0 0 0 0 0 0 0 0 0 0 1 
 53 124 126 61 151 0 66 234 138 149 329 58 29 83 62 316 60 370 57 59 177 78 83 1 2 2 85 84 0 3 3 31 103 150 1 0 2 8 81 75 0 0 0 0 0 0 0 1 3 2 0 0 0 3 0 63 0 0 6 0 0 6 2 6 3 4 0 0 0 0 3 3 2 0 2 0 2 4 0 2 0 10 16 10 22 28 0 0 11 5 17 11 0 0 0 0 19 7 0 0 15 26 0 0 0 0 11 29 0 14 0 0 20 8 0 12 12 0 10 59 0 1 0 0 0 0 0 0 0 0 0 0 0 0 0 0 0 0 1 0 0 0 0 5 1 0 0 0 0 2 0 0 0 0 0 0 0 0 0 0 0 0 10 17 10 32 0 0 2 30 27 25 0 7 0 16 1 12 0 0 11 13 13 0 0 0 52 29 0 1 0 23 26 4 28 0 14 6 15 36 12 1 0 0 0 0 0 0 10 0 0 0 0 0 0 0 0 0 0 0 0 0 0 0 0 0 2 0 0 0 0 0 2 0 0 0 0 0 0 0 0 11 0 0 0 6 88 0 2 141 21 8 0 8 0 0 0 0 0 0 0 8 0 0 0 0 1 0 0 0 0 0 0 0 0 0 0 0 0 0 0 0 0 0 0 0 0 0 0 0 
 144 64 55 88 49 66 0 568 162 131 41 256 257 116 38 42 18 33 151 357 0 3 0 0 0 0 0 0 0 0 0 0 2 0 0 0 2 0 0 0 58 0 0 0 0 0 0 0 0 2 0 0 0 1 0 30 0 2 3 0 0 0 0 0 0 0 0 0 0 0 0 0 3 0 2 0 2 0 0 0 73 12 14 27 10 0 6 16 2 0 20 7 23 7 95 5 52 13 6 7 0 0 0 0 0 0 0 0 0 0 0 0 0 0 2 0 1 0 0 0 0 0 0 0 0 2 0 0 0 0 0 0 0 0 0 0 0 0 0 0 1 1 0 0 2 0 0 0 0 2 0 2 0 0 0 0 0 0 0 0 79 52 3 8 2 0 12 1 0 0 3 0 22 13 0 6 0 0 17 32 0 0 0 0 0 0 0 0 0 0 0 0 0 0 0 0 0 0 0 0 0 0 2 0 0 0 0 0 0 0 0 17 0 0 0 0 0 0 0 0 0 1 0 2 0 0 34 0 0 0 0 0 2 0 0 0 0 0 0 0 0 0 0 0 0 1 2 0 2 2 0 11 0 0 0 0 0 0 0 0 0 0 0 0 0 0 0 0 0 0 0 0 0 0 0 0 8 0 0 0 0 0 0 0 0 0 0 0 0 0 
 163 92 73 278 84 234 568 0 138 161 40 151 111 417 307 38 64 350 396 195 0 3 0 0 0 0 37 0 0 0 0 0 3 0 0 0 2 0 0 0 0 0 0 0 29 0 0 0 0 2 0 0 0 5 0 0 0 0 3 0 0 0 0 0 0 0 0 0 0 0 0 0 1 0 2 0 3 0 0 0 23 34 16 12 16 0 11 0 18 19 20 21 13 2 5 22 28 15 0 14 0 0 0 0 0 0 0 0 0 0 7 0 0 0 0 0 0 0 17 0 0 0 0 41 0 0 0 0 0 0 0 0 0 2 0 0 0 0 0 0 0 0 0 0 0 24 0 5 0 0 0 0 0 2 0 0 37 0 0 0 23 35 25 36 15 0 0 9 29 0 0 1 1 0 0 7 2 20 0 1 1 0 0 0 0 0 1 0 0 0 0 0 0 0 0 0 0 0 0 30 1 0 0 0 0 0 0 0 0 0 0 2 0 0 0 0 0 0 0 0 0 0 0 0 0 0 0 0 0 0 0 0 0 1 0 0 0 0 0 0 0 0 0 0 0 2 10 0 0 0 0 5 0 0 0 0 0 0 0 0 0 0 0 0 0 0 0 0 0 0 0 0 0 0 0 0 30 0 0 0 0 0 0 0 0 2 0 0 0 0 
 137 346 201 443 71 138 162 138 0 260 130 119 69 259 126 519 149 120 109 74 75 3 53 2 3 0 0 0 5 0 0 1 38 3 0 0 5 0 0 2 0 0 0 0 0 0 0 0 0 2 0 0 0 5 0 0 5 0 3 0 0 0 4 0 6 0 0 0 0 0 0 0 2 0 2 0 2 0 0 4 22 1 14 4 32 0 10 14 11 23 0 40 0 16 2 27 13 19 0 2 0 0 0 0 0 0 13 11 0 0 0 0 15 0 0 0 10 0 0 10 0 0 0 0 0 0 0 0 7 0 0 0 0 0 0 0 0 0 0 0 5 0 0 0 0 0 0 0 0 0 0 0 7 0 0 1 0 0 3 0 7 0 0 27 1 9 0 1 12 8 10 0 16 10 1 44 23 0 10 14 23 0 0 0 0 0 1 0 0 8 0 0 7 11 13 0 0 0 19 0 0 0 0 0 0 0 0 0 0 0 0 0 0 0 0 0 0 0 0 0 2 0 0 0 0 0 0 0 0 0 0 0 0 0 0 0 0 0 0 9 0 0 0 0 0 2 0 2 1 2 14 9 0 0 0 0 0 0 0 0 0 0 0 0 0 0 0 0 0 0 0 0 0 0 0 0 0 10 0 0 0 0 0 0 0 0 0 0 0 0 
 356 139 182 180 159 149 131 161 260 0 316 144 56 257 89 386 361 237 290 150 1 3 1 3 5 0 1 0 0 3 4 0 78 0 0 0 3 0 2 0 0 3 0 2 3 2 0 0 0 2 3 38 0 0 0 0 3 3 76 0 0 0 0 0 0 0 0 2 0 0 2 34 0 0 2 0 3 0 0 4 11 19 19 61 69 0 4 0 46 19 10 80 4 29 23 15 23 14 0 10 0 0 0 0 0 0 1 0 0 0 0 0 0 0 0 0 0 0 26 8 0 0 0 0 0 0 0 0 0 0 0 0 0 0 0 0 0 12 0 0 0 0 0 0 0 0 0 4 0 0 0 0 0 0 0 0 0 0 0 0 0 1 20 0 0 13 0 6 44 10 8 7 19 10 25 55 18 16 0 5 0 0 0 0 0 0 15 0 0 0 0 0 18 15 12 0 0 0 31 9 0 0 0 0 0 0 0 0 0 0 0 0 0 0 0 0 13 0 0 0 0 0 0 0 0 0 0 0 0 0 0 1 0 0 0 0 0 0 0 0 0 0 0 0 0 0 101 0 1 0 2 11 0 0 0 0 0 0 0 0 0 0 4 0 0 0 0 0 0 0 0 0 0 0 0 0 14 0 0 0 0 0 0 0 0 0 0 0 0 0 
 220 122 423 407 83 329 41 40 130 316 0 74 311 54 179 170 130 239 237 99 61 3 0 0 0 0 68 1 0 0 0 1 137 75 0 0 2 0 64 74 0 0 0 0 0 0 0 0 1 2 0 0 0 0 0 0 0 0 3 0 0 0 0 0 0 0 0 0 0 1 0 0 1 0 2 0 3 0 0 0 0 9 18 1 22 9 6 27 13 0 30 3 0 0 0 10 16 0 0 8 0 2 0 0 0 0 3 22 0 0 0 0 75 28 0 0 0 1 0 10 0 0 11 0 0 0 0 0 0 0 0 2 0 0 0 0 0 1 0 0 0 0 0 0 0 0 0 0 7 0 0 0 0 0 0 0 0 0 0 0 0 18 4 11 25 0 0 13 23 14 42 10 0 14 0 0 3 3 16 1 22 0 0 0 0 0 18 0 0 0 0 11 1 0 8 0 0 0 41 25 0 0 0 0 0 0 0 0 0 0 0 0 0 0 0 2 0 0 0 0 0 0 11 0 0 0 0 0 0 0 0 0 0 0 0 0 0 0 0 0 0 4 0 0 0 1 9 0 88 3 18 7 1 0 0 0 0 0 0 0 0 0 0 0 0 0 2 0 0 0 0 0 0 0 0 45 0 0 0 0 0 0 0 0 0 0 0 0 0 0 
 297 274 294 143 284 58 256 151 119 144 74 0 35 64 57 146 74 114 56 37 0 3 0 0 0 0 0 0 1 0 0 0 2 0 2 0 3 0 0 0 0 0 0 0 0 0 0 0 0 2 0 0 0 0 0 0 0 0 3 0 0 0 0 0 0 0 0 2 0 0 0 0 3 0 2 0 2 0 0 51 6 9 27 10 31 0 6 0 0 11 36 27 0 0 23 27 17 22 0 1 0 0 1 0 0 0 0 0 0 0 0 0 6 0 0 0 0 0 0 0 0 0 0 0 0 0 0 0 0 0 0 0 0 0 0 0 0 0 0 0 0 0 0 0 0 0 0 0 0 0 0 0 0 0 16 0 0 0 0 0 0 17 13 0 16 0 0 13 0 6 0 0 0 11 0 3 4 0 0 0 0 0 1 0 0 0 16 0 0 0 0 0 16 15 0 0 0 0 29 0 0 0 0 0 0 0 0 0 0 0 0 0 0 0 0 2 0 0 0 0 0 0 0 0 0 0 0 0 0 0 37 0 0 0 0 1 0 0 0 0 0 0 0 0 0 2 5 0 0 3 0 10 0 0 0 0 0 0 0 0 0 0 0 0 0 0 2 0 0 0 0 0 0 13 0 28 0 0 0 0 0 0 0 0 0 0 0 0 0 0 
 287 38 278 46 67 29 257 111 69 56 311 35 0 58 116 21 25 134 86 213 3 3 0 2 0 0 34 0 0 0 0 0 2 0 0 0 1 0 0 0 0 0 0 0 0 0 0 0 0 2 0 0 0 9 0 0 0 2 3 0 0 0 0 0 0 0 0 0 0 0 0 0 3 0 2 54 2 0 0 0 21 39 12 0 22 0 0 59 0 0 15 0 14 27 12 2 12 0 0 36 0 0 0 0 0 0 0 0 0 0 0 0 0 0 0 14 0 0 0 0 0 0 0 0 0 0 0 0 0 7 0 8 0 0 0 0 0 0 0 2 0 14 0 0 0 0 0 0 0 0 0 0 0 0 0 0 0 14 0 0 15 16 0 0 0 0 0 14 13 0 21 0 19 27 13 2 1 0 40 1 0 0 0 0 0 0 0 0 0 0 0 0 0 0 0 0 0 0 0 0 0 0 0 0 0 0 0 0 0 0 0 2 0 0 0 0 0 0 0 0 0 0 0 0 0 0 0 0 0 0 0 0 0 0 0 0 0 0 0 0 0 0 0 0 0 0 0 0 0 2 2 8 0 0 2 0 0 0 0 0 0 0 0 0 0 0 0 0 0 0 0 0 0 0 0 18 0 0 0 0 0 0 0 0 0 0 0 0 0 0 
 78 124 384 201 405 83 116 417 259 257 54 64 58 0 301 126 37 181 441 253 0 3 0 0 0 0 0 0 0 0 77 0 2 0 1 0 4 0 0 0 0 0 0 3 0 0 0 0 0 2 0 0 0 0 0 0 0 0 3 0 0 0 0 0 0 0 0 0 0 0 0 0 2 0 2 0 2 0 0 0 15 14 21 11 37 17 11 29 0 20 20 28 1 5 18 19 27 55 1 2 0 0 1 0 0 0 0 0 0 0 0 0 16 0 0 0 0 2 0 11 0 0 0 0 0 0 0 0 0 0 0 0 0 0 0 0 0 0 0 0 0 0 0 0 0 0 0 0 0 0 0 0 0 0 0 0 0 0 12 0 9 20 16 15 0 0 0 0 14 19 45 0 16 4 0 19 11 0 32 30 0 0 2 0 0 0 54 0 0 0 0 0 22 0 0 0 0 0 10 0 0 0 0 0 0 0 0 0 0 0 0 0 0 0 0 1 0 0 0 0 0 0 0 0 0 0 11 0 0 0 0 0 0 0 0 1 0 0 0 0 0 0 0 0 0 2 0 0 3 2 0 4 16 0 0 0 0 0 53 0 0 0 0 0 0 0 1 0 0 0 0 0 0 0 0 24 0 10 0 0 0 0 0 0 0 0 0 0 0 0 
 361 462 58 68 64 62 38 307 126 89 179 57 116 301 0 165 140 70 103 330 0 3 0 0 0 0 0 0 0 1 0 0 3 0 0 0 2 0 2 1 79 0 0 0 0 0 0 0 0 2 0 0 0 0 0 0 0 0 1 0 0 0 0 0 0 0 0 0 0 0 0 0 0 0 2 3 3 0 0 0 10 21 1 0 17 0 24 35 2 8 12 8 0 25 0 52 1 11 0 19 0 0 0 0 0 0 0 0 0 0 0 0 13 0 0 0 0 0 1 0 0 0 0 0 0 0 0 0 0 0 0 0 0 0 0 0 0 0 0 0 0 0 0 0 0 0 0 0 2 0 0 0 0 0 0 0 0 0 0 0 24 46 0 15 17 0 0 15 10 2 10 0 1 0 2 1 0 0 8 65 14 0 0 0 0 2 0 0 0 0 0 0 7 0 0 0 0 0 0 0 0 0 0 17 0 0 0 0 0 0 0 0 0 0 2 0 0 2 0 0 0 0 0 0 0 0 0 0 2 0 0 0 0 0 2 0 13 0 0 0 0 0 0 0 0 2 4 0 2 0 2 6 15 0 0 0 0 0 0 0 0 0 0 0 0 0 0 0 0 0 0 0 0 0 0 38 16 0 0 0 0 0 0 0 0 0 0 0 0 0 
 136 222 233 320 109 316 42 38 519 386 170 146 21 126 165 0 340 61 48 52 7 3 0 0 0 1 73 0 0 0 0 0 85 0 0 0 4 0 73 73 0 0 24 0 0 0 0 0 0 2 0 0 0 0 0 0 0 0 3 0 0 0 0 0 2 0 0 0 0 0 0 0 2 0 2 0 2 0 0 0 0 0 15 12 44 13 15 0 46 19 0 38 2 14 1 14 9 3 0 12 0 0 0 1 0 0 17 0 0 1 0 0 10 14 0 0 0 0 14 45 0 0 0 0 0 0 0 0 0 0 0 0 0 0 0 0 0 0 0 0 0 0 0 0 0 0 0 1 0 0 0 0 0 0 0 0 0 0 0 2 0 0 27 0 0 31 1 16 19 17 21 10 12 8 9 43 35 18 0 10 14 0 0 0 0 0 20 0 0 0 0 0 10 20 21 0 2 0 30 7 0 0 0 0 0 0 0 0 0 0 0 2 0 0 0 0 0 0 2 2 0 0 1 0 0 0 0 2 0 0 0 0 0 0 0 0 0 0 0 0 0 0 0 0 0 0 2 0 0 1 0 8 0 1 0 0 0 0 0 0 0 0 1 0 0 0 0 0 0 1 0 0 0 0 0 0 0 0 0 0 0 0 0 0 0 0 0 0 0 0 
 237 164 317 243 354 60 18 64 149 361 130 74 25 37 140 340 0 285 116 52 0 3 0 0 2 0 21 0 2 0 75 0 2 0 0 0 3 0 21 2 0 3 2 0 0 0 0 0 0 6 2 0 0 0 0 0 0 0 3 0 0 0 0 7 11 51 0 2 0 1 0 1 3 0 2 0 2 0 0 0 17 0 0 1 0 21 21 0 14 24 17 38 1 27 0 9 0 15 0 16 0 1 1 0 0 0 30 17 8 0 0 0 24 12 0 29 0 2 20 28 0 0 0 0 0 0 0 0 0 0 0 0 0 0 0 0 0 0 28 0 0 0 0 0 0 0 0 0 0 0 0 0 0 0 0 0 0 0 0 0 0 1 1 9 21 18 0 11 20 27 11 43 18 1 19 24 34 27 2 19 25 0 2 0 0 0 25 0 0 0 0 0 0 0 14 11 0 0 36 5 0 0 0 0 0 0 0 0 0 0 0 0 0 0 0 1 0 0 0 0 0 0 0 0 0 0 0 0 0 0 0 0 0 0 11 0 0 0 0 0 0 0 0 0 0 1 1 0 0 12 0 4 0 0 0 0 0 0 1 0 0 0 1 0 0 0 0 0 0 0 0 0 0 0 0 0 0 0 0 0 0 0 0 0 15 0 0 0 0 0 
 339 21 148 158 37 370 33 350 120 237 239 114 134 181 70 61 285 0 47 39 21 3 0 0 0 0 0 0 74 0 0 0 140 73 0 0 2 0 0 79 0 0 29 0 0 0 0 0 2 2 0 0 0 0 0 0 0 0 3 0 0 2 0 0 0 0 0 0 0 0 6 0 2 0 2 0 2 0 0 0 6 0 36 12 27 0 0 10 39 18 52 22 0 12 11 15 34 10 0 26 0 0 0 0 0 0 11 0 0 0 0 0 19 0 0 0 0 0 17 6 0 0 0 0 0 0 0 0 1 0 0 0 0 1 0 0 0 0 0 0 0 0 0 0 0 1 19 5 0 0 0 0 0 1 0 0 0 0 0 0 0 26 16 13 33 0 0 0 36 11 64 10 2 0 0 2 1 22 16 18 3 0 0 0 0 0 20 0 0 0 0 0 0 0 0 0 0 0 20 40 2 0 0 0 0 11 0 0 0 0 0 0 0 0 0 0 12 0 0 0 0 0 0 0 0 0 0 0 0 0 0 0 0 1 0 0 0 0 0 0 0 4 0 0 0 5 13 2 85 5 17 16 18 0 0 0 0 0 0 0 0 0 0 0 0 0 0 0 0 0 0 0 0 2 0 19 0 0 0 0 0 0 0 0 0 1 0 0 0 0 
 330 87 30 88 77 57 151 396 109 290 237 56 86 441 103 48 116 47 0 228 0 3 0 7 0 0 2 0 0 1 0 0 3 2 0 0 2 1 2 0 0 0 0 0 0 0 0 0 0 2 0 0 12 13 0 2 0 0 3 0 0 0 0 0 0 0 0 0 3 0 9 0 2 0 2 0 5 0 0 0 1 13 0 0 1 0 58 1 1 0 1 0 11 30 0 25 28 8 0 10 0 0 0 0 0 0 0 0 0 0 1 0 0 0 4 0 0 0 0 0 0 0 0 0 0 0 0 0 0 0 0 0 0 0 0 0 0 0 0 0 0 0 0 0 0 0 0 0 0 0 0 0 0 0 0 1 3 0 3 0 52 38 14 19 0 0 70 2 0 0 1 0 24 22 5 15 28 0 10 30 0 0 0 1 0 0 0 0 0 0 0 0 0 0 0 2 0 3 0 0 0 0 0 0 0 0 0 0 0 0 0 7 0 0 0 0 0 0 0 0 2 0 0 0 0 0 0 0 0 0 0 0 11 0 0 0 0 0 0 0 0 0 0 0 0 2 0 0 0 0 0 6 19 0 0 0 0 0 0 0 0 0 5 0 0 0 0 0 0 0 0 0 0 0 0 0 14 10 0 0 0 0 0 0 0 0 0 0 0 0 
 103 69 90 72 83 59 357 195 74 150 99 37 213 253 330 52 52 39 228 0 0 3 0 0 0 0 0 0 0 0 0 1 5 0 0 2 2 0 0 0 0 0 0 0 0 0 0 0 0 3 0 0 0 4 0 0 0 0 2 0 0 0 0 0 0 0 0 0 0 0 2 0 1 0 2 0 3 1 3 0 28 16 14 10 0 0 22 15 10 0 1 0 22 8 12 11 12 0 8 8 0 0 0 0 0 0 0 0 0 0 0 0 0 0 0 0 0 0 0 2 0 0 0 0 0 0 0 0 0 0 0 0 12 0 0 0 0 0 0 0 0 0 0 0 0 2 0 0 0 0 0 0 0 0 0 0 0 0 0 0 16 10 2 5 0 0 0 10 0 0 0 3 8 9 27 5 2 2 23 18 1 0 0 0 0 0 0 0 0 0 0 8 0 0 0 0 0 0 0 0 0 0 0 0 0 0 0 0 0 0 0 12 2 0 0 0 2 0 0 0 0 0 0 0 0 0 0 0 0 0 0 0 0 0 0 0 0 0 2 0 0 0 0 0 0 0 3 2 2 0 1 23 0 0 0 0 0 0 0 0 0 0 13 20 0 0 0 0 0 0 0 0 0 0 0 1 14 0 0 0 0 0 0 0 0 0 0 0 0 0 
 0 6 96 0 2 177 0 0 75 1 61 0 3 0 0 7 0 21 0 0 0 182 165 128 30 30 234 106 131 40 31 29 273 188 58 105 115 106 240 267 0 0 4 0 0 0 0 0 0 0 0 34 0 0 0 71 0 0 3 0 3 3 0 0 0 2 0 0 0 0 0 0 2 0 0 0 3 2 0 2 0 0 0 0 4 22 0 0 13 0 2 43 2 2 0 0 6 1 0 0 12 25 9 6 0 9 40 9 8 18 0 9 12 18 18 0 25 0 0 31 0 0 0 0 0 0 0 0 0 0 0 2 0 0 0 0 1 0 0 0 0 0 0 2 0 0 0 0 0 0 0 2 0 2 0 0 0 0 0 0 0 0 0 10 12 16 0 1 10 2 9 11 0 0 0 1 0 0 0 0 1 12 0 0 48 0 20 35 12 13 0 8 45 11 13 0 22 4 0 57 0 0 0 0 0 0 0 0 0 0 0 0 32 0 0 0 41 0 16 0 0 0 0 0 0 0 0 0 0 0 0 0 0 0 0 1 0 8 0 0 0 0 2 0 0 0 0 0 73 4 8 0 0 0 14 0 0 0 43 0 0 2 0 0 0 0 0 0 0 0 0 2 0 0 0 0 0 0 0 0 0 25 0 0 0 0 0 0 0 0 
 3 3 3 152 3 78 3 3 3 3 3 3 3 3 3 3 3 3 3 3 182 0 142 89 50 37 194 81 356 41 321 94 60 143 209 26 28 111 34 141 0 0 2 0 72 0 0 0 0 0 0 0 63 1 6 0 0 0 3 0 2 0 0 0 0 4 0 0 0 0 0 0 2 0 0 0 3 0 0 3 0 0 0 0 0 10 0 0 0 0 10 0 0 0 0 0 0 0 0 0 12 69 0 0 0 10 1 0 19 113 4 11 3 0 12 2 4 0 0 0 7 0 0 0 0 0 0 0 0 0 0 0 0 11 0 0 0 0 0 21 0 0 0 0 0 0 0 0 0 0 0 0 0 0 0 0 0 0 0 0 0 0 0 0 11 0 0 2 0 0 0 0 0 0 0 0 1 0 0 0 0 35 15 6 9 20 0 25 0 10 25 14 34 12 10 8 57 28 10 7 0 0 0 0 0 0 0 0 0 0 0 0 51 1 0 0 0 0 25 11 0 0 0 0 0 0 0 0 0 13 0 0 0 0 0 0 11 0 0 0 0 0 18 0 0 0 0 0 75 0 0 0 0 0 10 0 0 1 1 0 2 2 0 0 0 0 11 0 0 0 0 0 0 0 0 0 0 0 0 0 0 0 0 0 0 0 0 30 0 0 
 0 0 1 0 0 83 0 0 53 1 0 0 0 0 0 0 0 0 0 0 165 142 0 361 215 121 159 223 184 218 46 207 143 48 223 273 342 67 47 33 3 3 2 2 3 0 0 0 3 0 0 0 61 0 3 36 0 0 68 65 1 0 0 0 0 3 0 0 0 0 0 1 2 0 0 0 3 2 2 0 0 2 1 0 0 0 0 7 0 0 0 0 9 0 0 0 0 0 0 0 1 12 6 0 15 0 1 0 10 2 11 1 1 23 16 1 56 32 11 0 6 24 0 0 0 0 18 0 9 0 0 0 19 24 10 0 0 0 28 21 0 1 0 4 0 0 0 0 0 0 0 0 0 0 2 19 0 15 0 0 0 0 0 0 13 7 0 0 0 0 0 0 0 0 0 0 2 0 0 0 1 30 4 20 0 32 9 20 26 0 24 9 17 14 4 0 23 32 0 0 4 0 0 0 0 0 10 0 9 0 0 0 38 17 0 0 0 0 15 4 0 0 0 0 0 0 1 0 0 0 0 2 0 14 0 0 0 0 0 0 0 0 0 0 0 0 0 0 0 0 0 0 0 0 14 0 0 78 55 0 28 15 0 0 0 0 0 0 0 0 0 0 0 0 0 0 0 0 0 0 0 0 0 0 0 0 1 0 0 0 
 0 0 0 0 0 1 0 0 2 3 0 0 2 0 0 0 0 0 7 0 128 89 361 0 93 28 189 165 550 106 70 245 205 416 172 281 514 48 48 255 0 3 2 3 0 3 0 0 0 2 2 2 3 0 0 65 3 0 3 66 5 0 0 62 0 0 0 0 4 2 0 0 2 0 5 0 3 0 0 0 0 0 0 0 0 0 0 2 0 0 0 0 0 0 0 0 0 0 0 18 10 0 47 20 0 16 20 10 36 10 3 43 11 90 30 0 49 12 0 0 0 0 0 0 0 0 20 0 0 20 0 0 21 0 19 0 0 0 0 14 0 0 0 3 0 20 0 0 2 0 0 0 0 0 0 0 0 0 0 0 0 0 0 0 0 0 0 10 0 0 0 0 0 0 0 0 1 33 0 0 0 0 18 4 57 0 21 9 26 3 37 59 0 21 1 2 21 0 0 1 0 0 0 0 0 0 0 0 0 0 0 0 58 0 0 0 0 0 24 5 2 0 0 0 1 0 0 0 0 0 0 0 0 0 0 0 0 0 0 0 0 0 0 0 0 0 0 0 0 0 0 0 0 0 13 2 1 2 77 1 0 12 0 0 0 0 0 0 0 0 0 0 0 0 0 0 0 0 0 0 0 13 0 0 0 0 0 0 0 0 
 0 0 0 0 0 2 0 0 3 5 0 0 0 0 0 0 2 0 0 0 30 50 215 93 0 227 563 82 358 148 186 234 85 73 183 198 287 131 70 101 0 161 2 2 0 0 1 0 0 0 0 0 0 0 0 0 0 0 3 25 3 0 0 0 0 25 0 0 0 0 0 70 2 0 0 0 3 0 3 4 0 0 0 0 2 0 0 0 0 0 0 0 0 0 0 0 0 0 0 0 0 10 7 9 14 0 0 0 25 26 20 0 0 0 0 9 12 36 0 0 1 32 20 0 0 0 0 8 0 5 0 0 6 0 0 8 9 0 36 18 0 0 0 5 0 0 3 0 0 0 0 0 0 0 0 0 0 0 0 0 0 0 0 0 0 15 0 1 2 2 0 0 0 0 0 0 0 0 0 0 0 20 0 12 0 5 0 0 0 20 22 0 0 0 4 0 0 20 9 0 41 0 0 0 0 1 0 25 14 0 0 0 0 19 19 0 0 0 0 0 0 0 0 2 0 0 0 0 0 0 0 0 0 0 13 0 0 0 0 0 0 0 0 0 0 0 0 0 0 1 0 0 0 0 9 0 1 88 74 0 26 0 0 0 0 0 15 0 0 0 0 2 0 0 0 0 0 0 0 0 0 0 0 0 0 0 8 0 0 0 
 0 1 0 0 0 2 0 0 0 0 0 0 0 0 0 1 0 0 0 0 30 37 121 28 227 0 35 103 296 433 259 134 51 37 60 50 282 272 73 77 0 0 2 0 0 0 62 0 62 0 0 0 18 0 67 1 62 0 67 63 25 0 0 0 0 0 0 0 0 0 0 2 7 0 0 0 3 0 0 0 0 0 0 0 0 0 0 0 0 0 0 0 0 0 0 0 0 0 0 0 0 0 1 11 0 0 0 8 0 0 22 0 0 0 3 0 0 16 0 0 26 38 19 0 0 0 6 1 16 23 9 0 20 3 12 4 0 0 33 22 0 4 0 1 0 4 0 0 0 0 1 0 0 0 0 0 0 0 0 0 22 0 0 0 0 1 0 0 0 0 0 1 0 0 0 0 0 0 5 0 0 0 0 0 0 0 0 0 2 12 0 27 15 0 0 1 0 0 0 0 37 0 8 14 0 7 42 33 14 17 0 0 0 0 17 42 7 0 12 1 0 0 0 0 0 0 0 0 0 0 0 0 1 0 0 0 0 0 4 0 0 0 44 0 0 0 0 0 0 0 0 0 0 0 12 0 0 3 0 6 10 0 0 0 0 0 0 2 0 0 0 0 0 0 0 0 0 0 0 0 0 13 0 2 0 0 0 0 0 0 
 0 76 30 24 0 85 0 37 0 1 68 0 34 0 0 73 21 0 2 0 234 194 159 189 563 35 0 406 124 48 245 180 106 62 206 182 293 236 74 222 0 0 2 0 0 0 0 0 0 0 0 0 0 0 0 0 0 0 3 0 3 0 0 0 31 3 0 0 0 0 0 0 2 0 0 0 2 0 0 0 0 0 0 0 0 21 0 0 0 1 9 0 0 0 0 0 0 0 0 0 24 9 19 29 12 3 17 30 25 12 10 0 41 24 12 10 0 1 0 0 0 0 1 0 0 0 0 0 0 0 0 0 14 0 0 0 0 0 0 0 0 0 0 0 0 0 0 0 0 0 0 0 0 0 0 0 12 0 0 0 0 0 0 0 0 0 0 0 2 3 0 0 0 2 0 0 0 0 0 0 12 28 21 0 12 0 2 60 0 23 0 20 13 24 66 0 16 22 18 37 0 0 0 0 0 1 0 0 2 0 0 0 0 0 0 0 0 0 0 0 0 0 14 2 0 0 0 0 0 0 0 0 0 0 0 0 0 0 0 0 0 0 0 0 0 0 0 0 2 0 0 0 0 0 8 0 1 0 77 0 1 0 0 0 0 0 0 0 0 0 0 2 0 0 0 0 0 0 0 0 0 10 0 0 0 0 14 0 0 0 
 0 1 0 0 75 84 0 0 0 0 1 0 0 0 0 0 0 0 0 0 106 81 223 165 82 103 406 0 626 96 286 31 186 620 357 64 146 567 252 232 0 0 2 0 0 0 0 0 1 0 0 0 0 0 0 2 1 0 4 67 3 0 0 0 0 0 0 0 0 0 0 0 51 0 0 7 3 0 0 0 0 0 0 1 0 17 0 0 0 0 0 0 0 0 0 0 0 0 0 0 42 27 14 48 18 0 39 15 19 0 9 10 0 12 27 1 15 20 26 13 0 0 0 0 0 0 0 0 0 0 0 0 0 0 0 0 0 0 0 0 0 9 0 1 0 5 0 0 0 0 10 0 0 0 0 0 0 0 0 0 0 0 0 0 0 1 0 0 0 1 0 13 0 0 0 0 1 0 0 0 17 0 0 0 0 0 0 12 30 25 1 12 13 55 9 41 10 34 0 22 0 0 0 0 0 0 1 0 0 0 0 0 0 0 8 0 0 1 0 0 0 0 0 5 0 0 0 0 0 0 0 0 0 0 0 0 0 0 0 0 0 0 0 0 0 0 0 0 0 2 0 0 0 0 13 0 2 79 1 1 6 2 0 0 0 0 0 0 0 0 0 0 0 0 0 0 0 0 0 19 0 62 0 2 0 11 0 0 0 0 
 0 0 3 0 77 0 0 0 5 0 0 1 0 0 0 0 2 74 0 0 131 356 184 550 358 296 124 626 0 479 262 141 289 157 210 374 186 278 134 448 2 5 60 0 0 0 2 0 2 2 3 0 65 1 14 3 0 0 3 18 3 0 0 0 1 9 0 3 2 2 0 2 4 2 49 1 3 0 1 5 0 0 0 0 0 11 0 0 1 0 0 0 0 0 0 0 0 0 0 0 20 24 45 60 2 5 13 33 7 14 0 17 0 0 11 10 15 15 22 0 8 2 0 0 0 0 0 0 0 0 0 0 1 1 0 16 0 0 0 29 0 0 0 0 0 19 0 0 0 0 4 0 0 0 0 0 0 1 0 0 0 0 0 0 0 0 0 0 0 0 0 0 0 0 0 0 2 0 0 0 7 12 26 3 0 21 1 4 6 44 9 52 0 0 2 16 14 31 0 9 0 0 0 0 0 0 0 0 0 0 0 0 19 8 12 2 9 0 0 11 0 0 0 0 0 0 0 0 1 0 0 0 0 0 1 0 0 0 8 0 0 0 20 0 0 1 0 0 0 0 0 0 0 0 17 1 4 4 79 4 3 1 0 0 0 0 12 0 0 0 0 0 0 0 0 0 0 0 0 0 0 12 0 0 0 12 2 0 0 0 
 0 0 3 0 0 3 0 0 0 3 0 0 0 0 1 0 0 0 1 0 40 41 218 106 148 433 48 96 479 0 279 120 552 104 111 267 147 40 141 193 53 0 2 0 58 0 2 0 0 0 0 0 0 6 6 5 4 2 12 88 1 0 4 0 6 1 0 0 5 0 0 0 2 0 0 0 3 0 0 2 0 0 0 0 0 0 0 0 0 0 0 0 0 0 0 1 0 0 0 0 0 9 57 11 10 9 18 8 0 32 11 10 12 22 15 2 28 16 0 0 0 11 0 0 0 0 1 0 0 14 0 0 0 0 0 0 2 0 0 21 0 6 0 0 0 3 0 2 0 0 4 0 0 0 0 0 0 0 0 0 0 0 0 0 0 6 0 20 0 0 0 0 2 0 0 0 1 0 0 0 0 13 15 15 31 0 0 21 11 21 32 10 0 0 1 19 7 0 0 2 11 0 0 0 0 0 0 12 0 0 0 0 0 38 26 0 0 0 1 0 0 0 0 0 0 0 0 0 0 0 0 0 0 0 0 0 0 0 0 0 0 0 24 0 0 0 0 0 0 0 0 0 0 2 3 0 2 148 78 0 2 1 0 0 0 0 0 0 0 0 0 0 0 0 0 0 0 0 0 0 0 11 0 0 0 0 0 0 0 0 
 0 0 0 0 0 3 0 0 0 4 0 0 0 77 0 0 75 0 0 0 31 321 46 70 186 259 245 286 262 279 0 197 98 64 67 151 222 62 194 156 0 0 2 0 0 0 62 0 0 0 0 0 66 0 3 2 0 0 67 124 1 0 2 0 0 1 0 0 0 0 0 0 2 0 0 0 9 0 0 0 0 0 0 0 0 0 0 0 0 0 0 0 0 0 0 0 0 0 1 0 0 0 39 14 0 0 19 10 1 6 33 43 11 19 15 9 19 30 0 0 8 27 0 0 0 2 13 3 13 0 0 0 0 33 1 0 0 0 31 23 2 1 2 0 0 2 0 0 0 0 7 0 0 0 0 0 0 0 0 0 0 0 0 0 0 0 1 0 0 0 0 0 0 0 0 0 0 0 1 0 0 11 22 0 35 12 0 12 10 11 1 26 0 0 1 27 6 0 0 0 2 0 2 0 0 0 28 9 9 0 0 0 7 0 26 22 0 0 4 12 0 0 0 0 0 0 0 0 0 0 0 0 0 0 0 0 3 0 5 0 0 0 14 0 0 0 0 0 0 0 0 0 0 0 14 0 2 79 3 0 0 8 0 0 0 0 0 0 0 0 0 0 0 0 0 0 0 0 0 0 0 8 0 0 0 0 0 0 0 0 
 2 0 0 0 0 31 0 0 1 0 1 0 0 0 0 0 0 0 0 1 29 94 207 245 234 134 180 31 141 120 197 0 40 106 143 396 186 92 108 50 5 0 2 0 3 2 36 0 2 0 6 0 1 92 2 68 30 0 2 0 3 3 3 0 4 0 1 0 0 0 3 0 6 0 0 2 2 0 0 0 0 0 0 0 0 0 0 10 0 0 0 0 0 0 0 0 0 0 0 0 13 7 6 6 9 14 9 9 18 0 0 10 0 6 9 0 7 24 0 0 17 0 0 0 0 0 0 37 0 0 0 0 0 12 9 6 0 0 15 10 0 0 0 8 0 4 0 0 0 0 0 0 0 0 0 0 0 0 0 0 0 0 0 0 0 0 0 3 1 1 13 0 0 1 0 0 2 0 0 0 0 8 0 9 0 2 29 15 0 58 22 25 0 12 0 0 10 0 0 0 36 2 0 0 0 2 24 10 1 0 18 0 0 12 30 0 0 0 45 0 0 0 2 0 0 0 0 0 0 0 0 0 0 0 0 17 0 0 0 0 0 0 0 0 0 0 0 0 0 0 0 0 0 0 7 0 4 154 41 0 13 30 0 0 0 0 0 0 0 0 2 1 0 0 0 0 0 0 0 0 0 16 0 0 0 0 0 0 0 0 
 3 82 29 76 3 103 2 3 38 78 137 2 2 2 3 85 2 140 3 5 273 60 143 205 85 51 106 186 289 552 98 40 0 234 101 151 48 105 156 278 0 0 2 0 0 0 0 0 2 0 66 0 0 0 0 62 0 0 3 0 1 0 0 0 0 1 0 0 0 0 0 0 2 0 0 0 3 0 0 0 0 1 16 1 21 0 0 0 12 0 12 11 0 0 0 0 19 0 0 0 0 0 22 1 0 0 28 0 0 0 2 10 32 25 67 0 43 24 0 30 0 12 0 0 0 0 0 0 0 0 0 0 0 0 0 0 0 0 0 0 0 2 0 26 0 6 0 0 0 0 0 0 0 0 0 2 0 0 0 18 0 0 14 17 0 14 0 0 1 17 17 11 0 0 0 16 1 14 0 0 1 0 1 0 11 0 57 14 1 1 11 0 0 15 9 0 16 0 12 45 0 0 0 0 0 0 0 0 0 0 0 2 12 0 0 0 0 0 51 0 0 0 0 0 0 0 2 0 0 0 0 1 0 0 0 0 0 0 0 0 0 11 0 0 0 0 67 1 0 0 21 0 0 0 22 0 1 0 0 0 3 13 0 0 0 0 0 0 0 0 0 0 0 0 0 0 0 0 0 0 0 0 0 0 0 0 0 0 0 2 
 0 1 12 72 76 150 0 0 3 0 75 0 0 0 0 0 0 73 2 0 188 143 48 416 73 37 62 620 157 104 64 106 234 0 309 196 106 293 118 362 0 0 2 0 0 0 3 3 7 0 5 0 0 0 3 30 5 0 3 0 51 0 0 0 0 2 6 6 0 0 0 0 5 0 3 0 6 0 0 0 0 0 0 11 0 0 0 0 0 0 0 20 0 0 0 0 12 0 0 0 12 19 32 12 0 0 60 1 2 0 1 20 48 27 22 11 28 31 6 37 0 0 0 0 0 0 0 0 0 0 0 0 0 19 0 0 0 0 0 0 0 0 0 3 0 0 0 0 0 0 0 0 0 0 0 0 0 0 0 0 0 0 0 13 25 8 5 0 1 0 2 0 0 3 0 0 2 0 0 0 8 10 37 7 22 0 23 31 16 0 10 8 13 22 1 1 17 1 13 23 0 0 0 0 0 0 0 0 0 0 0 0 0 0 0 0 0 0 0 0 0 0 0 0 0 0 0 0 0 0 0 0 0 0 0 0 0 0 0 0 0 0 0 0 0 0 0 0 66 104 13 0 0 0 10 0 1 0 0 3 6 13 0 0 0 0 0 0 0 0 0 0 0 0 0 0 0 0 0 0 0 0 0 0 0 0 0 0 0 0 
 74 0 0 0 0 1 0 0 0 0 0 2 0 1 0 0 0 0 0 0 58 209 223 172 183 60 206 357 210 111 67 143 101 309 0 354 353 44 662 409 0 0 2 0 0 6 0 0 0 0 2 0 1 0 1 61 0 39 3 1 2 0 0 0 0 6 2 0 0 0 0 0 2 33 0 0 3 0 0 5 0 0 0 2 0 32 2 0 0 0 0 1 0 0 0 0 0 0 0 0 71 13 0 18 1 0 21 0 34 29 6 12 0 21 39 9 42 9 13 0 0 1 0 0 0 0 0 0 0 0 0 0 12 0 0 0 0 0 0 12 0 0 0 4 0 13 0 0 0 0 0 0 0 0 0 0 0 0 0 1 1 0 0 0 10 0 0 2 0 0 0 0 0 0 0 0 1 0 0 0 0 32 28 7 1 1 21 0 8 2 20 0 0 40 22 11 23 22 2 12 0 0 0 0 0 0 0 0 0 0 0 0 27 0 0 0 0 0 23 0 0 0 0 0 0 0 0 0 0 0 0 0 0 0 0 0 0 0 0 1 0 0 0 0 0 0 0 0 79 0 0 0 0 0 10 0 0 1 3 2 0 15 0 0 0 5 12 0 0 0 0 0 0 0 0 0 0 0 0 0 0 11 0 0 0 0 13 0 0 0 
 0 1 0 0 2 0 0 0 0 0 0 0 0 0 0 0 0 0 0 2 105 26 273 281 198 50 182 64 374 267 151 396 151 196 354 0 241 33 118 129 69 0 2 0 0 0 0 0 0 0 2 0 1 4 1 67 2 0 3 63 2 4 0 0 0 0 3 3 0 0 4 0 2 24 0 0 3 2 0 0 0 0 0 0 0 0 0 0 0 0 0 0 0 0 0 0 0 0 0 0 13 12 36 25 21 12 12 6 12 10 23 0 12 10 22 0 45 24 0 0 0 24 0 0 2 0 13 0 0 0 0 0 15 1 0 0 0 0 0 12 0 0 0 6 0 5 0 0 0 0 2 0 0 10 0 0 0 7 0 0 0 17 0 0 0 7 0 3 0 6 0 0 0 0 0 0 1 0 0 0 0 4 8 2 5 0 18 12 12 36 32 18 0 63 1 1 24 1 0 0 0 0 0 0 1 0 0 0 0 0 0 0 12 13 0 0 0 0 11 0 0 0 0 0 0 0 0 0 0 0 0 2 8 0 0 0 0 0 0 0 0 0 2 0 0 0 0 0 0 0 0 0 0 0 8 0 1 1 80 2 5 11 0 0 0 2 0 0 0 0 0 0 0 0 0 0 0 0 0 0 0 13 0 0 0 0 0 0 0 0 
 2 2 0 2 78 2 2 2 5 3 2 3 1 4 2 4 3 2 2 2 115 28 342 514 287 282 293 146 186 147 222 186 48 106 353 241 0 142 426 503 0 0 3 0 2 0 0 1 4 3 0 0 0 0 0 4 0 5 2 62 3 0 0 53 0 4 0 0 0 0 0 0 2 0 0 0 2 2 0 0 0 0 0 0 0 0 0 0 0 18 0 0 0 0 0 0 0 0 1 0 24 0 46 36 10 16 42 11 22 26 14 31 13 20 18 16 2 19 0 0 0 0 0 0 0 2 7 2 2 0 0 0 1 0 24 0 0 0 0 0 2 0 2 0 0 0 0 0 0 0 6 0 0 0 0 0 0 0 0 0 0 0 0 0 0 0 1 0 0 9 0 0 0 0 0 0 1 0 0 0 0 0 26 15 69 0 0 0 19 10 4 29 0 11 1 47 13 56 0 10 0 0 2 0 0 0 0 1 0 22 0 0 0 0 6 1 0 0 0 11 0 0 0 0 0 0 0 0 0 0 0 0 0 0 0 0 0 0 0 0 0 0 0 0 0 0 0 0 0 0 0 0 0 0 30 0 0 83 75 0 2 0 0 0 0 0 0 0 0 0 0 0 0 0 0 0 0 0 0 0 0 10 0 0 0 0 0 0 0 0 
 0 0 0 0 0 8 0 0 0 0 0 0 0 0 0 0 0 0 1 0 106 111 67 48 131 272 236 567 278 40 62 92 105 293 44 33 142 0 135 35 0 0 2 0 0 0 0 0 1 0 64 0 54 0 0 0 0 0 3 0 1 1 0 0 0 2 1 1 0 0 0 0 2 0 0 0 3 5 0 0 0 0 0 0 0 0 0 0 0 0 0 0 0 0 0 0 0 0 0 0 15 18 0 19 41 0 0 9 4 0 13 10 0 0 11 0 0 14 5 1 4 0 0 0 0 0 9 0 0 0 0 0 3 14 9 1 1 0 0 5 0 0 0 0 0 0 7 0 0 0 0 0 0 7 0 0 0 8 0 0 0 9 0 0 0 0 0 0 0 0 0 0 0 0 0 0 2 0 0 0 4 0 3 13 15 32 1 1 18 18 0 10 0 25 0 18 0 18 0 0 0 0 0 0 0 0 24 0 0 0 0 0 30 18 0 0 0 0 38 20 0 0 0 0 0 0 0 0 0 0 20 0 0 0 0 0 0 0 0 13 0 0 0 0 0 0 0 0 0 0 0 0 0 0 5 0 1 95 2 0 6 0 0 0 0 0 0 0 0 0 0 0 0 0 0 0 0 0 0 9 0 0 0 0 0 11 0 0 0 0 
 0 76 20 96 0 81 0 0 0 2 64 0 0 0 2 73 21 0 2 0 240 34 47 48 70 73 74 252 134 141 194 108 156 118 662 118 426 135 0 255 0 0 2 0 0 0 0 0 0 0 0 0 0 0 0 2 0 0 3 0 3 0 0 0 0 0 0 2 55 0 0 0 2 0 37 0 3 0 0 0 0 0 0 0 0 33 0 0 0 1 7 0 0 0 0 2 1 0 0 0 49 15 24 32 14 0 30 49 26 1 0 10 15 43 35 14 6 0 9 10 0 0 0 0 0 0 0 0 0 0 0 0 0 0 0 0 0 0 0 0 0 0 0 0 0 0 0 0 0 0 0 0 0 0 0 0 0 0 1 0 0 0 1 0 0 1 0 0 0 3 1 18 1 1 7 0 0 0 0 0 30 0 0 0 0 0 0 16 16 37 0 21 44 7 19 0 18 36 19 14 0 0 0 0 0 15 0 0 0 21 0 0 20 0 2 0 0 0 2 1 0 0 0 0 0 0 0 0 0 0 0 0 0 0 0 0 0 0 0 0 0 0 0 0 0 0 0 0 0 0 0 0 0 1 10 2 0 0 79 0 3 0 0 0 0 0 0 0 0 0 0 0 0 0 0 0 0 0 0 16 0 11 0 0 0 10 0 0 0 0 
 74 1 0 0 60 75 0 0 2 0 74 0 0 0 1 73 2 79 0 0 267 141 33 255 101 77 222 232 448 193 156 50 278 362 409 129 503 35 255 0 0 0 68 0 0 0 0 0 1 0 0 0 0 0 0 0 0 0 2 0 3 0 0 1 0 0 0 0 0 0 0 0 2 0 0 1 2 0 0 0 0 0 0 1 0 1 0 0 11 0 9 10 0 0 0 0 18 1 0 0 37 16 30 16 9 7 49 9 9 12 0 5 16 18 15 2 11 22 0 27 0 0 2 0 0 0 0 0 0 0 0 3 0 0 0 0 0 0 0 6 1 1 1 0 0 0 0 0 0 0 0 0 0 0 0 0 0 0 0 0 0 0 0 25 16 0 5 0 0 0 0 0 0 1 0 0 3 0 0 0 2 9 17 0 20 0 32 26 14 43 2 22 16 15 10 22 25 26 14 27 0 0 1 0 0 0 0 0 0 0 0 0 0 0 0 0 0 0 0 0 0 0 19 0 0 0 0 0 0 0 0 0 0 0 0 0 0 0 0 0 0 0 0 0 0 0 0 0 23 11 41 0 0 0 10 2 2 0 43 0 0 0 0 0 0 0 0 0 0 0 0 0 0 0 0 0 0 0 0 0 0 16 0 0 0 0 0 0 0 4 
 0 0 0 0 0 0 58 0 0 0 0 0 0 0 79 0 0 0 0 0 0 0 3 0 0 0 0 0 2 53 0 5 0 0 0 69 0 0 0 0 0 167 151 71 32 165 129 176 95 97 127 87 354 18 429 83 165 99 90 46 0 0 0 0 0 0 0 2 0 3 0 0 0 7 6 51 0 0 51 0 0 0 0 0 0 0 0 0 0 0 0 0 0 0 0 0 0 0 0 0 0 0 0 0 0 0 0 0 0 0 0 0 0 0 0 0 0 0 0 0 0 0 10 11 58 11 1 54 11 12 10 0 0 10 0 0 0 23 0 0 0 0 0 0 0 0 0 0 0 3 0 0 0 0 0 0 0 9 19 0 0 2 0 0 0 0 0 0 0 0 0 0 0 0 0 0 0 0 0 0 0 0 0 0 0 0 0 0 0 0 0 0 0 0 0 0 0 0 0 0 12 40 10 26 6 10 0 0 0 84 19 24 0 15 0 9 32 15 3 1 0 1 0 0 0 2 0 0 0 0 0 0 11 19 0 0 0 0 0 0 0 0 0 0 0 0 0 0 0 0 0 7 0 0 0 0 0 0 0 25 0 0 64 65 0 1 2 1 0 0 0 0 0 0 0 0 0 0 0 0 0 0 0 0 0 0 0 0 0 0 
 0 0 0 0 0 0 0 0 0 3 0 0 0 0 0 0 3 0 0 0 0 0 3 3 161 0 0 0 5 0 0 0 0 0 0 0 0 0 0 0 167 0 404 81 53 131 67 223 171 99 51 98 334 107 427 131 45 125 25 43 0 0 1 0 0 3 0 12 3 10 0 3 2 0 3 36 0 5 61 0 0 0 0 0 0 0 0 0 0 0 0 0 0 0 0 0 0 0 0 0 0 0 0 0 0 0 0 0 0 0 0 0 0 0 0 0 0 0 0 0 0 0 46 6 23 11 0 12 0 28 15 31 0 0 0 10 0 29 0 2 0 0 0 0 0 35 0 0 0 1 0 0 0 0 0 0 0 0 18 9 0 0 0 0 0 0 0 0 0 0 9 0 0 0 0 0 0 0 0 0 0 0 0 10 0 0 0 0 0 0 0 0 0 0 0 0 0 0 0 0 0 31 26 10 10 0 0 0 0 11 11 20 0 10 0 2 10 29 0 0 0 8 0 7 0 1 0 0 0 0 0 4 0 24 0 0 0 8 7 1 0 0 0 0 0 0 0 0 0 0 0 12 0 0 1 0 0 0 0 7 0 0 1 75 1 2 0 0 0 0 0 0 0 0 0 6 0 0 0 0 0 0 0 0 0 0 0 0 0 0 
 0 0 0 0 62 0 0 0 0 0 0 0 0 0 0 24 2 29 0 0 4 2 2 2 2 2 2 2 60 2 2 2 2 2 2 2 3 2 2 68 151 404 0 155 40 44 78 112 164 177 164 124 213 60 191 135 369 194 106 261 0 5 0 48 0 0 21 18 12 30 2 0 0 0 7 0 1 0 4 0 0 0 0 0 0 0 0 0 0 0 0 0 0 0 0 0 0 0 0 0 0 0 0 0 0 1 0 0 0 0 0 0 0 0 0 0 0 0 0 0 9 0 44 14 17 13 0 22 25 7 16 13 7 5 0 0 10 0 5 0 0 0 0 7 16 11 1 0 0 7 5 0 0 1 7 0 0 4 6 7 0 0 0 5 8 0 0 0 0 0 0 2 0 0 5 0 0 0 0 0 0 0 0 0 0 11 0 0 0 0 0 0 0 0 0 0 0 0 0 0 0 11 14 12 13 14 12 6 0 21 12 20 5 14 0 1 18 12 7 0 4 16 0 0 0 0 0 0 0 0 4 0 0 0 17 0 0 0 0 0 0 0 0 0 0 63 0 0 0 0 0 8 0 0 0 2 0 0 0 2 0 0 0 1 0 13 1 1 0 0 7 2 0 0 0 0 0 0 0 0 0 0 0 0 10 0 0 0 0 0 
 0 0 3 0 0 0 0 0 0 2 0 0 0 3 0 0 0 0 0 0 0 0 2 3 2 0 0 0 0 0 0 0 0 0 0 0 0 0 0 0 71 81 155 0 222 98 57 307 74 167 121 459 74 267 126 434 60 221 59 79 1 0 0 0 0 2 0 4 0 3 0 0 51 0 0 17 0 3 95 0 0 0 0 0 0 0 0 0 0 0 0 0 0 0 0 0 0 0 0 0 7 0 0 0 0 0 0 0 0 0 0 0 0 0 0 0 0 0 0 0 0 0 10 1 10 13 0 8 0 9 12 24 0 0 0 19 8 9 0 0 0 0 0 0 0 0 0 6 4 0 0 3 2 0 0 10 0 0 10 34 0 0 0 0 0 0 0 0 0 0 0 0 0 11 0 0 0 0 0 0 0 0 0 0 0 0 0 0 0 0 0 0 0 0 0 0 0 0 0 0 0 12 0 20 0 21 0 0 19 11 5 0 0 10 0 13 22 17 0 0 0 11 1 13 0 0 9 8 39 0 7 0 9 47 47 0 0 0 0 19 0 0 0 0 0 0 0 0 0 0 0 2 0 0 0 0 0 0 0 17 0 0 0 115 1 1 2 0 0 0 0 0 0 0 0 0 0 0 0 0 0 0 0 0 21 16 0 23 1 1 
 0 0 0 28 0 0 0 29 0 3 0 0 0 0 0 0 0 0 0 0 0 72 3 0 0 0 0 0 0 58 0 3 0 0 0 0 2 0 0 0 32 53 40 222 0 128 32 91 67 72 77 147 109 45 80 131 52 41 54 93 20 0 0 2 0 0 14 0 0 57 0 0 99 1 0 0 0 0 50 53 0 0 0 0 0 0 0 0 0 0 0 0 0 0 0 0 0 0 0 0 0 0 0 0 0 0 0 0 0 0 0 0 0 0 0 0 0 0 1 0 0 0 0 1 0 4 0 0 0 0 7 7 0 0 0 2 0 0 0 0 5 10 59 0 0 19 27 26 18 0 0 0 20 2 32 8 19 0 1 0 0 0 0 0 0 0 0 0 0 0 3 0 0 0 0 0 0 4 0 4 0 0 0 0 0 0 0 0 0 0 0 0 0 0 0 0 0 0 0 0 0 0 0 1 0 1 0 0 29 0 0 1 0 0 0 1 0 0 0 0 0 1 8 20 0 0 28 20 9 0 6 0 53 0 51 37 0 29 5 30 1 0 0 0 0 0 0 0 0 0 0 4 0 0 0 0 0 0 0 1 0 0 0 0 3 6 0 0 0 0 0 0 0 1 0 0 0 0 0 0 0 0 0 0 1 2 0 1 3 0 
 0 0 0 0 0 0 0 0 0 2 0 0 0 0 0 0 0 0 0 0 0 0 0 3 0 0 0 0 0 0 0 2 0 0 6 0 0 0 0 0 165 131 44 98 128 0 96 100 78 39 132 40 43 39 309 132 90 291 39 87 50 57 0 0 0 0 0 4 0 0 50 0 0 0 54 18 31 51 50 64 0 0 0 0 0 0 0 0 0 0 0 0 0 0 0 0 0 0 0 0 0 0 0 0 0 1 0 0 0 0 0 0 0 0 0 0 0 0 0 0 0 0 12 0 9 13 0 14 0 8 35 7 0 0 0 1 0 6 0 0 0 7 13 14 0 17 8 0 0 0 0 0 0 9 9 0 8 10 6 0 0 1 0 0 0 0 0 0 0 0 0 0 0 0 0 0 0 0 0 0 0 0 0 0 0 7 0 0 0 0 0 0 0 0 0 0 0 0 0 0 0 4 6 10 12 0 0 0 0 12 0 10 0 13 1 0 7 16 0 1 13 10 31 2 1 3 17 11 6 0 16 0 0 19 13 1 0 0 0 18 0 0 0 0 0 0 0 0 0 0 0 11 0 0 0 0 0 0 0 11 0 0 38 63 0 12 1 0 0 2 0 0 0 0 0 6 0 0 0 0 0 0 0 0 0 0 0 0 1 0 
 0 0 0 0 0 0 0 0 0 0 0 0 0 0 0 0 0 0 0 0 0 0 0 0 1 62 0 0 2 2 62 36 0 3 0 0 0 0 0 0 129 67 78 57 32 96 0 97 70 66 347 33 470 210 323 39 33 81 41 215 0 0 0 0 0 0 0 0 0 7 0 0 0 4 4 204 0 0 0 0 0 0 0 0 0 0 0 0 0 0 0 0 0 1 0 0 0 0 9 0 0 0 0 0 0 3 0 0 0 0 0 0 0 0 0 0 0 0 0 0 18 10 15 12 15 0 12 62 34 14 0 9 30 0 56 3 40 0 22 10 0 0 0 0 0 0 0 10 0 0 0 0 0 0 0 0 0 2 0 0 7 4 0 0 0 0 0 0 0 0 0 0 0 0 0 0 1 0 10 0 0 0 0 0 0 0 0 0 0 0 0 0 0 0 0 0 0 0 0 0 36 5 14 29 0 20 46 27 7 0 13 20 1 10 18 13 7 17 8 45 0 0 0 0 0 0 0 0 0 0 0 0 0 0 0 0 0 0 0 0 0 0 0 0 0 0 0 0 0 0 0 7 0 0 0 0 0 65 2 0 0 0 1 0 0 0 4 71 0 0 10 0 0 0 2 0 0 0 0 0 0 0 0 0 0 8 0 0 0 0 
 0 0 63 0 0 1 0 0 0 0 0 0 0 0 0 0 0 0 0 0 0 0 0 0 0 0 0 0 0 0 0 0 0 3 0 0 1 0 0 0 176 223 112 307 91 100 97 0 215 67 110 30 137 117 410 105 77 90 124 63 0 4 2 4 3 1 0 4 1 1 4 0 0 0 0 59 6 6 1 1 0 0 0 0 0 0 0 0 0 0 0 0 0 0 0 0 0 0 0 0 0 0 0 0 10 13 0 0 0 0 0 1 0 0 0 0 0 0 0 0 11 0 12 0 0 21 7 30 0 22 11 7 0 0 0 21 2 31 0 0 0 0 0 0 0 0 0 0 0 0 0 0 0 0 0 0 0 0 12 0 0 13 0 0 0 0 0 0 0 0 0 0 0 0 1 0 0 0 0 0 0 0 0 11 12 9 0 0 0 0 0 0 0 0 0 0 0 0 0 0 0 19 15 30 0 19 0 0 26 13 8 24 0 17 13 8 7 17 0 1 0 11 0 0 0 0 3 0 0 0 0 0 0 0 0 0 0 0 7 15 0 0 0 0 0 0 0 0 0 0 0 2 0 1 0 0 0 0 1 2 0 0 1 34 0 0 0 0 0 18 0 0 0 0 0 0 0 0 0 0 0 0 0 0 32 0 0 19 0 0 
 0 0 0 2 0 3 0 0 0 0 1 0 0 0 0 0 0 2 0 0 0 0 3 0 0 62 0 1 2 0 0 2 2 7 0 0 4 1 0 1 95 171 164 74 67 78 70 215 0 537 41 47 280 73 406 156 132 56 249 384 4 1 0 0 0 0 0 0 0 0 0 0 2 0 0 1 0 0 0 0 0 0 0 5 0 0 0 0 0 0 0 0 0 0 0 0 0 0 0 0 0 0 0 10 0 11 0 0 0 0 0 0 3 0 0 0 0 0 0 0 10 14 24 11 0 0 0 0 21 40 0 13 7 41 0 2 12 0 26 1 0 0 0 0 0 0 0 0 0 0 0 0 0 0 0 0 0 4 1 0 2 7 3 0 2 4 0 0 0 0 0 0 0 0 0 0 23 3 0 0 5 0 0 4 0 11 0 0 6 0 0 0 0 0 0 0 0 0 2 0 10 20 0 0 0 0 1 21 1 36 12 9 6 36 21 18 0 34 0 1 0 0 0 0 0 0 0 0 0 0 0 0 0 0 0 0 0 0 0 0 0 0 11 0 0 0 3 0 0 0 0 5 0 2 0 0 0 0 0 0 0 0 1 63 1 0 2 0 2 0 7 0 0 0 0 0 0 0 0 0 0 0 0 0 10 0 0 0 0 0 
 2 2 2 2 5 2 2 2 2 2 2 2 2 2 2 2 6 2 2 3 0 0 0 2 0 0 0 0 2 0 0 0 0 0 0 0 3 0 0 0 97 99 177 167 72 39 66 67 537 0 148 102 167 153 117 221 119 118 133 184 0 0 0 43 0 0 20 33 8 0 0 0 0 0 0 0 0 0 0 0 0 0 0 0 0 11 0 0 0 0 0 0 0 0 0 0 0 0 0 0 0 0 0 0 0 0 0 0 0 12 0 0 0 0 0 0 0 0 0 0 0 15 45 20 0 1 0 0 17 19 8 0 14 18 17 0 17 3 0 21 0 0 0 0 0 0 1 15 0 1 0 0 2 1 0 0 0 3 19 22 0 0 0 7 4 0 0 0 0 0 0 0 0 0 4 0 0 0 0 0 0 0 0 0 6 0 0 0 0 0 0 0 0 0 0 0 0 0 0 0 5 27 0 1 20 20 4 0 1 20 10 16 0 9 2 6 2 41 1 21 4 0 0 0 0 0 1 0 0 0 0 0 9 13 0 0 0 0 14 7 0 0 0 0 0 0 0 0 0 0 0 0 0 0 0 0 0 0 0 11 0 0 2 0 0 11 0 0 2 0 8 0 0 0 0 0 0 0 0 0 0 0 0 0 1 35 0 0 1 0 
 0 0 0 0 2 0 0 0 0 3 0 0 0 0 0 0 2 0 0 0 0 0 0 2 0 0 0 0 3 0 0 6 66 5 2 2 0 64 0 0 127 51 164 121 77 132 347 110 41 148 0 143 240 98 214 130 429 116 46 91 0 0 0 52 0 48 50 63 0 1 0 0 0 1 1 0 0 0 1 1 0 0 0 0 0 0 0 0 3 0 0 0 0 0 0 0 0 0 10 0 0 0 0 0 0 0 0 0 0 0 0 0 0 0 0 0 0 0 0 0 0 35 21 27 10 14 0 34 0 2 12 4 0 5 15 22 6 8 0 0 0 0 0 0 0 0 0 0 10 5 0 0 0 18 1 0 0 0 30 3 0 0 0 3 11 0 0 0 0 0 5 0 0 0 0 0 0 0 10 0 0 0 0 0 0 0 0 0 0 0 0 0 0 0 0 0 0 0 0 0 16 1 24 45 15 64 0 0 20 0 0 16 0 0 0 9 20 12 0 0 9 1 0 0 0 0 34 0 0 0 0 0 0 0 0 0 0 1 29 9 0 0 0 0 0 0 0 0 0 0 0 0 0 2 1 0 0 0 0 2 0 0 28 0 0 5 2 1 0 0 0 0 0 0 0 0 0 0 0 0 0 0 0 0 24 0 0 20 0 0 
 0 0 1 0 0 0 0 0 0 38 0 0 0 0 0 0 0 0 0 0 34 0 0 2 0 0 0 0 0 0 0 0 0 0 0 0 0 0 0 0 87 98 124 459 147 40 33 30 47 102 143 0 36 44 82 463 154 99 69 30 0 0 0 52 0 0 58 82 0 2 0 0 75 0 0 0 0 0 100 26 0 0 0 0 0 0 0 0 0 0 0 0 0 0 0 0 0 0 0 0 0 0 0 0 0 0 0 0 0 0 0 0 0 0 0 0 0 0 0 0 0 0 40 0 0 31 0 28 0 8 28 42 0 0 0 0 0 0 0 0 12 0 0 0 0 0 0 0 39 0 0 0 10 10 0 16 0 0 11 20 0 0 0 0 4 0 0 0 0 0 7 0 0 0 0 0 0 0 0 0 3 0 0 0 0 0 0 0 0 0 0 0 5 0 0 0 0 0 0 0 0 0 28 10 0 43 0 0 0 0 0 25 0 0 0 1 50 11 0 0 60 19 0 0 0 0 0 13 0 0 0 0 21 0 11 0 0 9 12 1 0 0 0 0 0 0 0 0 0 0 0 6 0 0 0 0 0 0 0 12 0 0 0 0 34 2 0 0 0 0 0 0 0 0 0 0 0 0 0 0 0 0 0 0 0 16 0 0 1 0 
 0 0 0 0 0 0 0 0 0 0 0 0 0 0 0 0 0 0 12 0 0 63 61 3 0 18 0 0 65 0 66 1 0 0 1 1 0 54 0 0 354 334 213 74 109 43 470 137 280 167 240 36 0 97 33 39 130 93 174 127 0 0 0 0 0 1 0 0 1 0 0 0 0 0 0 0 0 0 0 6 0 0 0 0 0 0 0 0 0 0 0 0 0 0 0 0 0 0 0 0 16 0 0 1 10 0 0 0 0 1 0 0 0 0 0 0 0 0 0 0 52 10 23 9 2 0 8 0 55 21 0 0 24 12 30 1 13 0 15 20 0 0 0 0 0 0 0 0 0 0 0 42 0 0 0 2 3 5 0 0 0 0 0 0 0 0 0 0 0 0 0 7 6 0 0 0 15 0 7 0 0 0 0 7 0 12 0 0 0 1 0 10 0 0 0 0 0 1 0 0 0 6 7 9 0 1 29 14 4 18 0 10 37 22 0 18 8 27 9 50 0 0 0 0 0 0 0 0 0 0 0 0 0 0 0 0 0 0 2 0 0 0 0 0 0 0 0 0 0 0 0 0 0 0 0 0 0 62 1 0 0 0 0 0 0 2 2 0 0 0 11 0 0 0 0 0 0 0 0 0 0 0 0 0 0 0 0 0 0 0 
 0 0 0 0 0 3 1 5 5 0 0 0 9 0 0 0 0 0 13 4 0 1 0 0 0 0 0 0 1 6 0 92 0 0 0 4 0 0 0 0 18 107 60 267 45 39 210 117 73 153 98 44 97 0 217 39 213 130 68 130 0 6 0 0 0 0 0 0 2 0 2 0 54 0 0 0 0 1 0 0 0 0 0 0 0 0 0 0 0 0 0 0 0 0 7 0 4 0 0 0 0 0 0 0 8 21 0 0 0 0 0 0 0 0 0 0 0 0 0 0 8 6 42 14 11 0 0 16 0 24 12 10 15 37 37 44 12 0 10 14 0 0 0 0 0 0 0 0 0 0 0 0 0 0 0 0 0 0 0 0 9 3 0 0 0 0 3 12 0 0 0 0 0 6 0 0 0 0 3 1 0 0 0 1 0 0 0 0 0 0 0 10 0 0 0 0 6 0 0 0 70 0 27 37 0 6 57 11 0 1 11 9 0 14 21 1 57 10 23 25 7 0 0 0 0 1 0 0 0 0 0 0 0 0 0 0 0 0 1 0 0 0 0 0 0 0 0 0 0 0 0 3 0 2 0 0 0 62 0 2 0 0 75 0 0 2 0 0 0 0 0 0 0 0 0 0 0 0 0 0 0 0 0 0 0 0 0 0 0 0 
 0 0 3 0 0 0 0 0 0 0 0 0 0 0 0 0 0 0 0 0 0 6 3 0 0 67 0 0 14 6 3 2 0 3 1 1 0 0 0 0 429 427 191 126 80 309 323 410 406 117 214 82 33 217 0 386 87 259 130 334 0 0 0 0 0 0 0 9 0 2 0 0 0 32 0 0 0 2 0 0 0 0 0 0 0 0 0 0 0 0 0 0 0 0 0 0 0 0 0 0 0 8 1 0 0 18 0 2 0 3 1 0 0 0 0 8 13 0 0 0 10 0 12 18 23 19 0 50 11 41 47 10 6 18 19 9 15 13 0 0 0 0 0 0 0 0 0 0 0 6 0 0 0 0 0 0 0 0 20 0 9 6 0 0 14 0 0 0 0 0 0 0 0 0 0 0 1 0 4 0 0 6 0 0 11 0 0 8 0 9 0 0 0 0 0 44 0 0 0 0 22 28 35 39 29 9 0 24 0 9 56 45 1 0 15 0 36 17 21 23 0 18 0 18 0 0 0 0 0 0 0 0 0 0 0 0 0 0 0 0 0 0 17 0 0 0 0 0 0 0 0 8 0 2 0 0 0 0 6 1 0 0 67 2 1 4 0 0 0 0 0 0 0 0 0 0 0 0 0 0 0 0 0 0 0 0 0 0 0 0 
 0 0 2 0 2 63 30 0 0 0 0 0 0 0 0 0 0 0 2 0 71 0 36 65 0 1 0 2 3 5 2 68 62 30 61 67 4 0 2 0 83 131 135 434 131 132 39 105 156 221 130 463 39 39 386 0 93 57 53 141 2 4 4 0 3 0 1 6 12 1 1 6 52 0 4 2 21 9 51 4 0 0 0 11 0 0 0 0 0 0 0 10 0 0 0 0 0 0 0 0 0 12 0 0 0 1 0 0 0 0 0 0 2 3 11 0 19 9 0 0 0 0 0 0 0 0 0 0 0 40 17 28 0 0 0 2 4 7 0 0 0 1 1 14 1 0 5 9 5 1 8 0 19 7 1 0 0 1 0 17 4 9 0 0 0 0 0 0 0 0 0 0 0 0 0 0 0 0 0 0 0 8 0 0 0 0 28 9 0 0 10 0 18 21 0 0 17 0 0 0 8 0 0 0 10 0 0 0 10 20 3 0 0 24 14 0 11 9 0 0 0 21 4 0 0 0 1 0 0 0 0 0 11 16 1 0 0 0 0 13 0 0 0 0 0 0 0 0 0 0 0 5 0 0 0 0 0 2 0 1 0 30 1 63 2 2 10 0 0 1 0 0 0 0 0 0 0 0 0 0 0 0 0 0 0 22 0 0 0 0 
 0 0 0 0 0 0 0 0 5 3 0 0 0 0 0 0 0 0 0 0 0 0 0 3 0 62 0 1 0 4 0 30 0 5 0 2 0 0 0 0 165 45 369 60 52 90 33 77 132 119 429 154 130 213 87 93 0 177 121 249 10 0 0 17 0 0 27 1 0 0 0 0 3 0 0 0 0 1 1 205 0 0 0 0 0 0 0 0 0 0 6 0 0 0 0 0 0 0 0 0 0 0 0 0 0 10 0 0 0 0 0 0 0 0 0 0 0 0 0 0 10 9 10 17 15 0 0 28 22 0 11 0 8 35 10 0 11 0 22 9 0 0 0 0 0 0 0 0 0 0 0 0 0 1 0 0 0 9 1 9 0 0 0 28 1 0 0 0 0 0 0 0 0 0 1 0 0 0 0 0 0 0 0 0 0 1 0 0 0 0 0 0 0 0 0 0 0 0 0 0 8 1 0 0 12 13 11 5 0 64 20 11 1 9 18 0 7 10 10 6 19 0 0 0 0 5 0 0 0 0 0 0 0 2 0 0 0 0 0 0 0 0 5 0 0 0 0 0 0 0 0 2 0 1 0 0 0 0 0 1 0 0 0 2 1 11 2 0 1 0 10 0 0 0 0 0 0 0 0 0 0 0 0 0 0 0 0 0 0 0 
 0 0 0 0 0 0 2 0 0 3 0 0 2 0 0 0 0 0 0 0 0 0 0 0 0 0 0 0 0 2 0 0 0 0 39 0 5 0 0 0 99 125 194 221 41 291 81 90 56 118 116 99 93 130 259 57 177 0 37 28 0 0 0 52 0 0 53 9 0 2 0 0 22 48 0 1 0 0 51 0 0 0 0 0 0 0 0 0 0 0 0 0 0 0 0 0 0 0 0 0 0 0 0 0 0 0 0 0 0 0 0 0 0 0 0 0 0 0 0 0 2 15 28 17 21 4 0 26 13 10 24 8 34 0 22 21 19 7 0 5 0 0 0 0 0 0 0 0 0 1 0 0 0 0 0 0 0 18 26 2 0 0 0 27 0 0 0 0 0 12 0 0 0 0 5 0 0 0 0 0 0 0 0 0 0 0 0 0 0 0 0 0 0 0 0 0 0 0 0 0 24 13 35 40 14 51 2 0 20 0 5 23 0 8 6 3 22 49 0 25 16 20 0 0 21 0 6 0 0 0 0 0 3 18 0 12 0 0 9 0 0 0 0 0 0 0 0 0 0 0 0 6 0 0 0 0 0 0 0 8 0 0 0 0 2 6 0 0 0 0 8 0 0 0 0 0 0 0 0 0 0 0 0 0 28 0 0 64 1 0 
 3 4 3 3 2 6 3 3 3 76 3 3 3 3 1 3 3 3 3 2 3 3 68 3 3 67 3 4 3 12 67 2 3 3 3 3 2 3 3 2 90 25 106 59 54 39 41 124 249 133 46 69 174 68 130 53 121 37 0 81 9 0 0 0 0 0 0 0 0 0 0 0 23 0 0 0 0 0 0 0 0 0 0 0 0 0 0 0 0 0 0 0 0 0 0 0 0 0 0 0 0 0 21 0 11 28 0 0 0 0 19 0 0 0 0 0 14 0 0 0 15 13 0 0 10 0 5 1 20 0 0 0 0 27 0 0 12 0 54 0 0 0 0 0 0 9 0 0 0 0 0 0 0 0 0 0 0 6 0 0 0 0 0 0 0 3 0 0 0 0 0 0 0 0 0 0 0 0 0 0 0 0 0 19 30 25 0 0 0 9 0 0 7 0 0 0 0 0 0 0 0 18 0 0 0 1 0 45 25 32 1 0 22 0 37 15 11 0 0 0 0 0 0 0 0 5 0 0 0 0 0 0 0 0 0 0 0 0 2 0 0 0 4 0 0 0 0 0 0 0 0 4 0 0 0 0 0 0 63 1 0 0 2 0 0 2 0 0 0 0 0 0 0 0 0 1 0 0 0 0 0 0 0 0 20 0 0 0 0 0 
 0 0 0 0 0 0 0 0 0 0 0 0 0 0 0 0 0 0 0 0 0 0 65 66 25 63 0 67 18 88 124 0 0 0 1 63 62 0 0 0 46 43 261 79 93 87 215 63 384 184 91 30 127 130 334 141 249 28 81 0 0 2 3 3 3 12 0 0 0 5 1 1 4 6 7 0 0 0 0 0 0 0 0 0 0 0 0 0 0 0 0 8 0 0 0 0 0 0 0 0 0 0 12 10 8 10 0 7 0 0 4 9 0 0 1 0 0 14 0 0 0 33 8 20 19 0 21 6 8 0 0 7 0 0 0 8 18 0 21 19 0 6 0 1 0 0 0 21 0 0 4 0 0 0 0 0 0 0 0 0 6 12 0 0 0 0 0 0 0 0 0 0 12 0 0 0 1 0 4 0 0 0 10 1 0 0 0 0 0 0 1 12 0 0 0 5 0 0 0 0 27 0 1 1 0 6 0 24 3 0 9 19 0 17 43 11 0 0 0 8 0 0 0 0 0 3 0 0 1 0 0 0 0 0 0 0 0 0 1 0 0 0 0 0 0 0 0 0 0 0 0 8 0 0 0 0 0 81 1 2 0 0 2 1 3 0 2 17 0 0 0 0 0 0 0 0 0 0 0 0 0 17 0 0 0 0 0 0 0 0 
 0 0 0 0 51 0 0 0 0 0 0 0 0 0 0 0 0 0 0 0 3 2 1 5 3 25 3 3 3 1 1 3 1 51 2 2 3 1 3 3 0 0 0 1 20 50 0 0 4 0 0 0 0 0 0 2 10 0 9 0 0 46 62 25 43 76 191 73 21 121 51 28 137 223 81 92 116 22 40 96 0 0 0 0 0 0 0 0 0 0 7 0 0 0 19 0 0 0 0 0 0 0 0 0 0 11 0 0 0 0 2 0 0 0 0 0 0 0 0 0 1 0 0 0 0 0 0 0 0 0 0 1 0 1 0 0 0 0 4 0 14 0 27 0 0 1 7 11 20 0 4 20 24 1 0 25 27 0 0 0 0 0 0 0 0 0 0 0 0 0 0 0 0 0 0 0 0 6 0 0 0 0 0 0 0 0 0 0 0 0 0 0 0 0 0 0 0 0 0 0 0 0 0 1 0 0 0 11 0 11 0 0 0 0 1 0 0 0 0 0 0 0 14 21 0 0 0 37 48 4 33 9 2 109 25 32 0 27 0 2 0 0 25 0 0 0 0 0 0 0 0 0 0 59 4 0 0 0 0 0 0 0 1 0 0 0 0 0 0 0 32 0 0 16 0 0 0 0 0 0 0 0 0 0 0 0 0 0 0 0 
