 0 120 371 101 354 35 73 130 345 128 46 42 243 148 135 94 44 39 271 43 0 4 2 0 2 0 0 0 0 0 123 2 0 0 2 0 0 0 3 0 0 0 0 0 2 0 0 0 0 0 0 2 0 0 0 0 0 3 3 0 0 0 0 0 0 0 0 0 0 0 3 0 0 0 1 0 0 0 0 0 29 1 0 17 15 3 16 10 0 16 6 21 29 16 1 0 12 0 0 12 0 0 0 0 0 0 0 0 0 0 0 0 12 0 0 0 0 0 0 0 0 0 0 0 0 0 1 0 0 0 0 0 0 0 0 0 0 0 0 0 0 0 0 0 0 6 0 0 0 0 0 0 0 0 0 0 3 0 0 0 14 10 0 0 0 1 2 11 21 1 13 0 18 25 32 13 0 8 0 0 1 0 0 0 0 0 0 0 0 0 1 0 27 0 0 0 0 0 16 0 0 1 0 0 0 2 0 0 0 0 12 0 0 0 0 0 0 0 0 2 0 0 0 0 0 0 1 0 0 0 0 0 0 0 5 0 0 13 0 0 0 9 0 0 0 1 94 2 0 2 0 16 0 0 2 0 0 0 0 0 0 0 52 0 0 0 1 0 0 2 0 0 0 0 0 0 0 10 0 0 0 0 0 0 0 0 0 0 0 0 
 120 0 393 346 163 284 184 114 133 362 214 28 431 204 386 595 208 237 299 380 0 8 2 0 0 0 0 0 0 0 0 0 2 0 0 0 0 0 8 0 0 1 1 0 2 0 0 0 4 0 0 2 0 31 0 2 0 0 3 0 3 0 2 55 0 0 0 0 0 3 3 40 0 0 5 0 1 0 0 0 30 6 35 1 17 0 1 13 28 15 19 11 0 26 17 23 43 29 12 2 0 0 0 0 0 2 41 1 0 0 0 5 0 0 22 0 0 0 2 0 0 0 0 0 0 0 0 0 0 0 0 2 0 0 0 0 0 0 0 0 0 0 0 0 0 0 0 0 0 0 0 0 0 0 0 0 1 0 0 0 0 5 5 28 26 6 29 2 10 0 17 16 0 39 13 1 85 6 0 14 0 0 0 0 0 0 10 23 0 2 0 0 8 0 0 0 0 0 23 0 0 0 0 0 0 0 0 0 2 0 0 0 0 0 0 0 0 0 0 0 0 0 0 0 0 0 0 1 0 0 0 0 16 0 0 0 0 0 0 0 0 0 0 0 0 0 1 2 1 4 35 2 0 0 0 0 0 0 0 0 0 0 0 0 0 0 0 0 0 0 0 0 0 0 0 0 0 0 0 0 0 0 0 0 0 0 0 0 0 0 
 371 393 0 304 130 32 178 195 257 323 69 137 131 162 134 149 242 123 131 94 0 3 4 0 0 0 0 0 0 1 0 0 1 0 0 0 0 0 4 0 0 0 0 0 2 15 0 0 0 0 0 2 0 0 0 0 0 0 3 0 0 0 0 0 0 0 0 0 0 0 3 31 0 0 2 0 0 0 0 0 19 0 31 44 0 18 90 31 23 0 80 0 7 2 13 2 3 0 15 7 1 0 1 0 0 0 25 10 0 0 0 0 17 0 0 14 0 0 17 19 0 0 0 0 0 2 0 0 0 0 0 0 0 0 0 0 0 0 1 0 0 0 0 0 0 0 0 0 0 0 0 0 0 0 0 0 0 0 0 0 48 10 0 87 0 10 7 14 42 39 10 22 9 13 0 5 0 17 0 1 0 0 0 0 0 0 2 19 2 0 0 0 0 0 0 0 0 2 22 0 0 0 0 0 0 0 0 0 0 0 0 0 0 0 0 0 0 0 60 0 0 0 0 0 0 0 0 0 0 0 0 0 0 0 0 0 0 0 0 0 0 0 0 0 2 0 91 0 0 92 0 4 16 0 0 0 0 0 0 0 0 0 0 0 0 0 0 0 0 0 0 0 0 0 0 11 0 0 0 0 0 0 0 0 0 0 0 0 0 0 
 101 346 304 0 264 66 194 56 344 470 281 124 510 174 285 39 287 170 228 66 77 2 2 0 2 0 3 0 0 0 0 0 1 1 3 2 2 0 3 0 2 0 0 0 2 0 0 0 0 3 0 4 0 0 0 0 0 1 2 4 3 2 0 0 3 0 0 0 0 0 56 61 3 0 1 0 2 3 0 0 14 10 60 39 16 43 0 2 43 0 41 17 0 13 1 22 56 9 13 0 0 15 0 0 0 0 22 6 0 0 0 0 1 0 1 16 0 0 27 0 0 0 0 0 0 0 0 0 0 0 0 0 0 0 0 0 0 0 0 0 0 0 0 0 0 0 0 0 0 0 0 0 0 0 0 0 4 0 0 0 0 27 0 15 0 14 18 10 8 12 31 0 0 0 0 19 10 11 0 14 0 32 0 0 0 0 1 36 0 0 0 0 10 9 0 0 0 0 36 10 0 0 0 0 0 0 0 14 0 0 0 4 0 0 0 0 0 0 0 0 0 0 0 0 0 0 0 0 0 0 0 0 0 0 0 0 0 0 0 0 0 0 0 0 0 0 93 2 2 89 1 8 18 0 0 0 0 0 1 0 0 0 0 0 0 0 0 0 0 0 0 0 0 0 0 1 9 10 0 0 0 0 0 1 0 0 0 0 0 0 
 354 163 130 264 0 184 47 51 393 185 145 40 69 67 85 332 62 48 293 69 1 2 3 3 3 77 85 0 1 0 126 3 74 0 4 1 4 3 8 36 0 0 1 5 4 2 0 0 2 1 1 4 0 4 3 5 6 2 6 0 0 0 2 2 0 5 1 3 5 0 3 35 3 2 8 4 11 0 2 2 0 16 8 8 19 16 0 0 0 0 0 26 0 0 0 1 18 31 0 0 23 2 6 0 0 0 36 0 0 0 0 0 1 0 11 0 0 31 0 0 0 0 0 0 0 0 0 0 0 0 0 1 2 1 0 10 0 0 0 0 0 0 0 0 0 0 0 0 0 0 1 0 0 0 0 0 3 2 0 0 0 34 0 10 67 22 0 0 30 10 34 13 0 17 2 8 0 0 0 0 0 0 0 0 0 0 0 12 0 0 0 0 12 0 0 13 0 0 46 13 0 0 0 0 0 0 0 0 0 0 0 14 0 1 0 0 2 0 0 0 0 0 0 0 0 0 0 2 0 0 0 0 0 0 0 0 0 0 0 0 0 0 0 0 0 3 5 0 1 5 21 1 3 0 0 0 2 0 0 0 0 0 0 0 0 1 0 0 0 0 0 0 2 0 48 0 0 34 0 0 0 0 0 0 0 0 0 0 0 0 
 35 284 32 66 184 0 36 38 46 42 329 133 45 39 36 52 150 144 35 318 78 2 70 1 0 0 75 15 0 0 2 0 15 147 0 38 1 140 230 76 0 0 0 0 2 0 0 0 0 0 0 2 0 0 1 0 0 0 3 0 1 0 0 0 0 0 0 0 0 1 3 51 1 0 3 0 1 0 0 0 0 0 27 9 0 0 0 0 0 1 26 22 0 0 12 16 84 27 0 0 2 10 0 0 0 0 14 8 0 0 18 0 46 21 0 0 12 14 14 23 0 0 0 0 1 12 10 0 0 0 0 0 0 0 20 0 0 0 0 0 0 0 0 2 0 0 0 0 0 0 0 0 0 0 3 0 0 0 0 0 0 8 52 29 18 1 0 5 6 0 10 0 0 0 0 0 0 0 1 0 1 10 0 0 0 0 25 26 19 5 13 5 38 0 23 32 1 24 9 0 0 1 0 0 0 2 0 0 0 0 0 0 0 0 0 0 0 1 0 2 0 0 0 0 0 0 1 0 0 0 0 0 0 1 0 0 0 0 0 0 0 0 0 0 0 4 5 0 2 6 1 13 0 6 0 0 0 0 2 0 0 0 0 0 0 0 0 0 0 1 0 0 0 0 0 9 10 0 0 26 0 0 0 0 0 0 0 0 0 2 
 73 184 178 194 47 36 0 529 444 121 37 23 195 254 116 32 62 116 351 149 0 4 2 3 4 0 0 0 2 0 0 0 0 0 0 1 2 0 3 0 0 2 2 0 2 0 0 0 4 0 0 2 0 0 0 0 0 0 2 0 0 2 0 0 0 2 0 0 0 3 3 0 0 2 8 0 0 0 0 0 2 24 38 15 16 0 20 46 41 0 20 0 18 17 11 11 11 2 1 25 0 0 0 0 0 0 0 0 0 0 0 0 0 0 0 0 0 0 0 0 1 0 12 0 0 0 0 0 0 0 0 0 0 0 0 0 0 0 0 0 0 5 0 0 0 0 0 0 0 0 0 0 0 0 0 2 0 0 0 0 21 0 53 33 0 0 25 23 10 17 8 18 0 0 4 13 28 13 19 28 0 0 0 0 0 0 0 0 0 0 0 0 0 0 0 0 0 0 1 0 0 0 0 0 0 0 0 0 0 0 0 5 0 0 0 0 0 0 0 0 0 0 0 0 0 0 0 0 0 0 0 0 0 0 0 0 0 0 0 0 0 0 0 0 0 2 92 0 0 0 6 5 0 0 0 0 0 0 0 0 0 0 0 0 0 0 0 0 0 0 0 0 0 0 0 0 12 0 0 0 0 0 0 0 0 0 0 0 0 0 
 130 114 195 56 51 38 529 0 86 43 50 247 264 240 64 110 124 62 474 375 3 3 2 0 3 0 0 0 0 0 1 2 4 2 0 3 2 0 2 0 0 1 0 35 2 0 0 0 0 0 1 2 3 1 0 0 2 7 4 0 3 0 1 45 0 3 0 0 2 3 3 1 0 0 3 40 1 0 0 0 11 33 0 11 0 35 0 13 14 5 0 0 14 25 34 11 0 10 0 72 0 0 0 0 0 0 0 0 0 0 0 0 0 0 0 0 0 0 0 0 0 0 0 0 0 0 0 1 0 0 0 0 0 0 0 0 0 0 0 0 0 0 0 0 0 0 0 0 0 0 0 0 0 0 0 0 0 0 0 0 40 3 27 1 21 22 41 12 10 10 1 1 1 10 0 4 31 21 0 0 0 0 0 0 7 0 0 0 0 0 0 0 0 0 0 0 0 0 0 0 0 14 0 0 0 0 18 0 0 0 0 0 0 0 0 0 4 0 0 0 0 0 0 0 0 0 0 0 0 0 0 0 0 0 0 0 0 0 0 0 0 10 0 0 0 0 90 0 2 0 0 6 0 0 0 0 0 0 0 0 0 0 15 0 0 0 0 0 0 0 0 0 0 0 0 0 1 0 0 0 0 0 0 0 0 0 0 0 0 0 
 345 133 257 344 393 46 444 86 0 330 135 238 170 85 92 164 156 162 410 165 0 3 2 0 0 0 0 0 2 0 0 0 0 0 0 0 0 0 3 0 0 0 0 0 2 0 0 0 0 0 0 2 0 0 0 1 0 0 3 0 0 0 0 0 0 0 0 0 0 0 3 51 0 0 7 0 0 0 0 0 16 21 24 22 0 15 38 42 25 0 7 0 0 18 33 10 30 23 1 30 0 15 0 0 0 0 17 0 0 0 0 0 14 0 0 0 0 0 15 12 0 3 0 0 0 0 0 0 1 0 0 0 0 0 0 0 0 0 0 0 0 0 0 0 0 0 0 0 0 0 0 0 0 0 0 2 0 0 0 0 30 20 36 32 3 0 27 30 15 0 13 16 0 5 0 7 1 2 0 0 0 0 0 0 0 0 0 15 0 0 0 0 3 0 1 0 0 0 16 0 0 0 0 0 0 0 0 0 0 0 0 0 0 0 2 0 0 0 0 0 0 0 0 0 0 0 0 0 0 0 0 0 0 0 0 0 0 0 0 0 0 0 0 0 0 2 89 0 3 87 2 9 0 0 0 0 0 0 0 0 0 0 0 0 0 0 0 0 0 0 0 0 0 0 0 0 1 0 0 0 0 0 0 0 0 2 0 0 0 0 
 128 362 323 470 185 42 121 43 330 0 186 125 367 80 100 533 241 34 189 109 0 4 2 0 0 1 0 0 0 0 2 0 1 0 0 1 0 0 3 0 0 0 0 0 2 4 0 0 0 0 0 4 0 0 0 0 0 0 3 0 1 0 0 0 0 0 0 0 0 1 3 62 0 34 3 0 0 0 0 0 0 11 48 1 11 31 12 1 20 23 41 11 0 0 3 5 40 10 0 0 0 0 0 0 0 0 25 0 55 1 0 0 0 0 0 0 15 0 3 21 0 0 0 0 0 0 12 0 0 0 0 0 0 0 0 0 0 0 0 0 0 2 0 0 0 0 0 9 0 0 0 0 0 0 0 0 7 0 2 0 0 19 0 25 8 16 15 24 0 43 24 14 0 0 41 22 27 28 0 15 0 0 0 0 0 1 13 42 19 0 0 0 11 0 0 0 0 0 19 29 0 0 0 0 0 0 0 0 0 0 0 0 1 14 0 0 0 0 0 0 0 0 0 0 0 0 0 0 0 0 0 0 0 0 0 0 0 0 0 0 0 0 0 0 0 0 2 0 0 3 0 12 1 0 0 0 0 0 0 0 0 0 0 0 0 0 0 0 0 0 0 0 0 0 0 10 9 1 0 0 0 0 0 0 0 0 0 0 0 0 
 46 214 69 281 145 329 37 50 135 186 0 111 57 39 88 403 339 134 38 272 0 4 2 2 2 0 0 75 2 0 0 0 151 73 3 0 3 0 31 0 0 1 0 0 5 0 0 0 0 3 2 2 1 0 0 0 3 5 3 0 3 0 3 4 0 0 0 0 0 3 5 1 0 3 7 3 1 0 1 0 0 2 25 20 3 31 1 1 1 22 16 36 0 0 9 1 36 34 0 1 16 0 0 0 0 0 29 0 0 0 0 0 17 0 14 0 0 0 16 28 2 0 0 0 0 0 1 0 0 1 0 0 0 0 0 0 0 0 0 0 0 0 0 0 0 0 0 0 0 0 0 0 0 0 7 0 8 0 0 0 1 8 14 10 111 21 0 4 9 17 8 18 0 20 9 0 13 12 0 0 0 0 0 0 0 0 21 2 0 0 0 0 0 0 0 0 0 0 24 0 0 0 0 0 0 0 0 0 0 0 0 0 0 0 0 0 0 0 0 0 0 0 0 0 0 0 0 0 0 0 0 1 0 0 0 0 2 0 0 0 0 0 0 0 0 6 96 0 1 1 18 20 0 0 0 0 0 0 0 0 0 0 2 0 0 0 0 0 0 0 0 0 0 0 0 9 11 1 0 0 0 0 0 0 0 0 0 0 0 0 
 42 28 137 124 40 133 23 247 238 125 111 0 37 44 48 120 172 166 22 112 63 101 2 1 27 0 75 99 0 0 0 0 80 17 17 75 0 1 113 1 0 3 0 0 2 34 0 0 0 0 0 2 0 0 0 0 0 0 3 2 0 0 0 0 0 0 0 0 0 0 3 2 0 0 1 0 0 0 0 0 0 0 0 28 34 2 0 0 0 30 64 13 0 0 0 0 0 1 1 0 14 11 9 1 0 0 26 11 14 0 0 0 11 37 35 20 14 3 17 49 0 0 0 0 9 2 1 0 0 0 0 0 0 0 0 0 0 0 0 0 0 0 0 1 0 0 1 1 0 0 0 0 0 0 15 0 0 0 0 0 0 0 0 2 10 13 1 0 0 2 21 2 0 0 0 0 0 0 0 0 0 26 9 0 0 0 7 0 17 0 1 0 12 26 0 0 0 2 20 73 0 0 0 0 0 0 0 0 0 0 0 0 0 0 0 1 0 0 0 0 0 0 0 0 0 0 16 0 0 0 0 0 0 0 0 0 0 0 0 0 0 0 0 0 2 1 2 0 3 49 2 3 0 0 0 0 0 0 0 0 0 0 0 0 0 0 0 0 0 0 0 0 0 0 0 21 0 0 0 0 0 0 0 0 0 0 0 0 0 0 
 243 431 131 510 69 45 195 264 170 367 57 37 0 190 71 210 120 133 375 91 0 3 2 0 3 0 0 0 0 0 1 1 1 0 0 0 0 0 3 0 0 0 0 0 2 0 0 0 124 0 0 2 0 0 0 0 0 0 3 0 1 0 0 0 0 0 0 0 0 1 3 0 0 0 8 0 0 0 0 0 30 48 8 0 0 16 27 49 34 0 1 0 0 40 40 32 1 29 25 48 0 0 0 0 0 0 0 2 0 0 6 0 22 0 2 0 0 0 1 0 0 0 1 0 0 0 0 0 0 0 0 0 0 0 0 0 0 2 0 0 0 0 0 0 0 0 0 0 0 0 0 0 14 0 0 0 0 0 0 0 0 24 5 1 0 0 41 9 0 22 2 2 10 26 4 18 15 31 20 19 0 0 0 0 0 0 0 0 0 0 0 0 0 0 0 0 0 0 10 0 0 0 0 0 2 0 0 0 1 0 0 0 0 0 0 0 0 0 0 0 0 0 0 0 0 0 0 0 0 0 2 0 0 0 0 0 0 0 0 10 0 0 0 0 0 0 0 0 0 91 1 0 0 0 1 0 0 0 0 0 0 0 0 0 0 0 0 0 0 0 0 0 0 0 0 0 15 0 0 0 0 0 0 0 0 0 0 0 0 0 
 148 204 162 174 67 39 254 240 85 80 39 44 190 0 739 46 60 131 326 396 1 6 2 0 1 2 0 0 0 0 0 0 0 0 73 0 0 0 3 0 0 0 0 0 2 0 0 0 0 0 0 2 0 0 0 0 0 7 2 0 0 0 0 0 0 0 0 0 0 0 3 0 0 0 0 0 0 0 0 0 20 10 10 0 0 19 0 1 3 39 0 0 23 19 22 9 2 0 10 4 0 5 0 0 0 0 0 0 0 0 0 0 0 1 0 0 0 0 1 15 0 0 0 0 0 0 0 0 0 0 0 0 0 0 0 0 0 0 0 0 0 0 0 0 0 0 0 0 0 0 0 0 0 0 0 0 9 0 0 0 19 7 16 15 9 0 16 10 1 14 1 20 0 10 28 11 0 39 0 0 0 0 0 0 0 0 13 0 0 0 0 0 0 0 0 0 0 0 11 0 0 0 0 0 0 0 0 0 0 0 0 0 0 1 0 0 0 0 0 0 0 0 0 0 0 0 0 0 0 0 0 0 0 0 0 0 2 0 0 0 0 4 0 0 0 1 1 0 0 2 0 7 1 0 0 0 0 0 0 0 0 0 10 0 0 0 0 0 0 0 0 0 0 0 0 7 0 0 0 0 0 0 0 0 0 0 0 0 0 0 
 135 386 134 285 85 36 116 64 92 100 88 48 71 739 0 106 142 134 322 280 0 4 2 0 2 0 0 1 0 0 0 0 2 0 0 0 0 0 2 0 0 1 0 0 2 0 0 0 0 0 0 2 0 0 0 0 1 11 3 0 3 0 0 0 63 0 0 0 0 3 3 0 0 0 3 0 2 0 0 0 18 46 0 14 0 21 10 0 20 14 0 19 30 0 9 22 5 1 0 1 0 0 0 0 0 0 0 0 0 0 0 0 1 0 0 0 0 0 0 0 0 0 0 0 0 0 0 0 0 0 0 1 2 0 0 0 0 0 15 0 0 0 0 0 0 0 0 0 0 0 1 0 0 20 0 0 0 2 0 0 64 1 17 0 75 38 0 0 27 9 0 1 9 18 21 14 49 0 0 18 0 0 0 0 0 0 0 0 0 0 0 0 0 0 0 0 0 0 0 0 0 0 0 0 0 0 0 0 0 0 0 0 0 1 0 0 2 0 0 0 0 0 0 0 0 6 0 2 9 0 0 0 0 0 0 0 0 0 13 0 0 10 0 0 0 0 92 2 0 2 0 12 0 0 0 0 0 0 0 0 0 0 51 0 0 0 0 0 0 0 0 0 0 0 0 0 1 0 0 0 0 0 0 0 0 0 0 0 0 0 
 94 595 149 39 332 52 32 110 164 533 403 120 210 46 106 0 271 142 44 156 0 4 2 2 0 0 0 0 0 0 0 2 2 1 1 0 0 0 2 2 0 3 0 0 2 9 0 0 0 0 0 2 0 0 0 0 0 0 3 5 2 0 0 0 0 0 0 0 0 2 3 34 0 0 3 0 0 0 0 0 2 23 40 2 30 11 24 42 22 11 1 12 0 0 9 20 1 35 0 11 0 0 0 38 0 0 15 0 2 1 0 15 11 0 0 0 0 0 1 16 0 0 0 0 0 0 0 0 0 0 0 0 0 0 0 0 0 0 0 0 0 2 0 0 0 1 0 0 0 1 0 0 0 0 0 0 0 0 1 0 16 0 10 70 39 12 25 17 0 13 0 93 0 27 10 0 0 58 0 0 0 0 0 0 0 0 12 21 0 0 0 0 9 0 0 0 0 0 11 0 0 0 0 0 0 0 0 0 10 0 21 0 1 0 0 0 0 0 0 0 0 0 0 0 0 0 0 0 0 0 0 0 0 0 0 0 0 0 0 0 0 0 0 0 0 0 0 1 2 39 12 5 2 0 0 0 0 0 0 0 0 0 9 0 0 0 0 0 0 0 0 0 0 0 0 7 0 0 0 0 0 0 0 0 0 0 0 0 0 0 
 44 208 242 287 62 150 62 124 156 241 339 172 120 60 142 271 0 125 64 352 74 14 2 0 0 2 0 2 0 1 0 1 2 0 0 0 3 2 2 0 0 4 0 0 2 9 0 0 0 0 0 10 0 0 0 0 0 0 3 0 3 0 0 2 0 0 0 30 0 3 4 0 0 2 3 0 1 0 0 0 0 32 12 15 14 28 11 25 14 14 31 26 0 0 34 59 30 0 0 10 0 2 0 0 0 0 4 2 0 0 0 30 1 0 1 15 0 1 33 45 0 0 0 0 0 0 14 0 0 0 0 0 0 0 0 0 0 0 0 0 0 0 0 0 0 0 0 0 0 0 1 0 0 0 0 0 0 0 0 0 0 0 17 16 0 6 20 6 0 41 10 0 0 20 2 23 26 29 0 10 0 17 0 0 0 0 1 0 0 0 1 0 23 9 0 0 0 0 15 9 0 0 0 0 0 0 2 0 0 0 0 0 0 1 0 0 0 0 0 0 0 0 0 0 0 0 0 0 0 0 0 0 0 0 0 0 0 0 0 0 0 0 0 0 0 1 0 1 1 88 0 14 18 0 0 0 0 0 0 0 0 0 0 0 0 0 0 0 0 0 0 0 0 0 0 0 20 12 0 0 0 0 0 0 0 0 0 0 0 0 
 39 237 123 170 48 144 116 62 162 34 134 166 133 131 134 142 125 0 24 121 12 3 5 2 1 0 2 2 0 0 0 3 9 73 0 1 1 1 81 0 1 3 0 0 8 62 5 2 0 0 0 8 0 0 0 0 0 0 9 3 4 0 0 0 0 0 0 0 0 4 6 1 0 0 7 0 3 3 0 0 31 7 28 14 21 31 9 9 24 0 15 30 2 10 28 10 54 20 2 0 0 0 0 0 0 0 17 0 0 0 0 0 14 0 12 0 0 0 12 10 0 0 0 0 0 0 0 0 0 0 0 31 0 0 0 0 0 0 0 0 0 0 1 0 0 0 0 0 1 20 0 0 0 0 4 0 1 0 0 0 0 18 22 10 65 40 6 0 69 16 18 0 0 14 1 11 31 0 0 21 0 0 0 0 0 0 0 1 0 0 0 0 2 0 0 0 0 0 4 9 0 0 0 11 0 0 0 1 0 0 0 1 0 0 0 0 0 0 0 0 0 0 0 6 0 0 0 0 0 0 0 0 1 0 0 0 0 0 0 2 0 0 0 0 0 3 94 0 0 0 15 7 0 0 0 0 0 0 0 0 0 0 0 0 0 0 0 0 0 0 0 0 0 0 0 10 0 0 0 0 0 0 0 0 0 0 0 0 0 0 
 271 299 131 228 293 35 351 474 410 189 38 22 375 326 322 44 64 24 0 124 0 4 2 0 3 0 2 0 2 0 0 2 1 0 0 0 0 0 3 0 0 0 0 0 2 0 0 0 0 0 0 2 0 0 0 0 0 0 3 0 0 0 0 0 0 0 0 26 0 0 3 0 0 0 2 0 0 1 0 0 27 26 0 0 0 11 1 18 24 1 1 0 1 14 14 8 1 0 2 20 0 0 0 0 0 1 0 1 0 0 0 0 0 0 0 0 0 0 1 0 13 0 0 0 0 0 0 12 0 0 0 1 2 1 0 0 0 0 0 0 1 0 0 0 4 0 12 0 0 0 0 0 0 0 0 0 2 0 0 0 1 10 0 0 0 0 27 23 0 15 0 0 0 20 0 40 0 16 13 15 15 0 0 0 0 0 0 0 0 0 0 0 0 0 0 0 0 0 13 0 0 0 0 0 0 0 0 0 0 0 0 0 0 0 0 0 0 0 0 0 0 0 0 0 0 0 0 2 0 0 0 0 0 0 0 0 0 0 10 0 0 0 0 0 0 2 2 0 0 15 0 10 0 0 2 0 0 0 0 0 0 0 0 0 0 0 0 0 0 0 0 0 0 0 0 0 16 0 0 0 0 0 0 0 0 0 0 0 0 0 
 43 380 94 66 69 318 149 375 165 109 272 112 91 396 280 156 352 121 124 0 5 4 3 3 2 0 0 0 0 0 201 1 0 0 0 0 0 0 3 0 0 0 0 61 2 0 0 60 0 0 0 2 0 0 0 0 0 8 2 0 0 0 0 0 0 0 0 0 0 0 3 0 0 0 0 0 0 0 0 0 3 42 0 16 0 21 1 24 19 11 0 18 35 0 31 18 14 2 0 9 0 0 0 0 0 0 0 0 0 0 0 0 0 0 0 0 0 0 0 0 0 0 0 0 0 0 0 0 0 0 0 0 0 0 0 0 0 0 0 0 0 0 0 0 2 2 0 0 0 2 0 0 0 0 0 0 0 0 1 0 23 11 17 0 51 25 2 0 26 9 0 0 12 27 19 14 48 0 0 16 0 0 0 0 0 2 0 0 15 0 0 0 0 0 0 0 0 0 0 0 0 0 0 0 0 0 0 0 0 0 0 0 2 0 0 0 0 0 0 0 0 0 1 0 0 0 0 0 0 0 0 0 0 0 0 0 0 0 0 0 0 10 0 0 0 1 92 0 2 0 0 9 0 0 0 0 0 0 0 0 0 0 35 0 0 0 0 0 0 0 0 0 0 0 0 0 0 0 0 0 1 0 0 0 0 0 0 0 0 0 
 0 0 0 77 1 78 0 3 0 0 0 63 0 1 0 0 74 12 0 5 0 209 275 102 240 82 177 42 40 133 327 30 128 287 134 173 108 238 50 207 203 0 0 0 0 0 2 0 3 3 2 56 0 5 0 0 1 2 4 3 3 0 3 0 4 0 0 0 3 0 0 2 0 0 3 3 0 0 2 0 0 0 0 9 13 11 0 0 0 0 14 0 0 0 0 0 0 0 2 0 18 32 7 18 30 0 10 51 16 0 7 0 0 1 23 14 20 0 10 14 0 0 0 0 4 0 0 0 0 0 0 0 8 0 0 0 0 26 2 0 0 0 0 0 0 0 0 0 0 0 1 0 0 0 0 0 0 14 0 0 0 0 0 0 0 7 0 0 0 0 17 0 0 0 0 0 1 0 0 0 17 9 1 12 9 0 24 7 23 36 43 15 1 29 7 10 0 20 11 22 0 0 0 1 0 0 12 0 0 0 0 0 0 0 0 0 0 0 20 0 0 0 0 0 0 0 2 0 0 0 0 0 0 0 0 0 0 0 0 0 0 0 0 0 0 0 0 0 0 27 0 0 0 0 11 0 0 0 0 1 2 0 0 0 0 0 0 0 2 0 0 0 0 0 0 0 0 0 0 16 0 0 0 0 0 0 0 0 0 6 
 4 8 3 2 2 2 4 3 3 4 4 101 3 6 4 4 14 3 4 4 209 0 159 136 45 260 274 158 155 94 396 28 121 65 211 42 41 87 203 164 0 0 0 0 0 0 9 0 0 4 2 0 0 0 0 0 1 3 0 0 3 0 3 0 0 0 0 0 3 0 0 4 0 0 3 3 0 0 2 0 2 0 0 0 9 14 0 0 0 1 2 12 0 0 0 0 0 0 0 0 0 12 0 0 15 0 0 11 10 0 11 19 15 15 11 4 0 9 6 30 0 0 0 0 8 0 9 0 0 0 2 0 0 0 0 0 0 0 0 0 0 0 2 0 0 0 0 0 0 0 2 8 1 0 0 2 0 1 0 0 1 0 0 0 0 0 0 0 0 0 9 3 14 0 10 0 0 0 0 0 21 16 23 0 19 0 18 14 33 13 16 0 9 22 27 1 11 14 10 11 0 0 0 0 2 0 0 0 0 0 8 1 2 0 0 0 0 0 0 0 0 0 0 0 0 0 0 0 0 0 0 0 0 0 0 0 0 0 0 2 0 0 0 0 0 2 0 0 73 0 0 0 2 0 1 0 2 6 2 2 1 0 0 0 0 0 0 2 0 0 0 0 0 0 0 0 9 0 0 10 0 13 0 0 0 0 0 0 0 0 
 2 2 4 2 3 70 2 2 2 2 2 2 2 2 2 2 2 5 2 3 275 159 0 360 122 256 270 74 335 169 105 103 136 59 48 136 119 42 128 210 0 2 0 0 0 0 0 0 6 3 2 0 0 0 0 0 0 2 5 0 1 0 3 0 0 0 0 0 3 0 0 5 0 0 3 3 0 0 0 0 0 0 0 0 0 12 0 0 0 0 0 0 0 0 0 0 0 0 0 2 0 0 10 21 23 22 0 11 21 0 0 21 12 9 10 0 42 1 10 10 1 9 0 0 1 0 23 0 0 0 0 0 27 0 0 0 0 0 23 11 0 0 0 22 0 0 0 0 0 0 0 0 0 0 0 0 0 2 1 0 0 0 0 1 0 0 0 0 0 0 11 0 0 0 2 0 0 0 0 0 24 9 12 0 19 0 30 16 27 24 48 31 0 10 53 27 0 14 0 0 9 12 0 0 0 0 0 0 0 0 0 0 10 0 0 0 0 0 0 19 0 0 0 0 0 0 0 0 0 0 0 0 0 0 0 0 0 0 0 0 0 0 13 0 0 0 0 0 0 0 0 0 0 0 26 0 2 1 76 2 3 0 0 0 0 0 13 0 0 0 0 2 0 0 0 1 0 0 0 15 0 0 0 0 1 0 11 0 0 0 
 0 0 0 0 3 1 3 0 0 0 2 1 0 0 0 2 0 2 0 3 102 136 360 0 84 47 217 375 198 247 298 79 170 192 157 109 35 178 221 216 0 9 0 0 0 2 3 3 0 3 2 2 0 0 0 0 3 2 22 0 1 1 3 0 0 0 0 0 3 0 0 7 0 0 3 3 0 0 1 0 0 11 0 0 0 35 0 0 0 0 0 0 0 0 0 0 0 0 0 0 0 12 14 13 53 16 1 11 13 0 30 26 1 14 28 11 76 0 0 13 4 0 0 0 0 0 27 0 0 17 12 0 0 0 0 0 0 0 21 8 0 0 0 20 0 0 0 0 0 0 2 0 0 0 0 0 0 5 0 0 0 0 0 2 0 0 0 0 0 0 5 0 0 0 1 0 0 0 0 0 74 4 15 23 0 11 8 20 0 41 18 14 14 20 12 0 12 0 0 0 15 12 0 0 0 0 0 0 10 0 10 61 14 0 10 0 7 0 8 27 0 0 0 0 13 0 0 0 0 0 0 0 0 0 0 0 0 0 0 0 0 0 0 0 0 0 0 0 2 0 0 0 0 0 3 0 2 0 74 0 2 2 0 0 0 2 0 0 0 0 0 0 0 0 0 0 0 0 0 0 0 0 0 0 2 0 0 1 0 0 
 2 0 0 2 3 0 4 3 0 0 2 27 3 1 2 0 0 1 3 2 240 45 122 84 0 180 47 69 152 271 178 120 35 86 136 104 283 40 84 88 15 1 30 0 0 0 0 0 0 3 2 1 61 0 1 0 0 2 20 62 0 0 3 0 0 0 0 3 3 0 0 8 0 0 3 3 0 0 0 0 0 0 0 0 0 0 10 0 0 0 0 1 0 0 0 0 0 0 0 0 0 0 16 18 0 16 0 13 18 37 10 11 0 0 0 18 0 6 0 0 20 23 10 10 0 1 13 11 0 47 0 0 21 21 7 0 0 0 0 24 0 0 4 0 1 1 0 0 0 0 1 3 9 0 0 0 0 2 0 0 0 0 0 0 1 0 0 0 0 0 0 0 0 0 0 0 0 0 0 2 0 0 1 11 30 1 0 0 0 0 12 19 0 0 0 1 11 7 0 0 14 7 0 0 0 0 0 7 21 6 0 0 11 0 1 1 0 18 21 21 0 0 0 0 1 0 0 0 0 0 0 1 0 0 0 0 0 1 0 0 0 0 0 0 0 16 1 0 0 0 0 0 0 0 85 2 1 3 1 0 4 10 0 0 0 0 10 0 0 0 0 0 0 0 0 0 0 0 0 0 0 1 0 0 12 0 0 4 0 1 
 0 0 0 0 77 0 0 0 0 1 0 0 0 2 0 0 2 0 0 0 82 260 256 47 180 0 13 44 131 124 88 141 232 36 308 177 47 151 97 223 67 3 64 0 0 2 99 0 7 3 2 0 67 0 29 0 1 2 14 83 6 2 3 0 2 0 1 0 3 2 2 4 2 0 3 3 0 2 3 0 0 0 0 0 0 0 0 2 0 0 0 0 0 0 0 0 2 0 0 0 0 37 28 29 12 40 0 0 27 10 1 21 0 0 0 0 9 0 17 0 16 11 0 1 0 0 27 0 1 9 1 0 0 0 20 0 20 0 22 10 2 0 0 9 0 0 0 0 0 0 0 0 0 0 0 0 0 7 0 1 0 0 0 0 0 2 0 0 0 0 0 0 1 0 0 0 0 0 0 0 9 14 21 0 19 0 0 0 6 23 26 57 0 9 1 0 0 1 0 8 41 38 22 2 0 1 14 22 1 0 0 0 19 26 20 0 0 20 48 21 0 0 2 0 0 0 0 0 0 0 0 0 0 0 0 0 0 6 0 0 0 0 29 0 0 0 0 0 0 0 0 0 0 0 3 0 0 3 0 6 5 1 0 0 0 0 10 0 0 0 0 0 0 0 0 0 0 0 0 0 0 0 0 0 15 0 0 0 0 0 
 0 0 0 3 85 75 0 0 0 0 0 75 0 0 0 0 0 2 2 0 177 274 270 217 47 13 0 162 176 277 350 17 110 228 122 109 79 106 205 434 0 0 0 0 0 0 0 0 0 5 2 27 0 2 3 0 1 5 0 0 6 0 3 0 0 0 2 0 3 1 0 3 0 0 3 3 0 0 2 0 0 0 0 0 9 0 0 0 0 0 0 0 0 0 0 0 0 0 0 0 0 67 0 15 16 0 0 0 13 15 19 14 29 23 16 0 9 13 0 8 0 0 0 0 20 0 0 0 0 0 0 0 0 0 0 0 0 0 0 0 0 0 0 0 0 10 0 0 15 0 1 0 0 0 0 0 0 0 1 0 0 0 0 0 0 0 0 0 0 0 4 0 0 0 0 0 0 1 0 0 13 23 24 0 1 0 16 30 42 34 18 0 48 18 53 18 12 13 0 13 0 2 0 0 0 0 0 0 0 0 0 0 0 0 0 0 2 21 0 0 0 0 0 0 2 0 0 0 0 0 0 0 0 0 0 0 0 0 0 0 0 0 0 0 0 0 0 1 75 0 0 0 0 2 6 2 1 79 76 2 17 0 0 0 0 0 0 0 0 0 0 0 0 0 0 0 0 0 0 12 0 18 0 0 0 0 0 0 0 0 
 0 0 0 0 0 15 0 0 0 0 75 99 0 0 1 0 2 2 0 0 42 158 74 375 69 44 162 0 62 70 84 92 178 146 214 118 114 104 153 46 0 0 0 0 0 0 0 6 1 3 2 0 0 0 0 0 1 2 0 0 2 0 3 0 46 0 0 0 3 0 0 2 0 33 3 3 0 0 1 0 0 0 3 1 0 0 0 0 0 13 0 0 0 0 0 0 0 0 0 0 21 42 0 15 9 0 0 13 13 9 7 15 14 21 1 7 1 0 1 20 30 0 0 0 11 0 0 0 0 0 10 0 9 0 0 0 0 0 0 0 0 0 0 6 0 0 0 0 0 0 0 0 0 0 5 0 0 0 0 0 0 0 20 0 12 0 0 0 0 0 0 0 0 0 0 0 0 0 0 0 4 0 30 46 27 0 8 15 1 0 0 0 10 10 11 12 18 13 1 11 0 0 0 0 0 0 13 0 0 0 0 0 0 0 0 0 0 0 21 0 0 0 0 0 0 0 0 0 0 0 0 0 0 0 0 0 0 0 0 0 0 0 0 0 0 0 0 0 33 0 0 0 0 0 2 1 0 0 0 0 1 0 0 0 0 1 0 0 0 0 0 0 0 0 0 12 0 0 0 0 0 0 0 0 0 0 0 0 0 0 
 0 0 0 0 1 0 2 0 2 0 2 0 0 0 0 0 0 0 2 0 40 155 335 198 152 131 176 62 0 568 84 197 96 126 135 60 311 125 321 146 0 0 0 0 0 0 0 0 0 3 2 0 0 0 0 0 1 2 61 0 2 0 3 0 0 0 0 0 3 0 0 2 0 0 3 3 0 0 1 0 0 0 0 0 1 0 0 0 0 0 0 0 0 0 0 0 0 0 0 0 1 36 0 11 1 12 0 12 21 0 13 44 0 3 11 11 0 0 0 0 0 3 0 0 0 0 11 1 0 0 1 0 9 2 0 0 0 15 0 8 0 2 0 0 0 0 0 0 15 0 1 1 0 0 0 0 0 0 0 11 0 0 0 0 4 0 0 0 0 0 0 0 13 0 0 0 0 6 0 0 12 15 15 51 1 5 24 12 25 29 11 11 0 1 1 9 1 22 0 11 11 0 0 0 0 0 22 0 0 0 0 0 9 0 0 0 21 0 10 45 0 1 0 0 0 0 0 0 0 0 0 0 0 0 0 0 0 0 0 0 0 0 0 0 0 0 0 0 0 0 0 0 0 0 12 0 2 77 40 1 16 0 0 0 0 0 13 0 0 0 0 0 0 0 0 0 0 0 0 0 0 9 0 0 0 0 19 0 0 0 
 0 0 1 0 0 0 0 0 0 0 0 0 0 0 0 0 1 0 0 0 133 94 169 247 271 124 277 70 568 0 301 268 126 509 554 179 205 110 123 186 0 1 62 0 0 0 0 0 8 3 2 0 2 0 0 0 66 6 0 0 2 1 3 0 1 0 2 0 3 1 0 4 2 0 3 3 0 2 2 0 0 0 0 0 0 0 0 0 0 0 0 0 0 0 1 0 0 2 0 0 8 39 0 43 25 5 0 13 11 9 34 21 0 11 0 24 18 0 0 0 20 0 0 0 0 0 27 0 0 2 18 0 12 22 0 0 0 10 3 0 0 0 0 0 0 0 0 0 56 0 1 1 13 13 0 0 0 2 0 0 0 0 0 0 0 0 5 0 0 0 19 0 0 0 0 0 0 3 0 0 20 0 45 44 56 20 0 32 0 8 14 1 0 7 13 3 18 24 0 0 0 0 0 0 0 0 28 0 0 0 0 0 0 0 48 0 21 0 34 15 0 0 0 0 0 0 0 2 0 0 0 0 14 0 0 0 0 0 0 0 0 0 0 0 0 0 0 0 22 0 0 0 0 0 0 0 0 2 75 1 11 0 0 0 0 0 0 0 0 0 0 0 0 0 10 0 0 0 0 0 0 9 0 0 0 0 0 8 0 0 
 123 0 0 0 126 2 0 1 0 2 0 0 1 0 0 0 0 0 0 201 327 396 105 298 178 88 350 84 84 301 0 353 113 263 152 251 247 350 190 416 0 12 0 0 0 0 0 0 0 3 2 0 0 0 0 0 1 2 128 0 2 0 3 0 0 0 0 0 3 0 0 3 0 0 3 3 0 0 1 0 0 2 0 0 0 0 0 0 0 0 0 0 0 0 0 0 0 0 0 0 0 16 1 17 37 17 0 0 0 23 15 15 0 0 1 2 1 20 0 0 37 0 0 0 0 0 13 0 0 13 10 0 0 0 0 0 0 2 1 11 0 0 7 0 0 0 0 0 0 2 0 0 3 0 0 0 0 0 0 0 0 0 0 0 0 0 0 0 0 0 5 0 0 0 0 0 0 0 0 0 17 0 27 31 16 8 22 24 0 0 9 1 0 9 4 10 14 0 0 0 1 14 0 0 0 0 11 5 47 24 0 12 20 0 15 0 13 0 27 35 0 0 0 0 0 0 0 0 1 0 0 0 0 0 0 0 0 0 0 0 0 0 0 0 0 2 0 0 0 0 0 0 0 0 13 1 2 1 75 0 19 1 0 0 0 0 0 0 0 0 0 0 0 0 0 0 0 0 0 0 0 0 20 0 0 0 0 0 0 0 
 2 0 0 0 3 0 0 2 0 0 0 0 1 0 0 2 1 3 2 1 30 28 103 79 120 141 17 92 197 268 353 0 30 207 342 237 297 178 330 26 0 0 64 0 0 0 54 0 4 3 2 0 0 24 0 0 1 2 10 62 2 2 3 0 0 0 0 0 10 0 0 4 0 0 3 3 52 0 1 0 0 12 10 0 0 0 0 0 0 0 0 2 0 0 0 0 0 0 0 0 0 24 33 14 0 19 0 0 31 8 32 13 0 62 0 0 9 0 0 15 14 4 16 10 0 2 21 10 1 13 50 0 21 54 0 16 21 13 25 79 0 0 2 0 0 0 1 0 16 13 0 0 0 0 0 0 0 1 0 0 0 0 0 0 8 0 0 0 0 0 0 2 0 0 0 0 0 56 0 8 0 0 23 33 18 106 0 0 8 12 0 18 0 0 0 2 0 1 0 0 0 22 11 0 0 0 47 0 0 0 3 0 0 18 28 12 32 0 30 15 0 0 0 0 0 0 2 0 0 0 0 0 0 0 0 0 0 0 0 0 0 0 32 0 0 0 0 0 0 0 0 0 0 0 2 0 2 78 75 4 2 0 0 0 0 0 0 0 0 0 0 0 0 0 0 0 0 0 0 0 0 0 0 0 0 0 0 11 0 0 
 0 2 1 1 74 15 0 4 0 1 151 80 1 0 2 2 2 9 1 0 128 121 136 170 35 232 110 178 96 126 113 30 0 234 41 173 54 198 626 48 3 0 3 0 0 0 3 0 0 7 3 0 3 0 0 0 3 2 0 1 2 0 4 0 0 5 51 0 7 0 0 3 0 0 3 75 0 0 1 0 0 0 0 4 24 6 0 0 0 19 0 0 0 0 2 0 0 18 0 0 14 6 0 0 7 0 18 2 1 8 15 0 31 98 39 0 0 10 0 9 2 0 0 0 1 0 0 0 8 0 15 0 0 0 0 0 0 0 0 0 0 5 1 2 0 0 0 0 23 0 0 2 0 0 9 0 0 0 0 0 0 0 0 0 14 10 0 0 0 0 0 14 0 0 0 0 0 0 0 0 29 27 21 3 0 0 38 15 13 26 41 0 29 82 18 14 46 0 19 13 0 0 0 0 0 0 0 0 0 0 0 0 0 0 0 0 0 0 10 1 0 0 0 0 0 0 0 0 0 0 2 0 0 0 2 0 0 0 0 0 0 0 0 0 0 0 0 0 7 0 0 0 0 0 9 0 2 0 0 0 4 1 0 50 0 0 0 0 0 0 0 0 0 0 0 19 0 0 0 0 0 19 0 0 0 0 0 0 0 0 
 0 0 0 1 0 147 0 2 0 0 73 17 0 0 0 1 0 73 0 0 287 65 59 192 86 36 228 146 126 509 263 207 234 0 303 113 120 62 248 297 202 1 0 0 0 0 0 202 0 65 2 0 0 0 0 0 0 2 0 0 0 0 3 0 0 0 0 0 3 0 0 4 0 0 3 3 1 0 0 0 0 0 0 0 9 11 0 0 0 0 0 1 0 0 0 0 7 0 0 0 0 29 17 34 34 0 0 0 3 18 26 32 51 27 47 0 49 11 14 32 1 0 0 0 0 0 0 0 0 0 0 2 0 12 0 0 2 0 72 0 0 0 0 0 0 0 0 0 35 0 0 0 0 0 3 0 9 0 0 0 2 0 0 0 12 1 0 0 1 0 0 0 0 2 0 1 0 9 1 0 31 0 18 20 1 2 19 24 0 12 8 35 22 15 89 8 48 0 1 12 17 0 0 0 0 0 0 0 0 0 0 0 17 0 0 0 0 0 28 0 0 0 0 2 0 0 0 0 0 0 0 0 0 0 0 0 0 1 2 0 0 0 0 0 0 0 0 0 0 0 0 0 0 0 25 1 0 79 33 1 14 0 0 0 0 0 0 0 0 0 0 0 0 0 0 12 0 0 0 0 0 8 0 0 0 1 0 0 0 0 
 2 0 0 3 4 0 0 0 0 0 3 17 0 73 0 1 0 0 0 0 134 211 48 157 136 308 122 214 135 554 152 342 41 303 0 81 80 104 99 103 0 0 1 0 0 0 0 0 8 207 2 0 0 1 0 0 1 2 203 0 3 0 3 0 0 49 0 0 3 0 0 4 0 0 3 3 0 0 2 0 0 0 0 0 0 0 0 0 0 40 0 0 0 0 0 0 0 0 0 0 12 33 0 14 0 2 0 0 43 8 57 21 0 13 0 4 10 2 0 7 12 1 0 0 8 0 2 0 0 0 43 2 29 0 0 0 2 0 19 1 0 0 0 0 0 0 0 0 0 0 1 0 0 0 0 0 0 0 0 0 0 0 0 0 0 0 0 0 0 0 0 0 0 2 0 0 0 0 1 0 88 15 42 0 35 2 2 7 12 15 2 13 9 26 0 0 0 16 0 10 0 0 0 0 0 0 17 0 0 0 0 0 1 0 0 0 0 0 17 0 0 0 0 2 0 0 0 0 0 0 0 1 0 0 0 0 0 1 2 0 0 0 11 0 0 0 0 0 17 0 0 0 0 0 3 1 1 76 1 3 2 1 0 0 0 0 14 0 0 0 0 0 0 0 0 0 0 0 0 0 0 8 0 0 0 0 0 0 0 0 
 0 0 0 2 1 38 1 3 0 1 0 75 0 0 0 0 0 1 0 0 173 42 136 109 104 177 109 118 60 179 251 237 173 113 81 0 75 160 217 159 0 22 0 0 5 0 5 0 8 4 2 2 0 0 0 0 67 2 16 4 3 0 3 0 0 4 0 0 3 0 0 4 0 0 3 3 0 0 3 2 0 0 0 0 13 13 4 0 0 0 0 0 0 0 0 0 0 0 0 0 8 0 18 9 7 0 14 24 0 12 15 0 19 14 34 65 14 17 6 0 11 0 9 0 0 0 19 1 0 0 16 0 0 29 0 0 0 0 20 4 0 0 5 0 0 0 0 0 0 0 1 7 9 0 0 0 0 0 0 0 0 2 2 0 0 1 0 0 0 0 0 0 0 0 0 0 0 0 0 1 26 20 41 2 0 0 20 25 18 17 17 9 16 0 0 3 43 31 0 0 0 10 1 0 17 0 0 10 13 7 0 0 11 0 0 6 0 8 10 12 0 0 0 0 0 0 0 0 0 0 0 0 0 0 0 0 0 0 0 0 0 0 14 0 0 0 0 0 0 0 0 0 0 0 14 2 0 1 76 0 0 13 0 0 0 0 0 0 0 0 0 0 0 0 2 0 0 0 0 11 0 0 0 0 0 0 0 0 0 0 
 0 0 0 2 4 1 2 2 0 0 3 0 0 0 0 0 3 1 0 0 108 41 119 35 283 47 79 114 311 205 247 297 54 120 80 75 0 313 32 400 0 3 0 0 0 0 0 0 0 3 2 0 0 0 0 0 77 2 20 0 1 5 3 2 0 0 0 0 3 0 1 3 0 2 3 3 0 0 0 0 0 0 0 0 0 0 0 0 0 0 0 0 0 1 1 0 0 2 0 0 17 21 10 11 13 12 0 34 22 14 30 14 19 10 0 40 0 41 1 0 1 9 0 0 0 0 20 7 0 0 0 0 43 33 0 0 7 0 0 8 0 0 5 0 0 0 0 0 12 0 1 0 3 0 0 0 0 0 0 0 0 0 0 0 0 0 0 0 0 0 2 0 0 0 0 0 0 2 0 0 0 10 11 21 16 15 3 19 15 18 18 15 1 2 8 10 14 28 0 0 25 9 0 0 0 0 5 7 19 21 0 0 23 0 0 11 0 0 0 29 0 0 0 0 11 0 16 2 0 0 0 0 0 0 0 0 0 0 0 0 0 0 0 0 0 0 0 0 0 0 0 0 0 0 1 0 0 146 71 1 8 26 0 0 0 0 0 0 0 0 0 0 0 0 0 0 0 0 0 0 0 0 0 0 0 0 15 0 0 0 
 0 0 0 0 3 140 0 0 0 0 0 1 0 0 0 0 2 1 0 0 238 87 42 178 40 151 106 104 125 110 350 178 198 62 104 160 313 0 111 185 0 1 0 0 0 0 0 0 4 3 2 0 0 0 0 0 0 2 0 0 0 0 3 0 0 0 0 0 3 0 0 8 0 0 3 3 0 0 0 0 0 0 0 0 0 10 0 0 0 0 0 0 0 0 0 0 0 0 0 0 13 21 0 0 29 0 0 21 1 0 47 7 23 8 10 1 16 3 8 1 0 8 0 0 0 0 11 0 0 0 0 0 6 1 0 0 0 0 12 0 0 0 0 0 0 0 0 0 0 0 2 3 0 0 0 0 0 0 0 8 0 0 0 0 0 1 0 0 0 0 4 0 0 0 0 0 0 0 0 0 9 19 37 10 23 0 26 71 33 21 17 18 19 4 23 12 30 24 0 11 0 0 0 0 0 0 8 0 0 0 0 0 0 51 0 0 0 0 18 0 2 0 0 0 0 0 0 2 0 0 0 0 0 0 1 0 0 0 0 0 0 0 27 0 0 0 0 0 0 0 0 0 0 0 5 2 0 51 0 1 2 2 0 0 0 0 0 0 0 0 0 0 0 0 0 0 0 0 0 12 0 6 0 0 0 0 0 0 0 0 
 3 8 4 3 8 230 3 2 3 3 31 113 3 3 2 2 2 81 3 3 50 203 128 221 84 97 205 153 321 123 190 330 626 248 99 217 32 111 0 109 3 2 3 2 1 0 4 0 3 5 2 0 0 3 0 2 1 25 0 6 5 1 6 0 5 0 3 0 3 0 0 3 0 0 3 3 0 2 1 1 0 0 0 0 17 10 0 0 0 0 0 0 0 2 1 0 0 2 0 0 8 7 0 0 8 0 10 23 14 21 43 0 41 24 33 39 11 58 37 11 0 0 0 0 0 0 0 0 0 0 0 0 0 0 0 0 0 0 0 0 0 0 0 0 0 0 0 0 0 18 0 1 0 0 9 0 0 8 0 0 0 0 0 0 24 1 0 0 0 0 0 3 0 0 0 0 0 0 0 0 31 11 3 10 0 0 36 62 20 63 13 0 29 15 69 23 24 5 0 19 0 0 0 0 0 0 0 0 0 0 0 0 0 0 0 1 14 0 0 0 0 0 0 0 0 0 0 0 0 0 0 1 0 4 1 1 0 0 1 0 0 0 0 0 0 0 0 0 0 1 0 0 0 0 15 0 4 0 2 4 4 0 0 0 0 0 0 0 0 0 0 0 0 0 0 4 0 0 0 3 0 12 0 0 0 0 0 0 0 0 
 0 0 0 0 36 76 0 0 0 0 0 1 0 0 0 2 0 0 0 0 207 164 210 216 88 223 434 46 146 186 416 26 48 297 103 159 400 185 109 0 0 0 0 0 0 1 3 0 0 3 4 0 0 0 0 2 1 2 0 0 49 0 3 0 0 1 0 0 3 0 0 4 0 0 3 3 0 2 1 0 0 0 0 0 24 0 0 0 0 0 0 7 0 0 0 0 0 0 0 0 9 11 9 21 20 0 0 7 20 0 0 1 44 42 1 12 11 59 17 14 0 0 0 0 0 0 0 0 0 0 0 0 0 0 0 2 1 0 0 0 0 0 0 1 0 0 0 0 4 0 0 0 0 0 0 0 0 40 2 0 1 0 0 0 0 0 2 0 1 0 33 9 0 1 0 0 0 0 2 0 7 19 0 0 0 1 32 13 6 9 25 10 0 29 37 60 10 7 0 0 0 7 0 0 0 0 0 19 0 0 0 0 0 0 0 0 0 0 0 0 0 0 0 1 0 0 0 0 0 0 0 0 0 0 0 0 0 2 0 0 0 0 0 0 0 0 0 0 0 0 0 0 0 0 7 0 2 2 2 0 15 0 0 0 0 0 0 0 0 0 0 0 0 0 0 0 0 0 0 0 0 0 0 0 0 0 0 0 0 2 
 0 0 0 2 0 0 0 0 0 0 0 0 0 0 0 0 0 1 0 0 203 0 0 0 15 67 0 0 0 0 0 0 3 202 0 0 0 0 3 0 0 120 229 126 38 45 161 545 103 35 438 27 151 138 166 37 38 34 206 137 17 51 38 0 0 0 0 5 0 0 0 0 4 4 0 0 4 0 4 0 0 0 0 0 0 0 0 0 0 0 0 2 0 0 0 0 0 0 0 0 0 0 1 0 0 2 0 0 8 28 0 0 0 0 0 0 0 0 0 0 7 33 11 31 12 0 0 25 23 24 19 0 46 20 20 18 0 13 9 31 0 0 0 0 0 0 0 6 0 0 0 0 0 0 0 0 0 0 0 0 0 0 0 0 0 0 0 0 0 0 0 0 0 0 0 0 0 0 0 11 0 0 0 16 9 39 0 0 0 0 0 35 0 0 0 0 9 7 0 0 56 6 7 0 0 0 54 24 20 0 0 11 0 41 18 0 0 12 27 14 0 0 0 0 0 0 0 0 0 0 0 0 12 0 0 0 0 2 10 12 0 0 0 0 0 0 0 0 0 0 0 0 0 0 0 0 0 0 0 0 0 0 0 0 2 0 0 1 2 0 0 0 0 0 0 0 0 0 0 0 0 0 0 0 13 14 0 0 0 0 
 0 1 0 0 0 0 2 1 0 0 1 3 0 0 1 3 4 3 0 0 0 0 2 9 1 3 0 0 0 1 12 0 0 1 0 22 3 1 2 0 120 0 239 105 312 41 89 128 264 54 96 37 270 112 42 126 196 249 54 55 0 0 6 0 0 0 6 0 0 0 0 0 0 0 0 0 0 26 0 0 0 0 0 0 0 0 0 0 0 0 0 0 0 0 0 0 0 0 0 0 0 0 0 5 5 20 0 0 0 0 0 5 0 0 0 0 0 0 0 0 14 6 0 11 11 0 5 6 6 18 20 12 6 2 6 13 0 1 8 33 12 1 0 0 0 0 33 3 0 0 0 0 0 0 0 25 0 0 8 0 0 1 1 0 0 0 0 0 0 0 0 0 0 0 0 0 0 0 4 0 0 0 0 0 0 17 0 0 0 0 0 0 0 16 0 31 0 0 0 0 4 8 9 13 0 13 9 12 13 28 17 8 0 7 24 34 15 8 10 6 0 0 0 8 0 0 0 26 1 0 0 0 0 14 0 0 0 0 10 0 0 0 18 0 0 0 0 0 0 0 0 5 0 2 0 0 0 0 5 2 0 0 0 0 0 11 0 1 2 0 0 0 0 0 0 0 0 0 0 0 0 0 3 0 0 0 0 0 0 0 
 0 1 0 0 1 0 2 0 0 0 0 0 0 0 0 0 0 0 0 0 0 0 0 0 30 64 0 0 0 62 0 64 3 0 1 0 0 0 3 0 229 239 0 194 96 89 142 89 133 130 168 27 207 144 128 63 195 57 97 146 20 4 0 0 0 0 0 0 2 0 4 0 0 50 0 0 3 0 2 0 0 0 0 0 0 0 0 0 0 0 0 0 0 0 0 0 0 0 0 0 0 0 0 0 0 9 0 0 0 0 0 0 0 0 0 0 0 0 0 0 9 15 10 10 0 0 0 15 35 23 20 0 26 0 29 42 0 28 10 19 10 16 0 0 0 0 0 0 0 0 0 0 0 15 0 0 0 0 7 0 0 13 0 0 0 0 0 0 0 0 0 0 0 0 0 0 0 0 1 0 0 0 0 0 0 21 0 0 0 0 0 0 0 0 0 0 0 0 0 0 19 34 14 1 7 49 0 11 16 0 7 9 0 0 42 7 0 21 19 0 0 0 0 0 0 0 0 0 11 0 0 0 9 0 0 0 0 5 12 9 0 0 0 0 0 0 0 0 0 0 0 5 0 0 0 0 0 0 0 1 0 0 0 0 1 14 1 0 0 1 0 0 0 0 0 0 0 0 0 0 0 0 0 0 4 17 0 0 0 0 
 0 0 0 0 5 0 0 35 0 0 0 0 0 0 0 0 0 0 0 61 0 0 0 0 0 0 0 0 0 0 0 0 0 0 0 0 0 0 2 0 126 105 194 0 92 33 127 103 122 146 66 177 126 182 183 68 392 266 101 72 1 0 0 0 0 0 0 0 1 0 0 0 1 53 0 0 8 0 9 0 0 3 0 0 0 0 0 0 0 0 0 0 0 8 0 0 0 0 0 0 0 0 0 0 0 0 0 0 0 0 0 0 0 0 0 0 0 0 0 0 6 15 0 10 5 13 0 2 30 44 0 10 0 31 0 37 16 0 0 0 23 0 0 0 0 0 31 0 0 0 0 17 11 20 0 3 0 0 0 0 0 1 0 0 0 0 0 0 0 0 0 0 0 0 0 0 0 0 6 0 0 0 0 0 0 0 0 0 0 0 0 0 0 0 0 0 0 0 0 0 7 16 1 33 6 20 0 55 10 5 8 21 5 22 0 1 14 20 0 0 0 0 0 1 0 0 1 4 0 4 0 0 18 1 0 0 0 0 0 25 0 0 0 0 0 0 0 0 0 0 0 10 0 0 0 0 0 0 0 7 0 0 0 63 0 0 2 2 0 0 9 0 0 0 0 0 0 9 0 0 0 0 4 0 0 69 0 0 0 0 
 2 2 2 2 4 2 2 2 2 2 5 2 2 2 2 2 2 8 2 2 0 0 0 0 0 0 0 0 0 0 0 0 0 0 0 5 0 0 1 0 38 312 96 92 0 320 37 62 106 361 101 255 133 126 65 81 284 99 70 112 73 86 2 0 0 0 144 0 0 108 0 0 7 0 1 51 1 0 1 0 0 0 0 0 0 0 0 0 0 0 0 0 0 0 0 0 0 0 0 0 0 0 0 0 0 0 0 0 0 0 0 0 0 0 0 0 0 0 0 0 0 5 9 6 0 18 0 0 0 0 4 0 0 0 18 4 0 6 0 0 10 11 0 9 0 0 19 0 0 0 1 0 1 20 0 2 0 0 35 32 0 0 0 0 0 0 0 0 0 0 0 4 0 0 0 28 0 0 0 0 0 0 0 0 0 0 0 0 0 0 0 0 0 0 0 0 0 0 0 0 0 0 0 33 26 8 0 0 0 37 0 0 0 0 0 13 0 1 0 0 49 2 1 0 0 0 68 24 4 0 0 19 18 51 19 80 0 59 17 27 0 0 0 0 0 0 0 0 0 0 0 0 0 0 0 0 0 0 0 5 0 0 1 0 3 0 4 4 2 2 0 0 0 0 0 0 0 0 0 0 0 0 0 0 8 0 0 0 0 0 
 0 0 15 0 2 0 0 0 0 4 0 34 0 0 0 9 9 62 0 0 0 0 0 2 0 2 0 0 0 0 0 0 0 0 0 0 0 0 0 1 45 41 89 33 320 0 42 28 75 282 200 152 48 265 36 141 65 45 57 59 105 103 0 58 0 17 53 0 0 1 0 0 0 0 0 52 0 2 0 1 0 0 0 0 0 0 0 0 0 0 18 11 0 0 21 0 0 0 0 0 0 0 0 0 0 0 0 0 0 0 8 0 0 0 0 0 0 0 7 11 0 0 0 0 0 22 0 0 0 0 0 0 0 0 0 0 0 29 0 0 26 13 8 4 0 0 0 0 0 6 0 0 0 1 14 0 0 0 19 1 0 0 0 0 0 0 0 0 0 0 0 0 0 0 0 1 0 0 0 0 0 0 0 0 0 0 0 0 0 0 0 0 0 0 0 0 0 0 1 0 0 0 0 0 20 34 0 0 0 0 0 0 0 0 0 18 0 0 0 0 10 17 10 0 0 0 41 0 21 11 11 2 0 13 43 53 0 11 9 21 0 0 0 0 0 0 0 0 0 0 0 9 0 0 0 0 0 0 0 1 0 0 6 2 64 1 0 2 0 0 0 0 0 0 0 0 0 0 0 0 0 0 0 0 0 0 0 0 0 0 
 0 0 0 0 0 0 0 0 0 0 0 0 0 0 0 0 0 5 0 0 2 9 0 3 0 99 0 0 0 0 0 54 3 0 0 5 0 0 4 3 161 89 142 127 37 42 0 149 70 54 56 22 228 237 116 276 30 94 136 205 10 1 0 0 0 2 2 0 3 3 2 0 5 0 0 0 0 0 3 0 0 1 0 0 6 0 0 0 0 0 0 11 0 0 0 0 0 0 0 0 0 0 0 0 0 25 0 0 0 0 0 0 5 5 0 0 0 6 7 6 10 18 10 32 22 0 0 3 7 11 22 20 0 18 86 36 21 0 0 10 2 0 2 0 0 0 0 0 0 0 0 0 6 0 0 0 0 0 0 0 0 1 2 0 0 0 0 0 0 0 0 9 0 0 0 0 0 0 0 0 0 9 0 0 0 10 0 0 10 1 1 0 0 29 5 0 9 3 0 8 0 29 19 34 0 0 0 0 8 1 0 0 5 15 32 0 0 19 0 0 24 0 0 0 0 0 0 0 0 0 0 0 0 3 0 0 0 9 5 0 0 0 0 0 0 0 0 0 0 0 0 0 0 1 0 0 0 0 0 0 0 0 0 0 1 0 0 64 2 0 0 0 0 0 0 0 0 0 0 0 0 1 0 0 0 17 0 0 0 0 
 0 0 0 0 0 0 0 0 0 0 0 0 0 0 0 0 0 2 0 60 0 0 0 3 0 0 0 6 0 0 0 0 0 202 0 0 0 0 0 0 545 128 89 103 62 28 149 0 142 66 265 91 92 203 155 47 162 312 80 47 7 5 5 0 0 0 5 0 0 5 0 0 3 0 8 0 5 19 18 0 0 0 0 0 0 0 0 8 0 0 0 0 0 0 0 0 0 0 0 0 0 0 0 0 0 0 0 0 0 0 0 0 0 0 0 0 0 0 0 0 0 0 11 42 22 3 0 0 0 16 11 31 0 0 0 0 13 1 0 0 0 14 0 0 9 0 26 4 4 10 0 0 17 0 16 6 17 0 0 0 0 0 1 0 0 0 0 0 0 0 0 0 0 0 0 0 0 0 4 0 0 0 0 0 0 0 0 0 0 0 0 0 0 0 8 0 0 0 0 12 0 0 14 23 1 10 0 24 7 11 13 11 0 0 0 17 19 0 0 0 75 8 13 9 0 0 0 59 1 4 10 0 10 19 21 0 0 7 15 0 0 0 19 0 0 0 0 0 0 0 0 11 0 0 0 0 0 0 0 1 0 0 5 65 2 0 0 8 0 0 0 0 0 0 0 3 0 0 0 0 0 0 0 0 10 2 0 0 0 0 
 0 4 0 0 2 0 4 0 0 0 0 0 124 0 0 0 0 0 0 0 3 0 6 0 0 7 0 1 0 8 0 4 0 0 8 8 0 4 3 0 103 264 133 122 106 75 70 142 0 353 64 85 179 151 62 238 127 91 162 232 0 2 5 6 2 0 10 0 3 5 0 1 0 0 2 5 0 0 0 0 0 0 0 0 0 0 0 0 0 0 0 0 0 0 0 0 0 0 0 0 1 2 3 0 0 26 0 0 0 0 2 1 0 0 0 17 9 0 0 15 0 14 0 23 17 10 0 42 43 0 35 10 17 0 16 0 0 29 19 0 1 0 0 0 0 3 34 6 0 1 0 0 0 22 0 72 0 0 9 0 0 0 1 0 0 0 0 0 0 0 0 0 0 0 0 0 0 0 0 0 0 0 4 1 32 0 0 0 0 0 0 4 0 0 0 0 0 0 0 0 18 20 29 24 0 13 26 15 0 13 5 1 0 5 0 30 0 0 9 0 0 0 0 22 0 0 0 15 0 0 0 0 0 1 0 2 0 0 0 0 0 0 6 0 0 0 0 0 0 0 0 2 0 0 0 0 0 0 0 1 0 22 0 5 0 0 3 0 0 0 0 0 3 0 0 0 0 0 0 0 0 0 0 0 0 0 0 0 0 0 
 0 0 0 3 1 0 0 0 0 0 3 0 0 0 0 0 0 0 0 0 3 4 3 3 3 3 5 3 3 3 3 3 7 65 207 4 3 3 5 3 35 54 130 146 361 282 54 66 353 0 112 105 58 97 343 308 290 150 141 346 0 0 0 8 0 0 19 0 0 0 0 0 0 2 0 0 0 0 0 0 0 0 0 0 1 0 0 0 0 0 0 0 0 0 0 0 0 0 0 0 0 0 0 0 0 0 0 0 0 0 0 0 0 0 0 0 13 0 0 0 0 0 18 1 22 10 0 0 0 0 9 0 0 0 0 11 10 1 0 0 11 10 11 0 0 0 11 0 0 7 0 0 0 13 37 12 0 39 11 49 0 9 1 0 20 0 0 0 0 0 0 0 0 0 0 0 0 0 0 0 0 0 5 0 0 0 0 0 0 0 0 0 0 0 0 0 0 0 0 0 0 14 0 27 11 10 0 0 12 25 7 13 0 0 0 12 0 0 0 0 0 10 0 0 0 0 0 0 18 0 0 0 11 10 15 13 0 0 19 0 0 0 0 0 0 0 0 0 0 0 0 2 0 0 0 0 22 0 0 9 0 0 11 64 2 1 4 0 0 0 0 0 0 0 0 0 0 0 0 0 0 0 0 0 11 9 0 0 0 0 
 0 0 0 0 1 0 0 1 0 0 2 0 0 0 0 0 0 0 0 0 2 2 2 2 2 2 2 2 2 2 2 2 3 2 2 2 2 2 2 4 438 96 168 66 101 200 56 265 64 112 0 160 227 40 95 256 253 292 50 173 7 208 0 0 0 0 50 0 0 0 0 0 3 5 0 0 9 0 36 0 0 0 0 0 0 0 0 0 0 0 0 0 0 0 0 0 0 0 0 0 0 0 0 0 0 8 0 0 0 0 0 0 0 0 0 0 0 0 0 0 0 15 6 48 1 38 0 13 20 46 0 0 14 20 13 1 0 37 16 0 10 9 0 9 0 5 10 8 0 0 0 0 2 8 7 0 0 11 31 16 0 0 0 0 0 0 0 0 0 0 0 0 0 0 0 0 0 0 21 0 0 0 2 0 0 1 0 0 0 0 0 0 0 0 0 0 0 0 0 0 18 0 0 18 8 0 20 20 3 0 14 22 0 6 1 68 12 33 3 0 9 8 52 0 0 0 3 0 1 0 0 0 53 16 29 0 8 0 10 69 0 0 0 0 0 0 0 0 0 0 0 6 0 0 0 0 0 0 0 0 0 0 2 0 3 14 0 4 0 0 0 0 0 0 0 0 0 0 0 0 0 0 0 0 3 14 0 0 0 0 
 2 2 2 4 4 2 2 2 2 4 2 2 2 2 2 2 10 8 2 2 56 0 0 2 1 0 27 0 0 0 0 0 0 0 0 2 0 0 0 0 27 37 27 177 255 152 22 91 85 105 160 0 55 27 39 110 119 68 33 127 3 0 1 7 4 0 55 0 0 1 5 0 0 2 0 0 0 0 0 0 0 0 0 0 0 0 0 0 0 0 0 0 0 0 0 0 0 0 0 0 0 0 0 0 0 0 0 0 0 0 0 0 0 0 0 0 0 0 0 0 0 0 14 15 0 55 0 0 0 3 0 0 0 0 0 16 14 26 0 0 0 45 7 11 0 7 16 12 0 1 0 1 22 7 15 1 0 8 11 11 0 6 2 8 0 0 0 0 0 0 13 0 0 0 0 0 0 0 2 0 0 0 0 0 0 0 0 0 0 0 0 0 0 0 0 0 0 0 0 0 2 0 0 13 21 14 33 0 1 0 0 0 0 11 0 29 0 0 8 0 0 59 4 0 1 0 42 0 0 40 0 0 15 10 13 14 0 0 1 14 0 0 0 0 0 0 0 2 0 0 0 3 0 0 0 0 2 0 0 11 0 0 2 37 47 2 2 0 4 0 0 0 0 0 0 0 0 0 0 0 0 0 0 0 20 0 0 0 0 0 
 0 0 0 0 0 0 0 3 0 0 1 0 0 0 0 0 0 0 0 0 0 0 0 0 61 67 0 0 0 2 0 0 3 0 0 0 0 0 0 0 151 270 207 126 133 48 228 92 179 58 227 55 0 53 139 84 323 32 450 200 11 1 0 0 0 0 0 1 0 0 0 0 0 8 0 0 12 0 1 10 0 0 0 0 0 0 0 0 0 0 0 0 0 0 0 0 0 0 0 0 0 0 0 0 0 13 0 0 0 0 0 0 0 0 0 0 0 0 0 0 0 1 15 25 28 19 0 0 46 30 23 0 0 0 38 8 10 15 4 10 3 3 0 0 0 6 9 17 0 12 0 0 4 0 0 0 0 9 0 0 0 0 6 12 0 0 0 0 0 0 0 29 0 0 0 0 0 0 0 0 0 0 0 0 0 0 0 0 0 0 0 0 0 0 0 0 0 0 0 0 0 24 13 23 0 0 10 20 25 0 0 20 3 10 29 15 0 30 30 0 0 0 13 0 0 0 0 4 8 0 0 0 26 2 0 6 0 3 0 26 0 0 0 0 0 0 0 0 0 0 0 12 0 0 0 0 0 0 0 2 0 0 0 0 0 0 0 0 0 0 0 0 0 0 0 0 0 0 0 0 0 0 0 0 26 0 0 0 0 0 
 0 31 0 0 4 0 0 1 0 0 0 0 0 0 0 0 0 0 0 0 5 0 0 0 0 0 2 0 0 0 0 24 0 0 1 0 0 0 3 0 138 112 144 182 126 265 237 203 151 97 40 27 53 0 119 315 87 38 87 331 11 3 5 3 0 3 1 4 16 208 5 3 19 3 3 4 1 3 5 3 0 0 0 0 0 0 0 5 0 0 0 0 0 0 0 0 0 0 0 0 0 0 0 0 0 0 0 0 0 14 0 0 0 0 0 0 0 0 0 0 15 8 8 22 5 2 0 51 24 3 49 31 0 21 0 36 0 0 0 16 1 0 2 0 0 0 26 0 0 0 0 0 13 0 0 0 0 4 8 34 0 0 0 0 1 0 0 0 0 0 0 0 0 0 0 0 0 1 0 3 10 0 0 8 35 23 0 0 0 0 0 7 5 0 0 0 3 8 0 0 19 47 40 28 0 13 2 37 0 8 5 1 0 19 24 20 0 4 2 12 28 0 3 22 0 0 0 0 0 0 0 0 15 2 0 0 0 0 41 0 0 0 0 0 0 0 0 0 0 0 1 0 0 0 0 0 0 0 0 0 1 0 1 0 2 0 0 64 0 0 0 10 0 0 0 0 0 0 0 0 0 0 0 0 46 9 0 0 0 0 
 0 0 0 0 3 1 0 0 0 0 0 0 0 0 0 0 0 0 0 0 0 0 0 0 1 29 3 0 0 0 0 0 0 0 0 0 0 0 0 0 166 42 128 183 65 36 116 155 62 343 95 39 139 119 0 143 41 66 317 436 6 0 0 0 0 0 0 0 0 0 0 0 2 2 0 0 5 0 16 8 0 0 0 0 0 0 0 0 0 0 0 0 0 0 0 0 0 0 0 0 0 0 0 0 0 41 0 0 0 0 0 0 0 0 0 0 0 0 0 0 0 15 9 2 6 8 0 10 23 6 0 0 0 16 0 6 34 0 4 0 2 0 0 0 0 15 5 1 0 22 0 0 0 0 0 0 0 4 8 0 0 0 0 0 0 0 0 0 0 0 0 0 0 0 0 0 0 0 0 0 0 0 0 0 0 0 0 0 0 0 0 0 0 0 0 0 0 0 0 0 42 0 13 24 19 1 11 25 8 0 13 24 7 41 15 0 18 33 0 0 0 0 7 0 0 0 0 0 6 0 0 0 8 3 0 15 0 2 18 7 0 0 0 0 0 0 0 0 0 0 0 11 0 0 0 0 0 0 0 4 0 0 71 0 0 1 0 1 0 0 0 0 0 0 0 0 0 0 0 0 0 0 0 0 4 10 0 0 0 0 
 0 2 0 0 5 0 0 0 1 0 0 0 0 0 0 0 0 0 0 0 0 0 0 0 0 0 0 0 0 0 0 0 0 0 0 0 0 0 2 2 37 126 63 68 81 141 276 47 238 308 256 110 84 315 143 0 146 244 90 116 0 0 2 0 9 0 25 0 0 0 4 0 0 0 0 0 0 1 0 0 0 0 0 0 0 0 0 0 0 0 0 0 0 0 0 0 0 0 0 0 0 0 0 0 0 0 0 0 0 0 0 0 0 0 0 0 0 0 0 0 0 17 15 32 14 3 0 7 27 0 9 1 0 0 0 12 15 39 2 0 0 5 0 0 0 17 58 6 0 3 0 0 0 10 0 7 0 0 9 3 0 4 4 0 15 0 0 0 0 0 0 0 0 0 0 0 0 0 0 0 0 0 0 0 0 0 0 0 0 0 0 10 0 0 0 0 0 0 0 0 0 34 4 24 2 16 18 15 6 12 21 0 0 22 0 28 0 0 8 0 0 1 0 3 0 0 0 15 0 0 0 0 15 0 0 4 0 0 0 0 0 0 0 0 0 0 0 0 0 0 0 2 0 0 0 0 0 0 0 1 0 0 2 69 1 0 2 0 1 0 0 0 0 0 0 0 0 0 0 0 0 0 0 0 17 17 0 0 0 0 
 0 0 0 0 6 0 0 2 0 0 3 0 0 0 1 0 0 0 0 0 1 1 0 3 0 1 1 1 1 66 1 1 3 0 1 67 77 0 1 1 38 196 195 392 284 65 30 162 127 290 253 119 323 87 41 146 0 109 39 95 0 0 0 0 1 0 0 3 4 0 0 0 3 0 0 0 3 0 5 0 0 0 0 0 0 0 0 0 0 0 0 0 0 0 0 0 0 0 0 0 0 0 0 0 0 2 0 0 0 0 0 0 0 0 0 0 0 0 36 0 0 13 2 23 0 12 0 21 44 17 27 11 13 14 30 74 0 49 26 13 0 0 0 0 0 0 5 5 0 0 0 0 23 0 0 0 0 0 16 0 0 0 0 0 0 0 0 0 0 0 0 0 0 0 0 0 0 0 31 0 0 0 0 0 0 15 0 0 0 0 0 0 0 0 0 0 0 0 0 0 19 0 10 0 0 6 30 12 0 0 17 3 0 27 17 10 41 10 10 0 0 0 0 10 0 0 12 0 43 0 0 0 0 0 0 0 0 0 0 0 0 0 0 0 0 0 0 0 0 0 0 1 1 2 0 0 0 0 0 0 0 0 0 1 1 33 2 0 0 0 0 0 0 0 0 0 0 0 0 0 0 0 0 0 0 0 0 0 0 0 
 3 0 0 1 2 0 0 7 0 0 5 0 0 7 11 0 0 0 0 8 2 3 2 2 2 2 5 2 2 6 2 2 2 2 2 2 2 2 25 2 34 249 57 266 99 45 94 312 91 150 292 68 32 38 66 244 109 0 15 42 0 0 0 6 0 0 6 50 0 0 0 0 51 16 0 0 0 0 49 49 0 10 0 7 0 39 0 0 0 0 0 0 5 0 5 6 30 0 0 14 0 0 0 0 15 0 0 0 0 2 0 0 0 0 0 1 0 0 0 0 3 8 13 0 0 42 0 11 10 21 19 0 0 0 0 38 37 0 0 0 0 0 7 0 0 0 21 0 0 0 0 0 8 4 6 40 0 0 7 0 11 4 9 0 4 11 0 0 0 5 0 0 0 1 0 1 4 12 0 0 0 0 0 0 0 0 0 0 0 0 0 0 0 0 0 0 0 0 0 0 0 0 0 30 1 23 0 0 20 13 0 0 0 6 12 0 0 10 0 0 0 0 1 0 0 0 0 10 0 10 0 0 0 0 10 61 0 0 0 0 0 7 0 0 0 0 15 0 0 1 0 0 0 1 0 0 0 0 0 1 0 0 12 35 3 3 2 0 0 0 22 0 0 0 0 0 0 0 0 0 0 0 0 0 0 0 0 0 0 0 
 3 3 3 2 6 3 2 4 3 3 3 3 3 2 3 3 3 9 3 2 4 0 5 22 20 14 0 0 61 0 128 10 0 0 203 16 20 0 0 0 206 54 97 101 70 57 136 80 162 141 50 33 450 87 317 90 39 15 0 125 3 0 0 0 0 0 0 0 1 0 0 2 1 5 0 0 7 0 7 0 0 0 0 0 0 0 0 0 0 0 0 0 0 0 0 0 0 0 0 0 0 0 36 8 8 3 0 13 0 9 18 17 0 0 14 10 28 4 0 0 1 0 9 0 18 0 17 0 16 22 23 0 9 30 9 8 2 0 23 1 6 0 7 0 0 0 3 0 0 0 1 0 3 0 0 0 0 0 0 0 0 3 20 0 0 0 0 0 0 0 0 0 0 9 0 0 0 0 0 0 13 0 5 0 0 0 0 0 0 0 0 6 0 0 0 0 9 0 0 0 14 17 1 13 0 0 0 27 12 5 0 20 26 0 0 0 1 19 0 23 0 0 0 0 0 0 0 0 0 0 0 0 15 1 0 0 0 0 0 22 0 0 9 0 0 0 0 0 0 0 0 6 0 0 0 1 0 1 4 0 0 9 0 2 0 3 0 0 2 0 0 0 0 0 0 2 0 0 0 0 0 0 0 0 0 20 0 1 1 0 
 0 0 0 4 0 0 0 0 0 0 0 2 0 0 0 5 0 3 0 0 3 0 0 0 62 83 0 0 0 0 0 62 1 0 0 4 0 0 6 0 137 55 146 72 112 59 205 47 232 346 173 127 200 331 436 116 95 42 125 0 0 11 0 0 0 0 0 0 3 0 0 0 5 0 0 0 0 0 0 0 0 0 0 0 0 0 8 0 0 0 0 0 0 0 0 0 0 0 0 0 0 0 0 0 0 19 0 0 0 0 0 0 0 0 0 0 0 0 0 0 0 7 31 20 1 11 0 36 23 8 3 0 1 0 54 19 21 25 16 9 0 2 0 0 0 5 0 3 0 1 0 0 0 5 0 0 0 0 0 0 0 0 0 1 0 0 0 0 0 0 9 0 0 0 20 0 0 0 0 0 0 0 11 0 0 0 0 0 0 2 0 0 0 0 0 0 0 0 0 0 1 14 23 50 0 11 16 0 2 0 10 0 8 15 25 10 14 21 23 0 0 0 0 0 0 0 8 0 0 0 0 0 14 0 0 0 0 23 4 0 0 0 0 0 0 0 0 0 0 0 0 5 0 1 0 0 0 0 0 11 0 0 0 0 0 1 1 0 2 0 0 0 0 0 0 0 0 0 0 0 0 0 0 0 25 0 0 0 1 0 
 0 3 0 3 0 1 0 3 0 1 3 0 1 0 3 2 3 4 0 0 3 3 1 1 0 6 6 2 2 2 2 2 2 0 3 3 1 0 5 49 17 0 20 1 73 105 10 7 0 0 7 3 11 11 6 0 0 0 3 0 0 97 95 90 250 31 383 125 158 49 96 276 102 193 93 42 98 38 530 91 0 0 0 0 11 0 0 0 0 0 0 0 0 0 0 0 0 0 0 0 0 0 0 0 0 0 0 0 0 0 0 0 11 0 0 0 0 0 0 0 0 0 0 9 9 14 0 1 0 1 0 11 0 4 0 0 0 8 0 0 18 9 0 0 10 0 12 11 17 6 8 4 13 8 0 7 8 4 0 7 0 6 0 0 0 0 0 0 0 0 0 0 0 0 0 2 0 0 0 0 0 0 0 0 0 0 0 0 0 0 0 0 0 0 0 0 0 0 0 0 0 0 9 0 6 9 0 1 5 0 0 1 0 0 0 0 0 1 0 0 3 8 30 1 0 0 26 0 17 14 36 0 11 83 5 23 4 0 7 24 0 0 0 0 0 0 0 0 0 0 0 0 0 0 5 0 0 0 0 0 0 0 6 0 0 0 0 7 0 0 17 0 0 5 2 1 0 0 0 0 0 0 0 0 18 7 0 0 0 0 
