 0 471 193 61 338 120 168 371 204 102 41 338 326 129 130 173 47 343 172 134 0 0 77 3 2 0 0 2 0 0 1 0 0 0 0 0 2 0 0 0 0 0 0 1 3 0 0 3 0 0 0 2 0 6 0 0 1 0 2 3 3 0 0 0 0 0 2 3 0 0 3 0 23 0 0 0 2 3 0 0 0 23 16 0 0 0 8 20 33 12 0 0 73 15 21 25 20 24 0 0 0 0 0 0 0 0 1 0 0 0 0 0 0 0 2 0 0 0 14 0 0 0 1 0 0 0 0 0 0 8 0 0 0 0 0 0 0 0 0 0 27 0 0 0 0 0 0 0 0 0 12 0 0 0 0 0 0 0 0 0 12 25 22 43 15 0 9 9 6 41 38 20 1 29 22 0 27 0 0 23 2 0 0 0 0 0 2 0 0 0 0 0 1 2 0 0 0 0 0 10 0 0 0 0 0 0 0 0 0 0 0 0 0 0 0 0 0 0 0 0 0 0 0 0 0 0 0 0 0 0 0 0 0 0 0 0 0 0 9 16 0 0 0 0 0 0 0 0 2 91 0 8 0 0 0 0 0 0 0 1 7 0 0 0 0 0 0 0 0 0 0 0 0 0 0 19 0 0 0 0 0 0 0 0 0 0 0 0 0 0 
 471 0 250 68 96 32 184 553 318 56 543 339 138 276 368 58 32 248 125 111 0 0 1 3 3 0 0 1 0 0 2 0 0 0 0 1 2 0 1 0 0 0 0 1 3 0 0 3 0 0 0 3 0 3 0 0 0 0 2 4 3 0 0 0 0 0 3 3 0 0 3 0 6 0 0 0 2 3 0 0 31 68 6 23 0 0 50 0 10 25 60 7 24 0 22 10 7 68 30 38 0 0 0 0 0 0 0 0 0 0 0 0 0 0 0 0 0 0 0 48 0 0 0 0 0 0 33 0 0 0 0 0 12 0 0 0 0 0 0 0 0 0 0 0 0 2 0 0 0 0 12 15 1 0 0 0 0 19 0 0 29 20 23 12 0 0 0 0 20 12 10 0 19 18 0 52 0 0 0 15 0 0 0 0 0 0 1 0 0 0 0 0 14 0 0 0 0 0 0 0 0 0 0 0 0 0 0 0 1 0 0 0 1 0 0 0 0 1 0 0 0 0 0 1 0 0 0 0 0 0 0 0 0 0 0 0 0 0 0 0 0 0 0 0 0 2 0 0 2 92 2 17 0 0 0 0 0 0 0 0 0 0 0 0 0 0 0 0 0 0 0 0 0 0 0 0 0 0 0 0 0 0 0 0 0 0 0 0 0 0 
 193 250 0 269 118 29 170 313 270 50 128 203 79 233 96 130 339 254 48 83 0 1 0 3 2 0 0 2 2 0 1 0 3 0 0 0 2 0 0 0 0 0 0 2 2 0 0 3 1 0 0 2 0 3 0 0 3 1 2 14 3 0 0 0 0 12 0 1 0 0 2 0 0 0 0 0 3 44 0 0 38 38 56 1 16 0 0 13 13 30 13 15 0 13 29 40 26 43 15 21 0 0 1 0 12 0 0 0 0 0 0 0 0 0 0 0 1 0 10 0 6 1 0 0 0 0 0 0 0 0 0 0 0 0 0 0 0 0 0 0 0 0 0 0 0 0 0 0 0 0 4 0 0 0 0 0 1 0 0 0 0 20 10 75 7 0 15 24 0 36 21 0 26 0 30 32 14 8 11 14 0 0 0 0 0 0 2 0 0 0 0 0 0 0 0 0 0 0 1 2 0 0 0 0 0 0 0 0 0 0 0 0 0 0 0 2 0 0 0 2 0 0 0 0 0 0 0 0 0 0 0 0 0 0 2 0 0 0 0 0 0 9 0 0 0 4 0 0 2 46 0 10 0 0 2 0 0 0 0 0 0 0 0 0 0 0 0 0 0 0 0 0 0 0 0 17 0 0 0 0 0 0 0 0 0 0 0 0 0 0 
 61 68 269 0 109 294 92 82 161 336 178 138 48 49 154 458 401 168 63 75 93 6 3 3 2 0 169 4 2 2 0 2 146 74 20 0 2 0 1 37 0 0 0 2 2 4 0 3 0 0 0 2 2 3 0 0 3 0 2 4 3 0 0 0 0 0 4 5 2 0 2 5 0 0 0 0 46 3 0 0 1 12 9 35 2 11 0 17 6 15 29 23 0 0 0 9 12 1 0 0 0 9 7 14 0 0 0 8 1 0 0 2 0 11 10 0 0 1 16 34 2 0 0 2 0 0 0 0 0 0 0 0 1 0 0 0 0 0 1 0 0 2 0 0 0 0 0 3 2 1 0 1 0 2 3 0 0 0 0 0 0 18 2 26 25 23 0 1 16 1 14 10 0 1 0 0 0 27 2 9 1 11 0 0 0 0 31 14 18 0 0 0 22 20 0 41 0 0 37 28 0 24 0 0 0 1 0 0 0 0 0 0 0 0 0 0 0 0 0 0 0 0 0 0 0 0 0 0 0 1 1 0 0 0 0 0 0 0 0 0 0 1 0 0 0 45 90 0 3 0 0 317 13 1 0 0 0 0 0 0 0 0 0 0 0 0 0 0 0 0 0 0 0 0 0 0 14 13 0 0 0 0 0 0 0 0 0 0 0 0 
 338 96 118 109 0 403 170 87 71 268 483 145 155 158 264 217 139 405 290 104 0 0 0 3 2 0 2 7 0 0 0 2 2 75 2 0 2 0 153 75 22 0 0 23 65 21 2 3 0 22 0 2 1 3 0 15 1 1 2 8 7 0 0 0 0 4 3 3 0 4 3 0 0 0 0 0 2 3 0 1 11 16 6 13 13 10 0 13 0 14 10 19 0 0 1 13 24 10 0 18 16 0 0 0 0 0 13 13 0 1 0 2 0 11 0 25 0 1 33 8 17 0 0 2 0 0 13 0 0 0 0 0 0 0 0 0 0 0 0 0 0 0 0 0 0 0 0 0 0 1 0 0 0 0 0 0 0 0 0 0 0 11 8 1 0 15 0 9 6 0 11 17 0 0 1 0 8 15 1 6 0 0 1 0 0 0 3 0 4 0 0 0 20 0 0 0 11 0 20 11 0 1 0 0 0 1 0 0 0 0 0 0 0 0 0 0 0 0 0 0 0 0 0 0 0 0 0 0 0 1 1 0 0 0 0 0 0 0 0 0 0 0 0 0 0 0 1 0 90 4 11 3 3 1 0 2 0 0 0 0 0 0 0 0 0 0 0 0 0 0 0 0 0 0 0 1 16 0 0 0 0 0 0 0 0 0 0 0 0 0 
 120 32 29 294 403 0 45 44 130 238 93 169 198 52 83 172 175 227 258 263 135 0 74 3 2 1 149 3 0 35 2 5 74 167 1 2 80 0 76 3 0 0 0 4 3 0 0 3 0 74 0 5 6 3 0 2 4 6 2 6 3 0 2 1 0 0 7 3 2 0 54 0 0 0 0 0 2 3 0 37 0 0 6 15 20 18 0 0 1 10 25 0 0 0 10 1 0 0 0 0 24 2 3 1 0 0 48 56 0 0 0 0 19 9 1 0 0 1 43 8 0 0 0 0 0 0 0 0 0 0 0 0 0 0 0 0 0 0 2 0 0 0 0 0 0 0 0 0 0 0 0 0 0 5 0 0 0 1 0 0 0 46 0 0 55 11 1 0 15 0 0 7 0 0 0 0 0 71 7 0 1 27 0 0 0 0 14 1 52 15 0 0 0 29 13 0 28 20 23 9 0 0 0 0 0 0 0 0 0 0 0 0 0 0 0 0 0 0 0 0 0 0 0 0 0 0 0 0 0 0 0 0 0 0 0 0 0 0 11 0 0 0 0 0 0 0 95 0 3 1 0 3 0 0 0 0 0 0 1 0 0 0 1 0 0 0 0 0 0 0 1 0 0 0 0 0 0 19 0 0 0 0 0 0 0 0 0 0 0 0 
 168 184 170 92 170 45 0 187 370 28 37 92 374 139 57 59 48 47 59 282 0 0 0 3 4 1 0 2 0 0 1 0 1 0 0 0 2 0 2 0 0 0 0 0 3 0 0 3 0 0 0 3 0 3 0 0 0 2 2 21 3 0 0 0 0 0 3 3 3 0 3 0 0 0 0 0 2 3 41 0 41 4 16 31 0 0 6 11 11 10 0 12 8 31 13 0 12 13 0 9 0 0 0 0 2 0 0 0 0 0 0 0 0 0 0 0 0 0 0 8 0 0 0 0 0 0 0 0 0 0 0 0 0 0 0 0 0 0 0 0 1 1 0 17 0 0 0 0 0 0 0 0 1 0 0 0 0 0 0 0 10 0 1 14 0 0 11 21 10 14 13 0 0 19 0 1 12 0 23 0 0 0 0 1 0 0 0 0 0 0 0 1 1 0 0 0 0 0 0 0 0 0 0 0 0 0 0 2 0 0 0 0 0 0 0 0 0 0 0 0 0 0 0 0 0 0 0 0 0 0 2 0 0 0 0 0 0 0 0 0 0 8 0 0 0 2 1 0 0 0 0 5 2 0 0 0 0 0 0 0 0 0 2 6 0 0 0 0 0 0 0 0 0 0 0 0 0 0 0 0 0 0 0 0 0 0 0 0 0 0 
 371 553 313 82 87 44 187 0 91 61 29 134 203 320 374 275 47 628 81 172 0 4 0 3 2 0 0 1 0 1 2 0 0 0 0 2 2 0 2 0 0 0 0 1 2 0 0 3 0 0 0 2 0 3 0 0 2 0 2 7 3 0 0 0 0 0 2 3 0 0 3 5 0 0 0 0 2 8 0 0 26 27 15 0 0 0 0 11 6 47 27 7 39 0 21 9 7 22 33 23 0 0 0 0 0 0 0 0 0 0 0 0 0 16 0 0 0 0 14 0 0 0 0 0 0 0 0 0 0 0 0 0 0 0 0 0 0 0 0 0 0 0 0 0 0 0 0 61 0 0 0 0 0 0 0 0 0 0 0 0 14 24 29 22 13 0 25 42 0 16 19 1 0 0 6 14 13 0 24 1 0 0 0 0 0 0 0 0 0 1 0 0 0 0 0 0 0 11 0 10 0 0 0 0 0 0 0 0 0 0 0 0 0 0 0 0 0 0 20 0 0 0 0 0 0 0 0 0 0 0 0 0 0 0 0 0 0 0 0 0 0 8 0 0 0 4 2 0 2 88 0 4 0 0 0 0 0 0 0 0 0 0 0 0 0 0 0 0 0 0 0 0 0 0 0 0 0 0 0 0 0 0 0 0 0 2 0 0 0 0 
 204 318 270 161 71 130 370 91 0 93 45 248 446 192 244 162 231 41 172 191 92 0 1 3 2 0 0 1 0 2 4 3 2 2 1 3 5 2 0 0 0 2 0 1 3 0 0 3 3 3 0 4 8 5 2 0 1 0 2 5 3 3 43 0 0 0 4 3 0 0 3 13 3 0 0 0 2 6 32 0 22 10 0 19 12 0 7 27 10 67 27 0 29 14 33 14 29 48 0 0 0 0 0 0 0 0 0 10 0 0 2 0 8 0 0 0 0 0 0 0 0 0 0 0 0 0 0 0 0 0 0 0 0 0 0 0 0 0 0 0 8 25 0 23 0 0 0 0 0 0 8 0 0 0 1 21 0 2 0 0 0 0 0 17 2 12 0 0 24 21 0 0 10 16 0 6 0 12 0 25 0 7 0 0 0 0 14 0 0 0 0 0 5 1 0 0 0 0 1 0 0 0 0 0 0 0 0 0 0 0 0 0 0 0 0 0 0 0 0 0 0 0 0 0 0 0 29 0 0 0 0 2 0 0 0 0 0 0 0 0 0 0 0 0 0 0 57 2 0 174 1 4 0 0 0 0 0 0 0 0 0 0 11 0 0 0 0 0 0 0 0 0 0 0 0 12 9 0 0 0 0 0 0 0 0 0 0 0 0 0 
 102 56 50 336 268 238 28 61 93 0 327 153 170 78 330 333 218 133 249 203 73 76 0 3 5 1 35 3 0 2 0 0 108 0 0 154 2 0 49 87 0 0 0 0 3 0 0 3 0 0 0 5 3 3 0 0 2 0 2 2 3 0 0 0 2 8 3 3 0 0 3 0 0 0 1 0 2 6 0 0 0 0 0 2 17 10 0 24 10 0 26 37 0 16 0 12 29 8 0 0 2 0 1 0 0 3 0 35 0 0 0 0 7 0 0 13 0 0 0 9 0 0 0 0 0 0 0 0 0 0 0 0 0 0 0 0 0 0 0 0 0 0 0 0 0 0 0 0 0 0 1 0 0 0 0 0 0 0 0 0 0 0 16 0 1 25 10 18 3 33 30 10 0 1 12 0 33 40 0 2 0 8 0 0 0 0 24 0 0 0 0 0 0 14 0 0 0 0 33 21 0 0 0 0 11 0 0 0 0 0 0 0 0 0 0 10 0 0 0 0 0 0 0 0 0 0 8 0 0 0 0 0 0 0 0 0 0 0 0 0 0 0 0 0 0 0 46 1 87 0 0 20 0 0 0 0 0 0 0 0 0 0 13 0 0 0 0 0 0 0 0 0 0 0 51 8 11 0 0 0 0 0 0 0 0 0 0 0 0 0 
 41 543 128 178 483 93 37 29 45 327 0 59 133 136 84 734 470 242 44 196 0 1 2 3 2 0 74 2 0 0 0 2 74 0 0 0 2 0 0 0 0 0 0 2 2 0 0 3 0 0 0 2 26 3 1 0 3 0 2 3 3 0 0 47 0 5 0 1 0 0 2 11 0 0 0 0 3 3 0 0 0 9 1 17 16 0 0 34 0 17 22 31 0 15 41 23 29 2 0 0 0 0 0 0 0 0 1 0 0 0 0 0 0 0 0 0 0 0 31 18 0 0 0 0 0 0 0 9 0 0 0 0 0 0 0 0 13 0 0 0 0 0 0 0 0 0 0 0 0 0 1 0 0 0 0 0 0 0 0 0 0 47 5 14 14 13 0 19 17 19 23 7 0 13 21 0 63 28 0 18 0 0 0 0 0 0 28 0 0 0 0 0 13 10 0 0 0 0 19 29 0 0 0 0 0 0 0 0 0 0 0 0 0 0 0 0 0 0 0 0 0 0 0 0 0 0 0 0 0 0 0 0 0 0 0 0 0 0 0 0 0 0 0 0 0 1 0 0 2 2 0 8 0 0 0 0 0 0 0 0 0 0 0 0 0 0 0 0 0 0 0 0 0 0 0 26 16 0 0 0 0 0 0 0 0 0 0 0 0 0 
 338 339 203 138 145 169 92 134 248 153 59 0 82 338 151 112 92 81 28 431 34 5 0 3 8 2 44 4 3 2 2 0 2 34 0 5 4 0 1 0 0 0 0 2 3 7 0 3 0 2 0 5 2 5 0 3 4 5 3 72 3 0 2 0 2 0 35 6 2 3 3 0 6 2 4 0 4 5 0 2 9 1 12 46 0 0 0 49 18 12 2 24 14 14 0 24 37 15 0 17 0 0 0 0 1 8 0 0 0 0 0 0 2 0 10 0 0 0 0 18 0 22 0 0 0 0 0 1 0 0 0 0 0 0 0 0 0 0 0 0 0 0 0 0 0 0 0 0 0 0 0 0 0 0 0 0 0 0 0 0 1 1 2 31 0 3 0 14 39 35 30 8 23 4 9 9 18 6 16 29 0 0 0 0 9 0 0 0 11 0 0 0 10 0 0 1 0 0 40 11 0 0 0 2 0 0 0 0 0 0 0 0 0 0 0 0 0 0 0 0 0 0 0 0 0 0 0 0 0 0 4 0 0 0 0 0 0 0 0 0 0 11 0 0 0 4 89 4 3 7 0 9 0 0 0 0 0 0 0 0 0 0 0 0 0 0 0 0 0 13 0 0 0 1 0 3 45 9 0 0 0 0 0 0 0 0 0 0 0 0 
 326 138 79 48 155 198 374 203 446 170 133 82 0 296 188 219 64 43 199 214 0 0 0 3 2 0 0 2 0 0 1 0 0 0 0 0 2 0 0 0 0 0 0 1 3 0 0 3 0 0 41 3 0 3 0 0 1 0 2 3 3 0 0 0 0 0 3 3 0 0 3 0 5 50 0 0 2 3 0 52 2 42 30 2 0 0 0 22 9 14 1 0 9 1 21 10 10 9 0 0 0 0 0 0 15 0 0 0 9 0 0 0 0 0 0 0 0 0 0 0 0 0 0 2 0 0 0 0 0 1 0 0 0 0 0 0 0 0 0 0 0 0 0 0 0 0 0 0 0 0 5 0 0 0 0 0 0 0 0 2 1 12 22 9 0 0 8 9 0 13 15 0 29 14 0 23 25 0 24 13 0 18 0 0 0 1 0 0 0 0 0 0 0 0 0 0 0 0 0 0 0 0 0 0 0 0 0 0 0 0 0 0 0 0 0 0 0 0 0 0 0 0 0 0 0 0 0 0 0 0 0 0 0 0 0 9 0 1 2 0 0 0 0 0 0 0 0 0 1 49 0 16 0 0 54 0 0 0 0 0 0 0 0 0 0 0 0 0 0 0 0 0 0 0 0 9 0 0 0 0 0 0 0 0 0 0 0 0 0 0 
 129 276 233 49 158 52 139 320 192 78 136 338 296 0 308 42 27 34 104 354 0 1 0 3 2 0 0 3 0 0 2 0 0 0 0 0 4 1 2 0 0 0 0 1 2 0 0 3 0 0 0 2 1 5 0 0 2 0 2 56 3 0 0 0 0 0 1 2 0 0 3 0 0 0 0 0 51 3 0 0 39 47 18 4 0 0 0 21 8 24 33 14 24 9 81 12 37 19 0 30 0 0 0 0 0 0 0 0 0 0 10 0 0 19 0 0 0 0 0 0 0 0 0 0 0 0 0 0 0 0 0 0 0 0 0 0 0 0 0 0 0 0 0 0 0 0 0 0 0 0 9 0 20 0 0 0 0 0 0 0 22 8 34 0 0 0 22 0 22 18 16 0 19 17 0 23 0 1 15 0 0 0 0 0 0 0 0 0 0 0 0 0 18 1 0 0 0 0 0 0 0 0 0 0 0 0 0 0 0 0 0 0 0 2 0 0 0 0 0 0 1 0 0 19 0 0 0 0 0 0 0 0 0 0 0 2 0 0 0 0 0 0 0 0 0 0 2 2 0 90 0 6 0 0 0 0 0 0 0 0 0 0 0 0 0 0 0 0 0 0 0 0 0 0 0 39 0 0 0 0 0 0 0 0 0 0 0 0 0 0 
 130 368 96 154 264 83 57 374 244 330 84 151 188 308 0 175 363 49 177 284 0 0 1 5 6 0 2 3 0 0 8 7 0 0 0 9 6 3 2 0 1 0 0 5 7 1 0 3 2 0 5 3 0 3 0 0 2 1 3 2 3 0 0 0 0 43 3 3 3 0 3 0 6 39 0 1 6 3 1 0 4 95 11 13 0 0 10 0 1 44 22 6 1 0 32 32 6 16 0 0 0 0 0 0 0 0 0 0 0 0 0 0 0 0 0 0 0 0 0 0 0 0 0 0 0 0 0 0 0 0 0 0 0 0 0 0 0 0 0 0 0 0 0 9 0 0 0 0 0 0 0 20 0 0 0 0 0 0 0 0 9 6 11 9 0 10 18 0 22 20 4 0 2 32 0 22 0 0 22 18 0 0 0 0 0 0 15 0 0 0 0 0 34 0 0 8 0 0 1 0 0 0 0 0 0 0 2 0 0 0 0 0 0 1 0 0 0 0 0 0 0 0 0 0 0 0 0 0 0 0 0 0 0 0 0 0 0 0 0 0 0 0 0 0 0 2 3 0 2 101 2 10 0 0 0 0 0 0 0 0 0 0 2 0 0 0 0 0 0 0 0 0 0 0 3 0 0 0 0 0 0 0 0 0 0 0 0 0 0 0 
 173 58 130 458 217 172 59 275 162 333 734 112 219 42 175 0 586 98 25 155 0 0 0 3 3 0 35 1 0 0 0 0 34 0 0 1 2 0 0 96 0 0 0 0 3 0 0 3 0 0 0 3 2 3 0 0 0 0 3 2 3 0 0 0 0 9 3 3 0 51 3 0 50 0 0 0 2 3 50 0 0 12 0 0 10 11 0 25 0 7 29 20 0 17 0 22 38 3 0 0 0 0 0 0 0 0 0 18 0 0 1 0 0 1 0 19 0 0 18 11 0 0 0 0 0 0 0 0 0 0 0 0 0 0 0 0 0 0 0 0 0 0 0 0 0 0 0 0 0 0 0 0 0 0 0 0 0 0 0 0 0 10 17 0 0 37 0 72 3 23 20 5 0 0 12 0 42 38 0 13 0 0 2 0 0 0 16 0 1 0 0 0 14 14 0 0 0 0 20 24 0 0 0 0 0 0 0 0 20 0 0 0 0 0 0 0 0 0 0 0 0 0 1 0 0 0 0 0 0 0 0 0 0 0 0 0 0 0 0 0 0 0 0 0 0 1 86 0 89 0 0 4 0 0 0 0 0 0 0 0 0 0 1 0 0 0 0 0 0 0 0 0 0 0 0 8 12 0 0 0 0 0 0 0 0 2 0 0 0 0 
 47 32 339 401 139 175 48 47 231 218 470 92 64 27 363 586 0 248 38 262 241 0 0 3 2 2 110 2 3 0 1 2 74 36 1 0 2 0 0 0 0 6 0 2 3 0 0 3 0 0 0 3 6 3 0 0 81 0 2 2 3 0 0 0 0 7 3 3 0 0 3 1 0 0 0 0 2 3 0 0 1 13 0 17 14 0 0 0 0 20 21 2 0 0 15 11 17 1 0 0 0 0 0 0 0 0 0 9 0 0 8 0 0 0 23 0 0 0 52 12 0 0 1 0 0 0 0 8 0 0 0 2 0 0 0 0 0 0 0 0 0 0 0 0 0 0 0 0 0 0 0 0 0 0 0 0 0 0 0 0 0 27 0 43 16 4 0 31 16 0 1 18 0 2 11 0 26 64 0 0 0 0 0 0 1 0 40 0 10 0 0 0 14 12 0 2 0 0 25 19 0 0 0 0 0 0 20 0 0 0 0 0 0 0 0 0 0 0 0 0 0 0 10 0 0 0 0 0 13 0 0 0 0 0 0 0 0 0 0 0 0 0 0 0 0 0 171 1 2 1 2 10 0 0 0 0 0 0 0 0 0 0 0 0 0 0 0 0 0 2 0 0 0 0 0 18 0 11 0 0 0 0 0 0 0 0 0 0 0 0 
 343 248 254 168 405 227 47 628 41 133 242 81 43 34 49 98 248 0 28 178 1 0 0 3 3 0 0 1 0 0 0 0 0 1 0 1 2 0 45 2 0 0 0 0 3 0 0 3 0 0 0 3 0 3 0 0 0 0 2 5 3 0 0 0 0 7 3 3 0 0 3 0 0 0 0 0 2 3 0 0 3 0 23 0 0 0 0 14 13 12 27 2 13 13 25 25 17 18 0 0 10 0 0 0 0 0 28 8 0 0 0 0 0 2 0 18 2 0 59 0 0 0 50 0 0 0 0 1 0 0 0 0 1 0 0 0 0 0 0 0 0 0 0 0 0 2 0 0 0 0 0 0 2 8 0 0 0 0 0 0 6 22 11 51 61 0 16 39 0 53 8 27 0 0 16 11 35 13 9 15 0 0 0 0 0 0 1 0 14 0 0 0 0 10 1 0 0 0 16 25 0 0 0 0 0 5 0 0 0 0 0 11 2 0 0 0 0 0 0 0 0 0 0 1 0 0 0 0 0 0 0 0 0 2 0 0 0 13 8 0 0 15 0 0 0 5 2 4 2 0 0 8 0 0 0 0 0 0 0 0 0 0 0 0 0 0 0 0 0 0 0 0 0 0 0 0 0 0 0 0 0 0 0 0 0 0 0 0 0 0 
 172 125 48 63 290 258 59 81 172 249 44 28 199 104 177 25 38 28 0 147 1 3 2 3 2 0 0 2 1 0 0 0 0 4 4 0 3 1 3 6 0 0 2 3 2 0 0 3 0 2 0 2 0 3 65 2 3 0 2 3 3 0 0 0 2 1 2 3 4 0 6 3 10 3 0 0 3 8 4 3 0 18 49 0 0 0 49 2 0 0 0 0 13 0 0 0 0 12 21 16 0 0 0 0 0 0 0 0 0 0 0 0 0 0 0 0 0 10 0 0 0 0 0 0 0 21 0 0 0 0 15 0 0 0 0 0 0 0 0 0 4 7 0 0 0 0 0 0 0 0 0 0 0 0 0 0 0 0 0 0 22 0 48 0 0 0 10 0 11 0 0 0 0 12 0 12 17 0 0 23 0 0 0 0 0 0 0 0 9 0 0 0 0 0 0 0 0 0 0 0 0 0 0 0 0 0 0 0 0 0 0 0 0 0 0 0 0 0 0 0 0 0 0 0 0 0 0 0 0 0 7 0 0 0 0 0 0 0 0 0 0 0 0 0 0 0 0 2 0 3 0 10 0 0 0 0 0 0 0 0 34 0 0 0 0 62 0 0 0 0 0 0 0 0 0 0 0 0 0 0 0 0 0 0 0 0 0 0 0 0 
 134 111 83 75 104 263 282 172 191 203 196 431 214 354 284 155 262 178 147 0 2 1 0 3 2 1 1 2 0 0 1 0 0 0 0 0 2 0 1 0 3 58 0 0 2 2 0 4 0 3 0 2 0 3 0 2 4 0 2 7 3 0 0 0 0 0 2 3 0 0 3 0 0 0 0 0 2 5 0 0 11 2 15 1 0 0 8 29 22 0 0 7 15 16 12 0 37 24 0 21 0 0 0 0 0 0 0 0 0 0 0 11 12 0 0 0 0 0 0 0 0 0 0 0 0 0 0 0 0 0 0 0 0 0 0 0 0 0 0 0 0 0 0 0 0 0 0 0 0 0 14 0 0 0 0 0 0 0 0 1 11 1 37 11 0 0 37 17 7 11 31 1 19 24 0 14 0 0 18 1 0 0 0 0 0 0 0 0 0 0 0 0 0 0 0 0 0 0 0 0 0 0 0 0 0 0 2 0 0 0 0 2 0 0 0 0 14 0 0 0 0 0 0 0 0 0 0 0 0 0 0 0 0 0 0 0 0 2 0 0 0 8 0 0 0 1 0 0 1 3 1 8 0 0 0 0 0 2 0 0 0 2 0 0 0 0 0 0 0 0 0 0 0 0 0 5 0 0 0 0 0 0 0 0 0 0 0 0 0 0 
 0 0 0 93 0 135 0 0 92 73 0 34 0 0 0 0 241 1 1 2 0 106 181 225 52 49 117 50 172 61 242 38 150 157 136 156 66 146 58 126 3 0 0 2 3 1 0 1 0 4 0 0 3 71 1 2 2 0 0 1 0 1 3 0 1 1 48 8 6 5 0 0 0 5 3 0 3 3 1 4 0 0 0 26 24 21 0 0 7 0 13 13 0 0 0 0 0 0 0 0 9 25 7 26 54 0 0 15 0 0 0 4 14 23 31 9 17 0 0 18 0 0 0 0 0 0 0 0 0 10 0 0 0 0 0 0 0 0 0 0 0 0 0 0 0 0 0 0 0 0 0 0 0 2 0 0 0 0 0 0 10 0 0 15 19 0 0 0 11 2 14 9 0 0 0 0 0 28 4 0 28 19 0 0 9 0 9 44 17 0 14 22 39 42 19 1 12 6 19 0 0 0 0 0 0 0 0 0 0 0 0 0 0 0 0 0 14 0 0 0 0 0 0 0 0 0 0 0 0 0 0 0 0 0 0 0 0 0 0 0 0 0 9 0 0 0 161 0 74 0 0 0 10 0 10 0 0 1 0 2 1 0 13 0 0 0 0 0 0 0 0 0 0 1 0 0 0 4 0 0 0 0 0 0 0 0 0 0 0 0 
 0 0 1 6 0 0 0 4 0 76 1 5 0 1 0 0 0 0 3 1 106 0 198 371 39 246 176 213 143 41 190 46 257 62 316 224 233 178 171 138 3 0 0 2 0 5 0 0 0 0 0 0 0 1 0 0 0 2 0 1 0 0 0 0 0 0 2 2 0 3 0 0 0 2 0 4 3 3 0 4 0 0 0 6 0 0 0 0 0 0 0 0 0 0 0 0 19 0 0 0 30 41 14 18 6 8 0 9 13 16 12 40 1 0 27 40 41 35 0 0 0 0 0 0 0 0 0 0 0 0 0 0 16 0 0 0 0 0 0 14 0 0 0 0 0 0 0 0 0 0 0 0 0 0 0 0 3 1 1 0 0 0 0 0 0 0 8 0 0 0 0 2 0 0 0 0 0 0 0 2 57 12 34 12 38 8 2 8 26 38 12 29 11 0 14 45 8 0 0 16 0 0 0 0 0 0 0 0 0 0 0 0 12 35 0 0 1 0 20 0 0 2 0 0 0 0 0 0 0 0 0 0 0 0 1 0 1 0 0 0 0 12 0 0 0 0 0 0 0 0 0 0 0 0 79 0 0 3 0 1 4 0 0 0 0 0 0 0 0 0 0 0 0 0 0 0 0 0 0 1 0 22 0 0 0 1 0 0 0 0 
 77 1 0 3 0 74 0 0 1 0 2 0 0 0 1 0 0 0 2 0 181 198 0 250 64 110 101 236 166 352 187 182 37 418 122 123 128 130 242 45 3 0 2 2 7 0 0 3 0 0 0 3 0 3 0 0 0 0 76 3 1 0 0 0 0 0 13 2 0 3 1 0 0 2 0 0 6 5 0 4 0 0 0 3 0 0 0 0 0 0 0 0 0 2 0 0 0 0 7 2 13 23 31 0 8 10 7 18 9 0 0 19 20 0 42 12 14 0 0 1 0 0 0 0 0 0 1 16 0 0 0 0 0 14 14 0 0 0 8 18 0 0 1 0 0 0 0 0 16 0 23 0 0 0 0 0 0 0 0 0 0 0 0 0 0 15 0 0 0 0 0 0 0 0 0 0 2 0 0 0 18 0 45 35 14 0 0 0 1 14 12 38 0 0 30 14 22 17 2 0 1 0 0 0 0 0 11 0 0 0 0 0 0 19 0 0 0 0 26 0 0 0 0 0 0 0 0 0 0 0 2 0 0 0 0 0 0 0 0 0 0 0 0 0 0 0 0 0 0 0 0 0 0 0 16 0 2 80 74 0 7 1 0 0 0 0 0 0 0 18 0 0 0 0 0 0 0 0 0 0 0 22 0 0 0 0 0 0 0 0 
 3 3 3 3 3 3 3 3 3 3 3 3 3 3 5 3 3 3 3 3 225 371 250 0 85 330 145 67 170 139 367 378 360 181 135 53 290 160 451 60 14 0 0 1 0 0 0 0 0 0 0 0 0 62 0 0 0 0 60 1 0 0 0 0 0 0 4 2 0 3 0 0 0 2 0 0 3 3 0 4 0 0 1 0 0 0 0 0 0 0 0 0 0 0 0 0 0 0 0 0 1 12 22 29 29 17 12 14 36 23 0 27 17 0 20 63 54 22 13 16 3 0 0 0 0 0 0 0 0 0 0 0 14 0 12 0 0 0 0 21 0 0 0 0 0 0 0 0 0 0 0 0 0 0 0 0 14 0 2 0 0 0 0 0 0 0 0 2 0 0 0 0 0 0 0 0 0 0 0 0 12 7 87 69 61 8 0 11 14 7 0 0 11 0 12 11 13 0 14 23 0 4 0 0 0 0 5 13 1 0 0 2 19 40 0 0 2 14 8 4 0 0 0 0 0 0 0 0 0 0 0 0 0 0 0 0 0 1 0 0 0 0 17 0 0 0 0 0 0 0 0 0 0 0 4 1 2 1 4 0 5 0 0 0 0 0 0 0 0 0 0 0 0 0 0 0 0 0 0 39 0 12 0 0 0 6 0 0 0 0 
 2 3 2 2 2 2 4 2 2 5 2 8 2 2 6 3 2 3 2 2 52 39 64 85 0 260 48 270 207 100 292 206 92 105 54 333 66 33 63 63 128 69 0 6 0 0 16 36 0 61 0 0 43 8 65 61 0 1 62 64 0 0 0 0 0 0 0 5 0 3 0 0 0 2 0 0 3 3 0 0 0 0 11 0 0 0 0 0 0 0 0 0 0 0 0 0 0 0 0 0 0 0 0 0 2 3 0 0 9 5 2 23 0 0 0 0 0 18 0 0 3 23 0 12 12 0 32 0 7 12 0 13 42 14 11 19 11 7 17 28 0 0 0 0 0 0 0 0 0 0 0 0 1 0 4 0 2 0 0 0 0 0 0 0 0 0 0 0 0 0 0 0 0 0 0 0 0 0 0 0 19 0 0 0 4 11 0 0 0 0 9 35 0 0 0 17 0 0 0 0 63 1 20 11 0 0 3 32 14 10 0 8 0 18 11 17 1 13 14 72 0 0 0 0 0 0 0 0 0 0 0 34 0 0 0 0 0 0 16 0 0 0 0 0 0 0 0 0 0 0 0 0 0 0 10 0 7 0 1 2 2 0 0 0 0 0 4 0 0 0 0 0 0 0 0 0 0 0 0 0 0 0 0 0 7 26 15 0 0 0 
 0 0 0 0 0 1 1 0 0 1 0 2 0 0 0 0 2 0 0 1 49 246 110 330 260 0 32 38 29 50 286 98 49 74 104 191 36 61 43 41 97 1 62 1 8 0 54 128 0 297 0 0 63 143 63 116 0 0 81 124 0 0 17 0 0 0 0 2 39 3 5 0 0 2 0 0 7 3 0 0 0 1 0 0 0 0 0 0 0 0 0 0 0 0 0 0 0 15 0 0 0 4 2 0 0 15 0 0 0 14 3 0 12 0 0 0 0 0 0 0 13 44 0 0 0 0 19 21 35 2 0 0 13 30 15 1 24 1 29 21 0 0 0 0 0 0 0 0 0 2 0 0 0 0 2 0 0 0 0 0 0 0 0 15 0 0 0 0 0 0 0 0 0 0 0 0 0 0 0 0 0 0 18 1 6 34 0 0 0 0 0 9 0 0 1 0 0 7 0 0 0 0 9 22 0 0 0 23 0 1 0 2 0 16 57 22 25 1 14 17 0 0 0 0 0 0 0 0 0 0 0 0 0 0 0 0 0 0 0 0 0 0 0 0 0 0 0 0 0 0 0 0 0 1 8 1 0 5 10 1 2 2 0 0 0 0 0 0 0 0 0 0 0 0 0 0 0 0 0 0 0 0 0 0 8 0 0 0 0 0 
 0 0 0 169 2 149 0 0 0 35 74 44 0 0 2 35 110 0 0 1 117 176 101 145 48 32 0 119 200 52 459 50 216 184 199 53 52 334 287 192 3 0 0 2 0 0 0 0 0 0 2 0 0 0 0 0 0 0 0 1 0 0 0 0 0 0 0 2 0 3 0 2 0 2 0 0 3 3 0 0 0 0 0 27 18 47 0 0 7 0 23 13 0 0 0 0 22 0 0 0 13 8 7 32 9 10 1 1 0 0 12 0 0 23 9 0 12 0 2 28 0 0 0 0 0 0 0 11 0 8 0 0 0 0 0 0 0 0 0 2 0 0 0 0 0 0 0 0 0 0 1 0 2 3 0 0 1 0 0 0 0 0 0 15 0 24 0 0 10 0 14 3 0 0 0 0 0 25 18 0 12 10 0 1 10 0 26 33 36 0 9 0 42 23 5 4 28 9 20 12 0 0 0 2 0 0 2 0 0 0 0 13 9 0 0 0 0 0 0 0 0 0 0 0 0 0 0 0 0 0 0 0 0 10 0 0 0 0 0 2 0 0 1 0 0 0 75 0 74 0 0 0 17 0 10 2 0 0 0 0 0 0 0 0 0 0 0 0 0 0 0 0 0 0 0 0 0 7 0 0 0 6 0 0 0 0 0 0 0 0 
 2 1 2 4 7 3 2 1 1 3 2 4 2 3 3 1 2 1 2 2 50 213 236 67 270 38 119 0 161 48 338 357 93 169 151 166 34 147 156 129 5 2 2 0 2 2 2 0 1 2 1 2 2 2 2 2 2 1 2 1 2 1 1 2 0 2 4 2 0 7 2 2 0 2 0 1 3 4 0 10 0 0 0 0 9 22 0 0 0 0 0 15 0 0 0 0 0 1 0 0 19 11 0 1 0 0 24 0 19 0 0 25 27 59 83 20 23 12 22 2 0 0 0 0 0 0 0 0 0 0 0 0 23 0 0 0 2 0 0 53 0 0 0 0 3 0 1 0 0 0 0 0 0 0 0 1 0 0 3 0 0 0 0 1 0 12 0 0 0 0 0 0 0 0 0 0 0 0 0 0 23 0 11 12 19 0 8 12 11 27 1 13 0 0 30 45 14 0 0 11 0 0 0 0 0 0 0 0 0 0 0 0 0 12 0 0 0 22 9 0 0 0 0 0 0 0 0 0 0 0 0 0 1 0 0 0 0 0 0 0 0 0 0 0 0 0 0 0 0 2 0 0 0 0 7 1 2 46 1 4 0 0 0 0 0 0 0 0 0 0 0 0 0 0 0 0 0 0 0 0 0 0 0 0 0 0 0 0 0 0 
 0 0 2 2 0 0 0 0 0 0 0 3 0 0 0 0 3 0 1 0 172 143 166 170 207 29 200 161 0 153 136 345 60 207 405 272 268 240 61 58 3 0 0 2 0 0 0 0 0 0 0 0 62 0 62 2 0 0 70 65 0 0 0 0 1 0 0 2 0 3 0 0 0 5 0 50 3 2 0 0 0 0 2 0 11 11 0 0 0 0 0 0 2 0 0 0 0 0 0 0 13 0 7 11 15 38 0 12 1 10 28 11 1 13 2 1 21 20 0 0 11 1 0 0 0 0 0 12 0 11 0 0 26 13 0 0 0 0 10 25 0 0 0 0 0 0 0 0 0 0 0 0 0 0 0 0 0 0 0 0 0 0 0 0 0 0 0 0 11 0 0 0 0 0 0 0 0 5 22 0 20 0 1 0 0 0 0 10 8 24 23 50 4 11 0 48 24 45 0 1 0 14 15 0 0 0 18 24 21 0 0 1 13 20 0 0 0 1 14 10 2 0 0 0 0 0 0 0 0 0 0 0 0 1 0 0 0 0 0 0 0 0 0 0 0 0 0 0 0 0 0 0 0 0 23 2 1 156 0 0 2 21 0 0 0 0 10 0 0 0 0 0 0 0 0 0 0 0 0 1 0 11 0 0 0 10 12 0 0 0 
 0 0 0 2 0 35 0 1 2 2 0 2 0 0 0 0 0 0 0 0 61 41 352 139 100 50 52 48 153 0 77 237 166 238 267 183 197 302 157 72 28 0 0 1 0 0 0 0 0 0 0 0 0 1 0 1 0 0 175 63 0 0 0 0 2 0 8 2 0 3 0 0 0 2 0 0 3 3 0 0 0 0 0 0 0 0 0 0 0 0 0 0 0 0 2 0 0 0 0 0 12 1 14 37 33 12 20 13 33 12 21 29 43 0 15 39 36 44 19 32 0 0 0 0 0 0 0 1 3 0 3 0 0 13 1 0 0 0 1 0 0 0 0 0 0 0 0 0 0 0 0 0 0 0 0 0 0 1 0 0 0 0 0 0 18 18 0 0 0 0 0 0 0 0 0 0 0 0 0 0 15 9 19 23 8 0 12 13 20 50 34 9 0 0 32 2 21 70 2 55 0 0 12 9 0 0 8 0 0 0 0 0 1 0 0 0 0 0 8 0 0 2 0 1 0 0 0 0 0 0 0 0 16 0 1 0 6 0 0 0 0 0 29 0 0 0 0 0 0 0 0 0 0 0 16 0 0 78 4 0 9 12 0 0 0 0 0 0 0 0 0 0 0 0 0 0 0 0 0 0 0 0 0 0 0 0 0 0 0 0 
 1 2 1 0 0 2 1 2 4 0 0 2 1 2 8 0 1 0 0 1 242 190 187 367 292 286 459 338 136 77 0 61 91 34 55 312 119 124 313 125 3 0 0 62 0 0 0 0 0 60 0 0 0 27 0 0 1 0 0 63 0 0 0 0 0 0 2 3 0 3 0 0 3 3 0 0 3 2 3 6 0 0 2 0 0 0 0 0 0 0 0 0 0 0 0 0 0 0 0 0 38 17 46 19 21 40 0 4 17 24 14 17 19 0 13 58 2 30 0 0 9 0 0 0 0 13 19 0 0 0 0 0 0 0 0 0 0 0 0 1 0 0 0 0 0 0 0 1 0 0 0 0 0 0 0 0 3 0 9 0 0 0 0 10 0 9 0 0 0 0 0 2 0 0 0 0 0 0 0 2 29 0 35 14 47 15 0 9 37 10 11 0 0 0 0 0 14 0 0 18 0 11 0 0 0 0 9 9 9 0 0 0 4 10 0 0 19 0 13 14 0 0 0 0 0 0 0 0 0 0 0 0 0 0 0 0 0 2 0 0 0 0 0 0 0 0 0 0 0 1 0 0 0 0 11 1 0 1 5 0 2 0 0 0 0 0 0 0 0 0 0 0 0 0 0 0 0 0 0 11 0 14 0 0 0 10 0 0 0 0 
 0 0 0 2 2 5 0 0 3 0 2 0 0 0 7 0 2 0 0 0 38 46 182 378 206 98 50 357 345 237 61 0 27 263 98 124 139 135 23 40 3 26 0 1 0 0 0 64 0 0 0 60 97 65 3 0 0 0 62 1 0 0 27 0 0 0 2 2 0 3 0 0 0 2 0 0 3 3 0 4 0 1 0 0 0 0 0 0 8 0 0 0 0 0 0 0 0 0 0 0 10 0 2 0 9 0 0 0 22 1 0 21 0 0 51 20 14 17 0 0 25 8 0 1 0 0 15 0 14 1 0 0 53 9 8 0 0 1 0 67 0 0 0 0 0 0 0 0 0 2 0 0 0 0 5 0 0 0 0 0 0 0 0 0 0 0 0 0 0 0 0 0 0 0 7 0 0 0 0 0 19 0 19 17 10 29 0 0 18 16 0 31 0 0 16 15 18 0 0 0 7 0 0 0 0 0 0 12 42 10 4 0 0 46 26 8 1 1 25 13 0 0 0 0 0 0 0 0 0 0 0 0 0 0 0 0 0 0 0 0 0 0 0 0 0 0 1 0 0 0 0 1 0 1 20 1 4 10 86 1 1 0 0 0 0 0 0 0 0 0 0 0 0 0 0 0 0 0 0 0 0 0 0 0 0 0 0 0 0 0 
 0 0 3 146 2 74 1 0 2 108 74 2 0 0 0 34 74 0 0 0 150 257 37 360 92 49 216 93 60 166 91 27 0 150 226 41 214 106 197 275 10 0 4 4 0 0 0 0 2 0 2 0 0 0 1 52 0 5 4 1 0 0 0 3 0 2 0 9 0 3 0 2 0 2 2 0 3 2 2 5 0 0 0 12 12 26 0 0 11 0 18 6 0 0 1 0 14 0 0 0 13 26 12 23 31 0 0 12 38 25 13 12 13 10 0 21 27 25 12 14 0 0 0 0 0 0 0 0 0 0 0 0 0 0 0 0 0 0 2 0 0 0 0 0 0 0 0 0 0 0 0 0 0 0 0 0 1 2 2 0 0 0 0 0 0 35 0 0 0 0 8 0 0 0 0 0 0 11 0 0 21 18 12 9 17 14 43 11 0 31 11 0 29 12 24 23 0 12 17 31 0 0 2 0 0 0 0 0 0 0 0 0 0 0 0 0 0 0 0 0 0 1 0 0 0 0 0 0 0 0 0 0 0 0 2 0 0 0 0 0 0 0 9 0 0 0 0 0 74 0 0 0 27 0 3 0 2 0 2 4 6 0 0 0 0 0 0 0 0 0 0 0 0 0 0 0 0 0 0 0 0 0 0 0 0 0 0 0 0 1 
 0 0 0 74 75 167 0 0 2 0 0 34 0 0 0 0 36 1 4 0 157 62 418 181 105 74 184 169 207 238 34 263 150 0 316 217 190 76 155 151 12 0 0 0 0 0 0 0 0 0 0 0 3 2 2 0 3 3 1 2 1 0 0 0 4 0 14 2 0 3 3 0 0 4 0 0 5 3 0 0 0 0 2 20 10 10 0 2 0 0 2 35 0 0 0 0 0 1 0 0 11 0 11 25 1 0 55 12 40 0 0 12 18 19 23 6 1 9 18 27 0 0 0 0 0 0 0 0 0 14 0 0 0 0 0 0 0 0 0 0 0 0 0 0 0 0 0 0 0 0 0 0 0 3 0 0 0 0 0 0 0 0 0 18 16 8 0 1 28 0 0 6 0 0 21 0 0 15 9 0 11 1 0 16 2 0 16 10 38 21 0 0 19 9 31 10 41 16 61 0 0 0 0 0 0 0 0 1 0 0 0 0 0 0 0 0 0 0 0 0 0 0 0 0 0 0 0 0 0 12 0 0 0 0 0 0 0 0 0 0 0 0 11 0 0 0 74 0 5 0 13 0 0 0 10 36 0 0 0 0 1 1 0 0 0 0 0 0 0 0 0 0 0 0 0 0 2 4 0 0 0 0 0 0 0 0 0 0 0 0 
 0 0 0 20 2 1 0 0 1 0 0 0 0 0 0 0 1 0 4 0 136 316 122 135 54 104 199 151 405 267 55 98 226 316 0 245 254 43 65 107 6 0 0 1 0 0 0 0 0 0 0 0 0 0 0 2 0 0 17 1 0 0 0 0 0 0 0 2 0 3 0 0 0 2 0 0 3 3 0 0 0 0 0 21 0 11 0 0 7 0 13 12 0 0 0 1 2 0 0 0 23 46 7 21 12 17 0 12 0 26 22 11 9 11 13 1 67 10 1 30 0 0 0 0 0 0 0 12 0 0 0 0 2 14 1 0 0 0 7 0 0 0 0 0 0 0 0 0 14 0 0 0 0 0 0 0 0 0 0 0 0 0 0 0 0 0 0 0 0 0 18 0 0 0 0 0 0 2 12 0 14 30 0 29 14 0 29 15 0 50 32 37 11 13 96 52 1 0 9 7 0 0 0 0 0 0 8 0 2 0 0 0 37 0 0 0 0 0 14 1 0 0 18 0 0 0 2 0 0 0 0 0 0 0 0 0 0 0 0 0 0 0 8 0 0 0 0 0 0 0 0 0 9 0 9 1 0 77 2 0 0 1 0 0 0 0 0 0 0 0 0 0 0 0 0 0 0 0 0 0 0 1 0 0 1 0 0 0 0 0 
 0 1 0 0 0 2 0 2 3 154 0 5 0 0 9 1 0 1 0 0 156 224 123 53 333 191 53 166 272 183 312 124 41 217 245 0 235 244 118 170 73 2 0 2 0 5 5 0 55 0 0 2 31 5 0 0 6 0 49 6 0 0 2 2 0 0 0 5 0 3 2 0 1 37 6 3 4 4 0 0 0 0 1 0 10 16 0 0 0 0 0 0 0 0 0 0 0 0 0 0 13 12 0 11 27 18 9 36 29 2 24 25 11 29 15 14 11 18 19 0 0 0 0 0 0 0 18 5 0 10 0 0 9 3 20 0 0 0 12 0 0 0 0 0 0 0 0 0 0 0 0 0 0 0 0 0 0 0 0 0 0 0 0 0 0 0 0 0 0 0 0 0 0 0 0 0 0 40 4 0 58 0 0 21 14 0 0 22 0 24 17 48 16 8 43 13 12 8 1 23 0 12 1 0 0 0 15 0 0 0 0 2 22 1 0 0 0 0 11 10 2 0 0 0 0 0 0 0 0 0 0 0 0 1 0 0 0 0 0 0 0 0 0 0 0 1 0 0 2 0 0 0 0 0 6 0 3 81 0 1 2 2 36 0 0 2 1 0 0 0 0 0 0 0 0 0 0 0 0 0 0 4 0 0 0 0 14 0 0 0 
 2 2 2 2 2 80 2 2 5 2 2 4 2 4 6 2 2 2 3 2 66 233 128 290 66 36 52 34 268 197 119 139 214 190 254 235 0 495 32 37 4 0 0 1 0 0 1 0 0 0 0 63 0 6 0 0 0 0 0 27 0 0 99 0 0 0 0 2 0 3 0 0 0 2 0 51 3 3 0 0 0 0 0 0 0 1 0 0 1 0 0 0 0 1 0 0 0 0 0 0 16 27 14 32 9 7 8 24 0 11 30 6 4 4 14 0 67 12 0 26 0 0 0 0 0 0 0 21 0 0 0 0 11 0 0 0 0 0 1 11 0 0 0 0 0 0 0 0 0 0 0 0 0 11 0 0 0 0 0 0 0 0 0 0 17 19 0 0 0 0 0 0 0 0 0 0 0 0 0 1 1 7 1 1 20 0 12 18 7 38 33 32 0 0 33 17 11 12 0 13 0 0 11 0 0 0 0 0 0 0 0 0 6 13 0 0 0 0 18 0 0 0 0 0 0 0 0 0 0 10 0 0 0 0 0 0 0 1 0 0 0 0 0 0 0 0 0 0 0 0 0 1 0 0 9 0 2 38 1 1 5 39 0 0 0 0 0 0 0 0 0 0 0 0 0 0 0 0 0 0 0 0 0 0 0 0 0 0 0 0 
 0 0 0 0 0 0 0 0 2 0 0 0 0 1 3 0 0 0 1 0 146 178 130 160 33 61 334 147 240 302 124 135 106 76 43 244 495 0 72 120 7 0 0 0 0 0 78 0 0 0 0 2 0 0 0 0 0 0 36 0 0 0 0 0 0 0 8 3 0 2 0 0 0 2 0 0 3 1 0 5 0 0 0 0 0 20 0 0 0 0 0 0 0 0 0 0 0 0 0 0 0 12 13 60 0 10 25 1 16 0 12 11 22 1 19 33 12 15 8 0 0 0 0 0 0 0 0 0 0 13 0 0 0 13 0 0 0 0 8 0 0 0 0 0 0 0 0 0 0 0 0 0 0 11 0 0 33 0 0 0 0 0 0 0 0 0 0 0 0 0 0 0 0 0 0 0 0 2 1 0 23 15 37 31 12 0 0 33 50 21 13 14 29 6 39 10 19 13 16 0 0 0 0 0 0 0 9 0 0 0 0 0 0 0 4 0 0 0 6 0 0 0 0 0 0 0 0 0 0 0 0 0 0 0 0 0 0 0 0 0 0 0 7 0 0 0 0 0 0 0 0 0 0 0 12 0 0 0 2 1 3 1 0 0 0 0 0 0 0 0 0 0 0 0 0 0 0 0 0 0 0 0 0 0 0 0 0 0 0 0 
 0 1 0 1 153 76 2 2 0 49 0 1 0 2 2 0 0 45 3 1 58 171 242 451 63 43 287 156 61 157 313 23 197 155 65 118 32 72 0 158 8 0 0 0 0 0 0 0 1 0 0 1 0 0 0 0 0 2 0 0 0 0 0 0 0 0 0 3 0 2 0 0 0 2 0 0 3 1 0 0 0 0 0 0 2 12 0 0 0 0 0 9 0 0 0 0 2 0 0 0 25 10 31 19 13 0 44 14 31 6 0 9 15 2 8 34 0 24 32 10 0 0 0 0 0 0 0 6 0 0 0 0 0 0 0 0 0 0 0 0 0 0 1 0 0 0 0 0 0 0 0 0 0 0 0 0 1 0 20 0 0 1 0 0 0 9 0 0 0 0 0 0 0 0 0 0 1 0 2 2 33 1 12 11 10 11 0 7 23 15 0 0 35 1 7 10 9 0 19 13 0 0 0 0 0 0 0 5 0 0 0 0 0 0 0 0 0 0 0 0 0 0 0 0 0 0 0 0 0 0 2 2 0 0 0 0 0 0 0 0 0 0 7 0 0 0 0 0 0 0 9 0 0 0 7 0 2 0 0 1 2 0 1 0 0 0 0 0 0 0 0 0 0 0 0 0 0 0 0 0 0 0 0 0 0 0 0 0 0 0 
 0 0 0 37 75 3 0 0 0 87 0 0 0 0 0 96 0 2 6 0 126 138 45 60 63 41 192 129 58 72 125 40 275 151 107 170 37 120 158 0 5 0 0 2 0 0 0 3 0 0 0 0 0 2 0 0 0 0 0 3 6 0 0 0 0 0 0 3 0 4 0 0 0 2 0 0 3 1 3 0 0 0 0 25 16 30 0 0 9 0 14 18 0 0 0 0 0 0 0 0 1 21 20 46 8 0 8 7 0 14 0 1 3 33 8 15 0 18 1 51 0 0 0 0 0 0 0 0 0 10 0 0 0 0 0 0 0 0 0 0 0 0 0 0 0 0 0 0 0 0 0 0 0 1 0 0 7 0 39 0 14 0 0 0 14 21 0 1 0 1 20 0 0 0 0 0 0 19 10 0 24 25 14 0 17 9 55 54 0 24 0 0 25 54 11 0 43 15 11 0 0 0 0 0 2 0 0 0 0 0 0 7 1 0 0 0 0 0 0 0 0 0 0 0 0 0 0 0 0 0 0 0 0 0 0 0 0 0 0 0 0 0 0 0 0 0 0 0 25 0 29 0 11 0 13 0 0 2 0 0 0 0 0 0 0 0 0 0 0 0 0 0 0 0 0 0 0 0 0 0 0 11 0 0 0 0 0 0 0 0 
 0 0 0 0 22 0 0 0 0 0 0 0 0 0 1 0 0 0 0 3 3 3 3 14 128 97 3 5 3 28 3 3 10 12 6 73 4 7 8 5 0 69 302 159 92 49 194 401 129 74 38 95 28 63 209 160 239 24 273 73 2 0 0 3 6 1 0 1 0 1 2 0 0 0 0 0 2 1 0 3 0 0 0 0 0 0 0 0 0 0 0 0 0 0 0 0 0 0 0 0 0 0 0 28 8 15 0 0 10 0 0 5 0 0 0 16 7 0 5 17 11 1 26 14 14 19 8 1 0 8 89 6 0 0 46 18 53 7 15 8 19 0 0 0 0 0 0 0 0 0 0 9 0 0 0 0 0 0 0 0 0 0 0 0 0 7 0 0 0 0 0 0 0 0 0 0 0 0 0 0 4 0 0 8 17 4 0 0 0 6 0 1 0 0 4 6 0 0 8 39 26 13 1 29 22 16 0 1 28 7 0 11 0 0 12 20 16 11 0 19 11 0 0 0 0 0 1 0 0 0 0 0 0 12 1 0 0 0 1 0 0 0 45 0 0 0 0 0 0 0 2 8 0 2 0 0 0 0 1 0 0 0 82 0 0 1 0 0 0 0 0 0 0 0 0 0 0 0 0 0 0 0 0 0 26 0 0 14 1 0 
 0 0 0 0 0 0 0 0 2 0 0 0 0 0 0 0 6 0 0 58 0 0 0 0 69 1 0 2 0 0 0 26 0 0 0 2 0 0 0 0 69 0 160 284 36 105 168 275 177 260 25 112 333 59 57 75 54 50 258 52 0 0 0 0 5 0 0 0 0 0 0 1 0 0 0 0 0 0 21 0 0 0 0 0 0 0 0 0 0 0 0 0 0 0 0 0 0 0 0 0 0 0 0 0 0 15 0 0 0 0 0 0 0 0 0 0 0 0 0 0 2 8 13 0 0 0 7 3 3 3 0 15 22 0 0 13 0 7 15 2 2 0 0 0 0 0 0 0 0 4 0 0 0 0 3 0 0 0 2 0 0 0 0 0 0 0 0 3 0 0 0 0 0 0 0 0 0 0 0 0 0 0 0 0 0 2 0 0 0 0 0 0 0 0 0 0 0 0 0 0 28 0 45 0 0 2 0 9 13 15 22 29 15 0 10 0 14 8 0 30 3 2 13 0 0 0 10 0 0 0 0 0 22 9 0 0 0 0 2 0 0 0 0 0 0 0 0 0 0 0 0 17 0 0 0 0 0 0 0 0 0 0 0 0 69 24 2 64 0 0 0 0 0 0 0 0 0 0 0 0 0 0 0 0 0 21 0 0 0 0 
 0 0 0 0 0 0 0 0 0 0 0 0 0 0 0 0 0 0 2 0 0 0 2 0 0 62 0 2 0 0 0 0 4 0 0 0 0 0 0 0 302 160 0 83 37 121 270 63 308 44 93 49 86 133 57 350 90 231 237 138 0 0 5 0 0 0 0 0 7 0 6 0 88 0 0 0 20 0 0 0 0 0 0 0 0 0 0 0 0 11 0 0 0 0 0 0 0 0 0 0 0 0 0 0 0 10 0 0 9 21 0 0 0 0 0 0 0 0 0 0 0 0 9 24 12 8 0 1 34 9 16 29 33 13 0 9 0 12 0 0 0 0 0 0 0 0 0 9 9 0 0 0 0 0 0 0 0 20 0 0 4 0 0 0 7 0 0 0 0 0 0 0 0 0 0 0 0 0 0 0 0 0 0 0 0 0 0 0 0 0 0 0 0 0 0 0 0 0 0 0 11 7 0 10 30 10 14 0 0 27 24 5 0 17 0 9 0 7 0 0 53 0 0 0 0 0 12 13 14 0 0 0 56 13 6 0 0 0 1 23 0 0 0 0 0 0 0 0 0 0 0 7 0 0 1 0 1 0 0 16 0 0 1 75 0 4 6 0 0 0 11 0 48 0 0 0 0 0 0 0 0 0 0 0 21 13 0 16 0 0 
 1 1 2 2 23 4 0 1 1 0 2 2 1 1 5 0 2 0 3 0 2 2 2 1 6 1 2 0 2 1 62 1 4 0 1 2 1 0 0 2 159 284 83 0 91 76 94 140 236 83 331 59 69 63 377 365 56 127 70 272 0 0 0 0 9 0 0 39 0 0 0 50 0 0 0 0 0 0 0 0 0 0 0 0 0 0 0 0 0 0 0 0 0 0 0 2 0 0 0 0 0 0 0 0 0 0 0 0 0 0 0 0 0 0 0 0 0 0 0 0 20 0 35 17 9 16 0 0 1 13 9 25 0 0 10 23 33 23 12 0 6 0 0 0 0 0 20 0 0 0 0 8 0 0 0 0 0 0 0 0 0 0 0 2 18 0 0 0 0 0 0 0 0 0 0 0 0 0 0 0 0 0 0 15 0 0 0 0 0 0 0 0 0 0 0 0 0 0 0 0 0 6 15 23 19 3 18 0 15 30 6 0 0 0 0 0 22 1 0 0 13 0 0 0 0 0 3 0 0 0 0 0 0 25 0 0 0 0 4 0 0 0 8 0 0 0 0 0 0 2 0 1 0 0 0 0 0 0 1 8 0 0 65 0 67 0 4 1 0 0 0 0 0 0 0 0 0 0 0 0 0 0 0 0 9 0 0 0 0 1 
 3 3 2 2 65 3 3 2 3 3 2 3 3 2 7 3 3 3 2 2 3 0 7 0 0 8 0 2 0 0 0 0 0 0 0 0 0 0 0 0 92 36 37 91 0 186 106 89 214 76 91 319 88 115 126 67 275 37 76 358 103 50 50 0 8 0 19 14 26 0 0 0 15 52 0 0 0 0 0 58 0 0 0 0 0 0 0 0 0 0 0 0 0 0 0 0 0 0 0 0 0 9 0 0 0 0 0 0 0 7 0 0 0 0 0 0 0 0 0 0 3 0 19 13 11 0 0 6 0 0 3 0 0 62 0 20 14 14 0 6 18 0 11 1 3 0 0 2 0 0 0 0 7 0 0 20 0 33 20 15 0 0 0 0 0 0 0 0 0 0 0 0 0 0 0 0 0 0 0 0 0 0 6 0 0 2 0 0 24 0 0 0 0 0 0 0 0 12 0 0 5 0 15 23 20 2 0 6 12 28 0 8 0 20 24 11 10 32 6 0 21 9 16 24 0 1 48 0 0 2 7 0 0 0 12 1 0 0 11 8 6 0 7 0 0 0 0 0 0 0 0 1 0 0 0 0 0 0 4 3 0 0 0 0 0 2 2 4 3 0 10 0 0 0 0 0 0 0 0 0 0 0 0 0 0 0 0 0 0 0 
 0 0 0 4 21 0 0 0 0 0 0 7 0 0 1 0 0 0 0 2 1 5 0 0 0 0 0 2 0 0 0 0 0 0 0 5 0 0 0 0 49 105 121 76 186 0 35 19 115 145 280 68 245 56 133 127 181 210 69 62 0 5 23 1 0 0 51 0 83 1 11 9 102 52 2 5 51 0 1 73 0 0 0 0 0 0 0 0 0 0 0 0 0 0 0 0 0 0 0 0 0 0 0 0 0 7 0 0 0 0 0 0 0 0 0 0 0 0 0 0 0 0 16 10 14 19 0 0 0 6 20 43 0 0 20 0 15 0 0 0 44 7 15 14 3 3 22 19 19 5 7 5 17 10 0 0 3 3 0 19 1 0 0 0 0 0 0 0 0 0 0 0 0 0 0 0 0 0 0 0 0 0 0 0 0 0 0 0 0 0 0 0 0 0 0 0 0 0 0 0 0 14 0 0 0 0 13 0 47 0 22 0 0 0 0 0 14 0 0 0 22 30 0 10 2 1 24 49 33 10 2 2 2 11 0 12 15 0 10 9 0 0 0 0 0 0 0 0 0 0 0 16 0 1 0 0 0 0 0 15 0 0 66 0 4 2 4 32 0 0 14 0 0 8 0 0 0 0 0 0 0 0 0 0 0 9 0 0 0 0 
 0 0 0 0 2 0 0 0 0 0 0 0 0 0 0 0 0 0 0 0 0 0 0 0 16 54 0 2 0 0 0 0 0 0 0 5 1 78 0 0 194 168 270 94 106 35 0 102 193 202 238 290 321 73 356 310 44 33 111 221 0 0 0 0 0 0 0 9 6 0 5 0 0 1 51 0 0 0 0 0 0 0 0 0 0 0 0 0 0 0 0 0 0 0 0 0 0 0 0 0 0 0 0 0 0 0 0 0 0 0 0 0 0 0 0 0 0 0 0 0 0 30 0 0 5 26 0 0 0 0 27 0 8 35 9 24 10 23 10 1 0 0 0 0 0 0 0 0 0 5 0 0 0 0 0 0 0 0 23 0 0 0 0 0 0 0 0 0 0 0 0 0 0 0 0 0 0 0 0 0 0 0 0 0 0 10 0 0 0 0 0 0 0 0 0 0 0 0 0 0 51 1 0 46 0 0 0 20 15 26 20 13 16 14 46 24 1 38 0 20 0 0 0 0 0 0 16 0 0 0 0 0 0 0 0 0 0 0 21 22 0 0 6 0 7 0 0 0 0 0 0 4 0 2 0 0 0 0 0 0 0 0 0 0 0 0 2 0 0 0 0 0 0 0 0 0 0 0 0 0 0 0 0 0 0 0 0 0 1 14 
 3 3 3 3 3 3 3 3 3 3 3 3 3 3 3 3 3 3 3 4 1 0 3 0 36 128 0 0 0 0 0 64 0 0 0 0 0 0 0 3 401 275 63 140 89 19 102 0 177 43 53 71 180 65 44 48 110 35 71 80 0 0 0 0 3 0 0 0 0 19 0 0 6 0 0 0 0 0 53 0 0 0 0 0 0 1 0 0 0 0 0 0 0 6 0 0 0 0 0 0 0 0 0 0 0 0 0 0 0 0 0 0 0 0 0 0 0 0 17 0 22 0 29 6 12 7 2 13 39 11 16 1 21 0 8 20 19 29 0 19 0 0 0 0 0 0 0 0 0 0 0 0 0 0 4 0 0 0 31 0 0 0 0 0 0 0 0 0 0 0 0 0 0 0 0 0 0 0 0 0 0 0 0 0 0 6 0 0 0 0 0 0 0 0 0 0 1 0 0 0 30 7 14 7 13 23 10 4 0 45 0 39 9 0 1 0 41 20 0 23 17 0 0 0 0 0 0 0 0 0 0 0 19 18 0 0 0 0 13 6 0 0 6 0 0 0 0 0 0 0 0 7 0 1 0 0 0 0 1 2 0 0 0 0 1 5 1 0 0 0 0 0 0 0 0 0 0 0 0 0 0 0 7 0 0 0 0 0 2 0 
 0 0 1 0 0 0 0 0 3 0 0 0 0 0 2 0 0 0 0 0 0 0 0 0 0 0 0 1 0 0 0 0 2 0 0 55 0 0 1 0 129 177 308 236 214 115 193 177 0 142 48 163 153 192 498 65 122 95 85 127 2 0 0 0 6 0 0 4 1 0 0 5 0 0 0 0 0 0 51 0 0 0 0 0 0 0 0 0 0 0 0 0 0 0 0 0 0 0 0 0 0 0 0 0 0 0 0 0 0 0 0 0 0 0 0 0 0 11 0 0 16 0 47 11 8 12 0 10 10 15 35 11 23 7 11 23 57 17 0 6 3 0 0 0 0 0 0 0 0 0 0 1 0 0 0 0 0 0 21 0 0 0 0 0 0 0 0 0 0 0 0 0 0 0 0 0 0 0 0 0 0 0 0 0 0 0 0 0 0 0 0 0 0 0 0 0 0 0 10 0 0 18 8 16 21 24 13 0 13 24 0 21 0 0 10 34 1 35 0 0 20 0 0 0 0 0 0 0 12 0 0 0 43 19 1 0 0 0 11 0 0 0 8 0 0 0 0 0 0 0 0 7 0 0 0 0 0 1 0 3 0 0 6 0 1 4 0 0 0 0 18 0 0 0 0 4 0 0 0 0 0 0 0 0 10 13 0 0 0 0 
 0 0 0 0 22 74 0 0 3 0 0 2 0 0 0 0 0 0 2 3 4 0 0 0 61 297 0 2 0 0 60 0 0 0 0 0 0 0 0 0 74 260 44 83 76 145 202 43 142 0 153 89 56 132 128 169 83 69 116 174 0 0 0 0 0 0 0 0 0 0 0 7 2 0 10 21 0 0 0 0 0 0 0 0 0 0 0 0 0 0 0 0 0 0 0 0 0 0 0 0 0 0 0 0 0 0 0 0 0 0 0 0 0 0 0 0 0 0 0 0 0 15 55 0 48 81 0 0 0 0 1 14 0 14 11 18 12 8 6 0 0 0 0 0 0 0 0 0 0 5 0 16 0 3 56 0 0 0 23 14 0 0 0 0 0 0 0 0 0 0 0 0 0 0 14 0 0 0 0 0 0 0 0 0 0 12 0 0 0 0 0 0 0 0 0 0 0 0 0 0 14 10 0 23 1 5 2 8 22 7 9 11 10 0 29 41 35 15 0 0 0 0 0 0 0 0 13 0 4 0 0 3 0 16 0 11 0 0 16 0 0 0 0 0 0 0 0 0 0 0 0 19 0 0 0 0 0 0 69 1 0 27 1 1 0 1 1 63 0 0 0 0 0 0 0 0 0 6 0 0 0 0 0 0 22 14 0 9 0 0 
 0 0 0 0 0 0 0 0 0 0 0 0 41 0 5 0 0 0 0 0 0 0 0 0 0 0 2 1 0 0 0 0 2 0 0 0 0 0 0 0 38 25 93 331 91 280 238 53 48 153 0 119 32 45 69 152 260 383 43 63 51 52 0 0 0 0 1 19 0 0 0 8 2 53 5 53 0 0 9 1 0 0 0 0 0 0 13 0 0 0 0 0 0 0 0 0 0 0 0 0 0 0 0 0 0 0 0 0 0 0 0 0 0 0 6 0 0 0 0 0 0 12 4 0 22 34 0 0 5 0 4 2 53 0 0 1 6 4 2 0 19 18 0 0 1 0 0 1 0 0 0 4 28 9 15 15 0 29 7 12 8 0 0 0 7 0 0 0 0 0 0 0 0 0 0 0 0 0 0 0 0 0 0 0 0 0 0 0 0 0 0 0 0 0 0 0 0 0 0 0 0 8 0 7 42 1 2 0 0 0 0 0 0 0 0 0 1 0 0 0 0 0 6 0 0 0 32 25 19 1 0 19 22 37 0 2 0 0 20 53 0 0 0 0 0 0 0 0 0 0 0 6 0 1 0 0 0 0 0 0 0 0 0 36 3 0 2 1 1 0 0 0 0 14 0 0 0 0 0 0 0 0 0 0 0 0 0 0 1 0 
 2 3 2 2 2 5 3 2 4 5 2 5 3 2 3 3 3 3 2 2 0 0 3 0 0 0 0 2 0 0 0 60 0 0 0 2 63 2 1 0 95 112 49 59 319 68 290 71 163 89 119 0 33 499 92 55 839 99 234 325 0 0 1 0 1 2 0 30 1 0 52 0 3 0 0 0 1 0 53 0 0 0 0 0 0 0 0 0 0 0 0 0 0 0 0 0 0 0 0 0 0 0 0 0 0 0 0 0 0 2 0 0 0 0 0 0 0 0 0 0 0 0 9 1 5 0 7 15 12 11 17 2 1 26 0 13 0 23 0 9 0 0 0 0 0 0 0 0 0 0 0 0 0 0 0 5 0 0 32 0 0 0 0 0 0 0 0 7 0 0 0 0 0 0 0 0 0 0 0 0 0 0 0 0 0 4 0 0 0 0 0 6 0 0 0 0 0 0 0 0 17 1 10 0 19 8 0 9 21 30 1 23 0 10 20 27 0 20 3 1 14 0 0 0 0 0 0 0 7 0 0 0 9 9 0 0 0 0 44 22 0 0 30 0 0 1 0 0 0 0 0 13 0 1 0 0 0 0 5 2 0 2 0 0 0 0 1 4 2 0 0 0 0 0 0 0 0 0 0 0 0 0 0 0 1 0 0 0 1 8 
 0 0 0 2 1 6 0 0 8 3 26 2 0 1 0 2 6 0 0 0 3 0 0 0 43 63 0 2 62 0 0 97 0 3 0 31 0 0 0 0 28 333 86 69 88 245 321 180 153 56 32 33 0 381 55 34 45 23 185 177 0 0 0 0 0 0 0 0 0 0 0 0 0 0 0 0 0 0 0 0 0 0 0 1 5 0 0 0 0 1 0 0 0 0 0 1 0 0 0 0 0 0 0 0 17 0 0 7 0 0 25 0 18 0 0 0 0 0 0 0 20 8 0 9 38 11 18 15 8 0 0 7 59 9 10 28 6 2 0 21 0 0 0 0 0 0 0 0 0 0 0 0 0 0 5 0 0 0 0 0 0 1 0 0 0 10 0 0 1 0 0 13 0 0 0 0 0 9 0 0 0 7 0 0 0 0 3 0 0 19 9 14 0 0 0 0 0 0 0 0 56 0 0 1 1 0 18 0 0 0 12 7 32 0 65 0 14 33 0 51 0 0 0 0 0 0 0 0 0 0 0 0 0 0 0 0 0 0 1 0 0 0 0 0 0 0 15 0 0 0 0 5 0 0 0 0 0 0 0 0 0 0 4 0 1 12 2 0 1 0 0 0 14 0 0 0 0 0 0 0 0 0 0 0 14 0 14 11 0 0 
 6 3 3 3 3 3 3 3 5 3 3 5 3 5 3 3 3 3 3 3 71 1 3 62 8 143 0 2 0 1 27 65 0 2 0 5 6 0 0 2 63 59 133 63 115 56 73 65 192 132 45 499 381 0 147 123 219 44 100 700 0 68 32 0 0 1 0 1 18 0 3 0 0 0 0 0 3 0 0 0 0 57 0 0 0 0 0 0 0 0 0 0 0 0 0 0 23 0 0 0 0 0 0 0 0 50 0 0 0 38 6 0 0 0 0 0 0 17 0 0 13 0 0 1 5 0 22 10 11 11 0 3 8 29 0 15 0 3 0 9 0 0 0 0 0 0 8 0 0 1 0 0 0 0 0 0 0 0 21 0 0 0 0 0 0 0 0 0 0 0 0 0 0 0 0 0 0 0 0 0 0 0 0 2 0 8 0 0 0 12 0 5 0 0 0 0 0 0 0 0 0 32 0 0 0 0 8 9 33 19 0 4 3 21 15 12 16 12 9 12 0 0 0 0 0 0 0 0 0 0 0 0 0 0 0 0 0 0 22 0 0 0 12 0 0 0 0 0 0 0 0 10 0 0 0 0 0 0 1 0 0 0 2 0 0 0 2 0 2 0 0 0 51 0 0 0 0 0 0 12 0 0 0 0 3 8 0 0 0 0 
 0 0 0 0 0 0 0 0 2 0 1 0 0 0 0 0 0 0 65 0 1 0 0 0 65 63 0 2 62 0 0 3 1 2 0 0 0 0 0 0 209 57 57 377 126 133 356 44 498 128 69 92 55 147 0 85 69 260 105 276 0 0 49 0 0 0 0 6 62 0 2 0 1 0 0 0 0 0 0 0 0 0 0 0 0 0 0 0 0 0 0 0 0 0 0 0 0 0 0 0 0 0 0 0 0 0 0 0 0 0 9 0 0 0 0 0 0 0 0 0 2 2 0 2 5 18 2 0 0 3 34 30 3 30 23 20 56 21 2 2 6 0 0 0 20 0 0 0 0 0 0 1 0 0 0 0 0 0 33 0 0 0 0 0 0 0 0 0 9 0 0 0 0 5 0 1 0 0 0 0 0 0 0 0 0 11 0 0 0 0 0 3 14 0 0 5 0 0 0 0 10 64 0 6 2 9 0 0 37 55 2 6 0 14 22 28 0 42 0 3 2 0 0 0 0 0 0 0 0 0 0 0 20 3 1 0 0 0 23 0 0 0 7 0 0 0 0 0 2 0 0 13 0 1 0 0 0 0 0 2 1 0 38 1 0 6 1 0 2 0 19 0 0 0 0 0 0 0 0 0 0 0 0 0 23 0 0 10 2 0 
 0 0 0 0 15 2 0 0 0 0 0 3 0 0 0 0 0 0 2 2 2 0 0 0 61 116 0 2 2 1 0 0 52 0 2 0 0 0 0 0 160 75 350 365 67 127 310 48 65 169 152 55 34 123 85 0 85 60 111 301 0 0 2 0 1 9 0 0 2 0 3 0 0 3 0 0 2 0 0 0 0 0 0 0 0 0 0 0 0 0 0 0 0 0 0 0 0 0 0 0 0 0 0 0 0 13 0 0 0 0 0 0 0 0 0 0 0 0 0 0 0 11 35 1 13 19 0 0 10 18 54 10 0 11 41 0 6 12 0 0 2 0 0 0 0 0 0 1 0 3 0 5 0 0 0 0 0 0 0 6 1 0 0 0 0 0 0 0 9 0 0 0 0 0 0 0 0 0 0 0 0 0 0 0 0 20 0 0 0 0 0 0 0 0 0 3 0 0 0 0 11 22 0 32 22 0 0 12 46 9 14 0 0 1 26 11 39 0 12 0 0 0 0 0 0 0 28 0 0 0 0 0 13 15 0 0 0 0 19 0 0 0 0 0 0 0 0 0 0 0 0 10 0 1 0 0 0 1 1 0 0 0 19 74 0 2 1 0 0 0 0 0 0 0 0 0 0 0 0 0 0 0 0 0 11 0 0 13 2 0 
 1 0 3 3 1 4 0 2 1 2 3 4 1 2 2 0 81 0 3 4 2 0 0 0 0 0 0 2 0 0 1 0 0 3 0 6 0 0 0 0 239 54 90 56 275 181 44 110 122 83 260 839 45 219 69 85 0 224 48 39 0 205 3 0 0 0 49 3 0 0 2 9 82 3 6 20 2 0 21 2 3 0 0 0 0 0 0 0 0 0 0 0 0 2 0 0 0 0 0 0 0 0 0 0 0 2 0 0 0 0 0 0 0 0 0 0 0 0 0 0 0 0 27 22 26 28 0 0 0 3 9 24 0 0 1 0 0 9 0 0 0 1 0 0 0 0 18 10 0 0 0 11 0 5 18 0 0 4 0 11 22 0 0 0 2 0 0 0 0 0 0 0 0 0 0 15 0 0 0 0 0 10 0 0 0 0 0 0 0 0 0 17 0 0 0 0 0 0 0 0 8 6 25 6 36 23 1 0 0 23 0 23 0 0 0 6 0 1 0 0 22 0 0 0 0 0 14 7 25 1 0 7 37 44 25 0 0 0 0 11 0 0 0 0 0 0 0 0 0 0 0 6 0 0 0 0 0 0 0 49 0 1 2 64 66 0 2 66 1 0 11 0 0 0 0 0 0 0 0 0 0 3 4 0 12 14 0 0 0 0 
 0 0 1 0 1 6 2 0 0 0 0 5 0 0 1 0 0 0 0 0 0 2 0 0 1 0 0 1 0 0 0 0 5 3 0 0 0 0 2 0 24 50 231 127 37 210 33 35 95 69 383 99 23 44 260 60 224 0 54 97 2 0 0 0 0 18 0 0 3 0 0 8 80 0 8 8 0 1 1 53 0 0 0 0 0 0 0 0 0 0 0 0 0 0 0 0 0 0 0 0 0 0 0 6 0 4 0 0 0 0 0 0 0 0 0 0 0 0 0 0 0 0 0 25 21 21 0 0 0 1 0 29 0 0 0 0 0 0 0 0 9 0 0 1 0 0 2 3 0 0 0 11 6 1 11 7 0 19 0 11 4 0 0 0 5 0 0 0 0 0 0 0 0 0 0 0 0 0 0 0 0 0 0 0 0 0 0 0 0 0 8 0 6 0 0 0 0 0 0 0 0 0 0 0 22 9 0 0 0 17 47 0 0 0 0 8 0 0 0 0 36 0 0 0 0 0 12 14 13 0 0 1 38 15 21 0 0 8 0 23 0 0 0 0 0 0 0 0 0 0 0 10 0 0 0 0 0 0 0 45 0 0 1 1 63 3 3 62 3 0 18 0 0 0 0 0 0 0 0 0 0 0 1 0 8 14 9 0 0 0 
 2 2 2 2 2 2 2 2 2 2 2 3 2 2 3 3 2 2 2 2 0 0 76 60 62 81 0 2 70 175 0 62 4 1 17 49 0 36 0 0 273 258 237 70 76 69 111 71 85 116 43 234 185 100 105 111 48 54 0 372 0 0 0 0 0 7 0 0 0 16 0 0 59 0 0 0 0 0 0 0 0 0 0 0 0 0 0 0 0 0 0 0 0 0 0 0 0 0 0 0 0 0 33 0 8 7 0 0 14 0 0 9 0 0 12 0 1 0 0 0 0 10 0 0 0 0 10 1 0 0 0 1 7 13 49 11 26 0 10 0 0 0 0 0 0 0 0 0 0 55 0 0 0 0 0 0 0 0 0 0 0 0 0 0 0 0 0 0 0 0 0 0 0 0 0 0 0 0 9 0 0 0 19 20 0 11 0 0 0 0 12 12 0 0 12 0 0 0 0 0 28 17 0 21 0 0 15 37 0 0 0 0 10 0 24 30 7 0 16 0 0 0 0 0 0 0 0 0 0 0 0 0 0 0 0 0 0 0 1 0 0 0 0 0 0 0 0 0 0 0 0 7 0 0 0 0 0 19 60 0 7 1 0 0 0 0 0 0 0 0 0 0 0 0 0 0 0 0 0 0 0 0 0 0 25 0 0 14 0 0 
 3 4 14 4 8 6 21 7 5 2 3 72 3 56 2 2 2 5 3 7 1 1 3 1 64 124 1 1 65 63 63 1 1 2 1 6 27 0 0 3 73 52 138 272 358 62 221 80 127 174 63 325 177 700 276 301 39 97 372 0 0 0 3 0 0 0 0 0 3 0 3 0 0 0 0 0 3 0 0 0 6 0 3 5 0 0 0 10 2 0 0 10 1 0 0 0 33 6 0 4 0 0 0 0 0 16 0 0 0 0 20 11 0 21 0 0 21 0 0 0 22 11 0 0 9 0 0 37 16 15 0 0 34 21 7 11 18 0 0 1 0 0 0 0 0 0 0 0 0 0 0 0 0 0 0 0 0 0 11 0 7 0 11 12 0 0 5 8 14 16 6 0 0 0 0 5 0 0 15 1 0 0 0 0 0 18 0 0 0 0 3 18 0 0 0 0 0 4 10 0 10 0 13 14 0 0 14 10 2 0 0 8 1 1 26 22 10 13 10 0 0 0 0 32 0 0 0 0 0 0 0 0 0 0 0 0 0 0 1 0 0 13 0 0 0 0 0 0 0 0 0 13 0 2 0 0 0 26 0 0 0 21 2 0 0 2 0 0 3 0 0 0 0 0 0 0 0 0 0 0 0 0 0 0 10 0 0 13 1 0 
 3 3 3 3 7 3 3 3 3 3 3 3 3 3 3 3 3 3 3 3 0 0 1 0 0 0 0 2 0 0 0 0 0 1 0 0 0 0 0 6 2 0 0 0 103 0 0 0 2 0 51 0 0 0 0 0 0 2 0 0 0 205 133 54 58 236 183 170 113 38 22 443 327 126 356 153 53 112 142 167 0 0 0 0 0 0 0 0 0 0 0 0 0 0 0 0 0 0 0 0 0 0 0 0 0 10 0 0 0 0 0 0 0 0 0 0 0 0 0 0 0 0 0 0 0 0 0 0 0 0 0 0 0 0 0 0 0 0 0 0 33 0 0 0 13 1 0 30 6 3 0 0 12 19 4 18 3 4 0 47 0 0 0 0 0 0 0 0 0 0 0 0 0 0 3 0 10 0 0 0 0 0 0 0 0 0 0 0 0 0 0 0 0 0 0 0 0 0 0 0 0 0 0 0 0 6 0 0 0 0 0 10 0 0 0 0 0 0 0 0 0 49 46 1 0 16 24 8 0 0 1 11 9 0 0 18 18 8 0 0 16 0 0 0 0 0 0 0 0 2 0 0 0 0 2 0 19 0 0 0 0 0 0 0 0 0 12 0 0 0 36 2 8 2 0 2 0 0 0 0 0 0 0 0 0 0 0 0 0 0 
