 0 219 128 176 241 270 68 66 60 50 135 238 137 125 47 115 27 124 45 67 1 5 5 0 0 1 0 1 0 2 0 0 2 0 0 6 0 0 0 0 13 0 0 0 3 3 3 0 0 3 5 4 0 1 3 2 3 0 3 0 0 2 0 2 0 0 10 0 0 3 5 0 0 1 1 0 1 5 0 3 34 1 9 0 0 5 0 64 8 7 0 27 0 13 24 29 17 16 36 21 0 0 0 0 0 0 0 0 0 0 0 0 0 0 0 9 0 0 1 12 1 0 0 0 0 0 4 5 0 0 0 0 2 3 0 2 0 0 0 1 0 0 32 2 0 0 0 0 2 3 0 0 0 0 0 3 2 0 2 0 1 19 0 1 39 1 0 16 2 12 31 50 7 43 0 9 0 15 2 18 0 0 0 0 0 0 11 0 0 2 0 0 0 0 0 0 0 0 0 0 0 0 0 0 0 0 0 0 0 0 0 0 0 0 0 0 0 0 0 0 0 0 0 0 13 0 0 0 0 0 0 2 0 0 0 0 0 0 0 0 0 0 0 0 0 1 2 2 0 0 0 16 0 0 0 0 0 0 0 0 0 0 0 0 0 0 0 0 0 0 0 0 0 0 0 0 0 0 0 0 0 0 0 0 0 0 0 0 0 0 
 219 0 243 392 127 245 346 258 248 432 147 50 345 272 324 509 41 297 145 284 4 5 3 3 0 0 1 1 2 0 0 207 2 203 0 2 0 0 2 0 3 0 0 0 1 3 3 0 0 0 2 5 0 0 0 2 1 0 41 63 0 0 0 0 0 0 0 0 0 0 0 0 0 1 0 0 0 0 0 3 34 1 0 31 0 0 11 23 15 9 9 11 0 0 1 0 0 2 0 14 0 10 0 2 0 2 0 0 0 0 0 0 0 0 0 0 0 0 0 0 0 0 0 0 0 0 0 0 0 2 0 0 0 0 0 0 0 0 0 2 0 0 0 0 0 0 0 0 0 0 0 0 6 0 0 0 0 6 0 0 28 48 0 0 15 0 0 2 32 11 17 35 36 9 4 1 0 10 34 1 0 0 0 0 0 0 0 0 0 0 0 0 0 0 0 0 0 0 11 0 0 0 0 0 0 23 0 0 2 0 20 0 0 0 0 0 0 2 0 0 2 0 0 0 0 1 0 0 0 1 0 0 0 0 0 0 0 0 0 0 0 0 0 0 0 0 0 2 2 3 6 6 0 0 0 0 0 1 0 0 0 0 0 0 0 0 0 0 0 0 0 0 0 0 0 0 0 0 0 0 0 0 0 0 0 0 0 0 0 0 
 128 243 0 262 292 42 69 151 70 68 124 44 64 63 505 265 359 51 38 37 1 6 2 0 0 0 0 69 0 0 0 0 0 75 0 1 0 77 73 0 5 0 2 0 3 3 63 0 0 0 2 2 0 1 0 3 30 0 3 0 0 0 3 2 0 0 0 0 0 1 0 0 0 0 0 0 0 0 0 3 21 13 0 19 0 21 0 35 0 23 0 15 0 0 16 31 15 0 0 11 0 0 0 0 0 0 0 0 0 0 0 0 0 0 0 1 0 0 12 0 0 0 0 0 0 7 0 0 0 0 13 0 0 0 0 0 0 0 0 12 0 1 0 0 0 0 0 0 0 0 0 0 0 0 0 0 0 0 0 0 15 25 15 21 14 0 0 32 17 15 0 19 8 0 0 0 0 17 0 7 0 2 0 0 0 0 20 0 0 0 0 0 0 0 0 0 0 0 7 0 0 0 0 0 0 0 0 0 0 0 0 0 0 0 0 12 0 0 0 0 0 0 0 0 0 0 0 0 0 0 2 0 0 0 0 0 0 0 0 0 0 0 0 0 0 3 0 0 1 89 0 8 0 0 0 0 0 0 0 0 0 0 0 0 0 0 0 0 0 0 0 0 0 0 0 0 0 1 0 0 0 0 0 0 0 0 0 0 0 21 
 176 392 262 0 196 36 170 269 61 107 151 206 499 84 73 150 44 137 84 162 0 5 2 0 0 0 0 0 0 0 0 0 79 2 0 1 0 0 31 0 3 0 0 0 3 65 3 0 0 0 2 2 0 1 68 2 0 0 3 0 0 0 0 2 0 4 1 0 0 1 0 0 0 31 0 0 0 0 0 3 1 40 17 27 35 6 7 8 0 26 15 27 0 0 18 50 36 10 0 0 0 0 0 1 0 0 31 0 0 0 0 0 2 20 0 1 0 0 33 26 0 0 0 0 0 7 0 0 0 0 14 5 0 0 0 0 0 0 0 1 0 0 0 0 0 0 0 0 0 0 0 0 0 0 0 35 0 0 0 0 0 12 55 77 28 16 0 32 0 14 20 13 0 58 0 29 11 0 0 0 0 0 0 0 0 0 10 0 0 0 0 0 38 17 0 0 0 0 28 15 0 0 0 0 2 0 0 0 0 0 14 0 0 0 0 0 0 0 0 0 1 0 0 0 0 0 0 0 0 2 0 0 0 0 0 0 0 0 0 0 0 0 0 0 0 1 17 0 0 90 2 5 0 2 0 0 0 0 0 0 0 0 10 0 0 0 0 0 0 0 0 0 0 0 0 10 38 0 0 0 0 0 0 0 0 0 0 0 0 0 
 241 127 292 196 0 163 83 104 75 111 151 53 75 73 168 95 78 54 319 57 130 77 87 0 2 2 102 48 99 0 0 0 184 75 77 2 1 73 112 4 3 0 3 0 0 3 3 0 23 0 0 2 0 0 67 2 0 63 3 0 0 0 0 1 0 5 0 0 0 0 0 0 0 54 0 0 0 0 0 3 0 8 0 0 45 35 0 0 7 11 19 14 0 0 0 0 0 0 1 0 21 0 1 0 1 0 10 40 12 8 0 31 21 18 11 0 17 0 7 9 0 0 1 1 0 0 0 0 0 0 0 0 0 0 12 0 0 0 0 0 0 0 1 0 0 0 0 0 0 0 0 2 0 0 0 0 1 0 0 0 0 0 10 15 32 11 0 1 0 0 7 0 0 0 0 13 0 22 0 0 0 0 0 0 0 0 25 11 0 0 26 0 9 7 0 25 2 10 8 34 2 0 0 0 0 1 0 0 0 0 0 0 0 0 0 0 2 0 0 0 0 0 0 0 0 0 0 0 0 0 0 0 0 2 0 0 0 0 0 0 0 12 0 0 0 0 4 2 94 1 2 3 0 0 0 0 0 0 0 0 0 0 13 0 0 0 0 0 0 0 0 0 0 0 0 0 1 11 0 0 0 0 0 0 0 0 0 0 0 0 
 270 245 42 36 163 0 30 40 339 66 153 41 37 92 118 66 167 455 59 275 161 161 76 0 3 0 3 112 122 20 2 2 77 166 75 1 76 0 89 94 3 0 0 0 0 3 3 0 59 9 1 2 0 1 2 4 0 62 3 0 0 0 0 2 2 0 4 0 0 1 0 0 0 0 0 0 0 1 0 3 0 0 0 0 0 0 6 0 0 1 19 7 0 0 0 0 0 0 0 0 0 0 32 0 9 0 1 51 13 10 0 5 16 29 39 27 22 12 24 22 0 0 0 0 0 1 0 0 0 0 0 0 0 0 0 0 0 0 0 0 0 0 0 0 0 0 1 0 0 0 0 0 0 0 0 0 0 0 0 11 0 1 0 0 0 16 0 3 0 11 7 14 0 16 19 0 33 9 0 0 20 1 0 0 0 0 20 1 0 1 0 0 1 25 13 26 21 13 11 17 0 0 0 0 0 0 0 0 0 0 0 0 0 0 0 0 0 0 0 0 0 0 0 0 0 0 0 0 0 0 13 0 0 0 0 0 0 0 0 0 0 0 0 0 0 4 0 1 85 0 0 3 7 0 0 0 0 0 0 0 0 0 0 0 0 0 0 0 0 0 0 0 0 0 0 0 11 0 0 0 0 13 0 0 0 0 0 0 0 0 
 68 346 69 170 83 30 0 447 44 324 49 414 383 166 38 337 128 113 262 184 0 5 2 1 0 0 0 0 0 0 74 0 2 0 0 1 0 0 0 0 5 0 0 0 0 3 5 0 0 0 2 2 0 1 0 2 0 0 3 47 0 0 0 2 0 0 0 0 0 1 0 0 0 0 0 0 0 0 5 54 37 56 56 30 10 0 15 40 1 46 9 3 0 12 23 0 22 0 4 10 20 0 0 0 0 0 0 0 0 0 0 0 0 1 0 0 0 0 13 0 0 0 0 0 2 1 0 0 0 1 0 0 0 0 0 0 0 0 0 0 0 0 0 0 0 0 0 0 0 0 0 0 2 0 0 0 0 9 0 0 31 0 18 0 20 0 23 0 13 0 26 14 12 0 24 46 9 14 46 17 2 0 0 0 0 2 0 2 0 0 0 0 17 0 0 0 0 0 36 0 0 0 0 0 0 0 0 0 0 0 0 0 0 0 0 0 0 0 0 0 0 0 2 0 0 2 0 0 0 0 0 0 1 0 0 0 0 0 2 0 0 0 0 0 0 2 1 3 0 90 38 5 0 0 0 0 0 0 0 0 0 0 0 0 0 0 0 0 0 0 0 0 0 0 50 0 0 0 0 0 0 0 0 0 0 0 0 0 0 0 
 66 258 151 269 104 40 447 0 261 144 84 257 203 280 245 335 132 121 70 287 0 5 3 0 0 0 0 0 2 0 0 0 113 0 1 2 0 0 74 0 3 0 0 0 3 3 3 3 0 0 2 8 0 0 0 2 0 0 3 44 0 0 0 0 0 48 3 0 0 0 0 0 0 51 0 0 0 0 10 3 16 12 45 10 18 11 42 11 30 0 54 29 10 0 28 23 29 38 10 2 0 0 0 0 0 0 0 0 18 1 0 0 31 14 0 0 0 0 0 0 0 0 0 1 0 0 0 0 0 0 0 0 0 0 0 0 0 0 0 0 0 0 0 0 0 0 0 0 0 2 0 0 5 0 0 0 9 0 0 0 21 27 24 15 29 10 14 10 18 31 14 15 66 0 19 5 0 16 9 9 0 0 0 0 0 0 0 0 0 0 0 0 2 0 2 0 0 0 0 11 0 0 0 0 0 0 2 0 0 0 2 0 0 0 0 0 0 0 0 0 0 0 0 1 0 0 0 0 0 0 0 0 0 0 0 0 0 0 0 0 0 0 0 0 0 2 1 0 0 8 6 12 0 0 9 0 0 0 0 0 0 0 35 0 0 0 0 0 0 0 0 0 0 0 0 0 17 0 0 0 0 0 0 0 0 0 0 0 0 0 
 60 248 70 61 75 339 44 261 0 129 182 132 85 189 479 70 272 174 65 77 0 5 3 0 0 0 73 0 0 0 0 0 36 151 0 3 3 0 0 109 3 0 0 0 6 3 5 0 0 0 2 2 0 2 0 65 2 0 3 60 0 2 1 5 0 1 4 2 0 2 2 2 0 0 0 1 1 0 0 5 0 0 3 21 5 1 0 0 3 12 6 24 56 0 0 28 6 53 0 0 62 0 0 0 0 0 13 1 0 0 0 2 0 60 0 10 0 0 0 30 0 0 0 0 0 6 0 0 0 0 0 0 0 0 0 0 0 0 0 0 0 1 0 0 0 0 0 0 0 0 0 0 8 0 0 0 0 0 0 0 10 10 13 1 0 11 0 4 17 22 2 17 23 1 36 0 10 14 1 0 0 0 0 0 0 0 6 0 0 0 0 0 8 0 0 15 0 0 21 13 0 0 0 0 0 0 0 0 0 0 0 0 0 0 0 0 0 0 0 0 0 0 0 0 0 0 0 0 0 0 0 0 10 0 0 0 0 0 0 0 0 0 0 0 0 4 0 0 1 0 0 10 8 10 0 0 0 0 0 0 0 0 0 0 0 0 0 0 0 0 0 0 0 0 0 14 38 0 0 0 0 0 0 0 0 0 0 0 0 0 
 50 432 68 107 111 66 324 144 129 0 225 314 204 288 169 412 239 144 220 116 4 7 3 5 1 0 74 6 0 3 4 3 2 77 77 5 6 2 0 78 5 2 0 0 41 6 3 2 3 0 0 2 0 1 6 3 2 0 6 0 2 8 2 2 0 3 1 4 0 1 6 0 0 3 2 0 51 0 0 7 0 19 19 22 0 1 20 0 27 11 10 6 10 0 21 31 19 20 0 1 28 0 0 0 0 0 38 1 0 1 0 0 0 33 0 0 1 0 0 20 0 0 0 0 0 0 0 0 0 0 0 0 0 0 0 0 0 0 0 0 0 0 0 0 0 0 0 0 0 0 0 0 0 0 0 8 0 0 0 0 23 1 21 20 6 1 14 16 29 1 10 8 8 11 14 14 30 14 6 16 0 0 0 0 6 0 2 38 0 0 0 0 20 20 9 8 0 0 48 0 0 0 0 11 0 0 0 0 0 0 0 0 0 0 0 0 0 0 0 0 0 0 0 0 0 0 0 0 0 0 0 0 0 0 0 0 0 0 0 0 0 0 0 0 0 0 3 1 0 0 6 4 8 0 0 0 0 0 0 0 0 0 0 0 0 0 0 0 58 0 0 0 0 0 0 25 0 0 0 0 0 0 0 0 0 0 0 0 0 0 
 135 147 124 151 151 153 49 84 182 225 0 39 34 264 179 94 321 365 48 66 75 5 3 0 0 0 74 0 0 0 3 0 4 80 77 3 3 0 0 0 6 0 0 0 67 5 3 0 0 31 0 2 0 1 0 2 2 0 5 0 0 5 0 2 0 29 10 5 0 1 3 0 0 0 0 0 0 0 0 7 0 19 0 29 11 10 0 0 0 1 7 28 14 0 0 30 15 12 0 1 30 0 0 0 0 0 15 0 14 0 0 0 0 12 0 0 0 0 0 31 0 0 0 0 0 6 0 2 0 0 0 0 0 0 0 2 0 0 1 0 0 0 0 0 0 0 0 0 0 0 0 0 0 0 0 0 0 0 2 0 1 1 1 19 12 12 19 6 2 12 2 10 1 13 36 13 12 25 0 0 0 0 0 0 0 0 8 29 0 2 0 0 15 0 11 0 0 11 28 0 0 0 0 0 0 0 0 1 0 0 0 2 0 0 0 0 0 0 0 0 0 0 0 0 0 0 0 0 0 0 0 2 0 0 0 0 0 0 0 0 0 0 0 0 0 0 0 0 2 0 0 4 95 0 0 0 0 0 0 0 0 0 0 0 0 0 0 0 0 0 0 0 0 0 0 15 0 12 0 0 0 0 0 0 0 0 0 0 0 0 
 238 50 44 206 53 41 414 257 132 314 39 0 38 30 114 80 173 110 53 144 83 5 1 0 1 0 16 0 1 0 2 0 82 20 0 0 1 0 75 34 5 0 0 0 2 3 3 0 0 3 0 5 0 4 0 5 0 65 5 4 0 0 0 3 0 9 0 0 0 3 0 0 0 52 0 0 0 0 0 3 0 18 9 1 13 24 15 0 0 7 56 23 9 8 6 13 6 17 0 0 8 0 0 0 0 0 36 37 0 0 0 0 19 20 1 0 0 0 19 0 0 0 0 0 0 0 0 0 0 0 0 0 0 0 0 0 0 0 0 0 0 0 0 0 0 0 0 0 0 0 0 0 0 0 0 4 0 3 0 0 0 0 0 14 14 10 21 9 0 0 5 1 0 0 28 40 0 11 2 0 0 0 0 0 0 0 0 0 0 0 11 0 59 30 0 8 0 0 34 10 0 0 15 0 0 0 0 0 0 0 0 0 0 0 0 0 0 0 0 0 0 0 0 13 0 0 0 0 0 0 0 0 0 0 0 0 0 0 0 0 0 0 0 0 0 2 85 2 86 88 0 3 0 0 0 0 0 0 0 0 0 0 29 0 0 0 0 0 0 0 0 0 0 0 0 10 0 0 0 0 0 0 0 0 0 0 0 0 0 0 
 137 345 64 499 75 37 383 203 85 204 34 38 0 64 146 423 47 22 371 142 0 11 7 0 1 3 0 3 4 0 3 3 2 3 2 4 3 3 6 5 3 0 2 3 62 3 3 5 3 2 3 2 1 6 0 7 2 1 9 0 0 0 0 0 44 2 0 0 1 0 3 2 0 6 5 0 0 0 0 6 43 0 0 0 0 9 26 18 0 0 0 3 42 9 0 0 2 0 33 41 0 0 0 0 0 2 0 0 0 0 0 0 0 0 0 0 0 0 0 0 0 0 2 2 0 0 0 0 0 0 0 1 0 0 0 0 0 0 0 0 0 0 0 0 0 0 0 0 0 0 0 0 0 0 0 0 0 0 0 0 18 1 0 0 22 0 14 0 0 0 17 10 0 0 0 15 0 1 11 10 0 0 0 0 0 0 0 0 0 1 0 0 0 0 0 0 0 6 0 0 1 0 0 0 0 0 0 0 0 0 0 0 0 0 0 0 1 0 0 0 0 0 0 0 0 0 0 0 0 0 0 0 0 0 0 0 3 1 0 0 0 0 0 0 0 0 0 0 2 0 0 5 0 0 0 0 0 1 0 0 0 0 0 0 0 4 0 0 0 0 0 0 0 2 0 0 0 0 0 0 0 0 0 0 0 0 0 0 0 0 
 125 272 63 84 73 92 166 280 189 288 264 30 64 0 67 101 32 116 231 82 0 4 2 0 0 0 0 0 0 0 0 0 0 0 1 1 1 0 0 0 5 0 0 0 0 3 3 0 0 0 1 2 0 1 0 2 1 1 3 66 0 0 0 2 0 0 0 0 0 1 0 0 0 0 0 28 0 0 0 3 7 1 33 0 7 0 14 35 10 1 0 3 10 35 13 12 11 75 35 1 0 0 0 0 0 0 0 0 0 0 0 0 0 0 0 0 1 0 15 0 23 0 0 0 0 0 0 0 0 0 0 0 0 0 0 0 2 0 0 0 0 0 0 1 0 0 0 0 0 0 0 0 5 0 2 0 0 0 0 0 3 43 0 0 0 0 14 0 28 27 0 0 22 14 0 3 9 0 11 7 0 0 0 0 0 0 0 0 0 0 0 0 14 0 0 0 0 1 0 18 0 1 2 0 0 0 0 0 0 0 0 0 0 0 0 2 0 0 2 0 0 0 0 0 0 0 1 0 0 0 0 13 0 0 0 0 0 0 0 0 0 0 0 0 0 0 0 2 2 88 0 4 0 0 0 0 0 0 0 0 0 0 0 0 0 0 0 0 0 0 0 0 0 0 0 0 18 0 0 0 0 0 0 0 0 0 0 0 0 0 
 47 324 505 73 168 118 38 245 479 169 179 114 146 67 0 166 256 160 151 108 0 5 1 0 0 0 0 0 0 0 0 0 114 6 0 0 0 9 32 0 3 0 0 0 3 3 3 0 0 63 2 3 0 2 0 2 1 0 3 73 0 0 0 3 0 0 1 0 0 3 0 0 0 33 0 0 0 0 0 3 13 15 0 15 12 9 5 25 17 8 28 71 7 0 0 20 18 13 15 16 7 0 0 0 0 0 53 0 0 0 0 0 2 0 0 1 0 0 0 36 0 0 0 0 0 0 0 0 0 0 0 1 0 0 0 0 0 0 0 0 0 0 0 0 0 0 0 0 0 0 0 0 5 0 0 0 0 6 2 0 11 9 16 20 37 14 0 23 15 52 18 15 21 0 0 25 41 0 17 0 0 0 0 0 0 0 33 0 0 0 1 0 26 0 0 0 0 0 53 0 0 0 0 0 0 0 0 0 0 0 0 0 0 0 0 0 0 0 0 0 0 0 0 0 0 0 0 0 0 0 0 0 0 0 0 0 0 0 0 0 0 0 0 0 0 2 1 0 0 2 2 13 14 0 0 0 0 0 0 0 0 0 10 0 0 0 0 0 0 0 0 0 0 0 0 12 0 0 0 0 0 0 0 0 0 0 0 0 0 0 
 115 509 265 150 95 66 337 335 70 412 94 80 423 101 166 0 141 257 212 158 0 7 2 2 0 0 0 0 0 0 0 0 0 0 0 1 0 0 0 0 73 0 0 0 0 3 3 0 0 0 2 2 3 1 0 2 0 0 3 0 0 0 0 2 0 0 0 0 0 1 0 1 0 0 0 0 0 0 5 3 21 9 43 12 0 0 35 33 49 1 25 0 0 1 58 1 32 0 20 30 0 0 0 0 0 0 13 0 0 0 0 1 0 0 0 1 0 0 1 0 0 0 0 0 0 0 0 0 0 0 0 0 0 0 0 0 0 0 0 0 0 11 0 0 0 0 0 0 0 0 0 0 0 0 0 3 0 0 0 0 25 0 19 9 16 0 32 0 8 0 41 15 11 0 23 24 13 14 21 48 0 2 0 0 0 0 0 0 0 0 0 0 13 13 0 0 0 0 12 0 0 0 0 0 0 0 0 0 0 21 0 0 0 0 0 0 0 0 0 0 0 0 0 0 0 0 0 0 0 0 2 0 23 0 0 16 0 0 0 0 0 0 0 0 0 2 87 0 1 2 6 8 0 0 0 0 0 0 0 0 0 0 0 0 0 0 0 0 0 0 0 0 0 0 0 0 0 0 0 0 0 0 0 0 0 2 0 0 0 0 
 27 41 359 44 78 167 128 132 272 239 321 173 47 32 256 141 0 208 139 29 0 8 3 0 0 2 0 0 0 0 0 0 75 75 1 1 1 1 62 36 3 0 0 0 8 4 3 3 1 3 2 3 6 2 0 2 0 3 3 4 0 0 0 3 0 0 0 0 0 3 0 3 0 0 0 0 0 0 23 3 1 21 39 73 0 14 0 0 16 24 28 13 12 0 17 31 36 12 10 4 1 0 0 0 0 0 2 0 0 0 0 0 0 27 18 11 0 1 0 23 0 17 0 0 0 12 0 0 0 0 0 0 0 0 0 0 0 0 1 14 0 0 0 0 0 0 0 0 0 0 0 0 0 0 0 0 0 0 0 0 11 9 72 15 0 27 0 41 6 15 0 32 0 11 61 4 11 10 0 4 0 0 0 0 0 0 0 0 0 0 0 0 0 1 0 0 0 0 23 6 0 0 0 0 1 0 0 0 0 0 0 0 0 1 0 0 0 0 0 0 0 0 0 0 2 0 0 0 0 0 0 5 0 0 0 0 0 0 0 0 0 0 0 0 0 0 1 0 0 1 2 6 0 0 0 0 0 0 0 0 0 0 0 0 0 0 0 2 0 0 0 0 0 2 0 21 7 0 0 0 0 0 0 0 0 0 0 0 0 0 
 124 297 51 137 54 455 113 121 174 144 365 110 22 116 160 257 208 0 255 124 0 7 2 0 4 1 73 0 0 0 0 0 26 100 0 3 0 0 1 43 9 0 0 0 0 5 3 0 0 6 2 3 0 1 0 4 0 4 66 4 0 1 0 2 0 42 8 0 0 1 0 4 0 0 0 0 30 3 1 3 0 0 7 16 0 0 9 0 57 28 0 10 0 0 12 11 25 11 0 0 0 10 0 0 1 0 14 1 1 0 0 0 0 15 0 10 0 1 0 65 0 0 0 1 0 12 0 0 0 0 0 0 0 2 0 0 0 0 0 0 0 0 0 0 0 0 0 0 0 0 0 0 0 0 0 8 65 6 0 0 0 7 15 0 0 11 17 0 0 26 35 14 0 19 41 13 34 3 0 0 39 15 14 0 0 0 0 0 0 0 0 0 62 15 0 2 22 0 35 31 2 0 0 0 0 17 0 0 0 0 0 0 0 0 0 0 2 0 0 0 0 0 0 0 0 0 36 0 0 0 0 0 0 2 0 7 0 0 0 0 0 12 0 0 0 1 184 0 0 2 1 10 13 0 0 0 0 0 0 0 0 0 0 0 0 0 0 0 0 0 0 0 0 0 0 0 26 0 0 0 0 0 0 0 0 0 0 0 0 0 
 45 145 38 84 319 59 262 70 65 220 48 53 371 231 151 212 139 255 0 336 0 4 4 0 0 2 0 0 0 73 0 0 0 0 0 1 0 1 0 0 19 0 0 0 0 3 3 0 0 0 1 2 0 0 0 2 0 0 4 0 0 0 0 1 0 0 0 0 0 48 0 0 0 0 0 0 0 0 48 3 13 2 17 19 0 0 23 14 0 1 5 16 16 29 9 1 21 7 55 30 0 0 0 1 0 0 0 0 0 0 0 0 0 0 0 0 0 0 0 0 0 0 0 0 0 0 0 0 0 1 0 0 0 0 0 0 0 0 0 1 0 0 0 0 0 0 0 0 0 0 0 0 2 0 0 0 0 14 0 0 12 15 0 2 0 0 39 0 2 0 0 0 13 0 47 2 8 0 59 0 0 0 0 0 0 0 0 0 0 0 0 0 3 0 0 0 0 0 4 0 0 0 0 0 0 0 0 0 0 0 0 0 0 0 0 0 0 0 0 0 1 0 2 0 0 2 0 0 0 2 0 0 0 0 0 0 0 0 0 0 0 0 0 0 0 0 0 1 3 1 0 11 0 0 0 0 0 2 0 0 0 0 0 0 0 0 0 0 0 0 0 0 0 0 0 0 0 0 0 0 0 0 0 0 0 0 0 0 0 0 
 67 284 37 162 57 275 184 287 77 116 66 144 142 82 108 158 29 124 336 0 0 206 6 0 202 0 0 1 0 0 0 0 0 200 2 2 0 0 0 0 4 0 0 2 0 3 3 0 0 2 1 4 0 0 0 5 0 0 3 0 0 0 0 0 3 3 0 0 0 0 2 3 0 0 0 0 1 2 0 45 53 13 37 16 0 0 1 17 17 18 19 12 0 17 30 8 26 10 53 0 54 0 0 0 0 0 0 0 0 0 0 0 0 0 0 0 0 0 32 0 0 0 0 0 0 0 0 0 0 0 11 0 0 0 1 0 12 0 0 0 0 0 0 0 0 0 0 0 0 0 0 0 0 0 0 0 0 11 0 0 0 29 2 30 11 0 70 30 18 0 10 0 0 21 13 18 27 0 29 19 0 0 0 0 0 0 0 0 0 0 0 0 22 0 0 0 0 0 23 0 0 0 0 0 0 0 0 0 0 0 0 0 10 0 0 0 0 0 0 0 0 0 0 0 0 0 0 0 0 0 0 0 0 0 2 0 0 0 0 0 0 0 0 0 0 0 2 0 1 176 1 2 0 0 2 0 0 0 0 0 0 0 0 0 0 1 0 0 0 0 0 0 0 0 0 1 0 0 0 0 0 0 0 0 0 0 0 0 0 0 
 1 4 1 0 130 161 0 0 0 4 75 83 0 0 0 0 0 0 0 0 0 334 230 30 29 24 130 203 221 44 193 107 213 113 182 28 21 46 38 57 0 0 2 0 62 0 0 3 53 5 2 0 0 0 1 0 0 0 0 0 0 0 0 0 3 3 0 0 0 2 0 0 2 6 0 0 1 0 0 0 0 0 0 0 26 18 0 1 0 0 3 0 0 0 0 0 0 0 0 0 55 8 19 17 0 16 0 13 12 48 17 9 46 3 39 3 39 14 22 0 0 0 0 0 0 0 0 0 0 0 7 0 0 0 0 0 0 0 11 12 0 0 0 0 0 0 0 0 0 0 0 0 0 0 0 0 0 0 0 0 0 0 0 2 14 10 0 1 0 0 2 0 0 0 0 0 0 11 0 0 12 10 0 0 0 0 14 11 12 11 12 0 0 14 1 27 15 29 7 0 0 0 0 0 0 10 0 0 1 0 0 0 0 0 0 0 0 0 0 12 0 0 0 0 49 0 0 0 0 0 18 0 0 0 0 0 0 0 0 0 0 0 0 0 0 0 0 0 0 0 0 0 0 0 7 0 2 75 0 0 0 0 0 0 0 0 0 0 0 0 0 0 0 0 0 0 0 9 0 0 2 0 1 0 0 0 0 0 0 0 
 5 5 6 5 77 161 5 5 5 7 5 5 11 4 5 7 8 7 4 206 334 0 239 88 204 34 243 167 40 209 156 101 102 48 196 142 73 166 48 138 2 2 1 1 1 1 2 5 2 5 0 2 0 0 0 2 0 3 2 0 0 2 2 2 5 5 2 2 2 4 2 2 2 2 2 2 2 2 0 0 0 0 0 0 7 0 0 0 0 0 0 0 0 0 0 0 0 0 0 0 0 31 0 1 16 46 0 22 13 1 45 8 35 11 29 48 27 25 21 0 0 0 0 0 0 1 3 0 0 0 15 0 7 0 0 0 0 0 19 12 0 0 0 0 1 2 0 0 0 0 0 0 0 1 0 0 1 0 0 0 10 0 0 0 1 1 0 0 0 0 0 0 0 0 0 0 0 2 0 0 0 11 19 19 0 1 2 30 41 10 10 18 0 0 0 7 11 19 0 10 2 0 0 2 0 11 0 0 0 0 0 0 0 0 0 0 0 0 13 19 0 0 0 0 0 0 0 0 0 0 17 1 0 0 0 0 0 0 0 0 0 0 0 0 0 0 0 0 1 0 0 0 0 0 10 2 0 3 0 2 11 0 0 0 2 0 0 0 0 0 0 0 0 0 0 0 0 0 0 0 0 0 0 0 0 0 1 0 0 0 
 5 3 2 2 87 76 2 3 3 3 3 1 7 2 1 2 3 2 4 6 230 239 0 99 35 336 128 165 79 205 101 193 243 46 256 444 70 202 149 127 0 0 0 0 1 2 0 0 3 1 2 1 4 4 1 0 0 1 0 64 0 0 1 0 0 1 1 0 0 1 2 0 0 0 0 2 1 0 0 5 0 1 0 0 12 0 0 0 0 0 0 0 0 0 0 0 0 0 0 0 3 15 29 32 0 20 0 28 33 20 72 0 17 19 21 24 17 12 14 0 1 0 0 0 0 0 21 0 0 0 0 0 29 0 0 0 0 0 1 17 0 0 0 0 0 0 0 0 0 0 0 0 0 0 0 0 0 0 0 0 5 0 0 0 0 18 0 1 0 0 0 1 0 0 9 0 0 0 0 0 31 11 15 29 11 9 5 48 17 65 8 38 7 6 25 16 16 0 0 13 13 0 0 0 0 1 0 0 0 0 0 0 14 0 0 2 0 2 18 17 0 15 0 0 0 0 0 0 0 0 0 0 0 2 0 0 0 0 0 0 0 0 0 0 0 0 0 0 0 0 0 0 0 0 15 2 0 79 4 0 13 1 0 0 0 0 14 0 0 0 0 0 0 0 0 0 0 0 0 11 0 6 0 0 1 0 0 0 0 0 
 0 3 0 0 0 0 1 0 0 5 0 0 0 0 0 2 0 0 0 0 30 88 99 0 459 336 55 58 138 234 171 140 82 69 85 265 349 568 54 60 0 0 0 0 0 3 65 3 3 5 0 3 99 72 0 2 2 2 19 0 0 0 0 3 3 3 53 0 0 7 2 0 7 0 3 0 35 0 0 0 0 0 0 0 0 2 0 0 1 0 0 0 0 0 0 0 0 0 0 0 0 0 1 6 37 40 0 0 9 0 22 26 0 0 11 13 17 17 0 0 30 0 0 1 0 0 37 1 0 20 0 0 12 44 0 0 0 0 29 4 8 0 0 0 0 0 0 0 0 0 0 0 0 0 0 0 0 0 0 0 3 0 5 0 0 0 0 0 0 1 0 0 0 0 0 0 4 0 0 0 18 28 31 26 24 46 0 32 21 22 22 9 0 0 14 0 22 2 0 0 15 0 0 0 0 0 18 52 4 0 0 0 26 51 3 0 0 0 23 4 7 0 0 0 0 0 0 0 2 0 0 0 0 0 0 0 0 0 0 0 0 0 0 0 0 0 0 0 0 0 0 0 0 2 13 0 2 6 78 12 3 2 0 0 0 0 0 0 0 0 0 0 0 0 0 0 0 0 0 0 0 8 0 0 0 2 12 0 0 0 
 0 0 0 0 2 3 0 0 0 1 0 1 1 0 0 0 0 4 0 202 29 204 35 459 0 318 82 60 79 141 188 140 99 135 105 268 132 190 68 158 0 0 0 0 0 0 62 3 1 3 3 0 2 0 0 0 0 1 0 0 0 0 0 0 3 3 0 0 47 2 0 0 4 0 1 0 1 0 0 0 0 0 0 0 0 0 0 0 0 0 0 0 0 0 0 0 0 0 0 0 0 34 0 23 14 16 37 0 0 0 34 24 1 0 16 57 1 31 0 0 1 0 2 0 0 0 10 0 0 0 0 0 0 13 11 0 0 0 14 12 4 0 0 0 0 0 1 0 0 0 0 0 0 1 0 0 0 0 0 0 7 0 0 0 0 0 0 6 0 0 0 0 0 0 0 0 0 0 0 0 30 33 6 32 1 1 0 25 32 0 9 19 0 0 0 6 26 15 0 0 1 0 0 1 0 0 0 2 16 0 0 0 1 11 0 0 0 0 33 20 0 0 0 0 0 0 0 0 0 2 2 0 0 0 0 0 0 0 0 0 0 0 19 0 0 0 0 0 0 0 0 0 0 0 6 0 3 2 8 2 2 0 0 0 0 0 0 0 0 0 0 0 0 0 0 0 0 0 0 0 0 0 0 0 0 1 18 0 0 0 
 1 0 0 0 2 0 0 0 0 0 0 0 3 0 0 0 2 1 2 0 24 34 336 336 318 0 30 314 103 48 174 58 25 37 77 140 113 449 23 52 0 63 0 0 0 0 8 70 0 3 0 4 1 65 64 0 63 66 26 0 0 0 0 0 3 3 4 0 0 3 0 0 9 0 0 0 0 1 0 0 0 0 0 0 0 11 0 0 0 0 0 0 0 0 0 0 0 0 0 0 0 1 1 16 9 6 0 0 11 0 20 13 1 36 9 13 15 26 0 0 51 1 8 0 0 1 15 10 20 0 2 0 28 6 15 3 23 0 46 0 0 0 0 0 20 4 0 2 0 0 0 0 0 0 0 0 0 0 0 0 0 5 0 6 4 0 0 0 0 4 0 0 0 1 0 0 2 0 0 0 13 9 21 14 0 43 0 13 9 1 14 12 0 0 0 0 25 1 0 0 29 0 18 25 0 0 1 50 0 0 0 11 15 11 9 15 20 44 32 16 0 0 0 0 0 0 0 0 0 0 0 0 1 0 0 0 0 0 2 0 0 0 0 0 0 0 0 0 0 0 0 0 0 0 12 2 0 77 1 0 4 1 0 0 0 0 0 0 0 0 0 0 0 0 0 0 0 0 0 0 0 0 0 0 0 0 10 0 0 0 
 0 1 0 0 102 3 0 0 73 74 74 16 0 0 0 0 0 73 0 0 130 243 128 55 82 30 0 70 67 73 25 35 307 132 174 140 49 120 119 221 0 0 0 0 0 0 0 3 1 3 1 2 1 0 0 0 0 0 0 0 0 0 0 0 3 7 0 0 0 5 0 0 3 0 0 0 3 0 0 0 0 1 0 0 34 14 0 0 4 4 0 0 0 0 0 0 0 9 0 0 17 15 7 0 0 0 43 45 30 0 10 3 11 0 21 1 10 0 9 18 0 0 0 0 0 0 0 0 0 0 0 0 0 0 0 0 0 0 0 0 0 0 0 0 0 0 0 0 0 0 0 0 0 0 0 0 0 0 0 0 6 0 14 0 18 28 0 5 0 18 4 0 0 0 0 12 0 15 0 0 21 33 30 45 0 0 0 16 0 1 8 6 32 0 13 25 0 29 15 23 0 0 0 0 0 6 0 0 0 0 0 0 0 0 0 0 0 0 15 0 0 0 0 0 0 0 0 1 0 0 0 0 0 0 0 0 2 0 0 0 0 4 0 0 0 0 3 0 0 0 0 0 0 0 9 0 0 0 0 0 0 0 0 0 0 0 0 0 0 0 0 2 0 0 0 9 0 9 0 12 0 0 0 0 0 0 0 0 0 0 
 1 1 69 0 48 112 0 0 0 6 0 0 3 0 0 0 0 0 0 1 203 167 165 58 60 314 70 0 248 49 42 31 85 142 116 182 40 352 217 49 2 0 0 0 0 2 2 2 48 9 1 0 0 0 5 0 0 3 0 0 0 0 0 0 0 1 0 0 0 0 0 2 0 0 0 0 0 0 0 0 0 0 0 0 0 21 0 0 0 0 0 0 0 0 0 0 0 0 0 0 28 63 19 24 10 20 19 12 21 21 31 20 1 9 10 0 14 30 10 0 0 1 0 0 0 0 0 0 0 0 0 0 0 12 0 0 0 0 7 6 0 0 0 0 0 2 0 0 0 0 0 0 0 0 0 0 0 0 0 0 0 0 0 2 0 0 0 1 0 1 0 0 0 0 0 0 0 0 0 0 43 15 25 14 0 7 46 14 50 10 8 42 8 17 14 15 0 12 3 1 5 0 0 0 0 0 0 0 1 0 0 0 6 0 0 0 0 0 0 0 0 0 0 0 0 0 0 0 0 0 20 0 0 0 11 0 0 0 0 0 0 0 0 0 0 0 0 0 0 0 0 0 0 0 9 0 2 50 0 0 0 0 0 0 0 0 0 0 0 0 0 0 0 0 0 0 0 0 0 14 0 0 0 0 0 0 0 0 0 0 
 0 2 0 0 99 122 0 2 0 0 0 1 4 0 0 0 0 0 0 0 221 40 79 138 79 103 67 248 0 142 50 33 155 103 230 436 167 44 243 77 0 0 0 0 4 0 3 7 64 7 1 0 0 2 1 0 0 54 2 0 0 0 8 0 3 3 2 0 23 5 0 0 3 0 0 34 2 0 0 0 0 0 0 0 7 0 0 2 0 0 0 0 0 0 0 0 0 0 0 0 1 17 16 14 0 0 1 44 23 24 0 16 8 12 41 0 9 29 29 0 0 0 0 0 0 0 0 0 0 0 0 0 11 1 0 0 0 0 0 0 0 0 0 0 0 2 8 0 0 0 0 0 0 0 0 0 0 0 0 0 0 0 0 1 0 0 0 0 0 0 0 0 0 0 0 0 0 0 0 0 30 12 20 21 0 11 14 0 2 9 20 0 28 23 26 3 36 10 9 0 10 10 0 0 0 0 0 16 0 0 0 0 0 0 10 0 0 0 7 0 0 0 0 0 0 0 0 0 0 0 6 0 0 0 0 0 0 0 0 0 0 0 0 0 0 0 0 0 1 0 0 0 0 0 10 0 0 1 0 2 0 40 0 1 0 0 0 0 0 0 0 2 0 0 0 0 0 0 0 10 0 23 0 0 0 0 14 0 0 0 
 2 0 0 0 0 20 0 0 0 3 0 0 0 0 0 0 0 0 73 0 44 209 205 234 141 48 73 49 142 0 158 136 121 302 261 320 516 135 81 174 0 0 0 0 0 0 0 3 1 3 0 0 29 35 1 0 0 1 125 0 0 0 0 0 3 3 0 0 9 4 0 11 2 0 0 0 2 0 0 0 0 0 0 0 0 0 14 2 0 0 0 0 0 0 0 0 0 0 0 0 0 21 5 0 13 14 16 16 1 0 32 28 12 0 11 18 22 0 8 0 0 0 0 0 0 0 14 0 0 0 0 0 10 12 0 0 0 0 0 19 0 0 0 0 0 0 4 0 0 0 0 0 0 0 0 0 0 0 0 0 21 0 0 0 0 0 0 10 0 0 1 0 0 0 0 0 0 2 0 0 0 9 10 40 14 11 32 3 1 6 0 1 0 1 14 12 0 15 0 26 12 0 0 0 0 0 10 12 0 0 0 0 24 23 28 0 1 0 72 9 0 0 0 0 0 0 0 0 0 0 0 0 0 0 0 0 0 0 0 0 0 0 19 0 0 0 0 0 0 0 0 0 0 0 5 0 0 91 5 5 3 0 0 0 0 0 0 0 0 0 0 2 0 0 0 0 0 0 0 0 0 24 0 0 0 9 0 0 0 0 
 0 0 0 0 0 2 74 0 0 4 3 2 3 0 0 0 0 0 0 0 193 156 101 171 188 174 25 42 50 158 0 308 39 232 277 225 165 267 54 53 0 0 0 0 0 0 63 3 3 3 0 0 83 0 0 0 0 1 79 62 0 0 0 0 48 3 0 0 0 2 0 0 2 0 50 0 1 0 0 0 0 0 0 0 0 0 0 0 0 0 0 0 0 0 0 0 0 0 0 0 2 25 10 24 30 71 0 0 16 0 24 14 0 0 8 19 17 12 0 0 14 11 0 0 0 0 35 0 0 0 0 0 10 0 12 0 0 0 15 31 4 0 0 0 0 0 0 1 0 0 4 0 2 0 0 0 0 0 0 0 2 0 0 0 2 0 0 0 0 0 0 0 0 0 0 0 0 1 0 0 0 13 12 11 22 24 0 25 42 34 0 30 0 2 14 0 2 16 0 0 7 0 0 0 0 0 0 2 10 0 0 2 29 14 0 0 0 0 27 61 0 0 0 0 0 0 0 2 0 0 0 0 0 0 0 0 1 0 0 0 0 0 0 0 0 0 0 0 0 0 0 0 0 0 19 0 1 1 1 0 11 0 0 0 0 0 0 0 0 0 0 1 0 0 49 0 0 0 0 0 0 10 0 0 0 10 0 0 0 0 
 0 207 0 0 0 2 0 0 0 3 0 0 3 0 0 0 0 0 0 0 107 101 193 140 140 58 35 31 33 136 308 0 43 15 42 41 562 463 29 181 0 22 0 0 0 0 0 3 0 3 0 0 129 62 0 0 0 2 63 23 0 0 0 4 3 3 50 0 0 2 0 0 2 0 0 0 1 0 0 0 0 0 0 0 0 0 0 0 0 0 0 0 1 0 0 0 0 0 0 0 0 18 0 18 19 34 0 0 0 0 20 29 0 0 8 52 19 9 0 1 14 10 0 0 0 0 35 0 14 0 0 0 10 1 1 0 8 11 60 50 0 0 0 0 0 0 0 4 0 0 5 0 0 0 0 0 0 0 0 0 1 0 8 0 0 0 0 0 0 0 0 0 0 0 0 0 0 0 0 0 0 0 22 11 15 14 1 20 28 16 2 13 0 1 0 0 1 21 0 0 5 0 0 0 11 0 25 18 12 3 0 0 12 21 0 0 1 0 31 44 0 0 0 0 0 0 0 0 0 0 0 0 0 0 0 0 0 12 0 0 0 0 19 0 0 0 0 0 0 0 0 0 0 0 0 0 0 1 97 4 16 0 0 0 0 0 0 0 0 0 0 0 0 0 0 0 0 0 0 0 0 10 0 0 1 4 0 0 0 0 
 2 2 0 79 184 77 2 113 36 2 4 82 2 0 114 0 75 26 0 0 213 102 243 82 99 25 307 85 155 121 39 43 0 72 519 20 36 32 466 111 0 0 0 0 0 0 0 3 0 3 2 0 1 0 0 0 0 1 0 0 0 0 0 0 3 3 0 0 0 2 0 0 2 37 0 0 1 0 0 9 0 16 0 0 25 10 0 0 9 15 0 18 0 0 0 13 17 11 0 0 0 1 22 0 0 0 21 14 22 0 0 1 17 29 21 27 11 0 34 45 0 0 0 0 0 0 0 0 0 0 0 0 0 0 0 0 0 0 0 0 0 0 0 0 0 0 0 0 0 0 0 0 0 0 0 0 0 0 0 0 0 12 12 21 18 10 0 0 0 6 12 0 0 0 0 9 0 15 0 0 1 0 0 1 0 0 7 14 0 2 23 18 11 17 1 11 8 0 0 43 0 0 0 0 0 0 0 0 2 8 0 0 0 1 0 0 0 0 0 0 0 0 0 0 0 0 0 0 0 0 0 0 0 0 0 0 0 0 0 0 0 9 0 0 0 0 0 0 1 0 0 0 0 0 9 0 0 1 0 2 1 0 13 0 0 0 8 0 0 0 0 0 0 0 0 0 15 0 0 0 0 0 0 12 0 0 0 0 0 0 
 0 203 75 2 75 166 0 0 151 77 80 20 3 0 6 0 75 100 0 200 113 48 46 69 135 37 132 142 103 302 232 15 72 0 79 47 10 26 143 221 0 0 0 0 0 0 0 3 62 3 1 0 0 0 5 0 0 62 0 0 0 0 0 0 3 12 0 25 0 2 0 0 2 0 0 0 1 0 0 0 0 1 0 2 13 31 9 0 9 13 11 0 0 0 0 0 0 11 0 0 24 0 8 0 1 0 14 29 8 10 0 1 13 10 18 27 54 1 0 10 0 0 0 0 0 1 0 0 0 0 0 0 0 0 0 0 23 0 0 13 0 0 0 0 1 0 0 0 0 0 0 23 0 0 0 0 0 0 0 0 0 0 1 0 16 21 0 0 0 12 9 18 0 0 12 0 4 17 0 0 39 12 9 1 0 0 0 0 0 0 1 0 12 22 1 18 0 10 24 35 0 0 0 0 0 0 0 0 0 0 0 15 0 0 0 0 0 0 0 0 0 0 0 0 0 0 0 0 0 0 0 0 0 0 0 0 0 0 0 0 0 16 0 0 0 0 78 0 73 0 0 0 2 0 3 0 2 0 0 0 2 2 0 0 0 0 0 0 0 0 0 0 0 0 0 33 10 10 0 0 0 0 0 0 0 0 0 0 0 0 
 0 0 0 0 77 75 0 1 0 77 77 0 2 1 0 0 1 0 0 2 182 196 256 85 105 77 174 116 230 261 277 42 519 79 0 138 59 46 386 175 0 0 63 0 0 0 0 3 5 3 2 0 2 0 64 0 0 2 0 0 0 0 0 0 3 3 0 0 0 2 0 0 2 0 0 0 0 1 0 31 0 0 0 0 46 19 0 0 0 0 3 0 0 0 0 0 2 0 0 0 33 12 35 24 0 0 0 13 30 14 0 1 21 37 27 16 18 1 22 0 0 0 0 0 2 0 0 0 0 0 0 0 0 0 0 2 1 0 0 0 0 0 0 0 0 0 0 2 0 0 0 0 0 0 0 0 0 2 0 0 0 8 0 0 0 25 0 0 0 0 41 0 0 0 0 0 0 0 0 0 9 0 9 10 0 0 23 31 12 0 12 26 10 9 9 39 21 1 0 23 0 0 0 0 0 0 0 0 0 0 0 0 2 0 0 0 0 0 0 0 1 0 0 0 0 0 0 0 0 0 13 0 0 0 0 0 0 0 0 0 0 0 0 0 0 2 0 0 0 0 0 0 0 0 12 0 0 2 0 3 0 0 0 0 0 0 11 0 0 0 0 0 0 0 0 0 1 0 0 8 0 0 0 0 0 0 0 0 0 0 
 6 2 1 1 2 1 1 2 3 5 3 0 4 1 0 1 1 3 1 2 28 142 444 265 268 140 140 182 436 320 225 41 20 47 138 0 229 177 59 139 0 0 0 0 0 2 0 3 10 3 2 2 16 0 0 0 0 2 0 0 0 0 0 0 3 3 0 0 0 3 0 0 6 0 0 0 0 1 0 0 0 0 0 0 25 0 0 0 0 0 0 0 0 0 0 12 0 0 0 0 29 30 18 13 13 18 19 0 62 13 16 9 0 0 40 13 14 15 0 9 0 0 0 0 0 0 0 0 0 0 0 0 10 18 0 0 0 0 0 7 0 0 0 17 0 2 0 0 0 0 0 0 10 0 0 0 0 7 0 0 9 0 0 0 0 0 0 8 0 0 0 0 0 0 0 0 0 0 0 0 53 9 74 55 18 18 0 32 52 10 9 41 4 0 28 23 24 10 0 0 34 0 0 0 0 0 0 22 2 0 0 0 21 0 0 0 0 0 44 18 0 0 0 0 0 0 0 0 22 0 0 0 0 0 0 0 0 0 0 0 0 0 0 0 0 0 0 0 0 0 0 0 0 0 22 0 0 80 0 2 4 1 0 0 0 0 0 0 0 0 0 0 0 0 0 0 0 0 0 11 0 8 0 0 0 0 18 0 0 0 
 0 0 0 0 1 76 0 0 3 6 3 1 3 1 0 0 1 0 0 0 21 73 70 349 132 113 49 40 167 516 165 562 36 10 59 229 0 304 28 128 0 0 0 0 0 0 2 3 3 3 0 0 26 32 0 0 0 1 62 64 0 0 0 0 3 3 31 0 0 2 0 0 7 0 0 0 1 0 43 0 2 0 2 0 1 0 0 0 0 1 0 0 0 0 0 0 0 0 0 0 1 0 0 29 28 20 0 0 9 16 24 29 1 0 7 31 3 18 19 0 0 0 0 0 0 0 27 14 0 0 0 0 24 12 0 0 0 0 10 26 0 0 0 0 0 0 9 0 2 0 0 0 0 0 0 0 0 0 2 0 8 0 3 0 0 0 0 0 0 0 0 0 0 0 0 0 4 0 2 0 1 1 11 44 11 12 10 30 0 66 23 13 0 0 31 0 11 12 0 19 21 0 19 0 3 0 9 21 7 0 0 0 25 17 11 1 1 0 15 18 0 1 0 0 0 0 2 0 0 0 0 0 0 0 0 0 0 0 0 0 0 0 0 0 0 0 0 0 0 0 0 0 0 0 12 1 1 75 0 0 1 16 0 0 0 0 0 0 0 0 0 0 0 0 0 0 0 0 0 0 0 23 0 0 0 12 8 0 0 0 
 0 0 77 0 73 0 0 0 0 2 0 0 3 0 9 0 1 0 1 0 46 166 202 568 190 449 120 352 44 135 267 463 32 26 46 177 304 0 40 249 0 0 0 0 5 0 62 3 0 3 0 0 0 0 5 0 67 5 2 0 0 0 0 0 3 3 0 0 0 2 0 0 2 0 0 0 2 0 0 0 0 2 0 0 0 0 0 0 0 0 0 0 0 0 0 2 0 0 0 0 0 19 2 28 1 23 0 1 1 12 44 23 10 0 0 41 28 10 0 0 13 0 0 9 0 0 28 0 0 0 0 0 0 19 11 0 0 0 45 17 5 0 0 0 0 1 0 0 0 0 0 0 0 0 0 0 0 0 0 0 6 0 0 0 0 0 0 2 1 0 0 2 0 0 11 0 0 10 2 0 36 35 30 12 3 2 0 0 35 11 14 12 0 2 0 0 12 21 0 0 0 0 0 0 0 2 0 0 7 0 0 0 11 18 1 8 0 1 13 15 0 0 0 0 0 0 0 0 0 0 0 0 0 1 0 1 0 0 0 0 0 0 12 0 0 0 0 0 0 0 0 0 0 0 10 0 7 74 38 1 38 0 0 0 0 0 0 0 0 0 0 0 0 0 0 0 0 0 0 0 0 0 0 0 0 10 0 0 0 0 
 0 2 73 31 112 89 0 74 0 0 0 75 6 0 32 0 62 1 0 0 38 48 149 54 68 23 119 217 243 81 54 29 466 143 386 59 28 40 0 148 0 3 2 0 3 0 67 4 52 3 2 0 0 0 2 1 0 2 0 0 0 0 3 2 6 3 0 0 0 2 2 1 2 45 0 0 58 3 0 3 0 28 0 0 35 51 0 0 0 11 14 14 0 0 1 14 1 4 9 0 25 0 41 15 0 1 15 9 26 16 14 15 15 32 19 0 6 0 2 19 0 0 0 0 0 0 0 0 0 0 0 1 0 0 0 0 0 0 0 15 0 1 0 0 0 0 0 0 0 0 12 0 0 0 0 3 0 0 0 0 0 0 33 38 18 28 0 31 0 0 1 20 0 0 0 17 10 0 0 0 39 17 15 11 1 0 24 0 0 0 0 9 21 8 17 52 14 1 4 0 0 0 0 0 0 0 0 0 0 0 0 0 0 0 0 0 0 0 0 0 0 0 0 0 0 0 0 0 0 0 0 0 0 0 0 0 0 0 0 0 0 0 0 0 0 0 1 0 0 0 0 0 0 0 20 2 0 91 0 2 1 2 10 0 0 0 12 0 0 0 0 2 0 0 0 20 0 0 0 12 0 0 0 0 0 0 0 0 0 0 
 0 0 0 0 4 94 0 0 109 78 0 34 5 0 0 0 36 43 0 0 57 138 127 60 158 52 221 49 77 174 53 181 111 221 175 139 128 249 148 0 0 0 0 0 3 205 0 3 1 8 2 3 0 0 4 0 3 7 0 0 0 0 0 3 3 16 1 0 2 4 0 4 2 5 4 0 1 0 0 0 0 0 0 23 15 9 0 0 0 13 0 0 0 0 0 0 0 4 0 0 9 0 8 0 7 0 22 43 8 0 14 1 15 0 26 19 9 1 7 10 0 0 0 0 0 11 0 0 0 0 0 0 0 0 0 0 0 0 0 0 0 0 0 0 0 0 2 0 0 0 0 0 0 0 0 0 0 0 0 0 0 0 36 0 0 11 0 10 0 15 0 0 0 0 23 0 0 0 0 0 35 7 9 16 0 0 33 0 0 1 3 0 18 21 14 19 0 11 28 11 0 0 0 0 0 0 0 0 0 0 0 0 0 0 0 0 0 0 0 0 0 0 0 0 0 0 0 4 0 0 0 0 0 0 0 0 3 0 0 0 0 0 0 0 0 0 72 0 0 0 0 0 0 0 12 0 1 0 0 0 1 0 0 0 0 0 1 0 0 0 0 0 0 0 0 11 3 0 0 0 0 12 0 0 0 0 0 0 0 0 
 13 3 5 3 3 3 5 3 3 5 6 5 3 5 3 73 3 9 19 4 0 2 0 0 0 0 0 2 0 0 0 0 0 0 0 0 0 0 0 0 0 107 132 59 111 291 139 187 166 127 113 204 46 47 138 135 80 176 26 51 0 4 3 17 0 0 0 0 0 0 0 0 0 9 0 0 0 0 0 0 13 0 0 0 0 0 7 3 0 0 0 0 0 1 19 0 25 0 0 6 0 0 0 0 14 20 0 0 0 0 0 0 0 0 0 0 0 0 0 0 11 20 15 12 13 7 8 14 10 20 0 50 4 48 11 44 42 10 0 0 0 17 0 0 18 0 0 0 6 0 0 0 0 0 2 0 0 0 19 2 3 7 0 0 0 0 0 0 3 0 0 0 7 0 0 0 1 0 10 12 0 10 0 0 0 0 0 0 0 0 0 2 0 0 0 0 0 0 1 0 1 23 3 28 23 11 0 0 0 16 0 1 0 0 11 0 27 7 0 0 0 0 0 0 0 0 3 0 0 0 0 0 10 17 1 0 14 0 1 8 0 0 0 0 0 0 0 0 0 0 0 4 0 2 0 0 0 0 0 12 0 0 4 1 3 11 2 0 0 0 0 0 0 0 0 0 0 0 0 0 0 0 0 0 0 10 0 33 0 0 
 0 0 0 0 0 0 0 0 0 2 0 0 0 0 0 0 0 0 0 0 0 2 0 0 0 63 0 0 0 0 0 22 0 0 0 0 0 0 3 0 107 0 151 58 35 25 441 161 120 48 37 35 488 81 249 97 132 324 168 66 16 0 0 0 0 0 0 0 0 0 1 5 0 0 0 0 0 0 0 0 0 0 0 0 0 0 0 0 0 0 0 0 0 0 0 0 0 0 0 0 0 0 0 0 9 0 0 0 0 0 0 0 0 0 0 0 0 0 0 0 0 69 9 0 1 0 0 30 4 0 26 86 9 75 51 47 28 25 10 0 0 0 0 0 0 0 0 5 0 0 3 0 0 0 0 0 0 0 0 0 0 0 0 14 0 0 0 0 0 1 0 0 0 0 0 0 0 0 0 0 0 0 0 12 13 0 0 0 0 0 0 0 0 0 0 0 0 0 0 0 19 9 28 12 0 0 33 56 9 5 21 36 0 0 1 27 0 37 8 0 0 0 0 0 0 0 0 0 0 13 0 0 1 0 0 0 0 0 2 1 0 0 30 0 0 0 0 0 0 0 0 2 0 0 0 0 0 0 0 0 0 0 0 0 66 2 2 0 0 0 0 0 0 0 0 0 0 0 0 0 0 0 0 0 10 12 0 0 1 0 
 0 0 2 0 3 0 0 0 0 0 0 0 2 0 0 0 0 0 0 0 2 1 0 0 0 0 0 0 0 0 0 0 0 0 63 0 0 0 2 0 132 151 0 347 104 61 52 151 113 236 72 303 148 53 264 141 138 382 21 47 0 0 0 0 0 0 0 0 0 0 0 0 1 47 0 0 0 0 0 0 0 0 0 0 0 0 0 0 0 0 0 0 0 0 0 11 0 0 0 0 0 0 0 0 0 0 0 0 0 0 0 0 0 0 0 0 0 5 0 0 7 19 29 25 12 6 11 27 57 6 0 1 1 11 0 0 7 13 0 0 14 0 0 0 0 0 0 0 0 0 0 0 14 0 0 0 0 22 7 11 0 0 0 0 0 26 0 0 0 0 0 0 0 0 0 0 0 0 0 9 0 0 0 0 0 0 0 0 0 0 0 0 0 0 0 0 6 0 0 0 0 20 73 0 37 22 0 0 19 13 11 2 0 0 6 10 10 0 0 9 0 1 0 0 0 0 10 0 0 0 0 0 0 8 43 0 0 0 15 6 0 0 0 0 0 0 0 0 0 0 0 5 0 0 0 0 0 0 0 1 0 0 0 39 0 0 3 0 0 0 0 0 0 0 0 0 0 0 0 0 0 0 0 11 11 4 0 7 2 0 
 0 0 0 0 0 0 0 0 0 0 0 0 3 0 0 0 0 0 0 2 0 1 0 0 0 0 0 0 0 0 0 0 0 0 0 0 0 0 0 0 59 58 347 0 143 43 77 153 123 228 218 162 316 99 568 183 53 97 290 66 0 0 0 0 12 0 0 0 0 0 6 0 0 0 0 0 0 0 4 0 0 0 0 0 0 0 0 0 0 0 0 0 0 0 0 0 0 0 0 0 0 0 0 0 0 0 0 0 0 0 0 0 0 0 0 0 0 0 0 0 0 10 0 10 0 0 0 1 6 1 0 13 0 0 0 10 0 0 0 0 0 6 1 3 6 53 9 4 14 1 0 4 52 13 17 6 0 31 25 2 0 0 0 0 0 0 0 0 0 0 0 0 0 0 0 0 0 0 0 4 0 0 0 0 1 0 0 0 0 0 0 0 0 0 0 0 0 0 0 0 0 11 5 7 0 10 0 0 0 6 0 0 0 0 0 0 17 9 0 0 8 0 0 0 0 0 0 15 0 0 0 5 1 0 0 0 0 0 0 5 0 0 0 0 0 0 0 0 0 0 0 15 0 0 0 0 0 0 0 11 0 0 1 3 0 3 0 83 1 0 0 0 0 0 0 0 0 0 0 0 0 0 0 0 1 0 0 0 2 0 
 3 1 3 3 0 0 0 3 6 41 67 2 62 0 3 0 8 0 0 0 62 1 1 0 0 0 0 0 4 0 0 0 0 0 0 0 0 5 3 3 111 35 104 143 0 211 39 119 131 122 108 110 102 288 81 129 40 276 67 503 55 0 3 18 80 0 0 2 1 52 0 2 4 51 47 0 0 0 2 4 0 11 0 8 0 3 0 0 0 0 4 1 7 0 0 6 0 9 0 0 0 0 0 0 0 0 0 0 0 0 0 0 3 0 0 0 0 0 0 0 12 0 25 35 29 19 9 0 6 46 0 0 0 0 35 7 17 0 0 0 1 7 0 11 0 0 11 7 0 0 0 5 9 0 10 29 0 0 19 16 0 0 0 0 1 17 0 3 0 0 0 3 0 5 4 0 0 0 0 0 0 0 0 0 0 0 0 0 0 0 0 0 0 0 0 0 0 0 11 0 0 10 0 11 0 11 0 0 13 0 0 1 0 0 0 0 16 0 0 0 11 4 1 34 15 0 16 5 2 18 0 0 0 29 14 0 0 20 9 18 0 0 0 0 0 0 5 0 0 0 0 15 0 0 0 0 2 0 0 1 0 0 2 3 2 3 3 0 5 0 0 0 0 0 0 0 0 0 0 0 0 0 0 0 10 0 0 0 2 0 
 3 3 3 65 3 3 3 3 3 6 5 3 3 3 3 3 4 5 3 3 0 1 2 3 0 0 0 2 0 0 0 0 0 0 0 2 0 0 0 205 291 25 61 43 211 0 99 33 64 139 141 102 54 60 182 185 53 129 258 68 0 0 0 0 0 58 0 0 0 27 0 0 0 0 0 0 47 3 72 22 0 0 0 0 0 0 0 0 0 0 0 0 0 0 0 0 0 0 0 0 0 0 0 0 0 16 0 0 0 0 0 0 0 0 0 0 0 0 0 0 0 0 13 40 2 63 7 0 18 5 24 0 0 10 0 3 0 0 0 0 20 14 10 19 0 0 0 0 9 14 0 0 20 8 0 0 0 11 8 0 0 0 0 0 0 3 0 0 0 0 0 0 0 0 0 0 0 0 0 2 0 0 0 0 0 10 0 0 0 9 0 0 0 0 0 0 0 0 0 0 7 11 0 0 15 6 0 0 12 3 7 35 0 0 0 11 8 0 0 0 6 7 32 0 0 0 35 9 1 0 0 0 18 0 0 14 0 6 20 28 0 0 0 0 0 0 0 0 0 0 0 12 0 0 0 0 0 0 0 0 0 0 77 1 0 5 1 0 0 0 25 0 0 0 0 0 0 0 0 0 0 0 0 0 0 0 0 13 1 0 
 3 3 63 3 3 3 5 3 5 3 3 3 3 3 3 3 3 3 3 3 0 2 0 65 62 8 0 2 3 0 63 0 0 0 0 0 2 62 67 0 139 441 52 77 39 99 0 161 53 25 55 95 165 182 149 19 155 45 131 34 52 2 0 0 0 0 0 2 2 27 4 5 0 0 0 0 2 0 0 1 0 0 0 0 0 0 0 0 0 0 0 0 0 0 0 0 0 0 11 0 0 0 18 0 0 14 0 0 0 0 0 0 0 0 0 0 0 7 0 0 1 58 1 0 0 0 14 37 0 0 14 20 6 18 32 1 15 18 7 0 9 0 0 0 0 0 0 0 0 0 0 0 0 0 0 0 0 0 0 0 0 0 0 0 0 0 0 0 0 0 0 0 0 0 0 0 0 0 0 0 0 0 21 0 26 0 1 0 0 0 0 0 0 0 0 0 16 0 0 0 3 19 11 0 11 0 25 29 5 2 10 33 0 48 23 9 4 29 0 1 0 0 0 0 0 0 0 0 0 0 22 0 13 0 0 0 0 0 1 1 0 0 19 0 0 0 0 0 0 0 0 6 0 0 0 1 0 0 0 13 0 0 2 0 38 19 2 0 1 0 0 0 0 0 0 0 0 0 0 0 0 0 0 0 0 0 0 0 2 0 
 0 0 0 0 0 0 0 3 0 2 0 0 5 0 0 0 3 0 0 0 3 5 0 3 3 70 3 2 7 3 3 3 3 3 3 3 3 3 4 3 187 161 151 153 119 33 161 0 86 272 35 119 112 411 177 33 137 117 356 39 0 0 0 0 0 0 0 0 0 0 1 0 0 0 0 0 0 0 0 0 0 0 0 0 0 0 0 0 0 0 0 0 0 0 0 0 0 0 0 0 0 0 0 0 0 17 0 0 0 0 0 0 0 0 0 0 0 0 0 0 4 14 9 45 0 7 19 17 40 0 29 22 11 0 11 63 43 2 0 0 21 3 0 0 0 0 0 0 18 0 0 0 21 1 8 0 0 0 0 0 0 0 0 0 3 0 0 0 0 4 0 0 0 0 0 0 0 0 0 0 0 0 0 0 11 0 0 0 0 0 0 0 0 7 0 0 0 0 0 0 13 3 12 2 9 9 8 9 15 0 0 28 0 6 10 17 48 40 0 0 0 1 0 0 0 0 28 0 0 0 0 0 12 0 0 0 0 0 21 19 0 0 0 0 0 0 0 0 0 0 0 11 0 2 0 0 0 0 0 2 0 0 66 0 3 3 2 0 2 0 30 0 0 0 0 0 0 0 0 0 0 0 0 0 2 0 0 0 0 0 
 0 0 0 0 23 59 0 0 0 3 0 0 3 0 0 0 1 0 0 0 53 2 3 3 1 0 1 48 64 1 3 0 0 62 5 10 3 0 52 1 166 120 113 123 131 64 53 86 0 119 56 85 385 168 92 194 94 245 75 144 0 2 6 6 0 0 1 0 0 0 0 0 49 5 27 0 206 0 2 0 0 0 0 0 0 11 0 0 0 0 1 0 0 0 0 0 0 0 0 0 23 7 0 7 0 0 0 5 7 26 0 10 12 0 0 0 15 0 12 0 20 0 1 9 17 0 0 9 0 56 0 11 0 0 17 13 9 13 0 5 11 6 0 0 0 0 12 0 4 0 0 0 8 0 0 0 0 0 9 0 0 0 0 0 0 0 0 0 0 0 0 0 7 0 0 0 0 0 0 0 0 0 0 0 2 0 11 10 26 6 5 16 0 1 8 19 5 0 17 0 0 12 0 9 0 11 0 0 0 13 0 12 0 0 0 14 10 1 5 6 0 0 17 0 0 0 0 0 0 0 0 0 0 0 0 0 0 0 0 0 0 0 0 0 0 0 0 0 0 0 0 0 0 0 0 0 0 0 0 1 0 0 1 0 0 0 1 0 0 0 0 0 0 0 0 0 0 0 0 0 0 6 0 0 30 16 0 0 2 0 
 3 0 0 0 0 9 0 0 0 0 31 3 2 0 63 0 3 6 0 2 5 5 1 5 3 3 3 9 7 3 3 3 3 3 3 3 3 3 3 8 127 48 236 228 122 139 25 272 119 0 417 132 60 87 180 174 82 47 279 311 0 0 0 0 0 0 12 0 0 0 0 0 0 0 0 0 0 0 0 0 0 0 0 0 0 0 0 0 0 0 0 0 0 0 0 0 0 0 0 0 0 0 0 0 9 0 0 2 0 0 0 0 13 2 3 0 0 6 24 0 0 12 0 9 0 7 0 35 13 9 0 30 0 24 0 0 26 32 0 0 0 7 0 7 0 0 0 0 30 0 0 0 0 10 0 10 0 14 0 9 0 0 0 0 0 2 0 0 0 0 0 0 0 0 0 0 0 0 0 4 0 0 1 0 0 0 8 0 0 0 0 19 0 19 0 0 0 7 0 0 2 10 24 0 21 0 0 0 0 9 6 0 0 0 9 0 7 0 0 0 9 11 0 0 0 0 0 6 0 0 0 0 0 19 1 0 0 17 11 34 0 0 0 0 0 0 0 0 0 0 0 6 0 1 0 0 0 0 0 0 0 0 0 64 6 2 0 38 2 0 0 0 0 0 0 0 0 0 0 0 0 0 0 0 3 0 0 23 0 0 
 5 2 2 2 0 1 2 2 2 0 0 0 3 1 2 2 2 2 1 1 2 0 2 0 3 0 1 1 1 0 0 0 2 1 2 2 0 0 2 2 113 37 72 218 108 141 55 35 56 417 0 160 34 122 82 132 198 64 64 74 0 0 4 4 0 0 0 53 0 6 1 17 0 51 0 5 1 0 0 0 0 0 0 0 0 0 0 0 0 0 0 0 0 0 0 0 0 0 0 0 0 0 0 0 0 0 0 0 0 0 0 0 0 0 0 0 0 0 0 0 0 22 0 18 9 7 0 16 0 0 0 26 9 0 0 0 0 0 0 0 0 16 0 49 0 2 0 1 19 1 2 0 0 17 8 9 5 28 1 16 0 0 0 0 0 2 0 0 0 0 0 0 0 0 0 0 0 0 0 0 0 0 0 0 0 0 0 0 0 0 0 0 0 0 0 0 0 0 0 0 0 15 16 0 21 0 0 0 20 1 8 0 0 0 0 0 3 1 0 0 11 23 3 10 0 0 10 14 0 0 0 0 0 7 0 0 0 19 24 26 0 0 0 0 0 0 0 0 2 0 0 4 0 0 0 0 0 1 0 12 0 0 0 0 2 0 0 8 1 0 13 0 0 0 0 7 0 0 0 0 0 0 0 0 18 2 0 0 2 2 
 4 5 2 2 2 2 2 8 2 2 2 5 2 2 3 2 3 3 2 4 0 2 1 3 0 4 2 0 0 0 0 0 0 0 0 2 0 0 0 3 204 35 303 162 110 102 95 119 85 132 160 0 40 22 84 113 113 102 237 39 0 0 0 1 0 0 0 0 0 0 0 54 0 0 0 0 0 0 0 0 0 0 0 0 0 0 0 0 0 0 0 0 0 0 0 0 0 0 0 0 0 1 0 0 0 0 0 0 0 0 0 0 0 0 0 0 0 0 0 0 13 29 8 1 0 8 31 33 18 14 1 9 1 19 10 7 27 55 0 0 0 3 0 0 0 0 0 0 6 0 0 0 0 0 1 0 0 1 18 2 0 0 0 0 0 0 0 0 0 0 0 0 0 0 0 0 0 0 0 3 0 0 0 0 0 0 0 0 0 0 0 0 0 0 0 0 0 0 0 0 0 38 25 9 21 21 5 2 18 23 0 1 0 5 34 1 34 4 0 0 0 0 0 0 0 0 0 0 0 0 0 0 0 19 7 0 0 0 3 1 0 0 0 0 0 0 0 0 0 0 0 7 0 0 0 0 0 0 0 13 0 0 3 63 3 4 3 2 2 0 0 0 0 0 0 0 0 0 0 0 0 0 0 0 19 2 0 16 0 0 
 0 0 0 0 0 0 0 0 0 0 0 0 1 0 0 3 6 0 0 0 0 0 4 99 2 1 1 0 0 29 83 129 1 0 2 16 26 0 0 0 46 488 148 316 102 54 165 112 385 60 34 40 0 234 49 96 114 107 179 380 0 0 0 1 0 0 0 0 2 4 0 4 0 49 4 0 0 1 0 0 0 0 0 0 0 0 0 0 0 0 0 0 0 0 0 0 0 0 0 0 0 0 10 0 27 1 0 0 11 0 1 34 0 0 0 0 0 0 0 0 0 12 7 0 0 0 23 19 18 0 1 12 0 0 26 11 0 19 0 17 0 0 0 0 13 0 0 4 0 0 8 3 0 0 0 0 0 0 0 0 0 0 0 21 0 0 0 0 0 0 0 0 0 0 0 0 0 0 0 0 0 0 0 13 20 6 0 5 0 3 1 17 0 0 6 0 0 9 0 0 0 0 14 10 0 0 36 20 30 13 23 1 29 5 25 16 13 1 28 19 0 0 0 0 0 0 0 0 0 0 0 0 10 0 0 0 0 0 0 0 0 0 19 0 0 0 0 0 0 0 0 3 0 2 0 0 0 63 0 9 0 0 2 0 0 12 0 0 2 0 0 0 0 0 0 0 0 0 0 0 0 4 0 0 0 9 0 0 0 0 
 1 0 1 1 0 1 1 0 2 1 1 4 6 1 2 1 2 1 0 0 0 0 4 72 0 65 0 0 2 35 0 62 0 0 0 0 32 0 0 0 47 81 53 99 288 60 182 411 168 87 122 22 234 0 370 93 72 152 214 314 0 0 0 3 5 0 7 0 8 2 0 9 6 0 2 3 0 0 2 2 0 0 0 0 0 0 0 0 0 0 0 0 0 0 0 0 0 0 0 0 0 0 0 0 22 0 0 0 0 0 0 16 0 0 0 0 0 0 0 0 0 22 0 11 0 0 30 43 0 0 19 31 0 0 1 23 21 0 0 9 0 6 0 0 0 0 0 20 3 0 4 0 0 0 3 3 0 0 0 0 0 0 0 0 18 0 0 0 0 5 0 0 0 0 0 0 0 0 0 0 0 0 0 0 31 0 0 0 0 0 0 0 4 0 0 0 0 8 0 0 0 19 13 11 3 2 10 0 0 0 0 33 14 20 15 18 14 42 0 0 0 0 0 1 0 0 3 3 0 0 0 0 0 0 9 11 3 0 0 14 0 0 8 0 0 0 0 0 0 0 0 0 0 0 0 0 0 64 0 0 0 0 14 0 0 2 8 0 4 0 0 0 0 0 0 0 0 0 0 0 0 0 0 0 0 9 0 0 1 0 
 3 0 0 68 67 2 0 0 0 6 0 0 0 0 0 0 0 0 0 0 1 0 1 0 0 64 0 5 1 1 0 0 0 5 64 0 0 5 2 4 138 249 264 568 81 182 149 177 92 180 82 84 49 370 0 116 238 47 226 132 0 0 0 0 0 0 0 0 0 17 1 7 0 0 0 0 0 0 0 0 0 0 0 0 0 0 0 0 0 0 0 0 0 0 0 0 0 0 0 0 0 0 0 0 9 24 0 0 0 0 0 0 0 1 0 0 0 3 1 0 1 14 26 10 0 0 0 41 24 0 26 18 0 10 16 13 14 0 0 0 0 8 18 0 0 0 0 0 5 0 0 0 0 0 3 0 0 0 0 0 0 0 0 0 3 0 0 0 0 4 8 0 0 0 0 0 0 0 0 0 2 0 1 0 21 0 5 0 0 0 1 0 0 5 0 0 0 3 0 0 16 14 22 0 1 0 18 3 0 0 12 35 0 16 12 14 4 45 0 0 0 0 0 0 0 0 0 0 0 0 0 0 0 0 0 0 0 0 0 0 0 0 11 0 0 0 3 0 0 0 0 7 0 0 0 0 0 0 0 0 0 0 1 0 68 0 2 0 0 0 0 0 0 0 0 0 0 0 0 0 0 0 0 0 18 0 0 0 2 0 
 2 2 3 2 2 4 2 2 65 3 2 5 7 2 2 2 2 4 2 5 0 2 0 2 0 0 0 0 0 0 0 0 0 0 0 0 0 0 1 0 135 97 141 183 129 185 19 33 194 174 132 113 96 93 116 0 152 53 49 89 0 0 5 1 0 0 0 0 0 0 50 0 49 46 0 0 0 0 0 0 0 0 0 0 0 0 0 0 0 0 0 0 0 0 0 0 0 0 0 0 0 0 0 0 0 0 0 0 0 0 0 0 0 0 0 0 0 0 0 0 0 0 0 41 39 16 0 10 11 40 0 20 1 0 5 7 3 14 1 0 16 9 0 0 0 0 13 0 2 0 0 0 8 32 0 0 0 6 0 0 0 0 0 0 0 2 0 0 0 0 0 0 0 0 0 0 0 0 0 10 0 0 0 0 0 0 0 0 9 0 0 0 0 0 0 0 0 0 0 0 0 6 31 0 0 11 0 0 0 4 0 11 0 0 1 14 35 0 0 0 0 0 13 0 0 0 0 0 0 0 0 0 0 0 0 0 0 11 0 0 0 0 0 0 0 0 0 0 0 0 0 6 0 0 0 0 0 0 0 1 0 0 0 79 2 1 2 0 0 0 0 0 0 0 0 0 0 0 0 0 0 0 0 0 49 19 0 0 2 0 
 3 1 30 0 0 0 0 0 2 2 2 0 2 1 1 0 0 0 0 0 0 0 0 2 0 63 0 0 0 0 0 0 0 0 0 0 0 67 0 3 80 132 138 53 40 53 155 137 94 82 198 113 114 72 238 152 0 130 110 35 0 0 10 5 0 0 0 5 0 15 6 5 0 0 0 0 0 5 0 0 0 0 0 0 0 0 0 0 0 0 0 0 0 23 0 0 0 0 0 0 0 0 0 0 0 0 0 0 0 0 0 0 0 0 0 0 0 0 0 0 0 13 25 5 2 0 0 46 14 10 32 14 5 1 31 11 31 11 0 0 0 3 0 4 0 0 0 0 1 8 0 0 0 0 0 0 10 3 0 0 0 0 0 0 13 0 0 0 0 5 0 0 0 0 0 0 0 0 0 0 0 0 0 0 20 0 0 0 0 0 0 0 0 0 0 0 0 0 0 0 10 16 79 0 1 0 30 5 0 0 1 34 0 1 12 24 7 92 0 0 0 7 1 0 0 0 0 0 0 0 0 0 0 0 0 0 0 4 0 0 0 0 5 0 0 0 0 0 0 0 0 8 0 1 0 0 0 0 0 1 0 0 1 0 69 2 0 0 0 0 5 0 0 0 0 4 0 0 0 0 0 0 0 0 5 1 0 0 0 0 
 0 0 0 0 63 62 0 0 0 0 0 65 1 1 0 0 3 4 0 0 0 3 1 2 1 66 0 3 54 1 1 2 1 62 2 2 1 5 2 7 176 324 382 97 276 129 45 117 245 47 64 102 107 152 47 53 130 0 102 49 0 6 2 12 5 0 3 0 21 0 3 0 1 5 1 0 1 4 4 1 0 0 0 0 0 0 0 0 0 0 41 0 0 0 0 0 0 0 0 0 0 0 0 0 0 0 0 8 0 0 0 0 0 25 0 0 0 22 7 0 19 0 26 10 7 2 1 0 20 1 35 14 0 0 40 39 44 11 0 0 0 6 3 1 0 0 1 1 4 0 5 0 0 0 16 0 0 0 10 0 0 0 0 17 0 0 10 0 0 34 0 0 0 0 0 0 0 2 0 0 0 0 0 1 0 0 0 0 0 0 0 0 1 12 0 0 0 14 0 3 0 19 0 21 12 1 0 6 25 0 15 54 0 0 0 11 11 17 0 0 0 0 0 0 1 0 29 1 4 0 0 0 13 0 1 12 1 0 20 20 0 0 0 0 0 0 0 0 39 0 0 8 0 1 0 0 1 2 1 3 0 1 98 0 1 2 0 2 0 0 1 0 0 0 0 0 0 0 0 0 0 3 0 0 0 0 0 0 0 0 
 3 41 3 3 3 3 3 3 3 6 5 5 9 3 3 3 3 66 4 3 0 2 0 19 0 26 0 0 2 125 79 63 0 0 0 0 62 2 0 0 26 168 21 290 67 258 131 356 75 279 64 237 179 214 226 49 110 102 0 149 0 0 0 0 6 0 0 0 6 27 58 15 0 0 0 0 0 0 0 0 0 0 0 0 0 0 0 0 0 9 0 0 0 0 0 0 0 0 0 0 0 9 12 0 26 1 0 0 0 0 0 0 0 0 15 0 1 0 0 0 0 25 6 0 0 0 0 0 10 0 8 0 11 19 31 9 15 0 0 2 1 0 0 0 0 7 0 4 0 0 3 3 0 0 0 0 0 0 0 0 5 0 0 7 2 0 0 0 0 4 0 0 0 0 0 0 0 0 0 0 0 0 1 9 33 19 0 0 0 0 0 0 0 0 0 0 0 3 0 0 0 0 0 33 0 17 18 35 11 11 13 44 0 41 22 15 25 28 9 0 0 0 0 0 0 0 0 0 0 0 0 11 1 0 0 0 0 0 0 0 0 0 0 0 0 0 0 0 0 0 0 15 0 0 0 0 0 25 0 0 0 0 0 0 0 1 0 0 0 0 0 0 0 0 0 0 0 0 0 0 0 0 0 0 0 3 0 0 2 0 
 0 63 0 0 0 0 47 44 60 0 0 4 0 66 73 0 4 4 0 0 0 0 64 0 0 0 0 0 0 0 62 23 0 0 0 0 64 0 0 0 51 66 47 66 503 68 34 39 144 311 74 39 380 314 132 89 35 49 149 0 0 0 10 2 0 0 52 0 0 0 23 4 0 0 0 0 0 0 0 0 0 0 0 2 0 0 0 0 4 0 7 16 0 0 0 0 0 21 0 0 0 0 0 20 21 0 0 0 0 0 0 0 0 0 0 22 0 8 0 0 0 0 22 0 10 1 23 0 16 10 2 52 13 8 1 18 0 27 14 32 0 0 0 0 0 0 0 0 0 0 0 0 8 0 0 0 0 0 0 0 11 4 13 0 0 0 0 0 20 9 0 0 26 0 0 0 0 0 1 0 0 0 18 0 8 0 0 0 16 6 0 13 0 0 0 0 0 0 0 0 29 6 24 7 0 0 9 0 0 2 11 1 0 0 14 17 6 0 0 13 0 0 0 0 1 0 0 0 0 0 0 0 0 0 0 0 0 0 0 0 0 0 0 0 0 0 0 0 0 0 0 10 0 2 0 0 0 66 63 0 16 0 0 0 1 0 4 0 3 0 0 0 0 0 0 0 0 0 0 0 0 0 0 0 7 14 0 0 0 0 
 0 0 0 0 0 0 0 0 0 2 0 0 0 0 0 0 0 0 0 0 0 0 0 0 0 0 0 0 0 0 0 0 0 0 0 0 0 0 0 0 0 16 0 0 55 0 52 0 0 0 0 0 0 0 0 0 0 0 0 0 0 149 129 329 37 249 203 287 136 142 32 305 147 52 472 291 43 158 242 27 0 0 0 0 0 0 0 0 0 0 0 0 0 0 16 0 0 0 0 0 0 0 0 0 0 0 0 0 0 0 0 0 0 0 0 0 0 0 0 0 0 0 0 0 0 0 0 0 0 0 0 0 0 0 0 0 0 0 0 0 9 8 0 0 0 5 12 6 0 10 12 0 0 38 0 14 18 10 0 12 0 0 0 0 0 4 0 0 0 0 0 0 0 0 0 0 0 0 0 0 0 2 1 0 0 0 0 0 1 0 0 1 1 1 1 0 1 16 0 0 0 0 0 0 0 2 0 0 0 0 0 0 0 0 13 0 0 0 0 0 8 11 42 3 18 0 0 0 8 19 8 16 0 10 35 6 17 18 0 0 4 0 0 14 0 0 0 0 0 1 0 0 0 1 4 0 0 0 0 0 0 0 2 0 0 0 0 0 0 0 4 0 0 0 0 1 0 0 0 0 0 0 0 0 0 0 0 0 5 0 
