 0 84 73 57 30 40 95 70 28 45 56 134 150 192 116 129 41 260 97 152 0 2 2 2 0 0 3 0 0 0 4 0 0 0 4 2 0 0 0 2 3 2 0 6 0 0 0 0 0 1 0 0 0 4 0 0 3 0 0 0 0 0 3 0 3 2 0 4 0 33 32 0 0 0 0 0 0 3 2 0 32 33 36 13 0 0 0 19 14 15 2 0 56 21 24 58 8 0 63 14 0 0 0 0 0 6 0 0 0 0 0 0 0 0 0 0 0 0 0 0 0 1 0 2 0 0 0 0 1 0 0 0 0 0 0 0 2 0 0 0 0 0 0 0 0 2 0 0 0 0 0 0 0 0 0 5 0 0 0 0 13 0 28 19 0 0 18 1 0 14 5 15 0 0 1 13 16 19 2 0 0 0 0 0 0 0 0 0 0 0 0 0 0 0 0 2 0 0 8 0 0 0 0 17 0 0 0 0 0 0 0 0 0 0 0 0 0 0 0 15 0 0 0 0 0 0 0 0 0 0 0 0 0 0 0 0 1 0 0 0 0 0 0 0 0 1 1 0 3 0 0 3 0 0 0 0 0 0 0 0 0 0 0 0 0 0 0 0 0 1 0 0 0 0 0 10 0 0 0 0 0 0 0 0 0 0 0 0 0 0 
 84 0 235 251 29 28 215 185 247 228 112 143 163 263 58 56 44 121 265 324 0 0 1 2 1 0 3 1 0 0 6 0 0 1 0 0 0 0 0 3 0 0 0 0 0 0 0 0 5 0 0 0 0 0 0 0 3 0 0 5 0 0 3 36 3 2 0 3 2 0 0 0 0 0 0 0 0 4 2 0 24 20 36 45 0 15 0 8 27 0 11 44 21 48 31 32 45 17 12 1 0 2 0 0 0 0 0 0 0 0 0 0 0 0 0 0 0 1 0 3 0 0 0 0 0 0 0 0 0 0 0 0 0 0 0 0 0 0 0 0 0 0 0 0 0 0 0 0 0 0 0 0 9 0 0 0 0 0 0 0 55 9 13 0 10 7 24 43 14 11 6 15 14 4 0 33 0 57 26 18 0 0 0 0 0 0 0 1 0 0 0 0 2 0 0 0 0 0 0 0 0 0 0 0 0 0 0 0 0 0 0 0 0 0 0 0 0 2 0 0 0 0 0 0 0 0 1 0 0 0 0 0 0 0 0 0 0 0 0 0 0 12 0 0 0 1 5 0 3 1 1 5 0 0 0 0 0 0 0 0 0 0 4 0 0 0 0 0 0 0 0 0 0 0 0 1 0 0 0 0 0 0 0 0 0 0 0 0 0 0 
 73 235 0 82 38 35 164 199 168 53 469 113 65 235 153 297 124 355 17 132 0 0 3 2 0 0 3 0 0 0 2 0 0 0 0 1 0 0 0 2 0 0 64 2 0 0 0 0 0 0 0 0 0 1 0 0 2 0 0 0 0 0 28 0 2 2 0 3 1 1 0 0 0 0 0 0 0 3 3 0 10 13 20 20 13 1 10 12 1 0 10 20 23 11 13 20 0 9 24 1 0 0 1 0 0 2 0 0 0 0 0 0 0 0 0 0 0 0 0 0 0 0 0 44 0 0 0 0 0 0 0 0 0 0 0 0 0 0 0 0 14 0 0 0 0 0 0 0 0 0 0 0 1 0 0 0 0 0 0 0 0 16 37 6 0 0 0 23 14 14 0 25 20 0 9 7 12 3 18 29 0 0 0 0 0 0 0 0 0 0 0 0 0 0 0 0 0 0 2 12 0 0 0 0 0 0 0 0 0 0 2 2 0 0 0 0 0 0 0 0 0 0 0 0 0 0 0 0 0 0 0 0 0 0 0 0 0 0 0 2 0 0 0 0 0 0 0 2 0 0 4 4 0 0 0 0 0 0 0 0 0 0 0 0 0 0 0 0 0 0 0 0 0 0 0 14 0 0 0 0 0 0 0 0 0 0 0 0 0 0 
 57 251 82 0 70 159 99 83 185 366 250 142 75 102 182 67 59 305 91 165 18 0 2 2 0 0 3 73 0 0 6 0 75 28 0 0 0 0 0 3 0 0 3 9 0 0 0 0 0 0 0 0 0 0 0 0 33 0 0 67 0 0 3 0 3 2 0 3 2 0 0 0 0 0 0 0 32 3 2 5 0 18 0 7 2 10 0 20 13 9 0 0 0 19 22 0 20 33 0 0 14 0 0 0 0 0 14 11 0 0 0 0 2 0 9 0 0 0 0 25 0 0 0 0 0 0 0 0 0 0 0 0 0 0 0 0 0 0 0 0 0 0 0 0 0 0 0 0 0 0 0 0 0 0 1 0 0 0 0 0 19 2 0 1 33 4 3 15 6 14 16 10 0 2 0 31 18 12 0 0 0 0 0 0 0 0 15 0 0 0 0 0 10 0 17 11 0 0 12 0 0 0 0 0 0 0 0 0 0 0 0 0 0 0 0 0 0 0 0 0 0 0 0 0 0 0 0 0 0 0 0 0 0 0 0 0 0 0 0 0 0 0 0 0 0 0 0 2 91 3 9 0 0 0 0 0 0 0 0 0 12 0 0 0 0 0 0 0 0 0 0 0 0 0 0 0 0 0 0 0 0 0 0 0 0 0 0 0 0 0 
 30 29 38 70 0 229 46 176 149 158 103 46 99 308 206 82 53 333 122 106 80 0 2 2 0 0 3 81 0 77 2 0 201 3 22 76 3 86 78 153 0 0 3 0 4 2 0 0 0 0 0 3 0 2 0 0 3 4 0 0 0 3 4 2 9 2 0 3 2 0 0 0 0 4 0 0 0 3 4 0 0 0 60 3 24 1 0 0 11 43 18 0 0 0 0 0 19 0 0 0 24 0 0 0 0 0 79 58 0 0 0 0 57 8 0 7 14 0 24 0 0 0 0 12 0 0 0 7 0 0 0 0 0 0 0 0 0 0 0 0 0 0 0 0 0 0 0 0 0 0 0 0 0 0 0 0 0 0 0 0 15 15 0 23 17 37 0 0 0 9 36 0 0 0 0 0 0 4 0 0 23 0 0 0 0 0 10 1 13 0 0 0 56 14 19 22 3 0 20 104 0 0 0 0 0 0 0 0 0 7 0 0 0 0 0 0 0 0 0 0 0 0 0 0 0 0 0 0 0 0 0 0 0 0 0 0 0 0 0 0 0 0 0 0 0 0 0 0 106 45 62 13 11 0 0 0 0 0 0 0 0 13 0 0 0 0 0 0 0 0 0 0 0 0 0 0 12 0 0 0 0 0 0 0 0 0 0 0 0 0 
 40 28 35 159 229 0 29 32 146 142 45 159 119 39 52 522 131 78 274 315 138 74 3 2 0 0 95 61 1 74 2 0 368 159 160 0 0 2 33 76 0 0 0 22 0 0 0 0 0 0 0 0 0 1 0 0 39 0 0 0 0 0 3 0 13 2 0 3 0 0 1 0 0 0 0 0 0 3 2 0 0 0 0 24 41 11 0 0 8 47 9 0 0 0 0 0 0 6 0 0 19 0 0 0 0 0 35 23 0 0 0 0 8 16 12 44 0 0 33 21 0 4 0 0 0 0 0 0 0 0 0 0 0 0 0 0 0 0 0 0 0 0 0 0 0 0 0 0 0 0 0 0 0 0 0 0 0 3 0 0 0 0 0 33 13 25 0 2 0 16 21 0 0 0 0 0 0 0 0 0 14 0 0 0 0 1 36 0 0 0 0 0 23 0 39 11 17 0 29 11 0 0 0 0 0 0 0 0 0 6 0 0 0 0 0 0 0 0 0 0 0 0 0 0 0 0 1 0 0 0 0 0 0 0 0 5 0 0 0 0 0 0 0 0 0 1 0 1 95 82 18 33 31 0 0 0 0 0 0 0 1 5 0 0 0 0 0 0 0 0 0 0 0 0 0 0 0 0 0 0 0 0 0 0 0 0 0 0 0 0 
 95 215 164 99 46 29 0 257 136 165 34 47 296 182 67 217 58 225 139 161 0 0 6 2 0 0 36 0 0 1 2 0 0 0 0 0 0 0 0 2 0 76 0 0 0 0 0 0 0 0 0 0 0 0 0 0 3 0 0 0 0 0 9 4 3 2 0 3 2 0 0 0 0 0 0 0 0 3 2 0 0 41 0 51 0 0 53 41 0 12 0 0 13 0 1 0 20 13 17 15 0 0 0 0 0 18 0 0 0 0 0 0 1 0 0 0 0 0 0 0 0 0 0 0 0 0 0 0 0 0 0 0 12 0 0 0 0 0 0 0 0 0 0 0 0 0 0 0 0 0 0 0 0 0 0 0 0 0 0 0 3 0 46 0 0 0 3 31 14 17 0 27 22 12 38 6 25 10 17 21 0 0 1 0 0 0 0 0 0 0 0 0 0 0 0 0 0 0 0 0 0 0 0 0 0 0 0 0 0 0 0 0 0 0 0 11 0 0 0 42 0 0 0 0 0 0 0 0 0 0 0 0 0 0 0 0 0 0 0 0 0 0 0 0 0 5 0 0 2 1 0 5 0 0 0 0 0 0 0 0 1 0 0 0 0 0 0 0 0 0 0 0 0 0 0 19 0 0 0 0 0 0 0 0 0 0 0 0 0 0 
 70 185 199 83 176 32 257 0 159 130 84 45 129 103 140 144 88 171 65 140 0 0 2 2 0 0 5 0 0 0 2 3 74 0 0 204 0 0 2 91 0 0 0 0 0 0 0 0 6 0 0 0 0 0 0 0 3 0 0 0 0 0 11 0 3 2 0 3 1 0 0 0 0 0 0 0 0 3 2 0 0 14 80 1 0 16 20 12 0 14 17 0 10 21 0 10 16 0 18 1 1 0 0 0 0 0 0 0 0 0 0 0 12 0 0 0 0 0 0 0 0 0 0 10 0 0 0 0 0 0 0 0 0 0 0 3 0 0 0 4 0 0 0 0 0 1 0 0 0 0 0 0 0 0 0 0 0 0 0 0 5 34 34 25 0 0 0 51 13 13 14 28 31 13 13 6 0 3 1 8 44 0 0 0 0 0 0 0 0 0 0 0 14 0 0 1 0 0 0 6 0 12 0 0 0 4 0 0 0 0 14 0 0 0 0 0 0 0 0 20 0 0 0 0 0 0 0 0 0 0 0 0 0 0 0 0 0 0 0 0 0 15 0 0 0 0 3 0 89 32 7 11 0 0 0 0 0 0 0 0 0 0 5 0 0 0 0 0 0 2 0 0 0 0 0 14 23 0 0 0 0 0 0 0 0 0 0 0 0 0 
 28 247 168 185 149 146 136 159 0 152 133 32 118 370 88 142 48 96 103 492 80 0 71 2 0 0 3 6 0 0 2 0 77 4 0 3 0 0 150 2 0 0 11 0 0 0 0 0 4 0 0 0 0 0 0 0 3 0 0 0 0 0 3 0 9 2 0 3 0 0 6 0 0 4 0 0 0 3 4 0 15 35 1 30 8 14 0 44 0 14 31 10 25 42 16 25 2 40 1 0 0 10 2 0 0 0 16 13 0 0 0 0 21 7 0 0 0 0 12 9 0 0 0 0 0 21 0 1 18 0 0 0 0 0 0 0 0 0 0 0 0 0 0 0 0 3 0 0 0 13 0 0 2 0 0 0 0 0 0 0 1 23 0 26 0 13 20 48 17 29 14 19 0 9 0 24 14 13 0 28 0 0 0 0 0 0 0 0 0 0 0 0 14 0 12 0 0 0 16 15 0 0 0 0 0 29 0 14 0 0 1 0 0 0 0 0 0 0 0 0 0 4 0 0 0 0 0 0 0 0 15 0 6 0 0 0 0 0 0 0 0 0 0 0 0 0 49 0 1 3 0 83 13 0 1 0 1 0 0 0 0 9 8 0 0 0 0 0 0 0 0 0 0 0 0 21 0 2 0 0 0 0 0 0 0 0 0 0 0 0 
 45 228 53 366 158 142 165 130 152 0 169 80 46 106 344 362 367 126 289 360 72 0 3 2 0 0 3 1 0 1 2 0 35 99 0 1 0 2 7 76 0 0 0 9 1 0 0 0 3 0 0 0 0 1 0 0 65 0 0 0 0 0 3 0 2 2 0 3 2 0 29 0 2 0 0 0 0 3 3 0 0 20 1 7 1 38 0 26 14 23 0 0 15 20 32 0 55 19 0 0 0 0 0 0 0 0 0 5 0 0 0 0 2 0 8 2 0 0 0 15 0 0 0 0 0 3 0 0 0 10 0 0 0 0 0 0 0 0 9 0 1 0 0 0 0 0 0 0 0 0 0 0 0 0 0 10 0 0 0 0 16 2 0 34 24 1 3 4 5 5 27 12 0 0 0 25 61 57 0 0 0 0 0 0 0 0 11 1 0 0 0 0 45 0 2 0 0 0 23 1 0 0 0 0 0 0 0 0 0 0 0 0 0 1 0 0 0 0 2 0 1 0 0 0 0 0 0 0 0 0 0 0 0 0 1 0 0 0 0 0 0 0 0 0 0 0 11 0 49 1 9 6 0 0 0 0 0 0 0 0 0 0 0 0 2 0 0 0 0 0 0 0 0 0 50 0 10 17 0 0 0 0 0 0 0 0 0 0 0 0 
 56 112 469 250 103 45 34 84 133 169 0 360 30 224 79 238 138 141 61 269 74 0 7 2 0 0 3 0 1 2 4 0 0 79 0 0 0 0 1 153 0 0 0 2 0 1 0 0 0 0 0 0 0 0 0 0 3 0 0 0 0 0 3 0 3 2 0 3 0 40 29 0 0 0 0 0 0 3 2 0 27 2 107 0 0 18 0 13 24 25 1 37 18 35 31 33 23 3 0 1 5 0 0 0 0 0 0 0 0 0 0 1 1 0 29 0 0 0 1 12 0 0 0 12 0 0 0 0 0 0 0 0 0 0 0 0 0 0 0 0 0 1 0 0 0 0 2 0 0 0 0 0 0 0 0 6 0 0 0 0 31 39 0 28 8 0 0 0 20 0 15 38 1 0 0 20 35 39 0 0 20 0 0 0 2 0 25 0 0 0 0 0 36 0 1 0 0 2 0 11 0 0 0 0 0 0 0 0 0 0 0 0 0 0 0 0 0 0 0 0 0 0 0 0 0 0 0 0 0 0 0 0 0 11 0 0 0 0 0 0 0 0 0 0 2 0 1 0 1 52 1 8 0 0 0 0 0 0 0 0 0 0 0 0 0 0 0 0 0 0 0 0 0 0 0 0 9 0 0 0 0 0 0 0 0 0 0 0 0 0 
 134 143 113 142 46 159 47 45 32 80 360 0 29 250 390 374 253 115 41 446 0 0 1 2 0 2 3 1 0 0 2 0 1 0 1 0 0 0 0 165 0 0 0 0 3 0 0 0 0 0 0 0 0 0 0 0 66 0 0 1 0 0 3 0 3 2 0 53 0 0 31 0 0 1 0 0 0 3 2 0 27 11 29 6 15 27 0 10 15 25 1 0 18 55 14 9 9 0 0 40 23 0 0 0 0 0 1 0 0 0 0 0 0 0 0 20 0 0 0 26 0 0 0 0 0 0 0 1 0 0 0 0 0 0 0 0 0 0 0 2 0 0 0 0 0 8 0 0 0 0 0 0 0 0 1 6 0 0 0 0 9 4 0 21 10 0 0 0 0 1 2 12 0 0 0 0 14 0 0 0 19 0 0 0 0 0 37 27 0 0 0 0 36 0 1 0 0 0 33 7 0 0 0 0 0 0 0 2 14 0 0 0 2 0 0 0 0 0 0 0 7 2 0 0 0 0 0 0 0 0 0 0 0 0 0 0 2 0 0 0 0 0 0 0 0 1 58 0 5 3 2 13 0 0 0 0 0 0 0 0 0 0 0 0 0 0 0 0 0 0 0 0 0 0 0 0 11 27 0 1 0 0 0 0 0 2 0 0 0 0 
 150 163 65 75 99 119 296 129 118 46 30 29 0 341 81 46 149 27 263 442 0 0 3 2 2 2 4 0 0 0 7 0 0 0 0 1 0 0 0 2 0 0 0 0 0 0 0 0 1 1 0 0 0 1 0 0 2 25 0 0 0 0 3 0 3 2 0 3 1 1 0 0 0 0 0 0 0 3 2 0 0 0 0 20 14 0 20 0 19 30 17 0 33 27 7 18 16 0 37 11 0 0 0 0 0 0 0 0 0 0 0 0 0 0 0 2 0 0 0 2 0 0 0 0 0 2 1 0 0 0 0 0 0 0 0 0 0 0 0 0 0 0 0 0 0 0 0 0 0 0 0 0 0 0 2 0 13 0 0 0 17 0 9 12 0 0 62 17 15 15 0 18 0 43 15 1 14 8 0 0 0 0 0 0 0 0 0 0 0 0 0 0 0 0 0 0 0 0 0 0 0 0 0 0 0 0 0 0 0 0 0 0 0 0 0 0 0 0 0 14 0 0 0 0 0 0 0 1 0 0 0 0 0 0 0 0 0 0 1 1 0 0 0 0 0 0 2 0 2 0 0 6 0 0 0 0 0 0 0 0 0 0 0 0 0 0 0 0 0 0 0 0 0 0 0 0 0 0 0 0 0 0 0 0 0 0 0 0 0 0 
 192 263 235 102 308 39 182 103 370 106 224 250 341 0 201 411 152 34 182 403 0 0 4 2 0 0 3 0 0 0 2 0 2 33 0 0 0 0 0 3 0 0 0 0 0 0 0 0 0 0 0 0 0 0 0 0 5 0 0 0 0 0 3 0 3 2 0 3 2 0 0 0 0 0 0 0 1 3 2 0 32 11 18 28 23 0 20 0 30 33 44 46 23 19 17 37 0 25 0 23 0 0 0 0 0 0 0 0 0 0 0 10 0 0 0 0 0 0 0 15 0 2 0 2 0 0 0 0 0 0 6 0 0 0 0 0 0 0 0 0 0 0 0 0 0 0 0 2 0 0 0 0 0 0 0 0 0 0 0 0 0 10 0 11 0 0 19 34 35 48 24 8 0 52 16 67 26 23 14 17 0 0 0 0 0 0 0 0 0 0 0 0 0 2 0 2 0 0 0 0 0 0 0 0 2 0 0 0 0 0 0 0 0 0 0 0 0 0 12 0 0 0 5 0 0 0 0 0 0 0 9 0 0 0 0 0 0 0 0 0 0 0 0 0 0 2 2 0 0 0 0 7 0 0 0 0 0 0 0 0 0 0 1 0 0 0 0 0 0 0 0 0 0 0 0 11 0 0 0 0 0 0 0 0 0 0 0 0 0 0 
 116 58 153 182 206 52 67 140 88 344 79 390 81 201 0 85 319 163 72 155 2 0 3 2 0 2 6 0 5 2 5 2 79 0 0 2 3 0 0 3 0 0 7 0 12 0 0 0 0 6 4 2 2 3 0 0 7 0 0 9 0 0 3 0 3 2 0 3 1 2 32 8 0 0 0 6 48 3 2 0 0 8 28 8 14 51 0 10 30 36 0 0 0 7 1 17 30 7 0 0 0 0 0 0 0 0 0 9 0 0 0 0 19 0 0 0 0 0 14 3 0 0 0 21 0 0 0 0 0 1 0 0 0 0 0 0 0 0 0 0 0 0 0 0 0 0 11 0 0 0 0 0 0 0 0 5 0 0 0 0 32 28 0 35 11 15 0 12 11 0 29 4 0 0 0 18 24 1 0 0 0 0 0 0 0 0 0 8 0 0 0 0 1 0 0 0 0 0 25 8 0 0 1 0 0 0 0 0 0 0 0 0 0 0 0 0 0 0 0 0 0 0 0 0 0 0 0 0 0 0 0 0 0 0 0 0 0 0 0 0 0 6 0 0 0 2 10 0 90 0 7 9 9 0 0 0 0 0 0 0 0 0 0 0 0 0 0 0 0 0 0 0 0 0 0 0 16 17 0 0 0 0 0 0 0 0 0 0 0 0 
 129 56 297 67 82 522 217 144 142 362 238 374 46 411 85 0 442 214 540 182 0 0 1 2 0 0 3 1 0 0 2 0 0 2 3 1 0 0 0 98 0 0 0 0 65 0 0 0 0 0 0 1 0 0 0 0 3 0 0 0 0 0 5 0 3 2 0 3 0 0 0 0 0 0 0 0 0 3 2 0 10 8 33 70 1 12 13 13 31 11 0 23 39 16 9 36 0 14 9 20 37 0 0 0 0 0 0 0 0 0 0 0 0 0 0 0 0 0 0 0 0 0 1 11 0 0 0 0 0 0 0 0 0 0 0 0 0 0 0 0 0 0 0 0 0 0 0 0 0 0 0 0 0 0 0 1 0 0 0 0 2 16 0 5 2 0 0 12 11 4 2 6 14 0 15 25 33 22 15 22 19 0 0 0 0 0 31 0 0 0 0 2 20 0 0 0 0 0 30 12 0 0 0 2 0 0 0 0 0 0 0 0 0 0 0 0 0 0 0 0 0 1 16 0 0 0 0 0 0 0 0 0 0 0 0 0 1 0 0 0 0 0 0 0 0 1 2 0 2 1 0 5 0 0 0 0 0 0 0 0 0 0 0 0 0 0 0 0 0 0 0 0 0 0 0 12 10 0 0 0 0 0 0 0 0 1 0 0 0 0 
 41 44 124 59 53 131 58 88 48 367 138 253 149 152 319 442 0 138 26 225 0 3 6 2 2 0 3 0 3 1 4 0 74 0 3 3 3 3 2 77 0 0 0 4 10 0 0 0 3 3 0 0 2 2 0 0 1 5 0 3 0 1 6 0 5 5 0 5 1 2 33 2 0 2 1 4 2 4 3 1 15 39 33 10 10 19 0 13 22 24 14 0 10 0 8 11 22 0 0 11 0 0 0 0 0 0 0 0 0 0 0 0 0 0 0 0 2 0 0 0 0 0 0 10 0 0 0 0 0 0 43 0 0 0 0 0 0 0 0 0 0 0 0 0 2 0 0 0 0 5 0 0 0 0 0 6 0 0 0 0 16 10 0 33 1 0 0 0 0 0 26 0 0 17 4 0 15 0 2 0 0 0 0 0 0 0 31 11 2 2 0 0 10 0 0 0 0 0 38 12 0 0 0 0 0 0 20 0 0 0 0 0 0 0 0 0 0 0 0 1 0 0 0 0 0 0 0 0 0 0 0 0 0 0 0 0 0 0 0 0 0 0 0 0 0 0 12 0 86 2 12 12 0 0 0 0 1 0 0 0 0 0 0 0 4 0 0 0 0 0 0 0 1 0 0 48 2 20 0 0 0 0 0 0 0 0 0 0 0 0 
 260 121 355 305 333 78 225 171 96 126 141 115 27 34 163 214 138 0 45 46 76 0 2 7 0 0 3 3 0 0 2 0 0 72 0 1 0 0 0 77 0 0 3 2 0 0 0 0 0 0 0 2 2 0 0 0 3 0 0 0 0 3 3 0 3 2 0 3 1 0 39 0 0 0 3 0 0 3 2 0 14 21 16 14 0 54 0 70 21 14 0 0 23 0 23 19 20 39 0 0 11 0 0 0 0 0 0 11 0 0 10 0 23 0 24 0 14 0 14 0 0 0 0 6 0 0 0 0 0 0 0 0 0 0 0 0 0 0 0 0 0 0 0 0 0 0 0 0 0 0 0 0 0 0 0 6 0 0 0 0 39 30 0 40 13 17 4 7 24 5 17 0 0 0 0 67 47 6 0 0 0 0 0 0 0 0 11 0 0 0 0 0 6 0 1 0 0 0 15 6 0 0 0 0 0 0 0 0 0 0 0 0 0 0 0 0 0 0 0 17 0 0 0 0 0 0 0 0 0 0 0 0 0 0 0 0 0 0 0 0 0 13 0 0 0 0 11 0 3 2 3 0 13 0 0 0 0 0 0 0 0 0 0 0 0 2 0 0 0 0 0 0 0 0 0 2 48 24 0 0 0 0 0 0 0 0 0 0 0 0 
 97 265 17 91 122 274 139 65 103 289 61 41 263 182 72 540 26 45 0 444 0 0 3 60 0 0 3 0 0 148 38 0 0 0 0 0 0 0 0 2 0 0 0 0 0 0 0 0 0 0 0 0 0 0 3 0 3 0 0 0 0 0 3 0 3 2 0 3 1 37 0 0 0 5 0 0 0 3 2 0 14 11 20 0 0 0 42 13 1 19 1 0 0 7 58 16 0 0 19 11 0 0 0 0 0 0 0 0 0 0 0 0 0 0 0 0 0 0 0 0 0 0 0 0 0 0 0 6 0 0 0 0 0 0 0 0 0 0 0 0 0 0 0 0 0 0 0 0 0 0 0 0 0 0 0 0 0 0 0 0 11 7 14 0 0 0 14 9 26 0 0 6 0 53 21 0 11 21 11 0 0 0 0 0 0 0 0 0 0 0 0 0 0 0 0 0 0 0 0 0 0 0 0 0 0 0 0 0 0 0 0 0 0 0 0 0 0 0 9 0 0 0 0 0 0 0 0 0 0 0 0 0 0 0 0 0 0 0 0 0 0 0 0 0 0 4 2 0 2 0 0 0 0 0 0 0 0 0 0 0 0 0 0 0 0 0 0 0 0 0 0 0 0 0 0 0 0 0 0 0 0 0 0 0 0 0 0 0 0 0 
 152 324 132 165 106 315 161 140 492 360 269 446 442 403 155 182 225 46 444 0 0 0 6 2 0 37 3 203 0 33 2 0 2 0 0 2 0 2 1 6 0 0 0 2 0 0 0 0 0 1 1 0 0 0 0 0 3 0 0 0 0 0 4 0 3 2 0 3 0 0 0 0 0 0 0 0 0 3 7 0 26 14 16 7 1 0 1 13 0 1 41 18 14 19 29 41 0 36 15 23 0 0 0 0 0 0 0 0 0 0 0 1 0 0 0 0 0 0 0 10 0 0 0 0 15 0 0 0 0 0 0 0 0 0 0 20 0 0 0 0 0 0 1 0 0 0 0 0 0 0 0 0 0 0 0 0 0 0 0 0 0 14 0 7 0 0 28 36 33 15 0 20 1 22 15 25 30 7 0 5 0 0 0 0 0 1 0 0 0 0 0 0 0 0 0 0 0 0 0 1 0 0 0 0 0 10 0 0 0 0 0 0 0 0 0 0 0 0 0 0 0 0 0 0 0 0 1 0 0 0 0 0 0 0 0 0 0 0 0 0 0 0 0 0 0 4 89 0 3 3 2 8 0 0 0 0 0 0 2 0 0 0 10 0 1 0 0 0 0 0 0 0 0 0 0 0 0 0 0 0 0 0 0 0 0 0 0 2 0 0 
 0 0 0 18 80 138 0 0 80 72 74 0 0 0 2 0 0 76 0 0 0 211 265 79 52 38 167 226 102 334 611 260 286 65 61 144 143 111 514 81 0 0 0 3 0 0 60 0 0 2 0 0 0 2 0 0 3 0 0 1 4 0 3 0 5 0 3 0 0 3 1 0 2 2 0 0 0 0 18 0 0 0 0 14 8 0 15 0 0 7 11 0 0 0 0 0 0 9 0 0 16 27 17 22 12 3 28 13 21 14 0 0 25 8 33 31 11 30 0 1 0 16 0 0 2 1 0 0 2 0 0 0 9 0 0 0 0 2 0 13 0 0 0 1 0 13 0 0 8 0 0 16 0 0 0 0 0 0 0 0 0 0 0 15 23 14 0 11 0 13 1 0 0 0 0 0 0 0 0 0 20 12 30 17 9 11 0 11 35 24 15 28 0 30 32 17 40 15 0 11 0 0 0 0 0 0 1 0 13 0 0 0 0 0 16 0 0 0 0 0 0 0 0 2 13 0 0 0 0 0 1 0 0 0 0 0 0 2 0 0 0 0 0 0 0 0 0 0 0 74 0 0 2 0 6 0 1 80 0 0 0 1 0 0 0 0 0 0 0 0 0 0 0 0 0 0 0 0 0 0 0 20 0 0 0 11 0 0 0 0 
 2 0 0 0 0 74 0 0 0 0 0 0 0 0 0 0 3 0 0 0 211 0 126 147 68 115 273 153 82 312 261 198 105 42 197 132 220 186 253 41 0 0 2 0 0 0 0 0 0 2 0 0 12 2 64 0 4 2 0 1 3 0 3 3 2 7 54 0 0 1 1 0 2 2 2 0 0 0 0 0 0 0 0 0 7 2 0 0 0 0 0 0 0 0 0 0 0 0 0 0 7 10 10 46 9 12 14 0 0 17 1 0 14 24 0 2 48 24 11 29 0 0 0 0 0 0 0 0 0 0 0 0 10 8 0 0 0 0 0 4 12 0 0 0 0 0 0 0 0 0 0 24 0 0 0 2 0 1 0 0 0 0 0 0 0 7 0 0 0 0 0 0 0 0 0 0 0 0 0 0 16 33 10 0 30 11 0 7 44 14 17 14 0 38 19 64 25 20 0 0 0 0 0 0 0 0 0 0 0 0 1 0 17 0 2 0 2 0 10 1 1 0 0 0 0 0 0 0 0 0 0 0 0 0 0 0 1 0 22 0 0 0 0 0 0 2 0 2 0 0 0 0 0 0 3 0 2 2 2 0 6 0 0 0 2 0 0 0 0 0 0 0 0 0 0 0 0 0 0 0 0 1 0 0 0 0 21 0 0 0 
 2 1 3 2 2 3 6 2 71 3 7 1 3 4 3 1 6 2 3 6 265 126 0 308 65 99 287 140 331 71 287 255 96 163 44 192 93 507 320 318 0 0 0 0 0 0 0 0 0 2 0 1 0 2 0 0 5 0 63 67 3 1 3 0 1 3 3 0 0 2 1 0 2 2 0 0 0 0 0 0 0 0 0 0 0 0 0 0 0 0 0 0 0 0 0 0 0 20 0 0 0 10 11 41 19 14 21 17 15 51 29 22 19 38 12 40 0 0 0 11 16 0 0 2 0 0 16 0 0 0 0 0 3 0 0 3 1 0 1 17 0 1 2 0 2 1 0 0 6 0 0 6 0 0 9 0 0 0 0 0 0 0 0 0 0 9 0 0 0 2 0 0 0 0 0 0 0 0 0 0 18 22 28 47 25 1 0 0 0 5 11 38 0 0 9 9 19 42 0 0 0 0 1 0 0 0 14 29 2 0 0 0 23 10 0 0 0 0 0 5 0 0 0 0 0 0 0 0 0 1 16 0 0 0 0 0 0 0 0 2 0 0 17 0 0 0 0 0 10 0 0 0 0 0 1 0 0 153 8 0 11 0 0 0 0 0 0 0 0 0 0 0 0 0 0 0 0 0 0 0 0 0 0 0 0 15 0 0 0 0 
 2 2 2 2 2 2 2 2 2 2 2 2 2 2 2 2 2 7 60 2 79 147 308 0 216 247 104 81 168 181 180 47 70 84 66 118 272 57 63 134 0 0 1 0 2 0 0 1 0 77 2 0 71 2 0 0 5 0 123 34 3 2 3 0 2 2 3 0 0 4 7 2 2 2 0 0 3 0 0 0 0 0 0 0 0 0 0 0 0 0 0 0 0 0 0 0 0 0 0 0 0 0 14 61 35 0 9 0 22 6 50 33 0 1 0 0 30 1 0 1 14 0 0 0 0 0 28 25 30 0 0 0 0 10 1 6 12 0 21 25 0 9 0 0 0 0 7 0 0 0 0 0 0 0 0 0 0 0 0 0 0 0 0 0 0 0 0 0 0 0 0 0 16 0 0 0 0 0 0 0 0 0 0 58 1 7 0 2 15 23 15 11 1 0 0 0 10 70 0 0 35 15 8 1 0 0 50 17 12 0 0 0 50 12 13 0 12 0 22 14 0 6 0 0 0 0 0 0 1 0 0 0 0 0 0 0 0 0 0 0 0 0 51 0 0 0 0 0 0 0 0 0 0 0 4 0 0 3 2 0 2 0 0 0 0 2 2 0 0 0 0 0 0 13 0 0 0 0 0 0 0 0 0 0 0 0 0 0 0 0 
 0 1 0 0 0 0 0 0 0 0 0 0 2 0 0 0 2 0 0 0 52 68 65 216 0 70 189 66 135 251 488 119 82 67 272 220 418 68 47 83 0 0 0 0 0 3 0 1 0 2 0 3 3 2 1 7 3 1 52 1 3 0 3 3 1 0 3 2 0 3 0 0 12 2 0 0 0 0 0 0 0 0 0 0 0 0 0 0 0 0 0 0 0 0 0 0 0 0 0 0 0 16 11 2 36 27 0 0 16 17 19 15 0 17 0 0 33 52 0 13 0 0 0 0 2 0 0 20 0 0 0 0 0 16 0 0 0 2 14 4 0 0 0 11 0 0 0 0 0 0 0 0 3 0 0 0 0 0 0 0 0 0 0 0 0 0 0 0 0 0 0 0 6 1 0 0 0 0 0 0 14 27 10 48 50 28 0 0 21 26 29 11 0 14 0 10 1 10 0 0 20 0 0 0 0 0 2 7 42 0 0 0 18 0 19 10 2 0 10 5 0 0 0 2 0 0 0 0 0 0 1 0 0 0 0 0 0 2 0 0 0 0 0 0 0 0 0 0 0 0 0 0 0 0 0 0 2 1 85 2 1 0 0 0 0 0 0 0 0 0 0 0 0 0 0 0 0 0 0 0 0 11 0 0 0 0 23 0 0 0 
 0 0 0 0 0 0 0 0 0 0 0 2 2 0 2 0 0 0 0 37 38 115 99 247 70 0 29 18 43 129 172 63 43 49 49 366 42 292 45 45 63 62 62 66 0 0 5 97 2 4 0 0 89 5 0 57 6 0 92 90 3 1 3 0 6 0 4 0 0 2 0 1 6 4 0 0 0 0 0 0 0 0 0 0 0 0 0 0 0 0 0 0 2 0 0 0 0 0 0 0 0 0 8 0 44 0 0 0 0 4 12 2 2 0 0 0 17 6 0 0 13 9 2 0 0 15 8 3 14 3 13 0 0 9 18 15 12 0 1 32 0 0 0 0 0 0 0 3 0 0 0 0 0 0 9 0 0 0 9 1 0 2 0 0 0 3 0 0 0 0 0 0 0 0 0 0 0 0 0 6 0 0 14 23 10 0 0 8 8 8 9 1 0 12 0 28 7 30 0 0 31 10 18 33 0 0 12 18 18 11 9 0 0 1 50 11 0 12 30 25 0 0 0 0 0 0 0 0 0 0 0 0 0 0 0 0 0 0 9 4 0 0 0 0 0 3 0 0 0 0 0 0 0 0 10 0 1 5 0 2 2 1 2 0 0 0 0 0 0 0 18 0 0 0 0 0 0 1 0 0 0 0 2 0 12 0 0 0 0 0 
 3 3 3 3 3 95 36 5 3 3 3 3 4 3 6 3 3 3 3 3 167 273 287 104 189 29 0 98 138 332 47 124 235 163 263 216 124 88 230 215 0 0 0 0 0 0 1 0 0 2 0 0 0 2 0 8 3 0 0 1 3 0 3 17 1 50 3 0 0 2 1 0 2 2 0 0 0 0 0 0 0 0 0 0 10 9 0 0 0 0 0 20 0 0 0 0 0 0 0 0 19 50 8 32 0 15 38 12 46 9 0 0 17 27 13 0 0 43 31 12 0 0 0 0 0 0 0 0 0 0 0 0 0 10 0 0 0 0 1 0 0 0 0 0 0 0 0 0 0 1 0 0 0 0 0 0 0 4 0 0 3 0 0 3 0 36 0 1 0 0 0 0 0 0 0 0 0 0 0 0 13 22 19 0 24 8 20 1 12 30 32 28 1 21 19 12 74 1 11 0 0 1 0 1 0 0 0 0 0 6 0 0 0 0 0 0 0 0 0 1 0 0 0 0 0 0 0 0 1 0 0 0 0 0 0 0 0 0 0 47 0 0 0 0 0 0 0 0 0 0 0 0 0 0 1 0 0 80 31 0 3 0 0 0 0 0 0 0 0 0 0 0 0 0 0 0 0 0 0 0 0 10 0 0 0 19 4 0 0 0 
 0 1 0 73 81 61 0 0 6 1 0 1 0 0 0 1 0 3 0 203 226 153 140 81 66 18 98 0 190 49 134 245 186 279 147 264 48 142 138 75 0 0 0 2 3 0 0 0 0 2 0 0 0 2 0 0 3 0 0 0 3 0 3 0 2 0 3 0 0 0 3 0 2 2 12 0 0 51 6 0 0 0 0 0 12 1 0 0 0 0 0 0 0 0 0 0 0 12 0 0 9 1 9 12 14 46 13 30 0 15 0 15 0 13 19 41 0 13 10 7 0 0 0 0 0 0 0 0 0 0 0 0 19 0 0 0 0 0 12 8 0 0 0 0 0 0 0 0 20 0 0 5 0 0 0 0 0 0 0 0 0 0 0 1 8 38 0 0 0 0 0 0 0 0 0 0 0 0 0 0 29 31 6 13 9 25 1 0 36 24 8 6 4 0 13 16 10 17 0 0 0 0 0 0 0 0 0 0 0 0 0 0 20 0 0 0 0 0 0 0 0 2 0 0 0 0 0 0 0 0 0 0 0 0 0 0 0 0 0 0 0 0 0 0 0 0 0 0 0 74 0 0 0 0 6 0 0 2 2 4 11 0 0 0 0 0 27 0 0 0 0 0 0 0 0 21 0 0 0 0 0 0 0 0 0 0 0 0 0 0 
 0 0 0 0 0 1 0 0 0 0 1 0 0 0 5 0 3 0 0 0 102 82 331 168 135 43 138 190 0 461 59 393 138 90 160 299 232 340 60 142 0 6 0 3 0 0 4 0 4 11 3 59 0 2 0 6 9 0 0 5 3 0 3 4 2 0 3 0 65 4 0 2 2 2 0 0 5 0 0 0 0 0 0 0 0 0 0 0 0 0 0 0 0 0 6 0 0 0 0 0 9 6 36 10 10 0 12 8 56 45 2 8 0 42 31 72 13 7 0 10 0 0 0 0 0 0 7 0 0 0 0 0 18 2 0 0 0 0 23 33 0 1 0 0 0 0 0 0 4 0 0 3 0 0 0 0 0 0 0 0 0 0 0 15 0 0 0 0 0 0 0 0 0 0 0 0 0 0 0 0 12 47 10 0 24 33 13 11 59 31 6 10 14 0 0 12 10 68 20 0 0 0 0 0 0 0 0 0 0 0 0 0 9 0 0 0 0 0 0 0 0 0 0 0 0 0 0 0 0 0 0 0 0 0 0 0 0 0 0 0 0 0 0 0 0 0 0 0 0 0 0 0 0 0 0 2 0 40 79 0 14 2 1 0 0 0 0 0 2 0 0 0 0 0 0 0 0 0 0 0 0 19 0 0 0 0 0 0 0 0 
 0 0 0 0 77 74 1 0 0 1 2 0 0 0 2 0 1 0 148 33 334 312 71 181 251 129 332 49 461 0 75 415 96 307 213 193 38 125 77 159 0 0 0 1 2 3 0 0 0 10 0 4 0 4 0 6 3 0 64 0 3 0 3 8 2 0 3 0 0 1 1 0 8 2 3 62 0 0 0 0 0 0 0 0 10 0 0 0 0 0 0 0 0 0 0 0 0 0 0 0 6 2 12 12 0 20 12 0 45 25 7 1 0 18 15 0 10 22 0 12 1 0 0 0 0 0 1 31 0 0 0 0 1 10 0 0 0 0 8 12 5 0 0 0 0 0 0 6 0 0 0 2 0 2 0 0 0 1 0 0 0 0 0 0 0 9 0 0 0 0 0 0 1 0 0 0 0 0 0 0 12 11 19 20 22 0 14 10 25 40 19 30 0 34 1 26 36 29 0 0 0 0 0 0 0 0 12 15 0 0 0 0 30 0 8 0 0 0 0 0 1 1 0 0 0 0 0 1 0 0 0 0 0 0 0 0 0 0 0 0 0 0 0 0 0 0 0 0 0 0 0 0 0 0 2 0 0 4 2 0 9 1 0 0 0 0 0 0 0 0 0 0 0 0 0 0 0 0 0 0 0 0 0 0 0 0 1 0 0 0 
 4 6 2 6 2 2 2 2 2 2 4 2 7 2 5 2 4 2 38 2 611 261 287 180 488 172 47 134 59 75 0 210 241 241 66 149 235 39 126 134 0 0 5 0 209 0 0 0 0 2 0 2 66 2 0 0 5 0 92 29 3 11 3 0 1 0 3 0 0 2 0 0 2 2 0 0 0 0 0 0 0 0 0 0 0 2 0 0 0 0 0 0 0 0 0 0 0 0 0 0 13 0 2 29 82 33 2 0 23 1 27 33 0 0 22 1 19 26 0 0 32 0 0 0 0 0 25 0 0 0 0 0 6 9 1 6 12 0 1 30 0 0 0 2 0 0 0 0 4 0 0 1 13 0 0 2 0 0 0 2 0 0 0 0 0 1 0 0 0 0 0 0 2 0 0 0 0 0 0 0 11 2 20 44 13 11 0 9 9 26 38 22 1 13 10 0 0 35 0 0 14 0 8 0 0 0 26 0 1 0 0 0 37 13 6 0 0 0 0 6 0 0 0 0 0 0 0 0 0 0 0 0 0 0 0 0 0 0 0 0 0 0 14 0 0 2 0 0 0 2 0 0 0 0 26 0 2 79 0 3 5 2 0 0 0 0 0 2 0 0 0 0 0 0 0 0 0 2 0 0 0 0 0 0 0 14 0 0 0 0 
 0 0 0 0 0 0 0 3 0 0 0 0 0 0 2 0 0 0 0 0 260 198 255 47 119 63 124 245 393 415 210 0 49 38 109 307 203 102 50 37 0 0 1 0 0 0 0 2 0 2 0 5 0 3 0 0 8 0 62 23 3 0 3 13 0 0 3 0 0 5 0 0 2 2 0 0 0 0 0 0 0 0 0 0 0 0 0 0 0 0 0 0 0 0 0 0 0 0 0 0 29 0 19 36 20 16 0 0 12 5 11 9 0 7 10 0 21 7 0 0 12 0 0 0 0 0 0 38 19 0 0 0 15 0 0 0 0 0 6 10 0 12 0 0 0 0 8 0 0 1 0 0 0 0 0 0 0 1 0 0 0 0 0 0 0 5 0 0 0 0 0 0 0 0 0 0 0 0 0 0 17 17 10 45 8 0 11 21 34 40 21 0 1 26 0 19 15 34 0 0 17 15 0 0 0 0 1 15 12 0 0 0 18 23 19 0 12 0 1 6 0 0 0 0 0 0 0 0 1 0 0 0 0 0 0 0 0 0 0 0 0 0 0 0 0 0 0 0 0 2 0 0 0 0 15 6 1 2 0 0 8 0 0 0 0 0 0 0 0 0 0 0 0 0 0 0 0 0 0 0 0 0 1 0 2 0 0 0 0 0 
 0 0 0 75 201 368 0 74 77 35 0 1 0 2 79 0 74 0 0 2 286 105 96 70 82 43 235 186 138 96 241 49 0 143 206 112 19 133 225 65 0 0 0 0 0 0 0 0 0 2 0 0 0 2 0 0 74 0 0 1 3 0 3 0 5 18 3 0 0 2 1 0 3 2 0 0 0 0 8 0 1 0 2 13 35 19 0 0 9 11 12 12 0 0 0 0 0 9 0 0 27 15 0 0 0 0 109 12 0 0 9 0 42 0 0 4 0 0 14 3 0 0 0 0 0 0 0 0 0 0 0 12 0 0 0 0 0 0 0 0 0 0 0 0 0 0 0 0 0 0 0 0 0 0 0 12 0 3 0 0 0 0 0 31 26 19 1 0 8 13 32 0 0 0 0 0 0 4 0 0 2 0 1 0 1 0 2 0 0 0 0 1 22 0 58 36 31 0 26 12 0 0 0 0 0 0 0 0 0 0 0 0 0 0 0 0 0 0 0 0 0 0 0 0 0 0 0 0 0 0 0 0 0 0 0 0 0 0 0 0 0 0 0 0 0 0 0 0 24 74 5 0 2 0 14 0 0 1 0 0 0 0 0 0 0 1 0 0 0 0 0 0 0 0 0 0 17 0 0 0 0 1 0 0 0 0 0 11 0 0 
 0 1 0 28 3 159 0 0 4 99 79 0 0 33 0 2 0 72 0 0 65 42 163 84 67 49 163 279 90 307 241 38 143 0 188 95 38 66 199 207 0 0 0 29 0 0 0 0 0 2 0 2 0 2 0 0 4 0 0 0 3 0 3 0 3 0 3 0 0 0 1 0 3 2 0 0 0 0 0 0 0 0 0 0 1 10 0 0 0 0 0 14 0 0 0 2 0 13 0 0 19 56 1 0 0 0 52 26 0 0 0 0 19 38 8 10 11 6 30 1 0 0 0 0 0 0 0 0 0 0 0 0 0 0 0 0 0 0 0 0 0 0 0 0 0 2 0 1 0 2 0 0 0 0 0 0 0 0 0 0 0 13 1 3 20 3 7 0 0 0 0 0 20 2 0 0 0 2 0 0 0 0 0 0 2 0 1 13 48 0 0 8 77 15 34 14 20 0 33 0 0 0 0 0 0 0 0 0 0 0 0 2 0 0 0 1 0 0 0 0 0 0 0 0 0 0 0 0 0 0 0 0 0 0 0 0 0 0 0 0 0 0 0 0 0 0 0 0 0 0 0 0 0 0 130 2 0 1 0 0 4 0 0 0 0 0 27 0 0 0 0 0 0 0 0 1 0 0 0 14 0 0 0 0 0 0 0 0 0 0 
 4 0 0 0 22 160 0 0 0 0 0 1 0 0 0 3 3 0 0 0 61 197 44 66 272 49 263 147 160 213 66 109 206 188 0 245 53 263 194 215 5 5 3 0 0 0 0 0 0 6 0 0 0 2 0 0 4 0 0 1 3 1 3 7 1 0 3 0 0 2 0 0 5 2 0 0 0 0 1 0 0 0 0 0 17 9 0 0 0 0 0 10 0 0 0 0 0 1 0 0 22 31 11 0 0 0 87 37 21 10 0 10 37 48 22 35 7 26 25 0 0 0 0 0 0 0 2 0 0 0 0 0 0 0 0 3 0 0 0 10 0 0 0 0 0 0 0 0 0 0 0 0 0 0 0 0 0 0 0 0 0 0 0 19 14 35 0 0 0 0 0 0 0 0 0 0 28 0 0 0 3 2 0 0 0 0 28 24 13 0 0 0 13 0 19 37 6 0 26 0 0 0 0 5 0 0 0 0 0 0 0 0 0 0 0 0 0 22 14 0 0 0 0 0 0 0 0 0 0 0 0 0 0 1 0 0 0 0 0 0 0 0 0 0 0 0 0 0 0 0 0 0 0 0 5 0 5 75 1 2 2 2 0 0 0 0 1 0 0 0 0 0 0 0 0 0 0 0 0 35 0 11 0 0 0 0 0 0 0 0 
 2 0 1 0 76 0 0 204 3 1 0 0 1 0 2 1 3 1 0 2 144 132 192 118 220 366 216 264 299 193 149 307 112 95 245 0 239 107 166 78 0 0 0 1 0 0 0 0 0 2 0 1 9 2 0 1 4 0 63 0 3 4 57 3 3 0 3 0 0 0 0 0 2 2 2 0 0 0 2 0 0 0 0 0 18 0 0 0 0 0 0 0 0 0 0 0 0 0 0 0 0 48 0 22 17 23 6 13 11 17 21 21 24 12 0 18 85 12 27 0 0 0 0 0 0 0 0 11 0 0 0 0 0 7 0 0 0 0 7 0 0 2 0 6 0 0 0 0 0 0 0 0 0 10 0 0 0 0 0 0 0 0 0 0 0 36 0 14 0 0 0 0 2 0 0 0 0 0 0 0 25 14 7 23 50 15 0 12 8 23 38 23 0 25 0 19 15 6 0 0 11 0 0 0 0 0 12 0 28 0 0 0 22 0 6 0 0 0 9 2 0 2 0 0 0 0 0 0 0 0 0 0 0 0 0 0 0 0 0 0 0 0 0 0 0 0 0 0 0 0 0 0 0 0 4 0 1 3 0 0 6 1 1 0 0 0 0 0 0 0 0 0 0 0 0 0 0 0 0 14 0 1 0 0 0 1 27 0 0 0 
 0 0 0 0 3 0 0 0 0 0 0 0 0 0 3 0 3 0 0 0 143 220 93 272 418 42 124 48 232 38 235 203 19 38 53 239 0 63 37 39 0 0 0 1 0 0 0 1 0 2 2 37 1 2 0 3 3 0 34 0 54 0 2 6 3 1 3 0 0 2 0 0 3 2 0 0 0 0 0 0 0 0 0 0 0 0 0 0 0 0 0 0 0 0 17 0 0 0 0 0 0 11 17 0 30 27 0 0 25 8 11 75 0 15 13 65 15 10 0 13 0 0 0 0 0 0 0 0 0 0 0 0 22 18 0 0 0 0 54 7 0 0 0 0 0 0 0 0 5 2 0 32 0 0 0 0 0 2 0 0 0 0 0 0 0 0 0 0 0 0 0 0 3 0 0 0 0 0 0 0 27 41 20 21 19 41 14 0 35 52 41 54 2 18 0 1 0 19 0 0 1 2 0 0 0 0 0 0 9 2 0 0 55 0 15 0 0 0 0 0 0 0 0 0 0 0 0 0 2 0 0 0 0 0 0 0 0 0 0 8 0 0 0 0 0 0 0 0 0 0 0 0 0 0 13 0 1 2 2 3 1 1 0 0 0 0 0 0 0 0 0 0 0 0 0 0 0 0 0 0 0 14 0 0 1 0 0 0 0 0 
 0 0 0 0 86 2 0 0 0 2 0 0 0 0 0 0 3 0 0 2 111 186 507 57 68 292 88 142 340 125 39 102 133 66 263 107 63 0 116 43 0 0 0 0 63 0 0 0 0 209 0 0 66 2 0 0 4 0 31 19 3 1 3 0 1 0 8 0 0 3 0 0 3 2 0 0 0 0 0 0 23 0 0 0 12 0 0 0 0 0 0 0 0 0 0 0 0 0 0 0 1 2 17 26 13 0 36 26 42 26 1 0 20 21 73 81 19 9 28 9 10 0 0 0 0 0 8 0 0 0 0 0 0 0 0 6 10 0 2 44 0 0 0 0 0 0 0 0 9 0 0 4 0 0 0 0 0 0 0 0 0 0 0 0 0 42 0 0 0 0 0 0 0 0 0 0 0 0 0 0 36 31 8 13 10 0 0 19 1 1 0 2 0 0 0 32 8 33 0 0 10 0 7 0 0 0 11 0 0 0 0 0 0 0 0 0 0 0 0 12 0 0 0 0 0 0 0 0 0 0 0 0 0 0 0 0 0 0 0 0 0 0 0 0 0 0 0 0 0 0 0 0 0 0 0 2 0 46 73 2 13 0 0 0 0 0 0 0 0 0 0 0 0 0 0 0 0 0 0 12 0 14 0 0 0 0 0 0 0 0 
 0 0 0 0 78 33 0 2 150 7 1 0 0 0 0 0 2 0 0 1 514 253 320 63 47 45 230 138 60 77 126 50 225 199 194 166 37 116 0 117 0 95 0 1 0 0 0 0 0 2 0 0 7 4 0 0 5 0 0 0 5 0 3 0 9 2 3 0 0 0 1 0 5 2 0 0 0 1 13 2 0 2 0 13 9 14 0 0 0 17 7 12 0 0 0 0 0 32 20 0 0 45 10 27 0 0 24 6 9 0 0 0 27 9 11 2 37 10 12 38 0 0 0 0 0 0 0 0 0 0 0 0 0 1 0 0 0 0 0 0 0 0 0 0 0 6 0 0 0 13 0 1 2 1 0 0 2 0 0 0 0 19 0 30 0 18 0 0 0 28 0 0 34 0 0 0 0 0 0 0 0 17 30 0 0 2 0 2 16 0 0 6 11 13 32 0 46 0 26 13 28 0 0 0 0 0 0 0 0 0 0 0 0 0 0 0 0 0 0 0 1 2 0 0 0 0 2 0 0 0 0 0 1 0 0 0 0 0 2 0 0 0 0 0 0 2 0 0 0 75 0 0 0 0 9 0 2 7 1 0 0 2 0 2 0 0 0 0 0 0 0 0 0 0 0 44 0 0 0 0 0 5 0 0 0 10 0 0 0 0 
 2 3 2 3 153 76 2 91 2 76 153 165 2 3 3 98 77 77 2 6 81 41 318 134 83 45 215 75 142 159 134 37 65 207 215 78 39 43 117 0 0 0 0 0 10 0 0 0 0 4 0 0 0 6 0 0 5 0 65 1 7 3 3 2 3 0 6 0 0 1 2 0 5 2 8 0 0 0 16 0 0 0 14 0 10 9 0 0 10 8 0 0 0 0 0 0 0 0 0 0 69 48 23 8 0 0 0 4 9 0 0 7 22 19 13 11 0 9 3 1 0 0 0 0 0 0 0 0 0 0 0 0 0 0 0 0 0 0 0 0 0 0 0 0 0 1 0 0 0 0 0 1 0 1 18 0 1 46 0 0 2 13 0 2 1 9 0 0 0 0 0 0 0 0 0 0 0 0 0 0 8 0 18 0 0 0 38 13 13 0 0 6 25 12 20 0 46 0 25 26 0 0 0 0 0 0 0 0 0 7 0 0 0 0 0 0 0 0 0 1 1 2 0 0 0 0 2 0 0 0 0 0 1 0 0 0 0 0 2 0 0 0 0 0 0 0 0 0 0 89 0 0 0 0 17 0 0 7 0 3 3 9 0 0 0 0 27 0 0 0 0 0 0 0 0 0 11 0 0 0 0 0 0 0 0 11 0 0 0 0 
 3 0 0 0 0 0 0 0 0 0 0 0 0 0 0 0 0 0 0 0 0 0 0 0 0 63 0 0 0 0 0 0 0 0 5 0 0 0 0 0 0 429 160 40 127 47 275 173 35 308 332 88 114 101 84 96 40 106 37 49 7 0 0 0 0 0 0 5 10 5 0 3 10 3 0 3 10 12 0 9 0 0 0 0 0 0 0 0 0 0 0 0 0 0 0 0 0 0 0 0 0 0 0 0 0 0 0 0 0 0 0 0 0 0 0 0 11 0 0 0 24 20 45 18 0 41 17 0 0 1 0 1 0 33 7 35 13 0 0 0 3 0 0 0 0 0 34 5 0 0 0 16 1 1 12 6 0 0 9 0 0 0 0 0 0 0 0 0 0 0 0 0 0 0 0 0 0 0 23 0 0 0 0 0 0 0 0 0 0 0 0 0 0 0 0 0 0 0 0 0 0 9 0 56 12 37 0 19 49 0 21 0 0 6 19 11 37 7 0 0 19 0 13 0 0 0 22 1 10 0 7 8 6 0 0 0 0 0 34 21 0 0 0 0 0 0 0 0 0 0 0 2 0 0 0 0 0 0 0 0 0 0 0 0 2 0 0 0 0 0 0 0 0 0 0 7 0 0 0 0 0 0 0 0 34 2 0 15 1 0 
 2 0 0 0 0 0 76 0 0 0 0 0 0 0 0 0 0 0 0 0 0 0 0 0 0 62 0 0 6 0 0 0 0 0 5 0 0 0 95 0 429 0 213 68 32 30 157 213 373 54 109 388 30 61 167 111 73 158 75 44 1 0 0 0 0 3 0 0 0 1 0 0 0 50 1 2 0 4 0 1 0 0 0 0 0 0 0 0 0 0 0 0 0 0 0 0 0 0 0 0 0 0 0 0 0 0 0 0 0 0 0 0 0 0 0 0 0 0 0 0 1 46 7 0 1 53 2 0 0 18 8 8 0 17 10 5 42 10 0 0 0 0 0 0 23 0 0 4 18 0 0 0 39 3 0 0 0 0 0 0 0 0 2 0 0 0 0 0 0 0 0 0 0 10 0 0 0 0 0 10 0 0 0 0 0 0 0 0 0 0 0 0 0 0 0 0 0 0 0 0 54 0 13 22 10 29 0 0 4 32 0 0 0 0 8 22 25 16 0 0 45 0 0 0 0 0 7 0 0 0 0 0 9 0 0 0 1 0 30 8 0 4 0 0 0 0 0 0 0 0 0 4 0 0 0 0 0 0 0 0 0 0 0 19 0 4 2 0 2 0 0 0 0 0 0 0 0 0 0 0 0 0 0 0 0 0 0 0 1 0 
 0 0 64 3 3 0 0 0 11 0 0 0 0 0 7 0 0 3 0 0 0 2 0 1 0 62 0 0 0 0 5 1 0 0 3 0 0 0 0 0 160 213 0 191 310 43 374 396 140 345 108 102 347 370 45 172 52 48 90 66 0 3 0 0 0 0 53 0 0 0 0 0 0 0 0 0 7 1 1 4 0 0 0 0 0 0 0 0 0 0 0 0 0 0 0 0 0 0 0 0 0 0 0 7 0 0 0 0 13 0 0 0 0 0 0 0 0 0 0 0 7 16 46 21 0 43 22 0 29 0 21 1 0 33 26 9 2 3 0 0 0 0 0 0 0 0 33 0 0 0 0 0 0 0 5 0 0 0 5 0 0 0 7 0 0 0 0 0 0 0 0 0 0 0 0 0 0 0 0 0 0 0 0 0 0 0 0 0 0 0 0 0 0 0 0 0 9 0 0 0 0 19 0 0 0 26 0 9 10 3 21 0 0 20 22 21 48 8 8 1 0 0 0 0 0 0 11 0 0 0 0 29 7 0 0 0 0 0 58 0 0 0 16 0 0 0 0 0 0 0 0 10 0 0 0 0 0 0 0 1 0 0 0 69 4 0 4 0 0 0 4 0 0 0 0 0 0 0 0 0 0 0 0 0 51 19 0 12 2 0 
 6 0 2 9 0 22 0 0 0 9 2 0 0 0 0 0 4 2 0 2 3 0 0 0 0 66 0 2 3 1 0 0 0 29 0 1 1 0 1 0 40 68 191 0 110 30 110 121 152 124 72 106 49 93 80 164 42 137 52 67 0 0 51 0 0 0 0 0 0 0 0 0 0 51 0 5 0 0 50 50 0 0 0 0 2 1 0 0 1 0 0 0 0 0 0 0 0 0 0 0 1 0 0 1 0 0 1 15 0 0 0 0 0 0 5 0 0 0 0 0 0 11 0 0 13 1 0 8 1 0 38 13 0 0 0 0 1 23 0 0 0 0 0 1 0 0 0 7 9 0 0 13 18 0 3 2 4 0 0 0 0 0 4 0 1 0 0 0 0 0 0 2 0 0 0 0 0 0 0 0 0 0 0 0 0 0 11 0 0 0 9 0 2 0 10 3 0 0 0 0 13 0 11 1 0 18 0 0 0 12 0 6 11 0 19 21 9 11 0 1 1 8 0 0 0 0 54 1 0 0 0 0 0 30 0 11 38 0 13 14 0 0 0 0 0 61 1 0 0 0 0 4 0 2 0 0 0 0 0 2 0 0 1 34 0 2 2 64 0 0 0 0 0 0 0 0 0 0 0 0 0 0 0 0 0 0 0 0 0 0 
 0 0 0 0 4 0 0 0 0 1 0 3 0 0 12 65 10 0 0 0 0 0 0 2 0 0 0 3 0 2 209 0 0 0 0 0 0 63 0 10 127 32 310 110 0 240 336 57 66 86 309 147 72 93 87 292 60 53 102 121 59 84 56 3 0 0 0 110 4 2 2 0 140 77 3 0 63 0 46 37 0 0 0 7 0 5 0 0 7 0 0 0 0 0 0 0 0 1 0 0 0 0 0 0 13 0 0 0 0 0 0 0 0 0 0 0 0 0 0 0 0 11 0 4 11 0 0 0 24 0 1 0 0 8 0 0 0 0 0 0 10 0 0 8 0 25 18 0 18 5 2 0 17 11 1 0 29 6 13 0 6 0 0 0 5 0 0 0 0 0 0 0 0 0 0 22 0 0 0 0 0 0 0 0 0 0 5 8 0 0 0 0 4 0 0 0 0 0 5 0 0 0 0 4 7 0 0 0 0 0 6 0 0 11 10 0 11 8 0 0 9 15 22 0 0 0 32 0 8 41 0 0 11 30 0 0 11 15 0 8 0 0 10 0 0 0 0 0 0 0 0 0 0 0 0 0 0 0 0 4 0 0 0 0 0 2 2 0 2 0 2 0 0 0 0 0 0 0 0 0 0 0 0 0 0 7 0 0 1 0 
 0 0 0 0 2 0 0 0 0 0 1 0 0 0 0 0 0 0 0 0 0 0 0 0 3 0 0 0 0 3 0 0 0 0 0 0 0 0 0 0 47 30 43 30 240 0 96 25 54 116 61 291 24 41 72 42 70 55 98 71 75 29 18 0 0 0 49 29 104 0 50 0 4 75 0 0 45 52 51 51 0 0 0 0 0 0 0 0 0 0 0 0 0 0 0 0 0 0 0 0 0 0 0 0 0 0 0 0 21 0 0 0 0 0 0 0 0 0 0 0 0 0 0 0 0 10 0 0 0 0 0 0 0 0 0 0 0 0 0 0 37 0 14 16 1 4 0 19 14 17 20 0 15 30 10 11 35 10 17 56 0 0 0 0 8 0 0 0 0 0 0 0 0 0 0 0 0 0 0 0 0 0 0 0 0 0 0 0 0 0 0 0 0 0 0 0 0 0 0 0 0 0 22 0 0 0 0 0 0 0 0 0 0 0 0 0 0 0 0 0 8 27 0 24 0 0 0 6 11 8 15 7 10 33 38 14 28 8 0 6 0 0 0 0 0 0 0 0 0 0 0 4 0 0 0 0 0 0 0 1 0 0 2 0 0 0 0 6 0 0 8 0 0 1 0 3 0 0 0 0 0 0 0 0 0 0 0 0 1 0 
 0 0 0 0 0 0 0 0 0 0 0 0 0 0 0 0 0 0 0 0 60 0 0 0 0 5 1 0 4 0 0 0 0 0 0 0 0 0 0 0 275 157 374 110 336 96 0 353 59 93 167 112 95 235 124 30 277 71 135 489 0 0 0 0 0 1 0 0 0 2 0 0 0 0 0 0 7 0 1 3 0 0 0 0 0 0 0 0 0 0 0 0 0 0 0 0 0 0 0 0 0 0 0 0 0 0 0 0 0 0 0 0 0 0 0 0 0 0 0 0 0 41 21 7 15 25 13 6 20 10 1 14 10 17 4 41 5 0 0 4 0 0 0 0 5 14 34 3 0 0 0 0 0 10 0 0 0 0 0 0 0 0 2 0 0 0 0 11 0 0 0 0 0 0 0 0 0 0 0 0 0 0 0 0 0 0 0 0 0 0 0 0 0 0 0 0 0 0 0 0 6 29 0 10 19 18 0 1 24 12 8 0 0 8 31 8 24 29 12 0 0 0 0 0 0 0 31 0 0 0 0 0 11 0 0 0 0 0 19 19 0 0 14 0 0 0 0 0 0 0 0 7 0 0 0 0 0 0 0 10 0 0 4 0 1 7 0 0 0 0 0 0 0 0 0 0 0 0 0 0 0 0 5 0 21 7 0 13 1 0 
 0 0 0 0 0 0 0 0 0 0 0 0 0 0 0 0 0 0 0 0 0 0 0 1 1 97 0 0 0 0 0 2 0 0 0 0 1 0 0 0 173 213 396 121 57 25 353 0 71 268 46 166 178 122 145 113 63 334 91 301 0 0 0 0 27 0 0 2 44 1 0 0 0 3 4 0 0 0 0 0 0 0 0 0 0 0 0 0 0 0 0 0 0 0 0 0 0 0 0 0 0 0 0 19 0 0 0 0 0 0 0 3 22 0 0 0 0 0 0 0 7 35 13 14 9 6 10 0 46 4 21 0 0 1 32 3 11 10 0 0 1 0 0 1 5 0 1 0 0 0 0 0 2 8 3 0 0 0 4 0 0 0 2 0 0 0 0 0 0 0 0 0 0 0 0 0 0 0 1 0 0 0 1 0 0 0 0 0 0 0 0 0 0 0 0 0 0 0 0 0 9 24 10 1 24 7 2 23 11 11 8 37 0 26 5 0 29 13 7 16 12 5 5 0 0 0 1 0 0 0 0 0 0 21 2 0 0 20 17 0 0 0 10 0 0 0 0 0 0 0 0 26 0 0 0 0 0 0 0 0 0 0 0 1 0 1 3 0 0 0 4 0 0 0 0 0 0 0 0 0 0 0 0 0 11 0 0 0 2 0 
 0 5 0 0 0 0 0 6 4 3 0 0 1 0 0 0 3 0 0 0 0 0 0 0 0 2 0 0 4 0 0 0 0 0 0 0 0 0 0 0 35 373 140 152 66 54 59 71 0 125 184 332 103 380 221 174 39 164 64 46 0 0 0 0 0 0 0 0 0 0 0 0 0 0 0 4 0 4 55 1 4 1 2 0 0 0 0 0 0 0 3 7 0 6 0 10 4 1 0 0 0 0 0 0 0 0 0 0 0 0 0 0 0 0 0 0 0 0 0 0 1 8 4 0 17 3 1 0 0 25 40 88 0 0 0 19 17 34 0 0 0 0 0 0 5 0 0 2 10 0 0 0 15 4 0 3 0 0 1 0 0 0 4 7 0 0 0 1 0 0 5 0 0 0 0 8 0 0 0 0 0 0 0 0 0 0 0 0 0 0 0 0 0 0 0 0 0 0 0 0 0 0 0 37 15 39 0 0 0 2 21 65 0 0 14 39 0 14 0 0 0 0 0 0 0 0 7 0 0 0 0 0 0 0 0 0 10 0 23 14 0 1 0 0 0 0 11 0 0 0 0 10 0 1 0 0 0 0 0 0 0 0 9 44 69 2 0 1 2 0 0 0 0 0 0 0 0 0 0 0 0 0 0 0 0 0 0 0 0 0 
 1 0 0 0 0 0 0 0 0 0 0 0 1 0 6 0 3 0 0 1 2 2 2 77 2 4 2 2 11 10 2 2 2 2 6 2 2 209 2 4 308 54 345 124 86 116 93 268 125 0 94 358 75 94 139 108 146 112 65 119 0 0 0 0 0 0 0 0 0 2 0 0 0 0 0 0 12 0 50 3 0 0 0 0 0 0 0 0 0 0 0 0 0 0 0 0 0 0 0 0 0 0 8 0 0 1 0 0 12 9 7 0 0 5 0 3 0 0 0 0 0 19 12 17 0 13 20 0 20 19 11 10 18 26 0 1 10 22 4 0 0 0 0 0 0 0 13 0 1 0 0 0 0 0 0 0 0 0 0 0 0 0 0 0 0 0 0 0 0 0 0 0 0 0 0 0 0 0 0 0 0 0 6 0 0 0 0 0 0 0 6 0 0 0 0 0 8 0 0 0 0 17 11 23 3 0 8 1 0 2 32 7 1 7 11 7 11 9 20 0 0 0 0 0 0 0 0 0 0 0 0 0 0 0 12 0 7 0 0 0 0 0 11 0 0 0 0 0 0 0 0 2 0 2 0 0 0 0 0 22 0 1 66 0 65 9 2 0 0 0 0 0 0 0 0 0 0 0 0 0 0 1 0 0 0 7 0 0 0 0 
 0 0 0 0 0 0 0 0 0 0 0 0 0 0 4 0 0 0 0 1 0 0 0 2 0 0 0 0 3 0 0 0 0 0 0 0 2 0 0 0 332 109 108 72 309 61 167 46 184 94 0 166 35 122 209 321 170 263 34 73 0 4 0 0 0 0 2 0 0 52 42 0 0 0 0 0 2 78 53 29 0 0 0 0 0 0 0 0 0 0 0 0 0 0 0 0 0 0 11 0 0 0 0 0 0 0 0 0 0 0 0 0 0 0 6 0 0 0 1 0 8 22 36 37 28 15 37 0 11 29 33 23 0 4 29 18 41 17 0 27 0 0 7 4 4 0 21 5 1 0 0 1 28 8 0 0 8 0 0 0 0 0 0 0 0 0 0 0 0 0 0 0 0 0 0 0 0 0 16 0 0 0 0 8 0 0 0 0 0 0 0 0 0 0 0 0 0 0 0 0 0 18 0 57 14 22 0 0 29 9 0 48 0 2 45 71 25 32 0 0 18 6 0 0 0 0 28 0 0 0 0 0 2 14 9 0 3 0 11 0 0 0 0 0 0 0 0 0 0 0 0 8 0 2 0 0 2 0 0 1 0 0 65 1 65 8 2 0 0 0 0 0 0 0 0 0 0 0 0 0 0 0 0 0 24 7 0 17 0 0 
 0 0 0 0 3 0 0 0 0 0 0 0 0 0 2 1 0 2 0 0 0 0 1 0 3 0 0 0 59 4 2 5 0 2 0 1 37 0 0 0 88 388 102 106 147 291 112 166 332 358 166 0 473 180 137 112 174 69 44 42 0 0 0 0 0 0 0 0 0 0 0 0 1 0 0 1 6 0 2 0 0 0 0 0 0 0 0 0 0 0 0 0 0 0 10 0 0 0 0 0 0 0 0 0 3 35 0 0 0 0 1 0 0 0 0 0 0 0 0 0 3 18 18 10 15 15 1 0 29 6 41 28 4 11 1 19 20 15 0 0 1 0 0 0 5 0 22 3 0 0 0 0 0 10 0 0 0 0 0 0 0 0 7 0 0 0 0 0 15 0 0 0 0 0 0 0 0 0 0 0 0 0 0 3 0 0 0 0 0 0 0 0 0 0 0 0 0 0 0 0 0 0 0 7 27 31 1 16 0 0 19 14 0 21 15 27 47 23 2 0 0 0 0 0 0 0 0 10 0 0 0 0 1 0 0 0 15 0 10 19 0 0 6 0 0 0 0 0 0 0 0 20 0 1 0 0 0 0 0 2 0 19 3 64 63 0 2 2 0 0 0 0 0 0 0 0 0 0 0 0 0 0 1 0 0 0 0 0 0 0 
 0 0 0 0 0 0 0 0 0 0 0 0 0 0 2 0 2 2 0 0 0 12 0 71 3 89 0 0 0 0 66 0 0 0 0 9 1 66 7 0 114 30 347 49 72 24 95 178 103 75 35 473 0 84 43 65 30 18 244 204 0 7 0 0 0 7 0 0 0 2 0 1 7 0 0 0 48 0 0 0 0 0 0 0 3 0 0 0 0 0 0 0 0 0 0 0 0 0 0 0 0 6 0 14 0 21 0 0 0 0 0 19 7 0 0 0 3 6 4 28 19 3 6 0 0 0 23 20 48 31 0 0 33 7 21 5 4 0 16 16 0 0 0 0 0 0 0 0 0 0 0 0 0 0 7 0 0 0 3 0 0 0 0 0 0 1 0 0 0 0 0 0 0 1 0 0 0 0 0 0 1 0 20 0 0 1 0 0 7 0 0 16 0 0 0 0 0 10 0 0 11 18 1 41 0 0 27 27 15 3 2 0 0 30 0 18 0 0 33 30 0 0 0 0 0 0 0 0 0 0 0 0 0 0 17 0 0 0 2 0 0 0 0 0 0 1 0 0 0 0 0 4 0 2 0 0 0 0 0 19 0 0 0 0 2 8 0 0 0 0 21 0 0 0 0 0 0 0 0 0 0 0 0 0 15 0 0 0 0 0 
 4 0 1 0 2 1 0 0 0 1 0 0 1 0 3 0 2 0 0 0 2 2 2 2 2 5 2 2 2 4 2 3 2 2 2 2 2 2 4 6 101 61 370 93 93 41 235 122 380 94 122 180 84 0 299 51 144 174 70 97 4 0 0 204 0 0 0 0 0 2 0 0 0 0 6 0 0 0 52 0 0 0 0 0 0 0 0 12 0 0 0 0 10 0 0 0 0 0 5 0 0 0 0 0 0 4 0 0 0 0 0 0 0 0 0 0 0 0 0 0 0 15 25 35 6 11 34 15 22 11 10 21 21 16 16 6 36 17 21 0 0 0 0 0 8 0 13 0 0 0 0 0 0 1 0 0 0 0 0 0 0 0 5 0 7 0 9 0 0 0 0 11 4 3 0 0 0 0 0 0 0 0 0 0 0 0 0 0 0 0 0 0 0 0 0 0 0 0 0 0 0 36 14 10 11 17 15 23 28 0 0 25 0 10 8 9 0 12 0 2 0 0 0 0 0 0 5 0 0 0 0 0 8 0 0 0 0 0 0 0 0 0 16 0 0 0 0 0 0 0 0 12 0 2 0 0 0 0 0 26 0 0 64 0 66 2 1 0 2 0 0 0 0 0 0 0 0 0 0 0 0 0 0 0 13 1 0 25 0 0 
 0 0 0 0 0 0 0 0 0 0 0 0 0 0 0 0 0 0 3 0 0 64 0 0 1 0 0 0 0 0 0 0 0 0 0 0 0 0 0 0 84 167 45 80 87 72 124 145 221 139 209 137 43 299 0 130 111 44 60 95 0 0 0 5 0 5 0 1 0 3 0 0 3 0 6 0 0 0 0 1 0 0 0 0 0 0 0 0 0 0 0 0 0 0 0 0 0 0 0 0 0 0 0 0 0 0 0 0 0 0 0 0 0 0 0 0 0 0 0 0 0 14 16 0 9 10 21 14 10 41 0 30 18 20 9 26 26 35 0 0 0 0 0 0 2 0 24 2 0 0 0 0 0 4 0 0 0 0 0 1 0 0 0 0 0 0 0 0 0 0 0 0 0 0 0 0 0 0 0 0 0 0 0 0 0 8 0 0 0 0 0 0 0 0 1 0 0 0 0 0 0 45 0 18 29 7 0 10 38 2 0 23 9 0 10 0 0 10 27 0 0 0 0 0 0 0 20 0 0 0 0 0 20 0 0 0 1 0 0 12 0 0 0 0 0 0 3 0 0 0 0 10 0 0 0 0 0 0 0 20 0 0 2 0 54 8 0 0 0 0 0 0 0 0 0 0 0 0 0 0 0 0 0 0 0 0 0 0 2 0 
 0 0 0 0 0 0 0 0 0 0 0 0 0 0 0 0 0 0 0 0 0 0 0 0 7 57 8 0 6 6 0 0 0 0 0 1 3 0 0 0 96 111 172 164 292 42 30 113 174 108 321 112 65 51 130 0 53 296 122 148 2 0 0 4 0 0 0 2 0 0 0 0 6 0 0 6 0 3 51 0 0 0 0 23 0 0 0 0 0 0 10 0 0 0 0 0 0 0 0 0 0 0 8 0 0 0 0 0 10 8 0 0 0 3 0 0 0 0 0 0 9 0 3 0 17 10 12 0 5 18 23 27 0 13 13 3 14 25 3 0 0 0 0 0 0 0 0 10 7 0 0 0 16 0 27 1 0 0 5 0 0 0 3 0 20 0 0 0 0 0 0 0 0 0 0 0 0 0 0 0 0 6 5 0 8 3 0 0 0 6 7 6 0 0 0 0 9 0 0 0 0 0 0 18 0 20 0 4 1 8 19 8 0 1 0 35 1 0 19 0 0 0 0 0 0 0 3 1 0 0 0 0 0 0 0 10 27 0 49 1 0 0 0 0 0 0 0 0 0 18 0 6 0 2 0 0 0 0 8 2 0 0 64 2 67 0 1 1 0 0 10 0 0 0 0 0 0 0 0 0 0 5 0 0 7 0 0 0 0 0 
 3 3 2 33 3 39 3 3 3 65 3 66 2 5 7 3 1 3 3 3 3 4 5 5 3 6 3 3 9 3 5 8 74 4 4 4 3 4 5 5 40 73 52 42 60 70 277 63 39 146 170 174 30 144 111 53 0 220 50 49 0 0 0 0 3 0 2 0 0 2 3 0 0 0 6 0 8 1 24 2 0 0 0 0 0 0 0 0 3 13 0 0 0 0 0 0 0 0 0 0 0 0 0 0 3 15 0 0 0 0 1 0 0 0 0 0 0 0 1 18 3 12 15 5 11 10 19 12 22 22 11 14 22 6 1 13 0 10 0 0 0 0 0 0 2 0 1 0 0 0 0 0 0 0 0 0 0 0 0 0 0 0 0 0 4 0 0 0 0 0 17 0 0 1 0 13 0 0 0 0 0 0 0 4 0 0 23 0 1 0 0 12 21 0 0 0 0 1 16 0 0 34 0 19 19 7 1 11 16 5 18 20 0 17 11 8 8 11 24 0 0 0 0 0 0 0 0 0 0 0 0 0 0 0 9 0 0 0 0 2 0 0 12 0 0 0 0 0 65 0 9 15 0 2 0 0 0 2 0 19 0 0 2 0 0 15 2 2 0 0 0 0 0 0 0 0 0 0 0 0 0 1 1 0 0 0 0 11 0 0 
 0 0 0 0 4 0 0 0 0 0 0 0 25 0 0 0 5 0 0 0 0 2 0 0 1 0 0 0 0 0 0 0 0 0 0 0 0 0 0 0 106 158 48 137 53 55 71 334 164 112 263 69 18 174 44 296 220 0 53 253 0 0 0 0 0 0 0 0 0 1 0 0 0 0 0 5 0 10 23 0 0 0 0 0 0 0 0 0 0 0 0 0 0 0 0 0 0 0 0 0 0 0 0 0 21 0 0 0 0 0 0 0 0 0 0 0 0 0 0 0 12 19 39 18 32 50 15 0 0 15 30 19 0 17 39 10 4 16 0 0 0 6 2 4 9 0 14 11 11 0 0 14 43 10 10 0 3 0 0 0 0 0 0 0 0 0 0 0 0 0 0 0 0 0 0 0 0 0 15 0 0 0 0 0 0 0 0 0 5 0 0 0 0 0 0 0 0 0 0 0 0 14 1 1 0 43 0 0 23 20 0 12 0 7 11 24 20 13 0 0 14 8 0 0 0 0 30 0 0 0 0 0 7 10 19 0 15 0 21 0 0 0 0 0 0 0 0 0 0 0 0 15 0 2 0 0 0 0 0 0 0 2 12 0 0 0 4 2 3 0 0 0 0 0 0 0 0 0 0 0 0 0 0 0 14 0 0 22 0 0 
 0 0 0 0 0 0 0 0 0 0 0 0 0 0 0 0 0 0 0 0 0 0 63 123 52 92 0 0 0 64 92 62 0 0 0 63 34 31 0 65 37 75 90 52 102 98 135 91 64 65 34 44 244 70 60 122 50 53 0 172 0 5 0 0 0 5 50 0 0 2 0 1 0 0 0 0 0 0 0 0 0 0 6 0 0 0 0 13 0 0 0 0 0 0 0 0 0 0 0 0 0 0 0 0 39 0 0 0 4 8 6 10 0 0 0 0 29 0 0 0 32 0 0 0 0 0 32 0 30 4 0 0 0 3 4 7 9 0 3 15 0 0 0 0 0 0 2 0 0 0 0 0 13 0 7 0 0 0 6 0 0 0 0 0 0 0 0 0 0 0 0 0 4 1 0 0 0 0 0 0 2 0 0 43 0 6 0 0 0 9 2 5 0 0 0 0 0 18 0 0 15 22 7 0 0 0 19 34 0 0 10 0 3 21 22 19 19 0 15 9 0 0 0 0 0 0 0 0 0 0 0 0 0 0 0 0 0 0 10 0 0 0 0 0 0 0 0 0 0 0 0 9 0 0 0 0 0 0 0 0 0 0 0 0 1 2 0 0 0 0 23 0 0 0 0 0 0 0 0 0 0 0 0 14 58 0 0 0 1 0 
 0 5 0 67 0 0 0 0 0 0 0 1 0 0 9 0 3 0 0 0 1 1 67 34 1 90 1 0 5 0 29 23 1 0 1 0 0 19 0 1 49 44 66 67 121 71 489 301 46 119 73 42 204 97 95 148 49 253 172 0 0 2 0 0 0 0 0 0 0 2 2 0 0 0 0 0 0 0 0 0 4 8 4 5 0 3 0 0 3 0 0 30 0 1 0 4 6 18 0 0 0 0 0 7 24 22 0 0 0 0 0 19 0 0 0 0 0 0 0 0 24 0 0 0 0 0 21 35 66 16 0 0 0 0 5 6 12 0 1 20 0 0 0 0 0 0 2 0 0 0 0 0 2 0 7 0 0 0 28 0 10 0 0 0 0 0 0 0 0 0 4 0 1 4 0 0 0 0 0 0 0 0 0 10 7 7 0 5 0 0 9 0 0 0 0 0 0 10 5 9 45 25 24 0 0 0 17 41 0 0 24 0 0 44 0 18 19 0 16 40 0 0 0 0 0 0 0 0 0 0 0 0 0 0 0 0 0 0 10 0 0 15 0 0 0 0 0 0 0 17 0 10 0 2 0 1 0 0 0 2 0 0 70 0 0 0 2 0 0 0 21 0 0 0 0 0 0 0 0 0 0 0 0 0 18 0 0 0 0 0 
 0 0 0 0 0 0 0 0 0 0 0 0 0 0 0 0 0 0 0 0 4 3 3 3 3 3 3 3 3 3 3 3 3 3 3 3 54 3 5 7 7 1 0 0 59 75 0 0 0 0 0 0 0 4 0 2 0 0 0 0 0 121 233 75 145 39 108 170 242 150 54 95 106 90 309 106 477 112 56 39 0 0 0 0 0 0 0 0 0 0 0 0 0 0 0 0 0 0 0 0 0 0 0 0 0 0 0 0 0 0 0 0 0 0 0 0 0 0 3 0 0 0 0 0 0 0 0 0 0 0 0 0 0 0 0 3 0 0 0 0 43 26 0 0 39 5 0 27 18 22 31 15 54 16 15 9 8 0 15 7 0 0 0 0 6 0 0 0 0 0 0 0 0 0 0 0 0 0 0 0 0 0 0 3 0 0 0 0 0 14 0 0 0 0 0 0 0 0 0 0 0 0 0 0 0 0 0 0 9 0 0 0 0 0 2 0 0 0 0 0 18 6 32 31 0 10 1 15 24 1 57 1 1 22 5 0 0 8 0 0 9 0 0 0 0 0 0 0 0 0 0 0 0 0 8 0 0 0 0 0 0 0 0 0 0 0 0 0 0 0 9 2 0 3 0 53 0 0 0 0 0 0 0 19 0 0 0 0 0 0 
