 0 143 167 142 122 120 41 73 34 43 128 200 30 126 344 73 29 22 350 57 0 0 2 3 0 0 0 0 0 0 2 3 3 1 3 0 2 0 3 0 0 0 0 2 0 0 2 0 0 3 0 4 0 0 0 1 2 5 5 0 0 0 2 3 3 0 0 4 1 0 1 2 0 0 0 5 0 0 3 0 30 37 0 11 13 0 0 30 15 23 9 0 0 51 23 13 11 9 0 0 0 0 0 0 0 0 0 2 0 0 0 0 9 0 0 0 0 0 9 0 0 0 0 0 0 0 0 0 0 0 0 0 0 0 1 0 0 0 0 0 0 0 0 0 0 0 0 0 0 0 0 0 5 0 0 0 0 0 0 0 17 13 0 30 26 0 2 0 27 38 33 0 12 25 9 8 14 32 13 0 0 0 0 2 0 0 0 0 0 0 0 0 1 0 0 0 0 0 12 0 0 0 0 0 18 0 0 1 0 0 0 0 0 2 0 0 0 0 0 0 0 0 0 0 0 1 0 0 0 0 0 0 1 0 0 0 0 0 0 0 0 0 0 0 0 0 1 0 0 0 16 6 11 0 0 0 1 0 0 0 0 0 0 0 0 0 0 0 0 0 0 0 0 1 0 14 13 0 0 0 0 0 0 0 0 0 0 0 0 0 
 143 0 343 294 125 321 162 326 134 104 37 209 68 49 155 136 49 544 51 239 0 0 0 0 0 0 110 2 0 0 4 3 3 2 0 0 0 0 0 0 0 0 0 2 0 0 2 0 0 3 0 3 0 0 0 61 0 3 5 0 0 0 3 3 3 42 0 0 0 0 3 0 0 5 0 3 0 0 0 0 17 14 18 9 19 14 18 20 1 0 19 11 13 35 0 14 1 4 0 29 16 0 0 0 0 0 0 0 1 0 0 0 0 0 0 0 0 0 24 0 0 0 0 0 0 0 0 0 0 0 0 0 0 0 0 0 0 0 0 0 0 0 0 0 2 0 0 0 0 9 0 0 0 0 0 14 0 0 0 0 20 13 0 18 2 10 0 0 26 65 30 11 17 33 1 47 27 55 3 13 0 0 0 0 0 2 0 0 0 13 0 0 9 0 0 0 0 0 1 0 0 0 0 0 2 0 0 0 0 0 0 0 0 0 0 23 0 0 0 0 0 0 0 0 0 0 0 0 0 0 0 0 0 2 0 0 0 0 0 0 0 0 0 0 0 0 90 0 0 108 20 15 0 0 0 0 0 0 0 0 0 0 0 0 0 0 0 0 0 0 0 0 0 0 0 20 3 0 0 0 0 0 0 0 0 0 0 0 0 0 
 167 343 0 221 368 265 259 534 58 311 40 132 173 37 132 341 184 199 39 40 0 2 0 0 0 0 24 0 0 0 0 4 5 3 0 0 1 2 2 0 0 0 0 2 0 0 2 0 0 3 5 3 0 1 0 13 0 5 5 0 0 0 0 3 0 0 0 0 0 0 3 0 0 3 0 2 0 0 0 0 23 16 22 16 7 0 0 16 20 2 8 9 3 22 8 22 12 8 1 16 11 0 0 0 7 0 1 0 0 0 0 0 0 0 0 0 0 0 41 0 0 0 0 0 0 0 0 0 0 0 0 0 0 0 0 0 0 0 0 0 0 3 0 29 0 0 0 0 0 0 0 0 0 0 0 3 5 0 0 0 0 11 0 1 34 11 0 23 22 15 8 38 0 72 7 15 29 27 12 1 0 9 0 0 0 0 0 1 0 0 0 0 28 0 0 0 0 0 0 0 0 0 0 0 0 0 0 0 0 0 0 0 0 0 0 0 0 0 0 0 0 0 0 0 0 0 0 1 0 0 0 2 0 0 0 0 0 0 2 0 0 0 0 0 0 0 92 0 3 0 0 9 7 0 0 0 0 0 0 0 0 0 0 0 0 0 0 0 0 0 0 0 33 0 0 13 7 9 0 0 0 0 0 0 0 0 0 0 0 0 
 142 294 221 0 190 50 184 154 71 71 205 178 85 253 176 58 229 173 315 55 117 2 0 1 2 3 0 76 1 3 2 5 51 5 1 5 1 1 2 75 35 2 2 4 1 0 4 0 2 4 9 5 3 5 2 9 2 5 6 0 1 0 47 3 3 1 0 0 0 2 5 3 0 0 1 3 0 2 0 0 0 0 10 0 0 0 0 16 0 0 1 10 0 35 0 1 0 10 0 1 15 15 0 0 0 0 5 0 21 0 0 2 13 0 0 0 1 0 33 0 0 0 0 0 9 1 0 0 0 0 0 0 0 0 0 0 0 0 0 0 0 0 0 9 0 0 0 0 0 0 0 8 0 0 0 1 0 0 0 0 0 2 1 29 32 1 0 35 5 28 19 32 18 36 0 34 18 14 0 0 12 14 1 0 0 0 5 0 2 2 1 0 0 1 0 21 0 0 0 10 0 1 0 0 0 1 0 0 0 0 0 0 0 0 2 0 0 0 0 0 0 0 0 0 0 0 0 0 0 1 0 0 0 0 0 0 0 0 0 1 0 0 0 0 0 2 2 0 9 3 2 12 0 0 0 0 0 0 0 0 0 0 0 2 0 0 1 0 0 0 0 0 0 0 0 1 0 9 0 1 0 0 0 0 0 0 0 0 0 0 
 122 125 368 190 0 307 61 448 164 273 78 127 82 53 165 630 80 43 79 80 12 72 36 0 0 1 2 0 0 2 0 3 80 0 0 0 0 0 0 301 4 0 0 2 0 0 4 0 0 3 0 3 0 0 0 2 0 3 4 0 0 0 0 3 3 9 0 0 0 0 1 0 0 0 0 3 0 0 0 0 0 2 9 37 17 24 0 24 18 2 2 13 11 9 0 38 0 37 0 0 25 0 0 0 0 0 1 1 0 2 0 0 56 0 0 0 0 0 7 19 0 0 0 0 0 0 0 0 0 0 0 17 0 0 0 0 0 0 0 0 0 0 0 6 0 0 0 0 0 0 0 0 0 0 0 0 0 0 0 0 0 0 36 6 0 24 0 13 0 33 0 17 0 0 0 14 0 4 19 0 22 11 0 0 0 0 13 13 13 9 14 0 29 13 0 10 0 0 45 16 0 0 0 1 0 0 0 0 0 0 0 0 0 0 0 0 0 0 0 0 0 0 0 0 0 0 0 0 0 0 0 0 0 0 0 0 0 0 0 0 0 0 19 0 0 0 2 1 0 3 17 10 0 0 0 0 0 0 0 0 0 0 0 0 0 0 0 0 0 0 0 0 0 0 0 0 21 13 0 0 0 0 0 0 0 0 0 0 0 0 
 120 321 265 50 307 0 144 146 43 118 78 60 27 237 189 401 179 49 45 43 134 195 289 0 0 0 79 1 0 0 86 4 6 8 75 349 1 0 134 28 0 0 0 2 0 0 2 0 0 3 0 3 0 0 0 2 44 5 4 0 0 0 0 3 3 0 0 0 0 0 1 0 0 0 0 3 0 0 0 0 0 0 0 1 0 0 0 26 0 0 0 0 0 11 0 18 0 14 0 0 29 19 0 17 0 10 25 50 32 8 15 0 49 22 0 9 2 0 8 20 0 0 0 0 0 0 0 0 0 0 0 0 0 0 0 0 0 0 0 0 0 0 0 24 0 0 0 0 0 0 0 0 0 0 0 1 0 0 0 0 0 0 0 0 0 9 0 43 0 20 0 16 0 0 0 7 2 11 0 0 0 0 3 0 0 0 8 50 0 25 30 1 45 63 70 0 0 19 46 79 0 0 0 0 0 0 0 0 0 0 0 0 0 0 0 0 0 0 0 0 0 0 0 0 0 0 0 0 0 0 0 0 0 0 0 0 0 0 0 0 0 0 23 0 0 2 5 1 9 1 8 7 4 0 0 0 0 0 0 0 0 0 0 0 0 0 20 0 0 0 0 0 0 0 0 1 9 9 0 0 0 0 0 0 0 0 0 0 0 0 
 41 162 259 184 61 144 0 120 285 30 256 325 297 266 39 32 116 22 82 49 0 1 0 0 0 0 0 0 0 0 0 4 3 1 0 1 0 0 0 0 0 0 0 4 0 0 3 0 0 3 0 4 0 0 0 4 0 3 5 0 0 0 0 3 0 0 0 0 0 0 3 0 0 0 0 2 0 0 0 0 26 3 37 0 5 19 20 31 1 0 21 11 15 0 0 14 1 0 10 32 0 0 0 0 0 0 0 0 0 0 0 0 0 0 0 0 0 1 20 0 0 0 0 0 0 0 0 0 0 0 0 0 0 0 0 0 0 0 0 0 0 2 0 19 0 3 0 0 0 0 0 0 0 0 0 12 0 0 0 0 1 1 1 0 0 0 6 13 0 3 10 20 14 0 0 23 38 1 14 40 0 0 0 0 0 0 0 0 0 0 0 0 9 2 0 2 0 2 0 0 0 0 0 4 0 0 0 0 0 0 0 0 0 0 0 0 0 2 0 0 0 0 0 0 0 0 0 0 0 0 0 0 0 0 0 0 0 0 0 0 0 0 0 0 0 1 89 0 2 3 2 6 0 0 0 0 0 0 0 0 0 0 0 0 0 0 0 0 0 0 0 0 0 0 0 1 0 0 0 0 0 0 0 0 0 0 0 0 0 0 
 73 326 534 154 448 146 120 0 376 84 130 46 167 168 34 159 137 217 52 269 0 0 0 0 3 0 3 0 5 0 2 4 83 1 0 1 3 5 77 0 3 0 0 5 0 0 2 2 0 95 5 6 5 0 3 11 0 5 3 0 0 1 0 3 3 0 0 3 1 0 4 0 0 16 0 3 0 0 1 2 17 7 11 23 62 0 0 18 51 40 24 6 13 18 14 15 18 21 0 0 0 0 0 0 1 0 0 0 0 0 0 0 1 0 12 0 0 0 56 0 0 0 0 0 0 0 0 0 0 16 0 0 0 0 0 0 0 0 0 0 0 0 0 15 0 0 0 0 0 0 0 0 0 0 0 0 0 0 0 0 0 0 22 0 52 13 0 29 30 2 14 35 0 5 18 3 11 10 9 13 10 0 0 0 0 0 0 0 0 0 0 0 7 0 0 0 0 0 1 4 0 0 0 0 0 0 0 0 0 0 0 1 0 0 0 0 0 0 0 0 0 0 0 0 0 0 0 0 0 0 0 0 0 0 0 0 0 0 0 0 0 1 0 0 0 2 58 0 4 0 0 4 0 0 0 0 0 0 2 0 0 0 0 0 0 4 0 0 0 0 0 0 0 0 1 21 8 1 0 0 0 0 0 0 0 0 0 0 0 0 
 34 134 58 71 164 43 285 376 0 69 178 347 282 179 387 124 295 225 280 149 0 0 0 75 0 1 74 0 1 0 0 5 99 0 0 0 2 0 36 0 0 0 0 2 0 0 2 0 0 3 0 3 0 0 0 13 0 5 5 0 0 0 0 3 2 0 0 2 3 0 3 0 0 0 0 3 0 0 0 0 25 7 0 25 32 20 19 15 21 37 14 19 0 12 0 26 30 0 0 0 10 0 0 0 0 0 0 0 0 0 0 50 0 0 17 0 0 1 0 0 0 0 0 0 0 0 0 0 0 0 0 0 0 0 0 0 0 0 0 0 0 2 0 3 0 0 0 0 0 0 0 0 0 0 0 0 0 0 0 0 0 12 18 0 8 9 0 23 0 13 11 12 14 0 15 0 0 0 14 0 9 0 0 0 0 0 0 0 0 0 0 0 0 1 0 2 0 1 1 31 0 0 0 0 0 0 0 0 0 0 0 0 0 0 0 0 0 2 0 0 0 0 0 0 0 0 0 0 0 0 0 0 0 0 0 0 0 0 0 0 0 0 0 0 0 0 88 0 4 136 4 15 42 0 0 0 0 0 0 0 0 0 14 0 0 0 0 0 0 0 0 0 0 0 0 10 0 9 0 0 0 0 0 0 0 0 0 0 0 0 
 43 104 311 71 273 118 30 84 69 0 162 129 54 202 385 211 57 62 67 368 0 0 0 0 0 0 228 0 0 0 0 3 78 1 0 0 1 0 2 0 0 0 0 2 0 0 2 6 0 3 0 3 0 0 69 64 0 5 5 0 0 0 0 3 3 0 0 0 0 0 3 0 0 7 0 3 0 0 0 0 17 7 10 23 1 1 0 0 29 13 32 0 15 12 0 25 9 47 0 0 31 16 0 0 0 0 10 0 12 0 0 1 0 0 14 0 1 0 30 0 0 0 0 0 0 2 0 0 0 0 0 0 19 0 0 0 0 0 0 26 0 0 0 0 0 0 0 0 0 0 0 0 0 0 0 2 0 0 0 0 0 1 0 0 0 5 0 0 26 21 21 16 0 9 0 55 10 20 4 13 0 20 0 0 0 0 0 2 4 1 0 0 58 0 0 1 0 0 3 20 0 0 0 0 0 2 0 0 0 0 0 0 0 0 1 0 0 0 0 0 0 0 0 0 0 0 0 0 0 0 0 2 0 0 0 0 0 0 0 2 0 18 0 0 0 0 0 0 1 0 21 10 0 0 0 0 0 0 0 0 0 0 18 0 0 0 0 0 0 0 0 0 0 0 0 32 19 0 0 0 0 0 0 0 0 0 0 0 0 0 
 128 37 40 205 78 78 256 130 178 162 0 46 33 181 69 229 212 84 36 65 0 2 3 0 0 0 79 0 39 0 0 7 152 76 0 2 0 3 33 9 0 3 0 5 1 0 2 5 0 3 0 3 0 0 0 2 0 4 5 0 0 1 0 6 3 0 0 5 0 0 2 0 0 2 0 3 0 0 0 2 10 14 17 37 3 0 0 0 10 24 14 45 0 1 8 28 9 0 2 1 90 38 8 0 0 0 12 1 28 0 0 0 17 11 25 21 0 0 49 36 0 0 0 0 0 0 2 2 0 0 0 2 0 0 0 2 0 0 0 0 0 0 0 0 0 0 0 0 0 0 3 0 0 0 0 0 22 0 2 0 0 31 0 12 27 5 0 3 1 14 64 15 0 0 9 0 0 1 0 0 28 6 13 0 0 0 9 0 1 0 0 0 0 0 0 30 0 0 77 0 0 16 0 0 0 0 0 0 0 0 0 0 0 0 0 0 0 0 0 0 0 0 1 0 0 0 0 0 0 0 0 0 0 0 0 0 0 0 0 0 0 0 0 0 0 0 88 0 55 1 2 11 9 0 0 0 0 0 0 0 0 0 19 0 0 0 0 0 0 0 0 0 0 0 0 0 0 0 0 0 0 0 0 0 0 0 0 0 0 0 
 200 209 132 178 127 60 325 46 347 129 46 0 253 35 105 409 209 257 164 50 62 0 0 0 0 0 4 36 0 75 1 6 78 2 74 0 1 0 72 2 0 0 5 5 0 0 4 0 0 3 8 68 0 0 0 17 4 5 4 0 2 0 0 3 3 0 0 0 0 0 11 0 0 0 0 3 1 0 0 0 30 10 0 0 14 1 0 14 0 0 42 5 14 0 28 1 0 27 54 27 9 0 1 0 0 0 0 0 0 0 0 0 15 0 0 0 0 0 93 0 0 0 0 2 0 0 0 0 0 0 0 0 0 2 0 0 0 0 0 0 15 0 0 0 0 0 2 0 0 0 0 0 4 0 0 0 0 0 0 0 0 2 0 20 41 8 0 10 5 26 19 25 21 34 0 21 10 37 0 47 0 0 0 0 0 0 0 0 0 0 0 0 25 2 0 5 0 15 13 14 0 0 0 0 0 0 15 0 0 0 0 0 0 0 0 0 0 2 0 0 0 0 0 2 0 0 0 0 0 0 1 0 0 0 0 0 0 0 0 0 0 0 22 0 0 9 7 0 6 91 12 18 1 0 1 0 0 0 0 0 0 0 0 0 0 0 11 1 0 0 0 0 0 0 10 0 12 0 0 0 0 0 0 0 0 1 0 0 0 0 
 30 68 173 85 82 27 297 167 282 54 33 253 0 203 203 136 130 50 81 288 0 0 0 0 0 0 0 0 0 0 0 76 3 1 0 0 0 0 0 0 0 0 0 3 0 0 3 0 0 3 0 3 2 0 0 3 0 3 4 0 4 0 0 3 0 0 0 0 0 0 3 0 0 5 0 2 0 0 0 0 65 21 27 0 18 0 27 1 50 31 10 0 13 9 18 0 41 34 1 10 0 0 1 0 0 0 0 0 0 0 3 1 0 0 0 0 2 0 0 0 0 0 0 0 0 0 0 0 0 0 0 0 0 0 0 0 0 0 0 0 0 0 0 0 2 0 0 0 0 0 0 1 0 0 0 0 0 0 1 0 15 10 12 12 0 0 13 0 46 0 9 1 6 2 51 2 65 47 5 13 0 0 0 0 0 0 0 0 0 0 1 0 1 0 0 0 0 0 2 2 0 0 0 0 7 0 0 0 0 0 0 0 0 0 0 0 0 0 0 0 0 0 0 0 0 0 2 0 0 0 0 0 0 0 1 0 0 0 2 0 0 0 0 0 0 0 2 0 2 91 2 87 42 0 0 0 0 0 0 0 0 0 0 0 0 0 0 0 0 0 0 0 0 0 0 21 0 0 0 0 0 0 0 0 0 0 0 0 0 0 
 126 49 37 253 53 237 266 168 179 202 181 35 203 0 75 217 133 131 81 169 0 0 0 0 0 0 0 0 0 0 0 3 3 1 1 0 0 0 0 0 0 0 0 2 0 0 2 0 0 3 0 4 0 0 0 3 0 3 5 0 0 0 0 3 3 0 0 4 0 0 3 0 0 0 0 3 0 0 0 0 9 35 26 11 6 16 13 0 53 20 27 0 0 0 45 40 23 0 0 43 0 0 0 0 0 0 0 0 0 0 0 0 0 0 0 0 0 0 31 0 0 0 0 0 0 0 0 0 0 0 0 0 0 0 0 0 0 0 0 0 0 0 0 0 0 0 0 0 0 0 0 0 0 0 0 5 21 0 0 0 17 12 0 1 20 0 0 10 1 12 0 35 0 12 27 13 20 16 48 14 0 1 0 0 0 0 0 0 0 0 0 0 9 0 0 0 0 0 0 0 0 0 0 0 0 0 0 0 0 0 0 0 0 0 0 0 0 0 0 0 0 0 0 0 0 0 0 0 0 0 0 0 0 0 0 0 0 0 0 0 0 0 0 0 0 0 87 0 0 2 0 15 30 0 0 0 0 0 0 0 0 0 0 0 0 0 0 0 0 0 0 0 0 0 1 0 7 0 0 0 0 0 0 0 0 0 0 0 0 0 
 344 155 132 176 165 189 39 34 387 385 69 105 203 75 0 165 147 291 65 107 17 0 0 0 77 0 3 3 0 2 0 207 77 0 4 3 0 0 73 1 0 3 2 2 1 0 2 1 0 3 0 3 0 0 0 2 0 3 5 2 0 0 0 3 45 1 0 19 0 0 1 0 0 0 40 3 0 0 0 0 0 13 15 21 20 11 22 52 19 0 17 12 0 19 81 0 6 29 0 1 10 0 0 0 0 0 0 0 0 0 0 0 14 19 0 0 0 0 12 0 0 0 0 0 0 0 0 0 0 0 0 0 0 0 0 0 0 0 0 0 0 0 0 5 0 0 0 0 0 0 0 0 0 0 0 0 0 0 0 0 22 10 18 13 14 23 0 12 0 18 0 32 53 0 1 13 0 10 14 0 10 2 0 0 0 0 0 0 0 0 0 0 22 0 0 0 0 0 33 0 0 0 0 0 0 0 0 0 0 0 0 0 0 14 0 0 0 0 0 0 0 0 0 0 0 0 0 0 0 0 0 0 0 0 0 0 14 0 0 0 0 0 0 0 0 2 0 2 1 125 19 9 0 0 0 0 0 0 0 0 0 0 0 0 0 0 0 0 0 0 0 0 0 0 0 0 11 9 0 0 0 0 0 0 0 0 0 0 0 0 
 73 136 341 58 630 401 32 159 124 211 229 409 136 217 165 0 95 160 188 122 0 0 0 0 0 1 2 0 0 6 2 3 5 3 4 3 1 2 0 74 2 3 3 2 0 0 4 0 0 6 0 3 0 0 2 3 0 5 3 0 0 0 5 3 3 2 0 4 1 0 2 0 1 8 0 3 0 0 1 3 0 30 23 13 14 7 0 15 55 63 17 0 0 12 9 33 18 22 0 0 2 0 0 0 0 0 0 0 1 0 0 0 10 0 0 0 0 0 7 1 0 0 0 0 0 0 24 0 0 0 0 0 0 0 0 0 0 0 0 0 0 0 2 0 0 1 0 0 2 0 0 0 0 0 0 0 0 0 0 0 0 0 0 19 0 0 0 0 48 30 6 0 0 56 11 4 0 33 1 6 0 0 0 0 0 0 2 0 0 0 0 0 1 0 0 0 0 0 22 6 0 0 2 0 0 0 0 0 0 2 0 0 0 0 0 0 0 0 0 0 0 0 0 0 0 0 0 0 2 0 0 0 0 0 0 0 0 13 0 0 0 0 0 0 0 2 3 2 2 2 20 16 10 0 0 0 0 0 0 0 0 0 0 0 0 0 0 0 0 1 0 0 0 0 0 15 29 0 0 0 0 0 0 0 0 0 0 0 0 1 
 29 49 184 229 80 179 116 137 295 57 212 209 130 133 147 95 0 265 243 36 2 4 5 6 3 1 0 2 0 0 0 7 4 0 0 5 2 1 5 0 0 0 0 2 0 2 2 0 0 4 3 3 58 65 0 6 5 3 8 0 0 0 2 5 3 0 0 27 0 0 0 0 3 3 0 4 0 0 2 0 0 7 0 3 15 28 19 12 31 30 19 26 2 1 22 23 32 15 0 12 0 0 0 0 0 0 0 0 0 0 0 0 1 0 0 0 0 0 12 0 0 0 0 0 15 2 0 0 0 0 0 0 0 0 0 0 0 0 0 0 0 0 0 21 0 0 0 0 0 0 0 0 0 0 0 14 0 0 0 0 0 22 11 3 29 0 0 29 24 29 0 41 0 14 10 12 13 1 0 0 0 0 0 0 0 0 0 2 0 0 0 0 1 16 0 0 0 0 7 0 0 0 0 0 0 0 0 0 0 0 0 0 0 0 0 0 0 0 0 0 0 0 0 0 0 0 0 1 0 8 0 2 0 0 0 0 0 0 5 1 0 0 0 0 0 0 174 1 3 171 0 9 0 0 0 0 0 0 0 0 0 0 0 0 0 1 0 0 0 0 0 0 0 2 0 0 0 0 0 0 0 0 0 0 0 0 0 0 0 0 
 22 544 199 173 43 49 22 217 225 62 84 257 50 131 291 160 265 0 38 240 0 1 2 3 0 0 1 0 0 0 0 3 3 0 0 5 0 2 3 38 0 0 0 3 0 0 3 0 0 3 7 3 0 6 0 9 2 3 5 0 0 0 2 3 1 0 51 4 0 0 3 0 0 0 0 4 0 0 0 0 0 12 6 1 27 33 17 11 23 46 53 30 0 0 0 38 19 16 0 30 1 0 0 0 0 0 0 0 0 0 0 0 1 0 0 0 0 2 46 0 2 0 0 0 16 0 0 13 0 0 0 0 0 0 0 0 0 0 0 0 0 2 0 0 0 0 0 0 0 0 0 0 0 0 0 3 1 0 0 0 0 21 3 0 31 15 0 43 31 0 1 30 0 25 19 17 15 8 0 0 0 0 0 0 0 0 0 0 0 0 0 0 12 0 0 1 0 0 22 0 0 0 0 0 0 0 0 0 0 0 0 0 0 0 0 0 0 0 0 0 0 0 0 0 0 0 0 0 0 0 0 0 0 0 0 0 0 0 0 0 0 0 0 0 0 0 173 2 2 50 3 8 0 0 0 0 0 0 0 0 0 0 0 0 0 0 0 0 0 0 0 0 0 0 0 0 0 0 0 0 0 0 0 0 0 0 0 0 0 0 
 350 51 39 315 79 45 82 52 280 67 36 164 81 81 65 188 243 38 0 165 0 0 0 0 0 2 0 0 1 0 0 78 3 2 0 0 0 0 0 0 0 0 0 2 0 0 2 63 0 3 0 3 0 0 0 4 0 4 5 0 0 0 0 3 1 0 0 0 0 0 3 0 0 0 0 3 0 0 0 0 37 0 25 0 0 0 0 10 0 0 0 0 15 1 15 0 1 0 17 0 0 0 0 0 0 0 0 0 0 0 0 0 0 0 0 0 0 0 0 0 0 0 0 0 0 0 0 0 0 0 0 0 0 0 0 0 0 0 0 0 0 0 0 0 0 1 0 21 0 0 0 0 4 0 1 0 0 0 0 0 5 1 3 1 18 0 17 12 0 0 66 12 28 0 0 3 20 0 19 70 0 0 0 0 0 0 0 0 0 0 0 0 0 0 0 0 0 0 1 0 0 0 0 0 0 0 0 1 0 0 0 0 0 0 0 0 0 0 0 0 0 0 0 0 0 1 0 0 0 0 0 0 0 0 0 0 0 0 0 0 0 0 0 0 0 3 0 2 0 2 2 4 0 0 0 0 0 0 0 0 0 0 0 0 0 0 0 0 0 0 0 0 0 0 0 0 0 0 0 0 0 0 0 0 0 0 0 0 0 0 
 57 239 40 55 80 43 49 269 149 368 65 50 288 169 107 122 36 240 165 0 6 2 0 0 0 0 0 0 0 0 0 4 77 1 0 0 0 0 0 0 0 0 0 2 0 0 2 0 0 3 0 3 0 0 0 3 0 5 5 0 0 0 0 3 3 0 20 0 0 0 3 0 0 0 0 3 0 0 0 0 33 26 5 0 17 0 0 25 24 25 23 0 2 30 6 0 28 0 0 15 2 0 0 0 0 0 0 0 0 0 17 1 6 0 0 0 0 0 0 0 0 0 0 0 0 2 0 0 0 0 0 0 0 0 0 0 0 0 0 0 0 0 0 12 0 0 0 0 0 0 0 0 0 0 0 12 0 2 0 0 22 1 26 25 0 0 7 0 32 1 0 0 15 10 14 0 1 27 9 0 0 10 2 10 0 0 0 2 0 0 0 0 0 0 0 0 15 0 0 0 0 0 0 0 0 2 0 0 0 0 0 0 0 0 1 0 0 0 0 0 0 0 0 4 0 0 0 0 0 2 0 0 0 0 0 0 0 0 0 2 0 0 0 0 0 3 3 0 0 0 0 7 0 0 0 0 0 0 0 0 0 0 0 0 0 0 0 0 0 0 0 0 0 0 0 0 0 0 0 0 0 0 0 0 0 0 0 0 0 0 
 0 0 0 117 12 134 0 0 0 0 0 62 0 0 17 0 2 0 0 6 0 271 197 36 69 39 424 322 49 44 247 107 347 118 130 101 316 66 114 106 0 3 4 4 0 0 0 0 0 0 0 6 0 0 0 1 0 4 63 0 6 0 0 48 0 0 0 0 51 0 0 0 0 2 0 0 0 3 0 0 0 0 1 0 1 20 0 0 0 0 0 10 1 0 0 0 0 0 1 0 27 0 10 78 0 0 20 17 7 13 56 0 25 6 0 22 39 1 32 37 0 0 0 7 0 0 1 0 0 0 0 0 0 3 0 0 0 0 0 11 0 0 0 0 0 1 0 0 9 0 4 0 0 23 0 0 4 0 0 0 6 0 0 1 0 0 0 0 4 0 0 0 0 0 0 0 0 0 0 0 0 0 13 0 4 9 22 25 41 26 24 0 36 49 0 27 28 20 12 32 23 0 0 0 0 0 0 0 0 0 0 0 0 0 0 0 0 0 0 0 0 0 0 0 0 0 16 0 0 0 0 0 0 0 0 2 0 0 0 0 0 0 12 0 0 0 0 0 0 0 0 0 0 0 3 1 3 0 0 2 0 0 0 0 0 0 13 0 0 0 0 0 0 0 0 0 0 0 0 0 0 0 0 0 0 0 0 0 0 0 
 0 0 2 2 72 195 1 0 0 0 2 0 0 0 0 0 4 1 0 2 271 0 257 265 30 239 251 155 145 76 34 74 118 42 110 217 132 163 173 161 0 3 6 6 7 64 1 4 3 5 5 6 66 2 0 5 3 7 29 0 0 2 0 0 3 2 1 3 0 0 49 3 4 3 4 4 1 56 46 0 0 0 0 0 0 0 0 0 0 0 0 0 0 0 0 0 1 0 0 0 14 12 0 12 0 15 66 49 49 43 45 0 22 23 0 57 33 2 0 12 23 0 0 0 0 0 0 0 1 2 0 0 0 12 0 0 0 0 0 0 0 0 0 0 0 12 0 0 0 0 0 0 0 0 0 0 4 0 0 5 0 0 0 0 0 0 0 0 0 0 1 0 0 0 0 0 0 0 0 0 0 2 2 22 23 0 10 39 15 13 25 18 19 32 23 0 10 21 11 41 7 0 0 0 0 2 0 0 0 0 0 0 0 0 0 0 0 0 0 0 0 0 0 0 0 0 0 0 0 0 0 2 0 0 0 0 0 0 0 0 0 0 9 0 0 1 0 0 0 0 0 0 0 0 7 0 0 1 0 0 2 7 3 0 0 0 6 2 0 0 0 0 0 0 0 0 0 0 0 0 0 0 0 0 0 0 0 0 0 0 
 2 0 0 0 36 289 0 0 0 0 3 0 0 0 0 0 5 2 0 0 197 257 0 123 354 108 67 213 489 77 151 58 70 46 41 174 41 120 244 145 0 3 3 0 0 0 0 0 0 0 0 2 1 3 0 0 0 3 64 63 0 0 0 7 0 0 0 0 9 0 0 1 0 2 0 0 0 3 0 0 0 0 0 0 0 15 0 0 0 0 0 0 0 0 0 0 0 0 0 0 3 9 15 23 3 23 0 2 0 0 26 29 2 22 7 0 14 0 0 20 0 8 0 0 0 0 23 8 9 8 0 0 6 8 0 6 0 0 21 21 0 0 0 0 0 0 0 0 0 0 0 0 0 0 0 0 0 0 0 0 0 0 0 0 0 0 0 0 0 0 0 0 7 0 0 0 0 0 0 0 0 0 0 24 49 6 0 49 34 7 18 0 0 20 0 0 52 0 3 1 58 1 0 0 0 0 3 0 8 0 0 0 0 0 0 0 0 0 8 10 0 0 0 0 0 0 0 0 0 0 0 0 0 0 0 0 0 0 0 0 0 0 17 0 0 1 0 0 0 0 0 0 0 0 8 0 2 0 0 1 0 2 0 0 0 0 0 0 0 0 0 0 0 0 0 0 0 0 0 0 5 0 0 0 0 0 0 0 0 0 
 3 0 0 1 0 0 0 0 75 0 0 0 0 0 0 0 6 3 0 0 36 265 123 0 275 343 86 94 696 305 190 289 69 385 111 376 218 67 298 55 23 3 3 0 0 0 34 0 0 0 1 3 68 0 0 0 0 4 74 62 0 0 0 1 0 0 0 0 51 0 0 0 0 3 0 0 0 2 0 29 0 0 0 0 0 0 0 0 0 0 0 0 0 0 0 0 0 0 0 0 0 1 0 20 34 30 0 0 0 25 24 4 0 17 0 20 17 12 0 0 7 7 0 0 0 0 9 9 16 0 1 0 9 9 10 0 0 0 10 9 0 0 0 0 0 0 0 0 0 0 0 0 0 0 0 0 0 0 0 0 6 0 0 0 0 5 0 0 4 0 4 0 0 0 0 0 0 0 0 6 6 0 0 0 0 23 1 0 20 9 8 13 15 0 1 27 0 17 0 0 0 13 0 7 0 0 8 25 0 0 0 0 0 35 21 10 17 0 123 20 0 0 0 0 0 0 0 0 0 0 0 0 0 0 0 0 0 0 0 0 0 0 0 0 0 0 0 0 0 0 0 0 0 0 9 0 4 101 45 3 4 2 0 0 0 0 0 0 0 0 0 0 0 0 0 0 0 0 0 0 0 8 0 0 2 14 11 0 0 0 
 0 0 0 2 0 0 0 3 0 0 0 0 0 0 77 0 3 0 0 0 69 30 354 275 0 163 68 72 339 194 162 160 176 68 88 231 71 148 76 59 0 3 3 0 0 0 93 0 0 8 0 3 89 98 52 68 0 66 73 31 0 0 0 3 1 0 0 0 5 0 0 0 0 3 0 0 0 2 0 0 0 0 0 0 0 0 0 28 0 0 0 0 0 0 0 0 0 0 0 0 0 0 0 24 28 16 0 0 0 0 0 0 0 0 1 0 0 39 0 0 0 0 39 2 0 0 23 12 20 4 0 0 34 19 0 0 28 20 63 0 0 0 0 0 0 0 0 0 0 0 0 0 0 0 0 0 2 0 0 6 0 2 0 0 0 3 0 0 0 0 2 0 0 0 9 0 0 0 0 1 0 0 0 32 18 13 0 0 1 0 22 21 0 0 0 13 18 25 0 0 12 1 3 10 0 0 30 134 13 0 0 0 14 15 16 36 44 49 29 0 0 0 0 0 0 0 0 0 0 0 0 0 0 0 0 0 12 0 0 0 0 0 0 0 0 1 0 0 0 0 0 0 0 0 9 2 4 50 0 0 5 0 18 0 0 0 0 0 0 0 0 0 0 0 0 0 0 0 0 0 0 0 28 0 38 0 10 0 0 0 
 0 0 0 3 1 0 0 0 1 0 0 0 0 0 0 1 1 0 2 0 39 239 108 343 163 0 48 109 84 79 105 219 57 48 125 110 63 171 50 40 65 3 70 0 0 0 68 29 0 70 0 3 21 63 63 0 0 3 1 1 0 5 0 0 8 0 4 0 0 0 6 2 0 2 0 0 0 3 0 0 0 0 0 0 0 0 0 0 0 0 0 0 0 0 0 0 0 0 1 1 0 0 14 0 21 1 0 0 0 0 0 18 0 2 19 0 0 9 0 0 4 2 23 0 0 0 13 1 3 1 17 0 12 9 13 10 13 21 18 15 0 0 0 0 0 0 0 0 0 0 0 1 0 0 0 0 0 0 0 0 0 0 0 0 0 3 0 0 0 0 2 0 0 0 0 0 0 0 0 1 0 0 10 18 35 1 0 0 7 9 12 7 0 0 0 25 10 9 0 0 19 1 1 0 0 0 30 45 12 0 2 0 13 1 13 24 48 7 24 33 1 0 0 0 0 0 0 0 0 0 0 0 0 0 0 0 0 0 0 0 0 0 0 0 0 0 0 0 0 0 0 0 0 0 9 0 0 83 0 0 10 0 0 0 0 0 0 0 0 0 0 0 0 0 0 0 0 0 0 0 0 14 19 0 37 0 0 0 0 1 
 0 110 24 0 2 79 0 3 74 228 79 4 0 0 3 2 0 1 0 0 424 251 67 86 68 48 0 119 48 34 240 115 194 42 47 46 49 24 131 24 5 9 3 0 1 0 5 7 0 1 0 3 5 3 0 2 1 4 5 4 6 6 0 0 0 0 5 5 0 48 2 2 5 7 0 0 0 4 3 2 0 0 11 30 18 12 0 0 5 0 12 0 0 0 0 19 13 0 13 0 31 20 48 14 0 0 14 11 8 9 0 0 16 10 36 0 0 35 1 7 0 0 0 0 0 1 10 0 0 0 0 0 8 0 0 0 0 0 19 0 0 0 0 0 0 0 0 0 2 0 1 0 0 0 0 0 0 0 0 0 0 0 56 0 0 10 0 0 0 0 0 1 0 0 0 20 0 1 0 0 11 11 14 2 0 14 42 1 36 0 0 16 18 0 0 0 0 0 12 49 0 0 0 23 0 0 27 0 0 0 0 0 4 0 0 0 0 0 0 0 0 0 0 0 0 0 0 0 0 0 0 0 0 0 0 0 0 0 0 1 0 9 0 0 0 0 0 0 0 0 0 0 0 0 5 2 4 0 0 0 6 0 0 0 0 0 0 0 0 0 0 0 0 0 0 1 0 0 0 0 0 0 0 0 0 0 0 20 0 0 
 0 2 0 76 0 1 0 0 0 0 0 36 0 0 3 0 2 0 0 0 322 155 213 94 72 109 119 0 486 137 267 42 176 69 231 280 131 356 564 41 0 3 3 0 0 0 0 0 0 0 0 3 6 0 0 0 0 3 65 0 0 0 0 0 0 0 2 0 0 0 0 0 0 3 0 0 0 2 1 0 0 0 0 0 1 0 0 0 0 0 0 0 0 0 0 0 0 0 0 0 0 16 21 25 20 36 0 1 6 19 30 44 0 14 17 29 44 0 40 2 8 0 2 0 0 0 0 1 0 0 0 0 0 7 1 0 0 0 0 24 0 0 0 0 0 0 0 0 0 0 9 0 0 0 0 0 0 0 0 0 5 0 0 0 1 16 0 0 4 0 4 0 0 0 0 0 0 0 0 6 8 17 15 1 18 37 1 21 65 11 30 19 15 1 1 1 97 35 0 29 51 0 0 0 1 0 3 1 0 0 0 0 0 20 0 0 0 1 14 24 0 0 0 0 0 0 0 0 0 0 0 0 0 0 0 0 0 0 0 0 0 0 0 0 0 0 0 0 0 0 0 0 0 0 13 0 0 0 2 2 3 0 0 0 0 0 8 0 0 0 0 0 0 0 0 0 0 0 0 0 0 10 0 0 0 0 0 0 0 0 
 0 0 0 1 0 0 0 5 1 0 39 0 0 0 0 0 0 0 1 0 49 145 489 696 339 84 48 486 0 425 205 42 82 106 288 160 35 137 81 62 0 3 3 0 0 0 63 0 0 70 8 13 3 0 0 0 0 3 62 20 0 0 0 25 0 0 0 2 6 0 0 0 0 3 0 0 0 2 0 0 10 0 0 0 0 0 0 0 0 0 0 0 0 0 0 0 0 0 0 0 0 12 27 23 14 11 0 0 0 13 32 34 0 4 12 10 39 0 0 0 12 0 0 0 0 0 0 0 0 0 0 0 1 11 0 10 0 1 0 19 0 0 0 0 0 0 0 0 0 2 0 0 0 0 0 0 0 0 0 0 9 0 6 0 0 0 0 0 6 0 0 0 0 0 0 0 0 0 0 0 37 25 10 13 26 36 0 1 17 8 19 15 0 0 9 2 42 10 0 0 77 15 0 0 0 0 34 0 0 0 0 0 0 0 19 0 0 0 11 50 1 0 0 0 0 0 0 0 0 0 0 0 0 0 0 0 0 0 0 0 0 0 0 0 0 0 0 0 0 0 0 0 0 0 17 0 1 10 78 0 20 1 0 0 0 0 0 0 0 0 0 1 0 0 0 0 0 0 0 0 0 30 0 0 0 0 12 0 0 0 
 0 0 0 3 2 0 0 0 0 0 0 75 0 0 2 6 0 0 0 0 44 76 77 305 194 79 34 137 425 0 166 61 108 166 484 301 208 76 72 154 0 4 3 2 1 3 17 4 2 23 2 5 209 4 0 1 2 4 1 61 2 2 3 9 0 0 0 2 1 3 0 0 0 2 0 3 4 5 0 0 0 12 0 0 0 0 0 0 54 0 0 0 0 0 0 0 0 0 0 0 0 2 20 20 21 16 1 21 1 32 33 1 0 12 0 56 55 6 0 0 17 8 0 0 0 0 0 0 0 0 0 0 3 7 1 0 0 2 0 33 0 0 0 0 0 0 0 0 0 2 0 0 0 0 0 0 13 0 0 3 7 0 0 0 0 9 0 0 5 0 24 0 0 0 0 0 0 0 0 9 9 56 24 9 13 34 14 0 33 24 21 1 1 10 0 0 1 69 0 28 0 39 0 0 0 0 4 0 0 0 0 0 0 19 18 0 0 0 41 39 2 0 0 0 0 0 0 0 0 0 0 0 0 0 0 0 19 0 2 0 0 0 0 0 0 0 0 0 0 2 0 0 0 0 6 2 2 78 80 2 1 13 0 0 0 0 0 0 0 0 0 4 0 0 0 0 0 0 0 18 0 9 0 0 0 0 3 0 0 0 
 2 4 0 2 0 86 0 2 0 0 0 1 0 0 0 2 0 0 0 0 247 34 151 190 162 105 240 267 205 166 0 117 49 151 210 88 142 325 65 36 87 3 3 0 0 0 37 1 0 2 0 3 62 0 0 0 0 3 2 97 6 0 3 5 0 0 0 0 4 0 0 0 0 5 0 0 3 5 0 0 0 5 0 0 0 0 0 0 0 0 0 6 0 0 0 0 0 0 0 0 0 0 36 10 18 0 0 20 0 17 19 21 0 26 19 17 24 0 0 0 12 19 0 0 0 2 16 7 11 8 0 0 2 30 0 0 0 0 11 14 0 0 0 0 0 0 0 0 0 0 0 0 0 0 0 0 0 0 0 2 0 0 0 0 0 0 0 24 0 0 0 9 0 0 0 0 0 0 1 12 9 20 0 4 37 12 9 18 1 0 0 17 0 0 23 0 20 18 0 0 35 27 0 0 0 0 16 0 1 0 0 0 0 16 17 18 0 0 15 4 0 0 0 0 0 0 0 0 0 1 0 0 0 0 0 0 0 0 0 2 0 0 0 0 0 0 0 0 0 0 0 0 0 0 26 0 1 75 75 0 5 1 0 0 0 0 0 0 0 0 0 0 0 0 0 0 0 0 0 0 0 9 0 0 0 15 2 0 0 0 
 3 3 4 5 3 4 4 4 5 3 7 6 76 3 207 3 7 3 78 4 107 74 58 289 160 219 115 42 42 61 117 0 53 224 98 84 175 286 283 33 79 64 3 0 0 0 62 0 5 11 0 3 1 0 0 0 0 6 0 0 0 0 0 0 0 0 0 0 0 0 5 0 0 2 0 0 0 9 0 0 0 8 0 0 0 0 0 0 13 14 0 0 0 1 0 0 7 8 0 0 0 14 0 3 1 0 16 15 5 0 14 0 0 15 1 12 0 9 0 0 0 22 20 0 0 0 28 7 24 14 0 0 19 10 24 19 3 20 2 6 0 0 15 0 0 0 0 0 0 1 0 1 0 0 0 0 0 0 0 0 7 11 0 14 0 0 15 0 13 0 0 0 13 2 8 0 11 0 11 0 0 0 12 0 0 49 0 0 21 9 14 19 0 18 10 0 1 0 0 0 4 18 11 0 0 0 10 17 37 0 14 0 24 0 49 22 22 0 17 0 0 0 0 0 0 0 0 0 2 0 0 0 0 0 0 2 0 0 0 0 0 0 0 0 0 0 2 0 0 0 0 28 0 0 9 2 1 2 0 3 1 0 0 0 0 0 0 0 0 0 0 0 0 0 0 0 0 0 0 0 0 0 31 0 10 24 0 0 0 0 
 3 3 5 51 80 6 3 83 99 78 152 78 3 3 77 5 4 3 3 77 347 118 70 69 176 57 194 176 82 108 49 53 0 151 60 64 51 27 187 246 0 3 7 0 0 0 0 2 0 0 0 3 0 3 0 0 0 5 0 0 0 0 0 0 0 1 0 0 0 2 0 0 0 3 0 0 0 2 45 0 0 0 10 27 22 11 0 1 38 1 0 1 2 19 0 11 14 3 0 0 25 0 18 7 10 0 0 13 0 8 0 2 14 10 60 0 1 0 28 8 0 0 0 0 0 0 1 0 0 0 0 0 0 0 0 0 0 0 0 10 0 2 0 3 0 2 2 0 0 0 0 0 0 0 0 0 0 0 0 0 0 1 8 0 0 10 0 8 2 0 0 1 0 0 0 1 0 0 0 0 20 0 13 0 0 7 0 0 0 8 12 0 0 12 0 10 0 14 9 43 0 0 0 0 0 0 0 0 0 0 0 0 0 0 0 0 0 0 0 0 0 0 0 0 0 0 0 0 0 0 0 0 0 0 0 0 0 0 0 0 0 1 0 0 0 0 1 0 0 0 0 0 0 0 13 0 0 0 0 0 2 2 17 0 0 0 0 0 0 0 0 0 0 0 0 10 1 9 0 20 0 0 0 0 0 0 0 0 0 0 
 1 2 3 5 0 8 1 1 0 1 76 2 1 1 0 3 0 0 2 1 118 42 46 385 68 48 42 69 106 166 151 224 151 0 161 368 56 22 97 136 0 64 3 0 0 0 0 62 0 0 0 3 2 2 1 0 0 5 2 0 0 0 0 0 0 0 0 0 0 0 0 0 0 3 0 0 0 2 0 0 0 0 0 0 0 11 0 0 0 0 0 5 0 2 15 0 0 0 0 0 11 0 0 2 3 0 18 37 26 16 20 9 1 32 0 26 6 10 5 13 0 12 0 0 0 0 2 0 2 0 0 0 0 0 0 0 0 0 0 0 0 0 0 0 0 3 2 0 0 0 4 0 0 6 0 0 0 0 0 0 0 0 0 2 0 0 0 1 2 0 17 0 0 1 0 0 0 0 0 0 8 1 38 0 0 1 28 1 0 18 15 1 33 25 27 30 0 28 1 35 0 0 0 0 0 0 0 0 0 0 0 0 0 0 0 0 0 0 0 0 0 0 0 0 0 0 0 0 1 0 1 4 0 0 0 1 0 0 0 1 0 0 0 0 0 0 0 0 0 0 0 0 0 0 9 2 1 0 78 2 0 0 0 0 0 0 0 0 0 0 0 0 0 0 0 0 0 0 0 18 0 1 0 0 0 0 0 0 2 0 
 3 0 0 1 0 75 0 0 0 0 0 74 0 1 4 4 0 0 0 0 130 110 41 111 88 125 47 231 288 484 210 98 60 161 0 776 109 319 333 201 3 6 6 0 2 3 0 0 0 5 0 3 75 2 0 0 2 5 4 0 0 0 0 0 1 3 0 0 0 2 0 3 5 5 2 2 1 6 8 0 0 0 0 0 0 2 0 0 0 0 0 0 0 0 0 0 0 0 0 0 0 16 29 10 34 51 0 21 24 44 2 68 0 20 8 46 23 0 0 0 8 0 0 0 0 0 0 1 0 17 0 0 0 0 0 0 0 0 0 25 0 0 0 0 0 0 0 0 0 0 0 0 0 0 0 0 0 0 0 0 4 0 0 0 0 20 0 0 26 0 7 0 0 0 0 0 0 0 0 4 0 19 23 4 32 39 0 13 21 28 13 19 18 18 2 1 33 48 4 13 19 0 0 0 0 0 0 0 0 0 0 0 0 11 0 0 0 0 15 18 0 0 0 0 4 0 0 0 0 0 0 0 0 7 0 0 0 0 0 0 0 0 0 0 0 0 0 0 1 0 0 0 0 0 19 1 0 0 5 0 2 0 0 0 0 0 6 0 0 0 0 0 0 0 0 1 0 0 0 13 0 9 0 0 0 0 0 0 0 0 
 0 0 0 5 0 349 1 1 0 0 2 0 0 0 3 3 5 5 0 0 101 217 174 376 231 110 46 280 160 301 88 84 64 368 776 0 124 96 127 141 0 6 2 0 0 0 0 0 63 0 0 2 1 0 0 0 0 3 64 0 0 0 0 1 0 0 0 0 0 0 0 0 4 8 0 0 1 3 6 0 0 0 0 0 0 0 0 0 0 0 0 0 0 0 0 0 1 0 0 0 0 12 34 8 2 26 15 35 39 13 26 40 0 16 18 34 24 24 0 0 1 0 0 0 0 0 1 7 1 2 0 0 0 0 0 9 0 0 14 10 0 0 0 0 0 0 0 0 0 0 0 0 0 0 0 0 0 0 0 0 4 0 0 0 0 8 0 0 9 0 22 0 0 0 0 0 0 0 0 8 0 0 0 39 22 6 2 20 42 18 36 0 28 30 10 34 13 26 2 17 82 0 0 0 0 2 19 0 0 0 0 0 0 19 0 3 0 0 0 63 0 0 0 0 0 0 0 0 0 0 0 2 0 0 0 0 0 0 0 0 0 15 13 0 0 1 0 0 2 0 0 0 0 0 7 0 1 1 1 0 3 2 0 0 0 2 7 2 0 0 2 0 0 0 0 3 0 1 0 0 0 15 0 0 0 0 0 0 0 0 
 2 0 1 1 0 1 0 3 2 1 0 1 0 0 0 1 2 0 0 0 316 132 41 218 71 63 49 131 35 208 142 175 51 56 109 124 0 33 138 40 0 3 3 0 0 0 0 1 0 0 0 3 62 0 0 0 0 5 1 40 1 0 0 0 0 0 7 0 0 0 0 0 0 2 0 0 0 3 0 0 0 0 0 0 0 0 0 0 0 0 0 2 0 0 0 0 0 0 2 0 0 0 20 12 1 2 23 23 15 1 62 9 0 20 10 11 10 68 1 0 0 0 0 0 0 3 1 0 0 0 0 0 0 19 0 0 0 0 1 0 0 0 2 0 0 0 0 0 13 0 0 0 0 2 0 0 4 0 0 0 6 0 9 0 0 15 0 0 14 0 0 0 0 2 0 0 0 0 0 0 36 31 15 9 0 33 29 0 46 1 13 35 31 15 14 29 0 0 0 23 0 0 0 0 0 0 0 0 0 0 0 0 4 2 0 40 0 0 13 8 0 0 0 0 1 6 0 0 2 0 0 0 0 0 0 2 0 0 0 0 0 0 0 0 0 0 0 0 0 0 0 0 0 0 11 1 0 2 155 0 21 15 0 0 0 0 0 0 0 0 0 0 0 0 0 0 0 0 0 0 0 0 0 0 0 20 0 0 0 0 
 0 0 2 1 0 0 0 5 0 0 3 0 0 0 0 2 1 2 0 0 66 163 120 67 148 171 24 356 137 76 325 286 27 22 319 96 33 0 242 241 20 12 0 0 16 63 64 0 0 0 0 0 70 21 1 22 0 2 64 0 0 0 0 0 0 0 0 2 0 0 0 0 0 0 0 0 0 0 0 0 0 0 0 0 0 0 0 0 0 0 0 0 0 0 0 0 0 0 0 0 0 21 21 10 70 21 0 0 0 0 15 33 0 0 18 0 13 3 0 0 10 0 0 10 0 0 12 9 12 56 0 0 0 0 0 23 1 0 3 9 0 0 0 0 0 0 0 0 0 0 0 47 0 0 0 1 0 0 0 0 0 0 0 0 0 0 0 0 0 0 0 17 0 0 0 0 2 0 0 0 0 0 15 27 48 19 0 13 13 9 50 27 0 0 0 0 41 0 0 14 62 12 0 0 0 0 21 14 0 0 0 0 1 3 0 26 0 0 0 21 0 0 0 0 0 0 0 0 0 0 0 0 0 0 0 0 0 0 0 0 0 0 0 0 0 0 0 0 0 0 0 3 0 0 9 0 3 0 0 0 0 0 0 0 0 0 0 0 0 0 0 0 0 0 0 0 0 0 0 0 0 15 0 0 1 0 0 0 0 0 
 3 0 2 2 0 134 0 77 36 2 33 72 0 0 73 0 5 3 0 0 114 173 244 298 76 50 131 564 81 72 65 283 187 97 333 127 138 242 0 163 0 3 3 0 0 0 0 1 0 0 3 3 0 0 2 1 0 4 2 0 0 0 0 0 1 0 0 0 0 0 0 0 2 3 0 0 0 2 0 0 0 0 0 15 5 7 0 0 13 0 1 16 0 0 0 17 0 0 0 0 25 14 0 12 0 15 15 12 14 37 9 10 13 10 32 7 22 0 0 12 0 0 0 0 0 0 0 0 0 0 0 0 0 0 0 0 0 0 0 0 0 0 0 0 0 0 0 0 0 0 0 0 0 0 0 13 1 0 0 7 0 0 0 0 38 5 0 0 0 0 0 0 0 0 0 0 0 0 0 0 0 11 0 10 0 0 18 11 49 0 1 0 9 12 7 2 0 9 0 8 0 0 0 0 0 0 0 0 0 0 0 0 0 0 0 0 0 0 0 0 0 0 0 0 0 0 0 0 1 0 0 0 0 0 0 0 0 0 0 0 0 0 0 0 0 0 76 0 0 0 0 0 0 0 6 0 2 0 0 0 1 14 19 0 0 0 8 0 0 0 0 0 0 0 0 0 0 0 0 1 0 0 0 0 0 0 0 0 0 0 
 0 0 0 75 301 28 0 0 0 0 9 2 0 0 1 74 0 38 0 0 106 161 145 55 59 40 24 41 62 154 36 33 246 136 201 141 40 241 163 0 0 3 2 0 0 0 0 0 0 0 0 2 1 0 0 0 0 4 2 0 0 0 0 0 0 4 50 0 0 0 0 0 0 2 0 0 0 3 0 0 0 0 11 12 9 9 0 0 0 12 0 0 0 0 0 0 0 22 0 0 15 0 10 8 9 0 0 61 15 30 22 0 22 0 0 0 0 1 16 41 0 0 0 0 0 0 0 0 0 60 0 0 0 0 0 0 0 0 0 12 0 0 0 0 0 0 0 0 0 0 0 0 0 1 0 0 0 0 0 6 0 0 15 8 0 0 0 0 0 0 0 0 0 0 0 2 0 0 0 0 12 24 18 9 0 8 10 5 9 25 35 0 19 31 35 11 0 14 30 53 0 0 0 0 0 0 0 0 0 0 0 0 0 0 0 0 0 0 0 0 0 0 0 0 0 0 0 0 0 0 0 0 0 0 0 0 0 0 0 0 0 0 14 0 0 0 0 0 0 0 0 0 0 0 2 0 0 0 1 0 0 9 0 0 0 0 0 0 0 0 0 0 0 0 0 0 0 0 0 21 0 0 0 0 0 0 0 0 0 0 
 0 0 0 35 4 0 0 3 0 0 0 0 0 0 0 2 0 0 0 0 0 0 0 23 0 65 5 0 0 0 87 79 0 0 3 0 0 20 0 0 0 268 96 33 139 35 420 133 129 316 35 30 67 111 104 38 37 30 192 51 0 0 0 0 0 0 4 0 0 0 51 8 8 1 0 0 3 0 0 2 0 0 0 0 0 0 0 0 0 0 0 0 0 0 0 0 0 0 0 0 0 0 0 0 0 0 0 0 0 0 0 0 0 0 0 0 0 0 0 0 0 56 32 2 0 10 18 19 22 31 0 23 10 8 34 22 25 13 0 9 0 0 6 0 0 0 4 1 2 0 0 0 0 3 0 0 0 0 0 0 0 0 0 0 0 0 10 0 0 0 0 0 0 0 0 0 0 0 0 0 0 0 0 0 0 0 0 0 0 0 0 0 0 0 0 0 0 0 0 0 9 5 0 10 5 9 0 1 36 34 14 11 0 8 36 51 22 24 17 0 9 0 4 0 5 0 0 11 0 0 0 0 1 0 0 1 8 0 10 16 0 0 1 0 0 0 0 0 9 29 0 9 0 2 0 0 0 23 1 2 0 0 1 0 0 3 1 0 0 0 19 0 0 0 0 0 0 0 0 0 0 0 0 0 0 20 0 0 0 0 
 0 0 0 2 0 0 0 0 0 0 3 0 0 0 3 3 0 0 0 0 3 3 3 3 3 3 9 3 3 4 3 64 3 64 6 6 3 12 3 3 268 0 162 67 110 36 129 108 49 313 45 248 251 158 187 102 362 40 306 53 0 1 0 0 1 0 0 0 0 0 0 1 0 0 0 0 0 0 0 0 0 0 0 0 0 0 16 0 0 0 0 0 0 0 0 0 0 0 0 0 0 0 0 0 0 0 0 0 0 0 0 0 0 0 0 0 0 0 0 0 6 49 10 11 1 11 0 23 1 22 10 9 14 48 1 58 20 12 3 10 1 0 26 0 0 0 0 0 0 0 0 0 0 0 0 0 0 0 0 0 0 0 0 0 0 0 3 0 0 0 0 0 0 0 0 0 0 0 0 0 0 0 0 0 0 0 0 0 0 0 0 0 0 0 0 0 0 6 0 0 12 27 6 4 10 1 0 0 33 32 22 14 0 0 26 11 1 12 0 0 0 0 0 0 0 0 0 0 0 0 0 0 0 0 0 0 0 0 10 3 0 0 0 0 0 0 0 0 0 0 0 16 0 0 0 0 0 0 0 0 0 0 0 0 35 0 3 1 0 0 14 0 0 0 0 0 0 0 0 0 0 0 0 0 0 14 0 10 1 5 
 0 0 0 2 0 0 0 0 0 0 0 5 0 0 2 3 0 0 0 0 4 6 3 3 3 70 3 3 3 3 3 3 7 3 6 2 3 0 3 2 96 162 0 247 69 51 56 266 161 411 143 119 68 159 47 104 184 229 162 317 2 38 0 0 10 0 0 0 0 0 7 0 0 0 0 0 0 0 0 99 0 0 0 0 0 0 0 0 0 0 0 0 5 0 0 0 0 0 0 0 0 0 0 0 3 0 0 0 0 10 28 0 0 0 0 0 0 0 0 0 18 1 4 7 7 11 0 1 0 33 9 10 13 0 21 0 16 0 0 0 11 0 0 0 0 0 0 0 0 0 0 0 10 5 0 0 6 0 0 38 0 0 0 0 1 0 10 0 0 0 0 0 0 0 4 0 9 0 0 0 0 0 0 0 0 0 0 0 0 0 0 0 0 0 0 0 0 0 0 0 0 1 42 8 3 11 0 7 0 2 10 4 21 0 15 6 11 19 0 22 0 0 10 0 0 0 1 16 0 1 0 0 11 11 0 9 0 0 40 12 0 0 1 0 0 0 0 0 0 0 0 8 0 0 0 0 0 0 0 1 0 0 69 0 0 0 0 0 0 0 19 0 0 0 0 0 0 0 0 0 0 0 0 0 0 13 0 0 1 0 
 2 2 2 4 2 2 4 5 2 2 5 5 3 2 2 2 2 3 2 2 4 6 0 0 0 0 0 0 0 2 0 0 0 0 0 0 0 0 0 0 33 67 247 0 213 127 79 92 136 281 246 270 149 311 126 136 162 152 107 38 0 3 0 0 3 0 130 19 1 0 1 51 109 0 0 0 3 0 0 106 0 0 0 0 0 0 0 0 1 0 0 0 0 0 0 0 0 0 9 0 0 0 1 2 9 20 0 0 0 0 0 0 0 0 0 0 0 0 0 0 0 0 2 14 16 54 0 0 0 11 0 12 10 0 10 0 0 0 0 0 17 8 19 0 0 0 0 18 0 0 0 0 12 0 0 0 0 0 2 19 0 4 0 0 0 0 0 6 0 0 0 0 0 0 0 0 0 0 4 0 0 1 0 0 0 0 0 0 0 0 0 0 0 0 0 0 0 0 0 0 0 0 7 14 9 34 0 0 0 0 0 11 0 0 0 6 1 0 0 0 0 8 9 0 0 7 1 17 7 34 0 0 42 0 8 37 0 0 0 18 0 0 9 0 0 0 0 0 0 2 0 6 0 1 0 0 0 0 0 2 0 0 70 1 0 0 4 0 1 0 0 0 0 7 0 0 0 0 0 0 0 0 0 0 0 0 0 0 2 0 
 0 0 0 1 0 0 0 0 0 0 1 0 0 0 1 0 0 0 0 0 0 7 0 0 0 0 1 0 0 1 0 0 0 0 2 0 0 16 0 0 139 110 69 213 0 73 199 336 83 384 161 124 78 203 138 154 75 299 44 133 2 0 0 0 3 0 25 50 0 0 0 1 47 0 1 0 0 0 6 49 0 0 0 0 0 0 0 0 0 0 0 0 0 0 0 0 0 0 0 0 0 0 0 0 0 0 0 0 0 0 0 0 0 0 0 0 0 0 0 0 8 31 10 24 0 55 0 24 0 20 13 19 0 0 3 0 14 20 0 0 29 11 6 0 21 2 0 20 0 0 0 0 1 1 1 0 6 0 0 0 0 57 0 0 0 0 0 0 0 0 0 0 0 0 0 0 0 0 11 0 0 0 0 0 11 0 0 0 0 0 0 0 0 0 0 0 0 0 0 0 0 14 28 48 35 1 0 0 31 50 30 12 0 0 12 20 0 6 0 0 0 5 0 4 1 4 0 0 25 10 0 5 0 9 5 5 0 0 10 4 0 0 0 0 0 0 0 0 0 0 0 8 0 0 0 0 0 0 0 22 27 0 2 63 14 0 18 2 0 0 14 0 0 1 0 0 0 0 0 0 0 0 0 0 0 0 0 12 1 0 
 0 0 0 0 0 0 0 0 0 0 0 0 0 0 0 0 2 0 0 0 0 64 0 0 0 0 0 0 0 3 0 0 0 0 3 0 0 63 0 0 35 36 51 127 73 0 29 270 139 89 136 113 62 50 122 129 87 52 68 40 108 10 12 2 0 0 34 30 0 61 53 0 54 0 106 5 59 5 106 3 0 0 0 0 0 0 0 6 0 0 0 0 0 0 0 0 0 0 0 0 0 0 0 0 0 0 0 0 0 0 0 0 0 0 0 0 0 0 0 0 0 0 0 17 0 33 0 0 0 0 37 0 0 0 0 0 0 10 0 0 0 7 4 0 0 0 11 11 7 13 23 16 0 0 38 0 7 0 13 0 0 0 0 0 0 0 0 0 0 0 0 0 0 0 0 0 0 0 0 0 0 0 0 0 0 0 0 12 0 0 0 0 0 0 0 0 0 0 0 14 0 0 12 0 53 0 0 0 0 11 0 0 0 0 0 0 0 0 0 0 11 30 19 0 11 0 19 0 10 53 0 0 11 0 2 0 0 15 12 0 0 0 0 0 0 0 0 0 0 0 0 6 0 0 0 0 0 0 0 0 0 0 87 0 0 21 4 0 0 0 0 0 0 0 0 0 0 0 0 0 0 0 0 0 0 0 0 0 0 9 
 2 2 2 4 4 2 3 2 2 2 2 4 3 2 2 4 2 3 2 2 0 1 0 34 93 68 5 0 63 17 37 62 0 0 0 0 0 64 0 0 420 129 56 79 199 29 0 311 69 50 42 46 128 147 91 127 26 106 56 124 0 0 0 5 1 0 0 0 1 0 0 0 0 0 0 0 0 0 8 0 0 0 0 0 0 0 0 0 0 0 0 0 0 0 0 0 0 0 0 0 0 0 0 0 0 0 0 9 0 0 0 0 0 0 0 0 0 0 16 0 9 18 21 7 0 0 12 17 16 36 0 0 61 13 22 6 38 19 0 11 0 0 2 0 0 1 0 0 0 0 0 0 7 0 0 0 0 0 1 0 0 0 0 0 0 0 0 0 0 0 0 0 0 0 0 0 0 0 0 0 0 0 0 0 15 0 0 0 0 0 1 18 0 0 0 0 4 0 0 0 8 35 0 9 18 16 23 26 19 15 7 1 0 0 47 1 15 22 55 0 0 0 0 0 4 0 7 0 0 0 0 0 1 1 0 0 17 0 17 7 0 0 0 0 0 0 0 0 0 0 0 4 0 0 0 0 0 62 0 0 0 0 0 0 0 0 0 0 0 0 17 0 0 0 0 0 11 0 0 0 0 0 0 0 13 0 2 0 2 0 
 0 0 0 0 0 0 0 2 0 6 5 0 0 0 1 0 0 0 63 0 0 4 0 0 0 29 7 0 0 4 1 0 2 62 0 0 1 0 1 0 133 108 266 92 336 270 311 0 199 132 47 22 99 129 284 307 52 51 103 58 0 0 0 4 6 1 0 0 0 0 13 0 0 2 0 0 1 0 1 0 0 0 0 12 1 1 0 0 0 0 7 0 0 0 0 0 3 0 0 0 0 0 0 0 13 0 4 0 0 0 0 0 0 0 0 0 0 0 0 0 32 9 12 30 0 0 0 10 0 9 39 0 22 8 33 0 15 9 6 20 10 0 1 0 0 0 0 2 0 0 0 0 0 0 0 0 0 4 0 0 0 0 0 0 0 1 6 0 0 0 0 0 0 0 7 0 0 0 0 0 0 0 0 0 0 0 0 0 24 0 0 0 0 0 0 0 0 0 0 0 0 25 26 0 19 9 1 1 0 7 7 8 22 0 0 0 18 18 18 13 0 0 0 0 0 0 0 0 0 0 0 0 0 0 0 14 0 0 13 0 0 16 0 0 0 0 0 0 0 19 0 2 0 1 0 0 0 0 1 0 0 0 2 0 37 22 0 0 0 0 0 0 0 0 0 0 0 0 0 0 0 0 0 0 8 0 1 49 2 0 
 0 0 0 2 0 0 0 0 0 0 0 0 0 0 0 0 0 0 0 0 0 3 0 0 0 0 0 0 0 2 0 5 0 0 0 63 0 0 0 0 129 49 161 136 83 139 69 199 0 140 316 70 151 189 295 107 352 109 207 132 0 40 1 0 3 0 2 0 0 0 0 24 3 3 0 0 11 10 0 59 0 0 0 0 0 0 0 0 0 0 0 0 0 12 8 0 0 0 0 0 0 0 0 0 0 14 0 0 0 0 0 0 0 0 0 0 0 0 0 0 29 1 24 42 25 0 0 0 10 32 0 0 0 8 35 10 17 11 0 0 18 0 1 0 0 0 0 3 0 0 0 0 0 14 0 0 11 6 0 27 0 0 0 0 0 0 13 0 0 0 0 0 0 0 6 0 0 0 0 0 0 0 0 0 0 0 0 0 0 0 0 0 0 0 0 0 0 0 0 0 0 13 41 8 6 39 0 0 0 10 9 3 22 11 46 0 9 19 28 0 7 0 2 0 3 0 0 7 0 0 0 0 0 12 0 0 27 0 22 0 0 0 14 0 0 0 0 0 0 0 0 2 0 3 0 0 0 0 1 3 0 0 0 0 9 0 0 0 2 0 2 0 0 0 0 0 0 0 0 0 0 0 0 0 9 0 0 13 2 0 
 3 3 3 4 3 3 3 95 3 3 3 3 3 3 3 6 4 3 3 3 0 5 0 0 8 70 1 0 70 23 2 11 0 0 5 0 0 0 0 0 316 313 411 281 384 89 50 132 140 0 267 91 54 339 252 54 43 157 129 257 0 9 3 33 10 3 22 50 0 4 4 2 74 0 7 3 6 0 0 111 0 0 0 0 0 0 0 0 21 0 0 0 0 0 9 0 0 0 0 0 0 0 0 0 11 0 0 0 0 0 0 0 0 0 0 0 0 0 0 0 0 1 5 0 0 24 5 0 7 24 11 73 6 5 17 0 23 59 13 0 23 4 2 0 0 0 0 17 0 0 0 4 12 10 0 0 21 0 0 12 0 6 0 0 0 0 0 0 0 0 0 0 0 0 0 0 0 0 10 0 0 0 0 0 0 0 0 0 0 0 0 0 0 0 0 0 0 0 0 0 0 5 22 36 8 17 4 10 23 10 17 9 10 0 19 54 11 15 6 20 0 3 0 0 1 20 0 16 58 2 0 0 10 0 0 0 0 0 13 0 0 0 0 0 0 0 0 2 0 0 0 10 0 0 0 0 2 0 0 28 0 0 0 63 2 2 0 0 1 0 16 0 0 0 0 0 0 0 0 0 0 0 17 0 2 0 0 0 2 0 
 0 0 5 9 0 0 0 5 0 0 0 8 0 0 0 0 3 7 0 0 0 5 0 1 0 0 0 0 8 2 0 0 0 0 0 0 0 0 3 0 35 45 143 246 161 136 42 47 316 267 0 834 50 273 116 79 327 420 335 67 0 1 0 0 0 0 174 0 0 0 0 23 132 0 0 0 8 0 1 55 0 0 0 0 0 0 0 0 0 0 0 3 0 0 0 0 0 5 0 0 1 0 0 0 0 0 0 0 0 0 0 0 0 0 0 0 0 0 5 0 0 0 10 36 20 34 0 0 10 22 0 35 0 0 11 10 0 0 0 0 22 12 23 0 0 0 0 14 0 0 0 0 24 13 0 0 0 0 12 0 0 4 0 0 5 0 0 9 6 0 0 10 0 3 0 1 3 0 0 0 0 0 0 0 0 0 0 0 0 0 0 0 0 0 0 0 0 0 0 0 0 0 17 1 13 12 0 0 0 0 7 26 14 10 0 0 0 0 0 0 0 10 5 0 0 0 10 65 20 14 0 0 23 0 20 0 0 0 0 0 0 0 8 0 0 0 49 0 0 0 0 4 0 0 0 0 0 0 0 10 0 0 18 34 0 2 4 0 2 0 0 0 0 0 0 0 0 19 0 0 0 0 0 0 0 0 0 18 2 0 
 4 3 3 5 3 3 4 6 3 3 3 68 3 4 3 3 3 3 3 3 6 6 2 3 3 3 3 3 13 5 3 3 3 3 3 2 3 0 3 2 30 248 119 270 124 113 46 22 70 91 834 0 42 43 59 116 365 293 40 46 6 0 0 3 4 0 0 0 0 0 0 0 0 0 0 0 1 0 0 117 0 0 0 0 0 0 0 0 0 0 0 0 0 0 0 0 0 0 0 0 0 23 0 5 0 0 0 0 0 0 0 0 5 0 0 0 0 0 0 0 0 4 4 7 7 11 0 0 0 14 0 1 0 0 0 0 0 10 0 0 24 12 0 0 7 0 0 4 0 19 0 0 29 20 19 0 36 3 25 21 0 0 0 0 0 0 0 0 0 0 0 0 0 0 0 0 0 0 8 0 0 0 1 0 0 0 0 0 0 0 0 9 0 0 0 0 0 0 0 10 0 0 0 67 5 10 0 0 0 9 13 2 0 0 0 7 0 0 0 0 0 31 9 7 0 1 1 9 9 3 0 5 11 16 29 23 0 6 14 27 0 0 0 0 0 0 0 0 0 0 0 2 0 0 0 0 0 0 0 2 0 27 63 1 3 0 10 1 0 0 0 0 0 0 0 0 0 0 0 0 0 0 0 0 0 7 0 38 1 0 
 0 0 0 3 0 0 0 5 0 0 0 0 2 0 0 0 58 0 0 0 0 66 1 68 89 21 5 6 3 209 62 1 0 2 75 1 62 70 0 1 67 251 68 149 78 62 128 99 151 54 50 42 0 116 91 29 30 117 287 120 0 2 0 0 0 0 0 0 0 0 0 26 2 3 0 3 5 3 3 18 0 0 0 0 0 0 0 0 0 0 0 0 0 0 0 0 0 0 0 0 0 5 6 27 30 3 0 0 0 0 12 9 0 0 0 5 12 11 0 0 6 0 24 8 6 0 5 7 74 12 0 0 7 5 13 43 0 0 48 0 0 0 0 0 0 0 0 0 0 0 0 1 0 0 0 0 0 0 0 0 0 0 0 0 0 3 0 0 0 0 2 0 0 0 0 0 0 0 0 1 0 8 7 27 24 20 0 3 12 7 20 12 0 0 0 13 19 21 7 0 16 7 11 0 0 11 29 22 1 0 0 0 0 33 0 14 25 0 1 19 0 0 0 0 0 0 0 0 0 0 0 0 0 0 0 0 0 0 13 0 0 5 45 0 0 0 0 0 0 0 0 4 0 1 0 0 0 64 0 0 0 0 3 0 2 3 0 0 1 0 0 0 0 0 0 0 0 0 0 0 0 65 0 0 0 0 0 0 2 0 
 0 0 1 5 0 0 0 0 0 0 0 0 0 0 0 0 65 6 0 0 0 2 3 0 98 63 3 0 0 4 0 0 3 2 2 0 0 21 0 0 111 158 159 311 203 50 147 129 189 339 273 43 116 0 221 196 27 109 179 94 51 5 0 5 0 110 0 10 0 0 4 2 0 7 10 0 2 4 0 2 0 0 0 0 0 0 0 0 0 0 0 0 0 0 22 0 0 0 0 0 0 0 0 0 0 0 0 0 0 0 0 0 0 0 0 15 0 0 0 0 8 21 86 13 0 12 0 17 38 18 11 19 25 0 11 29 61 8 2 6 6 0 8 2 9 20 0 0 0 2 0 0 0 0 9 0 0 0 0 0 0 0 0 0 0 0 55 0 0 0 0 0 0 0 92 0 0 0 0 0 0 0 0 0 0 0 0 0 0 0 0 0 0 0 0 0 0 0 0 0 0 0 11 15 21 10 8 6 31 18 16 26 11 9 22 6 18 50 11 0 0 0 0 0 0 5 0 0 1 0 1 10 1 0 35 38 0 11 30 7 0 0 3 0 0 0 0 0 0 19 0 1 0 1 0 0 0 0 1 0 0 0 0 0 0 11 2 0 0 0 26 0 0 0 0 2 0 0 0 0 0 0 0 0 6 0 0 0 2 0 
 0 0 0 2 0 0 0 3 0 69 0 0 0 0 0 2 0 0 0 0 0 0 0 0 52 63 0 0 0 0 0 0 0 1 0 0 0 1 2 0 104 187 47 126 138 122 91 284 295 252 116 59 91 221 0 204 137 166 149 72 0 3 0 0 2 0 0 0 0 0 0 28 7 0 0 0 6 0 0 72 0 0 0 0 0 0 0 0 0 0 0 0 0 0 0 0 0 0 0 0 0 0 0 0 0 0 0 0 0 0 0 0 0 0 0 0 0 0 0 0 0 19 51 4 21 0 0 0 26 11 0 4 20 0 7 23 17 8 0 0 0 0 2 0 0 0 0 0 0 0 0 14 12 0 4 0 0 0 10 0 0 0 0 0 0 0 0 0 0 0 0 0 0 0 0 0 0 0 0 0 0 3 0 0 0 0 0 0 0 0 0 0 0 0 0 0 0 0 0 0 0 0 14 0 10 17 8 7 5 20 31 14 0 8 2 7 7 22 11 0 0 0 1 0 0 0 0 0 0 0 0 0 0 0 35 30 0 0 2 12 0 0 26 0 0 0 0 0 0 0 0 4 0 0 0 0 0 1 0 2 0 0 1 2 2 0 2 0 0 0 2 0 0 0 0 0 0 0 0 0 0 0 0 0 6 0 0 0 2 0 
 1 61 13 9 2 2 4 11 13 64 2 17 3 3 2 3 6 9 4 3 1 5 0 0 68 0 2 0 0 1 0 0 0 0 0 0 0 22 1 0 38 102 104 136 154 129 127 307 107 54 79 116 29 196 204 0 109 92 42 121 2 0 0 0 0 0 0 0 0 0 0 1 0 0 0 0 0 0 0 15 0 0 0 0 4 0 0 0 0 0 0 9 0 0 0 0 0 7 0 0 1 0 0 0 0 0 0 0 0 0 0 0 0 0 0 0 0 0 9 0 13 14 16 31 23 12 9 3 1 0 12 22 20 0 18 2 31 0 0 0 0 0 0 0 0 0 0 0 0 0 0 0 0 18 0 0 0 0 1 0 0 5 0 0 19 1 1 8 5 0 0 7 0 4 3 0 3 0 0 0 0 0 0 0 0 0 0 0 0 9 0 0 0 0 0 0 0 0 0 0 0 0 19 12 21 0 10 14 13 27 13 35 14 0 1 13 49 33 0 5 0 0 0 3 0 0 0 10 0 0 0 0 10 2 0 23 0 0 14 18 0 0 0 0 0 0 3 0 0 0 0 2 0 2 0 0 0 0 0 1 0 0 1 0 0 20 0 64 0 0 0 0 0 0 0 0 0 0 0 0 0 0 0 0 10 0 0 0 0 0 
 2 0 0 2 0 44 0 0 0 0 0 4 0 0 0 0 5 2 0 0 0 3 0 0 0 0 1 0 0 2 0 0 0 0 2 0 0 0 0 0 37 362 184 162 75 87 26 52 352 43 327 365 30 27 137 109 0 407 181 18 0 2 0 0 24 0 0 0 0 0 0 32 0 0 0 0 4 0 0 60 9 0 0 0 0 4 0 0 0 0 0 0 0 0 0 10 0 0 0 0 0 0 0 0 0 0 0 0 0 0 0 0 0 0 0 0 0 0 0 0 7 34 81 24 76 1 6 2 17 20 54 18 34 0 43 37 2 7 0 0 2 4 0 0 6 0 0 1 10 0 0 0 0 0 0 0 7 0 0 0 0 0 0 0 0 0 10 0 0 0 0 0 0 0 1 0 0 0 0 0 0 0 0 1 0 0 0 0 0 0 0 0 0 0 0 0 0 0 0 0 0 0 18 0 0 11 0 0 19 1 7 19 31 8 6 2 0 21 0 6 0 5 0 2 0 3 0 26 5 0 0 5 9 0 0 9 0 0 0 33 0 0 11 0 0 0 0 0 0 0 0 4 0 0 0 0 0 0 3 0 0 0 0 0 0 1 5 0 0 0 0 0 0 0 0 0 0 20 0 0 0 0 0 0 0 14 0 23 2 0 
 5 3 5 5 3 5 3 5 5 5 4 5 3 3 3 5 3 3 4 5 4 7 3 4 66 3 4 3 3 4 3 6 5 5 5 3 5 2 4 4 30 40 229 152 299 52 106 51 109 157 420 293 117 109 166 92 407 0 28 46 0 4 0 0 8 0 40 51 0 0 114 51 18 0 0 0 59 0 0 29 0 0 0 0 0 0 8 0 0 0 0 0 0 0 0 0 0 0 0 0 0 0 0 0 8 0 0 0 0 12 15 0 0 0 0 0 0 0 0 0 0 4 29 8 59 19 6 0 2 8 6 10 33 7 9 28 19 0 0 0 9 24 0 0 0 0 0 9 0 0 0 0 10 0 0 0 0 0 13 13 0 7 0 0 0 0 0 0 0 0 0 0 0 0 0 0 0 8 3 0 0 0 0 0 0 0 0 0 0 0 0 0 0 0 0 0 0 0 0 0 0 0 14 14 0 0 14 18 10 0 27 0 9 18 0 0 14 7 0 0 0 16 0 0 1 1 0 0 0 0 0 7 10 0 1 0 0 0 0 8 0 0 19 0 0 0 2 0 0 0 0 4 0 0 0 0 0 1 0 20 0 0 3 67 5 3 0 2 2 2 0 0 0 0 0 0 0 0 0 0 0 0 0 0 13 15 0 0 1 1 
 5 5 5 6 4 4 5 3 5 5 5 4 4 5 5 3 8 5 5 5 63 29 64 74 73 1 5 65 62 1 2 0 0 2 4 64 1 64 2 2 192 306 162 107 44 68 56 103 207 129 335 40 287 179 149 42 181 28 0 154 0 10 0 0 10 3 0 0 0 2 5 54 2 0 3 0 11 0 0 7 0 0 0 0 0 0 0 0 0 0 0 0 6 0 0 0 0 0 0 0 0 1 2 19 18 2 0 2 1 1 22 1 1 2 0 2 21 1 0 1 15 2 12 9 22 2 13 12 45 9 1 1 25 20 18 12 10 2 10 0 0 0 0 0 0 0 1 0 0 0 0 0 2 0 0 0 1 0 2 20 0 0 0 8 0 0 6 0 0 0 0 0 0 0 2 0 0 0 0 15 0 2 1 10 9 12 2 14 14 6 7 17 2 1 2 1 14 30 1 2 21 1 29 1 3 1 11 13 2 1 12 19 10 11 17 0 24 6 1 15 2 0 0 0 0 0 2 1 1 0 0 0 2 1 0 8 6 0 17 2 0 0 15 0 0 0 1 0 0 0 0 0 0 1 0 0 0 68 0 3 0 0 0 0 0 2 0 0 0 0 0 0 0 0 0 0 0 0 0 0 0 12 0 0 1 0 0 0 2 0 
 0 0 0 0 0 0 0 0 0 0 0 0 0 0 2 0 0 0 0 0 0 0 63 62 31 1 4 0 20 61 97 0 0 0 0 0 40 0 0 0 51 53 317 38 133 40 124 58 132 257 67 46 120 94 72 121 18 46 154 0 0 0 0 4 0 0 52 0 7 0 0 0 0 0 0 0 0 0 0 0 0 0 0 0 0 0 0 0 0 0 0 0 0 0 0 0 0 0 0 0 0 0 0 0 0 14 0 0 0 0 0 0 0 0 0 0 0 0 0 0 47 0 9 40 0 0 0 0 0 0 36 0 0 35 21 0 15 0 3 3 5 0 0 0 0 0 0 0 0 0 0 0 0 0 0 0 0 13 0 0 0 0 0 0 0 0 8 0 12 0 0 0 0 0 4 8 0 0 0 0 0 0 0 1 1 0 0 1 0 0 2 41 0 0 0 0 16 0 0 9 18 1 62 10 23 0 15 0 0 0 0 20 45 6 19 30 3 18 22 0 0 0 0 0 5 0 0 0 0 0 0 0 0 0 0 0 0 0 16 0 0 0 0 0 0 0 0 0 0 0 0 3 0 0 0 0 0 0 0 0 0 0 0 0 2 41 1 0 0 0 0 0 0 0 0 0 0 0 0 0 0 0 0 0 15 18 9 0 2 9 
 0 0 0 1 0 0 0 0 0 0 0 2 4 0 0 0 0 0 0 0 6 0 0 0 0 0 6 0 0 2 6 0 0 0 0 0 1 0 0 0 0 0 2 0 2 108 0 0 0 0 0 6 0 51 0 2 0 0 0 0 0 212 86 228 40 104 154 213 30 36 36 126 88 48 108 122 95 306 81 53 0 0 0 0 0 0 0 0 0 0 0 0 0 0 0 0 0 3 7 0 0 0 0 0 0 0 0 0 0 0 0 0 0 0 0 0 0 0 0 0 0 0 0 0 0 0 0 0 0 0 0 1 0 0 0 0 0 0 0 0 7 13 20 9 2 30 7 26 8 39 8 5 6 14 25 18 3 6 11 0 0 0 0 0 0 0 0 0 0 4 0 0 0 0 0 0 0 0 0 0 0 0 0 0 0 0 0 0 0 0 0 0 0 7 0 0 0 0 0 0 0 0 0 0 12 0 0 0 0 0 0 0 0 0 0 0 15 0 0 0 41 43 46 8 10 0 26 9 18 16 28 2 0 3 64 2 0 9 3 9 9 0 0 0 0 0 0 0 0 0 0 0 0 0 9 0 0 0 0 0 0 0 0 0 0 0 0 0 0 0 0 1 13 0 0 57 0 0 0 0 0 0 0 0 0 5 0 0 0 0 
