 0 78 55 134 46 21 45 313 514 148 213 27 104 178 125 143 212 21 118 49 4 0 0 0 0 4 0 0 0 73 3 2 0 0 2 2 0 4 2 0 2 0 1 3 0 0 2 2 0 3 0 3 0 2 0 2 0 0 0 10 0 0 3 0 0 0 0 0 0 0 0 0 0 0 0 0 3 0 0 0 12 20 23 0 0 0 10 93 26 21 12 0 14 0 24 9 1 0 1 12 0 0 0 0 0 0 0 0 0 0 2 15 0 33 1 0 0 0 17 14 0 0 0 0 0 0 0 0 0 0 0 0 0 0 0 0 0 0 0 0 2 0 0 1 0 6 0 0 0 0 0 0 0 0 0 0 0 0 0 0 11 3 0 5 16 11 10 35 10 0 10 22 20 12 16 46 3 0 9 27 0 0 0 0 0 0 14 0 0 0 0 0 0 0 0 0 0 0 1 32 0 0 0 0 0 0 0 0 1 0 0 0 0 2 0 0 0 0 0 0 0 0 0 0 0 0 0 0 0 0 0 0 0 0 0 0 0 0 0 0 0 0 0 0 0 0 2 2 2 0 0 2 0 0 0 0 0 0 0 0 0 0 9 0 0 0 0 0 0 0 0 0 0 0 0 7 5 0 0 0 0 0 0 0 0 0 0 0 0 0 
 78 0 289 83 100 81 200 73 234 158 85 32 364 143 360 162 207 253 133 395 0 1 0 0 0 0 0 2 0 0 3 0 0 1 3 2 3 1 2 77 6 0 2 3 0 0 2 2 0 4 0 3 6 2 2 3 0 0 1 3 3 0 6 0 0 0 0 0 0 0 3 0 0 2 0 0 3 0 3 10 19 70 21 89 9 21 1 0 38 12 16 0 20 23 0 11 10 34 17 31 6 0 1 0 0 0 0 0 0 0 0 0 34 0 0 0 1 0 2 19 0 0 0 0 0 0 0 0 0 0 0 0 0 0 0 0 0 0 0 0 0 0 0 12 0 2 0 0 0 0 3 0 0 0 17 0 0 0 0 0 9 71 25 0 0 0 11 25 8 26 1 0 13 12 8 21 0 0 0 0 0 0 0 0 0 0 1 0 0 27 0 0 0 0 0 37 0 0 11 6 0 0 0 0 0 0 2 6 0 0 0 0 0 0 7 0 0 1 0 0 0 0 0 0 0 2 0 0 0 0 0 0 0 0 0 0 0 0 0 0 0 0 0 0 0 2 0 0 0 97 0 3 0 0 0 0 0 0 70 0 0 0 0 0 0 0 0 0 0 0 0 0 0 0 0 0 0 0 0 0 0 0 0 0 0 0 0 0 0 0 
 55 289 0 185 40 30 288 165 208 355 66 22 85 61 182 127 435 474 124 54 76 3 3 3 3 0 0 3 2 0 9 2 74 72 0 2 0 3 3 34 2 0 15 4 5 0 8 2 13 4 0 3 1 3 10 10 2 0 1 21 2 0 5 0 0 0 0 0 0 5 5 0 0 0 0 0 6 0 0 14 3 0 12 0 43 0 0 24 34 12 29 11 0 9 0 24 0 31 10 14 10 17 0 0 0 0 0 0 0 0 0 0 10 0 0 0 0 0 9 15 0 0 0 0 0 0 0 0 0 0 0 0 0 0 0 0 0 0 0 0 0 0 0 0 0 0 0 0 0 0 0 0 0 0 0 0 0 0 0 0 2 34 39 15 27 1 16 11 32 19 26 14 0 14 32 2 0 10 11 14 0 0 0 0 0 0 0 0 0 0 0 0 10 10 14 25 0 0 19 6 0 0 0 0 7 0 0 6 0 0 0 0 0 0 0 0 0 17 0 0 0 0 0 0 0 0 0 0 0 0 0 0 0 0 0 0 0 0 0 0 0 0 0 0 0 2 2 0 0 86 0 4 14 2 0 0 0 0 0 0 0 0 1 0 0 0 0 0 0 0 0 0 0 0 0 11 0 51 0 0 0 0 0 0 0 0 0 0 0 0 
 134 83 185 0 89 25 76 252 82 305 257 208 289 143 164 37 258 64 55 71 0 5 0 0 0 0 21 0 4 0 9 1 0 0 3 2 0 1 150 0 0 0 4 1 4 0 8 2 0 4 0 2 0 3 0 0 0 0 63 7 0 0 3 0 0 0 0 0 0 5 4 0 0 3 0 0 2 0 0 1 1 23 27 13 0 34 0 35 24 1 25 0 0 0 33 23 0 15 0 0 22 15 1 0 0 0 0 14 0 0 0 0 8 19 0 0 0 0 10 0 0 0 0 0 0 0 0 0 0 0 0 0 0 0 0 0 0 0 0 0 0 0 0 0 0 0 0 0 0 0 0 0 0 0 0 0 0 0 0 0 0 0 14 2 6 13 0 0 0 18 16 19 0 12 0 0 62 0 0 0 0 1 0 0 0 0 0 0 0 0 0 0 7 11 23 29 0 0 27 11 0 0 0 10 0 0 0 1 0 0 0 0 0 0 0 1 0 0 0 0 0 0 0 0 0 0 0 0 0 0 0 0 0 0 0 0 0 0 0 0 0 33 0 0 0 2 111 0 91 99 0 0 0 0 0 0 0 0 0 0 0 0 5 0 0 0 0 0 0 0 0 0 0 0 0 10 0 15 0 0 0 0 0 0 0 0 0 0 0 0 
 46 100 40 89 0 156 34 130 101 178 194 58 88 184 400 296 159 55 54 92 0 177 0 0 0 1 63 35 0 74 6 2 0 0 0 77 0 0 193 1 3 0 0 1 0 2 2 2 0 3 0 2 0 3 0 0 0 0 0 3 0 0 3 0 0 0 0 0 0 1 0 0 0 0 0 0 1 0 0 5 0 0 17 12 19 15 0 0 14 0 14 32 0 0 0 0 0 9 0 0 1 11 37 17 1 0 25 0 13 24 1 0 22 20 16 11 24 43 8 14 0 0 0 10 0 0 0 0 0 0 0 0 0 0 0 0 0 0 0 0 0 8 0 0 0 0 0 0 0 0 0 0 0 0 0 0 0 0 0 0 0 8 19 38 0 0 0 15 0 23 0 1 0 0 12 0 19 10 0 0 0 0 10 0 0 0 0 11 17 11 11 0 10 1 11 0 13 27 34 16 0 2 30 0 0 0 0 0 0 0 0 0 0 0 0 0 0 0 0 0 0 0 0 0 0 0 0 0 0 0 0 0 0 0 0 0 0 0 0 0 0 0 11 0 0 0 1 0 2 87 2 13 1 2 0 0 0 0 0 0 10 0 0 0 0 0 1 0 0 0 0 0 0 0 0 0 9 0 0 0 0 0 0 0 0 0 0 0 0 0 
 21 81 30 25 156 0 28 40 48 56 171 217 26 49 50 62 62 43 396 74 67 40 75 0 0 0 0 38 0 75 3 0 31 2 74 78 0 0 45 96 3 0 0 1 0 2 2 2 0 3 0 2 0 3 0 0 0 0 0 3 0 0 3 0 0 0 0 0 0 1 0 0 3 0 0 0 1 0 1 0 0 0 0 0 0 1 0 0 0 2 0 11 0 0 0 0 0 0 0 0 0 31 39 0 0 0 38 0 11 52 0 2 24 11 16 11 12 25 11 0 0 0 0 10 0 0 0 0 0 9 0 0 0 0 0 0 19 0 0 0 0 0 0 0 0 0 0 0 0 0 0 0 0 0 0 0 0 0 0 0 0 0 0 10 0 16 0 0 0 0 0 1 0 1 0 0 14 1 0 0 13 13 10 16 0 0 0 17 0 11 0 0 38 2 0 0 14 35 0 11 0 0 0 0 11 0 0 0 0 0 0 0 0 0 0 0 0 0 0 0 0 0 0 0 0 0 0 0 0 0 0 0 0 0 0 0 0 0 12 0 0 0 11 0 0 5 0 0 4 0 0 8 0 4 0 0 0 0 0 0 2 0 0 0 0 0 0 0 0 1 0 0 0 0 0 0 0 0 0 1 0 0 0 0 0 14 0 0 0 0 
 45 200 288 76 34 28 0 119 258 37 117 41 95 132 59 335 29 143 160 231 0 0 0 74 1 0 0 0 0 0 3 0 0 0 203 2 0 4 3 0 0 0 0 1 0 0 2 2 0 5 0 2 7 3 0 0 0 0 0 3 0 0 3 0 0 0 0 0 0 0 0 0 0 0 0 0 2 0 0 0 18 0 27 1 43 0 10 18 7 10 0 0 36 18 51 44 18 22 9 3 0 0 0 0 0 0 0 0 0 0 0 0 0 0 1 0 0 0 0 0 0 0 0 0 0 0 0 0 0 0 0 0 0 0 0 0 0 0 0 0 0 0 0 0 0 2 0 0 0 0 5 0 0 0 0 4 0 0 0 0 37 7 0 19 18 0 0 38 23 0 11 0 28 10 16 19 10 1 9 26 0 0 0 0 0 0 0 0 0 0 0 0 0 0 0 0 0 0 0 0 0 0 0 0 0 0 0 0 0 0 0 0 0 0 0 0 0 0 0 0 0 0 0 0 0 0 0 0 0 0 0 0 0 0 0 0 0 0 0 0 0 0 0 0 0 3 0 0 0 0 0 2 0 0 0 0 0 0 0 0 0 0 0 0 0 0 0 0 0 0 0 0 0 0 0 14 0 0 0 0 0 0 0 0 0 0 0 0 0 0 
 313 73 165 252 130 40 119 0 372 120 29 29 334 224 108 467 123 35 145 59 0 0 0 0 0 0 0 0 0 0 3 2 0 0 0 2 0 2 3 0 1 0 0 2 0 0 2 65 0 5 0 4 0 3 0 1 0 0 64 5 0 0 3 0 0 0 0 0 0 0 0 0 0 0 0 0 3 0 0 0 21 51 31 2 0 15 16 18 33 2 0 0 38 21 30 1 10 14 15 8 0 0 0 0 0 0 0 0 0 0 2 0 0 14 2 0 0 0 0 0 0 0 0 0 0 0 0 0 0 0 0 0 0 0 0 0 0 15 0 0 2 0 1 0 0 0 0 0 0 1 22 0 0 0 0 5 0 0 0 0 0 22 0 0 50 10 0 11 1 0 7 11 10 2 14 37 39 0 28 6 0 0 0 0 0 0 0 11 0 0 0 0 0 0 0 0 0 0 7 15 0 0 0 0 0 0 0 0 0 0 0 0 0 2 0 0 0 0 0 0 0 0 0 0 0 0 0 0 0 0 0 0 0 0 0 0 0 0 0 0 0 0 0 0 0 0 1 0 2 0 2 2 0 0 0 0 0 0 0 0 0 0 7 0 0 0 0 0 0 0 0 0 0 0 0 7 16 0 0 0 0 0 0 0 0 0 0 0 0 0 
 514 234 208 82 101 48 258 372 0 166 26 27 281 531 286 203 130 315 79 193 77 1 0 0 16 0 0 0 0 0 3 0 74 77 0 2 0 3 3 22 1 0 0 2 0 0 2 2 0 4 0 3 0 3 0 1 0 0 1 7 0 0 3 0 0 0 0 0 0 0 0 0 0 0 0 0 2 0 0 0 17 7 29 15 12 0 4 0 8 0 30 16 15 28 15 13 33 34 12 13 0 0 1 0 0 0 0 0 0 1 0 0 9 0 0 0 9 0 20 0 0 0 0 0 0 0 0 0 0 0 0 0 0 0 0 0 0 0 0 0 0 0 0 2 0 1 0 0 0 0 4 0 0 0 0 2 0 0 0 0 15 15 10 0 25 0 0 63 37 0 40 13 0 4 0 20 10 0 19 10 14 0 0 0 0 0 0 0 0 0 0 0 10 0 0 0 0 0 0 12 0 0 0 0 19 0 0 16 0 0 0 0 0 0 0 0 0 0 0 0 0 0 0 0 1 0 0 0 12 0 0 0 0 0 0 0 0 35 0 0 0 0 0 0 0 0 0 2 0 86 0 4 0 0 0 0 0 0 0 0 0 0 0 0 0 0 0 0 0 0 0 0 0 0 0 9 11 0 0 0 0 0 0 0 0 0 0 0 0 0 
 148 158 355 305 178 56 37 120 166 0 362 167 119 305 220 84 621 320 51 95 35 0 0 0 0 0 75 0 0 0 3 0 41 20 0 2 0 1 64 74 0 58 3 1 0 0 5 2 2 3 0 5 0 3 16 0 8 0 0 5 30 0 3 0 34 0 0 0 0 0 0 0 1 4 0 0 5 0 0 17 0 11 53 27 6 23 0 16 1 13 10 0 0 0 11 18 0 29 0 0 9 0 2 0 0 0 27 5 0 0 0 0 50 64 2 0 1 0 30 13 0 0 0 0 0 0 0 0 0 0 0 0 1 1 0 0 0 0 0 0 2 0 0 0 0 6 0 0 0 0 0 0 0 1 0 0 0 0 0 0 0 0 20 7 0 31 34 7 12 13 0 12 10 44 12 0 12 17 0 10 0 11 0 0 0 0 3 25 0 0 0 0 11 0 1 0 10 0 14 10 0 0 0 0 8 0 0 0 18 0 0 0 0 2 0 0 0 0 0 0 0 0 0 0 0 0 0 0 0 0 0 0 0 0 0 0 0 0 0 0 0 19 0 0 0 4 88 0 9 13 17 8 0 0 0 0 0 0 0 0 0 0 5 0 0 0 0 0 0 0 0 0 0 0 0 0 0 0 0 0 0 0 0 0 0 0 0 0 0 0 
 213 85 66 257 194 171 117 29 26 362 0 111 113 125 158 153 200 167 37 165 74 77 0 3 3 0 29 1 0 0 4 2 89 74 1 3 0 1 3 158 2 2 1 3 0 4 2 2 0 37 0 3 0 2 7 3 5 0 3 3 0 1 3 0 0 0 0 0 0 2 0 0 0 51 0 0 3 0 0 7 0 16 16 11 19 14 0 0 18 11 15 58 13 0 0 0 11 28 0 0 0 0 5 0 0 0 21 19 0 9 0 0 58 0 0 0 15 0 52 37 0 0 0 13 0 0 0 0 0 0 0 0 0 0 0 22 0 0 0 0 0 0 0 0 0 2 0 0 0 0 0 0 0 0 0 0 0 0 0 0 0 13 23 44 23 1 13 27 17 45 0 1 8 16 14 1 42 16 0 0 0 2 1 0 0 0 10 19 0 0 0 0 12 0 0 0 0 0 29 21 0 0 0 0 10 0 0 0 0 0 0 0 0 0 0 0 0 0 0 0 0 0 0 0 0 0 0 0 0 0 0 0 0 0 0 0 0 0 0 0 0 26 0 0 0 1 96 1 2 87 0 0 1 0 0 0 0 0 0 0 0 0 0 0 0 0 0 0 0 0 0 0 0 0 0 1 10 0 0 0 0 0 0 0 0 0 0 0 0 0 
 27 32 22 208 58 217 41 29 27 167 111 0 245 32 28 53 75 192 33 35 156 75 0 0 1 1 123 0 0 0 3 2 73 73 135 2 0 1 3 82 0 56 0 1 0 65 2 2 0 3 0 2 0 3 3 0 0 0 0 3 5 0 3 0 0 5 0 0 0 0 0 1 1 3 0 0 2 3 0 0 0 0 0 28 0 1 0 0 11 0 0 33 0 0 0 0 15 32 0 0 6 14 25 0 0 0 20 26 0 27 0 0 10 10 0 0 18 0 28 14 0 0 0 0 0 0 0 0 0 0 0 0 0 0 0 0 0 0 0 0 0 0 0 0 0 0 0 0 0 0 0 0 0 2 0 44 2 0 0 0 0 0 0 0 14 36 0 5 0 14 0 1 0 6 0 0 10 10 0 0 13 0 0 0 0 0 0 17 0 0 0 0 22 0 10 10 0 0 18 11 0 0 0 0 14 0 0 1 0 0 0 0 0 1 0 0 0 0 0 0 0 0 0 0 0 0 0 0 0 0 0 0 0 0 0 0 0 0 0 2 0 44 0 0 0 0 124 0 2 6 0 10 0 0 0 0 0 0 0 0 0 0 0 0 0 0 0 0 0 0 0 0 0 0 0 0 0 0 0 0 0 0 0 0 0 0 0 0 0 0 
 104 364 85 289 88 26 95 334 281 119 113 245 0 315 54 339 104 117 265 400 0 0 18 0 1 4 0 0 0 0 6 3 0 2 0 2 0 4 3 0 0 0 0 1 0 0 2 5 0 5 0 5 0 3 0 3 0 1 31 11 0 0 3 2 0 0 3 0 0 2 3 0 0 0 3 0 2 0 8 0 29 49 12 35 23 0 32 78 37 39 35 0 20 1 59 0 4 39 22 8 0 0 0 1 0 2 0 0 0 9 0 0 2 0 0 0 0 0 23 0 0 0 0 0 0 2 0 1 2 0 0 0 0 0 0 0 0 0 0 0 0 0 0 5 0 1 0 0 0 0 3 0 0 0 19 2 0 0 10 0 12 12 4 2 10 1 0 13 10 0 9 0 9 0 1 23 0 0 13 11 0 0 0 0 0 0 0 0 0 0 0 0 2 0 0 0 0 0 1 0 0 0 2 0 19 0 0 0 0 0 0 0 0 0 0 0 0 23 1 0 0 0 0 2 0 0 2 0 0 0 0 2 1 0 0 0 0 0 0 0 0 0 0 0 1 2 0 0 3 0 2 4 0 0 0 0 0 2 72 0 0 0 1 0 0 0 0 0 0 0 0 0 0 27 0 0 4 0 0 0 0 0 0 0 0 0 0 0 0 0 
 178 143 61 143 184 49 132 224 531 305 125 32 315 0 86 223 57 31 199 270 0 0 0 73 0 0 0 2 0 0 3 2 0 0 2 2 0 3 3 126 1 0 0 2 0 0 2 2 0 5 30 3 2 3 0 1 0 0 19 3 50 0 3 0 0 0 0 0 0 0 0 0 0 0 44 0 3 0 0 0 31 10 1 12 13 10 27 23 15 21 0 10 15 2 14 13 1 10 0 5 3 0 0 0 0 0 11 0 0 0 0 0 0 0 0 0 0 0 7 0 2 0 0 2 0 0 0 0 0 0 0 0 0 0 0 0 0 0 0 0 0 0 2 0 0 0 0 0 0 0 0 0 0 0 0 2 0 0 22 0 74 0 0 29 6 0 0 34 14 1 0 12 25 17 0 21 15 1 1 15 0 0 0 21 0 0 0 0 0 0 0 0 0 0 0 0 0 0 8 0 2 0 0 0 0 0 0 0 0 0 0 0 0 0 0 0 0 0 0 0 0 0 0 0 0 0 0 0 0 0 0 15 0 0 0 0 0 0 0 0 0 0 0 0 0 0 2 0 16 0 0 4 0 0 1 0 0 0 0 0 0 0 0 0 0 0 0 1 0 0 0 0 0 0 0 15 13 0 0 0 0 0 0 0 0 0 0 0 0 0 
 125 360 182 164 400 50 59 108 286 220 158 28 54 86 0 200 133 133 251 123 2 0 0 0 1 0 0 0 0 2 3 0 0 0 0 2 0 2 4 0 0 0 0 1 0 0 2 2 0 4 0 2 1 3 0 0 16 0 0 7 0 0 3 0 0 0 0 0 0 0 0 0 0 0 0 0 2 0 0 24 0 14 22 0 0 0 0 16 17 1 19 15 25 0 6 83 8 32 9 0 10 16 0 0 0 0 0 16 0 0 0 0 0 20 0 0 0 0 1 8 0 0 0 0 0 0 0 0 0 2 0 0 0 0 0 0 0 0 0 0 0 0 0 0 0 0 0 9 0 0 0 0 0 0 0 0 0 1 0 0 0 23 35 2 0 9 2 0 8 11 56 11 0 22 1 1 1 14 1 17 2 0 0 0 0 0 0 1 0 0 0 0 0 48 0 13 0 0 13 17 0 0 0 0 0 0 0 0 0 0 10 2 0 0 0 0 0 0 0 0 2 0 0 0 12 0 0 0 0 0 0 0 0 0 0 0 0 0 1 0 0 0 0 0 0 4 2 0 2 2 0 2 36 0 0 0 0 0 0 0 1 0 9 0 0 0 0 0 0 2 0 0 0 0 0 11 0 16 0 0 0 0 0 0 0 0 0 0 0 0 
 143 162 127 37 296 62 335 467 203 84 153 53 339 223 200 0 226 201 139 383 0 0 0 0 1 0 0 0 0 8 3 1 0 2 73 2 0 1 8 0 0 0 3 1 0 2 2 2 0 4 64 2 0 3 0 0 0 0 0 3 0 0 3 0 0 0 0 64 0 1 0 0 0 2 0 3 2 3 0 0 38 53 66 16 11 0 19 11 5 14 73 0 45 14 55 11 42 29 54 25 0 0 0 1 0 2 0 0 0 0 0 0 2 0 0 0 0 0 0 0 0 0 0 0 0 2 0 1 2 0 1 0 0 0 0 0 0 0 0 0 0 0 0 2 0 0 0 0 0 0 3 0 0 0 0 0 0 0 0 0 9 71 25 2 0 0 0 35 14 0 16 13 11 11 0 27 0 0 21 8 0 0 0 0 0 0 0 0 0 0 0 0 2 0 0 0 0 0 11 0 0 0 2 0 0 0 0 0 0 0 0 0 0 0 0 0 0 0 1 0 0 0 0 2 0 0 2 0 0 0 0 2 1 0 0 0 0 0 0 0 0 0 0 0 1 0 0 0 5 0 2 0 1 0 0 0 0 0 1 0 0 0 0 0 0 0 0 0 0 0 0 0 0 0 0 0 0 0 0 0 0 0 0 0 0 15 0 7 0 0 
 212 207 435 258 159 62 29 123 130 621 200 75 104 57 133 226 0 137 239 27 4 0 0 3 0 1 0 0 0 2 4 2 0 0 3 4 0 2 210 0 0 0 0 0 0 0 2 2 0 5 0 2 0 3 3 1 0 3 3 12 3 0 6 0 0 0 0 0 0 2 0 1 1 4 2 0 1 3 0 6 20 3 51 19 18 16 0 12 15 24 45 0 0 8 2 17 0 12 29 10 14 0 0 0 0 0 0 0 0 17 0 0 5 0 0 0 0 0 19 0 0 0 0 0 0 0 0 0 0 0 0 0 0 0 0 0 0 0 0 0 0 0 0 0 0 0 0 0 0 0 0 0 0 0 0 0 0 1 0 0 0 27 1 11 0 16 16 1 12 20 12 14 0 23 21 1 2 0 6 32 0 0 0 0 0 10 9 0 0 0 0 0 0 0 0 0 0 0 16 0 0 0 0 0 0 0 0 0 0 0 0 0 0 0 0 0 0 0 0 0 0 0 0 0 0 0 0 0 0 0 0 0 0 0 0 0 17 0 0 0 0 0 0 0 0 4 2 0 0 12 0 10 2 0 2 0 0 0 0 0 0 0 1 0 0 0 0 0 36 0 0 0 0 0 0 0 10 0 0 0 0 0 0 0 0 0 0 0 0 0 
 21 253 474 64 55 43 143 35 315 320 167 192 117 31 133 201 137 0 143 110 24 84 0 0 0 3 0 0 3 2 6 0 29 62 0 4 0 6 3 74 0 0 2 1 2 0 5 2 0 4 0 2 0 3 0 0 3 0 0 7 44 30 3 0 0 0 0 0 1 3 2 0 0 0 0 0 1 1 0 0 0 19 0 12 46 0 0 0 30 0 8 12 0 0 1 0 0 58 2 6 0 0 5 0 0 0 30 0 0 0 0 0 17 0 0 0 0 0 0 21 0 0 0 0 0 0 0 0 0 0 0 0 0 0 0 0 0 0 0 0 0 0 0 16 13 1 0 0 0 0 3 0 0 0 0 0 0 0 0 0 0 34 25 18 15 0 0 19 25 0 7 0 1 19 15 12 0 9 0 7 0 0 0 0 0 0 1 31 0 0 0 0 3 0 0 0 0 0 0 0 0 0 0 0 5 0 0 0 0 0 0 0 0 0 0 0 22 0 0 0 0 0 0 0 22 1 0 0 0 0 0 0 0 0 0 0 0 0 0 0 0 0 0 0 0 7 11 0 0 1 0 3 7 0 0 0 0 0 0 2 0 0 0 0 0 0 0 0 0 0 0 0 0 0 0 0 0 11 0 0 0 0 0 0 0 0 0 0 0 0 
 118 133 124 55 54 396 160 145 79 51 37 33 265 199 251 139 239 143 0 77 0 0 0 2 0 0 0 0 0 0 4 3 0 0 0 2 1 1 3 0 2 0 1 3 0 1 2 3 0 5 0 3 0 2 0 2 1 0 0 4 0 0 3 0 0 0 0 2 0 0 2 0 0 0 0 0 3 0 0 0 22 17 1 0 11 2 22 14 0 23 34 0 12 2 16 41 7 12 1 11 0 2 0 0 0 0 0 0 0 0 0 0 0 0 0 0 0 0 0 0 0 0 0 1 0 0 0 0 0 0 0 0 0 2 0 0 0 0 2 0 0 0 2 0 0 0 0 1 0 0 0 0 0 0 0 2 0 0 0 0 10 12 20 0 4 0 14 17 23 0 22 0 0 9 0 12 12 0 2 17 1 0 0 0 0 0 2 0 0 0 0 0 0 0 0 2 0 0 1 0 0 0 0 0 0 0 0 0 0 0 0 0 0 0 0 0 0 0 0 0 0 2 0 0 0 0 0 0 0 0 0 0 10 0 0 2 0 0 0 0 0 0 0 0 0 2 0 0 0 0 0 7 0 2 0 0 0 0 0 0 0 0 0 0 0 0 0 0 0 0 0 0 0 0 0 0 12 0 0 0 0 0 0 0 0 0 0 0 0 0 
 49 395 54 71 92 74 231 59 193 95 165 35 400 270 123 383 27 110 77 0 2 0 6 0 1 0 0 0 2 2 3 0 0 2 0 2 0 1 3 0 2 0 1 3 0 0 2 2 0 4 0 3 5 2 0 2 63 0 0 4 0 1 3 0 1 0 0 0 0 0 0 0 0 0 0 0 3 0 0 0 10 15 0 66 0 0 34 33 11 20 0 0 70 10 60 37 2 5 16 21 0 0 0 0 0 0 0 0 0 0 0 0 0 0 0 0 0 0 0 0 0 0 0 0 0 0 0 0 0 0 0 0 22 0 0 0 0 0 0 0 0 0 0 3 0 9 0 0 0 13 0 0 0 0 0 0 0 0 0 0 38 17 24 0 0 0 11 45 18 0 1 12 42 12 7 26 0 0 0 58 0 0 0 0 0 0 0 0 0 0 0 0 0 0 0 0 0 0 0 0 0 1 0 0 0 1 0 0 0 19 0 0 0 0 0 0 0 0 0 0 0 0 0 0 0 0 0 0 0 0 0 0 0 0 0 0 0 1 0 0 0 0 0 0 0 1 3 0 0 0 0 5 1 0 0 0 2 0 0 0 0 0 0 0 0 0 2 0 0 0 0 0 0 0 0 8 0 0 0 0 0 0 0 0 0 0 0 0 0 0 
 4 0 76 0 0 67 0 0 77 35 74 156 0 0 2 0 4 24 0 2 0 103 88 72 51 36 307 172 130 48 119 108 432 176 173 87 49 48 263 222 0 3 9 0 0 2 3 0 0 3 2 0 0 2 0 2 3 0 3 3 0 0 1 0 2 0 3 0 0 3 0 0 7 6 6 3 0 0 0 29 0 0 0 0 11 0 0 0 0 0 0 1 0 0 0 0 0 20 0 0 12 21 40 19 0 0 26 0 17 21 32 13 2 12 8 22 10 30 9 8 0 0 0 0 0 0 0 0 0 0 0 0 25 0 0 0 0 0 0 0 0 0 0 0 0 0 10 0 0 0 0 0 0 0 0 18 0 0 11 0 0 0 0 0 0 0 0 4 0 0 12 0 0 6 0 0 26 0 0 0 3 20 18 26 8 10 0 65 18 15 17 9 20 0 13 0 6 0 0 6 0 0 0 0 12 0 18 0 1 0 0 0 0 0 0 0 0 0 0 0 0 2 0 0 0 0 0 0 0 0 0 0 0 0 0 0 0 0 0 0 0 0 1 0 0 0 0 0 0 0 0 0 0 0 10 1 0 81 87 2 3 11 0 0 0 0 0 0 0 0 0 0 0 52 0 0 0 0 0 16 0 0 0 0 0 1 0 0 0 0 
 0 1 3 5 177 40 0 0 1 0 77 75 0 0 0 0 0 84 0 0 103 0 159 54 56 121 169 206 166 119 71 22 76 62 58 159 40 64 90 171 5 3 3 0 0 2 2 0 0 0 0 0 0 2 4 2 2 2 8 2 8 0 6 0 0 0 10 0 0 0 0 4 0 2 6 2 1 8 0 0 0 0 0 0 10 0 7 0 0 0 0 19 0 0 0 0 0 11 0 0 14 8 16 46 0 16 25 0 35 32 0 22 19 0 26 45 34 32 0 0 2 0 0 10 0 0 0 0 0 0 0 0 0 0 0 2 0 0 0 0 0 1 0 0 0 0 0 0 0 0 0 0 0 0 0 0 0 0 0 0 1 0 0 3 12 0 1 0 0 0 0 1 0 1 0 0 0 0 0 0 0 0 62 10 18 2 2 26 4 25 26 1 15 2 16 23 25 0 0 0 0 0 0 0 0 0 18 0 0 0 2 0 17 0 0 0 18 2 0 0 0 0 0 0 0 0 0 0 0 0 0 0 0 0 0 0 0 0 0 0 0 0 17 0 0 0 74 0 0 0 0 0 0 2 25 2 0 95 0 0 1 1 0 0 0 0 3 0 0 0 0 0 0 0 0 0 0 0 0 10 0 0 0 0 0 0 0 0 0 0 
 0 0 3 0 0 75 0 0 0 0 0 0 18 0 0 0 0 0 0 6 88 159 0 109 43 178 59 111 240 133 57 138 131 276 56 188 402 183 19 189 0 3 0 0 0 0 68 0 9 0 0 0 21 64 3 3 3 0 47 3 0 0 0 0 2 0 8 0 0 0 0 0 0 0 1 3 0 0 0 0 0 0 0 0 0 0 0 0 0 0 0 0 0 0 0 0 0 0 0 0 10 10 0 3 9 25 0 1 18 16 11 47 6 0 14 0 17 16 0 0 0 19 0 0 0 0 0 2 0 0 0 0 24 35 19 0 0 0 0 19 0 0 0 0 0 0 0 0 6 0 0 0 0 0 5 0 0 0 18 0 0 0 0 0 0 0 0 0 0 3 0 6 0 0 0 0 1 0 0 0 17 19 1 11 59 0 34 0 10 0 6 40 0 10 13 32 1 25 0 0 9 0 0 0 0 0 30 0 0 9 0 0 26 8 0 0 20 0 14 17 0 0 0 0 0 0 0 0 0 0 0 0 0 0 0 0 0 0 0 0 0 0 0 0 0 0 0 0 0 0 0 0 0 0 16 2 0 0 0 3 0 0 0 0 0 0 11 0 0 0 0 0 0 0 0 0 0 0 0 0 0 34 0 0 0 12 0 0 0 0 
 0 0 3 0 0 0 74 0 0 0 3 0 0 73 0 0 3 0 2 0 72 54 109 0 312 50 185 103 198 269 285 362 276 197 180 127 223 170 168 84 32 3 15 6 0 4 3 0 0 0 2 0 0 64 3 9 3 3 64 2 0 0 3 27 2 0 3 0 0 0 0 0 6 0 42 3 0 0 0 6 0 0 0 0 0 0 0 0 0 0 0 0 0 0 0 0 1 0 1 0 11 13 16 12 0 0 0 22 8 0 53 26 0 12 14 20 0 0 0 1 0 0 0 0 0 1 3 0 11 0 0 0 52 0 0 0 0 0 16 0 0 0 0 0 0 0 1 0 0 0 0 0 1 0 0 0 0 0 1 0 0 0 0 0 0 0 0 0 0 0 14 0 0 0 2 0 16 0 0 0 1 0 23 28 1 30 0 12 24 24 10 1 0 33 13 11 29 7 0 0 8 0 0 0 0 2 0 0 0 0 0 0 18 19 0 0 0 0 0 2 0 0 0 0 0 0 0 0 0 0 0 0 0 0 20 0 0 0 0 0 0 0 1 0 0 0 0 0 0 0 0 0 0 0 6 2 0 15 166 4 2 0 0 0 0 0 0 0 0 0 0 0 0 0 0 0 0 0 0 0 0 0 0 0 0 0 0 0 0 0 
 0 0 3 0 0 0 1 0 16 0 3 1 1 0 1 1 0 0 0 1 51 56 43 312 0 170 65 170 450 169 404 127 74 92 66 116 43 40 309 83 67 3 0 0 2 0 66 0 3 0 0 0 0 130 1 2 31 0 66 3 0 0 0 0 2 0 8 0 0 0 0 0 0 0 0 3 3 5 0 0 0 0 0 0 0 0 0 0 0 0 0 0 0 0 0 0 10 0 0 0 2 0 0 22 9 0 0 0 17 0 2 0 0 0 0 18 16 31 0 0 33 12 5 0 8 0 1 10 0 1 0 2 17 20 9 0 11 11 0 0 0 0 0 0 0 0 0 0 1 0 0 0 0 0 7 0 0 0 0 0 0 0 0 0 0 0 0 1 0 7 0 0 0 0 0 0 0 0 0 0 16 0 20 0 9 8 0 10 0 15 23 12 0 3 1 0 8 9 0 0 22 0 25 0 0 0 41 13 21 0 0 0 24 11 12 0 0 0 50 0 0 1 0 0 0 1 0 0 1 0 0 1 0 0 0 0 1 13 2 2 0 0 0 0 0 0 0 0 0 0 0 0 0 0 11 0 1 93 0 2 79 2 0 0 0 0 0 0 0 0 0 0 0 1 0 0 0 0 0 9 0 0 0 0 0 0 10 0 0 0 
 4 0 0 0 1 0 0 0 0 0 0 1 4 0 0 0 1 3 0 0 36 121 178 50 170 0 152 43 68 141 165 252 248 129 144 150 285 422 72 52 114 4 0 0 0 0 4 0 13 0 0 0 125 98 67 3 68 0 6 33 0 52 0 0 3 0 11 0 0 0 0 0 0 0 2 3 0 1 0 0 0 0 0 0 0 0 0 2 0 0 0 0 0 0 0 0 0 0 0 0 0 0 0 3 24 1 0 0 11 0 2 23 0 0 14 0 31 9 0 0 11 21 0 23 0 0 9 29 5 13 1 0 3 22 46 9 26 0 8 1 0 0 0 0 0 0 0 0 10 0 0 0 0 0 5 0 0 0 0 2 0 0 0 0 0 3 0 0 0 0 0 0 1 0 0 0 0 0 0 0 0 0 0 0 17 0 1 0 10 1 6 21 0 0 5 48 0 18 0 0 10 13 17 0 0 0 19 3 1 15 12 22 36 19 20 11 11 0 0 25 0 0 0 0 19 0 0 0 0 0 0 0 0 0 0 6 0 0 0 0 0 0 0 0 0 0 0 0 0 0 0 0 0 0 11 4 0 0 0 6 6 0 0 0 0 0 11 0 0 0 0 0 0 0 0 0 0 0 0 0 0 19 0 0 0 0 0 0 0 0 
 0 0 0 21 63 0 0 0 0 75 29 123 0 0 0 0 0 0 0 0 307 169 59 185 65 152 0 160 31 54 112 108 404 51 98 54 32 47 574 164 0 3 0 0 0 0 3 0 0 4 4 30 68 6 10 2 9 0 3 3 0 0 0 0 2 0 7 0 0 0 0 0 0 0 0 3 2 0 0 0 0 0 0 11 9 6 0 0 5 0 0 4 0 0 0 0 12 8 0 0 11 0 49 13 0 28 0 31 0 3 22 2 13 14 13 12 9 12 9 33 0 1 0 0 9 0 0 0 0 0 0 0 0 0 0 0 0 0 0 0 0 0 0 0 0 0 0 0 0 0 0 0 0 0 11 0 0 0 0 0 0 2 2 0 21 2 0 0 0 22 0 13 0 0 0 0 0 7 0 0 14 8 31 20 0 12 7 10 13 15 10 0 0 0 35 43 1 17 15 0 0 0 15 0 0 0 0 0 0 0 0 0 0 0 0 0 0 0 0 0 0 0 0 0 0 0 0 0 0 1 0 0 0 0 0 7 0 0 0 0 0 48 0 0 0 0 132 0 77 0 1 0 0 0 8 0 0 0 1 0 13 0 0 0 0 0 0 0 0 0 0 0 0 0 0 0 0 0 0 0 0 0 0 0 0 0 0 0 0 0 
 0 2 3 0 35 38 0 0 0 0 1 0 0 2 0 0 0 0 0 0 172 206 111 103 170 43 160 0 175 283 341 37 147 319 213 272 40 175 120 270 2 3 0 0 0 5 3 0 0 0 0 0 0 2 4 2 3 0 3 3 0 0 0 0 2 1 3 0 4 0 0 0 0 0 0 3 0 0 0 0 0 0 0 0 7 0 0 0 0 0 0 0 0 0 0 0 0 0 0 0 0 40 34 11 21 33 15 46 21 10 7 36 37 0 51 31 12 33 0 14 0 0 0 10 0 56 11 0 0 0 0 0 1 0 0 0 0 0 10 8 0 0 0 0 0 0 3 0 0 0 0 0 2 0 0 0 0 16 0 0 0 0 0 0 2 0 0 0 0 0 0 0 0 0 3 0 0 1 1 0 0 0 48 12 45 20 0 0 13 40 22 0 8 47 0 0 66 7 0 0 0 0 0 0 0 0 22 0 0 0 0 0 41 0 0 0 0 0 0 0 0 0 0 0 0 0 0 0 0 0 0 0 0 0 0 0 0 0 0 0 0 0 9 0 0 0 0 0 0 0 0 0 0 0 0 0 4 44 91 2 1 0 0 0 0 0 0 0 0 0 0 0 0 0 0 0 0 0 0 0 0 0 0 0 0 0 0 0 0 0 
 0 0 2 4 0 0 0 0 0 0 0 0 0 0 0 0 0 3 0 2 130 166 240 198 450 68 31 175 0 104 122 82 297 213 307 251 207 42 95 291 0 3 207 0 0 0 3 0 5 0 1 0 1 2 3 2 3 3 32 3 0 2 0 0 2 0 6 0 0 0 0 0 0 0 0 3 4 0 2 0 0 0 0 0 0 0 0 0 0 0 0 0 0 0 0 0 0 0 1 0 10 9 0 9 15 13 0 32 28 14 3 30 0 3 0 12 23 59 0 0 1 0 0 0 0 0 18 0 0 0 0 1 41 16 0 0 0 0 0 25 0 0 0 0 0 0 5 0 0 0 0 0 6 0 2 0 0 0 0 0 0 0 0 0 0 0 0 0 0 4 0 7 0 0 0 0 0 0 0 0 13 8 16 13 9 9 12 8 0 9 0 47 0 20 0 11 15 1 0 0 3 0 0 0 0 1 90 0 1 0 0 1 1 0 0 0 10 0 85 7 0 0 0 0 0 0 0 0 2 0 0 0 0 13 0 0 0 0 1 1 0 0 0 0 0 0 0 0 0 0 0 0 0 0 8 2 0 203 2 0 3 2 0 0 0 0 0 0 0 0 0 0 0 0 0 0 0 0 0 8 0 10 0 0 0 0 4 0 0 0 
 73 0 0 0 74 75 0 0 0 0 0 0 0 0 2 8 2 2 0 2 48 119 133 269 169 141 54 283 104 0 257 129 143 84 189 128 220 199 278 161 30 5 4 0 0 8 4 0 0 0 0 0 63 102 3 3 5 0 3 2 2 0 0 0 3 0 3 4 0 3 0 2 4 46 2 5 0 0 6 0 0 0 0 0 0 0 0 0 0 0 1 0 0 0 0 0 0 0 0 0 0 37 32 0 42 0 14 29 8 9 23 48 18 0 43 0 2 0 0 37 0 18 0 19 0 0 5 15 11 0 0 0 19 7 19 0 10 0 0 0 0 0 0 0 0 0 0 0 12 0 0 0 0 0 10 0 0 0 0 0 0 0 0 0 0 0 0 0 0 1 0 0 0 0 4 0 0 0 0 0 40 12 6 10 0 25 9 1 14 31 3 1 14 53 19 19 21 15 0 0 10 0 0 0 0 0 2 9 0 0 0 0 30 19 11 0 0 0 0 26 0 0 0 0 0 0 0 0 0 0 0 0 0 0 0 0 0 0 0 0 0 0 3 0 0 0 0 0 0 0 0 0 0 0 5 0 4 2 9 13 44 0 0 0 0 0 0 0 0 0 0 0 0 0 0 0 0 0 0 0 0 14 0 0 0 0 0 0 0 0 
 3 3 9 9 6 3 3 3 3 3 4 3 6 3 3 3 4 6 4 3 119 71 57 285 404 165 112 341 122 257 0 359 121 48 84 176 96 185 306 126 68 3 3 0 0 0 213 0 10 0 0 0 0 37 5 7 9 0 3 328 0 0 0 2 2 0 3 0 0 2 0 3 4 0 1 6 0 0 0 2 0 0 0 0 0 0 0 1 0 0 0 0 0 0 1 0 0 0 8 0 0 3 8 3 15 38 16 38 0 9 56 36 0 14 11 22 0 17 0 13 0 2 0 0 0 0 11 10 12 0 0 0 33 0 2 0 8 10 10 35 0 0 0 0 0 0 0 0 0 0 0 0 0 0 0 0 0 0 0 2 0 0 0 0 0 0 0 0 0 10 0 0 0 0 3 0 0 0 0 0 7 1 2 0 8 2 0 4 21 8 24 13 1 14 0 0 14 8 0 0 36 0 11 0 0 0 21 10 29 1 1 0 33 10 0 0 0 0 32 10 0 0 0 0 0 0 0 0 0 0 0 0 28 0 0 0 0 0 0 0 0 0 0 0 0 0 0 0 0 0 0 0 0 0 6 0 0 92 1 2 2 22 0 0 0 0 0 0 0 0 0 0 0 0 0 0 0 0 0 0 0 14 0 0 0 0 0 0 0 0 
 2 0 2 1 2 0 0 2 0 0 2 2 3 2 0 1 2 0 3 0 108 22 138 362 127 252 108 37 82 129 359 0 39 81 179 86 234 169 57 49 125 3 4 0 0 0 6 3 2 0 0 2 42 99 1 2 3 0 4 67 0 0 5 2 3 0 3 0 2 0 0 0 2 0 1 3 3 0 0 3 0 5 0 0 0 0 0 0 1 0 0 19 0 0 0 0 0 0 0 0 10 0 0 0 47 10 0 14 0 0 18 31 0 0 0 1 11 10 0 0 3 27 0 0 0 0 11 16 0 12 0 0 17 12 34 12 6 2 11 9 0 0 0 0 0 0 1 0 19 0 0 0 0 0 6 0 0 0 0 0 0 1 0 0 0 0 0 0 0 13 0 3 0 0 0 0 0 0 0 0 0 0 0 0 30 12 0 9 11 0 0 20 16 10 0 10 0 18 0 0 25 0 0 0 6 0 14 6 10 8 0 15 1 1 0 0 0 0 22 18 0 0 0 0 0 0 0 0 0 2 0 0 0 2 0 0 0 0 0 0 0 0 0 0 0 2 0 0 0 0 0 0 0 0 12 0 3 74 5 2 3 1 0 0 0 0 0 0 1 0 0 0 0 0 0 0 0 0 0 0 0 18 0 0 0 0 0 0 0 0 
 0 0 74 0 0 31 0 0 74 41 89 73 0 0 0 0 0 29 0 0 432 76 131 276 74 248 404 147 297 143 121 39 0 122 123 32 123 29 101 177 66 3 17 0 64 0 3 0 2 0 0 0 0 2 3 3 3 1 3 2 0 0 0 0 3 0 3 0 0 0 0 0 0 0 2 3 0 0 0 0 0 0 0 0 9 0 0 0 0 0 0 1 0 0 0 0 0 17 2 0 1 0 38 0 14 0 36 28 6 22 31 12 17 2 35 32 0 0 0 18 0 0 0 0 0 0 0 12 0 0 0 0 10 0 0 0 0 0 34 0 0 0 0 0 0 0 2 0 0 0 0 0 1 0 2 0 0 0 0 0 0 0 0 0 0 15 0 6 0 0 0 0 0 10 0 0 0 0 0 0 13 0 1 26 0 14 0 35 38 11 0 14 11 33 9 0 16 30 0 0 0 0 0 0 4 1 0 0 0 0 0 0 0 0 0 0 0 0 22 0 0 0 0 0 2 0 0 0 0 0 0 0 0 0 0 0 0 0 0 0 0 0 0 0 0 0 0 0 0 0 0 0 0 0 14 2 0 79 9 0 2 21 0 0 0 0 0 0 0 0 0 0 0 0 0 0 0 0 0 1 0 0 0 0 0 16 0 0 0 11 
 0 1 72 0 0 2 0 0 77 20 74 73 2 0 0 2 0 62 0 2 176 62 276 197 92 129 51 319 213 84 48 81 122 0 388 35 156 39 117 528 0 3 10 0 1 0 66 0 3 0 0 0 0 2 3 2 3 0 4 3 0 0 0 0 2 0 6 0 7 3 0 0 0 0 0 3 1 17 0 0 0 0 12 2 8 0 0 0 0 0 0 35 0 0 0 0 0 20 0 0 18 1 2 30 0 9 14 0 8 10 11 19 13 0 11 2 16 0 0 0 0 0 0 0 0 0 0 0 0 0 0 0 11 0 0 37 0 14 0 0 0 0 0 0 0 0 0 11 0 0 0 0 0 0 0 0 0 4 0 0 0 0 0 0 33 19 0 8 2 0 0 0 0 5 0 0 0 9 0 4 29 20 52 25 10 0 19 29 5 0 10 5 42 5 26 34 1 20 0 17 0 2 0 0 11 0 0 0 0 0 0 0 23 0 0 0 0 0 0 0 0 0 13 0 0 0 0 0 0 0 1 0 0 0 0 0 0 0 0 0 0 0 0 0 0 0 77 0 0 2 0 0 0 0 11 1 1 0 1 0 2 0 0 0 0 0 4 0 0 0 0 11 0 0 0 0 0 0 0 8 0 0 0 0 0 13 0 0 0 0 
 2 3 0 3 0 74 203 0 0 0 1 135 0 2 0 73 3 0 0 0 173 58 56 180 66 144 98 213 307 189 84 179 123 388 0 432 270 464 81 238 0 64 2 0 0 0 5 0 26 0 0 0 0 2 3 3 3 0 3 2 0 0 0 0 3 0 3 0 0 0 0 0 0 0 2 3 0 2 0 0 0 0 0 0 0 0 0 0 0 0 0 0 0 0 12 0 0 4 0 0 14 1 12 0 31 20 0 27 9 0 14 46 9 0 0 0 11 21 0 0 0 2 0 0 0 0 14 0 0 0 0 0 17 0 2 0 0 0 0 32 0 0 0 0 0 0 5 0 1 0 0 0 6 0 0 0 0 0 0 0 0 0 0 0 0 12 0 0 0 2 0 0 0 0 0 0 0 0 0 0 0 0 20 42 26 5 0 0 10 8 0 71 4 11 13 42 4 2 0 0 12 0 0 0 0 8 31 0 0 0 0 0 10 0 0 1 0 0 13 0 0 0 0 0 0 0 0 0 0 0 0 1 0 0 0 0 0 0 0 0 0 0 0 0 0 0 0 0 0 0 0 0 0 0 0 0 2 1 1 2 2 0 0 0 0 0 0 0 0 0 0 0 0 0 0 0 0 0 0 0 0 0 0 0 0 0 0 0 0 0 
 2 2 2 2 77 78 2 2 2 2 3 2 2 2 2 2 4 4 2 2 87 159 188 127 116 150 54 272 251 128 176 86 32 35 432 0 207 36 348 43 2 3 5 1 16 2 8 0 1 4 4 4 1 2 6 6 5 5 65 7 0 0 3 2 2 0 8 0 4 4 4 0 0 0 1 6 5 0 0 2 0 0 0 0 0 0 0 0 0 0 0 0 14 0 0 0 0 0 0 0 1 35 12 24 11 15 8 26 26 2 1 19 27 0 12 10 22 31 0 0 11 0 0 13 0 0 15 1 1 1 0 0 37 0 0 0 0 0 0 37 0 0 0 0 0 0 5 0 0 0 0 0 10 0 0 20 0 0 0 1 0 0 0 0 0 0 1 0 0 16 0 4 0 0 0 0 0 0 0 0 12 0 37 19 25 8 3 10 2 30 17 29 9 37 10 19 21 0 0 0 11 0 0 0 0 0 22 0 1 9 2 0 14 12 0 0 0 2 29 0 0 0 0 0 0 0 0 0 0 0 0 0 0 0 21 8 0 0 0 0 0 0 10 0 0 0 0 0 0 0 0 0 0 0 3 0 0 151 1 0 1 1 0 0 0 0 1 0 0 0 0 2 0 1 0 0 0 0 0 18 0 0 0 0 0 0 9 0 0 0 
 0 3 0 0 0 0 0 0 0 0 0 0 0 0 0 0 0 0 1 0 49 40 402 223 43 285 32 40 207 220 96 234 123 156 270 207 0 159 35 23 62 3 5 0 0 0 64 0 0 0 0 0 23 95 3 3 3 0 65 2 0 0 0 0 2 0 6 0 0 0 0 0 0 0 1 3 6 0 0 0 0 17 0 0 0 5 0 0 0 0 0 0 0 0 0 0 0 0 2 0 19 0 0 7 22 10 0 1 1 0 26 91 0 0 2 1 23 24 0 0 11 78 0 0 0 0 11 16 13 0 0 0 93 0 27 0 7 0 1 13 0 0 0 30 0 0 7 0 19 0 0 0 0 0 7 0 0 0 0 0 0 0 0 0 0 10 0 0 0 5 0 3 0 0 0 0 0 0 0 0 0 0 0 13 27 18 0 11 11 0 10 19 0 1 26 14 1 21 0 0 22 0 0 0 0 1 13 8 0 12 0 0 14 13 0 0 0 0 24 11 0 0 0 0 2 0 0 1 0 0 0 0 0 0 0 0 0 0 0 0 0 0 0 0 0 0 0 0 0 0 0 0 0 0 11 1 0 0 74 4 2 2 0 0 0 0 0 0 0 0 0 0 0 0 0 0 0 0 0 0 0 18 0 0 0 0 10 0 0 0 
 4 1 3 1 0 0 4 2 3 1 1 1 4 3 2 1 2 6 1 1 48 64 183 170 40 422 47 175 42 199 185 169 29 39 464 36 159 0 47 41 66 3 0 0 0 0 61 62 0 0 0 1 75 24 0 1 3 0 4 3 0 0 0 0 2 0 6 0 0 0 0 0 0 0 0 3 1 0 0 0 0 0 0 0 0 0 0 0 0 0 0 0 0 0 0 1 1 0 0 0 0 22 0 22 34 37 0 31 3 0 13 66 0 0 11 0 0 0 0 0 0 12 0 13 0 0 27 11 14 0 0 0 19 1 12 0 11 0 0 14 0 0 0 0 0 0 1 0 0 0 0 0 4 0 0 0 0 0 0 0 0 0 0 0 0 0 0 12 0 0 0 0 11 0 10 0 0 0 0 0 0 0 28 30 16 6 4 0 4 11 20 1 0 9 10 21 20 13 0 0 11 0 0 0 0 0 0 9 0 0 0 2 25 27 0 0 0 0 0 7 0 0 0 0 0 2 2 0 0 0 0 0 0 0 0 0 0 0 0 0 0 0 0 0 0 0 2 0 0 0 0 0 0 0 11 1 1 6 74 0 4 1 0 0 0 0 4 0 0 0 0 0 0 0 1 0 0 0 0 0 0 15 0 0 0 0 0 0 0 0 
 2 2 3 150 193 45 3 3 3 64 3 3 3 3 4 8 210 3 3 3 263 90 19 168 309 72 574 120 95 278 306 57 101 117 81 348 35 47 0 183 3 3 0 0 0 5 3 1 0 0 0 199 0 2 3 2 3 17 3 3 4 0 0 0 52 0 3 0 5 0 0 2 1 0 44 3 0 0 0 0 0 0 0 0 9 8 0 0 0 0 0 0 0 0 0 0 0 11 0 0 12 18 52 12 0 0 15 14 24 16 32 0 27 20 18 25 21 21 0 25 0 0 0 10 0 0 0 0 0 0 0 0 0 0 0 0 0 0 13 0 0 0 0 0 0 0 0 0 0 0 1 0 0 0 0 0 0 0 0 0 0 0 0 1 10 0 0 2 0 1 0 16 0 0 0 0 1 0 0 0 1 16 12 0 18 13 8 0 30 51 0 0 14 16 4 1 28 22 0 1 0 0 1 0 10 0 0 0 0 0 0 0 0 0 0 0 0 0 0 0 0 0 0 0 0 0 0 0 0 0 0 0 0 0 0 0 0 0 1 1 0 0 14 0 0 0 74 0 63 0 13 0 0 0 13 1 2 0 0 0 13 0 0 0 0 0 0 0 0 0 0 0 0 0 0 0 1 0 0 0 0 0 0 0 2 0 0 0 0 0 
 0 77 34 0 1 96 0 0 22 74 158 82 0 126 0 0 0 74 0 0 222 171 189 84 83 52 164 270 291 161 126 49 177 528 238 43 23 41 183 0 1 3 0 0 1 5 3 0 3 0 0 68 0 2 10 2 3 0 4 4 0 0 0 0 2 0 5 0 3 0 0 0 3 0 1 3 0 2 0 0 0 0 0 23 15 12 0 0 6 0 0 13 0 0 0 0 14 59 0 0 12 13 15 39 0 0 16 17 0 27 0 0 14 28 0 0 0 1 21 9 0 0 0 0 0 0 0 0 0 0 0 0 0 0 0 30 0 0 0 0 0 2 0 0 0 0 0 0 2 0 1 0 0 0 0 0 0 4 0 0 2 0 0 10 29 43 2 24 0 9 0 22 0 4 0 0 0 14 0 0 15 28 1 42 0 0 27 1 0 9 0 0 45 13 12 21 11 20 9 64 0 0 0 0 11 0 0 10 0 0 0 0 0 2 0 0 0 0 0 0 0 0 0 0 0 0 0 0 0 0 0 0 0 0 0 0 0 22 0 0 0 0 0 0 0 0 37 0 0 76 0 0 0 2 10 0 2 2 0 3 0 0 0 0 0 0 0 0 0 0 0 0 0 0 0 0 0 0 0 1 0 0 0 0 1 12 0 0 0 0 
 2 6 2 0 3 3 0 1 1 0 2 0 0 1 0 0 0 0 2 2 0 5 0 32 67 114 0 2 0 30 68 125 66 0 0 2 62 66 3 1 0 93 382 253 39 269 205 130 252 38 27 39 137 635 354 104 109 55 284 126 4 0 0 0 0 0 0 0 0 0 0 0 203 0 0 0 0 2 203 0 0 16 0 0 0 3 0 0 0 0 0 0 0 0 0 0 0 0 1 0 0 14 0 0 18 0 0 1 1 8 6 23 2 0 0 7 0 4 0 3 23 13 14 11 0 7 63 13 17 14 0 8 0 19 9 15 23 9 12 0 0 9 0 0 0 0 0 0 0 0 0 0 0 0 2 0 0 0 0 0 0 0 0 6 2 0 0 0 0 3 0 7 4 0 0 0 0 0 0 0 0 0 4 0 0 2 2 0 0 1 0 7 0 0 0 0 2 0 1 0 31 0 0 0 0 0 14 43 16 11 9 26 12 24 12 6 0 15 0 8 0 0 0 0 0 0 0 0 0 0 0 0 0 0 0 0 0 0 0 0 0 0 0 0 0 0 0 0 0 27 0 6 0 1 0 0 0 0 0 0 0 0 0 2 1 3 1 0 2 0 0 0 0 0 0 0 0 0 0 0 0 0 0 0 0 0 0 0 0 12 
 0 0 0 0 0 0 0 0 0 58 2 56 0 0 0 0 0 0 0 0 3 3 3 3 3 4 3 3 3 5 3 3 3 3 64 3 3 3 3 3 93 0 246 210 519 299 164 169 311 101 46 107 114 553 267 119 102 64 109 65 0 0 0 0 13 0 0 0 0 0 0 0 205 0 0 1 0 63 237 0 0 0 0 0 0 0 0 0 0 0 0 0 0 0 0 0 0 0 0 0 0 0 0 0 15 4 0 0 0 0 0 0 0 0 0 0 0 0 0 0 10 10 14 11 0 11 5 19 1 33 34 5 0 24 22 18 22 23 15 7 0 0 0 0 0 0 9 0 0 0 0 0 0 1 0 0 0 6 19 12 0 0 0 0 0 7 0 0 0 0 0 0 0 0 0 0 0 0 0 0 0 7 0 0 0 0 0 0 0 0 0 0 0 0 0 0 0 3 0 0 0 47 41 8 0 0 0 1 32 28 7 2 0 0 33 13 1 1 1 18 0 0 0 0 0 1 27 1 0 0 0 0 17 0 0 0 0 0 8 0 0 0 0 0 25 0 0 0 0 0 0 17 0 0 0 0 0 0 0 0 0 0 0 0 0 3 0 71 0 0 0 0 0 0 0 0 0 0 0 0 0 0 0 0 0 27 0 0 2 0 
 1 2 15 4 0 0 0 0 0 3 1 0 0 0 0 3 0 2 1 1 9 3 0 15 0 0 0 0 207 4 3 4 17 10 2 5 5 0 0 0 382 246 0 113 262 318 150 128 261 207 97 34 123 275 314 426 198 116 133 541 0 0 0 0 0 0 0 0 0 0 0 0 1 0 0 0 0 3 3 0 0 0 0 0 0 0 0 0 0 0 0 0 0 0 0 0 0 0 0 0 6 0 0 0 0 0 0 0 0 0 11 8 0 0 0 0 3 0 0 0 12 10 12 0 0 2 9 0 42 18 2 14 31 8 0 8 0 23 0 0 0 2 0 0 0 0 17 0 0 0 0 9 1 0 0 0 0 9 16 37 0 0 0 0 0 0 0 0 0 0 0 0 11 0 0 0 0 0 0 0 0 0 0 8 0 9 0 6 6 0 0 0 0 0 6 2 0 0 0 0 14 16 29 0 8 0 0 0 21 8 68 0 0 1 0 18 4 7 3 16 0 0 9 0 0 0 0 19 0 8 0 0 2 0 0 0 0 0 8 1 0 0 0 0 0 0 0 0 0 0 0 3 0 1 0 0 0 0 8 0 0 0 38 0 0 0 0 3 2 0 0 0 0 0 0 0 0 0 0 0 0 0 0 0 0 14 0 0 1 0 
 3 3 4 1 1 1 1 2 2 1 3 1 1 2 1 1 0 1 3 3 0 0 0 6 0 0 0 0 0 0 0 0 0 0 0 1 0 0 0 0 253 210 113 0 185 262 386 248 237 288 197 179 47 298 335 327 188 55 129 84 4 0 4 0 0 0 0 0 0 0 50 0 0 0 6 0 6 0 72 0 0 0 0 0 0 0 0 0 1 0 0 0 0 0 0 0 0 0 0 0 0 0 0 0 0 0 0 0 0 0 0 0 0 0 0 0 0 0 0 0 0 28 74 12 0 19 0 0 9 0 0 34 0 0 0 1 17 66 24 0 0 0 0 0 22 0 0 0 0 0 0 0 16 21 0 6 0 0 15 0 0 0 0 0 0 0 0 0 0 0 0 0 1 0 0 0 0 6 3 0 0 0 0 0 0 0 0 0 0 0 0 0 0 0 0 0 0 0 0 0 0 66 12 20 12 0 0 38 23 15 14 1 0 3 11 35 43 17 0 31 0 0 0 0 0 0 33 2 0 0 0 0 27 0 0 12 0 0 18 7 0 0 0 0 0 0 0 0 0 0 0 7 0 0 0 0 0 0 0 16 0 0 0 0 0 20 0 0 2 0 8 0 0 0 0 0 0 0 0 0 0 0 0 0 1 16 0 1 1 6 
 0 0 5 4 0 0 0 0 0 0 0 0 0 0 0 0 0 2 0 0 0 0 0 0 2 0 0 0 0 0 0 0 64 1 0 16 0 0 0 1 39 519 262 185 0 82 54 113 90 107 130 258 62 284 81 68 327 53 264 100 0 0 0 0 0 0 0 0 0 3 0 0 0 50 3 0 0 0 89 52 0 0 0 0 0 0 0 0 0 0 0 0 0 0 0 0 0 0 10 0 0 0 0 0 0 0 0 0 0 0 0 0 0 0 0 0 0 0 0 0 0 0 13 10 0 1 0 0 9 0 0 2 0 0 0 15 7 19 0 0 0 0 7 9 5 0 49 11 0 7 0 0 7 22 0 4 13 0 21 6 0 0 10 0 0 0 0 0 0 0 0 0 0 4 0 0 0 2 4 0 0 0 0 0 0 0 0 0 0 0 0 0 16 0 0 0 0 0 0 0 0 7 0 15 6 9 0 19 0 0 0 1 0 9 17 11 49 12 0 0 10 0 0 10 0 0 27 11 0 0 0 0 8 0 0 0 0 0 1 2 0 0 0 0 0 0 0 0 0 0 0 20 0 1 0 0 0 0 0 0 0 19 0 2 0 24 1 3 0 2 0 0 0 0 0 0 0 0 0 0 0 3 2 0 10 10 0 0 2 0 
 0 0 0 0 2 2 0 0 0 0 4 65 0 0 0 2 0 0 1 0 2 2 0 4 0 0 0 5 0 8 0 0 0 0 0 2 0 0 5 5 269 299 318 262 82 0 48 39 55 283 125 66 108 277 84 314 129 114 243 35 0 54 0 0 25 0 0 50 0 0 0 0 111 50 0 0 0 3 69 0 0 0 0 0 0 4 0 0 0 0 0 0 0 0 0 0 0 0 0 0 0 3 0 0 0 0 0 5 0 5 0 0 3 0 0 7 0 4 0 3 0 0 0 17 27 0 0 0 0 9 10 0 0 0 0 11 0 21 0 0 10 0 1 0 4 0 22 9 2 0 0 9 4 21 1 0 97 15 0 27 0 0 0 8 3 0 0 0 0 3 0 12 0 0 0 0 0 0 0 0 0 0 5 0 0 0 10 0 0 12 0 0 0 0 0 0 8 0 11 0 0 0 7 7 33 0 0 0 0 7 0 6 0 1 0 0 0 24 0 0 0 0 2 0 5 0 12 11 15 0 0 0 11 20 39 16 0 0 11 14 0 0 0 0 0 0 0 0 0 0 0 4 0 2 0 0 0 0 0 2 0 0 4 1 8 6 0 62 1 0 0 0 0 0 0 0 0 0 0 0 0 1 0 0 10 10 0 11 1 0 
 2 2 8 8 2 2 2 2 2 5 2 2 2 2 2 2 2 5 2 2 3 2 68 3 66 4 3 3 3 4 213 6 3 66 5 8 64 61 3 3 205 164 150 386 54 48 0 174 63 64 115 250 167 83 107 44 127 76 78 484 5 0 0 0 0 0 0 4 3 0 0 0 0 0 0 0 0 50 4 0 0 0 0 0 0 0 0 0 0 0 0 0 0 25 0 0 0 0 0 0 0 0 0 0 0 12 0 1 0 0 0 1 0 0 0 0 0 0 0 0 10 17 17 0 1 10 0 17 1 3 16 14 0 0 0 0 14 12 1 5 1 4 0 0 0 0 0 0 1 0 8 0 0 0 1 0 0 0 11 0 0 0 0 0 0 0 0 0 0 0 0 1 0 0 0 0 0 0 0 0 0 0 0 0 0 3 0 0 0 0 0 10 0 0 0 0 0 0 0 0 0 7 10 8 1 0 8 0 8 11 1 0 10 20 10 8 9 0 0 4 0 0 0 0 0 0 0 0 0 0 0 0 8 0 0 0 0 0 0 47 0 0 20 0 0 0 0 0 0 18 0 10 0 2 0 0 0 0 0 2 0 0 2 0 0 0 0 0 2 0 0 0 0 0 0 0 0 0 0 0 0 0 0 0 0 0 0 0 0 0 
 2 2 2 2 2 2 2 65 2 2 2 2 5 2 2 2 2 2 3 2 0 0 0 0 0 0 0 0 0 0 0 3 0 0 0 0 0 62 1 0 130 169 128 248 113 39 174 0 156 344 169 232 142 305 164 195 330 36 352 74 7 0 0 0 49 0 0 0 2 0 60 3 3 71 7 54 0 2 59 0 16 0 0 0 0 0 0 0 0 0 0 0 0 0 0 0 0 0 0 0 0 0 0 0 0 0 0 0 0 0 0 0 0 0 0 0 0 0 0 0 0 4 25 9 8 26 0 0 10 0 1 20 0 0 0 8 0 11 38 0 7 7 0 7 0 0 0 8 0 0 0 0 1 2 6 0 0 0 35 0 0 0 0 0 0 0 0 0 0 0 0 0 0 0 0 0 0 4 6 0 0 0 0 23 0 1 0 0 0 0 0 0 0 0 0 0 0 0 0 0 0 12 27 22 1 0 0 9 29 14 12 1 0 0 7 18 20 0 0 19 0 0 0 12 1 0 8 9 0 0 0 0 10 9 0 0 0 0 0 10 0 0 11 0 0 0 0 0 0 0 0 8 0 2 0 0 2 0 0 19 0 0 2 0 0 10 5 0 0 0 0 0 0 0 0 0 0 0 0 0 0 0 0 0 0 0 0 0 0 0 
 0 0 13 0 0 0 0 0 0 2 0 0 0 0 0 0 0 0 0 0 0 0 9 0 3 13 0 0 5 0 10 2 2 3 26 1 0 0 0 3 252 311 261 237 90 55 63 156 0 111 52 267 145 327 166 346 151 34 102 138 0 1 0 0 3 2 0 0 0 2 1 205 2 52 1 2 0 1 4 0 0 0 0 0 0 0 0 0 0 0 0 0 0 0 0 0 0 0 0 0 2 0 0 0 0 5 0 0 0 0 0 0 0 0 0 0 14 0 0 0 0 7 11 0 0 13 0 0 15 21 9 14 19 13 3 16 0 27 0 0 0 2 0 0 0 0 10 0 0 0 0 0 0 1 0 0 0 7 17 7 0 0 0 0 0 0 0 13 0 0 0 0 1 0 0 0 0 3 2 0 0 0 0 0 9 0 0 0 1 0 5 20 0 0 0 21 0 4 0 0 14 16 37 6 0 0 12 1 0 7 22 0 8 0 0 30 43 0 27 5 0 0 0 0 0 0 10 0 0 0 0 0 8 0 0 0 0 0 7 0 0 0 0 0 0 0 0 0 0 0 0 7 0 1 0 0 0 0 0 8 0 0 37 0 1 11 2 64 0 0 0 0 0 0 0 0 0 0 0 0 0 3 0 0 0 10 0 1 0 0 
 3 4 4 4 3 3 5 5 4 3 37 3 5 5 4 4 5 4 5 4 3 0 0 0 0 0 4 0 0 0 0 0 0 0 0 4 0 0 0 0 38 101 207 288 107 283 64 344 111 0 445 28 53 90 162 121 352 65 89 335 0 10 0 0 1 0 11 0 0 0 0 0 11 0 0 39 0 3 4 70 0 0 0 0 0 0 0 0 14 0 0 3 0 0 0 0 0 0 0 0 0 8 0 0 0 0 0 0 0 2 0 0 0 0 0 0 0 0 0 0 0 0 11 0 1 50 0 0 0 1 0 24 0 0 0 56 1 31 0 0 0 0 0 0 0 0 31 0 0 0 0 0 1 1 0 10 0 7 46 6 0 0 5 0 0 0 0 0 0 0 0 0 0 0 0 0 0 0 2 0 0 0 0 0 0 0 0 0 0 0 0 0 0 0 0 0 0 0 0 0 0 16 19 0 1 0 0 0 0 7 0 0 0 1 0 11 17 0 0 0 0 0 0 0 0 0 11 0 0 0 0 0 9 0 0 0 0 0 7 8 0 0 0 0 0 0 0 0 0 0 0 5 0 0 0 1 0 0 0 8 0 0 0 4 1 78 0 70 2 0 0 1 0 0 0 0 0 0 0 0 0 0 0 0 0 16 0 2 2 0 
 0 0 0 0 0 0 0 0 0 0 0 0 0 30 0 64 0 0 0 0 2 0 0 2 0 0 4 0 1 0 0 0 0 0 0 4 0 0 0 0 27 46 97 197 130 125 115 169 52 445 0 187 95 61 145 163 116 249 88 155 64 0 0 0 75 0 4 3 7 0 6 3 5 6 0 0 0 0 4 56 0 0 0 0 0 0 0 0 0 0 0 0 0 0 0 0 0 0 0 0 0 0 0 0 0 2 0 0 0 1 0 0 0 0 0 0 0 0 0 0 10 11 10 0 16 58 0 11 0 0 61 17 0 15 0 29 0 29 0 21 8 10 0 5 15 0 34 7 0 0 0 0 0 0 7 1 4 0 43 0 0 0 8 0 0 0 0 0 0 0 0 0 0 0 0 0 0 2 4 0 0 0 0 0 0 0 0 0 0 0 0 1 21 0 0 0 0 0 0 0 0 2 10 3 0 0 0 1 5 0 6 16 0 0 11 15 2 0 1 22 0 0 0 17 2 0 0 14 0 0 0 0 12 14 26 0 0 0 47 16 0 0 20 0 0 0 0 0 0 0 0 9 0 0 0 0 0 0 0 8 0 0 0 1 0 81 5 0 0 0 0 0 0 0 0 0 0 0 0 0 0 0 0 0 3 0 0 0 1 0 
 3 3 3 2 2 2 2 4 3 5 3 2 5 3 2 2 2 2 3 3 0 0 0 0 0 0 30 0 0 0 0 2 0 0 0 4 0 1 199 68 39 107 34 179 258 66 250 232 267 28 187 0 95 272 112 51 82 81 63 105 259 0 0 0 0 0 0 2 3 0 2 0 0 21 10 0 0 0 121 57 0 0 0 0 0 0 0 0 0 0 0 0 0 0 0 0 0 0 0 0 0 0 0 0 0 0 0 0 0 0 0 0 0 0 0 0 0 0 0 0 0 1 6 13 15 35 0 0 4 25 0 23 0 0 0 7 16 10 0 0 0 29 0 4 30 0 12 1 1 1 0 0 18 23 0 13 19 0 30 9 0 0 3 0 0 0 0 0 0 0 0 0 0 0 0 0 0 1 3 0 0 0 0 10 0 0 0 0 0 0 0 0 0 0 0 0 0 0 0 0 0 20 0 11 21 3 0 24 7 0 0 1 0 10 17 16 37 16 0 0 16 0 19 10 0 0 29 12 0 0 0 0 21 0 10 0 0 0 4 24 0 0 0 0 0 0 1 0 0 0 2 19 0 1 0 0 0 0 0 1 0 1 6 0 2 12 4 3 1 0 0 0 0 0 2 0 0 0 0 0 0 0 0 0 10 0 0 0 2 0 
 0 6 1 0 0 0 7 0 0 0 0 0 0 2 1 0 0 0 0 5 0 0 21 0 0 125 68 0 1 63 0 42 0 0 0 1 23 75 0 0 137 114 123 47 62 108 167 142 145 53 95 95 0 168 121 252 47 30 102 132 0 0 0 0 0 0 56 0 6 0 0 0 0 0 15 0 0 45 0 0 10 0 0 0 7 0 0 0 0 6 0 0 8 0 0 10 0 2 0 0 0 0 0 0 66 22 0 0 0 0 1 51 0 0 0 0 0 0 0 0 0 21 9 1 3 2 0 35 20 0 15 2 0 1 32 18 17 0 14 0 0 0 0 0 0 0 0 0 5 0 0 0 6 0 10 13 0 0 7 0 6 0 0 0 0 0 0 7 2 1 0 0 11 6 0 42 0 0 0 0 0 0 0 11 8 0 0 0 0 0 0 8 0 0 0 0 0 21 0 0 2 0 1 8 4 0 0 33 6 24 0 13 1 23 6 18 15 0 13 3 0 0 0 0 0 0 0 0 0 0 0 0 10 0 0 0 0 0 0 8 0 0 19 0 0 0 0 0 0 0 0 8 0 2 0 0 0 0 0 1 0 0 0 0 0 1 0 0 0 0 0 0 0 0 0 0 0 0 0 0 0 23 0 0 0 0 0 0 0 0 
 2 2 3 3 3 3 3 3 3 3 2 3 3 3 3 3 3 3 2 2 2 2 64 64 130 98 6 2 2 102 37 99 2 2 2 2 95 24 2 2 635 553 275 298 284 277 83 305 327 90 61 272 168 0 121 279 49 53 321 353 0 0 0 0 0 0 0 0 0 0 0 0 0 0 0 0 0 2 204 0 0 0 0 0 0 0 0 0 0 0 0 0 0 0 0 0 0 0 0 0 0 0 0 0 33 0 0 0 8 0 12 10 0 0 0 0 0 0 0 0 0 21 0 0 16 7 35 13 14 23 12 8 19 20 21 1 24 0 0 0 0 0 0 0 0 0 0 0 8 1 0 0 0 9 25 2 0 0 2 0 0 0 0 0 0 0 0 0 0 0 0 0 0 0 0 0 6 13 0 0 0 0 0 0 0 37 16 0 1 0 0 0 0 0 0 0 0 34 0 0 46 0 0 0 0 10 21 8 18 25 1 19 10 21 19 0 0 8 0 9 0 0 0 0 0 0 0 0 0 0 0 0 11 0 7 0 0 0 0 6 0 0 0 0 0 0 0 0 0 0 0 8 0 0 0 0 0 117 0 0 0 0 0 0 2 3 2 0 2 0 0 0 0 0 1 0 0 0 0 0 0 56 1 0 1 0 0 0 0 0 
 0 2 10 0 0 0 0 0 0 16 7 3 0 0 0 0 3 0 0 0 0 4 3 3 1 67 10 4 3 3 5 1 3 3 3 6 3 0 3 10 354 267 314 335 81 84 107 164 166 162 145 112 121 121 0 242 195 51 310 213 0 0 2 0 2 0 2 0 0 0 0 0 0 0 4 3 4 1 61 2 0 1 0 11 0 2 0 0 3 0 0 17 0 0 0 0 3 0 0 0 0 0 0 0 13 1 0 4 0 1 0 0 0 0 1 1 0 0 0 9 1 2 11 65 0 21 15 2 9 20 14 14 0 9 21 0 36 13 41 1 0 0 0 0 0 0 0 0 0 0 0 0 7 24 0 0 0 8 13 0 0 0 0 4 7 5 0 0 0 9 0 9 0 0 0 0 0 44 0 0 0 0 1 0 0 0 3 0 0 0 0 0 0 0 0 0 0 0 5 0 0 51 24 7 6 0 0 29 26 15 17 20 0 9 9 25 11 23 0 9 0 0 0 0 0 0 56 24 0 0 0 0 7 0 0 0 0 0 0 1 0 0 0 0 0 0 0 0 0 0 0 11 0 1 0 0 0 0 0 2 0 0 3 0 0 3 0 1 2 0 8 0 0 0 0 0 0 0 0 0 0 0 0 0 1 10 0 0 1 0 
 2 3 10 0 0 0 0 1 1 0 3 0 3 1 0 0 1 0 2 2 2 2 3 9 2 3 2 2 2 3 7 2 3 2 3 6 3 1 2 2 104 119 426 327 68 314 44 195 346 121 163 51 252 279 242 0 143 156 78 529 5 0 0 0 0 4 0 0 6 9 0 0 0 1 1 0 1 1 51 2 0 0 0 0 0 0 0 0 0 0 0 0 0 0 0 0 0 0 0 0 0 0 0 4 0 18 0 0 0 0 0 0 20 0 0 0 0 0 0 0 21 33 20 11 1 25 4 14 22 0 16 1 0 11 0 0 0 11 17 14 0 0 0 0 0 0 0 0 0 0 0 0 0 8 0 11 0 0 20 0 0 0 0 0 0 1 0 0 0 0 0 0 11 0 0 0 0 0 0 0 0 0 0 0 0 1 0 0 0 0 10 0 0 0 0 0 0 6 0 0 0 10 11 21 1 0 0 42 15 13 26 6 0 8 12 14 14 22 5 27 0 0 0 0 0 0 8 0 0 0 0 0 7 0 0 0 0 0 0 57 0 0 20 0 0 0 0 0 0 0 0 3 0 4 0 0 0 0 0 0 0 0 1 0 4 3 0 0 2 0 15 0 0 0 0 0 0 0 0 0 0 0 0 0 1 0 0 0 1 0 
 0 0 2 0 0 0 0 0 0 8 5 0 0 0 16 0 0 3 1 63 3 2 3 3 31 68 9 3 3 5 9 3 3 3 3 5 3 3 3 3 109 102 198 188 327 129 127 330 151 352 116 82 47 49 195 143 0 124 270 371 0 0 0 0 0 41 0 0 4 0 0 0 0 0 1 0 0 2 6 0 0 0 0 0 0 0 0 0 2 0 0 0 0 0 0 0 0 0 0 0 0 0 0 0 1 5 0 0 0 0 0 0 0 0 0 0 0 0 0 0 17 0 21 12 1 25 10 0 43 22 0 38 19 15 17 0 14 34 13 0 0 9 0 0 0 0 1 0 0 0 0 0 14 9 0 0 0 0 29 14 0 0 0 0 0 2 0 0 0 0 0 0 6 0 0 0 0 0 0 0 0 0 0 0 0 0 0 0 0 0 3 0 0 9 0 0 0 5 0 0 21 34 53 0 13 0 15 4 5 0 5 11 0 27 1 9 20 15 18 24 5 0 0 0 0 0 20 0 0 0 0 0 25 0 0 0 9 22 0 0 0 0 0 0 0 0 0 0 0 0 0 5 0 2 0 0 0 0 0 0 0 0 2 0 2 2 1 5 0 0 0 0 0 0 0 0 0 0 0 0 0 5 0 0 0 18 0 3 1 0 
 0 0 0 0 0 0 0 0 0 0 0 0 1 0 0 0 3 0 0 0 0 2 0 3 0 0 0 0 3 0 0 0 1 0 0 5 0 0 17 0 55 64 116 55 53 114 76 36 34 65 249 81 30 53 51 156 124 0 24 35 58 54 4 0 25 0 0 3 2 0 2 2 49 0 6 0 3 5 58 48 0 0 0 0 0 0 0 0 0 0 0 0 0 0 0 0 0 0 0 0 0 0 0 0 0 0 0 0 0 0 0 0 8 0 0 0 0 0 0 0 1 37 3 13 11 7 0 12 18 0 57 14 0 0 0 0 0 1 0 12 5 10 11 0 4 0 6 15 24 0 0 0 0 0 0 0 3 0 0 0 0 0 0 0 0 0 0 0 0 0 0 0 6 0 0 0 0 6 0 0 0 0 0 0 0 0 0 0 3 0 0 0 0 0 11 0 0 0 0 0 0 0 0 20 38 0 0 0 0 0 0 6 0 6 0 0 16 10 0 11 3 3 0 4 0 0 4 17 0 11 0 0 14 19 17 0 0 0 11 25 0 0 10 0 0 0 0 0 0 0 0 9 0 1 0 0 0 0 0 4 0 1 0 2 1 5 6 0 0 0 11 0 0 0 0 0 0 0 0 0 0 0 0 0 21 0 0 0 2 0 
 0 1 1 63 0 0 0 64 1 0 3 0 31 19 0 0 3 0 0 0 3 8 47 64 66 6 3 3 32 3 3 4 3 4 3 65 65 4 3 4 284 109 133 129 264 243 78 352 102 89 88 63 102 321 310 78 270 24 0 180 0 1 0 0 0 0 3 0 0 0 0 0 0 4 0 6 7 6 0 0 0 7 0 1 0 23 0 10 10 0 0 0 0 0 14 0 0 0 0 0 0 0 0 0 15 36 0 0 1 0 0 0 0 0 0 0 14 13 0 0 12 18 10 0 0 0 0 0 38 18 3 1 40 62 1 1 0 19 0 9 1 15 0 18 0 0 0 0 0 0 0 0 0 2 0 0 0 0 47 0 0 0 0 0 4 0 0 0 0 0 0 0 0 0 0 0 0 0 0 0 0 0 0 0 12 0 0 0 1 0 2 12 0 0 0 0 0 0 10 0 46 4 53 0 0 0 16 0 20 0 33 1 7 0 14 15 12 0 22 10 0 0 0 0 0 0 0 0 0 0 0 0 12 0 0 0 0 0 0 0 0 0 0 0 0 0 0 0 0 1 0 4 0 0 0 0 0 62 0 0 0 0 40 0 0 1 5 0 2 0 2 0 0 0 0 0 0 0 0 0 0 2 0 0 0 0 3 0 0 0 
 10 3 21 7 3 3 3 5 7 5 3 3 11 3 7 3 12 7 4 4 3 2 3 2 3 33 3 3 3 2 328 67 2 3 2 7 2 3 3 4 126 65 541 84 100 35 484 74 138 335 155 105 132 353 213 529 371 35 180 0 0 0 0 0 0 0 0 0 4 0 0 0 0 0 7 0 0 2 0 0 0 4 5 0 1 0 0 0 0 0 2 0 0 0 4 0 0 0 0 0 0 0 0 34 14 14 0 0 0 0 0 0 0 2 0 0 0 0 1 0 34 19 25 13 1 5 15 19 16 24 7 19 17 50 27 11 25 2 27 7 12 3 0 0 0 0 0 7 0 0 0 0 0 0 0 0 0 0 2 0 0 7 4 0 0 4 0 0 0 0 6 0 0 0 0 0 4 0 0 13 10 0 0 0 0 0 0 0 0 0 0 10 0 0 0 0 0 0 0 0 7 19 20 7 0 0 0 21 0 14 30 40 0 0 39 20 29 0 20 8 0 0 0 0 0 0 0 0 0 0 0 0 0 0 0 0 0 0 0 10 0 0 20 0 0 0 0 0 0 0 0 11 0 0 0 0 0 0 0 0 0 0 66 0 2 0 0 0 2 0 0 0 0 0 0 0 0 0 0 0 0 0 0 0 0 0 0 0 0 0 
 0 3 2 0 0 0 0 0 0 30 0 5 0 50 0 0 3 44 0 0 0 8 0 0 0 0 0 0 0 2 0 0 0 0 0 0 0 0 4 0 4 0 0 4 0 0 5 7 0 0 64 259 0 0 0 5 0 58 0 0 0 89 90 314 47 460 152 49 116 28 259 31 105 223 104 249 105 32 247 91 0 0 0 0 0 0 0 0 0 0 0 0 0 0 0 0 0 0 0 0 0 0 0 0 0 0 0 0 0 0 0 0 0 0 0 0 0 0 0 0 0 8 0 8 0 0 3 5 0 7 5 0 0 3 0 0 0 0 0 5 4 17 0 13 23 12 0 0 0 6 16 0 0 0 9 0 8 18 3 7 0 0 0 0 0 0 0 0 0 0 0 0 0 0 0 0 0 0 0 0 0 0 0 0 0 4 0 0 0 0 0 0 0 0 0 0 21 0 0 0 0 0 0 5 0 8 0 0 5 0 0 9 0 0 0 0 0 0 0 4 16 19 0 18 26 0 8 8 0 10 18 24 0 22 0 0 18 0 9 4 9 0 2 0 0 0 0 0 0 1 0 0 0 0 10 0 0 0 0 0 0 0 0 54 0 0 0 1 0 0 21 0 57 3 0 1 0 0 0 0 0 0 0 0 8 0 0 0 0 0 
