 0 153 104 144 50 37 449 302 170 145 250 27 161 265 25 89 346 50 149 218 3 4 0 33 0 1 0 0 0 4 3 0 3 2 0 6 0 0 0 0 0 0 0 0 0 0 3 0 0 0 0 0 0 2 5 0 0 4 2 0 0 0 0 2 0 0 0 0 0 3 0 2 0 14 0 2 0 0 2 0 16 0 21 0 0 0 12 9 30 0 0 0 7 11 11 42 0 12 14 7 0 0 0 0 0 0 0 0 0 0 0 0 0 0 0 0 0 0 0 0 0 0 0 0 0 0 0 0 0 0 0 14 0 0 0 0 1 0 2 0 0 0 0 0 0 0 0 0 0 0 0 0 0 24 0 0 0 0 0 0 10 13 17 9 0 7 11 30 0 10 1 0 28 12 9 13 0 0 0 58 0 0 0 0 0 0 0 0 0 0 0 0 0 0 0 0 0 0 0 0 0 0 0 0 0 0 0 0 9 0 1 0 1 0 0 1 0 0 0 0 0 0 1 0 2 2 0 0 0 1 0 0 0 0 0 0 1 0 0 2 0 13 0 0 0 0 11 0 1 2 0 5 0 0 0 0 0 0 0 0 0 0 70 0 0 0 0 0 0 0 0 0 51 0 0 0 0 0 0 0 0 0 0 0 13 0 0 0 0 0 
 153 0 287 572 111 52 540 173 261 440 39 113 48 145 66 301 356 82 39 72 0 0 0 0 60 0 3 0 0 2 3 0 78 2 0 0 0 0 1 0 0 0 0 0 0 0 0 0 0 0 0 1 0 0 4 0 0 4 0 0 0 0 0 2 0 0 0 0 0 5 0 2 0 0 0 3 0 1 2 0 17 0 1 10 21 0 22 8 71 21 16 16 9 0 20 34 0 12 1 55 0 2 0 0 0 0 1 0 0 0 0 0 10 0 0 9 0 0 21 0 0 0 0 0 0 0 0 0 0 0 0 0 0 0 0 1 0 0 0 0 0 0 0 0 0 0 0 0 4 0 0 0 0 0 0 4 0 0 0 0 14 2 10 41 19 6 19 16 0 0 10 0 2 27 12 15 20 22 10 38 0 0 0 0 0 0 0 0 0 0 0 0 27 0 0 0 0 0 13 0 0 0 0 0 0 0 0 0 0 0 0 0 0 0 0 0 2 0 0 0 0 0 0 0 0 0 0 0 0 0 0 0 0 0 2 0 0 0 0 0 0 9 0 0 0 3 3 2 2 0 0 4 0 0 0 0 0 0 0 0 0 0 0 0 0 0 0 0 0 0 0 0 0 0 0 15 0 11 0 0 0 0 0 0 0 0 0 3 0 0 
 104 287 0 416 225 485 68 431 101 297 319 216 270 46 197 274 50 183 254 45 0 0 0 0 73 0 0 2 0 0 209 0 88 78 0 0 8 0 0 1 0 0 0 0 6 0 31 0 0 0 63 7 0 0 3 6 0 3 0 0 0 0 1 2 0 0 0 0 0 3 37 2 0 0 0 2 0 0 2 0 0 7 5 24 20 54 10 9 15 53 0 11 0 25 0 48 10 15 0 13 2 1 0 0 0 0 0 0 0 0 0 0 3 0 0 2 0 0 0 0 0 0 0 0 0 0 0 0 0 0 0 0 0 0 0 0 0 0 0 0 0 0 0 0 0 0 1 0 0 0 0 0 0 0 0 1 0 0 0 0 0 14 13 11 77 17 0 0 43 1 14 82 15 0 24 1 37 13 0 0 27 0 7 0 0 0 2 14 0 0 0 1 27 15 0 0 13 35 76 30 0 0 0 0 0 0 0 0 0 0 0 0 0 0 0 0 0 0 0 0 0 0 2 0 0 0 0 0 0 0 0 2 0 0 0 0 0 0 0 0 0 0 0 0 0 1 2 2 0 3 2 10 0 0 0 0 0 0 0 0 0 0 14 0 0 0 0 0 0 0 0 0 0 0 0 0 13 10 0 0 0 0 0 0 0 0 0 0 0 0 
 144 572 416 0 169 338 134 254 248 465 138 446 84 166 72 452 53 211 101 111 0 0 0 0 73 1 61 0 0 0 5 0 218 2 0 0 0 0 149 74 3 0 0 0 0 1 0 0 0 0 1 1 0 0 3 3 0 8 0 0 1 0 4 3 0 0 0 0 0 3 0 3 0 8 2 3 0 0 2 0 29 1 0 23 20 1 0 9 52 19 35 25 0 0 20 20 18 0 11 9 0 3 14 0 0 0 21 0 1 9 0 0 0 0 0 0 26 0 61 0 0 0 0 0 0 1 0 0 0 0 0 0 0 1 0 0 0 13 0 0 0 0 0 2 0 2 0 0 0 0 1 0 0 3 0 0 0 0 1 0 50 50 18 23 0 19 0 4 0 16 14 1 0 1 38 27 33 17 0 0 29 0 0 0 0 1 0 0 0 0 0 0 19 0 0 20 21 0 15 2 0 0 0 0 0 0 0 0 0 0 0 1 0 0 0 0 2 0 0 0 0 0 0 0 0 0 0 18 1 0 0 0 0 0 0 0 0 0 0 0 0 8 0 0 0 2 91 0 9 2 17 4 11 0 0 0 0 0 0 0 0 0 0 0 0 0 0 0 0 0 0 0 0 0 0 0 23 1 0 0 0 0 0 0 0 0 0 0 0 0 
 50 111 225 169 0 184 270 197 267 185 185 352 180 262 174 390 52 47 74 287 80 80 0 0 0 0 25 0 0 0 3 0 5 2 129 0 110 0 4 2 56 63 0 0 0 0 0 0 0 6 0 0 0 0 3 0 0 7 0 0 0 0 0 3 0 0 0 0 0 3 0 3 0 0 0 3 3 0 2 0 47 11 0 0 45 20 12 7 8 25 0 2 0 18 0 10 9 0 0 0 0 7 0 10 0 0 15 15 41 0 1 0 0 37 65 4 1 0 18 18 0 0 0 0 0 0 15 0 0 0 0 0 0 0 0 0 1 0 1 0 0 0 0 0 0 0 0 0 0 0 0 0 0 0 0 0 0 0 0 0 13 0 0 12 25 19 2 0 18 0 0 0 0 3 33 11 28 17 0 0 32 0 13 8 0 0 12 0 1 22 0 0 37 16 21 0 0 0 13 0 0 0 0 0 0 0 0 0 0 0 1 0 1 0 0 1 0 0 0 0 0 0 0 0 0 0 0 0 0 0 0 0 0 0 0 0 0 0 0 2 0 0 0 0 0 0 0 0 2 3 0 12 0 0 0 0 0 0 0 0 0 0 0 0 0 0 0 0 0 0 0 0 0 0 0 0 0 5 0 0 0 0 0 0 0 0 0 0 0 0 
 37 52 485 338 184 0 32 150 209 231 86 195 253 66 224 155 144 149 85 57 147 68 0 0 1 0 1 0 0 0 3 1 173 78 0 0 0 0 149 0 0 20 0 0 7 0 0 0 0 0 1 3 0 0 3 4 0 3 0 0 0 0 0 3 0 0 0 0 0 3 0 3 0 0 0 3 1 0 2 0 0 13 0 12 11 20 1 0 1 12 10 25 0 2 16 6 29 10 0 0 2 15 18 0 0 0 0 0 0 28 0 0 3 0 0 27 0 0 9 7 1 0 0 0 1 0 0 0 0 0 0 0 0 0 0 0 0 0 0 0 0 0 0 0 0 0 0 0 0 0 0 0 0 0 0 1 0 0 0 0 0 0 39 6 11 0 0 0 10 4 28 37 0 0 0 0 13 18 0 0 10 0 0 10 0 0 17 37 20 0 0 1 32 31 0 0 32 0 1 23 0 0 0 0 0 0 0 0 0 0 0 0 0 0 0 0 0 0 0 1 0 0 0 0 0 9 0 14 0 0 0 2 0 0 0 0 0 0 0 11 0 0 0 0 0 1 4 0 2 89 0 15 0 0 0 0 0 0 0 0 0 15 17 0 0 0 0 0 0 0 0 0 0 0 0 0 10 0 0 0 0 26 0 0 0 0 0 0 0 0 
 449 540 68 134 270 32 0 280 236 271 52 62 103 271 35 326 315 306 266 299 0 3 3 3 0 2 1 0 0 5 3 0 3 2 0 0 2 0 0 0 0 3 0 0 2 0 3 0 0 1 0 0 0 3 4 0 42 4 0 0 0 1 0 2 2 0 0 0 8 3 0 2 0 0 1 3 1 0 2 0 10 11 22 0 7 0 11 11 35 1 0 0 9 2 24 2 9 1 18 85 0 0 0 0 0 13 0 0 0 0 0 0 0 0 0 0 0 0 10 10 0 0 0 0 0 0 0 0 6 0 0 0 0 0 0 0 0 0 0 0 0 4 0 13 0 0 1 0 2 0 0 0 0 0 0 0 0 0 0 0 9 56 15 0 0 9 37 18 0 0 0 0 6 50 1 18 0 11 1 41 0 0 0 0 0 0 0 0 0 0 0 0 0 0 0 0 0 0 0 0 0 0 0 0 0 0 0 0 0 0 0 0 0 0 0 0 0 0 0 0 0 0 0 0 8 0 0 0 0 0 0 0 0 0 0 0 0 0 0 0 0 10 0 0 0 0 100 0 0 0 0 6 0 0 0 0 0 0 0 0 0 0 37 0 0 0 0 0 0 0 0 0 0 0 10 0 0 0 0 0 0 0 0 0 0 0 0 0 0 0 
 302 173 431 254 197 150 280 0 206 145 88 50 134 118 75 166 184 110 107 157 0 0 0 9 65 2 72 3 0 5 7 2 87 2 0 4 8 4 0 0 0 0 0 0 3 3 2 0 0 6 0 7 3 2 4 6 3 8 0 0 0 0 1 7 6 0 2 0 2 3 0 2 0 5 0 2 9 0 17 6 11 0 14 28 2 0 4 9 38 20 0 17 15 16 42 48 0 22 14 7 1 0 2 0 0 0 2 0 1 0 0 2 2 0 0 0 0 0 0 0 0 0 0 0 0 0 0 2 0 0 0 0 0 0 0 0 0 0 0 0 0 0 2 0 0 0 0 1 0 0 0 0 0 0 0 0 0 0 0 0 9 11 0 22 2 29 20 6 26 0 0 11 14 12 26 22 9 0 0 12 26 0 0 0 0 0 0 0 0 0 0 0 15 0 0 0 0 0 29 11 0 0 0 0 0 0 0 0 0 0 0 0 0 1 0 2 0 22 0 0 0 0 0 0 0 0 0 0 0 0 0 0 0 0 0 0 0 0 0 0 0 7 0 0 0 2 5 0 1 2 2 7 0 0 0 0 0 0 0 0 0 0 0 0 0 0 0 0 0 0 2 10 0 0 0 0 1 11 0 0 0 0 0 0 0 0 0 0 0 0 
 170 261 101 248 267 209 236 206 0 89 55 52 86 217 80 271 185 50 103 180 0 0 0 0 3 0 0 0 0 0 3 0 3 2 0 0 74 2 0 0 0 0 0 1 0 5 0 0 0 0 0 62 0 0 2 0 0 3 0 0 0 0 13 2 0 7 0 0 0 3 0 2 0 4 0 2 0 0 2 0 24 24 5 1 27 10 0 17 33 10 21 12 0 25 16 37 45 31 12 17 0 0 0 0 0 0 0 0 0 0 0 0 0 0 0 0 0 0 10 0 0 0 0 0 0 0 0 2 0 0 0 0 0 0 0 0 0 0 0 14 0 0 2 0 0 0 0 1 3 0 0 0 0 0 0 0 0 0 0 0 23 54 27 2 20 11 7 30 19 9 21 0 24 3 15 17 17 7 9 34 0 0 18 0 0 0 0 0 0 0 0 0 0 0 0 0 0 0 17 0 0 0 0 0 0 0 0 0 24 0 0 0 0 1 0 2 6 0 0 0 0 0 0 0 0 0 0 0 0 0 0 0 0 0 0 0 0 0 0 0 0 15 0 0 0 0 87 2 0 2 1 18 14 0 0 0 0 1 0 0 0 0 0 0 0 0 0 0 0 0 0 0 0 14 0 9 0 0 0 0 0 0 0 0 0 0 0 0 0 0 
 145 440 297 465 185 231 271 145 89 0 74 273 244 63 260 187 183 265 89 92 0 0 0 0 0 0 79 2 2 0 3 1 20 89 0 0 2 0 95 0 0 0 0 2 3 0 0 0 0 0 2 0 3 0 2 0 3 2 2 0 0 0 0 51 1 0 0 0 3 3 0 3 0 0 0 3 0 0 2 0 17 15 0 56 33 17 10 16 28 24 1 11 0 4 16 0 18 0 11 10 0 11 11 1 0 0 12 0 0 0 0 0 40 37 0 12 11 0 36 11 0 0 0 0 0 0 0 0 0 0 2 0 0 0 0 0 0 0 0 0 0 0 0 0 0 0 0 0 0 2 0 0 0 3 0 0 0 0 0 0 32 10 0 11 14 20 0 9 0 0 9 17 0 1 0 31 3 19 0 0 7 0 1 0 2 0 8 0 1 0 0 0 51 3 0 20 19 0 0 10 1 2 1 0 0 0 0 0 0 0 0 0 0 0 0 0 0 0 1 0 0 0 0 0 0 0 0 0 0 0 20 0 15 0 0 0 0 0 0 0 0 14 0 0 0 2 87 0 0 5 0 2 0 0 0 2 0 0 0 0 0 0 0 0 0 0 0 0 0 0 0 0 0 0 0 0 13 0 0 0 0 0 0 0 0 0 0 0 0 0 
 250 39 319 138 185 86 52 88 55 74 0 108 30 49 123 175 94 147 243 56 2 2 77 5 10 2 150 5 0 3 5 0 34 97 0 0 0 0 5 42 0 4 9 0 10 0 2 0 2 0 0 5 0 0 2 16 6 5 0 3 0 0 0 3 2 0 0 0 0 3 4 6 3 0 0 26 5 0 2 0 0 0 0 0 1 35 0 0 0 17 9 0 0 8 0 11 1 0 0 0 0 0 13 0 0 0 8 0 7 12 0 0 20 0 0 17 0 0 15 13 0 0 16 0 0 0 0 0 0 0 0 0 0 0 0 0 0 0 0 0 0 0 0 0 0 0 0 0 0 0 0 0 0 6 0 0 0 0 0 0 0 0 17 9 22 19 1 0 21 20 20 8 0 0 14 0 21 13 0 0 20 11 0 0 0 0 0 33 0 0 0 0 0 45 0 8 0 0 33 21 0 0 0 0 0 0 0 0 0 0 0 0 0 0 0 0 0 0 0 0 0 0 0 0 0 0 0 0 0 0 0 0 0 0 0 0 0 0 0 0 0 0 0 0 0 0 1 1 92 47 16 4 0 0 0 0 0 0 2 0 0 0 14 0 0 0 0 0 0 0 0 0 0 0 3 9 14 6 0 0 0 0 0 0 0 0 0 0 0 0 
 27 113 216 446 352 195 62 50 52 273 108 0 37 40 88 255 102 182 35 49 2 0 1 0 60 2 0 0 0 0 77 0 183 153 0 2 0 0 63 0 0 0 0 0 11 0 0 0 0 0 0 1 0 0 3 2 0 3 0 0 0 0 3 2 0 44 0 0 0 3 0 2 0 0 0 2 1 0 2 0 16 15 0 28 52 28 2 12 27 42 1 44 0 0 0 17 0 0 0 0 0 0 0 0 0 0 32 0 2 0 0 0 44 18 0 1 23 2 22 0 0 0 0 0 0 0 0 16 0 0 0 0 0 0 4 0 0 0 0 0 0 0 9 0 0 1 0 0 0 0 0 0 0 5 1 0 0 0 0 0 12 0 15 24 27 12 0 10 16 0 27 28 0 0 18 30 37 42 0 0 1 0 0 0 0 0 20 19 0 22 0 0 48 14 0 0 2 0 27 38 0 0 0 0 0 0 0 0 0 0 0 2 0 18 0 0 0 0 0 0 0 0 0 0 0 0 0 11 2 0 0 0 0 0 0 0 0 0 0 0 0 0 0 0 0 4 0 0 0 3 0 8 0 0 0 0 0 0 0 0 0 0 16 0 0 0 0 0 0 0 0 0 0 0 0 0 0 0 0 0 0 0 0 0 0 0 0 0 0 0 
 161 48 270 84 180 253 103 134 86 244 30 37 0 155 140 77 39 24 250 360 57 0 0 0 0 0 0 2 0 77 3 2 3 2 0 0 0 0 0 1 0 0 0 0 0 1 0 0 0 0 0 0 0 0 4 0 0 41 0 0 0 0 0 2 0 0 0 0 0 3 0 2 0 7 0 2 0 0 2 0 21 45 44 14 0 0 34 0 1 0 33 0 1 19 10 3 37 40 7 40 0 0 0 0 0 0 0 0 0 0 0 0 0 0 0 0 0 0 0 0 1 0 0 0 0 0 0 0 0 0 0 0 0 0 0 0 0 0 0 0 0 0 0 0 0 0 0 0 0 0 0 0 6 0 0 0 11 0 0 0 14 0 20 0 0 0 39 1 14 19 0 0 3 0 0 15 0 2 1 0 0 0 0 0 0 0 2 0 5 0 0 1 0 0 0 0 0 0 0 0 0 0 0 0 0 0 0 0 0 0 0 0 0 0 0 0 0 0 0 1 0 0 0 22 0 0 0 0 0 0 0 1 0 0 0 0 0 0 0 0 0 0 0 0 0 0 0 0 2 0 2 7 2 0 0 0 0 0 0 0 0 0 0 0 0 0 2 0 0 2 0 0 0 1 0 4 0 0 0 0 0 0 0 0 0 0 0 0 0 0 
 265 145 46 166 262 66 271 118 217 63 49 40 155 0 58 253 207 14 290 324 0 0 0 0 0 0 0 0 0 0 3 0 3 2 2 0 0 0 0 0 0 0 0 0 59 0 0 0 0 0 0 0 0 0 3 0 0 4 0 0 0 0 3 3 0 0 2 0 0 3 0 3 0 4 0 3 0 0 2 0 14 0 22 0 0 0 0 0 35 9 25 10 7 25 14 57 20 23 0 0 0 0 0 0 0 0 0 0 0 0 0 0 0 0 0 0 0 0 0 0 0 0 0 0 0 0 0 0 0 0 0 0 0 0 0 0 0 0 0 0 0 13 0 0 19 0 0 0 5 0 0 0 4 0 0 0 0 0 0 0 1 10 15 0 0 0 0 14 14 13 21 0 43 2 0 1 0 0 9 27 0 0 0 0 1 0 0 0 0 0 0 0 0 0 0 0 0 0 0 0 0 0 0 0 0 0 0 0 0 0 0 0 0 0 0 0 0 0 0 0 0 0 0 0 0 0 0 0 0 0 0 0 0 0 0 0 0 0 14 0 0 0 0 0 0 1 0 0 0 0 0 6 18 0 0 0 0 0 0 0 0 0 0 0 0 0 0 0 0 0 0 0 0 0 0 20 0 0 0 0 0 0 0 0 0 0 0 0 0 0 
 25 66 197 72 174 224 35 75 80 260 123 88 140 58 0 264 183 53 170 192 2 0 0 2 0 1 0 0 0 2 3 4 3 3 0 0 0 2 0 1 0 0 0 0 0 0 0 0 0 0 2 2 3 0 0 0 0 2 0 0 0 0 1 3 2 0 3 0 0 3 0 3 0 0 0 3 2 0 4 0 1 20 14 31 36 0 7 19 0 10 85 19 5 53 13 16 22 17 19 0 1 0 2 0 14 0 0 0 2 2 0 0 31 1 0 0 0 0 0 0 0 0 0 0 0 0 0 0 0 0 0 0 0 0 0 0 0 0 0 0 0 0 0 0 0 0 0 0 0 0 0 0 0 0 0 0 0 0 0 0 4 0 0 40 6 55 9 29 16 15 7 54 0 3 30 1 10 20 0 0 41 0 0 0 0 0 0 0 0 0 0 0 14 0 0 0 0 0 15 27 0 0 0 0 0 0 0 0 0 0 0 0 0 0 0 0 0 0 0 0 0 0 0 0 0 0 0 0 0 0 15 0 0 0 0 0 0 0 0 0 0 0 0 0 0 1 8 0 2 0 0 10 0 0 0 0 0 0 0 0 2 0 0 0 0 0 0 2 0 0 0 0 0 0 0 0 0 11 0 0 0 0 0 0 0 0 0 0 0 0 
 89 301 274 452 390 155 326 166 271 187 175 255 77 253 264 0 196 505 245 552 0 0 0 0 0 1 0 0 2 0 3 0 14 2 1 0 0 2 1 2 0 0 0 0 0 0 0 0 0 0 0 0 0 0 4 0 0 3 0 0 0 0 0 2 0 0 0 0 0 3 0 2 0 0 0 2 1 0 2 0 18 30 13 13 43 10 1 29 11 1 1 0 0 24 16 28 26 2 2 38 0 0 0 0 0 0 2 0 0 0 0 0 12 0 0 4 2 0 11 0 0 15 0 0 0 0 0 0 0 0 0 0 0 0 1 0 0 0 0 0 0 0 0 0 12 0 0 0 0 0 0 0 0 0 0 0 0 0 0 0 23 17 0 11 32 22 0 12 14 0 0 19 0 4 35 33 28 0 1 0 21 0 2 0 0 0 16 0 0 0 0 0 0 0 0 0 0 0 22 3 0 0 0 0 0 6 0 0 0 0 0 0 0 0 0 0 0 0 0 0 0 0 0 2 0 0 0 0 0 0 0 0 2 0 0 0 0 0 0 0 0 11 0 0 0 0 59 0 2 3 2 2 0 0 0 0 0 0 0 0 0 0 0 0 0 0 0 0 0 0 0 0 0 0 0 0 0 14 0 0 0 0 0 0 0 0 0 0 0 0 
 346 356 50 53 52 144 315 184 185 183 94 102 39 207 183 196 0 161 238 99 0 0 0 0 0 0 2 0 0 1 3 0 3 2 0 0 0 0 2 5 0 0 0 0 0 0 1 0 0 0 0 1 0 0 2 0 0 3 0 0 0 0 4 2 0 0 0 0 0 3 39 2 0 8 0 3 0 0 2 0 26 23 25 6 24 0 0 19 13 7 11 15 9 18 28 0 9 34 11 15 0 1 0 0 0 0 0 0 0 0 2 1 16 0 0 0 1 0 28 0 0 0 0 0 0 0 0 1 0 0 0 0 0 0 0 0 0 0 0 0 0 3 0 0 0 0 3 2 0 0 0 0 0 0 0 0 0 0 0 0 25 83 1 32 0 26 0 44 0 11 21 26 6 1 19 8 20 41 0 20 0 0 0 0 0 0 0 0 0 0 12 0 0 2 0 0 0 0 7 15 0 0 0 0 0 0 0 0 0 0 0 0 0 0 0 0 0 0 0 0 0 0 13 0 0 0 0 1 0 0 0 0 0 0 0 0 2 0 0 0 0 6 0 0 0 0 135 0 1 1 0 10 11 0 0 0 0 0 0 0 0 0 0 0 0 0 0 0 0 0 0 0 0 0 0 0 0 7 0 0 0 0 0 0 0 0 0 0 0 9 
 50 82 183 211 47 149 306 110 50 265 147 182 24 14 53 505 161 0 26 242 0 0 1 0 19 0 104 0 0 0 3 0 128 77 0 0 0 0 60 0 0 0 0 0 5 0 0 0 0 0 0 4 0 0 3 5 0 3 0 0 0 0 2 2 54 0 0 0 0 3 0 2 0 0 0 2 6 0 2 0 1 26 17 16 18 21 0 1 10 22 11 29 0 0 37 9 20 0 0 20 0 0 17 0 0 0 0 0 0 0 0 0 0 0 0 17 0 0 47 5 0 0 0 0 0 0 2 18 0 0 0 0 0 0 0 17 0 0 0 0 0 8 14 0 0 0 5 2 0 0 0 0 0 0 0 3 0 0 0 0 2 47 29 2 10 0 0 18 9 55 21 22 0 14 2 1 13 13 0 0 10 9 0 0 3 0 13 19 0 0 0 0 16 28 0 0 0 0 18 16 0 0 0 0 0 0 0 0 0 0 0 0 0 2 0 1 0 0 10 0 0 0 0 0 0 0 0 18 0 0 0 0 0 0 0 0 0 0 0 0 0 0 0 0 0 2 85 0 89 85 23 16 0 0 0 0 0 0 0 0 0 0 14 0 0 0 0 0 0 0 0 0 0 0 0 2 14 1 0 0 0 0 0 0 0 0 0 0 0 0 
 149 39 254 101 74 85 266 107 103 89 243 35 250 290 170 245 238 26 0 474 0 0 2 0 0 0 0 1 0 74 3 0 3 2 0 2 0 0 24 8 0 0 0 0 0 1 2 0 0 0 0 0 0 0 4 0 5 32 0 0 0 0 0 2 0 0 0 0 0 3 0 2 0 7 0 2 0 0 2 0 10 11 38 0 18 0 39 2 0 0 19 0 10 2 1 27 4 23 31 0 0 0 0 0 1 0 0 0 0 1 0 0 0 0 0 0 0 0 0 0 0 0 0 0 0 0 0 0 0 0 0 0 0 0 0 0 0 0 0 0 0 0 0 0 0 0 2 12 0 0 0 0 0 0 0 0 1 0 0 0 17 0 1 0 0 0 25 0 0 2 2 0 11 0 0 11 0 0 0 15 0 0 0 0 0 0 0 0 0 0 0 0 0 0 0 0 17 0 0 0 0 0 0 0 0 14 0 0 0 1 0 0 0 0 0 0 0 0 0 0 0 0 0 0 0 0 0 0 0 0 0 0 0 0 0 0 0 0 0 0 0 0 0 0 0 0 0 2 0 2 0 8 0 0 0 0 0 0 0 0 0 0 0 0 0 0 0 0 0 2 0 0 0 0 0 0 0 0 0 0 0 0 0 0 0 0 0 0 0 0 
 218 72 45 111 287 57 299 157 180 92 56 49 360 324 192 552 99 242 474 0 0 0 0 2 0 0 0 0 0 0 3 0 3 2 0 0 0 0 0 2 0 0 0 0 0 49 0 0 0 0 55 0 0 0 1 0 0 68 0 0 0 0 5 3 0 0 0 0 0 3 0 3 0 7 0 3 0 0 2 0 56 0 1 6 0 0 14 18 8 0 17 13 2 19 0 16 16 10 29 0 0 0 0 0 0 0 0 0 0 0 0 5 0 0 0 0 0 0 20 0 0 0 0 0 0 0 0 0 0 0 0 0 0 0 0 0 0 0 0 0 0 0 0 16 0 0 0 0 0 0 0 0 0 0 0 0 0 0 2 0 32 23 1 22 0 0 16 10 0 26 26 0 41 0 26 1 21 15 0 0 0 0 0 0 0 0 0 0 0 0 0 0 0 0 0 0 0 0 0 0 0 0 0 0 0 0 0 0 0 0 0 0 0 0 0 0 0 0 0 0 0 0 0 0 0 0 0 0 0 0 0 0 9 0 0 14 0 0 0 0 0 0 0 0 0 0 85 0 1 0 0 4 20 0 0 0 0 0 0 0 0 0 0 0 0 0 0 0 0 0 0 0 0 0 0 0 0 0 0 0 0 0 0 0 0 0 0 0 0 0 
 3 0 0 0 80 147 0 0 0 0 2 2 57 0 2 0 0 0 0 0 0 476 174 138 79 44 126 182 212 44 41 30 59 207 60 312 52 311 200 24 0 3 0 3 2 0 0 0 0 9 0 0 0 2 1 0 0 1 4 0 0 0 47 0 0 0 0 0 0 0 0 0 2 1 0 2 0 0 0 0 0 0 0 1 0 17 0 0 0 1 21 0 0 0 0 2 0 0 0 0 24 7 20 12 9 0 0 72 1 15 0 0 16 21 13 35 22 23 0 27 0 0 0 0 0 0 0 0 0 0 0 0 1 0 0 0 0 0 0 0 0 0 0 0 0 12 0 0 0 0 0 0 0 3 0 0 0 0 0 0 0 0 0 0 0 14 0 0 0 0 0 0 11 0 0 0 0 0 0 0 15 0 9 60 2 23 30 4 0 47 0 9 11 45 0 25 0 12 0 17 0 0 0 0 0 0 0 2 0 0 0 11 0 0 2 0 0 2 29 0 0 0 0 0 0 0 0 0 0 0 0 0 0 0 0 0 0 0 0 3 0 0 0 0 0 2 0 0 0 0 0 0 0 0 19 1 1 3 0 0 17 9 0 0 0 0 0 0 0 0 0 2 0 0 0 0 0 0 0 14 0 0 0 0 0 10 0 0 0 0 
 4 0 0 0 80 68 3 0 0 0 2 0 0 0 0 0 0 0 0 0 476 0 122 96 23 47 143 163 172 237 47 111 30 162 164 59 111 77 128 150 0 3 0 2 4 0 3 0 0 3 0 0 22 113 0 0 0 4 0 0 0 0 0 1 0 0 0 0 0 0 0 0 2 0 0 2 0 0 0 0 0 0 0 0 0 2 0 0 0 0 0 20 0 0 0 0 0 0 0 0 19 2 34 1 12 8 18 0 21 21 0 9 19 20 14 9 19 21 0 30 0 0 0 0 0 0 0 1 1 0 0 0 14 0 0 0 0 0 10 0 0 0 0 0 0 0 0 0 0 0 0 0 0 0 0 0 0 0 0 0 0 0 0 0 0 0 0 6 0 0 0 0 0 0 0 0 0 0 0 0 0 0 10 46 13 0 0 36 11 0 14 9 20 11 17 0 17 27 0 27 0 0 0 0 0 0 12 0 0 2 0 0 0 12 1 0 0 0 0 0 0 2 0 0 0 0 0 0 0 0 0 0 0 0 0 1 0 0 0 0 0 0 0 0 0 0 0 0 0 0 0 0 0 2 0 0 0 81 0 1 15 23 0 0 0 0 0 0 0 0 0 0 0 0 0 0 0 0 0 0 0 29 0 0 0 0 0 28 0 0 
 0 0 0 0 0 0 3 0 0 0 77 1 0 0 0 0 0 1 2 0 174 122 0 137 204 347 58 148 150 154 153 113 115 140 210 329 120 107 53 186 0 6 0 5 7 0 65 2 0 5 0 0 32 0 2 0 0 0 25 11 11 3 0 2 2 0 0 4 0 37 2 1 3 5 7 5 1 0 3 0 0 0 0 0 1 0 0 0 0 0 0 1 0 17 0 0 0 0 0 0 0 0 12 22 45 0 8 35 9 18 21 9 13 1 11 18 14 24 0 10 11 0 0 0 0 0 16 0 8 0 0 0 24 16 0 22 0 0 14 0 0 0 1 4 0 10 0 0 2 0 0 0 0 0 0 21 1 5 6 1 0 0 0 0 0 0 0 3 0 0 0 0 0 0 0 0 0 3 0 0 0 11 0 19 30 10 0 2 0 22 20 44 0 0 23 30 13 37 0 0 0 0 0 0 0 0 30 0 0 0 0 1 49 13 16 0 0 0 43 34 0 0 0 0 0 0 0 0 0 0 0 2 0 0 0 0 0 0 2 0 0 0 21 0 0 1 0 0 0 0 0 0 0 0 10 0 2 164 76 0 3 0 0 0 0 0 0 0 0 0 0 0 0 0 0 0 0 0 0 20 0 0 0 0 0 14 0 0 0 0 
 33 0 0 0 0 0 3 9 0 0 5 0 0 0 2 0 0 0 0 2 138 96 137 0 196 288 75 238 202 418 142 506 53 59 95 140 47 178 61 443 0 3 0 3 2 3 0 0 16 3 0 0 0 6 1 0 0 0 2 6 0 0 0 0 0 0 0 50 31 0 0 0 2 0 0 2 1 0 1 0 0 0 0 0 0 0 0 0 0 0 0 0 0 0 0 0 6 0 0 0 35 30 9 13 21 0 9 15 12 14 13 29 0 31 44 6 11 9 0 2 9 19 0 0 0 0 0 0 18 0 0 0 0 0 0 15 21 0 9 6 0 0 14 0 0 0 0 9 0 0 0 0 0 0 0 0 5 0 0 0 0 0 0 0 0 0 0 0 0 0 0 0 0 0 0 0 0 0 0 0 0 0 4 12 0 99 0 6 11 0 1 0 0 0 38 25 2 28 0 22 0 0 10 0 0 0 0 6 0 0 0 0 0 11 0 0 0 0 32 9 0 0 0 0 0 0 0 0 0 0 0 0 0 0 0 0 0 0 0 0 0 0 9 0 0 0 1 0 0 0 0 0 0 0 5 0 2 76 118 2 2 2 0 0 0 0 0 0 0 0 0 0 0 0 0 0 0 0 0 0 0 0 0 0 0 0 0 0 0 0 
 0 60 73 73 0 1 0 65 3 0 10 60 0 0 0 0 0 19 0 0 79 23 204 196 0 232 129 226 157 88 98 130 144 57 172 255 347 195 73 83 60 3 2 7 2 0 0 5 0 3 6 0 0 0 1 0 0 0 65 6 21 4 0 0 0 0 0 4 4 0 0 1 2 2 0 2 0 0 0 0 0 0 0 13 0 0 0 0 17 11 0 22 0 0 0 8 0 0 0 0 22 22 0 22 37 16 0 41 0 12 12 0 0 11 9 18 0 10 0 0 0 0 0 0 0 0 0 0 0 0 16 0 0 1 12 14 0 0 24 1 0 0 10 0 0 0 0 0 0 0 0 0 0 0 0 0 11 0 0 0 0 0 0 0 0 30 1 0 0 0 0 0 0 1 0 0 0 0 11 0 0 0 24 24 0 16 0 0 10 47 13 10 13 0 19 49 0 0 12 0 10 1 9 0 0 0 0 1 0 0 0 0 0 0 0 0 3 0 13 14 0 0 0 0 0 0 0 0 0 0 0 0 0 0 0 0 0 0 0 0 0 0 0 0 0 0 0 0 0 0 0 0 0 0 6 0 0 1 4 4 2 0 0 0 0 0 8 0 0 0 0 0 0 0 0 0 2 0 0 20 0 0 0 0 11 13 22 0 0 0 
 1 0 0 1 0 0 2 2 0 0 2 2 0 0 1 1 0 0 0 0 44 47 347 288 232 0 33 121 45 136 138 124 240 50 285 362 278 141 55 61 33 3 0 3 2 0 0 6 0 3 0 0 59 73 0 0 0 0 63 65 5 0 0 0 0 0 0 1 0 0 0 2 17 2 0 2 0 0 0 0 0 0 0 0 0 0 0 0 0 0 0 0 0 0 0 0 0 0 0 0 0 14 0 14 10 12 0 2 0 20 13 26 0 0 0 0 0 16 0 0 0 5 6 15 0 0 0 8 24 0 0 0 1 9 17 2 15 25 32 17 0 0 0 0 0 0 0 0 0 0 0 0 0 0 0 0 0 2 0 0 0 0 0 0 2 0 0 0 0 0 0 0 0 0 0 0 0 0 7 0 0 0 13 37 23 39 0 0 11 20 33 16 0 0 0 9 0 1 0 0 17 0 11 0 0 0 13 49 0 24 3 0 0 35 23 0 10 0 0 0 0 0 18 0 0 0 0 0 0 0 0 0 0 0 0 0 0 0 0 0 0 0 0 0 0 0 0 0 0 0 0 0 0 0 9 0 0 1 1 0 6 0 0 0 0 0 0 0 0 0 0 0 0 0 0 0 0 0 0 0 0 0 1 0 23 0 12 0 0 0 
 0 3 0 61 25 1 1 72 0 79 150 0 0 0 0 0 2 104 0 0 126 143 58 75 129 33 0 71 298 48 39 113 155 63 46 243 33 35 421 210 0 3 0 3 2 0 0 0 0 123 0 1 0 0 2 0 0 5 0 0 0 0 0 0 16 0 0 0 0 0 0 0 2 0 0 2 4 0 0 0 0 0 1 0 1 0 0 0 0 0 13 6 0 0 0 0 13 10 0 0 10 24 26 2 0 0 0 44 24 10 0 0 0 44 26 25 0 0 23 28 0 0 0 0 0 0 0 0 0 0 0 0 0 0 0 2 0 0 0 0 0 0 6 0 0 2 0 0 0 0 0 0 0 0 0 0 3 0 0 0 0 0 13 0 0 11 0 0 0 6 1 1 0 0 0 0 0 0 0 0 18 19 15 7 0 0 18 7 0 15 0 0 28 11 19 31 0 12 13 1 0 0 0 0 0 0 0 0 0 0 0 0 0 0 0 0 0 30 0 0 0 0 0 1 0 0 0 15 0 0 0 0 0 0 0 0 0 0 0 0 0 0 0 0 0 0 0 0 61 148 6 0 0 0 13 1 0 0 0 0 1 0 0 0 0 0 0 0 0 0 0 5 0 0 0 37 8 0 0 0 0 1 0 0 0 0 0 0 0 0 
 0 0 2 0 0 0 0 3 0 2 5 0 2 0 0 0 0 0 1 0 182 163 148 238 226 121 71 0 266 89 46 113 90 290 63 192 126 317 138 110 0 3 0 3 2 0 0 0 4 3 0 0 115 0 2 0 0 0 73 0 0 0 0 0 0 0 0 51 0 42 0 1 2 0 0 2 0 0 0 0 0 0 0 0 0 19 0 0 0 0 0 2 0 0 0 0 28 0 0 0 45 23 4 11 29 0 0 34 19 34 35 10 2 0 16 22 22 11 0 13 34 0 0 0 0 0 0 0 0 0 0 0 9 10 0 0 0 0 6 1 0 0 15 0 0 0 0 0 1 0 0 0 0 0 0 0 3 0 0 0 0 0 0 0 0 23 0 0 0 0 10 0 0 0 0 0 0 0 0 0 0 0 9 2 1 5 0 9 30 3 17 18 0 0 28 21 0 27 0 21 0 0 0 0 0 0 9 1 0 0 0 2 39 0 0 0 0 0 30 11 0 0 0 0 0 0 0 0 0 0 0 1 0 0 0 0 0 0 0 0 0 0 8 0 0 0 0 0 0 0 0 0 1 0 7 3 0 1 75 0 2 0 0 0 0 0 0 0 0 0 0 0 0 0 0 0 0 0 0 7 0 5 0 0 0 15 0 0 0 0 
 0 0 0 0 0 0 0 0 0 2 0 0 0 0 0 2 0 0 0 0 212 172 150 202 157 45 298 266 0 417 230 256 84 181 273 153 38 65 297 220 0 3 0 3 2 0 64 2 8 3 0 0 0 0 2 60 0 0 21 0 0 0 0 0 0 0 0 0 0 0 0 0 2 1 0 2 0 0 0 0 0 0 0 0 0 1 0 0 0 0 0 0 0 0 0 0 0 0 14 0 18 22 21 0 44 0 23 20 8 0 52 8 6 13 15 23 11 48 0 15 0 0 0 0 0 0 17 0 0 0 2 0 32 17 0 0 0 0 0 0 0 0 0 8 0 0 0 0 6 0 0 0 0 0 0 0 0 7 7 0 0 0 13 0 0 31 0 38 0 0 0 0 0 19 0 0 2 0 0 0 0 11 0 0 26 5 0 8 14 0 30 10 0 0 11 0 15 38 17 23 0 0 0 0 0 0 16 0 0 0 0 0 26 13 6 0 0 0 19 18 9 2 0 0 0 0 0 0 0 1 0 0 0 0 12 0 0 0 0 0 0 0 0 0 0 0 0 0 0 0 0 0 0 2 7 2 0 158 5 2 1 0 0 0 0 0 0 0 0 0 0 0 0 0 0 0 0 0 0 11 0 25 0 0 0 15 0 0 0 0 
 4 2 0 0 0 0 5 5 0 0 3 0 77 0 2 0 1 0 74 0 44 237 154 418 88 136 48 89 417 0 185 275 58 226 214 234 340 598 145 135 0 3 0 3 2 1 38 1 4 3 0 0 62 19 0 0 0 0 62 64 0 0 0 0 0 0 0 0 0 0 0 0 2 0 0 2 0 0 0 0 0 0 2 0 0 0 0 0 0 0 0 0 0 0 0 0 0 0 0 0 18 0 0 22 26 13 9 9 8 15 6 35 19 13 2 0 16 30 0 0 14 0 16 8 0 0 30 11 13 0 0 0 27 29 0 1 0 0 11 0 0 0 0 5 0 0 0 0 0 0 0 0 0 0 0 0 0 5 2 0 0 0 0 0 0 0 0 25 0 0 11 0 0 0 0 0 0 0 0 0 0 0 0 7 31 4 0 0 0 0 55 25 0 0 33 22 52 38 0 10 0 0 0 0 0 0 24 11 0 0 0 0 23 11 22 0 0 30 0 29 0 0 0 27 0 0 0 0 0 0 0 0 0 0 0 0 0 0 0 0 0 0 8 0 0 0 0 0 0 0 0 0 0 0 7 0 3 11 75 0 31 0 0 0 0 0 0 0 0 0 0 0 0 0 0 0 0 0 0 0 0 6 0 0 0 0 0 0 0 0 
 3 3 209 5 3 3 3 7 3 3 5 77 3 3 3 3 3 3 3 3 41 47 153 142 98 138 39 46 230 185 0 463 46 59 76 304 177 111 53 57 0 3 0 3 3 0 63 1 5 3 0 0 67 62 62 0 0 0 65 2 1 0 0 0 0 0 0 1 0 0 0 2 2 2 0 2 0 0 0 0 0 0 0 0 12 0 0 0 1 0 0 0 0 0 0 0 0 34 0 0 13 7 0 0 22 43 0 0 0 0 4 22 0 0 0 18 1 20 0 0 22 44 25 0 0 0 9 20 44 10 7 0 10 3 29 0 29 0 31 23 0 0 0 0 0 0 0 0 0 0 0 0 0 0 0 0 0 2 9 0 0 0 0 0 0 0 0 0 0 0 0 0 0 0 0 1 0 0 0 0 0 39 0 23 19 15 7 9 0 18 52 9 0 0 11 0 9 29 0 0 12 2 10 0 0 0 18 23 0 19 0 0 0 22 31 7 0 0 14 25 0 0 0 0 0 0 0 0 0 0 0 0 0 0 0 0 0 0 0 0 0 0 0 0 0 0 0 0 0 0 0 0 0 0 7 6 1 0 10 2 79 0 0 0 0 5 0 0 0 0 0 0 0 0 0 0 0 0 0 0 0 0 0 0 0 0 0 0 0 2 
 0 0 0 0 0 1 0 2 0 1 0 0 2 0 4 0 0 0 0 0 30 111 113 506 130 124 113 113 256 275 463 0 238 27 120 62 200 143 40 31 0 3 0 3 2 0 31 74 0 3 0 0 94 0 1 0 0 0 1 76 0 0 0 0 0 0 0 8 0 0 0 0 2 1 0 2 0 0 0 0 0 0 0 0 0 0 17 0 15 0 0 0 0 0 0 0 0 0 0 0 1 13 0 18 1 40 0 13 0 7 0 36 0 28 0 0 12 1 0 0 1 24 1 0 0 0 23 0 29 12 0 0 14 50 25 18 12 0 19 25 0 0 8 0 0 0 0 0 0 0 0 0 0 0 0 0 5 0 0 0 0 0 0 0 6 0 0 0 0 0 0 0 0 0 0 0 0 0 0 0 0 0 9 0 14 20 0 0 5 40 0 2 0 0 23 21 0 28 0 0 15 1 11 0 0 0 1 0 0 0 26 0 1 37 21 0 10 0 20 11 0 0 0 0 0 0 0 0 0 0 0 0 0 0 0 0 0 0 0 0 0 0 0 0 0 0 0 0 0 0 0 0 0 0 17 0 2 72 75 4 2 2 0 0 0 0 7 0 0 0 0 0 0 0 0 0 0 0 0 0 0 0 0 0 0 0 1 0 0 0 
 3 78 88 218 5 173 3 87 3 20 34 183 3 3 3 14 3 128 3 3 59 30 115 53 144 240 155 90 84 58 46 238 0 258 67 459 34 20 185 50 0 3 0 3 9 0 0 0 0 3 0 6 0 0 0 18 0 0 0 0 0 0 0 0 0 0 0 0 0 0 0 0 2 0 0 2 0 0 0 0 0 0 9 39 40 64 0 1 16 20 10 38 0 0 0 12 17 0 0 0 2 1 20 0 0 0 13 0 0 9 0 0 13 0 0 0 24 0 38 1 1 1 8 0 0 0 0 0 0 0 0 0 0 0 0 0 0 0 0 0 0 0 0 0 0 0 0 2 0 0 0 0 0 4 0 0 2 0 0 0 0 0 30 0 12 0 0 0 11 19 21 15 0 0 1 14 13 13 0 0 9 19 0 0 0 0 8 19 0 0 0 0 18 21 0 0 15 0 22 30 0 0 0 0 0 0 0 0 0 0 0 0 0 0 2 0 0 0 0 0 0 0 0 0 0 0 0 18 0 0 0 0 0 0 0 0 1 0 0 0 0 0 0 0 0 0 0 0 74 0 20 0 0 0 7 0 2 0 1 0 3 0 14 0 0 0 0 0 0 0 0 0 0 0 0 0 88 0 0 0 0 0 0 2 0 0 0 0 0 0 
 2 2 78 2 2 78 2 2 2 89 97 153 2 2 3 2 2 77 2 2 207 162 140 59 57 50 63 290 181 226 59 27 258 0 152 32 18 49 292 140 0 3 0 3 8 0 0 0 0 3 62 0 0 0 1 18 0 0 0 0 0 0 0 0 0 0 0 0 0 0 0 0 2 1 0 2 0 0 0 0 0 0 0 14 0 38 0 0 0 0 0 24 0 2 0 0 0 0 0 1 19 20 64 13 11 0 65 0 23 0 25 0 11 14 18 1 41 11 0 17 0 0 0 0 0 0 0 0 0 2 0 0 10 0 0 0 0 0 0 2 0 0 0 0 0 0 0 0 0 0 0 0 0 4 0 0 0 0 0 0 0 0 0 0 14 16 0 5 13 0 18 10 0 0 0 0 0 0 0 0 0 11 1 0 8 11 6 34 15 0 16 3 8 30 27 0 0 9 23 25 0 0 0 0 0 0 0 0 0 0 0 0 0 0 0 0 0 0 3 0 0 0 0 0 0 0 0 0 2 0 0 0 0 0 0 0 0 0 0 0 0 0 0 0 0 0 0 0 0 0 0 0 0 0 9 0 1 1 0 0 4 0 0 0 0 0 0 0 0 0 0 0 0 0 0 0 0 0 0 0 0 0 0 0 0 0 0 0 0 0 
 0 0 0 0 129 0 0 0 0 0 0 0 0 2 0 1 0 0 0 0 60 164 210 95 172 285 46 63 273 214 76 120 67 152 0 229 67 42 73 264 0 5 0 3 2 3 0 0 9 3 0 0 0 22 1 0 0 0 63 5 5 0 0 0 0 0 0 3 0 0 0 0 2 2 0 2 0 0 0 0 0 0 0 0 11 10 0 0 8 0 0 0 0 0 10 0 0 0 0 0 10 24 14 31 35 0 34 28 14 33 27 10 17 13 21 0 10 7 0 0 8 0 0 0 0 0 0 0 0 0 0 0 21 0 0 0 0 0 7 0 0 0 6 0 0 0 0 0 0 0 0 2 0 0 0 0 3 0 45 0 0 0 0 0 0 0 13 11 0 0 0 0 0 0 0 0 0 0 0 0 0 16 14 10 4 10 9 3 29 19 50 10 0 10 54 19 4 20 0 0 0 0 0 0 0 0 0 0 0 0 0 0 13 1 0 0 0 0 0 13 8 1 0 0 0 0 0 0 0 0 12 0 9 2 0 0 0 0 8 0 0 0 8 0 0 0 0 0 0 0 0 0 0 1 18 0 0 0 89 0 2 0 0 0 0 0 0 0 0 0 9 0 0 0 0 0 0 0 0 0 0 13 0 0 0 0 11 0 0 0 
 6 0 0 0 0 0 0 4 0 0 0 2 0 0 0 0 0 0 2 0 312 59 329 140 255 362 243 192 153 234 304 62 459 32 229 0 96 55 47 58 0 3 0 3 2 0 4 1 18 3 0 0 0 0 2 3 1 0 204 61 12 0 0 0 0 0 0 3 0 0 0 0 2 1 0 2 0 0 0 0 0 0 0 0 0 0 0 7 0 0 0 0 0 0 0 0 0 0 0 0 0 0 11 12 40 13 25 12 0 21 47 11 1 0 0 30 20 8 0 9 34 0 0 0 0 0 4 0 12 0 0 0 20 2 0 0 0 0 0 0 0 0 1 0 0 0 0 0 0 0 2 0 0 0 0 0 3 0 10 0 0 0 0 0 0 0 0 3 0 0 0 0 2 0 0 0 0 0 0 0 8 12 12 20 11 23 0 0 12 21 15 18 0 0 4 8 0 51 0 0 0 0 0 0 0 0 0 1 0 0 0 0 32 24 12 0 0 0 51 33 0 0 0 0 0 0 0 0 0 0 0 0 0 0 0 0 0 0 0 0 0 0 11 0 0 0 0 0 0 0 0 0 0 0 22 2 1 74 42 0 2 0 0 0 0 0 20 0 0 0 28 0 0 0 2 0 0 0 0 6 0 32 0 0 0 12 16 0 0 0 
 0 0 8 0 110 0 2 8 74 2 0 0 0 0 0 0 0 0 0 0 52 111 120 47 347 278 33 126 38 340 177 200 34 18 67 96 0 130 24 95 0 3 0 0 0 0 0 1 6 2 0 31 93 0 1 0 0 0 64 65 0 0 5 0 0 0 3 0 0 0 0 2 0 1 0 0 2 0 0 0 0 0 0 0 0 0 0 0 0 0 0 0 0 0 0 0 0 0 0 0 31 34 0 20 0 48 10 18 1 6 0 16 0 16 1 23 12 1 0 0 28 0 0 0 0 0 0 0 0 0 0 0 13 9 0 0 0 0 9 0 0 0 2 0 0 0 0 0 0 0 0 0 0 0 0 0 3 0 0 0 0 0 0 0 3 0 0 0 0 0 4 0 0 0 0 0 0 0 0 0 0 0 0 2 28 0 4 0 13 25 47 13 0 0 1 26 47 48 0 0 0 0 0 3 0 0 5 0 0 0 0 0 0 14 13 0 0 0 16 0 0 0 0 0 0 0 0 0 0 0 0 0 0 0 0 0 0 0 0 0 0 0 0 0 0 0 0 0 0 2 0 0 0 0 9 2 0 149 1 2 1 0 0 0 0 0 0 0 0 0 0 0 0 0 0 0 0 0 0 0 0 0 0 0 0 0 0 0 0 0 
 0 0 0 0 0 0 0 4 2 0 0 0 0 0 2 2 0 0 0 0 311 77 107 178 195 141 35 317 65 598 111 143 20 49 42 55 130 0 47 269 0 3 0 3 2 0 0 0 0 7 0 72 0 0 2 0 0 0 0 63 0 0 0 0 0 0 0 0 0 0 0 0 2 1 0 3 0 0 0 0 0 0 0 0 0 17 0 0 0 0 0 0 0 10 0 0 0 0 0 0 76 62 7 4 13 0 8 41 10 0 0 12 0 36 48 14 0 4 0 12 0 11 0 0 0 0 0 0 0 16 0 0 0 0 0 0 14 0 9 4 0 0 8 0 0 0 0 0 0 0 0 0 0 0 0 0 25 0 0 0 0 0 0 0 0 0 0 0 0 0 0 0 0 0 0 0 0 0 0 0 6 13 3 23 11 11 8 9 0 42 0 20 0 0 18 4 6 18 0 13 0 0 0 0 0 0 0 5 0 0 0 0 0 10 11 0 0 0 14 0 0 0 0 0 0 0 0 0 0 0 0 0 0 0 0 0 0 0 0 0 0 0 0 0 0 0 0 0 0 0 0 0 0 0 0 1 1 167 74 0 1 0 0 0 0 0 0 0 0 0 0 0 0 0 0 0 0 0 0 7 0 0 0 0 0 13 0 0 0 0 
 0 1 0 149 4 149 0 0 0 95 5 63 0 0 0 1 2 60 24 0 200 128 53 61 73 55 421 138 297 145 53 40 185 292 73 47 24 47 0 276 0 3 0 5 115 0 0 0 0 3 0 0 3 0 0 3 3 3 2 0 6 0 0 0 0 0 1 0 3 0 0 0 2 1 0 2 0 0 0 0 0 0 0 11 27 37 0 0 0 1 13 47 0 0 0 0 22 0 0 0 0 17 24 0 0 0 11 0 67 0 0 0 7 17 49 11 20 11 45 34 0 0 0 0 0 0 0 0 0 0 0 0 0 0 0 0 0 0 0 0 0 0 0 0 0 0 0 0 0 0 0 0 0 30 0 0 0 0 0 0 0 0 8 1 0 15 0 0 0 16 46 16 0 0 1 11 18 0 0 0 9 0 15 0 0 0 7 35 0 0 0 0 48 42 0 2 30 1 3 32 2 0 0 0 19 14 0 0 0 0 0 0 0 0 0 2 0 0 0 0 0 0 0 0 0 0 1 14 0 0 0 0 0 0 0 0 0 0 0 0 0 0 0 0 0 0 0 0 73 68 15 0 0 0 6 0 2 0 0 0 0 2 0 0 0 0 0 0 0 0 0 0 0 0 0 0 29 1 0 0 0 0 0 0 0 0 0 0 0 0 
 0 0 1 74 2 0 0 0 0 0 42 0 1 0 1 2 5 0 8 2 24 150 186 443 83 61 210 110 220 135 57 31 50 140 264 58 95 269 276 0 0 4 0 3 2 0 3 0 0 5 0 0 65 0 0 2 62 1 0 2 0 0 0 3 43 0 0 0 3 0 0 0 2 0 0 3 0 0 4 1 0 0 0 0 0 10 9 0 14 0 11 0 0 0 0 0 0 0 0 0 12 12 14 12 8 0 4 8 19 2 0 0 11 45 30 0 19 10 20 1 0 0 0 0 0 0 0 0 0 0 0 0 0 0 0 0 0 0 0 0 0 0 8 0 0 0 0 0 0 1 0 0 0 0 0 0 0 0 0 0 0 0 0 0 0 0 0 2 0 22 0 0 0 0 0 0 0 0 0 0 9 1 10 7 7 0 1 14 13 0 23 1 0 16 43 21 34 26 20 9 0 0 0 0 0 0 0 0 0 0 0 0 0 0 0 0 0 0 0 0 0 0 0 0 0 1 0 0 0 0 0 0 0 0 0 0 0 0 0 0 0 0 0 0 0 0 0 0 74 0 42 2 0 0 0 0 3 13 0 0 15 0 0 0 0 0 0 0 0 0 0 0 0 0 0 0 34 0 0 0 0 15 0 0 0 0 0 0 0 0 
 0 0 0 3 56 0 0 0 0 0 0 0 0 0 0 0 0 0 0 0 0 0 0 0 60 33 0 0 0 0 0 0 0 0 0 0 0 0 0 0 0 100 77 65 250 38 159 128 32 94 33 268 75 140 81 113 199 30 98 107 0 2 0 50 1 1 2 0 0 0 0 0 0 4 0 0 2 0 14 8 0 0 0 0 0 0 0 0 0 0 0 0 0 0 0 0 0 0 0 0 0 0 0 0 0 0 0 0 0 0 0 19 0 0 0 0 0 0 0 0 6 0 7 25 36 22 6 19 34 27 32 9 0 12 16 54 7 31 0 18 0 5 0 0 0 0 12 0 0 0 0 0 0 8 0 0 0 4 7 20 0 0 0 0 0 0 0 0 0 0 0 0 0 0 0 0 0 0 1 0 0 0 0 0 23 20 0 0 0 0 0 0 0 0 0 0 0 0 0 0 23 4 15 10 13 3 9 36 36 33 22 30 7 5 38 24 18 21 0 29 0 0 0 0 0 0 0 2 8 0 0 0 1 0 14 0 0 0 0 10 0 0 0 0 0 0 0 0 0 0 0 9 0 0 0 0 0 4 0 3 0 0 0 8 66 0 4 2 0 0 0 0 0 0 0 0 0 0 0 0 0 0 0 0 0 0 0 0 1 0 
 0 0 0 0 63 20 3 0 0 0 4 0 0 0 0 0 0 0 0 0 3 3 6 3 3 3 3 3 3 3 3 3 3 3 5 3 3 3 3 4 100 0 108 70 40 99 88 224 108 188 76 113 37 199 282 96 114 43 35 47 0 0 0 0 0 1 0 3 0 0 2 4 94 2 2 0 0 0 56 11 0 0 0 0 0 0 0 0 0 0 0 0 0 0 0 0 0 0 0 0 0 0 0 0 0 0 0 0 0 0 0 0 0 0 0 0 0 0 0 0 14 14 11 26 0 79 39 16 0 1 16 39 0 0 31 11 0 39 1 1 38 0 9 0 0 0 16 4 17 0 4 0 28 0 3 0 0 0 0 0 0 0 0 0 0 4 0 0 0 0 0 0 0 0 0 0 0 0 22 1 0 0 0 0 0 0 0 0 6 0 0 2 0 0 0 0 0 0 0 0 16 14 7 13 26 13 0 0 14 28 0 39 0 0 0 1 38 20 0 0 0 10 12 0 0 17 15 24 0 0 0 0 37 0 0 0 1 0 17 8 0 0 16 0 0 0 0 0 0 0 0 10 0 2 0 0 0 0 0 22 0 0 0 67 0 2 2 40 0 0 0 0 0 0 0 6 0 1 0 0 0 0 0 0 18 0 0 0 0 0 
 0 0 0 0 0 0 0 0 0 0 9 0 0 0 0 0 0 0 0 0 0 0 0 0 2 0 0 0 0 0 0 0 0 0 0 0 0 0 0 0 77 108 0 148 35 27 92 108 305 111 119 87 47 94 89 421 99 311 56 34 0 0 0 0 0 0 0 0 21 1 54 0 83 52 0 0 0 0 56 105 0 0 0 0 0 0 0 0 0 0 0 0 0 0 0 0 0 0 0 0 0 0 0 0 14 0 0 0 0 19 0 0 0 0 0 0 0 0 0 0 15 13 11 0 1 10 0 34 0 16 33 18 16 0 21 11 0 11 1 0 0 0 13 0 0 18 9 6 13 0 4 1 5 0 0 0 0 6 9 22 0 0 0 0 0 4 1 0 0 0 0 0 0 0 0 0 0 0 11 1 0 0 0 0 0 0 0 0 0 0 0 0 0 0 0 0 0 0 0 0 31 14 0 8 25 12 17 11 24 0 1 0 0 0 0 0 9 0 10 0 0 0 0 0 0 0 0 0 15 0 0 0 24 8 7 9 0 0 0 39 0 0 0 0 0 0 0 0 0 0 0 14 0 0 0 0 0 0 0 2 0 0 0 67 0 1 0 0 0 0 0 0 0 0 0 0 0 0 0 0 0 0 0 0 0 17 0 16 0 0 
 0 0 0 0 0 0 0 0 1 2 0 0 0 0 0 0 0 0 0 0 3 2 5 3 7 3 3 3 3 3 3 3 3 3 3 3 0 3 5 3 65 70 148 0 357 21 80 71 122 183 142 62 58 92 283 173 106 221 82 69 0 0 0 0 0 0 0 0 3 0 1 0 0 22 0 0 0 0 104 0 0 0 0 0 0 0 0 0 0 0 0 0 0 0 0 0 0 0 0 0 0 3 0 0 0 0 0 0 0 0 0 0 0 0 0 0 0 0 0 0 1 0 20 0 17 2 3 28 30 20 9 0 0 10 1 35 0 9 11 7 4 0 0 0 0 0 2 1 37 4 1 6 14 0 1 0 0 14 9 24 16 0 0 0 0 0 0 0 0 0 0 0 0 0 3 0 0 0 2 0 0 0 0 0 0 0 0 0 0 0 0 0 0 0 0 0 0 0 0 0 1 22 0 32 20 24 10 10 21 3 30 2 0 3 19 14 1 49 5 8 23 8 0 7 0 0 0 0 8 0 5 10 15 1 0 0 0 0 5 3 0 0 0 0 0 0 0 0 0 0 0 3 0 1 0 0 0 0 0 0 0 1 69 0 1 15 0 0 1 0 0 0 0 0 0 0 0 0 0 0 0 4 0 6 6 0 0 16 0 0 
 0 0 6 0 0 7 2 3 0 3 10 11 0 59 0 0 0 5 0 0 2 4 7 2 2 2 2 2 2 2 3 2 9 8 2 2 0 2 115 2 250 40 35 357 0 196 61 63 51 78 80 354 289 60 74 116 72 43 101 72 23 0 0 0 0 0 0 0 0 0 0 0 0 106 2 0 0 0 7 50 0 0 0 0 0 10 0 0 0 4 0 12 0 0 0 0 0 0 0 0 0 0 8 0 0 0 8 0 0 0 0 0 0 0 0 0 0 0 0 1 0 0 0 5 30 0 0 0 0 0 3 0 0 0 0 0 0 0 0 0 20 23 4 21 0 0 7 19 16 0 0 16 23 21 24 36 24 29 7 2 0 0 0 0 38 0 0 9 14 0 4 7 0 0 0 0 0 0 0 0 0 0 1 0 0 0 0 5 0 0 0 0 2 3 0 0 0 0 6 9 0 0 0 0 0 0 0 0 0 0 0 1 0 0 0 0 0 0 0 0 54 6 0 27 0 0 13 0 23 22 16 6 2 48 8 53 0 0 13 0 0 0 0 0 0 0 0 0 4 0 0 6 0 2 0 0 0 2 0 2 0 0 3 0 0 2 4 0 0 0 0 0 0 0 0 0 0 0 0 0 0 0 0 0 1 0 0 0 0 0 
 0 0 0 1 0 0 0 3 5 0 0 0 1 0 0 0 0 0 1 49 0 0 0 3 0 0 0 0 0 1 0 0 0 0 3 0 0 0 0 0 38 99 27 21 196 0 59 59 64 102 135 364 69 29 51 67 293 49 71 46 2 71 31 0 0 3 51 57 0 3 0 0 1 9 52 54 23 3 0 56 0 0 0 0 0 0 0 0 0 0 0 0 0 0 0 0 0 0 0 0 0 0 0 0 0 0 0 0 0 0 0 14 0 0 0 0 0 0 0 0 0 0 0 0 0 0 0 0 0 0 15 7 0 0 0 0 0 18 0 0 40 5 18 19 0 19 0 0 6 0 4 5 19 0 0 15 34 10 1 5 0 0 0 0 0 0 0 0 0 0 0 0 0 0 0 0 0 0 0 2 0 0 0 0 0 0 0 0 0 0 0 0 0 0 13 0 0 0 0 0 0 18 0 0 0 0 0 0 0 0 0 0 0 20 0 0 7 0 0 0 1 18 0 18 0 0 40 0 0 7 10 6 6 40 0 12 0 0 52 22 0 0 0 0 0 0 1 0 0 0 0 4 0 0 0 2 0 2 0 1 0 0 0 1 0 3 5 0 6 0 12 2 0 6 0 0 0 0 0 0 0 0 0 0 0 0 0 0 0 11 
 3 0 31 0 0 0 3 2 0 0 2 0 0 0 0 0 1 0 2 0 0 3 65 0 0 0 0 0 64 38 63 31 0 0 0 4 0 0 0 3 159 88 92 80 61 59 0 92 280 54 28 99 167 56 256 54 102 35 139 236 0 0 0 4 4 0 0 7 2 0 0 0 49 54 51 0 0 0 6 56 0 0 0 0 0 0 0 0 0 0 0 0 0 0 0 0 0 0 0 0 0 0 0 0 4 9 0 0 0 18 26 16 0 0 0 0 0 8 0 0 14 13 0 27 5 1 51 7 1 16 3 0 37 32 31 0 41 6 0 39 0 1 8 5 0 0 7 0 0 3 0 0 0 3 0 0 1 5 2 0 0 0 0 0 0 0 0 0 0 0 0 0 0 0 0 0 0 0 0 1 0 0 0 0 21 5 0 0 19 0 9 7 0 0 0 0 0 0 0 0 9 1 8 12 23 0 16 54 1 8 14 5 25 15 41 15 0 11 0 50 0 0 0 0 0 0 0 0 0 0 0 0 0 12 13 25 0 0 0 1 0 0 0 0 0 0 0 0 0 0 0 8 0 0 0 0 0 23 0 0 0 0 0 70 3 4 17 0 0 0 0 0 0 0 0 0 0 0 0 0 0 0 1 0 0 0 0 0 0 0 
 0 0 0 0 0 0 0 0 0 0 0 0 0 0 0 0 0 0 0 0 0 0 2 0 5 6 0 0 2 1 1 74 0 0 0 1 1 0 0 0 128 224 108 71 63 59 92 0 98 70 122 98 90 130 74 41 41 121 61 53 3 0 1 0 7 11 0 4 4 3 6 0 1 1 3 0 2 0 0 66 0 0 0 0 0 0 0 0 0 0 0 0 1 0 0 0 0 0 0 0 0 0 0 0 0 0 0 0 0 0 0 0 0 0 0 0 0 0 0 0 0 0 0 42 0 0 13 0 11 0 8 24 0 0 0 14 0 23 0 0 24 0 3 0 2 19 11 4 0 6 0 0 21 0 14 1 0 0 0 3 20 0 0 0 5 0 0 0 0 0 0 0 0 0 0 0 0 0 0 0 0 0 0 0 0 0 0 0 0 0 0 0 0 0 0 0 0 0 17 0 0 9 9 14 8 0 0 0 0 2 7 12 0 0 0 0 18 13 0 0 4 2 0 0 0 27 13 14 0 1 5 4 0 0 0 0 0 0 16 31 0 0 1 0 0 0 0 0 0 0 0 4 0 0 0 0 0 1 0 0 0 0 1 0 0 21 0 73 0 0 0 0 0 0 0 0 0 0 0 0 0 0 0 0 0 0 0 0 0 0 
 0 0 0 0 0 0 0 0 0 0 2 0 0 0 0 0 0 0 0 0 0 0 0 16 0 0 0 4 8 4 5 0 0 0 9 18 6 0 0 0 32 108 305 122 51 64 280 98 0 184 389 109 71 132 299 187 45 174 83 47 0 1 2 0 7 0 0 51 0 0 3 0 100 61 0 0 0 3 50 100 0 0 0 0 0 0 0 0 0 0 0 0 0 0 0 0 15 0 0 0 0 43 0 0 17 0 0 0 0 0 21 2 0 17 0 0 3 0 0 0 13 18 0 0 1 6 0 12 1 10 11 24 8 9 7 9 0 4 10 0 0 0 8 0 0 9 7 8 11 0 11 0 0 0 0 0 1 0 14 9 0 0 0 0 0 0 0 0 0 0 0 0 0 0 0 0 0 0 0 1 0 0 0 0 7 0 0 0 0 0 3 0 0 0 8 0 16 3 0 0 9 16 18 0 35 44 0 6 16 0 9 0 6 0 0 0 20 0 11 2 0 0 0 0 0 0 0 0 9 0 0 0 7 4 10 21 0 0 0 20 0 0 3 0 0 0 0 0 0 0 0 5 0 0 0 0 0 0 2 1 0 0 0 66 0 1 0 0 0 0 0 0 0 0 0 0 0 0 0 0 0 27 0 0 0 4 0 30 0 0 
 0 0 0 0 6 0 1 6 0 0 0 0 0 0 0 0 0 0 0 0 9 3 5 3 3 3 123 3 3 3 3 3 3 3 3 3 2 7 3 5 94 188 111 183 78 102 54 70 184 0 176 95 29 106 404 197 65 359 86 80 2 1 0 0 0 0 0 0 4 4 9 2 0 0 0 0 0 24 120 51 0 0 0 0 0 0 0 0 0 0 0 0 0 0 0 0 0 0 0 0 0 0 1 0 0 0 0 5 0 0 0 0 0 8 0 5 0 0 0 1 1 19 13 9 0 19 0 2 14 35 27 19 19 0 6 14 0 11 0 0 8 0 0 0 0 9 0 0 12 4 0 0 0 0 0 0 0 0 0 0 0 0 0 0 0 6 0 0 0 0 0 0 0 0 0 0 0 0 0 1 10 2 0 6 0 0 3 0 19 6 0 6 0 0 6 0 0 0 0 0 2 45 1 7 25 16 37 7 0 18 1 9 0 0 0 35 43 13 9 0 67 0 0 0 15 0 20 0 1 0 0 0 30 0 0 0 0 0 18 16 0 0 0 0 0 0 0 0 0 0 0 11 0 1 0 0 0 0 0 23 0 1 73 3 0 2 0 0 1 0 0 0 0 0 0 0 0 0 0 0 0 4 0 0 16 25 0 0 0 0 
 0 0 63 1 0 1 0 0 0 2 0 0 0 0 2 0 0 0 0 55 0 0 0 0 6 0 0 0 0 0 0 0 0 62 0 0 0 0 0 0 33 76 119 142 80 135 28 122 389 176 0 89 43 35 72 277 253 95 39 58 0 2 0 0 0 0 0 0 0 53 0 0 0 1 0 0 0 0 51 75 0 0 0 0 0 0 0 0 1 0 0 0 0 0 0 0 0 0 0 0 0 0 0 0 0 0 0 0 0 0 0 0 0 0 0 0 0 0 0 0 0 0 28 0 25 10 0 19 11 34 0 10 0 11 0 39 0 1 0 0 38 0 0 0 0 5 0 0 12 13 0 4 16 0 0 4 0 0 17 19 0 0 0 0 1 0 0 0 0 0 0 0 0 0 5 0 0 0 2 0 0 0 0 0 3 0 0 0 0 0 0 0 0 0 0 0 0 2 0 0 0 0 7 26 39 32 0 0 27 0 8 0 0 0 10 17 0 24 9 10 23 0 0 0 0 0 13 0 0 0 0 0 7 0 0 0 0 0 10 15 0 0 0 0 0 0 0 0 0 0 0 12 0 0 0 0 0 0 0 7 0 0 63 0 0 11 4 1 2 0 0 0 0 0 0 0 7 8 0 0 0 0 0 0 8 0 0 0 0 0 
 0 1 7 1 0 3 0 7 62 0 5 1 0 0 2 0 1 4 0 0 0 0 0 0 0 0 1 0 0 0 0 0 6 0 0 0 31 72 0 0 268 113 87 62 354 364 99 98 109 95 89 0 40 244 48 85 78 50 90 97 54 0 51 0 0 0 0 0 0 5 0 0 0 2 52 51 0 1 52 32 0 0 0 0 0 2 0 0 1 24 0 0 0 7 0 0 0 0 0 1 0 0 0 0 0 0 1 0 0 0 0 0 6 0 0 0 0 0 1 0 0 0 0 38 1 0 0 0 0 42 0 27 0 0 0 0 0 0 0 0 19 0 0 0 0 19 1 12 11 0 0 0 37 10 15 0 11 0 18 5 0 0 3 0 34 1 0 0 10 0 0 3 0 0 0 1 5 3 0 2 0 0 1 0 0 0 0 0 0 0 0 0 0 1 0 0 0 0 5 0 0 4 0 13 14 0 0 0 0 24 0 1 0 0 0 0 0 29 0 0 0 6 0 22 0 0 41 19 9 0 7 7 44 9 1 0 0 0 42 21 0 1 6 0 0 0 0 0 0 0 0 13 0 0 0 0 0 0 0 0 0 0 4 0 1 3 0 79 0 0 0 0 0 8 0 0 0 0 0 0 0 0 0 0 1 0 0 0 0 0 
 0 0 0 0 0 0 0 3 0 3 0 0 0 0 3 0 0 0 0 0 0 22 32 0 0 59 0 115 0 62 67 94 0 0 0 0 93 0 3 65 75 37 47 58 289 69 167 90 71 29 43 40 0 134 42 52 81 35 214 235 1 0 0 0 47 0 0 6 0 22 0 0 0 1 0 0 0 0 0 0 0 0 0 0 0 0 0 0 0 0 0 0 0 0 0 0 0 0 0 0 0 0 0 0 0 21 0 0 0 20 0 26 0 0 0 0 9 10 0 0 26 0 0 10 0 0 19 0 7 3 0 0 20 8 23 0 19 10 10 32 0 0 0 0 0 0 0 0 0 12 0 0 0 0 0 0 0 0 0 0 0 0 0 0 0 0 0 0 0 0 9 0 0 0 0 0 0 0 0 0 0 0 0 12 14 5 0 0 13 10 1 7 0 0 0 0 0 0 0 0 0 1 0 0 0 0 21 16 0 15 1 0 1 28 40 0 0 0 0 19 0 0 0 0 0 0 0 0 0 0 0 22 0 0 0 0 0 0 0 0 0 0 0 0 0 0 0 0 0 0 0 3 0 0 0 0 0 0 0 0 0 0 0 0 1 0 7 0 0 0 1 0 0 0 0 0 0 0 0 0 0 0 0 0 0 0 0 0 0 0 
 2 0 0 0 0 0 3 2 0 0 0 0 0 0 0 0 0 0 0 0 2 113 0 6 0 73 0 0 0 19 62 0 0 0 22 0 0 0 0 0 140 199 94 92 60 29 56 130 132 106 35 244 134 0 151 67 167 31 100 81 0 10 0 0 0 0 0 0 0 0 0 0 0 2 0 0 0 0 50 6 0 0 0 0 0 0 0 0 0 7 0 0 0 0 10 0 0 0 7 0 0 0 0 0 0 12 0 0 0 0 0 8 0 0 0 0 0 12 0 0 5 0 31 13 8 31 0 20 30 14 10 33 15 2 14 19 0 23 12 7 0 0 0 0 0 0 15 4 1 0 5 0 0 0 0 0 0 0 0 18 0 0 0 0 0 6 0 0 0 0 0 0 0 0 0 0 0 0 0 1 0 0 0 9 0 0 0 0 0 0 11 10 0 0 0 0 0 0 0 0 5 23 18 8 10 10 19 9 39 8 0 14 0 25 7 12 15 0 1 0 0 0 0 0 0 0 0 0 0 0 0 0 14 0 0 0 0 0 0 13 0 0 0 0 0 0 0 0 0 0 0 6 0 2 0 0 0 0 0 11 0 0 0 1 0 2 2 1 0 0 0 0 0 0 0 0 0 0 0 0 0 0 0 0 12 0 0 0 0 0 
 5 4 3 3 3 3 4 4 2 2 2 3 4 3 0 4 2 3 4 1 1 0 2 1 1 0 2 2 2 0 62 1 0 1 1 2 1 2 0 0 81 282 89 283 74 51 256 74 299 404 72 48 42 151 0 151 104 46 75 87 0 0 0 0 0 0 0 0 10 6 17 4 1 1 0 0 0 0 54 3 0 0 5 0 0 0 0 0 0 0 0 0 0 0 0 0 0 0 0 0 0 0 8 0 0 8 0 0 0 0 0 20 0 0 0 0 0 0 0 0 20 20 16 0 13 20 18 16 0 29 11 0 13 0 26 14 19 0 0 0 5 0 1 0 0 0 1 0 0 5 0 7 0 0 0 0 0 0 7 0 0 33 0 1 0 0 0 0 0 0 0 0 0 0 0 0 0 0 3 0 0 0 0 0 0 0 0 0 0 0 0 0 0 0 0 0 0 0 0 0 26 21 0 17 22 0 58 0 14 31 0 11 5 0 12 44 20 13 1 18 30 0 0 0 0 0 0 0 1 0 0 0 9 0 0 0 0 0 0 4 0 0 0 0 0 0 0 0 4 0 0 5 0 0 0 0 0 1 0 0 0 0 66 1 0 6 3 0 2 0 0 0 0 2 0 0 0 0 0 0 0 0 0 0 22 23 0 0 0 1 
 0 0 6 3 0 4 0 6 0 0 16 2 0 0 0 0 0 5 0 0 0 0 0 0 0 0 0 0 60 0 0 0 18 18 0 3 0 0 3 2 113 96 421 173 116 67 54 41 187 197 277 85 52 67 151 0 91 168 44 107 0 0 0 0 0 0 0 0 1 0 7 0 0 2 0 0 0 0 107 101 0 0 0 0 0 20 0 0 0 0 0 1 0 0 0 0 0 0 0 0 0 0 7 0 0 0 11 0 0 0 0 0 12 0 0 0 0 0 0 7 0 1 14 0 57 4 0 50 1 26 6 7 0 10 0 10 0 0 0 0 0 0 0 0 0 18 0 2 14 0 0 1 18 0 0 0 0 3 7 21 0 0 0 0 3 0 0 0 7 0 3 4 0 0 3 0 0 0 4 0 0 0 2 0 0 0 0 3 0 0 0 0 0 4 0 0 0 0 21 3 0 30 0 8 50 23 19 9 14 0 12 22 0 0 10 27 0 5 11 11 19 0 0 0 0 0 2 0 37 0 0 0 17 0 9 0 0 0 23 22 0 0 0 0 0 0 0 0 0 29 0 13 0 2 0 0 0 0 0 0 0 0 68 1 0 4 1 0 0 0 0 0 0 0 0 0 0 0 0 0 0 0 0 0 8 1 0 23 0 0 
 0 0 0 0 0 0 42 3 0 3 6 0 0 0 0 0 0 0 5 0 0 0 0 0 0 0 0 0 0 0 0 0 0 0 0 1 0 0 3 62 199 114 99 106 72 293 102 41 45 65 253 78 81 167 104 91 0 78 544 34 2 6 0 0 22 0 0 0 0 0 0 0 0 1 45 0 0 0 77 6 0 0 1 0 0 0 0 0 0 0 0 0 0 0 0 0 0 0 0 0 0 0 0 0 0 0 0 0 0 0 0 0 0 0 0 0 0 0 0 10 6 0 14 12 26 13 12 30 27 20 11 0 0 20 8 23 2 0 0 12 2 0 0 0 0 0 0 0 0 2 0 0 0 0 0 0 0 0 5 23 0 0 0 0 0 0 0 0 0 0 0 0 0 2 20 0 0 0 4 1 0 0 0 0 0 0 0 0 0 0 0 0 0 0 0 0 0 0 0 0 9 40 3 28 22 10 8 0 49 0 27 16 8 0 6 39 0 14 0 28 21 0 0 0 0 0 0 0 15 0 0 0 8 0 0 0 0 0 19 5 0 12 1 0 0 0 0 0 0 0 0 3 11 1 0 0 0 0 0 0 0 0 62 1 64 0 0 0 0 0 0 0 0 0 0 0 0 0 0 0 0 0 0 0 8 0 0 0 0 0 
 4 4 3 8 7 3 4 8 3 2 5 3 41 4 2 3 3 3 32 68 1 4 0 0 0 0 5 0 0 0 0 0 0 0 0 0 0 0 3 1 30 43 311 221 43 49 35 121 174 359 95 50 35 31 46 168 78 0 241 48 0 0 0 0 0 0 0 0 12 1 43 0 0 1 0 0 0 0 0 0 17 0 0 0 0 0 15 0 0 0 0 2 1 0 9 0 0 0 0 0 0 0 4 2 0 0 5 0 3 0 0 0 0 0 3 4 0 0 0 4 0 32 15 0 0 9 10 10 9 0 0 22 26 0 0 8 16 0 2 0 0 0 0 0 0 0 0 5 13 0 3 0 0 0 0 0 0 0 0 0 0 22 0 0 10 0 68 0 0 0 0 0 0 0 5 0 0 0 0 0 1 0 16 4 0 0 0 0 0 0 0 1 3 0 0 0 0 0 0 0 0 4 26 9 0 20 18 11 1 0 48 0 0 0 0 0 0 17 10 7 0 0 0 0 0 0 0 0 8 0 0 13 0 0 0 0 0 0 0 0 0 0 0 0 0 0 0 0 0 0 0 5 0 2 1 0 0 0 0 0 0 21 0 2 0 15 0 2 3 0 14 0 0 0 0 0 0 0 0 0 0 3 0 0 0 13 0 0 0 0 
 2 0 0 0 0 0 0 0 0 2 0 0 0 0 0 0 0 0 0 0 4 0 25 2 65 63 0 73 21 62 65 1 0 0 63 204 64 0 2 0 98 35 56 82 101 71 139 61 83 86 39 90 214 100 75 44 544 241 0 230 7 0 0 3 0 0 1 3 6 0 29 2 0 0 8 6 10 0 6 0 0 0 0 0 0 0 0 0 0 0 0 0 0 0 0 0 0 0 0 0 0 0 1 0 16 0 5 0 0 19 40 0 0 0 0 0 0 2 0 0 20 0 0 13 0 3 24 0 0 0 0 0 10 32 10 0 16 0 0 13 0 0 1 21 0 9 0 0 0 0 0 28 0 0 0 0 0 22 22 0 0 0 0 0 0 0 0 0 0 0 2 0 0 0 0 0 0 0 0 0 0 0 13 14 0 9 0 0 21 8 8 30 0 0 0 0 0 21 0 0 9 0 0 16 0 15 15 1 0 16 10 0 46 24 1 14 0 2 6 30 0 0 0 0 11 4 0 0 0 8 0 2 0 0 0 0 4 0 0 0 0 0 0 0 0 0 0 0 0 0 0 12 0 1 0 0 0 78 0 0 0 0 0 0 20 0 15 0 0 0 0 0 0 0 0 2 0 0 0 0 0 0 0 0 0 0 13 0 0 0 
 0 0 0 0 0 0 0 0 0 0 3 0 0 0 0 0 0 0 0 0 0 0 11 6 6 65 0 0 0 64 2 76 0 0 5 61 65 63 0 2 107 47 34 69 72 46 236 53 47 80 58 97 235 81 87 107 34 48 230 0 204 0 0 0 0 2 0 31 5 0 0 0 0 2 0 0 0 0 0 0 0 0 0 0 0 0 0 0 0 0 0 0 0 12 0 0 0 0 0 0 0 0 0 7 16 6 0 7 0 25 10 6 0 1 0 0 0 32 0 0 2 21 0 9 0 20 12 0 33 77 0 0 10 25 13 6 70 0 6 58 0 0 0 2 0 0 0 0 0 0 0 0 0 0 0 0 0 4 0 0 0 0 0 0 0 0 0 0 0 0 1 0 0 0 0 0 0 0 0 0 0 0 10 11 4 30 0 0 49 24 0 22 0 0 0 0 0 0 0 0 6 1 7 27 1 0 13 18 0 1 14 10 17 11 14 9 6 0 7 1 0 6 0 0 0 0 0 0 0 0 0 14 0 0 0 0 0 0 0 0 0 0 0 0 0 0 0 0 0 17 0 6 0 0 0 0 0 64 0 2 0 0 2 0 64 0 12 0 0 0 0 0 0 0 0 0 0 0 0 0 0 0 0 0 22 0 9 0 0 6 
 0 0 0 1 0 0 0 0 0 0 0 0 0 0 0 0 0 0 0 0 0 0 11 0 21 5 0 0 0 0 1 0 0 0 5 12 0 0 6 0 0 0 0 0 23 2 0 3 0 2 0 54 1 0 0 0 2 0 7 204 0 93 77 45 322 139 179 58 141 305 102 48 255 113 108 64 36 52 43 298 0 0 0 0 0 0 0 0 0 0 0 0 0 0 0 0 0 0 0 0 0 0 0 2 13 1 0 9 0 2 3 0 0 0 0 0 16 1 0 0 4 0 0 20 0 0 0 0 0 0 0 0 0 0 1 0 0 24 14 0 0 19 50 0 11 0 0 26 15 2 2 0 4 60 9 0 2 0 0 2 0 0 0 0 0 0 0 0 0 0 0 0 0 0 0 0 0 0 0 0 0 0 7 23 0 4 0 0 4 2 3 3 0 0 0 13 0 0 0 0 0 0 0 0 0 0 0 0 0 0 0 0 0 1 0 0 0 0 0 0 15 10 0 14 0 8 15 1 45 17 10 4 0 0 23 30 10 0 13 0 1 0 0 0 0 0 0 0 0 0 0 0 0 53 14 0 0 0 0 0 0 0 24 2 0 0 7 0 0 0 2 0 0 1 2 1 0 0 0 0 0 0 0 0 0 0 21 0 0 0 
