 0 194 164 38 43 40 186 345 160 199 35 122 144 200 37 360 85 128 101 447 0 3 0 0 0 3 0 0 0 75 2 0 1 0 2 0 2 0 0 0 0 0 0 0 0 8 0 0 0 0 0 1 0 0 0 0 0 3 0 0 0 0 0 0 0 0 0 0 0 0 0 0 0 0 0 0 0 0 1 3 18 23 15 38 40 14 13 15 33 19 20 5 19 20 20 0 24 37 18 7 0 0 0 0 0 2 0 0 0 0 0 0 2 0 0 0 25 0 15 1 0 0 0 0 0 40 0 0 0 0 0 0 0 0 0 0 0 0 0 0 0 2 2 1 0 0 0 2 0 0 0 0 0 0 0 0 0 0 0 1 16 21 20 0 0 12 35 16 0 11 0 3 13 3 11 17 19 29 30 1 0 0 0 0 0 0 0 2 0 0 0 0 0 0 0 0 0 0 0 0 0 0 10 0 20 0 0 0 0 0 0 0 0 0 0 0 0 0 2 25 0 0 0 0 0 0 0 0 0 0 0 0 0 2 0 0 0 0 0 0 0 0 0 0 0 0 0 2 93 27 0 9 0 0 0 0 0 0 0 0 0 0 10 0 0 0 0 0 0 0 0 0 0 0 0 16 7 0 0 0 0 0 0 0 0 0 0 0 0 0 
 194 0 134 64 36 109 240 176 445 154 113 246 70 131 48 192 117 53 355 118 2 2 4 0 0 5 0 2 0 2 0 4 77 2 9 0 0 2 0 2 0 0 0 0 2 2 0 0 0 2 0 2 0 0 0 0 0 4 0 0 0 0 0 0 0 0 0 0 0 0 0 0 0 0 0 0 0 1 2 3 0 0 0 6 32 12 0 8 33 20 14 10 0 0 0 46 10 45 0 0 0 0 0 0 0 0 0 0 0 0 0 0 0 0 0 0 0 0 0 13 0 0 0 11 0 0 0 0 0 0 0 0 0 0 0 0 0 0 0 0 0 0 0 0 0 0 0 0 0 0 0 0 0 0 0 0 0 0 12 0 0 19 0 0 0 15 13 24 7 17 0 18 0 14 0 15 13 13 0 13 15 10 0 0 0 0 0 0 0 0 0 0 20 0 0 0 0 0 0 23 0 0 0 0 0 0 0 0 0 0 0 0 10 0 0 0 0 0 0 0 0 0 0 0 0 0 0 0 0 0 0 0 0 0 0 0 0 0 0 0 0 0 0 0 0 0 0 0 90 7 0 0 0 0 0 0 0 0 0 0 0 0 22 0 0 0 0 0 0 0 0 0 0 0 0 0 2 0 0 0 0 0 0 0 0 0 0 0 0 0 
 164 134 0 275 50 33 274 178 106 394 37 114 390 239 469 45 156 327 39 209 0 3 0 0 0 3 75 0 0 0 2 0 0 2 0 0 0 0 2 64 0 0 0 0 0 3 0 0 0 0 0 0 0 6 0 0 0 4 0 0 0 0 0 0 5 0 0 0 0 0 0 0 0 0 0 0 0 0 3 3 30 18 2 20 16 45 10 10 30 34 6 34 1 0 0 13 12 21 13 10 0 0 0 0 0 0 18 0 0 0 0 0 0 0 0 0 0 14 0 0 0 0 0 0 0 1 0 0 0 29 0 0 0 0 0 0 0 0 0 0 0 0 1 0 40 0 0 17 0 0 0 1 0 0 0 0 0 0 0 0 0 16 30 11 8 0 13 26 17 0 27 10 0 12 10 37 24 36 3 11 0 0 0 0 0 0 15 0 0 1 0 0 0 0 15 0 0 2 0 10 0 0 0 3 0 0 0 0 0 0 0 0 0 0 0 0 0 0 0 0 0 0 0 0 0 0 0 0 0 0 0 0 0 0 0 0 0 2 0 0 0 0 0 0 0 0 2 0 1 1 0 16 6 0 0 0 0 0 0 0 0 0 0 0 0 0 0 0 0 0 0 0 0 0 0 13 9 15 0 0 0 0 0 0 0 0 0 0 0 0 
 38 64 275 0 187 136 383 153 316 537 177 192 68 191 81 36 119 157 285 176 0 3 0 0 2 3 105 0 0 0 0 0 1 1 2 1 0 0 74 229 0 0 0 0 0 3 0 0 0 0 0 1 0 0 0 0 0 4 0 0 0 0 0 0 0 0 0 0 0 0 0 0 0 0 0 0 0 0 3 3 14 18 1 60 14 40 0 11 18 12 90 26 0 0 4 14 12 11 0 3 0 17 10 0 1 0 13 0 0 0 0 0 19 0 13 8 14 0 26 12 0 0 0 1 0 0 0 0 0 0 0 1 0 0 0 0 0 0 0 0 31 0 0 0 0 0 0 0 0 0 0 0 0 0 0 0 0 0 41 0 20 33 18 21 36 0 14 16 0 0 22 13 0 13 42 2 55 30 0 4 20 7 10 0 0 0 18 18 0 0 0 0 20 14 0 0 0 0 23 87 0 0 0 10 0 0 0 0 0 0 0 0 0 0 0 0 0 0 0 0 0 0 0 0 0 0 0 0 0 0 0 0 0 0 0 0 0 0 0 0 0 0 0 0 0 0 48 2 1 0 9 18 12 0 0 0 0 0 0 0 0 0 0 0 0 0 0 0 0 0 0 0 0 0 0 15 0 0 0 0 0 0 0 0 0 0 0 0 0 0 
 43 36 50 187 0 120 67 64 91 97 468 177 57 293 187 165 279 256 80 215 2 4 2 0 0 4 0 0 0 0 0 2 32 76 74 74 0 1 155 97 0 0 0 4 0 2 0 0 0 0 0 6 0 6 0 0 0 3 0 0 0 0 0 0 0 0 0 0 0 0 0 0 0 0 0 0 0 0 2 3 35 2 18 7 1 12 0 0 1 16 48 12 0 0 8 0 0 1 0 1 21 29 15 0 0 0 1 1 0 0 0 0 7 10 0 19 20 14 28 0 0 0 0 0 0 0 0 1 0 0 0 0 0 2 0 0 0 0 0 0 32 0 1 0 0 0 0 0 0 0 0 0 0 0 0 0 20 0 11 0 0 0 32 10 46 23 0 10 29 31 50 14 0 0 10 20 14 3 0 1 2 16 0 0 0 0 14 31 0 6 25 0 14 27 0 2 0 36 11 26 0 0 0 0 0 0 0 0 0 0 0 0 0 0 0 0 0 0 0 0 0 0 0 0 0 0 0 0 0 0 0 0 0 0 0 0 0 0 0 0 0 18 0 0 0 0 129 0 1 2 2 6 3 0 0 0 0 0 0 0 0 0 0 0 0 0 0 0 0 2 0 0 0 0 0 0 0 0 0 0 0 0 0 0 0 0 0 0 0 0 
 40 109 33 136 120 0 47 50 150 165 172 121 29 117 45 82 165 139 247 264 146 79 5 0 0 3 77 40 145 0 77 1 76 46 74 76 107 0 176 88 0 0 0 0 0 2 0 0 0 0 0 0 36 0 0 0 0 5 2 0 0 56 0 0 0 0 0 0 0 0 0 0 0 0 0 0 0 0 1 3 17 0 11 10 0 12 0 0 0 5 0 1 0 0 18 19 0 11 0 2 19 0 0 14 10 0 26 14 0 0 1 6 31 20 10 1 0 0 14 11 0 0 0 0 0 0 0 0 0 0 0 0 0 0 0 0 0 0 0 17 0 0 0 0 0 0 0 0 0 0 0 0 3 0 0 0 0 0 0 0 0 0 0 0 0 17 0 11 0 0 16 0 0 0 10 11 0 0 0 0 1 0 15 0 0 2 11 28 10 36 1 2 23 0 11 10 1 16 27 38 0 0 0 1 0 0 0 0 0 0 0 0 1 0 0 0 0 0 9 0 0 2 0 0 2 0 0 0 0 0 0 0 0 0 0 0 0 0 0 0 0 0 0 0 0 4 0 1 0 7 0 6 0 5 0 0 0 0 0 0 0 0 0 0 0 0 0 0 0 0 0 0 0 0 0 0 0 0 0 0 0 26 0 0 0 0 0 0 0 0 
 186 240 274 383 67 47 0 370 244 244 39 29 102 376 61 123 115 113 67 165 0 4 4 0 0 4 0 0 0 2 2 5 1 1 2 0 4 1 1 0 3 0 3 3 0 2 0 0 3 5 0 0 2 0 0 5 3 3 3 0 0 2 4 0 0 0 0 0 0 0 1 0 0 5 0 3 0 2 3 7 6 10 14 8 19 1 0 31 10 14 18 15 19 49 4 37 0 31 11 0 0 0 0 0 0 0 0 0 0 0 0 10 0 0 0 0 0 0 0 13 0 0 13 1 0 0 0 0 0 0 0 0 0 0 0 0 0 4 14 0 0 0 0 0 1 0 2 5 0 0 0 15 0 0 0 0 2 0 0 0 9 7 0 0 0 0 12 0 11 0 9 17 0 0 17 0 42 12 9 0 0 0 0 0 0 0 1 0 0 0 0 0 0 0 0 0 0 0 0 14 2 0 0 0 0 0 0 0 0 0 0 0 0 13 0 0 0 0 0 0 0 0 0 2 0 1 0 0 0 0 0 0 0 0 0 1 0 1 0 0 0 0 0 0 0 1 0 1 0 1 1 8 0 0 0 0 0 0 0 0 0 0 20 0 0 0 0 0 0 0 2 0 0 0 0 0 0 14 0 0 0 0 0 0 0 0 0 0 0 2 
 345 176 178 153 64 50 370 0 167 84 30 31 297 274 40 198 42 114 277 483 0 4 0 0 0 3 2 0 0 0 1 0 0 2 0 0 0 0 0 0 0 0 0 0 0 2 0 0 0 0 1 0 0 0 0 0 0 27 0 0 0 0 29 0 0 0 0 0 0 0 0 0 0 0 0 0 0 0 1 3 11 23 20 26 22 0 10 26 23 25 9 36 0 46 38 16 41 30 42 29 0 0 0 0 12 0 0 0 0 0 0 0 0 1 0 0 0 0 17 21 2 0 0 0 0 0 0 0 0 0 0 0 0 0 0 11 0 0 0 0 0 6 0 0 0 0 5 0 0 0 0 3 0 0 0 28 0 0 0 0 20 10 32 0 0 0 17 3 13 0 3 0 23 14 9 0 61 65 11 12 0 0 0 0 0 0 0 0 0 0 0 0 0 0 0 0 14 0 0 16 0 0 0 0 14 0 0 0 2 0 0 0 0 0 0 0 0 0 0 0 0 0 0 0 0 0 0 0 0 0 0 15 0 0 0 0 0 0 0 0 0 0 0 0 0 0 2 0 0 89 2 16 16 0 0 0 0 0 0 0 0 0 28 0 0 0 0 0 0 0 0 0 0 0 0 14 0 23 0 0 0 0 0 0 0 0 0 0 0 0 
 160 445 106 316 91 150 244 167 0 90 49 242 189 415 283 322 128 297 348 335 0 6 0 0 0 5 3 1 2 0 4 0 3 1 0 3 3 5 0 0 0 0 4 0 6 30 0 0 0 3 0 0 0 0 0 0 0 3 0 0 0 1 3 0 37 1 0 0 0 0 2 0 2 5 6 42 2 2 60 4 4 0 34 38 14 19 34 0 24 0 0 0 24 21 35 37 14 22 38 9 0 0 0 0 0 0 0 0 0 0 0 0 10 0 1 0 0 0 0 17 0 0 0 0 0 0 0 0 0 0 0 0 0 0 0 0 0 0 0 0 0 6 0 0 0 0 6 0 8 0 1 3 0 0 0 3 2 0 0 0 23 10 22 0 0 0 10 1 9 0 11 5 16 19 0 0 0 17 37 25 2 0 0 0 0 0 10 0 0 0 0 0 0 0 0 0 0 0 19 21 0 0 0 0 0 0 0 0 1 0 0 0 0 0 0 0 0 0 0 0 2 0 0 0 0 0 0 0 0 0 0 0 0 0 0 0 0 0 0 0 0 0 0 0 0 2 3 0 7 0 0 10 0 0 0 0 1 0 0 0 0 0 15 0 0 0 0 0 0 0 0 0 0 1 0 1 0 0 0 0 0 0 0 0 0 0 0 0 0 0 
 199 154 394 537 97 165 244 84 90 0 162 178 134 100 80 167 79 112 419 369 0 211 0 0 2 3 1 0 2 0 0 3 73 0 152 0 0 0 206 175 0 1 0 0 0 2 0 0 0 0 0 0 1 0 0 0 1 3 0 0 0 0 0 0 0 0 0 0 0 0 0 0 0 0 0 0 0 2 3 3 14 0 0 12 23 14 0 14 36 14 10 23 1 43 0 0 0 38 0 1 0 19 15 0 0 0 20 13 0 0 0 0 31 0 0 10 17 0 19 0 0 0 0 1 0 0 0 0 0 0 0 0 0 0 0 0 0 0 0 0 18 0 14 0 0 0 0 0 0 0 0 0 0 0 0 0 0 0 14 0 9 7 15 6 7 0 10 6 0 13 5 38 0 2 0 37 18 10 0 11 0 10 0 0 0 0 10 28 0 0 0 0 11 0 0 0 0 0 44 45 0 0 0 13 0 0 0 0 0 0 0 0 0 0 0 0 0 0 0 0 0 0 0 0 0 0 0 0 0 0 0 0 0 0 0 0 0 0 0 0 0 0 0 0 0 1 91 2 88 48 0 13 0 0 0 0 0 0 0 0 0 0 16 0 0 0 0 0 0 0 0 0 0 0 0 0 13 0 0 0 0 0 0 0 0 0 0 0 0 0 
 35 113 37 177 468 172 39 30 49 162 0 253 46 24 65 223 186 218 41 71 0 3 2 0 0 3 76 0 0 0 1 2 73 0 1 116 26 82 35 106 0 0 0 6 0 2 0 0 0 0 0 5 0 0 0 0 0 3 0 0 0 0 0 0 0 0 0 0 0 0 0 0 0 0 0 0 1 0 2 3 6 0 24 0 0 0 0 0 0 29 26 12 0 0 17 0 0 0 0 0 2 13 11 0 0 0 0 0 0 0 0 0 7 0 0 8 10 0 27 10 0 0 0 14 0 0 0 0 0 0 0 0 0 0 0 0 0 0 0 0 1 0 0 0 0 0 0 0 0 0 3 0 0 0 0 0 0 0 2 0 0 0 22 8 36 26 0 13 23 21 26 2 0 0 3 10 11 0 0 0 14 12 0 0 0 0 0 26 0 7 16 0 31 19 37 0 0 1 9 30 0 0 0 0 0 0 0 0 0 0 0 0 1 0 0 0 0 0 0 0 0 0 9 0 0 0 0 0 0 0 0 0 0 0 0 0 0 0 0 0 0 9 0 0 0 1 91 0 1 0 21 7 0 0 0 0 0 0 2 0 0 0 0 0 0 0 0 0 0 0 0 0 0 0 0 0 0 0 0 0 0 0 0 0 0 0 0 0 0 0 
 122 246 114 192 177 121 29 31 242 178 253 0 32 44 49 128 221 537 259 47 0 3 0 0 0 3 81 0 0 0 0 1 75 0 4 0 0 0 35 33 0 0 0 2 0 3 0 0 0 7 0 5 3 0 0 0 0 4 0 0 0 4 0 0 0 0 0 0 0 0 2 0 0 0 0 0 0 0 3 3 47 11 23 21 0 0 0 0 11 39 72 0 0 0 10 16 0 9 0 2 0 0 0 0 0 0 0 0 0 0 0 0 4 0 0 0 0 0 0 10 0 0 0 0 0 0 0 0 0 0 0 0 0 0 0 0 0 0 0 0 0 0 3 0 0 0 0 0 0 0 0 0 0 0 0 2 0 0 0 0 0 10 13 21 14 27 0 12 28 53 48 1 0 0 22 10 25 0 0 0 0 16 0 0 0 0 0 9 0 7 13 0 14 42 9 0 0 0 0 27 0 0 0 0 0 0 0 0 0 0 0 0 0 0 0 0 0 0 0 0 0 2 0 0 1 0 0 0 0 0 0 0 0 0 0 0 0 0 0 0 0 27 0 0 0 0 5 0 2 6 18 14 0 0 0 0 0 0 0 0 0 0 69 0 0 0 0 0 0 0 0 0 0 0 0 11 0 0 0 0 0 0 0 0 0 0 0 0 0 0 
 144 70 390 68 57 29 102 297 189 134 46 32 0 280 427 119 188 120 295 183 0 7 113 0 0 4 0 3 3 6 6 4 2 0 0 0 0 4 0 0 3 68 0 0 2 3 0 0 4 0 2 1 4 5 2 0 0 5 0 0 0 3 0 4 2 5 0 3 2 39 0 0 0 0 0 0 0 0 4 3 50 19 26 0 0 28 29 1 10 0 10 16 10 9 12 19 3 7 14 11 0 0 0 0 0 0 0 1 0 0 0 0 0 0 0 1 0 0 0 1 0 1 0 2 0 0 0 0 0 0 0 0 0 0 0 0 0 0 0 0 0 12 0 0 0 1 8 0 0 0 0 4 0 9 0 4 0 0 0 0 0 6 53 2 20 0 6 9 0 0 15 0 2 36 10 18 16 25 0 14 0 0 0 0 0 2 0 0 0 0 0 0 0 0 0 0 0 0 0 0 0 0 0 0 1 0 0 13 0 0 0 0 0 0 1 0 0 0 0 0 0 0 0 0 0 0 0 0 0 0 0 0 0 0 0 0 0 0 0 2 0 0 0 0 1 3 2 0 1 0 0 3 12 0 0 0 0 0 0 0 0 0 0 0 0 0 0 0 62 0 0 0 0 0 0 14 7 0 0 0 0 0 0 0 0 2 0 0 0 0 
 200 131 239 191 293 117 376 274 415 100 24 44 280 0 106 58 249 114 343 228 0 83 12 3 0 3 0 0 0 0 6 0 78 2 0 0 0 2 2 0 0 0 24 1 2 3 0 0 0 0 1 0 1 3 1 63 0 3 0 0 0 0 3 0 0 0 0 2 0 0 0 0 0 0 0 8 0 0 3 3 83 20 15 20 17 1 30 15 10 17 0 58 11 29 14 0 27 26 47 33 0 0 0 0 0 0 0 0 0 2 0 0 0 0 2 0 0 0 0 0 0 22 1 0 0 0 0 0 0 1 0 11 0 0 0 0 0 0 0 0 0 3 0 0 0 0 4 2 0 0 0 19 0 0 0 7 0 0 0 0 28 39 33 0 1 0 16 14 8 0 12 0 38 37 0 0 15 50 1 10 0 0 0 0 0 0 0 0 0 0 0 0 0 0 9 0 0 0 0 15 0 0 21 0 0 12 0 0 0 0 0 0 47 0 0 0 0 0 0 0 0 0 0 0 0 2 0 2 0 0 0 0 0 0 0 0 0 0 0 2 0 0 0 0 0 2 3 1 5 0 1 12 0 0 0 2 0 0 0 6 5 0 13 2 0 0 0 0 0 0 0 0 0 0 0 1 22 1 0 0 0 0 0 0 0 0 0 0 0 0 
 37 48 469 81 187 45 61 40 283 80 65 49 427 106 0 77 72 134 76 397 0 3 0 0 2 3 0 0 2 0 3 0 73 0 0 0 3 0 0 0 0 0 0 0 0 24 0 0 0 0 2 0 3 0 0 56 0 3 0 0 0 0 0 0 0 0 0 5 3 0 0 0 0 0 0 4 0 0 7 3 11 23 33 21 0 11 54 30 0 15 0 2 44 21 31 14 8 1 16 8 0 0 0 0 2 0 0 0 0 0 2 0 0 0 0 0 0 0 0 0 0 0 0 0 0 0 0 0 0 0 0 0 0 0 0 2 2 0 0 0 0 6 0 0 2 1 4 0 0 0 0 8 0 0 0 12 0 0 0 0 18 5 16 4 0 0 0 0 9 15 13 15 6 3 0 0 12 13 46 17 0 1 0 0 0 0 0 0 0 0 0 0 0 0 0 0 0 0 0 0 0 0 0 0 0 0 0 0 0 0 2 0 0 0 0 0 0 0 0 0 1 0 0 0 0 0 0 0 0 15 1 2 0 0 0 0 0 2 0 0 0 0 0 0 0 2 2 0 0 0 1 4 0 0 0 0 0 0 0 0 0 0 0 0 0 0 0 0 0 0 0 0 0 0 0 0 21 0 0 0 0 0 0 0 0 0 0 0 0 0 
 360 192 45 36 165 82 123 198 322 167 223 128 119 58 77 0 241 40 19 79 0 6 0 0 0 7 2 0 0 0 0 0 74 0 0 0 0 0 0 2 38 0 0 3 3 2 0 0 0 0 3 11 0 0 2 0 0 6 0 0 0 3 1 0 3 4 0 0 0 2 0 2 0 0 0 0 0 3 1 3 8 0 9 0 19 0 0 15 20 8 20 0 0 14 36 0 13 11 10 0 0 0 0 0 0 0 0 0 0 0 0 0 9 0 0 0 0 0 15 1 0 0 0 12 0 2 0 0 0 0 0 0 14 0 0 0 0 0 0 0 0 3 0 0 0 0 5 0 0 0 0 0 0 12 0 1 0 0 0 0 0 10 22 0 20 30 0 10 36 14 28 0 0 20 0 30 6 9 0 25 0 1 0 0 0 0 0 4 0 0 0 0 1 11 0 0 0 0 0 14 0 0 0 0 0 0 0 0 0 0 0 0 0 0 0 0 0 0 0 0 0 0 0 0 0 0 0 0 0 0 0 0 0 0 0 0 0 0 0 0 0 16 0 0 0 2 87 2 5 23 1 5 0 0 0 0 0 0 0 0 0 0 0 0 0 0 0 0 0 0 14 0 0 0 1 0 11 0 0 0 0 0 0 0 0 0 0 0 0 0 
 85 117 156 119 279 165 115 42 128 79 186 221 188 249 72 241 0 214 29 30 25 8 0 2 0 3 0 0 0 0 2 0 0 0 0 0 2 2 0 0 1 0 0 2 0 5 0 0 0 0 0 12 0 0 0 0 0 3 0 2 0 0 0 0 0 1 0 0 0 0 0 2 0 0 0 0 0 0 3 3 29 32 3 24 20 34 2 0 23 15 9 15 0 0 14 32 0 28 0 0 2 0 0 0 0 0 0 0 0 0 0 0 9 0 0 0 0 0 0 15 0 0 0 0 1 0 0 0 0 0 0 0 0 0 0 0 0 0 0 0 0 0 2 0 0 0 0 2 0 0 0 0 2 0 0 0 0 0 0 0 0 33 37 29 9 14 0 12 16 32 14 4 0 19 23 14 27 12 0 15 0 0 0 0 0 0 11 7 0 0 0 0 0 16 0 0 2 0 35 24 0 0 0 0 0 0 2 0 0 0 13 0 0 0 0 0 0 0 0 0 0 0 0 0 2 0 0 0 0 0 1 0 0 0 0 0 0 0 0 0 0 15 0 0 0 1 1 2 85 3 0 3 11 0 0 0 0 2 0 0 2 0 0 0 0 0 0 0 0 0 0 0 0 0 0 25 9 0 0 0 0 0 0 0 0 0 0 0 0 0 
 128 53 327 157 256 139 113 114 297 112 218 537 120 114 134 40 214 0 27 114 0 3 0 0 2 5 23 0 0 2 0 1 29 114 0 118 2 0 74 149 0 0 0 0 0 61 0 0 0 1 0 0 0 5 0 0 0 3 0 0 0 0 0 0 0 0 0 0 0 0 0 0 0 0 0 0 0 0 3 2 9 0 31 28 20 58 0 11 17 49 10 24 0 0 19 0 12 10 0 1 0 0 0 0 0 0 19 0 0 0 0 0 2 0 0 0 0 0 0 0 0 0 0 0 0 0 0 0 0 0 0 0 0 0 0 0 0 1 0 0 0 0 0 0 0 10 0 3 11 0 0 0 0 0 0 0 0 0 0 0 4 22 3 11 14 0 13 24 16 28 28 10 0 0 25 0 44 17 0 10 0 10 1 0 0 0 1 0 0 0 0 0 33 0 3 10 0 0 0 12 0 0 0 11 0 0 0 0 0 0 0 0 0 0 0 0 1 0 0 1 0 0 0 0 0 0 0 0 0 0 0 0 0 0 0 2 0 0 0 0 0 0 0 0 0 1 2 0 0 0 0 8 0 0 0 0 0 0 0 1 0 0 0 0 0 0 0 0 0 0 0 0 1 9 0 1 0 13 0 0 0 0 0 3 0 0 0 0 0 0 
 101 355 39 285 80 247 67 277 348 419 41 259 295 343 76 19 29 27 0 330 0 3 0 0 0 55 0 0 0 0 2 0 0 0 0 0 0 3 0 0 0 0 2 0 0 2 0 0 0 0 0 0 0 0 0 0 0 3 0 68 0 0 0 0 0 0 0 2 2 0 0 0 0 0 0 51 0 7 1 3 24 15 0 22 41 0 19 16 22 1 2 26 13 0 16 1 25 10 89 38 0 0 2 0 0 0 0 0 0 0 0 0 0 0 1 0 0 0 3 0 1 0 2 0 0 0 0 0 0 0 2 14 0 0 0 0 0 0 0 0 0 0 0 0 0 0 0 1 0 0 0 0 0 0 2 0 0 25 0 0 2 0 0 0 1 0 1 0 0 0 0 0 34 1 0 0 1 1 0 0 0 0 0 0 0 0 0 0 0 0 0 14 0 0 0 0 0 0 0 0 0 0 0 0 0 0 0 0 0 0 0 0 0 0 0 0 0 0 0 0 0 0 0 0 0 0 0 1 0 0 0 0 0 0 0 0 0 0 0 0 0 0 0 0 0 2 2 0 3 2 0 25 0 0 0 0 0 0 0 0 0 0 0 0 0 0 0 0 0 0 0 0 0 0 0 3 14 0 0 0 0 0 0 0 0 0 0 0 0 0 
 447 118 209 176 215 264 165 483 335 369 71 47 183 228 397 79 30 114 330 0 2 7 0 2 0 82 0 0 0 0 4 0 0 0 0 2 2 0 2 0 2 0 0 2 0 4 0 0 0 0 0 0 0 3 0 0 6 6 2 2 52 0 0 3 0 1 0 6 0 0 0 2 0 0 6 0 0 0 2 44 2 7 0 8 30 0 28 63 3 16 0 15 57 100 22 9 21 20 27 12 0 0 0 0 0 0 2 0 0 0 0 0 0 0 0 0 0 0 0 0 0 0 0 0 0 1 12 0 0 0 0 0 0 0 0 0 17 0 0 14 0 0 0 0 0 2 0 0 0 0 0 0 0 0 0 0 0 0 13 0 23 10 24 0 0 0 36 3 0 0 0 0 2 25 15 0 25 16 26 0 0 0 0 0 0 0 0 0 0 0 0 0 0 0 0 10 0 1 0 16 0 0 0 0 0 0 0 0 0 0 0 0 0 0 0 0 0 0 0 0 0 0 1 0 0 0 0 0 0 0 30 0 0 0 0 0 0 2 0 0 0 0 0 0 0 0 0 0 3 2 2 12 0 0 0 0 0 0 0 0 0 0 19 0 0 0 0 0 0 0 0 0 0 0 0 0 1 0 0 0 0 0 0 0 0 0 0 0 0 0 
 0 2 0 0 2 146 0 0 0 0 0 0 0 0 0 0 25 0 0 2 0 223 80 66 339 41 125 289 561 156 106 212 160 167 200 145 319 168 111 121 3 0 0 8 0 0 0 0 0 0 1 0 0 2 0 0 0 0 3 1 0 3 0 3 2 22 3 3 0 0 2 0 0 0 0 0 3 0 0 0 0 0 0 0 0 0 0 0 0 0 0 0 0 0 0 0 0 0 0 0 20 0 22 17 20 11 21 63 17 16 106 15 10 9 15 0 37 0 0 13 0 0 0 0 0 0 0 0 0 0 0 0 0 16 0 0 0 0 33 0 0 0 0 0 0 17 0 0 0 0 0 0 0 0 0 0 0 0 0 7 0 0 0 0 0 11 0 0 0 0 0 2 0 0 6 0 0 0 0 0 40 22 10 8 28 0 18 10 30 37 11 19 30 14 25 19 7 7 16 0 0 0 0 0 0 0 0 0 0 0 0 0 0 0 0 0 0 0 0 0 0 0 0 0 0 0 0 0 0 0 0 0 0 0 0 26 0 0 0 0 0 0 0 0 0 0 2 0 0 0 0 0 0 0 0 0 1 0 103 0 0 15 0 0 0 0 9 0 0 0 0 0 0 0 0 0 0 0 0 13 0 12 0 0 0 0 0 0 0 0 
 3 2 3 3 4 79 4 4 6 211 3 3 7 83 3 6 8 3 3 7 223 0 189 67 41 257 117 220 152 31 98 164 126 450 81 115 179 56 68 48 3 0 0 3 0 0 0 0 0 0 0 3 0 0 5 0 47 6 68 0 2 9 1 4 4 25 6 3 2 6 2 2 2 2 2 0 3 0 0 0 0 0 0 0 0 0 0 0 0 0 0 0 0 0 0 0 0 0 0 0 12 0 0 24 13 14 13 40 0 36 0 0 22 0 1 0 55 22 0 15 18 9 0 0 0 0 0 0 0 0 0 0 0 0 0 0 0 0 1 19 0 8 0 0 0 0 0 0 0 0 0 0 6 0 0 0 0 0 0 0 14 0 0 0 0 2 0 0 0 0 0 0 0 0 8 0 0 0 0 0 19 8 9 15 24 23 15 0 10 27 21 0 0 17 31 29 13 19 0 0 0 0 0 0 0 0 0 0 0 0 0 0 0 0 0 15 0 0 8 0 0 0 0 0 0 0 0 0 0 0 0 0 0 0 0 0 0 0 0 0 0 0 0 0 0 0 2 0 0 0 0 0 0 0 2 2 3 0 4 0 2 2 0 0 0 0 8 0 0 0 0 0 0 0 0 2 0 0 0 10 0 0 0 0 0 0 0 8 0 0 
 0 4 0 0 2 5 4 0 0 0 2 0 113 12 0 0 0 0 0 0 80 189 0 277 75 42 177 67 209 225 170 230 58 73 92 74 345 144 38 279 3 0 0 3 2 0 0 0 0 0 3 2 0 0 0 0 0 2 71 102 2 3 0 6 5 2 0 3 0 3 3 2 0 0 51 0 3 3 0 0 0 0 0 0 0 0 0 2 12 0 0 0 0 0 2 0 22 0 0 0 0 13 0 2 0 3 8 5 73 13 24 0 2 0 14 11 34 68 0 0 0 8 1 0 0 0 6 12 0 0 0 0 4 0 51 0 0 0 24 41 0 10 0 0 0 0 0 0 0 0 0 8 5 0 0 0 0 0 0 2 20 0 1 0 0 0 0 0 0 0 0 0 0 0 1 0 0 0 0 0 0 1 0 40 2 24 0 0 27 11 16 12 0 0 3 13 49 0 0 0 25 0 0 0 0 11 38 6 0 0 0 0 15 27 0 15 0 0 1 12 0 0 0 0 0 0 0 1 0 0 1 0 0 0 7 0 11 13 0 0 0 0 10 0 0 0 0 0 0 0 0 0 77 0 1 0 0 2 75 0 0 14 0 0 0 0 0 0 0 0 0 0 0 0 0 0 0 0 0 1 0 0 0 0 0 10 0 0 0 0 
 0 0 0 0 0 0 0 0 0 0 0 0 0 3 0 0 2 0 0 2 66 67 277 0 80 166 59 57 78 205 107 140 56 74 66 243 97 187 79 64 4 1 0 3 0 0 102 4 0 0 0 0 1 25 5 0 0 0 73 70 0 3 3 3 2 0 0 3 0 0 2 0 0 0 0 0 3 0 41 0 0 0 0 0 0 0 0 0 0 0 0 0 0 0 0 0 0 0 0 0 9 0 12 0 0 6 0 0 0 28 0 18 0 0 0 0 0 0 0 0 0 36 0 0 0 0 28 0 1 0 21 0 47 0 17 20 65 0 11 29 0 0 0 0 6 0 0 0 0 4 0 0 0 0 0 0 0 0 0 0 0 0 0 0 7 0 0 0 0 0 0 0 0 0 0 0 0 0 0 0 0 0 1 47 31 0 0 0 0 0 0 24 0 0 0 0 4 11 0 0 19 0 1 0 0 0 18 52 0 0 0 30 50 11 10 0 0 0 23 33 0 0 0 0 0 0 0 0 0 0 0 0 0 0 6 0 0 0 0 0 0 0 14 0 0 0 2 0 0 0 0 0 0 0 7 3 0 184 49 2 11 0 0 2 0 0 0 0 0 0 0 0 0 0 0 0 0 0 0 0 0 0 0 0 0 1 0 0 0 0 
 0 0 0 2 0 0 0 0 0 2 0 0 0 0 2 0 0 2 0 0 339 41 75 80 0 140 58 71 435 146 174 35 94 177 318 152 65 138 61 53 3 0 0 3 4 0 7 0 23 0 0 0 30 2 5 63 0 1 3 74 0 3 0 3 2 0 0 3 0 0 2 0 0 0 0 0 3 0 0 0 2 0 0 0 0 0 0 0 0 0 0 0 0 0 0 0 0 0 0 0 2 92 0 6 12 9 10 13 12 14 13 0 0 32 12 38 14 27 0 2 0 10 0 48 0 0 0 13 1 0 15 0 31 13 0 0 0 0 42 10 0 0 0 0 0 0 0 0 0 1 2 0 0 0 1 0 1 0 0 0 27 0 0 0 8 0 0 0 0 0 2 0 0 0 0 0 0 0 0 0 6 10 28 36 12 10 0 0 0 0 19 12 0 0 1 17 22 0 0 0 13 0 17 0 0 2 19 23 18 9 0 0 33 13 1 0 0 10 0 13 0 0 0 0 0 0 14 0 0 1 0 0 0 0 0 0 0 0 0 0 0 0 2 0 0 0 0 0 0 0 0 0 0 0 11 0 2 3 0 0 2 1 0 0 2 0 0 0 0 16 0 0 0 0 0 0 0 0 0 1 0 0 0 0 0 12 7 0 0 0 
 3 5 3 3 4 3 4 3 5 3 3 3 4 3 3 7 3 5 55 82 41 257 42 166 140 0 27 35 39 277 141 130 45 44 268 144 66 68 42 262 25 2 0 5 0 0 113 63 61 1 0 0 77 125 61 0 0 1 69 64 0 3 0 3 6 0 0 4 0 0 3 0 0 0 1 0 2 0 0 1 0 0 0 0 0 0 0 0 0 0 0 0 0 7 0 0 0 0 0 0 2 16 20 29 14 44 0 0 0 12 14 9 0 0 13 2 0 0 0 0 4 21 0 0 0 0 17 1 22 0 20 9 1 0 9 18 16 0 9 0 0 0 0 0 0 0 0 0 0 0 0 0 0 0 0 0 0 0 0 0 1 0 0 0 5 0 0 0 0 0 0 0 0 0 0 0 0 0 0 0 0 0 17 9 0 30 0 0 0 0 22 0 0 0 0 18 12 12 0 0 22 0 6 0 0 11 12 9 8 9 0 0 30 8 15 0 0 2 10 12 0 0 0 0 0 0 1 0 0 0 0 0 0 0 0 0 0 0 1 0 0 0 0 0 0 1 0 0 0 0 0 1 0 0 10 2 1 79 1 0 24 0 60 0 0 8 0 0 0 0 2 0 0 0 0 0 1 0 0 0 0 0 0 0 7 0 0 0 0 0 
 0 0 75 105 0 77 0 2 3 1 76 81 0 0 0 2 0 23 0 0 125 117 177 59 58 27 0 385 356 101 32 35 231 55 247 166 105 345 61 152 3 0 0 3 0 0 0 0 0 0 1 0 0 0 0 0 0 3 3 0 0 3 0 3 2 0 0 3 0 0 2 0 0 0 0 0 3 0 0 0 0 0 0 1 0 0 0 0 0 0 1 0 0 0 0 0 0 0 0 0 0 13 0 5 10 9 47 15 37 0 17 0 1 34 40 8 0 31 38 11 0 0 0 0 0 0 0 0 0 0 0 0 3 16 0 0 0 0 26 2 0 0 0 0 0 0 0 0 0 0 0 0 0 0 0 0 0 0 0 0 0 0 3 0 19 13 0 0 0 0 3 0 0 0 0 0 0 1 0 0 0 0 29 8 0 63 3 0 12 0 73 35 1 18 4 0 0 0 8 10 0 0 0 33 0 0 0 0 11 0 0 4 0 0 21 0 0 0 0 0 0 0 0 0 0 0 0 0 0 0 0 0 0 0 0 0 0 0 0 0 0 0 0 0 0 0 0 0 0 0 22 0 0 0 11 0 0 1 0 1 0 8 0 0 0 0 1 0 0 0 0 0 0 0 0 0 0 0 0 0 0 14 0 0 0 0 7 0 0 0 
 0 2 0 0 0 40 0 0 1 0 0 0 3 0 0 0 0 0 0 0 289 220 67 57 71 35 385 0 303 281 194 49 476 658 341 247 154 257 623 131 3 0 0 3 0 0 0 0 0 0 0 0 0 5 0 0 0 0 3 0 0 3 0 3 2 0 0 3 0 0 2 0 0 0 0 3 3 0 0 0 0 0 0 0 0 0 0 0 0 0 0 0 0 0 0 0 0 0 0 0 49 22 20 30 43 0 7 34 36 19 0 4 7 33 24 50 18 14 10 8 1 0 0 0 0 0 0 0 0 0 0 0 1 0 0 0 0 0 0 0 2 0 0 0 0 0 2 0 0 0 0 2 2 0 0 0 0 0 0 0 2 0 0 1 0 0 0 0 0 0 0 1 0 0 9 0 0 3 0 0 23 0 14 2 11 0 6 1 2 24 28 19 12 57 17 50 0 13 9 0 0 0 1 0 0 0 0 0 0 0 0 1 1 0 0 0 0 0 1 0 0 3 0 0 0 0 0 0 0 0 5 0 0 0 0 0 0 2 0 0 0 0 0 0 0 0 0 0 0 0 0 0 0 0 3 0 0 1 1 2 2 0 0 0 0 0 0 0 0 0 0 0 0 0 0 0 0 2 0 13 0 24 0 0 0 0 8 0 0 0 
 0 0 0 0 0 145 0 0 2 2 0 0 3 0 2 0 0 0 0 0 561 152 209 78 435 39 356 303 0 101 406 61 278 221 335 363 192 36 128 46 3 0 0 60 0 0 0 0 0 0 0 0 0 2 0 0 0 1 3 1 0 3 0 3 2 0 0 3 0 0 2 0 0 0 0 0 3 0 0 0 2 0 0 0 0 13 0 0 0 0 0 0 0 0 0 0 0 0 0 0 28 32 13 10 17 0 56 11 26 21 44 1 11 17 27 16 38 63 0 60 0 0 0 0 0 1 0 0 1 0 0 0 26 0 0 0 0 0 8 29 0 0 0 0 0 0 0 0 0 0 2 0 11 0 1 0 1 0 0 0 29 1 0 0 0 5 0 0 0 0 0 0 0 0 2 0 0 0 0 0 29 10 18 28 0 0 1 1 9 21 33 4 8 0 28 43 28 8 13 0 0 0 0 0 0 0 11 0 0 0 0 0 0 2 0 0 0 0 14 2 0 0 0 0 0 0 0 0 0 0 0 0 0 0 0 0 0 0 0 0 0 0 0 0 0 0 0 0 0 0 0 0 0 0 6 0 2 76 5 2 4 0 0 0 0 0 0 0 0 0 0 0 0 0 0 0 0 0 0 0 0 12 0 0 0 17 0 0 0 0 
 75 2 0 0 0 0 2 0 0 0 0 0 6 0 0 0 0 2 0 0 156 31 225 205 146 277 101 281 101 0 144 269 131 375 102 155 78 544 160 474 3 0 0 3 6 0 0 0 0 0 0 61 0 1 0 0 0 0 3 28 0 3 0 2 2 0 0 3 0 0 2 0 0 0 0 0 3 0 0 0 0 1 0 0 0 0 0 0 0 0 0 0 1 0 0 0 0 0 0 0 30 28 30 0 18 30 0 38 23 1 19 5 0 30 13 12 0 13 2 0 0 36 0 0 23 0 12 0 0 0 0 0 36 15 11 21 0 0 52 13 0 0 1 0 0 0 0 0 0 0 0 0 0 0 0 0 0 0 0 0 0 0 0 0 0 0 0 0 0 0 0 0 0 0 8 0 0 0 0 0 10 14 15 37 31 1 0 0 16 1 0 34 0 9 0 20 32 7 0 0 1 0 1 0 10 0 29 16 0 0 0 0 16 0 10 0 2 2 15 10 0 0 0 0 0 0 1 0 0 0 0 0 0 0 5 0 0 0 1 0 0 0 14 0 0 0 0 0 0 0 0 0 0 0 8 1 1 155 43 1 2 11 0 0 0 0 0 0 0 0 0 0 0 0 0 0 0 0 0 0 0 0 0 0 0 9 0 0 0 0 
 2 0 2 0 0 77 2 1 4 0 1 0 6 6 3 0 2 0 2 4 106 98 170 107 174 141 32 194 406 144 0 148 289 110 185 161 260 131 30 102 3 0 0 3 0 0 62 0 0 0 0 0 0 0 0 0 0 0 4 127 0 3 0 3 3 0 0 3 0 0 2 0 0 0 0 0 3 0 0 0 20 0 0 0 0 0 1 0 0 0 0 0 0 0 2 0 0 0 0 0 12 3 8 9 15 30 1 19 0 3 12 3 0 18 0 10 24 0 12 0 0 0 0 0 1 0 7 0 0 0 0 0 1 11 9 3 0 0 19 0 0 0 0 1 2 1 0 0 0 15 0 2 1 0 0 2 1 1 0 2 0 0 0 0 13 0 0 0 0 0 0 0 0 0 0 0 0 0 0 0 10 10 17 11 26 24 0 0 2 0 11 16 0 0 25 14 7 5 0 0 17 0 0 0 0 0 0 0 0 12 0 0 0 23 0 0 0 0 0 7 0 0 0 3 0 1 0 0 0 0 1 0 0 0 0 2 0 0 0 0 1 0 0 0 0 0 0 0 0 0 0 0 0 0 0 0 2 0 0 0 11 0 0 0 0 0 0 0 0 0 0 0 0 0 0 0 0 0 0 16 0 25 0 0 0 0 0 0 1 0 
 0 4 0 0 2 1 5 0 0 3 2 1 4 0 0 0 0 1 0 0 212 164 230 140 35 130 35 49 61 269 148 0 253 30 259 40 113 188 57 38 5 15 0 5 3 0 0 62 7 3 3 0 88 87 128 0 0 0 90 74 0 3 0 2 9 3 2 3 0 3 2 0 0 0 0 0 3 0 0 0 0 0 0 0 0 0 0 0 0 0 0 0 0 0 0 0 0 0 0 0 9 0 0 29 12 26 0 14 1 11 0 12 0 0 0 0 37 17 0 0 20 12 0 0 19 0 18 22 9 0 0 0 0 8 1 19 20 21 11 38 0 0 0 0 3 0 0 0 0 2 0 0 0 0 0 0 0 1 0 0 7 0 0 2 0 0 0 0 0 0 0 2 0 0 0 0 0 0 0 0 9 19 0 8 19 32 0 0 4 1 26 0 1 0 6 12 18 14 0 2 1 0 11 0 0 0 19 0 1 0 0 11 46 30 0 21 0 0 22 12 0 0 0 0 0 0 0 0 0 0 0 0 0 0 0 0 0 23 0 0 0 0 17 0 0 0 0 0 0 0 0 0 0 2 17 1 0 76 9 1 0 0 0 0 0 0 1 0 0 0 0 0 0 0 0 0 0 0 0 9 0 0 0 0 0 0 0 0 0 0 
 1 77 0 1 32 76 1 0 3 73 73 75 2 78 73 74 0 29 0 0 160 126 58 56 94 45 231 476 278 131 289 253 0 86 581 153 181 142 203 208 3 0 0 4 0 1 0 0 0 0 0 1 0 0 0 0 0 0 3 0 0 3 0 2 2 0 0 3 0 0 57 0 0 0 0 0 3 0 0 0 0 0 12 11 0 8 0 0 0 18 12 0 0 0 0 0 0 0 0 0 0 13 18 0 5 0 1 26 21 10 53 10 1 6 34 2 0 26 4 0 0 0 0 22 0 0 0 0 0 0 0 0 0 0 0 0 0 0 14 0 0 0 0 0 0 0 0 0 0 0 0 0 10 0 7 0 0 0 0 0 0 0 0 0 1 5 1 1 10 32 8 0 0 0 7 0 25 0 0 0 5 20 59 0 3 23 0 21 27 10 17 49 12 0 0 19 1 2 0 0 0 0 19 0 1 0 0 0 0 0 0 0 0 0 0 0 0 0 0 0 0 0 0 0 0 16 0 0 0 0 0 0 0 22 0 0 0 0 0 0 0 0 0 0 0 0 0 0 0 84 0 0 0 0 5 0 0 0 76 1 12 15 0 0 0 0 0 0 0 0 0 0 0 0 0 0 0 0 0 0 0 14 0 0 0 0 0 0 0 0 
 0 2 2 1 76 46 1 2 1 0 0 0 0 2 0 0 0 114 0 0 167 450 73 74 177 44 55 658 221 375 110 30 86 0 208 453 321 360 306 380 3 2 0 3 0 0 0 1 0 0 0 0 7 0 0 1 0 0 3 0 0 3 0 3 2 21 4 3 0 0 2 0 0 0 0 0 3 1 0 0 13 0 0 0 0 0 0 0 0 0 0 1 0 0 0 0 0 0 0 0 26 28 10 26 24 16 1 31 0 20 11 35 11 6 33 22 13 20 17 12 0 0 0 0 0 0 25 1 0 0 0 0 0 0 0 0 0 0 7 0 0 0 0 0 2 0 0 0 9 7 0 0 8 0 0 0 0 0 0 0 0 0 0 0 0 0 0 0 0 0 0 17 0 0 2 0 0 11 0 0 12 1 0 19 0 0 24 9 10 15 14 23 1 5 11 34 26 21 14 0 0 0 0 0 0 0 10 0 0 0 0 0 12 34 0 0 0 0 9 0 0 0 0 0 0 0 0 0 0 0 0 0 0 0 0 0 0 0 9 0 0 0 0 0 0 1 19 0 0 2 0 0 0 0 4 1 2 0 0 0 1 0 0 0 0 0 0 0 0 0 0 2 0 0 0 0 0 0 0 0 0 19 0 0 0 10 0 0 0 0 
 2 9 0 2 74 74 2 0 0 152 1 4 0 0 0 0 0 0 0 0 200 81 92 66 318 268 247 341 335 102 185 259 581 208 0 108 154 129 169 441 3 0 0 9 0 0 0 0 0 0 0 0 1 2 0 0 0 0 3 0 0 3 0 3 2 5 4 3 0 0 2 0 0 0 0 0 3 4 0 18 0 0 0 1 1 0 0 0 7 0 11 0 0 0 0 14 0 1 0 0 11 19 26 7 16 0 13 40 12 17 65 0 1 1 0 0 24 17 20 19 0 0 0 0 0 0 0 1 0 0 0 0 0 0 0 0 0 0 8 0 2 0 5 0 0 0 0 0 0 0 0 0 0 0 0 0 0 0 3 0 0 1 0 7 10 10 2 1 0 1 21 30 0 0 2 8 0 7 0 0 22 31 15 9 0 0 16 12 7 6 0 0 26 14 15 30 17 0 28 10 0 0 0 0 0 0 20 0 0 0 0 0 0 3 0 0 0 0 0 0 0 0 0 0 0 0 3 0 0 0 0 0 0 0 0 0 0 0 0 0 0 0 0 0 0 0 1 0 0 88 0 0 0 0 4 0 1 0 18 1 2 0 0 0 0 0 1 0 0 0 0 0 0 31 0 0 0 0 0 0 0 42 0 0 0 14 0 0 0 0 
 0 0 0 1 74 76 0 0 3 0 116 0 0 0 0 0 0 118 0 2 145 115 74 243 152 144 166 247 363 155 161 40 153 453 108 0 88 111 31 50 7 0 0 3 4 0 0 0 0 0 0 0 2 6 0 4 0 1 3 0 0 3 0 3 2 0 0 3 0 0 2 0 0 0 0 0 3 2 0 0 0 0 0 0 0 0 0 0 0 0 0 0 0 0 0 0 0 0 0 0 18 30 14 25 41 12 19 41 46 34 17 19 15 28 20 23 15 25 10 18 0 1 0 0 0 0 1 0 0 0 0 0 1 0 0 0 0 0 0 1 0 0 0 0 0 0 0 0 0 0 0 0 20 0 0 0 0 0 0 0 0 0 0 0 0 0 0 0 2 0 0 0 0 0 1 0 0 1 0 0 38 0 25 14 15 34 6 21 12 0 36 28 18 8 80 59 7 38 0 0 0 0 0 0 0 0 0 0 0 0 0 0 7 0 0 0 0 0 38 0 0 0 0 0 0 13 0 0 0 0 0 0 0 20 0 0 0 0 0 0 0 0 0 0 0 0 0 0 0 0 0 0 0 0 9 0 0 1 0 3 2 0 0 0 0 0 0 0 0 0 0 0 0 0 0 0 0 0 0 23 0 19 0 0 0 0 11 0 0 0 
 2 0 0 0 0 107 4 0 3 0 26 0 0 0 3 0 2 2 0 2 319 179 345 97 65 66 105 154 192 78 260 113 181 321 154 88 0 138 129 106 6 0 0 6 0 0 0 0 0 0 0 0 2 0 0 0 0 1 35 66 0 4 0 6 2 0 0 6 0 0 2 0 0 0 0 7 3 0 0 0 10 0 0 0 0 0 0 0 0 0 0 0 0 0 0 0 0 0 0 0 27 17 0 0 6 19 10 0 0 10 17 0 12 0 15 19 34 40 9 13 10 13 0 0 0 0 12 0 0 0 0 0 12 0 10 0 0 0 7 32 0 0 0 0 0 0 0 0 0 0 0 0 3 0 0 0 0 0 0 0 5 0 0 0 0 0 13 0 2 0 0 0 0 0 0 0 0 0 0 0 3 23 2 29 9 19 1 0 1 35 17 10 23 0 15 47 52 10 9 0 0 0 0 0 0 0 13 12 0 0 0 0 10 21 0 20 0 1 28 11 0 0 1 0 0 0 1 0 0 0 0 0 0 0 0 0 0 0 1 0 0 0 0 0 0 1 0 0 0 0 0 0 0 0 8 2 0 74 0 2 4 1 0 0 0 0 0 0 0 0 1 0 0 0 0 0 0 0 0 0 0 11 0 0 0 16 0 0 0 0 
 0 2 0 0 1 0 1 0 5 0 82 0 4 2 0 0 2 0 3 0 168 56 144 187 138 68 345 257 36 544 131 188 142 360 129 111 138 0 346 48 3 3 0 3 2 0 30 1 0 0 0 1 6 62 0 1 0 0 32 64 0 3 0 6 4 0 0 3 4 0 2 0 0 0 47 0 68 2 6 6 0 0 0 0 0 0 0 0 0 0 0 0 0 0 0 0 0 1 0 0 28 11 102 15 12 14 1 30 37 0 8 12 0 31 3 10 0 22 0 0 0 16 0 0 0 0 26 12 55 0 0 0 0 18 0 12 10 0 21 2 0 0 0 0 2 0 0 0 0 0 0 0 0 2 0 0 0 0 0 0 0 0 0 0 0 0 0 0 0 0 0 0 0 0 8 0 0 24 0 0 16 14 4 4 15 0 0 3 17 0 15 43 0 9 0 22 17 0 0 0 13 0 0 0 0 0 3 7 0 0 0 0 51 12 0 0 0 0 0 17 0 0 15 0 0 0 0 0 1 0 0 0 0 0 0 0 0 0 0 0 0 0 17 0 0 4 0 0 0 0 0 0 3 0 5 1 1 77 0 0 2 11 0 0 0 2 0 0 0 0 0 2 0 0 0 0 0 0 0 0 0 0 0 0 0 0 0 0 0 0 
 0 0 2 74 155 176 1 0 0 206 35 35 0 2 0 0 0 74 0 2 111 68 38 79 61 42 61 623 128 160 30 57 203 306 169 31 129 346 0 147 3 0 0 3 0 0 0 0 0 0 0 0 20 8 0 0 0 0 3 0 0 3 0 3 2 2 18 30 0 0 2 0 0 0 0 0 3 0 1 0 0 0 13 1 0 0 0 0 0 18 2 2 0 0 0 0 0 0 0 0 15 25 0 15 8 0 15 52 0 14 0 9 25 20 18 15 28 10 0 45 0 0 0 0 0 0 0 0 0 0 0 0 0 0 0 0 12 0 0 0 0 0 0 0 12 0 0 7 0 0 0 0 1 0 0 0 0 0 0 0 19 0 0 0 31 0 0 0 9 18 0 0 1 0 1 0 30 2 0 0 41 14 0 0 0 0 36 12 12 46 3 21 42 35 37 17 0 26 6 10 0 0 0 0 0 0 0 0 0 0 1 0 0 0 0 0 0 0 0 0 0 0 0 0 0 0 0 0 0 0 0 0 0 0 0 0 0 0 0 0 0 0 0 0 0 1 0 0 0 0 21 0 0 0 9 2 1 0 0 0 0 1 0 0 0 0 8 0 0 0 0 0 0 0 0 0 0 0 0 0 0 40 0 0 0 0 0 0 0 0 
 0 2 64 229 97 88 0 0 0 175 106 33 0 0 0 2 0 149 0 0 121 48 279 64 53 262 152 131 46 474 102 38 208 380 441 50 106 48 147 0 3 0 0 3 0 0 0 0 0 0 200 0 0 0 0 0 0 0 3 0 0 3 0 3 2 6 3 3 0 0 2 0 0 0 0 0 3 4 0 0 0 0 11 22 0 0 0 0 0 12 15 9 0 0 0 0 0 0 0 0 0 19 15 0 0 0 7 12 2 0 23 0 1 0 2 8 17 0 31 10 0 0 0 0 0 0 0 0 0 0 0 0 0 0 0 0 0 0 0 0 8 0 0 0 0 0 0 0 0 0 0 0 0 0 0 0 13 0 7 0 0 0 0 4 13 0 0 0 11 12 8 22 1 0 0 21 7 0 0 1 1 24 9 0 0 26 28 26 0 0 0 39 15 1 21 0 0 0 22 11 0 0 0 12 0 0 0 0 0 0 0 0 0 0 0 0 0 0 0 0 1 0 0 0 0 0 0 0 0 0 0 0 0 0 0 0 0 0 0 1 0 0 0 0 0 0 112 0 0 75 10 0 0 0 16 1 0 0 0 0 1 0 0 0 0 0 0 0 0 0 0 0 0 0 0 0 0 0 0 0 0 16 0 0 0 0 0 0 0 0 
 0 0 0 0 0 0 3 0 0 0 0 0 3 0 0 38 1 0 0 2 3 3 3 4 3 25 3 3 3 3 3 5 3 3 3 7 6 3 3 3 0 154 63 54 107 31 215 154 172 81 40 36 130 63 163 106 141 49 88 110 0 0 0 0 0 0 2 6 0 0 18 0 0 0 0 0 0 4 10 1 0 0 0 0 0 0 0 0 0 0 0 0 0 0 0 0 0 0 0 0 0 0 0 0 0 1 0 0 0 0 0 4 0 0 0 0 0 0 0 0 1 11 0 19 11 41 0 17 24 27 0 16 0 22 6 3 0 12 0 0 0 0 0 4 3 2 0 3 3 0 0 0 0 4 4 5 0 0 15 1 0 0 0 0 0 0 0 1 0 0 0 0 0 0 0 0 9 0 0 0 0 0 0 0 0 12 0 0 11 0 0 0 0 0 0 0 0 0 0 0 2 0 15 44 0 10 11 0 49 14 21 10 0 19 19 0 42 42 20 19 0 4 0 1 0 0 0 0 0 3 0 0 0 0 0 0 0 11 1 0 0 0 10 0 0 0 0 0 0 0 0 8 0 0 0 0 0 0 0 0 0 0 66 70 1 3 0 1 0 0 0 0 0 0 0 0 0 0 0 0 0 0 0 0 8 0 0 19 0 0 
 0 0 0 0 0 0 0 0 0 1 0 0 68 0 0 0 0 0 0 0 0 0 0 1 0 2 0 0 0 0 0 15 0 2 0 0 0 3 0 0 154 0 239 81 105 362 337 81 134 224 283 161 65 118 116 124 190 167 61 67 1 0 0 17 0 6 50 0 0 6 0 2 1 2 0 0 5 3 51 3 0 0 0 0 0 0 0 6 0 0 0 0 0 0 0 0 0 0 0 0 0 0 3 4 0 2 0 0 3 3 0 6 0 0 0 0 0 1 0 0 0 0 9 0 1 30 3 38 0 10 17 9 0 0 0 7 0 22 0 0 8 0 0 0 0 0 1 3 0 0 0 0 0 1 29 0 14 0 9 0 0 0 0 0 0 0 0 2 0 6 0 0 0 4 0 0 0 0 0 0 0 0 1 2 0 0 0 0 3 0 4 0 0 0 0 0 0 0 0 0 3 12 31 18 32 21 0 20 0 12 19 8 0 16 0 2 41 58 0 0 0 10 0 0 0 0 0 13 0 0 0 0 8 21 0 0 0 0 12 0 0 0 0 0 0 0 0 0 0 0 0 10 0 1 0 0 0 0 0 9 0 0 2 0 0 0 0 66 2 0 0 0 0 0 0 0 0 0 0 0 0 0 0 0 9 0 0 0 1 0 
 0 0 0 0 0 0 3 0 4 0 0 0 0 24 0 0 0 0 2 0 0 0 0 0 0 0 0 0 0 0 0 0 0 0 0 0 0 0 0 0 63 239 0 287 45 113 56 47 196 176 268 174 67 69 276 338 164 204 23 49 15 0 0 0 0 0 51 0 0 0 0 0 6 7 0 0 0 0 51 2 0 0 18 0 0 0 0 0 0 0 0 0 0 0 0 0 0 0 0 0 0 0 0 0 0 0 0 0 0 0 0 0 0 0 0 0 0 0 0 0 0 0 20 0 1 0 0 0 1 0 0 1 0 0 0 13 0 21 0 0 17 0 0 0 0 0 0 0 1 0 0 0 0 37 20 0 3 0 17 0 0 0 0 0 0 0 0 0 0 6 0 0 0 63 0 0 0 0 0 0 0 0 0 0 0 0 0 0 0 0 0 0 0 0 0 0 0 0 0 0 0 2 14 11 0 21 0 22 0 17 28 0 0 0 1 20 10 16 0 0 0 24 7 0 0 0 0 0 1 3 0 0 7 11 0 0 0 0 28 0 0 0 0 0 0 0 0 0 0 0 0 3 0 0 0 0 0 0 0 11 64 0 0 0 2 2 0 0 0 0 1 0 0 0 0 0 0 0 0 0 0 0 0 0 13 26 0 0 0 0 
 0 0 0 0 4 0 3 0 0 0 6 2 0 1 0 3 2 0 0 2 8 3 3 3 3 5 3 3 60 3 3 5 4 3 9 3 6 3 3 3 54 81 287 0 137 97 59 102 223 139 135 73 55 86 262 66 42 59 114 51 51 0 0 0 0 4 2 5 0 0 0 0 55 7 2 0 0 0 47 53 0 0 0 0 0 10 0 0 0 0 0 0 0 0 0 0 1 0 0 0 0 0 0 0 0 0 0 0 0 0 1 0 3 0 0 8 0 0 0 0 0 0 0 7 21 0 0 0 0 0 0 0 0 0 0 0 0 0 0 0 1 0 9 0 0 0 14 20 16 0 0 0 4 36 0 0 35 0 6 12 0 0 6 0 1 1 0 0 3 0 10 1 0 5 0 0 0 0 0 0 0 0 0 0 0 0 2 10 0 0 0 0 0 5 0 0 0 0 0 0 0 11 0 0 14 5 0 0 0 24 14 3 0 0 0 23 0 0 0 0 16 9 29 0 0 0 0 0 4 10 0 0 0 0 0 2 0 22 10 6 0 3 0 0 0 0 1 0 0 0 0 1 0 0 0 0 0 0 0 1 0 0 0 0 35 1 2 3 0 0 0 0 0 0 0 0 0 0 0 0 0 0 0 0 0 11 0 0 0 0 
 0 2 0 0 0 0 0 0 6 0 0 0 2 2 0 3 0 0 0 0 0 0 2 0 4 0 0 0 0 6 0 3 0 0 0 4 0 2 0 0 107 105 45 137 0 153 38 114 81 142 163 109 60 368 95 140 119 106 81 91 53 0 0 2 0 0 2 5 0 56 0 0 51 0 1 0 0 0 34 57 0 0 0 0 0 0 0 0 0 0 0 0 0 0 0 0 0 0 0 0 0 0 7 0 0 0 0 0 0 0 0 0 0 0 0 0 0 0 0 0 8 0 11 17 21 17 0 0 4 24 6 10 0 12 0 0 15 22 0 5 1 0 9 0 0 0 0 59 7 0 0 0 4 9 0 0 37 0 11 12 0 0 0 0 0 0 0 2 0 0 0 0 0 0 0 0 0 0 0 0 12 0 0 0 0 0 0 0 0 0 0 0 0 0 0 0 0 0 0 0 0 0 4 10 52 46 0 4 4 22 20 0 0 0 30 0 8 11 0 7 29 0 0 0 0 0 2 31 13 2 0 0 0 0 0 2 10 0 17 16 0 0 0 0 0 0 0 0 0 0 0 3 0 0 0 0 0 1 0 1 0 0 2 41 35 8 3 0 0 0 0 0 0 0 0 0 0 0 0 0 0 0 0 0 0 0 0 0 0 0 
 8 2 3 3 2 2 2 2 30 2 2 3 3 3 24 2 5 61 2 4 0 0 0 0 0 0 0 0 0 0 0 0 1 0 0 0 0 0 0 0 31 362 113 97 153 0 66 169 172 229 418 142 24 353 317 109 267 195 51 278 57 0 0 0 0 0 0 0 0 0 0 6 57 2 0 0 0 0 53 2 0 0 6 0 0 0 9 0 0 0 0 0 5 1 10 9 0 0 0 0 0 0 0 0 0 0 0 0 0 0 0 0 0 0 0 0 0 0 20 0 0 0 21 20 11 13 0 0 1 24 39 15 0 0 0 12 11 18 0 0 0 0 0 0 0 0 11 0 0 0 0 0 0 11 23 0 2 0 27 0 3 0 0 0 0 0 0 3 0 3 0 0 0 0 0 0 0 0 28 0 0 0 0 0 0 0 0 0 0 0 0 0 0 0 0 0 0 0 0 0 0 33 8 0 22 10 0 13 1 25 19 16 0 0 23 28 27 7 0 0 9 0 0 0 0 0 0 19 0 0 0 0 12 12 0 0 0 0 5 7 0 0 0 0 0 0 0 0 0 0 0 8 0 0 0 0 0 0 0 11 0 0 4 3 3 1 2 2 1 0 0 0 0 9 0 0 0 0 0 0 0 0 0 0 10 27 0 0 0 0 
 0 0 0 0 0 0 0 0 0 0 0 0 0 0 0 0 0 0 0 0 0 0 0 102 7 113 0 0 0 0 62 0 0 0 0 0 0 30 0 0 215 337 56 59 38 66 0 99 96 54 26 227 72 183 55 45 56 181 398 47 4 7 0 0 0 1 0 0 4 7 0 59 4 3 6 0 0 0 0 2 0 0 0 0 0 0 0 0 0 0 0 0 0 0 0 0 0 0 0 0 0 0 10 0 0 19 0 0 0 0 0 0 0 0 0 0 0 0 0 0 0 8 0 0 0 6 16 38 17 0 33 15 10 0 48 14 25 0 0 0 0 9 0 0 0 0 10 0 5 0 0 0 0 6 4 6 0 0 0 0 0 0 0 0 22 0 0 0 0 0 0 0 0 0 0 0 0 0 0 0 0 0 0 0 0 0 0 0 0 0 0 0 0 0 0 0 0 0 0 0 12 0 8 13 0 15 0 35 14 16 2 7 22 20 0 0 16 0 0 5 0 0 0 0 0 0 0 5 0 0 0 0 0 0 0 2 6 0 0 0 0 0 1 0 0 0 0 0 0 0 0 1 0 2 0 0 0 73 0 0 18 0 35 0 0 0 4 85 0 0 12 0 0 0 0 15 0 0 0 0 0 0 0 0 23 0 0 0 2 0 
 0 0 0 0 0 0 0 0 0 0 0 0 0 0 0 0 0 0 0 0 0 0 0 4 0 63 0 0 0 0 0 62 0 1 0 0 0 1 0 0 154 81 47 102 114 169 99 0 39 97 109 88 200 104 230 81 116 33 223 38 8 4 0 2 1 0 49 1 4 2 2 5 4 6 5 1 0 2 2 1 0 0 0 0 0 0 0 0 0 0 11 0 0 0 0 0 0 0 0 0 0 0 0 0 0 0 0 8 0 0 0 25 0 0 0 0 0 0 0 0 11 13 13 0 8 37 22 19 1 26 14 25 0 7 15 11 34 18 0 8 0 5 0 0 7 3 20 0 0 0 11 0 0 4 20 7 0 0 34 0 0 0 0 0 0 0 0 6 0 10 0 0 0 0 0 0 0 0 0 0 0 0 0 0 0 1 0 0 0 0 9 0 0 0 0 0 0 0 0 0 0 48 10 0 21 5 27 0 69 23 0 46 13 31 25 48 0 19 7 13 0 5 0 2 0 1 0 20 1 0 0 0 16 16 0 0 4 0 1 0 0 0 5 0 0 0 0 0 0 0 0 6 0 0 0 0 0 0 0 0 0 0 2 74 0 2 3 0 0 0 4 0 0 0 0 4 0 0 0 0 0 0 0 0 0 0 0 0 0 0 
 0 0 0 0 0 0 3 0 0 0 0 0 4 0 0 0 0 0 0 0 0 0 0 0 23 61 0 0 0 0 0 7 0 0 0 0 0 0 0 0 172 134 196 223 81 172 96 39 0 73 53 256 190 84 184 168 180 109 226 279 4 0 0 0 0 2 3 0 0 2 0 2 4 0 0 0 1 0 53 6 0 0 0 0 0 0 0 0 0 0 0 0 0 0 0 0 0 0 0 0 0 0 0 0 0 0 0 0 0 0 0 8 0 0 0 0 0 0 0 0 17 0 16 22 0 0 7 19 14 14 0 0 0 23 11 12 0 0 0 9 11 0 0 0 0 0 0 0 3 0 0 0 0 21 1 0 0 0 30 1 0 0 0 0 0 0 0 0 0 3 0 0 0 5 0 0 0 0 0 0 0 0 0 0 0 24 0 0 0 0 0 0 0 0 0 0 0 0 0 0 8 28 8 22 1 33 0 0 17 25 12 0 0 0 0 16 0 9 21 29 0 12 7 0 0 0 0 0 0 2 0 0 1 22 0 0 0 0 12 0 0 0 0 0 0 0 0 0 0 0 0 7 0 0 0 0 0 0 0 21 0 0 29 2 0 2 0 3 0 0 0 0 0 0 0 0 0 0 0 0 0 0 0 0 10 12 0 20 0 0 
 0 2 0 0 0 0 5 0 3 0 0 7 0 0 0 0 0 1 0 0 0 0 0 0 0 1 0 0 0 0 0 3 0 0 0 0 0 0 0 0 81 224 176 139 142 229 54 97 73 0 226 26 42 136 116 155 210 141 69 57 20 2 0 3 2 53 27 0 2 7 0 13 25 3 0 17 5 5 50 56 0 0 0 0 0 0 0 0 0 0 0 0 0 0 0 0 0 0 0 0 0 0 0 0 0 0 0 0 0 0 1 0 0 0 4 0 0 0 0 0 0 0 15 9 28 16 0 18 0 19 17 7 0 1 0 15 20 1 0 0 5 0 0 0 0 0 5 25 1 0 0 2 0 7 22 0 12 1 8 0 0 0 0 0 0 0 4 4 0 27 0 0 0 0 0 0 0 0 0 0 0 0 0 0 0 0 0 0 0 0 0 0 0 0 0 0 0 0 0 0 0 4 22 13 30 13 1 0 0 0 7 6 0 18 0 0 27 0 0 0 27 0 1 0 0 0 0 26 0 0 1 0 0 8 8 0 0 0 0 10 0 0 0 0 0 0 0 0 0 0 0 8 0 0 0 0 0 0 0 15 0 0 0 3 3 1 0 66 0 0 0 0 0 0 0 0 0 0 0 0 0 0 0 0 0 13 0 0 0 0 
 0 0 0 0 0 0 0 1 0 0 0 0 2 1 2 3 0 0 0 0 1 0 3 0 0 0 1 0 0 0 0 3 0 0 0 0 0 0 0 200 40 283 268 135 163 418 26 109 53 226 0 262 31 114 124 97 71 120 45 65 53 0 0 0 0 0 0 0 0 0 0 0 50 0 0 1 0 0 0 2 4 14 0 0 0 0 3 1 0 0 0 0 0 0 3 3 0 0 0 5 0 0 0 1 0 0 0 0 0 0 0 0 0 0 1 0 0 0 9 0 0 0 31 7 21 43 18 0 2 17 12 28 0 0 1 2 20 27 0 0 9 0 0 3 0 0 0 0 0 0 0 0 0 1 44 0 0 0 11 18 0 0 0 0 0 0 0 5 0 0 0 0 11 0 4 7 0 0 0 44 0 0 0 0 0 0 0 0 0 0 0 0 0 0 0 0 0 0 0 0 0 15 6 0 22 0 0 15 25 27 1 19 0 0 42 14 13 38 0 0 7 1 0 0 0 0 4 13 9 0 0 0 30 14 0 0 1 0 16 20 0 0 0 0 0 0 0 0 0 0 0 11 0 0 0 0 0 0 0 1 0 1 4 66 0 4 2 0 2 0 0 0 0 0 0 0 0 0 0 0 0 1 0 0 19 0 0 0 2 0 
 1 2 0 1 6 0 0 0 0 0 5 5 1 0 0 11 12 0 0 0 0 3 2 0 0 0 0 0 0 61 0 0 1 0 0 0 0 1 0 0 36 161 174 73 109 142 227 88 256 26 262 0 37 107 40 36 359 101 32 71 5 0 0 0 0 0 17 0 61 0 3 0 0 23 0 0 0 0 2 38 0 0 0 0 0 0 0 0 0 0 1 0 0 0 0 0 0 0 0 0 0 0 0 0 0 0 0 16 0 0 0 0 16 0 0 21 0 0 0 0 0 0 11 0 0 11 0 0 0 0 0 17 0 0 0 0 0 16 0 0 15 0 0 0 0 0 0 0 6 12 0 18 0 0 32 0 6 0 7 26 0 0 8 0 5 14 0 0 5 0 3 0 0 12 0 0 0 0 0 0 0 0 0 4 0 0 2 8 0 0 0 0 0 5 0 0 0 0 0 0 0 0 0 2 20 1 0 15 0 5 13 14 0 0 0 20 11 22 0 0 12 0 0 0 0 0 19 0 14 10 0 0 49 0 0 0 12 12 15 0 0 3 0 0 0 0 5 0 0 0 0 7 0 1 2 0 0 0 0 0 0 1 4 0 4 0 1 4 1 0 0 0 0 0 0 0 0 0 0 0 0 4 0 0 6 0 0 0 1 0 
 0 0 0 0 0 36 2 0 0 1 0 3 4 1 3 0 0 0 0 0 0 0 0 1 30 77 0 0 0 0 0 88 0 7 1 2 2 6 20 0 130 65 67 55 60 24 72 200 190 42 31 37 0 136 181 211 233 82 441 121 0 0 0 0 0 0 0 0 0 0 0 0 0 0 0 11 0 0 0 2 0 0 0 0 0 0 0 0 0 0 0 0 0 0 0 0 0 0 0 0 0 0 9 4 24 38 0 0 5 4 0 16 0 10 1 0 0 3 0 0 15 4 0 30 23 1 31 34 3 32 19 0 21 3 33 7 0 2 49 0 0 0 0 0 0 0 0 0 5 0 10 0 0 4 0 0 0 0 0 0 0 0 0 1 6 0 0 0 0 0 0 0 0 0 0 0 0 0 0 0 0 0 0 12 0 0 0 0 9 0 4 40 0 0 0 0 0 0 0 0 47 12 1 0 0 15 33 9 44 17 0 0 11 23 0 0 1 32 0 15 0 0 0 0 0 0 0 0 0 0 0 0 0 0 0 0 0 0 0 0 0 0 16 0 0 0 0 0 0 0 0 6 0 0 0 0 0 0 0 0 0 0 38 0 2 0 1 0 0 0 0 0 0 0 0 0 0 0 0 0 0 0 0 0 1 0 0 0 0 0 
 0 0 6 0 6 0 0 0 0 0 0 0 5 3 0 0 0 5 0 3 2 0 0 25 2 125 0 5 2 1 0 87 0 0 2 6 0 62 8 0 63 118 69 86 368 353 183 104 84 136 114 107 136 0 232 41 65 243 244 105 0 0 0 3 1 0 0 0 0 0 0 0 1 2 2 2 0 0 0 0 0 0 0 0 0 0 0 0 0 0 8 0 0 0 0 0 0 0 0 4 5 0 0 0 0 10 6 7 4 18 4 11 3 0 0 0 4 0 0 8 6 9 13 0 26 19 0 0 13 7 0 14 6 9 0 17 54 24 11 11 0 0 0 0 6 0 0 0 0 5 0 0 0 1 15 0 0 0 10 0 0 0 0 0 11 7 0 5 0 0 0 0 0 16 0 0 0 1 0 0 4 46 0 0 0 10 10 0 0 3 0 14 3 0 14 0 0 0 6 0 0 10 6 0 26 0 9 0 19 7 0 24 21 28 0 12 1 0 6 14 0 3 0 0 0 0 0 13 0 0 4 0 0 10 0 0 0 0 1 0 0 0 0 0 0 0 2 0 0 0 0 9 0 2 0 0 0 31 0 2 0 0 1 66 1 3 0 0 0 0 0 0 0 0 0 0 0 0 0 0 0 0 0 0 0 0 0 0 2 0 
 0 0 0 0 0 0 0 0 0 0 0 0 2 1 0 2 0 0 0 0 0 5 0 5 5 61 0 0 0 0 0 128 0 0 0 0 0 0 0 0 163 116 276 262 95 317 55 230 184 116 124 40 181 232 0 156 122 56 146 123 1 5 0 5 0 9 0 3 0 4 2 4 0 0 0 0 0 0 0 1 0 0 0 0 0 0 0 0 0 0 0 0 0 0 0 0 0 0 0 0 0 0 0 0 0 0 0 0 0 0 1 49 0 0 0 0 0 0 0 0 17 7 11 58 3 1 0 13 2 44 0 2 0 14 7 20 23 23 26 16 0 0 0 0 4 0 0 0 0 0 0 0 0 25 20 0 0 0 0 0 0 0 0 0 0 0 0 16 0 6 0 0 0 0 0 0 0 0 0 0 0 0 0 0 0 7 0 0 0 0 0 6 0 0 0 0 0 0 0 0 13 11 23 9 4 12 9 4 45 22 0 21 12 14 0 0 0 29 13 28 2 0 0 0 0 0 0 12 0 0 0 0 0 11 0 0 0 0 0 0 0 0 9 0 0 0 0 0 0 27 0 3 0 1 0 0 0 1 0 7 0 0 2 1 0 3 3 0 0 0 0 0 0 0 0 0 0 0 0 0 0 0 0 0 0 0 0 17 0 7 
 0 0 0 0 0 0 5 0 0 0 0 0 0 63 56 0 0 0 0 0 0 0 0 0 63 0 0 0 0 0 0 0 0 1 0 4 0 1 0 0 106 124 338 66 140 109 45 81 168 155 97 36 211 41 156 0 134 113 163 39 0 0 0 0 0 0 0 0 0 0 0 0 0 0 0 0 0 0 0 2 0 0 0 0 0 0 0 0 0 0 0 0 0 0 0 0 4 0 0 0 0 0 0 0 0 0 0 0 0 0 0 0 0 0 0 0 0 0 0 0 13 15 0 26 18 0 9 37 10 48 0 0 11 23 17 37 0 17 6 0 0 0 0 0 0 0 0 0 0 0 20 0 0 0 0 0 9 0 0 0 0 0 7 0 0 0 0 0 0 0 0 0 0 0 0 0 0 0 0 0 0 0 0 0 0 0 0 0 0 0 0 0 0 0 0 0 0 0 0 0 0 7 0 10 0 8 20 8 19 0 30 10 0 14 0 0 11 67 0 18 0 0 0 0 0 0 0 0 0 19 0 0 0 0 11 0 0 0 4 0 0 0 14 0 0 0 0 0 0 0 0 13 0 0 0 0 0 0 0 1 0 0 0 0 0 1 2 0 0 0 0 0 0 0 0 0 0 0 0 0 0 0 0 0 0 15 0 0 0 2 
 0 0 0 0 0 0 3 0 0 1 0 0 0 0 0 0 0 0 0 6 0 47 0 0 0 0 0 0 0 0 0 0 0 0 0 0 0 0 0 0 141 190 164 42 119 267 56 116 180 210 71 359 233 65 122 134 0 296 35 38 3 0 0 50 0 0 0 0 0 0 26 8 1 0 5 0 0 0 51 1 0 0 0 0 0 0 0 0 0 0 0 0 0 0 8 0 0 0 0 0 0 0 1 0 0 0 0 0 0 0 0 8 0 4 10 0 0 0 0 0 0 18 0 9 0 12 0 63 0 19 18 7 0 8 0 12 0 12 0 0 0 0 1 0 0 0 0 0 0 0 0 0 0 1 17 0 4 0 0 0 0 0 0 0 0 0 0 0 0 20 0 0 0 1 0 0 0 0 0 0 0 0 19 0 0 6 0 0 0 0 0 0 0 0 0 0 0 0 0 0 12 9 27 33 28 3 0 10 0 0 10 10 0 19 0 0 35 24 4 10 0 9 0 0 0 0 0 16 0 0 0 0 0 9 0 0 0 0 11 0 0 0 0 0 0 0 0 0 0 0 0 8 1 2 0 0 0 1 0 4 0 0 0 0 0 0 1 63 0 0 0 0 0 0 0 0 0 0 0 0 0 0 0 0 0 0 0 4 2 0 
 3 4 4 4 3 5 3 27 3 3 3 4 5 3 3 6 3 3 3 6 0 6 2 0 1 1 3 0 1 0 0 0 0 0 0 1 1 0 0 0 49 167 204 59 106 195 181 33 109 141 120 101 82 243 56 113 296 0 32 56 13 3 0 14 3 4 0 0 18 7 1 32 2 5 4 3 0 0 0 2 0 0 0 0 0 0 0 0 0 0 0 0 0 0 0 0 0 0 0 0 0 0 0 0 0 0 0 0 6 0 0 1 0 0 0 0 0 0 0 0 0 0 20 0 10 41 8 4 21 0 17 71 0 0 6 2 0 19 0 1 0 29 0 0 0 0 23 0 4 0 0 0 0 3 23 8 0 0 16 0 0 0 0 0 0 0 0 4 0 0 0 0 0 0 0 0 0 0 0 0 0 0 0 0 0 0 0 0 0 0 0 0 0 0 0 0 0 0 0 0 9 71 43 14 0 11 0 7 21 25 29 28 0 2 33 36 37 10 1 0 0 0 0 0 0 0 15 5 1 0 0 0 27 0 0 0 25 0 0 0 0 0 0 0 0 0 0 0 0 0 0 7 0 0 0 0 0 0 0 7 0 0 62 61 3 6 7 39 1 0 14 0 0 0 0 5 0 0 0 0 0 0 0 0 13 14 0 0 0 0 
 0 0 0 0 0 2 3 0 0 0 0 0 0 0 0 0 0 0 0 2 3 68 71 73 3 69 3 3 3 3 4 90 3 3 3 3 35 32 3 3 88 61 23 114 81 51 398 223 226 69 45 32 441 244 146 163 35 32 0 199 0 0 0 0 0 0 0 0 0 0 0 0 0 2 0 0 0 0 0 1 0 0 12 0 0 0 0 0 0 0 0 0 0 0 0 0 0 0 0 0 0 0 9 0 0 57 0 0 0 0 0 0 0 0 0 0 22 15 0 0 8 21 0 0 10 1 0 14 21 20 0 0 1 3 8 14 30 6 8 21 0 0 0 0 2 0 0 0 6 0 0 0 0 5 0 0 0 0 0 0 5 0 0 0 0 0 0 0 0 0 0 0 0 0 0 0 0 0 0 0 0 28 0 3 7 21 10 0 0 0 0 0 0 0 0 0 15 0 9 0 0 0 9 1 0 16 19 0 35 14 0 0 3 7 0 22 0 20 15 1 0 0 0 0 0 0 0 0 21 0 0 0 0 0 0 0 0 0 0 0 0 0 9 0 0 0 0 0 0 0 0 9 0 0 0 0 0 69 0 0 0 0 97 0 0 3 0 0 0 0 0 0 0 0 0 0 0 0 0 0 0 0 0 0 9 0 0 0 0 0 
 0 0 0 0 0 0 0 0 0 0 0 0 0 0 0 0 2 0 68 2 1 0 102 70 74 64 0 0 1 28 127 74 0 0 0 0 66 64 0 0 110 67 49 51 91 278 47 38 279 57 65 71 121 105 123 39 38 56 199 0 0 0 0 0 11 201 0 0 0 0 0 0 0 0 0 0 0 52 0 0 0 0 0 0 0 0 0 0 0 0 0 0 0 0 0 0 0 0 0 0 0 13 12 0 0 31 0 0 0 1 41 0 0 4 0 2 25 14 0 0 65 11 0 0 0 0 11 0 10 1 0 0 19 16 12 38 13 0 8 43 0 0 0 0 0 0 0 0 0 0 0 0 0 0 0 0 0 0 0 0 4 0 0 0 0 0 0 0 0 0 0 0 0 0 0 0 0 0 0 0 0 10 13 23 10 57 0 0 0 0 0 9 0 0 0 0 64 0 0 0 28 0 5 4 0 4 10 18 7 5 0 0 0 5 0 20 0 36 1 16 0 0 0 0 0 0 0 0 0 0 0 0 0 0 0 0 0 0 0 0 0 0 0 0 0 0 0 0 0 0 0 5 0 0 0 0 0 88 0 0 0 0 0 0 2 3 0 0 0 0 0 0 0 0 0 0 0 0 0 0 0 0 0 0 0 10 0 0 0 0 
 0 0 0 0 0 0 0 0 0 0 0 0 0 0 0 0 0 0 0 52 0 2 2 0 0 0 0 0 0 0 0 0 0 0 0 0 0 0 0 0 0 1 15 51 53 57 4 8 4 20 53 5 0 0 1 0 3 13 0 0 0 272 197 33 35 25 154 335 56 25 77 50 169 66 57 93 91 42 127 86 0 0 0 0 0 0 0 0 0 0 0 0 0 0 0 0 0 0 0 0 0 0 0 0 0 0 0 0 0 0 0 0 0 0 0 0 0 0 0 0 0 0 5 13 15 16 0 0 0 9 9 0 0 0 0 0 0 0 0 0 5 8 0 0 0 11 35 1 0 24 0 7 0 2 3 18 14 8 0 2 0 0 0 0 6 0 0 0 0 0 0 0 7 0 0 0 0 0 0 0 0 0 0 0 0 0 0 0 0 0 0 0 0 0 0 0 0 0 0 0 0 0 0 0 16 0 0 0 1 0 1 0 0 0 0 0 10 0 0 0 10 19 0 16 4 8 4 70 10 1 17 24 4 0 3 31 0 0 2 37 0 0 0 0 0 0 0 0 0 0 0 0 0 0 56 0 0 0 0 0 0 0 59 0 0 0 0 0 0 0 31 0 55 1 2 1 0 0 0 0 0 0 0 1 0 10 0 0 7 0 
