 0 121 196 176 49 24 257 194 221 116 112 46 74 42 126 351 137 77 60 240 1 1 0 2 0 2 5 0 2 6 1 2 3 1 2 3 0 0 2 2 6 0 0 0 0 0 0 0 3 3 0 0 0 5 3 1 4 3 6 5 0 0 2 0 0 3 0 0 4 3 0 2 0 0 7 0 0 6 0 0 44 15 0 16 7 0 20 19 21 6 0 9 0 9 30 10 56 25 25 0 0 0 0 1 0 0 0 0 0 0 0 18 0 0 0 0 0 0 34 0 0 0 0 0 0 0 0 0 0 2 0 0 0 1 0 0 0 0 0 0 2 0 0 2 0 0 0 0 0 0 0 1 0 0 0 0 0 0 0 0 10 22 12 19 16 0 18 1 18 7 28 10 23 0 37 26 17 15 18 0 15 0 0 0 0 0 1 0 0 0 0 1 0 0 0 0 0 1 0 28 0 0 0 0 0 0 0 0 0 0 0 0 0 0 6 0 0 0 0 0 0 1 0 0 0 0 0 0 0 0 0 0 0 0 0 0 0 0 0 0 0 0 0 0 0 2 3 0 2 1 0 8 0 0 0 2 0 0 0 0 1 0 0 0 0 0 0 0 0 0 0 0 0 0 0 11 0 12 0 0 0 0 0 0 0 0 0 0 0 0 
 121 0 318 165 182 45 403 151 273 42 112 47 131 59 61 57 155 212 77 399 2 0 0 0 0 1 3 0 0 3 0 3 3 78 0 4 0 2 0 0 19 0 0 0 0 2 0 0 3 0 0 0 0 0 3 3 3 3 3 0 0 0 0 2 0 2 0 0 0 3 0 2 0 0 3 0 0 0 0 0 13 66 53 0 28 9 1 11 0 17 0 9 8 25 9 9 10 12 0 22 0 0 0 0 0 0 0 0 0 1 0 0 0 0 0 0 0 0 0 0 0 0 0 2 0 0 10 0 0 0 0 46 0 0 0 0 0 0 0 0 0 0 0 17 3 0 0 2 0 0 0 0 0 0 0 0 5 6 0 0 35 26 39 17 12 0 33 8 51 0 0 0 11 19 0 13 5 12 1 26 0 0 0 0 0 2 0 0 0 0 0 0 0 1 0 0 0 0 10 0 0 0 0 9 0 0 0 1 0 0 0 30 0 0 0 0 0 0 0 0 0 0 0 0 0 0 0 0 0 0 0 0 0 0 0 0 0 0 0 0 0 0 0 0 0 1 1 0 91 0 0 24 0 0 2 0 0 0 0 0 0 0 0 0 0 0 0 0 0 0 0 0 0 0 0 22 0 0 0 0 0 0 0 0 0 0 0 0 0 0 
 196 318 0 202 225 29 85 522 387 111 136 167 468 129 198 139 285 281 125 136 1 0 0 0 0 2 0 0 0 7 2 2 0 0 2 2 2 5 0 2 0 0 6 2 4 4 0 0 0 0 0 2 0 0 3 6 2 0 0 0 0 0 0 4 2 0 1 0 0 0 0 0 2 0 4 0 3 0 2 0 10 90 28 36 54 40 8 1 37 11 0 14 6 28 25 16 47 38 0 19 0 0 0 0 0 0 1 0 0 0 0 0 0 0 11 0 0 0 28 0 0 0 0 0 0 0 0 0 0 0 0 0 0 0 8 0 0 0 0 1 0 0 2 0 0 0 0 0 0 0 0 0 0 0 0 0 3 0 0 2 38 33 28 14 27 0 0 19 32 11 16 10 14 22 0 18 14 0 5 0 0 0 0 0 0 0 0 0 1 0 0 0 0 0 0 0 0 0 0 0 0 0 2 0 0 0 0 0 0 0 0 0 0 0 0 0 0 0 0 2 0 0 0 0 0 0 0 0 0 0 0 0 0 0 0 0 0 0 0 0 0 0 0 0 0 3 1 0 6 0 0 4 0 0 0 0 0 0 0 2 0 0 0 0 0 0 0 0 0 0 0 0 0 0 0 29 29 0 0 0 0 0 0 0 0 0 0 0 0 0 
 176 165 202 0 499 129 274 161 295 457 206 244 64 142 268 414 57 368 131 325 1 0 0 0 0 1 19 74 0 5 2 0 77 73 0 3 0 1 73 0 0 0 0 0 0 3 0 0 4 0 0 65 0 0 3 0 3 3 3 0 4 0 2 3 0 2 0 0 0 3 0 2 0 0 3 0 0 0 0 0 25 25 38 14 0 25 0 10 30 2 22 43 0 23 20 29 64 37 0 0 53 15 0 0 0 0 15 0 15 0 0 0 14 19 0 0 0 0 15 21 0 0 0 0 0 0 11 0 0 0 0 0 0 0 0 10 0 0 0 0 0 0 0 0 0 0 0 0 0 0 0 5 0 0 0 0 0 1 0 0 16 12 26 33 15 13 14 0 10 0 0 2 14 1 8 0 0 11 20 0 1 0 13 0 0 0 0 0 0 0 0 0 0 31 1 0 0 0 12 32 15 0 0 0 0 0 0 0 0 14 0 0 0 0 0 2 0 0 0 0 0 0 1 0 0 0 0 0 0 0 0 0 1 1 0 0 0 0 0 0 0 0 0 0 0 0 97 2 4 2 0 5 0 0 0 0 0 0 0 0 0 0 22 0 0 0 0 0 0 0 0 0 0 0 0 15 0 1 0 0 0 0 0 0 0 0 0 0 0 0 
 49 182 225 499 0 138 58 190 502 95 182 203 75 61 79 398 263 123 60 56 1 0 0 2 0 0 137 74 0 104 4 0 78 0 0 3 65 0 149 21 0 0 0 0 0 2 0 0 4 0 0 0 0 0 3 0 3 5 3 0 0 0 0 3 0 2 0 0 0 3 0 2 0 0 3 0 0 0 0 0 0 29 0 49 17 23 0 1 15 0 36 25 1 14 0 29 1 1 0 15 12 18 0 0 0 0 1 0 0 0 0 0 26 19 0 0 0 0 9 10 0 2 0 0 0 0 0 0 31 0 0 0 0 0 0 10 0 0 0 0 0 0 0 0 0 0 0 0 0 0 0 0 0 0 0 0 0 0 0 0 11 0 13 77 22 19 0 0 32 14 18 18 0 0 2 1 12 0 2 0 5 0 15 0 0 0 13 0 15 0 0 0 1 35 10 18 0 0 13 13 23 1 0 0 0 0 2 0 0 0 0 0 0 0 2 0 0 0 2 0 0 0 0 11 0 0 0 2 0 0 0 0 0 0 1 0 0 0 0 2 0 1 0 0 0 2 53 2 2 3 9 11 0 0 0 0 0 0 0 0 0 0 19 0 0 0 0 0 0 0 0 0 0 0 0 26 15 0 0 0 0 0 0 0 0 0 0 0 0 0 
 24 45 29 129 138 0 37 81 153 246 164 156 35 51 34 108 151 52 151 139 3 1 0 0 0 1 118 35 0 3 4 0 84 0 1 5 75 0 76 79 0 0 0 0 0 2 0 0 28 0 0 0 0 0 3 0 5 3 3 0 0 0 0 3 2 2 1 0 0 3 0 2 2 0 3 0 3 0 2 0 11 12 6 15 14 7 34 2 9 0 14 9 2 0 0 1 0 0 0 0 0 30 0 31 0 0 6 29 0 15 0 0 12 0 28 6 11 14 31 0 0 1 0 0 0 0 0 0 0 0 0 0 0 0 0 1 0 0 0 0 0 0 0 0 0 0 0 0 0 0 0 0 0 0 0 0 0 0 0 2 0 0 0 1 7 21 0 14 0 26 0 32 0 2 1 0 0 1 2 0 13 22 12 0 0 0 12 0 25 1 9 0 1 2 32 10 0 0 14 7 0 2 0 0 0 0 1 0 0 0 26 0 0 0 0 0 0 0 0 0 0 0 0 0 0 0 25 0 0 0 0 0 0 0 0 0 0 0 0 0 0 23 0 0 0 0 5 0 2 2 9 4 0 0 0 0 0 8 0 0 0 18 1 0 0 0 18 0 2 0 0 0 0 0 0 0 1 0 0 0 0 10 0 0 0 0 15 0 0 0 
 257 403 85 274 58 37 0 164 177 398 46 43 423 67 51 41 125 77 157 171 4 0 2 0 0 4 5 0 2 4 1 2 3 0 0 3 3 0 3 1 0 0 0 0 0 0 3 3 3 0 3 0 5 2 3 1 3 8 5 0 2 0 0 3 0 5 15 0 1 2 0 2 0 3 3 0 0 6 2 0 20 11 0 0 0 0 40 18 0 22 0 0 0 2 45 22 27 17 27 0 0 0 1 0 0 0 0 0 3 0 0 0 0 0 0 0 0 0 13 0 2 0 0 12 0 2 0 0 0 0 0 0 0 0 0 0 0 0 0 0 0 0 2 0 0 0 0 0 0 0 0 0 0 1 0 0 0 0 0 0 0 1 0 0 0 8 16 2 10 0 9 0 20 13 33 0 0 0 18 27 0 0 0 0 0 0 0 0 0 1 0 0 0 0 0 0 0 0 0 6 0 0 0 0 0 0 0 0 0 0 0 0 0 0 0 0 0 0 0 0 1 0 0 0 0 0 0 0 0 0 0 0 0 0 0 0 0 0 0 0 0 0 0 0 0 0 4 2 3 1 0 3 0 0 0 0 0 0 0 0 0 0 0 0 0 0 0 0 0 0 0 0 0 0 0 2 1 0 0 0 0 0 0 0 10 0 0 0 0 0 
 194 151 522 161 190 81 164 0 704 130 199 44 376 401 291 69 364 198 396 127 2 0 0 2 1 1 6 0 2 3 0 1 3 0 0 3 0 0 2 0 0 0 0 0 0 2 0 0 3 3 0 0 0 0 3 0 3 5 3 2 0 0 2 1 0 3 0 0 0 9 0 2 0 0 3 0 0 0 0 0 24 51 6 41 60 0 11 16 47 12 25 11 0 21 0 0 11 28 0 0 18 6 0 0 0 0 0 0 0 0 0 0 53 23 0 0 0 0 66 0 0 0 0 0 0 0 1 0 0 0 0 0 0 0 0 0 0 0 0 0 1 0 0 0 0 0 0 0 0 0 0 0 0 0 0 0 0 0 0 0 0 7 26 17 5 15 0 0 12 23 13 2 0 40 0 11 18 2 0 16 12 0 0 0 0 0 0 0 0 0 0 0 0 0 0 0 14 0 21 38 0 0 0 0 0 0 0 0 26 0 0 0 0 0 0 0 0 0 0 0 0 2 0 0 0 2 0 0 0 0 0 0 0 0 0 1 0 2 0 0 0 0 0 0 0 0 208 0 89 1 0 2 0 0 0 0 0 0 0 0 0 0 0 0 0 0 0 0 0 0 0 0 0 0 0 0 3 42 0 0 0 0 0 0 0 0 0 0 0 0 
 221 273 387 295 502 153 177 704 0 153 257 124 302 250 510 72 356 123 129 228 1 0 0 0 0 1 75 0 0 2 2 1 0 0 2 1 0 1 76 0 64 0 0 0 0 2 0 0 0 0 0 0 0 0 0 0 0 0 0 0 0 0 0 0 0 52 0 0 0 0 0 0 0 0 0 0 0 0 0 0 0 23 27 9 2 20 16 27 45 5 19 14 0 15 23 1 9 21 0 0 14 6 0 0 0 0 0 0 0 2 0 0 13 0 0 1 0 0 49 0 0 0 0 1 0 0 0 0 0 0 0 0 0 0 0 0 0 0 0 0 0 0 0 0 0 0 0 1 0 0 0 0 0 0 0 0 0 0 0 0 23 22 8 19 13 25 0 0 38 23 21 0 1 32 1 14 13 30 0 0 1 0 0 0 0 0 0 0 0 0 0 0 1 11 0 0 0 0 13 17 0 0 0 0 0 14 0 2 0 0 0 0 5 0 0 0 0 0 0 0 0 0 0 0 0 0 0 0 0 0 0 0 0 0 0 0 0 0 0 0 0 0 0 0 0 0 90 2 6 91 2 7 15 2 0 0 0 0 0 0 0 2 0 0 0 0 0 0 0 1 0 0 0 0 0 1 10 4 0 0 0 0 0 0 0 0 0 0 0 0 
 116 42 111 457 95 246 398 130 153 0 105 122 517 100 386 479 380 152 392 167 1 0 0 1 0 1 80 1 0 3 2 0 7 0 0 5 0 0 73 27 0 0 1 0 40 2 0 3 61 0 0 3 0 0 3 0 6 3 5 0 1 2 0 2 0 3 0 3 0 3 1 2 0 0 3 0 0 10 0 0 3 19 0 23 0 0 39 3 16 0 32 1 0 14 59 33 12 19 2 25 26 0 1 0 0 0 3 2 0 0 0 1 18 19 0 0 0 24 10 1 0 0 0 0 0 0 1 0 0 0 0 0 0 0 0 12 0 0 0 0 0 0 1 0 0 0 0 0 0 0 0 0 0 0 0 0 2 0 0 11 1 1 19 62 17 25 18 0 0 19 0 17 15 0 0 0 3 1 0 0 6 0 15 0 0 0 0 0 25 0 0 0 0 18 18 0 0 0 14 11 0 0 1 0 0 0 0 0 0 0 0 0 0 0 0 0 0 0 0 0 0 0 0 0 0 0 0 0 0 0 16 0 0 0 0 0 0 0 0 0 0 0 0 0 0 0 52 2 2 2 11 8 0 0 0 0 0 0 0 0 0 0 16 0 0 0 0 0 0 0 0 0 0 0 0 31 0 0 0 0 0 0 0 0 0 0 0 0 0 0 
 112 112 136 206 182 164 46 199 257 105 0 178 83 125 83 82 191 55 71 65 39 1 0 1 0 1 223 95 0 3 2 2 168 0 79 3 0 0 1 0 0 0 2 0 0 2 0 0 4 0 0 0 0 62 3 0 2 3 3 1 0 51 0 0 0 3 6 0 0 6 0 2 0 0 3 0 0 0 0 0 0 4 0 3 16 5 14 0 42 1 33 28 1 0 0 0 17 1 0 18 24 28 0 0 0 0 31 12 0 15 0 0 14 0 18 11 0 0 28 1 0 0 0 0 0 0 0 0 0 0 0 0 0 0 0 1 0 0 0 0 0 0 0 0 0 0 0 0 0 0 0 0 0 0 0 0 0 0 0 0 0 0 15 30 30 19 1 0 4 25 0 11 9 0 0 15 11 0 0 0 17 0 15 0 0 0 0 11 14 16 0 0 0 30 0 15 0 0 0 23 17 0 0 0 0 0 0 0 0 0 0 0 0 0 0 2 0 0 0 0 0 0 1 0 0 0 0 0 0 0 0 0 1 1 0 0 0 0 0 0 0 0 0 0 0 6 7 0 0 43 10 2 0 0 2 0 0 1 0 0 0 0 13 0 0 0 0 0 0 0 0 0 0 0 0 0 0 7 0 0 0 0 0 0 0 0 0 0 0 0 
 46 47 167 244 203 156 43 44 124 122 178 0 254 28 32 234 171 254 35 51 6 0 5 0 0 2 77 75 0 3 1 0 30 41 74 3 0 0 75 1 0 0 0 0 0 0 0 0 4 0 0 0 0 3 3 0 3 3 3 0 0 0 0 3 0 2 0 0 0 3 0 2 0 3 3 0 0 0 0 33 0 25 2 19 0 40 0 0 28 17 46 28 2 10 0 16 0 28 0 0 15 13 0 0 0 0 35 14 34 0 0 1 17 0 8 27 0 1 0 32 0 0 0 0 0 12 1 0 0 0 0 0 0 0 0 0 0 0 0 0 0 0 0 0 0 0 0 0 0 0 0 24 0 0 2 0 0 9 0 0 0 0 0 4 12 11 0 0 1 0 0 29 0 38 0 0 0 0 2 14 5 10 21 0 0 0 28 11 17 0 0 0 9 39 0 0 0 0 36 18 0 0 0 0 0 0 1 0 0 0 0 0 0 0 1 0 0 15 0 0 0 0 0 0 0 0 0 1 0 0 0 0 2 0 0 0 0 0 0 0 0 0 0 0 0 8 3 0 91 3 2 8 0 0 0 0 0 0 0 0 0 0 10 0 0 0 0 0 0 0 0 4 0 0 0 0 20 0 0 0 0 0 0 0 0 0 0 0 0 0 
 74 131 468 64 75 35 423 376 302 517 83 254 0 77 380 248 243 164 467 197 2 0 0 0 0 1 6 0 0 6 4 1 6 76 0 3 0 0 0 0 0 0 0 0 0 2 0 0 3 0 0 0 0 0 3 2 6 6 6 0 0 0 0 2 3 2 1 0 0 3 0 2 2 0 5 0 3 0 2 0 11 14 17 0 2 1 16 14 27 20 0 2 19 58 17 9 10 11 0 0 0 0 0 0 0 0 0 0 0 0 0 0 0 0 0 0 0 0 0 0 0 0 0 2 0 0 1 11 0 0 0 0 0 0 0 0 0 0 0 0 0 0 0 0 0 0 0 2 0 0 0 0 0 0 0 0 5 0 0 0 27 14 14 0 0 0 59 20 63 0 0 0 8 55 0 16 0 2 0 42 0 0 0 0 0 2 0 0 0 0 0 0 0 0 0 0 0 0 0 0 0 0 0 0 0 0 0 0 20 0 0 2 0 0 0 0 0 0 0 0 0 0 0 12 0 0 0 0 0 0 0 1 0 0 0 0 0 49 0 0 0 0 0 0 0 0 1 0 90 0 0 6 0 0 0 0 0 0 0 0 0 0 0 0 0 0 0 0 1 2 0 0 0 0 0 14 6 0 0 0 0 0 0 0 0 0 0 0 0 0 
 42 59 129 142 61 51 67 401 250 100 125 28 77 0 274 26 118 115 96 164 2 0 0 2 0 2 3 1 0 3 0 2 3 15 1 3 0 1 1 0 0 63 0 0 0 0 0 0 3 4 0 0 0 0 3 40 4 3 2 0 0 0 0 3 0 2 2 0 0 5 0 2 0 0 3 0 0 0 0 0 12 10 9 14 0 7 3 109 0 56 0 8 8 35 8 13 37 12 0 11 0 0 8 0 0 0 0 0 0 0 0 2 0 0 0 0 0 0 0 0 0 0 0 0 0 0 10 0 0 0 0 0 0 0 0 0 0 0 0 0 0 0 0 0 5 0 0 0 0 0 0 0 1 0 0 0 0 0 0 2 25 30 49 1 0 0 2 0 7 0 14 0 6 40 16 14 14 27 10 0 1 0 0 0 0 0 0 0 0 19 0 0 0 0 0 0 0 0 10 0 0 5 2 0 0 0 0 0 0 0 2 0 0 0 0 0 0 0 0 1 0 0 0 0 0 0 0 0 0 0 0 22 0 0 0 0 0 0 0 0 0 0 0 0 0 0 10 0 88 1 0 3 0 0 0 0 0 0 0 0 0 0 0 0 0 0 0 0 0 1 0 0 0 0 0 0 0 0 0 0 0 0 0 0 0 0 0 0 0 0 
 126 61 198 268 79 34 51 291 510 386 83 32 380 274 0 427 273 178 93 179 2 0 0 0 0 2 77 0 0 5 1 2 3 0 0 3 0 1 85 0 0 0 0 0 0 1 0 0 3 0 0 0 0 0 3 43 3 5 3 0 0 0 0 1 0 2 0 0 0 3 0 2 0 0 3 0 0 0 0 0 1 27 0 20 13 1 1 11 33 25 12 1 0 49 32 0 20 28 0 0 15 0 27 0 0 2 0 0 0 0 0 0 8 0 0 1 0 0 35 0 1 0 0 0 0 0 1 0 0 0 0 0 0 0 0 0 0 0 0 0 0 0 0 0 3 0 1 0 0 0 0 0 0 0 0 0 0 0 0 0 0 4 0 0 0 14 12 0 1 11 32 9 0 66 27 29 33 16 8 18 0 0 0 0 0 0 0 10 0 0 2 0 1 43 0 0 0 0 10 0 0 0 0 0 0 0 0 0 0 0 0 0 0 0 0 0 0 0 0 0 0 0 0 0 0 0 0 0 0 0 0 0 0 0 0 0 0 0 0 0 0 0 0 0 0 2 2 2 96 115 2 14 16 0 0 0 0 0 0 0 0 0 0 0 0 0 0 0 0 0 0 0 0 0 0 0 6 0 0 0 0 0 0 0 0 0 0 0 0 0 
 351 57 139 414 398 108 41 69 72 479 82 234 248 26 427 0 118 133 248 285 76 0 2 0 2 3 81 10 2 3 7 1 3 3 4 5 0 0 91 77 0 0 3 0 6 2 2 2 6 0 0 0 26 67 3 6 4 3 2 0 0 0 0 3 0 2 1 3 0 7 0 2 0 0 3 0 0 0 0 0 0 21 11 19 4 0 0 15 0 0 27 1 0 2 11 25 0 18 0 11 15 14 0 0 0 0 18 0 19 0 0 0 25 15 20 0 0 0 10 15 0 0 0 0 0 0 9 0 0 0 0 2 0 0 0 11 0 0 0 0 0 0 0 0 0 0 0 0 0 0 0 21 0 0 0 0 0 1 0 0 0 16 17 9 35 7 0 32 7 16 0 22 1 1 0 10 19 9 0 0 21 0 0 0 0 0 16 0 1 0 0 0 0 16 22 0 0 0 25 11 0 0 0 0 0 0 0 0 0 0 0 0 0 0 0 2 0 0 0 0 0 0 2 1 2 0 0 0 0 0 1 1 0 0 0 1 1 0 0 0 0 15 15 0 0 0 88 0 2 2 0 2 0 0 0 0 0 0 0 0 0 0 0 0 0 0 0 0 0 0 0 0 0 1 0 0 0 0 0 0 0 0 0 0 0 0 0 0 2 2 
 137 155 285 57 263 151 125 364 356 380 191 171 243 118 273 118 0 407 42 122 1 0 2 0 0 1 83 0 0 3 2 1 3 0 0 3 0 0 77 0 0 0 0 0 0 2 0 0 3 0 0 0 0 0 3 2 3 3 3 75 0 0 0 3 0 2 0 0 0 3 0 2 0 0 3 0 0 0 0 0 0 67 82 5 5 14 22 12 50 9 29 17 0 13 50 0 1 32 0 0 1 0 0 0 0 0 0 0 0 0 0 0 18 0 0 0 0 0 75 0 0 0 0 0 0 0 0 0 0 0 0 0 0 0 0 0 0 0 0 0 0 0 0 0 0 20 0 0 0 0 14 0 0 0 0 0 0 0 0 0 30 39 11 0 19 18 0 22 23 36 19 5 0 17 0 81 19 37 0 0 10 0 0 0 0 0 0 0 0 0 0 0 2 12 0 0 0 0 23 34 0 0 0 0 0 0 0 0 0 0 0 0 0 0 0 0 0 0 0 5 0 0 0 0 0 0 0 0 0 0 0 0 0 0 0 0 0 0 0 0 0 16 0 0 0 1 3 1 43 90 0 6 21 1 0 0 0 0 0 0 0 0 0 0 0 0 0 0 0 0 0 0 0 0 0 11 9 18 0 0 0 0 0 0 0 0 0 0 0 0 
 77 212 281 368 123 52 77 198 123 152 55 254 164 115 178 133 407 0 84 455 1 0 0 1 0 2 0 0 0 0 2 2 0 0 2 2 0 0 1 0 0 0 2 0 1 0 0 0 0 0 0 0 0 0 0 2 3 0 0 0 0 0 0 0 2 0 0 0 0 0 0 0 2 0 0 0 1 5 49 0 11 17 50 23 8 35 0 20 57 10 17 19 12 10 42 40 77 54 7 0 0 0 0 1 0 0 0 15 1 0 0 0 2 0 0 1 1 0 13 0 0 0 0 0 1 0 0 0 0 0 0 0 0 0 0 0 0 0 1 0 0 0 0 0 0 0 0 0 0 0 0 0 0 2 0 0 4 0 0 0 18 69 10 0 0 0 8 17 35 0 14 18 30 18 21 29 10 1 23 14 0 0 0 5 0 0 0 0 0 0 0 0 0 2 0 0 0 0 1 12 0 0 0 0 0 0 0 0 0 0 0 0 0 0 0 0 0 0 0 0 0 0 0 0 0 0 0 0 0 0 0 0 0 0 0 0 0 0 0 0 0 0 0 0 0 0 1 0 6 3 2 1 0 2 0 0 0 0 0 0 0 0 0 0 0 0 0 0 0 0 0 0 0 0 0 10 21 0 0 0 0 0 0 0 0 0 0 0 0 0 
 60 77 125 131 60 151 157 396 129 392 71 35 467 96 93 248 42 84 0 394 7 0 0 0 0 2 6 0 2 69 0 1 3 0 0 3 34 0 0 0 0 0 0 0 0 2 0 0 3 0 0 0 0 0 3 2 2 4 3 0 0 0 0 0 0 3 0 0 0 3 0 2 0 0 3 0 0 3 0 0 12 11 16 9 0 0 27 10 0 44 0 0 11 0 15 36 10 0 23 10 0 0 1 0 0 0 0 0 0 0 0 0 0 0 0 0 0 2 1 0 0 0 0 0 0 0 0 0 0 2 0 0 0 1 0 0 0 0 2 0 0 0 0 0 0 0 0 0 0 0 0 0 0 0 0 0 5 0 0 0 33 27 13 0 0 0 13 49 17 0 0 0 8 10 3 18 0 0 18 34 0 0 0 11 0 0 2 0 0 0 0 0 0 0 0 0 0 0 0 0 0 0 0 0 0 0 0 0 0 0 21 0 1 0 0 0 0 0 0 0 0 0 0 0 0 0 0 0 0 2 0 0 0 0 0 0 0 0 1 0 0 0 0 0 0 2 1 0 0 0 2 11 0 0 0 0 0 1 0 0 0 0 0 0 0 0 0 0 0 0 0 0 0 0 0 13 0 0 0 0 0 0 0 0 0 0 0 0 0 0 
 240 399 136 325 56 139 171 127 228 167 65 51 197 164 179 285 122 455 394 0 2 0 0 0 0 1 3 0 0 3 0 1 3 1 0 3 0 0 0 0 0 0 0 0 0 2 0 0 4 0 0 0 0 0 3 1 3 3 3 0 0 0 29 2 0 2 0 0 0 3 0 2 0 0 3 0 0 6 0 0 40 3 10 16 0 0 30 36 2 7 0 0 13 10 23 51 58 36 24 0 0 0 0 2 0 0 0 0 0 0 0 0 0 0 0 0 0 0 33 0 0 0 0 0 0 0 0 0 0 1 0 0 0 0 0 0 0 0 0 0 2 0 0 2 0 0 0 0 0 0 0 1 47 0 0 0 5 0 0 0 1 12 10 9 0 0 28 20 0 0 25 1 36 10 45 13 20 0 20 26 0 0 0 0 0 0 1 0 0 0 0 0 0 0 0 0 0 0 0 5 0 1 0 0 0 0 0 0 0 0 0 9 0 0 0 0 0 0 0 0 0 0 0 0 0 1 0 0 0 0 11 0 0 0 0 0 0 1 0 0 0 0 0 0 0 0 89 0 1 0 0 5 0 0 0 0 0 0 0 0 0 15 0 0 0 0 0 0 0 0 0 15 0 0 0 0 0 11 0 0 0 0 0 0 0 0 0 0 0 0 
 1 2 1 1 1 3 4 2 1 1 39 6 2 2 2 76 1 1 7 2 0 369 69 51 300 98 237 65 278 62 115 126 124 48 273 84 188 104 198 195 0 0 3 0 3 4 0 3 0 0 0 0 3 86 0 3 3 0 64 0 41 0 1 0 2 0 0 0 0 2 0 0 0 0 0 0 0 3 2 0 14 0 7 0 0 0 0 0 0 0 0 0 0 0 2 0 0 0 0 0 0 19 9 9 26 2 23 7 24 1 12 16 7 1 26 52 9 12 0 12 0 0 0 0 0 0 12 0 0 0 0 0 21 0 0 0 0 0 2 0 0 0 0 0 0 0 0 0 0 12 0 0 0 0 0 0 0 0 0 0 0 0 0 0 0 0 0 0 0 0 12 19 15 0 0 0 0 14 0 0 26 4 10 20 7 0 18 25 12 12 14 0 9 10 8 13 26 19 0 2 0 0 1 0 0 0 2 0 0 0 0 0 0 0 0 0 0 0 0 0 0 0 2 0 0 14 0 0 0 0 0 0 0 0 0 0 0 0 0 0 0 0 0 0 0 0 0 0 1 100 0 0 47 0 3 0 2 12 0 0 1 0 0 0 0 0 0 1 0 0 0 0 0 0 11 0 0 0 0 0 0 0 0 0 0 0 0 0 0 0 
 1 0 0 0 0 1 0 0 0 0 1 0 0 0 0 0 0 0 0 0 369 0 178 58 41 109 82 85 540 43 155 100 42 81 128 183 147 111 74 114 0 0 3 0 3 2 0 3 0 0 2 0 36 0 0 5 3 0 2 0 0 1 0 6 2 0 3 0 0 2 0 0 3 0 0 0 0 3 2 0 0 0 0 0 12 9 0 0 0 0 0 0 0 0 0 0 0 0 0 0 25 2 0 1 22 11 28 29 75 84 25 12 0 21 11 29 0 6 0 29 1 0 0 1 0 7 13 0 0 0 2 0 0 2 0 0 0 24 0 16 0 0 0 0 0 0 2 0 0 0 0 0 0 0 0 0 0 7 0 0 0 0 0 0 0 16 0 2 0 0 11 13 0 0 0 0 0 0 0 0 0 14 18 35 0 1 28 11 0 0 0 0 6 29 21 0 0 2 10 10 0 0 0 0 0 0 0 0 0 0 0 0 13 8 0 0 0 0 19 0 0 0 0 0 2 0 0 2 0 2 0 0 0 0 0 0 0 0 0 0 0 0 0 0 0 0 0 0 0 0 0 0 0 0 19 0 0 2 83 0 0 8 0 0 0 0 0 0 0 0 0 0 0 0 0 0 0 0 0 16 0 0 0 0 0 0 0 0 0 0 
 0 0 0 0 0 0 2 0 0 0 0 5 0 0 0 2 2 0 0 0 69 178 0 178 67 49 137 124 230 152 278 41 107 188 159 267 338 91 213 251 0 0 3 0 5 2 0 3 0 30 0 0 5 3 1 3 3 0 2 0 0 5 0 0 12 51 0 2 0 2 0 0 0 0 0 0 0 2 2 0 0 0 2 0 53 0 0 0 0 0 0 0 0 0 8 0 0 0 0 0 16 26 20 12 1 0 27 2 13 17 10 0 0 61 23 12 10 9 0 69 0 0 0 0 0 0 0 0 0 0 0 0 0 0 0 0 0 0 0 0 0 0 0 0 0 0 0 0 0 0 0 0 0 0 0 0 20 0 0 6 0 0 0 0 0 9 0 0 0 0 0 0 0 0 1 0 0 0 16 0 0 12 0 19 21 0 30 0 20 6 18 8 31 0 23 10 10 37 0 0 1 0 0 0 0 0 0 16 0 0 0 0 0 0 0 9 0 0 0 0 0 0 0 0 0 0 0 0 0 0 0 0 0 0 0 0 0 0 0 0 0 0 0 0 0 0 0 0 0 0 0 0 0 0 15 0 2 43 0 2 28 1 0 0 0 0 23 0 0 0 0 0 0 0 0 0 0 0 0 15 0 9 0 0 0 0 0 0 0 0 
 2 0 0 0 2 0 0 2 0 1 1 0 0 2 0 0 0 1 0 0 51 58 178 0 90 35 73 63 75 170 213 107 300 110 76 56 44 162 306 61 125 0 3 0 3 4 71 3 0 25 0 0 64 0 0 3 3 1 2 0 0 3 10 0 4 0 3 0 0 2 10 0 0 0 14 3 0 1 2 0 0 0 0 0 0 0 0 0 0 0 0 0 1 20 0 0 0 7 0 0 0 0 28 0 14 4 0 0 0 0 44 12 0 4 0 14 1 17 0 0 22 5 0 0 0 0 0 14 0 0 0 0 33 11 12 0 0 0 28 0 0 0 0 0 0 0 0 0 2 0 0 0 0 0 0 0 20 0 0 1 0 0 0 0 0 0 0 0 0 1 1 2 0 0 0 0 0 0 5 0 0 0 0 29 19 24 0 0 0 11 19 22 0 0 16 1 27 0 0 0 0 19 10 0 0 0 51 19 2 0 0 0 44 28 24 7 23 0 0 5 0 0 0 0 0 0 0 0 0 0 0 0 0 0 0 0 0 0 0 0 0 0 27 0 0 0 0 0 0 0 0 0 0 0 8 0 1 0 1 2 0 0 0 1 0 0 19 0 0 0 0 0 0 0 0 0 0 0 0 0 0 17 0 1 0 20 0 0 0 0 
 0 0 0 0 0 0 0 1 0 0 0 0 0 0 0 2 0 0 0 0 300 41 67 90 0 98 29 170 390 171 246 348 89 81 345 158 266 203 95 255 64 0 3 3 3 4 127 13 0 0 4 2 64 1 62 69 8 3 67 0 35 1 0 0 11 2 3 1 2 5 2 0 0 0 0 0 2 5 2 2 0 0 0 0 0 0 2 0 0 0 0 0 0 0 12 0 2 0 0 0 0 0 16 39 43 6 0 8 14 10 28 41 15 0 7 1 23 19 0 0 16 0 0 0 0 0 0 8 1 11 0 0 42 15 20 0 0 0 8 27 0 0 0 0 0 0 0 0 0 0 0 0 0 2 0 0 9 0 0 0 0 0 0 0 0 0 1 0 0 1 0 0 0 2 0 0 0 0 0 0 20 49 28 11 9 13 0 28 34 11 29 11 0 0 0 24 28 2 0 4 0 24 9 0 0 0 12 0 0 0 9 0 11 0 9 7 0 13 9 0 0 0 4 0 0 0 0 0 0 2 0 0 0 0 2 0 0 0 0 0 0 0 0 0 0 0 0 0 0 0 0 0 0 0 3 0 0 80 0 3 2 0 0 0 0 0 0 0 0 0 0 0 0 0 0 0 0 0 0 0 0 0 0 0 0 0 0 0 0 0 
 2 1 2 1 0 1 4 1 1 1 1 2 1 2 2 3 1 2 2 1 98 109 49 35 98 0 38 24 56 282 178 147 37 119 164 44 389 82 47 149 0 0 3 0 3 3 0 68 0 1 64 0 130 0 17 3 3 63 211 64 34 0 0 2 2 0 4 0 0 2 0 0 0 0 0 0 0 3 2 0 0 0 1 0 0 0 0 0 0 0 0 0 1 0 0 18 0 0 0 0 0 0 9 10 26 0 14 0 22 0 26 57 0 0 0 0 0 48 0 0 0 0 4 20 10 0 10 0 0 15 21 0 1 9 0 9 19 33 0 12 0 0 0 0 0 0 0 0 0 0 0 0 0 0 0 0 0 0 0 0 0 0 4 4 0 0 0 0 0 0 0 0 0 0 2 0 0 0 0 0 0 0 21 2 1 12 0 13 16 7 0 0 0 0 0 14 19 12 2 0 37 1 0 0 18 0 20 8 0 10 2 0 0 20 0 18 15 14 0 0 0 1 0 0 0 0 0 0 0 0 0 0 0 0 0 0 0 0 0 0 0 0 0 0 0 0 2 0 0 0 0 0 0 0 1 2 1 3 0 21 5 0 0 0 0 0 0 0 0 0 0 0 0 0 0 0 0 0 0 0 0 0 0 0 1 0 0 1 0 1 
 5 3 0 19 137 118 5 6 75 80 223 77 6 3 77 81 83 0 6 3 237 82 137 73 29 38 0 306 57 317 108 45 321 113 29 46 25 34 434 202 0 0 3 0 3 4 0 3 0 48 0 62 3 51 0 3 3 0 2 0 0 3 0 0 3 0 0 0 0 2 0 0 0 0 0 0 0 1 2 0 0 0 0 20 1 8 0 1 13 0 50 12 0 0 2 0 0 0 0 0 21 52 0 10 0 0 1 10 0 1 0 0 34 0 32 8 13 0 15 0 0 0 0 0 0 0 1 0 0 0 0 0 0 0 0 0 0 0 0 0 3 0 0 0 0 0 0 0 0 0 0 0 0 0 10 0 0 0 0 2 0 0 1 6 0 70 0 0 1 18 6 18 0 0 0 0 0 14 0 0 19 5 16 8 0 0 50 8 23 13 14 0 18 28 53 29 0 8 53 22 12 0 0 0 0 0 2 20 0 0 0 7 0 11 0 0 0 0 0 0 0 0 2 0 0 0 0 0 0 0 0 0 0 0 0 0 0 0 0 0 0 0 0 0 0 0 0 0 0 127 4 0 8 0 11 0 1 77 0 2 2 3 12 0 0 0 0 0 0 0 0 0 0 0 0 0 0 0 0 1 0 24 0 0 0 0 0 0 0 0 
 0 0 0 74 74 35 0 0 0 1 95 75 0 1 0 10 0 0 0 0 65 85 124 63 170 24 306 0 147 156 246 346 119 198 307 326 100 104 140 118 0 0 3 0 3 2 0 3 1 0 0 0 74 62 0 3 38 0 2 0 0 2 0 0 3 0 0 0 0 2 0 0 0 0 0 0 0 3 2 0 0 0 0 0 0 21 0 0 0 0 0 30 0 0 0 0 0 0 0 0 0 65 10 10 2 0 36 27 0 13 0 0 1 12 49 17 14 0 0 0 0 0 0 0 0 0 0 0 0 0 0 0 0 0 0 0 0 0 0 19 0 0 0 0 0 0 0 0 0 0 0 0 0 0 0 0 0 0 0 0 0 0 0 0 0 0 0 0 0 0 0 20 4 0 0 0 0 0 0 0 34 67 30 9 0 17 1 22 26 16 7 19 27 19 1 35 0 11 1 1 18 0 0 0 0 0 0 0 0 0 0 0 0 0 0 0 0 0 0 0 0 0 0 0 0 0 0 0 0 0 0 0 0 0 0 0 0 0 0 0 0 0 0 0 0 0 0 0 0 64 0 0 0 0 5 0 0 49 0 2 2 0 0 0 0 0 0 0 0 0 0 0 0 0 0 0 0 0 0 0 0 9 0 0 0 0 14 0 0 0 
 2 0 0 0 0 0 2 2 0 0 0 0 0 0 0 2 0 0 2 0 278 540 230 75 390 56 57 147 0 161 41 123 125 98 189 63 49 355 391 84 0 0 3 0 3 3 0 3 0 38 0 0 8 0 0 3 3 0 119 0 1 2 0 0 3 0 0 0 0 2 0 0 0 0 0 0 0 2 2 0 0 0 0 0 0 0 0 0 0 0 0 0 0 0 0 17 0 0 0 9 16 0 9 16 17 0 14 2 0 0 10 3 0 26 2 28 1 9 0 16 0 0 0 0 0 0 9 0 0 2 0 0 13 0 0 0 11 0 9 5 0 0 0 0 0 0 5 0 0 5 1 0 0 0 0 2 21 0 0 0 0 10 0 1 0 2 0 0 0 0 0 0 0 0 0 0 0 0 0 0 10 1 0 9 43 19 20 0 0 13 55 34 18 0 25 19 35 0 0 9 17 0 0 0 0 0 0 1 0 2 0 0 0 19 0 0 1 0 1 1 0 0 0 0 0 0 0 0 0 0 0 0 0 0 0 0 0 0 0 0 0 0 0 0 0 2 0 0 0 0 0 0 0 0 5 0 0 0 7 4 1 0 0 0 0 0 19 0 0 0 0 0 0 0 0 0 0 0 0 0 0 0 0 0 0 0 0 0 0 0 
 6 3 7 5 104 3 4 3 2 3 3 3 6 3 5 3 3 0 69 3 62 43 152 170 171 282 317 156 161 0 77 43 77 149 110 77 73 91 146 181 0 0 3 0 3 3 0 3 0 29 0 0 3 1 0 3 3 0 2 3 0 2 4 0 6 0 0 0 2 2 2 0 0 0 0 2 0 4 2 1 0 0 0 0 26 0 0 0 0 0 0 0 0 0 0 0 0 0 0 0 0 14 21 33 20 22 0 1 0 1 57 0 0 10 15 7 15 19 0 12 0 10 0 0 2 0 11 0 0 1 0 0 3 7 0 0 1 0 13 9 0 0 0 0 0 0 0 0 0 0 0 0 0 0 0 1 18 0 0 0 0 0 0 2 0 0 0 0 0 0 0 0 0 0 0 0 0 0 0 0 0 8 8 19 15 33 0 1 38 30 50 16 7 0 45 53 21 29 31 0 0 18 0 0 0 0 36 14 0 1 0 0 15 8 0 15 26 0 0 47 0 0 0 0 0 0 0 0 0 0 0 0 0 0 0 0 0 0 0 0 0 0 12 0 0 2 0 0 0 0 0 0 0 0 8 0 0 9 75 1 2 0 3 0 0 0 19 0 0 0 4 0 0 0 0 0 0 0 0 0 0 85 0 0 0 0 0 0 0 0 
 1 0 2 2 4 4 1 0 2 2 2 1 4 0 1 7 2 2 0 0 115 155 278 213 246 178 108 246 41 77 0 121 259 51 133 357 165 136 32 60 0 0 3 3 5 4 4 3 4 0 1 2 3 62 2 5 7 4 30 0 48 0 0 2 13 0 2 7 0 2 0 1 4 0 0 0 6 10 6 0 0 0 0 6 0 0 0 0 0 0 0 0 0 0 0 0 0 0 6 0 1 0 0 0 32 21 0 0 15 6 25 5 2 0 0 0 0 23 0 0 0 12 0 0 0 0 9 8 0 0 0 0 4 6 33 0 0 0 34 1 0 0 0 0 0 0 0 0 2 0 0 0 12 0 0 0 0 0 2 0 0 0 0 0 0 4 0 0 0 0 0 2 0 0 0 0 0 0 0 0 0 0 13 8 0 18 0 1 0 0 12 1 0 11 12 0 17 0 0 0 26 20 0 0 0 0 16 11 0 2 11 0 14 11 0 23 14 16 22 8 0 9 0 0 0 0 0 0 0 0 2 0 0 0 0 0 0 0 0 0 0 0 1 0 0 0 0 0 2 0 0 0 0 0 18 0 2 8 74 0 2 0 0 0 2 0 0 0 0 0 0 2 0 0 0 0 0 0 0 0 0 2 0 0 0 0 0 0 0 0 
 2 3 2 0 0 0 2 1 1 0 2 0 1 2 2 1 1 2 1 1 126 100 41 107 348 147 45 346 123 43 121 0 248 242 242 116 462 78 32 33 97 0 3 1 3 2 94 3 0 0 0 0 36 0 0 3 3 62 64 62 24 3 0 18 3 0 0 0 0 2 0 0 0 0 0 0 0 1 2 0 0 0 0 0 0 0 0 0 0 0 0 0 16 0 0 0 0 0 0 0 0 0 12 22 11 1 0 0 27 8 16 43 0 0 0 0 0 35 0 0 11 0 10 0 0 0 14 0 19 0 0 0 8 8 18 11 11 17 17 39 0 0 0 1 0 2 0 0 0 3 0 0 0 0 0 0 0 0 0 0 0 0 0 6 0 0 0 1 0 0 0 0 0 0 0 0 0 0 0 0 0 0 9 18 0 10 1 15 0 0 0 0 0 0 0 0 14 0 0 0 25 0 13 0 0 0 19 5 0 0 0 0 29 35 8 11 0 11 21 2 0 3 0 0 0 0 0 0 0 0 9 0 0 0 0 0 0 0 0 0 0 0 0 0 0 0 2 0 0 0 0 0 0 0 6 0 0 0 0 12 2 2 0 0 0 0 0 0 0 0 0 0 0 0 0 0 0 0 0 0 0 0 0 0 0 18 0 0 0 3 
 3 3 0 77 78 84 3 3 0 7 168 30 6 3 3 3 3 0 3 3 124 42 107 300 89 37 321 119 125 77 259 248 0 145 210 84 34 51 335 285 0 8 3 2 3 2 0 3 1 31 0 0 3 62 0 3 3 0 5 0 0 2 0 0 3 0 51 0 0 2 0 0 0 0 0 1 1 2 2 0 0 0 0 10 11 30 0 1 0 0 9 20 0 0 0 0 0 0 0 0 1 17 7 0 0 0 47 22 1 21 10 0 13 17 22 22 11 9 10 1 0 0 0 0 0 7 1 0 1 0 0 0 0 0 0 0 0 0 0 0 0 0 0 1 0 0 0 0 0 0 0 1 0 0 0 0 10 3 0 0 0 0 1 0 1 11 0 0 1 14 8 20 5 0 0 0 0 1 0 0 13 7 0 7 66 0 2 9 14 18 0 15 34 31 13 13 8 0 7 8 12 0 0 0 0 0 0 0 0 0 0 0 8 0 0 0 0 0 0 2 0 0 0 0 0 0 0 0 0 0 0 0 0 0 0 0 0 0 0 0 0 0 0 0 0 0 1 0 0 59 7 0 0 0 2 0 2 0 0 0 47 7 0 0 0 4 12 0 0 0 0 0 0 0 0 0 0 0 0 0 0 0 0 0 0 0 0 0 0 0 
 1 78 0 73 0 0 0 0 0 0 0 41 76 15 0 3 0 0 0 1 48 81 188 110 81 119 113 198 98 149 51 242 145 0 125 35 163 22 199 437 3 4 3 2 3 7 0 3 2 1 3 25 3 1 3 3 5 0 2 3 0 1 0 0 3 0 5 0 0 4 0 1 0 0 0 0 0 3 2 2 15 0 0 0 0 0 0 10 0 0 0 0 0 13 0 16 0 0 0 0 15 14 9 20 8 21 14 2 10 17 17 0 0 34 25 0 22 15 1 37 1 2 0 0 0 0 10 0 0 0 0 9 0 2 0 0 0 0 0 0 0 0 0 0 0 0 1 0 0 0 13 0 0 0 0 0 0 2 0 0 14 0 0 0 0 0 25 0 10 0 0 1 8 0 16 0 0 17 0 14 0 19 0 3 11 11 15 0 22 27 21 0 9 0 20 15 0 17 0 0 0 0 0 0 0 0 0 0 0 5 0 0 0 0 0 8 0 0 0 0 0 0 0 0 0 0 0 0 12 2 0 0 0 0 0 0 0 0 0 0 0 0 0 0 0 0 1 0 0 0 1 0 0 1 2 0 2 32 2 0 2 0 0 0 0 0 12 0 0 0 0 0 0 0 0 0 0 0 0 17 0 9 0 0 0 0 0 0 0 0 
 2 0 2 0 0 1 0 0 2 0 79 74 0 1 0 4 0 2 0 0 273 128 159 76 345 164 29 307 189 110 133 242 210 125 0 72 116 118 300 283 1 3 4 4 6 70 0 3 0 21 0 4 3 4 0 3 3 70 41 2 36 3 0 50 3 0 0 0 0 4 0 0 0 0 1 2 9 4 2 0 0 0 0 0 54 0 0 0 0 0 9 28 0 0 0 0 0 0 0 0 20 49 0 0 34 0 82 51 8 14 27 49 0 10 28 21 1 7 0 23 0 0 0 0 0 0 0 0 0 0 0 0 0 2 0 0 0 0 0 0 0 0 0 0 0 0 0 0 0 0 0 0 0 0 0 0 0 0 0 0 0 0 0 0 14 0 0 0 0 0 0 31 8 0 0 0 0 0 0 0 0 21 19 0 0 0 12 12 15 19 9 4 43 1 1 19 8 0 0 1 15 0 0 0 0 0 0 0 0 0 0 0 0 0 0 0 0 0 0 0 0 0 0 13 0 0 0 0 0 0 0 0 0 0 0 0 0 0 0 0 0 0 0 0 0 0 0 0 0 74 0 0 0 0 6 2 1 3 0 1 37 2 0 0 0 0 0 0 0 0 0 0 0 0 0 0 0 0 0 13 0 0 0 0 0 0 0 0 0 0 
 3 4 2 3 3 5 3 3 1 5 3 3 3 3 3 5 3 2 3 3 84 183 267 56 158 44 46 326 63 77 357 116 84 35 72 0 188 129 133 67 0 0 5 0 3 2 0 10 0 26 0 0 5 0 0 3 3 0 3 0 2 2 0 0 3 0 0 0 0 2 0 1 0 2 2 0 0 2 3 0 0 0 0 0 0 0 0 0 0 0 0 0 0 0 0 0 0 0 0 0 24 0 9 22 23 21 8 0 32 20 20 20 14 3 9 13 30 19 0 5 0 0 0 0 0 0 0 0 0 0 0 0 21 0 0 0 7 0 15 0 0 0 10 0 0 0 2 0 0 5 0 0 0 0 0 0 19 0 0 0 0 0 0 0 0 9 0 0 0 0 0 0 0 0 0 0 0 0 0 0 16 30 13 16 56 15 13 12 0 20 9 9 0 13 31 33 16 0 0 17 12 0 0 0 0 0 0 0 0 0 0 0 0 0 0 0 0 0 11 12 0 0 0 0 0 0 0 0 0 0 0 0 0 0 0 0 0 0 0 0 0 0 0 0 0 0 0 0 0 0 0 0 0 0 10 1 1 2 0 0 2 0 0 0 0 0 21 0 0 0 0 0 0 0 0 0 0 0 0 0 0 0 0 0 0 0 0 0 0 0 
 0 0 2 0 65 75 3 0 0 0 0 0 0 0 0 0 0 0 34 0 188 147 338 44 266 389 25 100 49 73 165 462 34 163 116 188 0 306 39 44 0 0 3 0 66 2 0 7 0 0 1 0 66 1 0 3 6 0 31 0 36 1 6 0 3 0 8 0 0 2 0 0 0 0 0 0 0 3 2 0 0 0 0 0 0 0 0 0 0 0 0 0 0 0 0 0 0 0 0 2 0 0 0 30 35 0 13 11 18 8 29 31 9 0 8 1 36 12 0 19 0 0 0 0 0 2 9 0 13 2 0 0 6 0 0 0 0 2 8 7 0 0 0 0 0 0 0 0 0 0 11 0 0 0 0 0 0 0 0 0 0 0 0 0 0 0 0 0 0 0 0 4 7 0 0 0 0 0 0 0 22 19 29 13 9 31 1 33 7 26 8 1 8 0 1 49 18 15 1 10 0 0 0 0 0 0 0 0 0 0 0 0 0 0 0 0 0 0 10 27 0 0 0 0 0 0 0 0 0 0 0 0 0 0 0 0 0 0 0 0 0 0 0 0 0 0 0 0 0 1 0 0 0 0 9 1 0 2 0 2 18 0 0 0 0 0 1 0 0 0 0 0 0 0 0 0 0 0 0 0 0 0 0 0 0 0 0 0 0 0 
 0 2 5 1 0 0 0 0 1 0 0 0 0 1 1 0 0 0 0 0 104 111 91 162 203 82 34 104 355 91 136 78 51 22 118 129 306 0 316 108 0 0 4 0 3 3 0 8 3 30 0 0 63 0 0 3 3 0 66 0 34 1 0 0 2 0 0 0 51 2 0 0 0 0 0 0 0 3 17 0 0 0 0 0 0 2 0 0 0 0 0 0 0 0 0 0 0 0 0 0 0 0 18 21 24 0 0 0 21 0 21 21 11 10 17 26 26 29 0 0 0 0 0 0 1 0 0 15 2 0 0 0 23 0 4 1 0 0 11 14 0 0 0 0 0 0 0 2 0 1 0 0 0 0 0 0 8 0 0 0 0 0 2 0 0 1 0 0 0 25 0 0 0 1 0 0 0 0 0 0 3 9 10 9 41 12 18 3 14 10 24 27 0 0 22 2 80 0 0 4 0 0 27 0 0 0 0 0 0 0 0 0 13 1 12 0 0 0 17 0 0 0 0 0 0 0 0 0 0 0 0 0 0 0 0 0 0 0 0 1 0 0 0 0 0 0 0 0 0 0 1 0 0 0 11 3 5 1 1 3 0 0 0 0 0 3 13 0 0 0 0 0 0 0 2 0 0 0 0 0 0 0 0 0 0 0 0 0 0 0 
 2 0 0 73 149 76 3 2 76 73 1 75 0 1 85 91 77 1 0 0 198 74 213 306 95 47 434 140 391 146 32 32 335 199 300 133 39 316 0 351 0 0 3 1 3 4 0 3 0 0 0 0 3 62 2 3 3 5 2 0 0 2 0 0 3 0 0 0 0 2 0 0 0 0 0 0 0 2 3 56 0 0 0 8 0 2 0 8 0 0 62 6 0 1 24 23 0 0 0 0 10 30 3 10 0 0 1 0 16 1 0 5 20 7 66 17 13 0 18 30 0 0 0 0 0 0 11 0 0 0 0 0 22 0 0 16 0 0 0 1 0 0 0 0 0 0 0 20 0 0 0 0 11 0 0 0 0 0 0 4 2 1 11 15 10 22 0 0 7 19 17 14 0 0 0 0 0 46 0 0 12 40 10 8 0 0 36 1 6 21 22 0 17 29 38 5 0 8 57 27 0 0 0 0 0 0 0 0 0 0 0 0 1 0 0 0 0 1 0 0 0 0 8 0 0 0 0 0 2 7 0 0 2 0 0 0 0 0 0 16 0 0 0 0 0 0 0 0 2 49 0 0 20 18 5 2 3 75 0 1 3 0 0 0 0 0 0 0 0 0 0 0 0 0 0 0 1 0 0 0 0 5 0 0 0 0 0 0 0 0 
 2 0 2 0 21 79 1 0 0 27 0 1 0 0 0 77 0 0 0 0 195 114 251 61 255 149 202 118 84 181 60 33 285 437 283 67 44 108 351 0 0 0 73 0 3 3 0 3 0 0 0 0 3 1 0 3 3 0 78 0 28 1 0 0 2 71 0 2 1 2 0 0 0 0 0 0 0 3 2 0 0 0 1 9 2 0 0 0 0 0 0 1 0 0 1 18 2 0 0 0 0 0 4 40 24 17 14 0 0 1 13 3 0 22 0 21 15 7 9 30 0 0 0 0 0 0 0 0 0 0 0 0 0 0 0 10 0 0 0 0 0 0 0 0 0 0 0 0 0 0 0 0 0 0 0 0 0 0 0 0 1 1 0 13 9 4 0 0 0 15 18 18 1 0 0 0 0 21 0 14 0 13 9 14 2 0 20 0 44 18 19 0 38 28 35 1 1 23 1 2 0 0 0 0 0 0 0 0 0 0 0 1 0 0 0 62 0 0 0 0 0 0 0 0 8 0 0 0 0 0 0 0 0 0 0 0 0 0 0 0 0 0 0 0 0 0 0 0 0 78 8 0 41 0 11 1 1 79 0 2 2 0 0 0 0 0 0 0 0 0 0 0 0 0 0 0 0 0 0 0 0 2 0 0 0 0 0 0 0 0 
 6 19 0 0 0 0 0 0 64 0 0 0 0 0 0 0 0 0 0 0 0 0 0 125 64 0 0 0 0 0 0 97 0 3 1 0 0 0 0 0 0 430 306 121 269 112 162 595 84 18 91 244 51 112 59 115 249 74 44 241 0 0 0 0 0 0 0 0 0 0 0 0 0 0 0 51 0 0 4 205 0 0 0 0 0 0 0 0 0 0 0 0 0 0 0 0 0 0 0 0 0 0 16 0 0 11 0 0 0 0 11 12 0 0 0 0 0 7 0 0 3 8 10 6 0 1 0 0 0 1 0 44 24 13 34 25 29 9 14 9 0 0 0 0 0 0 0 0 0 0 0 0 1 0 0 0 0 0 7 0 0 0 0 9 12 8 0 0 0 0 0 1 0 0 8 0 0 0 0 0 0 0 0 16 11 6 0 0 0 0 1 0 0 0 0 0 0 1 0 0 28 9 22 17 1 6 7 9 0 3 0 11 13 12 25 17 18 14 0 15 0 0 0 4 0 0 21 0 0 0 0 0 24 0 0 0 0 0 0 0 0 0 1 0 0 0 0 0 0 33 0 7 0 2 0 0 0 0 0 20 0 0 2 2 2 2 0 65 0 0 7 0 0 0 0 0 0 0 0 0 0 0 0 0 11 5 0 0 0 0 
 0 0 0 0 0 0 0 0 0 0 0 0 0 63 0 0 0 0 0 0 0 0 0 0 0 0 0 0 0 0 0 0 8 4 3 0 0 0 0 0 430 0 258 375 113 103 74 192 183 30 32 39 54 107 122 139 103 44 47 98 0 0 3 0 0 0 0 4 15 0 0 1 0 0 0 12 6 0 16 4 0 0 0 0 0 0 0 0 0 0 0 5 0 0 0 0 0 0 0 0 0 0 0 16 0 0 0 0 0 0 0 0 0 0 0 0 0 0 0 63 0 10 10 0 0 4 0 18 7 0 15 7 0 11 64 6 17 16 0 0 0 0 3 0 0 0 9 3 0 0 0 0 15 1 10 0 0 0 22 4 0 0 0 0 0 0 1 0 0 0 0 0 0 2 0 0 0 0 0 0 0 0 0 0 0 0 0 0 0 0 0 5 0 0 0 0 0 0 0 0 0 10 29 27 0 16 0 0 10 0 9 18 0 0 17 22 22 0 0 0 0 0 1 1 0 0 13 0 0 1 0 0 19 10 0 4 0 0 19 1 0 0 0 0 0 0 0 0 0 0 0 2 0 0 0 0 0 0 0 0 0 0 0 2 0 0 0 7 0 0 16 0 0 0 0 0 0 0 0 0 0 0 0 0 34 25 0 6 2 0 
 0 0 6 0 0 0 0 0 0 1 2 0 0 0 0 3 0 2 0 0 3 3 3 3 3 3 3 3 3 3 3 3 3 3 4 5 3 4 3 73 306 258 0 363 54 112 91 444 98 51 105 48 133 99 135 194 128 96 336 413 0 0 2 0 2 0 0 0 0 0 0 0 1 0 207 3 0 0 0 3 0 0 0 0 0 0 0 0 0 0 0 0 0 0 0 0 0 0 0 0 0 0 0 0 0 0 0 0 0 0 0 0 0 0 0 0 0 0 0 0 5 24 9 11 8 1 0 30 31 0 20 18 0 6 16 10 17 21 7 0 3 0 0 0 0 15 3 0 0 0 0 0 4 0 28 0 0 0 7 14 0 0 0 0 0 0 2 0 0 0 0 0 0 7 0 0 0 0 0 0 0 0 0 0 0 1 0 0 0 0 0 0 0 0 0 0 0 0 0 0 0 19 13 36 19 7 0 0 14 13 15 24 17 0 18 8 7 8 1 7 7 0 0 0 0 0 55 9 0 14 21 0 34 36 0 0 0 0 20 7 0 0 0 0 0 0 0 0 0 0 0 10 0 1 0 0 0 0 0 2 0 2 1 11 0 3 0 66 0 0 6 0 0 0 0 0 0 0 0 0 0 3 0 0 11 5 0 1 1 0 
 0 0 2 0 0 0 0 0 0 0 0 0 0 0 0 0 0 0 0 0 0 0 0 0 3 0 0 0 0 0 3 1 2 2 4 0 0 0 1 0 121 375 363 0 373 483 139 401 80 134 127 51 56 52 156 49 287 74 302 364 2 4 0 4 0 0 0 0 0 52 2 0 4 0 0 6 7 1 0 23 0 0 0 0 0 0 9 0 0 0 0 0 0 0 0 0 0 0 0 0 0 0 0 0 0 30 0 0 0 0 0 0 0 0 0 0 0 0 0 0 8 14 19 5 4 11 0 7 28 34 27 10 0 23 3 22 0 5 0 0 0 11 0 0 0 0 6 0 0 0 0 0 0 7 9 9 0 0 45 37 0 0 1 0 0 0 1 5 0 0 0 0 0 2 0 0 0 0 0 0 0 0 0 0 0 0 0 0 0 0 0 0 0 0 0 0 0 0 0 0 0 16 44 9 21 11 0 11 17 1 5 11 4 0 12 24 19 3 0 2 0 0 0 0 0 0 9 14 0 0 0 0 46 9 0 15 0 0 10 17 0 0 0 0 0 0 0 0 0 0 0 9 0 2 0 0 0 0 0 0 0 0 0 2 41 2 0 7 0 0 14 0 0 0 0 0 0 0 0 0 0 0 1 0 0 20 0 0 2 0 
 0 0 4 0 0 0 0 0 0 40 0 0 0 0 0 6 0 1 0 0 3 3 5 3 3 3 3 3 3 3 5 3 3 3 6 3 66 3 3 3 269 113 54 373 0 817 45 291 135 68 140 42 65 58 168 615 344 247 298 164 0 4 0 0 0 0 258 0 50 55 0 0 0 52 1 0 0 51 6 57 0 0 0 0 0 0 0 0 0 0 0 0 0 0 0 0 0 0 0 0 0 0 0 0 0 0 0 0 0 0 0 0 0 0 0 0 0 0 0 0 4 0 5 4 4 1 0 0 3 16 3 3 0 0 0 10 9 0 0 0 24 6 0 15 0 0 18 3 8 63 0 0 7 18 28 0 20 2 10 8 0 0 0 0 0 0 2 0 0 0 0 0 0 0 0 0 0 0 0 13 0 0 0 0 0 0 0 0 0 0 0 0 0 0 0 0 0 0 0 0 0 0 0 10 0 45 0 0 17 0 20 14 0 0 6 0 16 0 0 0 12 0 18 6 0 4 21 14 17 6 0 0 34 22 0 2 4 4 1 16 0 0 13 0 0 0 0 0 0 0 0 2 0 0 0 0 0 0 0 2 0 16 5 1 0 3 4 66 0 0 0 0 0 0 0 0 0 0 0 0 0 0 6 0 0 0 0 0 0 0 
 0 2 4 3 2 2 0 2 2 2 2 0 2 0 1 2 2 0 2 2 4 2 2 4 4 3 4 2 3 3 4 2 2 7 70 2 2 3 4 3 112 103 112 483 817 0 36 241 127 333 150 103 29 42 54 553 192 266 278 342 54 212 0 0 0 0 81 0 0 1 0 0 2 37 0 2 0 46 59 68 0 0 0 0 0 0 0 0 0 0 0 0 0 0 0 0 0 0 0 0 0 0 1 0 1 2 0 1 2 0 0 2 0 1 0 2 2 0 0 1 0 1 2 12 2 2 2 1 7 0 11 16 2 8 0 14 11 2 2 0 39 3 0 0 0 0 13 3 0 1 8 0 15 11 49 0 12 1 31 1 0 0 0 0 0 0 3 0 0 0 0 0 0 29 0 0 0 0 0 0 1 0 0 1 0 2 2 1 0 0 0 1 1 0 0 2 0 0 0 1 0 13 2 22 1 18 13 1 14 21 12 45 2 0 8 2 28 2 1 1 2 1 6 0 0 8 55 16 0 0 0 0 53 32 1 0 9 0 14 2 0 0 1 0 0 1 0 0 0 0 0 13 0 0 0 0 0 0 0 5 0 26 72 7 1 28 0 67 0 0 0 0 0 0 0 0 0 0 0 0 0 1 2 0 0 0 0 0 2 0 
 0 0 0 0 0 0 3 0 0 0 0 0 0 0 0 2 0 0 0 0 0 0 0 71 127 0 0 0 0 0 4 94 0 0 0 0 0 0 0 0 162 74 91 139 45 36 0 68 42 45 251 36 168 168 270 27 239 28 54 128 0 0 0 0 4 0 0 0 0 0 0 0 0 0 0 0 0 0 0 0 0 0 0 0 0 0 0 0 0 0 0 0 0 0 0 0 0 0 0 0 0 0 17 0 0 18 0 0 0 0 2 10 0 0 0 0 0 1 0 0 15 2 36 0 0 0 0 6 39 10 1 8 31 12 45 10 21 23 30 6 0 0 0 0 0 8 0 0 22 0 0 0 0 0 0 0 0 0 0 0 0 0 0 2 0 0 0 0 0 0 0 0 0 0 0 0 0 0 0 0 0 0 0 12 12 12 0 0 0 0 0 0 0 0 0 0 0 0 0 0 20 8 27 7 1 0 19 20 0 0 20 0 31 0 18 28 29 15 11 0 0 0 0 0 0 0 0 0 0 0 0 0 7 0 0 0 0 0 0 0 0 0 0 0 0 0 0 0 0 0 0 4 0 0 0 0 0 0 0 37 0 0 0 0 0 1 2 0 1 0 13 0 0 0 0 0 21 0 0 0 0 0 0 0 18 12 0 0 0 0 
 0 0 0 0 0 0 3 0 0 3 0 0 0 0 0 2 0 0 0 0 3 3 3 3 13 68 3 3 3 3 3 3 3 3 3 10 7 8 3 3 595 192 444 401 291 241 68 0 137 105 107 64 458 291 178 107 490 58 346 268 0 0 0 0 0 0 0 0 0 0 0 0 0 0 0 7 0 0 2 6 0 0 0 0 0 0 0 0 0 0 0 0 0 0 0 0 0 0 0 0 0 0 0 11 0 13 0 4 5 5 0 36 46 0 10 0 8 0 0 0 10 38 0 4 10 2 17 20 11 9 36 21 45 39 0 37 10 9 10 13 4 0 0 0 0 0 0 0 0 0 0 0 2 0 0 0 0 0 3 13 0 0 0 0 0 0 0 17 0 0 0 0 0 1 0 0 0 0 0 0 18 25 0 3 14 7 0 14 6 0 10 0 0 0 0 2 10 0 0 12 10 28 34 17 36 11 12 13 23 21 3 16 11 0 6 10 15 23 12 16 0 0 0 0 0 0 21 0 0 0 0 0 16 0 0 0 0 0 0 0 0 0 1 0 0 0 0 0 0 19 0 12 1 1 0 0 0 0 0 0 0 0 0 0 0 0 1 75 0 0 0 0 0 0 0 0 0 0 0 0 0 0 0 0 0 20 0 0 0 0 
 3 3 0 4 4 28 3 3 0 61 4 4 3 3 3 6 3 0 3 4 0 0 0 0 0 0 0 1 0 0 4 0 1 2 0 0 0 3 0 0 84 183 98 80 135 127 42 137 0 306 178 119 92 74 311 198 102 119 75 147 0 42 0 0 0 0 0 0 0 0 0 0 0 0 0 28 0 0 7 76 0 1 7 0 0 0 0 0 0 0 0 0 0 1 1 0 0 1 0 0 0 0 0 0 0 0 0 0 0 0 0 0 0 0 0 0 0 11 7 0 0 9 1 5 0 20 0 7 15 0 1 22 0 0 0 14 9 1 1 0 0 10 0 0 0 0 1 10 0 0 0 0 0 10 0 10 0 0 13 7 0 0 4 0 7 0 0 17 0 12 0 1 0 0 0 1 0 0 0 0 0 0 0 0 0 0 0 0 0 0 0 0 0 0 0 0 0 0 9 0 0 12 32 14 1 20 1 25 86 5 13 24 0 0 8 0 34 0 0 0 0 0 0 0 0 0 20 16 0 0 0 0 15 20 1 7 0 0 6 9 0 11 0 0 0 0 0 0 0 0 0 12 0 0 0 0 0 0 0 1 0 0 10 0 36 4 2 66 0 0 0 0 0 0 0 0 0 0 0 0 0 0 0 0 0 11 0 0 0 0 
 3 0 0 0 0 0 0 3 0 0 0 0 0 4 0 0 0 0 0 0 0 0 30 25 0 1 48 0 38 29 0 0 31 1 21 26 0 30 0 0 18 30 51 134 68 333 45 105 306 0 469 239 62 94 114 337 70 239 105 98 53 0 0 0 2 0 0 0 0 0 0 0 0 2 0 0 0 0 52 101 0 0 0 0 0 0 0 0 0 0 0 0 0 0 0 0 0 0 0 0 0 0 7 0 0 0 0 0 0 0 10 0 0 2 0 0 3 8 0 0 0 0 0 11 0 10 0 0 0 17 0 25 7 11 0 0 0 13 0 0 0 27 0 0 0 0 0 4 0 0 0 0 0 0 0 51 23 0 19 2 0 0 3 0 14 0 0 8 0 0 0 0 0 0 0 0 0 0 0 7 8 0 0 7 18 0 0 0 0 0 0 3 0 0 16 1 7 0 0 0 0 0 0 0 0 17 19 7 7 7 9 35 0 6 0 0 18 0 0 0 0 0 0 11 0 0 0 10 0 0 0 0 0 10 0 1 0 1 7 14 0 0 0 0 0 0 0 0 0 0 0 7 0 0 0 0 0 0 0 15 0 0 32 0 67 2 22 2 0 0 0 0 0 0 0 0 0 0 0 0 0 0 0 0 0 0 0 0 2 0 
 0 0 0 0 0 0 3 0 0 0 0 0 0 0 0 0 0 0 0 0 0 2 0 0 4 64 0 0 0 0 1 0 0 3 0 0 1 0 0 0 91 32 105 127 140 150 251 107 178 469 0 228 33 37 101 166 147 185 109 81 51 51 0 0 0 0 0 0 0 4 0 3 1 0 1 3 1 35 81 115 0 0 0 0 0 0 0 0 0 0 0 0 0 0 0 0 0 0 0 0 0 0 0 0 0 0 0 0 0 0 0 0 0 0 0 0 0 0 0 0 0 5 8 10 12 3 0 0 0 12 21 22 0 25 0 10 13 6 0 0 0 10 0 0 0 0 0 5 0 1 0 3 0 0 0 23 0 0 76 5 0 0 2 0 0 0 0 3 0 0 0 0 0 0 0 0 0 0 43 0 0 0 0 0 0 0 0 0 0 0 0 0 0 0 0 0 0 0 0 0 0 0 11 12 14 9 7 8 14 8 0 23 0 14 25 0 3 0 0 16 0 15 0 0 3 0 4 14 2 0 1 1 0 18 1 12 5 24 8 15 0 0 0 0 0 0 0 0 0 0 0 8 0 0 0 0 0 0 0 12 0 0 1 0 82 2 6 2 0 0 0 0 0 0 0 5 0 0 0 0 0 0 0 0 0 11 0 0 0 0 
 0 0 2 65 0 0 0 0 0 3 0 0 0 0 0 0 0 0 0 0 0 0 0 0 2 0 62 0 0 0 2 0 0 25 4 0 0 0 0 0 244 39 48 51 42 103 36 64 119 239 228 0 32 27 40 154 274 76 27 47 20 2 0 2 0 0 0 0 1 0 1 0 0 50 0 0 0 53 99 50 0 0 0 0 0 0 0 0 0 0 0 0 0 0 20 0 0 0 0 0 0 0 0 0 0 0 0 0 0 0 0 0 0 0 0 0 0 0 0 0 0 9 0 17 21 28 0 7 0 0 0 17 0 0 0 13 0 1 0 0 8 9 0 1 0 0 0 4 0 0 13 0 0 0 0 49 0 0 4 9 0 0 7 0 0 0 0 4 0 0 0 0 0 0 0 0 0 0 0 0 0 0 0 0 0 0 0 0 0 0 0 0 0 0 0 0 0 0 0 0 0 12 0 0 0 21 1 8 9 16 16 20 0 0 0 0 17 0 0 0 0 0 6 0 0 0 9 28 0 0 0 0 17 40 0 17 0 20 2 31 0 0 8 0 0 0 0 0 0 0 0 14 0 0 0 0 0 0 0 17 0 0 64 2 1 4 0 0 0 0 0 0 0 0 0 0 0 0 0 0 0 0 0 0 0 0 0 0 2 15 
 0 0 0 0 0 0 5 0 0 0 0 0 0 0 0 26 0 0 0 0 3 36 5 64 64 130 3 74 8 3 3 36 3 3 3 5 66 63 3 3 51 54 133 56 65 29 168 458 92 62 33 32 0 81 101 90 26 26 353 151 51 0 3 39 0 0 3 3 2 0 0 0 0 0 0 0 2 0 2 4 0 0 0 0 0 0 0 0 0 0 0 0 0 0 0 0 0 0 0 10 0 0 0 13 9 50 0 0 26 6 0 23 0 0 0 0 0 0 0 0 33 9 0 20 5 0 26 10 0 8 9 0 10 6 1 6 0 46 9 32 3 5 3 0 0 0 2 0 15 0 3 0 2 2 0 1 6 0 0 0 0 0 0 0 0 0 0 0 0 8 0 0 0 0 0 0 0 0 0 0 0 7 0 0 11 8 0 47 0 0 0 9 0 0 7 0 0 0 0 0 14 13 10 0 29 0 10 12 9 12 2 0 11 15 11 14 0 31 8 13 0 0 2 2 0 7 0 0 3 0 0 0 0 0 9 0 0 0 1 0 0 0 0 0 0 0 0 0 0 0 0 7 0 0 0 0 0 0 2 0 0 0 2 0 0 0 0 0 2 0 0 0 0 0 0 0 0 0 0 0 0 0 0 0 0 0 0 0 2 0 
 5 0 0 0 0 0 2 0 0 0 62 3 0 0 0 67 0 0 0 0 86 0 3 0 1 0 51 62 0 1 62 0 62 1 4 0 1 0 62 1 112 107 99 52 58 42 168 291 74 94 37 27 81 0 141 117 82 89 118 183 0 0 0 2 0 0 3 3 0 0 0 0 13 2 0 17 0 0 1 6 0 0 0 0 0 0 0 0 0 0 0 0 0 0 0 1 0 0 0 0 0 10 0 0 0 0 0 10 0 6 0 0 22 0 6 62 5 0 0 0 0 0 8 0 0 38 0 22 27 0 0 8 0 0 28 0 6 18 17 12 10 0 1 0 0 0 9 1 0 0 0 0 2 0 0 5 5 0 10 11 0 0 0 0 0 0 0 0 0 0 0 0 0 0 0 0 0 0 0 0 12 0 9 0 0 0 14 30 0 0 12 0 0 0 0 0 0 0 12 55 8 0 10 17 6 40 0 0 0 9 9 0 0 7 0 7 7 10 46 0 0 12 0 1 0 9 0 1 0 0 0 0 30 0 0 12 0 0 8 5 0 0 0 0 0 0 2 0 0 59 0 9 0 0 0 1 0 64 0 0 0 0 0 0 0 2 2 0 0 0 12 0 0 0 0 0 0 0 0 0 0 0 0 3 40 18 0 6 2 0 
 3 3 3 3 3 3 3 3 0 3 3 3 3 3 3 3 3 0 3 3 0 0 1 0 62 17 0 0 0 0 2 0 0 3 0 0 0 0 2 0 59 122 135 156 168 54 270 178 311 114 101 40 101 141 0 80 67 55 152 383 0 0 1 0 1 0 0 0 2 26 0 1 3 0 0 0 0 6 0 1 0 0 0 0 0 0 0 0 0 0 0 0 0 0 0 0 0 0 0 0 0 0 0 0 0 10 0 0 0 0 0 0 0 0 0 0 0 0 0 0 27 10 8 20 29 6 0 15 18 21 9 0 7 0 12 0 1 19 13 0 0 4 0 0 0 9 0 0 0 0 0 0 0 0 10 0 0 0 19 13 7 2 0 0 0 0 1 0 0 0 0 0 0 5 0 0 10 0 0 0 0 0 0 0 0 0 0 0 0 0 0 0 0 0 0 0 0 0 0 0 15 15 6 7 20 9 6 8 22 2 16 10 0 0 9 28 8 0 0 0 0 0 0 0 0 0 11 0 0 0 0 0 10 10 0 0 3 0 18 0 0 0 0 0 0 0 0 0 0 0 0 8 0 0 0 0 0 0 0 0 0 0 1 4 0 2 0 0 0 0 1 0 0 0 0 1 0 0 0 0 0 0 0 0 0 11 0 1 0 0 
 1 3 6 0 0 0 1 0 0 0 0 0 2 40 43 6 2 2 2 1 3 5 3 3 69 3 3 3 3 3 5 3 3 3 3 3 3 3 3 3 115 139 194 49 615 553 27 107 198 337 166 154 90 117 80 0 80 115 37 356 0 9 0 49 30 4 0 2 0 8 0 0 0 0 0 0 2 5 8 3 0 0 0 0 0 0 0 0 0 0 0 0 0 0 0 0 1 0 0 0 0 0 0 0 0 0 0 0 0 0 0 0 0 0 4 0 0 0 0 0 32 0 0 25 0 23 0 8 0 0 0 47 0 12 10 10 8 13 0 16 0 0 0 1 11 0 0 0 0 0 0 9 0 0 0 0 0 0 15 0 0 0 3 0 0 0 8 8 0 0 0 0 1 10 10 0 4 0 6 0 0 0 0 0 0 0 0 0 0 0 0 0 0 0 0 0 0 0 0 0 0 0 0 2 0 13 19 7 13 18 20 0 0 0 0 0 33 6 0 0 0 0 0 0 9 0 0 0 0 0 0 0 2 0 0 0 8 9 10 1 0 0 16 0 0 0 0 0 0 0 0 0 0 2 0 0 0 0 0 2 0 0 0 0 0 1 35 1 0 0 7 0 0 0 0 4 0 0 0 0 0 0 0 0 10 0 0 10 2 0 
 4 3 2 3 3 5 3 3 0 6 2 3 6 4 3 4 3 3 2 3 3 3 3 3 8 3 3 38 3 3 7 3 3 5 3 3 6 3 3 3 249 103 128 287 344 192 239 490 102 70 147 274 26 82 67 80 0 197 23 98 0 0 0 0 0 0 49 0 0 0 0 0 0 3 0 0 0 0 0 276 0 0 1 0 0 0 0 0 0 0 0 0 0 0 0 0 0 0 0 0 0 0 2 5 0 0 0 7 3 8 0 5 5 0 5 0 5 0 0 0 11 0 0 21 0 13 0 4 1 0 17 14 3 0 7 0 50 1 0 8 20 1 2 0 0 0 19 4 0 0 0 0 0 41 11 0 26 0 0 0 0 0 0 0 0 0 7 0 0 0 0 0 0 0 0 0 14 0 7 0 3 0 0 5 5 0 0 5 8 2 5 0 0 0 0 19 5 0 0 9 0 0 0 20 0 0 0 0 9 20 12 10 0 0 1 0 1 9 2 0 2 0 0 0 0 0 0 11 0 0 0 0 8 10 0 0 0 2 16 15 0 0 10 0 0 0 0 0 0 0 0 15 0 1 0 0 0 0 0 2 0 0 31 74 2 7 0 0 3 0 0 0 0 0 0 0 0 0 0 0 0 0 0 0 10 0 0 17 0 0 
 3 3 0 3 5 3 8 5 0 3 3 3 6 3 5 3 3 0 4 3 0 0 0 1 3 63 0 0 0 0 4 62 0 0 70 0 0 0 5 0 74 44 96 74 247 266 28 58 119 239 185 76 26 89 55 115 197 0 335 46 0 0 2 0 0 0 3 1 2 0 2 0 0 53 4 0 0 0 50 66 0 0 13 0 0 0 0 0 0 0 0 0 0 0 0 0 0 0 0 0 0 0 0 0 0 0 0 0 0 0 0 0 0 0 0 0 20 0 0 0 0 0 7 21 15 10 0 0 0 12 11 21 0 8 0 1 1 34 0 4 9 10 13 0 0 0 1 4 0 22 0 0 0 41 15 14 0 0 8 7 0 0 4 2 0 0 0 2 0 0 0 0 0 0 0 0 0 0 0 0 0 0 0 0 0 0 0 0 0 0 0 0 0 0 0 0 0 0 0 1 1 0 2 1 11 0 5 9 0 21 0 13 1 11 1 0 5 1 0 0 0 0 0 0 0 0 0 13 10 0 0 0 0 19 0 14 0 37 2 26 0 0 0 0 0 0 0 0 2 0 0 4 0 2 0 0 0 0 0 4 0 1 75 2 35 4 2 0 0 0 0 0 0 0 0 0 0 0 0 0 0 0 0 0 0 0 0 0 2 0 
 6 3 0 3 3 3 5 3 0 5 3 3 6 2 3 2 3 0 3 3 64 2 2 2 67 211 2 2 119 2 30 64 5 2 41 3 31 66 2 78 44 47 336 302 298 278 54 346 75 105 109 27 353 118 152 37 23 335 0 283 39 3 0 0 0 0 0 0 5 0 0 0 0 0 0 5 56 3 0 5 0 0 0 0 0 0 0 0 0 0 18 0 0 0 0 0 0 0 0 0 0 0 0 0 14 13 0 0 0 0 7 8 0 0 0 11 0 19 0 0 8 5 29 11 0 0 0 18 27 29 31 14 0 88 0 14 52 10 0 29 0 0 0 0 0 0 5 0 0 0 0 0 0 0 6 0 25 0 0 12 0 0 3 2 0 0 13 10 0 0 0 0 0 0 0 0 0 0 0 0 0 0 17 0 0 0 0 0 0 0 0 0 0 0 0 0 19 0 0 0 27 0 23 13 41 2 12 15 21 8 6 0 3 6 0 33 0 10 13 3 11 0 0 0 0 0 2 12 0 0 0 0 12 2 0 0 0 0 3 5 0 0 0 0 0 0 0 0 0 0 0 14 0 1 0 0 0 0 0 14 0 0 1 0 0 4 0 1 2 0 0 0 0 0 0 0 0 0 0 0 0 0 0 0 0 20 0 0 0 0 
 5 0 0 0 0 0 0 2 0 0 1 0 0 0 0 0 75 0 0 0 0 0 0 0 0 64 0 0 0 3 0 62 0 3 2 0 0 0 0 0 241 98 413 364 164 342 128 268 147 98 81 47 151 183 383 356 98 46 283 0 0 0 0 0 0 0 0 0 0 0 0 54 0 0 0 3 0 51 12 3 0 0 0 0 0 0 0 0 0 13 0 0 0 0 0 0 0 0 0 0 0 0 0 0 0 0 0 0 0 0 0 0 0 0 0 0 0 0 0 0 31 0 53 29 11 0 0 19 0 55 42 7 11 14 42 24 32 42 0 9 0 0 0 0 0 0 0 0 0 0 0 0 0 0 0 0 0 0 20 0 0 0 2 5 0 0 0 0 0 0 0 0 0 0 0 0 0 0 0 0 0 0 0 0 0 29 0 0 0 0 0 0 15 0 0 0 0 0 0 0 11 0 33 13 11 15 1 0 16 8 13 6 3 11 27 70 10 14 0 0 0 0 0 0 0 0 6 0 0 0 0 0 7 0 0 0 0 0 6 0 0 0 0 0 0 0 0 0 0 0 0 4 0 2 0 0 0 0 0 8 1 0 0 0 0 2 2 27 0 0 19 0 0 0 0 0 0 0 0 0 0 0 0 0 18 10 0 0 0 0 
 0 0 0 4 0 0 2 0 0 1 0 0 0 0 0 0 0 0 0 0 41 0 0 0 35 34 0 0 1 0 48 24 0 0 36 2 36 34 0 28 0 0 0 2 0 54 0 0 0 53 51 20 51 0 0 0 0 0 39 0 0 127 71 125 44 51 349 50 110 53 315 103 104 125 106 93 42 81 101 273 0 14 0 0 0 0 0 0 0 0 0 0 0 0 0 0 0 0 0 0 0 0 11 0 13 0 0 0 0 0 7 8 0 0 0 0 0 19 0 0 0 0 0 0 20 8 0 0 0 0 0 0 0 0 0 0 0 0 0 0 31 47 9 2 21 2 3 1 30 0 11 0 10 0 0 10 1 0 5 23 0 0 0 0 0 0 0 0 0 0 0 0 0 0 0 0 0 8 0 0 0 0 11 0 20 0 0 0 14 0 1 0 0 0 0 0 19 0 0 0 0 0 0 0 0 22 0 0 0 0 0 20 0 0 0 0 0 0 0 0 0 22 13 1 9 11 14 25 19 5 3 0 0 19 5 14 2 0 5 14 1 0 0 0 0 0 0 0 0 0 0 0 0 0 14 0 0 0 0 0 0 0 0 0 0 0 0 0 0 0 30 0 0 1 2 0 0 0 0 0 0 0 0 0 0 0 0 0 0 0 
