 0 261 428 169 46 41 87 386 224 321 37 82 95 47 234 116 211 51 200 233 0 3 0 3 6 1 1 0 3 0 2 3 0 0 0 0 0 5 2 2 0 0 0 0 0 0 4 0 0 0 0 0 0 67 0 6 0 0 0 0 0 2 0 0 0 0 0 3 7 0 0 2 0 3 0 2 0 13 0 0 3 15 76 0 25 1 51 0 15 8 4 27 0 1 18 0 15 45 14 25 0 0 0 0 0 0 0 0 0 0 12 0 0 0 0 0 0 0 26 1 0 0 27 0 0 0 0 0 0 0 0 0 0 0 1 0 0 0 0 4 0 0 0 0 0 0 0 0 0 0 0 0 0 0 5 0 0 0 0 0 16 9 24 20 11 16 0 38 0 0 0 14 8 0 25 18 21 19 14 14 0 0 0 0 0 0 0 0 0 0 0 0 0 9 0 0 1 1 23 0 0 0 2 0 0 0 0 0 0 1 0 0 0 0 0 0 0 0 0 1 0 0 0 0 0 2 0 0 0 0 0 0 0 0 0 0 0 2 1 0 0 0 0 0 0 0 2 0 0 2 1 7 0 0 0 2 0 0 0 0 0 0 0 0 0 0 0 0 0 0 0 0 0 0 0 0 0 0 0 0 0 0 0 0 0 0 0 0 0 0 
 261 0 208 78 50 105 273 194 154 132 281 49 462 121 63 104 94 30 237 29 0 2 2 3 2 0 0 0 0 2 2 8 0 0 0 3 0 9 0 5 6 0 0 0 0 0 3 0 1 0 0 0 0 2 0 0 0 2 0 0 0 2 0 0 0 0 0 0 4 0 0 3 0 3 2 0 6 3 0 0 1 15 13 18 1 0 24 5 7 1 29 20 16 71 13 44 0 0 0 3 0 0 0 0 0 0 2 0 0 0 17 0 0 0 0 0 0 0 13 0 0 0 0 0 0 0 0 0 0 0 0 0 0 0 0 0 0 0 0 0 0 0 0 0 0 0 0 0 0 0 0 0 0 2 3 4 0 0 8 0 3 47 20 0 33 26 1 35 9 7 2 0 24 41 39 0 28 0 14 40 0 0 1 0 0 0 0 0 0 0 0 2 0 0 0 0 0 0 0 0 0 0 0 0 0 0 0 0 0 0 0 0 0 0 1 0 0 0 0 0 0 0 0 0 0 0 0 0 0 0 0 0 0 0 0 1 0 0 0 0 0 0 0 0 0 2 3 0 3 0 14 34 0 0 0 0 0 0 0 0 0 0 0 0 0 0 0 0 0 0 0 0 0 0 0 0 0 0 0 0 0 0 0 0 0 0 0 0 0 0 
 428 208 0 354 151 72 165 523 188 370 348 334 299 239 143 176 560 382 42 136 0 2 0 3 1 3 0 0 0 0 9 3 0 0 0 0 0 6 3 2 0 0 0 0 0 0 4 0 7 0 0 2 0 0 0 2 0 1 0 0 0 4 0 0 3 2 0 0 3 0 0 2 2 2 0 0 0 1 3 0 0 9 0 22 14 0 23 48 13 32 8 12 10 44 9 13 16 27 1 9 0 0 0 1 0 0 1 0 0 0 12 0 0 2 0 0 0 0 16 0 0 2 0 0 0 2 0 0 2 0 0 0 0 0 0 0 0 0 0 2 10 0 0 0 0 0 0 0 6 5 0 0 0 0 0 0 0 0 0 7 30 45 49 0 25 44 1 0 4 12 20 14 10 32 67 2 31 8 14 10 0 0 0 2 0 0 0 0 0 0 0 0 1 13 18 0 0 0 0 0 0 0 0 0 0 0 0 0 0 0 0 0 0 0 0 0 0 0 0 0 0 0 0 0 0 0 0 0 0 2 0 0 0 0 0 0 0 0 0 0 0 0 0 0 0 0 142 0 2 0 17 7 0 0 0 0 2 0 0 0 0 0 0 0 0 0 0 0 0 0 0 0 0 1 0 16 9 10 0 0 0 0 0 0 0 0 0 0 0 2 
 169 78 354 0 380 185 198 297 188 265 42 162 126 446 79 142 45 322 287 86 0 81 38 3 0 76 0 1 0 0 0 3 74 107 0 2 0 3 0 2 0 0 0 0 0 0 2 0 0 7 0 0 0 1 0 0 0 0 0 0 0 2 0 0 0 0 0 0 3 0 0 2 0 3 0 0 0 3 0 0 0 54 0 77 3 0 0 0 16 7 24 18 5 0 28 61 31 27 0 1 18 1 10 0 0 0 18 0 0 0 12 0 22 21 1 1 0 0 58 23 0 0 0 0 0 0 0 5 0 0 0 0 0 0 0 0 0 0 0 0 3 0 0 2 1 0 0 0 5 2 0 0 0 0 0 2 0 0 0 10 30 30 45 9 19 15 0 50 30 38 14 21 0 29 0 28 14 0 0 31 28 14 0 0 0 0 33 37 0 2 0 0 43 32 0 6 0 0 21 25 0 0 0 0 0 0 0 0 0 0 0 0 0 0 0 0 0 0 21 0 0 0 0 1 0 0 0 0 0 0 0 0 0 0 0 0 0 0 0 0 0 0 0 0 0 2 90 0 54 0 0 8 0 0 0 0 0 0 0 0 0 0 0 0 0 0 0 0 0 0 0 0 0 0 0 0 0 0 0 0 0 0 0 0 0 0 0 0 0 0 
 46 50 151 380 0 268 260 162 252 187 183 45 305 116 319 227 72 40 55 195 0 4 0 3 0 0 0 74 2 1 0 3 2 0 76 2 0 3 1 2 0 0 0 0 0 0 2 0 6 5 0 0 0 0 0 0 0 0 0 0 0 3 0 0 0 0 0 0 4 0 0 2 2 3 0 0 0 2 0 0 4 26 29 11 76 11 12 35 15 18 27 80 0 0 34 19 39 18 0 0 0 0 0 0 0 0 6 0 0 0 7 0 0 0 0 1 0 0 43 5 0 0 2 0 0 11 0 0 0 0 0 0 0 0 0 0 0 1 0 16 21 0 0 21 0 0 0 0 3 5 0 0 0 0 0 0 20 0 0 6 70 10 32 31 23 19 0 16 5 15 17 14 0 0 0 45 16 32 0 0 1 0 21 0 0 0 0 52 14 0 7 0 41 14 6 11 0 20 9 0 0 0 0 0 0 0 0 2 0 0 0 0 0 0 0 0 0 0 0 0 0 0 0 0 0 0 0 0 20 0 0 0 0 0 0 0 0 0 0 0 0 0 0 0 0 3 48 0 2 65 0 15 0 0 0 0 0 0 0 0 0 0 0 0 0 0 0 0 0 0 0 0 0 0 0 18 3 14 0 0 0 0 0 0 0 0 0 0 0 0 
 41 105 72 185 268 0 38 206 137 185 165 268 38 146 143 78 150 50 48 47 74 83 0 6 6 0 0 35 0 2 0 6 74 73 25 1 0 3 96 5 0 2 0 0 0 2 5 2 0 19 3 0 0 0 0 0 2 63 0 0 0 38 0 0 0 0 0 0 2 0 0 5 0 2 0 0 0 2 0 0 0 12 0 9 0 0 0 0 2 0 32 1 0 0 23 12 45 2 0 0 70 18 10 0 0 7 23 1 0 0 21 0 43 8 0 26 0 0 37 14 0 0 0 0 0 0 0 0 0 0 0 4 0 0 0 0 0 0 0 0 3 0 0 2 0 0 0 0 1 3 0 0 0 0 0 2 0 17 0 14 2 0 19 6 69 34 0 0 0 40 31 14 0 0 0 14 0 0 0 0 1 14 21 16 0 0 0 47 14 19 17 0 102 1 26 30 15 0 56 24 0 0 0 0 0 0 0 0 0 0 0 0 0 0 0 0 0 0 0 0 0 0 0 1 0 0 0 0 0 0 0 0 0 0 0 0 0 0 0 0 0 0 0 0 0 0 48 0 6 4 0 28 0 0 0 0 0 0 0 0 0 0 0 0 0 0 0 0 0 0 0 0 0 0 0 13 0 0 0 0 0 0 0 0 0 0 0 0 0 0 
 87 273 165 198 260 38 0 133 171 40 34 42 644 122 145 147 120 69 464 279 0 2 0 3 3 2 3 0 0 0 1 2 0 0 0 0 0 3 3 4 0 0 0 0 1 0 6 0 2 0 29 7 4 0 0 2 0 0 0 0 0 4 0 0 3 7 0 0 5 0 0 2 2 2 0 0 1 2 3 0 37 19 22 21 16 7 20 6 3 17 17 0 54 15 19 40 0 0 0 11 0 0 0 2 0 0 0 0 0 0 17 0 0 1 0 0 0 0 0 0 0 1 3 0 0 0 0 17 1 0 0 2 0 0 0 0 0 0 0 1 2 0 0 0 0 0 0 0 0 0 0 0 0 0 0 0 0 0 0 0 30 36 0 0 0 0 1 12 25 0 7 12 4 32 10 3 11 17 19 50 0 0 0 1 0 0 0 0 0 0 0 0 0 0 0 0 0 0 0 0 0 0 0 0 0 0 0 0 0 0 0 0 0 0 0 0 0 0 0 0 0 0 0 0 0 0 0 0 0 1 0 0 0 0 0 0 0 0 0 0 0 10 0 0 0 0 0 0 90 90 0 7 13 0 0 0 0 0 25 0 0 0 5 0 0 0 0 0 0 0 0 0 0 2 0 2 0 0 0 0 0 0 0 0 0 0 0 0 0 8 
 386 194 523 297 162 206 133 0 202 148 35 40 201 206 280 138 133 556 59 30 1 2 0 3 1 0 0 0 2 2 0 3 0 0 0 1 0 3 0 2 0 0 0 0 0 1 2 0 0 0 0 0 0 1 0 0 0 0 0 0 0 2 0 0 0 0 0 0 3 0 0 2 0 3 0 1 0 7 0 0 7 36 1 10 14 0 24 18 10 12 24 21 0 2 19 16 42 23 0 0 0 0 0 0 0 0 7 0 0 0 9 0 1 0 3 0 0 28 49 19 2 0 0 0 0 0 0 0 0 0 0 0 0 0 0 0 0 34 0 0 11 1 0 0 0 0 0 0 5 5 0 0 0 1 0 0 0 0 0 15 51 9 55 10 34 25 0 10 23 13 29 37 0 0 14 46 20 14 1 1 0 0 2 0 0 0 10 0 0 0 0 0 19 14 0 0 4 0 7 0 0 0 0 0 0 0 0 0 0 0 0 0 2 0 0 0 0 0 0 0 0 0 0 0 0 0 0 14 0 0 0 0 0 0 0 0 0 0 0 1 0 0 0 0 0 0 9 0 89 4 0 17 0 0 0 0 0 0 0 0 0 0 1 0 0 0 0 0 0 0 0 0 0 0 0 18 13 14 0 0 0 0 0 0 0 2 0 0 0 0 
 224 154 188 188 252 137 171 202 0 487 135 139 210 187 123 327 51 42 251 120 0 2 0 3 0 2 0 0 0 0 0 2 0 1 0 0 0 2 0 2 0 0 0 0 0 0 2 0 0 0 0 0 0 0 0 0 0 0 0 0 0 3 0 0 0 0 0 0 4 0 0 2 0 2 0 0 0 1 0 0 13 11 39 42 13 23 2 10 17 15 17 15 11 3 20 36 20 17 0 14 0 0 0 0 0 2 0 0 0 2 0 0 0 0 2 0 0 0 7 19 0 0 0 0 0 0 0 0 0 0 0 0 0 0 0 0 0 0 0 0 0 0 2 0 0 0 0 0 0 0 0 0 0 0 8 7 17 0 0 0 35 20 15 4 0 15 0 28 18 10 0 24 24 10 1 14 27 13 1 1 0 0 0 0 0 1 0 0 0 0 0 0 0 0 12 0 0 0 9 0 0 0 0 0 0 0 0 0 0 0 0 0 0 0 0 0 0 0 0 0 0 0 2 0 0 0 0 0 1 0 0 0 0 0 0 0 0 0 0 0 0 0 0 0 0 0 88 0 89 160 2 5 39 0 0 0 0 0 0 0 0 0 0 0 0 0 1 0 0 2 0 0 0 0 0 0 9 0 0 0 0 0 0 0 0 0 0 0 0 0 
 321 132 370 265 187 185 40 148 487 0 200 636 83 188 198 119 226 381 291 429 0 2 10 3 2 0 0 54 2 0 2 3 98 0 0 3 2 3 8 4 0 0 0 0 0 0 2 0 1 1 0 4 0 1 0 0 4 0 0 0 0 2 0 0 0 0 2 0 3 0 0 18 0 57 0 0 6 8 0 0 8 12 0 11 0 0 51 0 1 10 33 10 0 2 20 0 67 1 0 0 55 14 0 0 0 0 43 0 0 0 17 0 38 1 14 0 0 0 21 0 0 0 0 0 0 0 0 0 0 0 0 0 0 0 0 0 0 0 0 0 4 0 0 0 0 0 0 0 1 3 0 0 0 0 0 0 0 0 0 14 1 1 26 8 29 62 0 0 1 23 28 41 0 0 14 10 8 14 1 0 11 0 13 0 0 0 2 0 0 0 0 0 28 29 28 0 1 0 48 12 0 0 2 0 0 0 0 0 0 1 0 0 0 0 0 1 0 0 0 1 0 0 0 0 0 1 0 0 0 0 0 0 0 2 0 0 0 2 1 0 0 0 0 0 0 4 4 0 2 0 0 13 4 2 0 0 2 0 1 0 0 0 3 0 0 0 0 0 0 0 0 0 0 0 0 9 6 0 0 0 0 3 0 0 0 0 0 0 0 0 
 37 281 348 42 183 165 34 35 135 200 0 98 37 49 266 373 401 310 41 66 25 24 2 3 0 0 62 76 3 0 0 3 1 76 188 2 4 5 3 3 0 0 0 0 0 0 3 2 3 6 7 0 0 2 0 1 3 2 0 0 0 5 0 0 0 0 0 0 3 0 0 5 0 3 0 0 1 3 0 0 0 0 19 0 41 44 0 30 10 24 20 30 0 11 16 17 24 62 0 0 0 0 0 0 0 0 0 0 17 0 0 0 11 11 8 1 0 0 0 0 0 2 0 0 0 1 0 0 2 0 0 0 0 0 0 0 0 1 0 0 0 0 0 0 0 0 0 0 21 0 0 0 0 0 0 1 0 0 0 0 7 0 11 20 16 19 0 0 40 1 0 28 20 0 0 0 0 14 0 0 16 0 2 2 0 0 38 0 22 0 1 0 0 1 15 2 11 15 17 11 0 0 0 0 0 0 0 0 0 0 0 0 0 0 0 0 0 0 0 0 0 0 0 0 0 0 0 0 0 2 0 0 0 0 0 0 0 0 0 0 0 0 0 0 0 1 44 0 0 90 2 12 0 0 0 0 0 0 0 0 0 0 0 0 0 0 0 0 0 0 0 0 0 0 0 21 7 34 0 0 0 1 0 0 0 0 0 0 0 0 
 82 49 334 162 45 268 42 40 139 636 98 0 248 36 344 52 266 253 23 43 1 79 0 3 0 0 0 0 0 0 2 3 183 0 22 0 0 5 0 4 0 0 0 0 0 0 2 0 1 4 0 0 0 0 0 0 0 0 0 0 0 3 0 0 0 0 0 0 2 0 0 2 0 2 0 0 0 2 0 0 0 0 0 32 0 28 0 0 0 18 19 11 0 0 0 14 37 0 0 0 1 29 12 0 0 0 10 2 25 0 0 0 18 0 18 10 0 0 19 24 0 0 0 0 0 0 0 0 0 0 0 0 0 2 0 0 0 0 0 0 0 0 1 0 0 0 8 0 0 0 0 0 0 0 0 0 9 0 0 0 0 1 1 16 12 29 0 0 11 12 0 26 0 0 0 2 1 15 0 0 9 22 0 0 0 2 15 28 0 10 2 0 32 10 0 32 17 0 30 20 0 1 9 0 0 0 0 0 0 0 0 0 0 0 0 2 0 0 0 0 0 0 0 0 0 0 0 0 2 0 0 0 0 0 1 0 0 0 0 0 0 0 0 0 0 0 46 0 1 0 0 11 0 0 0 0 0 0 0 0 0 0 0 0 0 0 0 0 0 0 0 0 0 0 0 9 1 0 0 0 0 0 0 0 0 0 0 0 0 0 
 95 462 299 126 305 38 644 201 210 83 37 248 0 155 52 50 114 39 118 160 0 2 0 3 0 2 0 0 0 0 2 3 0 0 0 2 0 3 2 2 0 0 0 0 0 0 3 0 0 0 0 5 0 2 0 0 0 0 0 6 0 2 0 0 0 0 0 0 6 0 0 3 2 3 0 0 0 3 0 1 36 15 22 3 0 0 28 0 26 0 20 0 18 9 2 31 0 0 0 0 0 0 0 0 0 0 0 0 0 0 0 0 0 0 0 0 0 0 0 0 0 0 0 0 0 0 0 0 0 0 0 0 0 0 0 0 0 0 0 0 0 0 0 0 0 0 0 0 0 0 0 0 0 0 0 0 0 0 0 0 42 10 43 0 10 0 10 11 16 32 0 8 11 27 29 0 1 16 0 40 0 0 0 0 0 0 0 0 0 0 0 0 0 0 0 0 0 0 0 0 0 0 1 0 0 0 0 0 0 0 0 0 0 0 0 0 0 0 0 0 0 0 0 0 0 0 0 0 0 0 0 0 0 0 0 0 0 0 0 0 0 14 0 0 0 3 2 0 5 0 2 5 0 0 0 0 0 0 2 0 0 0 0 0 0 0 0 0 0 0 0 0 0 0 0 0 3 0 0 0 0 0 0 0 0 0 0 0 0 0 
 47 121 239 446 116 146 122 206 187 188 49 36 155 0 117 122 36 59 94 190 1 2 22 3 0 0 4 0 0 2 9 7 0 0 3 2 0 8 0 3 4 0 0 0 0 3 4 65 5 3 69 4 0 0 0 3 5 1 5 0 2 3 0 0 2 3 4 0 37 0 0 5 4 4 0 0 2 1 0 0 2 18 0 5 14 0 10 29 31 0 27 6 16 12 11 59 7 14 0 14 0 0 0 0 0 0 1 0 0 0 9 0 0 0 0 0 0 0 7 1 0 1 0 0 0 1 25 0 0 0 0 2 0 0 0 0 0 0 0 0 3 0 0 0 0 0 0 0 2 3 0 0 0 0 0 0 0 0 0 2 28 1 26 0 14 16 8 20 55 31 10 5 16 10 35 7 0 16 0 24 0 0 2 0 0 0 0 0 0 0 0 0 15 0 0 0 0 0 0 0 0 0 0 0 0 0 0 0 0 0 0 0 0 0 0 0 0 0 0 0 0 0 0 0 0 0 0 0 0 1 0 0 0 0 0 0 0 0 0 11 0 0 0 0 1 0 1 0 5 0 0 6 0 0 0 0 0 0 0 0 0 0 0 0 2 0 0 0 0 0 0 0 0 2 0 14 0 16 0 0 0 0 0 10 0 0 0 0 0 0 
 234 63 143 79 319 143 145 280 123 198 266 344 52 117 0 292 36 132 88 206 0 2 0 3 0 0 74 0 0 2 2 6 0 4 0 0 0 3 1 2 2 0 0 0 0 0 2 0 0 2 0 0 0 1 0 1 0 0 61 0 0 2 2 0 0 0 0 0 3 0 0 3 0 3 0 0 0 3 0 0 0 10 21 17 47 10 18 29 11 23 13 74 0 11 10 19 18 38 9 0 0 0 0 1 0 0 0 0 0 0 4 0 0 0 1 0 0 0 21 9 0 2 19 0 0 2 1 0 2 0 0 0 0 0 0 0 0 0 0 2 1 0 0 0 0 0 0 0 23 0 0 0 0 0 0 0 0 0 0 0 26 23 46 11 0 15 0 7 31 14 0 44 31 0 2 15 28 14 14 0 0 0 0 2 0 0 49 2 0 7 0 0 0 11 1 0 0 0 9 1 0 0 0 0 0 0 0 0 0 0 0 0 0 0 0 0 0 0 0 0 0 0 0 0 0 0 0 0 0 2 0 0 10 0 0 0 0 0 0 0 0 0 0 0 0 1 93 0 3 6 1 11 0 0 0 0 0 0 0 0 0 0 0 0 0 0 0 0 0 0 0 0 0 1 0 20 0 33 0 0 0 0 0 0 0 0 0 0 0 2 
 116 104 176 142 227 78 147 138 327 119 373 52 50 122 292 0 44 231 49 178 0 2 0 3 0 0 2 1 0 2 0 2 0 0 0 0 0 3 0 2 0 0 0 0 0 0 2 0 0 10 0 0 0 0 0 0 0 0 0 1 0 3 0 0 0 0 0 0 2 0 0 2 0 2 0 0 0 2 0 0 0 25 1 21 15 1 0 18 18 20 3 28 11 19 24 14 49 71 0 17 0 0 1 0 0 0 0 0 0 0 9 0 0 0 1 1 0 0 9 26 0 0 0 0 0 0 0 0 0 0 0 0 0 0 0 0 0 0 0 0 9 0 0 0 0 0 0 0 6 2 0 0 0 0 0 0 0 0 0 5 39 51 24 13 8 13 0 8 37 22 12 33 1 10 16 18 24 11 0 0 1 0 0 0 0 0 10 15 0 0 0 0 15 42 14 10 0 0 21 0 0 0 0 0 0 0 0 0 0 0 0 0 0 0 0 0 0 1 2 0 0 0 0 0 0 0 0 0 0 0 0 18 2 0 0 0 0 0 0 0 0 0 0 0 1 0 157 0 0 1 12 14 0 0 0 0 0 0 0 0 0 0 10 0 0 0 0 0 0 0 0 0 0 0 0 8 24 13 0 0 0 0 0 0 0 0 0 0 0 0 
 211 94 560 45 72 150 120 133 51 226 401 266 114 36 36 44 0 69 214 46 0 85 3 3 0 0 0 1 0 1 2 3 0 3 1 0 0 3 0 2 0 2 63 0 0 0 2 0 0 14 0 12 0 1 0 0 0 0 0 0 3 2 0 0 0 0 0 0 2 0 0 4 0 38 0 0 0 3 0 2 33 3 15 0 1 1 18 0 13 24 15 1 0 14 0 23 13 0 0 1 14 1 0 0 0 0 24 0 0 0 1 0 18 0 14 0 0 0 7 9 0 0 0 0 0 0 0 0 0 15 0 0 0 0 0 0 0 0 0 0 0 0 0 2 0 0 0 0 2 0 0 0 0 2 6 21 0 0 0 0 2 14 13 7 16 23 0 54 29 12 19 1 18 3 10 12 15 2 0 1 0 0 15 0 0 0 2 0 0 11 0 0 0 0 13 0 0 0 20 17 0 0 0 0 0 0 9 0 0 0 0 0 0 0 0 0 0 0 0 0 0 0 0 2 0 0 0 0 0 0 0 0 0 0 0 0 0 0 0 0 0 6 0 0 0 4 0 1 0 0 0 22 0 0 0 0 0 0 0 0 0 0 0 0 0 0 0 0 0 0 0 0 0 0 0 8 17 0 0 0 0 0 0 0 0 0 0 0 0 0 
 51 30 382 322 40 50 69 556 42 381 310 253 39 59 132 231 69 0 49 42 76 77 0 3 0 0 77 0 0 2 0 3 82 97 1 3 0 3 1 5 1 0 0 0 0 0 2 0 0 23 7 0 0 0 0 0 0 0 0 0 0 3 0 2 0 0 0 0 2 0 0 2 0 2 0 0 0 22 0 0 0 17 0 14 0 23 0 0 0 11 0 30 2 0 2 0 16 9 0 0 15 14 0 0 0 0 15 0 20 0 0 0 9 21 22 16 0 0 15 22 0 0 0 0 0 0 0 0 0 0 0 0 0 0 0 0 2 0 0 0 0 1 0 0 0 0 5 0 0 0 0 0 2 0 0 0 0 0 1 2 0 7 13 43 21 12 0 2 17 0 0 13 0 0 0 0 11 19 0 0 36 1 0 0 0 0 42 16 2 0 0 0 21 40 0 11 28 0 14 6 0 0 0 0 0 0 0 0 0 0 0 0 0 0 0 0 1 0 0 0 0 0 0 0 12 0 0 0 0 0 0 0 0 0 0 0 0 0 0 1 0 0 0 0 0 0 4 0 87 0 0 13 0 0 0 0 0 0 0 0 0 0 0 0 0 0 0 0 0 0 0 0 0 0 0 0 5 0 0 0 0 0 0 0 0 0 0 0 0 0 
 200 237 42 287 55 48 464 59 251 291 41 23 118 94 88 49 214 49 0 328 0 25 0 3 0 0 0 0 0 2 1 2 0 144 0 0 0 3 2 2 0 0 0 0 0 0 2 0 0 0 0 2 0 0 0 0 0 0 0 0 0 3 0 0 0 0 0 0 5 0 0 2 45 2 0 0 0 1 0 0 25 10 24 10 33 7 29 0 11 19 0 0 15 15 9 10 0 0 26 9 0 0 0 2 0 0 0 0 0 0 0 0 0 2 0 0 0 0 2 0 0 0 0 0 0 0 0 0 1 0 0 0 0 0 1 0 0 2 0 0 2 0 0 0 0 0 0 0 0 0 0 0 0 0 3 2 0 0 0 0 7 0 0 0 0 0 0 8 9 0 10 0 0 40 0 14 10 24 55 16 0 0 0 1 21 0 0 0 0 0 0 0 0 0 7 0 0 0 0 0 0 0 0 0 0 0 0 0 0 0 0 0 0 1 0 0 0 0 0 0 0 0 0 0 0 2 0 0 0 0 0 0 0 0 0 0 0 0 0 0 0 7 0 0 0 2 0 0 0 88 1 11 14 0 2 0 0 0 0 0 0 0 8 0 0 0 0 0 0 0 0 0 0 0 0 0 0 0 0 0 0 0 0 0 0 0 0 0 0 0 
 233 29 136 86 195 47 279 30 120 429 66 43 160 190 206 178 46 42 328 0 0 2 0 3 0 0 2 0 0 0 3 3 0 0 0 0 80 3 1 2 0 0 0 0 0 0 3 0 0 1 0 0 6 2 0 2 0 1 0 0 0 2 0 0 0 0 0 0 9 0 0 3 1 3 0 0 0 3 0 0 33 18 31 1 28 11 14 10 13 0 1 5 18 47 11 0 1 41 2 20 0 0 2 0 0 0 0 0 0 0 0 0 0 0 0 0 0 0 0 10 0 0 0 0 0 0 0 0 0 0 20 0 0 0 0 0 0 0 0 13 0 0 0 0 0 0 0 0 0 0 0 0 0 0 0 0 0 0 0 0 32 21 0 11 0 0 13 33 0 0 0 2 12 2 26 23 2 42 11 22 0 0 0 0 0 0 0 0 0 0 0 0 0 0 0 0 0 0 0 0 9 0 0 0 0 0 0 0 15 0 0 0 0 0 0 0 0 1 0 8 0 0 0 0 0 0 0 0 0 0 0 0 2 0 0 0 0 0 7 0 0 0 0 0 1 2 0 0 1 90 16 12 20 0 0 0 0 0 0 0 0 0 0 0 0 0 0 0 0 0 0 0 0 0 0 0 0 0 0 0 0 0 0 0 0 0 0 0 0 0 
 0 0 0 0 0 74 0 1 0 0 25 1 0 1 0 0 0 76 0 0 0 184 209 267 257 21 487 259 415 96 313 57 202 45 199 198 212 246 188 219 4 5 0 0 0 65 2 0 0 0 1 1 2 0 0 5 0 0 62 6 0 7 2 0 0 3 4 1 0 0 3 6 12 4 4 0 11 6 0 2 0 0 0 10 10 14 0 0 0 0 3 1 0 0 0 0 0 0 0 0 14 8 1 14 0 1 15 7 17 9 1 0 17 1 9 16 23 15 0 9 1 0 0 0 0 0 0 0 0 1 0 0 0 0 0 0 0 0 1 0 0 0 0 0 0 0 0 0 0 0 0 0 0 0 0 0 0 0 0 11 0 0 0 0 44 0 0 0 0 9 9 0 0 0 0 0 0 0 0 0 0 1 31 12 0 9 39 0 16 0 5 32 0 17 38 12 39 16 8 3 0 0 15 0 0 0 0 0 0 0 0 0 19 0 0 0 0 0 0 23 0 0 0 0 0 0 0 0 0 0 0 0 0 0 0 0 0 0 0 0 0 0 0 0 0 0 0 0 0 0 0 0 0 0 3 0 1 2 83 2 0 0 0 0 0 0 9 0 0 0 0 1 0 0 0 0 0 0 0 0 0 20 0 0 0 0 0 0 0 0 
 3 2 2 81 4 83 2 2 2 2 24 79 2 2 2 2 85 77 25 2 184 0 194 370 44 42 107 467 160 359 266 116 176 118 266 427 43 58 164 325 7 2 0 0 0 0 0 0 0 0 1 1 0 0 0 5 0 0 0 2 0 0 2 0 0 3 0 0 0 0 3 3 3 0 0 0 0 3 0 2 0 0 0 0 9 19 0 0 0 0 0 0 27 0 0 0 0 0 0 0 11 49 0 0 0 11 43 10 64 22 1 0 0 18 38 13 7 0 0 2 0 0 0 1 15 0 0 13 0 29 0 0 0 0 0 0 0 0 0 0 0 0 0 0 0 0 0 0 0 2 0 0 2 0 0 0 0 0 0 0 0 0 0 0 18 0 0 0 0 0 0 0 0 2 0 0 0 0 0 0 23 20 10 30 0 0 41 18 26 25 29 23 35 12 9 6 13 19 18 44 0 0 0 0 2 0 0 0 0 0 0 11 0 0 0 0 0 0 0 0 0 0 2 0 2 0 0 0 0 0 0 0 0 0 0 0 0 0 0 0 0 0 0 0 0 0 0 0 0 0 0 0 0 0 2 0 0 0 54 1 4 0 0 0 0 0 0 0 0 0 0 0 0 0 0 0 0 0 0 0 0 1 0 0 0 0 33 0 0 0 
 0 2 0 38 0 0 0 0 0 10 2 0 0 22 0 0 3 0 0 0 209 194 0 234 274 53 84 684 95 218 128 251 411 553 59 289 131 97 167 197 9 2 0 0 0 0 0 0 0 0 1 0 1 0 0 4 0 0 0 2 0 0 2 0 0 3 0 0 45 0 3 7 3 1 0 2 0 2 0 4 0 0 0 9 0 1 0 0 0 0 0 0 0 0 0 0 0 0 0 0 52 25 7 0 20 10 30 14 22 25 7 11 23 25 26 0 5 15 0 2 0 0 0 0 0 0 0 0 0 9 0 0 0 0 0 0 0 0 0 0 0 0 0 0 0 0 0 2 0 0 0 0 0 0 0 0 0 0 0 0 0 0 0 0 0 0 0 0 0 0 0 0 0 0 0 0 0 0 0 0 13 74 11 39 0 10 18 11 17 3 26 21 5 27 9 0 17 0 7 6 0 0 0 0 0 0 0 0 0 0 0 11 3 0 0 0 0 0 0 10 0 0 0 0 0 0 0 0 0 0 0 0 0 0 0 0 0 0 0 0 0 0 0 0 0 0 0 0 0 0 0 0 0 0 0 0 2 0 46 0 2 0 0 0 0 0 1 1 0 0 0 0 0 0 2 0 0 0 0 42 0 1 0 11 0 0 4 0 0 0 
 3 3 3 3 3 6 3 3 3 3 3 3 3 3 3 3 3 3 3 3 267 370 234 0 88 30 108 237 79 138 357 186 264 98 131 202 119 228 364 300 62 66 0 4 0 0 63 63 0 8 0 1 0 27 0 0 62 0 73 2 0 0 2 0 0 3 0 0 0 4 3 3 3 0 0 0 0 5 0 2 0 0 0 0 0 0 0 0 0 0 0 0 0 0 0 0 0 0 0 0 32 12 2 0 27 17 10 10 28 25 8 29 2 10 14 0 0 14 0 0 9 0 1 0 1 0 10 0 0 0 0 0 1 1 0 9 0 0 0 0 0 0 0 0 0 0 0 0 0 0 0 0 0 0 0 0 0 0 12 0 0 0 0 0 0 0 0 0 0 0 0 0 0 0 0 0 0 0 0 0 10 25 0 10 10 21 0 0 0 8 14 13 0 56 0 0 12 0 0 21 0 0 0 11 0 0 0 0 0 0 0 0 16 0 5 0 11 0 20 16 0 0 0 0 0 0 0 0 0 0 0 0 0 0 0 0 0 0 0 0 0 0 0 0 0 0 0 0 0 0 0 0 0 0 11 0 0 0 0 1 4 10 0 0 0 0 0 0 0 0 0 0 0 0 0 0 0 0 0 24 0 0 0 0 0 0 9 0 0 0 
 6 2 1 0 0 6 3 1 0 2 0 0 0 0 0 0 0 0 0 0 257 44 274 88 0 105 201 62 371 162 324 189 86 151 121 230 94 42 319 118 0 2 72 0 0 0 0 0 6 0 1 1 67 53 0 69 0 2 128 97 0 0 2 0 0 3 0 2 0 49 3 3 3 0 50 0 0 3 0 2 0 0 0 0 0 0 0 0 0 0 0 0 0 0 0 0 0 0 0 0 0 0 9 24 14 4 0 10 0 11 4 17 0 0 15 28 31 24 0 0 1 0 0 0 0 0 16 0 0 0 0 0 20 0 8 0 21 0 32 17 0 0 0 0 0 0 0 4 0 0 2 0 0 0 0 0 0 0 1 0 0 0 0 0 3 0 0 0 0 0 0 0 0 0 0 0 0 0 0 0 0 17 0 23 17 10 0 0 9 14 0 12 0 0 0 0 14 17 0 0 0 9 10 0 0 0 15 14 5 0 10 0 9 4 0 15 3 0 10 0 0 0 0 0 0 0 0 0 0 0 0 0 0 0 0 0 0 0 0 0 0 0 13 0 0 0 0 0 0 0 0 0 0 0 3 2 0 161 0 1 2 2 0 0 0 0 0 0 0 0 0 0 0 0 0 0 0 0 0 0 0 0 0 0 0 10 0 0 0 0 
 1 0 3 76 0 0 2 0 2 0 0 0 2 0 0 0 0 0 0 0 21 42 53 30 105 0 22 60 129 44 102 119 105 51 41 151 155 313 51 474 0 3 21 0 0 0 66 1 79 22 0 1 82 24 2 0 70 0 64 162 0 0 2 0 0 3 0 0 0 52 3 3 4 0 0 0 0 3 0 2 0 0 0 0 0 0 0 0 0 0 0 0 0 0 0 0 0 0 0 0 0 0 10 14 26 0 0 1 0 14 21 31 0 1 0 3 6 0 0 0 1 0 9 0 33 0 43 0 14 7 0 0 14 26 0 18 13 10 18 9 9 0 0 0 0 0 0 0 0 0 0 0 1 19 0 0 0 0 0 0 0 0 0 0 0 0 0 0 0 0 0 0 0 4 0 0 0 0 3 1 0 0 0 34 17 7 0 0 0 9 0 12 0 0 0 0 0 15 0 0 29 28 9 0 0 0 14 29 9 10 16 6 14 38 0 33 26 0 8 7 0 0 1 2 1 0 0 0 0 0 0 0 5 0 0 0 0 0 0 0 0 0 3 0 0 0 0 0 0 0 0 0 0 0 17 0 2 181 0 0 5 0 0 0 0 0 0 0 0 0 0 0 0 0 0 0 0 0 0 0 0 0 0 0 10 8 0 0 0 0 
 1 0 0 0 0 0 3 0 0 0 62 0 0 4 74 2 0 77 0 2 487 107 84 108 201 22 0 98 295 32 341 104 198 193 102 117 135 29 38 182 2 2 1 0 0 0 0 0 4 0 0 1 0 0 0 0 3 0 0 2 0 0 6 0 0 3 0 0 3 0 3 3 3 7 0 0 0 3 0 2 0 0 0 0 8 13 0 0 0 0 0 2 0 0 0 0 0 0 0 0 0 9 0 0 0 8 12 17 8 14 31 43 0 0 20 18 7 65 0 8 0 0 0 0 0 0 0 0 0 0 0 0 0 0 0 0 0 0 0 0 0 0 0 0 0 0 2 5 0 0 1 5 3 1 0 0 0 0 2 2 0 0 0 0 24 1 0 0 0 0 0 0 0 0 0 0 0 0 0 0 1 1 18 21 0 30 33 24 38 17 11 1 0 0 12 30 27 21 0 2 25 0 0 0 0 0 0 0 0 0 0 0 12 0 0 0 0 0 0 0 0 0 0 0 0 0 0 0 0 10 0 0 0 0 0 0 0 0 0 0 0 0 0 0 0 0 0 0 0 0 0 0 0 0 22 0 0 0 1 2 0 2 0 0 0 0 21 0 0 0 0 0 0 0 0 0 0 12 0 0 0 10 0 0 18 0 0 0 0 0 
 0 0 0 1 74 35 0 0 0 54 76 0 0 0 0 1 1 0 0 0 259 467 684 237 62 60 98 0 81 114 34 33 318 432 133 59 109 32 217 275 0 2 0 1 0 0 0 0 0 0 4 3 0 0 0 0 0 0 0 2 0 0 2 0 0 3 0 0 0 0 3 8 3 0 0 0 0 3 0 2 0 0 0 0 39 7 0 0 0 0 0 1 0 0 0 0 0 1 0 0 12 10 13 46 1 9 11 1 37 1 0 1 48 35 11 1 0 7 10 0 0 0 0 0 0 0 0 0 0 4 0 0 0 0 0 0 0 0 0 0 0 0 0 0 0 0 0 0 0 0 0 0 0 0 0 0 0 0 26 0 0 0 0 38 0 0 0 0 0 0 0 0 0 0 0 0 0 0 0 0 20 2 9 8 14 1 0 39 51 17 49 11 29 0 11 12 12 0 0 40 0 0 0 0 0 0 0 0 0 0 0 9 10 0 0 0 0 0 0 19 0 0 0 0 0 0 0 0 0 0 0 0 0 0 0 0 0 0 0 0 0 0 0 0 0 0 0 0 0 0 0 0 0 0 12 10 0 1 0 2 2 0 0 0 0 0 0 0 0 0 0 0 0 0 0 0 0 0 0 0 0 22 0 0 0 0 1 0 0 0 
 3 0 0 0 2 0 0 2 0 2 3 0 0 0 0 0 0 0 0 0 415 160 95 79 371 129 295 81 0 171 300 135 339 122 79 185 384 558 105 106 7 2 0 0 0 0 0 0 62 0 64 1 55 0 0 4 0 0 0 2 0 0 2 0 0 3 0 0 0 0 8 3 6 0 0 0 0 4 0 2 0 0 0 15 0 1 0 0 0 1 7 0 0 0 0 0 0 0 0 0 11 15 35 29 28 20 11 22 0 1 0 23 0 0 4 1 32 43 0 21 19 0 0 0 0 0 1 17 0 0 0 0 18 0 1 1 0 0 7 11 0 0 0 0 0 0 0 0 1 0 0 3 0 0 0 0 0 0 0 0 0 1 0 0 0 0 0 0 0 0 0 24 0 0 0 0 0 0 0 0 0 1 28 22 14 16 38 0 0 1 12 13 0 15 17 22 0 51 0 0 1 0 0 0 0 0 4 9 0 0 0 0 9 0 2 8 0 0 20 25 0 0 0 0 0 0 0 0 0 0 0 0 0 0 0 0 0 0 0 0 0 0 0 0 0 1 0 0 0 0 0 0 0 0 10 2 5 6 121 4 10 0 0 0 0 0 0 0 0 0 0 0 0 0 0 0 0 1 0 0 0 11 0 0 0 0 0 0 0 0 
 0 2 0 0 1 2 0 2 0 0 0 0 0 2 2 2 1 2 2 0 96 359 218 138 162 44 32 114 171 0 695 306 158 211 228 465 117 197 128 448 7 148 0 0 0 0 2 0 0 0 1 1 0 0 0 4 0 2 0 2 0 2 2 0 0 3 0 0 0 0 3 5 6 0 0 0 0 6 0 2 0 0 0 0 0 1 0 0 0 0 0 0 0 0 0 0 0 0 0 1 25 67 5 9 18 10 11 13 10 29 0 50 16 7 13 19 4 25 0 1 0 1 0 0 0 0 0 25 0 0 0 0 13 0 12 0 0 0 10 0 0 0 0 0 0 0 0 0 0 0 3 5 0 0 0 0 0 0 12 0 0 0 0 0 0 0 0 0 0 0 0 2 0 0 0 0 0 0 0 0 9 23 9 14 19 9 37 0 2 6 24 12 1 29 9 0 0 15 0 0 0 0 0 0 0 0 29 0 0 0 0 0 27 0 0 0 0 0 56 9 0 0 0 0 0 0 0 0 2 0 0 0 0 9 0 0 0 0 0 0 0 0 0 0 0 0 0 0 0 0 0 0 0 0 11 2 0 77 44 1 11 0 0 0 0 0 0 0 0 0 0 0 0 1 0 0 0 0 0 20 0 9 0 0 0 0 29 0 0 0 
 2 2 9 0 0 0 1 0 0 2 0 2 2 9 2 0 2 0 1 3 313 266 128 357 324 102 341 34 300 695 0 261 91 212 68 389 178 221 76 290 18 2 0 0 0 0 0 0 1 5 0 1 2 0 0 3 0 0 62 64 0 0 15 0 0 3 0 5 0 0 3 3 11 0 0 0 0 3 0 2 0 0 0 0 0 0 1 0 0 0 0 0 1 7 0 0 0 0 0 0 13 9 9 0 28 33 12 28 0 0 10 13 20 9 12 22 25 17 0 20 0 11 9 0 0 0 18 0 0 0 0 0 0 7 1 0 0 0 9 10 0 2 0 0 0 0 0 0 0 0 0 16 0 0 1 0 0 0 1 0 0 0 0 0 0 0 0 0 0 0 0 0 0 0 0 0 0 2 0 0 0 2 26 27 1 0 41 0 0 14 30 0 19 25 32 0 0 16 0 0 0 0 0 0 0 0 14 0 0 0 0 33 30 0 0 0 0 0 12 0 1 0 0 1 0 0 0 0 0 0 0 0 0 0 0 0 0 0 0 0 0 0 0 0 0 0 0 0 0 0 0 0 0 0 2 4 2 3 40 3 2 0 0 0 0 0 0 0 0 0 51 0 0 0 0 0 0 0 0 2 0 1 0 0 0 0 0 0 0 2 
 3 8 3 3 3 6 2 3 2 3 3 3 3 7 6 2 3 3 2 3 57 116 251 186 189 119 104 33 135 306 261 0 112 208 47 249 167 284 58 360 8 2 0 0 0 0 2 0 3 0 0 0 56 0 20 1 0 0 0 20 0 2 2 0 0 3 0 1 0 0 3 5 5 0 0 0 0 5 0 2 0 0 0 0 0 2 7 0 0 0 0 0 0 0 0 0 0 0 0 2 0 21 11 27 12 19 13 11 0 11 0 8 7 14 8 18 25 10 1 18 0 17 0 0 0 0 21 0 26 0 0 0 0 0 0 13 0 14 14 14 0 0 0 1 0 0 0 0 0 0 8 2 0 22 0 0 0 20 4 0 0 0 0 2 0 0 0 0 0 0 0 2 0 0 0 0 0 0 0 2 0 0 1 20 11 10 14 1 0 37 17 0 16 24 0 0 11 32 0 0 13 1 0 0 0 0 32 0 0 1 16 0 10 19 0 0 0 0 1 0 0 0 0 0 0 0 0 0 0 0 0 1 0 0 0 0 0 2 0 0 0 0 0 0 0 0 0 0 0 0 0 0 0 0 8 2 0 43 79 0 3 4 0 0 0 0 0 0 0 0 0 0 0 0 0 0 0 0 0 0 0 0 0 2 0 0 0 0 0 0 
 0 0 0 74 2 74 0 0 0 98 1 183 0 0 0 0 0 82 0 0 202 176 411 264 86 105 198 318 339 158 91 112 0 606 124 109 46 31 219 128 3 2 0 0 0 0 0 3 2 0 0 1 0 0 0 1 2 3 0 2 0 2 53 0 0 3 2 0 0 0 3 4 3 5 0 0 0 2 1 2 0 0 0 0 2 29 0 0 0 0 0 3 0 2 0 21 13 9 0 0 14 37 4 0 2 7 53 26 8 0 21 0 0 20 9 37 9 0 28 26 0 0 0 0 0 0 0 0 0 1 0 0 0 0 0 0 0 0 0 0 0 0 0 0 0 0 0 0 0 0 0 13 0 0 0 0 0 0 0 0 0 0 0 10 3 4 0 0 0 1 2 0 0 0 0 0 0 18 0 0 50 43 11 12 0 1 76 40 8 15 17 12 0 9 9 0 22 0 19 58 13 2 0 0 6 0 0 0 0 0 0 16 0 0 0 0 0 0 0 0 0 1 0 0 0 8 0 0 0 0 0 0 0 0 0 0 0 0 0 0 0 0 0 0 0 0 0 0 0 0 0 0 0 0 7 0 0 0 2 0 2 1 0 0 0 0 1 0 0 0 0 0 0 0 0 0 0 0 0 0 0 0 0 0 0 0 0 0 0 0 
 0 0 0 107 0 73 0 0 1 0 76 0 0 0 4 0 3 97 144 0 45 118 553 98 151 51 193 432 122 211 212 208 606 0 293 108 248 105 329 225 0 2 0 0 0 2 0 0 0 8 4 1 1 3 204 0 0 2 0 2 0 0 2 0 2 3 0 0 6 2 3 3 3 4 1 0 0 3 0 2 0 0 0 0 0 38 0 0 0 0 0 5 0 0 1 0 0 4 0 0 0 0 28 0 0 6 14 23 15 7 15 13 3 25 15 26 2 12 29 18 0 12 0 0 7 0 0 0 0 0 17 0 0 0 0 2 0 0 11 2 0 0 1 0 0 0 2 0 0 0 2 6 0 0 0 0 0 0 0 0 0 0 0 15 0 0 0 0 1 1 0 0 0 0 3 0 0 0 0 0 43 24 0 3 0 0 23 58 28 19 29 0 39 29 0 10 0 10 19 14 22 0 0 0 0 0 10 0 0 0 0 0 0 0 0 0 1 0 0 0 0 0 0 0 0 0 0 0 0 0 0 0 0 0 2 0 0 0 0 0 0 0 0 0 0 1 0 0 0 0 0 0 1 0 11 0 0 75 0 4 2 2 0 0 0 0 10 1 0 0 0 0 0 0 0 0 1 0 0 0 0 9 0 0 0 0 10 0 0 0 
 0 0 0 0 76 25 0 0 0 0 188 22 0 3 0 0 1 1 0 0 199 266 59 131 121 41 102 133 79 228 68 47 124 293 0 57 64 74 97 133 1 2 2 0 0 2 3 0 3 0 5 1 0 3 0 9 0 2 2 2 0 0 2 0 3 3 0 0 1 0 3 4 6 0 0 2 1 4 1 3 0 0 0 0 21 9 0 0 0 0 0 0 0 0 0 0 0 0 0 0 10 19 20 37 1 0 0 2 29 57 0 0 11 20 0 65 10 1 20 14 0 0 0 0 0 0 0 0 0 0 0 0 1 0 0 0 0 0 13 14 7 0 0 0 0 0 0 0 0 0 9 2 0 0 0 0 0 0 3 0 0 0 0 0 21 0 0 0 0 0 0 0 0 0 0 0 0 0 0 0 0 19 17 0 10 0 2 17 97 42 11 10 11 2 23 20 15 30 0 14 0 0 0 0 0 0 7 0 0 0 0 0 1 0 0 0 0 0 0 0 0 0 0 0 0 0 0 0 0 0 4 0 0 0 0 0 0 0 0 0 0 0 0 0 0 0 2 0 0 0 0 0 0 0 16 0 4 39 12 2 2 0 18 0 0 0 0 0 0 0 0 0 0 0 0 0 0 0 0 0 0 20 0 0 0 0 3 0 0 0 
 0 3 0 2 2 1 0 1 0 3 2 0 2 2 0 0 0 3 0 0 198 427 289 202 230 151 117 59 185 465 389 249 109 108 57 0 261 168 107 551 11 3 1 0 4 67 0 4 18 0 6 2 20 0 0 0 4 0 0 2 0 0 2 0 0 3 0 0 0 0 3 3 3 0 0 0 0 6 0 2 0 0 2 0 0 0 0 0 0 2 0 0 0 0 0 0 0 0 0 0 0 22 13 9 40 17 21 11 7 10 7 8 24 12 33 0 19 33 0 11 0 0 0 0 0 0 0 0 0 0 0 0 0 0 0 0 5 0 1 0 0 0 0 0 0 0 0 0 0 0 0 1 0 0 0 0 0 0 0 0 0 1 0 0 4 0 0 0 0 0 0 0 1 0 0 0 0 0 10 0 1 1 15 57 1 27 19 15 41 13 18 7 19 24 2 12 49 10 19 14 0 0 0 0 0 0 0 0 0 0 0 9 10 0 0 0 0 0 0 16 0 0 0 0 0 0 0 0 0 0 0 0 0 0 0 0 0 0 0 0 0 0 0 0 0 0 0 0 0 0 0 0 0 0 21 2 0 37 74 0 3 0 0 0 0 0 0 0 0 0 0 0 0 0 0 0 0 0 0 0 0 0 0 0 0 0 1 0 0 0 
 0 0 0 0 0 0 0 0 0 2 4 0 0 0 0 0 0 0 0 80 212 43 131 119 94 155 135 109 384 117 178 167 46 248 64 261 0 385 257 126 0 2 0 0 0 5 5 3 3 0 8 1 64 5 0 26 0 0 109 68 0 0 2 0 4 3 0 0 0 0 3 5 9 0 0 0 0 3 0 3 0 0 0 0 14 10 0 2 0 0 0 0 0 0 0 0 0 0 0 0 18 1 12 44 28 10 30 14 0 20 2 84 13 0 4 0 37 30 0 0 3 22 0 0 0 0 15 0 0 0 0 0 0 0 0 0 0 0 0 16 0 0 0 0 0 0 0 0 0 0 0 3 0 11 0 0 0 0 0 0 0 0 0 0 6 0 0 0 0 0 0 0 0 0 0 0 0 0 0 0 0 9 25 14 0 63 38 0 30 0 10 41 0 5 17 13 0 17 0 11 0 0 0 0 0 13 0 0 0 0 0 0 10 0 0 0 0 0 0 8 0 0 0 0 0 0 0 0 0 3 0 0 0 0 0 0 0 0 10 0 0 0 0 0 0 0 0 0 0 0 0 0 0 0 225 1 3 82 5 1 3 1 0 0 0 0 0 0 0 0 0 0 0 0 0 0 0 0 0 7 0 36 0 0 0 0 0 0 0 0 
 5 9 6 3 3 3 3 3 2 3 5 5 3 8 3 3 3 3 3 3 246 58 97 228 42 313 29 32 558 197 221 284 31 105 74 168 385 0 39 353 31 2 0 0 0 0 0 0 4 3 0 1 0 62 1 0 0 2 0 2 0 0 2 0 0 3 0 0 0 0 3 3 4 0 0 0 0 3 0 2 0 0 0 0 0 0 0 0 0 0 0 0 0 0 0 0 0 0 0 0 19 1 5 22 29 21 0 15 12 76 11 53 2 13 16 0 0 25 0 0 0 2 0 0 0 0 21 13 0 0 0 0 43 3 28 0 0 0 26 18 0 0 0 0 0 0 0 1 0 0 1 0 0 0 0 0 0 0 8 0 0 0 0 0 0 0 0 0 0 0 0 0 0 0 0 0 0 0 0 0 15 26 0 0 34 16 0 0 7 9 9 40 0 20 0 0 0 10 0 0 0 4 0 0 0 0 52 0 0 0 0 0 31 9 8 0 0 0 8 37 0 0 0 0 0 0 0 0 0 0 0 0 0 0 0 0 0 0 0 0 0 0 0 0 0 2 0 0 0 0 0 0 0 0 9 3 0 2 41 5 15 1 0 0 0 0 0 0 0 0 0 0 0 0 0 0 0 0 0 22 0 0 0 0 0 0 11 0 0 0 
 2 0 3 0 1 96 3 0 0 8 3 0 2 0 1 0 0 1 2 1 188 164 167 364 319 51 38 217 105 128 76 58 219 329 97 107 257 39 0 200 0 3 0 0 0 0 0 0 0 0 3 1 0 0 0 7 0 0 0 2 0 0 2 0 0 3 0 0 0 0 3 7 3 5 0 0 0 3 0 2 0 0 0 0 15 13 0 0 0 0 0 0 0 0 0 0 0 0 0 0 37 23 0 13 0 0 10 0 25 0 21 0 35 0 22 11 0 0 0 0 0 0 0 0 0 0 0 0 0 0 0 0 0 0 0 0 0 0 0 0 0 0 0 0 0 2 0 0 0 0 0 0 0 0 0 0 0 0 0 0 0 0 0 0 31 0 0 0 0 9 11 0 0 0 0 0 0 0 0 0 0 0 34 28 0 7 3 15 48 46 24 6 0 0 26 12 31 0 22 14 0 0 0 0 0 0 0 0 0 0 0 9 0 0 0 0 0 0 0 0 0 0 0 11 2 1 0 0 0 0 0 0 0 0 0 0 0 0 0 0 0 0 0 0 0 0 0 0 0 0 0 0 0 0 6 1 2 0 2 0 2 2 0 0 0 0 10 0 0 0 0 0 0 0 0 0 0 0 0 0 0 26 0 0 0 0 0 0 0 0 
 2 5 2 2 2 5 4 2 2 4 3 4 2 3 2 2 2 5 2 2 219 325 197 300 118 474 182 275 106 448 290 360 128 225 133 551 126 353 200 0 81 2 0 0 6 3 0 0 5 3 3 1 0 0 0 6 0 12 0 2 0 3 2 3 0 3 0 5 0 0 54 3 3 0 0 0 3 5 0 2 0 0 0 0 0 0 0 0 0 0 0 0 0 1 0 0 0 0 0 0 58 14 0 1 24 9 13 19 3 24 8 30 12 19 13 19 6 23 0 3 0 0 0 0 0 0 0 0 9 0 0 0 0 0 0 0 2 0 0 0 0 0 0 0 0 0 0 0 0 0 0 3 0 0 2 0 0 2 0 0 0 0 0 0 15 0 0 0 0 0 0 0 0 0 0 0 0 0 0 0 1 28 37 22 4 19 34 0 12 0 11 37 0 25 27 13 13 0 0 0 0 0 0 0 0 0 0 0 0 0 0 0 30 0 0 0 0 0 0 7 0 0 0 0 0 0 0 0 0 0 0 0 0 0 0 0 0 0 0 0 0 0 0 0 0 0 0 0 0 0 0 0 0 0 16 2 1 1 44 2 2 0 0 0 0 0 0 0 0 0 0 0 0 0 0 0 0 0 0 15 0 11 0 0 0 0 14 0 0 0 
 0 6 0 0 0 0 0 0 0 0 0 0 0 4 2 0 0 1 0 0 4 7 9 62 0 0 2 0 7 7 18 8 3 0 1 11 0 31 0 81 0 162 58 45 124 82 168 136 121 45 134 37 48 121 49 50 343 98 49 41 2 5 0 0 0 3 2 21 0 0 0 0 0 0 0 0 9 57 0 0 0 0 0 0 0 0 0 0 0 0 0 0 0 0 0 0 0 0 0 0 12 16 0 0 0 15 6 0 0 14 0 4 0 0 0 0 14 4 0 14 11 0 8 0 10 0 6 1 30 2 30 12 10 9 18 16 6 0 18 0 0 0 0 0 0 0 0 0 0 0 1 0 0 0 0 0 0 0 10 1 0 0 0 0 0 0 0 0 0 0 2 0 0 11 0 0 0 0 2 6 0 0 8 6 7 0 7 0 0 0 11 0 0 6 17 0 2 0 0 0 0 13 1 22 21 0 1 0 0 0 7 20 14 0 30 9 12 20 0 6 0 0 0 0 11 0 0 0 0 0 0 0 0 0 0 0 0 0 1 13 0 0 0 0 0 0 0 0 0 0 0 2 0 2 0 0 0 0 5 1 0 3 0 0 4 10 0 0 0 0 0 0 0 0 0 0 0 0 0 0 0 0 0 0 0 0 0 0 0 0 
 0 0 0 0 0 2 0 0 0 0 0 0 0 0 0 0 2 0 0 0 5 2 2 66 2 3 2 2 2 148 2 2 2 2 2 3 2 2 3 2 162 0 135 140 310 137 216 175 505 264 37 134 43 130 630 261 131 265 98 52 0 4 2 0 0 0 0 0 7 0 0 206 87 0 0 0 7 0 51 51 0 0 0 0 0 0 0 0 0 0 0 0 0 0 0 0 9 0 0 0 0 0 0 0 10 6 0 0 0 0 0 0 0 0 0 0 33 0 0 0 9 6 15 13 6 1 13 5 29 20 4 0 1 0 4 0 0 8 0 0 0 0 0 0 0 0 0 0 0 0 0 0 15 15 0 0 0 0 0 7 0 0 0 0 0 7 0 0 0 0 0 0 0 0 0 0 5 0 6 1 0 0 0 11 0 0 0 0 0 0 0 0 0 0 0 0 0 0 0 0 1 40 14 87 22 9 0 14 30 0 0 24 0 14 28 12 55 9 4 6 7 0 0 1 0 0 0 0 0 2 0 0 14 3 0 0 0 0 0 15 0 0 0 0 0 0 0 0 0 0 0 0 0 1 0 1 0 0 0 8 0 1 0 1 0 2 0 0 2 1 0 0 0 0 0 0 0 0 0 0 0 0 4 0 4 0 0 0 1 0 
 0 0 0 0 0 0 0 0 0 0 0 0 0 0 0 0 63 0 0 0 0 0 0 0 72 21 1 0 0 0 0 0 0 0 2 1 0 0 0 0 58 135 0 473 33 35 306 86 98 470 187 57 247 51 49 172 132 377 244 252 0 1 0 0 0 2 16 0 0 0 3 0 27 0 16 0 1 1 3 103 0 0 0 0 0 0 0 0 0 0 0 0 0 0 0 0 0 1 0 0 0 1 0 0 0 1 0 7 0 0 0 0 0 0 8 8 0 0 0 0 0 1 0 36 7 10 8 22 26 11 3 7 0 1 14 12 8 14 6 0 0 0 0 0 0 0 0 0 0 0 0 0 0 5 1 10 0 0 0 19 0 0 0 0 0 0 5 0 0 0 0 0 0 0 0 0 0 0 0 0 0 4 0 1 1 0 0 0 0 4 0 5 0 0 0 0 0 0 0 0 0 5 1 12 25 18 11 0 0 3 15 1 0 4 23 0 0 11 0 0 8 14 0 0 0 0 26 0 0 0 0 0 9 53 18 0 11 0 12 11 0 0 7 0 0 0 0 0 0 0 0 2 0 0 0 0 0 0 0 16 0 0 0 65 76 3 1 4 0 0 0 0 0 0 0 0 0 0 0 0 0 0 0 0 0 25 0 0 2 0 
 0 0 0 0 0 0 0 0 0 0 0 0 0 0 0 0 0 0 0 0 0 0 0 4 0 0 0 1 0 0 0 0 0 0 0 0 0 0 0 0 45 140 473 0 150 35 155 279 322 111 131 332 96 294 74 55 138 544 711 302 1 6 3 0 0 0 5 6 6 208 0 0 97 5 46 57 0 6 6 20 0 0 0 0 8 0 0 0 0 0 0 0 0 0 0 0 0 0 0 0 0 0 0 0 0 0 11 0 0 13 0 0 0 0 0 0 0 0 0 0 15 30 10 11 17 20 4 21 24 10 0 34 0 0 16 28 11 0 0 0 4 9 0 6 0 1 19 7 4 10 5 0 8 0 21 33 3 0 10 0 0 0 0 0 0 0 5 0 0 0 0 0 0 0 0 0 0 0 0 0 0 0 0 0 0 0 0 0 0 0 0 0 0 0 0 19 0 0 0 0 0 0 0 8 5 16 6 0 19 14 9 0 0 0 1 0 0 0 0 0 13 16 0 0 2 5 9 7 0 0 0 0 1 15 7 3 0 6 1 21 0 0 0 0 0 0 0 0 0 0 0 0 0 2 0 0 0 0 0 1 0 0 1 65 36 3 0 19 2 0 46 0 0 0 0 0 0 0 0 0 0 0 0 0 0 0 0 0 0 0 
 0 0 0 0 0 0 1 0 0 0 0 0 0 0 0 0 0 0 0 0 0 0 0 0 0 0 0 0 0 0 0 0 0 0 0 4 0 0 0 6 124 310 33 150 0 56 58 281 172 109 189 104 55 234 82 104 121 136 127 187 1 0 1 0 0 0 0 0 2 0 0 0 52 0 0 0 3 8 1 1 0 0 0 0 0 0 0 0 0 0 0 0 0 0 0 0 0 0 0 0 0 0 0 0 0 0 0 0 0 0 0 0 0 0 0 0 0 0 0 0 0 22 10 17 11 9 0 0 0 3 16 13 0 0 0 0 37 11 0 0 37 0 20 9 0 0 19 14 0 8 0 0 54 14 0 0 0 0 9 1 0 0 6 0 0 14 0 0 0 0 3 0 0 0 0 0 0 0 3 23 0 0 0 0 0 10 0 0 0 0 11 0 0 0 0 0 0 0 0 0 0 0 32 0 0 20 0 7 3 19 0 14 0 0 16 0 10 25 0 0 0 10 0 0 0 0 6 14 0 12 1 0 30 16 26 0 0 0 24 35 0 0 0 0 0 0 0 0 0 0 0 2 0 0 0 0 0 0 0 2 0 0 1 1 0 6 3 69 0 2 4 0 0 0 0 0 0 0 0 0 0 0 0 0 2 0 0 0 0 0 
 0 0 0 0 0 2 0 1 0 0 0 0 0 3 0 0 0 0 0 0 65 0 0 0 0 0 0 0 0 0 0 0 0 2 2 67 5 0 0 3 82 137 35 35 56 0 34 56 84 539 296 121 265 255 52 170 255 62 56 51 1 62 34 0 0 0 56 67 7 69 0 1 54 0 63 6 0 0 81 57 0 0 0 0 0 0 0 0 0 0 0 0 0 0 0 0 8 0 0 0 0 0 0 0 0 0 0 0 0 0 0 0 0 0 0 0 0 0 0 0 0 11 10 0 1 0 0 0 0 6 0 0 0 0 0 0 0 19 0 0 37 3 4 10 0 1 12 13 0 0 0 9 1 4 4 0 12 6 1 0 0 0 0 0 0 5 0 0 0 0 0 0 0 0 0 0 4 0 0 0 0 0 0 0 0 0 0 0 0 0 0 0 0 0 0 0 0 0 0 0 0 0 10 0 8 9 0 0 11 0 0 0 22 0 0 0 9 12 0 0 29 16 10 6 0 5 0 7 20 0 0 2 28 15 3 0 0 0 0 8 14 0 0 0 0 0 0 0 0 0 0 0 0 0 0 0 0 0 0 8 0 0 1 0 0 5 0 0 1 0 0 0 0 0 0 0 0 0 0 0 0 0 0 0 0 0 0 0 1 0 
 4 3 4 2 2 5 6 2 2 2 3 2 3 4 2 2 2 2 2 3 2 0 0 63 0 66 0 0 0 2 0 2 0 0 3 0 5 0 0 0 168 216 306 155 58 34 0 198 343 134 228 27 97 697 57 27 153 32 101 97 0 8 2 0 0 0 0 0 0 0 0 0 8 0 0 0 4 0 2 1 0 0 0 0 0 0 0 0 0 0 0 0 0 0 0 0 0 0 0 0 0 0 0 0 20 8 0 0 0 0 0 0 0 0 0 0 0 0 0 0 2 0 1 30 32 0 10 37 17 14 15 22 1 10 14 12 20 2 0 9 0 0 0 0 0 0 9 0 0 4 0 0 6 3 5 0 0 0 10 1 0 0 0 0 0 0 0 0 0 0 8 0 0 6 0 0 19 0 0 5 0 0 0 0 0 0 0 0 0 0 1 0 0 0 0 0 0 0 0 0 18 26 0 14 22 14 3 23 18 15 0 18 0 15 71 23 6 14 19 7 1 25 5 0 0 0 3 2 0 0 0 0 0 0 0 0 0 0 6 0 0 0 0 0 0 0 0 0 0 18 0 2 0 1 0 0 0 0 1 2 0 0 0 0 72 1 2 0 0 0 0 0 0 0 0 0 0 0 0 0 0 0 0 0 0 0 0 0 0 0 
 0 0 0 0 0 2 0 0 0 0 2 0 0 65 0 0 0 0 0 0 0 0 0 63 0 1 0 0 0 0 0 0 3 0 0 4 3 0 0 0 136 175 86 279 281 56 198 0 223 238 255 515 149 176 117 118 438 24 111 53 0 0 0 0 0 0 0 0 0 0 0 51 2 0 0 0 4 0 0 78 12 0 0 0 0 0 0 0 0 0 0 0 0 0 0 0 0 0 0 0 16 0 0 0 10 6 0 0 0 0 0 0 0 0 0 0 0 0 0 0 28 4 34 32 1 0 28 10 11 2 3 19 17 7 15 2 0 11 33 3 0 0 0 0 0 0 0 0 0 0 0 0 0 0 0 0 0 0 0 0 0 0 0 0 0 14 0 0 0 0 0 0 0 0 0 0 23 0 0 0 0 0 0 0 15 0 0 0 0 0 0 0 0 0 0 0 0 0 0 0 11 0 9 21 5 9 1 13 35 1 6 44 0 15 6 15 21 23 4 6 0 0 0 0 0 0 0 0 0 0 0 0 9 0 0 0 8 0 0 8 0 0 0 0 0 0 0 0 0 0 0 4 0 2 0 0 0 0 2 11 0 0 0 0 1 1 0 0 0 0 0 0 0 0 0 0 0 10 0 0 0 0 16 0 0 0 0 0 0 0 
 0 1 7 0 6 0 2 0 0 1 3 1 0 5 0 0 0 0 0 0 0 0 0 0 6 79 4 0 62 0 1 3 2 0 3 18 3 4 0 5 121 505 98 322 172 84 343 223 0 95 234 90 56 375 333 74 148 635 175 157 0 9 0 0 0 0 51 16 0 0 0 0 62 0 55 0 3 0 0 0 0 0 0 6 0 0 0 0 8 0 11 0 0 0 0 0 0 0 0 0 0 4 0 0 4 4 0 3 0 0 0 0 0 0 7 3 0 7 0 0 7 0 20 2 10 1 23 8 1 0 27 35 0 7 0 0 20 38 0 11 0 0 10 1 0 0 0 0 0 0 0 0 14 27 0 0 0 0 15 1 0 0 0 0 0 8 0 0 0 0 35 0 0 0 0 0 0 18 3 3 0 1 0 4 0 0 12 0 0 0 0 0 0 0 0 0 12 0 0 0 8 0 10 10 10 10 0 21 13 0 3 29 0 24 29 41 24 11 15 0 0 0 0 0 0 0 0 0 0 24 0 0 9 17 10 0 0 0 25 19 0 0 3 0 0 0 0 0 0 0 0 0 0 2 0 0 0 0 0 0 0 0 0 0 2 11 4 0 0 0 0 0 0 0 0 0 0 0 0 0 0 0 0 0 1 0 0 0 0 0 
 0 0 0 7 5 19 0 0 0 1 6 4 0 3 2 10 14 23 0 1 0 0 0 8 0 22 0 0 0 0 5 0 0 8 0 0 0 3 0 3 45 264 470 111 109 539 134 238 95 0 181 47 66 297 60 249 109 119 73 127 0 0 3 0 2 10 0 0 0 0 12 0 56 0 0 0 0 0 1 52 0 0 0 4 0 0 0 0 0 0 0 6 0 0 0 6 0 0 0 0 0 0 0 0 0 0 0 0 0 0 0 0 0 11 0 0 0 0 0 0 13 0 21 15 0 6 2 23 14 9 0 1 0 0 14 14 21 23 0 0 0 8 0 0 0 0 0 2 0 0 0 0 0 18 0 10 0 0 0 10 0 0 0 0 0 6 0 0 0 5 0 0 0 0 0 0 6 0 0 0 4 0 0 0 1 0 0 6 0 0 0 0 4 0 0 6 0 0 0 7 0 0 14 0 1 77 10 0 13 6 21 0 0 0 1 0 10 7 0 0 11 0 0 0 0 0 40 0 0 0 0 0 21 1 15 0 19 0 9 0 0 0 0 0 0 0 8 0 0 0 0 0 0 0 0 0 0 0 0 12 0 0 0 1 45 2 3 2 0 0 1 0 0 0 0 0 0 0 0 0 0 3 0 0 0 9 0 0 2 0 
 0 0 0 0 0 3 29 0 0 0 7 0 0 69 0 0 0 7 0 0 1 1 1 0 1 0 0 4 64 1 0 0 0 4 5 6 8 0 3 3 134 37 187 131 189 296 228 255 234 181 0 119 58 65 135 80 182 115 249 100 0 6 0 0 0 0 51 0 0 0 0 0 52 0 7 0 5 0 0 20 0 0 0 0 5 5 0 0 5 0 0 1 0 0 0 0 0 0 0 0 0 0 0 16 0 0 0 0 0 0 13 0 0 14 0 0 0 0 0 0 11 26 9 19 20 1 8 10 34 0 29 51 0 5 8 9 32 0 0 0 0 0 0 0 0 0 0 0 0 0 0 0 0 0 0 0 0 0 0 0 0 0 0 7 0 0 0 0 10 0 11 15 0 6 0 0 0 0 4 4 2 0 0 0 0 0 0 0 16 0 1 0 0 1 0 0 0 0 0 2 1 10 0 13 11 10 7 2 34 9 8 12 0 46 34 27 3 9 0 0 10 0 0 0 0 0 9 0 0 0 0 0 0 5 0 0 0 6 0 29 0 0 0 0 0 0 0 0 0 0 0 0 0 0 0 0 0 0 0 1 0 26 4 0 16 26 0 0 0 4 49 0 0 0 0 0 0 0 0 0 0 2 0 0 0 0 0 0 0 0 
 0 0 2 0 0 0 7 0 0 4 0 0 5 4 0 0 12 0 2 0 1 1 0 1 1 1 1 3 1 1 1 0 1 1 1 2 1 1 1 1 37 134 57 332 104 121 27 515 90 47 119 0 92 233 100 153 100 79 47 239 23 56 0 0 0 0 51 0 0 0 0 0 19 1 46 92 11 0 50 0 5 10 6 0 0 0 4 0 9 2 0 0 4 3 8 0 0 0 0 0 0 0 0 0 0 0 0 0 0 0 0 0 0 0 0 0 0 0 0 0 0 6 0 32 0 20 0 12 0 13 9 18 0 0 1 0 0 0 0 8 0 0 0 0 4 0 10 2 0 0 0 19 12 10 23 10 0 0 15 1 8 1 0 0 0 0 5 0 11 0 8 1 0 4 0 5 0 7 5 4 0 0 0 0 0 0 0 0 0 0 0 0 0 0 0 0 0 0 0 0 10 0 1 10 9 6 0 0 17 0 0 9 0 13 15 7 0 6 0 0 9 8 0 0 0 0 6 0 0 16 0 0 19 7 0 0 0 9 0 9 10 17 1 0 0 0 0 0 0 0 0 9 0 1 0 0 0 0 0 2 0 1 11 65 0 2 0 0 2 0 0 0 0 0 0 0 0 0 0 0 0 0 0 0 0 0 0 1 1 0 
 0 0 0 0 0 0 4 0 0 0 0 0 0 0 0 0 0 0 0 6 2 0 1 0 67 82 0 0 55 0 2 56 0 1 0 20 64 0 0 0 48 43 247 96 55 265 97 149 56 66 58 92 0 137 115 62 334 46 108 163 2 2 2 0 0 0 0 0 1 1 0 0 0 0 3 0 3 0 0 0 0 0 0 0 0 0 0 4 2 0 0 0 0 0 2 0 0 10 0 0 0 0 13 13 6 0 0 0 0 0 0 24 0 0 0 0 7 6 0 0 13 28 7 0 0 4 18 36 75 0 20 0 0 10 0 21 0 16 11 0 0 0 7 8 0 0 0 0 0 0 0 0 0 29 0 13 0 0 0 0 0 0 0 0 0 0 4 0 0 0 2 0 0 0 0 3 0 0 2 0 0 0 0 17 10 12 0 0 0 0 0 0 0 0 0 0 0 7 0 0 39 7 12 9 0 0 15 0 1 3 48 1 0 9 0 0 0 18 0 11 0 0 0 0 0 0 0 0 0 0 0 0 0 1 0 0 0 0 26 2 0 0 0 0 0 0 0 0 2 18 0 3 0 1 0 0 0 86 2 4 0 0 35 0 2 2 1 0 0 0 1 0 0 1 0 0 0 0 0 0 0 0 0 0 21 0 0 0 0 0 
 67 2 0 1 0 0 0 1 0 1 2 0 2 0 1 0 1 0 0 2 0 0 0 27 53 24 0 0 0 0 0 0 0 3 3 0 5 62 0 0 121 130 51 294 234 255 697 176 375 297 65 233 137 0 382 36 127 92 309 189 0 2 0 0 10 0 0 3 0 60 0 0 0 0 0 0 0 0 0 0 0 0 0 0 0 0 0 0 0 0 0 0 0 0 0 0 0 0 0 0 0 0 0 0 1 14 0 0 0 0 14 0 0 0 0 0 1 0 0 0 59 18 21 7 13 0 17 0 20 2 9 12 34 13 8 8 15 0 30 0 0 0 0 0 0 0 0 0 0 0 0 0 0 0 0 0 0 0 2 17 0 0 0 0 0 0 0 40 0 0 2 0 0 3 0 0 0 0 2 3 0 0 0 0 15 0 0 0 0 0 0 0 0 0 0 0 0 0 0 0 14 8 24 17 0 0 0 8 31 14 0 12 0 11 23 39 11 0 44 4 0 0 1 0 0 0 0 0 0 0 0 0 0 0 0 0 0 0 0 0 0 0 13 0 0 0 0 0 0 26 0 0 0 2 0 0 0 73 1 0 0 13 0 0 0 10 5 0 2 0 0 0 0 0 0 0 0 10 0 0 0 0 0 0 0 15 0 0 0 0 
 0 0 0 0 0 0 0 0 0 0 0 0 0 0 0 0 0 0 0 0 0 0 0 0 0 2 0 0 0 0 0 20 0 204 0 0 0 1 0 0 49 630 49 74 82 52 57 117 333 60 135 100 115 382 0 340 39 66 83 207 0 7 2 0 0 2 0 0 0 0 0 0 58 0 0 0 3 0 18 0 0 0 0 0 0 0 0 0 0 0 0 0 0 0 0 0 1 0 0 0 0 0 0 0 4 0 0 0 0 2 0 9 0 0 0 0 0 0 0 0 17 20 24 2 0 8 18 14 10 9 24 22 0 0 0 28 0 49 0 11 0 0 5 4 0 0 15 0 0 0 0 0 1 10 0 0 0 0 1 1 0 0 0 0 0 0 0 0 0 0 0 1 0 0 0 0 0 0 0 0 0 0 0 0 3 7 0 0 0 0 0 0 0 0 0 0 0 24 0 0 37 14 10 0 10 0 15 0 15 0 16 0 12 31 20 28 0 43 3 1 8 0 0 0 0 0 0 0 0 0 0 0 7 0 0 0 0 0 10 0 0 0 0 0 0 0 0 0 0 17 0 2 0 1 1 0 0 0 0 0 0 0 6 0 0 2 0 0 0 0 0 0 0 0 0 0 0 0 0 0 0 0 0 0 9 0 0 0 0 0 
 6 0 2 0 0 0 2 0 0 0 1 0 0 3 1 0 0 0 0 2 5 5 4 0 69 0 0 0 4 4 3 1 1 0 9 0 26 0 7 6 50 261 172 55 104 170 27 118 74 249 80 153 62 36 340 0 129 79 45 125 0 0 0 0 0 4 50 0 0 0 6 0 53 63 0 0 0 0 50 16 0 0 0 0 0 0 0 0 0 0 0 0 0 0 0 0 0 0 0 0 5 0 0 3 0 2 1 0 0 0 0 0 3 0 12 0 4 0 0 3 0 19 0 9 3 16 0 4 0 29 7 0 0 0 0 12 11 32 0 0 0 0 5 6 0 0 14 0 0 0 0 0 3 14 0 0 0 0 0 4 0 0 0 0 0 0 0 0 0 0 0 0 0 0 0 0 2 0 0 0 0 0 7 2 0 0 19 0 0 0 4 6 0 2 8 0 0 0 0 0 4 8 10 0 11 45 0 0 11 0 14 24 0 0 1 0 9 17 0 0 2 0 0 0 0 0 27 0 0 0 0 0 36 0 17 0 13 0 20 0 0 0 0 0 0 0 0 0 0 0 0 0 0 2 0 0 0 0 7 11 0 0 3 2 0 3 0 0 0 0 0 0 0 0 0 0 0 0 0 0 0 3 0 0 9 27 0 0 0 0 
 0 0 0 0 0 2 0 0 0 4 3 0 0 5 0 0 0 0 0 0 0 0 0 62 0 70 3 0 0 0 0 0 2 0 0 4 0 0 0 0 343 131 132 138 121 255 153 438 148 109 182 100 334 127 39 129 0 193 99 85 5 10 10 0 4 5 3 15 9 0 0 3 2 3 5 9 4 1 9 8 0 0 0 0 3 0 18 0 0 0 0 0 0 0 0 0 0 0 0 0 0 0 0 0 21 0 0 0 0 0 0 0 0 0 0 0 0 13 0 0 35 0 31 0 29 1 25 20 11 0 31 37 8 13 16 0 28 0 10 15 0 10 0 5 0 0 0 13 5 19 0 0 0 0 1 0 2 0 1 0 0 0 0 0 0 0 0 0 0 0 9 0 0 12 0 0 0 0 4 14 0 0 0 0 0 0 0 0 0 0 0 0 0 0 0 0 0 0 0 0 10 0 9 20 0 0 0 39 1 11 8 12 25 8 10 50 4 7 24 0 11 14 1 0 0 17 0 0 0 0 0 0 0 8 7 0 0 0 0 0 0 0 48 0 0 0 0 0 0 2 0 0 0 0 0 0 1 2 0 0 0 0 0 2 63 26 19 0 1 0 0 0 0 0 0 0 0 0 0 0 0 0 0 0 0 13 0 0 2 0 
 0 2 1 0 0 63 0 0 0 0 2 0 0 1 0 0 0 0 0 1 0 0 0 0 2 0 0 0 0 2 0 0 3 2 2 0 0 2 0 12 98 265 377 544 136 62 32 24 635 119 115 79 46 92 66 79 193 0 249 372 55 0 0 0 3 6 2 1 0 2 2 2 2 4 0 0 1 22 1 0 2 0 0 0 0 0 0 0 0 0 0 0 5 0 0 0 0 0 0 0 0 0 0 0 0 0 0 0 0 0 0 0 9 0 0 0 0 0 0 0 0 0 18 0 8 2 0 23 0 0 33 23 0 0 0 0 18 19 0 0 0 0 16 9 0 0 0 15 2 6 0 0 40 32 21 27 0 0 13 0 0 0 0 0 0 5 0 0 0 0 6 0 0 3 0 0 0 0 5 4 0 0 0 0 0 5 0 0 0 0 0 0 0 0 0 0 0 0 0 0 20 5 31 0 0 34 0 0 0 2 63 31 0 0 5 0 15 12 0 0 0 0 0 6 0 0 0 16 9 38 24 0 3 32 24 0 8 0 21 20 0 0 0 0 0 0 0 0 0 0 0 8 0 0 0 0 0 0 0 9 0 0 45 0 0 23 2 64 3 0 0 0 0 0 0 0 0 0 0 0 0 0 0 0 32 8 0 14 0 4 
 0 0 0 0 0 0 0 0 0 0 0 0 0 5 61 0 0 0 0 0 62 0 0 73 128 64 0 0 0 0 62 0 0 0 2 0 109 0 0 0 49 98 244 711 127 56 101 111 175 73 249 47 108 309 83 45 99 249 0 199 0 0 0 0 8 0 0 63 0 25 0 0 0 0 0 0 0 0 0 0 0 0 0 0 0 0 0 0 0 0 0 0 0 0 13 0 0 0 0 0 0 0 0 0 25 48 0 0 29 7 26 0 0 11 7 0 29 3 0 0 45 4 5 0 0 0 4 1 0 0 0 0 12 5 7 13 8 0 3 0 0 0 0 0 0 0 0 0 0 0 0 0 0 0 0 0 0 0 0 0 0 0 0 0 2 0 0 0 0 0 0 5 0 0 0 0 0 0 0 0 0 0 0 1 16 19 0 0 13 0 0 26 0 0 0 1 0 47 0 0 17 8 21 9 0 0 14 30 7 18 0 0 9 8 8 20 24 0 59 16 0 0 0 0 0 0 0 0 0 1 0 0 0 1 0 0 0 0 41 0 0 0 9 0 0 0 0 0 0 0 0 2 0 0 0 0 0 56 0 0 0 0 2 0 0 1 0 0 0 0 0 0 0 0 0 0 0 0 0 0 0 0 0 0 0 10 0 0 2 0 
 0 0 0 0 0 0 0 0 0 0 0 0 6 0 0 1 0 0 0 0 6 2 2 2 97 162 2 2 2 2 64 20 2 2 2 2 68 2 2 2 41 52 252 302 187 51 97 53 157 127 100 239 163 189 207 125 85 372 199 0 0 0 0 4 6 2 0 1 2 56 0 0 0 0 0 0 0 0 0 0 0 0 10 0 0 0 0 0 0 0 0 0 0 0 0 0 0 0 0 18 0 0 0 1 1 0 0 0 0 0 20 0 0 0 0 0 29 0 0 0 0 0 18 0 33 16 8 10 0 3 9 9 24 37 0 0 18 12 19 0 0 0 2 0 0 0 0 0 0 0 0 1 0 0 0 0 10 0 0 0 0 0 0 0 0 0 0 0 0 0 2 0 0 3 0 0 0 0 2 3 0 0 0 0 19 12 0 0 0 0 0 0 0 0 0 0 0 8 19 0 43 16 19 0 0 0 10 1 8 1 11 18 0 12 10 28 5 0 21 0 0 0 0 0 0 0 0 0 0 0 0 0 0 0 0 0 0 0 0 0 0 0 0 0 0 0 0 0 0 0 0 7 0 0 0 0 0 70 0 0 0 0 63 0 0 13 1 0 0 0 0 0 0 0 0 0 0 0 0 0 0 0 0 0 15 13 0 0 2 0 
 0 0 0 0 0 0 0 0 0 0 0 0 0 2 0 0 3 0 0 0 0 0 0 0 0 0 0 0 0 0 0 0 0 0 0 0 0 0 0 0 2 0 0 1 1 1 0 0 0 0 0 23 2 0 0 0 5 55 0 0 0 179 280 59 46 39 197 123 69 277 31 92 277 323 50 56 135 44 88 75 0 0 0 0 0 0 0 0 0 0 0 0 0 0 0 0 0 0 0 0 0 0 0 0 5 0 0 0 0 0 0 0 0 0 0 0 0 0 0 0 0 0 0 0 0 7 0 0 0 0 0 21 0 0 0 0 0 0 0 0 16 0 47 11 21 38 0 35 8 16 31 0 7 0 10 15 1 35 7 0 0 0 19 0 0 0 0 0 0 0 0 0 7 0 0 0 0 0 0 0 0 0 0 0 0 0 0 0 0 0 0 0 0 0 0 0 0 0 0 0 0 0 0 0 8 5 0 0 0 0 0 0 0 0 0 0 0 0 0 0 0 0 3 15 10 0 0 10 22 40 1 8 12 22 22 14 2 0 7 9 18 0 0 12 0 0 0 0 0 0 0 0 0 0 5 0 0 0 0 0 0 0 0 0 0 0 0 0 0 0 21 0 0 0 0 25 0 0 0 0 0 0 0 0 1 0 0 4 0 0 
