 0 166 195 97 55 122 134 164 135 250 38 243 185 28 209 30 32 25 56 82 0 0 0 0 1 2 3 0 0 8 0 0 0 0 2 0 0 0 0 4 0 61 2 4 0 0 0 0 0 3 0 0 0 2 2 0 0 3 1 0 0 3 0 5 0 0 0 2 0 0 0 3 0 0 0 0 3 0 0 0 13 47 16 21 18 21 18 48 10 13 18 17 39 31 17 0 13 14 1 37 0 0 0 0 0 0 0 0 0 0 0 0 0 0 0 0 0 0 22 0 0 0 0 0 0 0 1 0 0 0 0 0 0 0 0 0 2 2 0 0 4 0 0 0 0 0 0 0 0 0 0 0 0 0 0 0 0 0 0 0 0 24 21 6 0 0 22 0 30 9 0 9 0 23 0 0 2 2 38 32 2 0 0 0 0 0 0 0 0 1 0 1 0 0 0 0 0 0 0 0 0 0 0 0 0 0 13 0 0 0 0 0 0 0 0 5 0 0 0 0 0 0 0 0 0 0 0 0 0 0 0 25 1 0 1 0 2 0 2 0 0 0 0 0 1 0 0 0 1 2 19 3 11 0 0 0 0 0 0 1 0 0 16 0 0 0 0 0 0 1 0 0 0 0 0 0 0 0 0 0 0 0 0 0 0 0 0 0 0 0 
 166 0 196 76 92 128 82 107 116 254 90 119 38 248 253 745 149 121 526 351 0 3 0 6 0 6 3 0 0 0 2 0 0 4 0 0 1 74 0 2 3 72 0 63 0 3 0 6 0 0 4 3 0 0 0 0 8 0 0 0 0 0 5 20 0 2 0 0 2 0 0 0 6 7 3 0 0 0 0 0 27 0 68 51 0 0 0 10 9 0 10 0 9 0 64 28 0 23 25 54 0 0 0 0 0 0 0 0 0 0 0 0 7 0 2 0 0 0 27 1 0 0 0 0 0 0 0 0 0 0 0 0 0 0 0 0 0 0 0 0 0 0 0 0 0 0 0 0 0 0 0 0 0 0 0 0 0 0 0 0 30 10 6 11 0 0 13 18 9 27 0 9 19 12 16 24 0 0 0 0 0 0 0 0 0 0 12 0 0 15 0 0 11 0 0 0 0 3 7 0 0 0 0 0 0 0 1 0 0 0 0 0 0 0 0 0 0 0 0 0 0 0 0 0 0 0 0 0 0 0 0 2 0 0 0 0 0 13 0 0 0 0 0 0 0 0 0 0 91 11 3 25 14 0 0 0 0 0 0 0 0 2 2 0 0 0 0 0 0 0 0 0 0 0 0 0 0 0 0 0 0 0 0 0 0 0 0 0 0 0 
 195 196 0 132 141 203 86 367 139 485 198 302 494 274 156 298 349 121 474 127 0 3 1 4 2 0 5 0 3 4 3 0 1 1 0 2 0 75 66 4 2 3 0 67 2 3 0 56 0 3 2 5 2 2 0 0 4 5 3 0 0 0 3 4 2 5 0 2 2 0 0 2 0 1 2 0 0 2 0 0 5 13 58 22 14 51 0 10 43 15 26 0 0 14 46 49 24 5 37 24 0 24 0 0 22 0 12 0 0 0 0 0 5 0 0 0 0 4 27 11 0 1 0 0 0 0 0 0 0 0 0 0 0 0 0 0 0 0 0 0 0 6 0 0 0 0 0 0 0 0 0 0 1 17 0 0 0 0 0 0 21 12 42 36 0 43 0 17 21 13 0 13 10 15 10 22 0 21 0 0 0 21 0 0 0 0 14 0 0 0 0 0 10 0 0 0 0 0 5 0 0 0 1 0 0 0 0 0 0 0 0 0 0 0 0 0 0 2 0 0 0 0 0 0 0 14 1 1 0 0 0 0 0 0 0 0 11 0 0 0 0 0 0 0 0 0 94 0 88 89 9 30 10 0 0 0 0 0 0 0 0 0 2 0 0 0 0 0 0 0 0 0 2 0 0 13 9 19 0 0 0 0 0 0 0 0 0 0 0 0 
 97 76 132 0 191 123 119 217 255 283 65 278 72 87 152 50 34 140 101 99 62 3 0 0 0 0 3 0 0 0 3 0 75 102 0 0 0 0 0 57 3 3 0 2 1 34 4 0 3 1 0 3 2 0 0 0 2 0 0 1 0 0 3 3 0 3 0 1 2 4 0 0 0 0 2 0 2 0 0 0 14 22 17 6 2 0 10 4 2 29 12 51 32 1 0 0 11 28 0 27 18 45 0 0 0 0 21 21 0 0 0 0 31 13 11 0 0 0 28 25 0 0 0 2 0 14 0 0 0 0 0 0 0 0 0 0 0 0 0 0 0 0 0 0 0 0 0 0 0 0 0 0 0 0 1 8 0 0 0 0 0 0 28 17 0 41 0 0 0 4 23 0 0 6 8 25 0 38 0 0 0 0 0 0 0 0 27 32 0 0 2 0 0 10 38 0 0 0 55 0 0 0 0 0 1 0 0 0 0 0 0 1 0 0 0 0 0 0 0 0 0 0 0 0 0 0 0 0 0 0 0 0 0 0 0 0 0 0 0 0 0 12 0 0 0 0 3 0 1 4 0 5 0 0 0 0 0 0 0 0 1 0 0 0 0 0 0 0 0 0 0 0 0 0 0 0 10 0 0 0 0 0 0 0 0 0 0 0 0 0 
 55 92 141 191 0 249 175 67 148 172 148 68 92 82 178 165 328 135 75 65 76 5 0 1 0 0 3 75 0 0 4 0 0 0 104 0 0 105 2 1 3 3 2 1 2 3 0 0 0 0 0 3 0 0 0 0 2 0 0 0 0 0 0 0 0 2 0 0 0 0 0 0 0 3 3 0 2 0 1 0 0 13 32 23 31 25 0 0 2 0 42 24 0 0 1 1 11 22 1 0 0 0 0 1 16 0 31 0 2 0 0 0 9 0 14 0 16 0 13 2 0 0 0 9 0 16 0 0 0 0 0 0 0 0 0 0 0 0 0 0 0 0 0 1 0 0 0 0 0 0 13 6 0 0 0 0 16 0 0 2 1 0 0 11 18 1 0 7 11 5 2 21 0 0 0 6 0 9 0 0 0 0 0 0 0 0 19 2 15 0 17 0 30 0 0 0 8 0 9 59 0 0 0 0 0 0 0 0 0 0 0 0 0 0 0 0 0 0 0 0 0 0 0 0 0 0 0 0 0 0 0 0 0 0 0 0 0 0 0 0 0 0 0 0 0 1 48 1 0 47 0 7 0 0 0 0 0 1 0 0 0 3 8 0 0 0 0 0 0 0 0 0 0 0 0 0 2 0 0 0 0 9 0 0 0 0 0 0 0 0 
 122 128 203 123 249 0 42 44 147 153 142 373 247 128 298 176 133 381 45 129 103 76 76 0 0 0 3 0 33 0 2 0 79 0 36 76 75 2 79 2 3 3 0 2 0 3 0 0 0 0 0 3 1 0 0 0 2 0 0 0 0 0 1 3 3 2 0 0 2 0 0 0 0 3 3 0 2 0 1 0 0 1 11 12 1 80 0 1 0 10 37 7 0 10 0 23 24 36 0 0 86 37 11 0 0 0 20 51 0 18 0 0 8 17 14 0 14 17 43 7 0 0 0 0 0 0 0 0 0 17 0 0 0 0 0 0 0 0 0 0 0 0 0 0 0 0 0 0 0 0 0 0 11 7 0 0 0 0 2 0 0 1 17 32 0 16 0 0 15 2 20 9 0 0 0 7 12 25 0 0 0 40 3 1 0 0 23 0 0 17 0 15 18 16 7 13 0 12 8 0 0 0 0 0 0 2 0 0 0 0 0 0 0 0 0 0 0 0 0 0 0 1 0 0 0 2 1 0 0 0 0 0 0 0 0 0 0 0 0 0 0 21 0 0 0 1 7 1 1 90 2 18 0 0 2 0 0 0 0 0 0 0 0 0 0 0 0 0 0 0 0 0 0 0 0 6 17 0 0 0 0 0 0 0 0 0 0 0 0 0 
 134 82 86 119 175 42 0 68 165 70 36 281 282 207 76 34 123 239 212 332 0 3 1 3 0 0 2 3 3 0 3 0 0 3 0 0 2 0 2 2 3 3 0 4 0 3 0 62 1 2 0 3 1 0 3 0 2 0 0 2 0 2 2 4 0 0 0 0 2 3 0 0 2 2 3 0 0 5 0 10 25 15 0 0 0 0 22 17 40 0 0 0 18 27 20 9 0 0 15 7 0 0 0 7 0 0 0 0 0 0 0 0 0 0 2 0 0 0 0 0 0 0 0 0 0 13 0 0 18 0 0 0 0 0 0 0 0 0 0 0 0 0 0 0 0 11 0 0 0 0 0 0 0 0 0 0 0 0 0 0 6 45 0 0 0 0 12 0 0 23 0 0 34 18 0 0 0 0 0 17 0 0 0 0 1 0 0 0 0 0 0 0 0 0 0 0 0 0 0 0 0 0 0 0 0 0 0 0 0 0 0 0 0 0 0 0 0 0 0 0 0 0 0 0 0 0 2 0 0 0 0 0 0 0 0 0 0 0 0 0 0 0 0 0 0 4 0 0 1 0 0 13 0 0 0 0 0 0 0 0 0 0 0 0 0 0 0 0 0 0 0 0 0 0 0 0 0 0 0 0 0 0 0 0 0 18 0 0 0 0 
 164 107 367 217 67 44 68 0 216 434 44 347 143 246 296 130 94 439 66 259 0 4 0 0 5 0 2 0 0 2 10 3 0 0 0 3 8 3 89 23 2 3 4 67 5 3 0 1 3 13 4 3 0 0 3 4 63 0 0 0 0 2 4 2 0 7 0 5 6 0 0 0 45 5 8 0 6 2 3 3 6 40 77 0 13 45 1 21 7 0 2 10 0 47 0 0 26 15 9 14 0 0 0 0 0 2 0 2 0 0 0 0 0 13 0 0 0 0 3 10 0 0 0 0 0 0 0 0 0 0 0 0 0 17 22 0 0 0 0 0 0 0 0 0 0 0 4 0 0 0 0 0 0 0 0 0 0 0 0 0 18 11 61 46 0 9 0 49 20 23 1 11 0 0 25 11 40 19 0 0 0 0 0 0 0 0 10 0 0 0 0 0 16 0 0 0 0 0 11 15 0 0 0 0 0 0 0 11 0 0 0 0 0 0 0 1 0 0 0 0 0 0 0 0 0 2 0 0 0 0 0 0 0 0 0 0 0 0 0 0 0 1 0 0 0 3 1 0 92 88 20 10 0 0 0 0 0 0 0 0 0 0 0 0 0 0 0 0 2 0 0 2 0 0 0 0 0 20 0 0 0 0 0 0 0 0 0 0 0 0 
 135 116 139 255 148 147 165 216 0 187 37 119 149 339 74 371 381 157 174 236 0 3 0 0 0 0 4 0 0 0 2 0 0 2 0 0 0 0 0 2 3 3 2 1 0 3 0 0 0 1 0 3 1 0 0 0 2 2 0 0 0 0 1 3 0 2 0 0 2 3 0 0 0 3 3 0 0 0 1 13 51 9 7 0 0 14 11 21 26 0 25 29 9 8 17 18 7 34 6 11 16 0 0 0 0 0 18 0 0 0 0 0 0 0 2 0 0 0 56 0 0 0 0 10 0 0 0 0 0 0 0 0 0 0 0 19 0 0 0 0 0 0 0 11 0 0 2 0 0 0 0 0 0 0 0 0 0 0 0 0 56 9 25 29 0 0 0 20 0 12 31 45 13 17 33 34 25 22 0 0 0 0 0 0 0 0 6 0 0 0 0 0 0 0 0 0 0 0 0 0 0 0 0 0 0 1 0 0 0 0 0 0 0 6 0 0 0 0 0 0 0 0 0 0 0 0 2 0 0 0 0 0 0 0 0 0 0 0 0 0 0 0 0 0 0 1 1 2 1 1 0 5 0 0 0 0 0 0 0 0 0 0 0 0 0 0 0 0 0 0 0 0 0 0 0 0 14 22 0 0 0 0 0 0 0 0 0 0 0 0 
 250 254 485 283 172 153 70 434 187 0 274 378 70 131 95 106 174 339 100 148 2 3 0 0 0 0 7 0 3 3 7 0 0 6 78 0 0 0 149 5 3 6 2 1 2 3 3 0 0 0 0 4 7 0 0 3 2 0 0 3 0 27 4 4 1 1 2 0 4 0 0 1 63 2 3 0 0 1 4 1 10 15 64 18 23 34 0 0 0 0 8 24 0 10 0 8 23 11 0 0 1 52 0 1 0 0 25 0 0 0 0 0 27 14 0 0 0 0 0 27 0 0 0 12 0 0 0 0 0 0 0 0 0 0 0 0 0 0 0 0 0 0 0 0 0 0 0 0 0 0 0 1 0 7 0 0 0 0 0 0 2 0 19 13 32 22 0 9 22 17 1 8 0 0 7 11 17 52 0 0 0 11 0 0 0 0 0 0 0 0 0 0 25 0 16 0 0 0 12 32 0 0 0 0 0 0 0 0 0 0 0 0 0 0 0 0 0 0 0 0 0 0 0 0 0 0 0 0 19 0 0 0 0 0 0 0 0 0 0 0 0 0 0 0 0 2 93 0 2 90 1 6 2 0 0 0 0 0 0 0 0 0 1 0 0 0 0 0 0 0 0 0 0 0 0 0 9 8 0 0 0 0 0 0 0 0 0 0 0 0 
 38 90 198 65 148 142 36 44 37 274 0 60 27 43 272 275 129 335 32 79 2 78 1 0 0 0 78 1 0 0 2 0 0 0 0 0 0 0 0 1 49 4 1 0 0 3 0 0 0 0 0 3 2 0 0 0 2 0 0 0 0 0 0 6 0 2 0 0 3 0 0 0 0 3 3 0 0 0 1 0 1 23 23 42 4 10 0 9 19 0 12 17 0 0 15 0 3 16 55 22 42 15 0 0 0 0 4 0 0 0 0 0 27 10 0 0 0 0 33 0 0 0 1 0 0 0 0 0 0 0 0 0 0 0 0 0 0 0 0 0 0 0 0 0 0 0 13 0 0 0 0 1 0 0 1 0 5 0 0 0 22 2 1 10 17 18 0 29 58 11 0 2 0 6 25 23 1 0 2 0 0 1 13 0 0 0 23 0 0 0 0 0 18 0 17 0 0 0 7 26 0 0 0 0 0 0 0 0 0 0 0 0 0 2 0 0 0 0 0 0 0 0 0 0 0 0 0 0 0 0 0 7 0 0 0 0 0 0 0 0 0 0 0 0 0 0 4 0 0 9 0 4 11 0 0 0 0 0 0 0 0 0 11 0 0 0 0 0 0 0 0 0 0 0 0 0 0 0 0 0 0 0 0 0 0 8 0 0 0 0 
 243 119 302 278 68 373 281 347 119 378 60 0 28 63 24 177 151 173 44 45 0 76 75 3 3 1 156 0 3 0 3 0 0 74 65 82 2 0 102 3 6 5 2 38 2 6 0 0 0 0 0 3 0 0 0 0 5 0 2 0 0 0 6 6 5 0 0 2 4 0 0 2 0 1 2 0 0 0 0 0 9 33 61 1 30 48 1 3 0 0 2 0 0 23 0 23 10 0 0 12 0 28 0 16 0 0 11 18 0 13 10 0 0 16 0 0 0 0 0 11 0 0 0 0 0 0 0 0 0 0 0 0 0 0 0 0 1 1 0 0 0 0 7 0 0 0 0 0 0 0 0 0 0 6 0 0 0 0 0 0 0 15 18 22 6 0 0 30 1 18 0 59 0 0 0 0 25 56 0 0 14 93 0 0 0 0 2 0 0 1 0 2 0 15 0 17 0 0 0 16 0 0 0 0 12 0 0 0 0 0 2 0 0 0 0 0 0 0 0 0 0 0 0 0 0 0 0 0 0 0 0 0 0 0 2 0 0 0 1 0 0 9 0 0 2 4 2 2 3 2 21 33 0 4 0 0 0 0 0 0 0 0 0 0 0 0 0 0 1 0 0 0 0 0 0 1 10 9 0 0 5 0 0 0 0 0 0 0 0 0 
 185 38 494 72 92 247 282 143 149 70 27 28 0 81 288 52 116 36 341 154 0 7 0 0 0 0 4 0 0 0 3 2 0 2 81 0 0 2 0 1 2 3 14 68 0 3 2 0 0 4 0 3 0 0 0 0 4 0 0 0 1 0 3 3 0 2 0 0 3 32 0 1 0 50 2 0 1 0 0 2 20 0 0 0 0 0 2 15 42 0 10 0 12 20 0 1 0 1 14 13 0 0 0 2 0 0 0 9 0 0 0 0 0 0 0 0 0 0 0 0 0 0 0 0 0 0 14 0 0 0 0 0 0 0 0 0 0 0 0 0 0 0 0 0 0 0 0 0 0 0 0 0 0 0 0 0 34 0 0 0 0 17 0 0 0 0 22 13 0 0 0 0 0 0 0 0 20 0 23 0 0 0 0 0 0 0 0 0 0 0 0 0 0 0 0 0 0 0 0 1 0 0 0 0 0 0 0 0 0 0 0 0 0 0 0 0 0 0 0 0 0 0 0 0 0 0 0 0 0 0 0 2 0 0 0 56 0 0 0 0 0 0 0 0 0 0 0 1 0 2 2 17 0 0 0 0 0 0 0 0 0 0 0 0 0 0 0 0 0 0 0 0 0 0 0 0 0 0 0 0 0 0 0 0 0 0 0 0 0 29 
 28 248 274 87 82 128 207 246 339 131 43 63 81 0 188 138 336 21 259 219 0 3 0 0 0 0 2 0 0 204 3 0 204 0 0 2 0 0 75 1 2 3 2 2 0 3 0 0 0 0 0 3 0 62 0 0 2 0 5 0 0 0 3 3 0 2 0 0 2 0 0 0 0 1 2 0 0 0 0 12 49 0 6 0 0 10 0 30 50 14 12 0 12 11 77 16 46 7 0 19 0 2 0 0 0 0 2 0 0 0 0 0 0 0 0 0 0 0 0 0 0 0 0 0 21 0 0 0 0 0 0 0 0 0 0 0 0 0 0 0 0 0 0 0 0 0 0 0 0 0 0 0 0 11 1 0 2 0 0 0 33 9 28 11 0 1 0 13 0 30 0 27 11 9 13 8 34 17 0 16 0 0 0 0 0 0 0 0 0 0 0 0 0 0 0 0 0 0 0 0 0 0 1 0 2 0 0 0 0 0 0 1 0 0 0 0 0 0 0 0 0 0 0 0 0 0 0 1 0 0 0 0 0 0 0 0 0 0 0 0 0 0 0 0 0 4 4 0 3 1 0 7 0 0 0 0 2 0 0 0 0 0 7 0 0 0 0 0 0 0 0 0 0 0 0 0 0 18 0 0 0 0 0 0 0 0 0 0 0 0 
 209 253 156 152 178 298 76 296 74 95 272 24 288 188 0 71 123 129 190 175 0 3 0 0 0 0 2 0 0 0 3 0 0 2 0 0 0 0 3 1 3 68 0 1 0 3 0 64 0 0 0 3 0 0 0 0 4 0 0 0 0 0 2 0 0 3 0 0 0 0 0 0 0 2 3 0 0 0 1 0 8 32 21 46 12 10 57 0 64 0 0 15 30 0 14 8 11 1 12 40 0 0 0 0 0 0 0 0 0 0 0 0 0 0 0 0 0 0 17 11 0 0 2 0 0 0 0 1 0 0 0 0 0 0 0 0 0 0 0 0 0 0 0 0 0 0 0 0 16 0 0 0 0 0 0 2 0 0 0 0 29 13 11 21 16 0 12 9 11 27 0 1 14 37 9 0 0 1 2 9 0 0 0 0 0 0 0 0 0 0 0 0 0 1 0 0 0 0 11 10 0 0 0 2 0 0 0 0 0 0 0 0 0 0 0 0 0 0 0 0 0 0 0 0 0 0 0 0 0 0 0 0 0 0 0 0 0 0 0 0 0 0 0 0 0 2 88 0 2 1 0 5 14 0 0 0 0 0 0 0 0 0 1 0 0 0 0 0 0 0 0 0 0 0 0 0 0 0 0 0 0 0 0 0 0 0 0 0 0 0 
 30 745 298 50 165 176 34 130 371 106 275 177 52 138 71 0 265 711 133 56 3 3 0 3 0 0 2 3 3 0 3 2 0 3 0 0 2 0 78 0 3 5 0 75 0 3 0 0 2 37 2 3 0 0 3 0 63 0 0 1 0 1 2 3 0 3 39 0 2 3 0 0 0 2 3 0 4 0 2 0 57 15 15 1 7 13 11 11 0 12 0 14 15 0 22 9 0 12 8 59 2 9 0 0 0 0 16 21 0 0 0 0 7 0 2 0 0 0 13 0 0 0 0 0 0 0 14 0 0 0 0 0 0 0 0 0 0 0 0 0 7 0 0 0 0 0 1 0 0 0 0 0 0 0 11 0 13 0 0 0 2 7 0 16 0 0 2 28 8 16 0 0 0 0 0 10 19 28 0 1 1 0 0 0 0 0 38 0 0 0 0 0 19 10 0 0 0 0 0 1 0 0 0 0 0 1 0 0 0 0 0 0 0 0 0 0 0 0 0 0 0 0 0 0 0 0 2 0 0 0 0 0 0 0 0 0 0 0 0 0 0 12 0 0 0 0 0 0 88 191 3 7 0 0 0 0 0 0 0 0 0 0 0 0 0 0 0 0 0 0 0 0 0 0 0 7 0 0 0 0 0 0 0 0 0 0 0 0 0 0 
 32 149 349 34 328 133 123 94 381 174 129 151 116 336 123 265 0 239 174 533 0 3 0 0 0 0 2 0 0 0 3 0 0 0 0 0 0 0 0 2 2 3 2 2 0 3 0 0 0 0 1 3 0 0 0 0 2 0 0 0 0 0 3 2 0 3 0 0 1 0 0 0 0 1 2 0 0 0 0 3 40 0 47 9 0 0 0 7 37 14 29 0 6 10 47 58 7 18 11 39 0 0 0 0 0 0 0 0 0 0 0 0 7 0 0 0 0 0 13 0 0 0 0 0 0 0 0 0 0 0 0 0 0 0 0 0 0 0 0 0 0 0 0 0 0 0 2 0 0 0 0 0 0 0 0 0 0 0 0 0 51 29 21 13 0 0 0 11 7 25 0 12 15 3 33 24 27 4 0 29 0 0 0 0 0 0 18 0 0 0 0 0 8 0 0 0 0 0 7 0 0 0 0 0 0 0 0 0 0 0 0 0 0 0 0 0 0 0 0 0 0 0 0 0 0 0 0 0 0 0 0 0 0 0 0 0 0 0 0 0 0 0 0 0 0 1 0 0 3 1 0 7 2 0 22 0 0 0 0 0 0 0 0 0 0 0 0 0 0 0 0 0 0 0 0 0 0 14 0 0 0 0 0 0 0 0 0 0 0 0 
 25 121 121 140 135 381 239 439 157 339 335 173 36 21 129 711 239 0 41 20 0 3 0 0 0 0 3 0 0 0 2 0 73 0 0 0 0 2 24 0 3 4 2 1 0 3 0 0 0 1 0 7 2 0 0 0 2 0 0 0 0 0 0 3 0 2 0 0 3 0 0 0 0 3 3 6 0 0 10 0 8 14 11 16 3 117 0 9 0 11 27 17 0 14 0 16 19 22 0 0 0 23 0 10 0 0 23 1 0 0 0 0 26 1 0 0 0 0 0 7 0 0 0 9 0 0 2 0 0 0 0 0 0 0 0 0 0 2 0 0 0 0 0 0 0 0 4 0 0 0 0 0 0 0 0 19 0 0 0 0 10 0 18 42 0 20 0 28 18 31 4 13 0 0 9 30 54 31 0 0 1 19 0 0 0 0 24 0 0 2 0 0 31 0 0 0 0 0 8 15 0 0 0 0 0 0 0 0 0 0 0 0 0 0 0 0 2 0 0 0 1 0 0 0 0 0 0 0 0 0 0 0 2 1 0 0 0 0 1 0 0 1 0 0 0 0 3 1 0 128 1 9 0 0 0 0 0 0 0 2 0 0 0 0 0 0 0 0 0 2 0 0 0 0 0 1 10 0 0 0 0 0 0 0 0 0 0 0 0 0 
 56 526 474 101 75 45 212 66 174 100 32 44 341 259 190 133 174 41 0 335 0 5 0 0 21 1 2 0 3 6 5 0 2 3 0 0 0 0 0 4 3 3 4 1 0 3 0 0 0 0 0 3 0 0 3 0 2 4 0 1 3 0 2 3 0 2 1 0 2 2 0 0 0 2 3 0 0 0 0 0 18 0 7 0 1 0 1 34 51 1 0 0 13 0 72 36 10 10 4 15 0 0 0 0 0 0 0 0 0 0 0 0 0 0 0 0 0 2 0 3 0 0 0 0 0 0 0 0 0 0 0 0 0 0 0 0 0 0 0 0 0 0 0 0 1 0 0 0 0 0 0 0 0 0 13 0 0 0 0 0 29 2 10 0 1 0 4 1 0 10 0 10 16 16 2 17 0 0 0 55 0 0 0 0 0 0 0 0 0 0 0 0 0 0 0 0 0 0 0 0 0 0 0 0 0 0 0 0 0 0 0 0 0 0 0 0 0 2 0 0 0 0 0 0 0 0 0 0 0 0 0 0 0 0 0 0 0 0 0 0 0 0 0 0 0 0 1 0 3 2 2 10 0 0 0 0 0 0 0 0 0 0 17 0 0 35 0 0 0 0 0 0 0 0 0 0 0 0 0 0 0 0 0 0 0 0 0 0 0 0 
 82 351 127 99 65 129 332 259 236 148 79 45 154 219 175 56 533 20 335 0 2 57 0 0 0 0 2 1 0 0 3 0 0 0 0 0 0 0 0 3 3 62 2 1 0 3 0 0 0 0 0 3 2 0 43 0 2 0 0 0 0 0 2 3 0 0 0 2 2 0 0 0 0 2 3 0 0 0 0 6 20 17 0 20 0 0 21 17 14 0 0 0 1 12 19 11 10 12 13 67 0 0 0 0 0 0 0 0 0 0 0 0 0 0 0 0 0 0 0 0 0 0 0 0 0 0 0 0 0 0 0 0 0 0 0 0 0 0 0 0 0 0 0 0 0 0 0 0 0 0 0 0 2 0 0 0 0 0 0 16 26 14 11 0 7 0 43 1 4 3 0 16 17 35 22 38 26 0 22 18 0 0 0 0 0 0 0 0 0 0 0 0 0 0 0 0 0 0 0 0 0 0 0 0 0 1 0 0 0 0 0 0 0 0 0 0 0 0 0 0 12 2 0 0 0 1 1 0 0 0 0 0 0 0 0 0 0 0 0 0 0 0 0 0 0 2 2 0 2 0 1 120 0 0 0 0 0 0 0 1 0 0 12 0 0 0 0 0 0 0 0 0 0 0 0 0 0 0 0 0 0 0 0 0 0 0 0 0 0 0 
 0 0 0 62 76 103 0 0 0 2 2 0 0 0 0 3 0 0 0 2 0 148 79 148 134 54 378 79 104 38 31 26 331 142 67 61 336 64 136 255 1 0 2 0 0 0 0 0 0 3 0 0 0 0 0 0 2 2 3 0 0 0 0 0 0 9 0 0 0 0 0 0 0 0 0 0 0 0 0 0 0 0 0 0 0 0 0 0 0 11 0 0 0 0 0 0 0 0 0 0 34 9 20 0 12 0 0 41 22 0 0 0 0 10 37 9 9 17 24 0 0 1 0 0 0 0 0 0 2 0 0 0 0 0 0 0 0 0 0 0 0 0 0 0 0 0 0 0 0 0 0 6 0 0 0 0 6 0 0 0 0 1 0 0 15 13 0 0 0 0 12 0 0 0 0 0 4 17 0 1 21 15 14 0 16 5 2 63 21 41 33 10 32 30 40 35 45 17 12 27 0 0 0 0 0 0 20 1 0 0 0 0 0 0 0 1 0 0 20 0 0 0 0 0 0 0 0 2 0 0 0 0 0 0 0 0 0 0 0 1 0 35 0 0 0 0 0 0 0 0 0 0 0 0 13 0 0 6 0 0 3 12 0 0 0 0 2 0 0 0 0 0 0 0 0 0 0 0 0 22 0 3 0 0 0 0 0 0 0 0 
 0 3 3 3 5 76 3 4 3 3 78 76 7 3 3 3 3 3 5 57 148 0 192 193 66 40 91 336 59 43 190 48 126 27 149 159 141 38 134 69 2 0 2 204 0 0 0 0 0 3 1 0 1 0 0 0 2 3 33 0 0 0 0 0 9 3 0 0 0 0 0 0 0 0 0 0 0 0 0 0 0 0 0 0 1 0 0 0 0 0 0 0 0 0 0 0 0 0 0 0 20 29 14 24 42 0 0 25 20 4 29 1 1 54 5 74 23 43 10 1 9 1 1 0 0 0 21 0 0 0 0 11 0 2 0 0 0 0 0 13 0 0 0 0 0 0 0 8 0 3 0 0 21 0 0 0 0 0 0 0 0 0 0 1 8 11 0 0 0 0 0 0 0 0 14 0 0 0 0 0 12 19 11 3 19 0 11 1 7 43 0 21 10 21 10 27 14 29 0 58 0 8 0 0 0 0 27 0 19 8 0 0 0 0 0 0 0 0 19 0 13 0 0 0 0 0 0 0 0 37 1 0 0 0 0 0 0 0 0 0 0 0 0 0 0 0 0 0 0 0 0 0 0 0 14 0 0 1 77 0 10 0 0 0 0 0 0 0 0 6 0 0 0 0 0 1 0 0 0 0 0 0 0 0 0 23 0 0 0 0 
 0 0 1 0 0 76 1 0 0 0 1 75 0 0 0 0 0 0 0 0 79 192 0 137 333 24 101 175 264 121 38 26 67 56 212 171 71 39 147 212 0 1 2 0 0 0 0 0 0 3 0 0 0 0 0 61 2 2 3 0 0 0 0 0 8 3 0 0 0 1 49 1 0 0 0 0 1 0 28 0 12 0 0 0 2 0 0 0 0 0 0 0 0 0 0 0 0 1 0 0 14 17 33 7 11 0 0 21 38 8 3 11 12 39 12 0 24 2 0 1 0 2 0 0 0 0 0 0 12 0 0 0 0 0 0 0 0 2 10 13 0 0 0 0 0 0 0 0 0 2 0 0 0 0 2 0 0 0 0 0 0 2 0 0 11 0 0 0 0 0 0 2 0 0 0 0 0 0 0 2 26 64 8 7 14 0 0 28 0 46 20 4 9 19 14 55 21 16 0 30 0 0 0 0 0 0 20 0 15 0 0 0 11 0 0 2 0 0 28 14 0 0 0 0 0 0 0 1 0 0 0 0 0 0 0 0 0 0 0 2 0 0 1 0 0 0 0 0 0 0 0 0 0 0 6 2 2 3 2 0 16 0 0 0 0 0 0 0 0 0 0 0 0 0 0 0 0 0 0 21 0 12 0 0 0 0 0 0 0 0 
 0 6 4 0 1 0 3 0 0 0 0 3 0 0 0 3 0 0 0 0 148 193 137 0 305 53 109 84 281 241 174 209 202 111 75 34 185 124 299 200 63 3 1 0 0 209 1 55 0 8 3 0 99 2 0 0 2 2 88 21 0 2 0 0 0 15 0 0 0 0 0 0 0 2 0 0 0 0 0 0 0 0 0 0 1 0 0 0 0 0 0 0 0 0 0 0 0 0 0 0 24 0 8 13 32 13 0 1 6 0 1 0 0 12 29 17 53 47 0 0 0 29 14 0 0 0 12 0 11 0 0 0 0 10 0 5 0 0 0 24 0 0 2 0 0 4 0 0 0 0 0 0 0 0 1 0 0 0 0 0 0 0 0 2 0 0 0 0 0 0 0 0 0 0 0 0 0 0 0 0 1 0 13 0 21 27 0 18 12 35 0 28 0 15 33 0 18 33 0 18 0 0 0 0 0 0 0 0 0 16 0 0 17 0 10 1 0 0 1 4 0 0 0 0 0 0 0 0 0 0 2 0 0 0 0 0 0 0 0 0 0 0 5 0 0 0 0 0 0 0 0 0 0 0 5 2 0 129 1 2 10 0 12 0 0 0 11 0 0 0 0 0 0 0 0 0 0 0 0 0 0 0 0 0 0 0 0 0 0 0 
 1 0 2 0 0 0 0 5 0 0 0 3 0 0 0 0 0 0 21 0 134 66 333 305 0 607 73 176 138 151 154 131 150 89 75 88 370 31 109 88 2 0 0 0 0 0 64 0 0 66 0 0 0 0 0 0 2 2 65 16 0 0 0 0 0 3 0 0 0 1 0 0 0 0 0 0 0 0 0 0 0 2 0 0 0 0 0 0 0 0 0 0 0 0 0 0 0 0 0 0 17 0 10 24 35 28 0 8 24 24 35 31 0 1 0 22 0 19 0 9 9 15 0 1 0 0 17 1 2 0 0 0 0 0 0 29 0 0 25 10 0 0 9 0 0 0 0 0 0 12 0 0 0 0 0 0 0 0 0 1 0 3 0 0 0 0 0 0 0 0 0 0 0 0 0 0 0 0 0 0 1 13 11 11 20 8 0 2 20 24 0 21 0 0 15 15 0 9 0 0 0 0 7 0 0 0 13 7 0 28 1 0 23 0 12 0 0 0 30 51 0 0 0 0 0 0 0 0 0 0 0 0 0 0 0 0 0 0 6 0 0 0 0 0 0 0 0 0 0 0 0 0 0 0 15 0 2 0 0 0 10 0 0 0 0 0 0 0 0 0 0 0 0 0 0 0 0 0 0 0 0 0 0 0 0 0 10 0 0 0 
 2 6 0 0 0 0 0 0 0 0 0 1 0 0 0 0 0 0 1 0 54 40 24 53 607 0 38 121 37 226 226 47 37 55 280 174 143 145 37 42 0 68 2 5 4 2 123 4 1 7 2 0 4 62 56 2 2 5 133 0 2 3 3 42 51 9 0 3 2 6 0 2 4 0 6 0 2 3 0 1 0 0 0 0 0 0 0 0 0 0 0 0 0 0 0 0 0 0 0 0 0 0 11 14 12 27 0 0 13 7 34 55 0 2 0 31 0 12 0 0 8 13 27 0 0 0 26 0 0 0 0 0 22 1 6 52 15 0 22 19 0 0 0 0 0 0 0 4 0 2 0 2 0 0 0 0 0 0 0 0 0 0 0 2 0 0 0 0 0 0 0 0 0 0 0 0 0 0 0 0 1 0 0 0 0 29 0 0 14 2 13 7 0 0 0 17 22 12 0 0 13 16 0 0 22 0 15 0 67 17 0 0 8 0 24 0 0 0 22 49 0 0 0 0 0 0 0 0 0 0 2 0 0 0 0 0 10 0 0 0 0 0 0 0 0 0 0 0 0 0 0 0 1 0 15 2 5 80 0 6 0 0 32 65 0 0 7 0 0 0 0 0 0 0 0 0 0 0 0 0 0 0 0 0 0 0 11 0 0 0 
 3 3 5 3 3 3 2 2 4 7 78 156 4 2 2 2 2 3 2 2 378 91 101 109 73 38 0 227 81 44 254 52 216 113 236 260 31 170 294 119 6 4 2 0 0 0 0 0 0 3 0 0 0 6 0 50 2 2 86 29 0 0 0 0 0 3 0 0 1 2 0 0 0 0 0 48 0 0 0 0 0 0 0 0 16 1 0 0 0 7 0 0 0 0 0 0 0 0 0 0 21 30 31 9 1 0 39 0 1 0 10 1 20 25 7 27 0 2 10 30 0 0 0 0 0 0 0 0 0 0 0 10 0 0 0 0 0 0 0 1 0 0 0 0 2 2 0 0 0 0 0 2 0 0 0 0 1 0 2 0 0 0 0 0 13 11 0 0 0 0 0 7 2 0 0 0 0 0 0 0 66 0 26 11 2 0 32 14 28 4 0 0 22 4 27 29 11 0 0 39 0 0 0 0 0 0 0 0 0 0 0 0 4 0 0 0 0 0 0 19 0 0 0 0 0 0 17 0 0 0 0 0 0 0 0 0 0 0 0 0 0 0 0 0 0 0 0 0 0 0 0 0 0 0 15 0 2 0 1 2 0 6 0 0 0 0 0 0 0 0 0 0 0 0 0 29 0 0 0 0 0 41 0 0 0 12 0 0 0 0 
 0 0 0 0 75 0 3 0 0 0 1 0 0 0 0 3 0 0 0 1 79 336 175 84 176 121 227 0 143 92 20 34 429 130 128 274 105 324 151 317 0 5 2 204 0 1 0 0 0 3 0 0 0 0 0 0 3 2 3 63 0 0 0 0 0 54 0 0 0 1 0 0 0 0 0 0 0 0 0 0 0 0 0 0 18 0 0 0 0 0 0 3 0 0 0 0 0 0 0 0 41 0 2 9 0 0 62 18 10 8 0 7 31 9 40 37 49 16 11 27 0 2 0 0 0 0 0 0 0 0 0 0 0 0 0 0 0 2 1 0 0 0 0 0 0 0 1 2 0 0 0 5 0 0 0 0 14 0 0 0 0 6 0 0 18 0 0 11 0 0 12 3 0 1 0 0 0 13 0 0 12 0 28 24 6 7 29 19 29 14 37 10 14 1 21 5 14 12 1 22 0 0 12 0 0 0 0 0 0 0 0 0 0 0 0 0 0 12 0 0 0 0 0 0 0 0 24 1 0 0 0 0 0 0 0 0 0 0 0 0 0 0 0 0 0 0 0 0 0 0 0 0 0 0 0 3 0 0 0 4 1 2 0 0 0 0 2 0 0 0 0 2 0 0 0 0 0 0 0 0 0 20 0 0 0 1 0 0 0 0 
 0 0 3 0 0 33 3 0 0 3 0 3 0 0 0 3 0 0 3 0 104 59 264 281 138 37 81 143 0 148 340 100 252 176 162 63 176 27 98 75 0 0 1 0 0 0 0 0 0 7 0 0 0 0 0 0 2 2 75 0 0 0 0 0 0 5 0 0 0 0 0 30 0 0 0 0 0 0 0 0 0 0 0 0 0 0 0 0 0 0 0 0 0 0 0 0 0 0 13 0 7 0 11 32 12 0 0 14 21 20 13 38 0 12 18 19 79 41 2 24 0 0 0 0 0 0 15 0 0 0 0 0 16 0 0 0 0 0 1 31 0 0 0 0 0 0 0 0 0 4 0 0 0 0 0 0 0 0 0 0 0 0 0 0 0 0 0 0 0 0 0 0 0 0 0 0 0 0 0 0 23 11 7 21 26 25 0 1 50 18 6 7 0 25 12 16 8 2 22 11 0 0 0 0 0 0 1 0 0 1 0 8 85 12 0 0 0 0 13 40 0 0 2 0 16 0 0 0 0 1 0 0 0 0 0 0 0 0 0 0 0 0 19 0 0 0 0 0 0 0 0 0 0 0 6 1 4 0 0 1 12 0 0 0 0 0 0 0 0 0 0 0 0 0 0 0 2 0 0 0 0 0 0 0 0 0 10 0 0 0 
 8 0 4 0 0 0 0 2 0 3 0 0 0 204 0 0 0 0 6 0 38 43 121 241 151 226 44 92 148 0 170 28 342 200 84 265 139 109 103 101 11 0 0 0 1 0 87 62 0 3 0 0 79 0 1 0 3 3 4 61 0 0 0 0 0 3 0 0 0 0 0 0 0 0 0 0 0 0 0 0 0 0 0 0 0 0 0 0 0 0 0 9 0 0 0 0 0 0 0 0 2 0 11 11 47 46 0 14 28 26 50 11 0 18 0 0 0 37 0 0 10 29 9 0 19 0 16 0 5 0 5 0 0 0 0 8 0 0 20 14 0 0 0 0 0 1 0 2 0 0 0 0 0 0 0 0 0 0 0 0 0 6 0 0 0 0 0 0 0 0 0 21 0 0 0 0 0 0 0 0 0 10 0 11 28 1 0 14 15 22 1 1 0 0 14 0 61 25 0 0 1 9 0 0 0 0 0 1 9 1 0 0 30 0 24 1 0 0 0 28 0 0 0 0 0 0 0 0 0 35 0 0 0 0 0 9 0 0 0 1 0 0 0 0 0 0 0 0 0 0 0 2 0 0 12 0 2 39 74 1 10 0 0 0 0 0 0 0 0 0 0 0 39 0 0 0 1 0 0 0 0 0 0 0 0 0 4 0 0 0 
 0 2 3 3 4 2 3 10 2 7 2 3 3 3 3 3 3 2 5 3 31 190 38 174 154 226 254 20 340 170 0 107 38 26 73 358 186 124 104 56 0 0 0 0 0 0 127 0 0 3 0 0 126 0 0 0 63 3 135 125 11 0 0 0 0 3 0 0 0 0 0 0 0 0 0 0 0 1 0 0 0 0 0 0 0 0 0 0 0 0 0 0 0 0 0 0 0 0 0 0 21 0 11 18 14 11 0 0 2 6 70 10 0 1 0 18 0 13 0 0 0 10 8 0 0 0 39 40 0 0 0 0 30 12 0 0 0 0 27 18 0 0 0 0 0 0 0 5 0 4 0 0 21 0 0 0 0 0 0 0 0 0 0 0 0 4 0 0 0 0 16 0 0 0 0 0 4 0 0 0 0 29 0 20 42 0 0 0 0 41 15 26 0 0 0 11 12 9 0 0 6 0 0 0 0 0 7 0 0 10 0 0 16 2 13 0 0 0 48 70 0 0 0 0 0 0 0 0 0 9 0 0 0 0 0 11 0 2 0 0 0 0 0 0 0 0 0 0 0 0 0 0 0 2 4 0 0 75 104 0 4 0 0 0 0 0 0 0 0 0 0 0 0 0 0 0 0 0 0 0 0 0 0 0 0 0 1 0 0 0 
 0 0 0 0 0 0 0 3 0 0 0 0 2 0 0 2 0 0 0 0 26 48 26 209 131 47 52 34 100 28 107 0 13 31 33 106 49 228 223 16 4 0 2 0 6 3 1 159 0 9 0 0 97 0 0 2 7 29 59 124 6 0 3 3 0 3 0 0 4 0 0 0 2 0 5 0 0 0 0 0 0 0 0 0 0 0 0 0 0 0 0 0 0 0 0 0 0 0 0 0 0 0 0 0 11 12 0 0 0 9 0 0 0 0 0 9 15 0 0 0 0 9 0 0 0 0 11 12 0 0 13 0 42 12 18 9 5 25 8 6 0 0 0 0 0 5 0 0 0 0 0 0 13 0 0 0 0 0 0 0 0 11 0 0 0 8 0 0 0 0 0 3 0 0 0 0 0 0 0 11 0 0 0 9 14 9 0 0 31 0 33 16 0 0 0 0 12 0 0 0 6 45 0 0 0 0 18 13 0 11 0 0 64 11 7 8 14 0 38 10 7 0 0 0 0 0 0 0 0 0 0 0 0 0 0 0 0 0 0 0 0 0 12 0 0 0 0 0 0 0 0 0 0 0 9 6 0 5 73 0 1 4 0 0 0 0 0 0 0 0 2 0 0 0 0 0 0 0 0 0 0 0 0 0 0 0 0 0 0 0 
 0 0 1 75 0 79 0 0 0 0 0 0 0 204 0 0 0 73 2 0 331 126 67 202 150 37 216 429 252 342 38 13 0 329 137 42 162 55 149 384 7 5 3 0 0 0 0 0 0 3 0 0 1 0 0 0 2 3 3 62 1 0 0 0 0 12 0 0 0 0 0 0 0 0 0 0 0 0 0 0 0 0 0 10 0 8 0 2 0 27 14 0 0 0 0 10 0 19 0 0 79 2 11 8 0 0 18 22 12 0 0 9 0 20 75 15 22 27 13 23 0 0 0 0 0 0 0 0 0 0 0 0 0 0 0 0 0 0 1 0 0 0 0 0 2 0 0 0 0 0 0 0 0 3 0 0 0 0 2 0 0 4 0 0 1 32 0 0 0 0 0 0 0 0 0 0 0 0 0 0 28 0 41 23 3 36 2 32 27 20 0 7 3 21 37 0 2 2 21 0 0 0 0 0 0 0 0 0 0 0 0 0 0 0 0 0 0 0 0 0 0 0 0 0 0 0 0 0 0 0 0 0 0 0 0 0 0 0 9 0 0 1 0 0 0 0 89 0 0 0 0 0 0 0 1 0 1 0 0 2 10 0 0 0 0 0 15 0 1 0 0 0 0 0 0 17 0 0 0 0 0 3 0 0 0 0 0 0 0 0 
 0 4 1 102 0 0 3 0 2 6 0 74 2 0 2 3 0 0 3 0 142 27 56 111 89 55 113 130 176 200 26 31 329 0 224 25 24 33 267 313 5 7 3 0 0 0 0 0 0 3 0 0 1 0 0 0 2 2 3 0 0 0 0 0 0 8 0 0 1 2 0 0 0 0 0 0 0 0 0 0 0 0 0 0 18 0 0 1 33 24 0 0 0 0 0 0 0 18 0 0 21 0 0 39 2 0 2 16 22 0 6 30 10 14 2 13 9 1 15 46 0 0 0 0 0 0 2 0 0 0 0 0 0 0 0 0 0 0 2 12 0 0 0 0 1 0 0 0 0 0 0 0 0 0 0 0 0 0 1 0 0 0 0 0 0 20 0 0 0 0 20 0 0 0 0 0 0 0 0 0 23 11 1 13 12 27 16 61 14 0 0 8 0 10 11 19 13 0 10 17 0 0 0 0 0 0 0 0 0 0 0 0 8 0 0 0 0 0 0 12 0 0 0 0 0 0 0 0 0 0 0 0 0 0 0 0 0 0 0 8 0 0 0 0 0 1 0 0 0 0 0 0 0 0 11 2 2 0 0 2 1 0 0 0 0 0 7 0 0 0 0 0 0 0 0 0 1 0 0 0 0 0 0 0 0 0 11 0 0 0 
 2 0 0 0 104 36 0 0 0 78 0 65 81 0 0 0 0 0 0 0 67 149 212 75 75 280 236 128 162 84 73 33 137 224 0 358 110 125 180 115 24 5 2 0 0 0 52 0 22 3 0 0 1 0 0 64 2 3 3 61 0 0 0 0 7 3 0 0 0 0 0 0 0 0 0 0 0 0 0 0 0 2 0 0 26 17 0 0 0 0 0 4 0 0 0 13 0 0 0 0 32 27 7 21 0 0 44 27 0 11 7 7 24 10 33 21 46 19 11 48 0 0 0 1 0 0 0 0 0 0 0 0 0 0 0 0 0 0 0 0 0 0 0 0 0 0 0 0 2 0 0 6 0 0 0 0 12 0 0 0 0 0 0 0 17 0 0 0 0 0 26 0 0 0 0 0 0 11 0 0 12 40 18 13 0 11 26 2 23 12 19 8 19 10 0 25 0 23 0 74 0 0 0 0 0 0 0 0 0 0 0 0 15 0 0 0 0 11 0 0 0 0 0 0 0 0 0 0 0 17 0 7 0 0 0 0 0 0 0 0 0 0 1 0 0 0 0 0 0 0 0 0 0 0 16 0 1 0 1 0 0 0 0 0 0 0 2 0 0 0 0 0 0 0 0 0 6 0 0 0 0 25 0 0 0 2 0 0 0 0 
 0 0 2 0 0 76 0 3 0 0 0 82 0 2 0 0 0 0 0 0 61 159 171 34 88 174 260 274 63 265 358 106 42 25 358 0 119 217 454 308 62 0 0 0 0 0 15 0 0 3 0 0 0 1 1 0 2 2 66 1 0 0 0 0 6 3 0 0 0 1 0 0 0 0 0 0 0 0 0 0 0 2 0 0 0 0 0 0 0 0 0 0 0 0 0 0 0 0 0 0 0 13 36 0 27 23 0 14 0 35 16 16 0 21 0 1 12 22 0 0 8 14 16 0 0 0 28 20 10 0 0 2 19 0 0 0 0 0 8 33 0 0 0 0 0 0 0 3 0 0 0 0 25 0 0 1 2 0 0 0 0 0 1 0 11 8 0 2 0 2 6 0 0 0 0 0 5 0 0 37 0 19 1 0 1 0 0 1 0 24 20 2 0 17 0 13 0 26 1 12 0 9 0 0 10 0 8 0 11 6 0 0 2 0 13 1 0 0 12 21 0 0 0 0 0 0 0 1 0 20 0 2 0 0 0 0 0 0 0 0 0 0 0 0 0 0 0 0 0 0 0 0 0 0 20 2 0 149 136 2 0 7 0 0 0 0 0 0 0 0 0 0 0 0 0 0 0 0 0 0 0 0 0 0 2 0 0 7 0 0 
 0 1 0 0 0 75 2 8 0 0 0 2 0 0 0 2 0 0 0 0 336 141 71 185 370 143 31 105 176 139 186 49 162 24 110 119 0 115 56 119 0 0 0 0 0 0 35 0 0 7 0 0 1 0 0 0 2 4 66 0 0 3 0 0 1 3 0 0 0 0 0 0 1 0 3 0 0 0 0 3 0 0 0 0 0 0 0 0 0 0 0 0 1 0 0 0 0 0 0 0 25 14 19 11 9 23 0 16 0 40 31 0 0 0 9 10 26 14 0 0 0 0 13 0 0 0 22 0 0 0 0 0 9 0 9 2 0 0 0 9 7 0 0 0 0 0 0 7 0 8 0 0 0 0 0 0 0 0 0 0 0 0 0 0 0 1 0 0 0 0 0 0 0 0 0 0 0 0 0 0 0 15 27 10 0 7 0 12 9 13 12 21 0 10 18 14 0 11 0 0 0 12 0 0 0 0 18 0 2 9 0 0 6 12 18 0 0 1 19 31 0 0 0 0 0 0 0 0 0 0 0 0 0 0 0 0 0 0 0 0 0 0 8 0 0 0 0 0 0 0 0 0 0 0 6 0 0 95 0 3 0 0 0 0 0 0 10 0 0 0 0 0 0 0 0 0 0 0 0 1 0 0 0 0 0 0 0 0 0 2 
 0 74 75 0 105 2 0 3 0 0 0 0 2 0 0 0 0 2 0 0 64 38 39 124 31 145 170 324 27 109 124 228 55 33 125 217 115 0 29 256 0 0 0 0 0 0 186 0 0 3 1 0 63 1 0 0 2 2 67 61 1 0 0 0 0 3 0 0 0 0 0 0 8 0 52 0 0 0 0 0 0 0 0 0 0 0 0 0 0 0 0 0 0 0 0 1 0 0 0 0 0 0 23 0 16 11 0 0 11 2 26 32 15 33 0 0 2 0 0 0 0 10 9 0 0 0 57 28 0 0 0 0 38 0 0 0 1 9 11 32 0 0 0 0 0 0 0 0 0 0 0 6 13 0 0 0 11 0 0 0 0 0 0 1 12 16 0 0 0 0 22 0 0 0 0 0 5 0 0 0 1 12 0 4 3 0 0 0 18 13 46 1 20 7 0 6 18 0 0 39 5 0 0 0 0 0 0 0 0 19 0 0 22 0 23 0 0 1 27 18 0 0 0 0 0 0 0 0 0 0 1 0 26 0 0 0 0 0 0 0 0 0 0 0 0 1 0 0 0 0 0 0 0 0 5 0 0 100 40 2 0 8 48 0 0 0 1 0 0 0 0 0 0 0 0 0 0 0 0 0 0 24 0 0 0 0 0 0 0 0 
 0 0 66 0 2 79 2 89 0 149 0 102 0 75 3 78 0 24 0 0 136 134 147 299 109 37 294 151 98 103 104 223 149 267 180 454 56 29 0 127 7 13 1 0 0 0 0 0 0 3 0 0 1 0 0 0 2 3 3 62 0 0 0 53 0 3 0 0 0 0 0 0 2 0 0 35 0 0 8 0 1 0 21 0 25 53 0 0 0 36 12 10 0 20 0 8 8 10 0 0 18 0 0 26 15 0 10 15 0 0 13 0 1 2 18 48 19 0 9 11 0 0 0 0 0 0 0 0 0 0 2 0 0 0 0 0 0 0 0 0 0 0 0 0 0 0 0 0 0 0 0 0 0 6 0 0 0 0 0 0 0 0 20 12 0 60 0 0 0 1 0 8 39 0 0 17 1 39 0 0 36 0 33 16 0 0 19 28 9 0 0 2 19 15 14 17 0 0 30 28 0 0 0 0 0 0 0 0 0 0 0 0 0 1 0 0 0 0 0 0 0 0 0 0 0 0 0 0 2 0 0 0 0 0 0 0 1 0 0 0 0 0 0 0 0 0 82 0 0 36 0 0 0 0 4 0 0 0 0 1 1 1 0 0 0 0 0 0 0 0 0 0 0 0 0 18 0 13 0 0 0 2 0 0 0 10 0 1 0 0 
 4 2 4 57 1 2 2 23 2 5 1 3 1 1 1 0 2 0 4 3 255 69 212 200 88 42 119 317 75 101 56 16 384 313 115 308 119 256 127 0 0 0 1 0 0 0 0 0 0 3 0 0 1 0 0 0 2 3 4 0 0 0 0 0 0 12 0 0 0 0 0 0 0 0 0 0 0 0 0 0 0 0 0 0 12 0 0 0 0 0 10 0 0 0 0 5 10 12 0 0 16 2 1 12 17 0 5 12 10 1 6 0 53 13 12 10 23 21 2 12 0 0 0 0 0 0 0 0 0 0 0 0 0 0 0 0 0 0 0 0 0 0 0 0 0 0 0 0 0 0 0 0 0 0 0 0 0 0 0 0 0 0 0 0 0 2 0 0 0 10 14 0 0 0 0 0 0 0 0 1 2 4 14 9 14 34 13 22 0 45 21 7 0 46 8 15 41 16 9 12 0 0 0 2 0 0 0 0 0 0 0 0 0 0 1 0 0 0 0 0 0 0 0 0 0 0 0 0 0 0 0 0 0 0 0 0 0 0 0 0 0 0 0 0 0 1 5 0 0 0 0 0 0 0 3 0 4 1 0 7 0 0 0 0 0 0 14 0 0 0 0 0 0 0 0 30 0 0 0 0 0 0 0 0 0 0 0 0 0 2 
 0 3 2 3 3 3 3 2 3 3 49 6 2 2 3 3 2 3 3 3 1 2 0 63 2 0 6 0 0 11 0 4 7 5 24 62 0 0 7 0 0 339 89 257 85 52 55 254 51 184 41 247 84 110 52 53 31 101 48 41 0 0 0 0 0 0 0 56 20 0 0 0 0 0 0 0 0 0 0 0 0 0 0 0 0 0 0 0 0 3 0 2 0 0 0 0 0 0 0 0 1 0 0 0 16 0 9 0 0 0 0 0 0 0 8 0 0 20 1 3 16 40 7 8 0 3 0 9 65 15 19 0 0 1 7 31 28 4 19 0 0 0 0 0 0 4 0 2 0 0 0 0 0 4 19 0 0 0 24 21 2 0 0 0 0 3 0 0 0 0 0 0 0 0 0 0 0 5 0 0 8 0 15 3 6 6 0 7 0 0 0 0 0 0 5 0 0 14 9 19 9 11 9 0 6 3 15 11 48 9 12 34 14 11 2 42 31 1 0 0 0 0 0 0 0 0 0 0 0 15 0 0 9 0 0 0 0 0 30 0 0 0 0 0 0 0 0 0 0 34 0 3 0 2 0 0 0 28 0 0 0 0 0 0 1 18 0 1 0 0 0 0 0 0 0 0 0 0 0 0 0 3 0 0 0 0 0 6 2 0 
 61 72 3 3 3 3 3 3 3 6 4 5 3 3 68 5 3 4 3 62 0 0 1 3 0 68 4 5 0 0 0 0 5 7 5 0 0 0 13 0 339 0 174 130 37 88 88 90 203 106 173 221 66 144 151 198 105 32 250 203 0 0 0 0 0 0 0 0 0 0 0 1 0 0 0 0 0 0 0 0 0 13 0 7 0 0 19 0 43 5 0 0 13 0 0 0 0 0 0 6 0 20 5 0 1 0 4 0 0 0 0 0 3 0 2 0 0 0 0 8 7 0 3 0 20 12 0 14 11 13 2 19 0 24 41 0 38 9 2 0 0 0 0 0 0 0 0 0 0 0 0 0 2 0 0 0 0 0 5 0 5 11 8 19 0 6 6 0 0 0 0 0 0 25 0 15 0 0 0 0 8 0 6 6 0 0 0 4 0 0 0 0 5 0 1 15 0 0 4 0 20 18 9 0 22 0 11 0 27 0 21 35 12 1 0 64 15 61 0 0 0 9 0 0 0 0 0 0 0 0 0 0 21 23 1 0 0 0 34 0 0 0 0 0 0 0 0 0 0 0 0 7 0 1 0 0 0 0 1 0 0 0 0 36 31 0 2 0 0 0 0 0 0 0 0 0 0 0 0 0 0 2 0 0 9 0 0 0 0 0 
 2 0 0 0 2 0 0 4 2 2 1 2 14 2 0 0 2 2 4 2 2 2 2 1 0 2 2 2 1 0 0 2 3 3 2 0 0 0 1 1 89 174 0 74 260 43 205 237 89 134 41 34 322 69 77 29 152 375 107 106 0 1 0 0 0 0 5 6 6 1 0 0 3 0 0 0 0 0 6 0 7 0 0 1 0 0 0 0 0 0 0 0 0 0 0 0 0 0 0 0 0 0 0 0 0 14 0 0 0 0 0 0 0 0 0 0 0 0 0 0 2 0 1 16 0 5 7 0 18 12 27 16 7 15 2 11 13 47 9 0 0 14 0 0 0 5 0 0 4 0 0 0 0 5 5 5 0 5 24 9 10 0 17 0 0 0 0 0 0 0 0 0 0 0 0 0 0 0 0 0 0 0 0 0 1 0 0 0 0 0 2 0 0 4 0 0 0 0 0 0 1 13 9 0 19 70 19 8 0 0 0 19 0 0 6 9 8 0 4 0 4 2 3 0 1 0 0 0 5 0 0 0 6 0 16 10 0 0 7 0 0 0 7 0 0 0 0 0 2 0 0 10 0 0 0 0 0 1 0 1 0 0 0 65 0 10 0 2 0 0 10 0 0 0 0 0 0 0 0 0 0 0 0 0 0 80 0 0 0 0 
 4 63 67 2 1 2 4 67 1 1 0 38 68 2 1 75 2 1 1 1 0 204 0 0 0 5 0 204 0 0 0 0 0 0 0 0 0 0 0 0 257 130 74 0 239 70 66 313 98 137 305 173 64 75 276 88 137 191 146 58 0 54 0 0 0 0 48 53 0 0 0 0 1 46 23 0 0 0 0 23 1 20 19 0 11 1 0 18 0 0 0 0 0 0 0 0 3 0 0 27 0 0 0 0 0 0 0 0 0 0 0 14 0 0 0 0 0 0 0 0 0 0 0 0 22 46 40 0 0 0 8 4 0 0 0 0 6 0 0 0 18 4 0 0 0 8 0 0 0 0 0 0 30 7 27 2 29 1 10 13 0 14 6 0 0 0 0 20 1 0 0 1 0 0 0 1 0 0 0 0 0 0 0 0 0 0 0 0 0 0 0 0 0 0 0 0 11 0 0 0 0 0 0 20 18 6 0 0 15 9 27 17 0 0 15 0 0 10 0 0 13 9 0 0 0 0 60 14 10 0 0 0 2 37 0 0 22 0 0 11 0 0 0 0 0 0 0 0 36 0 24 0 0 2 0 0 0 0 0 20 0 0 2 0 0 2 0 0 2 0 0 0 0 0 0 0 0 0 0 0 0 0 0 0 5 0 0 0 0 15 
 0 0 2 1 2 0 0 5 0 2 0 2 0 0 0 0 0 0 0 0 0 0 0 0 0 4 0 0 0 1 0 6 0 0 0 0 0 0 0 0 85 37 260 239 0 478 44 147 130 371 485 68 360 273 113 377 91 131 491 73 0 0 0 0 0 0 54 48 0 0 1 0 51 52 28 0 65 0 98 0 0 0 0 0 0 0 0 0 0 0 0 0 0 0 0 0 0 0 0 0 0 0 0 0 0 0 0 0 0 0 0 0 0 0 0 0 0 0 0 0 0 22 0 9 0 36 0 0 0 0 33 0 0 0 1 0 0 0 0 0 15 0 0 3 0 0 10 0 1 0 0 0 0 11 0 55 24 0 12 0 14 0 0 0 0 0 0 0 0 0 0 0 0 0 0 0 0 22 17 0 0 0 0 0 0 0 0 0 0 0 0 0 0 0 0 0 0 0 0 0 0 0 20 29 0 10 0 0 0 0 19 10 0 0 0 1 22 0 0 0 9 11 0 0 0 1 37 0 0 19 26 0 18 22 9 0 0 7 11 16 0 0 0 0 0 0 0 0 0 0 0 12 0 2 0 0 0 0 32 2 0 0 0 2 4 36 6 0 4 0 12 0 0 0 0 0 0 0 0 0 0 0 0 0 0 0 0 0 0 0 
 0 3 3 34 3 3 3 3 3 3 3 6 3 3 3 3 3 3 3 3 0 0 0 209 0 2 0 1 0 0 0 3 0 0 0 0 0 0 0 0 52 88 43 70 478 0 50 36 49 95 97 198 40 41 73 173 125 130 273 56 0 6 1 1 3 8 0 0 0 1 58 0 0 0 60 0 57 9 53 0 0 0 0 0 0 0 0 0 0 0 9 0 0 0 0 0 0 0 0 0 0 0 0 0 0 0 0 0 0 0 0 0 0 0 0 0 0 0 0 0 10 0 0 0 23 10 0 19 0 13 0 9 0 0 0 0 0 0 0 0 25 3 7 0 23 3 11 0 0 7 0 0 0 4 1 15 19 0 9 0 0 0 0 0 0 0 0 0 3 0 0 0 0 0 0 2 0 0 0 0 0 39 0 0 0 0 0 0 0 0 0 0 0 0 0 0 0 0 0 0 0 10 1 24 31 0 0 4 14 15 18 0 0 23 0 0 1 34 0 0 0 30 0 0 0 8 17 0 7 19 10 11 5 13 14 9 0 1 0 12 0 0 0 0 0 0 0 0 0 0 0 10 0 0 0 0 0 0 0 9 0 0 62 0 0 0 30 0 0 0 30 0 0 0 0 7 0 0 0 0 0 0 0 0 19 0 0 0 0 0 
 0 0 0 4 0 0 0 0 0 3 0 0 2 0 0 0 0 0 0 0 0 0 0 1 64 123 0 0 0 87 127 1 0 0 52 15 35 186 0 0 55 88 205 66 44 50 0 128 131 36 111 35 183 196 126 51 95 27 65 109 0 0 0 0 0 0 0 0 0 0 0 0 0 0 0 0 0 0 0 0 0 0 0 0 0 0 0 0 0 0 0 0 0 0 0 0 0 0 0 0 0 7 10 3 11 43 0 0 3 8 26 0 0 0 0 0 0 0 0 0 7 0 52 3 0 0 16 11 10 18 1 0 14 0 22 0 16 14 10 12 0 0 0 0 0 0 0 0 0 0 0 0 0 0 3 0 0 0 1 0 4 0 0 0 0 0 0 0 0 0 0 0 0 0 0 0 9 4 0 0 0 0 0 14 7 0 0 0 0 0 0 6 0 0 0 1 0 0 0 21 19 0 4 0 4 17 16 0 12 0 7 0 32 0 25 11 0 0 0 4 0 0 0 0 0 0 0 0 0 17 0 0 0 0 0 0 0 0 20 0 0 0 0 0 11 0 0 0 0 0 0 0 0 0 0 0 0 74 0 0 0 0 1 6 0 0 2 0 0 0 0 0 0 0 0 0 0 0 0 0 0 0 0 0 0 0 8 0 0 0 
 0 6 56 0 0 0 62 1 0 0 0 0 0 0 64 0 0 0 0 0 0 0 0 55 0 4 0 0 0 62 0 159 0 0 0 0 0 0 0 0 254 90 237 313 147 36 128 0 131 56 172 127 200 96 80 261 114 33 142 79 2 0 13 6 0 0 3 0 2 2 3 0 3 0 2 0 0 4 1 0 0 0 0 0 0 0 0 0 0 0 0 0 23 0 0 0 0 0 0 0 0 0 0 0 1 1 0 0 0 0 0 0 0 0 0 0 0 43 0 0 32 34 8 2 7 37 10 8 25 16 23 7 0 39 16 8 0 35 0 0 0 0 0 0 0 14 1 2 0 0 0 0 4 0 0 0 0 0 33 7 9 0 0 0 0 0 0 0 0 0 0 0 0 0 0 0 2 5 0 0 0 0 0 0 17 10 0 0 0 0 16 8 0 0 0 0 0 0 0 0 14 24 0 3 12 27 18 15 0 0 0 28 1 0 18 7 0 21 63 0 0 0 0 0 0 0 0 0 0 0 0 0 2 0 0 0 0 0 0 1 0 0 0 0 4 0 0 0 0 0 0 2 0 1 0 0 0 128 0 2 0 0 0 1 1 10 2 0 2 0 0 0 0 0 0 0 0 0 0 0 0 0 8 0 34 2 0 0 1 0 
 0 0 0 3 0 0 1 3 0 0 0 0 0 0 0 2 0 0 0 0 0 0 0 0 0 1 0 0 0 0 0 0 0 0 22 0 0 0 0 0 51 203 89 98 130 49 131 131 0 212 68 158 119 98 341 74 84 307 161 72 11 0 7 6 2 0 4 0 0 2 6 8 0 0 19 5 0 18 0 0 0 0 0 0 0 0 0 0 0 0 0 0 0 0 0 0 0 0 0 0 0 0 0 0 0 3 0 0 0 0 0 0 0 0 0 0 0 0 0 0 18 2 0 10 22 12 10 31 25 13 28 34 0 0 5 28 16 29 18 0 8 0 0 1 18 0 0 0 0 19 39 6 0 0 0 0 0 0 41 5 9 0 0 0 1 0 0 0 0 0 0 0 0 0 0 0 0 0 0 23 0 0 17 0 0 0 0 0 0 0 0 0 0 0 0 0 0 0 0 20 23 0 0 22 39 0 20 13 20 1 22 37 16 7 0 13 10 4 0 0 0 11 0 4 0 0 19 25 0 14 0 0 57 35 0 0 10 0 12 0 0 0 0 0 0 0 0 0 0 0 0 11 0 0 0 0 0 0 0 1 0 0 1 79 1 15 1 0 0 0 0 0 0 0 0 0 0 0 0 0 0 0 0 0 0 11 0 7 0 0 
 3 0 3 1 0 0 2 13 1 0 0 0 4 0 0 37 0 1 0 0 3 3 3 8 66 7 3 3 7 3 3 9 3 3 3 3 7 3 3 3 184 106 134 137 371 95 36 56 212 0 614 56 72 163 121 369 75 267 295 79 0 0 0 0 0 0 0 52 5 2 0 0 0 0 0 0 0 0 0 0 0 0 0 0 0 0 0 0 0 0 0 0 0 0 0 0 19 0 0 0 0 0 1 0 0 0 0 0 7 6 0 0 1 0 0 30 8 0 0 0 36 17 9 3 0 14 0 6 43 66 76 0 10 0 17 8 9 54 4 0 0 0 4 0 0 0 0 0 0 0 0 0 0 0 0 15 0 0 13 20 6 0 0 0 0 0 0 0 0 0 0 0 0 0 0 0 0 4 0 0 0 0 0 0 0 0 0 0 10 0 1 0 0 0 0 0 0 0 0 0 2 3 0 0 21 6 19 64 10 7 10 28 13 32 0 20 7 24 0 0 28 0 0 0 0 0 0 0 0 0 0 0 2 0 0 0 0 0 1 0 0 0 4 0 0 0 0 0 0 0 0 7 0 2 0 0 0 0 0 0 0 0 67 1 1 12 2 1 0 0 11 0 0 0 0 0 0 0 0 0 0 0 0 0 20 0 0 12 0 0 
 0 4 2 0 0 0 0 4 0 0 0 0 0 0 0 2 1 0 0 0 0 1 0 3 0 2 0 0 0 0 0 0 0 0 0 0 0 1 0 0 41 173 41 305 485 97 111 172 68 614 0 295 243 114 134 156 102 533 325 267 0 0 0 0 0 2 23 51 0 0 0 0 1 23 56 0 3 1 0 0 0 0 0 0 0 0 0 0 0 0 0 0 0 0 0 0 0 0 0 0 0 0 21 0 0 12 0 0 0 0 0 0 0 0 0 0 0 0 0 0 2 0 1 10 0 40 0 0 16 19 47 12 0 22 14 0 0 19 1 0 8 0 0 0 0 0 0 0 0 0 0 0 10 11 0 8 0 0 25 0 8 0 0 0 9 0 0 0 0 0 0 0 0 0 0 0 0 0 0 0 0 0 0 0 0 0 0 0 0 0 0 0 0 0 0 0 0 11 0 0 1 6 15 21 19 0 19 0 0 0 1 42 0 0 0 3 0 9 0 0 7 0 0 0 0 0 23 0 0 0 9 0 6 11 16 1 14 16 0 8 0 0 0 0 0 0 0 0 0 0 0 0 0 0 0 0 0 0 0 7 0 0 1 64 71 12 2 0 1 0 0 0 0 0 0 0 0 0 0 0 0 0 0 0 15 0 0 0 0 0 
 0 3 5 3 3 3 3 3 3 4 3 3 3 3 3 3 3 7 3 3 0 0 0 0 0 0 0 0 0 0 0 0 0 0 0 0 0 0 0 0 247 221 34 173 68 198 35 127 158 56 295 0 41 19 109 182 162 383 23 29 1 0 0 0 0 0 0 0 0 0 0 0 0 0 0 4 0 0 0 43 0 0 0 0 0 0 0 0 0 0 0 0 0 0 0 0 0 0 0 0 0 0 0 0 0 0 0 0 0 0 0 0 0 0 0 0 0 0 0 0 0 0 0 0 53 18 0 0 0 19 0 15 0 0 12 0 0 0 0 0 12 0 0 0 0 0 42 15 0 0 0 0 18 62 0 0 0 10 23 12 0 0 0 0 0 0 0 0 4 0 0 0 0 0 0 0 0 0 0 0 0 0 0 0 0 0 0 0 0 0 0 0 0 0 0 0 0 0 0 0 0 16 15 43 25 17 0 0 13 0 22 22 0 0 0 0 10 11 0 0 0 11 0 0 0 0 3 19 1 0 0 0 25 33 1 0 20 0 57 0 0 0 0 0 0 0 0 0 0 0 0 0 0 0 0 0 0 0 0 2 0 19 4 0 2 5 1 4 4 0 0 0 0 16 0 0 0 0 0 0 0 0 0 0 0 0 0 0 0 0 
 0 0 2 2 0 1 1 0 1 7 2 0 0 0 0 0 0 2 0 2 0 1 0 99 0 4 0 0 0 79 126 97 1 1 1 0 1 63 1 1 84 66 322 64 360 40 183 200 119 72 243 41 0 91 488 50 37 33 382 137 1 0 1 4 3 0 5 3 12 1 4 6 29 0 0 0 5 1 6 0 0 0 0 0 0 0 0 0 0 0 0 0 0 5 0 0 0 7 0 0 0 0 0 0 23 57 0 0 0 0 1 13 0 0 0 0 0 0 0 0 20 7 20 2 0 1 1 14 1 0 0 8 0 32 1 33 4 11 7 0 0 12 0 0 0 6 0 1 2 0 0 0 0 3 0 11 0 4 10 7 0 0 0 0 0 4 0 0 0 0 4 0 0 0 0 0 11 0 0 0 0 0 0 0 8 10 0 0 0 60 26 9 0 0 0 0 0 0 0 2 0 1 0 0 0 0 9 1 0 25 0 0 49 14 37 8 13 0 7 1 3 37 5 0 0 0 0 0 1 0 0 0 0 0 28 6 0 0 5 0 0 0 9 0 0 0 0 0 0 0 0 8 1 0 0 0 0 0 62 0 0 0 1 0 0 2 1 32 0 0 7 0 0 0 0 0 0 0 0 0 0 0 0 0 0 14 0 0 0 0 
 2 0 2 0 0 0 0 0 0 0 0 0 0 62 0 0 0 0 0 0 0 0 0 2 0 62 6 0 0 0 0 0 0 0 0 1 0 1 0 0 110 144 69 75 273 41 196 96 98 163 114 19 91 0 171 294 137 27 129 91 0 0 0 0 0 0 0 3 17 2 0 0 0 0 0 0 0 0 7 0 0 0 0 0 0 0 0 0 0 0 0 0 0 0 3 0 0 0 13 0 0 0 0 0 0 13 0 0 0 0 0 0 0 0 0 0 0 0 0 0 0 0 21 8 0 9 0 16 21 29 0 5 6 12 47 10 67 0 8 0 0 15 0 0 0 0 0 1 2 0 12 0 0 5 0 3 0 3 5 23 0 0 0 0 0 0 0 0 0 0 51 0 0 0 0 0 0 0 0 0 0 0 0 0 0 6 0 0 0 0 0 1 0 0 0 0 0 0 0 0 43 27 26 0 1 6 0 2 9 1 9 30 10 19 16 75 13 41 0 1 3 0 0 0 0 0 0 0 1 0 0 0 9 0 9 3 0 0 43 0 0 0 0 0 0 0 0 0 0 0 0 7 0 0 0 0 0 0 0 0 0 0 0 1 6 1 1 0 2 0 3 0 0 0 0 0 0 0 0 0 0 0 0 0 12 0 0 0 0 0 
 2 0 0 0 0 0 3 3 0 0 0 0 0 0 0 3 0 0 3 43 0 0 0 0 0 56 0 0 0 1 0 0 0 0 0 1 0 0 0 0 52 151 77 276 113 73 126 80 341 121 134 109 488 171 0 171 131 31 159 73 2 0 0 3 0 0 5 0 0 2 0 0 3 0 3 0 0 0 50 0 0 0 0 0 0 0 0 0 0 19 0 0 0 0 0 0 0 0 0 0 0 0 0 0 0 0 0 0 0 0 0 0 0 0 0 0 0 0 0 0 20 2 12 2 0 8 0 5 1 34 0 7 0 11 22 14 10 0 6 0 0 0 4 0 0 0 13 0 0 0 0 0 16 0 0 0 0 0 5 0 15 0 0 0 0 0 0 0 0 0 0 0 0 0 0 0 0 14 0 0 0 0 0 0 0 19 0 0 0 0 0 0 0 0 0 0 0 0 0 0 6 3 1 12 27 26 3 47 7 0 0 1 11 8 1 0 0 85 0 0 0 0 0 0 0 0 0 0 0 0 0 0 0 0 0 0 0 0 1 0 0 0 11 0 0 0 0 0 0 0 0 16 0 1 0 1 0 0 0 0 0 0 69 63 4 2 0 34 2 0 9 0 0 0 0 0 0 0 0 0 0 0 0 0 20 14 0 0 0 0 
 0 0 0 0 0 0 0 4 0 3 0 0 0 0 0 0 0 0 0 0 0 0 61 0 0 2 50 0 0 0 0 2 0 0 64 0 0 0 0 0 53 198 29 88 377 173 51 261 74 369 156 182 50 294 171 0 173 161 49 57 0 0 0 0 0 1 0 0 0 0 13 0 0 0 0 50 0 1 0 1 0 0 0 0 0 0 0 0 0 0 0 0 0 0 0 0 0 0 0 0 0 0 0 0 0 0 0 0 0 0 0 0 0 0 0 0 0 0 0 0 0 0 8 0 44 11 0 34 6 0 0 8 0 11 35 0 63 0 0 0 17 3 5 0 0 0 14 0 0 0 0 0 0 0 1 2 0 0 18 4 0 0 0 0 0 0 0 0 8 0 0 0 0 0 0 5 0 0 0 0 0 0 0 0 0 0 0 0 0 0 0 0 0 0 0 0 0 0 0 0 14 56 15 28 33 0 0 10 11 10 21 32 0 13 0 54 12 62 0 0 0 12 0 0 0 0 66 0 6 0 0 0 0 10 0 0 0 0 13 0 0 0 0 0 0 0 0 0 0 0 0 13 2 0 0 0 0 0 0 16 0 0 33 0 5 2 2 0 0 0 18 0 0 0 0 0 0 0 0 0 0 0 0 0 30 10 0 0 0 0 
 0 8 4 2 2 2 2 63 2 2 2 5 4 2 4 63 2 2 2 2 2 2 2 2 2 2 2 3 2 3 63 7 2 2 2 2 2 2 2 2 31 105 152 137 91 125 95 114 84 75 102 162 37 137 131 173 0 184 43 78 0 3 3 2 0 0 0 5 16 5 0 1 1 0 55 0 0 0 0 55 0 0 0 0 0 0 0 0 0 0 0 0 0 0 0 0 0 0 0 0 0 0 0 0 0 0 0 0 0 0 0 0 0 0 0 0 0 0 0 0 0 0 12 13 15 31 0 1 0 13 0 7 8 0 26 0 11 0 0 0 13 26 6 0 0 0 26 18 0 0 0 0 14 24 29 7 0 0 38 22 0 0 0 0 0 0 0 0 4 0 0 0 0 0 0 21 0 0 0 0 0 0 0 0 0 0 0 0 0 0 0 0 0 0 0 0 0 0 13 0 16 0 16 56 11 40 0 0 10 17 36 0 0 0 0 0 0 22 0 20 5 20 14 0 0 0 14 0 17 0 0 1 2 18 11 9 0 0 16 0 0 0 0 0 0 0 0 0 0 0 0 7 0 0 0 0 0 0 0 8 0 0 2 60 1 0 0 0 2 0 10 0 0 0 0 0 0 0 0 0 0 0 0 0 0 14 0 0 0 0 
 3 0 5 0 0 0 0 0 2 0 0 0 0 0 0 0 0 0 4 0 2 3 2 2 2 5 2 2 2 3 3 29 3 2 3 2 4 2 3 3 101 32 375 191 131 130 27 33 307 267 533 383 33 27 31 161 184 0 54 55 1 0 0 3 2 8 52 3 0 2 0 0 56 53 3 0 0 8 0 0 0 0 0 0 0 0 0 0 0 0 0 0 0 0 0 0 0 0 0 0 0 0 0 0 0 0 0 0 0 4 0 0 0 0 0 0 0 0 0 0 7 16 0 2 20 30 0 0 14 23 25 7 0 0 10 0 0 20 0 0 1 11 0 0 16 3 19 11 11 0 0 0 0 79 0 16 0 0 16 8 6 0 0 0 0 0 0 0 0 0 0 0 0 0 0 0 0 4 0 0 0 0 0 0 0 0 0 0 11 0 0 0 0 0 0 0 0 0 0 0 0 1 0 49 1 40 30 0 2 0 19 26 0 0 0 19 0 0 0 0 0 10 0 0 0 5 14 11 6 0 0 0 26 35 9 0 5 0 0 0 0 0 0 0 0 0 0 0 0 0 0 14 0 0 0 0 0 0 0 8 0 0 0 1 2 8 19 0 1 0 0 0 0 0 0 7 0 0 0 0 0 0 0 0 0 15 0 0 0 0 
 1 0 3 0 0 0 0 0 0 0 0 2 0 5 0 0 0 0 0 0 3 33 3 88 65 133 86 3 75 4 135 59 3 3 3 66 66 67 3 4 48 250 107 146 491 273 65 142 161 295 325 23 382 129 159 49 43 54 0 224 6 0 0 0 0 0 0 0 0 0 0 0 8 0 0 0 0 0 0 0 0 0 0 0 0 0 0 0 0 0 0 0 0 0 0 0 0 0 0 0 0 0 1 0 32 4 0 0 0 0 17 1 0 0 0 8 0 20 0 0 14 12 0 0 0 16 17 14 10 18 20 0 19 6 22 8 0 32 0 0 0 8 0 0 0 0 0 9 0 5 0 0 0 0 0 0 0 0 1 0 4 0 0 0 0 3 0 0 0 0 0 0 0 0 0 0 0 0 0 0 0 0 0 0 7 22 9 0 1 0 18 12 0 0 0 24 0 16 0 0 7 34 0 0 4 3 28 7 22 20 0 0 33 0 10 10 0 0 41 1 0 0 0 0 0 0 0 0 0 0 0 0 0 41 0 0 0 0 8 0 0 0 2 0 0 0 0 0 0 1 0 9 0 2 0 0 2 36 0 2 0 0 1 4 1 2 1 1 2 0 0 0 0 0 0 0 0 0 0 0 0 0 0 0 0 0 0 0 2 0 
 0 0 0 1 0 0 2 0 0 3 0 0 0 0 0 1 0 0 1 0 0 0 0 21 16 0 29 63 0 61 125 124 62 0 61 1 0 61 62 0 41 203 106 58 73 56 109 79 72 79 267 29 137 91 73 57 78 55 224 0 4 0 0 0 0 0 3 2 0 0 3 0 18 0 0 0 0 0 9 1 0 0 0 0 0 0 0 0 0 0 0 0 0 0 0 0 0 0 0 0 0 0 9 0 10 19 7 0 0 0 0 11 14 0 1 1 19 0 0 24 19 11 16 7 0 0 15 12 0 10 19 0 39 43 13 10 0 38 0 0 0 0 17 0 0 0 0 0 0 0 0 0 1 0 12 0 0 0 0 0 0 0 0 0 0 2 0 0 0 0 3 0 0 0 0 0 28 0 0 0 19 0 15 15 0 0 0 0 0 0 48 19 9 0 0 7 0 11 0 0 12 7 10 0 0 25 0 3 0 9 48 0 5 13 22 0 0 0 17 1 0 0 0 0 0 0 0 0 0 0 0 0 0 0 0 0 0 0 13 0 0 0 0 0 0 0 0 0 0 0 0 0 0 0 0 0 0 68 3 2 0 0 1 0 0 0 2 1 0 0 0 0 0 0 0 1 0 0 0 0 0 22 0 0 0 0 0 0 1 0 
 0 0 0 0 0 0 0 0 0 0 0 0 1 0 0 0 0 0 3 0 0 0 0 0 0 2 0 0 0 0 11 6 1 0 0 0 0 1 0 0 0 0 0 0 0 0 0 2 11 0 0 1 1 0 2 0 0 1 6 4 0 124 192 127 261 149 140 64 135 385 211 295 535 178 187 118 41 78 44 120 0 0 0 0 0 0 0 0 0 0 0 0 0 0 0 0 0 0 0 0 0 0 0 0 0 0 0 0 0 0 0 0 0 0 6 1 0 1 0 0 0 2 0 0 0 0 0 2 0 0 2 0 2 1 0 0 2 4 0 0 0 0 21 1 0 0 0 0 4 17 105 68 0 0 18 14 0 17 0 0 0 0 0 0 0 0 4 0 0 0 0 0 0 0 0 0 0 0 0 0 0 0 0 0 1 0 0 0 0 0 5 0 0 0 0 0 0 0 0 0 7 5 0 0 0 3 0 5 0 0 0 0 0 0 8 0 0 0 5 0 11 20 12 5 0 19 0 20 2 34 3 0 0 0 0 12 1 9 0 0 7 0 1 12 0 0 0 0 0 0 0 0 0 0 12 0 0 5 0 0 0 0 9 0 0 0 0 1 0 0 2 2 0 21 0 2 0 0 0 0 0 0 0 0 0 2 0 0 0 0 
