 0 198 66 38 34 40 203 164 111 143 202 36 149 135 251 50 127 90 61 156 0 21 9 2 0 0 0 3 2 3 0 0 6 0 2 1 0 0 8 9 0 0 0 4 0 0 0 0 3 3 2 0 2 2 3 3 6 0 0 0 3 5 2 0 3 4 2 6 2 0 5 3 0 0 0 3 0 5 0 0 12 17 45 17 0 0 2 33 0 17 14 28 32 0 12 0 10 2 4 31 0 0 0 0 0 0 1 0 0 0 0 0 0 0 0 0 0 11 0 0 0 0 0 0 0 0 0 2 1 0 0 0 0 0 0 0 0 0 0 0 0 0 0 0 0 0 0 6 0 0 1 0 0 0 0 0 0 0 0 0 0 2 20 12 0 0 0 0 16 0 34 27 18 1 52 18 0 0 14 11 0 0 0 0 0 0 0 0 0 0 0 0 0 0 0 0 1 0 0 0 0 0 0 0 0 0 0 1 0 0 0 0 1 0 0 0 4 10 0 0 0 0 0 0 2 0 0 0 0 0 0 0 0 0 0 0 0 0 0 0 0 1 0 0 0 2 0 2 0 0 0 11 0 0 0 0 0 0 0 0 0 0 0 0 0 1 0 0 0 0 0 0 0 2 0 0 0 0 0 0 0 0 0 0 0 0 0 0 0 0 
 198 0 83 73 53 38 94 354 143 135 142 206 35 77 59 53 147 352 136 143 0 0 3 0 0 0 36 2 0 0 0 0 3 0 77 0 0 0 4 3 0 0 0 2 0 0 0 0 7 0 0 0 0 3 0 0 3 0 0 0 0 2 34 0 0 0 0 3 2 0 7 0 4 0 0 0 2 2 2 0 19 17 1 30 0 1 29 25 13 36 25 12 12 14 14 24 51 36 0 19 0 1 0 0 0 0 0 0 0 0 0 0 17 0 0 0 0 0 0 1 0 0 0 0 0 0 0 0 0 0 0 0 0 0 0 0 0 0 0 0 0 0 0 2 0 0 0 0 0 0 0 0 0 0 0 4 0 0 0 0 0 15 17 12 0 0 16 14 2 4 13 27 30 0 37 16 0 19 0 15 0 0 0 0 0 0 0 1 0 0 0 0 0 0 0 0 0 0 0 1 0 0 0 0 0 0 0 0 0 0 0 1 0 0 0 0 0 0 0 0 0 0 0 0 0 0 0 0 2 0 0 0 0 0 0 0 0 0 0 0 0 0 0 0 0 0 0 0 3 6 0 15 0 0 0 0 0 0 0 0 0 0 0 0 0 0 0 0 0 0 0 0 0 0 0 15 0 0 0 0 0 0 0 0 0 0 0 0 0 0 
 66 83 0 277 114 310 211 315 232 168 59 123 63 217 37 324 46 136 260 31 0 0 3 0 0 1 0 2 0 0 0 0 82 0 0 0 1 2 152 4 0 0 0 5 0 2 0 0 3 0 0 7 0 6 0 0 3 0 0 0 0 4 3 0 1 1 0 3 2 0 2 0 0 0 0 0 0 2 0 0 18 0 88 24 34 27 2 1 17 19 11 35 6 0 4 40 21 18 18 0 0 0 0 18 2 0 42 0 0 0 4 0 10 0 0 0 0 0 28 1 2 0 0 0 0 2 0 0 0 2 0 0 2 0 0 0 0 0 0 0 0 0 0 0 0 0 0 0 0 0 0 0 2 0 0 2 0 0 2 0 0 11 19 0 47 11 1 21 16 28 13 0 7 43 0 35 31 5 11 0 0 0 0 0 0 0 0 8 0 0 0 0 0 6 0 0 0 0 19 14 0 0 0 0 0 0 2 0 0 0 0 0 0 0 0 0 0 0 0 0 1 0 0 0 0 0 0 0 0 0 0 0 0 0 0 0 0 0 0 1 0 10 0 0 0 3 8 1 3 1 10 12 4 0 0 0 0 0 2 0 0 0 0 0 0 0 0 0 0 0 0 0 0 0 0 0 31 0 0 0 0 0 0 0 0 0 0 0 0 0 
 38 73 277 0 147 345 85 175 107 189 287 55 85 151 38 152 71 80 172 58 0 0 7 0 1 0 0 8 0 0 0 0 83 0 4 2 0 3 138 63 0 0 0 2 0 0 3 0 13 0 15 8 0 6 0 8 3 0 0 0 0 4 5 6 0 6 0 7 5 0 3 0 8 6 0 2 0 0 0 0 0 0 24 0 20 25 0 0 6 0 18 13 0 22 25 2 0 21 0 0 0 0 0 0 2 0 27 9 1 0 0 0 19 0 0 0 0 0 18 2 1 0 0 0 0 2 0 0 0 12 0 0 2 0 0 0 0 0 0 0 0 0 0 0 0 0 0 0 0 0 0 0 0 0 0 2 0 0 2 0 0 15 1 8 24 12 23 13 0 24 0 13 0 0 15 0 11 24 0 0 0 0 0 19 0 0 8 9 1 1 0 0 17 12 0 0 0 0 25 29 0 0 0 0 9 2 2 0 0 0 0 0 0 0 0 0 0 0 0 0 0 0 0 0 0 2 0 0 0 1 0 0 0 0 0 0 0 0 0 0 0 0 0 0 0 7 89 1 0 1 0 6 0 0 0 0 0 0 0 0 0 0 0 0 0 0 0 0 0 0 0 0 0 0 0 0 19 11 0 0 0 0 0 0 0 0 0 0 0 1 
 34 53 114 147 0 163 127 265 165 71 171 138 71 83 247 98 506 107 256 43 73 1 3 0 0 0 1 3 2 1 0 0 177 0 0 0 1 73 95 17 0 0 0 2 0 2 0 40 3 6 0 0 0 3 0 4 3 0 0 0 0 2 3 0 1 0 0 4 2 0 2 0 0 0 0 0 1 0 0 0 0 0 12 32 0 23 0 0 0 20 1 26 0 6 0 34 1 39 0 0 11 2 6 0 0 0 0 14 0 0 0 0 26 2 0 2 16 0 49 38 0 0 0 0 0 0 0 0 0 0 0 0 0 0 0 0 0 0 0 0 0 0 0 0 0 0 0 0 0 0 0 0 0 0 0 0 0 0 0 0 0 1 10 20 0 14 0 0 13 7 21 10 0 8 0 18 31 14 0 0 19 17 1 0 0 0 1 11 2 1 0 0 8 3 1 0 4 0 49 29 0 0 0 0 0 0 0 0 0 0 0 0 0 0 12 0 0 0 0 0 0 0 0 0 0 0 0 0 0 0 0 0 0 0 0 1 0 0 0 0 0 0 0 0 0 2 95 0 3 0 0 13 0 0 0 0 0 0 0 0 0 0 0 0 0 0 0 0 0 0 7 0 0 0 0 6 34 0 0 0 0 0 0 0 0 0 0 0 0 0 
 40 38 310 345 163 0 231 37 343 123 349 133 43 90 65 149 65 358 66 62 74 0 78 0 2 2 74 3 23 0 0 2 21 111 1 2 74 0 4 93 0 0 2 6 0 0 0 0 3 0 0 8 0 2 0 3 3 0 0 0 0 2 2 0 0 0 0 3 2 0 3 0 0 0 0 4 0 0 0 0 0 0 28 7 28 8 0 0 6 0 22 10 0 34 16 10 0 0 0 0 11 14 27 0 1 1 52 2 9 0 0 6 0 10 43 18 0 0 10 27 16 0 0 0 0 12 0 0 0 0 0 0 0 0 0 0 0 9 0 0 0 0 0 0 0 0 0 0 0 0 0 0 0 0 0 1 0 0 1 0 0 14 0 12 14 25 0 13 9 11 0 0 0 0 11 0 10 12 0 0 0 0 14 0 0 0 18 44 9 0 0 0 9 11 33 17 0 15 15 66 0 0 0 0 0 0 0 0 0 0 0 0 0 0 0 15 0 0 0 0 0 0 0 0 0 0 0 0 0 2 0 0 0 0 0 0 0 0 0 11 0 7 0 0 0 0 87 1 1 3 0 3 0 0 1 0 0 0 0 0 0 0 0 0 0 0 0 0 0 0 0 0 0 0 0 0 10 13 0 0 0 0 0 0 0 0 0 0 0 0 
 203 94 211 85 127 231 0 107 131 36 122 119 155 199 118 131 152 54 67 68 0 0 72 0 0 1 0 2 0 0 0 0 4 0 0 0 1 1 3 4 0 0 0 2 0 0 0 0 3 0 0 0 0 3 0 0 3 0 0 0 0 2 3 0 0 0 0 3 2 0 2 0 51 0 0 0 0 0 0 0 60 1 26 0 3 9 13 49 30 17 26 14 0 14 57 15 10 20 16 1 0 0 0 0 2 0 1 0 0 0 0 0 0 0 0 0 0 0 9 0 2 0 0 0 0 2 0 0 0 2 0 0 2 0 0 0 0 0 0 0 0 0 0 0 0 6 0 0 0 0 0 0 9 0 0 5 0 13 2 0 12 0 21 0 0 0 12 1 0 0 7 0 10 36 10 29 14 1 29 13 0 0 0 0 0 0 0 0 0 0 0 0 0 0 0 0 0 0 11 0 0 0 0 0 0 20 2 19 0 0 0 13 0 0 0 0 0 0 0 0 0 0 0 0 0 0 0 0 0 0 0 0 0 0 0 0 0 0 0 1 0 0 0 0 0 2 0 0 2 7 6 4 12 0 0 0 0 0 0 0 0 0 8 0 0 0 0 0 0 6 0 0 0 0 0 1 11 0 0 0 0 0 0 0 0 0 0 0 0 0 
 164 354 315 175 265 37 107 0 102 264 207 449 89 241 135 280 41 52 141 187 0 0 3 0 2 0 0 2 0 2 0 0 3 1 0 2 0 0 81 3 2 0 0 2 0 0 0 0 73 1 0 8 2 2 1 2 3 0 0 0 51 3 2 1 0 1 0 3 2 1 49 0 4 0 0 0 0 1 0 0 0 18 1 21 21 0 21 22 2 58 14 0 11 1 41 25 26 41 46 19 0 0 0 0 0 0 0 0 0 0 0 0 4 0 0 0 0 0 0 1 0 0 0 0 0 0 0 0 0 0 0 0 0 0 0 0 1 0 0 0 0 0 2 0 0 0 0 0 0 0 0 0 0 0 0 4 0 2 0 1 0 15 0 11 13 0 17 0 1 23 15 19 37 0 40 13 14 15 0 18 0 0 0 0 0 0 0 2 0 0 0 0 0 3 0 0 0 0 0 0 0 0 0 0 0 0 0 0 0 0 0 1 0 0 0 0 0 0 0 0 0 0 0 0 0 0 0 30 2 0 0 0 0 0 0 0 0 0 0 0 0 0 0 0 0 3 6 0 0 1 0 16 0 0 0 0 0 0 0 0 0 0 0 0 0 0 0 0 0 0 0 0 0 0 0 8 0 0 0 0 0 0 0 0 0 0 0 0 0 0 
 111 143 232 107 165 343 131 102 0 286 25 128 354 101 99 182 82 390 202 259 0 0 3 0 0 0 5 2 1 0 0 0 78 75 0 0 0 0 3 21 0 0 0 17 0 0 0 0 3 0 0 13 0 2 0 0 3 0 0 0 0 2 1 4 0 0 0 3 2 51 3 0 0 0 0 0 0 1 0 0 0 0 31 15 5 13 8 0 28 0 29 14 10 33 17 12 0 0 17 0 1 0 0 0 0 0 14 10 11 0 0 0 0 0 2 0 0 0 15 24 0 0 0 0 0 14 0 0 0 0 0 8 0 0 0 0 0 0 0 0 0 0 0 0 0 0 0 16 0 0 0 0 0 0 0 0 0 0 0 0 0 15 9 0 0 0 0 11 20 10 0 0 18 10 11 8 0 0 0 0 0 0 0 0 0 0 0 27 13 0 0 0 0 17 0 0 0 0 10 23 0 0 0 0 0 0 0 0 0 0 0 0 0 0 0 0 0 0 0 0 0 0 0 0 0 0 0 0 0 0 0 0 0 0 0 0 0 0 0 0 0 4 0 0 0 0 92 0 91 0 2 12 11 0 0 0 0 0 0 0 0 0 0 0 0 0 0 0 0 0 0 0 0 0 0 0 17 16 0 0 0 0 0 0 0 0 0 0 0 0 
 143 135 168 189 71 123 36 264 286 0 223 155 35 186 249 168 380 48 293 356 0 0 3 0 1 0 0 2 0 1 0 0 77 1 0 2 0 0 150 4 0 0 0 2 0 0 0 0 11 0 0 0 0 2 0 0 3 0 0 0 0 2 1 0 0 0 0 3 2 0 9 0 2 0 0 0 0 0 0 0 0 0 10 21 0 0 1 0 0 17 29 45 11 1 0 24 59 35 20 14 0 0 0 0 0 0 29 0 0 0 0 0 67 0 0 0 0 0 0 0 0 0 0 0 5 0 0 0 0 0 0 0 0 1 0 0 0 0 0 0 0 0 0 0 0 0 0 0 0 0 0 0 0 0 0 0 0 0 0 0 0 33 31 7 0 10 11 19 40 22 24 22 0 2 8 21 10 43 0 0 1 0 0 0 0 0 0 0 0 0 0 0 0 0 0 0 0 0 0 0 0 0 0 0 0 0 0 0 0 2 0 0 0 0 0 0 0 0 0 0 0 1 0 0 0 0 0 0 0 0 0 0 2 0 2 0 0 0 0 0 0 0 0 0 0 2 0 0 0 1 0 8 0 1 1 0 0 0 0 0 1 0 0 0 0 0 0 0 0 0 0 0 0 0 0 11 0 0 0 0 0 0 0 0 0 1 0 0 0 0 
 202 142 59 287 171 349 122 207 25 223 0 431 45 279 261 172 291 577 272 135 0 0 3 0 0 0 73 2 0 0 0 0 5 0 75 0 1 2 26 3 0 0 0 2 0 0 0 0 18 0 0 0 0 3 0 0 3 0 0 0 0 2 34 0 0 0 0 3 2 0 2 0 1 0 0 0 0 0 0 0 15 11 0 23 0 0 11 12 13 16 37 9 0 21 10 14 56 30 0 1 0 27 0 0 0 0 7 13 1 0 0 0 10 10 0 0 0 0 10 10 0 0 1 0 0 0 0 0 0 0 1 0 0 0 0 0 0 0 0 0 0 0 0 0 0 0 0 2 0 0 8 1 0 0 0 0 0 0 0 0 0 13 15 18 0 14 0 0 25 8 17 34 0 1 0 18 0 13 1 0 0 0 0 0 0 0 0 0 0 0 0 2 0 1 65 0 0 0 0 1 0 0 0 0 2 0 0 0 0 0 0 0 0 0 0 0 0 0 0 0 0 0 0 0 0 0 0 0 0 0 0 1 0 0 1 0 0 0 0 0 0 0 0 0 11 2 86 2 1 87 4 8 0 0 0 0 0 0 0 0 1 0 0 0 0 0 0 0 0 0 0 0 0 0 0 0 0 0 0 0 0 0 0 0 0 0 0 0 0 0 
 36 206 123 55 138 133 119 449 128 155 431 0 264 332 62 138 181 61 30 122 0 74 3 3 2 0 78 220 12 0 0 0 5 148 73 0 3 0 3 155 0 0 3 2 0 0 3 4 3 0 3 19 0 3 0 3 3 0 0 3 0 2 3 62 0 0 0 3 2 2 6 3 0 0 0 0 0 0 30 0 0 0 0 0 25 10 3 3 62 0 1 0 14 0 11 1 6 5 13 0 40 0 20 10 10 0 0 47 35 7 1 16 0 13 30 0 0 0 12 0 0 0 0 0 0 0 0 0 0 11 16 0 0 0 0 0 9 0 0 0 0 0 2 0 0 0 0 0 0 0 0 0 0 17 0 0 0 2 0 0 0 0 14 1 53 11 10 0 11 5 1 0 9 13 14 25 0 16 0 2 0 21 0 0 0 0 24 16 9 0 0 0 11 15 13 10 11 0 0 10 0 0 0 0 11 0 0 0 0 0 0 1 0 0 0 0 0 0 0 0 0 0 0 0 0 0 0 0 2 0 0 0 0 0 0 0 0 0 0 0 0 0 0 0 0 2 5 0 1 95 2 20 27 0 0 0 0 0 0 0 0 0 0 0 0 0 0 0 0 0 0 0 0 0 0 10 0 0 0 0 0 0 0 0 0 0 0 0 0 0 
 149 35 63 85 71 43 155 89 354 35 45 264 0 143 96 179 27 174 171 37 0 0 3 0 0 2 0 2 0 0 0 2 3 0 0 0 0 0 3 3 0 0 0 2 0 0 2 0 3 0 0 0 0 3 0 0 3 0 0 0 0 3 3 0 0 0 0 7 2 0 2 0 0 0 0 0 0 0 0 0 10 11 0 0 0 0 0 1 11 0 15 2 42 42 27 0 0 0 0 11 7 0 0 0 0 0 0 0 0 0 0 0 0 0 0 0 0 0 0 0 0 9 0 1 0 0 0 0 0 0 1 0 0 0 0 0 0 0 0 0 2 0 0 0 0 0 0 6 0 0 0 0 0 0 0 0 0 0 0 0 10 0 0 0 3 5 20 14 11 0 0 4 0 1 17 0 15 0 8 24 0 0 0 0 0 0 0 0 0 0 0 0 0 0 0 0 0 0 0 0 0 0 0 0 0 0 0 0 0 0 0 0 0 0 1 0 0 0 0 0 0 0 0 0 0 0 0 0 0 0 0 0 0 0 0 0 0 0 0 0 0 0 0 0 0 2 0 1 3 0 0 8 0 0 0 0 0 0 0 0 0 0 19 0 0 0 0 0 0 0 0 0 0 0 0 0 0 10 0 0 0 0 0 0 0 0 0 0 0 0 
 135 77 217 151 83 90 199 241 101 186 279 332 143 0 58 124 119 261 202 66 2 2 8 2 0 1 1 2 0 207 0 0 21 0 0 0 0 0 8 3 62 0 0 2 0 0 4 0 3 0 0 0 0 1 0 0 3 0 0 0 0 2 0 0 0 0 0 3 2 0 3 0 0 0 0 5 0 0 0 0 16 20 39 1 28 0 1 34 18 0 32 0 42 25 36 0 0 2 12 2 0 0 0 0 0 0 18 0 0 0 12 0 2 0 0 2 0 0 0 0 0 0 0 0 0 0 0 0 0 0 0 0 0 0 6 0 0 0 0 0 0 0 0 0 0 0 0 0 0 0 0 0 0 0 0 0 0 0 0 0 0 15 7 0 0 6 17 50 0 6 0 0 11 20 44 7 0 11 18 24 0 0 0 0 0 0 0 0 0 0 0 0 0 0 0 0 0 0 0 0 0 0 0 0 0 0 0 0 0 0 0 0 0 0 0 0 0 0 0 0 0 0 0 0 0 0 0 0 0 0 0 0 0 0 0 1 0 0 0 0 0 0 0 0 0 0 0 4 0 0 0 15 11 0 0 0 0 0 0 0 0 0 16 0 0 0 0 0 0 0 0 0 0 0 0 0 0 11 0 0 0 0 0 0 0 0 0 0 0 0 
 251 59 37 38 247 65 118 135 99 249 261 62 96 58 0 170 76 231 255 110 0 0 3 0 0 0 1 2 0 0 1 0 3 2 0 0 1 0 3 3 0 0 0 2 0 0 0 0 3 0 0 0 0 3 0 0 3 0 0 0 0 2 3 0 0 0 7 3 2 2 2 0 1 0 0 0 0 1 0 0 0 29 0 11 0 3 18 0 14 54 39 17 44 23 26 31 29 12 25 21 0 0 0 0 0 0 7 0 0 2 0 0 15 2 2 0 0 2 19 10 0 0 0 0 0 0 0 0 0 0 0 0 0 0 0 2 0 0 2 0 0 0 0 0 2 0 0 3 0 0 0 0 6 0 0 0 0 0 0 0 1 15 35 0 0 1 2 7 37 8 17 15 10 10 10 7 42 22 0 1 0 0 0 0 0 0 0 0 0 0 0 1 0 0 0 0 0 0 1 0 0 0 0 0 0 0 0 0 0 0 0 0 0 0 7 0 0 1 20 0 2 0 0 0 0 0 1 0 0 0 0 0 0 0 0 0 0 0 0 0 0 0 0 0 0 0 0 0 36 0 0 20 0 0 0 0 0 0 0 0 0 0 0 0 0 0 0 0 0 0 0 0 0 0 0 0 1 10 0 0 0 0 0 0 0 0 0 0 0 0 
 50 53 324 152 98 149 131 280 182 168 172 138 179 124 170 0 89 36 135 72 1 0 6 0 0 206 2 2 2 2 0 2 6 74 3 0 0 0 82 7 0 0 0 7 0 0 0 0 3 0 0 6 2 1 2 0 3 0 0 0 2 5 0 0 0 0 2 3 2 0 3 52 2 0 0 2 2 0 0 0 0 0 20 1 1 26 9 9 58 16 11 1 6 10 28 8 9 16 19 0 1 0 0 0 0 0 28 0 9 0 0 0 1 0 16 0 0 0 0 22 0 0 0 0 0 1 0 0 0 0 0 0 0 0 0 0 0 0 0 0 0 9 0 0 0 0 0 0 0 0 0 0 0 0 0 0 0 0 0 0 0 14 0 13 26 14 0 15 26 18 0 1 0 0 15 0 34 0 0 0 0 0 0 0 0 0 21 42 10 0 0 0 13 34 0 12 0 1 33 14 0 0 0 0 0 0 0 0 0 0 0 0 0 0 0 0 0 0 0 0 0 0 2 0 0 0 0 0 0 1 0 0 0 0 0 0 0 0 0 0 0 5 0 0 0 1 107 0 87 5 14 9 0 0 0 0 0 0 0 0 0 0 0 0 0 0 0 0 0 0 0 0 0 0 0 0 49 11 0 0 0 0 0 0 0 0 0 0 0 0 
 127 147 46 71 506 65 152 41 82 380 291 181 27 119 76 89 0 178 115 80 0 0 3 0 0 0 0 2 0 0 0 0 5 0 0 0 0 0 4 3 0 0 0 2 0 0 33 0 3 0 0 0 0 2 0 0 3 0 0 0 0 2 2 0 0 0 0 3 2 0 6 0 5 0 0 35 0 0 0 0 6 0 16 29 0 0 15 14 22 79 23 19 0 38 19 19 35 28 22 0 0 2 0 0 0 0 0 13 0 0 0 0 1 15 0 0 0 0 11 19 0 0 1 0 0 0 0 0 0 0 0 0 0 0 2 0 2 0 12 0 0 0 1 0 0 0 0 0 0 0 0 0 0 0 0 0 0 0 0 2 0 30 15 15 1 1 18 11 9 17 16 25 11 3 13 25 0 0 35 0 0 0 0 0 0 0 0 1 0 0 0 0 10 0 0 0 0 0 0 0 0 0 0 0 0 0 0 0 0 0 0 0 0 0 0 0 0 0 0 0 0 0 0 0 0 0 0 0 1 0 0 0 0 0 0 0 0 0 0 0 0 0 0 0 0 1 50 1 85 2 0 7 0 0 0 0 0 0 0 0 0 0 15 0 0 0 0 0 0 0 0 0 0 0 0 10 0 0 0 0 0 0 0 0 0 0 0 0 0 0 
 90 352 136 80 107 358 54 52 390 48 577 61 174 261 231 36 178 0 125 281 0 0 3 0 1 0 1 2 0 2 0 0 79 77 0 2 0 0 3 21 0 0 0 8 0 0 0 0 3 0 0 5 0 0 0 0 9 0 0 0 0 2 0 0 0 0 0 2 2 0 3 0 1 0 0 3 2 0 0 0 1 1 12 63 0 8 26 0 23 6 0 17 12 27 2 12 0 27 0 15 1 0 0 0 0 0 22 16 14 0 0 0 2 0 0 0 0 0 53 24 0 8 0 0 0 0 0 0 0 0 0 1 0 0 0 0 0 0 0 0 2 0 0 0 0 0 0 2 0 1 0 0 0 0 0 0 0 12 0 0 0 15 0 0 0 0 0 10 41 31 5 30 25 0 0 0 11 0 0 1 0 0 0 0 0 0 0 20 19 0 0 0 0 28 1 0 0 0 35 15 0 0 0 0 0 0 0 0 0 0 0 0 0 0 13 0 0 0 0 0 0 0 0 0 12 0 0 0 0 0 0 0 0 0 0 0 0 0 0 0 0 4 0 0 0 1 88 0 86 2 0 17 0 0 2 0 0 0 0 0 0 0 0 0 0 0 0 0 0 0 0 0 0 0 0 0 45 0 0 0 0 0 0 0 0 0 0 0 0 0 
 61 136 260 172 256 66 67 141 202 293 272 30 171 202 255 135 115 125 0 278 0 0 3 0 0 0 1 2 2 0 23 0 3 0 0 0 0 0 28 3 0 0 0 2 0 0 0 0 3 0 0 0 0 2 0 0 3 0 0 0 0 2 2 0 0 0 0 3 2 0 3 0 50 0 0 0 0 0 0 0 0 42 9 16 0 0 36 0 10 16 0 0 21 18 0 0 0 0 9 21 27 0 0 0 0 1 0 0 0 0 0 1 2 0 0 0 0 0 0 0 0 0 0 0 2 0 0 0 0 0 0 0 0 0 14 0 0 0 0 0 0 0 0 7 0 0 0 0 0 0 0 0 0 0 0 5 0 0 0 0 44 18 0 0 0 0 18 33 0 38 0 0 1 0 0 0 0 0 7 31 0 0 0 1 2 0 2 0 0 0 0 0 0 0 0 0 0 0 0 0 0 0 0 0 0 0 0 0 0 1 0 0 0 0 10 0 10 0 0 0 0 0 0 0 0 0 0 0 0 0 0 0 0 0 0 11 0 0 0 0 0 0 0 0 0 1 0 0 5 0 7 3 1 0 0 0 0 0 0 0 0 0 0 0 0 0 0 0 0 0 0 0 0 0 0 0 0 0 0 0 0 0 0 0 0 0 0 0 0 2 
 156 143 31 58 43 62 68 187 259 356 135 122 37 66 110 72 80 281 278 0 0 0 5 0 44 0 1 2 0 0 0 0 4 0 0 0 0 1 3 3 0 0 0 2 0 0 0 0 3 0 0 0 0 2 0 0 3 0 0 0 0 2 2 0 0 0 0 3 2 0 3 0 43 0 0 0 0 0 0 0 18 22 0 0 11 0 44 14 0 36 0 0 0 0 44 0 9 10 34 29 0 0 0 0 2 0 1 0 0 0 0 0 0 0 0 0 0 0 0 1 0 0 0 0 0 2 0 0 0 0 0 0 0 0 0 0 0 0 0 0 0 0 0 0 0 0 0 0 0 0 0 0 0 0 0 6 0 0 2 0 35 20 0 0 0 0 10 19 0 0 0 2 0 0 0 4 2 0 0 19 0 0 0 0 0 0 0 0 0 0 0 0 0 0 0 0 19 1 0 0 0 0 0 0 0 11 2 0 0 0 0 0 0 0 0 0 0 0 0 0 0 0 0 0 0 0 0 0 0 1 0 0 0 0 0 0 0 0 0 1 0 0 0 0 0 3 0 0 2 1 0 8 0 0 0 0 0 0 0 0 0 0 0 0 0 0 0 0 0 0 0 0 0 0 0 0 0 0 0 0 0 0 0 0 0 0 0 0 0 0 
 0 0 0 0 73 74 0 0 0 0 0 0 0 2 0 1 0 0 0 0 0 92 229 135 114 49 235 129 197 200 124 252 68 113 127 123 264 112 51 118 2 0 0 0 0 0 1 0 0 0 1 3 0 0 0 0 0 0 0 0 0 50 3 0 2 2 6 0 50 0 0 0 0 0 7 0 0 2 2 0 0 0 0 0 0 19 2 0 0 0 0 0 0 0 0 0 0 0 0 0 11 18 29 1 0 23 0 9 12 29 28 15 0 18 24 47 13 29 13 5 1 0 0 0 0 0 11 0 0 0 0 0 0 0 0 0 0 0 0 7 0 3 1 7 0 0 0 0 0 0 0 5 0 0 0 0 0 0 0 0 0 0 0 0 1 12 0 0 0 0 0 0 0 0 1 0 0 0 0 0 29 41 36 0 16 6 12 2 5 19 71 11 12 0 20 22 20 1 18 25 0 0 0 0 0 0 0 1 0 0 0 0 0 0 0 0 0 0 43 0 0 0 0 0 0 0 33 0 7 0 0 0 0 0 0 0 0 0 0 12 0 0 0 0 0 0 0 0 0 0 0 0 0 0 10 0 0 93 1 0 1 22 0 0 0 0 0 0 0 0 0 0 0 0 0 0 0 0 0 0 0 0 0 0 0 0 0 0 0 0 
 21 0 0 0 1 0 0 0 0 0 0 74 0 2 0 0 0 0 0 0 92 0 257 81 97 69 72 180 213 122 105 54 151 207 341 43 54 122 116 114 2 0 0 0 0 0 2 0 0 0 1 0 0 1 0 0 0 0 69 0 0 2 3 0 2 2 0 0 0 0 0 0 0 0 3 0 0 0 2 0 0 0 0 0 13 0 0 0 0 0 0 0 0 0 0 0 0 0 0 0 6 19 60 33 11 0 20 11 8 19 13 31 0 9 21 0 22 21 0 1 14 0 9 0 0 0 0 0 0 0 0 0 13 0 29 0 0 0 13 16 0 0 0 0 0 0 0 0 9 2 3 0 0 2 0 0 0 0 0 0 2 4 0 1 14 14 0 0 0 0 0 0 0 8 0 0 5 0 2 0 0 16 22 52 31 74 21 26 10 43 25 14 9 44 2 26 40 28 0 0 0 0 0 0 0 0 0 27 0 0 0 0 14 20 0 0 2 2 21 15 0 0 0 0 0 0 0 0 0 0 1 0 0 0 0 41 0 0 0 0 0 0 0 0 0 0 0 0 0 1 0 0 0 0 7 0 0 0 0 1 2 0 0 0 0 0 0 0 0 0 0 0 0 0 0 0 0 0 0 0 0 24 0 0 0 0 8 0 0 0 
 9 3 3 7 3 78 72 3 3 3 3 3 3 8 3 6 3 3 3 5 229 257 0 342 454 56 152 287 186 100 364 34 182 281 158 51 180 108 187 271 2 0 0 0 0 0 3 0 0 0 2 0 0 0 0 4 0 0 0 0 2 2 3 3 5 1 3 2 0 0 0 0 0 0 3 0 58 0 2 50 0 0 0 0 17 11 0 0 0 0 0 0 0 0 1 0 0 0 0 0 24 1 11 1 19 26 1 0 67 26 49 0 11 39 33 58 2 21 9 0 0 0 1 0 0 2 0 0 0 0 0 0 0 0 0 0 0 2 0 6 0 4 0 5 0 1 0 0 0 0 0 3 2 0 0 0 0 16 0 0 0 14 0 0 9 9 0 0 0 0 0 0 0 0 0 0 20 0 0 0 41 37 10 1 16 52 18 19 2 10 0 17 0 0 50 37 41 50 29 8 0 0 0 0 0 0 0 0 0 0 0 11 0 0 0 0 0 0 39 0 0 0 0 0 0 0 0 0 0 0 0 0 0 0 0 0 0 0 2 13 0 0 0 0 0 0 0 0 0 0 0 0 0 0 3 0 1 6 0 1 2 0 0 0 0 0 0 0 0 0 0 0 0 0 0 0 0 0 0 1 0 0 0 0 0 1 0 0 0 0 
 2 0 0 0 0 0 0 0 0 0 0 3 0 2 0 0 0 0 0 0 135 81 342 0 66 152 170 162 273 194 45 106 247 135 358 105 127 116 281 101 2 0 0 0 0 0 63 0 0 0 1 0 0 0 0 2 0 63 82 0 0 2 3 0 5 7 0 0 0 0 0 0 0 0 3 0 0 0 2 0 0 0 0 0 0 0 0 0 0 0 0 14 0 0 0 24 0 0 0 0 0 12 17 39 13 13 0 0 12 16 17 32 0 8 0 0 69 47 0 0 12 0 0 0 0 0 3 0 0 0 0 0 19 0 0 0 0 0 27 20 0 0 0 0 0 0 0 0 20 1 1 0 0 0 0 0 0 0 0 0 0 0 0 0 0 0 0 0 10 0 0 0 0 11 10 0 0 0 0 0 25 12 13 16 21 13 8 0 9 24 11 0 13 18 12 0 25 23 16 0 0 1 0 0 0 0 1 19 0 0 0 0 10 35 0 0 1 0 4 1 0 0 0 0 0 0 0 0 0 0 0 0 0 0 0 0 0 0 0 1 0 0 0 0 0 0 0 0 0 0 0 0 0 0 13 2 0 1 83 0 6 0 0 0 0 0 0 0 0 0 0 0 0 0 0 0 0 0 0 19 0 2 0 0 0 14 0 0 0 0 
 0 0 0 1 0 2 0 2 0 1 0 2 0 0 0 0 0 1 0 44 114 97 454 66 0 94 41 165 83 175 179 156 73 72 50 61 71 49 58 116 66 64 0 0 3 0 29 75 3 2 3 4 0 65 0 0 1 0 63 0 0 5 3 0 5 11 0 0 0 0 0 1 1 0 9 0 3 2 6 0 0 0 0 0 0 0 0 0 0 0 0 0 0 0 2 0 0 0 0 1 0 0 0 1 17 1 0 0 0 0 6 0 0 4 0 23 5 0 0 9 8 0 19 0 0 0 23 0 0 0 21 0 0 13 15 0 33 0 29 9 0 0 0 0 47 0 0 0 0 0 4 1 0 0 0 1 0 0 0 0 0 0 0 0 0 0 0 0 0 0 0 0 0 0 1 2 0 0 0 0 0 0 9 19 34 43 0 2 25 14 57 89 0 0 0 2 0 7 0 0 14 0 1 0 0 0 47 0 12 0 0 1 26 19 8 0 23 0 7 55 0 0 0 0 0 0 0 0 0 0 0 0 0 0 0 0 0 0 1 0 0 0 0 0 0 0 0 0 0 0 2 0 0 0 81 0 3 161 1 3 0 1 0 0 0 2 2 0 0 0 0 0 0 0 2 0 0 0 0 0 0 19 0 0 0 0 0 0 0 0 
 0 0 1 0 0 2 1 0 0 0 0 0 2 1 0 206 0 0 0 0 49 69 56 152 94 0 29 24 151 49 162 65 28 40 124 74 130 71 38 160 64 7 21 0 5 0 1 5 0 0 2 0 62 33 0 62 0 0 129 0 0 2 3 0 2 0 0 0 5 0 0 0 0 0 3 5 2 0 2 0 0 0 0 0 0 0 0 0 0 0 0 0 17 0 0 0 0 0 0 0 0 0 16 44 17 13 0 0 0 0 0 12 0 0 0 0 15 22 0 0 0 32 5 11 0 0 40 9 0 0 3 0 0 1 1 11 0 17 35 31 0 0 0 0 0 0 0 0 17 0 0 0 0 0 0 0 0 0 0 0 0 0 0 0 0 0 0 0 0 0 1 0 0 0 4 0 0 0 0 0 0 0 58 15 9 1 0 1 8 10 0 0 0 21 0 0 18 10 0 0 7 0 1 0 0 0 42 60 33 10 3 0 7 40 34 0 17 0 25 10 0 0 0 0 0 0 17 0 0 0 0 0 0 0 5 0 0 0 0 14 0 0 0 0 0 0 0 0 0 0 0 0 0 0 0 1 4 72 49 4 14 1 0 0 0 0 0 0 0 0 0 0 0 0 0 0 0 0 0 0 0 17 0 0 0 0 0 0 0 0 
 0 36 0 0 1 74 0 0 5 0 73 78 0 1 1 2 0 1 1 1 235 72 152 170 41 29 0 178 86 46 90 29 415 178 235 262 119 25 115 151 2 0 0 4 0 0 0 3 0 0 2 0 0 0 0 0 0 0 0 0 0 2 3 0 2 7 0 0 0 0 0 0 4 3 3 0 2 0 54 0 0 0 0 0 0 13 0 0 0 0 1 0 0 0 0 16 1 0 0 0 8 29 13 47 0 52 1 0 22 4 15 0 0 1 26 27 0 0 11 8 0 0 0 0 0 1 0 0 46 0 0 0 0 0 0 0 0 0 0 0 0 0 0 0 0 0 0 0 0 10 0 0 0 0 0 0 4 0 0 0 0 0 3 17 11 24 0 0 31 0 0 6 0 0 0 1 2 0 0 0 22 18 0 0 13 19 6 13 35 8 9 0 0 0 26 35 21 0 0 30 0 0 0 0 0 0 0 0 0 0 0 0 0 0 0 0 0 0 22 0 0 0 0 0 0 0 0 0 0 0 0 0 0 0 0 0 0 0 0 9 0 0 0 0 0 0 0 0 0 0 0 0 0 0 3 0 2 0 0 0 1 0 0 0 0 0 0 0 0 0 0 0 0 0 0 0 0 0 0 0 0 0 0 0 0 0 0 0 0 0 
 3 2 2 8 3 3 2 2 2 2 2 220 2 2 2 2 2 2 2 2 129 180 287 162 165 24 178 0 150 201 43 31 451 247 135 123 38 96 348 471 4 0 3 0 0 0 0 3 0 0 2 2 3 0 0 0 3 0 0 0 0 2 3 0 2 5 0 0 0 0 0 0 51 0 29 0 2 0 2 0 0 0 0 0 18 20 0 0 2 0 0 0 0 0 0 0 0 0 0 12 57 19 24 12 12 14 0 20 43 87 22 29 0 0 85 0 1 36 77 7 0 0 0 0 17 0 0 0 0 0 2 0 0 0 0 0 0 0 0 0 0 4 0 2 0 0 0 0 0 1 0 0 0 1 0 0 2 0 0 0 1 5 0 0 8 22 0 0 9 0 0 0 0 12 0 0 1 0 0 0 13 53 0 29 1 8 29 48 6 11 15 10 10 24 8 21 47 5 9 0 0 0 0 0 0 0 0 0 0 0 0 0 0 0 0 0 0 1 13 0 0 0 0 0 0 18 0 0 0 0 2 0 0 0 0 0 0 0 10 5 0 0 0 0 0 0 0 0 0 0 0 1 0 0 13 0 0 0 0 2 6 0 0 1 0 0 0 0 0 0 0 0 0 0 0 0 0 0 0 0 0 0 0 0 0 0 0 0 0 0 
 2 0 0 0 2 23 0 0 1 0 0 12 0 0 0 2 0 0 2 0 197 213 186 273 83 151 86 150 0 147 41 68 216 101 214 58 263 102 66 151 2 0 4 0 0 0 0 0 0 0 2 0 0 0 0 13 0 0 124 0 0 31 3 0 2 0 0 0 0 0 0 0 0 0 3 0 0 0 2 0 0 0 2 0 0 0 0 0 0 0 1 0 0 0 0 0 0 2 0 0 19 46 19 28 0 1 0 29 0 9 0 56 0 20 0 18 61 70 0 0 0 0 11 0 0 10 11 0 0 0 0 0 0 0 11 0 0 0 11 14 0 0 0 0 0 0 0 0 1 0 0 1 0 0 0 0 0 0 0 0 0 0 0 0 0 0 0 0 0 0 0 0 0 0 3 0 0 0 0 0 20 33 38 9 20 0 11 14 1 23 18 0 14 25 76 1 33 31 10 21 0 0 0 2 0 0 2 20 0 0 0 0 0 11 0 0 0 0 21 0 0 0 0 0 0 0 0 0 2 0 0 0 0 0 0 0 0 0 0 16 0 0 0 0 0 0 0 0 0 0 0 0 0 1 4 0 1 0 41 0 13 0 0 0 0 0 0 0 0 0 0 0 0 0 0 0 0 0 0 0 0 10 0 0 0 0 0 0 0 0 
 3 0 0 0 1 0 0 2 0 1 0 0 0 207 0 2 0 2 0 0 200 122 100 194 175 49 46 201 147 0 156 143 228 151 69 361 70 47 268 283 2 0 0 0 0 0 24 0 0 0 2 0 0 54 0 63 3 0 62 0 0 2 3 0 2 8 0 0 0 0 0 1 0 0 3 5 0 0 2 0 0 0 0 0 23 4 0 0 0 0 0 0 0 0 0 0 0 0 0 2 45 12 0 32 30 1 0 0 17 56 34 9 0 0 21 32 20 19 4 9 10 0 0 0 0 0 0 0 0 0 0 0 0 0 0 0 10 0 38 10 0 7 0 5 0 0 0 0 0 0 0 4 0 0 0 1 0 0 0 0 0 0 0 0 59 0 0 0 0 0 2 0 0 0 1 1 0 0 0 0 48 12 29 14 24 32 9 37 11 23 40 17 0 13 0 18 3 9 3 0 32 0 0 14 0 0 0 0 0 0 0 0 11 14 0 0 0 0 1 14 0 0 0 0 0 0 0 0 0 0 0 0 0 0 0 0 0 0 13 0 0 0 0 0 0 0 2 0 0 0 0 0 0 0 15 0 1 3 3 0 16 3 0 0 0 0 0 0 0 0 0 0 0 0 0 0 0 0 0 0 0 11 0 0 0 0 0 0 0 0 
 0 0 0 0 0 0 0 0 0 0 0 0 0 0 1 0 0 0 23 0 124 105 364 45 179 162 90 43 41 156 0 61 75 51 134 190 109 70 55 75 28 0 5 62 0 1 88 1 1 0 3 5 5 91 0 6 5 0 62 0 0 9 3 0 2 0 0 38 8 0 50 0 0 0 3 0 4 0 2 0 0 0 0 0 0 1 0 0 0 0 0 0 0 0 0 0 0 0 0 0 0 32 7 0 15 9 0 0 1 0 1 0 0 0 1 9 0 12 2 0 1 9 0 0 0 0 11 0 0 0 0 0 0 0 0 4 0 1 15 0 0 0 0 0 0 0 0 0 0 0 0 11 0 0 0 0 0 0 0 0 0 1 0 0 0 1 0 0 0 0 0 0 0 0 0 0 7 0 0 17 11 0 36 1 39 42 30 0 7 14 45 20 0 11 0 20 29 1 1 3 23 0 2 0 0 0 22 10 0 0 21 0 16 46 0 0 1 0 6 29 0 0 0 0 0 2 0 0 0 0 0 0 0 0 0 0 0 0 0 0 0 0 0 0 0 0 0 0 0 0 0 0 0 0 17 0 1 41 1 2 1 1 0 0 0 0 9 0 0 0 0 0 0 0 0 0 0 0 0 16 0 19 0 0 0 7 0 0 0 0 
 0 0 0 0 0 2 0 0 0 0 0 0 2 0 0 2 0 0 0 0 252 54 34 106 156 65 29 31 68 143 61 0 41 100 34 35 311 180 53 61 3 63 1 0 0 0 53 96 0 1 3 0 29 89 0 0 0 64 186 66 0 2 3 0 2 0 0 0 0 0 0 0 1 0 3 0 0 0 2 0 0 0 17 0 0 0 0 0 0 0 0 0 0 0 0 0 0 0 0 10 0 2 0 11 20 0 0 0 0 27 20 4 0 0 1 8 23 0 0 0 30 0 14 0 0 0 0 2 10 0 15 0 35 1 14 0 13 20 21 36 1 0 2 0 0 0 0 0 1 0 10 1 0 0 0 0 0 0 0 0 0 2 0 0 0 0 0 0 0 0 0 0 0 0 2 0 0 0 10 0 1 0 10 25 30 0 0 11 0 12 49 41 0 0 0 8 0 2 0 12 28 0 8 0 0 0 6 15 8 0 12 1 32 37 19 0 10 0 0 23 0 0 0 0 0 0 0 0 0 0 0 1 0 0 0 0 0 1 0 0 0 0 14 0 0 0 0 0 0 0 0 0 0 0 10 0 0 2 73 2 23 0 0 0 0 0 0 0 0 0 0 0 0 0 0 0 0 0 0 0 0 21 0 0 0 0 16 0 0 0 
 6 3 82 83 177 21 4 3 78 77 5 5 3 21 3 6 5 79 3 4 68 151 182 247 73 28 415 451 216 228 75 41 0 133 217 143 238 29 241 263 5 0 0 0 3 0 3 0 2 0 1 1 1 3 0 7 0 0 0 0 0 2 3 0 2 12 3 0 0 0 0 0 0 0 3 0 0 1 2 0 0 0 3 21 0 0 0 0 0 0 0 13 0 0 0 23 0 13 0 10 11 53 0 30 0 19 0 17 10 26 20 27 20 6 18 0 19 49 0 29 0 0 0 0 0 0 0 0 0 0 7 0 0 1 0 0 0 0 0 0 0 0 0 0 0 0 0 0 1 0 0 0 0 0 16 0 0 0 0 0 0 14 0 14 1 10 2 12 0 2 0 0 0 0 0 14 13 9 0 0 13 27 0 0 29 45 12 69 20 38 20 9 32 32 25 1 31 1 4 1 0 0 0 0 0 0 0 0 0 0 0 0 0 0 0 0 0 0 14 17 0 0 0 0 0 0 0 0 0 0 0 0 0 0 0 2 0 0 0 0 0 0 0 0 0 0 0 0 0 0 0 0 0 0 6 1 1 0 0 2 1 0 0 0 0 0 0 0 0 0 0 0 0 0 0 13 0 0 0 0 0 0 0 0 0 0 0 0 0 0 
 0 0 0 0 0 111 0 1 75 1 0 148 0 0 2 74 0 77 0 0 113 207 281 135 72 40 178 247 101 151 51 100 133 0 96 134 37 125 70 251 3 0 0 3 0 0 0 0 2 0 1 64 0 0 0 0 0 0 0 0 0 2 3 27 2 4 3 0 0 0 0 0 0 0 5 0 0 0 2 0 0 0 0 0 28 18 0 0 0 0 0 0 0 0 0 0 0 0 0 0 29 0 17 0 9 0 2 0 34 18 30 0 1 4 55 13 18 24 16 8 0 1 0 0 0 0 0 0 16 2 1 0 0 0 7 0 7 0 0 0 0 5 0 14 0 0 0 0 0 0 12 9 0 0 0 0 1 0 0 0 2 6 0 11 21 14 0 0 12 0 0 1 0 0 0 1 14 0 0 0 57 26 11 41 12 12 25 30 9 23 0 0 8 0 16 29 7 24 7 6 0 0 0 0 0 0 0 0 0 0 0 0 0 0 0 0 2 0 0 0 0 0 0 0 0 0 0 0 0 0 0 0 0 0 0 0 0 0 0 0 0 6 0 0 0 17 0 0 0 0 0 0 0 0 9 0 0 4 0 0 0 4 0 0 0 0 0 0 0 0 0 0 0 0 0 0 0 0 0 0 0 0 0 2 0 0 20 0 0 0 
 2 77 0 4 0 1 0 0 0 0 75 73 0 0 0 3 0 0 0 0 127 341 158 358 50 124 235 135 214 69 134 34 217 96 0 214 84 197 142 206 2 0 0 0 0 0 0 0 0 0 2 0 0 0 0 2 0 0 0 0 0 2 60 0 2 0 0 37 0 0 0 0 0 0 3 0 0 0 38 0 0 0 0 0 27 0 0 0 0 0 0 22 0 0 0 0 0 0 0 0 24 61 27 13 0 0 14 31 9 11 0 18 11 27 28 22 11 35 0 0 0 0 1 0 0 9 0 0 0 0 0 0 0 0 0 0 0 0 0 17 2 0 0 0 0 0 0 0 6 0 0 5 0 0 0 0 0 0 0 0 0 7 0 1 19 0 0 0 0 0 0 1 0 0 0 0 2 0 0 0 12 35 19 6 0 4 27 13 5 13 0 0 39 50 12 13 40 33 11 4 2 0 0 0 0 0 0 8 0 0 0 0 7 21 0 2 0 0 35 0 0 0 0 0 0 0 0 2 0 0 0 0 0 0 0 0 0 0 0 0 0 0 0 0 0 0 0 0 0 40 0 0 0 0 2 2 3 0 0 0 2 2 0 0 0 0 0 0 0 0 0 0 0 0 0 0 0 0 0 0 0 16 0 0 0 0 0 0 0 0 
 1 0 0 2 0 2 0 2 0 2 0 0 0 0 0 0 0 2 0 0 123 43 51 105 61 74 262 123 58 361 190 35 143 134 214 0 149 29 251 156 2 0 0 0 34 0 0 0 0 0 1 0 0 6 0 63 0 0 69 0 0 2 3 0 2 7 0 0 0 0 0 0 0 0 3 0 1 0 2 0 0 0 0 0 0 0 15 0 0 0 0 2 0 0 6 2 0 0 0 0 0 26 4 18 10 20 0 0 9 0 46 0 0 0 0 9 29 35 21 0 8 0 0 0 2 0 0 0 0 0 0 0 6 0 0 0 0 0 25 12 0 0 0 0 0 0 0 0 0 0 0 15 0 0 0 0 0 0 0 0 0 0 0 0 0 0 0 0 0 0 0 0 0 0 0 0 2 1 0 0 22 0 7 2 30 19 6 0 10 18 20 0 0 24 0 55 33 7 0 0 0 0 0 0 0 0 0 0 0 1 0 0 18 0 0 0 0 0 22 1 0 0 0 0 0 0 0 0 10 13 1 0 0 0 0 0 0 0 0 1 0 0 0 0 0 0 0 0 0 0 0 0 0 0 3 0 4 2 0 0 1 2 0 0 0 0 0 0 0 0 0 0 10 0 0 0 0 0 0 8 0 15 0 0 0 8 0 0 0 2 
 0 0 1 0 1 74 1 0 0 0 1 3 0 0 1 0 0 0 0 0 264 54 180 127 71 130 119 38 263 70 109 311 238 37 84 149 0 154 18 118 2 0 0 0 0 0 2 0 0 0 2 0 63 0 0 0 1 206 0 0 0 2 3 0 2 0 0 0 0 0 0 0 0 0 3 0 0 0 2 0 0 0 0 2 0 0 0 0 0 0 0 0 0 0 0 0 0 0 0 14 0 32 2 5 1 44 0 0 25 47 9 1 0 1 33 10 16 0 0 0 34 0 0 0 0 0 2 0 0 0 7 0 34 9 0 12 0 0 12 12 0 2 0 5 0 0 0 0 0 0 0 15 0 0 0 0 0 0 13 0 0 0 0 0 1 10 0 0 0 0 0 0 0 0 0 0 0 0 0 0 23 22 29 18 38 1 1 0 0 1 9 17 0 0 41 9 10 9 0 40 0 9 6 0 0 0 0 0 0 0 0 0 11 0 0 0 0 0 60 0 0 0 0 0 0 41 0 0 0 0 0 0 0 0 0 0 0 0 0 8 0 0 13 0 0 0 0 0 0 0 0 0 0 0 3 1 1 118 150 1 2 20 0 0 0 0 0 0 0 0 0 0 0 0 0 0 0 0 0 8 0 0 0 0 0 8 0 0 0 0 
 0 0 2 3 73 0 1 0 0 0 2 0 0 0 0 0 0 0 0 1 112 122 108 116 49 71 25 96 102 47 70 180 29 125 197 29 154 0 112 29 3 0 0 0 0 3 2 0 0 0 1 0 1 0 0 0 0 0 119 0 0 2 3 0 2 0 0 0 0 0 0 0 0 0 3 0 0 0 2 0 0 0 0 0 0 1 0 0 0 0 0 0 0 0 0 0 0 0 0 0 6 24 26 0 9 0 0 9 10 0 0 13 0 29 27 13 12 22 1 0 13 0 0 0 0 0 0 0 0 0 0 0 26 0 0 0 10 0 24 24 0 0 0 4 0 0 0 0 0 0 0 10 0 0 0 0 0 0 0 0 0 6 0 0 0 0 0 0 0 0 0 0 0 0 35 0 8 0 0 0 21 21 26 19 0 1 19 1 0 0 11 0 12 0 0 21 24 21 11 15 2 0 1 0 6 0 4 9 0 0 22 0 0 16 0 0 5 0 0 24 0 0 0 0 0 0 0 0 9 35 0 0 0 12 0 0 0 0 0 0 0 0 0 0 0 75 0 0 0 0 0 0 0 0 9 2 0 11 0 5 0 10 0 0 0 0 0 0 0 0 0 0 0 0 0 0 0 0 0 0 0 0 0 0 0 0 26 0 0 0 
 8 4 152 138 95 4 3 81 3 150 26 3 3 8 3 82 4 3 28 3 51 116 187 281 58 38 115 348 66 268 55 53 241 70 142 251 18 112 0 178 2 0 0 0 0 0 0 0 9 0 1 3 0 0 0 0 0 0 0 0 0 2 3 0 2 0 0 0 0 0 0 0 0 0 3 0 0 0 2 0 0 0 1 9 18 18 0 0 21 1 14 24 0 0 0 2 14 36 0 0 8 0 0 0 0 0 42 21 9 0 0 0 39 1 9 1 0 5 22 11 0 0 0 0 0 0 0 0 0 0 0 0 0 0 9 0 0 0 0 0 0 0 0 0 0 0 1 0 0 0 0 1 0 0 0 0 0 0 0 15 0 18 0 44 14 13 0 0 16 8 1 24 2 0 1 28 1 24 0 0 0 10 0 0 0 1 7 0 0 24 0 0 23 19 16 0 2 4 0 11 0 0 1 0 0 0 0 0 0 0 0 0 0 0 0 0 0 0 0 0 0 0 0 0 0 0 0 0 0 0 0 0 0 0 1 0 0 0 0 0 0 0 0 0 0 0 73 0 0 73 0 0 0 0 3 0 0 0 0 0 2 0 0 0 0 0 0 0 0 0 0 0 0 0 0 12 0 0 0 0 0 0 0 0 0 0 0 0 0 0 
 9 3 4 63 17 93 4 3 21 4 3 155 3 3 3 7 3 21 3 3 118 114 271 101 116 160 151 471 151 283 75 61 263 251 206 156 118 29 178 0 2 0 0 4 0 0 2 2 1 0 2 0 0 0 0 0 1 0 0 0 50 2 3 2 8 5 0 0 0 0 0 0 0 0 3 0 0 0 2 0 0 0 9 0 16 15 0 0 0 0 0 14 17 0 0 11 0 0 0 0 25 18 11 21 11 6 0 25 28 39 16 15 0 0 39 0 0 17 30 22 0 0 0 0 0 0 8 0 0 0 0 0 0 0 0 0 0 0 0 0 0 6 0 0 0 0 0 0 0 0 0 0 0 0 0 0 0 0 0 0 0 0 9 0 14 33 0 15 9 0 0 0 0 0 0 0 0 2 0 0 1 33 0 0 8 0 12 54 16 25 36 14 5 21 24 13 28 0 17 12 0 0 0 0 0 0 0 0 0 2 0 0 0 0 0 0 0 0 9 0 0 0 0 0 0 0 0 0 0 0 0 0 0 0 0 0 0 0 0 7 0 2 0 0 0 0 0 0 0 0 0 0 0 0 5 0 0 1 0 1 2 0 0 0 0 0 0 0 0 0 0 0 0 0 0 0 12 0 0 0 0 0 0 0 0 0 0 0 0 0 
 0 0 0 0 0 0 0 2 0 0 0 0 0 62 0 0 0 0 0 0 2 2 2 2 66 64 2 4 2 2 28 3 5 3 2 2 2 3 2 2 0 71 67 53 45 80 215 67 556 332 23 30 292 215 85 34 68 31 35 95 0 0 0 0 0 0 0 0 3 0 0 0 1 0 0 0 6 0 0 0 0 0 0 0 0 0 0 0 0 0 0 0 0 0 0 0 0 0 0 0 0 0 0 0 0 0 0 0 0 0 0 0 0 0 0 0 0 0 0 0 10 38 0 12 18 0 19 20 10 8 0 7 25 0 13 17 6 1 0 1 0 0 0 0 0 0 0 0 0 0 0 0 0 0 0 0 0 2 0 2 0 9 0 0 0 0 0 0 0 4 0 0 0 0 0 0 0 0 0 0 0 0 0 0 3 0 0 1 0 0 0 0 0 0 0 0 0 0 0 0 47 63 22 0 0 0 41 9 21 0 7 10 12 0 1 0 1 27 0 8 15 0 0 0 12 0 0 0 0 0 0 0 0 0 6 0 0 0 0 0 0 0 0 0 0 0 0 0 0 0 0 11 0 1 0 0 0 31 0 11 0 0 65 0 0 1 15 0 0 0 0 0 0 2 0 0 0 0 0 0 0 0 0 0 10 14 0 0 0 1 
 0 0 0 0 0 0 0 0 0 0 0 0 0 0 0 0 0 0 0 0 0 0 0 0 64 7 0 0 0 0 0 63 0 0 0 0 0 0 0 0 71 0 232 253 49 101 61 195 113 44 32 43 121 43 148 317 112 27 50 149 0 1 0 0 0 0 0 0 0 0 0 0 2 0 0 0 0 2 0 0 0 0 0 0 0 0 0 0 0 0 0 0 0 0 0 0 0 0 0 0 0 0 0 10 0 21 0 0 0 0 0 0 0 0 0 0 0 0 0 0 8 5 0 10 1 0 0 22 6 23 38 1 12 42 21 15 13 13 17 6 4 9 0 0 0 0 10 0 0 0 2 0 0 0 0 0 0 0 22 33 0 0 0 0 13 0 0 0 0 0 4 0 0 0 0 0 0 0 0 0 0 0 0 0 0 10 0 0 0 0 0 13 0 0 0 0 0 0 0 0 11 48 43 0 0 10 7 24 41 31 1 10 18 21 21 9 7 14 13 7 0 0 0 0 0 3 0 0 0 0 0 0 13 0 0 0 0 0 4 0 0 0 0 0 0 0 0 0 0 0 0 10 0 16 0 0 0 0 0 0 0 0 0 46 1 1 0 1 0 0 0 0 0 0 0 0 0 0 0 0 0 0 0 0 0 13 0 0 0 0 
 0 0 0 0 0 2 0 0 0 0 0 3 0 0 0 0 0 0 0 0 0 0 0 0 0 21 0 3 4 0 5 1 0 0 0 0 0 0 0 0 67 232 0 110 72 30 76 318 139 259 63 93 122 302 333 155 155 110 45 124 1 0 0 0 0 1 18 0 0 0 5 0 51 0 2 0 5 0 62 0 0 0 0 0 0 0 0 0 0 0 0 0 0 0 0 0 0 0 0 0 0 0 0 0 0 8 0 0 0 0 0 0 0 0 0 0 0 0 0 0 15 13 0 0 9 25 17 2 0 0 11 11 15 6 0 18 0 1 0 0 24 0 7 0 0 0 8 10 0 0 2 2 0 0 0 0 0 0 0 27 0 0 0 0 0 7 0 0 0 0 0 0 0 0 0 0 0 0 0 0 0 0 0 0 0 21 0 0 0 0 10 0 0 0 0 0 0 0 0 0 48 35 9 28 14 0 2 0 13 0 13 48 8 0 42 0 16 29 0 3 1 0 5 0 4 0 20 0 0 0 0 4 18 0 0 0 0 0 7 0 0 0 0 0 0 0 0 0 0 0 0 5 0 0 0 0 0 0 0 15 0 0 0 0 0 11 0 0 2 0 8 0 0 0 0 0 0 0 0 0 0 0 0 0 12 2 0 0 0 0 
 4 2 5 2 2 6 2 2 17 2 2 2 2 2 2 7 2 8 2 2 0 0 0 0 0 0 4 0 0 0 62 0 0 3 0 0 0 0 0 4 53 253 110 0 81 114 444 79 387 144 278 46 69 208 179 52 61 35 261 299 0 4 3 0 3 0 43 0 0 0 19 0 1 0 3 0 2 0 55 0 0 0 0 0 0 3 0 0 0 0 0 0 0 0 9 0 0 0 0 0 1 0 0 0 0 0 2 0 4 0 0 0 0 0 11 0 0 0 0 13 0 2 17 9 39 1 13 58 11 79 41 7 0 31 21 3 9 37 0 0 6 14 0 0 0 0 0 0 0 0 0 0 0 19 0 0 0 2 0 24 0 0 0 17 0 0 0 0 4 1 10 0 0 0 0 0 0 0 0 0 0 0 0 0 0 0 0 12 5 0 0 0 0 8 0 0 0 0 0 2 1 26 62 0 0 21 9 13 10 29 8 1 7 0 15 34 0 11 0 0 0 0 0 0 0 0 0 0 0 0 0 0 0 0 6 0 0 0 19 0 0 7 0 0 0 0 8 0 0 0 0 9 0 2 0 0 0 0 0 0 0 0 78 67 66 4 0 5 2 0 0 0 0 0 0 0 0 0 0 0 0 0 0 0 4 0 0 14 0 0 
 0 0 0 0 0 0 0 0 0 0 0 0 0 0 0 0 0 0 0 0 0 0 0 0 3 5 0 0 0 0 0 0 3 0 0 34 0 0 0 0 45 49 72 81 0 129 42 323 89 100 178 530 61 107 73 101 300 77 274 103 1 0 51 0 9 0 0 0 51 0 0 0 3 1 30 49 1 0 0 101 0 0 0 0 0 0 11 0 0 0 0 0 0 0 0 0 0 0 0 0 0 0 0 22 0 5 0 0 0 0 0 0 0 0 0 0 0 0 0 0 0 10 0 6 0 1 1 21 0 0 0 8 0 0 33 23 0 19 0 5 0 33 0 0 0 0 10 22 0 4 19 0 14 0 0 0 8 14 9 16 0 0 0 0 0 0 2 0 0 0 0 0 0 21 0 0 0 0 0 0 0 0 0 0 0 0 0 0 0 0 0 0 0 0 0 0 0 0 4 0 0 4 26 20 8 43 1 14 6 18 2 0 0 9 0 11 0 0 39 0 53 0 11 0 0 4 67 15 0 0 0 0 0 13 6 6 12 7 10 30 0 0 0 0 0 0 0 0 0 0 0 5 0 2 0 0 0 0 0 0 0 0 0 0 0 3 2 39 0 0 10 0 0 0 0 0 0 0 0 0 0 1 0 0 12 12 0 0 0 0 
 0 0 2 0 2 0 0 0 0 0 0 0 0 0 0 0 0 0 0 0 0 0 0 0 0 0 0 0 0 0 1 0 0 0 0 0 0 3 0 0 80 101 30 114 129 0 101 257 57 112 111 49 28 73 74 113 90 44 294 265 6 0 0 1 0 0 13 0 0 0 0 0 1 58 51 0 0 0 2 0 0 0 0 0 0 7 0 0 0 0 0 0 0 0 0 0 0 0 0 0 0 0 0 0 0 0 0 0 0 0 0 0 0 0 0 0 0 0 0 0 0 1 11 0 15 0 0 37 40 13 0 6 0 11 15 0 66 0 0 0 8 0 0 8 0 22 0 18 17 33 19 10 32 35 1 7 1 1 27 12 0 0 0 0 0 0 12 0 0 0 0 0 0 0 0 0 0 0 0 0 0 0 0 0 0 0 0 0 0 0 0 0 0 0 0 4 0 0 0 0 0 3 14 13 0 23 0 0 0 18 7 0 0 8 7 15 0 4 0 0 0 21 0 0 3 2 0 1 0 0 15 0 10 60 23 14 19 16 12 0 0 0 0 0 0 0 0 0 0 0 0 4 0 0 0 0 0 0 0 0 0 0 65 0 63 0 1 0 0 4 0 0 0 0 0 0 0 0 0 0 0 0 7 0 1 0 0 14 43 0 
 0 0 0 3 0 0 0 0 0 0 0 3 2 4 0 0 33 0 0 0 1 2 3 63 29 1 0 0 0 24 88 53 3 0 0 0 2 2 0 2 215 61 76 444 42 101 0 309 362 44 31 28 61 131 65 53 78 26 115 130 0 0 0 0 3 0 24 0 0 2 0 0 1 0 0 57 0 0 0 0 4 0 0 0 0 0 0 0 0 0 0 0 0 0 0 0 0 0 0 0 0 0 0 15 17 0 0 0 0 13 6 8 0 0 0 0 6 0 0 0 0 17 0 0 23 0 25 10 11 16 0 0 0 0 0 11 36 11 25 15 1 0 0 0 0 0 0 0 0 0 0 2 0 0 0 0 0 0 0 3 0 0 0 0 0 0 0 0 0 0 0 0 0 0 1 0 0 0 0 0 1 1 27 9 2 3 0 0 0 5 10 0 0 0 4 0 0 6 0 0 9 9 6 0 0 0 0 0 8 10 11 11 0 12 1 2 0 10 1 18 0 0 0 0 0 0 0 0 0 0 0 0 0 0 9 0 0 0 11 0 0 0 0 0 0 0 0 0 0 0 0 3 0 2 0 0 0 67 0 0 42 0 104 0 0 0 3 0 0 0 0 0 0 0 0 0 9 0 0 0 0 0 0 0 19 0 0 0 0 0 
 0 0 0 0 40 0 0 0 0 0 0 4 0 0 0 0 0 0 0 0 0 0 0 0 75 5 3 3 0 0 1 96 0 0 0 0 0 0 0 2 67 195 318 79 323 257 309 0 94 41 254 248 108 147 43 49 41 77 135 337 0 0 0 55 9 0 0 0 0 0 0 0 1 0 15 0 0 0 0 0 0 0 0 0 0 5 0 0 0 0 0 0 0 0 0 0 0 0 0 0 7 0 7 0 13 0 0 5 2 2 0 0 0 1 4 0 0 0 4 0 9 4 21 0 0 0 0 18 10 0 11 0 0 11 24 0 12 43 11 8 1 9 0 0 0 0 0 0 0 0 4 2 0 0 0 0 0 0 0 1 0 0 0 0 0 6 0 0 0 0 0 0 0 0 0 0 0 0 0 0 0 1 0 7 11 2 0 0 0 0 11 16 0 0 0 0 0 0 3 0 20 0 21 1 3 15 21 32 8 19 18 1 9 30 23 16 13 0 0 15 0 0 0 0 0 0 0 0 0 0 0 0 0 0 0 0 0 0 0 0 0 0 0 0 0 0 0 2 0 19 0 10 0 1 0 0 0 0 0 0 5 0 2 0 0 2 0 3 0 0 0 0 0 0 0 0 0 0 0 0 0 0 0 0 0 11 0 0 0 0 
 3 7 3 13 3 3 3 73 3 11 18 3 3 3 3 3 3 3 3 3 0 0 0 0 3 0 0 0 0 0 1 0 2 2 0 0 0 0 9 1 556 113 139 387 89 57 362 94 0 458 80 38 72 540 145 422 103 311 73 231 0 0 0 0 0 0 49 0 205 0 0 0 54 4 0 0 0 0 51 0 0 0 0 8 2 0 0 0 0 12 0 0 0 0 0 0 0 3 0 0 0 0 18 0 0 0 2 0 0 23 0 0 7 0 0 0 0 0 0 0 0 34 17 0 69 26 1 24 14 12 11 0 1 11 0 2 7 12 0 0 0 0 49 0 0 0 0 1 0 0 0 0 0 10 0 0 0 0 0 20 0 0 1 10 7 6 0 0 0 4 7 7 0 0 0 10 0 4 0 0 0 0 0 0 0 0 0 12 0 0 0 0 0 0 0 0 0 0 0 0 0 20 3 22 14 0 0 0 6 26 9 10 29 10 7 28 23 25 0 0 0 0 0 0 0 0 19 0 0 0 0 0 9 0 0 0 0 0 6 0 0 0 9 0 0 0 0 0 0 0 0 4 0 1 0 0 0 0 0 0 0 0 64 0 62 11 0 0 0 0 10 0 0 0 0 0 0 0 0 0 0 0 0 0 18 0 0 11 0 0 
 3 0 0 0 6 0 0 1 0 0 0 0 0 0 0 0 0 0 0 0 0 0 0 0 2 0 0 0 0 0 0 1 0 0 0 0 0 0 0 0 332 44 259 144 100 112 44 41 458 0 541 105 40 148 88 395 292 86 71 74 72 0 0 5 6 52 54 2 206 0 0 0 49 0 1 1 7 0 73 3 0 0 0 0 0 0 0 0 0 0 0 0 0 0 0 0 0 0 0 0 0 0 0 0 0 0 0 0 0 0 0 0 0 0 0 0 0 16 0 0 0 8 0 12 13 29 0 4 12 8 2 18 0 1 0 0 9 15 0 0 16 0 0 0 0 0 8 11 0 0 0 2 0 0 10 0 0 10 1 10 0 0 0 0 0 0 3 0 0 0 0 0 0 0 0 0 0 0 0 0 0 0 0 0 0 0 0 0 0 0 0 0 0 0 0 0 0 0 0 0 0 0 2 10 18 1 0 19 0 11 8 11 0 0 0 1 0 0 0 0 19 0 1 0 8 0 38 10 0 0 0 18 22 2 12 0 13 0 15 32 0 0 0 0 0 0 0 0 0 0 0 7 0 0 0 0 0 0 0 11 0 0 40 0 0 3 0 0 0 0 1 0 0 0 1 0 0 0 0 0 0 0 0 0 17 0 0 0 0 0 
 2 0 0 15 0 0 0 0 0 0 0 3 0 0 0 0 0 0 0 0 1 1 2 1 3 2 2 2 2 2 3 3 1 1 2 1 2 1 1 2 23 32 63 278 178 111 31 254 80 541 0 200 26 55 50 93 368 404 26 494 70 0 0 6 51 0 40 29 2 3 4 0 57 0 64 56 10 0 57 107 0 0 0 0 0 0 0 0 0 0 0 0 0 0 0 0 0 0 0 0 0 0 0 0 0 0 0 0 0 0 0 0 0 0 0 0 41 0 0 0 0 0 0 10 0 30 0 0 0 0 0 10 0 9 0 0 0 0 0 0 5 0 0 0 0 0 28 29 0 7 12 2 21 0 11 0 0 11 6 0 0 0 0 0 0 0 0 0 0 0 0 0 0 0 0 0 0 0 0 0 0 0 0 0 0 0 0 0 0 0 0 0 0 0 0 0 0 0 0 0 0 0 0 27 5 36 13 0 0 0 0 11 0 0 0 0 0 0 0 0 26 19 33 0 0 0 32 12 0 0 0 0 11 20 10 15 5 3 18 82 0 0 0 0 0 0 0 0 0 0 0 9 0 0 0 0 0 0 0 8 0 0 2 0 0 0 4 0 0 0 35 0 0 0 0 0 0 0 0 0 0 0 0 0 0 1 0 0 0 3 
 0 0 7 8 0 8 0 8 13 0 0 19 0 0 0 6 0 5 0 0 3 0 0 0 4 0 0 2 0 0 5 0 1 64 0 0 0 0 3 0 30 43 93 46 530 49 28 248 38 105 200 0 48 44 43 39 346 72 88 62 54 2 82 62 0 3 2 4 54 0 0 1 3 9 20 0 38 0 0 51 0 0 0 0 4 0 0 0 0 0 0 0 0 0 0 0 0 0 0 0 0 0 0 0 0 0 5 0 0 0 0 0 1 0 0 0 0 0 0 0 0 0 0 1 14 0 0 0 0 0 0 31 0 0 0 29 7 0 0 2 19 16 0 0 0 0 18 14 0 0 19 2 12 0 13 0 0 10 5 22 0 0 0 0 7 0 0 0 0 7 0 3 0 0 0 0 0 0 0 0 0 0 0 0 0 0 0 0 0 0 0 0 0 13 0 0 0 0 0 3 0 0 2 51 16 6 0 0 0 7 14 5 0 0 0 0 21 0 0 0 50 0 0 0 0 0 55 24 0 0 0 0 11 6 0 0 11 0 0 11 0 7 0 0 0 0 11 0 0 0 0 10 0 2 0 0 0 0 0 0 0 1 0 1 1 10 0 0 0 0 0 0 0 0 0 0 0 0 0 0 0 0 0 0 0 0 0 0 0 0 
 2 0 0 0 0 0 0 2 0 0 0 0 0 0 0 2 0 0 0 0 0 0 0 0 0 62 0 3 0 0 5 29 1 0 0 0 63 1 0 0 292 121 122 69 61 28 61 108 72 40 26 48 0 213 197 138 90 133 152 212 54 0 0 0 0 0 3 2 2 0 0 0 5 0 3 0 0 0 0 0 0 0 0 0 0 0 0 0 0 0 0 0 0 0 0 0 0 0 0 0 0 0 0 0 0 14 0 0 0 0 0 0 0 0 0 0 0 0 0 0 0 23 10 8 9 32 7 9 10 25 27 0 7 31 0 4 2 19 1 0 3 6 0 0 0 0 0 0 2 0 0 2 0 3 2 0 0 0 0 0 0 0 0 0 0 0 0 0 0 1 7 0 0 0 0 5 0 0 0 13 0 0 0 0 17 19 0 0 0 0 0 0 0 0 0 5 0 0 0 0 29 24 8 0 3 0 22 11 3 1 22 15 0 53 22 25 24 8 0 1 0 0 3 0 0 0 4 0 0 0 0 0 0 0 0 1 5 3 2 5 0 0 10 0 0 0 0 0 0 0 0 10 0 0 0 0 0 1 0 0 0 0 0 68 0 1 0 0 0 0 12 0 0 0 0 0 0 0 0 0 0 0 0 0 7 0 0 0 0 0 
 2 3 6 6 3 2 3 2 2 2 3 3 3 1 3 1 2 0 2 2 0 1 0 0 65 33 0 0 0 54 91 89 3 0 0 6 0 0 0 0 215 43 302 208 107 73 131 147 540 148 55 44 213 0 91 113 29 44 70 250 0 4 0 0 2 2 0 0 4 0 0 1 2 0 0 0 0 4 0 0 0 0 0 0 0 0 0 21 0 0 0 0 0 0 0 0 0 0 0 0 0 0 0 0 0 0 0 0 0 0 0 0 0 0 0 0 0 0 0 0 0 21 0 15 11 0 19 27 30 36 3 6 0 10 1 22 7 40 0 0 0 0 0 0 0 0 0 0 0 0 0 1 0 0 0 0 0 1 0 8 0 0 0 0 0 0 0 0 0 43 1 0 0 0 0 0 0 0 0 17 0 0 0 0 0 0 0 0 0 0 0 0 37 0 0 16 0 0 0 0 54 16 31 3 0 0 13 9 16 25 50 0 0 25 19 0 42 6 0 9 0 0 0 0 0 7 0 0 0 0 0 0 0 0 30 0 0 0 8 0 0 0 0 0 0 0 0 0 0 19 0 6 0 1 0 0 0 63 0 0 0 0 90 4 0 2 0 0 2 0 0 0 0 0 0 0 0 0 0 0 0 0 8 0 8 0 0 0 0 0 
 3 0 0 0 0 0 0 1 0 0 0 0 0 0 0 2 0 0 0 0 0 0 0 0 0 0 0 0 0 0 0 0 0 0 0 0 0 0 0 0 85 148 333 179 73 74 65 43 145 88 50 43 197 91 0 140 164 76 73 374 0 0 0 0 0 2 0 0 0 0 0 0 28 0 0 0 0 0 0 0 0 0 0 0 0 1 0 0 0 0 0 0 0 0 0 0 0 0 0 0 0 0 0 0 0 0 0 0 0 0 0 0 0 0 0 18 0 0 39 0 0 31 29 1 33 40 67 1 32 36 47 0 44 26 6 20 3 35 0 0 0 0 0 0 0 0 0 0 0 0 0 2 0 0 0 0 0 0 0 16 0 0 0 0 0 0 0 0 0 0 4 0 0 0 0 0 0 0 0 0 0 0 0 0 0 1 10 0 0 0 0 3 0 0 0 0 0 0 0 0 8 15 19 6 0 7 2 0 34 20 1 10 10 10 17 38 0 38 0 0 0 0 0 0 0 2 0 0 7 0 0 9 0 10 0 0 0 3 11 0 0 0 17 0 0 0 0 0 0 0 0 2 0 0 0 0 0 0 0 0 0 0 2 4 3 1 0 1 0 0 13 0 0 0 0 0 0 0 0 0 0 0 17 0 50 13 0 0 0 0 
 3 0 0 8 4 3 0 2 0 0 0 3 0 0 0 0 0 0 0 0 0 0 4 2 0 62 0 0 13 63 6 0 7 0 2 63 0 0 0 0 34 317 155 52 101 113 53 49 422 395 93 39 138 113 140 0 311 48 48 74 0 0 0 0 0 0 45 0 13 0 0 0 55 0 0 2 0 0 51 0 0 1 0 0 0 0 0 0 0 0 0 0 0 0 27 0 0 0 0 0 0 3 0 0 0 13 0 0 0 0 0 2 0 10 0 0 10 7 0 0 10 19 18 0 27 38 8 13 1 1 14 0 11 24 0 57 0 0 0 0 14 0 0 0 18 0 0 2 0 0 6 2 0 11 0 0 0 0 0 18 0 0 0 0 0 0 0 0 0 0 0 0 0 0 0 0 0 0 0 0 0 0 0 0 36 19 4 0 0 1 0 10 12 0 4 0 24 0 0 0 35 4 0 21 14 0 7 0 7 21 0 44 1 20 20 12 34 28 0 1 0 0 0 0 0 1 19 0 0 0 0 0 7 0 0 0 0 0 0 0 0 0 10 0 0 0 1 0 0 0 0 11 0 2 0 0 0 0 0 0 0 0 0 0 63 10 2 1 0 0 0 0 0 0 0 0 0 0 0 0 0 0 0 0 20 0 0 23 0 0 
 6 3 3 3 3 3 3 3 3 3 3 3 3 3 3 3 3 9 3 3 0 0 0 0 1 0 0 3 0 3 5 0 0 0 0 0 1 0 0 1 68 112 155 61 300 90 78 41 103 292 368 346 90 29 164 311 0 188 237 120 0 0 0 0 3 2 0 0 0 0 0 0 0 1 6 0 0 0 0 0 0 0 0 0 0 0 0 0 0 0 0 0 0 0 0 0 0 0 0 9 0 0 0 0 0 0 0 0 0 1 0 0 0 0 0 0 0 0 0 0 1 28 0 0 25 19 32 50 20 12 11 7 9 11 7 21 0 29 0 0 0 12 0 0 0 0 0 0 0 0 0 2 0 0 0 0 0 0 0 1 0 0 0 0 0 0 0 0 0 0 24 0 0 0 0 0 0 0 0 0 8 0 0 0 0 0 0 0 0 0 0 0 0 0 0 0 0 0 0 0 9 4 22 1 5 3 0 20 24 37 12 20 6 0 0 38 3 24 0 0 0 0 0 0 0 8 0 0 7 0 0 0 0 0 0 0 0 0 15 0 0 0 0 0 0 0 0 0 0 0 0 8 0 0 0 0 0 0 0 8 0 0 0 64 0 0 0 4 2 0 3 0 0 0 0 0 0 0 0 0 0 0 0 0 26 10 0 0 0 0 
 0 0 0 0 0 0 0 0 0 0 0 0 0 0 0 0 0 0 0 0 0 0 0 63 0 0 0 0 0 0 0 64 0 0 0 0 206 0 0 0 31 27 110 35 77 44 26 77 311 86 404 72 133 44 76 48 188 0 57 262 22 0 0 0 6 0 5 0 0 0 0 0 1 0 3 0 0 0 53 0 0 0 0 0 0 0 0 0 0 0 0 0 0 0 0 0 0 0 0 0 0 0 0 0 0 0 0 0 0 0 0 0 0 0 0 0 0 0 0 0 0 7 0 15 14 30 11 23 21 1 0 37 12 0 6 14 0 25 0 0 10 17 0 0 0 0 1 0 0 0 2 2 0 0 0 11 0 10 0 34 0 0 0 0 0 0 0 0 0 0 0 0 0 0 0 0 0 0 7 0 0 0 0 0 0 0 0 0 0 0 19 0 0 0 0 0 6 0 0 10 0 0 14 14 56 11 0 18 0 31 49 3 0 0 0 18 17 0 0 0 25 0 0 0 3 0 0 10 0 0 0 5 7 1 0 0 10 0 19 0 0 0 0 0 0 0 0 0 0 0 0 14 0 0 0 0 0 0 0 8 0 0 3 2 0 19 1 33 0 0 5 0 0 0 0 0 0 0 0 0 0 0 0 0 28 10 0 0 0 0 
 0 0 0 0 0 0 0 0 0 0 0 0 0 0 0 0 0 0 0 0 0 69 0 82 63 129 0 0 124 62 62 186 0 0 0 69 0 119 0 0 35 50 45 261 274 294 115 135 73 71 26 88 152 70 73 48 237 57 0 132 0 0 0 0 0 0 0 0 0 0 0 0 0 0 0 0 0 0 3 54 0 0 0 0 0 0 0 0 0 0 12 0 0 0 0 0 0 0 0 0 0 0 18 25 6 17 0 0 0 10 0 18 0 0 0 0 35 0 0 0 20 0 19 0 10 0 0 0 0 0 1 16 24 14 23 0 14 0 79 23 0 0 0 0 0 0 0 0 0 0 1 1 1 0 0 0 0 0 0 17 0 0 0 0 0 0 0 0 0 0 0 0 0 0 11 0 0 0 0 0 0 0 3 25 19 14 0 11 0 11 1 13 0 0 0 0 0 9 0 0 0 0 0 1 0 9 16 13 0 0 0 9 29 1 0 8 11 0 0 29 0 0 0 0 0 0 0 0 0 0 0 0 6 21 0 0 0 0 0 0 0 0 0 0 0 0 0 0 0 0 0 9 0 13 0 0 0 0 63 0 8 0 0 0 0 0 0 0 2 0 0 0 0 0 0 0 0 0 0 8 0 5 0 0 0 8 14 0 0 0 
 0 0 0 0 0 0 0 0 0 0 0 3 0 0 0 0 0 0 0 0 0 0 0 0 0 0 0 0 0 0 0 66 0 0 0 0 0 0 0 0 95 149 124 299 103 265 130 337 231 74 494 62 212 250 374 74 120 262 132 0 0 50 12 2 0 0 17 7 5 3 2 0 4 0 4 0 0 0 0 0 0 0 0 0 0 0 0 0 0 0 0 0 0 0 0 10 0 0 0 0 0 0 0 0 0 0 0 0 0 0 0 0 0 0 0 3 0 0 0 0 0 21 0 17 1 21 22 24 56 30 25 0 8 15 7 10 0 25 0 0 4 16 3 0 0 0 4 0 0 0 0 3 0 1 2 1 0 0 0 0 0 0 0 0 0 0 0 0 0 0 5 0 5 0 0 0 0 0 0 0 0 0 0 0 0 0 0 0 0 0 0 0 0 0 0 0 0 0 0 0 11 43 34 0 0 0 9 13 27 27 11 1 14 0 26 20 10 11 0 0 0 0 0 0 0 0 0 8 2 0 0 0 0 0 0 6 0 2 20 0 0 0 0 0 0 0 0 0 0 0 0 6 0 0 0 0 0 0 0 0 0 0 4 62 0 3 2 2 0 0 9 0 0 0 0 1 0 0 0 0 0 0 0 0 20 0 0 0 0 0 
 3 0 0 0 0 0 0 51 0 0 0 0 0 0 0 2 0 0 0 0 0 0 2 0 0 0 0 0 0 0 0 0 0 0 0 0 0 0 0 50 0 0 1 0 1 6 0 0 0 72 70 54 54 0 0 0 0 22 0 0 0 82 56 64 42 18 176 64 39 72 248 235 79 146 128 70 45 22 138 121 0 0 0 0 0 0 0 0 0 0 0 0 0 0 0 0 0 0 0 0 0 0 0 0 0 0 0 0 0 0 0 0 0 0 0 0 0 0 0 0 0 0 0 8 0 20 0 0 0 7 0 19 0 0 0 0 0 0 0 0 1 14 4 7 0 15 9 25 17 21 0 14 24 12 24 0 7 17 1 0 0 0 0 0 0 0 0 0 0 0 0 0 0 0 0 0 17 0 0 7 0 0 0 0 0 0 0 0 0 0 0 0 0 0 0 0 0 0 0 0 0 0 0 0 26 0 0 0 0 0 13 10 0 0 7 0 0 0 0 0 27 9 0 15 0 52 15 26 7 22 27 0 0 2 0 0 35 1 2 7 0 0 0 12 0 0 0 0 0 0 0 0 0 0 8 0 0 0 0 0 0 0 0 0 0 0 0 0 0 0 2 1 0 1 0 2 0 0 0 0 0 0 0 0 0 1 0 0 0 0 
