 0 188 63 36 51 38 152 358 130 214 45 39 242 84 72 40 76 38 61 377 0 0 0 2 1 0 0 0 0 0 0 0 0 0 11 0 0 3 0 0 0 0 0 4 2 0 0 0 0 4 3 0 3 0 0 0 0 0 0 0 2 0 0 0 0 3 0 0 0 0 0 0 2 0 2 0 0 0 0 3 20 0 10 39 20 0 25 14 16 45 7 12 13 7 14 34 20 21 14 10 0 0 0 0 0 0 0 0 0 0 0 0 0 1 0 0 0 0 13 0 0 0 0 0 0 0 0 0 0 0 0 0 0 0 0 0 10 0 0 0 0 0 1 0 8 6 0 0 0 0 10 0 0 0 1 0 0 0 0 0 0 13 23 15 24 7 20 0 0 8 18 10 20 26 32 42 1 29 0 49 0 0 0 0 0 0 7 0 0 0 0 0 0 0 0 0 0 0 1 0 0 0 0 0 0 0 0 0 0 0 0 0 0 0 0 0 0 0 0 0 0 0 0 0 0 0 0 0 0 0 0 1 0 0 0 0 0 0 0 0 0 0 0 0 0 0 2 0 88 2 0 5 0 0 0 0 0 0 0 0 0 0 0 0 0 0 0 1 0 0 0 0 0 0 0 7 0 0 0 0 0 0 0 0 0 0 0 0 0 0 
 188 0 134 72 53 337 107 74 121 29 338 335 62 177 325 249 197 185 42 132 1 14 0 1 1 0 1 0 0 0 1 0 0 75 3 0 0 3 74 1 62 0 0 0 2 0 0 0 0 0 3 1 3 0 0 0 0 0 0 0 2 0 0 1 0 3 0 0 0 0 0 0 0 0 2 50 0 0 0 3 62 18 32 28 0 0 0 2 16 55 9 1 26 0 19 5 46 16 0 47 0 20 0 0 0 0 0 0 0 0 0 0 0 0 0 0 0 0 15 0 0 0 0 0 0 0 0 0 0 0 0 0 0 0 0 0 0 0 0 0 0 0 0 0 0 0 0 0 0 0 5 0 0 0 0 0 0 0 0 0 11 21 0 1 0 0 19 31 0 0 30 0 18 15 9 29 15 6 12 11 0 0 0 0 0 0 9 0 0 0 0 0 0 0 0 0 0 0 20 0 5 0 0 0 0 0 0 1 0 0 0 0 0 0 0 0 0 0 0 0 0 17 0 0 0 0 0 0 0 0 0 0 0 0 0 0 0 14 0 0 0 0 0 0 0 1 0 0 0 0 1 13 0 0 0 0 0 0 0 0 0 0 0 0 0 0 0 0 0 0 0 0 0 0 0 0 0 0 0 0 0 0 0 0 0 0 0 0 0 0 
 63 134 0 284 280 428 77 362 311 228 130 53 63 235 363 202 73 274 159 129 0 0 0 4 3 1 84 0 0 0 2 0 2 2 3 2 0 3 0 0 0 0 0 0 7 31 0 0 0 3 5 2 89 0 0 2 0 0 0 0 2 0 0 0 0 3 2 0 1 0 3 0 0 4 2 1 0 0 0 3 9 0 61 25 6 16 0 54 50 1 0 17 0 0 23 49 52 10 13 0 0 0 0 1 0 0 11 0 0 0 0 1 0 8 0 0 0 0 0 25 0 0 0 0 0 0 0 0 17 0 0 0 0 0 0 0 0 0 0 0 2 0 0 0 0 0 0 0 0 0 0 0 0 0 0 16 0 0 1 0 15 11 26 42 33 25 0 12 22 16 9 8 0 0 0 0 15 0 0 0 1 0 0 0 0 0 1 0 0 0 0 0 12 0 0 0 0 0 11 2 0 0 0 0 0 0 0 0 0 0 0 7 0 0 0 0 0 0 0 0 0 0 0 0 0 2 0 0 0 0 0 0 6 0 0 0 0 0 0 0 0 0 0 0 0 1 1 0 4 1 14 9 1 0 0 0 0 0 0 0 0 0 0 0 0 1 1 0 0 2 0 0 0 0 0 0 42 0 0 0 0 0 0 0 0 0 0 0 0 0 
 36 72 284 0 183 145 406 299 142 235 319 157 108 357 147 186 35 97 142 66 0 82 0 0 3 0 147 0 0 0 2 0 0 0 3 0 2 80 152 73 0 0 2 0 2 90 0 0 0 0 2 0 3 0 0 0 1 0 0 0 3 0 0 3 0 3 0 0 0 0 0 0 0 3 2 0 0 2 6 55 14 1 37 55 0 0 0 11 53 0 1 46 0 0 13 12 37 15 0 9 10 0 0 0 0 0 1 16 0 0 0 0 27 23 20 0 0 0 0 12 2 0 0 0 0 0 0 0 0 0 0 0 0 0 0 0 0 0 0 0 0 0 0 0 0 0 0 0 0 0 0 0 0 0 0 0 0 0 0 0 9 10 0 25 0 1 0 0 1 1 10 18 7 0 0 0 5 0 0 0 42 2 0 0 0 0 21 0 0 0 2 0 14 2 2 0 0 0 13 19 0 0 0 0 0 0 0 0 0 0 0 0 0 0 0 0 0 0 0 0 0 0 0 8 0 2 0 0 0 0 30 0 0 0 0 0 1 0 0 0 0 0 0 0 2 0 88 0 0 2 12 10 0 0 0 0 0 0 0 0 0 0 0 0 0 0 0 0 0 0 0 0 0 0 0 0 14 3 0 0 0 0 0 0 0 0 0 0 0 0 
 51 53 280 183 0 326 97 397 112 177 107 105 179 163 172 72 50 43 168 90 0 146 0 2 6 0 3 12 0 3 72 0 3 82 4 0 0 4 96 4 0 0 0 2 4 2 3 0 0 2 3 0 3 0 0 0 1 3 0 0 7 2 0 0 0 5 0 0 0 5 2 4 2 0 2 0 0 0 0 3 0 0 1 33 0 9 0 0 0 0 0 0 0 0 0 0 24 17 0 12 34 0 0 0 0 0 5 11 47 0 36 0 32 20 0 17 26 1 25 1 0 0 0 0 0 0 0 0 0 0 0 19 0 0 0 0 0 0 0 0 0 0 0 0 0 0 0 0 9 0 0 0 0 0 0 0 0 0 0 0 1 0 0 0 0 0 0 19 19 0 11 0 0 0 0 0 1 0 0 0 16 24 9 14 5 0 7 12 10 22 5 0 2 17 28 1 28 0 37 18 0 0 0 0 0 0 1 2 0 0 0 0 0 0 0 0 0 0 0 1 0 0 0 0 0 0 0 0 0 0 0 0 0 0 0 0 0 0 0 0 0 0 0 0 0 8 6 0 0 90 0 12 0 0 2 0 0 0 0 0 0 0 0 0 0 0 0 0 0 0 0 0 0 0 0 0 0 0 0 0 0 27 0 0 0 0 0 0 0 0 
 38 337 428 145 326 0 323 97 84 55 411 145 41 99 342 114 74 220 269 56 75 1 1 0 0 2 1 87 0 1 0 0 1 1 77 0 2 4 75 74 0 0 0 0 2 62 0 0 0 1 3 0 3 1 0 0 0 0 0 0 2 0 30 0 0 3 0 0 0 0 0 0 0 1 2 0 0 0 0 3 1 0 21 19 30 36 0 37 28 19 0 19 0 1 0 12 39 18 0 0 14 0 0 0 0 0 25 14 0 0 0 0 34 5 0 0 12 0 9 36 8 0 0 0 0 0 0 0 0 0 0 0 0 0 0 0 0 0 0 0 0 0 0 0 0 0 0 0 0 0 0 0 0 0 0 4 0 0 0 0 28 12 13 17 40 19 0 19 30 9 26 0 0 0 0 0 1 0 0 4 47 0 0 20 0 0 0 0 41 15 0 0 50 0 23 0 0 0 38 31 0 0 0 0 0 0 0 0 0 0 0 0 0 0 0 0 0 0 0 0 0 0 0 0 0 0 0 0 0 0 0 0 0 0 0 0 0 0 0 0 0 0 0 0 0 5 1 1 0 10 0 8 19 0 0 0 0 0 0 0 0 0 0 0 0 0 0 0 0 0 0 0 0 0 0 0 0 0 0 0 0 0 0 0 0 0 0 0 0 0 
 152 107 77 406 97 323 0 196 44 210 44 129 394 236 213 244 97 40 287 226 0 0 1 0 0 0 0 0 0 0 1 0 0 2 3 0 0 3 1 0 0 0 0 0 2 0 0 0 1 0 3 0 3 1 0 0 0 43 0 0 2 0 0 0 0 3 46 0 0 0 0 0 0 0 2 0 0 0 0 3 11 1 23 22 12 14 0 24 14 7 20 0 0 11 14 27 30 53 0 41 0 2 0 0 0 0 10 0 0 0 0 0 0 0 0 0 0 0 10 0 0 0 0 0 0 0 0 0 0 0 0 0 0 0 0 0 11 0 0 0 0 0 0 0 0 2 0 0 0 15 3 0 0 0 0 0 0 0 0 0 43 59 15 0 30 37 16 5 13 37 19 14 0 1 22 14 0 20 0 18 0 0 0 0 2 0 20 0 0 0 2 0 0 0 2 0 0 1 10 0 0 0 0 1 0 0 13 0 0 2 0 0 0 0 0 0 0 0 0 0 0 0 0 2 0 0 0 0 0 0 0 0 0 19 0 0 1 0 0 0 0 0 0 0 0 0 0 0 44 0 0 4 13 0 0 0 0 0 0 0 0 0 0 0 0 0 0 0 0 0 0 0 0 0 0 7 0 0 0 0 0 0 0 0 0 0 0 0 0 0 
 358 74 362 299 397 97 196 0 113 231 162 147 195 264 162 99 107 119 256 70 0 0 0 0 1 0 0 3 0 0 0 2 1 0 3 0 3 6 3 2 0 0 0 0 2 63 51 0 0 7 3 0 3 0 61 0 0 0 0 0 2 26 0 0 0 3 0 54 0 0 6 0 0 1 2 0 0 0 1 3 1 19 16 20 49 15 28 49 29 1 0 57 14 2 0 0 32 5 0 5 1 0 0 11 0 0 11 0 0 2 0 0 0 22 0 0 0 0 0 60 0 2 0 0 0 0 0 0 0 0 0 1 0 0 0 0 2 0 0 0 0 0 0 0 0 0 0 9 0 6 0 0 0 60 0 15 0 0 12 0 14 0 31 28 29 38 0 1 28 32 19 21 19 1 15 0 1 0 0 0 0 0 0 0 0 0 19 0 0 0 0 0 35 0 0 0 0 0 0 0 0 0 0 0 0 0 0 0 0 0 0 0 0 0 0 0 0 0 0 0 0 0 0 0 0 0 0 0 0 0 0 0 0 0 0 2 0 0 0 0 0 17 0 0 0 0 0 0 1 2 15 32 21 0 0 0 0 0 0 0 0 0 10 0 0 0 0 0 0 0 0 0 0 0 0 0 0 0 0 0 0 0 0 0 0 0 0 0 0 0 
 130 121 311 142 112 84 44 113 0 194 385 132 101 301 505 273 298 124 75 163 0 1 0 2 0 2 75 2 0 0 3 0 135 75 3 0 0 3 73 75 0 0 0 0 6 0 0 1 0 0 5 0 5 2 0 0 2 1 0 0 5 0 0 0 9 5 0 2 0 0 0 2 0 0 2 0 13 2 0 3 10 8 12 11 0 0 1 11 0 9 108 9 22 0 8 0 68 1 0 37 0 16 0 0 0 0 16 33 0 0 0 0 0 0 0 0 0 0 51 47 0 0 0 0 0 0 0 0 0 0 0 0 0 0 0 0 0 0 0 0 0 0 0 0 5 0 0 0 0 0 0 0 0 0 0 3 0 11 0 0 1 14 0 15 0 15 18 25 1 0 0 0 0 17 53 17 18 50 0 0 14 12 0 0 0 0 7 7 0 0 0 0 0 0 0 0 0 0 0 21 0 0 0 0 15 0 0 0 0 0 0 0 0 0 0 0 0 0 0 0 0 0 0 0 0 0 0 0 0 0 0 0 0 0 0 0 0 0 0 0 0 0 0 0 0 0 88 1 0 2 1 9 0 0 0 0 0 2 0 0 0 0 0 0 0 0 0 0 0 0 0 0 0 0 0 4 0 0 0 0 0 0 0 0 0 0 0 0 0 13 
 214 29 228 235 177 55 210 231 194 0 433 356 293 524 96 173 208 115 110 132 0 0 0 0 1 0 90 0 0 0 0 0 0 0 3 0 0 3 0 0 0 0 0 0 2 0 0 1 0 0 3 1 3 0 0 0 0 1 0 0 2 0 0 1 0 3 0 0 0 0 0 0 0 0 2 0 0 0 0 3 2 0 35 17 15 0 14 36 36 27 22 14 34 15 0 9 0 37 14 10 0 0 0 0 2 0 12 0 1 0 0 0 2 17 0 1 0 0 15 24 0 0 0 0 0 0 2 13 0 0 0 0 0 0 0 0 14 0 0 0 0 0 0 0 0 16 0 0 0 0 8 0 1 0 0 0 0 0 0 0 15 17 0 17 0 11 34 29 24 9 15 0 0 14 35 11 24 25 0 0 11 0 0 0 0 0 0 0 0 0 0 0 0 0 0 0 0 0 0 0 0 0 0 0 0 2 0 0 0 0 0 0 1 0 2 2 0 0 0 0 1 0 0 0 0 0 0 8 0 8 0 0 0 0 0 0 0 0 5 0 0 0 0 0 0 0 1 0 0 0 11 0 17 0 0 0 0 0 0 0 0 0 0 0 0 0 0 0 0 0 0 0 0 0 0 11 38 0 0 0 0 0 0 0 0 0 0 0 0 0 
 45 338 130 319 107 411 44 162 385 433 0 414 34 227 97 182 321 137 23 105 1 1 0 0 0 0 28 74 214 3 1 0 82 17 83 0 1 3 2 0 0 0 0 0 2 29 0 5 0 0 3 0 3 0 1 0 0 0 0 0 2 4 0 0 1 3 4 1 0 0 1 0 0 5 2 4 0 0 2 3 1 10 47 12 19 24 0 22 13 14 36 3 0 0 11 10 13 0 0 0 9 21 0 0 0 0 29 15 19 0 0 0 66 19 10 5 0 0 26 67 0 0 0 2 0 0 1 0 0 0 0 0 0 0 0 0 0 0 0 0 0 0 0 20 0 0 0 0 0 0 0 0 0 0 0 0 0 16 0 0 0 0 10 28 30 34 0 0 13 12 9 32 0 0 0 0 14 0 0 8 1 17 0 1 0 0 8 0 4 0 0 0 71 0 0 0 0 1 3 0 1 0 2 0 0 0 0 0 0 0 0 0 0 0 0 1 0 0 0 0 0 0 0 0 0 0 1 0 0 0 0 0 0 0 0 0 0 0 0 0 0 0 0 0 0 3 5 0 1 2 18 4 0 19 0 0 0 0 0 0 0 0 0 0 0 0 0 0 0 9 0 0 0 0 0 0 16 0 0 0 0 0 0 0 0 0 0 0 0 0 
 39 335 53 157 105 145 129 147 132 356 414 0 47 64 43 93 86 269 30 36 0 74 4 2 3 2 74 27 73 0 2 1 1 90 62 0 0 3 1 72 21 0 21 2 5 0 0 14 0 0 3 0 4 21 4 0 0 12 0 0 3 0 0 0 0 5 0 0 0 2 1 2 0 1 12 0 0 0 0 3 0 10 0 10 11 20 0 12 0 15 27 7 1 0 19 0 1 0 0 0 10 35 0 0 0 0 13 26 11 0 0 0 51 0 15 31 36 0 25 22 0 0 0 0 0 0 0 1 0 0 0 0 0 0 0 0 0 0 2 0 0 0 0 0 0 0 16 0 0 0 0 0 0 0 0 0 0 0 0 0 10 0 12 0 27 14 2 0 14 13 12 29 0 0 0 0 0 1 0 7 0 5 0 15 0 0 5 2 16 0 0 0 25 13 0 19 0 1 2 15 0 0 0 0 0 0 0 0 0 0 0 0 0 0 0 0 0 0 0 0 0 2 0 0 7 0 0 0 0 0 0 0 0 0 0 0 0 0 0 0 0 0 0 0 0 2 172 0 5 4 0 1 8 0 0 0 0 0 0 0 0 0 0 0 15 0 0 0 0 0 0 0 0 19 0 5 0 46 0 0 0 0 0 0 0 0 0 0 0 0 
 242 62 63 108 179 41 394 195 101 293 34 47 0 196 119 131 221 503 231 51 1 1 1 2 2 1 1 3 5 1 2 1 1 1 210 2 2 5 2 2 0 0 1 2 3 2 2 2 1 9 4 2 5 0 2 1 1 62 0 2 2 2 0 2 2 4 0 0 2 0 0 2 0 0 4 0 2 0 0 6 1 22 2 75 1 2 39 1 19 22 6 19 10 64 0 16 12 22 12 22 0 0 0 0 0 0 0 0 2 0 0 0 1 0 2 0 0 0 0 0 0 0 0 2 0 0 0 0 0 0 13 0 0 0 0 0 5 0 0 0 0 0 0 0 0 3 0 0 0 0 5 0 0 0 0 0 0 0 0 0 16 21 17 5 0 3 25 10 0 24 0 0 0 32 44 10 1 14 11 26 0 0 0 1 0 0 0 0 0 11 0 0 0 0 0 0 0 0 0 0 0 0 0 0 0 0 0 0 0 0 0 0 0 0 0 0 0 0 0 0 2 0 0 0 0 0 0 0 0 0 0 0 0 0 0 0 0 0 0 0 0 20 0 0 0 0 0 2 2 2 1 15 0 2 0 0 0 2 0 0 0 0 16 0 2 0 0 0 0 0 0 0 0 0 0 5 0 0 0 0 0 0 0 0 0 0 0 0 0 0 
 84 177 235 357 163 99 236 264 301 524 227 64 196 0 276 153 33 117 136 78 0 2 0 74 3 1 1 0 0 3 0 0 0 0 3 0 2 3 0 0 0 0 0 0 3 0 0 3 0 0 3 0 66 0 0 0 0 0 0 0 2 0 0 0 0 3 0 2 0 0 0 0 0 0 2 0 0 0 0 3 32 31 1 28 0 0 9 15 44 7 1 17 1 9 12 15 0 44 0 24 15 0 0 0 0 0 0 0 0 0 0 12 0 1 0 0 0 0 24 0 0 0 0 0 0 0 0 0 0 0 0 0 0 0 0 0 0 0 0 0 0 0 0 0 0 0 0 0 0 0 1 0 0 0 0 0 2 0 1 0 16 9 13 5 13 10 0 32 32 28 30 69 8 0 0 0 15 1 16 9 1 0 2 0 0 0 10 0 0 0 0 0 0 0 0 0 0 0 11 0 0 0 0 0 0 0 1 2 0 0 0 0 0 0 0 0 14 0 0 1 0 0 0 0 0 0 0 0 0 0 0 0 0 0 0 0 0 0 0 0 0 0 0 0 0 0 1 0 86 0 0 6 0 0 0 0 0 0 0 0 0 0 0 0 0 0 0 0 0 0 0 0 0 0 0 0 13 0 0 0 0 0 0 0 0 0 0 0 0 0 
 72 325 363 147 172 342 213 162 505 96 97 43 119 276 0 338 86 139 75 206 0 0 0 0 0 0 0 0 0 0 0 0 0 206 3 0 0 3 20 0 0 0 0 39 2 0 62 0 0 0 3 0 3 0 0 0 0 0 0 0 2 0 0 0 0 3 0 0 0 0 0 0 0 0 2 42 0 0 0 3 10 21 10 29 0 0 0 17 3 26 12 0 15 1 20 16 26 41 1 15 0 0 1 0 0 0 0 0 0 0 0 0 0 1 0 0 0 0 25 0 0 0 0 0 0 0 0 0 0 0 0 0 0 0 0 0 0 0 0 0 0 0 0 0 0 0 0 0 0 0 36 0 0 0 0 0 0 0 0 0 18 10 19 0 21 9 0 32 23 8 43 8 17 1 0 11 14 1 16 7 1 0 0 0 0 0 8 0 0 0 0 0 0 0 0 0 0 0 11 0 0 0 0 0 0 0 0 0 0 0 0 0 0 0 0 0 0 0 0 0 0 0 0 0 0 0 0 0 0 0 0 0 13 0 0 0 0 0 0 2 0 0 0 0 0 2 2 2 88 0 2 4 0 0 0 0 0 0 0 0 0 0 0 0 0 0 0 0 0 0 0 0 0 0 0 0 0 0 0 0 0 0 0 0 0 0 0 0 0 0 
 40 249 202 186 72 114 244 99 273 173 182 93 131 153 338 0 68 53 654 364 0 0 0 0 1 0 0 0 0 0 2 5 0 0 3 0 0 6 72 0 0 0 0 0 2 73 0 0 0 9 3 0 3 0 0 0 0 0 0 0 2 0 0 0 0 3 0 0 0 0 0 0 0 2 46 50 0 0 3 3 1 28 23 0 29 22 18 7 30 1 0 42 18 3 1 56 25 1 1 2 0 0 0 0 1 0 3 14 0 0 0 0 0 0 0 0 0 0 1 21 0 0 0 0 1 0 0 0 1 0 0 0 0 0 0 0 0 1 0 0 0 0 0 0 0 1 0 0 0 0 1 0 2 0 0 4 0 0 0 0 1 1 11 40 17 11 19 0 12 13 0 8 24 5 27 0 32 0 16 2 38 0 8 0 0 0 13 0 0 0 0 1 15 0 0 0 0 14 0 0 6 0 0 0 0 1 0 0 0 0 0 0 2 0 1 0 0 0 0 0 2 0 0 0 0 0 0 2 0 0 0 2 0 0 0 0 0 0 0 0 0 43 0 0 0 1 1 0 2 1 0 7 0 0 0 0 0 0 0 0 0 0 14 0 0 0 0 0 0 0 0 0 0 0 0 0 12 0 0 0 0 0 0 0 0 0 0 0 0 0 
 76 197 73 35 50 74 97 107 298 208 321 86 221 33 86 68 0 155 139 212 1 0 0 2 0 0 77 2 0 0 2 0 60 24 3 2 0 8 1 0 0 4 2 1 2 0 0 9 0 3 3 2 3 2 0 3 5 0 0 50 2 0 0 0 0 3 0 2 0 0 0 0 4 4 2 0 2 0 0 6 0 10 22 15 1 27 0 12 0 1 34 0 17 39 23 15 0 19 0 36 0 18 0 1 0 0 27 15 8 0 0 1 19 9 16 9 0 0 10 79 0 0 0 0 0 0 0 0 0 0 0 13 0 0 0 0 10 0 0 0 2 0 0 0 0 0 0 0 0 0 0 0 0 0 0 0 0 0 0 0 0 21 0 17 26 59 16 11 2 9 0 2 0 13 28 24 14 16 0 48 0 1 0 0 0 0 10 0 1 0 0 0 9 0 0 1 0 0 3 0 0 0 0 0 16 0 0 0 0 0 0 0 0 0 0 0 0 0 0 0 0 0 0 0 0 2 0 10 0 2 0 0 0 1 0 0 0 0 0 0 0 0 0 0 0 0 109 0 2 3 11 7 0 0 0 0 3 0 0 0 2 0 0 0 0 0 3 0 0 2 0 0 0 0 0 7 17 0 0 0 0 0 0 0 0 0 0 0 0 0 
 38 185 274 97 43 220 40 119 124 115 137 269 503 117 139 53 155 0 26 347 2 0 0 0 0 0 0 0 0 0 0 72 0 77 3 0 5 3 4 2 2 0 0 0 2 0 0 0 0 0 3 0 3 0 0 0 0 0 69 0 2 0 0 0 0 3 0 0 0 0 0 0 0 0 2 0 0 0 0 3 9 0 6 11 18 30 23 32 18 21 29 0 28 0 24 41 38 16 2 13 1 19 0 1 0 17 12 10 0 2 0 0 16 1 0 0 0 1 14 19 0 16 14 0 0 0 0 0 0 0 0 2 0 0 0 0 9 0 0 0 0 0 0 0 0 6 0 0 0 0 7 0 0 0 0 1 0 0 0 0 29 22 2 0 0 1 17 9 12 0 49 0 0 16 23 43 0 35 0 27 20 0 0 0 0 0 11 0 0 0 0 0 2 0 0 0 0 0 26 0 0 0 0 0 0 0 0 0 0 0 0 0 0 0 0 0 0 0 0 0 0 0 0 0 0 0 0 0 0 0 0 0 0 0 0 1 0 0 0 0 0 0 0 0 0 1 3 0 0 89 1 7 15 0 0 0 0 0 0 0 0 8 0 0 0 0 0 0 0 0 0 0 0 0 0 6 0 0 0 0 0 0 0 0 0 0 0 0 0 0 
 61 42 159 142 168 269 287 256 75 110 23 30 231 136 75 654 139 26 0 66 0 0 0 0 1 0 0 0 0 0 0 0 1 0 3 0 0 4 0 0 0 0 0 0 2 0 1 63 0 3 3 0 3 0 0 0 0 0 0 0 3 0 0 0 0 3 0 0 0 0 2 0 0 0 2 0 0 0 0 3 9 55 0 0 2 0 24 0 8 2 0 10 11 18 35 0 0 0 0 8 0 0 0 2 0 0 0 0 0 0 0 2 0 2 0 0 0 0 0 0 0 0 0 0 0 0 0 0 0 0 0 0 0 0 0 0 0 0 0 0 0 0 0 0 0 0 0 0 0 0 0 10 0 0 0 0 0 0 3 0 20 23 15 3 0 0 36 0 0 13 0 0 0 0 41 0 3 0 7 19 0 0 0 0 0 0 0 0 0 0 0 0 0 0 0 0 0 0 0 0 0 0 0 0 8 2 0 0 0 0 0 0 0 0 0 0 0 0 0 0 0 0 0 0 0 0 0 0 0 0 0 0 0 0 0 0 0 0 0 0 0 13 0 0 0 1 0 0 2 0 2 0 0 0 2 0 0 0 0 0 0 0 13 0 0 0 2 0 0 1 0 0 0 0 0 0 24 0 0 0 0 0 0 0 0 0 0 0 0 0 
 377 132 129 66 90 56 226 70 163 132 105 36 51 78 206 364 212 347 66 0 0 0 2 0 0 0 2 1 0 0 0 0 0 0 4 2 3 3 3 0 2 0 0 0 2 0 0 0 71 1 3 0 3 0 0 0 0 0 0 0 2 0 0 0 0 3 0 0 0 0 0 0 0 0 2 0 0 0 0 3 21 0 9 11 16 0 50 0 30 14 12 8 24 25 27 27 35 14 12 47 0 18 0 0 22 0 0 0 2 0 0 21 0 0 1 0 0 0 1 0 0 0 0 2 0 0 1 0 0 0 0 0 0 0 0 0 4 0 0 0 0 0 0 0 0 3 0 0 0 0 27 0 0 0 0 0 0 0 0 0 1 60 1 10 0 1 14 37 10 10 0 0 24 37 33 49 14 32 0 26 0 0 0 1 0 0 14 0 0 0 0 0 0 0 0 1 0 0 0 27 1 0 2 0 0 0 0 0 0 0 0 0 0 0 0 1 0 0 0 0 0 0 0 0 0 0 1 0 0 0 0 0 0 0 0 0 0 0 0 0 0 0 0 0 0 2 0 0 3 2 0 10 0 0 0 0 0 0 0 0 0 0 0 0 0 0 0 0 0 0 0 0 0 0 0 0 14 0 0 0 0 0 0 0 0 0 0 0 0 0 
 0 1 0 0 0 75 0 0 0 0 1 0 1 0 0 0 1 2 0 0 0 380 154 113 47 686 102 73 136 158 110 42 233 127 283 152 183 36 106 240 0 0 0 2 0 0 0 0 65 0 2 0 0 0 4 0 0 0 0 0 0 0 2 0 0 0 0 0 0 53 0 0 2 0 0 3 8 0 0 0 1 2 0 0 8 35 0 13 0 0 0 0 0 0 0 0 0 0 1 0 37 0 25 0 10 13 23 22 3 44 14 30 9 11 10 17 0 20 2 0 11 0 0 0 0 0 0 0 0 0 0 0 7 0 0 0 0 0 10 1 7 0 0 0 0 0 0 0 0 3 0 0 0 0 0 0 0 0 0 5 0 0 1 0 0 0 0 0 0 0 0 0 1 0 0 0 0 2 0 1 22 32 25 11 24 2 0 0 4 6 1 22 10 15 24 13 42 17 24 15 0 0 0 0 0 0 0 0 0 0 0 0 0 0 0 0 0 0 13 0 0 1 0 0 0 0 0 0 0 0 0 0 0 0 0 0 0 0 0 0 0 0 0 0 0 0 0 0 0 74 0 0 0 2 27 0 1 49 0 0 0 0 0 0 0 0 0 0 0 0 0 0 0 0 0 0 0 0 0 0 0 0 0 0 0 0 12 0 0 0 
 0 14 0 82 146 1 0 0 1 0 1 74 1 2 0 0 0 0 0 0 380 0 125 66 136 36 445 243 172 262 219 95 268 131 93 153 127 331 192 725 0 0 0 2 3 0 0 2 0 1 5 0 2 0 8 0 0 0 0 2 0 0 32 0 0 0 0 11 0 8 0 4 10 0 0 5 1 7 0 3 0 0 0 22 6 18 0 1 0 0 0 2 0 0 0 0 0 0 0 0 31 21 6 23 46 0 18 15 11 48 0 13 15 18 17 7 18 13 0 1 0 2 1 0 0 2 0 0 0 0 0 0 0 0 0 19 0 0 0 13 1 0 0 1 0 0 0 0 0 0 0 0 0 1 0 1 0 0 0 0 2 0 0 2 0 0 0 0 0 0 0 13 0 0 0 0 0 20 0 0 0 44 19 21 20 0 8 4 40 44 12 33 4 10 27 57 16 1 13 24 5 0 0 0 0 0 0 0 0 0 0 0 0 0 0 0 0 0 0 0 0 0 0 0 0 0 0 0 0 0 0 2 0 0 0 0 18 0 0 10 0 0 0 0 0 0 18 0 0 0 0 0 0 1 16 0 0 0 0 0 6 0 0 0 0 0 0 0 0 0 0 0 0 0 0 0 2 11 0 0 0 0 0 0 2 0 10 0 0 0 
 0 0 0 0 0 1 1 0 0 0 0 4 1 0 0 0 0 0 0 2 154 125 0 249 101 150 86 85 250 130 61 108 126 135 179 216 84 183 32 139 0 0 5 2 8 0 0 0 0 0 2 0 0 240 0 0 0 0 0 0 0 0 0 0 0 0 0 0 0 2 0 0 3 0 21 3 0 0 0 0 0 0 0 2 0 0 0 0 0 0 0 0 0 0 0 0 0 0 0 0 0 16 34 16 22 24 0 10 20 19 12 44 7 0 0 0 10 56 0 0 35 1 0 0 0 0 11 0 0 0 0 0 24 0 0 0 0 2 29 0 6 1 0 0 2 0 0 0 0 6 0 0 0 0 0 0 0 0 0 8 0 0 0 0 0 0 0 0 15 0 0 0 0 0 0 0 0 0 0 0 0 10 19 10 12 12 0 13 2 24 34 77 0 27 0 40 13 1 0 0 16 0 0 0 0 21 9 0 0 0 0 0 12 0 0 0 0 0 19 24 0 0 0 0 0 0 0 0 0 0 0 0 0 0 0 0 0 0 0 0 0 0 0 0 0 0 0 0 0 0 0 0 0 0 19 0 0 81 5 0 4 2 0 0 0 0 7 0 0 0 0 0 0 0 0 0 0 0 0 0 0 12 0 0 0 0 0 0 0 0 
 2 1 4 0 2 0 0 0 2 0 0 2 2 74 0 0 2 0 0 0 113 66 249 0 179 29 67 132 660 68 109 264 130 143 76 329 140 254 49 278 35 75 5 7 1 4 62 62 0 0 2 0 0 0 0 0 0 0 0 59 0 0 0 0 0 0 0 4 0 1 18 0 2 0 0 3 0 0 0 0 0 0 0 0 0 0 0 0 0 0 0 0 0 9 0 0 0 0 0 2 22 8 31 21 18 62 0 15 0 0 20 21 12 0 14 0 0 3 0 0 9 0 0 0 0 0 0 14 0 0 0 1 0 0 19 0 1 0 54 2 2 0 0 0 0 0 0 0 0 0 0 0 0 0 0 0 0 0 0 0 0 0 0 0 0 0 0 0 0 0 0 2 0 0 0 0 0 0 0 0 0 5 3 10 10 90 15 29 22 0 14 21 0 14 11 15 1 65 0 0 0 0 15 0 0 0 11 0 0 11 0 0 49 0 1 0 1 0 44 24 0 0 0 0 0 0 0 0 0 0 0 0 0 0 0 0 0 0 0 0 0 0 20 0 0 1 0 0 0 0 0 0 1 0 5 0 0 3 157 2 16 14 0 0 0 1 8 0 0 0 0 0 0 0 0 0 0 0 0 0 0 0 0 0 0 0 0 0 0 0 
 1 1 3 3 6 0 0 1 0 1 0 3 2 3 0 1 0 0 1 0 47 136 101 179 0 413 70 68 209 107 171 292 80 47 59 205 130 262 86 90 59 0 73 2 7 0 87 2 0 0 1 0 0 72 62 61 0 0 64 139 0 0 6 49 0 0 0 0 0 0 0 0 1 0 0 9 0 0 0 0 1 0 0 0 0 0 0 0 0 0 0 0 0 0 0 0 0 0 0 0 0 11 60 0 0 47 0 0 0 14 11 23 0 0 18 13 0 15 1 0 13 27 0 0 0 0 16 1 0 0 0 0 17 0 29 2 0 1 23 4 0 0 0 0 5 0 0 18 0 0 0 0 0 0 0 0 9 1 0 0 0 0 0 0 0 0 0 0 0 0 0 0 0 0 4 3 0 2 2 0 0 0 7 6 42 62 0 0 0 14 13 30 0 0 14 0 49 13 0 0 60 0 14 0 0 0 37 0 20 4 0 0 32 3 1 21 39 0 13 11 0 1 0 0 0 0 0 0 0 0 0 0 0 0 0 0 18 0 0 0 0 0 0 0 0 0 0 0 0 0 0 0 0 0 9 0 2 174 79 0 14 2 0 0 0 0 7 0 0 0 20 0 0 0 0 18 0 0 0 9 0 14 0 0 0 11 0 0 0 0 
 0 0 1 0 0 2 0 0 2 0 0 2 1 1 0 0 0 0 0 0 686 36 150 29 413 0 34 60 189 77 270 135 50 88 132 172 323 152 40 60 0 0 6 2 38 0 1 0 86 1 3 2 0 6 61 0 0 2 0 126 5 0 0 0 0 0 0 11 0 1 0 0 7 0 0 3 0 0 10 10 0 0 0 0 0 0 0 0 0 0 0 0 0 0 0 0 0 0 0 0 0 0 18 0 0 9 0 0 0 19 18 34 0 0 10 23 1 19 0 0 0 12 0 0 0 0 11 0 0 0 0 0 14 0 0 0 0 2 12 0 0 1 0 0 4 0 0 0 0 0 3 0 0 0 0 0 0 0 0 0 0 0 0 0 0 0 0 0 14 0 0 0 0 0 0 0 0 0 0 0 0 1 9 0 20 23 0 0 12 10 0 33 0 0 0 0 34 23 0 0 0 0 10 0 0 0 24 0 0 0 2 0 18 0 0 13 0 0 4 0 0 0 0 0 0 0 0 13 0 0 0 0 0 0 0 0 0 0 0 0 0 0 0 0 0 0 0 0 0 0 0 0 0 0 19 0 0 92 1 0 2 0 0 0 0 14 0 0 0 17 0 0 0 0 0 0 0 0 0 19 0 14 0 0 0 19 0 0 0 0 
 0 1 84 147 3 1 0 0 75 90 28 74 1 1 0 0 77 0 0 2 102 445 86 67 70 34 0 71 90 131 128 65 160 18 176 50 335 174 133 246 0 0 0 4 0 0 0 0 0 34 2 0 0 0 1 0 0 0 0 0 0 0 0 0 0 0 0 0 0 1 0 0 2 0 0 3 0 8 0 0 0 0 14 31 20 9 0 34 0 0 11 21 0 0 0 0 0 0 0 0 8 5 0 0 16 2 9 13 0 33 14 20 0 20 14 0 12 0 19 23 0 1 0 0 0 0 0 0 0 0 0 0 0 0 0 0 0 0 0 11 0 0 0 1 0 0 0 0 0 0 0 0 2 0 0 1 0 0 0 0 0 0 0 7 0 0 0 0 6 0 8 14 0 0 0 0 0 1 0 0 0 21 14 1 0 0 1 26 0 1 10 37 8 26 36 32 10 10 0 28 25 0 0 0 0 0 0 0 0 5 0 0 0 0 0 0 0 2 0 1 0 0 0 0 0 0 0 0 0 0 0 0 0 0 0 0 0 0 0 0 0 0 0 0 0 0 27 0 0 0 14 0 0 0 11 0 0 1 0 0 0 0 0 0 0 0 0 0 0 0 0 0 0 0 0 9 27 9 0 0 0 0 0 0 0 0 10 0 0 0 
 0 0 0 0 12 87 0 3 2 0 74 27 3 0 0 0 2 0 0 1 73 243 85 132 68 60 71 0 171 169 38 297 202 243 200 49 109 126 46 124 0 0 0 2 0 0 0 15 0 1 3 0 0 1 11 0 0 0 0 0 0 0 0 0 0 0 53 0 0 2 1 0 6 0 48 2 0 4 0 0 0 0 0 0 30 11 0 0 0 18 0 17 0 0 0 0 0 0 0 0 9 16 13 18 11 1 84 0 90 28 12 2 11 10 12 30 24 21 0 19 15 0 0 0 20 0 0 0 0 0 0 0 7 0 0 0 0 0 10 12 5 0 40 0 0 0 0 0 0 1 0 0 0 0 3 0 0 0 0 3 0 0 0 0 10 0 0 0 0 0 9 19 0 0 0 2 0 6 14 0 23 41 9 46 0 0 0 1 28 0 1 11 8 0 53 46 11 0 2 0 0 0 0 0 0 0 2 0 0 0 0 2 0 0 0 0 0 0 6 8 1 0 0 0 0 0 0 0 1 0 0 0 0 0 0 0 0 0 0 2 0 0 0 0 0 0 78 0 0 0 0 0 0 0 4 0 2 4 0 0 2 10 0 0 0 0 0 0 0 0 0 0 0 0 0 0 0 0 0 0 0 0 0 0 0 0 10 0 0 0 
 0 0 0 0 0 0 0 0 0 0 214 73 5 0 0 0 0 0 0 0 136 172 250 660 209 189 90 171 0 234 162 96 99 120 352 44 130 112 156 258 0 0 0 2 0 0 0 0 0 0 2 0 0 0 11 0 0 0 0 19 0 0 0 0 0 0 0 0 0 1 0 1 3 0 0 3 0 0 0 0 0 0 0 0 0 16 0 0 0 0 0 0 0 0 0 0 0 0 0 0 0 43 0 1 11 22 0 0 15 11 10 13 14 1 8 27 30 37 0 0 24 0 0 0 0 0 0 17 0 0 0 0 0 9 0 0 0 0 16 0 1 0 0 0 0 0 0 1 2 0 2 0 0 0 0 0 0 0 0 2 0 0 0 0 0 0 0 0 3 0 2 42 0 0 0 0 0 0 0 0 0 1 41 28 10 2 2 9 31 0 60 67 20 10 2 32 0 10 11 0 14 0 0 0 0 0 20 0 0 0 0 0 20 0 0 0 0 0 9 24 0 0 0 0 0 0 0 1 0 0 0 0 0 0 0 0 0 0 0 0 0 0 0 0 0 0 0 0 0 0 0 0 0 0 8 0 0 158 0 4 2 0 0 0 0 0 8 0 0 0 0 0 0 0 0 0 0 0 0 21 0 0 0 0 0 19 0 0 0 0 
 0 0 0 0 3 1 0 0 0 0 3 0 1 3 0 0 0 0 0 0 158 262 130 68 107 77 131 169 234 0 182 322 136 151 159 180 289 89 152 213 0 55 3 5 3 0 5 1 0 5 7 0 0 0 2 0 2 7 0 63 60 4 2 0 0 0 0 3 0 7 6 0 6 0 0 7 3 1 0 0 0 0 1 0 6 20 2 0 0 0 0 0 0 0 0 8 0 0 0 0 0 2 27 6 7 10 26 10 21 68 10 18 9 8 21 37 1 19 0 0 24 0 1 0 0 2 1 0 0 0 0 0 10 0 0 0 0 0 14 27 5 0 8 0 0 0 0 0 0 2 0 0 0 0 0 0 0 0 0 7 0 0 0 0 1 0 0 0 8 0 0 0 0 0 0 0 0 3 10 0 12 42 14 10 21 1 0 1 9 0 0 21 22 0 26 25 15 23 1 0 0 36 0 0 0 0 12 0 2 0 0 0 0 0 0 0 0 0 1 16 0 0 0 0 0 0 0 0 0 0 0 0 0 0 0 0 0 0 0 0 0 0 0 0 0 0 1 0 0 0 0 0 0 0 11 2 1 122 1 0 0 2 0 0 0 0 0 0 0 0 0 0 0 0 0 0 0 0 0 6 0 0 0 0 1 11 4 0 0 0 
 0 1 2 2 72 0 1 0 3 0 1 2 2 0 0 2 2 0 0 0 110 219 61 109 171 270 128 38 162 182 0 58 52 122 118 63 293 128 109 137 0 2 3 6 0 0 0 3 0 0 7 0 5 0 5 3 8 3 0 0 0 0 0 3 3 8 0 0 3 4 0 1 2 2 2 13 2 0 0 4 10 8 0 0 0 13 0 0 0 0 0 0 0 0 0 19 0 0 9 0 14 11 6 0 35 13 0 24 22 23 13 19 14 12 18 12 26 14 1 0 15 2 0 0 0 0 0 0 0 0 0 0 0 0 0 0 0 0 13 0 0 0 0 2 1 0 0 0 8 0 0 0 0 0 0 0 0 0 0 0 0 0 0 2 0 0 0 0 19 0 0 1 0 0 0 0 5 0 0 0 0 11 30 2 21 21 8 11 0 11 32 69 9 19 25 23 47 18 0 0 17 0 0 0 0 0 9 0 0 0 0 0 12 0 0 0 0 1 22 11 0 8 0 0 0 0 0 0 0 0 0 0 0 0 0 0 0 0 0 0 0 0 0 0 0 0 0 0 0 0 0 0 0 0 7 2 1 77 0 0 0 2 3 0 0 0 11 0 0 0 0 2 0 0 0 0 2 8 0 16 0 22 0 0 0 12 0 0 0 0 
 0 0 0 0 0 0 0 2 0 0 0 1 1 0 0 5 0 72 0 0 42 95 108 264 292 135 65 297 96 322 58 0 36 39 112 81 189 148 23 109 63 0 3 2 7 0 107 0 0 0 67 0 67 66 62 1 0 0 87 129 0 0 0 0 0 1 2 0 0 2 0 0 3 0 0 3 0 4 0 0 2 1 0 0 0 0 0 0 0 0 0 0 0 0 0 0 0 0 2 0 1 0 64 0 0 14 0 0 0 8 0 21 0 0 0 0 0 10 1 0 0 57 0 0 0 0 16 0 0 0 0 0 10 0 35 3 11 1 13 26 0 0 0 0 6 2 0 0 0 0 0 0 0 0 0 0 8 0 0 0 9 0 0 0 0 0 0 0 0 0 0 0 0 0 1 1 11 0 1 2 0 9 1 1 0 4 17 1 0 11 0 1 0 1 13 12 34 0 0 0 31 0 22 2 23 0 0 0 19 18 0 12 18 21 2 15 15 11 7 0 0 2 0 0 0 0 0 0 0 1 0 0 0 0 0 0 0 0 0 0 0 0 13 0 0 0 0 0 0 0 0 0 2 0 13 3 2 0 78 6 13 2 2 0 1 0 0 0 0 0 19 0 0 0 0 0 0 0 0 0 0 8 0 0 12 0 12 0 0 0 
 0 0 2 0 3 1 0 1 135 0 82 1 1 0 0 0 60 0 1 0 233 268 126 130 80 50 160 202 99 136 52 36 0 172 43 188 37 119 63 305 0 0 0 64 0 1 0 2 0 0 1 0 0 0 0 0 0 0 0 0 0 2 0 0 0 0 0 0 0 0 0 0 1 0 2 3 10 0 0 5 0 0 0 1 7 19 0 28 0 0 21 7 0 0 0 0 0 0 0 0 57 0 9 31 13 0 52 8 40 20 0 47 26 19 2 36 1 27 13 23 0 0 0 15 0 0 0 0 0 0 0 0 0 0 0 0 0 0 0 0 0 0 0 0 0 0 0 2 0 0 0 0 0 0 0 25 0 0 0 0 0 0 7 13 18 12 0 0 9 0 1 1 0 0 0 0 12 14 0 0 0 30 7 0 11 0 1 44 9 23 27 0 0 24 2 14 0 0 1 30 0 0 0 0 0 0 0 0 0 0 0 0 0 0 0 0 0 0 0 0 0 0 0 0 0 0 0 2 0 0 0 0 0 0 0 0 0 0 0 0 0 0 0 0 0 0 146 0 0 0 0 0 0 0 12 0 0 0 0 4 0 1 0 0 0 0 0 0 0 0 0 0 0 0 0 15 0 0 0 0 0 0 0 0 0 0 0 0 0 0 
 0 75 2 0 82 1 2 0 75 0 17 90 1 0 206 0 24 77 0 0 127 131 135 143 47 88 18 243 120 151 122 39 172 0 215 217 267 47 178 219 0 0 0 2 0 0 0 10 0 1 3 0 0 0 17 0 0 0 0 66 0 0 0 0 0 46 0 0 0 3 0 0 3 0 0 7 4 51 0 0 0 9 0 0 0 38 0 0 0 0 10 0 0 4 29 0 0 0 0 0 10 30 20 0 46 23 0 37 34 19 35 9 32 11 22 30 7 3 11 25 15 0 0 0 0 0 0 0 0 0 0 0 4 0 0 0 0 1 22 0 5 0 0 0 0 0 0 0 0 4 0 0 0 0 0 0 0 0 0 3 0 0 0 0 1 0 0 0 0 0 0 15 0 0 0 0 0 0 0 10 0 9 66 10 1 4 7 6 17 1 0 30 16 19 0 24 20 22 3 0 0 0 0 0 0 0 0 21 0 0 0 0 0 0 0 0 0 0 45 25 0 0 0 0 0 0 0 0 0 0 0 0 0 0 0 0 0 0 0 0 0 0 0 0 0 0 4 0 0 7 0 0 0 0 12 0 0 78 0 2 2 8 0 0 0 0 0 0 0 0 0 0 0 0 0 0 0 0 0 0 0 0 0 0 0 28 0 0 0 0 
 11 3 3 3 4 77 3 3 3 3 83 62 210 3 3 3 3 3 3 4 283 93 179 76 59 132 176 200 352 159 118 112 43 215 0 79 159 113 92 141 1 0 0 3 0 0 0 1 0 1 3 0 0 0 5 0 1 0 0 0 0 0 0 0 1 0 0 0 0 3 2 0 3 0 0 3 7 4 0 0 0 0 0 3 28 14 0 0 0 22 0 17 0 0 0 0 0 0 0 0 9 31 13 0 17 22 0 1 13 28 22 13 13 0 14 6 25 30 0 19 12 0 0 0 0 0 0 0 0 0 0 0 46 0 0 2 0 0 11 14 5 0 0 0 0 1 0 0 0 3 0 0 0 0 0 0 0 0 0 3 0 0 0 0 14 0 0 0 5 0 9 36 0 0 2 0 0 0 3 0 21 18 20 45 1 0 0 9 15 0 16 29 4 7 22 27 0 0 0 0 20 0 0 0 0 0 0 0 0 0 0 0 0 0 0 0 0 0 0 0 0 0 0 0 0 0 0 0 0 0 0 0 0 0 0 0 0 0 0 0 0 0 0 0 0 0 82 0 0 0 0 0 0 0 21 0 0 118 0 0 0 2 0 0 0 0 1 0 0 0 0 0 0 0 0 0 1 0 0 0 0 0 0 0 0 0 0 0 0 0 
 0 0 2 0 0 0 0 0 0 0 0 0 2 0 0 0 2 0 0 2 152 153 216 329 205 172 50 49 44 180 63 81 188 217 79 0 378 31 72 173 0 0 4 2 6 0 0 0 0 0 2 0 0 0 0 0 0 0 0 0 0 0 0 0 0 0 0 0 0 2 0 0 3 0 0 3 4 0 0 0 0 0 0 0 0 10 0 0 0 0 0 0 0 0 1 0 0 0 0 0 0 0 41 13 11 10 0 14 0 10 11 36 15 9 0 1 3 44 0 0 14 0 0 0 0 0 19 0 0 0 0 0 23 0 2 0 0 0 11 1 3 0 0 0 0 0 0 0 0 1 0 0 0 0 0 0 0 0 0 0 0 0 0 0 0 0 0 0 0 0 1 0 0 0 0 5 0 0 0 0 0 8 3 11 8 10 13 9 1 14 12 11 0 1 55 24 9 6 0 0 0 0 0 0 0 0 2 0 0 0 0 2 0 0 0 0 1 13 32 11 0 0 0 0 0 8 0 0 1 0 0 0 0 0 0 0 0 0 0 2 0 0 19 0 0 0 0 0 0 0 0 0 0 0 6 0 0 2 76 1 2 15 0 0 0 0 0 0 0 0 0 0 0 0 0 0 0 0 0 0 0 11 0 0 0 1 8 0 0 0 
 0 0 0 2 0 2 0 3 0 0 1 0 2 2 0 0 0 5 0 3 183 127 84 140 130 323 335 109 130 289 293 189 37 267 159 378 0 183 36 60 2 0 0 3 0 0 0 1 0 0 2 0 0 0 6 0 0 0 0 0 0 0 0 0 0 0 0 0 0 2 0 0 3 0 0 3 0 3 0 0 9 26 0 0 0 4 0 0 0 0 0 0 0 0 0 0 0 0 0 0 0 14 13 0 19 18 0 32 0 46 0 0 0 0 2 21 29 15 0 0 0 2 0 0 0 0 2 0 0 0 0 0 0 1 0 13 0 0 0 12 0 0 0 2 1 0 6 0 0 0 0 0 0 0 0 0 0 0 0 0 0 0 0 2 1 0 0 0 17 0 0 0 0 0 0 6 0 0 0 0 0 13 20 22 10 21 0 2 20 0 11 112 5 0 10 18 33 25 0 0 14 0 0 0 0 0 2 0 0 11 0 0 12 0 0 2 0 1 19 4 0 4 0 0 0 0 0 0 0 0 0 1 0 0 0 0 0 0 0 0 0 0 0 0 0 0 1 0 0 0 0 0 0 0 16 1 2 78 2 2 3 17 0 0 0 0 0 0 0 0 0 0 0 0 0 0 2 0 0 72 0 0 0 0 0 21 4 0 0 0 
 3 3 3 80 4 4 3 6 3 3 3 3 5 3 3 6 8 3 4 3 36 331 183 254 262 152 174 126 112 89 128 148 119 47 113 31 183 0 31 481 1 0 1 8 1 0 0 3 0 0 2 0 2 2 61 0 0 0 0 65 0 0 0 0 0 3 0 0 0 4 0 1 2 2 0 6 1 3 0 0 0 0 0 0 0 1 0 0 0 0 0 0 0 0 0 0 0 0 0 0 0 0 1 14 52 8 0 0 33 14 13 27 9 0 17 0 0 71 0 0 0 6 0 0 0 0 0 0 0 0 0 0 15 0 0 1 11 0 1 14 0 0 0 0 5 0 0 0 0 0 0 0 0 0 0 0 0 0 0 0 0 0 0 0 0 0 2 0 0 0 0 0 0 0 12 0 0 10 5 0 0 22 39 0 15 8 0 36 12 22 16 18 0 12 0 26 26 21 0 0 14 0 12 1 0 0 0 0 0 0 0 0 15 0 0 36 0 0 0 1 0 0 0 0 0 0 1 0 0 0 0 0 0 0 0 0 0 0 0 0 0 0 0 0 0 0 0 0 0 0 0 0 0 0 6 0 6 78 4 2 3 1 0 0 0 0 1 0 0 0 0 0 0 0 0 0 0 0 0 0 0 0 0 0 0 0 0 0 0 0 
 0 74 0 152 96 75 1 3 73 0 2 1 2 0 20 72 1 4 0 3 106 192 32 49 86 40 133 46 156 152 109 23 63 178 92 72 36 31 0 176 5 0 0 5 0 0 0 1 0 0 7 0 0 0 6 0 0 0 0 0 0 0 0 0 0 0 0 0 0 0 0 2 1 0 0 3 0 0 4 0 0 7 25 1 14 37 0 0 0 19 10 8 0 0 9 7 15 11 0 0 6 14 0 0 0 0 0 15 31 15 2 0 35 12 3 1 42 0 13 0 0 0 0 0 0 0 0 0 0 0 0 0 0 0 0 0 7 0 0 0 0 0 0 0 0 0 0 0 3 0 0 0 0 0 0 0 0 0 0 0 0 0 0 14 1 0 0 0 0 0 1 7 0 0 0 2 10 0 0 0 8 8 22 55 22 0 16 0 32 24 0 18 4 0 13 18 13 5 29 7 0 0 0 0 0 0 2 0 0 0 0 2 0 0 0 22 0 0 0 0 1 0 0 0 0 0 0 0 1 0 6 0 2 0 0 0 0 0 0 2 0 0 0 0 0 0 1 0 0 73 0 0 0 0 8 0 0 0 0 0 0 0 0 0 0 0 0 0 0 0 0 0 0 0 0 0 0 0 0 0 0 7 0 0 0 0 0 0 0 0 
 0 1 0 73 4 74 0 2 75 0 0 72 2 0 0 0 0 2 0 0 240 725 139 278 90 60 246 124 258 213 137 109 305 219 141 173 60 481 176 0 0 0 0 7 0 0 0 0 0 0 2 1 0 0 10 0 0 63 0 0 0 0 0 46 0 0 0 0 0 2 0 0 3 0 0 3 56 1 0 2 2 2 0 27 7 26 0 1 0 0 18 11 0 0 1 0 54 0 2 0 7 14 9 13 20 0 21 24 7 31 0 50 42 1 11 10 18 23 13 1 0 0 0 0 0 0 0 0 0 0 0 0 0 0 10 0 0 0 0 16 0 0 0 0 0 0 0 0 1 0 0 0 0 0 0 0 0 0 0 0 0 0 0 1 0 1 0 0 0 0 0 12 1 9 0 0 0 1 1 1 13 21 22 14 12 0 0 30 43 38 8 19 4 10 21 36 4 2 14 19 1 0 0 0 0 0 0 0 0 0 0 0 0 0 2 0 0 0 0 2 0 2 0 0 0 0 0 0 0 0 0 0 0 0 0 0 0 0 0 0 0 0 0 0 0 0 79 0 0 74 0 1 0 0 10 0 0 1 0 3 1 1 0 0 0 0 0 0 0 0 0 0 0 0 0 11 0 10 0 0 0 0 0 0 0 0 23 0 0 0 
 0 62 0 0 0 0 0 0 0 0 0 21 0 0 0 0 0 2 0 2 0 0 0 35 59 0 0 0 0 0 0 63 0 0 1 0 2 1 5 0 0 106 159 135 15 305 253 131 30 96 148 70 363 122 136 476 99 105 157 394 0 0 0 0 50 207 4 15 0 0 0 56 5 0 0 0 0 9 0 5 0 0 0 0 0 0 0 0 0 0 0 0 9 6 0 0 0 0 0 0 0 0 0 0 0 0 0 0 0 0 0 10 0 0 0 0 0 0 0 0 15 77 0 0 4 6 9 0 8 34 15 11 1 0 38 18 27 0 11 0 0 4 2 0 4 6 0 0 2 0 0 0 0 2 4 0 13 2 0 0 0 0 0 0 0 0 0 0 0 0 0 0 0 0 20 0 0 0 1 0 0 0 0 0 0 0 0 0 0 0 0 0 0 0 0 0 0 0 0 0 25 1 20 20 2 11 0 11 10 32 42 11 9 12 20 28 18 18 0 0 3 0 0 0 0 0 2 0 0 0 0 0 0 4 0 0 0 7 8 2 0 0 0 0 0 0 0 0 0 0 0 14 0 0 0 0 0 0 0 6 0 0 0 1 68 2 1 1 0 0 10 0 0 0 0 0 0 0 0 0 0 0 4 0 7 0 0 0 0 0 
 0 0 0 0 0 0 0 0 0 0 0 0 0 0 0 0 4 0 0 0 0 0 0 75 0 0 0 0 0 55 2 0 0 0 0 0 0 0 0 0 106 0 361 350 145 50 84 451 410 186 98 97 59 416 65 115 168 63 56 314 0 0 0 0 0 0 0 0 1 0 0 0 0 0 0 0 0 0 0 50 0 0 0 0 0 0 0 0 0 0 0 0 0 0 0 0 0 0 0 0 0 0 0 0 0 19 0 0 0 0 0 0 0 0 0 0 0 0 0 0 2 0 28 17 24 4 0 17 11 0 0 0 11 14 0 9 0 13 0 13 0 0 0 0 0 0 14 1 0 0 0 4 0 0 10 0 0 0 14 4 0 0 0 0 0 0 0 0 0 0 0 9 0 0 0 0 0 0 0 0 0 0 0 0 0 0 0 0 0 0 0 0 0 0 0 0 0 0 0 0 0 63 7 6 0 1 17 0 6 32 19 11 9 0 0 10 0 16 8 9 0 1 0 0 0 0 0 0 0 0 0 0 12 0 22 0 0 0 0 0 0 0 0 0 0 0 0 0 0 0 0 4 0 1 0 0 0 0 61 0 0 0 1 0 0 2 0 1 1 0 0 0 0 0 0 0 0 0 0 0 0 0 0 0 0 8 0 13 0 0 
 0 0 0 2 0 0 0 0 0 0 0 21 1 0 0 0 2 0 0 0 0 0 5 5 73 6 0 0 0 3 3 3 0 0 0 4 0 1 0 0 159 361 0 175 154 239 77 396 197 50 129 178 142 74 87 174 131 390 43 34 0 14 0 0 0 0 0 6 1 0 0 0 2 0 0 2 0 2 0 0 0 0 0 0 0 0 0 0 0 0 0 0 0 0 0 0 0 14 0 0 0 0 17 0 0 0 0 0 0 0 0 10 0 0 0 0 0 6 0 0 15 11 24 44 32 5 49 0 7 4 29 39 13 20 0 10 18 0 18 12 21 0 0 0 0 0 0 16 0 0 0 0 0 0 18 0 0 0 0 0 0 0 0 0 0 0 0 0 0 0 0 0 0 0 3 0 0 0 0 0 0 0 0 50 10 0 0 0 0 7 0 0 0 0 0 0 8 0 0 0 0 11 1 1 7 24 0 24 25 20 22 21 0 10 14 1 17 1 13 0 0 0 0 0 0 0 7 3 0 0 0 0 0 0 8 0 0 0 9 0 0 0 19 0 0 0 0 0 0 0 0 2 0 1 0 0 0 0 0 9 0 0 11 68 64 2 0 0 0 0 0 0 0 0 0 0 0 0 0 0 0 4 0 0 0 8 0 0 0 0 
 4 0 0 0 2 0 0 0 0 0 0 2 2 0 39 0 1 0 0 0 2 2 2 7 2 2 4 2 2 5 6 2 64 2 3 2 3 8 5 7 135 350 175 0 167 44 75 300 64 323 359 209 76 110 80 71 42 103 71 57 51 0 0 0 4 1 50 3 65 0 0 0 50 63 28 0 0 207 83 52 0 0 0 0 0 0 0 0 0 0 0 0 0 0 0 9 0 0 0 0 0 0 0 0 0 0 0 0 0 0 0 0 0 0 0 0 0 0 0 0 0 31 0 32 14 0 0 0 0 1 10 0 0 3 0 14 22 26 0 0 9 0 0 0 0 0 0 9 0 0 0 0 0 0 2 1 0 0 0 32 0 0 0 0 0 0 8 0 0 0 0 0 0 0 0 0 0 0 0 0 0 4 0 0 0 0 0 0 0 0 0 0 0 0 0 0 0 0 0 0 0 3 0 19 62 35 0 12 2 0 1 10 0 0 0 16 0 0 0 0 18 23 2 3 0 0 0 0 0 0 1 1 91 1 0 0 1 7 39 2 0 0 0 0 0 0 0 0 0 0 0 1 0 2 0 0 0 0 0 4 0 0 0 0 0 10 0 69 0 0 0 0 0 0 0 0 0 0 0 0 0 0 0 0 2 0 0 0 0 0 
 2 2 7 2 4 2 2 2 6 2 2 5 3 3 2 2 2 2 2 2 0 3 8 1 7 38 0 0 0 3 0 7 0 0 0 6 0 1 0 0 15 145 154 167 0 131 289 278 173 273 81 91 87 147 79 197 195 39 38 120 51 2 4 0 0 0 0 35 64 0 0 0 57 3 1 0 0 2 3 0 0 0 11 0 0 0 0 0 0 0 0 0 0 0 0 0 0 0 0 0 1 0 5 0 0 0 0 0 0 0 1 3 0 0 0 0 0 5 0 0 0 0 10 32 18 12 7 0 9 14 14 0 0 0 0 11 0 25 1 0 19 0 0 0 0 0 6 12 8 0 0 0 9 0 24 0 11 9 0 30 4 1 0 0 0 0 0 1 0 0 0 0 0 0 0 0 0 0 0 0 0 0 0 0 0 0 6 0 0 3 0 0 0 0 0 0 0 0 21 0 0 19 12 14 7 54 0 7 18 0 0 25 0 0 0 8 0 0 6 0 3 0 6 0 0 0 0 9 0 14 0 0 19 16 11 9 0 0 0 3 0 0 9 0 0 1 0 0 0 0 0 11 0 0 0 0 0 0 6 1 0 0 69 0 1 3 0 1 2 0 0 0 0 0 0 0 0 0 0 0 0 3 0 0 12 7 0 6 0 0 
 0 0 31 90 2 62 0 63 0 0 29 0 2 0 0 73 0 0 0 0 0 0 0 4 0 0 0 0 0 0 0 0 1 0 0 0 0 0 0 0 305 50 239 44 131 0 42 51 108 78 131 353 61 35 38 54 170 123 39 33 50 1 0 0 0 0 0 0 46 0 0 0 53 4 0 53 0 0 117 2 0 0 19 0 0 0 0 0 3 0 0 3 0 0 0 6 20 0 0 0 0 0 0 0 0 0 0 0 0 0 0 0 0 0 0 0 0 0 0 3 0 13 0 9 1 0 0 0 0 0 12 0 0 0 0 22 0 7 0 0 14 6 0 3 0 0 0 22 8 0 0 0 0 4 15 6 0 0 0 10 0 0 8 0 18 13 0 0 19 13 0 6 0 0 0 0 9 0 0 0 13 0 0 0 0 0 0 0 0 0 0 0 14 0 0 0 0 0 0 1 0 0 0 0 11 1 0 10 0 0 3 10 0 0 0 0 0 0 0 0 0 7 0 19 0 0 1 8 0 0 0 0 1 17 0 0 23 12 13 0 0 0 0 0 0 0 0 0 0 1 0 14 0 0 0 0 0 0 0 0 0 0 2 0 0 15 1 0 0 0 0 0 0 0 0 0 0 0 0 0 0 0 0 0 46 0 0 0 0 0 
 0 0 0 0 3 0 0 51 0 0 0 0 2 0 62 0 0 0 1 0 0 0 0 62 87 1 0 0 0 5 0 107 0 0 0 0 0 0 0 0 253 84 77 75 289 42 0 88 39 80 122 49 233 347 159 50 33 24 177 192 0 0 0 0 6 0 0 71 0 0 0 27 2 0 0 0 0 0 0 9 0 0 0 0 0 0 0 0 0 0 0 0 0 0 0 0 0 0 0 0 0 0 20 0 0 10 0 0 0 9 0 15 0 0 0 0 0 0 0 0 0 18 0 2 2 15 2 14 9 13 0 12 5 30 76 11 3 6 13 19 0 0 0 0 5 0 8 0 0 0 0 0 0 2 1 0 8 0 0 8 0 0 0 9 0 0 0 0 0 0 0 0 0 0 0 0 0 0 0 0 0 0 0 0 5 3 0 0 0 0 0 0 0 0 0 0 0 0 0 0 36 0 9 2 0 0 2 11 22 24 12 3 5 38 12 22 30 6 0 11 0 0 0 0 0 0 0 5 0 0 0 0 9 0 0 0 0 0 3 0 0 0 0 0 0 0 0 0 0 1 0 9 0 0 0 0 1 0 27 0 17 0 2 0 0 6 0 1 0 0 28 0 0 0 0 0 0 0 0 0 0 0 3 0 9 0 0 0 2 0 
 0 0 0 0 0 0 0 0 1 1 5 14 2 3 0 0 9 0 63 0 0 2 0 62 2 0 0 15 0 1 3 0 2 10 1 0 1 3 1 0 131 451 396 300 278 51 88 0 67 107 71 87 135 263 87 48 33 60 67 612 0 0 1 0 0 0 0 0 0 0 0 0 0 0 0 1 0 0 0 0 0 0 0 0 0 0 0 0 0 0 12 0 0 0 0 0 0 0 0 0 0 0 0 9 7 8 2 0 46 0 0 0 1 0 4 7 1 0 0 0 9 1 18 9 1 21 0 42 12 0 10 6 14 27 22 1 25 0 12 19 1 0 0 0 0 0 0 0 0 0 0 1 0 0 0 0 0 0 0 0 0 0 0 10 7 2 0 0 0 0 0 4 0 0 0 0 0 22 0 0 0 5 0 7 0 0 0 0 0 0 0 0 1 0 0 0 0 1 0 0 0 7 14 17 0 11 22 0 1 33 19 9 14 0 8 13 16 22 8 15 0 0 0 0 0 0 0 0 0 0 0 0 0 0 0 0 0 0 0 0 0 0 0 0 0 0 9 0 0 0 0 0 0 1 0 0 0 0 0 0 0 0 1 0 56 1 12 0 0 0 0 0 0 0 0 0 0 0 0 0 0 0 0 0 0 0 0 0 0 0 
 0 0 0 0 0 0 1 0 0 0 0 0 1 0 0 0 0 0 0 71 65 0 0 0 0 86 0 0 0 0 0 0 0 0 0 0 0 0 0 0 30 410 197 64 173 108 39 67 0 97 40 55 136 194 85 102 79 151 82 83 2 5 0 3 5 0 52 0 6 64 0 0 13 0 5 55 11 0 0 19 0 0 0 0 0 0 0 0 0 0 0 0 0 0 0 0 0 0 0 0 0 0 0 0 0 0 0 0 0 0 2 0 0 0 0 0 0 0 0 0 44 0 17 20 49 1 0 0 1 0 26 11 11 9 0 0 0 15 0 13 30 0 0 0 0 19 0 10 0 5 37 4 0 0 28 3 0 0 13 21 0 0 0 0 0 0 0 0 0 0 0 23 0 0 1 0 0 0 13 0 0 0 0 0 0 0 0 0 0 0 0 0 0 0 12 0 0 0 0 0 0 19 9 31 0 32 10 0 1 0 0 48 0 0 10 9 7 11 6 10 19 7 4 2 0 4 0 8 2 0 3 6 2 0 26 0 8 0 53 0 0 0 23 0 0 0 0 0 0 0 0 6 0 0 0 0 0 0 0 1 0 0 73 1 2 0 1 0 0 2 4 0 0 0 0 4 0 0 0 0 0 0 0 0 9 18 0 0 2 0 
 4 0 3 0 2 1 0 7 0 0 0 0 9 0 0 9 3 0 3 1 0 1 0 0 0 1 34 1 0 5 0 0 0 1 1 0 0 0 0 0 96 186 50 323 273 78 80 107 97 0 274 110 131 147 107 172 59 136 56 77 0 0 0 0 7 6 51 6 0 0 0 8 0 0 0 0 0 0 0 24 0 4 0 0 20 0 5 0 0 34 0 8 5 4 0 0 0 0 0 0 0 0 0 0 0 0 0 0 0 0 0 0 0 0 0 0 0 0 0 0 0 16 0 0 4 2 0 9 10 28 0 25 1 0 14 30 0 19 0 9 0 0 0 0 0 0 6 0 0 0 0 0 9 0 0 0 1 0 6 10 0 0 0 6 0 0 0 0 0 7 0 0 7 0 4 2 0 0 0 2 0 0 0 0 0 0 0 0 0 0 0 0 0 0 0 0 0 0 0 0 13 1 0 12 0 0 7 33 0 41 15 0 0 5 30 1 9 22 0 0 9 17 0 0 0 0 0 0 0 0 0 0 1 0 8 0 0 0 20 0 0 4 0 0 0 0 0 0 0 0 0 3 0 2 0 0 0 0 0 1 0 0 12 0 0 12 3 2 0 0 0 0 0 0 0 0 0 0 0 0 0 0 0 0 22 0 0 1 0 0 
 3 3 5 2 3 3 3 3 5 3 3 3 4 3 3 3 3 3 3 3 2 5 2 2 1 3 2 3 2 7 7 67 1 3 3 2 2 2 7 2 148 98 129 359 81 131 122 71 40 274 0 278 108 48 83 75 158 116 36 69 2 3 0 0 19 4 53 8 2 2 0 8 1 6 0 0 0 1 1 22 0 0 0 0 0 0 0 0 0 0 28 0 0 0 0 0 0 0 1 0 0 0 0 0 0 0 0 0 0 0 0 0 0 0 0 0 0 0 0 0 0 29 9 1 47 13 0 7 5 29 10 12 0 16 10 20 83 3 0 0 0 0 0 0 0 0 1 1 0 0 0 0 0 0 0 0 0 0 15 1 0 0 0 0 0 0 0 0 0 0 0 0 0 0 4 0 0 0 0 0 0 0 0 0 0 0 0 0 0 0 0 0 0 0 0 0 0 0 0 0 23 19 0 0 0 0 13 35 0 24 48 1 0 28 10 13 35 14 0 0 19 6 0 1 0 0 0 0 0 0 0 0 11 0 22 0 0 0 29 0 0 0 0 0 0 2 0 0 0 0 0 11 0 1 0 0 0 0 0 50 0 0 0 1 2 0 0 74 0 0 0 0 0 0 0 0 0 0 0 0 0 0 0 0 0 0 0 0 0 0 
 0 1 2 0 0 0 0 0 0 1 0 0 2 0 0 0 2 0 0 0 0 0 0 0 0 2 0 0 0 0 0 0 0 0 0 0 0 0 0 1 70 97 178 209 91 353 49 87 55 110 278 0 44 66 247 106 143 101 47 28 5 3 0 8 4 0 0 3 61 5 0 0 0 24 108 0 55 6 0 21 0 0 0 0 0 0 0 0 0 0 0 0 0 0 0 0 0 0 0 0 0 0 0 0 0 0 0 0 0 0 0 0 0 0 0 0 0 0 0 0 0 41 9 81 14 9 27 0 3 41 9 0 0 0 8 24 22 16 2 0 2 0 4 1 0 1 0 7 0 11 1 0 6 0 2 1 1 0 1 28 0 0 0 0 0 0 0 0 0 0 0 0 0 0 6 0 0 0 0 0 0 0 0 0 0 0 0 0 0 0 0 0 0 0 0 0 0 0 0 0 0 6 25 19 19 19 0 45 41 0 19 10 0 2 14 23 14 0 0 0 4 21 8 5 0 1 0 0 1 14 1 0 39 0 2 0 0 10 133 1 0 0 0 0 0 0 0 0 0 0 0 2 0 0 0 0 0 0 0 25 0 0 0 1 1 2 3 67 0 0 0 0 0 0 0 0 0 0 0 0 0 0 0 7 0 0 0 8 0 1 
 3 3 89 3 3 3 3 3 5 3 3 4 5 66 3 3 3 3 3 3 0 2 0 0 0 0 0 0 0 0 5 67 0 0 0 0 0 2 0 0 363 59 142 76 87 61 233 135 136 131 108 44 0 225 51 69 106 24 285 116 0 0 0 0 3 3 0 18 0 2 0 17 0 3 0 0 0 58 0 0 0 4 8 0 0 0 0 0 0 0 0 0 0 7 0 0 0 0 11 0 0 8 0 0 7 0 0 0 0 0 0 1 0 0 0 0 0 0 0 0 24 40 4 0 8 4 0 0 15 42 22 4 0 3 33 37 15 20 11 32 0 21 0 0 2 0 4 0 0 0 0 0 5 0 0 0 5 0 0 0 0 0 0 7 0 0 0 0 0 0 7 0 0 0 9 0 0 0 0 0 0 0 0 0 0 0 0 0 0 0 3 0 0 0 0 0 0 0 0 0 34 26 1 52 0 1 0 26 31 33 86 36 21 12 40 12 52 57 0 6 0 0 0 0 0 10 0 0 0 0 0 0 4 0 0 0 0 0 2 0 0 0 0 0 0 0 0 0 0 0 0 15 1 0 0 0 0 0 0 7 0 0 0 4 3 0 0 13 1 0 18 0 0 0 0 0 0 0 0 0 0 0 0 0 3 0 0 0 1 0 
 0 0 0 0 0 1 1 0 2 0 0 21 0 0 0 0 2 0 0 0 0 0 240 0 72 6 0 1 0 0 0 66 0 0 0 0 0 2 0 0 122 416 74 110 147 35 347 263 194 147 48 66 225 0 159 89 71 92 197 80 6 4 2 2 2 0 2 1 5 8 3 0 0 0 0 0 3 2 0 0 0 0 0 0 0 0 0 0 0 0 0 0 0 0 0 0 8 0 0 0 0 0 0 0 0 0 0 0 0 0 0 4 0 0 0 0 0 6 0 0 42 86 13 1 7 2 7 9 0 1 22 70 9 0 24 12 23 12 12 17 0 0 0 0 0 0 15 0 0 0 0 0 0 0 1 0 4 0 0 15 0 0 0 0 0 0 0 0 0 0 0 24 0 0 0 0 0 0 0 0 0 0 0 0 3 0 0 0 0 4 0 0 0 0 0 0 5 0 0 0 27 12 12 16 0 7 7 20 19 10 10 24 17 6 3 24 11 8 17 7 0 0 0 0 0 0 0 0 0 0 0 0 7 0 0 0 0 0 13 0 0 0 0 0 0 0 0 0 0 0 0 10 0 1 0 0 0 0 0 2 0 0 0 0 64 0 1 66 0 0 11 0 50 1 0 0 0 0 0 0 0 0 0 0 22 0 0 0 0 0 
 0 0 0 0 0 0 0 61 0 0 1 4 2 0 0 0 0 0 0 0 4 8 0 0 62 61 1 11 11 2 5 62 0 17 5 0 6 61 6 10 136 65 87 80 79 38 159 87 85 107 83 247 51 159 0 354 40 50 125 185 0 0 24 0 0 2 3 51 0 0 0 0 0 0 0 0 0 0 0 0 0 0 0 0 0 10 0 0 0 0 0 0 0 0 0 0 0 0 0 0 0 9 0 0 8 0 0 2 8 2 0 11 6 0 5 0 5 0 0 0 20 0 19 18 10 8 40 8 11 22 16 11 15 18 11 0 0 0 0 27 0 0 0 0 3 0 0 0 0 0 0 0 7 0 0 0 0 0 0 0 0 0 0 0 1 0 0 0 0 0 0 26 0 0 0 0 0 0 0 0 0 0 20 32 12 0 0 0 10 0 0 5 8 0 0 6 0 6 0 0 0 20 48 12 0 0 10 6 10 1 0 10 0 10 17 23 21 19 6 10 0 0 0 0 0 0 0 0 0 0 0 0 0 0 0 0 0 0 0 0 0 0 0 0 0 0 2 0 0 26 0 9 0 2 0 0 0 0 0 1 0 1 0 2 3 1 1 0 2 0 0 0 0 0 0 0 0 0 0 0 0 0 0 0 0 0 0 0 0 0 
 0 0 2 0 0 0 0 0 0 0 0 0 1 0 0 0 3 0 0 0 0 0 0 0 61 0 0 0 0 0 3 1 0 0 0 0 0 0 0 0 476 115 174 71 197 54 50 48 102 172 75 106 69 89 354 0 221 169 117 125 0 0 1 0 0 0 0 3 0 2 0 0 0 0 0 0 0 0 3 0 0 0 0 0 0 0 0 0 0 0 0 0 0 0 0 0 0 0 0 0 0 0 0 0 0 0 0 0 0 0 0 1 0 0 0 0 0 10 0 0 0 13 4 20 8 0 22 0 17 75 20 3 0 5 0 15 0 34 0 14 20 0 0 0 1 0 21 0 0 0 0 0 10 0 59 0 19 0 0 35 0 0 0 0 0 0 0 0 0 0 0 0 15 0 18 0 0 0 0 0 0 0 7 0 0 0 0 0 0 0 0 0 0 0 0 0 0 0 0 0 14 27 25 41 0 15 0 24 37 0 22 18 0 15 24 6 16 15 0 0 0 0 0 0 0 0 0 0 0 0 0 0 0 0 0 0 0 0 6 0 0 0 20 0 0 0 0 0 0 0 0 8 0 0 0 0 0 0 0 8 0 0 0 2 2 4 4 1 0 0 18 0 0 0 0 0 0 0 0 0 0 0 0 0 0 18 0 23 2 0 
 0 0 0 1 1 0 0 0 2 0 0 0 1 0 0 0 5 0 0 0 0 0 0 0 0 0 0 0 0 2 8 0 0 0 1 0 0 0 0 0 99 168 131 42 195 170 33 33 79 59 158 143 106 71 40 221 0 218 32 40 3 2 0 0 6 6 0 3 7 216 53 2 1 5 0 6 0 2 0 0 0 0 0 0 0 0 0 0 0 0 0 0 0 0 0 0 0 0 0 0 0 0 0 0 0 0 0 0 0 0 0 0 0 0 0 0 0 0 0 0 0 49 3 0 22 3 0 9 13 43 26 6 0 9 0 24 22 18 0 0 0 0 0 0 0 0 13 6 0 0 0 0 19 0 1 0 0 0 0 21 0 0 0 0 0 0 0 0 0 0 0 0 0 0 7 0 0 0 0 0 0 0 0 0 0 7 0 0 0 0 0 0 0 0 0 13 0 0 0 0 0 5 22 19 0 0 6 60 27 36 26 21 0 18 15 24 6 3 0 0 0 2 0 0 0 14 0 10 0 0 0 0 22 0 0 0 0 0 25 0 0 0 0 0 0 0 0 0 0 0 0 10 0 0 0 0 0 0 0 5 0 0 65 62 0 8 2 66 0 0 0 0 0 0 0 0 0 0 0 0 0 0 0 0 13 16 0 12 2 0 
 0 0 0 0 3 0 43 0 1 1 0 12 62 0 0 0 0 0 0 0 0 0 0 0 0 2 0 0 0 7 3 0 0 0 0 0 0 0 0 63 105 63 390 103 39 123 24 60 151 136 116 101 24 92 50 169 218 0 52 36 0 0 0 0 0 0 0 0 0 0 0 0 2 0 51 0 0 2 0 0 0 0 0 0 0 0 0 0 0 0 0 0 0 0 0 0 10 0 0 0 0 0 0 0 0 0 0 0 0 0 0 0 0 10 0 0 0 0 0 0 14 11 29 32 0 21 0 14 11 18 20 9 0 13 6 8 5 0 16 0 26 0 0 0 0 0 0 0 0 9 0 0 0 0 39 0 0 0 0 0 0 0 0 0 0 0 0 0 0 0 0 0 0 0 7 0 0 0 0 0 0 0 0 0 0 0 0 0 0 22 0 0 0 0 0 0 0 0 0 0 0 11 0 10 13 50 6 4 0 24 49 24 11 14 11 0 11 48 0 0 0 0 0 0 0 0 8 0 0 0 0 0 0 0 44 5 0 0 6 0 1 0 34 0 0 0 0 0 0 0 0 5 0 0 0 0 0 0 0 17 0 0 0 1 33 1 0 0 0 0 0 0 0 0 0 0 0 0 0 0 0 0 0 0 1 8 0 0 0 9 
 0 0 0 0 0 0 0 0 0 0 0 0 0 0 0 0 0 69 0 0 0 0 0 0 64 0 0 0 0 0 0 87 0 0 0 0 0 0 0 0 157 56 43 71 38 39 177 67 82 56 36 47 285 197 125 117 32 52 0 172 0 0 0 0 1 6 7 0 0 0 2 0 4 2 0 0 0 0 0 4 0 0 0 0 0 0 0 0 0 0 0 0 0 0 0 0 0 0 0 0 0 0 0 0 10 0 0 0 0 0 0 0 0 0 0 0 0 0 0 0 7 35 23 0 14 7 13 20 10 2 13 23 37 24 35 3 0 0 0 41 0 3 0 0 0 0 7 0 0 0 0 0 0 3 3 0 19 1 0 2 0 0 0 0 0 0 0 0 0 0 0 5 0 0 0 0 0 0 0 0 0 0 0 0 0 0 0 0 0 0 0 1 0 0 0 0 0 0 0 0 21 10 12 15 0 1 36 19 20 0 0 17 9 34 11 10 12 28 6 10 1 0 0 0 0 0 0 4 0 0 0 0 9 8 0 0 0 0 0 0 0 0 0 0 0 0 0 0 0 0 0 2 0 0 0 0 0 0 0 0 0 0 0 1 1 1 0 0 0 0 19 0 0 0 0 0 0 0 0 0 0 0 4 0 10 0 0 0 2 0 
 0 0 0 0 0 0 0 0 0 0 0 0 2 0 0 0 50 0 0 0 0 2 0 59 139 126 0 0 19 63 0 129 0 66 0 0 0 65 0 0 394 314 34 57 120 33 192 612 83 77 69 28 116 80 185 125 40 36 172 0 0 1 0 0 2 4 4 0 0 3 4 1 0 0 0 9 17 0 0 0 0 0 0 0 0 13 0 0 0 0 0 0 0 0 0 0 0 0 0 0 0 0 9 0 6 12 12 0 0 0 10 3 0 0 1 13 0 0 0 0 0 2 0 0 0 0 16 44 0 0 0 0 20 37 35 0 0 0 9 0 0 0 0 0 7 1 0 0 0 2 0 3 0 0 0 0 3 0 0 0 0 0 0 0 0 0 0 0 0 0 0 0 0 0 0 0 0 0 0 0 0 0 0 0 19 7 0 0 0 0 0 29 0 0 0 0 1 1 0 0 3 0 6 0 0 0 33 0 0 5 0 0 9 7 0 16 0 0 0 12 0 0 5 0 0 3 0 10 27 0 3 6 0 0 0 0 2 0 0 0 0 0 0 0 0 0 0 0 0 0 0 10 0 0 0 0 0 27 68 0 10 0 0 0 1 4 1 0 3 0 2 0 0 0 0 5 0 0 0 18 0 0 0 0 0 20 0 0 2 0 
 2 2 2 3 7 2 2 2 5 2 2 3 2 2 2 2 2 2 3 2 0 0 0 0 0 5 0 0 0 60 0 0 0 0 0 0 0 0 0 0 0 0 0 51 51 50 0 0 2 0 2 5 0 6 0 0 3 0 0 0 0 121 141 108 148 462 88 165 131 87 295 61 52 41 334 25 88 141 311 124 0 0 0 0 0 0 1 0 0 0 0 0 0 0 0 1 0 0 5 0 0 0 0 0 0 0 0 0 0 0 0 0 0 0 0 0 0 0 0 0 0 0 0 25 0 0 0 0 0 0 0 0 0 0 0 0 0 0 0 0 28 0 0 8 0 3 0 19 15 9 3 0 8 9 1 3 5 0 8 0 5 1 0 0 0 0 2 5 0 0 0 0 18 0 0 0 0 0 2 17 0 0 0 0 0 0 0 0 0 0 0 0 0 0 0 0 0 0 0 0 0 0 0 0 33 1 0 0 0 0 0 0 0 17 0 0 0 0 0 1 12 0 3 41 0 19 0 0 0 0 0 16 27 1 11 8 23 0 0 14 19 0 10 12 0 0 0 0 0 0 0 0 0 0 6 0 0 0 0 0 0 0 0 1 0 8 0 0 0 0 10 0 0 0 3 1 0 0 0 0 0 0 0 0 0 0 0 0 0 0 
