 0 196 372 107 66 35 281 173 49 414 152 358 383 257 276 265 96 128 131 62 0 4 3 0 0 3 80 0 0 1 0 3 0 0 2 0 0 0 74 0 30 0 0 5 0 0 0 6 0 0 0 0 3 0 1 0 0 0 3 0 0 3 0 0 29 0 43 2 3 2 0 0 5 2 3 0 0 0 0 0 0 25 34 1 0 24 27 0 0 50 0 19 9 29 31 55 13 1 15 1 0 0 0 0 0 0 0 0 0 0 0 0 0 0 0 0 0 0 0 16 0 0 0 0 0 0 0 0 0 1 2 0 0 0 0 0 0 0 1 0 0 0 0 0 0 0 0 0 0 0 0 0 0 0 2 0 0 0 0 0 18 34 13 12 0 12 0 25 13 12 0 0 22 22 24 21 0 33 19 20 0 0 0 0 0 0 0 0 0 0 0 0 0 0 0 0 1 0 16 0 0 0 0 0 0 0 2 1 0 0 10 0 0 0 0 0 0 0 0 0 0 0 0 0 0 0 0 0 0 0 0 0 0 0 0 0 0 0 0 0 0 0 0 0 1 1 9 2 2 2 0 3 0 0 0 0 0 0 0 0 0 0 0 0 0 0 0 0 0 0 0 0 0 0 0 9 0 10 0 0 0 0 0 0 0 0 0 0 0 0 
 196 0 148 58 130 129 330 227 217 272 276 115 62 136 145 209 123 30 148 94 0 2 5 0 0 2 0 0 0 0 0 0 0 0 2 0 0 0 0 0 0 0 0 2 0 1 64 3 0 0 0 6 4 0 3 0 0 1 3 0 0 2 0 0 0 0 45 0 0 3 0 32 8 3 0 0 0 0 0 0 43 44 25 16 7 0 0 0 0 0 0 15 12 22 48 17 19 24 10 3 0 0 0 0 0 0 3 0 0 0 0 0 0 1 0 0 0 0 0 14 0 0 0 0 0 0 0 0 28 0 0 0 53 0 0 0 0 0 0 5 0 20 0 0 0 0 0 0 0 0 7 0 0 0 0 0 0 0 0 0 0 0 14 0 0 0 10 14 17 11 42 14 4 43 16 10 15 14 0 12 0 0 0 0 0 0 12 0 0 0 0 0 0 0 0 0 0 0 23 2 0 2 0 0 0 0 0 0 0 0 0 0 0 0 0 11 0 0 0 0 0 0 0 0 0 0 0 0 0 20 0 0 0 0 0 0 0 0 22 0 0 0 0 0 0 0 1 0 0 0 0 4 0 0 0 0 0 0 0 0 0 0 11 0 0 0 0 0 0 0 0 0 0 0 0 0 33 0 0 0 0 0 0 0 0 0 0 0 0 0 
 372 148 0 92 119 31 110 292 187 239 432 550 295 129 143 245 53 147 240 55 1 2 3 0 1 1 0 0 0 0 0 0 74 0 2 0 0 0 2 0 0 0 0 2 0 0 0 3 0 0 0 11 21 50 0 0 2 0 3 0 0 2 0 0 0 0 0 0 1 49 0 0 0 3 1 0 0 0 0 0 36 16 14 0 49 12 19 20 10 16 8 12 0 20 0 5 0 13 0 0 16 0 0 0 0 0 41 0 0 0 0 0 27 18 1 0 0 0 0 16 0 0 0 0 0 0 0 0 0 0 0 0 0 0 0 0 0 0 0 0 0 1 0 0 0 0 0 0 0 0 0 0 0 0 0 0 0 0 0 0 0 10 42 1 0 0 0 6 32 1 0 16 0 10 9 1 1 40 0 0 0 1 2 0 0 0 10 8 0 0 0 0 9 0 0 0 0 0 31 17 0 0 1 0 0 0 0 1 0 0 9 12 0 0 0 0 0 0 0 0 0 0 0 0 18 0 0 1 0 0 0 0 0 0 0 0 0 0 0 0 0 0 0 0 0 0 0 1 4 1 1 13 0 0 0 0 0 0 0 0 0 0 1 0 0 0 0 0 0 0 0 0 0 0 0 5 0 13 0 0 0 0 0 0 0 0 0 0 0 0 
 107 58 92 0 156 129 111 160 93 172 286 280 281 96 153 52 63 33 57 67 31 8 3 0 0 1 162 2 74 0 0 1 74 1 2 0 1 0 0 81 0 0 84 3 0 0 0 3 0 4 0 0 5 0 3 0 0 0 3 0 3 3 3 0 0 0 2 4 2 8 7 0 0 7 2 2 0 0 0 0 0 0 38 0 18 13 14 0 0 14 17 10 10 0 0 16 0 0 30 0 0 0 8 0 0 0 14 0 34 0 0 0 24 0 0 7 9 1 23 0 0 0 0 0 0 0 0 0 0 0 11 0 0 0 0 0 0 0 0 0 0 0 0 0 3 3 0 0 0 0 0 0 0 0 0 0 0 0 0 0 14 42 0 53 4 0 0 15 0 12 0 14 14 10 12 5 0 15 0 7 0 4 0 0 0 0 8 0 0 19 0 0 17 0 10 12 0 15 0 10 0 0 0 0 1 0 11 0 0 0 0 16 0 0 0 0 0 0 0 0 0 0 0 0 0 0 0 0 0 0 0 0 0 14 0 0 0 0 0 0 0 0 0 0 0 2 52 0 46 2 0 10 0 0 0 0 0 0 0 0 0 0 1 0 0 0 0 0 0 0 0 0 0 0 0 2 0 0 0 0 0 0 0 0 0 0 0 0 0 0 
 66 130 119 156 0 373 66 163 180 174 201 276 101 73 85 356 62 135 49 101 0 2 3 0 3 80 78 0 0 0 3 3 0 0 4 23 79 3 1 73 0 0 0 2 0 2 0 3 0 0 0 29 6 0 3 0 0 2 3 0 2 4 0 0 0 2 0 6 0 3 14 1 0 7 0 4 0 0 0 0 54 17 28 19 12 4 0 0 7 0 11 26 0 0 0 0 12 18 0 0 0 10 20 0 0 0 15 0 11 0 0 0 20 11 0 0 0 0 39 0 0 0 0 0 0 0 0 0 0 0 0 0 0 0 0 0 0 0 0 0 0 0 0 0 0 0 0 1 0 0 0 0 0 0 5 1 0 5 0 0 0 0 11 5 24 14 0 0 34 0 5 8 1 0 3 0 0 42 0 0 0 0 10 1 3 0 9 15 0 19 0 0 0 0 0 17 9 0 37 0 0 16 0 0 0 0 0 0 2 0 1 0 0 0 0 0 0 0 0 0 0 0 0 0 0 0 0 0 0 0 0 0 0 0 0 0 0 0 0 0 0 0 0 0 0 2 2 0 2 175 0 17 0 0 0 0 0 0 0 0 0 0 11 0 0 0 0 0 0 0 0 0 0 0 0 0 0 0 0 0 0 0 0 0 0 2 0 0 0 0 
 35 129 31 129 373 0 54 27 282 46 268 52 54 31 48 77 104 38 43 69 1 3 6 0 1 3 107 97 90 88 0 3 75 156 2 76 5 1 89 127 0 2 0 2 0 0 0 6 0 7 0 0 5 5 3 3 0 0 3 0 0 2 0 0 2 0 0 2 0 3 0 0 21 3 0 27 3 0 0 0 0 9 12 0 0 43 0 0 0 26 16 24 0 14 11 15 20 0 0 0 0 27 1 26 0 0 0 0 27 6 18 0 0 15 0 34 25 8 44 20 0 0 0 0 0 0 0 0 0 0 0 0 0 0 0 0 0 0 0 0 0 3 0 0 0 0 0 0 5 0 0 0 0 0 0 0 0 19 0 0 0 0 0 0 29 99 0 0 0 0 0 1 0 2 13 9 10 0 0 0 42 0 0 0 0 8 0 23 0 10 0 0 11 6 8 21 16 24 20 44 0 0 0 0 1 0 0 0 0 0 0 0 0 0 0 0 0 0 0 0 0 0 1 0 0 0 0 0 0 0 0 0 0 0 0 0 0 0 8 0 0 17 1 0 0 0 97 0 1 1 0 6 0 0 0 0 0 0 0 0 0 0 0 0 0 0 0 0 0 0 0 0 0 0 0 0 0 0 0 0 0 0 0 0 0 0 0 0 0 0 
 281 330 110 111 66 54 0 92 263 57 54 36 121 184 26 55 132 112 212 254 0 2 5 1 1 2 0 2 0 0 2 0 2 2 2 2 0 0 0 0 0 0 0 2 0 0 0 3 0 0 0 0 3 0 0 0 29 2 3 2 0 2 0 29 0 0 0 0 1 3 0 0 2 3 1 0 0 0 0 0 8 14 7 0 0 10 0 15 0 29 0 0 9 19 0 0 1 0 19 0 0 0 0 0 2 0 0 1 0 1 0 0 0 0 0 0 0 0 0 0 0 0 3 0 0 0 2 0 7 0 0 0 0 0 0 0 0 0 0 0 0 8 0 1 0 0 0 0 2 0 0 0 0 0 0 2 0 0 0 0 11 17 0 0 0 15 26 10 17 1 0 0 35 4 1 15 13 0 24 39 0 0 0 0 0 0 0 0 1 0 0 0 0 0 2 0 13 0 0 0 0 0 0 24 0 0 0 0 0 0 11 0 0 0 0 0 0 0 0 0 1 0 0 10 0 0 0 0 0 0 0 0 2 0 0 0 0 0 0 0 0 2 0 0 0 0 0 2 2 2 0 20 0 0 0 0 0 0 0 0 0 0 0 0 0 0 0 0 0 2 0 0 0 0 0 0 0 9 0 0 0 0 0 0 0 0 0 0 0 0 
 173 227 292 160 163 27 92 0 165 170 218 405 110 320 255 269 231 88 488 95 0 8 7 0 0 4 0 0 0 6 6 4 0 0 2 0 0 0 6 4 2 0 0 6 0 29 0 3 0 0 4 5 3 0 3 2 66 83 3 0 0 2 0 0 0 0 0 0 0 9 0 0 17 3 1 0 0 4 2 2 26 7 19 28 9 0 13 18 0 0 0 39 52 0 14 38 21 29 0 15 0 0 0 0 0 0 10 0 0 0 0 0 12 0 0 0 0 0 17 5 0 0 0 0 0 0 0 0 25 0 0 0 0 0 0 0 0 0 0 0 0 2 0 0 0 0 0 0 0 0 0 0 0 0 0 0 0 0 0 0 6 0 0 0 1 0 1 0 1 56 20 0 28 38 19 14 18 0 2 18 0 0 1 2 0 0 0 0 0 0 0 9 0 0 0 0 0 0 4 0 0 13 2 0 0 0 0 0 0 0 0 0 0 0 0 0 0 0 0 0 0 0 0 0 0 0 0 2 0 0 1 0 0 0 0 0 0 0 0 0 0 0 0 0 0 0 94 0 0 17 0 19 0 0 0 0 0 0 0 0 0 0 0 0 0 0 0 0 0 0 0 0 0 0 0 0 15 0 0 0 0 0 0 0 0 0 0 0 0 0 
 49 217 187 93 180 282 263 165 0 408 182 105 86 174 279 157 140 275 57 407 0 2 3 0 0 1 0 0 0 0 0 2 0 0 5 0 0 0 76 0 0 0 0 13 0 0 0 3 0 0 0 0 4 0 3 0 0 8 3 0 0 2 0 2 0 0 0 2 1 3 0 0 8 3 1 0 0 0 0 0 10 13 47 21 0 24 23 0 9 19 12 16 0 25 26 15 18 13 0 0 0 0 0 0 0 0 27 0 0 0 0 0 20 11 0 0 0 0 0 58 0 0 0 0 0 0 0 0 0 0 0 0 0 0 1 0 0 0 0 0 0 0 0 0 0 0 0 0 0 0 1 0 0 0 0 0 0 0 0 0 19 21 28 28 0 16 0 12 31 0 26 0 6 2 17 5 8 28 0 29 0 0 0 0 0 0 13 0 0 0 0 0 8 0 0 0 0 0 77 27 16 9 0 0 0 0 0 0 0 0 9 0 0 0 0 0 0 0 0 0 0 0 0 0 0 4 0 0 0 0 0 0 0 16 0 3 0 0 0 0 0 0 0 0 0 0 3 0 2 4 2 15 0 0 0 0 0 0 0 0 0 0 0 0 0 0 0 0 0 0 0 0 0 0 0 0 0 0 0 0 0 0 0 0 0 0 0 0 0 0 
 414 272 239 172 174 46 57 170 408 0 192 221 47 92 492 325 293 127 46 81 1 2 4 0 0 4 0 0 0 1 0 0 0 0 2 0 0 34 0 0 0 0 0 6 0 0 0 3 0 6 0 0 3 0 3 0 0 1 3 0 0 3 0 0 0 0 0 0 3 2 3 0 0 2 3 0 0 0 44 0 0 20 40 10 23 0 17 12 9 11 13 0 0 17 0 16 6 13 0 0 15 0 23 0 0 0 26 0 0 1 0 0 31 0 1 1 0 9 8 8 0 0 0 0 0 0 0 0 0 0 0 0 0 0 0 1 0 0 0 0 0 0 0 0 0 0 0 0 1 0 0 0 0 0 0 0 0 0 0 2 7 10 28 18 0 0 0 13 12 7 19 10 13 41 23 10 6 22 0 0 2 0 0 0 0 0 17 0 0 0 0 0 7 0 0 6 0 0 15 10 0 2 0 1 0 0 0 0 0 0 12 0 0 0 0 2 0 0 0 0 0 0 0 2 0 0 0 0 0 0 0 0 0 0 0 0 0 0 0 0 0 0 0 0 0 2 87 0 0 2 0 12 0 0 0 0 0 0 0 0 0 0 0 0 0 0 0 0 0 0 0 0 0 2 0 8 25 2 0 0 0 0 0 0 0 0 0 0 0 0 
 152 276 432 286 201 268 54 218 182 192 0 297 255 57 185 220 64 105 33 60 3 5 3 0 3 1 0 0 0 0 3 0 3 2 7 0 4 2 0 74 3 2 0 2 0 0 0 3 0 0 0 2 4 0 0 0 2 2 3 0 0 4 0 2 0 2 0 5 1 38 0 0 8 3 1 0 0 2 0 0 48 16 13 21 58 0 0 28 0 0 26 18 10 16 7 27 16 34 0 1 16 0 0 32 0 0 4 0 0 18 0 0 0 0 0 9 0 9 10 27 0 0 0 0 0 0 0 0 2 0 0 0 0 0 3 0 0 0 0 0 0 6 0 0 0 0 3 0 2 0 0 0 0 0 0 1 0 0 0 0 0 0 0 5 23 13 15 0 22 11 50 33 6 40 22 11 33 49 0 6 0 0 1 2 0 0 0 0 0 0 0 0 0 0 14 12 0 0 34 12 0 10 2 0 0 0 0 0 0 0 0 0 0 0 0 0 0 17 0 0 0 0 0 0 11 0 0 2 0 0 0 0 0 0 0 0 0 0 10 0 0 0 0 0 0 5 4 2 0 1 0 6 0 4 0 0 0 0 0 0 0 0 0 0 0 0 0 0 0 0 0 0 0 0 0 0 13 0 0 0 0 0 0 0 0 0 0 0 0 0 
 358 115 550 280 276 52 36 405 105 221 297 0 251 76 78 117 63 58 245 37 107 2 3 0 0 1 2 0 75 0 0 0 74 0 2 0 1 0 0 0 0 0 0 2 0 0 0 3 0 0 0 2 6 63 4 0 0 0 3 0 0 3 0 0 0 0 0 0 3 3 0 0 0 2 2 0 0 0 0 0 15 0 1 21 25 10 12 13 9 48 15 12 9 0 0 41 1 8 0 2 16 0 0 0 0 0 20 5 10 0 0 0 48 1 0 15 20 10 25 8 0 0 0 0 0 0 0 0 0 0 0 1 0 1 0 0 0 0 0 8 0 0 0 0 0 0 0 0 0 0 0 0 0 0 0 0 0 0 0 0 0 2 12 0 0 0 0 6 20 0 13 10 0 15 17 1 0 31 0 6 1 17 0 19 0 0 10 0 0 9 0 0 30 15 16 2 0 0 12 11 0 0 0 0 0 0 0 0 14 0 3 10 0 2 0 0 0 0 0 0 0 0 0 0 0 0 0 0 1 1 0 0 0 0 0 0 0 0 11 0 0 0 0 0 0 2 1 1 53 0 2 8 1 4 0 0 0 0 0 0 0 0 0 0 0 0 2 0 0 0 0 0 0 0 0 39 0 0 0 0 0 0 0 0 0 0 0 0 0 0 
 383 62 295 281 101 54 121 110 86 47 255 251 0 309 71 247 45 77 212 131 0 2 40 0 1 2 0 0 0 0 2 2 0 1 2 0 0 1 0 0 0 0 2 2 0 0 0 3 0 2 0 0 3 0 3 0 0 0 3 7 0 2 0 0 0 0 0 0 0 3 0 0 0 3 1 0 0 44 0 0 0 0 0 47 0 0 27 9 0 19 0 0 3 0 0 10 0 0 34 0 0 0 0 0 0 0 0 0 0 0 0 0 0 0 0 0 0 1 0 0 0 0 0 0 2 0 0 0 0 0 0 0 0 0 0 0 0 0 0 0 0 0 0 0 0 0 0 0 0 0 0 0 0 0 0 0 0 2 0 0 12 3 6 0 0 0 6 17 1 0 0 0 0 0 0 0 0 0 21 13 0 0 0 0 0 0 0 0 0 5 0 0 0 0 0 0 0 0 0 0 0 0 0 0 0 0 0 0 7 0 0 0 0 0 0 0 0 0 0 0 0 0 0 0 0 0 0 0 0 0 0 0 0 0 0 0 0 0 0 0 0 0 0 0 0 2 2 0 1 0 10 2 0 0 0 0 0 0 0 0 0 0 8 0 0 0 0 0 0 0 0 0 0 0 0 0 0 0 0 0 0 0 0 0 0 0 0 0 0 0 
 257 136 129 96 73 31 184 320 174 92 57 76 309 0 191 59 116 33 116 300 1 3 9 73 0 7 5 3 0 0 3 3 3 3 2 2 0 0 3 3 3 5 3 2 64 2 0 6 3 3 2 0 4 0 3 6 1 1 3 5 0 3 54 1 3 0 1 2 5 2 3 0 3 2 3 0 3 53 3 0 0 19 1 12 0 10 6 11 7 0 0 0 15 29 18 10 9 1 17 22 0 0 14 0 0 0 0 0 0 0 0 0 7 0 0 0 0 0 0 1 1 0 0 0 0 0 0 0 0 2 2 0 0 0 0 0 0 0 0 0 0 0 0 0 0 0 0 0 0 0 0 0 0 0 2 0 0 0 0 0 0 34 21 0 0 0 18 21 29 1 27 0 27 55 15 45 1 12 30 28 0 0 0 0 0 1 1 0 0 0 0 0 7 0 0 0 1 0 1 0 0 0 0 0 0 0 2 0 0 10 30 0 0 0 0 0 0 0 1 0 0 0 0 0 0 0 0 0 0 0 0 0 0 0 0 0 0 0 0 0 0 0 0 0 1 2 0 0 2 1 0 6 10 0 0 0 0 0 0 0 0 0 0 0 0 0 4 0 0 0 0 0 0 0 0 8 37 0 0 0 0 0 0 0 0 0 0 0 0 0 
 276 145 143 153 85 48 26 255 279 492 185 78 71 191 0 175 377 140 52 427 0 2 3 2 0 2 0 0 4 0 0 0 65 2 2 0 0 0 0 0 0 0 0 7 0 0 0 61 0 0 0 0 5 0 2 0 0 1 3 72 0 3 0 0 0 0 0 0 9 2 0 0 8 2 3 0 0 0 0 0 1 27 34 23 1 9 20 18 14 12 14 14 13 33 49 22 6 26 0 12 0 0 0 0 0 0 8 0 0 0 0 0 11 0 0 0 0 0 19 35 0 0 0 0 0 0 0 0 0 0 0 0 0 0 0 0 0 0 0 0 0 0 0 0 0 2 9 0 0 0 0 0 9 0 11 0 0 0 0 0 8 9 11 11 0 0 0 11 23 18 1 0 24 61 22 27 13 8 19 14 0 0 0 0 0 0 10 0 0 0 0 0 8 0 0 0 0 0 35 0 0 0 0 9 0 1 0 0 1 0 11 0 0 0 0 0 0 0 0 0 0 0 0 0 0 0 0 0 0 0 0 0 0 0 0 0 0 0 0 0 0 0 0 0 0 0 87 0 0 89 0 2 0 0 0 0 0 0 0 0 2 0 0 0 0 0 0 0 0 0 0 0 0 0 0 6 0 0 0 0 0 3 0 0 0 1 0 0 0 0 
 265 209 245 52 356 77 55 269 157 325 220 117 247 59 175 0 468 136 35 179 1 8 5 0 2 2 0 0 3 2 3 1 5 0 5 6 6 3 0 3 3 2 3 5 0 0 4 3 3 0 6 32 3 0 3 0 3 0 3 0 0 7 0 0 0 2 3 9 0 3 3 0 0 8 3 0 0 2 1 2 90 1 15 43 7 0 11 0 0 0 13 30 43 0 0 26 0 50 10 17 0 15 0 0 0 0 26 0 0 0 0 0 13 13 0 0 0 0 18 16 0 0 0 0 20 0 0 0 0 5 0 0 0 9 0 0 0 1 0 0 0 0 32 0 0 0 0 0 0 0 0 2 0 0 0 0 0 0 0 0 1 18 25 0 0 0 13 29 31 23 48 13 2 1 0 0 40 29 0 37 0 1 0 0 8 0 0 0 0 0 0 0 2 0 0 0 0 0 56 21 0 10 0 0 0 0 15 0 0 0 0 0 0 0 0 0 0 0 0 0 0 0 0 0 0 0 0 0 0 0 0 0 0 0 0 0 0 0 0 0 0 0 0 0 0 1 2 0 2 6 2 10 0 0 0 0 0 0 0 2 0 0 10 0 0 0 0 0 0 0 0 2 0 0 0 0 0 0 0 0 0 0 0 0 0 0 0 0 0 0 
 96 123 53 63 62 104 132 231 140 293 64 63 45 116 377 468 0 77 22 334 0 2 5 0 0 1 0 0 0 0 0 0 0 1 2 0 0 0 1 0 0 0 0 3 0 0 0 3 0 0 0 0 5 0 2 0 1 0 3 0 0 3 0 0 0 0 0 0 3 3 0 0 0 2 2 0 0 0 0 0 18 0 46 0 2 1 30 9 0 9 12 13 13 2 0 57 0 15 3 1 0 0 0 0 0 0 15 0 0 20 0 0 19 9 0 0 0 0 19 10 0 0 0 0 0 0 0 1 0 0 0 0 0 0 0 0 0 0 0 0 0 0 2 2 0 0 0 0 0 0 0 1 0 2 0 0 0 8 0 0 16 39 1 10 0 0 3 82 0 18 20 0 10 8 23 0 5 1 0 7 0 0 0 0 0 0 19 0 0 0 0 0 8 0 0 0 0 0 30 12 0 2 0 0 0 0 0 0 0 0 0 0 0 0 0 0 0 0 0 0 0 0 0 0 0 0 0 0 0 0 0 0 0 0 0 0 0 0 0 0 0 0 0 0 0 0 49 0 1 90 0 0 20 0 0 0 0 0 0 0 0 0 1 0 0 0 0 0 0 0 0 0 0 0 0 1 0 0 0 0 0 0 0 0 0 0 0 0 0 0 
 128 30 147 33 135 38 112 88 275 127 105 58 77 33 140 136 77 0 255 244 0 2 3 0 2 1 19 0 0 0 0 0 0 3 2 2 0 2 2 1 0 0 0 67 0 0 0 3 0 2 0 0 8 0 127 0 0 0 3 0 0 3 0 0 0 0 0 0 3 3 0 0 0 2 2 0 0 0 0 0 10 6 10 39 0 0 26 10 7 20 35 0 12 19 5 17 0 12 19 11 0 0 0 17 0 0 16 0 0 0 0 0 0 19 11 0 0 0 0 1 1 0 0 0 0 0 0 0 0 2 2 0 0 0 0 0 0 0 0 0 0 0 0 0 0 0 0 0 0 0 0 0 0 0 2 0 0 0 0 0 7 6 14 0 0 0 0 9 1 16 2 4 5 32 21 12 20 18 0 0 0 0 0 0 0 1 1 0 0 0 0 0 0 0 1 0 0 0 0 0 0 0 0 0 0 0 2 0 0 0 0 0 0 0 0 0 0 0 1 0 0 0 0 0 0 0 0 0 25 0 0 0 2 0 0 0 0 0 0 0 0 14 0 0 1 2 3 0 6 2 10 5 0 0 0 0 0 0 0 0 0 0 0 0 0 0 0 0 0 0 0 0 0 0 0 9 0 7 0 0 0 0 0 0 0 0 0 0 0 0 
 131 148 240 57 49 43 212 488 57 46 33 245 212 116 52 35 22 255 0 270 0 2 3 0 1 2 0 1 0 43 0 0 0 0 2 0 0 0 0 0 0 0 0 65 0 1 0 3 0 0 0 0 3 0 3 0 1 2 3 5 0 2 0 0 0 0 0 0 0 3 1 0 0 3 1 0 0 0 0 0 5 22 1 0 0 0 0 35 0 0 0 0 23 0 14 0 0 0 17 26 0 0 0 0 0 0 0 0 0 0 0 0 0 0 0 0 0 0 0 0 0 0 0 0 0 0 0 0 0 0 0 0 0 0 0 0 0 0 0 0 0 0 0 0 0 0 0 0 0 0 0 0 0 0 0 0 0 0 0 14 6 0 0 0 0 0 19 0 0 13 0 0 13 0 0 0 1 0 19 17 0 0 0 0 0 0 1 0 0 0 0 0 0 0 0 0 0 0 0 0 0 0 0 0 0 0 0 0 0 0 0 0 0 0 0 0 0 0 0 0 0 0 5 0 0 0 0 0 0 0 0 0 0 0 0 0 0 0 17 0 0 0 0 0 0 2 2 0 0 0 0 1 0 0 0 0 0 0 0 0 0 0 0 0 0 0 0 0 0 0 0 0 0 0 0 0 0 0 0 0 0 0 0 0 0 0 0 0 0 0 
 62 94 55 67 101 69 254 95 407 81 60 37 131 300 427 179 334 244 270 0 0 4 2 0 0 5 0 0 0 0 0 0 1 0 2 0 0 0 2 0 0 64 2 3 0 0 0 3 0 0 0 3 3 0 3 0 0 5 3 0 0 2 0 0 0 0 0 2 0 3 0 0 0 3 0 0 0 1 0 0 10 1 5 12 0 10 9 16 0 11 0 0 18 14 0 0 9 8 23 34 18 0 0 0 0 0 0 0 0 0 0 0 0 0 0 0 0 0 0 0 0 0 0 0 0 0 0 0 0 0 0 2 0 2 0 0 0 0 0 0 0 0 0 0 0 0 0 0 0 0 0 0 0 0 0 0 0 0 0 0 0 3 0 0 0 0 10 9 1 21 0 0 0 15 0 36 39 0 18 11 0 0 0 0 0 0 0 0 0 0 0 0 0 7 0 0 0 0 0 0 0 0 0 0 0 0 0 0 0 0 0 0 0 1 0 0 0 0 0 0 0 0 0 0 0 0 0 0 2 0 0 0 0 0 0 0 0 0 0 0 0 0 0 0 0 2 1 2 2 0 0 6 0 0 0 0 1 0 2 0 1 0 77 0 0 0 1 0 0 0 0 0 0 0 0 0 0 0 0 0 0 0 0 0 0 0 0 0 0 0 
 0 0 1 31 0 1 0 0 0 1 3 107 0 1 0 1 0 0 0 0 0 147 127 269 59 40 57 100 188 92 18 173 276 127 242 54 43 43 132 172 2 0 0 2 0 0 6 0 0 0 0 0 2 1 3 0 3 0 0 62 3 2 0 0 0 0 5 3 0 0 3 0 4 3 2 0 0 3 1 3 2 0 0 0 0 1 0 0 10 0 0 14 0 0 0 0 0 0 0 1 12 0 35 49 37 19 0 32 14 13 18 0 16 28 10 15 26 11 35 11 0 0 0 1 0 0 1 0 2 0 0 0 0 0 0 0 0 1 0 0 13 0 5 0 0 0 0 0 0 0 0 0 0 0 6 1 0 0 0 0 0 0 0 0 2 5 0 0 0 0 0 1 0 5 0 1 0 0 0 0 39 35 13 6 12 17 14 15 8 10 17 23 40 29 8 9 30 0 0 33 0 0 0 0 0 2 0 0 0 15 0 0 0 0 0 0 0 0 0 0 0 0 0 0 0 1 0 0 0 2 0 0 0 0 0 0 0 0 0 0 0 0 0 0 0 1 0 0 33 0 0 0 0 0 9 2 0 76 4 0 0 0 0 0 0 0 0 0 0 0 2 0 0 12 0 11 0 0 0 0 0 0 0 0 0 0 0 0 0 0 
 4 2 2 8 2 3 2 8 2 2 5 2 2 3 2 8 2 2 2 4 147 0 225 80 218 36 63 305 159 272 128 466 339 347 201 166 136 410 98 349 3 0 0 0 0 0 69 1 0 0 206 0 27 2 3 0 2 0 22 138 3 0 0 0 0 0 3 2 0 0 0 0 3 3 3 0 0 9 0 0 0 0 0 0 0 0 0 0 0 0 0 0 0 0 0 0 0 0 0 0 18 8 41 0 31 19 0 13 0 45 36 19 4 0 3 19 0 0 0 8 31 0 2 0 0 0 15 0 25 0 0 0 4 16 0 2 0 0 32 15 16 0 0 0 0 0 0 0 0 0 0 1 0 0 0 0 0 0 0 0 0 0 0 14 0 0 0 0 0 0 0 0 0 0 4 0 0 0 3 0 7 2 32 1 19 37 13 0 32 0 46 44 13 21 0 15 11 4 0 15 0 0 0 0 0 0 19 0 0 0 0 0 9 0 1 1 1 0 0 0 0 0 0 0 0 0 0 0 0 0 0 0 0 0 0 0 0 0 0 0 0 0 1 0 0 2 0 0 0 0 0 0 0 0 14 0 0 2 43 2 2 22 0 0 0 0 0 2 0 0 0 0 0 0 0 0 0 0 0 9 0 11 0 0 0 4 4 0 0 0 
 3 5 3 3 3 6 5 7 3 4 3 3 40 9 3 5 5 3 3 2 127 225 0 417 114 87 58 315 368 228 54 281 139 222 237 129 188 196 97 211 7 0 0 206 0 0 0 8 0 0 1 0 84 0 3 0 19 0 0 2 3 0 0 0 0 0 3 2 0 0 0 0 1 3 3 0 2 3 1 0 0 0 0 0 0 0 1 0 0 0 0 0 0 0 0 0 0 0 0 21 19 14 24 20 40 13 0 0 0 74 30 22 0 7 13 0 15 13 0 0 0 0 0 0 0 2 7 0 0 0 0 0 10 0 0 0 0 0 0 19 0 0 7 0 0 0 0 0 0 0 0 0 0 0 0 0 0 0 1 0 0 0 0 0 1 2 0 0 0 0 0 0 0 5 0 0 0 1 0 0 7 16 30 14 0 23 0 8 32 0 0 10 0 22 10 0 10 0 2 10 1 26 26 0 2 0 10 0 0 2 0 0 0 15 0 0 0 0 0 18 0 0 0 0 0 0 0 0 0 0 0 0 0 0 0 0 0 0 0 0 0 0 0 0 0 0 0 0 0 0 0 0 0 0 15 3 0 5 1 0 5 1 0 0 0 0 0 0 0 0 0 2 0 0 0 0 0 0 0 11 0 27 0 0 0 0 43 0 0 0 
 0 0 0 0 0 0 1 0 0 0 0 0 0 73 2 0 0 0 0 0 269 80 417 0 177 54 94 73 334 128 69 264 573 170 308 483 91 191 318 164 2 0 21 1 1 2 1 2 22 0 0 66 0 0 3 109 14 2 0 0 3 0 0 0 0 32 5 3 1 0 0 0 1 2 2 49 4 3 1 0 1 0 0 9 0 0 0 0 0 0 0 1 0 0 0 7 0 0 0 1 20 37 20 11 23 7 0 0 11 25 16 20 0 0 1 29 2 0 0 0 0 0 0 23 0 0 25 0 2 0 0 1 22 15 0 0 0 0 0 0 0 0 0 0 0 0 0 0 0 0 0 4 0 0 0 0 0 0 0 0 0 0 0 0 0 2 0 0 0 0 0 0 0 0 26 0 0 0 0 0 8 0 45 0 12 34 10 9 68 27 0 0 0 1 0 0 16 31 0 0 1 0 0 0 0 0 0 4 0 0 0 0 17 0 0 1 4 0 0 0 0 0 0 0 0 0 0 0 0 2 0 0 0 0 0 0 0 0 0 0 0 0 0 0 0 0 0 0 0 0 0 0 0 0 4 4 0 2 4 0 2 5 0 0 0 1 0 0 0 0 0 0 0 0 0 0 0 0 0 10 0 0 0 0 0 1 0 0 0 0 
 0 0 1 0 3 1 1 0 0 0 3 0 1 0 0 2 0 2 1 0 59 218 114 177 0 129 250 66 141 150 451 60 53 74 334 144 169 193 67 81 4 3 211 0 0 3 72 19 0 2 0 0 1 0 3 1 2 0 1 180 3 0 0 0 2 0 3 2 0 0 0 0 5 3 3 0 3 3 0 0 0 0 0 0 0 0 0 0 0 0 0 0 0 0 0 10 0 0 0 0 0 25 0 0 0 40 0 1 0 0 0 54 0 0 0 0 12 13 0 0 20 0 0 20 0 0 2 0 19 0 0 0 54 13 0 0 0 0 22 0 0 0 0 0 0 0 0 0 0 0 0 0 0 0 0 0 0 20 0 0 0 0 0 0 0 0 0 0 0 0 0 1 0 1 0 0 0 0 0 0 0 3 4 28 46 18 0 0 13 0 78 14 0 0 1 20 0 2 15 0 0 20 55 0 0 0 9 10 0 0 0 0 11 10 3 9 8 0 0 15 0 0 0 0 0 0 0 19 22 0 0 0 0 0 0 0 0 0 0 0 0 0 34 0 0 0 0 0 0 0 0 0 0 0 12 0 2 1 0 0 2 20 0 0 0 0 0 0 0 0 0 0 0 0 0 0 0 0 0 0 0 0 0 0 0 0 0 0 0 0 
 3 2 1 1 80 3 2 4 1 4 1 1 2 7 2 2 1 1 2 5 40 36 87 54 129 0 101 31 53 123 86 62 25 57 153 304 78 131 52 61 12 0 0 0 0 2 0 0 0 0 63 2 0 10 72 62 2 33 2 20 5 0 0 0 0 0 20 2 0 0 0 1 3 6 4 1 0 5 0 0 0 0 0 0 0 0 0 0 0 0 0 0 0 0 2 0 0 0 0 0 0 0 0 0 14 16 0 0 1 0 12 22 0 8 1 0 22 13 0 0 1 19 1 0 0 0 0 7 14 0 25 0 5 13 16 0 9 7 11 44 0 14 6 0 0 1 0 0 0 0 0 0 0 2 0 0 0 0 0 0 0 0 0 0 0 0 0 0 0 0 0 0 0 0 0 0 1 2 0 0 0 0 1 10 0 26 0 0 9 1 14 12 0 1 0 0 1 0 0 0 0 26 13 0 0 7 15 11 11 10 24 0 2 12 19 0 7 0 6 20 0 0 0 0 1 0 0 0 0 0 0 0 0 0 0 0 20 0 0 1 0 0 0 0 0 0 1 0 0 0 0 0 15 0 22 0 2 0 0 19 0 0 0 0 0 10 0 0 0 0 0 0 0 0 0 0 0 0 0 0 0 10 0 0 0 13 0 0 0 0 
 80 0 0 162 78 107 0 0 0 0 0 2 0 5 0 0 0 19 0 0 57 63 58 94 250 101 0 334 194 314 37 33 143 160 140 137 107 114 122 316 2 0 0 0 0 0 2 0 0 0 0 0 4 0 3 0 1 0 0 0 3 0 0 0 0 0 30 2 0 9 0 0 3 3 3 0 8 3 0 2 0 6 0 0 0 0 0 0 6 0 15 11 0 0 0 0 0 0 0 0 15 22 1 44 12 0 34 11 28 1 10 0 0 54 25 6 11 0 0 0 0 0 1 0 0 0 0 0 0 0 0 12 0 0 0 0 1 0 0 0 0 0 0 0 0 2 0 0 0 0 0 0 0 0 4 2 0 4 0 2 0 1 0 0 7 11 0 0 0 0 0 2 0 1 0 4 7 0 0 1 47 1 14 0 49 0 1 31 1 36 23 11 23 20 11 18 29 18 0 0 0 0 0 0 0 0 0 0 0 0 0 3 0 0 0 0 0 0 0 0 0 0 0 2 0 0 0 0 0 0 0 0 0 0 0 0 0 0 0 0 0 40 0 0 0 1 0 0 0 0 0 0 0 0 4 0 0 80 0 0 3 0 0 0 0 0 19 0 0 0 0 0 0 0 0 0 0 0 0 0 0 0 0 0 0 0 0 0 0 0 
 0 0 0 2 0 97 2 0 0 0 0 0 0 3 0 0 0 0 1 0 100 305 315 73 66 31 334 0 175 192 124 50 376 245 237 141 587 300 165 37 2 0 0 5 1 1 0 0 2 18 0 0 63 25 3 0 4 0 0 0 5 2 2 3 3 6 3 4 3 2 0 0 4 4 5 2 22 3 2 3 0 0 0 0 0 0 0 0 0 0 0 10 11 0 0 0 0 0 0 0 0 9 2 17 26 59 0 1 2 13 13 3 8 3 12 0 20 9 19 0 0 0 0 0 0 0 0 0 0 2 0 0 1 0 0 2 0 0 1 22 0 0 4 0 0 0 0 0 0 0 0 0 0 0 0 0 0 0 0 0 0 0 0 0 7 22 0 0 0 0 0 0 0 3 0 0 0 0 0 0 19 12 23 8 0 9 0 27 25 63 1 5 0 0 0 27 21 0 0 20 0 11 0 0 0 0 7 0 0 0 0 0 0 0 0 0 0 0 1 0 0 0 0 0 0 0 0 0 0 0 0 0 0 0 0 0 0 0 0 0 0 0 19 0 0 2 0 0 0 0 0 0 0 0 10 1 2 1 76 0 1 2 0 0 0 0 0 0 0 1 0 0 0 0 2 0 0 0 0 0 0 28 0 0 0 0 0 0 0 0 
 0 0 0 74 0 90 0 0 0 0 0 75 0 0 4 3 0 0 0 0 188 159 368 334 141 53 194 175 0 114 144 73 170 180 151 378 478 147 306 75 186 0 0 62 0 1 65 24 0 0 0 1 65 0 3 0 0 2 62 115 5 0 0 0 0 2 10 2 0 0 0 11 3 3 3 0 0 9 0 0 2 0 0 0 0 0 0 0 0 0 1 4 0 0 0 0 0 0 0 1 0 7 0 9 19 10 1 10 26 24 0 15 0 13 9 0 18 12 14 1 0 0 0 2 0 0 14 0 2 0 0 0 8 17 0 0 0 0 19 0 0 0 0 0 0 0 0 0 0 0 0 0 0 0 6 3 0 2 0 0 0 0 0 0 0 16 0 0 0 0 0 0 0 0 25 0 0 0 1 0 28 18 25 15 39 21 1 16 0 21 9 23 0 19 0 30 43 0 1 1 2 24 0 0 0 1 1 0 0 0 0 0 9 0 1 0 0 0 0 12 0 0 0 0 0 0 0 0 0 2 0 0 0 6 0 0 0 0 0 0 0 0 0 0 0 0 0 0 74 0 0 0 0 0 5 2 0 38 0 2 0 0 0 0 0 0 0 0 0 0 0 0 0 0 0 0 0 0 0 0 0 0 0 0 24 0 11 0 0 0 
 1 0 0 0 0 88 0 6 0 1 0 0 0 0 0 2 0 0 43 0 92 272 228 128 150 123 314 192 114 0 193 348 67 261 270 157 362 214 123 187 2 0 0 0 0 0 0 0 0 0 2 0 2 0 3 0 2 0 26 0 3 0 0 0 0 0 3 3 3 7 0 0 1 2 2 0 7 7 1 0 0 0 0 12 0 0 0 0 0 0 0 0 0 0 0 0 0 0 0 0 1 11 22 12 64 1 0 0 0 12 13 24 0 7 13 0 25 33 0 0 27 0 2 0 0 0 0 0 20 0 0 0 0 0 0 0 0 0 13 33 0 10 0 0 0 0 0 0 0 0 0 0 0 0 0 0 0 0 0 0 0 0 0 0 0 3 0 0 0 0 0 0 0 3 0 0 0 0 0 0 26 0 2 12 19 18 0 7 12 10 37 61 0 0 0 0 12 14 0 8 3 12 0 0 0 0 9 0 0 0 0 0 0 21 8 1 1 0 0 13 5 0 0 0 0 0 0 0 0 0 0 0 0 0 0 0 0 0 0 0 0 0 0 0 0 0 0 0 0 0 0 0 0 0 9 0 0 4 2 0 0 19 0 0 0 0 2 0 0 0 0 0 0 0 0 0 0 2 0 0 0 9 0 0 0 0 0 0 0 0 
 0 0 0 0 3 0 2 6 0 0 3 0 2 3 0 3 0 0 0 0 18 128 54 69 451 86 37 124 144 193 0 45 85 199 353 92 377 408 84 141 13 0 209 0 0 1 63 0 0 0 0 0 3 0 3 0 7 1 29 64 3 49 0 8 0 0 3 2 0 11 0 0 3 3 3 0 6 3 0 0 2 0 0 0 0 0 0 0 0 12 0 0 0 0 0 0 0 0 0 0 16 35 11 11 0 21 0 0 0 0 10 23 0 0 16 12 6 21 0 0 16 0 0 0 0 0 4 0 16 0 0 0 11 12 0 0 0 0 16 27 0 0 0 0 0 0 0 0 0 0 0 0 0 0 0 0 0 0 0 0 0 0 0 0 0 2 0 0 0 0 0 0 0 0 0 0 0 0 0 0 23 26 13 9 26 13 0 24 0 12 60 4 20 6 14 13 0 13 0 0 1 12 0 0 0 2 20 0 0 0 0 0 10 12 0 0 0 0 20 16 0 1 0 0 0 1 0 0 1 5 0 0 0 0 0 0 0 0 0 0 0 0 0 0 0 0 0 0 0 0 0 0 0 0 28 5 4 9 0 3 2 13 0 0 0 0 19 0 0 0 0 0 0 0 0 0 0 0 0 0 0 13 0 0 0 0 0 0 0 0 
 3 0 0 1 3 3 0 4 2 0 0 0 2 3 0 1 0 0 0 0 173 466 281 264 60 62 33 50 73 348 45 0 110 238 406 190 165 76 191 93 64 0 0 0 8 2 0 0 0 0 210 2 66 0 3 16 64 2 64 24 3 0 0 0 0 0 3 2 0 0 0 4 3 3 3 50 0 17 7 60 0 0 0 0 0 0 0 0 0 0 0 0 0 0 0 1 0 0 2 1 6 0 17 36 49 0 0 1 11 44 14 22 0 3 29 20 0 9 0 0 4 0 5 27 0 0 8 0 0 0 0 0 33 26 0 0 0 0 10 21 0 0 0 0 0 0 0 0 0 0 0 0 0 0 1 0 0 0 0 0 0 0 0 0 0 0 0 0 0 0 0 0 0 3 2 0 0 0 0 0 6 10 39 13 0 0 9 15 15 9 1 67 0 2 0 0 17 21 0 20 15 0 0 0 0 0 35 22 2 0 16 0 9 0 23 12 9 0 36 11 0 0 0 0 0 0 0 1 0 0 0 2 0 0 0 0 0 0 0 0 0 0 2 0 0 0 0 0 0 0 0 0 0 0 8 2 0 76 73 0 2 0 0 0 0 0 0 0 0 0 0 0 0 0 0 0 0 0 0 5 0 0 0 0 0 26 12 0 0 0 
 0 0 74 74 0 75 2 0 0 0 3 74 0 3 65 5 0 0 0 1 276 339 139 573 53 25 143 376 170 67 85 110 0 597 234 173 361 327 280 104 2 2 0 3 0 0 0 18 0 3 2 0 0 3 3 0 1 0 0 0 3 0 0 0 0 0 3 2 0 6 0 0 6 3 3 0 2 5 0 1 0 1 0 0 13 19 0 0 1 11 1 0 0 0 0 0 0 0 0 19 23 10 15 39 33 8 0 14 0 10 21 0 24 15 33 14 16 0 6 6 0 14 0 0 0 0 0 0 0 0 0 14 0 0 1 0 0 12 0 0 0 12 31 0 2 0 0 29 0 0 0 0 0 0 0 13 0 0 0 0 1 0 0 0 9 7 0 4 0 0 0 0 0 0 0 0 2 0 0 0 16 8 3 1 30 0 10 29 21 10 10 12 14 7 8 7 2 26 12 2 0 0 2 0 0 0 1 0 0 0 0 11 0 0 1 0 0 0 0 0 0 0 0 0 0 0 0 0 1 0 0 0 0 2 0 0 0 0 0 0 0 0 11 0 0 0 0 0 0 0 0 0 0 0 16 2 0 189 0 0 2 2 0 0 0 0 6 0 0 0 0 0 0 0 0 0 0 0 0 3 0 10 0 0 0 10 0 0 0 0 
 0 0 0 1 0 156 2 0 0 0 2 0 1 3 2 0 1 3 0 0 127 347 222 170 74 57 160 245 180 261 199 238 597 0 202 243 127 161 276 188 8 3 0 0 0 2 6 2 0 10 0 0 0 19 3 0 2 0 0 0 3 0 0 3 0 5 3 2 2 2 3 5 3 8 3 0 8 3 0 0 0 17 0 0 0 18 0 0 0 0 1 0 0 12 0 0 0 0 0 0 3 12 14 12 36 21 0 11 3 20 29 1 7 11 38 0 11 0 10 0 0 0 0 0 0 0 0 1 0 0 2 0 10 0 0 0 0 0 0 0 0 1 4 0 0 0 0 0 0 0 0 0 0 0 0 1 0 3 0 20 0 0 0 0 9 25 1 0 0 19 0 0 0 2 0 0 0 0 0 0 50 15 17 26 37 0 0 30 7 14 20 11 0 19 0 8 2 6 0 13 0 0 0 0 0 0 14 0 1 0 1 0 0 0 0 0 0 0 0 0 0 0 0 0 0 0 0 0 0 0 0 0 0 0 0 0 0 0 0 0 0 0 14 0 0 0 0 0 0 0 0 0 0 2 5 1 2 230 0 2 0 2 0 0 0 0 13 0 0 0 0 0 0 10 0 0 0 0 0 1 0 10 0 0 0 0 0 0 0 0 
 2 2 2 2 4 2 2 2 5 2 7 2 2 2 2 5 2 2 2 2 242 201 237 308 334 153 140 237 151 270 353 406 234 202 0 406 355 49 299 274 10 2 0 0 5 0 0 0 3 0 0 0 2 0 3 0 9 0 62 0 3 0 0 2 0 0 3 2 0 4 0 0 1 3 2 0 2 3 1 0 0 0 0 0 0 0 0 1 0 0 0 0 0 0 0 2 0 0 0 2 10 12 83 42 18 0 0 27 12 13 26 3 0 19 11 0 26 18 0 0 0 0 0 1 0 0 15 0 0 0 0 0 0 1 0 0 0 0 15 11 0 0 2 0 0 0 0 0 0 0 0 0 0 0 0 0 0 0 6 0 0 0 1 0 0 0 0 0 0 0 0 0 0 1 0 0 0 0 0 0 26 46 28 14 0 22 0 46 39 48 16 10 18 52 7 7 10 19 0 27 0 0 1 0 0 0 4 0 0 0 1 0 0 5 0 0 0 2 9 0 0 0 0 0 0 1 0 2 0 0 0 0 0 0 0 3 0 0 0 0 0 0 1 0 0 0 0 0 0 0 0 0 0 0 9 0 3 83 4 0 4 0 0 0 0 0 21 0 0 0 0 0 0 0 0 0 0 12 0 10 0 4 0 0 0 0 0 0 0 0 
 0 0 0 0 23 76 2 0 0 0 0 0 0 2 0 6 0 2 0 0 54 166 129 483 144 304 137 141 378 157 92 190 173 243 406 0 277 187 275 309 7 0 0 0 0 0 1 0 0 0 0 0 2 0 3 0 18 0 0 0 3 0 0 0 0 0 3 2 0 16 0 0 3 3 3 0 5 3 0 0 1 0 0 0 1 0 0 0 0 9 0 0 0 0 0 0 0 0 0 0 77 37 18 22 14 0 0 12 15 16 22 14 0 7 27 0 2 19 0 0 0 0 0 0 0 0 1 0 0 0 0 0 0 0 0 0 0 0 0 0 0 0 0 0 0 0 0 0 0 0 0 0 0 0 5 1 0 5 0 0 0 0 0 15 14 14 0 0 0 0 0 0 0 0 0 10 0 0 0 0 21 26 50 4 14 0 0 48 43 31 15 21 21 7 35 19 58 5 1 0 1 44 0 0 0 0 0 0 0 0 0 0 0 18 0 0 0 0 8 11 0 0 0 0 0 0 0 0 0 0 0 13 0 0 0 0 0 0 0 5 0 0 0 0 0 0 0 0 0 0 0 1 0 0 13 2 3 47 39 2 1 0 0 0 0 0 17 0 0 0 0 0 0 0 0 0 0 0 0 14 0 0 0 0 0 1 0 0 0 0 
 0 0 0 1 79 5 0 0 0 0 4 1 0 0 0 6 0 0 0 0 43 136 188 91 169 78 107 587 478 362 377 165 361 127 355 277 0 175 561 144 3 0 0 0 0 0 0 0 0 0 0 0 2 0 3 0 1 0 0 0 3 0 0 0 0 0 3 2 0 4 0 0 3 3 3 0 25 3 0 0 2 0 0 0 0 0 0 0 19 0 0 0 0 0 0 0 0 0 0 0 20 30 1 63 63 0 0 26 24 11 21 0 0 34 16 8 13 4 0 0 0 0 0 0 0 0 0 0 2 0 0 0 0 1 0 12 0 0 12 0 0 0 1 0 0 0 0 0 0 0 0 0 0 0 6 5 0 6 0 0 0 0 0 0 0 3 0 0 0 0 0 0 0 0 0 0 0 0 0 0 36 4 13 17 24 14 16 45 32 33 19 35 18 0 0 11 10 15 0 0 0 14 0 0 0 2 1 0 0 0 0 0 0 0 5 0 0 0 15 7 0 0 0 0 0 1 0 0 0 2 0 0 0 0 0 0 0 0 0 0 0 0 0 0 0 0 0 0 0 0 0 0 0 0 8 3 4 90 1 3 1 0 0 0 0 0 20 0 0 0 0 0 0 0 0 0 0 0 0 7 0 0 0 0 0 11 0 0 0 0 
 0 0 0 0 3 1 0 0 0 34 2 0 1 0 0 3 0 2 0 0 43 410 196 191 193 131 114 300 147 214 408 76 327 161 49 187 175 0 250 87 6 0 0 0 0 0 23 207 0 0 0 0 2 64 3 0 8 0 75 56 3 0 0 0 0 0 3 2 0 4 0 0 3 3 3 0 14 3 0 0 0 0 0 0 0 0 0 0 0 0 0 0 0 0 0 0 0 0 0 0 0 32 16 1 10 14 0 0 10 0 9 45 0 0 3 0 43 4 0 0 0 0 0 0 0 0 34 11 0 0 0 0 5 11 1 0 0 0 36 11 0 0 2 0 0 0 0 0 0 0 0 0 0 0 0 0 0 0 0 0 0 0 0 0 0 18 1 0 0 0 0 0 0 0 0 0 0 0 0 0 26 3 19 48 20 41 0 1 11 43 34 0 0 9 4 0 0 32 0 0 0 0 2 0 0 2 7 0 1 0 0 0 1 8 1 0 0 0 0 0 0 0 0 0 0 0 0 0 0 15 0 0 0 0 0 0 0 0 0 0 0 0 0 0 0 0 0 0 0 0 0 0 0 0 16 0 1 83 0 1 6 3 0 0 0 0 19 0 0 0 0 0 0 0 0 0 0 0 0 0 0 1 0 0 0 0 0 0 0 0 
 74 0 2 0 1 89 0 6 76 0 0 0 0 3 0 0 1 2 0 2 132 98 97 318 67 52 122 165 306 123 84 191 280 276 299 275 561 250 0 532 5 0 2 0 3 0 4 1 3 60 3 3 4 0 8 0 1 0 2 0 3 0 0 0 0 0 3 13 0 0 3 4 2 3 2 0 0 5 0 0 0 0 19 0 0 2 0 0 0 27 0 12 0 0 0 0 13 0 0 0 24 0 35 47 54 13 0 34 0 33 31 0 0 25 11 20 11 2 0 14 0 8 0 0 0 0 0 0 0 0 0 0 0 0 0 0 0 0 0 0 0 0 1 0 0 0 0 0 0 0 0 0 0 0 10 3 0 2 0 0 0 0 0 0 9 34 0 0 0 0 0 0 0 9 14 0 0 2 0 0 22 10 11 0 18 15 25 59 20 10 23 25 18 46 0 2 42 13 0 59 0 0 0 0 0 0 0 0 0 0 0 0 0 0 0 0 0 0 0 1 0 0 0 0 0 0 0 0 0 0 0 0 0 0 0 0 0 0 0 0 0 0 0 0 0 0 0 0 0 80 0 0 0 0 14 0 2 44 8 0 1 0 0 0 0 0 0 0 0 0 0 0 0 0 0 0 0 0 0 11 0 0 0 0 0 12 0 0 0 0 
 0 0 0 81 73 127 0 4 0 0 74 0 0 3 0 3 0 1 0 0 172 349 211 164 81 61 316 37 75 187 141 93 104 188 274 309 144 87 532 0 2 0 28 0 0 0 4 0 0 0 0 0 0 0 3 0 1 0 0 0 3 0 0 0 0 0 3 2 0 9 0 0 3 3 3 0 3 7 0 0 0 0 0 0 0 0 0 0 0 0 0 0 0 0 0 0 0 0 0 0 31 42 24 36 34 9 0 17 16 47 60 0 0 0 37 64 11 16 18 13 0 3 0 0 0 0 0 0 0 0 0 0 0 0 0 0 0 0 12 0 0 7 0 0 0 0 0 0 7 0 0 0 0 0 0 0 0 13 19 0 0 0 0 0 12 14 0 0 0 0 0 0 0 2 0 0 0 0 0 0 24 0 0 0 0 12 19 21 8 11 17 0 33 19 0 2 25 41 0 73 0 0 0 0 0 0 0 0 0 0 0 0 0 0 0 0 0 0 0 0 0 0 0 0 0 0 0 0 0 0 0 0 0 0 0 0 0 0 0 0 0 0 0 0 0 0 86 0 0 0 0 0 0 0 11 3 1 123 41 2 0 0 0 0 0 0 15 0 0 0 0 0 0 0 0 0 0 0 0 8 0 0 0 0 0 17 0 0 0 0 
 30 0 0 0 0 0 0 2 0 0 3 0 0 3 0 3 0 0 0 0 2 3 7 2 4 12 2 2 186 2 13 64 2 8 10 7 3 6 5 2 0 301 175 43 49 242 108 48 94 123 257 186 333 65 129 101 299 176 247 235 0 0 0 0 0 0 46 4 0 2 0 4 0 0 0 3 2 4 0 53 0 0 0 0 0 0 0 0 0 0 0 0 0 0 0 0 0 0 0 0 0 5 0 0 0 0 0 0 11 0 0 4 0 0 0 0 13 0 0 0 20 2 1 0 0 12 11 24 0 29 10 10 12 0 52 18 21 36 0 0 4 0 0 0 0 1 0 0 10 0 0 0 0 0 0 0 0 0 0 0 0 0 2 0 0 0 0 0 0 0 0 2 0 0 0 0 18 0 0 0 12 2 0 0 19 0 0 0 4 5 0 9 0 0 9 0 13 0 0 0 21 69 0 0 7 0 0 8 11 24 6 9 15 23 41 0 4 0 13 27 0 0 0 0 0 0 0 0 0 0 0 0 0 25 0 0 0 0 0 0 0 0 0 0 0 0 0 0 0 31 0 12 0 1 1 0 0 0 0 0 0 0 1 0 2 0 0 0 0 0 11 0 0 0 0 0 0 0 0 0 0 0 0 0 7 0 1 0 2 0 
 0 0 0 0 0 2 0 0 0 0 2 0 0 5 0 2 0 0 0 64 0 0 0 0 3 0 0 0 0 0 0 0 2 3 2 0 0 0 0 0 301 0 180 146 111 17 101 156 39 38 65 103 53 64 128 72 309 47 143 48 50 0 0 1 5 0 0 0 0 0 0 2 46 0 1 0 0 0 50 0 0 0 0 0 0 0 0 0 0 0 0 0 0 0 0 0 0 0 0 0 0 0 0 0 0 0 0 0 0 0 0 1 0 0 28 0 0 0 0 0 1 34 14 30 15 9 0 13 2 30 44 11 5 0 14 7 12 0 1 11 0 0 0 0 0 0 0 0 0 0 9 0 0 0 20 0 0 0 13 0 0 0 0 0 0 0 6 0 0 0 0 0 0 0 0 0 47 9 4 0 0 0 0 17 0 0 0 0 0 0 0 0 0 0 0 0 0 0 0 0 0 1 39 27 7 18 8 18 15 15 3 13 1 8 0 27 4 23 0 1 0 0 1 0 0 0 0 0 3 0 0 0 3 0 0 20 0 0 22 0 0 0 5 0 0 0 0 0 0 0 0 2 0 2 0 0 0 0 0 8 19 0 66 0 68 2 0 0 0 0 0 0 0 0 0 0 0 0 0 0 0 0 3 0 21 0 0 0 0 0 
 0 0 0 84 0 0 0 0 0 0 0 0 2 3 0 3 0 0 0 2 0 0 0 21 211 0 0 0 0 0 209 0 0 0 0 0 0 0 2 28 175 180 0 174 130 34 59 408 236 137 122 32 293 483 130 149 129 45 43 64 0 5 0 0 0 0 51 0 0 0 0 0 18 0 0 0 0 1 112 56 0 0 0 0 0 0 0 0 0 0 0 0 0 0 0 0 0 0 0 0 0 0 0 0 0 0 0 0 0 0 0 0 0 0 0 0 0 0 0 35 39 0 20 8 0 10 0 15 0 0 0 22 0 0 6 16 21 13 0 0 0 0 0 0 1 0 0 0 0 0 5 0 14 0 0 8 0 22 4 8 0 0 8 0 0 0 0 0 0 1 0 0 0 0 0 0 0 0 0 0 0 0 0 0 0 0 0 0 0 0 0 0 0 0 0 0 0 0 0 0 0 0 8 8 12 24 0 0 19 21 0 30 12 0 0 0 37 35 18 10 23 0 1 0 0 0 22 12 0 0 0 0 23 2 0 0 0 17 59 0 0 0 0 0 0 0 0 0 0 0 0 10 0 0 0 0 0 0 0 1 0 0 65 2 2 1 3 0 0 0 0 0 0 0 0 0 0 0 0 0 0 0 0 0 16 15 0 0 0 0 
 5 2 2 3 2 2 2 6 13 6 2 2 2 2 7 5 3 67 65 3 2 0 206 1 0 0 0 5 62 0 0 0 3 0 0 0 0 0 0 0 43 146 174 0 167 153 104 157 140 101 79 119 76 150 84 114 51 58 63 88 3 5 3 0 0 0 0 0 6 2 67 0 2 1 21 0 0 2 2 0 0 0 5 1 0 0 6 0 0 14 0 0 0 3 0 0 6 0 0 0 0 0 0 0 0 0 0 0 0 0 0 0 0 0 0 0 0 0 0 0 8 9 35 0 18 8 0 0 24 0 0 33 1 0 0 2 23 6 0 0 0 0 0 0 6 0 0 0 0 0 0 0 17 10 0 13 0 0 0 20 3 4 0 12 0 0 0 5 0 3 0 5 29 22 3 5 3 0 0 0 0 0 0 0 0 0 0 0 0 0 0 0 0 0 0 0 0 0 0 0 1 0 0 119 93 0 0 15 0 13 9 8 0 11 1 10 0 19 0 1 0 0 24 0 0 0 23 23 2 0 0 0 15 8 27 0 20 0 34 7 0 0 1 0 0 0 3 0 0 0 0 12 0 0 0 0 0 0 0 2 0 12 0 0 2 2 2 0 0 0 0 0 0 0 0 0 0 0 0 0 0 0 0 0 0 0 0 0 1 0 
 0 0 0 0 0 0 0 0 0 0 0 0 0 64 0 0 0 0 0 0 0 0 0 1 0 0 0 1 0 0 0 8 0 0 5 0 0 0 3 0 49 111 130 167 0 334 296 119 293 175 102 117 96 597 138 163 54 46 50 97 1 6 25 0 0 0 0 0 0 0 0 0 0 0 0 0 0 0 62 0 0 0 0 0 0 0 0 0 0 0 0 0 0 0 0 0 0 0 0 0 0 0 0 0 0 0 0 0 0 0 0 0 0 0 0 0 0 0 0 0 56 8 29 23 19 11 0 0 18 4 0 35 1 8 0 12 25 1 45 6 10 19 0 0 0 3 6 1 0 0 1 0 19 14 0 14 0 0 25 19 0 0 2 0 0 0 0 0 0 0 0 5 0 0 0 0 11 0 0 0 0 0 0 0 0 0 0 0 0 0 0 0 0 0 0 0 0 0 0 0 3 0 4 20 13 9 5 74 0 15 17 0 58 11 70 14 0 25 9 1 0 0 0 0 0 0 2 26 0 0 0 0 1 0 0 0 0 0 11 12 0 0 0 0 0 0 0 0 0 0 0 2 0 0 0 0 0 0 2 3 0 0 67 0 2 6 4 3 0 0 0 0 0 0 0 0 0 0 0 0 0 0 0 0 0 0 0 0 1 0 
 0 1 0 0 2 0 0 29 0 0 0 0 0 2 0 0 0 0 1 0 0 0 0 2 3 2 0 1 1 0 1 2 0 2 0 0 0 0 0 0 242 17 34 153 334 0 39 22 39 71 334 118 35 59 42 86 77 116 47 267 26 51 52 0 0 0 10 34 0 2 0 0 1 52 51 52 0 0 0 1 0 0 0 0 0 0 0 0 0 0 0 0 0 0 0 0 0 0 8 0 0 0 0 0 0 0 0 0 0 0 0 0 0 0 0 0 0 0 0 0 19 3 19 0 28 29 0 0 26 0 0 10 0 0 0 0 0 1 0 0 7 4 1 0 24 0 13 14 9 9 0 17 0 41 7 0 13 0 7 10 0 0 0 0 0 0 0 0 0 0 0 13 0 0 0 0 5 0 0 0 0 0 0 0 0 0 0 0 0 0 0 7 0 0 0 0 0 0 0 0 0 0 0 0 31 0 0 9 0 9 0 0 0 14 0 0 0 0 0 0 6 25 24 0 0 0 27 7 14 10 0 0 2 19 15 4 44 8 14 14 0 0 0 0 0 0 0 0 0 0 0 8 0 0 0 0 0 0 0 1 0 0 0 0 1 4 0 1 1 0 0 0 0 0 0 0 0 0 0 0 0 0 0 0 0 0 0 0 1 0 
 0 64 0 0 0 0 0 0 0 0 0 0 0 0 0 4 0 0 0 0 6 69 0 1 72 0 2 0 65 0 63 0 0 6 0 1 0 23 4 4 108 101 59 104 296 39 0 128 112 87 42 156 415 151 162 62 84 109 109 252 0 0 0 0 4 0 0 2 0 0 0 203 0 0 0 0 0 0 0 0 0 0 0 0 0 0 0 0 0 0 0 0 0 0 0 0 0 0 0 0 15 51 3 0 7 18 0 6 0 3 7 11 1 0 0 9 0 0 0 10 0 4 0 14 13 0 52 19 0 11 10 10 13 34 15 0 13 17 37 18 3 47 0 0 0 0 0 0 0 0 0 0 0 0 0 0 0 0 0 0 0 0 0 0 1 2 1 0 0 0 0 6 0 0 0 0 0 0 0 0 5 0 0 1 36 58 5 0 1 0 2 0 6 6 0 7 0 0 0 6 15 10 12 0 0 0 0 0 35 56 0 0 20 19 10 12 0 19 1 0 0 0 0 0 0 0 0 0 0 0 0 0 0 0 0 0 0 0 0 0 0 0 22 0 0 0 0 0 0 33 0 6 0 1 0 0 0 0 4 2 1 0 0 0 0 2 0 0 2 0 10 0 0 0 0 0 0 0 0 0 0 43 0 0 26 0 0 0 2 0 
 6 3 3 3 3 6 3 3 3 3 3 3 3 6 61 3 3 3 3 3 0 1 8 2 19 0 0 0 24 0 0 0 18 2 0 0 0 207 1 0 48 156 408 157 119 22 128 0 132 117 34 31 157 518 210 61 33 61 159 305 6 9 0 0 0 0 2 0 2 8 0 0 0 0 0 20 5 0 51 0 0 0 0 0 0 0 0 0 0 0 0 0 0 0 0 0 0 0 0 0 0 0 0 0 0 0 0 0 0 0 0 4 0 0 0 0 0 1 0 0 0 12 6 3 16 10 1 27 0 20 34 31 0 4 0 6 9 16 11 23 0 0 0 3 0 0 5 0 0 0 1 0 0 0 0 54 0 39 3 20 0 0 0 0 0 0 6 0 0 0 0 0 0 0 0 1 0 9 3 8 0 0 0 20 0 2 0 0 0 0 0 1 0 0 0 0 0 0 0 0 7 2 26 7 3 8 7 0 17 7 0 2 10 3 4 0 0 23 0 0 0 0 8 0 0 0 0 0 0 1 2 0 0 0 0 0 0 0 3 0 0 0 0 0 0 0 0 0 0 0 0 9 0 0 0 0 0 0 0 9 18 0 73 0 0 2 43 0 0 0 0 0 0 0 0 0 0 0 0 0 0 0 0 0 13 13 0 0 1 0 
 0 0 0 0 0 0 0 0 0 0 0 0 0 3 0 3 0 0 0 0 0 0 0 22 0 0 0 2 0 0 0 0 0 0 3 0 0 0 3 0 94 39 236 140 293 39 112 132 0 316 207 138 110 86 171 124 397 103 67 77 0 5 0 0 1 0 52 0 0 0 0 0 17 0 0 0 0 0 105 57 0 0 0 0 0 0 0 0 0 0 0 0 0 0 0 0 0 9 0 0 14 0 0 0 0 0 0 0 0 0 7 0 0 0 0 0 0 0 0 0 0 3 8 9 27 1 0 14 0 13 2 46 0 0 15 7 16 9 0 0 6 20 0 0 7 4 3 1 0 21 0 1 17 0 0 22 0 11 0 21 0 0 5 0 0 0 0 0 17 0 0 0 0 0 0 0 0 0 0 0 0 0 0 7 0 0 0 0 0 0 0 0 0 0 0 0 0 0 0 0 0 1 0 16 4 23 0 0 0 17 0 4 0 21 14 0 10 31 0 0 20 0 0 0 0 6 10 5 0 1 0 1 24 8 0 0 0 0 37 1 0 0 0 0 0 0 0 0 0 0 0 5 0 0 0 0 0 0 0 1 0 0 2 1 1 0 4 0 0 0 3 0 0 0 0 0 0 0 0 0 0 0 0 0 1 15 0 30 0 0 
 0 0 0 4 0 7 0 0 0 6 0 0 2 3 0 0 0 2 0 0 0 0 0 0 2 0 0 18 0 0 0 0 3 10 0 0 0 0 60 0 123 38 137 101 175 71 87 117 316 0 186 169 141 322 349 92 79 194 71 165 0 6 0 0 0 0 19 0 3 0 3 0 25 50 0 0 0 0 115 53 0 0 0 0 0 11 0 0 0 0 0 0 0 0 0 0 0 0 0 0 16 0 0 0 0 0 0 2 1 0 4 0 5 0 0 0 0 0 5 0 0 4 12 0 19 0 8 14 11 43 10 15 0 0 23 0 15 9 0 0 5 18 0 0 0 0 1 5 0 18 0 0 28 0 17 19 0 21 0 19 0 0 2 0 58 8 0 0 0 7 0 3 0 0 0 0 0 0 0 0 0 0 0 0 0 0 2 7 0 0 0 0 2 2 0 23 0 0 0 3 0 18 0 15 12 2 0 0 20 6 0 11 0 19 16 0 14 21 0 0 19 0 1 0 0 0 14 12 4 1 0 0 10 7 0 0 0 0 50 0 0 0 52 0 0 0 0 0 0 0 0 2 0 1 0 0 0 0 0 0 0 0 0 68 3 4 0 1 0 0 13 0 0 0 0 0 0 0 0 0 0 6 0 0 10 0 0 14 2 0 
 0 0 0 0 0 0 0 4 0 0 0 0 0 2 0 6 0 0 0 0 0 206 1 0 0 63 0 0 0 2 0 210 2 0 0 0 0 0 3 0 257 65 122 79 102 334 42 34 207 186 0 401 43 33 69 292 81 527 251 65 8 0 0 0 7 0 35 0 1 0 3 0 67 55 3 1 0 0 70 37 0 0 10 0 0 0 0 0 0 0 0 0 0 0 0 0 0 0 0 0 0 0 0 0 0 0 0 0 0 0 0 0 0 0 0 0 0 0 0 0 0 0 6 17 32 11 0 19 0 0 23 2 0 0 0 5 0 2 14 8 0 3 0 0 0 0 9 12 0 9 5 0 11 0 10 8 66 10 3 11 0 0 2 0 0 0 10 0 0 8 0 0 0 0 0 0 0 0 0 0 0 0 0 0 0 7 0 0 0 0 0 0 0 0 0 0 0 0 0 0 0 0 6 9 0 40 1 9 30 0 13 10 0 9 0 21 14 28 24 0 24 0 1 0 0 0 30 0 0 0 0 0 2 23 0 3 0 0 11 11 0 0 0 0 0 0 0 0 0 0 0 2 0 0 0 0 0 1 0 10 0 0 70 66 2 0 0 0 0 3 0 0 0 0 1 0 0 0 0 0 0 0 0 0 0 0 0 12 0 0 
 0 6 11 0 29 0 0 5 0 0 2 2 0 0 0 32 0 0 0 3 0 0 0 66 0 2 0 0 1 0 0 2 0 0 0 0 0 0 3 0 186 103 32 119 117 118 156 31 138 169 401 0 245 46 252 75 130 203 27 35 2 1 0 0 3 0 0 1 0 0 0 0 49 0 0 0 0 0 0 0 18 24 0 3 1 0 0 0 3 0 0 3 0 0 0 0 0 14 0 0 0 0 0 0 0 0 0 0 0 0 0 0 0 0 0 0 0 0 0 0 7 10 12 6 34 33 2 17 2 2 23 13 16 0 59 0 10 32 0 0 4 0 0 0 0 0 8 21 0 13 0 12 5 1 0 4 15 0 0 0 0 0 7 9 0 0 0 0 16 0 4 25 0 0 2 0 8 25 0 0 0 0 0 0 0 0 0 0 0 0 0 0 0 0 0 0 0 0 21 0 17 1 10 8 0 7 6 11 27 25 21 0 0 24 25 5 6 0 3 1 1 0 5 0 0 0 0 0 0 0 0 0 0 0 0 0 0 0 0 9 0 0 37 0 0 0 0 0 0 0 0 9 0 0 0 0 0 0 0 1 0 13 6 1 0 0 6 0 2 0 0 0 0 0 0 0 0 0 0 0 0 0 0 0 10 0 0 14 1 0 
 3 4 21 5 6 5 3 3 4 3 4 6 3 4 5 3 5 8 3 3 2 27 84 0 1 0 4 63 65 2 3 66 0 0 2 2 2 2 4 0 333 53 293 76 96 35 415 157 110 141 43 245 0 86 423 50 97 68 374 214 0 0 0 0 0 0 0 0 0 0 0 0 0 0 0 0 0 5 0 0 0 14 0 0 0 0 0 0 7 0 3 0 0 0 0 0 0 0 0 0 0 0 0 3 7 0 6 0 0 29 0 14 0 6 9 0 0 0 0 0 0 0 0 0 1 0 6 15 0 19 0 2 4 26 16 0 28 9 18 25 2 0 0 2 0 0 0 0 0 0 0 0 0 0 0 0 0 0 0 0 0 0 1 0 1 0 0 0 0 0 0 0 0 0 0 0 5 0 0 0 0 0 16 0 0 1 0 0 18 0 0 16 0 0 0 0 0 0 5 0 45 19 5 0 0 0 0 0 41 11 0 0 29 0 1 0 0 20 8 17 0 0 0 0 0 0 0 0 0 0 0 0 17 0 0 0 0 0 0 0 0 16 0 0 0 0 0 0 0 0 0 2 0 1 0 0 0 0 2 0 0 0 0 0 0 0 2 0 1 0 23 0 0 0 0 0 0 0 0 0 0 0 0 0 19 0 12 0 1 0 
 0 0 50 0 0 5 0 0 0 0 0 63 0 0 0 0 0 0 0 0 1 2 0 0 0 10 0 25 0 0 0 0 3 19 0 0 0 64 0 0 65 64 483 150 597 59 151 518 86 322 33 46 86 0 110 329 143 65 340 157 0 0 0 0 0 0 0 0 0 0 0 0 0 0 0 3 0 0 50 0 0 0 0 0 0 5 0 0 0 0 5 0 0 0 0 0 0 0 0 0 0 0 0 3 0 16 0 0 0 0 0 11 3 14 0 0 0 0 4 0 6 69 8 15 19 9 9 23 28 28 38 11 1 49 11 15 0 0 0 0 0 0 0 0 0 0 4 0 0 0 1 0 0 0 26 0 0 0 3 0 0 0 0 0 6 3 0 0 0 0 0 0 0 0 0 0 1 0 2 0 0 0 0 7 22 0 0 11 0 0 0 0 0 0 0 5 1 5 0 0 11 11 0 27 0 22 7 23 0 0 2 0 22 1 11 12 0 0 0 4 0 0 0 0 0 0 0 0 0 0 0 0 0 0 0 0 0 0 19 0 0 3 5 0 0 0 0 0 0 33 0 18 0 1 0 0 0 0 0 0 10 0 71 0 70 2 1 0 0 0 0 0 0 0 0 0 0 0 0 0 0 3 0 0 2 9 1 0 2 0 
 1 3 0 3 3 3 0 3 3 3 0 4 3 3 2 3 2 127 3 3 3 3 3 3 3 72 3 3 3 3 3 3 3 3 3 3 3 3 8 3 129 128 130 84 138 42 162 210 171 349 69 252 423 110 0 112 40 111 69 195 0 1 1 0 0 0 0 0 2 3 0 3 0 1 0 0 0 0 51 2 0 0 0 0 0 0 0 0 0 0 0 0 0 0 9 0 0 0 0 0 0 0 0 0 0 0 0 0 0 0 0 0 0 0 0 0 0 0 0 0 6 24 1 0 7 19 0 0 0 0 0 0 20 18 20 8 1 23 0 0 1 0 0 0 0 0 6 0 0 0 1 0 0 0 0 8 0 0 4 6 0 0 0 0 0 0 0 0 0 0 0 0 0 0 0 0 6 0 0 0 0 0 0 0 0 1 0 0 0 0 0 0 0 0 0 0 0 0 0 0 21 20 18 7 24 7 0 0 32 33 21 18 4 0 25 0 0 19 19 16 0 0 0 0 0 0 0 0 14 0 0 0 0 0 0 1 0 0 10 0 0 0 12 0 0 0 0 0 0 0 0 5 0 0 0 2 0 0 0 6 0 0 65 0 3 16 0 0 2 0 0 0 0 0 0 0 0 0 0 0 0 0 0 0 22 13 0 0 1 0 
 0 0 0 0 0 3 0 2 0 0 0 0 0 6 0 0 0 0 0 0 0 0 0 109 1 62 0 0 0 0 0 16 0 0 0 0 0 0 0 0 101 72 149 114 163 86 62 61 124 92 292 75 50 329 112 0 185 92 48 67 0 0 2 0 7 18 0 0 0 6 34 4 5 0 0 5 0 2 5 2 0 0 0 0 0 0 0 0 0 0 0 0 0 0 0 0 0 0 0 0 0 0 0 0 0 1 0 0 0 0 0 0 0 0 0 0 0 0 0 0 30 11 0 14 14 12 0 11 28 0 0 0 11 17 19 20 6 0 14 9 0 0 11 0 8 6 0 0 0 0 0 9 0 15 0 0 0 0 0 0 0 0 6 0 0 0 0 0 0 0 0 0 0 0 0 0 0 0 0 0 0 0 0 0 0 6 0 0 0 0 0 0 0 0 0 0 0 0 0 0 71 0 0 7 32 15 0 34 1 4 0 11 7 0 18 21 82 1 33 41 22 0 0 0 7 0 0 0 0 0 0 12 24 7 0 0 0 10 1 8 0 0 0 0 0 0 0 0 0 0 0 0 0 2 0 0 0 0 1 0 0 0 0 0 1 2 1 0 0 0 1 0 0 0 0 1 0 0 0 0 0 0 0 0 0 18 0 0 0 0 
 0 0 2 0 0 0 29 66 0 0 2 0 0 1 0 3 1 0 1 0 3 2 19 14 2 2 1 4 0 2 7 64 1 2 9 18 1 8 1 1 299 309 129 51 54 77 84 33 397 79 81 130 97 143 40 185 0 204 33 106 0 1 0 0 0 0 0 0 0 6 207 0 6 0 0 53 0 5 55 2 2 0 0 0 0 0 0 13 0 0 0 0 0 8 0 1 0 0 5 0 0 8 0 0 0 0 0 0 6 0 0 7 0 0 22 0 6 0 0 0 0 0 10 17 10 0 16 20 20 20 22 21 0 0 16 9 2 6 0 0 4 13 0 0 0 0 2 0 0 0 0 0 0 11 4 0 0 0 0 0 12 0 5 0 0 0 21 0 22 0 0 0 9 0 2 0 0 0 8 9 0 16 1 0 0 0 0 0 9 19 0 0 15 0 6 0 0 8 0 0 0 18 0 18 6 26 0 5 24 3 28 0 0 41 15 2 13 1 0 0 12 0 0 0 0 0 0 0 0 0 0 0 15 7 0 0 0 0 11 7 0 0 0 0 0 0 0 0 0 0 0 3 0 1 0 0 0 1 0 1 0 0 2 0 6 0 0 1 0 0 13 0 0 11 0 0 0 0 0 0 0 0 0 0 30 0 0 1 2 0 
 0 1 0 0 2 0 2 83 8 1 2 0 0 1 1 0 0 0 2 5 0 0 0 2 0 33 0 0 2 0 1 2 0 0 0 0 0 0 0 0 176 47 45 58 46 116 109 61 103 194 527 203 68 65 111 92 204 0 32 40 8 0 0 3 8 0 0 0 0 0 3 2 53 3 1 3 1 0 46 0 0 0 1 0 0 0 3 0 0 9 0 0 0 6 0 0 11 0 0 4 0 0 0 0 0 10 0 0 0 0 0 0 0 0 0 0 0 0 0 0 3 1 1 14 8 7 0 37 16 16 47 45 26 0 31 0 8 29 21 3 5 19 0 0 0 0 6 0 0 0 0 0 0 1 19 0 0 0 0 0 0 1 0 3 0 0 0 3 0 0 0 6 1 0 0 8 41 0 0 0 0 0 0 0 0 10 7 0 0 0 13 1 0 0 0 0 0 0 0 0 22 52 0 7 1 17 7 33 20 10 36 0 0 36 71 6 15 0 20 16 0 0 1 0 0 0 0 0 0 0 0 0 8 0 0 0 0 0 0 0 0 0 0 0 0 0 0 0 0 0 0 3 0 0 0 0 0 0 0 1 0 0 0 0 68 1 3 0 0 0 0 0 0 0 0 0 0 0 0 0 0 0 0 0 8 14 0 15 1 0 
 3 3 3 3 3 3 3 3 3 3 3 3 3 3 3 3 3 3 3 3 0 22 0 0 1 2 0 0 62 26 29 64 0 0 62 0 0 75 2 0 247 143 43 63 50 47 109 159 67 71 251 27 374 340 69 48 33 32 0 369 0 0 0 0 0 0 0 0 0 0 0 6 0 0 0 0 0 16 0 0 0 0 0 0 0 0 0 0 0 0 0 0 0 0 0 0 0 0 0 0 0 0 14 0 0 1 0 0 2 0 0 0 0 0 0 0 0 18 0 0 33 1 0 0 0 0 0 0 20 31 10 0 4 19 0 10 10 0 34 47 0 0 0 0 0 0 0 22 0 0 0 0 0 0 0 0 0 0 0 0 0 0 0 0 0 0 3 0 0 0 0 0 0 0 0 0 0 4 1 0 0 0 16 11 19 10 0 0 1 0 19 28 0 0 0 0 13 1 0 0 18 20 13 0 0 0 13 0 11 0 0 0 20 19 12 1 1 19 0 0 0 0 0 0 0 0 0 0 0 0 0 0 0 0 0 10 0 0 0 0 0 0 1 0 0 0 0 0 0 0 0 6 0 0 0 0 0 0 0 12 10 19 0 0 0 1 0 0 0 0 0 0 0 0 0 0 0 0 0 0 0 8 0 0 1 0 0 0 1 0 
 0 0 0 0 0 0 2 0 0 0 0 0 7 5 72 0 0 0 5 0 62 138 2 0 180 20 0 0 115 0 64 24 0 0 0 0 0 56 0 0 235 48 64 88 97 267 252 305 77 165 65 35 214 157 195 67 106 40 369 0 0 0 0 0 0 0 0 0 8 0 0 23 0 0 0 0 0 3 0 0 0 0 0 0 0 0 0 6 0 0 0 0 0 0 0 0 0 9 7 0 0 18 0 0 0 35 0 0 13 23 0 22 0 0 0 0 0 0 19 0 10 0 4 0 0 0 28 41 1 11 0 15 9 7 11 8 16 23 11 0 0 0 0 0 0 0 13 0 0 0 0 0 0 0 0 0 0 0 0 0 0 0 0 0 0 0 1 0 0 0 0 0 0 0 0 0 0 0 4 0 0 0 23 0 26 19 0 0 0 0 0 34 0 0 0 3 10 0 0 0 11 4 37 13 0 0 0 0 25 33 0 12 23 0 0 0 23 0 33 69 0 0 0 0 0 0 0 0 0 0 0 0 0 0 0 0 0 0 1 0 0 0 0 0 0 0 0 0 0 0 0 5 1 1 0 0 0 0 0 2 1 0 0 0 0 0 0 0 0 0 6 0 0 0 0 0 0 0 0 0 0 0 0 0 14 0 20 0 2 0 
 0 0 0 3 2 0 0 0 0 0 0 0 0 0 0 0 0 0 0 0 3 3 3 3 3 5 3 5 5 3 3 3 3 3 3 3 3 3 3 3 0 50 0 3 1 26 0 6 0 0 8 2 0 0 0 0 0 8 0 0 0 208 141 70 53 56 81 122 254 146 60 48 159 109 44 141 97 336 45 278 0 0 0 0 0 0 11 0 0 0 0 0 0 0 0 0 0 0 0 0 0 0 0 0 0 3 0 0 0 0 0 0 0 0 0 0 0 0 0 0 0 0 0 2 2 19 0 5 4 0 3 0 0 0 0 0 0 5 6 5 17 11 0 22 0 1 0 4 14 37 0 14 1 9 0 20 0 10 15 8 10 11 0 0 0 0 0 0 0 0 7 0 0 0 0 0 0 0 0 0 0 0 0 0 0 7 0 0 0 0 0 0 0 0 0 0 0 0 0 0 0 13 1 0 0 8 5 4 31 0 4 0 0 4 0 3 5 0 23 0 35 53 40 4 0 0 18 15 30 16 1 0 0 4 10 20 15 14 0 7 0 0 0 0 0 0 0 0 0 0 0 0 0 0 14 0 0 0 0 0 0 0 0 0 0 0 10 0 0 0 0 2 0 4 0 2 0 0 0 0 0 0 0 0 0 0 0 0 0 0 
