 0 200 167 159 25 34 270 64 204 219 37 35 29 51 50 108 111 426 23 43 0 0 0 0 0 0 0 0 0 75 6 0 81 0 3 0 3 0 0 1 0 0 0 0 3 3 0 0 6 2 0 4 4 5 3 62 6 3 3 3 4 3 6 5 3 6 0 2 3 0 0 0 0 0 0 3 0 0 0 0 35 15 14 5 0 0 0 10 11 34 30 50 47 19 11 37 22 29 15 0 0 0 0 0 0 0 0 0 0 0 0 0 0 0 0 0 0 0 21 0 0 0 0 0 0 0 0 0 0 0 0 0 0 0 0 0 0 0 0 0 0 0 0 0 0 0 0 7 0 0 0 0 5 0 0 0 0 0 0 0 10 17 0 27 25 6 60 12 21 14 30 0 0 0 8 25 89 13 0 22 0 0 0 0 0 0 0 17 0 0 0 0 39 0 0 0 0 10 0 0 0 0 0 0 0 0 0 0 0 0 0 0 0 0 0 0 0 0 0 0 15 0 2 2 0 1 0 2 0 0 1 1 0 0 16 0 1 0 0 1 0 0 0 0 0 2 0 0 2 0 2 6 11 0 0 0 0 0 0 0 0 0 0 0 0 0 0 0 0 0 0 0 0 0 0 10 44 0 0 0 0 0 0 0 8 0 0 0 0 13 
 200 0 236 51 29 67 264 140 148 50 333 111 27 57 151 89 205 50 48 51 0 0 0 0 0 39 0 3 0 0 0 0 0 1 0 0 3 1 0 1 0 0 58 3 61 0 0 3 0 0 0 1 4 2 5 69 64 0 34 0 1 0 0 0 0 0 3 0 0 0 0 1 0 1 0 0 0 0 0 2 0 1 17 10 64 11 0 7 27 24 27 32 31 45 0 40 48 18 14 0 1 0 0 0 0 0 0 0 11 1 0 0 11 14 0 0 0 0 18 1 0 0 0 0 0 0 0 0 0 0 0 0 0 0 15 0 0 0 0 0 0 0 0 0 0 0 0 0 0 0 0 0 67 1 0 0 0 0 0 0 25 13 20 28 32 13 1 8 17 25 14 12 0 2 0 32 18 31 0 133 0 0 0 0 0 0 0 21 0 0 0 0 26 0 1 0 0 0 13 8 0 0 2 0 0 0 0 0 0 0 2 0 6 0 0 0 0 0 0 0 0 0 0 0 0 0 0 1 0 0 0 0 0 0 12 0 0 0 0 0 0 0 0 0 0 3 1 0 2 88 0 3 0 0 1 0 0 0 0 0 0 0 1 0 0 0 0 0 0 0 0 0 0 0 0 0 7 0 0 0 0 0 0 0 0 0 0 0 0 0 
 167 236 0 149 352 54 71 123 375 415 439 295 63 273 335 40 99 263 102 127 0 0 2 0 0 0 0 0 0 0 0 0 0 78 207 0 4 1 72 1 0 0 0 0 3 0 0 0 3 2 0 0 0 3 3 65 0 0 3 3 0 3 0 0 0 0 0 0 0 0 0 63 0 3 0 3 0 0 0 1 0 0 18 38 10 54 0 0 19 10 11 28 0 0 0 1 3 16 15 0 11 0 0 0 0 0 0 22 0 0 0 0 0 0 15 0 0 0 37 5 0 0 0 0 0 0 0 0 0 0 0 1 0 2 2 0 0 0 0 0 0 0 0 0 0 12 0 0 0 0 0 0 7 0 0 0 0 0 0 0 1 0 63 17 17 21 13 0 20 19 0 16 0 6 0 29 0 13 0 44 22 0 6 0 0 0 0 4 0 0 0 0 6 0 0 0 0 0 28 7 0 0 0 0 0 0 0 0 0 0 0 2 0 0 0 0 0 0 0 0 0 0 2 0 0 0 0 0 0 0 0 0 1 0 0 0 2 0 0 0 0 0 0 0 0 0 89 2 0 137 1 2 0 0 0 0 0 0 0 0 0 0 0 0 0 0 1 0 0 0 0 17 0 0 0 12 10 0 0 0 0 0 0 0 0 0 0 0 0 9 
 159 51 149 0 299 52 78 71 180 372 248 125 278 131 181 51 60 68 375 66 68 0 1 0 20 0 0 0 0 0 0 0 0 139 0 0 4 2 73 103 0 0 0 0 3 0 0 0 3 2 0 0 2 3 3 0 0 0 3 3 0 3 0 0 0 0 0 0 0 0 0 0 0 0 0 3 0 0 0 1 14 18 10 21 40 24 11 4 0 12 12 13 0 14 17 0 2 0 0 15 14 9 0 0 0 0 12 22 0 0 2 2 2 3 16 0 0 0 20 7 0 0 0 0 0 0 0 0 0 2 0 0 0 0 0 0 0 0 0 0 0 0 0 0 0 0 3 0 0 0 0 2 0 0 0 0 0 0 0 0 17 0 0 8 9 10 13 1 16 0 0 14 0 3 11 2 10 0 0 1 0 0 14 0 0 0 8 0 0 0 1 0 0 0 23 11 14 0 2 23 0 0 0 0 2 0 0 16 1 0 0 0 0 0 0 0 1 0 0 0 14 0 0 0 0 0 0 0 0 0 0 0 0 0 0 0 0 0 0 0 0 0 0 0 0 0 89 0 3 3 0 7 0 0 0 0 0 0 0 0 20 0 14 0 0 0 0 0 0 0 0 0 0 0 0 12 10 0 0 0 0 0 0 0 0 0 0 0 0 10 
 25 29 352 299 0 158 50 64 108 463 253 259 77 66 179 261 153 57 68 54 103 1 0 0 3 3 0 5 0 64 3 4 78 90 3 2 5 2 32 37 0 0 2 0 9 5 25 1 3 2 2 4 10 3 5 5 7 4 5 3 2 3 2 1 1 2 0 11 2 6 30 0 0 0 3 9 2 0 0 5 0 0 0 18 17 50 0 0 1 0 0 10 0 0 0 16 64 16 0 0 24 9 3 1 0 0 34 32 11 1 0 0 11 1 9 0 0 0 8 26 0 0 0 0 0 0 0 2 0 0 0 0 14 0 0 1 0 0 0 0 0 0 10 0 0 0 0 0 0 0 0 0 0 0 0 0 2 0 13 0 0 0 10 30 18 22 0 8 27 0 14 12 0 1 0 3 0 26 0 1 1 0 29 0 0 0 30 23 0 2 0 0 18 14 31 20 61 0 0 0 0 0 0 0 0 0 0 0 0 0 0 0 0 0 0 0 0 0 4 0 0 0 0 1 0 0 0 0 0 0 2 0 0 0 0 0 0 0 0 0 0 0 0 0 0 3 87 0 85 4 1 5 0 0 0 0 0 0 0 0 16 1 0 0 0 0 0 0 0 0 0 2 0 0 0 13 0 0 0 0 0 0 0 0 0 0 0 0 0 0 
 34 67 54 52 158 0 98 158 302 73 169 52 36 286 153 61 61 254 72 46 92 74 0 0 0 1 77 151 73 19 0 0 28 76 79 153 41 1 149 2 4 0 65 0 7 0 0 0 6 4 6 0 3 3 3 2 3 2 38 7 3 3 2 0 0 0 0 2 0 4 0 4 0 1 4 9 0 0 0 2 0 1 1 10 30 1 0 0 0 0 0 0 0 7 0 0 10 13 0 0 12 104 0 7 0 15 39 8 17 2 14 0 55 52 0 16 32 3 18 18 0 0 0 0 0 0 0 0 0 0 0 0 0 0 0 0 0 0 0 0 0 0 4 0 0 0 0 0 0 0 0 0 0 1 0 0 0 0 13 0 11 0 13 19 7 25 0 0 0 22 0 73 0 6 0 0 0 1 0 0 32 0 13 2 0 11 14 0 34 0 0 0 41 9 3 0 0 25 8 20 0 0 0 0 0 0 0 0 0 0 1 0 0 0 0 0 0 0 0 0 0 0 0 0 1 0 0 2 0 0 0 0 0 12 0 0 0 0 0 0 0 0 0 0 0 3 88 1 92 2 7 4 0 0 0 0 2 0 0 0 0 0 0 0 0 0 0 0 0 0 0 0 0 0 0 0 0 11 0 0 0 0 0 0 0 17 0 0 0 0 
 270 264 71 78 50 98 0 297 49 55 240 34 314 272 228 214 225 246 66 140 0 0 0 0 0 0 0 0 2 0 0 0 0 0 0 0 4 1 0 0 0 0 0 0 3 0 0 0 3 2 0 0 0 3 3 0 0 0 3 3 0 3 0 0 0 0 0 5 0 0 0 0 0 0 0 3 0 0 0 0 0 26 0 18 1 2 15 46 25 46 23 11 26 40 20 25 39 4 18 33 0 0 0 0 0 0 0 0 25 0 0 0 0 0 0 0 0 0 0 0 0 0 2 0 0 0 0 1 0 0 0 0 0 0 12 2 0 0 0 0 0 0 0 0 0 0 0 12 1 2 0 0 6 2 0 0 1 0 0 0 22 31 0 14 17 0 0 29 0 10 19 0 0 11 16 24 24 9 22 25 0 0 0 0 8 0 0 0 0 1 0 0 0 0 0 0 0 0 0 14 1 0 0 0 0 0 0 0 0 0 0 0 0 0 2 0 0 0 0 0 0 0 0 2 0 0 0 7 0 0 1 0 0 0 5 0 0 0 0 0 0 1 0 0 0 0 0 0 2 0 1 5 0 0 0 0 0 0 0 0 0 0 0 0 0 0 0 0 0 0 0 0 0 0 0 0 0 0 0 0 0 0 0 0 0 0 0 0 0 0 
 64 140 123 71 64 158 297 0 184 51 47 133 171 92 350 128 295 34 44 260 0 0 0 4 0 0 1 0 0 0 0 0 0 1 0 0 10 2 2 1 0 0 0 0 3 4 0 0 9 2 0 0 0 3 3 0 0 4 3 3 0 3 0 0 0 0 0 0 0 0 0 6 0 7 0 3 0 0 0 1 0 0 18 35 15 0 14 1 15 11 0 1 21 16 0 52 44 8 14 35 0 0 0 0 0 12 0 0 0 0 0 0 16 9 0 0 6 0 0 0 0 0 0 0 0 0 0 0 0 0 0 0 0 0 0 0 0 0 0 0 0 0 0 0 0 0 0 5 0 0 0 0 0 0 0 0 0 0 0 0 10 0 28 16 6 0 0 1 20 12 0 15 0 0 16 14 60 15 0 10 0 0 0 0 0 0 0 0 0 0 0 0 9 0 0 0 0 0 2 0 0 0 0 0 0 0 13 0 0 0 0 0 0 0 0 0 0 0 0 0 0 0 0 0 0 0 0 0 0 0 0 0 0 0 0 0 0 5 0 0 0 0 0 0 0 0 2 2 0 2 0 1 0 0 0 0 0 0 0 0 0 0 0 0 0 0 0 0 0 0 0 0 0 0 0 0 0 0 0 0 0 0 0 0 0 0 0 0 0 0 
 204 148 375 180 108 302 49 184 0 499 39 40 73 111 211 27 51 132 309 40 0 0 0 0 0 0 0 0 0 0 0 0 0 1 1 0 3 2 0 0 0 0 0 0 3 0 0 0 3 2 2 0 5 8 5 1 0 0 3 3 0 3 0 0 0 0 5 2 0 0 0 0 0 2 0 3 0 0 0 2 10 17 4 29 19 33 0 11 0 15 14 46 0 7 0 0 10 18 0 0 50 0 0 0 5 0 0 8 1 15 0 0 22 0 23 0 0 0 22 0 0 0 0 0 0 0 0 0 0 0 0 0 0 0 0 0 0 0 0 0 0 0 0 0 0 0 0 15 0 0 0 0 6 1 0 0 0 0 0 0 25 0 27 7 14 37 15 14 0 1 40 23 0 3 0 1 13 12 0 15 8 0 0 2 0 15 0 0 0 0 0 0 70 0 2 0 0 0 15 0 0 0 0 0 0 0 0 0 0 0 1 0 0 0 0 0 0 0 0 11 0 0 0 0 0 12 0 2 0 0 0 0 0 22 4 0 0 0 0 0 0 0 0 0 0 2 86 1 0 7 0 0 0 0 0 0 1 0 0 0 0 0 0 0 0 0 0 0 0 0 0 0 0 0 0 0 51 0 0 0 0 0 0 0 0 0 0 0 0 0 
 219 50 415 372 463 73 55 51 499 0 590 167 119 208 375 129 40 132 66 116 76 0 0 0 0 0 0 0 0 0 0 0 0 78 0 0 4 1 0 150 0 0 0 29 3 0 0 0 3 2 0 0 0 3 3 0 0 0 3 3 0 3 0 0 29 15 0 0 0 0 0 50 0 0 0 3 0 0 0 0 14 22 11 21 30 25 17 2 13 27 29 16 0 15 43 17 16 9 0 18 11 0 0 0 0 0 0 0 0 2 0 0 0 0 20 0 0 0 11 0 0 0 0 0 0 0 0 1 0 0 0 0 0 0 0 0 0 0 0 0 0 0 0 0 0 0 0 0 0 0 0 0 10 2 0 3 1 0 0 0 14 27 11 1 10 0 28 0 53 1 20 0 0 18 62 14 22 0 1 2 0 0 0 2 0 0 0 0 0 0 0 0 10 0 19 0 0 0 0 4 1 0 1 0 0 0 0 7 0 0 1 0 0 0 2 0 0 0 0 0 0 0 0 0 0 0 0 2 0 0 0 0 0 0 0 0 0 0 0 0 0 1 0 0 0 2 1 3 3 87 0 2 35 0 0 0 0 0 0 0 0 0 9 0 0 0 0 0 0 0 0 0 0 0 0 29 31 0 0 0 0 0 0 0 0 0 0 1 0 0 
 37 333 439 248 253 169 240 47 39 590 0 278 35 117 244 53 260 57 244 48 77 3 3 2 0 0 0 0 0 0 0 0 86 24 4 2 3 2 1 0 1 0 0 0 4 1 0 0 3 2 0 2 7 3 3 66 0 0 63 4 0 3 0 0 0 0 0 3 0 0 0 0 0 0 0 7 0 0 0 2 0 0 16 14 15 16 0 13 16 14 14 17 0 2 0 24 17 63 0 0 0 13 11 0 0 0 21 21 13 0 0 0 20 0 0 0 0 0 20 30 0 0 0 0 0 0 0 2 0 0 0 0 0 0 0 0 0 0 0 0 0 0 1 0 0 0 0 0 0 0 0 0 0 0 0 0 2 0 0 0 0 0 29 4 19 2 0 0 32 5 18 17 0 0 0 24 1 42 2 1 8 0 0 1 0 0 13 25 0 0 0 0 34 0 1 0 0 0 31 0 2 0 2 0 0 0 0 0 0 0 2 0 0 0 1 0 0 0 0 0 11 0 0 0 0 0 0 0 0 0 0 0 0 0 0 0 0 0 0 0 0 6 1 0 0 0 89 0 4 89 2 20 0 0 0 0 0 0 0 0 0 0 0 0 0 0 0 0 0 0 0 0 0 0 0 18 5 0 0 0 0 0 0 0 0 0 0 0 0 0 
 35 111 295 125 259 52 34 133 40 167 278 0 35 132 160 217 237 273 58 44 52 0 0 0 0 0 4 0 0 0 0 1 1 140 0 0 3 6 1 1 0 0 0 0 3 0 0 0 3 2 0 0 8 3 3 2 0 0 3 3 0 3 0 0 0 0 0 0 0 1 0 10 0 0 0 3 0 0 0 2 0 0 23 2 11 11 0 26 0 2 0 16 12 1 0 0 19 7 0 0 10 14 0 0 0 3 27 23 0 0 14 0 1 0 0 16 1 2 0 10 0 0 0 0 0 0 0 0 0 0 0 0 0 0 0 0 2 0 0 0 0 0 0 0 0 0 0 0 0 0 0 0 0 0 0 14 0 0 0 0 0 10 22 0 0 0 0 16 11 15 0 0 0 0 12 21 13 0 0 4 16 0 1 0 0 0 34 0 12 0 0 13 12 0 0 4 2 23 32 0 0 0 0 0 0 0 0 0 0 0 0 0 0 19 0 0 2 0 0 0 0 0 0 0 2 0 0 0 0 0 0 0 0 0 0 0 0 0 0 0 0 10 0 0 0 2 5 0 89 93 5 2 0 0 0 0 0 0 0 0 0 0 0 0 0 0 0 0 0 0 0 0 0 0 0 0 0 0 0 0 0 0 0 0 0 20 0 0 0 0 
 29 27 63 278 77 36 314 171 73 119 35 35 0 182 111 135 95 123 103 301 0 0 0 0 0 0 0 0 0 2 0 0 0 0 0 0 4 1 0 74 0 0 0 0 3 0 0 0 3 2 1 2 0 3 3 0 0 2 3 3 0 3 0 0 0 0 0 0 29 0 0 0 0 0 0 3 0 0 0 0 22 19 21 18 10 0 23 2 0 12 23 0 0 21 26 0 9 1 0 33 0 0 0 0 0 0 0 6 1 0 0 0 0 0 0 0 0 0 0 0 0 0 0 0 0 0 0 0 0 0 0 0 0 0 0 0 0 0 0 0 0 0 0 0 3 0 0 0 0 0 0 0 0 0 0 0 0 0 17 0 11 9 0 0 7 0 0 10 14 0 0 0 2 38 9 0 26 0 27 0 0 0 0 1 0 0 0 0 0 0 0 0 0 0 1 9 0 0 0 0 0 0 0 0 0 0 0 0 0 0 2 0 0 0 0 2 0 0 0 0 0 0 0 0 0 0 0 0 0 0 0 0 0 0 0 0 0 0 0 0 0 0 0 0 0 0 2 1 1 0 2 9 0 0 0 0 0 0 0 0 0 0 13 0 0 0 0 0 0 0 0 0 0 0 0 0 0 0 0 0 0 0 0 0 0 0 0 0 0 0 
 51 57 273 131 66 286 272 92 111 208 117 132 182 0 222 199 40 246 297 248 0 0 0 0 0 0 0 0 0 0 0 0 0 0 2 0 4 1 2 76 0 0 0 0 4 0 0 0 3 2 0 0 0 3 3 0 0 0 3 3 0 3 0 0 0 0 0 3 0 0 0 0 0 0 0 3 0 0 0 0 2 21 25 20 18 0 70 47 9 32 41 0 6 16 32 1 11 0 0 18 0 0 0 0 0 0 0 0 0 0 0 11 0 0 0 13 0 0 1 13 0 0 0 2 0 0 13 0 0 0 0 0 0 0 0 0 0 0 0 0 0 0 0 0 6 0 0 0 0 0 0 0 0 0 0 0 0 0 0 33 14 35 0 0 10 0 0 0 16 1 28 0 0 20 17 12 4 0 44 10 0 0 0 0 0 0 0 0 0 0 0 0 0 0 0 0 0 0 0 0 0 0 0 0 0 0 0 0 0 0 0 0 0 0 0 0 0 0 0 0 0 0 0 0 0 0 0 0 0 0 0 0 0 0 0 0 0 0 0 0 0 1 0 0 0 0 2 1 0 0 0 5 0 2 0 0 0 0 0 0 0 0 7 0 0 0 0 0 0 0 0 0 0 0 0 1 0 0 0 0 0 0 0 0 0 0 0 0 0 1 
 50 151 335 181 179 153 228 350 211 375 244 160 111 222 0 341 223 169 82 322 0 0 0 0 1 0 0 0 0 0 0 35 0 0 0 1 2 1 0 1 73 2 0 0 3 0 0 0 3 2 0 0 0 3 5 0 0 0 3 3 0 3 0 3 33 0 0 0 0 0 0 0 0 0 0 42 0 0 0 1 17 19 57 20 25 13 14 13 0 9 45 1 0 51 21 6 111 13 0 8 0 0 0 20 0 0 0 0 0 3 0 0 33 0 0 0 0 0 0 12 2 0 0 0 0 0 0 0 0 0 0 0 0 0 0 0 0 0 0 0 0 0 0 0 0 0 0 0 0 0 0 0 0 2 0 0 0 0 0 0 73 0 18 24 0 15 6 0 25 0 1 12 0 0 23 1 17 0 0 10 0 0 0 2 0 0 0 0 0 0 0 0 16 0 2 0 23 9 1 0 0 0 1 0 0 0 0 2 0 0 0 0 0 0 2 0 0 0 0 0 0 0 0 0 0 0 0 2 0 0 0 0 0 0 0 29 0 0 0 0 0 0 0 0 0 3 1 2 0 3 0 6 0 0 0 0 0 0 0 0 0 0 18 0 0 0 0 0 0 0 0 0 0 0 0 0 0 0 0 0 0 0 0 0 0 0 0 0 0 0 
 108 89 40 51 261 61 214 128 27 129 53 217 135 199 341 0 142 390 40 74 0 0 0 0 0 0 0 0 0 0 0 0 0 0 0 0 4 2 0 74 0 0 0 0 3 0 0 0 3 2 0 0 0 3 3 0 0 0 3 3 0 3 0 0 0 6 0 0 0 0 0 0 0 0 0 3 0 44 0 0 14 0 25 17 1 0 28 26 12 35 1 32 9 2 0 25 20 33 0 18 0 0 0 14 0 0 0 0 2 0 0 0 0 0 0 0 0 0 0 0 0 0 0 0 0 0 0 2 0 0 0 0 0 0 9 0 0 0 0 0 0 0 0 0 0 0 0 2 0 0 0 0 0 0 0 0 2 0 0 0 7 35 11 25 19 0 7 11 43 16 10 0 0 9 43 0 25 0 45 22 0 0 0 1 0 0 0 0 0 0 0 0 40 0 1 0 0 0 0 11 2 0 2 0 0 0 0 0 0 0 2 0 0 0 1 0 0 0 0 0 0 0 0 13 0 0 0 0 0 0 0 0 0 0 0 0 0 0 0 0 0 5 0 0 0 0 2 0 0 0 0 12 15 0 0 0 0 0 0 0 0 0 1 0 0 0 0 0 0 0 0 0 0 0 0 14 0 0 0 0 0 0 0 0 0 0 0 0 0 0 
 111 205 99 60 153 61 225 295 51 40 260 237 95 40 223 142 0 131 104 140 3 0 0 1 0 0 0 0 1 2 0 0 0 74 0 0 4 1 74 1 0 0 0 0 3 0 0 0 3 2 0 0 0 3 3 55 0 0 3 3 0 3 3 0 2 0 0 0 0 3 0 0 0 8 0 6 0 0 0 1 0 23 16 23 0 0 0 0 18 19 14 0 0 35 20 36 59 15 0 59 19 0 0 0 0 0 0 1 3 0 0 0 0 0 0 0 0 0 2 18 0 12 0 1 0 0 0 0 0 0 0 0 0 0 0 0 0 0 0 13 0 0 10 0 0 0 2 3 0 19 0 0 0 0 0 0 0 0 0 0 0 0 25 28 1 14 1 1 52 23 0 18 0 0 9 22 42 23 0 2 28 0 0 0 0 0 0 39 0 0 0 0 15 0 0 0 0 0 22 0 0 0 0 1 0 0 0 0 0 0 0 0 0 0 0 0 0 0 0 1 0 0 0 0 0 0 0 0 1 0 0 0 0 0 0 0 0 0 0 0 0 0 0 0 0 2 0 2 0 8 1 4 0 1 0 0 0 0 0 0 0 0 0 0 0 0 0 0 0 0 0 0 0 0 0 0 0 0 0 0 0 0 0 0 0 0 0 0 0 9 
 426 50 263 68 57 254 246 34 132 132 57 273 123 246 169 390 131 0 49 33 0 0 0 0 6 0 0 0 0 0 0 0 0 0 208 0 4 3 4 75 0 0 0 0 3 0 0 0 3 2 0 0 0 3 3 0 0 0 3 3 0 46 0 0 0 13 0 0 0 0 0 2 0 0 0 3 0 0 0 6 21 2 11 0 0 0 0 47 12 14 15 41 10 38 0 14 3 9 0 0 0 0 0 0 0 0 0 0 0 0 0 0 2 0 0 0 2 0 0 11 0 11 9 0 0 0 0 0 0 0 0 0 0 0 0 0 1 0 0 0 0 0 0 0 0 0 0 6 0 0 0 0 5 0 0 0 0 0 0 0 21 47 0 0 11 0 8 23 31 13 22 0 0 9 35 1 35 0 0 29 0 0 0 0 0 0 0 0 0 0 0 0 0 0 0 0 0 0 0 0 0 0 0 14 1 0 0 0 0 0 0 0 0 0 0 0 1 0 0 0 0 0 0 0 0 0 0 0 0 0 0 0 0 0 7 0 0 0 0 0 0 4 0 0 0 0 5 0 1 4 0 11 52 0 0 0 0 0 0 0 0 0 0 0 0 0 0 0 0 0 0 0 0 0 0 14 0 0 0 0 0 0 0 0 0 0 0 0 0 0 
 23 48 102 375 68 72 66 44 309 66 244 58 103 297 82 40 104 49 0 388 0 63 0 1 0 1 0 0 0 0 2 0 0 0 0 0 3 3 0 2 0 0 0 0 3 0 0 0 3 2 0 0 0 65 3 0 0 1 3 3 0 3 0 0 0 0 0 0 0 0 0 0 0 0 0 3 0 0 0 0 0 1 14 0 0 0 50 13 0 0 0 0 10 0 0 0 11 0 0 21 0 0 0 0 0 0 0 0 0 0 1 1 1 0 0 0 1 0 0 0 0 0 0 0 0 0 0 0 0 1 0 0 0 0 0 0 0 0 0 0 0 0 0 0 0 0 0 0 0 0 0 0 0 0 0 0 0 0 0 0 8 25 0 0 0 17 12 11 1 23 17 0 21 30 0 16 0 0 0 17 2 0 0 0 14 0 0 0 0 0 0 0 0 0 0 0 0 0 0 0 0 0 0 0 1 0 0 0 1 0 0 0 0 0 0 0 2 0 0 0 0 0 0 0 0 0 0 0 0 0 0 0 0 0 0 0 0 0 7 0 0 0 0 0 0 2 0 0 4 0 2 0 0 0 0 0 0 0 0 0 0 0 0 0 0 0 0 0 0 0 0 0 0 0 0 0 0 0 0 0 0 0 0 0 0 0 0 0 0 0 
 43 51 127 66 54 46 140 260 40 116 48 44 301 248 322 74 140 33 388 0 0 0 0 0 0 74 0 0 0 0 0 2 3 0 1 0 4 2 1 75 0 0 0 0 3 0 0 0 3 2 0 0 0 3 3 0 0 0 3 3 0 3 0 0 0 0 0 2 0 0 0 0 0 0 0 3 0 30 0 0 14 31 23 0 46 0 24 30 0 14 31 0 0 29 59 0 4 0 22 24 0 0 0 0 0 0 0 0 0 0 0 0 0 0 0 0 0 0 0 10 0 0 0 0 0 0 0 0 0 0 0 2 0 0 0 0 0 0 0 0 0 0 0 0 0 0 0 0 0 0 0 0 0 0 0 0 0 0 0 0 13 13 0 1 9 0 0 32 15 1 12 0 13 6 9 13 8 9 36 37 0 0 0 0 7 0 0 0 0 0 0 0 0 0 15 0 1 0 16 0 0 0 0 0 0 0 0 0 0 0 0 0 0 0 0 0 0 0 0 0 0 0 11 0 0 0 0 0 0 0 0 0 2 0 1 0 0 0 0 0 0 2 0 0 0 0 0 0 0 0 0 2 0 0 0 0 0 0 0 0 0 0 13 0 0 0 0 0 0 0 0 0 0 0 0 0 0 0 0 0 0 0 0 0 0 0 0 0 0 0 
 0 0 0 68 103 92 0 0 0 76 77 52 0 0 0 0 3 0 0 0 0 165 184 129 354 138 369 141 142 83 111 38 89 124 141 112 41 50 122 98 0 0 0 0 0 0 0 0 0 5 2 2 3 2 0 5 0 0 0 3 3 2 3 6 0 0 0 0 0 0 0 1 3 3 0 4 0 2 3 2 0 0 0 0 20 11 0 0 0 0 0 10 0 0 2 0 0 7 0 0 15 17 0 6 0 21 40 6 20 0 21 12 13 18 7 15 25 0 15 1 0 0 0 0 0 0 0 0 0 0 0 0 17 0 0 0 0 0 0 0 0 0 1 0 0 0 0 0 0 0 0 0 0 0 0 0 0 0 0 0 0 0 0 0 0 0 0 0 0 0 0 10 0 0 0 0 0 0 0 0 32 0 2 7 0 10 26 13 11 0 0 10 0 0 29 0 0 26 0 0 0 0 0 0 0 0 0 0 0 0 0 2 0 7 2 0 0 0 44 0 0 0 0 0 0 0 0 9 0 0 0 0 12 0 0 2 0 0 0 0 0 0 0 0 0 0 0 0 74 0 6 0 0 0 8 2 2 0 0 1 15 2 1 0 0 0 0 0 0 0 0 0 0 0 0 0 0 0 0 0 0 0 0 0 0 18 0 0 0 0 
 0 0 0 0 1 74 0 0 0 0 3 0 0 0 0 0 0 0 63 0 165 0 163 418 112 115 276 287 122 49 28 28 150 183 149 351 48 31 400 115 0 1 0 0 4 3 0 0 0 6 2 2 0 64 0 5 0 0 64 1 0 0 3 0 0 0 0 2 0 0 1 0 3 4 1 1 0 2 5 3 0 0 0 0 2 6 0 0 0 0 0 0 0 2 0 0 0 0 0 1 21 35 28 33 0 15 8 21 33 22 17 0 1 30 15 32 27 49 19 16 12 0 0 0 0 0 0 2 0 1 0 0 0 0 0 0 0 0 8 0 0 0 0 1 0 0 0 0 0 0 0 0 0 0 0 0 0 0 5 0 0 0 0 0 0 1 0 0 0 4 0 1 0 1 0 0 0 0 0 0 8 23 13 0 1 16 21 1 36 35 27 0 0 30 18 27 10 17 23 3 0 2 0 0 0 0 0 0 0 0 0 0 0 0 0 0 0 0 15 0 0 0 0 1 0 0 2 0 0 0 0 0 0 0 0 0 0 0 0 8 0 0 2 0 0 1 0 0 0 0 0 0 0 0 2 2 0 0 1 19 0 0 0 0 0 0 31 0 0 0 0 1 0 0 0 0 0 17 0 0 0 0 0 0 0 0 11 0 0 0 
 0 0 2 1 0 0 0 0 0 0 3 0 0 0 0 0 0 0 0 0 184 163 0 439 49 39 184 185 110 152 87 39 159 260 381 297 114 190 118 257 0 0 0 0 0 3 0 1 0 3 2 2 53 9 0 5 0 0 63 64 0 0 3 2 0 0 2 0 0 0 0 0 3 0 0 0 13 2 3 0 0 2 2 0 0 0 0 0 0 0 0 0 0 0 0 0 0 0 0 0 1 12 24 17 19 9 0 0 7 20 28 20 8 11 0 24 7 0 7 19 33 0 0 0 0 0 8 0 1 11 0 0 0 0 0 0 0 0 0 61 13 0 0 0 0 0 0 0 0 0 1 4 0 0 6 0 0 0 0 0 4 0 0 0 0 10 0 0 0 0 0 10 0 0 0 0 0 0 0 0 10 0 13 54 6 14 41 23 14 41 2 60 0 13 13 14 18 0 22 18 0 0 9 0 0 1 24 2 33 0 0 0 30 9 0 23 3 0 7 13 0 0 0 0 7 0 0 0 0 0 0 2 0 0 0 0 0 1 0 0 0 0 11 0 0 0 0 0 0 0 0 0 0 0 0 1 0 79 76 0 1 0 0 0 0 0 1 0 0 0 1 0 0 7 0 0 0 0 0 0 0 0 0 0 0 0 0 0 0 0 
 0 0 0 0 0 0 0 4 0 0 2 0 0 0 0 0 1 0 1 0 129 418 439 0 123 209 189 78 923 500 151 130 153 327 122 212 360 62 293 268 0 8 0 0 40 0 0 65 1 3 1 2 62 2 0 4 0 1 1 58 0 0 3 6 4 0 0 54 0 0 0 0 9 41 0 0 0 6 3 2 0 0 0 1 2 0 0 0 0 0 0 0 0 0 2 0 0 0 0 0 0 20 31 1 28 9 0 30 1 0 30 23 0 2 36 71 10 10 0 1 27 0 0 0 0 0 18 0 0 0 0 0 10 1 0 0 0 0 15 9 9 0 0 0 0 0 0 0 0 0 0 0 0 17 4 0 0 0 0 0 0 0 0 0 0 0 0 0 0 1 0 0 0 0 0 0 0 0 0 1 0 67 3 12 0 17 11 34 7 28 25 15 1 8 0 12 37 2 0 1 0 2 10 0 2 0 0 1 0 0 0 2 9 5 2 3 0 0 18 0 0 0 0 0 0 0 2 0 0 0 0 0 0 0 0 0 12 0 0 0 0 0 0 0 0 0 1 0 0 0 0 0 0 0 3 0 0 44 0 2 1 0 0 1 0 0 0 0 0 0 0 0 0 0 0 0 0 0 0 17 0 0 0 0 0 0 0 0 0 0 
 0 0 0 20 3 0 0 0 0 0 0 0 0 0 1 0 0 6 0 0 354 112 49 123 0 133 58 70 178 115 312 110 157 158 78 75 59 117 57 89 1 63 1 0 5 0 3 0 1 9 9 5 189 14 62 9 0 0 3 37 0 0 9 5 5 0 0 0 2 6 6 0 6 4 0 5 4 6 6 2 0 0 0 18 0 0 0 0 0 0 0 0 0 1 0 0 1 0 0 12 0 0 0 1 60 0 0 18 0 12 1 30 1 0 7 20 12 11 0 0 2 11 15 11 0 0 0 0 12 26 1 0 15 0 10 0 0 0 0 0 0 0 0 8 0 0 0 0 0 0 3 0 0 0 0 0 4 0 0 0 0 0 0 0 0 2 0 0 0 1 0 0 0 0 0 0 0 0 0 0 0 40 13 9 0 35 10 88 0 0 23 2 1 16 33 13 22 1 0 9 9 7 0 15 10 0 15 1 22 0 0 13 26 13 18 0 0 0 20 30 2 0 0 0 0 0 0 0 0 0 0 0 1 0 0 0 0 0 0 0 0 0 0 0 0 2 0 0 0 0 0 0 0 0 0 0 4 0 3 1 5 47 0 0 0 0 0 0 0 0 2 0 0 0 0 0 0 0 0 0 0 23 0 0 7 0 0 0 0 0 
 0 39 0 0 3 1 0 0 0 0 0 0 0 0 0 0 0 0 1 74 138 115 39 209 133 0 44 41 165 81 68 46 29 46 36 270 80 81 46 55 0 62 63 0 25 0 118 62 0 7 2 2 65 64 1 70 5 0 6 126 0 0 3 0 0 0 7 2 3 4 0 11 3 0 50 6 0 2 3 1 0 0 0 0 0 0 0 0 0 0 0 0 0 0 0 0 0 0 0 0 0 31 15 0 1 30 0 0 0 0 19 4 0 0 18 0 0 9 13 0 34 11 18 30 0 0 45 0 40 19 1 1 37 22 12 10 0 0 40 12 1 0 0 0 0 0 0 0 0 0 0 0 0 3 0 0 15 0 0 0 0 0 0 0 0 0 0 0 0 1 0 0 0 0 3 0 0 6 0 0 0 12 24 0 12 1 0 0 1 11 0 0 20 0 0 7 0 23 0 0 37 15 19 24 0 0 0 10 12 19 19 0 20 17 16 29 1 14 20 29 0 2 0 0 0 0 0 0 0 0 0 0 0 0 0 0 0 0 15 0 0 0 0 0 0 0 0 0 0 0 0 0 0 0 8 8 3 152 78 1 3 4 0 0 0 0 0 0 0 0 0 0 0 0 0 0 0 0 0 13 0 5 0 0 0 0 0 0 0 0 
 0 0 0 0 0 77 0 1 0 0 0 4 0 0 0 0 0 0 0 0 369 276 184 189 58 44 0 212 427 138 192 119 804 124 113 188 117 131 236 208 0 0 0 0 61 3 3 0 0 3 2 2 0 10 0 4 0 0 2 0 0 0 3 2 0 0 0 0 0 6 0 14 3 0 1 0 0 2 3 53 0 0 0 0 0 32 1 0 0 0 21 0 0 0 0 0 0 0 0 0 8 12 33 24 22 1 1 25 23 26 0 2 25 23 9 1 44 34 36 14 0 0 0 0 2 0 0 0 0 0 0 19 0 0 2 0 0 0 0 0 0 0 0 0 0 0 0 0 0 0 7 0 0 0 2 0 6 0 0 0 0 0 0 0 0 0 0 0 0 6 0 12 0 0 2 0 0 2 0 0 0 24 17 17 0 16 10 19 12 24 50 0 28 48 30 20 38 9 38 21 0 0 0 0 0 0 0 0 0 0 1 0 0 0 0 0 0 0 0 0 0 0 0 0 0 2 0 0 0 0 0 0 0 0 0 0 0 0 0 0 0 0 15 0 0 0 0 0 0 0 0 0 0 1 2 0 2 0 0 2 0 12 0 0 0 0 30 0 0 0 0 0 0 2 0 0 0 0 0 0 0 12 0 0 0 0 11 0 0 0 
 0 3 0 0 5 151 0 0 0 0 0 0 0 0 0 0 0 0 0 0 141 287 185 78 70 41 212 0 223 154 37 107 282 62 527 257 137 32 65 175 0 0 0 4 5 0 1 0 205 3 4 2 0 2 0 4 0 205 61 3 1 0 3 0 0 0 0 0 0 0 0 0 3 0 0 0 0 2 3 3 0 0 0 0 10 32 0 0 0 0 0 0 0 0 0 0 0 0 0 0 19 21 16 4 19 30 18 16 22 2 15 19 46 37 47 1 27 23 5 25 11 9 0 0 0 0 20 0 0 0 0 0 8 0 8 0 0 0 22 4 0 0 0 0 0 0 0 1 0 0 0 0 0 0 0 0 0 0 5 0 0 0 0 0 0 0 0 0 0 0 0 0 0 0 0 0 0 0 8 0 23 25 72 11 0 11 9 0 24 10 11 4 10 76 15 19 69 24 28 10 0 0 0 0 0 0 0 0 15 0 0 0 0 0 0 0 0 0 10 0 0 0 0 0 0 0 0 2 1 0 0 0 0 0 0 0 0 0 0 0 0 0 0 0 0 0 0 0 0 0 0 0 0 13 3 0 2 1 76 0 20 0 0 0 0 0 2 0 0 0 0 0 0 0 0 1 0 14 0 0 0 0 0 0 0 0 0 0 0 0 
 0 0 0 0 0 73 2 0 0 0 0 0 0 0 0 0 1 0 0 0 142 122 110 923 178 165 427 223 0 240 168 51 480 292 178 139 332 57 131 68 0 0 0 0 2 2 0 0 4 3 4 2 0 2 0 6 0 2 3 2 0 0 3 4 0 0 1 3 0 0 0 3 3 6 1 0 15 2 3 0 0 0 0 0 0 0 0 0 0 0 0 0 0 0 0 0 0 0 0 0 0 24 28 5 4 0 0 12 1 1 19 27 23 0 19 12 16 12 0 0 20 19 0 0 0 0 24 0 0 0 0 0 17 10 14 0 0 4 0 0 0 0 0 0 0 0 0 0 0 0 16 0 0 0 0 0 5 0 0 0 0 0 0 0 0 0 0 0 1 4 0 0 0 0 0 0 0 0 0 0 0 16 54 8 44 24 6 17 11 3 42 1 23 10 20 22 26 21 0 12 0 0 0 1 0 0 0 0 0 0 0 0 5 0 0 0 0 0 7 7 0 0 0 0 0 0 0 0 0 0 0 0 0 0 0 0 0 0 0 0 0 0 0 0 0 0 0 0 0 0 0 0 0 0 11 0 0 77 36 2 0 40 0 0 0 63 0 0 0 0 0 0 0 0 0 0 0 0 0 18 0 11 0 0 0 0 0 0 0 0 
 75 0 0 0 64 19 0 0 0 0 0 0 2 0 0 0 2 0 0 0 83 49 152 500 115 81 138 154 240 0 421 60 62 44 179 289 152 69 541 108 89 0 0 0 0 2 0 1 0 3 2 2 70 70 0 5 0 0 72 65 0 0 3 5 0 0 0 0 0 0 26 0 3 0 0 0 0 2 3 2 0 0 2 0 0 0 0 0 0 0 0 0 0 0 0 0 0 0 0 0 10 12 8 38 10 1 0 1 35 19 20 0 6 26 1 21 12 0 19 12 41 0 0 0 0 0 13 0 1 0 0 0 15 6 8 0 0 0 0 9 4 0 0 0 0 0 0 2 0 0 0 0 0 0 6 0 0 0 0 0 0 0 0 0 0 0 0 0 0 5 0 9 0 0 0 0 0 0 0 0 12 0 15 23 9 23 7 12 23 26 18 0 20 15 12 6 0 8 11 19 0 0 8 1 0 1 0 14 0 0 0 0 9 9 0 10 0 0 0 0 3 0 0 0 0 0 0 0 0 0 0 2 0 0 0 0 0 1 0 0 0 0 11 0 0 0 0 0 0 0 0 0 0 0 7 2 0 75 0 3 1 0 0 0 0 0 13 0 0 0 0 0 0 0 0 0 0 0 0 0 0 0 0 0 1 0 9 0 0 0 
 6 0 0 0 3 0 0 0 0 0 0 0 0 0 0 0 0 0 2 0 111 28 87 151 312 68 192 37 168 421 0 113 189 41 48 303 282 141 134 60 20 0 0 0 0 0 5 209 0 3 2 2 0 64 0 5 0 63 67 2 0 0 3 15 0 0 0 0 0 0 51 0 54 0 0 0 0 2 3 1 0 0 0 0 0 0 0 0 0 0 0 0 0 0 0 0 0 9 0 0 0 14 0 12 10 0 0 9 0 1 4 12 51 7 6 52 2 11 0 0 22 0 0 0 2 0 26 0 10 0 0 0 0 7 12 0 0 0 0 0 0 0 0 0 0 0 0 0 0 0 21 0 0 0 2 0 28 0 0 0 0 0 3 0 0 0 0 0 0 5 0 0 0 0 2 0 7 2 0 0 0 39 8 17 24 2 22 12 9 0 46 0 0 1 8 17 19 0 0 0 12 0 0 1 0 0 0 12 14 0 0 0 12 13 13 11 0 0 8 1 0 0 0 0 0 2 0 0 0 0 0 0 0 0 0 0 0 0 0 0 0 0 0 0 0 0 0 0 0 0 0 0 0 0 4 0 0 1 1 6 4 8 0 0 0 0 0 0 0 0 0 0 0 0 0 0 0 0 0 0 0 1 0 0 0 0 0 0 0 0 
 0 0 0 0 4 0 0 0 0 0 0 1 0 0 35 0 0 0 0 2 38 28 39 130 110 46 119 107 51 60 113 0 110 27 99 110 106 86 24 44 2 0 69 0 0 0 63 57 0 3 2 2 125 72 54 68 0 0 1 2 0 0 3 0 0 0 6 0 0 0 0 6 3 0 0 0 0 2 3 0 0 0 0 0 0 0 0 0 0 0 29 0 0 0 0 0 0 0 0 0 0 12 12 0 17 19 0 17 0 6 0 22 0 0 10 1 0 0 0 0 5 3 20 21 0 0 23 0 37 4 1 1 2 9 18 16 0 0 32 12 0 0 0 13 0 0 0 0 0 0 1 0 0 0 0 0 2 0 0 0 6 0 0 0 0 0 0 0 0 0 0 0 0 0 0 0 0 6 0 0 20 10 13 13 0 0 0 0 0 0 15 20 0 11 0 0 20 0 0 0 38 16 0 15 0 0 26 11 30 0 0 0 10 19 20 14 11 26 47 31 0 0 0 0 0 0 0 0 0 0 0 0 0 0 0 0 0 0 0 0 0 0 0 0 0 0 0 0 0 0 0 0 0 0 1 0 0 156 85 0 7 0 0 0 0 0 0 0 0 0 0 0 0 0 0 0 0 0 0 11 0 38 0 0 0 0 0 0 0 0 
 81 0 0 0 78 28 0 0 0 0 86 1 0 0 0 0 0 0 0 3 89 150 159 153 157 29 804 282 480 62 189 110 0 161 211 261 79 114 193 388 1 0 0 5 0 5 0 0 0 3 3 2 3 6 0 37 0 0 2 4 54 0 3 0 0 0 0 2 1 0 0 0 3 0 0 5 0 2 3 2 14 0 0 0 0 14 0 0 0 0 0 0 0 0 0 0 0 24 0 0 4 14 13 2 0 0 19 18 9 1 0 1 34 15 17 16 9 23 8 7 0 0 0 0 22 0 0 0 0 0 0 0 0 0 0 0 0 0 0 9 3 0 0 0 0 0 0 0 0 0 3 0 0 0 0 0 62 0 0 0 0 0 0 0 0 0 0 0 0 6 0 11 0 0 0 0 0 0 6 0 10 38 49 1 11 0 39 9 22 15 72 9 1 28 23 35 48 20 0 0 0 0 0 0 0 0 0 0 0 0 0 0 0 0 1 0 0 0 0 0 0 0 0 0 0 0 0 0 0 0 0 0 0 0 0 0 0 0 0 0 0 0 0 0 0 0 0 0 0 0 0 0 0 0 3 2 2 0 0 0 3 21 0 0 0 0 1 0 0 0 0 0 0 0 0 0 0 0 0 0 0 0 0 0 0 0 0 0 0 0 
 0 1 78 139 90 76 0 1 1 78 24 140 0 0 0 0 74 0 0 0 124 183 260 327 158 46 124 62 292 44 41 27 161 0 53 36 123 100 76 128 0 0 0 0 2 0 0 0 2 4 2 2 0 2 0 4 0 3 1 1 0 0 3 0 0 0 0 0 0 0 0 2 3 0 0 0 0 2 3 4 0 0 0 0 22 8 0 0 0 0 0 17 0 0 0 0 0 0 0 0 14 29 0 0 4 8 9 14 0 12 11 17 12 17 44 25 35 42 8 0 0 0 0 0 0 0 0 0 0 16 0 0 0 0 0 0 0 0 11 0 0 0 0 0 2 0 0 0 0 0 3 0 0 0 0 0 4 0 0 0 1 0 19 0 1 0 0 2 0 0 0 1 0 3 0 31 0 1 0 0 7 20 10 0 12 13 11 30 26 27 74 52 0 8 60 18 30 27 13 0 0 0 0 0 0 0 0 0 10 0 0 0 0 0 0 0 20 0 7 0 0 0 0 0 0 0 0 0 0 0 0 0 0 0 0 0 2 0 0 0 0 0 0 0 0 0 0 0 0 76 9 0 0 0 0 0 0 0 0 1 11 25 0 0 0 0 0 0 0 0 0 0 0 6 0 0 6 0 0 0 0 0 0 0 0 20 0 0 0 0 
 3 0 207 0 3 79 0 0 1 0 4 0 0 2 0 0 0 208 0 1 141 149 381 122 78 36 113 527 178 179 48 99 211 53 0 204 43 41 162 169 0 0 0 62 0 25 0 0 0 3 2 2 0 2 0 5 0 0 69 2 0 0 3 0 0 0 0 0 0 0 0 0 3 0 0 0 0 2 3 3 0 0 0 0 0 0 0 0 0 0 0 0 0 0 0 0 0 2 0 0 10 23 90 32 19 13 30 32 37 13 12 28 0 26 36 0 10 32 19 12 0 2 0 0 0 0 0 0 0 0 0 0 15 0 0 0 14 0 0 18 0 0 0 0 0 0 0 0 0 21 0 0 0 0 0 0 0 0 1 0 0 0 0 0 0 22 0 0 0 0 0 5 0 0 0 0 0 0 0 0 28 12 18 19 0 0 13 18 9 18 7 28 0 13 5 0 9 12 11 21 0 0 0 0 0 1 0 0 0 0 0 0 0 0 19 4 0 0 0 20 0 0 2 0 0 0 0 0 0 0 0 0 0 0 0 0 0 0 0 0 0 0 10 0 0 1 0 0 0 0 0 0 0 0 5 0 0 78 2 0 2 2 0 0 0 0 13 2 0 0 0 0 0 0 0 0 0 30 0 19 0 0 0 0 0 0 11 0 0 2 
 0 0 0 0 2 153 0 0 0 0 2 0 0 0 1 0 0 0 0 0 112 351 297 212 75 270 188 257 139 289 303 110 261 36 204 0 129 67 161 358 0 0 0 0 0 4 0 1 0 3 1 2 53 2 0 4 0 0 2 68 8 0 3 5 0 1 0 0 0 0 0 0 3 0 0 0 0 2 3 4 0 1 0 0 0 0 0 0 0 0 0 0 0 2 0 0 0 2 0 1 9 12 10 21 19 0 12 24 26 18 25 20 27 28 15 19 22 0 23 11 22 0 0 0 0 0 4 14 1 2 0 0 0 6 0 2 0 0 0 17 5 0 0 0 0 0 0 0 0 0 1 0 0 0 10 0 0 0 0 0 0 0 0 0 0 0 0 0 0 7 0 22 0 0 0 0 0 0 0 0 24 15 20 38 0 18 1 0 28 56 13 6 7 48 1 0 19 6 19 23 0 0 9 0 0 0 0 0 14 0 0 0 17 32 0 9 0 0 7 0 0 0 1 0 0 0 0 0 0 0 0 0 0 0 0 0 0 0 0 0 0 0 10 0 0 0 0 0 0 0 0 0 0 0 2 0 3 84 0 2 2 0 0 0 0 0 13 0 0 0 0 0 0 0 0 0 0 0 0 0 0 0 0 0 0 0 9 0 0 0 
 3 3 4 4 5 41 4 10 3 4 3 3 4 4 2 4 4 4 3 4 41 48 114 360 59 80 117 137 332 152 282 106 79 123 43 129 0 170 211 40 52 0 0 0 0 0 0 0 0 3 2 2 0 68 0 5 0 0 64 2 0 0 4 6 1 0 0 0 0 0 0 1 3 0 2 0 0 2 3 3 0 0 0 0 0 0 1 0 0 0 0 0 0 0 0 0 0 0 0 0 10 15 0 29 0 0 2 5 36 18 8 22 18 31 15 6 13 15 13 0 14 0 0 0 0 0 5 0 0 0 0 0 1 15 20 0 0 0 0 0 0 0 0 0 0 8 9 0 0 17 2 0 1 0 0 0 3 0 0 0 0 0 0 0 0 0 0 0 0 6 0 0 0 0 0 0 0 2 0 0 14 15 34 8 21 27 1 19 12 9 7 0 9 5 14 31 38 21 0 16 0 0 0 1 0 0 1 20 1 0 0 0 0 1 0 0 0 0 0 0 0 0 0 0 0 2 0 0 0 0 0 0 0 0 0 0 0 0 0 0 0 0 0 0 0 0 2 0 0 0 0 0 0 0 4 0 1 0 2 1 2 26 0 0 0 0 13 0 0 0 0 0 0 0 0 5 0 0 0 0 0 0 0 0 0 0 9 0 0 0 
 0 1 1 2 2 1 1 2 2 1 2 6 1 1 1 2 1 3 3 2 50 31 190 62 117 81 131 32 57 69 141 86 114 100 41 67 170 0 42 67 31 1 2 2 1 10 14 2 0 5 8 4 3 66 2 16 0 2 76 66 1 0 3 0 0 0 13 5 29 0 0 7 5 2 0 8 3 7 3 3 0 0 0 0 0 0 0 0 0 0 0 0 0 0 0 0 0 0 0 0 0 1 0 9 7 14 0 2 0 1 1 24 49 0 6 0 1 12 0 0 20 0 14 14 0 0 12 0 11 0 0 0 0 17 11 0 0 0 1 0 0 0 0 0 0 0 0 0 0 1 20 0 0 0 0 0 31 0 0 0 0 0 0 0 1 0 0 0 0 0 0 0 0 0 0 0 0 0 2 0 0 13 8 8 21 1 0 11 0 1 13 1 0 0 8 16 10 1 0 0 0 0 12 1 0 0 12 20 10 0 0 0 11 13 18 0 0 0 1 17 0 0 0 0 0 0 0 12 0 0 0 0 0 0 0 0 0 0 14 0 0 0 0 0 0 0 0 0 0 2 0 2 0 0 2 2 0 75 7 0 7 8 0 0 0 0 0 0 0 0 0 0 0 0 0 0 0 0 0 0 0 12 0 0 0 0 0 0 0 0 
 0 0 72 73 32 149 0 2 0 0 1 1 0 2 0 0 74 4 0 1 122 400 118 293 57 46 236 65 131 541 134 24 193 76 162 161 211 42 0 68 0 0 0 0 0 14 2 0 3 3 2 2 0 6 0 3 0 2 62 2 0 0 3 0 0 0 0 0 0 0 0 3 3 0 0 0 0 2 3 1 0 1 0 13 9 13 0 0 0 0 0 0 0 0 0 14 28 0 0 0 49 12 31 26 18 0 39 22 20 6 0 0 18 8 9 24 15 33 25 34 0 2 0 0 0 0 0 0 0 0 0 0 0 0 0 0 5 0 1 0 0 0 8 0 0 0 0 0 0 0 0 1 0 0 0 0 0 0 9 0 0 0 0 10 0 51 0 0 0 6 0 35 0 0 0 0 0 12 0 0 0 0 0 0 0 11 35 24 18 15 60 11 19 12 25 10 35 9 24 32 0 0 0 0 0 0 0 0 0 0 0 0 0 0 0 0 0 0 0 0 0 15 2 0 13 0 0 0 0 0 0 0 0 0 0 0 0 0 0 0 0 0 10 0 0 0 60 0 75 0 0 0 0 0 7 0 0 0 0 2 0 2 0 0 1 0 10 0 0 0 0 0 0 0 0 12 0 10 0 0 0 0 0 0 0 0 15 0 0 0 
 1 1 1 103 37 2 0 1 0 150 0 1 74 76 1 74 1 75 2 75 98 115 257 268 89 55 208 175 68 108 60 44 388 128 169 358 40 67 68 0 0 0 0 0 0 0 0 0 0 3 1 2 0 2 0 5 59 0 0 2 0 0 3 0 0 1 0 0 0 0 0 1 3 0 0 0 0 2 3 2 10 1 12 0 22 22 13 11 0 1 13 9 0 0 15 0 0 0 0 1 19 0 15 0 0 0 8 0 3 0 0 0 17 8 25 0 8 23 5 13 0 0 7 0 0 0 0 0 0 0 0 0 1 0 0 0 0 2 0 15 0 0 0 0 0 0 0 0 0 0 0 0 0 0 0 0 0 0 0 0 13 10 0 0 9 0 0 17 12 11 0 0 0 0 8 0 0 0 0 0 10 0 37 12 0 0 0 0 24 14 20 8 0 22 39 12 27 0 12 0 0 0 8 0 0 0 0 0 0 0 0 0 0 0 0 0 0 0 0 0 0 0 0 0 0 0 0 0 0 0 0 0 0 0 0 0 0 0 0 0 0 7 0 0 0 0 0 0 0 0 1 0 0 0 2 2 3 1 0 0 25 0 10 0 0 0 1 0 0 0 0 0 0 0 0 0 0 0 0 0 0 0 0 0 0 0 0 0 0 0 
 0 0 0 0 0 4 0 0 0 0 1 0 0 0 73 0 0 0 0 0 0 0 0 0 1 0 0 0 0 89 20 2 1 0 0 0 52 31 0 0 0 129 60 40 35 92 50 220 79 83 30 46 261 116 31 92 61 108 155 57 0 0 0 0 0 0 0 0 0 0 0 0 51 0 0 0 0 2 0 0 0 0 0 0 0 0 0 0 1 0 0 0 0 0 0 0 0 0 0 0 0 0 0 6 0 0 0 0 0 0 0 0 0 0 0 0 0 0 0 0 31 15 0 14 8 21 10 22 2 0 15 8 0 55 12 12 11 29 0 0 0 0 0 0 0 0 0 0 0 6 0 0 0 11 0 0 0 0 1 0 0 0 0 0 0 0 0 0 0 0 0 0 0 0 0 0 0 0 0 0 0 0 0 0 10 9 0 0 0 0 0 0 0 0 0 7 0 0 0 0 10 68 13 36 11 10 0 10 23 1 2 12 0 0 35 0 0 2 0 8 1 0 0 0 0 0 20 0 0 0 0 0 0 0 0 0 0 1 19 5 0 0 13 0 0 0 0 0 0 0 0 3 0 2 0 0 0 0 0 16 0 0 0 1 0 19 2 0 0 0 0 0 0 0 0 0 0 0 0 0 0 0 0 0 0 0 0 0 0 0 
 0 0 0 0 0 0 0 0 0 0 0 0 0 0 2 0 0 0 0 0 0 1 0 8 63 62 0 0 0 0 0 0 0 0 0 0 0 1 0 0 129 0 192 268 53 95 104 131 198 150 95 42 293 66 43 345 90 341 47 109 0 0 0 44 0 0 2 0 0 0 0 0 50 0 2 0 0 0 0 51 0 0 0 0 0 8 0 0 0 0 0 0 0 0 0 0 0 7 0 0 0 0 0 0 0 0 0 0 0 0 0 0 0 10 0 0 0 0 0 0 0 17 34 21 0 8 0 37 4 15 0 15 19 3 0 49 37 12 28 3 0 0 0 0 0 0 0 0 0 40 1 3 0 49 10 0 0 6 13 0 0 0 0 0 0 0 4 0 0 0 0 0 0 0 0 0 0 0 0 0 0 0 0 0 0 12 0 0 0 0 0 0 0 0 0 0 0 0 0 0 63 4 17 18 4 0 16 3 14 5 1 39 0 1 22 0 7 3 19 12 7 1 0 11 0 0 19 9 0 0 0 0 11 0 0 0 0 0 0 2 0 0 13 0 0 0 0 0 0 0 0 6 0 1 0 0 0 0 0 13 0 0 0 0 0 8 3 0 0 0 0 0 0 0 0 0 0 0 0 0 0 0 0 0 2 15 0 0 0 0 
 0 58 0 0 2 65 0 0 0 0 0 0 0 0 0 0 0 0 0 0 0 0 0 0 1 63 0 0 0 0 0 69 0 0 0 0 0 2 0 0 60 192 0 158 129 34 185 337 123 49 47 84 78 142 268 56 359 98 125 120 0 0 0 1 3 0 15 6 0 0 3 6 16 8 0 0 16 52 5 2 0 0 0 0 0 0 0 0 0 0 0 0 0 0 0 0 0 0 0 0 0 0 0 20 0 0 0 0 0 0 0 0 0 4 0 0 0 0 0 0 0 11 23 0 0 0 51 6 3 54 19 30 0 14 7 0 8 10 28 29 5 7 22 8 0 0 0 0 0 1 0 0 8 0 9 0 0 0 7 0 0 0 0 0 9 0 0 0 0 0 0 0 2 0 4 0 0 0 15 0 0 0 0 0 0 0 0 0 0 0 0 0 0 0 0 0 0 0 0 0 47 9 10 0 10 0 1 12 32 11 0 25 0 11 20 12 13 15 11 0 2 19 6 0 0 0 0 0 0 22 7 0 4 0 2 6 0 0 11 0 0 0 0 0 0 0 0 0 0 0 0 8 0 0 0 0 0 0 0 3 0 0 0 70 0 0 0 1 0 0 8 0 1 0 0 0 0 0 0 0 0 0 0 0 15 14 0 0 0 0 
 0 3 0 0 0 0 0 0 0 29 0 0 0 0 0 0 0 0 0 0 0 0 0 0 0 0 0 4 0 0 0 0 5 0 62 0 0 2 0 0 40 268 158 0 220 59 93 91 172 165 238 107 271 88 56 117 267 180 101 49 58 0 1 1 0 2 22 2 2 12 214 0 68 47 0 8 0 0 19 2 0 0 0 0 0 0 0 0 0 0 0 0 0 0 0 0 0 0 0 0 0 0 0 0 0 0 0 0 0 0 15 0 0 0 0 0 0 0 0 0 0 9 8 3 31 14 0 0 0 10 4 1 0 0 0 21 2 59 0 0 10 20 0 0 0 0 31 26 62 0 3 0 14 29 1 0 48 6 1 48 0 7 0 0 0 0 0 0 0 0 8 0 0 0 0 15 0 0 0 0 0 0 0 0 0 0 0 0 0 0 0 0 0 26 0 0 0 0 0 0 0 0 0 1 29 53 0 0 0 28 7 1 0 0 0 0 5 5 0 0 0 21 0 2 0 0 20 36 30 2 0 0 13 18 2 0 49 0 9 27 0 0 0 0 0 0 0 0 0 0 0 0 0 0 0 0 0 0 0 0 0 0 2 0 69 1 1 0 0 0 0 0 0 0 0 0 0 0 0 0 0 2 8 0 3 0 0 12 0 0 
 3 61 3 3 9 7 3 3 3 3 4 3 3 4 3 3 3 3 3 3 0 4 0 40 5 25 61 5 2 0 0 0 0 2 0 0 0 1 0 0 35 53 129 220 0 120 63 68 180 243 195 164 91 307 83 352 122 117 66 73 23 0 1 1 0 69 0 0 0 2 35 0 24 51 0 0 0 0 24 50 0 0 0 0 0 0 0 0 0 0 0 0 0 0 0 0 0 0 0 0 0 8 0 1 1 5 0 0 0 4 3 0 0 16 3 0 8 4 0 0 9 8 9 0 22 4 1 0 0 9 0 14 0 0 0 7 7 19 3 0 12 0 0 6 0 0 22 22 23 0 12 0 15 25 10 0 0 8 17 0 0 6 0 0 0 0 0 0 0 0 6 0 0 0 0 0 0 0 0 0 0 8 10 0 0 8 1 0 14 8 0 0 0 10 0 1 0 6 0 0 0 0 11 0 14 39 0 0 0 21 0 19 0 0 0 0 6 12 7 0 16 60 0 0 0 0 0 34 0 0 0 0 23 0 10 0 0 0 31 0 0 0 10 0 0 0 0 0 0 0 0 7 0 0 0 0 0 0 0 1 0 0 5 0 64 3 0 0 3 0 0 0 0 0 0 0 0 0 0 0 0 0 0 0 0 10 0 0 1 0 
 3 0 0 0 5 0 0 4 0 0 1 0 0 0 0 0 0 0 0 0 0 3 3 0 0 0 3 0 2 2 0 0 5 0 25 4 0 10 14 0 92 95 34 59 120 0 37 128 357 67 118 134 59 326 45 357 70 335 64 55 0 16 100 0 0 0 0 76 1 0 2 1 53 50 109 52 1 52 122 1 0 0 0 0 0 0 0 0 0 0 0 0 9 0 0 0 0 1 0 0 0 0 34 3 5 0 0 0 4 0 0 1 0 0 0 11 0 1 6 6 0 14 0 0 1 40 0 0 0 0 0 0 0 0 0 7 10 0 0 0 0 0 0 19 0 0 0 0 0 10 0 0 11 19 20 17 1 0 13 20 0 0 0 0 0 0 0 7 0 0 0 18 0 0 0 0 0 0 0 0 0 0 0 4 0 0 2 4 0 0 0 0 0 1 11 0 0 0 5 2 0 4 20 21 0 41 0 0 0 0 0 22 0 0 0 0 21 0 1 0 37 0 32 19 0 18 19 65 0 9 0 0 34 49 16 0 12 0 15 0 0 0 38 0 0 0 0 0 0 0 0 5 0 0 0 0 0 0 0 0 0 0 8 0 1 2 2 6 0 0 7 0 0 1 0 0 0 0 0 0 0 0 0 0 0 2 0 0 0 0 
 0 0 0 0 25 0 0 0 0 0 0 0 0 0 0 0 0 0 0 0 0 0 0 0 3 118 3 1 0 0 5 63 0 0 0 0 0 14 2 0 50 104 185 93 63 37 0 168 52 28 50 106 180 109 263 106 125 32 250 168 0 0 1 2 1 17 16 0 0 2 3 2 0 0 0 0 2 0 0 1 0 0 0 0 11 0 0 0 0 0 0 0 0 0 0 0 0 0 0 0 0 0 0 0 8 12 0 0 0 0 0 2 0 0 0 0 0 0 0 0 0 1 20 11 0 0 40 0 31 8 21 47 2 41 11 1 6 12 37 2 0 0 0 0 0 0 0 0 0 0 0 0 0 0 0 0 0 0 0 0 0 0 0 0 5 0 0 21 0 0 0 0 9 0 1 0 0 0 2 0 0 0 0 3 0 0 0 0 0 0 0 0 0 0 0 0 0 0 0 0 24 0 9 0 0 0 0 16 16 14 4 4 4 26 21 28 44 20 5 7 0 0 0 0 0 0 0 2 0 0 0 0 0 0 0 0 0 0 13 4 0 0 0 0 0 0 0 1 0 0 0 4 0 2 0 0 1 65 0 0 0 0 1 67 2 0 0 0 0 10 3 0 0 0 0 0 0 0 0 0 0 5 0 0 10 0 0 0 0 0 
 0 3 0 0 1 0 0 0 0 0 0 0 0 0 0 0 0 0 0 0 0 0 1 65 0 62 0 0 0 1 209 57 0 0 0 1 0 2 0 0 220 131 337 91 68 128 168 0 144 79 33 97 185 199 59 60 138 105 57 206 0 0 3 0 0 3 204 31 0 0 0 0 0 0 0 0 51 0 0 0 0 0 0 0 0 0 0 0 0 0 0 0 0 0 0 0 0 0 0 0 0 0 0 0 0 0 0 0 0 0 0 0 0 0 0 0 0 0 0 0 0 15 14 10 0 26 1 23 17 0 17 9 30 25 0 7 5 40 2 0 1 0 0 0 0 0 0 0 0 0 0 0 5 24 0 0 0 0 1 0 0 0 0 0 0 0 0 0 0 0 2 0 0 0 0 0 0 0 4 0 0 0 0 0 0 9 0 0 0 0 0 0 0 0 0 0 0 0 0 0 6 19 31 43 25 0 0 0 12 10 9 51 0 0 2 6 0 14 0 9 0 0 0 0 0 0 0 0 0 0 0 0 0 0 0 0 0 0 14 16 0 0 28 0 0 0 0 0 0 17 0 4 0 1 0 0 0 0 0 0 0 0 1 65 0 0 2 0 0 0 0 0 0 0 0 0 0 0 0 0 0 0 0 0 0 0 0 0 0 0 
 6 0 3 3 3 6 3 9 3 3 3 3 3 3 3 3 3 3 3 3 0 0 0 1 1 0 0 205 4 0 0 0 0 2 0 0 0 0 3 0 79 198 123 172 180 357 52 144 0 330 80 126 110 340 152 410 86 755 58 65 1 0 0 0 2 0 6 4 1 0 0 0 104 0 0 0 6 2 51 1 0 0 0 0 0 0 0 0 0 0 0 0 0 0 0 0 0 0 0 0 8 0 0 0 0 0 0 0 0 0 0 0 0 0 0 0 0 0 14 0 0 22 15 0 19 35 0 26 0 26 2 1 0 50 0 0 16 2 11 0 0 3 0 7 0 0 1 12 0 0 0 0 4 20 37 1 0 0 8 0 0 0 0 0 0 0 0 0 0 0 0 0 0 0 0 0 0 0 1 0 0 0 0 0 0 0 0 0 0 0 0 0 0 0 0 0 0 0 0 0 2 6 28 0 40 0 1 1 10 20 18 33 0 12 15 6 49 13 10 0 16 0 11 0 0 0 10 15 0 0 29 14 24 0 3 5 1 6 10 13 0 0 20 0 0 0 0 0 0 0 0 0 0 1 0 0 0 0 0 12 0 0 0 1 0 15 2 0 0 0 1 0 0 0 0 0 0 0 0 0 0 3 0 0 12 25 0 0 0 0 
 2 0 2 2 2 4 2 2 2 2 2 2 2 2 2 2 2 2 2 2 5 6 3 3 9 7 3 3 3 3 3 3 3 4 3 3 3 5 3 3 83 150 49 165 243 67 28 79 330 0 160 103 82 289 135 242 377 125 145 69 72 0 0 50 0 0 49 57 1 0 32 0 10 0 52 0 0 0 0 48 0 0 0 0 0 0 0 0 0 0 0 17 0 0 0 0 0 0 0 0 0 0 0 0 0 0 0 0 0 0 0 0 0 0 0 8 0 0 0 0 21 1 7 0 21 12 0 16 0 11 9 24 0 4 0 12 0 22 0 11 9 0 0 0 0 0 4 20 31 0 0 0 0 14 0 17 0 6 8 0 0 8 0 0 0 0 0 0 0 0 10 0 0 0 0 0 0 0 0 0 0 0 0 0 0 0 0 0 0 0 0 0 0 0 0 0 0 0 0 0 0 0 0 0 0 39 7 0 0 27 10 7 0 0 0 0 0 14 0 0 0 33 1 0 0 0 4 8 0 0 0 0 2 25 0 0 0 0 2 0 0 0 0 0 0 0 0 0 0 0 0 8 0 1 0 0 0 0 1 3 0 0 18 0 5 0 16 34 0 0 0 0 1 0 0 0 0 0 0 0 0 0 0 0 0 0 0 12 0 0 
 0 0 0 0 2 6 0 0 2 0 0 0 1 0 0 0 0 0 0 0 2 2 2 1 9 2 2 4 4 2 2 2 3 2 2 1 2 8 2 1 30 95 47 238 195 118 50 33 80 160 0 171 47 36 140 58 126 317 99 73 27 0 55 1 2 0 0 0 0 3 0 0 56 54 0 0 0 2 52 58 0 0 0 0 0 0 0 0 0 0 0 0 0 0 0 0 0 0 0 0 0 0 0 0 0 0 0 0 0 0 0 0 0 0 0 0 0 0 0 23 0 19 25 0 29 0 0 8 0 19 0 34 0 15 0 0 10 0 9 0 10 14 0 0 0 0 12 9 9 0 10 0 12 0 17 0 10 7 0 4 0 2 0 0 0 0 0 0 0 0 3 0 0 7 0 0 0 0 0 0 0 0 0 0 0 0 0 0 0 0 0 0 0 0 0 0 0 10 0 0 0 8 10 0 21 9 3 0 18 6 13 19 0 11 11 0 37 10 11 2 0 10 2 0 0 0 10 1 10 0 1 0 10 9 16 0 1 0 10 11 0 0 0 0 0 0 0 0 0 0 0 0 0 0 0 0 0 0 1 0 0 0 5 0 0 8 2 0 0 0 0 0 0 0 0 0 0 0 0 0 0 0 0 11 7 1 0 0 2 2 
 4 1 0 0 4 0 0 0 0 0 2 0 2 0 0 0 0 0 0 0 2 2 2 2 5 2 2 2 2 2 2 2 2 2 2 2 2 4 2 2 46 42 84 107 164 134 106 97 126 103 171 0 51 40 32 352 92 157 34 44 9 0 0 0 4 0 0 0 0 7 1 0 107 0 3 0 0 4 50 2 0 0 0 0 0 0 0 0 0 0 0 1 0 0 0 0 0 0 0 0 0 15 0 0 0 0 10 0 0 0 0 0 0 0 0 0 0 18 0 0 0 9 1 0 8 19 0 20 0 7 3 21 0 18 0 8 11 0 12 0 0 19 0 0 9 0 3 20 0 0 0 0 0 0 0 20 11 0 0 20 0 0 0 0 0 0 0 0 0 0 0 0 0 0 0 0 0 0 2 0 0 0 0 0 0 0 0 0 0 0 0 0 0 0 0 0 0 15 0 0 0 2 12 0 11 28 0 0 4 0 10 1 0 7 1 4 33 18 1 0 0 0 0 0 0 0 41 16 29 7 0 0 9 9 0 0 0 3 9 35 0 0 0 0 0 0 0 0 0 0 0 0 0 0 0 0 0 0 0 39 0 0 65 3 1 16 0 0 0 0 0 0 0 0 0 0 0 0 0 0 0 0 0 0 0 0 0 0 2 4 
 4 4 0 2 10 3 0 0 5 0 7 8 0 0 0 0 0 0 0 0 3 0 53 62 189 65 0 0 0 70 0 125 3 0 0 53 0 3 0 0 261 293 78 271 91 59 180 185 110 82 47 51 0 164 186 71 34 45 150 702 0 0 0 0 7 0 0 0 0 0 180 0 0 0 0 13 0 0 0 2 0 0 0 7 0 0 0 0 0 0 0 0 0 0 0 0 0 8 0 0 0 0 0 0 1 0 0 10 0 0 10 10 3 0 0 10 14 0 0 0 36 23 1 27 0 0 8 0 19 21 0 0 21 0 39 3 0 0 25 10 4 0 0 0 0 19 0 0 0 0 0 0 0 0 11 0 0 0 0 0 3 0 0 0 0 8 0 0 0 0 3 0 0 0 4 0 0 17 0 0 3 10 0 11 0 14 0 11 12 5 0 22 0 14 0 0 0 0 0 0 28 17 27 31 1 0 20 18 0 0 38 1 31 31 10 10 16 13 15 10 0 0 0 0 0 0 0 0 0 0 0 0 0 0 0 0 5 0 1 0 0 0 0 0 0 0 2 0 0 0 0 2 0 9 0 0 0 67 0 0 0 0 0 0 0 2 3 0 0 0 0 0 0 0 1 0 0 0 0 0 0 0 0 0 0 0 0 0 0 0 
 5 2 3 3 3 3 3 3 8 3 3 3 3 3 3 3 3 3 65 3 2 64 9 2 14 64 10 2 2 70 64 72 6 2 2 2 68 66 6 2 116 66 142 88 307 326 109 199 340 289 36 40 164 0 247 45 78 300 157 301 0 0 0 0 4 0 0 0 50 7 0 0 0 3 0 2 0 0 0 0 0 0 0 0 0 0 0 0 0 0 0 0 0 0 0 0 0 0 0 0 0 0 7 19 7 1 0 0 0 1 0 0 0 0 0 3 0 0 0 27 19 7 4 14 0 0 8 2 18 23 26 4 9 14 47 13 31 11 15 1 0 0 0 0 0 0 0 0 0 0 0 0 0 16 0 0 0 0 0 0 3 0 0 0 0 0 0 0 0 0 0 0 0 0 2 0 0 40 0 0 0 0 0 0 0 24 8 4 0 0 6 6 0 0 4 6 5 0 6 9 19 27 24 42 15 0 4 25 12 1 21 14 1 2 0 0 14 15 16 9 0 0 0 0 0 0 0 0 0 0 0 0 0 0 0 0 0 0 6 0 0 0 17 0 0 0 0 0 0 26 0 4 0 2 0 0 0 0 0 0 0 0 2 0 0 0 1 0 1 0 1 0 0 0 0 0 0 0 0 0 0 0 0 0 3 0 0 0 0 0 
 3 5 3 3 5 3 3 3 5 3 3 3 3 3 5 3 3 3 3 3 0 0 0 0 62 1 0 0 0 0 0 54 0 0 0 0 0 2 0 0 31 43 268 56 83 45 263 59 152 135 140 32 186 247 0 76 114 43 444 152 0 0 0 0 0 0 0 0 0 0 0 0 6 0 0 0 0 0 24 2 8 0 0 0 0 0 0 0 0 0 0 0 0 0 0 0 0 0 0 0 0 0 0 0 0 0 0 0 0 0 0 0 0 0 0 0 0 0 0 0 38 7 9 12 9 0 0 6 6 22 2 17 0 0 6 10 10 0 11 19 0 0 0 0 0 1 0 0 0 0 0 0 0 3 10 0 0 0 0 0 3 0 0 0 0 0 0 0 0 0 0 0 0 0 0 0 0 4 0 0 0 0 0 0 0 6 0 0 0 0 0 0 0 0 0 0 0 0 0 0 17 13 1 28 2 0 17 12 1 37 27 8 0 10 0 0 20 19 0 8 0 0 0 0 0 0 0 0 0 0 0 0 0 0 0 0 0 0 0 0 0 0 0 0 0 0 0 0 0 0 0 4 0 0 0 0 0 0 63 0 0 0 0 0 0 0 0 42 1 0 2 0 0 0 0 0 0 0 0 0 0 0 0 0 18 0 0 0 0 0 
 62 69 65 0 5 2 0 0 1 0 66 2 0 0 0 0 55 0 0 0 5 5 5 4 9 70 4 4 6 5 5 68 37 4 5 4 5 16 3 5 92 345 56 117 352 357 106 60 410 242 58 352 71 45 76 0 200 133 122 77 0 0 0 51 0 0 4 9 0 0 0 6 63 0 0 0 0 0 49 3 0 0 3 23 0 0 0 0 4 11 20 11 0 0 0 9 0 11 0 0 0 0 0 0 0 0 0 0 10 0 0 0 0 0 0 0 0 0 12 1 0 1 6 0 0 0 19 16 3 29 0 20 0 18 0 4 12 0 19 25 0 0 0 0 0 0 0 0 0 0 0 0 0 0 0 7 0 0 8 0 0 0 9 17 9 0 1 0 4 8 0 0 0 0 0 0 1 9 0 0 0 0 0 37 0 0 0 12 0 0 0 0 7 0 0 0 0 0 0 0 21 0 6 0 29 20 7 3 0 14 0 0 0 0 0 13 0 23 0 0 0 0 0 0 0 0 12 3 0 0 0 0 12 4 0 0 0 0 45 12 0 0 0 0 0 0 0 0 1 0 0 8 0 2 0 0 0 1 0 9 0 0 63 0 1 16 0 1 0 0 0 0 0 0 0 0 0 0 0 0 0 0 0 0 0 0 0 0 1 0 
 6 64 0 0 7 3 0 0 0 0 0 0 0 0 0 0 0 0 0 0 0 0 0 0 0 5 0 0 0 0 0 0 0 0 0 0 0 0 0 59 61 90 359 267 122 70 125 138 86 377 126 92 34 78 114 200 0 124 43 43 2 0 0 6 0 3 1 0 5 5 0 0 64 0 7 55 0 0 1 6 0 0 0 0 0 0 0 0 0 0 0 0 0 0 0 0 0 0 0 0 0 0 0 0 0 0 0 0 0 0 0 11 0 0 0 0 0 0 0 0 19 21 0 0 0 25 0 15 41 6 38 28 0 28 7 0 0 0 0 6 0 0 12 0 0 0 0 5 37 0 5 0 0 28 0 3 0 12 0 0 0 0 0 0 0 0 0 0 0 0 0 0 0 0 0 0 0 0 0 0 0 0 0 0 0 0 0 0 0 0 0 0 0 0 0 0 0 0 0 0 11 0 0 0 0 0 0 11 0 10 8 11 0 0 0 30 0 31 0 0 0 0 0 1 0 0 22 7 12 0 0 0 1 0 0 0 0 16 0 9 0 0 0 0 0 0 0 0 0 0 0 4 0 0 0 0 0 0 0 16 0 0 2 6 1 11 41 65 0 0 31 0 0 0 0 21 0 0 0 0 0 0 0 0 9 14 0 0 0 0 
 3 0 0 0 4 2 0 4 0 0 0 0 2 0 0 0 0 0 1 0 0 0 0 1 0 0 0 205 2 0 63 0 0 3 0 0 0 2 2 0 108 341 98 180 117 335 32 105 755 125 317 157 45 300 43 133 124 0 51 267 20 0 1 3 0 0 53 54 1 0 0 0 1 53 52 0 0 42 0 53 0 0 0 0 0 0 0 0 0 0 0 0 0 0 0 0 0 0 0 0 0 0 0 0 0 0 0 0 0 0 0 0 0 0 0 0 0 0 1 0 0 10 0 0 1 35 0 0 36 0 19 19 0 0 0 15 13 1 0 0 17 0 0 0 0 0 0 0 4 0 9 0 17 23 0 46 0 6 9 7 0 7 10 0 0 0 0 0 0 0 3 0 0 0 0 0 0 0 0 0 0 0 0 0 0 0 0 0 0 0 0 0 0 0 0 0 0 0 0 0 0 8 8 32 2 18 0 0 5 20 0 17 0 0 0 0 10 19 0 0 9 19 0 0 0 0 4 32 0 0 0 0 3 27 11 0 1 0 12 0 0 0 13 0 0 0 0 0 0 0 0 6 0 0 0 0 0 0 0 7 0 0 7 0 1 3 1 0 0 0 0 0 0 0 0 0 0 0 0 0 0 0 0 0 0 16 0 10 2 0 
 3 34 3 3 5 38 3 3 3 3 63 3 3 3 3 3 3 3 3 3 0 64 63 1 3 6 2 61 3 72 67 1 2 1 69 2 64 76 62 0 155 47 125 101 66 64 250 57 58 145 99 34 150 157 444 122 43 51 0 292 22 7 0 0 14 6 0 3 1 1 0 0 5 1 4 0 0 1 0 2 0 0 0 0 19 0 0 0 0 0 0 0 0 0 0 0 0 0 0 0 20 16 19 28 7 27 0 6 0 11 12 11 0 16 0 0 10 11 8 13 26 0 0 1 0 0 7 0 9 6 7 11 0 0 12 0 0 0 0 13 0 0 1 0 0 0 0 0 0 12 1 0 2 0 0 10 6 0 6 0 1 0 0 7 0 13 0 0 0 0 0 18 0 0 0 0 0 0 0 0 15 0 0 5 9 9 0 1 0 10 0 9 0 0 0 10 0 0 20 7 12 0 0 9 0 0 0 3 0 0 0 0 7 0 0 32 0 11 1 11 0 0 0 4 1 0 0 0 1 0 0 0 0 0 0 0 0 0 0 0 0 11 0 0 0 0 62 0 0 0 0 4 0 0 0 0 0 1 0 0 1 0 0 0 0 2 2 69 1 0 6 0 0 0 0 0 0 2 0 0 0 0 0 0 0 0 0 0 0 0 
 3 0 3 3 3 7 3 3 3 3 4 3 3 3 3 3 3 3 3 3 3 1 64 58 37 126 0 3 2 65 2 2 4 1 2 68 2 66 2 2 57 109 120 49 73 55 168 206 65 69 73 44 702 301 152 77 43 267 292 0 0 0 0 0 0 0 1 3 0 0 0 0 10 8 0 18 0 3 6 3 0 0 0 0 0 0 0 0 8 0 0 0 0 0 0 0 0 0 0 0 0 0 0 0 11 1 0 0 0 0 19 0 0 0 0 0 11 0 0 0 7 16 27 15 0 6 36 11 0 41 1 0 11 0 32 0 37 0 27 12 14 1 0 1 22 0 0 0 0 0 0 0 1 8 7 0 0 0 3 0 0 0 0 0 23 0 0 0 0 0 0 0 0 0 2 0 0 1 0 0 0 9 0 0 0 15 0 12 0 12 0 4 20 0 0 0 0 0 0 0 13 7 60 14 15 0 25 9 29 16 23 37 12 12 29 11 0 0 29 20 0 14 0 0 0 1 2 0 0 4 0 0 1 0 0 3 0 0 7 0 0 0 0 0 0 2 0 0 0 0 0 0 0 0 0 0 0 1 0 0 0 0 1 1 0 0 3 0 2 0 0 0 0 0 0 0 0 0 0 0 0 0 0 0 7 0 0 0 0 0 
 4 1 0 0 2 3 0 0 0 0 0 0 0 0 0 0 0 0 0 0 3 0 0 0 0 0 0 1 0 0 0 0 54 0 0 8 0 1 0 0 0 0 0 58 23 0 0 0 1 72 27 9 0 0 0 0 2 20 22 0 0 150 296 104 37 51 318 156 101 49 46 43 40 178 226 98 24 81 48 196 0 0 0 0 0 0 0 0 0 7 0 0 0 0 0 0 0 0 0 0 0 0 0 0 0 0 0 43 0 0 0 0 0 0 0 0 0 0 0 0 0 0 0 0 12 11 0 0 0 0 0 14 0 0 0 0 0 0 0 0 18 15 0 18 12 0 5 1 6 15 11 0 15 1 11 3 12 43 2 14 0 7 0 0 0 0 0 0 0 0 10 17 0 0 0 0 0 0 0 0 0 0 0 0 0 0 0 0 0 0 0 0 0 0 0 0 0 0 0 0 0 0 0 0 0 0 0 0 0 0 0 11 0 0 0 0 0 0 0 0 14 23 1 15 21 1 0 5 11 4 38 7 7 24 9 0 2 19 0 4 0 0 0 0 0 0 0 0 0 0 0 0 0 0 4 0 25 0 0 0 0 0 0 0 0 0 18 0 0 0 27 0 0 2 0 52 0 0 0 0 0 0 0 0 0 3 0 0 0 0 
