 0 154 234 33 40 239 226 172 131 33 146 124 260 524 137 351 127 76 421 205 0 0 1 0 0 0 0 3 0 5 0 74 2 0 0 0 1 2 65 0 3 0 0 0 0 0 0 0 0 0 0 2 0 1 0 0 4 0 0 0 0 0 39 0 3 0 2 0 0 0 0 0 0 0 3 0 13 0 0 0 26 36 78 14 0 18 1 15 45 31 48 0 0 14 11 22 8 13 11 22 0 0 0 0 0 0 0 0 0 0 0 0 0 0 0 0 0 0 0 0 0 0 0 0 0 0 0 0 0 0 0 0 0 0 0 0 0 15 0 32 0 0 0 0 0 0 0 0 0 1 0 4 0 0 0 2 0 0 1 0 0 1 15 49 0 7 18 0 0 21 0 10 1 45 15 10 29 1 13 0 0 0 0 0 0 0 0 0 0 0 0 0 16 0 0 0 1 0 0 0 0 0 0 0 0 0 0 0 0 0 0 0 0 0 0 0 0 0 0 0 0 0 10 0 0 1 0 0 0 0 0 2 0 0 0 0 0 0 0 0 0 0 0 0 0 0 2 0 54 2 1 6 0 2 0 0 0 0 0 0 0 0 0 0 0 0 0 0 0 0 0 0 0 0 0 9 0 12 0 0 0 0 0 0 0 0 0 0 0 0 
 154 0 207 172 378 239 84 346 68 164 274 35 43 255 168 240 178 326 130 40 0 0 0 0 0 0 0 3 0 3 0 0 2 4 0 0 1 0 0 0 3 0 0 0 0 0 0 0 1 0 0 5 0 1 1 0 3 0 1 0 0 0 49 0 3 0 0 0 0 0 0 0 0 0 3 0 0 0 0 0 15 28 0 8 47 28 0 0 18 27 0 0 0 38 19 21 0 53 23 26 11 0 0 0 0 0 0 0 0 0 0 0 0 0 0 16 0 0 0 0 0 0 0 0 0 0 0 0 0 0 0 0 0 0 0 0 0 0 0 0 0 0 0 0 0 0 0 0 0 0 0 0 0 0 0 1 0 0 0 0 1 16 21 9 3 0 17 1 14 0 7 10 0 30 13 0 15 1 0 14 10 0 0 0 0 0 10 0 0 0 0 0 41 0 0 0 0 0 0 0 0 0 0 0 0 0 0 0 0 0 0 0 0 0 0 0 0 0 0 0 0 0 0 0 0 0 0 0 0 0 0 0 0 0 0 0 0 0 0 0 0 0 0 0 0 2 2 2 0 0 1 3 0 0 0 0 0 0 0 0 0 0 0 0 0 0 0 0 0 0 0 0 0 0 0 0 26 10 0 0 0 0 0 0 0 0 0 0 0 0 
 234 207 0 96 138 112 458 426 108 127 223 260 65 563 174 453 122 202 131 52 0 0 0 1 0 2 48 78 0 3 1 2 2 0 0 0 1 2 0 2 3 1 0 0 3 6 0 1 0 0 0 31 0 2 1 3 3 2 2 0 0 0 4 0 8 3 0 0 3 0 0 3 1 3 6 0 11 3 0 1 10 42 5 20 11 33 0 21 10 0 17 0 0 0 48 40 20 0 24 4 18 0 1 0 0 0 0 0 0 1 0 1 0 19 0 0 0 0 0 0 0 8 0 0 0 0 0 0 0 0 0 0 0 0 0 0 0 10 0 0 0 0 0 0 0 0 0 0 0 0 0 0 0 0 0 0 0 0 0 0 0 0 0 25 2 22 23 0 0 27 9 11 0 31 15 23 13 1 0 0 0 0 0 0 0 0 0 0 0 0 14 0 40 17 13 0 0 0 0 14 0 0 0 0 0 2 0 0 0 1 0 0 0 25 0 0 0 0 0 0 0 0 0 0 0 0 0 0 1 0 0 0 1 0 0 0 0 0 0 0 0 0 0 0 0 2 90 1 5 0 0 1 0 1 0 0 0 0 0 0 0 0 0 0 0 0 0 0 0 0 0 0 0 0 0 28 0 0 0 0 0 0 0 0 0 0 0 0 0 0 
 33 172 96 0 387 32 177 261 113 220 144 138 176 91 130 53 147 106 95 174 79 0 0 0 0 0 0 3 0 3 0 7 2 1 0 0 2 0 3 0 2 0 0 3 0 1 0 0 1 0 0 0 0 68 2 0 3 0 2 0 0 26 0 0 37 0 0 0 38 0 0 2 1 0 3 0 0 0 0 0 14 22 8 14 0 0 7 22 12 14 0 15 0 27 0 0 4 10 19 6 0 0 21 0 0 0 12 0 0 0 0 10 19 0 1 0 12 20 1 23 0 0 0 0 0 0 1 0 0 0 0 0 0 0 0 0 26 0 0 0 0 0 0 0 0 14 0 0 0 0 0 6 0 12 0 0 8 0 14 0 30 49 14 7 23 0 11 0 19 4 18 0 13 14 14 16 21 37 1 12 15 0 0 0 0 0 0 0 10 0 7 0 0 0 17 0 0 0 35 0 0 0 0 0 0 0 0 0 0 0 0 0 0 0 0 0 0 0 0 0 0 0 0 0 0 0 0 0 0 0 0 0 0 0 0 0 0 0 0 0 0 0 0 0 0 3 0 1 1 4 2 13 0 0 0 0 0 0 0 0 1 0 0 0 0 0 0 0 0 0 0 0 0 0 0 0 0 0 0 0 0 0 0 0 0 0 0 0 0 0 
 40 378 138 387 0 309 174 69 95 95 81 32 99 137 83 171 107 132 59 58 90 206 150 0 0 74 1 4 0 3 0 0 19 151 0 71 81 0 0 75 6 0 0 0 3 0 0 0 0 0 0 1 0 0 0 0 3 0 0 0 0 0 0 0 2 0 0 0 0 0 0 0 0 0 3 0 0 0 0 0 0 26 0 6 59 38 0 0 0 34 0 0 2 0 0 1 26 12 0 0 42 51 21 15 0 0 0 1 16 41 17 20 12 25 19 0 34 2 35 21 0 0 6 0 0 0 0 0 0 0 0 0 0 0 0 0 0 0 1 0 0 2 0 0 0 0 0 0 0 0 0 0 0 0 20 0 0 0 0 0 0 0 0 0 13 23 0 0 0 0 43 0 0 0 0 0 0 0 0 0 19 1 10 6 5 0 32 14 14 0 0 0 32 13 1 13 0 35 10 14 0 0 0 0 0 0 1 0 0 0 0 0 0 0 0 0 0 0 0 0 0 0 0 0 2 0 0 0 0 0 0 0 0 0 0 0 0 0 0 0 0 0 0 0 0 0 4 0 0 1 0 13 0 0 0 0 0 0 0 0 0 0 0 0 0 0 14 0 0 0 0 0 0 0 0 0 73 0 0 0 0 0 0 0 0 0 7 0 0 0 
 239 239 112 32 309 0 53 37 259 143 172 150 31 216 66 68 49 101 52 58 141 147 26 0 0 0 150 77 75 79 86 4 152 167 75 0 138 83 233 1 6 0 0 3 0 0 0 0 0 0 0 0 1 2 2 0 3 0 0 2 3 0 0 5 2 0 0 0 0 0 0 0 2 6 3 0 0 0 0 0 0 15 0 13 17 19 0 0 0 0 19 16 0 0 0 10 0 15 0 0 25 0 0 0 0 1 12 0 22 24 0 11 1 12 10 0 11 0 7 23 0 1 0 0 2 0 0 0 0 2 0 2 0 0 0 1 13 0 0 0 0 0 0 0 0 0 0 0 0 0 0 0 0 0 0 0 0 0 0 0 0 0 0 0 3 37 0 0 0 14 0 27 0 0 0 0 0 0 0 0 45 0 0 16 0 1 38 0 16 24 19 0 23 6 0 28 13 19 14 24 1 0 0 0 0 0 0 0 0 0 0 2 0 0 0 0 0 0 0 0 0 0 2 0 0 0 0 0 0 0 0 0 0 0 0 0 0 0 0 0 0 0 0 0 0 0 5 0 1 1 0 11 0 0 0 0 0 1 0 0 0 0 0 0 0 0 0 0 0 0 0 0 0 0 0 0 0 0 0 19 0 0 0 0 0 9 11 0 0 0 
 226 84 458 177 174 53 0 193 374 97 337 142 242 384 86 651 300 32 36 44 0 0 0 0 0 0 0 3 0 3 0 3 2 2 0 0 1 0 0 0 3 0 35 0 3 0 0 0 2 0 0 0 0 0 0 0 4 0 0 0 0 0 53 7 2 0 0 0 0 0 0 0 0 0 3 0 0 0 6 0 9 46 12 22 9 45 54 22 14 21 10 0 25 15 29 8 0 1 8 11 1 0 0 0 0 0 0 0 0 0 0 12 0 0 0 0 0 0 0 0 0 0 0 0 0 0 0 0 0 0 0 0 0 0 0 0 0 14 0 0 0 0 0 0 0 1 0 0 0 0 0 0 0 0 0 1 0 11 0 0 29 10 13 52 37 0 11 7 0 0 1 0 12 31 12 10 46 16 0 0 0 0 0 0 2 0 0 0 0 0 0 0 21 0 0 0 0 0 0 0 0 1 0 0 1 0 0 0 0 0 0 0 0 0 1 0 0 0 0 0 1 1 0 1 0 0 1 0 0 0 0 0 0 0 0 0 0 0 0 0 0 0 0 0 0 0 1 0 90 2 0 24 0 0 0 0 0 0 0 0 0 0 0 2 0 0 0 0 0 0 0 0 0 0 0 0 0 35 0 0 0 0 0 0 0 0 0 0 0 0 
 172 346 426 261 69 37 193 0 396 43 39 46 208 488 583 222 38 80 157 170 203 0 0 0 0 1 74 3 0 3 0 0 2 75 1 1 1 0 0 0 3 21 0 0 0 0 0 0 0 0 0 4 0 1 1 0 3 0 1 0 0 1 0 0 3 0 0 0 0 2 0 1 6 0 3 0 0 0 0 0 22 25 24 15 1 12 5 16 30 0 2 1 0 30 20 0 22 24 22 20 0 0 0 0 0 0 25 0 0 0 0 0 0 0 0 0 1 0 0 9 0 0 0 0 0 0 1 0 0 0 0 0 0 9 0 0 0 0 0 0 0 0 0 0 0 0 0 0 0 0 0 1 0 0 0 0 0 0 11 11 12 19 0 23 13 0 19 0 29 2 10 0 0 17 9 16 13 1 0 15 10 0 0 0 0 0 0 0 0 0 0 0 0 0 0 0 0 0 7 0 0 0 0 0 0 0 0 0 0 0 0 0 10 0 0 0 0 0 0 1 0 0 0 4 0 0 0 0 0 0 0 0 0 0 0 0 0 0 0 0 0 0 0 0 0 0 0 2 9 0 1 7 0 0 0 0 0 0 0 0 0 0 0 0 0 0 0 0 0 0 0 0 0 0 0 0 0 0 0 0 0 0 0 0 0 0 0 0 0 0 
 131 68 108 113 95 259 374 396 0 358 296 36 355 280 566 131 192 73 156 231 0 0 2 1 0 2 0 3 0 3 2 0 2 206 0 1 2 2 1 0 2 0 0 0 0 0 0 0 0 0 0 0 0 2 2 0 3 0 2 0 0 0 0 0 3 0 2 0 0 0 0 10 0 13 3 0 0 0 1 0 42 43 53 80 13 0 17 19 0 24 0 16 10 0 16 0 33 14 37 31 0 0 0 0 0 0 31 0 0 1 0 10 0 0 13 7 20 0 0 17 0 0 0 2 0 0 0 0 0 0 0 0 0 0 1 0 0 0 0 20 0 0 0 0 0 0 0 0 0 0 0 3 0 0 0 1 0 0 0 0 16 52 0 11 26 0 14 0 1 12 21 0 14 10 30 20 37 102 11 0 16 20 0 0 0 0 0 0 0 0 0 0 0 0 10 0 0 0 19 9 0 0 0 0 0 2 0 0 0 0 0 0 0 0 0 0 0 0 0 0 0 0 0 0 0 0 0 0 1 0 0 0 0 0 0 0 0 0 0 11 0 0 0 0 0 0 1 0 2 3 1 12 7 0 0 0 0 0 0 0 0 0 0 0 0 0 0 0 0 0 0 0 0 0 0 0 0 0 0 0 0 0 0 0 0 0 0 0 0 0 
 33 164 127 220 95 143 97 43 358 0 299 108 148 86 292 184 231 136 43 93 63 0 0 0 3 0 74 6 1 3 0 1 3 2 0 0 2 74 0 1 3 0 0 0 0 0 0 1 6 0 0 0 0 0 0 0 3 0 0 0 0 0 0 3 0 0 0 0 0 3 0 2 0 7 2 0 0 0 0 0 0 2 0 14 51 28 0 11 19 44 26 58 0 0 0 13 10 11 0 0 14 0 4 0 0 0 21 0 0 0 0 13 9 0 13 7 0 0 0 9 0 2 0 0 0 0 0 0 0 0 0 0 0 0 0 0 0 0 0 0 1 0 0 0 0 0 0 0 0 1 0 0 1 0 0 0 0 0 1 0 9 10 3 1 22 14 0 0 0 20 40 9 18 0 13 0 19 30 0 0 13 11 0 0 0 0 23 3 0 0 0 0 23 0 30 0 1 0 13 10 0 0 0 0 0 0 0 0 0 0 0 0 0 0 0 0 0 0 0 0 0 0 0 0 0 2 0 0 0 0 0 0 0 0 0 0 0 0 0 0 0 0 0 0 0 2 3 2 0 4 2 8 20 2 0 0 0 0 0 0 0 0 0 0 0 0 0 0 0 0 0 0 0 0 0 0 11 0 0 0 0 0 0 0 0 0 0 0 0 0 
 146 274 223 144 81 172 337 39 296 299 0 143 42 246 87 623 326 56 81 160 75 0 0 0 0 0 78 24 0 3 0 0 2 0 0 0 2 0 0 73 2 0 0 0 0 0 0 0 0 0 0 0 0 6 2 0 3 1 2 0 0 0 0 50 3 52 0 0 32 0 0 2 0 0 3 0 4 0 0 0 10 0 20 45 10 14 0 16 10 31 44 30 23 0 0 23 0 0 0 10 16 0 35 0 0 0 0 2 0 0 1 17 3 14 3 0 10 11 2 3 0 12 0 0 0 40 0 0 0 0 0 0 0 0 0 0 2 24 0 44 0 0 0 0 0 0 0 0 0 0 0 0 0 0 0 0 0 0 0 0 9 0 7 0 0 10 0 11 0 16 14 0 0 14 11 26 0 30 0 0 0 0 0 0 0 0 0 1 0 0 2 0 0 0 24 0 0 0 11 32 0 0 0 0 0 0 0 0 0 0 0 0 0 0 0 0 0 0 0 0 0 0 0 0 0 0 0 0 0 0 0 0 0 2 0 0 2 5 0 0 0 0 0 0 0 0 62 0 0 2 0 0 0 0 0 0 0 0 0 0 0 0 0 0 0 0 0 0 0 0 0 0 0 0 0 28 0 0 0 0 0 0 0 0 0 0 0 0 0 0 
 124 35 260 138 32 150 142 46 36 108 143 0 19 21 57 252 70 274 41 46 2 161 0 0 0 0 39 77 73 3 0 3 118 2 78 0 1 0 77 78 3 5 48 0 4 0 3 0 0 3 0 0 0 0 0 3 5 0 0 2 2 0 0 0 2 0 0 0 32 0 0 0 0 0 9 0 6 0 0 0 0 0 6 15 8 11 0 45 6 25 25 53 0 0 0 9 14 13 0 0 0 0 8 17 0 0 29 12 0 0 0 0 22 0 0 15 8 23 1 10 0 0 0 0 0 0 0 0 0 0 0 0 0 0 0 0 17 0 0 0 0 0 0 0 0 0 0 0 0 0 0 0 0 0 0 0 0 0 0 0 0 0 0 16 28 56 0 0 12 32 0 28 0 0 0 25 0 43 0 0 10 11 0 0 0 0 11 0 0 10 15 0 14 29 23 0 0 17 13 20 0 0 0 0 0 0 0 0 0 8 0 0 0 0 0 0 0 0 0 0 0 0 0 0 0 0 0 0 0 0 0 0 0 0 0 0 0 0 0 10 0 6 0 0 0 2 0 0 3 87 0 12 0 0 0 0 2 0 2 0 0 0 26 0 0 0 0 0 0 0 0 0 0 0 0 47 0 0 0 54 0 0 0 0 0 0 0 0 0 0 
 260 43 65 176 99 31 242 208 355 148 42 19 0 99 139 254 156 60 185 140 0 72 9 0 0 0 0 5 0 9 2 2 22 0 0 0 1 0 0 1 4 0 0 3 1 0 1 0 31 0 4 0 0 3 3 0 3 3 0 4 3 0 56 5 4 0 0 0 0 0 0 0 9 7 52 0 0 0 0 0 5 7 7 1 0 0 24 11 0 0 1 0 25 15 43 10 40 15 1 25 13 0 0 0 2 17 0 0 0 0 2 12 0 0 2 0 0 0 0 0 0 0 7 0 0 22 0 0 2 0 0 0 0 0 0 0 0 0 0 0 0 2 1 0 0 0 0 0 0 0 3 0 0 0 2 2 0 0 0 0 46 14 0 8 2 0 0 9 0 9 0 0 12 40 10 31 17 12 34 0 0 0 0 0 0 0 0 0 0 0 0 0 0 0 0 7 0 0 0 0 0 0 0 0 0 0 1 0 2 0 0 0 0 0 0 0 0 0 0 0 0 0 0 0 0 0 0 0 0 0 0 0 0 18 0 0 0 0 8 0 0 0 0 0 0 2 0 0 3 1 1 11 0 0 0 0 0 0 0 1 0 0 0 0 0 0 0 0 0 0 0 0 0 0 0 0 0 4 0 0 0 0 0 0 0 0 0 0 0 0 
 524 255 563 91 137 216 384 488 280 86 246 21 99 0 720 314 120 349 102 86 2 0 25 0 0 3 1 6 0 4 2 0 2 3 3 0 0 3 0 0 29 2 0 0 3 6 0 2 0 0 0 1 1 2 4 3 6 0 2 0 15 11 4 0 3 0 3 1 0 0 0 2 3 4 13 0 3 0 0 4 8 34 12 47 11 0 34 14 2 0 34 0 34 11 47 7 0 1 33 20 25 0 0 0 0 2 0 0 18 0 0 1 0 0 0 0 0 0 0 0 2 0 0 0 1 0 0 0 0 0 0 1 0 0 0 32 0 0 17 0 1 0 0 0 0 0 0 0 0 0 0 0 0 0 0 0 0 0 0 0 15 10 14 23 5 2 49 0 0 15 0 14 0 54 16 20 12 0 0 0 13 0 0 0 0 12 0 0 0 0 0 0 26 2 0 0 4 0 0 0 0 0 0 0 0 0 0 0 0 0 0 1 0 0 0 0 0 0 0 0 0 0 1 0 0 0 0 0 0 0 0 0 0 0 0 0 0 0 0 9 0 0 0 0 0 0 0 1 88 1 0 19 0 0 0 0 0 0 0 0 0 0 0 1 0 0 0 0 0 0 0 0 0 0 0 15 0 0 0 0 0 0 0 0 0 0 0 0 0 0 
 137 168 174 130 83 66 86 583 566 292 87 57 139 720 0 96 642 145 46 142 2 0 0 0 2 0 3 3 0 3 0 2 4 0 0 0 2 0 0 205 2 0 3 0 0 0 0 6 0 0 1 11 2 2 2 3 3 0 2 0 5 6 0 0 3 0 0 5 0 0 0 2 0 3 3 0 4 1 0 0 39 17 12 47 0 0 17 27 0 7 8 22 12 1 34 6 12 1 22 30 0 0 0 0 2 0 3 0 0 0 0 0 0 0 2 0 0 0 0 16 0 0 0 0 0 0 0 0 2 0 0 0 0 0 0 0 4 0 0 0 0 0 0 0 0 8 2 0 0 0 0 4 0 0 2 1 0 0 0 0 16 43 0 2 16 8 6 0 1 17 6 1 0 5 15 44 1 45 2 0 15 0 0 0 1 0 0 0 0 0 0 0 29 0 0 0 0 0 34 10 0 2 0 0 0 0 1 0 2 0 0 0 0 0 0 1 0 0 0 0 0 0 0 1 0 0 2 0 0 0 0 0 0 0 0 0 0 0 0 0 0 0 0 0 0 2 0 3 3 0 0 4 0 0 0 0 0 0 0 0 2 0 0 0 0 0 0 0 0 0 0 0 0 0 0 16 0 0 0 0 0 0 0 0 0 0 0 0 0 0 
 351 240 453 53 171 68 651 222 131 184 623 252 254 314 96 0 271 222 212 180 147 0 0 0 0 0 0 3 0 3 0 0 2 2 0 0 2 0 2 0 3 0 0 0 0 0 34 0 61 0 0 0 0 1 1 0 3 0 1 0 0 2 0 0 3 0 0 0 0 0 0 1 7 0 3 0 0 0 0 0 18 5 15 19 24 13 11 20 7 17 19 1 0 4 0 0 26 20 9 24 2 0 8 0 0 0 0 0 0 0 0 9 0 0 0 0 0 0 0 0 0 0 0 0 0 0 0 0 0 0 1 0 0 0 0 0 0 2 0 0 0 0 0 0 0 0 0 0 0 0 0 2 0 0 0 0 0 0 0 0 11 27 10 10 0 17 0 11 3 4 12 0 15 0 0 1 41 36 23 0 0 0 0 0 0 0 15 0 0 0 1 0 13 0 0 0 0 0 2 0 0 0 0 0 0 0 0 14 0 17 0 0 0 0 0 0 0 0 0 0 0 0 0 0 0 0 0 0 0 0 2 0 0 0 0 0 0 0 0 0 0 0 0 0 0 0 1 0 4 0 0 12 1 0 0 0 0 0 0 0 0 0 0 0 0 0 0 0 0 0 0 0 0 0 0 0 0 13 0 0 0 0 0 0 0 0 0 0 0 0 
 127 178 122 147 107 49 300 38 192 231 326 70 156 120 642 271 0 108 42 132 75 0 0 0 0 78 0 4 0 3 0 3 76 0 0 0 1 1 3 0 3 0 0 0 0 0 1 0 0 0 1 0 2 0 1 0 3 0 0 0 0 1 31 0 3 0 0 0 0 0 0 0 0 0 3 2 2 0 0 0 6 37 10 16 0 0 12 43 0 9 0 10 23 15 23 28 28 34 16 30 0 0 21 0 2 0 1 1 0 0 2 13 0 0 2 0 0 0 0 0 0 0 12 0 0 0 0 0 1 0 0 0 0 0 0 0 0 0 0 0 0 2 0 0 0 0 0 0 0 0 0 0 0 0 0 2 0 0 0 0 48 18 32 6 3 16 16 0 0 24 0 12 10 42 22 34 43 23 16 0 0 0 0 0 0 0 20 25 0 0 0 0 13 0 0 0 0 0 18 0 0 0 0 0 0 0 1 0 0 0 0 0 0 10 0 0 0 0 0 0 0 0 0 0 2 0 0 0 0 0 0 0 0 1 0 0 0 0 1 0 0 0 0 0 0 1 1 0 1 4 0 9 0 0 0 0 0 0 0 0 0 0 0 0 0 0 0 0 0 0 0 0 0 0 0 14 2 11 0 0 0 0 0 0 0 0 0 0 0 0 
 76 326 202 106 132 101 32 80 73 136 56 274 60 349 145 222 108 0 123 57 0 0 3 0 0 0 1 3 0 9 0 0 2 0 0 0 1 0 0 0 3 0 0 0 0 0 0 0 0 0 0 0 0 1 1 0 3 0 1 0 1 0 51 2 3 0 0 0 0 0 0 0 11 3 3 0 0 0 3 0 0 19 24 22 4 0 9 17 7 7 0 0 0 35 0 26 9 33 1 38 27 0 0 0 0 0 0 0 0 0 0 0 0 0 0 0 0 0 0 0 0 0 0 1 0 0 0 0 0 0 0 0 0 0 1 0 0 0 0 0 0 0 0 0 0 1 0 0 0 0 0 0 0 0 0 1 0 1 0 0 20 20 29 0 15 0 1 0 30 7 1 0 0 17 0 0 14 1 0 16 11 0 0 0 0 0 0 0 0 0 0 0 14 0 0 0 0 0 7 11 0 0 0 0 0 0 0 0 0 0 15 0 0 0 21 0 0 0 0 0 0 0 0 0 1 0 6 0 0 0 0 1 0 0 0 0 0 0 0 0 0 0 0 0 0 1 0 0 1 3 51 7 0 0 0 0 0 0 0 0 2 0 0 0 0 0 0 0 0 0 0 0 0 0 0 0 9 11 0 0 0 0 0 0 0 0 0 0 0 0 
 421 130 131 95 59 52 36 157 156 43 81 41 185 102 46 212 42 123 0 355 0 0 2 0 2 0 1 3 0 3 0 0 2 0 0 2 3 0 0 2 3 0 0 24 0 0 0 0 0 0 0 2 0 1 1 0 4 0 1 0 0 0 0 0 3 0 0 0 1 0 0 0 1 0 3 0 0 0 0 0 22 39 26 0 0 7 10 0 24 6 10 0 0 34 15 0 8 30 12 16 0 0 0 0 0 0 0 0 0 0 0 0 0 0 0 0 0 0 0 0 0 0 0 0 0 0 0 0 0 0 0 0 0 0 0 0 0 11 0 15 0 0 0 0 0 0 0 0 0 2 6 0 0 0 0 1 0 0 0 0 19 12 13 20 0 0 39 0 12 11 0 2 12 19 0 0 1 0 31 33 0 0 0 0 0 0 0 0 2 0 0 0 1 0 0 0 0 0 0 0 0 0 0 0 0 0 0 0 0 0 0 0 0 0 0 0 0 0 0 0 0 0 0 0 0 0 0 0 0 0 0 1 0 0 0 0 0 0 17 0 0 0 0 0 0 0 2 1 0 1 0 8 0 0 0 0 0 0 0 0 0 0 0 0 0 0 2 0 0 0 0 0 0 0 0 0 0 0 0 0 0 0 0 0 0 0 0 0 0 0 
 205 40 52 174 58 58 44 170 231 93 160 46 140 86 142 180 132 57 355 0 0 2 0 0 0 0 0 3 0 3 0 0 2 0 0 0 2 0 0 0 3 0 0 0 0 0 0 0 0 0 0 0 0 0 0 0 3 0 0 0 0 0 0 0 3 0 0 0 0 0 0 0 5 0 4 0 0 0 0 0 29 21 40 16 0 0 17 19 7 7 20 0 0 29 0 0 30 28 10 13 0 0 0 0 0 0 13 0 0 0 0 9 0 0 0 0 0 0 0 19 0 0 0 0 0 0 0 0 0 0 2 0 5 0 1 0 0 0 0 20 0 0 2 0 0 0 0 0 0 0 0 1 0 0 0 0 0 0 0 0 8 52 0 10 13 0 0 19 15 3 10 0 25 0 16 14 25 66 41 44 13 0 1 0 0 0 0 0 0 0 1 0 0 0 0 0 0 0 16 0 0 0 0 0 0 0 0 0 0 0 0 0 0 0 10 0 0 0 0 0 0 0 17 0 0 0 0 0 0 0 0 0 0 0 0 0 0 0 0 0 0 0 0 0 0 0 0 0 3 0 0 7 0 0 0 0 0 0 0 0 0 0 0 0 0 0 0 0 0 0 0 0 0 0 0 0 0 0 0 0 0 0 0 0 0 0 0 0 0 0 
 0 0 0 79 90 141 0 203 0 63 75 2 0 2 2 147 75 0 0 0 0 199 232 135 31 251 144 50 28 274 308 51 197 178 128 274 82 245 142 59 3 2 3 2 0 0 0 0 2 1 0 0 4 0 0 3 0 3 2 6 5 0 0 0 1 0 0 0 0 0 0 3 0 3 3 0 0 53 0 2 0 0 0 0 0 21 0 0 0 13 0 14 0 0 0 0 11 0 0 0 10 0 1 17 11 0 0 17 1 14 0 36 28 13 1 25 27 0 3 27 0 0 0 0 0 0 0 0 0 0 0 0 0 0 0 8 0 0 0 0 0 0 0 0 0 0 0 0 0 0 0 0 0 22 0 0 0 0 0 0 5 0 11 0 0 10 0 0 0 0 7 0 0 0 0 0 0 13 0 0 18 13 12 0 4 14 59 20 6 0 0 2 23 20 18 14 18 20 47 17 0 0 0 0 12 0 0 0 0 0 0 0 0 0 0 0 0 0 0 0 0 0 0 0 0 0 0 0 0 0 17 0 0 0 0 0 0 0 0 0 0 0 0 0 0 0 0 0 0 75 0 0 0 0 8 0 0 0 0 0 4 11 0 0 0 0 0 0 0 0 0 0 0 0 0 0 11 0 0 0 0 0 0 0 0 0 0 0 0 0 
 0 0 0 0 206 147 0 0 0 0 0 161 72 0 0 0 0 0 0 2 199 0 226 220 35 103 66 154 207 86 36 39 352 346 192 94 169 264 234 33 6 4 3 2 4 0 0 0 0 0 3 0 0 1 0 3 0 6 6 0 5 2 0 0 2 0 0 1 38 0 1 3 0 5 3 0 2 0 0 2 0 0 0 0 0 5 0 0 0 0 0 13 0 0 0 0 0 0 2 0 1 12 31 45 0 0 12 38 9 5 0 35 30 24 39 0 42 22 33 0 0 0 0 0 0 0 0 0 0 0 0 0 0 0 0 15 23 0 31 0 0 0 0 0 0 0 0 0 0 1 0 0 0 0 0 0 0 0 0 0 0 0 0 0 3 33 0 0 0 0 0 26 0 0 0 0 0 0 0 0 28 10 13 0 13 1 13 17 12 2 24 14 0 37 8 49 23 8 13 27 0 0 0 0 0 0 0 1 1 0 0 0 0 1 0 0 0 14 9 0 1 0 0 0 1 0 0 0 0 2 0 0 0 1 0 0 0 0 0 0 0 0 0 0 0 0 0 0 0 0 0 0 0 2 7 0 1 0 10 4 1 0 2 0 0 0 0 0 0 0 0 0 0 0 0 0 0 0 0 37 0 0 0 0 1 0 0 0 0 0 
 1 0 0 0 150 26 0 0 2 0 0 0 9 25 0 0 0 3 2 0 232 226 0 358 56 75 55 179 232 144 140 52 67 160 202 208 131 155 268 140 0 2 3 2 0 1 1 0 0 0 0 0 75 1 2 3 0 5 41 0 0 0 2 0 2 0 0 0 0 0 0 4 0 3 3 0 0 0 0 2 0 0 0 0 0 9 0 0 0 0 0 0 0 0 0 0 0 0 0 0 0 6 10 0 28 0 0 15 18 0 1 17 32 10 20 0 18 0 13 27 10 1 0 0 0 0 9 0 0 0 0 0 0 25 17 0 0 0 8 13 0 0 0 0 0 1 0 0 0 0 0 0 0 0 0 0 0 0 0 0 0 0 0 0 0 0 0 0 0 0 0 0 0 0 0 0 0 0 0 0 19 31 37 10 29 4 10 16 21 0 28 11 0 0 1 9 35 61 1 0 15 0 0 0 1 0 0 25 7 0 0 0 0 25 17 0 0 0 0 14 0 0 0 0 0 0 0 0 0 0 0 0 0 0 0 0 0 0 0 0 0 0 7 0 0 1 1 0 0 1 0 0 0 0 9 2 2 0 16 0 2 0 0 0 0 0 0 0 0 0 0 0 0 0 0 0 0 0 0 0 0 0 0 1 0 0 9 0 0 1 
 0 0 1 0 0 0 0 0 1 0 0 0 0 0 0 0 0 0 0 0 135 220 358 0 175 40 141 185 302 124 243 267 415 140 210 346 133 192 233 92 0 2 3 2 0 0 0 0 0 0 0 5 40 0 0 3 0 3 2 0 2 0 0 0 1 0 0 0 0 0 0 3 0 3 3 0 0 0 0 2 0 0 0 0 0 8 0 0 0 0 0 2 0 0 0 0 0 0 2 0 21 45 0 32 22 24 0 82 13 40 16 30 9 39 25 31 9 13 0 0 0 0 0 0 0 2 8 0 0 0 0 0 0 16 0 9 0 0 8 35 0 0 0 0 13 1 0 0 0 0 0 0 22 0 4 0 0 0 0 0 0 0 0 0 7 0 0 24 0 0 0 6 0 0 0 0 0 0 0 0 14 44 0 14 21 26 1 88 20 12 15 12 0 16 0 12 26 26 0 0 16 0 0 0 1 0 0 0 0 0 0 0 48 0 0 0 0 0 30 2 0 0 0 0 0 0 0 0 0 23 0 0 0 0 0 0 0 0 0 0 0 25 0 0 0 0 0 0 0 0 0 0 0 0 8 2 6 77 81 2 2 23 1 0 0 0 0 0 0 0 0 0 0 0 0 0 0 0 0 0 0 31 0 1 0 0 0 0 0 1 
 0 0 0 0 0 0 0 0 0 3 0 0 0 0 2 0 0 0 2 0 31 35 56 175 0 71 47 71 92 96 188 125 72 76 107 140 53 132 82 168 0 2 3 2 0 0 6 0 65 0 0 0 1 0 23 3 0 67 64 62 0 0 2 0 1 0 0 0 0 0 0 3 0 3 3 0 0 0 0 2 0 0 0 0 0 0 0 0 0 0 0 0 0 0 0 0 0 0 0 0 6 19 0 8 8 1 0 44 0 2 11 0 0 23 0 6 0 6 0 1 21 0 5 0 0 0 0 93 0 0 0 0 12 7 32 9 0 0 0 1 5 0 0 0 0 0 0 0 0 12 0 0 0 0 2 0 0 0 0 0 0 0 0 0 0 4 0 0 0 0 0 0 0 0 0 0 0 0 0 0 0 10 0 11 0 9 0 22 20 1 16 0 0 0 0 0 0 0 0 2 0 9 0 0 0 0 45 1 6 0 0 0 47 16 1 7 17 0 14 14 0 0 0 0 1 0 0 0 0 0 0 0 0 1 0 2 0 0 0 0 0 0 6 0 0 0 0 0 0 0 0 0 0 0 17 0 2 44 0 1 7 2 0 0 0 0 0 0 0 0 0 0 0 0 0 0 0 0 0 0 0 0 0 0 0 0 0 0 0 0 
 0 0 2 0 74 0 0 1 2 0 0 0 0 3 0 0 78 0 0 0 251 103 75 40 71 0 28 142 167 134 163 66 31 74 36 117 121 306 184 48 0 2 3 2 57 0 55 0 0 0 10 0 125 24 0 3 0 3 66 1 0 0 1 0 2 0 0 0 2 0 0 3 0 3 3 0 0 0 0 2 0 0 0 0 0 0 0 0 0 0 1 0 0 1 0 0 6 0 0 19 0 10 1 4 13 0 0 0 25 34 49 1 0 12 13 0 35 15 0 0 25 0 0 0 0 0 22 0 6 9 0 0 10 0 14 0 7 0 11 9 0 0 0 0 0 0 0 0 0 0 0 1 0 1 0 0 0 0 9 0 0 0 0 0 0 0 0 1 19 0 0 5 0 1 0 0 0 0 0 0 0 0 46 8 12 18 0 0 41 26 10 45 0 0 0 13 46 1 0 0 2 22 13 12 0 0 0 12 13 8 14 0 8 0 29 0 0 0 8 0 0 0 0 0 0 0 0 0 0 0 0 0 0 0 0 0 0 0 0 12 0 0 10 0 0 0 0 0 0 0 0 0 0 0 7 0 0 0 86 5 1 0 0 0 0 0 0 0 0 0 0 0 0 0 0 0 0 0 0 0 0 0 0 0 0 0 0 0 0 0 
 0 0 48 0 1 150 0 74 0 74 78 39 0 1 3 0 0 1 1 0 144 66 55 141 47 28 0 282 49 25 36 111 100 108 200 35 116 54 127 202 1 2 3 2 0 1 0 2 0 0 7 0 3 2 0 3 0 65 3 0 11 70 1 0 3 0 0 0 1 0 0 15 0 3 3 10 0 3 10 3 0 0 0 0 12 3 0 0 0 0 0 0 0 0 1 0 0 0 0 1 45 7 12 0 0 10 15 20 0 14 0 1 0 52 1 22 0 0 18 0 0 13 0 0 0 0 0 0 0 0 0 0 0 0 0 12 0 0 0 0 2 0 0 0 0 0 0 0 0 0 0 0 10 0 0 1 0 0 0 0 0 0 0 0 13 19 0 0 0 13 0 0 0 0 0 0 0 7 0 0 0 26 0 1 2 0 0 0 13 0 0 0 24 2 24 1 14 24 22 26 0 0 0 0 0 0 0 0 0 0 0 0 0 0 0 0 0 0 0 0 0 0 2 0 0 9 12 0 0 0 0 0 1 0 0 0 0 1 1 0 0 0 0 0 0 0 76 0 0 137 0 0 6 0 4 0 0 0 0 2 4 0 0 0 0 0 12 0 0 0 0 0 0 0 0 14 0 1 0 0 0 0 0 0 0 0 0 0 0 0 
 3 3 78 3 4 77 3 3 3 6 24 77 5 6 3 3 4 3 3 3 50 154 179 185 71 142 282 0 152 43 300 39 69 73 196 38 111 44 140 129 0 2 3 2 1 0 0 0 0 0 10 0 1 1 0 6 3 9 66 1 0 0 3 4 2 2 0 0 52 0 0 6 0 3 3 1 0 3 0 2 0 0 0 0 0 0 0 0 0 0 0 12 0 0 1 0 0 0 0 1 8 62 68 0 0 2 0 1 9 18 21 41 0 44 13 0 45 22 13 0 15 8 0 13 0 0 1 0 0 0 0 0 0 0 11 0 8 0 24 0 2 0 0 0 0 0 0 0 0 0 0 0 0 0 0 8 0 0 0 0 0 0 0 0 0 19 0 0 0 1 0 24 0 0 0 0 0 0 0 0 0 0 33 0 1 13 0 9 6 25 17 21 1 30 12 10 94 0 9 16 14 0 0 0 0 0 0 8 0 0 0 0 0 8 0 0 0 0 9 0 0 0 2 0 0 0 0 0 0 4 0 0 0 0 0 0 0 0 0 0 0 0 4 0 0 0 61 0 0 0 0 0 0 0 3 2 2 1 115 2 3 2 0 0 0 0 0 0 0 0 0 1 0 2 50 8 0 1 0 7 0 0 0 0 0 8 0 0 0 0 
 0 0 0 0 0 75 0 0 0 1 0 73 0 0 0 0 0 0 0 0 28 207 232 302 92 167 49 152 0 176 123 36 294 120 157 47 107 197 258 294 1 2 3 2 2 0 0 0 0 0 3 0 0 0 0 3 0 9 65 31 51 0 0 0 1 2 0 0 51 0 0 3 0 3 3 0 0 0 0 2 0 0 0 0 0 0 0 0 0 0 0 13 0 0 0 0 0 0 0 0 0 35 45 0 43 0 0 0 58 17 1 0 28 0 8 17 9 11 28 11 10 1 0 0 0 0 23 0 0 0 0 0 10 1 10 9 9 0 9 12 0 0 2 0 0 0 0 0 0 0 0 0 4 0 0 0 0 0 9 0 0 0 0 0 0 7 0 0 0 0 4 6 0 0 0 6 0 0 0 0 0 13 46 13 23 0 0 7 32 38 23 13 0 7 14 8 0 0 11 7 12 2 0 0 0 2 12 11 1 1 0 0 0 9 10 0 0 0 10 0 0 0 0 12 0 0 0 0 0 3 0 0 0 0 2 0 0 11 0 0 0 0 0 0 0 0 0 0 0 0 0 0 0 0 16 0 3 40 73 0 0 0 0 0 0 0 0 0 0 0 0 0 0 0 0 0 0 0 0 6 0 19 0 0 0 0 0 0 0 10 
 5 3 3 3 3 79 3 3 3 3 3 3 9 4 3 3 3 9 3 3 274 86 144 124 96 134 25 43 176 0 208 73 253 110 329 161 36 174 179 162 0 2 3 2 0 0 4 0 0 0 0 0 31 0 80 3 0 6 66 86 0 0 1 3 1 6 0 0 0 0 0 3 3 6 4 51 0 1 0 2 0 0 0 0 0 0 2 0 19 2 0 0 0 0 0 0 0 0 0 0 0 11 2 0 34 13 8 0 23 1 16 9 10 14 6 0 0 0 22 9 41 0 0 0 0 0 1 14 0 0 0 0 24 7 37 10 0 0 0 10 0 0 0 0 0 0 0 6 0 0 19 0 0 0 0 0 0 0 0 0 0 0 0 0 0 0 0 0 1 0 0 0 0 0 0 1 0 0 0 2 9 18 24 8 53 21 0 0 2 12 47 15 0 11 13 25 0 0 0 15 0 0 0 2 0 0 49 1 28 11 0 0 15 0 26 0 0 1 13 0 0 2 0 0 0 0 0 0 0 0 0 1 0 0 0 0 0 0 0 0 0 0 6 0 0 0 0 0 0 0 0 0 0 0 15 0 0 156 1 0 4 0 0 0 0 0 0 0 0 0 0 0 0 0 0 0 0 0 0 1 0 0 0 0 0 11 0 0 0 0 
 0 0 1 0 0 86 0 0 2 0 0 0 2 2 0 0 0 0 0 0 308 36 140 243 188 163 36 300 123 208 0 73 48 219 513 304 168 313 150 61 0 2 5 2 0 0 2 0 1 0 3 63 0 1 0 3 0 6 68 143 0 0 1 1 2 13 0 0 0 0 0 3 1 3 3 0 0 0 3 5 0 13 0 0 0 0 0 0 0 0 0 0 0 0 0 0 0 0 0 14 11 97 21 4 33 24 19 10 0 39 11 9 2 36 0 17 14 23 0 0 1 0 0 0 0 0 12 0 0 0 0 0 70 1 1 12 0 0 27 0 0 0 0 0 0 0 0 0 0 0 0 0 0 0 3 0 0 0 0 0 0 0 0 0 0 1 0 0 0 0 0 13 0 0 0 0 2 0 0 0 15 24 10 50 46 30 0 7 21 38 1 13 2 16 0 35 79 0 0 1 12 10 0 0 0 0 11 9 14 12 0 0 45 16 12 0 0 1 34 0 0 0 0 0 0 0 0 0 0 0 1 0 0 0 0 0 0 0 0 0 0 0 0 0 0 0 0 0 97 0 0 0 0 0 30 2 1 153 74 0 3 16 1 0 0 0 0 0 0 0 0 0 0 0 0 0 0 0 0 0 0 0 0 0 0 10 0 0 0 0 
 74 0 2 7 0 4 3 0 0 1 0 3 2 0 2 0 3 0 0 0 51 39 52 267 125 66 111 39 36 73 73 0 237 238 52 99 313 66 37 34 61 27 66 4 1 0 27 0 65 0 0 0 0 133 72 4 0 4 64 53 0 0 0 6 0 0 0 0 0 0 0 3 0 3 8 0 0 1 0 2 0 0 0 0 1 0 0 0 0 0 0 0 0 0 0 0 0 0 0 0 0 0 0 0 12 69 0 0 0 0 8 0 0 0 0 0 0 0 0 0 82 18 27 0 0 0 30 45 2 9 0 0 50 30 32 0 1 0 38 0 22 0 0 0 0 0 0 6 0 4 0 0 0 0 0 0 0 0 0 1 0 0 0 0 0 3 0 0 0 0 25 0 0 0 0 0 0 0 0 0 0 0 0 0 7 29 0 0 0 0 13 20 0 0 0 0 0 0 10 0 27 16 0 22 0 0 57 15 35 15 9 0 9 2 0 0 25 34 0 16 0 0 8 2 0 0 16 0 0 0 0 0 0 1 0 0 0 0 0 0 0 0 8 0 0 0 0 0 0 0 0 0 0 0 12 0 1 77 0 23 2 0 0 0 0 0 0 0 0 0 0 0 0 0 0 0 1 0 0 0 0 0 0 0 0 2 0 0 0 0 
 2 2 2 2 19 152 2 2 2 3 2 118 22 2 4 2 76 2 2 2 197 352 67 415 72 31 100 69 294 253 48 237 0 248 120 46 114 106 255 75 2 4 3 2 3 0 0 0 0 0 0 0 0 1 0 3 0 3 3 0 0 0 0 0 2 0 0 0 52 0 0 7 0 5 3 0 0 0 0 2 0 0 0 8 15 0 0 0 0 0 1 29 0 0 0 0 17 0 0 0 14 28 29 17 12 10 2 9 8 11 0 1 0 0 7 33 17 12 23 0 0 0 0 0 0 0 0 0 0 0 0 0 0 0 0 0 13 0 0 0 0 0 0 0 2 0 0 0 0 0 0 0 0 0 0 0 0 0 0 0 21 0 7 0 17 19 0 0 0 0 4 8 0 0 0 0 0 11 0 0 0 22 1 0 11 19 26 12 11 11 10 0 0 55 41 13 15 15 53 21 0 0 0 0 0 0 0 0 2 0 0 0 0 0 0 0 0 1 0 0 2 0 0 0 2 0 0 0 0 0 0 0 0 2 0 0 0 0 0 0 0 0 0 0 0 0 0 0 0 135 0 0 10 0 11 0 2 0 0 0 3 11 0 0 0 0 13 0 0 0 9 0 0 0 0 0 17 0 0 11 0 0 0 0 0 0 0 0 0 0 
 0 4 0 1 151 167 2 75 206 2 0 2 0 3 0 2 0 0 0 0 178 346 160 140 76 74 108 73 120 110 219 238 248 0 193 113 366 276 403 188 6 70 4 4 0 1 1 0 2 0 0 2 2 3 0 3 0 2 3 0 0 0 0 0 3 0 4 0 0 0 0 3 0 3 3 0 0 2 0 2 0 0 0 0 0 7 0 0 0 0 0 0 0 0 0 0 0 0 0 0 9 12 2 11 44 7 8 2 45 20 0 10 10 25 6 1 10 10 21 25 0 0 0 0 0 0 0 0 0 0 0 0 0 0 0 1 0 0 0 0 0 0 0 0 0 0 0 0 0 0 0 0 7 0 12 0 0 0 0 10 0 0 0 0 0 1 0 0 0 0 0 0 0 0 0 0 0 0 0 0 22 15 17 11 0 19 10 0 21 0 27 0 0 20 12 30 13 18 0 20 17 0 0 0 0 0 0 0 0 0 0 0 5 0 0 0 0 0 2 0 0 0 0 0 0 0 0 0 0 0 0 0 0 0 0 0 0 0 0 0 0 0 0 0 0 0 0 0 0 0 0 0 0 0 9 1 2 2 0 4 0 15 0 0 0 0 0 0 0 0 0 0 0 0 0 0 0 0 0 4 0 0 0 0 0 11 10 0 0 0 
 0 0 0 0 0 75 0 1 0 0 0 78 0 3 0 0 0 0 0 0 128 192 202 210 107 36 200 196 157 329 513 52 120 193 0 91 71 212 292 229 0 2 3 2 0 0 0 0 0 0 4 0 0 0 0 3 0 3 3 0 5 0 0 0 1 0 0 0 0 0 0 3 0 3 3 0 0 0 0 2 0 0 0 0 0 10 0 0 0 12 0 0 0 1 0 0 0 1 0 0 8 20 6 48 17 0 20 26 25 20 0 12 8 27 12 24 20 0 21 0 0 0 0 0 0 0 10 0 0 0 0 0 2 0 0 0 0 0 0 0 0 0 0 0 0 0 0 0 0 0 0 1 0 0 0 0 0 0 0 0 0 0 0 0 0 5 0 0 0 17 0 0 0 1 0 0 0 5 0 0 7 12 30 12 11 21 15 17 6 9 9 12 0 54 19 0 15 31 0 13 8 0 0 0 0 0 0 0 0 0 0 0 8 0 0 0 0 0 8 0 0 0 0 0 0 0 0 0 0 0 0 0 0 0 12 0 0 0 0 0 0 0 0 0 0 0 0 0 0 0 0 0 0 0 6 2 1 7 8 0 2 58 0 0 0 0 0 0 0 0 0 0 0 0 0 0 0 0 0 0 0 16 0 0 0 0 0 0 0 0 
 0 0 0 0 71 0 0 1 1 0 0 0 0 0 0 0 0 0 2 0 274 94 208 346 140 117 35 38 47 161 304 99 46 113 91 0 351 106 40 53 0 2 3 2 0 0 0 0 0 0 0 0 0 1 3 3 0 6 3 0 3 0 0 0 2 0 0 0 0 0 0 3 0 3 3 0 0 0 0 2 0 2 0 0 0 0 0 0 0 0 0 0 0 0 0 0 15 0 0 0 1 23 11 9 35 9 3 32 1 0 23 20 9 10 6 20 47 18 0 0 11 0 0 0 0 0 10 0 0 0 0 0 0 19 38 0 0 0 21 9 0 0 0 0 0 0 0 0 0 0 0 0 8 0 3 0 2 0 2 0 0 0 0 0 0 0 0 0 0 0 0 8 0 0 0 0 0 0 0 0 1 1 0 10 0 18 19 12 13 0 24 40 0 64 0 31 27 49 1 0 26 0 0 0 0 0 12 21 10 0 0 0 10 14 0 0 0 0 8 14 0 0 0 0 0 0 0 0 0 0 0 3 0 0 0 0 0 0 0 0 0 0 8 0 0 0 0 0 0 0 0 0 0 0 28 0 0 1 40 2 2 0 0 0 0 0 0 0 0 0 0 0 0 0 0 0 0 0 0 0 0 20 0 0 0 0 0 0 0 0 
 1 1 1 2 81 138 1 1 2 2 2 1 1 0 2 2 1 1 3 2 82 169 131 133 53 121 116 111 107 36 168 313 114 366 71 351 0 140 147 249 4 4 3 4 1 3 57 2 1 0 0 2 65 27 2 3 1 3 5 0 3 0 0 0 3 2 0 0 2 0 0 3 0 3 3 0 0 2 0 2 0 0 0 0 1 25 0 0 0 0 0 0 0 0 0 0 0 0 0 0 9 9 0 22 9 10 1 13 0 19 87 13 8 30 20 0 19 12 0 1 21 3 3 0 50 0 20 0 0 10 5 0 2 0 0 0 0 0 21 0 0 0 0 0 0 0 0 0 17 0 0 0 0 0 0 0 0 0 0 0 0 0 0 0 0 1 0 0 0 0 0 16 0 0 0 0 0 0 0 0 13 0 10 2 16 10 13 1 6 35 0 59 0 13 0 19 18 17 12 11 0 0 0 0 0 0 0 0 0 0 0 0 16 0 17 0 10 0 3 0 0 0 0 0 1 0 0 0 0 0 0 0 0 0 0 0 0 0 0 0 0 0 0 0 0 0 2 0 0 0 0 0 0 0 13 0 0 2 76 1 2 0 2 0 0 0 0 0 0 0 0 0 0 0 0 0 0 0 0 0 0 0 0 0 0 0 3 0 0 0 
 2 0 2 0 0 83 0 0 2 74 0 0 0 3 0 0 1 0 0 0 245 264 155 192 132 306 54 44 197 174 313 66 106 276 212 106 140 0 50 164 2 2 3 2 2 0 12 3 0 0 26 0 3 3 9 3 0 3 6 0 7 0 31 0 4 0 0 0 0 3 0 3 0 3 3 0 0 0 0 2 0 21 0 0 0 7 0 0 0 0 0 0 0 1 0 0 0 0 0 0 8 6 32 9 20 25 17 27 22 32 0 52 93 49 9 35 0 7 2 7 0 0 0 0 0 0 18 0 0 0 0 0 17 0 0 14 0 0 0 0 6 0 0 0 0 0 0 0 0 0 0 0 4 0 3 0 0 0 2 0 0 0 0 0 0 0 0 0 0 0 0 0 0 1 0 0 0 0 0 0 38 31 19 10 0 0 37 10 31 7 17 20 0 22 0 9 1 0 0 2 24 0 0 0 0 0 0 12 0 0 2 0 12 0 2 0 0 0 12 0 0 0 0 0 0 0 2 0 0 0 0 0 0 0 0 0 0 0 0 0 0 0 0 0 0 0 0 0 0 0 0 0 0 0 20 0 0 80 71 0 1 0 0 0 0 0 0 0 0 0 0 0 0 0 0 0 0 0 0 0 0 17 0 0 0 7 0 0 0 0 
 65 0 0 3 0 233 0 0 1 0 0 77 0 0 0 2 3 0 0 0 142 234 268 233 82 184 127 140 258 179 150 37 255 403 292 40 147 50 0 465 3 2 3 2 0 2 201 0 3 0 201 0 7 0 0 90 0 3 3 2 5 0 0 3 1 0 0 0 46 0 0 5 0 3 3 0 2 0 0 2 0 0 0 0 2 4 0 0 15 0 0 13 0 0 0 0 0 0 0 0 23 2 19 65 13 19 13 45 32 21 0 21 80 52 9 0 31 50 28 12 0 0 0 0 0 0 0 0 0 0 6 0 0 0 0 55 19 0 0 0 0 2 0 0 0 0 0 0 0 0 0 0 0 0 0 0 0 0 2 0 0 0 0 0 0 18 0 0 0 0 0 18 0 0 0 0 0 0 0 0 20 26 14 1 0 12 17 8 21 4 46 0 0 37 20 1 11 31 54 31 4 0 0 0 0 9 0 0 0 0 1 0 0 0 0 0 1 0 0 0 0 0 0 0 0 0 0 0 0 0 0 0 0 0 0 0 0 0 0 0 0 0 0 0 0 0 0 0 0 0 0 0 0 0 10 0 1 0 0 0 0 39 0 0 0 0 0 0 0 0 0 0 0 0 0 0 2 0 0 20 0 0 0 0 0 0 0 0 0 0 
 0 0 2 0 75 1 0 0 0 1 73 78 1 0 205 0 0 0 2 0 59 33 140 92 168 48 202 129 294 162 61 34 75 188 229 53 249 164 465 0 0 2 3 2 0 1 0 2 0 0 0 5 4 2 1 3 0 2 3 0 0 0 0 0 3 0 0 0 0 59 0 8 0 4 3 0 0 0 30 2 0 2 0 0 17 1 0 0 0 0 0 0 0 0 0 0 0 0 0 0 52 27 24 0 0 1 20 17 30 10 0 15 11 41 32 48 1 0 38 1 0 7 0 0 0 0 1 0 0 5 0 0 0 0 0 11 30 0 0 0 0 0 0 0 0 0 0 0 0 0 0 0 0 0 0 0 2 0 0 0 0 0 0 0 18 0 0 0 0 0 1 1 0 0 0 0 0 7 0 0 18 34 0 22 10 0 0 11 21 0 52 0 0 11 39 19 19 14 11 27 2 0 0 0 0 0 0 0 0 0 0 0 17 0 0 0 0 0 17 0 0 0 0 0 0 0 0 0 0 0 0 0 0 0 0 0 0 0 0 13 0 0 0 0 0 0 75 0 0 59 0 0 16 0 12 2 0 77 2 0 1 0 0 0 0 0 18 0 0 0 0 0 0 0 0 13 0 0 0 0 0 19 0 0 0 10 0 0 0 0 
 3 3 3 2 6 6 3 3 2 3 2 3 4 29 2 3 3 3 3 3 3 6 0 0 0 0 1 0 1 0 0 61 2 6 0 0 4 2 3 0 0 230 113 196 306 65 80 143 70 65 104 113 73 284 254 197 113 37 260 143 0 0 0 0 0 2 0 0 12 0 0 0 0 0 0 0 0 0 0 2 0 0 0 0 0 0 0 0 0 0 0 0 0 0 15 0 0 0 0 0 4 0 0 0 0 0 27 0 0 3 0 0 0 0 0 0 5 0 2 0 0 0 12 10 8 12 0 7 58 35 13 32 5 5 0 10 12 54 0 0 0 0 0 0 5 2 15 0 0 0 0 0 4 26 0 0 5 0 2 0 0 0 0 16 0 1 0 0 0 0 0 0 0 0 0 0 0 0 0 13 0 0 0 0 0 0 0 0 4 0 0 0 0 0 0 4 3 4 3 5 1 48 17 29 0 12 0 0 7 14 16 34 18 32 18 21 0 16 0 0 0 0 0 0 0 0 4 0 0 0 0 0 9 23 0 0 12 0 6 4 0 0 11 0 0 0 0 0 0 0 0 5 0 0 0 0 0 0 0 0 0 0 0 3 0 1 0 0 2 0 0 0 0 0 0 0 0 0 0 0 0 0 0 0 2 0 0 9 1 0 
 0 0 1 0 0 0 0 21 0 0 0 5 0 2 0 0 0 0 0 0 2 4 2 2 2 2 2 2 2 2 2 27 4 70 2 2 4 2 2 2 230 0 457 133 133 323 305 369 119 40 77 37 120 185 132 63 306 93 65 63 0 0 2 6 0 0 0 0 0 0 0 0 0 0 5 0 0 0 0 0 0 0 0 0 0 0 0 0 0 0 0 4 0 0 0 0 0 0 0 0 0 0 0 8 0 21 11 0 0 0 0 0 5 0 0 0 0 5 7 0 0 0 0 14 0 7 0 11 15 0 1 29 6 10 14 19 5 7 61 0 3 0 0 0 5 0 0 0 0 0 0 0 0 0 0 0 5 0 0 17 19 0 0 0 2 1 0 0 0 0 0 7 0 0 0 0 0 0 0 0 5 0 0 0 0 0 0 0 0 0 0 0 0 4 5 0 0 0 0 0 23 6 19 37 14 10 0 6 24 51 19 11 19 9 12 20 8 2 0 13 0 0 0 0 0 0 9 0 0 0 0 0 49 17 0 0 0 2 0 10 0 7 0 0 0 0 0 0 0 0 0 5 0 1 0 0 0 0 0 0 0 0 9 1 2 9 0 0 0 0 0 0 0 0 0 0 0 0 0 0 0 0 0 0 0 2 0 9 1 0 
 0 0 0 0 0 0 35 0 0 0 0 48 0 0 3 0 0 0 0 0 3 3 3 3 3 3 3 3 3 3 5 66 3 4 3 3 3 3 3 3 113 457 0 214 116 38 232 232 72 117 86 106 83 308 115 212 141 331 41 137 5 0 1 7 0 1 0 0 8 1 12 3 0 6 8 0 0 21 0 0 0 0 0 0 0 0 0 0 0 0 0 0 0 0 0 0 0 0 0 0 0 0 0 0 0 0 0 0 0 0 0 0 0 0 0 0 0 0 0 0 0 15 9 34 25 0 0 20 68 22 0 27 2 24 10 32 2 24 18 7 0 6 0 0 0 27 0 0 1 0 7 0 0 7 0 0 0 3 0 6 0 0 0 0 0 0 0 0 0 0 0 0 0 0 0 0 0 0 0 0 0 0 0 0 0 0 0 0 0 0 0 6 0 0 0 0 0 0 0 0 14 0 28 72 0 0 0 19 2 18 39 19 13 0 11 37 18 22 0 30 0 0 1 0 0 0 0 0 7 9 0 5 17 23 0 0 0 0 0 20 0 0 0 0 0 0 0 0 0 0 0 12 0 0 0 0 0 0 0 1 0 0 2 1 2 10 42 0 0 0 0 0 0 0 0 0 0 0 0 0 0 0 0 0 12 32 0 17 0 0 
 0 0 0 3 0 3 0 0 0 0 0 0 3 0 0 0 0 0 24 0 2 2 2 2 2 2 2 2 2 2 2 4 2 4 2 2 4 2 2 2 196 133 214 0 102 161 167 204 63 289 345 184 78 161 301 536 59 150 76 147 0 0 2 0 0 0 0 0 4 0 2 0 0 0 0 0 0 0 80 0 0 0 0 0 0 0 0 0 0 0 7 0 0 0 0 0 0 0 0 0 0 0 0 0 0 0 0 0 0 0 0 0 0 0 0 0 0 0 0 0 0 10 12 38 17 0 0 8 32 48 4 17 13 13 0 12 0 23 0 0 0 0 0 0 0 9 51 6 0 13 0 0 39 16 0 0 25 0 15 7 0 0 0 0 0 0 0 0 0 0 0 0 0 0 0 0 0 0 0 0 0 0 0 0 0 0 0 0 0 0 10 0 0 0 0 0 0 0 0 0 0 11 11 30 9 0 0 0 3 13 30 69 0 1 1 20 7 48 0 1 0 0 0 0 0 0 28 0 10 0 0 0 11 11 7 0 0 0 8 7 0 0 10 0 0 0 0 0 0 0 0 3 0 0 0 0 0 0 0 10 0 0 3 67 0 0 1 1 0 0 0 0 0 0 0 0 0 0 0 0 0 0 8 0 38 0 0 9 0 0 
 0 0 3 0 3 0 3 0 0 0 0 4 1 3 0 0 0 0 0 0 0 4 0 0 0 57 0 1 2 0 0 1 3 0 0 0 1 2 0 0 306 133 116 102 0 256 50 405 80 287 156 75 150 59 230 136 107 522 273 164 0 0 1 0 0 0 51 0 211 0 1 0 50 0 0 0 0 0 0 0 0 0 0 0 0 0 0 0 0 0 0 3 0 0 0 0 0 0 0 0 0 0 0 6 0 0 6 0 0 0 0 0 11 0 0 0 5 11 0 0 0 0 1 38 0 10 0 0 1 1 21 3 0 0 0 8 1 1 0 0 0 5 0 0 0 1 4 1 0 0 0 0 22 21 22 0 0 0 15 21 0 0 0 0 2 4 0 0 0 0 0 0 0 0 0 0 0 0 0 0 13 0 0 0 0 0 1 0 1 0 0 17 0 6 10 2 0 0 0 5 0 0 18 0 9 60 0 0 0 28 7 24 0 0 29 1 20 0 0 0 20 0 0 0 0 0 11 0 10 0 0 0 0 15 22 0 0 0 1 0 0 3 73 0 0 0 0 0 0 0 0 0 0 0 0 0 0 0 0 0 0 0 8 63 69 19 9 2 0 0 15 0 0 0 0 0 0 0 0 0 0 0 0 0 0 0 0 0 0 0 
 0 0 6 1 0 0 0 0 0 0 0 0 0 6 0 0 0 0 0 0 0 0 1 0 0 0 1 0 0 0 0 0 0 1 0 0 3 0 2 1 65 323 38 161 256 0 55 130 51 94 156 226 33 247 93 200 118 150 65 262 0 1 1 41 3 0 0 0 0 0 8 52 0 0 0 5 1 0 30 0 0 0 0 0 0 0 0 0 0 0 0 0 0 0 0 0 0 0 0 0 0 0 0 0 0 0 0 0 0 0 0 0 0 0 0 0 0 0 0 0 0 0 0 11 0 45 0 7 14 19 0 0 0 0 0 9 0 12 0 0 0 0 38 0 0 0 34 0 0 0 0 0 2 19 0 0 0 0 0 16 0 0 0 0 0 0 0 0 0 0 0 0 0 8 0 0 0 0 0 0 0 0 0 0 0 0 0 0 0 0 0 0 0 0 0 0 0 0 0 0 0 0 9 0 0 11 0 0 7 11 14 20 0 0 11 10 2 0 0 0 11 0 10 0 0 0 6 25 6 0 0 0 37 15 21 0 8 0 24 1 0 0 18 0 0 0 0 0 0 0 0 0 0 0 0 0 0 0 0 0 0 0 41 39 0 0 4 62 1 0 0 0 0 0 2 0 0 0 0 0 0 0 0 0 0 0 0 11 1 0 
 0 0 0 0 0 0 0 0 0 0 0 3 1 0 0 34 1 0 0 0 0 0 1 0 6 55 0 0 0 4 2 27 0 1 0 0 57 12 201 0 80 305 232 167 50 55 0 149 138 33 22 43 237 217 137 278 39 264 78 306 3 0 2 6 0 0 0 0 0 2 0 0 0 0 10 0 0 0 3 0 0 0 0 0 0 0 0 0 0 0 0 0 0 0 0 0 0 0 0 0 0 0 2 11 11 29 0 0 0 0 14 0 0 0 0 0 0 0 0 0 13 0 3 11 9 0 10 8 18 13 8 25 14 6 10 9 21 6 19 8 1 0 0 0 5 1 0 7 0 1 0 0 0 6 0 0 4 0 0 11 0 0 0 0 0 13 0 0 0 0 4 0 0 0 0 0 0 0 0 0 0 0 37 0 0 4 0 0 0 0 0 9 0 0 0 0 1 15 0 0 17 2 19 36 0 0 4 9 14 44 27 19 25 0 14 9 10 28 12 15 0 0 0 0 0 0 3 0 0 0 0 0 0 11 0 0 0 0 0 0 0 0 0 0 0 0 0 0 0 0 0 4 0 2 0 0 0 0 0 1 0 0 0 0 2 16 2 0 1 0 0 0 0 0 0 0 0 0 0 0 0 0 0 0 32 1 0 0 2 0 
 0 0 1 0 0 0 0 0 0 1 0 0 0 2 6 0 0 0 0 0 0 0 0 0 0 0 2 0 0 0 0 0 0 0 0 0 2 3 0 2 143 369 232 204 405 130 149 0 91 130 409 80 350 64 138 203 218 34 303 56 0 0 2 10 0 1 0 0 2 4 3 8 0 3 0 0 0 0 0 2 0 0 0 0 0 0 1 0 0 0 0 0 0 0 0 0 0 0 0 0 0 0 0 0 0 0 0 0 0 0 0 0 0 0 0 0 16 0 0 0 0 0 0 31 26 0 18 7 19 26 10 22 0 0 0 22 11 30 0 0 0 7 0 0 10 10 15 0 0 0 0 0 0 2 0 0 0 3 3 0 0 0 1 0 0 0 0 0 0 0 0 0 0 0 0 0 0 0 0 0 0 0 0 0 0 0 0 0 0 0 0 0 0 0 0 0 0 0 0 0 0 22 45 21 21 24 0 0 8 12 7 39 21 26 18 53 0 0 0 0 0 0 0 0 7 2 0 0 0 0 6 4 14 14 0 0 0 0 0 19 0 0 0 0 0 0 1 0 0 0 0 4 0 1 0 0 0 0 0 2 0 0 0 11 0 0 0 0 0 12 7 0 10 0 0 0 0 0 0 0 0 0 0 0 10 0 0 12 0 0 
 0 1 0 1 0 0 2 0 0 6 0 0 31 0 0 61 0 0 0 0 2 0 0 0 65 0 0 0 0 0 1 65 0 2 0 0 1 0 3 0 70 119 72 63 80 51 138 91 0 155 34 247 62 184 121 96 72 131 94 82 0 0 0 0 2 1 0 0 0 0 3 2 5 21 0 0 2 3 0 0 0 0 0 0 0 0 0 0 0 0 0 0 14 0 0 0 9 1 0 0 0 0 0 0 0 15 0 0 0 0 0 0 0 0 0 0 0 0 1 0 0 26 18 0 0 0 14 14 7 0 3 22 0 19 22 7 11 0 4 0 7 0 0 0 6 0 0 0 0 4 0 0 0 0 0 0 0 0 0 0 0 0 0 0 0 0 0 2 0 0 25 11 0 0 0 0 4 0 0 0 0 0 0 0 2 7 0 0 0 0 0 0 0 0 0 0 8 0 0 0 8 15 7 0 0 0 1 20 0 2 0 0 19 1 0 0 49 21 0 24 0 0 0 0 0 0 0 0 0 0 0 0 0 0 0 0 0 10 0 0 0 0 0 0 0 0 0 0 0 0 0 4 0 0 0 0 0 0 0 1 0 0 0 0 0 8 0 0 0 0 0 0 0 0 0 0 0 0 0 0 0 0 0 0 1 12 0 0 0 0 
 0 0 0 0 0 0 0 0 0 0 0 3 0 0 0 0 0 0 0 0 1 0 0 0 0 0 0 0 0 0 0 0 0 0 0 0 0 0 0 0 65 40 117 289 287 94 33 130 155 0 118 24 47 97 121 217 385 54 90 131 0 1 1 0 0 2 50 0 1 0 0 0 106 0 0 0 0 0 1 2 0 0 0 0 0 0 0 0 0 0 0 0 0 0 0 0 0 0 0 0 0 0 0 0 0 0 0 0 0 0 0 0 0 0 0 0 0 0 0 0 0 0 13 9 6 24 0 0 0 23 53 20 1 1 0 10 0 12 0 0 0 29 0 0 0 0 38 0 0 0 0 0 37 29 24 25 1 0 14 11 0 0 0 0 0 0 19 0 0 0 0 0 0 0 0 0 0 0 0 0 0 0 0 0 0 0 0 0 0 0 0 0 0 0 0 0 0 0 0 0 0 1 0 0 35 0 0 0 7 0 0 11 0 0 10 0 9 7 0 0 2 0 1 0 0 0 7 3 2 8 0 0 2 13 21 0 0 16 48 0 0 0 20 0 0 0 0 0 0 0 0 3 0 20 0 0 0 0 0 11 0 0 1 37 69 2 0 1 0 0 9 0 0 0 0 0 0 0 0 0 0 0 0 0 5 15 0 0 0 0 
 0 0 0 0 0 0 0 0 0 0 0 0 4 0 1 0 1 0 0 0 0 3 0 0 0 10 7 10 3 0 3 0 0 0 4 0 0 26 201 0 104 77 86 345 156 156 22 409 34 118 0 129 131 24 205 109 135 103 97 75 5 0 1 0 0 77 50 2 3 0 0 0 50 0 0 4 0 0 0 0 0 0 0 0 0 0 0 0 0 0 0 0 0 0 0 0 0 0 0 0 0 6 5 0 0 0 0 0 7 0 0 0 0 0 3 7 0 0 0 0 0 14 0 51 11 15 24 15 17 0 20 1 0 20 0 12 5 33 1 8 0 5 1 23 0 1 0 0 0 0 0 0 0 0 0 0 0 0 8 20 0 0 0 0 0 0 0 15 0 8 0 0 0 9 0 0 0 0 0 5 0 0 3 4 11 0 0 9 0 7 0 4 0 0 0 0 0 0 0 0 3 0 41 51 29 30 0 19 0 10 8 18 26 2 8 49 0 7 0 18 9 2 19 0 0 0 0 10 0 0 17 0 15 18 15 2 0 16 10 46 0 0 0 0 0 0 0 0 0 0 0 4 1 0 0 0 0 0 3 0 0 0 0 0 0 3 0 0 0 0 15 0 0 9 0 0 0 0 0 0 0 5 0 0 0 25 0 12 2 0 
 2 5 31 0 1 0 0 4 0 0 0 0 0 1 11 0 0 0 2 0 0 0 0 5 0 0 0 0 0 0 63 0 0 2 0 0 2 0 0 5 113 37 106 184 75 226 43 80 247 24 129 0 34 275 132 100 79 130 44 61 0 0 1 51 0 0 0 0 0 0 3 0 0 0 0 0 0 0 72 53 4 0 0 0 0 0 0 0 5 0 0 0 0 0 12 0 1 0 5 5 0 0 0 0 0 0 0 0 0 0 0 0 0 0 0 0 0 0 0 12 0 0 0 13 34 0 0 9 29 14 0 0 0 0 0 12 0 9 0 0 0 1 11 0 0 0 14 2 0 0 0 0 20 0 0 0 0 0 8 0 0 0 0 4 0 0 1 0 0 3 0 0 0 0 0 0 0 0 0 3 0 0 0 0 0 0 0 0 0 0 1 0 0 11 0 0 0 0 0 0 0 0 12 14 5 10 0 0 8 10 11 30 0 0 0 4 0 0 0 0 0 1 11 0 0 0 1 5 9 0 0 0 17 9 0 1 10 0 5 10 0 0 0 0 0 0 0 0 0 0 0 0 0 2 0 0 1 0 0 0 0 1 3 3 3 2 4 6 0 0 0 0 0 0 0 0 0 0 0 0 0 1 0 0 0 0 0 7 0 0 
 0 0 0 0 0 1 0 0 0 0 0 0 0 1 2 0 2 0 0 0 4 0 75 40 1 125 3 1 0 31 0 0 0 2 0 0 65 3 7 4 73 120 83 78 150 33 237 350 62 47 131 34 0 207 183 44 164 64 169 98 0 0 1 0 0 0 0 0 2 0 0 0 0 0 0 0 0 0 0 1 0 0 0 0 13 0 0 0 0 0 0 0 0 0 0 0 0 0 0 0 11 20 0 10 3 7 0 13 0 4 15 14 0 7 0 6 0 0 0 0 21 1 0 31 17 0 12 13 0 0 0 29 9 2 14 10 12 3 0 4 0 0 0 0 0 0 0 13 0 1 0 0 0 0 0 0 0 0 10 20 0 0 0 0 0 0 0 0 0 0 1 0 0 0 0 0 0 0 0 9 0 1 4 12 0 0 0 0 13 12 0 44 0 0 0 0 23 2 1 0 18 16 34 0 6 11 16 0 21 20 0 12 13 16 37 22 13 1 0 35 0 0 0 0 0 0 0 0 0 0 0 0 0 44 0 0 0 0 0 0 0 0 0 0 0 0 0 0 0 27 0 4 0 2 0 0 0 71 0 1 0 0 0 1 0 20 1 0 2 0 0 0 0 0 0 0 0 0 0 0 0 6 0 0 0 2 0 0 2 0 
 1 1 2 68 0 2 0 1 2 0 6 0 3 2 2 1 0 1 1 0 0 1 1 0 0 24 2 1 0 0 1 133 1 3 0 1 27 3 0 2 284 185 308 161 59 247 217 64 184 97 24 275 207 0 299 34 37 24 95 185 2 3 3 7 206 0 0 5 6 0 0 0 0 3 16 0 0 1 0 1 0 0 0 13 5 0 0 0 0 6 0 0 0 0 0 17 0 0 0 0 0 0 0 4 10 19 0 0 0 0 4 0 27 0 0 0 0 0 0 0 13 12 8 1 3 3 32 18 30 10 6 8 26 57 4 0 20 35 11 9 0 0 0 0 43 4 0 0 0 0 0 0 0 21 0 0 20 0 0 0 0 0 8 0 0 3 0 13 0 0 7 0 0 0 0 5 0 0 0 0 0 0 22 0 0 0 15 0 9 0 0 20 0 0 0 0 0 0 0 0 12 12 7 28 0 0 6 22 0 10 26 10 12 2 15 35 0 21 0 12 0 0 0 0 0 0 12 0 0 0 0 0 0 0 0 0 0 0 0 0 0 1 0 0 0 0 7 0 0 19 0 0 0 1 0 0 0 0 0 39 0 0 1 0 0 1 0 0 2 0 0 0 0 0 0 2 0 0 0 0 0 3 0 0 1 21 0 0 1 0 
 0 1 1 2 0 2 0 1 2 0 2 0 3 4 2 1 1 1 1 0 0 0 2 0 23 0 0 0 0 80 0 72 0 0 0 3 2 9 0 1 254 132 115 301 230 93 137 138 121 121 205 132 183 299 0 193 187 348 109 198 2 0 2 1 0 0 0 0 0 0 0 0 0 0 0 0 0 1 0 0 0 0 0 0 0 0 0 0 0 0 0 0 0 0 0 0 0 0 0 0 0 0 0 0 9 0 0 0 0 0 12 0 2 0 0 0 0 0 0 0 31 16 0 37 0 13 19 13 16 0 0 12 0 21 33 19 11 16 1 10 0 0 0 0 0 0 0 4 0 0 0 0 0 0 0 0 16 0 0 7 0 0 0 0 0 0 0 0 0 0 0 0 0 0 0 0 0 0 0 0 0 0 0 8 0 5 0 0 0 11 4 22 0 0 1 0 0 0 0 0 18 0 20 22 0 11 28 27 28 20 17 51 40 1 47 26 10 1 0 86 15 0 0 0 0 0 0 0 0 0 0 0 12 18 0 0 0 0 0 0 0 0 8 0 0 0 0 0 0 0 0 0 0 2 0 0 0 32 0 1 0 0 2 2 2 5 1 0 2 0 0 0 0 0 0 0 0 0 0 0 0 4 0 0 0 14 0 10 2 0 
 0 0 3 0 0 0 0 0 0 0 0 3 0 3 3 0 0 0 0 0 3 3 3 3 3 3 3 6 3 3 3 4 3 3 3 3 3 3 90 3 197 63 212 536 136 200 278 203 96 217 109 100 44 34 193 0 106 162 50 94 0 0 1 0 0 1 0 0 0 0 0 0 0 0 0 0 0 0 101 0 0 0 0 0 0 0 7 0 0 0 0 0 0 0 0 0 0 0 0 0 0 0 0 0 0 0 0 0 0 0 0 0 3 0 0 0 0 0 19 0 0 0 14 16 17 12 0 9 64 47 0 0 7 3 0 36 0 15 0 0 0 1 0 0 0 22 56 6 0 0 0 0 30 16 0 0 0 0 11 10 0 0 0 0 0 0 0 0 0 0 0 0 0 0 0 0 4 0 0 0 0 0 0 0 0 0 0 0 0 0 0 0 0 0 0 0 0 0 0 0 0 2 22 53 9 10 0 0 3 25 37 41 0 3 0 21 8 19 0 0 0 0 0 0 0 0 14 0 0 0 0 0 7 14 10 0 0 0 0 20 0 0 14 0 0 0 0 0 0 0 0 4 0 0 0 0 0 0 0 1 0 0 1 66 1 2 2 1 0 0 0 0 0 0 0 0 0 0 0 0 0 0 0 0 7 11 0 6 0 0 
 4 3 3 3 3 3 4 3 3 3 3 5 3 6 3 3 3 3 4 3 0 0 0 0 0 0 0 3 0 0 0 0 0 0 0 0 1 0 0 0 113 306 141 59 107 118 39 218 72 385 135 79 164 37 187 106 0 195 103 104 1 15 5 0 0 1 58 0 52 0 0 0 110 0 0 3 7 0 0 0 0 0 0 0 0 0 0 0 0 0 0 0 0 0 0 0 0 0 0 0 0 0 0 0 0 0 0 0 0 0 0 0 0 0 0 0 0 0 20 0 0 15 0 70 16 9 20 9 0 0 25 19 0 20 0 22 3 0 0 20 0 31 6 4 0 0 0 1 0 8 0 5 0 11 19 21 0 0 40 22 0 0 0 0 0 0 0 0 0 0 0 0 0 0 0 0 0 0 0 0 0 0 0 0 0 0 0 0 0 0 0 0 15 0 0 0 0 0 0 0 0 0 54 0 82 0 0 30 0 18 0 25 21 2 21 15 34 7 0 35 1 0 0 8 0 0 9 8 0 4 0 0 0 19 11 5 11 19 16 0 0 0 0 0 0 0 0 0 0 0 0 4 0 0 0 0 0 0 0 0 0 0 0 63 62 22 3 0 0 0 10 0 0 0 0 0 0 0 0 0 0 0 0 0 0 30 0 0 0 0 
 0 0 2 0 0 0 0 0 0 0 1 0 3 0 0 0 0 0 0 0 3 6 5 3 67 3 65 9 9 6 6 4 3 2 3 6 3 3 3 2 37 93 331 150 522 150 264 34 131 54 103 130 64 24 348 162 195 0 46 30 3 23 2 0 0 2 60 0 2 0 0 0 2 0 0 0 0 0 20 52 0 0 0 0 0 0 0 0 0 0 0 0 0 0 0 0 0 0 0 0 0 0 0 0 5 0 0 0 0 0 5 0 0 0 0 0 0 0 0 0 7 10 6 14 18 14 19 13 7 11 0 42 0 1 3 0 16 2 7 0 5 0 0 0 4 0 11 9 0 1 0 0 5 26 1 18 1 0 46 0 0 0 0 0 9 0 0 0 0 9 0 0 0 0 0 0 0 0 0 2 0 0 0 0 0 3 0 1 0 1 3 0 0 0 0 0 0 0 0 0 0 11 67 14 54 30 3 6 24 9 19 28 36 40 0 15 37 0 0 0 11 1 0 0 0 0 10 0 0 0 0 0 0 0 0 0 0 0 0 0 0 0 7 0 0 0 0 0 0 0 0 2 0 0 0 0 0 0 0 11 0 0 0 5 62 2 0 0 0 0 0 0 0 0 0 0 0 0 0 0 0 0 0 0 0 16 0 0 0 0 
 0 1 2 2 0 0 0 1 2 0 2 0 0 2 2 1 0 1 1 0 2 6 41 2 64 66 3 66 65 66 68 64 3 3 3 3 5 6 3 3 260 65 41 76 273 65 78 303 94 90 97 44 169 95 109 50 103 46 0 308 0 0 2 0 3 15 0 0 0 0 0 0 0 0 0 0 0 0 0 0 0 0 0 0 0 0 0 12 0 0 0 0 0 0 0 0 0 0 0 0 0 0 0 9 0 0 0 0 0 23 24 0 0 0 0 0 3 3 10 0 8 0 0 0 0 0 1 1 0 0 0 0 2 0 15 0 0 0 0 6 0 0 0 0 0 2 0 3 0 0 0 0 0 0 0 0 0 0 0 6 0 0 0 0 0 0 0 0 0 0 0 0 0 0 0 0 0 0 0 0 0 0 16 10 14 15 0 0 1 45 30 4 0 0 0 18 14 0 0 0 0 8 0 0 0 0 20 0 17 0 0 0 9 14 24 25 18 6 5 9 0 0 0 0 0 4 0 0 0 0 0 0 0 0 0 0 0 0 0 1 0 0 0 0 0 0 0 0 0 0 0 9 0 0 0 0 0 82 0 0 20 0 2 0 1 4 4 0 2 0 0 0 0 0 2 0 0 0 0 0 0 0 0 0 8 0 0 2 0 0 
 0 0 0 0 0 2 0 0 0 0 0 2 4 0 0 0 0 0 0 0 6 0 0 0 62 1 0 1 31 86 143 53 0 0 0 0 0 0 2 0 143 63 137 147 164 262 306 56 82 131 75 61 98 185 198 94 104 30 308 0 4 0 0 0 0 12 0 0 0 0 0 0 0 0 0 2 0 0 30 0 0 0 0 0 0 0 0 0 0 0 0 0 0 0 0 0 0 0 0 0 0 0 0 0 0 0 0 0 1 17 1 0 0 0 0 0 0 0 0 0 20 8 31 10 0 0 0 14 4 8 4 18 21 0 23 17 7 28 0 0 2 0 0 0 0 0 0 2 0 2 0 0 10 0 0 0 0 0 6 6 0 0 0 0 0 0 0 0 0 0 0 0 0 0 0 0 0 0 0 0 0 0 37 1 47 0 0 0 0 1 12 12 0 0 0 14 0 0 0 0 0 0 16 78 0 1 35 1 25 6 0 1 0 9 28 5 24 25 10 19 0 0 0 14 0 0 0 0 0 0 0 0 0 6 0 0 0 0 8 21 0 0 0 0 0 0 0 0 0 0 0 3 0 1 0 0 0 81 0 0 0 0 0 2 0 14 0 0 2 0 0 0 0 0 0 0 0 0 0 0 0 0 7 0 16 0 0 0 0 0 
 0 0 0 0 0 3 0 0 0 0 0 2 3 15 5 0 0 1 0 0 5 5 0 2 0 0 11 0 51 0 0 0 0 0 5 3 3 7 5 0 0 0 5 0 0 0 3 0 0 0 5 0 0 2 2 0 1 3 0 4 0 148 103 53 52 32 116 115 95 30 49 24 115 133 118 92 316 154 26 91 0 8 0 0 0 5 0 0 0 0 13 0 0 0 0 0 0 0 0 0 0 0 0 5 6 0 0 3 0 0 0 2 7 0 0 0 0 1 0 0 0 0 0 0 0 0 0 0 0 0 0 0 0 0 0 0 0 0 0 0 13 6 30 32 12 6 0 2 16 17 7 0 18 23 0 0 0 20 0 18 0 5 0 2 0 0 5 9 4 0 0 0 0 0 0 0 0 0 7 0 4 0 0 0 0 1 0 3 0 0 0 5 0 4 0 0 0 3 0 0 0 0 0 0 0 0 0 0 0 0 0 0 0 0 0 0 0 0 0 6 26 10 47 12 3 1 9 0 5 39 23 26 27 0 16 21 7 0 0 9 0 0 0 0 0 0 0 0 0 0 0 0 0 53 19 0 0 0 0 0 0 0 0 52 0 0 4 1 0 0 0 2 57 24 2 65 0 0 0 0 0 0 0 0 0 1 0 0 0 0 
