 0 238 78 53 26 41 366 133 62 52 90 111 229 157 131 125 125 34 139 134 3 0 0 2 3 0 6 6 0 2 0 0 2 0 3 2 0 0 0 0 2 0 0 3 0 3 0 0 3 0 3 45 0 0 0 3 0 0 2 0 2 0 0 1 1 1 2 1 0 3 0 6 4 0 0 0 1 2 0 0 31 18 21 0 0 0 0 0 0 1 12 1 9 14 19 0 19 0 0 23 0 0 0 0 0 1 0 0 0 0 0 0 0 0 0 0 0 0 2 0 0 0 0 0 0 0 0 0 0 0 0 0 0 0 0 0 0 0 0 0 0 22 1 0 0 0 1 0 0 0 0 0 0 0 0 0 0 0 9 0 0 0 0 0 0 0 34 0 40 0 0 0 34 31 1 0 9 0 0 14 1 0 0 0 0 22 0 0 11 0 0 0 0 0 0 0 0 0 0 0 0 0 0 26 0 0 2 0 0 0 0 0 0 4 0 0 0 0 0 0 0 0 0 0 0 0 0 0 0 0 0 0 0 0 1 0 0 0 0 0 0 0 0 0 0 0 0 0 2 2 0 6 0 0 0 0 0 0 0 0 0 0 0 0 0 0 0 0 0 0 23 0 0 0 0 0 13 0 0 0 0 0 0 0 0 0 2 0 0 1 
 238 0 307 480 43 64 162 168 433 63 195 234 421 182 160 423 659 267 250 88 3 0 0 2 1 0 4 6 0 0 0 0 4 0 3 0 0 0 2 1 2 0 0 0 31 0 0 0 2 0 2 0 0 0 0 3 0 0 0 0 3 0 0 0 0 0 0 0 0 2 0 3 3 2 0 0 0 3 0 0 2 21 27 13 0 2 0 17 15 27 0 31 13 0 33 6 16 19 0 21 0 0 0 0 0 0 0 0 0 0 0 0 7 0 0 0 0 0 11 0 0 0 0 0 0 0 0 0 0 0 0 0 0 0 0 0 0 0 0 0 0 0 0 0 0 0 0 0 2 0 0 0 0 0 0 0 0 0 0 0 10 42 26 14 0 15 45 15 15 16 25 30 32 26 13 7 27 18 0 0 0 0 0 0 0 1 0 0 0 0 0 0 0 0 0 1 0 0 54 0 0 0 0 0 0 0 0 0 0 0 0 0 0 0 0 0 0 0 0 0 0 0 0 0 0 0 0 0 0 13 0 0 0 0 0 0 0 0 0 1 0 0 0 0 0 4 10 0 3 0 2 2 0 0 0 0 0 0 0 0 0 0 30 0 0 0 0 0 0 0 0 0 0 0 0 11 13 14 0 0 0 0 0 0 0 0 0 0 0 0 
 78 307 0 283 138 32 66 220 60 239 251 329 134 141 103 276 143 97 47 137 75 0 0 74 0 0 3 2 72 0 0 0 79 0 3 1 0 0 5 75 0 0 0 0 6 0 0 49 4 0 3 0 0 0 0 3 0 0 0 39 2 0 0 0 0 0 0 0 0 3 0 3 2 0 0 0 0 2 0 0 18 0 1 37 1 60 0 47 1 40 1 9 28 19 27 18 2 45 0 0 9 0 0 0 0 0 0 0 0 0 0 0 55 0 0 0 0 0 10 13 0 0 3 1 0 0 2 0 0 15 0 0 3 0 0 2 0 0 1 0 0 0 0 0 0 2 0 0 0 0 0 0 0 0 0 2 0 0 0 12 15 2 22 11 12 11 0 2 5 19 9 27 0 11 9 8 1 17 0 0 0 1 0 0 0 0 0 0 0 0 0 0 11 1 0 8 0 0 33 0 0 0 0 0 0 0 0 1 0 0 2 0 0 0 0 0 10 11 0 0 0 0 0 0 0 0 0 0 0 0 0 0 0 0 0 0 0 0 0 0 0 0 0 0 0 1 19 2 90 9 3 0 10 2 1 0 0 0 0 0 0 0 20 0 0 0 0 0 0 0 0 0 0 0 0 19 0 0 0 0 0 0 0 0 0 0 0 0 0 0 
 53 480 283 0 202 180 79 149 46 351 176 152 152 158 111 59 431 49 339 66 67 0 0 2 0 3 3 1 29 0 0 0 67 3 65 0 1 0 0 31 64 0 0 0 8 1 0 0 3 0 3 62 0 0 0 3 0 0 0 0 2 0 0 0 0 0 0 0 0 3 0 3 2 3 0 0 0 4 0 3 0 21 12 0 69 7 0 28 0 10 5 13 0 0 19 12 54 38 0 0 13 11 0 0 1 0 10 0 0 19 1 0 61 0 63 10 17 0 3 47 0 0 0 0 0 0 0 0 0 0 2 0 0 14 0 0 0 0 0 0 0 0 0 0 0 0 0 0 0 0 0 0 0 0 0 0 0 0 0 0 14 17 24 7 6 42 0 17 0 54 11 79 0 0 10 12 0 24 0 0 0 0 6 22 0 0 12 58 0 0 2 1 0 80 0 6 0 0 54 6 0 0 0 0 0 0 0 15 0 0 0 0 0 0 0 0 0 0 0 0 0 0 0 0 0 0 0 0 0 0 0 1 0 0 0 0 0 0 0 0 0 0 0 0 0 2 107 2 1 222 2 3 18 0 0 0 0 0 0 0 0 0 10 0 0 0 0 0 0 0 0 0 0 21 0 26 16 0 0 0 0 0 0 0 0 0 0 0 0 0 
 26 43 138 202 0 224 65 138 188 102 85 34 80 64 123 86 255 60 63 85 3 0 0 2 0 1 159 2 0 0 1 0 52 75 4 0 0 1 77 70 0 0 0 0 1 0 0 0 2 0 3 0 0 0 0 3 0 0 0 0 2 0 0 0 0 0 0 0 0 2 0 3 2 0 0 0 0 2 0 0 0 14 15 9 24 14 0 0 30 13 27 12 0 0 0 24 10 38 0 0 8 11 0 0 0 0 37 0 0 0 0 0 26 35 0 0 0 0 43 13 0 0 0 0 0 0 0 0 0 0 0 0 0 0 0 0 0 0 0 0 0 1 0 0 0 0 0 0 0 0 0 0 0 0 0 0 0 0 0 0 0 3 10 16 29 11 0 0 13 28 18 22 0 1 15 0 0 0 0 0 11 18 44 0 0 0 47 13 18 0 0 0 14 1 0 21 0 5 0 6 0 0 0 0 0 0 0 0 0 0 0 0 6 0 0 0 8 0 0 0 0 0 2 0 16 0 0 0 0 0 0 0 0 0 0 0 0 0 0 0 0 0 0 0 0 0 88 0 0 95 0 5 14 0 0 0 0 0 0 0 0 0 13 0 0 0 0 0 0 0 0 0 0 0 0 14 0 0 0 0 0 0 0 0 0 0 0 0 0 8 
 41 64 32 180 224 0 31 40 32 269 305 64 35 48 51 508 124 376 45 56 5 2 114 2 0 0 122 149 0 2 0 0 83 149 82 3 3 0 114 74 0 0 0 3 0 0 0 1 3 0 3 0 0 0 65 3 0 2 0 4 5 4 0 0 0 0 0 0 0 3 3 5 2 0 0 0 2 11 0 2 0 9 27 37 13 35 0 0 0 0 20 21 0 0 0 0 18 8 2 0 10 6 22 0 0 0 46 11 31 0 15 1 13 0 0 0 4 0 25 19 0 0 6 0 0 0 0 0 0 0 0 0 0 0 0 0 0 0 0 0 0 0 0 0 0 7 0 0 0 14 0 0 0 0 12 0 0 0 0 0 0 0 1 34 0 1 0 0 0 10 23 2 1 0 12 0 0 0 0 0 0 1 32 2 0 0 42 0 55 19 0 0 0 18 4 40 36 0 0 27 0 0 2 0 0 0 0 0 0 0 0 0 0 0 0 0 0 0 0 0 0 0 0 0 0 0 1 0 0 0 0 0 0 0 0 0 0 0 15 0 0 16 0 0 0 2 1 1 0 17 0 10 0 0 0 0 0 1 0 0 0 0 0 0 0 0 0 0 0 1 0 0 0 0 0 0 5 0 0 0 0 0 0 0 0 2 0 0 0 0 
 366 162 66 79 65 31 0 115 74 33 244 77 147 72 163 217 131 127 148 173 3 1 1 2 3 0 3 2 0 0 1 3 2 5 3 5 3 4 2 2 0 0 0 0 0 1 2 0 3 1 3 0 2 0 0 3 3 6 2 0 4 4 0 3 0 2 0 0 0 4 2 3 4 6 0 0 11 2 0 0 55 12 41 0 0 0 0 1 20 44 13 0 0 41 32 13 24 1 0 23 0 0 0 0 0 0 0 0 0 1 0 0 0 0 0 0 0 0 0 0 0 0 0 0 0 0 0 0 0 0 0 0 0 0 0 0 0 0 0 0 0 0 0 0 0 0 0 0 0 0 0 0 0 0 0 0 0 0 0 0 9 0 0 19 0 0 8 0 12 0 16 0 19 25 0 0 38 10 0 17 0 0 0 0 0 0 0 0 0 0 0 0 7 0 0 0 0 0 0 0 0 0 3 0 0 0 0 0 0 0 0 13 0 0 0 0 0 0 0 2 0 0 0 0 0 0 0 0 0 0 0 0 0 0 0 0 0 0 0 0 0 0 0 0 0 0 0 0 0 0 0 16 0 0 0 0 0 0 0 0 0 0 0 0 0 0 0 0 0 0 0 0 0 0 0 0 0 0 0 0 0 0 0 0 0 0 0 0 0 0 
 133 168 220 149 138 40 115 0 43 29 201 178 138 139 143 428 366 102 160 132 3 0 0 2 2 0 3 1 0 0 0 2 2 3 3 0 0 2 0 0 0 0 0 0 0 0 0 0 9 0 3 0 5 0 0 3 0 0 0 0 2 0 0 0 0 0 0 0 0 3 0 3 2 0 0 0 0 2 0 0 24 1 0 15 0 13 29 7 18 52 0 29 0 91 42 7 15 11 5 11 0 0 18 0 0 0 0 11 0 0 0 0 0 0 0 0 0 0 0 0 0 0 0 0 0 0 0 0 0 0 0 19 0 0 0 0 0 0 0 0 0 20 0 0 0 0 0 0 0 0 0 0 0 0 0 0 0 0 0 0 13 50 15 20 0 0 30 11 1 0 14 1 10 0 4 15 51 1 7 15 0 0 0 0 0 0 0 0 0 0 0 0 6 0 0 0 0 0 39 0 0 0 0 0 0 0 0 0 0 0 0 0 0 0 0 0 0 0 0 0 0 0 1 0 0 30 0 0 0 0 0 0 0 0 0 0 0 0 0 0 0 10 0 0 0 0 0 2 93 2 2 7 0 0 0 0 0 0 0 0 0 0 0 0 0 0 0 0 0 0 0 0 0 0 0 0 0 0 0 0 0 0 0 0 0 0 0 0 0 0 
 62 433 60 46 188 32 74 43 0 254 74 143 129 289 95 173 232 39 103 69 3 2 0 2 1 0 94 4 0 0 0 0 79 1 3 74 0 0 1 1 0 0 0 0 0 0 0 0 2 0 3 0 0 0 0 3 0 0 0 4 2 0 0 0 0 0 0 0 0 2 0 3 2 0 0 0 0 2 0 0 0 28 0 50 15 53 0 1 25 0 22 37 0 0 1 59 0 6 0 2 0 0 0 0 0 0 10 2 0 0 0 0 14 31 0 0 0 6 42 0 0 0 13 0 0 0 0 0 0 2 0 0 0 0 0 0 0 0 0 0 0 0 0 0 0 6 0 0 0 0 0 0 0 0 0 0 0 0 0 0 0 5 1 1 13 0 1 16 21 0 0 19 11 0 21 14 0 24 0 0 5 10 0 0 0 0 0 0 0 0 0 0 46 14 0 14 0 0 31 5 0 0 0 0 0 0 0 0 0 2 0 0 0 0 0 0 17 1 15 0 0 0 0 0 2 0 0 0 0 0 0 0 0 0 0 0 0 0 0 0 0 0 0 0 0 2 0 0 0 4 0 17 2 0 0 0 0 0 0 0 1 0 0 0 0 0 0 0 0 0 0 0 0 0 0 12 14 5 0 0 0 0 0 0 0 0 0 0 0 0 
 52 63 239 351 102 269 33 29 254 0 394 37 257 96 257 91 45 132 80 95 19 0 0 2 0 2 38 4 0 0 2 0 6 0 6 0 0 67 0 36 0 0 0 3 0 0 0 0 3 0 3 0 0 0 0 5 0 4 0 1 2 0 0 0 0 0 0 0 0 6 0 65 2 0 0 0 0 2 0 0 0 7 0 24 20 53 0 19 14 0 21 34 0 0 0 11 0 2 0 0 9 0 0 0 1 0 0 5 0 1 0 0 71 0 1 7 0 0 1 27 0 0 0 0 0 0 0 0 0 0 2 1 0 16 0 0 0 0 0 0 0 0 0 0 0 0 0 0 0 0 0 0 0 0 0 0 0 0 0 0 0 10 10 25 0 13 0 31 0 34 0 35 0 0 12 0 0 0 0 0 0 0 9 0 0 0 0 0 0 0 2 1 16 66 0 8 0 0 8 33 0 0 0 0 0 0 0 0 0 0 0 0 0 19 0 0 1 0 0 0 0 0 0 0 0 0 0 0 0 0 0 0 0 0 0 14 2 0 0 0 0 0 0 0 2 2 0 2 92 96 3 26 16 0 0 0 0 0 0 0 0 0 0 0 0 0 0 0 0 0 0 0 0 0 2 25 2 13 0 0 0 0 0 0 0 0 0 0 0 0 
 90 195 251 176 85 305 244 201 74 394 0 408 136 167 173 81 191 116 266 209 3 0 0 2 0 0 79 3 0 0 0 0 2 0 3 0 0 0 0 0 0 0 0 0 0 0 0 0 3 0 3 0 0 0 0 3 0 0 0 0 4 0 0 0 0 0 0 0 0 3 0 3 2 0 0 0 0 2 0 0 15 0 12 23 0 21 13 8 0 20 2 28 12 16 8 11 10 19 0 9 0 0 0 0 0 0 0 0 0 0 0 0 26 0 0 0 0 0 0 0 2 0 0 0 0 0 0 0 0 0 0 0 0 0 0 0 0 0 0 0 0 0 0 0 0 0 0 0 0 0 2 0 2 1 0 0 0 0 0 0 11 35 25 42 17 0 32 13 0 0 0 0 1 0 0 34 0 0 0 1 0 0 18 0 0 0 0 0 0 0 0 0 10 1 16 0 0 0 13 66 0 0 0 0 0 0 0 0 0 0 0 0 0 0 2 0 0 0 0 0 0 0 0 0 0 0 0 0 0 0 1 0 0 0 0 0 0 0 0 0 0 0 0 0 0 1 0 0 92 0 0 12 0 0 0 0 0 0 0 0 0 0 0 0 0 0 0 0 0 0 0 0 0 0 0 1 0 0 0 0 0 0 0 0 0 0 0 0 0 0 
 111 234 329 152 34 64 77 178 143 37 408 0 370 131 353 44 222 166 41 343 3 0 0 2 77 6 42 2 0 0 0 0 2 0 3 0 0 0 0 0 4 0 59 0 0 0 0 0 2 0 3 0 34 0 0 29 0 0 1 0 2 0 1 0 0 44 0 0 0 3 0 3 2 0 0 0 0 41 0 1 20 11 18 1 29 9 16 8 25 21 0 15 3 20 22 8 45 11 0 20 0 0 0 0 0 0 0 0 0 0 0 0 35 19 0 0 0 0 0 0 0 0 0 0 0 0 0 0 0 0 0 0 0 0 0 0 0 0 0 0 0 0 0 0 0 0 0 0 0 0 0 0 0 0 0 0 0 0 0 3 13 33 18 20 0 1 33 15 0 0 0 5 0 11 0 14 3 0 0 0 0 1 0 18 0 0 0 0 0 0 0 0 16 0 0 0 0 0 13 15 0 0 0 0 0 0 0 0 0 0 18 0 0 0 0 0 0 0 0 2 0 0 1 0 0 0 0 0 0 0 0 0 0 0 0 0 0 0 0 0 0 0 0 0 0 1 2 0 0 2 2 10 0 0 0 0 0 0 0 0 0 0 0 0 0 0 0 0 0 0 0 0 47 0 0 0 0 0 0 0 0 0 0 0 0 0 0 0 0 0 
 229 421 134 152 80 35 147 138 129 257 136 370 0 149 64 143 117 60 195 358 3 0 0 2 0 0 3 2 2 0 0 0 2 2 5 0 2 0 0 0 61 0 0 0 0 0 0 5 2 0 3 0 0 0 0 3 1 3 0 0 3 2 0 0 0 0 0 0 0 3 1 3 2 0 0 0 4 2 0 0 76 13 29 11 0 0 0 0 18 35 0 18 18 36 25 1 16 3 10 31 0 0 0 0 0 0 0 0 0 0 0 0 7 0 0 14 0 0 0 0 0 0 0 0 0 0 0 0 0 0 0 0 0 0 0 0 0 0 0 0 1 0 0 0 0 0 0 0 0 0 0 0 0 0 0 0 0 0 0 0 0 20 5 20 0 0 23 0 1 0 14 1 17 22 0 17 21 1 14 0 0 0 0 0 0 0 0 0 0 0 0 0 12 0 2 0 0 0 0 0 0 0 0 0 2 1 0 0 0 0 0 0 2 0 0 0 9 0 0 0 0 0 0 0 0 0 0 0 0 0 0 0 0 0 0 1 0 0 0 0 0 0 0 0 0 1 1 2 0 2 0 4 0 0 0 0 0 0 66 0 0 9 0 0 0 0 0 0 0 0 0 0 0 0 0 0 0 0 0 0 0 0 0 0 0 0 0 0 0 0 
 157 182 141 158 64 48 72 139 289 96 167 131 149 0 274 163 228 34 398 190 4 0 1 2 0 2 3 2 0 0 0 0 3 2 3 0 1 0 0 0 74 0 1 4 0 1 0 0 3 0 3 0 0 0 3 4 0 0 0 0 2 5 0 3 0 0 0 5 0 3 0 3 2 0 0 0 0 2 0 0 0 7 0 0 12 0 0 5 43 24 0 25 6 0 18 7 15 2 0 7 0 0 0 0 1 0 0 0 0 0 0 0 6 15 0 0 0 0 0 0 0 0 0 0 0 0 0 0 0 0 2 1 0 0 0 0 0 0 0 0 0 0 0 0 0 17 0 0 0 0 0 0 0 0 0 0 0 0 0 0 0 38 12 15 0 0 22 32 14 2 20 14 22 1 15 13 16 20 0 0 0 2 0 0 0 0 0 0 0 0 2 1 0 0 0 0 0 0 22 0 0 0 0 0 0 0 0 0 51 0 0 0 0 12 0 0 1 0 0 0 0 0 0 0 0 0 0 0 0 0 0 0 0 0 0 0 2 0 0 0 0 10 0 0 2 0 1 0 2 2 1 12 0 14 0 0 0 0 0 2 0 0 0 0 0 0 0 0 0 0 0 0 0 0 0 9 3 7 0 0 0 0 0 0 0 0 0 0 0 0 
 131 160 103 111 123 51 163 143 95 257 173 353 64 274 0 174 241 133 155 145 3 3 0 2 2 0 5 4 79 0 0 0 4 0 9 0 1 3 4 1 0 0 2 0 0 0 0 0 3 0 3 0 0 0 0 3 63 0 0 2 2 2 0 0 0 1 0 2 0 3 0 3 2 0 0 0 0 2 0 1 0 0 23 11 0 0 2 10 15 10 0 2 26 23 26 0 21 10 2 0 2 0 0 0 0 0 0 0 0 0 2 0 7 0 0 0 0 0 0 0 0 0 1 0 0 0 0 12 0 0 1 0 0 0 0 0 0 0 0 0 0 0 0 0 0 0 0 0 0 0 0 0 0 0 0 0 0 0 0 0 0 16 13 8 0 0 1 6 0 0 20 17 39 11 24 15 21 7 15 0 0 0 0 0 0 0 0 0 0 0 0 0 0 1 0 2 0 0 39 0 0 0 0 0 0 0 0 0 0 0 0 0 0 0 0 1 0 0 0 0 0 0 0 0 0 1 1 0 21 40 0 1 0 0 0 0 0 0 0 0 0 0 0 0 0 88 2 0 1 0 0 1 0 0 0 0 0 0 0 0 0 0 0 0 0 0 0 0 0 1 0 0 0 0 0 12 0 0 0 0 0 0 0 0 0 0 0 0 0 2 
 125 423 276 59 86 508 217 428 173 91 81 44 143 163 174 0 116 39 76 76 3 0 0 2 3 2 73 2 0 2 0 3 3 0 3 0 0 2 0 7 0 0 62 0 3 0 0 0 12 0 3 0 4 0 0 3 1 0 0 0 2 0 1 2 0 2 0 0 0 3 2 5 3 0 2 0 0 3 0 0 14 10 27 4 0 0 20 0 35 37 0 19 14 32 27 17 25 1 4 7 0 0 0 0 0 0 0 1 0 0 0 0 0 0 0 0 0 2 0 0 0 0 0 2 0 0 1 0 0 0 0 0 0 0 0 0 0 0 2 0 0 0 0 0 0 0 0 0 0 0 0 0 0 0 0 0 0 0 0 0 13 16 9 4 0 0 35 20 3 0 10 0 1 36 4 1 38 29 3 10 0 0 0 0 0 0 0 0 0 0 0 0 1 0 0 0 0 0 1 0 0 0 0 0 0 0 0 2 0 0 0 0 0 0 0 0 0 2 0 0 0 0 0 0 0 0 0 0 0 0 0 0 0 0 0 0 0 0 14 0 0 10 0 0 0 0 1 0 1 0 2 14 0 0 0 0 0 0 0 0 0 0 0 0 0 0 0 0 0 0 0 0 0 0 0 0 13 0 0 0 0 0 0 0 0 0 0 0 0 0 
 125 659 143 431 255 124 131 366 232 45 191 222 117 228 241 116 0 278 71 50 3 0 0 3 0 0 102 2 0 0 0 0 2 0 3 0 0 2 25 0 0 0 0 35 0 0 0 0 3 0 3 0 0 0 0 3 0 35 0 5 2 0 0 0 0 0 0 0 0 3 0 3 2 0 0 0 1 2 0 0 0 27 45 9 38 1 15 5 37 3 10 30 0 1 37 9 72 5 0 16 0 0 0 0 0 0 0 0 0 0 0 0 1 26 2 0 0 0 30 0 0 0 0 0 0 0 0 1 0 0 0 9 1 2 0 0 0 0 0 0 0 0 0 0 0 0 0 0 0 0 2 0 2 0 0 0 0 0 0 0 12 14 33 5 0 0 38 30 3 0 26 0 1 14 28 5 24 19 0 0 10 14 0 0 0 0 1 0 0 0 0 0 1 0 0 25 0 0 19 0 0 0 0 0 0 0 0 0 0 0 0 0 0 0 2 0 0 0 0 0 0 0 0 0 0 0 0 0 1 0 1 0 0 0 0 0 0 0 0 0 0 0 0 0 0 1 1 0 0 1 0 6 0 0 1 0 0 0 0 0 0 0 0 0 0 0 0 0 0 0 0 0 0 0 0 0 50 0 0 0 0 0 0 0 0 0 0 0 0 0 
 34 267 97 49 60 376 127 102 39 132 116 166 60 34 133 39 278 0 56 164 210 2 1 2 6 0 151 3 5 0 0 0 32 5 107 0 6 0 4 24 0 0 0 6 0 0 0 0 6 0 6 0 0 0 0 9 0 0 0 2 45 0 0 0 0 5 0 0 2 2 0 3 2 0 0 2 0 2 0 59 18 18 42 59 53 33 0 22 8 19 9 9 15 26 0 9 22 16 0 0 0 0 0 0 8 0 17 0 0 0 0 0 52 18 0 0 0 0 29 0 15 0 0 0 0 0 0 0 0 0 0 0 0 0 0 0 1 0 0 0 0 1 0 0 0 0 0 0 0 0 0 0 0 0 0 0 0 0 0 0 0 19 1 27 0 1 0 0 0 13 13 1 0 18 1 0 0 19 0 0 0 0 1 0 0 0 0 0 18 0 0 0 18 0 0 23 0 0 3 6 0 0 0 0 0 0 0 0 0 0 1 0 0 0 0 0 1 0 0 0 0 0 0 0 0 0 0 0 0 0 0 0 0 0 0 0 1 0 0 0 0 0 0 0 2 0 85 0 89 3 0 21 3 0 0 0 1 0 0 2 0 0 0 0 2 0 0 0 0 0 0 0 0 0 0 0 0 0 0 0 0 0 0 0 0 0 0 0 0 0 
 139 250 47 339 63 45 148 160 103 80 266 41 195 398 155 76 71 56 0 188 3 0 0 4 0 0 3 1 0 0 0 0 2 0 3 0 0 0 0 0 0 0 0 0 0 0 0 0 3 0 3 0 1 0 0 3 0 0 0 0 2 0 0 0 0 0 0 0 0 2 0 3 2 0 0 0 0 2 0 0 23 0 25 0 2 0 10 2 27 21 1 34 21 0 6 14 22 0 39 1 0 0 0 0 1 0 0 0 0 0 0 0 0 0 0 0 0 19 0 0 0 2 0 0 0 14 0 0 0 0 0 0 0 0 0 0 1 0 0 0 0 0 0 0 0 0 0 0 0 0 0 0 0 0 0 0 0 0 0 0 7 0 11 10 26 0 45 0 5 2 11 2 17 39 22 13 28 22 0 12 0 0 1 0 0 0 0 0 0 0 2 0 0 0 0 12 0 0 1 0 0 0 0 0 0 0 0 0 0 0 0 0 0 0 0 0 1 0 0 0 0 0 0 0 0 0 0 0 0 0 0 0 0 0 0 0 2 0 0 0 0 9 0 0 2 2 0 2 0 0 0 15 0 0 2 0 0 0 0 0 0 0 0 0 0 0 0 0 0 0 0 0 0 0 0 0 0 0 0 0 0 0 0 0 0 0 0 0 0 0 
 134 88 137 66 85 56 173 132 69 95 209 343 358 190 145 76 50 164 188 0 5 2 1 4 0 0 3 5 0 0 11 0 2 3 3 3 2 0 0 2 0 0 1 0 0 4 0 0 5 0 6 1 0 0 0 4 0 0 0 1 2 0 7 0 0 7 0 0 0 3 0 3 2 6 0 0 0 3 0 0 49 29 17 15 4 20 1 18 0 11 0 0 21 30 0 1 24 14 15 27 0 1 0 14 0 0 0 0 0 0 0 0 10 0 0 0 0 0 0 0 0 1 0 0 0 0 0 0 0 0 0 0 16 0 0 0 0 0 0 0 0 0 0 0 0 0 0 0 1 0 0 0 0 0 0 0 0 0 0 1 0 0 1 12 0 0 13 0 25 0 0 0 8 13 10 0 27 0 1 2 0 3 0 0 0 0 0 0 0 0 0 0 8 1 0 0 0 0 47 0 0 0 0 0 0 2 0 0 0 0 0 0 0 0 0 0 0 0 0 0 0 0 0 0 0 9 0 1 0 0 0 0 0 0 0 0 0 0 0 1 0 0 0 0 0 0 3 0 2 0 0 7 0 0 2 0 0 0 0 0 0 0 0 0 0 0 0 0 0 0 0 0 0 0 0 0 0 0 0 0 0 0 0 0 0 0 0 0 0 0 
 3 3 75 67 3 5 3 3 3 19 3 3 3 4 3 3 3 210 3 5 0 322 191 115 133 359 74 97 167 256 39 83 39 356 362 142 125 336 111 151 0 0 0 0 36 1 0 0 3 3 44 5 2 0 0 0 0 0 3 0 0 0 2 0 3 0 2 0 0 0 3 2 0 5 0 0 0 0 5 1 0 0 0 8 1 8 0 0 9 0 0 0 0 0 1 0 0 0 0 0 37 0 21 0 10 22 13 18 11 2 25 37 18 0 2 55 0 0 0 33 0 0 0 0 0 0 0 0 0 0 0 0 0 0 0 0 0 0 12 11 0 0 0 0 0 0 0 0 0 0 0 0 0 0 0 0 1 7 0 2 0 0 0 2 19 26 0 0 0 13 0 0 0 0 0 0 0 0 27 0 34 10 1 3 0 25 12 18 14 23 30 23 2 0 0 22 21 9 0 14 0 0 0 0 0 0 0 0 0 0 0 0 0 0 0 0 0 0 16 0 12 0 0 0 0 0 0 0 0 0 0 0 0 0 0 0 0 0 0 0 0 0 0 0 0 0 0 0 0 74 0 0 13 0 6 0 2 81 1 0 2 0 0 0 0 0 0 0 0 0 0 0 0 0 0 13 0 0 0 0 0 26 0 0 0 0 0 0 0 0 
 0 0 0 0 0 2 1 0 2 0 0 0 0 0 3 0 0 2 0 2 322 0 330 60 124 108 68 287 110 112 31 176 116 178 146 335 151 128 42 132 0 0 0 0 3 0 0 0 1 3 3 3 3 0 0 0 0 0 64 0 0 0 0 0 2 0 1 0 0 3 3 2 0 0 0 0 0 0 3 2 0 0 1 0 0 2 0 0 0 0 0 0 0 0 0 0 0 0 0 0 28 0 13 33 1 35 12 0 48 1 1 26 0 16 10 13 10 0 0 16 0 57 0 0 0 0 0 11 0 0 0 0 0 3 0 0 0 0 11 10 0 0 0 0 19 0 0 0 0 0 1 0 0 0 0 0 7 6 0 0 0 0 0 0 15 13 0 0 0 1 0 0 0 0 0 15 0 0 4 0 30 24 9 1 0 35 18 37 36 19 63 37 0 10 20 11 39 11 0 0 0 0 7 0 0 0 0 0 1 0 0 0 1 2 0 1 0 0 15 3 0 0 0 0 0 0 0 0 0 0 0 0 0 0 0 0 0 0 0 0 0 0 0 0 0 0 1 0 0 2 0 0 0 0 2 1 2 78 1 0 2 0 0 1 0 0 8 0 0 0 0 0 0 0 0 0 0 0 0 1 0 7 0 2 0 18 1 0 0 0 
 0 0 0 0 0 114 1 0 0 0 0 0 0 1 0 0 0 1 0 1 191 330 0 135 357 35 239 97 66 270 126 110 56 420 55 90 50 372 139 137 0 1 0 0 6 0 0 0 3 3 33 4 2 3 0 0 0 0 8 2 6 1 3 0 2 0 1 0 0 1 5 3 1 0 0 0 2 0 3 4 0 0 0 0 1 0 0 0 0 0 0 10 0 0 0 0 0 0 0 3 40 1 50 15 35 6 12 14 21 8 3 32 0 21 37 24 29 41 0 5 0 0 0 0 0 0 0 0 2 0 0 0 0 0 0 0 0 0 0 0 0 0 0 0 0 0 0 0 0 0 0 0 0 0 0 0 0 0 0 0 0 0 0 0 0 1 0 0 0 0 0 0 0 0 0 0 0 0 6 0 28 17 2 13 12 32 2 40 22 0 31 17 0 9 37 46 61 36 0 1 0 0 2 0 1 0 0 0 0 0 19 0 2 0 0 0 0 0 37 0 0 0 0 0 1 0 0 0 0 0 0 1 0 0 0 0 0 1 0 0 0 0 0 0 0 0 0 0 0 0 0 0 0 0 2 2 0 0 0 0 1 11 0 0 0 0 11 0 0 0 0 0 0 0 0 0 0 0 0 0 0 0 0 0 0 0 1 0 0 0 
 2 2 74 2 2 2 2 2 2 2 2 2 2 2 2 2 3 2 4 4 115 60 135 0 119 325 96 178 108 175 463 131 67 180 87 72 103 343 148 360 22 0 0 0 3 1 63 62 4 3 4 9 25 0 0 0 0 0 21 70 76 0 0 0 3 0 3 0 0 0 3 3 0 36 1 0 0 0 7 3 0 0 0 0 0 0 0 0 0 0 0 0 0 0 0 0 0 0 0 0 6 4 19 0 12 15 0 20 7 1 19 25 0 0 14 10 20 6 0 1 26 8 0 10 2 0 15 2 0 0 0 0 7 0 7 0 0 0 25 0 0 0 0 0 0 0 0 0 0 0 0 0 0 0 0 0 7 0 0 6 3 0 0 0 0 0 0 0 0 0 0 0 0 0 0 14 0 0 0 0 14 32 12 34 21 0 0 26 0 5 19 16 0 0 0 20 0 1 0 0 8 0 64 1 0 0 0 0 1 0 0 0 7 1 9 13 11 0 95 14 0 0 0 0 0 0 0 0 0 0 0 4 0 0 0 0 0 0 0 0 0 0 0 0 0 0 0 0 0 0 0 0 0 0 3 0 1 88 83 0 3 2 0 0 0 0 0 0 0 0 0 0 0 0 0 0 0 0 0 10 0 6 0 0 0 0 13 8 0 0 
 3 1 0 0 0 0 3 2 1 0 0 77 0 0 2 3 0 6 0 0 133 124 357 119 0 387 207 65 52 575 103 254 97 273 201 93 327 68 59 83 0 0 0 0 4 1 0 29 5 3 2 3 11 3 0 1 2 0 56 68 4 0 3 0 3 0 3 0 45 0 5 4 0 1 0 0 0 0 3 49 0 0 0 0 0 0 0 0 0 0 0 0 0 0 0 0 0 0 0 0 3 0 15 25 31 19 0 0 0 0 0 0 0 0 0 3 9 17 0 0 30 12 29 10 0 0 0 11 0 0 0 0 12 23 12 31 0 0 19 7 0 0 0 0 0 0 0 0 0 0 0 1 0 1 0 0 0 0 0 0 0 0 0 0 0 0 0 0 0 0 0 0 0 0 0 6 0 0 10 0 0 0 0 0 37 10 0 0 9 0 1 15 0 0 0 29 16 13 0 1 15 0 19 0 1 0 8 13 16 12 0 0 1 0 10 7 9 12 25 9 0 0 0 0 0 0 0 0 0 0 0 0 0 2 0 0 0 0 0 2 0 0 1 0 0 0 0 0 0 0 0 0 0 1 0 0 1 3 78 3 6 11 0 0 0 0 0 0 0 0 0 0 0 0 0 0 0 0 0 59 0 2 0 0 0 0 0 22 0 0 
 0 0 0 3 1 0 0 0 0 2 0 6 0 2 0 2 0 0 0 0 359 108 35 325 387 0 31 39 47 242 314 130 46 43 171 82 51 62 46 45 21 0 0 0 32 0 67 29 66 3 0 3 3 56 0 0 0 0 152 19 1 0 3 0 2 0 0 0 0 2 5 2 0 1 0 0 0 0 3 5 0 1 0 0 0 0 0 0 0 0 0 0 0 0 0 0 0 0 7 0 0 0 0 0 9 9 0 0 0 0 0 0 0 0 0 0 0 0 0 0 51 4 6 10 0 2 41 23 0 0 2 1 31 8 10 25 0 0 11 1 0 0 0 0 0 0 2 0 0 0 0 0 0 11 3 0 0 0 0 2 0 0 0 0 0 0 0 0 0 0 0 0 0 0 0 0 0 0 2 0 0 0 0 0 27 7 0 0 12 0 12 0 4 0 0 0 0 0 0 0 15 26 23 17 0 0 25 24 42 0 0 0 15 0 1 24 18 23 21 20 0 0 0 0 0 0 0 0 0 0 0 0 0 19 0 0 0 0 0 1 0 0 0 0 0 0 0 0 0 0 0 0 0 0 0 5 7 0 0 1 4 1 0 0 1 0 0 0 0 0 0 0 0 0 0 0 0 0 0 0 0 0 0 0 0 0 0 7 0 0 
 6 4 3 3 159 122 3 3 94 38 79 42 3 3 5 73 102 151 3 3 74 68 239 96 207 31 0 152 53 104 40 40 363 246 138 58 28 155 151 405 2 3 0 0 3 3 0 0 0 3 0 6 5 2 0 0 0 0 0 63 0 0 0 2 2 0 1 0 0 0 6 4 0 0 0 0 3 0 4 2 0 3 0 15 32 22 0 5 12 0 2 1 0 0 0 0 0 0 0 0 15 31 14 0 0 0 48 17 9 9 36 0 30 0 1 0 0 0 10 1 0 0 11 0 0 0 0 0 0 0 2 0 0 0 0 0 0 19 0 0 0 0 0 0 0 3 0 0 0 0 0 0 0 0 0 0 0 0 0 0 0 0 0 22 18 0 0 0 1 9 12 0 0 0 0 0 0 0 0 0 1 23 20 0 0 0 54 0 24 36 0 10 18 9 9 22 8 18 0 40 0 0 0 0 0 0 0 0 0 0 0 0 0 0 0 0 0 0 0 0 0 0 2 0 0 0 0 0 0 0 0 0 0 0 0 0 0 0 0 0 0 0 0 0 0 0 1 0 0 0 0 0 0 0 7 2 0 0 0 2 2 0 0 0 0 0 0 0 0 0 0 0 0 0 0 0 0 0 0 0 0 0 0 0 0 0 0 0 0 0 
 6 6 2 1 2 149 2 1 4 4 3 2 2 2 4 2 2 3 1 5 97 287 97 178 65 39 152 0 166 119 102 294 146 230 211 61 57 115 76 238 0 0 0 1 6 1 0 0 54 3 0 4 65 0 2 59 0 3 0 0 0 1 4 6 52 0 2 1 8 0 3 2 0 0 4 1 1 0 3 3 0 0 0 0 12 1 0 0 1 0 0 0 0 0 0 0 0 0 0 0 37 22 30 0 0 0 31 32 28 28 68 0 0 26 27 4 13 14 0 0 0 0 0 0 0 0 0 0 0 0 2 0 0 0 0 0 0 0 11 0 0 0 0 0 0 0 0 0 1 0 0 1 11 10 0 0 7 2 0 4 10 0 0 0 10 0 0 0 0 22 2 0 0 0 0 0 0 0 4 0 14 14 9 21 0 0 11 7 19 18 0 11 1 10 22 12 28 0 0 9 0 0 0 0 0 0 0 0 0 0 0 0 0 0 0 0 0 0 0 12 0 0 1 0 0 0 0 0 0 0 0 0 0 0 0 0 0 0 0 0 0 0 0 0 0 1 0 0 0 2 0 0 0 0 4 1 0 45 0 1 0 0 0 0 0 0 0 0 0 0 0 0 0 2 0 0 0 0 0 0 0 16 0 0 0 0 0 0 0 0 
 0 0 72 29 0 0 0 0 0 0 0 0 2 0 79 0 0 5 0 0 167 110 66 108 52 47 53 166 0 150 208 115 159 182 257 203 175 174 148 161 0 0 3 0 3 0 3 0 3 5 0 4 5 0 0 0 2 0 3 1 1 0 0 2 2 0 1 2 1 2 5 3 0 0 1 1 3 0 9 10 0 0 0 0 0 0 0 0 0 0 0 0 0 0 0 0 0 0 0 0 11 36 1 0 9 33 0 13 10 10 53 79 0 12 0 17 26 8 0 0 0 0 0 0 0 0 26 0 0 0 0 0 26 0 0 0 0 0 11 30 0 0 9 0 0 0 0 0 0 0 0 0 0 0 0 0 3 15 0 0 0 0 0 0 13 0 0 0 0 0 0 0 0 0 0 0 0 0 0 0 19 1 2 29 0 7 10 43 0 52 10 14 8 0 13 0 17 8 25 11 0 0 0 0 0 0 0 0 0 0 0 0 11 0 0 0 0 0 17 0 0 0 0 0 0 0 0 0 0 0 0 0 0 0 0 0 0 0 0 0 0 0 11 0 0 0 0 0 0 0 0 0 0 0 0 0 0 154 76 2 2 0 0 0 0 0 0 0 0 0 0 0 0 17 0 0 0 0 0 0 0 8 0 4 0 1 20 0 0 0 
 2 0 0 0 0 2 0 0 0 0 0 0 0 0 0 2 0 0 0 0 256 112 270 175 575 242 104 119 150 0 198 341 79 202 205 180 69 275 67 87 0 0 60 0 3 207 0 0 4 3 0 3 2 0 0 0 3 206 2 1 5 0 0 0 3 0 3 0 0 0 3 4 0 0 1 0 0 0 9 8 0 0 0 1 0 0 0 0 0 0 0 0 0 0 0 1 0 0 0 0 0 18 0 34 29 31 0 6 18 12 19 20 0 0 9 0 24 8 0 0 17 2 0 1 0 0 17 4 0 0 15 0 1 0 0 0 0 0 30 0 0 0 0 0 0 0 0 0 0 0 0 0 0 0 0 0 1 2 0 0 0 0 0 13 0 0 0 0 7 0 0 0 0 0 0 0 0 0 0 0 19 8 2 30 19 0 0 10 0 36 22 17 0 0 0 0 0 19 0 0 10 1 29 0 0 0 0 0 0 0 0 0 0 0 0 22 0 0 12 9 0 0 0 2 0 0 0 0 0 0 0 0 0 0 15 0 0 0 0 0 0 0 0 0 0 0 0 0 0 0 0 0 0 0 0 0 3 80 0 1 19 2 0 0 0 0 0 0 0 0 0 0 0 0 0 0 0 0 0 8 0 0 0 0 0 19 21 0 0 0 
 0 0 0 0 1 0 1 0 0 2 0 0 0 0 0 0 0 0 0 11 39 31 126 463 103 314 40 102 208 198 0 60 30 25 434 504 151 287 123 75 79 2 1 1 3 3 68 1 1 6 4 5 78 0 2 1 4 2 3 2 0 0 0 0 3 0 6 0 0 47 3 2 0 2 0 5 0 2 8 9 0 0 0 0 0 0 0 0 0 0 0 0 0 0 1 0 0 0 0 0 0 15 12 0 18 22 0 0 0 0 32 22 0 18 0 0 9 18 0 0 12 0 0 0 0 0 33 17 0 0 0 0 17 0 15 0 0 0 15 0 0 0 0 0 0 0 0 0 0 0 0 0 0 11 0 0 0 13 0 2 3 0 0 0 0 0 0 0 0 0 0 0 0 0 0 0 0 0 2 1 5 0 9 30 21 0 0 0 18 13 3 1 9 0 0 0 45 13 0 40 26 2 44 1 0 0 4 0 0 0 0 0 0 0 21 28 0 0 15 22 0 0 0 0 0 0 1 0 0 0 0 0 0 0 52 0 10 0 0 0 0 0 8 0 0 0 0 0 0 1 0 0 0 0 5 0 1 77 9 0 0 1 0 0 0 0 0 0 0 20 0 0 0 15 0 0 0 0 0 0 0 0 0 0 0 0 13 0 0 0 
 0 0 0 0 0 0 3 2 0 0 0 0 0 0 0 3 0 0 0 0 83 176 110 131 254 130 40 294 115 341 60 0 276 33 568 126 78 179 310 34 0 0 0 0 3 0 0 22 4 3 0 3 8 0 0 4 6 0 1 2 4 0 0 0 2 0 7 0 0 0 3 2 0 4 0 0 0 0 3 2 0 0 0 0 0 0 0 0 0 0 0 0 0 0 0 0 0 0 0 0 18 9 13 30 25 0 0 11 28 9 19 14 0 0 15 10 0 8 0 0 16 31 26 1 0 0 0 25 0 0 0 0 18 6 11 41 0 0 31 10 0 0 0 0 0 0 11 0 0 8 0 0 0 2 0 0 4 14 2 0 0 0 0 0 2 0 0 4 0 0 0 0 0 0 0 1 0 0 3 0 0 15 0 18 12 16 0 19 0 8 31 31 0 0 0 14 23 8 0 2 25 0 24 0 0 0 0 11 0 0 0 0 1 0 11 0 13 13 20 32 0 0 0 0 0 0 0 0 0 0 0 6 0 1 0 0 0 0 1 0 0 0 0 0 0 0 0 0 0 0 0 0 0 0 3 0 0 4 2 13 2 0 0 0 0 0 0 0 0 0 0 0 0 0 0 0 0 0 0 42 0 10 0 0 0 19 0 0 0 0 
 2 4 79 67 52 83 2 2 79 6 2 2 2 3 4 3 2 32 2 2 39 116 56 67 97 46 363 146 159 79 30 276 0 110 114 44 138 41 135 122 0 32 0 0 3 0 0 0 2 3 0 3 2 0 0 0 0 0 0 0 0 0 0 0 2 0 0 0 0 0 3 2 0 0 29 0 0 3 3 3 0 0 0 10 24 0 0 0 7 0 12 0 2 0 7 13 0 8 0 0 12 30 0 19 0 0 18 0 15 23 30 0 38 18 18 0 0 13 49 13 0 0 0 0 0 0 0 0 0 0 2 0 0 12 0 0 0 0 0 7 0 1 0 1 0 0 0 0 1 0 0 1 0 0 0 0 0 0 0 0 0 0 6 23 27 8 0 0 13 23 24 25 0 0 0 0 0 0 0 0 8 0 12 0 0 0 0 10 19 19 0 5 15 26 14 0 0 0 0 5 0 0 0 0 0 0 0 0 0 1 0 0 0 0 11 0 0 0 0 0 0 0 1 0 0 0 7 0 0 0 0 0 0 0 0 0 0 0 0 0 0 0 0 0 0 1 74 0 0 73 27 0 14 0 0 0 0 0 0 0 18 0 0 0 0 0 0 0 0 0 0 0 0 0 0 15 0 0 0 0 0 1 0 0 0 0 0 0 0 0 
 0 0 0 3 75 149 5 3 1 0 0 0 2 2 0 0 0 5 0 3 356 178 420 180 273 43 246 230 182 202 25 33 110 0 287 252 103 54 201 239 0 0 0 204 4 2 0 0 5 5 5 5 7 0 204 0 0 0 11 0 0 0 1 0 2 0 1 0 0 0 3 2 0 0 0 0 0 2 3 2 0 0 2 0 0 1 0 0 0 0 0 0 0 0 0 0 0 0 0 0 14 34 16 12 11 1 53 0 17 9 9 7 0 0 30 0 12 14 0 9 0 0 0 0 0 0 0 1 0 0 0 0 0 0 0 0 0 0 0 0 0 0 0 0 0 0 0 0 0 0 0 0 0 0 0 0 0 0 0 0 0 0 0 0 26 0 0 0 3 2 0 0 0 0 0 0 0 5 0 0 8 35 11 1 10 3 10 12 10 20 12 3 0 9 44 52 10 38 0 6 0 0 0 0 0 0 0 0 2 0 0 0 0 1 19 0 0 0 25 0 0 0 1 0 0 0 0 0 0 0 0 0 0 0 0 0 0 0 0 0 0 0 0 0 0 0 0 0 0 0 0 0 0 0 4 0 2 1 0 2 16 16 0 0 0 0 0 0 0 0 0 0 0 0 0 0 0 0 0 0 0 1 0 1 0 0 0 0 0 2 
 3 3 3 65 4 82 3 3 3 6 3 3 5 3 9 3 3 107 3 3 362 146 55 87 201 171 138 211 257 205 434 568 114 287 0 170 75 78 243 128 0 0 0 0 3 0 0 0 1 3 0 4 68 0 0 0 0 0 0 0 0 0 0 0 3 0 1 0 0 0 3 2 0 0 0 0 0 0 3 2 0 1 0 0 0 0 0 0 0 0 1 0 0 0 0 0 0 1 0 0 0 49 11 44 0 33 17 9 44 1 58 15 0 5 40 28 53 30 0 0 0 0 0 0 0 2 12 4 0 0 0 0 16 0 0 0 0 0 2 4 0 0 0 0 0 0 2 0 0 0 0 0 0 0 0 0 3 0 0 2 0 0 0 0 8 0 0 0 0 0 0 0 0 0 0 0 0 7 2 0 0 12 0 36 1 52 0 14 10 71 3 0 1 0 0 0 37 28 0 4 0 11 0 0 0 0 17 11 0 0 0 0 9 0 0 0 0 0 14 17 0 0 0 0 0 0 0 0 1 0 0 0 0 0 0 0 0 0 0 0 0 0 9 0 0 0 0 0 0 1 0 0 73 0 4 0 2 122 83 0 14 0 0 0 0 0 0 0 52 0 0 0 0 14 0 0 1 0 0 0 0 0 0 0 0 20 0 0 0 0 
 2 0 1 0 0 3 5 0 74 0 0 0 0 0 0 0 0 0 0 3 142 335 90 72 93 82 58 61 203 180 504 126 44 252 170 0 192 382 344 379 0 0 2 2 3 0 6 0 1 3 0 3 2 0 0 0 3 63 1 1 0 0 0 0 2 0 1 0 0 0 5 2 0 0 0 0 0 0 7 20 0 0 0 0 0 0 0 0 0 0 0 0 0 0 0 0 0 0 0 3 11 16 22 22 19 22 0 18 27 0 8 35 0 9 0 36 20 19 0 9 0 35 0 1 0 0 25 6 0 0 0 0 13 0 0 0 0 0 0 0 0 4 0 0 0 0 0 0 0 0 0 0 0 0 0 0 0 6 0 0 0 0 0 0 16 12 5 0 0 0 0 2 0 0 0 0 0 0 25 0 23 0 21 12 1 19 8 6 0 18 53 54 0 0 0 23 21 21 0 0 0 0 27 0 0 0 0 0 0 0 0 0 0 1 0 14 0 0 12 9 1 1 0 0 0 0 0 0 0 0 0 0 0 0 0 10 0 0 0 0 0 0 34 0 0 0 0 0 0 0 0 0 0 0 3 0 0 2 3 2 3 0 0 0 0 0 0 2 0 0 0 0 0 0 0 0 0 0 0 16 0 0 0 0 0 19 8 0 0 0 
 0 0 0 1 0 3 3 0 0 0 0 0 2 1 1 0 0 6 0 2 125 151 50 103 327 51 28 57 175 69 151 78 138 103 75 192 0 440 25 23 0 63 0 0 3 2 0 0 3 3 0 3 2 0 0 0 0 0 0 0 0 0 0 0 3 2 1 0 0 0 3 2 0 0 51 0 0 0 10 9 0 0 0 0 1 0 0 0 0 0 0 0 0 0 0 0 0 0 0 0 13 0 0 24 3 44 5 1 50 13 7 48 0 0 9 33 10 0 0 16 0 0 0 0 0 0 15 5 0 0 0 0 0 11 0 0 0 0 21 4 0 1 0 0 0 0 0 0 0 0 0 0 0 0 0 0 0 7 0 0 5 0 0 0 26 14 0 0 0 0 0 0 0 0 15 1 0 0 0 0 31 0 11 17 9 42 11 18 13 70 13 23 0 10 22 0 31 0 0 0 0 0 0 0 0 0 8 0 0 0 0 0 0 0 0 0 0 0 0 34 0 0 0 0 0 0 0 0 0 0 0 0 0 0 0 0 0 0 0 0 0 0 0 0 0 0 0 0 0 0 0 0 0 0 3 0 4 39 36 2 0 0 0 0 0 0 0 0 0 0 0 0 0 0 0 0 0 0 0 0 0 12 0 0 0 20 17 0 0 0 
 0 0 0 0 1 0 4 2 0 67 0 0 0 0 3 2 2 0 0 0 336 128 372 343 68 62 155 115 174 275 287 179 41 54 78 382 440 0 35 32 67 3 2 5 3 0 2 107 0 3 0 5 30 0 3 0 0 1 0 0 33 0 2 0 3 0 2 0 0 3 3 2 3 2 0 0 1 2 3 2 0 0 0 0 0 0 0 0 0 0 0 0 0 0 0 0 0 0 0 0 17 15 15 0 1 20 0 19 5 11 69 49 0 22 0 30 22 8 0 0 15 0 0 0 0 0 11 10 0 0 0 0 20 9 21 1 0 0 29 0 0 1 0 14 0 0 0 0 0 0 0 7 0 0 0 0 7 4 0 0 7 0 0 0 13 0 0 0 0 0 1 0 0 0 0 0 0 0 0 0 11 7 1 48 20 21 0 4 0 46 0 20 0 0 13 0 26 0 0 11 9 0 15 0 0 0 10 0 0 0 0 0 19 9 15 0 0 4 21 17 0 0 0 0 0 0 0 0 0 10 0 0 0 0 0 0 0 0 0 0 0 0 12 0 0 0 0 0 0 0 0 0 0 0 0 2 1 148 148 3 1 0 0 0 0 7 0 0 0 0 0 0 0 0 0 0 0 0 0 0 0 7 0 0 0 0 0 0 0 0 
 0 2 5 0 77 114 2 0 1 0 0 0 0 0 4 0 25 4 0 0 111 42 139 148 59 46 151 76 148 67 123 310 135 201 243 344 25 35 0 115 0 0 0 0 3 61 3 1 2 3 0 3 2 0 0 0 0 0 0 5 0 0 0 0 2 0 24 0 0 0 3 2 0 35 0 1 0 0 3 3 0 9 12 9 9 14 0 0 0 0 10 9 0 0 0 1 14 0 0 0 9 12 27 22 0 0 5 0 10 2 31 0 1 39 3 15 10 0 37 11 0 0 0 2 0 0 0 0 0 0 0 0 0 0 0 0 2 0 1 0 0 4 0 0 0 0 0 0 2 0 8 0 2 11 0 0 0 0 0 13 0 0 0 0 0 20 0 0 0 0 41 0 0 2 11 1 0 0 0 0 8 0 4 12 0 0 9 2 13 11 0 0 0 0 10 37 10 19 0 10 0 0 0 11 0 0 0 0 0 0 0 0 0 0 0 0 0 0 0 0 0 0 0 0 0 0 0 0 0 0 0 0 11 0 0 0 0 0 0 0 0 0 0 0 0 1 75 0 0 0 0 0 0 0 0 1 1 0 0 0 14 1 1 0 0 0 8 0 0 0 0 0 0 0 0 0 0 0 0 0 0 0 0 0 0 0 0 0 0 0 
 0 1 75 31 70 74 2 0 1 36 0 0 0 0 1 7 0 24 0 2 151 132 137 360 83 45 405 238 161 87 75 34 122 239 128 379 23 32 115 0 0 0 0 0 3 2 0 0 0 3 4 3 2 0 0 0 0 0 4 0 0 0 0 0 2 2 1 0 0 0 3 53 0 0 0 0 0 0 3 2 11 1 0 1 25 5 0 0 0 0 0 0 16 0 1 0 2 0 0 0 44 20 8 0 0 0 61 18 0 10 31 18 18 16 0 22 0 0 15 39 0 0 0 0 0 0 0 0 0 0 1 0 0 0 0 0 0 0 0 0 0 5 0 2 0 0 0 0 2 0 0 2 0 0 0 2 0 0 0 0 0 0 0 9 19 14 0 0 0 42 10 0 0 0 0 0 0 0 0 0 0 16 36 11 0 0 42 29 31 17 1 2 8 0 0 7 0 31 0 9 0 0 0 0 0 0 0 0 0 0 0 0 0 0 0 0 0 0 45 0 0 0 2 0 0 0 1 0 0 0 0 0 5 0 0 0 0 0 0 0 0 0 0 0 0 2 74 0 0 75 0 0 49 0 2 1 2 0 2 0 1 1 0 0 0 0 0 0 0 0 0 0 0 0 0 36 0 1 0 0 0 25 0 0 0 0 0 0 0 0 
 2 2 0 64 0 0 0 0 0 0 0 4 61 74 0 0 0 0 0 0 0 0 0 22 0 21 2 0 0 0 79 0 0 0 0 0 0 67 0 0 0 72 280 43 42 250 349 135 44 258 101 24 43 318 88 175 111 62 60 122 0 0 0 0 0 0 0 0 0 0 0 0 0 3 2 0 0 1 0 0 0 0 0 0 0 0 0 0 0 0 0 0 0 0 0 0 0 0 0 0 0 0 0 0 0 9 0 7 0 0 0 18 0 0 0 0 0 0 0 0 26 0 0 0 31 16 8 8 18 0 7 17 12 2 19 21 0 11 17 11 0 1 0 0 0 0 0 0 0 0 0 0 0 5 0 0 0 0 13 0 3 0 0 0 0 0 0 0 0 0 0 0 0 0 0 0 0 0 0 0 0 0 0 0 10 6 0 0 5 0 11 0 0 0 0 0 0 0 0 0 15 22 10 30 0 9 10 0 0 0 24 9 0 0 17 41 0 10 0 11 7 0 0 0 0 0 0 0 0 0 0 0 0 0 0 0 0 0 0 1 0 0 27 0 0 0 0 0 0 0 0 2 0 0 0 0 0 0 3 0 0 0 0 0 1 4 0 0 2 0 0 0 0 0 0 0 0 0 0 0 0 0 0 0 0 0 0 0 0 0 
 0 0 0 0 0 0 0 0 0 0 0 0 0 0 0 0 0 0 0 0 0 0 1 0 0 0 3 0 0 0 2 0 32 0 0 0 63 3 0 0 72 0 456 137 37 278 91 383 153 63 365 360 337 31 170 453 106 93 50 86 0 0 0 1 6 0 0 0 3 0 0 0 0 22 45 0 0 0 6 1 0 0 0 0 0 0 0 0 6 0 0 0 0 0 0 0 0 0 0 0 0 0 0 0 9 0 0 0 0 0 0 0 0 0 0 0 0 0 0 0 0 52 14 38 0 43 0 43 14 14 33 2 0 0 0 5 0 31 0 35 2 0 0 10 0 0 10 3 8 0 0 0 28 6 14 11 0 0 5 0 0 0 0 0 0 0 0 0 0 0 0 0 0 0 0 0 0 0 0 0 0 0 0 0 0 0 0 7 0 0 0 0 0 0 0 0 0 0 0 0 0 0 20 35 6 1 0 12 1 20 0 10 0 10 0 0 19 0 0 0 12 1 0 0 0 0 15 13 0 13 6 0 1 15 3 0 11 0 52 12 0 0 0 0 0 62 0 0 0 0 0 6 0 0 0 0 0 0 0 0 0 0 0 66 0 2 0 0 0 0 0 0 0 0 0 0 0 0 0 0 0 0 0 0 7 6 0 0 0 0 
 0 0 0 0 0 0 0 0 0 0 0 59 0 1 2 62 0 0 0 1 0 0 0 0 0 0 0 0 3 60 1 0 0 0 0 2 0 2 0 0 280 456 0 241 32 87 71 230 143 133 254 120 200 183 396 126 185 210 77 109 0 2 6 0 0 0 0 0 0 18 3 52 0 0 0 0 5 2 0 52 0 0 0 0 0 0 0 0 0 0 0 0 0 0 0 0 0 0 0 0 0 0 0 0 0 0 0 0 0 0 0 5 0 0 0 0 0 0 0 0 10 19 0 0 33 14 0 24 29 32 0 1 0 10 10 0 0 29 0 0 0 0 0 0 0 0 0 0 0 0 0 0 19 0 0 0 0 0 1 16 0 0 0 0 0 0 0 0 0 44 0 0 0 0 0 0 0 0 0 0 0 0 0 0 0 12 0 0 0 0 0 0 0 0 0 0 0 0 0 9 0 0 8 1 9 39 5 14 9 7 28 11 13 0 1 1 10 11 0 0 0 0 0 9 0 0 13 0 0 0 0 0 0 33 0 0 13 0 11 26 0 0 1 0 0 0 0 0 0 0 0 5 0 0 0 0 0 0 0 1 0 0 0 65 2 0 0 0 0 0 0 0 0 0 0 5 0 0 0 0 0 0 0 0 0 13 0 0 0 0 
 3 0 0 0 0 3 0 0 0 3 0 0 0 4 0 0 35 6 0 0 0 0 0 0 0 0 0 1 0 0 1 0 0 204 0 2 0 5 0 0 43 137 241 0 308 40 63 119 144 136 37 388 54 155 59 49 194 320 69 117 50 0 0 0 0 0 59 0 0 0 6 50 0 0 0 0 1 0 1 72 0 0 0 0 0 0 0 0 0 0 0 0 0 0 0 0 0 0 0 0 0 0 0 0 0 0 0 0 0 0 0 0 0 0 0 0 0 0 0 0 0 6 0 13 1 72 0 3 34 2 12 0 0 3 0 1 17 30 0 0 5 0 0 0 0 0 0 0 0 0 0 0 32 0 0 1 0 1 0 1 0 0 0 0 0 0 0 0 0 5 0 0 0 0 0 0 0 0 0 0 0 0 0 0 0 19 0 0 0 0 0 0 3 0 0 0 0 0 0 0 0 0 1 1 29 25 24 0 29 26 23 0 0 0 0 0 0 0 0 0 1 0 0 0 0 0 3 8 0 0 0 0 1 14 16 0 14 0 0 33 0 0 0 0 0 0 0 0 0 0 0 9 0 0 0 0 0 1 0 11 0 0 1 1 0 1 2 0 2 0 0 0 0 14 0 0 0 0 0 0 0 0 0 0 11 0 0 0 0 0 
 0 31 6 8 1 0 0 0 0 0 0 0 0 0 0 3 0 0 0 0 36 3 6 3 4 32 3 6 3 3 3 3 3 4 3 3 3 3 3 3 42 37 32 308 0 264 41 58 100 70 375 129 75 267 64 307 286 48 69 59 0 43 4 0 0 0 0 44 0 0 0 0 0 43 0 51 72 54 151 0 0 1 0 0 0 0 4 8 0 2 0 1 0 0 5 9 1 14 0 0 0 0 0 0 0 0 0 0 0 0 0 0 0 0 0 0 0 0 0 0 0 0 0 0 23 0 0 0 0 0 0 0 0 0 0 0 0 0 0 0 41 12 27 0 0 0 20 44 25 41 0 1 0 18 7 1 36 0 0 6 5 0 5 0 0 6 0 0 0 3 1 6 0 7 0 9 1 3 0 3 0 0 0 0 0 0 0 0 0 0 0 0 0 0 0 0 0 0 34 8 0 0 0 0 7 10 0 0 0 0 0 0 0 0 0 0 0 0 0 0 16 19 35 29 19 0 0 15 25 23 7 10 56 49 8 20 3 15 0 3 0 0 0 0 0 0 12 0 0 0 0 0 0 2 0 0 0 0 0 2 0 1 68 0 2 5 0 7 0 0 0 0 0 0 0 0 0 0 0 0 0 3 0 9 1 3 0 0 0 0 
 3 0 0 1 0 0 1 0 0 0 0 0 0 1 0 0 0 0 0 4 1 0 0 1 1 0 3 1 0 207 3 0 0 2 0 0 2 0 61 2 250 278 87 40 264 0 98 111 272 166 285 121 47 255 66 193 83 262 64 63 0 0 0 1 0 0 51 0 3 0 0 0 0 4 51 0 22 51 52 49 0 0 0 0 0 0 0 0 0 0 0 0 0 0 0 0 0 0 0 0 0 0 0 0 0 0 0 0 0 0 0 0 0 0 0 0 0 0 0 0 0 9 0 8 0 0 0 0 10 0 10 10 0 0 0 8 0 45 0 0 0 0 12 7 0 13 18 18 13 11 10 0 10 7 27 0 37 0 10 14 0 0 0 0 0 0 0 0 0 0 0 0 0 0 0 0 0 0 0 0 0 0 0 0 0 0 0 0 0 0 0 0 0 0 0 0 0 0 0 0 0 0 20 23 16 0 0 0 6 10 1 10 0 14 0 0 0 10 0 0 9 0 21 11 0 0 19 10 25 15 2 10 6 15 7 13 0 11 19 0 0 0 0 0 0 0 0 0 0 0 0 4 0 0 0 0 0 2 0 11 0 0 0 0 0 12 6 72 0 0 11 0 0 0 0 0 0 0 0 0 0 0 0 0 0 15 0 0 0 0 
 0 0 0 0 0 0 2 0 0 0 0 0 0 0 0 0 0 0 0 0 0 0 0 63 0 67 0 0 3 0 68 0 0 0 0 6 0 2 3 0 349 91 71 63 41 98 0 199 57 123 50 37 316 265 96 50 221 88 123 237 7 1 0 4 3 0 9 3 0 1 4 0 6 6 5 7 2 0 0 0 0 0 0 0 0 6 0 0 0 0 0 0 0 0 0 0 0 0 0 0 0 0 0 0 0 0 0 0 0 0 0 19 0 0 0 7 0 0 0 0 49 4 22 0 36 2 0 0 52 35 21 62 2 8 34 54 5 0 15 13 0 0 0 0 15 0 0 0 7 0 5 1 5 0 0 26 0 0 45 5 6 0 0 0 0 0 0 0 0 0 0 0 0 0 0 0 0 0 0 0 0 0 0 0 19 8 1 0 0 0 0 0 2 0 0 0 4 0 0 0 9 43 15 19 0 11 7 14 27 13 6 37 49 0 45 59 15 8 0 1 0 0 3 0 7 0 20 0 9 0 9 21 0 0 0 5 1 0 6 5 0 0 53 0 0 0 0 0 0 0 0 3 0 0 0 0 0 0 0 0 0 0 0 0 65 2 0 0 0 0 31 0 0 0 0 0 0 0 0 0 0 0 0 0 7 0 0 0 0 0 
 0 0 49 0 0 1 0 0 0 0 0 0 5 0 0 0 0 0 0 0 0 0 0 62 29 29 0 0 0 0 1 22 0 0 0 0 0 107 1 0 135 383 230 119 58 111 199 0 389 69 37 460 357 56 190 122 125 31 143 122 15 2 0 0 0 0 0 0 0 0 1 0 0 4 0 0 3 0 0 2 0 0 0 0 0 0 0 0 0 0 0 0 0 0 0 0 0 0 0 0 1 0 0 0 0 0 0 0 0 0 0 0 0 0 0 0 0 0 0 0 1 1 46 0 27 12 0 14 19 75 6 0 36 2 27 21 61 0 0 15 0 0 0 0 0 0 0 0 0 0 0 0 0 0 1 0 0 0 0 12 0 0 0 0 0 0 0 0 0 3 0 0 0 0 0 0 0 0 0 0 0 0 0 0 0 0 0 0 0 0 0 0 0 0 20 0 0 0 0 0 20 46 0 0 29 10 3 21 0 25 29 5 38 0 18 0 0 12 0 13 0 0 0 0 0 0 0 0 0 0 0 0 0 0 0 0 0 0 0 0 0 0 0 0 0 0 17 0 0 0 0 8 0 0 0 0 0 0 0 0 0 0 0 1 35 1 2 0 0 0 0 0 0 0 0 0 0 0 0 0 0 0 0 0 4 13 0 0 0 1 
 3 2 4 3 2 3 3 9 2 3 3 2 2 3 3 12 3 6 3 5 3 1 3 4 5 66 0 54 3 4 1 4 2 5 1 1 3 0 2 0 44 153 143 144 100 272 57 389 0 85 121 263 164 293 70 161 483 35 68 141 0 0 0 0 30 4 0 0 0 0 3 3 0 1 0 0 43 1 0 2 0 0 0 0 0 0 7 0 0 0 0 0 0 2 0 2 0 6 15 0 0 0 0 0 14 0 1 0 0 0 0 0 0 0 0 0 0 6 0 0 1 1 0 22 0 24 9 1 28 4 0 9 8 0 0 0 14 25 4 0 17 0 0 0 35 0 32 0 0 7 0 0 0 0 4 6 0 0 0 2 0 4 0 0 0 0 0 0 0 6 0 0 0 6 0 2 5 1 6 7 0 0 0 0 11 0 0 0 0 0 0 0 0 0 0 0 0 0 0 0 10 0 41 15 27 9 7 9 4 15 26 1 0 13 0 4 10 1 13 0 19 17 1 15 0 0 0 39 0 0 0 0 15 14 0 0 0 0 19 0 0 0 18 0 0 0 1 0 0 25 0 0 0 2 0 0 0 0 0 1 0 0 2 1 1 1 2 1 0 0 0 0 0 0 0 0 0 0 0 0 0 0 0 0 8 0 0 7 0 0 
 0 0 0 0 0 0 1 0 0 0 0 0 0 0 0 0 0 0 0 0 3 3 3 3 3 3 3 3 5 3 6 3 3 5 3 3 3 3 3 3 258 63 133 136 70 166 123 69 85 0 262 62 551 202 132 251 97 116 50 131 0 0 0 0 0 0 53 0 0 0 0 53 0 0 50 0 0 0 0 52 0 0 0 0 0 0 0 0 0 0 0 0 0 0 0 0 0 0 0 0 0 0 0 0 0 0 0 0 0 0 0 0 0 0 0 0 0 0 0 0 18 3 0 0 21 35 31 0 43 0 9 32 0 8 9 32 0 7 0 1 0 0 0 0 0 0 0 0 0 0 0 0 9 0 18 0 0 0 19 8 0 0 0 0 0 0 0 0 1 0 0 0 0 0 0 0 0 0 0 0 0 0 0 0 0 1 0 0 6 0 0 0 0 0 0 0 0 0 0 0 0 1 0 13 0 1 0 23 22 13 7 7 14 0 0 0 10 26 0 33 30 0 0 0 0 0 19 0 0 0 1 0 0 0 0 0 0 0 58 17 0 0 0 0 0 0 0 0 0 0 0 12 0 0 0 0 0 0 0 22 0 0 2 0 1 20 2 0 0 0 20 0 0 0 0 0 0 0 0 0 0 0 0 0 0 0 0 0 0 8 
 3 2 3 3 3 3 3 3 3 3 3 3 3 3 3 3 3 6 3 6 44 3 33 4 2 0 0 0 0 0 4 0 0 5 0 0 0 0 0 4 101 365 254 37 375 285 50 37 121 262 0 48 80 131 121 301 203 380 40 73 0 0 0 0 0 0 21 0 0 0 0 0 0 0 20 0 0 0 58 0 0 1 0 0 0 0 0 0 0 0 0 0 0 0 0 0 0 0 0 0 5 0 12 0 0 0 3 4 0 0 0 12 0 0 0 1 0 0 0 5 0 0 0 9 6 24 0 0 23 0 0 23 0 0 0 26 0 20 0 0 1 9 2 0 0 0 0 0 11 4 0 0 3 16 0 4 1 0 15 7 0 0 0 0 0 0 0 0 0 0 0 0 0 0 0 0 0 0 0 0 0 6 0 0 0 0 0 22 4 0 17 0 0 0 0 0 0 0 0 0 0 9 4 31 23 0 0 0 0 0 0 32 1 0 0 0 0 0 5 0 23 0 10 15 0 0 0 7 13 0 7 0 28 10 7 10 0 18 22 13 0 0 0 0 0 0 0 0 0 0 0 3 0 0 0 0 0 0 0 17 0 18 1 0 2 2 0 42 2 0 0 0 0 0 0 0 0 0 0 0 0 2 0 0 0 11 0 0 0 0 
 45 0 0 62 0 0 0 0 0 0 0 0 0 0 0 0 0 0 0 1 5 3 4 9 3 3 6 4 4 3 5 3 3 5 4 3 3 5 3 3 24 360 120 388 129 121 37 460 263 62 48 0 249 101 105 289 147 217 42 119 1 16 1 0 0 2 0 18 0 1 0 7 0 16 0 0 53 0 50 51 0 0 0 0 0 0 0 0 0 0 0 0 0 0 0 0 0 0 0 0 0 0 0 0 0 0 0 0 0 0 0 0 0 0 0 0 0 0 0 0 0 12 9 0 11 0 0 10 12 0 2 0 0 0 0 0 0 19 0 0 0 0 0 0 0 6 0 2 19 10 0 0 19 0 1 0 0 0 1 13 0 0 0 0 0 0 0 0 0 4 0 0 0 0 0 0 0 0 0 0 0 0 0 0 0 0 0 0 0 0 0 0 0 0 0 0 0 0 0 55 0 0 0 0 23 43 0 20 0 11 2 13 0 42 0 0 0 0 0 0 11 11 10 11 0 7 11 9 7 9 0 0 39 20 0 14 28 1 8 8 0 0 0 0 0 0 0 0 0 0 0 4 0 0 0 0 0 0 0 15 0 0 64 34 0 0 2 35 2 0 0 0 0 0 0 0 0 0 0 0 0 0 0 0 0 9 0 0 0 0 
 0 0 0 0 0 0 2 5 0 0 0 34 0 0 0 4 0 0 1 0 2 3 2 25 11 3 5 65 5 2 78 8 2 7 68 2 2 30 2 2 43 337 200 54 75 47 316 357 164 551 80 249 0 123 50 282 512 113 225 162 59 1 0 0 0 0 0 1 0 4 0 0 0 6 0 0 0 2 1 2 0 0 0 0 0 0 19 0 0 0 0 0 0 4 0 0 0 0 38 0 0 0 0 0 12 0 0 0 32 5 0 0 0 0 0 0 0 0 0 0 21 9 36 32 0 0 10 8 0 17 33 7 8 3 0 0 10 6 11 4 0 0 0 0 0 0 0 0 0 0 0 26 0 0 0 0 0 0 0 0 0 3 0 0 0 0 2 0 2 0 0 0 0 0 0 0 11 0 7 41 0 0 0 0 15 0 0 0 0 0 0 20 0 0 0 0 0 0 0 0 13 0 12 0 20 0 10 33 20 28 34 0 38 29 7 0 14 2 19 0 0 0 0 0 0 0 20 0 0 0 0 0 0 0 0 0 0 0 0 0 0 7 0 0 0 0 0 0 0 0 0 2 0 0 0 0 0 65 0 0 0 0 1 1 4 0 0 0 0 0 21 0 0 0 0 0 0 0 0 0 0 0 0 0 0 0 0 0 2 0 
 0 0 0 0 0 0 0 0 0 0 0 0 0 0 0 0 0 0 0 0 0 0 3 0 3 56 2 0 0 0 0 0 0 0 0 0 0 0 0 0 318 31 183 155 267 255 265 56 293 202 131 101 123 0 111 104 169 107 323 324 0 21 2 3 0 4 0 0 0 0 3 2 0 0 0 0 2 0 17 0 0 0 0 0 0 0 0 0 0 0 0 0 0 0 0 0 0 0 0 0 0 0 0 0 9 0 0 0 0 0 12 1 0 0 0 0 0 0 0 0 18 10 0 0 33 16 11 0 29 13 17 12 8 11 9 39 0 10 0 0 0 0 0 0 0 0 0 0 0 0 0 0 0 0 0 0 0 0 14 0 0 0 0 0 0 0 14 0 0 0 0 0 0 0 0 0 0 0 0 0 0 0 0 0 0 14 0 0 0 0 0 0 0 0 0 0 0 0 0 0 1 10 0 28 0 0 9 14 21 10 20 11 36 0 11 24 30 11 0 0 7 0 0 0 0 0 10 0 0 0 0 0 0 0 0 0 0 0 1 14 0 0 10 0 0 0 0 0 0 0 0 2 0 1 0 0 0 0 0 2 0 0 1 0 1 2 0 0 1 0 10 0 0 0 0 0 0 0 0 0 0 0 0 0 0 0 0 0 2 0 
 0 0 0 0 0 65 0 0 0 0 0 0 0 3 0 0 0 0 0 0 0 0 0 0 0 0 0 2 0 0 2 0 0 204 0 0 0 3 0 0 88 170 396 59 64 66 96 190 70 132 121 105 50 111 0 197 37 104 275 184 0 0 0 0 14 0 0 1 2 3 0 55 0 0 0 36 0 0 0 1 0 0 0 0 0 0 0 0 0 0 32 0 0 0 0 0 0 0 0 0 0 0 0 0 0 0 0 0 0 0 0 0 0 0 0 0 0 0 0 0 0 18 9 22 12 34 3 13 16 40 40 0 19 1 33 6 14 0 0 13 0 0 0 0 0 6 0 0 0 1 0 0 3 3 0 0 0 0 20 0 0 0 0 0 0 0 0 0 0 5 0 0 0 0 0 0 0 0 0 0 0 0 0 0 0 0 0 0 0 0 0 0 0 0 0 0 0 0 0 0 0 1 2 33 15 9 15 9 0 41 1 24 1 35 20 0 6 1 0 19 16 0 0 0 0 5 11 0 0 0 0 0 0 0 0 0 0 0 23 0 0 0 0 0 0 0 0 0 0 0 0 0 0 0 0 0 0 0 0 0 0 0 0 11 4 2 2 0 1 0 0 0 0 0 0 0 0 0 0 0 0 0 0 0 5 6 0 0 0 0 
 3 3 3 3 3 3 3 3 3 5 3 29 3 4 3 3 3 9 3 4 0 0 0 0 1 0 0 59 0 0 1 4 0 0 0 0 0 0 0 0 175 453 126 49 307 193 50 122 161 251 301 289 282 104 197 0 189 234 119 134 0 5 0 0 0 2 0 0 0 0 0 0 0 0 0 0 0 0 0 3 0 0 0 0 0 0 0 0 0 0 0 0 0 0 0 0 0 0 0 0 0 0 0 0 0 0 0 0 12 0 0 0 0 0 0 0 0 0 0 0 7 7 31 10 44 10 0 17 51 18 12 30 0 1 20 45 0 18 0 13 0 0 0 0 0 0 0 0 0 0 0 0 0 0 0 3 0 0 29 0 0 0 0 0 0 0 0 0 0 26 0 0 0 0 0 0 0 0 0 0 0 0 0 0 14 20 0 0 0 0 0 0 0 0 0 0 0 0 0 0 1 43 6 17 25 26 11 58 11 16 10 39 18 17 10 11 0 2 0 3 4 0 0 0 0 0 0 3 0 0 0 0 3 0 0 0 1 0 8 0 0 0 11 0 0 0 0 0 0 0 0 2 0 0 0 0 0 0 0 1 0 0 0 3 64 2 0 0 0 8 5 0 0 0 0 0 0 0 0 0 0 0 5 0 15 13 0 0 0 0 
 0 0 0 0 0 0 3 0 0 0 0 0 1 0 63 1 0 0 0 0 0 0 0 0 2 0 0 0 2 3 4 6 0 0 0 3 0 0 0 0 111 106 185 194 286 83 221 125 483 97 203 147 512 169 37 189 0 140 112 43 3 53 0 2 0 0 55 0 0 0 1 0 52 1 50 0 6 1 0 108 0 0 0 0 0 0 0 0 0 11 0 0 0 0 0 0 0 0 0 0 0 0 0 6 23 7 0 0 0 0 0 0 0 0 0 1 3 8 0 0 36 0 0 0 15 2 0 1 0 4 0 22 4 19 31 15 0 5 1 6 0 0 0 0 0 0 0 0 0 0 0 0 14 1 10 0 0 0 27 14 0 0 0 0 0 0 0 0 0 0 0 7 0 0 0 0 0 0 0 0 0 0 0 0 1 5 0 0 0 0 0 0 0 0 0 0 0 3 0 0 0 0 0 0 0 13 11 10 1 1 28 19 55 0 15 13 7 20 0 0 30 0 19 0 0 0 12 0 0 0 0 0 0 10 0 0 9 0 24 10 0 0 17 0 0 0 0 0 0 0 0 5 0 0 0 0 0 0 0 24 0 0 0 2 1 58 2 2 0 0 9 0 0 0 0 0 0 0 0 0 0 0 0 0 0 0 0 0 0 0 
 0 0 0 0 0 2 6 0 0 4 0 0 3 0 0 0 35 0 0 0 0 0 0 0 0 0 0 3 0 206 2 0 0 0 0 63 0 1 0 0 62 93 210 320 48 262 88 31 35 116 380 217 113 107 104 234 140 0 51 122 0 0 0 0 0 6 3 0 0 0 0 50 0 0 0 0 0 0 0 50 0 0 0 0 0 0 0 0 0 7 0 0 0 0 12 0 0 0 0 0 0 0 0 0 0 0 0 0 0 0 0 0 0 0 0 0 0 0 0 0 0 20 3 28 0 82 0 18 33 0 34 7 0 0 6 45 0 48 0 18 0 0 0 0 0 0 0 0 0 0 0 7 10 0 0 0 0 0 0 0 14 0 0 0 0 0 0 0 0 3 0 0 0 0 0 0 0 0 0 0 0 0 0 0 0 0 0 0 0 0 0 0 0 0 0 0 0 0 0 0 0 0 10 20 0 1 0 12 48 12 40 23 1 34 0 13 10 0 0 10 7 0 0 0 0 0 11 10 0 0 0 0 0 0 0 0 12 0 22 27 0 0 5 0 0 0 0 0 0 0 0 0 0 0 0 0 0 0 0 11 0 0 3 61 3 0 3 2 0 0 15 0 0 0 0 0 0 0 0 0 0 0 0 0 0 0 0 0 0 0 
 2 0 0 0 0 0 2 0 0 0 0 1 0 0 0 0 0 0 0 0 3 64 8 21 56 152 0 0 3 2 3 1 0 11 0 1 0 0 0 4 60 50 77 69 69 64 123 143 68 50 40 42 225 323 275 119 112 51 0 211 0 0 1 0 0 1 0 0 0 0 0 0 0 0 0 0 0 2 0 0 0 0 0 0 5 0 0 0 0 0 0 0 0 0 0 0 0 0 7 0 8 0 0 0 0 0 3 1 3 0 0 4 0 0 8 1 0 6 0 6 35 1 1 31 14 0 3 0 2 12 23 8 0 9 24 11 0 25 24 39 0 0 0 0 0 0 0 0 0 0 0 0 0 0 0 0 0 0 9 0 0 0 0 0 0 0 0 0 0 0 0 0 0 0 0 0 0 0 0 0 18 1 0 0 9 8 0 1 18 0 5 18 0 5 0 0 0 0 0 0 0 15 13 18 0 9 28 17 22 1 30 8 31 2 8 36 37 10 12 0 0 0 0 0 0 0 0 0 0 0 0 0 0 0 0 0 0 0 1 2 0 0 12 0 0 0 0 0 0 0 0 2 0 2 0 0 0 0 1 0 0 0 0 1 0 2 2 0 0 0 1 0 50 0 0 1 0 0 0 8 0 1 0 0 0 0 0 7 1 0 
 0 0 39 0 0 4 0 0 4 1 0 0 0 0 2 0 5 2 0 1 0 0 2 70 68 19 63 0 1 1 2 2 0 0 0 1 0 0 5 0 122 86 109 117 59 63 237 122 141 131 73 119 162 324 184 134 43 122 211 0 0 0 0 0 0 0 0 0 0 0 0 0 0 0 0 0 0 0 0 0 0 2 5 44 2 4 0 0 4 0 6 10 0 0 0 0 2 0 0 0 0 0 0 0 10 0 0 0 0 0 0 0 0 0 0 0 0 0 4 0 20 22 3 22 11 0 0 19 9 0 23 11 12 1 10 0 6 28 9 24 0 0 0 0 0 0 0 0 0 0 0 0 0 0 0 0 0 0 11 0 0 0 0 0 0 0 0 0 0 0 0 0 0 0 17 0 0 0 0 8 0 0 0 0 20 2 4 7 0 0 0 0 4 1 0 4 0 0 0 0 1 0 0 0 0 0 17 22 31 1 9 21 0 41 21 20 11 10 34 8 0 0 0 0 0 0 0 0 0 0 0 0 0 0 0 0 0 0 0 10 0 0 10 0 0 0 0 0 0 0 0 14 0 1 0 0 0 0 0 5 0 0 0 63 2 0 2 0 1 0 0 0 0 0 0 0 0 0 0 2 0 0 0 0 0 0 0 7 1 0 
 2 3 2 2 2 5 4 2 2 2 4 2 3 2 2 2 2 45 2 2 0 0 6 76 4 1 0 0 1 5 0 4 0 0 0 0 0 33 0 0 0 0 0 50 0 0 7 15 0 0 0 1 59 0 0 0 3 0 0 0 0 126 122 93 87 34 111 63 71 82 81 26 97 58 102 38 35 122 26 44 0 0 0 0 0 0 0 0 0 0 0 0 0 0 0 0 0 0 0 0 0 0 0 0 0 7 0 0 0 4 0 0 0 1 0 0 0 0 1 0 5 0 2 0 0 0 0 12 0 0 0 0 5 7 0 3 0 0 6 0 15 0 4 4 39 0 0 0 0 0 61 3 2 0 0 27 0 14 0 10 0 1 0 0 0 8 4 0 1 0 0 0 0 0 0 0 0 0 0 0 0 0 0 0 0 1 0 0 0 0 0 2 0 0 0 3 0 0 0 0 2 0 0 0 0 0 0 7 0 0 0 0 7 3 0 0 0 9 0 3 0 32 0 19 1 0 0 10 6 8 26 19 8 11 0 49 0 26 0 16 0 0 0 0 0 0 0 0 0 0 0 0 0 1 6 0 0 0 0 0 0 0 83 0 0 0 0 2 0 0 18 0 0 3 0 2 0 0 0 0 0 0 0 0 27 1 0 0 0 0 
