 0 70 170 49 24 116 125 132 89 34 39 46 39 34 200 123 186 29 207 289 0 5 0 0 0 0 0 4 2 1 0 2 0 0 0 2 0 0 0 0 3 58 2 0 0 0 0 0 0 0 0 0 0 0 3 0 3 0 0 0 0 0 0 0 2 3 0 0 0 0 3 0 0 0 0 1 3 0 0 1 0 10 13 0 1 13 34 18 18 0 15 14 0 0 14 0 8 0 33 0 0 2 0 0 0 0 0 0 0 0 0 0 14 0 0 0 0 1 6 0 0 0 0 0 0 0 0 0 0 0 0 0 1 0 0 0 0 0 0 2 0 0 0 0 0 0 0 0 0 0 0 0 0 0 0 1 0 0 0 0 45 0 29 21 0 0 36 7 22 0 1 0 36 20 12 19 18 8 15 18 0 0 0 0 0 0 0 0 1 0 0 0 8 0 0 0 2 0 0 0 0 0 0 0 0 0 0 0 0 0 0 0 0 0 10 0 0 0 0 0 0 0 0 0 1 1 0 0 0 0 0 0 0 0 0 0 0 0 10 0 0 0 0 0 13 0 0 0 0 0 10 16 0 1 0 0 0 0 0 0 0 0 0 0 0 0 1 0 0 0 0 0 0 0 0 0 0 0 0 0 0 0 0 0 0 0 0 0 0 0 
 70 0 294 622 32 50 282 425 77 42 300 258 55 253 233 161 355 51 254 58 0 3 0 0 0 0 0 3 2 1 0 0 0 0 0 0 0 0 0 1 3 0 3 0 0 0 0 0 0 0 56 0 0 84 3 0 3 0 0 0 0 0 6 0 2 3 0 0 0 0 3 0 0 0 0 0 3 0 4 0 43 0 1 3 30 0 1 38 0 17 37 0 44 2 0 11 5 9 22 42 0 0 0 0 0 0 0 0 0 0 0 0 0 18 0 0 0 0 7 0 0 0 0 0 0 2 0 0 0 0 0 12 0 0 0 13 0 0 0 0 0 0 0 0 0 0 0 0 0 2 0 0 2 0 0 0 0 0 2 0 20 11 0 32 16 0 0 15 40 10 15 1 14 49 14 0 11 39 15 0 0 12 0 0 0 0 0 0 0 0 0 0 0 13 0 0 0 0 27 2 0 0 0 0 0 0 0 2 2 0 0 0 0 0 0 0 2 0 0 2 0 0 0 0 0 0 0 0 2 0 0 0 0 1 0 0 0 0 0 1 0 0 0 0 0 2 2 1 2 95 0 13 0 0 0 0 0 0 0 0 0 0 0 0 0 0 0 0 0 0 0 0 0 0 0 0 0 0 0 0 0 0 0 0 0 0 0 0 0 0 
 170 294 0 293 37 24 270 109 257 236 82 25 156 49 229 52 519 206 55 247 2 3 0 73 1 0 89 11 2 48 2 0 0 0 0 0 0 0 0 33 3 0 3 0 4 0 3 0 0 0 0 2 0 0 3 0 3 1 0 3 0 0 0 0 2 3 0 0 0 0 3 0 0 0 0 0 3 6 0 0 15 32 11 34 0 25 9 14 1 48 0 15 2 0 0 32 20 34 11 0 0 1 0 0 0 0 0 0 0 0 0 0 13 43 0 32 0 0 19 0 0 0 0 0 0 0 0 0 0 0 0 0 0 0 0 0 0 0 0 0 0 0 0 0 0 0 0 0 0 0 0 0 0 0 10 0 0 0 0 0 0 19 27 2 0 0 0 0 0 21 0 11 0 24 11 6 14 4 0 0 0 0 5 0 0 0 2 0 0 0 0 0 0 0 0 1 1 0 15 0 0 0 0 0 0 0 0 0 0 0 0 0 0 0 0 0 0 0 0 0 0 0 0 0 0 0 0 0 0 0 0 0 0 0 0 0 0 0 0 0 0 23 0 0 0 0 0 0 1 0 2 4 0 0 0 0 0 0 0 0 0 0 20 0 0 0 0 0 0 0 0 0 0 0 0 0 0 0 0 0 0 0 0 0 0 0 0 0 0 0 
 49 622 293 0 47 47 127 314 170 106 273 195 387 276 43 127 126 73 161 104 0 4 0 0 0 1 0 2 77 0 0 0 0 0 0 0 0 0 151 0 3 0 3 27 0 0 64 0 0 0 0 0 0 0 2 0 3 0 0 0 0 0 0 0 2 3 0 0 0 45 3 0 0 0 0 1 1 0 0 0 0 14 15 10 15 24 0 39 1 8 27 11 12 0 15 3 1 7 0 26 0 15 0 0 0 0 12 0 0 0 0 0 0 23 7 6 0 0 0 7 0 0 0 1 0 0 0 0 0 0 0 0 0 0 0 0 0 0 0 0 0 0 0 0 0 1 0 0 1 0 0 0 0 0 0 2 0 0 0 1 8 0 10 10 8 1 16 10 17 16 22 15 0 0 1 12 0 1 0 7 1 0 10 0 0 0 0 25 0 0 0 0 19 19 0 0 13 0 12 0 0 0 0 0 0 0 0 0 0 0 0 0 0 0 0 0 0 0 0 0 0 0 0 0 0 0 0 0 0 0 1 0 0 0 0 0 0 0 0 0 0 0 0 0 0 0 1 2 4 0 0 16 0 0 10 0 0 0 0 0 0 0 13 0 0 0 0 0 0 0 0 0 0 0 0 19 0 14 0 0 0 0 0 0 0 0 0 0 0 0 
 24 32 37 47 0 291 32 83 80 485 180 129 54 299 64 61 132 47 55 69 0 3 0 0 0 0 172 71 2 5 0 1 75 0 1 0 0 0 430 87 3 0 2 0 0 0 2 0 0 0 0 0 0 0 3 0 3 4 0 0 0 0 0 0 3 3 0 0 0 0 3 110 1 0 0 0 57 0 32 1 0 0 1 18 35 1 0 2 15 18 0 0 0 0 0 15 10 11 0 0 8 38 10 0 0 0 35 23 44 0 0 0 9 5 18 0 9 0 16 16 0 0 0 0 0 0 0 0 0 0 0 0 0 0 0 0 0 0 0 0 0 0 0 0 1 0 0 0 0 0 0 0 0 0 0 13 0 0 0 0 16 19 40 19 4 15 0 0 15 13 29 8 0 0 0 10 0 0 0 0 41 12 0 0 0 0 32 1 0 12 10 0 17 0 21 10 15 0 13 0 0 0 0 0 0 0 0 0 0 0 0 0 0 0 0 0 0 0 11 0 0 0 0 0 1 0 0 0 0 0 0 0 0 0 0 0 0 0 0 0 0 0 0 0 0 2 49 2 92 114 2 17 0 0 0 0 0 0 0 0 0 0 0 0 0 0 0 0 0 0 0 0 0 0 0 12 30 1 0 0 0 0 0 0 0 0 0 0 0 0 
 116 50 24 47 291 0 32 60 341 129 312 144 35 29 50 160 130 51 40 70 75 0 1 0 0 0 75 115 0 2 2 0 186 0 0 25 82 0 76 146 0 0 3 34 0 0 1 0 0 0 0 0 0 0 0 0 0 5 0 0 0 1 1 0 0 0 2 0 0 0 0 1 0 2 1 18 0 7 0 0 0 0 19 33 31 71 0 0 10 0 1 0 0 0 0 19 1 14 0 18 15 27 23 12 0 0 14 11 37 9 14 0 59 10 10 3 8 38 46 8 0 0 0 0 0 0 0 0 0 0 0 0 0 0 0 0 0 0 0 0 3 0 0 0 0 0 0 0 13 0 0 0 0 1 0 0 0 0 0 18 0 0 0 11 10 1 0 1 0 21 22 24 0 0 1 6 0 0 0 0 0 8 21 0 0 0 6 0 21 10 14 0 6 0 23 15 13 0 0 11 0 0 0 0 0 0 0 0 0 0 0 0 0 0 0 0 0 0 0 0 0 0 0 0 0 0 0 0 0 0 0 0 0 0 0 0 0 0 0 0 0 0 0 0 0 2 44 1 0 1 1 2 11 0 0 0 0 0 0 0 0 0 0 0 0 0 0 0 0 0 0 0 0 0 0 0 0 0 0 0 0 0 0 0 0 0 0 0 0 0 
 125 282 270 127 32 32 0 223 70 117 309 53 179 578 98 145 39 435 405 67 0 3 0 0 74 0 0 3 1 1 0 3 0 0 0 204 74 0 0 0 3 0 2 0 0 0 0 0 63 0 0 0 0 0 3 0 3 0 0 0 0 0 1 0 3 3 0 0 0 0 3 0 0 0 0 2 3 0 0 2 37 12 0 25 14 0 23 15 47 13 0 14 43 1 0 0 8 14 26 41 0 0 0 0 0 0 0 0 0 0 0 0 0 0 0 0 0 0 0 0 0 0 0 0 0 0 0 0 0 0 0 21 2 0 0 0 0 0 0 0 0 0 0 0 0 0 0 0 0 0 0 0 0 0 0 2 0 0 0 0 0 40 15 0 0 7 10 61 0 1 1 22 9 31 17 19 30 0 11 0 0 0 0 1 0 0 0 0 2 0 0 0 0 9 0 0 1 0 0 0 0 0 0 0 0 0 0 0 0 0 0 0 0 0 0 14 0 0 0 0 0 0 0 0 0 1 0 0 0 0 0 0 0 0 0 0 0 0 0 0 0 0 0 0 0 2 0 0 3 7 0 10 1 2 0 0 0 0 0 0 0 0 0 0 0 0 0 0 0 0 0 0 0 0 0 0 0 14 0 0 0 0 0 0 0 0 0 0 0 0 
 132 425 109 314 83 60 223 0 201 118 49 52 105 97 80 174 252 65 116 268 1 5 0 0 0 0 1 2 6 0 0 0 0 0 0 0 2 0 0 0 3 0 3 0 0 0 4 0 0 1 0 0 0 0 3 0 68 0 0 0 0 7 0 0 2 3 0 0 0 0 3 0 0 0 0 0 5 32 0 0 13 0 30 44 0 17 0 0 16 15 0 10 12 0 11 70 14 31 12 31 0 0 0 0 0 0 0 0 1 1 0 0 31 0 0 0 0 0 32 0 0 0 0 0 0 0 1 0 0 0 2 0 0 2 0 1 0 0 0 0 0 0 0 0 0 0 0 0 0 0 0 0 0 0 0 0 0 0 0 0 0 8 29 0 9 1 0 9 0 32 10 11 10 11 17 51 17 15 0 0 2 0 0 0 2 0 32 0 0 0 2 0 1 0 0 1 0 1 1 0 0 0 0 0 2 0 0 0 0 2 0 0 0 0 0 18 4 0 0 0 0 0 0 0 0 10 0 0 0 0 0 0 0 0 0 0 0 2 0 0 0 1 0 0 0 0 0 2 2 1 0 7 21 0 0 0 1 0 0 0 0 0 0 0 0 0 2 0 0 0 0 0 0 0 0 0 0 0 0 0 0 0 0 0 0 0 0 0 0 0 
 89 77 257 170 80 341 70 201 0 206 238 32 229 93 287 60 88 42 68 54 0 3 0 0 4 1 146 2 2 2 2 0 2 0 2 2 0 0 73 42 5 0 6 0 0 0 13 2 0 0 3 0 2 0 3 1 3 0 2 2 0 0 0 0 2 3 2 0 0 0 3 2 0 0 0 0 1 3 0 0 0 11 17 0 8 28 0 0 15 13 31 17 0 0 13 29 0 34 28 6 0 0 0 0 0 0 14 0 0 0 0 0 27 11 1 7 0 0 40 0 0 0 0 0 0 0 0 0 0 0 0 0 0 0 1 0 0 0 0 0 0 0 0 0 0 1 0 0 0 0 0 0 0 0 0 0 0 0 0 0 41 22 15 17 21 0 0 11 25 14 21 1 0 0 0 14 0 30 0 0 7 0 0 0 0 0 14 0 0 0 0 0 13 0 0 0 0 0 32 0 0 0 0 0 0 0 0 0 0 0 0 0 0 0 0 0 0 0 0 0 0 0 0 0 0 0 0 0 0 0 0 0 0 0 0 0 0 0 0 0 0 10 0 0 0 2 1 0 4 2 2 21 2 0 0 1 0 0 0 0 0 0 15 0 0 0 0 0 0 0 0 0 0 0 0 14 0 0 0 0 0 0 0 0 0 0 0 0 0 0 
 34 42 236 106 485 129 117 118 206 0 288 337 30 86 209 71 90 33 61 88 0 3 4 0 0 0 23 3 2 0 2 1 0 0 2 1 1 0 200 0 3 0 1 0 0 0 1 0 0 0 0 0 0 0 3 0 3 0 0 0 1 0 0 0 3 3 0 0 0 0 2 0 1 0 0 0 3 11 0 2 19 0 0 30 17 17 0 0 3 18 12 0 22 0 0 11 17 60 43 21 9 27 1 0 0 0 0 1 11 0 0 0 25 70 17 20 0 0 33 29 0 0 0 0 0 0 0 0 0 0 14 11 0 0 0 0 0 0 0 0 0 0 0 0 0 0 0 0 0 0 0 0 0 0 0 0 0 2 0 0 0 19 0 18 13 18 0 1 0 18 76 0 0 0 0 13 0 18 0 0 46 0 0 0 0 0 39 39 0 0 1 0 12 0 14 0 18 0 39 9 0 0 0 0 0 0 0 0 0 0 0 0 0 0 0 0 0 0 9 0 0 0 0 0 0 0 0 0 0 0 0 0 13 0 0 0 0 0 0 0 0 0 0 0 0 0 90 0 2 158 0 2 21 0 0 0 0 0 0 0 0 0 20 0 0 0 0 0 0 0 0 0 0 0 0 11 16 0 0 0 0 0 0 0 0 0 0 0 0 0 
 39 300 82 273 180 312 309 49 238 288 0 152 114 359 170 123 178 256 44 89 6 7 0 0 0 0 8 6 2 5 0 0 4 0 6 0 0 0 6 0 3 6 3 0 0 0 89 0 0 0 6 0 0 0 3 6 35 0 0 0 0 0 4 2 2 3 0 0 0 1 3 0 2 0 0 6 1 38 4 4 17 26 18 48 36 15 1 4 31 58 14 11 21 0 16 12 0 75 0 28 0 1 0 0 5 0 9 0 9 0 0 0 0 14 8 10 0 0 16 7 0 0 0 0 0 0 0 0 0 0 41 6 0 1 0 0 0 0 0 0 0 0 0 0 0 0 0 0 0 0 0 0 0 0 0 14 0 0 0 0 20 3 10 0 0 0 0 20 44 0 14 0 0 0 10 24 0 0 2 7 0 0 0 0 0 0 0 0 0 0 0 0 1 22 0 0 0 0 45 0 0 0 0 0 0 0 0 0 0 0 0 5 0 0 0 22 0 0 0 0 0 0 0 23 0 0 0 0 0 0 0 0 0 0 0 0 0 12 0 0 0 14 0 0 0 2 1 0 2 66 0 11 2 0 0 0 0 0 0 0 0 0 10 2 0 0 0 0 0 0 0 0 0 0 0 0 8 2 0 0 0 0 0 0 0 0 0 0 0 0 
 46 258 25 195 129 144 53 52 32 337 152 0 199 153 55 112 87 194 25 43 75 5 2 0 2 0 1 152 74 0 1 3 1 1 0 10 0 0 117 3 3 0 9 3 0 0 70 0 0 0 2 0 0 0 3 0 3 0 0 0 0 0 0 0 2 3 0 0 0 0 3 0 2 2 0 0 3 2 0 0 0 31 39 22 10 48 0 10 18 22 39 9 1 0 38 0 0 2 0 0 19 25 0 0 0 0 13 10 0 0 1 0 0 30 7 16 34 0 1 43 10 0 0 0 0 0 0 2 12 0 0 10 0 0 0 0 0 0 0 0 0 0 0 2 0 0 0 0 0 0 0 0 0 1 0 6 0 2 0 2 0 0 11 19 9 0 49 0 1 14 19 52 0 0 0 0 0 0 0 19 0 0 11 0 0 0 15 16 0 0 0 0 54 19 22 16 15 0 0 0 0 0 0 0 0 0 0 0 0 0 1 0 0 14 0 0 0 0 0 0 0 0 0 0 0 0 46 0 0 0 0 0 0 0 0 0 0 0 0 0 0 0 0 0 0 0 97 0 90 3 0 8 2 0 0 0 0 0 0 0 0 0 0 0 0 0 0 0 0 0 0 0 0 0 0 62 11 10 0 0 0 0 0 0 0 0 0 0 0 0 
 39 55 156 387 54 35 179 105 229 30 114 199 0 82 270 128 36 140 88 176 3 3 0 0 0 0 5 4 2 3 6 0 2 0 3 0 0 0 0 0 3 3 3 0 0 0 2 0 0 0 3 0 0 0 3 3 3 0 0 0 0 0 5 0 2 3 0 0 0 0 3 1 1 0 0 2 1 0 2 2 21 50 9 4 17 0 0 1 16 0 0 23 19 0 0 1 11 20 10 1 0 8 0 0 0 0 0 17 0 0 0 0 0 0 0 0 1 0 0 0 0 0 0 0 0 8 2 0 0 0 0 12 0 0 0 0 0 0 0 0 0 0 0 0 0 0 0 0 0 0 0 2 0 0 0 0 0 0 0 0 38 11 0 39 0 0 34 10 2 10 0 0 15 34 23 1 1 1 11 21 2 0 0 0 1 0 1 0 0 0 1 0 0 0 0 1 0 0 0 0 2 0 0 0 0 0 0 0 0 1 0 0 0 0 0 2 0 0 0 0 0 0 0 0 0 9 0 0 0 0 0 2 0 0 0 0 0 0 15 0 0 2 0 0 0 2 1 0 0 88 18 5 0 0 0 0 0 0 0 0 0 0 0 0 0 0 0 0 0 0 0 0 0 0 0 0 0 0 0 0 0 0 0 0 0 0 0 0 0 0 
 34 253 49 276 299 29 578 97 93 86 359 153 82 0 185 385 57 77 106 108 0 3 0 0 0 0 1 3 2 1 0 0 0 0 0 0 0 0 2 0 3 0 5 0 0 0 75 0 0 0 0 87 0 0 3 0 3 0 0 0 0 0 5 0 2 3 0 0 0 0 3 0 0 0 0 0 2 0 0 0 23 14 15 34 18 0 0 18 19 0 16 20 30 0 16 12 2 19 14 17 0 2 0 0 0 0 9 0 0 0 0 0 0 0 0 0 0 0 0 0 0 0 0 0 0 0 0 0 0 17 0 15 1 0 0 0 0 0 0 2 0 0 0 0 0 0 0 0 0 0 0 0 0 0 0 16 0 0 0 0 53 14 60 19 0 0 2 4 17 12 11 40 2 18 17 27 24 0 11 2 0 0 0 0 0 0 0 0 1 0 0 0 0 0 0 0 2 0 2 0 0 0 0 0 0 0 0 0 0 0 0 0 0 0 0 17 0 0 0 0 0 0 0 0 0 0 0 0 0 0 0 0 3 0 0 0 0 0 0 0 0 0 0 0 0 0 0 0 3 91 1 17 0 0 0 0 0 0 0 0 0 0 0 0 0 0 2 0 0 0 0 0 0 0 0 0 0 2 0 0 0 0 0 0 0 0 0 0 0 0 
 200 233 229 43 64 50 98 80 287 209 170 55 270 185 0 64 84 127 174 116 0 3 0 0 0 0 0 3 0 1 0 1 0 0 0 0 0 0 0 0 3 0 2 0 0 0 0 0 0 0 0 0 0 0 3 0 3 4 0 0 0 0 4 0 2 3 0 0 0 0 3 0 0 0 0 0 3 2 0 1 44 33 11 26 20 0 26 14 32 21 0 0 51 0 0 0 17 64 7 23 0 0 0 0 14 0 0 0 0 0 0 0 0 0 0 0 0 0 0 0 0 0 0 0 2 0 0 0 1 0 0 6 0 3 1 0 0 0 0 0 0 0 0 0 0 0 0 0 0 0 0 0 0 0 1 0 0 0 0 0 0 7 0 1 0 0 16 21 0 2 0 0 1 29 11 22 14 4 17 0 0 0 0 0 10 0 3 0 0 0 0 0 0 2 0 0 0 0 0 0 1 0 0 0 0 0 0 0 0 0 0 0 0 0 0 0 0 0 0 0 0 0 0 0 0 0 0 0 0 1 0 0 0 0 0 0 0 0 9 0 0 0 0 0 0 1 0 2 0 82 9 2 4 0 0 0 0 0 0 0 0 0 9 0 0 0 0 0 0 0 0 0 0 0 0 0 0 0 0 0 0 0 0 0 0 0 0 0 0 0 
 123 161 52 127 61 160 145 174 60 71 123 112 128 385 64 0 230 192 32 173 0 8 5 0 1 0 0 3 2 2 0 0 1 0 0 0 0 1 1 3 3 0 3 12 0 0 27 0 0 0 0 0 0 0 5 0 3 0 0 0 0 0 2 0 2 3 0 0 0 0 3 0 0 0 0 3 3 0 0 0 14 16 40 16 24 23 0 36 25 15 2 18 12 1 19 28 0 10 16 0 0 0 9 0 0 0 26 0 0 0 0 0 23 0 0 0 0 0 22 11 0 0 0 0 0 1 0 0 0 2 16 0 0 0 0 0 1 0 0 0 0 0 0 0 0 0 0 0 0 0 0 0 0 0 0 3 0 0 0 0 28 0 30 10 2 0 14 11 50 11 20 20 0 29 16 26 26 0 16 0 0 0 0 0 0 0 0 0 0 0 0 0 0 0 0 8 0 0 0 1 0 2 0 0 0 0 0 0 1 0 0 0 0 0 0 7 1 0 0 0 0 0 0 0 0 0 0 0 0 0 0 0 0 0 0 0 1 0 0 1 0 0 0 0 0 1 2 0 1 11 0 10 0 0 0 0 0 0 0 0 0 0 0 0 0 0 0 0 0 0 0 0 0 0 0 9 0 32 0 0 0 0 0 0 0 0 0 0 0 0 
 186 355 519 126 132 130 39 252 88 90 178 87 36 57 84 230 0 170 333 455 0 3 0 0 76 0 0 3 2 2 0 0 0 0 73 2 0 0 0 0 3 0 3 0 0 0 0 0 0 0 0 0 0 0 3 0 3 0 0 0 0 0 0 0 59 3 0 0 0 0 3 0 0 0 0 0 2 0 0 0 18 7 15 30 22 0 13 18 0 27 45 2 0 0 0 9 14 0 38 13 0 0 0 0 0 0 0 0 1 0 0 0 0 9 19 0 0 0 68 11 0 0 0 0 0 0 0 0 0 0 13 0 0 0 0 0 0 0 0 0 1 0 0 0 0 0 0 0 0 0 0 0 0 0 0 0 0 0 0 16 14 18 15 34 9 0 32 5 26 13 20 0 0 18 14 0 36 29 8 0 0 0 0 0 0 0 0 0 0 0 0 0 0 0 0 0 0 0 2 0 0 0 0 0 0 1 0 0 0 0 0 0 0 0 0 0 4 0 1 0 0 14 0 0 19 0 0 0 0 0 0 0 0 0 0 0 0 7 0 0 0 0 0 0 0 0 1 0 1 4 1 4 0 0 0 0 0 0 0 0 0 0 0 0 0 0 0 0 0 0 0 0 0 0 0 0 9 0 0 0 0 0 0 0 0 0 0 0 0 0 
 29 51 206 73 47 51 435 65 42 33 256 194 140 77 127 192 170 0 102 64 2 3 0 0 0 0 0 2 2 1 0 0 0 0 1 0 0 0 83 0 3 0 3 0 0 0 0 3 0 0 0 0 0 0 3 0 3 0 0 0 0 0 12 0 2 3 0 0 0 0 3 3 0 0 0 0 2 0 0 0 22 20 1 20 21 19 0 15 19 6 0 10 33 0 0 0 7 43 0 3 0 20 3 0 0 0 0 0 0 0 0 0 0 18 0 11 0 0 0 0 0 0 0 0 0 0 0 0 0 0 0 12 0 0 0 0 0 0 0 0 0 0 0 0 0 0 0 0 0 0 0 0 0 0 0 0 0 0 0 0 18 0 15 19 0 0 0 2 0 0 0 12 0 18 18 17 2 0 16 13 0 0 0 0 0 0 0 0 0 0 0 0 12 0 1 0 19 0 0 0 0 0 0 0 0 0 0 0 0 0 0 0 0 0 0 17 0 0 0 0 0 0 0 0 0 5 2 0 0 0 0 0 0 0 0 0 0 0 0 0 0 0 0 0 0 2 1 0 1 92 1 11 0 0 0 0 0 0 0 0 0 0 14 0 0 0 0 0 62 0 0 22 0 0 0 0 0 0 0 0 0 0 0 0 0 0 0 0 0 0 
 207 254 55 161 55 40 405 116 68 61 44 25 88 106 174 32 333 102 0 188 0 5 0 0 0 0 0 3 3 4 0 3 0 2 0 2 0 0 0 0 3 0 2 0 2 1 38 0 0 2 0 1 0 0 3 0 3 0 0 2 0 0 1 0 2 3 0 0 0 0 3 0 0 0 0 0 3 0 0 1 27 7 9 0 1 0 48 54 2 21 0 0 40 34 12 0 28 22 25 10 0 0 0 0 0 0 0 0 0 0 0 0 0 0 0 0 0 0 0 6 0 0 0 0 0 0 0 0 0 8 0 0 0 0 0 0 0 0 0 0 0 0 0 0 0 0 0 0 0 0 0 0 0 0 0 0 0 0 0 0 0 6 17 2 0 0 26 21 19 1 0 0 10 46 1 21 39 10 25 18 0 0 0 0 0 0 0 0 0 0 0 0 0 0 0 0 0 0 0 0 0 0 0 0 0 0 0 0 0 0 0 0 0 3 0 0 0 0 0 0 0 0 0 0 0 0 0 0 0 0 0 0 0 0 0 0 0 0 0 0 0 0 0 0 0 2 1 0 0 0 0 15 0 0 0 0 0 0 0 0 0 6 0 0 0 0 22 0 0 0 0 0 0 0 0 0 0 0 0 0 0 0 0 0 0 0 0 0 0 0 
 289 58 247 104 69 70 67 268 54 88 89 43 176 108 116 173 455 64 188 0 0 3 0 0 0 0 0 3 0 1 0 0 0 2 0 0 0 0 0 1 3 0 3 0 3 0 0 0 2 0 3 0 0 0 3 62 4 0 0 25 0 0 0 0 2 47 0 0 0 0 3 0 0 0 0 2 3 0 0 1 0 13 11 0 1 0 0 20 13 0 0 0 0 17 0 2 0 0 17 0 0 0 0 0 0 0 0 0 0 0 0 0 0 0 0 0 0 0 0 1 0 0 15 0 0 1 0 0 0 2 0 14 0 0 0 0 1 0 0 0 0 0 0 1 2 0 0 0 0 0 0 0 0 27 0 0 0 0 0 0 35 0 15 25 2 0 22 16 8 2 0 0 76 17 0 14 24 0 31 8 0 0 0 0 0 0 0 0 0 0 0 0 0 0 0 0 0 0 0 1 0 2 0 0 0 0 0 0 1 0 0 0 0 0 0 0 1 0 0 1 0 0 0 0 0 2 0 0 0 0 1 0 0 0 0 0 1 0 10 1 0 0 0 0 0 0 0 0 0 1 9 16 0 0 0 0 0 0 0 0 0 0 0 0 0 0 0 0 0 0 0 0 0 0 0 0 0 0 0 0 0 0 0 0 0 0 0 0 0 0 
 0 0 2 0 0 75 0 1 0 0 6 75 3 0 0 0 0 2 0 0 0 307 157 68 28 34 91 117 38 135 35 245 212 59 166 206 74 112 57 43 2 1 3 121 0 0 2 3 3 0 120 8 2 0 0 1 0 0 0 0 0 0 0 0 2 2 3 2 0 0 0 0 0 0 3 0 3 0 0 0 0 0 0 0 1 12 0 0 0 22 0 0 0 0 0 0 0 0 0 0 1 35 35 10 0 1 0 4 0 28 25 9 31 0 7 15 24 4 0 4 0 0 0 0 0 0 22 0 0 0 0 0 20 0 0 0 0 0 0 0 2 0 1 0 0 0 0 0 0 0 1 0 0 2 0 0 0 0 0 0 0 0 0 1 0 0 0 0 6 0 0 0 0 0 0 2 0 0 0 0 0 24 0 18 11 0 8 19 17 14 7 2 0 0 13 0 2 26 0 39 0 0 0 0 0 0 0 0 0 0 0 0 0 0 0 0 0 0 1 0 0 0 0 0 0 0 0 0 0 0 1 0 0 0 0 0 0 0 0 0 0 0 0 0 0 0 1 0 0 0 0 0 0 0 10 0 0 0 0 1 2 0 0 0 0 0 0 0 0 0 0 0 0 26 0 0 7 0 0 0 0 10 0 0 0 0 2 9 0 0 
 5 3 3 4 3 0 3 5 3 3 7 5 3 3 3 8 3 3 5 3 307 0 723 180 203 364 71 216 273 361 60 342 83 386 285 71 159 336 46 56 2 0 3 3 0 2 3 1 3 3 5 1 2 0 0 2 0 0 3 67 4 1 3 0 2 3 5 42 1 7 0 0 16 0 3 4 3 0 0 0 0 0 0 0 14 0 0 0 0 0 0 0 0 0 0 0 0 0 0 0 0 9 49 30 9 0 0 7 0 24 10 12 3 0 2 3 0 26 0 2 0 0 0 0 0 0 13 0 0 0 0 0 0 0 0 0 0 0 0 0 0 0 0 0 0 0 0 0 15 2 0 0 0 16 0 0 0 0 0 0 0 1 0 0 0 0 0 3 0 0 0 0 0 0 0 0 0 0 0 0 0 17 0 9 12 3 14 13 0 2 11 11 0 24 0 0 67 46 0 0 23 0 0 0 0 0 22 10 0 0 0 0 19 0 0 0 0 0 45 13 0 0 0 0 0 0 0 0 0 0 9 0 0 0 0 0 0 2 0 0 0 0 0 0 0 1 1 0 0 0 0 0 0 0 9 0 0 88 199 0 8 2 0 2 0 0 12 0 0 0 0 0 0 0 0 0 0 0 0 17 0 9 0 0 0 1 20 0 0 0 
 0 0 0 0 0 1 0 0 0 4 0 2 0 0 0 5 0 0 0 0 157 723 0 306 144 272 96 122 102 239 135 273 60 142 263 425 170 287 88 48 3 3 6 0 0 2 8 2 3 5 8 7 64 61 0 8 0 2 1 22 15 0 0 0 2 3 3 2 4 5 0 0 6 0 110 7 3 1 2 2 0 0 0 0 0 0 0 0 0 0 0 0 0 0 0 0 0 0 27 0 1 1 15 42 0 15 0 0 1 0 3 1 19 0 3 25 0 0 0 10 0 5 0 0 0 0 0 21 0 0 0 0 16 0 0 4 0 0 0 0 0 0 1 0 0 0 0 0 0 0 0 0 0 0 0 0 0 0 0 0 0 0 0 0 0 0 0 0 0 0 0 0 0 0 0 0 0 0 0 0 0 11 22 11 7 19 8 30 3 10 29 26 0 0 0 13 22 30 0 17 23 10 0 0 0 0 11 15 0 0 0 0 88 0 0 0 0 0 0 0 0 0 0 0 0 0 0 0 0 0 0 0 0 0 0 0 0 0 0 0 0 0 10 0 0 0 0 0 0 0 0 0 0 0 4 0 0 115 0 2 2 34 0 0 0 0 17 0 0 0 0 0 0 0 0 0 0 0 0 1 0 13 0 0 0 13 0 0 0 0 
 0 0 73 0 0 0 0 0 0 0 0 0 0 0 0 0 0 0 0 0 68 180 306 0 262 37 358 157 145 267 275 287 265 117 59 33 125 167 55 287 2 0 3 0 0 0 0 0 12 0 2 0 131 62 10 0 8 0 1 23 20 0 0 0 2 2 3 2 2 5 0 0 6 0 3 0 2 0 0 0 0 0 0 0 0 0 0 0 0 0 0 1 0 0 0 0 0 0 0 0 0 0 0 12 0 26 0 1 9 0 0 74 0 0 0 43 0 7 0 0 0 10 0 0 11 0 18 11 0 11 0 0 49 0 0 4 0 1 10 24 0 0 1 0 0 0 0 0 0 0 0 0 0 3 0 0 0 0 0 0 0 0 0 0 0 0 0 4 0 0 0 0 0 0 0 0 0 0 0 0 0 0 7 44 30 23 0 0 0 0 2 1 0 9 0 42 43 0 0 0 12 75 94 0 0 0 27 15 0 0 0 0 28 2 1 0 2 0 0 28 0 0 0 0 0 0 0 0 0 0 0 0 0 0 0 0 0 0 0 0 0 0 0 0 0 0 0 0 0 0 0 0 0 0 11 0 2 79 0 0 3 1 0 0 0 0 15 0 0 0 0 0 0 0 0 0 0 0 0 0 0 16 0 0 0 12 0 0 0 0 
 0 0 1 0 0 0 74 0 4 0 0 2 0 0 0 1 76 0 0 0 28 203 144 262 0 131 52 78 169 177 190 226 339 369 76 102 104 190 54 66 2 0 3 0 0 0 0 0 3 0 2 1 67 53 0 0 0 0 1 0 23 0 0 0 2 3 3 2 0 20 0 41 2 0 3 3 3 0 0 0 0 0 0 0 0 0 0 0 0 0 0 0 0 0 0 0 0 0 0 19 0 0 0 4 0 49 0 0 8 0 0 50 0 21 0 46 13 4 0 0 0 11 0 0 0 0 34 13 0 9 2 0 8 1 28 0 0 13 27 8 0 0 0 0 0 0 0 0 0 0 0 0 0 6 0 0 0 0 0 0 0 0 0 0 0 0 0 4 0 0 0 0 0 0 0 0 0 0 0 0 0 12 0 36 42 12 51 0 0 0 1 4 0 6 0 30 39 19 0 0 18 9 9 0 0 0 17 4 0 0 0 0 32 0 6 0 0 0 21 9 0 11 0 0 0 0 0 0 0 0 0 0 0 0 0 18 0 0 0 0 0 0 0 0 0 0 0 0 0 0 0 0 0 0 4 2 0 43 18 0 40 0 0 0 0 0 12 0 0 0 0 0 0 0 0 0 0 0 0 0 0 1 8 0 0 13 8 0 0 0 
 0 0 0 1 0 0 0 0 1 0 0 0 0 0 0 0 0 0 0 0 34 364 272 37 131 0 168 121 45 72 181 72 56 88 191 105 148 121 69 64 7 79 3 0 0 0 0 27 108 13 2 2 3 121 133 0 63 27 3 30 0 0 0 4 2 3 3 2 0 6 0 0 0 0 3 0 3 0 0 0 0 0 0 0 0 0 0 0 0 0 0 0 0 0 0 0 0 0 0 0 0 0 11 49 8 21 0 0 0 0 0 23 0 2 0 8 0 26 0 2 19 0 0 0 0 0 8 0 0 13 16 0 0 9 0 8 10 0 0 31 0 0 1 0 0 5 0 0 0 0 0 0 0 0 0 0 0 0 0 60 0 0 0 0 0 0 0 2 0 0 0 0 0 0 0 0 0 0 0 0 0 0 10 24 13 21 0 14 0 0 0 29 0 14 0 10 14 11 0 7 37 0 0 53 9 0 68 0 11 0 36 1 20 17 0 14 15 0 11 5 0 0 0 0 0 0 0 0 0 0 0 0 0 0 0 0 0 0 0 0 0 0 5 0 0 0 0 0 0 0 0 0 0 0 0 4 0 2 79 0 6 0 1 0 0 0 0 0 0 0 0 0 0 0 0 0 0 0 0 13 0 0 0 0 0 1 0 0 0 0 
 0 0 89 0 172 75 0 1 146 23 8 1 5 1 0 0 0 0 0 0 91 71 96 358 52 168 0 290 231 78 27 31 206 234 134 33 28 248 394 162 2 0 3 0 0 0 1 2 3 3 2 1 2 0 0 0 3 3 1 0 0 0 0 0 2 4 3 2 0 0 53 0 0 0 5 6 3 1 0 0 0 0 0 0 15 11 0 1 0 11 41 9 0 0 0 19 0 2 0 0 64 1 17 0 10 38 11 25 8 11 0 0 3 0 28 19 51 0 13 11 0 0 0 0 0 0 0 0 0 0 0 0 0 0 0 0 0 0 17 0 1 0 2 0 0 0 0 14 0 2 2 0 0 0 0 1 0 0 0 0 0 9 1 19 0 0 0 0 7 1 17 46 0 0 0 2 0 0 2 0 0 0 23 0 2 0 25 48 0 17 0 17 0 22 27 41 1 0 30 16 10 0 0 0 0 0 0 0 0 0 0 0 0 0 0 0 0 0 0 15 0 0 0 0 0 0 0 0 0 0 2 0 0 0 0 0 0 0 0 0 0 0 10 0 0 0 148 0 0 0 0 0 0 0 8 0 0 0 1 0 0 0 0 0 0 0 0 0 0 0 0 0 0 0 0 9 0 1 0 1 0 0 0 0 0 0 0 0 0 0 
 4 3 11 2 71 115 3 2 2 3 6 152 4 3 3 3 3 2 3 3 117 216 122 157 78 121 290 0 153 38 57 64 310 237 301 204 54 133 137 368 3 0 3 0 3 0 0 1 33 0 2 4 2 0 0 0 0 6 0 62 0 0 0 0 2 3 3 2 0 0 0 0 0 0 3 0 3 0 0 0 0 0 0 0 2 3 0 0 0 0 0 0 0 0 0 0 0 0 0 0 23 30 93 9 0 17 29 21 27 31 13 1 37 48 0 27 20 0 18 15 0 0 0 0 0 0 0 0 0 0 0 0 0 1 0 0 0 0 0 3 0 0 0 0 2 0 0 17 0 0 0 0 0 2 0 0 0 0 0 0 0 0 0 5 0 0 0 0 14 0 14 17 0 0 0 0 0 0 0 1 20 42 9 18 2 0 0 15 0 16 0 4 23 0 49 31 15 0 0 27 10 1 0 0 0 0 0 0 0 0 0 0 0 0 0 0 0 2 0 0 0 0 0 0 0 0 0 0 0 0 0 0 0 0 2 0 0 0 2 0 0 0 0 0 0 0 22 0 0 0 0 0 0 0 5 0 0 0 0 3 5 2 0 0 0 0 0 0 0 0 0 0 0 0 0 23 4 0 0 0 0 0 0 0 0 0 0 0 0 0 
 2 2 2 77 2 0 1 6 2 2 2 74 2 2 0 2 2 2 3 0 38 273 102 145 169 45 231 153 0 151 104 47 97 189 166 90 137 404 72 71 5 0 6 0 0 0 0 0 4 2 2 1 64 5 11 0 8 0 0 0 0 0 0 0 3 4 50 2 0 0 2 0 1 0 3 0 6 0 0 3 0 2 0 0 0 0 0 0 0 0 9 0 0 0 0 0 0 5 0 0 9 0 1 18 1 0 22 29 15 27 14 9 0 12 0 0 0 10 0 9 0 0 0 0 0 0 27 0 0 0 0 0 37 6 0 1 0 0 12 5 0 0 2 0 0 0 0 0 2 0 0 0 0 1 0 0 2 0 0 0 10 0 0 1 6 0 0 3 0 0 13 0 0 0 0 0 0 0 0 0 0 0 0 11 36 19 2 25 0 15 19 32 12 40 1 12 21 17 0 17 0 13 0 0 1 0 13 1 0 0 0 0 10 9 0 1 0 0 15 59 2 12 0 0 0 0 0 0 0 0 0 0 0 0 0 0 0 0 0 11 0 0 0 0 0 0 0 0 0 18 0 0 0 0 2 0 0 1 79 0 22 16 0 0 0 0 0 0 0 0 0 0 0 0 0 8 0 0 0 11 0 14 0 0 0 0 0 0 0 0 
 1 1 48 0 5 2 1 0 2 0 5 0 3 1 1 2 2 1 4 1 135 361 239 267 177 72 78 38 151 0 172 145 96 91 172 146 197 120 65 81 4 0 3 37 0 31 2 2 3 0 5 3 59 0 0 2 0 0 2 2 0 0 3 0 2 3 5 2 0 0 0 41 0 0 3 0 3 0 0 0 0 0 0 0 0 0 1 0 0 0 0 0 0 0 0 0 0 0 0 13 5 0 26 15 0 0 0 0 0 50 11 18 32 11 1 0 0 0 0 0 0 0 0 0 0 0 0 0 0 0 0 0 16 0 2 0 0 0 15 1 0 0 0 0 1 0 0 0 0 0 0 0 0 0 0 0 0 0 0 0 0 0 0 0 0 0 0 0 4 0 0 0 0 0 0 0 0 0 0 0 0 0 40 59 29 3 11 30 27 1 26 2 0 17 0 0 40 71 0 18 9 0 0 0 0 0 13 30 0 0 0 0 28 0 0 0 0 0 0 10 0 0 0 0 2 0 0 0 0 0 0 0 0 0 0 0 0 0 5 0 0 0 0 0 0 1 0 0 0 1 0 0 0 0 13 0 2 8 3 0 1 0 0 0 0 0 0 0 0 0 0 0 0 0 50 0 0 0 0 15 0 17 0 0 0 1 0 0 1 0 
 0 0 2 0 0 2 0 0 2 2 0 1 6 0 0 0 0 0 0 0 35 60 135 275 190 181 27 57 104 172 0 265 252 136 57 109 188 197 39 272 3 0 3 4 0 0 30 0 3 0 2 1 74 0 5 0 0 0 23 1 7 0 7 0 2 3 3 2 2 0 0 0 1 0 3 2 3 0 0 0 0 0 0 0 0 0 0 0 0 0 0 0 0 0 0 0 0 0 0 0 0 0 11 19 19 0 0 0 0 12 0 10 0 0 0 0 0 21 0 0 0 8 0 0 0 0 19 18 16 0 1 0 1 13 0 10 0 0 9 23 0 0 3 0 0 4 0 0 0 0 0 0 0 0 0 0 0 0 0 0 0 0 0 0 0 0 0 4 0 0 0 0 0 0 0 1 0 0 0 0 0 0 0 24 18 10 11 12 0 0 3 17 0 8 0 0 29 18 0 0 8 29 0 0 0 0 39 3 0 0 0 0 9 0 0 1 0 12 14 12 0 0 0 0 0 0 0 0 0 0 0 0 0 0 0 0 0 0 0 0 0 0 0 0 0 0 0 0 0 0 1 0 0 0 8 0 2 4 150 0 8 12 0 2 0 0 0 0 0 0 0 0 0 0 0 0 0 0 0 13 0 9 0 0 0 1 0 0 0 16 
 2 0 0 0 1 0 3 0 0 1 0 3 0 0 1 0 0 0 3 0 245 342 273 287 226 72 31 64 47 145 265 0 88 40 62 46 82 171 54 267 66 1 3 0 0 0 62 28 10 0 2 0 182 63 8 76 8 0 1 24 6 0 0 0 2 2 3 2 3 5 0 0 9 0 3 0 3 0 0 0 0 0 0 0 1 0 0 0 0 0 0 0 0 0 0 0 2 0 0 0 0 0 1 4 16 18 0 0 10 0 0 49 0 0 0 24 0 0 0 0 11 10 9 26 0 0 4 36 16 1 0 0 11 6 10 15 1 17 19 6 0 0 0 0 0 0 0 0 0 0 0 0 0 2 0 0 0 0 0 0 0 0 0 3 0 0 0 0 0 0 0 0 0 0 0 0 0 0 0 2 0 0 0 8 10 38 0 0 0 0 2 1 0 8 0 13 12 17 0 0 4 68 19 0 0 0 0 7 0 0 0 0 26 22 22 0 26 1 21 30 0 0 0 0 0 0 0 0 0 0 0 0 0 0 1 0 0 0 1 0 0 0 0 0 0 0 0 0 0 0 0 0 0 0 7 0 1 115 1 2 7 0 0 0 0 0 14 0 0 0 0 0 0 0 0 0 0 0 0 0 0 12 0 0 0 14 2 0 0 0 
 0 0 0 0 75 186 0 0 2 0 4 1 2 0 0 1 0 0 0 0 212 83 60 265 339 56 206 310 97 96 252 88 0 382 193 189 110 123 81 248 2 4 3 0 0 2 1 0 3 0 2 1 2 0 2 0 0 8 0 0 0 0 1 0 2 3 5 2 0 0 0 0 0 1 3 0 3 67 0 0 0 0 0 0 13 13 0 0 0 1 0 0 0 7 0 0 0 0 0 0 20 20 16 2 0 10 18 16 29 38 38 0 33 5 19 0 20 21 26 18 0 0 0 21 0 0 11 0 0 1 0 0 12 0 0 0 0 0 0 0 6 0 0 0 0 0 0 0 0 0 0 1 0 0 0 0 0 3 0 0 0 0 0 11 1 31 0 0 5 0 0 35 0 0 0 0 0 0 0 0 1 8 32 23 14 0 0 22 46 2 15 2 4 0 29 14 1 7 0 29 0 0 0 0 0 0 0 0 0 0 0 0 0 0 0 0 0 0 0 0 0 0 0 0 0 0 0 0 0 0 0 0 0 0 0 0 0 0 0 0 0 0 10 0 0 0 78 0 0 0 0 0 0 0 2 2 0 0 0 1 2 0 0 0 0 0 0 0 0 0 0 0 0 0 0 0 1 0 0 0 0 0 0 0 0 0 0 0 0 0 
 0 0 0 0 0 0 0 0 0 0 0 1 0 0 0 0 0 0 2 2 59 386 142 117 369 88 234 237 189 91 136 40 382 0 199 267 330 116 59 86 2 0 3 0 0 0 0 0 3 0 2 0 2 0 0 0 0 0 0 0 0 0 0 0 2 2 6 2 0 0 0 0 1 0 3 0 2 0 0 0 2 0 0 0 0 0 0 0 0 0 0 0 0 0 0 0 0 0 0 0 15 9 54 16 6 25 0 25 0 42 12 21 0 0 1 17 0 29 0 0 0 0 0 0 0 0 1 0 2 0 0 0 0 0 0 0 1 0 10 0 0 0 0 0 0 0 0 0 0 0 0 0 0 2 0 0 0 0 0 0 0 0 0 0 0 8 0 1 0 0 0 0 0 0 7 0 0 0 0 0 10 26 10 11 22 0 1 23 7 24 0 24 0 29 11 39 0 11 0 0 14 0 0 0 0 0 0 0 0 0 0 0 19 0 0 0 0 0 0 10 0 0 0 0 0 0 0 0 0 0 0 0 0 0 9 0 0 0 0 0 0 0 1 0 0 0 0 0 0 0 0 0 0 0 5 0 0 0 37 0 5 0 0 0 0 0 0 0 0 0 0 0 0 0 0 0 0 0 0 14 0 0 0 0 0 0 0 0 0 0 
 0 0 0 0 1 0 0 0 2 2 6 0 3 0 0 0 73 1 0 0 166 285 263 59 76 191 134 301 166 172 57 62 193 199 0 183 36 116 135 181 3 2 3 0 0 0 0 1 3 0 2 2 2 1 0 0 0 0 0 0 0 0 0 0 2 3 3 2 0 0 0 0 0 0 3 0 4 0 0 0 0 0 0 0 0 0 0 0 0 0 0 0 1 0 0 1 0 0 0 0 12 27 55 38 10 1 16 15 3 21 54 11 0 12 0 1 43 20 0 0 0 0 0 0 0 0 23 0 0 0 0 0 21 0 0 0 0 0 12 0 0 0 0 0 0 2 0 0 0 0 0 0 0 2 0 0 0 0 0 0 0 0 0 0 0 0 0 0 4 0 0 0 0 0 0 0 0 0 0 0 15 27 0 65 10 0 0 13 17 21 9 53 0 37 2 13 4 19 7 16 10 0 0 0 0 0 9 0 0 0 0 0 2 0 0 0 0 0 3 11 0 1 0 0 0 0 0 0 0 0 0 0 0 0 0 0 0 0 0 0 0 0 0 0 0 0 0 0 0 0 0 0 0 0 3 0 0 0 81 2 0 0 0 0 0 0 0 0 0 0 0 0 0 0 0 0 0 0 0 12 0 0 0 0 10 0 5 0 0 0 
 2 0 0 0 0 25 204 0 2 1 0 10 0 0 0 0 2 0 2 0 206 71 425 33 102 105 33 204 90 146 109 46 189 267 183 0 220 293 49 146 2 0 3 0 0 0 0 28 3 0 2 0 66 0 1 0 0 1 0 0 0 0 0 0 2 2 3 2 0 0 52 0 1 0 3 0 2 0 0 0 0 0 0 0 0 12 0 0 0 0 0 0 0 0 0 14 0 0 0 0 0 19 0 28 0 1 13 16 30 10 8 9 26 30 11 1 59 21 0 19 0 0 0 0 0 0 50 0 0 0 0 0 31 0 0 0 0 0 0 0 0 0 1 0 2 0 0 0 0 0 0 0 0 0 0 0 0 0 0 0 0 0 0 0 0 0 0 0 18 0 0 0 0 0 0 0 0 0 0 0 17 37 19 19 28 15 9 1 63 24 69 43 0 1 22 0 27 33 20 33 2 15 0 0 0 0 0 3 21 0 0 0 12 0 17 1 0 2 5 0 0 0 0 0 0 0 0 0 0 0 0 0 0 0 0 0 0 1 2 0 0 0 11 0 0 0 0 0 0 0 0 0 0 0 4 1 1 1 0 2 2 17 0 4 0 0 0 0 0 1 0 0 0 0 0 0 0 0 0 0 0 18 0 0 0 0 11 0 0 0 
 0 0 0 0 0 82 74 2 0 1 0 0 0 0 0 0 0 0 0 0 74 159 170 125 104 148 28 54 137 197 188 82 110 330 36 220 0 41 26 50 5 2 3 7 0 2 3 0 3 0 2 3 64 0 1 0 0 0 0 2 0 0 3 0 5 3 3 4 0 0 0 3 0 3 3 1 4 0 0 0 0 0 0 0 0 4 0 0 0 0 0 0 0 0 0 0 0 0 0 0 12 1 0 21 8 27 0 0 9 18 9 4 45 19 54 37 12 21 0 0 0 0 0 0 0 0 2 20 28 0 0 0 18 1 0 0 12 0 0 2 0 0 2 0 0 0 0 0 0 0 0 0 0 1 0 0 0 0 0 0 0 0 0 0 0 3 0 5 0 0 0 0 0 0 0 0 0 0 0 0 0 27 12 0 35 9 15 1 45 13 46 19 0 2 13 18 33 48 0 30 12 13 0 21 0 0 22 1 0 0 0 0 10 0 0 1 0 0 0 2 0 0 0 0 0 0 0 0 0 0 0 0 0 0 0 0 0 0 0 0 0 0 0 0 0 1 0 0 0 0 0 0 0 0 6 1 0 2 1 0 21 14 0 0 0 0 0 0 0 0 0 0 0 0 0 0 0 0 0 0 0 24 0 0 0 0 0 0 0 0 
 0 0 0 0 0 0 0 0 0 0 0 0 0 0 0 1 0 0 0 0 112 336 287 167 190 121 248 133 404 120 197 171 123 116 116 293 41 0 323 36 63 0 5 0 0 0 0 0 12 0 4 3 2 62 3 0 4 2 68 0 0 2 4 0 2 9 3 2 0 0 0 4 0 0 3 0 3 0 6 0 0 0 0 0 0 0 4 0 0 0 0 0 0 0 1 0 0 0 0 0 0 2 15 1 0 2 0 23 20 0 1 12 0 0 0 13 22 13 14 0 0 0 0 0 0 0 62 0 11 0 0 2 37 10 0 0 0 1 3 10 0 0 0 2 0 0 0 17 0 0 0 2 0 26 11 0 0 0 0 0 0 0 0 1 0 1 0 0 0 0 0 0 0 0 1 0 0 13 0 0 1 14 0 10 13 22 14 1 18 0 0 0 0 12 0 12 18 42 0 0 9 12 23 0 0 0 18 10 0 0 0 1 16 34 0 9 0 0 29 23 0 0 0 0 0 0 0 2 0 0 0 0 0 0 0 0 0 0 0 0 0 0 0 0 0 0 0 0 0 0 0 0 0 0 7 0 6 75 10 0 23 3 0 0 0 0 0 0 0 0 0 0 0 0 0 0 0 0 0 1 0 0 0 0 0 13 0 0 0 0 
 0 0 0 151 430 76 0 0 73 200 6 117 0 2 0 1 0 83 0 0 57 46 88 55 54 69 394 137 72 65 39 54 81 59 135 49 26 323 0 317 3 0 9 0 0 0 1 1 3 0 2 2 5 0 4 0 0 0 0 0 0 0 0 52 2 3 7 2 0 0 0 0 0 4 5 0 3 0 0 0 0 0 0 0 11 28 0 0 1 22 14 14 0 0 2 8 8 11 11 0 39 17 13 0 0 1 1 10 0 10 22 0 0 28 9 0 24 0 7 8 0 0 0 0 0 0 0 0 0 0 0 1 0 0 0 0 0 0 0 0 0 0 0 1 0 1 0 0 0 0 0 1 0 0 0 0 0 0 0 0 1 8 0 21 13 12 7 0 8 7 13 32 0 0 1 0 0 11 0 0 7 0 14 18 1 0 9 76 0 0 0 27 15 13 40 48 11 0 14 21 0 0 2 0 0 0 0 0 0 0 0 0 0 0 0 0 11 0 10 2 0 0 0 0 0 0 0 0 0 0 0 0 0 0 0 0 0 0 0 0 0 0 0 0 0 0 148 0 1 0 0 0 2 0 2 0 0 0 0 0 2 0 0 0 0 0 0 0 0 2 0 0 0 0 0 12 0 0 0 0 0 0 0 0 0 0 0 0 0 0 
 0 1 33 0 87 146 0 0 42 0 0 3 0 0 0 3 0 0 0 1 43 56 48 287 66 64 162 368 71 81 272 267 248 86 181 146 50 36 317 0 2 0 56 0 0 0 2 0 3 0 2 0 2 0 0 0 0 3 0 0 0 0 0 0 2 2 3 2 0 0 0 0 1 0 3 0 2 6 0 0 0 0 0 0 21 12 0 0 0 15 0 15 0 0 0 19 0 0 0 0 30 18 73 9 9 0 25 22 38 21 13 0 24 30 20 0 35 23 33 21 0 2 0 0 0 0 0 2 0 0 0 0 0 0 0 0 0 0 0 0 10 2 0 0 0 0 0 0 0 0 0 0 0 0 0 0 0 7 0 0 0 12 0 15 14 20 0 0 0 20 0 40 0 0 0 0 0 0 0 0 20 32 34 62 0 0 0 1 27 20 18 1 23 10 38 13 1 13 28 46 13 0 2 0 0 0 0 0 0 0 1 11 0 0 0 0 0 0 0 0 0 0 0 0 0 0 0 0 0 0 0 0 0 2 0 0 0 0 22 0 0 0 10 0 0 0 75 0 0 0 0 0 0 0 4 0 0 0 0 2 5 3 0 0 0 0 0 0 0 0 0 0 0 0 0 0 2 0 0 0 0 0 0 0 0 0 0 0 0 0 
 3 3 3 3 3 0 3 3 5 3 3 3 3 3 3 3 3 3 3 3 2 2 3 2 2 7 2 3 5 4 3 66 2 2 3 2 5 63 3 2 0 316 243 118 100 43 263 196 59 44 114 127 129 52 330 259 29 61 115 95 0 0 0 0 7 206 0 1 0 6 35 0 0 1 0 0 0 0 67 6 0 0 0 0 0 0 0 0 0 0 0 0 0 0 0 0 0 0 0 0 0 0 0 0 13 0 16 0 0 0 0 0 0 0 0 0 0 19 0 0 49 13 0 0 1 0 10 43 38 3 0 9 0 28 46 0 17 34 0 11 33 8 6 0 1 0 0 0 0 0 5 0 15 5 13 0 4 0 25 11 0 0 0 3 0 0 0 0 0 10 0 0 0 0 0 0 0 0 0 0 0 0 0 0 0 0 0 0 0 0 0 0 0 0 0 9 0 0 0 0 12 12 0 13 27 3 0 0 8 10 11 11 0 13 51 9 21 0 13 11 0 7 0 8 8 1 40 1 0 0 0 0 0 0 0 4 0 0 0 10 0 0 0 0 0 0 0 0 0 0 0 9 0 1 0 0 0 0 61 2 0 0 68 0 0 2 4 0 0 0 0 0 0 0 0 0 0 0 0 0 0 0 0 0 0 0 0 9 0 0 
 58 0 0 0 0 0 0 0 0 0 6 0 3 0 0 0 0 0 0 0 1 0 3 0 0 79 0 0 0 0 0 1 4 0 2 0 2 0 0 0 316 0 122 133 64 161 65 274 79 59 75 19 108 161 124 49 76 117 39 90 0 0 10 0 0 0 0 0 4 0 0 0 103 2 0 0 0 0 1 0 0 12 0 0 0 0 0 0 0 0 0 0 0 0 0 0 0 0 0 0 0 0 0 0 0 7 0 0 0 0 0 0 0 0 0 0 0 0 0 0 0 0 0 6 23 0 6 0 11 12 0 9 0 21 0 8 30 0 0 1 2 20 0 0 0 4 20 3 0 6 3 0 0 8 0 0 0 12 11 12 0 0 0 0 0 0 0 0 0 0 0 14 0 6 0 0 6 0 0 0 0 0 0 0 0 6 0 0 5 7 0 0 0 0 0 0 0 0 0 0 0 27 9 14 1 8 24 0 35 19 35 0 0 10 0 6 0 26 14 26 0 0 0 0 0 0 0 0 0 0 3 0 19 0 0 19 0 11 0 0 0 0 7 0 0 0 0 0 0 0 0 0 0 0 0 0 0 0 0 0 0 0 1 0 67 34 0 0 0 0 8 0 0 0 0 7 0 0 0 0 0 0 0 0 0 12 0 0 1 0 
 2 3 3 3 2 3 2 3 6 1 3 9 3 5 2 3 3 3 2 3 3 3 6 3 3 3 3 3 6 3 3 3 3 3 3 3 3 5 9 56 243 122 0 465 120 641 352 247 313 179 313 55 125 36 103 43 300 100 184 64 0 2 0 14 7 15 4 0 0 0 1 6 0 0 5 0 0 0 6 9 0 0 0 0 0 0 0 0 0 0 0 0 0 0 0 0 0 0 0 0 0 0 0 0 0 0 0 0 0 0 0 0 0 0 0 0 0 0 0 0 15 11 9 29 1 0 0 25 40 0 20 0 12 30 31 0 32 37 20 1 53 19 7 0 0 0 0 0 0 0 0 0 6 8 3 0 0 0 0 1 0 0 0 0 0 0 0 0 0 0 0 0 0 0 0 0 0 0 0 0 0 0 0 0 0 12 0 0 0 0 0 0 0 0 0 0 0 0 0 0 14 0 0 0 18 0 0 0 13 34 0 22 10 39 39 27 9 8 0 0 0 0 0 0 0 0 0 0 0 0 0 0 1 0 0 0 0 0 0 0 0 0 0 0 0 0 0 1 0 0 0 1 0 0 0 0 0 1 0 1 0 1 70 0 0 0 0 0 2 0 0 0 0 0 0 0 0 0 0 0 0 0 0 0 0 12 0 13 2 0 
 0 0 0 27 0 34 0 0 0 0 0 3 0 0 0 12 0 0 0 0 121 3 0 0 0 0 0 0 0 37 4 0 0 0 0 0 7 0 0 0 118 133 465 0 150 323 91 160 159 122 340 250 67 75 127 143 123 47 183 279 0 45 0 9 0 0 0 12 0 0 13 1 53 0 0 0 0 0 0 0 0 0 0 0 0 0 0 0 0 0 0 0 0 0 0 0 0 0 0 0 0 0 0 0 0 0 0 0 0 4 0 0 5 0 0 0 0 0 0 0 9 0 0 7 42 2 0 11 28 1 0 9 0 0 1 0 15 4 0 0 0 21 9 0 0 0 22 1 0 0 0 0 13 25 4 0 20 0 18 7 0 0 0 0 0 0 0 0 0 0 0 0 2 10 1 0 1 0 0 0 0 0 0 0 0 0 11 18 0 0 8 0 0 6 0 0 0 17 0 0 17 0 2 10 11 10 0 0 36 37 8 0 2 1 1 0 12 34 0 0 14 0 0 0 0 0 1 2 3 0 0 0 21 0 18 20 0 0 15 21 0 0 0 0 0 0 0 0 1 0 0 8 0 0 0 0 0 0 1 0 0 0 35 0 83 27 0 40 0 0 10 0 0 0 0 0 0 0 0 0 0 8 0 0 0 0 0 0 19 0 
 0 0 4 0 0 0 0 0 0 0 0 0 0 0 0 0 0 0 2 3 0 0 0 0 0 0 0 3 0 0 0 0 0 0 0 0 0 0 0 0 100 64 120 150 0 187 257 395 90 355 134 148 50 59 149 579 70 34 85 93 0 0 0 7 0 0 73 5 0 0 49 0 53 0 59 0 0 2 1 73 0 0 0 0 0 0 0 0 0 0 0 0 0 0 0 0 0 0 0 0 0 0 0 0 0 0 0 0 0 0 0 0 0 0 0 0 0 0 0 0 7 1 0 8 13 0 0 11 12 0 0 9 0 0 1 22 14 7 0 0 16 0 12 0 0 1 27 0 8 1 0 0 5 24 4 0 10 16 11 28 0 0 0 0 0 0 0 0 0 0 0 0 0 0 8 0 0 0 0 0 0 0 0 0 0 0 0 0 0 0 0 0 0 0 0 0 0 0 0 5 12 0 0 14 21 19 0 0 21 8 15 0 0 0 0 0 14 6 1 0 0 7 0 12 0 0 19 11 0 0 0 0 36 13 0 0 25 0 7 28 0 0 0 0 0 0 0 0 0 0 0 1 0 0 0 0 0 0 0 4 0 0 37 0 63 0 0 4 2 2 10 0 0 0 0 0 0 0 0 0 0 0 0 0 0 0 0 10 2 0 
 0 0 0 0 0 0 0 0 0 0 0 0 0 0 0 0 0 0 1 0 0 2 2 0 0 0 0 0 0 31 0 0 2 0 0 0 2 0 0 0 43 161 641 323 187 0 50 37 320 53 158 203 11 36 54 100 149 57 63 265 60 0 0 0 2 6 25 0 0 0 0 6 24 0 0 0 2 0 14 49 0 0 0 0 0 0 0 0 0 0 0 0 0 0 0 0 0 0 0 0 0 0 0 0 0 0 0 0 0 0 0 0 0 0 0 0 0 0 0 0 1 0 27 16 24 13 0 0 0 0 19 11 0 3 0 0 17 10 0 0 38 0 0 0 0 0 10 0 0 0 0 0 11 9 0 0 0 1 27 35 0 0 20 0 0 0 0 0 0 0 0 0 0 0 2 0 6 0 0 0 0 0 0 0 0 0 0 0 0 0 0 0 0 0 0 0 0 0 0 0 0 0 12 0 19 24 0 0 19 13 14 33 0 0 26 18 0 12 0 0 0 15 0 0 1 0 9 0 0 0 0 0 0 0 0 10 0 0 8 21 0 0 0 0 0 0 0 0 0 0 0 3 0 0 0 0 0 0 0 0 0 0 1 0 0 2 1 0 0 0 0 0 0 0 0 0 0 0 0 0 0 0 0 0 12 0 0 34 0 0 
 0 0 3 64 2 1 0 4 13 1 89 70 2 75 0 27 0 0 38 0 2 3 8 0 0 0 1 0 0 2 30 62 1 0 0 0 3 0 1 2 263 65 352 91 257 50 0 165 136 55 479 45 184 52 65 693 34 43 109 87 3 0 0 0 0 0 0 0 22 7 0 0 0 0 0 0 0 0 0 0 0 18 15 10 0 0 0 21 14 0 0 9 0 0 6 14 6 18 0 0 0 0 0 2 31 0 12 0 0 0 0 0 0 0 0 4 0 0 0 18 26 19 15 20 0 0 0 21 40 0 0 11 0 7 14 21 25 0 11 0 0 0 0 0 0 0 0 0 0 0 0 0 1 0 0 19 0 0 0 0 11 0 21 6 9 4 0 0 14 0 0 0 0 0 6 12 0 6 0 10 11 0 0 6 0 5 0 0 0 0 0 0 21 0 0 0 0 0 6 0 0 17 0 0 0 0 0 4 10 0 0 1 0 26 22 15 2 17 0 0 0 0 21 0 0 0 0 0 0 0 0 0 0 0 0 0 0 0 0 4 0 6 1 0 0 0 2 0 0 0 0 8 0 2 0 0 0 0 0 1 0 0 2 0 2 3 1 0 0 0 0 0 0 0 0 0 0 12 0 0 0 0 0 0 6 0 0 0 0 0 
 0 0 0 0 0 0 0 0 2 0 0 0 0 0 0 0 0 3 0 0 3 1 2 0 0 27 2 1 0 2 0 28 0 0 1 28 0 0 1 0 196 274 247 160 395 37 165 0 175 144 312 28 157 122 372 115 128 54 258 53 0 3 4 0 0 0 0 3 54 0 0 3 10 0 1 0 0 0 3 50 0 0 0 0 0 0 0 0 0 0 0 0 12 0 0 0 0 0 0 0 0 0 0 0 10 5 0 0 0 0 0 0 0 16 0 0 0 0 0 0 49 0 3 18 15 0 27 18 30 5 0 30 0 19 11 0 7 15 0 21 9 0 0 0 0 0 13 0 0 0 0 0 14 29 3 0 0 0 0 10 0 0 0 5 0 0 0 0 0 0 0 0 0 0 0 0 0 0 0 0 0 0 0 0 0 29 0 0 0 0 0 0 0 0 0 0 0 0 0 0 11 0 0 19 30 0 30 0 30 10 32 11 0 15 19 0 32 10 0 4 0 0 0 0 0 0 0 0 0 0 0 0 0 0 0 0 0 0 0 0 0 0 2 0 0 0 0 0 0 0 0 9 0 0 0 0 0 0 0 0 0 0 36 3 1 2 2 0 0 0 10 0 0 0 0 0 0 0 0 0 0 0 5 0 8 0 0 9 2 0 
 0 0 0 0 0 0 63 0 0 0 0 0 0 0 0 0 0 0 0 2 3 3 3 12 3 108 3 33 4 3 3 10 3 3 3 3 3 12 3 3 59 79 313 159 90 320 136 175 0 165 264 51 132 244 127 369 213 141 158 150 1 7 0 7 0 0 0 0 0 1 0 0 102 0 3 0 0 0 0 2 11 0 0 0 0 0 0 0 0 0 0 0 0 0 0 0 0 0 0 0 0 0 0 0 0 0 0 0 0 0 0 0 0 0 0 0 0 0 0 0 10 0 0 2 22 0 1 9 19 8 10 39 2 0 19 0 1 0 4 6 0 19 0 0 0 0 0 0 0 0 0 0 6 0 0 0 0 0 0 1 0 0 0 0 0 4 0 0 0 0 0 0 0 17 0 0 5 0 0 0 0 0 1 0 0 30 0 0 0 0 0 0 0 0 0 0 0 0 0 0 0 15 17 38 17 0 18 28 40 2 0 0 0 10 10 0 16 9 0 12 3 0 0 0 0 0 0 0 0 0 0 0 3 0 0 41 0 0 0 22 0 0 6 0 0 0 0 0 0 0 0 4 0 2 0 0 0 0 0 0 0 0 1 0 0 22 2 0 0 0 17 0 0 0 0 0 0 0 0 0 0 0 0 17 3 0 0 1 0 0 
 0 0 0 0 0 0 0 1 0 0 0 0 0 0 0 0 0 0 2 0 0 3 5 0 0 13 3 0 2 0 0 0 0 0 0 0 0 0 0 0 44 59 179 122 355 53 55 144 165 0 190 130 66 70 249 358 429 103 125 115 0 8 0 5 8 4 3 0 0 0 3 0 50 0 3 1 6 3 17 0 0 0 0 0 0 0 0 0 0 0 0 0 0 13 0 0 0 0 0 0 0 0 0 0 0 0 0 0 7 0 0 0 0 0 0 0 0 0 0 0 15 8 0 14 11 0 0 0 0 9 9 18 0 8 10 12 8 24 0 10 0 10 0 4 0 9 0 15 0 0 0 14 15 0 11 12 0 0 9 0 0 0 0 0 0 0 0 0 0 0 0 12 31 0 0 17 0 0 0 0 0 0 0 0 0 0 0 0 0 0 0 0 0 0 0 0 0 0 0 0 9 0 5 85 9 6 1 10 6 33 20 10 0 23 18 9 25 12 0 2 24 8 24 0 0 1 9 0 0 0 0 16 22 11 13 0 4 0 16 0 0 0 0 0 0 0 0 0 0 0 0 14 0 0 0 0 0 0 0 25 0 0 64 64 64 0 4 0 0 0 11 0 0 0 0 0 0 0 0 0 0 0 0 0 0 14 0 0 1 21 
 0 56 0 0 0 0 0 0 3 0 6 2 3 0 0 0 0 0 0 3 120 5 8 2 2 2 2 2 2 5 2 2 2 2 2 2 2 4 2 2 114 75 313 340 134 158 479 312 264 190 0 78 234 376 185 417 123 44 307 328 0 0 0 21 0 0 0 0 0 0 0 0 96 0 0 0 0 0 17 0 0 0 0 0 0 0 0 0 0 0 0 0 0 0 0 0 0 0 0 0 0 0 0 0 0 7 0 0 0 0 0 9 0 0 0 0 0 0 1 0 18 22 0 10 24 12 0 21 17 11 0 0 0 0 24 14 21 10 0 10 10 0 0 0 0 0 13 0 0 0 0 0 11 16 10 7 0 0 20 12 0 0 0 0 0 0 0 0 0 0 0 0 5 0 0 0 0 7 0 0 0 0 0 0 0 0 0 0 0 0 0 0 0 0 0 0 3 0 8 0 0 14 9 24 9 15 0 6 0 4 42 17 0 10 14 0 0 14 0 0 1 0 0 0 0 0 0 0 0 0 0 0 12 0 1 0 0 0 25 0 0 0 0 0 0 0 0 0 0 0 0 3 0 0 0 0 0 0 0 25 0 0 1 34 104 3 4 15 0 0 1 0 0 0 0 0 0 0 0 0 0 0 0 0 0 14 0 0 4 0 
 0 0 2 0 0 0 0 0 0 0 0 0 0 87 0 0 0 0 1 0 8 1 7 0 1 2 1 4 1 3 1 0 1 0 2 0 3 3 2 0 127 19 55 250 148 203 45 28 51 130 78 0 31 243 247 38 99 52 99 43 50 0 0 0 7 9 82 6 0 4 0 0 0 4 0 3 1 3 23 77 0 0 0 0 0 0 0 0 0 0 0 0 0 0 0 0 0 0 0 0 0 0 0 0 0 0 0 0 0 0 0 0 0 0 0 0 0 0 0 0 0 12 0 3 0 18 0 0 0 0 29 0 0 0 9 0 7 18 0 0 7 16 11 0 5 0 0 13 0 21 0 0 0 20 3 7 0 0 24 6 0 0 0 0 1 0 0 0 0 1 0 0 0 0 0 0 0 0 0 0 0 0 0 0 0 0 0 0 0 0 0 0 0 0 0 0 0 0 0 0 0 0 0 0 0 15 0 0 0 10 0 24 0 19 19 20 0 0 15 0 0 33 8 2 5 5 26 32 0 0 0 0 13 0 0 3 10 0 39 8 0 0 0 0 0 0 0 0 0 0 0 8 0 0 0 0 0 0 0 0 0 0 14 1 1 0 4 3 0 0 0 0 0 0 0 0 0 0 0 0 0 0 0 0 0 0 0 0 1 0 
 0 0 0 0 0 0 0 0 2 0 0 0 0 0 0 0 0 0 0 0 2 2 64 131 67 3 2 2 64 59 74 182 2 2 2 66 64 2 5 2 129 108 125 67 50 11 184 157 132 66 234 31 0 332 32 108 81 242 165 94 0 2 0 1 0 0 0 4 0 6 0 0 0 2 0 3 1 4 0 10 0 0 0 0 0 0 0 0 0 0 0 0 0 0 0 0 0 0 0 0 0 0 0 8 26 5 0 0 1 0 0 27 0 0 0 0 0 0 0 0 18 20 27 21 0 0 9 32 10 17 0 0 19 0 14 21 17 0 27 15 5 3 1 0 3 3 0 1 0 0 0 0 0 0 3 0 0 0 0 7 0 0 0 8 0 0 0 0 0 0 0 0 0 0 0 0 0 0 0 0 0 0 0 13 22 45 0 0 0 0 7 3 0 3 0 0 10 1 0 0 0 13 13 0 0 0 1 12 13 0 0 0 33 32 29 15 13 14 0 61 0 6 0 1 22 4 7 3 0 0 0 8 0 0 0 0 37 0 0 0 0 0 0 0 0 0 2 0 0 0 0 0 0 12 0 0 0 65 0 2 1 0 0 0 0 2 4 0 0 0 0 0 0 0 0 0 0 0 0 0 0 19 0 0 0 16 0 0 0 0 
 0 84 0 0 0 0 0 0 0 0 0 0 0 0 0 0 0 0 0 0 0 0 61 62 53 121 0 0 5 0 0 63 0 0 1 0 0 62 0 0 52 161 36 75 59 36 52 122 244 70 376 243 332 0 559 97 193 56 186 178 0 0 0 0 0 0 0 0 0 0 0 0 0 0 0 0 2 5 0 0 0 0 0 0 0 0 0 0 0 0 0 0 11 0 0 0 0 0 0 0 0 0 0 0 0 23 0 0 0 0 3 10 0 0 0 0 0 0 0 0 22 26 0 0 17 0 12 0 1 39 0 0 23 9 15 25 13 15 1 24 0 0 0 0 0 16 0 0 0 0 0 0 10 0 11 0 0 0 0 0 0 0 0 0 0 0 0 0 0 0 0 0 4 0 0 0 0 0 0 8 0 0 0 73 0 32 0 0 0 0 0 0 0 14 0 0 15 0 0 0 0 1 17 26 10 0 37 10 23 11 31 9 4 23 11 11 10 0 10 14 9 0 0 0 0 0 0 0 0 0 0 0 0 0 9 0 0 0 0 0 0 0 8 0 0 0 0 0 0 0 0 2 0 1 0 0 0 22 0 22 0 0 2 67 0 1 0 0 0 0 0 0 50 0 0 0 0 0 0 0 0 0 0 0 0 6 0 0 0 0 
 3 3 3 2 3 0 3 3 3 3 3 3 3 3 3 5 3 3 3 3 0 0 0 10 0 133 0 0 11 0 5 8 2 0 0 1 1 3 4 0 330 124 103 127 149 54 65 372 127 249 185 247 32 559 0 392 54 107 97 195 0 0 0 0 10 0 0 0 0 0 0 0 0 0 0 0 0 0 0 0 0 0 0 0 0 0 0 0 0 0 0 0 0 0 0 0 0 0 0 0 0 0 0 1 0 7 0 0 0 0 0 0 0 0 0 0 0 0 0 0 7 7 0 6 11 14 8 0 0 23 0 0 16 8 7 16 23 66 2 37 10 9 1 0 0 3 11 0 0 0 0 0 10 13 15 0 0 0 0 34 0 0 0 0 0 0 0 0 0 0 0 0 1 0 0 0 0 0 0 0 0 0 0 1 0 11 0 0 0 0 1 0 0 0 0 0 0 0 0 0 0 21 3 17 32 0 19 22 1 17 31 17 3 27 2 14 14 16 11 16 0 0 0 0 0 0 0 0 0 0 0 0 0 0 0 1 0 0 0 0 0 0 16 0 0 0 0 0 0 0 0 3 0 2 0 0 0 1 0 47 0 0 2 11 3 2 2 0 2 0 0 0 0 0 0 0 0 0 0 0 0 0 0 0 0 0 0 9 0 0 
 0 0 0 0 0 0 0 0 1 0 6 0 3 0 0 0 0 0 0 62 1 2 8 0 0 0 0 0 0 2 0 76 0 0 0 0 0 0 0 0 259 49 43 143 579 100 693 115 369 358 417 38 108 97 392 0 154 119 283 101 0 0 6 0 0 0 4 0 2 2 1 2 0 0 0 0 1 0 0 0 0 0 0 0 0 0 0 0 0 0 0 0 0 0 0 0 0 0 0 0 0 0 0 20 6 18 0 0 0 0 0 18 0 2 0 0 0 0 0 0 3 24 11 29 18 2 7 0 0 16 1 17 0 0 0 24 0 30 1 9 8 0 0 0 0 0 0 0 0 6 7 0 33 13 21 1 1 7 19 8 0 0 0 0 0 0 0 0 0 0 0 0 3 0 0 0 0 0 0 0 0 0 0 1 3 0 0 0 0 0 0 13 0 0 0 0 0 0 0 0 10 7 17 38 0 11 1 19 15 20 14 13 0 0 0 0 27 0 0 0 43 11 0 0 0 0 0 0 8 0 6 0 16 0 9 1 0 8 3 0 0 0 0 0 0 0 0 0 0 0 0 11 0 2 0 0 0 0 0 12 0 0 63 65 0 4 3 0 0 0 9 0 0 0 0 4 0 0 0 0 0 0 0 0 0 13 0 0 1 1 
 3 3 3 3 3 0 3 68 3 3 35 3 3 3 3 3 3 3 3 4 0 0 0 8 0 63 3 0 8 0 0 8 0 0 0 0 0 4 0 0 29 76 300 123 70 149 34 128 213 429 123 99 81 193 54 154 0 137 60 481 52 0 0 0 6 0 50 0 0 2 0 6 50 0 0 0 0 0 3 51 0 0 0 0 0 0 0 0 0 0 0 0 0 0 0 0 0 0 0 0 0 0 0 7 1 0 0 0 1 0 1 0 0 3 0 0 0 0 0 0 8 8 5 0 30 0 1 0 16 15 8 0 3 0 6 11 0 0 0 13 0 9 0 0 0 0 0 0 0 0 0 0 12 0 0 0 0 0 0 0 0 0 0 0 0 0 0 0 0 0 0 3 1 3 0 0 0 0 0 0 0 0 0 2 0 12 0 0 0 0 0 0 0 0 0 0 0 0 0 0 0 28 22 13 0 0 32 20 18 6 0 18 0 13 11 0 1 8 0 15 7 20 1 0 0 0 2 18 0 0 0 0 0 0 5 20 0 0 15 2 0 0 7 0 0 0 0 0 0 0 0 0 0 0 0 0 0 0 0 4 0 0 0 1 0 13 2 0 2 0 1 0 0 0 0 0 0 0 0 0 0 0 0 0 28 14 0 0 2 0 
 0 0 1 0 4 5 0 0 0 0 0 0 0 0 4 0 0 0 0 0 0 0 2 0 0 27 3 6 0 0 0 0 8 0 0 1 0 2 0 3 61 117 100 47 34 57 43 54 141 103 44 52 242 56 107 119 137 0 41 96 0 0 0 0 4 0 0 0 0 0 0 0 100 2 0 0 0 1 16 0 0 0 0 0 8 0 0 0 0 0 0 0 0 0 0 0 0 0 0 0 5 0 7 0 0 0 9 7 8 0 0 0 0 0 4 0 22 0 7 7 16 0 10 22 25 14 0 0 0 39 20 11 13 6 0 0 10 3 6 34 0 0 0 0 0 0 0 8 0 0 0 0 4 0 1 7 0 0 14 0 0 0 0 6 0 0 0 0 0 0 0 38 0 0 0 0 0 0 0 0 0 1 12 8 0 46 0 0 4 1 0 0 0 0 10 7 0 0 0 0 1 10 0 33 13 7 13 7 21 8 15 1 11 1 1 14 31 18 0 3 11 11 7 0 0 0 11 0 0 0 0 0 32 21 0 27 16 0 0 0 0 0 19 0 0 0 30 0 0 0 0 12 0 0 0 0 0 0 0 0 0 15 1 0 65 0 0 0 0 0 29 0 0 0 0 0 0 0 0 0 0 0 0 0 0 0 0 0 0 0 
 0 0 0 0 0 0 0 0 2 0 0 0 0 0 0 0 0 0 0 0 0 3 1 1 1 3 1 0 0 2 23 1 0 0 0 0 0 68 0 0 115 39 184 183 85 63 109 258 158 125 307 99 165 186 97 283 60 41 0 229 1 2 0 2 0 26 0 0 3 0 0 0 23 0 0 0 0 52 5 0 0 0 0 0 0 0 0 0 0 0 0 0 0 0 5 0 0 0 0 0 0 0 0 0 15 12 0 0 0 0 0 0 0 0 0 0 0 0 0 0 7 12 10 0 0 17 0 45 24 1 0 0 27 0 16 9 20 3 18 10 0 0 0 0 0 1 0 0 0 0 0 0 0 0 1 8 0 0 0 0 0 0 0 0 6 0 0 0 0 0 0 0 0 0 0 0 0 9 0 0 0 0 0 0 0 0 0 0 0 0 0 0 0 0 0 0 0 0 0 14 0 37 0 0 16 0 1 9 0 0 27 0 11 19 22 20 1 20 0 0 0 0 0 0 0 0 0 0 0 0 0 0 0 0 0 0 0 0 0 1 0 0 0 0 0 0 0 0 0 0 0 6 0 0 0 0 0 2 0 1 0 0 2 1 0 2 3 0 0 0 0 0 0 0 0 0 0 0 0 0 0 0 0 0 7 0 0 0 1 11 
 0 0 3 0 0 0 0 0 2 0 0 0 0 0 0 0 0 0 2 25 0 67 22 23 0 30 0 62 0 2 1 24 0 0 0 0 2 0 0 0 95 90 64 279 93 265 87 53 150 115 328 43 94 178 195 101 481 96 229 0 7 0 0 0 1 3 0 0 2 5 0 0 5 2 0 0 0 0 0 0 0 0 0 0 0 0 0 0 0 0 0 0 0 0 0 0 0 0 0 0 0 0 0 2 0 6 0 0 0 0 0 1 0 0 0 12 0 0 0 0 0 2 3 0 0 6 7 9 0 19 0 0 11 0 26 23 28 12 0 19 0 0 0 0 0 5 0 0 0 0 0 0 1 0 20 0 0 0 0 0 0 0 0 0 0 0 0 0 0 0 0 0 0 0 0 0 0 0 0 0 0 0 0 0 0 0 0 0 0 0 27 3 0 0 0 0 0 0 0 0 0 12 0 0 1 0 8 19 0 0 31 1 12 17 23 13 0 11 6 0 0 0 0 0 0 0 0 0 0 0 0 0 0 0 0 0 0 0 0 2 0 0 0 0 0 0 0 0 0 0 0 3 0 2 0 0 0 32 0 12 0 0 0 67 2 2 13 0 0 0 0 0 0 54 0 0 0 0 0 0 0 0 0 0 12 0 0 0 0 0 
 0 0 0 0 0 0 0 0 0 1 0 0 0 0 0 0 0 0 0 0 0 4 15 20 23 0 0 0 0 0 7 6 0 0 0 0 0 0 0 0 0 0 0 0 0 60 3 0 1 0 0 50 0 0 0 0 52 0 1 7 0 72 133 156 31 249 99 62 57 104 251 31 59 115 120 34 80 31 27 118 0 0 0 2 0 0 0 0 0 0 0 0 0 0 0 0 0 0 15 0 0 0 0 8 1 0 0 0 0 0 7 0 0 0 0 0 0 0 0 0 0 6 15 15 0 22 0 9 18 0 9 0 0 0 0 5 0 11 4 0 0 0 0 0 11 19 13 0 22 0 0 44 9 0 0 7 18 0 7 0 9 0 0 0 2 0 0 0 0 4 0 11 0 0 0 0 0 0 0 0 0 0 0 0 0 0 0 0 0 0 5 5 0 0 0 0 0 0 0 0 1 0 10 1 1 0 0 5 0 1 0 11 1 0 0 0 0 4 0 0 9 22 0 8 9 0 6 0 19 21 0 0 1 2 9 8 0 0 14 23 0 0 11 0 0 0 0 0 0 1 0 0 0 5 0 0 0 3 0 0 0 0 0 0 0 0 0 0 0 0 0 2 0 16 0 0 0 0 0 0 0 0 0 0 18 0 0 0 0 0 
