 0 89 92 69 473 39 334 35 33 373 167 251 153 54 42 53 39 122 45 36 0 0 0 0 4 0 0 0 3 76 0 0 2 0 29 0 5 6 74 0 0 3 0 3 0 0 0 2 0 2 3 5 0 0 0 0 0 0 0 0 0 3 0 0 0 0 1 0 0 3 0 0 0 3 0 0 0 0 17 54 48 2 0 1 32 1 14 51 37 12 13 23 0 30 7 18 44 20 0 33 0 0 0 0 0 0 2 0 0 0 0 0 0 0 0 0 0 0 0 6 0 0 0 1 0 0 0 0 0 0 0 0 0 0 1 0 0 0 0 0 10 0 0 0 0 0 0 0 0 0 0 0 0 1 0 0 0 0 0 0 9 25 0 0 1 0 0 19 19 11 44 22 10 33 50 18 0 4 0 20 0 0 0 0 0 0 0 2 0 0 0 0 0 0 0 0 0 0 13 0 0 0 0 0 0 0 0 0 0 0 0 0 0 0 0 0 0 0 0 0 10 0 0 0 0 0 0 0 0 0 0 0 0 0 0 0 0 0 0 0 0 20 0 0 0 0 88 0 1 43 0 100 0 0 0 0 0 0 0 0 0 0 0 0 0 0 0 0 0 0 0 0 0 2 0 0 0 0 0 0 0 0 0 0 0 0 0 0 0 0 
 89 0 256 291 109 55 163 120 261 25 87 261 167 193 344 300 233 325 41 145 0 2 0 0 1 2 75 0 3 2 2 0 2 0 1 0 0 4 0 2 0 3 0 2 7 0 2 7 2 5 8 0 4 0 3 2 0 0 0 6 9 0 2 1 3 9 5 0 1 7 6 3 0 3 2 53 6 4 10 4 0 16 31 2 2 0 22 11 0 14 29 4 16 12 10 41 31 0 0 0 0 0 0 0 0 0 0 0 0 0 0 0 16 0 0 0 0 11 20 1 0 0 10 0 0 0 0 0 0 0 0 0 0 0 0 0 0 0 0 0 0 0 0 0 0 0 15 0 0 0 0 0 0 0 0 0 0 0 0 0 4 15 0 21 10 0 0 21 2 0 4 15 30 0 0 57 19 8 2 5 0 0 0 0 0 0 0 0 0 0 38 0 0 14 0 0 0 0 12 15 0 0 0 0 0 0 0 0 0 0 0 0 8 0 0 0 0 0 0 0 0 0 0 0 0 0 0 0 0 0 0 0 0 0 0 0 0 0 0 0 0 0 0 0 0 2 0 2 0 0 2 12 9 0 0 0 2 0 0 1 0 0 0 0 0 0 0 0 0 0 0 0 0 1 0 17 0 0 0 0 0 0 0 0 0 0 0 0 0 0 
 92 256 0 175 157 257 181 156 160 47 150 122 267 187 477 280 206 197 32 285 0 0 1 2 2 0 35 0 3 5 0 0 76 0 0 2 1 2 74 20 0 3 0 2 4 2 2 2 0 3 11 0 4 0 0 1 4 0 5 0 0 3 0 0 4 6 0 0 1 2 0 4 30 3 0 44 0 4 3 3 8 3 27 38 0 15 0 12 1 27 0 2 7 29 2 20 17 0 28 1 0 0 0 0 0 0 15 0 43 0 0 0 10 2 0 0 0 0 12 1 0 0 1 11 0 0 0 0 0 0 0 0 0 0 0 0 0 5 0 0 0 0 0 0 0 0 18 0 0 0 0 0 0 0 0 45 0 0 0 0 0 34 30 46 21 0 25 19 10 0 1 35 38 17 18 22 32 3 15 17 0 0 0 0 0 0 16 0 0 0 0 0 10 0 8 0 0 0 16 0 0 0 0 0 0 0 0 0 2 0 0 0 0 0 0 0 0 0 0 0 0 0 0 0 0 0 0 1 0 0 18 0 0 0 26 0 0 0 0 0 0 0 0 0 0 1 1 2 2 7 0 11 0 0 0 0 0 0 0 0 1 0 0 0 0 0 0 0 0 0 0 0 0 0 0 8 2 13 0 0 0 0 0 0 0 0 0 0 0 0 
 69 291 175 0 187 56 293 151 101 319 39 372 70 294 197 39 191 118 113 60 0 0 0 1 2 1 0 3 0 0 2 0 0 77 25 0 0 0 1 48 0 0 0 0 0 0 0 0 0 0 7 0 0 0 0 0 0 0 0 0 0 2 0 0 0 0 0 0 0 0 51 1 0 51 1 51 0 0 0 0 11 15 0 1 35 9 0 0 9 14 16 12 8 0 1 5 92 29 0 12 0 0 0 0 0 0 0 0 9 0 1 0 1 8 13 0 14 0 14 26 2 0 0 0 0 0 0 0 0 0 0 0 0 0 2 0 0 2 0 3 7 0 0 2 0 0 2 0 0 0 0 0 0 0 0 0 2 1 0 0 0 0 8 0 27 26 0 0 0 46 26 13 0 20 12 18 0 29 0 0 37 0 10 17 0 0 36 13 0 0 0 0 13 4 0 0 0 0 8 1 0 0 0 0 0 0 0 0 0 0 0 0 0 0 1 0 0 0 0 0 0 0 0 0 0 14 0 6 0 0 0 0 0 0 1 0 0 0 0 0 0 0 0 0 0 2 91 0 0 0 12 13 0 0 0 0 0 0 0 0 0 0 1 0 0 0 0 0 0 0 3 0 0 0 0 0 13 0 0 0 0 0 0 0 0 0 0 0 0 0 
 473 109 157 187 0 142 150 163 303 231 59 445 273 54 140 69 41 372 142 64 0 73 77 0 1 0 0 151 3 2 0 0 0 83 75 0 0 3 0 149 0 3 0 64 0 0 0 2 0 2 0 0 0 0 0 0 0 0 0 0 0 0 0 0 0 0 1 0 0 3 0 0 0 3 0 0 0 0 3 3 11 0 18 11 26 18 0 14 0 14 18 8 0 10 20 24 28 42 0 11 27 20 0 0 16 0 0 0 12 0 0 0 54 0 10 0 10 0 4 25 0 0 0 0 0 0 10 0 0 0 0 0 0 0 0 0 0 0 0 0 6 0 0 0 0 0 0 0 0 0 0 0 0 0 0 0 0 0 0 0 0 0 0 11 9 14 0 0 19 0 42 9 5 19 13 18 0 16 0 0 16 14 12 8 24 0 11 15 0 0 0 0 0 28 0 0 6 12 39 18 0 0 14 0 0 0 0 0 0 0 0 0 0 0 0 0 3 0 0 0 0 0 0 0 0 0 0 0 0 0 0 0 4 0 0 0 0 0 0 0 0 0 0 0 0 6 91 0 0 0 2 5 0 2 0 0 0 0 0 0 0 0 11 0 0 0 0 0 0 0 0 0 0 0 0 0 0 0 0 0 0 0 0 0 0 0 0 0 0 0 
 39 55 257 56 142 0 71 50 79 115 67 151 28 68 63 78 31 110 242 265 35 149 74 0 2 0 22 146 76 147 0 0 74 238 369 185 92 3 75 1 0 3 0 1 0 0 0 6 0 2 0 1 5 0 2 3 0 0 34 0 0 3 0 0 0 0 0 0 0 3 0 0 0 3 0 0 0 6 3 3 0 0 1 0 0 29 0 0 0 0 0 0 0 0 0 0 0 0 0 0 43 37 20 0 15 0 8 0 15 1 14 20 18 0 16 17 29 1 12 40 0 0 0 0 0 0 0 0 0 0 0 0 0 0 0 0 0 1 0 0 11 0 0 0 0 0 1 0 1 0 0 0 0 0 0 0 0 0 0 0 0 0 2 0 0 15 0 0 0 0 0 0 2 0 0 0 0 0 0 0 7 17 13 18 0 0 30 40 0 52 10 0 9 47 0 14 19 17 0 41 0 0 1 0 0 0 0 0 0 0 0 0 0 0 0 0 0 0 0 0 0 0 0 0 0 0 0 0 0 0 0 0 0 0 0 0 0 0 0 0 0 0 0 0 0 8 0 0 1 2 0 11 1 0 0 0 0 0 0 0 0 0 0 0 0 0 0 0 0 0 0 0 0 0 0 0 0 0 0 0 0 9 0 0 0 0 0 0 0 0 
 334 163 181 293 150 71 0 296 84 133 122 125 310 160 44 255 124 85 118 129 0 0 0 0 2 0 2 0 3 3 0 2 0 0 0 1 3 2 2 3 0 3 0 0 0 0 0 2 70 2 0 0 0 0 0 0 1 4 0 0 0 2 0 0 0 5 0 0 3 0 0 0 0 3 0 5 0 0 3 3 0 18 15 40 26 0 43 49 0 0 0 30 0 24 48 37 14 17 29 14 0 0 0 0 0 0 0 0 0 0 0 0 0 0 0 0 0 0 14 0 0 0 0 0 0 0 1 0 0 0 0 0 0 0 0 0 0 0 0 0 0 0 0 0 1 0 0 0 0 0 0 0 0 0 1 0 0 0 0 0 9 10 12 0 10 0 12 20 10 29 0 0 0 42 23 19 14 22 51 1 0 2 0 0 0 0 0 0 0 0 0 0 0 0 0 0 0 0 14 0 0 0 0 0 0 0 0 0 0 0 0 0 0 0 0 0 0 0 0 0 0 3 0 0 0 0 0 0 0 0 0 2 0 1 0 0 0 0 0 0 0 0 0 0 0 0 47 0 0 0 0 4 0 0 0 0 0 0 0 0 0 0 0 0 0 0 0 0 0 0 0 0 0 0 0 0 0 0 0 0 0 0 0 0 0 0 0 0 0 0 
 35 120 156 151 163 50 296 0 82 197 33 36 258 204 588 243 228 211 125 90 0 0 0 0 3 0 0 0 3 2 0 0 0 0 0 1 1 3 0 52 63 3 62 0 0 0 0 2 0 2 4 0 0 2 0 0 0 0 0 0 0 3 0 0 0 0 0 0 0 3 0 0 0 3 0 46 0 0 3 3 4 40 20 56 9 0 17 17 9 42 22 23 10 19 21 14 39 26 29 0 0 0 0 0 0 0 0 0 0 0 0 0 1 0 0 0 0 0 45 0 0 0 0 22 0 0 15 0 0 0 0 0 0 0 0 0 0 0 0 0 0 0 0 0 0 0 0 0 0 0 0 0 0 0 0 0 0 0 0 0 3 2 0 35 9 0 8 0 0 14 0 0 13 17 0 1 15 11 10 1 0 0 0 0 0 0 0 0 0 0 0 1 0 0 0 0 0 0 9 0 0 0 0 0 0 0 0 1 0 0 0 0 0 0 0 0 0 0 0 0 0 0 0 0 0 0 0 0 0 0 0 0 0 0 0 0 0 1 0 0 0 0 0 0 0 2 2 0 1 0 2 6 2 0 0 0 0 0 2 0 0 0 0 0 0 0 0 0 0 2 0 1 0 9 0 0 0 0 0 0 0 0 0 0 0 0 0 0 0 0 
 33 261 160 101 303 79 84 82 0 187 157 48 170 339 86 182 199 493 64 123 0 0 3 0 81 0 0 0 66 2 0 21 72 84 0 0 0 3 5 74 0 3 0 1 0 12 0 2 0 2 0 1 0 0 0 4 0 0 0 0 6 3 0 0 0 0 6 0 0 3 0 0 0 32 0 0 0 0 3 3 0 5 52 21 29 12 17 1 0 0 35 0 0 15 0 0 0 11 0 0 0 0 3 0 2 0 10 0 0 0 0 2 17 0 0 0 14 0 14 17 0 0 0 2 0 0 11 0 0 0 0 0 0 0 2 0 0 0 0 0 0 0 0 0 0 0 0 0 2 0 0 0 0 2 0 0 0 0 0 0 10 11 0 10 0 16 10 32 10 0 0 3 19 0 14 17 17 0 0 25 10 0 0 0 0 0 14 0 0 0 0 0 0 14 0 0 0 0 0 14 0 0 1 0 0 0 0 0 0 0 0 0 0 0 0 0 0 0 0 0 0 0 0 0 0 0 0 0 0 0 0 0 0 0 0 0 0 0 0 0 0 0 0 0 0 0 3 0 2 89 0 9 1 0 0 0 0 0 0 0 0 0 20 0 0 0 0 0 0 0 0 0 0 1 0 0 0 0 0 0 0 0 0 0 0 0 0 0 0 0 
 373 25 47 319 231 115 133 197 187 0 86 181 46 204 203 158 276 136 206 322 0 0 0 0 2 0 0 2 3 3 0 0 0 27 0 0 0 2 0 0 0 2 0 0 0 0 0 2 0 2 2 0 0 2 0 0 0 0 3 0 0 0 0 0 0 0 0 0 2 1 0 0 0 3 0 52 0 0 3 3 14 27 1 11 48 17 0 2 13 41 24 38 7 14 9 9 25 31 0 7 0 0 0 0 0 0 0 0 0 0 0 0 0 10 0 0 0 0 1 9 33 0 0 0 0 0 0 0 0 0 0 0 0 0 8 0 0 0 0 0 2 0 0 0 0 0 0 0 0 0 0 0 0 0 0 0 0 0 0 15 0 0 7 13 0 31 0 0 1 1 14 16 0 15 10 16 0 12 0 14 2 0 1 0 0 0 1 22 0 0 0 0 0 0 0 0 0 0 1 16 0 0 0 0 0 0 0 0 0 0 0 0 0 0 0 0 0 0 0 0 0 0 0 0 0 0 0 0 0 0 0 0 0 0 0 0 0 0 0 0 0 0 0 0 0 0 190 0 0 3 14 6 0 0 0 0 0 0 0 0 0 0 20 0 0 0 0 0 0 0 0 0 0 0 0 0 0 0 0 0 0 0 0 0 0 0 0 0 0 0 
 167 87 150 39 59 67 122 33 157 86 0 362 146 33 73 261 200 117 68 80 0 0 0 0 2 0 0 0 5 3 0 0 82 1 0 0 0 2 164 0 0 3 0 0 54 0 0 2 0 2 1 2 0 0 0 0 0 0 0 0 0 0 0 0 0 0 0 0 1 2 0 0 0 3 0 0 0 0 10 3 11 14 26 10 0 0 10 17 9 1 12 11 7 11 0 10 1 0 0 0 0 4 0 0 0 0 2 0 0 0 0 0 0 0 0 0 1 0 24 0 0 0 10 0 0 0 0 0 0 0 0 0 0 0 0 0 0 0 0 0 0 0 0 0 0 0 0 0 0 0 0 0 15 0 0 0 0 0 0 0 0 27 1 9 14 0 2 22 1 35 2 52 71 0 18 30 22 0 0 29 0 0 0 0 0 15 1 0 0 0 12 0 10 0 2 0 0 0 2 0 0 0 0 0 0 0 0 0 0 0 0 0 0 0 0 0 0 0 0 0 0 0 0 0 0 0 0 0 0 0 0 0 0 0 0 0 0 0 0 0 0 0 0 0 0 0 0 0 0 93 2 2 0 0 0 0 0 0 0 0 0 0 0 0 0 0 0 0 0 0 0 0 0 0 0 0 10 14 0 0 0 0 0 0 0 0 0 0 0 0 
 251 261 122 372 445 151 125 36 48 181 362 0 254 37 48 36 363 267 125 53 0 35 0 0 1 0 0 0 3 2 0 0 9 1 81 0 3 3 76 0 0 3 0 31 0 0 4 6 0 3 62 0 0 0 0 0 0 0 0 0 0 3 0 0 0 0 1 0 0 3 0 0 50 5 0 0 0 0 5 3 17 27 0 25 38 26 0 34 18 17 3 32 11 6 10 26 13 8 0 14 29 12 10 0 1 0 13 0 45 0 0 2 28 9 9 0 0 0 0 8 0 0 13 0 0 1 0 0 0 0 0 0 0 0 0 0 1 0 0 0 6 0 0 0 0 1 0 2 0 0 0 0 0 0 0 2 0 0 0 0 0 2 1 10 0 0 0 38 26 2 55 39 10 19 26 18 0 7 0 10 0 12 22 15 0 0 15 23 0 0 0 0 15 17 7 0 11 0 21 14 0 0 0 0 0 0 0 0 0 0 1 0 0 0 2 0 0 0 0 0 0 0 0 0 5 0 0 0 0 0 0 0 0 0 18 0 0 0 0 0 0 0 0 0 0 4 85 1 3 85 0 6 0 0 0 0 0 0 0 0 0 0 0 0 0 0 0 0 0 0 0 0 0 0 0 0 0 0 0 0 0 0 0 0 0 0 0 0 0 0 
 153 167 267 70 273 28 310 258 170 46 146 254 0 177 133 153 146 44 72 64 0 0 1 0 1 0 0 0 3 2 0 0 0 0 0 0 1 3 0 0 0 3 0 0 0 0 0 5 0 2 0 0 0 0 0 0 0 0 1 0 0 3 0 0 0 0 0 0 0 3 0 32 0 3 0 0 0 0 3 3 11 24 14 10 0 1 2 7 42 0 1 13 13 10 30 1 20 0 28 11 0 0 0 0 0 0 0 0 0 0 0 0 0 0 0 2 0 0 3 7 0 0 0 11 0 0 0 0 0 0 0 0 0 0 0 0 0 0 0 0 0 0 0 0 0 0 0 0 0 1 0 0 0 0 0 0 0 0 0 0 21 9 25 0 0 0 31 16 15 0 0 3 24 29 10 13 62 0 22 14 0 0 0 0 0 0 0 0 0 0 0 0 1 0 0 2 0 0 0 0 0 0 0 0 0 0 0 0 0 0 0 1 0 0 0 0 0 0 0 0 0 0 15 0 1 0 0 0 0 0 0 0 0 0 0 0 0 0 0 0 0 0 0 0 0 2 1 1 4 0 1 3 0 0 0 0 0 0 0 0 0 0 0 0 0 0 0 0 0 0 0 0 0 0 0 0 0 0 0 0 0 0 0 0 0 0 0 0 0 0 
 54 193 187 294 54 68 160 204 339 204 33 37 177 0 352 225 297 30 213 135 0 3 3 0 1 0 0 1 3 3 0 0 0 0 0 0 0 4 0 0 0 3 3 0 0 3 0 2 0 2 0 0 0 0 0 2 0 0 0 0 0 3 0 0 0 0 0 0 4 2 0 0 0 3 0 59 0 0 6 3 13 20 18 36 14 0 6 26 29 35 10 13 19 27 40 1 9 14 7 73 0 0 0 0 2 0 1 0 0 0 2 2 1 0 0 0 0 0 1 0 1 0 0 12 0 0 0 0 0 0 0 0 0 0 0 0 0 0 0 0 0 0 0 0 0 0 0 0 2 0 0 0 0 0 0 0 0 0 0 0 9 7 1 14 14 0 21 1 1 1 0 0 17 0 12 30 39 0 43 1 0 0 8 0 0 0 0 0 0 0 0 0 0 0 0 0 0 0 0 0 0 0 2 0 0 0 0 13 0 0 0 0 0 0 0 0 0 0 0 0 0 0 0 0 0 0 0 0 0 0 0 0 0 0 0 0 0 0 0 0 0 0 0 0 0 2 0 0 1 0 0 16 0 0 0 0 0 0 0 0 0 0 0 0 0 0 0 0 0 0 0 0 0 0 0 0 0 0 0 0 0 0 0 0 0 0 0 0 0 0 
 42 344 477 197 140 63 44 588 86 203 73 48 133 352 0 103 84 131 150 400 3 2 0 3 2 0 6 0 3 7 0 0 0 0 5 3 7 7 1 77 0 6 3 2 0 1 3 10 0 2 0 3 0 1 1 0 0 0 11 0 0 0 0 0 0 0 0 0 1 2 0 0 0 3 0 33 2 0 3 3 10 12 36 21 10 14 0 28 18 41 22 0 4 21 23 9 18 62 5 0 0 0 3 0 0 0 0 0 0 0 7 6 18 0 6 10 7 0 44 7 0 0 0 7 0 0 10 0 0 0 0 0 0 0 0 0 0 0 0 0 0 0 0 0 0 0 0 0 0 0 0 0 0 0 0 0 0 0 0 0 0 10 0 10 0 1 0 0 0 17 0 0 23 0 3 17 3 10 0 0 7 0 0 8 0 0 0 0 0 10 4 0 0 16 0 0 0 0 12 10 0 0 0 0 0 0 0 0 0 0 0 0 0 0 0 0 0 0 0 0 0 0 0 0 0 0 0 0 0 0 0 0 0 0 0 0 0 0 0 0 0 0 0 0 0 1 3 3 2 1 3 2 20 0 0 0 0 0 0 0 0 0 2 0 0 0 0 0 0 0 0 0 0 0 0 0 0 0 0 0 0 0 0 0 0 0 0 0 0 0 
 53 300 280 39 69 78 255 243 182 158 261 36 153 225 103 0 149 147 105 166 0 0 0 0 2 0 139 0 4 2 0 0 35 76 0 2 0 3 77 147 0 3 0 2 0 0 0 2 0 2 0 0 0 1 0 0 0 0 0 0 0 3 0 0 0 0 1 0 0 3 1 0 0 3 0 1 0 0 3 3 0 1 30 17 15 10 1 2 0 12 36 1 0 0 0 10 9 11 0 0 0 0 0 0 0 8 10 0 0 0 0 0 43 0 0 0 0 1 8 16 0 0 0 0 0 0 7 0 0 0 0 0 0 0 0 0 0 0 0 0 1 0 0 0 0 0 0 0 0 0 0 0 0 0 0 0 0 0 0 0 0 3 8 28 14 28 10 1 0 14 23 12 17 1 14 24 9 10 2 7 10 0 0 1 0 0 0 0 0 0 0 0 15 20 14 0 0 0 17 30 0 0 0 0 0 0 0 0 0 0 0 0 0 0 0 1 0 0 0 0 0 10 0 0 0 0 1 0 0 0 0 0 0 0 0 0 18 0 0 0 0 0 0 0 0 2 56 0 1 1 1 10 19 1 0 0 0 0 0 0 0 0 11 0 0 0 0 0 0 0 0 0 0 0 0 31 13 0 0 0 0 0 0 0 0 0 0 0 0 0 
 39 233 206 191 41 31 124 228 199 276 200 363 146 297 84 149 0 246 122 338 0 0 0 0 2 0 1 0 3 3 0 0 2 17 0 2 2 1 0 1 0 1 0 2 0 0 0 2 0 2 0 0 0 0 0 0 0 0 0 0 0 2 0 0 0 0 0 0 3 0 0 0 0 3 0 34 0 0 3 3 31 14 10 25 36 1 0 0 0 37 0 18 9 19 7 6 19 15 2 21 0 0 0 0 0 0 2 0 0 0 0 0 0 0 0 0 0 0 0 0 0 2 0 0 0 0 0 0 0 1 0 0 0 1 0 0 0 0 0 0 23 0 0 0 0 0 0 0 0 0 0 0 0 0 0 0 0 0 0 0 0 3 0 12 0 0 12 0 0 0 16 0 18 37 28 31 12 3 0 39 0 0 0 0 0 0 0 0 2 0 0 0 0 0 0 0 2 0 0 0 0 0 0 0 0 0 0 0 0 0 0 0 0 46 0 0 0 0 0 0 0 0 0 0 0 0 0 2 2 0 0 0 0 0 0 0 1 0 0 0 0 0 0 0 0 0 116 0 0 2 0 9 0 0 0 0 0 0 0 0 13 0 0 0 0 0 0 0 0 1 0 0 0 0 0 0 0 0 0 0 0 0 0 0 0 0 0 0 0 0 
 122 325 197 118 372 110 85 211 493 136 117 267 44 30 131 147 246 0 37 373 0 0 0 0 4 0 0 0 3 3 4 0 0 2 0 2 4 7 158 109 63 5 0 0 0 3 3 2 1 2 0 0 0 0 44 0 3 3 3 0 0 3 0 1 0 0 0 0 7 3 0 0 0 6 0 41 0 3 7 4 22 10 28 19 16 0 1 10 9 19 1 9 10 0 14 17 34 36 0 5 0 0 0 0 0 0 1 16 0 1 0 0 14 0 0 0 0 3 30 3 0 0 0 0 0 0 7 0 0 1 0 0 0 0 0 0 1 38 0 0 0 0 0 1 0 0 0 1 0 0 0 0 0 0 4 1 0 0 0 21 0 22 0 12 7 13 0 1 0 24 0 21 0 17 17 41 0 35 0 19 15 0 0 0 0 0 14 2 0 0 0 0 0 14 0 3 0 0 12 0 0 2 0 0 0 0 0 0 0 0 0 0 0 0 0 0 0 2 0 0 0 0 0 0 0 0 0 0 0 0 0 0 0 0 0 0 0 0 0 0 0 0 0 0 0 0 5 3 90 48 3 6 1 0 0 0 0 0 0 0 0 0 0 0 0 2 0 0 0 0 0 0 0 0 0 0 19 0 0 0 0 0 0 0 0 0 0 0 0 0 
 45 41 32 113 142 242 118 125 64 206 68 125 72 213 150 105 122 37 0 391 0 0 201 0 2 0 0 0 3 3 0 0 2 0 0 0 2 2 95 0 0 2 0 0 0 0 0 7 0 2 0 0 0 0 0 29 0 0 0 0 0 0 0 0 0 0 3 0 3 51 45 0 2 3 0 49 0 0 9 3 23 25 0 0 0 0 8 16 20 22 0 12 11 0 0 0 19 6 10 0 0 0 0 0 0 19 0 0 0 0 0 0 0 0 0 0 0 0 0 0 0 0 0 0 0 0 0 0 0 0 0 0 0 0 0 0 0 0 0 0 0 0 0 0 0 0 0 0 0 0 0 0 0 0 0 0 0 0 0 0 0 21 0 12 0 0 15 0 1 0 0 21 0 13 11 0 0 0 34 17 0 0 0 0 0 0 0 0 0 0 0 0 0 0 0 0 0 0 0 0 0 0 0 0 0 0 0 0 0 0 0 0 0 0 0 0 0 0 0 0 0 0 0 0 0 0 0 0 0 0 0 0 0 0 0 0 0 0 0 0 0 0 0 0 0 0 2 0 0 49 0 12 0 0 0 0 0 0 0 0 0 0 0 0 0 0 0 0 0 0 0 0 0 0 0 0 0 0 0 0 0 0 0 0 0 0 0 0 0 0 
 36 145 285 60 64 265 129 90 123 322 80 53 64 135 400 166 338 373 391 0 0 0 0 0 0 0 0 0 3 3 0 0 0 0 0 0 0 2 0 0 2 2 0 0 0 0 0 2 0 2 0 1 0 0 0 0 0 0 0 0 0 2 0 0 0 0 0 0 2 1 0 0 1 3 0 50 0 0 6 3 1 0 0 0 0 0 29 0 0 14 12 0 13 17 0 0 0 0 9 13 0 0 0 0 0 0 0 0 0 0 0 0 0 0 1 0 0 17 0 0 0 0 0 0 0 0 0 0 0 2 0 0 0 0 0 0 0 0 0 0 0 0 0 1 0 0 0 0 0 0 0 0 0 0 0 0 0 0 0 0 14 22 0 0 0 0 11 25 6 0 0 0 0 30 0 1 1 0 28 14 0 0 0 0 0 0 0 0 0 0 0 0 0 0 2 0 0 0 2 0 0 0 0 0 0 0 0 12 0 0 0 0 0 0 10 0 0 2 0 0 0 0 0 0 0 0 0 0 0 0 0 0 0 0 0 0 0 0 0 0 0 0 0 0 0 0 0 0 2 3 0 8 2 0 0 2 0 0 0 0 0 0 0 0 0 0 0 0 0 0 0 0 0 0 0 0 0 0 0 0 0 0 0 0 0 0 0 0 0 0 
 0 0 0 0 0 35 0 0 0 0 0 0 0 0 3 0 0 0 0 0 0 87 146 130 24 34 40 145 101 122 104 100 76 41 381 56 106 157 30 29 0 3 0 2 0 3 30 0 0 0 0 0 0 3 2 0 0 0 62 0 0 0 0 3 2 0 0 0 31 0 3 0 0 3 0 0 3 2 0 0 0 0 0 0 0 15 0 2 0 0 0 0 0 0 0 0 0 0 0 0 9 20 39 7 9 17 10 15 12 8 29 20 1 12 16 56 15 28 0 31 0 0 0 0 0 0 2 0 1 0 0 0 11 0 0 4 0 0 0 0 1 2 0 0 0 0 0 0 0 0 0 1 0 0 0 0 0 0 0 0 0 0 0 0 1 1 0 0 0 0 0 0 0 0 0 0 0 0 0 1 11 7 10 8 24 13 0 49 30 30 3 22 2 1 17 0 30 13 0 11 0 0 0 0 0 0 13 0 0 0 0 0 4 1 0 0 0 0 9 0 0 0 0 0 0 0 0 0 0 0 0 1 0 0 0 0 0 0 0 0 0 0 0 0 0 0 0 0 0 0 0 0 0 0 0 2 1 0 81 0 19 2 0 0 0 0 0 0 0 0 0 0 0 0 0 0 0 0 0 0 0 0 0 0 0 0 0 0 0 0 
 0 2 0 0 73 149 0 0 0 0 0 35 0 3 2 0 0 0 0 0 87 0 274 176 507 56 161 401 99 47 67 323 53 65 138 72 129 271 63 49 0 1 0 4 2 3 0 6 22 0 2 0 0 3 0 0 0 0 68 0 3 2 0 3 2 2 0 0 2 0 3 0 0 2 0 0 3 0 3 0 0 0 0 9 0 0 0 0 0 0 0 0 0 0 1 0 0 0 0 0 25 56 32 9 26 10 7 0 1 0 0 0 15 37 0 18 14 35 0 6 4 0 0 0 0 0 9 0 0 0 0 0 7 16 19 0 1 0 0 13 0 0 0 0 0 2 0 8 0 0 0 0 0 0 13 0 0 0 0 0 0 0 0 0 0 0 2 0 0 0 0 0 4 0 0 0 0 1 0 0 17 22 4 0 34 10 0 24 24 14 7 1 18 14 17 1 60 19 18 9 12 0 0 0 0 0 0 0 1 0 0 0 0 0 0 1 0 0 1 1 0 0 0 0 0 0 0 0 0 0 0 0 0 0 0 0 0 0 2 0 0 0 0 0 0 0 0 0 0 0 0 0 0 0 1 0 4 77 1 0 4 18 2 0 0 0 0 0 0 0 0 2 0 0 0 0 0 0 0 19 0 24 0 0 0 1 0 0 0 0 
 0 0 1 0 77 74 0 0 3 0 0 0 1 3 0 0 0 0 201 0 146 274 0 159 288 103 64 151 146 157 29 282 247 103 109 406 125 602 38 38 63 4 0 2 0 3 0 9 0 63 0 0 66 3 1 0 0 0 130 0 0 0 0 3 2 0 0 0 2 0 3 0 0 2 0 0 3 0 0 0 0 0 0 0 0 0 0 0 0 0 0 0 0 0 0 0 0 0 0 0 18 38 1 27 9 26 9 8 25 13 11 0 0 11 0 21 0 9 0 0 1 0 0 0 0 0 0 0 11 1 0 0 0 0 0 0 0 0 0 10 0 0 0 0 0 4 0 0 0 14 0 0 0 0 0 0 0 0 6 0 0 0 0 1 0 0 0 0 0 1 0 3 0 0 0 11 0 0 1 0 0 7 9 1 98 37 0 0 42 1 25 0 0 0 13 14 22 31 0 0 19 0 0 0 0 0 0 0 0 0 0 0 7 0 0 16 24 0 20 10 0 0 0 0 0 0 0 0 0 0 0 0 0 0 0 0 0 0 0 0 0 0 1 0 0 0 0 0 0 0 0 0 0 0 5 0 3 48 41 0 3 1 0 0 0 0 0 0 0 0 0 0 0 0 0 0 0 0 0 0 0 18 0 0 0 13 10 0 0 0 
 0 0 2 1 0 0 0 0 0 0 0 0 0 0 3 0 0 0 0 0 130 176 159 0 318 45 67 238 219 55 149 184 62 302 49 286 54 82 323 72 35 0 0 36 4 9 1 4 0 0 0 6 0 3 0 0 2 0 64 0 0 10 40 3 2 0 0 2 7 14 3 2 0 3 4 0 3 0 0 0 0 0 0 0 0 0 0 0 0 0 0 0 0 0 1 0 0 0 0 0 17 8 26 8 16 11 27 14 0 12 0 0 1 24 12 11 0 23 0 0 4 0 0 0 0 0 9 0 1 14 1 0 15 17 19 8 2 0 0 0 0 0 0 0 0 0 0 5 0 0 0 0 0 0 0 0 0 0 0 0 0 0 0 0 1 0 0 0 1 0 17 0 0 0 0 0 0 0 0 0 12 0 0 0 35 10 0 0 11 1 7 4 0 0 0 0 16 0 0 0 30 0 0 0 0 0 10 0 1 12 0 0 0 10 0 1 0 22 0 0 0 0 0 0 0 0 0 3 2 0 0 0 0 0 0 0 0 0 0 0 0 0 0 0 0 1 0 0 0 0 0 0 0 0 16 0 2 75 0 0 2 14 0 0 0 0 0 1 0 0 0 2 0 0 0 0 0 0 0 19 0 0 0 0 0 1 0 0 0 1 
 4 1 2 2 1 2 2 3 81 2 2 1 1 1 2 2 2 4 2 0 24 507 288 318 0 491 43 47 93 170 338 51 83 276 85 184 65 72 85 305 3 63 66 2 0 4 129 3 2 0 2 0 68 3 2 2 2 0 68 2 3 0 0 3 2 0 0 0 2 0 3 0 0 3 0 0 3 0 0 1 0 0 0 0 0 0 0 0 0 0 0 0 2 0 0 0 0 0 0 0 0 2 1 9 15 78 0 0 0 13 14 31 0 0 0 21 0 10 0 4 14 10 11 0 0 0 0 0 1 0 21 0 0 12 0 9 0 1 10 40 0 8 2 0 0 0 0 0 1 0 7 0 0 0 0 0 0 0 0 2 0 0 0 0 0 0 0 0 0 10 0 3 0 0 0 7 0 0 0 0 0 0 9 1 10 30 0 0 0 0 10 0 0 0 24 4 0 0 0 0 30 1 9 1 0 0 2 23 0 0 0 2 15 8 0 18 10 0 33 12 1 0 0 0 0 0 13 0 0 0 1 0 0 0 0 0 0 0 0 0 0 0 10 0 0 0 0 0 0 2 0 0 0 0 6 0 6 79 72 0 20 2 0 0 0 0 0 0 0 0 0 0 0 0 0 0 0 0 0 0 0 0 0 0 0 0 0 0 0 0 
 0 2 0 1 0 0 0 0 0 0 0 0 0 0 0 0 0 0 0 0 34 56 103 45 491 0 42 252 65 238 75 163 236 125 260 76 65 83 70 44 91 22 0 13 0 3 51 132 0 6 0 0 180 3 0 0 0 64 64 1 0 0 0 3 2 0 0 0 2 0 3 0 0 3 0 0 3 0 51 0 0 0 0 0 0 0 0 0 0 2 0 0 0 2 0 0 0 0 0 0 0 0 14 0 27 13 0 3 0 9 1 21 0 2 0 10 0 17 22 0 19 19 34 6 0 11 0 1 13 18 17 1 17 0 5 31 3 0 33 27 0 6 0 0 0 0 2 0 0 4 4 0 0 6 0 0 0 0 0 13 0 2 0 0 0 0 0 0 0 0 0 3 0 0 0 2 0 0 0 0 0 28 0 14 10 6 0 0 8 14 1 0 0 0 0 2 0 0 0 0 26 2 0 19 0 0 19 11 1 1 0 36 9 10 0 0 18 0 10 17 0 0 0 1 0 0 2 0 0 0 0 0 0 0 0 0 0 0 0 0 0 0 0 0 0 0 0 0 0 0 0 0 0 0 67 1 1 48 8 0 5 0 0 0 0 0 11 0 0 0 0 0 0 0 0 0 0 0 0 0 0 0 0 0 0 0 0 1 0 0 
 0 75 35 0 0 22 2 0 0 0 0 0 0 0 6 139 1 0 0 0 40 161 64 67 43 42 0 148 154 31 33 66 344 136 42 108 100 29 394 111 0 0 0 4 0 3 0 9 0 0 0 2 0 3 1 0 2 0 1 0 0 0 0 3 2 0 0 0 2 0 3 0 0 8 0 0 3 0 0 0 0 0 0 0 0 14 1 0 0 11 7 0 0 10 0 23 14 1 0 0 21 24 13 16 14 0 40 0 9 0 1 11 37 12 25 8 8 1 12 0 0 0 0 13 0 0 0 0 0 0 0 0 0 0 0 0 0 0 0 0 30 0 0 0 0 0 0 0 0 0 0 0 0 0 0 0 0 0 2 0 0 0 10 9 29 1 0 0 0 7 7 70 0 7 0 14 0 10 0 0 25 7 17 13 10 0 12 13 14 34 21 0 33 8 43 8 1 17 17 6 0 0 0 0 0 0 0 0 0 0 0 0 0 0 0 0 0 0 15 0 2 0 0 0 0 0 0 0 0 0 0 0 0 0 0 0 0 0 0 0 0 0 0 0 0 0 0 0 0 0 0 0 13 0 6 0 0 0 0 1 0 0 0 0 0 0 0 0 0 0 0 0 0 0 0 24 2 21 0 0 0 10 0 0 0 16 0 0 0 0 
 0 0 0 3 151 146 0 0 0 2 0 0 0 1 0 0 0 0 0 0 145 401 151 238 47 252 148 0 228 46 260 48 196 149 225 355 38 64 55 125 0 2 0 5 56 3 0 0 0 68 0 0 0 3 0 0 0 0 0 0 0 0 0 3 2 0 0 0 2 0 3 0 0 2 0 0 3 0 0 0 0 0 0 0 0 15 0 0 0 0 0 0 0 0 0 0 0 0 0 0 13 47 29 17 21 17 6 8 1 0 2 0 11 21 11 20 0 6 0 30 11 0 0 0 0 0 0 0 0 0 0 0 12 1 0 0 0 0 0 0 0 0 0 0 0 1 0 9 0 0 0 1 0 0 0 28 0 0 0 0 0 0 0 4 0 0 0 0 0 0 0 0 0 5 0 0 0 0 0 0 15 52 0 30 13 20 11 1 23 15 1 0 1 11 0 15 62 18 0 10 0 0 0 0 0 0 0 0 0 0 0 10 0 0 5 0 0 0 9 0 0 0 0 0 0 0 0 0 0 0 0 0 7 0 0 0 0 0 0 0 0 0 0 0 0 0 0 0 0 0 0 0 0 0 4 2 0 0 1 0 0 9 0 0 0 0 0 0 0 0 0 0 0 0 0 0 0 0 0 3 0 10 0 0 0 0 0 0 0 0 
 3 3 3 0 3 76 3 3 66 3 5 3 3 3 3 4 3 3 3 3 101 99 146 219 93 65 154 228 0 236 171 139 185 126 283 250 124 65 97 104 0 0 0 4 0 5 35 1 0 0 0 3 0 6 1 0 0 0 75 0 0 1 0 3 2 0 0 0 2 0 3 0 0 4 0 3 3 2 0 38 0 0 0 0 0 13 0 0 0 0 2 0 0 0 19 0 0 0 0 0 26 51 13 18 0 10 1 11 3 0 13 10 0 39 1 32 1 7 0 1 0 0 0 0 0 0 0 0 21 0 2 0 0 0 0 1 0 0 11 1 0 0 0 0 0 1 0 13 2 0 0 0 0 0 0 0 0 0 9 0 0 0 0 0 1 0 0 11 0 0 0 0 0 0 0 0 0 1 0 0 8 32 0 0 36 0 0 5 17 1 12 22 0 0 19 14 18 28 0 0 4 0 0 0 0 0 1 0 0 0 0 0 26 0 0 1 0 0 22 0 0 0 0 0 0 0 0 0 0 0 0 0 0 0 0 0 0 0 0 0 0 0 9 0 0 0 0 0 0 0 0 0 1 0 4 0 0 0 3 0 17 8 0 0 0 0 0 0 0 0 0 0 0 0 0 0 16 0 0 0 0 12 0 0 0 10 0 0 0 0 
 76 2 5 0 2 147 3 2 2 3 3 2 2 3 7 2 3 3 3 3 122 47 157 55 170 238 31 46 236 0 218 72 438 127 105 292 215 134 98 101 54 1 0 3 0 4 65 0 0 0 0 0 86 3 1 0 0 0 0 0 0 0 0 3 2 0 0 0 2 0 3 0 0 3 0 0 3 4 0 0 0 0 0 0 0 12 0 0 0 0 0 0 0 0 0 2 0 0 0 0 11 14 12 13 8 29 0 47 9 0 29 23 0 22 0 12 0 24 9 0 22 23 12 0 0 0 0 0 2 0 0 0 0 1 0 0 0 0 12 27 0 0 0 0 3 4 0 0 0 21 13 0 0 0 0 0 0 0 6 5 0 0 0 0 0 0 0 0 0 0 0 5 0 0 0 8 0 0 0 0 15 29 9 8 18 12 0 4 33 23 24 8 0 0 55 22 0 31 0 0 16 0 0 0 0 0 0 0 0 0 0 0 11 0 0 0 0 0 22 22 0 0 0 0 0 0 1 0 20 0 0 0 0 0 0 0 0 0 0 0 0 0 2 0 0 0 0 0 0 0 0 0 0 0 6 1 0 76 85 0 5 0 0 0 0 0 0 0 0 0 0 0 0 0 0 0 0 0 0 0 0 0 0 0 0 0 0 0 0 0 
 0 2 0 2 0 0 0 0 0 0 0 0 0 0 0 0 0 4 0 0 104 67 29 149 338 75 33 260 171 218 0 293 96 128 76 88 153 588 49 43 0 1 0 5 0 4 97 0 0 0 31 0 0 3 0 0 0 1 128 0 0 3 0 3 2 0 4 13 2 0 3 4 3 6 0 0 3 4 0 0 1 2 0 15 0 0 0 0 0 0 0 0 19 0 0 1 0 0 0 0 15 13 14 15 11 10 11 22 13 8 7 20 0 23 1 24 0 17 0 0 0 0 0 0 0 0 9 12 0 0 0 0 10 34 14 2 8 0 8 2 0 0 0 0 0 1 0 4 0 0 0 0 0 0 0 0 0 0 0 0 0 0 0 0 0 0 0 0 0 0 0 0 0 0 2 0 0 0 0 0 8 14 8 0 23 0 0 70 24 15 1 39 0 0 0 15 11 12 0 0 3 0 0 0 0 0 8 17 7 11 0 0 9 11 9 0 0 0 1 7 0 0 0 0 0 0 0 0 0 0 0 0 0 0 0 0 0 0 0 0 0 0 3 0 0 0 0 0 0 0 0 0 0 0 0 4 2 76 6 0 20 10 0 0 0 0 0 0 0 0 0 0 0 0 0 0 0 0 0 13 0 10 0 0 0 0 0 10 0 0 
 0 0 0 0 0 0 2 0 21 0 0 0 0 0 0 0 0 0 0 0 100 323 282 184 51 163 66 48 139 72 293 0 171 38 109 110 109 191 50 37 86 2 2 2 0 5 75 0 0 1 2 0 18 3 1 0 0 3 1 0 0 0 0 3 2 0 0 0 7 0 3 0 0 5 0 1 3 0 0 0 0 0 0 2 0 0 0 1 0 0 0 0 0 0 0 0 0 0 0 0 5 42 6 13 14 0 6 7 9 0 0 1 0 19 0 20 0 0 0 0 22 0 46 0 0 0 0 0 26 0 0 2 13 0 0 12 12 0 19 0 0 1 0 0 0 1 0 0 0 5 2 0 0 3 0 0 0 1 37 9 0 10 0 0 2 0 0 0 0 0 0 0 0 0 0 0 0 0 0 2 0 11 6 0 19 79 0 0 26 0 7 0 0 0 15 0 21 40 0 2 23 0 10 0 0 0 11 0 0 7 0 0 0 11 0 12 0 12 21 6 0 0 0 0 0 0 0 0 0 0 0 0 0 0 0 0 0 0 0 0 0 0 0 0 0 0 0 0 0 0 0 0 0 0 4 0 1 157 2 0 0 9 0 0 0 2 0 0 0 0 0 0 0 0 0 0 0 0 0 0 0 0 0 0 0 3 0 0 0 2 
 2 2 76 0 0 74 0 0 72 0 82 9 0 0 0 35 2 0 2 0 76 53 247 62 83 236 344 196 185 438 96 171 0 165 471 84 641 42 190 338 0 0 0 5 0 3 0 10 0 0 0 2 0 3 2 0 0 0 0 0 2 0 0 58 2 0 0 0 2 0 3 0 0 2 0 6 3 4 0 0 0 0 37 0 0 16 2 0 0 1 14 0 0 0 0 3 11 0 0 0 68 54 0 13 0 1 72 24 32 0 39 0 23 2 0 19 14 20 35 0 0 0 0 0 0 0 0 0 0 0 0 0 0 0 0 2 0 0 19 0 6 0 0 0 0 0 0 0 0 0 0 0 18 0 0 11 0 0 1 0 0 0 4 12 33 0 0 0 0 8 17 31 0 0 0 0 0 5 0 0 0 1 11 6 7 2 1 30 52 57 0 8 14 0 47 21 22 30 3 0 0 0 0 0 0 0 0 0 1 0 0 0 0 0 0 0 0 0 1 0 0 0 0 2 0 0 0 2 0 0 9 0 0 0 0 0 0 0 26 0 0 0 0 0 0 0 0 0 0 18 0 0 0 0 4 2 1 0 1 2 0 0 0 0 0 0 0 0 0 0 0 0 0 0 0 19 14 8 0 0 0 20 0 0 0 10 0 0 0 0 
 0 0 0 77 83 238 0 0 84 27 1 1 0 0 0 76 17 2 0 0 41 65 103 302 276 125 136 149 126 127 128 38 165 0 172 200 114 44 162 197 1 0 0 4 0 3 0 0 0 0 0 1 0 3 0 0 0 0 0 0 0 0 0 3 2 0 0 0 2 0 3 0 0 2 0 0 3 5 0 0 0 0 0 0 13 42 0 0 0 0 42 0 0 0 0 0 1 3 0 0 35 20 0 20 11 0 8 34 0 10 0 3 32 18 31 0 17 8 0 32 0 0 0 0 0 0 0 0 0 1 0 0 0 0 0 0 0 0 20 0 0 0 0 0 0 0 0 0 0 0 0 0 0 0 0 0 0 0 0 0 0 0 1 0 20 37 0 0 0 1 0 17 0 7 0 0 0 0 0 0 10 14 11 0 0 0 13 32 1 7 0 18 0 41 0 34 38 17 0 115 0 0 0 0 0 0 0 0 0 0 0 0 0 0 0 0 4 0 0 1 0 0 0 0 0 0 0 0 0 0 0 0 0 0 0 0 0 2 0 0 0 0 0 0 0 0 75 0 73 0 0 0 0 0 2 0 0 0 0 0 4 0 29 0 0 0 0 0 0 0 0 0 0 0 0 0 0 0 0 0 0 0 0 0 0 0 0 0 0 0 
 29 1 0 25 75 369 0 0 0 0 0 81 0 0 5 0 0 0 0 0 381 138 109 49 85 260 42 225 283 105 76 109 471 172 0 145 45 32 71 98 0 8 0 3 0 3 0 0 0 0 0 0 0 3 1 0 2 0 0 0 0 0 0 3 2 0 0 0 2 0 3 0 0 3 0 0 3 0 0 0 0 0 0 12 20 27 0 0 0 0 0 0 0 0 0 0 0 2 0 0 0 21 19 0 6 13 13 5 13 14 14 32 9 0 13 1 49 36 11 39 0 0 0 0 0 0 0 0 0 0 0 0 0 0 0 0 0 0 0 1 0 0 0 0 0 0 0 0 0 0 0 0 0 0 0 0 0 0 0 0 0 0 0 0 15 16 0 0 0 8 18 0 10 0 0 0 0 12 0 0 19 22 22 13 19 20 36 26 18 7 10 10 20 28 5 19 18 14 36 17 1 0 0 0 0 0 0 0 0 0 0 0 0 0 0 0 0 0 2 0 0 0 0 0 8 0 0 0 0 0 0 0 0 0 0 0 0 2 0 0 0 0 0 0 0 0 0 0 0 0 0 0 0 0 0 1 0 0 78 1 5 2 0 0 0 0 0 0 0 0 0 0 0 0 0 1 0 0 0 0 0 0 0 0 0 0 0 0 0 0 
 0 0 2 0 0 185 1 1 0 0 0 0 0 0 3 2 2 2 0 0 56 72 406 286 184 76 108 355 250 292 88 110 84 200 145 0 327 273 48 90 0 0 0 2 0 3 0 206 0 0 0 0 1 5 2 0 208 0 63 0 0 1 0 3 2 0 0 0 2 0 3 0 0 5 0 0 3 4 0 0 0 0 0 0 0 11 0 0 0 0 2 0 0 0 0 0 0 0 0 0 37 48 11 14 0 20 0 1 8 25 41 0 0 0 0 26 10 13 0 46 0 0 0 0 0 0 0 0 0 0 2 0 0 0 0 0 0 0 0 17 0 0 0 0 0 0 0 0 0 0 0 0 0 0 0 0 0 0 0 0 0 0 0 0 0 12 0 0 0 0 0 2 0 0 0 9 0 0 0 0 0 18 0 20 38 0 20 16 21 57 16 12 0 17 21 37 0 21 0 21 7 0 0 0 0 0 1 0 0 0 0 0 10 0 0 1 0 0 18 0 0 0 0 0 6 0 0 0 0 0 0 0 0 0 0 0 0 0 0 0 0 0 11 0 0 0 0 0 0 0 0 0 0 0 7 0 0 0 85 1 3 1 0 0 0 0 0 0 0 0 0 0 0 0 0 0 0 0 0 0 0 0 0 0 0 9 0 0 0 0 
 5 0 1 0 0 92 3 1 0 0 0 3 1 0 7 0 2 4 2 0 106 129 125 54 65 65 100 38 124 215 153 109 641 114 45 327 0 157 109 106 0 0 0 4 0 4 0 3 0 0 0 0 11 3 1 1 0 0 3 0 0 0 0 3 2 0 0 0 2 0 3 0 0 2 0 0 3 4 5 0 0 0 0 0 1 2 2 0 0 0 0 0 0 0 0 0 0 0 0 0 28 12 29 26 1 0 17 30 82 0 54 22 0 15 30 35 8 34 47 3 0 0 0 0 0 0 0 0 0 0 0 0 0 0 0 2 0 0 19 0 0 0 1 0 0 8 0 3 0 12 0 0 0 0 0 0 0 0 9 0 0 0 0 0 0 0 0 0 0 0 0 8 2 24 0 0 0 0 0 0 8 14 24 20 13 0 13 53 62 79 25 18 8 0 12 47 14 63 0 19 0 0 0 0 0 0 0 0 1 0 0 0 0 22 0 0 0 0 0 18 0 0 0 2 0 0 0 2 0 22 0 0 0 0 0 0 0 0 0 0 0 0 0 0 0 0 2 0 0 0 0 0 0 0 2 0 1 0 1 0 0 0 0 0 0 0 0 0 0 0 0 0 0 0 0 0 1 0 0 0 0 19 0 0 0 0 0 0 0 0 
 6 4 2 0 3 3 2 3 3 2 2 3 3 4 7 3 1 7 2 2 157 271 602 82 72 83 29 64 65 134 588 191 42 44 32 273 157 0 49 29 92 0 0 2 0 3 32 98 0 0 0 0 126 3 0 0 0 0 163 0 0 0 0 5 2 0 0 0 2 0 3 0 0 3 0 0 3 0 0 0 0 0 0 0 0 0 0 0 0 0 0 0 0 0 1 0 0 0 0 0 0 0 3 7 11 0 0 0 14 10 11 9 0 0 0 11 0 2 0 3 2 0 0 0 0 0 27 26 13 13 0 0 16 25 61 0 8 0 0 0 0 0 0 0 0 3 0 0 0 4 0 0 0 0 0 0 0 0 10 2 0 0 0 0 0 0 2 0 0 0 0 0 0 0 0 5 0 1 0 0 0 0 9 1 11 2 0 0 0 2 23 43 0 0 0 21 1 8 0 0 12 0 0 0 0 0 11 21 8 42 0 0 9 28 12 9 0 2 1 19 1 0 0 0 0 0 0 0 0 0 0 0 0 0 0 0 0 0 2 0 0 0 0 0 0 0 0 0 0 0 0 0 0 0 5 0 1 157 3 4 14 2 1 0 0 0 12 0 0 0 0 2 0 0 0 0 0 0 0 21 0 0 0 0 0 0 13 14 0 0 
 74 0 74 1 0 75 2 0 5 0 164 76 0 0 1 77 0 158 95 0 30 63 38 323 85 70 394 55 97 98 49 50 190 162 71 48 109 49 0 394 2 0 0 2 0 3 0 3 42 0 0 0 0 3 68 0 0 2 0 0 4 49 0 3 2 2 5 0 2 1 3 0 0 3 0 1 3 0 3 0 11 0 9 0 0 6 0 28 12 0 12 1 1 0 0 0 16 0 0 0 11 0 14 0 0 0 24 15 7 19 2 0 11 0 8 10 11 20 27 2 1 0 0 0 0 0 0 0 0 1 0 0 0 0 1 0 0 0 0 0 4 0 0 0 3 0 0 0 0 0 0 0 0 0 0 0 0 0 0 0 0 11 1 0 5 1 9 12 0 22 0 8 6 19 13 0 6 0 0 0 0 0 22 11 0 0 16 16 0 10 1 0 17 24 1 35 0 0 0 0 0 0 0 0 0 0 0 0 0 0 0 0 0 0 0 0 0 0 0 0 0 0 0 0 0 0 0 0 0 0 0 0 2 0 0 0 0 0 0 0 0 0 1 0 0 0 1 0 38 151 0 0 0 0 0 0 1 0 0 0 4 1 0 0 0 0 0 0 0 0 0 0 0 0 0 1 11 15 0 0 0 11 0 0 0 0 0 0 0 0 
 0 2 20 48 149 1 3 52 74 0 0 0 0 0 77 147 1 109 0 0 29 49 38 72 305 44 111 125 104 101 43 37 338 197 98 90 106 29 394 0 63 0 0 8 0 3 0 0 0 0 0 2 0 3 24 0 0 0 0 0 0 0 0 3 2 0 49 3 2 0 3 2 2 5 0 0 3 0 0 0 0 0 8 0 0 21 0 0 0 11 0 0 0 0 20 12 12 13 0 0 0 0 0 11 12 0 13 20 0 1 2 7 23 1 22 0 13 1 33 9 0 0 0 0 0 0 11 0 0 0 0 0 0 0 0 0 0 0 0 0 1 0 0 0 0 0 0 0 0 0 0 0 0 0 0 0 0 0 0 0 0 0 6 27 36 19 0 0 0 35 13 13 0 5 0 0 0 25 0 0 19 0 1 13 0 0 31 0 0 0 12 0 25 12 9 12 0 9 15 14 0 0 0 0 0 0 0 0 0 0 0 0 0 0 0 0 0 0 0 0 0 0 0 0 0 0 0 0 0 0 0 0 0 0 0 0 0 0 0 0 0 0 0 0 0 0 79 0 74 0 0 0 0 0 2 0 0 0 0 2 1 1 12 0 0 0 0 0 0 0 0 0 0 0 0 8 10 13 0 0 0 0 0 0 0 0 0 0 0 0 
 0 0 0 0 0 0 0 63 0 0 0 0 0 0 0 0 0 63 0 2 0 0 63 35 3 91 0 0 0 54 0 86 0 1 0 0 0 92 2 63 0 176 175 340 58 34 178 525 101 251 25 312 60 95 60 59 21 94 62 83 0 4 4 0 0 0 0 0 31 6 0 0 1 0 12 0 2 50 0 0 0 0 0 0 0 0 0 0 0 0 0 0 0 0 0 0 0 0 0 0 0 0 0 0 7 0 0 10 0 0 0 1 0 0 0 0 0 0 0 0 16 10 18 10 0 0 13 0 33 0 0 16 0 4 0 39 8 19 0 0 1 0 3 0 0 1 3 1 0 7 2 1 0 0 2 1 0 0 9 16 0 0 0 0 9 0 0 0 0 0 9 0 0 0 0 0 0 0 0 0 0 0 6 0 0 21 0 0 0 0 0 0 0 0 0 3 0 13 0 0 15 9 7 4 0 1 7 9 11 22 7 0 9 17 11 0 8 31 0 16 0 0 0 0 0 0 14 0 0 4 0 0 1 0 0 0 0 0 6 0 0 0 0 0 0 0 0 0 0 15 0 0 0 2 0 0 0 65 0 0 0 0 0 0 2 0 2 0 0 0 0 0 0 0 0 0 0 0 0 0 0 0 0 0 0 0 0 0 0 0 
 3 3 3 0 3 3 3 3 3 2 3 3 3 3 6 3 1 5 2 2 3 1 4 0 63 22 0 2 0 1 1 2 0 0 8 0 0 0 0 0 176 0 624 70 37 103 305 192 67 96 43 29 123 125 139 111 311 111 42 119 0 0 1 0 0 1 0 0 0 0 0 0 0 0 0 0 1 0 76 0 0 0 0 0 0 0 0 0 0 0 0 0 0 0 0 0 0 0 0 0 0 0 0 0 6 10 1 8 0 0 43 0 0 0 0 0 0 39 0 0 9 22 0 7 0 16 22 14 2 15 32 33 0 23 0 19 7 37 8 20 0 0 0 0 0 0 9 0 0 0 12 0 0 0 0 0 0 0 47 9 0 0 0 0 0 0 0 10 0 0 0 0 0 0 0 0 0 0 0 0 0 9 0 0 1 4 0 0 2 1 0 0 1 0 0 0 2 4 0 0 1 0 13 37 0 21 19 22 13 19 0 43 18 0 6 0 14 29 3 46 13 32 0 0 0 0 0 0 10 0 0 0 0 0 0 0 0 0 9 0 0 0 0 0 0 0 0 0 0 0 0 8 0 1 0 0 2 0 7 10 0 7 29 0 2 0 0 0 0 0 0 0 0 0 0 0 0 0 0 0 0 0 0 0 0 0 0 0 0 0 
 0 0 0 0 0 0 0 62 0 0 0 0 0 3 3 0 0 0 0 0 0 0 0 0 66 0 0 0 0 0 0 2 0 0 0 0 0 0 0 0 175 624 0 109 318 328 75 181 145 146 170 154 72 319 51 192 278 33 50 325 0 1 7 4 0 0 5 0 4 10 51 0 22 0 4 2 2 0 17 6 0 0 0 0 0 11 0 0 0 0 0 0 0 1 0 8 0 0 0 0 0 0 0 0 3 0 0 0 0 0 0 12 0 0 0 0 0 0 0 0 1 7 0 0 8 8 9 0 0 13 21 6 7 6 0 7 0 1 7 11 13 4 8 0 0 0 37 0 0 2 0 1 7 0 0 1 0 0 32 7 0 0 0 0 0 0 0 2 0 0 0 0 0 0 0 0 0 0 5 0 0 0 1 0 0 0 0 0 0 0 0 0 0 0 0 0 0 0 0 0 11 26 0 1 6 0 10 10 0 11 0 0 0 0 23 9 7 4 12 1 11 34 0 0 0 1 2 0 8 5 0 0 1 1 0 0 0 0 17 0 0 0 0 0 0 0 0 0 0 0 0 7 0 0 0 0 0 1 0 8 0 0 2 1 2 2 0 113 0 0 0 0 0 0 0 0 0 0 0 0 0 0 0 0 9 10 0 0 0 0 
 3 2 2 0 64 1 0 0 1 0 0 31 0 0 2 2 2 0 0 0 2 4 2 36 2 13 4 5 4 3 5 2 5 4 3 2 4 2 2 8 340 70 109 0 120 26 111 84 337 183 329 82 58 445 49 35 100 57 76 273 0 0 6 0 0 0 0 0 4 0 0 0 0 0 0 0 23 0 0 1 0 0 0 0 0 0 0 0 0 0 0 0 0 0 0 0 0 0 0 0 0 0 2 0 0 0 0 0 0 0 0 0 0 0 0 0 0 0 0 0 0 7 9 22 0 11 0 27 1 39 1 19 0 0 1 4 5 12 7 0 0 0 0 0 0 1 1 0 0 1 0 1 0 0 0 0 0 0 0 20 0 9 0 0 0 0 0 0 0 0 0 0 0 0 0 0 0 0 0 0 0 0 0 0 0 0 0 1 0 0 0 0 0 0 0 0 0 0 0 0 0 9 14 0 0 62 0 0 6 20 10 1 0 0 30 0 0 15 9 0 0 0 0 0 0 2 1 0 0 0 0 1 0 0 0 1 0 0 0 0 0 0 23 0 0 0 0 0 0 2 0 5 0 1 0 0 0 0 0 1 0 0 47 0 0 2 2 26 2 0 1 0 0 2 0 0 0 0 0 0 0 2 0 0 10 0 0 0 0 0 
 0 7 4 0 0 0 0 0 0 0 54 0 0 0 0 0 0 0 0 0 0 2 0 4 0 0 0 56 0 0 0 0 0 0 0 0 0 0 0 0 58 37 318 120 0 149 58 81 129 106 77 273 65 57 84 53 205 54 81 59 88 0 0 2 0 0 41 89 0 0 23 0 59 31 1 2 5 0 62 116 0 0 0 0 0 0 6 0 0 0 0 0 0 0 46 0 0 0 0 0 0 0 0 0 0 0 0 0 0 0 0 0 0 0 0 0 0 0 0 0 0 0 0 0 32 13 0 0 10 79 0 0 0 0 0 1 0 1 0 0 13 10 7 2 0 16 20 3 15 0 8 0 35 0 0 10 30 30 4 7 0 0 0 5 0 0 0 0 0 0 0 0 0 0 2 9 0 0 0 0 0 0 0 11 0 0 0 0 0 0 0 0 0 0 0 0 0 0 0 0 0 0 0 0 17 17 0 0 0 0 0 0 0 0 0 0 1 0 0 0 39 11 0 0 0 0 0 37 0 19 11 0 6 16 11 0 11 0 43 23 0 0 0 0 0 0 0 0 0 0 0 6 0 0 3 0 0 0 0 1 0 0 2 2 68 0 3 1 0 0 0 0 0 0 0 0 0 0 0 0 0 0 0 0 0 4 0 0 0 0 
 0 0 2 0 0 0 0 0 12 0 0 0 0 3 1 0 0 3 0 0 3 3 3 9 4 3 3 3 5 4 4 5 3 3 3 3 4 3 3 3 34 103 328 26 149 0 240 349 121 116 153 124 35 57 337 46 338 308 81 256 126 59 260 3 0 0 5 0 0 0 25 3 7 22 54 2 1 258 55 14 0 0 0 0 0 0 0 0 0 0 0 0 0 0 19 0 0 0 0 0 0 0 0 0 0 0 0 0 0 0 0 0 0 0 0 0 0 0 0 0 0 0 11 0 14 7 0 0 0 0 0 8 0 0 0 0 0 6 0 0 11 9 0 0 29 24 57 19 12 0 14 4 22 9 0 13 1 0 1 1 0 0 4 0 0 0 0 4 0 0 0 0 0 0 0 0 0 0 0 0 0 0 0 0 0 0 0 0 0 0 0 0 0 0 0 0 0 0 0 0 0 1 0 0 23 10 0 1 7 1 2 0 0 0 14 0 11 0 0 0 46 17 29 27 0 0 21 0 8 4 0 5 34 23 20 0 18 0 24 2 0 0 0 0 0 0 0 0 0 0 0 11 0 0 6 0 0 0 0 1 0 0 1 1 1 2 0 1 2 0 63 0 0 0 0 0 0 0 0 0 0 0 0 0 0 22 0 0 0 0 
 0 2 2 0 0 0 0 0 0 0 0 4 0 0 3 0 0 3 0 0 30 0 0 1 129 51 0 0 35 65 97 75 0 0 0 0 0 32 0 0 178 305 75 111 58 240 0 187 52 29 38 252 407 54 51 23 254 74 349 88 0 4 201 7 0 0 0 0 0 0 6 0 0 0 0 1 0 201 0 0 0 0 0 0 0 0 0 3 0 0 0 0 0 0 0 0 0 0 0 0 0 0 0 0 22 19 0 0 0 0 5 21 0 0 0 24 0 0 0 0 21 68 7 0 0 0 1 18 13 18 0 0 8 0 8 26 13 12 6 41 0 1 0 0 7 0 0 0 0 4 7 6 0 0 7 0 0 0 0 7 0 0 0 0 1 0 0 0 0 0 0 0 0 0 12 0 0 0 0 0 0 0 0 0 10 38 0 0 0 0 0 12 14 0 0 0 0 0 0 0 34 0 20 0 0 0 0 1 11 8 0 30 3 19 0 19 20 0 1 29 0 0 0 0 2 7 2 0 7 0 16 0 0 0 0 8 0 5 0 0 0 0 0 0 0 0 0 0 0 0 0 5 0 0 0 0 0 103 0 0 27 0 2 0 0 2 11 0 0 0 23 0 0 0 0 0 0 0 0 0 0 0 0 0 0 0 1 8 0 0 
 2 7 2 0 2 6 2 2 2 2 2 6 5 2 10 2 2 2 7 2 0 6 9 4 3 132 9 0 1 0 0 0 10 0 0 206 3 98 3 0 525 192 181 84 81 349 187 0 67 327 111 336 223 285 111 154 35 39 446 134 23 0 0 0 0 0 0 0 0 0 0 0 0 0 0 2 0 0 51 0 0 0 0 0 0 0 0 0 0 0 0 0 0 0 0 0 0 0 0 0 7 4 7 0 13 0 8 0 4 0 0 0 0 0 8 11 5 0 0 0 0 0 0 0 0 11 0 0 0 54 45 11 23 0 25 0 11 17 2 1 1 0 0 0 0 0 20 0 0 0 0 0 0 0 3 0 0 0 31 15 0 0 1 0 0 0 0 4 0 0 0 0 0 0 0 0 0 0 0 0 0 0 0 13 0 0 5 6 10 8 3 0 12 0 0 0 22 1 0 0 1 2 2 11 2 0 22 27 12 1 5 20 1 15 28 27 2 0 0 0 0 21 0 0 0 0 0 0 11 0 0 0 0 0 0 0 0 0 10 0 0 0 0 0 0 0 0 0 0 0 0 6 0 1 0 0 0 6 0 13 0 0 0 0 1 4 14 0 0 0 0 0 0 0 0 0 0 0 0 0 0 7 0 0 0 0 11 0 0 0 
 0 2 0 0 0 0 70 0 0 0 0 0 0 0 0 0 0 1 0 0 0 22 0 0 2 0 0 0 0 0 0 0 0 0 0 0 0 0 42 0 101 67 145 337 129 121 52 67 0 253 59 258 82 231 168 136 339 69 98 301 1 0 0 209 7 2 4 0 0 3 51 2 3 0 3 3 2 2 50 6 0 0 0 0 0 0 0 0 0 0 0 0 0 0 10 0 0 0 0 0 0 0 0 0 1 0 0 0 0 0 0 0 0 0 0 9 0 0 0 0 0 9 0 11 8 14 0 15 1 8 14 27 0 0 0 0 0 15 0 0 21 15 0 0 0 17 8 0 0 0 0 0 7 0 0 1 0 0 8 18 0 0 0 0 0 0 0 0 0 0 0 0 0 12 4 0 0 0 6 0 0 0 0 0 0 0 11 0 0 0 0 0 0 0 0 9 0 0 0 0 0 16 10 0 6 29 0 0 0 16 9 0 0 0 25 0 0 32 0 0 11 20 0 0 0 0 0 0 14 0 0 3 0 1 1 0 0 0 11 0 0 0 0 0 0 0 0 0 0 0 0 7 0 0 0 0 0 0 0 15 0 0 13 63 0 3 2 64 0 0 0 0 0 0 0 4 0 0 0 0 0 0 0 0 15 25 0 0 0 0 
 2 5 3 0 2 2 2 2 2 2 2 3 2 2 2 2 2 2 2 2 0 0 63 0 0 6 0 68 0 0 0 1 0 0 0 0 0 0 0 0 251 96 146 183 106 116 29 327 253 0 150 143 48 328 166 293 175 88 89 83 51 0 0 3 53 0 5 0 0 0 27 0 3 26 51 2 1 0 102 65 0 0 0 0 0 0 0 0 0 0 0 0 0 0 0 0 0 0 0 0 0 0 0 0 0 0 0 0 0 0 0 0 0 0 0 0 0 0 0 0 0 13 17 21 14 27 0 0 23 14 23 17 5 0 0 0 6 30 6 0 9 26 0 0 0 0 34 0 0 0 0 31 24 0 0 0 29 0 1 2 0 0 6 0 0 0 0 6 0 0 0 0 0 0 0 0 0 0 0 0 0 0 0 0 0 0 0 0 0 0 0 0 0 0 0 0 0 0 0 0 0 0 0 5 30 4 0 0 7 0 8 0 0 12 24 0 8 0 0 0 12 21 0 0 0 0 17 7 0 0 0 0 20 25 10 0 0 0 10 1 0 0 0 0 0 0 0 0 0 0 0 15 0 1 0 0 0 0 0 0 0 0 0 0 1 2 0 1 0 0 11 0 0 0 0 0 0 1 0 0 0 3 0 0 18 33 0 0 0 0 
 3 8 11 7 0 0 0 4 0 2 1 62 0 0 0 0 0 0 0 0 0 2 0 0 2 0 0 0 0 0 31 2 0 0 0 0 0 0 0 0 25 43 170 329 77 153 38 111 59 150 0 224 73 172 85 116 172 228 45 94 0 0 2 4 0 0 2 0 2 1 0 0 0 52 0 0 2 5 1 0 0 1 0 12 0 0 15 0 0 0 0 10 0 0 0 0 0 0 0 0 0 0 0 7 0 0 0 0 0 0 0 11 0 0 0 0 0 0 0 0 0 6 11 9 11 8 12 10 0 0 6 0 10 6 6 0 0 0 9 0 0 0 0 0 0 0 4 0 0 0 0 7 33 4 0 0 0 0 22 4 1 0 1 0 0 0 0 1 0 3 0 0 3 8 2 0 0 0 0 0 0 0 0 0 0 0 0 0 0 0 0 0 0 0 0 3 0 0 0 0 0 17 0 16 7 20 32 9 0 14 12 31 7 0 0 0 0 23 0 0 0 16 0 0 0 0 0 0 0 0 0 0 3 0 0 0 0 0 0 0 0 2 13 0 0 0 1 0 0 0 0 17 0 0 0 0 0 0 0 2 0 29 1 0 0 6 0 65 0 0 10 0 0 0 0 0 0 0 0 0 0 0 0 0 0 0 0 0 0 0 
 5 0 0 0 0 1 0 0 1 0 2 0 0 0 3 0 0 0 0 1 0 0 0 6 0 0 2 0 3 0 0 0 2 1 0 0 0 0 0 2 312 29 154 82 273 124 252 336 258 143 224 0 259 45 116 131 309 175 58 314 66 3 4 0 1 1 0 52 1 0 0 0 49 49 23 3 4 2 77 0 0 0 0 0 0 0 12 2 0 0 0 6 0 2 0 0 0 0 0 0 0 0 0 0 0 0 0 0 19 0 0 0 0 0 0 0 0 0 0 0 16 0 0 6 10 11 11 10 0 11 18 12 0 13 0 20 7 0 18 0 29 17 0 0 3 0 14 15 14 0 10 3 16 0 0 1 0 0 18 20 0 1 0 0 2 0 0 3 0 7 0 0 6 8 10 0 0 0 13 0 0 0 0 0 0 0 0 0 0 0 0 0 0 0 0 0 0 0 0 0 0 0 13 16 15 10 0 0 0 0 0 0 0 10 11 0 10 12 0 0 0 9 5 5 0 0 12 1 22 0 0 0 0 10 21 0 10 8 6 34 0 4 0 0 0 0 0 0 0 0 0 16 30 1 0 0 0 0 0 14 0 1 2 72 73 2 0 2 0 0 11 0 0 0 0 0 0 0 0 0 0 0 0 0 0 0 0 0 0 0 
 0 4 4 0 0 5 0 0 0 0 0 0 0 0 0 0 0 0 0 0 0 0 66 0 68 180 0 0 0 86 0 18 0 0 0 1 11 126 0 0 60 123 72 58 65 35 407 223 82 48 73 259 0 134 42 25 23 177 222 104 0 0 0 7 0 0 0 0 0 0 7 0 201 0 201 3 27 0 0 0 0 0 0 0 0 0 0 0 0 0 0 0 0 0 0 0 0 0 0 0 0 0 0 0 11 0 0 0 2 0 0 2 0 0 0 0 0 0 0 0 11 8 26 2 14 0 3 18 12 19 9 1 14 19 19 13 0 0 15 18 0 0 0 0 0 1 0 0 0 18 14 7 0 0 0 0 0 0 6 4 0 0 0 0 1 0 0 0 0 0 0 0 0 0 0 0 0 0 0 0 0 0 6 0 0 14 0 0 0 18 5 0 0 0 0 0 0 17 0 0 1 17 1 15 0 0 11 34 0 0 9 53 7 1 0 14 0 0 0 16 0 0 0 4 17 0 0 0 0 0 9 0 0 0 0 8 0 3 1 0 0 0 0 0 0 0 0 0 0 0 0 4 0 0 0 0 0 64 0 0 0 0 1 0 0 23 5 0 0 0 17 0 0 0 0 0 0 0 0 0 0 0 0 0 0 0 10 0 0 0 
 0 0 0 0 0 0 0 2 0 2 0 0 0 0 1 1 0 0 0 0 3 3 3 3 3 3 3 3 6 3 3 3 3 3 3 5 3 3 3 3 95 125 319 445 57 57 54 285 231 328 172 45 134 0 87 111 31 110 107 403 0 0 6 0 0 0 0 0 3 0 0 0 0 0 0 2 12 49 0 2 0 0 0 0 0 0 0 5 0 0 0 0 0 0 0 0 0 0 0 0 0 0 0 0 0 0 0 0 0 0 0 0 0 0 0 0 0 0 2 0 14 25 4 11 13 8 10 40 14 6 3 29 16 19 15 2 17 11 7 0 0 0 0 0 0 0 0 0 0 0 0 0 0 0 2 0 0 0 0 20 0 0 0 0 0 0 0 0 0 0 0 0 0 0 0 0 0 0 0 0 0 0 0 0 0 18 0 0 0 0 0 0 0 0 0 0 0 0 0 0 0 24 22 3 0 20 21 31 3 26 39 5 0 1 56 15 0 25 0 0 0 0 0 0 0 0 1 0 0 0 0 16 0 0 0 0 0 0 0 0 0 0 28 0 0 0 0 0 0 0 0 4 0 8 0 0 0 0 0 0 0 0 64 0 1 23 2 1 0 0 0 0 0 0 0 0 0 0 0 0 0 0 6 0 11 0 0 0 0 0 
 0 3 0 0 0 2 0 0 0 0 0 0 0 0 1 0 0 44 0 0 2 0 1 0 2 0 1 0 1 1 0 1 2 0 1 2 1 0 68 24 60 139 51 49 84 337 51 111 168 166 85 116 42 87 0 157 90 114 89 219 0 2 0 0 0 0 2 1 0 0 0 0 1 4 0 6 1 0 2 4 0 0 0 0 0 0 8 0 0 0 0 0 0 0 0 0 22 0 0 0 0 0 0 0 0 0 0 17 0 4 0 0 0 0 0 0 0 5 0 0 9 12 14 12 0 26 42 14 9 13 12 22 10 36 33 15 31 72 9 4 0 0 5 0 0 0 2 0 0 0 0 0 0 0 1 0 0 0 0 0 0 0 8 0 6 11 0 2 0 14 0 0 0 0 0 0 0 15 0 0 0 0 0 0 0 0 14 0 0 0 0 0 0 4 0 5 4 0 0 1 0 19 9 30 3 1 20 98 40 0 45 35 32 26 1 18 37 6 0 26 0 0 0 0 2 0 0 0 0 0 0 0 11 0 0 0 0 0 9 0 0 10 0 0 0 0 0 0 68 0 0 3 0 0 0 0 0 0 0 0 0 0 7 0 0 2 2 0 0 0 0 0 0 0 0 0 20 0 0 0 0 0 0 0 18 0 0 0 0 0 
 0 2 1 0 0 3 0 0 4 0 0 0 0 2 0 0 0 0 29 0 0 0 0 0 2 0 0 0 0 0 0 0 0 0 0 0 1 0 0 0 59 111 192 35 53 46 23 154 136 293 116 131 25 111 157 0 111 174 31 197 2 0 0 1 0 0 0 0 0 53 0 2 0 0 6 1 6 0 50 2 0 0 0 0 0 0 11 0 0 0 0 0 0 0 0 0 0 0 0 0 0 0 0 0 0 0 0 0 0 0 0 0 0 0 0 0 0 0 0 0 16 6 0 11 0 0 5 11 11 33 12 31 0 20 18 10 2 22 0 0 21 9 0 0 0 0 2 0 0 0 0 0 0 0 4 0 0 0 17 25 0 0 0 0 0 0 0 1 0 0 0 0 0 0 2 0 0 0 2 0 0 0 0 0 0 0 0 0 0 0 0 0 0 0 0 0 0 0 0 0 0 7 36 26 1 0 12 8 18 29 32 21 14 18 23 12 2 52 0 21 0 11 0 0 0 0 0 0 14 0 0 0 0 0 0 0 0 0 0 0 0 0 0 0 0 0 0 0 0 0 0 7 0 1 0 0 0 0 0 13 0 0 2 63 1 2 2 0 0 0 0 0 0 0 0 0 0 0 0 0 0 0 13 0 9 0 0 17 0 0 
 0 0 4 0 0 0 1 0 0 0 0 0 0 0 0 0 0 3 0 0 0 0 0 2 2 0 2 0 0 0 0 0 0 0 2 208 0 0 0 0 21 311 278 100 205 338 254 35 339 175 172 309 23 31 90 111 0 66 31 38 3 0 0 6 7 0 57 0 0 2 52 0 34 54 1 1 0 0 30 73 0 0 0 0 0 0 0 0 0 0 0 0 0 0 0 3 0 0 0 0 0 0 0 0 8 0 0 0 0 0 0 0 0 0 0 0 0 0 0 0 0 0 0 20 30 14 0 16 20 13 0 8 0 0 0 8 0 10 0 0 0 0 0 1 0 0 8 0 0 0 0 27 11 0 0 0 0 1 5 0 0 0 0 0 0 0 0 0 0 0 0 0 0 0 0 0 0 0 0 0 0 0 0 0 5 0 0 0 0 0 0 0 0 9 0 0 0 0 0 0 0 11 1 0 12 33 0 0 0 7 0 0 0 0 0 0 10 0 0 0 12 33 0 0 0 0 0 23 0 0 0 0 9 1 4 0 0 1 10 0 0 0 0 0 0 0 0 0 0 2 0 8 0 0 0 0 0 0 0 0 0 0 65 0 0 1 0 79 0 0 0 0 0 0 0 0 0 0 0 0 0 0 0 0 26 23 0 0 0 0 
 0 0 0 0 0 0 4 0 0 0 0 0 0 0 0 0 0 3 0 0 0 0 0 0 0 64 0 0 0 0 1 3 0 0 0 0 0 0 2 0 94 111 33 57 54 308 74 39 69 88 228 175 177 110 114 174 66 0 38 232 0 0 1 0 48 0 0 0 0 0 0 0 0 52 50 2 10 0 51 0 0 0 0 0 0 0 0 0 0 0 0 0 0 0 0 0 0 0 0 0 0 0 0 0 1 0 8 0 0 0 0 0 0 0 0 0 0 0 0 0 13 13 0 7 9 0 19 23 23 5 21 18 8 45 11 11 57 7 12 1 0 0 0 0 0 0 4 0 0 0 0 6 11 0 0 0 0 0 21 0 0 0 0 0 1 0 0 0 0 0 0 0 0 0 0 0 0 0 0 0 0 0 0 0 0 11 0 0 0 0 0 0 0 0 0 0 0 0 0 0 0 32 30 33 12 23 19 26 0 5 0 15 5 12 19 11 17 26 0 0 0 16 0 0 0 0 0 0 0 0 0 0 8 0 15 0 0 0 0 0 0 0 0 0 0 0 0 0 0 0 0 5 0 0 0 0 0 0 0 0 0 0 0 1 3 13 3 2 2 0 3 0 0 0 0 0 0 0 0 0 0 0 4 0 5 0 0 0 0 0 
 0 0 5 0 0 34 0 0 0 3 0 0 1 0 11 0 0 3 0 0 62 68 130 64 68 64 1 0 75 0 128 1 0 0 0 63 3 163 0 0 62 42 50 76 81 81 349 446 98 89 45 58 222 107 89 31 31 38 0 225 0 34 0 0 0 0 0 0 5 21 0 0 0 0 7 0 0 0 0 0 0 0 0 0 0 0 0 0 0 0 0 0 0 0 0 0 0 0 0 0 0 0 20 0 53 1 0 1 0 12 0 0 0 0 0 13 0 1 0 0 8 0 0 0 0 0 20 0 0 30 8 0 8 13 27 0 19 15 8 7 9 0 6 0 31 0 0 0 0 0 0 0 0 0 4 0 0 0 0 0 0 0 0 0 0 0 0 1 0 0 0 0 0 0 0 3 0 0 0 0 0 1 0 10 14 0 0 0 0 0 10 16 0 0 0 0 8 0 0 0 3 13 1 2 0 0 18 9 20 0 20 1 7 6 0 33 0 0 10 0 0 1 1 0 0 7 0 0 10 0 0 0 0 0 0 0 0 0 0 0 0 0 0 0 0 0 1 0 0 0 0 10 0 0 0 0 0 111 65 0 12 0 2 0 0 3 16 0 0 0 0 0 0 0 0 0 0 0 0 19 0 0 0 0 19 0 5 0 0 0 
 0 6 0 0 0 0 0 0 0 0 0 0 0 0 0 0 0 0 0 0 0 0 0 0 2 1 0 0 0 0 0 0 0 0 0 0 0 0 0 0 83 119 325 273 59 256 88 134 301 83 94 314 104 403 219 197 38 232 225 0 0 0 1 3 51 0 0 0 0 3 3 0 0 0 0 0 2 1 0 0 0 0 0 0 0 0 0 0 9 0 0 0 0 0 0 0 17 0 0 0 0 0 0 0 0 0 0 0 0 0 0 0 7 0 0 0 0 0 0 0 10 13 1 24 13 0 18 15 8 23 0 26 11 26 25 9 14 15 10 0 0 0 0 0 0 0 0 0 0 0 0 0 0 0 8 0 0 0 23 0 0 0 0 0 0 0 0 0 0 0 0 0 0 0 0 0 0 0 0 14 0 0 0 7 0 0 0 0 0 0 0 0 0 0 0 0 0 0 0 0 0 27 7 70 3 3 56 18 38 8 81 45 16 16 10 9 4 57 0 19 0 0 0 0 0 0 0 0 0 0 0 0 0 0 0 0 0 0 0 0 0 0 0 0 0 0 0 0 0 0 0 4 0 0 0 0 0 0 0 0 0 0 1 0 0 6 0 0 1 0 0 0 2 0 0 0 0 0 0 0 0 0 1 0 0 0 0 0 0 0 
 0 9 0 0 0 0 0 0 6 0 0 0 0 0 0 0 0 0 0 0 0 3 0 0 3 0 0 0 0 0 0 0 2 0 0 0 0 0 4 0 0 0 0 0 88 126 0 23 1 51 0 66 0 0 0 2 3 0 0 0 0 239 168 45 233 37 266 95 238 87 71 229 57 166 82 66 299 192 31 38 0 0 0 0 0 0 0 0 0 0 0 0 0 0 0 0 0 0 0 0 0 0 0 0 0 0 0 0 0 0 0 0 0 8 0 0 0 0 2 0 0 0 0 0 3 0 0 0 0 0 0 0 0 2 0 19 0 0 0 0 24 10 1 11 46 0 0 87 23 0 16 0 16 43 0 12 30 11 0 4 0 0 0 0 0 0 0 0 0 0 8 0 0 0 0 0 0 0 0 0 0 0 0 0 0 0 0 0 0 0 0 0 0 0 0 0 0 0 0 0 0 0 0 0 0 0 9 0 11 0 0 0 0 0 0 0 0 0 8 0 0 33 57 24 25 3 36 30 0 13 6 33 12 25 4 13 44 15 9 25 19 0 0 0 0 0 0 0 0 0 0 0 0 0 0 0 0 0 0 0 0 0 0 1 0 0 10 0 0 0 2 1 5 2 1 0 0 0 0 0 0 0 0 0 0 8 0 0 0 0 
