 0 290 110 354 25 32 236 48 169 321 68 251 50 207 254 30 192 135 201 57 0 0 0 0 0 0 0 0 0 0 2 0 0 3 3 2 0 0 0 0 2 0 0 0 0 0 0 3 0 0 0 0 0 0 4 3 0 2 0 0 0 0 0 0 0 0 0 3 0 3 0 0 0 0 2 2 0 0 0 0 9 36 15 19 1 1 53 35 19 18 20 23 0 14 71 64 13 15 0 2 1 0 0 0 0 0 0 0 0 0 0 0 0 0 0 0 0 11 0 0 0 0 0 0 0 0 0 0 0 0 0 0 0 0 0 0 0 0 0 1 0 0 0 0 0 0 0 6 0 0 0 0 1 0 0 0 2 6 0 0 32 18 0 10 33 0 13 12 23 16 19 14 18 0 16 1 14 12 0 0 0 0 0 0 0 0 0 0 0 0 0 0 0 0 0 0 0 0 0 0 0 0 0 0 0 0 0 0 0 0 0 0 0 0 0 0 0 0 0 2 0 0 0 2 0 0 0 0 0 0 0 0 0 0 0 0 1 0 0 0 0 39 0 0 0 1 3 0 0 1 0 2 0 0 0 0 0 0 0 0 0 0 11 0 0 0 0 0 0 0 0 0 0 0 0 0 0 1 0 0 0 0 0 0 0 0 0 0 0 0 
 290 0 202 199 116 89 285 657 76 139 118 117 54 44 307 112 204 38 87 61 0 0 0 50 0 9 0 0 0 0 4 0 0 3 6 2 0 3 0 4 10 5 0 8 0 0 0 3 2 0 1 0 0 0 0 3 6 10 0 10 0 0 2 0 0 0 0 9 0 5 2 0 6 0 2 8 4 4 9 3 9 0 13 33 7 38 1 8 0 18 0 0 35 18 7 44 38 0 0 6 21 0 0 0 0 0 0 0 0 0 0 0 10 0 0 0 0 0 0 0 0 6 0 0 0 0 0 0 0 0 0 0 0 0 0 0 0 0 0 0 0 0 0 0 0 0 0 7 0 0 24 0 0 0 0 0 0 0 0 0 2 29 24 7 22 27 23 25 15 19 0 0 0 6 0 12 27 0 8 8 0 0 0 0 0 0 1 0 0 0 0 0 9 0 0 0 0 0 0 0 0 0 0 0 0 0 0 0 0 0 0 20 0 0 0 0 0 0 0 0 0 0 0 0 0 0 0 0 0 0 0 0 0 0 0 0 0 0 0 0 0 0 0 0 0 2 0 1 90 0 0 4 73 0 0 0 0 0 0 0 71 0 0 0 0 0 0 0 0 0 0 0 0 0 0 39 5 24 0 0 0 0 0 0 0 0 0 0 0 0 
 110 202 0 234 59 48 167 209 719 345 249 340 130 62 91 167 353 172 39 178 0 0 0 0 0 0 0 0 0 0 0 2 23 78 2 2 74 0 0 0 1 0 0 0 0 0 0 81 0 2 0 0 0 0 0 3 0 3 0 0 3 0 0 0 0 0 0 3 0 2 0 0 0 30 2 2 0 0 2 0 13 0 28 32 21 1 0 10 12 0 11 0 34 39 0 22 18 38 0 1 1 0 0 0 0 0 0 0 16 0 0 0 1 0 0 0 0 1 27 0 0 0 0 0 0 0 0 0 0 0 0 0 0 0 0 0 0 0 0 0 0 0 0 0 0 0 0 1 0 0 0 3 8 0 0 0 0 3 0 0 5 19 20 1 15 71 0 3 0 20 16 0 1 28 1 17 49 25 0 1 19 0 0 0 0 0 6 9 0 0 0 0 7 2 0 1 2 0 13 0 0 0 0 0 0 0 0 0 0 0 0 0 0 0 0 0 0 0 0 0 0 0 0 0 0 0 0 0 0 0 0 0 0 0 1 0 0 0 0 0 0 0 0 0 0 3 91 0 90 42 0 11 16 0 0 0 0 0 0 0 0 0 0 0 0 0 0 0 0 2 0 0 0 0 0 0 0 0 0 0 0 0 0 0 0 0 0 0 0 2 
 354 199 234 0 120 37 209 338 282 525 294 141 159 204 265 142 87 161 140 333 0 0 0 0 0 4 0 0 0 0 3 0 0 4 2 2 0 0 0 75 0 0 1 0 0 0 0 3 0 0 0 0 0 0 1 3 3 3 0 0 2 0 0 0 4 0 0 3 3 61 0 0 0 0 2 2 6 0 2 0 20 3 6 34 8 11 1 7 19 57 49 14 15 44 0 29 8 29 0 5 10 34 1 0 0 0 0 0 0 0 1 0 9 0 0 0 1 0 14 0 0 0 0 0 16 0 0 0 0 0 0 2 0 0 0 0 0 0 0 0 0 0 0 0 0 0 0 0 0 0 0 0 6 0 0 0 0 0 0 0 24 0 1 0 47 49 0 0 11 11 22 12 5 25 1 68 8 0 0 0 10 0 0 0 0 0 0 10 16 0 0 0 7 15 0 0 0 3 26 0 1 0 0 0 0 0 0 0 0 0 0 0 1 0 1 2 0 0 0 0 0 0 0 0 2 0 0 0 0 0 7 0 0 0 0 0 0 23 0 0 0 0 0 0 0 2 98 0 92 1 0 1 16 0 2 0 0 0 0 0 2 0 13 0 0 0 0 0 0 0 0 0 0 0 0 0 0 0 0 0 0 0 0 0 0 0 0 0 0 0 
 25 116 59 120 0 235 55 62 185 303 380 112 330 70 96 179 67 203 84 88 0 73 59 0 0 0 99 0 0 0 0 0 3 76 42 4 0 75 22 95 65 0 0 0 0 0 0 3 0 0 0 0 0 0 0 3 0 3 0 0 0 0 0 0 0 0 0 3 0 3 0 0 0 0 2 2 0 0 0 1 0 24 0 0 0 86 0 0 142 18 18 9 0 0 0 9 7 1 0 0 0 0 21 1 0 0 16 4 13 0 0 2 35 14 0 13 21 0 0 16 18 0 0 0 4 0 0 0 0 0 0 0 0 15 0 0 0 0 31 0 0 0 0 0 0 0 2 0 0 0 0 0 0 1 0 0 0 0 0 0 0 28 10 17 10 23 0 0 14 0 14 65 0 0 11 0 14 0 0 0 6 0 0 17 0 0 12 16 0 17 0 1 40 14 32 26 0 0 0 24 0 0 0 0 0 0 0 0 0 0 0 0 0 13 0 0 0 0 0 0 0 0 0 0 0 0 0 0 0 0 0 0 0 0 0 0 0 2 0 2 0 16 0 0 0 6 0 2 1 92 19 9 0 0 0 0 0 0 0 0 0 0 0 0 0 0 0 0 0 0 0 0 0 0 0 0 11 0 0 0 0 0 0 0 0 1 0 0 0 0 
 32 89 48 37 235 0 31 41 53 77 252 57 36 57 53 190 577 33 30 52 74 149 40 1 3 1 4 90 0 30 0 2 36 40 5 3 212 74 213 27 65 3 0 0 0 0 0 4 0 0 3 0 0 0 2 32 3 3 0 0 3 0 0 0 0 0 5 3 0 7 0 4 5 0 2 2 0 0 0 3 0 0 0 38 8 28 0 0 0 0 2 0 1 0 0 13 11 10 1 0 13 28 42 0 0 0 32 33 0 0 0 0 21 42 0 0 15 0 19 32 0 0 0 0 0 0 0 1 0 0 0 0 0 2 0 0 0 0 20 0 0 0 0 0 0 0 0 0 0 0 0 0 0 2 0 0 0 0 0 1 0 2 25 14 0 10 0 0 1 0 0 12 0 0 0 0 0 0 0 0 10 0 5 30 2 0 0 29 7 27 0 21 11 23 9 17 0 0 10 37 0 0 0 0 0 0 0 0 0 0 0 0 0 14 0 0 0 0 0 0 0 0 0 0 0 0 0 0 0 2 10 0 0 0 0 0 16 0 0 1 0 0 0 0 0 2 0 1 1 9 1 3 1 0 3 0 0 0 0 0 0 0 0 0 0 0 10 0 0 0 0 0 0 1 0 0 22 0 0 0 0 0 0 0 0 0 0 0 0 0 
 236 285 167 209 55 31 0 113 261 504 20 46 757 133 311 155 43 122 375 392 0 0 0 0 2 0 0 0 0 0 0 0 0 5 3 2 1 0 0 1 2 0 0 0 0 0 0 3 0 0 0 0 0 0 0 3 0 2 0 5 0 0 0 0 0 57 0 3 0 3 0 0 0 0 2 2 0 0 2 0 35 2 16 38 0 0 21 30 20 25 17 12 10 2 21 44 0 0 15 18 0 1 0 0 0 0 0 0 0 0 0 0 0 0 0 0 0 0 0 1 2 0 0 0 0 0 0 0 0 0 0 0 0 0 0 0 0 0 0 0 0 0 0 0 0 1 0 18 0 0 0 0 1 0 0 0 0 9 0 0 8 32 0 23 16 2 17 30 25 39 0 0 8 11 5 18 12 1 8 0 0 0 0 0 0 0 0 0 0 0 0 0 0 0 0 0 0 2 0 0 0 0 0 0 0 0 0 0 0 0 0 0 0 0 0 0 0 0 0 0 33 0 0 0 0 0 0 0 0 0 0 0 0 0 0 0 0 0 0 0 0 0 0 0 0 0 0 0 2 2 0 8 19 0 0 0 0 0 0 0 0 0 0 0 0 0 0 0 0 0 0 0 0 0 0 4 0 6 0 0 0 0 0 0 0 0 0 0 0 0 
 48 657 209 338 62 41 113 0 78 151 241 107 333 109 241 124 479 63 54 127 0 0 1 0 0 0 0 0 44 1 0 0 0 70 3 2 0 0 2 1 2 0 0 0 0 0 0 3 0 0 0 0 0 0 0 3 0 2 0 0 0 13 0 0 0 0 0 3 0 6 0 0 0 0 2 2 0 0 2 0 11 39 11 23 13 0 0 0 5 18 0 0 15 21 14 13 20 0 0 20 0 0 0 0 0 0 0 0 0 0 0 0 1 0 0 0 0 0 0 0 0 0 0 0 0 0 0 0 0 0 0 0 0 0 0 0 0 0 0 0 0 0 0 2 0 2 0 0 0 0 1 0 0 0 0 0 0 0 0 0 0 28 15 2 10 15 0 0 5 36 0 4 0 36 1 15 0 0 0 0 0 0 0 0 0 0 2 0 0 1 0 0 7 0 0 0 0 0 0 0 0 0 0 0 0 0 0 0 0 0 0 2 0 0 0 0 0 0 24 0 0 0 2 0 0 0 17 0 0 0 0 0 0 0 0 0 0 0 0 0 0 2 0 0 0 1 0 2 88 0 5 7 17 0 2 0 0 0 0 0 0 0 0 0 0 0 0 0 0 0 0 0 0 0 0 0 0 0 0 0 0 0 0 0 0 0 0 0 0 0 
 169 76 719 282 185 53 261 78 0 209 138 114 134 166 382 59 147 207 166 75 0 0 0 2 0 0 0 0 0 0 0 0 76 4 2 2 0 0 0 75 4 0 0 0 0 0 0 3 0 2 0 0 0 0 0 3 0 2 0 0 0 0 0 0 2 0 0 3 0 3 0 0 0 0 2 2 0 0 2 0 0 37 15 19 8 3 9 7 0 27 38 0 0 0 9 14 0 20 0 11 1 1 0 0 0 0 0 0 1 0 0 0 15 0 0 0 0 0 14 12 0 0 0 0 14 0 0 0 0 0 0 0 0 0 0 0 0 0 0 2 0 0 0 0 0 0 0 0 0 0 0 2 2 0 0 0 1 0 0 0 15 0 13 9 13 11 0 1 21 28 15 0 13 0 6 33 23 15 0 0 10 0 0 0 0 0 6 12 14 0 0 0 0 9 0 0 0 0 26 1 0 0 0 0 0 0 0 0 0 0 0 0 0 0 0 0 0 0 0 1 0 0 0 0 0 0 0 0 0 0 0 0 0 0 0 0 2 0 0 0 0 0 0 0 0 1 51 0 2 2 0 5 0 0 0 0 0 0 1 0 0 0 0 0 0 0 0 0 0 0 0 0 0 0 0 0 0 0 0 0 0 0 0 0 0 0 0 0 0 0 
 321 139 345 525 303 77 504 151 209 0 246 195 147 215 196 285 458 38 65 202 4 3 2 4 2 1 3 0 0 2 1 3 0 6 5 3 3 1 0 1 4 2 0 2 2 4 0 5 1 2 2 4 2 1 10 7 2 7 5 2 0 0 2 2 2 0 2 7 5 6 2 4 58 0 3 3 0 6 0 0 9 4 0 16 9 0 0 0 18 2 2 11 16 54 1 17 16 4 0 0 0 0 0 0 0 0 0 0 0 0 1 0 32 0 0 0 0 0 0 0 0 0 0 0 1 0 0 0 0 0 0 0 1 0 0 0 0 0 0 0 0 0 0 0 0 0 15 0 19 0 0 18 6 0 0 0 0 0 0 0 17 19 0 0 43 30 0 0 0 58 45 10 14 33 0 48 2 0 0 0 4 0 0 0 0 0 43 5 20 0 0 0 9 14 2 1 0 0 19 2 0 0 0 0 0 0 0 0 18 0 0 0 0 0 0 0 0 0 0 0 0 0 14 0 0 0 0 0 0 0 2 0 0 0 0 0 0 0 0 0 0 14 0 0 0 2 107 0 89 3 0 5 12 0 0 0 0 0 0 0 1 1 14 2 0 0 0 0 0 0 0 0 2 0 0 0 0 0 0 0 0 0 0 0 0 0 0 0 0 0 
 68 118 249 294 380 252 20 241 138 246 0 152 49 50 270 105 308 271 31 281 0 0 2 0 0 0 88 75 0 0 0 0 118 106 2 2 0 0 103 151 0 0 0 0 0 0 0 3 0 0 1 0 0 0 10 3 0 3 0 0 0 0 0 0 0 0 0 3 0 2 0 0 0 0 2 2 0 0 0 2 13 20 0 12 0 103 0 0 16 0 24 35 0 20 13 27 10 24 0 0 19 15 3 0 0 0 11 0 0 0 0 0 41 0 0 15 1 10 14 13 0 0 0 0 1 0 0 0 0 0 0 0 0 0 0 0 0 0 0 0 0 0 0 0 0 0 0 0 0 0 0 0 6 0 0 0 0 0 0 0 21 14 14 0 64 18 0 0 0 0 11 17 4 0 0 18 0 0 0 0 10 0 0 0 0 0 14 24 26 0 0 0 19 0 9 0 0 0 29 0 0 0 0 0 0 0 0 0 0 0 0 0 0 0 0 0 0 17 0 0 0 0 0 0 0 0 0 0 0 0 0 0 0 0 0 0 0 0 0 0 0 10 0 0 0 6 179 0 2 95 1 10 0 0 0 0 0 0 0 0 0 0 10 0 0 0 0 0 0 0 0 0 0 0 0 17 26 0 0 0 0 0 0 0 0 0 0 0 0 0 
 251 117 340 141 112 57 46 107 114 195 152 0 45 267 204 36 78 453 128 239 3 0 0 2 2 2 1 23 0 1 0 1 153 4 4 4 0 0 0 3 0 0 0 0 0 0 0 3 0 0 0 0 0 0 6 3 0 2 0 0 0 0 0 0 0 1 4 3 0 3 0 0 0 0 2 2 0 0 0 3 12 10 17 20 28 1 4 34 8 22 43 14 1 8 0 15 46 40 0 0 8 0 0 0 0 0 0 0 2 0 0 0 0 0 0 0 0 0 12 0 0 0 0 0 15 0 0 0 0 0 0 0 0 0 0 0 0 0 0 0 0 0 0 0 0 0 0 1 0 0 35 3 6 0 0 0 0 3 0 0 1 0 10 7 0 31 0 1 31 0 16 7 0 2 2 48 16 34 0 0 10 0 0 0 0 0 18 9 3 0 0 15 21 3 18 23 0 0 71 0 0 0 0 0 0 0 0 0 0 0 0 0 0 0 0 0 0 0 0 0 0 0 0 0 0 0 0 0 0 0 0 0 0 0 0 0 0 0 0 0 0 0 0 0 0 5 87 0 0 87 1 11 1 0 0 0 0 0 0 0 0 0 0 0 0 1 0 0 0 0 0 0 0 0 0 26 0 0 0 0 0 0 0 0 17 0 0 0 0 0 
 50 54 130 159 330 36 757 333 134 147 49 45 0 398 34 88 42 26 346 169 1 0 0 0 0 0 1 0 0 2 0 0 0 3 2 2 1 0 1 0 1 0 0 0 0 0 0 3 0 0 0 0 0 0 0 3 0 3 0 0 0 0 0 0 0 0 0 3 0 2 0 0 0 0 2 2 0 0 4 0 0 3 0 13 1 0 0 0 0 0 0 0 51 14 0 16 0 2 22 14 0 0 0 0 0 0 0 0 0 0 0 0 1 0 0 0 11 1 0 0 0 0 0 0 0 0 1 0 0 0 0 0 0 0 0 1 0 0 1 0 0 0 0 0 0 0 0 0 0 0 0 0 0 0 0 0 0 0 0 0 32 0 1 0 22 32 58 0 0 13 0 0 0 29 6 1 10 0 0 10 0 0 0 0 0 0 0 0 0 0 0 0 0 0 0 0 2 0 0 0 0 0 0 0 0 0 0 0 0 0 0 0 0 0 0 0 0 0 0 0 0 0 0 0 0 0 0 0 0 0 0 0 0 0 1 0 0 0 0 0 0 0 3 0 0 1 0 0 2 2 1 6 24 0 0 0 0 0 0 0 0 0 0 0 0 0 0 0 0 4 0 0 0 0 0 0 0 0 0 0 0 0 0 0 0 0 0 0 0 2 
 207 44 62 204 70 57 133 109 166 215 50 267 398 0 121 132 36 90 192 188 0 0 0 0 0 0 0 0 0 0 0 0 0 3 3 2 2 0 0 1 2 0 0 0 16 0 0 3 0 0 2 0 0 0 1 3 0 2 0 0 0 0 0 0 0 0 0 3 0 3 0 0 0 0 2 2 0 0 4 0 10 28 0 2 7 0 32 35 22 1 41 14 22 75 2 10 29 41 0 23 0 0 0 0 0 0 0 0 0 0 0 0 0 0 0 0 0 0 0 0 0 0 0 0 15 0 0 0 0 0 0 0 0 0 0 0 0 0 0 0 0 0 0 0 0 13 0 0 0 0 0 0 0 0 0 0 0 9 0 0 28 0 16 0 0 40 26 4 12 19 27 12 9 23 0 37 25 3 0 5 0 0 0 0 0 0 0 0 0 0 0 0 0 0 0 0 0 0 51 0 0 0 0 0 0 0 0 0 0 0 0 0 0 0 0 0 0 0 0 0 0 0 0 0 0 0 0 0 7 0 0 0 0 16 0 0 0 0 0 0 0 0 0 0 0 1 3 2 1 44 0 5 0 0 0 0 0 0 0 0 0 0 12 0 0 0 0 0 0 0 0 0 0 0 0 0 0 0 0 0 0 0 0 0 0 0 0 0 0 0 
 254 307 91 265 96 53 311 241 382 196 270 204 34 121 0 82 113 190 77 210 2 0 11 0 0 0 3 0 0 0 0 0 0 3 5 5 2 0 1 0 0 0 0 0 0 0 0 3 2 0 0 0 0 0 0 3 0 5 0 0 0 33 0 0 3 0 0 3 0 7 0 0 0 27 2 2 2 3 4 0 18 45 9 21 11 0 39 19 9 27 12 29 28 13 23 49 22 15 0 10 0 0 0 0 0 0 0 0 0 0 0 0 0 0 0 0 0 0 0 0 0 0 0 0 0 1 0 0 0 0 0 0 0 0 0 0 0 0 0 0 0 0 0 0 0 0 0 2 0 0 0 3 0 0 0 0 0 6 0 0 16 4 7 2 30 16 0 1 64 68 0 0 12 5 43 10 15 8 0 0 0 0 0 0 0 0 0 0 0 0 0 0 0 0 0 0 0 0 1 0 0 0 0 0 1 0 0 0 0 0 0 0 0 0 0 0 0 2 1 0 0 0 0 0 0 0 0 0 0 0 0 0 0 0 11 0 0 0 0 0 0 0 0 0 0 3 3 0 3 2 0 6 16 0 0 0 0 0 0 0 0 0 0 0 0 0 0 0 2 0 0 0 0 0 0 0 0 0 0 0 0 0 0 0 0 0 0 0 0 0 
 30 112 167 142 179 190 155 124 59 285 105 36 88 132 82 0 65 131 36 126 0 0 0 0 0 1 6 75 2 0 4 36 73 77 81 8 0 0 3 2 1 0 3 3 3 0 2 6 2 6 3 1 0 0 6 3 0 3 0 0 3 2 0 2 0 33 3 46 2 8 6 2 3 0 3 2 0 0 5 0 11 0 14 25 0 10 45 20 24 23 20 22 23 42 0 13 0 16 1 14 0 9 0 0 0 0 14 0 0 0 2 0 0 10 10 0 0 1 0 15 0 0 0 0 30 0 0 0 0 0 0 1 0 0 0 0 0 0 20 0 0 1 0 0 0 0 0 0 0 0 0 0 0 0 5 0 0 0 0 0 15 0 28 16 28 15 0 4 0 0 27 13 16 24 0 17 8 0 10 0 0 0 0 0 0 0 0 0 0 0 0 0 0 1 0 0 0 21 31 11 0 0 0 0 0 0 0 0 0 0 0 0 2 17 0 1 0 1 0 0 0 0 0 0 0 0 0 0 0 0 0 0 2 0 0 26 0 0 0 0 0 0 0 0 0 0 2 0 0 86 0 5 13 0 0 0 0 0 0 0 0 0 12 0 0 0 0 0 0 0 0 0 0 0 0 0 18 0 0 0 0 0 0 0 0 0 0 0 0 0 
 192 204 353 87 67 577 43 479 147 458 308 78 42 36 113 65 0 73 69 149 3 0 2 0 7 0 1 3 0 0 0 0 3 3 2 2 0 0 1 73 0 0 0 0 0 0 0 3 0 0 0 0 0 0 12 3 0 2 0 0 0 0 0 0 0 0 4 3 0 3 0 0 29 0 2 2 0 0 12 0 3 32 0 0 1 24 35 14 14 14 10 11 0 6 10 27 17 27 0 0 10 15 7 0 0 0 0 0 0 0 0 0 22 2 0 0 1 1 15 0 0 0 0 0 0 0 0 0 0 0 0 0 0 0 0 1 0 0 1 0 0 0 0 0 0 0 0 14 0 0 0 0 6 0 0 0 0 0 0 0 1 8 0 0 52 33 15 0 0 0 11 21 9 0 18 21 9 1 2 1 10 0 0 0 0 0 2 11 16 0 0 0 13 0 1 0 2 0 0 0 0 0 0 0 0 0 0 0 0 0 0 0 0 1 0 0 0 0 0 0 0 0 0 0 0 0 0 0 0 0 0 0 0 0 1 0 0 0 0 0 0 15 0 0 0 4 217 0 25 2 11 16 2 0 0 0 0 0 0 0 63 0 0 0 0 2 0 0 0 2 0 0 0 0 0 0 7 0 0 0 0 0 0 0 0 0 0 0 0 2 
 135 38 172 161 203 33 122 63 207 38 271 453 26 90 190 131 73 0 86 120 0 0 0 1 0 0 148 0 0 2 0 0 81 63 76 2 2 0 2 35 7 0 0 0 0 0 0 3 0 0 0 0 0 0 0 3 0 3 0 0 0 0 0 0 0 0 0 3 0 2 0 0 0 0 2 2 0 0 0 0 10 12 14 18 9 33 16 31 35 30 47 10 14 43 0 30 16 15 0 25 21 0 0 0 0 0 21 0 10 0 0 0 13 0 0 9 0 1 0 11 0 0 6 0 0 0 1 0 0 0 0 0 0 0 0 1 0 0 0 0 0 0 2 0 0 0 0 4 0 0 0 0 1 0 0 0 0 13 0 0 7 24 10 22 1 28 0 15 35 25 0 0 6 0 15 2 25 0 2 0 4 0 0 0 0 0 16 0 0 0 0 0 1 0 0 0 2 0 0 0 0 0 0 0 1 0 0 0 0 0 0 0 0 0 0 0 0 0 1 0 0 0 0 0 0 0 0 1 0 0 0 0 0 0 0 0 0 0 0 0 0 0 0 0 0 3 2 0 1 88 2 2 0 2 0 0 0 0 0 22 0 0 0 0 0 0 0 0 0 2 0 0 0 0 0 3 0 0 0 0 0 0 0 0 6 0 0 0 0 0 
 201 87 39 140 84 30 375 54 166 65 31 128 346 192 77 36 69 86 0 60 0 0 0 2 0 2 3 0 0 0 0 3 0 3 4 5 0 0 1 0 2 0 0 0 0 38 1 3 1 2 0 0 0 0 32 3 0 3 0 1 0 0 0 0 0 0 0 3 0 2 0 0 0 0 2 2 1 0 4 0 19 1 15 21 11 0 38 19 10 22 12 0 6 1 18 17 33 10 13 62 0 0 0 0 0 13 0 0 0 0 0 0 0 0 0 0 0 0 0 12 0 0 0 0 0 0 0 15 0 0 0 0 0 0 0 0 0 0 0 0 0 0 0 0 0 0 0 0 0 0 0 0 0 0 0 0 0 0 0 0 26 15 18 11 0 40 27 13 3 18 6 0 12 2 0 1 27 11 0 30 21 0 0 0 0 0 0 0 0 0 0 0 0 0 0 0 0 0 0 0 0 0 0 0 0 0 0 0 0 0 0 0 0 0 0 0 0 0 0 0 0 0 0 0 0 0 0 0 0 0 23 0 0 0 0 0 0 0 0 0 0 0 0 0 0 0 2 1 3 0 0 4 0 0 0 0 0 0 0 0 0 0 0 0 0 0 0 0 0 0 0 0 0 21 0 5 0 17 0 0 0 0 0 0 0 0 0 0 0 0 
 57 61 178 333 88 52 392 127 75 202 281 239 169 188 210 126 149 120 60 0 0 0 0 0 0 1 6 0 0 0 0 6 0 3 6 8 0 0 2 2 2 0 3 0 0 0 0 63 3 6 33 0 0 1 3 3 0 3 0 0 0 0 0 0 0 0 0 3 4 6 6 2 0 0 2 2 0 0 4 0 9 22 15 32 0 0 21 27 35 29 6 24 63 25 18 52 0 16 24 14 0 0 0 0 0 0 0 17 1 0 0 0 0 0 0 0 0 0 0 0 0 0 0 0 0 0 0 0 0 2 0 0 0 0 0 0 0 0 0 0 0 0 0 0 0 0 0 6 0 0 0 0 1 0 0 0 0 6 0 0 0 10 8 10 30 17 36 18 26 20 0 0 2 19 29 2 11 0 0 0 0 0 0 0 0 0 0 0 0 0 2 0 0 0 0 0 0 0 0 0 0 2 0 0 0 2 0 0 0 0 0 0 0 1 0 0 0 0 0 0 0 0 0 0 0 0 0 0 0 0 0 0 0 0 0 0 0 0 2 0 0 0 0 0 1 3 2 0 0 88 1 4 22 0 0 0 0 0 0 0 0 0 0 0 0 0 0 0 0 0 0 0 0 2 0 0 0 1 0 0 0 0 0 0 0 0 0 0 0 0 
 0 0 0 0 0 74 0 0 0 4 0 3 1 0 2 0 3 0 0 0 0 172 246 55 196 87 445 232 78 180 84 211 54 134 200 231 91 342 78 31 5 0 0 2 53 0 3 0 0 0 0 0 0 0 2 0 0 0 127 0 0 0 0 0 2 0 0 0 1 7 0 1 0 0 1 0 0 0 2 0 0 0 0 0 9 0 0 0 0 2 0 0 0 1 0 0 15 0 0 0 13 33 10 8 35 0 17 11 14 1 12 73 0 0 42 28 18 14 23 0 0 0 0 0 0 0 0 0 0 3 0 0 0 0 0 0 0 0 11 15 0 0 0 0 0 0 0 0 0 0 0 0 0 0 0 0 0 0 0 0 9 0 0 0 0 0 57 0 0 0 1 12 10 0 0 0 0 0 0 0 10 13 11 17 29 8 0 47 30 15 18 0 0 4 22 27 2 22 0 18 1 0 0 0 0 0 0 2 0 0 0 0 12 0 1 0 0 0 40 0 0 0 0 0 0 0 0 0 0 0 0 0 0 0 0 2 0 23 1 0 0 0 8 0 0 0 0 0 0 0 0 0 0 0 1 0 1 1 0 0 0 0 0 0 0 0 14 0 0 0 0 0 0 0 0 0 0 0 0 0 0 24 0 0 0 9 0 0 0 0 
 0 0 0 0 73 149 0 0 0 3 0 0 0 0 0 0 0 0 0 0 172 0 215 293 316 40 66 103 240 223 123 35 68 45 420 213 245 197 135 49 3 0 0 2 3 62 3 0 0 0 2 2 0 0 2 0 0 0 61 0 0 0 0 0 0 0 0 0 0 6 1 0 3 0 0 0 0 0 4 0 0 0 0 0 10 13 0 0 0 0 9 0 0 0 0 0 0 1 0 0 14 28 27 20 0 1 13 10 2 30 1 18 0 9 1 14 15 8 14 9 0 0 0 0 0 0 0 20 0 0 0 0 2 0 2 0 0 0 3 15 0 3 0 1 0 0 0 0 0 0 0 0 0 0 0 0 0 0 0 0 0 0 0 0 0 0 7 0 0 0 0 1 5 0 0 1 0 0 0 0 10 43 63 56 0 0 0 15 22 63 20 9 1 26 6 24 9 2 0 12 1 0 0 0 0 0 0 0 0 0 0 0 0 0 9 0 1 0 18 0 0 0 0 0 0 0 0 0 0 0 0 0 0 0 0 0 1 0 0 0 0 0 1 0 0 0 1 0 0 0 0 0 0 0 31 1 2 77 85 2 2 0 0 0 0 0 9 0 0 0 0 0 0 0 0 0 0 0 0 0 0 1 0 0 0 0 0 0 0 0 
 0 0 0 0 59 40 0 1 0 2 2 0 0 0 11 0 2 0 0 0 246 215 0 240 125 349 114 451 174 52 234 42 68 51 65 657 146 266 84 288 3 0 1 2 3 0 3 0 62 0 0 0 0 0 2 0 0 0 17 62 72 0 0 0 0 0 0 0 0 4 0 0 0 1 0 1 0 0 2 4 0 0 0 0 0 0 0 0 0 0 2 0 0 0 0 0 0 0 0 1 15 0 42 5 36 3 2 8 12 12 18 20 1 18 20 19 32 9 0 12 0 0 0 0 0 0 0 0 0 0 0 0 12 0 9 0 0 0 9 19 0 0 0 0 0 0 0 0 0 0 0 0 2 0 0 1 0 0 8 0 5 0 0 0 0 0 4 0 0 0 3 12 14 0 0 0 0 0 0 0 6 15 0 48 13 0 0 0 10 8 10 0 20 10 78 12 15 35 0 12 0 0 0 0 0 0 0 0 1 0 0 0 10 0 0 0 0 0 26 12 0 2 0 0 0 0 0 0 1 0 0 0 0 0 0 0 2 0 0 0 0 0 9 0 0 0 0 0 0 0 0 0 0 0 97 0 0 55 0 3 2 1 0 0 0 0 0 0 0 0 0 0 0 0 0 0 0 0 0 14 0 1 0 0 0 0 9 0 0 0 
 0 50 0 0 0 1 0 0 2 4 0 2 0 0 0 0 0 1 2 0 55 293 240 0 176 102 100 224 166 139 147 135 61 126 83 125 138 142 139 69 2 0 0 2 3 0 66 41 0 0 0 1 1 0 2 5 0 0 0 0 0 3 0 0 0 0 0 0 0 2 0 0 0 0 0 0 0 0 2 0 0 0 0 0 0 0 0 0 0 0 0 0 0 0 0 0 0 0 0 0 27 0 26 15 15 17 0 8 24 8 21 0 34 15 21 11 28 24 0 0 16 9 0 34 0 0 20 1 0 0 0 0 16 0 45 0 0 0 1 39 0 0 29 1 0 0 0 0 13 0 2 0 0 0 0 0 0 0 0 0 2 0 0 0 0 0 0 0 0 0 0 4 0 0 2 0 0 0 0 0 8 10 0 0 7 41 0 0 0 0 0 0 10 9 14 0 50 44 0 6 0 0 42 0 0 0 14 18 0 0 0 0 29 0 0 1 0 0 12 13 0 0 0 0 0 0 0 0 0 0 0 0 0 0 0 0 0 0 0 0 0 0 0 0 0 0 0 0 0 0 0 0 0 0 2 0 0 161 0 2 78 0 0 0 0 0 0 0 0 0 0 0 0 0 0 0 0 0 0 14 0 0 0 0 0 0 8 0 0 0 
 0 0 0 0 0 3 2 0 0 2 0 2 0 0 0 0 7 0 0 0 196 316 125 176 0 314 51 66 185 110 226 191 152 59 301 82 427 49 64 62 1 1 280 2 3 0 64 54 0 0 0 0 62 62 3 0 0 0 154 68 0 0 0 0 0 52 6 5 0 2 0 0 0 0 6 0 0 0 1 0 0 0 0 0 37 0 0 0 0 0 2 0 0 0 0 0 0 0 0 0 0 12 15 14 30 14 0 0 10 25 21 39 0 0 12 21 0 1 0 0 20 8 10 11 0 0 12 14 28 0 13 0 2 0 17 0 0 2 19 20 0 0 10 5 0 0 0 0 0 0 2 0 0 0 0 2 0 0 0 0 0 0 0 0 0 0 0 0 0 0 0 3 0 0 0 0 0 0 0 0 0 4 14 27 10 6 0 7 0 0 26 0 10 0 12 20 25 18 0 0 26 12 16 0 0 0 18 35 15 0 38 0 33 15 0 12 5 0 11 30 0 1 0 0 0 0 0 0 0 0 0 0 0 0 0 0 0 0 0 0 0 0 8 0 0 0 0 0 0 0 0 1 0 0 18 0 3 5 0 3 0 1 1 0 0 0 0 0 0 0 0 0 0 0 0 0 0 0 0 0 0 17 0 0 0 10 0 0 0 0 
 0 9 0 4 0 1 0 0 0 1 0 2 0 0 0 1 0 0 2 1 87 40 349 102 314 0 119 318 292 196 70 170 37 345 349 226 278 80 47 62 65 65 64 6 3 0 100 159 0 0 0 0 2 81 4 0 3 65 65 26 0 0 1 0 0 0 0 3 2 2 0 0 3 0 4 0 0 0 3 0 0 0 2 0 0 0 0 0 0 0 0 0 0 0 0 0 0 0 0 0 0 12 0 9 41 17 24 0 0 0 12 43 0 0 17 27 50 9 0 0 9 17 0 10 1 11 41 16 1 13 28 0 6 0 39 0 0 10 72 13 0 0 0 0 0 0 0 0 0 0 0 0 11 0 0 0 2 0 0 0 0 0 0 0 0 2 0 0 0 0 0 0 0 16 0 0 0 0 0 0 0 1 1 8 34 21 0 0 13 10 0 0 0 0 14 1 0 13 0 0 12 61 0 19 6 0 16 9 22 11 50 0 64 0 0 14 23 2 9 6 0 0 0 0 0 0 0 0 0 0 0 0 0 0 0 0 0 0 0 0 0 0 9 0 0 0 0 0 0 0 1 0 0 1 12 7 1 5 0 1 1 7 0 0 0 0 0 0 0 0 0 0 0 0 0 0 0 0 0 0 0 30 0 0 9 0 0 0 0 0 
 0 0 0 0 99 4 0 0 0 3 88 1 1 0 3 6 1 148 3 6 445 66 114 100 51 119 0 401 361 32 336 235 147 214 347 113 45 124 56 562 60 0 0 2 3 63 3 0 0 0 0 0 1 0 2 0 0 0 0 0 0 0 0 0 0 0 0 0 0 3 0 0 0 0 0 0 0 0 2 0 0 0 0 0 22 31 0 0 8 12 15 55 0 1 0 0 0 0 0 0 21 7 0 7 12 0 21 13 24 1 19 3 18 0 10 9 40 22 11 38 0 0 0 0 0 0 8 0 0 0 0 0 20 0 0 0 15 0 0 17 0 0 0 0 0 0 0 0 0 0 0 0 0 0 0 0 0 0 0 0 0 17 0 9 0 13 2 0 0 0 0 1 0 0 0 0 13 2 0 9 14 24 27 0 17 29 33 23 0 0 0 0 16 29 43 10 3 29 11 0 0 16 0 0 0 12 0 0 15 13 0 0 23 0 0 0 0 0 0 0 0 0 0 0 0 0 0 0 0 1 0 0 0 0 0 0 0 0 14 0 0 0 0 0 0 0 0 0 0 29 0 0 0 0 5 2 0 0 0 0 20 2 0 0 0 1 0 0 0 0 0 0 0 0 0 0 0 0 0 11 0 0 0 0 0 0 0 0 0 30 
 0 0 0 0 0 90 0 0 0 0 75 23 0 0 0 75 3 0 0 0 232 103 451 224 66 318 401 0 455 35 162 255 263 60 193 113 206 62 50 136 3 0 0 205 3 0 3 0 2 0 96 0 1 2 3 40 0 1 0 0 0 0 0 0 0 49 0 0 0 2 0 0 0 0 0 0 0 0 1 3 0 0 0 0 0 0 0 1 0 0 0 12 0 0 18 0 0 0 0 0 68 15 12 9 11 0 0 14 12 1 18 3 9 23 30 9 17 43 2 14 0 0 0 0 0 0 8 0 0 0 0 0 45 0 0 0 0 0 1 10 0 0 0 0 0 0 0 0 0 5 0 0 0 0 0 0 0 0 0 0 0 0 0 0 0 0 0 0 0 0 0 7 19 0 0 0 2 0 0 0 17 13 0 2 27 18 24 27 0 12 20 8 12 4 64 23 12 14 11 22 0 0 0 0 0 0 0 0 0 0 0 0 22 0 0 0 0 0 0 0 0 0 0 2 0 0 0 0 0 0 0 0 0 15 0 0 0 0 0 0 0 0 0 0 0 0 0 0 0 0 0 0 0 0 14 2 0 0 6 0 1 0 0 0 0 0 0 0 0 0 0 0 0 0 0 11 0 0 0 14 0 0 0 0 0 10 0 0 0 0 
 0 0 0 0 0 0 0 44 0 0 0 0 0 0 0 2 0 0 0 0 78 240 174 166 185 292 361 455 0 318 132 268 283 174 331 109 122 447 61 57 1 0 0 2 3 0 3 0 0 0 0 0 2 0 2 2 0 0 125 0 1 0 0 0 0 0 2 0 0 2 0 0 50 0 45 0 0 0 2 0 0 0 0 0 0 0 0 0 0 0 0 0 0 0 0 0 0 0 0 0 0 0 24 37 0 0 0 0 10 52 35 23 0 0 28 18 61 32 0 0 9 0 0 0 0 0 11 19 8 0 0 0 11 0 0 0 0 0 0 18 0 0 0 5 0 0 0 0 0 0 0 0 0 0 0 0 0 0 0 0 10 0 0 0 0 0 8 0 0 0 0 0 10 0 0 0 15 0 0 7 0 32 32 16 9 19 0 12 2 0 24 10 0 4 3 27 30 19 0 0 15 0 9 0 0 0 1 16 0 0 0 0 23 0 7 0 0 0 54 0 0 0 0 0 0 0 0 0 0 0 0 0 0 0 0 0 16 0 0 0 0 0 0 0 0 0 0 0 0 0 0 0 0 0 8 2 0 109 42 0 0 0 0 0 0 0 0 0 0 0 0 0 0 0 0 0 0 0 0 0 0 0 0 0 0 0 0 0 0 0 
 0 0 0 0 0 30 0 1 0 2 0 1 2 0 0 0 0 2 0 0 180 223 52 139 110 196 32 35 318 0 72 190 61 94 95 148 152 160 161 84 0 1 0 5 6 0 6 1 0 3 3 0 65 0 4 6 0 0 90 127 0 1 49 0 4 0 3 3 0 27 1 6 6 0 0 0 7 0 2 1 0 0 0 0 4 0 0 0 0 0 0 0 5 13 0 0 0 0 0 0 0 14 9 33 1 46 11 14 0 50 12 0 0 0 0 0 0 7 19 0 30 0 11 0 0 0 1 28 12 0 0 0 10 1 1 0 0 21 0 13 0 0 10 6 0 0 0 0 0 0 1 0 0 0 0 1 0 0 0 0 3 0 0 0 2 0 1 0 0 0 8 0 11 0 0 0 0 0 0 0 8 0 48 33 0 0 0 9 37 18 118 76 0 9 0 8 10 1 1 18 21 0 37 0 0 0 10 23 13 0 0 0 0 1 7 0 0 0 10 43 0 0 1 0 0 0 0 0 0 0 0 0 0 0 0 0 9 0 0 0 0 0 0 0 0 0 0 2 0 0 0 0 0 0 9 0 1 41 73 0 0 0 1 0 2 0 9 0 0 0 0 0 0 0 0 1 0 0 0 0 0 0 0 0 0 0 0 0 0 0 
 2 4 0 3 0 0 0 0 0 1 0 0 0 0 0 4 0 0 0 0 84 123 234 147 226 70 336 162 132 72 0 145 117 198 254 316 193 72 61 357 3 0 0 2 3 0 3 0 0 0 0 0 62 0 73 1 0 0 0 78 0 0 0 0 0 0 0 0 0 3 0 0 7 0 0 0 0 0 2 0 0 0 0 0 0 0 0 0 0 0 0 0 0 0 0 0 0 0 0 0 51 1 23 7 30 1 0 1 3 13 14 19 2 9 50 35 0 8 0 0 0 0 1 0 0 0 0 12 0 0 0 1 0 0 1 0 0 0 0 11 0 0 0 0 2 0 0 0 0 0 0 0 0 0 0 0 0 7 0 0 0 0 0 0 0 0 0 0 0 0 0 0 0 0 0 0 0 0 0 2 13 57 1 12 24 46 0 0 0 42 9 16 13 24 0 1 22 30 0 24 0 0 0 0 0 0 21 10 0 0 0 0 0 0 19 0 15 0 14 13 0 0 0 0 0 0 0 0 0 0 0 0 0 0 0 0 0 2 0 0 0 0 0 0 0 0 0 0 0 0 0 0 0 0 12 0 2 4 42 0 1 0 0 0 0 0 19 0 0 0 0 0 0 0 0 0 0 0 0 0 0 26 0 0 2 0 0 0 0 0 
 0 0 2 0 0 2 0 0 0 3 0 1 0 0 0 36 0 0 3 6 211 35 42 135 191 170 235 255 268 190 145 0 44 43 26 50 159 381 33 35 0 64 68 2 3 0 36 96 0 0 0 9 81 62 130 0 0 0 68 126 0 0 0 0 0 0 0 71 0 3 0 0 0 0 5 0 0 2 2 0 0 0 16 0 1 0 0 48 0 0 0 0 0 0 0 0 0 0 0 0 0 0 0 0 20 15 10 0 0 0 0 13 0 0 0 0 0 1 0 0 7 36 14 11 0 0 38 15 26 34 24 0 2 0 30 0 0 1 67 12 0 0 1 8 0 0 0 0 0 0 8 0 0 0 0 0 0 0 0 0 0 0 5 0 0 0 0 0 0 0 0 0 0 0 0 0 0 0 0 0 0 0 0 0 22 29 0 0 4 11 37 0 0 0 1 0 0 0 0 0 22 17 0 1 0 0 41 25 31 0 14 2 24 13 0 10 10 1 0 19 0 0 0 0 0 0 1 0 0 0 30 0 0 0 0 0 0 0 0 0 0 0 0 0 0 0 2 0 1 0 0 0 0 0 15 1 2 1 0 2 7 2 11 1 0 0 0 0 0 0 0 0 0 0 0 0 0 0 0 0 0 0 0 0 0 0 0 0 0 0 
 0 0 23 0 3 36 0 0 76 0 118 153 0 0 0 73 3 81 0 0 54 68 68 61 152 37 147 263 283 61 117 44 0 338 50 245 35 98 94 121 2 1 0 2 3 0 3 0 0 0 0 0 0 62 2 0 0 6 0 0 55 0 0 0 0 0 0 0 0 4 0 0 0 3 0 35 0 0 2 4 0 1 21 16 9 115 0 0 51 0 17 12 0 0 0 0 0 27 0 0 21 0 0 2 2 0 53 0 42 0 0 1 20 18 2 14 24 0 25 14 0 0 5 0 0 0 1 0 0 0 0 0 0 0 0 0 0 1 19 0 0 20 2 0 0 0 0 0 0 0 0 0 0 0 0 1 0 0 0 3 0 18 29 18 2 16 0 0 0 0 0 0 0 0 0 0 15 9 0 0 9 14 76 6 0 0 11 0 8 1 0 22 11 0 18 1 0 1 23 2 0 10 0 0 0 0 0 0 0 0 0 0 0 20 0 0 0 0 0 0 20 2 0 0 0 0 0 0 0 0 0 0 0 0 0 0 1 0 0 0 0 0 0 0 0 0 0 0 0 77 1 0 0 0 5 0 1 0 106 2 15 8 0 0 0 0 0 0 0 0 0 0 0 0 0 13 1 0 0 0 0 0 0 0 0 0 0 0 0 0 
 3 3 78 4 76 40 5 70 4 6 106 4 3 3 3 77 3 63 3 3 134 45 51 126 59 345 214 60 174 94 198 43 338 0 377 270 33 111 210 318 12 0 0 2 3 0 3 0 0 0 0 0 0 0 2 0 0 0 0 0 0 0 0 0 0 0 0 0 0 3 0 0 4 0 0 0 0 2 2 2 0 0 1 4 37 48 0 0 0 0 2 14 0 0 17 0 0 13 0 0 0 19 21 14 10 0 30 0 28 7 0 0 0 2 26 23 17 0 2 24 0 0 0 0 0 12 2 0 0 0 0 0 0 1 0 0 0 2 19 0 0 0 1 0 0 0 0 0 0 0 0 0 0 0 0 14 0 0 0 0 0 0 14 18 0 9 0 0 0 0 0 0 0 0 0 0 8 0 0 0 10 18 21 0 7 12 12 0 8 0 4 38 0 14 0 0 20 15 27 12 1 0 0 0 0 0 0 0 0 0 0 0 7 21 0 0 0 0 15 0 0 0 0 0 0 0 0 0 0 0 7 0 0 0 0 0 0 0 0 0 0 0 0 0 0 0 0 0 0 0 0 0 0 0 9 0 0 0 2 2 14 0 0 0 0 0 0 0 0 0 0 0 0 0 0 0 2 0 0 0 0 11 0 0 0 0 0 16 0 0 
 3 6 2 2 42 5 3 3 2 5 2 4 2 3 5 81 2 76 4 6 200 420 65 83 301 349 347 193 331 95 254 26 50 377 0 382 347 87 72 109 72 0 0 2 3 0 3 0 0 57 0 0 0 0 4 0 0 0 30 0 0 0 0 0 27 46 0 0 0 1 0 0 5 0 0 0 0 0 1 0 0 0 0 0 0 17 0 0 1 0 0 0 0 0 0 0 0 0 0 0 15 22 1 36 0 28 22 0 31 21 37 16 1 19 22 17 17 18 9 13 0 0 0 2 0 0 7 0 0 0 0 0 31 0 0 0 0 0 0 7 0 0 0 0 0 0 0 0 0 0 0 0 0 0 0 0 0 0 0 0 0 0 0 1 0 14 0 0 0 2 0 0 0 0 0 0 13 0 0 0 9 6 81 48 6 18 11 33 0 14 25 25 0 17 0 22 0 13 0 1 39 0 0 0 0 0 1 0 0 0 0 0 13 0 0 0 0 0 13 0 0 0 0 0 0 0 0 0 0 0 0 0 0 0 0 0 0 0 0 0 0 0 0 0 6 2 0 0 0 0 0 0 0 0 245 0 0 3 77 0 17 3 0 0 0 0 6 0 0 0 0 0 0 0 0 0 0 0 0 0 0 2 0 0 0 9 0 0 0 0 
 2 2 2 2 4 3 2 2 2 3 2 4 2 2 5 8 2 2 5 8 231 213 657 125 82 226 113 113 109 148 316 50 245 270 382 0 62 386 34 160 2 0 0 2 3 0 3 0 0 0 2 2 0 0 3 0 1 0 62 0 0 0 0 0 0 0 1 0 0 0 0 0 4 0 0 0 0 2 8 0 0 0 0 0 0 0 1 0 0 0 0 0 0 0 0 0 0 0 2 0 0 8 22 16 19 0 0 0 17 11 0 0 10 0 38 9 36 5 10 0 0 0 0 0 0 0 0 0 0 0 0 0 0 0 0 0 0 0 11 0 1 0 0 0 0 0 0 0 0 0 0 11 0 0 0 0 0 0 0 0 7 0 0 0 0 0 9 0 0 0 0 0 9 0 0 0 0 0 0 0 13 36 22 22 36 10 0 1 12 12 5 8 0 15 14 20 21 44 0 0 0 0 0 0 0 2 0 0 0 0 0 0 9 0 0 0 0 0 29 0 0 0 0 0 2 0 0 0 0 0 0 0 0 0 0 0 0 0 0 0 0 0 12 0 0 0 0 0 0 0 0 0 0 0 19 0 1 0 2 2 1 0 0 0 0 0 14 0 0 0 0 0 0 0 0 0 0 0 0 16 0 16 0 0 0 0 0 0 0 0 
 0 0 74 0 0 212 1 0 0 3 0 0 1 2 2 0 0 2 0 0 91 245 146 138 427 278 45 206 122 152 193 159 35 33 347 62 0 222 110 46 2 0 0 4 3 0 3 1 0 0 0 0 1 0 6 6 0 2 63 62 0 0 0 0 0 0 0 3 4 3 0 0 6 51 0 0 0 0 2 1 0 0 0 0 0 0 0 0 0 0 0 0 0 0 0 0 0 23 0 0 22 14 15 12 14 28 0 9 10 30 27 30 0 11 18 22 16 42 0 0 14 0 1 0 0 0 6 0 2 0 0 0 34 0 26 0 0 0 2 6 0 0 4 0 0 0 0 0 0 0 0 0 0 0 0 0 0 0 0 0 1 0 0 0 0 0 0 0 2 0 8 7 9 0 0 0 0 0 0 0 0 10 0 0 0 5 0 12 10 0 28 0 15 1 10 13 25 34 0 17 0 0 14 0 0 0 0 14 0 0 0 0 13 0 0 2 0 0 8 17 0 0 0 0 0 0 0 0 0 0 0 0 0 0 0 0 0 0 0 0 0 0 0 0 0 0 2 0 0 0 0 0 0 0 11 0 2 152 0 1 3 0 0 0 0 0 0 0 0 0 0 0 0 0 0 0 0 0 0 8 0 0 0 0 0 11 9 0 0 0 
 0 3 0 0 75 74 0 0 0 1 0 0 0 0 0 0 0 0 0 0 342 197 266 142 49 80 124 62 447 160 72 381 98 111 87 386 222 0 103 50 4 1 0 4 3 0 44 0 2 0 0 0 0 0 5 0 0 0 68 3 2 1 1 0 0 2 1 0 2 4 1 2 9 2 2 3 2 2 0 0 0 0 0 0 1 1 0 0 0 0 1 2 0 0 0 0 2 1 0 0 11 16 10 11 16 20 20 9 37 66 10 10 5 10 33 0 43 24 0 9 7 0 0 0 0 0 0 21 4 0 0 0 58 0 0 0 0 10 0 0 0 0 0 0 0 0 0 0 0 0 0 0 0 0 0 5 0 0 0 0 21 0 0 0 0 0 5 0 0 0 0 0 19 0 0 0 0 0 0 0 15 46 13 22 43 0 0 1 14 41 49 12 0 25 4 73 0 26 0 0 0 0 4 0 0 0 1 18 0 0 0 0 0 0 0 0 0 0 28 0 0 0 1 0 0 22 0 0 0 0 0 0 0 0 0 0 15 0 0 0 0 0 0 0 0 0 1 0 0 0 0 0 0 0 10 0 3 5 75 1 4 19 0 0 0 0 42 0 0 0 0 0 0 0 0 0 0 0 0 14 0 0 0 0 0 10 0 0 0 0 
 0 0 0 0 22 213 0 2 0 0 103 0 1 0 1 3 1 2 1 2 78 135 84 139 64 47 56 50 61 161 61 33 94 210 72 34 110 103 0 252 4 3 0 2 3 64 3 1 2 0 1 2 0 0 2 10 0 201 0 1 0 0 0 0 0 0 0 0 0 8 0 0 0 0 0 0 0 0 2 54 0 0 0 2 22 3 8 0 0 2 0 10 0 0 0 0 0 0 0 0 36 23 38 0 0 0 37 37 1 0 0 0 11 43 0 0 32 20 18 22 0 0 0 0 0 0 0 0 0 0 0 0 0 0 0 0 0 0 0 0 0 0 0 0 0 0 0 0 0 0 2 0 0 0 0 0 0 0 0 0 0 0 0 0 0 0 0 0 0 0 1 17 0 0 0 0 0 0 0 0 8 5 19 9 0 10 26 45 7 27 0 0 13 10 33 29 14 0 12 43 2 0 0 0 0 0 0 2 0 0 14 0 0 0 1 0 0 0 0 0 0 0 0 0 0 0 0 0 0 0 0 0 0 0 0 2 0 0 0 0 0 0 0 0 0 0 0 0 0 0 0 0 0 0 7 0 2 0 0 0 14 0 0 0 0 0 0 0 0 0 0 0 0 0 0 0 1 0 0 0 0 0 0 0 0 0 0 0 0 0 
 0 4 0 75 95 27 1 1 75 1 151 3 0 1 0 2 73 35 0 2 31 49 288 69 62 62 562 136 57 84 357 35 121 318 109 160 46 50 252 0 63 0 0 2 3 0 3 0 0 0 0 1 0 0 3 7 0 0 0 0 0 0 0 0 0 0 0 0 0 1 0 0 0 0 0 0 0 0 1 1 0 13 0 10 1 16 0 0 9 6 20 12 0 1 0 13 5 0 0 0 17 0 9 2 19 0 32 21 9 0 0 0 26 16 30 24 0 1 1 9 0 0 0 0 0 0 1 0 0 0 0 0 0 18 0 0 0 1 0 0 0 0 2 0 0 0 0 1 0 0 0 0 0 0 0 0 0 0 0 0 0 22 11 17 2 0 0 0 12 0 0 0 0 0 53 13 0 0 0 0 0 20 13 0 0 0 20 34 9 10 0 5 12 25 13 13 15 1 1 0 0 0 0 0 0 0 0 0 0 0 0 0 0 0 0 0 0 0 12 0 1 0 0 0 0 0 0 0 0 21 7 0 0 0 0 0 0 0 0 0 0 0 0 0 0 0 0 0 0 73 0 0 0 0 19 2 2 0 0 1 2 20 0 0 0 0 0 0 0 0 0 0 0 9 0 0 2 0 0 0 0 18 0 0 0 0 0 0 0 0 
 2 10 1 0 65 65 2 2 4 4 0 0 1 2 0 1 0 7 2 2 5 3 3 2 1 65 60 3 1 0 3 0 2 12 72 2 2 4 4 63 0 63 166 42 260 42 164 110 38 256 51 40 329 121 259 154 80 31 43 119 2 0 0 0 23 0 0 0 0 0 0 3 0 6 0 0 1 0 2 0 0 0 0 0 0 9 0 0 0 0 0 0 0 0 0 0 0 0 0 0 0 5 0 0 10 0 11 0 11 0 0 0 4 0 0 0 0 13 0 7 0 0 18 9 0 0 6 0 2 0 13 14 0 32 0 19 25 17 0 0 0 1 0 0 0 0 0 0 0 0 0 0 12 0 0 0 27 0 4 61 0 0 0 0 26 5 0 0 5 0 0 0 0 0 6 0 4 0 5 0 5 0 0 0 0 0 8 15 0 0 7 0 0 12 0 10 0 0 0 0 0 15 49 19 0 0 0 4 7 1 14 19 8 9 9 28 0 16 0 0 0 0 0 0 0 2 0 0 0 0 0 1 0 0 16 0 0 0 0 0 0 0 0 0 0 0 2 0 0 0 0 9 0 0 0 0 0 0 0 0 0 0 2 0 65 2 3 2 0 0 0 0 0 0 0 0 0 0 0 0 0 0 0 0 1 0 0 0 0 1 
 0 5 0 0 0 3 0 0 0 2 0 0 0 0 0 0 0 0 0 0 0 0 0 0 1 65 0 0 0 1 0 64 1 0 0 0 0 1 3 0 63 0 261 80 123 96 645 144 367 113 177 83 58 259 78 122 342 270 51 27 0 3 0 0 1 0 52 1 0 0 0 1 51 1 1 3 0 0 0 0 0 0 0 0 0 0 0 0 0 0 0 0 0 10 0 0 0 0 0 0 0 0 0 0 2 0 0 0 0 0 0 0 19 0 0 0 0 0 0 0 43 29 8 32 0 23 8 1 26 10 41 13 0 20 21 12 13 10 16 0 1 0 1 0 0 0 0 10 0 0 4 0 0 0 0 0 0 0 15 5 0 0 0 0 0 0 0 0 0 0 0 0 0 0 0 0 0 0 0 0 0 0 0 0 32 0 0 0 0 0 0 0 0 0 0 0 0 0 0 0 3 19 14 17 6 11 18 0 2 13 0 9 17 8 32 0 6 6 0 0 23 0 0 3 0 4 6 0 0 0 0 0 0 0 0 0 0 0 11 0 0 0 37 0 0 0 0 0 0 0 0 11 0 1 0 0 0 0 0 2 0 0 65 0 0 2 1 64 0 0 6 0 0 0 0 3 0 0 0 0 0 0 0 0 0 0 0 6 0 0 
 0 0 0 1 0 0 0 0 0 0 0 0 0 0 0 3 0 0 0 3 0 0 1 0 280 64 0 0 0 0 0 68 0 0 0 0 0 0 0 0 166 261 0 82 59 82 300 187 110 106 186 139 81 105 76 193 50 30 108 137 0 0 0 0 0 0 0 0 0 0 4 0 0 0 3 0 0 0 0 0 0 0 0 0 0 0 0 0 0 0 0 0 0 0 0 0 0 0 0 0 0 0 0 0 8 0 0 0 0 0 0 1 0 0 0 0 0 0 0 0 0 0 2 12 0 12 21 21 10 0 32 3 16 0 19 32 59 43 0 9 0 0 0 0 0 0 6 0 0 0 0 0 0 0 0 0 0 0 0 13 0 0 0 0 2 0 0 0 0 0 0 0 0 0 0 0 5 0 0 0 0 0 0 0 10 0 0 0 0 0 0 0 0 0 0 0 0 0 0 0 35 27 13 27 0 10 0 6 1 20 12 6 14 54 9 37 28 8 0 8 6 0 0 0 0 15 8 0 0 0 0 0 0 0 0 0 0 0 1 0 0 0 0 0 0 0 0 0 0 0 0 8 0 1 1 0 0 0 0 2 0 0 0 0 1 19 0 0 0 0 14 0 0 0 0 0 0 0 0 0 0 3 0 0 1 0 0 10 1 0 
 0 8 0 0 0 0 0 0 0 2 0 0 0 0 0 3 0 0 0 0 2 2 2 2 2 6 2 205 2 5 2 2 2 2 2 2 4 4 2 2 42 80 82 0 194 97 84 62 77 208 561 114 295 87 53 143 587 334 62 38 0 210 58 0 0 0 57 0 32 0 55 0 58 20 45 0 4 0 90 83 0 0 0 0 0 0 0 0 0 0 0 0 12 0 0 0 0 0 0 0 0 0 0 0 0 0 0 0 0 0 0 0 0 0 0 0 0 0 0 0 0 0 0 11 22 11 0 0 0 12 0 0 0 0 0 0 11 0 0 0 66 11 0 0 0 0 12 9 10 3 0 1 6 22 14 13 13 0 19 11 0 0 0 0 0 0 0 0 0 0 0 0 2 0 0 0 0 0 0 0 17 10 0 0 0 0 0 0 0 0 0 7 0 0 0 0 0 0 0 0 0 0 0 16 0 43 0 0 0 12 0 21 0 0 0 0 0 0 0 0 2 0 3 0 0 0 0 7 20 0 19 55 14 24 24 0 35 12 15 76 0 0 0 0 0 0 0 0 0 0 0 6 0 0 0 0 0 0 0 1 0 0 67 9 2 7 1 0 0 0 0 0 0 0 0 0 0 0 0 0 0 4 0 0 0 4 0 0 1 0 
 0 0 0 0 0 0 0 0 0 2 0 0 0 16 0 3 0 0 0 0 53 3 3 3 3 3 3 3 3 6 3 3 3 3 3 3 3 3 3 3 260 123 59 194 0 197 53 62 168 96 323 165 266 80 137 225 53 47 50 260 6 261 0 0 0 1 54 0 0 85 0 0 50 77 106 51 21 0 29 0 0 0 0 0 0 0 0 0 0 0 0 0 0 0 0 0 0 0 0 0 0 0 0 0 0 0 0 0 0 0 0 0 0 0 0 0 1 0 0 0 0 23 10 0 0 20 1 15 2 14 13 24 0 9 0 19 16 0 0 0 5 0 0 11 0 0 8 3 0 14 0 0 0 12 4 50 3 47 20 23 0 0 0 0 0 0 0 0 0 0 0 0 2 0 0 0 0 4 45 2 0 0 0 0 0 0 0 0 0 0 0 0 0 0 0 0 0 0 0 0 0 6 19 14 39 10 42 0 0 16 0 32 1 0 0 8 0 0 0 0 4 41 8 0 0 0 8 0 0 6 7 44 0 6 8 17 26 11 1 22 0 0 0 0 0 0 0 0 0 0 0 7 0 0 0 0 0 0 0 1 0 0 3 0 66 3 6 4 0 0 0 0 0 0 0 0 0 0 0 0 0 0 0 0 1 1 0 0 2 0 
 0 0 0 0 0 0 0 0 0 4 0 0 0 0 0 0 0 0 38 0 0 62 0 0 0 0 63 0 0 0 0 0 0 0 0 0 0 0 64 0 42 96 82 97 197 0 110 55 41 126 154 57 31 54 49 73 121 172 53 39 0 0 0 8 0 3 1 0 0 0 47 0 82 53 22 1 52 0 101 54 0 0 0 0 0 0 0 0 0 0 0 0 0 0 0 0 0 0 0 0 0 0 0 0 0 0 0 0 0 0 0 0 0 0 0 0 0 0 0 0 0 12 0 0 19 0 0 0 0 0 0 15 0 0 0 0 39 0 0 0 1 0 0 0 0 3 11 0 0 10 1 0 0 2 32 0 0 0 0 43 0 0 0 0 0 0 0 0 0 0 0 0 0 0 0 0 0 0 0 0 0 0 0 0 0 0 0 0 0 0 0 0 0 0 0 0 0 0 0 0 0 9 0 11 22 53 0 0 0 0 0 0 0 0 15 0 0 41 0 0 30 14 0 0 0 3 16 1 7 0 13 0 11 17 10 0 8 5 56 10 0 0 0 0 0 0 0 0 0 0 0 8 0 0 0 0 0 0 0 10 0 0 62 0 0 0 6 0 0 0 0 0 0 0 0 0 0 0 0 0 0 0 0 0 1 18 0 22 1 9 
 0 0 0 0 0 0 0 0 0 0 0 0 0 0 0 2 0 0 1 0 3 3 3 66 64 100 3 3 3 6 3 36 3 3 3 3 3 44 3 3 164 645 300 84 53 110 0 245 119 129 175 136 226 212 265 256 323 55 47 211 0 5 0 0 6 202 53 53 0 0 0 3 51 4 31 29 0 0 0 0 0 0 0 0 0 0 0 0 0 0 0 0 0 0 0 0 0 0 0 0 0 0 0 0 26 0 0 0 0 0 0 0 0 0 0 0 0 0 0 0 0 5 0 27 0 15 11 0 0 0 28 0 0 15 25 18 17 27 19 0 0 0 0 0 0 0 7 9 0 0 18 0 0 0 0 5 0 0 0 28 0 0 0 0 0 0 0 0 0 0 0 0 0 0 0 0 0 0 0 0 0 0 0 19 17 36 0 0 0 0 0 0 0 0 0 0 0 0 0 0 0 0 12 6 0 4 5 0 13 15 21 1 11 8 24 14 0 8 0 0 23 0 0 4 7 0 9 0 0 0 0 0 20 0 1 0 0 0 19 0 0 0 0 0 0 0 0 0 0 0 0 19 0 0 0 0 0 0 0 0 0 0 0 0 2 3 1 2 2 0 0 0 0 0 0 1 0 0 0 0 0 0 0 0 10 0 0 22 2 18 
 3 3 81 3 3 4 3 3 3 5 3 3 3 3 3 6 3 3 3 63 0 0 0 41 54 159 0 0 0 1 0 96 0 0 0 0 1 0 1 0 110 144 187 62 62 55 245 0 53 23 153 96 75 183 289 72 242 89 87 389 0 0 0 10 0 0 4 2 0 0 0 65 0 0 11 0 2 0 0 0 0 0 0 0 0 0 0 0 0 0 0 0 0 0 0 0 0 0 0 20 0 0 0 0 20 45 0 0 0 0 1 7 0 0 0 0 0 0 0 0 28 11 0 35 0 13 23 11 40 11 18 0 4 0 56 19 3 27 8 8 0 0 0 0 0 5 4 0 0 0 0 0 9 0 0 0 0 0 0 1 0 0 0 0 0 0 0 0 0 0 0 4 0 0 1 0 0 0 0 0 0 0 0 0 12 5 0 0 0 0 0 0 0 0 0 0 0 0 0 0 3 3 0 18 4 0 9 5 13 24 30 11 14 15 13 28 29 0 0 10 0 0 0 0 0 3 0 0 0 0 0 0 11 0 0 0 0 0 0 0 0 0 0 0 0 0 0 0 0 0 0 5 0 0 0 0 0 0 0 0 0 0 0 0 1 2 2 0 0 0 18 0 0 0 0 5 0 0 0 0 0 0 0 0 8 0 0 0 2 0 
 0 2 0 0 0 0 0 0 0 1 0 0 0 0 2 2 0 0 1 3 0 0 62 0 0 0 0 2 0 0 0 0 0 0 0 0 0 2 2 0 38 367 110 77 168 41 119 53 0 198 55 62 123 197 175 178 124 372 61 64 0 0 0 0 0 0 12 0 0 0 1 0 24 0 0 0 0 0 65 0 0 0 0 0 0 0 0 0 0 0 0 0 0 0 0 0 0 0 0 0 0 0 0 0 0 0 0 0 0 0 0 0 2 0 0 0 11 0 0 0 1 22 1 8 12 19 0 23 1 14 0 24 18 15 0 12 12 0 0 21 12 0 0 0 0 0 0 21 0 0 0 0 0 0 1 0 0 0 9 13 0 0 0 0 0 0 0 0 0 0 0 0 0 0 0 0 4 0 0 0 0 0 0 0 0 0 0 0 0 0 0 0 0 0 0 0 0 0 0 0 11 23 11 10 0 14 0 0 0 2 6 40 1 7 1 0 6 40 0 0 11 0 0 0 0 0 1 12 0 0 0 0 37 0 0 0 0 0 5 0 0 0 0 0 0 0 0 0 0 0 0 11 0 0 17 0 0 0 0 1 0 0 1 0 0 12 0 0 0 0 0 0 0 0 0 0 0 0 0 0 0 0 0 0 10 22 0 11 2 0 
 0 0 2 0 0 0 0 0 2 2 0 0 0 0 0 6 0 0 2 6 0 0 0 0 0 0 0 0 0 3 0 0 0 0 57 0 0 0 0 0 256 113 106 208 96 126 129 23 198 0 163 67 44 555 113 167 234 341 68 63 0 3 0 0 0 0 22 0 0 0 51 1 3 0 0 0 0 0 50 52 0 0 0 0 0 0 0 0 0 0 0 0 0 0 0 0 0 0 0 0 0 0 0 0 0 0 0 0 0 0 0 0 0 0 0 0 0 0 0 0 0 0 0 0 25 1 0 0 0 8 1 11 0 1 0 0 33 0 12 0 1 0 0 0 0 0 13 0 17 0 0 0 19 10 24 0 0 0 0 44 0 0 0 0 0 9 0 0 0 0 0 0 0 0 0 0 0 0 0 0 0 0 0 0 0 0 0 0 0 0 0 0 0 0 0 21 0 0 0 0 0 10 0 0 0 33 0 0 0 9 20 0 0 1 11 1 0 43 0 0 20 0 0 0 0 0 6 1 14 0 0 0 29 1 10 0 1 12 39 38 0 0 0 0 0 0 0 0 0 0 0 8 0 0 0 0 0 0 1 20 0 0 1 65 0 2 2 1 1 0 0 0 0 0 0 0 0 0 0 0 0 0 0 0 8 15 0 31 1 0 
 0 1 0 0 0 3 0 0 0 2 1 0 0 2 0 3 0 0 0 33 0 2 0 0 0 0 0 96 0 3 0 0 0 0 0 2 0 0 1 0 51 177 186 561 323 154 175 153 55 163 0 191 343 109 279 70 146 118 47 293 18 0 0 0 30 0 20 1 0 0 0 3 73 10 88 0 2 3 3 1 0 0 0 0 0 0 0 0 0 0 0 0 0 0 0 0 0 0 0 0 0 0 8 0 0 0 0 0 0 0 0 0 0 0 0 0 0 0 0 0 5 0 7 37 8 12 0 0 0 1 13 11 0 17 0 18 31 53 0 0 10 0 0 9 0 0 13 11 17 10 0 0 0 0 9 1 4 0 32 31 0 10 0 0 0 0 0 0 0 0 0 0 2 0 0 0 0 0 0 46 0 0 0 0 0 0 0 0 0 0 0 0 0 0 0 0 0 0 0 0 0 0 49 0 10 25 26 0 6 15 22 15 0 8 23 14 0 0 0 0 6 18 0 0 0 0 0 1 35 6 0 1 38 7 4 8 9 0 30 7 0 0 10 0 0 0 0 0 0 0 0 2 0 7 0 0 0 0 0 4 0 1 0 1 0 1 0 3 2 0 0 0 0 0 0 0 0 0 0 0 0 3 0 0 10 0 0 11 2 0 
 0 0 0 0 0 0 0 0 0 4 0 0 0 0 0 1 0 0 0 0 0 2 0 1 0 0 0 0 0 0 0 9 0 0 0 2 0 0 2 1 40 83 139 114 165 57 136 96 62 67 191 0 75 112 75 96 76 88 25 48 0 0 0 0 0 0 7 51 0 6 0 2 0 3 50 0 0 0 18 6 0 0 0 0 0 0 0 0 0 0 0 0 0 0 0 0 0 0 0 0 0 0 0 0 0 0 0 0 0 0 0 0 0 0 0 0 0 0 0 0 18 0 11 14 7 17 0 9 0 24 14 18 24 28 1 26 31 37 0 13 1 9 0 0 11 0 10 0 0 0 0 0 0 0 0 10 4 0 18 1 0 0 6 0 0 0 0 0 0 0 0 0 0 0 0 0 3 0 0 0 0 0 0 0 0 0 0 0 0 0 0 0 0 0 0 0 0 0 0 0 11 12 10 29 14 1 19 0 2 11 3 1 0 18 12 10 6 1 0 0 0 10 0 10 0 0 0 26 0 13 11 0 12 10 17 0 6 0 0 9 0 0 13 0 0 0 0 0 0 0 0 17 0 0 0 0 0 0 0 12 3 0 2 0 0 14 2 64 0 0 1 0 0 20 0 0 0 0 0 0 0 0 0 0 12 15 0 0 1 0 
 0 0 0 0 0 0 0 0 0 2 0 0 0 0 0 0 0 0 0 0 0 0 0 1 62 2 1 1 2 65 62 81 0 0 0 0 1 0 0 0 329 58 81 295 266 31 226 75 123 44 343 75 0 95 135 95 48 22 224 58 8 0 0 0 4 0 1 0 0 0 1 7 0 6 0 0 3 0 2 0 0 0 0 0 0 0 0 0 0 5 0 0 0 0 0 0 0 0 0 0 0 0 0 1 2 20 0 0 0 0 0 1 0 0 0 0 0 0 0 0 53 0 10 20 0 1 14 39 0 18 0 5 19 31 10 3 47 10 1 28 0 0 4 18 0 0 0 2 0 1 3 0 0 0 22 2 4 0 81 5 0 0 0 0 0 0 0 0 2 0 0 0 0 0 0 0 5 0 0 0 0 0 0 0 0 6 0 0 0 0 6 0 0 0 0 0 1 0 0 0 27 15 27 17 6 0 15 26 23 0 0 4 0 20 4 1 7 1 0 6 5 0 8 0 0 0 0 0 0 12 1 6 0 0 1 7 0 0 0 5 0 0 16 0 0 0 0 0 0 0 0 8 0 0 0 0 0 87 0 0 0 0 0 0 0 21 1 65 0 0 0 0 0 0 0 0 0 0 0 0 0 0 0 0 0 0 0 0 0 0 
 0 0 0 0 0 0 0 0 0 1 0 0 0 0 0 0 0 0 0 1 0 0 0 0 62 81 0 2 0 0 0 62 62 0 0 0 0 0 0 0 121 259 105 87 80 54 212 183 197 555 109 112 95 0 102 170 113 307 168 149 5 0 2 0 0 0 1 0 0 0 0 0 50 0 4 0 7 0 28 0 0 0 0 0 0 0 0 0 0 0 0 0 0 0 0 0 0 0 0 0 0 0 0 0 23 0 0 0 0 0 0 1 0 0 0 0 0 0 0 0 0 12 15 0 9 6 32 10 1 0 26 12 12 7 0 18 7 40 1 1 0 0 10 8 0 0 6 54 0 3 0 0 6 10 3 5 3 0 8 34 0 0 0 0 0 0 0 0 4 0 0 0 0 0 7 0 1 0 10 0 0 0 0 0 24 0 0 0 0 0 0 0 0 0 0 0 0 0 0 9 9 15 0 25 12 0 0 9 0 9 41 18 9 0 0 61 14 14 0 0 3 1 5 0 0 0 0 0 1 3 0 16 11 1 0 7 0 0 1 20 0 0 0 0 0 0 0 0 0 19 0 3 0 1 0 0 0 0 0 0 0 0 0 0 66 1 2 0 0 0 0 0 0 0 0 0 0 0 0 0 0 0 0 0 20 0 0 0 0 0 
 4 0 0 1 0 2 0 0 0 10 10 6 0 1 0 6 12 0 32 3 2 2 2 2 3 4 2 3 2 4 73 130 2 2 4 3 6 5 2 3 259 78 76 53 137 49 265 289 175 113 279 75 135 102 0 218 64 27 92 143 0 0 0 0 0 0 1 0 0 0 0 0 0 0 0 53 0 0 0 0 20 10 0 0 0 0 1 0 2 0 0 24 5 6 4 1 0 0 0 0 0 0 0 0 0 30 0 0 0 0 0 0 0 0 0 0 0 0 0 0 1 36 1 0 1 4 0 30 1 18 0 10 12 31 3 6 6 0 13 8 9 0 0 3 0 0 0 0 0 0 6 0 0 0 0 0 0 0 0 1 5 0 0 0 6 0 0 0 0 0 7 8 7 2 0 0 7 0 0 0 23 0 0 38 0 21 0 0 0 0 1 0 0 0 0 0 0 0 0 0 33 16 17 15 0 0 22 13 2 8 0 13 0 19 4 0 8 10 0 16 20 0 0 0 0 0 0 0 0 0 0 0 0 0 0 0 0 0 1 0 0 6 0 0 0 16 5 0 0 0 0 12 0 2 0 0 0 0 0 2 0 0 9 0 0 26 3 0 0 0 0 0 0 0 0 0 0 0 0 0 0 0 0 0 0 13 0 0 0 0 
 3 3 3 3 3 32 3 3 3 7 3 3 3 3 3 3 3 3 3 3 0 0 0 5 0 0 0 40 2 6 1 0 0 0 0 0 6 0 10 7 154 122 193 143 225 73 256 72 178 167 70 96 95 170 218 0 61 133 22 44 0 0 0 70 0 0 6 0 0 0 0 0 0 0 0 0 0 0 0 0 0 0 0 0 0 0 0 0 0 0 0 0 0 0 0 0 0 0 0 0 11 0 32 0 0 0 0 14 0 0 0 0 10 12 0 51 0 11 0 5 1 24 51 0 1 18 3 26 47 10 11 18 20 26 21 16 18 18 14 1 0 0 0 0 0 0 0 0 0 0 17 0 11 0 0 0 0 0 10 1 0 0 0 0 0 0 0 0 8 0 0 0 0 0 6 0 5 0 0 16 0 0 0 0 0 6 0 0 0 0 0 0 0 4 0 0 3 0 0 2 1 18 9 21 0 0 1 6 1 20 21 26 3 20 1 16 34 28 0 0 18 0 0 0 0 0 0 0 0 0 0 0 13 0 0 0 20 0 1 0 0 0 8 0 0 0 0 0 0 0 0 10 0 0 0 0 0 0 0 1 0 1 2 1 4 0 0 0 1 1 19 0 0 0 0 0 0 0 0 0 0 3 0 0 2 11 0 0 2 0 
 0 6 0 3 0 3 0 0 0 2 0 0 0 0 0 0 0 0 0 0 0 0 0 0 0 3 0 0 0 0 0 0 0 0 0 1 0 0 0 0 80 342 50 587 53 121 323 242 124 234 146 76 48 113 64 61 0 471 244 42 0 0 10 0 0 0 53 0 6 0 26 0 24 6 0 0 13 0 66 25 0 0 0 0 0 0 0 0 0 0 0 0 0 0 0 0 0 0 0 0 0 0 0 0 0 0 0 0 0 0 0 0 0 0 0 0 0 0 0 0 0 3 0 19 21 11 0 0 0 8 0 16 0 0 0 0 6 0 0 0 16 0 0 0 24 0 0 51 20 7 0 2 6 13 1 0 0 7 19 34 0 0 0 0 1 0 0 0 0 0 0 0 2 0 0 0 0 0 0 0 0 0 0 0 0 0 0 0 0 0 0 0 0 0 0 0 0 37 0 0 0 0 0 0 0 24 0 0 26 11 7 25 0 8 0 0 0 20 0 0 10 0 1 0 0 0 0 0 16 0 7 1 18 8 9 0 1 3 32 3 0 0 0 0 0 0 0 0 0 0 0 5 0 2 0 0 0 0 0 1 0 0 1 3 0 2 1 0 2 0 0 0 0 0 0 0 0 0 0 0 0 0 0 0 11 34 0 20 0 0 
 2 10 3 3 3 3 2 2 2 7 3 2 3 2 5 3 2 3 3 3 0 0 0 0 0 65 0 1 0 0 0 0 6 0 0 0 2 0 201 0 31 270 30 334 47 172 55 89 372 341 118 88 22 307 27 133 471 0 32 40 0 19 0 0 0 0 0 0 0 0 73 0 0 5 0 0 0 0 25 54 0 0 0 0 0 0 0 0 0 0 0 0 0 6 0 0 0 0 0 0 0 0 0 0 0 0 0 0 0 0 0 0 0 0 0 0 0 0 0 0 0 60 0 0 31 32 62 14 0 21 24 19 21 6 0 69 18 16 0 0 0 0 0 0 0 0 11 0 5 5 0 0 34 17 46 4 0 0 0 23 0 0 0 0 0 0 0 0 0 0 0 0 0 0 0 0 0 0 0 0 0 10 0 0 0 0 0 0 0 0 0 0 0 0 0 0 0 0 0 0 0 0 0 18 28 20 0 0 0 23 23 0 43 0 0 11 29 24 0 0 0 6 0 0 0 0 0 0 7 0 0 0 12 0 10 0 1 10 55 31 0 0 0 0 0 0 0 0 0 0 0 13 0 0 0 0 0 0 0 18 0 0 0 67 62 3 3 0 0 0 0 0 0 0 0 0 0 0 0 0 0 0 0 0 9 16 0 0 1 0 
 0 0 0 0 0 0 0 0 0 5 0 0 0 0 0 0 0 0 0 0 127 61 17 0 154 65 0 0 125 90 0 68 0 0 30 62 63 68 0 0 43 51 108 62 50 53 47 87 61 68 47 25 224 168 92 22 244 32 0 217 0 0 0 0 2 0 0 0 1 2 3 19 0 1 22 0 3 0 0 0 0 0 0 0 0 0 0 0 0 0 0 0 0 0 0 0 0 0 0 0 0 14 20 19 11 9 0 0 21 35 12 32 0 0 0 14 0 6 0 0 24 0 11 30 0 0 12 11 0 10 1 0 0 9 0 0 0 0 1 1 0 0 7 7 0 0 0 0 0 0 9 0 0 0 0 0 0 0 0 0 3 0 0 0 0 0 1 0 2 0 17 0 10 0 0 0 0 0 0 0 0 3 16 23 1 0 0 12 11 0 41 9 0 0 0 25 0 0 0 0 23 0 22 21 0 0 8 45 26 0 11 0 8 0 14 1 0 0 13 20 0 0 0 0 0 0 0 0 0 0 0 0 0 0 0 0 0 0 0 0 0 0 0 0 0 15 0 0 0 0 0 18 0 2 0 15 0 60 0 0 0 0 1 0 0 0 3 2 0 0 0 0 0 0 0 1 0 0 0 0 0 0 0 0 0 10 0 0 0 0 
 0 10 0 0 0 0 5 0 0 2 0 0 0 0 0 0 0 0 1 0 0 0 62 0 68 26 0 0 0 127 78 126 0 0 0 0 62 3 1 0 119 27 137 38 260 39 211 389 64 63 293 48 58 149 143 44 42 40 217 0 0 0 0 0 1 0 0 0 0 0 0 0 0 0 4 0 0 2 0 0 0 0 0 0 0 0 0 7 0 0 0 0 1 0 0 0 0 0 10 0 0 0 6 15 31 0 0 0 0 20 11 20 0 0 0 0 0 0 0 0 10 0 0 10 0 6 16 0 0 10 23 0 0 0 0 10 9 4 0 14 0 0 0 0 0 0 3 0 0 0 0 0 0 0 0 0 0 0 0 0 3 74 15 0 0 0 5 31 1 1 16 0 8 0 0 0 0 0 7 0 0 0 0 0 13 0 0 0 1 0 27 0 0 0 0 21 0 0 0 0 12 14 0 16 0 0 11 22 0 10 24 0 7 6 28 24 19 0 0 13 0 0 0 0 0 0 0 0 0 11 0 0 10 0 0 0 0 0 0 27 0 0 0 0 0 0 0 0 0 0 0 0 0 2 0 0 0 64 0 2 0 0 0 0 1 0 1 1 0 0 0 0 0 0 0 0 0 0 0 0 0 0 0 0 10 0 0 0 0 0 
 0 0 3 2 0 3 0 0 0 0 0 0 0 0 0 3 0 0 0 0 0 0 72 0 0 0 0 0 1 0 0 0 55 0 0 0 0 2 0 0 2 0 0 0 6 0 0 0 0 0 18 0 8 5 0 0 0 0 0 0 0 129 85 104 147 28 120 108 42 298 76 24 37 54 115 90 38 77 64 27 0 0 0 0 0 30 0 0 0 0 0 0 0 0 0 0 0 0 0 0 1 0 1 0 0 0 0 0 0 1 0 2 0 1 0 10 0 2 0 0 0 0 0 0 0 0 0 0 0 0 0 0 0 0 0 0 0 0 0 0 18 24 19 15 9 23 0 2 11 0 20 7 0 18 27 44 25 7 28 7 0 0 0 3 0 0 0 0 0 0 0 0 2 0 0 0 0 13 0 5 0 0 0 0 0 0 0 0 0 0 0 0 0 0 4 0 0 0 7 0 0 0 0 0 1 0 0 0 0 0 0 14 0 0 0 0 0 0 0 0 58 15 17 11 0 0 22 35 0 55 7 16 0 0 1 10 1 13 0 22 7 0 0 0 0 0 0 0 0 0 0 0 0 0 12 0 0 0 0 0 0 0 0 0 0 0 0 0 0 0 5 0 0 19 0 0 0 0 0 0 0 0 0 0 0 0 0 0 0 0 
