 0 189 257 227 23 248 76 145 53 110 123 346 266 132 426 84 325 19 116 153 2 0 2 0 0 3 0 0 0 3 3 0 73 0 0 0 0 0 74 1 0 0 0 0 0 0 0 2 2 1 0 0 0 0 0 2 1 0 0 0 0 0 0 0 0 0 2 0 0 0 53 3 0 0 0 2 0 0 0 0 4 8 4 8 15 0 0 31 18 11 7 43 7 0 14 24 0 22 9 29 13 0 0 0 0 0 0 0 0 0 0 0 0 0 0 0 0 0 0 0 0 0 0 0 0 0 0 0 14 0 0 0 0 0 0 0 0 0 0 0 0 0 0 0 0 0 0 0 0 0 0 0 0 0 0 0 0 0 0 0 0 10 0 0 18 13 37 24 17 1 0 0 5 1 0 31 22 0 0 9 0 0 1 0 0 0 0 0 0 0 0 0 0 0 0 0 0 0 0 8 0 0 0 0 0 0 0 0 0 0 0 0 0 0 0 0 0 0 0 0 0 0 0 0 19 0 0 0 0 0 0 0 0 0 0 0 0 13 0 0 0 11 0 0 0 0 1 0 0 1 11 20 0 0 0 0 0 0 0 0 0 0 0 0 0 0 0 0 0 0 0 15 0 0 0 0 0 0 0 0 0 0 0 0 0 0 0 0 0 0 
 189 0 104 304 106 337 280 337 169 144 460 52 46 150 56 265 137 167 241 320 6 0 2 0 0 2 78 0 0 69 2 0 5 0 0 0 0 0 1 5 0 0 0 0 0 0 0 11 2 6 2 0 0 5 0 4 0 0 0 0 0 0 0 0 0 0 0 0 0 0 2 3 0 0 4 13 0 0 0 2 12 21 40 17 0 23 0 16 33 41 61 0 17 18 0 0 24 10 12 10 0 0 0 0 1 0 0 11 0 2 0 0 13 0 0 0 0 0 11 16 0 0 0 0 0 0 0 0 0 0 0 0 0 0 0 0 0 0 0 1 0 0 0 0 0 0 0 0 0 0 0 0 0 0 0 0 1 0 0 0 0 36 0 12 28 16 0 10 37 12 10 0 7 18 2 11 0 0 0 0 12 0 0 0 0 0 0 18 0 0 2 0 11 0 0 0 0 0 17 0 2 0 0 0 0 0 0 0 0 0 0 0 0 0 0 0 12 0 0 0 0 0 0 0 0 0 0 0 0 0 0 0 0 0 0 0 0 0 0 0 0 0 0 0 0 0 0 0 22 8 14 2 0 0 0 0 0 0 0 0 0 0 0 0 0 0 0 0 0 0 0 0 0 0 0 0 25 0 0 0 0 0 0 0 0 0 0 0 0 0 
 257 104 0 240 285 368 181 301 102 515 424 172 255 48 519 152 118 190 103 489 2 1 2 0 0 0 0 0 0 3 2 2 81 0 2 4 63 0 74 54 0 0 62 0 0 0 0 2 4 1 0 0 0 0 0 2 2 0 0 0 0 0 0 0 0 0 0 0 0 0 2 3 0 0 0 3 0 0 0 0 5 18 25 11 22 15 0 18 16 14 8 68 0 0 35 71 7 38 0 0 1 0 0 0 0 0 0 0 12 0 0 0 0 19 7 0 0 0 0 15 0 0 0 0 0 0 0 0 0 0 0 0 0 0 0 0 13 0 0 0 0 0 0 0 0 0 0 0 4 0 0 1 15 0 0 1 0 1 0 0 0 12 10 10 23 49 0 1 20 36 18 50 6 20 27 36 18 36 0 0 0 0 13 2 0 0 10 0 0 0 0 0 13 0 1 0 0 0 8 10 0 0 2 0 0 0 0 0 0 0 0 0 0 0 0 17 0 0 0 0 0 0 2 0 0 0 0 0 0 0 0 0 0 0 0 0 0 0 0 0 0 11 0 0 0 3 90 0 4 3 10 17 9 0 0 0 0 0 0 0 0 0 0 0 0 0 0 0 0 2 0 0 0 0 0 0 0 15 0 0 0 0 0 2 0 1 0 0 0 0 
 227 304 240 0 119 147 282 240 189 369 161 111 75 306 343 241 41 272 152 122 3 0 4 1 0 0 77 0 1 3 2 76 73 0 0 0 0 1 0 2 0 0 3 0 0 0 0 2 2 2 0 0 0 0 0 8 1 2 0 0 0 0 0 0 0 0 2 0 0 0 2 3 0 0 0 8 0 0 0 0 17 30 41 9 0 9 17 20 19 50 40 0 0 8 56 29 0 37 0 0 0 0 0 0 0 0 0 0 0 0 0 0 10 0 0 0 0 0 0 0 0 0 0 0 0 0 0 0 0 0 0 0 0 0 10 0 0 0 0 0 0 0 0 0 0 0 0 0 0 0 7 0 0 0 0 0 17 0 0 0 0 0 9 14 22 45 13 1 0 0 17 0 9 20 16 7 30 16 0 8 0 0 0 0 0 0 10 0 0 0 0 0 14 0 0 0 0 0 52 20 0 0 0 0 0 0 0 0 0 0 0 0 0 0 0 0 0 0 0 0 0 0 0 0 0 0 0 0 0 0 0 3 0 0 0 0 0 0 0 0 0 1 0 0 0 0 47 0 2 11 0 10 0 0 0 0 0 0 0 0 0 0 0 0 0 0 0 0 0 0 0 0 0 0 0 20 32 0 0 0 0 0 0 0 0 0 0 0 0 0 
 23 106 285 119 0 167 356 153 167 290 371 140 94 169 80 376 103 333 121 291 25 74 35 0 0 0 85 73 38 3 2 0 75 35 1 0 0 0 103 157 0 3 0 0 0 0 0 2 2 2 0 0 0 0 0 3 3 0 0 0 0 0 0 0 0 0 2 0 2 0 2 53 0 0 0 2 0 3 0 0 0 9 17 0 28 54 0 0 0 23 15 20 0 0 0 0 19 0 2 0 1 25 11 13 0 0 33 13 0 17 11 0 73 0 10 18 0 0 26 11 0 0 0 0 0 0 0 0 15 0 0 0 0 0 0 0 0 0 0 3 0 0 0 7 0 2 0 0 0 0 5 0 0 0 0 0 0 3 0 0 0 0 0 9 0 37 0 0 0 10 12 29 0 0 0 0 0 11 0 0 10 9 0 0 11 0 40 22 0 1 0 0 30 10 0 21 13 17 27 1 0 0 0 14 0 0 0 0 0 0 0 0 0 1 0 0 0 0 0 0 0 0 0 0 0 0 0 0 0 2 0 0 0 0 0 0 0 0 0 0 0 0 0 0 0 5 1 0 3 58 0 2 0 2 0 0 0 0 0 0 0 0 14 0 0 0 0 0 0 0 0 0 0 0 0 0 15 0 0 0 0 0 0 0 0 0 0 0 0 0 
 248 337 368 147 167 0 125 42 149 127 406 160 39 54 312 54 76 160 51 45 25 9 2 3 0 0 2 23 75 3 4 0 62 165 191 27 5 0 79 162 0 0 3 2 0 0 0 5 4 2 0 0 0 6 0 12 0 0 0 5 0 0 0 0 0 0 1 0 0 0 8 3 0 0 0 3 0 0 0 0 8 9 2 0 2 23 0 30 0 15 1 0 0 0 14 0 24 0 0 0 0 33 1 2 2 0 17 10 0 24 19 0 11 18 0 42 0 0 10 43 0 0 0 0 0 0 0 0 0 0 0 0 0 0 0 0 0 0 0 2 0 0 0 0 0 0 0 0 4 0 0 0 0 0 0 0 2 0 0 0 0 19 0 3 3 18 11 0 17 8 21 16 0 0 1 0 16 0 0 0 37 19 10 0 20 0 7 14 16 15 1 9 21 1 0 26 34 14 1 0 1 0 0 10 0 0 0 0 0 0 0 0 0 0 0 0 0 0 2 0 0 0 0 25 0 0 1 0 0 0 0 0 0 0 2 0 0 0 0 0 0 0 0 0 0 6 1 1 48 4 22 8 0 0 0 0 0 0 0 0 6 0 0 0 0 0 19 0 0 0 0 0 0 0 0 0 10 7 0 0 0 0 0 0 0 0 1 0 0 0 
 76 280 181 282 356 125 0 107 405 147 124 133 570 264 45 149 120 282 272 262 2 0 2 0 0 0 0 0 0 3 2 1 0 0 0 0 0 0 0 2 0 0 20 0 0 0 0 2 2 1 0 0 0 0 0 4 0 1 64 0 0 0 0 0 0 0 1 0 0 6 2 3 0 0 0 2 0 0 0 0 27 10 0 10 0 0 41 39 17 1 13 14 12 29 29 0 18 20 30 0 0 0 0 0 0 0 0 0 0 0 0 2 0 1 0 0 0 0 13 0 0 0 0 0 0 0 0 2 0 0 0 0 0 0 0 0 0 0 0 0 0 2 2 0 0 0 0 2 0 0 0 0 0 0 0 0 0 0 0 0 10 12 6 10 26 0 28 21 18 0 10 0 2 40 13 1 0 32 9 18 0 0 0 0 0 0 0 0 0 0 0 0 0 0 0 0 0 0 17 0 0 0 0 0 0 0 0 0 0 0 0 0 0 0 0 5 1 0 0 0 0 0 0 0 0 0 0 0 12 0 0 0 0 0 0 0 0 0 0 0 0 0 0 0 0 1 0 0 0 0 0 19 0 0 1 0 0 0 0 0 0 0 0 0 0 0 0 0 0 0 0 0 0 0 0 16 0 0 0 0 0 0 0 0 0 0 0 0 0 0 
 145 337 301 240 153 42 107 0 82 340 130 192 205 207 103 239 141 118 71 596 2 0 2 0 0 0 0 0 0 3 3 0 1 2 2 2 0 0 0 2 0 0 2 0 0 2 0 2 2 0 0 2 0 0 1 2 0 0 0 0 0 0 0 0 0 0 2 0 0 0 2 3 0 0 0 7 0 0 0 0 7 57 25 65 0 13 0 17 18 42 5 11 0 44 14 10 25 1 21 11 0 0 0 0 0 0 0 12 0 0 0 14 13 0 0 0 0 0 18 0 0 0 0 0 0 0 0 0 0 0 0 0 0 0 0 0 0 0 0 0 0 0 0 0 0 0 0 0 0 0 0 0 0 0 0 0 0 0 0 0 9 0 33 31 12 6 20 3 23 0 0 0 12 13 26 41 34 0 36 12 0 0 12 0 0 0 0 0 0 0 0 0 33 0 0 0 0 0 14 1 0 0 0 0 0 0 0 0 0 0 0 0 0 0 0 0 0 0 0 0 0 0 0 0 0 0 0 0 0 0 0 0 0 0 0 0 0 0 0 0 0 34 0 0 0 2 0 2 2 86 0 15 0 0 0 0 0 0 0 0 0 0 0 0 0 0 0 0 0 0 0 0 0 0 0 0 0 0 0 0 0 0 0 0 0 0 0 0 0 0 
 53 169 102 189 167 149 405 82 0 400 42 35 194 225 305 74 42 165 376 87 2 2 2 2 0 0 0 5 0 3 2 0 1 0 0 0 1 0 0 2 0 0 0 0 0 0 0 2 2 0 0 0 0 0 0 2 3 0 0 0 0 0 0 0 0 0 5 0 0 1 2 2 0 0 0 2 0 0 0 0 24 6 13 31 7 9 35 11 8 1 45 0 0 26 32 22 18 13 13 0 1 0 0 1 0 0 0 0 0 0 0 0 13 0 13 0 0 0 0 0 0 0 8 0 11 0 0 0 0 0 0 0 0 0 0 0 0 0 0 0 0 0 0 2 0 0 0 0 0 0 8 2 0 0 0 2 0 2 0 0 2 2 17 6 29 0 15 22 0 52 24 7 10 15 11 3 16 24 10 31 0 0 0 1 0 0 16 0 0 0 0 0 11 0 0 0 0 0 32 1 0 0 0 0 0 0 0 0 0 0 1 0 0 0 0 0 0 0 0 0 0 0 1 0 0 0 0 0 0 0 0 0 0 0 0 0 0 0 0 0 0 1 0 0 0 0 1 2 2 0 0 4 0 0 0 0 0 1 0 0 0 0 0 0 0 0 0 0 0 23 0 0 0 2 0 27 0 0 0 0 0 0 0 0 0 2 0 0 0 0 
 110 144 515 369 290 127 147 340 400 0 313 133 111 96 278 187 177 329 397 106 81 0 2 0 0 0 74 0 0 79 2 2 175 0 1 0 0 4 154 60 0 0 2 0 0 0 3 2 5 2 0 0 0 0 0 4 1 0 0 0 0 0 0 0 0 0 4 0 0 0 2 3 0 0 0 2 0 0 0 0 12 15 15 13 7 0 0 12 18 20 20 15 13 0 32 78 19 76 11 5 0 14 10 0 0 0 0 17 11 0 0 0 0 20 12 0 0 0 1 35 0 0 0 0 0 1 0 0 0 0 0 0 0 0 0 0 0 0 0 1 0 0 0 0 0 0 0 0 0 0 7 0 0 2 0 0 0 0 0 0 1 1 8 12 31 36 22 1 0 9 30 5 0 50 50 42 0 29 6 18 0 0 15 0 0 0 10 8 0 1 0 0 4 1 0 0 0 0 27 1 0 2 0 0 0 0 0 0 0 0 0 0 0 0 0 0 0 0 0 9 0 0 0 0 0 0 2 0 0 2 0 0 0 0 0 0 0 0 0 0 0 0 0 0 0 3 50 2 5 5 0 9 0 16 0 0 0 0 0 0 0 0 0 0 0 0 0 0 62 0 0 0 0 0 0 0 19 0 0 0 0 0 0 0 0 0 0 0 0 0 
 123 460 424 161 371 406 124 130 42 313 0 74 30 106 313 171 274 456 42 85 76 0 2 0 79 0 0 0 0 3 2 0 148 0 0 0 0 0 0 2 0 0 0 0 0 0 0 2 2 0 0 0 0 0 0 4 0 0 0 0 0 0 0 0 0 0 0 0 0 0 2 3 0 0 0 2 0 0 0 0 0 30 35 0 14 16 17 1 13 36 12 32 0 13 49 58 9 40 0 0 0 0 0 0 0 0 0 0 0 0 0 0 16 0 0 0 0 0 14 3 0 0 0 0 0 0 0 0 0 0 0 0 12 0 0 0 0 0 0 0 0 0 0 0 0 0 0 0 0 0 7 0 0 0 0 0 0 0 0 0 9 6 15 34 48 19 1 11 13 34 10 0 0 25 23 0 17 0 1 24 9 0 0 0 0 0 10 0 0 0 0 0 14 0 0 0 0 0 36 18 0 0 0 0 0 0 0 0 0 0 0 0 0 0 0 0 0 0 0 0 0 0 0 0 0 0 0 0 0 0 0 0 8 0 0 0 0 0 12 0 0 0 0 0 0 0 47 0 87 177 5 9 0 0 0 0 0 0 0 0 0 0 0 0 0 0 0 0 0 0 0 0 0 0 0 18 15 0 0 0 0 0 0 0 0 0 0 0 0 0 
 346 52 172 111 140 160 133 192 35 133 74 0 138 243 134 424 325 127 136 64 84 1 2 0 1 0 1 0 0 3 2 0 73 0 153 0 0 0 35 48 0 0 0 0 0 0 0 2 2 1 0 0 0 0 0 4 1 0 0 0 0 0 0 0 0 0 45 0 0 0 2 3 0 0 0 55 0 0 0 0 25 17 46 9 0 15 0 40 17 35 19 25 0 15 42 15 0 29 0 0 1 0 0 0 0 0 8 0 0 0 0 0 8 5 0 27 0 12 15 0 0 0 0 0 0 0 0 0 0 0 0 0 0 0 0 0 0 0 0 0 1 0 0 1 0 0 0 0 4 0 0 1 9 0 0 0 0 0 0 0 0 0 0 0 36 26 0 37 12 9 0 47 24 0 2 12 38 14 0 0 0 0 0 1 12 0 12 9 14 0 0 0 11 1 5 0 15 14 0 25 0 0 0 2 0 0 0 0 0 0 0 0 0 1 0 0 0 0 0 0 0 0 0 0 0 0 0 0 0 0 0 0 0 0 0 0 0 1 0 0 0 12 0 0 0 4 4 0 0 1 0 18 0 0 0 0 0 0 0 0 0 0 0 0 0 0 0 0 0 0 0 0 0 0 0 0 0 23 0 0 0 0 0 0 0 0 0 0 0 0 
 266 46 255 75 94 39 570 205 194 111 30 138 0 189 128 350 120 129 201 51 5 0 5 0 0 0 1 0 0 3 2 0 78 0 0 0 36 2 0 1 0 0 0 0 0 1 0 2 2 2 0 1 0 0 0 5 1 0 0 0 0 0 0 0 0 0 2 0 0 0 2 6 0 0 0 5 2 0 0 6 19 8 0 59 0 1 1 54 29 21 45 14 0 11 28 32 0 47 1 0 0 0 0 0 0 0 0 0 0 0 0 0 1 0 0 0 0 0 36 0 0 0 0 0 0 0 0 0 0 0 0 0 0 0 0 0 0 0 0 0 0 0 0 0 0 0 0 0 0 0 0 0 0 0 0 0 0 0 0 0 0 10 9 0 35 28 13 34 0 0 0 0 10 11 2 23 13 17 9 13 0 0 0 0 0 0 0 0 0 0 0 0 49 0 0 1 0 0 55 0 0 0 0 0 0 0 0 0 0 0 0 0 0 0 0 0 0 0 0 0 0 0 0 0 0 2 0 0 0 0 0 0 0 0 0 0 0 0 18 0 0 12 0 0 0 0 3 0 0 0 2 4 0 0 0 0 0 0 0 0 0 0 0 0 0 0 0 0 0 0 0 0 0 0 0 17 0 0 0 0 0 0 0 0 0 0 0 0 0 0 
 132 150 48 306 169 54 264 207 225 96 106 243 189 0 206 308 233 376 141 175 2 0 2 1 0 1 0 0 0 3 2 1 0 0 0 0 0 0 0 3 0 0 0 0 0 0 0 2 2 1 0 0 0 0 0 4 0 0 0 0 1 0 0 0 0 0 0 0 0 8 2 3 0 0 0 2 42 0 0 0 20 18 0 13 0 0 34 8 8 11 11 28 0 27 25 12 10 83 13 0 0 0 2 0 0 34 0 0 0 0 0 0 0 0 0 0 0 0 14 8 0 0 0 0 0 0 0 0 0 0 0 11 0 0 0 0 0 0 0 0 0 0 0 0 0 1 0 0 0 0 0 0 0 0 0 0 0 0 1 0 47 0 14 42 5 2 58 35 0 0 0 2 10 31 65 0 61 22 10 77 0 0 0 0 0 0 0 0 0 0 0 0 0 0 0 0 0 0 43 18 0 0 0 0 0 0 0 0 0 0 0 0 0 0 0 0 0 0 0 0 0 0 0 0 0 0 0 0 0 0 0 0 0 0 0 0 0 0 0 0 0 0 0 0 0 1 0 0 1 89 0 7 0 1 0 0 0 0 0 0 0 0 0 0 0 0 0 0 0 0 43 0 0 0 0 11 0 0 0 0 0 0 0 0 0 0 0 0 0 0 
 426 56 519 343 80 312 45 103 305 278 313 134 128 206 0 219 25 219 259 138 3 3 4 2 0 0 4 0 1 3 2 2 73 3 0 0 2 0 0 2 0 0 0 2 0 0 0 5 4 1 0 0 0 3 0 6 1 61 0 0 0 0 0 0 0 0 2 0 0 0 2 3 0 0 0 85 0 0 0 32 32 24 20 7 0 0 0 36 25 15 35 0 0 11 42 20 0 49 16 0 0 0 0 0 0 0 0 0 0 0 0 0 0 9 0 0 0 0 0 2 0 0 0 0 0 0 0 0 0 0 0 0 0 0 0 0 0 2 0 0 0 0 0 0 0 0 0 1 6 0 9 0 0 0 0 0 0 13 0 0 0 0 6 3 26 41 20 32 17 0 14 6 0 31 49 0 18 18 0 12 0 0 0 0 0 0 9 1 1 0 0 0 44 0 0 0 0 0 14 17 0 0 0 0 0 0 0 0 1 0 0 0 0 0 0 0 0 1 0 0 0 0 0 0 0 0 0 0 0 0 2 0 0 0 0 0 0 0 0 0 0 0 0 0 0 0 4 0 1 1 0 8 0 0 0 0 0 0 0 0 0 0 0 0 0 0 0 0 0 0 0 0 0 0 0 0 0 5 0 0 0 0 0 0 0 0 0 0 0 0 
 84 265 152 241 376 54 149 239 74 187 171 424 350 308 219 0 333 108 125 189 2 0 6 0 0 0 2 0 0 3 2 1 74 0 0 0 0 0 0 1 0 0 0 0 0 0 0 2 2 1 0 0 0 0 0 4 1 0 0 0 0 0 0 0 0 0 7 0 0 0 2 3 0 0 0 2 0 0 0 0 15 42 0 15 0 0 0 30 19 27 20 36 0 36 46 29 13 40 10 2 0 0 0 0 0 0 0 0 0 0 0 0 0 0 0 0 0 0 37 0 0 0 0 0 0 0 0 0 0 0 0 0 0 0 2 0 0 0 1 0 0 0 0 0 0 0 1 0 0 0 2 0 0 0 0 0 0 0 0 0 0 6 1 0 12 33 14 26 0 0 0 0 3 27 16 30 19 8 8 19 0 0 0 0 0 0 1 0 0 0 0 0 0 1 0 0 0 0 9 8 0 0 0 0 0 0 1 0 0 0 0 2 0 0 0 0 0 0 0 0 0 0 0 0 0 0 0 0 0 0 0 0 0 1 0 0 0 0 0 0 0 3 0 0 0 0 2 0 2 1 0 4 0 0 0 0 0 0 0 0 0 0 0 0 0 0 0 0 0 0 0 0 0 0 0 0 0 0 0 0 0 0 0 0 0 0 0 0 0 0 
 325 137 118 41 103 76 120 141 42 177 274 325 120 233 25 333 0 145 38 198 38 3 2 3 2 0 0 3 0 3 6 2 71 1 1 1 4 0 151 148 0 0 0 0 0 0 5 2 3 5 2 2 0 0 0 8 0 0 4 0 0 0 0 0 0 0 0 0 6 0 8 3 0 0 6 4 0 0 0 0 0 45 1 9 6 15 0 10 16 37 6 72 1 11 15 26 61 12 18 0 0 1 0 0 0 0 29 10 11 0 9 1 9 18 10 18 0 0 57 42 0 0 0 0 0 0 0 0 0 0 0 2 0 0 0 0 0 0 0 0 0 0 0 0 0 0 0 0 0 1 0 0 0 0 0 0 0 0 0 0 9 3 1 37 1 45 20 4 13 14 18 31 0 13 26 49 9 23 27 12 0 0 15 0 0 0 0 15 3 0 0 0 1 2 0 0 0 3 11 0 0 0 0 0 0 0 0 0 0 0 0 0 0 0 0 0 0 0 0 0 3 0 0 0 0 0 0 0 0 0 0 0 0 0 0 0 0 0 2 0 0 9 0 0 0 2 2 2 3 2 0 7 0 0 0 0 2 0 0 0 0 0 0 0 0 30 2 0 0 0 0 0 0 0 0 0 1 0 0 0 0 0 0 1 0 0 0 0 0 0 
 19 167 190 272 333 160 282 118 165 329 456 127 129 376 219 108 145 0 234 46 3 0 3 0 0 2 75 2 2 6 2 0 77 0 3 3 0 0 6 78 0 1 0 0 0 0 0 5 5 2 0 0 3 2 0 4 4 0 2 0 0 0 0 31 0 0 3 1 0 0 2 2 0 0 0 2 0 43 0 0 13 19 42 7 20 82 0 0 12 10 26 18 0 13 15 9 10 20 10 0 0 0 0 0 0 0 0 0 30 0 0 0 12 32 0 0 0 0 0 17 0 0 0 0 0 1 0 0 0 0 0 0 0 0 0 0 0 0 0 0 0 0 0 0 0 26 0 5 4 0 6 0 0 0 0 0 0 0 0 0 0 0 12 13 48 15 21 63 11 22 16 24 0 25 29 15 16 39 0 5 0 0 0 0 0 0 13 1 0 1 0 0 62 0 0 0 0 0 42 11 0 2 0 0 0 0 0 0 0 0 0 0 0 0 0 0 0 0 0 0 0 0 0 0 0 0 2 0 0 0 0 0 0 0 0 0 0 0 0 0 0 0 0 0 0 2 87 0 3 131 0 22 0 2 0 0 0 0 0 0 0 0 0 0 0 0 0 0 0 0 0 0 0 0 0 1 15 15 0 0 0 0 0 0 0 0 0 0 0 0 
 116 241 103 152 121 51 272 71 376 397 42 136 201 141 259 125 38 234 0 537 3 0 4 0 0 2 2 0 0 3 75 2 0 0 0 0 0 0 0 2 0 0 0 0 0 0 0 2 2 1 0 0 0 0 0 2 0 0 0 64 0 0 0 0 0 0 1 0 0 0 2 3 0 0 0 6 0 0 1 0 11 8 9 18 0 0 0 8 20 11 2 27 10 18 0 2 0 1 2 14 0 0 14 0 0 0 0 0 0 0 9 0 0 0 0 0 0 0 0 0 0 0 0 0 0 0 0 0 0 0 0 0 0 0 0 0 0 0 0 0 22 0 0 10 0 2 0 0 0 0 0 0 0 0 0 0 0 0 0 0 0 9 1 0 10 1 15 0 0 0 0 1 32 3 0 19 0 0 33 0 0 0 0 0 0 0 0 0 0 0 0 0 0 0 0 0 0 0 0 3 0 0 0 0 0 0 0 0 0 0 0 0 0 0 0 0 0 0 0 0 0 0 0 0 0 0 0 0 0 2 0 0 0 0 0 0 0 0 0 0 0 0 0 0 0 2 2 2 4 1 0 7 0 2 0 0 0 0 0 0 0 0 0 0 0 0 0 0 0 0 0 0 0 0 0 0 0 0 0 0 0 0 0 0 0 0 0 0 0 0 
 153 320 489 122 291 45 262 596 87 106 85 64 51 175 138 189 198 46 537 0 2 71 2 0 0 1 0 32 0 3 3 0 0 0 21 0 0 0 0 1 0 0 0 0 0 0 0 3 2 0 0 0 0 3 0 4 1 0 0 0 2 0 1 0 1 0 2 0 0 0 2 3 0 0 0 4 0 0 4 2 1 80 13 0 0 0 42 14 19 30 12 16 8 2 0 6 64 0 32 9 0 0 0 0 0 0 0 0 0 2 0 0 0 0 0 0 0 0 0 0 0 0 0 0 0 0 0 0 0 0 0 0 0 0 0 0 0 0 0 1 0 0 0 0 0 0 0 0 0 0 0 0 0 0 0 0 1 0 0 0 9 1 16 10 1 0 1 13 10 0 2 0 1 14 23 12 24 0 11 11 0 0 0 0 0 0 0 0 0 0 2 0 0 0 0 0 0 0 13 15 2 0 0 0 0 0 0 0 0 0 0 0 0 0 0 0 3 0 0 0 0 0 0 0 0 0 1 0 0 0 0 0 0 0 1 0 0 0 0 0 0 0 0 0 0 0 3 3 4 3 1 2 0 0 0 0 0 0 0 0 0 0 0 0 0 0 0 0 0 0 0 0 0 0 0 13 0 0 0 0 0 0 0 0 0 0 0 0 0 0 
 2 6 2 3 25 25 2 2 2 81 76 84 5 2 3 2 38 3 3 2 0 130 381 38 30 35 623 60 30 36 592 45 37 53 52 66 38 44 194 230 0 3 0 4 0 0 0 0 0 2 5 0 2 0 1 2 0 0 0 0 0 0 0 0 13 5 0 3 0 0 0 0 0 0 0 3 0 0 2 0 0 0 0 9 12 39 0 0 0 25 9 20 0 0 0 0 21 0 0 0 9 5 0 0 11 0 38 15 0 0 23 8 9 1 2 14 19 8 43 9 0 0 0 15 0 0 0 0 9 0 2 0 0 0 0 0 0 0 0 0 0 0 0 7 0 0 0 21 1 0 4 0 0 0 0 0 5 6 0 0 0 0 0 2 4 68 4 0 0 0 0 30 0 2 0 0 8 0 0 0 4 0 11 0 64 0 12 39 79 1 1 10 20 19 15 26 18 1 0 0 0 0 0 0 0 0 0 0 0 0 0 0 0 0 0 0 0 0 0 0 0 0 0 22 15 0 0 0 0 0 0 0 0 0 0 0 0 0 13 0 0 0 0 0 0 0 26 0 0 0 0 0 0 23 15 0 2 79 0 2 6 0 0 0 0 1 18 0 0 0 0 0 0 0 0 0 0 0 0 0 0 0 0 0 0 0 9 0 0 0 
 0 0 1 0 74 9 0 0 2 0 0 1 0 0 3 0 3 0 0 71 130 0 105 581 180 553 353 269 314 29 355 26 35 213 267 132 254 213 200 118 9 3 0 0 0 0 9 12 1 1 3 0 67 0 0 2 0 1 1 10 0 0 0 0 0 3 3 3 0 0 0 0 2 0 0 3 0 0 2 0 0 0 0 0 0 18 0 0 0 0 0 14 0 0 0 0 0 0 0 0 23 22 0 18 12 0 0 13 49 10 0 15 19 10 1 9 0 19 24 1 1 0 0 0 0 0 34 0 1 0 0 0 9 0 23 1 0 0 24 1 0 0 0 0 0 0 14 0 0 0 0 34 0 0 0 0 0 0 0 0 0 2 0 8 0 0 0 0 0 0 0 0 0 7 0 2 0 21 0 0 12 54 18 31 39 29 0 14 1 24 0 45 0 18 0 4 2 24 0 4 0 1 0 10 0 0 0 0 0 0 0 0 5 0 22 0 0 0 1 25 2 0 0 0 0 8 0 0 0 0 0 0 0 0 0 0 0 2 0 0 0 0 0 0 0 1 0 0 0 0 0 0 18 1 15 0 2 0 1 0 2 2 0 0 0 0 0 0 0 0 0 2 0 0 0 0 0 0 0 0 0 9 0 0 0 0 0 0 0 0 
 2 2 2 4 35 2 2 2 2 2 2 2 5 2 4 6 2 3 4 2 381 105 0 338 138 172 111 146 326 376 303 100 135 88 46 34 98 34 194 321 67 5 0 0 0 0 0 0 0 1 3 0 65 0 0 5 0 2 69 0 3 0 0 0 0 6 0 3 0 0 0 0 0 0 0 3 0 0 2 0 15 0 0 0 11 0 0 0 0 0 1 0 0 0 0 0 1 0 0 0 0 24 5 1 16 0 10 13 0 0 22 0 17 13 10 0 10 15 0 0 0 0 0 1 0 0 11 7 15 0 1 0 43 0 18 0 21 0 11 8 0 0 0 6 0 0 0 1 0 0 3 0 0 0 0 0 1 3 0 0 0 0 0 0 0 16 0 0 0 0 0 0 0 4 0 0 0 3 3 0 0 23 13 1 0 1 0 0 10 15 19 0 26 0 2 11 12 18 0 0 15 0 0 0 0 0 9 6 0 0 0 0 9 20 0 0 0 0 14 49 0 0 0 0 0 0 0 0 0 0 0 0 0 0 0 0 0 0 0 0 0 0 48 0 0 0 0 0 0 0 0 0 0 29 4 0 0 1 160 0 0 0 0 0 0 0 0 0 0 0 0 0 0 0 0 0 0 0 0 0 0 36 0 0 0 0 0 0 0 0 
 0 0 0 1 0 3 0 0 2 0 0 0 0 1 2 0 3 0 0 0 38 581 338 0 430 636 280 78 205 195 261 147 56 148 233 260 215 219 305 54 81 3 0 0 0 0 0 0 0 2 77 0 31 0 17 1 0 0 3 0 2 0 0 0 0 5 0 7 0 0 0 0 0 0 0 3 0 0 2 0 0 0 0 0 0 0 0 0 0 0 0 0 0 0 0 0 0 0 0 0 0 0 0 0 28 19 8 0 39 0 49 1 0 0 0 0 19 67 0 0 8 0 8 0 0 2 0 0 9 0 0 0 21 15 43 17 3 0 37 35 0 2 0 0 0 1 0 0 0 0 0 10 0 0 0 0 0 0 0 23 0 0 0 17 0 0 0 0 0 0 0 0 0 20 0 0 0 0 0 0 0 0 0 52 49 53 0 0 9 33 14 19 0 1 0 10 0 25 0 0 11 0 0 0 0 0 26 13 0 0 0 0 23 38 11 0 9 0 10 106 0 0 0 0 0 0 0 0 0 0 0 0 0 0 1 2 0 0 0 0 0 0 15 0 0 0 0 0 0 0 0 0 0 0 3 2 2 3 27 0 2 0 0 0 0 0 0 0 0 0 0 0 0 0 0 0 0 0 0 0 0 1 0 0 1 0 0 0 0 0 
 0 0 0 0 0 0 0 0 0 0 79 1 0 0 0 0 2 0 0 0 30 180 138 430 0 191 36 288 183 138 271 65 93 59 169 84 225 65 88 73 62 4 66 0 0 0 120 65 31 4 3 1 25 0 2 0 0 0 64 67 0 0 0 0 50 3 0 3 16 0 0 0 1 0 0 3 0 0 2 0 0 0 2 0 0 0 11 0 0 0 0 0 2 0 0 0 0 0 0 0 0 0 0 14 13 19 10 11 15 0 0 1 0 7 0 0 9 6 0 0 23 18 8 0 0 0 21 0 9 0 0 0 0 0 25 9 14 0 24 0 0 0 1 0 0 0 13 0 1 0 0 0 0 0 0 21 0 0 0 0 0 0 0 0 0 2 0 0 0 2 0 0 0 18 0 9 0 0 0 0 0 10 0 19 1 71 0 0 28 16 9 29 0 0 0 10 0 25 0 0 1 15 0 1 0 0 17 9 13 23 9 0 39 20 20 23 4 8 10 31 0 0 0 0 0 0 0 0 0 0 0 0 0 0 0 0 0 0 0 0 0 0 12 0 0 0 0 0 0 0 0 2 0 0 5 2 4 2 106 0 5 0 0 0 0 0 0 0 0 0 0 0 0 0 0 0 0 0 0 0 0 12 0 0 0 10 0 0 0 0 
 3 2 0 0 0 0 0 0 0 0 0 0 0 1 0 0 0 2 2 1 35 553 172 636 191 0 24 27 207 81 192 113 24 44 192 79 209 46 42 58 70 7 63 0 0 1 33 0 71 2 3 0 95 63 2 31 64 0 0 0 0 0 0 0 0 3 0 16 0 0 0 0 0 0 0 3 2 0 2 0 0 0 0 0 0 0 0 0 0 0 0 0 0 0 0 0 8 0 0 0 0 22 16 12 26 10 0 34 17 0 19 0 0 0 0 0 13 13 0 0 18 11 2 0 0 0 0 11 19 25 11 0 29 13 39 12 7 22 12 0 0 0 0 0 0 0 0 0 0 0 0 7 0 0 0 0 0 0 0 0 0 0 0 0 0 0 0 0 0 0 0 0 0 5 0 0 0 0 0 0 0 26 11 13 36 35 0 0 6 17 2 12 0 0 20 6 0 8 0 0 20 14 24 0 0 0 0 10 0 0 10 16 23 49 13 2 0 0 29 58 0 0 0 0 0 0 0 0 0 0 0 0 0 0 0 0 0 0 0 0 0 0 12 0 0 59 0 0 0 0 0 0 0 0 2 6 6 1 1 1 4 0 0 0 0 0 0 0 0 0 0 0 0 0 0 0 0 0 0 0 0 6 0 0 12 2 0 14 0 1 
 0 78 0 77 85 2 0 0 0 74 0 1 1 0 4 2 0 75 2 0 623 353 111 280 36 24 0 130 168 201 63 34 152 364 264 120 384 202 409 545 3 3 0 0 0 0 0 3 0 0 3 0 0 0 0 1 0 0 0 1 0 0 0 0 6 3 0 3 0 0 0 0 0 0 0 3 0 0 2 0 0 13 19 0 0 18 0 0 0 1 11 0 0 0 0 0 1 0 0 0 16 15 56 0 9 0 0 32 12 1 0 59 15 12 2 7 20 0 0 0 0 0 0 0 0 0 0 0 0 0 1 0 0 0 0 0 0 0 0 0 0 0 0 0 0 0 0 0 10 0 0 0 0 0 0 0 0 0 0 0 0 0 0 0 0 0 16 5 0 0 0 0 0 0 0 0 0 0 0 0 16 12 21 16 12 10 0 0 22 17 0 12 31 0 35 2 7 9 18 8 0 15 0 0 0 0 0 0 0 0 0 0 0 0 0 0 0 0 12 0 0 0 0 0 0 0 0 0 0 0 0 0 0 0 0 0 0 0 0 0 0 0 0 0 0 0 0 0 0 74 0 0 74 0 3 0 1 3 1 1 3 1 0 0 0 0 0 0 0 0 0 0 0 0 0 0 11 0 0 0 0 0 0 0 0 0 11 0 0 0 
 0 0 0 0 73 23 0 0 5 0 0 0 0 0 0 0 3 2 0 32 60 269 146 78 288 27 130 0 493 557 244 117 316 321 148 282 31 337 370 226 0 3 0 0 0 0 0 1 0 2 3 0 0 0 2 2 0 0 0 14 0 0 0 2 0 3 0 3 0 0 0 0 0 0 0 3 0 0 2 0 0 17 0 2 0 11 0 0 1 0 0 15 0 0 0 0 0 0 0 0 33 39 7 9 0 0 15 7 0 26 21 21 1 43 16 20 7 46 65 11 0 0 1 0 0 0 5 0 1 19 0 0 0 0 0 0 0 0 0 0 0 0 0 0 0 0 6 0 0 0 0 0 1 0 0 0 0 0 0 0 0 0 0 11 0 0 0 0 0 0 0 0 0 0 0 18 6 0 0 0 7 39 9 1 11 0 29 25 1 2 5 0 1 23 30 13 2 13 0 0 0 0 0 11 0 0 0 0 0 0 0 0 3 0 0 0 0 0 0 0 0 0 0 0 0 0 0 0 0 0 0 0 0 0 0 0 0 0 0 0 0 0 0 0 0 0 0 0 0 0 0 0 20 0 3 0 4 2 0 2 2 2 0 0 2 0 0 0 0 0 0 0 0 0 0 0 0 0 0 0 0 8 0 0 0 0 0 0 0 0 
 0 0 0 1 38 75 0 0 0 0 0 0 0 0 1 0 0 2 0 0 30 314 326 205 183 207 168 493 0 239 149 54 93 307 415 135 134 61 406 65 1 8 0 0 0 0 2 0 0 6 3 0 30 2 2 1 0 4 0 0 0 4 0 1 0 3 0 3 0 0 0 0 0 0 0 2 0 0 2 0 0 0 0 0 0 12 0 0 0 0 0 0 0 0 0 0 0 0 0 0 0 44 15 23 60 33 9 26 49 3 11 12 16 0 10 19 0 0 15 0 0 2 0 5 0 0 0 1 12 0 0 0 15 11 65 0 2 0 21 0 0 0 0 0 0 0 0 0 0 0 0 8 12 0 0 0 0 20 0 0 13 9 0 10 0 0 0 0 0 0 0 2 0 7 0 0 2 0 0 0 9 20 49 24 21 14 16 0 0 0 14 26 0 0 15 25 23 42 2 0 2 0 0 1 0 0 18 0 2 0 0 12 8 2 11 0 0 0 13 32 0 0 0 7 0 0 0 0 0 0 0 0 0 0 0 0 0 0 0 0 0 0 0 0 0 0 0 0 0 0 0 0 0 0 4 0 0 0 2 2 0 1 0 0 0 0 0 0 0 0 0 0 0 10 0 0 0 0 0 0 0 1 0 0 0 1 0 0 0 0 
 3 69 3 3 3 3 3 3 3 79 3 3 3 3 3 3 3 6 3 3 36 29 376 195 138 81 201 557 239 0 210 109 56 137 191 170 222 53 82 389 90 7 2 1 3 0 74 0 0 17 3 0 1 0 64 4 0 2 126 0 0 0 3 5 10 4 0 3 3 4 0 0 0 0 4 3 0 0 2 0 0 0 0 0 0 0 0 0 0 0 0 0 0 0 0 0 0 0 0 0 4 0 16 21 9 24 0 5 20 9 5 34 0 0 0 0 31 0 0 14 0 0 0 0 0 0 0 0 12 0 0 0 26 8 14 0 8 0 20 35 0 0 0 0 0 0 1 0 0 0 0 0 0 0 0 0 0 0 0 0 0 0 0 0 0 0 0 0 0 0 0 0 0 0 0 0 0 0 0 0 4 9 64 27 28 10 0 0 43 3 10 31 19 0 0 16 20 24 0 0 23 33 0 0 0 0 33 0 0 0 1 0 0 0 0 10 7 0 18 0 0 0 0 20 0 0 0 0 0 0 0 0 0 0 12 0 0 0 0 0 0 0 0 0 0 0 0 0 0 0 0 0 0 25 3 0 3 226 4 0 3 10 0 0 0 0 18 0 48 0 0 0 0 0 2 0 0 0 0 0 0 0 0 0 0 0 9 0 0 0 
 3 2 2 2 2 4 2 3 2 2 2 2 2 2 2 2 6 2 75 3 592 355 303 261 271 192 63 244 149 210 0 77 44 273 449 163 266 570 351 71 85 3 1 0 0 0 66 0 1 2 3 0 32 0 63 2 2 0 65 0 0 0 0 0 19 3 0 10 0 0 0 0 0 0 0 3 0 0 2 0 0 0 0 0 2 0 1 0 0 0 0 0 0 23 0 0 0 2 0 0 10 0 10 16 46 21 2 12 27 0 0 11 0 0 0 0 35 20 9 0 4 20 0 0 0 0 2 0 9 0 0 0 7 0 44 1 21 1 19 2 0 0 0 17 0 0 0 0 0 0 0 6 0 0 0 0 0 0 0 0 0 0 0 0 0 0 0 0 0 0 0 0 0 11 10 0 0 0 0 0 0 6 0 50 37 46 0 0 23 0 20 19 21 0 10 10 0 25 0 0 0 0 0 0 0 0 18 1 0 23 0 0 22 0 33 14 51 0 11 57 0 0 0 0 0 0 0 0 0 0 0 4 0 0 0 0 0 0 1 0 0 0 36 0 0 0 0 0 0 0 0 0 0 0 16 1 0 115 25 2 1 1 0 0 0 0 0 0 0 0 0 0 0 0 0 0 0 0 0 0 0 21 0 0 0 0 3 0 0 0 
 0 0 2 76 0 0 1 0 0 2 0 0 0 1 2 1 2 0 2 0 45 26 100 147 65 113 34 117 54 109 77 0 18 135 33 126 147 317 23 33 62 3 68 6 0 0 0 0 62 1 56 0 8 0 61 0 71 0 0 0 58 0 0 0 0 9 0 10 0 50 0 0 0 0 0 3 0 0 2 0 0 0 0 0 0 0 0 0 0 0 0 0 0 0 0 0 0 0 0 0 17 0 0 15 1 8 0 23 0 0 19 2 0 12 14 9 11 37 0 0 13 23 19 1 0 0 12 7 0 11 7 0 49 0 0 0 10 7 21 20 1 0 0 0 0 0 0 0 0 0 0 0 0 0 0 0 0 0 0 0 0 0 0 0 0 0 0 0 0 0 0 0 0 39 0 0 0 0 0 0 16 16 15 18 30 1 6 0 10 17 22 14 0 1 18 0 7 15 0 0 51 18 0 0 0 0 16 34 0 0 13 0 2 22 0 11 15 13 31 25 0 0 0 0 0 0 0 0 0 0 0 0 0 0 0 0 0 0 0 0 0 0 0 0 0 0 0 0 1 0 0 0 0 0 7 0 0 73 0 0 5 0 0 0 0 0 0 0 0 0 0 0 0 0 0 0 0 0 0 0 0 0 0 0 0 0 1 15 0 0 
 73 5 81 73 75 62 0 1 1 175 148 73 78 0 73 74 71 77 0 0 37 35 135 56 93 24 152 316 93 56 44 18 0 170 251 175 38 57 398 46 3 6 0 0 0 0 0 3 4 2 6 0 4 0 63 0 3 0 0 0 0 0 0 47 0 3 0 3 0 0 0 6 0 0 0 9 5 2 2 0 0 12 7 15 11 13 0 0 10 35 22 0 0 0 6 18 42 10 0 0 0 8 31 0 0 0 0 30 26 10 8 0 10 10 22 0 0 0 12 47 0 0 0 0 0 0 0 0 0 0 0 0 0 0 0 0 0 0 0 0 0 0 0 0 0 0 0 0 0 0 0 0 0 0 0 0 0 0 0 0 0 10 7 22 10 40 0 6 0 22 17 9 0 13 28 11 11 10 0 0 19 10 11 0 0 0 0 11 0 0 10 0 0 1 0 15 0 0 8 2 0 0 0 0 0 0 0 8 0 0 0 0 1 0 0 0 0 0 0 0 0 0 0 0 0 0 0 0 0 0 0 0 0 0 0 0 0 0 0 0 0 14 0 0 0 0 85 0 51 0 16 0 0 0 9 0 2 75 0 2 1 10 0 0 0 0 0 0 0 0 0 0 0 0 0 0 26 0 0 0 0 0 0 0 0 0 0 0 0 0 
 0 0 0 0 35 165 0 2 0 0 0 0 0 0 3 0 1 0 0 0 53 213 88 148 59 44 364 321 307 137 273 135 170 0 328 177 334 144 429 444 2 4 0 0 2 0 0 3 0 4 7 0 2 0 1 2 4 1 0 3 3 4 3 5 4 3 0 3 5 6 4 0 0 0 4 7 2 0 2 0 0 0 0 0 2 18 2 0 0 0 0 1 0 0 0 0 0 0 0 0 35 30 14 41 2 0 8 0 57 20 23 3 32 9 40 127 1 10 17 18 0 0 0 0 1 0 0 0 0 0 0 15 0 0 0 0 0 0 0 0 0 0 0 0 0 0 0 0 0 0 0 0 0 0 0 10 0 0 0 0 0 0 0 11 0 0 0 0 0 0 0 0 0 0 0 0 2 0 0 0 53 19 19 0 1 0 29 0 0 15 31 26 13 30 9 27 24 27 0 42 0 0 0 2 0 0 0 0 0 0 0 0 0 0 0 0 0 0 24 0 0 0 0 2 0 0 0 0 0 0 0 0 0 0 0 0 0 0 2 0 0 0 0 0 0 0 0 0 0 0 0 0 75 2 11 0 1 48 0 2 1 5 0 0 0 0 0 0 0 0 0 1 0 0 0 0 0 0 0 14 0 0 0 0 0 2 0 0 0 0 
 0 0 2 0 1 191 0 2 0 1 0 153 0 0 0 0 1 3 0 21 52 267 46 233 169 192 264 148 415 191 449 33 251 328 0 176 130 132 697 238 0 7 0 0 0 0 0 0 0 1 3 0 64 0 2 1 0 0 0 0 0 0 0 3 0 3 0 3 0 0 0 0 0 5 0 3 0 0 2 0 0 0 0 0 0 14 0 0 0 0 0 30 0 0 0 0 0 0 0 0 5 1 0 1 13 0 30 10 26 8 0 2 11 0 20 8 20 12 21 0 0 0 0 14 0 0 1 2 3 0 0 0 0 0 0 0 0 0 18 0 0 0 0 13 0 0 0 0 0 1 0 0 0 0 0 0 0 0 0 0 0 0 0 10 0 0 0 0 0 0 19 20 0 5 0 0 0 0 0 0 14 24 37 17 14 10 0 39 27 6 14 32 10 21 0 8 9 53 12 2 0 0 0 13 0 0 0 0 0 0 0 0 16 13 0 0 0 0 38 28 0 0 0 0 14 0 0 0 0 0 0 0 0 0 0 0 0 14 0 0 0 1 11 0 0 0 0 0 0 0 0 0 17 0 12 0 2 5 78 4 3 20 0 0 0 0 0 0 0 0 0 0 0 0 0 0 0 0 0 18 0 13 0 0 0 0 0 0 0 0 
 0 0 4 0 0 27 0 2 0 0 0 0 0 0 0 0 1 3 0 0 66 132 34 260 84 79 120 282 135 170 163 126 175 177 176 0 148 38 194 136 2 4 0 3 0 0 0 0 0 2 3 0 4 1 3 2 1 0 0 5 2 0 0 0 11 3 0 3 0 0 0 0 0 0 0 3 0 0 3 0 0 0 0 0 1 0 0 0 0 0 0 0 0 0 0 0 0 0 0 0 33 20 10 1 14 0 0 0 54 27 8 14 12 19 56 1 20 0 0 17 0 0 0 0 9 0 0 1 0 0 0 0 0 0 0 0 0 0 10 0 0 0 0 0 0 0 0 5 0 1 0 0 0 0 0 0 0 0 0 0 0 0 0 0 0 0 0 0 0 0 0 0 0 7 0 0 0 0 0 0 7 22 12 21 47 16 20 13 31 7 36 50 29 27 1 58 1 0 1 24 0 0 0 0 0 0 0 0 0 0 0 0 14 0 0 0 0 0 20 0 0 0 0 20 0 0 0 0 13 0 0 0 10 0 0 0 0 0 0 0 0 0 0 0 0 0 0 0 0 0 0 0 0 0 12 0 3 78 0 0 0 11 0 0 0 0 18 0 0 0 0 0 0 0 0 0 0 0 0 15 0 0 0 0 0 4 9 0 0 0 
 0 0 63 0 0 5 0 0 1 0 0 0 36 0 2 0 4 0 0 0 38 254 98 215 225 209 384 31 134 222 266 147 38 334 130 148 0 140 38 57 130 6 68 0 0 0 0 0 1 1 3 0 62 0 65 2 0 0 63 4 2 0 0 0 0 3 0 6 0 0 2 0 0 0 0 3 3 5 2 6 0 0 0 0 1 0 1 0 0 0 0 0 0 0 0 0 0 2 0 0 0 0 22 79 15 60 0 14 53 61 21 10 0 0 0 1 1 0 1 17 0 0 0 0 0 0 0 1 12 0 0 0 25 16 9 0 18 1 24 3 0 0 0 0 0 0 1 0 0 0 0 0 0 0 0 8 0 0 0 0 0 0 0 0 0 0 0 0 0 0 0 0 0 0 0 0 0 15 0 0 6 9 51 17 1 16 0 0 20 5 26 38 0 0 0 0 20 50 0 0 0 1 0 0 0 0 24 0 0 0 0 0 1 0 0 13 10 0 25 26 0 0 0 0 0 0 0 0 0 0 0 0 0 0 0 0 0 0 1 0 0 0 0 0 0 0 0 0 0 0 0 0 0 0 6 0 0 236 73 6 0 20 0 0 0 0 0 0 0 0 0 0 0 0 0 0 0 0 0 0 0 1 0 0 0 0 9 0 0 0 
 0 0 0 1 0 0 0 0 0 4 0 0 2 0 0 0 0 0 0 0 44 213 34 219 65 46 202 337 61 53 570 317 57 144 132 38 140 0 274 41 7 3 2 0 0 0 3 8 3 2 3 0 6 0 3 2 0 1 62 0 0 0 0 0 0 3 0 11 0 0 0 0 0 0 0 3 0 0 2 0 0 0 0 0 0 0 0 0 0 0 0 0 0 0 0 7 0 0 0 0 40 0 10 42 9 2 18 24 13 2 38 13 0 9 18 93 9 31 0 1 0 1 0 0 0 0 25 0 0 0 0 0 0 0 0 0 1 0 0 0 0 0 0 0 0 0 4 0 0 0 0 0 0 0 0 0 0 0 0 0 0 2 0 0 0 0 0 0 0 0 0 2 0 0 0 2 6 0 0 0 11 0 3 24 11 10 10 0 13 44 14 19 0 9 17 1 13 32 0 9 22 0 0 0 0 0 7 1 1 0 0 0 1 9 8 0 0 0 4 44 2 0 0 0 0 0 0 0 0 0 0 0 0 1 0 0 0 2 0 0 0 0 1 0 0 2 0 0 0 0 0 0 0 1 13 3 4 2 76 0 3 0 0 0 0 0 0 0 0 0 0 2 0 0 0 0 0 0 0 0 0 9 0 0 0 0 0 0 0 0 
 74 1 74 0 103 79 0 0 0 154 0 35 0 0 0 0 151 6 0 0 194 200 194 305 88 42 409 370 406 82 351 23 398 429 697 194 38 274 0 518 4 3 0 0 0 0 0 6 1 0 3 0 0 0 2 2 0 0 0 8 0 0 0 0 0 3 0 3 0 0 0 0 0 0 0 3 0 0 2 0 0 0 0 0 19 12 0 0 0 0 1 30 0 0 0 0 1 0 0 0 23 28 2 0 0 0 21 20 14 0 10 0 62 49 79 10 1 9 1 12 0 0 0 1 0 0 0 0 10 0 0 0 0 0 0 0 0 0 0 31 0 0 0 6 0 0 0 1 0 0 3 0 0 0 0 0 1 3 0 0 0 2 0 0 2 12 1 0 0 10 13 24 0 0 1 11 1 1 0 0 0 0 8 0 4 0 1 53 18 10 0 0 1 19 0 25 12 21 16 40 0 1 0 0 0 0 0 0 0 0 0 0 0 0 0 0 1 0 0 0 2 0 0 0 0 0 0 0 0 0 0 0 0 0 0 0 0 2 0 0 0 0 0 0 0 1 0 0 0 0 0 0 12 1 0 1 2 1 0 1 2 2 12 0 0 0 0 0 0 0 0 2 0 0 0 0 0 0 0 8 0 0 0 0 0 0 0 0 0 0 
 1 5 54 2 157 162 2 2 2 60 2 48 1 3 2 1 148 78 2 1 230 118 321 54 73 58 545 226 65 389 71 33 46 444 238 136 57 41 518 0 9 3 0 0 0 0 30 10 0 4 4 0 0 0 0 0 0 0 2 11 0 0 0 0 3 6 0 3 0 0 0 52 0 0 4 3 0 2 18 48 0 0 0 9 33 0 0 14 1 0 20 20 0 0 0 12 7 0 0 0 81 2 0 0 0 0 27 0 10 14 12 0 31 10 7 26 1 11 0 14 0 0 2 0 0 0 0 0 34 0 0 0 0 0 0 0 0 0 0 0 0 0 0 7 0 0 0 0 0 0 10 0 0 0 0 0 1 49 0 0 2 0 0 0 3 17 10 0 0 18 6 66 0 0 6 9 7 10 0 0 10 1 18 0 5 0 0 22 21 35 0 0 0 0 0 29 27 21 7 15 2 0 0 0 0 0 0 0 0 0 0 0 4 0 0 0 0 0 0 0 0 0 0 0 0 0 0 0 0 0 0 0 0 0 0 0 0 20 0 0 0 0 0 0 0 0 76 0 0 0 0 0 2 0 8 0 1 1 0 0 15 0 0 0 0 0 0 0 0 0 0 0 0 0 0 0 0 0 0 2 0 0 0 0 0 0 0 0 0 0 
 0 0 0 0 0 0 0 0 0 0 0 0 0 0 0 0 0 0 0 0 0 9 67 81 62 70 3 0 1 90 85 62 3 2 0 2 130 7 4 9 0 77 303 40 54 39 209 330 35 36 16 256 282 69 325 37 37 28 200 123 0 0 0 0 0 2 0 0 0 4 0 0 11 0 0 3 0 0 0 0 0 0 0 0 0 0 0 0 0 0 0 0 0 0 0 0 0 0 0 0 5 0 0 10 35 24 0 0 29 0 0 10 0 0 0 0 10 0 0 0 2 40 7 0 0 0 24 55 12 0 0 0 16 0 23 2 17 0 11 28 0 0 0 0 0 0 0 0 0 0 0 6 0 0 0 0 0 30 0 0 0 0 20 0 0 0 0 0 0 0 0 0 0 0 0 0 0 5 7 0 0 0 0 37 31 25 0 1 1 14 0 0 0 0 0 0 0 16 0 5 0 15 0 0 0 0 0 1 15 20 0 0 1 2 20 27 15 0 18 29 0 0 0 0 0 0 0 0 0 0 0 0 0 0 0 0 0 0 0 0 0 0 0 0 0 7 0 0 0 19 0 5 0 0 0 0 0 20 22 0 0 0 0 0 2 0 0 0 0 0 0 0 0 7 0 0 0 0 0 0 0 0 0 0 0 0 0 0 0 0 
 0 0 0 0 3 0 0 0 0 0 0 0 0 0 0 0 0 1 0 0 3 3 5 3 4 7 3 3 8 7 3 3 6 4 7 4 6 3 3 3 77 0 120 80 246 154 75 240 112 95 164 107 332 117 119 96 388 104 134 124 3 0 0 0 0 0 51 0 0 0 0 0 5 0 0 0 0 1 0 0 0 0 0 0 0 0 0 0 0 0 0 0 0 0 0 0 0 0 0 0 0 0 0 5 0 0 0 11 0 0 5 0 0 0 0 0 3 3 0 0 0 0 0 9 0 3 0 10 0 9 10 27 0 18 12 17 1 3 0 9 6 0 0 0 0 0 0 0 0 0 0 0 14 0 7 0 0 0 0 26 0 0 0 0 0 0 0 0 0 0 8 0 0 0 0 0 0 0 0 0 0 9 13 0 0 0 0 0 2 0 0 4 0 0 0 0 0 0 0 0 13 0 7 7 0 0 12 0 12 42 11 10 2 13 8 0 0 13 0 0 3 0 0 0 0 0 26 12 0 0 0 0 19 14 1 0 2 0 12 1 0 0 5 0 0 0 0 0 0 0 0 15 0 2 0 0 0 0 1 2 0 0 1 1 0 0 0 66 2 0 0 0 0 0 0 0 0 0 0 0 0 8 0 0 0 0 0 0 0 0 
 0 0 62 3 0 3 20 2 0 2 0 0 0 0 0 0 0 0 0 0 0 0 0 0 66 63 0 0 0 2 1 68 0 0 0 0 68 2 0 0 303 120 0 319 52 55 212 140 163 199 42 48 79 51 36 209 93 401 110 117 0 0 0 21 0 0 0 5 1 29 4 4 0 0 0 0 0 2 0 8 0 0 8 0 0 0 0 0 0 0 0 0 0 0 0 1 0 0 0 0 0 0 0 0 0 6 0 0 0 0 0 0 0 0 0 0 0 0 0 0 8 31 10 2 12 0 5 24 0 1 12 14 17 12 0 0 20 18 0 18 12 0 0 0 0 0 0 26 0 0 0 1 0 0 25 4 0 0 0 24 0 0 0 0 0 0 0 0 0 0 2 0 0 0 0 0 0 8 0 0 0 0 0 0 13 0 0 0 0 0 0 0 24 0 0 0 0 0 0 0 1 2 20 1 0 9 0 8 9 22 47 1 11 53 0 21 30 0 9 6 0 7 26 0 0 0 0 0 5 6 0 0 1 0 20 0 4 18 0 44 0 0 0 0 0 0 0 0 0 0 2 9 0 0 0 0 0 0 0 1 0 0 0 1 0 0 0 66 0 0 0 0 0 0 0 2 0 0 0 0 0 0 0 0 12 16 0 18 0 0 
 0 0 0 0 0 2 0 0 0 0 0 0 0 0 2 0 0 0 0 0 4 0 0 0 0 0 0 0 0 1 0 6 0 0 0 3 0 0 0 0 40 80 319 0 169 85 91 283 177 197 59 150 125 148 95 324 28 210 107 404 0 0 0 0 0 0 54 0 0 0 0 0 0 0 0 0 0 0 31 0 0 0 0 0 0 0 0 0 0 0 0 0 0 0 0 0 0 0 0 0 0 0 0 0 0 0 0 0 0 0 0 0 0 0 0 0 0 0 0 0 34 19 1 0 0 0 31 7 9 10 0 15 0 23 0 13 0 31 0 0 0 0 0 0 0 0 0 0 3 0 0 0 0 0 2 0 0 0 1 0 0 0 0 0 0 0 0 0 0 0 3 0 0 0 0 0 0 0 0 0 0 0 0 0 0 0 22 0 0 0 0 0 0 0 0 0 0 0 0 0 11 10 21 0 0 24 0 31 17 10 8 11 0 11 0 1 0 0 0 0 0 9 14 0 0 0 8 0 23 0 0 0 16 0 1 0 0 0 8 33 0 0 0 0 0 0 0 0 0 0 0 5 0 0 0 0 0 0 0 10 0 0 0 0 35 4 2 1 0 0 1 0 0 0 0 0 0 0 0 0 0 0 0 0 0 15 0 0 0 0 
 0 0 0 0 0 0 0 0 0 0 0 0 0 0 0 0 0 0 0 0 0 0 0 0 0 0 0 0 0 3 0 0 0 2 0 0 0 0 0 0 54 246 52 169 0 251 44 154 154 143 186 169 95 124 146 117 44 319 55 71 51 0 0 0 6 31 107 0 0 0 63 0 3 13 0 0 0 3 116 55 16 0 0 0 0 0 0 0 0 0 0 0 0 0 0 0 0 0 0 0 0 0 0 0 0 0 0 0 0 0 0 0 0 0 0 0 0 0 0 0 0 0 0 7 25 26 0 0 0 1 0 14 0 0 13 0 0 21 0 0 10 9 0 0 0 1 13 25 0 0 9 0 33 2 27 16 0 0 0 37 0 0 0 0 0 0 0 0 1 0 0 0 0 0 8 0 0 0 0 0 0 0 0 0 0 0 0 0 0 0 0 0 0 0 0 12 0 0 0 0 0 0 8 1 9 7 0 0 1 35 0 0 0 13 0 1 0 3 0 0 1 0 0 0 0 0 37 35 0 0 0 0 15 21 21 13 0 0 52 1 0 0 12 0 0 0 0 0 0 0 0 9 0 0 0 0 0 0 0 14 0 0 0 3 0 0 5 62 1 0 0 0 0 0 0 0 0 0 0 0 0 0 0 0 0 0 0 0 1 0 
 0 0 0 0 0 0 0 2 0 0 0 0 1 0 0 0 0 0 0 0 0 0 0 0 0 1 0 0 0 0 0 0 0 0 0 0 0 0 0 0 39 154 55 85 251 0 37 127 123 78 152 89 96 88 278 72 290 76 46 68 54 8 0 1 19 0 23 4 4 5 87 0 50 6 0 0 0 4 50 0 0 0 0 0 0 0 0 0 0 0 0 0 0 0 0 0 0 0 0 0 0 0 0 0 0 0 0 0 0 0 0 0 0 0 0 0 0 0 0 0 0 11 0 34 17 81 0 4 1 23 9 2 0 0 6 0 0 12 0 3 0 0 0 9 1 10 0 0 0 17 0 4 14 0 0 0 0 0 24 13 21 9 0 0 0 0 0 0 0 0 0 0 0 0 4 0 0 0 11 4 0 0 0 0 0 0 0 0 0 0 0 0 0 0 0 0 0 0 0 0 0 0 4 19 14 35 0 0 0 38 0 0 0 0 0 10 18 9 0 0 1 0 0 0 5 26 33 8 0 0 0 5 13 10 16 0 0 0 30 7 0 0 9 0 0 0 0 0 0 0 0 10 0 0 0 0 0 0 1 0 0 0 0 1 0 0 2 0 2 0 0 0 0 0 0 0 0 0 0 0 0 0 0 0 0 0 0 0 0 0 
 0 0 0 0 0 0 0 0 0 3 0 0 0 0 0 0 5 0 0 0 0 9 0 0 120 33 0 0 2 74 66 0 0 0 0 0 0 3 0 30 209 75 212 91 44 37 0 154 255 40 23 31 173 193 22 38 111 34 172 109 0 26 0 0 0 0 0 0 4 0 0 0 0 0 0 0 0 0 0 0 0 0 0 0 0 0 0 0 0 0 0 0 0 0 0 0 0 0 0 0 0 0 0 0 0 20 0 0 0 0 0 11 0 0 0 0 4 0 0 0 23 12 44 0 0 0 0 19 8 24 8 0 41 35 0 27 31 12 1 10 0 17 0 0 0 0 0 0 0 0 0 0 0 0 0 0 0 0 0 10 0 0 0 0 0 0 0 0 0 0 0 0 0 0 0 0 0 0 0 0 0 15 0 0 0 28 0 0 0 0 0 0 0 0 0 0 0 0 0 0 0 38 3 0 0 0 61 24 0 10 38 32 37 26 0 28 39 16 17 0 0 0 0 0 0 0 0 0 0 0 0 0 0 0 0 0 0 0 0 0 0 0 0 0 0 0 0 0 0 0 0 4 0 0 0 0 0 0 62 0 0 0 1 0 1 1 2 0 0 0 0 0 0 0 0 0 0 0 0 0 0 0 0 0 3 7 0 18 0 2 
 2 11 2 2 2 5 2 2 2 2 2 2 2 2 5 2 2 5 2 3 0 12 0 0 65 0 3 1 0 0 0 0 3 3 0 0 0 8 6 10 330 240 140 283 154 127 154 0 317 62 246 299 208 124 119 238 157 42 159 71 0 0 0 0 0 0 0 0 0 0 0 0 0 0 0 0 0 0 0 0 0 0 0 0 0 0 0 0 0 0 0 0 0 0 0 0 0 0 0 0 8 0 0 0 0 0 0 0 5 0 0 0 0 0 0 9 0 16 0 0 0 24 0 10 11 0 0 13 13 14 12 13 0 0 6 8 11 0 0 21 0 1 0 0 0 0 0 0 0 1 0 0 0 0 8 0 0 0 0 22 0 0 0 0 0 0 0 0 0 0 2 0 0 0 0 0 0 0 0 0 0 0 0 10 23 8 0 0 0 13 0 0 0 0 0 0 0 5 0 7 0 0 7 38 25 22 0 8 1 30 28 14 0 8 7 20 21 17 0 0 10 0 0 0 0 0 0 27 0 0 0 0 22 11 0 0 0 0 9 0 0 0 0 0 0 0 0 0 0 31 0 2 0 2 0 0 0 0 1 0 0 0 0 64 0 0 2 0 2 0 0 0 0 0 0 0 0 0 0 0 0 0 0 0 0 0 0 0 0 0 
 2 2 4 2 2 4 2 2 2 5 2 2 2 2 4 2 3 5 2 2 0 1 0 0 31 71 0 0 0 0 1 62 4 0 0 0 1 3 1 0 35 112 163 177 154 123 255 317 0 67 261 108 104 91 109 125 265 101 57 142 0 0 0 0 0 1 56 0 5 0 3 0 206 0 0 0 0 0 226 0 0 0 0 0 0 0 0 0 0 0 0 0 0 0 0 0 0 15 0 0 0 0 0 0 0 10 0 0 0 0 0 0 0 0 0 5 0 0 0 0 13 3 38 0 2 0 11 9 2 12 7 1 20 3 2 1 10 41 0 1 0 2 0 0 0 0 0 0 0 0 0 0 5 0 11 0 1 0 0 0 0 0 0 0 1 0 0 0 0 0 5 0 0 0 0 0 0 0 0 0 0 0 0 1 19 17 0 0 0 0 0 0 0 0 0 1 0 0 0 0 0 19 38 4 2 26 0 3 29 13 16 15 27 28 17 3 4 43 4 12 0 0 0 0 0 0 12 0 0 0 0 0 28 0 0 0 0 0 12 18 0 0 0 0 0 0 0 0 0 0 0 16 1 1 0 0 0 0 1 2 0 0 0 0 3 0 1 0 0 0 0 0 0 0 0 0 0 0 0 0 0 0 0 0 12 10 0 20 0 9 
 1 6 1 2 2 2 1 0 0 2 0 1 2 1 1 1 5 2 1 0 2 1 1 2 4 2 0 2 6 17 2 1 2 4 1 2 1 2 0 4 36 95 199 197 143 78 40 62 67 0 71 51 52 117 228 142 55 64 68 95 0 1 0 1 0 8 0 0 1 0 0 0 0 0 0 0 3 0 1 0 0 0 0 0 0 0 0 2 0 0 0 0 0 0 0 0 0 0 0 0 0 0 0 0 0 0 0 0 0 0 0 0 0 0 0 0 0 0 0 0 0 0 10 18 61 8 0 0 0 0 0 22 0 15 6 0 0 14 0 0 19 0 0 1 4 6 0 14 0 8 0 1 0 0 4 0 0 0 0 11 0 0 0 0 0 0 0 0 0 0 0 0 0 0 0 0 0 0 0 0 0 0 0 0 1 0 0 0 0 0 0 0 0 32 0 0 0 0 0 0 0 19 0 25 26 53 0 0 0 21 44 10 0 0 0 10 0 9 0 0 0 0 8 0 46 0 0 8 0 0 5 15 0 13 13 0 0 0 9 8 0 0 0 0 0 0 2 0 0 2 0 12 0 4 0 2 0 0 2 13 0 0 69 0 0 0 0 1 0 0 10 0 0 0 0 0 0 0 0 0 0 0 0 0 15 8 0 0 0 0 
 0 2 0 0 0 0 0 0 0 0 0 0 0 0 0 0 2 0 0 0 5 3 3 77 3 3 3 3 3 3 3 56 6 7 3 3 3 3 3 4 16 164 42 59 186 152 23 246 261 71 0 120 97 88 137 203 251 73 90 138 11 0 0 0 0 0 1 0 0 0 0 4 56 0 0 0 0 0 1 0 0 0 0 0 0 0 0 0 0 0 0 0 4 0 0 0 0 0 0 0 0 0 0 0 0 0 0 0 0 0 0 0 0 0 0 17 0 0 0 0 0 0 0 90 0 28 0 47 0 34 47 17 0 1 20 0 0 3 0 20 7 4 5 0 0 10 3 0 7 13 0 0 21 19 0 0 7 0 43 42 15 9 0 14 0 0 0 0 0 0 0 0 0 0 4 0 0 0 7 4 0 0 0 0 0 0 0 0 0 0 0 0 0 0 0 0 0 0 0 0 3 0 7 9 21 15 3 0 5 23 2 39 0 0 0 10 15 39 0 0 0 0 0 0 0 0 25 26 0 0 0 0 8 21 16 2 0 0 24 7 0 0 3 0 0 0 0 0 0 0 0 21 0 2 0 0 0 0 0 1 0 0 4 1 0 0 2 62 0 0 0 0 0 0 0 0 0 0 0 0 0 0 0 0 0 0 0 0 0 0 
 0 0 0 0 0 0 0 2 0 0 0 0 1 0 0 0 2 0 0 0 0 0 0 0 1 0 0 0 0 0 0 0 0 0 0 0 0 0 0 0 256 107 48 150 169 89 31 299 108 51 120 0 264 71 68 39 74 61 39 42 101 0 0 0 0 0 28 1 0 0 1 0 50 21 0 0 0 0 115 83 0 0 0 0 0 0 0 0 0 0 0 0 0 0 0 0 0 0 0 0 0 0 0 0 0 0 0 0 0 0 0 0 0 0 0 0 0 0 0 0 0 0 0 1 33 11 0 0 0 0 0 6 0 0 0 1 0 8 0 0 31 13 0 1 0 0 13 41 0 0 0 0 49 9 24 17 12 0 23 22 0 0 0 0 0 14 0 0 0 5 0 15 0 0 0 0 0 0 0 0 0 0 0 0 0 0 0 0 0 0 0 0 0 0 0 0 0 0 0 0 0 0 9 5 8 11 0 0 3 9 0 11 0 0 0 0 6 0 0 0 14 0 2 0 0 0 76 36 15 0 0 0 21 11 10 33 14 0 32 4 0 0 17 0 0 0 0 0 0 0 0 17 1 0 0 6 0 0 0 33 0 0 0 0 0 2 0 0 0 0 0 0 0 0 0 0 0 0 0 0 0 0 0 0 0 0 0 0 0 0 
 0 0 0 0 0 0 0 0 0 0 0 0 0 0 0 0 0 3 0 0 2 67 65 31 25 95 0 0 30 1 32 8 4 2 64 4 62 6 0 0 282 332 79 125 95 96 173 208 104 52 97 264 0 119 444 140 78 33 95 94 0 0 0 0 50 0 0 0 0 0 0 0 0 0 0 0 0 0 6 0 0 0 0 0 0 0 0 0 0 0 0 0 0 0 0 0 0 0 0 0 1 0 0 0 10 1 7 0 18 0 0 1 0 0 0 0 3 2 0 0 13 0 1 15 17 11 0 8 27 51 26 6 0 47 21 22 0 1 7 0 6 15 0 0 0 0 0 0 0 3 0 0 0 0 0 0 0 0 0 1 0 0 0 0 20 0 0 0 0 0 0 0 0 7 0 0 0 0 0 0 0 0 0 30 6 22 1 0 6 4 10 19 0 1 0 18 0 19 0 0 24 29 8 0 3 0 15 2 11 0 8 33 37 14 0 0 6 0 8 25 0 0 0 0 0 0 0 0 0 0 0 0 0 0 0 0 0 0 0 0 0 0 4 0 0 0 0 0 0 0 0 4 0 0 0 0 0 0 11 0 0 0 66 0 79 3 0 0 0 0 0 0 0 0 0 0 0 0 0 0 0 1 0 0 9 0 0 0 0 0 
 0 5 0 0 0 6 0 0 0 0 0 0 0 0 3 0 0 2 0 3 0 0 0 0 0 63 0 0 2 0 0 0 0 0 0 1 0 0 0 0 69 117 51 148 124 88 193 124 91 117 88 71 119 0 166 173 46 46 97 173 0 5 0 1 0 1 0 0 6 0 0 1 0 1 0 0 3 0 0 0 0 0 0 0 0 0 0 0 6 0 0 0 0 0 0 0 0 0 0 0 0 0 0 0 0 13 0 0 0 0 0 0 0 0 0 0 0 0 0 0 8 15 27 0 23 15 0 23 9 9 48 23 0 82 0 8 1 19 0 1 0 0 0 25 5 4 0 0 0 5 0 6 9 0 3 0 0 0 0 0 0 0 0 0 0 0 0 0 0 0 0 0 0 0 0 0 0 0 0 0 0 0 0 0 0 0 0 0 0 0 0 0 0 0 0 0 0 0 0 0 17 23 14 13 8 0 12 20 0 14 9 15 10 16 0 1 13 0 0 0 0 0 0 0 36 3 15 0 0 0 1 19 2 0 0 0 0 0 9 0 0 0 11 0 0 0 0 0 0 0 0 6 0 1 0 0 0 0 0 0 0 0 68 0 64 10 2 1 1 0 10 0 0 0 0 0 0 0 0 0 0 0 0 0 19 0 0 2 0 0 
 0 0 0 0 0 0 0 1 0 0 0 0 0 0 0 0 0 0 0 0 1 0 0 17 2 2 0 2 2 64 63 61 63 1 2 3 65 3 2 0 325 119 36 95 146 278 22 119 109 228 137 68 444 166 0 141 83 88 68 149 0 0 0 1 0 2 0 3 53 0 0 0 0 3 0 3 1 0 2 0 0 0 0 0 0 0 0 0 0 0 0 0 0 0 0 0 0 0 0 0 0 33 0 0 0 31 0 0 0 0 0 0 0 0 0 0 0 0 0 0 0 11 35 0 57 9 1 9 0 0 0 25 0 10 0 0 0 54 11 9 0 0 0 0 0 0 0 0 0 8 0 0 14 0 3 0 0 0 0 0 0 0 0 0 0 0 0 0 0 0 0 0 0 0 0 0 0 0 0 0 0 0 0 9 9 10 0 0 0 0 0 0 0 0 0 0 0 0 0 0 10 12 14 13 12 0 12 9 0 16 0 11 0 0 1 0 15 0 0 7 0 0 0 0 0 0 40 0 0 0 0 0 3 0 0 0 0 0 18 11 0 0 9 0 0 0 0 0 0 33 0 5 0 2 0 0 0 27 1 1 0 0 10 0 0 8 0 2 2 0 13 0 0 0 1 0 0 0 0 0 0 0 0 0 15 0 0 0 0 0 
 2 4 2 8 3 12 4 2 2 4 4 4 5 4 6 4 8 4 2 4 2 2 5 1 0 31 1 2 1 4 2 0 0 2 1 2 2 2 2 0 37 96 209 324 117 72 38 238 125 142 203 39 140 173 141 0 164 110 33 150 0 0 0 0 0 0 1 0 0 0 0 0 7 0 0 0 0 0 2 0 0 0 0 0 0 0 0 0 0 0 0 0 0 0 0 0 0 0 0 0 0 0 0 0 0 2 0 0 0 0 0 0 0 0 0 0 0 0 0 0 57 32 1 0 1 10 9 13 8 32 22 0 23 32 0 0 11 19 0 0 6 0 0 0 0 0 0 0 0 4 0 0 0 0 0 0 0 0 0 0 0 0 0 0 0 0 0 0 0 0 0 1 0 0 0 0 0 3 4 0 0 0 0 0 0 0 0 0 0 0 0 0 0 0 0 0 0 0 0 0 23 16 37 0 0 0 14 52 20 0 3 21 20 25 0 2 0 0 7 0 0 0 7 0 0 0 0 0 0 0 0 4 0 0 0 0 0 0 0 0 1 0 0 0 0 0 0 0 0 0 0 11 0 0 0 0 0 1 0 3 0 0 64 0 1 12 4 0 3 0 0 0 0 0 0 0 0 0 0 0 0 0 4 0 13 15 1 19 0 6 
 1 0 2 1 3 0 0 0 3 1 0 1 1 0 1 1 0 4 0 1 0 0 0 0 0 64 0 0 0 0 2 71 3 4 0 1 0 0 0 0 37 388 93 28 44 290 111 157 265 55 251 74 78 46 83 164 0 56 46 86 8 0 0 0 0 0 0 0 0 0 0 0 13 0 0 0 0 0 1 0 0 0 0 0 0 0 0 0 0 0 0 0 0 0 0 0 0 0 0 0 0 0 0 0 0 7 0 0 0 0 0 0 0 0 0 0 0 0 0 0 0 4 10 1 24 33 0 10 16 19 34 9 37 45 0 36 1 3 0 1 3 15 1 0 0 0 1 0 10 14 0 0 0 0 0 0 9 0 4 4 14 0 0 0 0 0 0 0 0 0 0 0 0 0 2 0 0 0 2 0 0 0 0 0 21 0 0 0 0 0 0 0 0 0 0 0 0 0 0 0 11 3 12 6 27 0 10 0 9 0 22 48 21 21 0 0 24 13 2 7 9 0 0 0 0 0 3 0 0 0 0 0 11 9 9 0 0 0 4 0 0 0 0 0 0 0 0 0 0 0 0 12 0 1 0 0 0 0 0 0 0 0 65 2 1 2 1 1 1 0 0 0 0 0 0 0 0 0 0 0 0 0 0 0 10 6 0 28 0 0 
 0 0 0 2 0 0 1 0 0 0 0 0 0 0 61 0 0 0 0 0 0 1 2 0 0 0 0 0 4 2 0 0 0 1 0 0 0 1 0 0 28 104 401 210 319 76 34 42 101 64 73 61 33 46 88 110 56 0 41 45 53 0 0 1 0 0 50 0 0 0 0 0 104 0 23 51 0 1 60 28 0 0 0 0 0 0 0 0 0 0 0 0 0 0 0 0 0 0 0 0 0 0 0 0 0 0 0 0 0 0 0 0 0 24 0 0 0 0 0 0 0 0 11 41 0 12 0 0 0 7 10 9 0 0 0 0 0 8 0 0 25 0 0 0 0 11 0 13 0 10 0 0 30 0 13 1 9 2 15 15 4 4 0 0 0 0 0 0 0 0 0 0 0 0 31 0 0 0 11 2 0 0 0 0 0 0 0 0 0 0 0 0 0 0 0 0 0 0 0 0 0 0 7 0 0 69 0 0 0 0 17 10 0 0 0 0 11 0 0 0 22 0 15 19 0 0 11 3 5 6 0 0 1 17 51 0 44 7 13 21 0 0 0 0 0 0 0 0 0 0 0 8 0 0 0 0 0 0 0 11 0 0 0 5 3 0 7 2 2 0 10 0 0 0 0 4 0 0 0 0 0 0 0 0 0 9 0 0 0 0 
 0 0 0 0 0 0 64 0 0 0 0 0 0 0 0 0 4 2 0 0 0 1 69 3 64 0 0 0 0 126 65 0 0 0 0 0 63 62 0 2 200 134 110 107 55 46 172 159 57 68 90 39 95 97 68 33 46 41 0 127 3 49 0 0 6 12 0 0 1 0 0 48 8 0 0 0 0 0 0 0 0 0 0 0 5 0 0 0 0 0 0 0 0 0 0 0 0 0 0 0 0 0 0 11 0 20 0 0 0 0 0 3 0 0 0 0 19 20 0 0 0 21 26 0 0 1 33 33 0 0 7 0 42 1 9 0 24 0 8 51 0 0 0 0 0 0 0 0 0 0 0 0 0 0 0 0 0 0 0 6 0 0 0 0 0 0 0 0 0 0 0 0 0 0 0 0 0 0 0 0 0 0 0 17 0 10 0 0 0 4 0 7 0 0 0 0 0 0 0 0 13 23 0 0 0 0 64 36 9 0 8 0 1 0 13 3 0 0 24 0 0 0 0 0 0 0 0 0 0 0 1 0 0 0 0 1 0 0 0 0 0 0 0 0 0 0 0 0 0 0 0 5 0 0 0 0 0 1 63 0 0 0 0 0 1 4 0 0 0 0 0 0 0 0 0 0 0 0 0 0 0 0 0 0 0 0 0 0 0 0 
 0 0 0 0 0 5 0 0 0 0 0 0 0 0 0 0 0 0 64 0 0 10 0 0 67 0 1 14 0 0 0 0 0 3 0 5 4 0 8 11 123 124 117 404 71 68 109 71 142 95 138 42 94 173 149 150 86 45 127 0 4 0 2 0 2 0 0 5 8 0 0 0 57 0 0 0 0 0 0 4 0 0 0 0 0 0 0 0 0 0 0 0 10 0 0 0 0 0 0 0 4 0 0 0 0 13 0 0 0 0 11 1 0 1 0 0 0 0 0 0 8 22 15 0 0 9 19 1 1 19 7 15 0 55 13 13 5 3 0 0 3 0 0 0 0 0 0 0 1 2 0 0 0 0 0 0 0 0 0 0 0 0 0 0 0 0 0 1 0 0 0 0 0 0 0 0 0 0 0 0 0 0 0 9 2 25 0 0 0 12 0 0 0 0 0 4 0 0 0 7 44 49 18 17 40 24 8 3 38 0 1 0 7 19 6 51 0 25 0 0 0 0 0 0 0 0 0 1 0 0 0 0 0 0 0 0 0 0 0 0 0 0 0 0 0 0 0 0 0 0 0 4 0 0 0 0 0 0 0 0 0 0 64 0 63 15 1 0 2 0 0 0 0 0 0 0 0 0 0 0 0 0 0 0 0 0 0 0 0 0 
 0 0 0 0 0 0 0 0 0 0 0 0 0 1 0 0 0 0 0 2 0 0 3 2 0 0 0 0 0 0 0 58 0 3 0 2 2 0 0 0 0 3 0 0 51 54 0 0 0 0 11 101 0 0 0 0 8 53 3 4 0 177 94 105 42 266 415 135 37 51 74 22 151 115 46 35 68 35 56 50 0 0 0 0 0 0 0 0 0 0 0 0 0 0 0 0 0 0 0 0 0 0 1 0 0 0 0 1 0 0 0 0 0 0 0 0 0 3 0 0 0 0 0 0 0 30 4 4 0 0 8 0 6 0 0 0 0 0 4 3 4 7 15 0 0 0 18 5 21 0 0 0 12 16 9 1 61 0 15 15 0 0 0 0 2 0 0 0 4 3 0 0 0 0 0 0 0 0 0 0 0 1 1 0 1 0 1 9 0 4 1 1 1 0 2 18 0 1 0 1 2 0 0 0 28 20 3 11 0 0 0 24 0 21 0 0 0 0 1 3 49 10 22 0 14 0 22 0 20 25 0 10 19 35 37 5 57 10 0 0 0 0 0 0 0 0 0 0 0 2 0 0 0 0 11 0 0 0 0 0 0 0 0 0 0 0 0 0 0 0 4 0 0 0 0 0 0 0 0 0 0 0 0 0 0 2 0 0 0 0 
