 0 184 121 144 105 42 259 56 138 215 41 252 57 54 132 119 43 31 212 129 0 76 0 0 0 1 0 0 2 0 0 0 4 0 4 0 3 0 2 0 0 0 0 3 0 2 0 0 0 0 2 2 0 0 0 0 0 0 4 0 0 2 2 0 0 5 0 1 0 2 0 2 38 3 3 0 0 0 4 0 0 16 10 12 0 0 13 16 0 41 0 0 10 68 0 35 51 0 12 0 0 0 0 2 0 0 1 0 0 0 0 0 0 0 0 0 0 0 0 0 0 0 0 0 0 0 0 0 0 0 0 0 1 0 1 0 0 0 0 0 0 0 0 0 0 0 0 16 0 0 27 0 0 0 0 0 0 0 0 1 0 38 26 0 33 0 0 19 0 49 26 12 20 19 18 15 12 18 14 18 0 0 0 0 0 0 0 0 1 0 0 0 0 0 0 0 0 0 14 0 0 0 0 0 0 0 0 0 0 0 0 0 0 0 0 0 0 0 0 0 0 0 0 0 0 0 1 0 0 0 0 0 0 0 0 0 0 0 0 0 0 0 0 0 0 0 0 0 91 46 0 9 0 1 2 0 0 0 0 0 0 0 0 0 0 0 0 0 0 2 0 0 0 0 0 13 6 0 0 0 0 0 0 0 0 0 0 0 0 0 
 184 0 539 197 26 42 169 206 45 352 41 534 372 49 188 26 226 128 68 346 2 0 0 0 3 0 2 0 2 0 0 0 2 0 0 2 0 2 36 9 2 0 0 0 0 0 1 0 0 0 3 0 0 0 2 0 0 0 2 0 0 4 0 0 0 3 0 0 0 0 0 0 0 1 3 0 0 0 3 0 0 37 10 0 0 28 18 7 17 38 29 20 17 33 53 20 15 30 0 15 11 0 0 0 0 0 0 0 8 0 0 0 7 0 0 0 0 0 10 11 13 0 0 0 0 0 0 0 0 0 0 0 0 0 0 0 0 0 0 0 0 0 0 0 1 0 0 0 0 0 1 0 0 0 0 0 0 0 0 0 0 19 39 0 23 0 1 3 0 27 0 0 2 10 0 0 18 31 7 9 25 0 0 0 0 0 21 0 0 0 0 0 47 33 0 0 0 0 15 14 0 0 0 0 0 0 0 0 0 0 0 0 0 0 0 12 0 0 0 0 0 0 0 0 0 0 0 0 0 0 0 0 0 0 0 0 0 0 0 0 0 12 0 0 0 2 0 2 4 50 2 4 0 0 0 0 0 0 0 0 0 0 0 0 0 0 0 0 0 0 0 0 0 0 0 0 15 0 0 0 0 0 0 0 0 0 0 0 0 1 
 121 539 0 179 61 261 449 104 87 301 285 101 332 517 329 234 73 136 122 91 76 0 0 0 0 0 0 3 73 0 0 0 61 0 0 3 0 0 75 1 0 0 0 1 0 0 0 67 0 0 3 0 3 0 0 0 0 0 2 0 0 1 0 0 0 3 5 0 0 0 0 0 0 2 3 0 0 0 3 0 0 0 24 29 11 24 18 13 30 29 10 27 1 18 0 39 44 17 11 0 0 0 0 0 0 0 13 0 20 0 0 0 0 0 9 0 0 0 0 0 0 0 0 0 0 0 0 0 0 0 0 0 0 0 0 0 0 0 0 0 0 0 0 0 0 0 0 0 0 0 5 0 0 0 0 0 0 11 0 0 7 28 0 16 0 8 7 1 10 32 16 1 25 31 19 0 17 27 5 38 0 0 0 0 0 0 0 0 0 0 0 0 41 0 0 0 0 0 14 33 0 0 0 0 0 0 0 0 0 0 0 0 0 0 0 0 0 0 0 0 0 0 0 0 0 0 0 0 0 0 0 0 0 0 0 0 0 0 0 0 0 0 0 0 0 2 89 2 4 0 12 2 3 0 0 0 0 0 0 0 0 0 16 0 0 0 0 0 0 0 0 0 0 0 0 1 0 0 0 0 28 0 0 0 0 0 0 0 0 0 
 144 197 179 0 140 58 43 477 160 110 329 384 58 289 341 146 139 58 102 66 35 47 0 0 2 1 0 0 0 0 2 0 2 1 2 0 0 0 113 0 0 2 0 1 0 0 0 0 0 0 3 0 5 0 0 0 0 0 2 0 0 1 0 0 0 3 3 0 0 0 0 0 0 2 3 0 0 0 3 0 0 0 9 15 9 45 13 0 2 40 37 28 0 0 2 15 0 49 3 0 22 0 0 0 0 0 32 0 12 0 0 1 12 0 11 0 0 0 35 36 0 0 0 0 0 0 0 0 0 0 0 0 0 0 0 0 0 0 0 0 0 0 0 0 0 0 0 0 0 0 0 0 0 0 3 0 0 0 0 0 0 1 13 14 25 26 0 18 0 17 45 14 0 0 0 0 60 31 0 0 0 15 1 0 0 0 0 26 1 0 14 0 0 32 37 0 0 0 26 35 0 0 0 0 1 1 0 17 0 0 0 0 0 0 0 0 0 0 0 0 0 0 0 0 0 0 0 0 0 0 0 0 0 0 0 0 0 0 0 0 0 34 0 0 0 0 1 0 3 48 2 20 9 0 0 0 0 0 0 0 0 0 0 0 0 0 0 0 0 0 0 0 0 0 0 34 14 7 0 0 0 0 0 0 0 0 0 0 0 0 
 105 26 61 140 0 200 31 67 201 219 127 88 62 240 155 259 50 399 65 268 74 73 26 0 2 0 1 0 39 0 0 0 65 75 74 0 0 0 76 0 0 0 0 25 0 0 0 0 7 0 3 0 0 0 0 0 63 0 2 0 0 0 0 0 0 3 0 0 0 0 0 0 0 3 3 0 32 0 3 0 8 0 18 11 61 1 1 0 20 10 9 46 0 0 0 0 7 15 0 0 1 0 21 0 0 0 11 16 27 0 14 0 0 45 0 38 10 0 23 0 0 0 0 0 0 0 0 14 0 0 0 0 0 0 0 0 0 0 0 0 0 0 3 0 0 0 0 0 0 0 10 0 0 0 0 0 0 0 0 0 0 0 16 10 45 10 0 10 21 12 8 17 0 0 0 14 21 10 0 0 11 10 19 0 0 0 29 0 0 10 2 1 48 21 10 17 0 15 53 36 0 0 0 0 0 0 0 0 0 0 0 0 0 0 0 0 11 0 0 0 0 0 0 0 0 0 0 0 0 0 0 0 0 0 0 0 0 0 3 0 0 0 7 0 0 4 46 0 13 11 0 12 0 0 0 0 0 0 0 0 0 0 0 0 0 0 0 0 0 0 0 0 0 0 0 10 0 0 0 0 0 0 0 0 0 0 0 0 0 0 
 42 42 261 58 200 0 39 47 51 128 482 107 115 45 42 66 55 61 76 45 8 15 74 1 0 0 0 0 73 0 0 0 74 152 16 1 2 0 0 1 0 3 0 1 0 0 0 63 0 0 3 0 0 0 0 0 0 0 2 0 1 1 0 0 0 53 3 0 5 0 0 0 0 5 3 0 0 0 7 0 0 0 18 19 26 18 1 0 0 0 0 13 0 0 0 0 18 0 0 1 0 6 1 20 0 17 0 11 9 0 10 0 36 35 1 34 10 12 12 1 0 0 0 0 0 0 0 0 1 0 0 0 0 0 0 0 0 0 0 0 0 0 0 0 0 0 0 0 0 0 1 0 0 2 0 0 0 0 0 0 0 0 0 0 0 13 0 0 0 16 15 9 0 0 0 0 4 0 9 0 34 34 11 45 0 0 9 40 0 15 15 0 10 16 28 11 0 0 12 11 2 0 0 0 0 0 0 0 0 0 2 0 0 0 4 0 0 0 0 0 1 0 0 0 0 0 0 0 0 0 0 0 0 0 0 0 0 2 0 0 0 0 0 0 0 4 8 4 1 1 0 6 0 0 0 0 0 0 0 0 0 0 0 0 0 0 0 0 0 0 0 0 0 0 0 0 0 0 0 0 0 0 0 0 0 0 12 0 0 14 
 259 169 449 43 31 39 0 152 72 129 25 32 179 141 72 21 100 55 167 131 0 0 75 0 0 0 0 0 0 0 2 1 0 0 0 0 0 0 73 0 0 2 0 2 0 0 0 0 0 0 3 0 0 0 0 0 0 0 2 0 0 0 7 0 0 3 0 0 1 0 0 0 0 3 3 0 0 0 3 0 10 33 1 7 0 0 0 2 23 13 0 0 18 14 32 28 33 0 27 54 0 0 0 0 1 0 0 0 0 9 0 0 0 0 0 0 0 0 0 0 0 0 0 0 0 0 0 0 1 0 0 0 0 0 0 0 0 0 0 0 0 1 0 0 0 0 0 0 0 0 0 0 0 0 0 0 0 0 0 0 11 1 14 0 0 0 11 1 1 10 0 0 16 38 0 0 8 13 8 24 0 2 0 0 0 0 1 0 0 1 0 0 0 0 0 0 0 0 0 0 0 0 3 0 0 0 0 0 0 0 0 0 0 0 0 2 0 0 0 0 0 0 0 0 0 0 0 0 0 0 0 19 0 0 0 0 0 0 0 0 0 0 0 0 0 2 1 0 0 0 0 0 0 0 0 0 0 0 0 0 0 0 0 0 0 0 0 0 0 0 0 0 0 0 0 0 0 0 0 0 0 0 0 0 0 0 0 0 0 0 
 56 206 104 477 67 47 152 0 386 38 347 53 91 540 269 64 442 130 103 155 0 0 0 0 0 1 0 0 2 1 1 0 0 0 2 0 2 0 0 0 0 0 0 95 0 0 22 0 0 0 3 1 1 0 2 0 0 0 2 0 0 0 6 0 0 3 0 0 65 0 0 0 0 3 3 0 0 0 3 0 6 98 0 0 0 8 51 43 23 13 1 17 15 16 24 1 6 10 9 15 0 0 0 0 0 0 0 0 0 0 0 0 7 0 0 0 0 0 0 0 0 0 0 0 0 0 0 0 0 0 2 0 0 0 0 0 0 0 0 0 0 0 0 0 0 0 18 0 0 0 0 0 0 0 0 0 0 0 0 0 14 1 44 0 27 0 38 23 1 37 51 11 0 3 0 0 76 16 15 16 0 7 0 0 0 0 1 0 0 0 0 0 2 30 0 0 0 0 19 0 0 0 0 0 0 0 0 0 0 0 0 39 0 1 0 0 0 0 0 0 0 0 0 0 0 0 0 0 0 0 0 0 0 0 0 0 0 0 0 0 0 28 0 0 0 2 2 0 2 7 1 3 0 0 2 0 0 0 0 0 0 0 0 0 0 0 0 0 0 0 0 0 0 2 0 0 0 0 0 0 0 0 0 0 0 2 0 0 0 0 
 138 45 87 160 201 51 72 386 0 249 184 51 80 385 276 297 41 197 88 206 1 0 0 0 2 0 2 0 0 0 0 0 0 0 0 0 0 0 0 0 0 2 0 1 0 0 0 0 0 0 3 0 3 0 0 0 61 0 2 0 0 0 7 0 0 3 0 0 0 0 0 0 0 3 3 0 1 0 3 0 18 28 0 8 1 1 59 0 76 20 0 11 1 9 21 0 10 1 0 0 0 0 0 0 0 0 11 0 0 0 0 0 0 0 0 0 0 0 0 0 0 0 0 0 0 0 0 0 0 0 0 3 0 0 0 0 0 0 0 0 0 0 5 0 0 0 0 0 0 0 0 0 0 0 3 0 0 0 0 0 14 19 21 10 43 0 22 0 11 30 28 0 0 10 41 19 7 0 0 36 0 1 0 0 0 0 0 0 0 0 0 0 0 0 0 0 0 0 14 11 0 0 0 0 0 0 0 0 0 0 0 0 0 0 0 0 20 0 0 0 0 0 0 0 0 0 0 0 0 0 0 0 0 0 0 0 0 0 0 0 0 0 0 0 0 0 137 0 87 111 0 0 0 0 0 0 0 0 0 0 0 0 16 0 0 0 0 0 0 0 0 0 0 0 0 0 0 0 0 0 0 0 0 0 0 0 0 0 0 0 
 215 352 301 110 219 128 129 38 249 0 258 131 368 178 538 300 682 135 86 425 76 0 0 0 0 0 0 0 0 0 0 0 0 1 0 0 0 0 76 0 0 2 0 1 0 0 0 0 0 1 3 0 0 0 7 0 0 0 2 0 0 0 0 0 5 4 7 0 0 4 0 0 0 3 3 0 0 0 3 0 0 0 18 1 23 0 4 0 9 20 25 46 3 52 0 16 60 28 0 0 0 13 0 0 0 2 11 0 0 0 0 0 12 0 2 0 0 0 0 0 0 0 1 0 0 0 0 0 0 0 0 0 10 0 0 2 0 0 0 0 0 0 0 0 0 0 0 0 8 0 22 0 0 0 0 0 0 0 0 0 0 17 21 19 12 2 6 0 10 36 0 3 24 15 12 1 19 14 9 26 0 0 13 0 0 2 0 0 0 0 0 0 19 0 0 0 0 0 23 54 0 0 1 0 0 0 0 0 0 0 0 0 0 0 0 0 0 0 2 0 0 0 0 0 0 0 0 0 0 0 0 0 0 0 0 0 0 0 2 0 0 0 0 0 0 0 44 3 51 2 0 3 12 0 0 0 0 0 0 0 0 0 17 0 0 0 0 0 0 0 0 0 0 0 0 0 15 0 0 0 0 0 0 0 0 0 0 0 0 0 
 41 41 285 329 127 482 25 347 184 258 0 176 147 142 55 207 492 48 63 190 106 0 0 1 0 0 55 3 0 2 3 0 0 85 0 0 0 1 2 0 0 0 0 0 0 0 0 0 0 0 3 0 19 0 0 0 4 0 2 0 45 3 0 2 0 3 5 0 0 0 0 0 0 0 3 0 0 1 3 3 16 11 0 32 16 31 18 20 31 22 12 42 11 1 1 0 16 31 0 0 0 10 0 0 0 0 13 0 48 0 9 0 15 0 24 48 11 0 0 0 0 0 0 0 0 0 0 0 0 0 0 1 0 0 0 0 0 0 0 0 0 0 4 0 0 0 0 0 0 0 0 0 0 0 0 0 0 0 0 0 0 1 13 28 11 1 12 1 2 11 23 11 0 0 0 16 18 20 0 0 0 0 15 0 0 0 0 0 0 0 0 0 29 2 0 0 0 0 14 64 0 2 0 1 0 0 0 0 0 0 0 0 0 0 0 0 0 0 0 0 0 0 0 0 0 0 0 0 0 0 0 0 0 0 0 0 0 0 0 0 0 0 0 0 0 0 9 0 1 0 1 4 4 0 0 0 0 0 0 0 0 0 0 0 0 0 0 0 0 0 0 0 0 0 0 0 0 0 0 0 0 0 0 0 0 0 0 0 0 0 
 252 534 101 384 88 107 32 53 51 131 176 0 58 126 360 133 370 162 19 38 76 0 0 0 2 2 0 0 0 0 2 208 2 0 1 2 0 0 229 2 0 0 0 2 0 0 0 66 0 0 3 0 3 0 0 0 1 0 2 0 0 0 0 0 0 3 5 0 0 0 0 0 0 3 3 0 0 0 3 0 0 0 31 25 8 73 0 0 47 23 29 40 0 0 6 5 16 61 0 0 4 8 1 0 0 0 13 0 20 0 0 0 26 21 9 17 0 0 26 4 0 0 0 0 0 0 2 0 0 0 0 0 0 0 0 0 0 0 0 0 0 0 3 0 0 0 0 0 0 0 0 0 0 0 4 0 0 0 0 0 0 2 9 16 24 24 0 1 0 16 0 1 0 0 0 0 17 25 2 1 0 2 0 0 0 0 1 0 0 0 1 0 19 10 9 0 0 0 27 37 0 0 0 0 0 1 0 15 2 0 0 0 0 0 2 1 0 0 0 0 0 0 0 0 0 0 0 0 0 0 0 0 0 0 0 0 0 0 0 0 0 7 0 0 0 0 2 0 3 1 0 4 4 0 0 0 0 0 0 0 0 0 0 0 0 0 0 0 0 0 0 0 0 0 0 10 29 0 0 0 0 0 0 0 0 0 0 0 0 0 
 57 372 332 58 62 115 179 91 80 368 147 58 0 253 270 128 175 57 165 202 1 0 0 0 0 0 0 0 0 0 0 0 0 0 0 0 0 0 0 0 0 2 0 1 0 0 0 0 0 35 3 0 5 0 0 0 0 0 2 62 0 1 0 57 0 3 1 0 1 0 0 0 0 2 3 0 0 0 3 0 0 9 13 1 2 1 36 45 20 0 12 0 46 12 23 38 11 1 10 0 0 0 0 0 0 0 0 0 0 0 0 0 0 0 0 0 0 0 0 0 0 0 0 0 0 0 0 0 0 0 0 0 0 0 0 0 0 0 0 0 0 8 0 0 0 0 0 0 2 0 8 0 0 0 0 0 0 0 0 0 1 24 0 9 2 0 18 0 3 34 0 7 36 25 60 35 22 0 0 13 0 0 0 0 0 3 0 2 1 0 0 0 0 2 0 0 0 0 0 0 0 0 0 0 0 0 0 0 0 0 0 0 0 0 0 0 0 0 0 0 0 0 0 0 0 0 0 0 2 0 2 0 0 0 0 0 0 0 0 0 0 0 0 0 0 0 98 0 2 0 2 12 0 0 0 0 0 0 0 0 0 0 27 0 0 0 0 0 0 0 0 0 0 0 0 0 0 0 0 0 0 0 0 0 0 0 0 0 0 0 
 54 49 517 289 240 45 141 540 385 178 142 126 253 0 82 41 231 204 214 174 1 0 0 0 0 2 0 0 1 0 3 3 1 0 1 0 7 0 0 0 0 0 0 1 0 0 0 0 0 0 5 2 7 0 0 0 0 2 2 0 0 3 6 3 6 6 0 0 0 7 14 3 0 3 3 2 3 3 3 0 32 17 12 7 0 20 22 10 35 44 0 22 0 0 0 0 22 16 17 0 0 0 0 0 1 0 2 0 0 0 0 0 0 0 1 0 0 0 0 0 0 0 0 0 0 0 0 0 0 0 0 0 0 0 0 0 0 0 0 0 0 0 3 0 0 0 0 0 0 0 0 0 0 0 0 0 0 0 0 29 12 0 27 15 35 0 22 0 11 40 38 0 0 13 0 14 10 3 0 12 0 0 0 0 0 0 0 0 0 0 0 0 0 0 0 0 0 0 22 10 0 0 0 0 0 0 0 0 0 0 0 0 0 0 0 2 0 0 0 0 0 0 0 0 0 0 0 0 0 0 0 0 0 0 0 0 0 0 0 0 0 0 0 0 0 2 88 0 87 2 0 2 0 0 0 0 0 0 0 0 0 0 2 0 0 0 0 0 0 0 0 0 0 0 0 0 0 0 0 0 0 0 0 0 0 0 0 0 0 0 
 132 188 329 341 155 42 72 269 276 538 55 360 270 82 0 353 248 104 153 221 1 0 0 0 0 0 0 0 0 0 0 0 74 2 0 0 0 0 69 0 0 4 0 1 0 0 0 5 0 0 3 0 0 0 0 0 63 0 2 0 0 1 0 0 0 3 2 0 0 0 0 0 0 2 3 0 0 0 3 0 0 19 6 19 8 18 14 17 3 32 26 21 11 23 42 34 20 14 17 24 0 1 0 0 0 0 0 0 0 0 0 0 5 0 0 0 0 0 0 0 0 0 0 0 0 0 0 0 0 0 0 0 0 0 0 0 0 0 0 0 0 0 24 0 0 0 0 0 0 0 1 0 0 0 0 0 0 0 0 0 0 17 39 0 39 9 0 0 3 23 0 0 12 20 0 0 12 36 9 7 0 0 0 0 0 0 21 0 0 0 0 0 47 9 0 0 0 0 32 7 0 0 0 0 0 0 0 0 0 0 0 0 0 1 0 0 0 0 0 0 0 0 0 0 0 0 0 0 0 1 0 0 0 0 0 0 0 0 0 0 0 7 0 0 0 0 0 0 91 2 16 8 0 0 0 0 0 0 0 0 0 0 0 0 0 0 0 0 0 0 0 0 0 0 0 0 0 0 0 0 0 0 0 0 0 0 0 0 0 0 
 119 26 234 146 259 66 21 64 297 300 207 133 128 41 353 0 358 137 114 436 82 0 0 3 3 1 0 0 2 1 2 5 73 3 2 0 4 3 13 0 1 1 0 0 5 3 0 3 0 0 8 3 0 0 0 0 3 3 4 1 1 3 0 0 0 5 8 1 0 0 0 2 0 0 4 0 0 1 3 0 15 8 1 31 37 9 23 0 8 0 14 28 0 0 0 21 25 18 0 0 0 0 0 0 0 0 11 0 35 0 0 0 0 0 17 0 1 0 0 0 1 0 0 1 0 0 0 0 0 0 1 0 0 0 0 0 0 0 0 1 0 0 3 0 0 0 0 0 0 0 0 0 0 0 2 0 0 0 0 0 0 0 9 29 20 7 12 0 20 13 9 0 0 0 12 13 12 14 0 14 0 0 0 0 0 0 0 0 0 0 0 0 35 0 0 0 6 1 55 42 0 0 0 0 0 0 0 0 0 0 0 1 0 0 0 0 0 0 0 0 0 0 0 0 0 0 3 3 0 0 0 0 0 0 0 0 0 23 0 0 0 0 0 0 11 3 91 0 94 1 13 13 5 0 2 0 0 0 0 0 1 0 17 0 0 0 0 0 0 0 0 0 0 0 0 0 0 0 0 0 0 0 0 0 0 0 0 0 0 0 
 43 226 73 139 50 55 100 442 41 682 492 370 175 231 248 358 0 108 121 303 3 0 0 0 0 0 0 0 0 0 2 5 0 0 0 0 0 0 75 3 0 2 0 1 0 3 3 0 0 0 3 0 2 2 0 0 0 3 2 0 0 1 7 0 0 3 0 0 0 0 0 1 1 2 3 0 0 0 55 2 9 30 23 0 11 16 7 19 45 16 29 0 47 14 66 47 8 9 0 0 11 7 0 0 0 0 0 0 0 0 0 0 16 0 0 0 0 0 16 13 0 0 0 0 0 0 0 0 0 0 0 0 0 0 0 0 0 0 0 0 0 0 0 0 0 0 0 0 0 5 5 0 0 0 0 0 0 0 0 0 11 31 1 19 0 0 39 13 0 42 21 6 33 9 28 18 22 9 0 32 0 0 14 12 0 0 0 0 0 0 0 0 0 0 0 0 0 0 0 10 0 0 0 0 0 0 0 0 0 0 0 0 0 0 0 0 0 0 0 0 0 0 0 0 0 0 0 0 0 0 0 0 0 0 0 0 0 0 0 0 0 0 0 0 0 0 87 1 1 89 3 8 0 0 0 0 0 0 0 0 0 0 16 0 0 0 0 0 0 0 0 0 0 0 0 0 10 0 0 0 0 0 0 0 0 0 0 0 0 0 
 31 128 136 58 399 61 55 130 197 135 48 162 57 204 104 137 108 0 43 23 6 1 2 1 42 0 77 0 3 0 3 0 110 2 0 0 3 8 26 75 0 6 2 2 0 2 0 3 0 0 5 0 0 2 3 2 0 5 3 6 0 5 16 0 0 32 1 1 0 0 0 0 0 2 3 0 0 0 3 0 51 14 4 12 24 0 0 0 34 0 0 3 6 0 54 35 0 2 0 0 24 0 0 0 0 0 12 0 0 0 0 0 0 0 14 0 0 0 0 0 0 0 0 0 0 0 0 0 0 0 0 0 0 0 0 0 2 0 0 0 0 0 5 0 0 0 0 0 0 0 0 0 0 0 3 0 0 0 0 0 10 0 9 50 23 7 10 0 12 24 33 10 0 17 0 11 0 19 0 38 32 0 0 0 0 0 0 0 0 0 0 0 44 0 0 0 0 0 18 14 0 0 0 0 0 0 0 0 0 2 0 0 0 0 0 0 0 0 0 0 0 0 0 0 0 0 0 0 0 0 0 0 0 0 0 0 0 0 0 0 0 0 0 0 0 0 0 0 97 2 15 12 0 0 0 0 0 0 0 0 0 0 0 0 0 1 0 0 0 0 0 0 0 1 0 0 0 0 0 0 0 0 0 0 0 0 0 0 0 12 
 212 68 122 102 65 76 167 103 88 86 63 19 165 214 153 114 121 43 0 329 2 2 0 2 0 1 0 0 0 0 0 0 2 0 0 0 0 1 7 0 0 2 0 2 0 0 0 0 0 9 4 0 0 0 0 0 0 0 2 0 0 47 0 0 0 3 1 0 0 0 0 0 0 3 3 0 0 0 3 0 0 19 0 4 1 0 20 31 0 0 19 0 11 21 5 0 18 0 10 0 0 0 0 0 0 0 0 0 0 0 0 2 0 0 0 0 0 0 0 0 0 0 0 0 0 0 0 0 0 0 0 0 0 0 0 0 0 0 0 0 0 0 0 8 0 0 0 0 0 0 0 0 0 0 0 0 0 0 0 0 0 2 0 17 0 0 10 10 20 1 1 9 24 13 16 29 1 0 0 1 0 0 0 2 0 0 0 0 3 0 0 0 0 0 0 0 0 0 17 0 0 0 2 0 2 0 0 0 0 0 0 0 0 0 0 0 0 0 1 0 0 0 0 0 0 0 0 0 0 0 0 0 0 0 0 0 0 0 0 0 0 0 0 0 0 2 2 0 1 1 1 12 0 0 0 0 0 0 0 0 0 0 0 0 0 0 0 0 0 0 0 0 0 0 0 0 0 0 0 0 0 0 0 0 0 0 0 0 0 0 
 129 346 91 66 268 45 131 155 206 425 190 38 202 174 221 436 303 23 329 0 1 1 0 0 0 1 0 0 0 0 0 0 0 0 0 0 0 0 27 0 0 2 0 2 0 0 0 0 0 0 62 0 16 0 1 0 0 0 2 0 0 0 0 0 0 3 0 0 0 38 0 0 0 3 3 0 0 0 3 17 0 34 0 16 0 0 21 24 6 0 23 0 1 21 28 0 31 10 0 22 0 0 0 0 0 0 0 0 0 0 0 0 0 0 0 0 0 0 0 0 0 0 0 0 0 0 0 0 0 0 0 0 0 0 17 0 0 0 0 0 0 0 0 0 0 0 0 0 0 0 0 0 0 0 0 0 0 0 0 0 30 10 21 20 0 0 25 11 3 17 7 0 10 28 28 38 32 1 0 30 0 0 0 0 0 0 1 0 0 0 0 0 0 0 0 0 0 0 0 0 0 0 1 0 1 0 0 0 0 0 0 0 0 0 0 0 0 0 2 0 0 0 0 0 0 0 0 0 0 0 0 0 0 0 0 0 0 0 0 0 0 0 0 0 0 0 90 0 6 2 0 0 0 0 0 0 0 0 0 0 0 0 24 0 0 0 0 0 0 0 0 0 0 0 0 0 0 0 0 0 0 0 0 0 0 0 0 0 0 0 
 0 2 76 35 74 8 0 0 1 76 106 76 1 1 1 82 3 6 2 1 0 198 162 132 34 30 74 72 101 120 118 123 53 374 98 261 52 41 212 61 0 2 3 0 3 0 0 0 4 2 0 3 0 0 0 0 3 5 0 0 0 2 3 0 0 0 7 3 0 1 0 0 3 0 0 13 0 0 0 0 0 0 0 3 15 6 2 0 0 0 0 19 0 0 0 0 0 0 0 0 9 20 28 10 14 0 20 33 46 25 10 1 16 7 10 29 11 0 18 9 0 0 0 0 0 0 0 0 0 0 0 1 0 0 0 0 0 0 12 1 0 0 0 0 0 0 0 0 0 0 0 0 0 0 0 0 0 6 0 0 0 0 0 18 1 23 0 0 0 0 0 0 0 0 0 0 0 21 0 0 8 18 37 33 10 0 9 1 1 47 19 1 11 0 16 13 1 12 0 43 0 0 0 0 1 0 0 0 0 0 0 0 0 0 0 0 0 2 8 20 0 0 0 1 0 0 0 0 0 0 0 0 0 0 0 0 0 0 0 0 0 0 1 0 0 0 0 0 0 0 0 0 18 0 5 1 2 78 78 0 3 1 0 0 0 0 0 0 0 0 0 0 0 0 0 0 0 0 0 7 0 42 0 0 0 0 0 0 0 0 
 76 0 0 47 73 15 0 0 0 0 0 0 0 0 0 0 0 1 2 1 198 0 363 41 36 17 200 466 415 104 32 31 131 54 129 123 48 75 66 401 0 1 209 0 3 0 206 0 206 2 0 3 0 0 0 0 3 0 0 63 0 0 3 0 0 0 2 3 0 2 0 0 3 0 0 0 0 0 0 0 0 0 22 0 10 0 0 0 19 0 0 0 0 0 0 0 0 0 1 0 14 6 33 1 46 11 6 33 15 22 28 11 0 16 10 17 12 13 0 0 0 0 0 0 0 0 1 0 0 0 0 0 0 0 0 0 0 0 0 10 0 0 0 0 0 0 0 11 0 0 0 0 0 0 0 0 0 5 0 1 0 27 1 3 0 11 0 0 0 0 13 28 0 0 0 0 0 0 0 0 13 30 6 0 0 7 19 29 32 41 28 10 1 17 17 13 31 61 0 8 0 0 1 0 0 0 0 0 0 0 0 0 0 0 0 0 0 0 12 8 0 0 0 0 0 0 0 0 0 1 0 0 0 0 0 2 0 0 0 0 0 0 0 0 0 0 0 0 0 0 0 0 0 0 16 0 1 121 0 0 0 2 0 0 0 0 10 0 0 0 0 0 0 0 0 0 2 0 0 0 0 0 0 0 0 0 0 0 0 0 
 0 0 0 0 26 74 75 0 0 0 0 0 0 0 0 0 0 2 0 0 162 363 0 444 283 34 156 322 272 90 123 137 421 530 379 119 131 47 60 344 0 1 3 0 3 0 0 0 6 2 0 3 67 0 0 0 3 0 0 0 0 0 3 0 0 0 30 3 12 2 0 0 3 0 0 0 0 0 0 0 0 0 0 0 0 0 0 0 0 0 0 0 0 0 0 0 0 0 0 0 29 21 4 45 9 0 15 0 10 11 9 12 27 19 0 54 0 1 30 21 0 0 0 0 0 0 1 0 0 2 0 0 2 0 0 0 0 5 1 0 0 0 0 0 0 0 0 2 0 0 0 0 0 0 0 0 0 0 0 0 0 4 0 0 0 9 0 0 0 0 0 0 2 2 0 0 0 0 0 0 8 31 92 15 9 0 9 7 34 23 0 0 0 11 16 17 8 31 0 9 0 0 0 1 0 0 5 2 0 0 0 0 0 0 0 0 0 0 0 0 0 0 0 0 0 0 0 0 0 0 0 0 16 0 0 0 0 1 0 1 0 0 0 0 0 0 0 0 0 0 0 0 0 0 9 2 4 155 1 2 3 2 0 0 0 0 8 0 0 0 0 0 0 0 0 0 0 2 0 11 0 0 0 0 0 0 9 0 0 0 
 0 0 0 0 0 1 0 0 0 0 1 0 0 0 0 3 0 1 2 0 132 41 444 0 152 189 176 96 73 164 240 37 88 102 98 160 65 123 74 167 63 0 3 0 3 0 1 67 0 2 0 3 0 5 0 0 3 0 63 0 0 50 3 0 0 0 2 3 0 2 0 0 3 0 0 4 0 0 0 0 5 0 0 0 0 2 0 0 1 0 0 0 0 0 0 0 4 0 0 0 0 0 0 9 22 53 0 10 18 0 15 24 0 7 0 0 0 8 2 0 0 0 1 0 0 0 28 18 17 0 0 0 5 0 0 0 4 21 27 0 0 0 0 1 0 0 0 0 0 0 0 0 0 0 0 12 0 2 0 3 0 14 0 0 0 0 0 0 0 0 0 0 0 0 0 0 3 2 3 0 22 0 0 49 8 0 1 0 0 0 0 22 0 14 6 1 0 14 16 0 15 20 0 0 0 0 36 28 0 0 0 0 30 23 8 1 0 0 0 48 0 0 8 0 0 0 10 0 0 8 1 2 0 8 0 0 0 0 0 0 0 0 0 0 0 0 0 0 0 0 0 0 0 2 8 0 0 11 0 2 2 12 0 0 0 0 0 0 0 0 0 0 0 0 0 0 0 0 0 12 0 19 0 0 0 2 0 0 0 0 
 0 3 0 2 2 0 0 0 2 0 0 2 0 0 0 3 0 42 0 0 34 36 283 152 0 158 38 70 91 213 183 122 274 96 67 396 250 333 52 151 0 29 31 1 3 1 152 27 0 2 0 3 109 2 68 0 33 9 63 47 0 2 5 0 0 0 4 3 0 3 2 0 4 0 0 0 2 0 0 0 0 0 0 0 0 0 0 0 0 0 0 8 0 0 0 0 0 0 0 0 0 0 2 0 12 37 0 18 12 8 0 0 13 0 0 0 10 0 0 0 9 0 25 25 6 0 23 13 14 0 0 0 8 12 1 22 27 18 0 0 0 0 0 0 0 0 0 0 0 0 0 0 0 8 0 0 0 0 0 3 0 0 0 0 0 0 0 0 0 0 0 4 0 0 0 5 0 0 0 0 0 0 18 15 13 12 0 0 69 0 0 13 0 0 0 0 26 0 0 0 23 12 0 5 0 0 11 31 8 0 13 0 47 29 9 12 0 13 45 5 0 0 0 0 0 0 0 0 0 0 0 0 0 0 0 0 0 0 0 0 0 0 0 0 0 0 0 0 0 0 0 0 0 0 4 0 4 0 3 3 12 0 0 0 0 0 8 0 0 0 0 0 0 0 0 0 0 0 0 0 0 0 0 0 0 0 0 0 0 0 
 1 0 0 1 0 0 0 1 0 0 0 2 0 2 0 1 0 0 1 1 30 17 34 189 158 0 28 25 126 153 436 397 42 45 103 123 266 143 40 76 64 0 3 0 3 0 121 0 0 2 0 3 109 7 0 2 3 0 99 0 0 0 3 0 0 0 4 3 51 0 0 0 4 0 0 1 0 0 0 0 0 0 0 0 0 0 0 0 0 0 0 0 0 0 0 2 0 0 0 0 0 0 1 0 29 39 0 0 0 12 12 0 0 0 0 0 10 0 0 0 15 22 0 0 0 1 31 25 0 0 0 0 16 10 2 21 8 1 28 24 0 0 0 0 0 0 0 0 0 0 0 0 0 0 0 2 0 0 0 3 0 0 0 0 0 1 0 0 1 0 0 4 0 0 0 0 0 0 0 0 0 0 20 0 32 35 0 0 18 0 0 15 0 0 0 0 33 0 0 0 10 0 0 0 0 0 25 17 0 1 0 0 21 12 1 1 50 0 22 0 0 0 10 0 0 0 0 0 0 0 0 0 0 0 0 0 26 0 0 0 0 0 14 0 0 0 0 0 0 0 0 0 0 0 181 2 0 5 56 0 15 13 0 0 0 0 0 0 0 0 0 0 0 0 0 0 0 0 0 0 0 18 0 0 0 5 0 0 0 0 
 0 2 0 0 1 0 0 0 2 0 55 0 0 0 0 0 0 77 0 0 74 200 156 176 38 28 0 345 225 20 28 39 328 158 35 116 44 89 264 629 0 1 3 0 3 0 0 0 66 3 0 3 1 0 0 0 3 0 0 0 43 0 3 0 0 0 2 2 0 3 0 0 3 0 0 0 0 0 50 0 11 0 0 8 0 1 0 0 0 0 15 0 0 0 12 0 0 0 0 0 26 10 30 32 0 9 9 29 0 0 23 0 20 0 31 52 14 50 0 0 0 0 0 0 0 0 0 0 0 0 0 0 0 0 0 0 0 0 0 0 0 0 0 0 0 0 0 0 0 0 0 0 0 0 0 0 0 0 0 0 0 37 0 19 0 0 0 0 0 0 0 0 0 0 0 0 0 0 1 0 2 8 23 6 0 0 24 41 34 12 21 20 25 27 17 18 20 14 13 0 0 0 0 0 0 0 0 19 0 0 0 0 0 0 0 0 0 0 0 0 0 0 0 0 0 0 0 0 0 0 0 0 0 0 0 0 0 0 0 0 0 0 0 0 0 1 0 0 0 0 0 0 0 0 0 0 2 82 0 1 0 0 0 0 0 1 17 0 0 0 0 0 0 0 0 0 0 0 0 0 0 0 0 0 0 0 0 0 0 0 
 0 0 3 0 0 0 0 0 0 0 3 0 0 0 0 0 0 0 0 0 72 466 322 96 70 25 345 0 235 401 73 70 136 149 169 338 113 407 133 217 0 1 3 0 3 0 0 0 0 2 0 3 0 0 0 0 3 0 62 1 0 0 3 0 0 0 55 3 1 1 0 0 3 0 0 0 0 0 0 0 0 0 0 0 0 9 0 0 0 0 14 0 0 0 0 0 0 0 0 0 18 0 42 17 10 19 1 54 4 17 22 12 0 0 17 0 98 15 10 40 11 0 10 0 0 0 15 12 0 0 0 0 13 13 0 0 0 0 23 1 0 0 0 0 0 0 0 0 0 0 0 0 0 0 0 0 0 0 0 0 0 0 0 0 0 0 0 0 0 0 0 10 0 0 0 0 0 0 1 0 0 40 12 18 10 29 1 41 23 1 20 1 0 19 1 21 28 35 12 0 0 0 0 0 0 0 0 0 0 0 0 0 0 0 0 0 0 0 12 0 0 0 0 0 0 0 0 0 0 0 0 0 0 0 0 0 0 0 0 0 0 0 0 0 0 1 0 0 0 0 0 0 0 0 4 0 3 4 0 0 1 1 0 0 0 0 0 0 0 0 0 0 0 0 0 0 0 6 0 0 0 0 0 0 0 0 0 0 0 0 
 2 2 73 0 39 73 0 2 0 0 0 0 0 1 0 2 0 3 0 0 101 415 272 73 91 126 225 235 0 230 61 54 168 210 225 278 211 118 73 154 0 1 3 0 3 0 62 0 5 2 0 3 29 0 0 0 3 0 62 20 0 0 3 0 0 0 3 3 0 2 0 0 3 0 0 0 0 0 0 0 0 0 0 0 0 0 0 0 0 0 2 0 0 0 0 0 0 0 0 0 1 1 9 8 59 0 16 12 20 1 8 0 12 9 8 39 24 0 20 1 0 17 1 0 0 0 30 16 0 0 0 0 0 35 0 10 0 0 0 0 9 0 0 0 0 0 0 0 2 0 0 1 0 0 0 0 0 0 0 0 0 0 0 0 0 8 0 0 0 0 0 41 0 0 0 7 0 0 0 0 20 12 57 15 21 18 0 0 21 12 0 15 0 1 12 3 9 27 14 8 0 0 0 13 0 0 6 0 0 0 0 0 0 0 0 0 0 0 1 0 1 0 0 0 0 0 2 0 0 0 0 0 0 0 0 0 25 0 1 0 0 0 0 0 0 0 0 0 0 0 0 0 2 0 7 2 0 79 2 2 38 0 2 0 0 0 2 0 0 0 0 0 0 0 0 0 0 0 0 0 0 0 0 0 0 7 0 0 0 0 
 0 0 0 0 0 0 0 1 0 0 2 0 0 0 0 1 0 0 0 0 120 104 90 164 213 153 20 401 230 0 142 558 58 99 93 81 259 131 280 306 66 0 71 1 3 0 64 0 0 2 0 3 62 1 0 4 5 0 161 92 0 0 3 0 0 0 4 3 6 1 0 6 3 0 0 1 0 0 0 0 0 0 0 0 0 0 0 14 0 0 0 0 0 0 0 0 0 0 0 0 41 15 10 2 49 22 0 13 27 2 0 14 0 30 0 0 23 3 0 0 27 0 0 0 0 0 9 56 0 0 0 0 8 17 1 0 0 1 22 17 0 0 0 0 0 0 9 0 0 0 0 0 10 0 0 0 0 5 0 0 0 0 0 0 0 0 0 0 0 0 0 0 0 0 0 11 0 1 0 0 1 5 11 17 22 4 15 0 60 12 20 15 0 0 0 12 42 12 2 0 9 0 0 0 0 0 0 6 0 0 0 2 10 0 37 0 0 12 36 7 0 0 0 0 11 0 0 0 0 0 0 0 0 0 0 0 1 1 0 0 0 0 9 0 0 0 0 0 0 0 0 0 0 0 2 0 2 1 3 2 0 0 0 0 0 0 0 0 0 0 0 0 0 0 0 0 0 0 0 0 0 0 0 0 0 7 0 0 0 0 
 0 0 0 2 0 0 2 1 0 0 3 2 0 3 0 2 2 3 0 0 118 32 123 240 183 436 28 73 61 142 0 287 58 19 285 155 384 100 35 73 66 0 3 0 3 0 61 67 0 3 0 3 2 6 65 0 5 1 64 1 6 0 3 0 0 0 2 3 0 3 0 1 3 0 0 5 0 0 0 0 0 0 0 0 1 0 0 0 0 0 0 0 0 0 1 0 0 0 0 0 0 0 0 12 20 36 0 0 14 0 11 19 0 0 0 9 0 0 0 0 0 13 0 0 0 0 33 30 15 0 0 0 18 23 0 9 8 1 43 22 0 0 0 0 0 0 0 0 0 0 0 0 0 0 0 0 0 0 0 3 1 0 0 0 0 0 0 0 0 0 0 17 0 0 0 0 0 0 0 0 13 0 0 13 67 18 0 0 0 0 0 0 0 0 0 0 13 11 0 0 21 30 0 0 0 2 84 8 0 0 0 0 24 13 10 0 7 0 7 14 0 0 10 0 0 0 0 0 0 0 0 0 0 0 0 0 0 0 0 0 0 0 6 0 0 0 0 0 0 0 0 0 0 0 10 0 0 37 3 2 26 11 0 0 0 0 4 0 0 0 0 0 0 0 0 0 0 0 0 10 0 13 0 1 0 1 0 0 0 0 
 0 0 0 0 0 0 1 0 0 0 0 208 0 3 0 5 5 0 0 0 123 31 137 37 122 397 39 70 54 558 287 0 37 237 177 35 363 360 28 56 51 1 3 0 3 0 21 0 0 2 0 3 71 62 0 0 3 0 175 1 0 0 3 0 0 0 2 4 1 1 0 0 5 0 3 0 0 1 0 4 0 0 0 0 0 0 0 0 0 0 0 0 0 2 1 0 1 0 0 0 17 13 21 8 23 0 12 0 0 23 0 37 0 0 0 1 2 0 0 21 18 0 0 0 4 0 1 47 0 0 0 0 0 0 11 2 0 0 0 10 0 0 0 0 0 0 0 0 0 0 2 0 0 0 0 0 0 1 0 0 1 0 0 0 0 0 0 0 0 0 0 0 0 0 0 0 0 0 0 0 13 10 5 10 10 9 8 0 23 11 14 18 0 0 0 7 13 28 0 0 0 1 0 0 0 0 0 12 2 10 0 0 21 1 9 0 0 0 26 0 0 1 0 0 0 0 0 0 0 0 0 11 0 0 0 0 0 22 0 0 0 0 0 0 0 0 0 0 0 0 0 0 0 0 4 5 0 73 2 1 0 0 0 0 0 0 0 0 0 0 0 0 0 0 0 0 0 0 0 0 0 0 0 1 0 13 0 0 0 0 
 4 2 61 2 65 74 0 0 0 0 0 2 0 1 74 73 0 110 2 0 53 131 421 88 274 42 328 136 168 58 58 37 0 212 416 114 114 328 282 348 0 2 3 0 3 0 0 62 0 3 0 3 0 0 0 0 3 0 0 0 0 0 3 0 0 1 2 2 0 3 0 0 3 0 0 0 2 0 0 0 0 0 12 20 62 0 0 0 0 0 0 10 0 0 0 7 14 0 11 0 20 3 0 14 0 0 21 37 0 1 50 0 15 33 38 36 18 0 0 18 0 0 0 0 0 0 0 0 0 0 0 0 0 0 1 0 0 0 0 0 0 0 0 0 2 0 0 0 0 0 0 0 0 0 0 0 0 0 0 0 0 0 0 12 0 8 0 4 9 3 19 9 0 0 11 0 12 0 1 0 44 0 13 26 0 0 37 0 12 0 1 14 28 24 10 28 16 0 27 6 0 0 0 0 0 0 0 0 0 0 0 0 0 0 0 0 0 0 0 1 0 0 0 0 0 0 0 1 1 0 0 0 0 0 0 0 0 0 0 0 0 0 0 0 0 0 0 0 0 0 13 0 0 0 8 0 3 80 2 4 3 0 0 0 0 0 4 0 0 0 0 0 0 0 0 0 0 0 0 0 0 0 0 0 0 0 0 0 0 0 
 0 0 0 1 75 152 0 0 0 1 85 0 0 0 2 3 0 2 0 0 374 54 530 102 96 45 158 149 210 99 19 237 212 0 325 36 87 38 249 224 0 2 3 0 3 0 0 1 0 2 4 3 0 0 1 4 3 0 0 5 0 0 3 0 0 0 2 3 4 1 0 0 3 0 0 0 0 0 0 0 0 0 0 0 10 50 0 0 0 0 13 14 0 0 0 0 0 0 0 0 0 12 26 11 0 0 7 0 0 14 25 11 26 24 11 38 77 77 18 48 0 0 0 0 0 0 0 0 0 0 0 0 16 1 0 0 0 0 0 0 0 0 0 0 1 0 0 0 0 0 0 0 0 0 0 0 0 0 0 0 0 0 0 0 0 18 0 0 0 0 0 9 0 0 1 0 0 0 2 0 20 26 1 37 0 0 12 9 20 4 59 0 13 23 4 29 0 0 16 0 0 2 0 0 0 0 0 0 0 0 0 0 0 0 13 0 0 0 0 0 0 0 0 0 2 0 0 0 2 0 0 0 2 0 0 0 0 0 0 0 0 0 0 0 0 0 0 0 0 0 0 0 0 0 13 1 1 0 76 0 2 0 0 0 0 0 0 0 0 0 0 0 0 0 0 0 19 23 0 0 0 19 0 0 0 0 0 0 0 0 
 4 0 0 2 74 16 0 2 0 0 0 1 0 1 0 2 0 0 0 0 98 129 379 98 67 103 35 169 225 93 285 177 416 325 0 352 123 113 98 176 0 1 3 0 3 0 0 0 0 2 0 3 0 0 0 0 3 0 0 66 0 0 3 0 0 0 2 3 1 3 0 0 3 0 0 0 0 0 0 0 0 0 0 0 9 0 0 0 0 0 0 0 0 0 0 1 0 0 0 0 41 23 8 29 0 0 12 1 20 14 9 15 26 17 1 49 1 5 14 6 0 2 0 2 0 2 19 0 0 0 0 0 0 0 0 0 0 0 1 0 0 0 0 0 0 0 0 0 0 0 0 0 0 0 0 1 0 0 0 0 0 0 0 0 0 11 0 0 0 0 15 9 0 0 0 0 0 0 0 0 65 47 27 10 12 0 12 13 36 31 5 1 0 7 23 31 10 38 0 8 0 0 0 0 0 0 7 0 0 0 0 0 0 0 0 0 0 0 6 9 0 0 31 0 0 0 0 0 0 0 0 0 0 0 0 0 0 0 0 0 0 0 0 0 0 0 0 0 0 0 0 0 0 0 4 0 3 162 1 2 1 0 0 0 0 0 60 0 0 0 0 0 0 0 0 0 0 0 0 8 0 0 0 0 0 0 18 0 0 0 
 0 2 3 0 0 1 0 0 0 0 0 2 0 0 0 0 0 0 0 0 261 123 119 160 396 123 116 338 278 81 155 35 114 36 352 0 158 32 38 220 0 18 3 0 3 0 1 0 0 2 0 5 124 2 0 0 3 0 0 0 0 0 3 0 0 0 3 3 0 0 0 5 3 0 0 0 0 0 1 0 14 0 0 0 0 0 0 0 0 0 0 0 0 0 0 0 0 0 0 0 0 0 24 38 14 14 0 23 36 16 1 11 0 23 0 1 13 11 2 0 8 0 0 0 0 0 33 0 2 0 0 0 0 4 0 0 0 0 0 18 0 0 0 0 0 0 0 0 0 0 0 0 0 0 0 0 2 17 0 0 0 5 0 0 0 0 0 0 0 1 1 0 0 0 0 0 25 0 4 0 10 0 14 13 25 6 5 0 11 0 0 11 1 19 17 0 4 32 9 0 0 0 0 0 0 0 8 10 0 0 0 0 0 0 0 0 0 0 10 10 0 0 0 0 0 0 0 0 0 0 0 0 0 0 0 0 0 0 0 0 0 0 0 0 0 0 0 0 0 0 0 0 0 0 2 0 0 92 75 0 3 1 0 0 0 0 0 0 0 0 0 1 0 0 0 0 0 0 0 10 0 4 0 0 0 0 0 0 0 0 
 3 0 0 0 0 2 0 2 0 0 0 0 0 7 0 4 0 3 0 0 52 48 131 65 250 266 44 113 211 259 384 363 114 87 123 158 0 118 112 42 0 0 3 0 3 0 53 65 0 3 0 3 83 0 0 0 3 0 62 18 0 3 5 0 0 0 3 2 1 3 1 0 3 4 0 0 0 0 1 0 0 0 0 0 0 9 0 0 0 0 2 0 0 0 0 0 0 0 0 0 0 26 41 10 21 17 0 2 0 41 0 18 0 0 0 0 1 0 0 9 0 0 1 0 0 0 26 34 0 0 0 0 1 1 0 0 4 0 17 0 0 0 0 0 0 0 0 0 0 0 0 0 0 0 0 0 0 0 0 3 0 0 0 0 0 0 0 0 0 0 0 0 0 0 0 0 0 0 0 0 0 16 14 34 10 2 1 0 57 1 0 11 0 1 0 15 13 65 0 0 15 0 0 0 0 0 28 28 0 0 0 0 18 1 0 0 0 0 22 0 0 0 0 0 0 0 0 0 0 0 0 0 0 0 0 0 0 0 0 0 0 0 0 0 0 0 0 0 0 0 0 1 0 0 12 3 0 2 77 1 7 11 0 0 0 0 1 0 0 0 0 0 0 0 0 0 0 0 0 0 0 32 0 0 0 8 0 0 0 0 
 0 2 0 0 0 0 0 0 0 0 1 0 0 0 0 3 0 8 1 0 41 75 47 123 333 143 89 407 118 131 100 360 328 38 113 32 118 0 253 51 0 1 3 58 3 0 2 69 0 2 0 3 1 0 0 0 5 4 62 24 0 0 3 35 0 0 2 3 1 1 0 49 3 0 0 2 0 2 2 0 0 0 0 0 0 0 0 0 0 0 0 0 0 0 13 0 0 0 0 0 0 12 49 13 13 8 0 32 0 9 0 42 0 0 0 31 1 0 0 0 0 0 0 0 0 0 0 10 0 0 0 0 7 1 0 0 18 0 43 0 0 0 0 0 0 0 0 0 0 0 0 0 0 0 0 0 0 0 0 3 0 0 0 0 0 0 0 0 0 0 0 0 0 0 0 0 0 13 0 17 0 9 1 7 15 0 10 10 41 18 8 0 0 10 0 21 20 38 0 0 12 0 0 0 12 0 13 0 0 0 0 0 19 3 0 0 0 12 0 0 0 0 0 0 0 0 0 0 0 0 0 0 0 0 0 0 0 0 0 0 0 0 0 0 0 1 0 0 0 0 0 0 0 0 9 0 2 82 2 5 5 19 0 0 0 0 37 0 0 0 0 11 0 0 0 0 0 0 0 0 0 13 0 0 0 0 0 0 0 0 
 2 36 75 113 76 0 73 0 0 76 2 229 0 0 69 13 75 26 7 27 212 66 60 74 52 40 264 133 73 280 35 28 282 249 98 38 112 253 0 121 0 1 3 0 3 0 0 1 4 3 49 3 0 0 0 0 3 1 0 0 0 0 3 0 0 0 2 3 0 3 0 32 3 0 0 0 0 0 0 0 0 0 11 0 12 44 0 0 0 12 50 0 0 0 0 15 0 32 0 0 20 24 13 20 0 0 0 1 1 11 4 0 16 5 0 36 0 25 48 47 0 0 0 0 0 0 0 0 0 0 0 0 1 0 16 0 0 0 0 0 0 0 0 0 0 0 0 0 0 0 0 0 0 0 0 0 0 0 0 0 0 0 9 0 13 37 0 0 11 13 0 7 0 1 0 0 0 0 0 0 4 29 1 17 0 0 30 10 43 0 1 0 19 10 18 1 26 10 19 33 0 0 0 0 0 0 0 0 0 0 0 0 0 0 0 0 0 0 0 0 0 0 0 0 0 0 0 0 0 0 0 0 0 0 0 0 0 0 0 2 0 0 0 0 0 0 0 0 144 22 13 0 0 0 9 1 0 76 7 1 0 0 0 0 0 0 9 0 0 0 0 0 0 0 0 13 16 5 0 0 0 18 0 0 0 0 11 0 0 0 
 0 9 1 0 0 1 0 0 0 0 0 2 0 0 0 0 3 75 0 0 61 401 344 167 151 76 629 217 154 306 73 56 348 224 176 220 42 51 121 0 0 1 3 0 3 0 0 0 0 3 0 3 0 0 0 0 5 0 0 0 0 0 3 0 0 0 2 3 0 3 0 0 3 3 0 0 0 0 0 0 0 9 0 4 7 1 0 0 0 12 15 0 0 0 13 0 0 0 0 0 93 9 0 35 0 37 9 3 0 0 34 0 43 6 30 46 35 41 16 17 0 0 0 0 0 0 0 0 2 0 0 0 0 0 0 0 0 0 0 0 5 0 0 0 0 0 0 0 0 0 0 0 0 0 0 0 1 0 0 0 0 18 0 18 0 0 0 0 0 0 1 1 0 0 0 0 0 0 23 0 0 32 12 13 0 0 30 41 39 20 14 12 36 11 24 23 33 0 12 0 0 0 0 0 0 0 0 0 0 0 0 0 13 0 0 0 0 0 0 0 0 0 0 0 0 0 0 0 0 0 0 0 0 0 0 0 0 0 0 0 0 0 0 0 0 0 0 0 0 0 0 0 0 2 18 2 5 112 0 22 2 2 0 0 2 0 13 0 0 0 0 1 0 0 0 0 0 3 0 0 0 0 0 0 0 0 64 0 0 0 
 0 2 0 0 0 0 0 0 0 0 0 0 0 0 0 1 0 0 0 0 0 0 0 63 0 64 0 0 0 66 66 51 0 0 0 0 0 0 0 0 0 376 53 112 128 82 120 204 44 117 105 14 57 122 138 36 23 153 166 179 0 0 2 4 4 203 4 0 2 0 0 0 0 0 0 9 52 0 203 0 0 0 0 0 0 0 0 2 0 0 0 0 0 0 0 0 0 0 0 0 0 0 26 10 10 81 0 0 0 0 0 15 0 0 0 0 0 0 0 0 10 1 3 0 0 10 7 17 14 11 0 0 8 19 10 11 0 10 36 22 0 0 0 0 0 0 0 13 0 5 0 0 11 0 0 0 0 0 0 0 0 0 18 0 5 0 0 0 0 0 0 0 17 0 0 0 0 0 0 0 0 0 0 0 1 7 0 0 0 13 0 18 0 7 0 0 0 0 0 0 0 6 27 0 0 16 13 10 11 33 0 8 0 0 44 0 0 9 0 11 0 0 0 0 0 0 0 0 0 0 0 3 0 0 36 0 0 10 36 0 0 0 0 0 0 0 0 0 0 0 0 15 0 0 0 0 0 0 0 10 0 0 11 0 1 0 4 0 1 0 0 0 0 0 0 0 0 0 0 0 0 0 0 0 1 6 0 0 0 0 
 0 0 0 2 0 3 2 0 2 2 0 0 2 0 4 1 2 6 2 2 2 1 1 0 29 0 1 1 1 0 0 1 2 2 1 18 0 1 1 1 376 0 73 170 108 249 154 454 134 98 87 23 75 132 250 101 29 120 43 28 2 4 24 1 0 2 13 3 2 5 4 0 0 8 0 4 1 3 2 0 0 0 0 0 0 0 0 0 0 0 0 0 0 0 0 0 0 0 0 0 0 0 0 0 0 0 0 0 0 0 0 0 0 0 0 0 0 0 0 0 0 20 22 12 9 0 0 8 24 15 12 0 0 0 0 8 1 36 0 0 20 0 20 13 0 0 0 7 4 3 0 1 34 0 0 0 3 0 0 9 0 0 5 0 7 0 0 0 0 0 0 0 0 0 0 0 0 0 0 0 0 0 0 0 0 0 10 0 0 2 0 0 0 0 0 0 0 0 0 0 14 19 7 0 0 16 0 22 35 8 19 1 20 8 15 20 0 11 19 0 1 0 3 2 10 0 0 0 7 4 0 0 14 0 0 0 1 4 22 4 1 0 0 0 0 0 0 0 0 0 0 7 0 0 0 0 0 2 0 9 0 0 68 0 2 0 1 0 0 0 11 0 0 0 0 0 0 0 0 0 0 0 0 0 21 18 0 0 0 1 
 0 0 0 0 0 0 0 0 0 0 0 0 0 0 0 0 0 2 0 0 3 209 3 3 31 3 3 3 3 71 3 3 3 3 3 3 3 3 3 3 53 73 0 147 115 113 286 171 205 259 147 217 70 137 127 321 184 50 51 279 53 0 0 0 0 0 1 3 51 0 0 46 79 50 0 0 3 52 74 54 0 0 0 0 0 0 0 0 0 0 0 0 0 0 0 0 0 0 0 0 0 0 0 0 0 0 0 0 0 0 0 0 0 0 0 0 0 0 0 0 0 1 0 13 13 13 0 0 0 18 0 51 0 15 4 0 12 10 0 0 24 1 1 3 0 0 15 10 0 24 0 4 14 21 15 29 10 16 0 15 15 0 0 0 2 0 0 0 0 0 0 37 0 0 0 13 0 0 5 0 0 0 0 0 0 0 0 0 0 0 0 0 0 0 0 0 0 0 0 0 21 0 23 0 22 25 0 0 10 0 33 23 0 0 1 10 15 1 0 0 29 0 0 4 0 0 17 0 1 0 3 0 0 4 0 1 5 0 20 0 0 0 0 0 0 0 0 0 0 0 0 5 0 0 0 0 0 0 0 3 0 0 2 67 1 20 8 81 0 0 4 0 0 0 0 0 0 0 0 0 0 2 0 0 6 0 0 7 0 0 
 3 0 1 1 25 1 2 95 1 1 0 2 1 1 1 0 1 2 2 2 0 0 0 0 1 0 0 0 0 1 0 0 0 0 0 0 0 58 0 0 112 170 147 0 252 33 203 154 207 187 385 51 68 459 128 56 311 248 374 216 2 0 0 0 0 0 2 0 2 0 0 0 0 0 0 0 0 0 0 0 0 0 0 0 0 0 16 0 0 0 0 0 0 0 0 0 0 0 0 0 0 0 0 0 0 0 0 9 0 0 0 0 0 0 0 0 0 0 0 0 0 7 3 7 0 10 7 3 16 11 7 18 0 26 5 20 11 12 0 0 0 0 0 0 0 0 32 11 0 17 0 0 11 0 0 0 0 0 8 0 0 0 56 0 6 0 0 0 0 0 19 0 0 0 0 0 0 0 0 0 0 0 0 0 0 0 0 0 0 0 0 0 0 0 0 0 0 0 0 0 0 0 19 12 15 26 0 10 18 47 0 15 0 0 13 0 10 8 0 0 7 0 0 0 0 0 0 9 0 0 10 0 0 0 12 13 0 38 15 0 0 0 0 0 0 1 0 0 0 0 0 6 1 1 0 0 0 0 0 10 0 0 1 0 2 3 3 1 2 0 0 0 0 0 0 0 0 0 0 0 0 4 0 0 2 0 0 0 0 0 
 0 0 0 0 0 0 0 0 0 0 0 0 0 0 0 5 0 0 0 0 3 3 3 3 3 3 3 3 3 3 3 3 3 3 3 3 3 3 3 3 128 108 115 252 0 66 111 61 137 89 194 183 141 187 145 135 128 110 83 348 13 0 5 3 3 0 18 0 1 0 0 0 16 5 0 14 0 6 0 0 0 0 0 0 0 0 0 0 0 0 0 0 0 0 0 1 0 0 0 0 0 1 0 0 0 0 0 0 0 0 0 0 0 0 0 0 14 0 0 0 0 11 0 0 0 20 0 0 24 1 8 1 8 37 12 0 8 11 0 0 2 0 0 0 0 0 3 10 29 14 0 0 5 0 0 0 2 0 22 0 0 0 2 0 0 0 0 0 0 0 0 0 0 0 0 0 0 0 0 0 0 0 0 0 0 0 0 0 0 0 0 0 0 0 0 0 0 0 0 0 0 0 40 20 21 16 0 0 15 19 0 11 0 0 8 0 10 12 0 0 6 0 0 0 2 0 0 19 10 0 20 1 0 0 4 0 0 0 1 0 0 0 0 0 0 0 0 0 0 0 0 16 0 0 0 0 0 0 0 13 0 0 0 2 0 3 2 2 3 0 8 0 0 0 0 0 0 0 0 0 0 0 0 0 0 0 0 0 0 0 
 2 0 0 0 0 0 0 0 0 0 0 0 0 0 0 3 3 2 0 0 0 0 0 0 1 0 0 0 0 0 0 0 0 0 0 0 0 0 0 0 82 249 113 33 66 0 58 29 195 184 123 99 43 110 50 93 70 101 67 53 2 4 50 0 0 0 2 7 0 4 4 50 60 1 49 1 5 0 0 7 0 0 0 0 0 0 0 0 0 0 0 0 0 0 0 0 0 61 0 0 0 0 0 0 0 0 0 0 0 0 0 0 0 0 0 0 0 0 0 5 0 58 10 30 11 14 0 0 0 19 20 34 9 0 12 7 0 0 0 0 34 8 0 7 0 0 64 14 0 9 0 6 0 1 8 0 1 8 17 32 22 0 0 0 0 0 0 0 0 0 0 0 0 0 0 0 0 7 0 0 0 0 0 0 0 0 0 0 0 0 0 0 0 0 0 0 0 0 0 0 0 0 1 0 30 23 0 15 7 11 13 2 0 0 36 0 14 0 0 0 14 0 0 6 0 0 37 0 1 5 7 0 23 32 1 18 1 5 14 15 0 0 15 0 0 0 0 0 0 0 0 16 0 0 0 0 0 0 0 1 0 0 82 55 2 24 13 0 0 0 0 0 0 0 0 0 0 0 0 0 0 0 0 0 10 0 0 0 0 0 
 0 1 0 0 0 0 0 22 0 0 0 0 0 0 0 0 3 0 0 0 0 206 0 1 152 121 0 0 62 64 61 21 0 0 0 1 53 2 0 0 120 154 286 203 111 58 0 90 275 39 37 55 153 338 43 35 37 159 244 467 4 0 1 0 0 0 1 4 2 0 0 0 7 0 4 0 3 0 0 5 0 0 0 0 0 0 0 0 0 0 0 0 0 0 0 0 0 0 0 0 0 0 0 0 1 1 0 0 7 11 0 0 0 0 0 0 1 0 0 0 9 0 11 0 10 7 14 26 1 0 4 0 10 43 0 19 6 29 0 7 0 2 0 0 0 0 0 0 0 11 0 1 0 4 4 8 0 0 0 0 0 0 0 0 0 0 0 0 0 0 0 3 0 0 0 2 0 0 0 0 0 1 8 0 19 3 0 0 1 0 0 10 0 0 0 0 1 11 0 0 0 0 21 21 21 14 1 75 0 0 0 14 18 0 8 0 0 8 50 0 0 0 0 0 0 0 2 0 0 0 0 0 0 1 0 2 5 0 0 0 0 0 0 0 0 0 0 0 0 31 0 12 0 1 0 0 0 0 61 0 6 0 1 0 2 2 6 0 0 0 0 0 0 1 0 0 0 0 0 0 0 0 0 0 1 0 0 0 1 0 
 0 0 67 0 0 63 0 0 0 0 0 66 0 0 5 3 0 3 0 0 0 0 0 67 27 0 0 0 0 0 67 0 62 1 0 0 65 69 1 0 204 454 171 154 61 29 90 0 332 150 34 66 166 469 280 115 54 98 78 58 0 0 0 0 0 0 0 12 1 0 0 0 4 0 0 0 0 0 3 1 0 0 26 20 1 0 0 0 0 11 0 4 0 0 0 20 19 0 0 0 0 6 0 0 0 15 0 0 0 0 0 0 3 1 0 0 0 0 1 0 0 0 15 0 23 2 1 0 37 12 0 0 7 35 0 1 27 14 0 0 3 0 0 0 0 0 0 0 0 0 0 0 0 12 1 0 6 0 0 6 0 0 5 0 8 8 0 0 0 0 0 0 0 0 0 0 0 0 0 0 0 20 0 0 0 0 0 0 0 0 0 0 18 0 0 0 0 0 0 2 27 0 12 20 1 28 0 0 15 8 0 27 20 23 0 0 12 17 0 0 0 0 0 0 0 0 0 0 0 0 0 0 0 0 0 0 0 0 22 0 0 0 7 0 0 0 0 0 0 0 14 13 0 0 0 0 0 0 0 0 0 0 0 0 0 1 2 1 2 0 0 0 0 0 0 0 0 0 0 0 0 0 0 0 0 0 0 0 0 0 
 0 0 0 0 7 0 0 0 0 0 0 0 0 0 0 0 0 0 0 0 4 206 6 0 0 0 66 0 5 0 0 0 0 0 0 0 0 0 4 0 44 134 205 207 137 195 275 332 0 150 34 179 65 120 140 128 64 92 105 393 0 0 0 0 0 0 1 0 0 0 0 17 49 0 0 0 0 0 0 0 0 0 0 0 1 0 0 0 0 0 0 0 0 0 0 0 0 0 0 0 0 0 5 0 0 0 0 0 2 1 0 0 0 34 0 5 0 0 16 4 0 54 0 7 20 0 0 0 1 0 14 10 0 36 18 0 9 21 0 0 12 6 0 0 0 0 0 27 0 1 0 0 0 0 9 0 0 0 12 0 0 0 0 0 3 0 0 0 0 0 0 1 0 0 0 0 0 0 0 0 0 3 0 5 0 0 0 0 0 3 0 0 0 0 3 0 0 9 0 0 17 0 32 21 28 13 0 0 6 1 25 15 0 23 13 10 0 22 0 1 1 0 0 0 0 0 0 0 0 0 0 0 12 4 0 1 0 0 10 0 0 0 0 0 0 0 0 0 0 0 0 17 0 0 0 0 0 0 6 2 0 0 21 78 0 16 1 6 0 0 0 0 0 0 0 0 0 0 0 0 0 1 0 0 8 7 0 0 0 0 
 0 0 0 0 0 0 0 0 0 1 0 0 35 0 0 0 0 0 9 0 2 2 2 2 2 2 3 2 2 2 3 2 3 2 2 2 3 2 3 3 117 98 259 187 89 184 39 150 150 0 158 231 33 218 87 262 402 88 507 83 0 0 0 0 0 52 1 7 1 0 0 1 1 25 0 0 0 0 79 0 0 1 1 0 0 0 0 0 0 0 0 0 0 5 0 0 0 0 0 4 0 0 0 0 0 0 0 0 0 0 0 0 0 0 0 0 0 0 0 0 0 0 14 10 20 7 0 0 11 44 21 26 7 0 0 0 18 10 0 0 23 13 0 1 0 0 14 0 0 0 0 11 0 0 0 3 6 0 19 8 0 0 11 0 7 0 0 0 0 0 0 0 5 0 0 1 0 0 0 0 0 0 0 0 0 0 0 0 0 0 0 0 0 0 0 0 0 0 0 0 0 0 28 13 28 10 0 0 0 16 2 10 0 0 19 0 13 1 0 0 21 0 0 0 0 0 15 20 0 0 0 0 6 0 0 0 0 0 14 16 0 0 2 0 0 0 0 0 0 0 0 18 2 1 0 0 0 0 0 2 0 0 1 1 1 1 2 0 0 0 7 0 0 0 0 0 0 0 0 0 0 4 0 0 0 0 0 1 0 0 
 2 3 3 3 3 3 3 3 3 3 3 3 3 5 3 8 3 5 4 62 0 0 0 0 0 0 0 0 0 0 0 0 0 4 0 0 0 0 49 0 105 87 147 385 194 123 37 34 34 158 0 107 95 110 162 135 237 137 38 66 0 0 0 0 0 0 0 0 50 0 0 0 50 51 0 0 0 0 111 25 0 0 0 0 0 0 0 0 0 0 0 0 0 0 0 0 0 0 0 0 0 0 0 0 0 0 0 0 0 0 0 0 0 0 0 0 0 0 0 0 0 0 0 9 0 0 0 0 21 11 10 21 1 0 39 8 0 14 0 0 32 7 0 0 0 0 0 0 0 21 0 1 31 38 8 20 3 0 0 16 0 0 48 0 0 0 0 8 0 0 0 0 8 0 0 0 0 0 0 0 0 0 0 0 0 0 0 0 0 0 0 0 0 0 0 0 0 0 0 0 0 0 17 0 17 6 0 0 20 35 10 10 0 0 8 0 0 3 0 13 11 0 6 0 0 0 31 1 0 0 0 0 7 15 0 1 0 0 37 16 0 0 0 0 0 0 0 0 16 0 0 7 0 0 0 0 0 0 0 15 8 0 2 4 62 3 0 0 1 0 8 0 0 0 0 0 0 0 0 0 0 0 0 0 3 0 0 1 0 0 
 2 0 0 0 0 0 0 1 0 0 0 0 0 2 0 3 0 0 0 0 3 3 3 3 3 3 3 3 3 3 3 3 3 3 3 5 3 3 3 3 14 23 217 51 183 99 55 66 179 231 107 0 32 71 49 174 167 140 268 43 4 0 0 0 0 2 2 6 0 0 0 51 128 61 6 1 3 4 51 3 0 0 0 0 0 0 0 0 0 0 0 0 0 0 0 0 0 0 0 0 0 0 0 0 0 0 0 0 0 0 0 0 0 0 0 0 0 0 7 0 0 20 9 15 12 23 0 0 1 19 2 45 2 12 0 0 5 0 0 0 7 0 0 0 0 0 17 11 0 4 0 28 14 7 4 26 4 0 14 50 0 0 0 6 0 0 0 0 0 0 0 0 0 0 0 0 0 0 0 0 0 0 0 0 0 0 0 0 0 0 0 0 0 0 0 0 0 0 0 0 12 0 15 0 48 17 2 0 14 0 23 12 0 0 0 0 18 0 0 0 20 0 0 1 0 0 0 1 1 0 0 0 0 31 1 22 10 0 0 0 0 0 16 0 0 0 0 0 0 0 0 14 0 0 0 0 2 0 1 17 0 0 0 43 2 27 10 2 0 0 8 0 0 0 0 0 0 0 0 0 0 0 0 0 1 0 0 0 0 0 
 0 0 3 5 0 0 0 1 3 0 19 3 5 7 0 0 2 0 0 16 0 0 67 0 109 109 1 0 29 62 2 71 0 0 0 124 83 1 0 0 57 75 70 68 141 43 153 166 65 33 95 32 0 75 57 21 277 121 138 39 0 0 0 0 0 0 1 0 2 0 0 0 0 0 0 1 0 0 0 0 0 0 0 0 0 4 2 0 7 5 0 0 0 0 0 0 8 4 0 0 0 0 0 0 3 0 0 0 0 32 0 0 1 0 1 0 8 0 0 0 6 0 0 10 20 0 21 12 12 10 7 0 8 0 3 0 0 0 0 0 0 0 0 0 0 0 0 0 0 0 0 0 32 3 0 0 0 0 10 0 0 1 5 0 0 6 0 0 0 3 0 0 0 0 0 0 6 8 0 0 0 0 16 0 1 8 0 0 19 0 0 15 0 0 0 0 0 13 0 0 10 50 7 66 0 0 11 26 41 0 0 0 18 5 7 7 8 25 5 1 0 0 0 0 0 0 0 0 0 0 0 0 0 0 0 0 0 0 0 0 0 0 0 0 0 0 0 0 0 0 0 10 0 2 0 0 0 0 0 10 0 0 0 0 2 2 0 0 0 0 0 0 0 0 0 0 0 0 0 0 0 0 0 0 0 16 0 0 2 0 
 0 0 0 0 0 0 0 0 0 0 0 0 0 0 0 0 2 2 0 0 0 0 0 5 2 7 0 0 0 1 6 62 0 0 0 2 0 0 0 0 122 132 137 459 187 110 338 469 120 218 110 71 75 0 156 120 86 479 215 248 0 0 0 0 0 0 1 5 2 0 0 0 5 0 0 0 0 0 0 0 0 0 0 0 0 0 0 0 0 0 12 0 0 0 0 0 0 0 0 0 0 0 0 0 31 5 0 10 0 0 3 0 0 0 0 0 0 0 0 0 0 0 19 0 18 31 9 16 27 16 8 0 0 45 6 7 9 43 0 5 0 0 0 0 0 0 0 0 0 4 0 0 18 0 0 0 9 0 1 25 0 0 12 0 24 0 0 0 0 0 0 0 0 0 0 0 0 0 0 0 0 0 0 0 0 0 0 0 0 0 0 0 0 0 0 12 9 0 0 0 20 0 49 31 34 13 0 36 26 8 0 9 0 3 10 0 9 19 0 0 1 0 5 0 0 0 0 0 0 0 0 0 0 0 0 0 0 0 25 0 0 0 33 0 0 0 0 0 0 0 0 6 0 0 0 0 0 0 0 8 0 0 1 0 2 0 2 17 0 0 0 0 0 0 0 0 0 0 0 0 0 0 0 0 1 0 0 0 0 0 
 0 2 0 0 0 0 0 2 0 7 0 0 0 0 0 0 0 3 0 1 0 0 0 0 68 0 0 0 0 0 65 0 0 1 0 0 0 0 0 0 138 250 127 128 145 50 43 280 140 87 162 49 57 156 0 159 194 168 168 161 0 0 0 0 7 3 0 0 2 0 1 2 2 0 0 0 0 211 0 0 0 0 0 0 0 0 0 0 0 0 0 0 0 0 0 0 0 0 0 0 0 0 0 0 0 0 0 0 0 0 0 10 0 0 0 0 0 0 0 0 10 13 13 8 35 0 6 12 1 0 7 0 0 32 16 38 1 22 0 7 0 0 0 0 0 6 0 0 0 3 0 0 21 0 0 0 0 0 0 0 0 0 0 0 0 6 0 0 0 0 0 0 0 0 0 0 0 0 0 0 0 0 0 0 0 7 0 0 0 0 0 10 0 0 0 0 0 0 0 0 10 27 15 20 0 10 0 43 28 10 25 7 16 26 28 38 2 64 11 0 1 0 0 0 0 0 0 0 0 0 0 0 0 0 0 0 0 10 0 0 0 0 0 0 0 0 0 0 0 0 0 5 0 0 0 0 0 0 0 10 0 0 4 0 0 3 5 31 0 0 0 0 0 0 0 5 0 0 0 0 0 0 0 0 1 6 0 0 0 0 
 0 0 0 0 0 0 0 0 0 0 0 0 0 0 0 0 0 2 0 0 0 0 0 0 0 2 0 0 0 4 0 0 0 4 0 0 0 0 0 0 36 101 321 56 135 93 35 115 128 262 135 174 21 120 159 0 204 85 31 148 0 0 0 0 0 0 1 0 11 0 0 1 61 53 0 0 0 16 78 52 0 0 0 1 0 0 0 0 0 0 0 0 0 0 0 0 0 0 0 0 0 0 0 0 0 15 0 0 0 0 0 0 0 0 0 0 0 0 0 0 10 25 10 0 18 7 0 0 0 11 0 22 41 8 4 0 19 9 12 12 13 0 0 0 7 3 24 0 0 1 8 12 11 11 0 11 7 0 0 11 0 0 0 11 0 1 0 0 2 0 0 0 0 0 0 0 0 0 0 0 0 0 0 0 0 11 0 0 0 0 0 0 0 0 0 0 0 0 28 0 23 0 24 0 9 0 20 0 8 1 16 0 10 11 0 71 25 0 0 32 11 0 0 0 0 0 13 0 0 0 0 4 0 0 0 0 0 0 11 0 0 0 0 0 0 0 0 0 0 0 0 9 0 0 0 0 0 0 0 1 0 0 0 0 1 0 0 64 0 0 11 0 0 0 0 3 0 0 0 0 0 0 0 0 9 10 0 7 0 0 
 0 0 0 0 63 0 0 0 61 0 4 1 0 0 63 3 0 0 0 0 3 3 3 3 33 3 3 3 3 5 5 3 3 3 3 3 3 5 3 5 23 29 184 311 128 70 37 54 64 402 237 167 277 86 194 204 0 182 232 44 1 0 0 0 0 0 3 8 2 0 0 0 4 18 0 0 0 0 20 0 0 0 0 0 0 0 23 0 0 0 0 0 0 0 0 0 0 0 0 25 0 0 0 0 0 0 0 0 0 0 0 2 0 0 0 0 0 0 0 0 4 0 54 7 31 5 0 0 0 0 6 19 0 14 23 9 22 0 0 2 0 0 0 0 0 0 0 0 0 0 0 9 11 1 1 0 5 0 0 4 0 0 0 0 0 2 0 0 10 0 0 0 1 0 0 0 0 0 0 0 0 0 0 0 0 6 0 0 0 0 0 1 0 0 21 0 0 0 0 0 32 35 28 20 3 0 0 38 29 8 23 0 21 10 18 33 20 9 58 0 19 0 0 0 0 0 1 15 0 0 0 0 1 0 0 0 0 0 0 0 0 0 7 0 0 0 0 0 0 0 0 3 0 0 0 0 0 0 0 12 0 1 0 0 0 1 0 3 0 0 8 0 1 0 0 0 0 0 0 0 0 0 0 0 0 0 0 0 0 0 
 0 0 0 0 0 0 0 0 0 0 0 0 0 2 0 3 3 5 0 0 5 0 0 0 9 0 0 0 0 0 1 0 0 0 0 0 0 4 1 0 153 120 50 248 110 101 159 98 92 88 137 140 121 479 168 85 182 0 45 43 10 0 0 0 0 0 1 8 1 0 0 0 5 0 5 0 4 0 0 17 0 0 0 0 0 0 0 0 0 0 0 0 0 0 0 20 0 0 0 0 0 0 0 0 0 0 0 0 0 0 7 0 0 0 0 0 0 0 0 0 0 26 17 10 30 13 0 10 10 11 27 0 0 22 9 0 13 46 0 0 10 3 0 5 0 1 8 0 0 12 0 2 5 21 6 6 0 5 0 9 0 0 2 0 0 0 0 0 0 7 0 0 0 0 0 0 0 0 0 0 0 0 0 0 0 0 0 0 0 0 19 0 0 0 0 0 0 0 0 0 1 0 31 23 33 20 0 0 5 7 0 17 0 0 8 0 16 20 0 0 0 0 0 5 0 0 10 0 0 0 5 0 17 3 0 0 27 0 0 9 0 0 8 0 0 0 0 0 0 0 0 5 0 0 0 0 0 0 0 25 0 0 69 0 0 0 10 0 2 0 0 0 0 0 0 0 0 0 0 0 0 0 0 0 16 15 0 0 0 0 
 4 2 2 2 2 2 2 2 2 2 2 2 2 2 2 4 2 3 2 2 0 0 0 63 63 99 0 62 62 161 64 175 0 0 0 0 62 62 0 0 166 43 51 374 83 67 244 78 105 507 38 268 138 215 168 31 232 45 0 180 7 0 0 0 0 401 0 21 2 0 0 0 10 0 5 1 2 0 401 6 0 0 0 0 0 0 0 0 0 0 0 0 0 0 0 0 0 0 0 0 4 0 8 0 15 16 0 0 6 0 0 28 0 0 0 0 0 0 0 0 17 0 9 9 0 12 2 47 0 14 0 0 8 3 23 2 0 9 0 7 0 0 0 0 0 0 0 0 0 7 0 1 0 6 5 9 0 4 0 0 0 0 0 0 0 0 0 0 0 0 0 0 0 0 0 4 0 0 1 0 0 9 2 2 21 7 0 0 20 2 0 20 0 0 0 0 3 0 0 8 0 35 0 0 0 26 0 8 0 10 0 11 8 0 16 8 14 2 3 0 0 0 0 0 0 0 0 0 0 0 0 16 0 0 0 0 6 22 0 0 0 0 0 0 0 0 0 0 0 0 0 3 0 0 0 0 0 0 1 0 0 0 0 0 0 3 5 0 2 0 0 0 0 0 0 0 0 0 0 0 0 0 0 0 0 11 0 0 0 0 
 0 0 0 0 0 0 0 0 0 0 0 0 62 0 0 1 0 6 0 0 0 63 0 0 47 0 0 1 20 92 1 1 0 5 66 0 18 24 0 0 179 28 279 216 348 53 467 58 393 83 66 43 39 248 161 148 44 43 180 0 0 0 0 0 0 0 1 0 0 0 0 0 2 0 0 0 0 0 0 0 0 0 0 0 0 0 0 0 0 0 0 2 0 0 0 0 0 0 0 0 0 23 1 6 11 0 0 0 11 0 0 40 0 0 0 0 0 0 0 0 1 44 9 0 19 0 9 20 1 0 50 0 3 43 13 19 5 56 4 0 0 1 0 0 0 0 0 0 0 3 0 0 0 0 0 0 0 0 5 0 0 0 0 0 0 0 0 0 0 0 0 4 0 0 0 5 0 0 0 0 0 0 0 12 12 0 0 6 47 0 6 0 0 0 0 12 57 0 0 0 10 0 36 25 21 16 0 0 7 0 8 4 0 20 1 13 1 21 1 0 0 0 0 0 0 0 0 0 0 0 0 0 11 0 0 0 0 0 0 0 0 0 0 0 0 0 0 0 0 0 0 6 0 0 0 0 0 0 4 0 10 0 71 0 0 2 3 33 2 0 43 0 0 0 0 0 0 0 0 0 0 0 0 0 17 6 0 0 0 0 
 0 0 0 0 0 1 0 0 0 0 45 0 0 0 0 1 0 0 0 0 0 0 0 0 0 0 43 0 0 0 6 0 0 0 0 0 0 0 0 0 0 2 53 2 13 2 4 0 0 0 0 4 0 0 0 0 1 10 7 0 0 76 83 112 40 59 123 607 75 92 74 48 113 63 98 38 462 37 66 78 0 0 0 0 0 0 0 0 0 0 0 0 0 0 0 0 0 0 0 0 0 0 0 0 0 0 0 0 0 0 0 0 0 0 0 0 0 0 0 0 0 0 0 0 0 18 0 0 0 0 0 1 0 0 0 0 0 0 0 0 0 5 1 27 0 20 3 2 26 15 25 13 5 9 9 20 11 29 0 0 0 0 0 0 0 0 0 0 0 0 0 13 0 0 0 0 0 0 2 0 0 0 0 0 0 0 0 0 0 0 0 0 0 0 0 0 0 0 0 0 0 0 0 10 0 11 0 0 0 0 8 2 0 0 0 0 0 0 0 0 10 26 13 30 0 14 0 29 20 15 29 14 20 18 31 2 21 26 0 4 8 0 0 0 0 0 0 0 0 0 0 0 0 0 12 0 0 0 0 0 0 0 0 0 0 0 8 0 0 0 22 0 0 4 0 1 0 0 0 0 0 0 0 0 0 0 0 0 0 0 
