 0 327 295 57 50 122 155 72 343 126 148 115 185 142 140 343 422 120 234 134 0 2 0 2 2 1 0 0 0 0 5 2 2 2 0 2 0 0 0 0 0 0 0 0 1 0 2 0 0 1 0 1 89 0 0 3 0 0 0 2 2 0 0 3 0 3 0 0 0 0 0 4 0 1 0 0 2 0 0 0 23 43 31 37 0 0 0 47 5 18 6 12 29 19 25 39 0 0 0 10 0 0 0 0 1 0 0 2 0 0 0 0 15 0 0 0 0 0 0 0 0 0 0 0 0 0 0 19 1 0 0 0 0 0 0 0 0 0 0 0 0 0 0 0 0 15 1 0 0 0 0 16 0 0 0 0 0 12 0 0 0 1 26 0 14 0 0 16 27 0 14 16 13 0 0 0 9 19 0 1 0 0 0 0 0 0 0 0 0 0 0 0 0 0 0 0 0 0 1 0 0 0 14 0 0 0 0 0 0 0 0 0 0 0 0 0 0 0 0 10 0 0 0 18 0 0 0 0 0 0 0 0 0 0 0 0 0 0 0 1 0 0 0 0 0 2 0 0 0 87 2 0 0 0 0 0 0 0 0 0 0 0 0 0 0 0 0 0 0 0 0 0 0 0 0 0 0 2 0 0 0 0 0 0 0 0 0 0 0 0 
 327 0 214 171 48 257 170 318 153 129 32 407 367 390 363 65 40 224 342 147 2 0 0 3 3 0 0 0 0 0 2 0 0 0 0 0 1 0 0 0 0 0 0 0 0 2 3 0 0 0 0 0 0 64 3 3 0 0 0 3 2 0 0 2 0 3 0 0 0 0 50 2 0 3 0 0 0 0 0 0 19 13 47 0 14 2 9 50 24 14 10 3 11 0 26 11 47 5 0 0 1 1 0 0 0 0 21 0 0 0 0 0 0 0 0 11 0 0 11 0 2 2 0 0 0 0 0 0 0 0 0 0 0 0 0 0 0 0 0 0 0 0 0 0 1 0 0 0 0 0 0 4 0 5 0 0 0 0 0 0 26 32 0 16 0 19 2 14 28 16 0 3 6 22 41 20 23 38 12 15 0 0 0 0 0 9 0 1 0 0 0 0 0 0 0 0 0 0 16 0 0 0 0 0 0 0 0 0 13 0 0 0 0 4 0 0 0 0 0 2 0 0 0 0 0 0 0 0 0 0 0 1 0 0 0 0 0 0 0 0 0 0 0 0 0 1 51 0 2 184 1 15 0 2 0 0 0 0 0 0 0 0 7 0 0 0 0 0 0 0 0 0 0 0 0 0 1 14 0 0 25 0 0 0 0 0 0 0 0 0 
 295 214 0 162 339 184 55 98 207 317 376 332 448 374 178 142 164 119 136 68 0 0 3 3 2 0 25 0 2 0 2 0 0 0 0 2 0 0 0 0 0 0 0 0 0 5 3 0 0 0 0 0 24 0 0 3 0 0 0 3 2 0 0 3 0 3 0 0 0 0 0 9 0 3 0 0 0 0 0 0 0 25 23 16 12 0 0 33 28 0 10 10 81 12 23 53 58 46 0 0 0 16 0 0 0 0 22 0 0 0 0 0 10 0 0 0 13 0 13 0 0 0 0 0 0 0 0 0 0 0 0 0 0 0 0 11 0 0 0 0 0 0 0 11 0 0 0 0 0 0 0 1 0 1 0 0 0 0 0 0 10 13 0 12 22 1 0 22 31 2 0 0 5 15 0 24 10 32 6 24 0 0 0 0 0 0 0 0 0 0 0 0 0 0 0 0 0 0 0 0 0 21 16 0 0 0 0 0 0 0 0 0 0 0 0 0 0 0 0 0 0 0 0 0 0 0 23 0 0 0 0 0 0 0 0 0 0 0 0 0 0 8 0 0 0 1 3 0 1 88 9 0 0 0 0 0 0 0 0 0 0 0 10 0 0 0 0 0 0 0 0 0 0 0 0 0 12 16 0 0 0 0 0 0 0 0 0 0 0 0 
 57 171 162 0 270 284 166 127 314 262 255 369 146 97 59 36 36 349 106 94 0 0 0 3 2 0 27 0 2 0 88 0 81 2 149 2 1 1 23 0 0 0 0 0 0 6 3 0 0 0 0 0 0 0 2 3 0 0 0 3 2 0 0 3 0 3 0 0 0 0 0 0 0 3 0 0 0 0 0 0 15 0 0 64 29 19 0 15 0 0 16 5 0 0 0 18 15 0 0 0 35 37 1 0 44 0 30 0 0 0 0 0 11 15 0 1 22 0 36 27 0 0 0 0 0 0 0 0 0 21 0 0 0 0 0 0 0 0 0 0 0 0 2 0 12 0 0 0 0 0 0 1 0 0 0 0 2 0 0 0 0 17 0 13 0 33 0 9 13 11 13 12 0 0 46 0 0 11 0 0 9 9 1 0 13 0 0 26 19 0 0 0 31 3 0 1 0 0 13 21 0 15 0 0 0 0 0 0 14 16 0 0 0 0 0 0 0 0 0 0 0 2 0 0 0 0 1 0 0 0 0 0 0 0 0 0 0 0 0 0 0 15 0 0 0 0 3 0 2 89 2 6 0 0 0 0 0 0 0 0 0 0 7 0 0 0 0 0 0 1 0 0 0 0 0 0 0 0 0 0 0 0 0 0 0 0 0 0 0 0 
 50 48 339 270 0 74 51 68 98 69 207 211 49 59 381 54 55 162 92 124 19 1 2 4 0 0 74 0 86 0 3 0 0 73 32 212 0 0 0 77 0 0 0 0 1 5 2 0 0 0 4 0 2 0 4 3 0 0 0 2 2 0 0 3 0 3 0 0 0 0 0 0 0 2 0 0 0 0 0 4 0 0 0 0 11 31 2 0 0 0 1 39 0 0 0 1 21 7 0 0 47 19 10 0 0 0 0 16 2 11 0 0 9 7 8 0 0 9 63 12 0 0 0 0 17 0 0 0 0 0 0 1 0 0 0 0 1 0 0 0 0 0 15 0 5 0 0 0 0 0 0 0 0 1 0 0 0 0 0 0 0 32 0 0 1 25 2 4 1 1 1 13 0 0 18 2 0 14 0 0 14 15 13 0 0 0 9 16 38 0 11 0 2 14 43 11 0 19 14 14 0 0 0 0 0 0 0 0 0 0 0 0 0 0 0 0 0 0 0 0 0 0 1 0 0 0 0 0 0 0 0 0 0 0 0 0 0 2 0 0 0 0 0 0 0 0 1 2 48 0 0 6 0 0 0 0 0 0 0 0 0 0 7 0 0 0 8 0 0 0 0 0 0 0 0 21 0 0 0 0 0 0 0 0 0 0 0 0 0 2 
 122 257 184 284 74 0 267 46 144 369 122 233 18 141 56 123 65 124 58 94 8 0 0 2 2 0 0 0 74 2 3 2 186 75 32 4 0 0 149 0 2 2 7 4 1 0 2 2 1 0 0 4 3 4 0 5 0 0 0 2 2 0 4 3 6 3 0 0 0 0 0 4 4 2 0 0 6 4 0 1 0 11 0 24 44 17 0 0 33 10 13 20 12 0 41 29 0 10 0 0 0 24 0 0 1 0 49 0 0 10 0 0 40 19 0 24 21 0 0 19 0 0 0 19 0 0 0 0 0 0 0 1 0 0 0 0 0 0 0 0 0 0 0 0 0 0 0 2 0 0 0 0 0 1 0 0 0 0 0 0 0 2 2 1 19 16 0 0 23 5 1 0 0 0 0 0 7 11 0 0 45 2 2 0 0 0 16 0 0 2 0 0 97 31 21 0 0 0 42 18 0 14 9 0 0 0 0 0 0 10 2 0 0 0 0 0 0 0 0 0 0 0 0 0 0 0 0 0 0 0 0 0 0 0 0 0 2 0 0 0 0 12 0 0 0 0 90 6 2 1 0 2 6 0 0 0 0 0 0 2 0 0 6 0 0 0 0 0 0 0 0 0 2 0 0 0 0 15 0 0 0 0 0 0 0 0 0 0 0 0 
 155 170 55 166 51 267 0 253 111 29 137 29 209 376 132 90 207 39 123 323 0 0 0 3 1 3 0 0 0 0 2 0 0 3 2 3 0 3 0 3 0 0 0 3 0 3 6 0 0 0 0 0 2 0 0 3 64 0 0 3 2 0 0 2 3 3 0 0 0 0 0 0 4 3 0 2 0 2 3 0 29 0 22 6 0 0 42 23 17 20 18 14 0 15 15 0 0 23 0 9 7 0 0 0 10 0 0 6 0 0 0 0 0 0 2 0 0 0 0 25 0 0 0 9 0 0 0 0 0 0 0 0 0 0 0 0 0 0 0 0 0 0 0 0 0 13 0 0 0 0 0 7 0 0 2 0 0 0 0 0 19 20 15 63 8 0 0 19 9 21 18 31 0 13 18 42 41 10 1 9 0 0 0 1 0 0 1 0 0 0 0 0 0 2 0 0 0 0 0 0 0 0 2 0 0 0 0 0 2 2 0 0 0 0 0 0 2 0 0 0 0 0 0 0 0 0 0 0 0 0 0 0 1 0 0 0 0 0 0 0 0 0 0 0 0 0 0 0 0 50 0 5 0 0 0 0 0 0 0 0 0 0 0 0 0 0 0 0 0 0 0 0 0 0 0 1 0 0 0 0 0 0 0 0 0 0 0 0 0 0 
 72 318 98 127 68 46 253 0 299 130 157 40 178 102 227 132 105 41 110 107 0 0 1 2 2 1 0 0 2 0 3 0 75 0 0 2 0 0 0 0 0 0 0 0 1 0 2 0 0 0 0 0 0 0 0 3 0 0 0 2 2 0 0 3 0 3 0 0 0 0 0 0 0 1 0 0 0 0 0 0 16 13 9 0 0 0 2 19 28 0 44 14 30 11 11 14 33 14 10 7 0 0 0 0 0 0 0 6 2 0 0 0 11 0 0 0 0 0 0 0 0 0 0 0 0 0 0 0 0 0 0 0 25 0 0 1 0 0 0 0 0 0 0 0 0 0 0 21 0 0 0 0 0 0 0 0 0 14 0 0 23 27 15 10 0 0 33 0 22 19 7 10 0 0 0 15 8 0 15 7 0 0 0 0 0 0 0 0 0 0 0 0 16 0 0 0 0 0 0 0 0 0 0 0 0 0 0 0 0 8 0 0 0 0 0 0 0 0 0 0 0 0 1 0 0 0 12 0 0 0 0 1 0 0 0 0 0 1 0 0 0 0 0 0 0 2 0 0 2 0 2 3 0 0 0 0 0 0 0 0 1 0 0 0 0 0 0 0 0 0 0 0 0 0 0 14 1 0 0 0 0 0 0 0 0 0 0 0 0 0 
 343 153 207 314 98 144 111 299 0 243 147 121 211 175 290 208 58 94 308 166 0 0 0 3 1 2 0 0 0 0 3 0 72 0 0 1 0 0 85 0 0 0 0 0 1 0 2 0 0 0 0 0 2 0 0 3 0 0 0 2 2 0 0 3 0 3 0 0 2 0 0 0 0 1 0 0 0 0 0 0 0 10 0 15 0 0 6 9 1 42 4 28 16 31 0 0 1 17 0 0 8 0 0 0 17 0 21 8 2 0 0 0 16 0 0 0 0 0 0 24 0 0 0 0 0 0 1 0 0 0 0 0 0 0 0 1 0 0 0 0 0 0 0 0 1 14 0 0 0 0 0 10 0 0 0 0 0 0 0 0 22 26 19 25 24 0 2 57 0 51 10 0 1 16 3 12 13 0 12 17 0 1 0 0 0 0 0 0 0 0 0 0 12 0 0 0 0 0 0 7 0 0 2 18 0 0 0 0 0 0 0 0 0 0 0 0 0 0 0 0 0 0 0 0 0 0 0 0 0 0 0 1 0 0 9 0 0 0 1 0 0 0 0 0 0 2 0 0 1 3 9 4 0 0 0 0 0 0 0 0 0 0 0 0 0 0 0 0 0 0 0 0 0 0 0 0 27 0 0 0 0 0 0 0 0 1 0 0 0 0 
 126 129 317 262 69 369 29 130 243 0 281 132 366 85 185 261 39 115 99 341 0 0 0 3 1 0 0 0 1 0 3 23 150 0 0 2 0 0 0 0 0 0 0 0 0 1 3 0 0 0 0 36 1 0 0 3 0 0 0 3 2 0 6 3 0 3 0 0 0 0 0 0 0 3 0 0 0 0 0 0 0 17 3 18 17 36 0 0 18 0 11 13 13 9 14 25 13 41 0 0 2 41 0 0 0 0 19 14 0 0 11 0 30 3 1 0 4 0 17 0 0 0 0 0 0 0 0 0 0 0 0 0 0 0 0 0 0 0 0 5 0 0 0 0 0 0 0 0 0 0 0 0 0 3 1 0 0 0 0 0 6 13 13 13 25 17 0 13 14 0 13 2 0 14 0 13 9 10 0 12 9 0 0 0 0 0 14 0 0 0 0 0 10 11 0 0 0 1 38 9 0 10 20 0 0 0 0 0 10 20 0 0 0 0 0 0 0 0 0 0 0 0 0 0 0 0 0 0 2 0 0 0 2 0 0 0 0 0 0 0 0 6 0 0 0 2 185 0 0 3 8 5 11 0 0 0 0 0 0 0 0 0 31 0 0 0 0 0 0 0 0 0 0 0 0 0 9 20 0 0 0 0 0 0 0 0 0 0 0 11 
 148 32 376 255 207 122 137 157 147 281 0 143 36 71 137 175 101 323 143 163 31 0 0 7 2 5 0 0 0 2 5 0 1 86 0 4 3 0 76 7 4 6 6 3 0 7 3 0 0 2 0 5 5 7 8 5 1 2 0 3 2 2 0 7 1 4 0 2 0 2 1 2 5 8 1 2 3 4 0 5 2 0 0 13 11 21 0 33 0 16 0 17 2 13 0 0 16 7 0 2 10 19 0 0 0 0 1 33 0 10 0 2 30 11 0 0 0 9 53 23 0 0 0 0 0 13 0 0 0 2 0 0 0 0 0 0 0 2 0 0 0 0 0 0 0 0 0 0 0 0 0 0 0 0 0 0 0 0 0 2 0 26 0 5 33 14 20 17 0 3 42 0 0 0 17 7 0 13 0 0 20 11 16 0 0 0 0 0 12 0 0 0 7 13 11 9 0 0 38 12 0 0 0 0 0 0 2 0 0 0 0 0 0 0 0 0 0 0 0 0 0 0 0 0 0 0 0 0 0 0 0 0 0 0 0 0 0 0 0 0 0 1 0 0 1 3 0 1 91 0 1 4 0 0 0 0 0 0 0 0 0 0 7 0 0 0 2 0 0 0 0 10 0 0 0 10 2 0 0 0 0 0 0 0 0 0 0 0 0 0 
 115 407 332 369 211 233 29 40 121 132 143 0 37 125 41 31 197 147 39 34 148 78 2 4 0 0 3 0 75 0 2 0 37 0 0 2 0 1 0 0 0 0 0 0 0 0 3 0 0 0 0 0 3 0 0 3 0 0 0 3 2 0 49 2 0 3 0 0 0 0 0 0 0 3 0 0 0 0 0 0 20 0 2 0 10 26 0 16 5 4 0 11 0 0 20 16 0 17 0 0 17 13 0 0 10 0 15 20 0 0 0 0 15 0 0 10 9 21 23 42 0 0 0 0 0 0 0 0 0 0 0 0 0 0 0 0 8 0 0 0 0 0 0 0 0 0 0 0 0 0 0 0 0 0 0 0 0 0 0 0 0 6 0 31 0 27 4 25 2 11 0 17 0 0 27 21 20 21 5 0 13 17 0 0 0 0 1 11 0 0 9 15 26 0 10 0 0 0 10 28 0 17 18 0 0 0 0 0 2 0 0 0 0 0 0 0 0 0 0 0 0 0 0 0 0 0 0 0 0 0 0 0 0 0 0 0 0 0 0 0 0 7 0 0 0 3 92 0 90 49 0 3 0 0 0 0 0 0 0 0 0 0 0 0 0 0 0 0 0 0 0 0 30 0 0 0 11 12 0 0 0 0 0 0 0 0 0 0 0 0 
 185 367 448 146 49 18 209 178 211 366 36 37 0 393 129 138 437 55 177 538 0 0 0 5 2 0 0 0 0 0 36 0 0 0 0 203 0 0 0 0 0 0 0 0 0 0 3 0 0 0 0 0 0 0 0 3 0 0 0 3 2 0 0 3 0 3 0 4 0 0 0 0 0 3 0 0 0 0 0 0 14 7 2 19 0 0 50 10 14 17 32 16 7 44 0 0 34 33 5 4 0 0 0 0 0 0 0 0 0 0 1 0 0 0 0 0 0 0 0 0 0 0 0 0 0 0 0 0 0 48 2 0 0 0 1 13 0 0 0 0 0 2 0 0 0 10 0 0 0 0 0 10 0 0 0 0 0 0 0 0 51 43 15 0 0 0 22 13 0 25 5 24 0 47 0 33 17 0 20 30 0 0 0 0 0 0 0 0 0 0 0 0 0 0 2 0 0 0 0 0 0 0 0 0 0 0 0 0 0 0 0 0 0 0 0 0 0 0 0 0 0 0 0 0 0 0 0 0 0 0 0 0 0 0 0 0 0 0 0 0 0 0 0 0 0 1 2 2 2 0 10 4 0 0 0 0 0 0 0 0 0 0 0 0 0 0 0 0 0 0 0 0 0 0 0 10 22 0 0 0 0 0 0 0 0 0 0 0 0 0 
 142 390 374 97 59 141 376 102 175 85 71 125 393 0 175 128 412 113 455 319 0 3 0 3 1 2 0 0 0 2 2 0 2 0 0 0 0 92 0 0 0 0 0 0 0 0 3 0 0 0 0 0 0 0 0 3 0 1 0 5 6 0 0 54 0 3 0 0 0 0 0 2 0 4 0 0 1 0 0 0 26 0 12 20 0 9 24 30 25 28 20 21 2 8 29 5 11 19 0 15 22 0 0 0 0 0 0 0 0 0 1 0 0 2 0 0 0 0 0 0 0 0 1 0 0 0 0 0 6 0 0 0 0 0 0 0 0 0 0 0 14 0 0 0 0 11 0 0 10 1 0 5 0 0 0 0 0 0 0 0 61 55 17 2 0 8 10 0 20 0 0 24 8 0 36 18 20 29 0 0 0 0 0 0 0 0 1 0 0 0 0 0 0 0 0 0 0 0 0 0 2 0 18 0 0 0 0 2 49 0 0 0 0 0 0 0 0 0 0 0 0 0 0 2 0 0 0 0 0 0 0 0 0 0 0 0 3 0 0 0 0 0 10 0 0 2 93 1 4 89 2 0 0 0 0 0 0 0 0 0 0 0 0 0 0 2 0 0 0 0 0 0 0 2 0 0 0 10 0 0 0 0 0 0 0 0 0 0 0 0 
 140 363 178 59 381 56 132 227 290 185 137 41 129 175 0 80 85 117 278 458 0 0 0 3 2 0 0 2 0 0 2 0 0 0 0 0 0 0 0 0 2 0 0 0 0 11 3 0 0 0 0 0 1 0 3 3 0 0 0 3 2 0 0 2 0 3 0 0 0 2 0 5 0 3 0 0 0 0 0 0 12 22 17 0 0 0 11 8 21 1 38 4 25 42 18 38 64 13 5 2 0 0 0 0 0 0 0 0 0 0 0 2 0 0 0 0 0 0 13 0 0 0 0 0 0 1 0 1 0 13 0 0 0 0 0 0 0 2 0 0 0 0 0 0 0 0 0 0 0 2 0 0 0 0 0 0 0 1 0 2 18 53 5 18 8 0 21 0 24 24 11 17 12 15 9 54 16 24 0 0 0 0 1 0 0 0 0 0 0 0 0 0 0 0 0 0 0 0 0 0 0 0 0 0 0 0 2 0 0 0 0 0 0 0 0 0 0 0 0 0 0 0 0 0 0 0 0 0 0 0 0 0 0 0 0 0 0 0 0 0 0 0 0 0 1 1 0 0 3 5 13 3 0 0 2 0 0 0 0 0 0 0 20 0 0 0 0 0 0 0 0 0 0 0 0 10 16 0 0 0 0 0 0 0 0 0 0 0 0 0 
 343 65 142 36 54 123 90 132 208 261 175 31 138 128 80 0 65 214 247 177 29 0 0 3 2 0 0 0 4 0 40 0 34 0 0 0 0 0 73 0 0 0 0 0 0 0 3 0 0 0 0 0 2 11 0 3 0 0 0 3 2 0 4 3 0 3 0 0 0 0 0 0 0 3 0 0 0 0 0 0 0 38 18 9 12 12 0 45 18 76 14 25 52 35 8 8 23 34 0 0 0 13 0 1 0 0 13 1 0 0 0 0 20 16 0 1 0 1 0 2 0 0 0 0 0 0 0 0 0 0 0 0 0 0 0 0 0 0 0 0 0 0 0 0 0 14 0 0 2 0 0 10 0 0 0 0 0 0 0 0 22 16 52 24 33 0 0 9 10 12 9 14 0 0 0 22 26 0 0 2 0 0 0 0 1 0 9 0 0 0 0 0 0 19 0 0 0 0 0 0 0 0 1 0 0 0 0 0 0 0 11 0 0 1 0 0 0 0 0 0 2 0 0 0 0 11 0 1 0 0 0 0 0 0 0 2 0 0 0 0 0 0 0 0 0 0 1 2 0 85 7 1 8 0 0 0 0 0 0 0 0 0 0 0 0 0 0 0 0 0 0 0 0 0 0 0 15 0 0 0 0 0 0 0 0 0 0 0 0 9 
 422 40 164 36 55 65 207 105 58 39 101 197 437 412 85 65 0 176 116 127 0 0 2 3 2 6 1 0 0 4 5 1 0 0 0 1 0 4 1 6 1 0 3 0 0 2 3 0 0 52 0 3 4 3 0 3 0 0 0 3 2 0 0 2 0 3 0 0 0 50 0 6 0 3 3 0 0 0 3 2 12 27 23 0 0 0 0 9 7 28 12 67 15 22 78 47 44 6 0 11 0 0 0 0 0 1 0 16 0 0 0 0 0 0 0 0 0 0 1 0 0 0 0 0 0 0 0 0 0 0 0 0 0 0 0 0 0 0 0 0 0 7 0 0 0 14 0 0 0 0 0 11 0 0 24 0 0 0 0 0 16 20 19 9 10 25 0 0 14 10 10 0 12 0 0 15 14 17 0 0 0 0 0 0 0 0 0 0 0 0 0 0 0 0 0 0 15 0 0 0 0 0 1 0 0 0 0 0 0 0 0 0 0 0 0 0 0 0 0 0 0 0 0 0 0 0 0 0 0 0 0 0 0 0 0 0 0 0 0 0 0 0 0 0 0 0 0 1 1 0 1 0 0 0 0 0 0 0 0 0 0 0 0 0 0 0 0 0 0 0 0 0 0 0 0 0 0 0 0 0 0 0 0 0 0 0 0 0 0 0 
 120 224 119 349 162 124 39 41 94 115 323 147 55 113 117 214 176 0 72 54 0 0 0 4 2 0 0 0 0 0 2 0 0 0 1 1 0 0 0 0 0 0 0 0 0 4 3 0 0 0 0 0 2 0 7 59 0 0 0 3 2 0 0 3 0 3 0 0 0 0 0 7 0 3 0 0 0 0 0 0 2 28 17 0 14 21 0 56 4 29 4 40 27 11 11 0 38 0 0 1 22 0 0 0 0 0 2 14 15 0 0 1 53 0 0 0 0 0 40 1 0 0 0 0 0 0 0 2 0 1 0 0 0 0 0 0 0 0 0 0 0 0 0 0 0 0 0 0 0 0 0 0 0 0 0 0 0 21 0 1 0 11 0 7 82 19 0 18 17 37 23 9 15 0 10 32 16 35 0 0 0 0 0 0 0 0 0 0 10 10 0 0 0 0 0 0 0 0 15 6 0 0 0 0 0 0 1 21 0 0 0 0 0 0 0 0 0 0 0 0 0 0 0 0 0 0 0 15 0 0 0 0 0 0 0 0 0 0 0 0 0 2 0 0 2 2 4 0 2 86 0 2 0 0 0 0 0 0 0 0 0 0 0 0 0 0 0 0 0 0 0 0 0 0 0 0 0 0 0 0 0 0 0 0 0 0 0 0 0 0 
 234 342 136 106 92 58 123 110 308 99 143 39 177 455 278 247 116 72 0 239 2 0 0 7 5 1 2 0 0 0 4 0 0 0 0 0 0 0 0 2 0 0 0 0 0 0 3 0 0 0 0 0 2 2 15 6 0 0 0 3 2 0 1 3 0 3 0 0 0 0 0 3 0 3 0 0 0 0 3 0 34 16 56 1 0 0 19 2 8 1 28 0 0 38 12 8 26 1 21 21 0 0 0 0 0 0 0 0 0 0 0 0 0 0 1 12 0 0 0 0 0 0 0 0 0 0 0 0 0 0 0 0 0 0 0 0 0 0 0 0 0 0 0 0 0 0 0 0 0 0 0 0 0 0 1 0 0 0 0 0 36 4 10 2 0 0 45 0 23 15 0 17 10 13 1 14 14 10 0 23 0 0 0 2 0 0 0 0 0 0 0 0 0 0 0 0 0 1 0 0 0 0 1 0 0 0 0 0 14 1 3 0 0 0 0 0 0 0 0 0 0 0 14 0 0 0 0 0 2 0 0 0 2 0 0 0 0 0 0 0 0 0 0 0 0 2 0 0 1 3 0 5 0 0 0 0 0 0 0 0 0 0 0 0 0 0 0 0 0 0 0 0 0 0 0 13 0 0 0 0 0 0 0 0 0 0 0 0 0 0 
 134 147 68 94 124 94 323 107 166 341 163 34 538 319 458 177 127 54 239 0 2 0 2 5 2 0 3 0 2 0 4 0 5 2 2 0 0 2 1 0 0 0 0 0 7 0 3 0 0 30 5 0 1 0 2 3 0 0 5 3 6 0 0 4 0 3 0 5 0 0 0 0 0 3 0 0 5 0 0 0 27 20 0 20 0 0 76 11 11 21 25 20 0 34 0 0 18 9 6 69 0 0 0 0 0 0 0 0 0 0 0 0 0 0 0 0 0 0 0 0 0 0 0 0 0 0 0 0 0 0 0 0 0 0 3 0 0 0 0 0 0 0 0 0 0 27 0 0 0 0 0 4 0 0 0 0 0 0 0 0 44 0 26 8 0 0 19 14 0 25 2 20 14 13 15 0 7 0 23 14 0 0 0 2 0 0 0 0 0 1 0 0 0 0 0 0 0 0 0 0 0 0 0 0 0 0 0 0 0 0 0 0 0 0 0 0 0 0 1 0 0 0 0 0 0 0 18 8 0 0 0 0 0 0 2 0 0 0 0 0 0 0 0 0 0 0 2 0 0 2 0 2 0 0 0 0 0 0 0 0 0 0 0 0 0 0 0 0 0 0 0 0 0 0 0 13 0 0 0 0 0 0 0 0 0 0 0 0 0 0 
 0 2 0 0 19 8 0 0 0 0 31 148 0 0 0 29 0 0 2 2 0 115 97 98 109 70 375 270 30 44 29 36 201 293 546 202 40 91 34 41 3 0 0 0 3 0 0 0 3 0 3 0 4 3 3 0 0 0 3 0 0 4 0 5 0 0 0 0 2 0 0 0 3 0 6 0 2 1 0 3 0 0 0 0 7 18 0 0 0 49 0 0 0 0 0 0 0 6 0 0 12 0 11 5 0 19 5 0 25 10 10 2 29 13 10 38 18 48 9 21 16 0 0 0 0 0 0 0 0 0 0 0 1 0 0 0 0 0 0 0 1 0 0 0 0 0 3 0 0 0 0 0 4 0 0 0 0 0 0 0 0 0 0 0 0 14 6 4 0 0 0 0 0 0 5 0 0 0 0 0 65 17 8 26 14 11 24 16 1 30 0 45 13 0 26 74 16 22 21 29 0 0 0 0 0 0 0 0 0 0 0 0 1 0 0 0 0 0 8 0 0 0 0 0 0 0 0 0 0 0 0 0 0 0 0 0 0 0 0 0 0 0 0 0 0 0 72 0 0 0 0 0 0 0 10 2 0 2 0 0 4 0 0 0 0 0 0 0 0 0 0 0 0 0 0 0 0 0 0 0 0 9 0 0 0 0 0 0 0 0 
 2 0 0 0 1 0 0 0 0 0 0 78 0 3 0 0 0 0 0 0 115 0 227 295 111 77 166 391 159 46 184 189 346 105 60 254 265 206 107 115 0 1 3 0 3 2 2 205 208 0 3 1 5 4 3 0 0 0 3 0 0 7 50 3 2 0 1 0 3 0 0 0 5 0 11 2 0 3 2 3 0 0 0 0 2 6 0 0 0 0 0 0 0 0 0 0 0 0 0 0 11 12 11 13 0 14 0 55 19 84 39 16 9 9 16 15 23 0 0 17 0 0 0 0 0 0 0 7 0 0 0 0 7 0 0 12 0 0 8 24 0 0 4 8 0 0 0 0 0 0 0 0 4 0 0 0 0 0 0 0 0 0 0 0 0 0 0 0 0 0 0 0 0 0 0 0 0 0 3 0 2 0 0 1 10 33 7 7 0 14 25 9 9 12 11 9 56 3 0 0 0 15 0 0 0 0 26 0 0 0 0 0 7 15 0 0 0 0 0 0 1 0 0 0 0 0 0 0 0 0 0 4 0 0 0 0 0 0 0 0 0 0 0 0 0 0 0 0 0 0 0 0 0 0 18 2 1 81 78 0 4 0 0 0 0 0 0 0 0 0 0 0 0 0 0 0 0 0 0 0 0 7 0 0 0 0 0 0 0 0 
 0 0 3 0 2 0 0 1 0 0 0 2 0 0 0 0 2 0 0 2 97 227 0 258 212 45 141 294 195 132 127 70 86 70 59 105 152 43 110 192 0 0 0 0 3 0 65 0 50 0 3 3 46 3 3 2 0 2 33 1 1 6 0 3 2 0 0 0 2 7 2 1 28 53 9 0 0 1 0 3 0 0 0 0 0 0 1 0 0 0 0 0 0 0 0 0 0 0 0 0 0 45 1 16 26 44 0 20 38 15 19 1 0 6 39 6 13 0 0 19 14 0 0 0 11 2 14 18 0 0 0 0 16 8 0 0 0 0 12 73 0 0 12 2 0 0 0 0 0 0 0 0 0 0 0 0 0 0 0 0 0 0 0 0 0 0 1 0 0 0 0 0 0 0 0 0 0 0 0 0 10 0 16 0 2 8 9 0 26 1 14 5 4 15 0 0 1 19 14 0 12 22 0 0 0 0 20 0 0 0 0 0 37 14 0 23 0 0 0 0 2 0 0 0 1 0 0 0 0 0 0 0 0 0 0 0 0 0 0 0 0 0 0 0 0 0 0 0 0 0 0 0 0 0 26 0 0 0 1 0 2 0 0 0 0 0 0 0 0 0 0 0 0 0 0 0 0 0 0 7 0 0 0 0 0 32 0 0 0 0 
 2 3 3 3 4 2 3 2 3 3 7 4 5 3 3 3 3 4 7 5 98 295 258 0 117 242 219 219 269 154 298 108 366 68 57 280 49 203 65 138 127 0 0 0 3 0 0 0 3 0 3 0 6 3 3 0 0 0 86 64 0 0 0 2 0 0 0 0 1 0 0 0 83 0 3 38 0 2 0 3 0 0 0 0 0 2 0 0 1 0 0 0 0 0 0 0 0 0 0 0 19 0 1 56 2 21 0 0 23 0 0 14 0 0 53 19 0 12 0 0 0 23 0 0 0 0 11 0 0 0 0 0 24 17 8 0 0 0 48 9 0 0 0 0 0 0 0 0 0 0 0 0 0 0 0 0 7 0 0 0 0 0 0 0 0 0 0 0 0 0 0 0 2 0 0 0 0 0 0 0 60 0 11 2 19 8 20 13 0 85 42 71 3 0 0 31 27 38 0 0 31 11 0 0 0 0 10 18 0 0 2 0 0 7 6 2 0 0 14 17 0 0 0 0 0 1 0 0 0 0 0 13 0 0 0 0 0 0 0 0 0 0 0 0 0 2 0 0 0 0 0 0 0 0 18 0 0 51 0 0 2 3 0 0 0 0 1 0 0 0 0 0 0 0 0 0 0 0 0 0 0 0 0 0 0 0 0 0 0 0 
 2 3 2 2 0 2 1 2 1 1 2 0 2 1 2 2 2 2 5 2 109 111 212 117 0 51 60 244 342 109 95 145 130 78 87 106 51 102 61 79 148 0 0 0 5 0 24 0 3 1 3 1 6 65 65 66 0 65 4 0 2 4 0 1 0 0 1 0 2 0 0 0 6 0 9 4 0 1 6 4 0 0 0 0 0 0 0 0 0 0 0 0 0 0 0 0 0 0 0 0 0 0 0 50 2 19 0 0 37 11 4 0 0 0 18 0 69 10 0 0 0 0 0 14 0 20 15 3 0 17 0 0 26 27 10 8 1 0 24 36 2 0 0 0 0 0 0 0 0 11 0 0 0 0 0 0 0 2 4 0 0 0 0 0 0 0 0 0 0 0 0 0 0 0 1 0 0 0 0 0 0 0 0 2 0 0 0 0 0 13 17 1 0 0 0 0 19 28 0 0 0 2 0 0 0 0 20 39 0 11 10 7 21 1 14 16 10 0 0 0 0 2 0 0 0 0 0 0 0 0 0 0 0 0 0 0 1 0 0 0 0 0 0 0 0 0 0 0 0 1 0 0 0 0 7 0 0 3 0 0 0 0 0 0 0 0 0 0 0 0 13 0 0 0 0 0 0 20 0 0 0 0 0 0 0 0 0 10 0 0 
 1 0 0 0 0 0 3 1 2 0 5 0 0 2 0 0 6 0 1 0 70 77 45 242 51 0 39 110 64 64 99 140 63 303 49 91 145 73 57 350 64 0 54 2 3 2 21 5 4 0 3 10 4 6 3 3 54 0 65 124 0 0 0 0 0 1 0 0 3 60 0 0 4 0 3 0 0 98 0 3 0 0 0 0 0 0 0 0 0 0 0 0 0 0 0 0 0 0 0 0 0 13 41 23 0 19 0 0 90 0 14 18 0 0 0 0 16 0 0 0 22 0 43 0 0 0 45 44 0 2 0 12 28 16 25 0 0 5 0 1 0 0 0 1 0 0 0 0 0 0 0 0 2 0 1 0 0 0 0 0 0 0 0 0 18 0 0 0 0 0 0 0 0 0 0 0 10 0 0 0 0 12 0 15 20 44 0 47 0 13 9 1 0 0 0 0 0 0 0 0 14 20 0 0 0 0 66 17 0 1 21 0 0 21 0 13 0 18 13 0 0 0 0 0 0 0 0 0 0 0 0 0 0 0 0 0 0 0 0 0 0 0 1 0 0 0 0 0 0 0 0 0 28 0 11 5 1 95 6 0 0 0 0 0 0 0 0 0 0 0 0 0 0 0 0 0 0 0 0 0 0 9 0 0 0 2 10 0 0 0 
 0 0 25 27 74 0 0 0 0 0 0 3 0 0 0 0 1 0 2 3 375 166 141 219 60 39 0 92 70 27 40 107 164 59 332 92 32 223 121 214 0 1 0 0 3 56 0 0 3 0 3 0 5 5 3 0 0 0 3 0 0 0 0 1 0 0 0 0 2 0 0 0 3 0 4 0 0 3 0 3 0 18 0 17 3 5 0 0 0 0 0 0 0 0 0 0 0 0 0 0 27 63 0 41 0 0 18 0 24 0 11 9 7 15 2 31 0 24 2 11 0 0 0 0 0 0 0 0 0 0 0 0 0 0 0 0 0 0 1 0 0 0 1 0 4 0 0 0 0 0 0 0 0 0 0 0 0 0 0 0 0 0 0 0 0 0 0 0 0 0 0 16 0 0 15 0 0 0 17 0 54 0 26 12 11 24 18 52 11 22 0 60 0 21 22 8 7 37 17 11 0 0 0 0 0 0 0 0 0 0 0 0 0 21 0 0 0 0 7 0 0 0 0 0 0 0 0 0 0 0 0 0 0 0 0 0 0 0 0 0 0 0 0 0 0 0 0 0 0 0 0 0 0 0 8 0 1 79 77 2 3 2 0 0 0 0 0 0 0 0 0 0 0 0 0 0 0 0 0 0 0 16 0 0 0 0 0 0 0 0 
 0 0 0 0 0 0 0 0 0 0 0 0 0 0 2 0 0 0 0 0 270 391 294 219 244 110 92 0 169 47 44 178 363 219 50 154 101 169 33 106 0 0 0 0 3 0 0 0 64 0 3 0 4 3 3 73 0 0 3 0 0 6 0 0 0 0 0 0 3 0 0 0 3 0 10 0 0 4 4 3 0 0 0 0 0 0 0 0 0 0 0 2 0 0 0 0 0 0 0 0 0 14 17 40 10 5 0 1 25 31 28 24 0 0 20 0 17 36 0 0 2 0 0 20 0 0 0 0 0 0 0 0 0 0 0 0 0 0 8 33 0 0 0 0 0 0 0 0 0 0 0 0 0 0 0 0 0 0 0 0 0 0 0 0 0 0 0 0 0 0 0 0 0 0 0 2 0 0 0 0 20 0 24 16 0 21 10 0 2 22 28 3 0 0 0 21 17 57 0 0 0 3 0 0 0 0 58 0 0 0 0 0 42 0 20 0 0 0 16 1 0 0 0 0 0 0 0 0 0 0 0 0 0 0 0 0 0 0 0 0 0 0 0 0 0 0 0 0 0 0 0 0 0 0 6 0 0 78 0 0 0 10 0 0 0 0 0 0 0 0 0 0 0 0 0 0 0 0 0 0 0 4 0 0 0 0 0 0 0 0 
 0 0 2 2 86 74 0 2 0 1 0 75 0 0 0 4 0 0 0 2 30 159 195 269 342 64 70 169 0 76 249 86 290 307 336 195 261 273 76 74 0 3 5 0 53 9 6 2 3 0 3 0 1 3 3 0 0 84 3 3 0 26 0 2 2 25 1 0 1 0 0 0 5 0 65 2 0 5 2 3 0 0 12 1 12 0 0 1 0 4 0 0 0 0 0 0 0 0 0 0 12 14 1 15 20 12 21 13 33 49 24 0 0 23 26 19 22 1 4 0 0 0 0 1 9 0 18 7 0 0 0 0 7 2 0 0 0 0 26 23 0 0 7 0 0 0 0 0 5 0 0 0 0 0 0 38 0 0 0 0 0 0 2 0 0 0 0 0 0 0 0 1 0 0 0 0 0 0 0 0 10 16 1 13 12 7 13 13 19 84 13 9 12 11 8 14 8 17 0 8 0 51 2 0 0 0 15 0 0 0 0 0 32 12 0 0 0 0 0 0 0 0 1 0 0 0 0 0 0 0 1 5 0 0 0 0 0 0 0 0 0 0 0 0 0 0 0 0 0 0 0 0 0 0 7 0 0 0 0 2 0 0 0 0 0 0 0 0 0 0 0 0 0 0 0 0 0 0 0 0 0 0 0 0 0 0 0 0 0 0 
 0 0 0 0 0 2 0 0 0 0 2 0 0 2 0 0 4 0 0 0 44 46 132 154 109 64 27 47 76 0 298 226 228 232 149 377 715 112 75 181 163 0 0 0 3 0 54 0 3 0 3 0 128 3 3 0 0 0 70 72 0 0 0 0 0 1 0 0 3 0 0 0 3 0 3 0 0 0 0 3 0 0 0 0 0 0 0 0 0 0 0 0 0 0 20 0 1 0 0 0 0 0 18 46 17 17 0 9 0 17 1 42 0 0 1 16 0 26 0 0 13 0 0 2 0 0 28 35 0 0 0 0 9 10 29 0 0 0 36 18 5 0 0 0 1 0 0 0 0 0 0 0 0 0 0 0 0 10 0 0 0 0 0 0 0 0 0 0 0 0 0 0 0 0 0 0 0 1 0 0 0 18 23 29 21 9 0 10 1 10 12 11 0 1 2 33 0 0 2 0 42 38 0 0 0 0 9 35 0 11 1 2 29 10 10 10 0 1 19 51 0 0 0 0 0 0 0 0 0 0 0 0 0 0 0 0 0 0 1 0 0 0 13 0 0 0 0 0 0 0 0 0 0 0 10 2 3 3 1 0 14 11 0 0 0 0 0 0 0 0 0 0 0 0 0 0 0 0 0 4 0 0 0 0 0 13 10 0 0 0 
 5 2 2 88 3 3 2 3 3 3 5 2 36 2 2 40 5 2 4 4 29 184 127 298 95 99 40 44 249 298 0 33 127 31 69 96 274 196 61 144 125 0 0 0 3 0 68 0 3 0 3 0 21 3 3 0 62 1 99 127 0 0 0 0 0 1 0 0 3 0 0 0 3 0 17 0 0 0 0 3 0 0 0 0 0 0 0 0 0 0 0 0 0 0 0 4 0 0 0 0 0 0 1 0 10 11 0 26 1 19 10 26 0 10 11 11 0 1 0 18 23 0 0 0 0 0 38 23 0 26 0 0 33 37 10 0 0 0 0 8 0 0 4 5 0 0 2 0 0 0 0 0 4 0 0 0 0 0 8 0 0 0 0 0 4 0 0 0 0 0 3 1 0 0 0 0 0 0 0 0 0 20 0 0 0 32 1 3 1 0 0 31 10 9 0 0 20 0 11 0 31 13 0 0 0 0 0 56 0 1 0 0 10 21 0 16 0 0 0 0 0 0 0 0 0 0 0 0 0 0 0 0 0 0 0 0 0 0 0 0 0 0 0 0 0 0 1 0 0 0 0 0 0 0 12 3 1 0 4 0 0 0 0 1 0 0 0 0 0 0 0 0 0 0 0 0 0 0 0 7 0 14 0 0 0 12 8 0 0 0 
 2 0 0 0 0 2 0 0 0 23 0 0 0 0 0 0 1 0 0 0 36 189 70 108 145 140 107 178 86 226 33 0 138 217 124 190 243 157 54 147 1 2 3 3 3 0 0 0 3 0 3 4 4 110 3 0 0 61 66 0 0 3 0 0 0 0 2 6 3 0 4 2 5 0 8 0 3 3 0 3 0 0 0 0 0 0 0 0 0 0 0 0 0 0 0 0 0 0 0 0 0 10 8 20 30 11 0 13 10 25 81 3 0 0 44 0 8 15 7 0 0 41 0 0 0 0 25 8 0 0 0 0 9 0 0 0 0 0 35 25 1 0 0 0 0 0 0 0 0 0 0 0 0 1 0 0 0 0 0 0 0 0 0 0 0 0 0 0 0 0 0 0 0 0 0 0 2 0 0 0 19 13 26 28 29 22 14 1 12 25 21 10 0 0 25 8 10 20 0 0 9 23 0 0 0 0 20 0 0 0 0 0 18 27 7 0 0 0 10 9 0 0 0 0 0 0 0 0 0 0 0 0 0 0 0 0 0 0 0 0 0 0 8 0 0 0 0 0 0 0 2 0 0 0 11 0 2 113 1 2 2 0 0 0 0 0 0 0 0 0 0 0 0 0 2 0 0 0 0 0 0 0 0 0 0 0 0 0 0 0 
 2 0 0 81 0 186 0 75 72 150 1 37 0 2 0 34 0 0 0 5 201 346 86 366 130 63 164 363 290 228 127 138 0 114 41 49 32 108 274 117 0 56 0 0 6 0 0 0 3 0 3 0 4 3 3 0 0 0 6 0 1 0 4 3 43 0 0 0 0 0 0 0 3 0 3 0 0 3 0 4 0 0 1 9 11 19 0 0 0 9 7 10 0 0 0 1 2 11 0 0 13 39 2 13 1 0 36 7 7 7 18 7 32 9 48 19 57 26 0 33 0 0 0 0 0 0 0 2 0 0 0 0 0 0 0 0 0 0 0 0 0 0 0 11 0 0 3 0 0 0 0 0 20 0 0 0 0 0 0 0 0 6 1 2 0 18 0 0 0 1 0 0 0 0 0 0 0 0 0 0 12 14 12 38 0 17 32 9 0 0 0 34 22 0 2 0 15 8 10 9 0 14 0 0 0 0 0 0 0 13 0 0 0 0 0 0 0 0 11 0 0 0 0 0 0 0 0 0 0 0 0 0 0 0 0 0 0 0 2 0 0 13 0 0 0 0 38 0 0 0 0 0 5 0 0 0 0 75 0 0 0 0 0 0 0 0 0 0 0 0 0 0 0 0 0 0 7 0 0 0 0 0 0 0 0 0 0 0 0 0 
 2 0 0 2 73 75 3 0 0 0 86 0 0 0 0 0 0 0 0 2 293 105 70 68 78 303 59 219 307 232 31 217 114 0 267 149 114 194 66 84 0 0 0 0 3 0 0 0 3 0 3 0 3 3 3 0 0 0 3 0 0 0 0 3 40 0 0 0 0 0 0 0 3 0 3 0 0 3 0 6 0 0 0 0 23 0 0 0 0 0 0 8 0 0 1 0 0 0 0 0 0 0 35 2 0 11 15 7 22 16 15 0 0 14 0 22 41 0 41 0 8 0 0 0 2 0 0 0 0 0 0 0 0 0 8 2 0 0 0 1 1 1 0 0 0 0 0 0 0 0 0 0 4 0 0 0 0 0 0 0 0 0 2 0 15 13 0 1 0 0 10 0 0 2 0 0 0 0 0 0 0 70 35 34 15 11 0 3 23 118 21 0 0 13 34 38 26 11 27 13 0 0 0 0 0 2 0 0 0 0 0 0 0 0 0 2 2 0 0 0 0 0 0 0 0 0 0 0 0 0 0 1 2 0 0 0 0 0 0 0 0 0 14 0 0 0 0 0 0 0 0 0 0 0 11 1 2 0 1 0 1 2 0 0 0 0 7 0 0 0 0 0 0 0 0 11 0 0 0 0 0 15 0 0 0 0 0 0 0 0 
 0 0 0 149 32 32 2 0 0 0 0 0 0 0 0 0 0 1 0 2 546 60 59 57 87 49 332 50 336 149 69 124 41 267 0 79 113 187 153 318 1 0 0 0 205 0 0 0 0 1 6 0 3 0 3 0 0 0 7 0 2 0 0 2 0 0 0 0 0 0 0 0 0 38 4 4 0 0 0 0 0 0 0 14 14 0 0 0 0 0 0 0 0 0 0 0 0 0 0 0 13 19 28 10 9 17 1 9 2 31 1 3 0 11 18 34 9 16 37 19 8 0 0 0 0 0 1 0 0 0 0 0 3 0 0 0 0 0 5 17 0 0 15 0 5 0 0 0 0 0 0 0 0 1 0 0 0 0 0 0 0 0 0 0 0 0 0 0 1 0 0 13 0 0 0 0 13 0 0 0 17 18 14 28 22 0 10 26 47 25 2 0 19 42 22 0 4 27 0 22 0 0 0 0 0 0 24 1 0 0 0 0 6 0 0 0 0 0 0 0 0 0 0 0 0 0 0 0 0 0 0 0 0 0 0 0 0 0 0 0 0 0 11 0 0 0 0 0 1 0 0 0 1 0 13 0 2 3 1 0 2 0 0 0 0 0 2 0 0 0 0 0 0 0 0 0 0 0 0 0 0 0 0 0 0 0 0 0 0 0 
 2 0 2 2 212 4 3 2 1 2 4 2 203 0 0 0 1 1 0 0 202 254 105 280 106 91 92 154 195 377 96 190 49 149 79 0 81 211 50 512 0 0 0 0 3 2 0 2 5 0 5 2 5 5 3 0 2 2 5 0 0 4 1 1 0 5 0 0 3 0 0 0 3 0 6 0 0 1 0 3 0 0 0 0 0 13 0 0 0 0 0 0 0 0 0 0 0 0 0 0 9 0 14 7 19 24 0 0 13 10 9 12 24 1 0 15 20 52 1 15 9 0 0 0 0 0 0 0 0 0 0 0 0 0 0 2 0 0 14 11 6 0 0 20 0 0 0 0 0 0 1 0 0 0 0 0 0 0 0 0 0 0 2 0 0 0 0 0 0 0 0 0 0 0 0 0 0 0 0 0 4 0 13 1 10 10 8 13 0 25 23 15 2 15 39 35 18 13 1 11 3 1 0 0 0 2 12 13 0 0 0 0 35 0 1 0 2 5 3 0 0 0 0 0 0 0 0 0 0 0 0 0 2 0 0 0 0 0 0 0 0 0 0 0 0 0 0 0 1 0 0 0 0 1 9 0 1 0 2 0 0 6 0 0 0 0 0 0 0 0 0 0 0 0 0 0 0 0 0 0 0 24 0 0 0 0 0 0 0 0 
 0 1 0 1 0 0 0 0 0 0 3 0 0 0 0 0 0 0 0 0 40 265 152 49 51 145 32 101 261 715 274 243 32 114 113 81 0 262 120 128 62 0 0 0 3 0 68 0 3 0 4 0 78 3 3 0 0 0 24 0 0 0 0 0 0 0 0 0 3 0 0 0 3 0 5 0 0 0 0 3 0 0 0 0 0 0 0 0 0 0 0 0 0 0 2 0 0 0 0 8 0 0 23 30 13 34 0 18 26 19 1 13 0 15 16 12 13 0 2 31 33 13 9 0 1 0 23 10 0 0 0 0 18 31 0 1 0 0 30 21 0 2 8 4 0 0 0 0 0 0 0 0 0 0 0 0 0 0 0 0 0 0 1 0 0 0 0 2 0 0 0 0 0 1 0 0 0 0 0 0 0 1 16 15 13 18 10 0 30 12 1 20 3 0 0 10 23 49 0 0 20 7 0 0 0 1 25 1 0 2 0 0 26 11 10 1 0 1 12 21 0 0 0 0 0 0 0 0 11 0 0 1 1 0 0 0 0 0 0 0 0 0 14 0 0 0 0 0 0 0 0 0 0 0 16 0 0 0 2 2 10 0 0 0 0 0 0 0 0 0 0 0 0 0 0 0 0 0 0 9 0 0 0 0 0 2 0 0 0 0 
 0 0 0 1 0 0 3 0 0 0 0 1 0 92 0 0 4 0 0 2 91 206 43 203 102 73 223 169 273 112 196 157 108 194 187 211 262 0 259 125 1 0 0 3 3 0 2 0 3 0 3 7 4 7 3 0 0 1 4 0 6 1 0 0 2 0 1 0 3 0 0 0 3 0 9 0 0 3 3 9 0 0 0 0 1 0 0 0 0 0 0 0 8 0 2 0 0 0 0 0 0 0 22 4 0 9 15 22 3 21 8 24 0 25 26 40 16 30 3 19 0 2 0 0 1 0 0 0 0 0 0 0 1 0 0 0 0 0 1 0 1 17 6 0 1 0 0 0 1 0 0 0 0 0 0 0 0 0 0 0 0 2 1 0 0 0 0 0 0 0 0 0 0 0 0 0 0 0 3 0 41 24 35 24 25 22 29 9 25 30 13 40 2 3 0 25 36 60 0 0 0 0 0 14 0 1 0 0 0 0 0 0 2 0 0 1 0 0 12 0 0 0 0 0 0 0 0 0 3 0 0 2 1 0 0 0 0 0 0 0 0 0 17 0 0 0 2 0 0 0 0 0 0 0 20 0 0 4 151 0 2 1 0 0 0 0 0 0 0 0 0 0 0 0 0 0 0 0 0 0 0 0 0 0 0 0 0 0 0 0 
 0 0 0 23 0 149 0 0 85 0 76 0 0 0 0 73 1 0 0 1 34 107 110 65 61 57 121 33 76 75 61 54 274 66 153 50 120 259 0 713 0 0 0 0 3 1 0 1 3 0 3 0 3 3 46 0 0 0 3 0 0 0 2 2 0 0 0 0 1 0 0 0 3 0 58 0 0 2 0 3 0 0 0 37 27 34 0 0 0 14 9 0 0 10 0 0 0 14 0 0 20 0 1 0 4 0 32 29 0 19 8 6 0 36 13 9 7 0 19 39 0 13 0 0 0 0 0 0 0 0 0 0 0 0 0 0 0 0 0 0 8 0 4 5 0 0 1 0 0 0 0 0 5 0 0 0 1 0 0 0 0 0 13 0 0 0 0 0 0 5 0 0 0 0 0 0 0 0 12 0 0 36 15 1 0 25 16 9 22 0 13 20 14 26 1 0 34 13 13 24 0 0 0 0 0 0 0 0 0 0 0 0 0 22 0 0 0 0 0 0 0 0 0 0 0 0 0 0 0 0 0 0 0 0 0 0 0 0 0 0 0 0 1 0 0 0 0 0 0 0 0 0 7 0 6 0 0 0 44 2 0 0 0 0 0 0 0 0 0 0 0 0 0 0 0 0 0 0 0 0 0 14 0 0 0 0 0 0 0 0 
 0 0 0 0 77 0 3 0 0 0 7 0 0 0 0 0 6 0 2 0 41 115 192 138 79 350 214 106 74 181 144 147 117 84 318 512 128 125 713 0 0 0 0 0 3 104 0 0 3 0 3 0 3 3 3 63 0 0 3 0 0 0 0 1 0 0 0 0 2 0 0 0 3 0 3 0 0 1 0 3 0 0 0 0 1 1 0 0 0 0 0 0 0 0 0 0 0 10 0 0 12 42 23 9 0 6 18 16 36 0 8 17 1 26 32 59 0 7 0 0 0 0 0 0 0 0 0 0 0 0 0 0 0 0 0 0 0 0 0 0 0 0 7 0 0 0 0 0 0 0 0 0 0 0 0 0 0 0 0 0 0 0 0 0 0 0 0 0 0 0 0 0 0 0 0 0 0 0 11 0 32 18 35 33 32 41 25 27 31 20 2 32 24 4 0 1 56 36 18 0 0 0 0 0 0 0 1 0 0 0 0 0 1 0 0 0 0 0 8 0 14 0 0 0 0 0 0 0 0 0 0 0 0 0 0 0 0 0 0 0 0 0 23 0 0 0 0 0 0 0 0 0 0 0 11 0 1 92 155 2 2 0 0 0 0 0 0 0 0 0 0 0 0 0 0 0 0 0 0 0 0 0 0 0 0 0 0 0 0 0 
 0 0 0 0 0 2 0 0 0 0 4 0 0 0 2 0 1 0 0 0 3 0 0 127 148 64 0 0 0 163 125 1 0 0 1 0 62 1 0 0 0 135 88 52 27 237 455 114 41 30 25 24 112 18 100 251 40 47 101 105 0 5 2 0 0 6 1 2 0 0 0 3 0 0 4 3 9 1 0 2 0 0 0 0 0 0 0 0 0 0 0 0 0 0 0 0 0 0 0 0 0 0 0 18 1 18 0 0 0 0 1 27 0 0 1 14 10 0 0 0 15 14 0 17 0 0 40 23 0 2 0 0 20 31 64 0 0 0 16 1 0 0 0 0 0 0 0 1 0 0 0 0 0 0 0 0 0 0 1 0 0 0 0 0 0 0 0 0 0 0 0 0 0 0 0 0 0 0 0 0 4 16 0 0 1 0 0 0 0 0 4 13 0 0 0 7 0 0 0 0 29 0 20 0 0 0 0 58 0 12 1 1 1 11 41 30 12 10 18 35 0 0 0 0 0 0 0 2 0 0 0 0 0 0 2 3 0 0 0 0 0 0 0 0 0 0 1 0 0 0 0 9 0 0 0 0 0 64 0 0 14 0 1 0 0 2 1 0 0 0 2 0 0 0 0 0 0 0 0 7 0 0 0 0 0 10 9 1 0 0 
 0 0 0 0 0 2 0 0 0 0 6 0 0 0 0 0 0 0 0 0 0 1 0 0 0 0 1 0 3 0 0 2 56 0 0 0 0 0 0 0 135 0 175 274 351 41 300 275 136 46 164 92 54 214 31 122 174 55 45 52 0 0 0 0 0 1 0 4 0 1 0 0 13 0 0 3 0 0 50 52 0 0 0 0 0 0 0 0 0 0 0 0 0 0 0 0 0 0 0 0 0 0 0 0 0 0 0 0 0 0 0 0 0 0 0 0 0 0 0 0 10 19 43 0 25 35 0 0 26 13 31 24 0 0 0 9 10 19 0 0 0 8 0 0 0 0 1 6 7 0 5 0 17 1 0 0 0 0 0 3 0 0 0 0 0 0 0 0 0 0 6 0 0 0 0 0 0 4 0 0 0 0 0 0 0 0 0 0 0 0 0 0 0 0 0 0 0 0 0 0 1 7 9 31 0 6 0 0 25 10 8 17 0 21 21 0 1 23 17 11 0 0 8 0 0 0 0 0 0 0 0 0 0 0 12 5 0 0 25 8 0 0 10 0 0 0 0 0 0 0 0 2 0 1 0 0 0 0 0 15 0 0 0 0 5 0 0 0 0 0 0 0 0 0 0 0 0 0 0 0 0 0 9 0 34 19 8 0 0 0 
 0 0 0 0 0 7 0 0 0 0 6 0 0 0 0 0 3 0 0 0 0 3 0 0 0 54 0 0 5 0 0 3 0 0 0 0 0 0 0 0 88 175 0 105 125 308 343 120 115 114 130 152 53 329 85 380 349 69 126 120 9 3 0 3 0 52 14 0 19 19 0 0 0 0 0 2 7 0 51 158 0 0 0 0 11 0 0 0 0 0 0 0 0 0 0 0 0 0 0 0 22 0 0 0 0 0 0 0 0 0 0 0 0 0 0 0 0 0 0 0 0 0 33 0 13 0 0 11 9 21 8 0 15 10 17 0 10 32 0 0 3 10 29 0 3 0 0 16 0 0 17 0 0 13 4 0 0 0 0 19 0 0 0 0 4 0 0 0 0 0 0 0 0 0 0 0 2 0 0 0 0 0 0 0 0 6 0 0 0 0 0 0 0 0 0 0 0 0 0 0 11 0 0 27 0 0 0 0 32 0 15 10 0 0 0 11 12 10 0 0 0 0 0 0 0 0 12 9 30 0 2 8 0 9 0 0 3 1 19 1 0 0 0 0 0 0 0 0 0 0 0 4 0 0 0 0 0 0 0 1 0 0 0 0 2 3 2 0 0 0 0 0 0 0 0 0 0 0 0 0 0 0 0 0 17 15 0 20 0 0 
 0 0 0 0 0 4 3 0 0 0 3 0 0 0 0 0 0 0 0 0 0 0 0 0 0 2 0 0 0 0 0 3 0 0 0 0 0 3 0 0 52 274 105 0 120 44 587 137 226 281 178 64 59 164 167 38 63 119 87 93 2 17 0 38 4 51 0 0 0 3 11 0 0 0 3 53 6 0 0 1 0 0 0 0 0 0 0 0 0 0 0 0 0 0 0 0 0 0 0 7 0 0 1 0 0 0 0 0 0 0 0 0 0 0 0 0 0 0 0 0 0 9 35 23 0 6 0 11 14 1 35 19 0 0 19 43 51 0 0 0 0 15 8 0 0 0 5 22 0 4 5 0 0 0 0 9 0 0 0 0 0 0 0 0 4 0 0 0 0 0 0 0 0 0 0 0 4 0 0 0 0 0 0 0 0 1 0 0 0 0 0 0 0 0 0 0 0 0 0 0 1 20 7 1 13 0 0 0 0 0 20 0 7 22 0 12 23 22 0 0 9 0 0 5 7 0 0 0 0 0 0 38 0 0 0 0 7 0 0 4 0 0 0 0 0 0 0 0 0 0 0 14 0 0 0 0 0 0 0 8 0 0 0 0 0 27 0 0 1 0 0 0 0 0 0 0 0 0 0 0 0 0 0 0 0 0 0 0 0 0 
 1 0 0 0 1 1 0 1 1 0 0 0 0 0 0 0 0 0 0 7 3 3 3 3 5 3 3 3 53 3 3 3 6 3 205 3 3 3 3 3 27 351 125 120 0 178 57 228 158 95 358 386 41 70 84 82 182 141 73 282 54 17 0 9 3 1 16 0 0 0 27 0 52 0 0 56 54 49 28 37 0 0 0 0 0 0 0 0 0 0 0 0 0 0 0 0 0 0 0 0 0 0 0 0 0 0 0 0 0 0 0 0 0 0 0 0 0 0 0 0 0 9 10 0 14 23 19 0 0 0 10 9 0 0 0 0 9 13 0 0 6 0 9 0 0 0 0 1 8 13 6 0 7 19 6 8 0 31 19 1 0 0 0 0 0 0 0 0 0 0 0 0 0 0 0 0 0 0 0 3 0 0 0 0 0 0 0 0 0 0 0 0 0 0 0 0 0 0 0 0 0 8 0 10 10 10 0 0 0 0 0 1 0 9 0 0 0 11 0 0 20 21 0 16 4 0 30 22 0 19 0 20 11 11 0 0 13 0 11 0 0 0 0 0 0 0 0 0 0 1 0 14 0 0 0 0 0 0 0 0 0 13 3 2 3 4 1 75 4 0 0 0 0 0 0 1 0 0 0 0 0 2 0 0 32 0 0 0 0 0 
 0 2 5 6 5 0 3 0 0 1 7 0 0 0 11 0 2 4 0 0 0 2 0 0 0 2 56 0 9 0 0 0 0 0 0 2 0 0 1 104 237 41 308 44 178 0 27 23 110 115 69 115 25 258 72 374 75 48 53 45 51 55 0 11 1 0 61 1 0 0 0 0 3 0 58 56 99 86 0 79 0 0 0 0 1 0 0 0 0 0 0 0 0 0 0 0 8 0 0 0 0 1 0 0 0 0 0 0 0 0 0 0 0 0 0 0 1 0 3 0 0 0 0 0 10 24 0 0 0 0 0 0 0 0 0 0 0 28 0 0 23 13 32 12 0 0 0 0 6 19 0 1 7 58 14 13 6 65 3 0 5 5 0 0 0 0 0 0 0 0 3 0 0 0 5 8 0 6 0 5 0 0 0 12 0 0 0 0 0 0 0 3 0 0 0 0 0 0 0 0 0 0 0 8 9 14 0 0 6 0 0 0 0 0 0 0 0 0 0 0 0 46 0 9 0 0 51 37 1 45 29 0 26 12 28 10 9 29 23 0 0 1 0 0 0 0 0 0 0 0 0 14 0 0 0 0 0 0 0 2 0 13 5 0 69 34 0 80 1 0 0 0 0 0 0 0 0 0 0 0 0 2 0 0 0 0 0 0 0 0 
 2 3 3 3 2 2 6 2 2 3 3 3 3 3 3 3 3 3 3 3 0 2 65 0 24 21 0 0 6 54 68 0 0 0 0 0 68 2 0 0 455 300 343 587 57 27 0 202 147 42 118 74 136 137 221 332 97 239 207 251 0 0 0 0 2 0 0 0 0 0 0 0 4 0 0 0 3 0 7 0 0 0 0 0 14 0 0 0 0 0 0 0 0 0 0 0 0 0 0 0 0 0 0 0 30 4 0 0 0 0 0 0 0 0 0 0 0 0 0 0 30 0 34 24 0 22 9 23 11 18 8 2 23 15 29 61 17 12 23 7 0 0 0 0 0 0 6 36 0 19 0 0 0 5 0 0 0 0 12 0 0 0 0 0 8 0 0 0 0 0 1 0 0 0 0 0 5 0 0 0 0 0 0 0 0 7 0 0 0 0 0 0 0 0 0 0 0 0 0 0 18 0 0 19 3 2 0 0 18 19 28 1 0 4 5 22 11 18 0 11 21 0 0 0 0 0 0 0 0 0 0 0 10 3 0 1 0 0 3 0 0 0 0 0 0 0 0 0 0 0 0 4 0 0 0 0 0 0 0 0 0 0 1 0 2 2 0 0 2 0 0 0 0 0 0 0 0 0 0 9 0 0 3 0 0 9 0 0 0 0 
 0 0 0 0 0 2 0 0 0 0 0 0 0 0 0 0 0 0 0 0 0 205 0 0 0 5 0 0 2 0 0 0 0 0 0 2 0 0 1 0 114 275 120 137 228 23 202 0 137 240 335 42 81 231 110 147 123 61 68 113 0 0 0 0 0 1 0 0 0 0 0 0 2 0 57 0 0 3 55 50 0 0 0 0 0 0 0 0 0 0 0 0 0 0 0 0 12 0 0 0 0 0 0 0 0 0 0 0 0 0 0 1 0 0 0 0 0 0 0 0 14 22 18 3 14 14 16 0 37 7 43 55 0 0 4 9 19 23 0 0 0 0 0 0 0 0 1 0 0 0 4 0 23 0 0 0 0 0 0 0 0 0 0 0 0 0 0 0 0 0 9 0 0 0 0 0 0 44 0 0 0 0 0 5 0 0 0 0 0 0 0 0 0 0 0 0 0 0 0 0 3 28 62 1 11 0 7 2 11 11 9 10 0 13 12 5 0 26 16 12 22 0 0 0 0 0 0 0 0 0 0 12 0 0 0 0 0 0 9 0 0 0 10 0 0 0 0 0 0 0 0 9 0 0 0 0 0 0 0 0 0 0 0 0 0 0 4 0 0 0 0 0 0 0 0 0 0 0 0 0 0 0 0 0 43 28 4 0 0 0 
 0 0 0 0 0 1 0 0 0 0 0 0 0 0 0 0 0 0 0 0 3 208 50 3 3 4 3 64 3 3 3 3 3 3 0 5 3 3 3 3 41 136 115 226 158 110 147 137 0 285 548 63 70 182 119 303 46 185 83 295 0 0 0 0 0 0 0 0 0 0 0 0 6 5 0 49 0 0 0 1 0 0 0 0 0 0 0 0 0 0 0 0 0 0 0 0 0 0 0 0 0 0 0 0 0 0 0 0 0 0 0 0 0 0 0 0 0 0 0 0 0 44 32 23 21 5 0 10 13 1 7 20 0 0 0 31 13 16 0 0 44 14 0 0 0 0 10 12 7 0 1 0 3 5 0 0 0 0 0 7 0 0 0 0 0 0 0 0 0 0 0 0 0 0 0 0 0 0 0 0 0 0 0 0 0 0 0 0 0 0 0 0 0 0 0 0 0 0 0 0 0 26 20 0 2 9 0 0 8 0 4 3 0 17 0 13 56 25 0 0 13 0 0 0 0 0 0 2 0 0 0 0 0 4 7 3 1 0 2 15 0 0 0 0 0 0 0 0 0 19 0 1 0 1 0 0 0 0 0 2 0 0 2 0 67 9 3 1 0 0 0 0 0 0 0 0 0 0 0 0 0 0 6 0 18 0 0 0 1 0 
 1 0 0 0 0 0 0 0 0 0 2 0 0 0 0 0 52 0 0 30 0 0 0 0 1 0 0 0 0 0 0 0 0 0 1 0 0 0 0 0 30 46 114 281 95 115 42 240 285 0 221 44 251 303 158 165 119 104 65 130 0 6 0 0 0 0 0 0 0 0 0 1 0 0 0 24 0 0 52 53 0 0 0 0 0 0 0 0 0 0 0 0 0 0 0 0 0 0 0 9 0 0 0 0 0 0 0 0 0 0 0 0 0 0 0 0 0 0 0 0 0 19 26 54 26 0 0 13 0 16 33 20 1 27 18 32 12 19 0 0 13 29 0 0 0 0 16 16 0 0 0 0 0 7 0 11 0 0 13 9 0 0 0 0 0 0 0 0 0 0 0 0 0 0 0 0 0 0 0 0 0 0 0 0 0 0 0 0 0 0 0 0 0 0 0 0 0 0 0 0 0 8 13 16 12 11 0 3 15 49 8 19 0 0 12 16 22 8 0 0 13 0 7 0 0 0 0 1 0 0 0 0 11 19 0 0 0 0 0 22 0 0 0 0 0 0 0 0 0 0 0 6 0 0 0 0 0 0 0 9 0 0 1 64 36 0 0 1 0 0 8 0 0 0 0 0 0 0 0 0 0 0 0 0 0 0 0 0 0 0 
 0 0 0 0 4 0 0 0 0 0 0 0 0 0 0 0 0 0 0 5 3 3 3 3 3 3 3 3 3 3 3 3 3 3 6 5 4 3 3 3 25 164 130 178 358 69 118 335 548 221 0 254 30 61 365 88 71 490 50 319 1 0 0 0 0 0 0 0 0 0 0 0 0 0 0 50 0 0 0 1 0 0 0 0 0 0 0 0 0 0 0 0 0 0 0 18 0 0 0 0 0 0 0 0 0 0 0 0 0 0 0 0 0 0 0 0 0 0 0 0 0 27 14 20 25 2 0 0 19 0 35 9 0 0 18 17 42 0 0 0 0 18 0 0 0 0 0 19 0 0 1 0 0 8 0 0 0 0 0 0 0 0 0 0 1 0 0 0 0 0 0 0 0 0 0 0 3 0 0 0 0 0 1 0 0 0 0 0 0 0 0 0 0 0 0 0 0 0 0 0 0 10 9 0 14 0 0 0 21 0 10 0 0 11 0 7 15 26 0 0 9 0 0 0 0 0 0 0 0 0 0 0 0 0 0 0 0 0 0 1 0 0 0 0 0 0 0 0 0 0 0 9 0 0 0 0 0 0 0 6 0 0 0 0 1 13 3 0 0 0 0 0 0 0 0 0 0 0 0 0 0 0 0 0 16 0 0 0 0 0 
 1 0 0 0 0 4 0 0 0 36 5 0 0 0 0 0 3 0 0 0 0 1 3 0 1 10 0 0 0 0 0 4 0 0 0 2 0 7 0 0 24 92 152 64 386 115 74 42 63 44 254 0 42 256 51 309 155 325 46 31 0 0 0 0 0 19 0 50 2 0 0 0 0 0 0 0 0 17 50 50 0 0 0 0 0 0 0 0 0 0 0 0 0 0 10 0 0 0 0 0 0 0 0 0 0 0 0 0 0 0 0 0 0 0 0 0 0 0 0 0 9 5 14 7 34 35 4 6 13 0 12 7 0 0 32 11 14 9 0 0 0 0 0 0 0 0 1 25 0 0 2 0 13 0 0 7 0 0 0 12 0 0 0 0 0 0 0 0 0 0 3 0 1 0 0 0 0 4 0 0 0 0 0 0 0 0 0 0 0 0 0 0 0 21 0 0 0 0 0 0 2 1 0 28 7 0 19 0 19 0 19 11 0 0 0 24 14 0 5 0 0 0 0 0 0 0 11 0 16 0 0 0 0 0 18 0 0 0 33 3 0 0 0 0 0 0 0 0 0 0 0 7 1 0 0 2 0 0 0 13 0 19 64 2 0 1 2 1 2 0 0 0 0 0 0 0 0 0 0 0 0 0 0 0 10 0 0 0 0 3 
 89 0 24 0 2 3 2 0 2 1 5 3 0 0 1 2 4 2 2 1 4 5 46 6 6 4 5 4 1 128 21 4 4 3 3 5 78 4 3 3 112 54 53 59 41 25 136 81 70 251 30 42 0 129 255 40 245 21 111 65 0 2 2 0 0 2 2 3 0 2 2 0 1 0 2 2 0 0 1 0 0 0 0 0 0 0 0 0 0 0 0 0 8 0 0 0 0 0 0 0 0 0 10 6 10 20 0 17 0 0 8 22 0 0 0 6 0 0 0 0 16 1 0 0 1 0 13 0 9 0 0 0 0 9 0 0 0 0 0 12 2 0 0 0 2 0 0 0 0 1 1 0 0 0 0 0 2 0 0 1 0 0 0 0 0 0 0 0 0 0 0 0 0 0 0 0 0 0 3 0 0 0 0 0 1 0 0 0 0 0 1 7 0 0 0 19 0 0 0 0 9 0 0 0 0 0 11 1 0 0 0 0 0 0 18 1 0 0 14 8 0 2 0 2 1 0 2 2 0 2 1 1 0 0 0 0 0 2 0 0 0 0 0 0 0 0 1 0 0 2 0 11 0 2 0 0 0 4 1 2 10 0 1 2 0 0 4 0 0 0 2 0 0 0 0 0 0 0 0 7 0 0 0 0 0 40 0 0 2 0 
 0 64 0 0 0 4 0 0 0 0 7 0 0 0 0 11 3 0 2 0 3 4 3 3 65 6 5 3 3 3 3 110 3 3 0 5 3 7 3 3 18 214 329 164 70 258 137 231 182 303 61 256 129 0 160 135 264 130 141 234 0 0 0 0 0 1 0 0 0 47 0 0 3 0 0 0 0 0 0 1 0 0 0 0 0 11 0 0 0 0 0 0 0 0 0 0 0 0 0 0 0 0 0 0 0 0 0 0 0 0 0 0 0 0 0 0 0 0 0 0 17 13 22 2 0 0 4 0 49 25 60 21 0 0 5 9 9 6 0 0 0 0 0 0 0 0 1 0 0 0 1 0 14 0 0 0 0 0 0 0 0 0 0 0 0 0 0 0 0 0 5 0 0 0 0 0 1 4 0 0 0 0 0 0 0 14 0 0 0 0 0 0 0 0 0 0 0 0 0 0 11 19 29 0 15 0 5 19 5 1 9 12 11 0 0 6 3 0 4 5 0 0 0 0 0 0 0 0 0 0 0 0 0 0 0 0 0 0 0 0 0 0 5 0 0 0 0 0 0 0 0 5 0 1 0 0 0 0 0 2 0 0 55 0 0 0 2 0 0 0 0 0 2 0 0 0 0 0 0 0 0 0 0 0 3 0 0 13 1 0 
 0 3 0 2 4 0 0 0 0 0 8 0 0 0 3 0 0 7 15 2 3 3 3 3 65 3 3 3 3 3 3 3 3 3 3 3 3 3 46 3 100 31 85 167 84 72 221 110 119 158 365 51 255 160 0 218 528 316 291 122 0 0 0 0 0 0 0 0 0 0 0 0 0 0 0 0 0 0 0 3 0 0 0 0 0 0 0 0 0 0 0 0 0 0 0 0 5 0 0 0 0 0 0 0 0 1 0 0 0 0 0 0 0 0 0 0 0 0 47 0 1 3 33 26 1 0 1 20 1 8 0 15 0 1 36 7 29 0 12 0 0 0 0 0 0 0 14 22 0 0 0 0 0 1 0 0 0 0 0 0 0 5 0 6 7 0 0 0 0 7 5 0 0 0 13 5 0 11 0 0 0 0 16 0 1 0 0 0 0 0 0 0 0 0 0 0 0 0 0 0 1 28 27 10 0 0 0 9 0 9 26 0 10 64 8 37 55 9 0 11 0 0 0 0 0 0 0 0 0 0 0 0 0 0 0 0 0 0 0 1 0 0 0 0 0 0 0 0 0 0 0 7 1 1 0 0 0 0 0 3 0 0 4 0 0 9 2 0 1 2 0 0 0 0 0 1 0 0 0 5 0 0 0 0 0 0 0 9 0 7 
 3 3 3 3 3 5 3 3 3 3 5 3 3 3 3 3 3 59 6 3 0 0 2 0 66 3 0 73 0 0 0 0 0 0 0 0 0 0 0 63 251 122 380 38 82 374 332 147 303 165 88 309 40 135 218 0 154 116 115 66 0 0 3 0 0 52 0 0 0 0 0 0 0 0 3 0 0 0 3 51 0 0 0 0 0 0 0 0 0 0 0 0 0 0 0 0 0 0 0 0 0 0 0 0 0 0 0 0 0 0 0 0 0 0 0 0 0 0 0 0 6 10 19 12 29 3 6 10 13 15 15 26 15 9 9 19 25 10 0 0 0 10 0 0 0 0 16 3 0 0 0 0 10 6 0 0 0 14 4 11 0 0 0 0 0 0 0 21 0 0 4 0 0 0 0 0 0 7 0 0 0 0 0 0 0 0 0 0 0 0 0 0 0 0 0 0 0 0 0 6 27 0 12 39 0 0 2 1 22 12 11 14 0 0 0 32 32 8 3 0 0 0 0 0 0 0 11 0 35 7 0 0 0 7 0 0 0 0 9 0 0 0 0 0 0 0 0 0 0 0 0 4 0 2 0 0 0 0 0 0 0 0 0 0 1 1 0 0 0 0 5 0 0 0 0 0 0 0 0 0 0 0 0 0 0 0 0 0 0 0 
 0 0 0 0 0 0 64 0 0 0 1 0 0 0 0 0 0 0 0 0 0 0 0 0 0 54 0 0 0 0 62 0 0 0 0 2 0 0 0 0 40 174 349 63 182 75 97 123 46 119 71 155 245 264 528 154 0 207 132 296 0 0 0 0 0 0 0 0 0 0 0 0 0 0 0 0 0 0 18 48 0 0 0 0 0 0 0 0 0 0 0 0 0 0 0 0 0 0 0 0 0 0 0 0 0 0 0 0 0 0 0 0 0 0 0 0 0 0 0 0 0 19 15 8 4 0 0 11 3 17 0 0 11 21 21 0 14 14 0 0 9 0 0 0 0 0 1 10 0 0 7 0 0 0 14 0 0 0 0 0 0 0 0 0 3 0 0 0 0 0 0 0 0 0 0 0 2 0 0 0 0 0 0 0 0 6 0 0 0 0 0 0 0 0 0 0 0 0 12 0 9 1 8 40 0 0 0 2 5 0 15 0 0 0 11 11 27 22 0 2 0 0 0 0 0 0 0 0 0 0 0 0 0 1 0 0 0 0 19 0 0 0 0 0 0 0 0 0 0 0 0 0 0 0 0 0 0 0 0 1 0 1 0 2 70 2 0 0 0 0 0 0 0 0 0 0 0 0 0 0 0 0 0 0 27 0 0 0 0 0 
 0 0 0 0 0 0 0 0 0 0 2 0 0 1 0 0 0 0 0 0 0 0 2 0 65 0 0 0 84 0 1 61 0 0 0 2 0 1 0 0 47 55 69 119 141 48 239 61 185 104 490 325 21 130 316 116 207 0 32 109 0 0 0 0 0 0 0 0 0 0 0 0 0 6 0 2 0 0 53 50 0 0 0 0 0 0 0 1 0 0 0 0 0 0 0 0 0 0 0 0 0 0 0 0 0 1 0 0 0 0 0 0 0 0 0 1 0 0 10 0 32 24 7 15 31 39 14 0 36 11 10 4 0 0 30 16 12 10 0 0 7 0 1 0 0 0 0 0 0 0 5 0 9 0 1 5 0 0 0 22 0 0 0 0 0 0 8 0 0 0 3 0 0 0 0 0 0 2 0 0 0 0 0 0 0 0 0 0 0 0 0 0 0 0 0 0 0 0 0 0 8 11 10 26 44 11 0 18 0 0 8 0 9 1 0 4 2 0 3 3 0 11 0 0 0 0 12 11 9 0 0 0 0 0 0 0 14 0 18 10 0 0 0 0 0 0 0 0 0 0 0 10 0 0 0 0 0 0 0 3 0 1 65 2 0 2 1 64 2 0 0 0 0 0 0 0 0 0 0 0 0 0 0 0 22 0 0 13 0 0 
 0 0 0 0 0 0 0 0 0 0 0 0 0 0 0 0 0 0 0 5 3 3 33 86 4 65 3 3 3 70 99 66 6 3 7 5 24 4 3 3 101 45 126 87 73 53 207 68 83 65 50 46 111 141 291 115 132 32 0 159 2 2 0 2 3 0 0 0 0 1 4 0 9 0 0 4 61 0 0 0 0 0 0 0 0 0 0 0 0 0 0 0 0 0 0 0 0 0 0 0 0 0 0 18 2 19 0 0 0 19 0 0 0 0 0 0 0 0 0 0 37 12 0 0 0 0 22 10 0 38 0 15 10 13 9 0 18 25 15 11 0 0 9 0 0 0 0 0 0 1 2 0 0 0 1 0 0 0 0 0 0 0 0 0 4 0 0 0 0 0 0 0 0 0 0 0 0 0 18 0 0 0 1 0 13 8 0 0 0 0 8 0 0 0 0 0 0 0 0 0 68 9 0 10 0 0 8 19 0 0 2 8 0 3 4 30 19 1 1 35 0 0 0 3 0 0 0 1 0 0 0 5 0 0 0 0 7 0 0 0 0 0 14 0 0 0 0 0 0 0 0 7 2 0 0 0 0 31 0 0 0 1 0 0 0 2 0 0 0 2 0 0 0 2 0 0 0 0 0 6 0 0 0 0 0 3 0 0 0 0 
 2 3 3 3 2 2 3 2 2 3 3 3 3 5 3 3 3 3 3 3 0 0 1 64 0 124 0 0 3 72 127 0 0 0 0 0 0 0 0 0 105 52 120 93 282 45 251 113 295 130 319 31 65 234 122 66 296 109 159 0 0 1 0 0 0 5 0 0 0 0 0 0 1 0 1 0 0 0 0 1 0 0 0 0 0 0 0 0 15 0 0 0 0 0 0 0 0 0 0 0 0 0 0 0 0 0 0 0 0 1 0 7 0 0 15 0 0 0 0 0 0 0 21 19 0 12 13 21 15 10 15 21 5 21 31 34 41 13 1 0 0 0 0 0 0 0 5 3 0 0 1 0 0 0 0 0 0 0 0 0 0 0 0 0 3 0 0 0 0 0 0 0 0 0 0 0 0 0 0 0 0 0 0 0 0 10 0 0 0 0 0 17 0 0 0 0 0 0 0 0 12 0 17 0 15 0 0 17 0 24 1 0 2 21 9 1 19 20 9 0 0 0 0 0 0 0 0 0 0 0 0 0 0 0 0 0 0 0 0 0 0 0 0 0 0 0 0 0 0 0 0 17 0 0 0 0 0 0 0 0 0 0 0 0 2 4 2 0 3 0 0 0 0 0 0 0 0 0 0 0 0 0 0 0 0 19 2 0 0 0 
 2 2 2 2 2 2 2 2 2 2 2 2 2 6 2 2 2 2 2 6 0 0 1 0 2 0 0 0 0 0 0 0 1 0 2 0 0 6 0 0 0 0 9 2 54 51 0 0 0 0 1 0 0 0 0 0 0 0 2 0 0 179 82 59 21 28 234 61 51 45 43 48 61 157 114 123 96 42 42 95 0 0 0 0 0 0 0 0 0 0 0 0 9 0 9 0 0 0 0 0 0 0 0 3 0 0 27 0 0 0 0 0 0 0 20 0 0 0 0 0 0 0 0 0 0 0 0 0 0 0 0 0 0 0 0 0 0 0 0 0 17 0 1 1 22 0 0 16 4 1 0 8 9 2 62 6 3 9 25 22 1 0 0 0 0 0 0 13 0 0 0 0 0 0 0 0 0 0 0 7 0 0 2 0 0 0 0 0 0 0 0 0 0 0 0 0 0 0 0 0 0 0 0 15 18 8 8 0 0 0 0 16 0 0 0 0 0 0 0 0 4 37 34 15 0 0 30 63 14 9 17 0 5 23 12 13 8 42 0 10 1 0 0 0 0 0 0 0 0 0 0 0 0 0 8 0 0 0 0 0 0 0 0 51 0 0 0 0 0 0 3 0 0 2 1 0 0 0 0 0 0 0 0 0 0 0 0 0 0 0 
