 0 188 364 241 36 36 171 230 257 44 270 117 362 205 44 310 205 333 264 150 0 2 0 1 4 0 2 1 2 2 1 2 0 0 0 0 1 5 3 0 0 0 0 0 0 3 0 0 0 0 0 0 0 0 1 2 0 0 0 0 0 4 0 0 0 0 0 0 37 0 3 0 3 3 0 5 0 0 0 0 46 18 18 27 0 10 15 54 23 16 20 0 0 36 11 20 47 20 0 0 0 0 0 0 0 0 0 0 0 0 0 0 0 0 0 0 0 0 0 0 0 0 0 0 0 0 0 1 0 0 0 0 0 0 0 0 21 0 0 0 0 4 48 0 0 0 0 0 0 0 0 0 0 0 0 0 0 0 0 0 12 10 36 0 0 54 1 41 0 20 11 16 35 17 8 20 27 26 14 14 0 0 0 0 0 0 0 0 0 0 0 0 15 0 0 6 0 0 0 0 0 0 0 0 0 0 0 0 0 0 0 0 0 0 0 0 0 0 0 0 0 0 0 0 0 0 0 4 0 0 0 0 0 0 0 0 0 0 0 0 0 0 10 0 0 2 0 2 0 86 2 13 0 0 0 0 0 0 0 0 0 0 0 0 0 0 0 0 0 0 0 0 0 0 0 0 0 0 0 0 0 0 0 0 0 0 0 0 0 0 
 188 0 321 233 28 49 195 511 209 48 342 267 254 229 75 383 207 39 41 83 0 4 1 0 3 0 2 3 3 0 2 0 0 3 3 0 2 5 3 0 0 3 3 0 0 0 0 0 3 0 0 0 0 0 111 2 0 0 0 0 0 3 2 0 0 0 0 0 1 3 3 1 3 3 2 1 0 0 0 0 8 11 31 10 0 0 0 12 41 35 40 17 1 12 42 10 38 6 0 0 0 0 0 0 0 0 0 0 0 0 2 0 0 0 0 0 1 0 0 0 0 0 0 0 0 1 0 0 0 17 0 0 0 0 0 0 0 0 0 0 0 5 0 0 0 0 0 2 0 0 0 0 0 0 1 0 1 0 0 0 56 10 0 8 2 26 9 12 0 19 16 12 30 8 0 11 16 21 0 1 0 0 0 0 0 0 0 1 0 0 0 0 1 2 0 0 0 0 0 0 0 0 0 0 0 0 24 0 0 0 0 0 0 0 0 0 0 0 0 2 0 0 0 0 0 0 0 0 0 0 0 0 0 0 1 0 0 0 0 0 0 0 0 0 0 0 0 0 1 0 0 3 0 0 0 0 0 0 0 0 0 0 0 0 0 0 0 0 0 0 0 0 0 2 0 10 0 0 0 0 0 0 0 0 0 0 0 0 0 0 
 364 321 0 421 137 239 369 432 94 54 662 437 350 116 329 60 52 32 147 228 0 5 3 0 4 3 7 3 2 0 1 0 0 0 0 0 1 4 163 0 0 0 3 0 0 0 0 0 0 3 0 64 2 0 4 2 0 0 0 0 0 3 0 0 0 0 0 0 52 0 3 0 3 6 0 7 0 0 0 0 17 15 36 23 19 7 0 80 26 29 25 5 4 40 12 20 18 0 6 29 0 0 0 0 0 0 0 0 0 0 0 0 4 0 0 0 0 0 3 0 0 0 0 1 0 0 16 0 0 0 0 0 0 0 0 0 0 0 0 0 0 5 2 0 0 0 0 0 0 0 0 0 0 0 0 0 0 0 0 0 13 1 33 0 0 0 0 16 0 43 43 0 13 14 0 20 21 12 19 13 0 0 0 0 0 0 0 1 0 0 0 0 31 0 0 0 0 0 0 0 0 0 0 0 0 1 0 0 0 0 0 0 0 0 0 0 0 1 0 0 0 0 0 0 0 0 0 2 0 0 1 0 0 0 0 0 0 0 0 0 0 0 0 0 0 2 0 2 2 90 2 19 0 0 0 0 0 0 0 0 0 0 0 0 0 0 0 0 0 0 0 0 0 0 0 0 10 1 0 0 0 0 0 0 0 0 0 0 0 0 
 241 233 421 0 83 130 108 466 227 107 779 342 183 99 75 159 54 32 63 300 0 6 8 0 77 4 2 0 3 0 1 0 0 0 0 0 2 4 80 0 0 0 0 3 0 0 0 0 0 0 0 0 6 0 7 2 0 0 0 0 0 3 0 0 0 0 0 0 1 0 3 0 3 7 0 10 0 0 0 0 33 46 41 18 0 11 0 24 32 0 0 0 12 23 22 2 40 5 0 0 7 0 0 0 0 0 0 0 0 0 0 0 1 0 0 0 0 0 0 0 0 0 0 0 0 0 14 0 0 0 0 0 0 0 2 0 2 0 0 17 0 0 0 0 0 0 0 0 0 0 0 0 0 0 0 0 0 0 0 0 16 33 32 0 1 16 0 21 9 78 0 16 0 0 0 12 45 9 2 0 0 0 0 0 0 0 8 0 0 0 0 0 36 0 0 0 0 2 9 0 0 0 0 0 0 0 0 0 0 0 0 0 0 0 0 0 0 0 0 0 0 0 0 2 0 0 0 0 0 0 0 14 0 0 0 1 0 0 0 0 0 0 0 0 0 0 55 2 2 92 2 7 1 0 0 0 0 0 0 0 0 0 18 0 0 0 0 0 0 0 0 0 0 0 0 0 0 0 0 0 0 0 0 0 0 0 0 0 0 0 
 36 28 137 83 0 235 48 56 352 200 234 231 97 147 155 111 52 30 49 73 103 2 4 2 2 0 2 73 2 0 0 2 0 94 47 0 1 5 133 66 0 0 2 3 0 0 0 0 0 1 5 0 0 0 0 69 0 3 0 0 3 3 0 0 0 3 0 0 2 0 6 13 3 3 3 0 0 2 0 3 0 0 2 28 11 49 0 60 2 21 0 14 0 0 0 0 14 2 0 2 33 35 0 4 20 1 11 0 22 0 16 0 24 0 64 25 38 0 14 33 0 13 0 0 0 0 0 0 0 0 0 0 0 0 0 0 4 0 0 2 0 0 0 40 30 1 26 0 0 0 3 0 0 0 0 2 0 0 68 2 0 8 0 15 1 0 0 0 17 0 6 0 0 0 0 13 3 13 0 20 0 1 0 11 0 6 12 24 30 13 0 0 14 20 0 0 0 12 26 0 0 0 0 0 0 0 0 0 0 0 0 0 0 0 0 0 0 0 0 0 0 0 0 0 0 0 0 0 0 0 0 0 0 0 0 0 0 0 1 0 0 10 0 0 0 1 2 2 2 1 0 11 1 0 0 0 0 1 0 0 0 0 0 0 0 0 0 0 0 0 0 0 0 0 2 0 0 0 0 0 0 0 0 0 0 0 0 0 0 6 
 36 49 239 130 235 0 35 244 36 167 334 141 250 60 83 178 162 175 36 129 0 2 0 3 3 0 3 74 3 0 1 1 82 5 0 0 214 3 9 75 0 0 0 3 1 0 0 0 0 1 0 0 0 0 0 2 0 0 0 0 0 3 0 0 0 0 0 0 0 0 0 1 2 0 0 0 0 0 0 0 0 15 0 43 43 20 0 0 12 0 0 1 0 0 0 14 0 14 0 0 20 16 0 1 0 0 0 6 0 0 0 0 15 10 1 0 0 26 16 15 0 0 0 0 0 0 0 0 0 0 0 0 0 0 0 0 0 0 0 0 0 0 0 0 0 14 0 0 0 0 14 0 0 0 0 0 0 0 5 4 0 11 0 0 58 10 0 0 2 33 28 18 0 0 0 14 18 0 0 0 30 0 21 0 13 0 24 24 0 0 0 0 35 11 15 0 0 0 22 26 16 0 0 0 0 0 0 0 0 0 0 0 0 0 0 0 0 0 0 0 0 0 0 0 0 0 0 0 0 0 0 0 0 1 0 0 0 0 0 0 0 0 0 0 0 90 88 0 87 0 2 10 98 0 0 0 0 0 0 0 0 0 11 0 0 0 0 0 0 0 0 0 0 0 0 1 0 0 0 0 0 0 0 0 0 0 0 0 0 0 
 171 195 369 108 48 35 0 127 66 172 53 57 490 381 443 143 171 230 80 248 0 2 0 0 2 0 2 0 2 0 3 0 0 0 0 0 2 5 3 0 0 0 0 1 0 0 0 0 0 6 0 0 0 39 1 3 0 0 0 0 0 3 0 0 0 0 0 0 2 3 3 0 3 3 3 0 2 0 0 0 22 1 0 11 0 0 28 21 46 22 3 0 32 1 0 16 38 0 34 19 0 0 0 0 0 0 0 0 0 0 0 0 0 0 0 0 0 0 0 10 0 0 0 10 0 0 0 0 0 0 0 0 0 2 0 15 0 0 0 0 0 0 0 0 0 0 0 0 0 3 0 0 0 0 9 0 0 0 0 0 14 12 0 6 0 26 13 21 8 0 10 12 18 6 9 10 0 58 9 35 0 0 0 0 0 0 0 0 0 0 0 0 67 0 0 0 0 0 0 0 0 0 0 0 0 0 2 0 0 0 0 0 0 0 0 0 0 0 0 0 0 0 0 0 0 0 0 0 0 0 0 0 0 0 0 0 0 0 0 0 0 0 0 0 0 2 0 2 0 3 0 0 0 0 0 0 0 0 0 0 0 0 0 0 0 0 0 0 0 0 0 0 0 1 0 1 0 11 0 0 0 0 0 0 0 1 0 0 0 0 
 230 511 432 466 56 244 127 0 335 41 148 56 369 201 263 66 144 35 167 440 0 2 0 0 4 0 2 0 3 0 2 0 205 2 0 0 207 4 5 0 0 0 0 0 0 0 0 0 0 0 0 62 0 0 0 2 0 0 0 0 0 3 0 0 0 0 0 0 0 0 2 0 2 2 0 0 0 0 0 0 14 22 24 16 55 21 0 32 3 11 22 0 7 80 25 0 10 12 5 13 0 0 0 0 0 1 0 0 7 0 0 0 14 0 0 0 0 0 0 1 0 1 0 1 0 0 10 0 0 0 0 0 0 0 0 0 0 0 0 0 0 4 0 0 0 0 0 0 0 0 0 0 0 0 0 0 0 0 0 0 8 11 15 0 16 0 0 0 0 34 56 0 21 14 0 18 48 0 0 0 0 0 0 0 2 0 1 0 2 0 11 0 11 0 0 6 0 0 0 0 3 0 0 0 0 0 0 0 0 0 0 0 0 0 0 0 0 0 0 0 0 0 0 0 0 0 0 0 0 1 0 0 0 0 0 0 0 0 0 0 0 0 0 0 0 1 0 0 2 2 0 7 10 0 0 0 0 0 0 0 0 0 0 0 0 0 0 0 0 2 0 0 0 0 0 0 10 0 0 0 0 0 0 0 0 0 0 0 0 0 
 257 209 94 227 352 36 66 335 0 475 151 120 284 321 168 248 89 269 58 281 0 2 0 0 2 0 2 0 2 0 1 0 37 0 0 0 2 4 96 0 0 0 0 3 0 0 0 0 0 0 7 0 0 0 1 2 0 0 0 0 0 3 0 0 0 0 0 0 2 0 3 0 3 3 0 3 0 0 0 0 20 24 12 15 1 6 0 19 0 58 23 17 0 28 0 1 29 0 0 0 11 0 0 1 0 0 10 0 11 0 0 0 15 1 0 0 0 2 13 0 0 0 0 0 0 0 0 0 0 0 0 0 0 0 0 0 0 0 0 0 0 5 0 0 0 0 0 0 2 0 0 2 0 0 0 0 0 0 0 0 11 23 18 0 1 6 0 26 17 33 19 9 13 15 0 33 56 14 0 0 0 12 1 0 0 0 0 0 0 0 0 0 37 0 0 0 0 0 11 0 0 0 0 0 0 0 0 0 0 0 0 0 0 0 0 0 0 0 0 0 0 0 0 0 0 0 0 0 0 0 0 2 0 0 0 0 0 0 0 0 0 19 0 0 0 0 113 2 1 88 0 7 0 2 1 0 0 0 0 0 0 0 13 0 0 60 0 0 0 0 0 0 0 0 0 0 11 0 0 0 0 0 0 0 0 0 0 0 0 0 
 44 48 54 107 200 167 172 41 475 0 207 136 269 301 408 189 242 59 64 98 0 2 0 0 4 0 2 0 3 0 1 0 56 0 0 0 2 4 184 0 0 0 0 3 0 0 0 0 6 0 0 0 0 0 0 26 63 0 0 0 0 3 0 0 0 0 0 0 0 0 2 1 2 2 0 0 0 0 0 0 11 15 0 9 25 2 0 0 0 16 8 18 0 0 0 11 11 19 0 0 35 0 0 1 0 0 11 0 26 0 0 0 19 10 0 0 0 20 43 15 0 0 0 0 0 2 0 0 0 0 0 0 0 2 0 0 0 0 0 0 0 0 0 0 0 0 0 0 0 0 0 0 0 0 0 0 0 0 0 0 11 30 0 14 27 12 20 13 44 47 28 15 0 0 0 14 12 15 0 0 17 15 0 0 0 0 13 1 0 0 0 0 29 17 6 0 0 0 34 0 0 0 0 0 0 0 2 0 0 0 0 0 0 0 0 0 0 0 0 0 0 0 0 0 0 0 0 0 0 0 0 0 0 0 0 0 0 0 0 0 0 0 0 0 0 2 139 2 6 0 2 16 12 0 0 0 0 0 0 0 0 0 28 0 0 0 0 0 0 0 0 0 0 1 0 8 6 0 0 0 0 0 0 0 0 0 0 0 0 0 
 270 342 662 779 234 334 53 148 151 207 0 266 332 41 212 402 96 135 46 259 0 2 0 0 2 0 2 0 3 0 2 0 0 60 31 0 2 3 7 0 0 0 0 1 0 0 0 0 0 1 0 0 0 0 1 2 0 0 0 0 0 3 0 0 0 0 0 0 0 0 1 0 2 1 0 47 0 0 0 0 20 19 29 17 0 29 0 12 15 0 0 10 22 29 0 26 2 14 0 0 8 27 0 1 0 0 0 0 0 0 0 0 0 0 0 0 0 0 0 10 0 0 0 0 0 0 0 0 0 0 0 0 0 0 0 0 0 0 0 0 0 0 0 0 0 0 1 0 0 0 0 0 0 0 0 0 0 0 0 0 21 12 41 14 10 11 0 18 24 26 1 12 2 0 0 12 41 10 12 0 0 2 2 0 0 0 23 1 0 0 18 0 25 7 0 0 0 0 20 2 0 0 0 0 2 0 0 0 0 0 0 0 0 0 0 0 0 0 0 0 0 0 0 0 0 0 0 0 0 3 0 1 0 0 0 0 0 0 0 0 0 1 0 0 0 0 175 2 1 10 1 80 0 1 0 0 0 0 0 0 0 0 9 0 0 0 0 0 0 0 0 0 0 0 0 8 0 0 0 0 0 0 0 0 0 0 0 0 0 1 
 117 267 437 342 231 141 57 56 120 136 266 0 46 123 134 400 88 149 44 118 0 4 0 0 2 3 8 24 2 0 2 2 73 111 78 1 2 6 22 74 0 0 0 3 0 1 0 0 0 61 6 0 0 0 1 2 64 0 0 0 0 3 0 0 0 0 0 0 1 0 3 0 3 3 0 4 0 0 0 0 16 9 53 37 0 20 0 0 21 0 14 65 0 13 0 32 1 15 41 1 0 42 0 0 0 0 15 0 1 29 0 0 6 0 0 0 0 0 0 5 0 0 0 0 0 0 0 0 0 0 0 0 0 0 0 0 0 0 0 0 0 0 0 0 0 0 0 0 0 0 0 0 0 0 0 0 0 61 2 0 18 15 15 24 0 0 0 11 20 20 0 0 0 2 1 15 30 28 25 0 0 0 0 1 32 0 25 41 36 0 0 0 17 71 15 0 0 0 69 12 0 0 0 0 0 0 0 0 2 2 0 0 0 0 0 0 0 0 0 0 0 0 0 0 0 0 0 0 0 0 0 0 0 0 0 0 0 0 0 0 0 28 0 0 0 2 187 6 1 45 0 21 0 0 0 0 0 0 0 0 0 0 21 0 0 0 0 0 0 0 0 0 0 0 0 10 0 0 0 10 0 0 0 0 0 0 0 0 0 0 
 362 254 350 183 97 250 490 369 284 269 332 46 0 334 76 141 194 124 313 186 0 2 25 0 2 0 4 0 4 0 0 32 0 0 0 0 0 4 3 0 0 0 0 2 0 3 0 0 1 0 3 0 0 0 2 2 2 0 2 0 2 3 0 0 2 2 1 2 2 0 3 0 3 3 3 0 0 6 0 0 8 13 16 9 0 0 9 43 10 11 12 0 15 17 0 3 11 0 28 9 0 0 0 0 0 21 0 0 0 0 0 0 0 0 0 2 3 0 0 2 0 0 0 0 0 0 0 0 0 0 0 0 0 0 0 0 0 0 1 0 0 4 0 0 0 0 0 0 0 0 0 0 0 0 0 0 0 0 0 0 10 10 0 10 0 20 0 34 0 11 34 12 10 25 0 15 16 23 0 29 0 0 0 0 0 0 1 0 0 0 0 2 0 0 0 0 0 0 0 0 0 0 0 0 0 0 0 0 0 0 0 0 0 0 0 0 0 0 0 0 0 0 0 0 0 0 0 0 0 0 0 0 0 0 0 0 0 0 0 0 0 0 0 0 0 3 0 0 1 3 0 3 0 0 0 0 0 1 0 2 0 2 0 0 0 0 0 0 0 0 0 0 0 0 0 0 5 0 0 0 0 0 0 0 0 0 0 0 0 0 
 205 229 116 99 147 60 381 201 321 301 41 123 334 0 185 250 35 37 374 220 3 2 1 0 4 0 2 0 3 0 1 1 3 2 0 0 1 7 163 0 0 0 0 4 0 0 0 0 0 0 8 2 0 0 33 2 5 0 0 0 0 5 0 0 0 2 1 6 1 0 3 0 3 3 0 0 3 0 0 0 0 14 28 0 0 0 17 44 0 54 14 21 19 19 19 10 26 1 12 0 0 0 0 14 0 0 0 0 0 0 0 0 5 0 0 0 0 0 0 12 0 0 0 0 0 0 0 1 0 0 0 0 0 0 0 0 0 0 8 0 0 3 3 0 0 0 0 0 0 0 0 0 0 0 0 0 0 0 0 0 19 9 19 15 0 0 10 0 9 7 10 0 32 22 12 39 67 1 10 1 0 0 10 0 0 0 1 0 0 0 0 0 0 0 0 0 0 0 9 0 0 0 0 0 0 0 0 0 0 0 0 0 1 0 18 0 0 0 0 0 0 0 0 0 0 0 0 0 0 0 0 0 0 0 0 0 0 0 0 0 0 16 0 0 0 3 2 2 0 0 0 3 0 0 0 0 0 0 0 0 0 0 0 0 0 0 0 0 0 0 0 0 0 0 0 11 22 0 0 0 0 0 0 0 0 0 0 0 0 0 
 44 75 329 75 155 83 443 263 168 408 212 134 76 185 0 96 134 251 261 110 0 2 0 2 3 0 3 0 3 4 1 1 74 0 0 3 3 10 3 0 0 0 2 0 2 0 0 0 0 2 2 0 0 0 2 65 3 1 0 0 0 3 0 0 1 2 0 0 0 0 0 2 2 0 1 9 0 4 0 0 1 0 35 1 15 8 31 0 17 24 44 0 18 26 19 28 0 0 16 28 0 2 0 0 0 0 0 0 10 0 0 0 13 0 0 0 0 0 8 0 0 0 0 0 0 0 1 0 0 0 0 0 0 0 0 0 0 0 0 0 0 0 0 14 0 0 2 0 0 1 0 0 0 0 0 0 0 0 0 0 7 0 52 21 0 0 11 19 0 14 0 0 1 0 14 10 23 11 12 13 0 1 1 0 0 0 0 0 0 2 3 0 23 0 0 0 0 0 0 0 0 0 18 0 1 0 0 0 0 0 0 0 0 0 0 0 0 0 0 0 0 0 0 0 0 0 0 0 0 0 0 4 0 0 0 0 0 1 0 0 0 0 0 0 0 3 0 0 3 87 0 11 0 0 0 0 0 0 0 0 0 1 0 0 0 0 0 0 0 0 0 0 0 0 0 0 23 17 0 0 0 0 0 0 19 0 0 0 0 0 
 310 383 60 159 111 178 143 66 248 189 402 400 141 250 96 0 550 35 138 158 0 5 0 0 3 0 2 8 3 0 2 0 2 0 0 0 2 4 76 0 0 0 0 3 0 0 0 3 0 1 0 0 0 0 0 2 0 1 0 0 0 3 0 0 0 0 0 0 0 2 0 0 2 0 0 0 0 0 0 0 44 32 34 15 29 0 1 21 2 32 2 4 1 29 0 9 57 0 1 14 8 0 0 0 0 0 0 0 0 0 0 0 20 0 0 0 0 0 0 0 0 0 0 0 0 0 16 0 0 0 0 0 0 0 9 0 0 0 0 2 0 2 0 0 0 0 16 0 0 0 0 0 0 0 0 0 0 0 0 0 12 30 0 0 13 7 0 9 16 28 17 10 12 39 21 35 47 39 0 13 0 0 0 0 0 0 12 0 13 0 0 0 28 0 0 0 0 0 17 0 0 0 0 0 0 0 0 0 0 0 0 0 0 0 0 0 0 0 0 0 0 0 0 0 0 0 0 0 0 0 0 0 0 0 0 0 0 0 1 0 0 0 0 0 0 4 48 2 0 3 2 25 10 0 0 0 0 0 0 0 0 0 13 0 0 0 0 0 0 0 0 0 0 0 0 0 0 10 0 0 0 0 0 0 0 0 0 0 0 1 
 205 207 52 54 52 162 171 144 89 242 96 88 194 35 134 550 0 221 393 123 0 4 3 0 2 2 2 0 3 0 1 0 75 0 0 2 2 4 5 0 0 0 0 0 0 0 0 1 0 0 0 0 3 0 3 2 0 0 0 0 0 3 0 0 0 0 0 0 0 0 2 42 6 4 0 3 0 0 0 0 21 0 6 23 7 0 16 2 74 21 0 0 18 33 14 15 35 37 49 0 0 0 0 0 0 0 0 0 0 0 0 0 9 1 0 0 0 0 0 0 0 0 0 0 0 1 0 0 0 0 0 0 0 2 0 0 0 0 0 0 0 0 0 0 0 2 0 0 0 0 0 0 0 0 0 15 1 0 0 0 15 5 0 9 16 24 10 37 10 18 33 14 0 10 13 11 0 89 0 23 15 0 0 0 0 0 0 0 0 0 2 0 38 0 13 0 0 0 0 0 0 0 0 0 0 0 0 0 20 0 15 0 0 2 0 0 0 0 0 0 0 0 0 0 0 0 0 0 0 0 0 0 0 0 0 0 2 0 0 0 0 0 0 0 0 1 0 0 3 1 0 2 2 0 0 0 0 0 0 0 0 0 0 0 0 0 2 0 0 0 0 0 0 1 0 0 0 14 0 0 0 0 0 0 0 0 0 0 0 0 
 333 39 32 32 30 175 230 35 269 59 135 149 124 37 251 35 221 0 135 233 0 2 0 0 3 0 83 0 4 0 1 2 0 0 0 0 1 5 3 0 1 0 28 0 0 0 0 1 0 0 2 0 0 0 24 22 21 0 0 0 0 3 0 0 0 0 0 0 0 0 2 0 2 2 0 4 0 0 0 0 14 0 2 43 1 16 0 29 35 11 14 0 0 14 0 34 30 12 8 19 2 0 0 0 0 0 0 0 0 0 0 0 17 0 0 0 0 0 16 14 0 0 0 0 0 0 0 0 0 0 0 0 0 29 0 0 0 0 0 0 0 3 0 0 0 0 0 10 0 0 0 0 0 0 0 0 0 0 0 0 0 0 15 15 17 14 0 39 0 1 10 0 13 29 17 16 0 44 26 33 0 0 0 0 0 0 12 8 0 0 0 0 1 1 0 0 0 0 1 0 0 0 0 0 0 0 0 0 0 0 0 0 0 0 0 0 0 0 0 0 0 0 0 0 0 0 0 0 0 0 0 0 0 0 0 0 0 0 0 0 0 0 0 0 0 0 4 0 3 88 16 8 0 0 2 0 0 0 0 0 0 0 0 0 0 0 0 0 0 0 0 0 0 0 0 0 0 12 0 0 0 0 0 0 0 0 0 0 0 0 
 264 41 147 63 49 36 80 167 58 64 46 44 313 374 261 138 393 135 0 74 0 2 0 0 2 0 3 0 3 0 2 0 1 0 0 0 2 4 3 0 0 0 0 0 0 0 0 0 0 0 0 0 0 0 0 2 0 0 0 0 0 34 0 0 0 0 0 0 0 0 2 0 2 2 0 0 0 0 0 0 27 0 18 16 0 0 37 19 22 0 0 9 87 33 21 37 10 21 15 0 0 0 0 0 0 0 0 0 0 0 0 0 0 0 0 0 0 0 0 0 0 0 0 0 0 0 0 0 0 0 0 0 0 0 0 20 0 0 0 0 0 0 0 0 0 0 0 0 0 0 0 0 0 0 2 0 0 0 0 0 0 0 0 0 0 0 21 0 15 14 0 0 13 39 45 14 20 23 16 16 0 0 0 0 0 2 0 0 0 0 1 0 0 0 0 0 2 0 0 0 0 0 0 0 0 0 0 2 0 0 0 0 0 1 0 0 0 0 16 0 0 0 0 0 0 0 0 0 0 0 0 0 0 0 0 0 0 0 0 0 0 0 0 0 0 0 0 0 1 0 0 18 0 2 0 0 0 0 0 0 0 0 0 0 0 0 1 0 0 0 0 0 0 2 0 0 11 2 0 0 0 0 0 0 0 0 0 0 0 0 
 150 83 228 300 73 129 248 440 281 98 259 118 186 220 110 158 123 233 74 0 0 2 0 2 5 0 2 0 3 0 1 1 0 0 0 0 1 5 3 0 0 0 0 0 0 0 0 0 0 2 0 0 0 0 2 2 0 0 0 0 0 3 0 0 0 0 0 0 0 0 0 0 2 0 0 4 0 0 0 0 16 18 12 2 0 7 14 15 52 55 34 0 5 28 28 12 27 0 6 24 0 0 0 0 0 0 0 0 0 0 0 0 0 0 0 0 0 0 0 0 0 0 0 0 0 0 0 0 0 0 0 0 0 0 0 0 0 0 0 0 0 5 0 18 0 0 0 0 0 0 0 0 0 0 0 0 0 0 0 0 41 10 36 1 0 10 0 27 0 20 0 13 0 0 0 0 17 15 11 13 0 0 0 0 0 0 0 0 0 0 0 0 3 1 0 0 0 0 0 0 0 0 0 0 0 0 0 0 0 0 0 0 0 1 0 0 0 0 0 0 0 0 0 0 0 0 0 10 0 0 0 0 0 0 1 0 0 0 0 0 0 0 0 0 0 2 3 0 0 90 0 2 0 0 0 0 0 0 0 0 0 0 1 0 0 0 0 0 0 0 0 0 0 0 0 0 0 0 0 0 0 0 0 0 0 0 0 0 0 0 
 0 0 0 0 103 0 0 0 0 0 0 0 0 3 0 0 0 0 0 0 0 182 299 168 273 80 229 55 52 57 201 239 123 49 113 149 140 19 127 52 0 0 0 0 10 0 0 0 0 66 2 2 0 0 0 0 1 0 1 3 0 0 0 2 2 0 0 0 0 0 3 7 2 0 3 0 35 2 3 3 0 0 0 0 13 8 0 0 0 0 0 0 0 0 1 0 0 0 0 0 2 29 17 60 5 1 11 22 0 18 0 1 0 0 35 42 51 9 0 13 3 0 0 0 0 0 0 0 0 2 0 0 10 0 0 0 0 0 2 0 2 0 9 0 0 2 0 0 0 0 0 0 0 0 0 0 0 0 0 2 0 0 2 4 0 13 0 0 0 0 0 0 0 0 10 2 0 0 0 0 0 0 55 21 21 0 0 22 32 26 44 35 18 0 9 49 14 25 0 1 0 0 0 0 0 0 0 0 1 2 0 0 26 0 0 0 0 0 10 7 0 0 0 0 0 0 0 0 0 0 2 0 0 0 0 0 0 0 0 0 0 0 19 0 0 0 0 0 0 0 0 0 0 0 11 0 2 4 1 0 3 8 0 0 0 0 0 0 0 0 0 0 0 0 0 0 0 0 0 0 0 14 0 0 0 0 0 0 0 0 
 2 4 5 6 2 2 2 2 2 2 2 4 2 2 2 5 4 2 2 2 182 0 263 222 476 42 94 216 538 222 119 83 120 80 166 91 108 114 325 204 0 0 0 0 0 3 0 2 0 0 2 3 0 0 0 10 0 0 0 78 0 0 0 2 2 0 0 0 1 2 0 0 3 1 3 0 0 8 3 3 0 0 0 0 0 0 0 0 0 0 0 4 0 0 2 0 0 0 0 0 0 0 18 13 9 0 0 0 32 36 12 0 0 36 16 0 9 1 0 2 0 0 0 0 0 0 0 0 0 1 0 0 0 0 0 0 0 0 12 9 0 0 4 0 0 1 0 0 5 0 1 0 0 0 0 0 0 0 0 0 0 0 0 0 27 0 0 0 0 0 2 0 0 0 0 0 0 0 0 0 56 1 22 0 18 14 0 18 6 13 14 66 0 0 22 38 0 51 0 22 0 0 0 0 0 0 0 0 0 1 0 0 24 0 9 0 0 0 2 13 0 0 0 0 0 0 0 0 0 0 0 0 0 0 0 0 0 0 0 0 0 0 0 0 0 0 0 0 0 0 0 1 0 0 0 0 1 233 0 0 2 37 0 0 0 0 6 0 0 0 0 0 0 0 0 0 0 0 0 9 0 9 0 0 17 0 13 0 0 0 
 0 1 3 8 4 0 0 0 0 0 0 0 25 1 0 0 3 0 0 0 299 263 0 131 118 195 155 335 85 260 236 335 135 338 77 172 92 263 52 37 0 0 0 0 0 3 0 0 0 0 2 3 205 0 0 2 0 0 0 13 38 0 0 2 2 0 0 0 2 3 0 1 3 4 3 0 0 0 3 3 0 0 0 0 0 0 0 0 0 0 0 0 0 0 0 0 0 0 0 0 0 0 21 43 37 23 0 23 0 34 27 12 0 0 22 19 33 17 0 0 9 11 0 0 0 0 0 4 0 0 0 0 8 0 26 0 0 0 17 9 0 0 15 0 0 1 0 0 0 0 0 0 0 0 0 0 0 0 0 0 0 0 0 1 0 0 0 0 0 2 0 0 1 0 6 0 0 0 0 0 0 0 40 17 57 12 0 22 31 3 16 19 0 1 24 34 10 10 0 0 0 8 7 0 3 0 31 0 1 0 0 0 43 0 13 0 0 2 0 10 0 0 0 0 0 0 0 0 2 0 0 1 0 0 0 0 0 0 0 0 0 0 0 0 0 0 0 0 0 0 0 0 0 0 5 0 2 124 0 0 22 1 0 0 0 0 20 0 0 0 0 0 0 0 0 0 0 0 0 0 0 38 0 0 0 0 0 0 0 0 
 1 0 0 0 2 3 0 0 0 0 0 0 0 0 2 0 0 0 0 2 168 222 131 0 73 38 243 81 164 307 485 184 44 366 168 65 46 97 343 137 0 1 0 0 0 17 0 0 0 0 2 2 62 0 62 7 0 0 31 53 1 1 4 4 2 0 0 2 5 0 0 0 2 3 3 0 0 3 5 5 0 0 0 0 0 0 0 0 0 16 0 0 0 0 0 0 0 0 0 0 0 0 22 16 9 10 0 11 14 18 21 10 0 0 0 0 9 7 5 0 10 0 0 0 0 0 0 0 0 0 0 0 1 15 8 13 0 0 11 0 0 0 6 0 0 1 0 0 0 0 0 0 0 0 0 0 0 0 0 0 0 0 7 0 0 0 0 0 0 0 0 0 0 0 0 0 0 0 0 0 0 11 17 19 28 6 31 16 14 11 21 0 0 0 25 13 17 2 0 12 14 6 0 7 0 0 0 16 11 0 0 0 23 0 41 1 0 0 0 0 0 0 0 0 0 0 0 0 0 0 0 0 0 0 0 0 0 0 0 7 0 0 0 0 0 0 0 0 0 0 0 0 0 0 19 1 2 41 76 0 14 0 0 0 0 0 0 0 0 0 0 0 0 0 0 0 0 0 0 0 0 36 0 0 0 0 0 0 0 0 
 4 3 4 77 2 3 2 4 2 4 2 2 2 4 3 3 2 3 2 5 273 476 118 73 0 148 55 280 74 174 163 47 143 101 151 131 54 122 69 81 60 0 0 0 0 63 69 125 65 3 2 3 126 0 24 77 1 0 119 26 0 0 0 2 2 0 10 0 1 1 3 0 8 1 3 0 0 1 3 3 0 0 0 0 0 0 0 0 0 0 0 0 0 0 0 0 0 0 0 0 0 0 0 2 0 12 0 7 0 0 0 26 13 0 0 12 15 0 0 0 9 22 64 15 0 0 4 18 0 23 1 29 30 28 0 21 17 9 27 43 0 0 3 0 0 0 0 0 0 0 0 0 0 0 0 0 0 0 0 0 0 0 0 0 0 0 5 0 0 0 0 0 19 0 0 0 0 0 0 0 0 0 12 15 10 8 0 0 0 16 5 34 0 0 0 6 0 0 0 0 31 14 0 29 0 0 16 0 14 1 0 0 0 12 47 13 0 19 41 27 0 0 0 0 0 0 0 0 0 0 0 0 18 0 0 0 0 1 0 1 0 9 8 0 0 0 0 0 0 1 0 0 0 0 11 0 0 0 1 0 6 0 0 0 0 0 0 1 0 0 0 0 0 0 0 0 0 0 0 0 0 0 0 0 0 0 0 0 0 0 
 0 0 3 4 0 0 0 0 0 0 0 3 0 0 0 0 2 0 0 0 80 42 195 38 148 0 109 452 423 69 66 416 39 276 281 149 143 136 283 45 63 62 0 0 0 0 0 31 58 4 2 2 63 0 1 1 22 0 63 132 0 0 0 2 2 0 4 0 0 1 0 0 2 0 3 0 0 2 3 3 0 0 0 0 0 0 0 19 0 0 0 11 0 0 0 0 0 0 0 0 0 0 14 11 10 32 0 11 0 26 10 0 0 0 6 12 0 0 0 0 13 18 0 11 0 0 16 0 0 31 0 1 12 9 16 18 31 0 15 0 0 0 0 0 0 0 0 0 0 0 0 2 0 1 0 0 2 0 12 0 0 0 0 0 21 0 0 0 1 0 0 0 0 0 3 0 0 0 0 0 0 0 10 0 0 70 0 0 12 27 0 20 0 0 0 9 12 20 0 0 18 1 52 0 0 12 0 2 2 0 0 16 28 21 34 35 0 13 0 16 0 0 11 0 2 0 0 0 0 0 0 0 0 0 0 0 2 0 15 0 0 0 5 0 0 0 0 0 0 0 0 0 0 0 2 0 2 0 1 5 1 14 0 0 0 0 0 0 0 0 0 0 0 0 0 0 0 0 0 0 0 0 0 0 0 0 0 15 0 0 
 2 2 7 2 2 3 2 2 2 2 2 8 4 2 3 2 2 83 3 2 229 94 155 243 55 109 0 100 217 280 56 55 150 59 118 145 307 47 253 516 0 0 0 0 0 0 0 0 0 0 2 7 81 0 0 0 0 2 1 0 0 0 4 2 2 0 0 0 6 0 0 2 2 0 3 0 0 2 3 3 0 0 0 0 0 0 0 0 10 0 2 0 0 0 0 0 2 10 0 0 0 24 93 1 26 0 18 18 0 9 0 14 12 29 26 23 8 14 57 0 30 0 0 0 0 0 0 0 0 0 0 0 0 0 1 0 0 0 0 0 0 0 2 0 0 3 1 0 0 0 0 7 0 0 0 0 0 0 0 4 11 0 0 0 24 12 0 0 0 0 11 0 0 0 5 0 0 0 0 0 1 31 15 25 11 0 21 28 13 31 42 7 0 23 25 21 22 2 17 35 0 0 0 2 0 0 0 0 0 0 0 2 31 0 0 0 0 0 0 0 0 0 0 0 0 0 0 0 0 0 0 0 1 0 15 0 0 0 0 0 0 0 0 0 0 0 0 0 72 0 12 0 0 0 6 2 2 76 36 0 4 0 0 0 0 0 0 0 0 0 0 0 0 0 0 0 2 0 0 0 0 12 0 2 0 0 0 0 0 0 
 1 3 3 0 73 74 0 0 0 0 0 24 0 0 0 8 0 0 0 0 55 216 335 81 280 452 100 0 266 137 18 22 274 149 602 35 259 146 269 293 0 0 0 0 3 2 0 0 0 0 2 3 0 0 0 0 0 0 0 0 0 0 50 52 2 0 0 0 8 3 0 0 3 0 3 0 0 6 3 3 0 0 0 23 29 24 0 0 0 0 12 10 0 0 0 0 0 0 0 0 0 18 7 13 5 0 14 21 59 28 0 19 16 17 30 0 9 2 9 11 0 0 17 0 0 0 0 1 0 0 0 0 0 0 0 0 0 0 0 0 0 0 0 8 7 0 0 0 0 0 3 0 0 0 0 0 0 0 6 0 0 0 0 0 66 1 0 0 0 0 2 1 0 0 0 0 0 0 0 0 31 9 19 0 15 2 0 9 30 13 30 1 0 12 22 4 0 35 13 41 0 0 0 0 0 0 0 0 8 0 0 0 0 0 0 0 0 5 0 0 0 0 0 0 0 0 0 0 0 0 0 0 5 0 0 0 0 0 0 0 0 0 13 0 0 0 0 0 0 0 0 0 0 0 4 0 4 1 1 1 1 0 0 0 0 0 0 0 0 0 0 0 0 0 0 0 0 0 0 10 0 0 0 0 0 0 24 0 0 0 
 2 3 2 3 2 3 2 3 2 3 3 2 4 3 3 3 3 4 3 3 52 538 85 164 74 423 217 266 0 292 129 208 148 118 429 204 159 321 396 399 0 0 0 0 0 3 0 0 2 0 2 3 0 0 0 3 0 0 0 76 0 0 38 2 2 1 0 0 10 3 6 56 3 0 3 0 0 5 3 3 0 0 0 0 1 0 0 0 0 0 0 0 0 0 0 0 0 0 0 0 0 0 14 36 0 10 12 0 12 12 12 10 0 32 18 0 0 0 0 2 0 11 0 0 0 0 0 0 0 0 0 0 0 0 0 0 0 11 8 0 0 0 2 0 0 1 0 0 0 0 0 0 1 0 0 0 0 0 0 0 0 0 0 0 7 0 0 13 0 0 2 0 0 0 3 0 0 0 0 0 46 13 18 27 24 23 9 9 3 29 9 26 0 0 23 31 0 18 0 0 0 0 0 0 0 9 0 0 0 0 0 0 3 0 13 2 0 0 0 0 0 0 0 0 0 0 0 0 0 1 0 0 0 0 0 0 0 0 0 0 0 0 0 0 0 0 0 0 0 0 0 0 0 28 11 2 0 78 0 2 3 52 0 0 0 0 0 0 0 0 0 0 0 0 0 0 0 0 0 10 0 12 0 0 0 0 14 0 0 0 
 2 0 0 0 0 0 0 0 0 0 0 0 0 0 4 0 0 0 0 0 57 222 260 307 174 69 280 137 292 0 242 195 56 176 251 385 152 195 80 116 0 0 0 2 3 34 0 0 0 0 2 2 0 1 132 15 3 0 1 46 2 2 22 6 2 0 0 0 16 0 0 0 2 6 3 0 0 2 3 7 0 9 0 0 0 0 0 0 0 0 0 0 0 0 0 0 0 0 1 0 0 0 75 32 35 0 0 32 0 12 46 21 0 12 0 0 0 0 0 0 10 0 2 0 0 0 5 0 0 0 0 0 1 16 0 27 0 0 15 0 0 2 20 7 0 2 0 0 0 0 0 0 0 0 0 0 0 0 0 0 0 0 0 0 12 0 0 0 0 0 0 0 0 0 1 0 2 0 0 0 25 9 33 5 6 27 2 32 6 33 12 0 0 0 23 23 20 0 1 23 0 0 0 0 0 0 0 17 0 0 0 0 29 0 32 1 0 0 0 0 0 0 0 0 0 0 0 0 0 0 0 9 0 0 0 1 0 0 0 0 0 0 0 0 0 0 0 0 0 0 0 0 0 0 7 0 1 6 2 2 4 3 0 0 0 0 0 0 0 0 0 0 0 0 0 0 0 0 0 0 0 28 0 0 0 0 0 0 0 1 
 1 2 1 1 0 1 3 2 1 1 2 2 0 1 1 2 1 1 2 1 201 119 236 485 163 66 56 18 129 242 0 286 43 255 304 82 139 115 82 268 0 0 0 0 1 66 61 0 0 0 65 4 31 0 0 8 2 0 65 9 0 0 0 2 2 0 0 0 0 0 0 0 2 0 3 0 0 2 10 3 0 0 0 0 0 0 0 0 0 0 0 0 0 0 0 0 0 0 1 0 0 14 20 0 1 14 18 10 0 9 25 24 0 9 0 11 18 29 0 0 1 0 0 0 0 0 0 10 0 0 0 0 2 20 19 0 0 0 35 11 0 2 2 0 0 3 0 0 0 1 0 0 0 0 0 0 0 0 0 4 0 0 0 0 0 0 0 0 0 0 0 0 0 0 0 0 0 0 0 0 0 19 1 38 45 35 0 22 9 2 37 26 0 0 12 16 0 0 1 0 6 0 0 0 0 0 0 0 0 0 0 0 29 0 32 0 0 0 0 0 0 0 0 0 0 0 0 0 0 0 0 0 0 0 0 0 0 0 0 0 0 0 0 0 0 0 0 0 0 2 0 0 0 0 14 3 0 74 40 0 1 0 0 0 0 0 0 0 0 0 0 0 0 8 0 0 0 0 0 0 0 16 0 0 0 1 0 0 0 0 
 2 0 0 0 2 1 0 0 0 0 0 2 32 1 1 0 0 2 0 1 239 83 335 184 47 416 55 22 208 195 286 0 33 464 400 62 189 106 131 99 0 0 0 0 0 5 0 0 0 0 2 5 82 0 3 1 0 0 22 66 4 0 0 2 2 0 6 0 1 2 3 0 6 5 3 3 3 3 3 3 15 0 0 0 0 0 0 0 0 0 0 0 0 0 0 0 0 0 1 0 0 0 54 19 8 7 0 11 12 7 47 17 0 14 21 19 1 8 0 0 26 11 13 0 0 0 11 3 0 0 0 0 11 17 14 16 0 7 20 0 0 0 4 0 0 2 0 0 0 0 0 0 0 0 0 0 17 0 0 0 0 0 0 0 6 14 0 0 0 0 0 0 0 0 7 0 0 11 0 0 0 0 27 13 0 1 0 14 16 62 13 23 0 10 11 76 0 0 0 0 19 19 6 0 0 0 13 0 0 0 0 0 47 0 0 0 0 0 14 6 0 0 0 0 0 0 0 0 0 2 0 0 0 0 0 1 0 0 0 0 0 0 0 0 0 0 0 0 0 0 0 0 0 0 2 0 2 74 2 3 0 19 0 0 0 0 1 0 0 0 0 0 0 0 0 0 0 0 0 0 0 0 0 0 0 8 0 0 0 0 
 0 0 0 0 0 82 0 205 37 56 0 73 0 3 74 2 75 0 1 0 123 120 135 44 143 39 150 274 148 56 43 33 0 243 17 209 190 37 166 250 0 1 0 0 0 8 0 0 62 0 2 7 0 62 0 0 0 0 1 0 0 0 0 2 2 0 0 0 0 1 0 1 2 0 7 41 0 2 3 5 0 0 0 8 23 10 0 0 0 0 30 14 0 0 0 0 0 2 0 0 21 0 0 12 19 0 17 15 21 16 2 0 22 9 9 0 7 21 55 22 1 0 0 0 0 0 0 0 0 0 0 0 0 0 0 0 0 0 0 0 0 0 0 0 0 0 0 0 0 0 2 0 0 0 0 0 0 0 4 0 0 18 0 0 30 6 9 0 0 19 24 15 0 0 1 0 0 0 0 0 20 36 0 15 0 0 0 0 0 2 18 0 9 12 9 25 18 11 23 29 0 0 0 0 0 0 0 0 0 0 0 0 0 0 0 0 11 0 0 0 0 2 0 0 0 0 0 0 0 0 0 0 0 0 0 0 0 0 0 0 0 0 0 0 0 0 0 0 0 0 0 0 15 0 7 1 0 1 78 0 2 0 0 0 0 0 0 0 0 0 0 0 0 0 0 0 9 2 0 16 0 0 0 0 0 0 0 0 0 0 
 0 3 0 0 94 5 0 2 0 0 60 111 0 2 0 0 0 0 0 0 49 80 338 366 101 276 59 149 118 176 255 464 243 0 357 244 121 246 123 378 2 3 0 0 0 5 3 0 0 3 11 7 0 0 0 0 3 1 1 0 0 0 2 2 2 2 0 0 3 0 0 3 2 0 3 3 0 2 7 3 0 1 0 0 0 34 0 0 17 0 14 18 0 0 0 0 0 0 0 0 16 25 46 1 34 0 7 8 34 13 12 21 15 16 26 16 23 0 20 12 0 0 0 0 0 0 0 0 0 0 0 0 0 2 0 0 0 0 0 0 0 0 0 5 6 1 0 0 0 0 0 0 0 0 0 0 0 5 11 31 0 0 0 1 0 28 2 0 0 0 0 0 0 0 0 0 0 0 1 0 0 14 0 45 0 0 20 0 35 21 13 0 0 46 19 6 37 5 25 26 0 2 0 0 0 0 0 0 0 0 0 0 0 1 0 0 0 0 0 0 0 0 0 0 0 0 0 0 0 0 0 0 0 0 0 0 0 1 2 0 0 0 0 0 0 2 0 0 0 0 0 0 0 0 4 0 0 0 39 2 0 0 0 0 0 0 0 0 0 0 0 0 0 0 0 0 0 0 0 9 0 0 0 0 1 0 0 0 0 0 
 0 3 0 0 47 0 0 0 0 0 31 78 0 0 0 0 0 0 0 0 113 166 77 168 151 281 118 602 429 251 304 400 17 357 0 236 39 46 191 212 0 0 0 0 0 4 0 0 1 0 2 1 0 0 0 6 0 0 64 3 0 0 6 2 2 0 0 0 44 0 0 0 2 0 3 0 0 8 3 3 0 0 0 0 0 17 0 0 0 0 0 0 0 0 0 0 0 0 0 0 12 29 39 12 0 0 7 0 24 0 0 8 0 31 0 2 2 28 0 11 0 0 0 0 0 0 0 0 0 0 0 0 10 0 0 0 0 0 18 0 0 0 0 0 0 2 0 0 0 0 0 0 0 0 0 0 0 2 0 8 0 0 0 0 0 0 0 0 0 1 1 0 0 0 1 0 0 0 0 0 0 20 0 26 52 0 16 10 22 10 0 10 0 40 29 7 13 7 19 2 11 0 11 0 0 0 0 22 0 0 0 0 2 0 13 0 0 0 15 8 0 0 0 0 0 0 0 0 0 0 0 0 0 0 0 0 0 0 0 0 0 0 0 0 0 0 0 0 0 0 0 0 0 0 2 0 0 3 0 0 2 0 0 0 0 0 0 0 0 0 0 0 0 0 0 0 0 0 0 0 0 19 0 0 0 7 36 0 0 0 
 0 0 0 0 0 0 0 0 0 0 0 1 0 0 3 0 2 0 0 0 149 91 172 65 131 149 145 35 204 385 82 62 209 244 236 0 157 47 174 199 0 0 0 0 3 2 33 0 1 0 7 8 0 0 0 2 2 0 2 2 1 1 38 4 2 0 0 0 8 0 0 0 2 26 3 4 0 4 3 5 0 0 0 0 0 0 0 0 0 0 1 1 0 0 0 0 0 0 0 0 10 49 34 8 46 1 12 28 14 23 19 31 0 22 34 46 27 19 14 21 9 2 1 0 0 0 0 0 0 1 8 0 9 0 1 0 0 0 11 0 2 0 0 0 0 2 0 8 0 0 0 0 2 0 0 0 0 8 0 6 0 0 2 0 0 0 0 0 0 0 0 0 0 0 3 2 0 0 0 0 12 39 12 79 7 0 11 7 33 34 0 41 0 10 0 52 42 22 0 35 0 12 0 0 0 0 0 45 0 0 0 0 7 0 0 0 0 0 0 0 0 0 0 0 0 0 0 0 0 0 2 0 0 0 0 0 0 0 0 0 0 0 0 0 0 74 0 0 0 0 0 0 0 0 10 0 1 74 8 1 14 0 0 0 0 0 0 0 0 0 0 0 0 0 0 0 0 0 0 13 0 0 0 0 0 0 0 0 0 0 
 1 2 1 2 1 214 2 207 2 2 2 2 0 1 3 2 2 1 2 1 140 108 92 46 54 143 307 259 159 152 139 189 190 121 39 157 0 66 131 274 2 4 4 4 0 2 2 0 0 3 10 11 2 3 1 0 0 2 3 4 1 3 0 2 2 0 0 0 3 1 0 0 2 0 5 0 0 3 7 3 0 0 0 0 0 0 0 0 0 0 0 0 0 2 0 0 0 0 0 0 0 0 25 1 27 0 0 11 24 15 0 11 0 30 31 10 1 0 1 16 7 0 0 0 0 0 0 0 1 0 0 0 0 0 0 0 0 0 0 0 0 0 0 0 0 11 0 0 0 0 0 0 0 0 0 0 0 3 0 0 0 0 0 0 3 0 0 2 0 0 1 1 0 0 4 0 0 0 0 0 16 22 13 12 0 3 0 0 0 20 0 4 0 25 11 25 12 6 12 15 0 0 0 0 0 0 0 0 0 0 0 0 0 0 0 0 0 0 0 0 0 0 0 0 0 0 0 17 1 0 0 5 0 0 0 0 0 0 0 0 0 0 0 0 0 0 0 0 0 2 0 0 0 0 6 0 0 89 91 7 2 0 0 0 0 0 0 1 0 0 0 0 0 0 0 0 0 0 0 9 0 0 0 0 0 0 0 0 0 2 
 5 5 4 4 5 3 5 4 4 4 3 6 4 7 10 4 4 5 4 5 19 114 263 97 122 136 47 146 321 195 115 106 37 246 46 47 66 0 236 117 0 0 2 0 0 0 0 0 0 0 2 3 30 0 64 0 0 0 0 39 0 0 0 2 2 0 0 0 1 1 0 0 2 0 3 0 0 4 7 3 0 0 0 0 0 0 0 0 0 0 0 0 0 0 0 0 0 0 0 0 0 0 0 0 25 12 0 0 8 42 24 1 0 12 1 0 8 0 0 0 9 0 0 0 0 0 10 0 0 0 0 0 26 26 0 19 0 0 32 7 11 0 0 0 0 0 0 0 0 0 0 0 0 0 0 0 0 0 0 0 0 0 0 0 4 0 0 0 0 0 1 0 0 0 0 0 0 0 0 0 8 0 11 0 8 25 0 0 0 29 0 9 0 0 7 6 5 22 0 12 0 7 0 0 0 0 1 18 12 0 0 0 9 0 13 10 0 15 10 10 0 0 0 0 0 0 0 0 0 0 0 0 0 0 0 0 0 0 0 0 0 0 0 0 0 0 1 0 0 0 0 0 0 0 0 3 0 73 0 2 2 3 0 0 0 0 0 0 0 0 0 0 0 0 0 0 0 0 0 0 0 0 0 0 0 0 15 0 0 0 
 3 3 163 80 133 9 3 5 96 184 7 22 3 163 3 76 5 3 3 3 127 325 52 343 69 283 253 269 396 80 82 131 166 123 191 174 131 236 0 351 0 1 57 2 0 0 0 0 0 0 4 3 0 0 0 0 0 0 0 0 0 0 0 2 2 0 0 0 2 2 0 64 3 0 4 0 2 0 3 10 0 2 1 0 1 0 0 0 0 4 19 20 2 0 0 1 1 14 0 0 59 57 0 4 2 0 13 0 25 0 0 15 16 6 30 16 0 0 15 41 2 0 0 0 0 0 0 0 0 0 0 0 0 0 0 0 0 0 20 0 0 0 0 0 0 0 0 0 0 0 1 0 0 0 0 0 0 0 0 0 0 8 0 30 9 9 7 0 18 11 0 19 0 0 10 12 13 0 0 0 16 12 0 0 0 0 9 0 28 0 9 11 0 26 2 11 0 13 24 0 0 0 0 0 0 0 0 0 0 0 0 0 0 0 1 0 0 0 0 0 0 1 10 0 0 0 0 0 0 9 0 0 0 0 0 0 14 0 0 0 0 13 0 0 0 3 148 0 0 0 0 0 0 0 5 1 3 43 0 1 1 0 10 0 0 0 0 1 0 0 0 0 0 0 0 9 0 0 0 2 0 0 0 0 0 0 0 0 0 0 
 0 0 0 0 66 75 0 0 0 0 0 74 0 0 0 0 0 0 0 0 52 204 37 137 81 45 516 293 399 116 268 99 250 378 212 199 274 117 351 0 3 0 0 0 0 0 0 0 1 0 2 6 0 0 0 2 0 0 2 0 0 0 8 2 2 0 0 0 6 0 0 0 2 0 3 0 0 3 3 3 0 0 0 0 0 16 0 0 0 0 14 18 0 0 0 0 0 0 0 0 17 0 19 0 28 0 12 23 33 3 12 33 10 33 11 22 36 1 16 13 0 0 0 0 0 0 0 0 0 0 0 0 0 0 0 0 0 1 0 0 0 0 0 6 7 0 0 0 0 0 2 1 0 0 0 0 0 0 4 0 0 2 0 0 3 0 0 0 0 0 6 0 0 0 2 0 0 0 0 0 16 19 5 9 0 17 0 9 2 45 0 2 0 10 22 20 12 36 0 31 0 0 0 0 1 8 0 0 0 0 1 0 0 0 0 0 0 0 0 0 0 0 0 0 0 0 0 0 0 0 0 0 0 0 0 0 0 2 0 0 0 0 0 0 0 17 0 0 0 0 0 0 0 0 9 0 2 2 3 2 3 0 0 0 0 0 0 0 0 0 0 0 0 0 0 0 0 0 0 1 0 0 0 0 0 0 0 0 0 0 
 0 0 0 0 0 0 0 0 0 0 0 0 0 0 0 0 0 1 0 0 0 0 0 0 60 63 0 0 0 0 0 0 0 2 0 0 2 0 0 3 0 282 85 48 63 95 130 170 164 30 37 37 50 39 115 155 82 161 44 23 0 0 0 0 0 0 0 0 53 0 0 0 0 0 1 0 0 0 0 0 0 0 0 0 0 0 0 0 0 0 0 0 0 0 0 0 0 0 0 0 0 0 0 0 0 0 0 0 0 0 0 9 0 0 0 0 0 0 0 0 0 10 9 11 0 14 0 9 9 77 27 29 6 0 10 15 12 9 0 24 0 0 0 0 0 0 0 0 0 0 0 0 0 0 0 0 0 0 0 0 0 0 0 0 0 0 2 0 0 0 0 0 4 0 0 0 0 0 14 0 0 0 0 0 0 0 0 15 1 0 0 0 0 0 0 0 0 0 0 0 13 14 11 9 12 9 14 7 0 0 11 20 0 11 30 0 13 46 7 0 0 0 8 0 0 0 0 0 0 0 0 0 12 0 0 0 0 0 0 0 0 0 6 0 0 0 0 0 0 0 0 6 0 0 0 0 0 0 0 1 0 0 2 0 69 0 0 0 0 0 0 0 0 0 0 0 0 0 0 0 0 0 0 0 0 0 0 0 2 0 
 0 3 0 0 0 0 0 0 0 0 0 0 0 0 0 0 0 0 0 0 0 0 0 1 0 62 0 0 0 0 0 0 1 3 0 0 4 0 1 0 282 0 462 111 46 58 348 51 66 259 43 20 48 54 178 471 115 120 259 60 6 3 6 7 0 0 46 12 3 0 4 2 15 0 0 0 0 0 0 54 0 0 0 0 0 0 0 0 0 0 0 0 0 0 0 0 0 0 0 0 0 0 0 0 7 12 0 0 0 0 0 0 0 0 0 0 0 0 0 0 21 12 0 11 15 3 18 36 19 0 9 0 0 0 8 10 9 13 0 0 7 25 6 12 0 0 5 4 2 20 0 0 37 8 0 1 8 1 10 9 0 0 0 0 0 0 0 0 0 0 0 0 0 0 0 0 0 0 0 0 0 11 0 0 0 8 0 0 0 0 0 0 0 0 0 0 6 0 0 0 0 0 8 19 24 24 0 27 3 6 31 0 0 9 11 35 23 0 0 10 0 17 0 0 0 0 14 0 0 0 0 0 3 20 0 0 0 8 15 0 0 0 0 0 0 2 0 0 0 0 0 3 0 1 0 0 0 0 0 1 0 0 0 65 0 2 2 14 0 0 0 0 0 0 0 0 0 0 0 0 0 0 0 0 0 9 0 12 1 0 
 0 3 3 0 2 0 0 0 0 0 0 0 0 0 2 0 0 28 0 0 0 0 0 0 0 0 0 0 0 0 0 0 0 0 0 0 4 2 57 0 85 462 0 166 50 33 176 80 111 120 49 49 66 234 29 370 230 292 50 32 0 0 0 0 0 0 0 0 55 0 0 0 57 0 0 0 0 5 2 0 0 0 0 0 0 0 0 0 0 0 0 0 0 0 0 0 0 0 0 0 0 0 0 0 0 0 0 0 0 0 0 0 0 0 0 0 0 0 0 0 9 24 12 1 35 27 0 12 10 0 20 8 0 0 8 0 14 8 0 1 0 0 0 0 0 0 1 0 0 0 0 0 12 0 0 0 0 0 33 17 15 0 0 0 0 13 0 1 0 0 0 0 0 0 0 0 0 0 0 0 0 0 0 0 0 0 0 0 0 0 0 0 0 0 0 0 0 0 0 0 7 1 15 10 9 39 12 32 0 44 4 0 0 16 10 0 43 2 0 0 0 0 0 0 0 0 0 0 0 0 0 0 0 11 0 0 0 0 0 0 0 0 0 0 0 0 0 0 0 0 0 0 0 0 0 0 0 0 0 1 0 0 0 41 65 30 0 0 0 0 0 0 0 0 0 0 0 0 0 0 0 0 0 0 13 0 0 0 1 0 
 0 0 0 3 3 3 1 0 3 3 1 3 2 4 0 3 0 0 0 0 0 0 0 0 0 0 0 0 0 2 0 0 0 0 0 0 4 0 2 0 48 111 166 0 237 33 150 388 155 176 324 431 61 411 97 52 68 58 62 131 0 2 0 0 0 0 0 0 0 0 0 0 0 0 2 0 0 0 0 0 0 1 0 0 0 0 0 0 0 0 0 1 0 0 0 0 0 0 0 0 3 0 0 13 0 0 0 0 0 0 0 1 1 0 0 0 0 0 0 0 3 14 22 35 20 0 13 28 18 17 4 1 0 11 6 19 10 7 0 0 0 11 0 0 0 0 15 16 0 0 0 0 5 36 0 0 3 18 0 1 0 8 0 0 0 4 0 3 7 3 0 0 0 0 0 3 8 1 0 0 0 0 0 0 0 0 3 0 0 0 0 0 0 0 0 0 0 0 5 0 0 0 0 18 0 26 7 32 11 6 9 11 0 0 0 11 26 0 0 14 12 13 0 0 0 0 0 12 8 0 0 0 19 14 0 0 0 1 11 1 0 0 0 0 0 0 3 0 0 0 0 3 0 0 0 0 0 0 0 3 0 0 3 3 0 10 1 0 1 0 0 0 0 0 4 0 0 0 0 0 0 0 0 0 14 0 0 0 1 0 
 0 0 0 0 0 1 0 0 0 0 0 0 0 0 2 0 0 0 0 0 10 0 0 0 0 0 0 3 0 3 1 0 0 0 0 3 0 0 0 0 63 46 50 237 0 215 55 335 349 162 314 189 73 79 177 148 342 104 54 61 50 59 29 4 0 0 1 0 3 1 2 0 55 2 2 0 2 0 114 0 0 0 0 0 15 0 0 0 0 0 0 0 0 0 0 0 0 20 0 0 1 0 0 0 0 0 2 4 1 3 0 0 0 0 6 0 0 8 0 0 0 0 0 0 10 5 0 0 6 0 0 0 0 0 0 0 12 21 0 0 0 18 1 14 10 0 9 1 0 19 0 3 12 47 0 0 18 38 0 0 0 3 0 0 0 0 0 2 0 0 0 3 0 0 0 0 0 0 0 0 14 0 11 0 0 0 1 9 0 0 0 0 0 0 0 7 0 1 0 0 0 0 0 11 6 0 0 0 1 0 24 15 0 0 0 1 0 0 0 0 6 55 0 18 0 0 0 1 10 0 0 0 24 0 3 2 2 16 17 15 0 0 18 0 0 0 0 0 0 0 0 2 0 0 0 0 0 0 0 2 0 0 2 0 0 0 0 4 0 0 0 0 0 0 0 0 0 0 0 0 0 0 0 0 0 3 0 0 2 0 
 3 0 0 0 0 0 0 0 0 0 0 1 3 0 0 0 0 0 0 0 0 3 3 17 63 0 0 2 3 34 66 5 8 5 4 2 2 0 0 0 95 58 33 33 215 0 36 26 48 282 97 72 32 46 150 92 54 52 42 478 51 51 1 0 0 0 101 0 51 0 0 0 19 103 52 17 0 0 1 0 0 0 0 0 0 0 0 0 0 0 0 0 0 0 0 0 0 0 0 0 0 0 0 0 0 0 0 0 4 0 4 1 0 0 0 0 1 0 1 0 0 0 0 0 1 0 0 0 2 0 13 7 0 0 0 0 3 20 2 0 1 0 0 2 0 0 0 6 2 0 1 37 0 36 45 31 15 17 0 15 0 2 0 0 0 0 0 0 0 0 0 0 0 0 0 0 0 0 0 0 0 0 0 0 8 2 0 0 21 1 4 0 0 12 5 0 0 0 0 0 0 0 0 0 3 1 0 0 0 0 13 1 0 0 3 0 0 18 0 0 7 25 14 13 23 0 27 0 1 4 10 1 12 0 9 0 15 30 3 15 0 0 0 0 0 0 0 0 0 0 0 7 0 0 0 0 0 0 0 0 0 0 1 0 0 3 1 0 8 0 24 0 0 21 0 0 0 0 0 0 0 6 0 0 1 0 0 0 2 0 
 0 0 0 0 0 0 0 0 0 0 0 0 0 0 0 0 0 0 0 0 0 0 0 0 69 0 0 0 0 0 61 0 0 3 0 33 2 0 0 0 130 348 176 150 55 36 0 87 266 293 53 33 140 330 40 119 119 186 55 52 2 2 2 3 0 0 0 2 58 0 1 3 0 21 0 0 0 0 0 0 0 0 0 0 0 0 0 0 0 0 0 0 0 0 0 0 0 0 0 0 0 0 0 0 0 9 0 0 0 0 0 12 0 0 0 0 0 0 0 0 8 15 15 0 46 20 21 11 0 33 16 29 9 7 27 0 2 0 0 26 0 0 0 0 0 0 0 0 0 0 0 0 6 0 0 0 0 0 7 2 0 0 0 0 0 0 0 0 0 0 0 0 0 0 0 0 11 0 0 0 0 0 0 0 0 0 0 0 0 0 9 7 0 0 0 0 0 0 0 0 18 14 42 5 1 14 14 40 12 21 0 20 1 38 20 2 32 37 7 5 0 0 0 0 0 0 0 0 0 0 0 0 0 0 0 0 0 0 0 0 0 0 0 0 0 0 0 0 0 0 0 0 0 13 0 0 0 0 63 0 0 0 0 1 71 0 0 0 0 0 0 0 0 0 0 0 0 0 0 0 0 0 0 0 0 0 0 0 0 0 
 0 0 0 0 0 0 0 0 0 0 0 0 0 0 0 3 1 1 0 0 0 2 0 0 125 31 0 0 0 0 0 0 0 0 0 0 0 0 0 0 170 51 80 388 335 26 87 0 204 32 66 37 95 258 96 32 97 31 157 142 1 0 0 0 0 1 5 0 0 0 5 37 12 5 0 3 5 2 0 0 0 0 0 0 0 0 0 0 0 0 0 0 0 0 0 0 0 0 0 0 0 0 0 0 0 0 0 0 0 0 0 9 0 0 0 0 0 0 0 0 0 4 36 44 0 0 0 10 33 42 12 0 16 13 0 20 18 7 13 9 0 0 0 0 0 0 19 0 0 0 4 0 0 0 0 0 17 0 0 0 0 0 0 0 0 10 0 0 0 0 0 20 0 0 0 0 0 0 0 0 0 0 0 0 0 9 0 0 0 0 0 0 0 0 0 0 0 0 0 0 21 6 11 39 0 41 9 18 30 7 10 0 0 4 21 13 13 0 9 1 16 0 7 0 0 0 0 0 0 0 1 0 31 10 0 0 0 0 0 0 0 0 4 0 0 0 0 0 0 0 0 6 0 0 0 0 0 0 0 14 0 0 0 0 0 1 1 0 0 0 0 0 0 0 0 8 0 0 0 0 0 0 0 0 10 0 0 0 0 0 
 0 3 0 0 0 0 0 0 0 6 0 0 1 0 0 0 0 0 0 0 0 0 0 0 65 58 0 0 2 0 0 0 62 0 1 1 0 0 0 1 164 66 111 155 349 48 266 204 0 108 46 42 351 294 197 62 158 101 582 368 0 0 0 0 0 20 1 0 1 0 10 10 35 51 0 18 6 0 0 51 0 0 0 0 0 0 0 21 0 0 0 0 0 0 0 0 0 0 0 0 0 0 0 0 0 0 0 0 0 50 0 0 0 0 0 0 0 0 0 0 2 0 21 42 0 8 1 0 4 32 14 23 15 15 0 18 17 34 1 0 14 29 0 0 0 0 10 0 0 0 4 4 0 0 0 0 7 0 22 0 0 0 0 0 0 7 1 0 0 0 0 0 0 0 0 0 0 0 0 0 0 0 0 0 0 0 0 0 0 0 0 0 0 0 0 0 0 0 0 0 18 0 8 1 3 29 2 9 19 7 54 0 0 0 13 13 13 39 1 0 9 0 8 0 0 0 1 0 0 0 4 0 27 0 0 21 0 0 0 0 0 0 12 0 0 0 0 0 0 0 0 0 0 0 0 0 0 0 0 15 0 0 2 0 0 2 2 0 0 0 0 0 0 0 0 5 0 0 0 0 0 0 0 0 1 0 0 0 1 58 
 0 0 3 0 1 1 6 0 0 0 1 61 0 0 2 1 0 0 0 2 66 0 0 0 3 4 0 0 0 0 0 0 0 3 0 0 3 0 0 0 30 259 120 176 162 282 293 32 108 0 189 107 66 313 480 180 176 129 47 322 0 0 0 0 0 0 0 0 0 0 0 0 0 0 0 0 22 0 0 83 0 0 0 0 0 0 0 0 0 0 0 0 0 0 0 8 0 0 0 0 0 0 0 0 0 10 0 0 0 0 0 0 0 0 0 0 0 0 0 0 0 14 19 29 10 13 3 0 0 19 0 4 1 16 0 0 0 10 0 7 0 16 0 4 0 0 18 0 0 0 0 0 10 0 0 0 0 0 54 0 0 0 0 0 0 6 0 0 0 0 0 0 0 0 0 0 0 0 1 0 0 0 0 0 1 0 0 0 0 0 0 7 0 0 0 0 0 0 0 0 0 0 9 22 11 15 4 11 36 13 21 16 5 22 0 38 27 7 7 3 18 0 0 0 0 0 7 0 7 0 0 0 14 14 0 13 0 0 12 0 0 0 0 0 0 0 0 0 0 0 0 10 0 1 0 0 0 0 0 16 0 0 3 1 0 0 0 2 2 0 7 0 0 0 0 0 0 0 0 0 0 0 0 0 8 0 0 0 1 0 
 0 0 0 0 5 0 0 0 7 0 0 6 3 8 2 0 0 2 0 0 2 2 2 2 2 2 2 2 2 2 65 2 2 11 2 7 10 2 4 2 37 43 49 324 314 97 53 66 46 189 0 127 44 47 83 136 567 140 250 59 0 45 105 0 0 0 52 0 0 0 0 21 0 54 0 0 0 0 16 90 0 0 0 0 0 0 0 2 0 1 0 11 0 0 0 0 9 0 0 0 0 0 0 0 0 0 0 0 0 0 0 0 9 15 0 0 0 0 0 1 0 0 0 0 0 10 0 0 0 30 0 0 0 0 10 0 0 14 0 16 0 20 0 0 0 0 18 10 0 0 0 3 2 11 11 12 0 6 0 0 0 31 0 0 1 0 0 0 8 0 0 0 0 0 0 21 0 29 0 0 0 0 0 18 0 0 0 0 0 10 0 0 0 0 0 0 6 0 4 0 0 14 0 1 0 0 14 0 0 14 0 37 0 0 0 0 2 59 0 0 11 0 18 0 0 0 0 11 25 0 0 0 25 10 8 19 0 0 18 13 0 6 0 0 0 0 4 0 0 0 0 13 0 0 0 0 0 0 0 0 0 0 127 0 67 0 0 0 0 0 0 0 0 0 0 0 0 0 0 0 0 4 0 0 7 0 0 0 2 0 
 0 0 64 0 0 0 0 62 0 0 0 0 0 2 0 0 0 0 0 0 2 3 3 2 3 2 7 3 3 2 4 5 7 7 1 8 11 3 3 6 37 20 49 431 189 72 33 37 42 107 127 0 27 51 113 30 136 94 121 56 17 56 0 0 0 0 52 0 0 0 0 0 0 0 0 0 0 0 26 54 0 0 0 0 0 0 0 0 0 0 0 0 0 0 0 0 0 0 0 0 0 0 6 0 5 0 0 0 21 0 0 4 0 0 0 8 5 0 5 0 0 0 22 44 28 17 0 0 0 17 0 0 0 15 0 0 0 0 0 0 10 12 0 0 0 0 1 17 0 10 0 0 0 32 0 7 0 17 12 10 0 0 0 0 0 13 0 0 0 0 0 0 0 0 0 0 0 0 0 0 0 5 0 9 0 0 0 0 0 4 0 0 0 6 0 3 5 0 0 8 0 0 13 10 0 15 3 52 21 0 0 18 0 0 0 14 31 0 0 0 1 0 0 2 0 0 12 28 13 0 0 0 45 8 31 23 8 0 21 41 0 0 0 0 0 0 0 0 0 0 0 13 0 0 0 0 0 0 5 14 0 0 70 9 2 8 0 1 2 0 3 0 0 0 0 0 0 20 0 0 0 0 0 0 7 1 0 0 2 0 
 0 0 2 6 0 0 0 0 0 0 0 0 0 0 0 0 3 0 0 0 0 0 205 62 126 63 81 0 0 0 31 82 0 0 0 0 2 30 0 0 50 48 66 61 73 32 140 95 351 66 44 27 0 86 56 42 62 93 298 139 1 0 0 200 6 8 10 0 0 0 11 10 7 1 0 0 7 0 0 0 0 0 0 0 0 0 0 0 0 0 2 0 0 0 0 0 0 0 0 0 0 0 0 0 1 11 0 0 0 0 19 12 0 0 0 0 1 19 0 0 8 24 4 0 0 0 10 66 0 18 0 1 6 18 24 0 9 8 11 34 0 0 0 0 0 10 0 0 0 0 6 7 0 0 0 0 4 0 0 0 0 0 0 1 0 0 1 0 0 0 15 0 0 0 0 0 0 0 0 0 0 0 0 8 0 7 13 0 0 26 10 3 0 0 0 0 0 0 0 0 21 39 12 1 1 0 16 0 38 0 0 30 2 0 11 22 1 19 27 2 0 0 6 0 40 5 0 0 0 0 6 0 0 0 0 0 0 0 0 0 0 0 0 0 0 0 0 0 0 0 0 6 0 0 0 0 0 1 31 0 0 0 0 0 69 1 2 0 1 0 6 0 0 0 0 6 0 0 0 0 0 0 0 0 2 0 0 15 2 0 
 0 0 0 0 0 0 39 0 0 0 0 0 0 0 0 0 0 0 0 0 0 0 0 0 0 0 0 0 0 1 0 0 62 0 0 0 3 0 0 0 39 54 234 411 79 46 330 258 294 313 47 51 86 0 113 108 39 356 344 84 0 1 6 1 0 0 0 0 3 3 54 0 0 4 0 0 0 6 0 28 0 0 0 0 0 0 0 0 0 0 0 0 0 0 0 0 0 0 0 0 0 0 0 0 0 0 0 0 0 0 0 6 0 0 0 0 0 0 0 0 0 6 9 17 16 17 10 22 13 9 19 0 0 0 0 10 27 24 0 15 0 0 0 0 7 0 4 0 7 0 0 6 53 4 0 0 4 0 8 14 0 0 0 0 0 2 0 3 0 0 0 0 0 0 0 0 0 0 0 0 0 0 0 0 0 0 0 0 0 0 0 0 0 6 0 0 0 0 0 0 0 0 0 7 20 22 11 10 0 13 11 0 0 56 0 10 10 24 0 10 1 0 0 5 0 0 7 0 3 13 0 2 5 9 7 4 1 8 13 0 0 0 0 0 0 0 0 0 0 0 0 1 0 0 0 0 0 0 0 0 0 0 2 70 1 11 8 1 0 0 0 0 0 0 0 0 0 0 0 0 0 0 0 0 6 0 0 0 2 0 
 1 111 4 7 0 0 1 0 1 0 1 1 2 33 2 0 3 24 0 2 0 0 0 62 24 1 0 0 0 132 0 3 0 0 0 0 1 64 0 0 115 178 29 97 177 150 40 96 197 480 83 113 56 113 0 123 290 258 66 213 0 53 11 0 0 0 0 0 2 0 0 0 0 0 0 0 0 0 0 0 0 0 0 0 0 0 0 0 0 10 0 7 0 0 11 0 0 0 0 0 0 0 0 0 10 10 0 0 0 0 0 0 0 0 0 0 0 0 0 0 0 0 25 39 0 2 18 0 22 8 51 10 4 14 0 3 12 6 0 9 0 0 0 0 0 0 0 0 0 0 0 2 0 0 0 0 0 0 0 0 7 0 0 0 0 1 31 0 0 0 0 0 7 0 9 1 0 0 5 0 0 0 0 0 0 10 0 0 0 0 0 9 1 0 0 0 6 0 0 0 0 0 24 8 60 0 10 6 26 0 9 12 4 8 18 34 10 12 9 4 0 0 0 0 0 0 0 0 0 0 0 0 31 0 0 0 0 0 0 0 0 0 0 0 0 0 0 0 0 1 0 3 0 2 1 0 0 0 1 9 0 0 1 0 2 5 0 0 0 0 0 0 0 0 0 11 0 0 0 0 0 0 0 0 0 0 0 0 2 0 
 2 2 2 2 69 2 3 2 2 26 2 2 2 2 65 2 2 22 2 2 0 10 2 7 77 1 0 0 3 15 8 1 0 0 6 2 0 0 0 2 155 471 370 52 148 92 119 32 62 180 136 30 42 108 123 0 154 103 48 61 0 0 0 0 0 0 0 0 0 0 0 0 0 2 0 0 0 0 0 56 0 0 0 0 0 0 0 0 0 0 0 0 0 0 0 0 0 0 0 0 0 0 1 0 0 0 0 0 1 0 3 1 0 0 0 1 0 0 0 0 0 8 6 8 0 0 0 9 32 1 1 13 0 0 0 30 1 0 1 1 0 0 0 0 0 0 0 0 0 0 0 1 3 0 0 0 0 0 0 0 0 0 0 0 0 0 3 0 0 0 0 0 13 0 0 0 0 0 7 0 0 0 0 1 4 1 0 0 7 0 1 0 0 1 5 0 0 0 0 0 0 0 0 27 48 24 17 4 0 1 2 21 0 9 27 0 37 12 8 0 0 0 8 0 0 0 1 0 0 0 0 0 2 10 0 9 0 0 0 0 0 0 0 0 0 0 0 0 0 0 0 0 0 2 0 0 0 0 0 2 0 0 69 0 65 0 0 0 1 0 0 0 0 2 0 0 0 0 0 0 0 5 0 0 22 0 0 0 2 0 
 0 0 0 0 0 0 0 0 0 63 0 64 2 5 3 0 0 21 0 0 1 0 0 0 1 22 0 0 0 3 2 0 0 3 0 2 0 0 0 0 82 115 230 68 342 54 119 97 158 176 567 136 62 39 290 154 0 62 46 84 1 1 0 2 0 0 0 0 2 0 0 0 0 3 0 29 0 0 0 52 0 0 0 0 0 0 0 0 0 0 0 0 0 0 0 12 0 0 0 0 0 0 0 0 3 45 0 0 0 0 0 0 0 0 0 0 0 0 0 0 0 0 21 5 0 2 19 0 8 15 8 13 0 15 36 77 14 11 0 0 0 0 0 0 0 0 0 0 0 0 0 3 0 0 0 0 1 0 0 0 0 0 0 0 0 0 17 1 0 0 0 0 2 0 0 0 35 12 6 0 15 0 0 0 0 18 0 0 0 0 0 0 0 0 0 0 0 0 0 0 0 1 15 1 17 31 6 9 19 0 1 42 0 7 27 30 20 21 2 0 0 0 10 0 0 0 0 0 0 0 0 0 18 10 0 9 0 0 0 0 0 0 4 0 2 0 0 0 0 0 0 15 0 0 0 0 0 0 0 23 0 0 61 3 2 0 0 3 0 0 0 0 0 0 0 0 0 0 0 0 0 0 0 0 13 13 0 12 2 0 
 0 0 0 0 3 0 0 0 0 0 0 0 0 0 1 1 0 0 0 0 0 0 0 0 0 0 2 0 0 0 0 0 0 1 0 0 2 0 0 0 161 120 292 58 104 52 186 31 101 129 140 94 93 356 258 103 62 0 38 37 0 0 0 14 0 0 0 1 21 0 0 0 18 0 1 0 0 0 6 0 0 0 0 0 0 0 0 0 0 0 0 0 0 0 0 0 0 0 0 0 0 0 0 0 0 0 0 0 14 0 0 0 0 0 0 0 0 0 8 0 0 7 2 6 21 16 0 0 16 1 24 6 0 0 2 1 0 34 0 12 6 0 0 0 0 0 7 0 0 0 0 1 56 0 0 12 1 0 22 10 0 0 0 0 0 0 0 0 0 0 0 0 0 0 0 20 0 0 0 0 0 0 0 0 6 5 0 0 0 0 0 0 0 0 0 0 0 0 0 0 7 10 3 1 25 16 6 18 36 32 25 0 0 39 3 11 31 27 0 0 0 4 0 0 0 0 10 0 0 0 0 0 0 12 0 0 0 0 7 0 0 0 0 0 0 0 0 0 0 0 0 2 0 0 0 0 0 0 0 11 0 0 15 69 5 7 2 62 0 0 0 0 0 0 0 0 0 0 0 0 0 0 4 0 5 20 0 0 2 0 
 0 0 0 0 0 0 0 0 0 0 0 0 2 0 0 0 0 0 0 0 1 0 0 31 119 63 1 0 0 1 65 22 1 1 64 2 3 0 0 2 44 259 50 62 54 42 55 157 582 47 250 121 298 344 66 48 46 38 0 119 0 0 0 50 0 5 2 0 0 0 5 7 4 0 0 0 4 200 0 0 0 0 0 0 0 0 0 0 0 0 0 0 0 0 0 0 0 0 0 0 0 0 12 4 0 9 0 0 0 0 29 1 0 0 0 0 24 28 0 0 31 0 12 16 1 0 4 13 0 21 0 0 29 45 15 12 24 16 43 16 25 0 0 0 0 14 0 0 0 0 3 0 3 0 0 0 5 0 0 0 0 0 0 0 0 0 0 0 0 0 0 0 0 0 16 0 0 0 0 0 0 0 0 4 0 10 0 0 0 10 14 1 0 0 0 0 0 0 0 0 36 15 0 0 0 0 13 0 16 0 0 0 33 59 1 0 0 0 24 6 0 0 2 0 4 1 0 0 0 0 3 0 0 0 0 0 0 0 0 0 0 0 9 0 0 0 0 0 0 0 0 12 0 0 0 0 0 0 68 0 28 0 1 0 0 0 0 0 0 0 0 0 0 0 0 4 0 0 0 0 0 0 0 0 0 8 0 0 1 0 
 0 0 0 0 0 0 0 0 0 0 0 0 0 0 0 0 0 0 0 0 3 78 13 53 26 132 0 0 76 46 9 66 0 0 3 2 4 39 0 0 23 60 32 131 61 478 52 142 368 322 59 56 139 84 213 61 84 37 119 0 0 0 0 0 0 1 4 0 0 0 3 0 0 0 0 0 0 0 0 0 0 0 0 0 0 0 9 0 0 0 0 0 0 0 0 0 0 0 0 0 0 0 0 13 20 5 0 0 0 2 39 0 0 0 0 0 0 0 0 0 17 2 31 25 0 0 6 0 3 50 1 1 6 45 0 25 22 9 31 0 0 0 2 0 0 1 0 0 0 0 0 0 0 0 0 0 0 0 0 0 0 0 0 0 0 12 0 0 0 0 0 0 0 0 0 0 0 0 0 0 0 0 12 0 5 9 0 2 12 10 0 15 0 0 10 12 2 0 0 0 7 0 37 0 0 9 12 28 7 0 0 0 9 0 19 11 7 0 0 0 0 0 0 0 0 0 0 0 0 0 0 0 11 0 0 0 0 0 0 0 0 0 29 0 0 0 0 0 0 0 0 12 0 2 0 0 0 1 0 10 0 29 2 1 0 5 3 0 0 0 0 0 0 0 0 0 0 0 0 0 0 20 0 0 0 0 0 0 0 0 
 0 0 0 0 3 0 0 0 0 0 0 0 2 0 0 0 0 0 0 0 0 0 38 1 0 0 0 0 0 2 0 4 0 0 0 1 1 0 0 0 0 6 0 0 50 51 2 1 0 0 0 17 1 0 0 0 1 0 0 0 0 160 108 175 88 45 160 135 25 40 277 145 51 150 112 66 27 83 60 55 0 0 0 0 0 0 0 0 0 0 0 0 0 0 0 0 0 0 0 0 0 0 0 0 0 11 0 0 0 0 7 0 0 0 0 0 0 0 0 0 5 13 0 0 10 9 7 5 0 0 0 0 0 5 8 0 0 5 5 0 7 0 0 0 0 12 0 7 8 7 0 16 0 17 42 11 1 21 0 19 0 0 0 0 0 0 0 0 0 0 0 0 0 0 0 0 0 0 0 0 0 0 0 0 0 6 0 0 0 0 0 0 0 0 0 0 0 0 0 0 0 7 42 0 0 0 15 0 0 0 0 0 5 0 0 0 0 0 14 0 50 8 16 8 27 17 27 34 0 0 2 0 34 0 14 51 18 7 2 19 0 0 0 13 0 0 0 0 0 1 0 0 0 0 3 0 0 0 0 0 0 0 0 0 0 0 5 0 0 0 16 0 0 2 3 0 0 0 0 0 0 0 0 0 0 2 0 0 0 0 
