 0 356 166 45 41 59 138 141 48 39 214 259 289 355 246 113 208 173 289 143 1 36 0 0 0 0 0 0 0 0 0 3 0 2 0 0 2 0 0 0 0 1 2 5 0 0 63 3 0 0 0 1 0 35 0 0 0 0 3 1 0 3 0 0 0 0 0 0 2 0 0 0 0 0 0 0 0 0 0 2 43 40 0 43 30 0 13 15 40 19 8 11 16 16 42 16 54 16 7 0 0 0 0 0 0 0 2 0 0 0 0 0 0 0 0 0 0 0 0 0 0 0 0 0 0 0 0 1 0 0 0 0 0 0 0 0 0 0 0 0 0 0 0 0 0 1 0 0 0 0 0 0 0 1 0 0 0 0 0 0 12 2 0 19 0 0 11 29 32 7 4 22 5 38 2 33 0 0 13 3 0 0 0 0 0 0 7 0 0 0 0 0 2 0 0 0 0 0 0 0 0 7 0 0 0 0 0 0 0 0 0 1 0 0 0 0 0 0 0 0 0 0 0 0 0 0 0 0 13 0 0 0 0 0 0 2 18 0 0 0 0 0 0 0 0 0 0 0 0 0 16 17 0 0 0 0 0 0 0 0 0 0 0 0 0 0 1 0 0 0 0 0 0 0 0 1 24 0 0 0 0 0 0 0 4 0 0 0 0 0 
 356 0 132 58 45 23 56 179 66 132 102 38 269 236 469 208 76 215 350 130 0 0 0 0 0 0 1 0 0 0 0 3 0 3 2 0 0 0 1 0 0 3 0 9 0 0 0 3 0 0 0 70 63 3 0 0 0 0 3 0 0 3 0 0 0 2 0 0 2 0 0 0 0 0 5 0 0 0 0 0 13 19 2 22 0 0 17 27 0 6 15 0 29 0 29 21 30 7 24 0 2 0 0 0 0 0 0 0 0 9 0 0 0 0 0 0 0 0 20 15 0 0 0 0 0 0 0 0 0 0 0 11 6 0 0 0 0 0 0 0 0 0 0 14 0 0 0 0 0 0 0 0 0 0 17 0 0 0 0 0 14 9 12 0 0 0 0 13 0 13 12 9 22 8 16 0 0 0 3 16 0 0 0 0 0 0 6 0 19 0 0 0 14 0 0 0 0 0 0 0 0 0 0 0 0 0 0 22 0 0 0 0 0 0 0 0 0 0 15 0 0 0 0 0 0 0 0 0 0 0 8 0 0 6 0 0 0 0 0 0 0 0 0 0 0 3 1 0 1 3 14 11 20 0 0 0 0 0 0 0 0 0 0 0 0 0 0 0 0 0 0 0 0 0 0 0 0 0 0 0 0 0 0 0 0 0 0 0 0 0 
 166 132 0 268 64 292 65 309 281 242 139 87 105 240 48 233 41 222 25 61 0 0 0 0 0 0 0 0 0 0 0 3 74 3 1 0 0 0 36 2 0 2 1 2 0 0 0 4 0 0 0 0 62 3 0 0 0 0 3 0 0 3 0 0 0 0 0 0 2 0 0 0 0 0 4 0 0 5 0 1 7 35 21 23 14 25 0 0 0 29 51 1 6 2 27 0 45 46 0 0 28 0 0 0 0 0 0 0 0 0 1 0 0 0 0 0 0 0 24 21 0 0 0 0 0 0 0 0 2 0 0 0 1 0 0 0 0 0 0 0 0 0 0 0 0 0 9 0 0 0 0 0 0 0 0 0 4 0 0 0 22 23 19 0 14 1 43 21 0 36 11 0 2 9 0 2 1 2 1 0 11 0 0 0 0 0 21 0 0 1 0 0 31 15 0 0 0 0 27 0 0 0 0 0 0 0 0 0 0 0 0 0 0 0 0 0 0 0 0 0 0 0 0 0 0 0 1 0 0 0 0 0 0 0 0 0 0 0 0 8 0 14 0 0 0 3 216 0 2 1 16 22 17 0 0 0 0 0 0 0 0 0 9 0 0 0 0 0 0 0 0 0 0 0 0 0 0 16 0 0 0 0 0 0 0 0 0 0 0 0 
 45 58 268 0 195 327 84 162 278 290 270 169 61 87 60 131 41 68 98 76 0 0 2 1 0 0 0 0 2 0 0 4 78 1 76 0 0 0 149 75 0 58 2 6 0 0 0 4 0 0 0 0 62 3 0 0 0 0 3 0 0 3 0 0 0 0 0 0 2 0 0 0 0 0 5 0 0 0 0 2 13 11 21 0 33 51 0 0 0 78 56 4 0 0 12 0 0 15 0 0 79 1 0 0 0 0 28 1 3 0 0 0 0 11 0 10 0 0 16 34 0 0 0 0 0 0 0 0 0 0 0 13 17 0 0 0 0 0 40 0 0 0 0 0 0 0 0 0 0 0 0 0 0 0 0 0 0 0 0 0 46 21 0 1 14 3 0 0 1 14 5 38 0 10 0 0 21 21 0 0 38 10 0 0 0 0 19 26 10 0 0 19 21 12 0 0 0 15 22 0 0 0 0 0 0 18 0 0 0 21 0 0 0 0 0 0 0 0 0 0 0 0 0 1 0 0 0 0 0 0 0 0 0 0 0 0 0 0 0 0 0 14 0 0 0 2 136 1 2 5 0 4 0 0 0 0 0 0 0 0 0 0 10 0 0 0 0 0 0 13 0 0 0 0 0 9 0 0 0 0 0 11 0 0 0 0 0 0 0 0 
 41 45 64 195 0 155 61 77 103 87 302 339 305 75 60 62 59 60 76 86 105 73 0 0 2 0 98 81 73 0 1 3 79 4 96 3 0 2 74 1 0 67 0 2 0 0 0 3 0 0 0 0 1 3 0 0 0 0 3 0 0 3 0 0 0 2 0 0 2 0 0 0 0 0 0 0 0 0 0 0 0 0 0 1 16 15 0 0 0 0 0 0 0 0 0 0 0 0 0 0 1 7 13 19 1 0 12 21 47 0 0 1 20 23 50 1 11 8 1 0 0 1 0 1 0 12 0 0 0 0 0 0 1 0 0 0 0 2 0 0 0 0 0 3 0 0 0 1 0 0 0 8 0 0 0 0 0 0 0 4 9 0 0 2 24 26 0 0 0 0 7 12 0 0 0 2 1 17 0 0 28 11 0 7 1 0 36 97 17 0 2 0 9 10 28 0 23 30 18 23 0 0 0 0 8 0 0 0 0 0 0 0 0 0 0 0 0 0 0 0 0 0 0 0 0 0 0 0 0 2 0 0 0 0 0 0 0 0 0 0 0 0 0 0 2 6 2 0 0 3 0 7 0 1 0 0 0 0 0 0 0 0 0 0 0 0 0 0 0 0 0 0 0 1 0 1 0 0 0 0 0 2 0 0 0 10 0 0 0 0 
 59 23 292 327 155 0 124 56 177 140 206 459 51 52 43 265 286 56 40 36 75 25 62 7 0 1 81 74 89 4 0 3 132 62 136 0 0 0 105 12 0 1 2 6 0 0 0 3 0 6 0 0 2 7 0 0 0 2 4 6 0 3 0 0 0 0 3 0 2 0 5 0 0 0 2 0 0 0 0 2 0 12 0 0 0 0 0 1 14 0 0 0 0 0 16 0 26 0 0 0 39 30 18 74 1 0 49 24 42 2 0 0 16 41 0 10 0 0 29 66 0 0 0 0 0 0 0 0 1 0 0 0 0 0 0 0 0 0 0 0 0 0 0 0 0 0 0 0 0 0 0 0 0 0 0 0 0 0 0 0 32 28 12 0 21 25 0 0 0 17 0 0 1 0 0 13 28 24 0 0 33 10 0 8 0 0 13 55 0 11 1 0 6 11 11 45 37 0 35 19 0 0 0 0 0 1 0 0 0 0 2 0 0 0 0 0 0 0 0 0 0 0 0 0 0 0 21 0 0 0 0 0 0 0 0 0 0 0 0 20 0 9 0 0 0 1 45 0 8 52 2 5 0 0 0 0 0 0 0 0 0 0 13 0 0 0 0 0 0 0 0 0 0 0 0 0 0 10 0 0 0 0 0 0 0 11 0 0 0 0 
 138 56 65 84 61 124 0 317 35 39 25 125 100 95 111 212 259 35 152 132 0 0 0 0 0 2 0 0 0 0 0 3 0 2 0 0 0 0 0 0 4 2 1 9 0 63 0 3 0 0 0 61 0 6 0 0 0 1 3 0 0 3 0 0 0 0 0 0 2 0 0 0 0 7 0 0 0 0 0 0 0 1 2 0 0 0 19 25 0 0 0 1 30 0 15 47 0 0 66 48 0 0 0 0 0 1 0 0 0 0 0 0 0 0 0 0 1 0 0 0 2 0 0 0 0 0 0 0 0 0 0 0 0 0 0 0 0 0 0 0 0 0 0 0 0 0 0 0 0 0 2 4 0 2 0 0 0 0 0 0 0 0 0 0 0 0 12 12 1 1 0 0 7 17 3 0 0 0 14 3 0 0 0 0 0 0 0 0 0 0 0 0 0 0 2 0 0 0 0 0 0 0 2 0 0 0 0 0 1 0 0 0 0 0 0 0 0 0 0 0 0 0 0 13 0 0 0 0 0 0 0 0 0 0 0 0 0 0 0 0 0 2 0 0 0 0 0 0 2 0 0 15 0 0 0 0 0 0 0 0 0 0 0 0 0 0 0 0 0 0 0 0 2 0 0 0 0 0 0 0 0 0 0 0 0 0 0 0 0 0 
 141 179 309 162 77 56 317 0 118 54 145 51 120 187 302 65 313 28 65 57 0 0 0 0 3 0 0 0 0 0 1 0 0 3 205 0 1 62 207 7 0 3 0 0 0 0 0 2 0 0 0 1 64 0 0 0 0 0 2 0 2 0 2 0 0 1 0 0 9 2 1 0 51 1 5 0 3 0 0 0 1 18 0 32 1 0 0 23 20 0 21 0 0 0 12 0 19 44 22 0 17 0 0 0 0 0 2 0 0 0 0 0 3 0 0 0 0 0 11 20 0 0 0 0 2 0 0 0 1 0 0 0 0 0 0 0 1 0 0 0 0 0 0 0 0 0 0 0 0 0 0 0 0 0 0 0 0 0 0 0 14 14 79 0 0 2 0 0 0 17 10 13 1 0 0 1 12 18 7 0 0 0 0 9 0 0 12 0 0 2 0 0 0 0 0 0 0 0 0 0 0 8 11 0 0 0 0 0 0 0 2 0 0 0 0 0 0 0 0 0 0 0 0 0 0 0 0 0 0 0 0 2 0 0 0 0 0 0 0 14 0 9 0 0 0 0 93 0 0 1 0 12 19 0 0 0 0 0 0 0 0 0 13 0 0 0 0 0 0 0 0 0 0 0 0 0 1 0 0 0 0 0 0 0 0 0 0 0 0 0 
 48 66 281 278 103 177 35 118 0 89 239 154 100 294 163 138 40 123 80 93 0 0 0 0 0 0 0 0 0 0 0 77 76 3 3 0 0 0 22 2 2 1 2 2 0 0 0 9 0 0 5 0 63 3 0 0 0 2 78 0 0 2 0 0 0 0 0 0 2 0 0 0 0 0 4 0 0 0 0 3 0 27 15 7 24 17 0 0 1 33 28 14 0 0 10 10 30 25 0 31 3 0 0 0 0 0 0 0 0 0 0 0 0 0 0 0 0 1 24 14 0 0 0 0 0 0 0 0 0 0 0 0 1 0 0 0 0 0 2 0 0 0 0 0 0 0 0 0 0 0 0 0 0 0 0 0 0 0 0 0 12 8 14 0 18 0 0 0 0 16 14 1 0 13 0 0 34 0 0 0 2 0 0 0 0 0 24 0 0 0 0 0 15 29 0 0 3 0 10 0 0 0 0 0 0 0 0 0 0 0 0 0 0 0 9 0 0 0 0 0 0 0 0 0 0 0 0 0 0 0 1 0 0 0 0 0 0 0 0 0 0 0 0 0 0 1 88 0 87 1 1 12 14 0 0 0 0 0 0 0 0 0 15 0 0 0 0 0 0 0 0 0 0 0 0 0 7 21 0 0 0 0 0 0 0 0 0 0 0 0 
 39 132 242 290 87 140 39 54 89 0 82 35 170 188 114 254 151 45 264 197 0 0 2 1 0 1 1 0 2 0 0 3 74 73 0 0 0 0 74 0 0 1 2 2 0 1 0 3 0 0 0 0 85 3 0 0 0 0 3 0 0 2 0 1 0 0 0 0 2 0 0 0 0 0 5 0 0 0 0 3 14 43 0 54 19 20 0 14 36 12 37 8 4 20 33 13 0 1 0 0 35 0 0 0 0 0 19 20 0 0 0 0 20 8 0 10 0 0 12 32 0 0 0 0 0 0 0 0 0 0 0 0 18 0 0 0 0 0 0 0 0 0 0 0 0 0 0 0 0 0 0 0 0 5 0 0 0 0 0 0 38 14 30 20 6 12 14 10 0 19 12 35 1 28 0 21 19 40 0 10 37 13 0 0 0 0 1 11 0 0 0 0 20 15 0 0 0 0 1 0 0 0 0 0 0 0 0 0 0 0 0 0 0 0 0 0 0 0 0 0 0 0 0 0 0 0 0 0 0 0 0 0 0 0 0 0 0 0 0 0 0 9 0 0 0 0 62 0 0 94 16 5 0 0 0 0 2 0 0 0 0 0 13 0 1 0 0 0 0 0 0 0 0 0 0 10 0 0 0 0 0 0 0 0 0 0 0 0 0 0 
 214 102 139 270 302 206 25 145 239 82 0 564 309 78 197 73 81 434 32 261 0 0 0 4 2 1 3 0 1 0 2 6 74 8 0 0 0 74 2 3 1 3 0 4 1 2 0 7 0 2 4 1 0 7 2 0 3 2 3 0 2 3 0 1 1 2 49 0 4 0 3 3 0 0 2 0 0 0 0 1 26 9 3 35 23 20 0 1 38 26 20 45 0 0 0 34 61 59 6 16 0 0 0 0 0 0 4 0 0 0 0 0 0 0 0 0 0 0 27 25 0 0 2 0 0 0 0 0 0 0 0 0 0 0 0 0 0 0 0 0 0 0 0 0 25 0 0 0 0 0 0 0 0 0 0 0 0 0 0 0 0 14 85 71 1 9 0 26 46 14 39 0 0 12 0 26 20 30 0 10 0 0 0 0 0 0 9 0 0 0 0 0 0 12 0 0 0 0 9 0 0 6 0 0 0 27 0 0 0 0 7 0 0 0 0 0 0 0 0 0 0 0 0 0 0 4 0 0 0 0 0 0 0 0 0 0 0 0 0 0 0 0 0 0 0 1 3 1 52 5 1 2 14 0 0 0 0 0 0 0 0 0 0 0 0 0 0 0 0 0 0 0 0 0 1 0 30 23 0 0 0 0 0 0 0 0 0 0 0 0 
 259 38 87 169 339 459 125 51 154 35 564 0 118 274 178 126 219 72 30 38 0 0 0 0 2 0 60 0 0 74 0 3 147 81 75 3 4 0 98 0 0 5 1 2 31 0 3 6 0 0 2 0 0 3 0 0 0 1 3 0 65 3 0 0 0 0 5 0 2 0 0 0 0 3 0 0 6 0 2 3 12 2 34 16 34 15 0 0 15 38 26 26 0 0 0 16 15 23 0 10 32 0 0 0 0 0 25 0 11 0 0 0 20 1 20 1 0 1 1 0 0 0 0 0 0 0 0 0 0 0 0 0 0 0 0 0 0 0 0 0 9 0 0 0 0 2 0 0 0 0 0 0 0 0 0 0 0 0 0 0 0 0 0 14 14 0 0 23 35 0 9 0 0 10 2 0 11 12 0 15 3 1 0 3 0 0 64 0 0 0 0 0 0 46 23 0 0 1 10 0 0 0 0 0 0 0 0 0 0 0 0 0 0 0 0 0 0 0 0 0 0 0 0 0 0 0 0 0 0 0 0 56 0 0 0 1 0 0 0 0 0 0 0 0 0 0 88 0 100 90 0 9 0 0 0 0 0 0 0 0 0 0 1 0 0 0 0 0 0 0 0 0 0 0 0 0 11 21 0 0 0 0 0 0 0 0 0 0 0 5 
 289 269 105 61 305 51 100 120 100 170 309 118 0 396 35 283 133 434 351 146 0 2 0 0 0 2 0 0 0 2 0 3 0 1 0 0 0 3 0 1 0 1 2 2 0 0 0 8 0 0 4 1 0 5 0 0 1 1 3 0 0 3 0 0 0 0 0 0 2 6 0 0 0 9 0 0 0 0 0 2 12 24 0 70 2 0 19 46 15 11 15 15 6 16 18 28 39 16 24 52 2 0 0 0 0 0 0 0 0 0 0 0 19 0 0 0 0 0 0 13 0 0 0 0 0 0 2 0 0 0 0 0 0 0 0 0 0 0 0 0 2 0 0 0 0 0 0 0 0 0 0 0 0 2 0 0 0 0 0 0 24 25 0 17 16 0 46 17 10 33 11 14 0 24 2 15 16 1 0 20 0 0 0 0 0 0 0 0 0 0 0 0 22 0 0 0 0 0 0 0 0 10 0 0 0 0 0 0 0 0 0 0 0 0 0 0 0 0 0 16 0 0 0 0 0 0 0 14 0 0 0 0 0 0 0 0 0 0 0 0 0 1 0 0 0 2 1 0 1 2 14 13 2 0 0 0 0 0 0 0 0 0 0 0 0 2 0 0 0 0 0 0 0 0 0 11 1 0 0 0 0 0 0 0 0 0 0 0 0 0 
 355 236 240 87 75 52 95 187 294 188 78 274 396 0 295 170 142 47 99 146 0 2 0 0 0 0 1 0 0 0 0 5 1 3 1 0 1 0 2 0 3 3 0 2 0 0 0 3 0 0 0 61 0 3 0 0 0 2 3 0 0 3 0 0 0 3 0 0 33 0 0 0 0 0 2 0 0 0 0 0 29 24 0 20 17 0 1 19 14 54 39 45 10 19 50 23 35 13 14 0 0 0 0 0 0 0 0 0 0 0 0 0 10 0 0 0 0 0 22 10 0 0 0 0 0 0 0 1 0 0 11 0 0 0 0 0 0 0 0 0 0 0 0 13 0 0 0 0 0 0 0 0 0 4 0 0 0 0 0 0 13 16 29 0 9 1 15 27 16 36 28 0 0 12 0 2 0 15 0 16 0 0 0 0 0 0 5 0 0 0 6 0 54 18 0 0 0 0 0 0 0 0 0 0 0 0 0 0 0 0 0 2 0 0 0 0 0 0 0 0 0 0 0 0 10 0 0 0 0 0 0 0 0 0 0 0 0 0 0 0 0 0 0 0 0 2 1 2 4 2 0 13 24 0 0 0 0 0 0 0 0 0 0 0 0 0 0 0 0 0 0 0 0 0 0 9 1 0 0 0 0 0 0 0 0 0 0 0 0 0 
 246 469 48 60 60 43 111 302 163 114 197 178 35 295 0 160 323 38 179 245 0 0 0 0 0 0 0 1 0 0 0 3 0 2 75 0 0 0 0 1 57 2 1 6 0 0 0 3 0 0 0 1 1 3 0 0 0 0 3 0 0 3 0 0 0 0 0 0 2 0 0 0 0 0 0 0 0 0 0 1 13 13 16 41 18 9 19 27 23 42 3 13 28 19 8 27 20 23 13 0 0 0 0 1 0 0 0 0 0 0 0 0 0 0 0 0 0 0 14 0 0 0 0 0 0 0 0 0 0 0 0 0 0 0 0 0 0 0 2 0 0 0 0 0 0 0 0 0 0 0 0 0 0 0 0 0 0 0 0 0 1 0 0 27 0 0 0 3 23 0 1 18 17 31 3 0 0 9 0 1 0 0 0 0 0 0 9 13 0 0 0 0 0 10 0 1 0 2 1 0 0 0 0 0 0 0 0 0 0 0 0 0 0 0 0 0 0 0 0 0 0 0 0 0 0 0 0 0 1 0 0 0 0 0 0 0 0 0 0 0 0 0 0 0 0 0 3 0 3 0 0 13 6 0 0 0 0 0 0 0 0 0 63 0 0 0 0 0 0 0 0 0 0 0 0 0 6 0 0 0 0 0 0 0 0 0 0 0 0 0 
 113 208 233 131 62 265 212 65 138 254 73 126 283 170 160 0 172 297 43 154 0 1 0 1 0 0 0 62 0 1 0 3 0 4 7 0 0 1 0 0 3 1 2 2 0 0 0 3 0 0 0 42 0 3 0 0 1 1 3 3 0 3 0 0 0 0 0 0 2 0 0 0 0 3 0 0 0 3 0 2 9 65 19 29 0 0 35 24 11 24 1 1 14 22 42 23 9 7 0 0 11 0 0 0 0 0 2 0 0 0 0 0 0 0 0 0 0 0 0 0 0 0 0 0 0 0 0 0 0 0 0 0 0 0 0 0 0 0 0 0 0 15 0 0 0 0 0 0 0 0 0 0 0 0 0 0 0 0 24 0 30 21 37 17 46 1 25 13 11 44 15 25 13 42 15 0 0 17 1 14 0 0 0 0 0 0 0 0 0 0 0 0 9 0 0 0 0 15 0 0 0 0 0 0 0 0 0 0 0 0 0 0 0 0 0 0 0 0 0 0 0 0 0 0 0 0 0 0 0 0 0 9 0 0 0 0 0 0 0 0 0 9 0 0 0 0 55 0 1 0 1 8 0 0 0 0 0 0 0 0 0 0 13 0 0 0 0 0 0 0 0 0 0 0 0 10 0 0 0 0 0 0 0 0 0 0 0 0 0 0 
 208 76 41 41 59 286 259 313 40 151 81 219 133 142 323 172 0 366 57 288 71 0 0 0 0 105 4 0 0 3 108 43 0 5 3 0 1 75 2 4 0 4 1 2 0 0 0 5 0 2 0 1 0 3 0 0 6 2 5 0 2 9 4 0 5 0 3 5 3 2 0 0 3 1 0 0 0 0 0 7 26 15 17 30 2 0 0 48 55 14 16 0 8 30 0 12 2 21 16 0 2 0 0 0 0 0 0 0 13 0 0 0 21 0 0 0 0 0 0 0 0 0 0 0 0 0 0 0 0 0 0 0 0 0 0 0 0 0 0 0 2 0 0 0 0 0 0 0 0 0 0 0 0 4 0 1 0 0 1 0 35 8 14 21 8 0 20 0 14 13 10 15 0 19 15 27 0 0 10 9 0 0 0 0 0 0 0 0 0 7 0 0 0 0 0 0 0 0 0 0 2 0 0 0 0 0 0 27 0 0 0 0 0 0 0 0 0 0 0 0 0 0 0 0 0 0 0 0 0 0 0 0 0 0 0 0 2 0 0 0 0 0 0 0 0 2 0 2 0 0 18 5 0 0 0 0 0 0 0 0 0 0 0 0 0 0 2 0 0 0 0 0 0 0 0 1 7 0 0 0 0 0 0 0 0 0 0 0 0 0 
 173 215 222 68 60 56 35 28 123 45 434 72 434 47 38 297 366 0 212 163 0 0 0 2 0 0 0 0 0 0 0 3 0 3 0 0 0 0 2 0 1 2 64 5 0 0 0 12 0 0 2 0 0 3 0 0 0 2 3 0 0 3 0 0 0 1 0 0 2 0 0 0 45 0 0 0 0 0 0 0 18 57 12 47 16 1 20 10 23 40 16 29 0 39 26 19 75 0 5 0 0 1 0 0 0 0 6 0 0 0 10 0 0 0 0 1 0 0 0 0 0 0 0 0 0 1 0 0 0 0 0 0 0 0 0 1 0 0 0 0 0 0 0 0 0 0 0 0 0 0 0 0 14 0 0 0 2 0 0 0 16 27 0 15 0 0 0 20 15 33 11 14 11 75 36 10 14 0 0 24 54 1 1 0 0 0 0 0 0 0 0 0 21 3 0 0 0 0 18 0 0 7 0 0 2 0 0 0 0 0 0 0 0 0 0 0 0 0 2 0 2 0 0 0 0 0 0 0 0 0 0 0 0 0 9 0 0 0 0 0 0 0 0 0 0 1 1 2 0 3 0 12 0 0 0 0 0 0 0 0 0 0 0 0 0 0 0 0 0 0 0 0 0 0 0 0 18 0 0 0 0 0 0 0 0 0 0 8 0 0 
 289 350 25 98 76 40 152 65 80 264 32 30 351 99 179 43 57 212 0 590 0 0 0 0 0 2 0 2 1 2 0 3 0 3 0 0 2 5 2 0 0 3 0 14 0 3 0 3 0 1 0 0 0 6 0 0 0 3 3 60 3 3 0 0 0 49 0 0 52 0 1 1 0 6 1 1 0 0 0 0 11 23 13 0 0 0 27 20 8 0 0 0 20 47 10 36 12 8 30 23 0 0 0 0 0 0 2 15 0 0 19 0 0 0 0 0 0 0 0 0 0 0 0 0 0 0 0 0 0 0 0 0 0 0 0 0 0 0 0 0 0 0 0 0 0 14 0 0 0 0 0 0 0 0 0 0 0 0 0 14 15 0 14 0 0 0 18 0 1 0 0 3 42 8 15 26 0 0 12 1 0 0 0 0 0 0 0 0 0 0 0 0 0 0 0 0 0 0 0 0 0 9 0 0 0 0 0 0 0 0 0 0 0 0 0 0 0 2 0 0 0 0 0 0 0 0 1 0 0 0 0 0 0 0 2 1 0 0 0 0 0 0 0 0 0 2 0 1 2 1 14 12 0 0 0 0 0 0 0 0 0 0 0 0 0 0 0 0 0 1 0 0 0 0 0 0 0 0 0 0 0 0 0 6 9 0 0 0 0 10 
 143 130 61 76 86 36 132 57 93 197 261 38 146 146 245 154 288 163 590 0 0 0 0 0 0 0 0 0 0 0 0 3 13 2 0 0 0 2 1 0 0 2 1 2 2 0 0 3 0 0 0 1 0 3 0 0 0 3 3 0 0 31 0 0 0 0 0 0 50 0 0 2 0 9 31 0 0 0 1 0 4 37 0 19 0 0 4 3 1 22 0 0 11 37 34 26 0 12 19 41 0 0 10 0 0 0 0 0 0 0 0 0 0 0 0 13 0 0 0 0 0 0 0 0 0 0 0 0 0 0 0 0 0 0 0 0 1 0 1 0 0 0 0 0 0 0 2 6 0 0 0 1 0 1 0 0 0 0 0 0 38 10 14 19 0 0 13 0 0 0 1 16 2 34 0 37 0 0 19 1 0 0 0 0 0 0 0 0 0 0 0 0 0 0 0 2 0 0 0 0 0 0 0 1 0 0 0 0 0 0 0 0 0 0 0 0 0 0 0 0 0 0 0 0 0 0 0 0 1 0 0 1 0 0 0 0 0 0 0 0 0 0 38 0 0 1 0 0 0 2 20 4 0 0 0 0 0 0 0 0 0 0 0 28 0 0 0 0 0 0 0 0 0 0 0 1 0 0 0 0 0 0 0 0 0 0 0 0 0 0 
 1 0 0 0 105 75 0 0 0 0 0 0 0 0 0 0 71 0 0 0 0 271 247 398 23 37 166 440 24 332 104 117 36 419 72 67 106 323 152 398 0 0 0 2 0 2 0 0 0 3 0 0 82 2 0 0 0 2 0 3 0 0 0 0 0 0 0 0 0 0 0 0 0 3 0 2 0 0 0 0 0 0 0 0 20 0 0 0 0 0 0 0 0 0 0 0 0 0 0 0 0 9 4 0 25 0 19 53 19 8 17 11 25 14 35 1 52 18 0 22 0 0 0 0 0 4 0 0 0 0 16 0 0 0 0 0 0 0 0 0 0 0 0 9 0 0 0 0 0 0 0 0 0 0 0 0 0 0 0 5 6 0 0 0 0 0 0 0 0 0 19 0 0 0 0 0 0 0 0 0 14 8 2 20 29 11 32 23 22 22 35 0 9 15 14 1 25 22 0 40 0 0 0 0 0 0 0 0 0 0 0 0 11 0 0 0 0 0 0 12 0 0 0 0 0 0 0 0 0 0 0 0 0 0 0 0 0 0 0 0 0 0 0 0 0 0 0 0 0 0 0 0 0 0 20 2 2 1 0 0 2 0 0 0 0 0 0 0 0 0 0 0 0 0 0 0 0 0 0 0 0 0 0 0 0 0 0 0 0 0 
 36 0 0 0 73 25 0 0 0 0 0 0 2 2 0 1 0 0 0 0 271 0 156 175 85 52 363 375 126 146 121 92 256 141 145 52 97 196 122 168 31 0 0 2 0 5 0 0 0 3 0 1 2 2 0 6 0 2 70 3 0 0 0 4 0 0 0 0 0 0 0 0 0 3 0 2 7 2 0 2 0 0 0 0 0 0 0 0 0 0 0 0 0 0 0 0 9 0 0 15 0 69 20 13 24 1 0 4 18 4 10 21 28 28 6 1 0 0 0 20 10 0 0 0 0 0 2 0 0 0 0 0 0 1 15 0 0 0 0 26 0 0 2 0 0 3 0 1 2 0 0 0 0 0 0 0 0 0 0 1 0 30 2 0 41 0 4 0 0 0 0 0 0 14 0 0 0 0 0 0 67 0 9 15 9 12 1 0 0 9 11 13 0 20 15 11 61 0 37 47 0 0 0 0 0 0 0 0 0 0 0 0 23 0 0 0 0 0 2 13 0 0 0 0 0 0 0 2 6 0 0 0 0 0 0 0 1 0 0 0 0 0 0 0 0 1 0 0 0 0 0 0 1 0 0 0 0 76 2 0 1 7 0 0 0 0 0 1 0 0 0 0 0 0 0 0 0 0 0 0 0 0 0 0 0 9 0 0 0 0 
 0 0 0 2 0 62 0 0 0 2 0 0 0 0 0 0 0 0 0 0 247 156 0 224 45 45 157 338 218 186 114 25 112 111 28 212 162 64 32 83 0 0 0 2 0 2 0 0 0 3 0 0 63 2 0 0 0 1 0 3 0 0 0 0 0 0 0 13 0 0 0 1 0 3 0 9 0 0 0 0 0 0 0 0 18 0 0 0 2 0 0 0 0 0 0 0 0 0 0 0 0 18 19 7 23 13 7 33 37 10 22 0 8 12 7 28 22 9 0 7 20 0 18 0 0 0 1 0 0 9 0 0 24 0 0 0 0 0 0 31 0 0 0 0 0 0 0 2 0 0 2 0 0 0 0 0 0 2 0 4 3 0 0 0 16 0 6 0 2 1 0 0 0 0 0 0 0 0 0 0 21 5 9 30 18 0 1 3 31 11 56 6 9 1 1 7 42 36 27 19 0 13 0 0 0 0 9 0 0 0 0 0 15 0 0 0 1 0 0 0 0 0 0 2 0 0 0 0 0 0 0 0 0 0 0 0 0 0 0 0 0 0 7 0 0 0 0 0 0 0 0 0 0 0 4 0 0 76 0 0 0 0 0 0 0 0 0 0 0 0 0 0 0 0 0 0 0 0 0 0 0 0 0 0 0 9 22 0 0 0 
 0 0 0 1 0 7 0 0 0 1 4 0 0 0 0 1 0 2 0 0 398 175 224 0 243 50 59 99 57 193 124 56 63 193 80 292 87 77 326 166 0 0 0 2 11 5 0 0 0 6 0 0 12 2 0 8 0 5 2 6 0 0 9 0 0 0 0 2 0 0 0 0 0 5 1 4 8 8 0 0 0 0 0 0 0 0 1 0 1 0 0 0 0 0 0 0 0 0 0 0 0 4 10 0 5 10 0 9 19 0 33 0 0 19 8 10 35 18 0 0 13 0 24 1 0 9 0 1 0 0 0 0 0 0 0 0 0 0 0 27 0 0 0 0 0 0 0 3 0 0 2 0 0 0 0 0 0 1 0 0 8 0 0 0 0 2 0 0 0 2 0 0 0 0 0 0 0 0 0 0 0 0 47 0 11 0 0 0 26 18 10 10 0 0 0 20 3 27 0 29 0 12 0 0 0 0 18 0 5 0 0 0 0 0 15 0 12 0 2 0 0 0 0 1 0 0 0 0 0 0 0 0 0 0 0 0 0 0 0 0 0 0 0 0 0 0 0 0 0 0 0 0 0 0 7 0 2 45 76 4 0 0 0 0 0 0 0 0 0 0 0 0 0 0 0 0 0 0 0 10 0 0 0 0 0 0 16 0 0 0 
 0 0 0 0 2 0 0 3 0 0 2 2 0 0 0 0 0 0 0 0 23 85 45 243 0 178 44 68 60 70 251 38 86 147 310 94 123 144 89 85 78 0 0 2 14 5 90 62 0 34 0 2 1 20 63 6 0 12 2 34 0 1 5 0 0 2 1 0 2 2 0 0 0 3 1 5 4 52 1 0 0 0 0 0 0 0 0 0 0 2 0 0 0 0 0 0 0 0 0 0 0 15 14 0 19 36 1 0 23 1 12 10 0 0 1 0 0 1 0 0 10 0 7 0 0 0 16 0 11 0 0 13 1 0 12 0 20 32 38 48 0 0 0 0 0 5 0 3 1 0 0 0 0 0 0 0 0 0 0 0 1 0 0 0 0 0 0 0 0 0 0 0 0 0 0 3 0 0 0 0 0 0 4 0 1 10 0 0 1 0 27 11 1 1 0 1 13 3 0 0 13 12 0 19 0 0 19 16 19 0 0 10 13 12 15 0 11 22 0 1 0 11 0 0 0 0 0 0 0 0 0 0 0 0 0 0 0 0 0 0 0 0 0 0 0 0 0 0 0 0 0 0 3 0 6 0 0 166 4 5 2 8 0 0 0 0 0 0 0 0 0 0 0 0 0 0 0 0 0 0 0 0 0 0 0 0 1 0 0 0 
 0 0 0 0 0 1 2 0 0 1 1 0 2 0 0 0 105 0 2 0 37 52 45 50 178 0 31 51 38 44 381 216 245 108 105 158 103 117 58 40 62 61 0 2 0 2 127 100 0 37 0 0 0 18 1 3 0 1 87 36 0 0 0 0 0 0 0 0 0 0 0 31 0 3 0 2 1 0 0 0 0 0 0 0 0 0 0 0 0 0 0 0 25 0 0 0 0 0 0 0 0 0 13 0 0 26 0 0 20 1 1 23 2 0 0 1 7 13 0 0 0 13 8 0 0 0 33 0 15 12 0 13 18 14 0 0 37 12 40 16 8 0 0 1 0 0 0 0 0 0 0 0 0 0 0 13 0 0 0 0 0 0 0 0 0 0 0 0 0 0 0 0 0 0 0 3 0 0 0 0 0 0 2 51 10 24 0 9 10 13 23 18 0 1 0 0 9 20 0 0 14 9 9 11 0 0 9 19 18 0 0 62 11 27 26 0 14 13 0 1 0 0 0 0 0 0 0 0 0 0 2 0 1 0 0 0 0 0 0 0 0 0 0 0 0 1 0 0 0 0 0 0 0 0 2 4 0 81 1 0 5 0 0 0 0 0 0 0 0 0 0 0 0 0 0 0 0 0 0 0 0 1 0 0 0 0 0 0 0 0 
 0 1 0 0 98 81 0 0 0 1 3 60 0 1 0 0 4 0 0 0 166 363 157 59 44 31 0 296 329 63 34 89 234 130 160 27 27 29 536 68 0 2 1 2 0 2 0 0 2 4 0 0 31 68 0 2 0 2 0 5 0 18 0 0 0 0 1 0 0 1 6 0 0 3 2 4 25 0 0 2 0 0 0 0 14 0 0 0 0 0 1 0 0 0 0 0 0 0 0 0 10 1 1 1 0 0 9 16 2 28 0 0 15 7 44 23 8 2 0 0 2 0 0 0 0 0 0 0 0 0 0 0 0 0 0 0 0 0 13 0 0 0 0 1 0 0 0 0 0 22 2 0 0 0 0 0 0 0 0 6 0 0 0 0 0 1 2 0 0 0 0 2 0 0 2 0 0 0 0 0 39 9 0 2 17 0 33 22 12 0 11 11 9 34 36 12 8 0 9 0 0 0 0 0 0 0 0 0 7 0 0 1 0 0 0 0 0 0 0 0 0 0 0 0 0 0 0 0 0 0 0 0 0 0 1 0 0 0 0 0 0 0 0 0 0 0 0 0 0 78 0 0 0 0 4 0 2 3 0 0 0 0 0 0 0 0 7 0 0 0 0 0 0 0 0 0 0 0 0 0 0 1 0 0 0 0 0 0 0 0 
 0 0 0 0 81 74 0 0 0 0 0 0 0 0 1 62 0 0 2 0 440 375 338 99 68 51 296 0 433 207 38 122 290 131 72 104 123 43 75 203 3 0 0 2 3 5 0 0 0 3 0 0 31 5 0 1 0 1 1 3 0 0 0 0 0 0 0 0 1 0 0 0 0 5 1 3 0 0 0 0 0 0 0 0 7 0 0 0 0 0 0 0 0 0 0 0 0 0 0 0 0 11 59 0 0 0 10 21 19 20 36 19 12 1 19 11 21 30 0 17 0 0 0 0 0 0 14 1 0 0 0 0 10 0 0 0 0 0 0 9 0 0 0 0 0 0 0 0 0 0 3 0 0 0 0 0 0 0 0 2 1 2 0 14 15 0 3 0 0 0 0 20 0 0 0 0 1 0 0 1 9 0 0 9 14 11 1 16 46 7 36 11 15 0 11 0 32 22 11 1 0 0 2 0 0 0 39 1 0 0 2 0 22 2 0 0 0 0 0 8 0 0 0 0 0 0 0 0 14 0 0 0 0 0 0 0 0 1 0 0 0 0 0 0 0 0 0 0 0 0 0 0 0 0 0 1 2 1 0 2 1 0 0 0 0 0 0 0 0 0 0 0 0 0 0 0 0 0 0 0 0 22 0 0 0 11 12 0 0 0 
 0 0 0 2 73 89 0 0 0 2 1 0 0 0 0 0 0 0 1 0 24 126 218 57 60 38 329 433 0 100 35 201 385 446 90 232 70 328 156 59 0 0 0 63 0 2 132 0 0 71 0 0 40 3 0 0 0 1 3 14 0 5 0 0 0 0 0 0 1 0 3 0 0 3 0 6 0 0 0 0 0 0 0 0 12 0 0 0 1 0 0 0 0 0 0 0 0 0 0 0 0 10 1 18 13 40 0 27 7 49 33 27 10 15 0 43 2 19 0 12 33 0 0 0 0 0 30 0 0 0 0 0 30 20 2 0 0 0 12 13 0 0 0 0 0 23 0 0 33 0 0 2 0 0 0 1 0 0 0 0 0 0 0 0 12 1 0 0 2 0 17 29 0 0 0 2 0 0 0 0 11 20 26 2 11 18 0 1 23 32 0 45 0 18 23 19 35 20 9 0 0 0 0 0 17 0 91 0 0 0 0 0 0 9 0 0 0 0 67 1 0 0 0 0 0 0 0 0 0 0 0 0 1 0 0 0 0 0 0 0 0 0 0 0 0 0 0 0 0 0 0 0 0 0 2 9 0 79 1 1 21 9 0 0 0 0 23 0 0 0 0 0 0 0 0 0 0 0 0 0 0 22 0 0 0 12 0 0 0 0 
 0 0 0 0 0 4 0 0 0 0 0 74 2 0 0 1 3 0 2 0 332 146 186 193 70 44 63 207 100 0 199 196 130 241 108 186 249 459 96 123 0 0 0 2 0 2 62 0 0 2 0 0 9 2 0 0 0 2 25 5 0 0 0 0 0 0 0 4 1 0 0 0 3 3 0 2 0 0 0 0 0 0 0 0 0 0 0 0 0 0 0 0 0 0 0 0 0 0 0 0 12 28 0 39 19 12 0 20 1 14 66 32 0 38 9 11 19 30 0 0 9 0 0 0 2 8 33 0 0 0 0 1 22 27 15 0 0 0 0 19 1 0 0 0 0 6 0 1 3 0 1 0 0 0 0 0 0 0 0 0 0 0 0 0 0 0 0 0 0 0 0 0 0 0 0 0 0 0 0 0 0 1 29 0 0 31 0 1 0 40 6 33 0 0 0 20 0 17 0 12 20 1 0 0 0 0 25 1 0 0 0 0 1 14 0 0 0 0 4 12 0 0 0 0 0 0 0 0 0 0 0 0 0 0 0 0 0 9 0 0 0 0 0 0 0 0 0 0 0 0 0 0 0 0 3 0 2 0 0 0 3 9 0 0 0 0 0 0 0 0 0 0 0 0 0 0 0 0 0 11 0 22 0 0 0 0 13 0 0 0 
 0 0 0 0 1 0 0 1 0 0 2 0 0 0 0 0 108 0 0 0 104 121 114 124 251 381 34 38 35 199 0 205 24 46 66 149 290 130 32 59 0 0 0 62 0 2 86 0 0 2 0 0 1 64 127 3 0 11 32 3 0 0 0 0 0 0 0 6 0 0 0 0 50 3 42 11 0 0 0 0 0 0 0 0 0 0 0 0 0 1 0 0 0 0 0 0 0 0 0 0 2 9 13 7 13 20 0 0 8 0 21 45 0 0 0 0 24 26 0 0 32 0 12 0 0 0 21 1 0 16 0 0 16 24 28 0 0 0 18 46 7 15 0 0 0 2 0 0 3 0 10 0 0 0 0 0 0 0 0 0 0 0 0 0 0 0 0 0 0 0 0 0 0 0 0 0 0 0 0 0 0 0 1 6 10 22 0 0 9 19 11 26 0 0 0 14 9 28 0 0 0 26 0 0 0 0 30 8 0 0 0 0 21 2 50 0 0 24 11 24 0 0 0 0 0 0 0 0 0 0 0 0 0 0 0 0 0 0 0 0 0 0 0 0 0 0 0 0 0 0 0 0 0 0 7 5 0 41 1 0 5 8 0 0 0 0 0 0 0 0 0 0 0 0 0 0 0 0 0 0 0 0 0 0 0 0 0 0 0 0 
 3 3 3 4 3 3 3 0 77 3 6 3 3 5 3 3 43 3 3 3 117 92 25 56 38 216 89 122 201 196 205 0 24 52 98 111 296 174 71 58 0 5 2 2 1 65 51 4 3 3 0 0 62 2 2 2 6 3 58 3 0 0 0 0 0 0 0 1 2 0 36 2 0 3 0 2 0 0 0 0 0 10 0 0 0 0 0 0 0 0 2 0 2 0 0 0 0 0 0 0 0 1 40 9 18 11 0 0 8 30 21 31 0 0 19 4 20 41 0 0 18 0 0 0 0 0 31 0 9 0 0 0 35 35 47 0 0 0 16 0 0 0 0 0 0 13 0 0 21 24 0 0 0 0 0 1 0 0 0 0 0 0 0 0 0 0 2 0 0 0 0 1 0 0 1 3 0 0 0 0 0 4 0 29 19 20 0 0 1 24 21 43 0 0 0 13 19 4 0 0 0 0 10 0 0 0 23 18 0 0 0 0 12 11 2 0 0 0 40 25 0 0 0 0 0 0 0 0 0 0 0 0 0 0 1 15 0 0 0 0 0 0 0 0 0 0 0 0 0 0 0 0 0 0 2 0 0 2 92 0 23 0 0 0 0 0 0 0 0 0 0 0 0 16 0 0 0 0 0 0 0 27 0 0 0 0 10 0 0 0 
 0 0 74 78 79 132 0 0 76 74 74 147 0 1 0 0 0 0 0 13 36 256 112 63 86 245 234 290 385 130 24 24 0 575 51 202 45 244 293 52 5 0 0 2 0 2 0 0 0 2 0 1 1 2 0 0 0 0 0 3 0 3 0 3 0 0 5 0 0 0 18 0 0 3 0 2 0 2 0 4 0 0 0 0 0 1 0 0 0 0 0 0 0 0 0 0 18 0 11 0 38 6 20 26 0 0 20 41 15 12 5 0 0 19 0 16 0 0 24 22 0 0 0 0 0 0 48 0 0 0 0 0 0 0 0 0 0 0 0 0 0 0 0 0 0 1 0 0 0 0 0 0 0 1 0 0 0 0 0 0 1 33 0 4 0 41 0 0 0 0 10 61 0 0 0 14 14 0 0 1 26 11 11 28 25 0 26 29 12 15 1 0 0 35 10 22 37 13 21 0 0 0 0 0 0 0 0 0 0 0 0 0 0 0 0 0 0 0 0 0 0 0 0 0 0 0 0 0 0 0 0 0 0 17 0 0 0 0 0 0 0 0 22 0 0 0 13 0 0 35 0 1 0 8 0 0 2 0 0 1 4 0 0 28 0 0 0 0 0 0 0 0 0 0 0 0 0 19 0 0 0 3 0 0 0 0 0 0 0 0 
 2 3 3 1 4 62 2 3 3 73 8 81 1 3 2 4 5 3 3 2 419 141 111 193 147 108 130 131 446 241 46 52 575 0 136 133 52 298 164 366 2 0 0 2 0 67 1 0 0 2 0 0 1 5 85 3 0 1 2 3 0 0 0 0 0 3 5 0 0 0 0 0 0 5 0 2 0 4 5 5 0 0 0 0 0 0 0 0 0 0 1 0 0 0 0 0 0 0 0 0 9 11 9 17 22 0 12 38 2 0 47 2 1 20 0 31 17 0 0 12 10 0 0 0 0 8 1 0 0 0 0 0 2 1 0 0 0 0 0 13 0 0 0 0 0 3 0 1 2 0 0 0 0 0 0 0 0 0 0 0 0 0 0 0 1 0 0 2 0 0 0 0 0 0 0 0 1 0 0 0 6 23 48 14 7 0 0 13 8 25 8 0 0 10 22 21 0 0 1 18 0 0 0 0 0 2 0 0 0 0 0 0 13 0 0 0 0 2 38 1 0 0 0 0 0 0 0 0 0 0 0 0 0 0 2 0 0 0 0 0 0 0 9 0 0 0 0 0 1 23 0 0 0 0 2 0 0 150 0 2 4 9 0 0 0 0 0 0 0 0 0 0 0 0 0 0 0 0 0 9 0 0 0 0 0 1 0 0 0 0 
 0 2 1 76 96 136 0 205 3 0 0 75 0 1 75 7 3 0 0 0 72 145 28 80 310 105 160 72 90 108 66 98 51 136 0 155 87 39 601 95 0 1 0 2 0 2 0 0 0 3 0 0 1 4 0 0 0 0 2 3 0 0 0 0 0 0 1 0 0 0 0 28 0 3 0 2 0 0 0 0 0 0 0 0 18 28 2 0 0 0 1 0 1 0 0 0 0 0 0 0 0 16 55 57 14 0 17 9 32 42 0 0 22 65 50 1 11 21 0 0 2 0 0 0 0 2 0 0 9 0 0 0 0 9 0 0 0 0 3 0 0 0 0 0 0 0 0 0 0 15 0 0 0 0 0 0 0 0 0 0 8 0 0 5 0 15 2 0 0 0 0 2 0 10 2 0 0 19 0 0 15 14 0 22 0 0 41 11 0 1 1 25 3 53 24 19 10 0 3 9 0 0 0 0 0 0 0 0 0 0 0 1 1 0 0 0 0 0 16 0 0 0 0 0 0 0 0 0 0 0 0 19 0 0 1 0 9 0 0 0 0 0 0 0 0 0 72 0 0 2 0 0 0 0 0 0 1 0 0 2 1 0 0 0 0 0 0 0 0 0 0 0 0 0 0 0 0 0 0 10 0 10 0 0 0 0 0 0 0 0 
 0 0 0 0 3 0 0 0 0 0 0 3 0 0 0 0 0 0 0 0 67 52 212 292 94 158 27 104 232 186 149 111 202 133 155 0 427 291 184 150 0 0 0 2 0 208 25 0 29 1 0 0 2 2 0 0 0 2 1 4 0 4 0 0 0 0 1 0 1 0 7 0 0 3 0 3 0 0 0 0 0 0 0 0 0 0 0 0 6 0 0 0 0 0 0 0 0 0 0 0 0 15 21 22 12 0 0 38 30 33 28 4 0 8 24 19 9 11 0 0 0 0 0 0 0 0 32 0 13 0 0 0 21 28 0 0 0 0 0 0 0 0 0 0 0 2 0 0 3 0 0 0 0 0 0 1 0 0 0 0 10 0 0 0 0 0 0 0 0 0 17 0 0 0 0 0 0 0 0 0 10 9 12 29 0 2 0 0 25 21 26 47 0 12 0 17 1 11 7 9 0 0 31 0 0 0 13 0 0 0 0 0 1 18 0 11 0 0 27 0 0 0 0 0 12 0 0 0 0 0 0 0 0 0 0 0 0 0 0 0 0 0 1 0 0 0 0 0 0 0 0 0 0 16 4 0 0 2 0 1 0 2 0 0 0 0 9 0 0 0 0 0 0 0 0 0 0 1 0 0 0 24 0 0 0 0 0 0 0 0 
 2 0 0 0 0 0 0 1 0 0 0 4 0 1 0 0 1 0 2 0 106 97 162 87 123 103 27 123 70 249 290 296 45 52 87 427 0 174 286 133 0 4 0 2 0 2 0 17 0 72 0 0 92 2 6 8 6 4 91 3 0 0 42 0 0 0 0 3 0 0 0 0 0 3 0 3 0 0 50 0 0 0 0 0 6 0 0 0 0 0 0 0 0 0 0 0 0 0 0 0 0 14 71 28 14 7 11 0 8 19 8 10 0 0 34 32 25 34 0 0 12 0 12 0 2 1 0 0 10 0 0 0 13 7 44 0 1 0 0 38 0 0 2 0 0 0 0 0 0 0 2 0 0 0 0 0 0 0 0 0 0 0 0 0 0 0 7 0 0 0 11 0 0 0 0 0 0 0 0 0 0 10 2 30 42 27 0 13 24 1 27 45 16 0 12 7 41 25 0 0 0 15 0 0 1 0 8 9 0 0 0 0 14 0 0 0 0 0 13 0 0 0 0 0 0 0 0 2 0 0 0 0 0 0 0 0 0 0 0 0 0 0 0 0 0 0 0 0 0 0 0 0 0 0 5 0 0 2 0 0 3 0 0 0 0 0 0 0 0 0 0 0 0 0 0 0 0 0 0 2 0 0 0 0 0 0 11 0 0 0 
 0 0 0 0 2 0 0 62 0 0 74 0 3 0 0 1 75 0 5 2 323 196 64 77 144 117 29 43 328 459 130 174 244 298 39 291 174 0 257 45 0 0 0 2 0 2 130 0 0 2 0 0 1 2 0 206 6 1 97 3 0 0 0 0 0 1 0 0 0 0 0 0 0 3 0 2 0 0 0 0 1 2 0 0 0 0 1 0 0 0 0 0 0 0 0 0 0 2 0 0 13 9 0 25 19 24 0 25 0 0 9 29 0 0 1 58 1 12 0 0 0 0 0 0 0 0 20 0 0 0 2 0 0 39 10 0 0 0 34 0 49 0 0 0 16 0 0 0 0 0 0 0 0 0 0 0 1 0 0 0 0 0 0 0 0 0 0 0 0 0 0 0 0 0 0 0 0 0 1 0 1 19 21 23 10 26 0 3 18 43 37 29 2 0 21 72 0 6 0 0 0 11 12 0 0 0 17 2 0 2 0 0 23 21 14 0 0 21 15 1 0 0 0 0 0 3 0 0 0 0 0 0 0 0 0 0 0 0 0 0 0 0 9 0 0 0 0 0 0 0 0 0 0 0 6 0 1 167 2 0 2 0 0 0 0 0 12 0 0 0 0 0 0 0 0 0 0 1 0 0 0 1 0 0 0 0 0 0 0 0 
 0 1 36 149 74 105 0 207 22 74 2 98 0 2 0 0 2 2 2 1 152 122 32 326 89 58 536 75 156 96 32 71 293 164 601 184 286 257 0 250 1 4 2 5 13 2 3 1 3 9 3 1 2 4 2 9 3 7 2 6 6 7 0 2 5 0 0 0 3 0 4 1 0 3 7 6 8 3 0 0 0 0 13 0 0 2 0 0 0 0 7 0 0 0 0 0 0 0 0 0 28 15 0 0 1 0 48 2 0 14 0 0 10 32 17 20 0 1 8 13 0 0 0 0 0 0 0 0 0 0 0 0 0 0 0 0 0 0 0 0 1 0 0 0 0 0 0 0 0 0 0 0 0 0 0 0 0 0 0 2 0 0 0 0 1 11 0 0 0 0 14 0 0 0 0 0 7 0 0 0 91 41 10 0 0 0 39 32 7 1 1 9 1 64 45 1 0 0 11 0 0 0 0 0 0 0 0 0 0 0 0 0 0 0 0 0 0 0 11 0 0 0 0 0 0 1 0 0 0 0 0 0 0 0 0 0 0 0 0 0 0 0 0 0 0 0 76 1 0 36 0 0 2 20 3 2 1 83 0 0 3 2 0 0 0 0 8 0 0 2 0 0 2 4 0 0 0 26 0 0 0 0 0 0 0 0 0 0 0 0 
 0 0 2 75 1 12 0 7 2 0 3 0 1 0 1 0 4 0 0 0 398 168 83 166 85 40 68 203 59 123 59 58 52 366 95 150 133 45 250 0 0 0 0 2 0 2 0 0 0 2 0 0 0 2 0 0 0 0 0 4 0 0 42 0 0 0 0 0 0 0 0 0 0 3 0 2 2 0 0 0 0 0 0 0 0 8 0 0 0 0 0 0 0 0 0 0 0 0 0 0 0 13 12 8 10 0 0 0 12 0 31 0 0 34 29 0 17 3 18 0 0 0 0 0 0 11 0 0 0 0 0 0 0 0 0 0 0 0 0 19 0 0 0 7 0 0 0 0 0 0 1 0 0 0 0 0 0 0 0 0 0 1 0 8 0 9 5 0 0 0 0 0 0 0 0 0 0 0 0 1 45 0 46 19 0 0 0 0 7 36 12 0 0 24 0 0 12 9 0 30 0 0 2 0 0 0 1 0 0 0 2 0 15 0 0 0 0 0 1 0 0 0 0 0 0 0 0 0 0 0 0 0 0 0 0 0 0 0 0 0 0 0 0 0 0 0 72 0 0 0 0 0 0 1 2 0 2 0 0 0 2 2 0 0 0 0 0 0 0 0 0 0 0 0 0 0 0 0 0 11 0 11 0 0 0 0 0 0 0 0 
 0 0 0 0 0 0 4 0 2 0 1 0 0 3 57 3 0 1 0 0 0 31 0 0 78 62 0 3 0 0 0 0 5 2 0 0 0 0 1 0 0 85 66 126 57 313 190 178 100 106 39 55 130 121 144 361 36 94 49 206 0 0 0 2 0 28 52 0 0 2 1 4 0 0 0 6 9 2 2 2 0 0 0 0 0 0 0 0 0 0 0 0 0 0 0 0 0 0 0 0 0 0 0 0 0 20 0 0 1 15 0 0 14 0 0 0 0 0 0 0 0 2 10 0 11 3 16 13 11 25 0 1 0 0 17 0 48 23 8 0 0 0 0 0 0 1 0 0 11 0 0 0 9 0 0 0 2 2 4 0 0 0 9 0 0 0 0 0 0 0 0 0 0 0 0 0 0 0 0 0 0 0 0 0 0 1 0 0 0 0 0 0 0 0 0 0 0 0 0 0 0 7 9 12 1 0 0 25 24 0 0 21 2 10 14 0 52 0 1 0 0 0 0 0 0 0 6 0 0 0 0 0 0 0 0 0 0 0 12 0 0 0 0 0 0 0 0 0 0 0 0 13 0 2 0 0 0 0 0 12 0 0 2 0 66 4 3 0 0 0 8 0 0 0 2 0 0 0 0 0 0 0 0 0 0 0 0 13 2 0 
 1 3 2 58 67 1 2 3 1 1 3 5 1 3 2 1 4 2 3 2 0 0 0 0 0 61 2 0 0 0 0 5 0 0 1 0 4 0 4 0 85 0 87 254 250 100 86 244 269 135 168 118 64 110 77 76 90 88 130 112 0 1 0 0 0 0 1 15 0 0 0 1 0 23 0 20 0 0 3 68 0 0 0 0 0 0 0 0 0 0 0 0 0 0 0 0 0 0 0 0 0 0 0 0 0 0 0 0 0 0 0 0 0 0 0 0 0 10 0 0 0 20 7 0 34 30 15 15 12 10 16 0 0 6 0 20 13 20 6 0 1 0 15 2 0 0 16 0 0 0 0 0 10 3 0 0 0 0 30 3 0 0 11 0 0 0 0 0 0 0 14 0 0 0 0 0 0 0 0 0 0 0 0 0 0 0 0 0 0 0 0 0 0 0 9 0 0 14 0 0 3 23 12 11 20 18 7 15 0 6 57 18 0 14 0 23 23 29 0 0 28 0 3 0 0 0 21 25 0 1 2 0 0 0 4 2 0 0 21 29 0 0 0 0 0 0 0 0 0 0 0 0 0 2 0 0 0 0 0 2 0 0 0 80 64 15 0 0 0 0 4 0 0 0 0 0 0 0 0 0 0 0 0 0 27 0 0 0 0 0 
 2 0 1 2 0 2 1 0 2 2 0 1 2 0 1 2 1 64 0 1 0 0 0 0 0 0 1 0 0 0 0 2 0 0 0 0 0 0 2 0 66 87 0 251 44 48 75 100 318 239 123 99 286 201 39 75 68 259 89 56 2 1 0 0 0 2 0 2 3 0 4 4 0 0 0 0 2 0 0 4 0 0 0 1 0 0 0 0 0 0 0 0 0 0 0 0 0 0 0 0 0 0 0 0 0 0 0 0 0 0 0 0 0 0 0 0 0 0 0 0 0 0 32 36 0 10 0 6 0 0 48 6 0 0 0 23 0 15 0 0 17 4 0 0 0 0 10 0 0 0 0 0 7 0 0 0 0 0 15 16 0 0 0 0 1 0 0 0 0 0 0 0 0 0 0 0 0 0 0 0 0 0 0 0 0 0 0 0 0 0 0 0 0 0 0 0 0 0 0 0 1 0 22 0 0 33 8 8 0 17 21 1 0 0 0 23 10 20 0 0 13 0 0 0 0 0 0 10 0 0 0 0 0 0 0 0 0 0 0 31 0 0 0 0 0 0 0 0 0 0 0 0 0 0 0 0 0 0 0 1 0 0 2 1 0 1 0 0 0 0 0 0 0 0 0 0 0 0 0 0 0 0 0 0 28 27 0 19 2 0 
 5 9 2 6 2 6 9 0 2 2 4 2 2 2 6 2 2 5 14 2 2 2 2 2 2 2 2 2 63 2 62 2 2 2 2 2 2 2 5 2 126 254 251 0 79 258 106 92 77 149 67 90 70 602 135 192 85 56 73 126 0 0 0 0 0 0 0 0 0 0 0 0 0 0 0 0 0 0 0 4 0 0 0 0 0 0 9 6 0 0 0 0 9 0 0 3 4 0 5 0 0 0 0 0 0 0 0 0 0 0 0 0 0 3 0 0 0 0 0 0 0 5 15 0 0 29 0 26 4 0 22 14 0 0 4 21 0 10 0 0 0 0 0 0 0 0 0 0 4 0 0 0 7 0 0 0 0 0 43 9 0 0 0 0 0 0 0 0 0 0 11 0 0 0 0 8 0 0 0 0 0 0 0 0 0 0 0 0 0 0 0 0 0 0 0 0 0 0 0 0 10 42 13 10 8 10 6 35 0 26 8 1 0 0 0 15 27 13 0 0 0 0 0 0 0 0 27 0 0 0 0 0 0 0 28 0 0 0 26 24 0 0 0 0 0 0 0 0 0 0 0 6 0 1 0 10 0 2 0 0 0 1 1 69 1 19 0 0 0 0 0 0 0 0 0 0 0 0 0 0 0 1 0 0 15 11 0 24 0 0 
 0 0 0 0 0 0 0 0 0 0 1 31 0 0 0 0 0 0 0 2 0 0 0 11 14 0 0 3 0 0 0 1 0 0 0 0 0 0 13 0 57 250 44 79 0 285 273 54 70 192 74 39 169 314 55 111 117 297 277 83 116 98 26 7 5 6 52 17 45 0 0 0 61 0 47 0 1 3 0 50 0 0 0 0 0 0 0 0 15 0 0 0 0 0 0 0 0 0 0 0 0 0 0 0 0 2 0 0 0 0 0 1 0 0 0 0 1 0 0 0 0 0 0 11 30 18 0 1 0 0 15 0 0 0 6 27 0 6 0 1 25 26 33 0 0 1 34 11 6 21 0 19 15 45 23 5 0 5 0 0 0 0 0 0 1 0 0 0 0 0 0 5 0 6 0 0 0 0 0 0 0 0 0 0 0 0 0 0 1 0 0 8 0 0 0 0 0 0 0 0 0 1 0 0 0 0 0 0 7 9 0 10 0 0 3 0 14 0 0 1 7 54 28 0 0 0 9 8 22 9 0 0 68 0 10 13 0 0 10 0 0 0 3 0 7 0 0 0 0 0 0 8 0 0 0 0 0 0 5 3 0 0 2 0 2 0 2 7 0 0 0 0 0 0 0 0 0 0 0 0 0 0 0 0 0 0 0 0 2 8 
 0 0 0 0 0 0 63 0 0 1 2 0 0 0 0 0 0 0 3 0 2 5 2 5 5 2 2 5 2 2 2 65 2 67 2 208 2 2 2 2 313 100 48 258 285 0 27 99 331 98 60 268 44 52 38 380 58 89 52 38 46 124 51 6 3 0 0 132 68 0 0 0 49 50 61 0 0 10 0 0 0 0 0 0 0 0 0 0 0 23 0 0 0 0 19 0 0 0 0 0 0 0 0 0 0 0 0 0 0 0 0 0 0 0 0 0 0 0 0 0 0 0 1 12 31 0 0 0 0 13 10 7 0 0 0 4 9 5 0 0 14 29 19 0 0 0 44 0 53 1 0 27 17 24 31 0 5 0 18 0 0 0 0 0 10 0 0 0 0 0 0 0 0 0 0 0 0 0 0 0 0 0 0 0 0 0 0 0 0 0 0 0 0 0 0 0 0 0 0 0 0 0 20 4 15 16 0 0 0 23 1 10 0 0 0 0 0 5 0 0 12 35 71 0 0 0 30 1 7 2 0 0 34 43 25 32 0 0 34 11 0 0 9 0 0 0 0 0 0 0 0 6 0 0 0 0 0 0 0 0 1 0 1 0 32 1 0 64 1 0 0 0 0 0 2 0 0 0 0 0 0 0 0 0 21 0 0 0 0 0 
 63 0 0 0 0 0 0 0 0 0 0 3 0 0 0 0 0 0 0 0 0 0 0 0 90 127 0 0 132 62 86 51 0 1 0 25 0 130 3 0 190 86 75 106 273 27 0 171 56 26 31 261 250 209 184 51 42 36 73 40 2 0 0 0 0 0 0 1 1 1 2 2 3 3 0 5 11 0 3 0 0 0 0 0 0 0 0 0 0 0 0 0 0 0 0 0 0 0 0 0 0 1 0 1 0 20 0 0 0 0 0 6 0 0 0 0 0 1 0 14 23 0 0 0 0 0 67 1 19 15 0 0 25 76 2 0 10 17 37 0 0 0 0 0 0 2 29 0 3 0 0 0 0 0 0 1 0 0 0 0 0 0 0 0 0 0 0 0 0 0 0 0 0 0 0 5 0 0 0 0 0 0 0 21 12 0 0 0 0 21 0 29 0 0 0 0 0 2 0 0 0 14 10 0 0 0 31 0 11 0 0 0 14 0 28 0 41 19 25 30 0 0 0 0 0 0 0 0 0 0 0 0 0 0 0 0 0 0 0 0 0 0 0 0 0 0 0 0 0 0 0 6 0 0 0 0 0 29 61 0 20 0 0 0 0 0 2 0 0 0 0 0 0 0 1 0 0 0 0 0 0 0 0 0 0 0 0 0 2 11 
 3 3 4 4 3 3 3 2 9 3 7 6 8 3 3 3 5 12 3 3 0 0 0 0 62 100 0 0 0 0 0 4 0 0 0 0 17 0 1 0 178 244 100 92 54 99 171 0 385 121 53 33 414 313 212 237 385 114 152 64 0 0 0 40 0 0 0 0 0 0 0 0 0 0 0 0 4 0 16 0 0 5 5 5 5 9 1 0 0 3 5 4 1 0 4 0 0 3 1 6 0 0 0 0 1 0 0 0 0 0 0 0 0 0 0 0 0 0 0 0 0 16 0 9 9 2 3 21 31 57 12 0 0 0 9 37 20 8 7 0 0 0 3 0 0 0 10 1 0 0 0 0 6 0 0 0 0 0 12 45 5 0 0 0 6 0 0 5 5 0 17 0 0 6 0 1 14 0 0 12 0 0 0 0 0 0 0 0 0 0 0 0 0 0 0 0 0 0 0 0 0 13 9 16 10 10 0 20 4 17 65 37 0 0 0 16 42 35 0 0 10 0 0 0 0 0 35 0 0 0 0 0 0 0 12 0 0 0 11 8 0 0 0 0 0 0 0 0 0 33 0 7 0 0 0 0 0 0 0 0 0 0 3 2 4 30 0 0 1 10 0 0 10 0 0 0 0 0 0 0 0 0 0 0 11 0 0 0 0 0 
 0 0 0 0 0 0 0 0 0 0 0 0 0 0 0 0 0 0 0 0 0 0 0 0 0 0 2 0 0 0 0 3 0 0 0 29 0 0 3 0 100 269 318 77 70 331 56 385 0 369 51 42 99 146 124 652 157 95 76 95 0 0 0 0 0 0 47 0 0 0 0 0 0 0 0 0 0 0 0 52 0 0 0 0 0 0 0 0 14 0 0 0 0 12 0 0 0 0 0 0 0 10 0 0 0 10 0 0 0 0 0 0 0 0 11 1 49 0 0 0 0 23 0 0 15 57 0 18 15 2 11 0 0 14 0 2 13 7 15 0 8 0 21 0 0 0 18 0 0 0 0 0 19 0 1 1 0 0 43 1 0 0 0 0 0 0 0 0 0 0 26 0 0 0 0 0 0 0 0 0 0 0 0 0 0 0 0 0 0 0 0 0 0 0 0 36 0 0 0 0 19 21 70 20 41 15 0 0 0 39 2 30 13 13 0 23 49 0 0 22 3 1 0 0 0 0 11 0 0 0 0 0 0 0 10 0 0 0 36 3 0 0 0 0 0 0 0 0 0 0 0 13 0 0 0 0 0 0 0 1 0 0 0 43 67 16 2 0 0 0 16 0 0 0 0 0 0 0 0 0 0 0 0 0 23 15 0 0 2 0 
 0 0 0 0 0 6 0 0 0 0 2 0 0 0 0 0 2 0 1 0 3 3 3 6 34 37 4 3 71 2 2 3 2 2 3 1 72 2 9 2 106 135 239 149 192 98 26 121 369 0 67 304 272 441 118 103 41 49 124 147 0 2 0 9 7 3 0 55 3 51 0 0 0 0 0 0 0 12 54 1 0 0 0 0 0 0 0 0 0 0 0 8 0 0 0 0 0 0 0 0 0 0 0 0 0 0 0 0 0 0 0 0 0 0 0 0 0 0 0 0 0 14 29 45 10 0 5 39 0 0 17 44 0 0 0 14 9 9 0 18 3 21 22 0 0 0 29 7 34 0 0 0 0 0 10 0 0 0 0 0 0 0 0 0 24 0 0 0 0 0 21 0 0 0 0 4 0 0 0 0 0 0 0 0 0 0 0 0 0 0 0 0 0 0 0 0 0 0 0 0 52 0 0 0 0 0 0 0 11 11 22 17 0 9 0 21 38 7 0 0 1 31 11 0 0 0 1 0 0 0 0 0 31 0 0 0 0 10 0 11 0 0 8 0 0 0 0 0 0 0 0 9 0 0 0 0 0 0 0 9 0 0 2 0 0 3 0 66 0 0 2 0 0 0 0 0 0 0 0 0 0 0 0 0 11 8 0 0 1 0 
 0 0 0 0 0 0 0 0 5 0 4 2 4 0 0 0 0 2 0 0 0 0 0 0 0 0 0 0 0 0 0 0 0 0 0 0 0 0 3 0 39 168 123 67 74 60 31 53 51 67 0 120 270 244 126 240 83 129 71 353 56 5 0 0 0 0 0 0 0 0 0 0 0 51 0 0 0 0 0 0 0 0 0 5 8 1 0 0 0 0 0 6 0 0 0 0 3 3 6 2 0 0 0 0 0 0 0 0 0 0 0 0 0 0 0 0 0 0 0 0 0 14 18 3 22 1 1 18 0 0 12 33 0 14 0 3 1 0 0 28 0 0 4 0 0 0 0 0 0 0 0 0 0 0 0 0 10 0 25 1 0 0 0 0 4 0 0 7 16 0 13 0 0 5 0 3 3 0 0 6 0 0 0 0 0 0 0 0 0 0 0 0 0 0 10 0 0 0 0 0 37 19 20 9 41 18 0 0 40 8 19 14 0 13 0 28 11 0 0 0 11 1 0 0 0 0 17 0 0 0 0 0 1 21 8 0 0 0 8 0 0 1 0 0 0 0 0 0 0 0 0 3 0 1 0 0 0 0 0 2 0 21 39 35 0 17 0 0 0 0 0 0 1 0 0 0 0 0 0 0 0 0 0 0 0 0 0 1 1 11 
 1 70 0 0 0 0 61 1 0 0 1 0 1 61 1 42 1 0 0 1 0 1 0 0 2 0 0 0 0 0 0 0 1 0 0 0 0 0 1 0 55 118 99 90 39 268 261 33 42 304 120 0 15 241 23 124 73 79 89 81 0 0 0 50 3 0 0 0 0 0 0 0 0 57 0 0 0 2 0 0 0 0 17 0 0 0 16 0 0 0 0 0 14 0 8 7 0 0 0 0 0 0 0 0 0 0 0 0 0 0 0 0 0 0 0 0 0 0 0 0 0 0 2 8 10 1 0 0 0 0 0 27 0 18 0 9 0 0 0 0 0 0 1 0 0 0 0 0 0 0 0 0 0 0 0 0 6 0 0 1 0 0 0 0 0 0 0 0 0 0 0 0 0 0 0 0 0 0 0 10 0 0 0 0 0 0 11 0 0 0 0 0 0 0 0 0 0 0 0 0 19 0 10 0 42 22 0 9 0 0 5 15 0 18 0 17 17 0 0 0 0 0 0 0 0 0 0 1 0 2 0 0 0 10 0 0 0 16 6 0 0 0 0 0 0 0 0 0 0 0 0 12 0 0 0 0 0 0 0 11 0 0 8 2 0 0 9 0 0 0 0 0 0 0 0 0 0 0 0 0 0 0 0 0 0 0 0 17 1 23 
 0 63 62 62 1 2 0 64 63 85 0 0 0 0 1 0 0 0 0 0 82 2 63 12 1 0 31 31 40 9 1 62 1 1 1 2 92 1 2 0 130 64 286 70 169 44 250 414 99 272 270 15 0 395 96 297 251 68 405 58 0 0 1 53 0 0 0 0 0 0 0 0 0 0 9 0 0 0 0 0 1 0 0 0 19 0 0 0 0 1 18 6 0 0 0 0 0 0 0 0 15 5 0 0 1 26 6 0 0 2 0 9 0 0 30 11 23 19 13 39 29 29 0 7 0 0 11 10 0 11 0 0 32 7 24 0 0 0 15 10 0 0 0 0 0 0 0 1 0 0 5 0 0 0 0 0 0 0 0 3 0 0 18 21 0 0 0 1 0 0 14 21 0 0 0 2 19 1 0 0 0 0 0 0 52 18 0 15 2 7 14 9 3 0 14 18 17 0 0 0 32 0 0 6 0 0 29 0 13 0 9 0 0 0 9 0 5 1 14 11 0 0 0 0 0 11 0 0 0 0 0 0 0 0 0 0 0 0 0 0 0 0 0 0 0 0 0 0 0 62 0 6 18 0 0 1 0 4 21 0 19 0 1 0 2 2 0 0 0 0 0 0 0 0 0 14 0 0 0 0 0 0 0 0 0 0 0 0 1 0 
 35 3 3 3 3 7 6 0 3 3 7 3 5 3 3 3 3 3 6 3 2 2 2 2 20 18 68 5 3 2 64 2 2 5 4 2 2 2 4 2 121 110 201 602 314 52 209 313 146 441 244 241 395 0 225 124 93 48 81 235 10 0 18 0 0 0 0 0 0 0 0 0 7 6 0 0 0 0 0 41 0 0 0 0 0 0 0 0 0 0 0 0 0 0 0 0 0 0 0 0 0 0 0 0 0 9 0 0 0 0 0 7 0 0 0 0 0 0 0 0 19 0 10 1 0 7 21 3 0 13 9 11 16 0 16 11 10 20 18 0 5 0 8 0 2 0 0 0 12 4 10 25 5 0 0 0 10 0 17 2 0 0 0 0 0 0 0 13 0 0 0 0 0 0 0 3 0 0 0 0 0 0 0 0 7 0 0 0 0 0 0 0 0 0 0 0 0 0 0 0 39 0 11 14 23 19 6 1 0 1 7 10 0 1 0 7 0 56 0 20 0 2 16 0 0 2 0 0 0 0 0 0 0 5 0 0 23 2 0 6 0 0 1 0 0 0 0 0 0 0 0 8 0 0 0 0 0 62 36 0 0 0 1 2 0 5 1 0 0 0 0 0 0 0 0 0 0 0 0 0 0 0 0 0 4 46 0 0 1 0 
 0 0 0 0 0 0 0 0 0 0 2 0 0 0 0 0 0 0 0 0 0 0 0 0 63 1 0 0 0 0 127 2 0 85 0 0 6 0 2 0 144 77 39 135 55 38 184 212 124 118 126 23 96 225 0 68 138 102 86 85 0 1 0 0 0 0 1 4 0 0 0 0 0 0 0 4 7 0 47 0 1 12 0 0 0 0 0 0 0 0 0 0 0 0 0 0 0 0 0 0 0 0 0 0 0 18 0 0 0 0 7 8 0 0 0 0 0 0 0 0 24 25 29 3 3 7 11 12 45 21 17 0 10 20 16 60 1 30 15 25 11 0 6 1 0 0 4 0 0 0 0 0 0 0 0 0 0 0 15 3 0 0 0 0 0 0 0 0 0 0 10 0 0 0 0 0 0 0 0 0 0 0 0 0 13 0 0 0 0 0 0 0 0 0 0 0 0 14 0 0 1 19 1 13 14 2 0 0 0 36 65 1 10 0 20 14 29 42 0 9 3 0 3 0 0 0 24 3 0 1 1 0 0 0 6 1 0 0 18 0 0 0 0 0 0 0 0 0 0 0 0 4 0 0 0 0 0 64 0 0 0 0 1 67 0 15 3 0 0 0 3 0 0 0 0 0 0 0 0 0 0 0 0 0 0 0 0 0 2 0 
 0 0 0 0 0 0 0 0 0 0 0 0 0 0 0 0 0 0 0 0 0 6 0 8 6 3 2 1 0 0 3 2 0 3 0 0 8 206 9 0 361 76 75 192 111 380 51 237 652 103 240 124 297 124 68 0 79 112 35 129 8 0 0 0 1 3 1 0 0 0 0 0 0 0 6 2 4 2 1 6 0 0 0 0 0 0 0 0 0 0 0 0 0 0 0 0 0 0 0 0 0 0 0 0 0 12 0 0 4 0 0 0 0 0 0 0 0 0 0 0 0 21 7 0 0 17 0 32 12 9 0 0 0 1 11 13 34 11 0 5 1 0 0 0 0 0 2 0 0 0 0 0 19 0 0 0 0 0 33 10 0 0 0 0 0 0 0 0 0 0 14 0 0 0 0 0 0 0 7 0 0 0 0 0 8 25 0 0 0 0 38 7 0 0 0 0 3 7 0 0 4 14 39 8 57 18 7 22 5 1 23 14 7 12 1 19 57 16 0 0 0 0 0 0 0 0 35 0 0 0 0 0 0 0 2 0 0 0 37 0 0 0 0 0 0 0 0 0 0 16 0 11 0 2 0 0 0 0 3 2 0 0 65 80 107 12 3 0 0 0 0 0 0 0 0 14 0 0 0 0 0 0 0 0 32 0 0 16 0 0 
 0 0 0 0 0 0 0 0 0 0 3 0 1 0 0 1 6 0 0 0 0 0 0 0 0 0 0 0 0 0 0 6 0 0 0 0 6 6 3 0 36 90 68 85 117 58 42 385 157 41 83 73 251 93 138 79 0 98 35 16 0 0 0 0 1 0 0 0 0 0 0 0 0 0 0 0 0 0 50 55 0 0 0 0 0 0 0 0 0 0 0 13 0 0 0 0 0 0 0 0 0 0 0 0 0 0 0 0 0 0 0 0 0 0 0 0 3 0 0 0 0 8 0 8 21 27 0 9 15 13 19 19 0 0 0 29 0 2 0 0 31 0 32 0 0 0 17 19 0 0 0 0 9 0 0 0 0 0 5 8 0 0 0 0 0 0 0 0 0 0 0 0 0 0 0 0 15 0 0 0 0 0 0 0 0 0 0 0 0 0 0 0 0 0 0 0 0 0 0 0 0 0 17 0 30 51 0 10 11 72 26 13 0 13 0 1 0 53 0 0 9 0 0 0 0 0 0 0 0 0 0 0 0 0 0 0 11 0 1 7 0 0 0 0 0 0 0 0 0 0 0 11 0 1 0 0 0 0 0 17 0 0 0 2 1 0 0 1 1 0 0 0 0 0 0 0 0 0 0 0 0 0 0 6 21 8 0 0 0 6 
 0 0 0 0 0 2 1 0 2 0 2 1 1 2 0 1 2 2 3 3 2 2 1 5 12 1 2 1 1 2 11 3 0 1 0 2 4 1 7 0 94 88 259 56 297 89 36 114 95 49 129 79 68 48 102 112 98 0 34 45 0 1 0 0 0 0 0 0 0 0 0 0 0 0 0 0 0 0 63 0 0 0 0 0 0 0 0 0 0 0 0 0 0 0 0 0 0 0 0 0 0 0 0 0 0 0 0 0 2 0 0 0 9 0 0 0 0 0 0 0 0 0 0 22 0 0 0 0 0 0 22 14 0 0 0 0 12 0 0 6 16 7 6 0 0 0 14 1 0 0 0 0 11 0 0 0 0 0 20 6 0 0 0 0 0 0 0 0 0 0 0 2 0 0 0 0 0 0 0 0 0 0 0 0 10 2 0 0 0 0 2 7 0 0 13 0 1 10 0 6 0 0 26 0 52 50 0 1 4 40 0 1 0 0 3 0 5 0 1 0 29 0 8 0 0 0 20 9 0 0 0 0 0 0 0 0 0 0 15 25 0 0 0 0 0 0 0 0 0 0 0 14 0 2 0 0 0 2 5 0 0 13 0 1 22 6 0 0 0 9 0 0 0 0 0 0 0 0 0 0 0 0 0 0 12 0 0 0 1 0 
 3 3 3 3 3 4 3 2 78 3 3 3 3 3 3 3 5 3 3 3 0 70 0 2 2 87 0 1 3 25 32 58 0 2 2 1 91 97 2 0 49 130 89 73 277 52 73 152 76 124 71 89 405 81 86 35 35 34 0 131 0 27 1 0 0 0 0 0 4 3 0 0 0 1 2 0 1 0 0 1 0 0 0 0 0 0 0 0 0 0 0 0 0 0 0 0 0 0 0 0 0 7 0 23 0 0 0 0 0 0 0 11 0 0 0 0 0 20 0 0 1 20 11 13 0 0 11 10 55 11 3 10 2 29 30 21 13 9 40 10 7 0 0 0 0 0 0 0 0 0 0 0 0 0 0 2 0 0 0 0 0 0 1 0 0 0 0 0 0 0 0 0 0 0 0 0 0 0 0 0 0 0 0 13 2 30 0 22 0 6 0 14 0 0 0 22 0 0 0 0 13 0 16 14 0 0 0 11 20 4 13 12 0 12 8 8 30 3 0 0 0 0 0 0 0 0 29 0 0 0 0 0 0 0 0 0 0 0 5 0 0 0 0 0 0 0 0 0 0 0 0 6 0 0 0 0 0 0 0 0 0 0 0 0 0 0 2 0 1 0 0 0 0 0 0 0 0 0 0 0 0 0 1 0 0 0 0 7 2 0 
 1 0 0 0 0 6 0 0 0 0 0 0 0 0 0 3 0 0 60 0 3 3 3 6 34 36 5 3 14 5 3 3 3 3 3 4 3 3 6 4 206 112 56 126 83 38 40 64 95 147 353 81 58 235 85 129 16 45 131 0 19 0 0 2 1 0 49 0 0 0 0 0 12 6 0 0 0 0 0 0 0 0 0 0 0 0 0 0 0 0 0 0 0 0 0 0 0 0 0 0 0 0 0 0 0 19 0 0 0 0 0 0 0 0 0 0 0 0 0 0 0 6 39 9 0 10 3 15 14 3 0 22 0 18 0 6 9 9 3 0 0 0 5 0 7 0 0 1 10 4 6 24 4 0 2 5 10 0 0 1 0 0 0 0 0 0 0 0 0 16 0 0 0 0 0 4 0 0 0 0 0 0 0 0 0 0 0 0 0 0 46 0 0 0 0 0 0 0 0 0 38 11 11 6 20 0 1 7 0 0 3 25 6 28 0 16 35 0 0 0 0 38 0 1 0 12 11 0 2 0 0 1 0 0 0 0 3 6 0 0 0 0 0 0 0 0 0 0 0 0 0 6 0 2 0 0 0 0 0 0 0 0 0 0 1 0 0 0 1 0 3 0 0 0 0 0 0 0 0 0 0 0 0 0 0 0 0 11 0 0 
 0 0 0 0 0 0 0 2 0 0 2 65 0 0 0 0 2 0 3 0 0 0 0 0 0 0 0 0 0 0 0 0 0 0 0 0 0 0 6 0 0 0 2 0 116 46 2 0 0 0 56 0 0 10 0 8 0 0 0 19 0 173 269 34 37 50 91 169 82 43 34 43 215 137 386 42 55 265 75 151 0 0 0 0 0 0 0 0 0 0 0 0 0 0 0 0 0 0 0 0 0 0 0 14 0 0 0 0 6 0 0 0 0 0 0 0 0 0 0 0 0 0 0 0 0 10 0 0 0 0 0 0 0 0 0 0 0 0 0 0 6 4 39 0 0 0 8 1 14 5 11 23 18 8 0 1 14 25 0 1 0 0 0 0 2 0 0 0 0 0 0 0 0 0 8 0 0 0 0 0 0 0 0 0 0 0 0 0 0 0 0 0 0 0 0 0 0 0 0 0 0 0 0 0 0 0 0 0 0 0 0 0 0 0 0 0 0 0 0 0 8 18 41 1 0 0 8 9 14 0 9 53 14 19 38 32 2 7 0 0 0 0 0 0 0 0 0 0 0 0 0 0 0 0 7 0 0 0 0 0 0 0 0 0 0 0 0 0 0 0 0 2 0 0 4 1 0 0 0 0 0 0 0 0 0 1 0 0 0 4 
