 0 281 279 422 200 236 259 225 35 26 222 122 320 301 225 60 98 300 176 52 3 5 0 1 0 0 0 0 0 0 0 0 0 0 0 0 0 0 0 6 0 2 0 8 0 0 40 6 0 2 0 2 0 0 0 0 5 2 3 0 0 0 0 0 0 3 2 1 0 2 0 5 0 2 0 0 48 4 3 0 10 0 17 26 29 13 36 0 15 16 15 0 19 25 10 9 90 1 0 0 0 0 0 0 0 0 0 2 0 0 0 0 0 0 0 0 0 0 0 0 0 0 0 0 0 0 0 0 0 0 0 0 0 0 0 0 0 0 0 0 0 0 0 0 0 0 0 0 0 2 2 0 0 0 0 0 0 0 0 0 0 18 27 0 0 0 21 46 21 7 27 6 6 24 43 45 28 9 6 3 0 0 0 0 0 0 1 0 0 0 0 0 0 0 1 0 0 0 0 0 0 2 1 0 0 0 0 0 0 0 0 0 0 0 0 0 2 0 0 0 1 0 0 0 0 0 0 0 0 0 0 2 0 0 0 0 0 0 0 0 0 0 0 0 0 0 47 1 0 90 0 5 0 0 2 0 0 2 0 0 0 0 18 0 0 0 0 0 0 0 0 0 0 0 0 6 37 10 0 0 0 0 0 0 0 0 0 0 0 0 
 281 0 192 159 47 54 76 91 263 137 145 350 506 311 268 146 35 318 51 150 5 5 1 0 1 0 2 0 0 0 0 0 0 3 0 0 0 3 9 0 0 0 0 2 2 0 3 6 0 0 4 64 0 0 0 0 0 0 0 0 0 0 0 0 0 0 2 5 1 2 39 3 5 4 0 0 6 0 25 0 2 23 22 0 0 28 12 17 53 14 24 16 14 16 52 22 22 31 0 22 1 0 0 0 0 0 0 0 0 0 0 0 23 22 1 0 0 0 37 0 0 0 14 0 0 0 0 0 0 0 0 0 0 0 0 0 0 0 2 0 0 0 2 0 0 0 0 0 0 5 4 0 0 0 0 0 0 0 0 0 0 0 31 2 23 20 17 15 34 32 0 0 9 0 20 45 11 6 1 12 0 0 0 0 0 7 2 0 0 0 0 0 2 0 0 0 0 0 30 9 0 1 0 0 0 0 0 0 0 0 0 0 0 0 0 0 0 0 0 0 0 0 0 0 0 0 0 0 0 0 0 0 2 0 0 0 0 0 0 0 0 0 0 0 0 0 6 0 1 5 15 17 0 0 0 0 0 0 0 0 0 0 1 0 0 0 0 0 0 0 0 0 0 0 0 10 0 10 0 0 0 0 0 0 0 0 0 0 0 0 
 279 192 0 283 45 36 255 223 195 98 238 82 84 190 77 42 165 215 50 401 21 3 3 3 0 0 0 0 0 4 0 3 0 5 0 2 0 5 1 2 0 0 0 3 6 0 8 8 3 0 6 2 0 0 0 0 2 0 0 0 0 0 2 0 2 3 3 3 2 0 4 5 0 3 0 0 2 2 0 0 16 0 19 9 45 30 19 0 0 15 0 9 11 19 11 1 35 1 0 0 1 0 0 0 0 0 0 2 0 1 0 0 0 0 0 0 0 0 26 23 0 0 0 3 0 14 0 0 7 0 0 0 0 1 0 0 12 0 0 0 0 0 0 0 0 5 12 0 0 0 0 0 0 0 0 0 0 0 0 0 4 2 1 8 0 14 0 33 60 14 36 28 3 30 9 8 10 0 0 1 0 0 10 0 0 0 2 0 0 0 0 0 12 16 1 0 0 0 0 11 0 0 0 0 0 10 0 0 8 0 0 0 0 0 0 0 2 0 0 0 0 0 0 0 0 0 0 0 0 0 0 2 0 0 0 0 0 0 0 0 0 0 0 0 0 1 1 0 2 97 11 16 0 0 0 0 0 0 0 0 1 0 10 0 0 0 0 0 0 0 0 0 0 0 0 19 37 0 0 0 0 0 0 0 0 0 0 0 0 0 
 422 159 283 0 198 31 178 287 95 82 222 297 145 419 155 61 254 240 393 326 77 8 4 0 2 0 0 0 3 0 2 0 0 0 46 0 0 1 2 103 0 3 0 2 0 0 0 6 0 3 0 2 2 2 62 0 0 0 3 3 1 0 2 0 0 0 3 3 0 0 0 3 0 3 1 0 0 0 0 0 8 0 30 71 29 14 14 0 0 38 0 8 15 3 26 10 44 0 0 0 0 0 0 0 0 0 16 0 0 0 0 0 0 18 0 14 0 11 37 24 0 0 0 4 0 0 0 1 0 0 0 0 1 21 2 1 2 0 0 0 0 0 0 0 10 0 0 0 0 5 4 0 0 0 0 0 0 0 0 0 0 34 13 2 26 17 0 0 47 0 0 25 0 0 12 21 0 26 0 0 1 0 2 1 0 0 15 13 0 14 0 0 22 19 0 0 0 0 2 12 0 0 0 0 0 1 0 0 0 0 0 0 0 0 0 0 0 0 0 0 0 1 0 1 0 0 0 0 0 0 0 0 0 0 19 0 0 0 0 0 0 0 0 0 0 2 6 0 0 1 13 5 17 0 0 0 0 0 0 2 0 0 0 0 0 0 0 0 0 0 0 0 0 0 0 10 10 10 0 0 0 0 0 0 0 0 0 0 0 0 
 200 47 45 198 0 63 46 73 161 122 86 185 61 392 43 75 136 61 300 146 149 25 0 0 2 0 1 75 76 76 0 0 3 73 75 1 0 0 40 2 0 0 0 2 0 0 0 3 0 0 0 2 0 0 0 0 0 0 0 0 0 0 3 8 0 0 3 2 0 1 0 3 0 34 0 0 0 0 0 0 0 0 0 6 0 0 0 0 0 8 0 1 0 13 0 15 0 0 0 0 15 14 0 0 0 0 42 0 0 0 0 0 9 1 70 38 8 0 1 33 0 1 0 0 0 0 0 0 1 0 0 0 0 0 0 0 0 0 0 0 1 0 0 0 0 0 0 0 0 1 0 13 0 0 0 0 0 0 0 0 22 0 0 0 9 26 2 0 0 0 0 0 0 1 0 25 0 0 0 0 10 26 0 11 0 0 21 14 25 1 0 0 31 23 1 1 45 0 21 22 0 0 0 0 0 0 0 0 0 0 0 19 0 0 0 0 0 0 0 0 0 16 0 0 0 0 0 0 0 0 0 0 0 0 0 0 0 0 0 0 0 0 0 0 0 2 3 0 0 3 0 5 3 0 0 0 0 1 0 0 0 0 0 0 0 0 0 0 0 0 0 0 0 0 0 0 0 10 0 14 0 0 0 0 0 0 0 0 0 0 
 236 54 36 31 63 0 21 118 43 271 158 59 25 68 130 155 351 50 78 67 3 76 0 0 0 1 151 0 113 74 0 6 38 156 149 0 0 9 98 199 0 0 0 2 0 0 2 8 0 0 0 2 0 0 0 0 0 21 0 0 0 0 1 3 0 0 3 2 0 1 0 3 0 3 0 0 0 0 0 0 0 0 0 0 0 13 0 0 10 0 4 18 0 0 0 0 0 40 0 0 24 0 10 0 0 0 20 10 50 6 0 0 17 18 26 1 14 11 0 1 0 0 0 1 0 2 0 0 0 0 0 0 19 0 0 0 0 8 0 1 0 0 0 0 0 0 0 0 0 0 0 0 0 0 1 0 0 0 1 0 0 17 14 31 21 14 0 0 0 0 0 1 0 0 0 0 0 19 0 0 9 18 32 20 0 11 43 32 32 41 0 9 27 52 30 1 24 0 29 9 0 19 0 0 0 0 0 0 0 0 0 0 0 0 0 0 0 0 0 0 0 0 0 0 0 0 1 0 0 0 0 0 12 0 0 0 0 0 0 0 0 18 0 0 1 3 2 0 3 0 0 18 0 0 0 0 0 0 0 0 0 1 0 0 0 0 0 0 0 0 0 0 0 0 0 0 0 0 0 0 0 0 0 0 0 0 0 0 0 0 
 259 76 255 178 46 21 0 116 252 114 90 236 105 88 218 120 40 33 67 39 3 3 0 0 0 0 0 0 0 0 3 0 3 0 0 3 1 3 0 3 3 0 3 4 0 0 1 3 0 0 0 3 0 0 3 0 0 5 8 0 0 0 2 0 0 0 3 3 0 0 0 7 0 3 0 0 0 0 4 0 29 0 34 8 13 0 24 40 7 20 7 35 2 33 15 21 12 0 16 37 0 0 0 0 0 0 0 0 0 0 0 0 0 0 0 0 2 0 0 0 0 0 0 0 0 0 0 0 0 1 0 2 0 0 0 0 0 0 0 0 0 0 0 0 0 0 0 0 0 0 0 0 0 0 0 0 0 0 0 0 0 33 0 7 0 4 31 30 13 0 23 1 9 6 8 10 20 0 34 30 0 0 0 0 0 0 0 0 0 0 2 0 0 1 0 10 0 0 0 10 0 0 0 0 0 0 0 0 0 0 0 0 0 0 0 0 0 0 0 0 0 0 0 0 0 0 0 0 0 0 0 0 0 0 0 1 0 0 0 0 0 0 0 0 0 0 0 0 2 10 0 18 0 0 0 0 0 0 0 0 1 0 0 0 0 0 0 0 0 2 0 0 0 0 0 13 6 0 0 0 0 0 0 0 0 0 0 0 0 0 
 225 91 223 287 73 118 116 0 275 47 271 114 193 701 171 344 111 343 160 285 3 3 0 2 0 0 0 0 0 0 0 0 0 74 0 0 0 0 30 0 0 0 0 2 0 0 1 3 0 0 0 2 0 0 0 0 0 0 0 0 0 0 0 0 0 0 2 7 0 2 0 3 3 2 0 0 0 0 0 0 0 1 0 0 16 35 14 0 8 10 0 12 7 0 0 9 4 19 0 0 0 0 0 0 0 0 0 0 0 0 0 0 1 1 0 0 0 0 13 19 0 0 0 0 0 0 0 1 0 0 0 0 0 0 2 0 0 0 0 0 0 0 0 0 0 4 0 0 0 1 0 0 0 0 0 0 0 0 0 0 6 26 31 13 0 10 9 1 0 0 45 0 2 20 0 1 40 33 4 10 0 0 0 0 0 0 0 0 0 0 0 1 29 16 0 0 0 0 5 16 0 27 0 2 0 0 0 0 0 0 0 1 0 0 0 0 0 0 0 0 0 0 0 0 0 0 0 0 0 0 0 0 0 0 0 0 0 0 11 0 0 20 12 0 0 2 91 0 4 2 2 14 0 0 0 0 0 0 0 0 0 0 0 0 0 0 0 0 0 0 0 0 0 0 0 0 1 1 0 0 0 0 0 0 0 0 0 0 0 2 
 35 263 195 95 161 43 252 275 0 168 149 261 424 350 115 76 85 56 78 98 5 3 1 3 3 0 0 3 0 2 0 6 1 0 1 0 7 8 88 2 2 5 3 5 2 0 2 3 5 0 10 7 0 2 3 8 0 0 2 0 0 4 8 7 3 0 5 3 3 3 62 5 0 2 5 0 0 0 3 1 9 16 31 0 0 25 43 0 35 58 22 24 1 18 11 47 43 12 8 1 2 30 0 1 0 0 0 0 0 0 0 0 23 0 0 0 0 0 39 12 0 0 0 0 0 0 0 0 0 0 0 0 0 0 9 0 0 0 0 0 0 0 0 0 0 5 0 0 1 0 0 0 0 0 0 0 0 0 0 0 18 0 0 8 0 18 12 6 42 7 39 34 7 18 1 0 15 11 0 22 0 2 1 2 1 0 11 14 0 0 0 14 21 14 0 2 0 0 34 11 0 0 0 0 0 1 0 0 0 0 0 0 0 0 0 0 0 0 0 0 0 0 0 2 0 6 0 0 0 0 0 0 0 22 0 0 0 0 6 0 0 0 0 0 0 2 0 1 0 194 2 18 2 0 0 0 0 0 0 0 0 0 0 0 0 0 0 0 0 0 2 0 0 0 0 22 0 1 0 0 0 0 0 0 0 0 0 0 0 0 
 26 137 98 82 122 271 114 47 168 0 87 43 124 268 55 70 247 45 500 525 3 10 36 0 2 0 32 0 0 2 0 0 0 0 0 0 0 0 103 99 0 0 0 6 2 3 0 6 34 3 0 2 2 0 0 2 0 0 0 2 0 0 1 1 1 2 4 2 0 3 0 12 0 2 0 0 0 2 2 3 0 0 27 6 0 56 11 0 20 60 27 10 0 2 20 37 29 35 0 0 9 0 0 0 0 0 0 6 0 0 0 0 6 31 9 0 0 0 16 33 0 0 0 0 0 0 0 0 0 0 0 0 0 0 0 0 0 0 0 0 0 0 0 0 10 16 1 0 0 0 0 0 0 0 0 0 0 0 0 0 0 0 0 40 41 0 11 0 27 8 21 25 12 12 0 0 0 27 0 12 0 32 14 0 0 0 42 26 0 0 0 0 20 19 0 8 1 0 0 0 0 0 0 0 0 0 0 0 0 0 0 0 0 0 0 0 0 0 0 0 0 0 18 0 0 0 0 0 0 0 0 0 0 0 0 0 0 0 13 0 0 0 0 0 0 0 0 0 18 87 0 14 18 0 0 0 0 0 0 0 0 0 0 2 0 0 0 0 0 0 0 0 0 0 0 0 0 0 0 0 0 0 0 0 0 0 0 0 0 0 
 222 145 238 222 86 158 90 271 149 87 0 140 335 214 324 118 176 273 36 394 3 8 0 0 0 0 0 0 3 3 2 0 0 0 0 0 0 0 61 1 0 0 0 2 0 0 0 3 0 0 0 2 2 0 0 0 1 2 3 0 0 3 0 1 0 0 4 1 0 2 1 3 0 2 1 0 1 0 0 0 17 0 0 77 55 25 22 0 2 1 0 57 37 0 48 0 21 21 0 0 1 0 0 2 0 0 0 0 0 0 0 0 0 9 0 0 0 0 11 20 0 12 0 0 0 0 0 0 0 0 0 0 0 21 0 0 0 0 0 0 0 0 0 0 0 0 14 0 2 0 0 0 0 0 0 4 0 0 0 0 0 25 10 35 10 20 11 6 18 79 47 0 0 10 7 0 21 17 0 0 0 0 0 0 2 0 0 1 0 0 0 0 25 17 0 0 6 0 3 9 0 26 0 0 0 0 0 0 0 2 0 0 0 0 0 0 0 0 0 0 0 0 0 0 0 0 0 0 0 13 0 0 0 0 0 0 0 0 0 2 0 20 0 0 0 2 90 2 0 55 18 18 0 0 0 0 0 0 0 0 0 0 0 0 0 0 0 0 0 0 0 0 0 0 0 18 19 0 0 0 0 0 0 0 0 2 0 0 0 0 
 122 350 82 297 185 59 236 114 261 43 140 0 279 26 47 119 145 74 115 29 3 3 0 0 0 2 37 0 209 0 0 0 5 0 83 0 1 0 131 92 0 4 0 6 0 0 2 9 0 0 0 2 0 0 63 5 0 11 0 0 0 34 3 0 0 0 0 0 0 3 0 3 0 8 0 0 0 0 0 0 0 0 0 31 38 0 16 0 33 0 8 15 10 22 6 24 25 19 0 0 20 18 0 0 0 0 1 4 0 0 0 0 2 26 10 1 0 9 10 10 0 0 0 0 0 0 0 0 0 0 0 0 0 0 0 0 0 0 0 0 0 0 0 0 0 0 0 0 0 25 1 0 0 0 0 0 0 0 0 0 12 0 17 17 53 40 0 0 18 0 0 17 0 0 6 22 0 9 0 0 0 3 0 0 0 0 23 22 12 16 0 0 1 1 0 0 0 0 1 20 24 0 1 30 0 0 0 0 0 0 0 0 0 0 0 0 0 0 0 0 0 0 0 0 0 0 0 0 7 0 0 0 0 0 0 0 0 0 0 0 0 0 0 0 0 1 95 0 3 0 1 5 0 0 0 0 0 0 0 0 0 0 0 0 0 0 0 0 0 0 0 0 0 0 0 0 21 15 0 0 0 0 0 0 0 0 0 0 0 0 
 320 506 84 145 61 25 105 193 424 124 335 279 0 127 137 121 26 37 101 161 0 3 0 0 4 2 5 0 0 2 1 1 2 0 0 35 6 3 0 0 0 0 0 3 3 0 3 1 0 2 3 0 0 0 3 7 9 0 0 0 0 0 1 3 3 2 0 10 8 0 9 0 5 3 3 0 4 6 1 2 18 19 11 2 12 0 25 12 20 9 19 0 23 0 22 10 28 4 23 34 0 1 0 0 0 0 0 0 0 0 0 0 0 0 0 0 0 0 0 0 0 0 0 0 0 0 0 0 0 0 0 0 0 1 0 0 0 0 0 0 0 0 0 0 0 0 0 0 0 0 0 0 0 16 0 0 0 0 0 0 0 13 20 0 0 0 9 8 1 0 0 0 0 10 0 0 0 0 34 22 0 0 0 0 0 0 0 0 0 0 0 0 0 0 0 0 0 0 0 0 0 0 0 0 0 0 0 0 0 0 0 37 0 0 0 0 0 0 0 19 0 0 0 0 0 0 0 0 0 0 0 0 0 16 0 0 0 0 0 0 0 0 0 0 0 1 1 0 2 0 0 26 0 0 0 0 0 0 0 1 0 0 0 0 0 0 0 0 1 0 0 0 0 1 2 0 32 0 0 0 0 0 0 0 3 0 0 0 0 0 
 301 311 190 419 392 68 88 701 350 268 214 26 127 0 86 39 35 448 424 260 3 3 0 0 0 0 0 2 0 2 0 0 0 0 0 0 0 0 0 0 0 0 0 2 0 1 6 3 0 0 0 2 0 0 0 0 0 0 0 0 0 0 0 0 4 0 1 0 0 3 0 32 0 2 0 0 0 0 0 0 0 0 12 0 16 15 28 1 10 37 22 0 19 56 18 20 29 0 1 0 0 0 0 0 0 0 0 0 0 0 0 0 0 0 0 0 0 0 15 0 0 0 0 0 0 0 0 0 0 1 0 2 0 6 0 0 0 0 0 0 0 0 0 0 0 5 17 0 0 0 0 0 0 1 0 0 0 0 0 0 30 7 11 0 0 18 12 23 16 25 20 11 26 23 23 0 14 12 0 28 0 2 0 0 0 0 1 0 0 0 0 0 10 0 0 0 0 0 0 0 0 0 0 0 0 0 0 0 0 0 0 0 0 0 0 0 0 0 0 0 0 0 0 0 0 0 0 0 0 0 0 0 0 0 0 0 0 0 1 0 0 0 0 0 0 2 0 0 0 0 0 20 0 0 0 0 0 0 0 0 0 0 2 0 0 0 0 0 0 2 0 0 0 0 0 0 19 0 0 0 0 0 0 0 0 0 0 0 0 0 
 225 268 77 155 43 130 218 171 115 55 324 47 137 86 0 214 135 256 281 453 3 3 0 0 0 0 0 0 0 0 0 0 0 0 1 0 0 0 7 0 0 0 0 2 0 0 2 3 0 0 0 2 0 0 0 0 0 0 0 0 0 0 0 0 0 0 1 6 0 3 0 3 3 2 0 0 0 0 0 0 6 10 15 21 0 28 0 18 28 7 0 7 27 9 10 0 41 40 0 49 2 0 0 1 0 0 0 0 12 0 0 0 0 0 0 0 0 0 0 2 0 0 0 0 0 0 0 0 0 0 0 0 0 1 1 0 1 0 0 0 0 0 0 0 0 0 0 32 1 0 3 0 0 0 0 0 0 0 0 0 0 27 55 13 0 14 1 25 21 0 7 13 0 10 40 1 0 35 10 0 0 0 1 2 1 0 0 2 0 0 0 0 14 15 0 0 0 0 11 0 0 14 0 0 0 2 0 0 0 0 0 0 0 0 0 0 0 0 0 0 0 0 0 2 0 0 0 0 0 0 0 0 0 0 0 0 0 0 0 0 0 37 0 0 0 0 175 2 0 1 0 16 0 0 0 28 0 0 0 0 0 0 0 0 0 0 0 0 0 0 0 0 0 0 0 5 5 0 0 0 0 0 0 0 0 0 0 0 0 0 
 60 146 42 61 75 155 120 344 76 70 118 119 121 39 214 0 206 133 135 539 4 5 2 0 1 0 0 0 75 0 0 0 0 0 1 42 0 2 81 74 0 0 0 2 0 0 0 7 62 0 0 2 0 0 0 0 0 6 0 0 0 0 1 0 0 0 3 9 0 1 0 3 5 2 0 0 0 0 0 0 23 1 23 21 11 16 0 20 22 11 0 11 27 9 3 0 10 29 0 20 0 0 0 2 0 0 2 0 0 0 0 0 0 14 0 6 4 0 21 15 14 0 0 0 0 0 0 0 0 0 0 0 0 0 0 0 0 0 0 0 0 0 0 0 0 0 6 0 2 0 0 0 0 0 0 3 0 0 0 0 0 32 29 10 7 1 0 19 0 11 16 20 0 1 19 12 12 0 13 0 0 0 0 1 2 0 0 16 0 0 0 0 14 14 0 0 0 0 0 10 0 18 0 0 0 0 0 0 0 0 0 0 0 0 0 0 0 0 0 0 0 0 0 0 0 0 0 0 0 0 0 0 0 0 0 0 0 0 0 0 0 19 0 0 0 0 2 0 1 0 0 19 0 0 0 0 0 0 0 0 0 0 0 0 0 0 0 0 0 0 0 0 0 0 0 0 10 0 0 0 0 0 0 0 0 0 0 0 0 0 
 98 35 165 254 136 351 40 111 85 247 176 145 26 35 135 206 0 45 44 242 3 3 0 0 0 3 0 0 0 0 2 0 1 0 4 70 0 2 92 147 0 0 0 2 0 0 2 17 0 0 0 7 0 0 0 0 0 9 0 0 0 0 2 14 0 0 3 3 0 0 0 3 0 18 0 0 0 0 33 0 7 1 30 25 13 14 0 0 1 62 8 7 1 34 0 25 0 76 0 0 22 0 0 1 0 0 0 0 4 0 0 0 2 10 0 0 0 0 37 2 0 0 0 0 0 0 0 0 0 0 0 0 0 0 0 0 1 0 0 0 0 0 0 25 0 2 0 0 1 10 0 0 0 0 0 0 0 0 0 0 12 26 0 0 0 41 0 18 18 0 0 15 0 36 9 21 0 8 0 0 0 12 1 2 1 0 13 27 0 0 0 0 37 25 0 13 1 0 0 10 0 14 0 0 0 2 0 0 0 0 0 0 0 0 0 0 0 0 0 0 0 0 0 2 0 0 0 0 0 0 0 0 0 0 0 0 0 0 0 0 0 17 0 0 0 2 4 0 0 88 0 3 24 0 0 0 0 0 0 0 0 0 0 0 0 0 0 0 0 0 0 0 0 0 0 0 6 4 0 0 0 0 0 0 0 0 0 0 0 0 
 300 318 215 240 61 50 33 343 56 45 273 74 37 448 256 133 45 0 162 187 3 3 0 0 0 0 0 0 0 0 0 0 0 0 0 0 0 0 2 0 0 0 0 2 0 0 13 82 0 0 0 2 0 0 0 1 0 0 0 0 0 0 2 0 0 0 6 3 0 0 60 4 0 3 0 0 0 0 0 0 0 25 0 0 12 0 0 0 2 13 19 2 10 25 10 32 7 17 0 13 0 1 0 0 0 0 0 0 0 0 0 0 0 0 0 0 0 0 16 0 0 0 0 0 0 0 0 0 0 0 0 0 0 0 0 0 0 0 0 0 0 0 0 2 0 0 0 0 0 6 7 0 0 0 0 0 0 0 0 0 0 0 37 0 0 0 1 40 36 37 0 9 11 16 21 19 7 27 0 6 0 0 0 0 0 0 10 0 0 0 0 0 0 0 0 0 0 1 2 0 0 0 0 0 0 0 0 0 0 0 0 0 0 0 0 0 0 0 0 0 0 0 0 0 0 0 0 0 0 0 0 0 1 0 0 0 0 0 0 0 0 0 0 0 0 0 98 0 0 3 3 7 0 0 0 0 0 0 0 0 42 0 99 0 0 0 0 0 0 0 0 0 0 1 0 5 10 1 0 0 0 0 0 0 0 0 0 0 0 0 
 176 51 50 393 300 78 67 160 78 500 36 115 101 424 281 135 44 162 0 389 3 4 0 0 0 0 0 0 0 0 0 0 0 0 0 0 0 0 0 0 0 0 0 2 0 1 0 3 0 0 0 2 0 0 0 0 0 0 0 0 0 0 0 0 0 0 1 0 0 3 4 3 0 2 0 0 0 0 0 0 0 0 1 1 0 0 0 1 0 8 1 0 9 13 4 7 21 0 0 0 0 0 23 5 0 0 2 0 0 0 0 0 0 0 0 0 0 0 0 1 0 0 0 0 0 0 0 0 0 0 0 0 0 2 2 2 2 0 0 0 0 0 0 0 0 0 0 0 0 7 3 0 0 0 0 0 0 0 0 0 0 0 24 0 0 0 0 18 25 0 1 16 0 0 5 26 0 17 0 15 1 0 2 1 0 0 0 0 0 2 0 0 1 0 0 0 0 0 0 0 0 0 0 0 0 0 0 0 0 0 0 0 0 0 0 0 0 0 0 0 0 0 0 1 0 0 0 0 0 0 0 0 0 0 0 0 0 0 0 0 0 0 0 0 0 1 6 0 1 0 0 18 0 0 0 0 0 0 0 0 0 0 0 0 0 0 0 0 0 0 0 0 0 0 0 12 8 11 0 0 0 0 0 0 0 0 0 0 0 1 
 52 150 401 326 146 67 39 285 98 525 394 29 161 260 453 539 242 187 389 0 3 3 0 0 0 0 0 0 0 0 0 0 204 77 0 0 1 0 0 0 0 0 0 2 0 1 45 3 0 3 0 2 0 0 0 0 0 0 0 0 0 0 0 0 20 0 0 1 0 3 0 3 0 2 0 0 0 0 0 0 36 17 31 0 18 0 0 33 0 0 25 0 0 39 0 0 7 8 22 37 0 1 0 0 0 0 0 0 0 0 0 1 0 0 11 0 0 0 0 0 0 9 0 0 0 0 0 0 0 0 17 0 0 3 0 0 0 0 0 0 0 0 0 2 0 0 0 0 0 0 2 9 0 0 0 0 0 0 0 0 17 13 0 0 0 0 0 11 12 36 3 0 24 20 35 7 44 0 0 1 0 0 0 0 0 0 0 0 0 0 0 0 0 0 0 0 0 0 0 0 0 0 0 0 0 0 0 0 0 0 0 0 0 0 0 0 0 0 0 0 0 19 0 0 0 0 0 0 0 0 0 0 0 0 0 0 0 0 0 0 0 0 0 0 0 3 3 0 4 1 2 4 0 0 0 0 0 0 0 2 0 0 16 0 0 0 0 0 0 0 0 0 0 0 0 7 0 0 0 0 0 0 0 0 0 0 0 0 0 0 
 3 5 21 77 149 3 3 3 5 3 3 3 0 3 3 4 3 3 3 3 0 188 86 65 51 27 66 158 95 115 107 55 41 165 144 90 101 186 64 261 0 7 0 2 7 0 1 1 0 0 0 0 0 0 3 3 0 3 6 0 9 0 0 0 0 0 0 0 2 0 2 1 0 1 0 48 10 8 0 0 0 0 0 13 0 0 0 0 0 0 0 10 0 0 2 0 0 0 0 0 11 0 7 1 49 0 28 1 0 14 0 15 10 1 24 23 0 22 0 37 0 0 0 0 0 28 0 0 7 0 0 0 0 0 0 0 0 0 0 21 0 0 0 0 0 0 0 0 0 0 0 0 0 0 0 0 0 0 0 0 3 0 5 0 9 0 0 0 2 0 0 6 0 0 0 0 0 0 0 0 83 19 1 17 21 8 32 1 0 20 0 9 16 2 6 35 15 10 19 20 0 0 0 0 0 0 0 0 0 0 0 1 14 0 0 0 0 0 16 0 0 0 0 0 0 2 0 0 0 0 0 0 0 0 0 0 0 0 0 0 0 0 0 0 0 0 0 0 0 0 0 0 0 0 19 0 2 97 43 2 3 19 0 0 0 0 1 0 0 0 0 0 0 0 0 0 0 0 0 10 0 11 0 0 0 0 0 0 0 0 
 5 5 3 8 25 76 3 3 3 10 8 3 3 3 3 5 3 3 4 3 188 0 115 56 61 38 107 224 239 119 98 131 194 69 213 315 22 364 42 130 0 0 0 211 1 0 2 0 0 0 0 0 0 0 3 0 0 0 2 0 11 0 0 0 0 0 0 2 0 0 0 2 0 0 0 0 0 17 0 0 2 0 0 0 1 0 0 0 1 0 0 5 0 0 0 0 0 0 0 1 9 24 21 12 11 0 22 32 31 42 24 2 34 10 32 48 24 6 0 0 32 1 0 0 0 0 0 0 0 0 0 0 0 0 2 0 0 0 33 10 0 0 3 0 0 0 1 0 0 0 0 0 0 0 0 0 0 0 0 0 0 0 0 0 0 0 0 0 0 0 0 0 0 0 0 0 1 0 0 0 0 17 32 8 0 14 40 19 31 1 0 11 8 26 17 18 60 0 0 30 0 0 0 0 0 0 0 0 0 0 0 0 22 0 0 0 0 0 17 1 0 0 0 0 0 0 0 0 0 0 0 8 0 0 0 0 0 0 0 0 0 0 0 0 0 0 0 0 0 0 0 0 0 0 8 0 0 0 1 2 0 1 0 0 0 0 0 0 0 0 0 0 0 0 0 0 0 0 0 0 0 0 0 0 0 0 11 0 0 2 
 0 1 3 4 0 0 0 0 1 36 0 0 0 0 0 2 0 0 0 0 86 115 0 133 81 171 160 237 290 140 193 167 198 131 68 129 23 260 82 54 6 0 29 2 1 0 67 0 1 3 0 0 2 0 29 0 0 0 36 62 5 0 55 0 0 2 0 3 0 0 0 0 0 2 0 0 1 9 2 0 0 0 0 0 2 1 0 0 0 0 0 0 0 0 0 0 0 0 0 0 13 0 26 22 1 0 0 7 27 1 52 9 0 9 0 20 1 37 0 0 0 0 0 0 0 0 1 24 0 2 1 0 0 0 0 0 0 0 20 12 0 1 0 0 0 0 0 5 0 0 0 0 0 0 0 0 0 0 0 1 0 0 0 0 0 0 0 0 0 0 0 0 0 10 6 0 0 0 0 0 12 11 6 15 16 20 0 0 0 21 10 10 0 0 12 7 12 20 0 0 2 0 25 0 0 0 12 0 0 0 0 0 42 3 0 2 0 0 9 15 0 0 0 0 0 1 0 5 0 0 0 0 0 0 0 0 0 0 0 0 0 0 33 0 0 1 0 0 0 0 0 0 0 2 14 2 0 78 1 0 21 0 0 0 0 1 0 0 0 0 0 0 0 0 0 1 0 0 0 0 0 0 0 0 0 18 30 0 0 0 
 1 0 3 0 0 0 0 2 3 0 0 0 0 0 0 0 0 0 0 0 65 56 133 0 161 207 144 142 182 182 132 68 359 53 159 282 32 207 232 40 63 2 68 7 2 72 63 0 1 1 0 0 160 62 3 2 0 3 65 67 0 6 0 0 0 0 0 2 0 0 1 0 0 0 0 0 0 3 5 2 0 0 0 0 0 0 0 0 2 0 0 0 0 0 0 0 0 0 1 0 11 8 1 52 0 24 1 7 0 8 25 39 0 10 9 21 9 0 0 0 0 22 9 0 0 0 8 23 16 0 0 0 0 0 0 12 1 0 16 19 0 0 0 0 0 0 0 0 0 1 0 0 0 0 0 0 0 0 0 0 0 0 0 8 0 0 0 0 0 0 0 0 0 3 0 0 0 0 0 0 0 0 9 14 0 0 12 0 12 1 25 0 0 0 0 14 21 2 0 0 0 0 1 2 2 0 0 10 24 0 0 0 11 24 42 11 0 0 9 24 0 0 0 0 2 0 0 1 0 0 0 0 0 17 0 0 0 0 0 0 0 0 0 0 0 0 0 0 0 0 0 1 0 0 17 0 1 0 5 1 13 21 0 0 0 0 0 0 0 0 0 0 0 51 0 0 0 0 0 0 0 12 0 0 0 0 30 0 0 0 
 0 1 0 2 2 0 0 0 3 2 0 0 4 0 0 1 0 0 0 0 51 61 81 161 0 174 50 64 69 194 127 41 302 204 103 162 214 183 84 171 20 3 2 3 2 0 2 61 0 70 0 2 1 61 4 0 0 0 2 63 0 0 0 0 0 0 0 2 0 0 0 0 0 0 0 0 33 3 2 0 0 15 0 0 1 3 0 0 2 0 0 0 2 0 0 0 0 0 0 2 0 0 38 0 9 8 1 1 0 63 13 17 0 1 0 0 0 0 0 9 7 44 0 0 0 0 0 11 0 9 2 1 8 40 8 20 0 53 11 16 0 0 0 2 0 0 0 0 0 0 0 0 0 0 6 0 0 0 0 2 9 2 5 0 0 0 1 1 0 0 0 3 2 1 1 0 1 0 2 0 13 0 0 1 31 20 0 0 0 0 22 0 0 0 21 1 0 6 0 0 0 1 16 0 0 0 35 0 0 9 1 0 0 27 39 19 0 0 7 18 9 0 2 0 0 15 0 0 0 0 0 11 0 0 12 0 0 0 0 0 0 0 1 0 0 0 0 0 0 0 0 0 0 0 9 0 0 79 46 0 2 0 0 0 0 0 0 0 0 0 0 0 0 0 0 0 0 0 0 0 0 10 0 0 0 8 0 0 0 0 
 0 0 0 0 0 1 0 0 0 0 0 2 2 0 0 0 3 0 0 0 27 38 171 207 174 0 263 26 338 56 88 104 21 42 137 118 169 49 67 51 45 0 9 2 1 7 65 128 6 0 0 0 21 63 3 0 0 3 64 127 0 2 0 0 0 0 0 3 0 0 3 0 0 0 0 0 0 3 0 0 0 0 0 0 0 0 0 0 0 0 0 0 0 0 0 0 0 0 0 0 0 0 1 12 31 20 0 0 1 9 1 12 0 0 0 1 0 0 0 1 22 56 0 0 0 0 45 55 12 0 0 0 21 25 19 32 0 55 0 24 0 0 1 0 0 0 0 0 0 0 0 0 0 0 3 0 0 0 0 0 1 2 0 0 0 0 3 0 30 0 0 0 0 0 3 0 0 0 0 0 0 0 0 0 20 20 1 0 0 0 15 51 0 0 0 0 0 1 5 0 10 19 12 0 0 0 38 6 2 20 10 0 0 3 12 13 0 0 0 10 1 0 0 0 0 11 0 0 0 0 0 0 0 0 0 0 0 2 0 0 0 0 9 0 0 0 0 0 0 0 0 0 0 2 10 1 0 78 0 2 4 0 0 0 0 0 0 0 0 0 0 0 0 0 0 0 0 0 0 0 0 0 0 0 0 8 0 0 0 0 
 0 2 0 0 1 151 0 0 0 32 0 37 5 0 0 0 0 0 0 0 66 107 160 144 50 263 0 181 124 344 70 55 232 145 186 35 46 104 184 193 0 0 0 2 1 0 2 0 0 1 1 2 0 0 4 0 0 0 2 0 0 0 2 3 0 0 45 2 0 0 0 0 0 0 3 0 0 3 0 2 0 0 0 0 0 0 0 0 17 0 8 42 0 0 0 0 0 19 0 0 35 16 20 20 2 0 20 19 73 9 1 0 30 34 53 20 53 0 0 0 0 0 0 0 0 0 2 0 0 0 0 0 0 0 1 4 0 0 0 0 0 0 0 0 0 0 0 0 0 0 0 0 0 0 0 0 0 0 0 0 0 0 0 17 19 0 1 0 0 0 0 0 0 0 0 0 0 0 0 0 2 2 48 25 0 0 40 39 42 18 2 3 10 25 22 0 41 24 13 17 0 0 0 0 0 0 0 0 0 0 0 0 0 0 0 0 0 0 2 0 0 0 0 0 19 0 0 4 0 0 0 0 0 0 0 0 0 0 0 0 0 0 0 0 0 0 0 0 25 0 0 0 0 19 0 0 2 0 75 2 1 1 0 0 0 0 0 0 0 0 0 0 0 0 0 0 0 0 0 0 0 0 0 0 0 0 0 0 0 16 
 0 0 0 0 75 0 0 0 3 0 0 0 0 2 0 0 0 0 0 0 158 224 237 142 64 26 181 0 68 36 66 61 148 83 125 190 45 200 75 41 0 0 0 2 1 0 1 0 0 0 0 0 0 0 3 0 0 0 2 58 7 0 0 0 2 0 0 1 0 0 0 0 0 0 0 0 0 11 0 3 2 0 0 0 0 0 0 0 7 0 0 0 0 0 0 0 0 0 0 0 30 27 9 32 22 0 19 22 11 0 1 8 0 31 2 18 31 28 0 8 0 0 0 0 0 0 0 0 0 0 0 0 1 1 0 0 0 0 10 19 0 22 0 0 0 0 0 0 0 0 0 0 0 0 0 0 0 0 0 0 0 0 1 0 0 0 0 0 0 0 0 0 0 0 0 0 0 0 0 0 23 0 23 49 0 0 2 8 43 29 1 2 22 21 0 18 12 25 1 11 0 0 0 0 0 0 0 2 0 0 1 0 20 11 0 0 0 0 9 0 0 0 0 1 0 0 0 0 0 19 0 0 0 0 0 0 0 0 0 0 0 0 0 0 0 0 0 0 0 0 0 0 0 0 3 0 2 76 76 0 2 19 0 0 0 0 2 0 0 0 0 0 0 0 0 0 0 0 0 10 0 12 0 0 0 0 0 0 0 0 
 0 0 0 3 76 113 0 0 0 0 3 209 0 0 0 75 0 0 0 0 95 239 290 182 69 338 124 68 0 149 47 113 190 132 526 224 104 23 75 73 0 0 0 2 2 2 1 0 0 0 0 0 73 0 3 0 0 0 2 62 0 0 0 4 0 0 0 1 0 0 0 4 0 0 4 0 4 3 0 0 0 0 0 0 0 0 0 0 0 0 1 0 14 0 0 0 0 1 0 0 19 13 12 20 12 11 1 16 39 0 0 8 36 8 19 18 13 16 0 0 10 10 0 0 0 0 0 0 0 0 0 0 0 0 0 0 0 0 0 24 0 0 0 0 0 0 0 0 0 0 0 0 0 0 0 0 0 0 0 0 0 0 0 0 0 0 0 0 0 0 1 0 0 0 0 0 0 0 0 0 22 26 27 20 8 0 5 1 8 13 9 19 9 0 1 14 27 29 7 5 0 0 0 0 0 0 0 8 0 0 0 0 46 0 0 0 0 0 13 8 0 0 0 0 0 0 0 0 0 0 9 0 0 0 0 0 0 0 0 0 0 0 0 0 0 1 0 0 0 0 0 0 2 0 1 0 0 44 74 1 0 14 2 0 0 0 8 0 0 0 0 0 0 0 0 0 0 0 0 0 0 0 0 0 0 0 0 0 0 0 
 0 0 4 0 76 74 0 0 2 2 3 0 2 2 0 0 0 0 0 0 115 119 140 182 194 56 344 36 149 0 67 133 135 85 184 176 155 43 84 115 0 0 0 2 1 62 2 0 0 0 0 1 0 0 3 0 1 0 64 0 0 0 0 0 0 0 0 3 0 0 0 0 0 0 53 0 2 3 0 0 2 0 0 0 0 0 0 0 0 0 0 0 0 0 0 0 0 0 0 0 4 25 4 16 19 0 46 27 14 11 14 0 28 7 11 13 50 27 0 5 0 0 0 0 0 0 0 0 0 0 16 0 0 0 0 0 0 0 0 0 0 0 0 0 0 0 0 23 0 0 0 0 0 0 0 0 0 0 0 0 0 0 8 0 0 0 0 0 0 0 0 22 0 0 0 0 0 0 0 0 20 11 32 8 10 4 18 0 25 33 19 0 2 0 20 0 13 31 9 0 22 0 12 0 0 0 0 2 0 0 1 0 0 0 0 0 0 0 30 0 0 0 0 1 0 0 0 0 0 0 0 0 1 0 0 0 0 0 0 0 0 0 0 0 0 0 1 0 0 0 0 0 0 0 7 0 2 3 161 1 0 0 0 0 0 0 10 0 0 0 0 0 0 0 0 0 0 0 0 0 0 0 0 0 0 0 0 0 0 15 
 0 0 0 2 0 0 3 0 0 0 2 0 1 0 0 0 2 0 0 0 107 98 193 132 127 88 70 66 47 67 0 81 229 114 292 243 183 209 257 59 59 0 0 2 2 0 1 67 3 0 0 0 0 220 3 0 0 1 190 62 7 2 0 0 0 0 0 0 0 0 0 0 0 0 0 0 0 8 0 0 0 0 0 0 0 0 0 0 0 0 0 0 0 0 0 0 0 1 0 0 0 0 38 0 15 0 0 0 0 22 29 15 0 0 0 0 0 0 0 0 22 7 0 0 0 0 6 7 1 0 0 0 0 8 1 9 0 0 24 19 0 0 1 8 0 0 0 0 0 0 0 0 20 0 64 0 0 0 0 0 2 7 0 0 0 0 3 0 0 0 0 0 14 0 4 0 0 0 0 0 13 5 0 0 30 21 1 0 0 0 61 10 0 0 13 6 0 19 0 0 28 0 23 0 0 0 21 0 2 9 0 0 15 31 19 13 0 0 0 14 0 0 0 0 0 0 0 0 0 0 0 0 0 0 0 0 0 2 0 0 0 0 1 0 0 0 0 0 0 0 0 0 0 0 18 0 0 74 0 2 7 0 0 0 0 0 0 0 0 0 0 0 0 0 1 0 0 0 0 0 0 67 0 0 0 0 0 0 0 0 
 0 0 3 0 0 6 0 0 6 0 0 0 1 0 0 0 0 0 0 0 55 131 167 68 41 104 55 61 113 133 81 0 61 109 42 118 151 156 24 38 0 0 0 3 2 1 1 0 0 0 0 0 0 0 3 0 0 0 64 62 0 0 0 0 0 0 0 1 48 0 0 0 0 0 0 0 34 3 0 0 0 0 0 0 0 0 0 0 0 0 0 0 0 0 0 0 0 0 0 0 0 11 6 0 32 1 0 7 12 22 2 16 15 0 0 0 20 11 1 0 11 0 0 0 0 0 12 0 0 0 0 0 0 0 0 0 0 0 0 36 21 0 0 0 0 1 0 0 0 0 0 0 0 0 0 0 0 0 0 0 1 0 1 0 0 0 7 0 0 0 0 1 0 0 4 0 0 0 0 0 35 0 32 1 31 0 0 0 0 29 15 16 0 0 27 24 0 16 0 0 20 0 0 0 0 0 9 0 0 0 0 0 23 0 12 0 0 0 43 8 0 0 0 0 0 0 0 2 0 0 0 0 0 0 0 0 0 0 0 0 0 0 10 0 0 0 0 0 0 0 0 0 0 0 12 0 0 86 0 0 6 20 0 0 0 0 14 0 0 0 0 0 0 0 0 0 0 0 0 0 0 20 0 0 0 0 0 0 0 0 
 0 0 0 0 3 38 3 0 1 0 0 5 2 0 0 0 1 0 0 204 41 194 198 359 302 21 232 148 190 135 229 61 0 184 237 20 70 98 81 153 0 2 0 3 1 3 2 0 67 0 0 0 0 0 3 5 4 0 2 0 0 0 0 0 0 0 0 2 0 0 0 0 0 0 6 0 3 50 0 0 0 0 0 1 0 0 0 0 0 0 0 9 10 0 0 0 0 0 0 0 20 27 12 11 11 0 10 40 86 7 8 0 14 28 13 7 56 16 0 0 0 0 0 0 0 0 0 0 0 0 0 0 1 0 0 0 0 0 0 0 0 0 0 0 0 0 0 0 0 0 0 0 0 0 0 1 0 0 0 0 0 0 0 0 8 0 0 0 0 1 0 0 0 0 0 0 0 0 0 0 10 1 45 31 12 12 12 14 9 26 16 0 16 13 7 3 32 8 2 22 0 0 0 0 0 0 0 0 0 0 0 0 1 0 0 0 0 0 12 0 0 0 0 0 0 0 0 0 0 0 0 0 0 0 0 0 0 0 0 0 0 0 0 0 0 0 0 0 0 0 0 0 0 0 2 2 1 151 76 0 3 0 0 0 0 0 9 0 0 0 0 0 0 0 0 0 0 0 0 0 0 0 0 0 0 13 0 0 0 0 
 0 3 5 0 73 156 0 74 0 0 0 0 0 0 0 0 0 0 0 77 165 69 131 53 204 42 145 83 132 85 114 109 184 0 231 44 119 169 103 161 0 0 0 2 0 0 1 0 0 0 0 0 0 0 3 0 0 1 2 0 0 0 0 0 0 0 0 3 0 0 0 0 0 0 0 0 2 3 0 0 0 0 0 0 0 0 0 0 0 0 0 9 0 0 0 0 0 1 0 0 18 0 32 0 0 0 16 9 26 5 11 9 30 0 19 11 19 17 0 1 1 0 0 0 0 16 7 0 2 0 0 0 0 0 0 0 0 0 6 22 0 0 0 0 0 0 0 0 0 0 0 0 0 0 0 0 0 0 2 0 2 0 2 0 1 0 3 0 0 0 0 1 0 0 0 0 0 0 0 0 39 12 17 10 21 22 11 0 0 30 11 24 12 0 30 39 11 14 23 11 0 0 0 0 0 0 0 0 0 0 0 0 0 16 0 0 0 0 32 1 0 0 0 0 0 0 0 0 0 0 0 0 0 0 0 0 0 0 0 0 0 9 0 0 0 0 0 0 0 0 0 0 0 0 8 2 0 1 79 0 1 21 0 0 0 0 10 0 0 0 0 0 0 0 0 0 0 0 0 10 0 0 0 0 0 0 0 0 0 0 
 0 0 0 46 75 149 0 0 1 0 0 83 0 0 1 1 4 0 0 0 144 213 68 159 103 137 186 125 526 184 292 42 237 231 0 291 50 47 104 264 0 3 0 2 1 0 1 4 0 0 0 0 0 0 3 0 0 3 2 0 1 0 0 0 0 0 0 2 0 0 0 0 0 0 0 0 8 3 0 0 0 0 0 12 0 2 49 0 0 0 0 20 0 0 0 0 0 0 0 2 54 9 15 19 21 0 29 26 41 3 0 1 0 6 24 34 22 29 14 11 0 0 0 0 0 0 0 0 0 0 2 0 0 0 0 0 0 0 1 0 0 0 0 1 0 0 0 0 0 0 0 0 0 0 0 1 0 0 0 2 0 0 0 0 24 0 0 0 0 1 0 12 0 0 0 0 0 0 0 0 34 27 28 40 32 0 59 12 29 38 12 9 22 18 4 13 44 1 30 41 0 0 0 0 0 0 0 0 0 0 0 0 0 0 0 2 0 0 57 0 0 0 2 0 0 0 0 0 0 0 0 0 0 0 0 0 0 0 0 0 0 0 0 0 0 0 0 0 0 0 0 0 0 0 5 0 0 80 0 2 3 0 0 0 0 0 6 0 0 0 0 0 0 0 2 0 0 0 0 10 0 0 0 0 0 0 0 0 0 0 
 0 0 2 0 1 0 3 0 0 0 0 0 35 0 0 42 70 0 0 0 90 315 129 282 162 118 35 190 224 176 243 118 20 44 291 0 213 119 30 146 0 0 0 2 1 0 2 0 58 0 0 0 63 0 3 0 0 0 66 62 4 0 0 0 0 0 0 3 0 0 0 0 0 31 0 0 2 6 0 0 0 0 0 0 0 0 0 0 0 0 2 0 0 0 0 0 0 0 0 0 0 11 17 53 15 10 8 0 0 33 12 16 0 0 9 30 11 12 0 10 21 10 0 0 0 0 0 0 0 0 0 0 0 0 0 0 0 0 1 5 0 0 1 7 0 0 0 3 0 0 0 0 0 0 0 0 0 0 0 0 0 0 3 0 0 0 0 0 1 0 0 3 0 0 0 0 0 0 0 0 18 13 0 11 32 21 1 0 12 7 21 22 0 12 2 18 0 41 0 0 25 0 26 0 0 0 2 8 0 0 0 0 23 14 17 0 0 0 0 9 2 0 0 0 0 0 0 0 0 0 0 0 0 0 0 0 0 2 0 0 0 0 0 0 0 0 0 0 0 0 0 0 0 2 10 0 0 76 1 0 1 0 0 0 0 0 0 0 0 0 0 0 0 0 0 0 1 0 0 0 0 9 0 0 0 0 0 0 0 0 
 0 0 0 0 0 0 1 0 7 0 0 1 6 0 0 0 0 0 0 1 101 22 23 32 214 169 46 45 104 155 183 151 70 119 50 213 0 135 23 43 21 0 0 4 2 0 0 1 2 0 0 0 66 1 25 0 2 0 2 63 2 0 0 0 0 0 2 0 0 0 0 0 0 0 0 0 8 2 0 0 0 0 0 0 0 0 0 0 0 0 0 0 0 0 0 0 0 0 0 0 0 10 19 10 40 11 9 5 12 29 0 17 0 0 53 15 30 23 0 25 10 10 0 0 0 0 0 0 0 12 0 0 0 0 0 0 0 0 8 10 0 4 0 0 0 0 0 0 0 0 0 0 0 0 0 0 0 0 0 0 0 0 11 0 0 0 0 0 0 0 0 8 0 0 0 0 0 0 0 0 32 0 40 0 34 22 0 0 0 66 13 9 0 0 14 14 0 27 0 0 16 0 0 0 0 0 13 9 0 0 0 0 0 14 6 0 0 0 20 7 0 0 0 0 0 0 0 0 0 0 0 0 0 0 0 0 0 0 0 0 0 0 0 0 0 0 0 0 0 0 0 0 0 0 9 0 0 76 76 0 2 1 0 0 0 0 9 0 0 0 55 0 0 0 0 0 0 0 0 0 0 12 0 0 0 0 0 0 0 0 
 0 3 5 1 0 9 3 0 8 0 0 0 3 0 0 2 2 0 0 0 186 364 260 207 183 49 104 200 23 43 209 156 98 169 47 119 135 0 38 30 0 0 0 2 2 0 7 0 0 65 0 0 0 0 3 0 0 0 2 0 0 0 0 0 0 0 0 1 0 0 0 0 0 0 0 0 0 4 0 0 0 0 0 0 2 1 0 0 0 0 0 0 0 0 0 0 0 0 0 0 0 0 20 1 0 0 10 0 1 26 28 55 0 0 0 15 10 16 0 7 0 0 0 0 0 0 16 0 0 0 0 0 0 0 0 0 0 0 20 24 0 0 0 1 0 0 0 0 0 0 0 0 0 0 0 0 0 0 0 1 11 4 4 0 0 0 9 0 0 0 0 1 14 0 0 0 0 0 0 0 14 0 0 3 6 19 0 14 10 25 12 9 0 17 48 18 39 27 0 0 0 0 0 0 0 0 20 0 0 0 0 0 12 9 14 2 0 0 8 0 0 0 1 0 0 0 0 0 0 0 0 0 0 0 0 0 0 0 0 0 0 0 0 0 0 0 0 0 0 0 0 0 0 0 15 0 1 47 76 0 0 1 0 0 0 0 2 0 0 0 0 0 0 0 0 0 0 0 0 0 0 23 0 0 0 12 16 0 0 0 
 0 9 1 2 40 98 0 30 88 103 61 131 0 0 7 81 92 2 0 0 64 42 82 232 84 67 184 75 75 84 257 24 81 103 104 30 23 38 0 252 0 0 0 4 2 0 0 5 0 0 0 0 0 0 3 1 0 4 3 0 2 0 2 3 0 0 0 3 0 0 2 0 0 13 0 3 0 3 0 3 0 15 0 18 12 11 0 3 60 16 15 35 0 0 0 2 0 42 0 0 22 2 0 0 0 0 0 2 0 0 0 0 22 36 11 1 2 4 36 13 0 0 0 0 0 2 0 0 0 0 0 0 0 0 0 0 0 0 0 0 26 0 0 0 0 0 16 0 0 0 0 0 0 0 0 2 0 0 0 0 1 12 0 25 46 47 0 0 0 10 14 7 0 1 0 9 25 0 2 0 0 25 0 0 0 0 21 30 2 0 0 0 14 13 0 7 0 0 26 10 0 12 0 0 0 31 0 0 0 0 0 0 0 0 0 0 0 0 0 0 0 0 0 0 0 0 0 9 0 0 0 0 0 0 0 0 1 0 0 0 0 24 2 0 0 1 0 0 24 25 0 0 0 0 12 0 1 0 0 1 1 0 0 0 0 0 0 2 0 0 0 0 0 0 0 0 0 0 0 0 0 0 0 0 0 0 0 0 0 0 
 6 0 2 103 2 199 3 0 2 99 1 92 0 0 0 74 147 0 0 0 261 130 54 40 171 51 193 41 73 115 59 38 153 161 264 146 43 30 252 0 0 5 0 2 2 64 1 1 0 0 0 0 0 0 3 0 0 2 2 0 0 0 40 0 0 0 0 2 0 0 0 0 0 0 0 0 0 3 0 0 1 0 18 12 0 0 1 0 0 18 6 21 0 0 1 11 15 0 0 0 19 36 34 0 13 0 24 20 0 28 0 0 35 15 13 45 59 29 15 31 0 0 0 0 0 0 0 0 0 0 0 0 0 1 0 0 0 0 0 0 0 0 0 0 0 0 0 0 2 0 0 0 0 0 1 0 0 0 0 0 0 0 7 18 7 0 0 1 19 0 0 29 0 0 0 1 0 20 0 0 18 10 5 1 0 14 44 8 14 36 0 10 12 19 24 2 15 8 20 22 0 0 0 0 0 0 0 0 0 0 0 0 0 0 0 0 0 0 0 0 0 0 0 0 0 1 0 0 0 0 0 0 0 0 0 1 0 0 0 0 0 0 2 0 0 0 0 0 76 0 0 0 18 0 10 0 0 0 75 1 2 0 14 0 0 0 0 0 0 0 0 0 0 0 0 0 0 0 0 0 0 0 0 0 0 0 0 0 0 0 
 0 0 0 0 0 0 3 0 2 0 0 0 0 0 0 0 0 0 0 0 0 0 6 63 20 45 0 0 0 0 59 0 0 0 0 0 21 0 0 0 0 144 122 40 31 42 126 109 47 61 282 317 93 77 122 82 80 47 31 179 0 35 0 0 0 0 4 0 0 0 5 0 0 15 11 0 0 0 0 53 0 0 0 0 0 0 0 0 0 0 0 0 0 0 0 0 0 4 0 0 0 0 0 1 0 2 0 0 0 0 0 0 0 0 6 0 10 0 0 0 22 10 1 0 0 0 14 84 0 7 4 17 26 2 15 101 9 36 16 16 32 3 8 0 0 0 0 3 12 0 0 0 0 7 21 2 0 0 12 12 0 0 0 0 0 5 0 0 0 0 0 0 33 0 0 14 5 0 0 0 0 0 0 0 7 18 0 0 0 0 7 0 0 0 0 0 0 0 0 0 0 25 7 0 2 18 1 13 2 27 49 7 0 10 19 14 0 17 0 24 5 1 0 0 2 14 6 0 0 0 0 0 3 0 38 3 0 0 17 11 0 0 0 0 0 0 0 0 0 0 0 17 0 0 0 0 0 0 0 0 0 0 0 69 0 13 0 0 0 0 0 0 0 0 1 0 0 0 0 0 0 0 0 0 0 17 0 0 0 0 
 2 0 0 3 0 0 0 0 5 0 0 4 0 0 0 0 0 0 0 0 7 0 0 2 3 0 0 0 0 0 0 0 2 0 3 0 0 0 0 5 144 0 205 75 28 311 90 150 203 64 316 107 94 120 128 201 148 287 255 47 0 0 0 0 3 0 0 2 5 0 0 0 2 0 0 0 0 23 52 6 0 0 0 4 0 0 0 0 0 0 0 0 0 0 0 0 0 0 0 0 0 0 0 0 0 0 11 0 0 0 0 0 0 0 0 3 0 16 20 5 10 0 24 22 16 26 0 0 0 13 19 19 1 0 7 0 3 15 0 0 1 0 1 0 0 0 10 21 0 0 0 0 24 34 13 0 0 0 0 0 0 0 0 0 8 0 0 0 0 0 0 6 4 0 0 0 4 0 0 0 0 0 0 0 0 0 0 5 0 22 0 0 0 0 0 0 0 0 0 6 0 21 0 11 29 20 0 0 33 18 0 36 1 0 0 0 38 0 0 8 32 0 0 0 0 0 8 13 6 0 0 0 1 0 0 3 0 0 22 10 0 0 0 0 0 0 0 0 0 0 0 0 0 2 0 0 0 0 0 0 1 0 3 37 53 10 2 0 0 0 48 0 0 0 0 0 0 0 0 0 0 0 0 0 6 0 0 0 0 0 
 0 0 0 0 0 0 3 0 3 0 0 0 0 0 0 0 0 0 0 0 0 0 29 68 2 9 0 0 0 0 0 0 0 0 0 0 0 0 0 0 122 205 0 381 95 317 234 150 142 127 197 25 132 49 47 155 42 152 30 113 0 2 49 0 0 0 0 0 0 0 5 0 59 0 0 0 0 0 55 0 0 0 0 0 11 0 0 0 0 0 0 0 0 0 0 0 0 0 0 0 0 0 0 0 0 0 0 0 4 0 0 0 0 0 0 0 0 0 0 0 19 15 7 23 24 0 0 18 0 0 11 16 16 1 0 37 0 26 0 18 0 0 0 0 0 0 3 0 0 0 0 0 0 13 22 0 9 0 0 15 0 0 0 0 0 0 0 0 0 0 0 0 0 0 0 0 0 7 0 0 0 0 0 0 0 18 0 0 0 0 0 0 0 0 0 0 0 0 0 0 0 15 0 9 9 10 0 0 35 43 22 8 0 16 0 0 14 19 0 11 0 0 0 0 0 0 19 0 0 0 1 0 4 10 0 0 0 0 0 2 0 0 20 0 0 0 0 0 0 0 0 3 0 0 0 0 0 0 0 1 0 0 1 0 7 3 0 0 0 0 0 0 0 0 0 0 0 0 0 0 0 0 0 0 14 0 0 0 0 0 
 8 2 3 2 2 2 4 2 5 6 2 6 3 2 2 2 2 2 2 2 2 211 2 7 3 2 2 2 2 2 2 3 3 2 2 2 4 2 4 2 40 75 381 0 183 315 174 137 83 89 98 393 86 279 347 43 152 91 163 35 9 5 0 3 0 4 3 0 0 0 2 17 1 1 0 0 0 0 8 5 0 0 0 0 0 0 0 0 0 0 0 0 0 0 0 0 0 0 0 0 0 0 0 0 0 0 0 0 0 0 0 0 0 0 0 0 0 0 0 0 8 0 9 22 29 0 27 14 15 2 2 9 0 0 20 2 7 0 26 0 21 2 6 6 8 0 11 1 0 0 6 11 0 0 0 0 8 0 48 35 0 0 0 0 0 0 0 0 0 0 0 0 0 0 10 0 0 4 0 0 0 0 0 0 0 0 0 0 0 0 0 0 0 0 0 0 0 0 0 0 8 14 0 40 11 0 0 0 0 18 27 20 0 0 32 0 20 50 0 6 4 4 0 13 29 0 3 1 0 3 20 0 14 3 0 11 0 6 1 21 0 0 0 0 0 0 0 0 0 0 0 2 0 2 0 0 1 0 0 2 0 13 4 0 0 1 4 33 0 0 0 0 0 0 0 0 0 0 0 0 0 0 0 0 0 0 0 0 0 0 
 0 2 6 0 0 0 0 0 2 2 0 0 3 0 0 0 0 0 0 0 7 1 1 2 2 1 1 1 2 1 2 2 1 0 1 1 2 2 2 2 31 28 95 183 0 57 34 44 287 90 139 68 85 103 134 123 208 104 110 59 0 2 0 0 46 0 24 2 13 0 1 2 50 1 0 54 0 0 57 33 0 0 0 0 0 0 0 0 0 0 0 0 0 0 0 0 0 0 0 0 0 0 0 0 0 0 0 0 0 0 0 0 0 0 0 0 0 0 0 0 0 0 0 0 52 52 0 0 6 1 0 11 0 0 0 11 29 11 0 0 11 10 39 0 0 0 23 16 0 0 0 0 8 1 0 1 10 1 16 0 0 0 0 0 0 0 0 0 0 0 0 0 0 0 0 0 0 2 0 0 0 0 0 0 0 0 0 0 0 0 0 0 0 0 0 0 0 0 0 0 0 0 0 12 11 11 0 1 0 10 12 8 0 0 0 11 0 1 0 0 29 11 19 13 0 0 11 1 10 26 0 0 25 3 0 0 0 0 21 7 0 0 0 0 0 0 0 0 0 0 0 8 0 2 0 0 0 0 0 0 0 14 3 3 6 3 2 63 0 0 0 0 0 0 0 0 18 0 0 0 0 0 0 0 1 0 0 0 0 0 
 0 0 0 0 0 0 0 0 0 3 0 0 0 1 0 0 0 0 1 1 0 0 0 72 0 7 0 0 2 62 0 1 3 0 0 0 0 0 0 64 42 311 317 315 57 0 31 41 93 51 117 69 51 46 58 298 77 116 68 255 0 0 0 0 0 0 64 139 0 0 2 0 30 22 5 57 0 0 0 51 0 0 0 0 0 0 0 0 0 0 0 0 0 0 0 0 0 0 0 0 0 0 0 0 9 3 0 0 0 0 0 0 0 0 0 0 0 0 0 0 0 0 2 6 0 28 9 6 0 0 0 0 2 0 8 5 0 0 0 0 0 11 55 0 0 0 18 0 2 19 9 0 1 14 0 1 0 18 15 90 0 0 0 0 0 0 0 0 0 0 0 0 0 0 0 0 0 0 0 0 0 0 0 0 0 0 0 0 0 0 0 13 0 0 0 0 0 0 0 0 0 2 6 0 10 8 0 0 4 1 0 0 1 0 0 0 1 6 0 0 10 20 0 10 0 2 0 0 0 13 6 2 1 19 0 0 0 0 19 0 0 0 4 0 0 0 0 0 0 0 0 7 0 0 0 0 0 0 0 0 0 0 88 0 0 12 0 4 0 0 17 0 0 0 0 0 0 0 0 0 0 0 0 0 2 0 0 0 0 0 
 40 3 8 0 0 2 1 1 2 0 0 2 3 6 2 0 2 13 0 45 1 2 67 63 2 65 2 1 1 2 1 1 2 1 1 2 0 7 0 1 126 90 234 174 34 31 0 338 118 94 49 28 178 58 43 44 88 48 139 44 0 4 0 0 0 0 0 0 0 0 3 203 0 0 0 0 0 0 203 0 0 0 0 0 19 0 0 0 0 0 0 0 0 6 0 0 0 0 0 0 0 0 0 0 0 0 0 0 0 0 13 0 0 0 0 0 0 0 0 21 23 10 0 10 9 0 13 36 22 10 0 0 16 10 10 7 0 0 30 1 0 0 0 0 0 0 0 0 0 0 0 0 0 0 0 0 0 0 0 0 0 0 0 6 0 0 0 2 4 21 1 0 1 21 10 6 20 0 0 0 0 0 0 0 13 4 0 0 0 0 2 1 0 0 0 0 0 0 1 0 18 18 0 0 0 0 11 0 2 1 21 0 0 18 15 0 0 0 0 22 0 0 0 0 0 0 0 0 0 0 0 0 0 0 0 1 0 0 0 0 0 0 0 0 0 0 0 0 0 31 0 8 0 10 0 0 0 1 0 2 7 0 9 0 0 0 0 0 2 0 0 0 0 0 0 0 0 0 0 0 0 0 0 0 0 0 0 7 0 0 
 6 6 8 6 3 8 3 3 3 6 3 9 1 3 3 7 17 82 3 3 1 0 0 0 61 128 0 0 0 0 67 0 0 0 4 0 1 0 5 1 109 150 150 137 44 41 338 0 130 174 29 256 105 81 42 122 157 267 82 77 0 3 0 1 0 0 0 0 0 0 6 205 63 0 0 0 0 0 0 0 0 0 0 1 0 0 0 0 0 0 0 2 0 0 0 0 0 8 0 0 0 0 0 5 17 23 0 0 0 0 3 0 0 0 0 1 0 2 3 2 39 37 7 43 6 25 5 6 37 16 1 0 27 19 21 8 2 16 15 1 0 3 0 0 0 0 0 0 0 0 0 0 0 1 10 0 0 3 0 0 0 2 0 4 3 0 0 0 0 0 0 4 0 0 0 0 0 0 0 0 0 7 0 0 22 41 1 2 0 15 1 0 3 5 0 0 0 0 0 4 16 33 19 0 0 0 28 9 12 2 17 0 20 34 8 0 35 0 0 9 0 0 0 0 0 0 0 0 0 0 0 0 11 0 0 0 0 0 7 0 0 4 0 0 0 0 0 0 0 0 0 15 0 1 1 0 0 31 0 2 1 0 0 0 0 0 2 0 2 0 0 0 0 0 0 0 0 0 0 0 0 0 0 0 0 0 0 10 0 0 
 0 0 3 0 0 0 0 0 5 34 0 0 0 0 0 62 0 0 0 0 0 0 1 1 0 6 0 0 0 0 3 0 67 0 0 58 2 0 0 0 47 203 142 83 287 93 118 130 0 238 30 44 79 87 136 120 48 216 235 59 1 0 0 2 3 0 3 0 2 53 3 2 0 1 3 0 3 0 0 1 0 0 0 0 0 0 0 0 0 0 0 0 0 0 0 0 0 0 0 0 0 0 0 0 6 18 0 0 0 0 0 0 0 0 0 0 0 0 0 0 9 10 21 52 15 1 19 4 15 26 1 9 23 24 14 5 12 26 29 0 0 0 0 0 0 0 0 0 4 0 0 0 5 13 0 0 0 0 0 0 0 0 0 5 0 0 0 0 0 0 0 0 0 0 0 0 0 0 0 0 0 0 0 0 0 0 0 0 0 0 0 9 0 0 0 0 0 0 0 0 18 12 31 0 1 28 20 16 24 25 0 13 24 7 9 0 17 11 0 1 7 0 0 0 0 0 1 9 0 0 0 0 0 17 0 0 0 0 0 0 0 2 0 0 0 0 0 0 0 0 0 2 0 6 0 0 0 0 0 8 0 1 63 0 0 1 2 0 0 0 0 0 0 0 0 0 0 0 0 0 0 0 0 0 0 0 0 12 0 0 
 2 0 0 3 0 0 0 0 0 3 0 0 2 0 0 0 0 0 0 3 0 0 3 1 70 0 1 0 0 0 0 0 0 0 0 0 0 65 0 0 61 64 127 89 90 51 94 174 238 0 128 199 50 147 181 165 57 577 187 58 47 60 0 3 2 54 10 2 0 0 0 7 0 49 3 0 0 23 48 0 0 1 0 0 0 0 0 0 0 0 0 0 0 0 0 0 0 0 0 0 0 0 0 0 0 14 0 0 0 0 0 0 0 0 0 0 0 0 0 0 39 0 6 30 6 21 9 0 15 15 10 0 22 19 13 1 9 16 14 0 6 4 8 0 0 0 3 0 17 0 0 15 11 50 3 0 0 0 7 13 0 0 0 0 0 0 0 0 0 0 0 0 0 0 0 0 0 0 0 0 0 0 0 0 0 11 0 0 0 0 1 0 0 0 0 0 0 0 0 0 12 3 27 7 0 0 35 13 14 8 0 11 27 0 0 1 13 12 0 0 21 0 0 12 3 0 24 12 19 0 0 0 13 0 18 0 0 0 73 24 0 0 10 0 0 0 0 0 0 0 0 4 0 0 0 0 0 0 0 22 0 0 1 2 0 0 0 0 0 0 9 0 0 0 0 0 0 0 0 0 0 0 0 0 18 0 0 2 0 0 
 0 4 6 0 0 0 0 0 10 0 0 0 3 0 0 0 0 0 0 0 0 0 0 0 0 0 1 0 0 0 0 0 0 0 0 0 0 0 0 0 282 316 197 98 139 117 49 29 30 128 0 357 88 113 87 240 156 117 35 65 0 0 0 0 0 0 207 0 22 0 4 0 0 0 0 0 5 0 0 6 0 0 0 0 0 0 0 0 0 0 0 0 0 0 8 0 0 0 0 0 0 0 0 0 0 0 0 0 0 0 0 0 0 0 0 0 0 0 0 0 0 0 19 20 10 25 0 0 0 24 25 26 0 0 15 2 33 0 0 0 20 0 2 0 0 0 8 4 4 0 0 0 19 8 10 0 0 0 0 0 0 0 0 0 0 0 0 0 0 0 0 0 3 14 0 0 5 0 0 0 0 0 0 0 0 3 0 0 0 0 0 0 0 0 0 0 0 0 0 0 0 9 0 1 8 47 0 0 31 0 10 31 0 0 0 0 1 0 0 0 1 0 0 2 0 0 1 57 13 0 0 0 0 19 0 0 0 0 4 5 0 0 1 0 0 0 0 0 0 0 0 5 0 0 0 0 0 0 0 9 0 0 67 71 101 15 0 4 0 0 0 0 0 0 0 0 0 0 0 0 0 0 0 0 15 0 0 0 1 0 
 2 64 2 2 2 2 3 2 7 2 2 2 0 2 2 2 7 2 2 2 0 0 0 0 2 0 2 0 0 1 0 0 0 0 0 0 0 0 0 0 317 107 25 393 68 69 28 256 44 199 357 0 41 313 133 265 487 463 31 35 50 19 0 2 3 0 5 0 2 0 0 0 0 51 0 0 0 1 50 1 0 0 0 0 0 0 0 0 0 0 0 0 0 0 0 0 0 0 5 0 0 0 0 0 0 0 0 0 0 0 0 0 0 0 0 0 0 0 0 0 0 0 35 33 1 1 4 14 13 25 10 24 0 10 34 10 49 0 0 0 12 2 18 0 0 0 6 0 9 0 0 9 30 24 0 0 0 0 34 4 0 0 0 0 0 0 0 0 0 0 0 0 2 0 0 0 1 0 0 0 0 0 12 0 0 0 0 0 0 0 0 0 0 0 0 0 0 5 0 0 12 1 0 7 0 23 0 8 4 1 5 41 0 0 20 37 8 33 0 0 13 2 0 0 16 0 6 10 9 0 0 0 7 11 0 2 0 0 9 9 0 0 0 0 0 0 0 0 0 0 0 2 0 2 0 0 0 0 0 2 0 1 65 1 2 13 4 2 0 0 8 0 0 0 0 0 0 0 0 0 0 5 0 0 6 0 0 0 0 0 
 0 0 0 2 0 0 0 0 0 2 2 0 0 0 0 0 0 0 0 0 0 0 2 160 1 21 0 0 73 0 0 0 0 0 0 63 66 0 0 0 93 94 132 86 85 51 178 105 79 50 88 41 0 82 88 37 88 20 344 116 0 5 202 0 0 0 0 0 0 0 1 0 0 0 0 0 0 0 202 0 0 0 0 0 0 0 0 0 0 0 0 0 0 0 0 0 0 0 0 18 0 0 1 25 6 32 0 0 0 14 13 17 0 0 0 0 0 0 0 0 0 23 22 0 0 1 24 33 19 2 2 16 4 0 1 27 7 1 37 0 0 0 0 0 0 0 0 0 0 0 0 0 0 0 0 0 0 0 0 16 0 0 0 10 0 0 0 0 0 0 0 0 0 7 0 0 0 0 0 0 0 0 0 0 0 2 0 0 0 0 75 13 0 0 0 0 1 0 0 0 0 7 3 4 2 0 0 16 6 9 8 19 3 8 47 7 17 13 6 26 0 0 0 0 0 0 0 0 0 0 0 0 0 0 0 2 0 0 0 0 0 0 1 0 0 0 0 0 0 0 0 8 0 0 0 0 0 0 0 0 9 0 0 0 0 0 2 0 2 0 0 0 59 0 0 0 0 0 0 0 0 0 0 0 3 15 0 0 0 0 
 0 0 0 2 0 0 0 0 2 0 0 0 0 0 0 0 0 0 0 0 0 0 0 62 61 63 0 0 0 0 220 0 0 0 0 0 1 0 0 0 77 120 49 279 103 46 58 81 87 147 113 313 82 0 214 133 254 264 146 173 0 5 0 1 0 0 0 25 0 3 2 2 0 2 0 0 0 0 4 0 0 0 0 0 0 0 0 0 0 0 0 0 0 0 0 0 0 0 0 0 0 0 0 20 7 44 0 0 0 13 1 9 0 0 0 0 0 0 0 0 28 4 15 14 11 4 15 0 49 3 23 14 0 2 0 1 19 16 0 0 0 0 0 0 0 0 0 0 0 0 0 0 18 10 10 0 0 0 11 0 0 0 0 0 0 0 0 0 0 0 0 0 6 0 0 0 5 0 0 0 0 0 0 0 19 17 0 0 0 0 0 0 0 0 0 0 5 0 0 0 4 11 30 10 15 0 10 0 28 4 9 16 0 7 28 0 15 18 0 0 0 0 0 0 0 0 0 0 0 0 0 0 0 2 0 0 0 0 0 1 0 0 0 0 0 0 0 0 0 0 0 1 0 0 0 0 0 29 0 0 0 0 1 65 2 4 2 0 0 0 0 0 0 0 0 0 0 0 0 0 0 0 0 0 2 15 0 0 0 0 
 0 0 0 62 0 0 3 0 3 0 0 63 3 0 0 0 0 0 0 0 3 3 29 3 4 3 4 3 3 3 3 3 3 3 3 3 25 3 3 3 122 128 47 347 134 58 43 42 136 181 87 133 88 214 0 116 183 90 86 69 1 0 0 0 3 0 0 2 5 0 2 0 2 0 1 0 3 0 0 2 0 0 0 0 0 0 0 0 0 0 0 5 0 0 0 0 0 0 0 0 0 0 0 0 0 0 0 0 0 0 0 0 0 0 0 0 0 0 0 0 0 0 38 50 1 13 11 11 13 9 10 16 11 14 43 20 42 10 10 1 12 0 7 0 0 0 0 0 0 0 0 0 30 1 0 0 0 0 20 0 0 0 0 0 0 0 0 22 0 0 0 0 0 0 0 0 0 0 0 0 0 0 0 23 0 0 0 0 0 0 0 0 0 0 0 0 0 0 0 0 18 0 11 25 5 17 0 17 8 1 25 9 0 0 34 16 12 39 0 0 13 0 0 0 0 18 0 15 0 0 0 0 0 0 0 0 0 0 0 4 0 0 1 0 0 0 0 0 0 0 0 13 0 0 0 0 0 0 0 0 0 0 0 0 1 2 2 0 0 0 0 0 0 0 0 0 0 0 0 0 0 0 4 0 0 14 0 0 0 0 
 0 0 0 0 0 0 0 0 8 2 0 5 7 0 0 0 0 1 0 0 3 0 0 2 0 0 0 0 0 0 0 0 5 0 0 0 0 0 1 0 82 201 155 43 123 298 44 122 120 165 240 265 37 133 116 0 320 608 22 274 0 0 0 0 0 0 0 0 2 0 1 0 0 0 0 0 0 0 54 1 0 0 0 0 0 0 0 0 0 0 0 0 0 0 0 0 0 0 0 0 0 8 0 0 0 1 0 0 0 0 0 0 0 0 0 0 0 0 0 0 12 1 14 21 7 15 0 0 27 19 19 36 0 14 22 0 20 10 0 0 0 0 0 0 0 0 0 5 2 0 0 0 13 19 11 0 0 0 0 0 0 0 0 0 0 0 0 0 0 0 0 0 3 0 0 0 3 0 0 0 0 0 0 0 0 0 0 3 0 0 0 0 0 0 0 0 0 0 0 0 12 8 1 0 7 26 0 7 24 0 0 35 0 1 1 0 13 12 0 0 14 0 8 0 0 0 9 13 0 0 0 0 2 13 1 0 0 15 0 9 0 0 0 0 0 0 0 0 0 0 0 1 0 2 0 0 0 0 0 0 0 0 63 43 33 8 0 0 0 0 0 0 0 0 0 0 0 0 0 0 0 0 0 0 7 0 0 0 0 0 
 5 0 2 0 0 0 0 0 0 0 1 0 9 0 0 0 0 0 0 0 0 0 0 0 0 0 0 0 0 1 0 0 4 0 0 0 2 0 0 0 80 148 42 152 208 77 88 157 48 57 156 487 88 254 183 320 0 377 94 34 0 0 0 0 0 0 0 0 4 0 2 1 0 0 0 0 0 28 0 6 0 0 0 0 0 0 0 0 0 0 0 0 0 0 0 0 0 0 0 0 0 0 0 0 16 0 0 0 0 0 0 0 0 0 0 0 16 0 0 0 9 0 0 9 73 13 69 19 8 25 12 11 26 0 9 14 25 0 13 0 20 0 12 0 0 0 5 22 0 0 19 0 0 4 0 0 0 0 22 0 0 0 0 0 0 0 0 0 0 0 0 0 0 0 0 0 0 0 0 0 0 0 0 0 0 0 0 0 0 0 0 0 0 0 0 0 0 0 0 0 7 0 0 33 23 23 0 33 0 0 21 49 0 0 12 12 1 27 0 10 0 1 0 0 0 2 0 14 2 0 0 0 0 0 0 8 0 0 23 8 0 0 0 0 0 0 0 0 0 0 0 2 0 2 0 0 0 0 0 0 0 0 2 0 3 3 0 0 0 0 0 0 0 0 0 0 0 0 0 0 0 0 0 0 0 0 0 4 0 0 
 2 0 0 0 0 21 5 0 0 0 2 11 0 0 0 6 9 0 0 0 3 0 0 3 0 3 0 0 0 0 1 0 0 1 3 0 0 0 4 2 47 287 152 91 104 116 48 267 216 577 117 463 20 264 90 608 377 0 35 40 0 0 0 0 0 0 0 0 0 0 2 2 0 0 57 0 0 1 0 0 0 0 0 3 0 1 0 0 0 0 0 13 0 0 0 0 0 5 0 0 0 0 0 0 0 0 0 0 40 0 0 0 0 0 0 0 0 0 2 0 5 0 46 52 4 0 4 1 14 17 12 0 7 26 43 11 0 0 14 0 9 0 6 0 0 0 0 0 0 0 0 0 20 7 0 0 0 0 0 0 0 3 0 0 0 0 0 0 0 0 0 9 1 0 0 0 11 0 0 0 0 0 0 0 0 0 0 3 0 0 0 0 11 18 0 0 0 0 0 8 30 19 0 23 0 11 23 1 22 8 0 0 0 0 0 8 45 13 0 1 15 0 0 0 0 0 27 1 1 0 0 0 0 0 0 0 0 0 0 0 0 2 11 0 0 0 0 0 0 0 0 3 0 1 0 0 0 0 0 3 0 1 1 0 0 0 0 0 0 0 0 0 0 0 0 0 0 0 0 0 0 0 0 0 0 0 0 7 0 0 
 3 0 0 3 0 0 8 0 2 0 3 0 0 0 0 0 0 0 0 0 6 2 36 65 2 64 2 2 2 64 190 64 2 2 2 66 2 2 3 2 31 255 30 163 110 68 139 82 235 187 35 31 344 146 86 22 94 35 0 253 0 5 0 0 0 0 0 0 0 0 0 0 0 0 0 0 1 0 0 0 0 0 0 0 0 0 0 0 0 0 0 0 0 0 0 0 0 0 0 19 0 0 0 26 0 25 0 0 0 13 29 8 0 0 0 0 0 0 0 0 26 1 0 23 9 0 17 21 33 15 0 0 8 15 20 3 0 0 22 17 0 0 0 0 0 0 0 5 0 0 0 0 0 0 2 0 0 0 0 0 0 0 0 0 0 0 0 0 0 0 0 0 0 7 5 0 11 0 0 0 0 0 0 6 3 16 0 0 0 0 18 0 0 0 0 0 1 0 0 0 22 17 8 0 0 0 26 0 6 3 1 0 0 7 12 0 0 0 0 30 0 0 0 0 0 0 0 0 0 0 0 0 0 0 0 0 0 0 0 1 0 0 0 0 0 0 0 0 0 0 0 6 0 0 0 0 0 2 0 0 10 0 1 0 0 0 1 0 1 0 0 0 0 0 0 0 0 0 0 0 0 0 0 0 0 0 0 13 0 0 
 0 0 0 3 0 0 0 0 0 2 0 0 0 0 0 0 0 0 0 0 0 0 62 67 63 127 0 58 62 0 62 62 0 0 0 62 63 0 0 0 179 47 113 35 59 255 44 77 59 58 65 35 116 173 69 274 34 40 253 0 0 0 0 0 0 4 0 0 0 6 1 6 0 0 0 0 0 5 0 0 0 0 0 0 0 0 0 0 0 0 0 0 0 0 0 0 0 0 0 0 0 14 1 0 23 12 0 0 0 18 13 26 0 0 0 0 0 0 0 0 34 12 1 0 0 0 0 20 10 0 0 0 18 9 0 1 0 11 23 27 0 0 0 0 0 0 0 0 0 0 0 0 0 0 3 0 7 0 0 0 0 0 0 6 0 0 0 0 0 0 0 0 0 6 0 0 0 0 0 0 0 0 0 0 17 10 0 0 0 0 6 14 0 0 7 0 0 12 0 0 19 0 1 1 0 0 27 7 0 21 0 0 0 22 0 10 0 0 0 43 0 0 0 0 0 0 0 0 0 1 0 1 0 0 0 0 0 0 0 0 0 0 0 0 0 0 0 0 0 0 0 6 0 1 0 0 0 27 0 0 3 0 0 0 0 5 0 0 0 0 4 0 0 0 0 11 0 0 0 0 0 0 0 0 0 8 0 0 0 0 
 0 0 0 1 0 0 0 0 0 0 0 0 0 0 0 0 0 0 0 0 9 11 5 0 0 0 0 7 0 0 7 0 0 0 1 4 2 0 2 0 0 0 0 9 0 0 0 0 1 47 0 50 0 0 1 0 0 0 0 0 0 241 101 111 27 41 278 77 70 40 40 36 106 171 363 60 42 111 59 311 0 0 0 0 0 0 0 0 0 0 0 0 0 0 0 0 0 0 0 0 0 0 8 0 4 0 0 16 0 0 3 0 0 0 0 0 0 10 0 0 0 0 0 0 0 0 0 0 0 0 0 0 0 0 0 0 0 0 7 0 14 9 0 0 47 7 9 28 19 0 3 52 9 10 0 0 11 0 9 0 0 0 0 0 0 0 0 0 0 0 7 9 0 0 0 0 0 0 0 0 3 8 0 0 4 0 0 0 0 0 0 7 19 5 0 14 3 4 0 0 0 0 0 0 10 0 0 0 0 0 0 0 6 0 0 0 0 0 0 0 9 13 18 0 9 7 8 22 4 11 9 9 9 0 0 52 0 0 11 8 0 0 0 11 0 0 0 0 0 0 0 0 0 0 0 0 26 4 0 0 0 0 0 0 0 0 7 0 0 0 19 0 1 8 0 0 0 0 0 0 0 0 0 0 8 0 3 0 0 0 
