 0 93 68 94 21 29 318 93 178 293 56 127 76 215 32 170 32 350 131 95 0 0 2 0 0 2 87 2 0 0 2 0 0 3 2 0 2 0 2 2 0 0 0 0 0 0 0 0 0 0 0 0 0 0 3 0 2 2 3 0 2 0 2 0 0 2 0 3 0 0 0 0 0 0 2 0 0 0 3 0 16 0 24 15 0 0 14 18 1 17 0 22 21 0 38 46 16 0 23 0 0 0 0 0 0 0 0 0 2 0 13 0 2 0 0 0 0 0 0 0 0 12 0 0 0 0 0 0 0 0 0 0 0 0 0 0 0 4 0 0 0 0 0 2 1 0 0 0 0 5 0 0 6 0 0 7 0 1 0 0 20 0 0 24 0 0 8 12 0 1 16 26 12 12 0 13 8 1 12 1 0 0 0 0 0 0 0 0 0 0 0 0 0 0 0 0 0 0 14 0 0 0 0 0 2 0 0 0 0 0 0 0 0 0 0 0 0 0 0 0 0 0 0 0 0 0 0 0 2 0 0 0 0 0 0 0 0 0 0 0 0 0 0 0 0 2 90 0 96 3 2 2 0 0 0 0 0 0 0 0 0 0 14 32 0 64 0 0 0 0 0 0 0 0 0 10 21 0 0 0 0 0 0 0 0 0 0 0 0 0 
 93 0 127 86 360 68 476 368 172 58 23 246 368 78 451 45 191 155 262 134 0 0 2 0 0 4 0 0 0 0 2 0 0 3 0 0 2 0 2 2 0 6 0 4 0 0 0 0 0 0 10 0 0 0 3 0 2 0 3 60 2 52 2 6 0 2 0 3 0 0 0 0 6 0 2 2 0 6 3 0 21 38 20 11 0 0 49 47 10 3 19 16 0 27 1 15 35 24 0 8 0 0 0 0 0 0 0 32 0 0 14 6 1 0 0 0 0 0 15 14 0 0 0 1 0 0 0 0 2 0 0 0 2 0 0 5 0 13 0 0 0 0 0 0 0 2 0 0 0 0 0 0 0 0 0 0 0 0 9 0 0 0 8 9 13 22 35 16 11 0 0 57 0 27 0 7 29 10 0 17 0 0 0 0 0 0 20 0 0 0 0 0 0 0 0 0 1 0 44 11 0 0 0 0 0 0 0 0 0 0 0 0 0 0 0 0 0 0 0 0 0 0 0 0 0 0 0 1 0 0 0 0 0 0 0 0 0 0 0 0 0 0 0 0 0 0 2 2 1 1 0 8 35 0 0 0 0 0 0 0 0 0 0 0 0 0 0 0 0 0 0 0 0 0 0 0 0 0 0 0 0 0 0 0 0 0 0 0 0 0 
 68 127 0 195 191 32 65 283 242 171 61 222 322 37 250 145 389 61 122 65 74 0 1 0 0 0 0 1 0 0 0 0 74 4 0 21 0 0 4 2 0 0 0 0 0 0 0 0 2 0 0 0 0 0 3 0 2 0 3 0 2 11 2 0 0 0 0 1 1 0 0 6 0 0 3 0 0 27 3 0 0 30 3 27 3 10 0 0 28 3 0 40 5 10 4 15 4 44 14 9 17 0 0 0 0 0 27 19 0 0 0 0 0 0 0 0 0 0 84 20 0 0 0 0 0 0 0 0 0 0 0 0 0 0 0 0 0 0 0 0 0 0 0 0 4 0 0 0 0 0 0 0 1 0 0 0 0 0 3 0 1 0 31 20 0 45 18 29 10 25 0 22 0 10 22 14 19 0 0 0 0 0 0 0 0 0 24 0 0 1 0 1 0 0 0 0 0 0 29 12 0 0 15 0 0 0 0 0 0 0 0 0 0 0 0 0 0 0 0 0 0 0 0 0 0 0 0 0 0 0 0 0 0 0 0 0 5 0 0 0 0 10 0 0 0 0 1 0 89 5 2 12 0 0 2 0 0 0 0 0 0 0 0 0 0 0 0 0 0 0 0 0 0 0 0 0 0 0 0 0 0 0 0 0 0 0 0 0 0 0 
 94 86 195 0 174 68 108 163 286 380 111 245 69 158 229 216 250 120 70 59 2 0 2 0 0 1 1 0 0 0 0 5 30 41 0 0 1 0 2 38 0 0 0 0 0 0 0 0 0 0 0 0 0 0 59 0 2 0 3 0 2 7 2 0 0 0 0 0 0 0 0 7 0 0 7 0 0 0 3 0 1 0 50 24 0 28 0 14 0 35 3 18 0 16 12 21 0 16 8 1 0 2 35 0 0 0 25 11 0 0 0 0 31 0 1 0 0 0 19 22 0 0 0 0 0 0 0 0 0 0 0 0 0 0 0 0 0 2 0 13 0 9 0 0 0 0 0 12 0 0 0 0 0 0 0 3 0 0 0 0 0 0 10 0 0 25 8 9 0 0 23 9 0 0 0 11 8 1 0 0 0 0 0 0 0 0 0 0 15 0 0 0 8 21 0 0 0 0 16 9 0 0 0 0 0 0 0 0 1 0 0 0 0 0 1 0 0 0 0 0 0 0 0 0 0 0 0 0 8 0 0 0 0 0 0 0 0 0 0 0 0 10 0 0 0 0 3 0 1 49 36 16 0 0 0 0 0 0 0 0 1 13 0 0 0 0 0 0 0 0 0 0 0 0 0 0 35 19 0 0 0 0 0 0 0 2 0 0 0 0 
 21 360 191 174 0 420 268 265 58 440 169 170 279 51 374 58 125 287 55 83 25 77 0 1 0 0 73 0 1 25 0 11 40 42 151 0 2 1 79 6 0 0 0 0 0 0 0 0 0 0 0 1 0 0 3 0 0 0 3 0 2 0 2 0 0 0 0 0 0 0 0 0 0 0 3 0 0 6 3 1 0 0 13 11 25 40 0 9 10 2 9 2 0 0 0 13 0 22 0 0 33 34 14 0 0 0 23 12 15 0 0 0 47 7 20 0 0 0 35 36 0 0 0 0 0 0 0 0 2 0 0 0 0 0 0 0 0 1 0 0 9 4 0 0 0 2 0 3 0 0 0 0 0 0 0 0 4 0 0 0 0 0 6 1 28 7 0 12 0 4 70 21 0 0 0 6 0 0 0 1 18 0 30 0 0 0 16 1 0 25 0 0 11 2 0 13 3 11 18 12 0 0 0 0 0 0 0 0 0 0 0 0 0 0 0 0 0 0 0 0 0 0 0 0 0 0 0 1 0 11 0 0 0 0 0 0 0 0 0 0 0 11 0 0 0 9 4 3 3 0 0 8 0 0 0 0 0 2 0 8 0 10 0 0 0 0 0 0 0 0 0 0 0 0 0 0 0 0 0 0 0 0 0 0 0 0 0 0 0 0 
 29 68 32 68 420 0 249 36 261 94 187 456 275 43 127 153 56 184 45 260 1 77 77 0 0 0 0 0 0 60 0 0 2 38 151 2 0 1 79 155 0 0 0 0 0 0 0 0 0 0 0 0 0 0 3 0 2 0 3 0 2 3 2 0 0 0 0 1 0 0 0 0 0 0 3 0 0 1 17 0 0 0 18 30 36 15 0 18 21 14 3 0 0 18 0 10 0 16 0 0 21 31 17 0 0 0 43 0 10 0 0 0 20 15 11 36 0 0 21 12 0 1 0 0 0 0 0 0 0 0 0 0 0 0 0 0 0 2 0 0 0 5 0 0 0 0 0 10 0 0 0 0 0 0 0 0 0 0 0 2 0 17 17 0 17 33 0 0 15 0 32 0 0 0 1 15 10 0 0 0 30 0 18 0 0 0 0 14 21 10 0 0 8 0 0 12 26 0 1 49 0 0 0 0 0 0 0 0 1 0 0 0 0 0 1 0 0 0 17 0 0 0 0 0 0 0 0 0 0 0 0 0 0 0 0 1 0 0 0 0 0 17 0 0 0 1 50 5 0 1 11 18 5 0 2 0 0 0 0 0 0 14 0 0 0 0 0 0 0 0 0 0 0 0 0 14 10 0 0 0 0 0 0 0 0 2 0 0 0 0 
 318 476 65 108 268 249 0 205 150 229 26 138 113 519 112 208 133 31 295 196 0 2 4 78 0 0 0 0 2 0 0 0 0 3 0 0 0 0 3 2 0 0 0 0 0 0 0 0 0 0 0 0 0 0 3 0 3 0 3 0 2 0 2 0 0 4 2 3 0 0 0 4 0 0 3 0 0 0 3 0 27 15 13 0 0 0 22 22 14 23 32 11 1 0 48 30 10 12 0 1 0 0 0 0 0 0 0 0 0 1 11 0 1 0 0 0 0 0 0 0 0 2 0 24 0 0 0 0 0 0 0 0 0 8 0 0 0 16 0 0 0 0 0 2 0 0 0 0 0 0 0 0 0 0 0 0 2 0 0 2 6 0 7 20 15 1 26 31 15 0 0 19 0 36 0 7 42 0 3 1 2 0 0 0 0 0 0 0 0 0 0 0 1 0 0 0 0 0 44 0 0 0 0 0 0 0 0 0 0 0 0 0 0 0 0 0 0 0 0 0 0 0 0 0 0 0 0 0 0 0 0 0 0 0 0 1 0 0 0 0 0 0 0 0 0 2 0 2 3 1 0 1 0 0 2 0 0 0 0 0 0 0 0 0 0 0 0 0 0 19 0 0 0 0 0 0 14 0 0 0 0 0 0 0 0 0 0 0 0 0 
 93 368 283 163 265 36 205 0 161 63 114 36 379 98 47 36 433 121 555 38 1 1 0 2 0 1 0 0 0 0 0 0 0 3 0 0 0 0 2 2 0 0 0 0 0 0 0 0 5 0 0 0 0 0 5 0 0 0 9 0 2 1 2 0 0 3 0 11 0 0 0 5 0 0 38 0 1 0 3 2 0 16 46 0 0 0 0 26 12 40 36 26 7 16 12 15 48 29 0 0 0 0 0 0 0 0 0 14 0 0 0 0 1 0 0 0 0 0 0 0 0 0 0 0 0 0 0 0 0 0 0 0 0 0 0 0 0 2 0 0 0 0 0 0 3 0 0 0 0 1 0 0 0 0 0 0 0 0 6 0 12 0 0 0 0 2 11 8 1 18 14 0 0 0 38 15 2 4 0 13 0 0 0 0 0 0 16 0 0 0 0 0 0 0 0 0 15 0 27 0 0 0 0 0 0 0 0 0 0 0 0 0 0 0 0 0 0 0 0 0 0 0 0 0 5 0 0 0 0 0 0 0 0 0 0 0 0 0 0 0 0 0 0 0 0 0 0 2 3 92 0 14 0 0 0 0 0 0 0 0 0 0 13 0 0 0 0 0 0 0 0 0 0 0 0 0 0 0 0 0 0 0 0 0 0 0 0 0 0 0 
 178 172 242 286 58 261 150 161 0 90 117 42 189 172 218 235 81 441 77 374 0 0 0 0 0 0 0 0 0 0 0 0 2 3 0 0 1 0 2 2 1 0 0 0 0 0 0 0 0 0 0 0 0 0 3 0 0 0 3 0 2 2 2 0 0 1 0 3 0 0 0 0 0 0 3 0 0 0 3 0 10 1 33 12 0 10 1 13 61 11 31 69 16 28 0 16 23 34 2 0 0 0 0 0 0 0 12 0 0 0 0 0 14 0 0 0 0 0 24 26 0 0 2 0 0 0 0 0 0 0 0 2 12 0 0 0 1 30 0 0 0 0 0 0 0 0 0 0 0 5 0 0 1 0 0 2 0 0 0 0 11 15 12 17 14 11 4 1 7 4 0 31 6 25 0 31 21 10 0 0 0 0 0 0 10 0 1 0 0 2 0 0 12 0 0 0 0 0 22 35 0 0 0 0 0 0 0 0 0 0 0 15 0 0 0 0 0 0 0 0 0 0 0 0 0 0 0 0 15 0 0 0 0 0 0 0 0 0 0 0 0 0 0 0 0 0 86 1 10 94 1 7 0 0 0 0 0 0 0 0 0 0 0 0 0 0 0 0 0 0 0 0 0 0 0 23 0 14 0 0 0 0 0 0 0 0 0 0 0 0 
 293 58 171 380 440 94 229 63 90 0 92 248 62 63 273 95 147 144 377 102 0 0 3 5 5 0 1 1 2 3 3 0 25 4 0 2 3 0 64 148 0 0 0 1 0 0 0 0 0 0 0 0 0 0 3 0 2 1 3 0 6 1 4 0 0 2 11 3 1 0 0 2 0 3 3 0 0 13 3 0 0 0 19 37 3 0 11 18 0 0 4 24 0 2 5 27 8 29 1 9 0 0 0 0 0 0 1 23 0 3 14 0 1 0 9 0 0 18 12 66 0 0 0 0 0 0 0 0 0 0 0 0 0 0 0 0 0 1 0 0 0 0 0 0 3 0 0 0 0 0 0 0 1 0 0 0 2 0 3 0 0 0 25 10 0 30 30 6 0 11 10 15 0 1 3 21 17 0 0 0 0 0 0 0 0 0 0 0 0 0 0 0 20 0 0 0 0 0 19 20 0 0 0 0 0 10 0 0 1 0 0 0 0 0 1 0 0 0 0 0 0 0 0 0 0 0 0 0 0 0 0 0 0 0 0 0 0 0 0 0 0 9 0 0 0 3 3 0 1 2 2 8 0 1 0 0 0 0 0 0 2 0 0 0 0 0 0 0 0 0 0 0 0 0 0 0 0 0 0 0 0 0 0 0 0 2 0 0 0 0 
 56 23 61 111 169 187 26 114 117 92 0 279 34 239 155 217 173 50 27 49 84 3 7 0 0 3 0 74 0 0 4 0 135 167 105 0 4 1 2 5 0 0 6 3 0 3 0 0 0 2 0 0 38 0 2 0 6 3 3 0 2 6 2 2 0 3 2 3 0 4 2 6 0 0 4 0 0 0 3 0 0 0 3 18 33 16 0 1 23 0 1 20 0 10 0 21 0 0 0 10 18 18 0 0 0 0 36 0 0 0 0 0 1 16 0 6 0 0 10 18 0 0 0 0 0 0 0 0 0 0 0 0 0 0 0 0 0 0 0 0 0 0 0 0 0 0 0 0 0 23 0 0 5 0 0 1 0 0 0 0 0 0 18 14 17 10 12 18 9 4 0 16 0 0 1 25 2 0 0 0 17 0 0 0 19 0 19 4 0 23 0 0 2 8 4 19 14 0 20 15 0 0 0 0 0 0 0 0 0 0 0 0 0 0 0 0 0 0 0 0 11 0 0 0 12 0 0 0 0 0 0 0 0 0 0 0 0 0 0 0 0 27 0 0 0 0 147 0 2 2 2 10 3 0 0 0 0 0 0 0 0 0 0 0 0 0 0 0 0 0 0 0 0 0 0 13 0 0 0 0 0 0 0 0 0 0 0 0 0 0 
 127 246 222 245 170 456 138 36 42 248 279 0 23 42 128 34 179 260 267 120 24 0 3 0 0 2 0 3 0 0 0 0 98 3 81 0 1 0 74 19 0 0 0 0 0 0 0 0 0 0 0 0 0 0 3 0 2 0 3 0 2 0 2 0 0 0 2 1 0 0 0 0 0 0 3 0 0 0 3 0 0 0 20 71 30 56 0 13 25 30 0 11 0 0 36 23 10 6 0 15 16 42 0 0 0 1 31 1 0 0 0 0 8 22 0 0 0 0 12 21 0 0 0 0 0 0 0 0 0 0 0 0 0 0 0 0 0 0 0 0 0 0 2 0 0 1 0 0 0 8 0 0 0 0 0 0 0 0 0 0 0 14 16 17 0 57 16 2 10 7 34 10 0 0 19 24 19 0 0 0 0 0 0 0 0 8 0 0 14 1 0 0 8 0 21 0 0 0 1 8 0 0 0 0 0 0 14 0 0 0 0 19 1 0 0 0 0 0 0 0 0 0 0 0 0 0 1 0 0 0 0 2 0 0 0 0 0 0 0 0 0 11 0 0 0 2 12 2 0 0 17 6 0 0 0 0 0 0 0 0 0 0 0 0 0 0 0 0 0 0 0 0 0 0 0 23 12 0 0 0 0 0 0 0 0 0 0 0 0 0 
 76 368 322 69 279 275 113 379 189 62 34 23 0 205 28 36 121 36 283 75 1 0 1 0 0 2 6 6 0 0 0 3 0 3 0 0 1 2 0 4 0 0 0 0 0 10 4 0 2 0 6 0 0 0 6 0 2 0 6 1 2 0 2 37 0 0 0 5 0 0 4 4 0 0 3 0 0 0 3 0 0 17 0 0 0 0 15 25 8 28 11 27 24 8 27 22 28 0 37 9 0 0 0 0 0 0 0 0 1 0 1 0 0 0 0 0 2 0 0 0 0 0 0 0 0 0 0 0 0 0 0 0 13 0 0 0 0 0 0 0 0 0 0 0 1 0 0 0 0 0 0 0 0 8 0 0 0 2 7 0 31 0 0 7 0 2 0 58 14 9 2 13 10 12 39 0 0 2 0 29 0 0 0 0 0 0 0 0 0 0 0 0 0 0 0 0 0 0 40 0 2 0 0 0 1 0 1 0 0 0 0 0 0 0 0 0 0 0 0 0 0 0 0 0 0 0 0 0 1 0 0 0 0 0 0 0 0 0 0 0 0 0 0 0 0 0 0 0 87 51 2 20 13 0 0 0 0 0 0 0 0 0 0 0 0 0 1 0 0 0 0 0 0 0 0 0 0 0 0 0 0 0 0 0 0 0 0 0 0 0 
 215 78 37 158 51 43 519 98 172 63 239 42 205 0 163 150 258 121 208 256 3 0 1 0 0 1 2 3 0 0 0 0 0 5 0 0 2 2 2 2 0 0 0 0 0 0 2 0 1 0 3 0 0 0 3 0 2 1 3 0 2 0 4 2 0 2 0 3 2 2 0 0 2 0 3 0 2 2 3 0 62 24 13 0 0 0 26 27 1 18 0 23 0 11 17 36 26 11 20 19 0 0 0 0 0 0 0 0 0 0 11 0 14 0 0 0 0 0 0 0 0 0 0 0 0 0 0 0 0 0 16 0 0 0 0 0 0 6 0 0 0 16 0 0 0 0 0 0 0 0 0 0 20 0 0 0 0 0 0 0 8 0 0 6 0 0 21 8 11 0 32 16 0 21 0 0 21 24 0 15 0 0 0 0 0 0 0 0 0 0 0 0 0 2 0 2 0 0 0 0 0 0 0 0 0 0 0 1 0 0 0 0 0 0 0 0 0 5 0 0 0 0 0 0 0 0 0 0 0 0 0 0 0 0 2 0 0 1 0 0 0 0 0 0 0 0 2 0 92 86 0 0 1 0 0 0 2 0 0 0 0 0 13 0 0 101 0 0 0 0 0 0 0 2 0 0 0 0 0 0 0 0 0 0 0 0 0 0 0 0 
 32 451 250 229 374 127 112 47 218 273 155 128 28 163 0 123 145 125 192 219 0 0 4 0 0 2 0 74 0 0 0 0 0 3 0 0 0 0 1 3 0 3 0 2 0 0 0 0 0 0 3 0 0 0 3 0 0 0 3 0 55 8 2 3 0 0 1 2 0 0 2 0 3 0 3 1 0 3 3 0 27 31 11 2 0 12 11 10 29 0 0 15 0 7 12 0 2 21 0 19 1 0 0 0 0 0 7 11 0 0 0 0 0 18 0 0 0 0 10 11 0 0 0 0 0 9 1 0 0 0 0 0 0 0 0 0 0 14 0 0 0 0 0 0 0 0 0 0 6 0 0 0 0 0 0 0 1 0 0 0 2 30 8 12 27 18 0 33 32 0 0 4 10 41 0 11 23 0 0 14 0 0 0 0 0 0 0 0 0 0 0 0 0 0 0 0 0 0 20 27 0 0 0 0 0 0 0 0 0 0 0 0 0 0 0 0 0 0 0 0 0 0 0 0 2 0 0 0 0 0 0 0 0 0 0 0 0 0 0 0 0 0 0 0 0 3 4 0 0 0 0 8 0 0 0 0 0 0 0 0 2 0 0 0 0 0 0 0 0 0 0 0 0 0 0 10 0 0 0 0 0 0 0 0 0 0 0 0 0 0 
 170 45 145 216 58 153 208 36 235 95 217 34 36 150 123 0 310 130 23 89 0 0 23 0 0 0 0 0 0 74 1 0 74 4 1 0 2 0 70 2 0 0 0 0 0 0 0 0 0 38 0 0 0 0 3 0 2 0 3 0 2 2 2 0 0 0 0 1 0 13 0 0 0 0 3 0 0 0 3 0 55 1 27 0 0 10 17 0 39 1 45 20 5 21 17 21 0 7 10 0 0 0 0 0 0 0 12 0 0 0 15 1 21 0 0 0 0 0 13 5 0 0 0 0 0 0 0 0 0 10 0 0 0 0 0 0 0 0 0 0 0 0 0 0 0 0 40 0 0 3 0 4 4 0 0 13 0 0 0 0 13 30 26 12 1 11 11 0 7 29 0 1 0 10 1 17 0 26 15 0 0 0 0 0 0 0 1 0 0 0 0 2 11 0 0 0 0 10 0 2 0 2 0 0 0 0 0 0 0 0 0 0 0 0 0 0 0 0 0 0 21 0 0 0 0 0 0 0 0 0 0 0 0 0 0 0 0 0 0 0 0 0 0 0 0 2 87 0 89 101 0 9 0 1 0 0 0 0 0 0 0 0 3 0 0 0 0 0 0 0 0 0 0 0 0 14 0 21 0 0 0 0 0 0 0 0 0 0 0 12 
 32 191 389 250 125 56 133 433 81 147 173 179 121 258 145 310 0 242 41 117 1 0 3 2 3 2 0 0 0 0 0 5 4 106 0 0 81 3 2 106 0 0 0 3 0 0 0 0 2 0 0 0 0 0 3 0 2 35 3 0 4 1 2 1 0 1 0 3 0 0 2 5 2 0 3 0 0 0 3 0 0 1 39 46 0 10 0 38 11 45 31 61 0 15 10 35 25 19 0 14 0 0 0 0 0 0 0 0 0 0 30 0 19 0 0 0 0 0 10 38 0 0 0 0 0 0 0 0 1 0 0 0 0 0 0 0 0 10 0 0 0 0 0 0 7 1 0 0 0 0 0 0 0 0 0 0 0 0 17 0 13 0 20 28 4 29 25 0 1 12 24 13 0 18 25 15 48 0 0 15 0 0 1 0 0 0 1 0 15 0 0 0 5 0 0 0 2 0 26 11 0 0 0 0 0 0 0 0 0 0 0 0 0 0 0 0 0 0 0 0 0 0 0 2 0 0 0 2 0 0 0 0 0 0 0 0 7 0 0 0 0 0 0 0 0 1 4 0 1 176 10 30 0 0 0 0 22 0 0 0 76 0 0 0 0 0 0 0 0 0 0 0 0 0 0 0 10 0 0 0 0 0 0 0 0 0 0 0 0 0 
 350 155 61 120 287 184 31 121 441 144 50 260 36 121 125 130 242 0 52 129 0 1 0 0 0 74 0 0 0 0 1 1 34 28 1 2 1 0 5 119 0 0 0 0 0 0 0 0 0 0 0 1 0 0 3 0 0 0 3 0 2 0 2 33 0 0 0 5 0 0 0 0 0 4 3 0 0 0 3 0 1 15 28 10 1 24 0 12 12 49 23 1 0 19 0 27 0 27 0 0 0 1 19 0 0 0 37 15 0 0 0 0 12 0 1 0 0 0 17 22 0 0 0 0 0 0 0 0 0 0 0 0 0 0 0 0 0 0 0 0 0 11 0 0 0 0 0 14 0 0 0 0 0 0 0 3 0 0 0 0 1 24 48 0 0 40 6 0 9 19 51 0 0 0 0 14 3 13 10 0 0 0 0 0 0 0 16 0 0 0 0 0 11 19 0 1 0 0 26 9 8 0 0 0 0 0 0 0 0 0 0 0 0 0 0 0 0 0 0 0 0 0 0 0 0 0 0 0 0 0 0 0 0 0 0 0 0 0 1 0 0 2 0 0 0 1 3 0 0 2 0 5 0 0 0 0 0 0 0 0 0 60 10 0 0 0 0 0 0 0 0 0 0 2 0 13 0 19 0 0 0 0 0 0 0 0 0 0 0 0 
 131 262 122 70 55 45 295 555 77 377 27 267 283 208 192 23 41 52 0 187 1 0 1 1 2 0 0 3 0 0 2 0 6 3 0 0 2 0 14 4 0 0 0 0 0 0 0 0 2 0 0 0 0 0 2 0 7 0 3 2 5 0 2 0 0 3 0 3 0 0 3 1 3 0 2 6 0 0 3 0 11 30 7 0 0 0 32 48 1 85 14 15 20 0 11 10 0 0 0 33 0 0 0 0 0 0 0 0 0 0 0 0 0 0 0 0 0 0 0 0 0 0 0 0 0 1 1 0 0 0 0 0 0 0 0 0 0 0 0 0 0 0 0 0 4 0 0 0 0 1 0 2 0 0 0 0 0 0 8 0 16 22 47 0 0 11 20 5 0 27 8 19 15 0 21 0 15 46 11 48 0 16 0 0 0 0 0 0 0 0 0 2 0 0 0 0 0 0 0 0 0 2 0 0 0 0 0 0 0 0 0 0 0 0 0 0 0 0 0 0 0 0 0 0 0 0 0 0 0 0 0 0 0 0 0 0 0 0 0 0 0 0 0 0 0 1 0 2 0 89 0 9 10 0 0 0 0 0 0 0 0 0 10 0 0 0 0 0 0 0 3 1 0 0 0 0 0 0 0 0 0 0 0 0 0 0 0 0 0 0 
 95 134 65 59 83 260 196 38 374 102 49 120 75 256 219 89 117 129 187 0 0 3 3 0 4 2 0 2 2 1 0 0 2 3 2 0 2 1 1 2 0 3 0 4 0 2 0 0 0 2 4 0 0 0 3 3 5 0 3 0 2 0 2 3 3 3 0 0 2 0 2 3 3 0 3 1 0 5 3 0 28 2 3 25 13 0 10 0 2 0 0 20 1 0 23 15 10 8 39 29 0 0 0 0 0 0 0 0 0 0 15 0 0 0 0 2 0 0 0 1 0 0 0 0 0 0 0 0 0 2 2 0 0 0 2 0 0 0 0 0 0 0 0 0 4 0 0 0 0 0 0 0 1 0 0 0 0 0 3 0 7 0 18 20 0 4 56 1 0 11 0 0 2 11 6 9 18 0 3 1 0 0 0 0 0 0 0 0 0 0 0 0 0 0 0 0 0 0 1 0 0 0 0 0 0 0 0 2 0 0 0 13 0 0 0 0 0 0 0 0 2 0 0 0 0 0 0 0 0 0 0 0 0 0 1 0 0 2 0 0 0 0 0 0 0 0 1 0 89 0 0 6 0 0 0 0 0 0 0 0 0 0 0 0 0 1 0 0 0 1 0 0 0 0 0 0 1 0 0 0 0 0 0 0 0 0 0 0 0 0 
 0 0 74 2 25 1 0 1 0 0 84 24 1 3 0 0 1 0 1 0 0 235 180 366 52 255 208 281 207 100 33 175 134 56 558 118 169 29 52 124 2 0 0 0 0 0 0 0 0 0 0 3 0 0 0 37 3 3 2 2 0 3 0 0 0 0 0 0 0 0 2 0 0 2 43 6 7 3 0 3 0 0 0 2 0 16 0 0 23 0 0 0 0 0 0 0 0 0 0 0 29 0 29 0 0 29 9 18 0 12 20 27 13 10 13 34 20 27 22 7 0 0 0 0 0 0 7 0 1 0 0 0 0 2 0 0 0 0 0 0 0 0 2 0 0 0 0 0 0 0 0 3 0 0 1 0 0 0 0 0 0 0 0 0 0 8 0 0 0 4 0 2 0 0 0 1 0 0 0 0 14 46 11 22 8 0 6 10 0 10 24 9 6 21 23 14 38 10 0 1 0 0 0 0 0 0 0 0 0 0 0 0 0 0 0 0 2 0 0 0 0 10 0 0 0 0 2 0 0 0 2 0 0 0 0 0 0 0 0 0 0 0 9 0 0 2 0 0 0 0 0 0 0 0 9 2 0 1 0 1 2 0 6 0 0 0 0 0 0 0 0 0 0 0 0 0 0 0 0 15 0 24 0 0 0 0 0 0 0 0 
 0 0 0 0 77 77 2 1 0 0 3 0 0 0 0 0 0 1 0 3 235 0 211 156 43 61 93 190 414 42 269 99 48 133 285 354 531 136 194 69 0 0 1 0 0 3 0 2 0 0 0 4 314 0 0 0 4 4 56 2 0 5 0 0 0 0 0 2 0 0 3 69 0 2 0 3 4 4 2 0 0 0 0 0 10 28 0 0 0 0 0 0 0 0 0 0 0 0 0 0 7 32 0 0 15 8 83 0 20 0 10 16 20 41 26 12 1 17 10 0 0 0 0 0 10 0 10 0 0 0 0 0 19 0 0 0 0 0 0 9 0 13 0 0 0 0 0 0 0 0 0 0 0 0 14 0 0 0 0 0 0 0 0 0 22 0 0 0 0 0 6 0 0 0 0 2 1 0 0 0 24 14 35 0 11 0 11 17 0 0 15 0 8 29 28 38 11 0 11 3 20 0 0 0 0 0 0 0 11 0 0 0 0 20 13 0 0 0 9 0 0 0 0 0 0 0 0 0 0 0 0 0 0 0 0 0 0 0 0 0 0 0 1 0 0 0 6 0 0 0 1 0 0 0 15 0 2 0 0 0 2 0 3 0 0 0 0 0 0 0 0 0 0 0 0 0 1 0 0 0 0 3 0 0 0 1 19 0 0 0 
 2 2 1 2 0 77 4 0 0 3 7 3 1 1 4 23 3 0 1 3 180 211 0 390 174 249 114 106 374 550 46 139 56 136 662 66 524 124 253 92 0 0 0 0 0 0 3 0 0 0 0 3 0 0 0 5 3 3 101 2 0 3 0 0 0 0 0 0 0 0 6 4 0 2 0 3 0 3 1 0 0 0 0 0 11 0 0 0 0 0 0 0 1 0 0 0 0 0 0 0 1 1 0 10 10 52 0 33 6 35 21 30 1 7 0 16 2 80 0 1 25 0 0 0 0 0 18 0 0 0 0 0 17 0 0 0 0 0 38 15 0 0 0 0 0 0 11 0 0 0 0 0 15 0 0 0 0 2 0 0 0 0 0 0 0 0 0 0 0 0 0 0 0 0 0 0 0 0 0 0 12 79 0 28 24 13 0 17 0 28 59 22 0 25 0 0 11 14 0 13 29 0 3 0 0 0 10 0 0 0 0 0 8 29 0 0 0 0 1 0 0 0 0 0 0 0 0 0 0 0 0 0 0 16 2 0 0 0 0 0 0 0 0 0 0 0 0 0 1 0 0 0 0 0 7 0 0 0 81 0 4 3 0 0 0 0 11 0 0 0 0 0 0 0 0 0 0 2 0 22 0 19 0 0 1 0 20 0 0 0 
 0 0 0 0 1 0 78 2 0 5 0 0 0 0 0 0 2 0 1 0 366 156 390 0 163 26 124 56 216 248 131 174 51 43 388 175 120 327 85 73 0 38 1 0 0 0 78 0 0 0 0 65 63 43 2 3 3 2 188 2 0 3 0 0 0 0 0 0 0 1 3 0 0 3 0 3 1 3 3 0 0 0 0 1 0 0 0 0 0 0 0 0 0 0 0 0 0 0 0 0 11 0 0 19 1 28 0 12 7 24 8 0 0 10 0 9 13 47 0 0 34 0 19 0 0 0 42 0 2 0 0 0 15 0 0 0 0 0 27 31 0 0 0 0 0 0 0 0 19 0 6 0 0 0 0 0 0 0 0 0 0 0 0 0 0 0 0 0 0 0 0 0 0 0 0 0 0 0 0 0 1 43 0 22 28 12 1 0 19 0 39 36 0 7 0 0 1 1 0 0 15 0 7 0 0 0 21 32 0 0 0 10 8 27 54 2 0 0 3 1 0 0 0 0 0 0 0 0 0 0 0 0 0 0 0 0 6 0 0 0 0 0 0 0 0 0 0 0 0 0 13 0 0 0 2 0 0 40 119 0 13 4 0 0 0 0 0 0 0 0 0 0 0 0 0 0 0 0 0 14 0 0 0 0 1 0 0 0 0 0 
 0 0 0 0 0 0 0 0 0 5 0 0 0 0 0 0 3 0 2 4 52 43 174 163 0 151 246 48 92 130 643 143 172 50 85 162 56 58 59 74 62 65 0 0 1 0 26 0 1 0 1 3 128 62 62 1 4 3 66 62 0 7 0 0 0 0 49 0 0 0 1 1 10 58 0 14 0 5 0 0 0 0 0 0 0 0 0 2 2 0 0 0 0 0 10 0 0 0 0 0 0 0 13 7 12 6 0 0 0 11 0 20 0 0 0 0 0 0 0 0 8 19 22 0 0 0 19 17 63 12 0 0 30 0 0 0 0 0 67 9 0 0 0 0 0 0 0 0 0 2 0 0 0 0 0 0 10 0 0 0 0 2 0 0 7 9 0 0 0 0 0 0 0 0 0 0 0 4 0 0 0 0 0 11 0 29 0 0 11 0 13 0 0 0 0 0 16 8 0 0 24 16 0 2 0 0 40 1 0 0 0 2 27 23 0 19 40 0 41 11 0 0 0 0 0 0 0 0 0 0 0 0 15 14 0 0 9 0 0 0 0 0 0 0 0 0 1 0 0 0 0 0 0 0 10 3 2 84 4 2 2 0 0 2 0 0 12 0 0 0 0 0 0 0 0 0 0 10 0 0 0 0 0 0 0 21 35 0 0 0 
 2 4 0 1 0 0 0 1 0 0 3 2 2 1 2 0 2 74 0 2 255 61 249 26 151 0 111 38 133 134 102 320 42 50 262 164 53 276 60 61 0 0 73 10 0 0 0 3 0 0 0 3 57 0 0 0 67 3 33 2 0 3 0 0 0 0 0 0 0 0 2 0 0 2 0 3 0 3 0 26 0 0 0 1 0 0 0 0 0 0 0 0 6 0 0 0 0 0 0 0 0 7 9 0 0 0 1 1 0 0 62 0 0 0 0 0 1 1 0 0 0 40 16 15 0 0 0 31 12 66 0 0 34 0 26 9 0 2 0 32 21 0 2 0 0 0 0 0 0 0 0 0 0 0 0 0 2 0 0 0 0 14 0 0 0 0 0 0 0 0 0 0 0 0 0 0 0 0 0 0 0 32 0 0 36 7 0 0 10 0 0 0 0 0 0 46 0 25 0 0 12 24 1 36 1 1 12 3 0 12 14 2 19 26 30 9 18 0 7 46 0 0 0 0 0 0 0 0 0 0 0 0 0 0 0 0 0 0 0 0 0 0 27 0 0 1 0 0 0 0 0 0 0 0 0 0 4 105 4 0 1 0 62 0 0 0 0 0 0 0 0 0 0 0 0 0 0 0 0 0 0 1 0 0 0 22 0 0 0 0 
 87 0 0 1 73 0 0 0 0 1 0 0 6 2 0 0 0 0 0 0 208 93 114 124 246 111 0 96 181 118 37 176 169 207 136 103 177 22 69 156 2 0 1 0 0 0 0 0 0 0 0 3 3 0 0 0 3 2 4 2 0 6 0 0 0 48 0 0 0 0 3 0 0 2 0 3 0 4 2 0 0 0 0 14 7 1 0 0 0 0 0 0 0 0 0 0 0 0 0 0 23 7 10 0 0 25 0 32 30 11 21 31 1 21 30 59 29 34 0 0 0 0 0 0 2 0 0 0 2 0 0 0 2 1 0 0 0 0 0 19 0 0 0 0 0 0 0 0 0 0 0 0 0 0 1 0 0 0 0 0 0 7 0 0 12 14 0 0 0 0 0 0 0 0 0 2 0 0 0 0 7 32 45 16 7 0 11 12 0 7 21 8 13 24 0 9 13 24 0 0 0 0 0 20 0 0 0 0 0 0 0 0 0 0 0 0 1 0 0 8 0 0 0 0 0 9 0 0 0 0 2 0 0 0 0 0 0 0 0 0 0 0 20 0 0 0 0 0 0 0 0 0 0 0 7 0 1 0 0 0 5 0 62 0 0 16 0 0 0 0 0 0 0 0 0 0 0 0 0 17 0 21 0 0 0 0 0 0 0 0 
 2 0 1 0 0 0 0 0 0 1 74 3 6 3 74 0 0 0 3 2 281 190 106 56 48 38 96 0 84 41 272 41 119 310 212 34 55 545 77 54 0 0 0 0 0 0 0 0 0 0 0 3 0 0 0 0 5 3 2 2 0 3 0 0 0 0 0 0 0 0 2 0 0 2 0 3 0 3 0 0 0 1 0 0 3 10 0 0 0 0 0 0 0 0 0 0 0 0 0 0 4 42 0 20 0 0 34 1 1 0 2 1 27 41 0 21 13 0 0 0 0 0 0 0 0 0 0 20 0 0 0 0 0 0 0 0 0 0 0 0 0 0 0 1 0 0 0 0 0 0 0 0 0 0 8 0 0 0 0 0 0 0 2 14 18 0 2 0 0 0 0 0 0 0 0 0 0 0 0 0 27 0 0 0 1 9 21 23 4 9 0 0 7 9 34 33 33 22 15 0 0 13 0 0 0 0 0 0 0 0 0 0 0 0 0 0 0 0 0 0 0 0 0 0 0 0 0 0 0 0 0 0 0 0 0 0 1 0 1 0 0 0 15 0 0 0 1 0 0 0 0 0 0 0 0 2 0 4 0 0 0 0 0 0 0 0 0 0 0 0 0 0 0 0 0 0 0 0 0 0 0 2 0 0 0 0 0 0 0 1 
 0 0 0 0 1 0 2 0 0 2 0 0 0 0 0 0 0 0 0 2 207 414 374 216 92 133 181 84 0 226 180 91 161 154 136 526 543 391 179 241 0 2 1 0 0 0 0 0 3 0 0 3 12 0 0 0 3 2 26 2 0 3 0 52 0 0 5 0 0 0 7 54 0 2 0 10 1 3 1 0 12 0 0 0 0 0 0 0 0 0 12 0 0 0 0 0 0 0 0 0 30 0 7 0 22 32 0 0 10 21 53 34 0 38 21 29 10 11 0 0 0 0 0 0 0 0 10 0 0 0 0 0 12 0 0 0 0 0 14 10 0 0 4 0 0 0 0 0 0 0 0 0 0 0 0 0 0 0 0 0 0 12 0 0 0 9 0 0 0 0 0 0 0 0 0 0 0 0 0 0 31 14 9 47 16 12 0 27 0 25 43 1 0 36 22 0 3 0 0 2 39 0 0 0 0 0 0 0 0 0 0 0 0 12 0 0 0 0 0 12 0 0 8 0 0 0 0 0 0 0 0 0 0 0 0 0 0 0 0 0 0 0 14 0 0 0 0 0 0 0 0 1 0 0 9 0 0 0 0 2 0 0 0 0 0 0 0 0 0 0 0 0 0 0 0 0 0 0 0 14 0 17 0 0 0 0 14 0 0 0 
 0 0 0 0 25 60 0 0 0 3 0 0 0 0 0 74 0 0 0 1 100 42 550 248 130 134 118 41 226 0 78 198 44 157 119 318 175 50 78 81 0 5 0 0 0 0 1 0 0 0 2 3 75 0 0 0 3 3 200 2 1 2 2 0 0 0 0 0 0 0 3 2 3 2 0 4 1 2 3 0 2 0 0 0 0 0 0 0 0 0 0 0 0 0 0 0 0 0 0 0 20 0 13 12 16 34 0 18 0 35 73 26 0 0 0 14 1 43 0 0 0 0 0 0 0 0 10 0 0 0 2 0 34 0 0 0 1 0 1 11 10 0 7 0 0 0 12 0 0 0 0 0 0 0 0 0 0 0 0 0 0 0 0 0 0 0 0 0 0 0 0 0 0 0 0 0 0 0 0 0 0 31 0 55 35 0 3 0 21 11 2 18 0 0 0 0 0 56 0 0 22 1 0 0 0 0 36 10 0 0 0 0 0 17 1 1 0 0 13 27 0 2 0 0 0 0 0 0 0 0 0 0 0 0 0 0 0 19 2 0 0 0 0 0 0 0 0 0 0 0 0 0 0 0 6 0 0 2 41 3 10 0 0 0 0 0 0 0 58 0 0 0 0 0 0 0 0 0 0 0 0 22 0 0 0 15 19 0 0 0 
 2 2 0 0 0 0 0 0 0 3 4 0 0 0 0 1 0 1 2 0 33 269 46 131 643 102 37 272 180 78 0 125 36 26 159 172 92 120 245 161 0 3 0 0 4 3 4 0 0 0 5 3 129 0 55 6 5 5 2 68 0 3 0 0 0 0 3 5 0 55 2 3 0 2 0 3 4 3 1 0 0 0 0 0 0 0 0 0 0 0 0 0 0 0 0 1 0 0 0 0 0 0 18 0 10 14 0 0 12 0 8 7 0 0 0 15 4 1 0 0 16 0 6 0 0 0 25 0 1 6 0 0 0 0 0 0 0 0 21 12 0 2 0 0 0 0 0 2 0 0 0 0 0 12 8 0 0 0 0 0 0 0 0 0 7 2 0 0 0 0 0 0 0 0 0 0 0 0 1 0 0 17 0 0 31 32 3 20 10 0 19 9 0 0 25 0 23 9 17 0 19 13 8 0 0 0 43 9 20 1 0 0 2 4 0 12 2 0 0 13 0 0 0 2 0 0 0 0 0 0 0 0 0 0 0 0 0 0 0 0 0 0 0 0 0 0 0 0 0 0 0 0 0 0 8 2 0 0 77 0 3 0 0 0 0 0 1 0 0 0 0 0 0 0 0 0 0 0 0 0 0 4 40 0 0 0 0 0 0 0 
 0 0 0 5 11 0 0 0 0 0 0 0 3 0 0 0 5 1 0 0 175 99 139 174 143 320 176 41 91 198 125 0 105 228 315 71 202 242 41 111 0 9 0 0 0 1 80 3 0 0 0 61 64 30 2 0 4 3 133 2 0 3 0 0 0 0 0 0 0 0 2 0 0 2 0 3 2 3 1 0 0 0 0 0 0 0 0 0 0 0 0 0 0 0 0 0 0 0 0 0 10 4 13 24 1 19 0 8 3 14 33 0 0 7 13 10 42 64 0 0 0 0 11 0 0 0 8 0 13 0 0 0 13 0 0 0 0 0 27 26 0 0 0 0 0 0 0 0 10 0 9 0 0 0 0 0 14 0 0 0 0 6 8 0 0 0 0 0 0 0 0 0 0 0 0 0 0 0 0 0 0 39 16 63 12 0 10 0 25 23 26 14 0 32 13 13 18 23 0 12 1 0 0 0 0 0 6 13 0 0 0 0 0 21 10 1 0 0 33 8 0 0 0 0 0 0 0 0 0 0 0 0 0 0 0 0 0 0 0 0 0 0 0 0 16 0 0 0 0 0 0 0 0 0 8 0 3 5 2 4 2 2 0 0 0 0 0 0 0 0 0 0 0 0 0 0 0 0 0 18 0 0 0 0 0 0 0 0 0 0 
 0 0 74 30 40 2 0 0 2 25 135 98 0 0 0 74 4 34 6 2 134 48 56 51 172 42 169 119 161 44 36 105 0 77 261 30 49 231 209 222 0 0 1 0 0 0 0 0 2 0 0 3 200 0 0 0 4 2 2 2 0 3 0 0 3 0 6 0 0 0 3 0 0 2 0 9 0 18 2 46 0 1 0 16 1 3 0 0 11 0 0 0 0 0 0 0 3 0 0 0 19 2 52 8 0 0 36 46 0 0 1 6 3 0 39 14 0 11 10 19 0 0 0 0 0 0 0 0 0 4 0 0 0 0 14 0 0 0 0 0 0 22 0 0 0 0 0 17 0 0 0 0 0 0 0 3 0 0 0 0 0 0 0 0 1 5 1 0 0 4 12 0 0 0 0 0 0 0 0 0 7 11 10 0 0 0 0 16 0 17 2 8 42 49 9 0 36 0 0 19 0 0 0 0 9 0 0 1 0 0 0 1 0 0 0 0 0 0 0 0 18 0 0 0 13 0 0 0 0 37 0 0 0 0 0 0 0 16 1 0 0 0 13 0 0 0 0 0 0 0 0 0 0 0 0 0 3 0 0 0 2 20 0 0 0 0 0 0 0 0 0 0 0 0 0 0 0 19 0 0 0 15 0 0 0 0 0 0 0 0 
 3 3 4 41 42 38 3 3 3 4 167 3 3 5 3 4 106 28 3 3 56 133 136 43 50 50 207 310 154 157 26 228 77 0 90 267 471 243 320 528 0 0 0 0 0 0 0 0 0 0 0 3 5 0 0 0 5 3 5 2 0 3 0 0 0 0 1 0 0 0 2 0 0 2 0 3 0 3 0 0 3 0 0 0 20 0 0 0 0 0 0 0 0 0 0 0 1 0 0 0 8 19 41 0 1 0 52 2 9 7 0 1 41 9 14 38 1 1 0 1 0 0 0 2 0 1 0 0 0 0 7 2 0 0 20 0 0 0 0 0 0 13 0 0 0 0 0 34 0 0 0 0 0 0 0 3 0 0 0 0 0 0 0 0 22 0 0 0 0 2 0 0 0 0 0 0 0 0 0 0 55 0 18 0 0 1 49 35 1 35 1 0 2 36 1 16 20 47 2 4 0 0 0 0 0 0 0 0 0 0 0 0 0 0 0 0 0 0 0 0 6 0 0 0 0 0 0 0 0 0 0 0 0 0 0 0 0 0 0 0 0 0 11 0 0 0 0 0 0 0 0 0 0 0 9 2 1 1 0 0 2 14 0 0 0 0 0 0 0 0 0 0 0 0 0 0 2 19 0 0 0 2 0 0 0 0 0 0 0 0 
 2 0 0 0 151 151 0 0 0 0 105 81 0 0 0 1 0 1 0 2 558 285 662 388 85 262 136 212 136 119 159 315 261 90 0 391 438 250 171 251 0 0 0 0 0 0 0 0 0 0 0 3 9 0 0 0 3 3 2 2 0 3 0 0 0 0 0 0 0 0 2 0 0 2 0 3 26 3 1 0 0 0 0 0 24 37 0 0 0 0 0 0 0 2 0 0 7 0 0 0 37 58 1 12 10 43 21 0 17 0 0 0 43 46 15 14 18 0 13 0 0 0 0 0 0 0 0 0 0 0 0 0 0 0 0 0 0 0 0 0 0 0 0 0 0 0 0 0 0 0 0 0 0 0 0 0 0 0 0 0 0 0 0 0 19 0 0 0 9 0 9 0 0 0 0 18 0 0 0 0 45 0 12 10 0 7 0 49 8 9 33 0 1 20 60 53 39 9 16 0 0 0 0 0 0 0 0 0 16 2 0 0 0 0 0 0 0 0 0 0 0 0 0 0 0 0 0 0 0 0 0 0 0 0 0 0 0 0 0 0 0 0 0 0 1 0 81 0 0 0 0 0 0 0 8 1 4 37 0 0 3 2 0 0 0 0 0 0 0 0 0 0 0 0 0 0 0 0 0 14 0 0 0 0 0 0 0 0 0 0 
 0 0 21 0 0 2 0 0 0 2 0 0 0 0 0 0 0 2 0 0 118 354 66 175 162 164 103 34 526 318 172 71 30 267 391 0 315 159 52 143 1 0 0 0 0 0 70 0 0 0 0 3 80 3 0 0 3 3 140 2 0 3 0 0 0 0 0 0 0 0 2 0 0 2 0 3 3 3 1 0 0 0 0 0 0 0 0 0 0 0 0 0 0 0 0 0 0 0 9 0 7 0 39 8 5 11 0 0 8 13 5 10 0 1 23 9 3 8 0 0 0 0 4 0 0 0 6 0 0 0 0 0 39 0 0 0 0 0 9 4 1 0 6 0 0 0 0 0 0 0 0 0 0 0 0 0 0 0 0 0 0 4 0 0 0 0 0 13 0 0 0 0 0 0 0 0 0 0 0 0 0 10 0 15 28 23 11 9 32 0 1 1 0 1 0 1 9 10 0 0 3 4 0 0 0 2 15 1 0 0 0 32 0 22 11 0 0 0 2 0 0 0 0 0 0 9 0 0 0 0 0 2 0 0 0 0 0 0 0 0 0 0 0 0 0 0 0 0 0 0 0 0 0 0 6 0 0 1 78 1 35 0 0 0 0 0 0 0 0 0 0 0 0 0 0 0 0 0 0 1 0 0 0 0 0 0 0 0 0 0 
 2 2 0 1 2 0 0 0 1 3 4 1 1 2 0 2 81 1 2 2 169 531 524 120 56 53 177 55 543 175 92 202 49 471 438 315 0 361 100 166 0 0 0 0 0 0 0 0 0 0 0 3 0 0 0 0 3 3 25 20 0 3 0 0 0 0 0 0 0 0 55 0 0 2 0 3 0 3 0 0 0 0 1 0 0 0 0 0 0 0 0 0 0 0 0 0 0 0 0 12 3 1 8 0 20 55 0 32 16 33 23 31 0 21 19 18 16 50 0 0 0 0 0 0 0 0 0 20 0 0 0 0 0 0 0 0 0 0 0 0 0 0 0 1 0 0 0 0 0 0 1 0 0 0 0 0 0 0 0 0 0 0 2 14 0 7 2 0 0 0 0 0 0 0 0 9 0 0 0 0 5 36 20 29 8 0 3 15 0 12 35 6 9 37 11 0 9 11 0 0 0 0 0 0 0 0 0 0 1 0 0 0 0 0 0 0 0 0 0 0 0 0 0 0 0 0 0 0 0 0 0 0 0 0 0 0 0 0 0 0 0 0 13 0 0 0 0 0 0 0 0 1 0 0 8 0 0 0 0 1 1 0 0 0 0 0 0 0 0 0 0 0 0 0 0 0 0 0 0 18 0 31 0 0 0 0 0 0 0 2 
 0 0 0 0 1 1 0 0 0 0 1 0 2 2 0 0 3 0 0 1 29 136 124 327 58 276 22 545 391 50 120 242 231 243 250 159 361 0 303 119 0 69 1 0 0 0 27 0 0 0 0 3 64 62 0 6 3 2 4 2 0 3 0 0 0 0 0 50 0 50 3 0 0 2 0 3 0 3 2 0 0 0 0 0 1 1 0 0 0 0 0 0 0 0 0 7 0 0 0 0 13 0 25 14 10 32 1 8 20 0 14 17 0 14 0 19 15 19 0 0 0 0 12 0 0 12 19 0 19 0 0 0 11 1 0 0 0 0 1 0 0 0 1 0 0 0 0 0 1 0 1 0 0 0 0 0 0 0 0 0 0 4 0 0 0 0 0 0 0 0 0 1 0 0 0 0 0 0 0 0 22 14 0 19 0 8 0 46 66 1 55 23 0 22 55 12 10 0 0 0 0 0 0 0 0 0 10 1 0 0 1 2 8 13 0 1 0 0 22 0 0 0 0 0 0 0 0 0 0 0 1 0 0 0 0 0 0 0 0 0 0 0 0 0 0 1 0 0 0 0 0 0 0 0 14 3 3 176 0 0 1 0 0 0 0 0 0 0 0 0 0 0 0 0 0 0 0 0 0 0 0 0 0 0 0 0 0 0 0 0 
 2 2 4 2 79 79 3 2 2 64 2 74 0 2 1 70 2 5 14 1 52 194 253 85 59 60 69 77 179 78 245 41 209 320 171 52 100 303 0 249 0 0 2 0 0 0 0 0 0 0 0 3 60 0 0 0 5 1 2 2 0 7 1 0 1 0 4 0 0 0 3 4 0 3 1 3 1 40 3 0 0 0 0 13 7 33 0 0 0 0 0 0 0 9 0 0 12 0 0 1 26 39 0 12 0 0 19 16 22 0 0 15 15 10 44 24 0 8 13 10 0 0 0 0 0 0 0 0 0 0 0 0 0 0 0 0 0 0 0 0 0 0 0 0 0 0 18 0 0 0 0 13 0 0 0 0 0 0 0 2 1 0 0 0 20 0 0 0 0 0 28 0 0 0 0 0 0 0 0 5 33 0 44 0 0 0 2 32 0 15 14 12 21 10 23 3 47 0 27 22 0 0 2 0 0 0 0 0 1 0 0 0 0 0 1 0 0 2 0 19 0 0 0 0 0 0 0 0 0 0 0 0 2 0 0 0 0 0 0 0 0 0 0 0 0 0 2 0 0 0 0 0 0 0 5 0 0 0 1 1 1 1 0 0 0 0 0 0 0 0 0 0 0 0 0 2 0 0 0 0 0 0 0 0 0 0 0 0 0 13 
 2 2 2 38 6 155 2 2 2 148 5 19 4 2 3 2 106 119 4 2 124 69 92 73 74 61 156 54 241 81 161 111 222 528 251 143 166 119 249 0 0 0 2 0 3 1 2 4 6 4 3 5 4 3 2 0 5 3 7 6 9 6 3 0 4 5 7 4 0 40 11 0 6 3 0 3 4 6 1 1 0 0 0 14 10 20 0 0 22 0 0 0 0 2 0 0 10 0 0 0 37 3 20 0 0 27 16 14 0 11 0 11 2 11 39 25 12 13 5 9 0 0 0 0 0 7 0 0 0 0 0 0 0 7 0 0 0 0 0 0 0 6 0 0 0 0 0 7 0 0 0 0 22 0 0 4 0 0 0 0 0 13 8 0 1 34 0 0 7 0 20 0 0 0 0 13 0 0 12 0 22 14 17 12 0 0 0 8 0 12 23 0 2 60 0 0 9 3 0 18 0 0 0 0 0 0 0 0 0 0 0 0 0 0 0 0 0 0 0 0 0 0 0 0 0 0 23 0 0 0 0 0 0 0 0 0 0 0 0 0 0 0 14 0 0 0 0 2 0 0 0 0 0 1 15 1 2 0 0 1 0 9 0 0 2 1 0 0 0 0 0 0 0 0 0 12 0 26 0 8 0 51 0 0 0 0 0 0 0 0 
 0 0 0 0 0 0 0 0 1 0 0 0 0 0 0 0 0 0 0 0 2 0 0 0 62 0 2 0 0 0 0 0 0 0 0 1 0 0 0 0 0 76 85 63 31 28 199 161 30 26 101 38 45 229 99 59 104 99 58 103 0 2 0 0 0 0 0 0 0 0 0 0 0 0 0 0 0 0 1 3 0 0 0 0 0 0 0 0 0 0 0 0 0 0 0 0 0 0 0 8 0 0 0 0 9 0 0 0 0 20 0 18 0 0 0 0 0 0 0 0 32 0 2 19 40 7 22 18 0 10 24 5 0 12 21 15 15 35 0 0 27 0 0 0 0 0 0 0 2 0 1 0 4 0 0 0 0 0 0 4 0 0 0 0 0 0 0 0 0 0 0 0 0 0 0 0 0 0 0 0 0 11 0 19 0 0 0 0 0 0 0 10 0 0 0 0 0 0 0 0 25 30 20 10 10 2 5 0 7 12 1 0 26 0 4 15 4 34 15 2 0 0 0 0 0 0 1 0 0 0 0 0 0 16 0 0 0 0 5 0 0 0 0 0 0 0 0 0 0 0 0 3 0 0 0 0 0 0 0 0 2 0 0 0 67 1 21 2 0 0 0 0 0 0 0 0 0 0 0 0 0 0 0 0 54 0 0 0 1 0 
 0 6 0 0 0 0 0 0 0 0 0 0 0 0 3 0 0 0 0 3 0 0 0 38 65 0 0 0 2 5 3 9 0 0 0 0 0 69 0 0 76 0 159 340 322 194 388 233 53 265 36 101 342 94 85 119 252 127 104 74 0 0 0 0 0 0 0 0 0 8 0 0 0 0 0 0 0 1 68 60 0 0 0 0 0 0 0 0 0 0 0 0 0 0 0 0 0 0 0 0 0 0 0 9 0 1 0 0 2 5 9 0 0 0 0 0 6 2 0 0 1 3 10 6 21 13 1 0 31 18 15 0 12 0 8 0 19 56 12 7 1 0 0 0 0 0 0 0 7 0 5 0 0 0 0 0 0 0 8 13 0 0 0 0 0 0 0 0 0 0 0 0 0 0 0 0 0 0 0 0 0 16 0 3 0 0 6 0 3 17 9 0 0 0 0 0 0 6 0 0 2 13 38 12 3 4 66 20 7 18 20 20 2 9 10 0 0 14 15 0 8 0 0 0 0 0 19 0 0 0 0 0 0 12 0 0 0 0 21 3 0 0 0 0 0 0 0 0 0 0 0 6 0 46 0 0 0 4 0 1 0 0 0 0 0 19 2 66 0 1 0 0 0 0 0 0 0 0 0 0 0 0 0 0 0 10 0 1 0 0 
 0 0 0 0 0 0 0 0 0 0 6 0 0 0 0 0 0 0 0 0 0 1 0 1 0 73 1 0 1 0 0 0 1 0 0 0 0 1 2 2 85 159 0 104 279 37 223 171 173 396 121 60 125 192 136 44 401 226 34 117 0 0 0 7 0 0 0 0 0 2 2 0 0 0 3 0 14 0 1 13 0 0 0 0 0 0 0 0 6 0 0 0 0 0 0 0 0 0 0 0 0 0 0 0 0 0 0 0 0 0 0 0 0 0 0 0 0 0 0 0 0 41 20 20 6 14 0 13 0 0 0 22 0 0 15 22 17 20 0 0 11 0 0 0 0 0 8 0 0 0 0 0 0 0 0 0 0 0 2 0 0 0 0 0 0 0 0 0 0 0 0 0 0 0 0 0 0 0 0 0 0 0 0 0 0 0 0 0 0 0 0 8 0 0 0 0 0 0 0 0 0 0 43 27 6 0 1 9 26 24 28 17 0 0 10 27 0 0 10 9 5 0 0 0 0 0 0 0 0 0 0 0 0 13 0 0 0 0 37 0 0 0 18 0 0 0 0 0 1 0 0 8 0 0 0 0 0 0 0 1 0 0 1 0 2 0 0 24 0 0 1 0 0 0 2 4 0 0 0 0 0 0 0 0 0 13 0 0 0 0 
 0 4 0 0 0 0 0 0 0 1 3 0 0 0 2 0 3 0 0 4 0 0 0 0 0 10 0 0 0 0 0 0 0 0 0 0 0 0 0 0 63 340 104 0 61 32 90 113 184 129 113 94 66 76 116 262 102 247 51 58 0 0 36 0 0 0 0 0 0 0 0 0 82 0 2 0 0 0 0 3 0 0 0 0 0 0 0 0 0 0 0 0 0 0 0 0 0 0 0 0 0 0 0 0 0 0 0 0 0 0 0 0 0 0 0 0 0 0 0 0 0 34 0 66 11 20 36 12 0 20 11 11 10 21 0 8 11 11 0 0 0 10 12 0 0 4 0 0 10 0 0 0 25 0 0 10 0 13 14 0 10 0 0 0 1 0 0 0 0 0 2 0 0 0 0 0 0 0 0 0 0 0 0 0 0 3 0 0 0 0 0 0 0 0 0 0 0 14 0 0 0 0 25 30 1 27 0 19 55 19 19 3 0 16 2 0 10 24 0 0 0 12 13 0 0 15 5 0 0 1 0 0 10 0 0 20 0 15 30 0 0 0 0 0 0 0 0 0 0 0 0 3 0 1 0 0 0 0 0 0 0 0 0 0 0 2 2 0 4 0 0 0 0 0 0 0 0 0 0 0 0 0 0 0 10 0 0 10 1 0 
 0 0 0 0 0 0 0 0 0 0 0 0 0 0 0 0 0 0 0 0 0 0 0 0 1 0 0 0 0 0 4 0 0 0 0 0 0 0 0 3 31 322 279 61 0 388 79 71 133 182 114 84 63 272 133 176 39 63 54 269 2 0 51 4 0 2 25 0 0 14 4 2 99 25 19 0 0 100 23 95 0 0 0 0 0 0 0 0 0 0 0 0 0 0 0 0 0 0 0 0 0 0 0 0 0 0 0 0 0 0 0 0 0 0 0 0 0 0 0 0 0 11 23 24 23 8 0 0 0 11 10 7 0 0 0 18 12 0 0 0 10 17 14 0 8 0 9 9 0 26 0 8 0 10 13 1 7 0 0 6 0 0 0 0 0 0 0 0 0 0 0 0 0 0 0 0 0 0 0 0 0 0 0 2 0 0 0 0 0 0 0 0 0 0 0 0 0 0 0 0 0 5 0 0 9 16 0 0 20 0 0 18 0 0 14 23 40 0 0 0 0 0 11 0 0 0 19 0 23 8 1 0 13 34 0 34 8 9 3 21 0 0 0 0 0 0 0 0 0 0 0 12 0 0 0 0 0 0 0 1 0 0 1 0 1 3 2 5 0 0 10 0 0 0 0 14 0 0 0 0 0 0 0 0 0 11 0 0 0 0 
 0 0 0 0 0 0 0 0 0 0 3 0 10 0 0 0 0 0 0 2 0 3 0 0 0 0 0 0 0 0 3 1 0 0 0 0 0 0 0 1 28 194 37 32 388 0 27 53 41 368 156 54 237 53 342 147 135 136 120 50 57 0 25 0 0 1 49 0 6 7 0 1 0 39 0 0 0 46 51 0 0 0 0 0 0 0 5 0 0 0 1 0 0 0 0 0 0 0 0 5 0 0 0 0 0 0 0 0 0 0 0 0 0 0 0 0 0 0 0 0 0 14 0 30 26 8 0 0 0 10 14 7 0 0 5 14 0 15 0 0 42 0 0 9 0 0 20 13 0 7 0 3 0 62 0 1 18 0 3 22 0 0 0 0 0 0 1 0 0 0 0 0 6 0 0 0 0 0 0 6 0 0 0 0 0 0 0 0 0 0 0 0 0 0 0 0 0 0 0 0 0 0 20 14 21 14 8 3 19 27 7 33 0 0 0 27 0 0 0 0 3 23 0 0 0 0 0 0 7 21 25 0 8 25 0 0 7 0 23 0 0 0 0 0 17 0 0 0 0 0 0 7 0 1 0 0 0 0 0 2 0 14 65 0 4 1 0 54 1 0 27 0 0 0 0 0 0 0 0 0 0 3 0 0 0 25 0 0 1 0 
 0 0 0 0 0 0 0 0 0 0 0 0 4 2 0 0 0 0 0 0 0 0 3 78 26 0 0 0 0 1 4 80 0 0 0 70 0 27 0 2 199 388 223 90 79 27 0 106 304 103 58 33 379 177 313 318 32 46 108 60 0 0 0 0 0 0 0 0 0 0 0 0 0 0 0 0 0 0 0 0 0 0 10 0 0 0 0 0 0 0 0 0 0 0 0 0 0 0 0 0 0 0 0 9 0 9 0 0 20 0 0 0 0 0 0 0 17 0 0 0 13 7 29 20 29 0 3 30 13 0 0 0 6 0 56 25 8 19 1 1 10 0 0 0 0 0 9 0 0 0 0 0 10 0 0 0 0 0 0 0 0 0 0 0 0 0 0 0 0 0 0 0 0 0 0 0 0 6 0 0 0 5 0 31 0 4 0 0 15 7 9 8 0 0 0 0 0 14 0 0 10 9 0 30 8 0 27 11 41 9 2 54 19 12 25 27 47 14 34 16 0 0 0 0 0 0 12 0 0 0 0 0 0 49 0 0 0 0 11 0 0 0 0 0 0 0 0 0 0 0 0 6 0 0 0 0 0 62 0 1 0 0 0 1 1 2 2 0 0 0 0 0 0 0 0 0 0 0 0 0 0 0 0 0 0 0 0 0 2 0 
 0 0 0 0 0 0 0 0 0 0 0 0 0 0 0 0 0 0 0 0 0 2 0 0 0 3 0 0 0 0 0 3 0 0 0 0 0 0 0 4 161 233 171 113 71 53 106 0 162 139 257 27 112 94 108 63 54 118 32 176 0 7 0 0 0 0 0 2 0 0 0 0 54 0 0 2 0 2 55 54 0 0 0 0 0 0 0 0 0 0 0 0 0 0 0 0 0 0 0 0 0 0 0 0 0 0 0 0 0 0 0 0 0 0 0 0 0 0 0 0 0 20 0 7 25 30 29 7 15 18 33 25 0 19 0 3 15 10 0 0 9 0 6 0 0 6 3 8 0 0 0 0 18 0 0 0 8 0 1 18 0 0 0 0 0 0 0 0 0 0 0 0 0 0 0 0 0 0 0 0 0 0 8 0 0 0 0 0 0 0 0 0 0 0 0 0 0 0 0 0 0 12 17 12 10 11 10 0 36 17 11 1 1 0 0 0 18 36 0 0 5 9 23 0 1 0 0 1 0 0 8 0 11 21 0 0 0 0 19 10 0 0 0 0 0 0 0 0 0 0 0 7 0 2 0 0 0 0 0 0 0 0 0 0 68 11 0 4 0 0 0 0 0 0 0 0 0 0 0 0 0 0 0 0 24 0 0 0 2 0 
 0 0 2 0 0 0 0 5 0 0 0 0 2 1 0 0 2 0 2 0 0 0 0 0 1 0 0 0 3 0 0 0 2 0 0 0 0 0 0 6 30 53 173 184 133 41 304 162 0 115 312 243 292 109 253 217 111 369 65 130 0 0 0 0 0 2 0 0 0 0 0 49 0 0 0 0 0 0 1 0 0 0 0 0 0 0 0 0 0 0 0 0 0 0 0 0 0 0 0 0 0 0 0 0 0 0 0 0 0 0 0 0 0 0 0 0 0 0 0 0 0 75 13 18 4 11 0 20 34 10 0 56 8 16 12 25 31 0 11 0 0 0 0 0 0 0 10 0 0 0 0 0 20 0 0 0 0 0 0 16 0 0 0 0 7 5 0 0 0 0 0 0 0 0 0 0 0 4 0 0 11 0 0 0 0 0 0 0 0 0 0 0 0 0 0 0 0 0 0 0 0 26 11 0 0 4 0 10 21 9 9 30 22 0 10 44 18 11 18 0 0 0 14 0 0 0 0 0 0 0 0 0 12 0 0 17 0 0 0 0 0 0 0 0 0 0 0 0 0 1 0 3 0 0 0 0 0 0 0 40 0 0 0 67 1 4 1 0 1 0 0 0 0 0 0 0 0 0 0 0 0 0 0 0 1 13 0 0 0 0 
 0 0 0 0 0 0 0 0 0 0 2 0 0 0 0 38 0 0 0 2 0 0 0 0 0 0 0 0 0 0 0 0 0 0 0 0 0 0 0 4 26 265 396 129 182 368 103 139 115 0 289 95 56 142 74 93 184 133 70 66 7 0 0 11 0 3 0 0 0 7 4 3 26 54 0 0 18 0 1 51 0 0 0 0 0 0 0 0 0 0 0 0 0 0 0 0 0 0 0 37 6 0 0 0 0 0 0 0 0 0 0 0 0 0 0 0 0 0 0 0 0 1 0 0 6 1 0 0 0 12 0 0 0 0 8 6 10 80 0 0 11 0 0 0 5 0 0 0 0 0 0 14 0 0 0 0 0 0 8 0 0 0 0 0 0 0 0 0 0 0 0 0 0 0 0 0 0 0 0 0 0 0 0 0 0 0 0 0 0 0 0 0 0 0 0 0 0 0 0 0 0 0 50 18 18 0 1 8 7 30 3 0 0 0 0 0 0 0 0 0 8 7 0 0 0 0 19 0 0 0 0 0 0 25 0 10 0 0 44 11 0 0 0 0 0 0 0 0 0 0 0 17 0 0 0 0 0 0 0 13 0 0 72 0 0 3 0 23 0 0 6 0 0 0 0 3 0 0 0 0 0 0 0 0 0 0 0 2 0 0 
 0 10 0 0 0 0 0 0 0 0 0 0 6 3 3 0 0 0 0 4 0 0 0 0 1 0 0 0 0 2 5 0 0 0 0 0 0 0 0 3 101 36 121 113 114 156 58 257 312 289 0 93 260 57 133 395 248 176 50 57 2 0 4 5 0 0 4 4 0 0 0 0 56 0 19 0 0 4 56 0 0 0 0 0 0 15 0 1 0 0 0 0 0 0 0 0 0 0 0 0 0 0 0 0 0 0 1 0 0 0 0 0 0 0 0 0 14 0 0 0 11 19 8 14 11 10 1 6 5 0 3 4 1 25 6 29 5 14 0 0 10 1 0 0 0 0 0 0 18 11 0 11 31 7 21 0 0 14 5 2 17 0 0 0 0 0 0 0 0 0 0 9 0 0 0 0 0 0 0 0 0 0 0 0 0 0 0 0 0 0 0 0 0 0 0 0 0 0 0 0 0 0 19 10 27 51 0 13 15 36 0 0 0 9 1 1 0 10 0 0 0 23 0 0 0 0 10 0 0 0 0 0 10 10 1 40 0 0 19 29 0 0 0 0 0 0 0 0 0 0 0 6 0 0 0 0 0 0 0 8 0 0 10 1 0 0 3 0 4 0 2 0 0 0 0 0 0 0 0 0 0 0 0 0 0 0 0 10 0 0 
 0 0 0 0 1 0 0 0 0 0 0 0 0 0 0 0 0 1 0 0 3 4 3 65 3 3 3 3 3 3 3 61 3 3 3 3 3 3 3 5 38 101 60 94 84 54 33 27 243 95 93 0 52 32 97 31 85 84 22 256 5 0 4 0 3 0 1 1 0 5 6 1 0 0 154 0 0 0 7 93 0 14 0 0 0 0 0 0 0 0 0 0 0 0 0 0 0 0 0 0 0 0 0 0 0 0 0 0 0 0 0 0 0 0 0 0 0 0 0 0 0 15 0 9 31 48 0 7 0 9 55 18 0 1 12 10 6 7 0 0 20 0 0 0 0 2 0 0 19 9 8 35 0 55 4 15 5 23 10 8 0 0 0 0 0 0 0 0 0 0 2 0 0 0 0 0 0 0 0 0 0 0 0 0 0 0 0 0 0 0 0 0 0 11 0 0 0 0 0 0 0 0 0 0 57 8 1 0 0 7 21 20 0 0 0 0 0 0 0 0 0 39 0 0 0 2 0 0 0 0 0 0 2 9 0 20 0 0 0 21 0 0 0 0 0 0 0 0 0 0 0 7 0 1 0 0 0 0 0 0 0 1 0 0 0 4 4 33 0 0 0 0 0 0 0 0 0 0 0 0 0 3 0 0 0 3 0 19 1 0 
 0 0 0 0 0 0 0 0 0 0 38 0 0 0 0 0 0 0 0 0 0 314 0 63 128 57 3 0 12 75 129 64 200 5 9 80 0 64 60 4 45 342 125 66 63 237 379 112 292 56 260 52 0 170 254 27 94 258 124 126 202 5 0 0 0 0 0 0 0 0 0 0 0 0 0 0 0 0 0 5 0 0 0 0 0 0 0 0 0 0 0 0 0 0 10 0 0 0 0 0 3 0 9 13 0 2 0 0 10 4 0 8 0 0 4 0 0 0 0 0 15 17 33 12 0 0 6 0 8 0 0 0 8 0 10 10 0 1 31 3 0 0 0 0 0 0 0 0 6 11 6 0 0 0 0 0 0 0 0 12 0 0 0 0 0 1 0 0 0 0 0 0 0 0 0 0 0 0 0 0 0 0 0 0 13 16 4 1 4 0 7 11 0 10 0 0 3 3 0 0 27 10 13 10 0 0 10 42 0 0 12 1 19 24 13 9 0 0 16 24 0 0 0 0 0 0 0 0 0 0 0 0 0 0 0 0 0 0 0 0 0 0 7 0 0 0 0 0 0 0 0 7 0 0 0 0 0 62 1 2 1 0 2 0 2 2 4 0 0 0 0 0 0 0 0 0 0 0 0 0 0 0 0 0 0 0 0 0 0 0 
 0 0 0 0 0 0 0 0 0 0 0 0 0 0 0 0 0 0 0 0 0 0 0 43 62 0 0 0 0 0 0 30 0 0 0 3 0 62 0 3 229 94 192 76 272 53 177 94 109 142 57 32 170 0 131 275 47 40 150 158 0 0 0 0 0 0 0 48 0 0 0 0 0 0 0 0 0 0 0 0 0 0 0 0 0 0 0 0 0 0 0 0 0 0 0 0 0 0 0 0 0 14 0 3 0 0 0 0 0 0 0 0 0 0 0 0 0 0 0 0 45 1 21 0 10 0 29 21 4 0 6 19 14 5 22 11 0 22 17 37 10 0 0 0 0 0 0 0 6 0 43 23 9 0 0 0 0 0 0 0 0 0 0 0 0 0 0 0 0 0 0 0 0 0 0 0 0 0 0 0 0 0 0 18 0 0 0 0 0 0 1 7 0 0 0 0 0 0 0 0 3 0 14 30 8 0 17 22 0 10 1 3 11 18 44 15 8 38 26 64 0 0 0 0 0 0 15 0 0 0 0 0 0 11 0 0 0 0 46 0 0 0 0 0 0 0 0 0 0 0 0 7 0 1 0 0 0 31 0 0 0 0 0 1 75 0 2 0 0 0 0 0 0 0 0 0 0 0 0 0 0 0 0 0 5 0 0 0 1 0 
 3 3 3 59 3 3 3 5 3 3 2 3 6 3 3 3 3 3 2 3 0 0 0 2 62 0 0 0 0 0 55 2 0 0 0 0 0 0 0 2 99 85 136 116 133 342 313 108 253 74 133 97 254 131 0 199 49 89 42 191 51 0 0 0 0 2 0 0 0 0 0 0 0 0 0 0 0 0 51 0 0 0 0 0 0 0 0 0 0 0 0 0 0 0 0 0 0 0 0 0 0 0 0 0 0 0 0 0 0 0 0 0 0 0 0 0 0 0 0 0 0 0 25 0 19 0 4 0 12 0 10 0 0 11 17 21 15 0 0 0 0 0 0 0 0 0 0 0 0 0 4 0 7 0 0 0 0 0 0 0 0 0 0 0 0 2 0 0 0 0 0 0 0 0 0 0 0 0 0 0 0 0 0 0 10 10 0 0 0 0 0 6 0 0 0 0 0 0 0 0 10 30 10 8 0 24 0 19 8 25 0 0 1 8 13 1 2 11 0 0 0 10 0 0 0 0 0 0 0 0 0 0 15 0 0 0 0 0 0 0 0 0 0 0 0 0 0 0 0 0 0 5 0 0 0 0 0 0 0 0 0 0 2 0 66 0 0 0 0 0 0 0 0 0 0 0 0 1 0 0 0 0 0 0 0 13 0 0 0 1 
 0 0 0 0 0 0 0 0 0 0 0 0 0 0 0 0 0 0 0 3 37 0 5 3 1 0 0 0 0 0 6 0 0 0 0 0 0 6 0 0 59 119 44 262 176 147 318 63 217 93 395 31 27 275 199 0 369 115 60 288 1 0 0 0 3 0 0 0 0 0 2 0 0 0 0 0 10 3 19 0 0 0 0 0 0 0 0 0 0 0 0 0 0 0 0 0 0 0 11 0 0 2 0 2 0 4 0 0 8 0 0 0 0 0 0 0 8 6 0 0 6 11 17 1 20 10 2 0 24 24 35 9 12 55 2 26 3 10 8 0 0 0 0 0 0 0 0 0 0 0 0 0 14 0 0 0 0 0 0 9 0 0 0 0 4 3 0 0 0 0 0 0 0 0 0 0 0 3 0 0 0 4 0 4 0 1 13 0 3 10 0 3 0 0 0 15 0 0 0 0 6 24 0 0 29 27 0 6 11 20 0 20 48 0 34 16 13 9 17 0 0 12 0 0 0 0 0 0 0 0 0 0 10 10 0 0 0 0 0 0 0 0 0 0 0 0 0 0 0 0 0 5 0 1 0 0 0 0 0 16 0 0 68 68 74 2 4 4 1 0 7 0 0 0 0 0 0 0 0 0 0 0 0 0 0 0 0 0 0 0 
 2 2 2 2 0 2 3 0 0 2 6 2 2 2 0 2 2 0 7 5 3 4 3 3 4 67 3 5 3 3 5 4 4 5 3 3 3 3 5 5 104 252 401 102 39 135 32 54 111 184 248 85 94 47 49 369 0 66 256 125 35 0 2 0 2 0 5 0 8 0 0 0 53 2 7 0 0 1 50 3 0 0 0 0 0 0 0 0 0 0 0 13 0 0 0 0 0 0 0 0 0 0 0 0 0 0 0 0 0 0 0 0 0 14 0 0 0 0 0 0 12 7 11 9 10 0 0 16 0 0 0 1 0 0 11 39 10 12 0 0 10 0 0 13 2 8 0 0 0 4 2 20 13 0 3 3 0 5 0 0 0 0 0 0 0 0 0 0 0 0 0 0 0 0 0 0 0 0 0 0 0 0 0 0 0 0 13 0 0 0 0 0 0 0 0 0 0 0 0 0 0 0 10 11 20 39 1 10 0 22 12 1 1 0 1 16 2 11 0 1 0 11 0 4 0 2 11 5 8 1 0 8 0 22 0 14 0 3 11 6 0 0 11 0 0 0 0 0 0 0 0 10 0 0 0 0 0 0 0 11 0 0 27 1 0 0 10 0 0 0 10 0 0 0 0 0 0 0 0 0 0 0 0 0 0 0 0 0 0 2 
 2 0 0 0 0 0 0 0 0 1 3 0 0 1 0 0 35 0 0 0 3 4 3 2 3 3 2 3 2 3 5 3 2 3 3 3 3 2 1 3 99 127 226 247 63 136 46 118 369 133 176 84 258 40 89 115 66 0 44 134 0 0 0 5 0 5 0 0 0 9 5 9 0 43 0 0 4 0 52 0 0 0 0 0 0 0 0 0 0 0 0 0 0 0 0 0 0 0 1 0 0 0 0 0 0 0 0 0 0 0 0 0 0 0 0 0 13 0 0 0 0 28 0 6 25 16 13 10 33 13 17 10 0 10 9 0 20 25 0 0 9 0 0 0 4 7 0 0 0 0 2 0 30 0 0 0 0 0 8 10 0 0 8 0 0 0 0 0 0 0 0 0 0 0 0 0 0 0 0 0 0 0 0 0 0 0 12 0 0 0 0 0 0 0 0 0 0 0 3 0 0 12 40 34 0 20 10 22 43 30 12 0 0 0 0 0 15 46 0 0 8 0 0 0 0 2 19 0 0 0 0 0 4 9 0 0 0 0 36 10 0 0 0 0 0 0 0 0 0 0 0 11 0 0 0 0 0 0 0 11 62 0 4 0 0 14 0 0 0 0 0 0 0 0 0 2 0 0 0 0 0 0 0 0 19 0 0 1 0 0 
 3 3 3 3 3 3 3 9 3 3 3 3 6 3 3 3 3 3 3 3 2 56 101 188 66 33 4 2 26 200 2 133 2 5 2 140 25 4 2 7 58 104 34 51 54 120 108 32 65 70 50 22 124 150 42 60 256 44 0 65 0 0 0 0 0 48 0 6 0 0 0 0 0 0 0 0 0 0 0 0 0 0 0 0 0 0 0 0 0 0 0 0 0 0 0 0 0 0 0 0 4 0 14 17 10 21 0 0 0 13 7 0 0 0 2 0 0 13 0 0 11 0 12 0 0 0 7 20 28 0 0 1 14 0 0 0 0 0 31 35 0 0 0 0 0 0 0 0 3 0 2 0 0 0 0 0 0 0 0 2 0 0 0 0 0 0 0 0 0 0 0 0 0 0 0 0 0 0 0 0 0 28 0 10 28 0 4 11 14 0 7 7 1 0 0 0 5 30 0 0 29 3 7 0 0 0 14 16 0 0 0 0 32 30 23 0 0 0 19 6 0 0 0 0 0 0 0 0 0 0 0 0 0 7 0 0 0 0 0 0 0 0 0 0 0 0 0 0 0 0 0 1 0 0 0 0 0 125 24 0 14 0 0 0 0 0 0 0 1 0 0 0 0 0 0 0 0 0 0 0 0 0 0 0 0 21 22 0 0 0 
 0 60 0 0 0 0 0 0 0 0 0 0 1 0 0 0 0 0 2 0 2 2 2 2 62 2 2 2 2 2 68 2 2 2 2 2 20 2 2 6 103 74 117 58 269 50 60 176 130 66 57 256 126 158 191 288 125 134 65 0 13 0 11 0 3 2 0 0 9 0 5 0 0 0 6 0 0 0 0 0 0 0 0 0 0 0 0 0 8 0 0 0 0 0 0 0 0 0 0 0 0 0 0 0 11 0 0 0 0 0 0 0 0 0 0 0 0 0 0 0 10 42 6 24 21 11 25 8 1 10 9 42 0 34 0 9 9 0 18 1 0 0 0 31 0 64 0 0 0 4 3 7 16 0 0 0 0 8 0 0 0 0 0 0 4 5 0 0 0 0 9 17 0 0 0 0 0 2 0 0 0 0 0 1 0 6 0 0 1 0 0 0 0 0 0 0 0 0 0 0 7 10 18 9 1 26 0 18 39 7 10 9 11 17 0 10 9 19 33 0 0 0 0 0 0 2 0 0 1 0 0 2 9 0 0 0 0 0 0 0 0 0 0 0 0 0 0 0 0 0 0 1 0 0 0 0 0 1 1 0 0 0 0 1 2 1 1 0 0 0 0 0 0 0 0 0 0 0 0 0 0 0 0 0 20 0 0 0 2 0 
 2 2 2 2 2 2 2 2 2 6 2 2 2 2 55 2 4 2 5 2 0 0 0 0 0 0 0 0 0 1 0 0 0 0 0 0 0 0 0 9 0 0 0 0 2 57 0 0 0 7 2 5 202 0 51 1 35 0 0 13 0 395 447 116 306 53 215 85 209 67 41 27 343 182 101 138 62 80 125 110 0 0 0 0 0 0 0 0 0 9 0 0 0 0 0 0 0 0 0 0 0 0 0 0 0 0 0 0 0 0 0 0 0 0 0 0 0 0 0 0 0 0 0 0 0 0 0 0 0 0 0 0 0 0 0 0 0 0 0 0 11 19 0 25 2 28 33 11 22 13 2 19 6 5 0 14 3 32 0 5 0 0 0 0 0 0 0 0 7 0 0 0 0 0 0 0 0 0 0 0 0 0 0 0 0 0 0 0 0 0 0 0 0 0 0 0 0 0 0 0 0 0 0 0 0 0 0 0 0 0 0 0 0 0 0 0 0 0 0 0 2 3 14 27 12 24 0 3 31 1 18 43 0 0 13 0 6 19 0 0 19 0 0 15 0 0 0 0 0 0 0 0 0 29 9 0 23 0 0 0 0 0 1 53 0 0 15 2 0 0 16 0 0 11 4 1 0 0 0 0 0 0 0 0 0 0 0 0 1 0 
