 0 188 231 29 27 126 38 140 120 273 324 43 151 144 270 43 28 88 214 344 2 2 0 0 1 0 0 2 0 0 0 0 0 2 0 0 0 0 3 0 2 0 0 0 0 0 0 0 0 0 0 3 4 0 0 0 3 34 0 0 3 0 41 0 3 0 50 3 0 0 0 0 0 0 0 3 0 3 2 3 14 68 38 0 0 8 5 13 28 15 4 14 0 37 43 36 0 12 49 4 0 0 0 0 0 0 0 0 0 0 0 0 4 0 0 0 0 0 28 1 0 0 0 0 0 0 0 0 0 0 0 0 0 0 0 0 0 0 0 0 1 0 0 0 5 0 0 0 0 0 0 1 0 5 12 5 0 0 0 6 6 11 13 10 39 0 0 24 0 7 6 0 23 0 15 31 19 0 5 29 0 1 0 0 0 0 0 0 0 0 0 0 0 0 0 0 0 0 21 0 0 0 0 1 0 0 2 0 0 0 8 0 0 0 0 0 0 0 0 16 0 0 0 0 0 0 0 0 0 0 0 0 0 0 0 0 0 1 0 1 0 0 0 0 0 0 0 0 2 0 0 13 0 0 0 0 0 0 0 0 0 0 0 0 0 0 0 0 0 0 0 0 0 0 0 1 0 0 0 0 0 0 0 0 0 0 0 0 0 0 
 188 0 75 130 246 261 218 128 116 304 166 44 51 412 97 116 298 56 33 281 0 0 2 0 0 0 0 1 2 0 0 0 0 2 0 1 0 0 117 0 2 0 0 0 0 0 0 0 0 0 0 2 4 0 0 1 4 1 0 0 3 0 0 0 2 0 0 3 0 1 0 0 0 0 0 2 0 3 2 3 35 30 12 23 0 12 8 10 34 28 9 27 10 15 9 43 0 22 60 1 0 0 0 0 0 0 0 0 0 0 0 0 0 10 0 0 0 0 0 0 0 0 0 0 0 0 0 0 0 0 0 0 19 0 0 0 0 0 0 0 0 0 0 11 0 0 0 0 0 0 0 0 0 0 0 4 0 14 0 5 0 11 19 12 46 0 0 1 14 0 0 13 0 0 24 19 6 14 0 14 0 0 0 0 0 0 0 0 0 0 0 0 0 1 0 0 0 0 0 0 0 0 0 0 0 0 0 0 0 0 0 0 0 0 0 0 0 0 0 0 0 0 0 0 0 0 0 0 0 0 0 0 0 0 0 0 0 0 0 0 0 0 0 0 0 0 1 0 49 0 0 16 21 0 0 0 0 0 0 0 0 0 0 0 0 0 0 0 0 0 0 0 0 0 0 0 0 0 0 0 0 0 0 0 0 0 0 0 0 0 
 231 75 0 111 51 143 353 227 217 114 56 211 278 115 224 110 136 132 189 186 76 1 2 0 0 2 1 0 1 2 4 0 3 4 2 1 0 0 5 0 5 0 0 1 0 0 1 0 0 3 0 47 8 0 0 1 6 6 0 3 3 0 0 2 5 2 0 3 0 2 0 0 6 0 2 2 1 10 2 3 30 10 0 11 0 19 3 19 0 11 43 41 5 10 14 12 16 0 35 40 0 0 0 0 0 0 0 0 0 12 0 0 35 0 0 0 0 0 0 0 0 0 0 0 0 0 0 0 0 0 0 0 0 0 0 0 0 0 0 0 0 0 0 0 0 0 0 0 0 0 0 0 0 3 8 0 0 0 1 2 10 8 0 0 0 0 2 0 16 4 16 0 36 25 8 0 16 11 18 0 0 0 0 0 0 2 10 0 0 0 0 0 0 0 2 0 0 0 22 0 0 0 0 0 0 0 0 0 17 0 0 5 0 0 0 0 0 0 0 0 0 0 0 0 0 0 0 2 0 0 0 0 1 0 0 0 3 0 0 0 0 0 0 0 0 0 47 0 2 92 0 9 0 0 0 0 0 0 0 0 0 0 0 0 0 0 0 0 0 0 1 0 0 0 0 22 9 0 0 0 0 0 0 0 0 0 0 0 0 0 
 29 130 111 0 354 21 81 98 85 215 147 160 78 354 117 293 86 316 393 63 168 2 0 0 0 0 159 3 6 0 0 0 324 6 0 1 0 0 43 38 2 0 0 0 0 11 0 0 1 0 1 4 2 0 0 2 5 3 0 0 3 0 0 0 2 0 0 3 0 0 0 0 0 0 0 2 0 3 2 4 28 9 0 40 19 6 0 0 41 14 10 14 0 0 0 38 26 9 0 0 0 0 0 0 0 0 33 16 0 0 0 0 0 16 0 0 0 0 0 0 0 0 0 0 0 0 0 0 0 0 0 0 0 0 0 0 0 0 0 2 0 0 0 0 0 0 0 0 0 0 0 0 0 2 0 0 0 6 2 0 8 19 10 16 0 0 0 11 6 46 15 9 0 0 9 1 0 14 4 13 23 25 0 0 1 0 0 0 17 5 0 0 19 0 0 0 0 0 0 15 0 0 0 0 0 0 0 0 0 0 0 0 0 0 0 0 0 0 0 0 0 0 0 0 0 0 0 0 0 0 0 0 0 0 0 0 0 0 0 0 0 16 0 0 0 1 3 1 5 0 0 8 15 0 0 0 0 0 0 0 0 0 7 0 0 0 0 0 0 0 0 0 0 0 0 17 0 15 0 0 0 0 0 0 0 1 0 0 0 0 
 27 246 51 354 0 300 30 63 46 239 88 373 55 62 46 123 270 95 55 92 62 84 0 3 0 0 74 77 24 2 0 0 204 71 124 73 0 0 130 16 62 0 0 1 65 0 0 0 0 0 0 4 1 0 0 0 9 0 0 0 3 0 0 0 3 0 11 3 0 0 0 0 2 0 0 3 63 3 2 8 0 0 20 18 77 26 0 0 0 11 18 23 0 0 0 0 0 0 0 0 15 0 1 5 0 0 25 0 0 19 13 0 10 19 22 14 1 4 39 15 0 0 0 0 0 0 0 0 0 0 0 0 0 0 0 0 0 0 0 0 0 0 0 0 0 0 6 0 0 0 0 0 0 0 0 0 0 0 0 0 0 0 0 15 16 34 0 0 0 0 42 18 0 0 2 76 0 0 0 1 0 18 0 0 0 0 23 0 29 12 0 29 12 1 17 33 22 0 18 49 0 0 0 0 0 0 0 0 0 0 0 0 0 5 0 0 0 0 0 0 0 0 0 0 0 0 0 0 0 0 0 0 0 0 0 0 0 0 0 0 0 14 0 0 0 3 1 2 5 2 15 6 0 0 0 0 0 6 0 2 17 0 10 0 20 0 0 0 0 0 0 0 2 0 0 0 12 0 0 0 0 0 0 0 0 0 0 0 0 0 
 126 261 143 21 300 0 26 67 100 198 212 232 48 45 161 53 135 151 44 291 76 0 0 0 0 40 34 158 3 59 89 0 0 4 73 0 2 0 3 0 3 0 0 0 0 0 0 0 0 0 0 61 0 0 0 0 3 6 0 0 3 0 0 0 3 0 0 6 51 0 20 0 0 0 11 3 0 45 3 4 0 0 16 52 0 15 0 3 0 7 17 22 0 0 0 0 9 13 0 0 0 30 10 0 0 2 8 0 11 0 0 0 25 0 11 10 1 9 0 38 0 0 0 0 0 0 0 0 0 15 0 0 0 0 0 0 0 0 0 0 0 0 0 0 0 0 0 0 0 0 0 0 0 3 8 0 0 0 1 2 0 0 0 0 19 17 0 0 0 0 1 0 0 0 0 24 3 0 0 0 18 0 9 0 0 0 34 18 0 0 0 0 5 9 25 0 2 6 59 16 0 0 0 0 0 0 0 0 0 0 2 0 1 0 2 0 0 0 0 0 1 0 0 2 0 0 0 0 0 0 0 0 2 0 0 0 0 0 0 0 0 0 0 0 0 4 1 0 6 2 15 12 1 0 0 0 0 0 0 0 0 0 0 0 0 0 0 0 0 0 0 0 0 0 0 22 7 0 0 0 0 0 0 0 0 0 0 0 0 0 
 38 218 353 81 30 26 0 193 147 42 49 319 68 277 44 363 226 74 49 235 1 0 79 0 0 0 0 3 0 0 0 2 1 5 3 4 74 71 3 0 2 0 3 0 0 0 0 5 0 0 2 2 2 0 0 1 7 4 0 0 5 0 0 0 5 0 1 10 0 1 2 0 4 0 0 2 0 5 2 3 33 31 30 23 11 0 49 23 0 14 10 0 9 14 0 2 11 24 44 9 0 13 0 0 0 0 3 0 0 0 0 0 0 0 0 0 0 0 0 0 0 0 0 0 0 0 0 14 0 0 0 0 13 0 0 0 0 0 0 0 0 0 0 0 0 0 0 0 1 0 0 0 0 0 0 0 0 0 0 0 14 18 11 5 1 0 0 47 22 3 15 5 40 15 0 0 0 16 16 20 0 0 0 0 0 0 0 0 0 0 0 0 0 0 0 0 0 0 0 0 0 0 0 0 0 0 0 0 0 0 0 0 0 0 0 0 0 0 0 0 0 0 0 0 0 0 0 0 0 0 0 0 0 0 0 0 0 0 0 0 0 0 0 0 0 0 2 0 5 0 0 5 0 0 0 0 0 0 0 0 0 0 0 0 0 0 0 0 0 0 0 0 0 0 0 0 10 0 0 0 0 0 0 0 0 0 0 0 0 0 
 140 128 227 98 63 67 193 0 99 118 331 30 270 174 51 56 44 34 285 58 0 0 0 0 0 1 1 3 0 0 2 0 0 2 0 2 0 0 243 0 3 0 0 0 0 0 0 0 0 2 0 66 2 0 0 8 4 1 2 0 3 2 0 4 3 0 0 3 0 0 50 0 5 0 0 8 2 6 2 18 14 0 8 5 13 14 7 15 35 52 0 22 3 14 38 36 0 10 21 0 0 8 0 0 12 0 0 0 0 0 0 0 13 7 0 0 0 0 0 0 0 0 0 0 0 0 0 0 0 0 0 0 0 0 0 0 0 0 0 0 0 0 0 0 0 0 0 1 0 1 0 0 0 1 1 0 0 0 1 0 9 11 13 0 0 0 0 22 0 7 8 0 23 13 22 0 0 7 1 44 0 0 0 1 0 0 0 0 2 0 0 0 0 0 0 0 0 2 0 1 0 0 0 0 0 0 0 0 0 0 0 0 0 0 0 0 0 0 0 2 0 0 0 0 0 1 0 0 0 0 0 0 0 0 0 0 0 0 0 0 0 0 0 0 2 0 2 0 0 1 1 9 25 0 0 0 2 0 0 0 0 0 0 0 0 0 0 0 0 0 0 0 0 0 0 0 15 0 0 0 0 0 0 0 0 0 0 0 0 0 
 120 116 217 85 46 100 147 99 0 246 129 120 162 137 168 48 37 329 297 115 83 0 0 0 4 1 0 4 0 0 0 1 2 2 0 2 6 2 57 1 9 0 0 0 7 0 0 0 0 3 0 67 1 0 8 3 3 2 0 0 3 0 2 0 3 0 0 6 3 0 0 0 51 0 0 3 0 3 2 3 53 0 56 10 19 11 0 5 20 64 82 45 0 0 0 31 0 16 0 16 12 0 0 0 0 0 7 0 0 0 0 0 24 7 0 0 0 0 0 0 0 0 0 0 0 0 0 0 0 0 0 0 0 0 0 0 0 0 0 1 0 0 0 0 0 42 0 0 0 0 0 0 0 9 5 0 0 0 1 2 0 0 1 0 2 23 0 0 0 13 1 1 0 9 25 11 10 11 0 13 0 0 9 0 0 0 30 0 0 0 0 1 3 0 0 0 0 0 27 0 0 0 0 0 0 0 0 0 0 0 0 0 0 0 0 0 0 0 0 0 0 0 0 0 0 0 0 0 0 0 0 0 0 1 0 0 0 0 0 0 0 0 0 0 0 1 18 0 1 5 27 12 15 0 0 0 0 0 0 0 0 0 0 0 2 0 0 0 0 0 0 0 2 0 0 22 11 0 0 0 0 0 0 11 0 0 0 0 0 0 
 273 304 114 215 239 198 42 118 246 0 464 344 36 298 186 71 156 302 55 96 1 3 0 2 2 79 0 1 3 3 2 0 5 2 2 0 0 0 142 0 6 0 0 1 0 0 3 0 0 0 0 3 3 0 0 0 8 58 0 0 2 0 0 0 3 0 0 3 0 0 0 3 0 0 2 3 2 3 3 2 14 10 29 36 0 28 8 24 8 20 34 43 13 22 19 37 18 21 13 0 1 0 0 0 0 15 15 0 0 0 0 0 20 0 0 0 0 0 54 0 0 0 0 0 0 0 0 0 0 0 0 0 0 0 0 0 0 0 0 0 0 0 0 0 0 0 0 0 0 0 0 0 0 26 14 13 0 0 0 3 0 0 14 32 36 11 0 0 14 0 0 0 0 0 16 24 31 0 0 23 0 0 0 0 0 0 17 0 0 0 0 0 1 0 0 0 0 0 25 0 0 0 0 0 0 0 0 20 0 0 0 0 0 0 0 0 0 0 0 0 0 0 0 0 0 0 0 0 0 0 0 0 0 0 0 0 0 0 0 0 0 0 0 0 0 6 1 2 3 1 17 7 0 0 1 0 0 0 0 0 0 0 0 0 0 0 0 0 0 0 0 0 0 0 0 1 0 0 0 0 0 0 0 0 0 0 0 0 0 0 
 324 166 56 147 88 212 49 331 129 464 0 101 24 55 176 152 204 74 91 80 37 76 0 0 3 2 21 150 0 0 2 4 4 128 0 77 1 3 155 0 4 0 0 0 2 0 3 3 0 0 0 3 3 1 6 4 2 61 0 0 3 2 0 0 2 0 6 2 0 2 0 0 0 0 6 2 2 10 2 3 10 0 0 0 0 18 0 0 0 0 0 54 0 0 0 29 16 1 0 0 9 0 0 11 0 0 0 15 0 9 0 0 15 0 0 0 0 10 14 26 0 0 0 0 0 0 0 0 0 0 0 0 0 0 0 12 0 1 0 0 0 0 0 0 0 0 2 0 0 0 0 0 0 0 0 0 0 4 5 0 0 0 9 27 14 13 0 0 1 0 8 16 0 0 11 0 8 0 2 9 0 13 0 0 0 0 0 19 1 0 0 0 10 15 0 0 0 0 0 20 0 0 0 0 0 0 0 0 0 23 0 0 1 0 0 1 0 0 0 0 0 0 0 0 0 0 0 0 0 0 0 0 0 0 0 0 0 0 0 0 0 2 0 0 0 0 53 0 1 94 0 6 4 0 0 0 0 0 0 0 0 0 0 0 0 0 0 0 0 1 0 0 0 11 2 0 20 1 0 0 0 0 0 0 0 0 0 0 0 0 
 43 44 211 160 373 232 319 30 120 344 101 0 35 30 78 39 73 344 25 30 76 2 0 2 0 0 74 1 0 3 0 0 24 81 0 0 2 0 11 1 2 0 0 0 0 73 0 65 0 0 0 68 2 0 0 1 21 2 0 2 4 0 0 0 2 0 1 9 1 1 0 0 0 0 0 4 0 4 2 3 28 0 0 34 20 19 0 15 16 18 13 35 0 0 0 0 22 0 0 0 9 11 0 0 0 0 10 0 0 0 0 0 51 23 0 0 6 9 26 14 0 0 0 0 0 0 0 0 0 0 0 0 0 0 0 0 0 0 0 0 0 0 0 0 0 0 0 0 0 0 0 0 0 24 19 4 0 0 0 6 0 0 0 15 113 0 0 0 12 13 16 17 0 0 0 18 81 0 0 0 0 0 0 0 0 0 14 20 0 0 0 0 10 17 0 0 0 0 35 0 0 0 0 0 0 0 0 0 0 0 0 0 0 0 0 0 0 0 0 0 0 0 0 0 0 0 0 15 0 0 0 0 0 0 0 0 0 0 0 0 0 11 0 0 0 2 1 0 0 84 0 10 37 0 0 0 0 0 0 0 0 0 0 0 0 0 0 0 0 0 0 0 0 0 0 4 27 0 0 0 0 0 0 0 0 0 0 0 0 0 
 151 51 278 78 55 48 68 270 162 36 24 35 0 179 95 58 89 35 112 366 0 0 0 0 2 0 0 2 0 2 0 2 0 4 0 0 1 0 3 2 2 0 0 0 0 1 0 0 0 0 0 3 1 0 0 0 3 63 0 0 3 0 0 0 3 0 0 3 0 0 0 0 0 0 0 3 0 3 3 3 0 12 10 1 7 1 2 0 19 24 17 0 0 12 42 17 0 17 15 36 0 0 0 0 0 0 0 1 0 0 0 0 0 0 0 0 0 0 14 0 0 0 0 0 0 0 1 0 0 0 0 8 0 0 1 0 0 0 0 0 0 0 0 16 0 1 0 0 0 0 0 0 0 0 0 0 0 0 0 0 10 1 16 32 0 0 2 25 0 51 0 9 20 30 17 25 60 7 0 27 0 0 0 0 0 0 1 0 0 0 0 2 10 0 0 0 0 0 0 0 0 0 0 0 0 0 0 0 0 0 0 0 0 0 0 0 0 0 0 0 0 0 0 0 2 0 0 0 0 0 0 0 0 0 0 0 0 0 0 0 0 0 0 0 0 4 89 0 0 0 0 11 0 0 0 0 0 0 0 0 0 0 0 0 0 0 0 0 0 0 0 0 0 0 0 13 0 0 0 0 0 0 0 0 0 0 0 0 0 0 
 144 412 115 354 62 45 277 174 137 298 55 30 179 0 316 54 222 325 199 236 0 1 0 0 0 0 0 1 0 2 0 1 0 2 0 3 2 0 3 2 2 0 0 0 0 0 0 0 0 0 0 2 2 0 0 1 3 0 0 0 3 0 0 0 2 0 0 3 0 1 0 29 4 0 0 2 0 3 2 3 18 20 37 21 0 0 43 39 65 7 1 0 11 31 37 26 0 56 49 0 0 0 0 0 0 0 1 0 0 0 0 0 0 0 0 0 0 0 0 0 0 0 0 0 0 0 0 0 0 0 0 0 0 0 0 0 0 0 0 0 0 0 0 0 0 12 0 1 0 0 0 0 0 0 0 0 12 0 0 0 15 44 18 25 17 0 1 0 8 22 24 20 14 29 11 17 0 34 0 10 0 0 0 0 0 0 0 0 0 0 0 0 0 0 0 0 0 0 0 0 0 0 0 0 0 0 0 0 0 0 0 0 0 0 0 0 0 0 0 0 0 0 0 0 0 0 0 0 0 0 0 0 0 0 0 0 0 0 0 0 0 0 0 0 0 0 2 2 88 0 2 19 0 0 0 0 0 0 0 0 0 0 0 0 0 0 0 0 0 0 0 0 0 0 0 0 0 0 0 0 0 0 0 0 0 0 0 0 0 0 
 270 97 224 117 46 161 44 51 168 186 176 78 95 316 0 160 126 173 83 182 1 205 2 3 0 7 2 1 10 0 2 0 0 2 0 2 0 84 84 0 7 0 0 0 4 0 0 0 0 3 4 8 0 0 6 0 6 70 0 0 3 0 0 0 3 1 0 3 0 0 0 0 0 0 0 3 0 3 3 3 40 22 0 25 0 38 10 13 0 0 22 25 0 29 27 90 0 29 15 13 0 0 0 0 0 2 0 0 0 0 0 0 9 1 0 0 0 0 35 0 0 0 0 0 0 0 0 0 0 0 0 0 0 0 0 0 0 0 0 0 0 0 0 0 0 0 0 10 0 0 0 0 0 4 9 3 0 0 0 3 0 0 37 21 10 2 0 55 0 14 0 16 0 0 5 14 28 14 0 2 0 0 2 14 0 0 0 0 0 0 0 0 0 0 0 0 0 0 56 0 2 0 16 0 0 0 0 0 0 0 0 0 0 0 0 0 0 0 0 0 0 0 0 0 0 0 0 0 0 0 0 0 2 0 0 0 0 0 0 0 0 0 0 0 0 3 1 0 9 2 0 11 0 1 0 0 0 0 0 0 0 0 0 0 0 0 0 0 0 0 0 0 0 0 0 15 0 0 0 0 0 0 0 0 0 0 0 0 0 0 
 43 116 110 293 123 53 363 56 48 71 152 39 58 54 160 0 238 303 49 166 74 0 0 0 0 0 1 0 2 0 0 0 21 2 1 3 0 0 6 0 2 0 0 0 0 0 0 0 0 0 0 67 3 0 0 2 20 1 0 0 3 31 0 0 2 0 0 3 0 1 0 0 4 0 29 2 0 3 2 3 18 9 0 34 0 7 20 14 19 0 15 0 0 30 0 0 21 3 34 0 0 0 0 2 0 0 11 1 0 10 0 0 9 17 0 0 0 0 16 15 0 0 0 0 0 0 0 0 0 13 0 0 0 0 0 0 0 0 0 0 0 0 0 0 0 1 0 0 0 0 0 0 2 0 0 0 0 0 0 0 0 61 8 26 0 1 0 0 34 11 16 35 7 15 0 0 0 12 3 0 0 13 0 0 0 0 0 1 0 0 0 0 16 0 0 0 0 0 0 0 0 7 0 0 0 0 0 0 0 0 14 0 0 0 0 0 0 0 0 0 0 0 0 0 0 0 0 0 0 0 0 0 0 0 0 0 0 0 0 0 0 11 0 0 0 0 0 0 87 1 0 12 0 0 0 0 0 0 0 0 0 0 0 0 0 0 0 0 0 0 0 0 0 0 0 0 0 0 0 0 0 0 0 0 0 0 0 0 0 0 
 28 298 136 86 270 135 226 44 37 156 204 73 89 222 126 238 0 138 322 26 74 0 0 0 0 0 0 5 3 3 2 4 23 2 0 0 3 0 92 5 2 3 5 0 6 0 0 2 0 17 0 3 1 0 0 2 3 1 0 2 3 1 0 0 3 0 0 5 0 2 1 1 2 0 8 3 0 3 5 3 60 23 49 15 10 27 19 13 18 31 1 22 3 3 0 18 11 45 0 9 0 0 0 0 0 0 2 16 0 0 0 0 25 0 0 0 0 1 21 0 0 0 0 0 0 0 0 0 0 0 0 0 0 0 0 0 0 0 0 1 0 0 0 0 0 0 0 0 0 0 0 0 0 1 0 0 0 10 7 0 0 16 13 19 29 1 0 10 14 31 28 13 5 0 5 16 30 0 0 0 0 0 0 0 0 0 22 0 1 3 0 0 26 1 0 0 0 0 1 2 0 0 0 0 0 0 0 0 0 0 0 0 0 0 0 0 0 0 0 0 0 0 0 0 0 0 0 0 0 0 0 0 0 0 0 0 0 7 0 0 0 0 15 0 0 2 0 0 31 1 18 16 0 0 0 0 0 0 0 0 0 0 0 0 0 0 0 0 0 0 0 10 0 0 4 35 10 17 0 0 0 0 0 0 0 0 0 0 0 0 
 88 56 132 316 95 151 74 34 329 302 74 344 35 325 173 303 138 0 31 42 100 1 0 0 0 0 188 78 0 0 0 3 73 2 4 4 0 0 6 0 3 0 3 2 0 0 0 1 0 0 25 5 66 0 0 0 4 1 3 1 3 0 0 6 3 0 0 6 51 0 4 2 0 0 0 3 0 3 3 9 66 0 0 50 16 36 0 21 0 0 42 12 0 0 0 0 20 14 0 0 0 30 10 0 0 0 24 0 10 0 0 0 10 11 0 1 0 0 0 8 0 0 2 0 0 0 0 0 0 0 0 0 0 0 0 0 0 0 0 0 0 0 2 0 0 0 0 0 0 0 0 0 0 36 28 3 0 0 0 17 0 8 9 17 64 0 0 0 6 0 19 21 0 0 0 16 51 13 9 0 20 16 0 0 0 0 22 22 19 0 0 0 12 8 0 0 0 2 32 1 0 2 0 0 0 0 0 0 0 0 0 0 0 0 0 0 0 0 0 0 0 0 0 0 0 0 0 0 0 0 0 0 0 0 0 0 0 0 0 0 0 16 0 0 0 2 0 2 47 2 3 17 0 0 0 2 0 0 0 0 0 0 7 0 0 0 0 0 0 0 0 0 0 0 0 9 0 0 0 0 0 0 0 0 0 0 0 0 0 0 
 214 33 189 393 55 44 49 285 297 55 91 25 112 199 83 49 322 31 0 280 2 0 0 0 0 2 0 3 0 1 0 0 0 2 0 0 0 0 203 0 2 0 64 0 0 0 0 0 0 0 0 3 1 0 0 0 67 0 0 0 6 0 0 0 3 0 0 3 0 0 0 1 7 0 0 3 0 3 2 3 10 11 8 1 0 0 29 46 38 2 0 0 6 41 24 9 10 10 30 25 13 0 0 0 0 0 0 0 9 0 0 0 0 0 1 0 0 0 0 0 0 0 0 0 0 0 0 0 0 0 0 0 0 0 0 0 10 0 0 2 0 0 0 0 0 0 0 8 0 0 0 0 0 14 0 0 0 0 6 0 28 38 3 0 0 0 31 0 15 7 24 0 7 23 0 0 15 8 26 0 2 0 0 0 0 0 0 0 0 0 0 0 0 0 0 0 0 0 0 0 0 0 0 0 0 0 0 0 0 0 0 0 0 0 0 0 0 0 0 0 0 0 0 0 0 0 0 0 0 0 0 0 0 0 0 0 0 0 0 0 0 0 0 0 0 2 0 0 0 0 1 12 0 0 0 0 0 0 0 0 73 0 0 0 0 0 0 0 0 0 0 0 0 0 0 0 0 0 0 0 0 0 0 0 0 0 0 0 0 0 
 344 281 186 63 92 291 235 58 115 96 80 30 366 236 182 166 26 42 280 0 0 0 0 75 0 0 0 1 0 0 2 0 0 2 0 0 0 0 3 0 3 0 6 0 0 0 0 0 4 0 0 3 0 1 0 0 3 0 0 0 3 0 0 0 3 2 0 3 0 0 0 4 7 4 0 3 0 3 3 2 62 18 1 0 0 0 16 14 0 11 15 16 13 22 11 7 1 0 30 12 0 0 0 0 0 0 0 0 0 0 0 0 0 0 0 0 2 0 0 0 0 0 1 14 6 0 0 1 0 0 0 0 1 0 0 0 0 0 0 23 18 0 0 0 0 0 10 0 0 0 0 0 0 0 6 5 0 0 0 6 31 24 0 0 12 0 10 15 20 1 0 0 12 23 4 38 0 22 0 18 0 0 0 0 0 0 0 0 0 0 0 0 0 0 2 0 0 0 0 0 0 0 0 0 0 2 0 0 0 0 0 0 0 0 0 0 0 0 0 0 0 0 0 0 0 0 0 0 0 0 0 0 0 0 0 0 0 0 0 0 0 0 0 0 0 2 49 3 1 0 0 7 0 0 0 0 0 0 0 0 1 0 0 0 0 0 0 0 0 0 0 0 0 0 0 0 0 0 0 0 0 0 0 0 0 0 0 0 0 0 
 2 0 76 168 62 76 1 0 83 1 37 76 0 0 1 74 74 100 2 0 0 186 307 219 36 28 384 68 52 472 180 39 228 103 37 125 75 22 126 181 0 1 0 0 0 0 0 0 0 0 0 0 8 4 0 0 1 6 0 0 0 0 0 0 4 0 0 0 0 0 0 0 1 0 7 0 1 0 0 0 0 0 0 21 71 11 0 11 0 0 14 3 0 0 0 0 0 11 2 0 15 2 17 0 0 0 31 0 0 10 1 20 14 23 1 0 43 11 19 3 0 0 0 1 0 0 0 0 0 0 0 0 0 0 0 0 0 0 1 14 0 0 0 0 2 0 0 0 0 0 0 0 0 1 2 0 0 0 0 0 0 4 0 0 0 0 0 0 3 8 17 8 0 0 0 0 12 1 12 0 12 20 15 0 0 0 0 4 52 0 0 0 46 13 0 0 26 7 23 26 0 0 0 0 0 0 0 0 0 0 0 0 0 0 0 0 0 0 0 0 0 0 0 0 0 0 0 0 0 0 0 0 0 0 0 0 0 0 0 0 0 32 0 0 0 0 0 0 0 0 0 0 10 0 10 0 2 2 0 0 0 0 7 0 0 0 10 0 0 0 0 0 0 0 0 8 0 11 0 0 0 0 0 0 0 0 1 0 0 0 
 2 0 1 2 84 0 0 0 0 3 76 2 0 1 205 0 0 1 0 0 186 0 316 139 133 43 476 283 202 208 39 270 285 173 380 312 439 114 43 677 1 0 0 0 0 0 3 2 65 0 0 4 3 0 0 0 2 0 0 2 0 0 0 0 0 0 0 0 0 0 2 11 0 0 1 0 3 3 0 0 0 0 0 0 37 0 0 0 0 0 0 0 0 0 0 0 0 0 0 0 29 26 26 15 0 1 0 17 26 27 19 9 0 0 11 18 13 0 2 22 2 0 0 0 0 2 0 0 0 0 1 0 16 0 0 0 0 0 0 0 2 0 0 0 0 0 14 0 0 0 0 0 0 0 0 0 0 1 0 0 16 0 0 24 0 15 0 0 0 0 0 9 0 0 0 1 0 14 0 4 25 28 40 0 0 9 1 24 34 1 0 14 0 32 13 9 23 1 13 0 14 2 0 0 0 0 0 0 0 0 0 0 1 0 0 0 0 0 0 9 0 0 0 0 0 0 0 0 0 2 0 0 0 0 0 11 2 0 0 0 0 0 0 0 0 0 74 0 0 2 0 0 0 0 12 0 2 2 0 2 0 0 10 0 0 0 8 0 0 0 0 0 2 0 0 0 0 0 0 0 0 0 0 0 0 0 0 0 0 0 
 0 2 2 0 0 0 79 0 0 0 0 0 0 0 2 0 0 0 0 0 307 316 0 165 97 146 79 93 149 109 41 74 48 72 128 130 129 124 49 45 3 65 0 5 0 0 8 0 0 4 0 8 26 1 0 10 7 0 66 1 0 5 0 4 0 0 0 0 0 0 2 3 0 0 0 0 3 0 0 0 0 0 0 0 0 0 0 0 0 0 0 0 0 0 0 0 0 0 0 0 18 9 18 43 22 45 0 8 27 37 10 22 0 7 11 64 0 6 27 0 16 0 0 0 0 0 0 15 0 0 0 0 7 9 0 11 0 0 25 0 0 0 0 9 0 0 0 0 5 0 0 5 0 0 0 0 0 0 0 0 2 0 0 4 0 0 0 0 1 0 0 0 0 7 0 14 2 0 0 0 16 21 0 25 13 46 2 0 31 18 32 80 0 9 20 13 29 39 0 12 0 0 1 0 0 0 0 0 0 2 1 0 38 0 0 0 0 0 20 11 2 0 0 0 0 0 0 0 0 0 0 0 0 0 0 0 0 0 0 0 0 0 12 0 0 0 0 0 0 0 0 0 0 0 9 2 0 0 1 2 2 0 0 0 0 0 0 0 0 0 0 1 0 0 0 0 0 1 0 0 0 0 0 0 0 10 12 0 0 0 
 0 0 0 0 3 0 0 0 0 2 0 2 0 0 3 0 0 0 0 75 219 139 165 0 130 30 110 89 166 458 225 120 74 67 121 52 112 106 156 138 57 2 0 0 3 0 3 1 3 0 0 1 3 1 0 6 4 0 65 2 0 3 7 0 2 2 0 2 0 0 2 5 0 0 2 0 4 0 1 5 0 0 0 0 0 2 0 0 0 0 0 0 0 8 0 0 0 0 0 0 23 0 34 22 18 25 0 38 0 1 9 46 0 0 17 7 10 0 2 0 3 0 12 0 0 0 0 0 0 1 0 0 18 30 0 25 0 0 1 11 0 0 2 0 0 0 9 0 0 0 0 0 0 0 0 1 2 0 0 0 0 0 0 1 0 0 4 0 0 0 0 0 0 0 0 0 10 0 0 0 12 9 20 24 28 37 0 0 9 10 48 20 0 0 11 4 26 15 0 0 0 0 0 0 0 0 0 13 0 0 0 0 0 39 1 0 0 0 17 0 0 0 0 0 0 0 0 0 0 0 0 0 0 0 0 0 0 0 0 0 0 0 22 0 0 0 0 0 0 0 0 0 0 0 12 4 2 91 0 2 2 20 1 0 0 0 16 0 0 0 0 0 0 0 0 0 0 0 0 0 0 0 0 0 0 12 1 0 0 0 
 1 0 0 0 0 0 0 0 4 2 3 0 2 0 0 0 0 0 0 0 36 133 97 130 0 270 59 61 255 68 335 166 63 102 289 273 93 87 64 83 31 63 62 0 0 0 128 126 125 68 0 2 68 60 23 90 19 3 82 99 0 0 0 0 0 0 0 37 0 0 2 3 0 0 4 0 3 0 0 0 0 0 0 0 0 0 0 0 0 0 6 0 0 0 0 0 0 0 0 0 12 0 0 20 58 21 2 0 31 29 46 11 0 0 0 1 0 0 0 0 12 17 45 0 0 0 9 17 12 29 9 0 1 1 12 0 6 0 15 11 0 0 0 0 0 16 0 0 0 0 0 0 0 0 0 0 0 2 0 0 0 0 0 0 0 0 0 0 0 0 0 0 5 1 0 0 0 0 0 0 0 23 0 20 12 23 0 0 0 0 20 13 0 1 0 15 8 4 0 0 12 14 31 45 0 0 14 30 7 0 16 0 0 33 25 8 11 10 19 25 0 0 0 0 1 0 0 0 0 0 0 0 0 0 0 0 0 0 0 0 0 0 15 0 0 0 0 0 0 2 0 0 0 0 5 3 0 4 0 3 2 0 0 0 0 0 0 0 0 0 0 0 0 0 0 0 0 0 0 0 0 0 0 0 0 9 0 0 0 0 
 0 0 2 0 0 40 0 1 1 79 2 0 0 0 7 0 0 0 2 0 28 43 146 30 270 0 468 48 48 37 168 54 44 50 47 128 54 228 283 269 66 296 0 7 0 0 136 65 2 5 0 219 3 87 71 0 156 0 273 1 0 6 0 4 0 0 0 0 0 0 2 3 0 0 0 0 3 0 1 0 0 0 0 0 0 0 0 0 0 0 0 0 0 0 0 0 0 0 0 0 17 0 0 0 50 1 0 10 0 21 1 52 0 0 0 0 20 0 0 0 15 24 27 11 0 0 30 8 44 0 50 0 28 59 24 16 9 0 49 4 0 0 0 0 0 0 0 0 0 0 0 0 0 0 0 4 0 0 0 0 0 0 0 0 0 0 0 0 0 0 0 0 0 0 0 0 0 0 0 0 0 18 0 0 0 2 0 0 0 30 1 1 0 20 0 10 8 0 0 0 23 20 52 32 3 0 25 45 1 1 0 0 28 14 14 0 10 11 32 8 0 0 0 0 0 0 0 0 0 0 0 0 0 0 0 0 0 0 0 0 0 0 0 0 0 0 0 0 0 0 0 0 0 0 8 2 1 0 73 1 6 1 0 0 0 0 0 0 0 0 0 0 0 0 0 0 0 0 0 0 0 18 0 0 0 0 14 0 0 0 
 0 0 1 159 74 34 0 1 0 0 21 74 0 0 2 1 0 188 0 0 384 476 79 110 59 468 0 686 41 54 250 44 129 139 38 106 29 265 145 201 0 0 0 0 0 0 2 0 0 0 0 5 3 0 0 0 3 1 2 3 0 0 0 0 0 0 0 24 50 0 2 3 0 0 0 0 3 0 0 0 0 0 0 18 23 28 0 0 0 2 27 0 1 0 0 0 14 0 0 0 0 31 15 0 0 3 31 47 10 37 0 9 0 29 0 1 0 0 0 21 0 0 0 0 0 0 0 0 0 0 0 0 0 0 0 0 0 0 0 0 0 0 0 0 0 0 16 0 0 0 0 0 0 0 0 0 0 5 2 0 0 6 0 16 19 12 0 0 5 1 6 22 0 0 0 4 0 0 0 0 17 25 11 2 0 0 18 19 16 14 9 0 29 16 1 4 0 1 20 33 0 0 0 0 0 0 2 0 0 0 0 0 0 0 0 0 0 0 16 1 0 0 0 0 0 0 0 0 0 0 0 0 0 0 0 0 0 0 0 0 0 2 0 0 0 0 61 0 0 35 0 0 0 0 10 2 1 0 0 2 0 0 4 0 0 0 0 0 0 0 0 2 0 0 0 0 0 0 0 0 0 0 0 2 1 0 0 0 0 0 
 2 1 0 3 77 158 3 3 4 1 150 1 2 1 1 0 5 78 3 1 68 283 93 89 61 48 686 0 327 40 119 31 301 300 68 55 67 108 79 442 1 0 69 0 0 0 3 0 0 3 0 0 3 0 0 0 2 206 6 0 0 78 0 0 0 0 0 6 31 0 2 3 0 0 0 0 2 0 0 0 0 0 0 0 16 1 0 0 0 8 14 0 0 0 0 0 0 0 0 0 0 1 18 0 0 0 0 20 33 20 4 0 22 15 2 25 29 17 19 82 0 0 0 2 0 0 0 0 0 8 0 0 0 0 0 0 0 0 0 0 0 0 0 0 0 0 17 0 0 0 0 0 0 0 0 0 0 0 0 0 0 0 0 63 15 12 0 0 0 0 1 9 0 0 0 0 0 2 0 0 0 17 0 1 2 0 36 28 10 23 0 0 1 54 0 1 0 0 10 15 0 0 20 0 0 0 0 0 0 0 0 0 7 0 1 0 0 0 0 0 0 0 0 0 0 0 0 0 0 0 0 0 0 0 0 0 0 0 0 0 0 0 0 0 0 0 74 0 0 74 0 0 0 2 13 0 0 0 11 1 0 2 0 0 0 0 0 0 0 0 0 0 0 0 0 0 1 0 0 0 0 14 0 0 0 0 0 0 0 2 
 0 2 1 6 24 3 0 0 0 3 0 0 0 0 10 2 3 0 0 0 52 202 149 166 255 48 41 327 0 125 40 130 368 385 201 342 121 37 110 116 0 0 0 0 0 0 2 0 0 0 0 0 6 0 0 3 3 2 0 0 0 0 0 0 0 0 0 0 0 0 2 3 0 0 2 0 3 2 0 5 0 0 0 0 17 17 0 2 0 0 14 0 0 0 0 0 0 0 0 0 21 4 30 1 21 0 20 35 40 1 30 9 9 0 24 25 4 0 0 0 0 0 0 0 0 0 0 0 0 0 0 0 19 1 0 2 0 0 0 0 0 0 5 0 0 0 0 0 1 0 0 5 0 0 0 0 0 0 1 0 5 0 0 0 0 18 0 0 0 0 0 0 0 0 0 0 0 0 0 29 17 10 9 11 11 18 3 0 0 0 11 49 13 1 33 32 15 1 0 22 13 0 0 0 0 0 0 13 0 0 0 0 8 0 0 3 0 12 35 10 2 0 0 0 0 0 0 0 0 0 0 0 0 0 0 0 0 0 0 0 0 0 11 0 0 2 0 0 0 0 0 0 0 9 8 2 0 77 0 0 15 0 2 0 0 0 0 0 0 0 0 0 0 0 0 0 0 0 0 1 0 20 0 0 0 0 0 0 0 0 
 0 0 2 0 2 59 0 0 0 3 0 3 2 2 0 0 3 0 1 0 472 208 109 458 68 37 54 40 125 0 419 78 51 165 337 138 146 45 294 128 3 49 0 0 0 0 3 0 0 0 0 16 3 0 0 0 4 6 0 0 0 0 0 0 3 51 0 0 0 0 2 2 0 0 0 0 1 0 0 0 0 0 0 0 0 0 0 0 0 0 0 1 0 1 0 0 0 0 0 0 29 13 13 11 9 26 1 26 1 23 1 8 0 2 45 33 0 7 0 10 0 0 0 0 2 0 1 0 0 0 0 0 15 11 0 0 0 0 12 12 0 0 7 0 20 0 0 0 0 0 14 1 0 0 0 0 20 0 1 0 5 0 2 0 9 8 0 0 0 0 2 13 0 0 0 1 0 0 0 3 37 9 17 0 0 8 2 9 13 15 1 24 8 0 27 4 30 24 10 19 0 0 10 0 0 0 0 0 0 0 0 0 1 0 0 2 2 0 13 0 0 0 0 0 0 0 0 0 0 0 0 0 0 0 0 0 0 0 0 0 0 0 0 0 0 0 0 0 0 0 0 0 0 0 3 3 0 0 2 0 18 0 0 0 0 0 0 0 0 0 0 0 0 0 0 0 0 0 0 0 0 15 0 0 0 12 12 0 0 0 
 0 0 4 0 0 89 0 2 0 2 2 0 0 0 2 0 2 0 0 2 180 39 41 225 335 168 250 119 40 419 0 200 247 125 246 101 269 121 30 58 63 274 2 0 0 0 5 141 0 0 0 9 92 129 215 2 6 4 118 7 0 4 0 0 10 0 2 0 0 0 2 3 0 0 0 0 3 4 0 0 0 0 27 0 0 0 0 0 0 0 1 0 0 0 0 0 0 0 0 0 10 0 0 1 0 13 0 31 18 11 0 43 0 0 1 16 2 9 0 20 13 33 16 0 0 0 13 0 12 6 0 2 13 21 19 30 1 0 37 38 0 0 0 0 0 0 0 0 0 0 0 1 0 0 0 0 0 0 0 0 0 0 0 0 10 7 0 0 0 0 0 0 0 0 1 0 0 0 0 0 0 3 10 8 16 13 22 0 23 16 1 0 7 30 22 25 0 10 1 8 17 10 24 0 0 0 24 44 0 1 2 0 44 11 33 23 0 14 18 31 0 0 0 0 0 0 0 0 13 0 0 0 0 0 0 0 0 0 0 0 0 0 0 0 0 0 0 0 0 0 0 0 0 0 9 1 2 118 149 2 7 17 0 0 0 0 0 2 0 0 0 0 0 1 0 0 0 0 0 24 0 0 0 0 0 0 16 0 0 0 
 0 0 0 0 0 0 2 0 1 0 4 0 2 1 0 0 4 3 0 0 39 270 74 120 166 54 44 31 130 78 200 0 31 53 314 33 58 151 29 26 33 62 2 0 0 1 129 22 64 22 0 1 3 125 3 66 65 0 82 64 1 0 0 0 0 0 0 0 0 0 2 4 0 0 0 0 2 0 0 0 0 2 0 0 0 0 0 0 0 0 0 0 0 2 0 0 0 0 0 0 0 0 10 11 51 23 0 1 1 18 29 70 0 0 10 22 0 0 12 0 13 25 19 0 1 0 27 0 30 3 36 0 0 23 71 0 6 0 14 1 0 0 0 0 0 0 0 0 0 0 0 0 0 0 0 0 0 2 2 0 0 0 1 0 0 0 0 0 0 0 0 0 0 0 0 0 0 0 0 0 12 0 0 27 29 43 0 4 0 6 17 31 0 0 10 0 14 41 0 0 12 15 30 13 0 0 14 16 0 0 16 0 11 29 32 0 11 0 34 16 0 0 0 0 1 0 0 0 0 0 10 0 0 0 0 0 0 0 0 0 0 0 9 0 0 0 0 0 1 0 0 0 0 0 11 1 1 83 72 0 0 2 0 0 0 0 0 0 0 0 0 0 0 0 0 0 0 0 0 0 0 0 0 0 0 17 0 0 0 0 
 0 0 3 324 204 0 1 0 2 5 4 24 0 0 0 21 23 73 0 0 228 285 48 74 63 44 129 301 368 51 247 31 0 157 360 103 55 41 193 80 0 0 0 0 0 18 1 0 0 0 0 0 3 28 0 0 11 1 0 0 0 0 0 0 0 0 0 0 50 0 2 3 0 0 0 41 3 0 0 0 0 0 0 55 12 12 0 0 0 0 17 0 0 0 0 0 9 19 0 0 0 0 12 4 0 0 24 33 9 19 0 10 16 34 21 8 24 0 15 6 0 0 0 25 0 0 0 0 0 0 0 0 0 0 0 0 0 0 0 0 0 0 0 0 0 0 0 0 0 0 0 0 0 0 0 0 0 16 4 0 1 0 0 14 0 0 0 0 14 8 3 22 0 0 0 5 0 0 0 0 11 0 6 6 0 0 2 8 0 20 10 2 21 0 1 18 16 0 22 18 0 0 0 0 0 0 0 0 0 0 0 0 0 0 0 0 1 0 13 0 0 0 0 0 0 17 0 0 0 0 0 2 0 0 0 0 0 0 0 0 0 8 0 0 0 0 0 0 0 0 0 0 0 0 12 0 2 0 0 2 17 0 0 0 0 0 0 0 0 0 0 0 0 0 0 23 0 19 0 0 0 0 0 0 0 0 0 0 0 0 
 2 2 4 6 71 4 5 2 2 2 128 81 4 2 2 2 2 2 2 2 103 173 72 67 102 50 139 300 385 165 125 53 157 0 88 276 148 140 119 276 2 19 0 0 0 0 3 0 0 1 0 0 3 0 0 0 4 0 0 0 0 0 0 0 0 0 0 0 0 0 2 2 0 0 0 0 1 0 0 2 0 0 0 0 16 6 0 0 0 0 15 2 0 0 0 0 0 0 0 0 20 40 74 0 0 0 14 30 5 11 0 0 30 0 15 23 59 10 24 26 0 0 0 0 0 0 2 0 2 0 0 0 9 0 0 0 0 0 0 0 0 0 0 0 0 0 24 0 0 0 0 0 0 0 0 0 0 6 4 0 3 0 0 23 53 24 0 0 0 0 2 6 0 0 0 0 0 0 0 7 0 19 11 1 0 10 9 30 15 14 1 27 15 61 30 19 1 0 0 60 0 0 0 0 0 36 0 0 0 0 0 0 12 0 0 1 11 0 0 0 0 0 0 0 0 0 0 0 0 0 0 0 0 0 0 0 0 0 0 0 0 0 0 0 0 0 25 0 0 0 0 0 0 0 5 1 1 2 33 0 3 0 0 0 0 0 0 0 0 0 0 0 0 0 0 0 0 0 0 0 0 19 0 0 0 0 0 0 0 0 
 0 0 2 0 124 73 3 0 0 2 0 0 0 0 0 1 0 4 0 0 37 380 128 121 289 47 38 68 201 337 246 314 360 88 0 460 129 30 180 166 1 0 0 0 0 0 3 0 0 0 0 7 3 0 0 0 3 2 0 0 1 0 0 0 0 0 0 0 3 0 2 3 0 0 0 0 3 0 47 2 0 0 0 0 10 7 0 0 0 0 14 0 0 0 2 0 0 0 0 1 0 17 1 12 22 12 18 20 10 17 0 6 17 0 45 33 0 0 1 0 0 0 9 5 0 0 0 0 0 0 0 0 0 0 0 0 0 0 34 0 0 0 1 17 0 0 0 2 0 0 0 5 0 0 0 0 1 0 0 0 0 0 0 2 7 14 0 0 0 0 0 0 0 0 0 3 0 0 0 0 16 0 7 2 0 13 11 19 1 19 6 22 46 0 81 6 27 17 24 31 0 0 0 0 0 0 0 0 0 0 0 0 2 0 0 0 0 2 27 0 0 0 0 0 0 0 0 0 0 0 0 0 0 0 0 0 0 0 0 0 0 0 0 0 0 0 0 0 0 0 0 0 0 0 14 3 0 2 1 3 12 0 1 0 0 0 0 0 0 0 0 0 0 0 0 0 0 0 0 0 0 9 0 0 0 12 0 0 0 0 
 0 1 1 1 73 0 4 2 2 0 77 0 0 3 2 3 0 4 0 0 125 312 130 52 273 128 106 55 342 138 101 33 103 276 460 0 159 186 40 66 0 3 0 0 0 0 4 5 2 15 0 6 4 0 0 64 5 0 0 0 0 0 0 3 0 0 0 4 2 0 2 11 1 0 4 0 41 0 0 3 0 0 0 0 0 1 0 1 0 0 0 26 0 0 0 0 1 0 0 0 8 4 14 12 11 14 31 0 21 40 26 0 0 0 10 0 12 0 0 0 0 0 0 0 0 0 0 0 0 0 0 0 1 1 0 38 0 0 0 0 0 0 5 0 0 0 0 0 1 0 17 1 0 0 0 0 0 0 0 0 0 4 0 0 0 13 0 2 4 0 12 0 0 0 0 8 2 0 13 0 32 12 0 0 1 2 13 0 1 59 0 21 2 14 24 22 31 0 17 43 14 0 0 0 15 0 1 4 0 0 0 0 9 0 0 8 0 15 42 5 2 0 0 0 0 0 0 0 0 0 0 0 6 0 0 0 0 0 0 0 0 0 0 0 0 0 0 0 0 0 0 0 0 0 13 1 0 77 1 0 13 0 0 0 0 0 0 0 0 0 0 0 0 0 0 0 0 1 0 14 0 70 0 0 0 0 0 0 0 0 
 0 0 0 0 0 2 74 0 6 0 1 2 1 2 0 0 3 0 0 0 75 439 129 112 93 54 29 67 121 146 269 58 55 148 129 159 0 179 40 183 1 0 4 0 0 0 3 0 0 0 0 0 67 0 0 0 2 1 0 0 0 0 0 0 12 0 0 0 0 0 2 4 0 0 0 0 2 0 0 0 0 0 0 6 0 0 0 16 0 0 0 1 0 0 0 0 0 0 0 0 23 0 1 10 2 0 0 34 44 16 35 19 0 2 12 3 37 7 0 13 4 0 0 8 7 0 1 1 0 0 0 0 16 0 0 0 0 0 4 13 0 0 0 9 0 0 0 0 4 0 0 9 0 0 0 0 0 0 1 0 8 0 2 0 7 0 0 0 0 0 1 0 0 0 0 0 0 0 0 6 21 19 60 1 0 20 14 0 13 11 0 41 1 12 4 0 34 33 0 15 12 0 0 0 0 0 0 2 0 0 0 0 29 0 0 9 0 0 20 31 0 0 0 0 0 0 0 0 0 0 0 0 0 0 0 0 0 0 0 0 0 0 0 0 0 0 0 0 0 0 0 0 1 0 8 2 0 3 10 2 16 0 0 0 0 0 10 0 0 0 0 0 0 0 0 0 0 0 0 0 0 30 0 0 0 0 1 0 0 0 
 0 0 0 0 0 0 71 0 2 0 3 0 0 0 84 0 0 0 0 0 22 114 124 106 87 228 265 108 37 45 121 151 41 140 30 186 179 0 41 115 73 0 0 0 0 0 3 0 0 6 0 2 79 87 0 1 2 0 15 0 0 0 0 0 0 0 0 0 7 0 2 11 0 0 0 0 1 0 0 0 0 0 0 0 7 0 0 0 0 0 0 0 0 0 0 0 0 0 0 0 19 0 0 15 0 21 0 20 12 15 0 30 0 14 0 0 31 1 0 1 0 0 12 0 0 0 13 0 0 0 0 0 11 0 14 12 0 0 0 0 0 0 0 3 0 0 0 0 9 0 0 0 0 0 0 0 0 0 0 0 0 0 0 0 0 1 0 0 0 0 0 0 0 0 0 0 0 0 0 0 36 20 17 44 10 0 13 0 0 31 22 17 0 28 0 7 22 12 0 1 14 0 0 0 0 0 0 12 0 0 0 0 34 0 0 0 0 0 15 24 0 0 0 0 0 0 0 0 0 0 0 0 0 0 0 0 0 0 0 0 0 0 0 0 0 0 0 0 0 0 0 0 0 0 2 0 0 91 75 3 5 12 0 0 0 0 8 0 0 0 0 0 0 0 0 0 0 0 0 0 0 17 0 0 0 0 0 0 0 0 
 3 117 5 43 130 3 3 243 57 142 155 11 3 3 84 6 92 6 203 3 126 43 49 156 64 283 145 79 110 294 30 29 193 119 180 40 40 41 0 126 3 0 0 0 0 0 3 0 0 0 0 1 5 0 0 1 2 1 0 0 0 0 0 0 0 0 0 0 0 0 2 3 0 0 0 0 2 0 0 0 0 0 19 2 7 33 0 0 28 40 0 34 0 0 0 43 8 0 0 0 14 0 12 9 0 0 13 0 0 19 24 0 7 8 14 13 6 15 33 1 0 0 0 0 0 0 0 0 0 0 0 0 1 0 0 0 0 0 0 0 0 0 4 0 0 0 0 0 0 0 0 0 0 0 0 0 0 0 0 0 0 4 14 12 38 0 0 0 14 0 14 0 0 0 16 22 10 0 0 14 32 0 0 0 0 8 42 0 13 20 0 0 12 2 0 12 28 0 17 32 0 0 0 0 0 0 0 0 0 0 0 0 0 0 0 0 0 0 0 0 0 0 0 0 0 0 0 0 0 0 0 0 0 0 0 0 0 0 0 0 0 0 0 0 0 0 0 0 0 0 31 0 21 0 7 0 1 0 0 4 2 0 0 0 0 0 0 0 0 0 0 0 0 0 0 0 9 0 0 0 0 0 0 0 0 0 0 0 0 0 
 0 0 0 38 16 0 0 0 1 0 0 1 2 2 0 0 5 0 0 0 181 677 45 138 83 269 201 442 116 128 58 26 80 276 166 66 183 115 126 0 1 0 0 0 0 0 3 0 0 0 0 4 3 0 0 0 2 0 63 0 0 0 1 0 0 0 0 0 0 0 2 50 0 0 0 0 2 0 0 0 0 0 13 0 53 0 0 0 0 0 0 0 0 0 0 0 0 0 0 0 42 5 30 0 0 0 2 16 0 0 13 0 14 15 31 11 65 28 83 4 0 0 0 0 0 0 0 0 0 0 0 0 12 0 0 0 0 0 0 2 0 0 2 10 0 0 0 0 0 0 0 0 0 0 0 0 0 2 0 0 8 0 0 0 0 1 0 0 0 0 0 0 0 1 0 0 0 0 0 4 43 0 28 0 0 15 12 14 77 14 0 14 3 12 1 12 59 0 13 5 0 0 2 0 0 0 0 0 0 0 20 0 1 0 0 0 0 0 0 0 0 0 0 0 0 0 0 0 0 0 0 0 0 0 0 0 0 0 0 0 0 0 0 0 0 0 0 0 0 0 0 0 0 0 7 0 2 1 0 0 16 2 9 0 0 0 12 0 0 0 0 0 0 0 0 0 0 0 0 0 0 0 0 0 0 0 0 0 0 0 
 2 2 5 2 62 3 2 3 9 6 4 2 2 2 7 2 2 3 2 3 0 1 3 57 31 66 0 1 0 3 63 33 0 2 1 0 1 73 3 1 0 373 72 74 37 53 248 112 123 57 36 40 288 121 320 181 330 22 166 463 0 1 0 3 0 0 0 0 1 0 0 0 0 0 0 0 1 0 0 2 0 0 0 0 0 0 8 0 0 0 0 0 0 0 0 0 0 0 0 0 11 0 0 12 13 34 0 0 0 5 3 7 0 0 0 0 0 0 0 0 4 16 42 10 0 0 8 0 26 0 0 0 28 12 3 6 19 6 13 19 0 0 0 0 0 0 0 0 0 0 0 0 0 2 0 0 0 0 3 0 0 0 6 0 0 0 0 9 0 0 0 0 0 0 0 0 0 0 0 0 0 0 0 29 20 0 0 0 0 0 18 0 0 0 0 0 0 0 0 0 2 34 21 32 27 0 22 23 6 15 23 10 0 62 1 0 16 0 8 40 0 0 0 0 0 0 0 0 0 0 0 0 0 0 0 0 0 0 0 0 0 0 0 0 0 0 0 0 0 0 0 0 0 0 0 0 0 62 0 0 0 4 0 0 0 1 7 0 2 0 0 0 0 0 0 0 0 0 0 0 0 0 0 0 0 28 0 0 2 10 
 0 0 0 0 0 0 0 0 0 0 0 0 0 0 0 0 3 0 0 0 1 0 65 2 63 296 0 0 0 49 274 62 0 19 0 3 0 0 0 0 373 0 216 117 39 47 80 166 76 58 25 124 134 127 348 58 121 63 428 57 0 0 0 0 0 50 0 0 0 0 9 5 51 0 0 0 0 0 0 0 0 0 0 0 0 0 0 0 0 0 0 0 0 0 0 0 0 0 0 0 0 0 0 0 52 15 0 0 0 0 9 0 0 0 0 0 15 0 0 0 42 10 16 41 0 0 11 7 15 0 41 10 0 6 12 21 0 9 0 18 0 0 0 0 0 0 0 0 0 0 15 0 25 0 0 0 0 0 0 0 0 0 0 0 0 0 0 0 0 0 0 6 0 0 0 0 0 0 0 0 0 0 0 10 9 0 0 0 0 0 0 0 0 0 0 0 0 0 0 0 0 23 16 22 54 17 29 11 0 0 5 13 0 13 10 31 29 0 0 50 0 0 0 0 0 0 0 0 0 0 0 0 40 13 45 0 0 0 0 0 0 0 0 0 0 0 0 0 0 0 0 15 0 0 0 0 0 0 0 0 0 0 66 0 0 9 2 0 0 0 12 0 0 0 0 2 0 0 0 11 0 0 0 0 0 16 0 0 2 0 
 0 0 0 0 0 0 3 0 0 0 0 0 0 0 0 0 5 3 64 6 0 0 0 0 62 0 0 69 0 0 2 2 0 0 0 0 4 0 0 0 72 216 0 383 216 36 143 246 117 186 162 85 183 60 202 112 258 169 47 112 3 0 0 0 0 0 0 5 0 0 0 0 99 51 0 0 0 0 51 53 0 0 0 0 0 0 0 0 0 0 0 0 0 0 0 0 0 0 0 0 0 0 0 0 10 0 0 0 0 0 0 0 0 0 0 0 0 0 0 10 0 0 9 26 0 0 0 20 20 39 8 14 0 7 33 39 0 0 1 21 0 5 0 7 0 0 7 10 0 5 0 9 53 11 0 0 20 0 0 9 0 0 0 0 0 0 0 0 0 0 0 3 0 0 0 0 0 0 0 0 0 0 0 0 0 0 0 0 0 0 0 0 0 0 0 0 0 0 0 0 11 0 0 14 3 16 11 10 0 0 12 31 0 12 0 0 0 0 7 0 26 0 0 0 0 0 0 0 16 0 0 0 19 24 21 0 0 0 24 22 0 0 32 0 0 0 0 0 0 0 0 4 2 0 0 0 0 0 0 4 0 0 1 0 65 0 2 0 0 0 16 0 0 0 0 0 0 0 0 0 0 0 3 0 15 4 0 0 1 0 
 0 0 1 0 1 0 0 0 0 1 0 0 0 0 0 0 0 2 0 0 0 0 5 0 0 7 0 0 0 0 0 0 0 0 0 0 0 0 0 0 74 117 383 0 120 185 89 85 434 161 179 268 101 291 143 83 53 53 274 145 0 0 0 0 0 0 2 0 0 0 0 0 0 15 0 0 53 0 14 0 0 0 0 0 0 0 0 0 0 0 6 0 0 0 0 0 0 0 0 0 0 0 0 6 0 0 0 0 0 0 0 0 0 0 0 0 0 0 0 0 0 1 2 2 18 0 18 12 19 15 9 1 3 16 0 15 24 42 5 12 0 0 16 0 0 0 0 0 0 0 3 14 10 0 0 12 8 0 0 9 0 0 0 0 0 3 0 0 0 0 0 0 0 0 0 0 0 0 0 0 0 0 0 0 0 0 0 0 0 0 0 0 0 0 0 0 0 0 0 0 1 0 12 0 13 21 5 0 20 37 1 21 0 14 19 16 0 16 0 1 0 1 0 0 0 0 0 4 0 0 0 0 10 0 10 0 0 0 10 19 0 0 0 0 0 0 0 0 0 0 0 9 0 0 0 0 0 0 0 0 0 0 4 4 0 2 0 0 0 2 10 0 0 0 0 0 0 0 0 0 0 3 0 0 5 0 0 33 0 0 
 0 0 0 0 65 0 0 0 7 0 2 0 0 0 4 0 6 0 0 0 0 0 0 3 0 0 0 0 0 0 0 0 0 0 0 0 0 0 0 0 37 39 216 120 0 143 43 75 117 61 152 241 79 64 274 67 66 95 271 92 0 4 2 0 0 0 92 3 0 0 0 0 98 95 0 7 1 0 49 47 0 0 0 0 0 0 0 0 0 0 0 0 0 0 0 0 0 0 0 0 0 0 0 0 0 0 0 0 0 0 0 0 0 0 0 0 0 0 0 0 0 9 0 4 10 12 0 0 14 0 37 13 0 0 0 9 0 0 0 0 0 10 0 0 0 0 43 20 0 8 0 0 22 20 0 0 0 0 8 21 8 0 0 0 0 0 0 0 0 0 0 0 4 0 0 0 0 0 0 0 0 0 0 0 0 0 0 0 0 3 0 0 0 0 0 0 0 0 0 0 0 0 0 8 34 17 0 0 21 6 25 20 0 0 0 9 11 0 0 0 23 21 0 0 0 0 53 3 50 0 0 1 40 42 26 0 25 0 79 6 0 0 0 0 0 0 0 0 0 0 0 11 0 0 0 0 0 0 2 8 0 0 1 66 3 8 2 42 0 0 0 0 0 0 0 0 0 0 0 0 0 0 8 0 13 0 0 0 0 0 
 0 0 0 11 0 0 0 0 0 0 0 73 1 0 0 0 0 0 0 0 0 0 0 0 0 0 0 0 0 0 0 1 18 0 0 0 0 0 0 0 53 47 36 185 143 0 21 34 98 50 237 59 42 44 65 148 111 117 215 60 0 5 7 4 2 0 0 0 4 0 0 0 50 28 5 0 0 9 49 50 0 0 0 0 0 0 0 0 0 0 0 0 0 0 0 0 0 0 0 0 0 0 0 0 0 0 0 0 0 0 0 0 0 0 0 0 0 0 0 0 0 0 0 37 41 22 0 0 0 18 0 0 0 0 0 0 48 31 0 0 51 2 0 4 13 2 0 19 0 0 19 6 16 36 13 0 8 10 12 19 0 0 0 0 0 5 0 0 0 0 0 0 0 0 0 0 0 0 0 0 0 0 0 0 0 0 0 0 0 0 0 0 0 0 0 0 0 0 0 0 0 0 10 0 10 33 0 0 9 33 32 0 0 0 0 18 0 84 0 0 0 12 14 0 4 0 0 20 7 0 0 0 1 4 6 13 17 6 15 21 0 0 0 0 0 0 0 0 0 0 0 8 0 0 0 0 0 0 0 14 0 0 80 1 0 6 1 0 0 0 1 0 0 0 0 0 0 0 0 0 0 0 0 0 25 0 0 0 2 0 
 0 0 1 0 0 0 0 0 0 3 3 0 0 0 0 0 0 0 0 0 0 3 8 3 128 136 2 3 2 3 5 129 1 3 3 4 3 3 3 3 248 80 143 89 43 21 0 245 130 89 23 45 499 239 112 86 335 87 166 383 0 0 0 53 0 0 2 0 2 0 2 0 0 0 0 1 0 0 4 0 0 0 0 0 0 0 0 0 0 0 0 0 0 0 0 0 0 0 0 0 0 0 0 0 40 7 0 0 0 0 9 5 0 0 0 0 0 0 0 0 15 15 20 9 0 1 24 24 13 22 19 0 19 11 2 0 8 0 13 24 0 7 0 0 0 0 0 0 0 0 0 0 16 0 0 0 0 0 0 0 0 0 0 0 0 0 0 0 0 0 0 0 0 0 0 0 0 0 0 0 0 0 0 10 0 15 0 0 0 0 0 0 0 0 0 0 0 0 0 0 1 1 20 32 8 0 8 21 0 27 4 15 1 39 56 10 11 27 0 24 0 0 0 1 0 0 0 0 0 0 0 0 0 1 0 0 0 7 0 0 0 0 0 0 0 0 0 0 0 0 0 4 0 0 0 0 0 1 0 0 0 0 2 0 2 40 0 0 0 0 0 0 0 0 0 0 0 0 0 0 0 0 0 0 0 0 0 1 1 0 
 0 0 0 0 0 0 5 0 0 0 3 65 0 0 0 0 2 1 0 0 0 2 0 1 126 65 0 0 0 0 141 22 0 0 0 5 0 0 0 0 112 166 246 85 75 34 245 0 93 111 117 271 304 562 167 302 450 21 110 335 0 2 0 2 0 0 10 0 5 1 0 0 158 0 2 2 4 9 0 6 0 0 0 0 0 0 0 0 0 0 0 0 0 0 0 0 0 0 0 0 0 0 0 0 29 0 0 0 0 0 0 11 0 0 0 0 0 0 0 0 32 41 27 34 0 0 8 5 26 18 19 6 0 41 34 9 0 0 0 33 0 0 3 0 2 0 0 2 0 3 0 0 9 0 3 0 0 3 0 0 0 0 0 0 0 0 0 0 0 0 0 5 0 0 0 0 0 0 0 0 0 0 0 4 40 26 0 0 0 0 4 0 0 0 0 0 0 0 0 0 20 14 0 13 9 0 28 15 0 0 0 0 3 52 22 16 0 1 0 7 0 0 0 0 0 3 4 4 0 0 1 0 0 0 0 0 0 0 22 18 0 0 22 0 0 0 0 0 0 0 0 7 0 0 0 0 0 104 0 0 0 0 0 0 0 1 0 0 0 0 0 0 0 0 0 0 0 0 0 20 0 0 0 0 0 14 0 0 1 0 
 0 0 0 1 0 0 0 0 0 0 0 0 0 0 0 0 0 0 0 4 0 65 0 3 125 2 0 0 0 0 0 64 0 0 0 2 0 0 0 0 123 76 117 434 117 98 130 93 0 122 232 251 147 98 221 192 145 237 216 218 0 3 0 2 0 6 0 0 1 1 8 22 4 0 0 1 0 0 0 0 0 0 1 0 10 0 0 0 0 0 0 0 0 0 0 0 0 0 0 0 0 0 0 11 24 16 0 0 0 0 10 0 0 0 0 0 0 0 0 0 0 0 8 27 38 0 10 19 0 19 19 1 0 31 0 0 22 23 1 20 0 0 0 0 0 0 0 0 0 0 6 3 4 0 0 0 0 0 16 0 0 0 0 0 0 0 0 0 0 0 0 10 0 0 0 0 0 0 0 0 0 0 0 11 0 0 0 0 0 0 0 0 0 0 0 0 0 0 0 0 0 4 13 23 11 11 28 3 17 29 19 14 0 41 33 21 11 0 0 15 0 0 0 0 1 0 0 0 0 0 0 0 1 0 0 17 1 1 0 0 0 0 0 0 0 0 0 0 0 0 0 9 0 0 0 0 0 0 0 1 0 0 94 0 0 1 5 0 0 0 1 0 0 0 0 2 0 0 0 0 0 3 0 0 10 0 0 23 0 0 
 0 0 3 0 0 0 0 2 3 0 0 0 0 0 3 0 17 0 0 0 0 0 4 0 68 5 0 3 0 0 0 22 0 1 0 15 0 6 0 0 57 58 186 161 61 50 89 111 122 0 150 103 110 152 223 249 109 93 76 181 0 0 0 0 0 0 0 2 0 0 1 1 51 0 0 0 0 0 6 1 0 0 0 0 0 0 0 50 0 0 0 0 0 0 0 0 0 0 0 0 3 0 0 0 12 15 0 1 1 10 2 0 0 0 0 0 4 0 0 0 0 0 9 10 8 0 1 39 1 17 0 29 0 7 16 0 0 20 4 12 0 0 0 0 0 0 0 0 0 0 5 0 6 0 0 12 0 0 3 0 0 0 0 0 0 0 0 0 0 0 0 4 0 0 0 0 0 0 0 0 0 13 0 0 0 0 1 0 0 9 0 0 0 2 0 4 5 0 0 0 11 1 11 14 8 8 12 10 14 0 0 0 0 16 5 1 1 0 2 0 0 1 0 0 0 0 0 0 0 0 0 0 28 19 13 1 0 0 9 10 0 0 4 0 0 0 0 0 0 0 0 6 0 2 0 0 0 0 11 0 0 0 64 0 2 0 0 0 0 0 13 0 0 0 0 0 0 9 0 0 0 8 0 0 0 0 0 18 0 0 
 0 0 0 1 0 0 2 0 0 0 0 0 0 0 4 0 0 25 0 0 0 0 0 0 0 0 0 0 0 0 0 0 0 0 0 0 0 0 0 0 36 25 162 179 152 237 23 117 232 150 0 146 115 42 155 150 121 264 35 71 0 0 0 0 0 0 41 0 53 0 0 0 18 51 0 0 0 0 19 62 0 0 0 0 0 0 0 0 0 0 0 0 0 0 0 0 0 6 0 0 0 0 0 15 0 0 0 0 0 0 0 0 0 0 0 0 0 0 0 0 0 0 2 22 42 3 10 3 24 13 0 14 2 0 10 19 65 49 1 12 0 0 0 0 0 0 12 5 0 0 1 0 33 4 0 0 10 0 0 11 0 0 0 0 0 6 0 0 0 0 13 0 0 0 0 0 0 0 0 0 0 0 0 0 0 0 0 0 0 0 0 0 0 0 0 0 0 0 0 0 21 9 0 19 0 10 33 0 21 25 32 35 0 0 0 29 24 31 0 0 0 16 0 0 0 0 0 4 9 0 0 0 1 0 10 12 1 12 35 20 0 0 13 0 0 0 0 0 0 0 0 0 0 0 0 0 0 0 0 10 0 0 3 1 1 2 0 0 0 0 0 0 0 0 0 0 0 3 0 0 0 0 0 0 26 0 0 0 1 0 
 3 2 47 4 4 61 2 66 67 3 3 68 3 2 8 67 3 5 3 3 0 4 8 1 2 219 5 0 0 16 9 1 0 0 7 6 0 2 1 4 40 124 85 268 241 59 45 271 251 103 146 0 40 36 34 32 522 272 246 38 50 7 0 0 0 0 0 2 0 3 0 2 99 51 0 5 0 3 52 53 0 0 0 0 2 0 0 0 0 0 0 20 0 0 0 0 0 0 0 0 0 6 0 0 0 0 0 0 0 0 0 0 19 0 3 2 0 0 0 0 0 0 0 0 24 0 0 0 0 20 1 0 0 0 0 0 0 0 0 0 7 5 0 0 0 0 26 20 14 6 0 0 27 21 0 0 0 0 0 2 0 0 0 0 2 2 0 0 0 2 0 0 0 0 0 0 0 0 0 0 13 0 2 0 0 0 0 4 2 0 0 0 2 0 0 0 0 2 3 0 0 6 0 0 11 31 0 0 0 0 25 0 1 0 0 0 0 0 0 0 7 0 0 0 0 0 6 0 9 0 0 0 31 36 20 0 3 0 0 0 0 0 0 0 0 0 0 0 0 58 0 3 0 2 0 0 0 0 2 0 0 1 4 0 78 1 3 64 0 0 16 0 0 0 0 0 9 0 0 0 0 1 0 0 16 0 0 0 0 0 
 4 4 8 2 1 0 2 2 1 3 3 2 1 2 0 3 1 66 1 0 8 3 26 3 68 3 3 3 6 3 92 3 3 3 3 4 67 79 5 3 288 134 183 101 79 42 499 304 147 110 115 40 0 162 146 355 351 239 226 642 0 0 0 0 0 0 0 1 0 0 0 0 0 3 0 0 0 4 0 0 0 0 0 0 0 0 0 0 0 0 0 0 0 0 0 0 0 0 0 0 0 0 0 21 28 1 0 0 7 0 0 0 0 0 0 0 0 0 0 0 16 25 8 11 0 0 0 13 8 11 0 3 0 7 30 13 0 0 10 10 0 0 6 11 1 0 3 0 8 0 0 32 16 0 3 1 0 0 0 13 0 0 0 0 0 0 0 0 0 0 0 2 0 3 0 0 0 0 0 0 0 2 0 0 12 0 0 0 0 0 19 22 0 0 0 0 0 14 0 0 26 10 1 9 0 0 22 17 0 0 0 0 27 9 1 10 0 12 0 2 0 11 0 0 0 0 3 2 0 11 9 0 0 0 36 4 0 0 20 16 0 0 24 0 0 0 0 0 0 0 0 4 0 0 0 0 0 63 0 0 0 0 2 0 0 2 0 0 2 0 0 0 0 0 0 0 0 0 0 13 0 0 0 0 0 0 0 0 1 0 
 0 0 0 0 0 0 0 0 0 0 1 0 0 0 0 0 0 0 0 1 4 0 1 1 60 87 0 0 0 0 129 125 28 0 0 0 0 87 0 0 121 127 60 291 64 44 239 562 98 152 42 36 162 0 295 29 114 25 98 126 0 0 0 0 0 0 0 0 48 0 3 0 0 7 16 50 3 0 1 0 0 0 0 0 0 0 0 0 0 0 0 0 0 0 0 0 0 0 0 0 0 0 0 0 19 1 0 0 0 0 0 14 0 0 0 0 22 0 0 0 13 21 22 3 0 0 66 7 8 0 9 18 20 7 47 16 11 0 6 16 0 0 0 0 0 0 0 0 1 0 0 0 0 6 0 0 0 0 6 0 0 0 0 0 0 0 0 0 0 0 0 11 0 0 0 0 0 0 0 0 0 0 0 0 1 6 0 0 0 13 0 0 0 0 0 0 0 0 0 0 40 16 0 19 2 7 14 1 15 0 1 0 8 14 28 9 12 0 19 37 0 0 0 0 0 0 0 0 0 0 8 0 0 0 0 0 0 0 3 1 0 0 22 0 0 0 0 0 0 0 0 6 0 0 0 0 0 63 29 0 0 1 0 0 0 0 1 0 0 0 0 0 0 0 0 0 0 0 0 0 0 0 0 0 0 15 0 0 2 0 
 0 0 0 0 0 0 0 0 8 0 6 0 0 0 6 0 0 0 0 0 0 0 0 0 23 71 0 0 0 0 215 3 0 0 0 0 0 0 0 0 320 348 202 143 274 65 112 167 221 223 155 34 146 295 0 360 190 32 135 215 0 0 0 0 1 0 0 3 0 0 0 0 0 0 0 0 0 4 0 0 0 0 0 0 0 0 0 0 0 0 0 0 0 0 0 0 0 0 0 0 0 0 0 0 22 0 0 0 0 0 0 0 0 0 2 0 0 0 0 0 0 0 46 32 21 0 6 11 11 27 0 6 13 1 23 0 33 11 44 6 0 0 6 1 0 0 0 0 0 3 11 0 9 0 3 0 0 3 0 5 0 0 0 0 0 0 0 0 0 0 0 0 0 0 0 0 0 0 0 0 0 0 10 0 0 0 0 0 0 0 0 0 0 0 0 0 0 0 0 0 18 0 27 36 19 10 0 12 0 25 21 13 0 18 11 18 11 0 0 0 0 5 0 0 0 3 5 17 0 0 8 0 1 0 0 11 0 0 22 20 0 0 20 0 0 0 0 0 0 0 0 3 0 0 0 0 0 0 0 0 0 0 73 0 0 1 0 0 2 0 1 0 0 0 0 0 0 0 0 0 0 0 0 0 14 13 0 0 1 0 
 0 1 1 2 0 0 1 8 3 0 4 1 0 1 0 2 2 0 0 0 0 0 10 6 90 0 0 0 3 0 2 66 0 0 0 64 0 1 1 0 181 58 112 83 67 148 86 302 192 249 150 32 355 29 360 0 111 52 347 159 0 1 3 0 0 4 2 0 0 2 4 3 0 0 5 4 5 3 0 0 0 0 0 0 0 0 0 0 0 0 0 0 0 0 0 0 0 0 0 0 0 0 1 0 26 7 0 0 0 0 43 3 0 0 0 0 0 0 0 0 0 0 9 16 29 9 11 18 0 56 0 21 0 1 0 0 20 0 12 0 0 0 0 0 0 0 0 0 0 0 9 0 0 1 0 0 0 0 11 0 0 0 0 0 0 0 0 0 0 0 0 0 0 0 0 0 0 0 0 0 0 0 0 16 1 23 0 0 0 0 7 6 0 0 0 5 6 0 0 0 0 0 31 14 0 22 10 18 18 13 29 19 0 0 27 29 29 0 2 11 0 0 0 0 0 0 0 0 0 0 0 0 0 0 0 12 0 0 0 0 0 0 7 0 0 0 0 0 0 0 0 5 0 0 0 0 0 0 0 0 0 27 4 0 63 4 1 0 2 0 0 0 0 0 0 0 0 0 0 0 0 0 0 0 14 0 0 0 0 0 
 3 4 6 5 9 3 7 4 3 8 2 21 3 3 6 20 3 4 67 3 1 2 7 4 19 156 3 2 3 4 6 65 11 4 3 5 2 2 2 2 330 121 258 53 66 111 335 450 145 109 121 522 351 114 190 111 0 150 39 55 3 0 0 0 0 0 0 2 0 0 15 1 0 0 0 0 0 0 0 0 0 0 0 31 0 0 0 0 0 0 0 0 0 0 0 0 13 0 0 0 0 0 0 0 25 0 7 0 0 0 0 0 9 4 0 0 0 0 2 0 10 18 21 10 10 0 49 15 8 1 6 17 19 1 30 14 18 7 47 12 0 0 0 0 0 0 0 0 0 0 0 0 0 1 0 0 0 0 0 0 0 0 0 4 0 7 0 0 4 0 0 4 0 0 0 0 1 0 0 0 1 0 0 0 0 10 0 0 0 0 0 0 0 0 0 0 0 0 0 0 19 9 0 20 3 9 15 0 0 2 0 0 0 13 24 26 10 17 0 9 0 0 0 0 0 0 0 5 0 0 0 0 0 0 0 0 0 0 1 27 0 4 20 0 0 0 0 0 0 0 0 5 0 2 0 0 0 0 0 1 0 0 0 1 0 2 0 0 0 0 0 0 0 0 0 0 0 0 0 0 0 1 0 0 0 0 0 0 0 0 
 34 1 6 3 0 6 4 1 2 58 61 2 63 0 70 1 1 1 0 0 6 0 0 0 3 0 1 206 2 6 4 0 1 0 2 0 1 0 1 0 22 63 169 53 95 117 87 21 237 93 264 272 239 25 32 52 150 0 39 30 0 0 0 0 0 0 53 0 0 1 0 0 69 69 0 0 0 0 16 20 0 15 0 0 0 0 0 0 0 0 0 11 0 0 10 10 0 0 0 15 0 0 0 0 0 0 0 0 0 0 0 0 0 0 14 5 0 7 13 5 3 2 0 10 0 0 0 2 0 0 19 6 0 7 0 31 0 1 0 50 0 4 0 0 0 0 11 5 0 5 0 0 8 4 9 0 0 0 4 13 0 0 10 7 7 7 0 3 0 0 0 5 0 0 14 0 0 0 0 11 2 0 7 0 0 0 0 14 0 0 0 0 7 0 5 0 0 6 49 2 0 14 0 0 45 0 9 0 1 11 39 9 0 19 0 10 19 0 0 0 0 10 0 0 0 0 0 0 21 0 0 0 15 11 19 0 12 0 11 5 0 0 0 0 0 0 0 0 0 1 0 2 0 1 0 0 0 0 0 1 0 2 60 0 4 11 0 0 0 0 0 0 0 0 0 0 0 0 0 0 0 0 0 0 10 0 0 0 0 0 
 0 0 0 0 0 0 0 2 0 0 0 0 0 0 0 0 0 3 0 0 0 0 66 65 82 273 2 6 0 0 118 82 0 0 0 0 0 15 0 63 166 428 47 274 271 215 166 110 216 76 35 246 226 98 135 347 39 39 0 231 52 2 0 0 0 36 0 0 0 1 3 3 0 0 0 0 0 0 0 0 0 0 15 0 0 0 0 0 0 0 0 0 0 0 0 0 0 0 0 0 0 0 0 8 27 36 0 0 0 0 13 1 0 1 0 0 0 0 0 0 12 13 41 1 0 6 1 0 8 19 0 0 9 0 11 23 6 0 10 0 0 0 0 38 0 0 0 0 1 0 0 0 0 0 0 0 0 0 0 0 0 0 0 0 0 0 0 0 0 0 0 0 0 0 0 0 0 0 15 0 0 0 0 14 31 0 0 0 0 0 11 21 0 0 0 0 0 11 0 0 9 40 31 24 0 5 20 27 0 0 37 0 24 12 13 5 13 12 9 30 0 0 0 0 0 0 0 0 0 0 0 0 0 0 0 0 0 0 0 0 0 0 0 0 0 0 0 0 0 0 0 2 0 0 0 0 2 64 0 0 0 10 0 0 0 2 0 0 0 0 0 0 0 0 0 9 19 0 0 5 0 0 0 0 0 9 0 0 0 0 
 0 0 3 0 0 0 0 0 0 0 0 2 0 0 0 0 2 1 0 0 0 2 1 2 99 1 3 0 0 0 7 64 0 0 0 0 0 0 0 0 463 57 112 145 92 60 383 335 218 181 71 38 642 126 215 159 55 30 231 0 0 0 0 3 0 0 0 0 0 0 0 3 0 0 0 0 0 0 0 0 0 0 0 0 0 0 0 0 0 0 0 11 0 0 0 0 0 0 0 0 0 0 0 0 16 0 0 0 0 0 10 0 0 0 0 0 0 0 0 0 34 10 67 18 22 4 28 13 0 56 11 2 26 35 1 14 48 1 24 0 0 0 0 0 0 0 0 0 0 0 15 0 0 0 0 0 0 0 7 0 0 0 0 0 0 4 0 0 0 0 0 0 0 0 0 0 0 0 0 0 0 0 0 10 12 1 0 0 0 0 9 0 0 0 0 0 0 0 0 0 19 21 19 40 0 0 9 18 22 39 20 33 1 68 30 19 39 0 10 9 0 0 0 0 0 0 0 0 0 21 0 0 1 0 0 11 0 0 0 0 0 0 0 0 0 0 0 0 0 0 0 0 0 0 0 2 0 0 0 0 0 0 4 0 0 2 0 0 0 0 0 0 0 0 0 0 0 0 0 0 0 0 0 0 15 9 0 4 0 3 
 3 3 3 3 3 3 5 3 3 2 3 4 3 3 3 3 3 3 6 3 0 0 0 0 0 0 0 0 0 0 0 1 0 0 1 0 0 0 0 0 0 0 3 0 0 0 0 0 0 0 0 50 0 0 0 0 3 0 52 0 0 157 108 37 286 45 188 123 32 146 90 28 310 106 34 43 85 22 146 307 0 0 0 0 0 11 0 0 0 0 0 0 0 0 0 0 0 0 0 0 0 0 0 0 0 0 10 0 0 0 0 0 0 0 0 0 0 0 0 0 0 0 0 0 0 0 0 0 0 0 0 0 0 0 0 0 0 0 0 20 10 19 13 0 0 13 17 9 17 19 16 0 37 0 14 16 0 0 0 16 0 0 0 0 0 0 0 0 0 0 0 0 0 0 1 0 0 0 0 0 0 0 0 0 0 0 0 0 0 0 0 3 0 0 0 0 0 0 0 0 0 0 0 0 0 0 0 0 0 0 0 0 0 0 0 0 0 0 0 0 17 0 0 94 0 0 16 21 19 25 7 26 8 0 15 9 10 39 0 1 0 0 1 0 0 0 0 0 0 0 0 0 0 54 6 0 0 0 0 0 0 0 0 1 0 0 0 0 0 0 12 0 55 11 2 0 10 0 0 0 0 0 0 0 0 0 0 14 0 0 
