 0 187 125 389 77 28 341 234 40 145 131 136 165 97 212 209 161 26 222 67 0 0 3 3 3 0 0 2 3 3 0 0 3 0 0 3 4 0 0 0 0 0 0 3 1 2 0 0 5 2 0 2 2 2 3 5 4 0 3 2 0 2 3 2 2 0 5 0 0 1 3 22 0 0 0 3 0 2 0 2 44 18 25 10 0 16 15 19 26 11 14 20 18 13 26 43 27 24 8 10 0 0 0 0 0 2 0 0 0 0 0 0 8 0 0 0 0 0 0 0 0 0 2 0 0 0 0 0 0 0 0 0 0 0 0 0 0 0 2 0 0 0 0 0 0 0 0 0 0 0 0 2 0 2 1 2 7 0 0 0 5 24 71 17 11 7 6 22 13 0 16 15 10 3 0 10 33 35 0 10 0 1 0 0 2 0 0 0 0 0 0 0 0 0 0 0 0 0 14 8 1 0 0 0 0 0 0 0 0 0 0 0 0 0 0 0 0 0 0 0 0 0 0 0 0 0 1 0 0 0 0 0 0 0 0 0 0 0 19 0 0 0 0 0 0 0 1 0 89 0 1 0 0 0 37 0 0 0 0 0 0 0 0 0 0 0 0 0 0 0 0 0 0 0 0 0 0 0 0 0 0 0 0 0 0 0 0 0 0 0 
 187 0 265 56 38 31 297 230 237 44 134 130 194 100 372 336 91 35 252 137 0 0 3 3 3 0 0 2 6 3 0 0 8 0 0 3 3 0 6 90 0 0 0 0 1 0 2 2 2 0 0 0 0 3 0 3 2 0 0 2 0 3 3 3 5 0 2 1 0 0 0 12 0 1 24 2 0 0 1 3 0 11 12 0 0 0 9 14 0 75 12 0 13 15 0 25 26 0 0 14 13 8 0 2 0 0 55 0 0 0 0 0 0 11 0 0 0 0 0 21 0 0 0 0 0 0 0 2 0 0 0 0 0 0 0 0 0 0 0 0 0 0 0 0 0 0 0 1 0 0 11 0 0 0 0 0 0 0 0 0 15 1 20 13 0 10 19 19 0 10 15 0 0 1 13 14 20 0 0 10 0 0 0 0 0 0 23 0 0 0 0 0 10 5 0 0 0 0 0 17 0 0 0 0 0 0 0 0 0 0 0 0 0 0 0 0 0 9 0 0 0 0 0 2 52 0 0 0 0 0 0 0 0 0 0 0 0 0 0 0 0 0 0 0 0 0 0 0 0 0 4 4 0 0 0 0 0 0 0 0 79 0 71 0 0 0 0 0 0 0 0 0 0 0 0 12 0 8 0 0 0 0 0 0 0 0 0 0 0 0 
 125 265 0 302 109 255 293 187 215 79 113 207 71 423 140 433 103 270 218 133 0 0 77 3 3 0 0 4 1 2 0 0 62 0 0 3 3 0 1 60 0 0 0 0 1 0 0 0 2 0 0 0 0 2 0 3 0 0 0 2 0 3 3 3 0 0 2 0 0 0 0 0 0 0 1 3 0 0 0 3 28 24 56 13 13 33 22 19 22 44 41 1 27 16 47 33 14 1 11 0 15 0 0 0 0 0 12 0 0 0 1 0 8 0 0 0 1 0 0 0 0 0 0 0 0 0 0 0 0 0 0 0 0 0 0 0 0 0 0 0 0 0 0 0 0 0 0 4 0 0 0 0 0 0 0 0 0 0 0 0 11 18 19 32 9 21 38 17 85 2 0 17 31 0 11 0 35 21 10 0 0 0 1 0 0 0 0 0 0 0 0 0 52 0 0 0 0 0 9 5 0 0 25 0 0 0 0 0 0 0 0 0 0 0 0 0 0 0 0 1 0 0 0 1 0 0 10 0 0 0 0 0 0 0 0 0 0 0 0 2 0 0 0 0 0 2 2 0 90 0 0 0 0 0 0 0 0 0 0 0 0 0 15 0 0 0 0 0 0 0 0 0 0 0 0 15 0 16 0 0 0 0 0 0 0 0 0 0 0 0 
 389 56 302 0 359 256 132 133 102 102 148 49 381 164 88 360 43 47 50 70 6 0 50 121 3 1 0 2 0 5 0 0 3 0 0 84 3 0 84 73 0 0 0 4 0 0 0 2 2 2 0 1 0 2 60 3 0 0 0 2 0 2 3 2 0 0 3 0 0 0 32 0 0 0 6 5 0 0 0 2 24 28 35 14 32 12 0 0 71 20 0 30 0 11 60 0 19 23 0 0 25 11 0 2 0 0 14 0 0 0 0 0 21 0 0 0 0 0 0 0 0 0 0 0 0 0 0 1 0 0 18 0 0 0 0 5 0 0 0 0 1 0 0 5 0 0 0 0 0 0 0 0 0 0 0 0 0 0 0 0 10 10 0 28 14 7 1 14 43 30 19 0 0 0 0 20 2 28 15 0 10 8 0 0 0 0 0 16 20 0 0 0 10 0 10 0 15 0 2 14 0 0 0 10 0 0 0 0 0 0 0 0 8 9 0 0 0 0 0 0 0 6 0 13 1 0 0 0 0 0 0 0 0 0 0 0 0 0 2 2 0 8 0 0 0 2 0 2 1 2 0 7 8 0 0 0 0 0 0 0 0 0 0 0 0 0 0 0 0 0 0 0 0 0 0 13 18 0 0 0 0 0 0 0 0 0 0 0 0 0 
 77 38 109 359 0 157 161 247 199 188 118 130 64 138 161 107 123 279 103 82 2 10 154 3 3 0 76 75 73 4 2 6 36 0 6 87 26 0 75 79 0 0 0 0 0 0 4 5 3 0 4 0 0 71 0 4 0 0 3 3 4 5 3 12 0 0 2 2 0 0 0 0 0 0 5 9 2 0 5 3 2 11 59 1 27 8 2 0 17 1 0 28 0 2 0 0 32 35 0 0 15 8 0 14 0 0 25 40 29 44 13 1 31 0 0 0 28 8 63 0 0 0 0 0 0 2 0 0 0 0 0 0 0 0 0 0 0 0 0 0 43 0 20 0 0 0 0 0 0 0 0 0 0 0 0 15 0 0 0 0 2 8 0 25 19 39 1 11 16 5 0 0 0 0 0 0 0 0 5 0 10 0 0 2 0 0 23 20 0 9 0 0 0 0 15 14 13 0 41 0 0 0 0 0 0 0 0 2 0 0 0 0 0 2 0 0 0 0 0 0 6 0 0 0 24 0 0 0 0 1 0 0 0 0 0 0 0 0 0 0 0 0 0 0 0 2 1 0 2 1 0 2 10 0 0 0 0 0 78 0 0 0 0 0 0 0 0 0 0 0 0 0 0 0 0 8 1 0 0 0 0 0 0 0 0 0 0 0 0 0 
 28 31 255 256 157 0 43 44 105 148 109 135 43 245 49 127 73 221 43 66 0 0 83 80 3 0 171 2 0 2 2 0 4 142 0 4 4 0 312 0 0 0 0 0 0 0 2 1 2 3 0 0 0 4 40 3 0 0 0 2 0 3 3 3 0 0 2 1 0 0 0 1 0 0 1 6 0 0 5 3 0 0 1 26 28 18 0 0 13 6 42 0 0 0 0 0 11 0 0 0 7 16 0 0 0 0 0 4 21 0 10 0 12 9 26 0 9 0 9 28 0 0 0 0 0 0 0 0 0 0 0 0 0 0 0 0 0 0 0 0 6 0 0 0 0 0 0 0 0 0 0 0 0 0 0 0 1 0 0 0 0 0 0 33 15 1 0 0 0 17 24 7 0 0 0 0 0 0 0 0 37 1 6 0 0 0 14 14 10 0 0 0 56 1 40 19 23 0 24 0 0 0 0 0 0 0 0 0 0 0 0 0 0 0 0 0 0 0 1 0 0 0 0 0 0 0 0 0 0 0 0 0 0 0 0 0 0 0 0 0 0 1 0 0 0 4 87 1 2 86 0 8 0 0 0 0 0 0 0 0 1 0 0 0 0 0 0 0 0 0 0 0 0 0 0 0 0 0 0 1 0 0 0 0 0 5 0 0 0 0 
 341 297 293 132 161 43 0 193 158 151 231 290 190 269 49 50 119 260 113 275 2 0 3 92 3 0 1 2 1 2 6 0 1 0 0 3 3 0 0 79 0 0 0 0 5 0 2 0 2 3 0 0 0 5 0 3 0 0 0 2 4 3 3 3 1 0 2 1 0 3 0 2 0 5 2 2 0 1 1 5 19 45 2 10 0 0 25 12 11 9 0 20 39 12 48 25 0 0 46 27 0 0 0 0 0 0 0 0 0 0 0 0 15 0 0 0 0 0 0 0 0 0 0 0 0 0 0 0 0 0 0 0 0 0 0 0 0 0 0 0 0 0 0 0 0 0 0 0 0 0 0 0 0 0 0 0 55 0 1 2 19 0 0 3 6 17 7 14 20 10 1 0 15 27 9 0 3 11 0 3 0 0 0 0 0 0 0 0 0 0 0 0 0 0 0 12 0 0 3 0 0 0 0 0 0 9 0 0 0 0 0 0 0 0 0 0 0 0 0 0 0 0 0 0 0 0 0 0 0 0 0 0 0 0 0 0 0 0 0 0 0 0 0 0 0 2 0 0 1 4 0 2 0 0 0 0 1 0 0 0 0 0 1 0 0 0 0 0 0 0 0 0 0 0 0 0 0 0 0 0 0 0 0 1 0 2 0 0 0 0 
 234 230 187 133 247 44 193 0 100 64 228 77 189 414 510 387 160 249 76 195 0 0 4 61 3 0 2 2 0 3 0 2 2 1 0 3 3 0 0 0 0 0 0 0 0 0 65 0 2 2 0 57 0 2 3 3 0 0 0 2 0 3 3 3 0 0 2 0 0 0 0 17 0 0 0 3 0 0 0 3 17 75 11 29 0 1 1 15 10 0 0 40 0 21 15 38 0 24 1 24 0 0 0 1 0 0 14 0 0 0 0 0 19 0 0 0 0 0 0 0 0 0 0 0 0 0 0 0 0 0 0 0 0 0 0 0 0 0 0 0 0 0 0 9 0 0 0 0 0 0 0 0 0 0 0 23 13 0 0 0 13 2 68 11 8 10 4 15 46 36 13 0 0 19 0 14 3 10 16 31 0 0 0 0 0 0 0 0 0 0 0 0 0 0 0 0 0 0 11 15 15 0 0 0 0 0 0 0 0 0 0 0 0 0 0 0 0 0 0 0 0 0 0 22 0 0 0 0 0 0 0 0 0 0 0 0 0 0 0 0 0 0 0 0 0 4 1 0 2 1 0 0 0 0 0 0 0 0 0 0 0 0 16 0 0 63 0 0 0 0 0 0 0 0 0 0 13 0 0 0 0 0 0 0 0 0 0 0 0 0 
 40 237 215 102 199 105 158 100 0 264 380 168 70 171 71 74 156 118 178 377 0 2 3 98 3 0 0 2 1 3 0 0 81 0 0 3 3 0 156 151 63 0 0 0 1 0 0 1 2 1 0 1 0 2 0 3 0 0 0 4 1 2 3 2 0 0 3 0 0 0 0 1 0 0 0 5 0 0 5 2 1 1 24 29 1 10 0 1 11 39 52 26 0 14 5 16 29 0 0 0 0 5 0 0 0 0 29 34 0 0 0 2 0 8 10 0 0 0 17 2 0 0 0 0 1 0 0 14 0 0 0 0 0 0 0 0 0 0 0 0 0 0 0 0 0 0 0 4 0 0 0 0 0 0 0 0 0 0 0 0 9 23 0 26 14 0 0 0 1 23 7 13 0 0 2 1 0 10 0 0 15 1 0 0 0 2 0 0 10 0 0 0 49 0 11 0 0 0 13 13 0 0 9 0 0 0 0 0 0 0 0 0 0 0 0 0 0 0 0 2 0 0 0 0 0 0 0 0 0 0 0 0 0 0 0 0 0 0 0 0 0 1 0 0 0 2 3 0 2 1 0 2 2 0 0 0 0 0 0 0 0 0 0 0 0 0 0 0 0 0 0 0 0 0 0 13 0 12 0 0 0 0 0 0 0 0 0 0 0 0 
 145 44 79 102 188 148 151 64 264 0 130 144 169 436 156 264 264 60 189 82 33 2 4 120 3 0 0 2 0 5 2 1 3 37 2 3 3 0 19 1 0 0 0 0 1 0 3 0 37 0 0 0 0 2 0 3 0 0 0 2 0 5 3 6 0 0 2 2 0 0 0 0 0 0 0 12 0 0 3 2 14 0 2 37 12 0 1 9 0 16 0 11 7 13 1 34 22 36 23 0 0 0 0 0 0 24 14 10 0 0 0 0 15 6 0 1 0 0 1 16 0 0 0 0 0 0 0 0 0 21 0 0 0 0 0 0 6 0 0 0 0 0 0 0 0 0 0 3 0 0 0 0 0 0 0 0 0 0 0 0 0 29 17 11 0 0 21 28 0 1 7 14 0 0 10 44 13 23 0 4 0 0 0 0 0 0 14 10 0 0 1 0 37 9 0 0 0 0 13 10 0 0 0 0 0 0 2 1 0 0 0 0 0 0 0 0 0 0 0 0 0 0 2 0 0 0 0 1 0 0 0 0 0 0 0 0 0 0 0 0 0 0 0 0 0 3 91 0 0 1 14 1 6 0 0 0 0 0 0 2 0 0 0 0 0 0 0 0 0 0 0 0 0 1 0 42 7 0 0 0 0 0 0 0 0 0 0 0 0 0 
 131 134 113 148 118 109 231 228 380 130 0 393 65 444 60 498 77 421 100 96 0 0 3 3 3 0 73 2 2 2 1 0 97 65 0 3 3 0 75 16 0 3 0 0 3 0 0 3 2 3 0 0 0 2 0 3 0 0 0 2 0 3 3 3 0 0 2 2 0 0 0 2 2 0 44 3 0 0 0 2 25 0 24 17 11 11 0 0 0 16 93 64 19 0 14 0 11 3 0 0 18 18 0 0 13 0 11 0 0 0 0 1 21 10 28 0 0 5 16 21 0 0 0 0 2 0 0 0 2 0 0 0 0 0 0 0 0 0 0 0 0 0 0 0 0 0 0 1 0 0 0 0 0 0 0 0 0 0 0 0 2 17 1 40 27 32 0 0 33 7 11 12 0 0 10 0 0 7 0 3 10 0 32 0 0 1 1 8 0 0 0 0 20 21 0 19 0 0 11 9 0 0 0 0 0 11 0 0 0 0 0 0 0 0 0 0 0 2 1 0 0 0 0 0 0 0 0 4 0 0 0 0 0 1 0 0 0 0 0 0 0 0 0 0 2 0 1 0 1 98 2 4 0 0 0 0 0 0 0 0 0 0 0 0 0 0 0 0 0 0 0 0 0 0 0 14 0 11 0 0 0 0 0 0 0 0 0 0 0 0 
 136 130 207 49 130 135 290 77 168 144 393 0 37 156 38 242 335 276 124 59 78 0 4 3 3 2 0 2 1 30 0 0 203 0 0 3 3 0 2 148 0 0 0 0 0 0 0 0 2 1 0 0 0 2 0 6 0 0 0 2 0 3 3 3 1 0 2 0 0 0 0 2 0 0 0 3 0 0 0 6 31 14 13 41 2 15 0 0 33 23 52 82 0 0 26 0 14 0 0 0 13 10 0 12 0 0 7 0 0 19 0 0 37 7 30 0 0 0 20 42 0 0 0 0 2 0 0 0 2 0 0 3 0 0 0 0 0 0 0 0 0 0 0 0 0 0 0 7 0 0 0 0 0 0 0 0 0 0 0 0 11 13 0 18 22 12 0 0 28 36 1 0 0 0 14 24 0 19 0 0 0 0 31 0 0 1 10 0 22 0 0 0 14 15 0 18 10 0 8 1 0 0 0 0 0 0 0 0 0 0 47 0 0 0 0 0 0 2 0 1 0 0 0 0 0 0 0 0 0 0 0 0 0 0 0 0 0 0 0 0 0 0 0 0 1 1 87 1 2 42 0 5 0 0 0 0 0 0 0 0 0 0 0 0 0 0 0 0 0 0 0 0 0 0 0 9 0 7 0 0 0 0 0 0 0 0 0 0 0 0 
 165 194 71 381 64 43 190 189 70 169 65 37 0 190 240 229 439 27 295 368 1 0 3 120 3 2 0 2 0 3 0 0 2 0 0 3 4 0 0 0 0 0 0 0 1 0 0 0 2 0 0 0 0 2 0 3 0 0 0 2 0 3 3 3 0 0 2 0 0 0 0 8 0 0 1 3 0 0 0 3 59 7 96 10 0 21 41 33 0 0 14 7 40 14 13 20 27 16 10 0 0 0 0 0 0 0 0 0 0 0 0 0 0 0 0 1 0 0 0 0 0 0 0 0 0 0 0 0 0 0 0 0 0 0 0 0 0 0 0 0 0 0 0 0 0 0 0 0 0 0 0 0 0 0 0 0 7 0 0 0 6 24 22 2 0 0 17 3 32 2 16 10 11 8 0 29 16 9 17 16 0 0 0 0 0 2 0 0 0 0 0 0 1 0 0 0 0 0 2 8 0 0 0 0 0 0 2 1 0 0 0 0 0 23 0 0 0 0 0 0 0 0 2 0 21 0 0 1 0 0 0 0 0 0 0 0 0 0 0 0 0 0 0 0 0 1 0 1 88 0 2 5 0 0 0 0 0 0 0 0 0 0 0 0 0 0 0 0 0 0 0 0 0 0 0 0 0 0 0 0 0 0 0 0 0 0 0 0 0 0 
 97 100 423 164 138 245 269 414 171 436 444 156 190 0 225 52 312 329 183 110 2 2 3 3 3 0 0 2 0 2 2 0 19 0 0 3 3 0 0 0 0 5 0 0 1 0 0 0 2 0 0 0 0 2 1 3 0 2 0 2 0 7 3 9 0 0 2 4 29 0 0 0 0 0 0 7 2 0 0 2 2 22 1 9 0 0 37 11 1 4 0 24 9 27 1 41 22 46 16 10 0 0 0 0 0 0 0 0 0 0 0 0 6 0 0 2 0 0 0 0 0 0 0 0 0 2 0 0 1 0 0 0 0 0 0 0 0 0 0 0 0 11 0 4 0 0 0 0 0 0 0 0 0 0 0 0 0 0 0 0 26 0 19 12 8 27 25 29 13 17 0 0 0 0 0 0 14 3 14 16 0 0 0 1 0 0 0 0 0 0 0 0 2 0 0 0 0 0 12 0 0 0 0 0 0 0 1 2 0 0 0 0 0 0 0 0 0 0 0 0 0 0 1 0 0 0 0 2 0 0 0 0 0 7 0 0 0 0 0 0 0 0 0 0 0 0 1 0 2 21 0 11 0 0 0 0 0 0 0 2 0 0 12 0 0 0 0 0 0 19 0 0 0 0 0 0 0 0 0 0 0 0 0 0 0 0 0 0 0 0 
 212 372 140 88 161 49 49 510 71 156 60 38 240 225 0 215 402 65 104 319 76 0 3 3 3 0 0 2 0 2 0 0 2 0 0 3 3 0 0 0 2 0 0 0 0 0 3 0 2 2 0 0 0 2 0 3 0 6 0 2 0 3 3 3 0 0 2 0 0 0 0 8 0 0 0 3 0 0 0 3 25 42 15 28 0 46 11 23 10 0 0 17 0 24 27 60 0 46 1 24 0 0 0 0 0 0 12 0 0 0 0 0 33 0 0 0 0 0 0 0 0 0 0 0 0 0 0 0 0 0 0 0 0 0 0 0 0 0 0 0 0 0 0 3 1 0 0 0 0 0 0 0 0 0 0 0 19 0 0 0 0 4 44 0 0 2 1 13 37 25 7 0 0 10 0 14 15 20 29 24 0 1 0 0 0 0 0 0 0 0 0 0 1 0 0 2 0 0 0 17 0 0 0 0 0 0 0 0 0 2 0 0 0 0 2 0 0 0 0 0 0 0 1 0 0 13 0 0 0 0 0 0 0 2 0 0 0 0 0 0 0 2 0 0 0 2 3 3 58 2 0 5 0 0 0 0 0 0 0 0 0 0 13 0 0 0 2 0 0 0 0 0 0 0 0 0 14 0 0 0 0 0 0 0 0 0 0 0 0 0 
 209 336 433 360 107 127 50 387 74 264 498 242 229 52 215 0 400 204 156 61 0 0 3 3 3 0 74 2 0 2 0 0 76 0 0 3 3 0 220 79 0 0 0 0 0 0 0 0 2 0 0 0 0 2 89 3 0 0 0 2 0 3 5 3 0 0 2 0 0 0 36 1 0 0 0 5 0 1 1 3 24 17 76 35 3 11 11 0 11 14 63 11 0 0 15 8 0 54 0 0 12 0 0 2 0 0 30 11 0 0 0 0 7 0 0 0 0 2 11 23 0 0 0 0 0 0 0 15 0 0 26 0 0 0 0 9 0 0 0 0 0 0 0 0 0 0 0 0 0 0 0 0 0 0 0 0 0 0 0 0 0 25 26 8 14 12 0 0 15 2 10 69 0 0 0 2 13 21 11 11 23 0 0 0 0 0 0 0 0 0 0 0 40 0 0 0 3 0 9 42 0 0 0 0 0 0 0 0 0 0 0 0 0 0 0 0 0 0 0 0 0 3 0 1 0 0 0 0 0 0 0 0 0 0 0 0 0 0 0 2 0 0 0 0 0 0 5 0 7 87 0 5 0 0 0 0 0 0 0 0 0 0 0 0 0 0 0 0 0 0 0 0 0 0 0 0 17 8 0 0 0 0 0 0 0 0 0 0 0 0 
 161 91 103 43 123 73 119 160 156 264 77 335 439 312 402 400 0 80 217 48 2 0 3 5 3 0 0 2 1 6 0 0 7 0 0 3 4 0 0 1 0 0 0 0 1 0 0 0 2 0 0 1 0 2 0 3 0 0 0 2 0 47 3 2 0 0 3 0 0 0 0 17 0 0 0 3 0 0 0 2 1 0 12 11 0 20 26 32 16 16 0 1 7 13 3 52 15 29 45 15 0 0 0 2 0 0 0 0 0 0 0 0 9 0 1 0 0 0 0 0 2 0 0 0 0 0 0 2 0 0 0 0 0 0 0 0 0 0 0 0 0 0 0 1 0 0 0 5 0 0 0 0 0 0 0 0 0 0 0 0 0 20 61 2 0 1 20 0 0 21 9 0 0 0 9 60 15 4 2 21 0 1 0 10 0 0 0 0 0 0 0 0 1 0 0 0 0 0 0 0 0 0 0 0 0 0 0 0 0 0 0 0 0 0 0 0 0 0 0 0 0 0 0 0 0 0 0 0 0 0 0 0 0 0 0 0 0 0 0 0 0 0 0 0 0 2 44 0 86 1 0 0 0 0 0 0 0 0 0 0 0 0 0 0 0 0 0 0 0 0 0 0 0 0 0 31 0 4 0 0 0 0 0 0 0 0 0 0 0 0 
 26 35 270 47 279 221 260 249 118 60 421 276 27 329 65 204 80 0 57 111 32 2 3 3 3 2 73 2 0 2 1 2 76 23 1 3 3 0 152 18 0 0 0 0 3 0 2 3 2 0 0 0 0 3 0 6 0 0 0 4 0 3 3 3 0 0 2 1 0 0 0 1 0 0 0 2 3 1 8 3 0 0 1 41 24 44 0 20 13 17 18 19 0 10 0 18 19 9 0 12 8 14 0 0 0 0 32 13 0 0 0 0 1 28 2 0 0 0 15 43 0 0 0 0 0 0 0 0 0 0 1 0 0 0 0 0 0 0 0 0 0 0 0 13 0 0 0 0 0 0 0 0 0 0 0 0 0 0 0 0 0 0 20 11 10 0 0 14 39 61 7 19 0 0 1 0 0 0 18 33 16 7 0 0 0 0 16 24 9 0 0 0 39 42 9 14 0 0 0 1 0 0 0 0 0 0 0 0 0 1 0 0 0 0 0 0 0 0 0 0 0 0 0 0 0 0 0 0 0 0 0 0 0 0 0 0 0 0 0 0 0 0 11 0 0 3 3 1 4 176 35 7 0 0 0 0 0 0 0 0 0 0 0 0 0 0 0 0 0 0 0 0 0 0 0 0 19 0 0 0 0 0 0 0 0 0 0 0 0 0 
 222 252 218 50 103 43 113 76 178 189 100 124 295 183 104 156 217 57 0 81 2 0 3 5 5 0 0 2 0 2 2 0 58 0 0 3 8 0 1 89 0 0 0 0 2 0 1 0 2 2 0 0 0 2 0 3 0 0 0 2 3 3 3 3 0 0 2 0 0 0 0 18 0 0 0 3 0 0 0 3 0 0 19 0 0 0 45 10 0 23 20 0 9 21 0 17 9 0 25 33 16 1 17 0 0 0 9 2 0 0 1 0 0 0 0 0 1 0 0 0 0 0 0 0 0 0 0 0 0 0 0 0 0 0 21 0 0 0 0 0 0 0 0 0 0 0 0 4 0 0 0 0 0 0 0 0 18 0 0 0 0 0 19 21 0 30 44 0 0 10 10 0 8 11 26 14 0 0 1 10 0 0 1 0 0 0 0 0 0 0 0 0 20 0 0 0 0 0 0 0 0 0 0 0 0 0 0 0 0 2 0 0 0 0 2 0 0 0 0 0 0 0 0 0 0 0 0 0 0 0 0 0 0 0 0 16 0 0 0 0 0 0 0 0 0 1 0 0 0 0 0 0 0 0 0 0 0 0 0 0 0 0 0 0 0 0 0 0 0 0 0 0 0 0 0 13 0 7 0 0 0 0 0 0 0 0 0 0 0 0 
 67 137 133 70 82 66 275 195 377 82 96 59 368 110 319 61 48 111 81 0 0 0 3 3 3 0 0 2 4 2 0 0 2 0 0 3 4 1 0 0 0 0 0 3 2 2 0 0 5 3 0 0 2 2 3 5 0 0 2 2 0 3 3 3 2 0 4 0 0 0 3 8 2 0 0 3 8 2 0 3 53 11 1 0 0 0 19 12 10 0 0 0 36 31 10 0 15 0 29 37 0 0 0 0 0 0 0 0 0 0 0 0 0 0 0 0 0 0 0 0 0 0 0 0 0 0 0 0 0 0 0 1 0 0 13 0 0 0 0 0 0 0 0 0 0 0 0 0 1 0 0 20 0 0 9 0 46 0 0 0 0 0 3 0 0 0 11 0 0 0 21 1 45 75 4 1 59 0 0 16 0 0 0 0 0 0 0 0 0 0 0 0 0 0 0 0 0 0 0 0 0 0 0 0 0 2 0 0 0 0 0 0 1 0 0 2 0 9 0 0 0 0 0 0 2 0 0 0 0 0 0 0 0 0 0 2 0 0 0 0 0 0 0 0 0 2 3 0 0 2 0 2 0 0 0 0 0 0 0 0 0 0 0 0 0 0 0 0 0 0 0 0 0 2 0 0 0 0 0 0 0 0 0 0 0 0 0 0 0 0 
 0 0 0 6 2 0 2 0 0 33 0 78 1 2 76 0 2 32 2 0 0 201 136 225 104 41 73 391 338 45 112 120 114 147 142 144 209 351 44 103 2 1 0 0 3 0 0 3 0 5 0 0 2 5 0 0 0 4 0 0 0 0 3 0 0 54 0 3 0 0 0 2 0 0 0 0 0 0 0 0 0 0 0 0 0 15 0 0 0 0 0 0 1 0 0 0 1 0 0 0 8 0 18 31 49 0 18 12 12 96 0 13 0 8 0 31 0 34 11 18 0 0 0 0 0 0 0 0 0 0 0 0 0 0 0 0 0 0 0 0 0 0 0 2 0 4 0 0 0 0 2 0 0 0 0 0 0 0 0 2 0 1 3 0 0 0 0 0 0 0 0 7 0 0 0 17 0 8 0 0 10 25 9 19 56 0 38 29 1 13 12 41 2 15 0 7 24 23 7 0 0 0 0 0 0 0 0 0 0 0 0 0 0 0 0 0 0 0 0 11 0 1 0 12 0 0 0 0 0 0 0 0 0 0 0 0 0 2 0 0 0 0 15 0 0 0 0 0 0 0 2 0 0 0 6 0 0 1 0 1 0 0 0 0 0 0 0 0 0 0 0 0 0 0 0 0 7 0 0 0 0 8 0 0 0 0 13 0 0 0 
 0 0 0 0 10 0 0 0 2 2 0 0 0 2 0 0 0 2 0 0 201 0 517 87 49 335 174 132 477 361 50 33 57 325 429 158 65 329 46 128 5 1 2 1 6 0 125 3 2 8 0 0 56 0 0 2 0 8 63 69 1 0 0 5 0 0 0 3 0 0 0 1 0 0 0 1 7 0 0 0 0 0 0 0 0 0 0 0 0 0 8 0 0 0 0 0 0 0 0 0 0 0 36 30 106 18 0 39 23 15 18 11 0 40 23 28 48 4 0 0 0 2 0 0 0 0 17 0 0 0 0 0 13 0 0 1 0 0 21 19 0 0 0 0 0 16 0 0 0 0 0 0 0 0 0 0 0 0 0 0 0 0 0 0 0 5 0 0 1 0 0 0 0 0 1 0 0 0 0 0 0 28 17 16 10 32 1 0 16 19 77 3 0 4 17 8 25 22 0 15 29 0 0 0 24 0 0 0 0 0 0 0 0 0 1 0 14 0 12 14 0 0 0 0 0 0 0 0 11 0 0 0 0 0 0 0 0 0 0 0 0 0 1 0 0 0 0 0 0 0 0 0 0 2 5 1 2 55 19 2 2 13 1 0 0 0 0 0 0 0 1 0 0 0 0 0 0 0 0 2 0 0 0 0 0 0 0 0 0 0 
 3 3 77 50 154 83 3 4 3 4 3 4 3 3 3 3 3 3 3 3 136 517 0 271 144 33 327 303 249 157 45 105 353 158 418 345 66 135 39 248 2 1 7 0 6 1 0 3 0 4 0 0 2 30 0 0 0 6 0 0 0 3 0 0 0 0 0 4 0 4 0 2 0 0 24 3 0 0 0 0 1 0 1 0 15 11 0 1 25 10 0 0 0 29 0 0 10 10 0 0 11 31 27 19 16 0 0 28 26 17 0 23 9 0 8 11 26 0 2 0 1 0 0 0 0 0 0 0 0 0 0 0 0 0 2 0 0 0 33 17 4 0 1 0 0 0 0 0 0 0 0 0 0 0 0 0 0 0 0 0 0 12 0 10 0 0 0 49 23 0 0 2 0 0 0 0 1 14 0 0 14 7 13 19 14 21 24 0 39 0 0 11 0 0 31 0 26 1 19 14 0 0 0 0 0 0 12 0 0 0 0 0 0 0 0 1 0 0 0 9 0 0 0 0 15 0 0 0 0 0 0 0 0 0 0 0 0 0 0 0 0 0 9 0 0 1 0 0 0 0 0 0 38 0 11 0 2 2 79 1 0 35 0 0 0 0 0 0 0 0 0 0 0 0 0 20 0 0 0 0 0 0 0 0 0 9 0 0 0 0 
 3 3 3 121 3 80 92 61 98 120 3 3 120 3 3 3 5 3 5 3 225 87 271 0 157 220 165 134 73 253 106 125 162 181 64 128 193 262 406 157 4 2 0 0 3 0 0 4 0 3 0 1 2 2 64 0 0 0 63 0 0 0 0 0 0 0 0 3 0 0 0 2 0 0 0 0 27 0 0 0 0 0 0 0 0 0 0 7 0 23 0 0 2 0 0 0 0 0 0 1 26 52 0 14 0 1 22 17 34 9 0 30 0 0 0 16 2 14 0 0 37 1 0 1 0 0 13 35 0 0 0 0 0 4 0 0 13 0 13 22 0 0 0 2 0 0 0 0 0 0 6 0 0 0 0 0 0 0 0 2 1 0 6 0 0 5 0 0 0 0 0 0 0 0 1 0 0 0 0 0 22 15 1 14 12 1 0 0 11 2 0 28 0 0 20 0 0 0 0 1 33 2 7 0 0 0 21 43 0 0 1 0 26 0 0 23 13 0 32 19 0 18 0 0 0 0 0 0 0 0 0 0 0 0 1 0 0 2 0 0 0 0 0 0 0 0 0 0 0 0 0 0 0 0 7 0 1 76 76 0 16 1 0 0 0 80 0 0 0 0 0 0 0 0 0 0 0 0 0 0 0 11 0 0 0 10 9 0 0 0 
 3 3 3 3 3 3 3 3 3 3 3 3 3 3 3 3 3 3 5 3 104 49 144 157 0 544 198 102 87 230 113 113 80 69 214 67 234 121 271 63 131 0 0 0 6 3 0 67 0 18 3 3 6 83 73 1 1 9 24 0 8 0 0 0 0 2 0 3 0 0 0 5 0 2 0 0 0 0 0 0 0 2 0 0 0 10 0 0 0 0 0 0 0 0 0 0 0 0 0 0 0 0 28 37 56 0 0 16 0 18 0 18 0 0 0 17 25 13 0 0 14 18 6 12 0 0 59 30 0 0 16 0 35 16 0 1 13 1 2 54 26 0 0 0 0 0 0 0 8 0 4 0 0 0 0 0 0 0 0 0 0 4 0 0 0 0 0 0 0 0 0 8 0 2 0 0 0 0 0 2 0 6 30 44 1 16 10 0 0 5 1 11 0 0 0 0 20 26 0 0 22 0 4 0 0 15 32 24 0 20 1 0 14 9 9 5 9 0 44 69 25 0 0 0 0 1 0 0 0 0 0 0 0 0 0 0 0 0 0 0 0 0 0 0 0 0 0 0 0 0 0 0 0 0 20 0 2 83 0 0 14 0 0 0 0 0 14 0 0 0 0 0 0 0 0 0 2 0 0 13 0 0 0 0 0 0 0 0 0 0 
 0 0 0 1 0 0 0 0 0 0 0 2 2 0 0 0 0 2 0 0 41 335 33 220 544 0 40 19 53 165 97 138 38 275 98 161 66 388 682 39 68 1 0 0 3 0 62 67 0 126 0 0 3 2 0 0 0 129 122 0 6 0 1 0 4 0 0 3 0 0 0 0 0 0 2 0 0 0 41 0 0 0 0 0 0 0 0 0 0 0 0 0 0 2 2 11 0 0 2 0 0 0 20 0 11 1 1 0 0 11 0 0 0 0 2 15 35 12 0 0 25 46 21 1 1 0 0 0 0 1 3 0 30 4 1 11 11 1 19 22 0 0 0 0 0 0 0 0 2 2 0 0 0 0 0 0 0 0 0 0 1 0 0 0 0 0 0 0 0 0 0 0 0 0 0 2 0 0 0 0 0 10 2 19 0 45 0 0 0 33 15 19 0 0 0 17 0 16 0 0 15 14 7 0 0 0 11 37 14 0 12 0 14 23 12 29 22 0 29 34 0 0 0 0 0 0 0 0 0 1 0 0 2 0 0 0 0 0 0 0 0 0 1 0 0 2 0 0 0 0 0 0 0 0 11 0 6 73 74 1 21 4 0 0 0 0 12 0 0 0 0 0 0 0 0 0 0 0 0 14 0 10 0 0 17 0 0 0 0 0 
 0 0 0 0 76 171 1 2 0 0 73 0 0 0 0 74 0 73 0 0 73 174 327 165 198 40 0 205 232 141 121 53 181 230 351 21 121 105 50 98 2 1 3 0 3 0 4 7 0 5 4 0 3 31 0 0 0 15 6 0 4 0 0 6 7 0 5 3 0 0 0 1 0 0 0 0 0 0 0 0 0 0 0 13 14 34 0 0 0 8 18 0 0 0 0 0 0 0 0 0 51 22 10 18 0 0 0 1 38 51 10 23 10 11 0 27 0 9 4 0 0 0 0 0 0 0 0 0 0 0 0 1 0 0 0 0 0 16 0 0 4 0 0 0 0 0 0 0 0 0 0 1 0 19 0 0 0 0 0 0 0 0 0 0 0 0 0 0 0 0 0 0 0 0 0 0 0 0 0 0 35 6 3 6 6 0 54 22 36 0 0 16 14 15 18 0 14 11 31 28 0 0 0 0 0 0 0 0 1 1 0 0 0 0 0 2 0 0 0 0 0 0 0 0 0 0 0 0 0 0 0 0 0 0 0 0 0 0 0 0 0 0 0 0 0 0 0 0 0 62 0 0 0 0 2 0 2 13 0 0 3 7 0 0 0 0 0 0 0 0 0 0 0 0 0 0 12 0 0 0 0 0 0 0 0 35 15 0 0 0 
 2 2 4 2 75 2 2 2 2 2 2 2 2 2 2 2 2 2 2 2 391 132 303 134 102 19 205 0 174 175 300 128 201 263 280 422 196 367 150 133 2 0 0 0 3 0 0 3 0 5 0 0 4 3 0 0 0 0 15 0 0 0 0 0 0 0 0 3 0 0 0 3 0 0 0 0 0 0 0 0 0 0 0 0 34 13 0 0 0 0 0 0 0 0 0 1 0 0 0 0 6 1 12 12 8 0 89 18 41 49 25 15 0 0 6 47 19 31 34 1 0 0 0 0 0 0 0 0 2 0 0 0 0 0 0 0 0 0 0 0 0 0 0 0 13 5 0 0 0 0 0 0 0 0 0 0 0 0 0 0 0 0 0 0 30 17 0 0 0 0 1 15 0 0 0 1 0 3 0 0 30 32 14 19 36 0 14 38 10 20 22 18 0 38 15 25 5 32 19 0 0 0 0 0 0 0 0 0 0 0 0 2 0 0 0 0 0 0 0 0 0 0 0 0 0 0 0 0 0 0 0 0 0 0 0 0 0 0 0 0 0 0 0 0 0 0 0 0 0 0 0 0 0 0 13 1 0 0 1 1 0 0 0 0 0 0 0 0 0 0 29 0 0 0 0 0 38 0 0 0 0 8 0 0 2 0 11 0 0 0 
 3 6 1 0 73 0 1 0 1 0 2 1 0 0 0 0 1 0 0 4 338 477 249 73 87 53 232 174 0 228 136 34 191 239 218 250 116 33 83 169 2 0 64 0 3 35 36 23 0 5 0 0 2 62 0 0 0 1 9 20 0 0 0 0 0 0 0 3 0 0 0 4 0 2 0 0 0 0 0 0 0 0 0 0 0 0 0 0 0 0 0 0 0 0 0 0 0 0 0 0 9 0 15 49 6 0 25 29 35 41 15 6 2 20 7 7 7 27 25 0 0 0 0 0 0 0 0 0 0 0 0 0 1 0 0 0 0 0 18 0 0 0 0 0 0 0 0 0 0 0 0 0 0 0 0 0 0 0 0 0 0 0 0 0 13 14 0 0 8 0 0 0 13 0 0 0 0 0 0 21 11 22 0 9 31 1 9 0 25 11 11 10 0 23 8 19 0 15 13 22 10 0 0 0 0 0 0 0 0 0 0 0 9 1 8 0 0 0 0 11 0 0 0 0 0 0 0 0 0 0 0 0 0 0 0 0 0 0 0 0 0 0 0 0 0 0 0 0 0 0 0 0 0 0 16 0 2 78 42 2 2 16 0 0 0 0 0 0 0 0 0 0 0 0 0 0 0 0 0 0 0 0 0 0 0 0 9 3 0 0 
 3 3 2 5 4 2 2 3 3 5 2 30 3 2 2 2 6 2 2 2 45 361 157 253 230 165 141 175 228 0 258 37 52 123 196 240 352 137 161 64 2 1 0 0 3 0 0 3 0 4 2 0 2 3 4 0 0 1 0 1 0 0 0 0 2 0 0 3 0 0 0 1 0 0 0 0 0 0 0 0 0 0 0 0 2 2 0 0 0 0 0 0 0 0 0 0 0 0 0 0 7 12 35 40 11 12 12 43 22 21 0 8 3 19 12 73 45 21 0 2 11 0 5 0 0 0 11 19 0 0 0 2 37 0 0 2 0 0 27 34 0 0 0 0 0 0 0 0 0 0 0 1 0 0 2 0 0 0 0 0 4 0 0 0 0 0 0 0 5 0 0 0 0 0 4 27 0 0 0 0 11 44 0 60 0 46 0 0 21 10 52 0 1 4 9 28 0 14 0 26 9 15 0 0 0 0 23 0 0 1 0 0 19 3 0 16 23 0 0 1 0 0 0 0 0 0 0 0 0 0 0 0 0 0 0 0 0 0 0 10 0 0 1 0 0 0 0 0 0 0 0 0 0 0 6 0 0 80 40 2 4 21 0 0 0 0 0 0 0 0 0 0 0 0 0 0 0 0 0 14 0 15 0 0 0 0 11 0 0 0 
 0 0 0 0 2 2 6 0 0 2 1 0 0 2 0 0 0 1 2 0 112 50 45 106 113 97 121 300 136 258 0 333 47 121 65 155 588 141 33 126 2 3 0 0 3 0 68 9 0 3 0 2 6 2 132 0 0 0 92 61 40 0 0 0 0 0 0 3 0 0 0 6 0 0 0 0 0 0 0 0 0 21 0 0 0 0 8 0 0 0 0 0 2 0 0 0 0 0 0 0 10 9 0 18 0 28 21 0 39 9 13 12 0 0 0 10 0 9 0 0 25 8 24 0 0 0 13 43 0 0 16 0 20 0 0 0 11 0 50 23 0 2 0 0 0 0 0 0 0 0 8 0 0 0 0 0 0 0 0 0 5 0 0 0 0 0 0 0 0 0 0 0 0 0 12 0 0 0 0 0 24 28 0 31 13 11 0 0 2 22 23 51 0 0 0 0 0 0 0 0 19 0 0 0 0 0 19 16 0 0 1 0 13 12 2 23 12 0 23 32 0 0 0 0 0 0 0 0 0 12 0 0 0 0 2 0 0 0 0 0 0 0 0 0 0 2 0 0 0 0 0 0 1 0 12 1 6 82 76 1 6 0 0 0 0 0 0 2 0 0 0 0 0 0 0 0 0 0 0 0 0 0 0 0 0 0 9 0 0 0 
 0 0 0 0 6 0 0 2 0 1 0 0 0 0 0 0 0 2 0 0 120 33 105 125 113 138 53 128 34 37 333 0 28 38 45 54 387 115 31 28 3 0 0 0 3 0 1 3 0 3 29 0 2 2 101 0 0 0 51 1 1 0 0 0 1 0 0 3 0 0 0 2 0 1 0 0 0 0 0 0 1 0 0 0 0 0 0 2 0 0 0 0 0 0 0 0 0 0 0 0 0 0 0 0 51 44 0 0 0 0 22 1 0 0 19 0 0 7 0 0 29 51 22 0 0 0 14 17 0 0 41 0 0 9 29 17 16 0 36 0 0 0 0 0 0 3 2 0 0 1 0 0 0 0 0 0 0 0 0 2 6 0 0 0 0 0 0 0 0 0 0 2 0 0 3 0 0 0 0 0 0 2 0 25 25 36 0 0 0 30 15 59 0 0 0 8 0 8 0 0 0 1 1 0 0 0 1 9 29 0 0 0 32 9 0 19 24 11 18 23 0 0 0 0 0 0 0 0 0 0 0 0 0 0 9 0 0 0 0 0 0 0 0 0 0 0 0 0 0 0 0 0 0 0 7 0 0 4 1 0 18 0 0 0 0 0 0 0 0 0 0 0 0 0 0 0 0 0 0 0 0 6 0 0 0 0 0 0 0 0 
 3 8 62 3 36 4 1 2 81 3 97 203 2 19 2 76 7 76 58 2 114 57 353 162 80 38 181 201 191 52 47 28 0 104 61 123 243 42 61 377 2 4 0 5 3 0 0 8 0 5 0 0 2 0 1 0 3 0 4 2 0 0 0 0 0 2 0 1 0 3 0 7 0 1 1 0 3 0 0 0 0 0 8 16 0 28 0 0 0 10 80 41 0 0 0 0 0 0 0 0 29 22 0 3 1 0 21 27 17 42 1 9 21 12 28 0 19 25 44 11 0 0 0 0 0 0 0 0 0 0 0 0 0 0 0 0 0 0 0 2 2 0 0 0 3 0 0 1 0 0 0 0 0 0 0 0 0 0 0 0 0 1 0 27 33 29 14 0 0 0 0 0 0 0 10 11 0 13 0 0 1 0 45 3 0 0 36 13 13 8 3 0 8 42 20 19 4 17 14 0 0 0 0 0 13 0 13 0 0 0 0 0 0 13 0 0 0 0 10 0 0 0 0 0 0 0 0 0 0 0 0 0 0 0 0 0 0 0 0 0 0 0 0 0 0 0 0 0 0 25 0 0 0 0 11 9 2 0 0 1 2 0 0 0 0 0 0 0 0 0 2 0 0 0 0 14 0 11 0 1 0 0 0 0 0 2 0 0 0 0 
 0 0 0 0 0 142 0 1 0 37 65 0 0 0 0 0 0 23 0 0 147 325 158 181 69 275 230 263 239 123 121 38 104 0 156 151 96 117 205 129 2 0 0 0 3 0 0 3 0 3 1 0 2 2 0 0 0 7 0 0 0 0 0 0 0 0 0 3 0 0 0 3 0 0 0 0 0 0 0 0 0 0 0 0 38 0 0 0 0 0 12 0 0 0 0 0 0 0 0 0 29 9 12 15 21 0 1 23 38 8 0 13 0 30 10 80 0 0 15 13 0 0 0 0 0 0 0 0 0 0 0 0 0 0 2 0 10 0 0 0 0 0 1 0 5 0 0 0 0 0 0 0 0 0 0 0 0 0 0 0 0 0 0 0 0 0 1 19 31 0 18 0 0 0 0 0 19 0 0 0 53 28 17 8 8 0 7 19 62 0 22 13 25 24 3 10 32 14 0 13 0 1 0 0 0 0 1 0 0 0 0 0 0 0 0 0 0 0 0 0 0 0 0 0 0 0 0 0 0 0 0 0 0 0 0 0 0 0 0 0 0 0 1 0 0 0 0 0 0 74 0 0 0 0 1 2 1 1 0 0 2 26 0 0 0 0 0 0 0 0 0 0 0 0 0 0 0 0 0 0 0 1 0 0 0 12 12 0 0 0 
 0 0 0 0 6 0 0 0 0 2 0 0 0 0 0 0 0 1 0 0 142 429 418 64 214 98 351 280 218 196 65 45 61 156 0 300 147 331 68 141 2 0 0 0 3 0 0 3 0 5 207 0 3 2 0 0 0 6 0 1 0 0 2 0 0 0 0 3 0 0 0 1 0 0 0 0 6 0 0 0 0 0 0 0 0 0 0 0 0 0 0 0 0 0 0 0 0 5 0 0 0 0 54 21 44 39 0 43 21 8 3 8 0 38 17 70 8 7 0 0 0 0 0 0 0 0 2 0 0 0 0 0 9 0 0 0 0 0 23 54 0 0 2 0 0 0 0 0 0 0 0 0 0 0 0 0 0 0 0 0 0 0 0 0 0 39 0 0 1 0 0 19 0 0 1 0 2 0 0 10 0 55 13 9 10 39 8 14 47 9 24 20 0 27 27 15 57 46 0 13 33 0 0 0 0 0 0 0 0 0 0 0 0 0 0 0 0 0 12 0 0 0 0 0 0 0 0 0 0 0 0 0 0 0 0 0 0 0 0 0 0 0 2 0 0 0 0 0 0 0 2 0 0 2 4 1 1 115 14 3 0 16 0 0 2 0 0 0 0 0 0 0 0 0 0 0 0 1 0 12 0 1 0 0 0 0 0 0 0 0 
 3 3 3 84 87 4 3 3 3 3 3 3 3 3 3 3 3 3 3 3 144 158 345 128 67 161 21 422 250 240 155 54 123 151 300 0 236 87 32 185 2 1 0 0 3 0 67 9 0 5 2 2 2 3 0 2 0 0 4 63 3 0 0 0 0 0 0 3 1 0 0 2 0 0 0 0 0 3 0 0 0 0 0 0 29 0 0 0 0 0 0 0 0 1 1 0 1 0 0 2 18 9 33 11 20 0 16 36 43 19 0 0 0 18 11 65 15 6 23 0 0 0 0 0 2 0 0 0 0 15 0 0 14 0 0 0 0 0 16 7 1 0 0 0 0 4 1 13 0 0 0 0 12 0 0 0 0 0 0 1 0 0 0 0 25 33 0 0 3 0 0 0 0 0 0 0 0 0 0 0 15 61 1 25 15 23 7 25 14 1 32 30 19 9 7 10 0 17 9 0 15 0 0 0 20 0 0 0 0 0 0 0 0 0 0 0 0 0 0 1 13 0 0 0 0 0 0 0 0 2 0 0 0 0 0 0 0 0 0 0 0 9 0 0 0 1 0 0 0 0 0 0 0 2 3 0 0 42 61 1 0 14 0 0 2 0 0 0 0 0 0 0 0 0 0 0 0 0 0 0 0 10 0 0 0 0 13 0 0 0 
 4 3 3 3 26 4 3 3 3 3 3 3 4 3 3 3 4 3 8 4 209 65 66 193 234 66 121 196 116 352 588 387 243 96 147 236 0 154 39 288 11 9 0 2 4 0 0 6 0 9 0 0 5 1 3 0 0 0 2 3 0 0 0 0 0 0 0 6 0 2 0 5 0 0 2 0 0 0 0 0 0 0 0 0 0 17 0 0 0 0 0 0 0 0 0 0 0 0 0 0 40 0 21 11 25 1 10 43 26 16 21 46 0 0 0 34 26 32 8 0 0 0 0 0 0 0 0 0 0 0 0 0 0 0 0 0 0 0 0 35 0 0 0 0 1 0 1 0 0 0 20 0 0 0 0 0 0 0 0 1 0 0 0 0 9 19 2 0 0 0 0 0 0 0 0 13 0 8 0 2 6 13 19 75 22 3 31 24 21 18 20 24 0 17 10 12 10 23 13 0 15 0 0 0 0 2 12 0 0 0 0 0 0 2 0 0 0 0 5 8 0 0 0 0 0 0 0 0 0 0 0 0 0 0 0 0 0 0 0 0 0 0 0 0 0 0 0 0 0 0 0 0 0 0 16 0 0 79 0 0 0 0 0 0 0 0 0 0 0 0 0 0 0 0 0 0 0 0 0 18 0 0 0 0 0 0 0 0 0 0 
 0 0 0 0 0 0 0 0 0 0 0 0 0 0 0 0 0 0 0 1 351 329 135 262 121 388 105 367 33 137 141 115 42 117 331 87 154 0 39 59 34 1 0 0 3 0 65 3 3 3 0 0 3 7 0 0 0 5 61 0 5 0 0 0 47 0 0 50 0 0 0 3 0 0 0 0 0 0 0 0 0 0 0 0 0 0 0 0 0 0 0 0 0 0 0 24 20 0 0 0 8 0 14 2 1 0 0 21 0 0 1 8 1 14 0 10 15 0 0 1 18 6 0 0 0 0 1 12 0 0 0 17 16 0 0 11 14 0 13 2 0 0 0 0 0 3 0 0 8 0 0 2 0 0 1 0 0 0 0 0 6 0 0 0 0 0 0 0 0 0 0 0 0 0 0 0 0 0 0 0 0 8 12 15 37 0 0 0 11 51 23 23 2 30 19 0 0 1 0 0 10 10 0 0 0 0 12 23 55 0 0 0 26 1 11 3 12 0 82 18 0 0 0 0 0 0 0 0 0 0 0 0 0 0 0 0 0 0 0 1 0 0 26 0 0 0 0 0 0 0 0 0 0 0 9 0 3 4 1 4 16 12 0 0 0 0 10 0 0 0 0 0 0 14 0 0 0 0 0 1 0 20 0 0 0 0 0 0 0 0 
 0 6 1 84 75 312 0 0 156 19 75 2 0 0 0 220 0 152 1 0 44 46 39 406 271 682 50 150 83 161 33 31 61 205 68 32 39 39 0 97 2 2 0 0 3 0 0 4 0 5 0 0 2 2 0 0 1 0 1 0 3 0 0 0 3 2 0 5 0 0 2 4 0 0 1 6 0 0 17 0 0 0 0 26 59 13 0 0 0 8 13 0 0 2 1 0 23 15 0 0 23 18 0 0 0 0 1 13 12 0 0 0 0 17 29 0 0 0 12 25 0 0 0 0 1 0 0 0 0 0 2 0 0 0 0 0 0 0 0 0 2 0 0 0 0 0 0 0 2 0 0 0 0 0 0 0 0 0 0 0 0 1 0 55 0 10 1 12 3 11 0 21 0 0 0 0 0 0 0 0 39 12 10 0 0 0 0 18 9 0 16 0 52 0 14 0 9 0 13 13 0 0 0 0 0 0 0 0 0 0 2 0 2 0 0 0 0 0 15 2 0 0 0 0 0 0 0 0 0 1 0 0 2 0 0 0 0 0 0 0 0 7 0 0 10 2 74 0 0 61 0 0 8 0 2 1 0 0 0 0 0 0 0 0 0 0 0 0 0 0 0 0 0 0 0 12 13 1 0 0 0 0 0 0 0 34 0 0 0 0 
 0 90 60 73 79 0 79 0 151 1 16 148 0 0 0 79 1 18 89 0 103 128 248 157 63 39 98 133 169 64 126 28 377 129 141 185 288 59 97 0 2 0 2 0 3 62 0 15 0 5 0 0 2 1 0 0 0 0 0 0 0 0 0 0 2 0 0 3 0 0 0 4 0 0 0 0 0 0 2 0 0 0 9 0 13 13 0 0 0 27 21 0 0 0 0 0 17 0 0 0 36 10 0 18 0 0 46 0 26 23 0 0 0 10 0 22 0 12 29 19 0 0 0 0 0 0 0 0 0 0 0 0 0 0 0 0 0 0 0 0 0 0 0 0 0 0 0 1 0 0 0 0 0 0 0 0 0 0 0 0 0 0 0 12 12 22 0 19 0 3 8 0 0 0 12 6 0 7 0 0 18 24 0 16 17 0 46 32 1 0 4 29 53 13 3 1 26 13 24 8 0 0 0 0 0 0 0 0 0 0 0 0 0 0 0 0 9 15 0 0 0 0 0 0 0 0 0 0 0 0 0 10 0 0 0 0 0 0 0 0 0 11 0 0 0 0 1 0 0 0 0 0 0 0 7 0 3 2 0 2 2 0 0 0 0 0 0 0 0 0 0 0 0 0 0 12 0 8 0 0 0 0 0 0 0 0 14 0 0 0 
 0 0 0 0 0 0 0 0 63 0 0 0 0 0 2 0 0 0 0 0 2 5 2 4 131 68 2 2 2 2 2 3 2 2 2 2 11 34 2 2 0 147 119 92 259 32 222 370 65 42 15 127 154 98 120 120 30 42 221 58 6 0 0 0 0 0 0 0 5 0 0 0 7 0 6 0 0 0 0 0 0 0 0 0 0 0 0 0 0 0 0 0 0 2 0 1 0 0 0 0 0 0 0 0 0 0 0 0 0 0 0 0 3 0 0 0 18 0 0 0 0 40 1 9 13 0 18 15 16 31 9 9 13 19 10 37 0 10 0 4 0 0 14 0 0 0 0 0 5 0 0 0 0 0 6 2 0 7 0 0 0 4 0 0 0 0 0 0 0 0 0 0 0 0 0 0 0 0 0 3 0 0 0 0 0 0 0 0 0 18 11 0 0 0 0 0 0 0 0 0 8 33 12 18 3 0 8 19 9 16 1 19 10 0 32 13 8 30 1 34 1 0 0 0 0 0 0 9 1 0 3 0 0 0 1 0 0 0 0 0 0 0 0 0 0 0 0 0 0 0 0 0 0 0 0 0 0 0 0 0 2 0 0 0 43 0 18 0 0 0 9 0 0 0 0 0 0 0 0 0 0 0 0 0 1 0 0 14 2 0 
 0 0 0 0 0 0 0 0 0 0 3 0 0 5 0 0 0 0 0 0 1 1 1 2 0 1 1 0 0 1 3 0 4 0 0 1 9 1 2 0 147 0 172 64 38 103 136 202 41 69 34 211 109 85 288 113 102 30 59 262 0 0 0 0 0 0 0 0 0 0 0 2 0 0 0 0 50 0 0 0 0 0 0 0 0 0 0 0 0 0 0 0 0 0 0 0 0 0 0 0 0 0 0 0 0 0 0 0 0 0 0 0 0 0 0 0 0 0 0 0 0 0 0 17 43 9 7 16 21 49 0 0 0 11 4 40 11 22 0 0 0 0 4 0 0 0 0 0 0 0 0 0 11 10 14 0 0 22 17 0 1 0 0 0 0 0 0 0 0 0 0 0 0 0 0 0 0 0 0 0 0 0 0 0 0 0 0 0 0 0 0 0 0 0 0 0 0 0 0 0 0 28 8 27 11 7 10 19 12 35 16 14 0 13 1 9 10 88 0 0 25 0 0 0 0 0 0 6 1 0 0 0 22 3 12 0 0 0 0 3 0 0 0 0 0 0 0 0 0 19 0 6 0 2 0 0 0 0 0 2 0 0 0 0 35 0 0 0 0 0 3 0 0 0 0 0 0 0 0 0 0 0 0 0 0 15 0 14 0 0 
 0 0 0 0 0 0 0 0 0 0 0 0 0 0 0 0 0 0 0 0 0 2 7 0 0 0 3 0 64 0 0 0 0 0 0 0 0 0 0 2 119 172 0 132 61 24 123 152 242 140 52 94 108 302 49 119 25 118 22 96 2 0 0 0 0 0 2 0 4 0 0 1 81 54 69 0 0 0 3 0 0 0 0 0 0 0 0 0 0 0 0 0 0 0 0 0 0 0 0 0 0 0 0 0 0 0 0 0 0 0 0 0 0 0 0 0 0 0 0 0 0 0 1 0 0 22 0 16 20 8 0 63 0 10 9 25 0 28 7 0 0 0 4 0 1 0 22 0 31 3 0 0 0 47 2 24 0 2 0 0 0 0 0 0 0 0 0 0 0 0 0 0 3 0 0 16 0 0 0 0 0 0 0 0 0 0 0 0 0 0 0 0 0 0 0 0 0 0 0 0 0 37 19 2 0 1 8 11 0 39 0 27 14 0 0 9 21 3 0 0 34 20 7 1 0 0 6 43 25 0 10 0 16 19 0 0 11 2 48 0 0 0 0 0 0 0 0 0 0 0 0 5 0 2 0 0 0 0 0 21 60 0 0 3 0 2 17 1 0 0 10 0 0 0 0 0 0 0 0 0 0 0 0 0 1 0 0 0 1 0 
 3 0 0 4 0 0 0 0 0 0 0 0 0 0 0 0 0 0 0 3 0 1 0 0 0 0 0 0 0 0 0 0 5 0 0 0 2 0 0 0 92 64 132 0 90 42 169 98 160 205 81 336 158 91 353 221 250 216 91 125 0 0 5 6 0 0 0 0 5 0 0 1 51 0 2 0 0 2 49 53 0 0 0 0 0 0 0 0 0 0 0 0 0 0 0 0 0 0 0 0 0 0 0 0 0 0 0 0 0 0 0 0 17 0 0 0 0 0 0 0 1 6 18 10 0 0 20 31 27 14 9 3 0 9 7 21 21 19 0 0 0 0 0 0 0 13 0 0 13 0 0 0 0 10 14 0 0 10 26 0 0 0 0 0 0 0 0 0 0 0 0 0 0 0 0 0 0 0 0 2 0 0 0 0 0 0 0 0 0 0 0 0 0 0 0 0 0 0 0 0 0 23 13 12 18 2 0 11 19 0 0 8 0 0 22 8 13 0 0 4 0 6 0 6 10 0 0 0 0 9 52 0 0 0 25 1 0 0 0 11 0 0 5 0 0 0 0 0 0 0 0 0 0 0 0 0 0 0 0 9 0 0 89 0 2 11 12 7 2 0 0 0 0 0 0 0 0 0 0 0 0 0 0 0 3 0 0 16 0 0 
 1 1 1 0 0 0 5 0 1 1 3 0 1 1 0 0 1 3 2 2 3 6 6 3 6 3 3 3 3 3 3 3 3 3 3 3 4 3 3 3 259 38 61 90 0 126 69 150 96 73 294 140 180 82 109 96 43 258 274 89 0 0 0 5 0 2 0 0 0 0 0 2 1 2 0 0 0 2 0 5 0 0 0 0 0 0 0 0 0 0 0 0 0 0 0 0 0 0 0 5 0 0 0 0 0 0 0 0 0 0 0 0 0 0 0 0 0 0 0 0 0 0 1 0 52 14 9 15 7 36 11 0 0 0 0 18 0 0 0 0 0 0 0 0 0 0 17 0 1 0 0 5 0 0 0 0 0 15 0 9 0 0 0 0 0 0 0 0 0 0 0 0 0 0 0 0 0 0 0 0 0 0 0 0 0 0 0 0 0 0 0 0 0 0 0 0 0 17 0 0 0 14 0 18 12 4 0 19 9 1 8 17 0 0 0 1 8 18 0 0 12 8 0 0 0 0 0 15 1 0 0 0 13 0 13 10 0 0 6 18 0 0 0 0 0 0 0 0 0 0 0 5 0 0 0 0 0 0 0 1 0 0 77 0 54 0 4 0 3 0 0 0 0 0 0 0 0 0 0 0 0 0 0 0 1 1 0 14 0 6 
 2 0 0 0 0 0 0 0 0 0 0 0 0 0 0 0 0 0 0 2 0 0 1 0 3 0 0 0 35 0 0 0 0 0 0 0 0 0 0 62 32 103 24 42 126 0 25 27 115 102 180 117 233 111 43 195 156 151 282 56 50 0 0 0 4 0 0 0 0 1 0 0 0 0 0 0 51 0 20 73 0 0 0 0 0 0 0 0 0 0 0 0 0 0 0 0 0 0 0 0 0 0 0 0 0 0 0 0 0 0 0 0 0 0 0 0 0 0 0 0 0 0 0 33 0 30 0 0 14 0 0 0 0 0 0 0 0 13 0 0 10 0 0 0 0 0 10 0 13 0 0 0 11 0 0 7 7 9 3 50 0 0 21 0 8 0 0 0 0 0 0 0 0 0 0 0 0 0 0 21 0 0 0 0 0 0 0 0 0 0 0 0 0 0 0 0 0 0 0 0 0 10 31 8 0 14 0 0 0 44 3 0 0 0 0 0 0 0 0 0 36 23 0 9 9 0 12 10 3 0 0 7 18 18 28 16 12 0 0 0 0 0 0 0 0 0 0 0 0 0 0 0 0 0 0 0 0 0 0 2 0 0 5 64 0 4 0 0 0 0 9 0 0 0 0 0 0 0 0 0 0 0 0 0 0 0 0 0 2 0 
 0 2 0 0 4 2 2 65 0 3 0 0 0 0 3 0 0 2 1 0 0 125 0 0 0 62 4 0 36 0 68 1 0 0 0 67 0 65 0 0 222 136 123 169 69 25 0 312 65 259 254 90 533 96 128 37 244 16 72 242 4 0 0 0 0 1 0 0 0 0 0 2 0 0 0 0 4 0 0 0 0 0 0 0 0 0 0 0 0 0 0 0 0 0 0 0 0 0 0 0 0 0 0 0 0 0 0 0 0 0 13 0 0 0 0 0 6 8 0 0 0 20 11 0 0 0 13 0 9 11 1 14 13 8 18 22 0 20 0 6 0 0 3 0 0 0 0 0 0 0 0 0 0 0 0 0 0 0 7 0 0 0 0 0 0 0 0 1 0 0 0 0 0 0 0 0 0 0 4 0 0 0 0 0 0 0 0 0 0 6 29 10 0 0 0 16 0 15 0 0 41 14 0 0 9 0 9 0 5 11 0 11 27 12 17 9 3 11 0 30 0 0 0 0 0 0 0 11 0 0 0 0 0 0 0 0 0 0 0 0 0 0 0 0 0 0 0 0 0 0 0 4 0 0 0 0 0 62 0 0 0 0 0 0 0 14 11 0 2 0 10 0 0 0 0 0 0 0 0 0 0 0 0 0 1 0 0 0 0 0 
 0 2 0 2 5 1 0 0 1 0 3 0 0 0 0 0 0 3 0 0 3 3 3 4 67 67 7 3 23 3 9 3 8 3 3 9 6 3 4 15 370 202 152 98 150 27 312 0 321 107 33 326 131 440 132 102 105 34 374 65 0 0 1 0 0 0 0 0 7 0 0 2 0 9 0 0 0 0 0 0 0 0 10 0 2 0 0 0 0 7 0 0 0 0 0 0 0 0 0 0 4 5 0 0 0 0 1 0 1 0 0 0 0 1 1 0 0 0 3 1 9 12 15 9 37 0 17 1 19 1 27 20 0 44 28 9 9 20 19 0 0 0 1 0 0 0 0 0 0 0 0 0 0 0 0 0 0 0 14 0 0 5 0 0 1 1 0 0 0 0 0 0 0 0 0 0 0 0 0 4 0 2 0 0 0 0 2 25 0 0 0 0 2 0 0 0 0 0 6 0 9 23 9 13 9 0 0 3 26 19 10 21 10 0 9 30 26 22 1 1 0 0 0 0 0 0 0 0 0 0 0 0 0 0 0 0 0 0 0 0 0 18 0 0 0 0 0 0 0 19 0 9 0 2 0 0 0 0 0 0 0 0 0 0 63 0 0 1 0 0 0 0 0 0 0 0 0 0 0 0 0 0 0 0 11 0 0 6 0 0 
 5 2 2 2 3 2 2 2 2 37 2 2 2 2 2 2 2 2 2 5 0 2 0 0 0 0 0 0 0 0 0 0 0 0 0 0 0 3 0 0 65 41 242 160 96 115 65 321 0 57 188 58 141 381 218 137 204 150 92 128 0 0 3 0 0 0 0 0 11 54 0 3 104 2 5 0 0 0 24 64 0 0 0 0 0 0 0 8 14 0 0 0 0 0 0 0 0 0 0 0 0 0 0 0 0 0 0 0 0 0 0 0 0 0 0 0 0 0 0 0 10 0 13 6 0 21 0 2 0 0 6 42 0 13 9 0 0 8 8 0 0 0 0 0 0 8 17 0 10 0 0 0 0 10 9 21 0 34 0 0 21 0 0 0 10 0 0 0 0 0 0 0 2 0 0 0 0 0 0 0 0 0 0 0 0 0 0 0 0 0 0 0 0 0 0 0 0 0 0 0 0 1 10 7 8 19 10 0 13 0 8 15 0 0 0 15 0 0 0 0 36 20 0 5 9 0 0 7 28 8 4 0 16 19 0 0 0 0 63 0 0 0 0 0 0 0 0 0 0 0 0 0 0 0 0 0 0 0 0 44 0 0 1 3 1 0 7 0 2 0 0 0 0 0 0 0 0 5 0 0 0 0 0 0 0 13 0 0 2 0 
 2 0 0 2 0 3 3 2 1 0 3 1 0 0 2 0 0 0 2 3 5 8 4 3 18 126 5 5 5 4 3 3 5 3 5 5 9 3 5 5 42 69 140 205 73 102 259 107 57 0 135 57 422 145 554 153 54 74 77 286 0 0 4 0 0 0 0 3 0 2 0 5 3 5 2 0 0 0 0 7 0 0 0 0 0 0 0 0 0 0 0 0 0 0 0 0 0 0 0 0 0 0 0 0 0 1 0 0 0 0 0 0 0 0 0 0 0 0 0 0 0 12 12 20 0 0 1 30 0 27 0 17 0 0 0 0 5 0 0 0 9 0 0 0 0 0 0 4 0 0 0 0 0 0 0 1 0 0 6 0 0 0 0 0 0 0 0 0 0 0 0 0 0 0 0 0 0 0 0 0 0 0 0 0 0 10 0 0 0 0 0 0 0 0 0 0 0 25 0 0 0 20 38 10 0 12 0 20 12 19 21 27 1 17 12 0 29 0 0 0 0 0 2 0 0 0 0 0 11 0 0 0 0 9 3 3 0 0 0 0 0 0 20 0 0 0 0 0 0 2 0 9 0 0 0 0 0 0 2 8 0 0 0 0 3 1 7 66 0 0 0 0 0 0 0 0 0 0 0 0 0 0 4 0 19 13 0 0 2 2 
 0 0 0 0 4 0 0 0 0 0 0 0 0 0 0 0 0 0 0 0 0 0 0 0 3 0 4 0 0 2 0 29 0 1 207 2 0 0 0 0 15 34 52 81 294 180 254 33 188 135 0 133 37 35 89 235 79 174 38 65 0 0 0 0 0 0 3 0 0 0 0 2 52 0 0 0 0 0 58 0 0 0 0 0 0 0 0 0 0 0 0 0 0 0 0 0 0 0 10 8 0 0 0 0 0 0 0 0 0 0 0 0 0 0 0 0 0 0 0 0 0 0 0 23 1 10 1 1 0 2 2 18 0 0 0 0 15 0 0 0 0 0 1 0 0 0 15 0 0 0 0 0 10 28 10 1 0 0 21 0 0 0 0 0 0 0 0 0 0 0 0 0 7 0 0 0 0 0 0 0 0 0 0 0 0 0 0 0 0 0 0 0 0 0 0 0 0 0 0 0 0 0 21 15 12 18 1 1 1 24 14 13 0 0 0 0 1 1 0 0 20 9 0 0 0 10 0 0 43 6 1 0 19 21 18 0 0 0 7 2 0 0 0 0 0 0 0 0 0 0 0 9 0 2 0 0 0 0 0 21 0 14 0 1 1 2 1 0 0 0 1 0 0 0 0 0 0 0 0 0 0 3 0 0 0 9 0 0 0 0 
 2 0 0 1 0 0 0 57 1 0 0 0 0 0 0 0 1 0 0 0 0 0 0 1 3 0 0 0 0 0 2 0 0 0 0 2 0 0 0 0 127 211 94 336 140 117 90 326 58 57 133 0 156 47 46 172 147 137 239 27 50 0 0 0 0 0 0 0 0 1 0 1 0 0 0 0 51 0 20 57 0 0 0 0 0 0 0 0 0 0 0 0 0 0 0 0 0 0 0 0 0 0 0 0 0 11 0 0 0 0 0 0 0 0 0 0 0 0 0 0 0 0 0 0 10 28 6 10 6 43 0 0 0 0 0 25 40 14 15 0 2 0 2 0 0 0 0 0 0 0 0 0 9 39 1 0 0 8 12 27 0 0 28 0 8 0 0 0 0 0 0 0 0 0 0 0 0 0 0 0 0 0 0 0 0 0 0 0 0 0 0 0 0 0 0 0 0 0 0 0 0 17 0 25 13 10 7 9 9 46 0 10 0 0 0 0 6 25 0 0 16 1 0 0 0 0 0 12 0 0 0 0 0 0 35 16 0 0 0 0 0 0 0 0 0 0 0 0 0 0 0 6 0 0 0 0 0 0 0 13 0 0 0 64 0 3 2 1 2 0 11 0 0 0 0 0 0 0 0 0 0 0 0 0 0 11 0 10 2 0 
 2 0 0 0 0 0 0 0 0 0 0 0 0 0 0 0 0 0 0 2 2 56 2 2 6 3 3 4 2 2 6 2 2 2 3 2 5 3 2 2 154 109 108 158 180 233 533 131 141 422 37 156 0 134 387 43 117 34 408 147 4 0 0 3 0 0 5 0 14 0 0 0 12 0 18 0 27 0 5 0 0 0 0 0 0 0 0 0 0 0 0 0 0 0 0 0 0 0 0 22 0 0 1 0 0 31 0 0 0 0 4 0 0 19 0 0 10 0 0 0 8 18 46 0 13 0 38 21 16 6 0 0 0 0 5 9 14 23 2 8 0 0 0 0 1 0 0 0 11 14 0 0 0 11 5 6 0 5 34 0 0 0 0 0 0 0 0 0 0 0 0 0 0 0 0 0 0 0 0 0 0 0 0 0 0 32 0 0 0 10 7 0 26 0 0 0 0 2 0 0 13 8 0 10 11 0 0 16 32 10 0 0 1 29 14 0 9 7 24 21 4 0 0 0 0 0 7 0 4 0 7 0 0 1 2 0 8 39 0 0 0 0 0 0 0 0 0 0 0 0 0 0 0 1 0 0 0 0 0 0 0 0 2 0 64 8 14 0 1 0 0 0 0 0 0 0 0 0 0 0 0 0 0 0 0 0 0 6 2 0 
 2 3 2 2 71 4 5 2 2 2 2 2 2 2 2 2 2 3 2 2 5 0 30 2 83 2 31 3 62 3 2 2 0 2 2 3 1 7 2 1 98 85 302 91 82 111 96 440 381 145 35 47 134 0 100 125 102 30 161 180 0 0 0 0 0 0 0 0 3 0 5 1 0 34 0 5 7 0 0 0 0 7 0 0 1 8 0 0 0 0 0 0 0 0 0 0 0 0 0 0 0 8 18 33 3 0 0 0 10 21 2 3 8 8 0 0 1 0 11 0 5 18 3 19 0 0 19 22 25 1 15 15 0 35 1 0 26 34 19 0 5 0 0 0 0 0 0 0 0 0 0 0 0 0 0 0 0 0 15 0 0 4 0 0 0 0 0 0 0 0 0 0 0 0 0 0 0 0 0 9 15 0 3 31 5 0 20 1 7 0 0 6 0 0 2 0 12 0 22 14 8 33 18 43 1 0 0 14 1 22 0 0 0 0 35 6 12 0 5 14 0 0 0 0 0 0 0 0 0 0 0 2 0 0 0 0 0 0 0 0 0 0 8 0 0 0 0 0 0 0 0 0 0 2 0 0 0 1 0 2 0 1 2 0 2 1 0 2 1 0 0 0 0 0 0 0 0 0 0 0 0 0 0 0 3 0 0 0 0 0 
 3 0 0 60 0 40 0 3 0 0 0 0 0 1 0 89 0 0 0 3 0 0 0 64 73 0 0 0 0 4 132 101 1 0 0 0 3 0 0 0 120 288 49 353 109 43 128 132 218 554 89 46 387 100 0 161 272 47 150 236 3 0 0 1 5 6 0 0 0 3 1 5 0 0 0 3 3 7 43 2 0 0 0 0 0 0 0 0 0 0 0 8 0 0 0 0 0 0 0 0 0 0 0 0 11 17 0 0 0 0 3 8 0 0 0 0 0 0 0 0 41 25 20 18 0 0 28 26 9 0 28 0 0 8 26 38 16 9 16 22 0 0 2 6 11 0 0 0 0 0 5 0 0 0 0 0 0 0 0 0 0 0 0 0 0 0 0 0 0 0 14 0 0 0 0 0 0 0 0 5 0 0 0 0 22 0 0 0 0 0 1 12 0 0 0 0 11 0 10 0 19 20 0 0 7 0 10 14 29 0 13 0 8 33 5 5 0 0 12 28 0 9 0 0 0 6 0 0 0 0 0 6 0 0 0 0 0 0 10 0 0 0 0 0 0 2 0 0 0 0 0 4 0 0 0 0 0 1 0 0 0 0 3 0 2 13 0 0 0 0 0 0 0 0 0 3 0 0 0 0 0 0 0 0 0 0 0 0 0 0 
 5 3 3 3 4 3 3 3 3 3 3 6 3 3 3 3 3 6 3 5 0 2 0 0 1 0 0 0 0 0 0 0 0 0 0 2 0 0 0 0 120 113 119 221 96 195 37 102 137 153 235 172 43 125 161 0 303 105 44 352 0 0 1 0 0 0 0 0 0 0 51 2 1 50 0 0 0 0 0 0 0 0 0 0 0 0 0 0 0 0 0 0 0 0 0 19 0 0 0 0 0 23 0 0 8 0 0 0 0 0 0 0 0 0 0 0 0 0 0 0 0 34 15 28 0 30 19 0 12 13 14 17 0 13 0 0 13 10 0 0 0 0 0 0 0 0 0 0 0 0 0 0 0 0 0 21 0 0 17 0 0 3 0 0 0 0 0 0 0 0 0 0 0 0 0 0 0 0 0 4 0 0 0 0 0 0 0 0 0 0 0 0 0 0 0 0 0 0 0 0 0 30 11 9 7 11 2 0 0 32 8 13 0 2 8 0 0 1 7 28 23 22 0 0 0 0 0 22 8 0 0 0 17 0 1 0 0 0 21 0 0 0 10 0 0 0 0 0 0 0 0 1 0 20 0 0 0 0 0 1 0 0 0 0 2 0 1 64 0 0 9 0 0 0 0 0 0 0 0 0 0 0 0 0 0 6 0 0 0 11 
 4 2 0 0 0 0 0 0 0 0 0 0 0 0 0 0 0 0 0 0 0 0 0 0 1 0 0 0 0 0 0 0 3 0 0 0 0 0 1 0 30 102 25 250 43 156 244 105 204 54 79 147 117 102 272 303 0 101 28 88 5 0 3 3 0 0 0 0 0 0 0 9 0 0 0 0 0 0 101 0 0 0 0 0 0 0 0 0 8 0 0 0 0 0 0 0 0 0 0 0 0 0 0 0 0 1 0 0 0 0 0 0 0 0 0 0 0 0 0 0 1 1 7 4 8 8 17 0 20 12 1 10 0 0 1 19 50 1 0 0 0 0 0 0 0 0 0 0 0 0 0 0 0 11 0 0 0 0 46 0 0 0 0 0 0 0 0 0 0 0 0 0 1 0 0 0 0 0 0 0 0 0 0 0 0 0 0 0 0 0 0 0 0 0 0 0 0 0 0 0 0 16 2 41 12 1 5 0 9 0 11 38 0 3 13 46 6 35 0 0 0 0 0 0 0 0 11 1 0 0 0 1 14 10 1 0 0 0 0 15 0 0 18 0 0 0 0 0 0 0 0 7 0 0 0 0 0 0 0 7 0 0 0 1 14 0 0 64 2 0 1 0 0 0 0 0 0 0 0 0 0 0 0 0 8 13 0 17 2 8 
 0 0 0 0 0 0 0 0 0 0 0 0 0 2 6 0 0 0 0 0 4 8 6 0 9 129 15 0 1 1 0 0 0 7 6 0 0 5 0 0 42 30 118 216 258 151 16 34 150 74 174 137 34 30 47 105 101 0 47 23 79 32 5 2 0 4 1 1 0 3 2 4 61 0 2 0 1 2 62 81 0 0 0 0 0 0 0 0 0 0 0 0 0 0 0 0 0 0 0 0 0 0 3 5 6 0 0 0 0 1 9 7 0 0 0 16 1 8 0 0 0 0 0 7 3 2 0 11 0 22 14 1 0 0 0 0 9 0 2 0 0 0 0 0 0 0 31 0 0 0 0 0 0 15 0 0 0 10 11 0 0 5 0 0 6 0 0 0 0 0 0 0 0 0 0 0 0 0 0 0 0 0 6 4 4 0 1 0 0 0 0 11 0 10 0 1 8 6 0 0 0 1 9 0 29 39 0 14 0 10 10 34 0 0 0 1 1 0 2 6 1 11 0 0 17 0 0 0 16 0 0 0 2 7 25 0 0 0 20 10 0 0 27 0 0 0 0 0 0 0 0 7 2 0 0 0 0 0 0 14 0 0 70 112 1 2 4 69 0 0 0 0 0 0 0 2 0 0 0 0 0 0 0 0 0 13 0 0 2 0 
 3 0 0 0 3 0 0 0 0 0 0 0 0 0 0 0 0 0 0 2 0 63 0 63 24 122 6 15 9 0 92 51 4 0 0 4 2 61 1 0 221 59 22 91 274 282 72 374 92 77 38 239 408 161 150 44 28 47 0 86 31 0 0 0 0 0 0 0 5 0 0 2 0 0 0 0 12 0 0 0 0 0 0 0 0 0 0 0 0 0 0 0 0 0 0 0 0 0 0 0 1 12 0 0 0 34 2 11 2 5 48 0 0 1 0 0 7 6 19 0 18 49 26 0 0 0 26 20 0 0 28 0 10 16 14 0 7 0 22 9 0 0 0 0 0 0 0 0 0 0 0 0 0 0 0 0 0 0 0 0 0 7 0 0 4 2 0 0 0 0 0 0 0 0 0 0 0 0 0 2 0 0 0 0 24 19 3 1 0 18 9 9 0 3 0 3 0 1 42 0 33 6 8 0 0 0 0 97 0 24 0 0 33 40 9 1 16 7 28 20 0 0 0 0 0 0 0 0 0 0 0 19 0 0 0 0 0 0 0 0 0 0 0 0 0 0 0 0 0 0 0 5 0 0 0 0 0 0 0 2 13 0 1 0 0 0 16 0 0 0 0 0 0 0 0 2 0 0 0 0 0 0 0 0 0 0 0 0 0 0 
 2 2 2 2 3 2 2 2 4 2 2 2 2 2 2 2 2 4 2 2 0 69 0 0 0 0 0 0 20 1 61 1 2 0 1 63 3 0 0 0 58 262 96 125 89 56 242 65 128 286 65 27 147 180 236 352 88 23 86 0 0 0 3 9 2 9 0 0 0 6 4 2 0 29 0 12 7 0 0 0 0 0 0 0 0 0 0 0 0 0 0 0 0 0 0 0 0 0 0 0 0 0 1 8 1 0 0 0 0 2 0 0 0 0 0 9 1 5 0 1 11 14 31 18 0 0 33 3 9 0 7 8 1 15 19 13 0 22 3 0 0 0 0 16 0 11 5 0 0 0 0 20 0 0 0 0 0 0 0 0 0 0 0 0 0 0 0 0 0 0 0 0 0 0 0 0 0 0 0 5 0 0 0 1 0 1 0 0 0 0 9 12 0 0 0 11 0 11 0 10 8 20 0 8 17 0 0 1 47 1 0 0 7 1 3 28 1 0 0 30 0 0 0 1 44 0 0 0 0 25 0 5 0 0 0 0 0 0 0 0 0 0 0 0 0 0 0 0 0 0 0 0 0 1 0 0 0 71 0 0 0 0 3 0 0 17 4 1 0 0 0 0 0 0 0 5 0 0 0 0 0 0 0 0 0 0 0 0 2 0 
 0 0 0 0 4 0 4 0 1 0 0 0 0 0 0 0 0 0 3 0 0 1 0 0 8 6 4 0 0 0 40 1 0 0 0 3 0 5 3 0 6 0 2 0 0 50 4 0 0 0 0 50 4 0 3 0 5 79 31 0 0 248 88 322 519 39 246 420 260 124 59 120 129 138 123 60 316 102 98 66 0 0 0 0 0 0 0 0 0 0 0 0 0 0 0 0 0 0 0 0 0 0 0 0 0 0 0 0 0 0 2 0 0 0 0 0 4 0 0 0 0 3 0 0 0 30 2 0 0 0 1 0 2 0 1 3 0 0 0 2 7 14 28 19 14 0 0 0 9 29 0 16 0 1 11 0 17 17 0 19 0 0 0 0 7 0 0 0 0 0 0 0 0 0 0 0 0 0 0 0 0 0 0 9 0 0 0 0 0 4 8 21 0 0 0 0 0 0 0 0 15 0 0 0 0 9 0 0 0 0 0 0 0 0 5 0 0 0 0 5 15 11 2 5 11 18 9 21 20 0 12 15 8 0 10 3 0 12 11 0 9 0 0 7 0 0 0 0 0 0 0 0 0 0 13 0 26 0 0 18 0 0 0 53 0 0 9 2 0 0 12 2 0 0 1 0 0 0 0 0 0 0 0 0 0 0 0 6 0 0 
