 0 104 360 482 25 133 48 352 57 111 151 80 139 218 129 136 127 136 266 146 0 0 1 0 2 1 0 0 82 1 0 5 4 1 0 2 5 1 0 8 0 0 0 1 0 1 8 0 0 0 0 3 0 0 0 0 0 4 3 0 0 2 0 3 0 2 0 0 3 3 0 0 0 0 0 2 3 4 0 8 0 7 23 27 0 40 15 30 23 0 24 0 19 1 12 0 16 31 48 1 0 0 0 0 0 0 0 0 0 0 0 0 7 0 0 0 0 0 16 0 0 0 0 1 0 0 0 0 0 0 0 0 0 0 0 0 0 0 0 0 0 0 0 0 3 0 0 41 14 0 0 1 0 0 0 0 0 0 0 0 14 16 17 0 1 0 46 32 42 49 0 18 19 12 40 9 18 15 0 14 0 0 2 0 0 0 0 0 0 0 0 0 13 0 0 0 0 0 0 8 0 0 0 0 0 13 0 1 0 0 2 0 0 0 0 10 16 0 0 0 0 56 0 0 1 0 0 0 0 0 0 0 0 0 0 0 0 0 0 0 0 10 0 0 0 1 1 0 0 4 0 0 1 0 0 0 0 0 0 0 0 0 0 0 0 0 0 0 0 0 0 0 0 0 0 0 0 16 0 0 0 0 0 0 0 0 0 0 0 0 
 104 0 99 183 56 209 339 349 99 321 144 159 144 88 37 101 304 114 42 75 0 0 0 0 2 0 75 0 0 0 0 3 155 0 0 2 0 0 74 21 0 0 29 0 0 0 2 0 0 0 0 3 0 63 0 0 0 0 2 0 0 0 0 3 0 0 0 3 3 3 0 0 0 0 0 3 3 0 0 0 12 18 21 20 0 0 3 22 17 45 33 0 16 16 10 27 20 37 0 0 20 30 0 0 0 0 0 0 0 0 0 0 49 0 0 0 26 0 8 0 0 0 0 0 0 0 0 0 0 0 0 0 0 0 0 0 0 0 0 0 0 0 0 0 0 0 0 0 0 0 0 0 0 0 0 0 0 0 0 0 10 27 29 12 11 15 0 0 0 13 49 0 8 22 0 0 10 0 1 0 70 19 0 0 0 0 0 10 0 0 0 0 0 22 0 0 0 2 14 0 0 0 0 0 0 15 0 0 0 0 0 0 0 0 0 0 0 0 0 0 0 0 0 0 0 0 0 0 0 0 0 0 0 0 0 0 0 0 0 0 0 0 0 0 0 0 0 0 95 0 2 0 0 0 0 0 0 0 0 0 0 0 0 0 0 0 0 0 0 0 0 0 0 0 0 0 0 0 0 0 0 0 0 0 0 0 0 0 0 0 
 360 99 0 99 48 29 74 166 313 138 153 54 243 407 157 29 247 164 140 100 0 0 0 75 2 0 0 0 0 0 0 3 2 0 2 1 0 0 0 2 0 0 0 3 0 0 2 0 0 0 2 3 0 8 0 54 0 0 2 0 0 0 0 3 0 0 0 3 3 3 0 0 0 0 0 3 3 0 0 0 34 34 20 27 4 0 0 25 35 30 3 23 1 37 17 10 9 0 14 37 0 0 0 0 0 0 0 2 0 0 0 0 0 0 0 0 0 0 1 0 0 1 0 0 0 0 0 0 0 0 0 0 0 2 0 0 0 0 0 0 0 0 0 0 0 0 0 0 0 0 0 0 0 0 0 0 0 0 0 0 37 0 19 7 0 0 12 13 0 11 11 16 10 40 2 49 25 49 19 0 0 0 0 0 0 0 0 0 0 0 0 0 0 0 0 0 2 0 16 0 0 5 0 1 0 5 0 0 0 0 0 0 0 0 0 0 0 0 0 0 0 0 0 0 0 0 0 0 0 0 0 0 0 0 0 0 0 0 0 0 0 0 0 0 0 1 12 2 1 0 0 0 16 0 0 0 0 0 0 0 2 0 0 0 0 0 0 0 0 0 0 0 0 0 0 12 1 0 0 0 0 0 0 0 0 0 0 0 0 0 
 482 183 99 0 160 34 197 73 278 141 220 201 170 101 79 22 246 51 63 71 0 72 1 0 2 0 0 0 0 0 0 3 77 0 0 3 0 0 74 17 0 0 0 0 0 0 2 0 0 63 2 3 0 0 0 0 0 0 3 0 0 0 0 3 0 0 0 0 3 6 0 0 0 0 0 3 3 0 0 0 21 28 32 9 16 13 28 10 12 0 20 30 6 0 12 17 1 43 0 18 14 0 0 0 0 0 0 11 3 0 0 0 18 20 0 0 0 0 17 0 0 0 0 0 2 2 0 0 0 1 0 0 0 0 0 0 0 0 0 0 0 0 0 0 0 0 0 0 19 0 0 0 0 0 0 0 7 6 0 0 16 25 43 7 0 2 0 9 0 18 19 1 13 0 12 20 41 0 0 2 9 0 0 1 0 0 23 20 0 0 0 0 0 0 0 12 2 0 14 18 0 0 0 0 0 1 0 0 0 0 10 1 0 0 0 0 0 0 0 0 0 0 0 2 0 0 0 0 0 0 0 0 0 0 0 0 0 0 0 0 0 11 0 0 0 3 87 0 63 62 0 7 0 0 0 0 0 0 0 0 0 0 0 0 0 0 0 0 0 0 0 0 0 2 0 12 0 0 0 0 0 0 0 0 0 0 0 0 0 0 
 25 56 48 160 0 252 62 451 69 195 180 36 68 249 89 59 142 63 270 233 0 0 59 0 2 1 1 76 3 0 0 8 76 74 1 19 4 74 1 77 4 0 0 0 0 1 5 0 0 0 64 3 0 43 0 0 0 0 3 0 0 0 0 3 0 4 0 2 3 3 0 0 0 0 0 2 3 2 0 0 0 7 6 32 20 10 0 0 21 7 0 11 0 9 16 14 0 30 0 0 10 9 0 0 0 0 50 49 42 1 0 0 0 1 20 0 19 0 52 46 0 0 34 0 0 0 0 0 0 0 0 0 0 0 0 0 0 0 4 0 0 0 0 0 0 0 0 11 0 0 0 0 0 0 0 0 0 0 0 0 20 8 1 6 0 0 0 0 0 0 9 0 0 0 0 1 0 0 0 0 11 0 19 0 0 0 0 0 14 22 10 14 0 32 1 19 0 5 15 59 14 0 0 0 0 0 0 0 0 0 0 0 0 0 0 0 18 0 0 0 0 0 0 0 0 14 0 0 0 0 0 0 0 0 0 0 1 0 0 0 0 0 14 0 0 99 0 0 85 88 0 3 6 0 0 0 0 0 0 0 0 10 0 0 0 0 0 0 0 0 0 0 0 0 0 0 0 0 0 0 0 0 0 0 0 0 0 0 0 0 
 133 209 29 34 252 0 127 81 48 45 179 136 32 33 32 42 51 56 38 274 81 2 56 211 2 0 0 76 1 0 0 3 6 35 33 79 77 74 75 221 4 0 0 0 0 0 2 1 0 0 38 3 0 0 0 0 0 0 3 0 0 0 0 6 0 0 0 0 3 3 0 0 0 0 6 3 3 0 0 2 0 9 10 23 0 20 0 0 2 9 9 24 0 0 22 0 10 0 0 0 13 65 0 0 0 0 36 21 65 1 1 1 23 12 21 0 10 0 10 96 0 0 0 0 0 0 0 0 0 0 0 0 1 0 0 0 0 0 0 0 0 0 0 0 0 13 0 0 0 1 0 1 0 0 0 11 0 0 0 0 13 14 0 12 23 10 0 0 0 0 0 0 6 0 10 0 12 8 0 0 0 0 19 17 0 0 0 1 11 32 21 32 38 11 4 35 0 0 1 21 0 0 0 0 0 17 0 10 0 0 0 0 0 0 0 0 0 0 0 0 0 0 0 0 0 0 0 0 0 16 0 0 0 0 0 0 0 0 0 0 0 0 24 0 0 1 0 1 4 7 7 0 0 0 0 0 0 0 0 0 0 10 0 0 0 0 0 0 0 0 0 0 0 0 0 0 0 0 0 0 0 9 0 0 0 0 0 0 0 0 
 48 339 74 197 62 127 0 177 60 202 336 30 187 50 378 206 139 38 52 55 0 0 0 0 5 2 0 0 1 0 0 6 2 0 4 2 3 0 0 2 0 0 0 12 0 1 2 0 3 0 0 5 0 6 1 2 0 3 5 0 0 0 0 3 0 1 2 2 3 4 0 0 0 0 0 3 4 4 0 1 12 80 44 12 0 11 11 14 15 1 0 13 0 35 35 26 7 54 5 56 0 4 0 0 0 0 0 0 0 0 0 11 20 0 0 0 0 0 0 0 0 0 0 0 0 0 0 0 0 0 0 0 0 1 0 0 0 0 0 0 0 0 0 0 3 0 0 4 0 0 0 0 0 0 0 0 0 0 0 0 20 12 0 0 2 0 16 1 32 11 21 8 0 19 18 14 24 20 11 14 0 6 0 0 0 0 0 0 0 0 0 0 13 0 0 0 1 0 0 7 0 0 0 2 0 0 0 0 0 0 0 0 0 0 0 0 0 0 0 1 0 0 0 0 0 0 0 0 0 0 2 0 0 0 0 1 0 0 0 1 0 0 0 0 0 0 9 0 92 2 2 2 0 0 0 0 0 0 0 0 0 0 1 0 0 0 0 0 0 0 0 0 0 0 0 0 0 11 0 0 0 0 0 0 0 0 0 0 0 0 
 352 349 166 73 451 81 177 0 78 45 345 116 180 158 256 26 253 37 126 135 0 1 4 0 2 0 0 0 0 0 0 3 2 0 0 1 0 0 0 77 0 0 0 48 0 63 2 0 0 0 2 3 0 0 0 0 0 0 2 0 0 0 0 3 0 0 0 0 3 3 0 0 0 0 0 3 3 0 0 9 11 11 17 27 0 2 0 9 29 11 37 2 44 21 15 21 12 0 15 13 0 16 0 0 0 0 0 0 0 0 0 0 11 0 0 0 0 0 0 0 0 0 0 0 0 1 0 0 0 0 19 0 0 0 0 15 0 0 0 0 5 0 0 0 0 0 0 0 0 0 0 0 0 0 0 0 0 0 0 0 30 67 0 21 0 0 3 0 4 0 70 0 9 18 25 0 18 25 1 0 0 0 1 0 0 18 0 0 0 0 0 0 0 1 0 0 0 0 2 0 0 0 1 0 0 17 0 0 0 0 0 0 0 0 1 0 0 0 1 0 0 0 0 18 0 0 0 2 0 0 0 0 0 0 0 0 0 0 0 0 0 0 0 0 0 0 0 1 2 0 12 4 8 0 0 0 0 0 0 0 0 0 10 0 0 0 0 0 0 0 2 0 0 18 0 2 2 0 0 0 0 0 0 0 0 0 0 0 0 0 
 57 99 313 278 69 48 60 78 0 351 408 119 161 177 82 256 255 272 246 280 0 0 2 0 2 0 77 5 4 2 0 7 76 74 0 4 0 2 74 2 0 0 3 0 0 0 2 0 2 0 2 3 0 0 1 68 0 0 3 62 0 0 0 3 0 0 0 0 3 3 0 0 0 0 0 3 3 0 0 0 17 39 9 31 14 1 3 29 12 19 0 17 0 0 24 72 2 15 6 29 14 0 0 0 0 0 0 1 0 0 0 0 15 0 0 14 0 0 1 0 0 0 0 0 0 0 0 0 0 0 0 0 0 0 0 0 0 0 0 0 1 0 0 0 4 19 0 2 0 0 0 0 0 0 2 0 0 0 0 0 16 0 28 9 13 14 19 15 5 20 10 0 8 10 0 0 0 14 14 0 0 7 0 0 0 0 19 11 0 0 8 0 1 1 0 0 0 0 2 0 0 0 0 0 0 0 0 0 0 0 0 0 0 0 0 0 0 0 0 0 0 0 0 0 2 0 0 0 0 0 0 0 0 0 0 0 0 0 0 0 0 0 0 0 0 1 0 0 87 88 0 6 0 0 2 0 0 0 1 0 0 0 0 0 0 0 0 0 0 0 0 0 0 0 0 9 2 0 0 0 0 0 0 0 0 0 0 0 0 0 
 111 321 138 141 195 45 202 45 351 0 438 172 144 67 205 419 116 188 91 143 0 0 0 0 2 0 35 97 0 0 0 3 97 0 0 1 0 0 26 3 50 0 4 0 0 0 2 0 0 0 0 3 0 62 0 0 0 0 3 0 0 0 0 3 0 1 0 5 3 3 0 0 0 0 3 3 3 0 0 0 23 0 38 10 27 23 0 1 16 20 0 18 0 0 13 27 42 36 0 34 6 0 0 0 0 0 0 10 14 0 0 0 40 0 14 0 17 0 35 17 0 0 0 0 0 0 0 0 0 0 0 0 0 0 0 0 0 0 0 0 0 0 0 0 0 2 0 1 0 0 0 0 0 13 0 0 0 0 0 0 14 14 17 5 25 11 0 0 31 31 23 31 6 14 9 0 19 0 0 10 15 17 0 0 0 0 5 13 0 0 0 0 10 26 0 0 0 11 1 19 0 0 0 0 0 0 0 0 0 2 0 0 0 0 0 1 0 0 0 0 0 0 0 0 0 0 0 0 2 0 0 0 0 0 0 0 0 0 0 0 0 0 0 0 0 0 0 0 9 101 0 14 0 1 0 0 0 0 0 0 0 0 0 0 0 0 0 0 0 0 0 0 0 0 0 0 0 27 0 0 0 0 0 0 0 0 0 0 0 0 
 151 144 153 220 180 179 336 345 408 438 0 296 45 50 291 48 303 190 50 267 0 1 0 2 4 0 0 1 0 0 0 3 85 0 1 2 0 0 79 21 0 0 0 1 0 0 2 0 0 0 0 3 0 0 0 57 0 0 1 0 0 0 0 3 0 0 0 0 3 3 0 1 0 0 0 3 3 0 0 0 26 19 4 25 13 5 32 14 22 27 16 21 10 0 51 44 12 14 0 30 21 23 21 0 0 0 0 2 0 0 0 0 19 0 0 0 37 0 7 9 0 0 0 0 0 0 0 0 0 0 0 0 0 0 2 0 1 0 0 0 0 0 0 0 7 0 15 6 0 0 0 0 0 0 0 0 0 0 0 0 20 21 32 11 0 1 22 11 8 42 24 0 16 0 2 0 2 26 42 0 14 0 0 0 0 1 21 15 0 16 0 0 0 14 0 0 0 19 0 0 0 0 0 0 0 15 0 0 0 0 0 0 0 0 0 0 0 0 0 0 0 0 0 0 0 2 0 0 0 0 0 1 0 0 0 0 0 0 0 0 0 2 0 0 0 0 6 1 47 90 2 8 0 0 0 0 0 0 0 0 0 0 0 0 0 0 0 0 0 0 0 0 0 0 0 14 0 2 0 0 0 0 0 0 0 0 0 0 0 0 
 80 159 54 201 36 136 30 116 119 172 296 0 111 110 33 202 243 75 44 44 0 2 0 0 2 0 1 23 86 0 0 3 77 0 0 2 0 0 188 141 0 0 0 4 0 1 2 0 0 0 0 3 0 0 0 0 0 0 3 0 0 0 0 3 0 0 0 2 3 3 0 0 0 0 0 3 3 1 0 0 0 12 43 17 0 28 20 0 38 4 18 0 23 0 0 10 55 18 0 0 3 18 17 0 2 0 0 24 0 10 0 0 43 1 0 0 21 0 16 9 0 0 0 0 0 0 0 1 0 0 0 0 0 0 0 0 0 0 2 0 0 0 0 0 0 0 0 1 0 0 0 0 16 0 0 0 2 0 0 0 11 0 22 3 12 0 0 9 0 28 11 9 7 16 9 15 39 0 0 1 12 14 22 0 0 0 0 12 0 0 0 0 13 29 0 7 0 0 15 13 0 0 0 0 0 22 0 0 0 0 0 0 0 0 0 0 0 0 0 0 0 0 0 0 0 0 0 0 0 0 0 0 0 0 0 0 0 0 0 0 0 10 0 0 0 2 3 0 0 1 0 0 0 0 0 0 0 0 0 0 0 0 0 0 0 0 0 0 0 0 0 0 0 0 0 0 0 3 0 0 0 0 0 0 0 0 0 0 0 0 
 139 144 243 170 68 32 187 180 161 144 45 111 0 205 55 137 128 107 65 77 0 0 0 0 2 1 0 0 74 0 0 5 2 0 1 2 1 0 0 2 0 0 0 9 0 1 2 0 0 0 1 3 0 2 0 0 0 0 2 0 0 0 32 3 0 0 0 0 3 3 0 0 0 0 0 3 3 0 0 9 9 33 0 11 0 0 27 22 38 0 9 0 34 8 14 1 21 12 43 11 2 0 0 0 0 0 0 0 0 0 0 0 0 0 0 0 0 0 0 2 0 0 0 0 0 0 0 0 19 0 0 0 0 0 0 0 0 0 0 0 1 0 0 0 0 2 0 0 0 9 0 0 0 0 1 0 0 0 0 0 7 22 17 0 0 0 14 71 0 0 25 0 16 19 15 10 17 13 2 0 0 0 0 0 11 0 0 1 0 0 0 0 1 0 14 0 0 0 0 16 0 0 0 0 0 0 0 0 0 0 0 0 1 0 0 0 0 0 0 0 0 0 0 0 0 1 0 0 0 0 0 0 0 2 0 0 0 0 0 0 0 3 0 0 0 0 93 0 0 2 0 3 0 0 0 1 0 0 0 0 6 0 54 0 0 0 0 0 0 0 0 0 0 0 38 0 11 0 0 0 0 0 0 0 0 0 0 0 0 0 
 218 88 407 101 249 33 50 158 177 67 50 110 205 0 339 31 339 36 88 293 0 0 0 0 2 2 0 0 0 0 0 3 2 0 0 0 0 0 0 2 0 0 0 4 0 1 2 0 30 0 0 3 0 65 0 0 0 0 2 0 0 0 0 3 0 0 0 0 3 3 0 0 0 0 0 3 3 0 0 9 25 12 0 13 0 7 18 27 23 3 10 13 57 21 7 6 0 5 15 7 28 0 0 0 0 0 0 0 0 0 0 0 2 0 0 0 0 0 3 0 0 0 0 0 0 0 0 0 0 0 0 0 0 0 0 0 0 0 18 0 0 0 0 0 0 0 0 0 0 0 0 0 0 0 0 0 0 0 0 0 16 26 25 42 0 0 1 32 0 21 10 14 8 20 16 7 0 16 4 0 0 0 1 0 0 0 0 0 0 0 0 0 0 0 0 0 0 0 1 1 0 0 0 0 0 0 14 0 0 0 0 0 0 0 0 0 0 0 0 0 0 0 0 0 0 6 0 0 0 0 0 0 0 0 0 0 0 11 0 10 0 5 0 0 0 0 0 2 3 1 0 0 8 0 0 0 0 0 0 0 0 0 0 0 0 0 0 0 0 0 0 0 0 0 0 0 0 0 0 0 0 0 0 0 0 0 0 0 0 0 
 129 37 157 79 89 32 378 256 82 205 291 33 55 339 0 313 92 124 69 272 0 0 2 3 2 0 0 2 2 2 1 5 2 0 7 4 0 0 0 2 0 0 0 2 3 1 2 1 3 0 2 3 0 0 0 0 2 0 3 0 0 6 0 3 2 4 0 9 3 3 2 3 0 0 0 2 3 2 0 0 14 0 20 3 0 4 0 27 11 23 17 0 2 16 79 33 5 10 46 0 0 0 0 0 0 0 0 0 0 0 0 0 0 0 0 0 0 0 0 0 0 0 0 0 0 0 0 0 0 0 0 0 0 0 0 0 0 0 0 0 0 0 0 0 7 2 0 3 0 0 0 0 0 0 0 0 1 0 0 0 17 32 0 8 0 0 41 14 49 15 0 20 19 17 1 12 0 2 14 1 0 0 0 0 0 0 0 1 0 0 0 0 15 0 0 0 0 0 15 9 0 0 0 0 0 0 0 0 0 0 0 0 0 0 0 1 0 0 0 0 0 0 0 0 0 0 0 0 2 0 2 0 0 0 0 0 0 0 0 0 0 0 0 0 0 0 40 1 1 2 0 3 13 0 0 0 0 1 1 0 0 0 15 1 0 0 0 0 0 0 0 0 0 0 0 0 0 2 0 0 0 0 0 0 0 0 0 0 0 0 
 136 101 29 22 59 42 206 26 256 419 48 202 137 31 313 0 577 142 24 120 0 0 0 0 2 0 0 0 0 0 0 3 2 1 0 1 0 0 74 2 0 0 0 4 0 0 2 0 0 0 2 3 0 6 0 0 0 0 2 0 0 0 0 3 0 0 0 5 3 3 0 0 0 0 0 3 3 0 0 0 10 16 47 0 11 11 10 11 56 11 57 14 0 14 1 29 66 8 8 0 0 0 0 0 0 0 0 0 0 0 0 1 0 0 0 0 0 0 9 1 0 0 0 0 0 2 0 0 0 0 0 0 0 0 0 3 0 0 0 0 0 0 0 0 9 0 0 13 0 1 0 0 0 0 0 0 0 0 0 0 10 1 0 6 23 12 0 2 21 34 6 4 0 29 20 15 45 24 0 10 0 0 2 0 0 0 0 10 0 0 0 0 21 6 0 0 0 0 35 18 0 0 0 0 0 0 0 0 0 0 0 0 0 0 0 0 0 0 0 0 0 0 0 0 0 0 0 1 0 0 0 0 0 0 0 0 0 0 0 0 0 0 0 0 0 0 13 0 1 2 8 3 0 0 0 0 0 0 0 0 0 0 0 0 0 0 0 0 0 0 0 0 0 0 0 0 7 11 0 0 0 0 0 0 0 0 0 0 0 0 
 127 304 247 246 142 51 139 253 255 116 303 243 128 339 92 577 0 105 127 27 0 81 2 0 2 0 3 0 0 2 0 3 3 0 0 3 0 0 74 2 0 0 8 0 0 0 2 0 0 0 2 3 0 0 0 0 0 0 1 0 0 1 0 3 33 0 0 2 2 3 0 0 0 0 0 3 3 0 0 0 0 25 18 1 0 11 31 11 10 22 0 10 0 0 21 23 27 13 8 10 18 0 0 0 2 0 0 10 0 0 0 0 12 28 2 0 0 0 45 0 0 0 0 0 0 15 0 1 0 0 0 0 0 0 0 0 31 0 2 0 0 0 0 0 0 0 0 0 0 0 0 0 0 0 0 0 4 5 0 0 14 17 15 12 15 12 0 0 0 38 16 3 1 17 20 10 58 7 0 0 0 23 0 0 0 0 0 12 0 2 0 0 0 9 0 0 0 0 16 1 0 0 0 0 0 0 0 0 0 0 0 0 0 0 0 0 0 0 0 0 0 0 0 0 0 0 0 0 0 0 0 0 0 12 0 0 0 0 0 0 0 11 0 0 0 4 0 1 4 0 10 11 0 1 0 0 0 0 0 0 0 0 0 0 0 0 0 0 0 0 0 0 0 0 0 0 13 0 0 0 0 0 0 0 0 0 0 0 0 0 
 136 114 164 51 63 56 38 37 272 188 190 75 107 36 124 142 105 0 189 30 25 0 0 76 2 0 75 75 0 0 0 3 76 0 88 2 0 0 49 2 0 0 3 0 0 1 2 0 0 0 2 3 0 0 0 72 0 0 3 0 0 0 0 3 0 0 0 51 3 3 0 0 0 0 0 2 3 0 0 0 14 28 16 12 32 1 6 12 7 40 0 45 0 0 26 41 41 0 8 56 0 1 12 0 0 0 0 10 0 0 0 0 16 0 0 0 0 0 12 2 0 0 0 0 0 0 0 0 0 1 0 0 0 0 0 0 0 1 0 0 0 0 0 0 7 0 0 2 0 0 0 0 0 0 0 0 0 0 0 0 29 0 13 0 12 15 14 10 0 49 13 28 7 32 0 9 24 11 16 0 0 0 0 0 2 0 13 40 0 1 0 0 3 6 0 0 0 0 0 0 0 0 0 0 0 0 0 0 17 0 0 0 0 0 0 0 1 0 0 0 1 0 0 0 0 0 0 15 0 14 0 0 2 2 0 0 0 0 0 0 0 2 0 0 0 6 0 0 8 1 3 2 2 0 0 0 0 0 0 0 0 0 0 0 0 0 0 0 0 0 0 0 0 48 0 6 12 0 0 0 0 0 0 0 0 0 0 0 0 0 
 266 42 140 63 270 38 52 126 246 91 50 44 65 88 69 24 127 189 0 59 0 2 0 0 2 0 0 3 2 2 0 3 2 4 3 2 0 0 0 3 0 0 2 55 0 30 2 0 0 2 1 3 0 4 0 65 1 0 3 0 0 0 0 3 2 1 0 0 3 3 3 0 0 0 0 2 29 3 0 0 0 12 7 5 18 0 20 0 0 11 13 22 11 19 31 21 0 0 22 37 0 0 0 0 0 0 0 0 0 0 0 0 13 0 0 0 0 0 0 0 0 19 0 0 1 0 0 0 0 2 0 0 0 0 0 0 0 0 0 0 0 0 0 0 8 0 0 5 0 0 0 0 0 0 0 0 0 0 0 0 3 15 0 0 0 0 33 0 13 0 0 0 0 4 1 48 0 19 36 14 0 0 0 0 0 0 0 0 0 0 0 0 0 0 0 0 0 0 0 0 0 0 0 0 0 0 0 0 0 0 0 2 0 0 0 0 0 0 0 0 0 0 0 1 0 0 0 0 0 0 0 0 0 0 0 0 0 0 0 0 0 0 0 0 0 1 2 0 0 0 0 9 0 0 0 0 0 0 0 0 0 0 8 0 2 0 0 0 0 0 0 0 0 1 0 12 16 0 0 0 0 0 0 0 0 0 0 0 0 0 
 146 75 100 71 233 274 55 135 280 143 267 44 77 293 272 120 27 30 59 0 0 0 0 2 4 1 0 0 0 0 0 205 2 0 0 1 0 0 0 5 1 0 0 0 0 2 2 0 0 0 0 4 0 0 0 0 0 1 3 0 0 0 0 3 0 0 0 3 3 3 0 0 0 0 0 2 5 2 0 0 13 0 0 0 0 0 0 1 10 9 0 0 13 26 6 0 16 0 10 0 0 0 0 0 1 0 0 0 0 0 0 0 0 0 1 0 0 0 0 0 0 0 0 0 0 0 0 2 0 0 0 0 0 0 0 0 0 0 1 0 0 0 0 0 0 0 7 0 2 0 0 0 0 0 0 0 0 0 0 0 9 0 1 27 0 0 10 24 14 11 0 13 65 0 1 9 0 0 0 40 0 0 0 0 12 0 0 0 0 0 0 0 0 0 0 0 0 0 24 0 0 0 0 0 0 0 0 0 0 0 0 0 0 0 0 0 0 0 0 0 0 0 0 0 0 0 0 0 0 0 0 0 0 0 0 0 0 3 0 0 0 0 0 0 0 4 0 0 3 0 1 3 11 3 0 0 0 0 2 0 0 0 0 0 0 0 0 1 0 0 0 0 0 0 0 0 0 0 0 0 0 0 0 0 0 0 0 0 0 0 
 0 0 0 0 0 81 0 0 0 0 0 0 0 0 0 0 0 25 0 0 0 204 153 85 44 25 114 153 172 113 115 105 157 291 290 103 88 248 118 63 0 3 2 0 0 0 0 0 0 0 79 0 0 3 0 0 0 0 2 0 0 0 0 2 0 3 0 0 1 0 3 0 3 2 0 0 3 0 0 2 0 0 0 0 0 14 2 0 16 0 0 0 0 0 0 0 0 0 0 0 15 29 0 12 0 0 2 14 0 33 15 28 0 28 15 23 27 25 0 16 0 0 0 0 0 0 2 0 0 0 0 0 1 1 0 0 0 0 7 24 0 0 0 0 0 0 0 0 0 0 0 0 0 0 0 12 0 0 6 0 3 0 0 0 0 0 0 0 0 0 0 0 0 2 0 0 0 0 0 0 11 1 0 22 11 0 21 42 38 10 16 39 17 17 39 1 18 23 0 0 0 0 0 0 0 0 0 0 9 0 0 0 0 0 0 0 0 0 0 0 0 0 0 0 0 0 0 1 0 0 0 0 0 0 0 0 0 0 0 0 0 0 0 0 0 0 0 0 0 0 0 0 0 0 2 0 1 77 78 1 0 1 0 0 0 0 0 0 0 0 0 2 0 0 0 0 0 0 0 7 0 25 0 0 0 0 0 0 0 0 
 0 0 0 72 0 2 0 1 0 0 1 2 0 0 0 0 81 0 2 0 204 0 206 380 28 103 64 556 52 334 47 123 81 190 155 52 232 53 114 76 0 3 2 0 0 0 0 5 2 0 4 5 0 2 6 0 0 5 0 0 2 0 0 1 0 3 0 0 3 0 2 0 3 2 3 4 10 0 0 7 0 0 0 0 0 1 2 0 0 0 11 10 0 0 0 0 1 0 0 0 26 6 17 23 0 33 14 0 0 35 29 27 12 35 14 25 0 4 0 0 0 0 0 0 0 0 19 0 0 0 0 0 0 13 0 0 0 0 21 9 0 0 0 0 0 12 0 0 0 0 0 0 0 0 0 0 2 4 0 0 39 0 12 0 0 13 0 0 0 1 0 0 0 0 0 12 29 0 0 0 20 54 0 18 1 12 20 11 7 20 27 10 0 6 0 0 10 20 13 0 0 0 0 0 0 0 0 10 0 0 0 0 0 11 0 0 0 0 7 10 0 0 0 0 0 0 0 0 0 0 0 0 0 0 0 0 0 13 0 0 0 0 0 0 0 0 72 0 0 0 0 2 75 0 5 1 0 0 0 1 2 2 0 0 0 0 0 0 0 0 0 2 0 0 0 0 0 0 0 7 0 0 0 0 0 0 10 0 0 0 
 1 0 0 1 59 56 0 4 2 0 0 0 0 0 2 0 2 0 0 0 153 206 0 286 208 326 140 137 553 46 210 37 145 125 59 383 84 126 60 497 0 5 5 0 0 0 62 0 0 0 3 0 0 5 1 0 0 1 0 0 2 2 0 54 0 3 0 3 3 0 7 0 3 2 2 0 8 4 0 3 0 0 0 0 0 0 0 0 0 0 0 1 0 0 0 0 0 0 0 0 8 0 6 27 34 0 20 22 26 15 22 2 0 21 10 28 33 23 8 14 0 0 0 0 0 0 28 1 0 0 0 0 8 1 0 0 11 0 0 0 0 0 0 0 0 0 0 0 0 0 0 0 0 11 0 0 0 0 0 0 0 0 0 1 0 1 0 0 0 1 0 0 0 0 0 0 0 0 0 0 25 28 35 12 4 0 2 12 16 10 38 12 1 0 26 14 23 0 0 0 2 0 0 0 0 0 0 0 0 0 0 0 0 0 0 0 0 0 3 0 0 0 0 0 0 0 0 0 2 0 10 0 0 0 0 0 13 0 0 0 0 0 0 0 0 0 0 0 0 0 0 0 0 0 20 2 0 0 77 1 1 10 0 0 0 0 0 0 0 0 0 0 0 0 2 0 0 0 0 0 0 0 0 0 0 0 0 0 0 0 
 0 0 75 0 0 211 0 0 0 0 2 0 0 0 3 0 0 76 0 2 85 380 286 0 259 52 59 519 278 229 65 31 48 157 76 45 133 111 399 73 2 3 4 0 3 0 20 3 0 0 1 0 0 4 12 0 0 2 63 0 2 0 0 0 2 3 0 0 5 0 46 0 3 2 3 0 47 0 0 3 0 0 0 0 0 0 0 0 0 0 0 0 0 0 0 0 0 0 0 0 23 0 7 135 22 1 22 0 0 12 30 1 0 1 0 23 6 4 0 0 0 9 10 0 0 0 11 0 18 0 1 0 0 6 14 0 10 0 46 22 0 2 0 0 0 0 0 0 0 2 0 0 2 0 4 0 0 0 0 0 0 0 0 0 0 0 0 0 0 0 0 0 0 0 0 0 0 0 0 0 13 25 20 47 13 17 0 0 19 12 23 23 0 0 0 0 10 9 0 0 7 34 0 0 0 0 0 12 0 0 0 0 9 0 0 0 0 16 48 38 0 0 0 0 0 0 0 1 0 0 0 0 2 0 0 0 0 2 0 0 0 0 0 0 0 0 0 0 0 0 0 0 0 0 2 0 0 81 2 2 4 2 0 0 0 0 0 0 0 0 0 0 0 0 0 0 0 0 0 0 0 0 0 0 0 0 10 0 0 0 
 2 2 2 2 2 2 5 2 2 2 4 2 2 2 2 2 2 2 2 4 44 28 208 259 0 177 43 169 476 253 301 116 68 82 101 187 210 161 78 86 18 5 2 0 2 3 85 2 0 0 5 2 21 1 7 0 3 5 33 3 3 0 0 0 0 3 6 3 3 0 9 0 3 2 0 2 6 5 1 5 0 0 0 0 0 0 0 0 0 0 0 0 0 0 0 0 0 0 0 0 0 0 19 32 52 90 0 0 0 12 14 12 0 0 13 11 12 20 0 0 8 12 13 0 0 0 60 0 41 0 0 0 30 15 0 0 10 0 0 0 0 4 0 0 0 0 0 0 0 0 0 0 0 0 0 0 0 0 0 0 0 0 0 0 0 0 0 0 0 1 0 0 0 0 0 0 0 0 0 0 0 18 1 21 2 27 0 0 5 0 0 0 0 0 0 0 34 14 0 0 12 1 0 0 0 0 31 40 0 0 0 0 13 13 0 0 10 39 41 52 0 0 0 0 0 0 0 0 0 0 0 0 0 0 0 0 12 1 0 0 0 0 0 0 0 0 0 0 0 0 0 0 0 16 6 2 4 76 80 0 14 2 67 0 0 0 0 0 0 0 0 0 0 0 0 0 0 0 0 0 0 0 0 0 19 10 30 0 0 16 
 1 0 0 0 1 0 2 0 0 0 0 0 1 2 0 0 0 0 0 1 25 103 326 52 177 0 39 48 136 48 157 498 21 49 50 58 121 64 50 72 132 85 65 2 0 0 57 63 0 0 1 0 59 65 57 131 64 2 204 92 2 0 8 0 0 3 0 0 3 0 4 0 3 2 0 0 3 2 0 5 0 2 0 0 0 0 0 2 0 0 0 0 0 0 0 0 0 0 0 0 0 0 1 16 8 0 0 0 0 0 4 0 0 1 0 25 10 10 0 0 9 1 4 0 0 0 22 38 0 0 11 0 0 20 1 9 24 17 18 12 0 4 0 0 16 0 0 0 0 2 0 1 2 0 4 0 0 0 0 0 0 0 0 5 0 0 0 0 0 0 0 1 0 0 0 0 0 0 0 0 1 0 9 14 40 26 0 0 0 0 2 0 0 0 0 0 0 15 0 0 23 0 23 0 0 0 39 49 21 13 0 0 25 38 10 22 0 16 28 20 0 0 0 2 0 0 2 0 0 0 0 0 0 0 0 0 0 0 0 0 0 0 0 0 0 0 0 0 0 0 0 0 0 0 5 0 1 0 6 1 9 0 0 0 63 19 9 0 0 0 0 0 0 0 0 0 0 0 0 0 0 0 0 0 10 0 0 0 0 0 
 0 75 0 0 1 0 0 0 77 35 0 1 0 0 0 0 3 75 0 0 114 64 140 59 43 39 0 138 53 113 44 106 208 60 63 78 272 109 147 35 0 3 11 19 0 1 2 0 0 0 0 5 0 3 0 0 0 0 3 0 1 0 0 2 26 3 0 0 5 2 4 1 3 2 38 0 6 0 0 3 0 0 0 0 36 10 0 4 0 31 15 0 0 0 0 0 0 14 0 0 46 0 19 14 0 0 18 19 19 10 18 0 19 2 12 21 20 0 14 74 1 0 0 0 2 0 12 0 0 0 0 2 0 0 0 0 0 0 0 0 5 0 0 0 0 0 0 0 0 0 0 0 0 0 0 0 0 0 6 0 0 0 8 0 5 60 0 0 0 0 0 13 0 0 0 6 0 0 0 0 20 62 22 0 0 0 0 13 6 30 23 0 38 18 29 10 33 0 15 23 1 2 0 0 0 0 0 0 0 0 0 0 0 0 0 0 0 0 11 10 0 0 0 0 0 0 0 0 1 0 0 0 0 0 0 0 0 0 0 0 0 0 0 0 0 0 0 0 0 75 1 0 0 0 12 0 0 1 0 0 69 9 0 0 0 0 0 0 0 0 0 0 0 0 0 0 7 2 0 0 0 3 0 0 0 0 14 0 0 0 
 0 0 0 0 76 76 0 0 5 97 1 23 0 0 2 0 0 75 3 0 153 556 137 519 169 48 138 0 235 136 35 43 144 171 194 142 85 47 180 386 0 3 2 0 0 0 0 0 0 0 2 0 0 2 0 0 0 0 7 0 2 0 0 4 0 3 0 0 3 0 4 5 3 2 0 65 3 0 0 3 0 0 0 10 19 26 0 1 0 0 12 21 0 0 0 0 0 9 0 0 2 22 43 13 7 0 0 12 15 21 0 21 20 18 26 11 13 1 12 13 0 0 0 0 0 0 0 0 11 0 1 0 0 2 0 0 0 0 10 0 0 1 0 0 0 0 0 0 0 0 0 3 0 0 5 0 0 0 0 0 0 0 5 0 1 0 0 0 0 0 0 10 0 0 0 0 0 0 0 0 0 23 11 21 0 0 8 0 1 25 0 9 18 20 0 35 7 10 10 12 0 0 0 0 0 0 0 0 0 0 0 0 0 0 0 0 0 0 7 0 0 0 0 0 0 0 0 0 0 0 0 0 0 0 0 0 0 0 0 0 0 0 0 0 0 0 1 0 0 63 0 0 0 0 3 0 2 1 0 0 2 0 0 2 0 0 0 0 0 0 0 0 0 0 0 0 0 0 0 0 0 1 0 0 0 0 0 0 0 0 
 82 0 0 0 3 1 1 0 4 0 0 86 74 0 2 0 0 0 2 0 172 52 553 278 476 136 53 235 0 172 350 120 130 184 80 49 225 224 193 139 63 3 2 0 0 0 74 0 0 0 3 0 55 2 0 0 0 1 69 0 2 0 10 0 0 3 0 0 3 0 4 0 3 2 51 0 3 51 0 3 0 1 0 0 2 0 0 1 9 0 0 0 0 0 0 0 0 0 0 0 0 0 0 40 33 23 0 21 65 15 15 0 0 49 16 22 59 1 0 11 9 0 0 0 0 0 1 0 16 0 0 0 4 16 0 0 1 0 28 17 0 9 0 0 0 0 0 0 0 2 0 5 0 0 4 0 0 0 0 0 0 0 0 0 0 0 0 0 0 1 0 0 0 0 0 0 0 0 0 0 13 16 12 42 23 19 0 9 0 0 11 11 11 0 25 5 49 13 0 0 21 0 0 0 0 0 19 17 0 0 0 0 0 0 2 21 0 0 15 0 0 0 0 1 0 0 1 0 0 0 0 0 0 0 0 2 0 0 0 0 0 0 0 0 0 1 0 0 0 0 0 0 0 0 22 2 1 8 76 0 0 0 0 0 0 0 14 0 0 0 0 0 0 0 0 0 0 0 0 0 0 12 0 0 0 0 0 0 0 0 
 1 0 0 0 0 0 0 0 2 0 0 0 0 0 2 0 2 0 2 0 113 334 46 229 253 48 113 136 172 0 90 152 110 399 187 147 161 275 79 99 0 6 2 0 0 0 0 2 0 2 1 0 0 2 9 0 0 0 1 0 5 0 0 0 0 5 0 0 33 0 2 0 3 2 22 0 5 0 3 3 0 0 0 0 0 0 0 0 0 0 0 0 0 0 0 0 0 0 0 0 11 15 0 30 8 30 12 0 0 30 39 15 0 23 15 133 0 20 0 0 2 9 0 0 0 0 0 0 26 0 0 0 0 4 1 0 1 15 37 9 0 0 10 0 0 0 0 0 0 0 0 4 0 0 0 0 0 0 0 0 0 0 0 0 0 2 0 0 0 5 0 0 0 0 0 0 0 0 0 0 14 17 0 23 33 23 0 3 18 29 38 13 0 0 0 0 12 32 0 0 2 20 0 0 0 0 0 6 0 0 0 1 0 19 0 0 19 0 25 0 0 0 0 0 0 0 0 0 2 0 0 0 0 0 0 0 0 0 0 0 0 0 0 0 0 0 0 0 0 0 0 0 0 0 14 0 1 78 1 0 3 0 0 0 0 0 0 0 0 0 0 0 0 0 5 0 0 0 0 0 0 0 0 0 0 0 0 0 0 0 
 0 0 0 0 0 0 0 0 0 0 0 0 0 0 1 0 0 0 0 0 115 47 210 65 301 157 44 35 350 90 0 226 80 89 175 68 110 138 60 71 86 3 2 0 0 0 1 0 0 0 3 0 125 64 28 0 0 56 89 0 2 0 14 0 0 3 0 0 3 0 2 0 3 2 0 0 3 0 0 3 0 0 0 13 0 0 0 0 0 0 0 0 0 0 0 0 1 2 0 0 1 0 0 9 20 0 3 2 0 0 0 34 0 30 0 10 9 23 0 0 3 23 0 0 0 0 29 1 0 3 0 0 0 20 0 0 25 0 20 22 0 1 0 0 0 0 0 0 0 8 0 0 4 0 11 0 0 0 0 0 0 0 15 0 0 0 1 0 0 0 0 0 0 0 2 3 0 0 0 0 8 0 19 0 20 39 18 29 0 0 0 17 15 0 37 14 21 4 0 0 1 0 10 0 0 0 21 21 0 0 0 0 17 0 0 18 17 0 0 0 1 2 12 0 0 0 0 0 0 0 0 0 0 0 0 1 0 0 0 0 0 0 0 0 0 0 0 0 0 0 0 0 0 0 4 0 2 80 5 1 2 6 0 0 0 0 13 0 0 0 0 0 0 0 0 0 0 0 0 0 0 0 0 0 2 0 0 0 0 0 
 5 3 3 3 8 3 6 3 7 3 3 3 5 3 5 3 3 3 3 205 105 123 37 31 116 498 106 43 120 152 226 0 307 300 55 107 153 218 54 247 140 10 2 5 0 2 5 66 0 2 5 2 144 32 67 1 3 2 88 70 3 0 13 0 0 6 2 3 3 0 2 0 3 2 0 0 3 2 3 3 0 0 0 0 0 0 0 0 0 0 0 0 0 0 0 0 0 0 0 0 0 6 7 12 0 20 0 0 0 17 21 46 0 0 13 10 0 7 0 0 34 13 0 1 0 0 37 9 1 12 0 9 36 51 0 0 14 0 41 7 0 0 0 0 0 0 0 0 0 0 0 0 0 2 18 0 0 0 0 0 0 0 0 3 0 0 0 0 0 0 0 0 0 0 0 0 2 0 0 0 10 0 0 7 15 42 1 18 0 22 23 19 0 20 0 0 0 39 9 0 0 0 15 14 0 0 18 10 0 0 0 17 24 20 8 16 18 9 6 10 0 0 0 0 0 0 0 0 0 0 0 0 0 0 0 0 0 0 0 0 0 0 0 0 0 0 0 0 0 1 0 0 0 36 4 0 0 79 2 0 24 1 0 0 0 0 5 0 0 0 0 1 0 0 0 0 16 0 0 18 0 0 0 0 0 0 0 0 0 0 
 4 155 2 77 76 6 2 2 76 97 85 77 2 2 2 2 3 76 2 2 157 81 145 48 68 21 208 144 130 110 80 307 0 429 120 181 24 103 56 427 0 3 5 0 0 0 0 0 0 60 2 0 0 1 60 0 0 0 0 0 3 0 0 1 0 3 0 0 3 0 2 1 3 2 0 0 3 1 0 3 0 0 0 18 19 22 0 0 0 50 12 13 0 32 0 0 0 0 0 0 30 33 0 0 0 0 25 13 15 2 25 16 57 0 17 0 23 0 11 28 0 0 0 0 0 0 0 0 0 0 0 0 0 0 0 0 0 0 0 9 0 0 0 0 0 0 0 0 0 0 0 9 0 0 0 0 0 0 2 0 0 0 22 0 32 29 0 0 0 0 0 11 3 0 0 0 0 0 0 0 17 56 13 0 0 0 24 30 1 1 20 0 0 39 43 30 1 25 0 8 1 0 0 0 18 0 0 0 0 0 0 2 0 0 0 0 0 0 0 0 0 0 0 0 0 0 0 0 1 0 0 0 0 0 0 0 0 0 0 0 0 0 0 0 0 0 0 0 0 74 0 0 0 0 10 0 2 1 0 2 0 9 0 0 0 0 0 0 0 0 0 0 0 0 0 11 0 2 0 8 0 12 0 0 0 0 0 0 0 9 
 1 0 0 0 74 35 0 0 74 0 0 0 0 0 0 1 0 0 4 0 291 190 125 157 82 49 60 171 184 399 89 300 429 0 193 143 120 176 187 361 50 3 2 0 0 0 3 0 0 0 29 0 0 2 0 1 0 2 0 0 2 0 0 0 0 5 0 1 3 0 2 0 3 2 10 0 3 5 0 3 0 0 0 18 0 1 0 14 13 0 0 10 0 0 0 0 0 1 0 0 28 28 0 40 4 1 31 20 22 23 36 43 0 15 31 27 1 0 0 30 0 0 0 0 0 0 0 1 0 0 0 0 0 0 0 0 11 0 0 30 0 0 0 0 0 0 1 0 0 0 0 0 0 0 0 0 0 0 5 0 0 0 0 1 0 0 1 0 0 0 0 0 0 0 2 0 0 0 0 0 26 4 16 15 0 0 12 26 44 40 60 37 29 52 21 29 0 14 0 18 0 19 0 0 0 0 0 0 0 0 0 0 0 0 0 0 0 0 0 0 1 2 0 0 0 0 0 0 0 0 0 0 0 0 0 0 0 0 0 0 0 0 19 0 0 0 0 0 0 0 0 0 0 0 18 0 0 1 1 2 0 9 0 0 0 0 0 0 0 0 0 0 0 0 0 0 0 0 0 14 0 13 0 0 0 0 0 0 0 0 
 0 0 2 0 1 33 4 0 0 0 1 0 1 0 7 0 0 88 3 0 290 155 59 76 101 50 63 194 80 187 175 55 120 193 0 78 568 121 144 241 0 3 2 0 0 0 0 2 0 0 0 1 0 1 0 0 0 0 0 0 3 0 0 3 0 4 0 0 3 0 2 0 3 2 0 1 3 0 0 3 0 0 0 13 23 8 0 0 0 0 0 14 0 0 0 0 0 1 0 0 12 45 5 0 0 0 11 0 20 15 20 63 18 27 15 10 11 8 0 17 0 0 0 0 0 0 2 0 0 0 0 0 0 0 0 0 0 0 16 5 0 0 0 0 0 0 0 0 0 0 0 6 0 0 0 0 0 0 0 0 3 0 2 0 18 9 0 0 0 0 0 29 0 0 0 3 16 0 0 0 9 10 0 18 21 1 16 32 12 19 0 1 30 55 9 33 12 22 0 2 0 0 0 0 0 0 0 0 0 0 0 0 0 0 0 0 0 0 0 0 0 0 0 0 0 0 0 0 0 0 0 0 0 0 0 0 0 0 0 0 0 0 0 0 0 0 0 0 0 0 0 0 0 0 10 0 1 38 0 2 0 0 0 0 0 0 0 0 0 0 0 0 0 0 0 0 0 0 0 8 0 1 0 0 0 0 0 0 0 0 
 2 2 1 3 19 79 2 1 4 1 2 2 2 0 4 1 3 2 2 1 103 52 383 45 187 58 78 142 49 147 68 107 181 143 78 0 72 46 50 156 4 3 2 3 0 1 0 0 0 0 103 0 0 3 0 3 0 0 0 0 1 2 0 0 0 3 0 4 9 2 2 0 6 5 6 0 19 2 0 3 0 0 0 22 15 0 0 0 0 0 0 11 0 0 0 0 0 11 0 0 24 16 7 13 0 0 45 0 34 1 28 13 0 14 34 10 13 0 0 12 0 0 0 0 0 0 11 0 0 0 0 0 0 0 0 0 0 0 0 0 0 0 0 0 7 0 0 0 0 0 0 0 0 2 0 0 0 0 0 0 0 0 2 0 0 0 0 0 0 0 0 0 0 0 0 4 2 0 0 0 25 14 0 0 0 0 0 1 12 36 21 7 1 12 21 9 53 0 20 31 0 0 0 0 0 0 0 0 0 0 0 1 0 0 0 0 0 0 7 12 0 0 0 0 0 0 0 0 0 0 0 0 0 0 0 0 0 0 0 0 0 0 7 0 0 0 1 0 0 74 0 0 0 0 8 0 2 0 0 0 0 0 0 0 0 0 0 0 0 0 0 0 0 0 0 0 0 0 0 0 0 0 0 0 0 0 10 0 0 0 
 5 0 0 0 4 77 3 0 0 0 0 0 1 0 0 0 0 0 0 0 88 232 84 133 210 121 272 85 225 161 110 153 24 120 568 72 0 249 37 247 0 3 2 0 0 0 59 0 0 0 1 0 3 2 5 0 0 0 66 0 2 0 0 4 0 3 0 0 3 0 2 0 3 2 0 0 3 1 0 3 0 0 0 0 0 12 0 0 0 0 0 0 0 0 0 0 0 2 0 0 12 17 0 61 42 22 0 0 0 18 35 22 0 18 0 25 35 3 0 0 0 19 0 0 0 0 6 0 18 0 0 0 0 22 1 2 11 10 20 29 0 5 0 0 0 0 0 0 0 8 0 0 4 0 7 0 0 0 0 15 0 0 0 0 0 0 0 0 0 5 0 0 0 0 0 2 0 0 0 0 2 1 0 42 12 31 0 0 9 0 15 18 28 0 0 0 0 11 0 0 20 19 0 0 0 0 1 24 0 0 0 0 0 18 0 0 0 0 40 3 0 2 0 0 0 2 1 0 0 0 0 0 0 0 0 0 0 0 0 2 0 0 0 0 0 1 0 0 0 0 0 0 0 0 6 1 0 86 0 1 2 0 0 0 0 0 0 0 0 0 0 0 0 0 0 0 0 0 0 0 0 0 0 0 2 0 0 0 0 0 
 1 0 0 0 74 74 0 0 2 0 0 0 0 0 0 0 0 0 0 0 248 53 126 111 161 64 109 47 224 275 138 218 103 176 121 46 249 0 24 48 124 4 2 0 0 0 4 0 0 0 2 2 117 3 21 0 0 0 127 0 1 0 15 0 0 3 0 6 3 0 4 39 3 2 0 0 3 0 0 3 0 1 0 0 2 0 0 1 0 0 0 0 0 0 0 0 0 0 0 0 55 7 7 12 28 24 0 18 0 20 36 28 0 0 17 9 0 1 14 20 9 12 12 0 0 0 3 0 12 1 0 0 3 48 0 0 0 0 33 23 0 1 0 0 0 0 0 0 0 0 0 1 0 0 0 0 0 0 6 0 0 0 0 1 0 0 0 0 0 4 0 1 0 0 0 0 0 0 0 0 2 0 11 8 19 36 14 12 7 24 6 9 0 6 21 5 0 62 0 0 0 0 0 0 0 0 18 43 0 0 11 0 12 12 2 4 0 4 11 18 0 0 0 1 0 0 1 0 0 0 0 0 0 0 0 0 0 0 0 0 0 0 0 0 0 0 0 0 0 0 0 0 0 0 38 0 0 9 7 0 10 3 0 0 0 0 13 0 0 0 0 0 0 0 0 0 0 0 0 7 0 9 0 0 0 0 0 0 0 0 
 0 74 0 74 1 75 0 0 74 26 79 188 0 0 0 74 74 49 0 0 118 114 60 399 78 50 147 180 193 79 60 54 56 187 144 50 37 24 0 200 0 9 5 0 0 1 5 201 1 0 68 0 0 5 0 0 0 3 4 3 1 0 3 0 0 9 3 12 4 0 4 0 3 4 0 0 3 2 0 3 0 0 20 0 0 12 0 0 9 13 21 19 0 0 0 43 35 0 0 0 0 2 20 0 21 0 14 10 1 0 0 19 63 31 1 0 0 0 27 25 0 0 0 0 0 0 0 0 0 0 0 0 0 0 0 0 0 0 0 0 0 0 0 0 0 1 0 2 0 0 0 0 15 0 0 0 5 7 0 0 0 0 48 0 13 13 0 0 0 45 15 0 0 33 0 22 59 0 0 0 0 9 18 0 2 0 19 37 17 2 0 14 27 13 0 31 10 0 28 1 0 0 0 2 2 0 0 0 0 0 0 0 0 13 0 0 2 0 0 0 0 0 0 0 0 0 0 0 0 0 0 0 0 0 1 0 0 0 0 0 0 0 1 0 0 0 1 0 0 5 0 2 0 0 9 2 0 0 2 2 77 0 0 0 0 0 0 0 0 0 0 0 0 0 0 0 0 0 0 0 0 17 0 0 0 0 0 0 0 0 
 8 21 2 17 77 221 2 77 2 3 21 141 2 2 2 2 2 2 3 5 63 76 497 73 86 72 35 386 139 99 71 247 427 361 241 156 247 48 200 0 1 3 2 0 0 0 1 0 0 1 30 0 0 3 0 0 0 0 0 0 0 0 0 8 0 3 0 2 1 0 3 1 3 2 0 0 56 0 0 2 0 0 3 8 15 26 0 0 10 9 29 20 0 0 0 0 15 0 0 0 1 51 21 0 0 0 9 11 53 17 0 1 25 39 12 0 96 0 0 23 0 0 0 0 0 0 2 0 0 0 0 0 1 0 0 0 0 0 0 0 0 0 0 0 0 0 0 0 0 0 0 0 0 0 0 0 1 3 0 0 0 0 0 5 17 4 0 0 0 0 0 0 4 2 0 0 1 2 0 0 20 0 7 1 0 0 11 0 9 6 0 10 10 14 15 46 12 0 0 27 0 0 0 1 0 33 0 0 0 0 0 0 0 0 0 0 0 0 0 0 0 0 0 0 0 4 0 0 0 0 0 1 0 0 0 0 0 0 0 0 0 0 12 0 0 0 74 0 0 0 0 0 0 0 0 0 0 0 1 3 0 0 0 0 0 0 0 0 0 0 0 2 0 0 0 12 0 0 0 0 0 10 0 0 0 0 0 0 0 0 
 0 0 0 0 4 4 0 0 0 50 0 0 0 0 0 0 0 0 0 1 0 0 0 2 18 132 0 0 63 0 86 140 0 50 0 4 0 124 0 1 0 172 158 80 247 40 251 59 27 34 48 39 186 160 182 94 40 51 131 376 0 0 5 0 0 0 0 0 0 0 0 0 0 0 0 0 0 0 0 0 0 0 0 4 0 0 0 0 0 0 0 5 0 0 0 0 0 0 0 0 0 4 46 0 0 21 2 1 6 0 2 20 0 0 6 1 0 10 0 2 13 7 0 0 0 0 47 7 0 22 0 13 10 32 0 0 1 20 19 0 0 0 0 4 0 0 0 0 0 0 0 0 0 0 1 0 0 0 0 0 0 0 0 0 0 0 0 0 0 1 0 0 0 0 0 0 0 3 0 0 0 0 0 0 14 47 0 0 4 7 0 38 2 2 0 3 0 6 0 8 2 0 0 0 0 0 20 1 0 0 0 0 14 0 26 33 32 19 0 10 0 0 0 0 0 0 0 0 0 0 0 0 0 0 0 0 0 0 0 0 0 0 4 0 0 0 0 0 0 0 0 5 0 2 0 0 0 64 62 2 12 0 5 0 1 2 2 0 0 0 0 0 0 0 0 0 0 0 0 0 0 2 0 0 1 2 0 0 1 0 
 0 0 0 0 0 0 0 0 0 0 0 0 0 0 0 0 0 0 0 0 3 3 5 3 5 85 3 3 3 6 3 10 3 3 3 3 3 4 9 3 172 0 268 71 50 33 317 310 93 62 40 117 68 364 120 173 256 111 110 389 0 0 6 0 0 0 0 6 0 1 0 1 0 0 0 0 0 0 1 0 0 0 0 0 0 0 0 0 0 0 0 0 0 0 0 0 0 0 0 0 0 0 0 0 0 0 0 0 0 0 0 0 0 0 0 0 0 0 0 0 5 0 34 19 26 50 19 30 20 0 20 0 1 1 16 71 38 33 0 0 0 0 0 0 0 5 0 0 0 0 0 0 0 0 0 0 0 0 0 3 0 0 0 7 0 0 0 0 0 0 0 0 0 0 0 0 0 0 0 0 0 0 0 0 6 1 0 0 0 0 0 0 17 0 0 0 0 0 0 0 21 29 63 0 0 0 13 11 37 26 0 11 36 22 40 0 0 3 3 8 0 0 0 0 0 0 0 0 0 0 0 0 0 0 0 0 0 0 6 0 0 0 0 0 0 0 1 0 0 0 0 6 0 0 0 0 0 0 0 0 0 0 65 0 68 12 0 1 0 0 16 0 0 0 0 0 0 0 0 0 0 0 0 0 54 70 0 0 0 0 
 0 29 0 0 0 0 0 0 3 4 0 0 0 0 0 0 8 3 2 0 2 2 5 4 2 65 11 2 2 2 2 2 5 2 2 2 2 2 5 2 158 268 0 104 48 29 146 192 173 185 37 269 286 136 127 183 140 160 42 70 52 0 0 0 0 0 52 0 0 1 0 4 0 0 0 0 4 0 0 0 0 0 0 0 3 0 0 8 0 33 0 0 0 0 0 0 0 0 0 0 4 0 0 0 0 18 0 0 0 0 0 0 5 0 0 0 0 0 0 0 0 0 10 0 23 71 0 20 8 16 33 0 3 8 62 10 10 28 0 13 20 0 0 0 0 1 13 0 0 0 0 0 0 0 0 10 0 1 20 0 0 0 68 7 11 4 0 0 0 0 0 3 0 0 0 0 0 0 0 0 0 2 0 0 0 0 0 0 0 0 0 0 0 0 0 0 0 0 0 0 8 11 25 25 18 0 0 1 76 10 0 28 4 20 38 10 8 6 0 2 17 0 0 0 0 0 24 0 13 1 0 0 1 0 18 0 0 0 0 0 0 0 0 0 0 0 0 0 0 0 0 11 0 0 0 0 0 0 0 1 0 0 80 0 5 0 0 0 2 0 2 0 0 0 0 0 0 0 0 0 0 0 0 0 17 74 0 0 0 0 
 1 0 3 0 0 0 12 48 0 0 1 4 9 4 2 4 0 0 55 0 0 0 0 0 0 2 19 0 0 0 0 5 0 0 0 3 0 0 0 0 80 71 104 0 195 71 125 83 112 141 379 285 67 93 62 126 137 197 113 72 51 0 0 2 0 0 52 0 0 0 0 0 0 0 0 0 0 0 0 1 0 6 4 0 0 1 1 0 4 0 0 0 9 0 0 0 4 2 3 0 0 0 0 0 0 0 0 0 0 0 0 0 0 0 0 0 10 0 1 0 11 9 1 11 0 0 0 0 0 9 46 9 0 17 7 12 0 76 0 0 10 0 13 0 0 0 0 10 0 0 4 0 12 14 0 0 0 0 3 5 10 0 0 0 9 0 0 4 0 0 3 0 0 2 4 0 14 0 0 0 0 0 0 0 0 0 0 0 0 0 0 0 0 0 0 0 0 0 0 0 21 0 0 36 22 11 13 0 0 0 51 13 0 30 0 9 0 13 0 0 13 1 0 0 0 0 21 22 0 0 0 0 10 14 10 0 0 0 0 1 0 3 0 0 0 0 3 0 0 0 0 21 0 1 0 0 0 0 0 6 0 29 0 56 2 2 2 1 0 0 0 0 0 19 0 0 0 0 0 0 0 0 0 0 0 0 0 13 0 0 
 0 0 0 0 0 0 0 0 0 0 0 0 0 0 3 0 0 0 0 0 0 0 0 3 2 0 0 0 0 0 0 0 0 0 0 0 0 0 0 0 247 50 48 195 0 58 132 124 176 105 164 197 94 157 87 284 82 162 106 520 0 0 2 0 0 0 14 9 2 13 9 0 5 36 12 10 1 0 21 0 0 0 0 0 0 0 0 0 0 0 0 0 0 0 0 0 0 12 0 0 0 0 0 0 0 0 0 0 0 0 0 0 0 0 0 0 0 0 0 0 1 6 10 10 8 1 0 19 0 0 35 5 0 16 1 9 0 19 0 0 10 3 1 1 0 1 21 0 42 3 0 0 3 0 0 2 1 0 11 38 10 0 0 0 6 0 0 0 0 0 0 0 0 0 0 0 0 0 0 0 0 0 0 0 0 0 0 0 0 0 0 0 0 0 0 0 0 0 0 0 21 0 12 6 8 37 0 0 0 60 16 0 0 18 0 0 0 0 0 0 10 0 0 0 0 0 7 29 2 0 19 0 2 6 9 5 32 0 37 9 0 0 0 0 0 0 2 0 0 0 0 2 0 0 0 0 0 0 0 12 0 0 7 64 1 5 6 1 2 0 0 0 0 0 0 1 0 0 0 0 0 0 0 0 0 0 0 0 0 0 
 1 0 0 0 1 0 1 63 0 0 0 1 1 1 1 0 0 1 30 2 0 0 0 0 3 0 1 0 0 0 0 2 0 0 0 1 0 0 1 0 40 33 29 71 58 0 41 51 44 43 204 165 258 68 53 334 282 118 60 23 9 0 0 7 0 0 57 5 5 0 0 0 20 24 1 0 0 58 51 53 0 0 0 0 0 0 0 0 0 0 0 0 0 0 0 0 0 0 1 0 0 0 0 0 0 0 0 0 0 0 20 0 0 0 0 0 0 0 9 0 0 9 7 6 0 11 0 0 0 0 0 0 0 0 0 28 0 0 0 0 10 0 1 3 0 0 1 6 17 7 7 0 0 0 0 22 0 5 31 1 0 0 0 0 0 0 0 0 0 0 0 0 0 0 0 0 0 0 0 0 0 0 0 0 0 0 0 0 0 0 0 0 0 0 0 0 0 0 0 0 0 17 22 20 17 7 0 0 9 16 15 1 0 0 0 7 42 10 0 0 1 26 11 2 5 0 0 24 1 0 10 21 2 1 24 0 20 6 0 8 0 0 0 0 0 0 0 0 0 0 0 0 0 0 0 0 0 0 0 0 0 0 0 0 2 0 2 1 1 0 2 0 0 0 0 1 0 0 0 0 0 0 0 0 0 0 0 0 0 0 
 8 2 2 2 5 2 2 2 2 2 2 2 2 2 2 2 2 2 2 2 0 0 62 20 85 57 2 0 74 0 1 5 0 3 0 0 59 4 5 1 251 317 146 125 132 41 0 97 480 93 22 258 130 384 57 91 102 269 236 153 2 0 2 2 5 2 1 2 4 0 15 2 0 0 1 1 9 14 0 0 0 0 0 0 0 0 0 0 0 0 0 0 0 9 0 0 0 0 0 0 0 0 7 10 68 0 0 0 0 0 0 0 0 0 5 12 6 5 0 0 10 0 1 30 0 0 39 46 0 15 25 8 4 17 9 7 10 44 0 12 0 2 0 16 0 0 0 0 0 2 0 0 2 0 5 0 0 0 0 0 4 0 0 0 23 0 0 0 0 0 0 0 0 0 0 0 0 0 4 0 0 18 6 20 35 7 0 0 10 0 0 0 0 0 0 0 9 0 0 0 52 0 23 10 0 0 80 31 21 0 7 0 14 54 0 26 0 8 15 31 0 0 0 0 0 0 0 0 0 0 0 0 0 0 0 0 0 0 0 0 0 0 0 0 0 0 0 0 0 27 0 9 0 1 0 0 0 0 0 4 0 0 1 45 67 2 2 0 0 0 0 0 0 0 0 0 0 0 0 0 0 0 0 0 10 0 9 0 0 0 
 0 0 0 0 0 1 0 0 0 0 0 0 0 0 1 0 0 0 0 0 0 5 0 3 2 63 0 0 0 2 0 66 0 0 2 0 0 0 201 0 59 310 192 83 124 51 97 0 159 188 97 205 104 82 211 97 51 64 102 138 0 1 0 0 0 0 0 0 0 0 0 5 0 0 0 0 0 0 0 4 0 0 0 0 0 0 0 0 0 0 0 0 0 0 0 0 0 0 0 0 0 0 0 0 0 0 0 0 18 0 0 0 0 0 0 0 0 18 0 0 0 0 21 1 32 36 19 15 18 59 19 4 29 0 45 15 25 13 0 0 4 0 0 0 0 0 4 0 0 0 0 0 20 10 0 0 0 0 0 0 0 0 0 7 0 0 0 0 0 0 0 0 0 0 0 0 0 0 0 0 0 0 0 0 0 0 0 0 0 0 0 0 0 0 0 0 0 0 0 0 1 33 0 10 5 0 0 11 31 29 4 1 9 17 37 18 0 19 20 22 4 6 4 0 0 0 0 0 0 4 0 0 3 7 19 0 1 0 14 19 0 0 0 0 0 0 0 0 0 0 0 12 0 0 0 0 0 1 62 0 0 0 45 0 1 2 1 0 0 0 20 0 0 0 0 0 0 0 0 0 0 0 0 0 2 21 0 0 0 0 
 0 0 0 0 0 0 3 0 2 0 0 0 0 30 3 0 0 0 0 0 0 2 0 0 0 0 0 0 0 0 0 0 0 0 0 0 0 0 1 0 27 93 173 112 176 44 480 159 0 252 38 58 98 354 156 90 371 37 106 72 57 0 26 0 0 0 56 3 1 0 4 4 0 0 7 7 0 3 0 5 0 0 0 0 0 0 0 7 0 0 0 0 0 0 1 0 0 0 0 0 0 0 0 0 0 18 0 0 0 0 0 0 0 17 0 0 0 0 0 0 1 2 24 7 11 16 0 31 1 39 33 17 0 14 37 10 9 36 0 14 0 0 0 3 0 0 0 0 6 5 5 0 0 0 0 4 2 0 0 0 11 0 0 0 2 0 0 0 0 0 0 0 0 0 0 0 0 0 17 0 0 0 0 0 0 0 0 0 0 0 0 0 0 0 0 0 0 0 0 0 24 15 0 22 13 11 0 6 66 9 29 0 2 8 4 6 22 13 0 0 7 7 0 0 6 0 27 0 0 0 5 0 0 68 0 6 7 18 21 15 0 0 0 0 0 1 0 0 0 0 0 12 0 0 0 2 0 0 0 1 0 0 0 1 1 2 0 0 0 0 0 0 0 0 0 0 0 0 0 0 0 0 0 0 0 29 0 0 0 0 
 0 0 0 63 0 0 0 0 0 0 0 0 0 0 0 0 0 0 2 0 0 0 0 0 0 0 0 0 0 2 0 2 60 0 0 0 0 0 0 1 34 62 185 141 105 43 93 188 252 0 139 47 54 151 398 141 185 94 121 152 0 0 0 0 0 1 0 0 0 0 0 0 0 50 0 0 0 0 12 0 0 0 0 0 0 0 0 0 0 0 0 0 0 0 0 0 0 0 0 0 0 0 0 0 0 35 0 0 17 0 0 3 0 0 0 0 0 0 0 0 14 41 0 27 67 0 0 15 10 44 0 30 14 18 22 0 6 4 0 16 0 0 0 0 0 0 0 7 0 18 0 0 0 0 0 0 0 0 13 0 3 0 7 0 3 0 0 0 0 0 0 0 0 0 0 0 0 0 0 0 0 0 0 0 0 0 0 0 0 0 0 0 0 0 0 0 0 0 0 0 3 0 25 43 2 2 4 10 6 0 31 9 0 22 27 23 0 9 0 7 1 0 0 0 0 0 0 0 0 0 0 0 0 0 0 0 0 0 16 20 0 0 0 0 0 0 0 0 0 0 0 24 0 0 0 0 0 0 0 22 0 0 9 63 0 1 0 0 2 0 0 0 0 0 0 0 0 0 0 0 0 0 0 0 0 0 0 0 0 0 
 0 0 2 2 64 38 0 2 2 0 0 0 1 0 2 2 2 2 1 0 79 4 3 1 5 1 0 2 3 1 3 5 2 29 0 103 1 2 68 30 48 40 37 379 164 204 22 97 38 139 0 205 35 223 274 52 305 167 26 71 0 4 0 0 0 0 0 0 0 0 0 0 0 60 2 0 0 0 63 0 12 0 0 0 0 1 0 0 0 0 0 9 0 0 0 0 0 0 0 0 0 22 0 0 0 0 15 1 20 0 0 0 0 0 22 0 0 0 0 15 0 1 21 9 31 8 0 0 9 0 0 8 0 0 0 29 0 0 0 0 4 0 14 0 0 4 0 0 0 27 0 1 9 0 0 0 0 0 34 29 0 0 0 0 0 0 0 0 0 0 0 0 0 0 0 0 0 0 0 0 0 0 0 0 0 0 0 1 14 7 0 11 15 0 0 0 19 0 0 21 0 20 36 0 14 0 0 0 23 9 0 14 0 0 50 0 0 5 0 0 0 0 0 0 0 0 0 19 0 0 8 0 1 14 1 0 0 0 6 0 0 0 34 0 0 0 0 0 0 2 0 17 2 2 0 0 0 0 3 2 0 0 71 0 2 1 1 0 0 2 14 0 0 0 0 0 0 0 0 0 0 9 0 0 8 0 0 0 0 0 
 3 3 3 3 3 3 5 3 3 3 3 3 3 3 3 3 3 3 3 4 0 5 0 0 2 0 5 0 0 0 0 2 0 0 1 0 0 2 0 0 39 117 269 285 197 165 258 205 58 47 205 0 258 42 260 92 88 294 59 35 0 50 0 0 1 0 53 0 0 52 3 1 49 53 0 0 0 0 58 4 0 0 0 0 0 0 0 0 0 0 0 0 0 0 0 0 0 0 0 0 0 0 0 0 0 0 2 0 0 0 0 0 0 0 0 0 0 0 0 0 0 10 13 10 0 47 0 0 3 0 0 0 0 0 0 21 0 0 0 0 1 0 0 0 1 4 0 14 14 8 0 6 0 0 0 10 0 0 47 5 0 0 0 0 0 0 0 0 0 0 0 0 0 0 0 0 0 0 0 0 0 0 0 0 0 0 0 0 0 0 0 0 0 0 0 0 0 0 0 0 0 20 32 26 33 1 0 0 19 11 36 0 0 0 0 8 14 9 0 0 1 0 0 0 0 0 0 0 0 0 13 0 15 0 19 0 19 0 9 0 0 0 0 0 0 0 0 0 0 0 0 4 0 0 0 0 0 0 0 15 0 0 1 4 0 2 3 2 2 0 13 0 0 0 0 0 0 0 0 0 0 0 0 0 2 0 0 0 0 0 
 0 0 0 0 0 0 0 0 0 0 0 0 0 0 0 0 0 0 0 0 0 0 0 0 21 59 0 0 55 0 125 144 0 0 0 0 3 117 0 0 186 68 286 67 94 258 130 104 98 54 35 258 0 88 147 36 258 23 267 116 0 0 14 5 0 1 11 11 0 13 11 0 10 0 2 5 3 5 0 1 0 0 0 0 0 0 0 0 0 0 0 0 0 0 0 0 0 0 0 0 0 0 8 0 1 12 0 0 0 0 0 15 0 0 1 1 0 11 0 0 30 10 0 0 0 0 30 6 0 15 0 23 12 33 0 0 1 0 5 0 0 0 12 0 0 0 0 0 0 0 0 0 0 0 4 0 0 0 0 0 0 0 0 0 0 0 0 0 0 1 0 0 0 0 0 0 0 0 0 0 0 0 1 0 10 53 0 0 2 0 1 25 0 0 0 0 0 12 0 0 12 0 0 1 0 0 40 11 13 0 0 1 3 0 0 2 25 10 0 11 0 1 0 0 0 0 0 0 12 0 0 0 0 0 0 0 0 0 0 0 0 0 0 0 0 0 0 0 0 0 0 4 0 5 0 0 0 1 62 0 11 0 0 0 2 2 9 0 2 0 2 0 0 0 0 0 0 0 0 0 0 0 0 0 0 0 0 0 0 10 
 0 63 8 0 43 0 6 0 0 62 0 0 2 65 0 6 0 0 4 0 3 2 5 4 1 65 3 2 2 2 64 32 1 2 1 3 2 3 5 3 160 364 136 93 157 68 384 82 354 151 223 42 88 0 172 89 92 27 208 270 0 0 0 0 0 0 0 0 0 0 0 0 0 0 0 52 0 0 0 0 0 3 8 0 0 0 0 0 0 0 5 0 0 0 0 0 8 0 9 8 0 0 0 0 0 53 0 0 0 0 0 25 0 0 0 0 0 0 0 0 35 10 10 7 0 0 20 12 0 40 20 22 1 51 16 17 16 31 4 23 0 0 0 0 0 0 0 0 0 0 0 0 0 0 4 0 0 0 0 0 59 2 0 0 6 0 0 0 0 0 28 0 0 4 0 5 1 11 0 0 0 0 0 0 0 22 0 0 0 0 0 33 0 0 0 0 0 0 0 0 35 0 4 26 0 0 36 7 23 10 8 1 4 25 1 15 29 7 0 0 0 0 0 0 0 0 0 0 0 0 0 0 0 0 0 0 0 0 2 0 0 0 0 0 0 0 6 0 0 0 0 4 0 0 0 0 0 65 0 6 0 0 2 29 8 0 0 0 1 0 0 0 0 0 0 0 0 0 0 0 0 0 0 0 17 0 0 0 1 0 
 0 0 0 0 0 0 1 0 1 0 0 0 0 0 0 0 0 0 0 0 0 6 1 12 7 57 0 0 0 9 28 67 60 0 0 0 5 21 0 0 182 120 127 62 87 53 57 211 156 398 274 260 147 172 0 391 265 59 157 202 0 0 0 0 0 0 0 0 0 0 0 5 0 0 0 0 0 0 0 0 0 0 0 0 9 0 0 0 0 0 10 0 0 0 0 0 0 0 0 0 0 0 0 6 24 7 0 0 0 5 7 22 0 0 0 1 1 1 0 0 0 17 8 8 8 15 21 7 20 29 11 12 2 5 21 9 28 15 0 15 0 0 11 0 0 0 0 0 0 4 0 0 3 0 7 0 0 0 0 0 0 0 17 4 0 0 0 0 0 0 0 0 0 0 0 0 0 0 0 0 0 0 1 4 0 32 0 0 0 0 0 21 0 0 0 0 0 5 0 0 23 12 0 0 0 0 22 37 12 7 8 10 57 43 7 26 23 0 20 6 0 0 0 2 0 0 0 0 0 0 0 0 0 1 7 0 0 0 10 12 0 0 0 0 0 0 0 0 0 0 0 10 0 1 0 0 0 0 0 1 0 0 0 1 0 11 0 0 2 0 0 0 0 0 0 0 0 0 0 0 0 0 0 0 0 13 0 11 0 0 
 0 0 54 0 0 0 2 0 68 0 57 0 0 0 0 0 0 72 65 0 0 0 0 0 0 131 0 0 0 0 0 1 0 1 0 3 0 0 0 0 94 173 183 126 284 334 91 97 90 141 52 92 36 89 391 0 246 34 110 405 0 0 6 1 0 0 0 0 0 10 1 1 15 4 1 1 4 0 17 0 0 48 0 10 18 0 0 14 8 10 0 0 0 0 1 7 0 0 0 11 0 0 0 0 0 0 0 0 0 0 0 0 0 0 0 0 0 0 0 0 15 15 17 9 0 0 10 29 0 9 23 0 0 8 1 7 0 3 0 10 0 2 9 0 0 0 0 2 0 15 0 2 0 9 3 0 4 1 16 4 10 0 0 1 0 0 0 0 0 0 0 0 0 9 0 0 0 7 4 0 0 0 0 0 0 0 0 0 0 0 0 0 0 0 0 0 0 0 0 0 9 12 12 20 32 0 26 8 10 11 13 0 19 39 1 0 0 39 10 0 1 0 0 0 0 9 8 3 5 0 9 0 6 0 0 3 0 14 0 0 0 0 0 0 0 0 0 0 0 0 0 3 0 0 0 0 0 0 0 0 0 0 2 1 61 5 6 0 0 0 0 0 0 0 0 8 0 0 0 0 0 0 0 0 9 10 0 0 0 0 
 0 0 0 0 0 0 0 0 0 0 0 0 0 0 2 0 0 0 1 0 0 0 0 0 3 64 0 0 0 0 0 3 0 0 0 0 0 0 0 0 40 256 140 137 82 282 102 51 371 185 305 88 258 92 265 246 0 200 43 528 66 6 0 0 0 0 77 0 0 0 0 0 1 1 1 0 207 0 0 54 0 0 0 0 0 0 0 0 0 0 0 0 0 0 0 0 0 0 0 0 0 0 0 0 0 0 0 0 0 0 0 0 0 0 0 0 0 0 0 0 0 8 17 3 0 10 0 20 1 4 12 0 39 7 7 14 23 23 0 5 9 0 0 0 0 0 6 39 0 0 30 0 40 2 0 9 0 0 11 0 0 14 0 0 0 0 0 0 0 0 0 0 0 0 0 0 0 0 0 0 0 0 0 0 0 0 0 0 0 0 0 0 0 0 0 0 0 0 0 0 6 0 32 69 19 5 9 2 24 48 18 22 0 14 0 4 14 35 0 0 25 17 0 0 0 0 18 0 6 9 0 0 20 0 10 0 0 0 0 0 0 0 0 0 0 0 0 0 0 0 0 0 0 0 0 0 0 0 0 0 0 0 1 0 35 2 0 0 2 0 0 0 0 0 0 0 0 0 0 0 0 0 1 0 7 14 0 0 0 0 
 4 0 0 0 0 0 3 0 0 0 0 0 0 0 0 0 0 0 0 1 0 5 1 2 5 2 0 0 1 0 56 2 0 2 0 0 0 0 3 0 51 111 160 197 162 118 269 64 37 94 167 294 23 27 59 34 200 0 36 42 0 0 0 0 1 3 0 2 0 0 0 1 1 55 0 0 0 4 58 0 0 0 0 0 0 0 0 0 0 0 0 0 0 0 0 0 0 0 0 0 0 0 0 0 0 0 0 0 20 0 0 0 0 0 0 0 0 0 0 0 0 7 7 20 9 11 0 13 13 0 0 9 10 15 17 23 0 25 0 0 14 0 12 0 1 0 0 0 0 0 0 0 45 6 0 0 0 10 12 7 3 0 0 0 2 0 0 0 0 0 0 0 0 0 0 0 0 0 0 0 0 0 0 0 0 0 0 0 0 0 0 0 0 0 0 1 0 0 0 0 19 32 0 11 19 0 0 0 20 0 7 13 0 8 6 21 28 0 0 39 8 0 10 0 0 0 6 4 0 0 1 0 5 14 0 0 5 0 4 4 0 0 0 0 0 0 0 0 0 0 0 0 0 0 0 0 0 0 0 11 0 0 10 1 3 5 0 63 2 0 13 0 0 0 0 0 0 0 0 0 0 0 0 0 21 0 0 0 0 0 
 3 2 2 3 3 3 5 2 3 3 1 3 2 2 3 2 1 3 3 3 2 0 0 63 33 204 3 7 69 1 89 88 0 0 0 0 66 127 4 0 131 110 42 113 106 60 236 102 106 121 26 59 267 208 157 110 43 36 0 302 0 3 13 0 0 0 0 0 0 0 0 6 1 2 0 0 7 0 6 0 0 7 0 0 0 0 0 0 0 0 0 0 0 0 0 0 0 0 0 0 0 0 2 38 1 0 9 0 0 5 0 0 0 0 1 0 11 20 0 0 10 7 0 0 0 0 38 0 5 2 1 0 27 21 0 0 23 10 33 9 1 7 5 0 0 0 6 0 0 8 0 1 8 7 10 0 0 0 1 0 0 0 0 0 0 0 0 0 0 3 0 0 0 0 0 0 0 0 0 0 0 0 0 0 15 49 0 0 0 0 0 9 0 0 0 0 0 4 0 0 20 0 0 0 1 0 28 19 0 0 0 0 20 0 0 16 9 32 3 17 0 5 6 0 0 0 0 0 0 1 1 0 4 0 0 0 0 0 0 0 0 0 0 0 0 0 0 0 0 0 0 11 0 2 0 0 1 66 74 0 10 0 0 0 2 2 7 0 0 0 0 0 0 0 0 0 0 0 0 0 0 0 0 0 0 0 0 0 2 0 
 0 0 0 0 0 0 0 0 62 0 0 0 0 0 0 0 0 0 0 0 0 0 0 0 3 92 0 0 0 0 0 70 0 0 0 0 0 0 3 0 376 389 70 72 520 23 153 138 72 152 71 35 116 270 202 405 528 42 302 0 0 0 0 0 0 0 0 0 0 0 0 4 0 0 0 0 0 0 0 0 0 0 0 0 0 0 0 20 0 0 0 0 0 0 0 0 0 0 0 0 18 0 0 0 0 64 0 0 0 0 0 18 0 0 0 0 0 0 0 0 13 0 16 0 0 7 9 40 0 33 39 12 3 15 30 13 24 28 0 35 1 0 0 0 0 0 0 0 0 0 0 0 0 0 0 0 0 0 0 0 0 0 0 5 0 0 0 0 0 0 0 0 0 0 0 0 0 0 0 0 0 0 0 0 0 12 0 0 0 0 0 0 0 0 0 0 0 0 0 0 3 9 22 26 0 21 15 29 38 17 0 20 26 21 10 4 18 9 19 0 0 0 0 0 0 0 0 0 0 0 0 0 0 0 0 0 0 0 0 0 0 0 0 0 0 0 0 0 0 0 0 68 0 1 0 0 0 0 0 3 0 0 4 1 3 23 3 0 0 0 0 0 0 0 0 0 0 0 0 0 0 0 4 0 11 7 0 0 0 0 
 0 0 0 0 0 0 0 0 0 0 0 0 0 0 0 0 0 0 0 0 0 2 2 2 3 2 1 2 2 5 2 3 3 2 3 1 2 1 1 0 0 0 52 51 0 9 2 0 57 0 0 0 0 0 0 0 66 0 0 0 0 74 87 69 20 79 338 95 114 99 32 40 42 23 155 103 91 107 73 104 0 0 0 0 0 0 21 0 1 0 0 0 0 0 0 0 1 0 0 0 0 0 0 0 0 0 0 0 0 0 0 0 0 0 0 0 0 0 0 0 0 0 0 0 0 24 0 0 0 0 0 0 7 0 0 0 0 0 0 0 11 0 0 21 0 0 4 0 4 12 21 0 0 7 0 51 4 20 8 0 0 0 0 0 0 0 0 0 0 0 0 0 0 0 0 0 0 0 0 0 0 0 0 0 0 0 0 0 0 0 0 0 0 0 0 0 0 14 0 0 0 0 10 0 20 5 0 0 0 1 0 13 0 0 0 0 0 10 0 0 8 8 11 30 7 0 3 0 4 9 0 11 0 0 8 0 8 0 0 0 0 0 0 0 0 0 0 0 0 0 0 0 0 2 11 0 0 0 0 0 0 14 8 0 0 0 0 0 0 0 18 9 0 0 0 2 0 0 0 0 0 0 0 0 0 0 0 12 0 0 
