 0 219 364 70 152 233 109 80 307 390 42 33 169 273 354 162 341 179 155 224 1 1 4 79 0 9 0 0 0 0 0 2 0 2 2 0 0 0 1 3 0 3 0 4 0 0 1 3 0 42 0 2 0 3 7 0 0 2 0 0 2 0 3 3 0 0 0 0 0 0 0 0 0 0 0 0 0 0 2 0 31 31 18 7 10 0 9 0 6 12 0 13 41 0 77 31 44 18 1 43 0 0 1 0 0 0 0 0 0 0 0 0 0 0 0 0 0 0 0 0 0 0 0 0 0 0 0 0 0 0 0 0 0 0 0 0 0 0 11 0 0 0 0 0 1 0 8 2 0 0 0 0 0 0 0 0 0 0 0 0 25 20 1 24 0 0 38 0 37 0 9 21 20 19 8 21 38 2 1 0 0 0 0 0 0 0 0 0 0 0 0 0 0 0 1 0 0 0 1 0 0 0 0 0 0 0 0 23 0 0 0 0 0 0 0 0 0 0 9 0 0 0 0 0 0 0 0 0 0 0 0 1 9 0 0 0 0 0 0 0 0 0 0 0 0 2 105 0 1 90 0 23 0 0 0 0 0 0 0 0 10 0 11 0 0 0 0 0 0 0 0 0 0 0 0 0 14 0 0 0 0 0 0 0 0 0 0 0 0 0 
 219 0 365 142 347 52 178 68 114 183 142 39 133 54 54 40 299 135 86 333 0 1 0 83 2 0 75 0 1 0 0 0 35 2 3 0 0 0 82 3 0 3 0 3 0 0 1 3 0 0 0 2 0 3 0 0 0 2 0 0 2 0 3 3 0 0 0 0 0 0 0 0 0 0 0 0 0 0 2 0 9 8 0 0 21 0 10 6 22 21 17 19 41 17 12 11 10 27 0 29 0 0 1 0 0 0 18 0 0 1 0 0 0 0 0 0 0 0 13 20 9 0 0 0 0 0 0 0 0 0 0 0 0 16 0 0 0 1 0 0 0 0 0 0 1 0 0 0 0 0 0 0 0 0 0 0 0 0 0 0 13 9 15 17 25 1 2 2 82 9 19 15 0 0 0 16 41 23 0 0 0 0 0 0 0 0 10 0 16 0 0 0 23 0 2 0 0 0 10 11 0 0 0 0 1 0 0 0 0 0 0 0 0 0 0 0 0 10 0 0 0 0 0 0 0 0 0 0 0 0 0 1 0 0 0 0 0 0 15 0 0 0 0 0 0 0 42 0 0 91 12 0 0 0 0 0 0 0 0 0 0 0 0 0 0 0 0 0 0 0 0 0 0 0 0 21 17 27 0 0 0 0 0 0 0 0 0 0 0 0 
 364 365 0 106 175 125 89 390 141 394 701 99 316 70 55 77 494 61 132 59 0 1 2 49 1 0 71 0 0 0 0 2 0 4 0 0 0 0 0 77 0 4 0 4 0 0 1 3 0 63 0 2 0 3 0 5 0 2 0 0 2 0 3 3 0 0 0 0 0 0 0 0 0 0 0 0 0 0 2 0 20 0 12 26 15 0 7 12 4 15 6 71 0 46 10 42 0 15 2 20 0 0 0 0 0 0 13 0 0 0 0 0 0 24 0 1 0 1 0 0 0 0 1 0 0 0 0 0 0 0 0 0 14 0 2 0 0 0 0 0 19 0 2 0 0 0 0 0 0 0 0 0 0 0 1 0 0 0 4 0 3 6 0 18 11 1 0 0 13 0 53 0 18 11 9 19 55 0 0 0 7 0 0 0 0 0 8 0 11 0 0 0 12 0 0 0 0 2 0 16 0 0 0 0 0 0 0 0 0 0 0 0 0 0 0 0 0 0 0 0 0 0 0 0 0 0 2 0 16 0 0 0 0 0 0 0 2 0 0 0 0 20 0 0 1 2 2 2 5 13 0 7 0 0 0 0 0 0 0 0 0 0 0 0 0 0 0 0 0 0 0 0 0 0 0 28 12 14 0 0 0 0 0 0 0 0 0 0 0 0 
 70 142 106 0 267 132 116 118 295 189 63 49 75 102 323 51 50 214 84 271 0 74 0 0 1 0 18 74 0 0 0 0 22 2 0 0 1 3 2 79 0 6 0 4 0 0 3 3 0 0 0 2 0 3 0 0 0 2 0 0 2 0 3 7 2 0 0 0 0 0 3 0 0 0 0 0 0 0 2 5 17 0 0 7 0 35 0 8 9 16 20 17 0 0 0 1 0 16 0 0 1 0 0 0 0 0 0 0 10 6 0 13 0 15 9 0 0 0 21 17 0 0 0 0 0 0 0 0 0 0 0 0 0 0 0 0 0 0 0 0 0 2 0 0 0 0 0 0 0 0 0 0 3 0 0 7 0 7 6 0 0 0 7 9 13 13 9 3 0 15 19 15 2 0 0 0 0 11 0 0 0 13 0 0 0 0 1 0 0 1 0 0 0 0 21 0 0 0 21 11 0 0 0 0 0 0 0 0 0 0 0 0 0 0 0 0 0 15 0 0 0 0 0 0 0 0 0 0 0 0 0 0 0 0 0 0 0 0 0 0 0 0 0 0 0 2 89 0 0 3 0 4 0 0 0 0 0 2 0 0 0 0 0 0 0 0 0 0 0 0 0 0 0 0 0 0 14 0 0 0 0 0 0 0 0 0 0 0 0 0 
 152 347 175 267 0 381 72 252 173 452 195 136 100 146 273 318 380 102 67 290 3 5 0 2 6 1 157 0 0 0 0 2 4 5 0 61 0 0 101 78 0 3 0 3 0 2 2 3 62 0 0 2 0 3 0 6 3 2 0 0 2 0 3 27 1 0 0 0 0 0 2 0 2 0 0 0 0 0 2 0 0 0 0 46 18 1 0 0 15 36 26 23 0 11 6 10 0 33 2 0 0 0 0 0 0 11 16 0 0 1 2 0 0 0 11 0 1 0 16 52 0 0 0 0 0 0 0 0 0 0 0 1 0 0 0 0 0 0 0 1 0 0 0 1 0 0 10 2 0 0 0 0 0 0 0 0 0 0 1 0 0 0 15 23 18 10 0 16 21 0 40 0 0 0 0 21 25 10 0 0 10 8 0 0 0 0 9 0 19 0 14 0 20 1 0 0 2 0 4 60 0 0 0 0 0 0 0 0 0 0 0 0 0 9 0 12 0 0 0 0 0 0 0 2 0 0 0 0 0 0 0 0 0 0 0 0 0 0 0 0 0 19 0 0 0 0 1 0 4 6 0 6 17 0 0 0 0 0 0 0 0 0 0 0 0 0 0 0 0 0 0 0 0 14 0 21 21 20 0 0 0 0 0 0 0 0 0 0 0 0 
 233 52 125 132 381 0 56 117 56 73 174 244 137 338 174 136 452 222 262 155 0 0 0 0 2 1 153 32 0 0 0 0 1 3 0 0 0 1 147 32 0 5 0 2 0 0 3 3 0 0 0 2 0 3 0 0 0 2 0 0 2 0 3 0 3 0 0 0 0 0 0 0 46 0 0 0 0 0 2 0 0 15 9 14 18 1 0 0 0 0 40 0 0 0 2 15 11 95 0 0 0 0 0 0 0 0 24 0 4 1 1 0 0 15 16 0 2 0 0 43 0 0 0 0 0 0 0 0 0 0 0 2 0 0 0 0 0 0 0 0 0 0 0 2 0 0 0 0 0 0 0 0 0 0 0 0 0 0 0 0 0 0 16 14 32 40 0 16 11 7 1 7 8 0 0 0 10 32 0 0 23 0 1 0 0 0 0 0 25 0 0 0 20 23 9 0 1 15 23 20 0 0 0 0 0 0 0 2 0 0 10 0 0 0 0 0 0 0 0 0 0 0 0 1 0 0 0 0 0 0 0 0 0 0 2 0 0 2 0 0 0 0 0 0 0 1 0 1 0 48 1 7 17 0 0 0 0 0 0 0 0 0 0 0 0 0 0 0 0 0 0 0 0 0 0 54 18 17 0 0 0 0 0 0 0 0 0 0 0 0 
 109 178 89 116 72 56 0 377 56 345 114 120 225 151 221 216 64 113 220 51 0 1 0 1 2 0 7 0 0 0 0 0 0 2 0 2 0 0 1 7 0 12 0 3 2 0 2 3 0 0 0 2 0 3 0 0 0 2 0 0 2 0 3 1 1 0 0 0 0 31 0 0 0 0 0 0 0 0 2 0 69 13 5 17 10 0 0 26 14 0 15 17 0 43 15 21 18 1 27 42 0 0 0 0 0 1 0 0 0 0 0 0 0 0 0 0 0 0 16 0 0 0 0 0 0 0 0 0 0 0 0 0 0 13 0 0 0 0 0 0 0 0 0 0 0 0 14 4 0 8 0 3 2 0 0 0 0 0 0 0 9 1 34 1 0 0 0 12 1 27 0 24 39 0 59 17 0 28 21 0 0 0 1 0 0 0 2 0 0 0 0 0 0 0 0 0 0 0 15 0 0 0 0 0 0 0 0 0 0 0 0 0 0 0 0 0 0 18 0 0 0 0 0 0 0 0 0 0 0 0 0 0 2 0 0 0 0 0 0 0 0 0 0 0 0 0 183 2 0 1 0 11 0 0 0 0 0 0 0 0 0 0 0 0 0 0 0 0 0 1 0 0 0 0 0 0 1 0 0 0 0 0 0 0 0 0 0 0 0 0 
 80 68 390 118 252 117 377 0 517 79 263 128 129 158 176 89 132 100 80 153 7 5 0 2 4 2 3 0 3 31 0 2 4 8 1 0 1 0 4 3 0 8 0 3 0 5 2 3 0 0 0 2 0 3 0 0 3 4 0 3 2 0 3 1 1 0 0 0 0 0 9 0 2 0 0 0 0 0 3 2 75 19 1 20 10 0 0 0 11 12 46 34 62 18 29 23 0 50 25 38 0 0 0 0 0 0 0 0 0 0 0 0 0 0 0 0 0 0 11 22 0 0 0 0 0 0 0 2 0 0 0 0 0 0 0 0 0 0 0 0 0 0 0 0 11 0 0 0 0 1 0 0 0 0 0 0 0 0 0 0 21 84 7 11 0 0 10 11 43 16 0 34 19 0 6 13 23 0 29 1 0 0 0 0 0 0 0 0 0 0 0 0 0 0 0 0 0 0 1 19 0 0 64 0 0 0 0 0 0 0 2 0 0 0 0 0 0 1 0 0 0 0 0 0 0 0 0 0 0 0 0 0 0 0 1 0 0 0 0 0 0 0 0 0 0 0 0 2 0 2 0 12 0 0 0 0 0 0 0 0 0 0 11 0 0 0 0 0 0 0 0 0 0 0 0 2 0 4 0 0 0 0 0 0 0 0 0 0 0 0 
 307 114 141 295 173 56 56 517 0 395 47 124 541 198 402 318 153 154 274 105 0 1 0 1 1 0 0 0 0 0 0 0 2 2 0 0 0 0 0 4 0 5 0 5 0 0 1 3 0 0 0 2 0 3 4 0 0 10 0 0 2 0 9 3 0 0 0 0 0 0 0 0 0 0 0 0 0 0 2 0 21 35 13 10 18 1 0 14 41 41 0 11 21 0 42 68 80 3 3 78 0 0 0 0 0 0 0 0 0 0 0 0 24 0 0 0 0 0 0 0 0 0 0 0 0 0 0 0 2 0 0 0 0 0 0 0 0 0 0 0 0 0 0 0 0 0 6 1 0 0 0 0 0 0 0 0 0 0 0 0 13 15 6 19 22 0 20 26 19 17 29 0 42 27 11 46 17 2 4 34 17 0 2 0 0 0 0 0 0 0 0 2 0 0 0 0 0 0 3 10 0 1 0 1 0 0 0 0 0 0 0 0 0 0 0 0 0 0 0 0 0 0 0 0 0 0 19 0 0 0 0 2 0 23 0 0 0 0 0 0 0 0 0 0 0 0 101 0 5 2 2 23 0 0 0 0 0 0 0 0 0 0 10 0 0 0 0 0 0 0 0 0 0 0 0 0 0 12 0 0 0 0 0 0 0 0 0 0 0 6 
 390 183 394 189 452 73 345 79 395 0 447 45 292 81 531 75 227 212 290 273 0 1 0 1 5 0 74 0 0 0 0 0 74 2 6 0 0 0 1 3 2 11 0 3 0 0 3 3 0 0 0 4 0 3 0 6 0 4 0 0 2 0 3 0 5 0 0 0 0 3 0 0 0 1 0 1 0 0 2 0 0 0 8 30 0 0 0 0 12 43 27 52 0 6 9 11 0 33 1 18 0 0 0 0 0 0 27 0 19 9 0 0 0 11 0 0 0 0 13 5 0 0 0 0 0 0 0 1 0 0 0 0 0 0 0 0 0 0 0 0 0 0 0 0 0 0 0 0 0 0 0 1 17 0 0 0 0 0 5 0 12 10 12 6 32 0 0 16 19 0 26 0 0 26 10 12 43 0 1 2 0 0 0 0 0 0 13 0 17 0 0 0 0 0 15 0 0 0 14 10 0 0 0 0 0 0 0 0 0 0 2 0 0 0 0 0 0 15 0 0 0 0 0 0 0 0 0 0 0 0 0 0 0 0 0 0 0 0 0 0 0 0 0 0 0 2 89 0 1 94 0 8 0 0 0 0 0 0 0 0 0 0 0 0 0 0 0 0 0 0 0 0 0 14 0 15 0 0 0 0 0 0 0 0 0 0 0 0 0 0 
 42 142 701 63 195 174 114 263 47 447 0 150 357 178 88 721 105 138 154 138 0 0 16 1 0 0 2 0 0 0 0 0 0 2 0 0 0 0 2 3 0 5 62 5 0 0 1 3 0 0 0 2 0 3 0 21 0 2 0 0 2 0 3 3 0 0 0 0 0 0 0 0 0 44 0 0 0 0 2 0 0 30 0 9 6 0 0 21 17 0 8 32 0 22 1 76 15 0 13 0 0 18 0 0 0 0 9 0 0 0 2 0 0 0 0 0 0 0 0 0 0 0 0 0 2 0 0 0 0 0 0 1 0 1 0 0 0 0 0 0 0 0 0 1 0 0 2 1 0 0 0 0 0 0 0 0 2 0 0 0 0 0 14 2 17 36 0 15 0 9 51 5 0 1 12 26 15 38 0 9 6 0 0 0 0 0 42 1 0 0 0 0 0 0 0 0 0 0 17 0 0 0 0 0 0 0 0 1 0 0 0 0 0 0 0 0 0 16 0 0 0 0 0 2 0 0 0 0 0 0 0 0 2 0 0 0 0 1 0 0 0 0 0 0 0 1 103 2 4 1 2 10 0 0 0 0 0 0 0 0 54 0 0 0 0 0 7 0 0 0 0 0 0 0 0 12 4 0 0 0 0 0 0 0 0 0 0 0 0 0 
 33 39 99 49 136 244 120 128 124 45 150 0 357 160 92 639 81 262 43 34 60 76 77 2 3 0 79 73 3 2 19 0 0 7 2 0 2 0 18 86 0 9 2 8 0 6 3 3 0 0 0 2 0 3 0 0 0 2 0 6 5 0 3 0 3 0 0 0 0 0 7 0 4 0 1 0 0 0 2 4 0 19 0 39 0 0 0 16 17 0 16 20 0 0 1 0 10 26 0 0 0 0 2 0 0 0 1 0 0 0 1 0 0 1 0 0 0 1 0 0 0 0 0 0 6 0 0 0 0 0 0 0 0 0 0 0 0 0 0 0 0 0 0 0 2 0 0 3 0 6 0 3 0 0 0 0 0 0 0 0 0 9 44 0 10 0 1 23 19 39 19 0 5 0 25 45 14 14 0 6 6 0 0 0 0 0 1 0 1 0 0 0 0 18 18 0 18 0 17 14 0 0 0 0 0 0 0 0 0 0 25 0 0 0 0 0 0 0 0 0 0 0 0 0 0 0 0 0 0 0 0 2 0 0 0 0 0 0 0 0 0 19 0 0 0 0 1 0 87 86 0 7 18 0 2 0 2 0 0 0 0 0 0 0 0 0 0 0 0 0 0 0 0 0 0 22 0 0 0 0 0 0 0 0 0 0 0 0 0 0 
 169 133 316 75 100 137 225 129 541 292 357 357 0 173 134 145 255 34 357 177 1 1 0 1 2 0 0 0 0 0 1 74 0 3 0 0 0 0 0 3 0 3 0 2 0 0 3 3 0 0 0 2 0 3 0 0 0 8 0 0 2 0 3 0 3 0 0 0 0 0 0 0 0 0 0 0 0 0 2 0 2 21 10 10 1 0 29 0 16 10 18 11 72 22 30 15 6 0 35 16 0 0 0 0 0 0 0 0 0 0 0 0 0 0 1 0 0 0 0 1 0 0 0 0 0 2 0 2 0 0 0 0 0 0 0 0 0 0 0 0 1 0 0 0 0 0 0 3 0 10 0 9 0 0 0 0 0 0 0 0 0 11 0 0 0 0 0 30 18 21 0 0 9 27 18 16 0 10 14 0 0 0 0 0 0 0 0 0 0 0 0 0 0 0 0 0 0 0 0 0 0 0 0 1 0 0 0 0 0 0 0 0 0 0 0 0 0 0 0 0 0 0 0 0 0 0 0 0 0 0 0 0 0 0 0 0 0 0 0 0 0 0 0 0 0 7 91 2 0 0 1 19 2 0 0 0 0 0 2 0 0 0 0 0 0 0 0 2 0 0 0 0 0 0 0 0 5 0 0 0 0 0 0 0 0 0 0 0 0 0 
 273 54 70 102 146 338 151 158 198 81 178 160 173 0 109 310 260 105 356 79 0 0 0 1 1 0 0 0 0 0 0 0 0 2 2 0 0 0 3 3 0 5 0 6 0 0 2 3 0 2 0 5 0 66 3 0 0 2 0 0 4 3 6 0 2 7 1 11 0 0 0 0 1 0 0 0 0 0 2 1 0 29 0 34 11 0 0 29 20 1 20 25 3 11 9 9 18 13 12 0 0 0 0 0 0 0 0 0 0 0 0 0 0 0 0 0 0 0 0 0 0 0 0 0 0 10 0 0 0 0 0 0 0 0 0 0 0 0 0 0 2 1 0 0 0 0 0 8 0 6 0 3 0 0 0 0 0 0 0 0 2 9 38 0 0 0 0 21 15 40 15 0 1 0 25 47 0 13 0 6 0 0 0 0 0 0 9 0 0 0 0 0 0 0 0 0 0 0 0 9 0 0 0 0 0 0 0 0 0 0 0 0 0 0 1 0 0 0 0 0 0 0 0 0 0 0 0 0 0 0 0 0 0 0 0 0 0 0 16 0 0 0 0 0 0 0 1 0 91 87 0 7 11 0 0 0 0 0 2 0 0 2 0 0 0 2 0 0 0 0 0 0 0 0 0 13 0 0 0 0 0 0 0 0 0 0 0 0 0 0 
 354 54 55 323 273 174 221 176 402 531 88 92 134 109 0 407 145 217 203 631 3 0 0 16 20 0 2 0 2 0 0 25 0 2 2 0 5 4 2 3 2 5 0 3 0 63 1 3 0 0 4 4 0 3 0 4 1 4 0 0 2 0 8 2 3 0 0 3 6 3 0 0 0 0 5 1 0 0 2 0 15 10 0 34 0 0 0 0 13 19 57 12 0 9 22 1 11 35 15 11 0 0 0 0 0 0 0 0 0 0 0 0 0 0 0 0 0 0 10 6 0 0 0 0 7 2 0 2 0 0 0 0 0 0 0 0 0 0 0 0 0 0 0 0 0 0 3 5 13 13 0 5 0 0 5 0 0 0 0 0 9 14 15 0 0 6 24 5 23 14 0 0 0 0 22 0 0 39 14 0 0 0 0 0 0 0 0 0 0 0 0 0 0 0 1 0 0 0 0 24 20 0 0 0 0 0 0 0 0 0 0 0 0 0 0 0 0 0 0 0 0 0 0 0 0 0 0 0 0 0 0 0 0 0 0 0 0 0 0 0 0 0 0 0 0 2 5 0 2 90 0 12 13 0 0 0 0 0 0 0 0 0 0 0 0 0 0 0 0 0 0 0 0 1 4 10 0 0 0 0 0 0 0 0 0 0 0 0 0 0 
 162 40 77 51 318 136 216 89 318 75 721 639 145 310 407 0 197 206 291 53 0 0 0 2 4 0 0 0 0 4 0 0 1 2 0 0 0 0 3 4 0 4 0 5 0 0 2 3 0 0 0 2 67 3 0 0 0 2 0 0 2 0 3 1 36 0 0 0 0 0 2 0 0 0 0 0 0 0 2 0 19 57 1 21 28 0 0 10 19 0 24 0 29 1 8 18 13 1 15 0 0 0 0 0 0 0 0 0 0 0 0 0 20 0 0 0 0 0 0 0 0 0 0 0 0 0 0 0 0 0 0 0 0 0 0 0 0 0 0 10 0 0 0 0 0 0 3 4 15 11 0 5 3 0 0 0 0 0 0 0 0 0 34 11 21 26 0 18 18 30 38 24 0 0 39 13 0 42 0 11 12 0 0 0 0 0 0 0 0 0 0 0 0 0 0 0 0 0 10 13 0 0 0 0 0 0 0 0 0 0 0 0 0 0 0 0 0 0 0 0 0 0 0 0 0 0 0 0 0 0 0 0 0 0 0 0 0 0 0 0 0 0 0 0 0 2 24 2 9 1 0 12 54 0 0 0 0 0 0 0 0 0 4 0 0 0 0 0 0 0 0 0 0 0 0 5 0 0 0 0 0 0 0 0 0 0 0 0 0 1 
 341 299 494 50 380 452 64 132 153 227 105 81 255 260 145 197 0 66 120 25 0 1 0 21 3 0 37 0 1 0 0 0 74 4 0 0 0 3 1 5 0 4 0 4 0 0 3 3 0 0 0 2 0 3 1 0 0 2 0 0 49 0 3 0 2 0 0 0 0 0 0 0 0 0 0 0 0 0 2 0 16 49 0 0 27 0 5 9 0 15 8 0 16 10 0 61 23 13 0 2 0 0 0 0 0 0 50 0 0 0 0 0 15 10 0 23 0 11 0 0 0 2 0 0 10 0 0 0 0 0 0 0 0 0 0 0 0 1 1 0 0 0 0 0 0 0 0 0 0 0 0 0 0 0 0 0 0 0 4 0 0 0 9 11 48 15 12 2 36 11 56 44 0 0 6 0 9 18 0 0 3 0 0 0 0 0 16 1 11 0 0 0 14 0 2 0 0 0 14 4 0 0 0 0 1 0 0 0 0 0 0 0 0 1 0 0 0 0 0 0 1 0 0 0 0 0 0 0 0 0 0 0 0 0 0 0 0 0 0 0 0 0 0 0 0 0 1 1 1 3 15 5 0 0 0 0 0 0 0 0 0 0 11 0 0 0 0 0 0 0 0 0 0 0 0 27 10 15 0 0 0 0 0 0 0 0 0 0 0 0 
 179 135 61 214 102 222 113 100 154 212 138 262 34 105 217 206 66 0 120 27 73 0 0 0 1 0 74 0 0 0 0 0 1 2 1 0 0 0 77 78 0 3 0 3 0 0 2 3 0 0 0 2 0 3 0 0 0 2 0 0 2 0 3 2 0 0 0 0 51 0 0 0 0 0 0 0 0 0 2 0 1 0 25 29 0 0 0 28 11 13 22 10 0 7 37 0 32 13 0 11 0 0 0 0 0 0 7 0 10 0 7 0 0 0 23 0 0 0 15 27 0 0 0 0 0 0 0 0 0 0 0 0 0 0 0 0 0 0 0 0 0 0 0 0 0 0 26 1 0 0 0 0 0 0 0 0 0 0 0 0 0 0 51 69 0 9 22 0 11 10 15 1 24 14 1 20 0 27 0 0 0 0 0 0 0 0 0 0 0 0 0 0 7 23 29 0 0 13 19 10 0 0 0 0 0 0 3 0 0 0 0 0 0 0 0 0 0 12 0 0 0 0 0 0 0 0 0 0 0 0 2 1 0 0 0 0 0 0 0 0 0 0 0 0 0 0 137 0 2 97 0 15 57 2 0 0 0 0 0 0 0 0 0 0 0 0 0 0 0 0 0 0 0 0 0 0 9 0 0 0 0 0 0 0 0 0 0 0 0 0 
 155 86 132 84 67 262 220 80 274 290 154 43 357 356 203 291 120 120 0 476 0 1 0 75 0 2 0 0 0 0 0 0 0 2 0 0 0 0 0 3 0 6 0 3 0 0 64 3 0 62 2 2 0 3 0 0 3 2 0 0 2 0 3 2 0 0 0 0 0 0 5 0 7 0 0 0 0 0 2 0 12 0 0 32 0 0 8 0 5 0 0 0 16 10 31 0 0 0 25 36 0 0 0 0 0 0 0 0 0 0 1 0 0 0 0 0 0 0 0 0 0 0 0 0 0 0 0 0 0 0 0 2 0 0 0 0 0 0 0 0 16 0 0 2 0 0 1 5 0 4 0 3 0 0 0 0 0 0 0 0 11 15 0 0 0 0 19 0 5 0 0 0 10 0 30 1 0 18 18 10 0 0 0 0 0 0 0 0 0 0 0 0 0 0 0 0 0 0 0 0 0 0 0 0 0 0 0 2 0 0 0 0 0 0 0 0 0 0 0 0 0 0 0 1 0 0 0 0 0 0 0 0 0 0 2 0 0 2 0 0 0 0 0 0 0 0 52 0 2 1 0 2 0 0 0 0 0 0 0 0 0 0 0 0 0 0 0 0 0 0 0 0 0 0 0 0 14 0 0 0 0 0 0 0 0 1 0 0 0 0 
 224 333 59 271 290 155 51 153 105 273 138 34 177 79 631 53 25 27 476 0 1 2 0 0 0 0 0 0 3 0 0 0 0 2 0 0 2 1 2 3 0 3 67 3 0 0 2 3 0 0 3 2 0 3 0 0 0 2 0 0 2 0 3 2 1 0 0 0 0 0 0 49 0 0 0 0 0 0 2 0 35 26 36 0 0 0 19 15 1 0 0 0 52 25 30 5 0 10 29 9 0 0 0 0 0 0 0 0 0 0 0 0 0 0 0 0 0 0 0 2 0 0 0 0 0 1 0 0 0 0 0 0 0 0 0 0 0 0 0 0 0 0 9 5 0 14 0 0 14 0 0 0 0 0 0 0 0 0 0 0 27 11 0 0 0 0 4 21 0 0 0 0 3 40 6 0 0 0 3 15 0 0 0 0 0 0 0 0 0 0 0 0 0 0 0 0 0 0 0 0 0 0 0 0 0 0 0 0 0 0 2 0 0 0 0 0 0 0 0 0 0 0 0 18 0 0 0 0 0 0 0 0 0 0 0 0 0 0 0 0 0 0 0 0 0 2 0 0 0 0 2 11 0 0 0 0 0 0 0 0 0 0 0 0 0 0 0 0 0 0 0 0 0 0 0 0 0 0 0 0 0 0 0 0 0 0 0 0 0 0 
 1 0 0 0 3 0 0 7 0 0 0 60 1 0 3 0 0 73 0 1 0 251 139 330 35 46 146 121 116 185 113 383 125 217 226 77 68 28 47 62 5 2 0 4 3 5 9 0 0 1 9 4 1 0 0 6 4 2 0 65 2 4 0 2 4 8 5 0 1 4 0 4 0 0 13 0 3 4 0 0 0 0 0 0 0 0 0 0 0 0 0 0 0 0 0 0 0 0 0 0 14 0 41 14 35 0 1 0 1 4 32 28 11 0 18 36 22 34 0 0 0 0 0 0 0 1 2 0 0 0 0 0 0 0 8 2 0 0 28 0 0 0 0 0 0 0 0 0 0 16 0 0 0 3 0 0 0 0 0 0 0 0 0 0 0 0 0 0 0 0 0 0 2 0 0 0 19 0 0 0 0 28 0 13 34 17 0 20 22 1 10 2 0 19 14 4 38 42 6 3 0 0 0 0 0 0 12 0 0 0 0 0 11 0 0 0 0 0 49 0 0 0 0 0 0 0 0 0 0 0 0 0 0 0 0 0 10 24 0 0 0 0 1 0 0 0 0 0 0 0 0 0 0 0 6 0 0 154 78 0 0 0 0 0 0 0 0 0 0 0 0 0 0 0 20 0 0 0 0 0 0 0 0 0 0 0 25 0 0 0 
 1 1 1 74 5 0 1 5 1 1 0 76 1 0 0 0 1 0 1 2 251 0 99 69 37 30 159 69 133 112 76 27 244 183 212 104 39 63 251 62 4 0 0 0 2 3 3 0 0 0 5 0 0 0 0 1 0 2 0 3 2 1 0 0 2 0 0 0 0 3 0 2 0 0 2 0 4 0 0 2 0 0 0 0 0 33 0 0 0 0 0 0 0 0 0 0 0 0 0 0 7 57 10 0 0 0 3 23 0 0 8 9 20 9 9 0 13 35 0 14 0 0 0 13 0 0 0 0 0 0 2 0 0 1 7 0 0 0 13 12 0 0 0 0 2 1 0 0 0 0 4 1 0 5 0 0 0 0 2 0 0 0 0 2 0 0 0 0 0 0 0 0 0 0 0 0 0 11 0 0 14 12 14 0 20 15 44 26 42 25 19 0 1 10 36 10 11 15 9 0 1 0 0 0 0 2 0 0 0 0 21 0 13 0 0 0 0 0 12 0 0 0 0 1 0 0 0 0 0 0 0 0 0 0 0 0 0 1 0 0 0 0 0 0 0 0 0 0 0 0 0 0 0 0 7 0 0 0 1 0 2 2 0 0 0 0 0 0 0 0 48 0 0 0 0 0 0 0 0 0 0 0 0 0 0 0 0 0 0 1 
 4 0 2 0 0 0 0 0 0 0 16 77 0 0 0 0 0 0 0 0 139 99 0 169 53 403 377 173 258 143 231 366 109 143 212 120 132 277 32 49 3 2 0 2 2 3 2 206 0 0 5 0 2 0 3 0 3 0 89 66 3 0 0 0 3 0 2 0 0 3 0 0 0 0 0 0 2 0 0 2 0 0 0 0 0 0 0 0 0 0 0 0 0 0 0 0 2 0 0 0 0 0 11 0 31 0 0 0 10 11 26 18 20 0 0 36 14 14 0 13 2 0 0 0 0 0 21 0 0 0 0 0 0 22 10 0 0 0 12 1 0 0 0 0 0 0 0 0 0 0 0 0 0 0 10 0 0 0 0 0 0 0 0 0 0 0 0 0 0 0 0 2 0 0 0 0 0 0 0 9 0 2 0 25 25 0 0 0 0 27 14 43 0 0 0 1 16 20 0 0 2 0 0 0 0 0 0 0 3 0 18 0 30 15 12 0 0 0 37 0 0 0 0 0 0 10 0 0 0 0 0 0 0 0 0 0 0 0 0 0 0 0 0 0 0 0 0 0 0 0 0 0 0 0 6 1 1 4 0 0 35 0 0 0 0 0 20 0 0 0 0 0 0 0 0 0 0 0 0 8 0 0 0 0 0 13 0 0 0 0 
 79 83 49 0 2 0 1 2 1 1 1 2 1 1 16 2 21 0 75 0 330 69 169 0 317 31 193 95 88 446 65 417 80 173 220 75 111 34 115 153 0 1 0 2 2 11 60 5 0 0 3 0 23 0 0 0 0 0 64 27 2 0 0 0 2 0 0 0 0 3 1 0 0 0 2 0 2 0 0 2 0 0 0 0 0 0 7 11 0 0 0 0 0 15 0 0 0 0 2 3 0 0 9 21 1 20 0 0 0 60 1 31 9 0 0 0 43 14 0 14 10 0 0 0 0 0 9 10 0 0 0 0 0 1 0 0 0 0 26 0 0 0 0 0 8 0 0 0 0 0 0 0 0 0 2 0 0 0 0 0 0 0 0 0 0 0 0 0 13 9 0 0 0 0 0 0 0 0 0 0 0 14 0 1 13 10 0 28 0 15 19 26 0 0 0 0 0 2 0 9 18 0 0 0 0 0 14 40 1 0 0 0 20 0 20 0 0 0 1 20 0 0 0 0 0 0 7 0 0 0 0 0 0 0 0 0 0 0 0 9 0 0 0 0 0 0 0 0 0 0 0 0 0 0 21 0 2 43 2 0 0 16 0 0 0 0 15 0 0 0 0 0 0 0 0 0 13 0 0 0 0 12 0 0 2 0 0 0 0 0 
 0 2 1 1 6 2 2 4 1 5 0 3 2 1 20 4 3 1 0 0 35 37 53 317 0 93 56 356 73 125 398 151 359 272 72 61 36 278 77 276 60 2 0 3 2 8 2 5 2 2 3 2 81 61 2 0 72 0 2 5 3 0 0 0 1 0 0 0 0 3 0 1 0 0 0 0 2 0 0 3 0 0 0 0 0 0 0 0 0 0 0 0 0 0 0 0 0 0 1 0 10 0 4 10 19 43 0 0 0 1 0 29 0 0 19 0 1 0 0 14 1 2 38 0 12 0 17 19 6 0 0 0 5 0 0 0 2 55 15 0 0 0 0 0 0 0 0 0 0 0 0 0 0 0 0 3 0 0 0 0 0 0 9 1 14 0 0 0 0 0 0 0 0 0 0 0 0 6 0 0 0 1 0 18 31 11 0 0 0 2 17 20 0 0 0 0 1 1 0 0 10 0 0 0 0 0 0 18 15 10 0 0 18 14 7 18 0 0 3 20 0 0 0 0 0 0 0 0 0 0 0 0 0 0 13 0 0 0 0 0 0 0 0 0 0 0 1 0 0 0 0 0 0 2 1 3 0 2 75 2 18 0 2 0 0 0 0 0 0 0 0 0 0 0 0 0 0 0 0 0 0 0 0 0 4 0 0 6 0 0 
 9 0 0 0 1 1 0 2 0 0 0 0 0 0 0 0 0 0 2 0 46 30 403 31 93 0 25 36 119 63 334 478 26 119 140 55 88 362 125 55 1 64 0 4 2 7 3 0 0 0 3 0 0 62 0 0 0 0 61 63 2 3 0 0 3 0 1 0 3 3 4 0 0 0 0 0 2 0 0 1 0 0 0 0 0 0 0 0 0 0 0 0 0 0 0 0 0 0 0 0 0 0 4 12 14 13 12 0 18 8 17 18 0 0 0 29 48 6 13 0 14 9 12 0 0 0 13 23 9 8 0 0 22 20 12 0 0 0 1 8 0 0 0 0 0 0 0 0 0 0 0 0 0 3 0 0 0 0 0 0 0 0 0 0 0 6 0 0 0 0 0 0 0 4 0 0 0 0 0 3 0 0 0 12 30 14 0 0 0 0 0 28 0 0 0 0 9 45 0 0 1 0 0 0 0 1 10 28 12 0 24 0 1 46 10 19 0 0 18 32 0 0 0 0 0 0 0 0 0 0 0 0 0 0 0 0 13 0 0 0 0 0 0 0 0 0 0 0 0 0 0 0 0 0 6 0 1 1 0 0 7 2 0 0 0 0 0 0 0 0 0 0 0 0 0 0 0 0 0 13 0 0 0 0 12 8 0 0 0 0 
 0 75 71 18 157 153 7 3 0 74 2 79 0 0 2 0 37 74 0 0 146 159 377 193 56 25 0 183 57 41 26 27 277 292 314 401 29 69 57 48 4 2 0 4 5 3 3 0 0 0 7 1 0 0 0 0 0 0 0 2 2 0 0 0 5 0 0 0 0 3 0 0 0 0 1 0 2 0 0 1 0 0 0 0 19 27 0 0 0 0 0 0 2 0 0 0 0 0 0 14 0 45 20 0 0 0 18 34 0 0 11 0 46 59 27 21 14 37 0 10 0 0 0 0 0 0 0 0 0 0 0 0 0 0 0 0 0 0 0 2 0 0 0 0 3 1 0 1 2 0 0 2 0 0 1 2 0 0 5 0 0 1 0 2 11 14 0 0 0 0 20 0 0 0 0 0 4 0 0 1 0 1 0 0 0 0 11 11 23 21 14 0 16 0 36 0 19 0 11 0 0 0 0 0 0 0 0 0 0 0 0 0 2 0 0 0 0 0 1 0 0 0 0 0 0 0 0 0 0 0 0 0 0 0 0 0 0 0 0 0 0 0 25 0 0 0 0 0 0 0 0 0 0 0 1 0 0 0 76 0 2 0 0 0 0 0 0 0 0 0 0 0 0 0 0 24 20 21 0 0 0 0 0 0 0 0 0 0 0 0 
 0 0 0 74 0 32 0 0 0 0 0 73 0 0 0 0 0 0 0 0 121 69 173 95 356 36 183 0 105 344 47 36 229 244 307 107 108 122 159 150 0 1 0 2 2 7 66 0 0 0 3 0 0 0 0 0 0 0 62 3 2 0 0 0 3 0 0 0 0 3 0 0 0 0 0 0 2 0 0 1 0 0 0 0 10 12 0 0 0 0 0 0 0 0 0 0 0 18 0 0 6 0 17 10 11 0 14 3 19 30 1 16 9 26 12 1 1 0 8 12 0 0 0 0 0 0 0 0 0 0 0 0 0 0 0 0 0 0 11 0 0 0 8 0 0 0 0 0 0 0 0 0 0 0 0 0 0 0 0 0 0 0 2 0 24 25 0 0 0 0 0 0 0 0 0 0 0 0 0 0 1 42 20 17 20 12 2 0 1 12 16 22 0 8 23 0 14 9 10 11 0 0 0 0 0 0 0 0 0 0 0 0 8 0 3 0 0 0 9 0 0 0 0 0 0 0 0 0 0 0 0 0 0 0 0 0 0 0 0 0 0 0 0 0 0 0 0 0 0 0 0 0 0 0 14 0 2 41 1 0 9 2 0 0 0 0 14 0 0 0 0 0 0 0 0 0 0 0 0 0 0 0 0 0 0 0 0 0 0 0 
 0 1 0 0 0 0 0 3 0 0 0 3 0 0 2 0 1 0 0 3 116 133 258 88 73 119 57 105 0 143 136 161 103 321 310 127 87 106 90 75 0 5 3 7 2 6 2 0 0 2 3 0 0 0 0 0 0 6 65 62 7 3 0 0 1 0 10 0 3 5 0 3 6 2 7 2 2 0 13 7 21 0 0 0 11 9 0 0 0 4 0 0 0 0 0 0 37 2 0 0 0 11 0 21 42 1 16 13 0 14 13 0 0 14 3 0 17 11 10 14 7 0 1 0 0 0 1 0 2 0 0 0 1 0 0 0 0 0 31 0 0 0 1 0 5 0 0 0 0 0 2 0 0 0 4 0 0 0 0 0 0 0 0 0 0 7 0 0 0 0 0 0 0 0 0 0 0 0 0 9 0 0 32 32 0 0 10 0 9 7 47 28 2 29 27 0 25 8 31 0 12 0 0 0 0 0 0 0 0 0 0 0 12 1 0 0 0 0 26 0 0 2 0 0 0 10 0 0 0 0 0 1 0 0 12 0 5 0 0 0 0 0 0 0 0 0 0 0 0 0 0 0 0 0 9 2 0 27 0 0 2 0 0 0 0 0 14 0 0 0 0 0 0 0 0 0 0 0 0 0 0 0 0 0 0 0 30 0 0 0 
 0 0 0 0 0 0 0 31 0 0 0 2 0 0 0 4 0 0 0 0 185 112 143 446 125 63 41 344 143 0 186 97 216 312 264 168 40 116 78 235 5 2 75 2 2 9 4 0 0 0 3 0 0 0 0 0 0 1 4 3 3 0 3 0 1 0 8 0 0 3 0 0 1 0 6 0 7 3 0 3 0 0 0 9 13 0 0 0 0 0 0 0 0 0 0 0 0 1 0 0 33 0 37 24 36 15 15 0 0 15 43 22 9 1 26 19 0 11 10 13 7 2 1 0 0 0 37 0 1 0 0 0 0 0 0 0 0 0 31 0 0 1 2 0 4 0 0 0 0 0 0 0 0 0 4 0 0 0 0 0 0 0 3 0 0 1 0 0 0 0 0 0 0 0 0 0 0 12 0 0 1 38 19 40 15 11 1 4 15 1 37 11 1 9 14 4 40 6 0 10 12 0 0 0 0 0 0 2 0 0 0 0 30 0 0 0 0 0 63 0 0 0 0 0 0 9 0 0 0 0 0 8 0 0 0 0 0 0 3 0 0 0 1 0 0 0 0 0 3 0 0 0 2 0 1 0 2 55 162 1 11 2 0 0 0 0 15 0 0 0 0 0 0 0 0 0 0 0 0 0 0 0 0 0 0 0 7 0 0 0 
 0 0 0 0 0 0 0 0 0 0 0 19 1 0 0 0 0 0 0 0 113 76 231 65 398 334 26 47 136 186 0 256 36 268 166 129 144 341 62 273 64 2 0 2 2 3 3 0 0 0 5 0 63 0 4 0 1 0 1 64 2 1 0 0 2 0 0 0 0 3 0 2 0 4 2 0 4 0 1 2 0 0 0 0 0 0 0 0 0 0 0 0 0 0 0 0 0 0 0 0 10 0 44 0 41 7 0 0 0 1 35 1 0 0 0 14 13 1 0 0 9 12 8 0 0 0 3 0 0 10 0 0 12 11 20 0 0 0 34 45 8 0 0 0 3 0 0 0 0 0 0 0 0 0 5 0 0 0 0 0 0 0 0 0 0 2 0 0 0 0 0 0 0 10 0 0 0 0 0 3 0 3 0 14 0 24 0 33 12 0 8 11 0 0 0 19 9 8 0 1 42 0 0 0 0 0 13 30 68 0 7 0 49 0 45 13 0 0 33 0 0 0 0 0 0 9 0 0 0 0 0 0 0 0 0 0 0 0 0 0 0 0 0 0 0 0 0 0 0 0 0 0 0 0 8 0 2 1 5 0 1 2 0 0 0 0 0 0 0 0 0 0 0 0 0 0 0 0 0 0 0 0 0 0 0 0 0 0 0 0 
 2 0 2 0 2 0 0 2 0 0 0 0 74 0 25 0 0 0 0 0 383 27 366 417 151 478 27 36 161 97 256 0 33 29 160 177 216 375 27 33 0 1 0 2 2 15 2 7 275 0 3 1 0 0 0 0 0 0 186 18 3 2 0 0 1 0 13 0 2 3 0 0 0 0 0 0 2 0 0 3 0 0 0 0 0 0 0 0 0 0 0 0 0 0 0 0 0 0 0 0 0 0 10 6 11 15 0 0 13 20 29 18 0 0 0 33 18 13 0 0 6 0 0 0 0 0 22 4 0 0 0 0 11 14 8 0 0 0 16 0 14 0 0 0 0 0 0 0 0 0 0 0 0 0 14 0 0 0 0 0 0 0 0 0 0 1 0 0 14 0 0 0 1 0 0 0 0 0 0 9 0 0 0 57 39 11 0 0 0 12 50 83 0 1 20 0 28 34 0 0 2 0 0 0 0 0 0 20 0 0 0 0 30 34 12 20 0 0 42 0 0 0 0 0 0 11 0 0 0 0 0 0 0 0 0 0 0 0 0 0 0 0 0 0 0 78 0 0 0 0 0 0 0 0 8 2 2 5 0 0 6 0 0 0 0 0 0 0 0 0 0 0 0 0 0 0 0 0 0 7 0 0 0 0 15 13 6 0 0 0 
 0 35 0 22 4 1 0 4 2 74 0 0 0 0 0 1 74 1 0 0 125 244 109 80 359 26 277 229 103 216 36 33 0 182 111 31 27 119 198 137 1 1 0 0 2 3 3 0 0 0 3 1 0 0 0 0 0 0 0 3 2 0 0 0 3 1 0 0 0 3 0 0 0 0 0 0 2 0 0 1 0 9 0 0 0 9 0 0 0 9 3 0 0 0 0 0 9 0 0 0 11 0 14 2 0 0 0 4 11 10 17 8 21 53 30 40 14 16 0 14 0 0 0 0 0 0 0 0 0 0 0 0 0 0 0 0 0 0 12 0 0 0 0 0 0 0 0 0 0 0 0 0 0 0 0 0 0 0 11 0 0 0 17 9 0 19 0 0 13 0 18 19 0 0 0 0 0 33 0 0 22 19 15 22 3 15 0 21 3 12 0 10 8 0 16 9 10 0 0 0 0 17 0 0 0 0 0 0 0 0 0 0 20 0 0 0 0 0 25 0 0 0 0 0 0 0 0 0 0 0 0 0 0 0 0 0 0 0 0 0 0 0 0 0 0 0 0 0 1 0 11 0 0 0 13 0 0 3 84 2 6 0 0 0 0 46 16 0 0 0 0 0 0 0 0 0 3 0 0 0 0 0 0 0 0 0 0 0 0 0 
 2 2 4 2 5 3 2 8 2 2 2 7 3 2 2 2 4 2 2 2 217 183 143 173 272 119 292 244 321 312 268 29 182 0 201 114 103 109 123 100 4 0 0 0 4 3 2 0 0 0 3 0 0 0 0 0 0 0 0 3 8 0 0 0 1 0 0 0 0 3 0 0 0 0 30 0 2 0 2 3 0 0 0 0 23 24 0 0 0 0 0 0 0 0 0 0 0 0 0 0 15 49 27 8 13 0 8 56 0 0 24 22 19 53 0 80 1 27 14 8 0 0 0 1 0 0 10 0 0 0 5 0 0 0 0 0 0 0 20 14 0 0 0 0 0 0 0 0 0 0 2 0 0 4 0 0 0 0 0 0 0 0 0 0 0 0 0 0 1 0 0 0 0 0 0 0 0 1 7 0 13 12 22 10 26 12 20 30 25 25 18 18 0 16 0 25 8 25 0 0 0 0 0 0 0 1 0 0 0 0 1 0 18 0 0 0 0 0 31 0 0 0 0 0 0 0 0 0 0 0 0 0 0 0 0 72 0 2 0 0 0 0 0 0 0 0 0 0 78 0 0 0 0 0 14 2 1 148 2 2 2 0 1 0 0 0 8 0 0 0 0 0 0 0 0 0 0 0 0 0 0 0 0 0 0 0 0 0 0 0 
 2 3 0 0 0 0 0 1 0 6 0 2 0 2 2 0 0 1 0 0 226 212 212 220 72 140 314 307 310 264 166 160 111 201 0 161 160 108 81 332 2 3 0 2 3 5 3 0 1 0 5 9 1 0 0 2 66 2 15 66 2 0 0 0 8 2 0 3 81 9 1 2 0 0 5 2 2 3 1 2 0 0 0 0 11 3 0 0 0 1 0 0 0 0 0 0 0 0 0 0 5 0 19 11 38 0 25 25 16 37 12 28 0 21 0 21 12 20 10 8 0 0 0 0 0 0 13 0 0 0 0 0 1 0 0 0 0 0 7 0 0 0 0 0 0 0 0 0 0 0 0 0 0 0 3 0 0 0 0 0 0 2 0 0 0 9 0 0 1 0 0 0 0 1 0 0 0 0 0 2 0 49 47 29 23 2 0 0 0 13 29 25 19 18 5 0 26 12 0 11 2 0 0 0 0 0 0 0 0 0 0 0 8 0 5 0 0 0 23 0 0 0 11 0 0 8 2 1 0 0 0 0 0 0 0 0 0 0 0 2 0 0 8 0 0 0 0 0 0 0 0 0 0 0 3 2 0 116 2 2 14 3 0 0 0 0 8 0 0 0 0 0 0 0 1 0 0 0 0 0 0 0 0 0 0 0 0 0 0 0 
 0 0 0 0 61 0 2 0 0 0 0 0 0 0 0 0 0 0 0 0 77 104 120 75 61 55 401 107 127 168 129 177 31 114 161 0 62 110 118 164 1 208 3 7 2 3 5 204 0 7 5 2 0 4 0 0 0 0 12 3 2 2 5 0 7 0 9 0 0 3 0 0 0 7 54 0 8 4 0 2 0 0 0 0 0 80 0 0 0 0 0 0 0 0 0 0 0 0 0 0 23 27 13 21 28 0 8 51 23 34 14 0 45 0 20 6 22 35 19 0 0 0 0 0 0 0 0 0 0 0 0 0 4 13 11 0 0 0 4 13 0 0 0 0 0 0 0 0 0 0 0 0 0 0 0 0 0 0 0 0 0 0 0 0 0 44 0 0 0 0 0 0 0 0 0 0 0 0 0 0 12 9 12 16 1 0 22 0 12 20 21 11 18 50 30 25 20 9 1 0 0 0 0 0 0 16 1 0 27 0 0 0 8 23 13 0 0 0 9 0 0 0 0 0 0 0 0 0 0 0 0 0 0 0 0 0 19 0 0 0 0 0 9 0 0 0 0 0 0 0 0 0 0 0 7 2 0 81 1 0 1 0 0 0 0 0 0 0 0 0 0 0 0 0 0 0 0 0 0 11 0 0 0 0 0 0 16 0 0 0 
 0 0 0 1 0 0 0 1 0 0 0 2 0 0 5 0 0 0 0 2 68 39 132 111 36 88 29 108 87 40 144 216 27 103 160 62 0 40 24 27 0 2 0 1 2 3 3 0 0 10 3 0 0 0 0 0 0 0 60 68 2 44 0 0 2 0 0 0 0 3 0 0 0 0 0 0 2 0 0 5 0 0 0 0 0 0 0 0 0 0 0 0 0 0 0 0 0 0 0 0 1 0 16 17 75 0 0 0 0 19 29 12 0 0 0 15 32 32 0 0 20 0 0 0 0 0 18 0 10 0 0 0 0 19 19 0 0 0 66 93 0 0 0 0 0 0 0 0 0 0 0 0 0 1 0 0 0 0 0 0 0 0 2 0 0 0 0 0 0 0 0 0 0 0 0 0 0 0 0 3 0 4 0 17 26 68 0 16 0 0 0 33 0 0 8 19 0 19 0 3 39 0 0 0 0 0 27 19 18 0 0 0 9 23 0 0 0 0 14 0 0 0 0 0 0 0 0 0 0 0 0 0 0 0 0 0 0 0 0 0 0 0 0 0 0 0 0 0 0 0 0 0 0 0 4 0 0 0 0 0 15 1 0 0 0 0 0 0 0 0 0 0 0 0 0 0 0 0 0 0 0 20 0 0 0 0 0 0 0 0 
 0 0 0 3 0 1 0 0 0 0 0 0 0 0 4 0 3 0 0 1 28 63 277 34 278 362 69 122 106 116 341 375 119 109 108 110 40 0 24 55 65 1 0 0 2 3 4 0 0 0 3 0 0 0 0 0 0 2 36 4 3 5 0 0 2 0 2 0 5 3 0 0 0 0 0 0 2 0 0 2 0 0 0 0 21 7 0 0 0 0 10 0 0 0 0 18 0 0 0 0 8 45 0 23 0 12 18 82 0 11 0 2 9 10 19 33 18 11 17 0 0 0 0 0 0 0 0 0 0 12 0 0 29 13 0 0 0 0 0 9 0 0 0 0 0 0 0 0 0 0 11 0 0 5 0 0 0 0 1 0 0 0 0 0 0 14 3 0 0 0 4 0 0 5 1 0 0 0 0 3 15 1 19 24 35 14 14 11 7 12 16 0 0 9 19 13 45 53 0 0 2 0 0 2 0 1 0 14 10 0 1 0 0 22 0 11 0 0 0 0 0 0 0 0 0 0 0 0 0 0 0 0 0 0 0 0 0 2 0 0 0 0 10 0 0 0 0 0 0 0 0 2 0 0 16 0 0 74 73 0 0 0 0 0 0 0 0 0 0 0 0 0 0 0 0 0 0 0 0 0 0 0 0 0 0 0 1 0 0 0 
 1 82 0 2 101 147 1 4 0 1 2 18 0 3 2 3 1 77 0 2 47 251 32 115 77 125 57 159 90 78 62 27 198 123 81 118 24 24 0 144 2 2 1 5 5 3 5 0 0 3 5 2 3 0 0 2 0 2 3 5 3 3 0 0 16 2 2 0 0 8 0 0 0 0 26 50 2 2 0 9 0 0 0 14 0 15 0 0 0 0 9 0 0 0 0 0 0 15 0 0 5 15 0 0 0 0 0 0 0 0 12 0 18 31 0 34 0 10 0 1 0 0 0 0 0 0 0 0 0 0 1 1 0 0 0 0 0 0 0 0 0 0 0 0 0 0 0 0 0 0 0 1 0 0 24 0 0 0 12 0 0 0 0 12 10 16 0 0 0 0 14 0 0 0 0 0 13 7 0 0 20 10 12 0 0 0 14 0 6 1 7 0 17 0 0 6 0 0 0 6 0 0 0 6 0 0 0 0 0 0 0 0 0 0 0 0 0 0 0 0 0 0 0 0 0 0 0 0 0 0 1 0 0 0 0 0 0 0 0 0 0 13 0 0 0 1 0 0 0 0 14 0 0 0 18 0 1 2 5 2 0 0 0 0 0 0 0 2 0 0 0 0 0 0 0 0 22 0 0 0 0 0 0 0 0 0 0 0 0 0 
 3 3 77 79 78 32 7 3 4 3 3 86 3 3 3 4 5 78 3 3 62 62 49 153 276 55 48 150 75 235 273 33 137 100 332 164 27 55 144 0 0 5 0 5 2 3 64 0 0 0 3 62 0 55 0 4 68 1 0 4 3 0 5 0 1 0 0 1 0 3 0 0 0 0 0 0 5 0 0 3 0 1 12 7 6 32 0 0 0 0 19 0 0 0 0 0 1 27 2 0 7 0 4 0 14 0 14 0 17 7 4 10 0 0 14 1 9 20 8 5 0 0 0 0 0 0 0 0 0 0 0 0 0 0 0 0 0 0 8 0 0 0 0 0 0 0 0 0 0 0 0 0 0 0 0 0 0 0 0 0 0 0 0 0 24 19 0 0 0 0 7 0 16 7 0 0 9 0 0 0 8 19 0 0 9 0 25 26 0 0 0 0 0 21 11 0 0 10 20 9 0 0 0 0 2 0 0 0 0 0 0 0 0 0 0 0 0 14 0 0 0 0 0 0 0 0 0 0 0 0 0 0 0 0 0 0 0 0 0 0 0 11 0 0 0 0 0 1 0 36 0 0 0 0 7 1 2 75 0 0 0 3 0 0 0 0 0 0 0 0 0 0 0 0 0 1 0 0 0 0 0 0 0 0 0 0 0 0 0 0 
 0 0 0 0 0 0 0 0 0 2 0 0 0 0 2 0 0 0 0 0 5 4 3 0 60 1 4 0 0 5 64 0 1 4 2 1 0 65 2 0 0 245 291 63 88 43 119 35 35 50 493 23 61 29 132 42 37 241 92 30 0 1 0 45 0 1 0 0 22 0 0 0 0 0 0 0 0 0 0 0 0 0 0 0 0 0 0 0 0 0 0 0 0 0 0 0 0 0 0 0 7 0 4 0 0 25 0 0 0 1 4 0 1 0 0 3 0 0 0 0 0 19 30 0 9 0 0 15 2 15 0 0 57 8 19 0 26 6 2 12 0 0 0 0 0 0 0 0 0 0 0 0 9 0 0 0 0 0 0 0 0 0 0 0 0 15 6 0 0 0 7 0 0 6 0 0 0 0 0 0 0 3 0 0 2 0 0 7 4 0 0 0 0 0 0 8 0 0 0 0 10 0 8 4 0 0 0 27 28 0 10 25 14 33 9 4 38 0 3 8 1 1 0 0 0 0 0 0 0 0 0 0 10 0 0 0 0 0 2 29 0 0 0 0 0 0 0 0 0 0 0 6 0 0 0 2 0 0 1 0 0 0 0 0 1 2 2 0 0 0 0 0 0 0 0 0 0 0 0 0 0 0 0 0 14 0 1 0 1 0 
 3 3 4 6 3 5 12 8 5 11 5 9 3 5 5 4 4 3 6 3 2 0 2 1 2 64 2 1 5 2 2 1 1 0 3 208 2 1 2 5 245 0 283 284 65 22 99 306 92 47 260 321 271 352 192 230 352 275 269 265 0 0 0 0 0 0 0 0 0 0 0 0 1 0 0 2 0 0 0 0 0 0 0 0 0 0 0 0 0 0 0 1 0 0 0 0 0 0 0 0 0 0 0 0 0 0 0 0 0 0 0 0 0 0 0 0 0 0 0 0 0 17 20 40 22 77 0 0 17 33 0 0 19 0 24 17 19 21 0 7 19 0 0 0 0 0 0 28 3 0 0 0 27 0 0 0 0 0 0 1 0 0 0 0 0 0 0 0 0 0 0 0 0 0 0 0 0 0 0 0 0 0 0 0 0 30 0 0 0 0 0 0 0 0 0 0 0 0 0 0 0 1 0 13 75 30 0 1 9 0 0 8 0 20 0 1 19 0 0 0 0 0 1 0 0 0 6 0 0 0 0 0 9 11 0 0 0 0 54 0 0 0 0 0 0 0 0 0 0 2 0 7 0 0 0 0 0 0 1 1 0 0 0 0 2 0 2 0 0 0 0 0 0 0 0 0 0 0 0 0 0 0 0 0 13 16 0 0 2 1 
 0 0 0 0 0 0 0 0 0 0 62 2 0 0 0 0 0 0 0 67 0 0 0 0 0 0 0 0 3 75 0 0 0 0 0 3 0 0 1 0 291 283 0 128 175 42 166 102 358 243 108 36 283 136 133 67 109 141 35 125 0 4 0 0 2 0 0 0 0 7 0 6 1 22 7 0 4 2 0 0 0 0 0 0 0 0 0 0 0 0 0 0 0 0 0 0 0 0 0 0 0 0 0 0 0 0 0 0 0 0 0 0 0 0 0 0 0 0 0 0 0 0 0 19 20 8 21 11 37 1 15 19 0 0 1 1 20 0 1 0 0 0 0 0 0 0 0 0 18 0 0 0 12 0 0 0 0 0 1 8 0 0 0 0 0 15 0 0 0 0 0 4 0 0 0 6 0 0 0 0 0 0 0 0 0 0 0 0 0 0 0 0 0 0 0 0 0 0 0 0 0 23 27 22 19 12 11 8 0 14 0 17 0 0 0 0 32 16 0 0 20 15 0 0 0 0 0 12 0 0 0 0 22 0 0 0 6 0 55 0 0 0 12 0 0 0 0 0 0 0 0 4 0 0 0 0 0 0 0 2 62 0 65 40 0 19 0 64 1 0 0 0 0 0 0 0 0 0 0 0 0 0 0 0 3 13 0 0 1 0 
 4 3 4 4 3 2 3 3 5 3 5 8 2 6 3 5 4 3 3 3 4 0 2 2 3 4 4 2 7 2 2 2 0 0 2 7 1 0 5 5 63 284 128 0 89 56 72 301 56 613 193 376 49 96 78 104 108 344 65 68 0 0 0 10 0 33 0 0 0 0 7 5 0 0 0 0 0 0 0 0 3 0 0 0 0 0 0 0 0 0 0 0 0 0 0 0 0 0 0 0 0 0 0 0 0 0 0 0 0 0 0 0 0 0 0 0 0 0 0 0 0 0 0 0 0 25 0 0 12 14 9 27 0 0 21 0 10 0 0 0 22 0 0 0 11 0 66 0 0 0 14 0 0 19 0 0 0 0 17 0 0 0 0 0 0 1 0 0 0 0 0 2 0 0 0 4 0 0 0 0 0 0 0 0 0 0 0 0 0 0 0 0 0 0 0 0 0 0 0 0 1 6 1 0 12 0 0 0 0 13 8 8 0 0 0 0 11 11 0 0 2 10 0 0 25 33 0 10 0 0 0 0 14 12 0 12 0 0 0 12 0 0 0 0 0 0 0 0 2 0 0 14 0 0 0 0 0 2 0 8 0 0 2 5 3 17 7 0 0 0 0 0 0 0 0 0 0 0 0 0 0 0 0 0 0 0 0 10 1 2 
 0 0 0 0 0 0 2 0 0 0 0 0 0 0 0 0 0 0 0 0 3 2 2 2 2 2 5 2 2 2 2 2 2 4 3 2 2 2 5 2 88 65 175 89 0 182 323 130 73 246 118 257 67 117 80 118 55 67 76 527 51 0 0 0 7 57 0 0 0 0 0 0 72 0 0 0 0 15 0 253 0 0 0 0 0 0 0 0 0 0 0 0 0 0 0 0 0 0 0 0 0 0 0 0 0 0 0 0 0 0 0 0 0 0 0 0 0 0 0 3 0 0 0 17 7 8 8 25 22 1 36 0 0 0 0 16 12 0 0 0 0 19 0 0 0 9 0 0 0 1 0 0 2 19 0 0 0 0 50 3 0 0 0 0 0 0 0 0 0 0 0 4 0 0 0 7 0 0 5 0 0 0 0 0 0 0 0 0 0 0 0 20 0 0 0 0 0 0 0 0 0 6 13 19 0 0 0 36 0 0 20 8 0 0 0 8 35 12 5 0 31 10 3 0 0 0 20 15 0 3 0 0 26 0 0 0 6 0 47 0 0 0 14 0 0 0 0 0 0 0 0 6 0 0 0 0 0 0 0 1 0 0 2 1 3 18 3 1 0 0 0 0 0 1 0 0 0 0 0 0 0 0 0 0 10 0 0 0 1 0 
 0 0 0 0 2 0 0 5 0 0 0 6 0 0 63 0 0 0 0 0 5 3 3 11 8 7 3 7 6 9 3 15 3 3 5 3 3 3 3 3 43 22 42 56 182 0 39 57 27 132 155 157 41 40 42 165 64 125 38 47 165 50 70 0 0 0 54 74 0 56 5 5 50 3 50 0 0 0 0 0 0 0 0 0 0 0 0 0 0 1 0 0 0 0 0 0 0 0 0 0 0 0 0 0 0 2 0 0 0 0 0 3 0 0 0 0 0 0 0 0 6 0 0 0 17 17 4 3 0 0 9 11 0 0 0 0 0 0 0 0 10 1 7 0 0 0 38 30 31 10 18 0 14 16 0 1 0 0 0 10 0 0 0 0 5 0 0 0 0 0 0 0 0 0 8 0 49 0 0 0 0 0 0 1 17 0 0 0 0 8 14 4 0 0 1 0 0 0 0 0 4 0 0 0 0 19 0 1 0 19 9 0 0 3 0 0 0 0 0 0 9 45 9 0 0 0 11 21 1 0 0 0 0 20 0 31 19 0 13 0 0 0 0 0 0 0 0 0 0 0 0 13 0 0 20 0 0 0 0 4 0 0 8 4 0 2 1 0 0 0 0 0 0 0 0 0 0 0 0 0 0 0 0 0 1 0 0 0 2 0 
 1 1 1 3 2 3 2 2 1 3 1 3 3 2 1 2 3 2 64 2 9 3 2 60 2 3 3 66 2 4 3 2 3 2 3 5 3 4 5 64 119 99 166 72 323 39 0 227 359 56 53 113 141 149 50 42 53 74 329 150 0 8 0 0 3 0 0 0 0 0 1 0 0 0 0 0 0 30 0 0 0 0 0 0 0 0 0 0 0 0 0 0 0 0 0 0 0 0 0 0 0 0 0 8 0 27 0 0 0 0 0 0 0 0 0 0 0 0 0 0 17 0 0 14 0 29 9 23 3 2 13 17 0 1 12 10 0 0 10 0 0 0 0 0 3 23 0 0 0 0 0 0 0 0 1 0 0 0 11 14 0 4 0 0 0 0 0 0 0 0 0 0 0 9 0 0 1 9 0 0 0 0 0 0 0 0 0 0 0 0 0 0 0 0 10 0 0 0 0 0 32 34 24 1 14 0 2 15 0 2 9 7 10 0 28 8 10 15 25 10 0 0 0 0 0 0 0 0 0 0 0 0 17 0 0 0 0 0 26 0 0 0 8 0 0 0 0 0 0 0 0 5 0 0 0 0 0 19 0 24 0 10 2 2 40 0 2 2 0 0 0 0 0 0 0 32 0 0 0 0 0 9 0 0 0 1 0 13 0 0 
 3 3 3 3 3 3 3 3 3 3 3 3 3 3 3 3 3 3 3 3 0 0 206 5 5 0 0 0 0 0 0 7 0 0 0 204 0 0 0 0 35 306 102 301 130 57 227 0 279 336 31 115 116 244 243 27 107 45 68 137 0 0 0 0 4 0 0 0 0 0 0 0 0 0 0 7 0 30 0 0 0 0 0 0 0 0 0 0 0 0 0 0 0 0 0 0 0 0 0 0 6 0 0 0 0 4 0 0 0 0 0 3 0 0 0 0 0 0 0 0 18 20 2 36 0 9 38 20 3 19 10 30 1 11 1 32 6 55 0 25 1 0 0 0 0 0 0 0 5 0 0 0 22 0 0 0 0 0 20 8 5 0 0 0 0 1 3 0 0 0 0 0 0 1 0 0 0 0 0 0 0 0 0 0 7 0 0 0 0 5 4 2 0 0 0 0 0 0 0 0 19 36 8 11 7 4 12 7 0 0 20 0 0 0 0 39 14 16 3 8 0 0 0 0 0 0 0 0 0 0 0 0 6 0 0 0 0 0 15 0 0 0 14 0 0 0 0 0 0 0 0 7 0 2 0 0 0 0 21 21 0 0 0 0 9 0 1 0 1 0 54 0 0 52 11 0 0 0 0 0 0 0 0 0 1 16 0 20 1 0 
 0 0 0 0 62 0 0 0 0 0 0 0 0 0 0 0 0 0 0 0 0 0 0 0 2 0 0 0 0 0 0 275 0 0 1 0 0 0 0 0 35 92 358 56 73 27 359 279 0 160 38 31 240 101 88 71 137 125 69 169 0 4 0 0 8 0 0 0 0 2 0 5 0 0 0 0 0 10 0 0 0 0 0 0 0 0 0 0 0 0 0 0 0 15 0 0 0 0 0 0 0 0 0 0 0 26 0 0 0 0 0 0 0 0 0 0 0 0 0 0 20 19 17 32 2 14 26 11 1 1 7 39 0 0 1 18 8 18 0 0 0 0 0 0 0 6 0 2 0 0 0 0 1 0 0 0 9 20 12 18 34 1 0 0 0 0 0 3 0 0 0 0 0 0 0 0 19 0 0 0 0 0 0 0 0 0 0 0 0 0 0 0 0 0 0 0 0 0 0 0 41 40 10 1 0 3 0 0 0 57 29 1 0 0 2 28 32 13 16 0 0 20 0 0 0 0 0 2 9 4 0 0 7 0 0 0 19 0 14 0 0 0 9 0 0 0 0 0 0 0 0 18 0 0 0 0 0 0 0 1 0 0 65 0 72 4 0 1 0 0 0 0 0 0 0 7 0 0 0 0 0 0 0 0 0 14 0 41 1 0 
 42 0 63 0 0 0 0 0 0 0 0 0 0 2 0 0 0 0 62 0 1 0 0 0 2 0 0 0 2 0 0 0 0 0 0 7 10 0 3 0 50 47 243 613 246 132 56 336 160 0 82 29 49 85 90 500 78 61 69 90 0 0 1 0 4 0 0 0 0 2 0 10 52 0 1 0 1 3 0 271 0 0 0 0 0 0 0 0 0 0 0 0 0 0 0 0 0 0 0 0 0 0 0 4 9 0 0 0 0 0 0 0 0 0 0 0 0 0 0 0 3 0 0 22 18 2 1 11 16 1 18 0 0 2 11 9 1 0 0 12 0 3 0 0 0 0 0 0 0 0 0 0 0 10 0 0 0 0 15 9 0 0 0 0 0 0 0 0 0 0 0 6 0 0 0 5 0 0 12 0 0 0 0 6 0 11 0 0 0 0 0 0 0 0 0 0 0 0 0 0 10 22 0 10 0 8 0 0 0 0 9 1 0 7 0 0 10 1 0 0 10 47 10 0 0 0 0 33 0 0 0 0 20 0 0 0 8 0 24 0 0 0 9 0 0 0 0 0 0 0 0 19 0 4 0 0 0 0 0 0 0 0 1 64 1 17 0 1 0 0 0 0 0 0 0 0 0 0 0 0 0 3 0 0 0 1 0 0 2 3 
 0 0 0 0 0 0 0 0 0 0 0 0 0 0 4 0 0 0 2 3 9 5 5 3 3 3 7 3 3 3 5 3 3 3 5 5 3 3 5 3 493 260 108 193 118 155 53 31 38 82 0 229 42 59 85 363 127 77 38 288 0 4 1 0 2 3 3 53 0 0 4 7 121 54 0 0 3 0 0 1 0 19 0 0 10 0 0 0 0 0 0 0 0 0 0 0 0 0 9 0 0 0 0 0 0 1 0 0 0 0 0 0 0 0 0 0 0 0 0 0 0 21 0 0 14 0 7 0 19 11 10 26 0 0 0 0 17 0 0 0 1 16 0 0 0 0 20 27 15 20 0 0 1 23 0 1 0 0 21 0 7 0 0 0 0 0 0 0 0 0 0 0 0 0 0 0 0 0 6 2 0 0 0 6 0 0 0 0 0 0 0 0 0 0 0 0 0 0 0 0 0 1 11 15 27 20 0 9 0 32 1 7 0 19 0 7 11 35 1 0 0 14 0 0 0 0 19 0 0 4 0 0 13 0 0 28 0 0 12 0 0 0 0 0 0 0 0 1 0 0 0 6 0 1 0 0 0 0 0 0 0 0 66 0 1 4 0 0 2 0 0 0 0 3 0 0 0 0 0 0 0 0 0 0 10 0 0 0 2 0 
 2 2 2 2 2 2 2 2 2 4 2 2 2 5 4 2 2 2 2 2 4 0 0 0 2 0 1 0 0 0 0 1 1 0 9 2 0 0 2 62 23 321 36 376 257 157 113 115 31 29 229 0 46 32 22 117 74 303 60 90 23 0 0 0 0 0 0 50 0 0 0 12 101 18 0 0 0 0 0 1 0 0 0 0 0 0 0 0 0 0 0 0 0 0 0 0 0 0 0 0 0 0 0 0 0 0 0 0 0 0 0 0 0 0 0 0 0 0 0 0 0 0 0 0 21 30 42 0 0 0 20 86 0 0 0 0 1 11 0 0 0 11 0 0 0 0 21 9 0 17 0 0 3 24 0 1 0 0 11 0 0 0 0 0 0 0 0 0 0 0 0 0 0 0 0 0 0 0 8 1 0 0 0 0 0 0 0 0 0 0 0 0 0 0 0 0 0 0 0 0 0 11 11 0 4 9 0 7 0 16 0 0 0 0 0 9 1 6 9 0 18 10 13 0 0 0 12 12 0 10 0 0 0 21 0 27 0 0 1 0 0 0 0 0 0 0 0 0 0 0 0 8 0 0 0 0 0 0 0 11 0 0 0 0 64 4 2 0 2 0 0 0 0 38 0 0 0 0 0 0 0 0 0 0 0 0 0 0 2 0 
 0 0 0 0 0 0 0 0 0 0 0 0 0 0 0 67 0 0 0 0 1 0 2 23 81 0 0 0 0 0 63 0 0 0 1 0 0 0 3 0 61 271 283 49 67 41 141 116 240 49 42 46 0 83 324 35 121 58 172 60 5 0 0 0 0 0 0 4 0 1 0 0 0 8 0 0 3 0 0 1 0 0 0 0 0 0 0 0 0 0 0 0 0 0 0 0 0 0 0 0 0 0 0 13 0 20 0 0 0 0 0 0 0 0 0 0 0 0 0 0 45 18 21 6 0 10 25 19 11 0 0 0 9 16 7 11 17 32 18 0 26 0 7 4 5 0 0 0 0 10 0 0 0 17 2 4 0 0 4 0 40 0 0 0 0 0 0 0 0 0 0 0 0 0 0 0 1 0 0 0 0 0 0 1 0 17 0 0 0 0 0 0 10 0 0 0 0 0 0 0 63 4 0 0 1 0 0 31 19 5 0 0 35 0 24 26 0 0 0 86 4 7 5 3 0 0 0 0 0 0 10 3 5 0 7 1 0 3 5 0 0 0 0 0 0 0 0 0 0 19 0 5 0 2 0 0 0 34 0 2 0 16 0 0 8 0 0 0 0 0 0 0 0 0 0 0 0 17 0 0 0 3 0 0 0 0 0 30 1 0 
 3 3 3 3 3 3 3 3 3 3 3 3 3 66 3 3 3 3 3 3 0 0 0 0 61 62 0 0 0 0 0 0 0 0 0 4 0 0 0 55 29 352 136 96 117 40 149 244 101 85 59 32 83 0 109 39 43 51 365 139 0 0 37 0 6 0 0 0 2 5 53 0 1 10 54 4 37 18 0 0 0 0 0 0 0 0 0 0 0 0 0 0 0 0 0 0 0 0 0 0 0 0 0 0 0 0 0 0 0 0 0 0 0 0 0 0 0 0 0 0 0 19 39 15 0 20 0 24 11 1 0 14 6 18 13 21 0 8 0 11 0 4 0 21 0 14 0 0 12 0 0 2 0 0 3 3 0 4 9 9 0 7 0 0 0 0 0 0 0 0 0 0 0 0 0 0 2 0 0 0 0 0 0 0 0 0 0 0 0 0 0 1 0 0 0 0 0 0 0 0 0 15 17 11 32 0 11 0 0 0 8 9 1 30 19 0 5 0 0 20 0 0 0 3 0 0 0 4 0 0 19 0 14 0 0 0 0 4 11 0 0 0 6 0 0 0 0 0 0 0 0 8 0 0 0 0 0 0 0 8 0 0 0 2 0 1 0 1 2 0 30 0 0 0 0 0 0 0 0 0 0 0 0 0 7 19 0 0 2 0 
 7 0 0 0 0 0 0 0 4 0 0 0 0 3 0 0 1 0 0 0 0 0 3 0 2 0 0 0 0 0 4 0 0 0 0 0 0 0 0 0 132 192 133 78 80 42 50 243 88 90 85 22 324 109 0 131 70 101 40 92 0 0 0 0 2 0 0 0 0 0 0 0 0 0 0 4 0 2 0 2 0 0 0 0 0 0 0 0 0 0 0 12 0 0 0 0 0 0 0 0 0 0 0 0 0 0 0 0 0 0 0 0 0 0 0 0 0 0 0 0 7 31 32 45 54 16 5 0 24 43 5 4 10 0 11 39 37 15 0 0 14 0 0 0 0 0 0 12 0 0 0 0 9 19 0 0 0 0 11 1 5 22 0 0 0 0 0 0 0 0 0 0 0 0 0 0 6 0 0 0 0 0 0 0 0 0 7 0 0 0 0 0 0 0 0 0 0 0 0 9 10 15 18 11 27 28 0 0 18 29 51 39 0 11 2 19 57 14 0 1 0 0 1 0 0 0 15 0 0 0 0 0 16 0 0 0 0 0 21 37 0 0 0 0 0 0 0 0 0 0 0 12 0 1 0 0 0 0 0 3 0 0 0 0 0 1 0 0 0 0 0 0 0 0 0 0 0 0 0 0 0 0 0 0 16 7 0 0 2 0 
 0 0 5 0 6 0 0 0 0 6 21 0 0 0 4 0 0 0 0 0 6 1 0 0 0 0 0 0 0 0 0 0 0 0 2 0 0 0 2 4 42 230 67 104 118 165 42 27 71 500 363 117 35 39 131 0 63 65 52 89 0 0 0 0 0 0 0 1 0 0 0 6 100 0 0 0 0 0 51 14 0 0 0 15 8 0 0 0 0 0 5 0 0 9 0 0 0 1 0 0 0 0 0 0 0 0 0 0 0 0 0 0 0 0 1 0 0 0 0 0 0 0 0 37 24 22 0 0 15 20 12 19 0 0 0 15 0 0 0 0 9 9 0 0 0 0 0 8 0 0 50 0 44 24 0 0 0 0 9 4 0 0 4 0 0 0 0 0 0 0 32 2 0 0 3 6 12 0 30 0 8 0 10 0 0 0 15 0 0 0 0 0 0 0 0 0 0 0 0 11 0 1 0 15 36 24 0 0 0 29 0 0 0 0 1 0 0 1 0 0 11 17 15 0 0 0 30 18 0 0 0 0 1 14 0 2 8 0 23 0 0 4 0 0 0 0 12 0 0 0 0 20 0 2 0 0 0 0 0 0 0 0 65 2 1 12 0 0 2 0 0 0 0 0 0 0 0 10 0 0 0 0 0 0 0 0 0 0 1 0 
 0 0 0 0 3 0 0 3 0 0 0 0 0 0 1 0 0 0 3 0 4 0 3 0 72 0 0 0 0 0 1 0 0 0 66 0 0 0 0 68 37 352 109 108 55 64 53 107 137 78 127 74 121 43 70 63 0 192 42 105 0 0 3 6 0 2 0 1 1 4 4 2 0 1 0 0 0 0 49 0 0 0 0 0 0 0 0 0 0 0 0 0 0 0 0 0 0 0 0 0 0 0 0 0 7 3 0 0 0 0 1 0 0 0 0 0 0 0 0 0 39 36 36 19 0 11 20 0 9 0 0 0 39 28 20 4 13 58 7 49 0 0 0 0 7 0 0 0 0 0 2 0 5 0 0 0 0 0 0 0 9 0 0 0 0 0 0 0 0 0 0 0 0 20 0 0 8 0 0 0 0 0 0 0 0 0 0 0 0 0 0 0 0 0 0 0 0 0 0 0 33 2 9 21 0 0 13 0 3 26 54 76 0 19 1 22 27 31 0 33 0 0 0 0 4 7 0 0 0 0 0 0 1 0 0 0 0 0 0 24 0 0 0 0 0 0 0 0 0 0 0 1 0 0 0 0 0 0 0 0 0 0 1 2 6 1 4 69 3 0 0 0 0 0 0 0 0 0 0 0 0 0 0 0 8 5 0 23 2 0 
 2 2 2 2 2 2 2 4 10 4 2 2 8 2 4 2 2 2 2 2 2 2 0 0 0 0 0 0 6 1 0 0 0 0 2 0 0 2 2 1 241 275 141 344 67 125 74 45 125 61 77 303 58 51 101 65 192 0 27 244 0 0 0 0 3 0 0 55 0 5 0 0 50 1 0 0 0 0 54 0 0 4 12 0 1 0 4 0 17 2 0 0 4 0 30 9 12 0 0 4 0 0 0 0 0 0 0 0 22 0 0 0 0 0 0 0 0 0 0 0 0 18 15 3 0 10 22 11 19 11 0 34 0 11 0 10 59 0 7 11 2 0 0 0 0 0 15 0 0 0 0 0 2 0 0 0 0 0 0 12 1 28 0 0 0 0 0 7 30 0 0 0 0 8 7 0 7 0 0 0 0 16 0 0 0 0 0 0 0 0 0 0 0 0 0 0 0 0 0 0 7 0 19 10 13 9 14 0 0 39 34 13 0 0 65 18 26 54 0 10 0 10 12 0 0 0 10 21 0 0 0 0 6 0 0 33 11 0 19 0 0 0 1 0 0 0 0 0 0 0 0 13 0 2 0 0 0 0 0 24 0 0 64 2 2 2 2 34 2 0 0 0 0 0 0 0 0 0 0 0 0 1 0 0 0 0 0 0 1 0 
 0 0 0 0 0 0 0 0 0 0 0 0 0 0 0 0 0 0 0 0 0 0 89 64 2 61 0 62 65 4 1 186 0 0 15 12 60 36 3 0 92 269 35 65 76 38 329 68 69 69 38 60 172 365 40 52 42 27 0 216 1 14 6 0 0 0 3 0 10 2 0 0 0 4 3 3 4 0 0 0 0 0 0 0 0 0 0 0 0 0 0 0 0 0 0 0 0 0 0 0 0 0 0 33 14 9 0 0 18 71 0 0 0 0 1 0 29 0 0 0 0 0 19 0 0 0 0 18 0 0 0 0 23 38 15 1 0 0 8 0 0 10 0 7 3 0 0 1 3 1 0 5 0 0 0 8 0 8 0 0 0 0 1 0 0 0 0 0 0 0 15 0 0 0 0 0 0 0 21 2 0 0 0 14 17 1 0 0 0 0 0 8 0 0 0 0 8 9 0 0 0 14 5 0 0 0 0 21 0 0 0 0 7 39 49 10 0 0 0 22 0 0 0 2 0 0 0 5 0 0 1 0 0 0 6 0 0 14 0 0 0 0 0 0 0 0 0 0 0 0 0 10 0 2 0 0 0 63 0 2 11 41 0 0 0 0 0 0 0 0 5 0 0 0 0 0 0 0 0 18 0 10 0 0 0 19 1 0 0 0 
 0 0 0 0 0 0 0 3 0 0 0 6 0 0 0 0 0 0 0 0 65 3 66 27 5 63 2 3 62 3 64 18 3 3 66 3 68 4 5 4 30 265 125 68 527 47 150 137 169 90 288 90 60 139 92 89 105 244 216 0 0 0 1 6 3 0 0 0 0 2 2 0 0 0 0 0 0 3 0 202 0 0 0 0 0 0 0 0 0 0 0 0 0 1 0 0 0 0 0 0 1 0 0 14 2 3 0 0 0 20 0 1 0 0 0 0 15 0 0 0 24 1 0 24 0 8 7 19 1 1 20 20 1 10 0 9 2 0 31 0 0 0 0 0 14 0 0 0 0 0 3 0 27 0 2 0 0 0 12 9 0 0 0 0 0 0 0 0 0 0 0 0 0 0 0 0 13 0 0 3 0 0 0 1 1 0 0 0 0 0 0 19 0 0 0 0 0 8 0 0 39 42 0 1 0 0 0 20 0 0 9 1 20 0 24 9 10 22 5 42 0 0 0 0 5 8 0 0 0 0 0 0 8 0 0 0 0 0 7 0 0 0 9 0 0 0 0 0 0 0 0 3 0 18 0 0 0 35 0 0 1 16 2 0 3 0 12 1 0 0 0 0 0 0 0 0 0 0 0 0 0 3 0 0 1 1 0 18 2 0 
 2 2 2 2 2 2 2 2 2 2 2 5 2 4 2 2 49 2 2 2 2 2 3 2 3 2 2 2 7 3 2 3 2 8 2 2 2 3 3 3 0 0 0 0 51 165 0 0 0 0 0 23 5 0 0 0 0 0 1 0 0 131 106 81 54 41 62 139 64 71 22 24 97 85 53 31 32 36 101 43 0 0 0 0 0 0 0 0 0 0 0 0 0 0 0 0 0 12 0 0 0 0 0 0 0 0 0 0 0 0 0 0 79 0 0 0 0 0 0 0 0 0 0 8 16 2 0 0 0 0 11 0 0 0 0 0 2 0 0 0 22 0 15 1 0 11 32 20 35 3 27 0 26 15 2 19 1 17 19 15 0 0 0 0 6 0 0 0 0 0 0 0 0 0 9 0 0 0 0 0 0 0 0 0 0 0 0 0 0 0 0 0 0 0 0 0 0 0 0 0 0 0 0 0 2 22 0 0 0 0 0 0 0 0 0 0 0 0 0 0 21 31 51 9 0 6 8 28 34 0 5 23 12 19 14 42 15 30 27 10 5 0 0 0 0 0 0 0 0 0 0 0 0 0 1 0 0 0 0 0 0 0 0 0 0 0 0 0 0 0 4 0 0 0 1 0 0 0 0 0 0 0 0 0 0 0 0 9 0 0 
