 0 110 182 35 40 32 278 231 252 44 47 30 233 123 179 210 45 17 76 163 0 1 2 3 0 0 4 0 2 0 0 0 2 3 2 0 3 0 0 0 0 0 0 0 0 0 0 0 6 0 0 0 0 0 0 0 4 0 0 0 3 2 0 0 0 0 0 0 0 2 0 0 0 0 0 0 0 2 0 0 55 0 28 21 0 0 24 9 11 30 28 0 32 10 27 0 14 0 10 12 0 0 0 0 0 0 0 0 0 0 0 0 0 0 0 0 0 0 0 0 0 0 0 0 0 0 0 0 0 0 0 0 0 0 27 2 0 0 4 0 0 0 0 0 0 0 0 0 0 0 0 14 0 0 0 0 0 0 3 0 13 21 25 16 25 0 0 0 9 8 14 0 44 15 25 22 3 0 29 2 0 0 0 0 0 0 0 0 0 0 0 0 0 0 0 0 0 0 1 0 0 0 0 2 0 0 0 0 1 0 0 0 0 0 0 0 0 6 0 0 0 0 0 0 0 0 0 2 0 1 0 0 0 0 0 0 0 0 0 0 0 14 0 0 0 0 2 0 0 88 0 11 1 0 0 0 0 0 0 0 0 0 0 0 0 0 0 0 0 0 0 0 0 0 0 0 0 0 0 0 0 0 0 0 0 0 0 0 0 0 
 110 0 184 152 22 17 80 161 44 64 37 169 66 207 92 156 125 137 128 129 0 0 0 3 0 0 6 1 4 0 2 0 1 3 0 0 3 0 4 0 0 0 8 0 0 2 0 0 3 0 0 0 1 0 0 0 9 0 0 0 3 2 0 0 0 0 0 0 0 3 0 0 0 2 0 0 0 2 0 0 0 39 21 30 8 14 25 33 28 19 0 38 11 19 34 11 39 26 15 32 17 0 0 0 0 0 0 0 0 1 0 0 0 0 1 0 0 1 22 0 0 0 0 0 0 0 0 0 0 0 0 0 0 0 0 0 0 0 0 0 0 0 0 0 0 0 0 12 0 0 0 0 0 0 0 0 0 0 3 0 38 29 18 9 0 13 37 0 10 4 13 32 0 45 23 0 0 32 0 1 0 0 0 0 0 0 0 2 0 10 0 0 0 0 1 0 0 0 0 11 0 0 0 0 0 0 0 0 0 0 0 0 16 0 0 10 0 0 0 0 0 0 0 0 0 0 2 0 0 0 0 0 0 0 0 0 0 1 0 0 0 0 0 0 11 2 17 0 0 0 13 1 0 0 0 0 0 0 0 0 0 0 0 0 0 0 0 0 0 0 0 0 0 0 0 0 40 18 0 0 0 0 0 0 0 0 0 0 0 0 
 182 184 0 122 137 62 66 158 295 121 229 47 250 61 57 110 98 190 150 143 0 3 0 3 0 0 31 38 2 0 81 74 0 77 0 0 3 0 149 84 0 0 0 3 0 0 0 0 5 0 0 0 3 0 0 0 5 0 0 0 3 48 0 0 0 2 0 0 0 3 0 0 0 0 0 0 0 2 0 0 0 0 11 26 0 12 24 0 13 28 32 34 0 0 8 15 28 26 0 0 10 0 0 0 0 0 4 1 0 2 0 0 0 1 11 0 30 0 13 53 0 0 0 0 0 0 0 0 0 0 0 0 0 0 0 2 0 0 0 0 0 0 0 0 0 0 0 0 0 0 0 0 0 0 0 0 0 0 6 0 0 17 22 23 19 20 13 0 6 15 51 11 3 19 27 16 0 12 0 12 25 53 0 0 0 0 33 0 0 0 0 0 20 0 3 0 2 0 10 17 0 0 0 0 0 0 0 0 0 0 0 0 0 0 0 0 0 0 0 0 0 0 0 0 0 2 0 0 0 15 0 0 0 0 0 0 0 0 0 0 0 0 0 0 0 2 2 0 2 1 0 12 4 0 0 0 0 1 0 0 0 0 15 0 0 0 0 0 0 0 0 0 0 0 0 12 63 15 0 0 0 0 0 0 0 0 0 0 0 0 
 35 152 122 0 531 35 404 142 179 171 529 144 90 280 587 122 47 355 73 280 2 0 0 2 0 0 76 0 2 0 0 0 0 5 0 2 3 0 0 0 60 0 0 0 0 0 1 0 0 0 0 0 0 0 0 0 3 0 0 0 3 2 0 0 0 0 0 0 0 3 0 0 0 0 0 0 0 2 0 0 0 1 17 14 10 0 0 21 3 21 28 1 0 14 0 0 0 1 0 17 9 0 0 1 0 0 21 0 9 2 22 0 0 0 0 10 0 0 0 1 0 0 0 0 0 0 0 0 0 0 0 0 0 0 0 2 0 0 0 0 0 0 0 0 0 0 12 0 0 0 6 0 0 0 0 0 0 0 2 0 10 10 0 0 0 0 14 0 14 7 18 61 0 0 10 0 0 19 0 0 16 0 0 0 9 0 0 0 0 0 0 0 0 18 0 0 15 0 0 0 1 0 0 0 28 0 0 0 0 20 0 0 0 0 0 0 0 0 0 0 0 0 27 0 0 2 0 0 0 0 0 0 0 0 0 0 0 0 0 0 0 0 0 0 0 5 2 0 2 91 10 13 0 0 0 0 0 0 0 0 0 0 0 0 0 0 0 0 0 0 0 0 0 15 0 0 9 0 0 0 0 0 0 0 0 0 0 0 0 0 
 40 22 137 531 0 401 133 142 176 150 164 65 81 59 186 213 208 350 46 72 35 0 3 3 3 0 4 60 2 2 3 2 1 6 151 77 99 8 9 97 54 0 0 69 0 1 1 0 0 2 0 2 0 3 0 0 4 2 0 0 5 2 0 1 4 0 0 2 0 3 3 0 2 3 0 3 0 7 0 2 0 21 30 0 10 15 0 12 0 11 17 18 14 0 0 0 2 29 0 0 10 11 2 1 1 0 1 2 28 0 38 5 2 0 15 12 1 0 5 42 0 0 0 0 0 0 0 0 1 0 0 0 0 0 0 0 0 0 0 0 0 0 0 0 0 0 1 0 0 0 6 0 0 0 0 0 25 0 0 0 0 0 14 5 9 0 13 1 2 0 3 18 0 5 0 3 0 0 0 0 10 10 29 0 0 1 0 14 0 14 4 0 0 1 11 0 13 28 9 0 0 0 0 0 0 0 0 0 0 0 0 0 0 0 0 0 0 0 0 0 1 0 0 0 0 0 21 0 0 0 0 0 0 0 0 0 0 0 0 0 0 2 0 0 0 1 2 2 4 100 0 3 0 0 0 0 2 0 0 0 0 22 0 0 2 0 20 0 0 0 2 0 0 0 0 0 0 0 0 0 0 12 0 0 0 0 0 0 0 0 
 32 17 62 35 401 0 37 37 49 47 151 403 38 38 66 49 292 60 45 54 65 77 75 78 0 0 10 136 2 0 0 2 1 4 28 0 39 0 153 76 33 0 0 0 0 1 64 0 0 0 0 0 0 1 0 0 3 0 0 0 11 45 0 0 0 0 3 0 0 7 0 0 1 0 0 0 2 6 0 1 0 3 0 0 0 31 0 0 0 0 14 13 0 0 0 30 0 0 0 0 5 11 17 0 0 2 38 0 36 0 43 0 40 27 0 27 2 0 43 0 0 0 0 0 0 0 0 0 2 0 0 0 0 0 0 17 0 0 0 0 0 0 0 7 6 0 1 0 0 0 0 0 0 0 0 0 0 0 0 0 2 11 0 17 12 19 0 0 0 0 0 12 8 0 0 38 1 0 16 0 21 0 11 1 0 0 7 30 45 0 0 10 17 20 40 25 18 3 48 31 0 0 0 0 0 0 0 0 0 0 0 0 0 0 0 0 0 0 0 0 11 0 0 0 0 0 0 0 0 1 0 0 0 12 0 0 0 0 17 0 0 0 0 0 0 4 42 1 5 44 0 7 25 0 0 0 0 0 0 0 1 0 0 0 0 0 0 0 0 0 0 0 0 0 0 12 0 0 0 0 0 31 0 0 0 0 0 0 0 0 
 278 80 66 404 133 37 0 78 57 50 144 31 212 220 226 32 119 230 34 40 1 1 0 3 0 0 3 0 2 0 0 1 0 3 1 0 3 0 0 0 0 0 0 0 0 0 0 0 0 0 0 0 0 0 0 0 2 0 0 0 5 2 0 0 0 0 0 0 0 2 0 0 0 0 0 0 1 2 0 0 15 0 11 15 0 0 47 0 0 22 11 0 34 12 24 15 12 11 55 10 0 0 0 0 0 0 3 0 0 0 0 0 2 0 0 1 0 0 0 0 0 0 0 0 0 0 0 0 0 23 1 0 0 0 0 0 0 0 0 0 0 0 0 0 1 0 0 0 0 0 0 0 0 0 0 0 0 0 0 0 11 9 1 0 0 14 14 39 19 20 0 0 1 1 10 0 27 0 22 9 0 0 0 0 0 0 0 0 0 0 0 0 0 0 1 0 0 0 13 0 0 2 0 0 0 0 0 0 0 0 0 0 0 0 0 0 0 0 0 0 0 0 0 0 0 0 0 0 0 0 0 0 0 0 0 0 0 0 0 0 0 2 0 0 0 0 0 2 4 3 0 3 0 0 0 0 0 0 0 0 0 0 0 0 0 0 0 0 0 0 0 0 0 0 0 0 0 0 0 0 0 0 0 0 0 0 0 0 0 0 
 231 161 158 142 142 37 78 0 258 123 404 22 142 319 326 136 249 319 327 60 0 0 0 2 0 0 12 3 2 0 0 0 0 3 0 0 5 0 159 0 0 0 3 0 0 2 0 0 1 0 0 0 0 0 0 0 3 0 0 0 3 3 0 0 0 1 0 0 0 3 0 0 0 0 3 51 0 2 1 0 13 18 36 9 35 20 10 12 35 24 11 19 15 1 31 14 26 6 0 0 9 0 0 0 0 0 15 0 0 0 0 0 0 0 0 0 0 0 4 72 0 0 0 0 2 23 0 0 12 2 0 0 0 0 2 0 0 0 0 0 0 0 0 0 0 0 0 0 0 0 0 0 0 0 0 0 0 0 10 0 11 10 5 32 0 0 9 45 36 50 4 0 5 54 0 33 9 14 0 1 13 0 0 0 0 0 46 0 0 0 0 0 53 0 0 0 0 0 12 0 0 0 0 0 0 0 0 0 0 0 0 0 11 0 0 0 0 0 0 0 0 0 0 0 0 0 11 0 0 0 0 0 0 0 0 0 0 0 0 0 0 0 0 0 0 0 89 0 0 1 2 8 4 0 0 0 0 0 0 0 0 0 3 0 0 0 0 0 0 0 0 0 0 0 0 14 14 0 0 0 0 0 0 0 0 0 0 0 0 0 
 252 44 295 179 176 49 57 258 0 167 128 216 104 210 160 161 142 141 491 58 0 0 1 2 0 0 3 0 2 2 78 0 0 3 1 2 3 0 85 0 3 0 1 0 3 0 0 0 1 0 0 0 0 0 0 6 5 1 0 0 3 2 0 0 0 0 0 0 1 3 1 2 2 0 0 0 0 2 0 0 0 25 53 11 17 11 7 40 23 36 52 35 0 0 14 0 27 26 0 14 0 0 0 0 0 0 0 8 5 0 0 0 0 8 10 0 0 0 0 55 0 2 0 0 0 0 0 0 0 0 0 0 0 0 0 0 0 0 0 0 0 0 0 0 0 0 0 0 0 0 1 0 0 0 1 0 0 0 6 0 11 13 25 18 0 0 19 0 46 6 9 0 5 31 0 37 25 0 0 0 0 0 0 0 0 0 1 0 0 0 0 0 2 0 0 0 0 0 12 1 0 0 0 0 0 0 0 0 0 0 0 0 0 0 0 0 0 0 0 0 0 1 0 0 2 0 0 0 0 0 0 0 0 0 0 0 17 0 0 0 0 0 0 0 0 2 0 2 0 2 0 3 0 0 0 0 0 0 0 0 2 0 0 0 0 0 0 0 0 0 0 0 0 0 0 1 14 1 0 0 0 0 0 0 0 0 0 0 0 0 
 44 64 121 171 150 47 50 123 167 0 237 293 61 170 143 224 153 265 156 87 0 0 0 2 0 1 98 0 2 0 0 0 75 76 0 0 3 0 74 94 1 0 17 0 0 0 1 0 0 0 0 0 0 0 0 0 26 0 0 0 3 2 0 0 0 39 0 0 0 3 0 0 0 2 0 0 0 2 0 0 0 7 12 0 12 56 0 20 11 11 20 1 0 0 11 1 29 16 0 0 20 0 0 0 0 0 10 1 0 0 0 10 0 19 12 3 32 0 26 27 0 0 0 0 0 0 0 0 0 0 0 0 0 0 0 0 0 0 0 0 0 0 0 0 2 0 31 0 0 0 0 0 0 0 0 0 0 0 0 0 0 0 1 19 0 57 0 18 1 0 50 12 1 9 2 12 20 57 0 18 10 16 0 0 0 0 12 2 0 0 0 0 10 17 1 0 14 14 6 24 0 0 0 0 0 0 0 0 0 0 0 0 0 0 0 0 0 0 0 0 0 0 0 0 0 0 2 0 0 0 0 0 0 0 0 0 0 1 0 0 0 0 0 0 0 1 3 0 2 2 2 8 0 0 0 0 0 0 0 0 0 0 0 0 0 0 0 0 0 0 0 0 0 0 0 0 20 0 0 0 0 0 0 0 0 0 0 0 0 1 
 47 37 229 529 164 151 144 404 128 237 0 142 62 251 388 158 356 129 43 46 0 74 0 2 1 0 170 0 4 1 0 0 75 90 0 0 9 2 162 215 62 0 0 0 0 0 1 0 2 0 10 0 0 2 0 0 17 0 0 0 3 2 0 0 0 0 0 0 0 3 0 0 0 0 0 0 0 2 0 47 0 0 0 0 9 23 0 11 0 0 0 5 0 0 0 12 31 10 0 0 49 0 0 4 0 0 53 33 33 0 13 0 0 10 12 9 0 0 14 35 0 0 0 0 0 0 0 1 0 0 0 0 0 0 0 0 0 0 0 0 2 0 0 0 0 6 1 0 0 0 5 0 2 0 0 0 0 0 10 0 0 10 0 0 18 34 0 0 0 11 23 22 3 0 0 0 0 8 10 0 18 15 0 0 0 0 23 10 0 1 9 0 44 14 18 0 32 0 20 26 0 0 1 0 0 0 0 0 1 0 0 0 0 2 0 0 9 0 0 0 0 0 0 0 0 0 0 0 0 0 0 0 0 0 0 0 2 0 0 0 0 0 0 0 0 3 1 0 87 0 0 2 12 0 0 0 0 0 0 0 0 0 0 0 0 0 0 0 0 0 0 0 0 0 0 5 13 0 0 0 0 0 0 0 0 9 0 0 0 0 
 30 169 47 144 65 403 31 22 216 293 142 0 134 91 42 128 360 163 62 48 76 0 0 3 0 0 275 1 2 0 1 0 24 4 1 0 4 0 73 0 0 0 7 1 36 0 56 0 0 0 0 0 0 0 0 0 9 0 0 0 3 2 0 0 0 0 0 0 0 3 0 0 0 0 0 0 51 2 0 0 0 26 13 10 43 14 0 25 7 13 10 41 0 20 14 33 17 0 0 12 27 14 10 0 0 0 0 8 12 0 0 0 20 22 24 9 10 0 42 0 0 0 0 0 0 0 0 0 0 0 0 0 0 0 0 0 0 0 0 0 0 0 0 1 6 0 6 0 0 0 0 0 0 0 0 0 0 2 0 0 14 14 13 14 12 12 9 15 25 1 22 36 0 1 12 16 11 5 0 23 15 0 2 0 0 0 0 9 33 0 0 0 11 35 37 25 21 9 18 41 0 0 0 0 0 0 0 2 0 0 0 0 0 0 0 0 0 0 0 0 0 0 0 0 0 0 0 0 0 0 0 0 0 0 0 11 0 0 0 1 0 0 0 0 1 4 88 0 1 5 7 0 0 0 0 0 0 0 0 0 0 0 0 0 0 0 0 0 0 0 0 0 0 0 0 1 7 0 0 0 0 0 0 0 0 0 0 0 0 0 
 233 66 250 90 81 38 212 142 104 61 62 134 0 170 127 144 45 43 270 277 0 0 0 2 0 0 3 0 2 0 0 0 0 3 4 0 3 1 0 0 0 0 3 0 0 0 0 0 3 0 0 0 0 0 0 0 3 0 0 0 3 2 0 0 0 0 0 0 51 3 0 2 0 2 0 0 0 2 46 2 0 5 46 33 2 0 24 9 40 25 40 15 1 0 40 1 0 1 10 16 0 0 0 0 0 0 0 0 0 0 0 0 0 0 0 0 0 0 0 0 0 0 0 0 0 0 0 0 0 0 0 1 0 2 0 0 0 0 0 0 0 0 2 0 0 0 0 13 0 0 17 0 0 0 0 0 0 0 13 0 34 27 9 9 8 0 9 16 11 7 14 0 2 19 10 15 16 19 1 35 0 0 0 0 0 1 13 0 0 0 16 0 0 0 0 0 1 0 0 0 0 0 0 0 0 0 0 0 0 1 0 0 0 0 0 0 0 0 0 0 0 13 2 0 0 0 0 0 0 0 0 0 0 0 0 0 0 0 2 0 0 0 0 0 0 2 1 0 0 91 1 8 0 0 0 0 0 0 0 0 0 0 25 0 0 0 0 0 0 2 0 0 0 0 0 0 0 4 0 0 0 0 0 0 0 0 0 0 0 0 
 123 207 61 280 59 38 220 319 210 170 251 91 170 0 695 27 49 45 126 160 0 0 0 5 0 21 3 0 2 0 0 0 0 3 0 0 3 5 2 203 0 0 0 0 0 0 0 0 0 0 0 3 0 0 0 0 3 4 3 0 3 2 0 0 0 0 0 4 0 3 0 0 0 0 0 0 0 2 0 0 21 24 5 1 19 0 32 1 21 1 26 19 24 1 49 25 14 36 92 19 1 0 0 0 2 0 0 0 0 0 0 10 0 0 0 0 2 0 0 0 0 0 0 0 0 0 0 0 0 0 2 0 0 0 0 0 0 0 0 2 3 0 0 15 2 0 0 0 0 0 0 0 0 0 0 0 0 0 0 0 7 10 6 0 15 0 16 53 39 15 0 0 0 0 0 20 46 0 32 48 0 0 0 0 0 0 0 0 0 0 2 0 0 0 0 2 0 0 0 0 0 1 0 0 0 0 0 0 0 0 0 0 0 0 0 0 0 0 0 0 0 0 0 0 0 0 0 0 0 0 0 0 0 0 0 0 0 0 0 0 0 3 0 0 0 2 2 0 1 0 0 17 0 0 0 0 0 0 0 0 0 0 0 0 0 0 0 0 0 0 0 0 0 0 0 0 0 0 0 0 0 0 0 0 0 2 0 0 0 0 
 179 92 57 587 186 66 226 326 160 143 388 42 127 695 0 243 117 63 212 78 0 0 0 2 35 0 3 0 4 0 0 0 2 3 2 0 5 0 74 206 0 3 0 0 0 0 0 0 0 0 0 0 0 0 0 0 3 0 0 0 3 2 0 0 0 0 0 0 6 3 0 0 0 7 0 0 0 2 0 0 1 0 15 12 0 10 8 11 0 28 1 0 7 0 17 12 41 8 19 0 0 0 0 0 0 0 0 0 0 0 0 0 0 0 0 0 0 0 0 13 0 0 0 0 0 0 0 0 0 0 0 0 0 0 0 0 0 0 0 0 0 0 0 0 0 0 0 0 0 0 18 0 0 0 0 0 0 0 0 0 1 11 0 0 0 0 12 9 0 0 26 0 10 18 0 7 21 41 21 12 0 0 0 0 0 0 0 0 0 0 0 0 0 0 0 0 0 0 7 0 0 0 0 0 0 0 0 0 0 0 0 0 0 0 0 0 0 0 0 0 0 0 0 0 0 0 0 0 0 0 0 0 0 0 0 0 0 0 0 0 0 14 0 0 0 1 1 0 2 2 0 4 0 0 0 2 0 0 0 0 0 0 0 1 0 0 0 0 0 0 0 2 0 0 0 0 13 0 0 0 0 0 0 0 0 0 0 0 0 0 
 210 156 110 122 213 49 32 136 161 224 158 128 144 27 243 0 92 191 55 74 0 0 0 3 0 0 3 0 2 0 75 0 1 3 0 1 77 0 147 0 0 0 6 0 0 0 82 0 0 0 0 0 0 0 0 0 13 0 0 0 3 46 0 0 0 0 0 0 0 3 0 0 0 4 0 0 0 2 0 0 0 13 0 17 12 24 0 9 8 24 2 0 1 0 13 30 35 20 0 0 13 0 0 1 0 0 0 3 0 2 0 0 16 0 4 0 0 0 19 35 0 0 0 0 0 0 0 0 0 0 3 0 0 0 1 0 0 0 0 0 0 1 0 7 26 0 1 0 0 0 0 6 0 0 0 1 0 0 1 0 9 0 0 20 9 14 0 15 0 0 87 10 8 11 0 43 0 48 0 15 0 0 0 0 0 0 2 0 0 0 0 0 24 0 1 0 5 0 32 14 0 0 0 0 0 0 0 0 0 0 1 0 0 0 0 0 0 0 0 0 0 0 0 0 0 0 0 0 0 0 0 2 0 10 0 0 0 0 0 0 0 0 0 0 0 2 47 1 1 3 0 0 0 0 0 0 0 0 0 0 0 0 0 0 0 0 0 0 0 0 0 0 0 0 0 10 14 0 0 0 0 0 0 0 0 0 0 0 0 0 
 45 125 98 47 208 292 119 249 142 153 356 360 45 49 117 92 0 144 32 60 2 0 77 5 64 2 181 53 6 0 2 4 38 79 2 2 3 0 153 5 0 0 6 0 0 0 66 0 0 0 7 0 0 3 0 4 8 0 2 0 6 12 32 0 0 0 0 0 0 2 0 0 0 0 0 0 0 2 0 0 0 14 14 24 0 12 0 1 5 11 14 14 2 3 17 31 25 14 0 28 10 0 16 0 0 0 21 33 0 0 0 0 1 10 27 11 0 0 20 28 0 0 0 0 0 0 0 0 0 0 0 0 0 0 1 0 0 0 0 0 0 2 0 1 8 0 3 0 0 0 0 0 0 0 0 2 0 0 2 0 1 10 9 7 10 48 15 0 0 17 24 77 0 7 40 10 0 1 2 0 26 14 0 0 0 0 7 0 0 0 0 0 25 17 16 0 0 0 18 41 2 0 0 0 0 13 0 0 28 0 2 0 0 0 0 0 0 0 0 0 0 0 0 13 0 0 0 0 0 0 0 1 0 3 0 0 0 0 0 0 0 0 0 0 0 0 5 0 1 89 0 4 12 0 0 0 0 0 0 0 0 0 0 0 0 0 0 0 0 0 0 0 0 0 0 6 0 0 0 0 0 0 0 0 0 0 0 0 0 0 
 17 137 190 355 350 60 230 319 141 265 129 163 43 45 63 191 144 0 128 197 0 74 3 3 3 0 138 0 4 1 0 0 80 37 0 0 4 75 1 33 0 0 0 1 0 0 1 0 0 0 0 0 0 0 0 0 3 0 0 0 3 2 0 0 0 0 0 0 0 3 0 0 0 4 0 0 0 2 0 0 0 17 0 10 13 15 0 13 2 34 0 14 0 0 1 10 20 18 0 0 4 27 0 0 0 0 18 1 2 0 4 0 16 20 7 3 18 1 43 14 0 0 0 0 0 0 0 0 0 0 0 0 0 0 0 15 0 0 0 0 0 0 0 0 2 0 5 0 0 0 0 0 0 0 0 0 0 0 0 0 13 0 0 15 0 13 0 1 0 0 42 0 0 98 0 10 0 52 0 16 15 21 0 0 0 15 24 2 0 0 0 0 12 19 1 0 0 0 0 22 0 0 0 0 0 0 0 0 0 0 0 0 0 1 0 0 0 0 0 21 0 0 0 0 0 0 2 0 0 0 0 0 0 0 0 0 0 1 17 0 0 0 0 0 0 2 0 3 0 0 0 5 0 0 0 0 0 0 0 0 0 0 14 0 0 0 1 0 0 0 0 0 0 0 1 0 0 0 0 0 0 0 0 0 0 0 0 0 0 0 
 76 128 150 73 46 45 34 327 491 156 43 62 270 126 212 55 32 128 0 490 0 0 0 2 0 0 3 200 2 0 0 0 0 3 0 0 3 0 0 0 0 0 0 0 0 0 0 0 66 0 0 0 0 0 0 0 3 0 0 0 3 40 0 0 0 0 0 0 0 3 18 0 0 23 0 0 0 2 0 0 25 50 17 26 0 0 12 3 33 11 38 0 28 37 28 24 4 9 14 0 0 10 24 0 0 0 0 0 0 13 0 0 0 0 0 0 0 0 0 0 0 0 0 0 0 7 0 0 0 0 0 0 0 0 0 0 0 0 0 0 5 0 0 0 0 0 0 31 0 0 0 0 0 0 0 0 0 0 0 0 12 6 0 19 15 0 0 51 10 12 22 0 31 9 14 20 22 11 25 15 0 0 0 0 0 0 5 0 0 0 0 0 0 0 0 0 0 0 0 0 0 0 0 0 0 0 0 0 0 0 0 0 0 0 0 0 0 0 0 0 0 0 0 0 0 0 0 0 0 0 0 0 0 0 0 0 0 0 0 0 0 15 0 0 0 3 0 0 0 0 0 6 0 0 0 0 0 0 0 0 0 0 0 0 0 0 0 0 0 0 0 0 0 0 0 0 0 0 0 0 0 0 0 0 0 0 0 0 0 0 
 163 129 143 280 72 54 40 60 58 87 46 48 277 160 78 74 60 197 490 0 0 0 0 3 0 0 3 0 6 2 0 0 0 3 2 0 5 0 2 3 0 0 0 0 0 0 0 3 39 0 3 0 2 0 2 0 3 0 0 3 5 41 0 0 0 0 0 0 0 5 0 0 2 2 1 0 0 2 51 32 37 33 0 1 0 2 28 0 29 0 16 19 25 61 1 9 0 6 23 10 1 0 0 0 0 0 0 0 0 11 0 0 0 0 0 0 0 0 0 0 0 0 0 0 0 0 0 0 0 7 0 0 0 0 0 0 0 0 0 0 5 0 0 0 0 0 0 8 0 0 0 0 0 0 0 16 0 0 0 0 0 0 14 0 29 0 0 2 22 0 12 0 11 0 21 2 0 14 61 32 0 0 0 0 0 0 18 0 0 0 0 0 0 0 0 0 0 0 0 0 0 0 0 0 0 0 0 13 0 0 0 0 0 0 0 2 0 2 0 0 0 0 0 0 0 0 0 0 1 0 0 0 0 0 1 0 0 1 0 0 0 0 0 0 0 0 3 2 0 0 1 13 0 0 0 0 0 0 0 0 0 0 11 0 0 0 0 0 0 0 0 0 0 0 0 0 0 0 0 0 0 0 0 0 0 0 0 0 0 0 
 0 0 0 2 35 65 1 0 0 0 0 76 0 0 0 0 2 0 0 0 0 99 162 222 608 248 120 250 101 35 242 189 35 43 638 122 136 39 35 35 64 0 0 0 2 0 1 3 0 4 0 0 3 0 2 0 0 3 3 0 0 4 0 0 3 0 0 0 0 2 2 2 0 3 0 0 3 0 0 0 0 0 0 0 9 11 2 0 0 0 0 0 0 0 0 0 0 1 0 0 11 16 15 14 14 8 11 0 23 20 29 4 0 0 0 18 0 9 11 3 0 0 0 0 0 0 0 0 0 0 0 0 14 0 0 0 0 0 0 13 0 1 0 0 0 0 0 0 0 0 6 0 0 0 0 0 0 2 0 0 0 0 0 6 0 13 0 0 2 2 0 20 1 0 0 0 0 0 0 0 1 2 32 14 42 1 0 0 14 32 13 17 0 7 21 27 33 12 0 14 0 0 0 0 0 10 0 0 0 0 0 0 4 0 0 0 0 0 0 1 0 0 0 0 0 0 0 0 1 0 0 0 0 0 0 0 0 0 0 0 0 0 0 0 0 0 0 0 0 32 0 0 0 0 11 0 2 0 2 2 20 0 0 0 0 0 0 0 0 0 0 0 0 0 0 0 0 0 0 0 0 0 0 0 0 0 0 0 0 2 
 1 0 3 0 0 77 1 0 0 0 74 0 0 0 0 0 0 74 0 0 99 0 191 195 29 28 203 362 147 102 47 76 467 124 105 122 193 256 105 123 2 0 0 1 2 4 2 3 0 2 9 18 3 0 2 0 0 6 3 0 0 1 0 0 2 0 0 0 0 7 3 3 3 3 6 0 3 0 0 0 0 0 0 0 0 12 0 0 0 0 0 0 0 0 1 0 0 0 0 0 7 15 47 0 18 0 18 29 25 6 6 0 39 37 26 18 46 15 1 2 0 0 0 0 0 0 2 0 0 0 0 0 30 0 0 0 0 0 12 14 1 0 0 0 0 0 0 0 0 16 0 0 0 14 0 6 0 0 0 0 0 0 0 2 0 23 0 0 0 0 0 0 0 0 0 0 0 0 0 0 51 9 22 50 10 0 2 62 13 0 55 25 0 24 0 0 4 9 49 1 0 0 0 0 0 2 15 0 0 0 2 0 7 0 0 0 0 0 12 18 0 0 0 0 0 0 0 0 0 0 0 0 0 0 0 0 3 0 0 0 0 8 0 0 0 0 0 0 0 0 0 0 0 0 3 0 0 84 0 0 14 0 0 0 0 0 0 0 0 0 0 0 0 0 0 0 0 0 0 0 0 22 0 0 0 17 0 0 0 0 
 2 0 0 0 3 75 0 0 1 0 0 0 0 0 0 0 77 3 0 0 162 191 0 354 158 30 161 178 219 390 57 316 275 75 97 186 141 63 182 273 3 0 0 0 2 0 0 3 2 0 0 0 5 0 2 5 0 3 3 0 0 0 0 2 2 0 0 0 0 2 3 2 0 3 0 0 3 1 0 0 0 0 0 0 0 21 0 0 0 0 0 0 0 0 0 0 20 0 0 0 28 37 47 12 22 10 19 11 38 18 9 0 0 22 51 0 12 29 11 17 0 2 0 0 0 2 0 12 0 0 0 0 0 0 0 0 0 0 0 0 0 0 0 0 0 0 0 0 7 0 0 5 0 0 0 0 0 50 0 0 0 0 0 0 0 30 0 0 0 0 0 0 0 0 0 0 0 0 0 0 34 16 0 17 0 10 2 44 21 9 0 48 0 10 5 34 17 9 2 12 0 0 0 0 0 0 0 0 0 0 0 0 18 0 0 0 0 0 15 0 0 0 0 0 0 0 0 0 0 0 0 0 0 0 0 0 0 0 0 0 0 0 7 0 0 1 0 0 0 0 0 0 0 0 2 0 0 1 0 0 2 22 0 0 0 0 0 0 0 0 0 0 0 0 0 0 0 0 0 0 0 0 0 0 0 30 0 0 0 0 
 3 3 3 2 3 78 3 2 2 2 2 3 2 5 2 3 5 3 2 3 222 195 354 0 328 32 325 175 362 96 241 252 248 193 63 279 333 123 138 157 7 0 0 0 6 0 0 9 0 2 2 0 9 0 2 0 0 11 11 4 2 1 50 0 3 4 0 2 0 2 4 2 0 3 0 0 8 4 0 0 0 0 0 0 0 0 0 0 0 0 0 0 0 0 0 0 0 2 0 0 0 51 61 2 1 36 0 14 1 23 15 0 9 29 35 22 12 4 0 10 0 0 0 0 0 0 16 12 0 0 0 0 0 8 0 0 0 0 0 0 0 2 0 0 0 0 0 0 0 14 0 0 0 0 0 0 0 51 0 0 0 0 0 0 0 0 0 0 0 17 0 0 0 0 0 7 0 0 0 0 6 13 35 7 22 17 0 15 1 20 3 23 0 37 0 13 0 27 0 0 1 0 0 0 0 0 0 0 0 0 0 0 0 0 0 8 0 0 24 20 0 0 0 0 0 0 0 0 0 0 0 0 0 0 0 0 0 16 0 0 0 0 0 0 0 0 0 0 0 0 0 0 0 0 5 0 0 1 2 0 0 26 0 0 0 0 0 0 0 0 0 0 0 0 0 0 0 0 0 9 0 7 0 2 0 0 0 0 0 0 
 0 0 0 0 3 0 0 0 0 0 1 0 0 0 35 0 64 3 0 0 608 29 158 328 0 65 42 62 164 162 156 96 124 65 303 238 66 203 60 47 2 24 0 0 2 2 0 3 0 0 0 0 3 63 2 2 0 3 3 0 0 2 0 0 5 0 0 0 0 2 3 2 0 3 0 0 3 0 0 0 0 0 0 0 0 0 0 0 7 0 0 0 0 0 0 0 0 0 0 0 0 0 18 60 27 54 0 12 0 18 19 33 20 13 0 0 13 40 0 1 0 0 12 0 0 0 9 14 0 18 0 0 0 0 0 0 14 0 0 11 0 0 0 0 0 0 0 0 0 0 0 0 0 0 0 0 0 0 0 0 0 0 0 0 0 0 0 0 0 4 0 0 0 0 0 25 0 0 0 0 0 0 21 46 50 26 0 0 0 14 14 1 0 0 0 11 10 30 0 0 17 17 0 0 0 0 24 0 0 4 22 0 1 15 14 0 0 10 14 32 0 0 0 0 0 0 0 0 0 0 0 0 0 0 0 0 0 0 0 0 0 0 19 0 0 0 0 0 0 0 0 0 0 0 8 0 6 0 2 0 5 0 0 0 0 0 0 0 0 0 18 0 0 0 0 0 0 0 0 0 0 0 1 0 0 0 0 0 0 29 
 0 0 0 0 0 0 0 0 0 1 0 0 0 21 0 0 2 0 0 0 248 28 30 32 65 0 29 26 63 34 271 47 26 38 264 57 130 53 66 53 64 105 64 0 2 7 69 150 3 1 0 2 228 62 98 65 0 123 128 66 0 7 0 0 2 0 0 3 0 2 3 2 0 6 0 0 3 0 0 0 0 0 0 0 0 0 0 0 0 0 0 10 0 0 17 0 0 2 0 0 0 0 1 0 0 37 0 0 0 0 0 0 0 0 0 0 0 0 0 0 47 1 36 1 0 0 2 16 2 21 56 5 83 22 9 32 54 2 49 12 0 2 0 0 0 0 0 0 0 0 0 0 0 0 0 0 11 0 0 4 0 0 0 6 0 0 7 0 0 0 0 0 2 0 0 1 0 0 0 0 0 0 0 0 0 33 0 0 0 0 0 0 0 0 0 0 0 0 0 0 12 71 20 1 27 0 36 15 0 27 1 0 28 18 77 10 18 17 0 8 0 0 0 0 0 0 0 2 0 0 0 0 0 0 0 0 0 0 0 0 0 0 10 0 0 0 0 0 0 0 0 0 0 0 12 0 0 77 75 0 1 2 0 47 0 0 0 0 0 0 0 0 0 0 0 0 0 0 0 0 0 0 1 0 0 1 0 0 0 0 
 4 6 31 76 4 10 3 12 3 98 170 275 3 3 3 3 181 138 3 3 120 203 161 325 42 29 0 527 78 51 176 28 218 314 24 44 38 21 231 130 3 0 2 0 2 0 0 3 0 0 5 0 3 8 2 0 4 3 3 0 0 1 63 0 3 0 0 0 0 2 29 2 0 3 0 0 3 0 0 0 0 0 0 0 11 29 0 0 0 0 0 33 0 0 0 14 12 1 0 0 27 11 0 0 0 0 49 21 42 0 0 0 19 40 13 14 19 0 19 19 0 0 0 0 0 0 0 0 0 0 0 0 0 0 0 0 0 0 0 0 0 1 0 0 0 0 34 0 0 0 0 0 0 0 0 0 0 0 0 0 0 21 0 0 1 115 0 0 0 18 8 38 0 0 0 0 0 13 0 0 32 32 2 0 0 0 30 56 1 10 2 0 50 34 29 0 0 0 6 36 0 0 0 0 0 0 0 0 0 0 0 0 0 0 0 0 0 0 0 0 0 0 0 0 0 0 0 0 0 0 0 0 0 0 0 0 0 0 0 0 0 0 0 0 0 0 0 0 0 2 0 0 19 0 11 0 2 0 0 3 2 2 0 0 0 0 0 0 0 0 0 0 0 0 0 15 0 0 0 0 0 0 0 0 0 11 0 0 0 0 
 0 1 38 0 60 136 0 3 0 0 0 1 0 0 0 0 53 0 200 0 250 362 178 175 62 26 527 0 350 195 189 303 91 245 122 46 122 25 72 100 2 0 0 11 2 0 0 3 0 0 1 0 3 0 2 0 0 3 4 63 0 4 0 0 2 0 0 0 3 2 3 2 0 3 3 0 3 0 0 0 0 0 0 0 14 12 0 0 0 0 0 0 0 0 0 0 0 0 0 0 0 0 21 1 1 20 35 15 1 25 7 1 1 0 4 28 0 1 13 12 0 0 0 0 0 0 0 15 0 0 0 0 0 10 0 0 0 0 0 19 0 0 0 0 0 0 0 0 0 0 0 0 0 9 0 0 0 1 8 0 0 2 0 7 0 13 0 0 9 0 0 9 6 0 0 0 0 0 0 0 7 2 20 20 21 8 0 0 1 16 1 39 0 0 17 10 0 25 8 12 1 0 0 0 0 0 0 0 0 0 0 0 0 0 0 0 0 0 0 0 0 0 0 0 0 0 0 15 0 0 0 0 0 0 0 0 0 0 0 0 0 0 0 0 0 0 0 0 0 28 0 0 2 0 7 0 0 76 0 0 21 11 0 0 0 0 0 0 0 0 0 0 0 0 0 1 0 0 0 10 0 7 0 0 0 0 0 0 0 11 
 2 4 2 2 2 2 2 2 2 2 4 2 2 2 4 2 6 4 2 6 101 147 219 362 164 63 78 350 0 264 153 342 176 231 97 69 201 123 414 218 2 3 0 5 2 8 1 3 0 4 4 0 3 0 2 3 2 3 9 0 0 6 3 0 3 0 0 0 3 3 2 2 0 3 2 0 3 0 0 6 0 0 0 0 13 0 0 0 0 0 0 0 0 0 0 0 0 0 0 21 0 20 32 27 23 1 36 3 19 48 10 19 13 1 26 9 0 13 0 8 0 1 0 0 0 1 10 0 0 0 0 0 0 0 0 0 0 0 0 25 0 0 0 0 0 0 9 0 0 25 0 0 0 0 0 0 0 0 0 0 0 0 0 0 0 0 0 0 0 0 0 0 0 0 0 0 0 0 0 0 7 1 4 38 18 24 1 1 18 0 37 39 0 5 0 10 0 52 19 0 0 0 0 0 0 0 8 0 0 0 0 0 1 15 0 0 0 0 20 8 0 0 0 0 0 0 0 0 0 0 0 0 0 0 0 0 0 0 0 0 0 0 19 0 0 2 0 0 0 0 0 0 0 0 0 0 0 77 1 0 23 17 0 0 0 0 0 0 0 0 0 0 0 0 2 0 0 0 0 0 0 0 1 0 0 0 0 0 0 0 
 0 0 0 0 2 0 0 0 2 0 1 0 0 0 0 0 0 1 0 2 35 102 390 96 162 34 51 195 264 0 291 45 137 177 340 411 366 154 103 151 11 0 1 0 2 4 3 3 2 6 1 0 3 3 2 0 0 6 3 0 0 0 4 0 8 0 4 4 0 2 3 2 0 3 0 0 3 0 0 0 0 0 0 0 1 0 0 0 0 0 0 0 0 0 0 0 0 0 0 0 12 0 0 19 36 38 17 12 0 0 12 26 24 14 19 68 37 36 0 8 0 0 0 0 0 0 55 32 0 0 0 14 0 0 0 0 0 0 0 19 0 0 0 0 0 0 0 0 0 0 0 0 0 0 0 0 0 3 1 0 0 0 0 0 0 1 8 0 0 0 0 0 0 0 0 0 0 0 0 0 0 10 1 39 3 18 0 1 0 13 20 0 0 0 2 42 17 12 0 0 12 0 0 0 0 0 16 0 0 0 0 0 0 15 0 12 0 0 0 4 1 0 0 0 0 0 0 0 0 0 2 0 0 0 0 0 0 0 0 0 0 0 6 0 0 0 0 0 0 0 0 0 0 0 4 1 2 2 73 1 20 10 0 0 0 0 0 0 0 0 0 2 0 0 0 0 0 0 0 0 0 1 0 0 0 1 0 0 0 0 
 0 2 81 0 3 0 0 0 78 0 0 1 0 0 0 75 2 0 0 0 242 47 57 241 156 271 176 189 153 291 0 362 42 194 144 115 97 193 41 116 3 73 5 0 5 6 64 3 0 0 2 2 5 67 2 2 0 5 66 62 0 48 0 0 3 3 0 0 3 2 2 2 0 3 0 3 3 0 0 0 0 0 0 0 0 0 0 0 0 0 0 0 0 0 1 0 0 0 0 0 0 9 0 39 1 18 0 9 0 19 11 27 0 7 13 12 0 12 0 9 0 0 0 2 0 0 19 50 11 13 0 0 1 20 0 12 0 0 12 3 1 0 0 0 14 0 0 0 0 0 0 0 0 0 0 0 0 14 0 0 0 4 0 2 0 0 2 0 0 0 0 0 0 0 0 0 0 0 0 0 0 16 0 8 20 12 0 0 0 0 0 20 0 0 0 32 0 14 0 0 12 0 0 0 0 2 0 9 12 0 3 0 9 13 1 11 0 0 23 0 0 0 0 0 0 0 0 0 0 0 0 11 0 0 0 0 0 0 0 0 0 0 13 0 0 0 0 0 0 0 0 0 0 1 4 0 0 5 51 0 2 14 0 0 0 0 0 0 0 0 0 0 0 0 0 0 0 0 0 18 0 0 10 0 0 0 0 0 0 0 
 0 0 74 0 2 2 1 0 0 0 0 0 0 0 0 0 4 0 0 0 189 76 316 252 96 47 28 303 342 45 362 0 166 37 36 185 227 163 238 47 2 0 0 0 4 0 0 3 0 0 3 0 3 0 2 0 0 3 41 0 0 2 0 0 3 0 0 0 0 2 2 2 0 3 0 0 3 0 0 0 0 0 0 0 0 0 0 0 0 0 0 0 0 0 0 0 0 1 0 0 1 47 9 15 82 13 17 13 8 1 24 12 13 15 9 8 38 68 0 10 0 0 1 0 0 0 0 11 0 0 0 0 0 0 0 0 0 0 0 31 0 0 3 0 0 0 0 0 0 3 0 0 0 0 0 3 0 0 0 0 0 0 0 0 0 0 0 0 0 0 0 0 0 0 0 0 0 0 0 0 0 0 7 88 2 0 0 13 32 21 12 11 0 16 0 8 8 1 0 0 0 0 0 0 0 0 10 0 0 0 1 0 11 20 0 0 0 0 16 0 0 0 0 0 6 0 0 0 0 0 0 0 0 0 0 0 0 0 0 0 0 0 0 0 0 0 0 0 0 0 0 0 0 0 4 0 2 3 3 0 22 2 0 0 0 0 7 0 0 0 0 0 0 0 0 0 0 0 0 0 0 0 0 0 0 0 0 0 0 0 
 2 1 0 0 1 1 0 0 0 75 75 24 0 0 2 1 38 80 0 0 35 467 275 248 124 26 218 91 176 137 42 166 0 146 304 42 252 140 282 34 2 0 0 0 3 0 62 3 0 0 0 0 3 0 2 0 0 3 3 0 0 0 0 0 3 0 0 0 0 2 2 2 0 3 0 0 3 1 0 0 0 0 0 0 0 24 0 0 0 0 0 1 0 0 0 13 0 0 9 0 0 27 2 0 35 0 19 31 17 0 0 0 22 65 7 30 12 23 41 0 0 0 0 0 0 0 0 0 0 0 0 0 0 0 0 0 0 0 0 0 0 0 0 1 6 6 7 0 0 11 0 0 0 0 0 0 0 0 0 0 0 0 0 0 37 13 0 0 0 0 20 0 0 0 0 0 0 10 0 0 26 0 8 29 0 0 5 32 30 0 9 19 18 35 0 0 22 1 54 25 0 0 0 0 0 0 0 0 0 0 0 0 0 0 0 0 0 0 21 0 0 0 0 0 0 0 0 0 0 0 0 0 0 0 0 0 0 0 0 0 0 0 0 0 0 0 0 0 34 0 0 0 0 0 10 0 0 0 0 0 3 0 0 0 0 0 0 0 0 0 0 0 0 0 0 0 0 0 0 0 0 0 0 0 0 0 0 0 0 0 
 3 3 77 5 6 4 3 3 3 76 90 4 3 3 3 3 79 37 3 3 43 124 75 193 65 38 314 245 231 177 194 37 146 0 150 118 30 33 96 301 3 0 2 2 5 2 0 3 0 0 5 2 3 7 2 0 2 3 3 0 0 0 0 0 2 3 0 0 0 2 3 2 0 3 0 0 3 0 0 0 0 0 2 0 15 0 0 0 0 2 0 0 9 0 0 12 0 0 0 0 0 36 18 0 11 0 21 13 7 0 1 12 69 0 41 0 21 10 0 7 0 0 0 0 0 0 0 0 0 0 0 0 0 0 0 0 0 0 0 0 0 0 0 0 0 0 0 0 0 13 0 0 0 0 0 0 0 12 0 0 0 0 0 0 0 0 0 17 0 0 1 0 0 0 0 0 0 0 0 0 15 33 9 0 0 12 12 22 9 10 16 1 21 18 12 13 0 30 11 0 0 0 0 0 0 0 0 0 0 0 0 0 0 0 0 0 0 0 5 1 0 0 0 0 0 0 0 0 0 0 0 0 0 2 0 0 0 0 0 0 0 0 0 0 0 0 0 0 0 0 0 0 0 0 2 0 1 1 0 0 5 14 0 0 0 0 18 0 0 0 0 2 0 0 0 0 0 0 0 0 0 0 0 0 0 0 0 0 0 0 
 2 0 0 0 151 28 1 0 1 0 0 1 4 0 2 0 2 0 0 2 638 105 97 63 303 264 24 122 97 340 144 36 304 150 0 184 192 44 95 142 3 0 0 0 2 0 1 3 0 0 0 0 3 87 2 0 0 3 3 0 2 0 0 0 4 0 2 0 0 5 3 2 0 3 0 0 6 3 0 3 0 0 0 0 0 4 1 0 0 0 0 0 0 0 0 0 0 0 0 0 0 2 1 9 33 2 18 1 28 13 0 16 14 0 19 12 12 18 0 11 0 0 2 0 0 0 0 1 0 0 0 0 0 0 0 2 0 0 0 21 0 0 0 0 0 0 0 0 0 0 1 0 0 0 0 0 0 5 0 0 0 0 0 0 7 0 0 0 0 0 0 0 0 0 0 2 0 0 0 0 0 23 11 36 4 0 0 37 20 30 39 11 0 0 44 0 0 11 24 0 0 0 0 0 0 0 2 0 0 0 14 0 22 0 0 0 0 0 0 0 0 0 0 0 0 24 0 0 0 0 0 0 0 0 0 0 0 0 0 2 0 0 0 0 0 0 0 0 0 0 0 0 0 0 1 0 0 0 0 2 23 0 0 0 0 0 24 0 0 0 0 0 0 0 0 0 0 0 0 0 0 0 0 0 0 0 0 0 0 0 
 0 0 0 2 77 0 0 0 2 0 0 0 0 0 0 1 2 0 0 0 122 122 186 279 238 57 44 46 69 411 115 185 42 118 184 0 171 92 128 231 5 1 0 0 2 0 1 3 3 0 0 0 3 0 2 0 0 3 3 0 0 0 0 0 3 0 0 0 0 2 2 39 0 3 0 0 3 0 0 0 0 0 0 0 0 0 0 0 2 0 0 0 0 0 0 0 0 0 0 0 0 14 7 47 18 14 1 10 15 0 30 34 34 49 9 13 13 39 0 1 0 0 0 0 0 0 0 11 1 0 0 0 0 0 0 17 0 0 0 0 0 0 0 0 0 0 0 1 0 0 1 20 0 0 0 0 0 8 22 0 0 0 0 0 0 0 0 0 0 8 0 0 0 0 13 10 0 0 0 0 0 9 14 35 0 1 0 11 17 10 10 11 0 10 15 10 0 0 0 0 18 0 0 0 0 0 0 0 0 0 0 0 0 0 0 0 0 0 19 17 0 0 0 0 0 0 0 0 0 0 0 1 0 0 0 0 0 0 0 0 0 0 0 0 0 0 0 0 0 0 0 0 0 0 2 1 0 0 1 1 2 1 0 0 0 0 0 0 0 0 0 0 0 0 0 0 0 0 0 0 0 0 0 0 0 0 0 0 0 0 
 3 3 3 3 99 39 3 5 3 3 9 4 3 3 5 77 3 4 3 5 136 193 141 333 66 130 38 122 201 366 97 227 252 30 192 171 0 63 341 133 64 0 0 1 2 0 70 3 2 0 206 1 66 0 2 0 0 3 70 0 0 0 2 0 11 0 0 1 0 2 3 2 0 3 0 0 3 13 0 0 0 0 0 0 24 0 0 0 0 0 12 14 0 0 0 0 0 0 0 0 12 19 30 29 18 0 19 9 13 13 56 38 33 21 4 14 0 33 17 0 0 0 26 0 0 0 0 0 0 14 0 0 10 16 0 22 15 0 1 1 0 0 0 0 0 0 0 0 0 0 19 0 0 0 0 0 0 0 0 0 0 0 7 0 0 0 0 0 0 1 0 17 0 0 2 0 0 0 0 0 13 0 32 42 24 1 0 14 0 0 5 9 0 9 15 0 23 0 10 22 2 0 0 0 1 0 0 0 0 0 0 0 20 0 0 1 1 1 0 14 0 0 1 0 2 0 0 0 0 0 0 0 0 0 0 0 0 0 0 0 0 0 0 0 0 0 0 0 0 0 0 0 1 0 0 0 0 77 0 1 6 0 0 36 0 0 0 0 0 0 0 0 0 0 0 0 0 0 0 0 0 3 0 0 0 0 3 0 0 0 
 0 0 0 0 8 0 0 0 0 0 2 0 1 5 0 0 0 75 0 0 39 256 63 123 203 53 21 25 123 154 193 163 140 33 44 92 63 0 80 30 2 1 0 0 2 9 61 3 0 0 0 0 3 94 67 0 0 5 75 72 6 2 3 0 2 0 0 5 0 3 3 2 0 3 0 0 3 0 0 0 0 0 0 0 0 0 0 0 0 0 0 0 0 0 0 0 0 0 0 0 0 0 0 28 1 20 0 21 0 1 21 31 0 8 0 0 8 30 0 0 1 0 11 0 0 0 22 21 0 8 0 0 1 0 0 3 1 0 11 11 0 0 4 1 2 0 0 0 0 0 0 2 0 0 0 8 0 0 0 0 0 9 0 0 0 0 0 0 0 0 0 0 0 0 0 1 2 0 0 0 0 0 0 22 2 19 0 12 45 22 5 13 0 0 0 25 0 18 0 0 23 0 0 0 0 0 24 9 16 0 0 0 35 13 2 9 0 15 21 12 0 0 0 8 0 0 0 0 0 0 0 0 0 0 0 0 2 0 0 0 0 0 17 0 0 0 0 2 0 0 0 0 0 0 14 0 2 76 146 0 0 3 0 0 1 0 0 0 0 0 0 0 0 0 0 0 0 0 0 0 0 9 1 0 0 0 0 0 0 0 
 0 4 149 0 9 153 0 159 85 74 162 73 0 2 74 147 153 1 0 2 35 105 182 138 60 66 231 72 414 103 41 238 282 96 95 128 341 80 0 628 2 0 0 1 2 2 18 3 0 0 0 0 3 1 2 0 0 3 3 0 0 0 2 0 3 0 0 0 7 2 2 3 0 5 0 0 3 0 0 0 0 12 0 0 1 42 0 19 0 0 12 0 0 0 0 10 45 11 0 0 32 10 2 2 3 0 20 0 29 0 0 1 25 60 0 29 30 0 13 39 0 0 0 0 0 0 0 0 0 0 0 0 0 0 0 0 0 0 0 0 0 0 4 8 4 0 0 0 0 0 0 4 0 0 0 0 0 0 0 0 0 9 0 0 16 25 2 0 2 9 3 0 6 0 0 1 0 0 0 0 38 11 18 15 0 0 66 24 7 0 0 0 33 23 0 0 0 0 61 10 0 0 0 0 0 0 0 0 0 0 0 0 0 0 0 0 0 0 0 0 0 0 0 0 0 0 0 0 2 0 0 0 0 14 0 0 0 0 0 0 0 0 26 0 0 0 89 0 0 0 0 0 12 2 9 2 2 0 0 0 2 0 0 0 0 0 0 0 0 0 0 0 0 0 0 25 11 0 0 0 0 12 0 0 0 46 0 0 0 2 
 0 0 84 0 97 76 0 0 0 94 215 0 0 203 206 0 5 33 0 3 35 123 273 157 47 53 130 100 218 151 116 47 34 301 142 231 133 30 628 0 6 0 2 4 2 0 0 3 0 0 0 0 3 3 2 0 0 6 3 0 1 1 0 0 2 0 1 0 0 3 3 2 0 3 0 0 3 3 0 0 0 0 0 0 10 13 0 0 0 1 0 0 0 0 17 0 0 0 0 0 12 76 1 0 1 0 12 0 19 0 19 0 26 11 5 16 31 0 0 0 0 2 0 0 0 2 0 0 0 0 0 8 0 0 0 0 0 0 0 0 0 0 0 0 0 0 0 0 0 0 0 0 0 0 0 0 0 28 0 0 0 0 0 0 8 11 0 0 0 1 0 0 0 0 0 0 0 18 0 0 15 46 30 0 1 11 12 16 14 23 10 0 7 9 0 11 0 6 21 0 0 0 0 0 0 0 0 0 11 0 0 0 0 0 0 0 0 0 0 0 0 0 0 0 0 0 1 0 0 0 0 0 0 0 0 0 0 0 10 0 0 0 0 0 0 0 0 0 0 0 0 0 0 0 8 0 3 0 0 2 1 8 0 0 0 0 9 0 0 0 0 0 0 0 0 0 0 0 0 0 0 10 0 0 0 8 0 0 0 0 
 0 0 0 60 54 33 0 0 3 1 62 0 0 0 0 0 0 0 0 0 64 2 3 7 2 64 3 2 2 11 3 2 2 3 3 5 64 2 2 6 0 94 98 113 325 41 89 163 179 152 38 44 105 59 184 43 161 299 52 36 2 0 0 0 0 0 2 24 0 0 2 0 0 3 0 0 0 0 23 1 0 0 0 0 9 0 0 0 0 0 0 0 0 0 0 0 0 0 0 0 11 0 0 10 0 0 10 0 11 0 5 7 0 0 0 0 0 0 0 0 9 45 1 7 0 17 10 0 7 5 0 9 10 0 31 0 0 15 0 0 0 11 0 0 0 0 30 0 0 0 2 0 0 0 0 0 14 0 4 4 0 12 0 0 0 0 19 0 0 0 1 14 0 0 0 0 0 17 0 0 1 0 0 0 0 0 0 0 0 0 7 0 0 1 9 0 7 0 0 0 0 9 23 12 6 0 8 0 44 0 43 4 0 0 15 23 0 3 0 0 3 1 6 0 0 0 18 0 0 0 0 0 0 0 0 0 0 0 5 0 0 0 0 0 0 0 0 0 0 17 0 1 0 1 0 0 0 0 0 0 0 0 1 1 1 4 0 0 0 0 0 0 0 0 0 0 0 0 0 0 0 0 0 0 0 0 0 8 0 0 
 0 0 0 0 0 0 0 0 0 0 0 0 0 0 3 0 0 0 0 0 0 0 0 0 24 105 0 0 3 0 73 0 0 0 0 1 0 1 0 0 94 0 246 70 47 45 91 264 153 91 226 46 59 364 172 177 56 46 251 46 0 2 0 0 0 0 3 0 0 0 0 0 0 0 0 0 0 0 0 0 0 0 0 0 0 0 0 0 0 0 0 0 0 0 0 11 0 0 0 0 0 0 0 0 49 20 0 0 0 0 0 1 0 0 0 0 0 0 0 0 30 1 6 0 11 13 8 0 0 26 41 11 0 19 0 7 20 0 18 12 0 0 0 0 0 0 8 0 0 0 0 0 9 0 0 0 14 0 5 4 0 2 0 3 0 0 0 0 0 0 0 0 0 0 0 0 0 0 0 0 0 0 0 17 0 11 0 0 0 0 0 0 0 0 0 0 0 0 0 0 20 47 23 3 20 0 0 19 13 17 15 4 50 10 68 6 0 16 18 7 0 14 0 0 0 0 19 0 0 0 0 0 9 0 0 0 0 0 3 1 0 0 0 0 0 0 0 0 0 0 0 10 0 1 0 0 0 0 64 2 0 0 0 0 1 2 2 0 0 0 21 0 0 0 0 0 0 0 0 0 0 0 0 0 0 0 0 0 0 0 
 0 8 0 0 0 0 0 3 1 17 0 7 3 0 0 6 6 0 0 0 0 0 0 0 0 64 2 0 0 1 5 0 0 2 0 0 0 0 0 2 98 246 0 235 264 40 79 194 272 96 50 100 119 71 82 99 60 110 28 46 0 0 0 0 0 0 29 0 0 0 0 2 0 0 0 0 0 0 0 25 0 0 0 0 5 4 0 4 0 0 0 0 0 0 0 1 3 0 0 0 41 0 0 0 0 1 0 0 0 0 0 0 0 0 1 0 0 0 6 0 15 11 1 12 19 7 7 0 1 13 22 11 22 13 9 14 28 0 59 0 0 16 33 0 0 2 15 22 0 0 0 0 8 0 0 0 15 0 6 0 0 0 18 11 0 8 3 0 0 0 0 7 0 0 0 1 0 0 0 0 0 0 0 0 0 1 0 0 0 0 0 0 2 0 0 0 0 0 0 2 0 18 0 11 18 3 0 8 0 0 20 0 1 0 0 0 20 0 19 11 22 15 0 0 0 0 11 0 0 0 0 0 29 10 10 0 0 0 10 22 0 0 0 0 0 0 5 0 0 0 0 14 0 1 0 0 0 0 0 9 0 0 1 0 36 0 2 1 0 0 0 0 0 0 0 0 0 0 0 0 0 0 0 0 12 0 0 0 0 0 
 0 0 3 0 69 0 0 0 0 0 0 1 0 0 0 0 0 1 0 0 0 1 0 0 0 0 0 11 5 0 0 0 0 2 0 0 1 0 1 4 113 70 235 0 179 53 123 293 154 138 115 252 373 74 138 104 158 99 49 92 0 2 0 0 47 0 1 0 0 0 0 0 0 0 0 0 0 0 72 0 0 0 0 0 0 0 0 14 0 0 0 0 0 0 0 0 0 0 0 0 0 0 3 0 0 0 2 3 0 0 2 0 0 0 0 0 0 0 0 0 9 11 4 12 5 11 0 7 48 0 41 15 10 0 47 11 8 7 0 0 0 37 3 0 0 0 8 13 0 3 0 0 0 0 0 0 0 0 6 0 0 0 0 0 0 1 0 0 0 0 0 1 0 0 0 0 0 0 0 0 0 3 0 0 0 0 0 0 0 0 0 0 0 0 0 0 0 0 3 0 0 2 12 37 0 42 1 21 13 10 18 20 0 35 22 20 12 1 0 0 1 0 0 0 0 0 0 13 0 17 0 0 0 11 1 0 1 0 36 34 0 0 0 0 0 0 0 0 0 0 0 12 0 0 0 0 0 0 0 11 0 0 74 68 65 2 0 69 1 0 0 0 0 0 0 0 0 0 0 0 0 0 0 0 0 0 0 15 2 0 
 0 0 0 0 0 0 0 0 3 0 0 36 0 0 0 0 0 0 0 0 2 2 2 6 2 2 2 2 2 2 5 4 3 5 2 2 2 2 2 2 325 47 264 179 0 127 52 253 340 159 185 122 102 111 150 96 53 342 51 126 0 1 0 0 0 0 0 0 0 0 0 0 56 62 32 0 0 0 3 0 0 0 0 0 0 0 0 0 0 0 0 0 0 0 0 0 0 0 0 0 0 0 0 0 0 0 0 0 0 0 0 0 0 0 0 0 0 0 0 0 19 12 0 1 31 6 32 19 9 0 7 15 0 1 6 0 0 39 0 0 13 6 4 0 0 0 11 13 16 9 0 6 5 11 0 4 6 9 0 15 0 0 6 0 0 0 0 0 0 0 0 0 0 0 0 0 0 0 0 0 0 0 0 0 0 0 0 0 0 0 0 0 0 0 0 0 0 0 0 0 0 0 4 1 10 8 0 29 29 6 12 47 0 0 0 34 7 0 0 0 6 2 13 0 0 0 7 0 10 51 12 0 30 27 7 0 0 6 24 4 0 0 0 0 0 0 0 0 0 0 0 3 0 0 0 0 0 0 0 1 0 0 9 0 1 5 0 0 0 0 4 0 0 6 0 0 0 0 0 0 0 0 0 0 20 0 0 0 2 0 
 0 2 0 0 1 1 0 2 0 0 0 0 0 0 0 0 0 0 0 0 0 4 0 0 2 7 0 0 8 4 6 0 0 2 0 0 0 9 2 0 41 45 40 53 127 0 41 40 59 38 105 135 81 42 53 299 58 67 66 42 103 105 5 1 0 0 0 0 50 16 0 3 106 105 53 0 0 51 1 51 0 0 0 0 0 0 0 0 0 0 0 0 0 0 0 0 0 0 0 0 0 0 0 0 0 7 0 0 0 0 0 6 0 0 0 0 0 0 0 0 0 21 0 0 2 10 10 7 5 0 1 0 0 0 0 0 0 0 2 0 22 0 9 0 0 2 9 0 10 7 0 0 7 1 9 0 0 8 0 22 0 0 5 0 0 3 0 0 0 0 0 0 0 0 0 0 12 0 0 0 0 0 0 0 0 1 0 0 0 0 0 0 0 0 0 0 0 1 0 0 4 0 0 0 20 16 0 0 0 0 0 0 11 7 0 16 0 0 0 0 42 1 22 0 0 0 7 5 19 10 21 0 1 12 38 29 28 82 25 0 0 0 5 0 0 0 0 0 0 0 0 2 0 0 0 0 0 0 25 4 0 0 0 0 0 0 3 10 0 0 0 0 0 6 51 0 0 0 0 0 0 0 5 0 0 0 0 0 2 0 
 0 0 0 1 1 64 0 0 0 1 1 56 0 0 0 82 66 1 0 0 1 2 0 0 0 69 0 0 1 3 64 0 62 0 1 1 70 61 18 0 89 91 79 123 52 41 0 100 256 24 33 35 140 346 51 242 37 26 90 83 0 0 1 1 8 0 0 1 0 0 0 2 0 2 0 0 0 0 8 1 0 12 0 0 0 10 0 0 0 0 10 0 0 0 0 6 1 1 0 0 0 0 0 0 0 0 0 0 10 40 0 14 11 9 0 20 0 0 39 0 0 0 37 0 3 0 0 8 0 44 0 14 4 23 0 10 7 0 0 26 0 0 0 4 26 0 0 4 1 0 0 2 4 3 0 0 4 0 0 0 0 0 0 0 11 10 0 13 0 0 0 0 0 0 4 0 0 0 0 0 0 0 1 0 0 20 10 0 27 0 9 19 15 11 0 2 0 0 6 7 28 0 0 0 5 4 0 0 0 0 0 0 29 0 10 1 1 0 0 15 3 0 0 0 0 0 0 0 0 0 0 0 6 12 0 0 0 0 0 5 0 0 0 0 0 0 63 0 0 0 0 8 0 1 0 0 0 29 1 2 0 0 0 2 0 0 2 0 2 0 4 0 0 0 0 0 0 0 0 9 0 0 0 0 0 0 14 0 0 0 
 0 0 0 0 0 0 0 0 0 0 0 0 0 0 0 0 0 0 0 3 3 3 3 9 3 150 3 3 3 3 3 3 3 3 3 3 3 3 3 3 163 264 194 293 253 40 100 0 189 221 36 97 543 140 439 30 170 207 61 51 11 2 2 0 1 0 5 0 0 0 0 0 5 19 4 0 0 2 0 8 0 0 0 0 0 0 0 0 0 0 0 0 0 0 0 0 0 0 0 0 0 0 0 8 0 0 0 0 0 0 0 0 0 0 0 0 0 0 0 0 55 46 1 10 0 29 14 1 0 1 14 28 19 38 27 0 21 17 1 0 0 1 2 0 0 0 33 5 2 0 0 0 0 0 4 0 10 11 0 4 0 0 0 1 0 0 3 0 0 0 0 0 0 0 0 0 0 0 0 0 0 0 0 0 0 0 0 0 0 0 0 0 0 0 0 0 0 0 0 0 0 27 47 1 40 7 11 6 30 0 50 15 9 0 35 20 28 0 0 2 0 2 0 0 11 0 3 10 3 0 0 0 8 0 6 7 10 0 2 1 0 0 0 0 0 0 0 0 0 33 0 8 0 11 0 0 0 0 0 1 0 0 0 0 72 2 2 0 2 0 0 0 0 0 0 0 0 0 0 0 0 0 0 0 0 0 0 0 0 0 
 6 3 5 0 0 0 0 1 1 0 2 0 3 0 0 0 0 0 66 39 0 0 2 0 0 3 0 0 0 2 0 0 0 0 0 3 2 0 0 0 179 153 272 154 340 59 256 189 0 130 39 55 122 348 110 126 363 172 40 57 1 1 0 2 0 0 24 2 0 2 0 0 0 2 2 0 0 2 75 0 0 1 0 7 0 0 7 0 15 0 3 4 1 0 1 0 0 1 0 0 0 0 0 0 0 0 0 0 0 0 0 0 0 0 0 0 0 0 0 0 7 57 0 38 10 26 1 0 21 0 21 14 1 0 27 6 0 1 0 0 0 4 1 0 0 0 24 21 0 0 0 0 19 19 0 0 0 0 6 19 0 19 0 40 6 0 4 1 7 0 14 0 0 15 3 1 0 7 7 6 0 0 0 0 0 0 7 0 0 0 0 0 0 0 0 0 0 0 0 0 0 0 13 26 14 19 0 41 8 0 4 0 0 0 0 54 22 27 0 0 15 18 0 0 0 0 7 0 1 0 0 0 21 0 21 0 0 0 14 31 0 0 0 0 0 0 0 0 0 0 0 10 0 1 0 1 0 0 0 17 0 0 9 1 0 37 1 0 2 0 0 1 0 0 0 0 0 0 0 0 0 0 0 0 0 0 0 14 0 0 
 0 0 0 0 2 0 0 0 0 0 0 0 0 0 0 0 0 0 0 0 4 2 0 2 0 1 0 0 4 6 0 0 0 0 0 0 0 0 0 0 152 91 96 138 159 38 24 221 130 0 122 110 201 136 169 120 37 176 84 96 51 2 0 0 1 0 53 0 0 3 0 0 3 2 21 0 0 0 20 51 0 0 0 0 0 0 0 0 0 0 0 0 0 0 0 0 0 0 0 0 0 0 0 0 0 0 0 0 0 0 0 0 0 0 0 0 0 0 0 0 6 18 0 24 44 60 14 10 10 0 3 0 8 18 7 0 0 13 0 0 66 8 1 0 0 0 47 6 0 4 0 0 9 24 0 0 0 0 7 22 0 0 0 0 0 0 0 0 0 0 0 0 0 3 0 0 0 0 2 11 0 0 0 0 0 0 72 0 0 0 0 0 0 0 0 0 0 0 0 0 0 0 25 7 16 6 0 1 28 0 14 11 0 0 1 32 38 0 0 0 0 26 0 9 0 7 7 16 0 0 0 0 62 20 21 0 0 0 2 20 0 0 0 0 0 0 0 0 0 0 0 2 0 0 0 0 0 0 0 11 0 0 1 0 90 19 0 0 0 0 0 0 0 0 0 0 0 0 0 0 0 0 0 0 0 15 0 10 0 0 
 0 0 0 0 0 0 0 0 0 0 10 0 0 0 0 0 7 0 0 3 0 9 0 2 0 0 5 1 4 1 2 3 0 5 0 0 206 0 0 0 38 226 50 115 185 105 33 36 39 122 0 186 265 58 52 273 112 56 26 256 50 0 4 0 0 0 41 0 0 0 3 0 85 0 0 0 0 1 74 41 0 0 0 0 0 0 0 0 0 0 0 0 0 0 0 4 0 0 0 0 0 0 0 0 0 0 4 7 0 0 1 0 1 0 3 0 0 0 0 0 0 10 0 40 40 12 6 0 0 0 42 0 0 0 0 10 0 8 0 0 9 0 8 0 0 2 0 22 8 0 0 0 1 28 0 14 1 0 8 14 0 0 0 0 0 9 0 0 0 0 0 0 2 0 0 0 0 0 0 3 0 6 0 0 0 0 0 0 0 0 0 0 9 0 2 0 0 0 0 0 0 0 0 32 15 0 0 0 0 0 0 12 0 0 0 0 0 0 0 0 30 21 0 0 0 0 11 48 25 0 0 0 11 29 52 0 0 1 22 28 0 0 0 0 0 0 0 0 0 0 0 15 1 1 0 0 0 0 0 0 0 1 4 0 0 1 0 32 0 0 0 0 0 7 0 0 0 0 0 0 0 3 0 0 18 0 0 0 1 0 
 0 0 0 0 2 0 0 0 0 0 0 0 0 3 0 0 0 0 0 0 0 18 0 0 0 2 0 0 0 0 2 0 0 2 0 0 1 0 0 0 44 46 100 252 122 135 35 97 55 110 186 0 126 30 32 154 89 57 31 101 54 3 8 0 0 0 54 5 0 0 0 0 0 0 0 0 0 0 4 51 22 0 0 0 0 0 0 0 0 0 0 0 0 0 0 0 0 0 0 0 0 0 0 0 0 0 0 0 0 0 0 0 0 0 0 0 0 0 0 0 14 1 19 15 16 18 0 26 12 10 13 8 21 0 0 1 26 19 0 0 2 18 0 0 0 12 18 10 0 0 0 0 17 0 0 0 0 0 10 28 0 0 0 0 0 0 0 0 0 0 0 0 0 32 0 0 0 9 5 0 0 0 0 0 0 0 0 0 0 0 0 0 0 0 0 0 0 0 0 0 0 19 0 40 37 38 0 11 9 20 20 30 0 2 0 0 21 22 0 7 34 0 0 0 0 0 8 26 13 0 0 0 0 11 66 1 1 25 16 5 0 0 0 0 0 0 0 0 0 0 0 8 0 0 0 0 0 0 0 50 0 0 2 2 33 0 0 67 0 0 0 0 0 0 0 0 0 0 0 0 0 0 0 0 12 0 0 2 1 0 
 0 1 3 0 0 0 0 0 0 0 0 0 0 0 0 0 0 0 0 2 3 3 5 9 3 228 3 3 3 3 5 3 3 3 3 3 66 3 3 3 105 59 119 373 102 81 140 543 122 201 265 126 0 105 291 61 95 332 231 209 0 1 0 2 0 0 0 0 0 0 0 0 0 0 10 6 0 0 0 0 0 0 0 0 0 0 0 0 0 0 0 0 0 0 0 0 0 0 0 0 0 0 0 0 0 0 0 0 0 15 0 11 0 9 0 0 0 0 0 0 34 19 6 14 0 7 10 9 1 12 0 16 85 22 9 7 18 12 0 10 0 15 0 0 0 0 10 4 0 0 0 0 0 0 0 0 15 0 0 39 0 7 0 0 0 0 3 0 0 0 0 0 0 0 0 0 0 0 0 0 0 0 0 0 0 0 0 0 0 0 0 0 0 0 0 0 0 0 0 0 66 36 5 0 11 18 1 10 13 0 30 1 13 0 24 0 7 0 0 9 2 0 0 9 0 8 0 0 0 0 0 0 0 0 0 0 0 0 0 0 0 0 0 0 0 0 0 0 0 0 0 7 0 0 0 0 0 21 0 0 0 0 0 0 6 2 2 0 0 0 0 0 0 0 0 0 0 0 0 0 0 0 0 0 0 0 12 6 1 0 
 0 0 0 0 3 1 0 0 0 0 2 0 0 0 0 0 3 0 0 0 0 0 0 0 63 62 8 0 0 3 67 0 0 7 87 0 0 94 1 3 59 364 71 74 111 42 346 140 348 136 58 30 105 0 220 40 108 48 143 345 0 0 0 0 0 0 0 0 1 0 0 0 0 0 0 0 0 0 0 0 0 0 0 0 0 0 0 0 0 0 0 0 0 0 0 2 0 0 0 0 0 0 3 28 0 11 8 13 0 0 23 14 1 0 3 0 0 0 0 0 0 4 17 0 0 9 20 8 0 18 0 0 13 5 9 12 11 9 0 9 0 0 0 0 0 0 5 0 0 0 0 0 0 0 0 0 0 0 0 3 0 18 0 0 0 0 0 0 0 0 0 1 0 0 0 5 0 0 0 0 0 6 0 0 0 0 0 0 5 0 12 0 2 0 2 18 0 0 5 0 44 36 28 0 10 0 0 11 22 10 21 0 21 0 10 4 0 12 7 0 0 17 0 0 0 0 19 0 0 0 0 0 1 31 0 0 0 0 0 0 0 0 0 0 0 34 0 0 0 0 0 2 0 1 0 0 0 64 61 2 0 0 0 0 0 1 1 0 0 0 13 0 0 0 0 0 0 0 0 3 0 0 0 0 0 0 0 0 0 0 
 0 0 0 0 0 0 0 0 0 0 0 0 0 0 0 0 0 0 0 2 2 2 2 2 2 98 2 2 2 2 2 2 2 2 2 2 2 67 2 2 184 172 82 138 150 53 51 439 110 169 52 32 291 220 0 70 167 162 76 396 0 1 0 0 7 0 0 0 0 0 0 0 0 0 5 0 0 0 13 0 0 0 0 0 0 0 0 0 0 0 0 0 0 0 0 0 0 0 4 0 0 0 0 0 0 0 0 0 0 0 0 0 0 0 0 0 0 0 0 0 20 36 8 0 0 13 32 0 8 10 1 21 35 0 58 14 0 22 9 11 0 8 0 0 0 0 31 3 0 0 0 0 0 0 0 0 11 0 1 1 0 0 0 15 0 0 3 0 0 0 0 0 0 0 4 0 0 0 0 0 0 0 0 0 0 0 0 0 11 0 10 0 0 0 0 33 0 0 0 0 9 20 38 0 70 0 44 26 14 8 19 8 0 1 13 42 8 3 9 0 0 1 32 0 0 0 14 0 0 0 0 0 0 0 0 14 0 0 21 0 0 0 0 0 0 0 0 0 0 31 0 4 0 2 0 0 0 21 0 1 7 0 2 1 3 2 0 0 0 0 0 0 0 0 0 0 0 0 0 0 0 0 0 0 0 0 0 0 0 0 
 0 0 0 0 0 0 0 0 6 0 0 0 0 0 0 0 4 0 0 0 0 0 5 0 2 65 0 0 3 0 2 0 0 0 0 0 0 0 0 0 43 177 99 104 96 299 242 30 126 120 273 154 61 40 70 0 100 114 50 92 2 4 16 21 16 0 31 61 6 11 13 6 0 0 5 11 1 3 26 24 0 0 0 0 0 0 0 0 0 0 0 0 7 0 0 0 0 0 0 0 0 0 0 0 0 0 0 0 0 0 0 0 0 0 0 0 0 0 0 0 0 26 0 15 20 0 37 0 0 6 12 10 13 9 47 25 0 4 6 0 0 0 13 0 4 10 0 29 8 8 24 0 8 0 0 6 12 0 6 10 0 0 0 13 0 0 9 0 0 0 0 0 0 0 0 0 0 0 0 0 0 0 0 0 0 0 0 0 0 0 0 0 9 0 0 0 0 0 0 0 0 1 11 34 0 0 0 4 4 0 0 0 0 0 0 0 0 14 12 0 8 15 0 0 0 0 9 0 1 0 0 13 15 10 21 0 0 0 10 27 0 0 0 0 0 0 0 0 0 0 0 2 0 0 0 0 0 0 0 1 0 0 1 0 1 1 7 1 2 0 0 0 10 0 0 6 0 0 0 0 0 0 0 0 12 12 0 0 0 0 
 4 9 5 3 4 3 2 3 5 26 17 9 3 3 3 13 8 3 3 3 0 0 0 0 0 0 4 0 2 0 0 0 0 2 0 0 0 0 0 0 161 56 60 158 53 58 37 170 363 37 112 89 95 108 167 100 0 161 107 299 0 1 3 11 0 0 0 0 0 0 0 0 0 0 4 0 1 2 42 0 0 0 0 0 6 18 0 11 0 0 0 0 0 0 0 6 3 0 0 0 8 0 0 0 0 10 0 0 0 0 0 0 0 0 4 0 0 0 0 0 11 32 10 10 0 0 21 15 16 41 11 13 0 0 14 11 7 16 0 0 0 1 0 0 0 0 9 6 6 0 0 0 0 0 0 0 0 0 0 15 0 0 0 5 0 18 0 0 0 0 0 6 0 0 0 0 0 0 0 0 0 0 0 0 0 0 0 0 0 0 0 0 10 0 4 0 0 0 0 4 0 11 12 11 11 0 6 20 9 7 17 0 0 2 9 19 6 3 0 0 0 0 0 7 0 0 8 0 0 0 0 0 0 0 6 0 0 0 10 29 0 0 1 0 0 2 4 0 0 0 0 10 0 1 0 0 0 0 1 0 0 0 29 0 0 1 0 0 1 1 0 0 0 1 0 0 0 0 0 0 0 0 0 0 0 0 0 0 0 0 
 0 0 0 0 2 0 0 0 1 0 0 0 0 4 0 0 0 0 0 0 3 6 3 11 3 123 3 3 3 6 5 3 3 3 3 3 3 5 3 6 299 46 110 99 342 67 26 207 172 176 56 57 332 48 162 114 161 0 310 296 0 1 0 0 0 0 0 0 0 1 0 0 0 0 0 0 0 0 23 0 0 0 0 0 0 0 0 0 0 0 0 0 0 0 0 0 13 0 0 0 0 0 0 0 0 12 0 0 0 0 0 0 0 0 0 0 0 0 0 0 11 27 0 1 2 10 46 21 1 7 0 17 20 14 23 1 20 31 13 0 0 0 0 9 0 0 5 13 7 0 0 0 0 0 0 0 6 0 0 14 0 0 0 3 0 0 3 0 0 0 0 0 0 0 0 0 0 0 0 0 0 0 0 0 0 0 0 0 0 0 0 0 0 0 0 0 0 0 0 0 0 10 20 3 6 1 8 0 19 0 9 1 0 0 24 7 0 15 1 0 0 1 0 0 0 0 8 0 0 0 0 0 0 0 7 0 0 0 0 4 0 0 0 0 0 0 0 0 1 0 0 9 0 0 0 0 0 0 0 9 2 0 3 2 0 1 4 0 2 0 0 0 0 0 0 0 0 0 0 0 0 0 0 0 0 15 0 1 0 5 
 0 0 0 0 0 0 0 0 0 0 0 0 0 3 0 0 2 0 0 0 3 3 3 11 3 128 3 4 9 3 66 41 3 3 3 3 70 75 3 3 52 251 28 49 51 66 90 61 40 84 26 31 231 143 76 50 107 310 0 359 2 2 9 0 4 4 0 4 2 5 2 0 0 3 0 2 1 1 0 0 0 0 0 0 0 0 0 0 0 0 0 0 0 0 0 0 0 0 0 0 0 0 0 0 41 0 0 0 0 8 0 18 0 0 0 13 0 0 0 0 10 10 47 1 0 0 0 28 0 25 0 9 11 28 10 21 13 0 11 42 0 0 3 0 0 0 0 0 0 2 7 0 0 0 0 3 24 0 0 0 0 0 0 0 0 0 2 0 0 0 0 0 0 0 0 0 0 0 0 0 0 0 0 17 0 0 0 0 46 20 29 22 0 0 0 2 0 0 0 0 18 8 12 0 0 0 8 0 0 0 15 0 18 22 52 1 3 0 15 2 0 0 0 8 0 3 0 0 0 0 0 0 0 0 0 0 0 0 0 0 0 0 1 0 0 0 0 0 0 0 0 12 0 0 0 0 0 46 0 0 0 0 1 0 0 1 0 0 0 0 0 0 0 0 0 1 0 0 0 8 0 0 0 0 0 1 9 0 2 0 
 0 0 0 0 0 0 0 0 0 0 0 0 0 0 0 0 0 0 0 3 0 0 0 4 0 66 0 63 0 0 62 0 0 0 0 0 0 72 0 0 36 46 46 92 126 42 83 51 57 96 256 101 209 345 396 92 299 296 359 0 0 2 0 0 50 2 0 17 0 0 0 0 0 0 0 0 0 0 3 0 0 0 0 0 0 0 0 0 0 0 0 0 2 0 0 0 0 0 0 0 0 0 0 0 0 0 0 0 0 0 0 0 0 0 0 10 0 0 0 8 54 48 24 14 0 0 3 33 28 33 0 20 0 28 0 1 37 13 16 20 0 0 0 0 0 0 0 12 0 0 0 1 0 0 0 0 0 0 3 3 0 0 9 0 0 0 0 0 0 0 0 0 0 0 0 0 0 0 0 0 0 0 0 0 0 10 0 0 24 0 29 12 0 0 0 8 0 0 0 0 10 0 13 23 34 9 1 0 8 9 9 26 0 9 23 0 10 13 0 7 0 0 0 0 0 0 0 0 0 0 0 0 0 6 0 0 0 0 8 3 0 0 14 0 0 0 0 0 0 0 0 0 0 0 0 0 0 2 0 1 0 0 2 63 0 4 0 0 0 0 0 0 0 0 0 0 0 0 0 9 0 0 0 0 0 12 0 0 2 0 
 3 3 3 3 5 11 5 3 3 3 3 3 3 3 3 3 6 3 3 5 0 0 0 2 0 0 0 0 0 0 0 0 0 0 2 0 0 6 0 1 2 0 0 0 0 103 0 11 1 51 50 54 0 0 0 2 0 0 2 0 0 85 96 57 45 44 197 71 70 118 44 31 284 166 48 242 42 73 85 198 0 6 0 0 0 0 0 0 0 0 0 0 0 0 0 0 0 0 0 0 0 0 0 2 0 0 0 0 0 0 0 0 0 0 0 0 0 0 0 0 0 0 0 13 71 14 0 0 0 0 11 0 0 0 0 0 0 0 0 0 39 0 8 0 0 10 0 0 15 0 0 0 12 11 2 20 44 14 17 9 0 0 0 0 0 0 0 0 0 0 0 0 0 2 0 0 0 10 2 17 0 0 0 0 0 0 0 0 0 0 0 0 0 0 0 0 0 0 0 0 0 10 0 0 36 16 0 0 0 0 0 0 0 0 0 9 11 0 3 0 19 19 0 11 11 0 9 53 10 0 5 0 10 29 55 16 11 4 8 3 23 0 0 0 0 0 0 0 0 0 0 0 0 0 4 0 0 0 0 0 0 0 0 0 0 9 0 0 0 0 0 0 0 0 3 0 0 0 0 0 0 0 0 0 0 0 0 12 3 0 
