 0 282 67 64 255 44 308 129 477 39 31 34 226 91 272 38 23 33 178 138 1 0 0 1 0 0 1 0 0 2 0 0 0 0 0 2 0 0 0 1 0 3 0 0 0 1 0 0 0 0 0 0 0 2 0 0 0 0 0 0 2 37 0 0 0 0 0 0 3 0 0 0 0 0 2 0 0 0 0 51 34 23 0 0 0 0 21 12 0 0 0 0 61 42 24 0 0 0 29 12 11 0 0 0 0 0 0 0 2 0 0 0 0 0 0 0 0 0 0 0 0 2 0 0 0 0 0 0 0 0 0 0 0 0 0 2 0 0 0 0 0 1 0 0 0 0 0 0 0 3 0 0 0 0 0 0 0 0 0 0 29 44 0 0 0 2 12 0 15 0 0 0 44 19 2 13 15 0 15 27 0 0 0 0 0 2 0 0 0 0 0 2 0 0 0 0 0 0 0 0 0 0 0 0 0 0 0 0 0 0 0 0 0 0 0 1 0 0 0 0 0 0 0 0 0 0 0 0 0 1 0 0 0 0 0 1 0 0 2 0 0 0 0 0 0 2 1 0 0 2 0 20 0 0 0 0 0 0 0 0 0 0 0 0 0 0 0 0 0 0 0 0 0 0 0 0 0 0 0 0 0 0 0 0 0 1 0 0 0 0 
 282 0 536 248 134 106 266 168 308 38 51 418 127 67 217 271 252 451 37 104 77 0 2 0 66 0 1 0 0 3 0 0 62 0 0 32 0 0 0 0 0 3 0 0 0 0 0 0 0 0 0 0 0 2 0 0 0 0 0 0 2 0 0 0 0 0 0 0 0 0 0 0 0 0 2 0 0 0 0 0 3 26 32 58 1 19 11 19 14 22 31 34 0 0 0 0 1 11 14 16 15 0 0 0 0 0 0 0 0 0 0 0 0 1 0 0 0 0 20 16 0 0 0 0 0 0 2 0 0 0 0 0 0 0 0 0 0 0 2 0 0 0 0 2 0 2 0 0 0 2 1 0 0 0 0 2 1 0 0 0 10 0 1 39 2 2 0 12 10 2 51 9 0 17 0 11 76 21 0 0 0 0 0 0 2 0 0 1 0 0 0 0 0 0 12 0 0 0 17 5 0 2 0 0 2 0 0 0 0 0 0 0 0 0 0 0 0 0 0 0 2 0 0 0 1 0 0 0 0 0 0 0 0 0 0 0 0 1 0 0 0 0 0 0 1 2 46 0 0 47 1 12 0 0 0 0 0 0 0 0 0 0 1 0 0 0 0 0 0 0 1 0 0 0 0 0 36 0 0 0 0 0 0 0 0 0 0 0 0 1 
 67 536 0 142 123 48 281 304 244 85 517 195 234 22 216 387 179 205 31 506 0 0 0 0 0 0 2 0 0 2 1 0 1 0 1 2 0 0 0 0 0 3 0 0 0 0 0 0 33 0 0 0 0 2 0 0 0 0 0 0 2 0 0 0 0 0 0 0 0 0 0 0 0 0 1 0 0 0 0 0 38 12 16 27 10 1 0 12 41 12 9 26 0 6 1 10 10 27 0 30 1 1 1 0 0 0 0 0 0 0 0 0 0 0 0 0 1 0 10 0 0 0 0 0 0 0 0 0 0 0 0 0 2 0 0 0 0 0 0 0 0 0 0 0 0 3 0 0 1 0 0 0 0 0 0 0 16 0 0 0 10 10 20 1 7 3 0 21 24 0 50 36 2 11 1 22 43 30 0 40 0 0 0 0 0 0 0 0 0 0 0 0 0 0 0 0 0 0 0 0 0 0 0 0 0 1 0 0 0 0 0 0 0 2 0 0 0 0 0 0 0 11 0 0 0 0 0 0 0 0 0 0 0 2 1 0 0 0 0 0 0 6 0 0 0 2 0 0 0 91 10 10 88 0 0 0 0 0 0 0 0 0 0 0 0 0 0 0 0 0 0 0 0 0 0 0 0 0 0 0 0 0 0 0 0 0 0 0 0 0 
 64 248 142 0 196 143 75 62 184 285 243 703 69 81 228 301 146 47 499 294 74 0 0 0 2 60 0 0 0 3 0 0 80 0 1 19 0 0 1 0 0 3 0 3 0 0 0 0 0 1 0 0 0 2 0 0 0 0 2 1 2 0 0 0 0 1 2 0 0 2 0 0 0 4 3 0 0 0 10 0 0 0 2 8 57 3 0 0 38 3 40 7 0 0 0 22 23 0 0 0 1 0 0 0 0 0 1 0 0 0 0 0 41 18 20 0 0 0 43 12 0 0 0 0 0 0 0 0 0 0 0 0 0 0 0 0 0 0 0 0 0 0 0 0 0 12 0 0 0 0 0 0 0 0 0 0 6 0 1 0 6 0 0 21 60 0 0 6 24 0 10 16 11 0 0 7 0 51 6 18 14 0 0 0 0 0 23 0 0 0 0 0 19 0 29 0 0 9 0 21 0 0 0 0 0 0 0 0 0 0 0 0 0 0 0 0 0 0 0 0 0 0 0 0 0 0 0 0 0 0 0 0 0 0 0 0 0 0 0 0 0 0 0 0 0 4 87 2 1 1 2 6 9 1 0 0 0 0 0 0 0 0 2 0 0 0 0 0 0 0 2 0 0 0 0 21 0 0 0 0 0 0 0 0 0 0 0 0 0 0 
 255 134 123 196 0 496 63 157 306 153 461 135 48 55 374 152 152 42 72 86 74 0 0 0 0 1 0 0 0 5 0 1 246 0 0 2 1 0 65 0 0 3 0 0 0 0 0 0 0 0 0 0 0 2 0 0 0 0 0 0 2 0 0 2 0 0 0 34 0 1 64 0 0 0 3 0 0 0 5 0 0 0 0 34 30 31 0 2 0 16 20 31 0 0 0 23 19 77 0 0 1 0 0 0 0 0 19 9 0 0 0 0 35 14 0 0 0 0 24 15 0 17 0 0 0 0 0 0 0 0 1 0 0 0 0 0 0 0 0 0 0 0 6 0 0 0 0 0 0 0 0 0 0 0 0 4 0 0 0 0 0 7 0 34 14 21 0 0 5 21 5 0 0 0 0 13 1 9 0 0 4 30 9 0 0 0 0 11 0 0 0 0 8 0 14 0 0 0 14 14 0 1 0 0 0 0 0 0 0 0 0 0 0 0 0 0 0 0 0 0 0 0 0 0 0 0 0 0 0 0 0 0 0 0 0 0 0 0 0 0 0 0 0 0 2 1 174 0 2 4 3 13 0 2 0 0 0 0 0 0 0 0 0 0 0 0 0 0 0 0 0 0 0 0 0 0 11 0 0 0 0 0 0 0 0 0 0 0 0 22 
 44 106 48 143 496 0 256 47 140 155 235 236 41 101 102 66 368 46 59 38 76 0 1 0 0 0 78 1 1 3 4 0 16 0 0 38 2 0 0 61 0 3 0 0 0 0 0 0 0 0 0 0 0 2 0 0 0 0 0 0 2 0 0 0 0 0 0 0 0 0 0 0 0 2 3 0 0 0 7 0 0 0 29 1 15 15 0 0 0 11 10 9 0 0 0 3 44 13 0 0 0 0 0 2 0 0 23 16 14 14 0 0 16 0 19 0 16 19 13 1 0 0 0 0 0 0 0 0 0 0 0 0 0 0 1 0 0 0 0 0 1 0 3 0 0 0 2 0 0 0 0 0 0 0 0 0 0 0 0 0 10 0 0 0 0 0 0 9 0 18 18 0 0 0 0 0 0 19 0 0 12 0 14 0 0 0 34 31 22 7 0 0 15 18 15 0 0 5 0 15 0 0 1 2 0 0 0 0 0 0 0 0 0 0 1 0 0 0 0 0 0 0 0 0 0 0 0 0 0 0 0 0 0 0 0 0 0 13 0 0 0 0 0 0 0 6 8 0 4 91 0 4 12 0 0 0 0 0 0 0 1 0 0 2 0 0 0 0 0 0 0 0 0 0 0 66 0 38 0 0 0 0 0 0 0 0 0 0 0 0 
 308 266 281 75 63 256 0 183 159 38 65 128 95 44 65 77 108 118 232 405 0 0 0 0 0 0 1 0 0 3 2 0 0 0 0 2 0 1 0 2 0 3 0 0 0 0 0 0 63 0 0 0 0 2 0 0 0 0 0 0 2 1 0 0 0 0 0 0 0 0 0 0 0 0 3 0 0 0 0 0 32 43 18 19 0 0 7 29 0 39 19 0 10 0 2 52 1 2 23 0 0 0 0 0 0 0 0 7 0 0 0 0 0 0 0 6 0 0 0 0 0 0 0 2 0 0 0 0 0 0 0 0 0 0 0 0 0 0 0 0 0 0 0 0 0 0 0 0 0 10 0 0 0 0 0 0 0 0 0 0 16 16 17 21 0 0 11 10 0 0 8 0 27 22 21 0 11 0 0 0 0 0 0 0 0 0 0 0 0 0 0 0 0 0 0 0 0 0 0 0 0 0 0 0 0 0 15 0 0 0 0 0 0 0 2 0 0 0 0 0 0 0 0 0 0 1 0 0 0 0 0 0 1 0 0 0 0 0 0 0 0 0 0 0 0 2 2 0 2 43 2 28 0 0 0 0 0 0 0 0 0 0 0 0 0 0 0 0 0 0 0 0 0 0 0 0 0 0 0 0 0 0 0 0 0 0 0 0 0 0 
 129 168 304 62 157 47 183 0 54 436 346 74 349 56 51 188 121 129 155 149 3 0 0 0 0 0 1 0 0 4 1 0 74 0 0 5 0 0 1 0 2 3 0 0 0 0 3 0 0 0 0 4 0 2 0 0 0 0 0 0 2 2 0 3 43 50 0 3 0 0 0 2 2 0 2 0 0 0 0 0 19 22 15 11 0 17 3 18 0 9 20 11 7 21 12 4 17 14 10 10 0 0 0 0 0 2 14 0 0 0 2 0 2 0 0 0 0 0 20 0 0 0 0 0 0 0 0 0 0 0 0 0 0 0 0 0 0 0 0 2 0 0 0 0 0 0 0 0 5 0 0 0 0 2 0 0 0 0 0 0 0 11 18 33 0 2 20 26 20 14 0 0 13 13 2 20 33 37 0 13 0 0 0 2 0 0 0 4 0 0 0 0 0 0 0 0 0 0 0 0 0 0 0 0 0 0 0 0 0 0 0 0 0 0 0 2 2 0 0 0 0 0 0 0 0 0 0 0 0 0 0 0 0 0 0 0 0 0 1 0 0 9 0 0 0 0 0 0 7 89 0 14 0 0 0 0 0 0 0 0 0 0 0 0 0 0 0 0 0 0 0 0 0 0 0 0 10 0 0 0 0 0 0 0 0 2 0 0 0 0 
 477 308 244 184 306 140 159 54 0 78 47 44 56 259 364 164 130 97 60 461 0 0 1 0 0 0 4 0 0 4 2 0 29 0 0 2 0 0 137 2 0 3 0 0 0 0 0 0 0 0 0 5 0 2 0 0 0 0 0 0 2 0 0 0 0 4 0 0 0 0 0 8 0 0 3 0 0 0 0 0 14 8 39 52 10 55 0 7 18 20 32 56 0 0 0 0 16 39 23 15 14 0 15 0 0 0 19 0 0 0 0 0 20 0 0 0 0 0 43 0 0 0 0 0 0 0 0 0 0 0 0 0 0 0 0 0 0 0 0 0 0 0 0 0 0 0 0 0 0 0 0 0 0 0 0 2 0 0 0 0 0 12 22 1 0 9 9 25 24 21 29 6 0 18 0 28 61 11 0 0 0 21 0 0 0 0 0 0 0 0 0 0 0 0 0 0 0 0 9 0 0 0 0 0 0 0 0 0 0 0 0 0 0 0 0 0 0 0 0 0 0 0 0 0 0 0 0 0 0 0 14 0 0 0 0 0 0 0 0 0 0 0 0 0 0 1 0 0 3 92 0 9 0 0 0 0 0 0 0 0 0 0 0 0 0 0 0 0 0 0 0 0 0 0 0 0 19 0 0 0 0 0 0 0 0 0 0 0 0 0 
 39 38 85 285 153 155 38 436 78 0 182 279 239 65 353 285 313 257 100 299 0 0 74 0 0 2 0 0 0 3 0 0 24 0 0 2 0 0 0 0 0 5 0 0 0 0 0 0 0 0 0 0 0 2 0 0 0 0 0 0 2 0 0 0 0 0 0 4 0 0 0 0 0 0 3 56 0 0 5 0 20 0 0 1 18 1 0 0 27 36 7 17 0 4 0 16 36 30 0 14 0 0 0 0 0 0 14 11 13 0 0 0 21 0 3 0 0 0 13 1 0 0 1 0 0 0 0 0 0 0 0 0 0 0 0 0 0 0 0 0 0 0 6 0 0 0 0 0 17 0 0 0 0 0 0 0 0 0 0 0 9 10 9 14 6 0 0 0 23 2 1 0 0 0 20 28 32 9 0 16 7 0 12 0 0 0 16 9 0 7 0 0 0 13 0 0 1 15 0 10 0 0 0 0 0 0 1 0 0 0 0 0 2 0 0 0 0 0 0 13 0 0 0 0 0 0 0 0 0 0 0 0 0 0 0 0 0 0 0 0 0 11 0 0 0 0 6 0 0 90 13 9 0 0 0 0 0 0 0 0 0 0 0 0 0 0 0 0 0 0 0 0 0 0 0 0 0 15 0 0 0 0 0 0 0 0 0 0 0 0 
 31 51 517 243 461 235 65 346 47 182 0 318 54 31 242 475 187 273 30 293 74 2 0 0 0 1 0 0 0 2 0 1 17 0 62 2 1 0 1 2 0 3 0 0 2 0 1 0 0 0 0 0 0 2 0 0 0 0 0 0 2 0 0 0 0 0 0 0 0 0 0 0 0 0 1 0 0 0 6 0 0 1 0 0 34 0 0 0 0 13 30 10 0 0 0 31 61 8 0 0 11 0 0 0 0 0 36 13 19 0 0 0 39 19 39 0 0 3 13 0 2 2 0 0 0 0 0 0 0 0 0 0 0 0 0 1 0 0 0 0 0 0 2 0 0 0 0 0 0 0 0 0 0 0 0 0 0 0 0 0 0 0 14 31 28 1 0 0 16 23 2 9 17 1 2 0 0 11 0 0 21 0 15 0 0 2 10 9 0 7 2 0 9 29 0 0 0 12 0 11 0 0 0 0 0 0 0 0 0 0 0 0 0 0 0 0 0 0 0 0 0 0 0 0 0 0 0 0 0 1 0 0 0 0 0 0 0 0 0 0 0 0 21 0 0 1 6 0 2 91 0 21 0 0 0 0 0 0 0 0 0 0 14 36 0 0 0 0 0 0 0 0 0 1 0 1 0 14 0 0 0 0 0 0 0 0 0 0 0 0 
 34 418 195 703 135 236 128 74 44 279 318 0 37 295 105 298 84 95 40 327 0 0 0 0 0 0 1 0 2 3 0 2 149 0 0 4 0 0 71 207 0 3 0 0 0 0 0 0 0 0 0 0 0 2 0 0 2 0 0 3 2 0 0 0 0 0 0 0 0 0 0 0 0 0 3 0 0 0 0 0 0 17 29 21 0 15 0 1 65 37 35 1 0 0 43 13 32 19 0 0 0 0 0 0 0 0 0 0 0 0 0 0 0 0 14 0 0 0 49 0 0 0 0 0 0 0 0 0 0 0 0 0 0 0 0 0 0 0 0 0 0 0 0 0 0 4 0 0 0 0 0 0 0 0 0 0 2 0 0 0 2 0 35 21 23 0 0 25 8 10 16 14 15 2 0 20 39 19 10 8 0 0 0 5 0 0 22 0 0 0 0 0 0 0 16 0 0 10 0 9 0 0 0 0 0 0 0 0 0 0 0 0 0 0 0 0 0 0 0 0 0 0 0 0 0 0 0 0 0 0 0 0 0 0 0 0 0 0 0 0 0 0 0 0 0 5 86 0 2 126 1 6 0 0 0 0 0 0 0 0 0 0 0 0 0 0 0 0 0 0 0 0 0 0 0 0 0 0 0 0 0 0 0 0 0 0 0 0 0 0 
 226 127 234 69 48 41 95 349 56 239 54 37 0 130 60 37 222 145 272 52 0 0 0 0 0 0 1 1 0 3 0 0 0 2 0 2 0 0 0 0 0 2 0 0 0 0 0 0 0 0 0 0 0 2 0 0 0 0 0 0 2 0 0 0 0 0 0 77 12 0 0 0 0 0 3 0 0 0 0 4 12 43 10 0 0 0 20 21 9 0 0 0 17 7 18 1 18 0 30 13 0 0 0 0 0 0 0 0 0 0 9 0 0 0 0 0 0 0 0 0 0 0 0 0 0 2 0 0 0 0 0 0 0 0 23 0 0 0 0 0 0 0 0 0 0 0 0 0 0 0 0 0 0 0 0 0 0 0 0 0 32 25 15 2 0 0 15 0 13 0 0 0 0 10 0 11 32 5 0 27 0 0 0 0 0 0 0 0 2 0 0 0 0 0 0 0 0 0 0 0 0 0 0 0 0 0 0 0 0 0 0 0 0 0 0 0 0 0 0 0 0 0 0 0 0 0 0 0 0 0 0 12 0 0 0 0 1 0 0 0 0 7 38 0 0 1 0 0 0 0 8 12 0 0 0 0 0 0 0 0 2 0 0 0 0 0 0 0 0 0 0 0 0 0 0 0 3 0 0 0 0 0 0 0 0 0 0 0 0 0 
 91 67 22 81 55 101 44 56 259 65 31 295 130 0 172 145 41 231 119 183 3 0 3 0 0 0 2 3 0 2 0 0 1 0 0 4 64 0 3 0 0 5 3 0 3 0 4 0 0 0 0 3 3 2 0 41 0 0 3 0 2 0 0 2 0 0 0 0 0 0 0 0 0 0 1 0 0 0 2 0 24 23 18 0 0 20 22 6 26 23 28 0 20 17 19 9 20 0 14 27 0 0 0 0 0 0 0 0 0 0 0 0 0 0 0 0 0 0 0 0 0 0 0 0 0 11 0 0 0 0 0 1 0 0 0 0 0 0 0 0 0 0 0 0 0 3 0 0 0 0 0 0 0 0 0 0 4 0 0 0 13 0 9 13 7 0 6 10 0 5 36 0 11 7 25 0 0 14 19 14 0 0 0 0 0 0 0 0 0 0 0 4 0 0 1 0 0 0 0 0 0 0 0 0 0 0 0 0 0 0 0 0 0 0 0 0 0 0 0 0 0 17 0 0 0 0 0 0 0 0 0 0 0 0 0 0 0 0 0 0 0 0 0 0 0 0 1 0 0 1 0 16 0 0 0 0 0 0 0 0 0 0 0 0 0 0 0 0 0 0 0 0 0 0 0 9 10 0 0 0 0 0 0 0 0 0 0 0 0 0 
 272 217 216 228 374 102 65 51 364 353 242 105 60 172 0 95 317 162 47 360 0 0 0 0 0 0 0 0 74 3 0 0 0 2 2 2 0 2 0 0 0 3 0 1 0 0 0 0 0 0 0 0 0 2 55 0 0 0 0 0 2 0 0 0 0 0 0 0 0 0 0 0 3 0 3 0 0 0 2 0 0 17 16 0 11 14 13 0 40 13 19 16 0 6 0 44 47 11 0 2 0 0 0 0 0 0 0 0 0 0 0 0 8 0 0 0 1 0 0 0 0 0 0 0 0 0 3 0 0 0 0 0 2 0 0 0 0 0 0 0 0 0 0 0 0 0 0 0 0 0 0 0 0 0 0 0 0 0 0 0 0 0 8 2 9 2 1 10 2 2 0 16 14 37 0 1 14 7 0 0 0 0 0 0 2 0 0 0 0 0 0 0 10 0 22 0 0 0 0 0 0 0 0 0 0 0 0 2 1 9 0 0 0 0 0 0 0 0 0 0 0 0 0 0 0 0 0 0 0 0 0 0 0 2 2 0 0 1 0 0 0 6 0 0 0 0 0 0 3 0 0 5 7 0 0 0 0 0 0 0 0 0 0 0 0 0 0 0 0 0 0 0 0 0 0 13 1 0 0 0 0 0 0 0 13 0 0 0 0 0 
 38 271 387 301 152 66 77 188 164 285 475 298 37 145 95 0 264 165 40 88 2 0 0 0 2 0 1 3 0 2 0 0 26 0 2 2 32 0 77 2 0 3 0 0 0 0 3 0 0 0 0 0 0 2 0 0 0 0 0 0 4 0 3 0 0 0 0 0 0 0 0 52 0 48 57 0 0 0 0 0 0 18 33 70 10 16 11 15 34 27 41 25 0 0 0 31 15 29 1 0 48 0 0 0 0 0 0 2 0 7 0 0 0 0 0 0 0 2 22 13 0 0 0 0 0 0 0 0 0 0 0 0 0 0 0 1 0 0 0 0 0 0 1 0 0 2 0 0 0 0 0 0 0 0 0 14 3 0 0 0 10 0 13 23 9 1 0 23 16 10 23 21 14 16 0 10 34 18 0 0 0 0 0 0 0 0 0 0 0 0 0 0 0 0 11 0 1 0 0 8 0 0 0 0 0 0 0 0 0 0 0 0 1 0 0 0 0 0 0 0 0 0 0 0 0 0 2 0 0 0 0 0 0 0 1 0 0 0 0 0 0 0 0 0 0 2 4 0 2 5 0 4 0 0 0 0 0 0 2 0 0 0 0 0 0 0 0 0 0 0 0 0 0 0 0 0 0 0 0 0 0 0 0 0 0 0 0 0 0 1 
 23 252 179 146 152 368 108 121 130 313 187 84 222 41 317 264 0 281 26 223 0 0 0 0 0 0 0 0 0 3 0 0 1 2 0 2 0 0 1 2 0 3 3 0 64 0 6 0 0 0 0 0 0 2 0 0 0 0 0 0 2 0 0 0 0 0 0 2 0 0 0 6 4 0 2 0 0 0 3 0 26 35 26 17 9 15 11 0 29 8 11 33 1 5 0 12 1 22 13 14 14 0 0 0 0 0 2 2 0 0 0 0 15 0 0 1 0 0 0 0 0 0 0 0 0 19 0 0 0 0 0 0 0 0 0 0 0 17 0 0 0 0 3 1 0 0 0 0 0 0 0 0 1 0 0 1 0 0 0 0 10 10 20 0 7 7 0 1 19 24 0 0 0 2 9 21 26 0 0 15 7 0 2 0 0 0 0 0 0 0 0 0 11 0 11 0 0 0 0 0 0 0 15 0 0 0 0 0 0 0 0 0 0 0 0 0 0 0 0 0 0 0 0 0 0 0 0 0 0 0 0 0 0 0 0 0 0 0 0 0 0 10 0 0 0 0 1 0 5 1 11 15 8 20 0 0 0 0 0 0 0 0 0 30 0 0 0 0 0 0 15 0 0 0 0 10 1 0 0 0 0 0 0 0 0 0 0 0 0 0 
 33 451 205 47 42 46 118 129 97 257 273 95 145 231 162 165 281 0 38 210 0 0 0 0 0 0 2 0 1 3 0 0 0 0 0 2 1 0 0 0 0 3 0 30 0 0 0 0 2 0 0 0 0 2 0 0 0 0 0 0 2 0 0 0 0 0 0 0 0 0 0 0 0 0 3 0 0 0 0 0 46 46 49 9 9 0 2 17 29 30 24 7 0 54 20 12 15 25 0 37 0 0 0 0 0 0 0 0 0 0 0 0 0 0 0 0 0 0 0 0 0 0 0 0 1 0 0 0 0 0 0 0 0 0 0 0 0 0 0 0 0 24 0 0 0 13 0 0 7 0 0 0 0 0 0 2 0 1 0 0 2 6 51 36 0 2 19 9 18 0 14 1 0 14 13 12 47 1 10 16 0 1 0 0 0 0 0 0 0 0 0 0 0 1 0 0 18 0 0 0 0 0 0 0 0 0 0 24 0 0 2 0 0 0 0 0 0 0 0 0 0 11 0 0 0 0 0 0 0 0 1 0 0 0 0 0 2 0 0 0 0 11 0 0 0 2 3 0 0 87 1 8 0 0 0 0 0 0 0 0 0 0 0 0 0 0 0 0 0 0 0 0 0 0 0 3 0 0 0 0 0 0 0 0 0 0 0 0 0 0 
 178 37 31 499 72 59 232 155 60 100 30 40 272 119 47 40 26 38 0 294 75 0 3 3 0 0 2 1 0 5 0 2 0 0 0 2 0 2 0 0 0 52 0 0 0 0 0 0 0 6 0 0 0 2 0 0 0 0 0 0 2 38 0 0 0 0 0 1 1 0 0 0 0 0 96 0 0 0 0 45 47 11 0 0 0 0 0 1 16 0 0 0 20 41 68 4 0 0 27 10 0 0 0 0 0 0 0 0 0 0 0 0 0 0 0 0 0 0 0 0 0 0 0 0 0 0 0 0 0 0 0 0 0 0 0 0 0 0 0 0 0 0 0 0 0 0 0 0 0 4 0 0 1 0 0 0 0 0 0 0 0 20 1 0 0 0 0 0 9 0 0 0 0 0 21 9 33 0 20 30 0 0 0 0 0 0 0 0 0 0 0 0 0 0 0 0 0 0 0 0 0 0 0 0 0 0 0 0 0 0 0 0 0 0 0 0 0 0 0 0 0 1 0 0 0 0 0 0 0 0 0 0 0 0 0 0 10 0 0 0 0 0 0 0 0 2 0 1 2 1 0 8 0 0 0 0 0 0 0 0 0 0 0 0 0 0 0 0 0 0 0 0 0 0 0 0 0 0 0 0 0 0 0 0 0 0 0 0 0 0 
 138 104 506 294 86 38 405 149 461 299 293 327 52 183 360 88 223 210 294 0 0 0 0 0 0 0 5 0 0 3 0 0 0 36 5 2 0 2 0 0 0 3 5 0 0 0 0 0 0 0 0 0 0 2 0 0 2 69 0 0 2 0 0 0 0 0 0 0 0 0 0 0 37 0 3 0 0 0 0 1 10 42 35 14 0 13 1 16 17 41 12 8 1 21 20 2 29 29 0 23 2 0 0 0 0 0 2 0 0 0 1 0 0 0 0 0 0 0 0 0 0 1 0 0 0 0 0 7 0 0 0 0 0 0 0 1 0 0 0 0 0 2 0 0 0 0 0 0 3 0 0 0 0 0 0 0 15 0 2 0 3 9 90 27 0 0 18 40 1 0 0 1 0 9 8 0 28 1 9 19 0 0 0 0 0 1 0 0 0 0 0 0 0 0 0 0 0 0 0 0 0 0 0 0 0 0 0 0 0 0 0 0 0 0 0 2 0 0 0 5 0 0 0 0 0 0 0 0 0 2 0 0 0 0 0 2 0 6 1 0 0 7 0 0 0 1 0 0 4 4 1 13 0 0 0 0 0 0 0 0 0 0 0 0 0 0 0 0 0 0 0 0 0 0 0 5 0 0 0 0 0 0 0 0 0 2 0 0 0 0 
 1 77 0 74 74 76 0 3 0 0 74 0 0 3 0 2 0 0 75 0 0 284 336 263 87 51 170 166 27 46 123 56 121 257 322 219 91 110 255 162 3 206 0 3 0 0 0 0 0 0 3 0 32 5 0 0 3 0 0 3 51 0 0 2 2 0 3 0 0 0 2 0 6 3 0 0 3 0 3 0 0 0 0 2 19 0 0 0 2 0 0 2 0 19 0 0 0 0 0 0 11 37 33 12 0 0 0 28 0 10 3 6 13 33 0 1 30 77 0 27 0 0 0 2 0 0 13 0 0 0 0 0 0 0 0 0 0 0 13 0 0 0 0 0 0 0 0 0 0 0 22 2 0 31 1 0 0 0 0 0 0 0 0 14 20 0 0 1 0 0 5 19 0 0 0 0 0 0 0 0 13 12 9 0 20 1 25 35 55 12 18 27 19 0 71 9 24 13 0 0 0 0 0 1 12 0 2 0 0 0 0 0 0 8 0 0 0 0 1 12 0 0 0 0 0 0 0 1 0 0 0 0 0 0 5 0 0 0 0 0 0 0 5 0 0 0 0 0 0 0 0 0 0 0 18 0 2 120 0 0 2 0 0 0 0 0 0 0 0 0 0 0 0 0 0 0 0 0 0 19 0 0 0 2 0 0 1 0 0 0 
 0 0 0 0 0 0 0 0 0 0 2 0 0 0 0 0 0 0 0 0 284 0 175 237 112 186 91 318 136 51 248 165 48 97 71 107 38 123 117 294 0 0 0 3 0 0 0 0 2 0 3 2 77 0 2 0 3 5 0 3 2 3 0 0 2 0 2 0 0 0 2 0 0 3 0 0 3 0 0 2 0 0 2 0 0 0 0 0 0 1 0 0 0 0 0 0 0 0 0 0 1 47 41 4 8 19 1 9 9 12 22 12 1 0 1 30 28 41 1 9 0 0 0 0 0 0 2 0 30 0 0 0 52 13 1 0 0 0 30 15 0 0 0 0 0 0 0 2 0 0 0 0 0 7 4 0 0 0 0 0 0 3 0 0 0 20 0 3 0 0 0 0 0 2 0 0 0 0 0 11 7 13 30 27 22 4 17 0 23 17 6 21 10 0 15 11 45 37 58 0 0 0 0 0 0 0 12 0 0 1 0 0 7 27 0 9 0 9 18 24 0 0 0 0 0 0 0 0 0 0 0 0 0 0 0 0 0 0 0 0 0 0 1 0 0 0 0 0 0 0 0 0 0 0 14 0 0 76 0 0 0 0 0 0 0 0 1 0 0 0 0 0 0 0 0 0 0 0 0 0 0 0 0 0 0 2 10 0 0 0 
 0 2 0 0 0 1 0 0 1 74 0 0 0 3 0 0 0 0 3 0 336 175 0 216 142 235 178 135 118 73 51 129 56 43 249 361 119 117 326 90 0 0 0 3 6 0 0 0 0 5 3 0 1 0 0 0 4 0 1 3 0 4 0 0 2 0 2 6 0 0 2 0 0 3 0 0 3 0 0 0 0 0 0 0 0 10 0 0 0 0 0 0 0 0 0 0 0 1 0 0 12 17 57 9 0 0 8 32 21 31 0 5 0 14 0 20 30 8 0 9 0 0 0 0 0 0 0 0 0 0 0 0 0 10 0 0 21 13 15 0 0 0 0 0 6 0 0 4 2 6 0 0 0 1 6 0 0 0 0 0 0 0 0 0 0 6 0 1 0 0 4 0 0 0 0 0 0 0 0 0 8 27 7 22 8 13 9 21 38 0 38 34 0 26 0 29 25 40 56 9 0 0 0 0 0 0 11 0 0 0 0 0 0 7 0 0 0 0 49 0 0 0 0 0 0 0 1 0 0 0 0 0 0 2 2 0 0 0 0 0 0 0 0 0 0 0 0 0 0 0 0 0 0 0 0 0 0 18 5 1 0 2 0 0 0 0 0 0 0 0 0 0 0 0 0 0 0 0 0 0 0 0 0 0 0 0 14 0 0 0 
 1 0 0 0 0 0 0 0 0 0 0 0 0 0 0 0 0 0 3 0 263 237 216 0 232 178 473 377 147 156 212 290 79 167 281 53 144 138 187 133 5 0 0 8 0 0 65 0 5 5 5 0 57 62 0 4 3 0 63 4 2 43 0 2 2 3 1 0 0 2 2 2 0 5 0 2 6 2 1 0 0 0 0 0 0 11 0 0 0 0 0 0 0 0 0 0 0 0 0 0 9 0 9 0 20 48 13 0 4 6 1 37 0 5 0 7 17 9 0 10 0 16 2 15 19 0 15 0 0 0 20 0 27 0 0 18 0 0 19 0 0 0 0 0 4 0 0 3 0 0 0 0 2 1 5 0 0 0 0 0 0 0 0 0 0 1 0 1 0 0 4 0 0 0 0 0 0 0 0 0 0 29 10 41 45 6 9 0 10 0 2 0 0 14 0 20 11 26 18 10 0 0 0 0 0 0 3 2 22 0 0 0 0 20 0 43 0 0 26 11 0 0 0 0 0 0 0 0 0 0 0 0 0 0 0 0 0 0 0 0 0 0 0 0 0 0 0 0 0 0 0 0 0 2 7 0 0 1 45 2 3 0 0 0 0 0 17 0 0 0 0 0 0 0 0 0 0 0 0 0 0 18 0 0 0 0 0 0 0 0 
 0 66 0 2 0 0 0 0 0 0 0 0 0 0 0 2 0 0 0 0 87 112 142 232 0 136 270 70 58 320 172 51 79 284 301 151 144 49 83 62 0 0 0 8 0 0 1 29 0 5 3 0 1 1 0 74 3 0 72 69 0 0 0 0 2 0 49 1 0 0 2 0 0 2 0 0 3 0 0 0 15 0 0 0 0 11 0 0 0 2 0 0 0 0 0 0 9 0 0 0 18 111 8 14 31 11 18 0 1 28 15 0 0 10 0 0 13 7 2 0 7 19 13 17 19 0 29 8 0 0 12 0 3 3 15 17 0 0 2 8 10 0 0 0 0 0 13 0 0 0 5 0 0 0 0 0 0 0 0 0 0 7 2 1 0 0 0 3 0 0 6 0 0 1 0 0 0 0 0 0 0 10 7 25 9 17 0 0 6 1 42 19 0 0 11 11 0 0 1 5 0 8 0 0 0 0 20 12 10 17 9 0 0 16 0 0 6 0 27 9 0 0 0 0 0 0 0 0 0 0 0 0 0 0 0 0 0 0 0 0 0 0 0 0 0 0 0 0 0 0 0 0 0 0 19 3 0 40 78 4 12 2 0 0 0 0 0 0 0 0 0 0 0 0 0 0 0 0 0 0 0 18 0 0 0 0 12 6 0 0 
 0 0 0 60 1 0 0 0 0 2 1 0 0 0 0 0 0 0 0 0 51 186 235 178 136 0 242 286 109 189 192 190 30 37 267 67 75 184 42 42 20 5 0 17 0 0 84 0 0 7 3 0 126 11 226 0 3 0 0 133 0 1 0 3 2 0 2 0 0 0 2 0 0 3 0 0 3 0 0 1 2 0 0 0 0 0 0 0 0 0 0 0 0 0 0 0 10 0 0 0 0 20 0 34 124 37 0 8 11 1 28 10 0 0 0 0 1 0 0 0 0 0 0 0 22 1 32 7 0 10 0 0 31 2 25 33 27 0 0 22 0 0 0 2 0 0 0 0 0 0 0 0 0 0 0 0 0 0 0 0 0 3 0 0 0 0 0 2 0 0 0 0 0 19 0 0 2 0 0 0 1 0 26 22 31 21 0 0 0 9 12 0 0 0 13 9 0 9 0 0 26 2 1 0 0 0 0 18 3 0 0 1 17 22 15 12 0 0 17 12 0 0 0 0 0 0 0 0 0 0 0 0 0 0 0 0 0 0 0 2 0 0 0 0 0 0 0 0 0 0 0 0 0 0 17 0 1 0 74 5 11 0 0 0 0 0 0 0 0 0 0 0 0 0 0 0 0 0 0 0 0 24 0 0 0 23 0 0 0 0 
 1 1 2 0 0 78 1 1 4 0 0 1 1 2 0 1 0 2 2 5 170 91 178 473 270 242 0 126 55 79 247 256 57 288 361 185 262 41 147 130 0 1 5 9 0 0 0 0 1 0 3 0 0 0 0 0 3 3 0 3 0 0 0 0 2 0 3 0 0 0 2 1 0 3 0 0 3 0 0 0 0 0 0 1 9 16 0 0 0 0 0 11 0 0 0 0 0 0 0 0 16 11 26 0 0 0 12 2 1 49 7 20 0 10 8 13 8 0 0 8 0 0 0 0 0 0 0 0 0 0 0 0 4 0 0 0 0 0 10 1 0 2 0 0 0 0 0 1 0 1 2 0 0 4 4 0 0 0 0 0 0 6 0 0 0 4 0 2 0 0 6 19 0 0 0 0 0 0 0 0 0 22 2 60 13 0 19 31 13 0 54 3 11 2 38 11 13 48 1 6 0 9 0 1 0 0 0 0 0 0 0 0 0 0 0 0 0 0 6 13 0 0 0 0 0 0 0 0 0 0 0 0 0 0 0 0 0 0 0 0 0 0 0 0 0 0 0 0 0 1 0 0 0 0 5 0 2 0 77 1 49 0 0 0 0 0 0 0 0 0 0 0 0 0 0 0 0 0 0 0 0 0 0 0 0 0 0 0 0 0 
 0 0 0 0 0 1 0 0 0 0 0 0 1 3 0 3 0 0 1 0 166 318 135 377 70 286 126 0 73 28 162 429 124 304 161 118 110 82 76 278 3 2 0 4 0 0 6 0 0 0 3 0 0 1 0 0 3 0 1 3 0 0 9 0 2 0 0 6 0 0 2 0 0 2 0 0 3 0 0 0 0 0 0 0 0 12 0 0 0 0 0 0 0 0 0 11 0 0 0 22 31 18 29 10 1 21 19 30 3 19 0 15 9 7 14 47 6 32 0 9 0 0 0 0 0 2 0 0 0 0 1 0 20 0 0 0 0 2 19 12 0 0 0 0 1 0 7 0 0 0 0 0 0 5 6 0 0 0 0 0 0 9 0 0 0 11 0 2 0 0 0 6 0 0 0 0 0 2 0 0 4 2 28 0 19 33 8 0 16 10 16 18 13 17 40 41 29 12 28 11 0 0 1 0 0 1 0 0 0 0 0 0 0 0 0 0 0 0 0 5 0 0 0 0 0 0 0 0 0 0 0 0 0 0 0 0 0 0 0 0 0 0 24 0 0 0 0 0 0 1 0 0 0 0 11 0 0 76 0 2 14 0 9 0 0 0 0 0 0 0 0 0 0 0 0 0 0 0 0 18 0 0 0 0 0 0 0 0 0 0 
 0 0 0 0 0 1 0 0 0 0 0 2 0 0 74 0 0 1 0 0 27 136 118 147 58 109 55 73 0 229 133 122 106 275 175 68 83 109 121 67 0 1 0 3 0 0 1 0 0 7 3 0 62 62 0 0 3 0 0 96 0 49 0 0 2 0 2 0 0 0 2 0 0 3 0 0 3 0 0 0 0 8 1 0 0 0 0 0 0 0 2 0 4 0 0 0 0 0 0 0 0 0 6 37 22 20 0 0 36 0 15 20 17 7 12 0 17 35 0 29 0 0 0 0 21 0 9 0 2 0 0 0 9 49 23 0 0 0 57 9 0 1 0 0 2 0 0 0 0 4 0 3 0 0 0 0 0 0 0 0 0 0 0 0 0 12 8 2 0 0 16 0 2 0 0 0 0 0 0 19 17 2 37 1 37 80 0 0 0 9 25 16 0 8 0 12 14 0 12 0 0 0 9 2 0 0 0 30 10 0 0 0 2 0 0 18 0 0 0 0 0 0 0 0 0 0 0 0 0 0 0 0 0 0 0 0 0 0 0 0 0 0 0 0 0 0 0 0 0 0 0 0 0 0 4 0 0 0 77 0 0 0 0 0 0 0 18 0 0 0 0 0 0 0 0 0 0 0 0 0 0 20 0 0 0 0 0 0 0 0 
 2 3 2 3 5 3 3 4 4 3 2 3 3 2 3 2 3 3 5 3 46 51 73 156 320 189 79 28 229 0 165 82 54 50 92 578 251 73 186 50 63 0 0 3 0 0 66 0 0 0 3 1 1 181 0 0 3 6 135 112 0 2 0 0 2 0 3 0 0 0 2 0 0 3 0 0 3 0 0 0 0 0 0 0 0 0 0 0 0 0 0 0 0 0 0 0 0 0 0 0 0 54 36 18 35 5 0 4 3 11 39 34 0 0 0 0 0 20 0 0 0 0 12 0 0 0 0 11 20 0 0 0 18 0 22 0 0 0 22 0 0 0 0 0 0 0 9 0 0 0 3 0 0 0 0 0 0 0 0 0 0 0 0 0 0 0 0 0 0 0 0 0 0 0 0 0 0 0 0 6 0 0 0 0 29 0 38 23 25 0 21 28 0 9 0 0 1 3 0 0 0 0 1 0 0 0 1 14 34 0 0 0 0 2 0 30 16 0 27 0 0 0 0 0 0 0 0 0 0 0 0 0 0 0 0 0 0 0 0 0 0 0 0 0 0 0 0 0 0 0 0 0 0 0 6 0 1 1 0 0 2 43 0 0 0 0 0 0 0 0 0 1 0 0 0 0 0 0 0 0 0 12 0 0 0 0 0 0 0 0 
 0 0 1 0 0 4 2 1 2 0 0 0 0 0 0 0 0 0 0 0 123 248 51 212 172 192 247 162 133 165 0 213 116 116 126 83 138 62 28 71 0 2 0 15 0 0 0 0 0 7 3 0 22 63 0 0 3 0 7 4 0 1 1 0 2 0 2 0 0 0 2 0 0 7 0 0 3 0 14 0 0 0 0 0 0 0 0 0 0 0 0 0 0 0 0 0 0 0 0 0 0 29 12 25 35 19 0 35 1 12 9 17 0 0 1 12 0 19 0 9 0 5 1 0 20 0 28 0 0 0 0 0 11 12 30 21 0 0 24 0 0 0 0 1 0 0 0 0 0 0 0 0 0 7 2 0 0 0 0 0 0 1 0 0 0 0 0 2 0 0 0 0 0 0 0 0 0 0 0 6 1 12 26 18 27 20 7 0 14 12 20 15 0 0 15 0 16 23 28 0 0 0 41 0 0 2 0 0 3 0 0 0 9 9 0 0 9 0 10 12 0 0 0 0 0 2 0 0 0 0 0 0 0 0 0 7 0 0 0 0 0 0 0 0 0 1 2 0 0 0 0 0 0 3 13 4 4 2 75 0 2 0 0 0 0 0 0 2 0 0 0 0 0 0 0 0 2 0 0 0 0 22 0 0 0 25 2 0 0 0 
 0 0 0 0 1 0 0 0 0 0 1 2 0 0 0 0 0 0 2 0 56 165 129 290 51 190 256 429 122 82 213 0 158 108 181 222 135 533 108 113 0 3 0 3 2 0 0 0 0 0 3 0 24 0 0 0 3 8 4 3 0 0 2 0 2 0 2 0 2 34 2 2 0 3 2 0 5 0 2 1 1 0 0 0 1 0 0 0 0 0 0 0 0 0 0 0 0 0 0 0 0 48 21 4 9 21 0 11 10 18 22 24 0 0 9 7 3 23 0 19 0 0 0 0 0 0 0 0 0 0 0 0 36 17 4 0 0 0 32 15 1 0 0 0 2 0 0 3 0 0 0 0 0 1 5 0 0 0 0 0 0 3 0 0 0 2 0 1 0 0 0 0 0 0 0 0 0 0 0 5 2 11 33 24 1 6 21 22 10 17 16 0 1 0 0 0 11 97 0 0 0 0 0 0 0 0 1 0 0 0 0 0 11 13 0 0 0 0 7 72 10 0 0 0 0 0 0 0 0 0 0 0 9 0 0 0 0 0 0 1 0 0 0 0 0 0 0 0 0 0 0 0 0 0 15 0 2 4 0 3 3 2 0 0 0 0 0 0 0 0 0 0 0 0 0 0 0 0 0 0 0 0 0 0 0 11 0 0 0 0 
 0 62 1 80 246 16 0 74 29 24 17 149 0 1 0 26 1 0 0 0 121 48 56 79 79 30 57 124 106 54 116 158 0 80 47 241 44 56 355 39 0 2 0 3 1 0 0 0 4 0 6 1 2 0 0 0 5 0 1 6 2 0 2 0 2 0 2 0 0 0 2 0 6 3 6 0 12 0 2 0 1 0 0 41 46 22 0 10 0 2 0 15 0 0 14 0 35 44 0 0 0 0 10 0 0 0 48 11 11 2 0 0 31 3 1 1 2 0 30 12 0 1 0 0 0 0 0 0 0 0 0 0 0 0 0 0 0 0 11 0 0 0 7 0 0 0 0 0 17 0 0 0 0 0 0 0 0 0 0 0 11 5 0 7 13 50 0 0 1 55 49 2 0 0 0 41 1 11 0 0 29 21 11 0 0 0 0 8 0 7 0 0 0 11 43 0 0 2 8 20 0 0 0 0 0 0 0 0 0 0 0 2 0 0 0 0 0 0 0 0 9 0 0 0 4 0 0 0 0 0 0 0 0 0 0 0 0 0 0 1 0 0 0 0 0 0 36 0 0 73 0 0 0 0 9 2 0 0 0 0 0 0 0 0 0 0 0 0 0 0 0 2 0 0 0 0 10 14 0 0 0 0 0 0 0 0 0 0 0 0 
 0 0 0 0 0 0 0 0 0 0 0 0 2 0 2 0 2 0 0 36 257 97 43 167 284 37 288 304 275 50 116 108 80 0 78 130 71 38 465 303 1 0 0 3 0 1 0 0 0 0 3 0 4 0 0 0 3 2 1 3 0 0 0 0 2 0 1 0 0 0 2 56 2 2 0 0 3 0 0 0 0 0 0 0 0 14 0 0 0 0 0 0 0 0 0 0 0 0 0 0 2 13 37 0 0 0 0 38 0 37 1 12 19 9 1 38 61 16 0 28 0 0 0 0 0 0 0 0 0 0 0 0 0 0 2 0 0 0 14 0 0 0 0 2 0 0 0 0 0 0 0 0 0 3 10 0 0 0 0 0 0 0 0 0 0 8 0 1 0 0 6 1 0 0 0 0 0 0 0 0 64 13 12 0 14 2 36 1 69 27 9 1 33 3 19 14 38 10 22 15 0 0 1 0 0 0 1 0 0 0 0 0 0 0 12 0 19 0 0 14 0 0 0 0 0 1 0 0 0 0 15 0 0 0 0 0 0 0 16 0 0 0 0 0 0 0 0 0 0 0 0 1 0 0 12 0 0 34 0 4 0 0 0 0 0 0 0 0 0 0 0 0 0 15 0 0 0 0 0 20 0 0 0 0 0 0 0 0 0 0 
 0 0 1 1 0 0 0 0 0 0 62 0 0 0 2 2 0 0 0 5 322 71 249 281 301 267 361 161 175 92 126 181 47 78 0 110 448 284 141 145 56 0 0 2 1 0 55 0 6 0 4 0 62 0 0 0 3 0 87 3 0 16 51 0 5 0 5 0 0 0 2 0 3 3 3 0 3 0 1 0 0 0 0 0 26 18 0 0 0 0 0 0 1 0 0 0 0 0 0 0 42 8 35 7 1 0 24 0 28 31 0 8 10 54 12 29 27 53 0 26 0 0 0 0 2 0 7 0 0 0 0 0 0 0 0 0 0 0 39 0 0 0 0 0 0 0 0 0 0 0 0 0 0 3 31 0 0 2 0 0 0 0 0 0 17 0 0 1 0 0 4 12 0 0 0 0 0 5 0 0 12 16 8 27 28 16 10 0 26 0 8 12 10 80 17 10 28 10 76 66 0 0 0 0 0 0 9 0 0 0 0 0 0 18 0 0 1 0 29 14 0 0 0 0 0 0 0 0 0 0 0 0 0 0 0 0 0 1 0 2 0 0 16 0 0 0 0 0 0 0 0 0 0 0 10 0 2 76 44 4 1 0 8 0 0 0 11 0 0 0 0 0 0 0 0 0 0 0 0 1 0 0 0 0 2 0 10 0 0 0 
 2 32 2 19 2 38 2 5 2 2 2 4 2 4 2 2 2 2 2 2 219 107 361 53 151 67 185 118 68 578 83 222 241 130 110 0 97 61 57 107 0 0 0 3 12 0 0 1 0 0 3 0 0 63 0 0 6 0 1 3 0 4 0 2 2 0 1 0 0 0 2 0 0 2 0 0 30 0 0 0 0 0 0 0 0 15 0 0 0 0 0 0 0 0 0 0 0 0 0 0 0 25 23 35 0 20 0 49 0 45 29 58 0 12 28 14 14 19 0 0 0 0 0 0 0 0 13 0 0 0 0 0 0 0 40 0 0 0 34 0 0 0 0 0 0 0 0 0 0 0 0 0 0 1 0 0 0 0 0 0 0 0 0 0 0 0 0 2 0 0 0 0 0 0 0 0 0 0 10 8 0 20 24 0 13 31 52 48 45 0 17 32 1 0 39 9 0 27 17 15 0 0 9 0 0 0 8 0 0 0 0 0 0 0 0 0 0 0 9 0 0 0 0 0 0 0 0 0 0 0 0 0 18 0 9 0 0 0 0 0 0 0 0 0 0 0 0 0 0 0 0 0 0 0 8 0 0 105 0 0 1 1 0 0 0 0 0 0 0 0 0 0 0 0 0 0 0 0 0 0 0 0 0 0 0 0 0 0 0 0 
 0 0 0 0 1 2 0 0 0 0 1 0 0 64 0 32 0 1 0 0 91 38 119 144 144 75 262 110 83 251 138 135 44 71 448 97 0 168 33 93 0 3 0 3 7 0 0 1 0 2 3 0 61 62 0 38 3 0 28 65 0 6 3 0 2 0 3 0 3 0 4 2 0 3 2 0 5 0 3 2 1 0 0 0 0 3 0 0 0 0 0 0 0 0 0 0 0 0 0 0 0 1 28 18 27 0 0 18 32 0 28 0 19 0 0 0 1 0 0 6 0 0 8 0 0 0 7 0 0 0 0 0 11 10 0 0 0 0 32 11 0 0 0 0 1 0 6 10 0 0 3 0 0 0 0 0 0 0 0 0 3 0 0 0 0 14 0 1 2 0 7 0 0 0 1 0 0 0 0 0 29 14 0 4 18 39 0 1 47 28 0 45 17 13 0 0 25 0 0 0 0 0 0 0 0 0 10 15 0 0 0 0 0 2 2 32 0 0 14 0 0 0 0 0 0 0 0 0 0 0 7 0 0 0 3 0 0 0 2 0 0 0 0 0 0 1 0 0 0 0 0 0 0 0 12 0 0 76 0 2 3 0 0 0 0 0 12 0 0 0 0 0 0 0 0 0 0 3 0 0 0 15 0 0 0 5 0 0 0 0 
 0 0 0 0 0 0 1 0 0 0 0 0 0 0 2 0 0 0 2 2 110 123 117 138 49 184 41 82 109 73 62 533 56 38 284 61 168 0 67 105 91 0 0 3 4 0 60 1 0 0 3 2 0 0 0 0 3 0 0 25 2 15 0 2 4 0 2 0 0 0 3 0 0 6 0 1 3 59 0 0 0 0 2 0 0 0 0 0 0 0 0 0 0 0 0 0 0 0 0 1 0 19 13 33 18 23 0 18 13 18 42 28 0 0 0 13 0 2 0 8 0 0 0 0 0 0 0 10 1 0 0 0 29 0 0 0 18 0 24 35 0 0 0 0 0 0 0 1 0 0 0 0 0 7 4 0 0 0 0 0 0 10 0 0 0 0 0 2 0 0 0 1 0 8 0 0 8 0 0 0 0 28 38 0 37 34 7 0 25 23 16 20 0 0 33 0 19 15 0 0 14 0 1 0 0 0 0 13 2 1 0 0 2 0 0 25 1 19 22 25 0 0 0 0 0 0 12 0 0 2 0 2 0 0 0 21 2 0 0 0 0 0 0 0 0 2 0 0 2 0 0 0 0 0 17 0 6 0 2 2 16 0 0 0 0 0 0 0 0 0 0 0 0 0 0 0 0 0 0 0 0 0 0 0 0 0 0 0 0 0 
 0 0 0 1 65 0 0 1 137 0 1 71 0 3 0 77 1 0 0 0 255 117 326 187 83 42 147 76 121 186 28 108 355 465 141 57 33 67 0 88 0 0 0 3 0 0 0 0 0 0 3 0 0 0 0 0 33 15 2 3 2 0 0 0 2 0 1 0 0 0 2 0 0 17 48 0 9 0 0 0 0 0 0 11 20 26 0 0 0 0 0 0 0 1 0 0 1 8 0 0 0 19 17 0 0 0 47 1 0 10 22 10 25 16 20 0 10 18 3 0 0 0 0 0 0 0 0 0 0 0 0 0 1 0 0 0 0 0 0 0 0 2 0 0 6 0 0 0 0 7 1 6 0 0 0 0 0 0 0 0 0 9 0 0 12 48 0 4 0 26 15 1 5 0 0 31 0 1 0 0 23 35 29 12 0 0 7 9 8 17 12 0 0 10 0 33 12 11 37 10 0 0 0 0 0 2 0 0 0 0 0 0 0 0 0 0 0 0 0 0 0 0 0 0 3 0 0 0 0 0 0 0 0 0 0 0 0 0 0 0 0 0 0 0 0 0 0 0 1 0 0 1 0 0 23 0 0 0 76 1 1 0 0 0 0 0 0 0 0 0 0 0 0 0 0 0 12 0 0 0 0 0 0 0 0 0 0 0 0 0 
 1 0 0 0 0 61 2 0 2 0 2 207 0 0 0 2 2 0 0 0 162 294 90 133 62 42 130 278 67 50 71 113 39 303 145 107 93 105 88 0 0 0 0 3 0 0 0 0 0 0 3 0 1 0 0 0 3 1 71 3 0 0 0 0 2 0 1 0 0 0 2 0 0 2 0 0 3 0 0 0 0 2 0 0 0 0 0 0 0 0 0 0 0 0 0 0 1 0 3 0 19 19 22 0 0 0 12 19 0 10 0 1 23 0 25 18 31 2 0 15 0 0 0 0 2 0 0 0 0 0 0 0 0 0 0 0 1 0 2 0 0 0 0 0 4 0 0 4 0 4 0 3 0 0 3 0 0 0 0 0 0 0 0 0 0 9 2 2 0 0 5 0 0 0 0 0 0 0 0 0 22 0 21 8 0 12 19 19 18 13 30 9 30 11 13 54 15 2 46 1 0 0 0 0 2 0 0 0 0 0 0 0 0 0 0 0 0 0 0 0 0 0 0 0 0 0 0 0 0 0 0 1 0 0 0 1 0 1 0 0 0 0 12 0 0 0 0 0 0 0 0 0 0 0 11 0 0 9 0 1 0 0 8 0 0 0 0 0 0 0 0 0 0 0 0 0 0 0 0 0 0 0 0 0 0 0 0 0 0 0 
 0 0 0 0 0 0 0 2 0 0 0 0 0 0 0 0 0 0 0 0 3 0 0 5 0 20 0 3 0 63 0 0 0 1 56 0 0 91 0 0 0 153 82 119 101 122 103 282 259 118 107 26 145 31 388 23 100 46 39 111 0 2 0 0 0 19 0 0 0 0 0 0 0 0 0 0 0 0 0 0 0 0 0 0 0 0 0 0 0 0 0 0 0 0 0 0 0 11 0 0 0 0 0 7 16 8 0 0 0 0 52 0 0 0 0 0 0 0 0 0 11 24 1 35 8 12 0 3 36 20 13 23 0 0 2 22 1 7 0 0 0 3 0 0 0 0 1 9 6 0 0 0 0 0 0 0 0 0 0 14 0 0 0 0 0 0 4 2 0 0 0 0 0 0 1 0 0 0 0 0 0 15 0 0 0 0 0 0 0 0 0 0 0 0 0 0 0 0 0 0 2 4 22 14 28 26 6 42 9 0 0 4 16 0 72 59 11 13 0 7 9 0 0 0 0 0 16 0 0 0 11 0 0 9 0 0 0 0 1 0 0 0 0 0 0 0 0 0 0 0 0 6 0 0 0 0 0 0 0 0 0 0 70 1 0 24 2 0 0 0 0 0 0 0 0 0 0 0 0 0 0 0 0 0 10 0 0 0 0 0 
 3 3 3 3 3 3 3 3 3 5 3 3 2 5 3 3 3 3 52 3 206 0 0 0 0 5 1 2 1 0 2 3 2 0 0 0 3 0 0 0 153 0 146 110 253 304 74 164 210 14 19 262 44 301 168 253 276 26 135 41 0 2 0 0 0 7 0 0 0 0 0 5 50 0 31 0 0 18 0 0 0 0 0 0 0 0 0 0 0 0 0 0 0 0 0 13 0 0 0 0 0 0 0 0 0 14 0 0 0 0 0 0 0 0 0 0 0 0 0 0 22 19 25 36 0 0 0 20 11 0 13 22 17 23 0 24 0 0 0 7 0 0 0 0 0 24 0 9 12 0 0 1 6 0 0 0 0 0 0 7 0 0 0 0 0 0 0 2 0 0 0 0 0 0 4 0 14 0 0 0 0 0 0 0 0 0 0 0 0 0 0 0 0 0 0 0 0 0 0 19 9 0 0 8 9 0 19 0 0 0 26 32 19 3 48 0 39 10 0 20 0 6 0 0 4 29 15 3 0 0 1 5 0 0 0 0 0 0 3 0 0 0 10 0 0 0 0 0 0 0 0 7 0 0 0 0 0 0 0 0 0 2 76 0 3 2 2 0 0 1 13 0 0 1 0 1 0 0 0 0 0 0 0 0 12 12 0 0 0 0 
 0 0 0 0 0 0 0 0 0 0 0 0 0 3 0 0 3 0 0 5 0 0 0 0 0 0 5 0 0 0 0 0 0 0 0 0 0 0 0 0 82 146 0 699 190 106 284 91 656 134 97 44 66 121 196 268 53 417 35 56 4 1 3 0 0 0 2 205 0 0 0 0 20 0 2 0 3 0 0 0 0 0 0 0 0 0 0 0 0 0 0 0 0 0 0 0 0 0 0 0 0 0 0 0 0 0 0 0 10 0 0 0 0 0 0 0 0 0 0 0 7 13 0 0 37 16 0 0 12 0 0 0 0 1 0 24 23 8 0 0 0 0 0 0 0 0 10 13 2 0 0 0 15 0 8 0 1 0 2 12 19 0 0 0 0 0 0 2 0 2 2 0 0 0 0 0 0 0 0 0 0 0 0 0 0 0 0 0 0 0 0 0 0 0 0 0 0 0 0 0 0 20 5 29 10 19 0 0 32 38 15 29 0 0 0 2 19 30 0 0 12 4 0 0 0 0 16 33 0 0 16 0 29 13 0 11 0 21 30 0 0 0 9 0 0 0 0 0 0 0 0 7 0 1 0 0 0 0 0 0 0 0 1 65 0 8 0 1 0 0 14 0 0 0 0 0 0 0 0 0 0 0 0 0 9 0 0 0 2 10 
 0 0 0 3 0 0 0 0 0 0 0 0 0 0 1 0 0 30 0 0 3 3 3 8 8 17 9 4 3 3 15 3 3 3 2 3 3 3 3 3 119 110 699 0 206 262 369 83 250 136 222 129 46 85 202 254 219 141 46 282 6 2 0 2 0 0 0 0 0 0 0 0 0 0 0 0 0 0 51 0 0 0 0 0 3 0 0 0 0 0 0 0 0 0 0 0 0 0 0 0 0 0 0 0 6 5 0 0 0 0 0 0 0 0 0 0 0 0 0 0 0 31 6 17 51 8 5 0 4 0 21 11 0 0 0 14 9 23 0 0 1 0 0 0 0 15 0 16 0 0 0 0 9 0 11 0 29 0 0 7 0 0 0 0 0 0 0 1 0 1 0 0 0 0 0 0 0 0 0 2 0 0 0 0 14 17 0 0 0 0 0 0 0 0 0 0 0 0 0 0 0 7 23 4 21 27 0 0 36 46 2 1 0 27 0 0 0 8 0 0 8 18 0 0 0 0 6 21 0 0 0 0 0 20 0 0 0 1 13 0 0 0 8 0 0 1 0 0 0 0 0 12 0 1 0 0 0 0 0 0 0 0 13 1 4 3 0 65 2 0 17 0 0 0 0 0 0 0 0 0 0 31 0 0 14 0 0 0 2 0 
 0 0 0 0 0 0 0 0 0 0 2 0 0 3 0 0 64 0 0 0 0 0 6 0 0 0 0 0 0 0 0 2 1 0 1 12 7 4 0 0 101 253 190 206 0 201 42 61 76 453 164 113 52 54 40 54 55 121 62 82 0 1 0 0 1 0 0 1 0 0 1 0 66 0 8 0 0 0 0 57 0 0 0 0 0 0 0 0 0 0 0 0 0 0 0 0 0 0 0 0 0 0 10 0 0 0 0 6 1 5 0 0 0 0 0 1 11 0 0 0 0 0 0 8 3 8 0 0 9 39 7 0 0 0 1 37 21 26 0 1 0 0 0 0 0 0 10 0 0 0 0 0 0 16 2 0 0 0 10 10 0 0 0 0 0 0 4 1 0 2 1 0 0 0 0 18 0 0 0 0 0 10 0 0 0 0 0 3 7 0 2 7 0 0 0 0 3 0 0 0 0 10 18 9 1 15 0 14 19 43 2 10 0 0 0 9 0 23 7 0 15 14 0 0 0 0 0 15 48 9 0 0 4 0 14 16 0 0 55 0 0 0 0 0 0 0 0 0 0 0 0 0 0 1 0 0 0 0 1 2 0 0 0 74 0 13 2 0 0 0 0 0 0 0 0 0 0 0 0 0 0 0 0 0 17 0 0 0 2 0 
 1 0 0 0 0 0 0 0 0 0 0 0 0 0 0 0 0 0 0 0 0 0 0 0 0 0 0 0 0 0 0 0 0 1 0 0 0 0 0 0 122 304 106 262 201 0 105 32 55 154 164 138 38 83 97 44 367 54 453 55 70 1 0 0 0 0 0 0 0 0 0 0 0 0 0 0 0 0 55 0 0 0 0 0 0 0 0 0 0 0 0 0 0 0 0 0 0 0 0 0 0 0 0 0 0 0 0 0 0 0 0 0 0 0 0 0 0 0 0 0 0 20 6 60 20 8 0 0 1 35 35 26 0 0 0 32 30 3 0 0 0 0 0 0 0 0 22 18 19 0 0 0 0 0 11 0 0 0 0 27 0 0 0 0 0 0 4 1 0 12 0 0 0 0 0 0 0 0 0 0 0 12 13 0 0 0 0 0 0 0 0 0 0 0 0 0 0 0 0 0 1 7 0 0 15 13 0 19 1 19 1 11 0 0 0 13 0 30 14 0 17 0 0 0 0 0 25 0 10 11 6 0 0 0 7 19 0 10 3 0 0 0 8 0 0 0 0 0 0 0 0 0 0 0 0 0 0 0 0 4 0 0 0 62 4 19 2 63 0 0 0 0 0 0 0 0 0 0 0 0 0 0 0 0 7 0 0 0 0 0 
 0 0 0 0 0 0 0 3 0 0 1 0 0 4 0 3 6 0 0 0 0 0 0 65 1 84 0 6 1 66 0 0 0 0 55 0 0 60 0 0 103 74 284 369 42 105 0 357 292 21 72 40 204 122 268 110 108 27 67 123 9 2 6 0 0 0 0 0 0 0 4 1 0 0 0 0 0 0 0 0 0 0 0 0 0 0 0 0 0 18 1 0 0 0 0 0 0 0 0 0 0 0 0 6 0 7 0 0 0 0 0 10 0 0 0 0 0 0 0 0 4 13 61 0 6 0 19 14 9 73 2 17 10 42 25 1 23 0 0 20 11 0 0 0 0 0 11 0 0 0 0 0 8 0 9 0 0 0 6 0 0 0 0 0 0 0 0 2 0 0 0 0 0 0 1 0 0 0 0 0 0 0 0 0 0 0 0 0 0 0 0 0 0 0 0 0 0 0 0 0 23 27 0 7 3 1 9 0 6 15 25 18 32 12 19 13 9 32 1 10 0 0 0 0 0 0 0 0 0 0 0 0 0 0 0 4 0 0 8 1 0 0 15 0 0 0 0 0 0 0 0 1 0 0 0 0 0 0 0 11 0 0 0 0 0 1 0 36 2 0 0 0 0 0 0 0 0 0 0 0 0 0 6 0 5 0 0 9 2 0 
 0 0 0 0 0 0 0 0 0 0 0 0 0 0 0 0 0 0 0 0 0 0 0 0 29 0 0 0 0 0 0 0 0 0 0 1 1 1 0 0 282 164 91 83 61 32 357 0 162 107 99 80 175 66 70 109 261 32 73 173 0 4 3 26 0 0 3 2 7 0 5 4 2 0 9 0 3 4 0 0 0 0 0 0 0 0 0 0 0 0 0 0 0 0 0 0 0 0 0 0 0 0 0 1 5 8 0 0 0 60 0 0 0 0 0 0 0 0 0 0 29 0 18 0 0 0 18 8 18 10 12 19 16 0 24 19 0 7 0 15 0 0 0 0 0 0 0 0 10 0 0 6 0 0 0 0 2 0 0 0 0 0 0 0 0 0 2 0 0 0 0 0 0 0 8 0 0 0 0 0 0 0 0 0 0 0 0 0 0 0 0 0 0 0 0 6 0 0 0 0 11 26 33 10 4 0 8 47 0 0 28 0 8 0 10 11 33 1 0 27 0 0 5 0 0 0 0 0 0 0 11 0 0 0 0 0 8 0 0 0 0 0 0 0 0 0 0 0 0 0 0 6 0 0 0 0 0 0 0 15 0 0 0 0 2 14 3 0 0 0 7 0 0 0 0 7 0 0 0 0 0 0 0 0 0 17 0 9 0 0 
 0 0 33 0 0 0 63 0 0 0 0 0 0 0 0 0 0 2 0 0 0 2 0 5 0 0 1 0 0 0 0 0 4 0 6 0 0 0 0 0 259 210 656 250 76 55 292 162 0 151 97 28 294 77 168 407 178 102 139 67 0 3 6 0 1 6 2 0 0 1 0 0 52 0 0 0 0 0 53 1 0 0 0 0 0 0 0 0 0 0 0 0 0 0 0 0 0 0 0 0 0 0 0 0 0 0 0 0 0 0 0 0 0 0 0 0 0 0 0 0 18 1 0 23 8 6 1 0 56 0 13 0 7 10 0 0 2 15 0 10 6 12 0 0 0 0 0 3 4 0 0 0 22 6 6 0 31 0 0 0 0 0 0 0 0 0 0 11 0 7 1 0 0 0 0 0 0 0 0 0 0 0 0 0 0 8 0 0 0 0 0 0 0 0 0 0 0 0 0 0 6 0 10 0 12 11 1 14 15 33 10 27 9 0 16 0 14 10 0 65 1 20 0 0 0 0 16 5 0 0 0 0 3 7 6 0 0 0 11 0 0 0 0 0 0 0 0 0 0 0 0 19 0 0 0 0 0 0 0 1 0 0 64 1 36 3 2 0 2 2 7 0 0 0 0 0 0 0 0 0 0 0 0 0 9 25 0 1 0 0 
 0 0 0 1 0 0 0 0 0 0 0 0 0 0 0 0 0 0 6 0 0 0 5 5 5 7 0 0 7 0 7 0 0 0 0 0 2 0 0 0 118 14 134 136 453 154 21 107 151 0 372 163 259 53 78 90 52 156 63 295 1 6 0 0 2 0 2 4 0 0 54 0 26 2 7 0 2 0 0 0 0 0 0 0 0 0 0 0 0 0 0 0 0 0 0 0 7 0 0 0 0 0 0 6 6 0 0 0 0 0 0 0 0 0 0 0 0 0 0 0 22 12 0 15 70 33 6 26 0 21 1 3 0 0 26 3 30 32 0 0 2 0 0 0 0 0 22 4 0 0 36 0 0 14 11 0 0 0 10 0 0 0 0 0 0 0 0 2 0 5 0 0 0 0 0 0 0 0 0 0 0 0 0 6 6 5 0 0 0 0 0 0 0 0 0 0 0 0 0 0 0 0 8 43 12 16 0 42 9 30 0 3 0 0 0 42 0 25 0 0 10 32 23 0 0 0 1 13 0 0 0 10 8 7 3 20 9 0 0 0 0 0 0 0 0 0 0 0 0 0 0 2 0 0 0 0 0 0 6 9 0 0 4 36 0 0 4 0 0 0 0 0 0 19 0 0 0 0 0 0 0 4 0 0 0 0 0 0 0 0 
 0 0 0 0 0 0 0 0 0 0 0 0 0 0 0 0 0 0 0 0 3 3 3 5 3 3 3 3 3 3 3 3 6 3 4 3 3 3 3 3 107 19 97 222 164 164 72 99 97 372 0 192 41 101 100 70 101 196 253 51 59 1 0 0 0 2 0 0 0 0 48 0 50 0 2 0 0 0 0 0 0 0 0 0 0 0 0 0 0 0 0 0 0 0 0 0 0 0 0 0 0 0 0 0 0 0 0 0 0 0 0 0 0 0 0 0 0 4 0 0 8 13 4 0 18 62 0 5 0 12 1 22 0 3 12 23 19 11 0 0 20 0 0 0 0 0 18 0 0 0 0 0 20 0 17 0 1 0 30 1 0 1 0 0 0 0 0 2 0 4 0 0 0 0 0 0 0 0 0 0 0 0 0 0 0 0 0 17 0 0 0 0 0 0 0 0 0 0 0 0 7 3 14 5 25 27 0 16 41 47 21 8 1 0 0 8 0 30 0 1 0 0 10 1 0 0 6 40 0 0 10 0 37 29 0 19 0 0 40 15 0 0 8 0 0 0 0 0 0 0 0 7 0 1 0 0 0 0 0 4 0 29 3 64 2 0 2 5 0 0 0 0 0 0 0 0 0 0 0 0 0 2 6 0 4 0 0 0 2 0 
 0 0 0 0 0 0 0 4 5 0 0 0 0 3 0 0 0 0 0 0 0 2 0 0 0 0 0 0 0 1 0 0 1 0 0 0 0 2 0 0 26 262 44 129 113 138 40 80 28 163 192 0 109 102 94 18 145 441 31 320 25 1 23 3 3 1 0 0 0 0 52 6 0 0 4 0 0 4 50 74 0 1 0 0 0 0 0 0 0 0 0 0 0 0 0 0 0 0 0 0 1 0 0 0 0 0 0 0 0 0 0 0 0 0 0 0 0 0 0 0 26 0 0 0 27 14 0 0 0 0 0 10 0 0 21 27 0 14 0 11 7 0 46 0 0 0 10 0 26 0 0 6 14 20 19 0 28 0 1 27 0 0 0 0 5 0 0 1 0 0 1 0 0 0 0 0 2 0 0 0 0 0 0 0 0 0 0 0 0 0 0 0 0 0 0 0 0 0 0 0 0 3 3 22 0 19 0 20 20 45 10 11 0 0 0 21 0 0 0 0 0 19 12 11 0 2 0 0 15 0 13 2 52 1 0 0 3 0 26 6 0 0 7 0 0 0 2 0 0 0 0 7 0 0 0 4 0 0 0 11 0 0 1 2 0 0 4 1 6 0 0 0 0 0 0 3 0 0 0 0 0 0 0 0 1 0 0 0 0 0 
 0 0 0 0 0 0 0 0 0 0 0 0 0 3 0 0 0 0 0 0 32 77 1 57 1 126 0 0 62 1 22 24 2 4 62 0 61 0 0 1 145 44 66 46 52 38 204 175 294 259 41 109 0 280 127 49 41 44 82 78 0 11 0 0 1 0 0 0 0 2 0 0 62 5 0 0 2 0 2 0 0 0 0 0 0 0 0 0 0 0 0 0 0 0 0 0 0 0 0 0 0 22 1 0 0 0 0 0 8 0 8 0 0 0 0 0 1 10 0 0 0 0 0 7 19 0 24 0 50 47 15 0 31 12 21 29 0 14 6 0 0 0 1 3 1 0 0 0 0 0 3 0 0 4 0 0 0 0 0 1 0 0 0 0 0 0 8 0 0 0 0 0 0 0 0 0 0 0 0 0 0 0 17 23 9 13 0 0 1 12 0 0 0 0 0 0 1 28 0 0 18 8 9 0 0 1 3 20 0 0 0 1 13 32 0 17 0 0 8 0 0 3 0 14 0 0 3 41 0 0 12 0 0 3 0 0 0 0 0 0 0 0 0 0 0 0 0 0 0 0 0 2 0 2 0 0 0 1 0 10 0 0 0 0 0 21 6 0 0 0 0 0 0 0 0 0 0 0 0 0 0 0 0 0 0 11 0 0 1 0 
 2 2 2 2 2 2 2 2 2 2 2 2 2 2 2 2 2 2 2 2 5 0 0 62 1 11 0 1 62 181 63 0 0 0 0 63 62 0 0 0 31 301 121 85 54 83 122 66 77 53 101 102 280 0 96 100 18 38 181 245 5 1 0 2 0 7 0 3 0 0 0 0 0 0 0 0 0 3 0 0 0 0 0 0 0 0 0 0 0 0 5 0 0 0 0 0 0 0 0 0 0 0 0 0 11 7 0 0 0 0 13 8 0 0 0 0 0 10 0 0 0 1 28 0 15 0 7 5 39 0 17 14 0 1 14 15 0 0 11 8 0 1 0 0 0 4 4 0 0 0 1 0 0 0 6 0 0 0 0 6 0 0 0 0 0 0 8 1 0 0 0 0 0 0 0 0 0 0 0 6 0 0 1 0 10 0 0 0 0 0 0 10 0 0 0 0 0 0 0 0 0 7 11 0 0 18 8 0 12 28 3 0 0 0 0 10 18 1 10 9 0 0 0 0 2 3 0 0 0 0 0 6 0 0 0 0 0 0 0 0 0 0 2 0 0 0 0 0 0 26 0 4 0 0 0 0 0 2 0 2 0 10 0 0 0 1 0 66 0 0 0 24 0 0 0 0 0 0 0 0 0 5 0 0 0 3 0 8 2 0 
 0 0 0 0 0 0 0 0 0 0 0 0 0 0 55 0 0 0 0 0 0 2 0 0 0 226 0 0 0 0 0 0 0 0 0 0 0 0 0 0 388 168 196 202 40 97 268 70 168 78 100 94 127 96 0 174 68 28 62 160 6 6 0 0 0 54 0 0 0 0 1 0 0 0 0 0 0 0 0 4 0 0 0 0 0 0 0 0 0 0 0 0 0 0 0 0 0 0 0 0 0 0 0 0 0 0 0 0 0 0 0 0 0 0 0 0 0 0 0 0 17 19 81 0 9 1 59 5 27 5 7 16 14 14 0 32 22 34 0 7 0 0 0 0 0 0 0 40 24 0 0 0 15 0 16 0 0 0 1 7 0 0 0 0 0 0 0 0 0 0 0 0 0 0 3 0 1 0 0 0 0 0 0 0 0 0 0 0 0 0 0 0 0 0 0 0 0 0 0 0 26 19 20 20 0 12 0 7 3 20 14 0 26 44 17 7 7 15 0 7 4 0 0 0 0 0 0 0 0 0 0 0 0 0 0 0 0 0 6 0 0 0 8 0 0 0 0 0 0 0 0 3 0 0 0 0 0 0 0 10 0 0 0 0 3 8 2 63 0 0 0 0 0 0 0 0 0 0 0 0 0 0 1 0 14 17 0 0 0 0 
 0 0 0 0 0 0 0 0 0 0 0 0 0 41 0 0 0 0 0 0 0 0 0 4 74 0 0 0 0 0 0 0 0 0 0 0 38 0 0 0 23 253 268 254 54 44 110 109 407 90 70 18 49 100 174 0 280 110 159 67 0 2 0 0 0 0 0 0 0 0 0 0 21 0 0 0 0 2 17 0 0 0 0 0 0 0 10 0 0 0 0 0 0 0 0 0 0 0 0 0 0 0 0 0 9 3 0 0 0 0 0 15 0 0 0 0 0 0 0 0 11 31 69 9 15 0 1 21 10 10 17 7 12 40 26 0 7 0 0 9 0 0 3 0 0 0 11 0 0 0 0 0 10 0 0 0 0 0 7 0 0 0 0 0 7 0 0 2 0 0 0 0 0 0 2 0 9 0 0 0 0 0 0 0 0 0 20 0 0 0 0 0 0 0 0 0 0 0 0 0 37 7 4 7 8 29 15 0 24 0 48 60 19 11 11 1 47 20 0 2 0 3 0 0 0 0 0 10 0 0 0 0 24 0 0 0 0 1 13 15 0 0 0 0 0 0 0 0 0 0 0 6 0 0 0 0 0 0 0 1 0 0 1 0 0 1 0 1 0 0 14 0 0 0 0 0 0 0 0 0 0 0 8 0 0 55 0 3 0 0 
 0 0 0 0 0 0 0 0 0 0 0 2 0 0 0 0 0 0 0 2 3 3 4 3 3 3 3 3 3 3 3 3 5 3 3 6 3 3 33 3 100 276 53 219 55 367 108 261 178 52 101 145 41 18 68 280 0 130 118 258 7 0 3 2 0 0 2 0 0 0 6 2 20 0 9 0 2 4 8 0 0 0 0 0 0 0 0 0 0 0 0 0 0 0 0 0 0 0 0 0 1 0 0 0 0 0 0 0 0 0 0 15 0 0 0 0 0 0 0 0 20 1 10 33 16 0 11 1 28 0 0 17 7 10 0 4 0 0 0 9 0 0 0 0 0 0 0 0 26 0 0 17 5 0 0 1 2 0 0 35 0 0 0 0 0 0 0 0 0 0 0 0 0 0 3 2 2 0 0 0 0 0 0 0 0 0 0 0 0 0 5 0 0 0 0 9 0 0 0 0 17 10 10 18 29 0 0 0 0 0 14 30 16 9 17 0 64 6 0 23 0 3 1 0 3 0 20 9 22 0 23 0 19 0 0 0 5 5 10 0 0 0 0 0 0 0 0 0 0 0 0 3 0 0 0 0 0 0 0 17 0 0 2 0 2 2 1 0 0 0 18 0 0 0 0 25 0 0 0 0 0 0 0 0 0 10 0 0 0 0 
 0 0 0 0 0 0 0 0 0 0 0 0 0 0 0 0 0 0 0 69 0 5 0 0 0 0 3 0 0 6 0 8 0 2 0 0 0 0 15 1 46 26 417 141 121 54 27 32 102 156 196 441 44 38 28 110 130 0 66 35 265 1 0 0 0 0 0 0 0 0 52 0 92 0 6 0 7 0 144 260 0 0 0 0 0 0 0 0 0 0 0 0 0 0 0 0 0 0 0 0 1 3 0 0 0 0 0 0 0 1 3 6 1 0 0 0 0 0 0 0 0 0 0 0 20 20 0 0 0 15 0 0 0 0 0 14 8 0 0 0 0 0 0 0 0 0 0 0 10 0 0 0 8 15 24 0 16 0 20 12 0 0 0 0 0 10 0 2 0 0 2 0 0 0 0 0 0 0 0 0 0 0 28 0 0 0 15 4 0 0 1 2 1 1 0 6 0 4 0 10 0 12 0 0 10 14 0 0 30 45 16 11 0 0 0 0 15 12 0 0 0 57 0 0 0 0 6 41 0 0 7 0 15 20 0 0 0 11 70 0 0 0 0 0 0 0 0 0 0 0 0 10 0 1 0 0 0 0 0 3 0 1 3 2 2 7 1 0 0 0 1 0 0 0 0 0 0 0 0 0 0 0 0 0 0 0 0 0 2 0 
 0 0 0 2 0 0 0 0 0 0 0 0 0 3 0 0 0 0 0 0 0 0 1 63 72 0 0 1 0 135 7 4 1 1 87 1 28 0 2 71 39 135 35 46 62 453 67 73 139 63 253 31 82 181 62 159 118 66 0 340 0 0 0 0 0 8 0 0 0 0 0 3 0 0 0 0 0 1 0 0 0 0 0 0 8 0 0 0 0 0 0 0 0 0 0 0 0 0 0 0 0 0 0 0 21 6 0 0 0 0 26 7 0 0 0 0 0 0 0 0 28 16 19 5 0 0 7 13 7 0 0 21 13 14 19 0 8 0 0 13 0 0 0 0 0 15 7 0 0 0 5 0 0 0 0 0 0 0 0 0 0 0 0 0 0 0 0 1 0 0 0 0 0 0 0 0 5 0 0 0 0 0 0 1 21 31 0 0 0 0 0 14 0 0 0 0 0 0 0 0 8 0 8 0 11 0 35 0 5 0 0 9 1 14 2 10 30 10 0 11 0 0 0 0 3 18 0 0 0 0 0 4 0 0 0 0 0 0 0 0 0 0 0 0 0 0 0 0 0 2 0 6 0 0 0 0 0 63 0 2 0 0 1 0 2 4 0 4 0 0 0 0 0 0 0 1 0 0 0 0 0 16 0 0 0 13 0 7 0 0 
 0 0 0 1 0 0 0 0 0 0 0 3 0 0 0 0 0 0 0 0 3 3 3 4 69 133 3 3 96 112 4 3 6 3 3 3 65 25 3 3 111 41 56 282 82 55 123 173 67 295 51 320 78 245 160 67 258 35 340 0 3 4 0 3 0 11 0 0 0 0 0 11 4 0 0 0 0 6 0 0 0 0 0 0 0 0 0 0 0 0 0 0 0 0 0 0 0 0 0 0 0 0 0 16 28 18 0 0 3 0 18 14 0 0 0 0 0 0 0 0 0 20 20 0 0 0 1 43 0 11 10 8 0 14 45 6 0 13 0 3 0 0 0 0 0 2 0 0 0 0 0 4 0 0 0 0 0 0 0 0 0 0 0 0 0 0 0 2 0 0 0 0 0 0 1 0 28 0 0 1 0 0 0 0 35 0 0 0 0 0 0 25 0 0 0 0 0 0 0 0 0 6 18 0 0 0 24 44 21 0 16 0 1 0 10 20 18 0 0 2 0 0 41 0 2 4 0 0 0 0 10 6 0 0 0 0 4 0 0 0 0 0 0 0 0 0 0 0 0 0 0 8 0 0 0 0 0 0 0 0 0 0 3 0 3 3 2 0 2 0 0 0 0 0 0 1 0 0 0 0 13 0 0 0 0 0 0 3 1 0 
 2 2 2 2 2 2 2 2 2 2 2 2 2 2 2 4 2 2 2 2 51 2 0 2 0 0 0 0 0 0 0 0 2 0 0 0 0 2 2 0 0 0 4 6 0 70 9 0 0 1 59 25 0 5 6 0 7 265 0 3 0 95 56 168 150 35 43 275 49 95 232 24 48 71 63 69 142 53 102 30 0 0 0 0 0 0 0 0 0 0 0 0 0 0 0 0 0 0 0 0 0 0 0 0 0 0 0 0 0 8 0 21 0 0 0 0 0 0 0 5 0 11 10 0 34 10 0 0 1 0 6 11 0 0 3 0 5 0 0 0 21 12 14 1 0 0 8 8 6 16 0 0 8 28 14 4 15 33 1 4 0 0 0 25 0 0 0 0 0 0 0 2 0 0 0 0 0 0 0 0 0 0 0 0 0 0 0 0 0 0 0 0 0 0 0 0 0 0 0 0 10 4 0 1 1 0 0 0 0 1 0 3 7 0 0 0 0 2 0 0 28 0 0 9 0 0 1 8 23 4 11 0 26 0 24 15 1 50 0 20 0 0 7 0 0 0 0 0 0 0 0 0 0 0 11 0 0 0 0 0 0 0 0 0 0 0 0 7 0 0 18 0 0 19 2 4 0 0 0 0 0 0 0 0 1 0 0 7 0 0 
