 0 226 60 93 25 248 202 48 258 45 119 235 157 151 457 442 119 34 132 99 0 3 3 2 0 1 3 0 2 3 0 3 2 0 0 5 0 1 0 0 2 3 2 0 3 0 0 0 0 0 0 0 6 1 4 0 0 0 3 0 0 0 2 0 66 0 2 3 0 2 0 0 0 0 1 0 3 3 2 0 51 24 14 9 10 0 1 0 0 13 0 0 0 14 64 10 1 1 20 69 0 0 0 0 0 0 0 0 0 0 0 0 0 0 0 0 0 0 0 0 0 0 0 0 0 0 14 14 0 0 0 0 0 0 0 0 0 0 0 0 0 0 0 0 0 0 0 0 0 2 0 0 0 0 0 0 0 0 0 0 18 13 21 0 0 0 11 23 18 7 0 0 16 10 7 10 1 15 0 8 0 0 0 0 0 15 0 0 0 0 0 0 0 6 0 0 0 0 0 0 0 0 0 0 0 0 0 0 0 0 0 0 0 0 0 0 0 0 0 0 0 0 0 0 0 14 0 0 0 0 0 0 0 0 0 0 0 0 0 0 0 0 0 0 0 2 0 2 6 0 0 15 19 0 0 0 0 0 0 0 0 0 0 1 0 0 0 0 0 0 0 0 0 0 0 0 0 0 0 0 0 0 0 0 0 0 0 0 0 0 
 226 0 105 289 53 123 101 98 63 49 38 129 47 390 263 144 476 40 73 55 0 3 3 2 0 0 3 0 2 3 0 3 0 0 0 0 0 78 0 0 2 3 2 2 3 0 0 0 0 0 2 0 2 0 0 3 0 3 6 0 0 3 2 0 0 0 2 3 0 3 0 2 0 2 0 0 3 3 35 0 28 11 19 0 20 0 13 23 16 0 0 0 19 0 11 11 0 0 22 46 0 0 0 0 0 0 0 0 0 0 0 0 0 0 0 0 0 0 0 0 0 0 0 0 0 0 0 0 0 0 0 0 0 0 0 0 0 0 0 0 0 2 1 15 0 0 0 0 0 29 0 0 0 0 0 0 0 0 0 0 65 0 17 0 0 0 21 21 42 0 0 1 0 0 5 35 12 15 0 0 18 0 0 0 0 0 0 0 0 0 0 0 2 10 14 0 0 0 0 0 0 2 0 0 0 0 0 0 0 0 0 0 0 0 0 0 0 0 0 0 0 0 0 0 0 0 0 1 0 0 0 0 0 1 0 0 0 0 0 0 0 10 0 0 0 0 2 0 3 2 0 5 0 0 0 0 0 0 0 0 0 0 1 0 0 0 0 0 0 2 0 0 0 0 0 0 0 0 0 0 0 0 0 0 0 0 0 0 0 0 
 60 105 0 620 380 342 72 194 219 257 445 52 162 44 54 356 144 227 53 69 1 3 3 114 0 0 3 0 2 3 0 3 0 74 4 0 2 2 164 74 2 3 2 0 3 0 0 0 0 0 0 29 2 1 0 0 0 0 3 27 0 7 8 0 0 0 2 3 0 2 12 0 4 0 0 0 3 3 0 0 0 0 0 9 34 11 0 13 0 0 53 27 0 0 0 34 15 31 0 0 0 0 0 0 1 0 15 0 0 0 0 0 2 30 10 0 0 0 0 16 0 0 0 0 0 0 0 0 0 0 0 0 0 2 0 0 0 0 0 0 0 0 0 8 0 0 0 0 0 0 0 0 0 0 1 0 0 0 0 0 0 10 0 36 69 0 0 10 1 35 36 67 0 0 10 10 10 30 0 10 0 0 0 0 0 0 0 16 0 0 0 0 0 0 0 0 0 0 24 12 0 0 0 0 0 0 0 0 0 0 0 0 0 0 1 0 0 0 0 0 0 0 0 0 2 0 0 0 0 0 0 0 0 0 0 0 0 0 0 0 0 0 0 0 0 89 0 0 0 90 34 13 0 0 0 0 0 0 0 0 0 0 15 0 0 0 0 0 0 0 0 0 0 0 0 0 0 10 0 0 0 0 0 0 0 0 0 0 0 0 
 93 289 620 0 301 178 329 191 101 460 454 204 165 386 368 254 152 154 217 292 0 3 3 2 0 0 158 0 2 5 0 3 0 0 80 0 2 3 188 1 2 5 3 0 6 0 0 0 0 0 0 0 2 3 2 2 0 0 3 0 0 0 3 0 0 0 3 7 0 2 0 3 0 0 0 0 3 3 4 0 14 7 10 7 0 10 0 3 14 22 0 6 0 29 15 0 20 12 15 0 0 1 0 0 0 0 20 0 0 10 0 0 12 8 0 0 0 0 0 33 0 0 0 0 0 0 0 0 0 0 0 0 2 0 0 0 0 0 0 0 0 0 0 8 0 0 0 0 0 0 0 0 0 0 0 0 0 1 0 0 11 19 1 34 19 0 2 29 14 0 30 19 0 0 8 0 13 28 0 46 0 0 0 0 1 0 0 26 10 0 0 0 55 0 2 0 0 0 0 0 0 0 0 0 0 0 1 0 0 0 14 0 0 0 0 16 0 1 0 0 0 0 0 0 0 0 0 0 0 0 0 0 0 0 0 16 0 0 0 0 0 0 0 0 0 2 0 0 2 3 13 6 0 0 0 0 0 0 0 1 0 0 0 0 0 2 0 0 0 0 0 0 0 0 0 0 0 10 0 0 0 0 0 0 0 0 0 0 0 0 
 25 53 380 301 0 361 50 204 160 97 438 49 65 293 150 87 143 130 202 82 36 3 79 37 0 0 3 74 2 3 0 3 109 1 146 0 0 0 81 42 2 3 2 0 3 0 0 0 62 30 0 0 2 1 0 2 0 0 3 0 0 4 2 0 0 0 2 3 0 2 2 0 0 0 0 0 3 3 0 0 0 0 0 25 13 11 0 11 0 0 52 24 0 0 0 20 0 1 0 0 34 3 2 0 0 0 27 8 18 0 1 0 0 8 21 11 13 0 16 18 0 9 0 0 0 0 0 0 0 0 0 0 0 0 0 0 0 0 0 0 0 0 0 0 0 0 2 0 0 0 0 0 1 0 0 0 0 0 0 0 0 0 0 19 1 47 12 1 0 9 0 5 0 0 0 13 1 13 0 0 12 0 33 0 0 0 17 15 0 14 0 0 26 33 20 0 10 0 23 44 0 0 0 0 0 0 15 0 0 0 0 0 0 0 0 0 0 10 0 0 14 0 0 0 0 0 0 0 0 0 0 0 0 0 2 1 0 0 0 0 0 0 0 0 0 3 90 0 1 4 0 3 2 0 0 0 0 0 0 0 0 0 17 0 0 0 0 0 0 0 0 0 0 1 0 0 0 0 0 0 0 0 0 0 0 0 0 0 0 0 
 248 123 342 178 361 0 27 111 126 136 251 274 64 52 64 379 179 47 47 49 0 14 215 15 3 2 16 0 2 3 11 3 232 0 73 0 0 3 5 82 2 3 3 0 3 0 0 0 0 73 0 0 5 3 2 0 0 0 3 0 0 0 3 0 0 0 3 3 0 2 6 1 1 2 2 0 3 3 0 0 0 0 16 11 10 44 1 0 9 32 2 37 0 0 1 9 0 0 0 11 15 0 0 12 2 0 19 0 0 0 0 0 25 14 1 1 0 0 37 47 0 0 0 3 0 0 0 0 0 0 0 21 12 0 0 0 0 0 0 0 0 1 0 0 0 2 0 0 0 0 2 7 0 15 2 0 0 0 0 0 8 15 17 18 0 0 9 1 11 29 0 0 0 6 0 7 15 35 0 0 10 0 5 15 15 0 20 62 19 3 0 0 11 62 0 0 0 31 4 29 0 0 0 5 0 0 0 0 0 0 0 0 0 14 0 0 0 0 0 0 0 0 0 0 0 0 0 0 0 0 0 0 0 0 0 0 0 0 0 2 0 5 0 0 0 7 2 0 1 3 0 11 0 0 0 0 0 0 0 0 0 0 14 0 0 0 0 0 0 0 0 0 0 0 0 10 0 0 0 0 0 0 0 0 0 0 0 0 0 13 
 202 101 72 329 50 27 0 521 311 315 55 73 246 264 159 128 33 77 261 62 0 3 3 2 0 0 3 0 2 4 0 3 0 0 0 0 1 0 0 0 2 3 3 2 24 0 0 1 1 2 2 0 2 1 71 3 0 5 6 0 0 3 2 0 0 0 2 3 0 3 0 2 10 2 3 0 3 3 19 10 21 9 23 12 0 0 7 24 1 41 0 0 16 36 21 0 29 12 30 0 0 0 0 0 0 0 0 0 0 0 0 0 0 0 0 0 0 0 0 0 0 0 0 0 0 0 0 0 0 0 0 2 0 0 0 0 0 0 0 0 2 0 0 0 0 0 0 0 0 16 0 0 0 0 0 0 0 0 0 0 21 20 10 2 0 0 0 0 2 0 47 20 2 0 19 13 13 13 15 15 0 0 0 0 0 30 0 0 14 0 0 2 0 0 0 0 0 0 0 0 0 0 0 0 0 0 0 0 0 1 0 0 0 0 0 0 0 0 0 22 1 0 0 0 0 0 4 0 4 0 0 0 0 0 0 0 0 0 0 0 0 2 0 0 0 2 117 1 0 0 2 5 10 0 0 0 0 0 0 0 0 0 0 0 0 0 0 0 0 0 0 0 0 0 0 0 0 0 0 0 0 0 0 0 0 0 0 0 0 0 
 48 98 194 191 204 111 521 0 403 304 158 221 233 503 340 56 416 303 52 116 0 3 3 2 0 0 3 0 4 3 0 3 0 0 2 0 0 0 75 2 2 3 2 0 3 0 0 0 0 0 0 0 5 2 0 0 0 0 3 0 0 0 3 0 0 0 2 3 0 2 0 0 0 0 0 0 3 3 12 104 15 8 0 22 0 0 21 46 14 0 19 18 22 25 21 13 26 12 29 0 0 0 0 0 0 0 0 0 0 0 0 0 0 0 0 0 0 0 10 0 0 0 0 0 0 2 0 0 0 0 0 0 0 0 0 0 0 0 0 0 0 0 0 0 0 0 0 0 0 6 0 0 2 2 0 0 10 0 0 0 50 16 0 17 32 0 13 0 0 7 30 14 0 0 17 27 11 61 0 9 0 0 1 0 0 0 0 0 0 0 0 0 10 0 0 0 0 0 10 9 0 0 0 0 0 0 0 0 0 0 0 0 0 0 0 0 0 0 1 0 0 0 0 0 0 0 0 0 0 0 0 0 0 0 0 0 0 0 2 0 0 0 0 0 0 0 1 0 88 0 28 5 4 0 0 0 0 0 0 0 0 0 30 0 0 0 0 0 0 0 0 0 0 0 0 0 9 0 0 0 0 0 0 0 0 0 0 0 0 0 
 258 63 219 101 160 126 311 403 0 456 34 243 377 174 385 399 177 155 67 67 0 3 3 2 0 21 3 0 2 3 0 3 0 0 0 0 0 2 75 0 2 3 2 0 3 0 0 64 0 0 0 0 2 1 0 0 0 0 3 0 0 0 2 0 0 0 2 3 0 2 0 0 17 0 0 0 3 3 0 0 33 0 2 0 11 21 0 35 12 5 45 21 0 0 0 13 2 72 0 0 0 4 0 0 0 0 0 0 0 0 0 0 15 34 2 0 0 0 0 0 0 0 0 0 0 0 0 0 0 0 0 0 0 0 0 0 0 0 0 0 0 0 0 2 0 0 0 0 0 0 0 0 0 0 0 0 0 0 0 0 15 29 11 10 9 0 0 8 0 48 2 55 0 9 38 0 14 35 23 6 0 0 15 0 0 0 0 0 0 0 0 0 0 1 0 0 0 0 53 11 0 0 0 0 0 0 0 0 0 0 0 0 0 0 0 0 0 0 0 0 0 0 0 0 0 0 0 0 0 0 0 0 0 0 0 0 0 0 0 0 0 0 0 0 0 0 89 0 48 178 3 2 0 0 0 0 0 0 0 0 0 0 0 0 0 0 0 0 0 0 0 9 0 0 0 19 10 9 0 0 0 0 0 0 0 0 0 0 0 21 
 45 49 257 460 97 136 315 304 456 0 80 269 152 101 317 796 77 56 71 172 0 4 3 2 0 0 211 0 2 1 2 3 0 0 0 0 0 2 117 1 2 3 2 0 3 0 0 0 0 0 0 0 69 0 2 0 0 0 3 0 0 0 34 59 0 0 2 3 0 2 0 0 0 0 1 0 3 3 4 0 16 8 97 0 0 34 16 0 20 38 0 25 0 13 13 50 22 28 14 0 0 0 0 0 0 0 7 0 0 0 0 0 11 14 0 0 0 0 22 27 0 0 0 1 0 0 0 0 0 0 0 0 0 0 0 0 0 0 0 0 0 2 0 0 0 1 0 0 0 0 1 1 0 0 1 0 0 0 0 0 13 29 12 3 13 0 0 0 0 16 21 26 0 6 24 1 14 17 20 0 0 0 0 2 0 0 0 0 0 0 0 0 0 0 0 0 0 0 2 0 0 0 0 0 0 16 0 0 0 0 0 0 5 0 0 0 0 0 0 0 0 0 0 0 2 0 0 0 0 0 0 0 0 0 0 0 0 0 0 1 0 0 0 0 0 3 87 0 2 0 14 12 19 0 0 0 0 0 0 0 0 0 0 0 0 0 0 0 0 0 0 0 0 2 0 54 6 0 0 0 0 0 0 0 0 0 0 0 0 12 
 119 38 445 454 438 251 55 158 34 80 0 149 26 425 165 113 185 154 173 250 0 3 5 5 0 0 3 0 2 3 82 3 24 3 3 0 2 0 76 103 4 3 4 2 3 0 0 0 0 36 0 0 5 2 63 0 3 0 3 3 2 2 2 1 0 0 2 3 0 4 0 0 8 0 2 0 3 3 0 0 0 0 15 47 4 16 0 24 27 24 51 46 0 0 0 19 0 41 0 0 0 0 0 0 0 0 29 9 19 0 13 0 2 19 9 0 0 0 31 10 2 0 16 0 0 0 0 0 0 0 0 0 0 0 0 0 0 0 0 0 0 0 2 0 0 0 0 0 0 0 0 4 0 0 0 0 0 0 0 0 0 14 41 20 23 10 15 4 5 42 10 14 0 0 0 8 0 18 0 0 5 0 0 0 0 0 0 19 0 0 0 0 29 2 13 0 9 0 78 20 0 1 0 0 0 0 0 0 0 0 0 0 0 0 0 0 0 0 0 0 0 0 0 0 0 0 0 2 0 0 0 0 0 2 0 16 0 0 0 0 0 0 0 0 0 2 2 1 0 2 0 18 0 0 0 0 0 0 0 0 0 0 8 0 0 0 0 0 0 1 0 0 0 0 0 0 0 0 0 0 0 0 0 0 0 0 0 0 0 0 
 235 129 52 204 49 274 73 221 243 269 149 0 131 170 86 164 231 167 34 34 0 6 6 2 0 0 3 9 3 6 2 5 1 0 28 0 0 0 26 0 2 3 2 0 3 3 3 2 0 0 0 0 2 2 3 0 0 0 5 0 0 0 3 0 0 0 2 3 0 2 0 4 3 3 2 0 3 3 4 0 18 10 19 35 16 29 1 18 34 25 0 22 0 26 11 53 32 0 0 0 0 0 0 0 0 14 7 0 19 30 0 0 21 15 1 0 0 0 14 7 0 0 0 0 0 0 0 0 0 0 0 0 0 0 0 0 0 0 0 0 0 0 0 0 0 0 0 0 0 0 0 0 0 7 0 0 0 0 0 0 13 33 39 1 0 0 0 0 0 41 12 7 0 6 16 0 13 18 0 9 0 0 0 0 0 0 0 0 19 0 0 0 15 2 14 0 1 20 1 0 0 2 0 0 0 2 0 0 0 0 0 0 0 0 0 0 0 0 0 0 0 0 0 0 0 0 0 1 0 0 0 0 8 10 0 0 0 0 0 0 0 0 0 0 0 2 3 1 84 2 2 16 16 0 0 0 0 0 0 0 2 0 0 0 0 0 0 0 0 0 0 0 0 0 0 17 0 0 0 0 0 19 0 0 0 0 0 0 0 0 
 157 47 162 165 65 64 246 233 377 152 26 131 0 84 237 220 48 30 96 233 0 3 3 2 81 2 3 0 2 2 0 3 0 0 1 0 0 0 0 0 2 3 2 0 3 0 0 0 0 0 0 0 2 1 0 0 1 0 3 0 0 0 2 0 0 0 2 35 0 2 0 0 0 0 52 0 3 3 7 35 13 22 9 3 0 20 33 0 1 13 0 13 0 34 21 9 46 6 9 0 0 0 0 0 11 0 0 0 13 0 0 0 1 0 0 1 0 0 11 0 0 0 2 0 0 0 0 0 5 0 0 0 0 0 0 0 0 0 0 0 0 0 0 4 0 0 0 0 0 0 0 0 0 0 0 0 0 0 0 0 10 37 13 11 0 0 0 9 0 0 13 21 0 9 10 1 36 60 13 24 0 0 0 0 0 0 0 0 0 0 0 0 0 0 0 1 0 0 0 0 0 0 0 0 0 0 0 0 0 0 0 0 1 0 0 0 0 0 1 0 0 0 0 2 0 0 0 0 0 0 0 0 0 0 0 0 0 0 0 0 0 0 0 0 0 1 0 0 2 0 1 11 13 0 0 0 0 0 0 0 0 0 0 0 0 0 0 0 0 0 0 0 0 0 0 12 0 2 0 0 0 0 0 0 0 0 0 0 0 0 
 151 390 44 386 293 52 264 503 174 101 425 170 84 0 370 126 155 23 293 182 0 3 3 4 2 0 3 1 2 3 0 3 0 0 0 0 2 3 0 0 2 3 2 0 3 0 0 0 0 0 0 0 2 1 0 0 0 0 3 0 0 0 2 0 0 0 2 3 0 2 33 0 0 0 44 0 3 83 6 0 28 30 28 39 1 2 10 1 14 19 5 0 0 27 42 18 19 0 17 27 13 0 2 0 0 0 7 8 0 0 0 0 15 3 0 0 0 0 0 0 0 0 0 0 0 0 0 0 0 0 0 0 0 0 0 0 0 0 0 0 0 0 0 0 0 0 0 0 18 6 0 0 1 0 0 0 0 0 0 0 9 12 17 0 0 0 45 31 17 1 0 10 0 0 10 54 0 12 18 11 0 0 0 0 0 0 0 0 0 0 0 0 0 0 0 0 0 0 0 1 0 0 0 0 0 0 0 0 0 0 0 0 0 0 0 0 0 0 0 0 0 7 0 0 0 0 0 0 0 0 0 0 0 0 2 1 0 0 0 0 0 0 0 0 0 2 85 0 0 0 2 4 0 0 0 0 0 0 0 0 0 0 0 0 0 0 0 0 0 0 0 0 0 2 0 0 0 0 0 0 0 0 0 0 0 0 0 0 0 0 
 457 263 54 368 150 64 159 340 385 317 165 86 237 370 0 72 136 140 141 338 3 3 3 2 0 0 3 0 4 2 0 3 0 0 2 2 0 0 15 1 2 3 2 0 3 2 0 0 0 0 0 0 4 1 0 0 0 1 5 2 2 2 2 0 0 0 2 3 3 2 2 58 0 0 0 0 3 3 5 0 11 34 12 20 15 1 12 18 22 9 31 0 17 24 55 39 38 0 12 14 0 0 1 0 0 0 0 0 0 0 0 0 0 0 1 0 0 0 0 0 0 0 0 0 0 2 0 0 0 0 0 0 0 0 0 0 0 0 0 0 0 0 0 1 0 0 0 0 0 4 0 0 2 2 0 0 0 0 0 0 19 25 32 16 0 0 0 11 13 0 10 10 0 0 1 20 13 10 21 5 0 0 0 0 0 0 0 0 0 0 0 0 0 0 0 0 0 0 0 2 0 0 0 0 0 0 0 0 0 0 0 0 0 0 0 0 0 0 0 0 0 0 0 0 0 0 0 0 0 0 0 0 0 0 1 2 0 0 0 0 0 0 0 0 0 0 1 0 3 2 2 18 13 0 2 0 0 0 0 0 0 0 0 0 0 0 0 0 0 0 0 0 0 0 0 1 0 1 0 0 0 0 0 0 0 0 0 0 0 0 
 442 144 356 254 87 379 128 56 399 796 113 164 220 126 72 0 63 365 136 174 0 3 5 2 0 0 77 0 2 2 0 3 78 1 0 0 0 0 0 49 2 3 2 0 3 64 0 0 0 0 0 0 2 1 0 0 0 0 3 0 0 0 2 0 0 0 2 3 0 2 0 0 7 0 0 0 3 3 0 0 17 0 2 13 28 9 0 29 1 34 34 19 0 0 1 49 1 27 16 8 0 0 0 0 0 0 0 0 0 3 0 0 12 12 0 0 0 0 0 1 0 0 0 0 0 0 0 0 0 0 0 1 0 0 0 0 0 0 0 0 0 0 0 10 0 0 0 0 0 0 0 0 0 0 0 0 0 0 0 0 20 23 40 0 22 0 0 33 9 13 12 15 0 29 24 0 1 16 0 25 0 0 0 0 0 0 0 0 0 9 0 1 1 0 0 0 0 1 10 0 0 0 0 0 0 0 0 0 0 2 0 0 0 0 0 2 0 0 0 0 0 0 0 0 0 0 0 0 0 0 0 0 1 0 0 0 0 0 0 0 0 1 0 0 0 0 2 0 91 0 1 6 0 0 0 0 0 0 0 0 0 0 0 0 0 0 0 0 0 0 0 0 0 0 0 11 12 21 0 0 0 0 0 0 0 1 0 0 0 0 
 119 476 144 152 143 179 33 416 177 77 185 231 48 155 136 63 0 195 60 42 0 3 7 2 0 0 4 0 4 3 0 3 0 6 0 4 0 0 73 77 2 3 2 0 9 6 0 0 6 0 0 0 2 2 2 0 0 0 3 0 0 6 7 0 0 0 8 4 36 2 1 0 4 4 0 0 3 3 0 0 16 0 18 16 54 8 13 20 40 15 19 52 0 0 0 28 0 33 0 0 0 0 2 0 0 0 8 0 0 0 0 0 0 25 0 10 0 0 14 14 0 0 0 0 0 1 0 0 0 0 0 16 0 0 0 0 0 0 0 0 0 0 0 0 0 0 0 0 0 0 0 5 1 0 0 0 0 0 12 0 9 12 23 0 28 0 0 2 12 44 19 13 0 0 17 0 22 23 0 0 8 0 1 0 0 0 0 0 0 0 0 0 16 0 13 0 0 13 16 0 0 0 0 0 0 0 0 0 0 0 0 0 0 0 0 0 0 0 0 0 0 0 0 0 0 0 0 0 0 0 0 0 0 0 2 1 0 0 1 0 0 19 0 0 0 4 87 1 90 86 1 12 0 0 0 0 0 0 0 0 0 0 0 0 0 1 0 0 0 0 0 0 0 0 0 0 0 0 0 0 0 0 0 0 0 0 0 0 0 1 
 34 40 227 154 130 47 77 303 155 56 154 167 30 23 140 365 195 0 43 36 2 3 3 2 0 0 3 1 2 3 0 11 0 1 0 0 0 0 0 75 2 3 2 0 3 0 0 0 0 0 0 0 2 1 0 3 0 0 3 0 0 4 2 0 0 0 2 5 0 2 0 0 39 0 3 0 3 3 0 0 14 7 9 20 30 9 0 47 2 35 48 20 14 14 11 20 26 100 22 0 0 0 0 0 0 0 0 0 0 0 0 0 0 13 0 0 1 0 0 0 1 0 0 0 0 0 0 0 0 0 0 0 0 0 0 0 0 0 0 0 0 0 1 11 0 0 0 0 0 0 0 0 0 6 0 0 0 0 0 0 33 46 2 20 9 0 0 0 0 26 1 10 0 1 12 11 21 19 0 14 0 0 0 0 0 0 0 0 0 0 11 0 2 2 0 0 0 0 56 13 0 2 0 0 0 6 0 0 0 0 0 0 0 0 0 0 0 0 0 0 0 1 0 0 0 0 0 1 0 0 0 0 0 0 0 0 0 0 0 0 0 0 0 0 0 0 1 0 5 91 1 11 0 0 0 0 0 0 0 0 0 0 18 0 0 0 0 0 0 0 0 0 0 0 0 0 10 0 0 0 0 0 0 0 0 0 0 0 0 0 
 132 73 53 217 202 47 261 52 67 71 173 34 96 293 141 136 60 43 0 157 0 3 11 4 0 0 3 0 4 3 0 3 0 0 0 0 1 2 0 0 2 3 2 3 3 0 0 3 0 14 3 0 2 1 0 17 2 2 5 0 3 3 2 0 0 0 2 4 0 14 0 2 5 2 0 0 3 5 14 33 0 21 12 9 0 0 18 0 19 17 24 0 18 0 70 0 31 9 22 9 0 2 0 0 0 0 0 0 0 0 0 0 0 0 0 0 0 0 0 0 0 0 0 0 0 14 0 0 0 0 0 0 1 0 0 0 0 0 0 0 17 0 0 1 0 0 0 0 0 0 0 0 0 0 0 0 0 2 0 0 6 16 13 0 0 0 21 0 0 8 0 0 0 17 7 10 0 0 0 0 0 0 0 0 2 0 0 0 0 0 0 0 0 0 0 0 0 0 0 0 0 0 5 0 0 0 2 0 0 0 0 0 0 0 0 0 0 2 0 0 0 0 0 0 0 0 0 0 0 0 17 0 0 0 0 0 0 9 0 0 0 0 0 0 0 0 2 1 0 0 0 7 0 0 0 1 0 0 0 0 0 0 0 0 0 0 0 0 0 0 0 0 0 0 0 0 1 0 0 0 0 0 0 0 0 0 0 0 0 0 
 99 55 69 292 82 49 62 116 67 172 250 34 233 182 338 174 42 36 157 0 0 3 3 2 0 0 4 0 3 0 0 3 0 0 2 0 0 0 0 0 2 3 2 0 3 0 0 0 0 0 3 0 2 1 0 0 0 0 3 0 0 0 2 0 0 0 2 3 4 2 0 0 0 2 0 0 3 3 3 0 15 9 1 12 0 0 38 11 13 1 1 13 4 0 36 8 26 1 15 0 0 0 0 0 0 0 1 0 0 0 0 0 0 2 0 0 0 0 11 4 0 0 0 0 0 1 0 1 0 0 0 0 0 0 0 0 0 0 0 0 0 0 10 9 0 0 0 0 0 5 0 0 0 0 0 0 0 0 0 0 17 0 0 11 0 0 37 0 0 16 10 8 13 30 15 11 15 2 0 22 0 0 0 0 0 0 0 0 0 0 0 1 0 0 0 0 0 1 0 0 0 0 5 0 0 0 0 0 0 2 0 0 0 0 0 2 5 0 0 0 0 0 0 0 0 0 0 0 0 0 0 0 0 0 0 0 0 0 0 0 0 1 0 0 0 1 4 4 2 2 2 12 7 0 0 1 0 0 0 0 0 0 0 3 0 0 0 0 0 0 0 0 0 0 0 6 0 0 0 0 0 0 0 0 0 1 0 0 0 0 
 0 0 1 0 36 0 0 0 0 0 0 0 0 0 3 0 0 2 0 0 0 159 73 125 36 32 134 61 135 43 33 100 303 138 216 23 29 320 37 63 2 6 0 2 0 0 0 0 0 2 0 0 3 2 0 0 3 0 64 9 13 2 0 0 51 0 0 0 0 2 0 0 2 0 3 0 0 0 0 3 0 0 0 18 46 0 0 0 0 0 18 0 0 0 0 0 0 0 0 0 27 39 9 14 10 10 23 18 10 0 15 20 32 41 4 0 0 18 0 8 21 0 0 0 0 0 2 0 0 0 0 2 19 0 0 2 0 0 10 0 0 0 26 0 0 0 5 7 0 0 0 0 0 0 0 0 0 0 0 0 0 0 5 0 1 26 0 0 0 0 0 0 0 0 0 0 6 0 0 0 51 2 39 61 0 0 26 34 8 0 3 0 0 19 0 34 8 0 11 30 8 0 0 0 9 0 0 0 0 0 0 0 0 6 0 0 0 0 11 0 2 0 0 0 0 1 0 0 1 0 0 0 0 0 0 0 0 0 0 0 0 0 0 0 0 0 74 0 0 74 0 0 0 0 7 1 0 0 0 2 0 0 0 0 0 0 0 0 0 0 0 0 0 0 0 0 0 0 0 0 0 0 0 3 0 16 20 0 0 0 
 3 3 3 3 3 14 3 3 3 4 3 6 3 3 3 3 3 3 3 3 159 0 163 189 335 18 246 121 198 343 569 241 62 52 88 91 180 129 35 129 64 0 0 2 0 0 0 0 1 2 0 0 3 2 0 0 3 2 65 2 23 2 0 0 0 0 0 0 0 2 0 0 2 0 3 0 0 0 0 3 0 0 0 2 0 16 0 22 0 0 0 0 0 0 0 0 0 0 0 0 42 29 8 11 2 19 0 1 22 0 50 14 0 13 0 0 22 0 35 7 10 6 0 0 0 0 11 0 16 0 0 0 0 0 0 0 0 0 9 21 0 0 8 0 0 19 0 0 5 0 0 0 0 0 0 0 0 0 0 0 0 0 0 0 0 0 0 0 0 0 0 0 0 0 0 0 0 0 0 0 0 32 0 21 11 0 0 1 13 23 46 20 0 0 16 0 16 38 0 0 0 16 0 0 0 0 8 0 0 0 2 0 1 0 0 0 0 0 1 11 0 0 0 0 0 0 0 0 0 0 0 0 0 0 0 0 2 0 0 9 0 0 11 0 0 0 0 0 0 0 0 0 0 0 1 2 1 3 1 0 1 11 0 0 0 0 0 0 0 0 0 0 0 0 0 0 0 0 0 0 0 32 0 0 0 8 0 0 0 1 
 3 3 3 3 79 215 3 3 3 3 5 6 3 3 3 5 7 3 11 3 73 163 0 230 265 43 499 455 199 229 404 268 218 242 67 221 264 176 291 204 2 1 0 2 0 4 0 4 2 4 0 0 3 3 1 0 6 0 0 4 2 5 0 3 0 0 0 2 0 3 0 0 2 3 3 0 0 3 0 3 0 0 0 0 3 10 0 0 0 0 0 0 0 0 2 2 1 0 1 0 16 0 18 37 0 8 1 13 31 12 1 1 0 0 21 34 30 24 19 32 0 0 0 0 0 0 10 0 0 0 0 0 0 0 0 0 0 0 0 0 0 0 3 0 0 0 5 0 0 0 0 0 0 0 0 0 2 0 8 0 0 0 0 0 0 4 0 0 0 0 0 0 0 0 0 0 0 0 2 0 9 0 11 8 19 0 12 0 32 27 15 0 4 0 31 1 10 0 0 10 0 0 0 0 2 0 1 0 0 12 0 0 0 0 0 0 0 9 37 0 0 0 0 0 0 0 0 0 0 0 0 0 1 0 0 0 0 0 0 0 0 0 0 0 0 0 0 0 0 0 0 0 0 0 2 2 2 0 5 1 5 0 0 0 0 0 9 0 0 0 0 0 0 0 0 0 0 2 0 0 0 0 0 0 0 0 0 0 0 0 
 2 2 114 2 37 15 2 2 2 2 5 2 2 4 2 2 2 2 4 2 125 189 230 0 92 252 373 301 524 231 308 52 346 197 97 284 297 124 78 64 2 8 0 8 6 0 0 7 0 2 0 0 62 3 0 4 3 0 19 65 3 5 0 0 0 0 0 4 0 3 0 4 2 0 3 0 0 0 0 3 0 0 0 0 0 0 0 0 0 0 0 0 0 0 0 0 0 0 0 0 0 0 28 23 24 19 0 73 28 31 9 23 0 1 25 55 26 26 0 0 0 2 0 0 13 0 13 11 0 0 0 0 20 0 0 0 0 0 2 5 0 0 0 1 0 0 0 0 0 0 0 0 0 0 0 0 12 0 1 0 0 0 0 5 0 0 0 0 0 0 0 0 0 0 0 1 0 0 0 0 0 25 25 8 11 11 35 0 22 14 0 32 0 9 8 61 37 9 0 2 0 0 0 0 0 0 24 0 0 0 0 0 0 8 0 0 0 0 28 0 16 0 0 0 7 0 0 0 0 0 0 0 0 0 0 0 0 0 18 0 0 0 0 0 0 0 0 0 0 0 0 0 0 0 6 2 1 0 1 2 13 0 0 0 0 0 1 0 0 0 0 1 0 0 0 0 0 0 0 17 0 0 0 0 0 0 11 0 0 0 
 0 0 0 0 0 3 0 0 0 0 0 0 81 2 0 0 0 0 0 0 36 335 265 92 0 83 254 290 172 180 284 366 92 64 83 135 186 346 59 69 2 0 0 25 0 21 3 0 21 2 4 21 3 67 69 82 4 12 1 1 4 3 0 0 50 5 0 0 0 2 0 0 4 0 5 4 0 50 0 3 0 0 0 0 0 0 0 0 0 10 0 0 0 0 0 0 0 0 0 0 0 29 0 1 6 4 0 0 40 13 35 12 0 1 0 0 17 0 0 0 48 0 0 0 0 0 18 2 13 39 15 0 18 0 0 3 38 0 14 23 0 2 0 1 0 0 0 0 22 0 0 0 0 0 0 0 2 0 1 0 0 0 0 0 0 0 0 0 0 0 0 0 0 0 0 1 0 0 0 0 0 9 0 12 0 4 0 9 0 0 39 10 0 0 0 1 0 28 0 0 22 35 0 0 0 0 0 0 0 0 0 13 25 6 0 18 4 15 0 31 0 0 0 0 0 0 0 0 0 0 0 0 0 0 0 0 0 0 0 0 0 19 0 0 0 0 0 0 0 0 0 0 0 0 0 0 0 119 2 0 0 3 0 21 0 0 0 0 0 0 0 0 0 0 0 0 0 0 0 0 0 7 4 14 0 0 0 0 0 0 
 1 0 0 0 0 2 0 0 21 0 0 0 2 0 0 0 0 0 0 0 32 18 43 252 83 0 38 50 121 124 147 200 254 272 298 143 136 120 35 68 3 66 0 65 0 0 0 49 64 25 0 0 65 3 0 0 66 21 67 63 3 3 0 0 0 37 0 0 0 2 0 0 2 0 4 4 0 0 0 3 0 0 0 0 1 0 0 0 0 0 0 0 0 0 0 0 10 0 0 0 0 0 2 0 25 1 0 0 17 12 0 0 0 2 0 14 57 10 0 0 42 0 35 0 0 0 15 2 19 28 15 12 50 1 25 11 33 19 1 28 0 0 0 2 0 0 0 0 0 0 0 0 0 0 5 0 0 0 0 0 0 0 0 0 0 0 10 0 0 0 0 0 0 0 0 2 0 0 0 0 0 13 17 0 8 10 0 0 9 0 10 25 0 0 0 13 0 19 1 0 11 16 0 3 14 1 21 0 20 0 0 51 19 3 0 35 9 0 11 27 0 0 0 0 2 0 0 0 0 6 0 0 0 0 0 0 0 0 20 0 0 0 13 0 0 0 0 0 0 0 0 0 0 0 1 0 0 85 0 0 1 0 0 0 0 0 0 0 0 0 19 2 0 0 0 0 0 0 0 13 0 0 4 0 0 0 0 0 0 0 
 3 3 3 158 3 16 3 3 3 211 3 3 3 3 3 77 4 3 3 4 134 246 499 373 254 38 0 334 127 78 75 52 224 198 266 132 38 465 89 209 2 0 0 2 0 0 0 0 0 2 0 0 3 5 0 0 3 1 3 1 3 3 53 0 0 0 0 0 0 2 0 0 2 0 3 0 0 0 0 3 0 0 0 0 38 8 0 0 0 0 0 18 0 0 0 18 0 12 0 0 14 9 17 9 0 27 0 35 19 36 0 23 17 21 44 0 14 0 0 0 0 0 0 0 0 0 0 0 0 0 0 0 20 0 0 0 0 0 0 0 0 0 23 0 0 0 4 0 2 0 0 0 1 0 0 0 0 11 7 0 0 0 0 0 4 0 0 0 7 0 2 0 0 0 0 0 0 0 0 0 17 0 42 27 2 0 41 0 66 9 26 0 10 4 3 20 0 0 0 4 0 0 0 0 0 0 0 0 0 0 1 0 0 55 0 9 0 0 3 0 0 0 0 0 0 0 0 0 0 0 0 8 0 0 0 0 0 0 12 0 0 0 0 0 0 0 0 0 0 0 0 0 0 0 3 0 2 0 5 0 2 0 0 0 0 0 0 0 0 0 0 0 0 0 0 0 0 0 0 0 0 0 0 0 0 14 15 0 0 1 
 0 0 0 0 74 0 0 0 0 0 0 9 0 1 0 0 0 1 0 0 61 121 455 301 290 50 334 0 89 159 307 318 125 189 66 339 147 361 131 146 2 7 2 2 1 0 0 0 0 2 0 0 3 3 0 0 72 0 63 1 3 6 0 0 0 0 0 0 0 2 0 4 2 0 4 0 0 0 0 3 0 0 0 0 2 0 0 0 0 0 0 0 0 0 0 0 0 0 0 0 14 11 0 21 37 1 0 21 14 34 32 30 0 0 0 56 22 48 0 0 2 0 0 0 0 0 1 8 0 0 0 0 10 0 0 0 0 0 1 8 0 0 0 0 0 0 0 0 6 0 0 0 0 0 0 0 4 0 0 0 0 0 0 2 0 3 0 0 11 0 0 0 10 0 0 0 0 0 0 0 9 17 31 15 0 26 1 6 6 14 18 5 3 8 27 17 19 9 0 0 9 1 0 0 0 0 30 9 0 0 0 0 17 0 0 0 0 0 11 9 10 0 0 0 0 0 0 0 0 0 0 0 0 0 0 0 0 0 0 0 0 0 0 0 0 0 2 0 0 0 0 0 0 0 4 0 3 8 1 1 11 0 0 0 0 0 11 0 0 0 0 1 0 0 0 0 0 0 0 10 0 8 0 0 0 0 0 0 0 0 
 2 2 2 2 2 2 2 4 2 2 2 3 2 2 4 2 4 2 4 3 135 198 199 524 172 121 127 89 0 178 51 336 420 92 169 318 109 57 296 159 2 0 0 3 0 0 0 0 0 4 0 0 2 3 0 0 4 0 0 1 3 3 0 0 0 9 0 0 0 3 0 0 2 0 3 0 0 0 0 3 0 0 0 0 18 0 14 0 0 0 0 26 0 0 0 0 0 0 0 0 19 18 16 0 0 11 0 20 74 10 37 1 6 14 66 0 28 0 48 0 4 0 0 0 0 0 16 0 12 0 0 0 0 0 6 0 20 0 0 11 0 0 0 0 0 0 4 0 0 0 0 0 0 0 0 0 0 0 7 0 0 0 0 1 0 9 0 0 5 0 0 0 0 0 0 0 0 0 0 0 39 12 18 15 29 0 11 6 80 0 26 4 14 5 12 21 33 43 6 16 0 17 0 0 0 0 0 0 0 0 0 0 0 1 0 0 0 0 0 0 0 0 0 0 0 0 0 0 0 17 0 0 0 0 0 0 0 0 0 20 0 0 2 0 0 0 0 0 0 0 0 0 0 0 4 2 2 77 40 0 5 0 0 0 0 0 0 0 0 0 0 0 0 0 0 0 0 0 0 0 0 32 0 0 0 1 0 0 0 0 
 3 3 3 5 3 3 4 3 3 1 3 6 2 3 2 2 3 3 3 0 43 343 229 231 180 124 78 159 178 0 311 383 67 175 195 85 374 175 90 105 4 3 2 2 4 0 0 7 0 2 0 0 5 3 0 0 3 0 58 1 2 3 3 0 0 10 0 2 1 5 0 0 2 3 3 2 2 2 0 3 0 0 0 0 0 0 0 0 0 0 0 0 0 0 0 0 0 0 0 0 14 20 0 15 11 22 0 1 8 18 24 49 0 0 0 17 9 16 0 0 7 0 0 0 0 0 10 6 14 2 0 0 0 0 18 1 6 11 1 13 11 1 14 0 0 0 0 0 3 0 0 0 0 0 0 0 1 0 0 0 0 0 0 6 2 0 0 0 2 2 0 0 0 0 0 0 0 0 0 0 0 32 1 37 3 21 0 9 0 10 16 19 0 12 22 15 15 37 0 0 0 10 0 0 0 0 20 0 0 0 0 0 33 0 0 0 0 0 9 9 13 0 0 0 0 0 0 0 0 0 0 0 0 0 0 0 0 0 0 0 0 0 0 0 0 0 0 0 0 0 0 0 0 0 3 0 0 85 75 3 13 1 0 0 0 0 0 0 0 0 0 0 0 0 0 0 1 0 0 0 0 10 0 0 0 12 0 0 0 0 
 0 0 0 0 0 11 0 0 0 2 82 2 0 0 0 0 0 0 0 0 33 569 404 308 284 147 75 307 51 311 0 354 296 143 117 119 148 61 66 194 2 0 0 2 0 0 63 0 0 2 21 22 3 34 54 0 24 12 0 100 3 3 0 0 0 0 0 0 0 2 0 0 2 0 4 0 0 0 0 3 0 0 0 1 0 13 0 0 0 0 0 0 0 0 0 0 0 0 0 0 0 0 1 10 0 24 9 1 16 11 0 14 0 0 13 9 19 12 16 8 0 0 9 0 0 21 2 0 0 12 1 0 15 0 18 0 14 0 0 1 0 0 0 0 0 0 0 0 0 0 0 0 0 0 0 0 0 1 0 0 0 0 0 0 0 6 0 0 0 0 0 0 0 0 0 0 0 0 0 0 11 1 12 0 17 11 4 0 13 18 0 12 6 0 16 0 11 0 0 0 11 1 13 0 0 0 12 19 8 0 1 48 12 35 0 0 0 0 2 0 0 0 0 0 0 0 0 0 0 0 0 0 0 0 0 15 1 0 0 0 0 0 0 0 0 0 0 0 0 0 0 70 0 0 0 0 0 0 79 2 0 0 0 0 15 0 11 0 0 0 0 0 0 0 0 0 0 0 0 0 0 0 0 0 0 0 0 0 0 0 
 3 3 3 3 3 3 3 3 3 3 3 5 3 3 3 3 3 11 3 3 100 241 268 52 366 200 52 318 336 383 354 0 44 270 39 112 235 247 40 28 3 0 0 2 0 0 18 0 0 3 0 0 3 4 0 0 3 0 64 2 3 2 0 2 0 8 0 0 0 2 0 0 2 0 5 5 0 0 0 3 0 0 0 0 0 0 0 0 0 0 0 0 0 0 0 0 0 0 0 0 0 14 20 18 40 17 0 7 18 8 23 3 0 14 0 8 14 0 0 0 20 17 9 0 0 0 33 9 62 27 16 0 29 23 33 0 31 17 5 37 0 0 0 0 0 0 0 0 2 0 0 1 0 0 0 0 5 0 0 0 0 0 0 0 0 0 0 0 0 0 0 0 0 0 0 0 0 0 0 0 0 4 31 1 2 34 0 9 0 0 7 12 0 0 0 22 0 28 0 0 1 19 9 0 0 1 15 0 28 11 0 10 59 9 29 13 0 0 1 31 0 0 0 1 0 0 0 0 0 0 0 0 0 0 0 0 0 0 1 0 0 0 1 0 0 0 0 0 0 0 0 0 0 0 6 2 0 80 1 0 0 0 0 0 0 0 0 0 0 0 0 0 0 0 0 0 0 0 0 13 0 0 8 1 0 0 0 0 0 0 
 2 0 0 0 109 232 0 0 0 0 24 1 0 0 0 78 0 0 0 0 303 62 218 346 92 254 224 125 420 67 296 44 0 122 130 114 82 34 368 298 2 27 2 2 0 0 2 0 0 32 0 0 3 2 0 0 6 0 0 12 2 50 0 0 0 0 26 0 0 8 3 0 2 0 3 0 0 0 0 6 0 0 0 0 27 18 0 0 0 0 0 17 0 0 0 0 0 1 0 21 22 35 15 54 1 0 72 21 16 0 14 0 10 0 22 0 13 21 39 7 0 0 0 0 0 0 0 0 0 0 0 0 0 0 0 0 0 0 4 0 0 0 0 0 0 0 3 0 0 0 0 0 0 0 0 0 0 0 1 0 0 0 6 13 1 21 0 0 0 0 0 0 0 0 0 0 2 0 0 0 40 0 11 13 0 0 20 109 24 15 14 0 31 44 1 17 9 22 9 39 0 0 0 0 0 0 0 0 14 0 0 0 0 0 0 0 0 0 18 0 0 0 0 0 0 0 0 0 0 0 0 0 0 2 0 0 0 0 0 0 0 0 0 0 0 0 0 0 0 77 0 0 0 0 5 0 4 0 0 1 4 0 0 0 0 0 0 0 0 0 0 0 0 0 0 0 0 0 0 0 0 0 0 0 0 0 0 0 0 0 
 0 0 74 0 1 0 0 0 0 0 3 0 0 0 0 1 6 1 0 0 138 52 242 197 64 272 198 189 92 175 143 270 122 0 83 92 24 117 189 471 2 25 106 27 0 0 3 1 8 4 0 4 26 3 1 4 28 15 23 65 2 5 0 0 1 6 4 0 0 2 1 0 4 0 3 4 0 0 6 3 0 0 0 0 0 13 0 0 0 0 0 0 0 0 1 0 0 0 2 0 1 15 8 13 8 19 32 20 29 29 0 18 0 0 33 29 33 26 16 6 0 0 0 0 0 0 11 0 0 0 0 0 15 0 0 0 9 0 5 0 0 0 0 0 0 0 0 0 0 0 0 0 0 0 0 0 0 0 0 0 0 0 0 0 0 0 0 0 0 0 0 1 0 0 0 0 15 0 1 0 10 0 12 0 0 0 13 1 15 30 23 5 3 16 10 50 22 0 0 0 9 0 0 0 0 0 0 0 0 0 0 0 0 0 0 0 0 0 23 0 0 0 0 0 0 0 0 1 0 0 0 0 2 0 0 0 0 0 0 0 0 0 0 0 0 0 0 0 0 0 1 0 0 0 4 0 0 0 1 0 0 0 0 0 0 0 12 0 0 0 0 0 0 0 1 0 0 0 0 0 0 0 0 0 0 0 0 0 0 0 
 0 0 4 80 146 73 0 2 0 0 3 28 1 0 2 0 0 0 0 2 216 88 67 97 83 298 266 66 169 195 117 39 130 83 0 361 50 27 370 178 2 0 0 2 0 0 0 0 0 2 0 0 3 3 5 0 3 45 0 1 3 11 0 2 0 0 0 0 0 3 6 0 2 0 3 0 0 0 0 3 0 0 0 0 9 9 0 0 0 0 0 0 0 0 0 0 0 0 0 1 32 3 9 1 0 12 1 25 15 21 0 0 10 17 11 0 13 0 0 12 2 0 0 0 0 0 0 0 0 0 0 0 14 0 0 0 0 0 0 0 0 0 23 0 0 0 21 0 0 0 0 0 0 0 0 0 0 0 6 0 0 0 0 1 0 13 0 0 5 0 0 0 0 0 0 0 0 0 0 0 11 0 11 105 11 0 0 20 80 1 30 0 15 20 24 1 10 21 0 10 0 0 0 3 0 0 0 0 0 0 0 0 0 10 0 0 0 0 0 0 0 0 0 0 1 0 0 0 0 0 0 0 0 0 1 0 0 0 0 0 0 0 0 0 0 0 0 0 0 83 0 0 0 0 0 0 2 0 40 2 3 0 0 0 0 0 0 0 0 0 0 0 0 0 0 0 0 0 0 0 0 22 0 0 0 12 0 0 0 0 
 5 0 0 0 0 0 0 0 0 0 0 0 0 0 2 0 4 0 0 0 23 91 221 284 135 143 132 339 318 85 119 112 114 92 361 0 188 78 253 143 0 0 0 0 0 0 62 6 0 0 0 0 0 0 1 2 0 0 77 2 8 0 0 0 0 0 0 0 0 0 0 0 0 0 1 0 0 0 0 0 0 0 0 0 19 8 0 0 0 9 0 0 0 0 0 0 0 0 0 0 0 15 26 7 8 24 0 23 20 4 0 44 13 2 23 0 20 15 18 8 1 10 0 0 0 0 14 4 5 0 0 0 31 0 0 0 0 0 0 7 0 0 0 2 0 0 4 0 0 0 0 0 0 0 0 0 0 0 7 0 0 0 0 0 0 0 0 0 0 0 12 0 0 0 0 0 0 0 0 0 17 10 48 4 6 0 13 0 71 5 1 87 0 0 0 25 1 11 0 3 0 37 0 0 0 0 23 0 0 0 0 0 11 7 2 0 0 0 2 0 0 13 0 0 2 0 0 0 0 0 0 0 0 0 0 0 0 0 0 0 0 0 0 0 0 1 0 0 0 0 0 0 0 0 4 2 2 1 77 0 0 0 0 0 0 0 0 0 0 0 0 2 0 0 0 0 0 0 0 13 0 0 0 0 0 0 12 0 0 0 
 0 0 2 2 0 0 1 0 0 0 2 0 0 2 0 0 0 0 1 0 29 180 264 297 186 136 38 147 109 374 148 235 82 24 50 188 0 161 255 37 64 0 0 208 0 0 125 3 0 2 0 0 3 3 1 2 3 0 66 1 2 2 0 0 0 2 0 0 0 2 0 0 2 0 4 0 0 0 0 3 0 0 0 0 0 0 0 0 0 0 20 0 0 0 0 0 0 0 0 0 0 13 21 23 28 18 0 0 13 2 32 14 0 2 0 20 0 14 0 0 17 23 1 0 0 0 81 14 11 2 0 0 11 0 2 0 20 0 15 18 0 2 0 0 0 0 0 0 0 0 0 0 0 0 0 0 0 0 0 0 0 0 0 0 0 0 0 0 2 0 0 0 1 0 0 0 0 6 0 0 0 27 17 10 50 1 0 1 18 11 0 77 0 4 3 5 32 37 0 0 1 23 2 0 0 0 56 0 0 0 0 0 14 0 1 0 0 0 5 0 20 0 0 0 0 0 0 0 0 1 0 0 0 0 0 0 0 0 0 0 0 0 1 0 0 1 0 0 0 0 0 0 0 0 3 2 3 75 75 3 4 8 0 0 0 0 0 0 0 0 0 0 0 0 0 0 0 0 0 12 0 1 0 0 0 0 0 0 0 0 
 1 78 2 3 0 3 0 0 2 2 0 0 0 3 0 0 0 0 2 0 320 129 176 124 346 120 465 361 57 175 61 247 34 117 27 78 161 0 46 126 2 6 0 5 0 0 61 0 0 2 2 7 2 3 35 0 5 0 0 2 3 3 0 0 2 8 2 1 0 2 3 0 2 0 4 2 0 0 1 5 0 0 0 0 0 11 0 0 0 0 0 0 0 0 0 0 0 0 0 0 0 40 12 13 36 14 33 50 52 15 9 1 0 0 0 28 13 35 14 6 5 10 0 0 0 0 38 0 20 0 1 0 11 0 1 0 20 11 1 27 0 0 0 0 0 0 0 0 4 0 0 0 0 0 0 0 7 0 0 0 0 0 0 0 0 0 0 0 0 0 0 0 0 0 0 0 0 0 0 0 14 20 8 1 0 5 4 9 29 35 9 18 0 23 0 23 0 38 11 0 4 17 0 0 0 0 9 0 0 0 0 0 32 0 2 0 0 0 18 8 0 0 0 0 0 0 0 0 0 0 0 1 8 0 0 0 0 0 0 0 0 0 0 0 0 0 0 0 0 0 0 0 0 0 4 1 6 158 3 2 0 0 0 0 0 0 0 0 0 0 0 0 0 0 0 0 0 0 0 13 0 0 0 0 0 0 0 0 0 0 
 0 0 164 188 81 5 0 75 75 117 76 26 0 0 15 0 73 0 0 0 37 35 291 78 59 35 89 131 296 90 66 40 368 189 370 253 255 46 0 91 4 7 2 2 3 0 0 0 0 67 1 0 6 3 0 0 3 0 4 62 2 3 3 0 0 0 0 1 2 5 0 1 2 50 3 0 1 43 0 3 0 0 0 0 18 10 0 0 0 0 15 10 0 0 0 13 0 17 0 0 0 13 0 18 0 1 9 0 1 27 0 30 10 5 71 13 9 12 0 26 0 0 0 0 13 0 0 0 0 0 2 0 2 0 2 0 0 0 0 0 0 0 0 0 0 0 4 0 0 0 0 0 0 0 0 0 0 0 6 0 13 12 0 0 14 9 0 0 0 0 10 11 0 0 0 0 0 13 0 0 15 0 25 0 0 2 0 0 34 9 0 0 23 0 28 10 7 20 0 12 2 0 0 0 0 0 0 7 0 0 0 0 0 0 0 0 0 0 0 0 0 0 0 0 0 0 0 0 0 0 0 2 0 0 0 1 0 0 0 0 0 0 0 0 0 2 0 0 0 1 11 0 0 0 2 0 36 0 0 1 0 0 0 0 0 0 4 0 0 0 0 0 0 0 0 0 6 0 0 0 0 19 0 0 0 0 0 0 0 0 
 0 0 74 1 42 82 0 2 0 1 103 0 0 0 1 49 77 75 0 0 63 129 204 64 69 68 209 146 159 105 194 28 298 471 178 143 37 126 91 0 2 0 0 2 0 0 0 0 0 25 0 0 3 3 0 0 4 0 0 1 3 3 0 0 0 0 0 0 0 2 0 0 2 0 3 0 0 0 0 3 0 0 1 11 9 19 0 9 2 1 26 26 0 0 0 6 0 18 0 0 0 0 14 18 0 33 51 26 26 31 0 9 0 13 88 10 18 12 36 13 0 0 0 0 0 0 0 0 0 0 0 0 2 0 0 0 0 0 0 2 0 0 0 0 0 0 0 0 0 0 0 3 0 0 4 0 0 0 0 0 0 0 2 11 14 20 0 0 1 2 23 0 0 0 0 0 0 0 0 0 2 0 14 12 15 0 0 19 16 34 0 10 32 5 38 4 18 0 37 12 0 0 0 0 0 0 0 0 1 0 0 0 0 0 0 0 0 10 0 0 0 0 0 5 0 0 0 0 17 0 0 0 0 0 0 0 0 0 0 0 0 0 0 0 0 0 74 0 0 0 0 0 0 0 5 0 1 0 75 0 2 1 0 0 0 0 3 0 0 0 0 0 0 0 0 0 0 0 0 0 0 0 0 0 0 0 0 0 0 0 
 2 2 2 2 2 2 2 2 2 2 4 2 2 2 2 2 2 2 2 2 2 64 2 2 2 3 2 2 2 4 2 3 2 2 2 0 64 2 4 2 0 109 119 54 25 330 151 211 163 42 128 52 72 81 106 55 246 40 256 96 0 0 0 0 0 0 0 0 0 0 0 0 0 0 1 2 0 0 0 0 0 0 0 0 0 0 0 0 0 0 0 0 0 0 0 0 0 0 0 0 0 0 0 0 17 0 0 0 0 0 0 1 0 0 0 0 0 0 0 0 0 0 0 10 18 0 13 18 14 6 11 25 25 39 26 12 0 49 14 0 0 0 0 0 9 0 0 0 1 0 0 0 8 0 0 0 0 0 0 7 0 0 0 0 24 0 0 0 0 0 0 0 0 0 0 0 0 6 0 0 0 1 0 0 9 2 0 0 0 0 9 2 0 1 1 0 0 0 0 0 0 0 6 28 0 32 16 18 22 30 9 0 29 17 0 0 7 11 20 8 15 0 0 0 0 19 0 0 0 0 0 0 14 20 0 0 0 0 13 7 0 0 6 0 0 0 0 0 0 0 0 0 0 0 0 0 0 0 0 0 0 0 0 0 0 0 2 0 0 0 0 0 5 0 0 0 0 0 0 0 0 0 0 0 0 0 0 5 1 0 
 3 3 3 5 3 3 3 3 3 3 3 3 3 3 3 3 3 3 3 3 6 0 1 8 0 66 0 7 0 3 0 0 27 25 0 0 0 6 7 0 109 0 320 68 267 90 98 200 271 152 132 23 296 61 117 329 98 114 86 102 0 0 2 0 0 0 0 2 0 0 0 2 0 0 1 0 0 0 0 0 0 0 14 0 0 0 0 0 0 0 0 0 0 0 0 0 0 0 0 0 0 4 0 0 9 0 3 4 7 0 0 0 0 0 0 4 0 3 0 0 18 0 39 24 16 11 6 0 0 0 6 0 25 9 7 34 1 10 0 7 6 0 0 0 0 0 9 0 0 0 0 0 0 0 5 0 0 0 8 38 0 4 0 0 0 0 0 0 0 20 0 0 0 0 0 0 0 0 0 0 0 0 36 0 0 0 0 0 0 5 0 0 0 3 0 0 0 0 0 0 9 0 26 7 1 23 0 25 0 16 1 3 0 0 0 10 0 0 3 12 6 0 0 0 0 0 0 0 1 0 0 0 0 0 0 0 0 0 11 9 0 0 0 0 0 0 0 0 0 0 0 4 0 2 0 0 0 0 0 12 0 0 1 0 0 0 0 64 0 0 20 0 0 0 0 12 0 0 0 0 0 0 0 0 0 11 0 4 1 0 
 2 2 2 3 2 3 3 2 2 2 4 2 2 2 2 2 2 2 2 2 0 0 0 0 0 0 0 2 0 2 0 0 2 106 0 0 0 0 2 0 119 320 0 250 132 116 237 74 113 305 127 35 153 185 313 45 113 63 117 70 0 0 0 206 50 50 0 4 0 0 0 0 52 0 2 0 0 0 0 51 0 0 0 0 19 0 0 0 0 0 0 0 0 0 0 0 0 0 0 0 0 0 0 0 0 0 0 0 0 0 0 0 0 0 0 0 0 0 0 0 5 28 13 17 16 0 0 4 16 20 10 10 16 22 2 3 0 3 0 1 0 0 25 0 0 0 0 0 0 0 0 15 0 0 1 8 0 0 4 0 0 5 0 0 1 0 0 0 0 7 0 0 0 0 0 0 0 0 0 0 0 0 0 0 0 0 0 0 0 0 0 0 0 0 0 0 0 0 0 0 27 0 0 20 4 32 12 23 9 16 26 27 2 9 16 11 4 0 0 0 0 0 0 0 0 0 0 0 0 0 0 0 1 0 0 0 0 0 12 0 0 0 0 0 0 0 0 0 0 0 0 17 0 1 0 0 0 0 1 0 0 0 0 0 0 2 0 11 0 0 20 0 0 0 0 0 0 0 0 0 0 0 0 0 0 0 0 10 2 0 
 0 2 0 0 0 0 2 0 0 0 2 0 0 0 0 0 0 0 3 0 2 2 2 8 25 65 2 2 3 2 2 2 2 27 2 0 208 5 2 2 54 68 250 0 94 101 105 129 228 111 141 360 297 101 82 282 42 249 118 65 0 0 0 1 0 6 0 53 6 0 0 0 0 0 1 51 3 0 2 0 0 0 0 0 0 0 14 0 0 0 0 14 0 0 0 0 0 0 0 0 0 0 0 0 0 0 0 0 0 0 0 0 0 0 0 0 0 0 0 0 14 0 14 18 27 15 0 0 0 43 21 4 0 9 8 13 0 11 0 28 2 10 4 0 0 0 15 0 0 0 2 9 20 34 17 23 0 7 22 7 0 0 0 0 0 0 0 0 0 0 15 0 0 5 0 0 0 0 0 0 0 0 0 0 0 0 0 0 0 0 0 0 0 0 0 0 0 0 0 0 0 0 0 7 14 36 0 6 0 7 6 23 0 0 21 30 0 0 0 0 0 0 0 0 0 0 0 58 0 0 0 0 21 0 2 0 0 0 26 0 0 0 0 0 0 0 0 0 0 0 0 2 0 0 0 0 0 0 0 9 0 0 2 9 0 6 0 0 0 0 0 0 0 0 0 0 0 0 0 0 0 0 0 0 0 0 0 4 0 0 
 3 3 3 6 3 3 24 3 3 3 3 3 3 3 3 3 9 3 3 3 0 0 0 6 0 0 0 1 0 4 0 0 0 0 0 0 0 0 3 0 25 267 132 94 0 165 34 114 330 84 171 196 85 73 78 308 49 71 317 83 0 1 4 6 0 0 78 111 0 56 11 0 42 0 2 53 48 53 34 46 0 0 0 0 0 0 0 0 0 0 0 0 0 0 0 0 0 0 0 0 0 0 0 1 0 0 0 1 0 0 0 0 0 0 0 0 0 0 0 0 0 0 11 9 13 25 0 0 0 0 15 19 0 0 0 0 0 0 0 0 40 45 29 30 5 13 0 14 1 19 3 20 14 0 6 24 2 0 27 0 0 0 0 0 0 0 0 0 0 0 0 0 0 1 0 0 0 0 0 0 0 0 0 0 0 0 0 0 0 0 0 0 0 0 0 0 0 0 0 0 0 0 0 21 0 0 0 0 0 7 0 0 0 0 0 0 0 0 0 0 0 16 0 1 0 2 55 40 3 5 14 36 38 15 10 25 19 10 0 0 0 0 0 0 0 0 0 0 0 0 0 4 0 0 0 0 0 0 0 1 0 0 1 1 3 4 4 0 2 0 13 0 0 0 0 0 0 0 0 0 0 0 0 0 0 0 0 0 1 0 
 0 0 0 0 0 0 0 0 0 0 0 3 0 0 2 64 6 0 0 0 0 0 4 0 21 0 0 0 0 0 0 0 0 0 0 0 0 0 0 0 330 90 116 101 165 0 271 308 195 55 153 64 257 80 47 91 266 154 57 292 0 0 8 0 0 0 26 110 53 1 0 0 0 0 1 95 57 1 6 0 0 0 0 0 0 0 0 0 0 0 0 0 0 2 0 0 0 0 0 0 0 0 0 0 0 0 0 0 0 0 0 0 0 0 0 0 0 0 0 0 0 0 0 2 25 28 0 0 0 0 18 0 0 0 17 15 0 32 0 0 1 34 12 0 0 1 29 0 0 0 7 8 68 110 5 19 0 8 33 9 0 0 0 0 0 0 0 0 0 0 6 0 0 5 0 0 0 0 0 0 0 0 0 0 0 0 0 0 0 0 0 0 0 0 0 20 0 0 0 0 0 0 0 27 12 14 0 7 0 6 2 0 0 0 0 0 0 0 0 0 0 9 6 0 0 0 2 30 25 0 0 23 77 0 16 15 0 28 18 0 0 0 0 0 0 0 0 0 0 0 0 0 0 0 0 0 0 0 0 2 0 17 67 2 1 1 1 4 0 0 4 0 0 0 0 0 0 0 0 0 0 0 0 0 13 0 0 21 1 0 
 0 0 0 0 0 0 0 0 0 0 0 3 0 0 0 0 0 0 0 0 0 0 0 0 3 0 0 0 0 0 63 18 2 3 0 62 125 61 0 0 151 98 237 105 34 271 0 151 128 261 47 38 301 497 310 30 121 21 146 176 0 0 0 0 0 3 34 4 0 0 0 0 0 0 2 0 0 0 0 0 0 0 0 0 0 0 0 0 0 0 24 0 0 0 0 0 0 0 0 0 0 0 5 0 12 0 0 0 0 0 0 1 0 0 0 0 0 0 0 0 0 13 23 1 0 0 6 6 10 0 0 0 0 14 0 27 16 8 8 0 0 0 0 0 0 0 0 0 0 0 0 0 0 0 0 0 0 0 0 0 0 1 0 0 0 0 2 0 0 11 0 0 0 0 0 0 0 0 0 0 0 12 11 0 14 14 0 0 0 0 1 0 0 0 0 20 0 6 0 0 20 19 0 0 20 22 17 18 5 0 24 26 28 0 20 0 8 0 17 1 0 0 0 0 0 0 0 0 0 0 0 0 0 0 0 0 0 0 19 0 0 0 0 0 0 0 0 0 0 0 0 3 0 0 0 0 0 1 0 0 0 19 0 0 1 1 0 0 0 0 0 0 0 0 0 0 0 0 0 11 0 1 0 0 0 0 0 0 0 0 
 0 0 0 0 0 0 1 0 64 0 0 2 0 0 0 0 0 0 3 0 0 0 4 7 0 49 0 0 0 7 0 0 0 1 0 6 3 0 0 0 211 200 74 129 114 308 151 0 168 22 39 43 195 128 41 57 103 33 66 38 0 0 0 0 0 0 0 0 0 0 0 0 51 0 2 1 0 0 0 50 0 0 0 0 0 0 0 0 0 0 0 0 0 0 0 0 0 0 0 0 0 0 0 8 12 5 0 1 0 0 0 7 0 0 0 1 0 0 0 0 0 1 16 6 23 0 0 19 0 0 0 11 0 14 57 16 0 16 11 0 0 0 0 0 9 0 0 2 0 0 0 5 20 0 3 0 0 0 0 7 0 13 6 0 1 0 0 0 0 6 0 2 0 0 0 0 0 0 0 0 0 0 0 10 13 0 0 0 0 1 10 5 0 0 0 0 0 0 0 0 0 0 0 26 1 47 6 62 22 23 1 0 26 0 0 0 25 9 7 7 16 0 0 0 0 0 0 0 0 0 0 0 16 20 0 0 0 0 9 20 0 0 8 0 0 0 0 0 0 0 0 6 0 2 0 0 0 0 2 3 0 0 76 0 0 2 2 0 0 0 0 0 0 0 0 0 0 0 0 0 0 0 0 0 0 0 0 10 0 0 
 0 0 0 0 62 0 1 0 0 0 0 0 0 0 0 0 6 0 0 0 0 1 2 0 21 64 0 0 0 0 0 0 0 8 0 0 0 0 0 0 163 271 113 228 330 195 128 168 0 106 242 37 178 123 102 169 110 156 186 72 6 1 0 0 0 3 2 1 2 0 51 0 57 0 2 3 3 0 6 61 0 0 0 0 0 0 0 0 0 0 0 0 0 0 0 0 0 0 0 0 0 0 0 0 0 0 0 0 0 0 0 0 0 0 0 0 0 0 0 0 5 9 5 27 29 0 0 0 0 10 19 20 10 39 0 16 0 0 4 10 0 0 0 0 0 0 20 4 0 0 6 13 0 7 16 5 0 0 1 1 0 0 0 0 4 0 0 0 0 0 4 0 0 0 0 0 0 0 0 0 0 0 0 0 0 0 0 0 0 0 0 0 0 0 0 0 0 0 0 0 35 0 1 2 0 9 13 5 1 1 2 38 21 0 1 9 15 42 2 0 4 0 7 0 0 0 9 0 2 0 0 12 0 9 0 0 19 5 49 3 0 0 18 0 0 0 0 0 0 0 0 4 0 1 0 0 0 0 0 3 0 0 0 1 0 20 0 0 0 0 23 0 0 0 0 0 0 0 0 0 0 3 0 0 0 0 0 24 2 0 
 0 0 0 0 30 73 2 0 0 0 36 0 0 0 0 0 0 0 14 0 2 2 4 2 2 25 2 2 4 2 2 3 32 4 2 0 2 2 67 25 42 152 305 111 84 55 261 22 106 0 84 340 55 295 111 110 368 56 84 161 57 0 8 0 1 2 0 0 5 0 0 0 25 85 0 0 0 0 54 15 0 0 0 0 0 20 0 0 0 0 0 19 0 0 0 0 0 0 0 0 0 0 0 0 0 0 18 18 16 0 0 0 0 0 11 0 0 0 25 0 10 0 10 5 30 19 0 0 21 0 11 0 0 0 3 8 18 10 0 0 3 0 0 0 0 0 10 16 0 0 0 0 0 11 0 0 0 0 6 6 0 0 0 12 0 7 7 0 0 0 0 0 0 0 0 0 0 0 0 0 0 0 0 0 0 0 0 52 0 0 0 0 20 9 0 0 7 0 6 10 15 0 15 8 24 0 0 0 21 5 0 31 0 1 1 11 54 0 0 19 27 1 0 0 0 0 25 0 24 21 0 0 0 29 7 0 0 0 53 55 0 0 0 0 0 0 0 0 0 0 0 0 0 1 0 0 0 0 0 0 0 0 4 0 0 6 0 1 0 0 3 0 0 0 0 0 0 0 0 0 0 3 0 0 0 0 0 0 2 0 
 0 2 0 0 0 0 2 0 0 0 0 0 0 0 0 0 0 0 3 3 0 0 0 0 4 0 0 0 0 0 21 0 0 0 0 0 0 2 1 0 128 132 127 141 171 153 47 39 242 84 0 176 28 110 75 101 100 223 97 48 0 0 0 0 0 0 0 0 0 2 0 10 0 0 1 0 0 0 0 0 0 0 0 0 0 0 0 0 0 0 0 0 0 0 0 0 0 9 7 0 0 0 0 0 0 0 0 0 0 0 0 0 0 0 0 0 0 0 0 0 0 10 3 39 12 0 0 0 12 3 12 14 0 7 16 19 0 9 0 0 0 21 0 0 2 0 0 0 0 0 0 0 10 0 0 0 0 39 0 23 0 23 0 0 2 0 0 0 0 0 0 0 0 0 3 0 0 0 0 0 0 0 0 0 0 0 0 0 0 0 0 0 0 0 0 0 0 0 0 0 0 0 0 10 0 19 0 17 9 10 30 1 0 8 18 9 1 35 0 8 0 11 0 0 0 0 0 11 0 0 0 0 21 13 15 0 0 0 0 0 0 0 0 0 0 0 0 0 0 0 0 4 0 0 0 0 0 0 0 22 0 0 0 1 67 13 2 0 4 4 0 0 0 0 0 0 0 0 0 0 0 0 0 0 0 0 0 0 0 0 
 0 0 29 0 0 0 0 0 0 0 0 0 0 0 0 0 0 0 0 0 0 0 0 0 21 0 0 0 0 0 22 0 0 4 0 0 0 7 0 0 52 23 35 360 196 64 38 43 37 340 176 0 44 235 29 36 112 192 33 62 0 0 4 0 0 2 41 103 0 1 0 0 0 0 4 52 77 0 0 2 0 0 0 0 0 0 0 0 0 0 0 0 0 0 0 0 0 0 0 0 0 0 1 0 9 0 0 0 0 0 0 0 0 0 0 12 0 0 0 0 0 1 4 10 0 31 0 0 0 0 26 0 0 6 7 10 0 10 0 0 7 9 8 0 0 2 24 0 0 0 2 22 37 13 3 13 0 0 30 3 0 0 0 0 1 0 0 0 0 0 6 0 0 4 0 0 0 0 0 0 0 0 0 0 0 0 0 0 0 6 0 0 0 0 0 0 0 0 0 0 0 3 11 3 1 0 0 11 0 10 5 0 0 0 0 16 1 0 0 6 14 16 0 0 0 0 0 14 13 0 0 0 30 4 5 13 0 12 2 52 0 0 0 0 0 67 0 0 0 0 0 2 0 0 0 0 0 0 0 12 0 0 62 8 63 3 1 67 0 2 0 0 0 0 0 0 0 0 0 0 0 0 0 0 10 26 0 0 0 0 
 6 2 2 2 2 5 2 5 2 69 5 2 2 2 4 2 2 2 2 2 3 3 3 62 3 65 3 3 2 5 3 3 3 26 3 0 3 2 6 3 72 296 153 297 85 257 301 195 178 55 28 44 0 443 190 88 347 127 723 222 0 0 0 0 1 34 0 19 0 0 0 0 0 0 2 0 0 0 0 15 0 0 0 0 0 0 0 0 0 0 0 0 0 0 0 0 0 0 0 0 0 0 0 0 0 0 0 0 0 0 0 24 0 0 0 0 0 0 0 0 15 10 53 0 8 0 0 17 24 12 0 0 20 10 0 22 0 9 7 11 0 0 0 0 0 0 0 0 0 0 0 0 0 0 7 0 0 0 1 0 0 1 0 0 0 0 2 0 0 6 0 0 0 0 0 0 0 0 0 0 0 0 0 0 0 15 0 0 0 0 0 0 0 0 0 0 0 0 0 0 19 0 14 8 8 21 9 2 27 25 19 35 0 2 21 1 13 0 0 0 0 0 0 0 7 0 0 0 0 0 0 0 0 0 0 0 0 0 26 0 0 0 0 0 0 0 0 0 0 0 0 1 0 0 0 0 0 28 0 0 0 0 2 0 2 0 1 3 0 0 14 0 0 0 0 0 0 0 0 0 0 0 0 0 0 0 0 0 2 0 
 1 0 1 3 1 3 1 2 1 0 2 2 1 1 1 1 2 1 1 1 2 2 3 3 67 3 5 3 3 3 34 4 2 3 3 0 3 3 3 3 81 61 185 101 73 80 497 128 123 295 110 235 443 0 305 50 27 39 93 400 0 0 0 0 0 41 0 3 0 0 0 0 0 0 0 50 0 1 0 0 0 0 0 0 16 0 0 0 0 0 0 0 0 0 0 0 0 0 0 0 0 0 0 0 1 0 0 0 0 0 0 18 0 0 0 0 0 0 0 0 0 10 42 8 3 0 0 16 0 25 0 0 3 2 0 14 22 0 15 0 0 0 0 0 0 0 0 0 0 0 0 0 0 0 1 0 0 0 0 13 0 6 0 0 0 0 0 0 0 3 0 0 0 0 0 0 6 0 0 0 0 0 0 0 1 30 0 0 0 0 1 0 0 0 0 0 0 0 0 0 20 0 54 7 0 0 7 28 19 0 18 11 1 7 11 1 10 22 5 1 0 0 0 0 0 0 0 0 1 0 0 0 0 0 0 0 0 0 0 0 0 0 0 0 0 0 0 0 0 0 0 6 0 0 0 0 0 68 0 10 0 0 2 0 1 3 0 1 2 0 4 0 0 0 0 0 0 0 0 0 0 0 0 0 0 0 0 0 1 0 
 4 0 0 2 0 2 71 0 0 2 63 3 0 0 0 0 2 0 0 0 0 0 1 0 69 0 0 0 0 0 54 0 0 1 5 1 1 35 0 0 106 117 313 82 78 47 310 41 102 111 75 29 190 305 0 72 157 93 100 247 0 6 0 2 5 2 0 6 2 6 0 11 3 2 0 42 0 2 0 0 0 0 0 0 0 0 0 0 0 0 0 0 0 0 0 0 1 0 0 0 0 0 0 0 0 0 0 0 0 0 12 0 0 0 0 0 0 0 0 0 5 20 14 10 11 0 0 14 0 24 1 0 0 8 0 12 41 0 0 0 10 0 0 0 0 0 0 0 0 0 0 0 0 0 1 0 0 0 0 0 0 5 0 0 1 0 0 0 0 8 0 0 0 0 0 0 0 0 0 37 0 0 0 0 0 15 0 0 0 0 0 0 0 0 0 0 0 0 0 0 27 4 23 15 0 20 5 35 13 12 10 1 0 13 12 17 15 11 0 8 0 0 0 0 15 0 1 0 15 0 0 0 0 0 0 0 0 0 0 0 0 0 0 0 0 0 0 0 0 0 0 4 0 0 0 0 0 0 0 0 0 0 2 0 65 1 0 70 0 0 0 0 0 0 0 28 0 0 0 0 0 0 0 0 0 11 0 0 0 7 
 0 3 0 2 2 0 3 0 0 0 0 0 0 0 0 0 0 3 17 0 0 0 0 4 82 0 0 0 0 0 0 0 0 4 0 2 2 0 0 0 55 329 45 282 308 91 30 57 169 110 101 36 88 50 72 0 68 326 271 72 0 8 36 5 0 3 2 8 2 0 0 0 19 0 0 2 0 0 57 0 0 0 0 0 0 0 0 0 0 0 0 0 0 0 0 0 0 0 0 0 0 0 0 0 15 0 0 0 0 0 0 18 0 0 0 0 0 0 0 0 0 10 24 2 0 3 0 8 0 16 9 19 0 11 1 13 0 0 15 0 0 4 8 0 1 11 12 0 5 0 0 0 1 0 0 6 0 0 0 2 0 0 0 0 7 0 0 0 0 0 3 0 0 1 0 0 0 0 0 0 0 0 0 0 11 9 0 0 0 0 9 0 0 0 0 0 0 9 0 0 0 0 0 1 8 0 0 10 8 0 15 0 10 6 0 0 45 39 7 11 0 1 0 0 0 0 4 4 33 24 5 0 0 8 0 0 5 5 11 30 0 0 4 0 0 0 0 0 0 0 0 0 0 1 0 0 0 64 0 7 0 0 1 1 1 13 7 13 1 0 0 0 0 0 0 0 0 0 0 0 0 0 0 0 0 10 0 0 2 0 
 0 0 0 0 0 0 0 0 0 0 3 0 1 0 0 0 0 0 2 0 3 3 6 3 4 66 3 72 4 3 24 3 6 28 3 0 3 5 3 4 246 98 113 42 49 266 121 103 110 368 100 112 347 27 157 68 0 203 158 390 1 0 8 0 0 1 0 50 6 2 0 0 0 0 1 0 3 0 7 27 0 0 0 0 0 0 0 0 0 0 0 0 0 0 0 0 0 0 0 0 0 0 0 0 0 0 0 0 0 0 0 0 0 0 0 0 0 0 0 0 15 6 35 9 0 4 0 0 0 1 37 0 20 17 7 37 0 19 0 10 11 0 0 0 0 0 63 0 0 0 3 0 0 7 18 7 0 0 9 0 0 1 0 0 0 0 0 0 0 5 0 0 10 0 0 0 0 0 0 0 0 0 7 0 0 0 0 0 0 0 0 0 0 0 0 0 0 0 0 0 0 0 29 4 8 8 0 8 0 14 19 12 0 1 0 18 14 0 0 8 6 0 14 0 0 0 11 1 0 0 0 14 0 0 0 0 0 7 17 13 0 0 0 0 0 0 0 0 0 0 0 4 0 0 0 0 0 0 0 0 0 0 1 0 66 2 1 95 0 0 21 0 0 0 0 0 0 0 0 0 0 0 0 0 0 11 0 0 2 0 
 0 3 0 0 0 0 5 0 0 0 0 0 0 0 1 0 0 0 2 0 0 2 0 0 12 21 1 0 0 0 12 0 0 15 45 0 0 0 0 0 40 114 63 249 71 154 21 33 156 56 223 192 127 39 93 326 203 0 101 96 0 0 3 8 0 0 13 5 11 0 7 0 1 3 4 0 0 0 0 2 0 0 0 0 0 0 0 0 0 0 0 0 0 0 0 0 0 0 0 0 0 3 0 0 0 0 0 0 0 0 0 0 0 0 0 0 0 0 0 0 27 0 13 0 10 10 0 0 0 11 9 11 18 17 0 20 12 0 0 5 0 17 50 6 5 7 7 0 6 25 7 8 20 32 18 11 10 9 0 9 0 0 0 0 0 0 0 0 0 0 4 0 0 2 0 0 0 0 0 0 0 0 0 0 0 0 0 0 0 0 0 0 0 0 0 0 0 0 0 0 10 15 0 0 15 11 0 2 0 0 20 20 0 0 8 19 0 0 0 8 0 4 0 5 0 7 0 13 6 4 10 11 9 0 16 4 45 0 10 9 0 0 0 0 0 0 0 0 0 0 0 0 0 0 0 0 0 0 0 8 0 0 28 62 33 2 0 0 2 0 14 0 0 0 0 0 0 0 0 0 0 0 0 0 0 15 0 0 0 0 
 3 6 3 3 3 3 6 3 3 3 3 5 3 3 5 3 3 3 5 3 64 65 0 19 1 67 3 63 0 58 0 64 0 23 0 77 66 0 4 0 256 86 117 118 317 57 146 66 186 84 97 33 723 93 100 271 158 101 0 101 5 4 0 0 3 0 38 0 0 6 0 33 0 0 3 6 0 4 0 0 0 0 0 0 0 0 0 0 0 0 0 0 0 0 0 0 0 0 0 0 0 36 13 0 0 11 0 14 0 0 17 28 0 0 0 7 0 12 0 0 12 11 26 13 0 0 11 28 5 12 0 1 3 9 0 14 5 0 0 15 0 0 0 0 0 0 0 0 0 0 0 0 0 0 5 0 0 5 0 0 0 0 0 2 0 0 0 0 0 0 0 0 0 0 0 0 0 0 0 0 0 20 0 0 0 23 0 0 0 0 0 0 0 17 15 15 14 0 0 0 0 19 0 0 0 0 1 0 10 0 0 32 12 10 17 11 0 0 7 0 14 0 0 0 10 0 2 0 0 0 0 0 0 0 0 5 0 0 0 0 0 0 0 0 0 0 0 0 0 0 0 0 0 0 0 0 0 66 0 0 11 0 0 0 0 2 4 0 0 0 3 0 0 0 0 0 0 0 0 0 0 0 0 0 0 0 11 0 1 0 
 0 0 27 0 0 0 0 0 0 0 3 0 0 0 2 0 0 0 0 0 9 2 4 65 1 63 1 1 1 1 100 2 12 65 1 2 1 2 62 1 96 102 70 65 83 292 176 38 72 161 48 62 222 400 247 72 390 96 101 0 0 0 0 0 0 0 0 7 0 0 0 0 0 0 1 0 0 0 0 0 0 0 0 0 0 0 0 0 0 0 0 0 0 0 0 0 0 0 0 0 0 4 14 0 3 0 7 0 2 0 4 0 0 0 0 0 7 6 4 0 0 10 0 0 0 0 0 5 0 9 0 0 9 10 24 19 15 42 8 0 0 0 0 0 0 0 0 0 0 0 0 0 0 0 0 0 0 0 1 0 0 0 0 0 0 0 6 0 0 4 0 0 0 0 0 0 0 0 0 0 4 1 2 0 0 12 0 10 0 0 4 0 0 9 0 5 1 0 0 0 42 0 9 26 2 20 21 30 9 1 47 54 0 7 19 8 3 0 21 19 0 0 0 0 0 0 0 0 0 0 0 0 0 0 0 0 0 0 20 0 0 0 0 0 0 0 0 0 0 0 0 2 0 1 0 0 0 0 0 1 0 0 2 0 63 0 4 3 0 0 9 0 0 0 0 0 0 0 0 0 0 0 0 0 0 0 0 0 2 0 
 0 0 0 0 0 0 0 0 0 0 2 0 0 0 2 0 0 0 3 0 13 23 2 3 4 3 3 3 3 2 3 3 2 2 3 8 2 3 2 3 0 0 0 0 0 0 0 0 6 57 0 0 0 0 0 0 1 0 5 0 0 483 344 58 98 61 242 56 165 169 32 50 122 100 101 94 40 76 288 172 0 0 0 0 0 0 0 18 0 0 0 0 0 0 0 0 0 0 0 0 0 5 0 0 0 4 10 4 0 0 1 0 0 0 0 0 0 0 0 0 1 0 0 6 16 5 0 0 0 0 0 0 0 0 1 0 0 0 0 2 9 1 1 7 10 5 9 27 4 13 4 0 0 9 9 0 0 16 0 2 0 0 0 0 0 0 0 0 0 0 0 0 0 0 0 0 0 0 0 0 0 5 0 0 0 0 0 0 0 0 0 0 0 35 0 0 0 0 0 0 0 0 0 0 0 1 0 0 0 0 0 0 0 20 2 0 0 0 0 0 16 17 16 14 0 10 10 8 22 0 7 12 0 51 37 16 9 1 10 0 0 0 0 0 0 0 0 0 0 0 0 0 0 1 18 0 0 0 0 0 0 3 0 0 0 0 0 0 0 0 56 0 59 16 0 0 0 0 0 0 0 0 0 0 0 0 7 0 0 0 
