 0 70 61 45 38 26 86 97 40 34 226 44 490 120 215 44 28 16 219 128 35 3 0 5 3 2 0 0 0 2 1 6 2 0 0 0 2 0 0 3 6 0 3 2 0 0 2 0 0 3 2 0 0 0 0 0 1 3 0 1 1 0 0 2 6 6 0 0 0 0 4 5 3 0 32 0 0 0 2 0 16 14 28 8 0 0 1 0 0 1 0 0 27 20 15 12 0 17 34 26 0 0 0 0 0 0 0 0 0 0 0 0 0 0 0 0 0 0 0 0 0 0 0 0 0 0 0 0 0 0 0 0 0 0 0 0 0 0 1 0 0 0 19 0 0 0 0 0 0 0 0 0 0 0 0 0 0 0 0 0 16 10 17 13 0 29 17 0 0 1 0 0 20 27 11 1 14 0 29 27 0 0 0 0 0 0 0 0 0 0 0 0 0 0 0 0 0 0 0 0 0 0 0 0 0 0 0 0 0 0 0 0 0 0 0 5 0 0 0 0 22 0 0 0 0 0 0 0 0 0 0 0 0 0 0 0 0 0 0 0 0 0 0 0 0 0 2 0 0 0 0 7 0 0 0 0 0 0 0 0 0 0 0 0 0 0 0 0 1 0 0 0 0 16 0 0 0 0 0 0 0 0 0 0 0 0 0 0 0 0 
 70 0 221 58 130 34 570 576 86 316 255 122 126 66 140 459 225 96 51 430 0 1 3 3 3 0 4 88 124 207 0 0 1 3 0 0 6 0 2 3 6 0 1 0 2 0 3 2 0 2 2 0 0 0 3 0 5 0 0 2 2 0 0 0 1 2 0 0 0 0 6 0 0 43 1 1 1 0 0 0 37 15 40 54 7 33 16 10 29 18 3 0 0 36 12 31 10 25 3 0 0 0 0 0 2 0 0 0 0 0 0 0 0 0 0 0 0 0 0 0 0 10 0 0 0 0 0 0 0 0 0 0 0 26 0 0 0 0 0 0 2 0 0 0 0 0 0 5 0 0 0 0 0 0 0 0 0 0 0 0 43 19 79 62 16 0 31 11 14 0 0 7 0 0 0 0 13 13 19 0 0 0 0 0 0 0 0 0 0 23 0 0 0 0 0 0 0 0 0 0 0 0 0 0 0 0 0 0 0 0 0 0 0 0 0 0 0 9 1 0 0 0 0 0 0 0 0 0 7 0 0 0 0 0 0 0 10 0 0 0 0 0 0 0 0 1 0 2 1 0 32 3 0 0 0 0 0 0 0 0 0 0 0 0 0 0 0 0 0 0 10 0 0 1 0 0 7 0 0 0 0 0 0 0 0 0 0 0 0 0 
 61 221 0 299 246 132 253 112 287 71 216 236 169 319 65 36 100 60 272 148 0 0 3 3 3 0 0 0 2 2 0 0 0 0 0 0 3 0 95 77 3 0 2 0 2 0 5 0 0 0 0 0 0 0 2 74 2 0 0 2 2 0 0 3 0 0 2 0 0 2 0 0 0 0 0 4 0 0 0 0 12 26 10 25 38 1 10 46 24 0 20 6 11 10 24 0 22 7 0 0 0 0 0 1 0 0 1 0 0 0 0 0 0 0 0 0 0 0 9 0 0 0 0 0 0 0 0 0 0 0 12 0 0 0 0 0 0 0 0 0 0 0 0 0 3 24 0 0 7 0 0 2 7 0 0 0 0 0 0 0 0 0 0 17 54 19 0 6 15 18 8 15 0 14 1 40 32 23 1 0 3 0 0 0 0 0 55 0 0 0 0 0 14 0 0 0 0 0 0 0 0 2 0 0 0 0 0 0 0 0 0 0 0 0 0 0 0 0 0 1 0 0 0 0 0 0 0 0 0 0 0 0 0 0 0 0 11 0 0 0 0 0 0 0 0 0 0 0 4 0 0 7 0 2 0 0 0 0 0 0 0 0 0 0 0 0 0 0 0 0 0 0 0 0 0 0 0 0 0 0 0 0 0 0 0 0 0 0 0 6 
 45 58 299 0 76 129 187 66 169 140 552 145 69 158 60 35 43 36 89 271 0 0 3 3 4 0 64 62 0 6 1 0 84 76 0 0 5 0 133 80 3 0 6 0 2 0 3 0 0 0 0 0 0 0 2 0 4 0 0 0 2 0 0 0 0 0 2 0 0 2 0 0 0 0 0 0 0 0 0 0 0 10 12 0 42 29 0 1 0 7 10 10 0 1 0 0 11 1 0 0 11 0 0 0 0 0 25 14 0 0 0 0 25 1 20 0 0 0 12 10 0 0 0 0 0 0 0 0 0 0 0 0 0 0 0 0 0 0 0 0 0 0 0 0 0 0 0 0 5 0 0 0 0 0 1 0 0 0 0 0 0 2 0 0 5 20 0 1 0 0 47 15 0 0 0 0 19 40 0 0 8 0 18 0 0 0 33 19 0 0 0 0 0 56 0 0 2 0 15 28 0 0 0 0 0 0 0 0 0 0 0 0 0 0 0 0 0 11 0 0 0 0 0 0 0 0 0 0 0 0 0 0 0 0 0 0 0 0 0 0 0 0 0 0 0 0 8 0 1 54 2 10 0 0 0 0 2 0 0 0 0 0 0 0 1 0 0 0 0 0 0 0 0 0 0 10 10 10 0 0 0 0 0 0 0 0 0 0 0 1 
 38 130 246 76 0 399 342 99 94 404 204 450 69 82 65 86 43 601 71 185 2 2 10 3 3 0 2 21 0 74 0 0 74 74 94 34 37 0 13 4 3 2 1 0 2 0 3 63 35 63 0 0 0 0 3 0 5 0 0 0 2 0 0 38 0 0 0 0 0 0 0 0 0 0 0 1 0 0 0 0 0 7 4 5 13 15 18 17 0 0 0 10 0 11 16 19 0 0 0 0 22 16 16 14 0 0 10 12 14 8 0 0 1 11 0 10 24 0 20 6 0 0 0 0 0 1 0 0 1 0 0 0 0 0 0 0 0 0 0 0 0 0 0 0 0 11 0 0 0 0 0 1 0 0 4 0 2 0 0 0 0 3 0 5 16 1 0 0 0 18 9 9 0 25 22 14 0 0 0 0 1 10 0 0 0 0 1 13 13 0 13 0 10 13 2 12 0 0 42 36 0 0 0 0 0 0 0 0 0 0 0 0 0 0 0 0 0 12 0 0 11 0 0 0 0 0 17 0 0 1 0 0 0 0 0 0 1 0 0 4 0 0 0 0 0 5 7 2 1 2 0 5 1 0 0 0 0 0 0 0 0 0 15 0 0 0 0 0 0 0 0 0 0 0 0 23 10 0 0 0 0 0 0 0 0 0 0 0 0 0 
 26 34 132 129 399 0 248 258 96 156 70 176 32 38 260 175 141 60 62 48 35 0 3 3 3 0 75 74 35 3 2 0 213 1 47 0 79 36 74 78 3 0 6 0 2 0 3 0 2 0 0 0 0 0 2 0 3 0 0 1 2 0 0 0 0 0 2 0 0 2 1 0 0 0 0 0 0 0 0 2 0 9 15 22 11 27 0 0 0 0 23 10 0 0 0 0 1 0 0 0 12 39 0 0 0 0 14 8 10 0 0 0 37 36 27 8 22 15 12 26 0 0 0 4 0 0 0 0 0 0 0 31 0 0 0 0 0 0 0 0 0 0 0 0 3 0 0 0 4 0 0 0 0 0 0 0 0 0 0 0 0 3 14 0 11 24 0 0 8 0 9 1 0 0 0 10 29 32 0 0 16 17 15 1 0 0 7 9 10 0 21 0 40 33 1 7 14 0 1 11 0 0 0 0 0 0 0 1 0 0 0 0 0 0 0 0 0 0 0 0 0 0 0 0 0 0 0 22 0 0 0 0 0 0 0 0 13 0 0 0 0 0 0 0 0 5 1 0 0 0 1 8 0 0 0 0 1 0 0 0 0 0 0 0 1 0 0 0 0 0 0 0 0 0 0 0 0 0 0 0 0 0 0 0 0 0 0 0 0 0 
 86 570 253 187 342 248 0 65 78 52 191 331 215 38 230 433 125 122 65 240 0 0 3 3 3 0 0 0 0 3 0 0 0 0 0 0 3 0 0 3 3 0 1 0 2 2 3 0 0 0 0 0 0 0 3 0 3 0 0 0 2 0 0 0 0 0 0 0 0 0 6 0 0 0 1 0 0 0 0 0 10 21 29 31 4 21 16 10 67 0 14 0 0 13 32 15 9 9 1 2 0 0 0 1 0 0 0 0 0 0 0 0 0 0 0 0 0 0 0 0 0 0 0 0 0 0 0 0 0 0 0 0 2 0 0 0 0 0 0 0 0 0 0 0 0 10 0 3 0 15 0 12 0 0 0 0 0 0 0 0 22 8 34 51 16 0 7 10 13 0 0 9 2 0 17 19 15 0 0 0 0 0 0 0 0 0 0 0 0 0 0 18 0 0 0 0 0 1 0 0 0 1 0 0 0 0 0 0 0 0 0 0 0 0 0 0 0 8 0 0 0 0 0 0 0 0 0 0 0 0 0 0 0 0 0 0 1 0 0 0 0 0 0 0 0 2 0 1 0 0 0 7 0 0 0 0 0 0 0 0 0 0 0 0 0 0 0 0 0 0 0 0 0 0 0 0 0 0 0 0 0 0 0 0 0 0 0 0 0 0 
 97 576 112 66 99 258 65 0 383 251 23 57 423 63 247 50 33 385 84 218 0 0 3 3 7 5 2 0 3 2 5 3 0 0 0 3 3 4 45 3 4 0 0 1 2 0 3 2 0 0 3 0 0 0 3 0 8 0 3 2 2 0 4 0 0 0 0 0 0 41 0 0 0 0 39 4 0 0 0 1 17 5 1 0 13 13 17 19 0 0 0 0 10 47 11 21 17 0 44 12 22 0 0 0 0 0 11 16 0 2 0 0 0 0 11 0 0 0 2 0 0 0 0 0 2 0 0 0 0 0 0 0 0 0 0 0 0 0 0 0 0 0 22 0 0 0 0 0 0 0 13 0 0 7 0 0 0 2 11 0 24 34 14 11 0 2 22 11 0 39 15 12 31 26 32 17 13 0 21 21 0 0 0 0 4 0 0 19 0 0 0 0 0 0 0 0 1 0 2 0 0 0 0 0 0 0 0 0 0 0 0 0 0 0 0 0 0 0 0 1 0 0 0 0 0 0 0 0 0 0 0 0 0 0 0 0 0 0 2 0 0 0 0 0 0 3 2 2 2 1 3 12 13 1 0 0 0 0 0 0 0 0 0 0 0 0 1 0 0 0 0 0 0 0 0 20 0 0 0 0 0 0 0 0 0 0 0 0 0 0 
 40 86 287 169 94 96 78 383 0 299 327 122 275 131 244 140 112 49 208 274 3 0 16 3 5 13 1 0 3 5 0 0 61 0 3 0 3 3 77 5 3 0 13 0 2 2 3 0 0 2 0 63 0 0 4 0 5 0 0 1 2 0 0 3 0 0 3 2 0 3 0 2 2 0 28 39 2 0 0 0 1 10 20 0 0 6 20 12 25 1 10 0 16 33 36 0 19 0 36 27 0 0 0 0 0 0 0 0 6 0 0 0 15 0 10 0 0 0 2 10 0 0 0 0 0 0 1 0 0 0 0 0 0 0 0 0 0 0 0 0 0 0 1 15 0 10 0 0 0 9 0 0 0 7 0 0 0 0 7 11 9 19 11 0 16 0 4 2 0 35 0 9 19 27 1 9 52 24 18 0 0 0 0 0 0 0 0 0 0 0 0 2 1 19 0 1 0 0 0 10 0 0 0 0 0 0 1 0 0 0 0 0 0 0 0 0 0 0 0 0 0 0 0 0 0 12 0 0 0 0 0 0 0 0 0 0 0 0 0 0 0 0 0 0 0 0 1 0 0 0 0 0 1 0 0 0 0 0 0 0 0 0 0 44 0 0 0 0 0 2 0 0 0 0 0 0 0 0 0 0 0 0 0 0 0 0 0 0 0 0 
 34 316 71 140 404 156 52 251 299 0 410 149 346 266 92 94 67 258 105 289 0 0 3 3 3 0 0 1 0 2 0 0 82 0 0 0 3 0 153 78 3 0 6 0 2 0 3 0 0 0 0 0 0 0 2 0 8 3 0 0 2 50 0 0 0 0 51 3 0 1 0 0 0 0 0 10 0 0 0 0 9 0 12 14 19 13 0 32 14 0 26 1 17 48 18 0 36 18 0 0 38 0 23 0 0 0 1 0 0 22 0 0 24 0 0 0 0 30 19 16 0 0 0 0 0 0 0 0 0 0 14 0 0 0 0 0 0 0 0 0 0 0 0 0 0 0 0 21 0 0 0 0 0 0 0 0 0 1 0 0 25 18 10 21 12 15 0 7 1 21 19 22 0 12 1 9 49 19 0 0 13 1 5 0 0 0 35 0 14 0 0 0 0 0 10 0 2 23 11 0 0 0 0 0 0 0 0 0 0 0 0 0 0 0 0 0 0 0 7 2 0 0 0 0 0 0 0 0 0 0 0 0 0 0 0 0 1 0 0 0 0 0 0 0 0 0 0 3 2 1 0 19 0 2 0 0 0 0 0 0 0 0 0 0 0 0 2 0 0 0 0 0 0 0 0 0 0 0 0 0 0 0 0 0 0 0 0 0 0 0 
 226 255 216 552 204 70 191 23 327 410 0 151 160 335 348 192 193 246 254 87 0 0 4 3 3 0 24 30 0 0 0 0 1 73 0 0 5 0 21 3 3 0 1 0 2 0 3 0 0 0 0 0 0 0 3 0 5 0 0 2 2 0 0 0 0 0 0 0 0 0 0 0 0 0 0 4 0 0 0 0 0 40 13 10 48 1 9 10 28 0 2 0 12 13 27 0 0 0 0 23 0 0 0 0 0 0 25 0 0 0 0 0 0 14 0 0 16 0 15 9 8 0 0 0 0 0 27 1 0 0 0 0 0 0 0 0 0 0 0 0 0 0 0 0 0 12 0 0 2 0 0 0 0 0 1 0 8 0 0 0 0 0 0 21 29 9 0 2 12 13 27 7 0 14 0 8 9 8 0 0 7 10 0 0 0 0 10 5 18 0 20 0 2 0 0 0 0 0 2 38 0 0 0 0 0 0 0 2 0 0 0 0 0 0 0 0 0 0 0 0 0 0 0 0 0 0 0 0 0 0 0 0 0 0 0 0 0 0 0 0 0 0 0 0 0 0 55 0 1 0 2 8 1 0 0 0 0 0 0 0 0 0 0 0 0 0 0 0 0 0 0 0 0 0 0 10 11 12 0 0 0 0 0 0 0 0 0 0 0 0 
 44 122 236 145 450 176 331 57 122 149 151 0 248 134 261 214 172 169 50 55 0 2 3 80 6 2 0 5 0 61 0 0 78 36 0 0 3 2 4 4 3 0 4 0 2 0 3 0 0 3 0 0 0 0 3 0 7 68 0 2 2 0 0 0 0 0 0 0 0 0 0 0 2 0 0 0 0 0 0 0 0 30 23 10 11 98 0 31 0 0 35 25 0 15 49 18 7 18 0 0 0 0 0 0 0 0 21 0 0 0 0 0 30 9 11 0 1 0 22 0 0 0 0 0 0 0 0 0 17 0 0 0 0 0 9 0 1 0 0 0 0 0 0 0 5 0 0 0 0 0 1 0 0 0 0 0 0 0 0 17 0 11 0 5 32 88 1 0 19 27 21 22 0 21 20 37 11 19 1 0 44 0 16 0 0 0 0 2 25 0 0 0 17 0 0 0 0 0 10 11 2 0 0 1 0 0 0 0 0 0 0 1 0 0 0 0 1 11 0 0 0 0 0 0 0 2 0 0 0 0 0 0 0 0 0 0 14 0 0 0 0 0 0 0 0 4 2 0 2 8 2 11 1 0 0 0 0 0 0 0 0 0 0 0 0 0 0 0 0 0 0 3 0 0 0 0 19 2 0 0 0 0 0 0 0 0 0 0 0 0 
 490 126 169 69 69 32 215 423 275 346 160 248 0 81 317 186 105 118 116 88 0 0 3 3 3 0 0 0 0 0 1 0 0 0 0 0 4 2 0 3 9 0 0 0 2 0 3 0 0 0 0 0 0 0 3 0 5 0 0 0 2 0 0 0 0 0 0 0 0 0 0 0 0 0 0 9 0 0 0 0 14 14 25 18 0 11 0 14 33 1 0 0 43 10 17 16 1 14 22 31 0 0 0 0 0 0 0 0 0 0 0 0 0 0 0 0 0 0 0 0 0 0 0 0 0 0 0 1 0 0 0 0 0 8 0 0 0 0 0 0 0 0 0 0 0 0 0 0 0 0 0 0 13 1 0 0 0 0 5 0 0 2 0 10 41 4 0 34 18 14 0 0 17 24 0 8 17 11 54 10 0 0 0 0 0 0 0 0 0 0 0 0 0 0 0 0 0 0 0 0 0 0 0 0 0 0 0 1 0 0 0 0 0 0 0 0 0 0 0 0 0 0 0 0 0 0 0 0 0 0 0 0 0 7 0 0 0 0 0 0 0 0 0 0 0 1 1 0 2 1 0 2 1 0 0 0 0 0 0 0 0 0 0 0 0 0 0 0 0 0 0 0 0 0 0 0 0 0 0 0 0 0 0 0 0 0 0 0 0 0 
 120 66 319 158 82 38 38 63 131 266 335 134 81 0 158 228 290 139 489 258 1 0 3 3 3 0 1 0 0 2 0 0 5 0 0 0 3 0 0 3 3 0 7 0 2 0 3 0 0 0 0 0 0 0 3 0 5 0 0 1 2 0 0 0 62 0 0 0 0 0 0 0 0 0 1 0 0 0 0 0 1 14 36 11 5 20 25 13 18 7 0 0 2 54 24 0 8 0 0 14 0 0 0 0 0 0 37 6 0 0 0 0 18 1 0 0 0 0 38 0 0 0 0 0 0 2 0 0 0 0 0 0 0 0 0 0 0 0 0 0 0 0 6 0 0 10 0 0 0 0 0 0 0 0 0 0 2 0 0 0 11 0 0 0 28 16 1 1 0 52 34 17 1 32 22 11 32 18 1 13 0 2 0 0 0 0 0 0 0 14 0 0 0 0 0 0 0 0 0 0 0 0 0 0 0 0 0 0 0 0 0 0 0 0 0 0 0 0 0 0 0 0 0 0 1 0 0 0 0 1 0 0 0 0 0 0 0 0 0 0 0 0 0 0 0 0 0 0 1 0 1 10 1 0 0 0 0 0 0 0 0 0 0 0 0 0 0 0 0 0 0 0 0 0 0 0 0 0 0 0 0 0 0 0 0 0 0 0 0 0 
 215 140 65 60 65 260 230 247 244 92 348 261 317 158 0 108 107 208 145 181 0 0 3 4 3 0 0 3 0 2 1 0 0 0 0 0 5 1 29 3 8 0 3 0 2 0 3 1 0 0 64 0 0 0 2 0 3 0 0 2 2 0 0 0 0 0 3 0 0 3 0 0 0 0 0 0 2 0 0 0 1 27 14 13 10 19 0 1 8 17 0 0 0 31 23 21 2 13 22 30 0 0 1 0 0 0 15 15 0 0 0 0 0 0 12 0 0 1 0 6 0 0 0 0 0 0 0 0 0 0 2 0 0 0 0 2 0 0 0 0 0 22 0 2 1 0 0 0 0 11 0 11 0 4 1 0 0 0 3 2 0 8 8 13 9 0 0 12 14 1 20 4 17 7 31 10 0 0 26 10 7 0 0 0 0 2 0 20 0 2 0 0 0 0 0 0 1 0 0 0 0 0 0 0 0 0 0 0 0 0 0 0 0 0 0 17 0 0 0 0 0 0 0 0 0 0 0 0 0 0 0 0 0 0 0 0 0 0 0 0 0 0 0 0 0 0 0 2 0 2 0 14 14 0 0 0 0 0 0 0 0 0 0 0 0 0 0 0 0 0 0 0 0 0 0 8 0 0 0 0 0 0 0 0 0 0 0 0 0 0 
 44 459 36 35 86 175 433 50 140 94 192 214 186 228 108 0 368 51 46 202 0 3 3 6 3 76 0 0 0 4 2 2 0 74 0 6 3 0 107 76 5 0 3 0 2 0 6 5 0 5 5 0 0 0 2 3 9 2 0 2 2 3 0 0 35 3 3 0 0 3 6 0 0 0 0 3 1 0 0 0 0 26 0 15 7 2 0 9 45 16 35 19 3 21 10 0 20 0 1 22 1 0 0 0 0 0 21 0 0 0 0 0 12 14 0 0 0 0 3 0 0 0 0 0 0 0 0 0 0 0 0 0 0 0 0 0 0 0 0 0 0 0 0 0 4 0 0 0 0 0 0 0 0 0 0 0 0 0 0 0 3 22 0 13 33 52 0 12 14 0 7 21 0 9 0 12 13 24 0 0 33 0 22 0 0 0 44 0 1 0 20 0 31 0 0 0 0 0 0 31 0 0 0 0 0 0 0 0 0 0 0 0 0 0 0 15 0 0 0 0 0 24 0 0 0 0 0 0 0 0 0 0 0 0 0 0 10 0 0 0 0 0 0 0 0 1 0 2 1 0 0 5 0 0 0 0 0 0 0 0 2 0 0 0 0 0 0 0 0 0 0 0 0 0 0 0 10 0 0 0 0 0 0 0 0 0 0 0 0 0 
 28 225 100 43 43 141 125 33 112 67 193 172 105 290 107 368 0 143 118 34 0 0 4 3 3 75 0 2 1 1 0 1 0 0 0 0 3 0 6 3 3 0 1 0 2 0 3 3 0 0 0 0 0 0 5 0 5 2 0 2 2 0 2 0 0 0 0 0 0 0 0 0 0 0 0 0 0 60 0 31 13 59 14 18 40 63 13 0 35 51 28 0 18 26 10 12 20 2 0 0 10 0 2 0 0 0 1 14 0 0 0 0 2 3 23 0 0 2 0 0 0 0 0 0 0 0 0 0 0 0 0 0 0 0 0 1 0 0 0 0 0 0 0 1 4 0 0 0 3 0 0 0 0 1 2 0 0 0 0 1 1 0 0 16 26 46 0 0 55 1 41 22 0 0 0 21 2 14 16 0 32 0 1 0 0 0 0 19 13 0 0 0 16 23 0 0 0 0 34 0 0 0 0 0 0 0 0 0 0 0 0 0 0 0 0 14 0 0 0 0 0 0 0 1 0 0 0 0 0 0 0 0 0 0 0 0 0 0 0 0 0 0 0 0 0 1 0 0 4 47 13 15 0 0 0 0 0 0 0 0 0 0 0 0 0 0 0 0 0 0 0 0 0 0 0 1 0 14 0 0 0 0 0 0 0 0 0 0 0 0 
 16 96 60 36 601 60 122 385 49 258 246 169 118 139 208 51 143 0 96 183 18 0 3 3 3 0 0 0 0 2 0 0 0 0 3 2 3 0 146 3 7 0 2 0 2 0 3 0 0 0 0 63 0 0 2 0 2 0 0 2 2 0 0 0 0 0 2 0 0 2 0 0 0 0 0 0 1 0 0 0 21 14 11 20 0 33 13 6 12 15 16 10 7 46 13 39 13 11 16 0 19 0 0 0 0 0 13 0 0 0 0 0 10 0 0 8 0 18 19 0 0 0 0 0 0 0 2 0 0 0 0 0 1 0 0 0 0 13 0 0 0 0 0 0 0 8 0 4 0 0 0 0 0 2 0 0 0 0 0 0 41 15 14 32 0 0 22 1 13 36 0 19 0 5 11 2 14 6 23 15 11 6 0 0 0 0 0 0 15 0 0 0 0 0 16 0 0 1 10 8 0 0 0 0 0 0 0 0 0 0 0 0 0 0 0 0 0 0 0 0 0 0 0 0 0 0 0 0 0 0 0 0 19 0 0 0 0 0 0 0 0 0 0 0 0 5 0 1 5 101 6 13 10 0 0 0 0 0 0 0 33 0 0 0 0 0 0 0 0 0 0 0 0 0 0 32 0 0 0 0 0 0 0 0 0 0 0 0 0 0 
 219 51 272 89 71 62 65 84 208 105 254 50 116 489 145 46 118 96 0 217 0 0 3 3 3 2 0 0 0 4 0 0 0 0 0 0 3 2 0 4 3 0 1 0 6 0 3 3 0 2 2 0 0 0 3 0 5 0 2 2 2 0 0 0 10 4 0 0 0 0 0 0 0 0 2 0 0 0 0 0 24 40 42 11 0 13 19 0 0 24 0 0 2 25 12 0 0 0 18 21 0 0 0 0 0 0 0 0 0 0 0 0 0 0 0 0 2 0 0 0 0 2 0 2 0 0 13 0 0 0 0 0 0 0 0 0 0 0 0 0 0 0 5 0 0 0 0 0 0 0 0 0 0 0 0 0 0 0 0 0 10 1 0 0 0 0 11 0 0 0 0 0 16 11 22 0 13 8 11 24 0 0 0 0 0 0 0 0 0 0 0 0 0 0 0 1 0 0 0 0 0 0 0 0 0 0 2 0 0 0 15 0 0 0 0 19 0 0 0 0 0 0 0 0 0 0 0 0 0 0 0 0 0 0 0 0 2 7 0 0 0 0 0 0 0 3 0 0 4 1 12 15 0 0 0 0 0 0 0 0 0 0 0 0 0 0 0 0 0 1 0 0 0 0 0 0 0 0 0 0 0 0 0 0 0 0 0 0 0 0 
 128 430 148 271 185 48 240 218 274 289 87 55 88 258 181 202 34 183 217 0 5 1 3 3 3 0 0 74 0 1 0 0 0 0 0 0 3 0 0 44 3 0 3 0 2 0 3 0 0 0 0 0 0 0 2 0 2 0 0 2 2 0 0 0 0 0 3 0 0 3 0 0 0 0 52 23 54 0 0 0 22 9 26 38 0 0 40 26 38 18 0 0 22 25 32 20 0 0 37 15 0 0 0 0 0 0 0 0 2 0 0 0 0 0 0 1 0 0 1 0 0 0 0 0 0 14 0 0 0 0 0 2 0 0 2 0 0 0 0 0 0 0 0 0 0 11 0 5 0 0 0 0 0 2 0 0 0 0 2 0 63 10 20 3 17 0 26 0 0 25 0 9 10 30 16 17 27 31 52 14 0 0 0 6 0 0 0 0 13 1 2 0 0 0 0 0 0 0 0 0 0 0 0 0 0 0 0 0 0 0 0 0 0 0 0 0 0 0 0 0 0 0 0 0 2 0 0 0 0 0 0 0 0 0 0 0 0 0 0 0 0 0 0 0 0 0 0 3 4 2 14 6 5 0 0 0 0 0 1 0 37 0 0 0 0 0 0 0 0 2 0 0 0 2 0 0 0 0 0 0 0 0 0 0 0 0 0 0 0 0 
 35 0 0 0 2 35 0 0 3 0 0 0 0 1 0 0 0 18 0 5 0 404 99 216 28 46 95 135 198 77 108 105 281 294 31 69 100 243 37 204 0 0 3 3 2 0 0 0 3 0 2 2 0 3 1 8 1 0 3 1 0 0 0 0 2 0 0 0 0 0 0 3 1 0 0 0 52 30 2 1 0 0 0 0 1 0 0 0 0 0 0 0 0 0 0 0 0 0 0 0 18 60 13 0 30 0 0 28 30 22 18 17 12 47 27 26 41 65 0 22 0 0 0 0 0 0 0 0 0 1 0 23 2 0 0 0 0 0 0 0 0 0 0 0 0 0 0 0 0 0 0 0 0 0 0 21 0 0 0 0 0 2 6 0 0 15 0 0 0 0 0 0 0 1 0 0 0 0 0 0 0 24 0 24 0 28 35 11 0 6 14 30 7 1 37 18 51 0 1 13 0 0 0 0 0 0 0 0 1 0 0 0 0 0 0 0 0 0 15 15 0 0 1 0 0 0 1 0 0 0 0 0 0 0 0 0 0 0 0 0 0 0 1 0 0 0 0 0 0 0 0 0 0 0 0 0 0 1 78 1 1 0 0 0 0 0 0 0 0 0 0 18 0 0 0 1 0 0 0 0 0 18 0 0 0 0 0 0 0 0 
 3 1 0 0 2 0 0 0 0 0 0 2 0 0 0 3 0 0 0 1 404 0 93 283 193 89 547 136 87 190 192 131 113 109 210 53 450 126 57 323 0 0 3 0 0 0 61 0 0 0 0 2 0 64 1 7 0 0 3 1 0 0 0 0 0 0 0 0 0 0 0 3 1 0 0 0 0 2 2 0 0 0 0 0 0 0 19 0 0 0 0 0 0 0 0 0 0 0 0 1 0 19 17 9 1 2 0 20 17 7 17 14 13 22 0 22 10 14 0 2 0 0 0 0 0 0 13 1 0 0 0 0 8 1 0 0 0 0 0 0 0 0 5 0 0 0 0 0 0 0 0 0 0 0 0 8 0 0 0 0 0 0 0 0 0 0 0 1 0 8 0 6 0 0 0 0 0 0 0 0 0 1 31 12 11 37 0 21 8 39 11 17 0 10 22 11 41 21 0 0 1 0 0 0 0 0 12 0 0 0 0 2 12 10 0 0 0 0 61 9 0 0 0 1 2 0 0 0 0 2 0 2 0 0 0 0 0 0 2 0 0 0 8 0 0 0 0 0 0 0 0 0 0 0 0 0 1 0 82 0 15 0 0 0 0 0 0 0 0 0 0 0 0 0 0 0 0 0 0 0 0 0 0 0 0 0 11 0 0 0 
 0 3 3 3 10 3 3 3 16 3 4 3 3 3 3 3 4 3 3 3 99 93 0 217 133 124 80 144 158 137 170 124 394 41 147 137 47 52 67 57 4 0 3 9 1 1 65 0 3 0 0 6 1 76 0 3 0 0 2 3 5 44 0 2 4 0 2 6 3 4 3 8 3 0 2 41 2 6 3 3 0 0 0 0 1 0 0 0 0 0 0 0 0 0 0 0 0 0 0 0 13 13 7 33 26 1 9 10 0 9 19 29 0 15 0 0 34 0 11 10 0 0 8 0 0 0 14 1 13 1 0 0 13 12 0 0 0 0 21 14 0 0 0 0 0 0 0 0 0 0 0 0 0 0 4 0 0 0 0 0 0 2 0 0 0 0 0 0 12 0 0 1 0 0 0 5 0 0 12 4 0 0 14 0 14 14 13 19 0 28 44 2 0 12 0 1 14 9 10 15 75 0 0 0 0 0 28 0 2 0 0 0 10 27 1 11 0 0 14 31 19 0 1 0 0 0 0 0 0 0 0 0 0 0 0 0 0 0 0 0 0 0 12 0 0 0 1 0 0 0 0 0 0 0 1 0 2 3 3 0 2 2 0 0 0 0 33 0 0 0 0 0 0 0 0 14 0 0 0 1 0 0 0 0 0 13 13 0 0 0 
 5 3 3 3 3 3 3 3 3 3 3 80 3 3 4 6 3 3 3 3 216 283 217 0 64 18 111 83 244 60 205 195 161 137 62 27 194 119 107 263 85 0 3 0 0 0 24 1 0 0 0 2 22 167 66 6 0 1 29 340 0 0 0 0 0 0 0 0 8 0 0 3 1 0 50 0 0 2 2 0 0 0 0 0 0 0 0 0 0 0 0 0 0 0 0 0 0 0 0 0 11 31 13 1 20 19 0 17 1 9 12 1 0 11 0 0 12 16 0 0 0 0 0 0 0 0 20 0 22 0 0 0 1 4 0 0 0 11 20 22 5 3 0 3 0 0 0 0 0 0 0 0 0 0 0 41 0 0 0 7 0 0 0 0 0 0 0 0 10 0 0 0 4 0 0 6 0 2 0 3 0 1 1 2 24 28 0 14 0 17 17 6 0 0 24 0 21 0 0 0 23 12 0 0 0 0 14 0 0 0 0 0 5 17 17 19 0 0 0 0 0 0 0 14 0 0 0 0 0 0 0 0 0 0 0 0 0 0 0 0 0 0 0 0 0 0 0 0 0 0 0 0 0 0 9 0 0 9 76 3 4 0 0 0 0 0 35 0 0 0 0 0 0 0 0 0 0 0 0 0 0 19 0 0 0 0 0 0 0 0 
 3 3 3 4 3 3 3 7 5 3 3 6 3 3 3 3 3 3 3 3 28 193 133 64 0 155 75 173 345 94 202 105 312 79 99 512 110 84 120 157 62 0 4 0 0 0 0 0 0 0 0 2 57 3 1 3 1 0 3 3 0 0 0 0 0 0 3 0 0 0 0 3 2 0 0 0 0 2 2 2 0 0 0 0 0 0 0 2 0 0 2 0 0 0 0 0 0 1 0 0 0 0 0 35 0 28 0 0 0 0 0 37 0 0 0 12 0 0 0 0 28 0 19 4 0 0 1 0 34 7 0 0 17 7 11 0 0 0 20 17 0 3 0 2 0 1 0 0 0 2 0 0 0 0 0 2 0 0 0 0 0 0 0 0 0 0 0 0 0 8 0 6 0 0 0 0 2 0 0 0 0 32 2 0 24 29 0 18 47 11 12 10 0 5 9 0 0 28 0 0 14 1 0 19 0 0 0 0 11 0 0 0 1 7 0 30 0 10 29 1 0 0 0 0 0 0 0 0 0 0 0 0 0 0 0 1 0 0 0 0 0 0 0 0 0 2 0 0 0 0 0 0 0 0 0 0 1 42 75 0 19 0 0 0 1 0 0 0 0 0 0 0 0 0 0 0 0 0 0 0 0 0 0 0 0 0 0 0 0 0 
 2 0 0 0 0 0 0 5 13 0 0 2 0 0 0 76 75 0 2 0 46 89 124 18 155 0 48 106 400 138 225 131 35 45 132 471 156 149 74 94 61 69 3 0 0 1 0 53 0 0 0 2 130 3 3 3 1 67 135 52 0 0 0 0 0 0 0 0 1 0 0 3 2 0 0 0 0 2 3 0 0 0 2 0 0 0 0 0 0 0 0 0 0 1 0 0 0 0 0 0 0 0 0 38 18 15 0 0 0 0 43 19 0 0 13 0 0 0 0 0 11 0 2 15 13 0 17 11 2 23 16 0 1 11 13 5 10 9 18 70 0 0 0 0 0 0 0 0 1 0 0 0 1 0 0 0 0 0 0 0 0 0 0 0 0 0 1 0 0 0 0 0 0 0 0 0 0 0 0 14 0 19 10 0 24 9 0 0 15 0 2 22 0 0 0 1 0 27 0 0 8 13 24 5 0 0 31 16 47 0 3 21 0 16 12 18 0 12 1 11 0 0 0 0 0 0 0 0 0 0 0 0 0 0 0 0 0 0 0 0 0 0 0 0 0 0 0 0 0 0 0 0 0 0 19 0 0 109 0 5 3 20 0 0 0 0 0 0 0 8 0 0 0 0 0 0 0 0 0 20 0 0 0 0 5 15 20 0 0 0 
 0 4 0 64 2 75 0 2 1 0 24 0 0 1 0 0 0 0 0 0 95 547 80 111 75 48 0 190 297 31 111 116 192 39 194 85 260 174 87 266 1 0 3 3 5 3 0 2 0 2 0 5 0 5 1 65 4 0 3 0 64 2 5 3 1 0 0 6 3 3 3 3 1 0 2 0 0 2 2 1 0 0 1 8 23 1 0 0 0 56 0 21 0 0 0 0 0 0 0 0 9 0 8 1 0 0 12 9 9 12 0 0 0 9 3 0 0 0 24 9 0 0 0 0 0 0 0 0 0 0 0 0 0 0 0 0 0 0 1 0 0 0 0 0 0 3 0 0 4 0 0 0 2 0 1 0 0 0 0 0 0 0 0 0 0 0 0 0 0 0 33 0 0 0 0 0 0 0 0 0 2 0 5 0 0 0 10 7 0 0 0 0 0 18 0 10 36 16 0 10 0 0 0 0 0 0 0 0 0 0 1 1 16 0 0 0 0 0 12 0 0 0 0 0 15 0 0 0 0 0 0 0 0 0 0 0 0 0 0 0 0 9 0 0 0 0 101 0 0 0 0 0 0 0 11 0 1 0 0 0 3 0 19 0 0 0 0 0 0 0 2 0 0 0 0 10 0 9 0 0 0 0 0 0 0 0 0 0 0 0 
 0 88 0 62 21 74 0 0 0 1 30 5 0 0 3 0 2 0 0 74 135 136 144 83 173 106 190 0 390 103 102 48 117 146 205 192 376 318 79 127 0 1 3 2 0 3 0 0 1 0 0 6 2 3 3 5 5 28 4 3 2 2 0 0 0 6 2 0 0 0 5 4 8 0 0 0 11 2 7 1 0 0 0 0 13 2 1 0 0 0 0 10 0 0 0 0 0 0 0 0 0 0 9 12 1 0 18 0 26 10 0 0 5 8 114 8 37 0 12 7 2 0 0 0 0 0 15 0 0 0 0 0 0 1 0 2 0 0 1 0 0 0 0 0 0 0 1 0 3 0 0 0 0 10 0 0 0 0 0 0 0 0 6 0 0 29 0 9 7 2 8 0 0 0 0 0 0 0 0 0 0 7 0 9 12 4 10 1 15 9 10 17 11 0 10 25 16 8 15 20 0 0 0 0 0 0 35 0 0 0 0 0 13 0 0 0 0 0 38 0 0 0 0 0 8 0 0 0 0 1 0 2 0 1 0 0 0 0 0 0 0 0 0 0 0 0 68 0 0 0 0 0 0 0 8 0 0 1 0 3 3 0 15 0 0 0 0 0 0 0 0 0 0 0 0 10 0 20 0 1 0 0 0 0 0 0 28 0 0 0 
 0 124 2 0 0 35 0 3 3 0 0 0 0 0 0 0 1 0 0 0 198 87 158 244 345 400 297 390 0 95 77 252 198 366 165 393 124 117 115 524 0 0 3 0 0 0 0 0 0 0 0 2 1 3 0 3 0 0 68 63 0 51 46 0 0 0 0 0 0 0 0 3 2 0 0 0 0 2 3 0 0 0 0 0 0 0 0 0 0 0 0 0 0 1 0 0 0 0 0 0 11 19 1 7 12 13 0 18 10 19 25 0 0 17 27 3 40 25 0 0 1 0 0 0 0 0 16 0 0 0 0 0 0 0 0 0 0 0 1 0 0 0 0 0 0 0 0 0 0 0 0 0 0 0 0 6 0 0 0 0 0 0 6 0 0 0 0 0 0 0 0 0 0 0 0 0 0 0 0 0 0 25 10 7 46 15 16 0 16 10 21 39 0 0 32 36 0 2 1 1 1 0 0 0 0 0 35 0 0 0 0 0 0 0 0 0 0 0 35 11 0 0 0 0 0 2 0 0 0 0 0 0 0 0 0 0 0 0 0 2 0 0 0 0 0 0 0 0 0 0 0 0 0 0 5 0 4 91 1 0 2 16 0 0 0 0 0 0 0 0 0 0 0 0 0 0 0 0 0 12 0 11 0 0 0 0 24 0 0 0 
 2 207 2 6 74 3 3 2 5 2 0 61 0 2 2 4 1 2 4 1 77 190 137 60 94 138 31 103 95 0 412 113 235 178 180 250 206 142 118 478 0 0 3 0 0 0 0 0 0 0 0 2 0 3 1 4 1 0 3 2 0 0 0 0 0 0 0 0 0 41 3 3 1 0 5 0 0 12 2 0 1 5 0 0 0 0 0 0 0 0 0 9 0 0 5 0 0 0 0 0 30 38 21 11 15 0 1 0 57 18 48 22 10 0 0 59 0 27 0 12 0 0 0 0 0 0 0 0 10 0 0 15 6 0 0 0 0 0 0 1 0 0 0 0 0 0 0 0 0 8 0 0 0 0 0 0 0 0 0 0 0 0 0 0 0 13 0 0 0 0 0 3 1 0 0 6 0 0 0 9 0 30 8 34 24 26 41 0 0 14 0 12 12 1 0 17 48 0 27 20 0 0 0 0 0 0 0 0 0 0 0 0 0 0 0 0 0 0 29 9 0 0 0 0 0 0 0 0 0 0 0 0 0 0 0 0 0 0 0 0 0 0 0 0 0 0 1 0 2 0 0 0 0 0 2 0 2 0 76 0 15 2 0 0 0 0 0 0 0 0 0 0 0 0 0 0 0 0 0 0 0 0 0 0 0 0 0 0 0 0 
 1 0 0 1 0 2 0 5 0 0 0 0 1 0 1 2 0 0 0 0 108 192 170 205 202 225 111 102 77 412 0 240 61 52 189 452 200 234 50 70 28 0 3 0 0 0 0 1 0 0 29 2 127 165 1 8 2 0 6 73 0 0 0 5 0 0 0 45 3 0 1 7 6 0 0 0 4 2 4 0 0 19 10 1 0 1 0 0 0 0 0 0 0 0 0 0 0 0 0 0 4 21 0 40 71 27 0 9 1 15 28 16 0 7 10 12 41 0 0 0 0 0 2 0 0 0 16 0 0 0 0 0 7 7 1 0 0 2 10 11 2 57 0 6 0 0 0 0 0 0 1 0 0 0 0 0 0 0 0 0 0 0 0 0 0 0 0 0 0 9 0 16 0 0 0 0 0 0 0 0 0 0 13 0 55 1 0 31 0 2 32 22 0 21 1 9 22 2 0 0 27 10 0 0 2 0 26 0 0 0 0 0 13 18 0 0 22 0 34 0 0 0 0 0 0 0 0 0 0 0 0 0 0 0 0 0 0 0 23 0 0 0 0 0 0 0 0 0 0 0 0 0 0 0 6 1 5 150 115 0 20 0 0 0 0 0 51 0 2 0 0 0 0 0 0 0 0 0 0 27 0 42 0 0 0 0 19 0 0 0 
 6 0 0 0 0 0 0 3 0 0 0 0 0 0 0 2 1 0 0 0 105 131 124 195 105 131 116 48 252 113 240 0 88 232 110 260 119 98 257 67 62 0 3 0 0 0 67 0 0 0 0 2 3 100 0 3 0 3 2 64 0 0 0 0 0 0 0 0 4 0 0 3 2 0 0 0 2 2 3 0 0 0 0 0 0 0 0 2 0 0 2 0 15 0 0 0 0 1 0 0 0 1 15 8 10 32 0 2 49 11 21 21 0 0 0 0 13 0 0 0 19 0 0 2 0 0 36 1 39 0 0 0 5 18 19 0 1 29 27 5 4 5 0 8 0 0 0 0 0 2 0 0 0 0 0 0 0 0 0 1 1 0 0 0 0 0 0 0 2 0 0 14 1 0 0 8 0 0 0 5 0 0 12 0 37 13 0 17 0 28 12 0 0 4 0 0 26 8 0 0 27 11 3 20 0 0 25 0 0 0 0 0 32 17 2 6 0 13 12 44 0 0 0 0 0 0 0 0 0 0 0 0 0 0 0 0 0 4 0 0 0 0 0 0 0 0 0 0 0 0 0 0 0 0 0 0 1 7 4 0 6 0 0 0 0 0 12 0 0 0 23 0 0 0 0 0 0 0 0 0 0 6 0 0 0 0 19 0 0 0 
 2 1 0 84 74 213 0 0 61 82 1 78 0 5 0 0 0 0 0 0 281 113 394 161 312 35 192 117 198 235 61 88 0 152 250 34 41 161 226 304 0 0 7 0 0 0 0 0 0 0 0 2 0 3 1 3 2 0 3 2 0 0 43 0 0 0 0 0 0 0 0 31 2 0 0 0 0 2 3 0 0 0 12 3 0 11 0 0 0 0 13 12 0 0 0 0 1 0 0 0 13 40 45 0 0 0 9 35 33 18 17 0 30 15 29 0 19 16 2 27 0 0 20 0 0 0 0 0 0 0 0 10 0 0 0 0 0 0 0 2 0 0 0 0 0 0 0 0 0 0 0 0 0 0 1 0 0 0 0 0 0 0 5 0 0 13 0 3 0 0 5 0 0 0 0 0 27 29 0 0 0 21 4 11 0 6 10 22 0 33 0 1 14 32 0 10 12 7 13 13 0 0 0 0 0 0 0 0 0 0 0 0 11 13 0 0 0 21 1 0 0 0 0 0 0 0 0 0 0 0 0 0 0 0 0 0 0 0 0 0 0 0 0 0 0 0 0 0 0 0 0 0 0 0 6 1 0 0 0 0 3 0 114 0 0 0 0 0 0 0 0 0 0 0 0 0 0 0 0 0 0 0 0 0 0 0 0 0 0 0 
 0 3 0 76 74 1 0 0 0 0 73 36 0 0 0 74 0 0 0 0 294 109 41 137 79 45 39 146 366 178 52 232 152 0 313 40 20 162 357 115 0 2 5 0 0 0 0 0 2 0 0 2 0 3 3 9 4 0 64 2 1 0 0 0 0 0 0 3 0 0 0 3 3 0 0 0 0 37 10 0 0 0 0 0 47 0 0 0 0 0 13 14 0 0 0 0 0 0 0 0 0 13 30 0 25 0 19 11 19 40 2 0 9 15 3 25 10 25 9 41 0 0 0 0 0 0 0 0 0 0 0 0 0 0 0 0 0 0 0 0 0 0 0 0 0 0 0 0 0 0 0 0 0 0 0 2 0 20 0 0 0 11 0 0 18 9 0 6 0 1 20 11 0 0 12 0 0 0 0 0 9 19 40 17 0 8 28 12 23 0 2 14 7 0 7 20 9 19 34 18 0 0 0 0 0 0 0 0 0 0 0 0 14 0 0 0 0 0 0 11 15 0 0 0 0 0 0 0 0 0 13 0 0 0 0 0 0 0 0 0 0 0 0 0 0 0 0 0 1 0 0 1 0 0 6 0 2 0 41 2 0 11 0 0 0 0 0 0 0 0 0 0 0 0 0 0 7 0 0 0 0 2 0 0 0 0 0 0 0 0 
 0 0 0 0 94 47 0 0 3 0 0 0 0 0 0 0 0 3 0 0 31 210 147 62 99 132 194 205 165 180 189 110 250 313 0 247 277 308 116 424 0 0 3 0 0 0 0 0 0 0 0 2 0 3 0 3 1 0 2 67 0 0 0 0 0 0 0 0 0 0 0 3 2 0 0 0 0 3 3 3 0 0 0 11 0 0 0 7 0 0 0 13 0 0 0 0 0 0 0 0 19 79 24 35 21 13 6 9 1 7 50 57 2 18 11 11 0 0 39 9 0 0 0 0 0 0 0 0 10 7 0 45 9 0 0 0 0 0 0 3 0 0 0 0 0 0 0 0 0 0 0 0 0 0 4 0 0 0 0 16 0 0 28 0 0 15 0 0 0 3 0 6 0 0 0 8 0 0 0 4 0 0 23 0 36 12 19 9 0 0 0 10 0 16 0 23 13 0 10 22 0 0 0 0 0 0 14 0 0 0 2 0 0 0 0 0 0 0 32 5 2 0 0 0 0 0 2 0 0 0 0 0 0 0 0 0 0 0 0 0 0 0 0 0 0 0 76 0 0 0 0 0 0 0 4 0 0 99 75 0 15 0 7 0 0 0 0 0 0 0 0 2 0 0 0 10 0 0 0 23 0 0 0 0 0 0 0 0 0 0 
 0 0 0 0 34 0 0 3 0 0 0 0 0 0 0 6 0 2 0 0 69 53 137 27 512 471 85 192 393 250 452 260 34 40 247 0 223 24 63 291 62 0 3 0 0 0 0 0 0 0 0 2 84 3 2 3 2 0 4 62 0 0 0 0 0 0 0 0 0 0 0 91 1 0 0 0 0 4 2 0 0 0 0 0 0 0 0 0 0 1 0 4 2 0 0 0 0 0 0 0 0 0 11 26 12 21 0 0 17 42 95 12 0 2 0 32 0 1 0 0 0 0 13 0 0 0 0 0 1 0 0 0 5 0 0 0 0 0 15 24 2 1 0 0 0 0 0 2 0 0 0 0 0 0 0 0 14 2 0 0 8 0 0 0 0 0 0 0 0 6 0 15 0 0 0 0 0 0 0 0 0 12 17 1 15 20 4 0 0 11 9 0 8 14 12 4 10 12 19 11 1 2 0 0 0 0 2 0 0 0 0 0 0 0 0 1 0 0 37 15 0 0 0 0 0 0 2 0 1 0 0 0 0 0 0 0 0 18 0 0 0 1 0 0 0 0 2 0 0 0 0 0 0 0 5 0 0 79 5 0 31 1 18 0 0 0 0 0 0 0 0 0 0 0 0 0 0 0 0 13 0 1 0 0 0 10 0 0 0 0 
 2 6 3 5 37 79 3 3 3 3 5 3 4 3 5 3 3 3 3 3 100 450 47 194 110 156 260 376 124 206 200 119 41 20 277 223 0 328 46 29 62 0 3 0 0 0 63 0 0 0 0 2 63 3 0 3 19 0 2 2 0 0 0 0 0 0 0 48 0 0 0 3 3 0 0 0 0 2 3 0 0 0 0 0 0 0 0 0 0 0 0 5 0 0 0 0 0 0 0 0 12 14 27 46 0 20 1 0 16 14 15 1 0 0 0 39 1 8 0 15 0 0 0 0 0 0 14 0 1 0 0 0 0 1 0 2 0 0 0 4 0 7 0 0 0 0 0 0 0 0 0 0 0 0 0 0 0 0 0 0 0 0 0 0 0 0 0 0 7 2 0 1 1 0 0 8 0 0 0 8 0 26 14 17 1 26 1 0 14 24 11 9 23 13 18 6 9 29 19 31 8 1 0 0 0 0 13 0 0 0 0 0 11 0 1 0 0 0 18 9 0 0 0 0 0 0 0 0 0 0 0 2 0 0 0 0 0 0 0 0 0 0 0 0 0 0 0 0 1 0 0 0 0 0 3 0 0 38 1 2 2 0 18 0 0 0 0 0 0 0 0 0 0 0 0 0 0 0 0 0 0 0 0 0 0 0 0 0 0 0 
 0 0 0 0 0 36 0 4 3 0 0 2 2 0 1 0 0 0 2 0 243 126 52 119 84 149 174 318 117 142 234 98 161 162 308 24 328 0 42 96 62 0 3 0 0 0 0 0 0 0 0 2 20 3 1 7 2 2 4 2 0 0 3 0 0 0 0 0 0 0 48 3 1 0 2 0 0 11 2 0 0 0 0 0 0 0 0 0 0 0 0 0 0 0 0 0 0 0 0 0 14 29 25 7 23 12 1 18 44 38 14 0 0 33 28 10 46 42 0 17 0 1 0 0 0 0 0 0 0 0 0 0 0 0 0 0 0 0 0 8 0 2 9 0 0 0 0 0 0 0 0 0 0 0 1 0 0 0 0 0 0 0 8 0 0 0 0 0 0 0 0 0 0 0 0 0 0 0 0 0 0 25 0 9 1 12 0 11 0 18 31 6 18 0 24 19 43 20 0 0 0 2 0 9 14 0 0 0 0 0 0 0 20 0 0 0 0 0 2 1 0 0 0 0 0 0 0 0 0 0 0 0 0 9 0 0 2 0 0 0 0 0 0 0 0 0 0 0 0 0 0 0 0 0 8 14 0 3 75 0 2 3 0 0 0 0 0 0 0 0 0 0 0 0 0 0 0 0 0 0 0 47 0 0 0 0 0 0 0 0 
 0 2 95 133 13 74 0 45 77 153 21 4 0 0 29 107 6 146 0 0 37 57 67 107 120 74 87 79 115 118 50 257 226 357 116 63 46 42 0 143 0 0 4 0 0 0 0 2 0 61 3 2 0 6 3 3 5 0 2 3 5 0 0 4 0 0 0 2 1 0 0 3 3 1 2 0 2 45 3 0 0 24 1 0 24 27 1 0 10 23 34 43 0 10 0 8 3 0 0 1 7 0 1 0 0 2 33 16 0 39 0 0 28 13 24 0 0 8 39 17 0 0 0 0 0 0 1 0 0 21 16 0 0 1 0 0 0 0 0 0 0 0 0 0 1 0 0 0 2 0 0 0 0 0 0 0 0 0 0 0 0 29 0 2 7 40 11 0 3 8 28 1 0 0 19 0 1 0 0 0 58 2 12 1 0 0 37 23 51 0 0 0 0 7 16 0 1 1 11 21 0 0 0 0 0 0 0 0 0 0 0 2 0 0 0 0 0 0 0 0 0 0 0 0 0 0 0 0 0 2 0 2 0 0 0 0 0 0 2 0 0 10 0 0 0 0 61 0 73 76 0 0 0 0 85 0 0 0 0 0 3 2 0 0 0 0 0 0 0 0 2 0 0 0 0 30 0 11 0 0 0 0 0 0 0 0 0 0 0 0 
 3 3 77 80 4 78 3 3 5 78 3 4 3 3 3 76 3 3 4 44 204 323 57 263 157 94 266 127 524 478 70 67 304 115 424 291 29 96 143 0 8 0 3 3 2 97 0 0 3 0 0 2 0 3 72 4 3 3 3 0 0 0 0 0 3 1 1 0 5 2 5 59 1 0 0 0 1 6 2 3 1 1 0 14 10 5 0 0 0 0 19 27 0 0 0 1 0 0 0 0 36 53 56 0 0 0 0 1 12 41 26 9 35 10 4 0 9 20 9 25 0 0 0 0 0 0 0 0 0 0 14 7 0 0 0 0 0 0 2 0 0 0 0 0 0 0 0 0 0 0 0 0 0 0 2 0 0 0 0 0 0 11 0 0 14 16 0 11 0 11 0 0 0 0 0 0 0 0 0 0 9 24 21 32 28 66 51 0 32 5 21 51 9 0 13 8 28 18 11 15 0 0 0 0 0 0 0 0 0 0 0 0 0 6 0 0 0 0 17 0 0 0 0 0 0 0 0 0 0 11 0 0 2 0 0 0 0 0 0 0 0 0 0 0 0 0 2 0 74 0 9 0 0 2 0 0 3 0 2 0 2 0 0 0 0 0 0 0 0 0 0 0 0 0 0 0 0 0 0 0 0 17 0 0 0 0 0 0 0 0 
 6 6 3 3 3 3 3 4 3 3 3 3 9 3 8 5 3 7 3 3 0 0 4 85 62 61 1 0 0 0 28 62 0 0 0 62 62 62 0 8 0 113 166 122 289 27 143 117 322 123 60 37 121 195 255 147 32 255 111 260 2 0 0 0 0 0 0 2 4 4 0 0 0 0 1 0 3 0 1 2 1 11 0 3 0 0 0 1 0 0 0 0 8 0 0 11 0 3 8 0 0 0 0 18 20 29 0 0 0 0 0 0 0 0 1 1 0 0 0 0 8 0 62 29 0 0 0 11 11 0 0 14 0 10 0 0 21 0 0 11 2 8 0 4 0 0 0 0 0 0 0 0 0 0 0 0 0 0 0 0 1 5 1 1 0 1 0 0 0 1 0 1 0 1 0 0 0 0 13 2 0 0 1 0 6 0 0 0 0 0 0 0 0 0 0 0 0 0 8 0 0 29 15 2 0 0 0 13 6 11 0 0 33 18 9 0 8 0 0 10 0 0 0 0 0 0 0 0 0 0 0 0 0 0 0 0 0 0 0 0 0 0 0 0 0 0 0 0 0 0 0 6 0 2 0 0 0 62 0 2 0 0 0 0 66 0 3 0 1 25 0 0 0 0 0 0 0 0 0 0 0 46 0 0 0 0 0 7 1 0 
 0 0 0 0 2 0 0 0 0 0 0 0 0 0 0 0 0 0 0 0 0 0 0 0 0 69 0 1 0 0 0 0 0 2 0 0 0 0 0 0 113 0 91 67 107 41 185 255 477 110 109 253 353 114 292 77 91 49 133 101 0 0 0 0 0 0 0 0 0 0 0 0 5 0 3 0 0 1 0 0 0 0 0 0 0 0 0 0 0 0 0 0 0 0 0 0 0 0 0 0 0 0 0 0 0 0 0 0 0 0 0 0 0 0 0 0 0 0 0 0 0 0 0 17 4 2 19 38 15 24 13 10 13 9 30 45 26 15 4 2 18 0 0 0 0 0 0 0 0 0 0 0 0 0 0 0 0 0 0 2 0 0 0 0 0 0 0 0 0 0 0 0 0 0 0 0 0 0 0 0 0 0 0 0 0 0 0 0 0 0 0 0 0 0 0 0 0 0 0 0 19 17 24 18 0 59 0 26 13 0 0 30 0 9 22 18 1 14 0 12 15 0 0 6 0 0 0 0 10 0 0 0 0 0 0 0 0 0 0 14 0 0 9 0 0 0 0 0 0 0 0 13 0 2 0 0 0 0 0 2 0 0 0 0 64 0 2 0 0 0 1 0 0 0 0 0 0 0 0 0 0 0 0 0 16 0 0 6 0 0 
 3 1 2 6 1 6 1 0 13 6 1 4 0 7 3 3 1 2 1 3 3 3 3 3 4 3 3 3 3 3 3 3 7 5 3 3 3 3 4 3 166 91 0 136 74 106 66 133 298 255 151 155 55 49 418 365 110 308 242 52 26 1 0 4 0 6 0 52 0 0 2 1 3 0 1 0 0 0 2 7 0 0 10 0 5 9 0 0 1 0 3 0 0 0 0 0 16 0 0 0 0 0 0 0 0 0 0 0 0 0 0 0 8 0 4 0 0 0 0 4 27 9 34 30 0 11 0 32 20 37 0 25 14 9 0 0 8 0 0 0 0 13 10 0 0 0 0 0 1 0 0 0 0 0 0 0 0 0 2 25 0 0 0 0 1 3 0 0 0 0 6 3 0 0 0 0 8 12 0 0 0 0 0 0 0 21 0 0 0 0 0 0 0 0 0 0 0 0 0 0 1 10 42 3 0 17 12 12 15 31 12 10 0 1 5 2 0 13 0 1 0 0 0 0 0 0 12 7 0 0 0 0 11 0 0 0 0 0 0 14 0 18 0 0 0 0 0 0 0 0 0 8 0 2 0 0 0 0 0 2 0 0 2 0 2 2 0 1 0 0 10 0 0 0 0 0 0 0 0 0 0 3 0 0 13 0 0 0 1 0 
 2 0 0 0 0 0 0 1 0 0 0 0 0 0 0 0 0 0 0 0 3 0 9 0 0 0 3 2 0 0 0 0 0 0 0 0 0 0 0 3 122 67 136 0 180 110 63 86 335 240 231 208 67 85 59 54 66 159 85 58 0 0 0 8 0 0 53 0 0 0 0 0 101 48 2 0 0 51 0 65 0 0 0 0 0 0 0 0 0 0 0 0 0 0 0 0 0 0 0 0 0 0 0 8 0 0 0 0 0 0 0 0 0 0 0 0 0 0 0 0 0 7 8 12 16 44 0 0 0 0 7 13 21 0 0 0 4 0 0 0 0 3 0 16 0 0 12 0 57 10 15 0 7 0 10 24 0 0 1 0 0 0 0 0 0 0 0 0 0 0 4 0 0 4 0 0 0 0 0 0 0 0 0 0 0 0 0 0 0 0 0 0 0 0 0 0 0 0 0 0 0 0 1 0 14 3 0 0 0 3 29 2 0 0 0 0 1 0 0 0 21 49 0 0 0 31 10 0 0 18 0 0 10 15 0 0 0 0 12 0 0 0 0 0 0 0 0 0 0 0 0 14 0 0 0 0 0 0 0 32 0 0 70 1 2 1 2 41 2 0 0 0 0 0 0 0 0 0 0 0 0 0 0 0 0 0 0 0 42 0 
 0 2 2 2 2 2 2 2 2 2 2 2 2 2 2 2 2 2 6 2 2 0 1 0 0 0 5 0 0 0 0 0 0 0 0 0 0 0 0 2 289 107 74 180 0 50 252 76 126 188 128 372 64 83 162 182 76 129 69 81 0 0 0 0 0 0 1 0 0 3 0 0 51 0 2 0 0 0 5 2 2 0 0 0 0 0 1 2 0 0 0 0 0 0 0 0 0 0 0 4 0 0 0 0 0 1 0 0 0 0 19 0 0 0 2 0 0 0 0 0 1 0 4 54 6 22 0 0 35 0 2 15 0 0 0 20 18 0 1 0 0 2 0 16 0 0 11 0 0 1 0 10 14 0 29 11 0 0 0 0 3 0 0 0 0 0 8 0 0 0 0 0 17 2 0 0 1 0 0 0 0 0 0 0 0 0 0 0 0 0 0 0 0 0 0 0 0 0 0 0 0 8 0 0 37 20 0 0 18 0 0 53 0 1 0 0 8 32 0 0 18 5 12 0 0 0 10 0 8 16 0 0 0 18 11 0 0 0 0 25 0 0 0 0 0 0 0 0 0 0 0 19 0 1 0 0 0 0 0 1 0 20 5 2 0 62 4 1 2 0 0 0 0 0 0 0 0 0 0 0 0 0 0 0 0 0 0 0 0 0 
 0 0 0 0 0 0 2 0 2 0 0 0 0 0 0 0 0 0 0 0 0 0 1 0 0 1 3 3 0 0 0 0 0 0 0 0 0 0 0 97 27 41 106 110 50 0 49 43 26 50 97 340 28 42 77 84 106 70 43 121 2 0 50 5 1 0 0 51 0 4 3 0 62 0 53 0 55 51 91 31 0 0 0 0 0 0 0 0 0 0 0 0 0 0 0 0 0 0 0 0 0 0 0 0 0 0 0 0 0 0 0 0 0 0 0 0 0 0 0 0 0 11 0 0 37 11 0 0 0 0 10 0 0 0 0 0 0 46 0 0 0 13 0 1 0 0 30 0 22 0 28 5 29 8 10 1 6 0 11 0 0 0 0 0 0 0 0 0 0 0 0 0 0 0 0 0 0 0 0 0 0 0 0 1 0 0 0 0 0 0 0 0 0 0 0 0 0 0 0 0 0 0 37 0 13 10 0 0 0 8 10 13 0 0 0 0 13 0 0 0 20 0 21 12 22 0 27 0 17 11 34 33 50 21 0 9 0 0 19 0 17 0 0 0 0 0 0 0 0 0 0 13 0 0 0 0 0 0 0 0 0 0 4 0 0 3 0 63 0 0 0 0 0 0 0 0 0 0 0 0 0 0 0 0 0 0 0 0 22 0 
 2 3 5 3 3 3 3 3 3 3 3 3 3 3 3 6 3 3 3 3 0 61 65 24 0 0 0 0 0 0 0 67 0 0 0 0 63 0 0 0 143 185 66 63 252 49 0 74 53 185 86 87 220 158 107 118 270 382 270 317 0 0 0 2 7 13 2 0 0 0 0 0 0 0 4 0 31 0 0 0 0 0 0 0 0 0 0 0 0 0 0 0 0 0 0 0 0 0 0 0 0 0 0 0 14 11 0 0 0 0 0 0 0 0 0 0 0 0 0 0 15 0 0 0 0 0 25 10 30 1 15 12 14 0 12 12 30 0 0 0 13 0 25 0 0 39 0 0 0 17 0 0 0 0 0 0 0 0 0 5 0 0 0 0 0 0 0 0 7 0 0 0 4 0 0 6 0 0 0 3 0 0 0 0 0 0 0 0 0 3 0 0 0 0 0 0 0 0 0 0 9 17 0 6 0 12 5 10 0 2 0 1 19 9 38 0 6 15 0 9 13 0 0 11 0 0 0 0 0 0 0 0 25 0 0 0 0 0 0 12 0 0 7 0 0 0 0 0 0 0 0 7 0 0 0 0 0 0 0 0 0 0 0 0 1 0 0 0 1 0 10 0 0 0 0 7 0 0 0 0 0 0 0 0 12 0 0 0 0 0 
 0 2 0 0 63 0 0 2 0 0 0 0 0 0 1 5 3 0 3 0 0 0 0 1 0 53 2 0 0 0 1 0 0 0 0 0 0 0 2 0 117 255 133 86 76 43 74 0 129 263 253 37 235 120 204 345 50 106 136 129 0 0 0 1 0 0 0 0 0 0 0 1 5 0 2 0 4 4 2 251 0 0 0 0 0 0 0 0 0 0 0 0 0 0 0 0 0 0 0 0 0 0 0 6 0 10 0 0 0 0 0 0 0 0 0 0 0 0 0 0 21 55 27 7 0 0 20 26 0 10 9 19 13 11 15 12 10 25 24 9 20 0 20 0 0 0 0 9 0 0 0 11 0 6 0 0 0 0 5 0 0 0 0 0 0 0 0 0 1 0 0 0 0 0 0 0 0 0 0 1 0 0 0 0 0 0 0 0 0 1 0 0 0 0 0 0 0 0 0 0 1 9 9 10 25 0 25 27 37 0 21 18 5 9 4 27 0 18 0 0 0 0 0 12 0 0 1 0 0 0 0 0 0 0 0 0 0 0 15 3 0 0 0 0 0 0 0 0 0 0 0 2 0 2 0 0 0 0 0 2 0 0 0 0 8 0 2 0 1 0 0 0 0 0 0 0 0 0 0 0 0 0 0 0 14 12 0 8 0 0 
 0 0 0 0 35 2 0 0 0 0 0 0 0 0 0 0 0 0 0 0 3 0 3 0 0 0 0 1 0 0 0 0 0 2 0 0 0 0 0 3 322 477 298 335 126 26 53 129 0 282 63 257 134 75 168 213 143 158 136 56 0 5 52 50 44 6 28 0 0 0 0 0 41 0 5 0 0 0 0 0 0 0 0 0 0 0 0 0 0 0 0 0 0 0 0 0 0 0 0 0 0 0 0 0 0 0 0 0 1 0 2 0 0 0 0 0 2 0 0 0 1 26 18 16 0 0 15 0 10 20 0 0 0 4 13 19 24 14 0 0 13 12 0 0 0 6 4 0 0 0 5 0 19 0 0 0 43 0 7 11 0 0 8 0 0 0 0 0 0 0 3 0 0 14 0 0 0 0 0 0 0 0 0 0 0 0 0 0 0 14 0 0 0 0 0 0 0 0 0 0 0 10 0 2 45 23 0 11 46 12 0 4 0 0 21 16 13 10 0 0 10 0 0 19 0 0 25 0 0 0 0 0 0 0 11 0 0 0 17 27 0 0 0 0 0 0 0 0 0 0 0 23 0 0 0 0 0 0 0 1 0 0 1 68 56 1 4 0 0 0 0 0 0 0 0 0 0 0 0 0 0 0 0 0 0 15 0 5 0 0 
 3 2 0 0 63 0 0 0 2 0 0 3 0 0 0 5 0 0 2 0 0 0 0 0 0 0 2 0 0 0 0 0 0 0 0 0 0 0 61 0 123 110 255 240 188 50 185 263 282 0 389 162 145 150 170 94 247 271 166 92 0 0 1 0 0 0 0 0 0 0 2 0 0 0 0 0 0 0 3 4 0 0 0 0 0 0 0 0 0 0 0 0 0 0 0 0 0 0 0 1 0 0 0 9 0 0 0 0 0 0 0 0 0 0 0 0 0 0 0 0 0 8 9 6 0 0 14 0 2 20 10 16 0 20 9 1 30 1 0 0 46 43 20 0 0 0 0 0 0 0 0 12 0 0 0 0 0 0 7 6 0 0 15 0 0 0 1 0 0 0 2 0 1 3 0 0 0 0 0 0 0 0 0 0 0 0 0 0 0 0 0 0 0 0 0 0 0 0 0 0 21 3 13 16 0 36 0 26 0 17 49 21 0 55 40 0 0 24 0 0 1 0 0 38 0 0 21 8 0 0 0 0 1 0 0 0 0 0 0 10 0 0 0 0 0 0 1 0 0 0 0 2 0 0 0 0 0 0 0 22 0 0 0 3 64 4 0 1 0 0 16 0 0 0 0 0 0 0 0 0 0 0 0 0 9 13 0 7 0 0 
 2 2 0 0 0 0 0 3 0 0 0 0 0 0 64 5 0 0 2 0 2 0 0 0 0 0 0 0 0 0 29 0 0 0 0 0 0 0 3 0 60 109 151 231 128 97 86 253 63 389 0 45 323 48 121 106 388 220 119 63 0 211 0 5 2 0 0 51 0 2 0 0 15 52 2 1 0 3 0 6 2 7 0 0 0 0 0 2 0 0 0 10 0 0 0 0 0 0 0 2 0 0 0 0 0 16 0 0 0 0 0 0 0 0 1 0 0 0 0 0 9 0 0 0 17 50 14 0 0 13 27 3 0 6 11 47 50 0 9 11 12 9 0 0 0 0 38 0 10 5 10 0 1 0 0 0 0 0 0 4 2 0 0 0 0 0 3 0 0 0 0 0 15 2 0 0 6 0 0 0 0 0 0 0 0 0 0 0 0 0 0 0 0 0 0 0 0 0 0 0 0 19 14 21 0 12 0 0 13 10 6 6 0 17 0 0 0 4 0 0 15 22 0 30 0 0 11 0 0 0 0 0 22 10 0 0 0 0 36 0 0 0 0 0 0 0 0 0 0 0 0 5 71 1 1 0 0 0 0 0 0 0 1 0 5 18 14 68 0 0 0 0 0 0 5 0 0 0 0 0 0 4 0 9 3 0 0 0 10 0 
 0 0 0 0 0 0 0 0 63 0 0 0 0 0 0 0 0 63 0 0 2 2 6 2 2 2 5 6 2 2 2 2 2 2 2 2 2 2 2 2 37 253 155 208 372 340 87 37 257 162 45 0 43 39 98 55 141 89 39 37 4 5 2 2 0 0 0 10 2 6 5 0 210 0 0 0 0 0 51 51 0 0 0 0 0 0 1 0 0 0 0 0 0 0 0 0 0 0 0 0 0 0 0 0 0 0 0 0 0 0 0 0 0 0 0 0 0 16 0 0 1 8 19 18 24 0 0 1 0 35 19 11 1 7 0 1 7 4 0 0 0 2 0 22 0 0 9 4 20 0 8 9 0 9 0 39 4 4 10 40 0 0 0 0 0 0 0 0 0 0 0 0 0 0 0 0 5 0 0 0 0 0 0 0 0 0 0 0 0 0 0 0 0 0 0 0 0 0 0 0 9 10 0 0 0 1 0 6 0 14 9 0 0 7 11 0 11 0 0 11 20 0 4 0 3 0 0 0 39 5 4 0 0 0 12 13 0 26 7 0 0 0 0 0 0 0 0 0 0 0 0 4 0 0 0 0 0 0 0 15 0 0 4 0 0 0 3 63 0 0 6 0 0 0 0 0 0 0 0 0 0 0 0 0 1 0 0 0 20 0 
 0 0 0 0 0 0 0 0 0 0 0 0 0 0 0 0 0 0 0 0 0 0 1 22 57 130 0 2 1 0 127 3 0 0 0 84 63 20 0 0 121 353 55 67 64 28 220 235 134 145 323 43 0 226 139 55 108 53 262 72 0 50 0 0 0 0 0 0 5 0 0 2 0 0 0 0 0 0 0 0 0 0 0 0 0 0 0 0 0 0 0 0 0 0 0 0 0 0 0 0 0 0 0 7 0 10 0 0 0 0 1 3 0 0 0 0 0 0 0 0 0 0 0 0 0 0 15 6 10 0 0 9 0 9 9 11 16 0 21 19 14 6 0 0 0 0 0 0 0 0 0 2 0 0 0 0 0 0 0 0 0 0 0 0 0 0 0 0 1 0 0 0 0 0 0 0 0 0 0 1 0 14 0 0 0 1 0 0 0 1 9 1 0 0 0 0 0 11 0 0 2 4 1 15 0 11 1 6 0 0 1 20 3 12 18 0 11 11 0 0 0 0 0 20 0 0 0 0 0 0 0 0 1 0 0 0 0 0 0 0 0 0 0 0 0 0 0 0 0 0 0 8 0 0 0 0 0 37 0 0 0 0 1 0 66 2 11 0 0 0 0 0 0 0 0 0 0 0 0 0 0 1 0 0 9 0 0 7 0 3 
 0 0 0 0 0 0 0 0 0 0 0 0 0 0 0 0 0 0 0 0 3 64 76 167 3 3 5 3 3 3 165 100 3 3 3 3 3 3 6 3 195 114 49 85 83 42 158 120 75 150 48 39 226 0 157 328 46 41 435 194 0 1 0 3 0 0 0 0 7 0 0 0 0 0 2 0 0 0 0 1 0 0 0 0 0 0 0 0 0 0 0 0 0 0 0 0 0 0 0 0 0 0 0 5 71 24 0 0 0 0 14 13 0 0 0 0 0 0 0 0 1 0 1 0 0 0 44 0 0 1 0 0 0 20 0 1 17 22 61 23 5 16 0 5 0 0 0 0 0 0 0 0 0 0 0 0 0 0 0 0 0 0 0 0 0 0 0 0 19 0 0 0 4 0 0 2 0 0 0 3 0 0 0 0 4 0 0 0 0 23 0 0 0 0 0 0 0 9 0 0 22 11 1 2 0 0 19 0 14 0 0 0 12 51 36 0 0 0 2 0 0 0 0 20 0 0 0 0 0 0 0 0 0 0 0 0 0 0 0 0 0 0 0 0 0 0 0 0 0 26 0 3 0 1 0 0 0 79 0 0 0 0 2 0 37 0 10 0 0 0 0 0 0 0 0 0 0 0 0 0 0 19 0 0 0 0 0 3 0 0 
 0 3 2 2 3 2 3 3 4 2 3 3 3 3 2 2 5 2 3 2 1 1 0 66 1 3 1 3 0 1 1 0 1 3 0 2 0 1 3 72 255 292 418 59 162 77 107 204 168 170 121 98 139 157 0 348 177 51 218 183 6 2 41 0 1 0 6 0 3 0 3 2 5 0 0 0 5 0 5 0 0 0 0 0 0 0 0 0 0 0 0 0 0 0 0 0 0 0 0 0 0 0 0 0 0 23 0 0 0 0 0 0 0 0 0 0 0 0 0 0 6 23 20 13 2 4 13 23 28 10 6 56 8 20 27 9 25 7 0 10 10 0 0 0 0 0 0 0 0 0 0 0 0 0 0 0 0 0 0 0 0 0 0 0 0 0 0 0 0 0 5 0 0 6 0 0 0 0 0 0 0 0 0 0 0 0 0 9 0 0 0 0 0 0 0 0 0 0 0 0 0 14 15 23 0 10 13 0 5 7 0 3 25 0 24 12 7 11 0 0 0 0 0 5 0 0 0 0 0 0 0 0 0 0 0 0 0 0 0 0 0 0 0 0 0 0 0 0 0 0 0 10 0 0 0 0 0 73 0 21 0 0 2 2 66 5 1 0 3 0 0 0 0 0 1 0 0 0 0 0 0 0 0 0 81 0 0 6 1 0 
 0 0 74 0 0 0 0 0 0 0 0 0 0 0 0 3 0 0 0 0 8 7 3 6 3 3 65 5 3 4 8 3 3 9 3 3 3 7 3 4 147 77 365 54 182 84 118 345 213 94 106 55 55 328 348 0 169 64 312 155 0 0 52 0 0 0 23 0 0 0 0 0 0 0 5 5 3 0 0 0 0 0 0 0 0 0 0 0 10 0 0 0 0 0 0 0 0 0 0 0 2 4 0 0 0 13 0 5 0 4 0 0 0 17 2 0 4 0 0 0 5 1 1 20 0 0 2 29 26 0 39 1 11 15 1 10 23 7 0 0 10 9 0 0 0 0 0 0 0 0 0 0 8 0 0 0 10 0 7 13 0 0 0 0 0 0 0 0 0 0 0 0 0 1 0 0 0 0 0 12 0 0 6 0 0 0 0 1 0 0 0 5 0 0 2 0 5 0 0 0 14 13 19 0 13 21 0 8 16 10 0 11 13 16 19 0 15 2 1 12 18 0 0 0 16 0 12 0 0 0 0 0 0 0 9 0 0 0 0 22 0 0 8 0 0 0 0 0 0 2 0 4 0 2 0 0 0 0 4 1 0 0 1 65 67 4 1 0 0 0 1 0 0 0 0 0 0 0 0 0 0 0 0 0 1 0 0 11 0 0 
 1 5 2 4 5 3 3 8 5 8 5 7 5 5 3 9 5 2 5 2 1 0 0 0 1 1 4 5 0 1 2 0 2 4 1 2 19 2 5 3 32 91 110 66 76 106 270 50 143 247 388 141 108 46 177 169 0 165 31 38 0 0 0 0 0 4 55 2 2 0 2 3 0 1 2 5 5 0 0 0 0 0 0 0 0 0 0 0 0 0 0 0 6 0 0 0 0 0 0 0 0 0 0 0 0 0 0 0 0 0 0 0 0 0 0 0 0 0 0 2 21 9 7 0 0 1 21 13 0 43 11 23 13 11 13 11 10 0 0 0 22 11 0 0 0 3 0 0 0 3 11 0 11 0 0 0 21 1 0 14 0 0 0 0 0 0 0 0 0 0 0 0 0 0 0 0 0 0 0 0 0 0 0 0 0 0 0 0 0 0 7 0 0 0 0 0 0 0 0 0 0 20 0 6 0 13 10 15 0 29 0 0 0 0 19 0 10 23 0 0 1 0 0 10 0 1 0 0 0 0 2 0 18 1 8 0 0 0 8 3 0 0 0 0 0 0 0 0 0 2 0 14 0 0 0 0 0 0 0 0 0 0 2 1 1 4 0 0 1 0 17 0 0 0 0 6 0 0 0 0 0 0 0 0 32 22 0 1 0 0 
 3 0 0 0 0 0 0 0 0 3 0 68 0 0 0 2 2 0 0 0 0 0 0 1 0 67 0 28 0 0 0 3 0 0 0 0 0 2 0 3 255 49 308 159 129 70 382 106 158 271 220 89 53 41 51 64 165 0 83 37 0 0 0 7 0 0 0 3 0 1 0 4 0 0 1 57 29 0 0 7 0 0 0 0 0 0 0 6 0 0 0 0 0 0 0 0 0 0 0 0 0 0 0 0 0 2 0 0 3 0 0 0 0 0 0 0 0 0 0 0 8 0 0 1 4 3 0 9 26 46 55 14 0 26 30 30 13 0 5 26 8 12 0 0 0 0 9 0 21 1 16 0 0 1 0 0 0 0 1 22 0 0 0 0 0 0 0 0 0 0 0 0 0 0 0 0 7 0 0 0 0 0 0 0 0 0 0 0 0 0 0 0 0 0 0 0 0 0 0 0 14 1 39 38 2 27 0 0 16 14 43 44 0 22 0 1 8 11 0 0 39 0 0 8 0 6 18 0 19 0 2 14 26 0 9 0 0 0 0 16 0 0 0 0 0 0 0 1 0 0 0 8 0 0 0 0 1 0 0 11 0 0 0 2 0 13 4 62 0 0 1 0 0 0 0 0 0 0 0 0 0 0 0 0 15 0 0 1 21 0 
 0 0 0 0 0 0 0 3 0 0 0 0 0 0 0 0 0 0 2 0 3 3 2 29 3 135 3 4 68 3 6 2 3 64 2 4 2 4 2 3 111 133 242 85 69 43 270 136 136 166 119 39 262 435 218 312 31 83 0 82 0 50 0 0 8 3 49 0 4 1 0 0 0 0 2 0 0 0 0 0 0 0 0 0 0 0 0 0 18 0 0 0 0 0 0 0 0 0 0 0 0 0 0 1 0 11 0 0 0 0 0 0 0 0 0 10 17 18 0 0 14 0 0 0 0 0 12 7 14 8 6 0 0 29 9 10 14 0 49 42 0 0 0 0 0 3 0 0 0 0 4 0 0 13 0 1 0 0 0 0 0 0 0 13 0 0 0 0 0 0 0 0 0 0 0 0 3 0 0 0 0 23 4 0 0 0 0 0 0 0 10 0 0 0 0 0 0 20 0 0 0 10 9 10 0 0 0 5 16 0 14 11 1 48 5 0 1 0 9 14 0 0 0 12 0 0 0 0 0 0 0 0 0 0 0 0 0 0 0 0 0 0 0 0 0 0 0 0 0 0 0 17 0 0 0 0 0 23 0 0 0 15 2 0 2 36 7 0 1 0 0 0 0 0 0 0 0 0 0 0 0 1 0 0 0 0 0 8 0 0 
 1 2 2 0 0 1 0 2 1 0 2 2 0 1 2 2 2 2 2 2 1 1 3 340 3 52 0 3 63 2 73 64 2 2 67 62 2 2 3 0 260 101 52 58 81 121 317 129 56 92 63 37 72 194 183 155 38 37 82 0 0 0 0 0 0 0 0 0 0 0 0 0 0 0 5 0 6 0 0 0 0 0 0 0 0 0 0 0 0 0 0 0 0 0 0 0 45 0 0 0 0 0 0 13 39 8 0 1 0 0 8 7 0 0 11 0 0 0 0 0 14 0 2 0 0 0 13 4 0 1 0 0 20 0 15 0 6 13 13 10 10 4 0 4 0 11 0 0 0 0 0 0 0 0 0 27 0 0 0 0 1 0 0 0 0 0 0 0 0 0 0 0 0 0 0 0 0 0 0 0 0 0 0 0 15 0 0 1 0 0 0 11 0 0 0 0 0 0 0 0 0 14 19 17 0 0 12 0 0 0 0 0 22 0 0 26 0 0 1 6 0 0 0 0 0 0 0 0 0 0 0 0 0 0 0 0 0 0 0 0 0 23 8 0 0 0 0 0 0 0 0 5 0 2 0 0 0 19 1 0 0 0 0 0 2 3 0 0 1 0 0 0 0 0 0 0 0 0 0 7 0 19 0 0 0 9 0 0 1 0 
 1 2 2 2 2 2 2 2 2 2 2 2 2 2 2 2 2 2 2 2 0 0 5 0 0 0 64 2 0 0 0 0 0 1 0 0 0 0 5 0 2 0 26 0 0 2 0 0 0 0 0 4 0 0 6 0 0 0 0 0 0 188 152 656 130 134 364 157 110 189 119 61 40 318 102 93 294 85 49 83 0 0 0 0 0 0 0 0 0 0 0 0 0 0 0 0 0 0 0 0 0 0 0 0 0 0 0 0 0 0 0 0 0 0 0 0 0 0 0 0 0 0 0 0 0 0 0 0 0 0 0 0 0 0 0 0 0 0 0 0 0 0 8 2 2 0 0 8 10 10 2 8 0 19 1 27 9 30 0 0 0 0 0 0 0 0 0 0 0 0 0 0 0 0 0 0 5 0 0 0 0 0 0 0 0 0 0 0 0 0 0 0 0 0 0 0 0 0 0 0 0 0 0 0 0 0 0 0 0 16 0 0 0 0 0 0 0 1 0 0 15 0 39 12 62 2 1 34 31 36 41 0 0 0 12 20 0 18 0 0 10 0 0 0 0 0 0 0 0 0 0 0 0 0 6 0 0 0 0 0 0 0 9 0 0 0 0 0 0 0 11 0 0 0 2 2 0 0 0 0 0 0 0 0 0 0 0 0 0 0 
