 0 174 67 29 37 35 295 353 70 249 38 27 272 419 117 109 29 47 274 206 5 1 0 0 0 0 0 0 1 1 0 0 0 0 0 0 0 2 0 15 0 0 0 2 0 1 0 2 0 0 2 0 4 3 65 0 3 0 0 0 0 0 5 0 0 0 2 0 3 0 0 0 0 0 1 0 0 2 0 3 26 26 29 30 0 0 0 38 14 0 15 0 85 11 10 24 10 14 18 60 0 0 0 0 0 0 0 0 0 0 1 0 0 0 0 0 0 0 0 0 0 0 0 0 0 0 0 0 0 0 0 0 0 0 0 0 0 0 11 2 20 0 0 0 0 0 0 0 5 11 0 0 36 0 0 0 0 8 0 0 0 1 25 0 0 0 43 13 0 23 13 7 13 0 14 0 16 47 9 0 0 0 0 0 0 1 0 0 0 0 0 0 0 0 0 11 0 0 13 0 0 0 0 0 0 0 0 0 0 0 0 0 0 0 0 0 0 0 0 0 0 0 0 0 0 0 0 0 0 0 0 0 0 0 0 0 0 0 0 0 0 0 0 0 0 0 0 0 2 0 0 0 0 0 0 0 0 0 0 0 0 0 0 0 0 0 0 0 0 0 0 0 0 0 0 0 0 0 0 0 0 0 0 0 0 0 0 0 0 0 
 174 0 335 499 30 44 208 227 134 148 45 80 145 229 258 196 53 500 76 124 3 0 0 2 0 0 0 1 0 0 0 0 84 0 0 0 0 3 70 4 4 0 0 0 0 2 0 0 2 0 4 0 2 3 0 0 0 0 0 63 0 3 3 0 0 0 0 0 3 0 5 0 0 0 0 0 0 2 0 3 0 27 31 38 18 3 1 0 13 2 0 24 36 0 19 51 11 1 3 0 0 0 0 1 0 0 5 0 0 0 0 0 14 0 0 0 0 0 13 0 0 0 0 0 0 0 0 2 0 1 0 0 0 0 0 0 0 0 0 0 0 0 0 0 1 0 1 0 13 0 0 0 0 18 0 0 0 0 0 17 24 61 38 1 6 0 24 19 7 23 10 10 0 26 24 12 32 0 10 32 0 0 0 0 0 0 0 0 0 0 0 0 0 14 0 0 0 0 18 0 1 0 0 0 0 0 0 0 0 0 0 0 0 0 0 0 0 0 0 0 0 0 0 0 0 16 0 0 0 0 0 0 0 0 0 0 0 0 0 0 0 0 0 0 0 2 2 2 1 0 0 5 12 0 0 0 0 0 79 0 0 0 11 0 0 0 2 0 0 0 0 0 0 2 0 0 0 0 0 0 0 0 0 0 0 0 0 0 0 0 
 67 335 0 158 276 228 624 75 316 395 115 393 146 137 121 108 51 68 29 220 5 0 0 0 0 0 0 0 2 0 0 0 0 0 0 0 0 4 0 2 68 0 2 0 5 0 0 0 1 3 4 0 4 3 0 2 2 0 0 0 1 3 3 2 2 3 0 0 4 1 4 2 0 0 0 0 0 6 0 3 0 16 42 43 41 3 31 13 36 12 0 63 14 6 4 37 43 2 8 1 0 14 0 0 0 0 14 13 0 0 0 0 33 10 0 3 0 0 28 1 0 0 0 0 0 0 0 0 1 0 2 0 0 0 2 0 0 0 0 2 0 12 0 0 0 0 0 0 0 0 0 0 0 0 0 0 0 0 0 0 22 25 21 10 1 2 13 66 8 54 1 16 0 10 21 11 9 9 0 0 1 0 0 0 0 0 16 13 0 3 0 0 13 15 0 0 0 0 21 12 0 0 0 0 0 13 0 0 0 0 0 0 0 0 0 0 0 0 0 0 0 0 0 0 0 0 0 0 0 0 0 0 0 0 0 0 0 0 1 0 0 0 0 0 0 0 93 0 0 3 2 4 9 0 0 0 0 0 0 0 0 0 0 0 0 0 0 0 0 0 0 0 0 0 0 17 19 0 0 0 0 0 0 0 0 0 0 0 0 0 
 29 499 158 0 83 249 100 87 143 701 66 122 278 69 176 53 265 67 68 598 3 1 26 0 0 2 0 65 0 0 0 17 85 0 75 17 0 28 90 3 0 0 0 0 0 0 0 0 2 0 2 0 2 3 71 0 0 0 0 0 0 3 3 0 0 0 0 0 3 0 0 0 0 0 0 0 0 2 0 3 0 0 14 27 0 0 13 15 14 11 0 27 0 18 0 0 13 0 0 0 0 35 0 0 0 0 1 21 15 0 0 0 42 2 0 0 0 0 11 47 0 0 2 0 0 0 0 0 0 0 0 0 0 0 0 0 0 0 0 0 0 0 0 0 0 0 0 0 0 0 0 0 0 0 0 2 0 0 0 0 20 0 0 0 23 10 1 0 0 18 0 0 0 10 2 0 0 1 0 0 11 0 15 1 0 0 23 2 0 0 0 15 1 0 0 6 0 0 0 29 5 0 4 0 0 0 0 0 0 0 0 0 0 0 0 0 0 0 0 0 0 0 0 0 0 0 0 0 0 0 0 0 20 0 0 0 0 15 0 15 0 0 0 0 0 1 0 0 88 1 2 13 0 1 0 0 0 0 32 0 0 0 0 0 0 0 0 0 0 0 0 0 0 0 0 0 10 0 0 0 0 0 0 0 0 0 0 0 0 0 
 37 30 276 83 0 205 473 193 140 88 510 366 90 58 187 113 141 263 154 96 5 0 0 0 0 2 1 0 4 0 1 54 0 0 3 0 4 7 2 51 1 6 4 0 2 0 0 0 7 0 2 6 2 72 0 6 0 4 0 0 10 6 3 4 6 0 0 0 3 2 0 38 0 2 0 0 0 9 0 3 13 8 10 5 17 25 18 14 15 29 19 11 0 2 0 0 0 30 0 0 24 33 10 0 0 0 19 15 1 0 0 0 18 10 0 0 0 0 0 11 0 1 1 0 0 0 0 0 0 0 0 0 0 0 0 0 0 0 0 0 0 0 0 0 0 0 0 5 2 0 0 0 16 0 0 1 0 0 0 0 18 0 0 0 31 17 0 0 0 32 15 12 2 12 0 0 1 15 1 9 19 0 9 0 0 0 20 0 0 0 0 0 0 0 0 0 0 0 10 10 0 0 0 0 0 0 0 0 0 0 0 0 0 0 0 0 0 0 0 0 0 0 0 0 0 0 0 0 0 0 0 0 0 0 0 0 0 0 0 2 0 0 0 0 0 0 5 0 86 3 0 8 0 0 2 0 0 0 0 0 0 0 0 0 0 0 0 0 0 0 0 0 0 0 0 45 0 9 0 0 0 0 0 0 0 0 0 0 0 0 
 35 44 228 249 205 0 30 100 128 60 188 37 31 47 267 289 216 45 35 83 5 82 0 0 0 0 1 21 0 0 0 1 0 75 152 0 75 3 0 167 0 21 0 0 0 0 15 21 2 0 2 0 23 3 0 0 21 0 0 22 0 3 2 0 0 0 0 0 3 0 0 0 0 0 0 0 0 2 0 3 0 16 15 20 20 21 12 10 0 6 0 31 0 15 0 0 17 17 0 45 7 12 0 0 0 0 0 10 15 0 0 0 20 22 14 0 14 0 0 15 0 0 0 0 14 0 0 0 2 0 0 0 0 0 1 0 0 0 0 0 0 0 0 0 0 0 0 18 0 0 0 0 3 0 0 0 0 0 0 0 0 0 0 0 36 14 1 2 0 11 20 0 22 13 3 0 0 39 0 0 14 0 0 0 0 0 39 22 0 16 0 0 32 3 0 0 0 0 1 9 0 0 0 0 0 0 0 0 0 0 0 0 0 0 0 0 0 0 0 0 0 0 0 0 0 0 0 17 0 0 0 0 0 0 0 0 0 0 0 0 0 0 0 0 0 1 1 0 5 126 0 3 0 0 0 0 0 0 0 0 0 0 0 0 0 0 0 0 0 0 0 0 0 0 0 0 13 10 0 0 0 25 0 0 0 2 0 0 0 0 
 295 208 624 100 473 30 0 108 73 261 306 30 218 260 389 112 28 212 99 130 3 0 2 1 0 0 2 0 0 0 2 0 0 0 0 0 28 5 0 2 4 0 0 0 0 2 0 3 1 0 2 0 2 3 0 0 0 0 0 0 0 0 3 0 0 0 0 0 3 0 3 0 0 0 0 0 0 2 0 3 0 31 29 25 14 0 16 1 19 14 0 0 50 0 23 11 12 15 19 1 0 0 0 0 0 0 0 0 0 0 0 0 0 0 0 0 0 0 0 0 0 0 0 0 0 0 0 0 0 0 0 0 0 0 0 0 0 0 0 0 0 0 0 0 0 0 0 0 5 16 0 1 0 0 0 0 0 0 0 0 15 44 30 0 7 0 28 15 0 22 21 63 0 16 30 24 31 0 10 19 0 0 0 0 0 0 0 0 0 0 0 0 0 0 0 0 16 0 27 22 0 0 0 0 0 0 0 0 0 0 5 0 0 0 0 0 0 0 0 0 0 0 0 0 0 0 0 0 0 0 0 0 0 0 0 0 0 0 0 0 0 0 0 0 0 2 11 2 2 90 0 11 0 0 0 0 0 0 0 0 0 0 0 0 0 0 0 0 0 0 0 0 0 0 0 0 0 0 0 0 0 0 0 0 0 0 0 0 0 0 
 353 227 75 87 193 100 108 0 176 532 43 125 106 195 131 70 33 309 64 42 3 0 0 0 0 0 0 0 2 0 0 0 79 0 0 0 0 2 62 76 0 0 0 0 0 0 0 0 0 1 2 0 2 3 0 0 0 0 0 0 0 0 3 0 0 0 0 0 3 0 2 0 0 0 0 0 0 2 0 3 18 14 40 8 25 16 11 17 0 0 11 15 28 11 8 7 0 0 12 22 10 0 0 0 0 0 19 0 9 0 0 0 11 0 0 7 0 0 15 0 0 0 0 0 0 0 0 1 0 0 0 0 0 0 0 0 0 0 0 0 0 0 0 0 0 0 0 3 1 0 0 0 3 0 0 0 0 0 0 0 14 0 19 0 1 1 12 22 30 15 17 19 17 0 0 0 0 10 9 0 0 0 0 0 0 0 0 0 0 0 0 0 0 37 0 1 0 0 0 0 0 0 0 0 0 0 0 0 0 0 0 0 0 0 0 0 0 0 0 0 0 0 0 16 0 0 0 0 0 0 0 0 0 0 0 0 0 0 0 0 0 0 0 0 0 0 0 2 0 0 2 8 6 0 0 0 0 0 0 0 0 0 0 0 0 0 0 0 0 0 0 0 0 0 0 0 0 0 0 0 0 0 0 0 0 0 0 0 0 0 
 70 134 316 143 140 128 73 176 0 422 246 40 90 61 167 75 100 155 57 55 3 0 1 0 205 0 0 0 0 0 0 0 77 0 205 0 0 2 5 2 0 0 0 0 0 0 0 0 1 0 2 0 2 3 0 0 0 0 0 0 0 0 3 0 0 0 0 0 3 0 0 0 0 0 0 0 0 4 0 3 10 0 17 10 1 31 19 30 47 35 31 35 0 1 0 0 1 0 0 0 0 34 0 0 0 0 25 11 0 0 0 0 15 11 0 0 0 0 20 13 0 0 0 0 0 0 0 0 0 0 0 0 0 0 0 0 0 0 0 0 0 20 0 0 0 0 0 0 0 0 0 7 0 0 0 0 0 0 0 3 37 0 13 11 9 26 0 2 8 29 0 30 0 9 0 11 0 0 0 12 10 0 0 0 4 0 14 0 0 0 0 0 0 12 0 0 0 0 9 10 0 0 0 0 0 0 0 0 0 0 0 0 0 16 0 0 0 0 0 0 0 0 0 0 0 0 0 0 0 0 0 0 0 0 0 0 0 0 0 0 0 0 0 0 0 0 95 1 182 1 0 10 0 0 0 0 0 0 0 0 0 1 0 0 0 0 0 0 0 0 0 0 0 0 0 36 3 0 0 0 0 0 0 0 0 0 0 0 0 1 
 249 148 395 701 88 60 261 532 422 0 246 135 53 166 106 276 251 60 73 135 4 3 0 2 1 0 1 0 1 0 0 0 0 0 77 0 1 2 63 2 0 0 0 0 0 0 1 4 0 0 2 0 2 3 0 0 0 1 0 66 0 3 3 0 0 0 0 0 6 0 7 0 0 0 0 5 0 24 0 4 14 0 20 30 13 11 42 0 19 0 22 54 0 11 3 16 20 0 0 14 0 1 0 0 0 0 44 11 0 0 11 0 16 18 0 0 0 0 19 9 0 0 0 0 0 0 0 0 2 0 1 0 0 0 1 0 1 0 0 1 0 0 0 0 0 0 0 0 0 0 0 6 0 0 0 0 0 0 0 2 0 46 27 7 0 4 0 18 10 19 0 19 7 28 3 16 15 29 0 0 0 0 0 0 0 0 0 11 0 0 0 0 17 23 0 0 0 0 2 0 0 0 0 0 0 0 0 0 0 0 0 0 0 0 0 0 0 0 0 1 0 0 0 0 0 0 0 0 0 0 0 0 0 0 0 0 0 0 0 0 0 0 0 0 0 4 6 0 0 94 20 12 11 0 0 0 0 2 0 0 0 0 0 0 0 2 0 0 0 2 0 0 0 0 0 30 46 0 0 0 0 0 0 0 0 0 0 0 0 0 
 38 45 115 66 510 188 306 43 246 246 0 184 31 275 379 335 239 162 57 88 155 72 2 1 0 0 75 3 2 1 0 0 2 0 0 0 0 4 77 76 0 0 2 0 0 2 0 3 1 33 5 0 2 3 0 0 0 0 0 0 3 3 3 0 0 0 0 45 6 0 1 2 36 0 1 0 0 2 1 3 0 35 0 11 22 23 20 0 27 33 8 0 20 0 1 12 0 11 0 0 38 0 13 1 0 0 0 38 10 0 0 0 0 30 0 0 13 0 8 16 0 0 0 0 0 0 0 2 0 0 0 0 0 0 0 0 0 0 0 0 0 0 0 0 0 0 0 10 0 0 0 0 0 0 0 0 0 0 0 2 0 5 0 25 47 0 0 0 1 2 18 6 0 9 0 16 0 6 0 26 0 17 17 0 0 0 1 9 1 10 0 0 10 9 0 0 1 0 13 1 0 0 0 0 2 0 0 0 0 0 0 0 0 0 0 1 0 0 0 0 0 0 0 0 0 1 0 0 1 0 0 0 0 2 0 0 0 0 0 0 0 0 0 0 0 0 1 2 3 93 7 7 0 0 0 0 0 0 0 0 0 0 0 0 0 0 2 0 0 0 0 0 0 2 0 0 1 8 0 0 0 0 0 0 0 0 0 0 0 0 
 27 80 393 122 366 37 30 125 40 135 184 0 41 152 119 113 212 79 36 180 80 80 0 4 1 0 0 2 6 0 0 0 60 1 61 1 0 2 134 2 4 0 0 0 0 2 0 54 1 0 2 0 2 3 0 0 0 0 0 0 0 1 3 0 0 0 0 0 3 0 5 0 3 0 0 0 0 2 0 3 0 19 0 21 26 0 0 0 16 25 26 20 0 0 0 4 6 4 0 1 24 2 14 0 0 0 1 23 0 0 0 0 46 12 15 0 21 13 20 9 0 0 0 0 0 0 0 0 2 0 1 0 0 0 15 0 1 9 0 1 0 0 0 0 0 14 0 0 2 0 0 0 0 0 0 0 0 0 0 0 22 17 17 5 15 1 0 21 9 1 0 13 1 10 18 13 0 18 0 21 0 3 5 0 0 0 1 0 0 11 0 0 0 0 0 11 0 0 31 20 0 0 0 0 0 0 0 0 0 0 0 0 0 0 0 0 0 0 0 0 0 0 0 0 0 0 0 0 0 0 0 0 0 0 0 0 0 0 0 0 0 0 0 0 0 2 3 0 85 0 0 0 12 0 0 0 0 0 0 0 0 0 0 0 0 0 0 0 0 2 0 0 0 0 0 0 0 0 0 0 0 0 0 0 0 0 0 0 0 0 
 272 145 146 278 90 31 218 106 90 53 31 41 0 71 131 114 339 119 543 133 3 0 0 0 0 0 0 1 1 0 1 0 0 0 0 87 0 4 1 2 2 0 0 0 0 1 2 0 2 0 2 0 2 3 0 0 0 0 0 0 0 0 3 0 0 0 0 0 3 0 0 0 0 0 0 0 8 2 0 3 50 23 32 7 10 0 18 13 18 0 1 0 29 31 27 23 13 0 28 45 0 0 0 0 0 0 1 2 0 0 0 0 0 0 0 0 0 0 0 0 0 0 0 0 0 0 0 0 0 0 0 0 0 0 0 1 0 0 0 0 0 0 0 0 0 0 0 0 0 0 0 0 0 0 0 0 0 3 0 0 0 15 31 0 0 0 1 32 0 11 15 9 71 0 11 0 1 2 1 0 0 0 0 0 0 5 24 10 0 0 0 0 0 0 0 3 0 0 0 0 0 0 9 0 0 0 0 0 0 0 0 0 0 0 0 0 0 0 0 0 0 0 0 0 0 0 0 0 0 0 0 0 0 0 0 0 0 0 1 0 0 0 0 0 0 2 0 0 2 90 0 3 0 0 0 0 0 0 0 0 0 0 0 0 0 0 0 0 0 0 0 0 0 0 0 0 0 0 0 0 0 0 0 0 0 0 0 0 0 0 
 419 229 137 69 58 47 260 195 61 166 275 152 71 0 144 151 120 123 213 109 3 0 0 0 0 0 2 0 2 0 0 0 0 0 0 0 0 2 0 2 0 0 0 0 0 2 0 0 1 0 2 0 2 3 0 0 0 0 0 0 57 3 3 0 0 0 0 0 3 0 5 2 0 0 0 0 0 46 0 3 34 33 0 34 17 0 0 30 10 23 9 17 50 11 42 6 22 10 11 74 0 0 0 0 15 0 1 0 0 0 0 0 19 0 0 0 0 0 10 0 0 0 0 0 0 3 0 0 1 0 0 43 0 0 1 0 2 0 0 0 0 0 0 0 0 0 0 0 1 0 0 1 0 0 0 0 0 0 0 0 22 15 0 7 20 4 11 16 36 5 13 14 16 12 23 18 1 0 10 30 0 12 0 0 0 0 0 0 0 0 0 0 0 0 0 0 0 0 1 0 0 0 0 0 0 0 0 0 0 0 0 0 0 0 0 0 0 0 5 2 0 0 0 0 0 0 0 0 0 0 0 0 0 0 0 0 0 0 0 0 0 0 0 0 0 0 0 2 1 0 0 12 5 0 0 0 0 0 0 0 0 0 0 0 0 0 0 0 0 1 0 0 0 0 0 0 0 0 0 0 0 0 0 0 0 0 0 0 0 0 
 117 258 121 176 187 267 389 131 167 106 379 119 131 144 0 180 130 179 246 199 3 0 1 2 0 1 0 0 3 0 86 0 1 3 0 0 1 5 0 2 4 0 2 0 0 1 0 0 0 21 2 0 4 2 61 3 2 3 0 1 0 8 3 16 0 0 0 0 3 1 5 3 5 0 2 0 0 2 0 5 13 25 25 24 2 0 16 20 43 14 0 14 44 0 0 13 19 14 13 10 0 0 0 0 0 0 0 0 0 0 0 0 2 0 0 2 0 0 0 14 0 0 0 0 0 0 0 13 0 0 0 0 0 0 0 0 0 0 0 0 0 0 0 0 1 0 0 0 5 0 0 0 6 0 0 0 0 0 0 0 41 42 36 14 18 12 8 2 0 23 14 50 0 20 5 51 0 14 0 0 8 0 0 0 0 0 1 0 0 0 0 0 0 0 0 0 0 0 19 1 0 0 0 0 0 0 0 0 0 0 0 0 0 0 0 0 0 0 0 0 0 0 1 0 12 23 0 3 1 0 0 0 0 0 0 0 0 0 0 0 0 0 0 0 0 2 3 0 2 10 0 3 0 0 0 0 0 0 0 0 0 0 0 0 0 0 16 0 0 0 0 0 0 0 0 0 0 0 0 0 0 0 0 0 0 0 0 0 0 0 
 109 196 108 53 113 289 112 70 75 276 335 113 114 151 180 0 127 54 256 97 76 0 0 0 0 0 74 0 2 1 73 1 1 73 0 0 0 2 72 2 0 0 0 0 0 0 0 6 0 0 2 0 2 3 0 0 0 0 0 2 0 0 3 0 0 0 0 0 5 0 0 0 0 0 0 0 0 43 0 3 12 21 35 0 0 10 26 0 29 20 9 21 0 0 35 28 0 0 18 0 0 13 0 0 0 0 14 12 0 0 0 0 0 30 0 0 0 0 1 25 0 0 0 0 0 0 0 0 0 0 0 0 0 0 0 0 2 0 2 0 2 0 0 0 0 0 0 0 1 0 0 2 1 2 0 0 0 0 0 0 0 16 16 9 14 9 29 0 9 32 9 10 15 5 0 0 30 0 9 10 0 10 0 0 0 0 0 0 0 0 0 0 0 0 0 0 0 0 25 0 0 0 0 1 0 0 0 2 0 0 0 0 0 0 0 0 0 0 0 0 0 0 0 0 4 0 0 24 0 0 0 0 0 0 0 0 0 0 0 0 0 0 0 0 0 0 86 0 3 1 0 0 0 0 0 0 0 0 0 0 0 0 0 0 0 0 0 0 0 0 0 0 0 0 0 27 0 0 0 0 0 0 0 0 0 0 0 0 0 0 
 29 53 51 265 141 216 28 33 100 251 239 212 339 120 130 127 0 193 360 125 80 0 0 5 0 0 74 0 1 0 1 0 1 0 22 0 2 2 73 115 0 0 0 0 0 0 63 4 1 0 2 0 2 3 0 0 0 0 0 0 0 3 3 0 0 0 0 27 3 0 0 0 0 0 0 0 0 10 0 3 3 18 10 22 19 43 0 0 13 15 10 14 0 0 9 29 8 24 0 23 11 18 0 0 1 0 19 55 15 0 0 0 1 25 0 0 0 0 0 39 0 2 0 0 0 0 0 0 0 0 0 0 0 0 0 0 0 0 0 0 0 0 0 0 0 0 0 5 0 0 0 0 4 0 0 0 0 0 0 0 13 9 0 14 35 11 0 0 2 24 18 12 4 2 18 10 0 0 1 0 0 10 11 0 1 0 0 0 0 0 0 0 0 0 0 3 0 0 11 1 0 0 0 0 0 0 0 0 0 0 0 0 0 0 0 0 1 0 0 0 0 0 0 0 0 0 0 0 0 0 0 0 0 0 0 0 0 0 0 0 0 0 0 0 0 0 1 2 86 40 0 12 0 0 0 0 0 0 0 0 2 0 0 0 0 0 0 0 31 0 0 0 0 0 0 24 0 6 0 0 0 0 0 0 0 0 0 0 0 0 
 47 500 68 67 263 45 212 309 155 60 162 79 119 123 179 54 193 0 233 124 3 0 0 0 0 6 4 0 0 0 0 0 37 80 0 0 3 79 77 5 6 0 3 2 0 0 0 2 2 3 7 2 4 6 0 0 3 0 4 0 0 0 5 0 0 0 57 0 3 0 0 1 0 0 4 2 0 2 51 5 0 13 28 37 12 10 10 0 14 10 0 0 36 0 19 15 11 8 8 1 0 0 1 0 0 0 7 0 17 0 0 0 0 0 0 0 10 0 0 0 0 0 0 0 0 0 0 0 0 0 0 0 0 0 0 0 0 0 0 0 0 0 0 0 0 0 0 0 17 0 0 14 5 0 0 0 0 0 0 0 17 19 28 14 5 1 39 15 0 26 34 16 0 0 92 12 26 43 25 0 14 0 0 0 0 0 0 0 0 0 0 0 0 16 0 0 0 0 24 0 0 0 0 0 0 0 10 0 0 0 0 0 0 0 0 0 0 0 0 0 0 0 0 9 0 0 0 0 0 0 0 0 0 0 0 0 0 0 0 15 0 1 0 0 0 3 1 3 2 44 0 5 0 0 0 0 0 0 0 0 0 0 0 0 0 0 0 0 0 0 52 0 0 0 0 0 0 0 0 0 0 0 0 0 0 0 0 0 0 0 
 274 76 29 68 154 35 99 64 57 73 57 36 543 213 246 256 360 233 0 185 3 0 2 1 0 0 0 3 1 0 1 0 2 0 0 0 0 78 0 5 0 1 0 0 0 1 2 0 0 0 9 64 2 10 0 0 0 0 1 2 0 3 3 2 0 0 31 0 3 0 0 0 0 0 0 0 0 2 0 5 35 0 0 0 0 0 25 10 2 0 0 0 18 20 6 0 0 21 18 5 0 1 0 0 0 0 0 0 0 0 0 0 11 0 0 0 0 0 0 0 0 1 0 0 0 0 2 0 0 0 0 0 2 0 0 0 0 0 0 0 0 2 0 0 0 0 0 0 0 0 13 0 0 0 0 0 0 0 0 0 0 1 20 0 0 1 21 0 23 1 11 0 33 0 22 0 15 9 38 0 0 0 0 0 0 0 0 0 2 0 0 0 0 0 0 0 0 0 0 0 0 0 0 0 0 0 0 0 0 0 0 0 0 0 0 0 1 0 0 0 0 0 0 0 0 0 0 0 0 0 2 0 2 0 3 0 0 0 0 0 0 0 0 0 0 2 0 0 1 0 0 11 0 0 0 0 0 0 0 0 0 0 0 0 0 0 0 0 0 0 0 0 0 0 0 0 0 0 0 0 0 0 0 0 0 0 0 0 0 0 
 206 124 220 598 96 83 130 42 55 135 88 180 133 109 199 97 125 124 185 0 3 0 0 0 0 0 0 2 1 0 1 0 1 0 0 0 1 2 0 2 2 2 0 46 2 1 65 3 2 3 5 0 7 7 3 0 0 0 0 0 3 3 2 0 0 0 2 2 3 3 0 8 0 1 0 0 0 2 3 3 13 11 20 21 10 0 10 60 8 0 1 22 18 39 23 1 25 13 21 49 1 2 0 0 0 0 1 0 0 0 0 0 0 0 0 0 0 0 0 0 0 1 0 1 0 0 0 0 1 0 0 0 0 0 0 0 0 0 0 0 0 0 0 0 0 0 0 0 0 0 0 0 0 0 0 0 0 0 0 0 0 21 22 0 0 2 14 34 2 13 15 11 42 0 23 0 18 10 33 0 0 0 0 0 0 0 0 0 1 0 0 0 0 0 0 0 0 0 0 0 0 39 0 0 0 0 0 0 0 0 0 0 1 0 0 0 2 0 0 0 0 0 0 0 0 0 0 0 3 0 1 0 0 0 13 0 0 2 0 0 0 0 0 0 0 55 1 0 2 88 0 6 0 0 0 0 0 0 0 0 0 0 0 0 0 0 0 0 0 0 0 0 0 0 0 0 7 0 0 0 0 0 0 0 0 0 0 0 0 0 
 5 3 5 3 5 5 3 3 3 4 155 80 3 3 3 76 80 3 3 3 0 184 68 55 55 99 283 367 41 33 111 262 339 63 43 35 126 336 269 53 0 3 0 1 2 1 0 3 0 2 6 2 2 0 4 0 0 0 65 0 0 0 0 0 1 0 0 2 0 3 0 2 0 3 2 0 2 6 0 0 0 0 1 0 1 10 0 0 0 10 9 8 0 0 0 1 0 0 0 0 1 1 3 9 0 2 30 6 11 0 11 0 0 19 2 35 8 0 12 11 0 0 0 0 0 0 0 0 0 0 0 0 0 0 0 0 0 0 0 0 0 0 0 0 0 2 0 0 0 3 0 0 0 0 0 0 0 0 6 0 0 0 0 16 16 1 0 1 0 7 0 1 0 0 0 0 2 0 0 0 0 52 27 33 2 0 34 22 28 11 10 10 1 24 0 0 0 18 28 1 0 0 0 0 0 0 0 0 0 0 0 0 9 0 0 0 0 0 0 0 0 0 0 0 0 0 0 0 0 0 0 0 0 0 0 0 0 0 0 0 0 0 0 0 0 0 0 0 0 0 16 0 0 0 8 2 1 1 0 1 2 11 0 0 0 0 0 0 0 0 0 0 0 0 0 0 17 0 0 14 0 1 0 0 0 0 0 0 0 0 
 1 0 0 1 0 82 0 0 0 3 72 80 0 0 0 0 0 0 0 0 184 0 551 208 533 418 95 350 210 114 183 52 65 109 49 111 409 70 49 54 0 3 0 0 2 0 0 2 0 2 3 2 2 0 5 0 0 0 12 2 0 0 0 2 0 0 0 3 0 3 0 0 0 3 2 0 2 2 0 0 0 0 0 0 0 0 0 0 0 0 7 0 0 0 11 0 0 0 0 0 14 0 1 11 44 14 0 8 17 0 29 26 9 0 11 14 30 25 28 0 0 0 0 2 0 0 0 0 0 0 0 0 36 0 0 0 0 0 15 15 0 2 0 0 0 0 0 0 0 0 0 0 0 14 5 1 0 0 0 0 0 0 0 0 0 0 0 0 0 5 0 1 0 0 0 0 2 0 0 0 1 22 6 0 4 17 31 20 41 35 23 9 14 0 0 0 24 12 12 20 1 1 11 0 0 0 20 0 18 0 0 0 0 0 0 0 0 0 7 7 0 0 0 0 0 0 0 0 0 0 0 0 0 0 0 0 0 0 0 0 0 0 0 0 0 0 0 0 0 0 0 0 0 0 22 0 2 84 0 2 0 0 0 0 0 0 0 0 0 0 0 0 0 0 0 0 0 13 0 0 0 32 0 0 0 12 0 0 0 0 
 0 0 0 26 0 0 2 0 1 0 2 0 0 0 1 0 0 0 2 0 68 551 0 560 128 192 357 194 123 209 254 232 53 48 53 135 148 273 36 68 65 12 2 0 3 0 22 2 0 2 3 2 65 63 5 0 3 0 63 0 0 0 0 2 0 0 0 3 0 3 0 0 0 3 2 0 2 3 0 0 0 2 0 0 0 0 0 0 0 0 0 2 1 0 0 0 0 0 0 0 0 0 32 1 27 1 0 0 0 22 16 38 0 0 0 0 27 23 0 0 2 0 1 0 0 0 1 0 1 9 11 0 2 13 1 0 0 0 19 38 0 0 0 0 0 1 0 0 0 0 0 0 0 7 6 0 0 0 0 0 0 0 0 0 0 0 0 2 1 0 1 0 0 0 0 0 0 0 2 0 10 15 29 36 47 26 0 1 23 63 23 13 0 0 9 0 29 7 0 0 0 1 7 0 0 0 6 0 1 0 0 0 0 18 1 1 0 0 10 10 0 0 0 7 0 0 0 0 0 0 0 0 0 0 0 0 0 0 0 0 0 0 10 0 0 0 0 0 0 0 0 0 0 0 2 0 2 77 77 0 5 0 0 0 0 0 0 0 0 0 0 0 0 0 0 0 0 0 0 0 0 0 0 0 0 10 0 0 0 0 
 0 2 0 0 0 0 1 0 0 2 1 4 0 0 2 0 5 0 1 0 55 208 560 0 267 191 127 183 380 156 124 579 157 145 53 46 137 85 178 143 3 3 0 2 4 1 69 2 3 2 3 2 2 0 5 2 0 3 0 1 0 2 3 1 0 0 0 2 0 27 47 0 0 3 2 0 2 2 0 0 0 0 0 0 0 0 13 0 11 0 0 0 0 0 0 0 0 0 0 0 18 0 14 13 20 2 0 2 2 16 13 24 0 3 30 1 4 0 0 0 34 9 0 1 0 0 10 11 0 13 15 0 33 25 2 0 0 0 0 10 0 3 0 0 0 0 0 0 0 0 0 0 0 0 1 1 0 0 1 0 0 0 0 0 0 0 0 0 0 0 0 0 0 0 0 0 0 0 4 0 29 40 3 10 15 17 0 0 28 29 15 57 39 8 16 18 7 19 0 0 13 0 0 0 0 0 54 0 0 0 0 10 15 0 0 0 0 0 13 18 0 0 0 0 0 0 0 0 0 0 0 0 0 0 0 0 1 0 0 0 0 0 0 0 0 0 0 0 0 0 0 0 0 0 15 0 3 8 2 0 2 0 0 0 0 0 19 0 0 0 0 1 0 0 0 0 0 0 0 2 0 32 0 0 0 25 22 0 0 0 
 0 0 0 0 0 0 0 0 205 1 0 1 0 0 0 0 0 0 0 0 55 533 128 267 0 139 52 97 163 103 152 107 72 62 300 142 100 171 275 70 0 3 0 2 2 20 0 2 0 2 3 9 64 0 4 0 3 0 0 0 0 0 0 4 0 0 0 2 0 3 0 0 0 3 2 40 2 2 0 0 2 0 0 0 0 0 0 0 1 2 0 0 0 0 0 0 0 0 0 0 0 0 1 9 20 10 0 0 0 14 13 22 0 0 0 0 27 6 0 0 11 0 26 6 0 0 0 14 32 10 9 0 15 22 12 0 11 0 10 9 0 0 0 0 0 12 0 0 0 0 0 0 0 3 31 1 4 0 0 0 0 0 0 0 0 0 0 0 3 0 2 0 0 0 0 0 0 0 0 0 0 10 0 29 10 18 0 0 18 17 12 9 0 0 10 29 14 17 0 1 1 29 5 0 0 0 39 15 0 0 0 19 14 15 25 0 11 0 0 22 0 0 2 0 2 0 0 0 0 0 0 0 0 0 0 0 0 0 0 0 0 0 0 0 0 0 0 0 0 0 0 0 0 0 17 0 0 0 74 2 0 0 0 0 0 0 0 0 0 0 0 0 0 0 0 0 0 0 0 0 0 0 0 0 1 10 0 0 0 0 
 0 0 0 2 2 0 0 0 0 0 0 0 0 0 1 0 0 6 0 0 99 418 192 191 139 0 34 41 162 451 131 78 228 44 37 158 178 53 41 259 53 0 2 4 1 0 64 0 0 0 0 3 63 27 2 0 0 0 79 0 0 0 1 0 3 0 0 0 3 0 0 0 0 0 42 0 0 0 0 1 0 0 0 0 0 0 0 0 0 0 0 0 0 0 0 0 0 9 0 0 0 0 0 10 60 27 0 11 0 0 16 46 0 0 0 21 23 47 0 0 0 2 10 1 0 0 16 9 0 8 0 0 16 15 0 0 0 0 21 29 0 0 0 0 0 1 2 0 0 0 0 0 1 7 9 0 0 0 0 0 0 0 16 18 0 2 0 0 0 0 0 0 0 0 0 0 0 0 0 0 0 9 1 0 15 18 0 18 60 10 22 43 0 0 0 29 20 19 0 0 4 1 8 0 0 0 14 14 10 0 1 0 8 1 1 10 0 16 39 22 1 0 0 0 0 0 0 0 0 0 0 1 0 0 0 0 0 0 0 0 0 0 0 0 0 0 0 0 0 0 0 0 0 0 10 0 3 83 6 0 12 1 0 0 0 0 0 0 0 0 0 0 0 0 0 0 0 0 0 0 0 0 0 2 0 13 0 0 0 0 
 0 0 0 0 1 1 2 0 0 1 75 0 0 2 0 74 74 4 0 0 283 95 357 127 52 34 0 227 150 28 42 27 270 545 157 279 35 24 70 139 0 3 0 0 2 1 0 5 0 2 4 2 4 0 5 62 0 0 0 21 0 0 0 1 0 0 0 2 0 3 0 0 0 3 2 0 2 2 0 0 0 0 0 0 0 0 0 0 1 10 0 8 0 0 0 0 0 2 0 0 13 10 12 29 23 22 30 0 10 0 0 14 10 20 42 17 0 12 0 21 0 0 0 11 0 0 0 0 0 0 0 0 0 0 0 0 0 0 0 0 2 0 0 0 0 0 0 0 0 10 0 0 0 0 0 0 0 0 0 0 0 0 0 0 18 12 0 0 0 0 0 9 0 0 0 0 0 0 0 1 0 17 26 4 18 0 19 22 0 0 12 4 12 35 14 0 12 12 1 0 0 0 0 0 0 0 0 0 0 0 0 0 5 0 0 0 0 0 0 0 0 0 0 0 0 0 0 0 0 0 7 0 0 0 0 0 0 0 0 0 0 0 0 0 0 0 0 0 0 0 0 0 0 0 16 0 0 3 0 2 24 2 0 0 0 0 0 0 0 0 0 0 0 0 0 0 0 0 0 0 0 0 0 0 0 0 0 0 0 0 
 0 1 0 65 0 21 0 0 0 0 3 2 1 0 0 0 0 0 3 2 367 350 194 183 97 41 227 0 202 57 64 35 99 170 353 22 134 46 128 343 0 3 0 0 3 3 0 2 0 2 3 2 17 0 3 0 0 0 0 0 0 51 0 58 0 0 0 3 0 3 0 0 10 50 2 0 2 5 0 0 0 0 0 0 0 0 0 0 0 0 2 0 0 0 0 0 0 0 0 14 1 7 16 24 25 0 0 13 37 21 0 30 26 1 18 0 32 15 6 9 0 0 0 0 0 0 0 0 0 0 0 0 18 0 0 0 0 0 13 0 11 3 0 0 0 0 0 0 0 0 2 0 10 11 2 0 0 0 0 0 0 0 0 0 0 0 0 0 0 2 0 0 0 0 0 0 5 0 0 0 12 25 18 0 20 0 31 15 36 35 12 10 25 0 0 8 18 0 13 0 2 0 0 0 0 0 0 0 0 0 0 0 0 0 0 0 0 0 10 9 0 0 0 0 0 0 0 0 0 0 0 0 16 0 0 0 0 0 0 9 0 0 0 0 0 0 0 0 0 0 0 0 0 0 4 0 0 151 0 3 2 0 0 0 0 2 12 0 0 0 0 0 0 0 0 0 0 0 0 0 0 19 0 0 0 19 0 0 0 0 
 1 0 2 0 4 0 0 2 0 1 2 6 1 2 3 2 1 0 1 1 41 210 123 380 163 162 150 202 0 195 87 32 109 108 197 169 259 111 394 431 2 3 0 0 3 1 1 2 0 2 3 2 68 0 5 0 0 0 0 62 0 2 0 2 0 0 2 3 51 3 0 0 8 3 3 0 2 3 1 0 0 0 0 0 0 0 0 0 0 0 1 0 0 1 0 0 1 0 0 0 11 10 0 0 28 0 0 0 18 10 28 38 10 12 43 0 23 11 12 18 7 0 0 12 0 0 0 0 0 0 0 0 13 0 0 0 2 0 17 0 1 0 1 0 18 0 0 0 0 0 0 0 0 10 3 0 0 0 0 0 0 0 0 0 0 0 0 0 0 4 0 0 0 0 0 0 2 0 0 0 19 9 0 0 0 16 28 0 13 15 32 9 21 0 0 6 0 0 0 0 0 0 21 0 0 0 6 0 0 0 0 0 0 0 0 0 12 0 2 0 0 0 0 0 0 0 0 1 0 0 0 0 0 0 0 0 0 2 0 0 0 0 0 0 0 0 0 0 0 0 0 0 0 0 7 0 4 0 0 0 18 0 0 0 0 0 11 0 0 0 0 0 0 0 0 0 0 0 0 0 0 0 0 0 0 0 0 0 0 0 
 1 0 0 0 0 0 0 0 0 0 1 0 0 0 0 1 0 0 0 0 33 114 209 156 103 451 28 57 195 0 180 278 55 160 63 114 72 221 79 174 0 3 0 7 64 3 0 2 0 3 211 2 7 0 4 0 0 3 0 13 0 0 0 3 0 0 0 50 0 3 0 0 0 3 2 0 2 2 0 0 0 0 0 0 0 0 0 0 0 0 0 0 0 0 0 0 0 0 0 0 2 15 22 45 20 22 0 0 0 16 16 30 1 0 0 13 25 38 0 1 18 10 0 2 0 0 0 1 21 0 0 0 24 0 0 0 0 0 18 0 0 3 0 0 0 0 0 0 17 0 0 0 0 0 2 1 0 0 0 0 0 0 0 0 0 0 0 0 0 0 0 0 0 0 0 0 0 0 0 0 0 11 0 4 28 26 0 17 27 48 17 20 3 0 0 24 40 22 0 11 53 0 1 0 0 0 32 27 0 0 0 1 0 20 0 0 1 0 27 46 0 0 0 0 0 0 0 0 0 1 11 0 0 0 0 0 0 2 0 0 0 0 0 0 0 0 0 0 0 0 0 0 0 0 11 0 2 75 75 0 0 0 0 0 0 0 0 0 0 0 0 0 0 0 0 0 0 0 0 0 0 0 0 0 0 13 0 0 0 0 
 0 0 0 0 1 0 2 0 0 0 0 0 1 0 86 73 1 0 1 1 111 183 254 124 152 131 42 64 87 180 0 254 50 133 61 343 271 147 47 65 0 5 0 5 3 0 0 2 0 3 3 2 137 0 5 0 1 0 128 62 0 0 0 3 0 0 0 3 6 3 0 0 0 3 2 66 2 2 0 0 0 0 0 0 0 1 0 0 0 0 28 2 0 0 0 0 0 0 0 0 0 10 0 20 52 41 0 0 0 39 9 40 0 0 0 38 26 57 0 0 37 0 0 12 0 0 0 0 0 0 0 0 3 6 0 0 1 0 32 30 0 0 1 0 0 2 0 0 0 0 0 0 0 10 2 8 0 0 0 4 0 0 0 0 7 0 0 2 0 0 0 0 0 0 0 0 0 0 2 0 16 0 0 49 10 10 0 18 16 0 19 2 0 0 3 27 73 27 0 2 12 0 9 0 0 0 0 13 2 15 0 0 1 1 0 0 10 0 69 36 0 0 0 2 22 0 0 1 0 0 0 0 0 0 0 0 0 0 0 0 0 0 0 0 0 0 1 0 0 0 0 0 0 0 11 1 1 80 76 2 2 0 2 0 1 0 0 0 0 0 0 0 0 0 0 0 0 0 0 0 0 0 0 0 0 0 0 0 0 0 
 0 0 0 17 54 1 0 0 0 0 0 0 0 0 0 1 0 0 0 0 262 52 232 579 107 78 27 35 32 278 254 0 51 50 30 47 111 145 61 31 158 70 0 63 2 0 124 5 0 3 3 2 162 108 4 0 52 0 50 3 0 0 0 0 0 0 0 2 0 3 0 0 0 3 2 0 2 4 0 0 0 0 0 19 0 0 0 0 0 0 0 0 0 0 0 0 0 0 0 0 0 0 11 1 1 0 0 0 0 0 1 0 1 0 2 0 22 0 0 0 7 0 16 1 4 0 43 3 16 0 0 0 0 52 34 0 12 10 13 43 1 0 4 3 0 5 0 0 0 0 0 0 0 3 0 8 0 0 0 0 0 0 0 0 0 0 0 0 0 0 0 0 0 0 0 0 0 0 0 0 19 0 21 13 10 10 0 1 1 0 1 16 0 2 9 0 0 0 0 0 21 14 1 0 0 0 13 23 12 22 0 0 14 0 16 14 16 0 16 20 0 0 1 14 1 0 0 0 0 0 0 0 0 0 0 0 0 0 0 0 0 0 5 0 0 0 0 0 0 0 0 0 0 0 9 0 0 2 73 1 3 1 0 0 0 0 0 0 0 0 0 0 0 0 0 0 0 0 0 0 0 0 0 0 2 0 0 0 0 0 
 0 84 0 85 0 0 0 79 77 0 2 60 0 0 1 1 1 37 2 1 339 65 53 157 72 228 270 99 109 55 50 51 0 118 60 171 117 93 330 280 0 3 0 0 2 2 0 2 0 2 3 2 2 0 4 0 0 0 0 2 0 0 0 1 0 0 0 2 0 3 0 0 0 3 2 0 2 4 0 0 0 0 0 0 0 12 1 0 0 42 0 8 0 0 0 0 0 28 0 0 25 19 2 16 0 0 21 0 11 20 0 0 8 17 31 14 0 0 25 0 0 0 0 0 0 0 0 0 1 0 0 0 0 0 0 0 0 0 0 0 0 0 0 0 0 0 0 0 0 0 0 0 0 0 0 0 0 1 0 0 1 0 0 0 14 0 0 5 0 0 0 0 0 0 1 0 0 1 0 0 18 31 22 0 0 0 1 0 0 0 10 8 0 14 51 7 10 1 33 23 3 0 0 0 0 0 0 0 11 13 0 0 15 1 2 0 0 0 0 0 0 0 0 0 0 0 0 0 0 0 0 0 0 0 2 0 0 0 0 0 0 0 0 0 0 0 0 0 0 0 0 0 0 0 8 0 0 1 0 2 2 2 0 0 0 0 0 0 0 0 0 0 0 0 0 0 0 0 0 26 0 0 0 0 1 0 12 0 0 0 
 0 0 0 0 0 75 0 0 0 0 0 1 0 0 3 73 0 80 0 0 63 109 48 145 62 44 545 170 108 160 133 50 118 0 147 166 115 145 380 108 0 3 0 0 2 2 0 2 0 2 3 67 2 0 3 0 0 0 0 0 0 0 0 1 0 0 0 2 0 3 0 0 0 3 2 0 2 2 0 0 0 0 0 0 0 0 0 0 0 0 0 1 0 0 0 0 0 12 0 0 33 0 1 11 9 3 49 0 41 11 9 0 9 48 39 46 0 0 12 9 0 0 0 0 0 0 2 0 0 1 0 0 0 0 0 0 0 0 9 0 0 0 0 0 0 0 0 0 0 4 2 0 0 0 0 0 0 0 11 0 0 0 0 0 0 5 0 0 0 0 0 0 0 0 0 0 0 0 0 0 15 37 14 10 2 0 44 18 14 2 9 7 23 18 23 52 10 2 12 29 2 0 0 0 0 0 0 0 17 0 0 0 14 0 0 0 0 0 15 0 0 0 0 0 0 0 0 0 0 0 0 0 0 0 1 0 0 0 0 0 0 0 0 0 0 0 0 0 0 0 0 0 0 0 11 2 0 2 1 0 22 9 0 0 0 0 1 0 0 0 0 2 0 0 0 0 0 0 0 12 0 5 0 0 0 0 11 0 0 0 
 0 0 0 75 3 152 0 0 205 77 0 61 0 0 0 0 22 0 0 0 43 49 53 53 300 37 157 353 197 63 61 30 60 147 0 236 47 28 92 229 2 5 0 2 4 2 72 5 2 6 5 2 5 0 82 3 0 3 0 0 0 0 3 1 2 0 0 2 0 3 2 0 28 3 2 0 4 2 0 0 2 0 0 1 0 0 0 0 0 2 0 0 0 0 0 0 0 0 0 0 33 22 19 13 11 9 0 0 100 18 1 65 44 20 41 10 0 29 46 20 0 0 1 0 0 0 0 0 0 0 0 0 0 0 0 0 0 0 1 0 0 0 0 0 0 0 0 0 0 0 0 0 0 0 0 0 1 0 0 0 0 0 0 0 0 0 0 0 0 3 2 0 0 0 0 0 3 0 0 0 1 28 19 0 9 0 63 9 14 1 12 9 24 8 0 63 93 14 0 33 0 0 0 0 0 0 0 0 18 0 0 0 0 0 0 0 0 0 0 0 0 0 2 0 2 0 0 0 0 0 0 0 0 0 0 0 0 0 0 0 0 0 0 0 0 0 0 0 0 0 0 0 0 0 7 0 0 41 0 0 23 0 0 0 0 0 2 0 22 0 0 0 0 0 0 0 0 2 0 0 0 4 0 0 0 0 0 0 0 0 
 0 0 0 17 0 0 0 0 0 0 0 1 87 0 0 0 0 0 0 0 35 111 135 46 142 158 279 22 169 114 343 47 171 166 236 0 147 102 123 253 0 9 4 0 2 1 1 2 0 4 3 2 67 1 4 0 65 0 0 0 2 0 0 1 0 0 0 2 0 3 0 0 12 3 2 0 2 2 0 0 0 0 0 0 0 0 0 0 0 0 0 0 0 0 0 0 0 0 0 0 1 12 13 0 22 0 3 0 47 39 18 53 21 20 16 42 12 15 0 11 0 0 0 4 0 0 2 0 0 0 0 0 0 0 0 0 2 0 15 9 1 0 1 0 0 0 0 0 0 0 1 0 0 12 4 0 0 0 0 0 0 0 0 0 0 0 0 0 0 0 0 0 0 7 0 0 0 0 0 0 23 0 25 0 11 1 11 10 16 1 11 0 15 0 30 8 0 0 29 0 0 0 19 0 0 0 0 0 0 0 0 0 0 0 0 0 0 0 1 0 0 0 13 0 0 0 0 0 0 0 0 0 0 0 0 0 0 0 17 0 0 8 11 0 0 0 0 0 0 0 2 0 0 0 0 0 1 0 74 2 22 0 0 0 0 0 12 0 0 0 0 0 0 0 0 0 0 0 0 23 0 0 0 0 0 0 0 0 0 0 
 0 0 0 0 4 75 28 0 0 1 0 0 0 0 1 0 2 3 0 1 126 409 148 137 100 178 35 134 259 72 271 111 117 115 47 147 0 243 127 140 0 3 0 0 2 0 0 2 0 2 4 5 123 0 4 2 0 0 65 0 0 0 2 1 0 0 0 2 3 8 0 0 2 3 2 5 2 2 0 0 0 0 0 0 0 1 0 0 0 0 0 0 0 0 0 1 0 0 0 0 0 0 2 15 14 14 9 0 1 14 33 27 48 0 16 15 33 23 2 0 12 0 0 0 0 0 0 0 0 0 0 0 0 1 0 0 0 0 18 13 1 0 1 0 0 1 0 0 2 0 0 0 0 8 3 0 0 0 0 0 0 2 0 1 0 0 0 0 0 0 0 0 0 0 0 0 0 0 0 0 9 0 0 12 19 0 21 33 0 18 13 1 19 0 10 6 39 42 18 0 0 0 22 0 0 0 0 0 0 0 0 0 0 13 0 0 0 0 9 10 0 0 0 0 0 0 0 0 0 0 2 0 0 0 0 0 0 0 0 0 0 0 0 0 0 0 0 0 0 0 0 0 0 0 13 1 1 8 78 2 1 0 0 52 0 0 0 0 0 0 1 0 0 0 0 0 18 0 0 10 0 13 0 0 0 0 0 0 0 0 
 2 3 4 28 7 3 5 2 2 2 4 2 4 2 5 2 2 79 78 2 336 70 273 85 171 53 24 46 111 221 147 145 93 145 28 102 243 0 81 142 22 11 1 0 2 0 0 2 0 2 3 2 2 0 4 0 0 0 0 0 0 48 0 1 0 0 0 2 0 3 0 0 0 3 2 0 3 2 0 0 0 2 0 0 0 0 0 0 0 0 0 2 0 0 0 0 0 0 0 0 0 0 26 9 9 12 18 0 0 9 18 10 0 1 0 11 45 12 0 0 15 0 0 1 23 0 0 0 12 0 0 0 12 0 1 0 0 0 21 0 0 0 0 0 0 0 0 0 0 2 0 0 0 0 2 0 0 0 6 0 0 0 0 0 0 11 0 2 1 0 0 0 0 0 0 0 0 0 2 0 16 6 2 23 39 6 0 10 40 30 12 7 0 14 8 21 11 46 0 13 0 0 0 0 0 0 22 12 0 0 0 0 0 12 0 0 0 0 12 1 0 0 0 2 0 0 0 0 0 0 12 0 12 0 0 0 0 0 0 0 0 0 8 0 0 0 0 0 0 0 0 0 0 0 3 4 0 1 1 5 1 0 0 0 0 0 0 0 0 0 0 0 0 0 0 0 0 0 0 0 0 35 0 0 0 6 0 0 0 0 
 0 70 0 90 2 0 0 62 5 63 77 134 1 0 0 72 73 77 0 0 269 49 36 178 275 41 70 128 394 79 47 61 330 380 92 123 127 81 0 116 0 3 0 2 203 3 0 7 0 2 6 2 6 3 3 0 3 2 0 0 0 0 2 3 0 0 0 2 3 3 0 0 2 3 3 0 2 2 0 0 0 0 0 0 0 13 0 0 0 0 0 0 0 0 2 1 0 2 0 0 31 23 1 1 0 0 18 0 23 14 2 0 7 0 27 20 0 0 9 18 0 0 0 0 0 0 0 0 0 0 0 0 0 9 0 0 0 0 0 0 0 0 0 0 0 0 0 0 9 0 0 2 0 0 0 2 0 0 0 0 0 0 0 17 0 0 0 2 0 0 0 0 0 0 0 23 0 13 0 0 16 13 0 0 0 0 12 0 0 0 0 0 7 24 10 25 0 1 19 12 0 0 0 0 1 0 0 0 0 0 0 0 0 0 0 0 0 0 0 0 0 0 0 0 0 2 0 0 0 0 0 0 0 0 0 0 0 0 0 8 0 0 14 0 0 0 1 0 0 0 0 0 0 0 9 2 4 0 0 2 0 2 0 0 0 0 10 0 0 0 0 0 0 0 0 0 2 0 0 13 0 0 0 0 0 0 10 0 0 0 
 15 4 2 3 51 167 2 76 2 2 76 2 2 2 2 2 115 5 5 2 53 54 68 143 70 259 139 343 431 174 65 31 280 108 229 253 140 142 116 0 0 3 0 0 2 2 0 2 0 2 3 2 2 0 66 0 0 0 0 3 50 0 0 1 50 0 0 2 0 3 0 0 7 3 2 0 2 44 0 0 0 18 0 0 18 31 0 0 0 0 0 0 0 0 0 0 0 16 0 0 2 9 2 0 7 0 10 0 84 13 0 20 67 15 12 1 17 0 24 24 0 0 0 0 0 0 1 0 0 0 0 0 0 0 0 0 13 0 0 0 1 0 0 0 0 0 0 5 0 0 0 0 36 0 0 0 0 0 0 0 0 0 0 0 15 0 0 0 0 0 22 0 0 0 0 0 2 18 0 2 10 9 0 0 9 0 43 14 12 2 11 0 32 0 0 12 0 1 24 0 0 0 0 0 0 0 0 0 0 0 0 0 2 0 0 2 0 0 1 0 0 17 0 0 0 0 0 0 0 0 0 0 0 0 0 0 0 0 0 0 0 0 0 0 0 0 0 0 0 0 13 0 0 0 14 0 2 0 1 2 16 0 0 0 0 0 1 0 0 0 0 0 0 0 0 0 17 34 0 16 0 13 0 0 0 0 0 0 0 0 
 0 4 68 0 1 0 4 0 0 0 0 4 2 0 4 0 0 6 0 2 0 0 65 3 0 53 0 0 2 0 0 158 0 0 2 0 0 22 0 0 0 102 162 272 319 32 615 151 42 118 30 25 55 116 70 46 305 32 66 60 0 58 0 8 0 0 0 0 0 0 0 13 4 0 0 0 0 0 0 0 0 2 3 2 4 0 0 0 2 0 0 0 2 0 0 0 3 0 4 0 0 0 0 0 0 12 9 0 0 1 0 0 0 0 10 0 0 0 0 0 3 3 25 6 35 8 34 1 0 10 12 7 0 31 15 0 48 24 0 22 5 0 4 2 0 1 0 0 0 0 0 0 12 0 0 0 0 0 0 21 1 5 2 0 0 2 1 4 0 2 0 4 0 0 5 3 0 0 0 0 0 0 0 1 1 38 0 0 0 0 0 46 0 0 0 0 0 0 3 0 10 19 15 18 32 0 0 0 17 17 7 8 8 13 0 39 0 1 8 1 0 0 0 0 0 0 0 0 0 0 0 0 28 0 0 0 0 0 0 0 0 2 0 0 0 0 16 0 0 0 0 13 0 2 0 0 0 0 0 2 0 0 2 0 69 6 0 1 0 0 0 0 0 0 0 0 0 0 0 0 0 0 0 0 0 5 0 12 0 0 
 0 0 0 0 6 21 0 0 0 0 0 0 0 0 0 0 0 0 1 2 3 3 12 3 3 0 3 3 3 3 5 70 3 3 5 9 3 11 3 3 102 0 214 125 44 47 376 434 102 361 93 240 223 121 127 45 319 332 328 79 0 0 0 8 0 0 54 0 0 50 0 0 0 0 0 0 3 0 0 11 0 0 0 6 18 0 0 0 0 0 0 0 0 0 0 0 0 0 0 0 0 0 6 0 0 0 0 0 0 0 0 2 0 0 0 0 0 0 0 0 0 2 0 0 0 20 0 12 10 16 13 11 18 0 20 0 0 10 3 10 0 0 0 0 0 0 0 0 0 0 0 0 0 0 0 0 32 0 0 0 0 0 0 0 0 0 0 0 0 0 0 0 0 0 0 22 0 0 0 0 5 0 4 14 6 0 0 0 8 0 0 0 0 0 7 0 0 0 0 0 20 10 7 13 27 12 0 14 22 12 0 0 0 61 0 9 10 15 21 11 46 0 0 0 0 0 0 0 0 0 0 0 12 0 2 13 0 0 0 0 0 0 8 0 0 0 0 0 0 0 0 2 0 0 0 0 0 0 3 2 0 0 32 2 2 2 2 0 0 0 12 0 0 0 0 0 0 0 0 0 0 0 0 0 14 27 0 0 0 0 
 0 0 2 0 4 0 0 0 0 0 2 0 0 0 2 0 0 3 0 0 0 0 2 0 0 2 0 0 0 0 0 0 0 0 0 4 0 1 0 0 162 214 0 301 114 24 122 229 106 174 148 24 64 45 199 52 64 243 116 47 10 0 0 0 0 1 0 0 0 7 0 6 0 0 6 1 0 0 207 0 0 0 0 0 0 0 0 0 0 0 0 0 0 0 0 0 0 0 0 0 0 0 0 0 0 11 0 0 0 0 0 0 0 0 0 0 0 0 0 0 8 7 12 0 13 0 36 8 10 33 21 30 0 9 0 6 5 0 0 0 0 1 3 0 0 0 0 7 0 0 0 0 0 0 0 0 0 0 19 11 0 0 0 0 0 0 0 0 0 0 0 0 0 0 0 0 0 0 0 0 0 0 0 0 0 0 0 0 0 0 0 0 0 0 0 0 1 0 0 0 12 20 10 29 12 0 6 31 0 7 24 10 0 35 0 11 0 8 0 0 16 0 0 0 0 0 0 22 0 0 0 0 0 1 1 0 0 0 17 0 0 0 65 0 0 0 0 0 0 0 0 6 0 0 0 0 0 0 0 1 0 0 0 0 5 4 1 6 0 0 0 0 0 0 0 0 0 0 0 0 0 0 0 0 0 6 0 18 2 0 
 2 0 0 0 0 0 0 0 0 0 0 0 0 0 0 0 0 2 0 46 1 0 0 2 2 4 0 0 0 7 5 63 0 0 2 0 0 0 2 0 272 125 301 0 85 107 100 60 305 418 83 77 114 87 113 193 127 51 195 141 0 0 0 0 0 1 0 0 0 0 0 0 0 0 0 3 0 0 0 0 0 0 0 0 0 0 0 0 0 0 0 0 0 0 0 0 0 0 0 0 0 2 0 5 1 10 0 0 0 4 4 0 0 0 0 0 0 5 0 0 15 11 11 0 14 0 18 13 0 33 1 19 0 23 2 9 22 0 0 11 19 12 13 1 0 1 14 0 0 0 0 0 1 0 0 0 0 0 0 35 0 0 0 0 0 0 0 0 0 0 0 0 0 0 0 0 0 0 8 0 0 0 0 0 0 11 0 0 0 0 3 3 0 0 0 6 0 4 1 0 21 39 11 28 10 0 11 44 1 19 2 11 0 2 10 1 0 9 3 5 10 0 0 0 0 0 12 0 0 0 0 0 15 12 11 0 0 0 12 0 0 0 0 0 0 0 0 0 0 0 0 12 0 0 0 0 0 0 1 1 0 0 1 0 75 4 2 0 0 0 0 0 0 0 0 0 0 0 0 0 0 0 0 0 0 0 0 12 1 0 
 0 0 5 0 2 0 0 0 0 0 0 0 0 0 0 0 0 0 0 2 2 2 3 4 2 1 2 3 3 64 3 2 2 2 4 2 2 2 203 2 319 44 114 85 0 158 43 104 163 104 101 290 166 140 71 134 49 107 74 163 52 0 0 3 0 0 31 0 0 0 0 7 18 0 0 25 0 210 24 51 0 0 0 0 0 0 0 0 0 0 0 0 0 16 0 0 0 0 0 0 0 0 0 0 0 0 0 0 16 0 0 0 0 0 0 0 0 0 0 0 0 42 22 25 0 35 0 15 19 32 30 49 0 0 0 0 2 9 0 0 0 0 0 0 0 0 5 9 0 7 0 9 14 0 0 0 0 0 1 0 0 0 0 0 0 0 0 0 0 0 0 0 13 2 0 0 0 0 0 0 0 0 0 0 0 0 0 0 0 0 0 0 0 0 0 0 0 19 0 0 22 1 11 0 11 32 0 0 14 0 0 3 0 0 0 12 0 0 0 0 18 28 11 0 0 0 14 18 1 10 0 0 14 11 4 8 0 10 0 2 0 0 0 0 0 0 0 0 0 0 0 12 0 0 0 0 0 0 0 24 0 0 2 1 0 20 1 2 3 0 10 0 0 0 0 0 0 0 0 0 0 0 0 0 2 0 0 0 2 0 
 1 2 0 0 0 0 2 0 0 0 2 2 1 2 1 0 0 0 1 1 1 0 0 1 20 0 1 3 1 3 0 0 2 2 2 1 0 0 3 2 32 47 24 107 158 0 55 32 46 53 101 317 37 62 40 88 70 106 57 78 51 0 0 0 2 0 20 54 0 0 0 0 111 68 1 26 0 0 77 53 0 11 0 0 0 0 0 0 0 0 0 0 0 0 0 0 0 0 0 0 0 0 0 0 0 0 0 0 0 0 0 0 0 0 0 0 0 0 0 0 0 0 6 7 33 0 10 0 2 0 0 0 10 1 0 0 9 0 0 0 0 0 1 0 7 0 0 21 0 6 0 9 0 0 0 0 0 0 0 11 0 0 0 0 0 0 0 0 0 0 0 0 0 0 0 0 0 13 5 0 0 0 0 0 0 0 0 0 0 0 0 0 0 0 0 0 0 0 0 9 0 36 0 21 0 20 0 0 0 14 17 11 0 5 9 4 0 0 0 13 10 25 22 0 0 0 0 14 1 17 0 0 1 78 45 27 0 10 11 12 0 0 0 0 0 0 0 0 0 0 0 4 0 0 0 0 0 0 0 0 0 0 15 4 0 0 1 0 1 0 3 0 0 0 30 0 0 0 0 0 0 0 0 0 5 0 0 0 1 1 
 0 0 0 0 0 15 0 0 0 1 0 0 2 0 0 0 63 0 2 65 0 0 22 69 0 64 0 0 1 0 0 124 0 0 72 1 0 0 0 0 615 376 122 100 43 55 0 269 60 118 466 259 260 200 285 38 435 25 321 131 0 61 0 0 0 0 0 0 0 0 0 0 0 0 0 0 6 2 0 7 0 0 0 0 0 0 0 0 0 0 0 0 0 0 0 0 0 0 0 0 0 0 0 0 0 12 0 0 0 13 0 0 0 0 0 0 1 0 0 0 9 0 1 0 18 1 62 0 0 8 41 17 13 78 11 17 36 16 0 15 49 0 28 8 0 1 0 0 0 22 0 0 3 4 0 0 0 0 0 21 0 0 0 0 0 0 0 1 0 0 0 0 0 0 0 0 0 0 0 0 0 0 0 20 0 21 0 0 0 0 0 14 0 0 0 0 0 0 0 0 8 19 8 40 0 57 0 0 16 17 9 1 6 9 1 14 0 10 14 8 0 0 0 0 0 0 0 0 0 0 0 0 19 0 0 0 0 0 0 0 0 0 0 0 0 0 0 0 0 19 0 2 0 2 0 0 0 0 0 2 0 0 10 0 68 2 2 0 68 0 0 0 0 0 0 0 0 0 0 0 0 0 1 0 13 21 0 15 0 0 
 2 0 0 0 0 21 3 0 0 4 3 54 0 0 0 6 4 2 0 3 3 2 2 2 2 0 5 2 2 2 2 5 2 2 5 2 2 2 7 2 151 434 229 60 104 32 269 0 292 172 306 35 152 252 133 267 289 88 493 68 0 0 0 0 0 0 0 0 0 0 0 0 0 0 0 0 0 0 4 0 0 0 10 0 0 0 0 0 0 1 0 0 0 0 0 0 0 0 0 0 0 0 0 0 0 16 0 0 0 0 0 0 0 1 0 0 0 0 0 4 44 19 0 0 0 0 24 4 9 21 32 30 6 21 20 15 2 16 0 0 1 0 1 0 0 0 0 0 0 0 0 0 0 0 0 0 0 0 0 0 0 0 16 4 1 0 0 0 0 0 0 0 0 0 0 0 0 3 0 0 10 3 0 0 11 0 0 0 0 0 0 0 0 0 0 0 1 0 0 0 22 0 2 1 14 9 8 20 15 1 60 13 10 10 13 23 0 31 0 0 6 0 0 0 0 0 0 0 0 0 0 0 0 0 0 0 0 0 0 8 0 0 16 0 0 0 0 0 0 19 0 18 0 2 0 0 0 0 0 7 0 0 2 0 0 4 0 0 2 0 0 0 0 0 0 0 0 0 0 0 0 0 0 0 0 0 0 0 0 0 
 0 2 1 2 7 2 1 0 1 0 1 1 2 1 0 0 1 2 0 2 0 0 0 3 0 0 0 0 0 0 0 0 0 0 2 0 0 0 0 0 42 102 106 305 163 46 60 292 0 140 115 144 184 163 87 404 98 452 88 216 9 0 24 2 0 8 0 19 34 8 0 6 0 0 7 1 1 0 0 0 0 0 0 0 0 0 0 0 0 0 0 0 0 0 0 0 0 0 0 0 0 0 0 0 0 0 0 0 0 0 0 0 0 0 0 0 0 0 0 0 0 0 49 36 2 0 0 7 21 23 23 0 0 16 20 44 3 57 0 0 0 3 9 0 18 5 39 0 4 0 0 0 7 6 9 0 0 5 12 0 0 0 0 0 0 0 0 0 0 0 0 0 10 7 0 0 0 0 5 0 0 0 0 0 0 0 0 0 0 0 0 0 0 0 0 0 0 0 0 0 0 0 2 1 6 0 17 2 0 15 25 0 0 14 8 0 1 13 0 0 15 1 0 0 0 0 22 22 0 0 0 8 0 0 1 0 0 0 38 3 0 0 13 0 0 0 0 0 0 0 0 3 0 0 0 0 0 0 0 1 0 0 1 37 0 23 0 5 2 0 0 0 0 0 0 4 0 0 0 0 0 0 0 0 2 5 0 0 2 0 
 0 0 3 0 0 0 0 1 0 0 33 0 0 0 21 0 0 3 0 3 2 2 2 2 2 0 2 2 2 3 3 3 2 2 6 4 2 2 2 2 118 361 174 418 104 53 118 172 140 0 226 239 76 68 190 106 79 171 367 83 9 1 0 4 0 0 0 48 2 11 6 0 0 0 5 11 28 0 0 4 0 0 0 8 0 0 0 0 0 0 0 0 19 0 0 0 0 0 0 0 0 0 0 0 0 15 0 0 0 0 0 0 0 0 0 0 0 0 0 0 10 8 1 0 17 0 26 11 9 47 10 26 0 17 0 7 21 6 0 0 3 13 34 7 0 0 0 0 0 0 1 0 0 3 0 6 3 0 8 29 0 0 0 0 0 0 0 0 0 0 0 3 0 0 0 0 0 0 0 0 0 0 0 0 0 0 0 0 0 0 0 0 0 0 0 0 0 0 0 0 13 13 9 36 12 0 5 7 0 2 23 11 0 10 0 13 0 16 3 0 20 0 6 1 0 12 4 19 4 0 0 0 1 3 0 0 0 0 28 0 0 0 10 0 0 0 0 0 8 0 0 7 0 0 0 0 0 0 0 15 0 0 3 0 2 0 4 1 0 0 6 0 0 0 0 0 0 0 0 0 0 0 0 0 0 13 0 23 0 0 
 2 4 4 2 2 2 2 2 2 2 5 2 2 2 2 2 2 7 9 5 6 3 3 3 3 0 4 3 3 211 3 3 3 3 5 3 4 3 6 3 30 93 148 83 101 101 466 306 115 226 0 163 316 272 54 138 311 223 37 317 0 7 0 0 0 0 30 0 2 0 3 3 2 4 4 3 0 0 94 3 0 0 0 0 0 0 0 0 0 0 0 0 0 0 0 0 0 0 0 0 0 0 0 0 0 0 0 0 0 0 0 0 0 0 0 0 0 0 0 0 0 34 12 0 0 6 0 8 26 20 8 14 0 0 0 0 1 12 0 0 20 10 12 0 0 0 47 0 0 0 3 7 8 12 5 0 0 0 10 15 0 0 0 0 0 0 0 0 0 0 0 0 0 2 0 0 0 0 0 0 0 0 3 0 0 0 0 0 0 0 0 0 0 0 0 0 0 0 0 0 2 1 1 6 9 2 0 1 0 0 0 1 0 0 8 8 11 0 0 0 0 47 1 0 0 0 24 2 0 4 5 0 3 1 24 10 4 1 15 2 0 0 8 0 0 0 2 0 0 0 0 9 2 0 0 0 0 0 0 15 0 2 63 1 5 14 3 0 1 0 8 0 0 0 0 0 0 0 0 0 0 0 0 0 10 0 0 0 2 0 
 0 0 0 0 6 0 0 0 0 0 0 0 0 0 0 0 0 2 64 0 2 2 2 2 9 3 2 2 2 2 2 2 2 67 2 2 5 2 2 2 25 240 24 77 290 317 259 35 144 239 163 0 240 240 134 71 73 231 47 59 2 0 0 0 0 0 0 53 0 2 0 0 20 54 63 5 3 2 52 0 0 0 0 0 0 0 0 0 0 0 0 0 0 0 0 0 0 0 0 0 0 11 0 0 0 0 0 0 0 1 1 0 17 0 0 0 0 0 0 0 0 20 14 19 5 7 17 3 24 7 32 0 4 3 19 1 12 8 0 0 7 11 16 0 6 0 14 0 0 0 0 0 0 10 11 0 0 0 9 10 0 0 0 0 0 0 0 0 0 0 0 0 0 7 0 0 0 0 0 0 0 0 0 0 0 0 0 0 0 0 0 0 0 0 0 0 0 1 0 0 11 9 7 0 0 21 5 7 0 0 0 14 12 1 3 0 0 13 0 0 0 11 12 0 0 0 17 0 0 0 0 0 4 12 67 38 0 0 29 27 0 0 0 0 0 0 0 0 0 0 1 2 0 2 0 3 0 0 0 8 0 1 1 64 0 20 0 0 0 0 0 0 0 0 0 0 0 0 0 0 0 0 0 0 10 0 0 0 0 0 
 4 2 4 2 2 23 2 2 2 2 2 2 2 2 4 2 2 4 2 7 2 2 65 2 64 63 4 17 68 7 137 162 2 2 5 67 123 2 6 2 55 223 64 114 166 37 260 152 184 76 316 240 0 151 122 285 39 83 156 172 0 0 0 7 50 0 3 0 0 0 0 0 4 3 2 0 4 0 2 7 0 0 0 0 0 0 0 0 0 0 0 0 0 0 0 0 0 0 0 0 0 0 0 0 0 0 0 0 0 0 12 0 0 0 0 0 10 0 0 0 13 24 0 1 7 0 2 6 20 1 31 1 5 2 37 7 21 37 23 29 0 0 3 2 0 4 0 7 0 0 0 0 0 5 0 6 19 0 3 0 0 0 0 0 0 0 0 0 0 0 0 0 0 29 0 10 0 0 0 7 0 0 0 13 0 10 0 0 0 0 12 0 0 0 0 0 0 0 0 0 31 12 32 7 16 74 0 29 14 22 14 0 0 0 0 10 11 20 18 8 0 0 0 21 0 0 1 1 0 1 0 0 16 7 0 3 0 0 2 19 0 0 0 0 0 0 0 0 0 0 0 7 0 1 0 0 0 0 0 10 0 0 1 65 0 13 0 0 0 0 0 0 0 0 0 0 0 0 0 0 0 0 0 0 0 8 0 0 0 0 
 3 3 3 3 72 3 3 3 3 3 3 3 3 3 2 3 3 6 10 7 0 0 63 0 0 27 0 0 0 0 0 108 0 0 0 1 0 0 3 0 116 121 45 87 140 62 200 252 163 68 272 240 151 0 78 262 244 32 424 131 0 0 0 6 0 0 0 0 0 81 0 7 0 0 0 0 0 0 53 1 0 0 0 0 0 0 0 0 0 0 0 0 0 0 22 0 0 0 0 7 0 0 0 0 0 0 0 0 0 0 0 0 0 0 0 0 0 0 0 0 0 4 37 8 7 23 9 12 1 19 0 9 0 18 35 13 15 26 0 11 0 0 0 0 0 0 2 3 0 0 0 0 14 0 0 0 0 0 3 0 0 0 0 0 1 0 0 0 0 0 0 0 0 0 0 0 0 0 0 0 0 0 0 0 0 7 0 0 0 0 0 17 0 0 0 0 0 0 0 0 26 0 55 0 28 4 0 14 24 16 4 8 0 20 1 21 7 55 32 14 18 0 0 16 0 0 43 1 0 9 0 0 12 0 0 0 0 0 0 3 0 0 0 0 0 0 0 0 0 31 0 2 0 1 0 0 0 0 0 0 0 0 2 0 0 0 2 1 1 0 0 0 0 0 0 0 0 0 0 0 0 0 3 0 0 3 0 0 0 0 
 65 0 0 71 0 0 0 0 0 0 0 0 0 0 61 0 0 0 0 3 4 5 5 5 4 2 5 3 5 4 5 4 4 3 82 4 4 4 3 66 70 127 199 113 71 40 285 133 87 190 54 134 122 78 0 122 129 118 86 248 0 0 0 0 0 0 0 0 0 0 0 0 20 0 0 0 0 0 0 0 0 0 0 0 0 7 0 36 0 0 6 0 0 0 5 0 0 0 0 0 0 10 0 0 0 0 0 10 0 15 0 0 0 9 0 0 0 0 0 0 14 31 22 0 14 0 29 13 19 30 7 45 0 47 0 17 12 1 0 15 2 0 0 0 0 0 1 0 0 0 0 0 0 0 0 0 0 0 0 13 0 0 0 0 0 0 0 0 0 0 0 0 0 2 0 0 0 1 0 0 0 0 0 0 0 0 0 0 0 0 0 3 0 0 0 0 0 0 0 0 11 19 12 12 1 3 18 39 0 0 0 5 0 1 10 0 0 10 0 0 0 0 0 0 0 0 4 0 0 0 0 0 18 0 0 0 0 0 2 3 0 0 0 0 0 0 0 0 0 0 0 5 0 0 0 0 0 1 0 2 0 0 2 1 64 13 0 2 0 0 0 0 0 0 0 0 0 0 0 0 0 0 0 0 0 0 0 10 2 0 
 0 0 2 0 6 0 0 0 0 0 0 0 0 0 3 0 0 0 0 0 0 0 0 2 0 0 62 0 0 0 0 0 0 0 3 0 2 0 0 0 46 45 52 193 134 88 38 267 404 106 138 71 285 262 122 0 83 59 147 166 0 4 0 8 0 0 3 0 0 0 0 23 3 4 6 0 0 0 6 0 0 0 0 0 0 0 0 0 0 0 0 0 0 0 0 0 0 0 0 0 0 0 0 0 0 0 0 0 0 0 0 0 0 0 0 0 0 0 0 0 1 30 55 7 12 14 11 34 0 1 0 1 0 8 0 10 19 25 0 0 15 0 1 0 0 0 15 1 0 0 9 4 16 11 1 0 0 0 11 10 0 0 0 0 0 0 0 0 0 0 0 0 0 0 0 0 0 0 3 0 0 0 0 0 46 0 0 0 0 0 0 0 0 0 0 0 0 0 0 0 14 9 6 32 38 0 0 0 11 11 10 15 0 0 19 17 6 29 0 0 0 0 0 0 0 0 14 13 0 5 4 0 19 11 10 4 4 0 23 5 0 0 0 0 0 0 0 0 0 0 0 3 0 2 0 0 0 0 0 0 0 0 0 0 2 2 0 2 0 0 0 0 0 0 0 0 0 0 0 0 0 0 0 0 0 0 0 0 0 0 
 3 0 2 0 0 21 0 0 0 0 0 0 0 0 2 0 0 3 0 0 0 0 3 0 3 0 0 0 0 0 1 52 0 0 0 65 0 0 3 0 305 319 64 127 49 70 435 289 98 79 311 73 39 244 129 83 0 326 271 271 0 0 0 0 0 0 28 0 4 0 4 0 5 0 4 0 0 1 0 0 0 0 0 0 0 0 0 0 0 0 0 0 0 0 0 0 0 0 0 0 0 2 2 0 0 0 0 0 0 4 0 33 0 0 0 4 1 0 0 0 15 10 10 15 1 0 38 1 7 0 28 9 20 51 35 50 33 32 6 35 18 8 0 0 0 0 0 0 0 0 0 0 7 0 0 0 0 0 0 10 0 0 0 0 0 0 0 0 0 0 0 0 0 9 0 0 0 0 0 0 0 0 4 31 0 0 0 0 12 0 1 0 0 0 9 0 0 0 0 0 0 9 15 7 8 0 17 6 0 0 0 0 0 3 25 22 33 29 0 0 27 15 0 0 0 0 0 0 0 0 0 0 6 0 11 10 0 0 8 0 0 0 3 0 0 0 0 0 0 0 0 3 0 2 0 0 0 0 14 2 0 0 63 70 1 1 2 2 0 2 9 0 0 0 0 0 0 0 0 0 0 0 0 0 10 0 0 12 0 0 
 0 0 0 0 4 0 0 0 0 1 0 0 0 0 3 0 0 0 0 0 0 0 0 3 0 0 0 0 0 3 0 0 0 0 3 0 0 0 2 0 32 332 243 51 107 106 25 88 452 171 223 231 83 32 118 59 326 0 46 30 4 0 0 0 0 0 51 0 0 5 0 1 52 0 64 3 0 0 0 0 0 0 0 0 0 0 0 0 0 0 0 0 0 0 0 0 0 0 0 0 0 0 0 0 0 0 22 0 0 0 0 0 0 0 0 8 0 0 0 0 0 18 2 6 25 7 0 2 0 15 23 8 0 0 0 0 1 0 0 0 7 11 11 0 4 0 0 0 0 0 9 0 0 10 11 0 0 0 19 0 0 0 0 0 0 0 0 0 0 0 0 0 0 0 0 0 0 0 0 0 0 0 0 0 0 0 0 0 0 0 0 0 0 0 0 0 0 0 0 5 11 0 0 0 9 11 0 3 9 11 6 7 7 0 0 0 14 0 0 0 14 20 9 12 0 0 0 6 9 0 0 0 5 2 31 52 0 3 7 18 0 0 14 0 0 2 0 0 0 0 0 4 1 0 0 0 0 0 0 21 0 0 1 0 0 7 3 64 0 0 20 0 0 0 0 0 0 0 0 0 0 0 0 0 19 12 0 0 0 0 
 0 0 0 0 0 0 0 0 0 0 0 0 0 0 0 0 0 4 1 0 65 12 63 0 0 79 0 0 0 0 128 50 0 0 0 0 65 0 0 0 66 328 116 195 74 57 321 493 88 367 37 47 156 424 86 147 271 46 0 432 3 0 3 0 0 1 0 1 0 3 0 0 0 0 0 1 2 0 0 2 0 0 0 0 0 0 0 0 0 0 0 0 0 0 0 0 0 0 0 0 0 0 0 0 9 52 0 0 0 0 15 7 0 0 0 6 0 0 0 0 24 4 38 0 0 0 28 17 0 0 0 18 0 28 0 17 0 9 26 46 0 4 3 5 0 4 3 8 1 0 1 0 0 0 0 7 0 4 0 0 0 0 0 0 0 0 9 0 0 0 0 0 0 0 0 0 6 0 0 0 0 0 0 22 0 2 0 6 0 0 0 14 0 0 0 0 7 9 9 0 23 0 0 0 1 0 18 26 0 19 2 0 0 0 11 9 9 16 20 14 0 0 0 0 0 2 10 0 3 8 30 0 0 0 0 0 0 0 3 0 0 0 0 0 0 0 0 0 0 0 0 5 0 9 0 0 0 62 0 0 0 0 0 0 0 0 4 0 0 0 5 0 0 0 0 0 0 0 0 0 0 0 0 0 0 0 0 0 2 0 
 0 63 0 0 0 22 0 0 0 66 0 0 0 0 1 2 0 0 2 0 0 2 0 1 0 0 21 0 62 13 62 3 2 0 0 0 0 0 0 3 60 79 47 141 163 78 131 68 216 83 317 59 172 131 248 166 271 30 432 0 0 0 0 3 0 0 0 0 0 0 0 0 0 0 0 0 3 0 0 4 0 0 21 0 0 0 0 0 0 0 0 0 0 0 0 0 0 0 0 0 0 0 3 0 1 0 0 0 0 0 0 0 0 1 0 0 0 0 3 0 6 28 6 23 7 0 22 11 20 1 19 13 24 17 20 16 9 65 15 19 0 0 0 0 0 0 2 13 0 0 0 0 9 0 0 13 0 0 6 0 0 0 0 0 0 0 0 0 0 0 0 0 0 9 0 0 0 0 0 0 0 1 0 19 8 0 0 0 0 0 0 8 0 0 0 0 0 0 0 0 36 0 16 22 18 41 18 8 10 24 18 0 0 0 12 10 19 22 0 0 0 0 0 0 0 0 22 0 0 0 0 0 15 0 0 0 0 0 17 22 0 0 0 0 0 0 0 0 0 0 0 12 0 2 0 0 0 0 0 18 0 0 0 100 0 21 0 0 0 0 0 0 0 0 0 0 0 0 0 0 0 0 4 0 0 5 0 0 0 0 
 0 0 1 0 10 0 0 0 0 0 3 0 0 57 0 0 0 0 0 3 0 0 0 0 0 0 0 0 0 0 0 0 0 0 0 2 0 0 0 50 0 0 10 0 52 51 0 0 9 9 0 2 0 0 0 0 0 4 3 0 0 67 225 50 31 437 463 325 83 80 83 60 112 55 127 138 114 89 107 175 0 0 0 0 0 0 0 0 0 0 0 3 0 0 0 0 0 0 0 0 0 0 0 0 0 0 0 0 0 0 0 0 0 0 0 0 0 0 0 0 0 8 1 0 6 1 3 0 0 7 0 0 0 0 0 0 0 0 0 0 10 23 10 18 18 7 10 5 9 8 11 8 2 0 14 19 15 8 11 4 0 0 5 0 0 0 0 0 0 0 0 0 0 0 0 0 0 0 0 12 0 0 0 0 0 0 0 0 0 0 0 0 0 0 9 0 0 0 0 0 0 0 0 0 0 8 0 0 0 9 7 0 0 0 0 0 0 0 0 0 7 0 6 0 19 10 0 37 10 8 8 33 0 0 8 0 1 5 0 0 10 0 10 0 0 0 0 0 0 0 0 0 0 0 15 0 0 0 0 0 0 0 8 0 0 0 4 7 0 0 17 2 0 1 0 0 0 0 0 0 0 0 0 0 0 0 0 0 0 0 
