 0 190 129 269 33 32 262 115 36 95 138 48 252 137 235 195 47 50 47 51 1 0 2 3 0 3 2 0 0 10 4 3 7 76 5 3 0 2 0 0 2 0 0 2 6 5 0 3 2 12 12 5 4 0 3 3 1 37 5 3 0 0 2 0 0 6 3 2 0 44 11 0 0 3 47 1 0 0 0 0 14 31 18 0 2 19 16 38 0 1 1 40 47 0 7 30 19 0 26 16 1 0 0 0 0 0 0 0 0 0 0 0 0 0 0 0 0 0 0 0 0 0 0 0 0 0 0 0 0 0 0 0 0 0 0 0 0 3 0 0 0 0 0 0 0 0 0 0 0 0 0 0 0 0 0 0 11 0 9 0 22 16 0 0 0 0 39 21 4 0 0 0 9 0 31 14 7 18 23 19 0 0 0 0 0 0 0 2 0 0 0 0 0 0 0 0 0 0 2 12 0 0 0 0 0 0 0 0 0 0 0 0 0 0 0 0 0 0 0 0 0 0 0 0 17 0 0 0 0 0 0 0 0 0 0 0 0 0 0 0 0 0 0 0 0 0 1 0 0 0 0 5 0 0 0 0 0 0 0 0 0 0 0 0 0 0 0 0 0 0 0 0 0 0 0 0 0 1 0 0 0 0 0 0 0 0 0 0 0 0 
 190 0 296 277 35 83 237 147 510 134 70 46 74 69 360 74 345 181 311 59 0 0 206 0 2 0 74 0 0 3 2 5 62 1 1 0 0 1 80 3 0 0 0 2 1 0 0 0 0 0 5 3 2 0 0 0 2 0 0 0 0 0 0 0 0 0 4 2 0 0 2 0 0 3 0 0 0 0 0 0 14 22 0 25 0 8 19 8 57 0 20 0 21 4 15 31 25 37 9 0 0 0 2 0 0 0 0 0 0 0 0 0 0 0 0 10 0 0 13 0 0 0 17 0 11 0 0 0 0 0 1 0 0 0 0 0 0 0 0 0 0 15 0 0 0 0 0 0 0 0 0 0 0 0 0 0 0 2 0 0 47 0 9 41 18 0 23 0 9 0 22 13 44 60 0 25 39 0 14 0 2 0 0 0 0 0 0 6 0 0 0 0 12 16 0 0 0 2 17 35 0 0 0 0 0 0 0 0 0 0 0 0 0 0 0 0 0 0 0 0 0 0 0 0 0 0 2 1 0 2 0 0 0 0 0 0 8 0 2 0 0 9 0 0 0 2 3 2 4 2 19 4 0 0 0 0 0 0 0 0 0 0 0 0 0 0 0 0 0 0 0 0 0 0 0 0 1 10 0 0 0 0 0 0 0 0 0 0 0 0 
 129 296 0 243 222 42 53 82 129 70 358 34 281 55 35 66 213 172 29 43 1 0 3 0 0 3 25 0 3 3 0 3 76 0 0 0 0 0 148 157 0 0 0 2 0 0 0 0 0 0 3 1 3 0 0 0 0 0 0 0 0 0 0 0 0 0 19 2 0 0 3 0 0 3 0 0 0 0 0 2 0 18 0 36 12 29 0 0 3 41 16 0 0 0 0 14 29 1 18 0 0 2 0 0 0 0 10 2 0 0 0 2 0 0 1 5 0 0 13 0 0 0 0 0 0 0 0 0 0 0 0 0 0 0 0 0 0 0 0 0 0 1 0 0 0 0 0 2 0 0 0 0 2 0 0 0 0 0 0 0 11 2 1 33 0 0 0 0 0 19 3 27 0 0 0 0 25 14 0 1 0 0 0 0 0 0 0 0 0 0 0 0 29 34 0 0 0 0 32 25 0 0 0 0 0 0 0 0 0 0 0 0 0 17 0 12 0 0 0 0 0 0 0 0 9 0 0 0 0 1 0 0 0 0 0 0 0 0 0 0 0 0 0 0 0 2 87 0 19 1 3 6 0 0 0 0 0 0 0 0 0 0 9 0 0 0 0 0 0 0 0 0 0 0 0 1 20 0 0 0 0 0 0 0 0 0 0 0 0 0 
 269 277 243 0 352 28 86 73 154 363 271 94 73 522 168 227 157 386 75 73 0 0 0 1 6 0 36 0 0 3 0 5 72 3 75 0 0 0 195 74 0 0 0 2 0 0 0 0 6 0 6 3 3 0 0 0 0 0 6 0 0 0 4 0 0 0 3 2 0 0 3 0 0 3 0 3 0 0 6 2 0 15 29 45 10 1 0 26 31 3 49 0 0 7 0 6 0 2 0 16 30 0 0 0 0 0 0 18 0 0 0 0 1 0 14 11 0 0 15 0 1 0 1 0 0 0 0 0 0 0 0 0 0 0 0 0 0 0 0 0 0 4 0 0 0 0 12 6 0 0 0 0 0 4 0 0 0 0 0 0 7 18 28 18 50 21 0 24 11 22 24 10 0 0 18 0 18 10 0 11 0 1 0 10 0 0 14 0 0 0 0 0 5 26 26 0 0 0 25 30 0 0 0 0 0 0 0 2 0 0 0 14 0 0 0 0 0 0 0 0 0 0 2 0 1 0 0 0 0 0 0 0 0 0 2 0 0 0 0 0 0 15 0 0 0 2 3 0 3 120 1 8 2 0 0 0 0 0 0 0 2 0 0 0 0 0 0 0 0 0 0 0 0 0 0 10 17 0 0 0 0 0 0 0 0 0 0 0 0 0 
 33 35 222 352 0 101 63 49 245 248 340 97 60 62 170 71 109 148 60 77 25 0 0 0 0 0 151 0 0 3 0 3 1 0 1 0 1 0 249 40 0 0 0 2 0 0 0 0 0 0 3 3 3 0 0 0 2 0 0 0 0 0 0 0 0 0 3 2 0 0 3 0 0 3 0 0 0 0 0 1 1 0 48 39 23 9 0 0 11 26 2 27 0 2 0 0 0 0 0 0 9 14 8 0 0 0 2 34 0 2 0 0 11 1 13 10 1 0 40 13 0 0 0 0 0 0 0 0 0 0 0 0 0 0 0 0 0 0 2 0 0 6 0 0 0 0 1 4 0 0 0 0 0 6 0 0 0 0 0 0 0 0 11 31 86 2 0 0 0 9 19 16 0 0 0 0 11 0 0 0 0 0 10 14 0 0 79 0 14 0 1 0 2 101 13 23 0 7 34 24 0 0 0 0 0 0 0 0 0 0 0 0 0 9 0 0 0 0 0 0 8 0 0 0 0 0 0 0 0 0 0 0 0 0 0 0 0 0 0 0 0 0 0 0 0 1 91 0 86 92 0 8 0 2 0 0 0 2 0 0 0 0 9 0 0 0 0 0 0 0 0 0 0 0 0 10 10 0 0 0 0 0 0 0 0 0 0 0 0 0 
 32 83 42 28 101 0 242 319 62 34 232 189 75 269 57 75 103 53 274 48 149 105 17 75 2 1 1 0 78 5 0 5 0 151 76 177 79 22 2 3 0 0 0 2 3 6 0 0 2 0 7 3 3 0 4 0 0 2 4 0 0 0 4 0 0 4 3 3 0 0 7 0 0 3 0 0 0 0 0 1 0 29 20 0 20 9 0 19 0 0 0 18 22 0 0 0 0 0 0 0 29 23 0 0 0 0 52 10 0 8 0 5 33 14 0 0 29 0 31 6 0 0 0 0 0 0 0 0 2 0 15 0 0 0 0 0 0 0 0 0 0 0 0 0 0 23 0 0 1 0 0 0 0 1 0 0 0 2 0 0 0 0 10 0 15 0 0 1 21 0 0 0 0 0 10 0 0 0 0 17 26 2 40 23 0 2 2 18 1 28 12 8 1 26 17 23 57 21 14 12 0 0 0 0 0 0 0 0 0 0 0 0 0 9 0 0 1 0 0 0 0 0 0 0 0 2 1 0 0 0 0 1 0 0 18 0 0 0 0 0 0 0 0 0 0 4 12 0 10 1 0 9 0 0 2 0 0 0 153 0 0 0 0 0 0 0 0 0 0 0 0 0 0 0 0 0 0 0 0 0 0 0 0 0 0 0 0 0 0 0 
 262 237 53 86 63 242 0 109 178 39 34 239 392 74 41 48 206 27 276 46 0 0 0 0 0 0 0 0 0 3 0 3 0 2 1 0 0 3 0 0 0 0 0 2 1 0 0 0 0 0 7 2 3 0 0 1 1 0 0 1 0 0 0 0 0 0 3 2 0 0 3 0 0 3 0 0 0 0 0 0 48 39 20 0 0 0 22 7 34 0 0 7 11 15 13 9 24 25 41 0 0 0 18 0 0 0 0 0 0 0 2 2 0 0 0 0 23 0 0 0 0 2 0 5 2 0 0 0 0 0 0 0 0 0 0 0 0 0 10 0 0 0 0 0 0 0 0 0 0 0 10 0 0 0 0 0 0 0 0 0 21 0 0 0 14 0 15 0 35 0 11 0 0 64 17 3 0 0 14 18 0 0 0 0 0 0 0 0 1 0 0 0 0 0 0 0 0 0 0 0 0 0 0 0 0 2 25 0 0 0 0 0 0 0 0 0 0 0 2 0 20 0 0 0 0 0 0 0 0 0 0 0 0 1 14 0 0 0 0 0 0 7 0 0 0 1 0 0 3 0 2 8 0 0 0 0 0 0 0 0 0 0 0 0 0 0 0 0 0 1 0 0 0 0 0 0 11 0 0 0 0 0 0 0 0 0 0 0 0 0 
 115 147 82 73 49 319 109 0 174 33 57 115 217 524 149 125 342 142 41 251 0 0 5 0 0 0 0 1 0 2 0 5 0 0 1 0 0 0 0 1 0 0 0 2 1 3 0 0 0 0 5 3 2 0 2 0 2 0 2 0 0 0 57 0 0 2 3 2 0 0 5 0 0 3 0 0 0 0 0 0 0 23 19 11 36 9 0 32 16 20 28 51 0 8 32 10 0 4 24 21 0 0 0 0 0 0 0 0 0 0 0 0 26 0 0 0 24 0 14 0 0 0 0 0 0 0 0 0 0 0 0 0 9 0 0 0 0 0 0 0 0 0 0 0 0 0 0 0 0 0 0 0 0 0 0 0 0 0 2 0 18 18 47 0 0 0 19 43 23 11 0 16 0 0 4 21 38 0 19 0 0 0 0 0 0 0 0 9 0 0 0 0 20 0 1 0 0 0 0 14 0 0 0 0 0 0 0 0 1 0 0 3 0 0 0 0 0 0 0 0 0 0 0 0 0 0 0 0 0 0 1 0 0 0 0 0 0 0 0 0 0 0 0 0 0 0 86 0 0 99 11 10 9 0 0 0 0 0 0 0 0 0 0 0 0 0 0 0 0 0 0 0 0 0 0 12 0 0 0 0 0 0 0 0 0 0 0 0 0 0 
 36 510 129 154 245 62 178 174 0 84 135 23 190 191 315 58 214 138 80 116 0 0 0 0 0 0 35 0 0 3 0 3 73 0 3 0 0 1 125 148 0 7 0 2 3 0 63 0 0 0 7 6 3 0 0 0 0 0 0 0 0 0 0 0 0 0 5 2 0 0 3 0 0 3 0 0 0 0 0 0 23 34 0 43 27 0 25 9 12 0 9 13 12 16 37 33 15 14 0 0 0 0 0 0 6 0 0 1 0 0 0 15 8 0 0 6 0 0 23 0 0 0 0 0 0 0 0 0 0 0 0 0 0 0 0 0 0 0 0 0 0 0 0 0 0 0 0 0 0 0 0 0 0 0 0 0 0 0 0 0 13 0 0 36 20 0 59 2 7 28 11 13 0 4 0 16 14 7 22 0 0 0 0 0 0 0 2 0 0 0 0 0 14 3 0 2 0 0 19 16 0 0 0 0 0 0 0 0 0 2 0 0 0 0 0 0 0 0 0 0 0 0 0 0 0 0 0 0 0 0 0 0 0 0 0 0 0 0 0 0 0 12 0 0 0 0 0 0 1 2 2 8 6 0 0 0 0 0 0 0 0 0 0 0 0 0 0 0 0 0 0 0 0 0 0 12 60 0 0 0 0 0 0 0 0 2 0 0 0 0 
 95 134 70 363 248 34 39 33 84 0 80 124 128 80 98 324 251 134 73 107 0 3 2 7 1 0 76 0 0 3 2 5 75 5 5 0 0 8 99 74 0 0 0 2 0 9 3 6 0 3 9 2 3 4 73 3 0 0 5 0 0 0 6 0 0 10 3 2 0 0 64 19 0 3 0 9 5 0 0 0 0 0 11 8 10 0 0 19 5 10 27 0 0 8 0 10 0 11 1 9 13 0 0 0 0 0 16 0 0 0 0 0 0 0 17 6 0 0 0 0 7 0 0 0 0 0 0 0 0 0 0 0 0 0 0 0 0 0 0 0 0 15 0 0 0 0 0 7 0 0 0 0 0 4 0 0 0 0 0 0 12 14 26 0 25 24 0 1 12 12 21 10 0 0 14 0 10 10 0 16 0 0 0 0 0 0 20 0 13 0 0 0 0 14 10 0 0 0 23 20 40 0 0 0 0 0 12 0 0 0 0 0 0 0 0 0 0 0 0 0 0 0 1 0 0 0 0 16 0 0 0 0 0 0 0 0 19 0 0 0 0 14 0 0 0 0 0 0 3 4 0 8 0 0 0 0 0 0 0 0 1 0 0 0 0 1 0 0 0 0 0 0 0 0 0 20 0 0 0 0 0 0 0 0 0 0 0 0 0 0 
 138 70 358 271 340 232 34 57 135 80 0 268 53 199 177 469 110 235 36 65 153 0 0 0 0 0 84 0 0 3 0 3 0 0 75 0 0 3 83 146 0 0 0 2 0 0 0 0 2 0 3 3 3 0 0 0 0 0 0 0 0 0 0 24 0 0 3 2 0 1 3 0 0 3 0 0 0 0 0 0 0 10 2 21 49 28 0 18 0 0 0 57 0 0 19 10 0 0 2 18 0 0 12 0 0 0 0 29 0 0 0 0 48 17 0 0 1 0 23 14 0 0 0 0 0 0 0 0 0 0 0 0 2 0 0 0 0 0 2 0 0 0 0 0 0 0 0 0 0 0 0 0 0 0 0 0 0 0 0 0 14 18 0 1 18 0 17 45 20 29 12 0 0 0 2 9 17 1 0 0 0 0 0 0 0 0 28 2 0 0 0 0 37 25 1 32 0 0 2 0 0 0 0 0 0 0 0 0 0 0 0 0 0 0 0 0 0 0 0 0 0 2 0 0 0 0 0 0 0 0 0 0 0 0 0 0 0 0 0 0 0 0 0 0 2 2 105 0 8 145 0 13 9 0 0 0 0 0 0 0 0 0 4 0 0 0 0 0 0 0 0 0 0 0 0 12 20 0 0 0 0 0 0 0 0 0 0 0 0 0 
 48 46 34 94 97 189 239 115 23 124 268 0 33 37 32 122 257 85 62 251 36 222 4 6 2 0 88 110 2 3 2 13 5 75 34 8 0 1 73 78 0 0 62 2 0 99 0 6 0 4 4 3 3 0 0 6 2 0 0 0 0 0 0 0 0 6 4 2 0 0 9 5 0 3 0 0 0 0 0 8 0 0 0 0 16 17 0 6 3 6 32 13 2 0 0 0 0 0 0 0 23 43 0 0 0 0 25 29 0 10 0 66 14 15 0 0 19 0 25 21 0 0 0 0 0 0 0 0 0 1 0 0 0 0 0 0 0 0 0 0 0 0 0 0 0 0 0 5 0 2 0 0 0 5 5 0 0 0 0 0 6 0 12 2 75 29 0 0 0 22 20 4 2 0 16 0 0 11 0 0 2 12 13 0 0 0 34 0 5 0 11 0 17 29 14 29 0 21 34 12 0 0 0 0 0 0 0 0 0 0 0 7 0 24 0 0 0 0 0 0 0 0 0 0 19 0 0 1 0 0 0 0 0 0 0 0 0 0 0 0 0 10 0 0 0 3 6 0 90 88 0 11 0 0 0 0 2 0 2 0 0 0 0 0 0 0 0 1 0 0 0 0 0 0 0 0 0 0 0 0 0 0 0 0 0 0 0 0 0 0 
 252 74 281 73 60 75 392 217 190 128 53 33 0 93 226 126 274 128 66 261 22 0 0 0 0 0 4 0 0 5 0 3 0 2 77 0 0 1 1 0 0 0 0 2 7 0 0 63 0 63 3 2 3 0 0 0 1 4 0 0 0 5 0 0 0 0 3 2 0 45 3 0 0 3 0 0 0 0 0 0 19 0 0 5 0 24 7 0 14 0 11 0 17 0 26 15 0 14 18 18 0 0 0 0 0 0 0 0 0 0 0 0 0 0 0 0 0 0 0 0 0 0 0 0 0 0 0 0 0 0 0 0 0 0 0 0 0 0 0 0 57 0 0 0 0 0 0 0 0 0 0 0 0 15 0 0 0 0 0 0 18 0 10 10 26 0 55 2 7 2 0 0 19 33 10 31 29 10 25 30 0 0 0 0 0 0 0 0 0 0 0 0 0 0 0 1 0 0 0 0 0 0 0 0 0 0 0 0 4 0 0 1 0 0 0 0 0 0 0 0 0 0 0 0 0 0 0 0 0 0 0 0 0 0 0 0 0 0 0 12 0 0 0 0 0 0 0 0 0 0 0 11 0 0 0 0 0 0 0 0 0 0 0 0 0 0 0 0 0 0 0 0 0 0 0 0 0 10 0 0 0 0 0 0 0 1 0 0 0 0 
 137 69 55 522 62 269 74 524 191 80 199 37 93 0 523 178 162 153 267 195 0 0 1 0 0 0 2 0 0 4 0 3 0 2 2 0 0 0 2 0 0 0 0 2 0 0 27 0 0 0 5 3 3 0 0 0 1 0 0 9 0 0 0 0 0 0 3 2 0 51 3 0 0 3 0 2 0 0 0 0 0 0 18 17 15 21 25 53 0 20 0 45 0 11 48 58 14 0 0 19 1 0 0 0 0 0 22 0 0 0 0 0 16 0 0 0 0 0 0 0 0 0 0 0 0 0 0 0 0 0 0 0 0 0 0 0 0 0 0 0 0 0 0 0 0 0 0 0 0 0 0 0 0 0 0 0 0 0 0 0 32 22 1 15 1 0 37 74 13 7 0 0 39 0 26 26 0 14 1 12 0 0 0 0 0 0 12 0 0 0 0 0 0 0 0 2 0 0 0 0 0 0 0 0 0 0 0 0 0 2 12 0 0 0 0 0 0 0 0 0 0 0 0 0 0 0 0 0 0 0 0 0 0 0 0 0 0 0 0 0 0 0 0 0 0 2 1 0 2 89 0 20 7 0 1 0 0 0 0 0 0 0 0 0 0 0 0 0 0 0 0 0 0 0 0 9 0 0 0 0 0 0 0 0 0 2 0 0 0 0 
 235 360 35 168 170 57 41 149 315 98 177 32 226 523 0 216 40 288 136 262 0 1 3 0 0 0 0 0 0 6 0 3 77 2 4 0 0 1 0 1 0 0 0 2 39 0 3 0 0 0 4 1 10 0 0 2 1 0 0 3 0 0 0 0 0 2 3 4 0 56 3 0 0 3 0 5 1 2 0 0 20 22 44 1 0 21 19 44 0 4 14 19 22 26 4 30 18 13 19 84 0 0 0 0 0 2 0 0 0 0 0 0 2 0 0 0 0 0 0 0 0 0 0 0 0 0 0 0 0 0 0 0 0 0 0 1 0 0 0 0 0 0 0 0 0 0 0 0 0 0 0 0 0 0 0 0 0 0 2 0 7 51 11 0 32 37 67 56 13 0 7 0 18 4 12 16 8 14 13 11 0 1 2 0 0 0 1 0 0 0 0 0 0 1 0 0 0 3 14 4 0 0 0 0 2 0 0 0 0 0 19 0 0 0 1 0 0 0 0 2 0 0 0 1 0 0 0 0 0 0 0 0 0 0 0 0 0 0 0 0 0 0 0 0 0 2 2 2 1 2 0 10 0 0 0 0 0 0 0 0 0 0 0 0 0 0 0 0 0 0 0 0 0 0 0 0 0 0 0 0 0 0 0 0 0 0 0 0 0 0 
 195 74 66 227 71 75 48 125 58 324 469 122 126 178 216 0 81 297 26 161 0 0 0 0 0 0 0 0 0 3 0 3 0 2 1 0 0 1 0 0 0 0 0 2 0 3 2 2 0 0 5 2 3 3 3 1 1 0 2 8 0 0 2 0 0 3 3 2 0 52 3 2 0 3 0 12 2 0 0 0 0 23 50 0 0 15 0 44 0 21 30 21 11 46 0 14 105 27 0 38 0 1 0 0 0 0 0 7 0 0 0 1 1 0 0 0 0 0 0 0 0 0 0 0 0 0 0 0 0 0 0 0 0 0 0 0 0 0 0 0 0 2 4 0 0 0 0 1 0 0 0 0 1 0 0 0 0 0 0 0 7 58 20 2 10 28 35 9 19 10 7 10 17 14 26 0 7 25 0 13 0 0 0 0 0 0 0 0 0 0 0 0 0 0 0 0 0 0 14 1 0 0 0 0 0 0 0 1 0 0 0 0 0 0 0 0 0 0 0 0 0 0 0 0 2 0 0 0 0 0 0 0 0 0 0 0 0 0 0 0 0 0 0 0 0 1 2 0 1 1 0 8 0 0 0 0 0 0 0 0 0 0 0 0 0 2 0 0 0 0 0 0 0 0 0 0 13 0 0 0 0 0 0 0 0 0 0 0 0 0 
 47 345 213 157 109 103 206 342 214 251 110 257 274 162 40 81 0 197 142 45 0 1 0 0 0 0 0 0 0 3 0 3 0 0 2 0 0 0 147 0 0 0 0 2 0 0 0 0 0 0 8 2 3 0 0 0 1 0 0 0 0 0 0 0 45 0 7 2 0 0 3 0 0 3 0 1 0 0 0 0 6 19 23 1 14 1 0 39 16 38 27 16 0 10 8 40 0 30 13 0 10 0 0 1 0 0 7 0 0 0 1 0 10 0 4 0 0 0 0 0 0 0 0 0 0 0 0 0 0 0 0 0 0 0 0 0 0 0 0 0 0 6 0 0 0 0 0 7 0 0 0 0 0 12 0 0 0 0 0 0 59 0 31 9 42 1 6 0 12 41 31 36 5 14 24 1 0 30 14 19 0 1 0 17 0 0 22 11 0 23 0 0 10 16 18 0 0 0 26 1 0 0 0 0 0 0 0 0 0 0 0 0 0 0 0 0 0 0 0 0 0 19 0 0 0 0 0 0 0 0 0 0 0 0 0 0 0 0 0 0 0 4 0 0 0 1 3 0 2 2 0 10 1 0 0 0 0 0 0 0 0 0 0 0 0 0 0 0 0 0 0 0 0 0 0 22 0 0 0 0 0 0 0 0 0 0 0 0 0 1 
 50 181 172 386 148 53 27 142 138 134 235 85 128 153 288 297 197 0 48 329 0 0 1 1 2 0 0 2 0 3 2 4 17 0 0 0 0 0 0 4 0 0 0 2 0 0 0 0 0 0 3 3 2 0 0 0 1 0 0 0 0 0 0 0 0 0 6 2 0 0 3 0 0 3 0 0 0 0 0 0 0 0 9 62 11 10 0 1 26 35 12 9 18 12 24 28 45 10 0 8 0 0 2 0 0 0 0 0 0 0 0 0 12 0 0 7 0 0 0 0 20 0 0 0 0 0 0 0 0 0 0 0 0 0 0 0 0 0 0 0 0 0 0 0 0 0 0 0 0 0 0 0 0 0 0 2 0 0 0 0 0 7 2 22 0 17 46 15 12 8 0 10 31 19 0 32 25 23 1 0 0 0 0 0 0 0 0 1 0 0 0 0 25 45 0 0 0 0 22 15 0 0 0 0 0 0 0 0 0 0 0 0 0 0 0 0 0 0 0 0 0 0 0 0 0 0 2 0 0 0 0 0 0 32 0 14 0 0 1 0 0 0 0 0 0 0 86 0 8 1 0 4 8 0 0 0 0 0 0 0 0 0 10 0 0 0 0 0 0 0 0 0 0 2 0 11 0 10 0 0 0 0 0 0 0 0 0 0 0 0 
 47 311 29 75 60 274 276 41 80 73 36 62 66 267 136 26 142 48 0 173 0 0 0 0 1 6 2 0 0 3 1 3 0 1 1 0 0 1 2 0 0 0 0 2 3 0 0 0 0 0 9 1 3 3 0 0 1 0 0 0 0 0 0 2 0 0 3 2 0 52 3 0 0 3 0 0 0 0 0 0 28 21 0 0 0 0 75 19 11 2 0 0 26 1 32 21 9 1 0 0 0 0 0 0 0 0 0 0 0 0 0 0 0 0 0 0 0 0 2 0 0 0 0 0 0 0 0 0 0 0 0 0 0 0 0 2 0 0 0 0 2 0 0 0 0 38 0 0 0 0 0 0 0 0 0 0 0 0 0 0 26 6 0 0 20 0 24 0 9 0 10 0 2 19 24 0 0 17 22 34 0 0 1 0 0 0 0 0 0 14 0 0 0 0 0 0 0 0 0 0 0 0 0 0 0 0 0 0 0 0 2 0 0 0 2 0 0 0 0 1 0 0 0 1 0 0 0 0 0 0 0 0 0 0 0 0 0 0 0 0 0 46 0 0 0 1 2 0 0 0 1 5 0 2 0 0 0 0 0 0 0 0 0 0 0 0 0 0 0 0 0 0 0 0 0 0 0 0 0 0 0 0 0 0 0 0 0 0 0 0 
 51 59 43 73 77 48 46 251 116 107 65 251 261 195 262 161 45 329 173 0 2 0 0 0 0 0 0 0 0 4 0 3 1 2 1 0 0 2 0 0 0 0 0 2 5 0 0 0 0 0 3 5 3 0 0 0 2 3 0 0 0 0 0 0 0 0 5 2 0 0 3 0 0 3 0 0 0 0 0 0 24 0 12 0 0 0 55 1 15 12 45 0 27 13 30 12 15 0 14 11 0 0 0 16 0 0 13 0 0 0 0 0 0 0 0 0 0 0 0 0 0 0 0 0 0 0 0 0 0 0 0 0 0 0 0 0 0 0 0 0 0 0 0 0 0 0 0 0 0 0 0 0 0 0 0 0 0 0 0 0 0 37 0 0 0 18 40 27 12 0 1 0 17 0 31 23 0 0 23 0 0 0 0 0 0 0 0 0 0 0 0 0 0 0 0 0 10 0 0 0 0 0 0 0 0 0 0 0 0 0 0 0 0 0 0 0 0 0 0 0 0 0 0 0 0 0 0 0 0 0 0 0 0 0 0 0 0 0 0 0 0 0 0 0 0 0 2 0 0 0 3 8 0 0 0 0 0 0 0 0 0 0 0 0 0 0 0 0 0 0 0 0 0 0 0 0 0 0 0 0 0 0 0 0 0 0 0 0 0 0 
 1 0 1 0 25 149 0 0 0 0 153 36 22 0 0 0 0 0 0 2 0 269 216 118 38 265 424 284 96 278 35 534 62 48 126 246 106 19 117 158 0 0 0 3 0 3 0 0 0 0 2 0 0 0 0 0 2 0 0 0 50 8 0 0 0 0 0 0 1 0 0 3 6 0 0 0 3 0 3 0 0 0 0 11 24 0 0 0 0 0 0 31 0 0 0 0 0 0 0 0 11 19 13 0 0 11 25 43 3 8 1 39 38 21 8 13 0 16 28 31 0 0 0 0 0 0 2 0 0 0 0 0 0 0 0 0 0 0 0 0 13 0 3 0 0 0 0 0 0 0 0 0 0 0 3 0 23 0 0 0 0 0 0 15 19 0 0 0 0 0 43 0 0 0 0 0 14 0 0 0 20 25 6 18 0 0 36 11 96 50 10 12 0 11 6 0 21 4 0 10 0 0 0 0 0 0 0 0 0 0 0 4 0 1 0 2 0 0 7 0 0 0 0 0 1 0 0 0 0 0 0 1 0 0 0 0 0 0 0 0 0 0 0 0 0 0 75 0 89 0 9 0 0 0 4 0 2 0 17 2 2 2 13 0 0 80 7 0 0 0 0 0 0 0 0 0 0 0 0 0 0 0 0 0 0 0 18 0 0 0 
 0 0 0 0 0 105 0 0 0 3 0 222 0 0 1 0 1 0 0 0 269 0 152 216 265 51 152 385 73 73 120 335 413 200 225 274 227 128 47 85 0 0 0 3 0 25 0 3 9 0 3 0 0 0 2 0 0 0 0 1 0 0 0 0 0 0 0 0 0 0 0 3 0 0 0 0 3 0 3 0 0 0 0 0 3 2 0 0 0 0 0 0 0 0 0 0 0 0 15 0 14 41 0 23 16 0 44 10 1 25 0 15 23 30 0 7 9 0 14 38 0 0 0 0 0 0 0 0 0 0 0 0 0 0 0 0 0 0 14 0 2 0 0 0 0 0 0 0 0 0 0 0 21 1 4 1 0 0 0 0 0 0 0 0 0 23 0 0 0 0 0 9 0 0 1 2 0 2 0 0 18 15 23 13 0 0 0 37 28 32 0 12 0 0 38 14 31 7 12 15 2 0 0 0 0 0 0 3 0 0 0 1 1 0 0 0 1 0 12 0 0 0 0 13 0 0 0 0 0 0 0 0 0 0 0 0 0 0 0 0 0 0 0 0 0 0 0 0 0 0 0 0 0 0 7 0 2 2 139 2 2 0 0 0 0 0 0 0 0 0 0 0 0 0 0 0 0 0 0 0 0 15 0 0 0 0 0 0 0 0 
 2 206 3 0 0 17 0 5 0 2 0 4 0 1 3 0 0 1 0 0 216 152 0 206 354 115 355 160 222 406 261 107 144 130 84 481 187 131 52 138 0 0 0 3 0 5 2 0 2 0 5 1 63 2 2 0 2 0 2 1 2 3 0 0 0 0 0 3 0 2 0 3 5 0 0 0 3 0 3 0 2 0 0 0 0 0 0 0 0 1 0 0 0 0 0 0 0 0 0 0 11 17 14 0 11 37 9 13 2 12 30 2 1 1 74 15 15 29 0 26 11 0 0 0 0 0 0 0 0 0 0 0 0 0 0 0 0 2 17 0 0 0 0 1 3 2 4 0 0 0 0 0 4 0 0 2 0 0 0 0 0 0 2 0 0 0 0 0 0 0 0 0 0 0 0 0 0 0 0 0 7 26 61 14 7 15 24 16 18 37 0 20 0 0 27 0 46 13 2 0 0 0 1 0 2 0 32 29 0 0 0 0 3 12 0 0 0 0 42 43 0 0 0 0 0 0 0 0 0 0 0 0 0 0 0 0 0 0 0 0 0 0 0 0 0 0 31 0 1 0 0 0 0 0 8 0 1 1 160 0 2 1 0 0 0 0 18 0 0 0 0 0 0 0 0 0 0 0 0 14 0 0 0 0 0 0 45 0 0 0 
 3 0 0 1 0 75 0 0 0 7 0 6 0 0 0 0 0 1 0 0 118 216 206 0 174 27 329 247 152 445 447 172 104 142 305 120 207 49 54 89 2 0 0 3 0 6 3 1 4 0 6 0 23 0 3 62 2 0 4 2 0 0 0 2 5 1 0 38 0 0 6 7 0 0 0 2 4 3 7 0 0 0 0 0 0 0 0 0 0 0 0 0 0 0 0 0 0 0 0 0 1 15 26 13 8 2 18 8 20 27 0 48 19 31 18 1 18 11 11 10 0 0 0 0 0 0 0 0 2 10 0 0 0 0 0 7 8 14 27 12 0 0 5 0 0 0 0 0 0 0 1 0 0 0 0 0 0 0 0 0 0 0 0 0 0 0 0 0 0 0 0 2 0 0 0 0 0 0 0 0 34 33 94 33 0 21 0 19 21 50 34 26 34 0 10 18 22 8 0 0 13 0 0 2 0 0 7 0 0 11 0 0 0 0 0 0 0 0 0 19 0 0 0 0 0 0 0 0 0 0 0 0 0 0 0 0 0 0 0 0 0 0 0 0 0 2 0 0 0 0 0 0 0 0 0 2 0 11 85 4 2 0 2 0 0 0 0 0 0 0 2 0 0 0 0 0 0 0 0 0 0 2 0 0 0 11 0 0 0 7 
 0 2 0 6 0 2 0 0 0 1 0 2 0 0 0 0 0 2 1 0 38 265 354 174 0 301 44 61 73 73 235 228 65 184 103 176 251 56 41 79 0 0 0 3 0 3 66 144 3 0 2 0 70 0 2 22 2 0 71 1 0 0 2 0 0 0 1 0 0 1 3 8 0 0 0 0 4 21 6 0 0 0 0 0 0 0 0 0 0 0 0 0 0 0 0 0 0 0 0 0 0 0 10 8 38 0 0 0 0 0 33 9 0 0 0 12 13 8 0 0 35 12 9 0 0 0 1 0 13 41 0 1 17 9 8 25 15 1 11 12 0 0 0 4 25 0 4 0 0 7 0 0 44 0 0 0 0 0 24 0 0 0 0 1 0 0 0 0 0 4 0 0 7 0 0 0 0 0 0 0 0 10 0 1 10 17 0 1 0 0 14 12 0 0 0 22 0 2 0 0 48 0 0 32 0 0 20 0 0 37 12 0 10 0 0 0 10 0 17 35 0 0 0 0 0 0 0 0 0 0 0 9 17 0 0 0 0 0 0 0 0 0 3 0 0 0 0 0 1 0 0 0 0 0 3 1 0 3 2 0 1 0 0 0 0 0 2 0 0 0 0 0 0 0 0 0 0 0 0 0 0 12 0 0 0 0 0 0 0 0 
 3 0 3 0 0 1 0 0 0 0 0 0 0 0 0 0 0 0 6 0 265 51 115 27 301 0 30 37 124 116 90 49 50 36 67 71 147 38 32 63 88 2 122 3 0 3 30 128 0 0 5 2 67 27 129 0 68 1 191 238 0 0 0 0 0 0 0 9 0 1 0 3 0 0 1 0 10 50 5 0 0 0 0 0 2 0 0 0 0 0 0 0 2 0 0 0 0 0 0 0 0 0 1 0 22 26 0 0 0 14 2 0 0 0 0 0 0 0 0 0 44 32 9 0 0 13 73 6 16 0 13 0 49 11 37 10 34 13 10 28 0 0 0 0 8 0 4 0 0 0 0 0 7 1 0 0 0 0 0 0 0 0 0 0 0 0 0 0 0 0 0 0 0 2 0 0 4 0 0 0 0 0 9 10 17 4 2 0 4 0 9 12 0 0 0 0 0 11 0 0 0 0 20 20 0 0 20 55 10 0 2 0 11 54 6 20 22 0 14 8 0 0 0 0 0 0 0 0 0 2 0 0 0 0 2 0 0 0 1 0 0 0 13 0 0 0 0 0 0 0 0 0 0 0 7 1 0 72 0 0 0 0 0 0 0 0 0 0 15 0 0 0 0 0 0 0 0 0 0 9 0 0 0 0 0 2 0 0 0 0 
 2 74 25 36 151 1 0 0 35 76 84 88 4 2 0 0 0 0 2 0 424 152 355 329 44 30 0 66 271 64 459 233 89 239 47 50 35 37 150 233 0 0 0 6 62 5 3 2 2 0 2 0 2 35 3 0 0 0 0 0 6 6 0 0 3 0 0 0 5 3 0 3 7 0 0 0 5 0 3 0 0 18 0 13 4 13 1 0 18 0 13 10 0 0 0 0 0 0 0 0 22 0 32 12 0 0 12 10 28 27 0 1 2 0 29 10 35 0 50 23 0 0 0 0 0 0 0 0 0 0 0 0 0 0 0 0 0 0 0 0 0 0 0 0 0 0 0 5 0 9 0 0 0 5 4 0 0 0 1 0 0 0 1 36 0 1 6 0 0 19 14 14 0 0 0 0 18 0 2 0 0 35 0 19 2 0 57 0 18 0 7 8 6 13 25 9 1 11 37 16 0 0 0 0 0 8 0 0 2 0 0 0 0 0 0 0 0 1 9 0 0 0 1 0 0 0 0 0 0 0 0 0 0 0 0 0 0 0 0 0 0 0 2 0 0 1 0 0 0 76 0 0 0 0 10 0 0 1 0 0 0 1 0 0 0 0 9 0 0 0 0 0 0 0 0 0 19 0 0 0 0 0 0 0 0 0 18 0 0 0 
 0 0 0 0 0 0 0 1 0 0 0 110 0 0 0 0 0 2 0 0 284 385 160 247 61 37 66 0 404 286 415 45 357 287 236 218 110 42 32 120 0 0 0 0 0 25 0 0 0 4 6 0 0 0 5 5 0 0 2 0 5 0 2 5 2 2 0 0 4 0 2 0 1 0 4 3 0 0 0 0 0 0 0 0 0 0 0 0 0 0 0 0 0 0 0 0 0 0 0 0 23 11 10 34 11 12 0 10 21 47 22 26 0 43 11 24 41 21 9 38 0 0 0 0 0 0 0 0 0 0 0 2 0 0 0 0 0 0 13 1 0 0 3 0 0 0 0 0 0 0 0 11 0 0 0 0 0 0 0 0 0 0 0 2 0 0 0 0 0 0 3 0 0 0 0 0 0 0 0 21 14 31 34 0 12 0 11 19 15 0 26 7 3 0 40 0 26 0 0 0 0 0 0 0 0 0 0 0 0 0 0 0 2 0 0 0 0 0 8 0 0 1 0 0 6 0 2 0 0 0 0 0 0 0 0 0 0 0 0 0 0 0 0 0 0 0 0 0 0 0 0 0 0 1 2 2 0 81 3 0 2 4 0 0 0 0 0 0 0 0 2 0 0 0 0 0 0 0 0 0 0 11 0 0 0 0 0 0 0 0 
 0 0 3 0 0 78 0 0 0 0 0 2 0 0 0 0 0 0 0 0 96 73 222 152 73 124 271 404 0 234 70 369 109 123 265 144 178 195 72 60 0 3 0 3 205 24 0 3 2 0 4 0 0 5 2 3 2 0 0 3 0 1 0 0 0 0 0 0 0 2 0 3 2 0 0 0 6 1 6 2 0 0 0 0 9 0 0 0 0 0 0 0 0 0 0 2 0 0 0 0 15 89 10 20 41 10 0 0 36 51 3 15 0 21 48 0 38 22 5 0 1 0 0 0 0 0 12 0 0 0 0 0 12 14 0 0 0 15 30 0 0 0 5 0 0 0 0 0 0 0 0 0 0 0 0 0 0 0 0 0 0 0 0 1 2 0 0 0 0 4 3 0 0 0 0 0 0 0 0 8 29 13 25 0 12 19 0 28 20 55 2 0 14 0 35 0 37 0 0 0 0 0 1 0 0 0 20 17 0 3 0 0 17 0 0 0 0 0 18 27 0 0 0 0 0 0 0 0 0 0 0 0 0 0 0 0 0 22 0 0 0 0 0 0 0 0 0 0 0 0 0 0 0 0 9 0 0 0 1 3 16 1 0 0 0 0 0 0 0 0 0 2 0 0 0 0 0 0 0 22 0 0 0 0 1 0 0 0 0 0 
 10 3 3 3 3 5 3 2 3 3 3 3 5 4 6 3 3 3 3 4 278 73 406 445 73 116 64 286 234 0 427 69 71 85 166 207 209 113 40 322 0 0 0 3 0 3 0 0 0 0 2 4 5 0 2 0 4 0 0 0 3 5 4 3 3 0 0 3 0 0 0 3 1 0 0 53 3 0 3 0 0 0 0 0 0 0 0 0 0 0 0 0 0 0 0 0 0 0 0 0 0 38 56 23 20 37 0 4 19 9 0 8 0 11 8 24 0 25 11 1 0 0 0 0 0 0 0 0 0 0 2 0 9 10 0 0 0 0 17 1 0 0 5 0 0 0 0 0 0 0 2 0 0 0 0 0 0 0 0 0 1 0 0 0 0 0 0 0 0 1 0 0 0 0 0 0 0 3 0 1 24 17 41 38 27 0 12 0 29 35 14 62 11 0 25 26 39 14 0 0 13 0 0 0 0 0 10 0 0 0 0 0 10 0 0 0 0 0 28 2 0 0 0 0 0 0 0 0 2 0 0 0 0 0 0 0 0 0 0 0 0 0 13 0 0 0 0 0 0 0 1 0 0 0 15 4 4 65 77 0 6 0 0 0 0 0 8 0 0 0 0 0 0 0 1 0 0 0 0 0 0 0 0 0 0 0 1 0 0 0 
 4 2 0 0 0 0 0 0 0 2 0 2 0 0 0 0 0 2 1 0 35 120 261 447 235 90 459 415 70 427 0 165 168 199 151 72 151 141 46 161 0 0 0 3 0 5 0 1 1 0 4 0 23 0 3 62 1 0 4 1 0 0 2 0 0 2 0 0 0 0 8 3 0 0 2 0 4 3 3 0 0 0 0 0 0 0 0 0 0 0 0 0 20 0 0 0 0 0 0 0 0 32 47 20 91 10 6 13 54 15 11 40 0 23 9 0 21 5 0 0 19 0 0 0 0 0 0 0 0 10 0 0 0 12 33 7 8 25 61 36 0 0 0 22 3 0 2 0 0 5 0 0 0 0 0 0 0 0 0 0 0 0 0 0 0 0 0 0 0 22 14 0 0 0 0 0 0 0 0 6 15 6 22 15 19 94 0 18 1 32 26 10 0 0 51 31 0 13 0 0 24 0 0 1 0 0 21 0 18 11 0 0 1 0 0 0 0 0 40 32 0 0 0 0 0 0 1 0 1 0 0 0 0 0 0 0 0 0 0 0 0 0 0 0 0 1 0 0 0 0 0 0 0 0 6 2 1 76 83 2 16 19 0 0 0 0 0 0 0 0 0 0 0 0 0 0 0 0 0 0 0 34 0 0 0 40 0 0 0 0 
 3 5 3 5 3 5 3 5 3 5 3 13 3 3 3 3 3 4 3 3 534 335 107 172 228 49 233 45 369 69 165 0 129 36 60 128 107 67 45 43 4 7 1 216 107 34 60 84 10 0 6 0 66 0 7 9 4 1 2 4 6 8 1 0 3 0 0 3 19 1 0 5 11 0 0 0 6 2 16 0 8 0 0 0 0 0 0 0 0 0 0 2 0 0 0 0 0 0 0 0 11 0 54 15 12 1 0 9 34 9 17 49 5 16 11 11 28 1 0 0 22 12 10 0 0 0 0 0 0 26 0 2 2 9 4 42 0 0 1 15 0 0 0 5 2 0 2 0 0 12 0 0 0 0 0 0 0 0 0 0 0 0 0 0 0 7 0 0 0 1 0 0 9 0 0 16 0 0 0 0 2 18 0 0 0 20 17 0 0 0 17 10 0 0 0 1 0 0 0 0 18 9 0 12 0 0 10 0 0 0 12 0 2 0 0 0 9 0 20 9 0 0 0 8 0 0 2 0 0 0 0 0 1 0 0 0 0 20 0 0 0 0 0 0 0 1 0 0 0 0 0 0 0 0 10 0 1 5 1 2 9 16 0 0 0 0 9 15 0 0 0 0 0 0 0 0 0 0 0 0 0 39 0 0 0 0 19 0 0 0 
 7 62 76 72 1 0 0 0 73 75 0 5 0 0 77 0 0 17 0 1 62 413 144 104 65 50 89 357 109 71 168 129 0 290 111 48 307 121 50 205 0 0 1 3 0 3 0 0 27 0 2 0 0 0 0 3 2 0 0 53 0 0 0 0 0 0 0 0 3 2 0 3 0 0 0 0 3 1 3 0 0 1 3 7 0 0 0 0 10 0 0 2 0 0 0 9 0 0 0 0 0 2 11 15 0 8 9 0 22 25 8 1 1 40 0 18 0 0 1 14 0 0 1 0 0 0 0 0 0 0 0 0 0 0 0 0 0 0 0 0 0 0 0 2 0 0 0 0 0 0 0 0 0 0 0 0 0 0 0 0 0 0 0 0 27 13 0 0 0 0 0 0 0 0 0 0 0 0 0 0 44 0 44 1 6 0 12 9 0 15 6 11 0 10 13 12 1 10 17 11 0 0 0 0 0 1 0 0 0 0 0 0 0 0 0 0 0 0 0 0 0 0 0 1 0 0 0 1 0 0 0 0 0 0 0 0 0 0 0 0 0 0 0 0 0 0 0 0 0 0 0 1 0 0 7 1 2 107 77 0 2 0 0 0 0 0 0 0 0 0 0 0 0 0 0 0 1 0 0 0 0 12 0 0 0 0 0 0 0 0 
 76 1 0 3 0 151 2 0 0 5 0 75 2 2 2 2 0 0 1 2 48 200 130 142 184 36 239 287 123 85 199 36 290 0 172 34 23 427 129 242 0 41 0 3 0 3 0 0 17 0 2 0 1 0 1 0 2 0 0 0 0 0 0 0 0 0 0 0 0 9 0 3 0 0 0 0 3 0 3 0 0 0 0 0 0 10 0 8 0 0 0 0 0 0 0 0 0 0 0 0 66 0 15 14 0 34 12 11 21 19 0 10 19 7 0 14 19 1 36 0 0 0 0 0 0 0 0 0 0 0 0 0 0 0 0 0 0 0 0 16 0 0 0 0 0 1 0 0 1 0 0 0 0 0 0 0 0 0 0 0 0 0 0 0 0 0 0 0 0 0 2 0 0 2 0 0 0 0 0 0 63 0 31 0 6 0 9 0 0 13 4 17 26 0 1 35 8 9 0 0 0 0 0 0 0 0 0 0 0 0 0 0 0 0 0 0 0 0 1 0 0 0 0 0 0 2 0 0 0 0 0 0 0 1 0 0 0 0 0 0 0 0 0 0 0 0 0 0 0 1 0 0 0 2 13 2 0 42 3 0 2 15 0 0 0 0 0 0 0 0 0 0 0 0 0 0 0 0 0 0 0 13 0 0 0 0 0 0 0 0 
 5 1 0 75 1 76 1 1 3 5 75 34 77 2 4 1 2 0 1 1 126 225 84 305 103 67 47 236 265 166 151 60 111 172 0 115 53 98 44 111 0 0 1 6 2 5 3 2 2 58 6 3 2 6 5 0 2 0 0 0 0 0 0 4 3 0 0 0 0 3 0 3 0 0 0 5 5 0 3 3 0 0 0 1 10 0 0 0 0 0 0 13 0 0 0 0 0 2 0 0 11 10 4 18 7 0 12 24 30 15 22 12 13 94 9 0 3 10 0 29 0 0 0 0 0 0 0 0 20 0 0 0 0 4 0 0 0 0 0 38 0 0 0 0 0 0 0 0 0 0 0 0 0 8 0 0 0 2 0 0 0 1 0 0 36 10 2 0 0 9 9 0 0 0 0 0 0 0 0 17 33 1 15 0 0 17 0 22 0 0 2 0 25 6 23 0 9 0 0 2 0 0 0 0 0 0 0 0 0 0 0 0 10 0 0 0 0 0 0 18 0 0 0 0 0 0 0 0 0 0 1 0 8 0 0 0 0 0 0 0 0 0 0 0 0 0 0 2 74 0 0 0 0 0 12 0 4 75 0 2 12 24 0 0 0 0 0 0 0 0 0 0 0 0 0 0 0 0 0 0 0 2 0 1 0 0 0 0 0 0 
 3 0 0 0 0 177 0 0 0 0 0 8 0 0 0 0 0 0 0 0 246 274 481 120 176 71 50 218 144 207 72 128 48 34 115 0 318 125 67 164 0 2 0 3 0 3 0 0 0 0 4 0 0 0 2 10 2 0 0 0 0 3 0 0 0 1 0 0 0 0 0 3 2 0 0 0 6 0 6 0 0 0 0 1 6 0 0 0 0 0 0 0 0 0 0 0 0 2 0 0 10 22 0 0 0 36 36 13 0 13 42 10 11 15 16 31 0 20 0 29 0 1 0 0 0 0 0 0 0 0 0 0 0 12 0 0 0 0 11 0 15 0 4 0 0 0 0 0 0 0 0 0 1 0 3 0 0 2 0 0 0 1 0 1 0 14 2 0 0 0 0 18 0 0 0 0 0 0 0 0 13 61 14 6 12 0 10 12 24 23 22 24 0 0 0 1 42 0 0 2 0 0 0 0 0 0 0 0 0 0 0 0 0 0 0 0 0 0 23 12 0 0 0 0 0 0 0 0 0 0 1 28 12 0 0 0 0 2 0 0 0 0 0 0 0 0 0 0 0 0 0 0 0 0 11 0 1 1 50 1 3 0 0 0 0 0 16 0 0 0 0 0 0 0 0 0 0 0 0 0 0 0 0 0 0 1 3 0 0 0 
 0 0 0 0 1 79 0 0 0 0 0 0 0 0 0 0 0 0 0 0 106 227 187 207 251 147 35 110 178 209 151 107 307 23 53 318 0 71 52 129 0 0 0 3 0 3 63 0 0 0 4 2 3 0 2 4 1 0 0 2 0 0 0 0 0 0 0 0 0 0 0 3 0 0 0 0 6 0 5 0 0 0 0 0 0 0 0 0 0 0 0 0 0 0 0 0 0 0 0 0 2 23 0 0 11 9 9 17 0 43 9 10 14 18 1 8 1 23 0 39 14 1 2 0 2 0 21 0 0 0 0 0 10 45 0 0 0 4 15 10 0 0 7 0 0 0 0 0 0 0 0 0 11 0 4 0 0 1 0 0 0 0 0 0 0 2 0 0 0 0 0 1 0 0 0 0 0 0 0 0 15 29 21 28 12 7 0 12 32 56 25 16 0 0 0 0 31 6 0 17 0 0 12 2 0 0 14 11 0 0 0 0 13 0 0 0 0 0 1 2 0 0 0 0 0 0 0 0 0 0 0 8 0 0 0 0 0 19 0 0 0 0 0 0 0 0 0 0 0 0 0 0 0 0 12 0 1 0 3 0 4 0 0 0 0 0 0 0 0 0 0 0 0 0 0 0 0 0 0 12 0 10 0 0 0 0 0 0 0 0 
 2 1 0 0 0 22 3 0 1 8 3 1 1 0 1 1 0 0 1 2 19 128 131 49 56 38 37 42 195 113 141 67 121 427 98 125 71 0 37 203 0 4 0 3 0 9 2 3 5 2 2 4 31 2 2 6 0 2 73 62 0 0 0 0 0 3 0 0 0 1 3 5 4 0 0 0 9 0 9 4 0 0 0 0 1 0 0 1 0 0 0 0 0 0 0 0 0 0 0 0 11 14 9 13 0 18 8 0 14 0 11 30 0 15 10 12 13 10 0 9 2 0 1 0 0 0 0 0 36 0 0 0 15 4 0 3 0 0 0 0 0 0 0 0 1 1 4 0 0 0 0 0 18 0 0 0 0 0 0 0 0 14 0 0 0 0 0 0 2 4 4 2 1 0 0 0 0 0 0 7 8 0 12 0 19 17 14 23 2 29 0 13 0 0 13 0 26 9 0 0 0 0 0 1 0 0 20 8 10 0 0 0 22 11 0 0 0 0 0 30 0 0 0 0 0 1 0 0 0 0 0 0 0 0 0 0 0 0 0 0 0 0 0 0 0 0 0 0 0 0 0 0 0 0 15 0 0 148 74 4 17 0 0 0 0 0 0 0 0 0 0 0 0 0 0 0 0 0 0 0 0 0 0 0 0 0 0 0 0 1 
 0 80 148 195 249 2 0 0 125 99 83 73 1 2 0 0 147 0 2 0 117 47 52 54 41 32 150 32 72 40 46 45 50 129 44 67 52 37 0 125 3 0 2 3 2 6 0 0 0 0 2 2 0 6 4 0 0 0 0 0 0 0 0 0 0 0 70 0 0 0 0 3 0 0 1 1 3 0 3 8 0 19 11 75 4 15 1 0 39 21 12 10 0 0 0 0 0 0 0 0 12 0 13 9 0 9 16 13 9 0 0 0 1 0 32 10 0 0 33 13 0 0 0 15 0 0 0 0 0 0 0 0 0 0 0 0 0 0 0 0 0 1 16 0 0 0 0 4 0 0 0 0 0 4 0 0 13 0 1 0 0 0 0 70 0 10 0 0 1 29 9 44 0 0 0 0 15 12 2 0 0 0 1 0 2 0 40 0 22 0 1 11 22 28 8 8 0 0 12 48 0 0 0 0 0 0 0 8 2 0 0 0 0 10 0 0 0 1 0 0 0 0 1 0 0 0 0 0 0 0 0 0 0 0 0 0 0 0 0 0 0 0 2 0 0 0 0 0 0 79 0 0 0 0 13 0 1 0 0 0 0 0 0 0 0 0 0 0 0 0 0 0 0 0 0 12 25 1 0 0 0 0 0 0 0 0 0 0 0 5 
 0 3 157 74 40 3 0 1 148 74 146 78 0 0 1 0 0 4 0 0 158 85 138 89 79 63 233 120 60 322 161 43 205 242 111 164 129 203 125 0 0 0 0 3 0 4 19 0 0 0 2 0 0 0 1 4 2 2 0 0 8 8 0 0 0 0 0 0 5 0 0 3 4 0 0 0 3 0 3 0 0 0 0 21 46 0 0 2 11 0 0 14 0 0 0 0 0 0 0 0 9 1 32 17 0 6 14 13 33 0 0 1 11 16 9 35 17 0 24 19 1 13 2 0 2 0 0 0 0 0 0 0 0 0 0 0 0 0 0 0 0 0 0 0 0 0 0 0 0 0 0 0 0 3 6 0 0 0 0 0 25 0 0 25 0 12 0 14 0 0 0 10 0 0 0 0 14 0 0 0 21 24 0 0 18 0 80 16 36 1 1 22 5 18 21 22 0 12 0 21 0 0 0 2 0 0 0 0 0 0 2 0 0 0 0 0 0 0 8 0 0 0 0 0 0 0 0 0 0 0 0 0 0 0 0 0 0 0 0 0 0 0 0 0 0 0 74 0 0 74 0 0 0 1 17 1 0 8 0 0 3 0 12 0 0 0 8 0 0 0 0 0 0 0 0 0 0 0 0 0 0 0 0 0 0 1 19 0 0 0 
 2 0 0 0 0 0 0 0 0 0 0 0 0 0 0 0 0 0 0 0 0 0 0 2 0 88 0 0 0 0 0 4 0 0 0 0 0 0 3 0 0 377 494 58 41 85 387 147 248 28 46 247 67 197 232 38 19 54 137 86 0 0 0 3 0 75 0 9 0 0 4 0 0 0 8 0 4 0 0 0 0 0 0 0 0 0 0 0 0 0 0 0 0 0 0 0 0 0 0 0 0 0 0 9 0 7 0 0 0 0 0 0 0 0 0 0 0 4 0 0 16 20 19 9 0 9 11 18 17 11 0 13 14 9 0 0 34 0 0 20 0 0 0 0 0 0 0 0 4 0 0 0 0 0 0 0 0 0 0 0 0 0 0 0 0 5 0 0 0 0 0 0 0 3 0 0 0 0 0 0 0 0 0 0 9 0 0 0 0 0 0 0 0 0 0 0 0 0 0 0 22 0 30 29 0 0 9 21 0 10 19 0 6 0 2 49 22 0 0 1 0 0 0 0 0 0 0 0 0 0 0 5 24 0 0 0 0 0 0 0 0 0 15 0 0 0 0 0 0 0 0 2 0 0 0 2 0 0 0 0 0 0 87 0 2 0 0 0 1 0 1 0 0 0 0 0 0 0 0 0 0 0 0 0 0 23 0 0 2 0 
 0 0 0 0 0 0 0 0 7 0 0 0 0 0 0 0 0 0 0 0 0 0 0 0 0 2 0 0 3 0 0 7 0 41 0 2 0 4 0 0 377 0 256 115 37 86 94 185 287 34 113 56 51 218 101 47 57 121 45 91 4 7 2 0 0 0 3 3 1 10 0 0 0 12 8 4 0 0 0 61 0 0 0 0 0 0 0 11 19 0 0 0 0 0 11 0 0 0 6 0 0 0 0 0 0 0 0 0 0 0 0 0 0 0 0 0 0 0 0 0 0 1 0 21 13 13 0 3 0 28 0 14 4 0 1 0 0 25 0 0 0 0 0 0 11 7 3 0 1 0 4 0 8 11 0 0 13 0 19 16 0 0 44 0 0 0 0 0 0 0 0 0 0 0 0 0 0 0 13 0 0 0 0 0 0 0 0 0 0 0 0 0 0 0 0 0 0 0 0 0 36 4 10 10 8 0 0 0 12 20 30 5 11 0 11 13 0 11 0 0 2 8 11 0 0 0 10 0 5 0 0 0 64 10 14 0 0 7 11 2 0 0 0 0 0 0 0 0 0 0 0 6 0 0 0 0 0 0 0 0 0 0 9 0 0 15 34 2 2 0 0 0 0 0 0 17 0 0 0 0 0 0 0 0 0 11 0 0 2 0 
 0 0 0 0 0 0 0 0 0 0 0 62 0 0 0 0 0 0 0 0 0 0 0 0 0 122 0 0 0 0 0 1 1 0 1 0 0 0 2 0 494 256 0 180 245 46 82 130 93 40 38 113 173 157 372 98 52 326 181 92 0 0 1 0 0 0 0 13 0 1 0 0 0 0 8 3 20 0 0 0 0 0 0 0 0 0 0 0 0 0 0 0 0 0 0 0 0 0 0 0 0 0 0 0 0 8 0 0 0 0 0 0 0 0 0 0 0 0 0 0 7 2 32 0 22 12 8 19 0 12 0 0 11 0 9 6 6 0 0 13 0 0 0 0 0 0 0 0 0 0 0 0 0 0 0 0 0 0 0 0 0 0 0 0 0 1 0 0 0 0 0 0 1 3 0 0 3 0 0 0 0 0 0 0 0 0 0 0 0 0 0 0 0 0 0 0 0 0 0 0 13 1 12 0 1 0 11 15 0 19 12 0 11 11 16 20 7 2 0 0 0 0 0 0 0 0 1 0 0 0 0 0 0 0 0 0 0 0 19 9 0 0 12 0 0 0 0 0 0 0 0 8 0 2 0 0 0 0 0 2 0 0 65 0 1 2 0 0 0 0 8 0 0 0 0 0 0 0 0 0 0 3 0 0 0 12 0 0 1 0 
 2 2 2 2 2 2 2 2 2 2 2 2 2 2 2 2 2 2 2 2 3 3 3 3 3 3 6 0 3 3 3 216 3 3 6 3 3 3 3 3 58 115 180 0 93 133 152 300 367 197 485 114 78 97 177 50 390 71 56 153 0 0 0 0 0 0 0 3 0 0 0 0 0 0 6 0 8 0 0 53 0 0 0 0 0 0 0 0 0 0 0 0 0 0 0 0 0 0 0 0 0 0 0 0 0 0 0 0 0 0 0 0 0 0 0 0 0 0 0 0 0 48 9 43 20 25 11 23 32 0 0 20 0 15 19 0 34 74 0 0 0 0 0 0 0 0 0 0 3 0 0 0 0 0 0 7 0 0 14 0 0 0 4 0 0 0 0 0 0 0 0 0 0 0 0 0 0 2 0 0 0 0 3 0 0 3 0 0 0 0 0 0 0 0 0 0 0 0 0 0 0 16 1 19 16 5 0 0 10 20 3 1 0 0 16 17 25 35 0 0 0 0 0 0 0 0 11 0 0 0 0 0 7 9 0 0 0 0 2 1 0 0 0 0 0 0 0 0 0 0 0 10 0 1 0 0 0 0 0 1 0 0 0 0 66 24 3 2 2 0 0 0 0 0 0 0 0 0 0 0 0 0 9 0 20 0 0 11 2 0 
 6 1 0 0 0 3 1 1 3 0 0 0 7 0 39 0 0 0 3 5 0 0 0 0 0 0 62 0 205 0 0 107 0 0 2 0 0 0 2 0 41 37 245 93 0 318 280 72 145 94 231 257 70 68 73 119 52 105 70 287 0 0 0 0 10 0 1 0 0 29 0 3 2 0 0 0 52 0 54 52 2 0 0 0 0 0 3 0 3 0 0 0 7 0 0 6 0 3 3 0 0 0 0 0 0 0 0 0 0 0 0 0 0 0 0 0 0 0 0 0 0 0 0 0 21 0 0 1 9 8 20 23 0 0 0 7 0 11 0 0 0 14 0 1 0 0 1 11 0 0 0 0 0 14 35 0 0 0 13 12 0 0 0 1 0 0 4 5 5 0 1 12 0 3 0 3 0 0 9 0 0 0 0 0 0 0 0 0 0 0 0 0 0 0 0 0 0 0 0 0 0 0 0 7 18 17 0 0 9 25 7 12 0 0 0 1 0 17 0 0 6 0 0 18 0 0 35 0 9 0 0 0 17 10 9 0 0 0 19 56 0 0 0 0 0 0 0 0 0 0 0 8 0 1 0 0 0 0 0 2 9 21 1 2 2 2 2 0 0 0 38 0 0 0 0 0 0 0 0 0 0 0 0 0 0 0 0 0 2 0 
 5 0 0 0 0 6 0 3 0 9 0 99 0 0 0 3 0 0 0 0 3 25 5 6 3 3 5 25 24 3 5 34 3 3 5 3 3 9 6 4 85 86 46 133 318 0 58 337 62 55 429 132 31 115 284 374 89 74 62 133 56 0 0 0 0 0 0 16 0 1 0 0 0 0 0 0 0 13 0 55 0 0 0 0 0 0 0 0 0 0 0 0 0 0 0 0 0 0 0 0 0 0 0 0 0 0 0 0 0 0 0 0 0 0 0 0 18 0 0 0 0 11 5 29 24 0 0 29 7 0 5 10 0 13 0 5 11 21 5 0 12 0 7 10 0 0 10 4 0 21 0 0 0 0 0 0 1 0 15 0 0 11 4 0 0 0 0 0 0 0 0 0 0 0 0 0 0 0 0 0 0 0 0 0 0 6 0 0 0 0 0 0 0 0 0 0 0 0 0 0 1 14 20 0 23 2 0 5 12 0 0 11 0 0 0 8 19 22 0 0 0 13 2 0 0 0 5 4 0 0 0 10 40 9 0 0 0 3 21 0 4 0 0 0 0 2 0 0 0 0 0 3 0 0 0 0 0 0 0 1 0 0 1 6 62 22 6 0 1 0 0 0 0 0 0 0 0 0 0 0 0 0 0 0 6 0 0 18 0 0 
 0 0 0 0 0 0 0 0 63 3 0 0 0 27 3 2 0 0 0 0 0 0 2 3 66 30 3 0 0 0 0 60 0 0 3 0 63 2 0 19 387 94 82 152 280 58 0 137 81 30 68 34 178 230 260 26 45 61 340 108 0 0 0 27 0 6 0 0 1 8 9 0 0 6 2 0 6 0 0 0 0 0 0 0 1 0 0 0 0 0 0 0 0 0 0 0 0 0 0 0 0 0 1 11 13 0 0 0 0 14 0 14 0 0 0 0 0 0 0 0 14 51 28 0 0 12 13 17 1 16 11 0 62 0 4 11 0 0 0 3 0 0 0 0 0 0 0 0 0 0 0 0 3 0 0 0 0 0 0 0 0 0 0 0 0 0 0 0 0 0 0 0 13 0 0 0 0 0 0 0 0 0 7 12 0 1 0 0 0 0 2 12 0 0 0 0 0 1 0 0 0 15 21 1 0 0 0 14 60 0 14 0 11 0 14 0 0 8 0 0 4 0 0 0 0 0 0 0 0 0 0 9 0 0 0 0 0 0 0 0 0 0 0 0 0 0 0 0 0 0 0 0 0 0 1 0 0 62 0 0 47 0 10 0 1 2 0 1 0 0 0 0 0 0 0 0 0 0 0 8 0 0 0 0 0 0 0 0 0 0 
 3 0 0 0 0 0 0 0 0 6 0 6 63 0 0 2 0 0 0 0 0 3 0 1 144 128 2 0 3 0 1 84 0 0 2 0 0 3 0 0 147 185 130 300 72 337 137 0 65 296 47 257 330 306 69 137 108 58 109 119 2 2 0 0 0 0 0 4 0 10 3 0 0 6 6 0 0 4 0 6 0 0 0 0 0 0 0 0 0 0 0 0 0 0 0 0 0 0 0 0 0 0 0 0 32 0 0 0 0 0 0 0 0 0 0 0 0 0 0 0 31 37 8 20 1 12 21 10 11 12 12 9 1 32 0 9 19 0 0 26 0 1 10 0 3 10 8 0 1 12 33 0 0 6 0 0 5 0 0 0 0 0 6 0 0 0 0 0 0 0 0 0 0 0 0 0 0 0 0 0 0 0 0 18 0 19 0 0 0 0 7 0 0 0 0 0 0 0 0 0 10 0 51 4 0 0 0 28 22 13 11 0 1 11 32 7 20 11 6 21 0 0 7 0 0 0 0 0 14 0 0 0 6 0 7 0 0 5 1 0 0 0 10 0 0 0 0 0 0 0 0 14 0 1 0 0 0 0 0 2 0 0 65 0 0 15 2 0 0 0 0 0 0 0 0 5 0 0 0 3 0 0 0 0 1 10 0 0 2 0 
 2 0 0 6 0 2 0 0 0 0 2 0 0 0 0 0 0 0 0 0 0 9 2 4 3 0 2 0 2 0 1 10 27 17 2 0 0 5 0 0 248 287 93 367 145 62 81 65 0 54 223 272 295 178 129 134 126 96 95 109 3 0 0 0 3 2 1 1 0 1 1 0 0 16 7 0 4 1 53 95 9 0 0 0 0 0 0 0 0 0 17 0 0 0 0 0 0 0 0 0 4 1 0 0 0 0 7 0 0 35 0 4 0 6 0 0 0 1 0 0 0 20 22 8 23 22 0 2 0 8 19 25 0 0 20 11 0 6 0 0 5 0 0 0 0 0 7 12 0 0 0 0 1 10 1 0 0 0 0 0 0 0 0 0 0 0 0 0 3 0 0 0 0 0 0 14 0 0 0 0 2 0 3 0 0 0 0 0 0 6 0 0 0 0 0 0 0 0 0 0 0 0 0 7 31 22 12 0 31 17 7 36 0 0 21 1 5 26 0 0 0 0 0 0 0 0 11 0 0 0 0 0 0 11 0 0 0 0 18 0 0 0 0 0 0 0 0 0 0 0 0 6 0 0 0 0 0 0 4 12 0 0 1 1 2 2 0 1 0 0 21 0 0 0 0 0 0 0 0 0 0 14 0 0 7 12 0 0 2 0 
 12 0 0 0 0 0 0 0 0 3 0 4 63 0 0 0 0 0 0 0 0 0 0 0 0 0 0 4 0 0 0 0 0 0 58 0 0 2 0 0 28 34 40 197 94 55 30 296 54 0 206 123 58 232 173 126 121 118 95 112 0 0 0 0 0 0 1 1 5 2 0 0 3 6 1 0 0 0 56 50 0 0 0 0 0 0 0 0 0 0 0 0 0 0 0 0 0 0 1 0 0 9 0 0 0 0 0 0 0 0 0 0 0 1 0 0 0 0 0 0 0 0 43 14 19 0 20 0 0 8 10 10 0 9 0 0 0 10 0 0 7 9 0 0 0 0 1 10 1 2 0 0 20 56 17 24 0 7 0 0 0 0 0 0 0 0 0 0 3 0 0 0 0 0 0 0 0 0 0 0 15 0 0 0 0 0 0 0 0 0 0 0 0 0 0 0 0 0 0 0 0 6 0 16 7 0 0 0 24 10 10 19 0 0 30 25 9 7 0 0 0 8 0 0 0 0 8 5 9 0 0 0 5 20 7 5 0 0 0 9 0 0 0 0 0 0 0 0 0 0 0 7 0 2 0 0 0 0 0 17 0 0 0 2 0 2 0 11 0 0 9 0 0 0 0 0 0 0 0 0 0 0 0 23 12 0 0 0 1 0 
 12 5 3 6 3 7 7 5 7 9 3 4 3 5 4 5 8 3 9 3 2 3 5 6 2 5 2 6 4 2 4 6 2 2 6 4 4 2 2 2 46 113 38 485 231 429 68 47 223 206 0 54 56 298 87 69 172 54 43 326 3 0 0 0 2 6 0 51 0 3 9 0 0 5 4 0 4 0 2 26 0 2 0 0 0 0 0 6 4 0 1 0 0 0 0 0 0 4 0 0 0 0 0 0 0 0 0 0 0 0 0 0 0 0 0 0 0 0 0 0 0 20 8 1 10 18 0 10 24 1 12 16 0 0 19 0 8 28 0 0 10 0 0 0 0 0 0 0 0 0 0 0 0 0 0 0 0 0 14 0 0 0 4 0 4 7 0 0 6 3 3 1 0 7 0 11 0 0 0 0 0 0 0 0 0 0 0 0 0 0 0 0 0 0 0 0 0 0 0 0 0 6 1 0 61 1 0 0 93 17 1 14 0 40 30 10 0 30 0 0 0 12 0 1 0 0 28 0 0 0 0 0 31 19 0 0 0 0 9 12 0 5 0 0 0 0 0 0 0 0 0 9 0 1 0 0 0 0 0 11 0 0 0 0 33 0 1 1 0 0 0 0 0 0 0 0 0 0 0 0 0 0 0 0 1 1 0 5 2 0 
 5 3 1 3 3 3 2 3 6 2 3 3 2 3 1 2 2 3 1 5 0 0 1 0 0 2 0 0 0 4 0 0 0 0 3 0 2 4 2 0 247 56 113 114 257 132 34 257 272 123 54 0 38 252 243 105 337 465 234 261 0 0 0 0 11 1 97 3 1 2 3 0 0 104 2 0 0 0 24 51 0 6 0 0 0 0 0 0 0 0 0 0 0 0 0 0 0 0 0 0 0 0 15 0 0 0 0 0 0 0 0 0 0 0 0 0 0 1 0 0 0 0 0 29 71 1 0 4 4 10 2 25 0 0 0 64 0 6 0 0 9 12 7 0 0 0 0 12 0 0 0 0 2 40 0 0 0 0 14 0 0 0 0 0 0 0 0 0 5 0 0 0 0 0 0 0 0 0 0 0 0 2 0 6 0 0 0 0 0 0 0 0 0 0 0 4 0 0 0 0 0 0 0 20 20 10 0 0 26 14 50 0 0 0 0 25 0 9 0 0 0 8 0 0 0 0 29 0 0 0 0 0 34 8 9 0 0 0 4 18 0 0 0 0 0 0 0 0 0 0 0 5 0 0 0 0 0 0 0 31 0 0 1 63 2 0 0 1 0 2 13 0 0 0 0 0 0 0 0 0 0 0 0 0 10 0 0 0 1 0 
 4 2 3 3 3 3 3 2 3 3 3 3 3 3 10 3 3 2 3 3 0 0 63 23 70 67 2 0 0 5 23 66 0 1 2 0 3 31 0 0 67 51 173 78 70 31 178 330 295 58 56 38 0 160 49 101 39 26 435 177 0 0 0 0 0 0 2 0 3 1 37 0 202 0 0 0 1 3 0 24 0 0 0 0 0 0 0 0 0 0 0 0 0 0 0 0 0 0 1 0 0 0 0 0 8 13 0 0 0 0 14 12 0 0 14 3 0 2 0 0 0 0 0 0 0 0 0 0 0 35 0 0 98 0 0 21 8 12 2 11 0 0 0 0 14 0 7 0 0 0 0 0 6 0 0 0 0 0 0 0 0 0 0 0 0 7 0 0 0 0 0 0 6 5 0 0 0 0 0 0 0 27 0 21 21 11 0 0 0 0 12 28 0 0 0 7 0 58 0 0 49 1 0 25 0 0 35 9 10 11 12 0 20 20 0 0 1 0 4 36 0 0 0 0 0 0 0 0 0 0 0 0 6 26 0 0 0 0 0 0 0 0 3 0 0 0 0 0 0 0 0 11 0 0 0 1 0 62 0 0 0 0 0 0 0 2 0 0 2 0 0 0 0 0 0 0 0 0 0 0 0 0 0 0 0 0 0 0 0 0 
 0 0 0 0 0 0 0 0 0 4 0 0 0 0 0 3 0 0 3 0 0 0 2 0 0 27 35 0 5 0 0 0 0 0 6 0 0 2 6 0 197 218 157 97 68 115 230 306 178 232 298 252 160 0 257 27 106 108 215 243 0 0 0 0 0 0 0 0 0 0 0 0 0 5 1 0 2 0 0 0 0 0 0 5 10 0 0 0 0 0 0 0 0 0 0 0 0 0 0 0 2 7 0 3 0 3 1 0 5 0 0 0 4 0 3 0 10 0 13 0 15 39 9 9 9 0 21 24 20 6 2 0 18 15 28 0 74 19 0 9 14 0 0 0 0 0 0 0 3 0 0 0 52 0 0 7 0 0 0 0 0 0 0 12 0 0 0 0 0 0 0 0 0 2 0 0 4 0 0 0 0 0 0 0 0 0 2 3 6 0 0 0 0 0 43 0 30 0 0 4 6 9 0 25 0 0 4 0 19 17 0 16 23 12 101 21 4 11 0 0 0 0 0 0 0 0 0 0 0 0 0 0 2 0 0 0 0 0 0 30 0 0 0 0 0 0 0 0 0 0 0 0 0 0 0 0 0 0 0 0 0 0 0 0 2 2 2 65 2 0 0 0 0 0 0 0 0 0 0 0 0 0 0 0 14 0 0 0 2 7 
 3 0 0 0 0 4 0 2 0 73 0 0 0 0 0 3 0 0 0 0 0 2 2 3 2 129 3 5 2 2 3 7 0 1 5 2 2 2 4 1 232 101 372 177 73 284 260 69 129 173 87 243 49 257 0 66 55 47 104 134 0 3 4 0 0 4 0 55 0 0 4 0 0 0 5 0 9 0 2 0 0 0 0 0 0 0 0 0 0 0 0 0 0 0 0 0 0 0 0 0 0 0 0 0 0 6 0 0 0 0 0 0 0 0 0 0 0 0 0 0 2 21 19 9 0 19 16 16 23 0 0 0 20 15 0 0 68 50 0 10 0 8 0 0 0 0 0 0 3 0 0 0 0 0 0 7 0 0 0 0 0 0 0 0 0 5 0 0 0 0 0 0 1 6 0 0 2 0 0 0 0 0 0 0 7 0 0 0 0 0 0 0 0 0 0 0 0 0 0 0 8 18 22 26 0 0 9 18 14 9 8 0 0 8 43 48 23 6 0 0 0 0 0 0 0 0 0 0 0 0 0 0 21 0 0 0 0 0 0 19 0 0 21 0 0 0 0 0 0 0 0 8 0 0 0 0 0 0 0 0 0 0 1 0 6 2 0 0 0 0 0 0 0 0 0 0 0 0 0 0 0 0 0 0 14 21 0 19 1 0 
 3 0 0 0 0 0 1 0 0 3 0 6 0 0 2 1 0 0 0 0 0 0 0 62 22 0 0 5 3 0 62 9 3 0 0 10 4 6 0 4 38 47 98 50 119 374 26 137 134 126 69 105 101 27 66 0 127 111 112 320 3 2 5 0 3 0 7 3 0 2 6 2 0 0 0 2 0 2 0 28 0 0 0 0 0 0 0 0 0 0 0 0 0 11 0 0 0 0 0 0 0 0 0 0 12 0 0 0 0 3 7 0 0 7 0 0 0 3 0 0 7 14 0 28 14 0 0 0 0 27 40 14 0 0 0 23 15 3 0 8 0 0 0 0 0 0 0 13 20 0 0 0 0 0 1 0 0 0 0 0 0 0 1 0 1 0 0 0 0 0 0 0 0 0 0 0 0 0 0 0 0 6 14 0 1 5 0 0 0 0 12 0 0 0 0 17 0 0 0 0 16 0 55 10 12 23 4 14 0 10 0 28 0 22 14 1 20 32 0 14 0 0 0 0 0 0 9 0 0 0 0 0 9 0 0 0 0 0 4 0 0 0 1 0 0 0 0 0 0 1 0 7 0 1 0 0 0 0 0 4 0 0 2 0 0 20 1 0 0 0 15 0 0 0 0 20 0 0 0 0 0 0 0 0 21 0 0 0 2 0 
 1 2 0 0 2 0 1 2 0 0 0 2 1 1 1 1 1 1 1 2 2 0 2 2 2 68 0 0 2 4 1 4 2 2 2 2 1 0 0 2 19 57 52 390 52 89 45 108 126 121 172 337 39 106 55 127 0 61 99 118 0 0 0 3 5 3 0 0 0 0 4 0 0 36 2 0 0 0 0 0 0 0 0 0 0 0 0 0 0 0 0 0 0 0 0 0 0 0 0 0 0 0 0 0 0 0 0 0 0 0 0 0 0 0 0 0 0 0 0 0 0 34 56 10 0 12 8 10 15 0 23 13 0 14 38 0 9 14 0 0 0 0 0 72 0 0 0 0 3 0 0 3 0 0 0 6 0 0 0 0 0 0 0 0 0 0 0 0 0 0 0 0 0 0 0 0 3 0 0 0 0 0 0 0 0 0 0 0 0 0 0 0 11 0 0 0 0 0 0 0 0 1 17 18 0 0 0 17 10 1 1 0 0 21 40 0 22 7 0 0 0 0 0 0 0 0 0 0 0 0 0 5 0 0 0 0 0 0 1 0 0 0 0 0 0 0 0 0 1 0 0 2 0 0 0 0 0 2 0 11 0 0 2 2 0 1 0 0 1 0 0 0 0 0 1 0 0 0 0 0 0 0 0 0 13 0 0 0 2 0 
 37 0 0 0 0 2 0 0 0 0 0 0 4 0 0 0 0 0 0 3 0 0 0 0 0 1 0 0 0 0 0 1 0 0 0 0 0 2 0 2 54 121 326 71 105 74 61 58 96 118 54 465 26 108 47 111 61 0 35 82 0 0 0 0 6 0 58 0 0 1 0 6 0 52 0 0 0 1 21 0 0 0 0 0 0 0 0 0 0 0 0 0 0 0 0 0 0 0 0 0 0 0 0 0 7 0 0 0 0 0 0 0 0 0 0 0 0 0 0 0 25 0 21 0 23 2 13 8 24 30 8 17 5 18 8 7 0 5 1 0 15 19 6 22 16 0 0 13 0 0 0 0 5 18 19 0 0 0 8 10 0 0 0 0 0 0 0 0 5 0 0 0 0 0 0 0 0 0 0 0 0 0 0 0 1 0 0 0 0 0 0 1 0 0 0 0 0 40 0 0 14 0 0 40 2 6 0 1 10 9 21 0 22 5 8 8 0 1 1 2 10 0 23 6 0 0 14 1 0 0 0 0 8 12 8 0 0 0 20 8 0 0 16 0 0 0 0 0 0 0 0 9 0 1 0 0 0 0 0 63 0 22 65 64 0 3 1 0 0 2 8 0 0 0 0 0 0 0 0 0 0 0 0 0 0 0 0 0 2 0 
 5 0 0 6 0 4 0 2 0 5 0 0 0 0 0 2 0 0 0 0 0 0 2 4 71 191 0 2 0 0 4 2 0 0 0 0 0 73 0 0 137 45 181 56 70 62 340 109 95 95 43 234 435 215 104 112 99 35 0 179 2 1 0 0 0 0 0 56 5 8 3 0 3 0 0 0 0 12 0 6 0 0 0 0 0 0 0 0 0 0 0 0 0 0 0 0 0 0 0 0 0 0 0 0 1 17 0 0 0 0 0 0 0 0 10 0 0 0 0 0 12 0 6 0 13 0 2 12 0 23 22 0 18 2 10 9 13 0 0 23 0 9 0 0 0 0 4 6 0 4 21 0 7 6 0 0 0 4 0 0 0 0 0 0 0 0 0 0 0 0 0 0 0 0 0 0 14 0 0 0 0 0 0 0 7 11 0 0 0 0 0 5 0 0 0 0 0 13 0 0 22 14 13 16 0 0 12 28 11 7 45 0 18 38 11 1 0 0 3 15 7 0 6 0 8 0 0 0 14 0 0 0 0 3 6 0 0 0 0 0 0 0 12 0 0 0 0 0 0 0 0 6 0 1 0 0 0 17 0 1 0 0 0 0 0 4 8 0 0 0 0 0 0 0 0 6 0 0 0 0 0 0 0 0 0 10 0 0 0 0 
 3 0 0 0 0 0 1 0 0 0 0 0 0 9 3 8 0 0 0 0 0 1 1 2 1 238 0 0 3 0 1 4 53 0 0 0 2 62 0 0 86 91 92 153 287 133 108 119 109 112 326 261 177 243 134 320 118 82 179 0 0 0 1 0 0 0 0 0 0 2 51 0 0 10 5 3 4 0 0 0 0 0 4 0 0 0 0 0 0 0 0 0 0 7 10 0 0 0 0 0 0 0 0 0 0 19 0 0 0 0 0 1 0 0 0 0 0 0 0 0 0 16 9 21 2 12 0 10 0 18 36 0 25 0 12 0 1 0 1 0 0 0 0 0 0 0 2 0 0 0 0 0 1 0 0 0 0 0 0 0 0 6 2 0 0 0 0 0 0 0 0 0 0 0 0 0 0 0 0 4 0 0 0 0 9 0 0 0 0 0 0 4 0 0 0 1 0 11 0 0 10 11 21 19 0 0 0 25 23 2 30 0 34 31 25 0 21 24 1 12 0 0 0 0 0 0 0 0 9 0 0 0 1 0 0 0 0 0 0 0 0 0 0 0 0 0 0 0 0 0 0 10 0 0 0 0 0 17 0 0 2 0 2 0 1 22 2 2 0 0 0 0 0 0 0 1 0 0 0 0 0 0 0 0 0 0 0 0 0 0 
 0 0 0 0 0 0 0 0 0 0 0 0 0 0 0 0 0 0 0 0 50 0 2 0 0 0 6 5 0 3 0 6 0 0 0 0 0 0 0 8 0 4 0 0 0 56 0 2 3 0 3 0 0 0 0 3 0 0 2 0 0 143 142 77 78 31 337 243 80 71 249 42 75 106 411 224 43 66 91 154 0 0 0 0 0 0 0 0 0 0 0 0 0 0 0 0 15 0 0 0 7 0 9 0 0 0 0 0 9 0 8 0 0 0 1 9 6 0 0 0 0 0 21 0 0 0 0 0 0 0 0 0 0 0 0 0 0 0 0 0 0 1 7 8 6 7 43 1 9 0 30 0 0 22 0 10 7 21 8 0 0 0 0 0 0 0 0 0 0 0 0 0 0 0 0 3 0 8 1 0 0 4 0 0 12 0 4 0 0 0 0 2 0 0 5 0 0 0 0 0 0 0 0 0 2 28 0 0 0 0 0 8 0 0 0 0 0 0 1 0 30 35 9 16 1 8 9 25 7 0 24 0 0 15 37 9 37 10 0 14 0 0 0 0 0 0 0 0 0 0 0 0 0 8 6 0 0 3 0 0 0 0 0 0 0 0 2 0 0 0 0 2 56 2 0 40 0 0 0 0 0 0 0 0 0 0 4 0 0 0 
