 0 93 74 46 289 254 147 388 458 151 68 402 130 96 54 221 115 208 63 323 4 0 0 63 1 1 2 2 2 0 0 0 0 2 1 0 2 0 0 0 7 0 0 0 0 3 0 0 2 0 0 0 0 0 0 0 0 0 0 0 0 0 3 2 1 0 0 0 0 0 0 3 3 3 2 0 0 9 2 0 30 42 54 2 0 0 9 25 17 0 16 2 24 24 31 10 38 15 16 0 2 0 0 0 0 0 0 14 0 0 0 0 0 0 0 0 0 0 0 1 0 0 0 0 0 10 0 0 0 0 0 0 0 0 0 0 0 0 0 1 0 0 0 0 0 0 0 6 0 2 0 0 0 0 0 0 0 2 0 0 3 13 9 0 0 22 6 7 26 0 0 0 2 1 52 11 23 0 13 12 0 0 2 0 0 0 0 0 0 0 0 0 0 0 0 0 0 0 9 0 0 0 0 0 0 0 0 1 0 0 0 0 0 0 0 0 0 0 0 0 0 0 0 0 0 0 0 0 0 0 0 0 0 0 0 0 0 0 0 1 0 0 0 0 0 0 88 0 92 2 2 4 0 0 5 0 0 0 0 0 0 0 3 0 0 0 0 0 0 0 0 0 0 0 0 0 0 0 0 0 0 0 0 0 0 0 0 0 0 0 
 93 0 294 115 346 26 275 326 282 100 88 133 109 111 150 373 133 136 272 43 3 0 0 3 0 18 0 0 2 0 0 0 0 0 0 63 0 0 0 0 3 0 0 0 0 3 0 0 2 0 0 0 0 0 0 0 0 0 0 0 0 44 3 2 0 0 0 0 0 0 0 2 3 3 3 0 0 7 2 0 0 78 23 27 0 10 11 27 15 18 15 2 9 0 11 19 30 42 16 17 0 0 15 0 0 0 0 0 0 0 0 0 0 0 0 0 0 0 0 1 0 0 0 0 0 0 0 0 0 0 0 0 0 11 0 0 0 0 0 11 0 0 0 0 0 0 0 0 0 0 0 0 0 0 0 0 0 5 2 0 9 0 54 22 0 18 0 0 4 54 23 0 0 5 34 0 5 36 8 0 0 0 0 0 0 0 0 0 0 0 0 0 0 0 0 0 0 0 21 0 0 0 0 0 0 0 0 0 0 0 0 0 0 0 0 0 0 0 0 0 0 0 0 0 0 0 0 0 0 0 0 0 0 0 0 0 0 0 0 0 0 0 0 0 0 0 2 0 2 89 0 14 14 0 0 0 0 0 1 0 0 0 3 0 0 0 0 0 0 0 0 0 0 0 0 1 15 10 0 0 0 0 0 0 0 0 0 0 0 0 
 74 294 0 198 138 99 177 101 314 228 44 211 86 261 158 45 125 129 191 30 3 2 2 3 1 0 37 0 2 0 2 0 74 74 0 0 0 1 0 1 3 0 0 0 0 3 0 0 2 0 0 0 0 0 0 20 0 0 0 0 0 31 3 2 0 0 0 0 0 0 0 2 8 3 3 0 0 3 2 0 0 8 14 30 9 16 31 0 8 40 11 13 10 1 1 19 37 55 0 22 0 0 0 0 0 0 14 0 0 0 0 0 10 1 0 0 0 0 0 14 0 0 21 0 0 0 0 0 0 0 0 0 0 0 0 0 0 0 0 0 0 8 0 0 1 3 0 2 0 0 0 0 0 0 6 2 0 0 0 1 18 0 18 25 7 14 2 22 10 10 30 0 0 11 1 10 9 12 17 17 0 0 0 0 0 0 22 2 0 0 0 0 0 0 0 2 0 0 0 0 0 0 2 0 0 0 0 0 0 0 0 0 1 0 7 0 0 0 0 0 0 0 0 0 0 0 14 0 0 0 0 0 0 0 0 0 0 0 0 0 0 0 0 0 0 0 4 2 2 0 0 2 0 0 0 0 0 0 0 0 0 0 0 0 0 0 0 0 0 0 0 0 0 0 0 25 20 0 0 0 0 0 0 0 0 0 0 0 0 0 
 46 115 198 0 76 134 198 174 89 84 55 146 106 88 227 183 134 37 164 232 0 74 0 3 0 0 12 1 3 0 1 0 0 74 112 73 0 0 28 0 0 1 0 10 2 2 0 0 0 0 3 0 0 3 0 0 0 0 0 7 0 0 0 0 0 0 1 0 3 3 0 0 0 0 0 0 0 0 0 0 1 11 0 10 6 19 0 0 0 0 2 9 10 0 0 13 4 18 12 6 0 13 0 0 0 0 0 8 0 10 2 0 0 64 0 7 0 7 23 45 0 0 0 0 0 0 0 0 0 1 0 31 0 0 0 0 0 0 0 0 0 7 0 0 0 12 0 17 2 0 0 0 0 0 8 0 0 0 0 1 20 0 10 31 0 0 0 2 0 36 38 0 20 8 22 1 15 15 0 0 18 0 0 0 0 0 19 12 0 0 0 0 2 0 0 0 0 0 0 37 0 0 0 2 0 0 0 0 0 0 0 0 0 0 0 0 0 0 0 0 0 0 5 0 0 0 0 0 0 2 0 0 0 0 1 0 0 0 0 0 0 16 0 0 0 4 91 0 92 88 11 8 10 2 0 0 0 0 0 0 0 0 0 0 0 0 0 0 0 0 0 0 0 0 0 13 0 0 0 0 0 0 0 0 0 0 0 0 0 0 
 289 346 138 76 0 698 38 114 154 190 195 76 77 171 114 55 129 49 51 295 5 1 74 3 2 0 67 146 64 0 93 3 185 80 27 74 0 3 0 4 3 0 2 0 0 5 0 0 65 3 0 0 0 5 0 0 0 2 0 2 6 0 8 3 0 0 2 0 0 0 1 3 3 3 0 0 2 3 3 2 0 9 15 62 0 23 0 1 0 15 0 48 0 0 0 0 1 13 0 0 17 24 0 0 2 0 9 0 0 44 0 0 25 0 52 13 0 0 41 5 0 0 15 0 0 2 0 8 0 0 0 0 0 0 0 0 0 0 2 0 0 0 2 0 3 0 0 0 0 0 0 0 0 0 0 0 0 0 0 0 0 0 0 15 10 38 0 0 10 0 21 20 0 0 16 0 7 0 0 0 7 14 0 20 0 0 0 0 1 18 0 1 0 32 11 0 20 0 25 10 0 0 0 0 0 0 0 0 0 0 0 0 0 0 0 0 0 0 0 0 0 0 0 0 0 0 0 0 0 0 0 0 0 2 0 0 2 2 0 0 0 0 0 0 0 3 3 0 3 0 20 20 0 0 0 0 0 0 0 0 1 0 48 0 0 0 0 0 0 0 0 0 0 0 0 0 0 0 0 0 0 0 0 0 0 0 0 0 0 1 
 254 26 99 134 698 0 112 343 51 40 161 94 244 56 205 317 59 130 30 484 79 75 73 3 0 11 75 71 76 0 2 1 73 10 147 91 9 75 0 78 3 2 0 2 3 3 0 2 31 0 1 0 0 2 0 0 0 1 0 5 0 3 9 2 0 0 0 2 0 1 1 3 5 3 0 0 0 3 3 0 0 0 0 5 25 59 0 0 0 0 10 11 0 0 0 9 10 59 0 11 10 10 1 0 0 0 0 9 0 23 0 13 28 0 34 28 11 11 23 14 0 0 0 0 13 0 1 0 0 0 0 0 0 0 0 0 0 0 0 0 0 8 0 1 0 6 0 4 0 0 0 0 0 8 5 0 0 0 0 2 20 0 2 9 28 10 0 10 0 18 13 0 0 5 0 16 0 0 0 0 26 19 2 55 0 0 5 28 25 18 0 0 22 15 24 0 0 0 38 30 0 0 0 0 0 0 0 0 0 0 0 0 0 0 0 0 0 0 0 2 0 0 0 0 0 0 0 0 0 0 0 0 0 0 0 0 0 0 2 0 0 0 0 0 0 1 2 0 0 1 6 10 0 2 0 0 0 75 0 0 0 0 0 0 0 73 0 0 0 0 0 0 0 0 0 17 0 0 0 0 0 0 0 0 0 0 0 0 0 0 
 147 275 177 198 38 112 0 89 362 145 38 131 295 257 184 191 221 250 122 233 3 5 0 4 0 26 0 0 2 0 0 0 0 0 0 0 1 37 5 0 3 0 0 0 0 3 0 0 2 0 0 0 0 0 62 0 0 0 0 0 0 1 3 2 0 0 0 0 0 0 0 3 3 3 4 0 0 3 2 0 10 45 0 26 0 0 20 13 21 9 23 0 15 19 29 21 3 26 10 20 0 0 0 0 0 0 0 0 2 0 0 0 0 0 0 0 0 0 0 0 0 0 0 2 0 0 0 0 0 0 0 0 0 1 0 0 0 0 0 0 0 14 0 0 0 6 0 6 0 0 0 0 0 0 8 0 0 0 0 1 39 50 21 1 0 0 9 4 0 23 34 0 0 32 34 18 10 8 9 4 0 0 0 0 0 0 10 0 0 0 0 0 0 0 0 0 0 0 2 0 0 0 0 0 2 0 0 0 0 0 1 0 0 0 0 0 1 0 0 0 0 0 0 0 0 0 0 0 0 0 0 0 0 0 0 0 0 0 1 0 0 0 0 0 0 2 89 0 0 66 0 19 12 0 0 0 0 0 0 0 0 0 0 0 0 0 0 0 0 0 0 0 0 0 0 10 8 0 0 0 0 0 0 0 0 0 0 0 0 0 
 388 326 101 174 114 343 89 0 296 128 156 98 415 190 247 298 120 407 75 138 0 0 0 3 0 0 2 47 0 1 0 0 77 0 0 0 0 0 2 0 0 0 0 0 2 2 0 0 0 0 0 0 0 3 0 0 0 0 0 0 0 0 0 99 0 0 1 0 3 3 0 0 0 0 0 0 0 3 0 0 0 31 43 16 20 0 0 11 17 20 14 15 9 20 0 25 1 12 0 0 0 0 0 1 0 0 8 0 0 0 0 1 14 0 0 0 23 0 10 9 0 0 14 0 0 0 0 0 0 0 0 0 0 9 0 0 0 0 0 0 0 0 0 0 0 0 0 0 0 0 1 1 0 0 0 0 0 11 6 0 0 0 9 25 12 14 16 40 19 16 15 17 0 14 10 14 34 18 0 2 0 0 0 0 0 0 22 0 0 0 0 0 2 0 0 0 0 0 33 6 0 0 0 0 0 0 0 0 0 0 0 0 0 0 0 0 0 0 0 0 1 0 0 0 0 0 0 0 0 0 0 0 0 13 0 0 0 0 0 0 0 0 0 0 0 2 0 0 0 3 2 2 0 0 0 0 0 0 0 0 0 0 13 0 0 0 0 0 0 0 0 0 0 0 0 0 0 11 0 0 0 0 0 0 9 0 0 0 0 0 
 458 282 314 89 154 51 362 296 0 238 363 443 71 181 109 226 477 173 236 134 3 0 1 3 0 0 0 3 2 0 0 0 0 0 0 0 0 1 0 0 3 0 0 0 0 3 0 0 2 0 0 0 0 0 0 0 0 0 0 0 0 52 3 2 0 0 1 0 0 0 0 2 3 3 4 0 0 3 2 0 0 33 9 1 12 2 21 34 19 34 34 0 33 1 33 18 39 30 0 0 1 0 0 2 0 0 0 0 0 0 0 0 0 0 0 0 1 0 0 0 0 0 0 0 0 0 0 0 0 0 0 0 0 0 0 0 0 0 0 0 0 0 0 0 0 0 0 0 0 1 0 0 0 0 0 0 0 4 5 0 12 1 33 0 0 8 0 14 21 1 0 0 0 0 15 0 26 0 13 9 0 0 0 0 0 0 0 0 0 0 10 0 0 0 0 0 0 0 10 0 0 0 0 0 0 0 0 1 0 0 0 0 0 0 0 0 0 0 0 0 0 0 0 0 0 0 0 0 0 0 0 0 0 0 0 0 0 0 0 0 0 0 0 0 0 1 3 0 1 0 2 5 0 0 0 0 0 0 0 0 0 0 12 0 0 0 0 0 0 0 0 0 0 0 0 10 29 15 0 0 0 0 0 0 0 0 0 0 0 0 
 151 100 228 84 190 40 145 128 238 0 84 182 37 433 461 340 45 138 165 192 3 0 0 3 0 0 0 0 2 0 0 0 76 0 0 2 0 2 0 0 4 0 0 0 0 3 0 0 2 0 0 0 0 1 0 0 0 0 0 0 0 1 3 2 4 0 0 0 0 0 0 3 3 4 4 0 0 9 2 50 0 43 56 0 0 12 42 25 18 24 0 7 10 0 26 35 13 45 0 0 19 0 0 4 0 0 10 11 0 0 0 0 0 0 0 0 0 0 0 0 0 2 0 0 0 0 0 0 0 0 0 0 0 0 0 0 0 0 0 0 0 0 0 0 0 0 0 5 0 0 0 0 0 0 0 0 0 4 1 0 1 0 11 0 10 24 5 19 27 2 0 43 0 0 38 9 27 0 0 0 0 14 0 0 0 0 9 0 0 0 1 0 0 0 0 0 13 0 15 0 0 0 0 0 0 2 0 0 0 0 0 0 0 0 0 0 0 0 0 0 0 0 0 0 0 0 0 0 0 0 0 0 10 0 0 0 0 0 1 0 0 0 0 0 0 0 92 3 4 0 0 17 0 0 0 0 0 0 0 0 0 0 11 0 0 0 0 0 0 2 0 0 0 0 0 5 17 0 0 0 0 0 0 0 0 0 0 0 0 0 
 68 88 44 55 195 161 38 156 363 84 0 479 36 124 379 260 319 622 26 77 3 0 0 3 2 1 0 0 2 0 0 0 23 2 1 0 2 0 1 3 3 0 0 0 0 2 0 0 2 0 0 0 0 0 0 0 0 0 0 0 0 0 3 2 0 0 0 0 0 0 0 2 3 3 5 0 0 3 2 0 0 13 9 48 37 16 0 36 12 30 42 28 0 0 0 14 92 11 0 2 0 0 0 0 0 0 28 0 0 0 0 0 32 11 0 10 0 0 10 18 10 0 0 0 0 0 0 0 0 0 0 0 0 0 0 0 0 0 0 0 0 0 0 7 1 0 0 0 0 0 0 0 0 7 0 0 2 0 0 8 0 31 0 10 10 21 0 11 32 1 10 0 0 2 14 10 20 28 0 0 2 0 0 0 0 0 26 1 0 0 0 0 19 0 0 0 0 0 22 9 0 0 0 0 0 0 0 0 0 0 0 0 0 0 0 0 0 0 0 0 0 2 0 0 0 0 0 0 0 0 0 0 0 0 0 0 0 0 7 0 0 0 0 0 0 86 0 0 93 2 2 8 0 0 0 0 0 0 0 0 0 0 25 0 0 0 0 0 0 0 0 0 0 0 0 16 0 0 0 0 0 0 0 0 0 0 0 0 0 0 
 402 133 211 146 76 94 131 98 443 182 479 0 58 385 216 232 81 233 28 121 81 1 1 5 2 0 0 25 2 0 0 2 1 28 0 0 0 4 0 4 6 0 0 5 0 5 0 0 72 2 0 7 0 0 0 0 0 1 0 0 0 2 3 4 2 6 0 0 0 1 45 2 3 3 3 0 0 3 2 0 0 0 33 1 4 1 0 4 27 30 1 11 0 0 0 21 40 25 0 6 0 0 0 0 0 0 0 0 0 0 0 0 0 0 9 0 18 0 0 2 0 1 0 0 0 0 0 0 0 0 0 0 0 0 1 2 0 0 0 0 0 2 0 0 0 3 0 1 0 0 0 0 2 0 3 0 0 0 0 0 8 0 2 0 35 22 10 27 9 50 11 8 0 18 0 29 55 11 0 0 2 1 0 0 0 0 11 11 0 0 0 2 28 0 7 19 0 0 12 0 0 0 0 0 0 0 0 0 0 0 0 0 0 0 1 0 0 0 2 0 0 0 0 0 0 2 0 0 1 0 0 0 0 0 0 0 0 0 0 0 0 0 0 0 0 4 4 0 8 53 0 9 1 0 0 0 0 0 0 0 0 0 9 0 0 0 0 0 0 0 0 0 0 0 0 23 0 0 0 0 0 0 0 0 0 0 0 0 0 0 
 130 109 86 106 77 244 295 415 71 37 36 58 0 83 173 72 118 44 341 150 3 0 0 3 0 0 0 0 2 0 0 0 0 0 0 0 0 0 0 0 3 0 0 0 0 3 0 0 3 0 0 0 4 3 0 0 0 0 2 0 0 1 3 2 0 0 0 0 0 0 0 3 3 3 0 0 0 3 2 0 34 34 8 10 0 0 0 5 21 13 16 0 23 23 27 44 21 0 33 0 1 0 0 0 0 0 0 0 0 0 0 0 0 0 0 0 2 0 0 0 0 0 0 0 0 0 0 0 0 0 0 0 0 0 0 0 0 0 0 0 0 0 0 0 0 0 0 0 0 1 7 0 0 0 0 0 0 0 1 0 2 42 15 14 1 0 17 2 3 18 22 10 6 20 18 19 0 19 2 11 0 0 0 0 0 0 0 0 0 0 0 0 24 0 0 0 0 0 0 0 0 0 0 0 0 11 0 0 0 0 0 0 0 0 0 0 0 0 0 0 14 0 0 0 0 0 0 0 0 0 0 0 0 0 0 0 0 0 0 0 0 0 0 0 0 0 102 2 2 88 0 11 10 0 0 0 0 0 0 0 0 0 0 0 0 0 0 0 0 0 68 0 0 0 0 1 0 1 0 0 0 0 0 0 0 0 0 0 0 0 
 96 111 261 88 171 56 257 190 181 433 124 385 83 0 197 224 255 121 273 87 6 4 2 4 2 0 2 4 5 0 2 5 2 2 2 4 3 2 2 0 5 0 0 4 2 3 2 0 6 2 2 0 0 0 2 0 0 2 0 0 0 1 3 2 1 2 0 0 0 1 0 6 3 3 4 0 0 6 2 0 0 31 33 12 0 0 15 50 0 19 8 0 0 0 9 24 14 22 15 0 0 0 0 0 0 0 0 0 0 0 0 0 0 0 0 0 0 0 0 0 0 0 0 0 0 0 0 0 0 0 0 0 0 0 0 0 0 0 0 0 0 0 0 0 0 0 0 0 0 0 0 0 0 0 0 0 0 0 0 12 0 11 54 0 22 18 6 22 15 2 14 17 0 0 16 10 38 32 0 0 0 0 0 0 0 0 0 0 0 0 12 0 0 0 0 0 0 0 21 0 0 0 0 6 0 0 0 0 0 0 0 0 0 0 0 0 0 0 0 0 0 0 0 0 0 0 0 0 0 0 0 0 0 0 0 0 0 0 2 0 0 0 0 0 0 0 2 0 2 90 0 5 12 1 0 0 0 0 0 0 0 0 13 0 0 0 0 0 0 1 0 0 0 0 0 1 16 0 0 0 0 0 0 0 0 0 0 0 0 0 
 54 150 158 227 114 205 184 247 109 461 379 216 173 197 0 374 95 122 158 296 4 2 0 3 2 0 3 0 2 2 0 0 0 0 3 1 0 0 0 2 6 0 0 0 0 3 3 0 2 3 0 0 0 0 0 0 0 0 0 2 1 56 3 2 0 0 0 3 0 0 0 2 3 3 3 0 0 4 2 0 0 14 16 19 19 19 3 0 28 10 9 0 31 24 9 11 12 56 17 9 0 0 0 0 0 0 1 0 0 0 0 0 38 0 0 0 0 0 0 11 16 0 0 0 0 0 0 0 0 0 0 0 0 0 0 0 0 0 0 0 0 5 0 0 0 5 0 5 0 0 0 0 0 0 4 0 0 0 0 0 16 10 8 10 0 9 23 28 10 34 13 20 0 20 14 29 16 21 0 9 0 0 0 0 0 0 10 0 11 1 0 16 0 0 0 0 0 0 21 14 0 0 0 0 0 0 13 0 0 0 0 0 0 0 0 0 0 0 18 0 0 0 0 0 0 0 0 0 0 0 0 0 0 0 0 0 0 0 0 0 0 0 0 0 0 0 185 0 3 2 0 4 10 0 0 0 0 0 0 0 0 0 0 0 0 7 0 0 0 0 0 0 0 0 0 43 1 0 0 0 0 0 0 0 0 0 0 0 0 0 
 221 373 45 183 55 317 191 298 226 340 260 232 72 224 374 0 105 228 129 157 3 0 2 3 2 0 0 2 2 0 0 0 2 0 0 0 0 0 0 0 3 2 0 0 0 3 0 0 2 0 0 0 2 1 0 5 0 0 0 0 0 0 5 2 0 0 0 0 0 0 0 3 3 3 0 0 0 10 2 0 0 17 22 26 19 20 13 12 10 10 9 0 8 0 14 35 26 17 39 7 0 0 0 0 0 0 1 0 1 0 0 0 40 0 0 0 0 0 0 10 0 0 0 1 0 0 0 0 0 0 0 0 1 0 0 0 0 0 0 0 2 0 0 0 0 6 0 4 0 0 0 0 0 0 1 0 0 0 0 0 0 32 17 14 9 24 8 20 13 39 23 22 0 20 8 13 30 39 0 1 0 0 0 0 0 0 0 0 0 0 0 0 0 0 0 0 0 0 18 16 0 0 0 0 1 0 0 0 0 0 2 0 0 0 0 0 1 0 0 0 0 0 0 2 0 0 0 0 0 0 0 0 0 0 0 0 0 0 0 0 0 0 0 0 0 0 28 0 1 85 1 28 13 0 0 0 0 0 0 0 0 0 10 0 0 0 0 0 65 0 0 0 0 0 0 26 0 0 0 0 0 0 0 0 0 0 0 0 0 0 
 115 133 125 134 129 59 221 120 477 45 319 81 118 255 95 105 0 183 319 116 3 0 0 3 0 0 102 0 2 1 2 0 1 34 4 0 0 0 0 114 3 29 0 0 0 3 0 0 2 0 0 0 0 1 0 0 0 0 0 1 0 0 3 2 0 0 0 0 0 0 1 3 4 3 0 0 0 3 2 0 5 18 0 11 37 10 0 29 0 10 44 15 1 0 2 20 18 0 12 1 1 0 0 0 0 0 12 0 0 0 0 0 31 68 0 0 0 0 19 15 0 0 0 0 0 0 0 0 0 0 0 0 0 0 0 0 0 0 0 2 0 0 0 4 0 0 0 0 0 1 0 0 0 4 0 0 0 0 0 5 2 40 11 15 0 0 0 2 12 0 26 0 1 19 12 0 0 38 0 0 14 0 1 0 0 0 1 0 0 0 0 0 21 0 0 0 0 9 25 17 0 0 0 0 0 0 0 1 0 0 0 0 0 0 0 0 0 0 0 13 0 0 0 0 0 0 0 0 0 0 0 0 0 0 0 8 0 0 0 0 0 17 0 0 0 1 1 0 1 91 0 13 10 0 0 0 0 0 0 0 0 0 0 0 0 0 0 0 0 0 0 0 0 2 0 1 0 0 0 0 0 0 0 0 0 0 0 0 0 0 
 208 136 129 37 49 130 250 407 173 138 622 233 44 121 122 228 183 0 38 101 5 5 0 3 2 0 4 0 2 6 2 2 148 2 0 0 0 0 2 19 6 0 2 4 3 5 3 0 12 2 0 2 0 2 4 0 0 1 3 2 0 0 3 2 0 6 0 3 0 0 24 3 4 3 3 0 0 3 2 0 0 0 28 38 99 26 0 15 18 33 10 1 0 0 0 17 35 15 0 5 0 0 0 0 0 0 39 0 0 0 0 0 23 1 0 10 2 17 0 21 0 0 1 0 0 0 0 2 0 0 0 0 0 0 0 0 0 0 0 0 0 0 0 31 2 0 2 0 0 0 0 0 0 1 0 0 0 0 0 1 0 37 0 1 9 28 0 35 33 12 0 1 0 8 0 0 29 9 0 0 23 0 0 2 3 0 0 0 0 0 0 0 15 0 0 0 0 0 24 11 0 0 0 0 0 0 0 1 1 0 0 1 0 0 0 0 0 0 0 8 0 0 0 0 0 0 0 0 0 0 1 0 0 0 0 0 0 0 0 0 0 0 0 0 0 1 1 0 3 0 0 10 0 0 0 0 0 0 0 0 0 0 37 0 0 0 0 0 0 0 0 0 0 0 0 9 0 0 0 0 0 0 0 0 0 0 0 0 0 0 
 63 272 191 164 51 30 122 75 236 165 26 28 341 273 158 129 319 38 0 188 5 0 0 5 0 0 0 0 5 0 0 0 0 0 0 0 0 0 0 6 3 0 2 0 0 3 10 0 2 0 0 63 0 1 0 0 0 2 0 0 0 51 3 2 0 0 0 0 0 0 3 3 4 4 1 34 0 3 2 0 0 19 0 20 0 0 17 0 40 16 13 0 16 63 31 31 12 28 3 17 0 0 0 0 14 0 0 0 0 0 0 0 0 0 0 0 0 0 0 0 2 0 0 0 0 1 0 0 0 0 0 0 0 0 0 0 0 0 0 9 0 0 0 0 0 0 0 0 0 0 0 0 0 0 0 0 5 0 1 0 7 0 31 11 10 0 3 0 9 20 1 4 0 7 14 0 1 0 8 28 0 0 0 0 0 0 0 0 0 0 0 0 0 0 0 0 0 0 0 0 0 0 0 0 0 0 0 0 0 0 0 0 0 0 0 0 0 0 0 0 0 0 0 0 0 0 0 2 0 0 0 0 0 1 0 0 1 0 0 0 0 0 0 0 0 2 48 1 0 1 1 12 0 0 0 0 0 0 0 0 0 0 0 0 0 0 0 0 0 0 0 0 0 0 0 0 16 0 0 0 0 0 0 0 0 0 0 0 0 0 
 323 43 30 232 295 484 233 138 134 192 77 121 150 87 296 157 116 101 188 0 3 205 0 3 0 0 2 0 2 1 0 0 0 0 0 0 0 2 2 0 3 0 0 0 0 3 0 0 2 0 0 0 0 1 0 0 0 0 0 0 0 1 3 2 0 0 0 0 0 0 0 3 3 3 2 0 0 3 2 0 28 37 14 12 0 0 31 16 10 0 27 0 26 0 25 37 22 0 65 7 0 0 0 0 0 0 0 2 0 0 0 0 0 0 2 0 0 0 0 0 0 0 0 0 0 0 0 0 0 0 0 0 0 0 0 0 0 0 0 0 0 0 0 0 0 31 0 10 0 0 0 0 0 0 1 0 0 0 0 0 13 21 12 26 0 0 0 19 0 19 23 0 0 25 24 36 13 20 27 3 0 2 0 0 0 0 0 0 1 0 0 0 0 0 0 0 0 0 0 0 0 0 0 0 0 0 0 0 20 0 7 0 0 0 0 0 0 0 0 0 0 0 0 0 0 0 0 0 0 0 0 0 0 0 0 0 0 0 0 0 0 0 0 0 0 0 5 0 2 87 1 11 12 0 0 0 0 0 0 0 0 0 0 0 0 0 0 0 0 0 0 0 0 0 0 18 0 0 0 0 0 0 0 0 0 0 0 0 0 0 
 4 3 3 0 5 79 3 0 3 3 3 81 3 6 4 3 3 5 5 3 0 177 393 47 264 33 122 138 45 193 181 129 131 139 121 75 61 487 228 202 0 4 0 0 0 0 0 0 2 2 2 0 2 0 0 0 2 0 2 2 2 0 0 0 0 0 0 0 1 0 25 2 0 0 0 0 0 2 0 0 0 1 0 0 0 1 0 0 0 0 0 8 0 0 0 0 0 0 0 0 76 18 24 0 60 10 0 0 21 17 26 30 2 8 45 58 61 59 0 11 0 0 0 0 0 0 0 0 0 0 0 0 20 1 0 0 0 0 0 0 0 0 0 0 0 0 0 0 0 0 0 0 0 0 0 0 0 0 0 0 0 0 0 0 0 0 0 0 0 0 0 0 0 0 0 3 2 19 0 0 0 19 36 3 14 0 9 25 12 0 0 27 1 13 16 46 56 0 0 1 0 0 0 0 0 0 0 0 0 0 0 0 0 0 1 0 0 0 10 0 0 2 0 4 0 0 0 0 0 0 0 0 2 0 0 0 0 0 0 0 0 0 0 0 9 0 0 0 0 75 0 0 0 0 4 0 0 78 1 1 1 0 0 0 0 0 0 0 0 0 0 0 0 0 0 0 0 0 0 20 0 0 0 0 0 15 0 0 0 0 
 0 0 2 74 1 75 5 0 0 0 0 1 0 4 2 0 0 5 0 205 177 0 167 136 184 78 469 327 80 227 115 142 64 143 174 123 193 68 48 50 0 0 0 0 0 1 0 2 1 2 3 2 3 0 0 0 2 0 159 138 2 0 0 0 0 0 0 0 0 0 0 2 0 0 0 0 0 3 0 0 0 0 0 0 12 16 0 0 0 0 0 0 0 7 0 0 0 0 0 0 0 0 20 13 4 22 1 5 0 17 14 16 0 19 0 10 29 23 32 0 11 1 20 0 0 0 9 8 0 0 0 0 59 17 0 0 0 0 0 57 0 0 0 0 0 0 0 0 0 0 12 0 0 0 0 0 0 0 2 0 0 0 0 0 0 7 0 1 2 0 3 0 0 0 0 0 0 0 0 0 24 34 10 16 10 0 1 19 6 3 1 10 8 0 0 0 47 24 0 15 0 0 0 0 0 14 13 0 0 0 0 0 29 0 22 0 4 0 67 2 0 0 0 9 0 0 0 0 0 0 33 1 0 3 0 0 0 0 0 0 0 18 0 0 0 0 0 0 0 0 0 0 0 0 8 0 1 24 78 0 18 11 0 0 0 0 9 0 0 0 0 0 1 0 0 0 0 0 0 22 0 26 0 0 0 15 0 0 0 0 
 0 0 2 0 74 73 0 0 1 0 0 1 0 2 0 2 0 0 0 0 393 167 0 104 54 36 77 409 94 503 346 254 272 247 200 178 37 209 196 195 0 3 0 56 0 0 0 0 0 2 0 0 2 4 0 0 2 2 0 63 2 31 0 0 0 0 0 0 1 0 0 2 0 0 0 0 0 2 0 0 0 0 0 0 0 9 0 0 0 0 0 0 0 0 0 0 0 0 0 0 67 12 10 0 21 4 0 7 7 0 20 27 16 11 35 72 38 40 9 41 0 10 0 12 0 0 0 0 0 0 0 0 14 15 8 0 0 0 0 11 0 0 0 0 0 0 0 0 0 0 0 0 0 0 0 0 0 0 0 0 0 0 0 18 0 14 0 0 2 0 5 11 0 0 0 0 0 0 0 0 10 8 25 0 2 10 10 9 23 11 20 0 12 23 8 15 20 1 10 0 0 0 0 0 0 0 0 0 0 0 0 0 1 11 13 1 0 0 12 3 0 0 0 6 0 0 0 0 0 0 0 2 0 0 0 0 0 0 0 0 0 0 0 0 0 0 0 0 0 0 0 0 0 0 2 0 0 0 1 2 3 0 0 0 0 0 0 0 0 0 0 0 0 16 0 0 0 2 0 10 0 0 0 0 0 13 0 0 0 0 
 63 3 3 3 3 3 4 3 3 3 3 5 3 4 3 3 3 3 5 3 47 136 104 0 239 127 163 115 158 337 170 166 60 74 344 267 204 118 69 91 0 0 0 1 6 0 0 0 0 2 0 0 66 1 0 0 2 0 154 127 2 0 0 0 0 0 0 0 2 0 0 48 0 0 0 0 0 2 0 0 0 0 0 0 0 0 0 12 0 0 0 0 0 0 0 0 0 0 0 0 0 6 25 36 0 37 0 16 8 0 0 0 0 0 0 0 0 0 0 0 18 43 2 0 0 2 9 0 2 0 2 0 2 15 38 2 12 0 0 42 0 0 0 0 0 0 0 0 0 0 0 0 0 2 0 0 0 0 0 0 0 0 0 0 0 2 2 0 0 2 0 0 0 0 0 1 0 0 0 0 15 20 1 1 4 16 0 19 4 41 12 31 0 27 0 11 28 31 0 10 0 0 0 0 0 0 16 0 0 0 0 0 9 28 28 0 0 0 39 2 0 0 0 0 0 0 0 0 0 0 15 0 0 3 0 0 0 0 0 0 0 0 0 0 0 0 0 0 0 0 0 0 0 0 2 0 2 52 1 0 4 11 0 0 0 0 10 0 0 0 0 0 0 0 0 0 0 0 0 0 0 20 0 0 0 0 0 0 0 0 
 1 0 1 0 2 0 0 0 0 0 2 2 0 2 2 2 0 2 0 0 264 184 54 239 0 181 41 189 465 90 237 212 120 70 373 88 71 324 52 171 62 2 0 0 5 1 0 0 0 2 0 0 68 1 0 0 2 0 53 0 2 6 2 0 0 10 0 0 0 5 0 2 0 0 2 0 0 2 43 0 0 0 2 0 0 0 0 0 0 0 0 0 0 0 0 0 0 0 0 0 1 8 12 0 0 43 12 21 10 16 0 0 0 0 0 0 1 0 0 0 9 43 14 0 0 0 14 1 9 20 0 0 17 0 9 8 1 14 17 23 0 0 0 0 0 0 0 2 0 0 0 0 0 0 0 0 0 0 0 0 0 0 0 0 0 4 0 0 0 0 1 0 0 0 0 0 0 0 0 0 25 31 0 1 56 16 0 26 20 31 36 32 0 15 10 12 13 61 0 0 0 9 1 0 0 0 0 18 0 0 0 0 10 9 1 0 19 0 14 7 9 0 0 0 0 0 0 0 0 0 2 0 29 9 0 0 0 0 0 0 0 0 0 0 0 1 0 0 0 0 0 0 0 0 0 0 2 1 89 5 10 0 0 0 0 0 0 0 0 0 0 0 0 0 0 0 0 0 0 0 0 12 0 0 0 0 5 0 0 0 
 1 18 0 0 0 11 26 0 0 0 1 0 0 0 0 0 0 0 0 0 33 78 36 127 181 0 39 125 127 452 161 357 33 26 136 150 344 209 50 64 56 0 0 0 6 0 0 0 0 2 0 0 132 2 0 0 2 0 0 62 2 0 0 0 0 1 0 0 1 4 0 2 0 0 2 0 0 2 0 0 0 0 0 0 0 0 0 16 0 0 0 0 0 0 2 0 2 0 0 0 3 8 9 42 0 40 0 12 31 0 0 0 0 0 0 0 0 0 0 0 10 18 21 0 0 0 1 2 12 20 0 0 14 0 6 9 1 14 19 24 1 0 0 0 0 0 0 0 0 4 0 4 0 0 0 0 0 0 0 0 0 0 0 0 0 0 0 0 0 0 0 0 0 0 0 0 0 0 0 0 0 0 0 10 52 24 0 18 6 10 19 32 0 12 9 12 18 9 0 0 10 22 1 0 0 0 14 20 2 0 0 0 0 22 43 18 36 0 0 8 0 0 0 0 0 0 0 0 1 0 0 0 0 0 0 0 0 0 0 0 0 0 0 0 0 0 0 0 0 0 0 0 0 0 5 2 2 3 98 5 1 0 0 0 0 0 0 0 0 0 0 0 0 0 0 0 0 21 0 0 0 0 0 0 0 0 11 0 0 0 
 2 0 37 12 67 75 0 2 0 0 0 0 0 2 3 0 102 4 0 2 122 469 77 163 41 39 0 84 159 105 108 179 147 202 29 158 95 312 109 263 0 0 3 0 0 62 0 0 62 2 0 0 3 0 0 0 2 0 2 0 2 0 0 0 0 0 0 0 3 0 0 2 0 0 0 0 0 3 0 0 0 0 0 24 0 0 0 0 0 15 9 17 0 0 0 0 0 0 0 0 20 0 39 12 10 7 23 26 17 28 25 11 17 32 0 0 27 14 22 20 18 0 19 0 0 0 0 0 0 0 0 0 0 0 0 2 0 0 0 0 0 0 0 0 1 0 0 0 15 0 0 0 0 0 0 0 0 0 0 0 0 0 0 14 0 3 0 0 0 0 59 0 1 0 0 0 0 1 0 0 1 22 5 49 0 0 0 19 10 11 0 34 0 9 13 11 12 32 0 33 0 0 0 0 0 0 1 0 0 0 0 0 11 0 0 0 0 0 27 25 0 0 0 0 0 0 0 0 5 0 0 0 0 9 0 0 0 0 0 0 0 0 0 0 0 0 0 0 0 0 48 0 0 0 7 0 0 77 5 0 0 10 0 0 0 0 0 0 0 0 0 0 0 0 0 0 0 0 0 0 0 2 0 0 0 0 0 0 0 0 
 2 0 0 1 146 71 0 47 3 0 0 25 0 4 0 2 0 0 0 0 138 327 409 115 189 125 84 0 567 271 471 55 384 131 128 129 52 116 74 358 0 0 3 0 3 3 0 0 0 2 4 3 3 2 0 0 5 0 0 2 5 0 29 0 3 4 0 0 0 0 48 5 0 0 0 0 0 2 0 0 0 0 0 0 0 18 0 0 0 0 0 14 9 0 0 0 0 0 0 0 2 36 9 0 0 29 0 18 9 12 8 0 45 0 60 11 19 60 22 14 0 0 1 0 0 0 2 0 0 0 0 0 0 0 0 0 0 0 0 8 0 0 0 0 0 0 0 0 0 0 5 5 0 0 0 0 0 0 0 22 0 0 0 0 20 24 0 0 0 0 0 13 0 0 0 20 6 5 0 0 20 0 3 14 12 18 1 15 21 10 11 7 39 57 19 59 1 1 19 0 0 0 0 0 1 0 0 0 0 0 0 2 0 0 0 0 0 12 0 0 0 0 0 2 0 0 1 0 0 0 0 0 0 0 0 0 0 0 0 0 0 0 0 0 0 1 0 0 0 38 0 0 0 0 6 2 0 79 1 0 5 2 26 0 0 0 0 0 0 0 0 0 0 0 0 0 2 0 0 0 0 0 0 0 11 0 0 0 0 0 
 2 2 2 3 64 76 2 0 2 2 2 2 2 5 2 2 2 2 5 2 45 80 94 158 465 127 159 567 0 255 70 116 300 63 133 144 184 595 223 288 1 0 0 0 3 64 0 0 62 2 0 1 2 0 0 0 2 0 63 65 2 0 0 0 0 0 0 0 2 0 0 2 0 0 0 0 0 2 0 0 0 0 0 0 0 0 0 0 0 0 0 0 0 0 0 0 0 0 0 0 39 29 32 30 18 19 0 30 20 12 26 0 0 0 0 17 8 53 15 1 13 0 0 0 0 0 0 0 0 0 0 0 0 0 0 0 0 0 0 15 0 0 0 0 1 0 0 0 0 0 0 0 0 0 0 0 0 0 0 0 0 0 0 0 11 0 0 0 0 0 0 0 2 0 0 0 0 0 0 0 0 0 15 50 0 0 0 0 16 12 0 42 0 22 21 45 4 0 0 59 0 0 0 0 0 0 12 0 0 0 0 0 0 0 10 0 0 0 12 0 0 0 18 0 0 0 0 11 0 0 0 0 0 0 0 0 0 0 0 0 0 0 0 0 0 0 0 0 0 0 25 0 0 0 5 2 2 89 2 2 2 2 0 0 0 0 27 0 0 0 0 0 0 0 0 0 0 0 0 0 0 0 0 0 0 0 0 0 0 0 
 0 0 0 0 0 0 0 1 0 0 0 0 0 0 2 0 1 6 0 1 193 227 503 337 90 452 105 271 255 0 170 189 60 236 164 152 339 161 189 117 64 3 0 0 2 0 0 0 1 0 0 0 0 67 0 0 0 0 1 59 0 3 3 0 0 0 0 0 0 6 0 2 2 0 0 0 0 2 0 0 0 0 0 0 0 0 0 0 0 0 0 0 0 0 0 0 0 0 0 0 20 0 32 32 35 8 0 0 42 14 0 57 0 0 21 0 12 0 0 0 0 46 30 0 0 0 0 0 8 0 0 0 13 16 1 10 14 0 1 44 0 0 0 14 0 0 0 0 0 0 14 0 0 0 0 0 0 0 0 0 2 0 0 0 0 0 0 0 8 0 0 0 0 0 0 0 0 0 0 0 0 19 23 0 20 0 1 55 25 2 10 11 0 0 24 0 33 25 0 0 0 0 0 0 0 0 12 0 0 0 0 0 0 26 41 0 34 2 30 0 0 0 0 0 0 0 0 0 0 0 0 0 0 0 0 0 0 0 0 0 0 0 0 0 0 0 0 0 0 0 0 0 0 0 6 0 0 97 76 1 4 17 0 0 0 0 1 0 0 0 0 0 0 0 0 0 0 0 0 15 0 0 0 0 0 19 0 0 0 0 
 0 0 2 1 93 2 0 0 0 0 0 0 0 2 0 0 2 2 0 0 181 115 346 170 237 161 108 471 70 170 0 557 255 186 161 235 235 218 37 93 0 0 0 62 3 1 0 0 1 2 0 19 48 0 0 0 2 0 62 63 2 0 0 0 0 0 0 0 1 0 0 2 0 0 0 0 0 2 0 0 0 0 0 0 0 0 0 0 0 0 0 0 0 0 0 0 0 0 0 0 7 2 16 18 64 15 0 12 16 10 39 20 0 9 0 0 22 10 0 0 0 9 1 0 0 0 7 0 0 0 0 0 52 37 5 0 0 0 10 10 13 0 0 0 0 0 0 0 0 0 2 0 0 0 11 0 0 0 0 0 0 0 0 0 0 5 1 0 0 0 0 0 0 0 0 0 0 0 0 0 12 22 15 36 12 4 0 22 1 20 1 28 0 0 2 8 70 51 0 0 0 0 1 0 0 0 17 0 0 0 0 0 55 15 11 0 0 0 44 19 0 0 0 7 0 0 1 0 0 0 10 1 0 8 0 0 0 0 1 0 0 0 10 0 0 0 0 0 0 0 0 0 0 0 8 0 0 3 0 2 18 11 0 0 0 0 0 0 0 0 0 0 0 0 0 0 0 0 0 14 0 37 0 0 0 13 0 0 0 0 
 0 0 0 0 3 1 0 0 0 0 0 2 0 5 0 0 0 2 0 0 129 142 254 166 212 357 179 55 116 189 557 0 270 105 120 435 475 353 182 138 0 0 0 0 2 0 0 0 1 2 0 1 3 1 2 0 3 0 64 30 2 0 0 0 0 0 0 0 3 0 0 2 0 0 0 0 0 8 0 0 0 0 0 0 0 0 0 0 0 0 0 0 0 0 0 0 0 0 0 0 14 7 40 11 23 28 0 38 32 0 1 29 0 19 23 0 15 16 0 11 0 15 0 0 0 0 20 0 0 0 0 0 17 12 16 12 0 0 0 12 0 0 0 2 0 2 0 0 9 0 0 0 0 0 0 0 0 0 0 0 0 0 0 2 0 1 0 0 0 0 0 2 0 0 0 0 0 0 0 0 5 20 24 1 13 7 9 41 44 20 30 2 0 28 17 19 52 31 0 0 0 0 0 0 2 0 0 0 0 0 0 0 14 14 14 0 0 0 33 1 0 0 1 0 0 0 0 0 0 0 10 0 0 5 0 0 0 0 0 0 0 0 0 0 0 0 0 0 0 0 0 0 0 0 5 1 0 9 5 2 2 16 0 0 0 0 0 0 0 0 0 2 52 0 0 0 0 0 0 15 0 16 0 0 0 10 0 0 0 0 
 0 0 74 0 185 73 0 77 0 76 23 1 0 2 0 2 1 148 0 0 131 64 272 60 120 33 147 384 300 60 255 270 0 87 26 242 49 250 82 388 0 0 0 0 0 0 0 0 0 2 0 0 2 0 0 0 2 0 0 0 2 0 8 0 0 0 0 0 2 0 50 2 0 51 0 0 0 2 0 0 0 18 0 47 16 9 0 1 10 11 9 52 0 21 0 0 0 0 0 0 28 13 9 6 0 0 15 17 0 10 0 0 65 3 0 11 19 1 29 29 0 0 18 0 0 0 0 0 0 2 0 0 0 0 0 0 0 2 0 0 0 0 0 1 4 0 0 0 0 0 0 0 0 0 0 0 0 0 0 0 0 0 0 11 14 45 29 0 0 0 27 40 0 0 13 8 2 55 0 0 14 12 8 0 0 0 35 20 1 8 0 0 17 63 18 20 11 0 31 0 0 0 0 0 0 0 0 2 0 0 0 0 0 0 0 0 0 0 10 27 0 0 1 0 0 0 0 1 0 0 0 0 0 0 0 2 1 7 0 0 0 0 0 0 0 0 0 0 74 19 0 0 0 0 7 2 0 0 0 2 2 0 0 0 0 0 0 0 0 0 0 0 0 0 0 0 0 0 0 0 0 0 0 0 0 0 0 0 0 0 
 2 0 74 74 80 10 0 0 0 0 2 28 0 2 0 0 34 2 0 0 139 143 247 74 70 26 202 131 63 236 186 105 87 0 88 80 45 169 167 111 0 0 0 0 0 0 0 0 2 2 0 0 3 0 0 0 2 0 0 2 2 1 0 0 0 0 1 0 0 0 47 2 0 0 0 0 0 3 0 0 0 0 0 0 18 43 0 0 0 0 12 4 0 0 1 2 0 0 0 0 0 22 0 0 14 16 0 0 0 0 29 12 30 23 16 1 45 27 34 44 1 0 0 0 0 0 0 0 0 0 0 10 15 0 0 0 0 0 0 0 2 0 0 0 0 0 0 0 0 0 0 0 0 0 0 0 0 0 0 0 0 0 0 0 0 17 6 0 0 0 0 12 0 0 0 5 5 12 0 0 3 2 22 0 16 1 0 28 24 0 0 0 29 31 5 59 11 9 0 1 0 0 0 0 0 0 0 0 2 0 0 0 2 0 0 0 0 17 12 0 0 2 0 8 0 0 0 0 2 0 0 0 2 0 0 0 0 0 0 0 0 19 0 0 0 0 0 0 0 35 0 0 0 0 13 2 0 0 0 2 0 0 0 0 0 2 0 0 0 0 0 0 0 0 0 0 0 0 0 12 0 0 0 0 0 10 0 0 0 0 
 1 0 0 112 27 147 0 0 0 0 1 0 0 2 3 0 4 0 0 0 121 174 200 344 373 136 29 128 133 164 161 120 26 88 0 66 44 204 255 113 0 0 0 0 0 1 0 0 2 2 5 2 2 2 3 3 2 0 2 4 5 0 5 0 0 0 1 0 2 2 0 2 0 0 0 0 0 2 0 0 0 2 0 0 10 8 0 0 0 0 0 6 0 0 0 1 0 0 0 0 20 60 14 0 19 40 1 0 8 32 16 15 12 53 1 15 27 45 27 0 0 7 0 0 0 0 0 0 14 0 0 0 29 1 10 0 0 0 0 0 3 4 0 0 0 0 1 3 1 0 0 0 0 10 3 0 0 0 0 0 0 0 0 0 8 12 0 0 0 0 0 10 0 0 0 0 0 0 0 0 45 24 19 0 23 9 0 0 23 21 15 18 11 0 8 53 50 14 36 23 0 0 0 0 0 0 0 0 0 0 0 0 12 0 2 0 0 0 27 0 0 0 0 10 35 0 0 0 0 11 0 0 0 0 0 0 0 0 0 0 0 13 0 0 0 0 0 0 0 0 0 0 0 0 5 0 0 75 0 2 23 0 0 0 0 0 0 0 0 0 0 0 0 0 0 0 0 0 0 19 0 0 0 0 0 12 0 0 0 0 
 0 63 0 73 74 91 0 0 0 2 0 0 0 4 1 0 0 0 0 0 75 123 178 267 88 150 158 129 144 152 235 435 242 80 66 0 78 268 132 80 0 0 0 0 7 0 0 0 62 2 62 3 3 63 0 0 2 2 0 1 2 0 0 0 0 0 0 0 0 0 0 2 0 0 0 0 0 3 0 0 0 0 0 0 0 0 0 0 1 0 0 0 0 2 0 0 0 0 0 0 21 1 24 16 10 1 0 10 8 27 12 20 0 17 0 0 16 21 13 9 0 10 0 0 0 0 0 0 0 0 0 0 0 13 0 0 0 0 1 5 0 0 0 0 0 1 0 0 0 0 0 0 0 0 0 0 0 0 0 0 0 0 0 0 0 0 0 0 0 0 0 2 0 0 0 0 0 0 0 0 0 17 8 45 0 0 0 18 2 29 0 41 0 12 13 39 46 9 2 16 0 0 0 0 1 0 0 0 1 1 0 0 1 3 8 0 2 0 6 0 0 0 0 0 0 0 0 0 0 0 0 0 0 7 0 0 0 0 0 0 0 0 9 0 0 0 0 0 0 0 14 0 0 0 9 2 0 79 0 0 1 11 1 0 0 0 0 0 0 0 0 0 50 0 0 0 0 0 0 0 0 0 0 0 0 0 0 0 0 0 
 2 0 0 0 0 9 1 0 0 0 2 0 0 3 0 0 0 0 0 0 61 193 37 204 71 344 95 52 184 339 235 475 49 45 44 78 0 217 77 39 0 0 0 2 3 33 0 0 2 2 0 5 68 0 3 0 2 2 78 104 2 0 0 0 0 2 0 0 1 0 0 5 0 0 0 0 13 3 0 0 0 0 2 0 0 11 0 0 0 0 0 0 0 0 0 2 0 0 0 0 0 0 16 48 19 11 0 10 14 15 72 0 0 0 0 0 0 0 0 0 16 9 0 0 0 0 7 1 0 0 0 0 14 25 0 2 0 2 10 27 2 0 0 0 0 25 0 2 0 0 0 0 0 0 0 0 0 0 19 0 0 0 0 0 0 0 0 4 0 0 0 0 3 0 0 0 0 0 0 0 0 21 0 43 0 9 0 9 0 34 17 56 0 16 0 0 18 26 0 1 0 0 0 0 0 0 16 0 0 0 0 13 40 12 11 0 15 12 18 19 0 0 0 0 0 0 0 0 2 0 1 0 0 10 0 0 0 0 0 0 0 0 10 0 0 1 0 0 0 0 0 0 0 0 3 0 1 76 74 0 2 0 0 0 0 0 7 0 1 0 1 0 0 0 0 0 0 0 0 0 0 55 0 0 0 0 0 0 0 0 
 0 0 1 0 3 75 37 0 1 2 0 4 0 2 0 0 0 0 0 2 487 68 209 118 324 209 312 116 595 161 218 353 250 169 204 268 217 0 113 120 0 1 0 0 3 0 0 0 1 2 0 0 3 67 0 0 2 0 0 62 2 0 0 2 1 0 0 0 1 0 0 2 0 0 0 0 0 2 0 0 0 0 0 0 0 0 0 0 0 0 0 0 0 0 0 0 0 0 0 0 8 16 41 0 22 14 0 20 23 18 13 24 0 9 29 14 32 9 1 3 1 11 0 0 0 0 0 0 0 0 0 0 18 18 0 0 0 0 9 16 0 0 0 0 0 0 0 0 0 3 0 0 0 0 0 0 0 0 0 0 0 0 0 0 0 2 0 0 2 0 0 0 0 0 0 0 0 0 0 0 11 2 16 1 2 0 0 72 18 0 2 16 19 34 15 11 37 64 1 14 0 0 0 0 20 0 0 0 0 0 0 0 0 3 19 1 0 0 23 2 0 0 0 9 0 0 0 0 0 0 0 2 0 2 0 0 0 0 0 0 0 0 0 0 0 0 0 0 0 0 0 0 0 0 12 0 2 38 4 0 3 10 0 0 0 0 0 0 0 0 0 0 0 0 0 0 0 2 0 18 0 0 0 0 0 1 0 0 0 0 
 0 0 0 28 0 0 5 2 0 0 1 0 0 2 0 0 0 2 0 2 228 48 196 69 52 50 109 74 223 189 37 182 82 167 255 132 77 113 0 190 0 1 0 2 0 24 0 0 2 2 4 0 2 0 0 0 2 0 0 3 2 0 3 4 0 2 0 0 1 0 49 5 0 0 0 17 0 2 10 0 0 0 0 0 1 0 0 0 0 0 0 24 0 0 1 0 0 0 0 0 35 0 50 13 31 0 0 19 30 26 64 15 0 32 26 41 20 25 0 35 0 0 0 0 0 0 0 0 0 0 0 0 0 0 0 2 0 0 0 1 0 0 0 0 0 0 0 0 0 0 0 0 0 0 0 0 0 0 0 0 49 0 0 10 0 0 0 0 0 0 12 0 14 0 0 0 0 0 0 29 12 13 27 24 15 0 40 43 35 0 10 41 19 26 37 18 0 7 0 0 1 0 0 0 0 0 0 0 0 0 0 0 0 0 0 0 0 0 3 0 0 0 0 0 0 0 0 0 0 0 0 0 0 0 0 0 0 0 0 0 0 0 0 0 0 0 0 0 73 0 13 0 0 0 11 1 0 79 156 0 0 0 0 0 0 0 0 0 0 0 0 0 0 0 0 0 0 0 0 0 0 0 0 0 0 0 0 0 0 0 
 0 0 1 0 4 78 0 0 0 0 3 4 0 0 2 0 114 19 6 0 202 50 195 91 171 64 263 358 288 117 93 138 388 111 113 80 39 120 190 0 0 3 0 0 61 0 3 65 63 2 0 0 2 0 0 0 2 2 0 0 5 0 3 6 0 0 0 0 5 0 53 2 0 1 3 2 0 2 0 0 0 0 0 23 9 0 0 0 0 13 0 4 0 0 0 13 0 0 0 0 12 2 0 0 0 0 15 11 13 0 0 12 17 1 54 20 20 0 31 13 0 0 0 0 0 2 0 0 2 0 2 0 0 0 0 0 0 0 0 0 0 0 0 3 2 0 0 0 15 0 0 0 2 3 1 0 0 2 0 1 0 11 0 1 0 9 2 0 17 0 1 1 0 0 0 7 0 12 0 1 23 21 18 0 20 0 21 32 24 7 48 0 20 12 26 20 0 21 3 0 0 0 0 0 0 0 0 0 0 0 0 0 0 0 0 0 0 0 0 21 0 0 0 0 0 0 0 0 0 0 0 0 0 0 0 0 0 0 0 0 0 0 0 0 0 0 0 0 1 7 0 0 0 0 0 2 2 2 76 0 4 19 0 0 0 0 0 0 0 0 0 0 44 0 0 0 0 0 0 0 0 0 0 0 0 0 0 0 0 0 
 7 3 3 0 3 3 3 0 3 4 3 6 3 5 6 3 3 6 3 3 0 0 0 0 62 56 0 0 1 64 0 0 0 0 0 0 0 0 0 0 0 366 124 397 53 250 106 230 452 105 42 86 46 188 51 125 88 55 255 253 0 2 0 0 5 0 0 0 0 3 2 0 0 0 0 0 0 3 0 0 0 0 0 0 0 0 0 0 0 0 0 0 0 0 0 0 0 0 0 0 0 0 0 12 0 5 17 0 0 0 0 0 0 0 0 0 0 0 0 0 0 7 38 15 45 16 0 21 20 24 30 38 0 11 15 22 0 9 23 6 1 0 0 0 0 0 16 0 0 0 0 0 3 0 0 0 0 0 10 9 0 0 0 9 0 0 0 3 0 0 0 0 0 0 0 0 0 0 0 0 0 0 0 0 1 0 0 0 45 0 0 0 0 0 0 0 0 0 0 0 21 10 10 18 14 0 18 10 4 3 9 1 0 0 10 19 9 6 0 0 0 0 0 0 0 0 22 0 0 0 0 0 0 0 0 0 0 0 3 25 0 0 0 0 0 0 0 0 0 0 0 7 0 2 0 0 0 0 0 11 0 0 33 67 0 4 2 0 0 0 0 0 0 0 0 0 0 0 0 0 0 0 0 0 0 0 15 0 2 0 
 0 0 0 1 0 2 0 0 0 0 0 0 0 0 0 2 29 0 0 0 4 0 3 0 2 0 0 0 0 3 0 0 0 0 0 0 0 1 1 3 366 0 105 141 99 247 167 166 115 51 87 114 43 29 123 138 96 121 266 50 0 1 0 0 0 1 0 0 0 0 0 0 0 3 0 0 0 1 0 205 0 0 0 0 1 0 0 0 0 0 0 0 0 0 0 0 0 0 0 0 1 1 0 0 0 0 0 0 0 0 0 10 0 14 2 4 3 2 0 0 1 11 72 0 0 0 17 12 0 40 44 29 0 0 3 0 0 13 17 0 10 0 6 0 0 0 15 0 0 0 0 0 0 0 0 0 0 0 2 2 0 0 0 0 0 0 0 0 0 0 0 0 0 0 0 0 0 0 0 0 0 4 2 0 0 1 7 0 0 0 0 1 1 0 0 0 0 6 0 0 0 20 31 15 9 20 0 19 11 50 5 23 3 20 0 18 15 29 0 0 0 0 0 0 0 0 0 4 0 0 0 0 1 2 0 0 0 0 0 0 0 0 0 0 0 0 0 0 0 0 0 7 0 2 0 0 0 0 0 1 0 0 2 13 2 7 1 38 0 0 0 0 0 0 0 0 0 0 0 0 0 4 0 0 14 6 0 9 0 0 
 0 0 0 0 2 0 0 0 0 0 0 0 0 0 0 0 0 2 2 0 0 0 0 0 0 0 3 3 0 0 0 0 0 0 0 0 0 0 0 0 124 105 0 281 108 32 163 97 267 181 309 32 63 80 250 24 195 170 158 57 3 4 0 0 0 0 0 0 0 0 7 0 4 3 0 0 0 0 0 5 0 0 0 0 0 0 0 0 0 0 0 0 0 0 0 0 0 0 0 0 0 0 0 0 3 0 0 0 0 0 0 7 0 0 0 0 0 0 0 0 0 0 19 34 34 23 0 20 0 19 3 10 0 0 0 15 22 0 1 0 13 0 5 15 1 0 7 0 0 0 0 0 0 3 0 7 0 0 0 38 0 0 0 0 0 0 0 0 0 0 0 0 0 0 0 0 0 0 11 0 0 0 0 0 0 0 0 12 0 0 0 0 0 0 0 0 0 0 0 0 10 10 30 21 28 16 12 15 23 20 55 9 0 0 0 25 60 0 0 0 24 1 0 21 0 0 17 3 4 1 0 1 20 51 19 0 0 0 0 1 17 0 0 0 0 0 10 0 0 0 0 2 1 0 0 0 0 0 0 2 0 0 0 0 2 2 0 1 0 0 0 0 0 0 0 0 0 0 0 0 0 0 0 0 0 12 2 2 0 0 
 0 0 0 10 0 2 0 0 0 0 0 5 0 4 0 0 0 4 0 0 0 0 56 1 0 0 0 0 0 0 62 0 0 0 0 0 2 0 2 0 397 141 281 0 321 38 175 230 79 194 47 45 67 86 354 122 164 90 144 83 0 0 0 0 1 0 0 0 0 0 0 0 0 6 0 0 0 0 8 0 0 8 0 0 0 0 0 0 0 0 0 0 0 0 0 0 0 0 0 0 0 0 0 0 0 0 0 0 0 0 0 0 0 0 0 0 0 0 0 0 0 0 18 10 9 18 0 17 24 4 55 5 0 11 0 1 9 14 0 0 12 0 0 0 0 0 15 0 0 0 0 0 0 0 0 0 0 0 0 1 0 0 0 6 0 0 0 0 0 0 0 0 0 0 0 0 0 0 0 0 0 0 0 0 0 0 0 0 0 0 0 0 0 0 0 0 0 0 0 0 8 5 17 8 75 8 8 8 0 15 24 0 0 0 0 4 10 6 0 0 0 0 0 0 0 0 8 0 0 0 0 0 16 26 0 0 0 0 0 5 0 0 0 0 0 0 0 0 0 0 0 8 0 0 0 0 0 0 0 16 0 0 13 1 2 10 2 64 0 0 0 0 0 0 0 0 0 0 0 0 0 0 0 12 0 30 0 0 0 0 
 0 0 0 2 0 3 0 2 0 0 0 0 0 2 0 0 0 3 0 0 0 0 0 6 5 6 0 3 3 2 3 2 0 0 0 7 3 3 0 61 53 99 108 321 0 161 51 75 79 157 200 352 52 77 90 157 53 50 273 302 0 0 0 0 0 0 50 21 0 0 24 0 20 0 0 0 0 0 0 0 0 0 0 0 0 0 0 0 0 0 0 0 0 0 0 6 0 0 0 0 0 6 7 0 0 6 0 5 0 0 0 0 0 0 0 0 0 0 0 0 0 0 0 0 7 0 0 0 0 0 0 8 0 0 0 0 0 11 0 3 30 0 0 26 0 0 14 0 0 0 0 0 42 0 26 0 0 30 0 9 0 0 0 0 0 0 0 0 0 0 0 0 0 0 0 0 0 0 0 0 0 0 0 0 4 0 0 3 0 0 0 4 0 5 0 4 0 0 0 0 0 0 0 1 13 14 0 0 14 1 17 31 0 0 0 0 13 0 0 0 22 20 13 0 0 0 8 6 2 27 0 0 10 32 11 1 1 0 7 24 6 0 0 0 0 0 0 0 0 0 0 7 0 0 0 0 0 0 4 1 0 2 2 3 38 0 5 0 2 0 0 0 0 13 0 0 0 0 0 0 0 0 0 0 56 0 0 0 0 0 
 3 3 3 2 5 3 3 2 3 3 2 5 3 3 3 3 3 5 3 3 0 1 0 0 1 0 62 3 64 0 1 0 0 0 1 0 33 0 24 0 250 247 32 38 161 0 28 315 46 114 281 131 40 337 62 109 78 109 255 251 1 2 1 0 0 2 3 4 48 0 6 2 3 7 51 0 2 0 61 0 0 0 0 0 0 0 0 0 0 0 0 0 0 0 0 0 0 0 0 0 0 0 20 15 0 0 0 0 0 1 22 0 0 0 0 0 0 0 0 0 0 0 0 0 5 2 0 0 7 0 0 18 0 0 0 0 0 1 0 0 1 0 0 0 0 0 10 3 0 0 0 0 27 18 0 0 13 0 28 13 0 0 0 0 0 0 0 0 0 0 0 0 5 0 0 0 0 0 0 0 23 0 0 10 0 0 0 0 0 0 0 23 0 5 0 0 0 0 0 0 0 0 0 0 0 0 0 0 10 0 0 33 0 0 0 0 0 0 0 0 0 10 24 35 0 22 14 3 24 1 0 0 10 9 0 6 0 0 34 13 9 0 0 0 0 0 0 0 0 0 0 6 0 3 0 0 2 0 63 0 0 0 4 56 66 1 2 0 0 0 0 0 0 0 0 0 0 0 0 0 0 0 0 0 11 0 0 0 1 0 
 0 0 0 0 0 0 0 0 0 0 0 0 0 2 3 0 0 3 10 0 0 0 0 0 0 0 0 0 0 0 0 0 0 0 0 0 0 0 0 3 106 167 163 175 51 28 0 203 405 93 103 332 207 329 415 304 172 146 197 197 0 5 0 0 0 2 0 0 0 0 1 0 0 0 0 0 0 0 0 0 0 0 0 0 0 0 0 0 0 0 0 0 0 0 0 0 0 0 0 0 0 0 0 0 2 0 0 0 0 17 0 0 0 0 14 0 0 0 0 0 2 0 20 15 0 0 7 1 0 8 20 22 0 6 44 30 12 1 25 0 0 0 0 0 0 0 0 0 2 0 0 0 6 0 0 0 0 0 1 0 0 0 0 0 0 0 0 0 0 0 0 0 0 0 0 0 0 0 6 0 0 0 0 0 0 22 0 0 0 0 0 0 0 0 0 0 0 0 0 2 32 5 69 20 4 10 10 24 23 33 28 0 9 27 7 20 42 39 0 17 0 0 0 0 0 0 0 0 0 0 0 0 1 0 0 0 0 0 0 16 0 0 61 0 0 0 0 0 0 0 0 3 0 2 0 0 0 0 0 0 0 0 5 0 0 2 2 2 0 0 0 0 0 0 0 0 0 0 0 0 0 1 0 12 0 0 0 5 2 8 
 0 0 0 0 0 2 0 0 0 0 0 0 0 0 0 0 0 0 0 0 0 2 0 0 0 0 0 0 0 0 0 0 0 0 0 0 0 0 0 65 230 166 97 230 75 315 203 0 96 263 240 68 85 180 111 179 96 116 108 75 0 0 0 0 0 4 0 0 0 33 3 0 0 0 0 0 0 0 0 0 0 0 0 0 0 0 0 0 0 0 0 0 0 0 0 0 0 0 0 0 0 0 0 0 0 21 0 10 0 0 0 0 0 0 0 0 0 0 0 0 0 18 6 29 13 78 13 18 1 0 11 23 15 9 15 9 22 6 0 0 0 0 0 0 10 0 8 0 0 0 1 0 3 0 0 0 0 1 6 6 0 0 0 4 0 0 0 0 0 0 0 0 0 0 0 0 0 0 0 0 0 0 0 0 23 13 0 0 0 0 0 0 0 0 0 0 0 0 0 0 0 6 6 0 1 0 0 15 6 0 0 9 0 17 0 0 0 7 0 0 0 0 0 0 0 0 20 0 0 0 0 0 0 0 0 0 0 0 0 11 0 0 0 0 0 0 0 0 0 0 0 16 0 0 0 0 0 0 0 10 0 0 66 65 1 8 2 0 2 0 5 0 0 0 0 5 0 0 0 0 0 0 0 0 0 0 0 0 0 0 
 2 2 2 0 65 31 2 0 2 2 2 72 3 6 2 2 2 12 2 2 2 1 0 0 0 0 62 0 62 1 1 1 0 2 2 62 2 1 2 63 452 115 267 79 79 46 405 96 0 149 45 27 209 175 382 328 141 113 79 90 0 6 2 0 0 0 0 0 0 0 1 0 0 0 0 0 4 0 3 3 0 0 0 0 0 0 0 0 0 0 0 0 0 0 0 0 0 0 0 0 12 0 0 0 0 0 0 1 1 0 0 0 0 0 15 0 1 0 19 0 0 0 6 11 0 1 10 0 0 10 9 0 0 6 7 12 19 15 0 0 11 0 2 0 1 0 0 0 0 0 0 0 0 0 0 0 0 0 0 0 0 0 0 0 0 0 3 0 0 0 0 0 0 0 0 0 0 0 8 0 0 0 0 14 0 0 0 0 0 14 0 0 5 9 3 0 0 0 0 8 20 0 41 33 9 12 8 0 36 16 14 8 0 0 0 0 22 0 0 0 0 0 0 0 0 0 9 9 0 0 0 0 0 0 0 0 0 0 0 0 0 0 8 0 0 0 0 0 0 0 0 8 63 0 0 0 0 61 0 1 0 0 2 1 0 1 1 0 0 0 0 0 0 0 0 0 0 0 0 0 0 0 0 0 13 12 0 0 0 0 
 0 0 0 0 3 0 0 0 0 0 0 2 0 2 3 0 0 2 0 0 2 2 2 2 2 2 2 2 2 0 2 2 2 2 2 2 2 2 2 2 105 51 181 194 157 114 93 263 149 0 132 101 39 225 127 136 52 188 90 181 0 2 0 0 0 55 4 0 6 6 2 0 0 0 0 0 0 0 0 5 0 0 0 0 0 8 0 1 0 0 0 0 0 0 0 0 0 0 0 0 0 0 0 0 10 0 0 0 0 0 0 0 0 0 0 0 0 0 1 0 0 0 11 10 7 5 0 0 16 2 20 23 0 14 4 9 0 1 11 0 10 0 0 0 0 0 22 0 1 0 0 0 34 1 0 0 3 0 8 13 0 0 0 3 5 0 0 5 0 0 0 0 0 0 0 0 0 0 0 0 0 0 0 0 0 0 0 0 0 0 0 0 0 0 0 0 0 0 0 0 0 0 17 7 38 3 0 0 18 15 10 23 0 0 0 0 0 10 0 0 7 0 0 0 0 0 21 2 0 10 0 0 10 67 0 0 0 0 16 25 6 0 0 0 0 0 0 0 0 0 0 3 0 0 0 0 0 0 0 21 0 0 38 1 80 7 0 0 0 0 0 0 0 0 0 0 0 0 0 0 0 0 0 0 25 5 0 0 0 0 
 0 0 0 3 0 1 0 0 0 0 0 0 0 2 0 0 0 0 0 0 2 3 0 0 0 0 0 4 0 0 0 0 0 0 5 62 0 0 4 0 42 87 309 47 200 281 103 240 45 132 0 159 118 51 90 67 95 209 273 85 0 2 0 0 0 2 53 52 3 0 6 3 55 0 0 0 0 0 0 52 0 0 0 0 2 3 0 0 0 0 6 0 0 0 20 0 0 10 0 0 0 0 0 0 0 0 0 0 0 0 0 2 0 4 0 6 5 2 4 0 0 0 0 11 30 0 10 0 0 0 0 9 0 0 0 19 11 1 0 0 41 0 17 0 0 0 9 15 0 0 0 0 18 0 33 0 14 0 0 10 0 0 0 0 0 0 0 0 0 0 0 0 0 0 0 0 0 0 40 0 5 0 0 0 0 0 1 0 0 0 0 0 5 0 0 0 0 0 0 5 11 0 1 13 0 29 10 0 24 0 5 37 0 0 0 0 1 0 0 0 22 0 10 0 0 0 0 1 22 18 0 0 0 20 0 1 0 15 32 14 15 5 0 0 0 0 0 0 0 0 0 14 0 1 0 0 0 0 0 0 0 1 0 0 68 0 2 0 2 0 0 0 0 0 0 0 0 0 0 0 0 3 0 0 20 0 0 0 0 0 
 0 0 0 0 0 0 0 0 0 0 0 7 0 0 0 0 0 2 63 0 0 2 0 0 0 0 0 3 1 0 19 1 0 0 2 3 5 0 0 0 86 114 32 45 352 131 332 68 27 101 159 0 44 97 281 141 188 74 236 52 1 4 0 0 1 4 3 1 6 0 2 0 6 16 61 0 0 0 0 52 0 0 0 0 0 0 0 0 0 0 0 0 0 0 0 0 1 0 0 0 0 0 0 3 14 0 0 0 0 5 11 0 0 0 0 0 0 0 0 0 0 0 0 10 20 21 0 23 11 18 21 0 5 11 0 3 0 11 4 0 0 21 6 0 0 0 0 8 2 0 0 0 0 20 0 0 25 0 0 0 0 0 0 0 0 0 0 0 0 0 0 0 0 0 0 0 0 0 1 8 0 0 0 6 0 0 0 0 0 2 0 1 0 0 0 0 38 0 0 0 10 0 9 1 4 17 1 0 9 11 0 24 4 1 0 15 0 5 0 0 3 0 0 0 0 0 5 0 0 15 9 0 0 0 0 6 0 0 35 0 0 0 7 0 0 0 0 0 0 0 2 10 0 1 0 0 0 0 0 5 0 1 0 4 0 6 4 62 0 0 0 0 0 0 0 0 0 0 0 0 0 6 0 0 0 11 0 0 0 0 
 0 0 0 0 0 0 0 0 0 0 0 0 4 0 0 2 0 0 0 0 2 3 2 66 68 132 3 3 2 0 48 3 2 3 2 3 68 3 2 2 46 43 63 67 52 40 207 85 209 39 118 44 0 147 90 48 104 109 148 52 0 21 0 0 0 0 0 0 0 0 1 0 0 0 0 0 0 0 0 0 0 12 0 0 0 0 0 0 0 0 0 0 0 0 0 0 0 0 0 0 0 0 12 23 0 0 0 0 0 0 0 0 0 0 0 0 0 0 0 0 44 29 0 11 0 0 24 1 13 0 0 0 7 12 15 38 21 47 6 2 0 0 0 0 0 0 0 0 3 0 0 0 0 0 0 0 14 0 0 0 0 0 0 0 0 0 0 0 0 0 0 0 0 0 0 0 0 0 6 0 0 0 0 13 9 18 0 0 11 0 0 12 0 0 0 0 0 8 0 0 52 15 7 25 0 11 14 8 18 0 20 0 0 12 22 0 18 17 6 19 0 2 0 0 0 0 0 0 0 0 0 0 0 0 0 0 0 0 0 0 0 0 6 0 0 0 0 0 0 0 0 9 0 0 0 0 0 0 0 0 0 0 1 0 0 1 0 0 1 0 16 0 0 0 0 0 0 0 0 0 0 0 0 0 3 0 0 0 1 0 
 0 0 0 3 5 2 0 3 0 1 0 0 3 0 0 1 1 2 1 1 0 0 4 1 1 2 0 2 0 67 0 1 0 0 2 63 0 67 0 0 188 29 80 86 77 337 329 180 175 225 51 97 147 0 272 130 313 107 328 608 0 28 0 0 0 0 0 0 0 32 38 0 0 0 0 0 0 0 0 0 0 0 0 0 0 0 0 0 0 0 0 0 0 0 0 0 0 0 0 0 0 0 0 0 12 12 0 0 7 0 1 11 0 0 4 0 0 0 0 0 9 8 0 19 23 26 1 41 4 0 0 9 9 26 16 8 0 0 19 0 0 0 0 0 0 0 4 0 2 0 2 0 5 0 0 0 0 0 0 0 0 0 0 0 0 0 0 0 0 0 0 0 0 0 0 0 0 21 0 0 0 0 0 1 0 0 0 0 0 0 1 0 0 0 0 0 0 0 0 0 0 0 0 8 0 1 0 1 9 0 0 13 0 14 11 0 0 10 0 9 0 0 0 0 0 11 21 0 0 0 1 0 0 0 0 0 0 0 0 8 0 0 7 0 0 0 0 0 0 0 0 19 0 0 0 0 0 0 0 0 0 0 63 0 3 5 0 0 2 0 13 0 0 0 0 7 0 0 0 0 0 0 0 0 1 0 1 20 0 0 
 0 0 0 0 0 0 62 0 0 0 0 0 0 2 0 0 0 4 0 0 0 0 0 0 0 0 0 0 0 0 0 2 0 0 3 0 3 0 0 0 51 123 250 354 90 62 415 111 382 127 90 281 90 272 0 368 137 48 137 124 0 18 0 0 0 2 2 0 6 6 0 0 4 0 204 0 0 0 0 0 0 0 0 0 0 0 0 0 0 0 0 0 0 0 0 0 0 0 0 0 0 0 0 0 1 3 0 0 0 0 0 0 13 0 0 0 0 0 0 0 11 0 32 21 0 0 2 2 0 19 19 0 7 8 13 6 44 19 0 11 0 0 6 0 1 0 0 0 0 0 0 0 0 0 0 0 0 0 0 0 0 0 0 0 0 0 0 0 0 0 0 0 0 0 0 0 0 0 32 0 0 0 0 0 1 10 0 0 0 0 0 0 0 0 0 0 0 0 0 0 19 0 11 13 20 0 17 18 0 59 20 0 1 18 0 46 54 12 16 0 0 0 0 0 0 0 11 7 0 0 0 0 0 0 0 38 0 0 0 0 0 0 0 0 0 0 0 0 0 0 0 16 0 0 0 0 0 0 0 0 0 0 0 0 0 2 3 0 0 0 0 0 0 0 0 0 0 0 0 0 0 0 0 0 18 0 0 12 0 69 
 0 0 20 0 0 0 0 0 0 0 0 0 0 0 0 5 0 0 0 0 0 0 0 0 0 0 0 0 0 0 0 0 0 0 3 0 0 0 0 0 125 138 24 122 157 109 304 179 328 136 67 141 48 130 368 0 128 105 48 81 0 2 8 0 1 0 0 0 0 8 5 1 0 4 2 2 0 0 0 3 0 0 0 0 0 0 0 0 0 0 0 0 0 0 0 0 0 0 0 0 0 0 0 19 0 0 0 0 0 0 0 0 0 0 0 0 0 0 0 0 0 0 50 0 0 8 0 9 29 23 101 6 0 0 0 0 13 15 0 0 4 0 5 0 0 2 25 0 0 0 4 0 19 0 0 0 0 3 0 9 0 0 11 9 0 27 0 0 0 0 0 0 0 0 0 0 0 0 0 0 0 0 0 0 0 0 0 0 0 0 0 0 0 0 0 0 0 0 0 0 15 0 14 11 49 10 1 13 30 42 1 3 0 0 0 6 1 21 0 0 0 0 0 0 0 16 22 0 5 0 4 22 0 6 0 0 0 0 6 0 1 0 0 0 0 0 0 0 0 0 0 4 0 0 0 0 0 0 0 4 0 0 3 1 63 12 1 63 0 0 2 0 0 0 0 11 0 0 0 0 0 0 0 0 40 20 0 0 0 0 
 0 0 0 0 0 0 0 0 0 0 0 0 0 0 0 0 0 0 0 0 2 2 2 2 2 2 2 5 2 0 2 3 2 2 2 2 2 2 2 2 88 96 195 164 53 78 172 96 141 52 95 188 104 313 137 128 0 88 47 32 23 6 0 0 0 0 0 0 0 2 1 1 7 4 0 0 57 0 0 7 0 0 0 0 0 0 0 14 0 0 0 0 0 0 0 30 0 0 0 0 0 0 0 0 0 0 0 0 0 0 0 0 0 0 0 0 0 0 0 0 0 0 19 22 20 18 12 18 8 29 14 1 0 0 0 6 28 11 0 0 17 0 5 5 0 0 9 0 0 0 0 0 0 1 0 0 0 0 0 7 0 0 0 0 0 0 0 0 0 0 0 0 0 0 0 0 0 0 1 0 0 0 12 0 0 0 0 0 0 0 0 0 0 0 0 0 0 0 0 0 93 26 8 36 7 25 17 13 16 47 12 16 0 0 0 65 3 4 0 0 3 0 0 0 0 0 19 24 15 0 0 0 0 0 9 0 1 0 0 0 0 0 10 0 0 0 0 0 0 0 2 6 0 2 0 0 0 0 0 2 0 0 1 52 2 4 2 62 0 0 0 0 0 0 2 0 3 0 0 0 0 0 0 0 5 10 0 10 0 0 
 0 0 0 0 2 1 0 0 0 0 0 1 0 2 0 0 0 1 2 0 0 0 2 0 0 0 0 0 0 0 0 0 0 0 0 2 2 0 0 2 55 121 170 90 50 109 146 116 113 188 209 74 109 107 48 105 88 0 36 311 0 0 0 1 0 6 0 0 1 0 1 0 1 3 0 0 5 1 0 0 0 0 0 0 0 0 0 0 0 0 0 0 0 0 0 0 0 0 0 0 0 0 0 0 0 0 0 0 0 0 0 0 0 0 0 0 0 0 0 0 1 2 0 35 0 4 22 21 0 10 24 31 0 29 16 32 14 14 13 0 74 0 0 0 0 0 6 0 6 0 0 0 25 1 1 0 0 13 4 8 0 0 0 0 0 0 0 0 0 0 0 0 0 0 0 14 0 0 3 0 0 0 0 0 0 0 0 0 0 13 0 0 0 0 0 8 0 0 0 0 19 13 24 20 13 14 21 0 18 5 29 25 0 0 0 1 0 1 0 0 14 0 0 0 0 0 0 0 0 0 0 0 16 30 0 0 0 0 9 29 1 0 0 0 0 0 0 0 0 0 0 9 0 2 0 0 0 0 0 3 0 0 53 8 47 1 0 63 0 0 2 0 0 0 0 0 0 0 0 0 0 4 0 0 28 11 0 0 0 0 
 0 0 0 0 0 0 0 0 0 0 0 0 2 0 0 0 0 3 0 0 2 159 0 154 53 0 2 0 63 1 62 64 0 0 2 0 78 0 0 0 255 266 158 144 273 255 197 108 79 90 273 236 148 328 137 48 47 36 0 110 0 2 0 0 0 0 0 0 51 33 4 0 0 0 0 0 0 0 0 0 0 0 0 0 0 0 0 0 0 0 0 0 0 0 0 0 0 0 0 0 0 0 0 0 0 12 0 12 15 0 12 0 0 0 0 0 0 0 0 0 47 0 20 10 0 0 10 1 0 0 24 0 0 0 0 0 13 0 0 50 0 0 0 0 10 0 0 0 0 0 1 0 0 0 0 0 0 1 0 0 0 0 0 0 0 0 0 0 0 0 0 0 0 0 0 0 0 0 2 0 0 11 3 18 0 0 0 0 0 14 13 18 0 0 0 0 0 19 7 5 30 0 8 9 10 1 29 35 0 20 7 0 20 19 2 27 26 20 22 18 0 0 0 0 0 9 0 0 0 0 44 0 0 7 0 0 0 0 0 0 0 0 0 0 0 0 0 0 0 0 0 7 0 1 0 0 0 67 0 0 0 2 0 0 0 4 6 0 2 0 7 0 0 0 0 6 0 0 0 0 0 9 0 0 0 0 0 10 0 0 
 0 0 0 7 2 5 0 0 0 0 0 0 0 0 2 0 1 2 0 0 2 138 63 127 0 62 0 2 65 59 63 30 0 2 4 1 104 62 3 0 253 50 57 83 302 251 197 75 90 181 85 52 52 608 124 81 32 311 110 0 0 0 0 0 0 0 0 6 1 8 0 0 0 0 0 0 8 0 0 0 0 0 0 0 6 6 0 0 0 0 0 0 0 1 0 0 0 0 0 0 0 0 9 60 34 9 0 0 7 0 0 20 0 5 0 6 4 4 6 1 31 12 16 8 0 0 0 14 15 0 4 23 30 38 22 25 0 0 14 31 10 0 0 0 0 0 0 0 3 0 0 0 5 0 0 0 0 0 0 0 0 0 0 0 0 0 0 0 0 0 0 0 0 0 0 0 0 0 0 0 7 0 0 0 0 1 0 0 18 0 0 0 6 0 0 10 52 0 0 9 0 0 0 0 0 0 13 10 11 0 0 0 0 0 16 7 32 38 0 7 0 0 0 0 0 0 0 0 0 0 0 0 0 0 0 0 0 0 0 11 0 5 0 0 0 0 0 0 0 0 0 11 0 0 0 0 0 63 0 3 0 0 64 0 0 3 3 0 0 0 10 0 0 0 0 0 0 0 0 19 0 0 0 0 0 15 0 0 1 0 
 0 0 0 0 6 0 0 0 0 0 0 0 0 0 1 0 0 0 0 0 2 2 2 2 2 2 2 5 2 0 2 2 2 2 5 2 2 2 2 5 0 0 3 0 0 1 0 0 0 0 0 1 0 0 0 0 23 0 0 0 0 149 303 115 41 37 129 91 46 247 243 122 105 135 157 148 109 270 118 102 2 0 0 0 0 0 6 0 0 0 0 0 0 0 0 0 0 0 0 12 0 0 0 0 0 0 0 0 0 0 0 0 0 0 0 0 0 0 0 0 0 0 0 4 8 15 0 0 0 13 0 0 0 0 0 2 0 0 0 0 14 16 2 20 53 5 8 0 3 18 11 0 0 9 8 9 57 9 0 8 3 0 0 0 0 0 0 0 0 0 0 0 0 0 2 0 0 0 0 0 0 0 0 0 0 0 0 0 0 0 0 0 0 0 0 0 0 0 0 0 0 0 0 0 0 8 0 0 0 0 0 12 0 0 0 0 0 0 0 0 8 7 1 1 6 21 4 50 9 0 9 4 11 0 18 16 16 8 0 0 1 0 0 0 0 0 0 0 0 0 0 2 0 29 8 0 23 0 0 0 0 0 0 54 0 0 0 0 0 0 13 0 0 10 2 0 0 0 0 0 0 0 0 0 0 0 0 0 0 0 
