 0 259 274 261 26 234 303 69 164 257 73 155 138 245 57 137 291 106 42 211 2 3 2 0 2 0 3 3 3 0 1 0 5 1 4 4 0 0 75 0 0 2 0 0 0 2 0 0 1 2 2 2 0 0 2 2 0 2 0 0 2 0 9 0 37 5 0 3 0 0 2 1 0 0 0 0 0 1 1 0 14 2 10 23 1 30 0 44 19 22 49 32 0 1 5 19 10 13 0 0 0 1 0 0 0 19 0 0 0 0 0 0 3 1 0 2 0 0 0 16 0 0 0 0 0 0 0 0 0 12 0 0 0 0 0 0 0 0 2 0 0 0 0 0 0 0 0 0 0 0 0 0 0 0 0 0 0 0 10 0 18 1 31 19 9 50 12 19 22 35 13 24 2 13 50 0 30 23 0 0 0 0 0 0 0 0 0 0 0 2 0 0 2 0 0 0 0 0 0 0 0 0 0 0 0 0 0 0 0 0 0 0 0 0 0 0 0 0 0 0 0 0 0 0 0 0 0 0 0 0 0 0 0 0 0 0 0 0 0 0 0 0 0 0 0 1 58 0 11 88 0 6 14 16 0 0 0 0 0 0 0 0 0 0 0 0 6 0 0 0 0 0 0 0 0 0 18 0 0 0 0 0 0 0 0 0 0 0 0 0 
 259 0 420 66 79 215 164 83 144 235 122 122 26 50 121 84 40 227 57 43 0 7 75 0 0 0 1 0 0 0 0 0 3 2 3 3 206 0 74 74 0 4 0 0 0 6 0 2 7 0 2 0 0 0 0 2 1 2 0 0 50 2 2 0 3 0 6 3 0 0 2 2 0 9 3 0 0 4 2 0 20 12 0 3 24 31 0 0 23 26 17 4 0 11 12 40 29 27 0 0 0 0 0 0 0 0 0 0 0 0 0 0 17 2 0 0 0 0 0 1 0 0 0 0 0 0 0 0 0 0 0 30 0 1 0 0 0 0 0 0 0 0 0 1 0 0 0 0 0 0 0 2 0 0 0 0 0 1 0 0 0 29 8 0 0 32 0 0 1 0 0 0 0 9 8 0 0 0 0 11 0 0 0 1 0 0 4 0 0 0 0 0 11 3 0 0 0 0 0 0 0 0 0 7 0 0 0 0 0 0 0 0 0 1 0 0 0 0 0 0 0 0 0 0 0 1 0 0 0 0 0 0 0 0 0 0 0 0 0 0 0 0 0 0 0 0 89 2 1 0 22 24 0 0 0 0 0 0 0 0 0 0 0 0 0 0 0 0 0 2 0 0 0 0 0 6 0 0 0 0 0 0 0 0 0 0 0 0 0 1 
 274 420 0 199 137 118 205 296 177 159 62 485 64 356 340 460 140 154 478 150 0 3 0 0 0 0 0 0 75 0 0 1 3 2 3 3 0 0 85 149 0 0 0 0 0 0 0 0 0 0 2 0 0 0 0 0 0 2 0 0 0 0 2 0 3 0 0 3 0 41 2 1 0 0 0 0 0 0 0 0 0 11 38 0 8 1 1 12 13 33 36 1 0 0 0 0 23 21 0 0 0 0 0 1 0 0 0 0 0 0 17 0 24 0 0 0 0 0 0 0 0 0 0 0 0 0 0 0 1 1 0 0 0 0 0 0 0 0 0 0 1 0 0 0 0 0 0 2 0 0 0 0 0 0 0 0 0 0 0 0 0 0 9 16 8 0 0 0 3 10 10 26 0 0 0 18 12 40 2 14 0 0 0 0 0 0 0 0 0 0 2 0 59 10 0 0 0 0 0 43 0 0 0 0 0 0 0 0 0 0 0 0 0 1 0 0 0 0 0 0 0 0 0 0 0 0 12 0 0 0 0 0 0 0 0 20 0 0 0 0 0 0 0 0 0 2 92 2 6 2 2 15 0 0 0 0 0 0 0 0 0 0 0 0 0 0 0 0 0 0 0 0 0 0 0 1 1 13 0 0 0 0 0 0 0 0 0 0 0 0 
 261 66 199 0 184 124 192 75 118 184 70 64 46 69 138 33 37 454 147 71 75 6 0 0 0 0 95 5 3 3 0 1 152 0 98 3 0 0 99 133 1 0 0 0 0 0 0 0 7 0 2 0 0 0 0 0 4 2 0 0 0 0 2 0 4 0 0 3 0 0 2 2 0 0 0 0 0 0 4 0 0 24 0 25 40 13 0 0 93 0 9 19 0 0 0 9 0 28 0 0 0 0 0 17 0 1 14 0 0 0 0 0 0 34 0 0 14 0 9 28 0 0 0 0 8 0 0 0 1 0 0 0 0 0 0 0 0 0 0 0 0 19 0 0 0 0 0 2 0 0 0 0 0 8 0 0 0 0 0 0 0 13 13 1 0 1 0 0 1 0 0 0 0 20 0 0 0 13 18 0 0 11 15 0 0 0 19 1 9 9 2 0 28 27 0 0 14 0 11 12 0 0 0 0 0 0 0 0 0 0 0 0 0 0 0 0 0 0 0 0 5 0 0 0 0 3 0 0 0 0 0 0 0 0 0 0 0 0 0 0 0 13 0 0 0 2 2 0 2 90 20 8 0 0 0 0 0 0 0 2 0 0 0 0 0 0 1 0 0 0 0 10 0 0 0 15 0 0 0 0 0 0 0 0 0 0 0 0 0 0 
 26 79 137 184 0 382 273 86 86 103 380 43 71 76 64 70 272 64 56 64 80 3 0 2 0 0 288 76 20 2 0 0 153 1 92 3 0 0 104 42 1 0 0 0 0 0 0 0 1 0 2 2 0 0 0 0 4 2 0 0 0 0 2 0 3 0 0 3 0 0 2 0 0 1 0 0 1 0 0 0 0 0 0 12 26 34 0 1 21 1 0 31 1 0 0 2 0 14 0 0 9 0 0 0 17 0 23 22 0 9 0 5 12 13 9 0 33 9 14 26 0 0 0 0 0 1 0 0 0 0 0 1 0 0 0 0 0 0 0 0 0 0 0 0 0 0 0 0 0 0 0 0 0 4 1 0 17 0 0 3 0 9 14 2 0 7 3 0 0 1 8 41 1 1 0 0 0 11 0 0 15 9 0 1 0 0 11 4 28 14 0 0 38 25 57 0 16 0 22 37 0 0 0 0 0 0 0 0 0 0 0 0 0 0 0 0 0 0 0 0 0 0 0 0 0 0 0 0 2 0 0 0 0 0 0 0 0 0 0 0 0 9 0 0 0 2 1 2 1 1 14 12 0 0 0 0 0 0 0 0 0 0 0 0 0 0 0 0 0 0 0 0 0 0 0 0 1 0 0 0 0 0 0 0 0 0 0 0 0 0 
 234 215 118 124 382 0 343 52 126 523 89 373 454 32 48 202 293 495 341 41 73 31 291 1 0 2 210 81 22 0 28 0 100 2 80 15 0 0 78 17 3 0 0 0 0 0 0 0 12 0 2 0 0 0 0 0 5 2 0 0 3 0 2 0 3 0 0 3 0 0 2 1 0 1 0 0 0 0 0 0 0 11 1 1 18 40 0 11 18 14 0 0 0 0 0 11 14 2 0 0 2 3 0 18 17 0 15 2 3 23 0 6 33 23 14 0 0 11 7 48 10 0 0 0 0 0 0 0 0 0 0 0 0 0 0 0 0 0 0 0 0 0 0 0 0 0 0 0 0 0 4 0 0 4 0 0 2 0 0 0 0 14 0 35 0 57 7 0 7 0 0 0 0 2 21 0 0 0 0 0 17 10 0 0 0 0 10 32 23 24 0 0 53 0 10 0 0 1 10 19 0 0 0 0 0 0 0 0 0 0 0 0 0 0 0 0 0 0 0 0 0 0 0 0 0 0 0 0 0 0 0 0 0 0 1 0 0 0 11 0 0 11 1 0 0 5 5 0 92 1 5 5 0 0 0 0 0 0 0 0 0 0 0 0 0 0 0 0 0 0 0 0 0 0 0 1 14 0 0 0 0 0 0 0 0 0 0 0 0 0 
 303 164 205 192 273 343 0 223 140 339 418 119 212 379 114 323 36 289 66 132 0 3 0 1 2 0 3 3 5 3 0 0 3 4 6 6 0 0 2 2 0 0 3 0 0 1 0 0 0 0 3 0 0 6 4 1 0 2 0 0 0 0 2 1 3 7 1 3 0 1 4 0 0 0 0 0 0 0 0 6 34 0 2 9 1 1 15 16 0 86 42 13 0 0 0 25 19 11 0 0 0 0 0 0 0 0 0 0 0 0 0 0 2 0 0 0 0 0 0 4 0 0 0 0 0 0 0 12 0 0 0 0 0 0 0 0 0 0 0 0 0 0 0 0 0 0 0 0 0 0 0 0 0 0 0 0 0 0 0 0 0 1 9 1 16 31 10 14 7 25 14 30 1 1 51 15 0 19 0 0 0 0 0 0 0 0 0 0 0 0 0 0 0 0 0 0 0 0 0 0 0 0 0 0 0 0 0 0 0 0 0 0 0 0 0 0 0 0 0 0 0 0 0 0 0 0 0 0 0 0 0 0 0 0 0 0 0 0 0 0 0 0 0 0 0 2 94 2 6 0 0 9 0 0 0 0 0 0 0 0 2 0 7 1 0 0 0 0 0 0 0 0 0 0 3 0 22 0 0 0 0 0 0 0 0 0 0 0 0 0 
 69 83 296 75 86 52 223 0 82 503 296 490 271 65 208 77 122 99 114 259 1 3 3 0 0 2 0 29 3 0 3 1 5 1 5 4 0 3 0 3 0 0 0 8 0 0 2 0 0 0 5 2 0 0 0 0 0 2 3 0 0 37 2 0 3 0 0 3 10 0 2 0 0 1 0 0 1 3 6 0 1 36 17 1 0 0 2 17 0 11 7 0 31 38 27 33 11 0 18 33 0 0 0 0 0 2 0 0 0 0 0 0 0 0 0 0 8 0 0 0 0 0 0 0 0 0 0 0 0 0 0 0 0 0 0 11 0 0 0 0 1 0 0 0 0 2 0 2 0 0 0 0 4 0 0 0 0 0 0 0 22 13 0 10 0 0 2 25 0 1 10 47 1 10 0 13 23 13 11 0 0 8 0 0 0 0 0 0 0 0 0 0 0 0 0 0 0 0 0 0 0 0 0 0 0 0 0 0 0 0 0 0 0 0 0 0 0 0 0 0 0 0 0 0 0 0 0 0 0 0 0 0 0 0 0 0 0 0 0 0 0 1 0 0 0 0 1 0 0 0 0 15 0 0 0 0 0 0 0 0 0 0 0 0 0 0 0 0 0 0 0 0 0 0 0 0 11 0 0 0 0 0 0 0 0 0 0 0 0 0 
 164 144 177 118 86 126 140 82 0 186 170 79 193 145 45 144 105 151 82 225 42 5 0 2 0 0 0 0 0 0 0 0 5 1 3 3 0 0 151 34 0 0 0 0 4 0 42 0 1 0 2 0 0 0 0 0 0 2 0 0 0 0 2 0 3 0 0 3 0 0 2 1 0 3 0 52 0 0 0 0 1 0 0 27 1 20 0 34 22 9 33 25 0 3 3 1 13 59 0 0 0 0 0 0 0 0 0 0 0 18 0 0 13 9 0 0 0 0 0 1 0 0 0 0 18 0 0 0 0 13 0 0 0 0 0 0 0 0 12 0 0 0 0 0 0 0 0 0 0 0 6 0 0 0 0 0 0 0 0 0 19 2 20 1 12 14 1 2 1 32 24 10 0 18 3 19 31 5 0 9 0 0 13 0 1 0 8 0 0 0 0 0 0 8 0 0 0 0 0 12 0 0 0 1 1 0 0 0 0 0 0 0 0 0 0 0 0 2 0 0 0 0 0 0 0 0 0 0 0 0 0 0 0 1 0 0 0 0 0 0 0 0 0 0 0 1 92 0 3 87 15 5 15 0 0 0 0 0 0 0 0 0 1 0 0 0 0 0 0 0 0 0 0 0 0 0 0 2 0 0 0 0 0 0 0 0 0 0 0 0 
 257 235 159 184 103 523 339 503 186 0 146 479 264 83 149 71 106 342 264 339 0 3 0 0 0 0 1 0 0 0 0 0 3 0 3 5 0 0 74 75 0 0 0 0 0 0 0 0 1 0 2 1 0 0 0 2 0 2 0 0 0 0 2 0 3 0 0 3 0 0 2 2 0 3 2 0 0 0 0 0 14 12 0 28 24 37 0 0 33 10 42 14 0 3 11 29 0 9 0 0 0 0 0 0 0 0 0 0 0 0 0 0 1 1 0 0 0 0 2 3 0 0 0 0 0 0 0 0 0 16 0 0 0 0 2 0 0 0 0 0 0 0 0 0 0 0 0 0 0 1 1 0 0 0 0 5 0 0 0 0 10 13 27 0 0 40 5 0 9 10 0 15 0 5 36 0 14 33 13 0 0 1 0 0 0 1 0 0 0 0 0 0 11 0 15 0 0 0 0 0 0 0 0 0 0 0 0 0 0 0 35 1 0 0 0 0 0 0 0 0 0 0 0 0 0 0 0 0 0 0 0 0 0 0 0 0 0 0 0 0 0 1 0 0 0 2 63 0 8 0 2 12 0 0 1 0 0 0 0 0 0 0 0 0 0 0 0 0 0 0 0 0 0 0 0 6 16 0 0 0 0 0 0 0 0 0 0 0 0 0 
 73 122 62 70 380 89 418 296 170 146 0 238 55 36 138 156 114 167 134 136 0 3 0 2 2 5 143 0 8 0 0 40 152 0 6 3 3 0 78 1 0 0 0 0 1 0 82 0 0 76 2 0 0 0 2 2 5 2 5 0 0 0 5 0 3 3 0 3 0 0 4 0 0 1 0 0 0 0 0 0 28 13 25 53 0 36 0 1 11 31 42 23 0 2 0 20 23 13 1 7 10 0 0 0 0 0 12 2 0 0 0 0 0 10 0 0 54 1 9 0 0 0 0 0 6 0 0 0 0 0 0 0 0 0 0 0 1 0 0 0 0 0 0 0 0 0 0 0 0 0 0 0 0 2 1 0 0 0 0 0 6 0 13 9 3 37 0 8 16 24 21 70 0 1 27 9 17 29 0 0 0 0 0 0 0 0 0 0 5 0 0 0 0 33 20 0 20 0 22 18 0 0 0 0 0 0 0 0 0 0 0 0 0 0 0 0 0 0 0 0 0 0 0 0 0 0 0 0 0 0 2 0 2 0 0 0 0 0 0 0 0 0 0 0 0 0 10 1 1 89 0 16 0 0 0 0 0 0 0 0 0 0 11 0 0 0 0 0 0 0 0 0 0 0 0 0 2 0 0 0 0 0 0 0 0 0 0 0 0 0 
 155 122 485 64 43 373 119 490 79 479 238 0 146 32 35 43 145 130 281 288 1 3 0 0 0 0 0 0 0 2 0 0 3 0 3 3 0 0 154 0 0 0 2 0 0 0 0 0 2 0 2 0 0 0 0 0 0 2 0 0 0 0 2 0 2 1 0 3 0 0 3 1 0 3 0 0 0 0 0 0 0 2 10 10 10 23 2 20 44 11 46 40 1 12 16 17 0 7 0 0 0 0 0 0 0 1 0 0 0 0 0 0 16 0 0 0 0 0 0 12 0 0 0 0 0 0 0 0 0 14 0 0 0 0 0 1 0 0 0 0 0 0 0 0 0 1 0 0 0 0 0 0 0 0 0 0 0 0 0 0 18 9 32 19 2 7 17 19 19 49 10 15 0 9 19 0 29 27 3 0 15 0 0 0 0 0 0 0 0 0 0 0 1 0 0 0 0 0 0 1 0 0 0 0 0 0 0 0 0 0 0 0 0 0 0 0 0 0 2 0 0 0 2 0 0 0 0 0 0 0 0 0 0 0 0 0 0 0 0 0 0 0 0 0 0 5 157 0 51 91 0 12 14 0 0 0 0 0 0 0 0 0 0 0 0 0 1 0 0 0 0 0 0 0 0 0 18 2 0 0 0 0 0 0 0 0 0 0 0 0 
 138 26 64 46 71 454 212 271 193 264 55 146 0 170 118 29 325 242 114 96 1 5 0 0 0 2 111 0 113 0 0 0 5 1 3 3 0 0 0 0 0 0 0 8 0 0 0 0 4 0 2 62 0 0 0 2 0 2 0 0 0 0 2 0 3 0 0 3 0 0 2 2 0 3 0 0 0 0 0 0 43 18 13 0 0 0 18 36 16 1 1 0 25 17 44 23 10 0 17 17 0 0 0 0 0 0 0 4 0 0 0 0 0 0 0 0 0 0 0 0 0 0 0 0 0 0 0 0 0 0 0 0 0 0 0 0 0 0 0 0 0 1 0 0 0 0 0 0 0 0 0 0 0 0 0 0 0 0 15 0 9 22 8 13 0 0 26 13 0 9 0 1 1 19 16 31 10 8 14 35 0 0 0 0 0 0 0 0 0 0 0 1 0 2 0 0 0 0 0 0 0 0 0 8 0 0 0 0 0 2 0 0 0 0 0 0 0 0 0 0 0 0 0 0 0 0 0 0 0 0 0 0 0 0 0 0 0 0 0 0 0 0 0 0 2 2 0 0 2 3 0 2 10 0 0 0 0 0 0 2 0 0 0 0 0 0 0 0 0 0 0 0 0 0 0 0 0 0 0 0 0 0 0 0 0 0 0 0 0 0 
 245 50 356 69 76 32 379 65 145 83 36 32 170 0 77 427 111 237 112 166 0 3 0 0 0 0 0 0 0 0 2 0 3 1 3 4 0 0 0 5 0 0 0 0 0 0 0 0 0 0 2 0 0 0 0 0 0 2 0 0 0 0 2 0 3 0 0 3 0 0 2 2 0 0 0 0 0 0 0 0 19 9 49 0 0 0 20 59 14 21 21 1 6 0 14 11 72 23 16 33 0 0 0 0 0 0 0 0 0 0 0 0 0 0 0 0 0 0 0 0 0 0 0 0 0 0 0 0 0 0 0 0 0 0 0 0 0 0 0 0 0 0 0 0 0 0 0 0 0 0 0 0 0 0 0 0 0 0 0 0 30 0 14 0 1 29 0 46 34 21 20 13 0 0 9 65 43 9 11 19 0 0 0 0 0 0 0 0 0 0 0 0 0 0 0 5 0 0 0 0 0 0 0 0 0 0 0 0 0 0 0 0 0 0 0 0 0 0 0 0 0 0 0 0 0 0 0 0 0 0 0 0 0 0 0 0 0 0 0 0 0 0 0 0 0 0 0 2 0 85 2 8 14 0 0 0 0 0 0 0 0 0 8 0 0 0 0 0 0 0 0 0 0 0 0 0 0 0 0 0 0 0 0 0 0 0 0 0 0 0 
 57 121 340 138 64 48 114 208 45 149 138 35 118 77 0 60 151 79 85 157 0 5 0 0 0 2 2 0 2 0 0 2 3 0 3 3 2 0 3 79 0 0 0 4 0 0 0 0 0 0 2 0 0 0 0 0 0 2 2 0 0 0 3 0 3 0 33 3 0 0 2 1 0 0 0 0 0 0 1 0 10 53 29 0 17 0 2 30 0 1 10 18 32 23 17 10 10 5 36 16 0 0 0 0 0 0 0 0 0 0 0 0 0 0 0 0 0 0 0 0 0 0 0 0 0 0 0 0 0 0 21 0 0 0 0 0 0 0 0 0 0 0 0 0 0 0 0 0 0 0 0 0 0 0 0 0 0 0 0 0 34 43 0 9 0 0 2 33 13 6 11 3 0 12 0 1 27 15 17 0 0 0 0 0 0 0 0 0 0 0 0 0 11 0 0 0 0 0 0 0 0 0 0 0 0 0 0 0 0 0 0 0 0 0 0 0 0 0 0 0 0 0 0 0 0 0 0 0 0 0 0 0 0 0 0 0 0 0 0 0 0 0 0 0 0 0 0 0 4 0 0 7 0 0 0 0 0 0 0 0 0 0 0 0 0 0 0 0 0 0 0 0 0 0 0 12 10 33 0 0 0 0 0 0 0 0 0 0 0 0 
 137 84 460 33 70 202 323 77 144 71 156 43 29 427 60 0 136 27 128 97 0 3 3 0 0 0 0 0 2 0 0 0 3 2 3 3 0 0 28 0 0 0 0 0 0 61 0 63 1 0 2 0 2 0 0 0 0 2 0 0 0 0 2 0 3 0 0 3 4 0 2 0 0 3 0 0 0 0 0 0 23 14 15 3 11 12 0 10 0 53 0 1 0 0 39 1 55 19 14 14 0 0 0 0 0 0 0 0 0 0 0 0 14 8 0 0 0 0 1 1 0 0 0 0 0 0 0 0 0 0 0 0 0 0 0 0 0 0 0 0 0 0 0 0 1 0 0 0 0 0 0 0 0 0 0 0 1 0 0 0 18 9 0 0 0 7 8 36 30 4 21 0 0 29 10 46 18 0 0 35 0 0 0 0 0 0 1 1 0 0 0 0 3 1 0 0 0 0 2 0 0 0 0 0 0 0 0 0 0 0 0 0 0 0 0 0 0 0 0 0 0 0 0 0 0 1 0 0 0 2 0 0 0 0 0 0 0 0 0 0 0 0 0 0 0 2 0 2 2 0 14 9 0 0 0 0 0 0 0 16 0 0 9 0 0 0 0 0 0 0 0 0 0 0 0 0 0 0 0 0 0 0 0 0 0 0 0 0 0 0 
 291 40 140 37 272 293 36 122 105 106 114 145 325 111 151 136 0 440 143 287 0 3 0 0 2 0 3 0 3 0 2 2 3 0 3 4 86 0 81 24 0 0 0 0 0 0 0 4 0 0 2 0 0 0 2 2 0 2 62 0 0 0 6 0 3 3 0 3 0 0 2 1 0 0 0 0 0 0 3 0 14 19 58 52 11 27 16 19 0 0 29 56 10 13 30 0 2 18 0 12 0 0 0 0 0 1 0 0 0 0 0 0 0 34 0 0 0 0 6 0 0 0 0 0 0 0 0 0 0 20 0 0 0 0 0 1 0 0 0 0 0 0 0 0 0 1 0 0 0 0 4 0 0 0 0 0 0 0 0 0 27 1 33 48 4 0 12 15 17 19 0 0 0 38 61 11 53 13 7 3 0 0 15 0 18 0 24 0 0 0 0 1 0 71 0 0 3 0 0 1 0 0 0 0 0 0 6 0 0 0 0 0 0 0 0 0 0 0 2 0 0 0 1 0 0 0 0 0 0 0 0 0 0 0 0 0 0 0 0 0 0 0 0 0 0 1 94 0 0 87 19 12 17 0 0 0 0 0 0 0 0 0 0 0 0 0 0 1 0 0 0 0 0 0 0 0 3 0 0 0 0 0 0 0 0 0 0 0 0 0 
 106 227 154 454 64 495 289 99 151 342 167 130 242 237 79 27 440 0 120 130 2 3 0 0 0 2 111 0 128 0 0 2 81 2 3 5 0 2 74 84 0 0 0 0 0 2 0 0 2 0 2 1 0 2 2 3 0 2 0 0 0 0 2 0 2 3 1 3 0 0 3 1 0 3 0 0 0 0 0 3 8 11 2 29 18 24 0 0 9 0 33 45 0 13 12 80 15 11 0 0 0 0 0 9 0 0 1 0 0 0 0 0 0 20 0 0 0 0 0 0 0 0 0 0 0 0 0 0 0 17 0 0 0 0 0 0 0 0 0 0 0 0 0 0 0 0 0 0 0 15 0 0 0 0 0 0 0 0 0 0 0 10 24 0 0 13 0 21 6 0 0 0 0 17 12 0 14 10 2 4 0 1 23 0 0 0 20 0 0 0 0 0 38 20 0 0 21 0 0 0 0 0 0 0 0 0 0 0 0 0 31 0 0 0 0 0 0 0 0 0 0 0 0 0 0 0 0 0 0 0 0 0 0 0 0 0 0 0 0 0 0 1 0 0 0 2 115 0 11 2 4 12 0 0 1 0 0 0 0 0 0 0 0 0 0 0 0 0 0 0 0 2 0 0 0 8 7 0 0 0 0 0 0 0 0 0 0 0 0 0 
 42 57 478 147 56 341 66 114 82 264 134 281 114 112 85 128 143 120 0 130 0 4 0 2 0 0 0 0 1 0 0 0 3 2 3 5 2 2 0 1 0 0 0 0 0 0 0 0 0 0 2 0 0 0 0 0 0 2 0 0 0 0 2 0 3 0 0 3 0 25 2 0 0 1 0 0 0 0 0 0 17 27 29 0 0 0 8 1 0 25 7 0 15 14 29 10 22 0 49 20 0 0 0 16 0 0 0 1 0 0 0 0 0 0 0 0 0 15 0 0 0 0 0 17 0 1 1 0 0 0 0 0 0 0 0 0 0 0 0 0 0 0 0 0 0 0 0 0 0 0 0 0 6 0 0 0 0 0 0 0 40 10 0 10 2 0 0 0 30 1 10 12 22 10 0 7 36 1 47 25 0 0 0 0 0 0 0 0 0 0 0 0 0 0 0 0 0 0 0 0 0 0 0 0 0 0 0 0 0 0 0 0 0 0 0 0 0 0 0 0 0 0 0 0 0 0 0 0 0 0 0 0 0 0 0 0 0 0 0 2 0 0 0 0 0 23 2 0 0 1 0 11 0 0 0 0 0 0 0 0 0 0 0 0 0 0 0 0 0 0 0 0 0 0 0 0 11 0 0 0 0 0 0 0 0 0 0 0 0 0 
 211 43 150 71 64 41 132 259 225 339 136 288 96 166 157 97 287 130 130 0 3 3 1 0 20 46 0 0 3 0 0 1 3 1 3 3 0 0 0 1 0 0 0 8 2 0 0 0 0 2 2 0 3 0 3 0 2 2 0 2 0 0 2 46 41 0 2 3 0 2 2 2 0 0 0 0 0 0 0 0 1 55 28 0 0 0 0 17 0 3 21 0 19 22 40 13 27 0 1 14 0 0 0 0 0 0 0 0 0 0 0 0 0 0 0 0 0 0 1 11 0 0 0 0 0 0 14 0 0 9 0 0 0 0 1 1 0 0 0 0 0 0 0 0 0 0 0 0 0 2 2 0 0 0 0 0 0 0 0 0 56 13 21 31 0 0 63 0 21 8 0 11 0 14 58 10 40 41 22 33 0 0 0 0 0 0 0 0 0 0 0 0 0 0 0 0 0 0 0 0 0 0 25 0 0 0 0 0 0 0 0 2 0 0 0 0 0 0 0 0 0 25 0 0 0 0 0 0 0 0 0 0 0 0 0 0 0 0 0 0 0 0 0 0 0 0 1 0 97 59 1 6 15 0 0 0 0 0 0 2 0 0 0 0 0 0 0 0 0 0 0 0 2 0 0 1 34 0 0 0 0 0 0 0 0 0 0 0 0 2 
 2 0 0 75 80 73 0 1 42 0 0 1 1 0 0 0 0 2 0 3 0 104 81 59 39 22 173 57 386 81 50 135 71 333 137 103 97 28 121 256 0 0 0 0 2 0 2 0 0 0 2 4 4 3 0 1 0 4 0 0 3 0 3 4 4 0 3 2 0 0 0 2 3 3 3 0 0 0 1 0 0 0 0 0 7 0 0 0 0 0 0 0 0 0 0 0 0 1 0 0 23 11 25 18 16 1 10 0 14 0 60 7 14 16 13 43 13 43 27 11 0 0 0 0 0 0 0 0 0 0 0 0 0 0 0 0 0 0 0 0 0 0 0 0 0 1 0 0 0 0 13 0 0 2 0 0 0 0 0 0 15 0 5 0 0 6 0 0 0 0 1 0 5 0 0 0 0 0 0 0 3 26 20 0 4 19 12 2 13 30 0 25 0 1 13 72 20 14 12 16 1 0 0 0 0 0 21 0 0 0 0 0 0 0 0 0 0 0 7 0 0 0 0 0 0 0 0 0 0 0 0 0 0 0 0 0 0 0 0 0 0 0 0 0 0 0 0 0 0 0 0 0 0 0 4 0 0 41 154 0 3 2 0 0 0 0 18 0 0 0 0 0 0 0 0 53 0 0 0 0 0 11 0 0 0 0 0 0 0 0 
 3 7 3 6 3 31 3 3 5 3 3 3 5 3 5 3 3 3 4 3 104 0 183 212 31 34 207 137 120 126 36 93 126 157 219 318 126 54 45 207 4 0 0 3 2 1 8 0 9 3 3 2 63 3 0 2 7 8 2 4 3 2 6 2 4 0 2 3 3 0 3 4 4 5 5 0 0 0 3 1 0 0 0 0 0 0 0 0 0 0 0 0 0 0 0 0 0 0 18 0 55 4 31 22 11 1 0 28 62 28 7 13 15 12 5 44 32 0 25 16 0 0 0 0 0 0 9 0 0 0 0 0 1 0 0 0 2 0 9 0 0 0 0 0 0 0 0 8 0 1 9 0 0 1 9 0 0 0 0 4 0 0 2 19 11 14 0 0 0 0 0 23 6 0 0 0 0 0 0 0 13 27 25 13 4 19 2 46 10 10 0 24 4 19 46 10 15 41 69 13 0 0 0 0 0 0 19 0 0 0 0 2 0 0 0 0 0 0 12 0 0 1 0 0 0 0 0 0 0 0 0 0 0 0 0 0 0 0 0 0 0 32 1 0 0 0 0 0 0 0 0 0 0 0 10 2 2 1 76 0 6 0 0 0 0 0 0 0 0 0 0 2 0 0 0 0 0 0 0 16 0 0 0 1 0 8 0 0 0 0 
 2 75 0 0 0 291 0 3 0 0 0 0 0 0 0 3 0 0 0 1 81 183 0 177 111 123 58 219 181 391 83 314 129 69 158 127 142 48 116 66 64 0 0 0 2 0 66 0 7 0 3 4 64 3 0 4 3 3 0 0 3 0 3 3 6 0 5 0 3 0 0 2 3 2 3 5 1 0 0 0 0 0 0 0 0 0 0 0 0 0 0 0 0 0 0 0 0 0 14 0 20 73 41 11 1 34 0 0 14 1 27 26 24 26 20 9 20 13 40 22 0 0 0 0 0 0 30 0 0 0 7 0 8 14 0 0 0 16 0 7 0 0 0 0 0 0 0 5 0 5 0 0 0 9 0 0 0 0 0 0 0 0 0 20 5 1 0 0 0 0 0 0 0 0 0 0 0 0 1 0 11 0 3 31 8 0 20 45 13 15 22 42 0 12 2 25 10 11 16 0 7 0 0 4 0 0 0 22 0 0 0 0 42 0 0 0 0 0 7 35 0 0 0 0 0 0 0 0 0 0 0 0 0 0 0 0 0 0 0 0 0 0 0 0 0 0 0 0 0 0 1 0 0 0 10 2 1 77 0 2 4 29 1 0 0 0 2 0 0 0 0 0 0 0 1 0 0 0 0 12 0 0 0 0 0 0 0 0 0 0 
 0 0 0 0 2 1 1 0 2 0 2 0 0 0 0 0 0 0 2 0 59 212 177 0 154 39 159 78 137 112 147 237 94 152 155 360 283 209 75 45 0 1 0 0 2 0 84 0 0 0 3 2 76 6 0 1 0 3 86 0 5 0 3 3 0 0 3 0 0 3 0 2 3 3 3 0 0 0 1 6 0 0 0 0 0 0 0 0 0 0 0 0 13 2 0 0 0 0 0 20 14 3 70 0 12 0 0 16 22 22 23 34 0 0 0 6 20 1 0 0 0 20 0 0 0 0 12 0 0 0 0 0 16 3 16 16 0 0 12 19 0 0 0 0 0 0 0 0 0 0 0 0 0 0 0 1 0 0 1 0 0 0 0 0 0 0 0 1 0 0 0 20 1 0 0 0 0 0 0 0 33 12 29 0 14 19 0 0 7 0 36 0 0 1 19 16 12 6 0 0 22 0 16 0 0 0 2 1 0 0 0 0 5 0 0 1 12 0 22 1 0 0 0 0 0 2 0 0 1 0 0 0 0 0 0 0 0 0 0 0 0 0 17 0 0 2 0 0 0 0 0 0 0 0 9 0 0 81 1 2 9 2 0 0 0 0 0 0 0 0 0 2 0 0 0 0 1 0 0 1 0 12 0 0 0 14 0 0 0 0 
 2 0 0 0 0 0 2 0 0 0 2 0 0 0 0 0 2 0 0 20 39 31 111 154 0 215 54 68 122 190 171 88 171 75 77 219 116 406 48 78 64 0 0 3 5 0 130 0 0 6 2 2 169 89 2 1 3 49 33 84 3 0 24 3 2 0 6 0 0 3 0 1 4 3 4 0 0 0 1 0 0 0 1 0 0 0 0 0 0 0 0 0 0 0 0 0 0 0 0 0 0 1 0 0 0 32 0 0 0 0 2 10 0 1 0 0 18 0 0 0 4 0 0 28 0 0 31 12 10 0 3 0 28 22 0 10 40 23 0 20 0 0 1 0 1 0 0 0 0 2 0 0 0 0 0 0 0 0 0 0 0 0 2 0 0 0 0 0 0 0 0 0 0 0 2 0 22 0 0 0 0 0 0 13 0 19 0 0 2 0 9 1 0 0 0 0 8 2 0 0 10 0 9 0 0 2 24 10 15 0 0 0 54 26 1 7 21 11 18 28 0 0 0 0 14 0 0 0 0 0 0 0 0 0 0 0 0 0 0 0 0 0 0 0 0 0 0 0 0 1 0 0 0 0 4 2 2 10 0 1 2 1 0 0 0 0 0 0 0 0 0 0 0 0 0 0 0 0 0 13 0 14 0 0 0 9 2 0 0 7 
 0 0 0 0 0 2 0 2 0 0 5 0 2 0 2 0 0 2 0 46 22 34 123 39 215 0 31 67 155 339 99 45 38 127 68 130 63 29 246 64 63 54 0 0 2 0 2 2 0 0 3 2 77 141 0 1 21 59 143 146 3 0 3 55 0 1 3 0 0 0 0 1 3 2 3 0 0 0 0 5 0 0 0 0 2 0 0 0 0 0 0 0 0 0 0 0 0 0 0 0 0 6 0 0 0 37 0 0 14 0 10 0 0 0 0 0 8 0 0 0 38 0 16 19 0 0 39 53 10 24 0 0 2 0 10 12 1 28 27 13 0 0 0 0 0 0 0 0 0 2 1 0 10 0 0 0 0 0 1 0 0 0 0 0 0 0 0 0 11 0 0 0 0 0 0 0 3 0 1 0 0 0 0 0 0 10 0 0 0 0 0 0 18 0 1 0 0 0 0 0 19 0 38 10 0 0 33 21 8 4 0 0 11 17 41 22 36 29 0 14 0 16 0 0 0 0 0 0 0 0 0 0 0 0 0 0 0 0 0 0 0 0 0 0 0 0 0 0 0 0 0 0 0 0 0 0 0 0 0 1 2 7 0 0 0 0 0 0 0 6 0 0 0 0 0 0 0 0 0 0 0 0 0 0 0 14 0 0 0 0 
 3 1 0 95 288 210 3 0 0 1 143 0 111 0 2 0 3 111 0 0 173 207 58 159 54 31 0 93 541 27 20 105 320 121 65 99 53 35 283 287 5 1 0 0 2 0 2 0 7 0 2 2 0 66 0 1 6 3 0 0 4 0 3 3 0 0 3 0 0 0 0 2 3 3 3 0 0 0 1 0 0 0 0 23 8 23 0 0 28 0 1 12 0 0 0 0 1 0 0 0 11 10 1 0 8 0 26 14 0 22 13 24 0 60 38 12 21 24 22 16 0 0 0 0 0 0 0 0 1 1 0 0 0 0 0 0 0 0 1 0 17 0 1 0 1 0 0 0 0 0 0 0 0 6 0 0 0 0 0 0 0 0 0 19 0 0 0 0 1 0 25 0 16 0 2 0 1 1 0 0 86 36 0 0 2 0 12 16 16 9 13 1 39 0 89 31 12 3 14 30 0 0 0 0 0 1 0 0 0 18 1 0 0 2 0 0 0 0 0 0 0 0 0 0 0 0 0 0 0 0 0 0 0 0 0 0 0 0 0 0 0 3 0 0 0 0 0 0 0 75 0 0 0 0 10 0 2 1 0 2 0 0 0 0 0 0 0 0 0 0 0 0 0 0 0 0 0 0 0 0 0 0 0 0 0 0 0 0 0 3 
 3 0 0 5 76 81 3 29 0 0 0 0 0 0 0 0 0 0 0 0 57 137 219 78 68 67 93 0 318 209 22 47 187 150 63 191 395 250 48 266 1 0 0 0 2 0 2 0 21 0 2 2 0 3 0 1 1 3 0 0 3 43 3 3 0 0 6 51 0 42 2 2 2 3 3 0 1 0 7 0 0 0 0 0 4 2 0 0 0 0 0 0 0 1 0 0 0 0 0 0 15 35 0 31 0 10 13 33 38 0 50 0 10 12 33 11 38 11 19 42 0 0 0 0 0 0 21 0 4 0 0 0 0 0 0 2 0 0 43 0 2 0 0 0 0 0 0 0 0 4 0 1 0 0 0 0 0 0 0 0 0 19 0 17 14 0 0 2 0 0 27 0 2 0 0 0 0 0 0 0 0 0 7 11 38 19 34 15 0 24 1 14 0 22 0 8 37 0 26 26 1 0 0 0 0 0 19 2 0 0 0 0 28 0 0 0 1 0 0 8 0 0 0 0 0 1 0 0 2 0 0 0 0 0 0 0 0 0 0 0 0 0 0 0 0 0 1 0 0 0 0 0 0 3 10 0 4 49 0 4 2 22 0 0 0 0 13 0 0 0 0 0 0 0 0 0 0 0 0 0 0 0 0 0 0 0 6 0 0 0 
 3 0 75 3 20 22 5 3 0 0 8 0 113 0 2 2 3 128 1 3 386 120 181 137 122 155 541 318 0 218 113 118 158 193 155 263 471 190 45 92 0 0 2 0 2 0 4 0 64 0 2 2 0 3 0 70 0 5 0 0 3 0 3 3 0 0 3 0 0 6 6 2 5 3 3 0 0 0 1 0 3 0 0 0 3 0 0 0 0 0 0 0 0 0 0 0 0 0 0 0 0 45 11 0 18 0 14 11 36 22 38 12 0 10 9 0 21 19 6 2 0 0 0 0 0 0 0 0 0 0 0 0 0 0 1 0 0 0 6 0 0 0 0 0 0 16 0 0 0 0 2 0 0 11 0 0 0 0 0 0 2 2 1 0 0 0 0 0 0 0 0 0 0 0 0 1 0 0 0 9 41 1 35 0 13 12 11 52 17 9 0 14 15 0 15 73 20 17 1 23 12 0 0 0 0 0 0 0 0 0 0 0 2 0 0 2 0 2 12 12 0 0 0 0 0 0 0 0 0 0 0 0 0 0 0 0 0 0 0 0 0 0 17 0 0 0 0 0 0 0 0 0 0 0 16 0 0 4 1 2 13 1 0 0 0 0 0 0 0 0 0 0 0 1 0 0 0 0 0 0 0 0 0 0 0 0 18 0 0 0 
 0 0 0 3 2 0 3 0 0 0 0 2 0 0 0 0 0 0 0 0 81 126 391 112 190 339 27 209 218 0 169 57 72 524 107 362 100 166 134 83 2 0 14 0 2 0 4 0 0 0 2 2 54 7 4 1 0 3 0 0 3 0 3 3 3 6 6 0 0 0 0 2 2 3 3 0 0 0 2 6 14 0 0 0 13 0 0 0 2 0 0 0 0 2 0 0 0 0 0 0 0 5 42 6 29 15 0 24 29 0 31 0 28 11 1 6 46 26 0 14 0 0 0 0 0 0 42 0 0 0 0 0 0 0 0 0 0 0 44 0 1 0 0 0 0 0 0 5 0 5 0 12 0 0 0 0 0 0 0 0 0 0 0 0 0 0 0 1 0 0 3 0 0 0 0 0 0 0 0 0 24 3 20 10 28 22 16 19 13 32 2 43 0 12 21 44 24 6 12 17 1 0 0 0 0 0 2 1 0 0 0 0 16 0 0 0 0 0 21 0 0 0 0 0 0 2 0 0 1 0 0 0 0 11 0 0 0 0 0 0 0 0 18 0 0 2 0 0 0 0 0 0 0 0 1 0 2 76 1 0 0 29 0 0 0 0 14 0 0 0 0 1 0 0 0 0 1 0 0 10 0 0 0 0 0 14 0 0 0 0 
 1 0 0 0 0 28 0 3 0 0 0 0 0 2 0 0 2 0 0 0 50 36 83 147 171 99 20 22 113 169 0 133 47 129 72 100 254 150 25 287 62 0 7 78 2 0 202 21 0 0 2 2 65 4 0 7 0 3 1 1 3 0 3 3 0 0 3 0 3 0 0 2 3 3 3 0 0 0 1 0 0 0 0 0 0 0 0 0 0 0 0 0 0 0 0 0 0 0 0 0 23 3 1 0 36 1 0 0 2 1 0 19 0 0 17 20 18 0 0 0 0 1 0 0 0 0 0 21 11 0 0 0 28 38 13 19 16 32 1 38 0 0 0 0 0 0 0 0 0 0 0 0 0 0 0 0 0 0 0 0 0 0 5 0 0 0 0 0 0 0 11 0 10 0 0 0 0 0 0 0 0 49 0 11 0 6 0 0 9 0 35 9 0 0 0 18 9 10 0 0 0 28 2 0 0 0 22 0 0 0 0 0 16 19 7 0 27 0 23 27 0 0 0 0 0 0 0 0 0 0 0 0 0 0 0 0 0 0 0 0 0 0 0 0 0 0 0 0 0 0 0 0 0 0 6 0 0 75 80 2 0 0 0 0 0 0 0 0 0 0 0 0 0 0 0 0 0 0 0 13 0 13 0 0 0 0 0 0 0 0 
 0 0 1 1 0 0 0 1 0 0 40 0 0 0 2 0 2 2 0 1 135 93 314 237 88 45 105 47 118 57 133 0 52 30 217 219 352 288 30 34 0 0 0 0 211 0 95 0 0 0 3 3 85 66 0 0 0 3 22 0 2 0 3 2 2 0 2 0 0 0 0 1 2 3 3 0 0 0 3 0 0 0 0 0 0 0 0 0 7 0 0 0 0 0 0 0 0 0 0 0 0 9 7 0 0 0 2 9 22 13 23 7 0 0 0 0 21 13 0 0 0 0 0 13 0 0 0 0 0 0 0 0 0 6 0 10 15 1 0 0 0 2 0 0 0 0 0 0 0 1 0 0 1 0 0 0 0 0 0 0 0 0 0 0 0 0 0 0 0 0 0 0 0 0 0 0 0 0 0 0 30 12 47 0 14 10 0 9 2 0 17 13 0 0 12 27 0 15 1 0 18 0 12 0 0 0 18 0 0 0 11 0 12 0 0 1 0 0 20 0 0 0 2 0 0 0 2 0 0 0 0 0 0 0 0 0 0 0 0 0 0 0 17 0 0 0 0 0 0 0 0 0 1 0 12 4 3 74 6 0 10 0 0 0 0 0 0 0 0 0 0 0 0 0 0 0 0 0 0 0 0 14 0 0 2 0 0 0 0 0 
 5 3 3 152 153 100 3 5 5 3 152 3 5 3 3 3 3 81 3 3 71 126 129 94 171 38 320 187 158 72 47 52 0 76 208 32 36 51 167 352 6 0 0 0 2 0 2 0 7 0 2 2 0 65 0 0 10 3 0 0 3 0 3 3 0 0 4 0 0 0 0 2 2 3 3 0 0 0 2 0 0 0 0 27 7 10 0 0 0 0 18 26 0 1 0 0 0 15 0 13 4 4 0 40 11 0 42 1 0 0 0 9 27 33 1 0 2 0 10 23 0 0 0 0 0 0 0 2 0 0 0 0 0 0 0 0 0 0 0 0 0 0 0 0 0 0 0 1 0 0 0 0 0 4 0 1 0 0 0 0 0 0 0 18 17 15 0 0 0 0 19 20 0 0 0 0 0 0 0 0 1 49 15 0 0 0 0 14 24 26 2 0 39 37 32 0 9 0 76 83 0 0 2 0 0 0 0 1 1 0 0 0 0 0 0 0 0 0 0 0 0 0 0 0 0 1 0 0 0 0 0 0 0 0 0 0 0 0 0 0 0 9 1 0 0 2 0 0 0 60 0 0 0 0 3 1 2 2 0 0 2 0 0 0 0 0 2 0 0 0 0 2 0 0 0 12 0 1 0 0 0 0 0 0 0 0 0 0 0 0 
 1 2 2 0 1 2 4 1 1 0 0 0 1 1 0 2 0 2 2 1 333 157 69 152 75 127 121 150 193 524 129 30 76 0 181 153 39 111 74 98 1 2 0 0 2 3 2 1 3 0 2 2 2 3 0 3 3 4 1 0 3 1 4 5 0 0 3 0 0 0 0 0 53 10 9 0 6 4 2 0 0 0 0 0 1 0 0 0 0 0 0 0 0 0 0 0 0 0 0 0 33 22 36 0 17 17 0 0 1 19 49 0 0 0 0 21 18 20 1 1 0 0 0 0 0 0 24 0 0 10 0 0 0 0 0 0 0 0 11 0 0 0 0 0 0 0 14 5 11 5 0 1 0 0 0 0 0 0 0 0 0 0 4 0 1 0 0 0 0 0 0 0 7 0 9 0 0 0 2 0 10 13 29 1 5 10 0 29 0 0 10 31 0 0 1 50 10 17 0 0 1 0 0 0 0 0 5 0 0 0 0 0 16 0 0 0 0 1 51 0 0 0 0 0 1 0 0 0 0 0 0 1 0 0 0 0 4 0 0 0 1 0 0 0 0 0 0 0 0 1 0 0 0 0 5 2 2 150 149 0 10 26 0 0 0 0 0 0 0 0 0 0 0 20 0 0 0 0 0 0 0 9 0 0 0 0 0 0 0 0 
 4 3 3 98 92 80 6 5 3 3 6 3 3 3 3 3 3 3 3 3 137 219 158 155 77 68 65 63 155 107 72 217 208 181 0 419 188 53 266 173 6 0 0 0 4 0 2 0 10 0 2 2 0 6 0 1 7 3 3 2 3 0 3 3 0 0 3 0 0 0 1 1 3 3 7 0 0 0 3 11 0 0 0 0 1 0 0 0 14 2 0 0 0 0 0 0 0 0 0 0 45 17 1 19 0 35 31 0 37 20 11 0 0 55 31 18 0 0 11 41 0 0 0 0 0 0 0 0 0 0 0 0 1 0 0 2 0 0 0 0 0 0 0 0 0 0 0 0 0 0 0 0 0 0 0 2 6 0 2 0 11 0 2 23 23 22 0 0 0 0 0 0 16 0 0 0 0 9 0 0 50 14 5 0 1 0 0 21 11 10 1 12 19 19 11 1 0 4 30 37 0 0 0 0 0 0 19 2 0 0 11 0 0 0 0 0 0 0 20 0 9 0 0 0 0 0 0 0 0 0 0 0 0 0 0 0 0 0 0 0 0 5 0 0 0 3 0 0 0 0 0 0 0 0 4 24 0 6 99 2 4 0 2 0 0 0 0 0 0 0 0 1 0 0 0 10 2 0 0 0 0 0 0 0 0 0 0 0 0 0 
 4 3 3 3 3 15 6 4 3 5 3 3 3 4 3 3 4 5 5 3 103 318 127 360 219 130 99 191 263 362 100 219 32 153 419 0 172 96 101 77 0 0 0 0 2 0 2 0 1 0 2 2 62 3 0 1 0 3 64 0 3 0 3 3 3 0 3 0 0 0 0 2 3 3 3 0 0 0 1 0 0 0 0 0 0 0 0 0 0 0 0 0 0 0 0 0 0 0 0 0 20 33 7 13 1 25 2 8 33 8 41 0 27 11 19 24 0 32 41 8 0 0 0 0 0 0 19 0 0 0 0 0 0 0 0 0 0 0 0 0 0 1 14 0 0 0 0 0 0 6 0 0 2 0 10 0 0 0 0 1 0 0 0 8 0 1 0 0 0 0 0 0 2 0 0 0 1 0 0 0 31 24 14 15 0 2 8 25 11 24 13 20 0 21 1 22 0 28 0 0 9 0 16 0 0 0 28 0 0 0 0 0 16 0 0 0 0 0 8 0 0 0 0 0 0 0 0 0 0 0 0 0 0 0 0 0 2 0 0 0 0 0 1 0 0 0 0 0 0 0 0 0 0 0 22 0 0 154 77 0 19 20 0 0 0 0 14 0 0 0 0 0 0 0 0 0 0 0 0 1 0 14 0 0 0 0 0 0 0 0 
 0 206 0 0 0 0 0 0 0 0 3 0 0 0 2 0 86 0 2 0 97 126 142 283 116 63 53 395 471 100 254 352 36 39 188 172 0 184 30 48 0 0 0 0 2 1 23 0 26 0 2 2 78 3 0 8 0 4 86 5 3 0 3 3 0 0 3 0 0 0 0 1 3 3 3 0 56 0 1 0 0 0 0 1 24 0 0 0 0 0 0 54 0 0 0 0 0 0 0 0 0 9 2 18 17 9 0 46 35 13 30 1 7 0 29 0 0 29 19 32 0 0 0 0 0 0 0 0 0 0 0 0 0 0 0 22 2 0 0 0 0 0 0 0 0 0 2 0 0 0 0 0 0 0 0 0 0 0 0 0 0 0 0 0 9 14 0 0 0 0 5 0 0 0 0 0 0 0 0 0 19 10 0 9 1 8 18 9 15 6 12 0 2 15 10 0 0 13 34 30 7 0 18 2 0 0 1 0 0 0 0 2 0 9 0 0 12 0 14 0 0 0 0 0 11 0 0 0 0 0 0 0 21 0 0 0 0 0 0 0 0 0 0 0 0 0 0 0 0 0 0 0 0 0 8 0 1 76 4 1 4 0 0 0 0 0 1 0 0 0 0 0 0 0 0 0 0 0 0 0 0 10 0 1 0 0 0 0 0 0 
 0 0 0 0 0 0 0 3 0 0 0 0 0 0 0 0 0 2 2 0 28 54 48 209 406 29 35 250 190 166 150 288 51 111 53 96 184 0 43 26 1 0 1 62 2 0 120 0 0 0 2 2 125 3 0 6 0 3 63 1 3 0 3 3 0 0 3 0 0 0 0 2 3 3 3 0 0 0 1 0 0 0 0 0 0 0 0 0 0 0 2 0 0 0 0 0 0 0 0 0 30 0 50 0 36 2 0 44 1 32 9 26 1 7 0 34 13 0 0 0 0 0 2 0 0 0 12 20 12 0 0 0 15 3 15 2 0 0 32 38 0 0 0 0 0 0 1 0 0 0 0 0 0 0 0 0 1 0 0 0 0 0 2 0 0 0 0 0 0 0 15 0 9 0 0 0 0 0 0 0 0 0 5 16 0 17 0 0 23 0 51 10 0 0 13 0 7 15 0 0 9 0 16 0 0 0 26 0 2 0 0 0 9 20 0 0 42 0 21 0 0 0 0 0 0 0 0 0 0 0 0 0 0 0 0 0 0 0 0 0 0 0 0 0 0 0 0 0 0 0 0 0 2 0 18 0 0 83 76 1 6 0 0 0 0 0 0 0 0 0 0 0 0 0 0 0 0 0 0 13 0 12 0 0 0 10 0 0 0 0 
 75 74 85 99 104 78 2 0 151 74 78 154 0 0 3 28 81 74 0 0 121 45 116 75 48 246 283 48 45 134 25 30 167 74 266 101 30 43 0 69 0 0 0 0 2 0 2 0 0 0 2 2 0 3 0 1 0 3 0 0 3 0 3 3 13 0 3 0 0 0 0 0 2 3 3 0 0 0 2 0 0 0 0 40 16 59 0 14 10 10 0 26 0 0 0 0 2 18 0 0 0 0 8 0 0 11 0 0 0 0 0 1 83 12 18 24 16 12 41 16 0 0 0 0 0 1 0 0 0 13 0 0 0 0 0 0 0 0 3 0 1 0 0 0 0 0 0 0 0 0 0 1 0 0 0 0 0 0 0 0 0 14 0 21 34 11 0 0 0 0 1 9 0 1 0 0 11 1 0 0 12 0 0 0 8 0 41 0 21 16 0 0 0 1 0 15 14 4 0 2 0 0 0 0 0 0 2 0 0 0 0 0 0 0 0 0 0 0 0 0 0 0 0 0 0 0 0 0 0 0 0 0 0 0 0 0 0 0 0 0 0 0 0 0 0 0 82 0 1 74 12 0 0 0 5 2 0 0 0 0 1 0 0 0 0 0 21 0 0 0 0 0 0 0 0 0 0 17 0 0 0 0 0 0 0 0 0 0 0 0 
 0 74 149 133 42 17 2 3 34 75 1 0 0 5 79 0 24 84 1 1 256 207 66 45 78 64 287 266 92 83 287 34 352 98 173 77 48 26 69 0 1 0 0 0 2 0 2 0 13 0 2 4 0 3 0 1 4 3 0 0 3 0 3 3 0 0 3 0 0 0 0 1 29 3 3 0 0 0 1 0 2 9 0 31 0 16 0 12 28 0 1 9 0 0 0 9 0 35 0 0 11 0 0 0 1 0 0 11 9 10 0 0 0 26 7 11 0 7 9 8 0 0 0 0 0 0 0 0 0 1 0 0 0 0 0 0 0 0 0 0 0 0 0 0 0 0 0 2 12 0 4 0 0 0 6 0 0 0 0 11 0 0 13 2 0 0 0 0 2 0 13 0 0 10 0 0 0 12 0 0 13 19 30 10 10 0 26 3 1 0 0 2 56 18 0 0 1 9 1 14 0 0 0 0 0 0 0 0 0 0 0 0 0 0 2 0 0 0 0 0 0 1 0 0 0 0 0 0 0 0 0 1 0 0 0 0 0 0 0 0 0 11 0 0 0 0 4 0 0 73 24 0 0 0 5 0 1 0 0 0 4 0 0 0 0 0 0 0 0 0 0 0 0 0 0 0 0 0 0 0 0 0 0 0 0 0 0 0 0 0 
 0 0 0 1 1 3 0 0 0 0 0 0 0 0 0 0 0 0 0 0 0 4 64 0 64 63 5 1 0 2 62 0 6 1 6 0 0 1 0 1 0 105 296 323 118 250 201 125 364 110 44 46 112 45 48 132 44 77 92 166 0 0 0 0 0 2 2 0 0 0 0 0 0 0 0 0 1 0 2 9 0 0 0 0 0 0 0 0 2 0 0 0 0 0 0 0 0 0 0 0 0 4 1 1 1 0 0 1 0 0 19 0 1 4 0 0 19 0 0 5 0 18 61 6 15 0 12 16 27 0 0 0 0 25 0 0 20 10 1 0 0 0 0 0 0 0 0 0 1 0 0 0 13 0 0 0 0 1 0 0 0 0 1 4 0 0 0 0 24 0 0 0 0 0 0 0 0 0 0 0 0 8 0 0 9 0 0 4 0 10 0 0 2 0 0 0 0 0 6 0 0 0 15 0 0 0 12 25 9 0 9 12 7 11 17 43 18 2 10 7 0 0 0 0 0 0 10 0 0 0 0 0 13 0 0 0 0 0 0 15 0 8 12 0 0 0 0 0 2 0 0 6 0 0 0 0 0 0 0 2 2 0 2 0 2 5 0 0 0 0 6 0 0 0 2 0 0 0 0 0 0 0 0 0 0 2 0 0 1 0 
 2 4 0 0 0 0 0 0 0 0 0 0 0 0 0 0 0 0 0 0 0 0 0 1 0 54 1 0 0 0 0 0 0 2 0 0 0 0 0 0 105 0 76 138 169 274 142 220 127 146 34 22 44 144 36 115 102 135 127 71 0 4 1 0 0 0 8 0 0 0 0 0 51 0 0 0 1 0 1 0 0 0 0 0 0 0 0 0 0 0 0 0 0 0 0 0 0 0 0 0 0 0 14 0 0 12 0 0 0 0 11 0 0 0 0 0 0 0 0 0 0 11 20 7 2 11 0 26 14 33 53 23 0 22 0 0 19 12 0 13 0 0 0 0 0 0 0 0 0 0 0 0 10 0 0 0 2 0 10 0 0 0 0 0 0 0 0 0 0 0 0 0 0 0 0 1 0 8 0 0 1 0 0 0 0 0 0 4 0 9 0 0 0 0 0 0 0 0 10 0 1 0 9 8 8 1 5 12 0 15 51 11 0 0 22 11 48 33 0 0 15 0 0 0 0 0 19 20 0 9 0 0 7 8 4 11 0 7 0 9 0 0 0 0 0 0 0 0 0 0 0 11 0 0 0 0 0 0 0 0 0 0 5 0 1 4 4 0 0 0 0 0 0 0 0 0 0 0 0 0 0 0 0 0 19 0 0 0 0 0 
 0 0 0 0 0 0 3 0 0 0 0 2 0 0 0 0 0 0 0 0 0 0 0 0 0 0 0 0 2 14 7 0 0 0 0 0 0 1 0 0 296 76 0 220 42 59 144 148 433 178 91 35 94 57 165 109 47 75 61 96 0 1 0 0 0 6 1 0 0 0 0 2 0 0 0 49 51 0 16 6 0 0 0 0 0 0 0 0 0 0 0 0 0 0 0 0 0 0 0 0 0 0 0 0 0 0 0 0 0 0 0 0 0 0 0 0 0 0 0 0 9 9 10 54 7 5 0 0 0 0 23 3 1 21 52 4 5 8 2 0 3 2 51 0 0 0 1 3 13 0 0 0 18 21 0 0 3 0 1 0 0 10 0 0 0 0 0 0 0 0 0 0 0 0 0 0 0 0 0 0 0 0 0 0 0 1 0 0 0 0 0 0 0 0 0 0 0 0 0 0 0 11 0 24 12 3 0 14 1 26 0 19 0 19 0 2 19 22 7 0 23 0 1 0 0 0 27 0 0 0 10 1 25 0 0 0 7 10 7 0 0 0 0 0 0 0 0 0 0 0 0 7 0 2 0 0 0 0 0 32 0 0 0 0 0 0 0 68 0 0 0 0 0 0 0 0 0 0 0 0 0 0 3 0 10 0 0 7 1 0 
 0 0 0 0 0 0 0 8 0 0 0 0 8 0 4 0 0 0 0 8 0 3 0 0 3 0 0 0 0 0 78 0 0 0 0 0 0 62 0 0 323 138 220 0 353 161 86 94 161 229 194 63 292 278 404 75 481 76 125 264 0 53 0 0 0 0 0 0 0 0 0 1 0 0 52 1 2 0 156 1 0 6 0 0 0 0 8 0 0 0 0 0 0 9 0 5 0 0 0 3 0 0 0 0 0 0 0 0 0 0 0 0 0 0 0 0 0 0 0 0 0 1 23 11 20 1 0 0 9 0 1 7 4 0 0 0 7 0 0 0 1 0 32 0 0 0 38 7 12 0 0 2 38 8 0 0 0 0 6 3 4 4 0 0 0 0 9 0 0 0 1 0 0 1 0 1 0 2 7 0 0 0 0 0 0 0 0 0 0 0 0 0 0 0 0 0 0 0 0 0 0 0 0 25 35 10 0 10 0 19 0 0 0 0 10 14 0 0 0 0 25 0 11 0 0 0 12 0 39 0 0 0 0 21 23 11 9 2 11 0 0 7 0 0 0 0 0 0 0 0 0 5 0 2 0 0 0 0 0 5 0 17 2 0 2 14 0 42 0 0 0 0 0 0 0 0 0 0 0 0 0 0 0 0 0 0 0 1 0 0 
 0 0 0 0 0 0 0 0 4 0 1 0 0 0 0 0 0 0 0 2 2 2 2 2 5 2 2 2 2 2 2 211 2 2 4 2 2 2 2 2 118 169 42 353 0 133 83 136 112 137 93 65 90 61 384 96 324 76 89 60 0 0 7 0 0 49 0 0 0 0 0 95 49 2 0 57 3 0 54 0 0 0 0 0 0 0 0 0 0 0 19 0 0 0 0 0 0 0 0 0 0 0 0 6 0 0 0 0 0 0 0 0 18 0 0 0 0 0 0 0 0 6 21 0 29 24 0 0 38 9 48 21 0 8 6 16 8 0 0 0 0 0 0 0 0 0 10 0 0 0 0 1 34 0 0 0 0 0 24 1 0 0 0 0 0 0 0 0 0 0 0 0 0 0 0 3 0 2 0 0 0 0 0 0 0 0 0 0 0 0 0 0 0 0 0 0 0 0 0 0 0 31 10 21 28 3 0 11 8 27 43 25 0 19 11 13 0 0 14 0 0 0 0 0 0 0 0 14 0 0 0 0 6 10 15 6 0 0 0 10 0 0 0 0 0 0 2 0 0 0 0 3 0 1 0 0 0 0 0 1 0 0 2 0 0 53 4 1 0 0 0 0 0 0 0 0 0 0 0 0 0 0 0 0 19 0 0 29 0 0 
 2 6 0 0 0 0 1 0 0 0 0 0 0 0 0 61 0 2 0 0 0 1 0 0 0 0 0 0 0 0 0 0 0 3 0 0 1 0 0 0 250 274 59 161 133 0 50 66 73 336 128 133 30 57 62 112 78 56 42 65 0 0 0 0 0 0 52 0 0 0 0 0 57 51 0 59 0 0 3 0 0 0 0 0 13 0 0 0 0 0 0 0 0 0 0 0 0 0 0 0 0 0 0 0 0 0 0 0 0 0 0 0 0 0 0 0 0 0 0 0 0 0 20 1 8 10 0 0 0 0 12 10 2 0 29 0 0 0 0 0 11 0 10 0 0 0 1 0 15 0 0 0 4 8 0 0 0 0 22 0 0 0 0 0 0 0 0 0 0 0 0 0 0 0 0 0 0 0 0 0 0 0 0 0 0 0 0 0 0 0 0 0 0 0 0 0 0 3 0 0 0 22 0 26 11 26 0 0 0 11 13 17 0 11 0 0 0 0 0 0 11 16 0 10 0 0 11 33 0 0 0 0 24 26 26 29 0 18 29 1 0 0 0 0 0 0 0 0 0 0 0 8 0 0 0 0 0 0 0 0 0 0 2 13 1 1 5 64 0 0 0 0 0 0 0 0 0 0 0 0 0 0 0 0 12 0 0 16 0 0 
 0 0 0 0 0 0 0 2 42 0 82 0 0 0 0 0 0 0 0 0 2 8 66 84 130 2 2 2 4 4 202 95 2 2 2 2 23 120 2 2 201 142 144 86 83 50 0 155 71 85 61 250 209 136 251 28 66 30 395 124 0 0 0 0 0 0 0 0 59 0 0 1 0 0 0 0 1 0 0 16 0 0 0 0 0 10 0 0 0 0 0 0 0 0 0 0 0 0 0 0 0 4 1 0 0 0 3 0 0 0 0 0 0 0 0 10 0 0 0 0 0 10 0 36 12 0 0 0 6 2 0 0 0 52 20 24 30 21 1 0 0 0 0 0 0 0 0 0 0 0 0 0 0 0 0 0 0 0 0 0 0 3 0 0 0 3 0 0 0 0 0 0 0 0 0 0 0 0 0 0 0 0 0 0 19 8 0 0 0 21 19 0 0 10 0 0 0 0 0 0 6 3 24 24 0 0 0 9 1 18 0 0 28 0 15 10 29 18 27 12 0 13 1 0 0 0 0 0 0 0 0 0 0 0 0 0 0 0 0 0 0 0 0 0 0 0 0 0 0 0 0 7 0 0 0 0 0 1 0 23 0 0 2 0 0 2 2 0 0 0 0 0 0 0 0 0 0 0 0 0 0 8 0 0 0 0 0 0 0 0 
 0 2 0 0 0 0 0 0 0 0 0 0 0 0 0 63 4 0 0 0 0 0 0 0 0 2 0 0 0 0 21 0 0 1 0 0 0 0 0 0 125 220 148 94 136 66 155 0 101 37 39 125 148 139 266 115 105 54 110 38 0 2 3 0 0 0 0 0 0 2 0 0 0 50 0 54 50 3 4 1 0 0 0 0 0 0 0 0 0 0 0 0 0 0 0 0 0 0 0 0 0 0 0 2 0 0 0 0 0 19 0 0 0 0 0 0 1 0 0 0 6 25 25 35 49 0 0 9 10 8 1 13 0 9 27 8 0 1 9 0 0 0 0 0 0 0 0 0 0 0 0 0 20 0 0 0 0 0 10 0 0 8 1 0 0 0 0 0 13 0 0 0 0 0 0 0 0 0 0 0 0 0 0 0 0 1 0 0 0 0 0 0 0 0 0 0 0 0 0 0 0 36 14 0 12 50 0 1 7 70 45 21 0 28 2 1 9 14 19 0 0 0 0 0 0 0 8 1 0 0 0 0 8 0 0 0 0 0 0 0 0 0 11 0 0 2 0 0 0 0 0 3 0 1 0 0 0 0 0 12 0 0 65 0 0 3 0 0 0 0 15 0 0 2 0 0 0 0 0 0 0 0 0 0 0 0 0 6 0 0 
 1 7 0 7 1 12 0 0 1 1 0 2 4 0 0 1 0 2 0 0 0 9 7 0 0 0 7 21 64 0 0 0 7 3 10 1 26 0 0 13 364 127 433 161 112 73 71 101 0 97 309 120 69 98 245 117 214 50 114 120 7 0 9 0 0 5 0 0 0 0 2 0 0 0 0 49 61 2 49 58 0 0 0 0 0 0 0 0 0 0 0 0 0 0 0 0 0 0 0 0 1 8 0 6 17 0 0 0 0 0 0 0 4 5 3 0 0 0 0 17 0 0 0 13 10 16 0 8 0 0 19 20 0 0 23 6 0 0 0 0 0 1 0 0 0 0 20 3 11 0 0 0 0 1 0 0 0 3 25 7 0 0 0 9 0 0 0 0 0 0 0 0 0 0 0 3 0 1 0 0 0 9 0 0 0 0 1 11 0 7 0 0 0 0 0 0 0 0 6 0 0 10 0 24 10 0 0 19 17 6 11 23 0 0 0 8 0 0 0 0 12 0 0 0 0 0 18 0 0 0 0 1 13 9 0 0 7 0 0 30 0 11 0 0 0 0 0 0 0 0 0 8 0 1 0 0 0 0 0 6 0 0 0 0 0 15 2 0 2 0 10 0 0 0 0 0 0 0 0 0 0 0 0 0 0 0 0 28 2 0 
 2 0 0 0 0 0 0 0 0 0 76 0 0 0 0 0 0 0 0 2 0 3 0 0 6 0 0 0 0 0 0 0 0 0 0 0 0 0 0 0 110 146 178 229 137 336 85 37 97 0 365 120 51 73 164 101 346 105 82 169 0 1 2 1 0 0 57 2 0 0 0 0 3 2 3 1 4 0 47 0 0 0 0 18 0 0 0 0 0 0 0 0 0 0 0 0 0 0 0 0 0 0 0 0 0 0 0 0 0 0 0 0 0 0 0 0 0 0 0 0 0 27 10 6 19 24 0 8 9 0 38 0 0 13 12 6 44 11 0 0 6 12 21 0 0 0 0 0 9 0 0 0 10 1 0 0 8 3 0 0 0 0 0 0 0 0 0 0 0 0 0 0 0 0 0 0 0 17 0 0 0 0 0 0 0 0 0 0 0 0 0 0 0 0 0 0 0 0 0 0 0 8 0 42 0 8 6 36 12 0 0 19 0 0 9 23 17 15 0 0 28 0 0 0 0 0 38 1 23 0 0 9 24 14 0 0 10 8 24 33 0 2 0 0 0 0 0 0 0 0 0 0 0 1 0 0 0 0 0 3 0 0 1 0 66 9 5 3 0 0 11 0 0 0 0 0 0 0 0 0 0 0 6 0 7 0 0 1 0 0 
 2 2 2 2 2 2 3 5 2 2 2 2 2 2 2 2 2 2 2 2 2 3 3 3 2 3 2 2 2 2 2 3 2 2 2 2 2 2 2 2 44 34 91 194 93 128 61 39 309 365 0 340 32 31 148 168 164 42 179 271 0 0 0 0 0 0 0 0 0 0 0 0 265 0 0 0 2 0 262 54 0 0 0 0 0 0 0 0 0 0 0 0 0 0 0 0 0 0 0 0 0 0 0 0 0 0 0 0 0 0 0 0 0 0 0 0 0 0 0 1 0 0 65 0 0 32 20 0 0 0 22 24 13 0 0 10 0 0 0 0 0 0 9 0 0 0 10 0 7 0 0 1 1 7 0 0 0 0 13 22 0 0 0 0 0 15 0 0 0 0 0 0 0 0 0 7 0 4 0 0 0 0 0 0 0 0 0 0 0 0 0 0 0 0 0 0 0 0 0 0 5 0 0 20 17 7 0 7 0 9 42 1 0 10 7 6 0 0 0 0 10 0 0 1 0 0 20 16 0 0 0 0 6 5 18 15 0 6 8 0 0 0 0 0 0 0 0 0 0 0 0 8 0 0 0 0 0 0 0 8 0 0 3 50 0 24 2 63 0 0 0 0 0 0 0 0 0 0 0 0 0 0 0 0 29 15 0 0 0 0 
 2 0 0 0 2 0 0 2 0 1 0 0 62 0 0 0 0 1 0 0 4 2 4 2 2 2 2 2 2 2 2 3 2 2 2 2 2 2 2 4 46 22 35 63 65 133 250 125 120 120 340 0 40 28 70 114 154 279 113 251 0 0 4 0 0 0 31 0 0 3 0 0 0 24 0 51 0 0 0 0 0 0 0 0 0 0 0 0 0 0 0 0 0 0 0 0 0 0 0 0 0 0 0 0 0 0 0 18 0 0 0 0 0 0 0 0 0 0 0 0 8 21 29 1 16 4 0 6 18 7 10 12 1 0 1 39 12 9 0 0 3 0 0 0 0 0 0 0 0 0 0 0 1 0 0 0 33 1 29 0 0 0 0 0 0 0 0 0 0 0 0 0 0 0 0 0 0 0 0 0 0 0 0 0 0 0 0 0 0 0 0 0 0 0 0 0 0 0 0 0 22 31 10 6 0 29 1 16 17 29 38 33 0 20 10 18 0 0 0 0 0 11 0 6 0 0 11 1 0 0 0 0 40 11 11 1 0 0 4 13 0 0 11 0 0 0 0 0 0 0 0 2 0 2 0 0 0 0 0 0 0 1 2 67 4 1 3 1 0 4 6 0 0 0 0 0 0 0 0 0 0 3 23 0 25 0 0 0 0 0 
 0 0 0 0 0 0 0 0 0 0 0 0 0 0 0 2 0 0 0 3 4 63 64 76 169 77 0 0 0 54 65 85 0 2 0 62 78 125 0 0 112 44 94 292 90 30 209 148 69 51 32 40 0 103 33 54 260 30 172 64 0 0 0 0 0 0 0 0 0 0 0 2 0 0 28 0 51 0 0 0 0 0 0 0 0 0 0 0 0 0 0 0 0 10 0 0 0 0 0 0 0 0 18 6 24 1 0 0 0 30 4 0 0 0 0 0 4 7 0 0 0 0 0 4 0 0 16 6 0 17 0 0 0 0 1 19 25 10 21 0 0 0 0 0 0 0 0 0 0 0 0 0 0 0 0 0 0 0 0 0 0 3 0 0 0 0 0 0 0 0 0 0 0 0 0 0 2 0 0 0 0 0 0 12 0 27 0 0 9 0 11 0 0 0 0 0 1 3 0 0 2 9 30 12 0 0 26 0 12 1 0 0 21 7 0 9 0 33 31 0 0 0 0 0 0 0 0 0 0 0 0 0 0 0 0 0 0 0 0 0 0 0 0 0 0 0 0 0 0 0 0 4 0 0 0 0 0 0 3 3 0 0 0 0 0 2 0 0 0 0 0 0 0 0 0 0 0 0 0 6 0 18 0 0 0 21 0 0 2 0 
 0 0 0 0 0 0 6 0 0 0 0 0 0 0 0 0 0 2 0 0 3 3 3 6 89 141 66 3 3 7 4 66 65 3 6 3 3 3 3 3 45 144 57 278 61 57 136 139 98 73 31 28 103 0 282 113 314 111 103 210 0 0 0 0 0 0 0 0 0 0 0 2 0 0 0 0 0 0 0 2 0 0 0 0 0 0 0 0 0 0 0 0 0 0 0 0 0 0 0 0 0 0 0 0 0 28 0 0 0 0 1 1 0 0 0 0 0 0 0 0 15 8 10 29 0 0 27 48 10 20 0 0 27 11 0 0 24 10 10 62 0 1 0 0 0 0 5 0 0 0 0 0 0 0 0 0 0 0 0 0 0 0 0 0 0 0 0 0 0 0 0 0 0 0 0 0 8 0 0 0 0 0 0 0 6 28 0 0 0 0 22 36 0 2 0 0 0 0 0 0 1 11 4 0 0 0 11 1 25 11 0 0 29 0 8 21 22 26 0 13 19 0 0 0 0 0 0 11 0 0 0 0 0 0 0 0 0 0 0 0 0 0 0 0 0 0 0 0 0 0 0 10 0 0 0 0 0 0 0 0 0 0 0 0 0 1 1 0 0 0 0 0 0 0 0 0 0 0 0 0 0 0 0 0 0 33 0 0 0 0 
 2 0 0 0 0 0 4 0 0 0 2 0 0 0 0 0 2 2 0 3 0 0 0 0 2 0 0 0 0 4 0 0 0 0 0 0 0 0 0 0 48 36 165 404 384 62 251 266 245 164 148 70 33 282 0 152 64 458 116 115 0 0 9 13 0 7 0 0 0 0 0 3 0 0 0 50 1 0 44 1 0 1 0 0 0 0 0 0 0 0 0 0 0 0 0 0 0 0 0 10 0 0 0 0 0 0 0 0 0 0 0 0 0 0 0 0 0 0 0 0 13 4 30 22 22 20 0 9 19 0 12 32 1 0 19 7 20 0 0 17 1 5 2 6 6 0 3 10 7 0 0 0 9 0 0 1 0 5 0 22 0 0 0 0 0 0 0 0 0 0 0 0 0 0 0 6 0 4 0 0 0 0 0 0 0 0 0 0 0 9 0 0 0 0 0 0 0 0 0 0 0 21 17 8 16 6 0 36 16 7 14 33 0 29 0 6 0 0 14 0 9 0 0 0 0 9 0 0 0 0 0 0 29 1 0 0 7 0 0 19 0 0 28 0 0 0 0 0 0 0 0 4 0 2 0 0 0 0 0 5 0 0 0 0 0 24 0 0 0 0 2 0 0 0 0 0 0 0 0 0 0 0 0 0 0 0 0 7 0 0 
 2 2 0 0 0 0 1 0 0 2 2 0 2 0 0 0 2 3 0 0 1 2 4 1 1 1 1 1 70 1 7 0 0 3 1 1 8 6 1 1 132 115 109 75 96 112 28 115 117 101 168 114 54 113 152 0 122 174 110 85 0 1 4 63 0 0 0 0 2 0 5 1 0 4 1 59 14 0 1 31 0 0 0 0 0 0 0 0 0 0 0 0 0 0 0 0 0 0 0 0 0 0 0 0 7 0 0 0 0 7 0 0 0 10 0 0 0 0 0 0 34 30 24 31 48 12 0 10 80 0 9 21 5 0 6 1 2 23 12 10 9 1 0 0 0 14 14 0 0 0 0 0 22 0 0 0 0 0 17 11 0 0 0 0 0 0 0 0 0 0 0 0 11 0 0 2 0 41 0 13 0 0 0 0 0 0 0 0 8 0 9 0 0 0 6 0 5 52 0 0 6 14 15 0 35 9 0 1 0 22 41 19 0 45 22 1 3 0 26 0 0 0 0 0 0 0 8 7 0 0 0 0 7 0 0 9 0 0 9 0 0 0 14 0 0 0 0 0 0 2 0 2 0 0 64 0 2 0 0 4 0 0 1 1 0 2 4 0 0 0 0 0 0 0 0 0 0 0 0 0 0 0 0 0 0 17 0 8 0 0 
 0 1 0 4 4 5 0 0 0 0 5 0 0 0 0 0 0 0 0 2 0 7 3 0 3 21 6 1 0 0 0 0 10 3 7 0 0 0 0 4 44 102 47 481 324 78 66 105 214 346 164 154 260 314 64 122 0 273 271 43 0 6 43 0 3 3 0 0 3 0 0 1 0 9 0 0 1 4 3 19 0 0 0 0 0 0 0 0 5 0 0 0 0 0 0 0 0 0 0 0 0 6 0 2 0 8 0 0 0 0 0 0 1 5 0 0 0 0 0 6 0 1 0 0 6 118 11 30 9 20 26 12 0 0 0 7 0 0 0 1 20 1 0 0 0 0 1 0 0 0 0 0 0 0 0 0 0 5 19 21 0 0 0 4 0 0 0 0 0 0 0 0 0 0 0 28 0 3 0 0 0 9 0 0 0 0 0 5 0 3 0 0 5 0 0 0 0 0 10 3 0 14 9 7 15 10 1 7 22 9 36 34 0 0 6 24 19 9 0 0 0 0 0 0 0 0 21 6 0 0 0 0 10 1 0 41 0 1 16 24 0 9 21 0 0 0 0 0 0 0 0 6 0 1 0 0 0 0 0 0 0 1 0 0 0 1 6 2 1 0 6 0 51 0 0 0 0 0 0 0 0 1 0 0 0 0 0 0 0 0 
 2 2 2 2 2 2 2 2 2 2 2 2 2 2 2 2 2 2 2 2 4 8 3 3 49 59 3 3 5 3 3 3 3 4 3 3 4 3 3 3 77 135 75 76 76 56 30 54 50 105 42 279 30 111 458 174 273 0 93 134 0 0 6 0 0 0 0 0 0 0 0 0 0 0 0 0 2 0 55 0 0 0 0 0 0 0 0 0 0 0 0 0 0 0 0 0 0 0 0 0 0 0 0 0 0 11 0 0 0 0 0 5 0 0 0 0 0 10 0 0 27 13 36 11 23 0 0 15 42 6 0 14 4 0 7 8 13 0 1 14 0 2 0 0 0 0 13 0 0 0 0 0 5 0 0 0 0 0 0 0 0 0 0 0 0 0 0 0 0 0 0 0 0 0 0 0 0 18 0 0 0 0 0 0 0 0 0 0 0 0 0 0 1 0 0 0 8 0 0 0 3 10 28 0 8 11 11 25 36 45 28 2 4 6 24 30 17 9 8 6 0 0 0 0 0 0 0 0 0 0 0 0 0 0 0 0 0 0 0 0 0 0 11 0 0 0 0 1 3 0 0 2 0 1 0 0 0 0 0 3 0 1 3 0 2 22 0 2 0 7 0 0 0 1 0 0 0 0 0 0 0 0 0 0 0 0 0 0 1 0 
 0 0 0 0 0 0 0 3 0 0 5 0 0 0 2 0 62 0 0 0 0 2 0 86 33 143 0 0 0 0 1 22 0 1 3 64 86 63 0 0 92 127 61 125 89 42 395 110 114 82 179 113 172 103 116 110 271 93 0 267 2 7 9 22 0 0 2 0 0 2 0 0 0 0 0 0 52 0 0 24 0 0 0 0 0 0 0 0 0 0 0 0 0 0 0 0 0 0 0 0 0 0 0 0 0 0 0 0 0 0 0 0 0 0 0 0 0 0 0 0 0 13 8 6 18 0 14 21 20 11 0 0 11 21 20 36 0 23 0 42 0 0 12 0 0 0 7 7 0 0 0 4 4 0 1 0 3 0 4 7 0 7 0 0 0 0 0 0 0 0 0 0 0 0 0 0 0 0 0 0 0 0 0 0 0 7 0 0 0 0 0 0 0 0 0 0 0 0 0 0 11 10 36 0 8 0 47 67 0 19 17 0 0 25 40 8 30 34 0 0 4 0 3 0 0 0 0 7 11 2 0 0 0 8 32 1 0 10 0 0 0 0 22 0 0 0 0 0 0 0 0 4 0 2 0 0 0 0 0 21 0 0 3 0 0 0 0 0 0 0 0 0 0 0 0 0 0 0 0 0 0 15 0 0 14 0 0 0 1 0 
 0 0 0 0 0 0 0 0 0 0 0 0 0 0 0 0 0 0 0 2 0 4 0 0 84 146 0 0 0 0 1 0 0 0 2 0 5 1 0 0 166 71 96 264 60 65 124 38 120 169 271 251 64 210 115 85 43 134 267 0 0 2 0 0 2 0 9 0 0 2 0 1 0 3 0 0 1 3 0 8 0 0 0 0 0 0 0 0 0 0 0 0 0 0 0 0 0 0 10 0 0 0 0 0 3 38 0 0 0 5 0 1 0 0 0 0 1 1 0 0 1 0 0 0 0 0 41 36 9 22 0 0 7 0 13 0 0 29 0 48 0 3 0 0 0 0 0 0 0 0 0 0 0 0 0 0 0 2 1 0 0 0 0 0 0 0 23 0 0 0 0 0 0 0 0 0 5 0 0 0 0 0 1 0 0 49 0 0 5 0 3 0 0 0 0 1 0 5 0 0 2 0 10 0 11 1 25 18 30 0 11 11 17 36 26 28 22 22 15 15 0 0 0 0 0 0 0 0 0 0 0 0 14 0 0 0 0 0 0 27 0 0 2 0 0 0 0 0 0 0 0 5 0 0 0 0 0 0 6 0 0 0 2 0 0 0 0 0 1 0 0 0 0 1 0 0 0 0 0 0 0 0 0 0 0 15 0 0 2 0 
 2 50 0 0 0 3 0 0 0 0 0 0 0 0 0 0 0 0 0 0 3 3 3 5 3 3 4 3 3 3 3 2 3 3 3 3 3 3 3 3 0 0 0 0 0 0 0 0 7 0 0 0 0 0 0 0 0 0 2 0 0 135 299 88 254 49 516 145 163 37 287 51 100 197 62 92 98 57 95 130 0 18 0 0 0 0 0 0 0 0 0 0 0 0 0 0 0 0 0 0 1 1 2 1 1 3 1 1 1 1 1 3 2 1 2 2 2 3 1 2 0 0 0 0 0 0 0 0 0 0 0 11 0 0 0 0 0 0 0 0 0 9 19 0 1 13 0 21 19 22 14 26 0 24 0 28 6 28 0 0 4 0 13 0 0 0 0 6 0 0 0 0 0 0 0 0 0 0 0 0 0 0 0 0 0 0 0 0 0 0 0 0 0 0 0 0 0 0 0 0 0 0 0 0 0 0 0 0 0 0 0 0 0 0 0 0 0 0 0 0 20 2 0 34 27 3 0 0 0 5 6 72 0 0 0 6 11 1 0 1 0 0 0 0 0 0 0 0 0 1 0 0 0 0 10 0 0 1 0 0 0 0 12 1 0 1 0 0 0 0 11 0 0 6 0 2 0 0 0 0 0 0 0 0 0 0 0 0 0 2 
