 0 247 141 161 66 28 139 574 133 265 81 117 340 347 106 53 119 144 34 93 0 0 0 0 0 1 0 1 2 0 4 0 0 0 0 2 2 2 0 0 0 0 0 28 0 0 0 0 3 2 0 3 2 0 0 0 0 0 0 2 0 2 0 0 0 2 0 3 0 0 0 0 14 3 0 0 0 3 0 0 15 0 23 9 14 0 43 10 4 9 34 0 39 0 0 2 0 0 54 10 0 0 0 0 0 0 0 0 0 0 1 0 0 1 0 0 0 0 1 14 0 0 0 0 0 0 0 0 0 0 7 13 0 0 0 0 0 0 0 0 0 0 0 0 2 0 0 2 9 0 0 27 0 0 0 2 7 0 0 0 0 18 1 12 9 3 0 9 17 0 0 0 72 13 25 10 6 1 31 0 2 0 0 0 0 0 0 2 0 0 0 0 0 0 0 1 0 0 0 14 2 0 0 0 0 0 0 0 0 0 0 0 0 0 2 0 0 0 0 0 2 0 0 0 0 0 0 0 0 0 0 0 0 0 0 0 0 0 0 0 0 0 0 0 0 2 0 2 0 0 1 1 0 0 0 0 0 0 0 0 0 0 0 0 0 0 0 0 0 0 0 0 0 0 0 0 10 0 0 0 0 0 0 0 0 0 0 0 0 0 
 247 0 421 177 361 28 295 466 55 171 207 82 60 146 148 461 1044 226 42 138 0 0 0 0 0 0 0 2 2 0 2 0 2 0 0 2 2 0 0 0 2 0 0 0 0 0 0 0 3 8 0 3 2 0 0 0 0 0 20 2 0 2 0 1 0 50 0 3 0 0 2 0 56 3 0 0 0 3 0 0 37 20 19 27 52 10 10 0 8 11 18 24 22 36 22 20 1 12 13 2 0 0 0 0 0 0 12 1 0 0 0 0 0 16 0 0 0 0 9 18 0 0 0 0 0 0 1 0 0 0 2 0 0 0 0 0 0 0 0 0 0 0 0 0 0 5 0 0 0 0 0 0 0 0 0 0 0 0 0 0 8 0 9 73 11 7 10 4 9 10 14 0 0 37 0 0 26 20 0 0 0 21 0 0 0 0 1 1 0 0 0 0 14 0 0 0 0 0 0 1 2 0 0 0 0 0 0 0 2 0 0 0 0 0 0 0 0 0 0 0 0 0 0 0 0 0 0 0 0 0 0 0 0 0 0 0 0 0 0 0 0 0 0 0 0 2 1 0 90 50 0 17 48 0 0 0 0 0 0 0 0 0 0 0 0 0 0 0 0 0 0 0 0 0 0 14 0 9 0 0 0 0 0 0 0 0 0 0 0 0 
 141 421 0 188 143 24 262 484 179 161 165 132 367 156 177 274 408 77 34 37 27 0 0 0 1 1 0 2 0 0 0 0 2 0 0 0 2 0 77 0 0 0 0 0 7 0 0 0 3 2 0 3 2 0 1 0 4 2 3 3 0 2 0 2 0 2 0 3 0 1 0 0 2 2 0 0 1 3 0 29 0 28 10 1 0 0 10 33 37 43 49 0 9 10 10 0 11 34 0 13 0 0 0 0 0 0 0 0 0 0 0 0 0 0 0 9 0 0 0 15 0 0 0 0 0 0 0 0 0 0 5 0 0 0 0 0 0 0 0 0 0 0 2 0 7 0 10 0 0 0 0 0 0 0 0 0 0 0 0 0 6 15 22 25 11 1 20 35 10 17 14 17 9 18 18 27 4 3 10 0 0 2 0 0 0 0 0 0 0 0 0 0 0 0 0 0 0 0 1 0 0 0 0 1 0 0 0 0 0 0 0 0 0 0 0 0 0 0 0 0 0 0 0 0 0 0 0 0 0 0 0 0 0 0 0 0 2 0 2 0 0 0 0 0 1 0 1 0 88 46 0 15 0 0 0 0 0 0 0 0 0 0 5 0 0 0 0 0 0 0 0 0 0 0 0 11 0 0 0 0 0 0 0 0 0 0 0 0 0 0 
 161 177 188 0 357 59 190 172 166 305 158 105 169 177 238 262 271 129 287 59 0 0 0 0 0 0 0 0 72 0 0 2 1 3 2 0 10 0 91 74 0 0 0 0 1 3 0 0 3 2 0 3 2 2 2 0 3 0 5 2 0 2 0 5 0 2 0 3 1 5 0 0 2 3 0 0 2 3 0 0 0 28 27 18 2 0 22 0 46 54 2 36 2 11 9 19 9 25 0 0 1 10 14 0 0 1 0 16 0 0 0 0 0 0 19 0 2 0 3 1 0 0 0 38 0 0 0 0 0 0 5 0 0 0 0 0 2 0 0 0 0 0 0 0 0 7 0 0 0 0 0 0 0 0 0 0 0 0 0 0 0 0 0 18 1 2 3 1 20 5 0 41 0 59 0 0 6 0 0 0 0 8 0 0 0 0 10 0 0 9 0 0 1 1 40 0 0 0 11 0 0 0 0 0 0 0 0 0 0 0 0 2 0 0 0 0 0 0 21 0 0 0 0 0 0 0 0 0 0 0 0 0 0 0 2 0 0 0 0 0 0 1 0 0 0 0 0 0 88 8 9 6 0 0 0 0 0 0 0 0 0 0 0 0 0 0 0 0 0 1 0 0 0 0 0 0 0 11 0 0 0 0 0 0 0 0 0 0 0 0 
 66 361 143 357 0 236 83 180 141 125 241 218 95 189 351 86 254 165 59 92 3 0 32 0 0 1 76 80 1 0 0 1 74 1 1 74 76 3 0 4 0 3 0 2 1 3 0 0 6 2 0 2 2 0 3 0 7 3 3 3 2 2 0 0 4 2 0 3 0 0 0 0 3 6 0 0 0 3 4 0 0 30 7 23 15 0 14 0 17 17 35 25 14 19 9 2 14 15 0 0 18 0 20 12 0 0 26 38 0 18 0 0 0 1 0 0 0 0 10 21 0 0 0 0 0 0 0 0 0 2 9 0 0 0 0 0 0 0 0 0 0 0 0 0 0 9 0 0 0 0 0 0 0 0 1 0 0 0 0 0 0 0 14 15 10 13 2 0 10 8 0 33 0 19 0 20 10 0 0 0 0 19 1 0 0 0 0 0 12 10 0 0 13 10 0 14 0 30 11 0 0 0 0 0 0 0 0 0 0 0 0 0 0 0 0 0 0 0 1 0 0 1 0 0 0 0 0 0 0 0 0 23 0 0 0 0 0 0 0 0 0 0 0 0 0 0 0 2 49 2 3 13 0 2 0 0 2 0 0 0 0 0 0 0 2 0 0 0 0 0 0 0 0 0 0 0 0 4 0 0 0 0 0 0 0 0 0 0 0 2 
 28 28 24 59 236 0 132 61 69 359 81 349 45 46 36 197 76 54 49 274 82 166 150 75 0 0 104 92 75 1 0 6 0 143 0 173 62 0 170 3 2 1 0 0 1 0 1 1 3 6 1 3 2 0 0 5 0 0 0 3 0 2 0 5 1 2 0 3 0 0 0 0 2 3 0 0 1 3 0 0 2 0 0 1 18 17 0 2 0 0 0 10 0 0 0 18 0 0 0 0 5 22 30 18 16 3 23 33 0 19 59 0 0 23 47 0 25 0 16 0 0 0 1 0 0 0 0 0 0 0 0 0 0 0 0 0 0 20 0 0 0 0 0 7 0 0 0 0 0 0 0 1 0 0 0 1 0 0 1 0 0 0 0 17 0 19 0 0 0 37 0 0 0 0 0 0 1 19 0 0 21 32 13 0 0 0 37 0 59 20 23 0 23 21 7 15 14 16 10 13 0 0 0 0 27 10 0 0 0 1 0 0 0 0 0 0 0 0 0 0 5 0 0 2 0 0 0 0 0 0 0 0 0 0 0 1 0 0 0 0 0 21 0 0 0 0 46 0 0 0 0 17 0 0 0 0 0 151 0 0 0 0 0 0 0 0 19 0 0 0 0 0 0 0 0 0 0 0 0 0 0 20 0 0 0 1 9 0 0 0 
 139 295 262 190 83 132 0 553 250 380 134 38 412 442 163 51 34 248 350 383 0 0 0 0 0 0 0 72 0 0 0 0 0 0 0 0 3 0 0 0 0 0 0 0 0 0 0 0 8 2 0 3 2 5 0 3 0 1 0 1 0 2 0 0 0 2 0 3 0 0 0 0 44 3 0 0 0 2 0 2 28 1 0 0 0 0 12 19 0 11 22 15 27 38 0 19 21 13 11 33 0 0 0 0 0 0 0 0 0 0 0 0 0 0 0 0 0 0 0 0 0 0 0 0 0 0 0 1 0 0 0 0 0 0 2 0 0 0 0 0 0 0 2 0 0 0 0 0 0 0 1 0 2 0 0 0 0 0 0 0 7 45 38 12 0 0 20 12 15 9 0 17 13 16 34 19 0 17 37 19 0 0 0 1 2 0 8 0 0 0 0 0 0 0 0 0 0 0 12 0 0 0 0 0 0 0 0 0 0 0 0 0 0 0 0 0 0 0 0 0 0 0 0 0 0 0 0 0 0 0 0 0 0 0 0 0 2 0 0 0 0 0 0 0 0 0 2 1 75 0 0 11 0 0 0 0 2 0 0 0 0 0 0 0 0 0 0 0 0 0 0 0 2 24 0 0 0 0 0 0 0 0 0 0 0 0 0 0 0 0 
 574 466 484 172 180 61 553 0 93 262 134 244 408 145 50 80 238 250 223 232 0 5 0 2 7 2 0 0 3 2 1 0 2 0 2 1 48 0 0 0 0 0 6 0 0 0 0 0 3 2 0 3 2 0 1 3 2 0 0 2 12 2 0 0 1 2 0 3 0 0 0 0 4 3 0 0 2 5 2 2 11 24 14 10 0 0 56 39 1 14 6 0 5 5 6 0 0 0 15 41 0 0 2 0 0 0 0 0 0 0 0 1 0 0 2 0 0 0 1 16 0 0 1 0 0 0 0 0 0 0 10 0 0 0 0 0 0 0 0 0 0 2 0 0 0 0 0 0 0 0 0 0 0 0 0 0 0 0 0 0 21 17 18 0 11 0 16 8 24 0 0 13 8 14 36 25 11 16 8 0 0 0 0 0 0 0 0 0 2 2 0 0 0 0 0 0 0 0 0 0 0 0 0 0 0 0 0 0 0 0 0 0 2 0 0 0 0 0 0 0 0 0 2 0 0 0 0 0 0 0 0 0 0 0 0 1 0 0 0 0 0 0 0 0 0 1 1 0 2 3 0 1 0 0 0 2 0 0 0 18 0 0 0 0 0 63 0 0 0 0 0 2 0 0 0 0 0 0 0 0 0 0 0 0 0 1 0 0 0 0 
 133 55 179 166 141 69 250 93 0 59 32 143 221 218 154 154 308 98 177 76 2 0 0 0 0 0 1 0 44 0 0 0 0 0 1 0 3 0 2 0 0 0 0 0 0 0 0 0 3 2 0 3 2 0 0 0 34 0 63 2 0 2 0 0 0 8 0 3 0 0 0 0 2 3 0 0 0 3 0 0 24 0 7 27 10 18 0 40 12 62 29 20 0 16 6 39 9 28 0 0 13 0 0 0 0 0 0 0 19 0 0 0 9 0 0 0 0 0 19 0 0 0 0 0 0 0 0 0 0 0 0 0 0 0 0 0 0 0 0 0 0 0 0 0 0 4 0 0 0 0 0 0 0 0 0 0 0 0 0 0 10 34 35 18 1 0 42 6 1 36 1 32 9 53 32 19 38 14 4 0 0 0 0 0 0 0 19 0 0 0 0 0 0 0 0 0 0 0 20 0 0 0 0 0 0 0 0 0 0 0 0 0 0 0 0 0 0 0 0 0 0 7 0 5 0 0 0 0 0 0 0 0 0 0 0 0 0 0 0 0 0 0 0 0 0 4 0 0 88 0 9 4 0 0 0 0 0 0 0 0 0 0 10 0 0 0 0 0 0 0 0 0 0 0 0 0 0 1 0 0 0 0 0 0 0 0 0 0 0 0 
 265 171 161 305 125 359 380 262 59 0 169 64 151 101 129 269 276 69 383 327 0 0 0 0 3 0 0 0 0 3 3 0 0 0 0 1 2 77 104 74 0 0 0 0 3 0 0 2 3 2 2 3 2 0 0 1 0 0 0 3 0 3 0 0 0 2 0 3 0 0 0 0 2 3 0 0 1 3 1 41 0 39 0 11 16 47 0 12 41 10 0 13 17 0 19 0 11 7 0 0 19 10 15 0 0 0 0 23 1 0 0 2 0 0 15 55 10 0 11 0 0 0 2 0 0 0 0 0 0 0 0 0 0 0 0 0 0 0 0 0 0 0 0 0 0 7 0 0 0 0 0 0 0 0 18 0 0 0 0 0 11 10 0 27 12 10 11 8 4 0 0 7 20 0 0 0 12 9 0 0 0 8 0 0 0 0 30 0 0 1 15 14 2 13 11 0 0 0 13 0 0 0 0 0 1 1 0 0 0 2 0 0 0 0 0 0 0 0 10 0 0 6 1 0 0 0 0 0 25 0 0 0 0 0 0 2 0 0 0 0 0 13 1 0 0 2 89 0 1 86 0 17 0 0 0 0 0 0 0 0 0 0 0 0 0 0 0 0 0 0 0 0 0 0 0 0 0 5 0 0 0 0 0 0 0 2 0 0 0 0 
 81 207 165 158 241 81 134 134 32 169 0 337 62 51 157 263 139 379 31 304 76 74 1 0 0 0 22 74 0 1 0 0 75 74 0 1 2 0 133 143 0 0 0 0 0 0 0 0 3 2 0 3 2 0 0 0 1 0 0 2 0 2 0 0 0 2 0 3 0 0 0 0 30 3 0 0 0 3 0 0 0 10 16 6 10 1 14 0 35 30 43 14 0 1 12 34 9 14 0 0 14 37 13 0 0 0 0 13 0 0 0 0 38 9 30 12 2 0 25 28 0 0 0 0 3 0 0 1 0 0 10 0 0 0 0 12 0 0 0 0 0 0 2 0 0 5 0 0 0 0 1 0 2 0 0 0 0 0 0 0 1 0 0 10 10 10 0 0 8 0 0 9 0 18 0 0 10 2 0 9 0 20 15 1 2 0 24 0 0 0 0 0 0 11 10 14 0 22 10 1 0 0 0 0 0 0 1 0 0 0 0 0 0 11 0 0 0 0 8 0 0 0 0 0 0 0 0 0 0 0 0 0 0 0 0 0 2 0 0 0 0 0 0 0 0 0 1 0 2 1 0 23 0 0 0 0 0 0 0 0 0 0 0 0 0 0 0 0 0 0 0 0 0 0 0 7 0 6 0 0 0 0 0 0 0 0 0 0 0 0 
 117 82 132 105 218 349 38 244 143 64 337 0 29 41 126 131 73 470 55 41 1 0 74 0 0 0 2 0 0 2 0 0 22 0 1 1 25 0 77 82 0 0 0 3 2 2 0 0 3 6 3 3 65 0 0 0 1 4 0 3 0 5 0 0 0 2 0 3 2 3 0 0 63 2 0 0 0 3 0 0 0 18 19 16 27 1 1 0 0 52 30 36 0 0 6 30 20 8 0 0 25 0 20 1 0 0 0 15 0 22 0 0 6 53 0 0 9 2 0 31 0 2 0 0 2 18 0 2 1 0 0 3 2 2 0 1 0 0 0 0 0 0 0 0 4 4 0 0 0 0 0 0 0 1 0 0 0 0 0 0 0 0 0 26 7 10 15 0 5 1 4 0 4 17 0 0 7 13 0 0 0 15 0 0 0 0 11 0 1 0 0 0 14 5 0 2 0 0 12 1 0 0 0 0 0 0 0 0 0 0 0 0 0 0 0 0 0 0 0 0 0 0 0 0 0 0 0 0 0 0 0 0 0 0 0 1 0 3 0 0 0 1 0 0 0 4 0 0 0 0 12 2 0 0 0 0 0 0 0 0 0 0 0 0 0 0 0 0 0 0 0 0 0 0 0 23 17 0 0 0 0 0 0 0 0 0 0 0 0 0 
 340 60 367 169 95 45 412 408 221 151 62 29 0 304 226 255 183 203 441 177 0 0 0 0 0 0 0 0 0 0 1 0 2 0 0 0 2 0 0 0 0 0 0 0 1 0 0 0 3 2 0 3 2 0 0 16 4 0 6 3 0 7 0 0 0 2 0 3 0 0 0 0 2 3 7 0 0 3 3 0 12 14 7 22 0 2 64 29 11 41 42 2 10 24 21 23 1 0 49 18 0 0 0 0 0 0 6 0 0 0 0 0 0 0 0 0 0 0 0 0 0 0 0 0 0 0 0 0 0 0 11 0 0 0 0 0 0 2 0 0 0 0 12 0 0 0 9 0 0 0 14 0 0 0 0 0 0 0 0 1 9 20 48 0 20 0 18 33 20 15 0 30 57 18 2 27 14 21 16 0 0 0 0 0 0 0 2 0 10 0 0 0 2 0 0 0 0 1 16 0 0 2 0 0 7 0 0 0 0 0 0 0 0 0 0 0 1 0 0 0 0 0 0 0 0 0 0 0 0 0 0 0 0 0 0 0 0 0 0 0 0 0 0 0 5 0 0 0 0 1 0 15 0 0 0 0 0 0 0 0 0 0 12 0 0 0 0 0 0 0 0 0 0 0 0 0 0 0 0 0 0 0 0 0 0 0 0 0 0 0 
 347 146 156 177 189 46 442 145 218 101 51 41 304 0 400 132 127 43 333 184 75 0 0 0 2 0 1 0 2 0 3 0 0 0 0 0 2 0 0 0 0 3 0 0 0 0 2 2 5 2 0 4 2 2 0 0 0 64 0 2 2 2 2 2 2 8 1 3 0 1 0 3 2 3 3 0 0 3 0 0 11 8 23 12 2 0 11 36 0 8 21 9 15 34 0 37 19 18 10 0 0 0 0 0 0 0 0 0 0 0 0 0 0 0 0 0 1 0 0 0 0 0 0 0 0 0 3 0 0 0 0 0 4 0 0 0 0 0 0 0 0 0 0 0 0 0 0 0 0 0 0 0 0 0 0 0 0 0 0 2 9 26 37 24 0 0 35 6 21 9 0 10 1 39 16 8 0 14 7 0 0 0 0 0 0 0 23 0 0 0 0 0 0 0 0 0 0 2 12 0 0 0 0 0 0 0 0 0 0 0 0 0 0 0 0 0 2 0 0 0 0 0 0 0 0 0 0 0 0 0 0 0 0 0 0 0 0 0 0 0 0 0 0 0 0 0 2 1 89 0 12 12 0 0 0 0 0 0 0 0 0 0 0 0 0 0 0 0 0 0 0 0 0 0 0 0 0 0 0 0 0 0 0 0 0 0 0 0 0 0 
 106 148 177 238 351 36 163 50 154 129 157 126 226 400 0 52 127 52 74 228 0 0 0 0 0 0 2 0 0 0 0 0 0 0 78 0 2 0 40 0 0 0 0 0 0 0 0 0 6 2 0 3 2 0 0 0 0 0 0 1 0 2 0 0 0 2 0 3 0 0 0 0 2 3 0 0 0 2 0 0 37 74 8 11 23 0 0 10 8 25 2 22 0 25 7 81 22 1 16 12 0 0 0 0 0 0 0 0 0 1 0 0 0 2 0 0 0 0 14 0 0 0 0 0 0 0 0 0 0 0 0 0 0 0 0 0 0 2 0 0 0 0 0 0 0 4 8 0 0 0 0 0 0 0 0 0 0 0 0 1 15 8 0 0 0 7 0 11 28 7 12 14 8 1 8 9 0 0 10 0 0 0 0 0 0 0 11 0 0 0 0 0 1 0 0 0 0 1 10 0 0 2 0 8 0 0 0 0 0 0 0 0 0 0 0 0 0 0 0 0 0 0 0 0 0 0 0 0 0 0 0 0 0 0 0 0 0 3 0 0 0 0 0 0 0 0 0 0 2 0 18 14 0 0 0 1 1 0 0 0 0 0 0 0 0 0 0 0 0 0 0 1 0 0 0 0 14 9 0 0 0 0 0 0 0 0 0 0 0 0 
 53 461 274 262 86 197 51 80 154 269 263 131 255 132 52 0 83 139 33 53 0 0 0 1 0 0 0 2 0 0 0 0 0 0 0 0 2 1 1 58 61 0 0 0 0 0 63 0 3 7 0 0 2 0 0 0 0 0 0 2 0 2 0 0 2 2 0 3 0 0 0 0 2 3 0 0 0 3 0 0 0 24 14 0 45 19 14 0 24 10 28 28 25 11 14 40 42 28 0 0 9 17 0 9 0 2 0 0 0 0 0 0 14 28 9 0 0 0 10 35 0 0 0 0 2 0 0 0 0 0 1 0 0 8 0 0 1 0 0 0 1 0 0 1 4 1 0 0 0 0 0 0 0 0 0 0 2 0 0 0 0 2 14 42 8 14 0 0 0 27 1 65 1 10 0 0 8 17 0 0 11 26 1 0 16 0 36 0 0 0 0 0 2 0 13 0 0 0 40 20 0 0 4 0 0 0 0 0 0 0 0 1 0 0 0 0 0 0 7 0 0 0 0 0 0 0 1 0 0 0 0 0 0 0 0 0 0 1 0 0 0 22 0 0 0 0 88 0 57 4 0 11 0 0 0 0 0 0 0 0 0 0 0 0 0 0 0 0 0 1 0 0 0 0 0 9 1 0 0 0 0 0 0 0 0 0 0 0 0 0 
 119 1044 408 271 254 76 34 238 308 276 139 73 183 127 127 83 0 363 312 141 0 3 0 1 0 2 0 0 76 4 3 2 0 0 0 0 3 0 2 0 0 0 2 0 2 0 0 2 3 2 0 3 2 0 2 3 5 0 0 1 0 2 1 5 41 2 0 3 2 2 1 4 2 3 1 8 2 4 2 2 10 16 18 16 1 1 28 14 27 27 19 13 18 1 50 78 0 0 0 0 0 0 0 0 0 0 0 0 0 0 1 0 0 0 0 0 0 0 11 0 0 0 0 0 0 0 0 0 0 0 11 0 2 0 0 0 0 0 0 0 0 0 2 0 0 4 0 0 0 0 1 0 0 0 0 0 0 0 0 0 11 19 36 1 20 0 12 13 7 19 0 12 33 39 0 0 13 60 44 0 0 0 0 1 0 0 0 0 0 0 0 0 0 0 0 0 0 0 0 14 0 0 0 0 0 0 0 0 0 0 0 0 0 0 0 1 0 0 0 0 0 20 0 0 0 0 0 0 0 0 0 0 0 0 0 0 2 0 2 0 0 0 0 0 0 1 2 0 2 2 0 10 0 0 0 0 0 0 0 0 0 0 13 0 0 0 0 0 0 0 3 0 0 0 0 2 12 8 0 0 0 0 0 0 0 0 0 0 0 0 
 144 226 77 129 165 54 248 250 98 69 379 470 203 43 52 139 363 0 62 219 0 0 0 0 0 0 72 0 0 1 1 0 0 0 0 0 2 2 74 0 0 0 0 0 0 0 0 0 3 2 0 3 2 0 0 0 12 0 0 2 53 2 0 0 0 2 0 3 0 0 0 0 2 3 0 0 0 2 0 0 23 14 13 9 8 31 22 12 12 31 19 30 0 14 9 1 12 6 0 0 0 0 0 0 1 0 13 0 0 0 0 0 7 1 0 11 0 2 7 21 0 0 0 0 0 0 0 0 0 0 8 2 0 13 1 0 0 0 0 0 0 0 0 0 4 0 0 0 0 0 0 0 0 1 0 0 0 0 0 0 22 10 1 11 38 1 12 0 0 1 14 16 32 16 0 0 34 25 0 0 0 4 0 0 0 0 22 0 0 0 0 0 1 3 0 0 0 0 15 1 0 0 0 0 0 0 0 0 0 0 0 0 0 0 0 0 0 0 0 0 0 0 0 0 0 0 0 0 0 0 0 0 0 0 0 0 0 0 0 0 0 0 0 0 0 3 3 0 0 85 1 10 12 0 0 0 0 0 0 0 0 0 4 0 0 0 0 0 0 0 0 0 0 0 0 20 0 0 0 0 0 0 0 0 0 0 0 0 0 0 
 34 42 34 287 59 49 350 223 177 383 31 55 441 333 74 33 312 62 0 236 0 0 0 0 0 0 0 0 0 2 2 0 0 0 0 0 2 0 0 0 0 0 0 1 0 0 0 0 3 2 0 3 2 0 0 0 0 0 0 1 0 2 0 0 0 2 0 3 0 0 0 0 47 3 0 0 2 2 0 0 36 33 10 4 0 0 20 10 9 21 24 0 0 24 10 20 16 9 28 14 0 0 0 0 1 0 0 0 0 0 0 0 0 0 0 0 0 2 0 0 0 0 0 0 0 18 0 0 0 0 0 2 0 18 0 0 0 0 0 0 0 0 0 0 0 0 0 0 0 0 0 0 0 1 0 0 0 0 0 0 19 0 44 0 0 0 26 54 0 0 6 0 19 11 12 31 33 20 26 0 0 0 0 0 0 0 0 0 0 0 0 0 0 2 0 0 0 0 0 1 9 0 0 0 17 0 0 0 0 0 0 0 0 0 0 8 0 0 0 0 0 0 0 0 0 0 0 0 0 0 0 0 0 0 0 0 0 0 0 0 0 0 0 0 0 1 0 0 2 1 0 16 0 0 0 0 0 0 0 0 0 0 0 0 0 0 0 0 0 0 0 0 0 0 0 2 0 0 0 0 0 0 0 0 0 0 0 0 0 9 
 93 138 37 59 92 274 383 232 76 327 304 41 177 184 228 53 141 219 236 0 2 0 0 0 2 0 2 0 0 0 2 0 1 1 2 0 3 0 2 0 0 0 0 0 0 0 0 0 3 2 0 3 2 0 0 0 0 0 0 1 0 2 3 0 0 2 0 3 0 0 0 3 7 3 0 0 0 2 0 0 30 22 9 11 0 0 27 12 23 1 0 0 22 53 0 19 13 11 53 10 0 0 0 0 0 0 0 0 0 0 14 0 0 0 0 0 0 0 0 0 0 0 2 0 0 0 0 0 0 0 0 11 0 0 0 0 0 0 0 0 0 0 0 0 0 0 0 0 0 0 0 2 0 0 0 0 6 19 0 0 19 0 29 0 9 0 24 16 17 17 60 0 19 13 10 35 32 16 35 0 0 0 0 0 0 0 0 0 0 0 0 0 0 0 0 0 0 0 0 1 0 0 0 0 1 1 0 0 0 2 0 0 0 1 0 0 0 0 0 0 0 0 0 1 0 0 0 0 0 0 0 0 17 0 0 2 0 0 0 0 0 0 0 0 0 4 0 0 0 3 0 2 9 0 0 0 0 0 0 0 0 0 0 0 0 0 0 0 0 0 0 0 0 0 0 15 0 0 0 0 0 0 0 0 0 2 0 0 0 0 
 0 0 27 0 3 82 0 0 2 0 76 1 0 75 0 0 0 0 0 2 0 103 525 43 143 54 269 411 179 57 180 37 437 86 216 273 32 346 167 144 0 0 0 0 0 4 0 1 0 0 8 0 0 3 0 5 0 55 63 0 3 0 1 3 6 0 0 0 5 2 5 0 0 0 0 0 7 2 0 3 0 0 0 6 0 10 0 0 0 0 14 0 0 0 0 0 0 0 0 0 8 21 8 0 0 26 10 10 33 23 0 21 12 12 9 48 9 2 38 13 0 0 0 0 0 0 0 0 0 0 0 0 1 0 0 0 0 0 0 12 0 0 0 0 0 0 0 0 0 0 0 7 0 0 0 0 0 0 0 1 0 0 0 0 0 13 0 0 0 0 0 0 0 0 0 0 0 0 0 0 0 11 10 7 0 19 0 19 0 25 28 8 0 23 22 20 11 21 0 1 0 0 0 0 0 0 0 0 0 0 0 0 0 0 0 0 1 0 1 0 0 0 0 0 0 2 0 0 0 0 0 0 0 0 0 0 0 0 0 0 0 0 10 0 0 0 0 0 0 0 0 0 0 0 2 2 2 0 0 2 1 0 0 0 0 0 0 0 0 0 0 0 0 0 0 0 0 0 0 0 0 0 0 0 0 0 0 0 0 0 
 0 0 0 0 0 166 0 5 0 0 74 0 0 0 0 0 3 0 0 0 103 0 149 341 42 179 613 404 149 178 249 142 131 494 97 87 83 28 113 118 0 0 65 0 0 0 0 0 0 0 3 3 0 0 0 3 0 5 0 0 3 0 0 13 7 0 2 0 0 2 7 0 0 0 0 0 1 0 0 3 0 0 0 0 8 9 0 0 0 0 0 0 0 0 0 0 0 0 0 0 14 78 22 2 48 12 31 54 0 37 29 0 35 9 25 23 18 37 10 0 26 0 0 0 0 0 0 0 0 0 0 0 0 0 0 0 0 0 12 0 0 0 0 6 0 0 0 0 1 0 0 0 0 0 0 0 0 0 0 0 4 0 0 0 0 14 0 0 0 0 0 14 2 0 0 0 14 0 0 0 6 3 16 44 12 18 12 16 16 22 16 0 18 0 10 48 13 19 0 14 0 0 0 15 0 0 0 0 0 0 0 0 16 0 0 0 0 0 10 0 0 0 0 0 0 0 0 0 0 0 0 0 0 0 0 0 0 0 0 0 0 0 0 0 0 0 0 0 0 0 0 0 0 0 4 2 0 81 4 0 1 0 0 0 0 0 15 0 0 0 0 0 0 1 0 0 0 0 0 0 0 0 0 0 0 0 14 0 0 0 
 0 0 0 0 32 150 0 0 0 0 1 74 0 0 0 0 0 0 0 0 525 149 0 285 156 115 78 318 88 93 216 270 447 306 157 203 119 277 137 140 29 2 0 0 0 0 64 0 0 0 3 0 0 0 0 2 2 0 34 19 3 0 0 3 0 0 0 0 0 2 0 0 0 0 0 0 0 0 0 3 0 0 0 0 0 12 0 0 0 0 0 0 0 0 0 0 0 0 0 0 18 12 17 9 6 2 14 23 0 99 18 0 0 4 0 33 18 21 0 0 0 0 0 0 0 0 0 0 0 0 12 0 35 28 0 0 0 0 2 30 0 0 0 3 0 0 0 0 0 0 0 0 0 0 0 0 0 0 0 0 5 0 0 0 0 9 0 0 0 0 0 0 0 0 0 0 0 0 0 0 0 1 19 14 18 32 0 0 28 11 1 11 28 9 3 33 24 14 0 27 8 0 0 0 0 12 12 0 0 0 0 0 0 0 15 0 0 0 34 0 0 0 0 0 0 0 0 0 0 0 0 0 0 0 0 0 0 0 0 0 0 0 0 0 0 0 0 0 0 0 0 0 0 0 0 1 0 81 9 0 1 22 0 0 0 0 0 0 0 0 0 0 0 0 0 0 0 0 0 0 0 15 0 0 0 0 0 0 0 0 
 0 0 0 0 0 75 0 2 0 0 0 0 0 0 0 1 1 0 0 0 43 341 285 0 197 357 72 76 396 303 61 375 151 240 217 119 148 273 174 136 0 0 0 0 0 0 52 0 0 0 3 0 0 0 103 2 0 0 0 54 3 0 0 2 0 21 0 0 0 3 0 0 0 0 0 0 0 50 0 2 0 0 0 0 0 0 0 0 0 0 0 0 0 11 22 0 0 0 0 0 0 1 29 20 40 13 0 25 23 42 18 82 18 10 1 25 22 29 1 0 0 11 22 0 0 0 0 21 0 0 0 0 23 0 0 0 0 0 9 4 36 0 0 11 0 0 0 0 4 0 0 0 0 0 0 0 0 0 0 0 3 0 0 0 0 0 0 0 0 0 0 0 0 0 0 0 18 0 0 3 20 0 3 10 26 18 0 16 20 0 18 23 7 0 1 1 14 11 0 25 14 0 0 0 0 0 10 0 7 0 0 0 0 11 14 0 19 0 12 0 0 0 0 0 0 0 0 0 0 0 0 0 0 0 0 0 0 0 0 0 0 0 0 0 0 0 0 0 0 0 0 0 0 0 3 0 0 9 82 2 0 2 0 0 0 0 0 0 0 0 0 0 0 0 0 0 0 0 0 0 0 22 0 0 0 0 0 0 0 0 
 0 0 1 0 0 0 0 7 0 3 0 0 0 2 0 0 0 0 0 2 143 42 156 197 0 163 50 273 66 127 71 198 316 316 74 163 142 96 102 102 64 29 0 0 5 3 62 0 2 6 6 7 125 66 116 65 3 3 126 128 8 2 0 3 0 4 0 0 0 2 0 2 0 0 0 0 0 1 0 3 0 0 0 0 0 1 0 0 0 0 0 0 0 0 0 0 0 0 0 0 3 0 13 12 0 10 0 0 0 23 30 54 0 0 0 0 0 0 0 0 48 16 22 13 2 0 31 28 10 0 0 0 25 8 0 0 0 0 10 44 0 0 0 0 0 0 0 8 0 0 0 0 0 0 0 0 0 0 0 0 0 0 0 2 0 0 1 0 0 3 0 0 0 6 1 0 0 0 0 1 0 0 19 0 61 10 0 0 0 23 44 40 0 0 21 21 18 10 2 16 19 11 14 0 0 0 25 2 27 8 0 11 12 25 13 0 19 16 14 0 0 0 0 0 0 0 0 0 0 0 0 0 0 0 0 0 0 0 0 0 0 0 0 0 0 0 0 0 0 0 0 0 0 1 23 0 0 2 5 0 1 0 0 0 0 0 0 0 0 0 0 0 0 0 0 0 0 0 0 9 0 13 0 0 0 28 0 0 0 0 
 1 0 1 0 1 0 0 2 0 0 0 0 0 0 0 0 2 0 0 0 54 179 115 357 163 0 43 47 54 250 86 88 36 323 115 147 76 207 54 41 0 74 0 0 0 0 20 54 0 0 3 0 62 0 67 3 0 64 31 22 3 0 0 3 0 10 0 0 3 2 0 0 0 0 0 0 0 0 0 3 0 0 0 0 0 0 0 0 0 0 0 0 0 0 0 0 0 0 0 0 0 1 9 12 10 35 0 0 0 26 3 24 0 6 0 14 0 16 0 0 23 11 12 25 0 0 19 11 2 0 0 0 9 0 0 22 0 22 59 31 0 0 3 0 0 0 0 0 0 0 0 0 0 0 0 0 0 0 0 0 4 0 0 0 0 0 0 0 0 0 0 0 0 0 0 0 0 0 0 3 0 0 0 24 38 42 15 9 0 0 13 24 0 0 9 6 1 0 0 0 12 17 21 10 9 0 0 20 30 17 11 0 27 10 0 9 8 12 0 1 0 0 0 0 0 0 0 0 0 0 0 0 0 0 0 0 0 0 8 0 0 0 0 0 0 0 0 0 0 0 0 0 0 0 4 0 1 0 86 3 0 0 0 0 0 0 0 0 0 0 12 0 0 0 0 0 0 0 0 0 0 0 0 0 0 13 0 0 0 0 
 0 0 0 0 76 104 0 0 1 0 22 2 0 1 2 0 0 72 0 2 269 613 78 72 50 43 0 400 53 331 103 336 415 137 369 466 175 31 181 42 0 0 0 0 0 1 0 0 0 0 3 0 0 0 0 3 0 1 0 0 3 0 1 5 0 0 0 0 0 2 0 0 0 0 0 0 0 63 0 3 0 1 1 0 1 15 0 0 0 0 0 0 0 0 0 0 0 0 0 0 46 30 13 45 12 1 25 41 0 0 12 0 11 11 50 21 55 23 15 0 0 0 0 0 0 0 0 0 0 0 0 0 0 13 0 0 0 0 0 0 5 0 0 0 0 0 0 0 0 0 0 0 0 0 0 0 0 0 0 1 9 0 0 0 0 0 15 0 0 6 1 8 0 0 0 0 0 0 0 0 63 21 20 11 0 7 13 22 32 31 27 0 17 44 28 28 13 15 0 0 0 0 0 0 0 0 0 0 0 0 0 0 12 0 0 0 0 21 1 0 0 0 0 0 0 0 0 0 0 2 0 0 0 0 0 0 0 0 0 0 0 0 0 0 0 0 72 0 0 0 0 0 0 0 2 0 0 5 0 0 4 0 0 0 0 0 18 0 0 0 0 0 0 0 2 0 0 0 0 0 0 0 0 0 0 0 10 0 0 0 
 1 2 2 0 80 92 72 0 0 0 74 0 0 0 0 2 0 0 0 0 411 404 318 76 273 47 400 0 167 285 78 195 310 604 349 103 38 44 235 152 0 0 0 0 1 4 0 4 0 0 5 0 0 0 0 3 1 4 0 0 3 0 0 5 4 0 0 0 0 2 56 0 0 0 0 0 6 0 0 3 0 0 0 1 0 14 0 0 0 0 0 10 0 0 0 0 0 0 0 0 4 0 18 26 23 22 47 57 27 0 0 19 43 0 19 33 30 27 12 0 0 0 0 0 0 0 0 0 0 0 0 0 0 0 0 0 0 0 0 0 0 0 0 0 0 0 0 0 20 0 0 0 0 0 0 1 0 0 0 0 0 0 0 0 0 40 0 0 2 0 0 0 0 1 0 0 0 0 2 0 1 13 31 0 0 11 0 19 10 32 23 11 10 24 18 21 4 8 0 26 0 0 0 0 0 0 0 0 0 0 0 0 0 0 0 0 0 0 12 0 0 6 0 0 0 0 0 0 0 0 13 0 0 0 0 0 0 0 0 0 0 0 9 0 0 0 0 0 77 0 0 0 0 0 2 0 0 2 0 0 2 0 0 0 0 0 0 0 0 0 0 0 0 0 0 0 0 2 0 0 0 6 0 0 0 0 0 0 0 0 
 2 2 0 72 1 75 0 3 44 0 0 0 0 2 0 0 76 0 0 0 179 149 88 396 66 54 53 167 0 338 35 99 224 270 244 221 160 107 79 142 0 0 0 4 0 3 0 7 3 0 6 0 61 0 36 3 2 4 42 0 3 0 1 3 3 0 3 3 26 2 3 0 0 0 6 52 6 0 0 5 14 0 0 0 0 0 20 0 0 14 0 0 0 0 0 0 0 0 0 0 0 0 19 20 21 12 11 43 41 10 9 40 44 0 2 18 9 28 1 0 0 0 0 0 0 0 0 0 0 0 0 0 0 0 0 0 24 0 1 0 0 0 0 8 0 0 0 0 4 0 0 0 0 0 0 0 0 0 0 0 0 0 0 0 0 2 0 1 0 0 0 0 0 0 0 0 0 0 0 4 48 0 30 0 14 13 2 32 41 37 1 12 13 18 3 21 40 8 0 26 23 0 0 0 0 0 0 0 0 0 0 0 4 0 0 0 0 0 28 16 0 11 0 0 0 0 0 0 0 0 0 0 0 0 2 0 0 0 0 0 0 0 0 0 0 0 0 0 0 0 0 0 0 0 2 0 0 86 1 0 5 0 0 0 0 0 0 0 0 0 0 1 0 0 0 0 0 0 0 0 0 11 0 0 0 0 0 0 0 0 
 0 0 0 0 0 1 0 2 0 3 1 2 0 0 0 0 4 1 2 0 57 178 93 303 127 250 331 285 338 0 187 239 84 304 363 201 137 188 323 134 74 1 0 0 0 0 0 0 0 0 22 0 1 0 0 3 0 0 0 0 3 0 0 52 4 0 0 0 0 2 53 0 0 0 0 0 0 0 0 3 0 0 0 0 0 0 0 0 0 0 0 0 0 0 1 0 0 0 0 0 0 0 19 7 27 28 0 1 22 24 7 26 23 0 0 0 16 34 0 0 0 0 0 18 0 0 20 0 7 0 0 0 9 0 0 0 0 0 0 0 0 0 0 3 0 0 0 0 4 0 0 0 0 0 0 0 0 0 0 0 0 0 0 15 0 0 0 0 0 2 0 0 23 0 0 0 0 0 9 0 29 0 0 9 31 28 0 25 53 2 1 33 36 0 2 0 0 13 0 25 12 0 0 0 0 0 25 0 0 0 0 1 23 1 19 0 0 0 7 11 0 0 0 1 0 0 0 0 0 0 0 0 0 0 0 0 0 0 0 0 0 0 0 0 0 0 0 0 0 0 0 0 0 0 0 0 1 232 4 1 17 0 0 0 0 0 19 0 0 0 0 0 0 0 0 0 0 0 0 0 0 17 0 0 2 0 22 0 0 0 
 4 2 0 0 0 0 0 1 0 3 0 0 1 3 0 0 3 1 2 2 180 249 216 61 71 86 103 78 35 187 0 212 68 211 44 173 116 35 120 161 0 0 0 0 2 0 62 2 0 0 3 2 0 0 0 3 0 0 2 209 3 0 0 8 9 0 0 0 0 2 6 0 0 0 0 0 4 0 2 3 1 0 0 0 0 0 0 0 0 0 0 0 0 0 0 0 0 0 0 0 0 27 18 18 20 10 2 2 1 37 19 0 0 9 26 34 9 13 0 0 0 18 1 0 0 0 0 16 0 0 1 0 14 0 1 0 0 0 23 0 0 0 0 0 0 0 0 0 0 0 0 0 0 0 0 0 0 0 0 0 5 0 0 0 0 0 0 0 0 0 0 0 0 0 0 0 0 0 0 0 1 0 8 75 44 31 2 59 1 11 23 0 0 14 25 6 1 18 0 11 11 0 0 1 3 0 11 0 0 0 0 0 19 0 1 0 19 2 0 36 0 0 0 0 1 2 0 0 0 0 0 0 0 0 0 0 0 0 0 0 0 0 0 0 0 0 0 0 0 0 0 0 0 0 0 0 0 1 0 1 0 18 0 0 0 63 11 0 0 0 1 2 0 0 0 0 1 0 0 0 0 0 0 0 0 0 1 0 0 0 
 0 0 0 2 1 6 0 0 0 0 0 0 0 0 0 0 2 0 0 0 37 142 270 375 198 88 336 195 99 239 212 0 29 393 295 132 180 224 47 166 0 0 0 0 0 0 62 0 0 0 3 0 1 0 0 3 0 0 32 18 3 0 1 9 2 0 0 0 0 2 4 0 0 0 0 0 3 0 0 3 0 0 0 0 0 0 0 0 0 0 0 0 0 0 0 0 0 0 0 0 0 0 13 13 45 57 0 0 34 40 0 0 0 6 0 14 4 50 7 0 0 1 0 0 0 0 0 1 0 0 0 2 13 37 0 0 0 0 12 15 0 0 0 0 1 0 0 0 2 0 0 0 0 0 0 0 32 0 0 9 4 0 2 2 0 1 0 0 0 0 0 0 0 0 1 8 2 0 0 3 2 0 16 18 25 40 0 33 0 9 1 37 0 0 1 23 41 19 0 12 7 3 0 2 0 0 9 0 0 0 0 0 0 0 1 0 0 0 31 0 6 0 0 0 0 0 0 0 0 0 0 0 0 0 0 0 0 0 0 0 0 0 0 0 0 0 0 0 0 0 0 0 0 0 5 0 1 76 78 2 1 13 0 0 0 0 18 0 0 0 0 0 0 0 0 0 0 0 0 0 0 7 0 0 0 0 9 0 0 0 
 0 2 2 1 74 0 0 2 0 0 75 22 2 0 0 0 0 0 0 1 437 131 447 151 316 36 415 310 224 84 68 29 0 194 40 112 44 44 376 69 1 1 0 0 0 7 0 2 0 0 58 2 0 2 0 66 0 1 0 0 5 0 0 3 0 0 5 3 0 20 0 0 0 0 0 4 0 0 0 3 0 0 2 11 0 10 0 0 0 0 0 0 0 0 0 0 0 0 0 0 26 29 39 19 10 1 0 16 19 41 0 25 56 27 11 36 26 12 13 28 0 1 0 0 0 0 0 0 0 0 0 0 0 0 0 0 0 0 9 0 0 0 0 3 0 0 0 0 10 0 1 0 0 0 2 0 0 0 0 0 4 0 0 0 0 9 0 0 0 0 0 0 0 0 0 0 0 0 0 0 19 21 16 6 0 19 0 18 1 0 9 0 3 45 12 5 4 0 0 1 1 0 0 0 0 0 0 0 0 0 0 0 0 0 0 0 0 0 2 0 2 0 0 0 2 0 18 0 0 0 0 0 2 0 0 0 0 0 0 0 0 0 11 0 0 0 0 0 0 0 0 0 74 0 12 1 1 76 0 0 2 0 1 0 0 0 0 0 0 0 0 0 0 0 0 0 0 0 0 0 0 16 0 0 0 0 0 0 0 0 
 0 0 0 3 1 143 0 0 0 0 74 0 0 0 0 0 0 0 0 1 86 494 306 240 316 323 137 604 270 304 211 393 194 0 251 352 192 131 197 128 0 0 0 0 0 3 0 4 62 0 4 0 0 0 0 2 0 4 64 0 3 3 0 2 10 0 0 0 2 3 24 0 0 0 0 0 3 0 2 2 0 0 0 0 0 10 0 0 1 0 0 0 0 0 0 0 0 0 0 0 0 31 20 9 17 12 27 54 12 8 26 0 36 22 28 30 10 29 23 0 0 0 0 0 0 2 0 0 0 0 0 0 0 0 0 0 2 1 11 0 3 0 0 7 0 0 0 0 1 0 0 0 0 0 0 0 0 0 1 0 3 0 0 0 0 18 0 0 0 1 0 2 0 0 0 1 0 0 8 0 30 0 30 9 0 16 14 40 24 3 0 0 2 23 3 61 16 0 0 16 0 0 0 0 0 0 0 0 0 15 0 0 0 0 0 0 0 0 3 10 13 0 0 0 0 0 0 2 0 0 0 0 0 0 0 0 0 0 0 0 0 0 0 0 0 0 0 0 0 0 0 0 0 0 10 0 0 75 1 1 0 0 0 0 0 0 0 0 0 0 0 0 0 0 0 0 0 0 0 0 0 21 0 0 0 0 0 0 0 0 
 0 0 0 2 1 0 0 2 1 0 0 1 0 0 78 0 0 0 0 2 216 97 157 217 74 115 369 349 244 363 44 295 40 251 0 61 343 112 78 216 0 0 0 0 3 0 3 0 2 0 3 0 63 0 3 2 0 3 85 63 3 0 0 3 2 0 0 0 3 2 1 2 0 0 0 0 3 0 0 3 0 0 0 0 0 0 0 0 0 0 0 0 0 0 0 0 0 0 11 0 0 23 1 1 32 34 19 7 15 29 29 4 0 0 11 12 1 42 0 0 0 0 0 0 0 0 0 0 0 0 0 0 0 11 0 0 1 0 1 20 0 0 0 0 0 0 0 0 0 0 0 0 0 0 0 0 0 0 2 1 2 0 0 0 0 0 12 0 0 0 0 1 0 0 0 0 0 0 0 8 19 0 31 1 31 33 0 26 31 19 29 19 20 0 53 60 52 72 0 0 0 0 0 0 0 0 0 0 0 0 0 0 12 0 0 0 0 6 43 1 0 0 0 0 0 0 0 0 0 2 0 0 0 0 0 0 0 0 0 0 0 0 0 0 0 0 0 0 0 0 0 0 0 0 2 0 2 76 48 0 0 2 0 2 0 0 0 0 0 0 0 0 0 0 0 0 0 0 0 0 0 0 0 0 0 0 0 0 0 0 
 2 2 0 0 74 173 0 1 0 1 1 1 0 0 0 0 0 0 0 0 273 87 203 119 163 147 466 103 221 201 173 132 112 352 61 0 122 31 99 70 0 0 26 2 2 0 0 0 0 0 5 0 0 2 2 3 2 3 1 0 3 2 0 21 1 3 0 0 2 5 3 6 0 0 0 0 1 2 0 3 1 0 0 0 0 0 0 0 0 0 0 0 0 0 0 0 0 0 0 0 13 19 49 6 15 15 11 25 13 49 0 0 0 11 20 2 1 12 0 0 0 19 1 0 0 0 14 16 0 0 1 0 15 11 0 1 1 0 0 0 1 0 0 9 0 0 0 0 0 0 0 0 0 0 0 0 0 0 0 0 0 0 0 0 0 0 2 1 0 0 0 12 0 0 0 0 0 0 0 0 40 1 7 7 14 26 12 0 22 7 11 35 19 19 23 7 0 1 0 0 0 0 0 0 0 0 10 0 0 0 0 0 18 0 20 0 0 0 0 0 0 0 0 0 0 0 0 0 0 0 0 2 0 0 0 0 0 0 0 0 0 0 0 0 0 0 0 0 0 0 0 0 0 0 4 1 0 79 76 1 3 0 0 0 0 0 22 0 0 0 0 0 0 0 0 0 1 0 0 0 0 14 0 0 0 17 43 0 0 0 
 2 2 2 10 76 62 3 48 3 2 2 25 2 2 2 2 3 2 2 3 32 83 119 148 142 76 175 38 160 137 116 180 44 192 343 122 0 450 48 245 0 0 0 0 0 0 62 0 0 0 3 0 62 0 0 3 0 3 30 18 3 0 0 21 0 0 0 0 0 2 0 2 0 0 0 0 0 0 2 3 0 0 1 0 0 0 0 0 0 0 0 0 0 0 0 0 0 0 0 0 0 32 0 8 28 22 66 9 12 35 24 26 0 0 10 0 1 12 15 0 1 65 0 0 0 0 0 0 0 0 0 0 0 8 0 0 0 0 0 14 0 0 0 0 0 0 0 0 1 0 0 0 0 0 0 0 0 0 0 0 0 0 0 0 0 0 0 0 0 0 0 0 0 0 0 0 0 0 0 3 19 0 7 1 20 12 0 23 37 17 13 27 14 0 11 13 41 30 0 1 16 0 0 0 0 0 0 5 0 0 0 0 12 0 0 0 0 0 29 10 0 0 0 0 0 1 0 0 0 0 0 0 0 0 0 0 0 0 0 0 0 0 0 0 0 0 0 0 0 0 0 0 0 0 84 0 1 157 4 1 14 12 0 0 0 64 14 0 0 0 0 0 0 0 0 0 0 0 0 0 0 0 0 0 0 0 40 0 0 0 
 2 0 0 0 3 0 0 0 0 77 0 0 0 0 0 1 0 2 0 0 346 28 277 273 96 207 31 44 107 188 35 224 44 131 112 31 450 0 27 156 0 0 0 0 0 0 69 0 0 0 62 3 67 0 0 3 94 0 65 124 3 0 0 3 4 3 0 0 4 2 0 0 0 0 0 0 0 0 0 3 0 2 0 1 0 0 0 0 0 0 0 0 0 0 0 2 0 0 0 0 0 0 21 0 19 14 0 1 1 63 24 12 0 0 10 0 12 39 0 0 1 19 2 0 0 0 9 12 0 0 0 0 32 27 0 1 0 0 1 28 0 0 0 0 0 0 0 0 0 0 0 0 0 0 0 2 0 0 0 0 2 0 0 0 0 1 0 0 0 0 0 0 0 0 0 0 0 0 0 15 0 0 34 11 5 20 0 8 8 29 23 43 8 0 22 31 57 33 0 0 0 0 0 12 0 0 13 0 0 0 1 0 2 11 18 0 15 0 30 1 0 0 1 0 0 0 0 0 0 0 2 0 0 0 0 0 1 0 0 0 0 0 0 0 0 0 0 0 0 0 0 0 0 0 1 0 3 14 112 1 1 4 0 0 0 0 0 0 0 0 0 0 0 0 0 0 0 0 0 0 0 13 0 0 0 0 0 0 0 0 
 0 0 77 91 0 170 0 0 2 104 133 77 0 0 40 1 2 74 0 2 167 113 137 174 102 54 181 235 79 323 120 47 376 197 78 99 48 27 0 245 0 0 0 0 0 0 0 0 22 1 3 0 0 0 0 2 0 63 0 0 3 0 0 3 3 0 0 0 0 2 0 0 0 0 0 0 0 1 0 3 0 0 2 0 0 44 0 0 0 1 0 1 0 10 1 0 0 0 0 0 38 41 40 0 4 0 35 23 1 2 0 0 14 0 18 27 0 0 17 18 1 0 0 0 0 0 0 0 0 0 0 0 0 0 0 0 0 0 0 0 4 0 0 0 6 0 0 0 0 0 0 0 0 0 0 0 0 10 0 0 0 0 0 20 10 1 0 0 0 10 12 2 0 0 0 0 11 2 0 0 0 41 20 9 0 0 32 1 0 38 16 0 36 76 28 31 0 1 18 0 0 0 0 0 0 0 0 0 0 0 0 0 0 0 0 0 0 0 21 0 0 0 0 0 0 2 0 0 0 0 0 0 0 0 0 0 0 0 0 2 0 13 1 0 0 0 156 0 0 0 0 0 0 0 0 0 2 1 0 2 3 0 0 0 0 0 0 0 0 0 0 0 0 0 0 0 0 0 0 0 0 0 0 0 0 0 0 0 0 0 
 0 0 0 74 4 3 0 0 0 74 143 82 0 0 0 58 0 0 0 0 144 118 140 136 102 41 42 152 142 134 161 166 69 128 216 70 245 156 245 0 0 0 0 0 0 1 0 1 0 0 3 0 0 0 0 2 0 11 62 62 3 0 0 3 0 0 0 0 0 2 0 0 0 0 0 0 0 0 0 3 7 0 0 0 0 0 1 0 10 12 37 6 0 1 1 11 11 4 0 10 11 18 15 0 76 27 15 17 2 62 0 0 38 18 17 0 11 24 9 15 0 0 0 0 0 0 0 0 0 0 0 0 0 22 0 2 0 0 0 18 0 0 0 0 0 0 13 0 0 0 0 16 0 0 0 0 0 0 0 0 1 3 0 0 0 10 0 0 0 0 0 4 2 0 12 0 0 2 0 0 79 11 23 21 16 51 28 13 32 31 27 13 22 30 30 34 59 50 3 22 0 0 0 0 0 0 0 0 0 0 0 0 1 0 0 0 0 0 50 0 0 0 0 0 0 0 0 0 0 0 0 0 0 0 0 0 0 0 0 0 0 0 0 0 0 0 0 0 0 1 0 0 0 0 3 0 0 78 0 2 3 1 0 0 0 0 0 0 0 0 0 0 0 0 0 0 0 0 0 0 0 0 0 2 0 0 0 0 0 0 
 0 2 0 0 0 2 0 0 0 0 0 0 0 0 0 61 0 0 0 0 0 0 29 0 64 0 0 0 0 74 0 0 1 0 0 0 0 0 0 0 0 138 66 43 250 71 61 120 128 244 32 38 114 29 197 37 36 51 29 256 13 2 0 5 0 6 3 17 0 3 3 3 0 16 0 11 5 4 0 3 0 27 0 0 0 17 0 0 0 0 0 0 0 0 0 7 0 0 0 0 0 0 0 0 0 0 0 0 0 0 13 2 0 0 0 0 0 0 0 0 0 5 18 23 10 1 29 13 3 6 0 34 0 0 23 23 8 0 25 0 0 0 13 10 3 0 20 0 5 0 0 0 14 17 0 0 5 0 2 0 0 0 0 13 0 0 0 0 0 6 0 0 0 0 0 0 0 0 0 0 0 0 0 0 10 0 0 0 0 0 0 0 0 0 0 0 0 0 0 0 0 0 17 12 0 7 49 0 0 8 13 16 31 16 4 68 12 30 0 14 0 0 0 0 0 0 0 0 0 0 10 6 0 0 7 0 0 0 0 0 0 0 0 0 0 0 0 0 0 0 0 9 0 0 0 1 0 0 0 0 73 0 1 0 1 1 16 66 0 0 2 0 0 0 0 0 0 0 0 0 0 0 0 0 0 0 0 0 0 0 
 0 0 0 0 3 1 0 0 0 0 0 0 0 3 0 0 0 0 0 0 0 0 2 0 29 74 0 0 0 1 0 0 1 0 0 0 0 0 0 0 138 0 137 85 25 70 94 404 55 106 32 19 306 135 76 177 327 374 136 51 0 0 0 0 0 0 8 11 2 0 0 0 51 0 28 0 0 0 2 0 0 0 0 0 0 0 0 0 0 0 0 0 0 0 0 9 0 0 0 0 0 0 0 0 0 0 0 0 0 0 0 0 0 0 0 0 0 0 0 0 0 8 0 29 0 31 11 0 25 12 33 1 0 0 3 2 6 82 0 0 5 0 0 0 0 0 33 0 0 0 0 0 9 16 45 0 9 0 33 1 0 0 0 3 0 0 0 0 0 3 0 0 0 3 0 0 0 0 0 0 0 0 0 0 0 0 0 0 0 0 0 0 0 0 0 0 0 0 0 0 3 15 18 20 20 8 10 48 80 7 20 37 12 8 5 1 1 13 0 8 0 8 0 0 0 0 0 0 0 0 38 0 5 10 22 0 9 0 0 41 0 0 0 0 0 2 0 0 0 0 0 11 0 1 0 0 0 1 0 0 0 0 0 0 0 0 2 65 0 0 22 0 0 0 0 0 0 0 0 0 0 0 0 0 14 0 0 18 1 0 
 0 0 0 0 0 0 0 6 0 0 0 0 0 0 0 0 2 0 0 0 0 65 0 0 0 0 0 0 0 0 0 0 0 0 0 26 0 0 0 0 66 137 0 562 104 37 156 217 342 62 165 190 63 124 58 116 238 98 35 126 0 4 0 6 7 2 9 0 10 0 0 0 3 0 55 4 6 0 21 26 0 0 0 0 0 0 0 0 0 0 0 0 0 0 0 0 0 0 0 0 0 0 0 0 0 0 0 0 0 0 0 0 0 0 0 0 0 0 0 0 14 4 0 8 21 0 0 11 21 1 2 1 0 24 6 8 23 13 0 5 0 10 5 0 0 9 0 4 0 4 4 0 3 0 3 3 0 1 1 0 0 0 8 0 21 0 0 0 0 0 0 0 0 0 0 0 0 0 0 0 0 0 0 0 0 0 0 0 0 0 0 0 0 0 0 0 0 0 0 0 0 10 0 31 2 12 0 16 0 0 21 0 0 5 11 1 66 0 0 44 0 17 9 0 0 0 26 7 0 0 0 0 8 0 0 0 6 0 5 18 0 0 16 0 0 0 0 0 0 0 0 3 0 1 0 0 0 0 0 2 0 0 6 0 4 1 4 0 2 0 0 0 0 8 0 0 0 0 0 0 0 0 0 0 28 0 0 0 0 0 
 28 0 0 0 2 0 0 0 0 0 0 3 0 0 0 0 0 0 1 0 0 0 0 0 0 0 0 0 4 0 0 0 0 0 0 2 0 0 0 0 43 85 562 0 145 46 87 357 175 112 397 208 80 129 56 103 277 45 76 209 0 0 50 0 0 0 4 0 0 0 0 0 208 0 52 7 0 21 47 6 0 0 0 0 0 0 0 0 0 0 0 0 0 0 0 0 0 0 0 0 0 0 0 0 0 0 0 0 0 0 0 0 0 0 0 0 0 0 0 0 0 7 10 7 14 4 0 0 13 15 0 20 0 29 10 17 7 9 0 0 0 0 0 0 0 0 0 0 0 0 6 9 2 0 7 0 0 3 0 21 0 0 7 0 0 0 0 5 0 0 0 0 0 0 0 0 0 0 0 0 0 0 0 0 0 0 0 1 0 0 0 0 0 0 0 0 0 0 0 0 4 4 9 9 4 21 0 16 14 0 8 0 1 24 8 0 23 0 0 8 0 6 19 0 0 0 19 0 0 0 0 0 13 1 0 0 0 0 2 0 0 0 7 0 0 0 0 0 0 0 0 10 2 0 0 0 0 1 0 0 0 0 1 0 66 3 5 1 0 2 0 0 0 2 0 0 0 0 0 0 0 2 2 0 10 0 0 0 0 0 
 0 0 7 1 1 1 0 0 0 3 0 2 1 0 0 0 2 0 0 0 0 0 0 0 5 0 0 1 0 0 2 0 0 0 3 2 0 0 0 0 250 25 104 145 0 126 246 57 366 89 392 113 70 85 91 145 417 318 53 320 0 0 0 2 0 31 51 49 0 3 0 0 58 7 107 0 1 1 48 0 0 0 0 0 12 0 0 0 0 0 0 0 0 0 0 0 0 0 0 0 0 0 0 0 0 3 0 0 0 0 0 11 0 0 0 0 0 0 0 0 3 3 6 0 0 19 5 7 0 0 0 1 0 7 0 1 4 22 0 3 0 20 40 0 0 0 0 11 8 43 8 0 7 19 20 11 0 3 0 6 3 0 0 0 28 0 0 0 0 0 0 0 0 0 4 0 0 1 0 0 0 0 0 0 0 0 0 0 0 0 0 0 0 0 0 0 0 0 0 0 0 0 0 10 10 11 0 0 0 1 16 0 0 0 0 9 0 0 0 7 12 12 23 12 0 0 31 32 52 23 0 0 22 4 0 4 0 17 25 14 19 0 0 0 0 0 0 0 10 0 0 12 0 0 0 0 0 0 4 8 0 0 5 35 0 6 1 3 2 0 0 0 0 0 27 0 0 0 0 0 0 3 0 0 0 0 0 0 0 0 
 0 0 0 3 3 0 0 0 0 0 0 2 0 0 0 0 0 0 0 0 4 0 0 0 3 0 1 4 3 0 0 0 7 3 0 0 0 0 0 1 71 70 37 46 126 0 94 49 47 59 65 72 37 58 55 142 286 83 87 121 51 0 0 0 1 0 75 0 0 0 0 0 0 34 16 60 0 0 0 52 0 0 0 0 0 0 0 0 0 0 0 0 0 0 0 0 0 0 0 0 0 0 0 0 4 0 1 0 9 0 0 5 6 0 0 0 9 4 4 0 0 0 0 4 32 2 0 0 2 18 13 20 0 0 7 10 2 0 0 0 0 16 0 0 0 0 10 0 10 0 0 0 22 56 16 1 0 0 46 30 0 0 0 0 0 11 17 0 0 0 0 0 0 0 0 0 0 1 0 0 0 0 5 0 0 0 0 0 0 3 0 0 0 5 0 0 0 0 0 0 0 0 7 0 20 19 0 10 0 0 7 7 0 0 0 12 0 14 3 0 35 8 1 19 0 0 10 13 9 2 0 0 43 29 0 19 0 10 11 1 3 0 8 0 0 0 0 0 0 0 0 8 0 0 0 0 0 0 0 1 0 0 42 0 0 1 2 61 0 0 0 0 0 13 0 0 0 0 0 0 0 0 0 0 0 0 0 0 0 0 
 0 0 0 0 0 1 0 0 0 0 0 0 0 2 0 63 0 0 0 0 0 0 64 52 62 20 0 0 0 0 62 62 0 0 3 0 62 69 0 0 61 94 156 87 246 94 0 143 51 37 89 169 107 46 118 65 32 30 122 225 0 0 0 0 0 2 0 0 0 51 0 0 0 0 4 0 0 0 2 1 0 0 0 0 0 11 0 0 0 0 0 0 0 0 0 0 0 0 0 0 0 0 0 0 0 0 0 0 0 0 0 8 0 0 0 3 0 0 0 0 0 12 30 0 6 0 0 10 0 9 1 0 22 31 0 9 7 0 0 29 0 11 4 0 0 0 0 12 0 2 0 1 10 0 1 1 1 0 31 10 0 0 6 0 0 0 0 0 0 0 0 0 0 0 0 0 0 0 0 0 0 0 18 33 0 0 0 0 0 1 13 6 0 0 0 0 0 0 0 0 18 6 0 0 1 21 35 0 24 0 11 26 0 33 21 12 25 0 13 0 1 9 7 0 0 0 1 4 0 0 0 0 0 10 0 0 3 0 0 12 0 0 0 0 0 0 0 0 0 32 0 9 0 1 0 0 0 0 0 2 0 25 0 0 3 3 0 0 0 0 1 0 0 0 0 0 0 0 0 0 0 0 0 0 0 0 0 0 2 0 
 0 0 0 0 0 1 0 0 0 2 0 0 0 2 0 0 2 0 0 0 1 0 0 0 0 54 0 4 7 0 2 0 2 4 0 0 0 0 0 1 120 404 217 357 57 49 143 0 193 311 84 158 189 188 68 36 132 130 71 131 0 0 0 0 0 0 2 0 0 0 0 1 0 0 0 0 0 0 43 6 0 0 0 0 0 0 0 0 0 0 0 0 0 0 0 18 0 0 0 0 0 0 0 0 6 0 1 0 10 0 0 0 5 0 0 0 11 4 0 0 7 1 7 8 0 0 10 15 10 0 0 4 0 18 15 14 17 10 13 8 0 0 0 0 0 0 0 0 0 0 6 0 0 0 0 0 0 0 0 0 0 0 3 0 0 10 0 0 0 1 0 0 0 1 0 0 0 0 0 0 0 0 4 0 0 0 0 1 0 4 0 0 0 4 0 0 0 0 0 0 18 10 6 0 17 1 11 25 4 6 8 0 21 10 45 20 10 12 4 0 0 0 0 0 0 0 0 0 0 0 0 8 0 0 0 0 1 0 0 0 0 0 16 0 0 0 0 0 0 20 0 10 0 2 0 0 0 0 0 0 0 0 0 0 0 13 0 0 0 0 6 0 0 0 0 0 0 0 0 0 0 0 0 0 0 0 0 0 1 0 
 3 3 3 3 6 3 8 3 3 3 3 3 3 5 6 3 3 3 3 3 0 0 0 0 2 0 0 0 3 0 0 0 0 62 2 0 0 0 22 0 128 55 342 175 366 47 51 193 0 291 54 59 72 329 127 57 108 340 91 83 0 0 51 2 0 0 9 0 0 0 0 0 0 0 1 4 1 0 52 57 0 7 0 0 0 0 0 0 0 0 0 0 0 0 19 0 0 0 0 0 0 0 0 0 0 0 0 0 0 0 0 0 0 0 0 0 0 0 0 0 0 0 29 23 10 0 0 7 25 16 13 54 0 13 7 53 27 10 0 0 0 0 0 0 0 0 0 0 0 0 6 0 0 13 0 0 0 4 0 9 0 0 0 0 1 0 0 0 0 0 0 0 0 0 2 0 0 0 0 0 0 0 0 0 0 0 0 0 0 0 0 0 0 0 0 0 0 0 0 0 9 0 22 12 0 0 24 11 18 8 7 0 0 0 18 23 0 3 0 1 0 0 0 0 0 0 9 11 0 0 0 0 13 0 0 0 0 0 0 14 0 0 17 0 0 0 0 0 0 0 0 4 0 0 0 0 1 0 0 0 0 0 65 1 0 1 0 0 1 0 0 0 0 0 0 0 0 0 0 0 0 0 0 0 0 13 0 0 0 0 
 2 8 2 2 2 6 2 2 2 2 2 6 2 2 2 7 2 2 2 2 0 0 0 0 6 0 0 0 0 0 0 0 0 0 0 0 0 0 1 0 244 106 62 112 89 59 37 311 291 0 312 46 46 209 184 213 253 113 139 101 2 17 0 0 0 0 0 0 0 6 0 0 49 0 0 1 2 0 22 1 0 0 0 0 4 2 0 0 0 0 4 15 0 0 0 5 0 0 0 0 11 0 0 0 0 0 0 0 13 0 0 0 0 5 0 0 0 0 0 3 32 19 0 10 0 39 0 10 24 16 8 0 0 16 6 0 7 7 0 23 0 0 0 0 0 0 14 0 0 4 0 0 1 0 22 0 8 0 14 14 0 0 18 5 0 0 0 0 0 0 0 6 0 16 0 0 0 3 0 0 0 25 0 0 0 0 4 0 0 0 0 0 8 0 0 0 0 0 1 0 0 2 1 0 7 9 0 38 0 29 18 19 0 0 0 0 5 4 0 0 0 0 0 0 5 0 24 0 3 0 0 0 0 8 27 2 0 1 26 11 0 2 0 0 0 0 2 0 0 0 0 15 0 0 0 0 0 0 0 2 0 16 2 0 2 10 0 0 1 0 0 0 0 0 0 0 0 0 0 0 0 2 0 0 13 0 0 0 0 0 
 0 0 0 0 0 1 0 0 0 2 0 3 0 0 0 0 0 0 0 0 8 3 3 3 6 3 3 5 6 22 3 3 58 4 3 5 3 62 3 3 32 32 165 397 392 65 89 84 54 312 0 94 32 45 66 325 179 184 33 346 0 0 0 0 0 0 4 0 0 0 0 0 53 0 20 4 1 0 53 10 0 0 0 0 0 0 0 0 7 0 0 0 0 0 0 0 0 0 0 0 0 0 0 0 0 0 0 0 4 0 0 6 2 0 0 3 4 0 7 0 0 7 0 8 14 20 0 0 19 0 6 11 0 15 0 7 13 20 0 0 0 1 21 0 0 0 0 0 0 0 1 0 52 9 4 0 0 0 0 0 0 0 0 0 6 6 0 0 0 0 0 0 0 0 5 0 0 1 0 0 0 0 0 0 0 0 0 0 0 0 0 0 0 1 9 0 0 0 0 0 0 0 0 21 0 0 0 0 0 0 11 10 0 0 0 0 9 1 0 1 16 9 23 0 0 0 10 22 0 0 0 0 13 10 0 0 0 0 0 16 0 0 16 0 0 0 0 0 0 0 0 9 0 1 0 0 0 0 0 13 1 0 0 40 64 0 0 2 0 0 0 0 0 0 0 0 0 0 0 0 0 0 0 0 10 0 0 0 0 2 
 3 3 3 3 2 3 3 3 3 3 3 3 3 4 3 0 3 3 3 3 0 3 0 0 7 0 0 0 0 0 2 0 2 0 0 0 0 3 0 0 38 19 190 208 113 72 169 158 59 46 94 0 204 28 188 53 251 87 43 106 0 2 0 0 0 3 22 0 2 0 0 1 5 2 46 4 0 0 50 8 0 0 0 0 0 0 0 0 0 0 0 0 0 0 0 0 0 0 12 0 0 0 0 0 0 0 0 0 0 0 0 0 0 0 0 0 0 0 0 0 15 7 0 10 49 0 0 8 36 0 0 8 0 33 9 55 42 29 0 0 0 9 0 0 0 0 0 0 0 0 0 0 0 0 5 0 0 0 0 0 0 0 6 0 0 0 0 0 0 0 0 0 0 0 0 0 0 0 0 0 0 2 0 0 0 0 0 0 0 0 0 0 0 0 11 1 0 0 0 0 0 10 0 0 0 20 0 21 1 0 7 21 0 25 11 4 14 0 0 0 1 2 4 0 0 0 18 0 0 0 0 0 13 11 0 0 0 0 0 1 0 0 42 0 0 0 0 0 0 0 0 14 0 0 1 0 0 0 0 15 0 0 3 2 72 1 0 0 0 17 0 0 0 0 0 0 0 0 0 0 0 0 0 0 9 0 0 0 0 0 
 2 2 2 2 2 2 2 2 2 2 2 65 2 2 2 2 2 2 2 2 0 0 0 0 125 62 0 0 61 1 0 1 0 0 63 0 62 67 0 0 114 306 63 80 70 37 107 189 72 46 32 204 0 78 144 113 239 68 122 279 0 0 52 0 0 0 1 0 0 0 0 0 9 0 0 0 0 0 0 1 0 0 0 0 0 0 0 0 0 0 0 0 0 0 0 0 0 0 0 0 0 0 0 0 0 9 0 0 10 0 65 23 0 0 0 0 0 0 0 0 18 27 27 0 15 0 10 7 0 1 0 7 0 0 1 0 0 3 30 18 1 0 0 0 0 0 0 2 0 0 0 0 7 0 0 0 0 0 0 14 0 0 0 0 0 0 0 0 0 0 0 0 0 0 0 0 0 8 0 12 0 0 0 8 10 0 0 0 0 18 9 10 9 0 0 0 6 0 0 0 31 17 0 0 16 3 22 24 34 38 26 44 12 27 22 19 1 1 0 15 0 0 0 0 0 0 0 0 0 0 0 0 1 0 0 0 19 0 3 0 0 0 0 0 0 0 0 0 0 0 0 3 0 0 0 0 0 0 61 0 9 0 25 0 0 0 0 0 0 0 15 0 0 0 0 0 0 0 0 12 0 0 13 0 0 22 0 0 0 0 
 0 0 0 2 0 0 5 0 0 0 0 0 0 2 0 0 0 0 0 0 3 0 0 0 66 0 0 0 0 0 0 0 2 0 0 2 0 0 0 0 29 135 124 129 85 58 46 188 329 209 45 28 78 0 323 147 354 37 106 391 0 2 0 0 0 0 0 0 1 0 0 0 0 0 0 0 0 0 0 0 0 0 0 0 0 0 0 0 0 0 4 0 5 0 0 0 0 0 0 4 0 0 0 0 0 0 0 0 0 0 0 0 0 0 0 0 0 0 0 0 21 27 0 15 0 12 9 0 8 33 0 2 0 10 7 0 0 17 24 9 0 0 0 0 0 0 0 0 0 0 0 0 0 0 0 0 0 0 0 4 0 5 0 2 0 15 0 0 0 2 0 0 0 6 0 0 0 0 2 5 0 0 0 0 0 0 0 0 0 0 0 0 0 0 0 0 0 0 0 0 0 8 0 1 6 9 8 16 0 25 0 14 10 0 7 0 0 10 0 14 0 0 0 0 0 0 0 0 0 0 0 0 0 0 0 0 0 0 10 1 0 0 21 0 0 0 0 0 0 2 0 6 0 2 0 2 0 3 0 2 0 0 2 0 66 11 1 0 0 0 0 0 0 0 0 0 0 0 0 0 0 0 0 0 21 0 0 0 1 0 
 0 0 1 2 3 0 0 1 0 0 0 0 0 0 0 0 2 0 0 0 0 0 0 103 116 67 0 0 36 0 0 0 0 0 3 2 0 0 0 0 197 76 58 56 91 55 118 68 127 184 66 188 144 323 0 159 57 45 128 195 9 1 0 51 2 18 2 2 0 6 8 4 0 8 5 8 5 13 4 53 0 0 0 0 0 0 0 0 0 30 8 0 0 0 0 0 0 0 0 0 0 0 0 0 0 0 0 0 0 0 24 31 0 0 0 0 0 0 0 0 23 19 25 27 0 23 37 27 9 8 22 0 14 0 0 0 45 0 4 33 0 0 0 7 2 0 0 7 3 0 2 0 0 6 0 0 3 0 0 3 0 0 0 27 0 0 0 0 0 6 0 0 0 2 0 0 0 0 0 0 0 0 0 0 9 0 0 0 0 31 15 15 0 0 0 0 0 0 0 0 22 0 1 0 0 1 25 0 19 64 0 6 34 22 11 11 19 8 0 0 0 0 0 0 0 0 0 0 0 0 2 3 0 0 2 0 0 0 4 19 0 0 0 0 0 0 2 0 0 0 0 12 0 1 0 0 2 0 0 1 0 0 63 0 0 4 7 0 0 0 2 0 0 0 0 0 0 0 0 7 0 0 0 0 12 16 0 0 2 0 
 0 0 0 0 0 5 3 3 0 1 0 0 16 0 0 0 3 0 0 0 5 3 2 2 65 3 3 3 3 3 3 3 66 2 2 3 3 3 2 2 37 177 116 103 145 142 65 36 57 213 325 53 113 147 159 0 141 77 72 78 0 0 0 0 52 0 0 0 0 0 0 0 18 0 1 0 0 0 108 52 0 0 0 0 0 0 0 0 0 0 0 0 0 2 0 0 0 0 0 0 0 0 0 13 0 0 0 0 0 0 11 0 0 0 0 0 0 0 0 0 12 6 0 13 0 3 12 0 9 4 28 0 0 2 2 0 4 0 9 7 20 38 0 0 0 0 36 24 0 0 4 3 0 0 7 0 1 4 21 0 0 0 0 0 0 0 0 0 0 0 0 0 0 3 0 0 0 0 0 0 0 0 0 0 6 0 0 0 9 0 0 0 0 0 0 0 0 0 0 0 0 9 0 0 27 1 8 10 11 18 20 10 11 0 31 0 0 6 0 32 4 14 25 0 10 0 26 8 6 0 0 0 9 0 23 0 9 0 0 20 0 0 0 0 0 0 0 0 0 0 0 9 1 0 0 0 0 0 0 0 0 0 65 0 0 11 0 0 2 0 0 0 0 0 0 0 0 0 0 0 0 0 0 0 0 23 0 11 0 0 
 0 0 4 3 7 0 0 2 34 0 1 1 4 0 0 0 5 12 0 0 0 0 2 0 3 0 0 1 2 0 0 0 0 0 0 2 0 94 0 0 36 327 238 277 417 286 32 132 108 253 179 251 239 354 57 141 0 300 37 326 0 0 0 0 0 0 3 3 0 0 0 0 26 0 3 0 0 4 50 67 0 0 0 0 0 0 1 0 0 5 0 0 0 0 4 0 0 0 0 0 2 0 0 0 3 0 0 0 0 0 0 0 0 0 0 0 0 0 0 1 22 0 1 19 0 25 0 6 31 23 27 0 0 34 4 1 26 0 0 8 13 0 0 0 0 0 7 0 0 0 0 0 1 0 0 0 0 1 7 1 0 0 10 0 3 0 0 0 0 9 0 11 4 1 2 0 3 0 0 0 0 0 0 0 0 0 0 0 0 0 0 0 0 0 0 0 0 0 0 0 0 20 0 0 9 9 0 40 1 4 6 0 19 20 35 0 10 0 0 4 0 11 0 0 0 0 1 0 0 0 0 0 0 0 9 0 0 0 11 10 0 0 17 0 0 0 0 0 0 0 0 5 0 0 0 0 0 0 0 1 0 1 73 1 0 10 0 1 0 0 0 0 0 0 0 0 0 0 0 0 0 0 0 0 11 0 0 10 0 0 
 0 0 2 0 3 0 1 0 0 0 0 4 0 64 0 0 0 0 0 0 55 5 0 0 3 64 1 4 4 0 0 0 1 4 3 3 3 0 63 11 51 374 98 45 318 83 30 130 340 113 184 87 68 37 45 77 300 0 241 34 0 0 0 0 0 0 0 0 0 0 0 0 27 67 0 0 0 0 51 0 0 0 0 0 0 0 0 0 0 0 0 0 0 0 0 0 0 0 0 0 0 0 0 0 9 0 7 9 0 0 0 0 5 0 0 0 0 2 0 0 0 0 0 7 0 23 1 0 13 38 23 8 0 0 0 2 0 71 0 0 21 0 0 0 0 0 16 0 0 0 0 0 3 21 11 0 22 0 22 1 0 0 0 0 0 0 0 0 0 0 10 0 0 0 6 0 0 0 0 0 5 0 4 0 0 0 1 5 3 4 0 0 0 4 0 3 3 0 0 0 0 12 37 25 20 58 0 47 31 0 24 19 7 8 0 28 0 14 4 0 0 11 0 0 0 0 0 4 0 0 0 0 51 12 22 0 9 0 0 5 0 0 0 0 0 0 0 0 0 0 0 5 0 2 0 0 0 0 0 0 0 2 0 104 0 3 0 62 0 0 20 0 0 0 0 0 0 0 0 0 0 0 0 16 0 0 0 10 0 0 
 0 20 3 5 3 0 0 0 63 0 0 0 6 0 0 0 0 0 0 0 63 0 34 0 126 31 0 0 42 0 2 32 0 64 85 1 30 65 0 62 29 136 35 76 53 87 122 71 91 139 33 43 122 106 128 72 37 241 0 153 2 0 0 0 0 0 69 3 6 0 1 0 5 0 5 0 8 0 5 3 0 0 0 0 0 0 0 0 0 0 0 0 0 0 0 0 0 0 0 0 15 0 8 15 0 0 0 0 6 13 0 0 0 0 22 29 0 0 0 0 15 20 0 0 0 0 10 0 0 0 0 0 3 10 0 0 0 0 0 28 0 0 0 0 0 0 0 8 0 0 0 0 0 0 0 0 0 0 0 0 0 0 0 2 0 0 0 0 0 2 0 0 0 5 0 0 0 0 0 0 0 10 32 14 0 0 0 9 0 10 0 19 0 0 10 0 31 0 0 0 7 20 17 0 6 1 0 0 0 2 0 14 10 0 1 0 0 9 14 1 0 0 14 0 0 0 0 0 0 0 0 0 0 0 0 0 0 0 0 0 0 0 0 0 0 0 0 0 0 0 0 7 0 0 0 0 0 0 0 0 0 29 0 0 0 9 1 0 0 0 0 0 0 0 0 0 0 0 0 0 0 0 0 0 0 15 0 0 0 0 
 2 2 3 2 3 3 1 2 2 3 2 3 3 2 1 2 1 2 1 1 0 0 19 54 128 22 0 0 0 0 209 18 0 0 63 0 18 124 0 62 256 51 126 209 320 121 225 131 83 101 346 106 279 391 195 78 326 34 153 0 0 0 0 0 1 1 0 0 0 8 0 0 0 0 0 0 0 1 0 0 0 0 0 0 0 0 0 0 0 0 0 0 0 0 0 0 0 0 0 0 0 0 0 0 0 23 0 0 0 11 0 7 0 0 0 0 11 0 0 0 19 20 19 0 7 0 0 24 0 0 0 0 6 23 7 2 11 10 6 51 0 0 0 0 0 0 0 0 0 0 0 0 0 0 0 0 0 0 0 7 0 0 7 0 0 0 0 0 0 0 0 0 0 1 0 0 0 0 0 0 0 0 4 23 0 6 0 0 0 6 12 9 0 0 28 0 10 0 0 0 19 12 0 6 0 21 0 18 0 5 0 0 0 28 9 19 10 1 6 11 9 0 0 0 0 0 0 0 0 0 0 0 0 0 0 0 0 0 0 0 0 0 0 0 0 0 0 0 0 0 0 16 0 2 0 0 0 0 0 0 0 10 0 0 36 3 2 0 2 0 0 0 0 0 0 0 0 0 0 0 0 0 0 0 11 0 0 0 1 0 
 0 0 0 0 2 0 0 12 0 0 0 0 0 2 0 0 0 53 0 0 3 3 3 3 8 3 3 3 3 3 3 3 5 3 3 3 3 3 3 3 13 0 0 0 0 51 0 0 0 2 0 0 0 0 9 0 0 0 2 0 0 124 94 145 87 59 243 203 118 99 87 151 60 143 224 107 445 142 57 146 0 0 0 0 0 0 0 0 0 0 0 0 0 0 0 0 0 0 0 0 0 0 0 7 0 0 0 0 0 0 0 0 0 0 0 0 0 0 0 0 18 0 0 0 0 0 0 0 24 0 0 0 0 0 0 0 0 0 0 0 0 4 0 2 7 4 0 1 17 0 25 6 0 23 0 10 14 32 0 0 0 0 0 0 0 0 0 0 0 0 0 0 2 0 0 4 0 0 0 0 37 0 0 0 0 8 0 0 0 0 0 0 0 0 0 0 0 0 0 0 0 0 0 0 0 0 0 0 0 0 0 0 0 0 0 0 0 0 0 0 49 0 0 14 5 6 0 4 1 0 67 57 6 0 27 4 20 50 0 0 0 13 0 0 0 63 0 0 0 0 0 0 2 0 9 0 0 0 0 0 0 0 0 0 0 2 30 0 0 0 20 0 0 0 0 0 0 0 0 0 0 0 0 0 0 0 0 0 0 0 
