 0 223 186 145 32 269 198 101 141 228 549 41 133 163 309 523 52 124 229 45 2 0 0 0 3 4 2 0 2 4 4 3 0 0 1 0 5 3 3 0 0 0 0 0 1 3 0 0 0 28 0 3 4 0 3 0 0 0 6 0 3 0 5 0 0 0 10 31 2 0 2 0 3 0 3 0 0 0 0 0 55 20 39 7 22 17 0 12 10 24 16 22 24 11 13 17 21 28 0 35 0 0 0 0 0 0 0 0 0 0 0 0 0 0 0 0 0 0 0 9 0 0 0 0 0 0 0 0 3 0 0 0 0 0 0 0 49 0 0 0 0 0 0 0 0 0 3 0 1 0 0 0 0 0 0 0 1 0 0 4 13 1 28 0 1 0 0 18 37 6 0 11 0 22 10 0 77 0 24 24 0 0 0 0 0 0 0 0 0 0 0 0 0 0 0 0 0 0 14 0 0 10 0 0 0 0 0 0 0 0 0 0 0 0 0 0 0 0 0 0 0 0 23 0 0 0 0 0 0 0 0 0 0 0 0 0 0 0 0 0 0 0 0 0 0 2 0 1 0 0 0 8 0 0 0 0 0 0 0 0 0 0 0 0 0 0 0 0 0 0 0 0 0 0 0 0 0 0 0 0 0 0 0 0 0 0 0 0 0 0 
 223 0 200 70 62 258 190 209 260 59 61 24 144 352 269 226 20 45 136 220 3 3 1 0 3 2 2 0 2 7 3 1 36 6 0 0 3 3 3 0 0 0 0 3 2 71 2 0 2 3 0 3 2 0 5 0 0 0 3 0 3 0 0 0 5 1 2 0 3 0 5 2 5 0 7 0 0 0 0 2 71 7 20 0 0 2 14 7 13 0 14 75 11 31 11 29 33 10 14 11 0 0 0 0 0 0 1 0 0 0 0 0 0 0 0 0 0 0 0 0 0 0 0 0 0 0 0 0 0 0 0 3 0 0 0 0 0 0 0 0 0 0 0 0 0 0 0 0 1 0 0 2 0 0 0 0 0 0 0 6 33 10 0 0 30 1 1 8 77 0 31 11 28 23 80 34 18 14 0 17 0 0 0 0 0 0 0 0 0 0 0 0 0 0 2 0 0 4 15 0 0 0 0 0 0 0 0 0 0 0 0 0 0 0 0 0 2 0 0 0 13 2 0 0 1 0 0 0 0 5 0 0 0 0 0 0 9 0 0 0 0 0 0 0 0 1 1 0 2 0 0 22 0 0 0 0 0 0 0 0 0 0 0 0 0 0 0 0 0 0 0 0 0 0 0 0 1 0 0 0 0 0 0 0 0 0 0 0 0 0 
 186 200 0 57 367 36 163 55 244 142 33 30 163 69 70 232 29 94 104 31 4 0 0 0 9 2 1 0 1 6 3 1 75 0 0 0 5 3 3 74 0 0 0 0 3 3 2 0 0 0 0 3 2 0 22 0 2 0 3 0 3 0 0 0 2 1 2 0 3 0 3 0 2 0 3 0 0 0 0 0 1 0 7 11 0 19 0 0 2 0 0 11 0 21 21 35 15 6 10 0 0 17 0 0 0 0 0 9 0 0 0 0 13 30 10 0 0 0 13 2 0 0 0 0 0 0 0 0 0 0 1 0 0 1 0 0 0 0 0 0 5 0 0 6 0 0 0 1 0 0 0 0 0 0 0 0 0 0 1 0 23 15 0 22 0 0 0 0 0 1 16 21 0 20 6 0 0 1 10 7 10 23 0 0 0 0 16 2 10 0 0 0 29 1 1 0 1 0 18 13 0 6 0 0 0 0 0 0 0 0 0 0 0 0 0 0 0 0 0 0 40 0 0 0 0 0 0 0 0 0 0 0 0 0 0 0 0 0 0 1 0 0 0 0 0 0 87 0 1 1 0 9 0 0 0 0 0 0 0 0 0 0 0 0 0 0 0 0 0 0 0 0 0 0 0 0 10 0 0 0 0 0 0 0 0 0 0 0 0 0 
 145 70 57 0 266 324 96 167 182 124 164 464 39 76 71 170 133 296 60 57 3 2 0 0 3 2 63 39 2 4 5 80 76 0 0 0 3 3 43 0 0 0 0 0 2 3 2 28 2 17 2 5 4 63 0 0 0 2 10 0 3 0 1 0 4 3 2 0 0 0 3 0 4 0 4 0 0 3 0 0 0 1 1 4 33 7 0 0 17 2 9 0 0 0 0 24 11 31 0 0 0 33 2 0 0 0 0 35 20 0 0 0 0 40 30 0 0 1 32 12 0 0 0 0 0 0 0 19 0 0 0 0 0 0 1 0 0 0 0 0 0 1 0 0 1 0 5 0 0 0 0 0 0 0 0 0 0 0 12 0 0 1 0 74 1 0 0 0 0 14 0 2 0 0 5 0 15 5 0 0 10 15 16 0 1 0 12 3 26 0 0 0 36 0 0 11 6 2 9 30 0 1 0 0 0 0 0 0 0 0 0 0 0 0 0 0 0 0 0 0 0 0 0 0 0 0 0 0 0 0 0 0 0 0 0 0 0 0 0 0 0 7 0 0 0 3 177 0 1 91 0 9 10 0 0 0 0 0 0 0 0 10 13 0 0 0 0 0 0 0 0 0 0 0 0 0 0 0 0 0 0 1 0 0 0 0 0 0 0 0 
 32 62 367 266 0 191 256 38 168 130 180 64 66 295 271 59 38 126 76 184 9 0 0 0 3 2 73 0 2 5 3 2 77 0 75 0 3 5 5 74 5 0 0 0 3 3 2 0 0 6 0 3 2 0 0 0 0 0 3 0 3 0 0 36 2 1 2 0 3 0 5 2 2 0 2 0 0 0 0 0 4 0 24 6 25 17 0 25 0 0 0 0 0 0 1 11 8 0 0 0 1 5 25 0 0 0 5 33 10 0 20 0 22 97 0 0 0 0 67 0 0 0 2 0 0 0 0 0 0 0 0 0 0 0 0 0 0 0 1 0 0 0 0 20 1 1 0 18 0 0 0 0 10 0 0 0 0 0 0 0 0 2 26 24 14 9 0 0 0 8 15 80 0 0 0 9 14 0 0 12 0 2 27 0 0 0 9 23 11 0 0 0 10 0 10 0 0 35 0 39 0 0 0 7 0 0 0 0 0 15 0 0 0 0 0 0 0 0 0 0 0 0 0 1 2 0 1 0 0 2 0 0 0 0 0 0 14 0 0 0 0 1 0 0 0 4 22 0 1 10 0 16 0 9 0 0 0 0 0 0 0 0 0 0 0 0 0 0 0 2 0 0 0 0 0 8 0 11 0 0 0 6 0 0 0 1 0 0 0 2 
 269 258 36 324 191 0 47 208 278 356 246 421 30 49 128 51 325 252 298 43 104 0 0 0 5 2 2 2 95 5 3 0 1 0 1 0 5 4 3 77 0 0 0 0 1 3 2 0 2 14 0 3 2 0 0 0 0 0 3 0 3 0 0 0 0 5 5 0 2 0 2 0 3 48 3 0 0 0 0 0 0 15 32 16 2 27 0 1 10 0 29 0 0 0 11 0 7 30 0 0 4 1 11 0 0 0 16 15 11 0 0 0 42 33 0 45 11 12 16 29 0 0 0 0 0 1 0 0 1 0 0 0 0 0 0 0 0 0 0 0 0 0 0 0 0 0 1 0 0 0 0 0 0 32 0 0 0 0 3 0 0 22 11 18 0 14 14 7 9 13 10 26 1 0 14 16 38 16 0 0 0 6 16 0 9 0 10 25 21 21 16 0 31 0 23 0 15 39 12 10 16 0 2 0 0 0 0 0 0 0 0 0 0 0 0 0 0 0 0 0 0 0 0 0 0 0 0 0 0 0 0 0 0 0 0 0 0 0 0 0 0 3 0 0 0 1 5 1 0 1 0 17 0 0 0 0 0 1 0 0 0 11 1 0 0 0 0 0 0 0 0 0 0 27 0 13 17 0 0 0 0 1 0 0 0 0 0 0 0 0 
 198 190 163 96 256 47 0 188 49 261 23 35 439 156 45 38 237 29 263 130 2 0 0 0 3 2 0 0 74 5 3 1 2 0 2 0 3 3 5 0 8 0 0 3 4 3 2 0 0 2 0 3 2 0 0 61 0 0 3 0 3 1 0 0 6 0 3 0 0 0 2 0 3 0 3 0 0 0 0 0 11 15 32 0 0 23 36 0 12 26 0 0 19 38 21 1 18 0 0 33 0 0 0 0 0 0 0 0 1 0 0 0 0 3 0 0 0 0 0 0 0 0 0 0 0 0 0 0 0 0 0 0 0 0 0 0 0 0 0 0 0 0 1 0 0 0 0 0 0 0 0 0 8 0 0 1 0 0 0 1 37 1 0 11 0 0 0 9 47 0 2 0 0 37 0 0 0 13 27 14 0 0 0 0 0 13 0 16 0 0 0 0 0 0 0 0 0 0 2 0 1 10 0 0 0 0 0 0 0 0 0 2 0 0 0 1 0 0 0 0 0 0 0 0 0 3 0 0 0 0 0 0 0 0 0 0 0 0 0 0 0 0 0 0 0 0 0 1 0 2 0 5 0 0 0 0 0 0 0 0 0 0 0 0 0 0 0 0 0 1 0 0 0 0 0 0 0 0 0 0 0 0 0 0 0 1 0 0 0 2 
 101 209 55 167 38 208 188 0 475 192 124 105 271 252 114 116 169 75 370 49 4 0 0 0 3 2 4 0 2 10 3 3 6 0 1 0 3 4 3 0 0 0 0 6 1 3 4 0 0 6 0 3 2 0 0 0 0 0 3 0 3 0 0 51 6 17 4 0 2 0 6 0 8 0 3 0 0 0 0 4 23 20 35 21 0 8 0 17 11 13 21 13 19 32 13 28 22 9 8 10 0 0 0 0 0 0 27 0 0 0 0 0 11 0 0 0 0 0 0 1 0 0 0 0 0 0 0 0 0 0 0 0 0 0 0 0 0 0 0 0 0 2 0 0 2 0 0 0 0 0 0 0 0 0 0 0 0 0 0 5 0 45 19 12 1 13 15 21 22 19 19 18 13 15 52 34 29 16 8 16 0 0 0 0 0 0 2 0 7 0 0 0 9 0 0 0 0 3 0 0 0 0 0 0 0 0 0 0 0 0 4 0 0 0 0 0 0 0 0 0 0 0 0 0 0 0 0 0 0 0 0 0 0 0 0 0 0 0 0 0 0 0 0 0 0 0 0 0 0 0 2 6 0 0 0 0 0 0 0 0 0 0 0 0 0 0 0 0 0 0 0 0 0 0 0 11 27 0 0 0 0 0 0 0 0 0 0 0 0 0 
 141 260 244 182 168 278 49 475 0 111 482 35 59 208 300 248 38 401 157 261 4 4 0 1 3 2 2 0 0 8 6 2 73 4 1 3 9 7 6 1 0 0 4 4 4 6 5 0 6 5 5 5 2 4 2 0 2 2 5 0 5 2 34 0 5 3 2 0 3 0 5 3 6 3 3 1 3 2 4 5 15 15 0 7 0 9 0 0 15 0 0 44 0 21 21 22 35 21 12 0 0 0 0 0 0 0 0 0 0 0 0 0 24 15 10 0 0 0 33 0 0 12 0 16 0 0 0 0 40 0 0 0 0 0 0 0 0 0 0 0 0 0 0 6 0 0 0 1 16 0 0 0 0 0 0 0 0 0 1 0 26 11 1 23 20 1 0 0 12 0 26 26 2 0 14 16 29 0 7 0 13 18 0 0 0 0 4 13 0 0 0 0 21 0 1 0 10 1 14 13 0 0 0 0 0 0 0 0 0 0 0 0 0 0 0 0 0 0 0 0 0 1 0 0 2 0 0 0 0 0 0 0 0 0 0 0 0 0 0 0 0 0 0 0 0 0 87 0 3 1 2 17 0 2 0 0 1 0 0 2 0 0 0 0 0 0 0 0 0 0 0 0 0 0 0 5 0 0 0 0 0 0 0 0 0 0 0 0 0 0 
 228 59 142 124 130 356 261 192 111 0 310 150 165 139 106 259 53 48 350 85 2 1 9 2 5 5 2 0 75 8 6 4 74 74 1 7 3 10 5 85 0 0 0 0 5 6 2 2 56 0 2 3 4 0 0 0 1 0 3 0 3 0 12 0 7 0 3 0 4 0 2 0 3 0 9 3 0 0 6 0 11 14 10 18 15 73 0 33 16 27 9 10 14 0 12 23 12 61 7 26 0 0 0 0 0 0 14 0 0 0 0 0 9 15 0 0 0 0 9 2 0 0 0 0 0 0 0 0 1 0 0 0 0 0 0 0 0 0 0 0 0 0 0 7 0 0 0 7 1 0 0 2 0 0 0 0 0 0 0 0 0 1 29 24 19 17 0 4 0 11 15 5 0 1 0 24 0 5 21 55 11 0 0 0 0 0 0 0 0 0 1 0 3 0 0 0 0 0 0 20 0 0 0 0 0 0 0 0 0 0 0 0 0 0 0 0 2 0 0 0 0 0 0 0 1 0 0 0 0 0 0 0 0 0 0 0 0 0 0 0 0 0 0 0 0 2 5 3 89 1 0 24 0 0 2 0 0 0 0 0 0 0 0 0 0 0 0 0 0 0 0 0 0 0 0 20 0 11 0 0 0 0 0 0 0 0 0 0 0 0 
 549 61 33 164 180 246 23 124 482 310 0 196 42 334 271 154 346 220 144 608 133 0 0 0 3 2 1 0 1 5 5 0 150 37 2 0 3 3 100 33 0 0 0 0 0 3 2 0 0 22 3 3 2 0 0 0 0 0 3 0 3 2 5 0 0 0 3 0 0 0 2 0 5 0 4 0 0 0 0 0 0 14 20 18 28 46 0 14 48 13 23 10 0 0 12 0 17 0 0 24 0 17 1 0 0 0 0 18 27 0 0 0 0 41 0 7 0 0 0 16 0 0 0 0 0 0 0 0 0 0 0 2 0 0 0 0 11 0 0 0 0 0 0 0 0 0 9 0 7 0 0 0 0 0 0 0 0 51 0 1 0 17 0 15 28 7 0 6 0 22 0 0 0 0 4 14 0 9 6 16 14 16 16 0 0 0 21 0 0 0 0 0 20 7 0 19 0 7 1 34 0 0 0 0 0 0 0 0 0 0 0 0 0 0 0 0 0 0 0 0 0 0 0 0 0 0 0 0 0 0 0 0 0 0 0 0 0 0 0 0 0 5 0 0 0 2 91 0 44 0 14 5 0 0 0 0 0 0 0 0 0 0 13 0 0 0 0 0 0 0 0 0 0 0 0 0 0 9 0 0 0 1 0 0 0 0 0 0 0 0 
 41 24 30 464 64 421 35 105 35 150 196 0 253 245 51 58 242 245 29 41 3 0 0 0 3 4 80 75 1 3 3 0 4 2 0 0 85 3 77 1 0 0 0 0 3 3 1 0 0 4 0 3 2 36 0 0 0 0 3 0 3 0 0 0 2 1 2 0 67 76 3 0 2 0 2 0 0 1 0 0 0 14 10 7 13 25 0 0 10 0 14 4 0 0 7 0 7 47 10 0 0 11 10 0 0 0 0 23 9 0 0 0 13 18 0 0 21 14 15 10 0 0 0 0 0 0 0 0 0 0 0 0 0 0 0 0 0 6 0 0 0 0 0 0 0 0 0 0 0 1 0 0 0 0 0 0 0 0 3 0 0 28 0 4 0 0 12 0 0 13 0 10 0 0 16 0 46 4 0 0 0 0 22 1 0 0 9 13 23 12 0 0 36 0 0 2 9 22 17 9 0 0 0 0 0 1 0 0 0 0 0 0 0 0 0 0 0 0 0 0 0 0 0 1 0 0 0 2 0 0 11 0 0 0 0 0 0 0 0 0 0 0 0 0 0 1 2 0 2 5 0 4 10 0 0 0 0 0 0 0 0 11 0 0 0 0 0 0 0 9 0 0 0 0 0 0 13 0 0 0 0 1 0 0 0 0 0 0 0 0 
 133 144 163 39 66 30 439 271 59 165 42 253 0 586 44 81 18 258 319 223 2 0 79 0 3 2 2 0 1 5 4 1 0 0 1 0 3 3 3 0 0 0 0 0 1 3 2 0 0 0 0 3 2 0 0 0 0 0 3 0 3 0 0 0 0 85 2 0 2 0 2 0 3 0 3 0 0 0 0 0 35 6 26 1 14 14 18 0 4 18 0 1 22 13 20 0 19 0 0 34 0 0 0 0 0 0 0 0 0 0 0 0 0 0 0 0 0 0 0 0 0 0 0 0 0 0 9 0 0 0 0 0 0 0 0 0 0 0 0 0 9 0 0 0 0 0 0 0 0 0 0 0 0 0 0 0 0 0 0 3 31 0 2 21 0 0 11 9 16 0 0 1 0 15 0 0 0 7 22 18 0 0 0 0 0 0 0 0 0 0 0 0 0 0 0 0 0 0 1 0 0 10 0 0 0 2 0 0 0 0 8 0 0 0 0 0 0 0 0 0 0 0 0 0 0 0 0 0 25 0 0 0 0 0 0 0 0 0 0 1 0 0 0 0 0 1 0 0 1 0 1 6 0 0 0 0 0 0 0 0 0 0 0 0 0 0 0 0 0 0 0 0 0 0 0 0 0 0 0 0 0 0 0 0 0 0 0 2 0 0 
 163 352 69 76 295 49 156 252 208 139 334 245 586 0 111 34 175 240 718 322 2 0 0 0 3 2 0 0 2 4 3 0 0 0 2 2 3 3 4 1 0 0 0 0 1 3 0 0 0 0 0 3 2 0 0 0 0 0 3 0 3 0 0 0 0 2 4 0 0 0 2 0 3 0 3 0 0 0 0 0 92 32 0 13 15 0 0 19 38 68 16 20 42 16 11 26 3 0 11 26 0 0 0 0 0 0 10 0 0 0 0 0 24 0 0 0 0 0 0 0 0 0 0 0 0 0 0 0 0 0 0 0 0 0 0 0 0 0 0 0 0 0 0 0 0 0 9 0 4 0 0 24 0 0 0 0 0 0 0 3 15 3 37 38 0 17 0 23 8 1 2 15 0 32 72 10 10 10 40 46 18 0 0 0 0 0 0 0 0 0 0 0 0 0 0 0 0 0 0 0 0 0 0 0 0 0 0 0 0 0 0 0 0 0 0 0 0 0 0 0 25 0 0 0 0 0 0 0 0 0 0 0 0 0 0 0 0 0 0 0 0 0 0 0 0 1 0 2 2 0 0 6 0 0 0 0 0 1 0 0 0 0 0 0 0 0 0 0 0 0 0 0 0 0 1 16 0 0 0 0 0 0 0 0 0 0 0 0 0 0 
 309 269 70 71 271 128 45 114 300 106 271 51 44 111 0 380 43 34 144 409 2 0 0 0 5 5 1 0 1 7 5 3 77 0 5 0 3 3 3 0 0 0 0 2 2 6 4 0 0 2 0 5 5 2 3 0 2 6 3 0 3 0 3 0 5 1 2 0 3 2 6 0 3 0 2 0 0 0 0 2 18 8 1 0 22 1 18 19 8 0 24 10 0 53 15 39 13 22 12 0 0 0 0 0 0 0 0 0 21 0 0 0 0 0 4 0 0 0 18 0 0 0 0 0 0 0 0 0 0 0 3 0 0 0 0 0 0 0 0 0 0 0 0 22 0 0 0 49 1 0 0 0 0 0 0 0 2 0 0 2 14 2 20 12 32 17 2 0 20 10 48 21 20 0 3 40 18 31 10 4 0 26 0 0 0 0 0 0 0 0 0 0 3 0 0 0 0 0 15 14 0 1 0 0 0 0 0 0 0 0 0 0 0 0 0 0 0 0 0 0 0 0 0 7 0 0 0 0 0 0 0 0 0 0 0 0 0 0 0 0 0 0 20 0 0 0 2 0 2 0 0 9 0 0 0 0 0 0 0 0 0 0 0 0 0 0 0 0 0 0 0 0 0 0 0 16 1 11 0 0 0 0 0 0 0 0 0 0 0 0 
 523 226 232 170 59 51 38 116 248 259 154 58 81 34 380 0 38 120 121 67 2 0 0 0 4 8 1 1 3 5 3 1 0 0 1 0 3 3 3 0 0 0 0 64 0 3 2 0 0 0 0 3 2 0 4 0 0 0 3 0 3 1 5 0 0 0 3 0 0 0 2 0 3 0 3 0 0 0 0 0 16 11 62 0 1 0 17 0 27 34 30 19 13 32 24 32 29 56 18 19 0 0 0 0 0 1 0 0 0 0 0 0 14 0 0 0 1 0 0 11 0 0 0 0 0 2 0 0 0 0 0 0 0 0 0 0 0 1 0 0 0 0 0 0 0 0 0 0 0 0 15 0 0 0 0 0 0 0 2 2 15 12 15 0 0 0 0 50 49 0 12 3 1 1 17 9 35 29 39 45 2 0 0 0 0 0 0 0 0 1 0 0 0 0 0 0 0 13 13 0 0 12 0 0 0 0 0 0 0 0 2 0 0 16 0 0 0 0 0 0 0 0 0 0 0 0 0 0 0 0 0 0 0 0 0 0 0 0 0 0 0 0 0 0 0 0 2 0 0 0 0 15 1 0 0 0 0 0 0 0 0 0 0 0 0 0 0 0 0 0 0 0 0 0 0 0 0 0 0 0 0 0 0 0 0 0 0 0 0 0 
 52 20 29 133 38 325 237 169 38 53 346 242 18 175 43 38 0 112 312 92 2 6 6 6 3 10 1 0 2 10 3 2 66 0 2 0 3 73 4 1 0 1 6 0 0 3 0 0 4 1 0 3 2 0 4 6 0 0 7 0 7 2 0 0 0 3 3 0 0 0 2 0 3 31 3 0 0 0 0 0 18 11 1 44 18 17 2 19 21 0 36 0 11 0 8 27 7 6 0 9 0 3 0 2 0 2 16 1 0 0 0 0 9 2 0 0 2 0 4 12 0 0 0 0 0 1 0 1 0 2 2 0 0 11 0 0 0 0 0 0 0 0 0 0 0 0 3 0 2 0 0 0 0 0 1 0 0 2 0 0 6 27 0 13 1 22 15 0 15 21 34 9 3 15 24 12 29 32 1 2 0 2 0 0 0 0 0 0 0 0 0 2 38 0 16 0 0 0 0 1 0 0 0 0 11 0 0 0 0 0 0 0 0 0 0 0 0 9 0 0 0 0 0 0 0 0 0 0 0 0 0 0 0 0 0 0 0 0 0 0 0 11 0 0 0 1 5 0 0 2 0 6 0 0 0 0 0 0 0 0 0 0 11 0 0 0 0 0 0 0 0 0 0 0 0 10 22 0 0 0 0 0 0 0 0 0 0 0 0 0 
 124 45 94 296 126 252 29 75 401 48 220 245 258 240 34 120 112 0 113 32 2 0 0 0 3 2 3 0 0 5 3 0 94 5 1 0 3 3 3 0 0 0 0 0 2 3 2 1 0 0 1 3 2 0 1 0 0 0 3 0 3 0 8 57 1 0 2 0 3 0 2 0 6 0 3 0 0 0 0 0 0 14 15 28 13 41 0 17 0 16 10 12 13 0 15 9 3 9 0 10 0 21 0 0 0 0 0 2 0 0 0 0 3 2 25 0 0 0 34 9 0 0 0 0 0 0 0 0 1 0 0 2 0 0 0 0 0 0 0 0 0 0 0 6 0 0 0 15 0 0 0 2 0 0 0 0 0 0 0 0 0 4 0 72 0 39 1 2 0 17 25 40 0 0 14 1 10 11 6 16 11 28 0 0 0 0 8 7 0 0 1 0 56 0 17 0 0 0 0 13 0 0 0 0 0 9 13 14 0 0 0 0 0 0 0 0 2 0 0 0 0 4 0 0 1 0 0 0 0 0 0 0 0 0 0 0 0 0 0 0 0 21 0 0 0 0 133 0 2 2 2 11 0 0 0 0 0 0 0 0 0 0 15 0 0 0 0 0 0 0 0 0 0 0 0 0 13 0 0 0 0 0 0 0 0 0 0 0 0 0 
 229 136 104 60 76 298 263 370 157 350 144 29 319 718 144 121 312 113 0 311 2 0 3 0 3 3 0 0 1 5 3 2 0 0 1 3 3 5 3 2 0 0 0 0 4 3 2 0 0 0 0 3 2 0 0 0 0 0 3 0 3 0 5 0 3 0 3 0 4 0 2 0 3 0 6 0 25 0 3 0 32 22 15 10 12 0 25 1 16 22 7 13 27 0 18 23 14 0 16 38 0 0 0 0 0 0 0 0 0 0 0 0 0 0 0 0 19 0 0 2 0 0 0 0 0 12 0 0 0 0 0 0 0 1 0 0 0 0 0 0 0 0 1 1 0 0 1 0 0 0 0 0 0 8 0 0 0 0 0 2 18 19 14 0 0 0 0 57 1 0 12 0 14 19 31 0 0 1 59 22 0 0 0 0 0 0 0 2 0 0 0 0 0 0 1 0 0 0 0 1 0 1 0 0 0 0 0 0 0 0 0 0 0 0 0 1 10 0 0 0 0 0 0 0 0 11 0 0 0 0 0 0 0 1 0 0 0 0 0 0 0 0 0 0 0 1 1 2 0 0 0 12 0 0 0 0 0 0 0 0 0 0 0 0 0 0 0 0 0 0 0 0 0 0 0 0 0 0 0 0 0 0 0 0 0 0 0 0 0 0 
 45 220 31 57 184 43 130 49 261 85 608 41 223 322 409 67 92 32 311 0 2 0 2 0 3 3 1 0 2 4 3 0 0 0 1 0 3 3 3 0 1 0 67 0 1 3 0 0 0 0 0 3 2 0 0 0 0 0 3 0 3 1 0 0 0 0 3 0 1 0 2 0 3 0 3 0 2 0 0 0 20 14 0 12 2 1 36 0 29 0 9 0 18 19 0 15 0 0 14 34 0 0 0 0 0 0 2 0 0 0 0 0 0 0 0 0 0 0 0 0 0 0 0 0 0 0 0 0 0 0 0 0 0 0 0 0 0 0 0 0 0 0 0 0 0 0 22 0 5 0 0 1 0 0 31 0 0 0 0 3 30 21 0 0 1 0 25 18 0 1 1 0 7 48 34 0 0 45 0 0 0 0 0 0 0 0 10 0 0 0 0 0 0 0 0 15 0 0 0 0 0 0 0 0 0 0 0 0 0 0 0 0 0 0 0 0 1 0 0 0 0 0 0 0 2 1 0 0 0 5 0 0 0 0 0 0 0 0 0 0 0 0 0 0 0 1 0 0 0 0 0 7 2 0 0 0 0 0 0 0 0 0 0 0 0 0 0 0 0 0 0 0 0 0 0 0 0 0 0 0 0 0 0 0 0 0 0 0 0 0 
 2 3 4 3 9 104 2 4 4 2 133 3 2 2 2 2 2 2 2 2 0 88 82 30 38 20 80 138 125 32 250 48 88 139 52 200 332 124 530 179 0 0 0 0 0 3 1 0 0 3 0 204 45 2 0 0 207 0 0 0 0 0 2 0 0 0 0 0 0 0 0 0 0 3 0 0 0 4 0 3 0 0 0 0 1 10 0 0 0 0 0 5 0 0 0 0 1 0 0 0 11 3 19 0 0 0 11 30 11 0 19 11 23 10 0 24 17 25 27 23 0 0 0 0 0 0 0 0 0 0 0 2 0 0 0 0 10 25 0 0 0 0 0 0 0 0 0 0 0 0 0 0 0 0 0 0 0 0 22 0 0 0 3 1 14 10 0 0 0 0 0 0 0 10 0 1 5 0 0 0 9 0 11 0 1 0 10 29 20 53 11 10 0 20 26 9 6 52 39 0 0 0 0 0 0 0 0 0 0 0 0 0 0 0 0 0 0 0 0 0 0 0 0 0 0 0 0 0 0 0 0 11 0 0 2 0 0 0 0 0 0 0 0 0 0 0 0 0 77 0 18 0 0 0 3 0 0 78 0 4 2 1 0 0 0 0 0 0 0 0 0 0 0 0 0 0 0 0 0 0 0 28 0 0 0 11 0 0 0 0 
 0 3 0 2 0 0 0 0 4 1 0 0 0 0 0 0 6 0 0 0 88 0 177 142 106 42 147 317 294 147 107 123 61 126 103 129 57 142 261 344 0 0 0 3 5 7 4 0 12 4 0 0 3 3 0 0 3 0 63 63 0 0 1 0 3 0 2 0 0 0 8 0 3 0 0 0 1 0 0 4 0 0 0 0 0 0 0 0 0 0 0 0 0 0 0 0 0 0 0 0 28 8 11 1 32 0 0 0 20 37 1 30 0 0 24 3 1 1 1 0 0 0 0 0 0 0 14 0 0 0 0 0 26 0 17 0 0 0 50 0 0 0 0 0 0 0 0 0 0 0 0 0 0 0 0 0 0 0 0 0 0 0 0 0 0 0 0 3 0 0 0 0 0 0 0 0 0 0 0 0 11 30 34 34 0 32 0 0 26 18 15 46 0 22 0 23 23 7 0 0 0 0 0 0 0 0 0 0 0 0 0 0 15 0 0 0 0 0 16 16 0 0 0 16 0 0 0 0 0 0 0 0 0 0 0 0 9 0 0 0 0 0 0 0 0 0 0 0 0 0 0 0 0 0 14 0 0 2 37 0 30 0 0 0 0 0 22 0 0 0 0 0 0 0 0 0 0 0 0 0 0 8 0 0 0 0 0 0 0 0 
 0 1 0 0 0 0 0 0 0 9 0 0 79 0 0 0 6 0 3 2 82 177 0 195 75 123 101 80 149 77 97 370 160 241 135 262 472 405 149 37 4 0 0 0 66 7 85 2 0 15 0 0 66 2 0 0 11 0 63 75 2 0 7 0 0 0 0 2 5 0 0 5 0 0 0 0 2 0 0 7 0 1 0 0 0 12 0 0 0 0 0 1 0 0 0 0 0 0 0 0 22 19 0 23 22 21 14 30 1 34 24 17 0 0 12 10 0 6 0 8 12 5 0 0 0 0 9 0 2 0 0 0 22 13 0 0 0 0 16 34 0 0 0 0 0 0 0 0 0 0 0 0 0 0 0 0 0 0 0 0 0 0 0 0 14 0 0 0 0 0 0 0 0 0 0 0 0 0 0 1 12 0 16 67 13 17 0 0 18 19 62 10 0 19 22 1 0 15 18 0 14 0 0 0 0 0 0 16 0 0 0 0 6 10 0 24 0 0 2 0 0 0 0 0 0 0 0 0 20 0 0 1 2 0 0 0 0 0 0 0 0 0 0 0 0 0 0 0 0 0 0 0 0 0 9 0 0 4 83 0 2 0 0 2 0 0 0 0 0 0 0 0 0 0 0 0 0 0 0 0 0 0 0 0 0 0 7 0 0 0 
 0 0 0 0 0 0 0 0 1 2 0 0 0 0 0 0 6 0 0 0 30 142 195 0 85 119 107 108 130 87 189 147 91 379 138 49 131 259 79 172 3 66 9 0 1 11 80 64 7 1 3 0 144 70 38 9 5 2 6 69 6 0 1 1 2 0 3 0 0 3 0 0 0 0 0 5 2 5 5 3 0 0 0 0 0 0 0 0 0 0 0 0 0 0 0 0 0 0 0 12 0 0 12 49 40 42 0 0 0 0 1 0 0 0 0 57 7 7 0 1 17 17 0 0 0 0 11 16 22 0 0 33 19 47 18 0 45 1 43 37 0 0 0 0 2 0 0 0 0 0 0 0 0 6 0 0 0 0 0 0 0 0 0 1 0 0 0 2 0 0 0 0 0 0 0 0 0 0 0 0 0 0 0 1 23 15 0 0 13 9 0 0 0 0 0 8 0 0 0 0 1 0 0 0 0 0 7 44 0 0 4 1 9 9 17 0 22 0 15 17 0 0 0 10 0 0 0 0 0 0 0 0 0 0 0 0 0 0 0 0 0 0 0 0 0 0 0 0 0 0 0 0 0 0 12 1 2 0 82 2 0 0 0 0 0 0 0 0 0 0 0 0 0 0 0 0 0 0 0 15 0 0 0 0 0 0 9 0 0 0 
 3 3 9 3 3 5 3 3 3 5 3 3 3 3 5 4 3 3 3 3 38 106 75 85 0 163 37 138 306 82 232 64 156 403 135 80 335 46 51 286 27 0 0 0 0 5 63 63 5 2 0 2 73 61 0 0 3 0 142 17 0 0 4 0 0 0 2 2 3 0 8 2 0 0 2 2 7 1 0 2 0 0 1 0 0 0 0 0 0 0 0 0 0 0 0 1 0 0 0 0 0 6 31 0 0 15 0 0 0 8 32 3 0 0 0 0 5 19 0 0 2 14 11 0 2 0 40 11 19 15 37 0 26 13 22 0 14 1 30 30 12 0 0 0 0 0 0 0 0 0 0 0 0 0 0 0 1 0 0 0 0 0 0 0 0 0 0 0 0 2 0 0 17 0 9 0 0 0 0 0 10 0 0 20 15 26 0 0 0 1 27 8 1 0 0 15 0 20 0 0 0 0 14 0 0 0 0 1 40 0 0 0 0 0 1 11 24 9 67 0 0 0 0 0 0 0 0 0 0 0 0 0 0 0 0 1 0 0 0 0 0 0 2 0 0 0 0 0 0 0 0 0 0 0 10 0 0 0 0 2 2 0 0 0 0 0 18 0 0 0 0 0 0 0 0 0 0 0 0 0 0 8 0 0 0 15 1 0 0 0 
 4 2 2 2 2 2 2 2 2 5 2 4 2 2 5 8 10 2 3 3 20 42 123 119 163 0 58 189 158 212 158 121 38 63 137 82 99 269 36 59 133 97 0 64 0 3 63 1 68 2 0 0 75 3 0 0 3 0 90 32 0 0 1 0 0 0 1 50 0 39 3 0 0 0 0 0 6 0 1 4 0 0 0 0 0 0 0 0 0 0 0 0 0 0 0 0 0 0 0 21 1 0 19 8 2 20 0 0 0 9 47 15 0 0 0 1 18 16 0 0 0 10 1 0 0 0 14 1 13 15 0 32 19 28 14 16 2 10 31 8 0 0 0 0 0 0 0 0 0 0 2 0 0 3 0 0 0 0 0 1 0 10 0 0 0 0 0 0 0 0 0 0 8 0 0 0 0 0 0 0 0 1 0 35 16 30 0 0 0 0 17 23 0 1 0 0 0 18 0 0 29 0 25 0 0 0 20 0 24 19 0 5 0 0 43 9 20 17 39 1 0 0 0 0 0 12 0 0 0 0 0 0 0 2 0 0 0 0 0 0 0 0 0 0 0 0 0 0 0 0 0 0 0 0 19 5 0 0 0 0 5 0 0 0 0 0 0 0 0 0 0 0 0 0 0 0 0 0 0 1 0 0 0 0 2 16 0 0 0 0 
 2 2 1 63 73 2 0 4 2 2 1 80 2 0 1 1 1 3 0 1 80 147 101 107 37 58 0 100 146 39 15 122 87 162 123 102 129 27 51 227 0 0 0 0 9 6 20 0 0 2 0 0 3 2 0 0 3 0 0 0 1 0 2 0 0 0 0 0 25 0 0 0 0 0 0 0 0 2 0 3 0 0 0 1 14 0 0 0 0 0 0 0 0 0 0 0 0 0 0 0 0 0 0 0 3 0 10 8 8 15 22 0 0 21 29 0 0 1 12 21 0 0 0 0 0 0 0 0 0 0 0 0 0 0 0 0 0 13 1 0 0 0 0 0 0 0 0 0 0 0 0 0 0 0 0 0 16 0 2 0 0 2 0 0 0 0 0 0 0 0 0 0 2 0 0 0 0 0 0 14 21 0 0 12 0 0 0 10 55 23 8 0 6 7 16 1 12 12 1 0 0 0 0 0 0 0 0 0 0 0 0 0 0 0 0 0 0 0 0 0 0 0 0 1 0 0 0 0 0 0 4 0 0 0 0 0 0 0 0 0 0 0 0 0 0 2 72 0 1 65 0 0 0 0 13 2 0 75 76 0 0 10 1 2 0 0 0 0 0 0 0 0 0 0 0 0 0 0 0 0 0 0 0 0 0 0 0 0 0 0 
 0 0 0 39 0 2 0 0 0 0 0 75 0 0 0 1 0 0 0 0 138 317 80 108 138 189 100 0 91 37 104 27 420 281 277 364 396 40 163 46 0 0 0 0 3 6 1 0 0 0 0 0 3 64 0 0 3 0 1 0 0 0 1 0 0 0 1 0 0 0 0 0 0 2 0 0 0 0 0 2 0 0 1 0 16 0 0 0 0 0 0 0 0 0 0 1 0 19 0 0 3 17 9 21 35 0 0 16 15 1 0 30 9 0 11 19 31 39 14 0 2 0 0 0 2 0 0 0 0 0 0 0 29 0 0 0 0 0 12 0 0 0 0 0 0 0 0 0 2 0 0 0 0 0 0 0 1 0 0 0 0 0 7 0 0 0 0 0 0 2 0 0 0 9 0 2 4 0 0 0 1 0 1 13 17 1 0 9 17 2 6 41 4 14 15 20 0 0 20 5 0 0 0 0 0 0 8 0 0 0 0 0 16 0 0 0 0 0 13 8 0 0 0 14 0 10 0 0 0 0 0 0 0 0 0 0 0 0 0 0 0 0 0 0 0 1 0 0 0 75 0 0 3 0 25 2 2 2 79 2 2 0 0 0 0 0 0 0 0 0 0 0 0 0 0 0 0 0 0 0 0 1 0 0 0 1 0 0 0 0 
 2 2 1 2 2 95 74 2 0 75 1 1 1 2 1 3 2 0 1 2 125 294 149 130 306 158 146 91 0 329 130 171 321 127 165 240 238 269 115 91 0 0 0 0 0 4 2 0 1 5 0 0 3 4 3 65 3 1 2 28 0 0 1 0 0 0 1 0 0 3 0 0 0 0 0 0 0 47 58 2 0 0 0 0 0 0 0 0 0 0 0 0 0 0 0 0 0 0 0 0 23 18 17 0 0 0 36 0 14 26 0 22 10 6 10 10 0 0 8 18 1 0 0 0 0 0 8 0 0 0 0 0 12 0 0 0 0 18 14 1 0 0 0 0 1 0 0 0 0 0 0 0 0 0 0 0 0 0 0 0 0 0 0 1 0 0 0 2 0 0 0 0 0 0 0 0 0 0 0 0 0 9 37 13 0 9 2 18 11 27 1 11 0 26 14 13 16 29 0 0 0 0 0 0 0 0 0 14 0 0 0 0 8 0 0 0 0 0 0 9 0 0 0 0 0 0 0 14 0 0 0 0 0 0 0 0 0 0 0 0 0 0 0 0 0 0 0 0 0 0 0 0 0 0 3 0 1 82 0 4 0 0 0 0 0 0 0 0 0 0 0 0 0 0 0 0 0 0 0 0 0 10 0 0 0 0 0 0 0 1 
 4 7 6 4 5 5 5 10 8 8 5 3 5 4 7 5 10 5 5 4 32 147 77 87 82 212 39 37 329 0 159 52 168 378 119 148 158 396 75 112 1 0 62 0 1 69 1 0 0 1 0 3 6 3 0 0 3 0 2 0 0 0 1 0 3 3 2 0 2 0 7 0 0 3 1 1 0 0 1 1 0 0 0 0 0 0 0 0 0 0 0 0 0 0 0 0 0 0 0 0 32 14 10 12 0 16 11 0 0 31 0 11 0 0 11 30 10 10 0 18 0 0 0 0 0 0 16 0 0 0 0 2 3 0 0 0 0 0 13 8 0 0 0 0 0 0 0 0 0 0 0 0 0 0 0 0 0 0 0 0 0 0 0 0 0 0 0 4 0 0 0 0 0 0 0 0 0 0 0 0 7 61 34 15 14 11 0 0 7 10 23 0 0 20 0 11 21 0 1 0 0 0 0 0 0 0 10 0 0 0 1 0 8 0 17 0 0 0 1 11 0 0 0 0 0 0 3 0 0 0 0 0 0 0 2 0 0 0 0 0 0 0 0 0 0 0 1 0 0 0 0 0 0 0 16 0 2 6 0 0 40 2 0 0 0 0 15 0 0 0 0 0 0 0 0 0 0 0 0 0 0 0 0 0 0 0 0 0 0 2 
 4 3 3 5 3 3 3 3 6 6 5 3 4 3 5 3 3 3 3 3 250 107 97 189 232 158 15 104 130 159 0 135 29 44 194 173 130 44 249 65 0 63 0 0 0 3 56 0 0 1 0 0 36 2 0 0 3 0 61 66 0 0 1 0 0 0 1 0 0 0 0 0 0 0 0 0 5 0 0 4 0 5 0 0 0 0 11 0 0 0 0 0 0 0 0 0 0 0 0 0 0 0 29 29 22 63 0 0 0 16 50 41 0 0 11 11 18 23 2 0 0 26 1 0 0 0 19 7 0 0 0 1 18 16 0 0 0 0 19 88 0 0 0 0 0 0 0 0 0 0 0 0 0 5 0 0 0 0 0 0 0 0 0 0 0 0 0 0 3 0 0 3 0 0 0 0 0 0 0 0 0 16 0 8 46 22 0 0 0 21 26 30 0 0 0 12 15 0 0 1 2 0 0 0 0 0 19 10 0 0 5 0 0 10 20 8 1 0 2 12 0 0 0 2 0 0 0 0 0 0 0 0 0 0 0 0 0 0 0 0 0 0 2 0 0 0 0 0 0 0 0 0 0 0 17 0 0 94 0 6 6 0 0 0 0 0 0 0 0 0 0 0 0 0 0 0 0 0 0 0 0 8 0 0 0 0 9 0 0 0 
 3 1 1 80 2 0 1 3 2 4 0 0 1 0 3 1 2 0 2 0 48 123 370 147 64 121 122 27 171 52 135 0 49 250 166 159 165 157 36 48 2 0 0 0 17 4 57 22 0 5 0 1 65 2 0 0 6 2 85 87 0 0 1 0 0 0 1 0 0 0 0 2 55 0 0 0 5 5 0 3 0 0 0 0 0 0 0 0 0 0 0 0 0 0 0 0 0 0 0 0 0 43 0 20 29 29 65 0 1 53 40 98 0 0 31 28 0 9 0 6 12 0 0 0 0 0 7 0 0 0 0 0 18 19 10 0 7 0 66 36 0 0 0 0 0 0 0 0 0 0 0 0 0 0 0 0 0 0 0 0 0 0 0 0 0 9 0 0 0 11 0 0 0 0 0 0 0 0 0 0 23 25 39 54 14 16 0 15 1 32 58 38 0 16 0 11 10 0 0 0 20 0 0 0 0 0 0 10 0 0 0 0 8 9 0 2 0 0 11 0 0 2 0 0 0 0 0 0 0 0 0 0 0 0 0 27 0 0 0 0 0 0 0 0 0 0 0 0 0 0 0 0 0 0 8 2 0 4 0 4 3 0 84 0 0 0 0 0 1 0 0 0 0 0 0 0 0 0 0 0 0 15 0 0 0 0 8 0 0 0 
 0 36 75 76 77 1 2 6 73 74 150 4 0 0 77 0 66 94 0 0 88 61 160 91 156 38 87 420 321 168 29 49 0 632 42 102 251 50 184 147 6 0 0 5 0 3 0 0 62 0 0 0 3 3 0 0 3 0 204 0 0 0 5 0 3 0 1 0 0 0 0 0 0 0 50 0 0 2 0 2 0 0 0 0 16 0 0 9 0 0 18 12 0 0 0 29 11 8 0 0 0 14 0 1 0 0 0 7 6 0 0 12 2 0 13 34 0 11 19 47 0 0 1 0 0 0 0 0 0 0 0 0 0 0 0 0 0 0 0 0 0 2 0 5 0 0 0 5 1 0 0 1 0 0 0 0 0 0 0 0 0 0 43 1 31 37 2 0 0 21 63 9 0 9 0 23 1 0 0 0 18 33 1 0 7 0 32 4 0 4 0 8 12 21 14 6 7 8 37 15 0 0 0 0 0 0 0 0 0 0 0 0 0 0 0 0 0 0 0 0 0 0 0 21 0 0 0 0 1 0 0 0 0 0 0 0 0 0 0 0 0 10 0 0 0 1 61 0 75 84 18 0 0 0 3 0 2 0 75 0 0 2 13 0 0 0 0 0 0 0 0 0 0 0 0 18 0 0 0 0 0 0 0 0 0 0 0 0 0 0 
 0 6 0 0 0 0 0 0 4 74 37 2 0 0 0 0 0 5 0 0 139 126 241 379 403 63 162 281 127 378 44 250 632 0 151 130 68 254 158 449 0 0 0 0 4 8 3 0 0 2 0 0 3 3 0 0 3 1 0 0 1 0 2 0 0 0 0 0 0 0 18 0 0 0 0 0 11 2 0 5 0 0 0 0 0 0 0 0 0 0 0 10 0 0 0 1 0 0 0 0 31 0 12 12 37 0 11 1 40 9 0 24 0 0 38 35 10 0 0 0 0 0 2 0 0 0 0 0 0 0 0 0 10 0 0 0 2 0 14 0 0 0 0 0 0 0 0 0 0 0 0 0 0 0 0 0 0 0 0 0 0 0 3 1 0 9 0 1 0 0 0 0 0 2 0 7 0 0 0 0 19 10 0 11 5 10 14 1 20 18 0 14 0 77 21 34 18 15 2 6 0 0 0 0 0 0 0 0 0 0 0 0 12 0 2 0 0 0 19 1 0 0 0 16 0 4 0 0 2 0 0 0 0 0 1 0 0 0 0 0 0 0 0 0 0 0 0 0 25 0 19 0 0 0 4 0 3 76 43 0 2 1 0 0 0 0 11 0 0 0 0 0 0 0 0 0 0 0 0 0 0 0 0 0 0 0 0 0 0 0 
 1 0 0 0 75 1 2 1 1 1 2 0 1 2 5 1 2 1 1 1 52 103 135 138 135 137 123 277 165 119 194 166 42 151 0 344 126 22 79 85 63 0 0 0 15 12 20 0 0 4 0 2 3 2 0 0 7 0 126 134 0 0 0 53 0 0 2 0 0 0 0 1 0 0 0 0 1 0 0 1 0 0 12 0 8 0 0 0 0 0 0 0 0 0 0 0 1 0 0 0 21 14 20 16 80 9 0 0 30 46 9 88 0 0 51 0 1 7 0 0 0 0 0 0 0 0 13 0 0 0 0 1 44 14 13 0 0 0 57 14 0 0 0 3 0 0 0 0 0 0 0 0 0 1 0 0 0 0 0 0 0 0 0 0 0 1 0 3 2 0 0 0 0 0 0 1 0 0 0 0 5 30 7 51 16 47 0 0 23 14 27 21 0 2 1 22 0 0 0 0 13 8 1 0 0 0 0 0 0 0 0 0 15 12 0 15 0 33 13 24 0 0 0 55 0 0 0 0 0 0 0 0 0 12 0 0 0 0 0 0 0 0 0 0 0 0 0 0 0 0 0 0 0 8 5 0 0 3 12 2 15 3 0 0 0 0 0 0 0 0 0 0 0 0 0 0 0 0 0 0 0 13 0 0 0 0 26 0 0 0 
 0 0 0 0 0 0 0 0 3 7 0 0 0 2 0 0 0 0 3 0 200 129 262 49 80 82 102 364 240 148 173 159 102 130 344 0 253 410 151 230 0 0 0 2 0 3 1 0 0 5 3 3 3 3 2 0 4 2 0 9 0 0 2 0 0 0 3 0 0 0 0 0 0 0 0 0 0 4 1 1 0 0 0 0 0 0 0 0 0 0 0 0 0 0 0 0 0 0 0 0 14 29 1 10 22 0 38 0 34 16 11 68 11 0 11 31 10 47 12 18 0 0 0 0 0 0 13 0 0 0 0 0 5 0 0 0 0 27 0 0 0 0 0 0 0 0 0 0 0 0 0 0 0 0 0 0 0 0 0 0 0 0 32 0 0 0 0 0 0 0 0 0 0 12 0 4 3 0 0 0 13 12 14 0 0 32 0 17 3 36 18 30 0 24 25 0 28 0 34 0 0 0 0 0 0 0 0 0 0 0 0 0 9 0 1 0 0 0 10 0 0 0 0 0 0 0 0 0 0 0 0 0 0 0 0 0 0 0 0 1 0 0 0 0 0 0 0 0 0 0 0 0 0 0 6 0 1 134 1 4 1 0 0 0 0 0 0 0 0 0 0 2 0 0 0 0 0 0 0 0 0 16 0 0 0 0 0 0 0 0 
 5 3 5 3 3 5 3 3 9 3 3 85 3 3 3 3 3 3 3 3 332 57 472 131 335 99 129 396 238 158 130 165 251 68 126 253 0 58 46 53 0 0 0 0 101 3 2 0 0 62 0 62 131 64 0 0 3 0 0 0 0 0 0 0 0 0 2 0 0 0 0 0 0 0 0 0 0 0 1 1 0 0 0 0 22 0 0 0 0 0 0 0 0 0 0 1 0 0 0 0 24 0 0 12 27 23 9 33 40 0 13 16 0 0 0 10 21 21 0 0 20 0 0 0 0 0 9 0 0 0 0 0 41 0 1 0 0 1 0 13 0 0 0 0 0 0 0 0 0 0 0 0 0 0 0 0 0 0 0 0 0 0 0 0 0 0 0 0 0 0 17 0 0 0 0 0 0 0 0 0 0 0 10 18 31 1 0 0 0 10 0 12 0 24 38 11 0 0 2 0 0 0 0 0 0 0 11 10 13 0 2 0 22 0 19 0 0 0 13 10 0 0 0 0 0 0 0 0 0 0 0 0 0 0 0 0 0 0 0 0 0 0 2 0 0 0 0 0 0 0 0 0 0 0 5 0 4 77 1 2 2 0 0 0 0 0 0 0 0 18 0 0 0 0 0 0 0 0 0 5 0 0 0 0 0 13 0 0 0 1 
 3 3 3 3 5 4 3 4 7 10 3 3 3 3 3 3 73 3 5 3 124 142 405 259 46 269 27 40 269 396 44 157 50 254 22 410 58 0 64 213 0 6 0 0 0 0 2 0 0 2 0 0 0 210 63 0 0 0 0 0 0 4 0 0 0 0 0 0 0 0 1 0 0 0 49 0 0 3 0 0 0 0 0 0 0 32 0 0 0 0 0 1 0 0 0 0 0 0 0 0 52 21 20 0 0 0 22 23 2 26 0 27 28 0 2 23 0 0 9 28 0 0 0 0 9 0 0 0 0 0 0 0 0 0 0 0 0 34 12 0 0 1 0 0 0 0 0 0 0 19 0 2 0 0 0 0 0 0 0 0 0 0 0 0 0 1 1 7 0 0 0 0 0 0 0 0 0 0 0 0 1 35 42 10 11 0 1 21 13 38 33 12 0 32 16 9 53 15 0 2 0 0 0 0 0 0 0 0 0 0 0 0 7 0 0 0 0 0 0 30 0 0 0 0 0 0 0 0 2 0 0 0 0 0 0 0 0 0 0 0 0 0 0 0 0 4 0 0 0 0 0 0 0 0 11 1 1 220 5 3 15 1 0 0 0 44 7 0 0 0 0 0 0 0 0 0 0 0 0 0 0 6 0 0 0 0 0 0 0 0 
 3 3 3 43 5 3 5 3 6 5 100 77 3 4 3 3 4 3 3 3 530 261 149 79 51 36 51 163 115 75 249 36 184 158 79 151 46 64 0 280 0 0 0 0 0 3 2 0 0 0 0 0 3 64 0 0 3 0 0 0 1 0 2 0 0 0 0 0 0 0 0 0 0 0 0 0 0 0 0 7 1 0 0 0 33 11 0 0 0 2 0 2 0 0 0 0 0 7 0 0 27 12 17 0 2 0 23 24 5 0 0 29 31 0 8 40 9 9 40 14 0 0 0 0 0 0 0 0 0 0 1 0 0 0 0 0 12 0 0 0 0 0 0 0 0 0 0 0 0 0 0 0 0 0 0 0 0 0 0 0 0 0 7 0 20 5 0 0 0 0 0 0 0 7 0 1 4 19 0 0 11 0 0 0 9 0 1 34 0 22 13 33 10 27 0 16 17 30 37 0 0 0 0 0 0 0 0 0 0 0 0 0 0 0 0 0 0 0 0 0 0 0 0 0 0 0 0 0 0 0 2 0 0 19 0 0 0 0 0 0 0 0 0 0 0 0 0 0 75 77 19 0 10 0 13 0 2 75 1 0 3 0 0 0 0 0 0 0 0 0 0 0 0 0 0 0 0 0 0 0 0 25 0 0 1 0 0 0 0 0 
 0 0 74 0 74 77 0 0 1 85 33 1 0 1 0 0 1 0 2 0 179 344 37 172 286 59 227 46 91 112 65 48 147 449 85 230 53 213 280 0 0 0 0 0 0 3 1 0 0 2 0 0 3 3 0 0 3 0 0 0 1 0 2 0 0 0 0 0 0 0 11 0 0 0 2 0 6 0 0 3 0 0 0 0 11 16 0 5 0 0 0 10 0 0 0 0 1 0 0 0 18 36 11 0 0 19 31 19 8 0 0 11 22 14 1 17 12 19 9 11 0 0 0 0 0 0 0 0 0 0 0 0 0 2 0 0 0 0 6 0 0 0 0 0 0 0 0 0 0 0 0 0 0 1 0 0 0 0 0 0 0 0 0 0 0 8 0 0 2 0 0 0 0 0 0 1 0 0 0 9 32 14 28 0 14 0 27 20 6 25 11 27 0 28 2 7 17 24 28 1 0 0 5 0 0 16 1 0 0 0 0 0 0 0 0 0 0 0 12 1 0 0 0 0 0 0 0 0 0 0 0 0 0 0 0 0 7 0 0 0 0 0 0 0 0 0 1 0 67 75 11 0 0 0 15 0 0 3 0 1 3 7 0 0 0 0 15 0 0 0 0 0 0 0 0 0 0 0 0 0 0 8 0 0 0 0 0 0 0 0 
 0 0 0 0 5 0 8 0 0 0 0 0 0 0 0 0 0 0 0 1 0 0 4 3 27 133 0 0 0 1 0 2 6 0 63 0 0 0 0 0 0 182 85 55 34 35 123 185 159 207 105 26 48 152 36 121 52 87 111 105 3 2 3 5 2 0 2 2 5 9 0 3 9 0 7 0 1 0 0 3 2 0 0 0 0 0 0 0 0 0 0 0 0 0 0 0 0 0 0 0 0 0 0 0 7 0 0 0 0 0 0 0 0 0 0 0 0 0 0 0 45 35 29 0 49 4 1 0 56 38 39 0 0 14 0 33 14 3 0 0 0 0 0 0 0 0 8 0 0 0 0 0 0 21 0 9 0 0 9 0 0 0 0 0 0 0 0 0 0 0 0 9 0 0 0 0 0 0 0 0 0 0 0 0 0 30 0 0 0 0 0 0 0 0 0 0 0 0 0 0 5 36 20 9 1 12 35 0 20 23 1 21 0 1 26 34 24 27 14 0 0 0 0 0 0 0 0 0 0 0 0 0 0 1 0 0 0 0 20 6 0 0 11 0 0 0 0 0 0 0 0 15 0 0 0 0 0 0 0 0 0 0 0 0 0 0 0 0 0 0 3 0 0 0 0 0 0 0 0 0 0 0 0 0 18 0 0 0 0 0 
 0 0 0 0 0 0 0 0 0 0 0 0 0 0 0 0 1 0 0 0 0 0 0 66 0 97 0 0 0 0 63 0 0 0 0 0 0 6 0 0 182 0 340 195 31 30 73 196 296 107 32 36 59 47 45 178 64 20 180 48 0 0 204 0 0 0 0 0 3 209 0 0 0 0 3 3 0 0 0 0 0 0 0 0 0 0 0 9 0 0 0 0 0 0 5 0 0 18 0 0 9 0 12 0 0 0 0 0 0 0 0 0 0 0 0 0 0 0 0 0 4 3 0 0 38 10 10 7 18 18 2 64 0 16 14 0 0 9 13 2 10 0 0 0 0 0 55 0 0 0 0 0 0 25 0 0 0 0 1 10 0 0 0 0 0 0 0 0 0 0 7 0 0 0 0 8 0 0 0 0 0 0 0 0 0 0 0 0 0 0 0 0 0 0 0 0 0 0 0 0 35 0 32 28 18 0 8 4 0 8 0 31 0 31 20 0 77 24 0 26 0 0 0 0 0 0 0 0 0 8 0 0 0 17 0 0 0 0 4 4 0 0 0 0 0 0 0 0 0 0 0 5 0 0 0 0 0 0 1 0 0 0 1 0 0 2 0 0 0 0 0 2 0 0 0 0 0 0 0 0 0 2 0 0 0 10 0 0 0 0 
 0 0 0 0 0 0 0 0 4 0 0 0 0 0 0 0 6 0 0 67 0 0 0 9 0 0 0 0 0 62 0 0 0 0 0 0 0 0 0 0 85 340 0 242 53 88 85 213 241 63 41 89 74 59 195 171 108 117 58 63 0 14 0 0 0 0 0 8 6 8 0 0 4 5 4 0 0 0 51 47 2 0 0 0 0 0 0 0 0 0 0 0 0 0 0 0 0 0 0 0 0 0 0 0 0 0 0 0 0 0 0 0 0 0 0 0 0 0 0 0 7 3 41 33 2 11 0 3 1 24 1 1 0 0 8 19 14 24 0 0 0 0 0 0 0 10 20 0 7 2 5 18 1 4 0 1 8 0 12 0 0 29 0 0 0 0 0 0 0 7 0 0 0 0 0 0 0 0 0 0 0 0 0 0 0 0 0 0 0 0 14 0 0 0 0 0 0 0 0 0 1 41 7 17 16 12 13 0 8 19 30 27 1 9 1 14 1 17 0 14 7 10 0 0 0 0 0 0 20 0 0 5 0 12 20 2 0 0 45 19 0 1 9 0 0 3 0 0 0 0 0 4 0 0 0 0 0 0 0 18 0 0 0 18 66 2 6 0 0 0 11 0 0 0 0 0 0 0 0 0 0 0 0 0 11 16 0 0 0 0 
 0 3 0 0 0 0 3 6 4 0 0 0 0 0 2 64 0 0 0 0 0 3 0 0 0 64 0 0 0 0 0 0 5 0 0 2 0 0 0 0 55 195 242 0 148 71 79 287 175 161 582 41 93 123 302 108 409 38 154 151 0 0 0 0 0 0 0 0 0 0 0 0 0 0 0 0 0 0 23 0 1 0 26 0 0 0 0 0 0 0 0 0 0 0 0 0 0 0 0 0 0 0 0 0 0 0 0 0 0 0 0 0 0 0 0 0 0 0 0 0 38 4 36 45 7 22 0 7 8 36 1 18 0 40 30 0 11 44 0 6 40 0 0 0 0 0 7 0 0 0 0 0 14 0 0 0 0 0 14 25 16 0 0 0 0 0 0 0 0 0 0 0 0 0 0 0 0 0 0 0 0 0 0 0 0 0 0 0 0 0 0 0 0 0 0 0 0 0 0 0 5 1 39 10 18 35 14 0 0 60 9 0 0 28 15 14 10 47 0 0 0 36 0 0 0 0 0 0 1 0 0 0 1 39 0 0 0 0 62 13 0 0 0 0 0 0 0 0 0 0 0 3 0 1 0 0 0 0 0 2 0 0 0 0 7 1 0 1 0 0 0 0 0 0 0 0 0 0 0 0 0 0 3 0 20 10 0 16 0 0 
 1 2 3 2 3 1 4 1 4 5 0 3 1 1 2 0 0 2 4 1 0 5 66 1 0 0 9 3 0 1 0 17 0 4 15 0 101 0 0 0 34 31 53 148 0 256 75 66 390 119 226 390 71 55 91 47 133 38 90 79 0 51 0 0 13 0 25 0 1 0 0 0 25 0 0 1 36 0 57 0 0 0 0 0 0 0 0 0 0 0 31 0 0 0 0 0 0 0 0 0 0 0 0 0 5 0 0 0 0 9 6 0 0 0 13 0 0 0 0 0 0 0 12 7 0 25 0 6 0 18 6 1 0 0 1 6 0 12 14 0 2 0 0 16 0 0 0 14 0 0 0 0 0 0 6 8 29 0 0 2 0 0 0 0 0 4 0 0 0 0 0 0 0 0 0 0 0 0 0 0 23 0 0 4 0 0 0 1 7 7 13 0 0 0 8 0 0 0 0 0 1 15 15 0 10 7 0 0 0 20 9 11 0 6 0 1 11 8 0 0 31 20 10 6 0 0 1 0 0 11 0 0 29 21 1 0 28 28 3 20 0 0 0 0 0 0 0 0 0 0 0 10 0 2 0 0 0 0 6 1 0 1 2 2 64 5 0 69 2 0 0 0 0 0 0 0 0 0 0 0 0 4 0 0 19 0 0 15 0 0 
 3 71 3 3 3 3 3 3 6 6 3 3 3 3 6 3 3 3 3 3 3 7 7 11 5 3 6 6 4 69 3 4 3 8 12 3 3 0 3 3 35 30 88 71 256 0 47 249 118 266 292 332 24 100 76 40 345 264 117 84 55 58 0 0 6 0 83 0 0 0 0 0 23 22 0 51 21 0 128 0 0 0 0 0 0 0 0 11 0 0 0 0 0 0 0 0 0 0 10 0 0 0 0 0 2 0 0 0 0 36 0 0 0 0 7 0 2 0 0 0 0 0 0 13 0 9 0 0 0 4 0 0 0 0 0 0 0 12 7 0 16 0 7 27 1 0 0 27 0 0 0 1 9 0 4 19 18 0 1 21 0 0 0 0 0 8 2 0 15 0 0 0 0 0 0 0 0 0 0 0 2 0 0 7 5 0 0 0 8 3 8 0 0 0 0 3 0 0 0 0 0 0 0 0 0 0 2 0 0 10 0 9 0 0 0 12 0 9 0 0 42 15 9 3 0 0 12 7 0 49 10 0 39 13 0 0 40 33 10 0 0 0 0 0 0 0 0 0 0 0 0 25 0 0 1 0 0 0 18 1 0 0 0 67 35 2 1 1 0 0 0 0 0 0 0 0 0 0 0 0 0 0 0 0 6 0 0 12 1 0 
 0 2 2 2 2 2 2 4 5 2 2 1 2 0 4 2 0 2 2 0 1 4 85 80 63 63 20 1 2 1 56 57 0 3 20 1 2 2 2 1 123 73 85 79 75 47 0 186 64 320 42 46 156 102 38 92 54 54 172 101 0 0 0 0 2 0 0 202 0 0 0 0 0 0 2 0 0 0 4 0 0 10 0 0 0 0 0 0 0 0 0 0 0 0 0 0 0 0 0 0 0 0 1 10 17 28 0 0 0 12 5 7 0 0 0 0 0 6 0 0 21 8 0 6 24 0 0 0 8 0 0 3 10 16 0 1 51 0 13 10 0 0 0 0 0 0 0 0 11 0 0 0 1 0 0 0 0 0 1 0 0 0 0 0 0 0 0 1 0 0 0 0 0 0 0 0 0 0 0 0 0 0 14 13 11 7 0 0 0 2 13 4 0 0 0 0 0 0 0 0 36 0 0 9 0 0 0 4 47 0 0 21 5 24 0 21 2 8 13 19 0 0 0 0 0 1 0 0 0 0 0 0 0 0 0 0 0 0 0 0 0 0 0 0 0 0 0 0 0 0 0 19 0 1 0 0 0 1 0 0 0 0 0 0 2 0 0 0 0 0 0 0 0 0 0 0 0 0 0 0 0 0 0 0 0 0 7 0 1 0 
 0 0 0 28 0 0 0 0 0 2 0 0 0 0 0 0 0 1 0 0 0 0 2 64 63 1 0 0 0 0 0 22 0 0 0 0 0 0 0 0 185 196 213 287 66 249 186 0 191 324 57 33 388 213 111 90 123 31 70 66 3 2 4 0 0 0 0 0 9 3 3 5 11 0 4 0 0 0 3 9 2 0 0 0 0 0 0 0 0 0 0 0 0 0 0 0 0 0 0 0 0 0 0 0 19 14 0 0 0 0 0 0 0 0 0 0 0 0 0 0 40 23 68 33 9 0 0 5 29 23 4 13 0 10 7 21 55 42 0 1 0 2 0 0 0 0 0 6 0 0 0 0 4 3 0 3 0 0 0 0 0 0 0 0 0 0 0 0 0 0 0 17 0 0 0 0 0 0 0 0 0 0 0 0 0 14 0 0 0 0 0 0 0 0 0 0 0 0 0 0 11 33 0 10 22 36 9 7 51 10 5 2 0 15 0 26 8 9 13 19 0 0 0 0 0 0 0 0 0 0 0 0 0 6 2 0 0 0 15 0 0 0 10 0 0 0 0 0 0 0 0 3 0 0 0 0 0 0 0 0 0 0 1 0 0 1 2 0 0 0 5 0 0 0 0 0 0 0 0 0 0 0 6 0 20 12 0 0 0 2 
 0 2 0 2 0 2 0 0 6 56 0 0 0 0 0 0 4 0 0 0 0 12 0 7 5 68 0 0 1 0 0 0 62 0 0 0 0 0 0 0 159 296 241 175 390 118 64 191 0 226 122 27 121 142 378 80 117 160 522 63 0 0 1 10 0 213 0 0 0 215 2 56 5 0 53 0 0 2 64 0 1 0 0 0 0 0 0 0 0 0 0 0 0 0 0 0 0 0 0 0 0 0 0 0 0 0 0 0 0 0 0 0 0 0 0 0 0 0 0 0 33 20 47 27 55 21 0 28 53 53 10 0 0 6 0 18 10 1 0 0 12 0 0 0 3 0 10 0 0 16 0 0 0 20 1 17 0 0 0 11 0 0 0 0 0 1 0 0 0 0 0 0 0 0 0 0 0 0 0 0 0 0 0 0 0 7 0 0 0 0 0 0 0 0 0 20 0 0 0 0 11 32 0 34 4 15 10 0 0 15 10 23 0 11 8 0 23 13 0 0 11 32 0 0 0 0 0 0 0 0 5 0 10 8 0 0 0 0 13 12 0 0 4 0 0 0 0 0 0 0 0 10 0 0 0 0 0 0 0 0 0 0 1 0 73 11 6 17 0 0 0 0 0 0 0 4 0 0 0 0 0 0 0 0 26 12 0 10 0 0 
 28 3 0 17 6 14 2 6 5 0 22 4 0 0 2 0 1 0 0 0 3 4 15 1 2 2 2 0 5 1 1 5 0 2 4 5 62 2 0 2 207 107 63 161 119 266 320 324 226 0 160 44 273 72 199 173 299 28 104 370 0 0 0 0 0 0 0 0 0 0 0 53 0 0 0 0 0 1 0 0 3 0 0 0 10 0 0 0 0 0 0 0 1 0 0 3 0 0 0 0 25 0 7 0 0 0 0 8 11 0 0 0 7 20 0 0 0 0 0 0 14 35 6 0 10 0 0 0 46 8 26 10 0 14 0 23 2 19 0 0 0 0 0 0 0 0 0 0 0 0 0 0 0 0 0 5 0 0 0 0 0 0 0 0 0 0 13 0 0 0 0 0 0 0 0 0 0 0 0 0 0 10 8 0 0 14 11 0 0 0 0 0 3 0 0 0 0 36 0 4 13 21 0 34 26 28 13 0 0 0 35 12 0 3 26 8 10 7 0 8 6 0 0 0 0 0 0 0 0 0 0 0 0 0 0 0 0 0 16 22 0 0 0 0 0 0 0 0 0 0 0 13 0 2 0 0 0 1 0 11 0 0 3 0 2 24 0 1 0 0 11 0 0 0 0 0 0 0 0 0 0 5 0 0 35 0 0 0 0 0 
 0 0 0 2 0 0 0 0 5 2 3 0 0 0 0 0 0 1 0 0 0 0 0 3 0 0 0 0 0 0 0 0 0 0 0 3 0 0 0 0 105 32 41 582 226 292 42 57 122 160 0 116 27 38 152 127 174 395 47 85 0 0 0 0 0 0 0 0 0 5 0 0 1 0 3 0 0 0 1 0 0 0 0 0 0 0 0 0 0 0 0 0 0 0 0 0 0 0 0 0 0 0 0 0 0 0 0 0 0 0 0 0 0 0 0 0 0 0 0 0 7 0 1 11 54 28 0 0 33 5 24 0 0 0 0 11 0 18 0 0 27 0 0 0 0 0 16 1 0 0 0 0 6 20 10 1 0 6 0 28 0 0 0 0 0 2 0 0 0 0 0 0 0 0 0 0 0 0 0 0 0 0 0 0 0 0 0 0 0 0 0 0 0 0 0 0 0 0 0 0 0 13 18 17 23 18 0 11 15 59 16 1 0 13 0 3 22 22 0 0 12 0 0 0 0 0 0 0 20 0 0 0 16 44 1 1 0 0 64 20 0 0 0 0 0 0 0 0 0 0 0 8 0 0 0 0 0 0 0 8 0 0 3 0 3 10 0 3 0 0 0 0 0 0 0 0 0 0 0 0 0 0 10 0 0 0 0 12 0 0 
 3 3 3 5 3 3 3 3 5 3 3 3 3 3 5 3 3 3 3 3 204 0 0 0 2 0 0 0 0 3 0 1 0 0 2 3 62 0 0 0 26 36 89 41 390 332 46 33 27 44 116 0 29 16 44 98 220 130 34 19 0 50 0 0 8 3 0 21 0 0 0 0 51 0 0 0 0 0 7 53 0 0 0 0 0 0 0 0 0 0 0 0 0 0 0 0 0 0 0 0 0 0 0 0 0 0 0 0 0 0 0 0 0 0 0 0 0 0 0 0 0 0 0 11 26 10 0 0 0 0 25 0 0 0 0 0 0 0 0 0 1 0 0 33 1 0 28 23 0 0 0 0 20 12 17 15 19 6 0 0 0 0 0 0 0 0 0 0 0 0 0 0 0 0 8 0 0 0 0 0 0 0 0 0 0 0 0 0 0 0 0 0 0 0 0 0 20 0 0 0 0 0 20 9 7 0 0 0 14 1 0 11 0 0 0 0 0 0 0 0 3 0 0 0 0 0 11 9 16 15 0 0 13 12 16 1 1 22 0 0 0 0 0 0 0 0 0 0 0 0 0 7 0 0 0 0 0 0 0 13 0 0 8 63 2 2 2 63 0 0 0 0 0 0 0 0 0 0 0 0 0 0 0 0 0 0 0 0 0 0 
 4 2 2 4 2 2 2 2 2 4 2 2 2 2 5 2 2 2 2 2 45 3 66 144 73 75 3 3 3 6 36 65 3 3 3 3 131 0 3 3 48 59 74 93 71 24 156 388 121 273 27 29 0 74 42 46 82 32 371 191 202 13 0 2 4 0 0 0 12 0 0 4 0 2 5 0 0 0 5 1 0 0 0 0 0 0 0 0 0 0 0 0 0 0 0 0 0 0 0 0 0 0 4 28 37 30 0 0 0 0 31 1 0 0 0 0 38 12 0 0 6 11 0 0 0 0 1 13 34 0 0 0 21 14 10 0 17 0 1 46 0 0 0 0 3 0 0 0 30 4 0 0 0 7 0 0 0 0 0 0 0 0 0 0 0 0 0 0 0 0 0 0 0 0 0 0 0 8 0 0 0 0 3 12 15 13 0 0 0 13 0 37 0 0 0 18 0 0 0 0 0 0 0 0 0 0 0 43 7 0 23 0 7 11 11 2 4 0 27 0 0 0 0 0 0 0 0 0 0 0 14 0 11 0 0 0 0 0 9 0 0 0 0 0 0 0 0 0 0 0 0 5 0 0 0 0 0 0 0 0 0 0 2 0 0 0 1 0 2 0 0 0 0 1 0 2 0 0 0 10 0 0 0 0 0 6 9 0 0 0 
 0 0 0 63 0 0 0 0 4 0 0 36 0 0 2 0 0 0 0 0 2 3 2 70 61 3 2 64 4 3 2 2 3 3 2 3 64 210 64 3 152 47 59 123 55 100 102 213 142 72 38 16 74 0 252 96 35 289 117 69 3 0 0 0 0 0 3 0 0 0 4 0 0 0 2 2 1 7 52 0 1 0 0 0 13 0 0 0 0 0 0 0 0 0 0 0 0 18 0 0 0 8 0 0 0 0 0 12 0 0 0 0 0 0 0 0 0 0 0 1 4 20 13 0 0 8 0 0 19 38 11 0 0 25 0 27 39 23 0 0 1 0 0 8 8 0 0 0 0 0 0 0 0 0 0 13 0 31 9 0 0 0 0 0 0 0 0 0 0 0 0 0 0 0 0 0 0 0 0 0 0 0 0 0 0 31 0 0 0 6 0 0 9 0 3 3 0 0 0 1 9 27 21 0 0 1 15 0 3 0 10 0 0 0 20 25 0 18 9 6 0 17 0 0 4 1 3 0 5 0 0 0 0 0 0 13 0 0 0 3 0 0 0 0 0 0 0 0 0 0 0 9 9 2 0 0 0 1 0 1 0 0 2 0 65 1 6 0 0 0 19 0 0 0 0 0 0 0 0 0 0 0 0 0 23 0 0 0 0 11 
 3 5 22 0 0 0 0 0 2 0 0 0 0 0 3 4 4 1 0 0 0 0 0 38 0 0 0 0 3 0 0 0 0 0 0 2 0 63 0 0 36 45 195 302 91 76 38 111 378 199 152 44 42 252 0 84 121 308 71 87 0 0 0 3 0 0 8 0 0 2 0 0 0 3 2 2 0 0 0 3 2 3 8 19 0 0 0 0 0 0 0 53 0 22 0 0 0 7 0 0 0 0 0 19 10 19 0 0 0 0 0 0 0 0 0 0 0 0 0 0 8 9 32 37 0 5 7 22 0 23 9 0 0 29 23 52 44 13 17 19 0 0 0 0 0 0 0 0 0 0 4 0 0 0 0 4 0 0 0 0 4 0 0 1 0 0 0 0 1 0 0 3 0 0 0 0 1 0 0 1 20 1 0 0 0 1 0 0 0 0 0 0 0 0 0 0 0 0 4 0 1 22 0 29 29 25 17 14 9 0 20 0 7 7 24 3 0 29 0 22 6 0 0 1 0 0 0 0 0 0 0 0 0 0 0 0 1 22 21 22 0 0 2 0 0 0 2 0 2 0 0 8 0 1 0 0 1 0 0 12 0 0 0 0 0 29 0 0 0 0 3 0 0 0 2 0 0 0 0 15 0 0 0 0 14 0 0 0 0 0 
 0 0 0 0 0 0 61 0 0 0 0 0 0 0 0 0 6 0 0 0 0 0 0 9 0 0 0 0 65 0 0 0 0 0 0 0 0 0 0 0 121 178 171 108 47 40 92 90 80 173 127 98 46 96 84 0 161 19 46 197 0 0 0 101 2 0 2 0 0 0 206 0 1 0 0 2 2 0 2 46 1 0 10 0 0 0 0 0 0 0 0 0 0 0 0 0 0 0 0 0 0 0 0 0 0 0 0 0 0 0 0 0 0 0 0 0 0 0 0 0 29 10 9 30 12 4 0 0 6 9 10 35 0 5 0 12 7 14 0 0 2 0 0 0 0 0 19 0 0 0 0 0 19 3 0 8 0 0 15 2 0 0 0 0 0 8 0 0 0 0 0 0 0 0 0 0 0 0 0 0 0 0 0 0 0 9 0 0 0 0 0 0 0 0 0 0 0 0 0 0 0 16 3 28 24 22 9 0 0 1 17 26 0 34 0 7 9 21 0 2 17 18 0 0 0 0 0 0 0 0 0 0 0 14 19 0 0 0 25 27 0 0 1 0 0 0 0 0 0 0 0 5 0 0 0 0 0 0 0 9 0 0 0 1 3 0 0 1 0 0 3 0 0 0 0 0 0 0 0 0 0 0 0 0 14 20 0 0 0 0 
 0 0 2 0 0 0 0 0 2 1 0 0 0 0 2 0 0 0 0 0 207 3 11 5 3 3 3 3 3 3 3 6 3 3 7 4 3 0 3 3 52 64 108 409 133 345 54 123 117 299 174 220 82 35 121 161 0 63 245 38 0 0 20 0 0 0 0 0 8 0 0 0 0 0 0 0 0 0 54 47 0 0 0 0 0 0 0 0 0 0 0 0 0 0 0 0 0 0 0 0 0 0 0 0 0 0 0 0 0 0 0 0 0 0 0 0 0 0 0 0 5 3 0 36 4 45 0 0 6 25 0 13 0 0 0 0 7 14 0 0 4 0 0 0 0 0 22 8 0 0 0 0 13 5 2 3 13 0 14 6 0 0 0 0 0 0 0 0 0 0 0 0 0 0 0 0 0 0 0 0 0 0 0 0 0 0 0 0 0 0 0 0 0 0 0 0 0 0 0 0 0 18 3 14 5 25 0 0 0 34 46 42 11 8 0 11 7 14 0 7 27 29 0 0 0 0 0 0 2 0 0 0 15 21 22 0 0 1 21 39 0 0 0 0 0 0 0 0 0 0 0 10 0 0 0 0 0 0 0 9 0 0 0 5 62 4 1 41 0 0 26 0 0 0 0 0 0 0 0 0 0 0 0 0 18 24 0 13 0 0 
 0 0 0 2 0 0 0 0 2 0 0 0 0 0 6 0 0 0 0 0 0 0 0 2 0 0 0 0 1 0 0 2 0 1 0 2 0 0 0 0 87 20 117 38 38 264 54 31 160 28 395 130 32 289 308 19 63 0 40 96 58 0 6 0 4 0 1 0 0 4 0 6 8 0 0 6 0 0 0 0 2 0 0 0 0 0 0 0 0 0 0 0 0 0 0 0 0 0 0 0 0 0 0 0 0 0 0 0 0 0 0 0 0 0 0 7 0 0 8 0 8 18 57 13 13 5 0 13 0 18 35 0 0 0 8 55 4 18 0 0 0 0 0 0 0 0 0 0 0 0 0 0 0 4 0 0 0 5 2 0 0 0 0 0 0 7 0 0 0 0 0 0 0 0 0 0 0 0 0 0 0 0 0 0 0 0 0 0 0 0 0 0 0 0 0 0 0 0 0 0 0 33 43 5 32 28 23 0 27 12 0 0 0 7 3 30 13 0 0 0 6 1 0 0 0 0 0 0 10 0 0 0 6 0 36 3 0 0 0 15 0 0 11 0 0 0 0 0 0 0 2 7 0 2 1 0 0 0 0 0 0 21 62 4 0 6 0 2 0 0 0 0 1 0 0 0 0 0 0 0 0 0 0 0 0 0 0 0 0 0 
 6 3 3 10 3 3 3 3 5 3 3 3 3 3 3 3 7 3 3 3 0 63 63 6 142 90 0 1 2 2 61 85 204 0 126 0 0 0 0 0 111 180 58 154 90 117 172 70 522 104 47 34 371 117 71 46 245 40 0 496 0 0 24 0 0 0 0 0 0 0 3 1 0 0 1 1 9 1 0 0 0 0 0 0 0 0 0 0 0 0 0 0 0 0 0 0 0 0 0 0 0 11 22 0 1 23 0 0 1 22 38 15 0 0 0 0 8 1 0 0 6 10 29 0 10 0 0 7 6 0 12 30 3 17 18 13 0 3 21 30 0 1 3 1 0 0 0 0 0 0 0 0 0 0 7 0 0 0 26 1 0 0 0 0 0 0 0 0 0 0 0 0 0 0 0 0 0 0 0 0 0 0 0 17 0 8 0 0 0 0 21 27 0 0 0 12 0 21 0 0 30 2 0 12 0 6 16 0 0 15 15 8 0 0 6 9 23 0 25 0 11 0 2 0 0 0 0 0 0 5 0 0 0 0 1 0 8 0 0 1 0 0 0 0 0 0 0 0 0 0 0 4 0 0 1 0 0 0 0 0 0 0 0 0 2 2 2 0 2 0 4 0 0 0 2 0 0 0 0 0 0 10 0 0 0 0 0 0 0 4 
 0 0 0 0 0 0 0 0 0 0 0 0 0 0 0 0 0 0 0 0 0 63 75 69 17 32 0 0 28 0 66 87 0 0 134 9 0 0 0 0 105 48 63 151 79 84 101 66 63 370 85 19 191 69 87 197 38 96 496 0 0 0 0 0 0 0 0 0 0 0 0 0 0 0 2 0 0 0 0 0 0 0 37 0 0 0 0 0 0 0 0 0 0 0 0 0 0 0 0 0 0 16 0 19 22 23 0 0 35 28 30 16 0 0 0 0 0 0 0 0 0 14 26 0 0 0 0 0 0 15 20 19 0 40 22 19 0 9 0 44 0 0 0 0 0 0 0 0 0 0 0 0 0 0 0 0 0 0 12 0 0 0 0 0 0 0 0 0 0 0 0 0 0 0 0 0 10 0 0 0 0 0 0 19 11 0 0 0 0 0 0 28 0 0 0 9 0 0 0 0 33 9 20 8 0 0 25 10 0 5 8 13 2 5 20 11 0 25 10 1 0 0 0 0 0 0 0 0 0 0 0 0 0 0 0 0 0 0 0 0 0 0 0 0 0 0 0 0 0 0 0 10 0 0 0 0 0 0 0 2 0 0 0 0 2 0 0 0 0 0 0 0 0 0 0 0 0 0 0 0 0 14 0 0 0 0 3 0 0 0 
 3 3 3 3 3 3 3 3 5 3 3 3 3 3 3 3 7 3 3 3 0 0 2 6 0 0 1 0 0 0 0 0 0 1 0 0 0 0 1 1 3 0 0 0 0 55 0 3 0 0 0 0 202 3 0 0 0 58 0 0 0 93 66 70 34 64 177 103 51 43 42 47 264 143 153 203 40 52 51 45 0 0 0 0 0 0 0 0 1 0 0 0 0 0 0 0 0 0 0 0 0 0 10 0 0 0 0 0 0 0 0 0 0 0 0 0 0 0 0 0 0 0 0 1 0 9 0 0 0 0 15 0 0 0 0 0 0 0 0 0 37 15 10 4 16 0 0 7 0 0 77 1 1 0 4 9 40 8 14 4 0 0 0 0 1 0 4 0 0 0 0 0 0 0 0 0 0 0 31 0 0 0 0 0 0 0 0 0 0 0 0 0 0 0 0 0 0 0 0 0 0 0 0 1 0 0 0 0 0 0 0 17 1 0 0 0 0 0 0 0 1 31 3 2 45 14 32 12 25 11 21 22 0 11 5 44 14 3 0 14 0 0 0 0 0 0 0 0 0 0 0 0 0 69 0 0 0 0 0 1 0 0 25 1 0 0 3 0 0 0 8 0 0 12 4 0 0 0 0 0 0 0 0 0 0 2 0 0 1 0 
