 0 303 169 97 114 38 231 422 38 22 47 41 114 135 121 119 139 120 219 55 0 0 2 0 1 3 0 0 0 0 0 0 0 0 5 0 2 2 2 0 0 2 0 3 3 6 3 0 1 0 3 6 0 2 62 0 3 4 0 3 3 0 0 5 1 0 0 0 1 2 2 0 3 3 6 3 3 0 0 0 10 20 2 0 0 0 14 32 0 0 18 7 4 26 69 19 14 19 9 11 0 0 0 0 0 0 1 9 0 0 0 0 0 0 0 0 18 0 1 12 0 0 0 0 0 0 0 0 0 0 0 0 0 0 0 0 0 0 0 0 0 0 0 0 0 0 0 0 0 0 0 0 0 0 0 0 0 5 0 0 43 21 0 15 0 0 8 9 11 30 14 16 13 0 9 8 22 2 0 0 0 0 0 0 0 0 0 0 0 0 0 15 0 0 0 0 0 0 49 0 0 0 0 0 0 0 0 0 0 0 0 0 0 0 0 0 0 0 0 0 0 0 0 0 0 0 0 0 0 0 0 0 0 0 0 0 0 0 13 0 0 0 0 0 0 0 0 0 0 0 0 5 13 0 0 0 0 0 0 0 0 0 0 0 0 0 0 0 0 0 0 0 0 47 2 14 0 14 0 0 0 0 0 0 0 0 0 0 0 18 
 303 0 248 170 128 215 93 292 167 504 68 102 38 44 613 224 295 46 363 38 0 0 2 0 2 0 0 0 0 0 0 2 54 1 3 0 0 2 168 22 0 2 0 3 2 4 42 0 2 0 0 3 0 0 63 0 0 0 0 3 0 0 0 3 3 0 0 0 0 0 2 0 3 3 0 0 3 0 0 0 7 18 0 0 33 25 0 8 10 99 12 15 0 0 25 57 11 13 0 0 0 0 0 11 0 0 0 1 0 0 0 0 15 1 17 0 3 0 23 0 0 0 0 16 0 0 0 0 0 0 0 0 0 0 2 0 0 0 0 0 0 0 0 0 0 0 0 2 0 0 0 0 0 14 0 0 0 0 0 0 13 35 54 26 0 0 0 10 0 13 1 24 0 0 6 15 15 15 4 0 0 0 0 2 2 0 21 0 0 0 0 0 30 0 3 0 5 0 20 15 0 0 0 0 0 0 0 0 0 0 0 1 0 0 0 0 0 0 0 0 15 0 0 0 0 0 0 0 0 0 0 0 0 0 0 0 0 1 2 0 0 0 0 0 0 0 92 0 0 3 0 10 0 0 0 0 0 0 0 0 0 0 0 0 0 0 0 0 0 0 0 0 0 0 0 9 1 0 0 0 0 0 0 0 0 0 0 0 0 0 
 169 248 0 142 42 257 110 116 262 52 46 171 321 69 276 239 268 143 125 126 0 0 2 0 0 0 27 0 35 0 0 6 30 0 3 0 0 2 3 38 0 2 0 3 2 4 3 0 0 0 0 3 0 0 0 0 0 0 0 3 0 0 0 3 0 0 0 0 0 0 2 7 3 3 0 1 3 0 0 0 12 0 33 25 14 46 0 0 23 25 10 14 11 8 14 16 0 0 0 8 0 0 0 0 0 0 0 0 26 0 0 0 0 0 29 0 0 14 26 7 0 0 0 47 0 0 0 0 0 6 0 0 0 0 0 0 0 0 0 0 0 0 0 14 0 0 0 24 0 0 0 0 0 0 0 0 0 0 0 0 22 14 12 23 22 18 1 17 0 7 0 12 0 16 7 0 19 23 0 0 0 11 0 0 0 0 35 0 0 0 0 0 12 0 0 0 0 0 0 11 0 0 0 0 0 0 0 0 0 0 0 0 0 0 0 0 0 0 0 0 0 0 0 0 0 0 0 0 0 0 0 0 0 0 0 0 6 0 0 0 0 0 0 0 0 3 90 2 4 48 0 7 0 0 0 0 0 0 0 0 0 0 0 0 0 0 0 0 0 0 0 0 0 0 0 0 2 0 0 0 0 0 0 0 0 0 0 0 0 0 
 97 170 142 0 262 123 405 168 105 170 259 132 391 90 162 714 267 207 101 44 0 0 2 0 2 0 22 76 0 0 3 0 73 76 5 0 0 2 75 1 0 2 0 3 2 65 3 0 0 0 0 5 0 0 0 0 0 7 0 5 0 0 0 3 0 0 0 0 0 0 2 2 3 3 0 0 3 0 0 0 24 14 14 13 13 0 0 14 14 15 27 23 0 20 3 3 28 19 0 10 0 0 14 0 0 0 0 0 0 10 0 0 0 18 0 0 1 0 38 27 0 0 0 0 0 0 1 0 0 0 0 0 0 0 0 0 0 0 0 0 0 0 0 0 0 0 0 0 0 0 0 0 0 0 10 0 0 6 0 0 25 30 40 32 28 2 5 20 0 18 37 9 0 30 0 14 15 11 2 0 0 27 0 0 0 0 15 10 0 10 0 0 1 0 0 0 0 0 36 16 0 1 0 11 2 0 0 0 1 0 0 0 0 0 0 0 0 0 0 0 0 0 0 0 0 0 0 0 0 0 0 0 0 0 0 0 0 0 0 0 0 1 0 0 0 1 6 2 0 4 0 7 0 0 0 0 0 0 0 0 17 0 13 0 0 0 0 0 0 0 0 0 0 0 0 47 0 18 0 0 0 0 0 0 0 0 0 0 0 0 
 114 128 42 262 0 183 144 73 92 172 188 48 65 293 64 231 132 207 282 40 1 1 78 0 0 1 2 84 0 0 0 0 149 74 76 17 15 3 151 2 0 3 0 3 2 3 2 0 0 0 0 3 0 0 0 0 0 0 0 3 0 0 0 2 4 0 0 0 51 0 0 0 3 1 0 0 3 0 0 0 12 7 0 12 18 20 10 7 13 21 33 12 0 14 2 21 10 22 0 0 0 0 21 0 0 0 23 15 0 0 0 0 0 0 18 0 0 0 24 10 0 0 0 0 0 0 0 0 0 0 0 0 0 0 8 2 0 2 2 0 0 0 0 0 0 0 0 0 0 0 0 0 0 0 0 0 0 9 2 17 0 20 31 0 0 4 11 22 0 1 31 0 14 0 0 0 39 26 0 0 0 28 0 0 0 0 23 26 0 43 0 14 12 1 0 14 15 47 32 21 0 0 0 0 0 0 0 0 0 0 0 0 0 0 0 13 0 0 0 0 2 0 0 0 17 0 0 0 0 0 0 8 0 0 0 0 0 0 0 0 0 0 0 0 0 2 61 0 4 4 0 11 0 0 0 0 0 0 0 0 0 0 1 0 0 0 0 0 0 0 0 0 0 0 0 14 0 0 0 0 0 0 0 0 0 0 0 0 0 0 
 38 215 257 123 183 0 40 32 90 318 165 47 119 311 145 171 147 188 294 45 77 73 2 0 3 0 79 0 0 0 0 0 157 0 3 2 1 2 64 191 0 2 0 3 2 36 3 0 0 2 0 4 0 0 0 0 0 1 0 3 0 0 0 2 0 0 0 0 0 0 1 0 3 2 0 0 3 0 0 0 0 5 22 12 14 1 0 0 18 1 18 28 0 0 0 1 0 57 0 0 8 7 0 0 0 0 42 25 28 0 0 0 9 10 21 0 2 0 20 6 0 0 0 15 0 0 2 0 0 0 0 0 0 0 0 0 0 0 0 0 0 0 0 0 0 0 0 0 0 0 0 0 0 0 0 0 0 0 0 0 0 1 36 0 7 10 37 1 0 0 0 11 0 0 0 0 1 23 0 0 0 29 0 0 0 0 20 15 0 0 0 0 63 0 10 0 10 0 39 17 13 0 0 0 1 1 0 0 0 0 0 0 0 0 0 0 0 0 0 0 0 0 0 0 0 0 0 0 0 0 0 2 0 0 0 0 0 0 0 0 0 0 0 0 0 4 49 0 4 132 0 20 0 0 0 0 0 0 0 0 83 0 0 0 0 1 0 0 0 0 0 0 0 0 0 0 4 0 0 0 0 0 0 0 0 0 0 0 0 0 
 231 93 110 405 144 40 0 400 319 110 47 215 181 148 88 308 95 74 254 30 0 0 2 0 1 0 0 3 0 0 0 0 0 0 5 0 0 2 1 0 0 2 0 3 2 68 3 34 3 1 0 3 0 0 59 0 0 0 0 3 0 0 0 3 8 0 0 0 0 0 3 0 3 3 0 0 4 0 0 0 50 21 19 17 11 0 14 29 16 42 0 14 0 35 21 0 34 0 19 21 0 0 1 0 0 0 0 0 0 0 0 0 0 2 0 0 1 0 0 0 0 0 0 0 0 0 1 0 0 0 0 0 0 0 0 0 0 0 0 0 0 0 0 0 0 0 41 0 0 0 0 0 0 0 0 0 0 6 0 0 29 53 17 19 24 17 19 40 11 15 10 19 0 20 0 19 2 0 0 0 0 0 0 0 0 0 0 0 0 0 0 0 1 0 0 0 0 0 11 0 0 0 0 0 0 0 0 0 0 0 0 0 0 0 0 0 0 0 0 0 0 0 0 0 0 0 0 0 0 0 0 0 0 0 0 0 0 0 0 0 0 1 0 0 0 0 0 0 0 1 0 7 0 0 0 0 0 0 0 2 0 0 0 0 0 0 0 0 0 0 0 0 0 0 0 23 0 11 0 0 0 0 0 0 0 0 0 0 0 0 
 422 292 116 168 73 32 400 0 277 42 50 264 95 159 143 402 401 25 336 139 204 0 2 0 0 0 0 0 0 0 0 2 0 77 3 0 0 2 3 0 2 3 0 3 2 4 2 0 8 0 0 3 0 0 65 0 0 0 0 43 10 0 0 2 0 0 0 0 2 0 0 0 3 2 0 0 3 0 0 0 0 7 21 1 69 15 0 24 0 34 5 14 32 69 47 35 2 11 11 19 0 0 0 0 0 0 2 9 0 0 0 21 0 1 0 2 0 0 0 11 0 0 0 0 0 0 0 0 0 0 0 0 0 0 0 0 0 0 0 0 1 0 0 0 0 0 0 0 0 0 0 0 0 0 0 0 16 7 0 0 21 28 1 0 0 3 13 27 0 5 17 3 10 0 17 19 11 19 0 21 0 0 0 0 0 0 21 16 0 0 0 0 10 0 0 0 0 0 45 0 0 0 0 0 0 0 0 20 0 0 0 0 0 0 0 0 0 0 0 0 0 0 0 0 0 0 0 0 0 0 1 0 0 17 0 0 0 0 0 0 0 0 0 0 0 1 0 4 2 0 0 1 22 0 0 0 0 0 0 0 0 0 0 0 0 0 0 0 0 0 0 0 0 0 0 0 0 0 0 0 0 0 0 0 0 0 0 0 0 0 
 38 167 262 105 92 90 319 277 0 65 107 120 752 423 208 160 320 38 399 81 0 1 2 0 3 0 0 0 0 0 0 2 0 2 3 0 0 2 3 73 0 2 0 3 2 4 3 0 3 4 0 3 0 0 2 0 0 3 0 3 2 0 0 3 0 0 0 0 0 10 2 0 3 3 0 0 3 0 0 0 21 1 24 1 15 0 71 0 0 37 1 12 21 16 28 25 31 14 13 7 0 1 0 0 0 0 13 0 0 0 0 0 0 10 13 0 0 0 11 0 0 0 0 18 0 0 0 0 0 0 0 0 0 0 0 0 0 0 0 0 0 0 0 0 0 0 0 0 0 0 0 0 0 0 0 0 0 0 0 0 30 14 15 8 29 42 0 23 22 11 8 57 13 15 6 19 0 0 0 2 0 0 0 0 0 0 0 0 0 0 0 0 30 0 0 0 12 0 0 13 2 2 0 0 0 0 0 0 0 0 0 0 0 0 0 0 0 0 0 0 0 0 0 1 0 0 0 0 0 0 12 0 0 0 0 0 1 0 0 0 0 19 0 0 0 1 12 1 3 0 0 6 12 0 0 2 0 0 0 0 75 0 14 2 0 0 0 0 0 1 0 2 0 0 0 0 0 0 0 0 0 0 0 0 0 0 0 0 0 0 
 22 504 52 170 172 318 110 42 65 0 178 81 56 190 162 195 320 263 97 72 0 3 2 0 2 0 0 1 0 0 0 2 20 0 3 1 0 2 75 0 0 2 0 3 2 1 3 0 0 0 0 3 0 0 0 0 0 1 0 5 0 0 0 3 3 0 0 0 0 0 3 0 2 7 0 0 3 0 1 0 29 22 0 5 1 2 0 6 13 14 11 12 0 0 0 0 9 44 0 0 10 0 2 0 0 0 16 9 0 0 0 0 17 0 19 0 0 0 20 14 0 0 0 0 0 0 0 0 0 0 0 0 0 0 0 0 0 2 0 0 0 0 0 0 0 0 0 0 0 0 0 0 0 0 0 0 0 0 3 0 0 4 24 0 1 0 0 11 0 0 0 0 0 0 0 0 25 12 0 0 0 35 0 0 0 0 0 1 0 0 0 0 12 0 15 20 14 0 34 21 0 0 0 0 1 0 0 0 2 7 0 0 0 0 0 0 0 0 0 0 13 0 0 0 0 0 0 0 0 0 0 0 0 0 0 0 0 0 0 0 0 0 0 0 0 1 85 2 2 98 0 2 0 0 0 0 0 0 0 0 0 0 0 0 0 0 0 0 0 1 0 0 0 0 0 13 13 0 0 0 0 0 0 0 0 0 0 0 0 0 
 47 68 46 259 188 165 47 50 107 178 0 47 56 254 50 549 107 156 258 177 2 1 2 0 2 0 33 180 0 3 0 1 81 79 3 0 3 3 32 98 0 3 0 3 5 5 2 1 0 2 2 2 0 2 0 0 0 0 0 4 0 0 0 2 0 0 0 0 0 0 0 2 3 0 0 48 3 2 0 0 0 9 0 1 36 2 18 0 0 2 27 2 0 0 0 10 0 28 10 0 12 10 18 0 0 0 20 0 2 31 0 0 10 24 0 1 0 0 2 23 0 0 0 0 0 0 0 0 0 0 0 0 0 0 0 0 0 0 0 0 0 0 0 0 0 0 0 0 1 0 0 0 0 0 0 0 0 0 0 0 0 20 11 14 0 25 0 1 11 10 14 20 0 2 0 31 10 0 1 0 0 44 19 0 0 0 15 0 0 28 0 0 0 2 36 9 30 0 53 1 0 0 0 0 0 0 0 0 0 0 0 0 0 0 0 0 0 0 0 0 0 0 0 0 0 0 0 0 0 0 0 0 0 0 0 2 0 0 0 0 0 0 0 0 0 1 89 0 46 0 2 10 0 0 0 0 0 0 0 0 0 0 0 0 0 0 0 0 0 0 0 0 0 1 0 0 7 0 0 0 0 0 0 0 0 0 0 0 0 0 
 41 102 171 132 48 47 215 264 120 81 47 0 113 21 155 137 145 93 233 142 115 0 4 0 0 0 0 0 0 0 0 0 0 0 3 0 0 2 77 78 0 3 0 3 2 3 2 0 2 7 0 4 0 0 1 0 0 2 0 3 0 0 0 2 0 0 0 0 0 0 1 0 54 2 0 0 3 0 0 0 14 0 20 10 32 12 13 9 21 16 11 31 0 47 16 0 7 0 0 0 0 24 0 0 0 0 36 3 0 20 0 0 20 10 0 0 0 0 31 10 0 0 0 0 0 0 0 0 0 0 0 0 0 0 0 0 0 0 0 0 0 0 0 0 0 0 0 0 0 12 0 0 0 0 0 0 0 0 25 0 19 9 0 10 31 22 0 18 16 0 11 15 0 16 0 13 0 0 0 0 0 23 26 0 0 0 0 35 0 0 10 0 24 0 15 9 11 0 0 1 0 0 0 0 0 0 0 0 0 0 0 0 0 0 0 0 0 0 0 0 0 0 0 0 0 0 0 0 0 0 0 0 0 0 0 0 0 0 0 0 0 15 0 0 0 1 1 2 2 0 0 5 0 0 0 0 0 0 0 0 0 0 23 0 0 0 0 0 0 0 0 0 0 0 0 0 0 0 0 0 0 0 0 0 0 0 0 0 0 0 
 114 38 321 391 65 119 181 95 752 56 56 113 0 291 41 441 45 35 439 45 0 0 2 80 0 0 63 1 0 0 0 32 2 1 3 32 25 2 1 75 59 2 0 3 2 2 3 15 0 0 0 3 0 0 0 0 0 0 0 18 0 0 0 3 0 0 34 0 0 0 3 0 2 3 0 0 3 1 0 0 37 1 15 17 0 0 0 0 11 22 2 5 0 22 12 2 16 0 0 23 0 0 0 0 0 0 0 0 0 13 0 0 0 9 0 1 0 15 0 0 0 0 0 2 0 0 0 0 0 0 0 0 0 0 0 0 0 0 0 0 0 0 0 0 0 0 0 0 0 0 0 0 0 0 0 0 0 5 0 0 19 24 0 10 26 0 26 24 0 10 12 0 0 16 11 1 0 0 0 1 0 0 0 0 0 0 8 0 0 0 0 0 0 0 0 0 0 0 10 0 0 0 0 0 0 0 0 0 0 0 0 0 0 0 0 0 0 20 0 0 0 0 0 0 0 0 0 0 2 0 1 0 0 13 0 0 0 0 0 0 0 0 0 0 0 1 0 2 2 2 0 6 0 0 0 0 0 0 0 0 0 0 0 0 0 0 0 0 0 0 0 0 0 0 0 17 0 16 0 0 0 0 0 0 0 0 0 0 0 0 
 135 44 69 90 293 311 148 159 423 190 254 21 291 0 386 132 361 46 443 213 0 0 2 0 0 0 75 0 0 0 5 0 0 0 3 4 2 5 3 0 0 2 0 5 2 3 3 2 65 5 0 3 0 0 1 0 3 6 0 3 4 0 0 2 1 0 0 0 0 0 1 0 3 2 0 2 3 0 0 0 0 16 33 20 16 0 20 31 33 14 18 24 18 28 23 15 18 55 12 0 0 19 0 0 0 0 0 0 0 0 0 0 0 10 0 0 0 0 0 0 0 0 0 0 0 0 0 0 0 1 0 0 0 0 0 0 2 0 0 0 0 0 0 0 0 2 0 19 0 0 0 0 0 0 0 0 0 0 0 0 10 0 0 0 13 18 6 0 25 0 8 41 27 15 29 58 0 0 0 27 0 0 0 0 0 0 0 1 0 0 0 0 10 0 0 0 0 0 0 9 0 0 0 0 0 0 0 0 0 0 2 0 0 0 0 0 0 0 0 1 0 0 0 0 0 1 0 0 0 16 0 0 0 0 0 0 0 0 0 0 0 34 0 0 0 1 1 2 1 47 9 0 20 0 2 0 0 0 0 0 1 0 16 0 0 0 0 0 0 0 0 0 0 0 0 0 5 0 0 0 0 0 0 0 0 0 0 0 0 2 
 121 613 276 162 64 145 88 143 208 162 50 155 41 386 0 250 296 137 361 69 0 0 2 0 0 2 0 0 0 0 0 2 0 0 3 0 4 38 77 3 0 3 0 3 5 9 2 5 0 4 3 69 0 0 1 0 3 25 2 3 6 0 42 2 2 0 0 0 0 0 2 0 3 2 0 0 5 0 0 0 5 0 6 54 0 0 13 0 31 0 0 5 17 26 1 0 34 15 12 0 0 0 0 0 0 2 0 0 0 1 0 2 11 4 0 0 0 0 37 0 0 0 0 0 0 0 0 0 12 0 0 0 0 0 0 0 0 0 0 0 2 0 0 0 0 0 0 0 0 0 0 1 2 0 0 0 0 5 0 0 72 11 12 0 12 15 34 9 28 10 14 32 26 0 23 2 0 5 0 39 0 1 0 0 0 0 0 10 0 0 0 0 3 0 7 0 0 0 12 24 0 0 0 0 0 0 0 0 0 0 0 0 0 0 0 0 0 1 0 0 11 0 0 0 0 0 0 0 0 0 0 7 0 1 17 0 0 0 0 0 0 15 0 0 0 2 2 0 4 90 14 8 0 0 0 0 0 0 0 0 0 0 22 0 0 0 0 0 0 0 0 0 0 0 1 17 13 16 0 0 0 0 0 0 0 0 0 0 0 0 
 119 224 239 714 231 171 308 402 160 195 549 137 441 132 250 0 365 222 270 56 0 3 2 4 3 0 2 0 2 0 3 0 0 0 3 3 0 6 4 0 0 4 0 3 2 3 3 0 5 0 0 3 0 0 25 3 0 0 2 5 0 0 0 3 14 0 5 0 1 0 3 2 3 3 0 0 3 0 0 0 45 10 46 11 15 0 0 37 19 37 16 58 0 28 37 7 67 1 0 0 0 0 0 0 0 0 0 0 0 9 0 0 0 0 0 0 0 0 0 59 0 0 0 1 0 0 0 0 0 0 0 0 0 0 0 0 0 0 0 0 0 0 0 0 0 0 0 0 0 0 0 0 0 0 0 0 0 3 0 0 32 49 27 18 21 1 10 55 0 14 18 14 0 19 9 14 16 1 0 1 0 0 0 0 12 0 0 0 0 0 0 0 0 0 0 0 0 0 15 0 0 0 0 0 0 0 0 0 0 0 0 0 0 0 0 0 0 22 0 0 0 17 0 0 0 0 0 0 2 1 0 0 0 0 0 0 0 0 0 0 0 0 0 0 0 0 0 2 0 91 0 10 0 0 0 0 0 0 0 0 0 0 0 0 0 0 0 0 0 0 0 0 0 0 0 28 8 30 0 0 0 0 0 0 0 0 0 0 0 0 
 139 295 268 267 132 147 95 401 320 320 107 145 45 361 296 365 0 147 125 43 2 3 2 0 0 0 90 0 0 0 0 1 74 0 3 0 0 3 1 74 0 2 0 3 2 1 3 0 0 0 0 3 0 0 0 0 0 0 0 3 0 0 0 3 0 0 0 0 0 4 3 4 2 3 0 0 3 0 0 0 16 0 9 13 13 19 1 0 1 24 0 2 8 6 5 12 0 14 0 7 0 0 0 0 0 0 0 0 0 0 0 0 7 0 9 17 8 8 7 7 0 0 1 16 0 0 0 0 0 0 0 0 0 0 0 0 0 0 0 0 0 0 0 0 0 0 0 0 0 0 0 0 0 0 0 0 0 0 0 1 25 13 14 19 25 9 0 13 0 7 14 28 0 14 8 0 39 24 1 0 0 23 0 0 0 0 8 0 0 0 0 0 18 0 0 0 0 0 13 20 0 0 0 0 0 0 0 0 0 7 0 1 0 0 0 1 0 0 0 0 7 0 0 0 0 0 0 0 0 0 0 0 0 0 0 0 0 0 0 0 0 0 0 0 0 0 3 0 0 170 0 10 0 0 0 0 0 0 0 0 0 0 0 0 0 0 2 0 0 0 0 0 0 0 0 0 7 0 0 0 0 0 0 0 0 0 0 0 0 0 
 120 46 143 207 207 188 74 25 38 263 156 93 35 46 137 222 147 0 258 26 75 17 2 0 0 4 75 77 0 0 6 0 142 0 5 0 3 2 3 78 0 38 0 3 2 2 3 0 0 0 0 3 0 5 0 0 0 2 0 3 2 2 2 8 2 0 0 0 1 0 2 4 3 5 5 1 4 0 1 4 5 2 10 24 13 3 0 0 45 0 17 20 0 18 1 0 16 43 0 2 13 1 0 0 0 0 16 0 20 0 0 0 9 8 10 0 0 4 2 27 0 0 0 0 0 0 0 0 0 0 0 0 0 0 0 1 0 1 0 0 0 0 0 0 0 0 0 0 0 0 0 0 0 0 0 0 0 5 1 0 18 27 1 0 10 0 10 13 1 10 8 0 0 0 0 0 13 26 0 0 0 66 0 0 0 0 0 15 0 0 0 0 14 0 21 0 10 0 20 10 0 0 0 0 0 0 0 0 0 0 0 7 0 0 0 0 0 0 0 0 1 0 0 0 0 0 0 0 0 0 0 0 0 0 0 0 0 0 0 0 0 0 0 0 0 0 90 0 85 134 0 9 0 0 0 0 0 0 0 0 0 0 0 0 0 0 0 0 2 0 0 0 0 0 0 17 20 19 0 0 0 0 0 0 0 0 0 0 0 0 
 219 363 125 101 282 294 254 336 399 97 258 233 439 443 361 270 125 258 0 286 0 0 2 2 0 2 0 0 0 74 0 0 3 3 4 0 0 3 3 0 0 3 0 3 2 4 2 0 0 0 0 3 0 0 0 0 0 0 0 3 5 0 0 2 0 0 0 0 0 0 0 0 3 1 0 0 3 0 0 0 19 13 32 23 0 0 0 16 7 0 0 16 33 58 7 18 36 0 11 8 0 0 0 0 0 0 0 0 0 1 0 0 0 1 0 0 0 0 0 0 0 0 0 0 0 0 0 0 0 0 0 0 13 0 0 0 0 0 0 0 0 0 0 2 0 0 0 0 1 0 0 0 0 0 2 0 0 0 0 0 36 0 0 17 0 0 20 2 30 27 0 0 30 17 11 1 10 14 0 50 0 0 0 0 0 10 0 0 1 0 0 0 0 0 0 0 44 0 16 0 0 0 0 0 0 0 0 0 0 0 0 0 0 0 0 0 0 0 0 0 0 0 0 0 0 0 0 0 0 0 0 0 0 0 0 2 0 0 0 0 0 0 0 0 0 88 0 2 5 1 20 18 26 0 0 0 0 0 0 0 0 0 0 0 0 0 0 0 0 0 0 0 0 1 0 22 0 23 0 0 0 0 0 0 0 0 0 0 0 0 
 55 38 126 44 40 45 30 139 81 72 177 142 45 213 69 56 43 26 286 0 77 1 2 0 6 0 0 0 0 0 8 1 0 0 40 5 3 5 3 0 0 6 0 3 2 3 3 0 0 0 0 3 0 2 0 4 0 0 0 3 3 0 0 3 45 0 4 37 0 0 3 2 3 3 0 0 3 0 0 0 0 9 0 2 0 1 32 13 0 0 16 2 55 1 27 30 28 14 18 7 0 1 0 0 0 0 0 0 0 0 0 0 0 0 0 1 0 1 11 0 0 0 0 2 0 0 0 0 0 0 0 0 0 0 0 0 0 0 0 0 0 0 0 0 0 0 0 0 2 0 20 0 0 0 0 0 0 0 0 0 16 0 0 2 0 0 23 16 21 20 14 1 24 16 3 1 0 11 4 23 0 0 0 0 0 0 0 0 2 0 0 0 0 0 0 0 0 0 0 0 0 0 0 0 0 0 0 0 0 11 0 1 0 0 0 0 0 0 0 0 0 0 0 0 0 0 0 0 0 0 0 0 0 0 0 0 0 0 0 0 0 0 0 0 0 0 3 0 0 1 0 1 10 0 0 0 0 0 0 0 0 0 0 0 0 0 0 0 0 0 0 0 0 1 0 0 0 0 0 0 0 0 0 0 0 0 0 0 0 0 
 0 0 0 0 1 77 0 204 0 0 2 115 0 0 0 0 2 75 0 77 0 83 74 93 100 161 134 364 33 332 203 184 68 353 132 342 36 125 101 157 0 0 0 0 0 2 0 3 2 0 1 1 0 2 3 1 0 2 65 0 0 3 0 5 0 0 0 0 0 3 0 1 2 0 0 0 0 3 0 0 0 0 0 0 1 0 1 2 0 0 0 0 0 0 0 0 0 0 2 0 0 19 20 14 2 19 0 10 24 0 25 16 4 0 10 17 33 0 10 0 0 0 0 0 0 0 0 0 0 9 0 0 0 12 0 1 1 0 11 0 0 1 15 0 0 0 0 2 0 0 0 0 0 0 0 0 0 0 6 0 0 0 0 2 0 0 0 0 0 0 0 0 2 0 0 1 0 0 0 0 25 9 21 18 1 8 0 25 20 14 32 0 13 28 6 16 15 77 0 0 20 0 2 0 0 0 8 0 0 0 0 0 18 0 0 0 0 0 0 0 0 0 0 0 0 0 0 0 0 0 15 0 0 2 0 0 0 0 0 0 0 0 27 0 0 0 0 0 0 0 0 0 0 0 2 0 1 1 1 0 0 0 0 0 0 0 0 0 0 0 0 0 0 0 0 0 0 0 0 5 0 0 0 0 0 0 0 0 0 0 
 0 0 0 0 1 73 0 0 1 3 1 0 0 0 0 3 3 17 0 1 83 0 244 263 28 259 139 115 253 333 183 273 33 137 347 286 31 349 49 39 0 0 0 0 0 5 77 3 3 0 0 0 70 2 3 0 0 2 67 2 0 3 0 0 0 0 0 0 0 3 0 1 2 0 0 0 0 3 0 0 0 0 0 0 0 18 1 0 0 0 1 0 0 0 0 0 0 0 0 0 24 33 30 20 10 20 10 10 0 17 0 96 22 16 0 25 14 18 0 0 8 0 0 0 0 0 7 17 0 0 0 0 0 27 0 7 0 0 17 12 0 0 0 0 0 0 0 5 0 1 0 0 0 0 0 0 0 0 0 0 0 0 3 3 0 1 0 1 0 0 0 0 4 0 0 0 2 0 0 0 37 0 9 11 49 0 30 14 17 1 5 16 0 0 22 1 24 0 0 19 0 0 0 0 0 0 40 2 12 0 0 0 14 0 0 12 0 0 11 52 0 0 0 0 0 0 0 0 0 0 0 0 0 0 0 0 0 0 0 0 0 0 0 0 0 0 0 0 0 0 0 0 0 0 11 1 2 80 3 2 3 2 0 0 0 0 0 0 0 0 0 0 0 0 0 0 0 0 0 8 0 17 0 0 0 0 0 0 0 0 
 2 2 2 2 78 2 2 2 2 2 2 4 2 2 2 2 2 2 2 2 74 244 0 94 102 88 93 200 140 279 264 120 111 160 376 219 125 271 43 154 0 0 0 0 0 9 23 3 2 0 1 0 48 2 3 0 0 2 33 0 0 3 0 0 0 0 1 0 0 3 0 0 2 0 0 0 0 3 0 0 0 0 0 0 14 40 2 0 0 0 0 0 0 0 0 0 0 0 0 0 10 1 0 3 19 0 26 29 0 2 11 33 12 0 27 0 0 19 0 0 0 0 0 0 0 0 18 10 0 0 0 0 4 13 14 7 0 0 0 0 0 0 0 0 0 0 0 7 0 2 0 0 0 1 0 0 0 0 0 0 0 0 0 1 0 13 0 2 0 0 0 0 0 3 0 0 7 3 0 0 21 19 29 40 0 9 1 36 0 21 2 10 0 26 0 26 13 19 0 0 0 0 0 0 0 0 15 28 0 0 0 0 14 25 0 0 0 0 16 0 0 0 0 0 0 0 0 0 0 0 0 0 0 0 0 0 0 0 0 0 0 0 0 0 0 0 0 0 0 0 0 0 0 0 3 0 0 10 9 0 29 0 0 0 0 0 0 0 0 0 0 0 0 0 0 0 0 0 0 0 0 9 0 0 0 0 0 0 0 0 
 0 0 0 0 0 0 0 0 0 0 0 0 80 0 0 4 0 0 2 0 93 263 94 0 85 297 208 375 230 806 222 60 53 187 66 138 57 75 154 61 0 0 0 0 0 5 0 6 2 11 2 0 0 5 6 9 5 5 68 0 0 3 0 0 2 0 0 0 3 3 0 4 2 0 0 0 0 3 0 0 19 1 0 0 0 1 0 0 0 0 0 0 0 0 0 0 0 0 0 0 0 13 46 11 1 37 0 16 17 32 13 68 0 39 14 36 65 13 8 14 8 0 0 0 0 0 0 1 0 0 0 0 2 35 0 0 0 0 19 12 0 0 0 0 0 0 0 1 0 0 0 0 0 0 0 0 13 0 9 0 0 0 3 1 0 1 0 0 0 0 0 0 4 0 0 0 0 0 0 1 34 10 1 19 74 0 13 1 49 7 15 17 0 30 7 11 20 24 0 6 0 0 0 0 0 0 39 0 18 0 0 0 14 0 14 0 0 0 0 46 0 0 19 0 0 0 0 0 0 0 0 0 0 0 0 0 0 1 0 0 0 0 12 0 0 1 0 0 0 0 0 0 0 0 3 3 2 79 3 0 2 19 0 0 0 0 0 0 0 0 0 0 0 0 0 0 0 0 0 8 0 0 0 0 0 0 0 9 0 0 
 1 2 0 2 0 3 1 0 3 2 2 0 0 0 0 3 0 0 0 6 100 28 102 85 0 253 42 93 52 301 152 205 111 165 68 359 129 254 90 63 64 0 0 0 0 1 65 9 2 78 0 0 127 64 27 51 1 67 65 127 0 3 0 0 0 0 3 0 0 39 0 3 2 0 0 0 2 3 17 0 0 0 0 0 0 0 0 0 0 0 0 0 0 0 0 0 0 0 0 0 16 0 6 6 13 11 0 10 0 0 10 2 0 1 0 0 0 0 14 0 16 0 11 18 7 0 56 55 0 11 0 0 16 28 15 23 20 11 0 22 0 0 0 0 0 20 13 0 0 0 8 0 0 0 0 0 0 0 0 0 1 5 0 0 0 0 0 0 4 0 0 0 0 0 0 0 0 0 0 0 1 0 7 7 12 1 0 0 0 8 2 9 0 0 0 15 11 0 0 0 10 58 44 12 0 0 7 20 39 4 11 8 26 26 12 45 0 0 18 0 0 0 0 0 0 10 14 0 0 0 0 0 0 0 0 0 0 0 0 0 0 0 0 0 0 0 0 0 0 0 0 0 0 0 10 0 0 75 0 3 72 0 0 0 0 14 0 0 0 0 0 0 0 0 0 0 0 0 0 0 0 0 0 0 12 0 0 0 0 0 
 3 0 0 0 1 0 0 0 0 0 0 0 0 0 2 0 0 4 2 0 161 259 88 297 253 0 112 244 53 160 167 211 47 63 64 96 301 196 39 45 0 0 0 0 0 2 32 3 2 0 1 0 34 70 3 0 1 2 3 0 0 3 0 1 0 0 7 0 0 3 0 3 2 0 0 0 0 3 0 2 0 0 0 1 0 0 0 0 0 0 2 0 0 2 0 0 0 0 0 0 0 0 47 52 26 12 0 17 1 0 16 1 0 1 0 23 36 21 0 0 6 0 0 0 0 0 13 14 0 0 0 0 4 35 9 9 0 1 5 3 0 0 1 0 0 0 0 3 0 0 0 0 0 0 0 0 0 0 0 0 0 0 7 0 0 0 0 0 2 0 0 6 3 0 0 0 0 0 0 0 16 11 30 39 46 30 0 0 50 13 7 26 0 0 0 14 14 15 0 2 0 0 0 0 0 2 43 12 0 0 0 0 17 22 9 0 0 0 17 15 0 0 0 0 0 0 0 2 0 0 0 0 0 0 0 0 0 0 0 0 0 0 17 0 0 0 0 0 0 0 0 0 0 0 5 2 0 7 76 0 0 0 0 0 0 0 0 0 0 0 0 0 0 0 0 0 0 0 0 0 0 20 0 0 0 0 0 0 0 10 
 0 0 27 22 2 79 0 0 0 0 33 0 63 75 0 2 90 75 0 0 134 139 93 208 42 112 0 256 38 24 103 33 175 196 50 42 157 35 69 115 0 0 0 0 0 2 2 3 2 0 0 0 5 2 3 1 1 2 3 0 0 3 0 0 0 0 30 2 2 3 0 7 2 0 0 0 0 3 0 0 0 0 0 19 13 13 0 0 0 2 0 0 0 0 0 0 0 0 0 0 0 11 38 0 0 16 0 9 23 21 19 0 1 34 29 8 23 22 0 13 0 0 0 0 0 0 0 0 0 2 0 0 0 8 0 0 0 0 0 0 0 0 0 0 0 0 0 0 0 0 0 0 0 0 0 0 0 0 4 0 0 0 0 0 5 26 0 0 0 0 0 0 0 0 0 0 0 11 1 0 12 52 1 14 0 0 38 0 29 35 18 6 0 34 6 11 0 21 41 7 13 0 0 0 0 0 42 0 0 0 0 0 0 0 0 0 0 0 0 8 1 0 0 0 0 0 0 0 0 0 0 0 0 8 0 0 0 0 0 0 0 0 19 0 0 0 2 0 0 35 0 0 0 0 5 1 2 0 1 0 2 13 0 0 0 0 0 0 0 0 0 0 0 0 0 0 0 0 0 8 0 0 0 0 0 0 0 0 0 1 
 0 0 0 76 84 0 3 0 0 1 180 0 1 0 0 0 0 77 0 0 364 115 200 375 93 244 256 0 166 57 39 40 75 285 170 153 325 157 64 490 2 0 0 204 0 2 0 3 2 0 1 0 0 6 3 0 0 3 207 0 2 3 0 0 0 3 0 0 0 3 0 0 5 0 0 4 0 3 0 0 0 1 2 0 24 0 0 0 0 0 0 0 0 0 0 0 2 1 0 0 28 6 26 0 0 9 16 13 12 39 0 12 9 9 38 9 1 0 1 8 0 0 0 0 0 0 0 0 0 0 0 0 0 0 0 0 0 2 0 0 0 0 0 0 0 12 0 0 0 0 0 0 0 0 0 0 0 0 0 0 0 0 0 0 8 22 0 0 0 0 9 0 0 0 0 1 9 5 0 0 26 22 16 0 0 0 0 25 0 48 0 12 2 24 17 6 25 34 39 18 0 2 0 0 0 0 0 0 8 0 0 0 0 0 0 0 0 0 0 0 0 0 0 0 0 0 0 0 0 0 0 0 0 0 0 0 9 0 0 0 0 0 0 0 0 0 0 0 15 0 0 0 0 0 5 0 1 0 79 2 1 0 0 0 0 0 2 0 0 0 0 0 0 0 0 0 16 0 0 0 0 0 0 0 0 0 2 11 0 0 
 0 0 35 0 0 0 0 0 0 0 0 0 0 0 0 2 0 0 0 0 33 253 140 230 52 53 38 166 0 167 29 46 237 436 231 98 197 52 205 63 0 3 0 0 0 10 2 0 0 1 0 0 0 67 0 0 0 0 0 0 0 0 0 0 0 0 0 0 0 0 0 0 0 0 0 0 0 0 0 0 0 0 0 0 0 10 0 0 0 0 0 0 0 0 0 0 0 0 0 0 13 13 5 15 0 13 28 19 27 13 0 12 36 17 0 1 22 16 0 14 15 0 0 0 1 0 0 0 1 0 0 0 2 14 0 0 0 1 0 0 0 0 0 17 1 12 5 0 0 0 0 0 0 2 0 0 0 0 0 2 0 0 9 0 0 0 0 0 0 0 0 0 5 0 0 0 0 0 0 0 25 1 0 0 28 9 52 8 8 12 17 7 1 19 20 1 0 0 0 10 0 0 0 0 0 0 44 0 0 0 0 0 14 2 10 0 0 0 1 54 0 0 17 0 0 0 0 0 0 0 0 0 0 0 0 0 8 0 0 0 0 0 0 0 0 0 0 0 0 0 0 0 0 0 5 0 0 0 83 0 2 19 0 0 0 0 10 0 0 0 0 0 0 0 0 0 0 0 0 1 0 0 0 0 0 0 19 0 0 0 
 0 0 0 0 0 0 0 0 0 0 3 0 0 0 0 0 0 0 74 0 332 333 279 806 301 160 24 57 167 0 235 426 147 409 237 168 193 209 363 587 0 0 0 207 0 11 21 3 3 0 0 0 27 2 15 0 0 2 25 0 2 3 0 0 0 0 7 0 0 3 0 51 2 0 0 42 0 3 0 0 0 1 0 0 0 0 0 0 0 0 0 0 0 0 0 0 0 0 0 0 13 12 2 20 25 2 16 23 3 52 26 10 24 0 1 0 12 27 0 0 0 0 0 0 0 0 12 1 0 0 0 0 12 40 0 30 0 0 0 0 0 0 0 0 0 0 0 0 0 0 20 13 0 0 0 0 0 0 0 0 0 0 0 0 0 0 0 0 0 0 0 0 0 0 0 0 11 6 0 1 1 0 58 48 1 0 1 0 7 29 1 1 0 14 0 29 21 6 0 0 16 23 22 1 0 0 12 19 0 0 0 0 20 24 8 0 0 0 24 0 0 0 0 0 0 0 16 0 0 0 0 0 2 0 0 0 0 0 0 0 0 0 0 0 0 0 0 0 0 0 0 0 0 0 6 2 1 2 76 0 36 0 0 0 0 0 0 0 0 0 0 0 0 0 0 0 0 0 0 0 0 8 0 0 0 0 0 0 0 0 
 0 0 0 3 0 0 0 0 0 0 0 0 0 5 0 3 0 6 0 8 203 183 264 222 152 167 103 39 29 235 0 212 29 114 119 146 208 208 34 205 0 0 0 0 0 2 0 3 3 0 0 0 0 2 3 0 0 62 3 0 1 3 0 0 0 0 9 0 0 3 0 22 2 0 0 0 0 3 0 0 0 0 0 0 0 0 0 0 0 0 0 0 0 0 0 0 0 0 0 0 9 6 22 74 27 0 3 13 15 0 44 0 0 0 0 33 38 13 0 0 0 0 0 0 0 0 19 1 0 0 0 0 15 35 0 0 0 0 0 19 0 0 0 0 0 0 0 7 0 0 0 0 0 0 0 0 0 0 0 0 0 0 0 0 0 0 0 0 0 0 0 0 0 0 0 0 5 4 0 0 28 0 33 64 32 10 0 0 48 29 9 2 0 13 7 1 15 0 0 0 19 0 0 0 0 0 25 21 0 0 0 0 0 0 1 0 0 0 19 0 0 0 0 0 0 0 0 0 0 0 0 0 0 0 0 0 0 0 0 0 0 0 12 0 0 0 0 0 0 0 0 0 0 0 15 0 2 48 2 0 14 0 0 0 0 0 0 0 0 0 0 0 0 0 0 0 0 0 0 0 0 66 0 0 0 2 0 0 0 0 
 0 2 6 0 0 0 0 2 2 2 1 0 32 0 2 0 1 0 0 1 184 273 120 60 205 211 33 40 46 426 212 0 89 259 255 38 211 402 250 154 0 2 0 0 2 1 6 6 2 0 1 3 126 2 3 12 0 2 66 0 0 3 5 0 53 0 7 0 0 3 5 38 2 5 0 0 0 3 0 0 0 0 0 0 1 0 0 0 0 1 0 6 0 0 0 0 0 0 0 0 9 7 10 21 13 1 0 9 25 0 34 10 0 0 0 0 38 21 0 0 1 0 0 0 0 0 0 0 0 8 0 0 13 33 0 0 0 0 28 13 0 0 0 9 0 4 0 0 0 0 0 0 0 0 2 11 8 0 0 0 5 0 0 0 0 0 0 0 0 0 0 0 0 0 0 0 4 5 0 0 12 10 51 38 14 25 0 0 29 15 0 28 0 8 8 29 2 8 0 0 8 7 0 0 0 0 1 18 0 7 0 0 7 1 17 6 0 0 13 17 0 0 0 0 0 0 0 2 1 0 0 0 0 0 0 0 0 0 0 0 0 0 0 0 0 0 0 0 0 0 0 0 0 0 16 3 0 227 3 0 11 1 0 0 0 0 0 0 0 0 0 0 0 0 0 0 0 0 0 0 0 1 0 0 0 10 0 0 0 2 
 0 54 30 73 149 157 0 0 0 20 81 0 2 0 0 0 74 142 3 0 68 33 111 53 111 47 175 75 237 147 29 89 0 176 53 133 56 195 251 250 0 0 0 0 0 2 71 9 3 0 2 0 0 7 9 0 0 6 9 0 0 3 0 0 4 0 0 0 6 3 0 37 2 0 0 8 0 3 0 0 0 0 0 18 19 80 0 0 0 0 9 2 0 0 0 2 0 12 0 0 16 8 9 1 2 9 1 2 54 0 10 14 13 25 19 0 26 27 0 42 0 0 0 0 0 0 0 2 0 0 0 0 0 0 0 0 0 0 0 0 0 0 0 0 0 0 0 0 0 0 0 0 0 0 0 2 2 0 9 0 0 0 0 0 3 31 0 0 0 0 0 0 0 0 0 0 5 16 0 0 24 19 24 24 2 0 0 19 15 9 2 0 0 48 25 2 12 10 13 0 0 0 0 0 0 0 0 0 0 0 0 0 0 0 1 0 0 0 0 0 0 0 21 0 12 0 0 0 2 0 1 0 0 0 0 0 0 2 0 0 0 0 0 0 0 2 73 0 0 36 0 0 0 0 5 0 0 0 0 0 13 21 0 0 0 0 0 0 0 0 0 0 0 0 0 0 0 0 0 0 0 0 0 0 0 0 0 0 0 0 
 0 1 0 76 74 0 0 77 2 0 79 0 1 0 0 0 0 0 3 0 353 137 160 187 165 63 196 285 436 409 114 259 176 0 296 391 131 50 510 68 0 0 0 3 0 6 0 3 2 0 1 2 4 2 3 0 0 5 3 66 0 3 3 0 0 0 0 0 2 3 0 3 2 0 3 0 0 9 0 0 0 0 0 0 9 17 0 17 0 1 0 0 0 0 0 0 0 0 0 0 19 0 51 23 0 1 16 24 2 34 11 22 14 28 19 29 15 58 0 32 0 0 0 0 0 0 0 0 0 0 0 0 0 7 0 0 0 0 1 1 0 0 0 0 0 0 0 0 0 0 0 11 0 0 0 0 0 0 0 0 0 0 0 0 10 41 0 0 0 0 0 0 0 0 0 0 0 0 0 2 57 34 0 17 1 0 20 40 43 15 17 16 2 17 23 2 0 9 18 13 0 0 0 0 0 0 3 0 0 0 0 0 0 0 0 0 0 0 0 1 0 0 20 0 0 0 0 0 0 0 0 0 1 19 0 0 0 0 0 0 0 0 23 0 0 0 0 0 0 0 0 0 0 0 16 0 1 0 0 0 2 0 0 0 0 0 10 2 0 0 0 0 0 0 0 0 0 0 0 0 0 42 0 0 0 0 10 0 0 0 
 5 3 3 5 76 3 5 3 3 3 3 3 3 3 3 3 3 5 4 40 132 347 376 66 68 64 50 170 231 237 119 255 53 296 0 261 338 209 80 205 1 0 0 0 0 6 0 3 2 0 0 63 0 2 4 0 0 2 3 0 0 3 0 0 0 0 0 0 0 3 0 0 4 0 0 0 0 3 0 0 0 0 2 0 14 19 0 0 0 0 0 0 0 0 0 0 2 0 0 0 18 0 1 15 11 10 7 7 0 13 13 30 11 0 34 0 1 0 0 0 0 0 0 0 0 0 11 0 0 0 9 0 0 0 0 11 0 2 4 0 0 0 0 0 0 0 0 0 0 0 22 0 0 0 0 0 0 0 1 0 0 0 0 12 0 11 0 0 0 0 0 0 0 0 0 10 2 2 0 0 16 12 7 22 0 0 0 41 0 21 0 9 0 31 9 16 11 16 0 14 13 2 1 0 0 0 11 0 1 8 0 0 0 0 0 1 0 0 11 0 0 0 0 0 0 0 0 0 0 0 0 0 0 0 0 0 0 0 0 0 0 0 0 0 0 0 0 0 0 0 0 0 0 0 0 2 0 3 40 3 12 2 0 0 0 0 11 0 0 0 0 0 0 0 0 0 0 2 0 0 0 7 0 0 0 0 11 0 0 0 
 0 0 0 0 17 2 0 0 0 1 0 0 32 4 0 3 0 0 0 5 342 286 219 138 359 96 42 153 98 168 146 38 133 391 261 0 152 99 54 55 29 0 0 0 3 8 0 3 2 0 67 0 0 8 3 1 0 2 3 0 5 3 0 0 0 0 0 0 0 3 0 0 2 0 0 0 38 3 2 0 0 0 0 0 1 18 0 0 0 0 0 0 0 0 0 0 0 0 0 0 14 0 15 11 42 27 11 13 14 20 13 27 4 23 13 20 21 36 0 0 0 0 0 0 0 0 12 11 0 0 0 0 0 0 0 0 0 0 18 26 0 0 0 0 0 0 0 0 0 0 12 0 0 0 0 0 0 0 0 0 0 12 0 0 0 5 0 0 0 0 0 0 0 0 15 0 0 0 0 0 35 7 6 10 33 12 21 22 16 48 0 69 0 29 20 20 0 28 0 0 22 0 0 0 0 0 16 0 17 0 0 0 2 0 15 0 0 6 20 15 0 0 0 0 0 0 0 0 0 0 0 0 0 0 0 0 0 0 0 0 0 0 0 0 0 0 0 0 0 0 0 1 0 0 9 1 3 1 2 0 0 0 0 0 0 0 0 0 0 0 0 0 0 0 0 0 0 0 0 0 0 12 0 0 0 0 0 0 0 0 
 2 0 0 0 15 1 0 0 0 0 3 0 25 2 4 0 0 3 0 3 36 31 125 57 129 301 157 325 197 193 208 211 56 131 338 152 0 380 110 38 0 0 0 0 0 2 63 3 3 0 0 4 29 6 3 3 0 9 31 0 0 46 0 0 0 0 2 0 0 3 0 0 6 0 6 2 0 3 0 0 0 0 0 0 0 0 0 0 0 11 0 0 0 0 0 0 0 0 0 0 0 0 26 1 18 28 11 12 30 1 15 0 0 22 9 0 29 19 0 13 0 1 1 0 0 0 0 0 0 0 0 0 1 13 0 13 32 0 24 11 0 0 0 0 0 0 0 0 0 0 1 0 0 0 0 0 0 0 12 0 0 0 0 0 0 4 0 0 0 0 0 0 0 0 0 0 0 15 0 0 0 6 23 22 35 27 0 14 6 26 4 66 0 23 0 56 10 39 0 0 19 38 2 0 0 0 0 14 0 0 0 0 11 0 9 0 0 0 43 9 0 0 20 0 0 0 0 0 0 0 0 0 0 0 0 0 0 0 59 0 0 0 0 0 0 0 0 0 0 0 0 0 0 0 14 0 1 76 0 1 0 21 0 0 0 0 0 0 0 0 0 0 0 0 0 0 0 0 0 0 0 0 0 0 0 10 0 0 0 3 
 2 2 2 2 3 2 2 2 2 2 3 2 2 5 38 6 3 2 3 5 125 349 271 75 254 196 35 157 52 209 208 402 195 50 209 99 380 0 46 132 0 0 0 0 0 8 67 3 1 0 2 0 136 3 3 0 0 3 66 0 0 3 0 0 0 0 5 6 0 3 0 64 2 0 0 0 0 3 0 0 0 0 0 0 0 7 0 0 0 0 0 0 0 0 0 0 0 0 0 0 0 21 7 8 0 17 0 6 8 16 75 22 11 0 10 0 18 77 0 0 0 0 0 0 0 2 2 37 0 0 0 3 10 10 13 6 0 0 26 0 0 0 0 1 0 0 0 3 0 0 0 0 0 0 1 0 0 0 0 0 15 0 1 0 0 0 0 0 0 0 0 0 0 0 0 0 2 2 0 0 20 0 11 10 0 14 11 9 7 25 11 30 0 32 16 11 14 0 0 0 6 0 0 0 1 0 2 7 0 0 1 0 0 15 10 0 0 0 10 10 0 0 0 0 0 0 0 0 0 0 0 0 0 0 0 0 0 0 0 0 0 0 0 0 0 0 0 0 1 0 0 0 0 0 1 1 3 148 2 2 5 4 0 0 0 0 0 0 0 0 0 0 0 0 0 0 2 0 0 0 0 4 0 0 0 0 0 0 0 0 
 2 168 3 75 151 64 1 3 3 75 32 77 1 3 77 4 1 3 3 3 101 49 43 154 90 39 69 64 205 363 34 250 251 510 80 54 110 46 0 98 0 0 0 0 71 2 0 3 2 0 1 0 0 2 4 0 0 5 3 0 0 3 0 0 0 0 0 0 0 3 0 0 2 0 0 0 0 3 0 0 0 8 0 11 0 2 1 0 0 5 0 8 2 0 0 0 8 27 0 0 21 18 4 0 0 0 22 29 21 0 0 0 19 47 9 0 0 0 27 21 1 0 0 0 0 0 0 0 0 0 0 0 0 0 0 0 0 0 0 0 0 0 0 0 0 0 0 0 0 0 0 0 0 0 0 0 0 0 0 0 0 0 24 0 11 2 0 0 0 0 0 15 0 2 0 0 1 10 7 2 18 1 0 0 0 0 19 15 9 0 17 11 53 2 0 0 0 1 17 29 0 0 0 0 0 0 0 0 1 0 0 0 0 0 0 0 0 0 0 0 16 0 30 0 0 0 0 0 0 0 0 0 0 0 0 0 0 0 0 0 0 14 0 0 0 0 72 0 0 0 0 0 0 0 5 0 2 0 0 2 5 24 13 0 0 0 0 0 0 0 0 0 0 0 0 0 0 0 0 0 0 0 0 0 0 0 5 0 0 0 
 0 22 38 1 2 191 0 0 73 0 98 78 75 0 3 0 74 78 0 0 157 39 154 61 63 45 115 490 63 587 205 154 250 68 205 55 38 132 98 0 0 0 0 3 0 5 0 5 2 2 1 0 2 2 3 0 0 2 3 0 4 3 0 0 0 0 62 0 0 3 2 60 2 0 0 0 0 7 0 3 0 0 0 0 46 14 0 0 0 10 0 0 0 0 0 19 0 0 0 0 0 41 0 0 0 2 0 0 56 13 22 12 3 27 19 0 52 15 16 0 0 0 0 17 2 0 0 0 2 0 0 0 0 0 0 0 0 0 11 0 0 0 0 0 0 0 2 0 0 0 0 0 0 0 0 0 0 0 0 0 0 1 12 0 0 17 1 1 0 0 9 1 1 0 0 0 5 18 0 0 26 0 0 0 0 0 67 14 9 23 12 0 22 45 4 0 12 0 0 5 0 0 0 0 0 0 0 1 0 0 0 0 0 0 0 0 0 0 0 1 0 0 0 0 0 0 0 0 0 0 0 0 0 15 0 0 0 0 0 0 0 0 0 0 0 0 74 2 74 0 0 0 0 0 17 0 2 0 40 2 3 2 0 0 2 0 0 0 0 0 0 0 0 0 0 0 11 0 0 0 0 0 0 0 0 0 0 0 0 0 
 0 0 0 0 0 0 0 2 0 0 0 0 59 0 0 0 0 0 0 0 0 0 0 0 64 0 0 2 0 0 0 0 0 0 1 29 0 0 0 0 0 209 398 146 41 48 286 282 212 36 117 35 49 69 110 129 53 96 149 161 0 1 0 1 4 0 0 11 1 0 0 1 0 0 3 1 3 60 0 0 0 17 0 0 0 0 0 0 0 0 0 0 0 0 0 0 0 0 0 0 0 0 0 0 0 0 0 0 0 0 0 0 0 0 0 0 0 4 0 0 15 6 19 7 11 0 0 13 10 15 30 15 11 10 6 0 19 15 0 6 0 0 0 5 0 0 0 0 0 0 23 8 43 2 0 0 0 0 11 0 0 12 0 0 0 0 0 0 0 0 0 0 0 0 0 4 0 0 0 0 0 0 0 0 0 0 0 0 0 0 1 0 0 0 11 0 0 0 0 0 9 11 39 8 0 15 0 7 35 16 7 24 10 0 20 15 10 7 0 2 9 0 0 3 5 16 42 0 0 0 0 0 0 0 10 0 0 0 0 0 0 0 0 0 0 0 0 0 0 0 0 10 0 0 0 0 0 0 0 9 0 0 0 2 1 1 3 65 0 0 16 0 0 0 0 0 0 0 0 0 0 0 0 0 11 0 0 0 0 0 
 2 2 2 2 3 2 2 3 2 2 3 3 2 2 3 4 2 38 3 6 0 0 0 0 0 0 0 0 3 0 0 2 0 0 0 0 0 0 0 0 209 0 394 117 40 65 643 263 140 32 156 252 104 126 62 57 283 64 75 85 0 6 0 0 0 8 0 6 9 0 5 8 49 1 5 0 3 2 0 43 0 0 0 0 0 0 0 0 0 0 0 0 0 0 0 0 0 0 0 0 0 0 0 0 0 0 0 0 0 0 0 0 0 0 0 0 0 0 0 0 11 12 0 15 29 0 11 6 60 35 0 116 10 0 33 30 53 0 0 8 0 0 3 0 0 0 0 10 6 0 17 19 0 0 0 13 0 8 10 0 0 0 0 0 0 0 0 0 29 0 0 0 0 0 0 5 0 0 0 0 0 0 0 0 0 0 0 0 0 0 0 0 0 0 0 0 0 0 0 0 11 4 15 12 0 15 0 19 7 16 18 23 0 0 0 0 18 13 0 9 0 2 0 0 0 8 0 20 0 6 0 13 0 13 0 0 0 5 23 2 0 0 3 0 0 0 0 0 0 0 0 13 0 1 0 0 0 0 0 9 0 0 6 35 0 3 1 1 2 0 7 0 0 0 0 0 0 0 0 0 0 0 0 0 31 16 0 0 0 14 
 0 0 0 0 0 0 0 0 0 0 0 0 0 0 0 0 0 0 0 0 0 0 0 0 0 0 0 0 0 0 0 0 0 0 0 0 0 0 0 0 398 394 0 108 266 50 78 119 174 111 99 36 72 146 121 69 431 204 109 105 0 46 0 8 0 0 0 0 0 0 0 0 21 0 0 0 0 0 0 0 0 0 0 0 0 0 0 0 1 0 0 0 0 0 0 0 0 0 0 0 0 0 0 0 0 0 0 0 0 0 0 0 0 0 34 0 0 0 0 0 29 12 5 13 10 9 0 1 9 31 46 21 6 0 0 19 0 23 0 0 0 1 0 11 0 31 1 0 0 7 0 5 0 15 0 0 0 0 0 0 0 0 0 0 0 0 19 0 0 0 0 0 0 0 0 0 0 0 0 0 0 0 0 0 0 0 0 0 0 0 0 0 0 0 0 0 0 0 0 0 0 13 27 14 13 0 0 0 12 0 29 6 0 0 0 16 30 2 0 2 9 0 0 0 0 0 46 0 0 0 0 0 14 27 0 0 1 0 0 6 0 0 10 0 0 0 0 0 0 0 0 2 0 0 0 0 0 0 0 1 0 0 0 0 0 0 2 0 0 0 10 0 0 0 0 0 0 0 0 0 0 0 0 0 9 37 0 0 0 0 
 3 3 3 3 3 3 3 3 3 3 3 3 3 5 3 3 3 3 3 3 0 0 0 0 0 0 0 204 0 207 0 0 0 3 0 0 0 0 0 3 146 117 108 0 323 49 174 209 201 82 50 252 59 88 65 101 114 31 81 76 0 0 0 3 2 29 19 1 0 0 0 0 0 52 2 0 49 1 0 24 0 0 0 2 0 0 0 54 0 0 0 0 0 0 0 0 0 0 0 0 0 0 0 0 0 0 0 0 0 0 0 0 0 0 0 0 0 0 0 0 2 12 16 0 36 0 0 0 42 19 5 23 0 0 12 9 12 10 0 0 13 0 25 0 0 0 10 0 0 11 5 0 21 0 0 0 0 0 0 11 0 0 0 0 0 0 0 0 0 0 0 0 0 0 0 5 0 0 0 0 0 0 0 0 0 0 0 0 0 0 0 0 0 0 0 0 0 0 0 0 8 2 15 6 3 33 0 7 0 10 7 16 0 0 6 10 5 11 0 0 15 0 0 0 0 0 22 19 9 0 0 0 13 0 23 20 0 0 20 32 0 0 0 0 0 0 0 0 0 0 0 3 0 0 0 0 0 2 0 18 0 0 0 39 39 1 0 3 1 0 0 0 0 0 2 0 0 0 0 0 0 0 0 0 9 0 2 0 0 0 
 3 2 2 2 2 2 2 2 2 2 5 2 2 2 5 2 2 2 2 2 0 0 0 0 0 0 0 0 0 0 0 2 0 0 0 3 0 0 71 0 41 40 266 323 0 156 474 295 117 410 61 102 64 281 134 119 331 108 501 81 3 0 0 0 0 0 63 1 3 6 0 0 12 5 51 0 0 0 81 5 0 0 0 0 0 0 0 0 0 0 0 0 0 0 0 0 0 0 0 0 0 0 0 0 0 0 0 0 0 0 0 0 0 0 0 0 0 0 0 0 0 11 0 0 10 20 0 0 0 10 11 0 0 0 0 0 0 11 0 0 23 8 1 16 31 0 1 0 0 1 1 0 59 7 16 22 0 18 13 31 0 0 0 0 0 0 0 0 0 0 0 0 0 0 0 0 0 0 0 0 0 0 0 0 0 0 0 0 0 0 0 0 0 0 0 0 0 0 0 0 0 0 0 0 50 0 0 0 0 0 0 0 0 0 0 14 0 0 0 0 14 17 0 0 20 0 17 0 0 0 35 0 17 38 2 33 0 0 14 5 0 0 0 0 0 0 0 0 63 0 0 8 0 0 0 0 0 0 0 1 0 0 0 0 1 0 3 0 2 0 0 0 0 0 0 0 0 0 0 0 1 0 0 0 0 0 0 0 1 0 
 6 4 4 65 3 36 68 4 4 1 5 3 2 3 9 3 1 2 4 3 2 5 9 5 1 2 2 2 10 11 2 1 2 6 6 8 2 8 2 5 48 65 50 49 156 0 251 37 46 45 57 49 47 52 53 82 77 281 108 48 77 0 50 56 0 1 0 133 0 55 0 0 0 52 46 54 1 0 150 52 0 0 0 0 0 0 0 0 0 0 0 0 0 0 0 0 0 0 0 0 0 3 0 0 0 0 0 0 0 7 0 25 6 0 0 0 0 0 0 0 0 0 0 0 0 0 0 38 0 0 0 0 0 0 0 0 0 0 0 0 7 7 14 0 27 0 1 19 0 0 17 0 0 26 15 0 11 0 9 0 0 0 0 1 0 0 0 0 0 0 0 0 0 0 0 0 20 0 0 0 0 0 0 0 0 0 0 0 0 7 0 0 0 0 0 0 12 0 17 0 10 17 0 0 0 0 0 0 7 0 0 0 0 0 0 0 0 0 0 0 7 0 19 0 13 0 6 35 20 50 19 26 0 23 14 3 0 15 14 20 0 0 0 0 0 0 0 0 0 2 0 17 0 0 0 0 0 2 13 1 114 0 24 0 0 79 0 0 0 0 36 0 0 6 0 0 0 0 0 0 0 0 0 0 0 0 0 0 0 0 
 3 42 3 3 2 3 3 2 3 3 2 2 3 3 2 3 3 3 2 3 0 77 23 0 65 32 2 0 2 21 0 6 71 0 0 0 63 67 0 0 286 643 78 174 474 251 0 121 81 208 239 243 128 124 25 237 51 95 65 64 0 0 0 36 0 0 0 5 3 0 0 0 0 0 4 0 0 4 0 0 0 0 0 0 0 0 0 0 0 0 0 0 0 0 0 0 0 0 0 0 0 0 0 0 50 0 0 0 0 0 0 4 0 0 0 1 0 6 0 0 0 13 0 0 22 0 19 44 17 14 6 20 8 0 36 18 10 11 8 0 0 0 0 0 0 9 0 7 0 0 26 5 13 0 0 0 22 0 0 0 0 0 0 0 0 0 9 0 0 0 0 6 0 0 0 3 0 0 0 0 0 0 0 12 15 11 0 0 0 0 1 0 0 0 0 0 2 0 0 0 0 26 22 0 0 24 56 3 0 8 2 13 1 33 10 11 16 31 11 0 0 0 0 0 0 0 0 0 0 0 0 0 0 0 0 0 0 0 0 0 0 0 0 0 0 0 0 0 0 0 0 0 0 0 0 0 0 2 0 12 0 0 2 65 0 0 2 5 2 0 0 0 0 0 0 6 0 3 0 0 0 36 0 0 0 1 0 0 0 0 
 0 0 0 0 0 0 34 0 0 0 1 0 15 2 5 0 0 0 0 0 3 3 3 6 9 3 3 3 0 3 3 6 9 3 3 3 3 3 3 5 282 263 119 209 295 37 121 0 163 95 67 100 180 166 257 167 192 102 392 319 0 0 0 0 0 0 0 13 0 3 0 0 0 1 0 1 0 24 2 0 0 0 0 0 0 0 0 0 0 0 0 0 0 0 0 0 0 0 0 0 0 0 0 0 1 0 0 0 0 0 0 0 0 0 0 0 0 0 0 0 40 14 19 15 34 6 43 22 8 1 12 20 6 13 32 11 33 39 13 8 0 0 0 0 0 1 9 19 0 4 0 0 37 6 0 0 0 0 4 0 21 0 0 0 0 0 0 9 0 0 0 0 0 0 0 7 0 0 0 0 0 0 0 0 0 0 0 0 0 0 8 0 0 0 0 0 6 0 0 0 29 0 20 0 1 38 0 20 40 12 9 29 16 0 16 37 12 0 0 0 3 0 0 0 0 10 6 0 0 20 0 0 10 0 4 0 0 0 1 16 0 0 0 0 0 0 0 0 0 0 0 7 0 2 0 0 0 0 0 15 0 0 68 65 0 15 0 1 2 0 13 0 0 0 0 0 0 0 0 0 0 0 0 0 40 0 0 14 0 0 
 1 2 0 0 0 0 3 8 3 0 0 2 0 65 0 5 0 0 0 0 2 3 2 2 2 2 2 2 0 3 3 2 3 2 2 2 3 1 2 2 212 140 174 201 117 46 81 163 0 178 46 281 71 653 140 173 119 413 126 132 0 0 0 0 0 0 0 0 0 0 0 0 0 0 0 207 1 1 0 0 0 0 3 0 4 0 2 0 0 8 0 3 0 5 3 0 0 0 0 0 0 0 0 0 0 0 0 0 0 0 0 0 0 0 0 0 0 0 0 1 14 21 29 11 25 33 0 0 10 31 12 12 0 0 15 0 0 25 0 0 0 0 0 0 0 1 21 0 0 4 0 0 1 14 0 0 32 1 0 0 0 5 0 0 0 3 0 0 5 0 5 4 0 0 2 10 0 0 0 0 0 0 0 0 0 0 0 0 0 0 0 0 0 0 0 0 0 0 8 0 0 0 22 0 25 32 0 11 19 6 0 27 0 0 19 17 25 12 0 0 22 0 0 0 0 0 8 0 0 16 0 0 8 5 8 0 0 0 0 23 0 0 0 0 0 0 0 0 0 0 0 8 0 1 0 0 0 0 0 9 0 0 2 65 0 1 2 0 0 0 13 0 0 0 0 0 0 0 0 0 0 0 0 0 20 0 0 0 2 0 
 0 0 0 0 0 2 1 0 4 0 2 7 0 5 4 0 0 0 0 0 0 0 0 11 78 0 0 0 1 0 0 0 0 0 0 0 0 0 0 2 36 32 111 82 410 45 208 95 178 0 218 97 73 60 222 391 160 131 326 486 0 0 0 0 3 0 6 0 3 0 0 3 2 1 0 2 55 0 0 1 0 0 1 2 4 0 16 0 0 4 0 31 0 5 0 0 3 0 0 0 0 0 0 0 0 0 0 0 0 0 0 0 0 3 0 0 0 0 2 0 0 12 24 4 26 8 0 14 16 34 0 12 0 0 0 24 21 14 0 8 10 4 0 0 0 0 32 10 4 20 0 0 17 2 0 0 0 0 0 24 0 5 2 0 4 5 0 0 10 0 8 2 1 0 0 9 0 0 9 0 0 0 0 0 0 0 0 2 0 0 0 0 3 0 0 0 0 0 0 0 3 23 0 0 42 22 0 10 0 0 6 11 0 0 0 23 0 0 0 0 15 0 0 0 0 4 21 0 46 8 0 0 1 1 0 11 0 0 11 36 0 3 0 0 0 0 0 0 0 0 0 2 0 0 0 0 0 0 0 2 0 0 64 2 5 13 0 0 0 0 0 0 0 0 0 0 0 0 0 0 0 4 0 0 0 0 0 0 1 0 
 3 0 0 0 0 0 0 0 0 0 2 0 0 0 3 0 0 0 0 0 1 0 1 2 0 1 0 1 0 0 0 1 2 1 0 67 0 2 1 1 117 156 99 50 61 57 239 67 46 218 0 47 46 35 41 329 236 113 34 125 6 0 0 0 0 1 1 0 0 0 0 0 68 11 0 3 0 0 51 0 0 0 0 0 0 0 0 8 0 0 10 0 0 0 9 0 0 0 0 0 0 0 0 0 0 0 0 0 0 0 0 0 0 0 2 0 0 0 0 0 28 0 0 0 0 7 2 0 1 0 3 7 0 0 0 0 21 0 0 9 4 41 4 0 0 0 7 18 3 8 2 0 8 3 3 0 21 20 49 0 0 19 0 0 0 0 7 0 0 0 0 16 0 0 0 0 0 0 0 0 0 0 0 0 0 0 0 0 0 0 0 0 0 0 0 0 0 0 0 0 9 0 0 13 20 0 0 3 10 1 35 12 0 0 0 0 14 16 0 0 0 0 21 0 0 5 0 0 21 0 11 0 9 28 10 7 7 0 26 12 0 0 0 0 0 0 0 0 0 0 0 6 0 1 0 0 0 0 0 0 0 0 72 0 0 0 3 0 0 0 0 0 0 0 0 0 0 0 0 0 0 3 6 0 0 0 0 0 2 0 
 6 3 3 5 3 4 3 3 3 3 2 4 3 3 69 3 3 3 3 3 1 0 0 0 0 0 0 0 0 0 0 3 0 2 63 0 4 0 0 0 35 252 36 252 102 49 243 100 281 97 47 0 22 35 37 102 134 41 235 245 0 0 54 0 0 65 100 52 0 0 0 0 0 19 1 0 0 1 0 70 0 0 0 0 0 0 0 0 0 0 0 0 0 0 0 0 0 0 0 0 0 0 0 0 0 8 0 0 0 0 0 0 0 0 0 0 0 0 0 0 0 0 11 0 4 9 0 0 10 0 12 0 0 0 0 0 0 1 0 0 0 0 11 1 12 0 32 25 0 0 3 0 18 1 0 0 14 0 10 11 0 0 0 0 0 0 0 0 0 0 0 0 0 0 0 0 0 0 0 0 0 0 0 0 0 0 0 1 26 0 0 0 0 0 0 0 0 0 0 0 0 0 0 0 11 0 0 0 0 0 0 11 0 0 14 1 0 1 0 0 10 7 0 0 0 0 23 19 11 9 0 0 17 0 42 2 0 16 32 13 0 0 0 0 0 1 0 0 0 0 0 2 0 0 0 0 0 0 0 13 0 0 0 0 67 1 0 0 2 0 0 0 0 0 0 0 0 0 0 0 0 0 0 0 0 0 0 0 0 0 
 0 0 0 0 0 0 0 0 0 0 0 0 0 0 0 0 0 0 0 0 0 70 48 0 127 34 5 0 0 27 0 126 0 4 0 0 29 136 0 2 49 104 72 59 64 47 128 180 71 73 46 22 0 52 105 105 28 36 217 147 0 0 2 6 55 1 6 0 0 0 0 3 1 0 1 0 0 0 0 2 0 0 0 0 0 0 0 0 0 0 0 0 0 0 0 0 0 0 0 0 0 0 0 0 20 1 0 0 0 0 5 0 0 0 17 0 0 4 0 0 18 0 11 42 0 0 25 31 18 0 0 0 0 30 23 14 4 14 14 39 0 0 0 0 0 9 0 7 0 0 0 6 0 0 0 0 0 0 0 0 0 2 0 0 0 0 0 0 0 0 0 0 0 0 0 3 0 0 0 0 0 0 18 26 1 12 0 0 0 15 43 0 0 0 0 19 9 1 0 0 12 13 0 3 0 0 24 38 10 12 12 7 33 17 0 4 0 0 17 0 0 0 0 0 0 36 0 0 0 0 0 0 0 0 0 0 0 0 0 0 0 0 0 0 0 0 0 0 0 0 0 7 0 0 0 0 0 2 0 0 0 0 0 1 0 7 0 0 0 0 0 0 0 0 0 0 0 0 0 0 0 16 0 0 4 0 0 11 0 0 
 2 0 0 0 0 0 0 0 0 0 2 0 0 0 0 0 0 5 0 2 2 2 2 5 64 70 2 6 67 2 2 2 7 2 2 8 6 3 2 2 69 126 146 88 281 52 124 166 653 60 35 35 52 0 389 97 31 391 177 372 0 0 13 0 0 0 4 6 0 33 0 5 0 0 6 0 3 1 0 6 0 0 0 0 0 0 0 0 0 0 0 0 0 0 0 0 0 0 0 0 26 0 0 12 16 14 0 0 0 0 0 0 0 0 0 0 0 0 0 0 26 13 16 5 0 13 16 10 16 10 22 10 34 24 0 10 0 11 0 2 1 0 3 0 4 0 8 0 0 10 3 0 1 2 0 3 0 0 17 4 0 0 6 0 0 0 0 0 14 0 0 0 0 0 0 0 0 0 0 0 0 0 0 0 0 2 0 0 0 0 0 0 0 0 0 0 0 0 0 0 0 30 7 1 0 0 28 0 8 6 45 9 7 3 4 9 59 21 15 16 10 4 0 0 0 0 0 0 0 4 0 3 0 13 0 0 0 0 0 0 0 0 10 0 0 0 0 0 0 0 0 0 0 0 0 0 0 0 32 0 0 0 1 0 0 2 1 66 0 0 12 0 0 0 0 4 0 0 0 0 0 0 0 0 10 22 0 0 0 0 
 62 63 0 0 0 0 59 65 2 0 0 1 0 1 1 25 0 0 0 0 3 3 3 6 27 3 3 3 0 15 3 3 9 3 4 3 3 3 4 3 110 62 121 65 134 53 25 257 140 222 41 37 105 389 0 178 106 236 98 225 0 0 0 0 0 0 0 0 0 0 0 0 0 0 0 0 0 0 0 0 0 0 10 0 10 0 0 0 7 10 0 11 0 7 4 0 0 0 0 0 0 0 0 0 9 0 0 0 0 9 0 0 0 0 0 0 0 0 0 0 0 51 30 32 0 66 11 15 0 31 0 18 0 0 8 9 20 48 0 4 0 8 0 0 0 0 0 0 6 15 0 0 8 0 0 0 0 0 0 0 0 10 0 0 0 1 0 0 3 0 0 0 0 0 6 10 0 0 0 0 0 0 0 0 0 1 0 0 0 0 0 0 0 0 0 0 0 0 0 0 54 20 12 10 17 16 11 0 18 13 33 0 10 27 1 32 18 10 0 0 3 0 0 0 0 24 0 0 0 0 0 0 8 20 0 0 0 0 0 19 0 0 0 0 0 0 0 0 0 0 0 64 35 0 0 0 0 0 0 0 0 0 65 1 0 17 1 0 0 0 0 0 0 0 0 0 0 0 0 0 0 0 0 0 0 0 0 0 0 0 
 0 0 0 0 0 0 0 0 0 0 0 0 0 0 0 3 0 0 0 4 1 0 0 9 51 0 1 0 0 0 0 12 0 0 0 1 3 0 0 0 129 57 69 101 119 82 237 167 173 391 329 102 105 97 178 0 295 182 59 211 0 51 0 0 2 0 0 12 3 0 0 4 0 0 1 0 0 3 0 3 0 0 0 0 0 0 0 0 0 0 0 0 0 0 11 0 0 0 0 0 0 0 0 3 2 0 0 0 2 0 0 0 0 0 0 4 0 0 0 0 10 15 33 9 31 31 11 17 0 7 10 1 0 0 0 17 23 34 4 9 0 0 0 10 0 0 20 1 0 9 0 0 0 3 0 0 0 1 0 3 0 4 0 1 0 0 4 0 4 0 0 0 0 0 0 0 0 0 0 0 0 0 15 0 3 1 7 0 0 0 0 0 0 0 0 3 0 4 0 0 13 32 34 10 56 2 0 0 31 1 10 16 0 17 14 32 7 0 6 0 18 0 0 0 0 9 29 0 0 44 0 0 7 11 9 0 0 0 2 18 0 0 0 0 0 0 0 0 0 0 0 13 0 1 0 0 0 0 0 2 0 0 0 16 0 15 1 0 1 0 11 0 0 0 0 0 0 0 0 0 0 6 0 0 8 0 0 0 2 0 
 3 0 0 0 0 0 0 0 0 0 0 0 0 3 3 0 0 0 0 0 0 0 0 5 1 1 1 0 0 0 0 0 0 0 0 0 0 0 0 0 53 283 431 114 331 77 51 192 119 160 236 134 28 31 106 295 0 73 115 543 0 0 0 0 0 0 0 0 0 0 0 0 59 0 1 0 50 0 0 0 0 0 0 0 0 0 0 0 0 13 0 0 0 0 0 0 0 0 0 0 0 0 0 0 0 0 0 0 0 0 0 0 0 0 0 0 0 0 0 0 0 12 29 0 25 29 0 1 0 11 10 11 0 0 0 0 0 28 0 0 10 0 0 0 0 0 32 8 0 15 0 15 25 2 0 0 12 1 0 10 0 0 0 0 0 0 5 0 0 0 0 18 0 0 0 0 0 0 0 0 0 0 0 0 0 0 0 0 0 0 0 0 0 0 0 0 0 0 0 0 0 0 0 0 11 21 0 0 0 0 0 36 0 0 16 0 18 6 0 0 20 0 0 0 0 0 14 0 0 17 0 0 33 1 12 0 9 0 3 24 0 0 0 0 0 0 0 0 0 0 0 4 0 2 0 0 0 1 0 1 0 0 0 0 2 3 1 0 0 0 10 0 0 0 0 0 0 0 0 0 0 3 0 0 14 0 0 0 1 0 
 4 0 0 7 0 1 0 0 3 1 0 2 0 6 25 0 0 2 0 0 2 2 2 5 67 2 2 3 0 2 62 2 6 5 2 2 9 3 5 2 96 64 204 31 108 281 95 102 413 131 113 41 36 391 236 182 73 0 61 94 0 0 0 0 2 0 0 9 3 0 0 3 0 4 3 0 1 7 0 0 15 0 0 9 0 0 3 0 0 0 0 0 0 1 0 0 9 6 0 0 0 0 0 0 0 0 0 0 0 0 0 0 0 13 0 0 0 0 21 0 0 20 37 37 0 9 0 18 28 20 13 15 0 0 0 11 14 52 0 12 0 22 0 0 0 0 0 0 4 0 0 0 35 0 0 0 0 0 0 0 0 2 10 0 12 8 0 0 9 0 8 7 0 0 0 3 0 8 0 0 0 1 0 0 0 1 0 4 0 0 0 0 6 0 0 0 0 0 0 1 11 15 0 2 10 26 0 11 1 0 38 0 0 1 7 30 49 9 0 0 11 0 0 0 0 20 2 0 0 0 0 0 0 13 0 0 0 0 0 13 0 9 0 0 0 2 0 0 0 0 0 61 0 1 0 0 0 0 0 2 0 1 12 0 5 6 0 33 0 0 0 0 0 0 0 0 0 0 0 0 0 0 0 0 0 0 0 0 2 0 
 0 0 0 0 0 0 0 0 0 0 0 0 0 0 2 2 0 0 0 0 65 67 33 68 65 3 3 207 0 25 3 66 9 3 3 3 31 66 3 3 149 75 109 81 501 108 65 392 126 326 34 235 217 177 98 59 115 61 0 413 0 19 0 0 5 0 9 0 2 0 0 19 0 0 2 4 2 4 199 0 0 0 0 0 0 0 0 0 0 0 0 0 0 0 0 0 1 0 0 0 0 0 0 0 0 11 0 0 0 0 3 20 0 0 0 2 0 0 0 0 10 1 0 0 0 0 9 7 7 0 14 1 0 28 10 0 0 11 9 0 0 0 0 31 0 0 0 0 2 11 0 0 0 3 0 0 0 0 1 0 0 0 0 6 0 9 0 0 0 0 0 0 21 0 0 0 1 1 0 0 0 0 22 24 21 0 0 0 1 13 16 0 0 0 0 19 39 0 0 0 0 0 26 1 0 0 6 27 14 10 0 6 45 0 1 0 7 0 7 0 0 0 0 4 3 6 0 0 0 0 0 0 7 0 0 0 0 0 0 0 0 0 0 0 0 0 0 0 0 0 0 13 0 0 0 0 0 0 0 0 0 0 0 0 0 4 2 0 2 0 13 0 0 0 10 0 0 0 0 0 0 0 0 0 17 0 0 7 1 0 
 3 3 3 5 3 3 3 43 3 5 4 3 18 3 3 5 3 3 3 3 0 2 0 0 127 0 0 0 0 0 0 0 0 66 0 0 0 0 0 0 161 85 105 76 81 48 64 319 132 486 125 245 147 372 225 211 543 94 413 0 0 0 0 0 0 0 0 0 0 0 0 0 0 0 0 0 0 0 0 0 0 0 0 0 0 0 0 0 0 0 0 0 0 0 0 0 0 0 0 0 0 0 0 0 11 0 0 0 0 0 0 16 0 0 0 0 0 0 0 0 18 21 15 3 0 0 34 30 22 0 30 16 0 19 21 4 39 14 2 14 1 0 0 0 0 0 0 0 0 0 0 19 0 5 0 0 0 0 10 0 0 12 0 0 0 0 0 0 0 0 0 0 0 0 0 10 0 0 0 0 0 0 0 0 0 0 0 0 0 0 0 0 0 0 0 0 0 0 15 0 51 37 15 29 0 3 10 0 56 28 2 7 22 19 0 20 15 0 0 0 0 0 0 0 0 3 0 0 0 0 0 0 0 17 0 0 0 0 0 0 0 0 0 0 0 0 0 0 0 0 0 6 0 2 0 0 0 0 0 2 0 0 2 2 2 21 0 0 0 0 26 0 0 0 0 0 0 0 0 0 0 0 0 0 38 0 0 2 0 0 
 3 0 0 0 0 0 0 10 2 0 0 0 0 4 6 0 0 2 5 3 0 0 0 0 0 0 0 2 0 2 1 0 0 0 0 5 0 0 0 4 0 0 0 0 3 77 0 0 0 0 6 0 0 0 0 0 0 0 0 0 0 81 54 77 76 29 137 89 165 95 38 111 177 168 97 41 25 17 95 82 0 0 30 0 0 0 0 0 0 0 0 0 5 9 7 24 0 0 5 0 0 0 0 0 0 0 0 0 0 0 0 0 0 0 0 0 0 0 0 0 0 0 0 0 0 14 0 0 0 0 18 0 0 0 0 0 0 0 0 0 6 16 45 8 3 0 4 0 0 25 2 8 33 19 25 0 0 0 14 0 4 0 0 0 9 0 0 0 1 1 0 0 4 0 0 0 0 0 0 3 0 0 0 0 0 0 0 0 0 0 0 0 0 0 0 0 0 0 0 0 0 0 0 0 15 0 0 0 0 0 0 0 0 0 0 0 0 0 0 0 0 8 30 6 14 28 4 19 61 27 26 0 0 21 25 10 23 13 1 51 0 0 0 0 0 0 0 0 0 0 0 0 6 29 0 0 0 0 0 0 0 0 0 0 0 0 0 1 0 0 12 0 0 19 0 0 0 0 0 0 0 0 9 0 0 2 0 0 0 0 
