 0 279 164 35 46 31 298 109 107 306 44 28 158 344 149 132 150 36 154 138 0 0 0 0 0 3 0 0 0 0 0 2 4 0 0 0 0 0 0 0 0 2 0 0 0 0 0 0 0 0 0 0 2 0 0 0 0 0 64 0 49 0 3 0 0 0 0 0 3 0 1 0 0 0 2 0 2 0 3 0 54 2 34 1 1 0 19 48 17 6 20 11 26 0 13 27 12 10 21 14 0 0 0 0 0 0 0 0 0 0 0 0 10 0 0 0 0 0 26 0 1 0 0 0 0 0 0 0 0 0 0 0 0 0 2 0 0 0 0 0 0 0 0 0 0 0 0 0 0 0 0 0 0 0 0 0 1 1 1 0 0 11 60 35 36 0 4 16 46 15 0 0 0 13 0 3 1 0 10 14 0 0 0 0 2 0 0 0 0 0 0 0 0 23 0 0 0 0 0 0 2 0 0 0 0 0 0 0 0 0 0 0 0 0 0 0 0 2 0 0 2 0 0 0 0 0 0 0 0 0 0 0 0 0 0 0 0 0 0 0 0 0 0 0 0 0 89 1 5 0 0 0 14 0 0 0 0 0 0 0 0 0 5 0 0 0 0 0 0 0 0 0 0 1 0 0 0 0 0 0 0 0 0 0 0 0 0 0 0 0 
 279 0 523 170 135 37 78 202 113 270 179 251 130 323 493 102 138 137 143 33 1 2 1 1 2 4 75 2 2 2 4 0 3 0 5 5 2 1 1 0 2 3 2 2 5 0 2 2 3 2 1 1 2 2 2 4 0 0 5 0 3 2 8 2 0 2 9 3 4 3 2 0 0 4 2 0 3 0 5 1 13 10 19 0 0 0 1 22 28 25 0 7 14 9 13 52 20 11 12 0 0 0 0 0 0 0 23 2 0 0 0 0 17 0 0 0 2 0 0 0 0 0 0 35 0 0 13 0 0 0 0 1 17 0 0 0 0 0 0 0 0 1 0 0 0 0 1 0 0 0 0 0 0 0 0 0 3 0 0 2 1 0 19 8 2 14 29 1 13 25 14 11 9 0 10 10 12 41 16 20 0 0 0 0 0 0 0 0 0 0 0 0 0 8 0 0 0 0 0 1 0 0 0 0 0 0 0 2 0 0 0 0 0 0 0 0 0 0 0 0 0 0 0 0 0 0 0 0 0 0 0 0 0 11 0 0 0 10 0 0 0 0 0 0 0 0 5 2 4 6 2 7 0 0 0 0 0 0 2 0 0 0 0 1 0 0 0 0 0 0 0 0 2 0 2 0 0 21 0 0 0 0 0 0 0 0 0 0 0 0 
 164 523 0 212 99 255 209 123 165 258 132 44 51 234 157 383 136 39 257 47 0 0 0 0 0 3 0 0 0 0 0 0 79 0 0 0 0 0 0 0 0 3 2 0 0 0 0 0 0 2 0 0 2 0 0 0 0 0 4 0 0 0 0 0 0 2 0 0 28 0 1 0 0 0 2 0 0 0 2 0 8 11 2 12 1 0 16 0 21 39 0 39 0 15 23 0 1 1 0 42 0 0 1 0 0 0 17 0 0 0 0 0 18 0 0 0 0 0 40 1 0 0 0 2 0 0 1 0 0 0 0 0 0 0 0 2 0 0 0 0 0 0 0 0 0 0 0 0 1 0 0 0 0 0 1 0 1 0 0 0 1 9 11 37 39 22 37 36 10 23 27 11 0 0 10 1 11 1 0 0 0 0 0 0 0 0 0 2 0 0 0 0 0 22 0 0 0 0 0 2 0 0 0 0 0 0 0 0 0 0 0 0 0 1 0 0 0 0 0 0 0 0 0 0 0 2 0 0 0 0 0 10 0 0 0 0 0 2 1 0 0 0 0 0 0 2 58 0 93 179 1 4 0 0 0 0 0 0 0 0 0 0 10 0 0 0 0 0 0 0 0 0 0 0 0 19 0 0 0 0 0 0 0 0 0 0 0 0 0 0 
 35 170 212 0 197 308 55 154 74 95 222 130 59 60 54 42 168 54 60 52 0 0 0 0 0 2 3 2 0 0 0 3 78 79 77 0 0 0 76 78 0 4 0 0 0 0 0 0 0 0 0 0 4 0 0 0 0 0 0 0 2 0 1 0 0 0 0 0 2 0 3 0 0 0 2 0 1 0 3 5 0 15 20 26 17 6 0 14 21 0 0 13 0 0 10 10 9 51 1 55 0 13 0 0 0 0 11 16 9 0 0 0 0 16 9 1 0 35 19 34 0 0 0 0 0 0 0 8 0 0 0 0 0 0 0 0 0 0 0 2 0 0 0 0 0 0 0 0 0 0 0 0 0 0 0 0 0 0 0 0 10 0 0 0 14 25 0 0 1 20 1 13 16 0 7 10 7 13 2 0 9 0 0 18 0 0 14 10 0 0 0 0 36 0 0 10 12 1 35 11 0 0 0 0 0 0 0 0 0 0 0 0 0 0 0 0 2 0 0 0 0 0 0 2 0 0 0 0 0 0 0 0 0 0 0 0 0 0 0 0 0 10 0 0 0 2 92 1 1 7 0 4 0 2 0 0 1 0 0 0 0 0 0 0 0 0 0 0 0 0 0 0 0 0 0 14 0 2 0 0 0 0 0 0 0 0 0 0 0 0 
 46 135 99 197 0 200 130 168 206 99 387 206 292 367 174 295 49 60 79 91 45 0 105 0 0 2 2 75 0 0 0 0 105 0 24 0 68 75 80 100 0 7 1 0 0 0 0 0 0 0 0 1 2 0 0 0 2 1 0 0 3 1 10 0 0 0 0 0 3 0 2 1 0 0 2 0 2 0 3 0 1 0 14 15 33 10 0 0 10 18 12 0 0 0 23 0 1 16 0 15 17 22 28 2 0 0 54 17 0 0 0 1 9 40 0 15 0 15 0 9 0 0 0 0 0 0 0 0 0 0 0 0 0 0 0 0 0 0 0 0 0 0 0 0 0 0 0 0 0 0 0 0 0 0 0 1 1 0 0 0 1 0 0 15 2 1 2 15 0 10 13 4 9 12 10 0 10 0 0 6 14 29 11 22 0 0 22 31 34 0 36 0 11 0 0 10 11 25 33 1 0 0 0 0 0 0 0 0 0 0 0 19 0 0 0 3 0 0 0 0 0 0 0 0 0 0 0 0 0 0 0 0 0 0 1 15 0 0 3 0 0 11 10 0 0 2 9 0 92 90 0 4 0 0 0 0 0 0 79 0 0 0 0 0 0 0 0 0 0 0 0 0 0 0 0 32 8 1 0 0 0 0 0 0 0 0 0 0 0 0 
 31 37 255 308 200 0 243 98 42 80 487 215 32 44 29 80 109 157 32 45 80 27 0 0 0 2 74 0 100 0 0 1 101 113 74 0 0 0 76 166 0 11 0 0 0 0 0 0 0 0 0 0 2 0 0 0 0 0 1 0 2 0 1 0 0 0 0 39 2 0 0 0 0 0 6 0 1 0 3 0 0 7 0 0 6 1 0 0 0 0 0 18 0 0 0 0 11 12 0 1 26 25 11 9 0 0 21 70 40 0 5 0 0 22 13 0 0 25 30 51 0 0 0 0 0 0 0 0 0 0 0 0 0 0 10 0 0 0 0 0 0 0 0 0 0 0 0 0 0 0 0 0 0 0 0 0 7 0 0 0 0 0 1 0 0 0 0 0 0 14 6 36 0 0 0 8 12 14 0 0 24 18 12 35 1 0 26 2 0 0 0 0 28 1 16 20 19 0 33 10 0 0 0 0 0 0 0 0 0 0 0 0 0 0 0 0 0 0 0 0 0 0 0 0 0 0 0 0 0 0 0 0 0 0 0 0 0 0 0 0 0 1 0 0 0 5 2 1 1 4 0 0 11 0 12 0 0 0 0 0 0 0 0 0 0 0 0 0 0 0 0 0 0 0 0 10 0 10 0 0 0 0 0 0 0 0 0 0 0 0 
 298 78 209 55 130 243 0 447 129 110 453 12 249 45 144 53 250 48 54 140 0 0 0 0 2 3 1 0 0 1 0 1 36 0 0 0 1 0 0 0 0 3 0 0 0 0 0 0 0 0 0 0 2 0 0 0 0 0 0 0 0 0 0 36 0 0 0 0 0 0 1 0 0 0 2 0 1 0 2 0 0 24 12 55 23 0 54 1 1 0 18 9 37 8 11 10 8 7 0 11 0 0 0 0 0 0 0 0 5 0 0 0 1 0 0 0 0 0 0 0 0 0 0 0 0 0 0 0 0 0 0 0 0 0 0 0 0 0 0 0 0 13 5 0 0 0 0 0 0 0 0 2 0 10 0 0 0 0 0 0 9 13 0 0 1 0 1 0 0 18 15 9 1 13 13 29 8 0 11 9 0 0 0 0 0 0 0 0 0 0 0 0 0 0 0 0 0 0 0 0 0 0 0 0 0 0 0 0 0 0 0 0 0 0 0 0 0 0 0 0 0 0 0 7 0 0 0 0 0 0 0 0 0 0 0 0 0 0 0 0 0 0 0 0 0 0 0 2 45 2 0 2 0 0 2 0 0 0 0 0 0 0 0 0 0 0 0 0 0 0 0 0 0 0 0 0 8 0 0 0 0 0 0 0 0 0 0 0 0 0 
 109 202 123 154 168 98 447 0 231 154 51 54 510 105 170 123 232 114 230 56 0 0 0 0 0 2 0 0 0 0 0 0 2 0 0 0 63 0 0 0 0 3 0 0 0 0 0 0 0 66 0 0 2 0 0 0 0 0 0 0 52 0 0 0 0 0 0 0 1 0 0 0 0 0 2 0 0 0 3 0 26 37 3 25 18 0 0 10 0 3 27 0 38 0 20 27 12 22 16 0 0 0 0 0 0 0 0 0 0 0 0 0 1 22 0 0 0 0 1 0 1 0 0 0 0 0 0 0 0 0 0 0 0 0 2 0 0 0 0 0 0 11 7 0 0 0 0 0 0 0 0 5 0 24 0 0 0 0 0 0 17 13 1 20 73 0 0 12 0 7 0 0 17 19 19 0 16 30 0 16 0 0 0 0 2 0 0 0 0 0 0 0 0 0 0 0 0 0 0 0 2 0 0 0 0 2 0 0 0 0 0 0 0 0 0 0 0 2 0 0 2 0 0 0 0 0 0 0 0 0 0 0 0 0 0 1 0 0 15 0 0 0 0 0 0 3 0 1 3 2 10 11 0 0 0 0 0 0 0 0 0 0 0 0 0 0 0 0 0 0 0 0 0 1 0 1 10 0 0 0 0 0 0 0 0 0 0 0 0 0 
 107 113 165 74 206 42 129 231 0 433 44 110 186 109 176 46 43 119 280 73 0 0 92 0 0 2 75 2 0 0 0 0 76 0 2 0 0 94 93 75 0 3 0 0 0 0 0 0 0 0 0 0 2 0 0 0 0 0 0 0 1 0 0 0 0 0 0 0 1 0 0 0 0 0 2 49 0 0 3 0 26 11 53 29 14 0 0 61 2 22 44 0 0 0 12 11 26 17 11 8 0 0 0 0 0 0 0 0 0 0 0 0 1 14 0 0 0 0 23 0 0 0 0 0 0 0 14 0 0 0 0 0 0 0 0 0 0 0 0 0 0 2 1 0 0 0 0 0 0 0 0 3 0 4 0 0 9 0 0 0 0 9 7 75 63 13 1 31 14 0 11 0 0 15 15 12 14 0 0 20 10 0 0 1 0 0 0 0 0 0 0 0 0 0 1 0 0 0 0 11 0 0 0 0 0 0 0 0 0 0 0 0 0 0 1 0 0 0 0 0 0 0 0 0 0 0 0 0 0 0 0 0 0 0 0 0 0 0 0 0 0 0 0 0 0 0 89 0 1 87 11 1 0 2 0 0 0 0 2 0 0 0 9 0 0 0 0 0 0 0 0 0 0 0 0 12 6 0 0 0 0 0 0 0 0 0 0 0 0 0 
 306 270 258 95 99 80 110 154 433 0 177 193 68 255 209 132 78 206 72 84 0 1 3 6 6 76 80 0 0 4 6 4 4 1 75 0 4 3 0 40 0 5 3 0 0 0 3 2 0 2 0 2 4 0 0 0 0 7 1 0 0 0 48 0 0 4 2 0 0 0 0 4 0 0 2 0 1 5 2 0 16 18 28 30 8 0 0 17 0 25 67 8 0 11 9 1 0 16 14 16 0 1 0 15 0 0 0 0 0 0 0 0 8 0 23 20 0 2 13 0 0 0 0 0 0 0 17 0 0 0 0 0 0 0 0 0 0 0 9 0 0 0 0 0 0 0 0 0 0 0 0 0 0 13 0 0 7 0 0 0 0 10 3 35 22 37 52 43 12 1 27 10 0 10 2 6 24 14 0 11 4 0 0 0 0 16 0 0 0 0 0 0 1 25 23 22 0 1 0 24 0 0 0 0 0 0 0 0 1 0 0 0 0 0 0 0 6 0 0 0 0 2 0 1 0 0 0 0 0 0 0 0 0 0 0 0 0 0 0 0 0 0 0 0 1 3 14 0 100 5 0 0 0 0 0 0 0 17 0 0 2 0 7 0 0 0 0 0 0 0 0 0 0 0 0 0 8 11 0 0 0 0 0 0 0 0 0 0 0 0 
 44 179 132 222 387 487 453 51 44 177 0 96 47 35 86 90 290 373 324 35 0 0 0 0 0 2 0 0 0 1 0 0 3 60 76 0 0 0 83 164 0 4 0 0 0 0 0 0 0 0 0 0 10 43 0 0 0 0 0 0 1 0 0 0 0 0 0 0 1 0 0 0 0 0 2 0 0 0 3 0 0 0 2 14 26 11 0 6 31 1 4 22 0 1 11 0 0 24 0 0 0 3 0 0 0 9 30 20 21 0 0 0 34 0 0 17 0 0 0 0 0 0 0 0 0 0 0 0 0 0 0 0 0 0 0 0 0 0 0 2 0 0 2 0 0 1 36 0 0 0 0 0 0 0 0 0 3 0 24 0 0 0 10 0 0 11 0 0 0 53 0 4 0 0 39 32 9 37 0 7 1 0 0 1 0 21 2 0 16 1 0 0 12 19 29 1 2 0 3 21 0 0 0 0 0 0 1 0 0 0 0 0 0 0 0 0 0 0 0 0 0 0 0 0 0 0 0 0 0 0 0 0 0 0 0 0 0 0 0 0 0 0 0 0 0 0 92 0 1 1 0 6 0 0 0 0 0 0 0 0 0 0 0 0 0 0 0 0 0 0 0 0 0 0 0 5 0 9 0 0 0 0 0 0 0 0 0 0 0 0 
 28 251 44 130 206 215 12 54 110 193 96 0 14 45 26 44 365 257 36 36 0 74 0 0 0 2 1 0 0 0 0 3 3 61 174 2 0 0 61 77 0 3 0 0 0 0 0 0 0 0 0 0 8 0 0 0 76 0 0 0 2 0 1 0 0 0 0 2 2 0 0 0 0 0 2 1 1 53 3 0 0 0 0 13 65 7 0 0 17 0 34 42 0 8 0 0 0 21 0 0 36 4 17 0 0 0 23 38 27 0 10 0 13 31 42 50 0 10 12 17 0 0 0 0 0 11 0 0 0 0 0 0 0 0 0 0 0 0 0 0 0 0 0 0 0 0 0 15 0 0 0 0 0 0 0 0 0 0 0 0 0 0 6 43 12 1 0 8 0 13 11 25 0 19 13 9 0 3 0 7 0 0 24 16 0 0 25 0 11 0 0 0 19 0 32 14 13 21 6 12 0 0 0 16 0 0 0 0 0 0 0 0 0 0 0 0 0 0 0 0 0 0 0 0 0 0 0 0 0 0 0 0 0 0 0 0 0 0 0 0 0 0 0 0 0 4 1 0 6 0 12 3 4 0 0 0 0 0 0 0 0 0 0 0 0 0 0 0 0 0 0 0 0 0 0 29 10 16 0 0 0 0 0 0 0 0 0 0 0 0 
 158 130 51 59 292 32 249 510 186 68 47 14 0 61 101 138 26 352 329 151 2 0 5 3 0 3 0 0 2 0 0 3 5 0 0 1 1 2 2 0 0 4 4 0 0 2 0 0 0 3 0 0 34 5 3 0 0 0 2 0 0 0 0 47 0 0 3 0 0 0 1 4 2 0 2 0 0 1 5 0 21 6 17 10 0 0 10 12 16 0 17 0 17 19 8 22 22 0 27 0 0 0 0 0 0 0 0 0 0 0 0 0 0 0 0 0 0 0 0 0 0 0 0 0 0 0 0 0 0 0 0 0 0 0 0 0 0 0 0 0 0 0 5 0 0 0 0 0 0 0 0 1 0 5 0 0 0 0 0 0 42 3 20 0 0 0 20 3 4 1 0 0 28 3 17 0 0 0 10 44 0 0 16 0 0 0 0 0 0 0 0 0 0 0 0 0 0 0 0 0 0 0 0 0 0 0 0 0 0 0 0 0 0 0 0 0 0 0 0 0 0 0 0 0 0 0 0 0 0 0 0 0 0 0 0 0 0 0 0 0 0 0 0 0 0 2 1 0 0 0 2 2 20 0 0 0 0 0 1 0 0 0 0 0 0 0 0 1 0 0 0 0 0 0 0 0 0 0 0 0 0 0 0 0 0 0 0 0 0 0 
 344 323 234 60 367 44 45 105 109 255 35 45 61 0 117 254 126 54 86 159 0 0 1 1 0 2 0 0 0 0 0 0 2 0 0 0 6 0 0 21 0 3 0 0 0 0 0 0 0 0 0 0 2 0 0 0 0 63 0 0 3 0 2 0 0 0 0 0 3 0 0 0 0 0 2 0 2 0 3 0 33 44 31 21 17 0 23 15 30 13 0 18 53 8 0 52 0 3 25 27 0 0 0 0 0 0 0 0 0 0 0 0 10 5 0 0 0 0 31 23 9 0 0 0 0 0 0 0 0 0 0 0 0 0 0 0 0 0 0 0 0 0 0 2 0 0 0 0 0 0 0 0 0 0 0 0 1 0 0 0 0 7 51 20 19 10 33 0 68 16 13 22 0 9 0 3 15 9 10 14 0 0 0 0 0 0 0 0 0 0 0 0 0 22 0 0 0 0 1 0 0 0 0 1 0 15 0 0 0 0 0 28 2 0 0 0 0 0 0 0 0 0 0 0 0 0 0 0 0 0 0 7 0 0 0 0 2 9 0 0 0 0 0 0 0 2 86 0 0 8 0 11 19 0 0 0 0 0 0 0 0 0 0 0 0 0 0 0 0 0 0 0 0 0 0 0 3 0 0 0 0 0 0 0 0 0 0 0 0 0 
 149 493 157 54 174 29 144 170 176 209 86 26 101 117 0 250 117 44 375 353 0 0 0 2 2 3 0 3 0 0 84 0 4 0 0 0 1 3 2 0 63 3 0 0 0 0 0 0 0 0 0 0 2 0 0 0 0 0 0 0 0 0 0 2 0 2 2 6 0 0 1 0 0 2 2 0 0 0 2 0 2 44 11 16 14 0 5 9 13 8 45 12 0 0 22 40 8 7 50 13 0 0 0 0 0 0 0 0 0 0 0 0 0 0 0 0 0 2 0 0 0 0 0 0 0 0 0 1 0 0 0 0 0 0 0 0 0 0 0 0 0 1 2 0 0 0 0 0 0 0 0 0 0 54 0 1 0 0 0 30 10 17 19 0 2 0 23 8 5 0 24 0 13 19 0 0 52 10 0 23 0 0 0 0 0 0 0 0 0 0 0 0 0 0 0 0 0 0 1 1 0 0 0 0 0 0 0 0 0 0 0 0 0 0 0 16 0 0 0 0 0 0 0 0 0 0 0 0 0 0 0 0 0 0 1 0 0 0 0 0 0 0 0 0 0 2 3 0 51 3 2 0 20 0 0 0 0 0 0 0 0 0 0 0 0 0 0 0 0 0 0 0 0 0 0 0 7 0 0 0 0 0 0 0 0 0 0 0 0 0 
 132 102 383 42 295 80 53 123 46 132 90 44 138 254 250 0 115 148 129 261 1 0 69 0 2 2 74 0 0 75 1 4 2 0 1 0 0 69 69 0 0 6 0 0 0 0 0 0 0 0 0 0 2 0 0 0 0 0 0 0 3 0 2 0 0 0 0 1 3 0 0 0 0 0 2 0 4 0 82 5 37 43 32 0 0 0 26 0 24 28 0 10 49 13 25 55 11 12 15 0 0 0 0 0 0 0 0 0 0 0 0 0 0 17 0 0 0 0 0 0 0 0 0 0 0 0 0 0 0 0 0 0 0 0 0 0 0 0 0 12 0 0 0 0 0 0 0 0 0 0 0 0 0 0 0 0 0 0 0 0 7 11 33 12 0 20 42 7 31 10 37 10 11 23 0 14 9 4 14 0 9 0 0 0 0 0 0 0 0 0 0 0 8 0 0 0 0 0 12 10 0 0 0 0 0 0 0 0 0 0 0 0 0 0 0 0 0 0 0 0 0 0 0 0 0 0 0 0 0 0 0 0 0 0 0 0 0 0 0 0 0 0 0 0 0 0 7 0 1 1 1 0 15 0 0 0 0 0 0 0 0 0 1 0 0 0 0 0 0 0 0 0 0 0 0 0 14 0 0 0 0 0 0 0 0 0 0 0 0 0 
 150 138 136 168 49 109 250 232 43 78 290 365 26 126 117 115 0 161 204 354 0 0 2 0 0 2 0 0 0 0 0 0 3 4 0 4 0 2 0 60 0 5 0 1 7 0 0 0 2 4 0 0 6 0 0 0 4 0 0 0 0 0 0 0 0 0 6 0 0 0 0 0 0 0 2 0 4 0 2 0 14 15 17 0 35 0 36 14 50 11 0 10 18 0 19 15 10 18 0 0 0 0 0 0 0 0 19 10 0 0 0 0 0 1 0 0 0 0 0 0 0 0 0 0 0 0 0 0 0 0 0 0 1 0 0 0 0 0 0 0 0 0 0 0 0 0 0 0 13 0 0 0 0 0 0 0 3 0 0 0 16 0 62 0 20 0 17 0 16 37 14 6 36 17 14 17 9 31 2 12 0 0 0 0 0 0 0 0 0 0 0 0 23 0 13 0 0 0 5 0 0 0 0 0 0 5 0 0 0 0 0 0 0 0 0 0 0 0 0 0 0 0 0 0 0 0 0 0 0 0 0 0 0 0 0 0 0 0 0 0 0 0 0 0 0 1 46 0 0 2 0 2 0 0 0 0 0 0 0 0 0 0 0 0 0 0 0 0 0 0 0 0 0 0 0 9 0 11 0 0 0 0 0 0 0 0 0 0 0 0 
 36 137 39 54 60 157 48 114 119 206 373 257 352 54 44 148 161 0 41 27 0 0 0 2 0 2 101 2 0 0 0 1 77 0 0 0 0 0 0 182 0 3 0 0 0 0 0 0 0 0 0 4 10 0 1 0 0 0 0 0 1 1 2 0 0 0 0 0 1 0 1 2 0 3 2 0 0 0 3 0 0 23 40 56 4 0 0 0 48 17 17 0 0 0 0 17 13 36 0 0 0 0 6 0 0 0 1 12 0 0 0 0 20 41 0 0 0 0 18 14 0 0 0 0 0 0 13 0 0 0 0 0 0 0 0 0 0 0 0 6 0 0 0 0 0 0 0 0 0 0 0 0 0 0 0 0 4 0 0 0 0 0 4 21 3 24 0 11 0 17 11 1 0 0 10 37 21 26 0 18 31 0 0 0 0 0 0 0 0 0 0 0 6 19 1 47 1 0 10 29 0 0 0 0 0 0 0 0 0 0 0 0 0 0 0 0 0 0 0 0 0 0 0 0 0 0 0 0 0 0 0 0 0 0 0 0 0 0 0 0 0 0 0 0 0 0 93 0 1 99 5 0 0 0 0 0 0 0 0 0 0 0 0 1 0 0 0 0 0 1 0 0 0 0 0 13 19 11 0 0 0 0 0 0 0 0 0 0 0 0 
 154 143 257 60 79 32 54 230 280 72 324 36 329 86 375 129 204 41 0 88 0 2 0 1 0 2 0 0 0 0 0 0 2 0 0 0 0 0 0 0 0 3 2 0 0 0 0 0 0 0 0 0 2 0 0 0 0 0 0 0 2 0 2 0 0 0 0 0 2 0 0 0 0 0 2 0 1 0 3 2 41 8 34 14 1 0 21 20 11 20 13 0 16 3 7 19 11 1 18 20 0 0 0 0 0 0 0 0 0 0 0 0 1 0 0 0 0 0 0 0 0 0 0 0 0 0 0 0 0 0 0 0 0 0 0 0 0 0 0 0 0 4 3 0 0 0 0 0 0 0 0 3 0 5 0 26 0 0 0 0 11 9 17 0 1 0 5 0 18 20 1 0 9 8 50 22 2 0 27 46 12 0 20 0 0 0 0 0 0 0 0 0 0 0 0 0 0 0 0 0 0 1 0 0 0 0 0 0 0 0 0 0 0 0 0 0 1 0 2 0 0 0 0 1 0 0 0 0 0 0 0 0 0 0 0 0 0 0 0 0 0 0 0 0 0 0 0 0 2 0 2 2 0 0 0 0 0 0 0 0 0 0 0 0 0 0 0 0 0 0 0 0 0 0 0 0 0 0 0 0 0 0 0 0 0 0 0 0 0 0 
 138 33 47 52 91 45 140 56 73 84 35 36 151 159 353 261 354 27 88 0 2 1 2 4 2 4 3 3 2 2 4 6 3 1 2 2 1 2 1 1 0 3 0 0 0 0 0 0 0 62 0 0 2 63 0 0 0 0 0 0 2 0 2 1 0 0 0 0 4 2 2 2 0 0 2 0 3 2 4 0 40 20 0 12 1 0 24 15 0 2 0 13 15 10 31 11 0 0 11 12 0 0 0 0 0 0 0 0 0 0 0 0 0 0 0 0 0 0 0 0 0 0 0 0 0 0 0 0 0 0 0 2 0 0 0 0 0 0 0 0 0 2 0 0 0 0 0 0 0 2 0 1 0 0 0 2 0 0 0 0 0 0 12 0 0 0 15 26 23 13 10 17 0 39 0 2 9 0 31 12 0 0 0 0 0 0 0 0 0 0 0 0 0 0 0 0 0 0 0 0 0 0 0 0 0 0 0 1 0 0 0 0 0 0 0 0 0 0 0 0 0 0 0 0 0 0 0 0 0 2 26 2 0 0 0 0 0 0 0 0 0 0 0 0 0 0 2 0 89 0 2 7 11 13 0 0 0 0 1 2 0 0 0 0 0 0 1 0 0 0 28 0 0 0 0 2 0 0 0 0 0 0 0 0 0 2 4 0 0 0 
 0 1 0 0 45 80 0 0 0 0 0 0 2 0 0 1 0 0 0 2 0 241 111 120 63 52 135 254 117 67 244 24 427 376 48 90 32 34 129 193 2 0 0 10 0 2 0 0 0 0 0 6 2 0 0 0 0 1 0 2 3 0 2 3 0 0 0 9 2 0 1 0 0 0 3 0 0 4 0 0 0 0 0 0 14 30 0 0 0 0 0 0 0 0 0 0 0 0 0 8 0 30 18 9 9 22 5 0 25 76 30 16 0 0 0 11 5 1 9 18 4 0 0 0 0 0 0 0 0 0 0 0 11 0 0 0 0 0 0 22 0 0 0 0 0 0 0 0 0 0 0 1 0 0 0 0 0 0 0 0 0 0 0 0 0 0 0 0 2 0 0 35 7 0 0 0 0 0 0 6 36 30 30 19 31 2 16 74 67 0 9 2 1 30 7 34 22 17 0 0 0 0 0 0 0 0 0 0 0 0 0 0 30 0 0 4 0 0 12 0 0 0 0 0 0 0 0 0 0 0 0 0 0 0 0 0 0 0 0 0 0 0 0 0 0 2 0 0 0 0 0 0 72 0 17 2 0 0 0 0 2 0 0 0 0 1 0 0 0 0 0 0 0 0 0 0 0 0 0 0 0 0 0 0 0 20 11 0 0 0 
 0 2 0 0 0 27 0 0 0 1 0 74 0 0 0 0 0 0 2 1 241 0 179 326 126 58 145 354 97 33 125 477 113 156 295 362 219 112 219 59 0 0 0 8 0 1 0 0 0 0 0 8 29 0 0 0 0 1 22 2 3 0 2 3 0 0 0 0 0 0 0 0 0 0 4 0 0 3 0 0 0 0 0 0 4 6 0 0 0 0 0 18 0 0 0 0 0 0 0 0 14 9 41 0 14 1 12 23 9 7 41 24 0 10 13 26 50 35 10 26 0 0 0 0 0 0 11 0 0 0 0 0 0 0 0 0 0 0 0 0 0 0 0 0 0 0 0 0 0 22 0 0 0 0 0 0 0 0 0 0 0 0 0 0 0 9 0 0 0 0 0 15 0 0 0 1 0 0 0 0 9 0 21 11 12 15 9 0 30 19 7 10 4 14 18 17 25 10 11 13 0 0 0 0 0 0 0 0 0 0 0 0 19 10 13 0 0 0 15 0 0 0 0 2 0 0 0 0 0 0 0 0 0 0 0 0 0 0 0 0 0 0 0 0 0 0 0 0 0 0 0 0 0 0 7 0 0 0 1 2 6 4 0 0 0 0 0 0 0 0 0 0 0 0 0 0 0 0 0 0 0 1 0 0 0 0 0 0 0 0 
 0 1 0 0 105 0 0 0 92 3 0 0 5 1 0 69 2 0 0 2 111 179 0 228 88 33 500 168 88 208 63 299 234 364 177 213 262 189 191 186 0 8 0 3 0 0 0 0 0 0 0 0 74 0 0 0 0 0 0 27 3 135 2 6 0 0 0 0 0 0 23 3 0 0 0 0 0 4 0 0 0 0 0 0 14 15 0 0 0 0 0 0 1 0 0 0 0 0 0 0 28 29 15 11 1 13 22 19 11 13 27 34 3 2 19 19 58 9 0 10 0 0 0 0 0 8 0 0 0 0 0 0 16 1 0 0 0 0 1 0 0 0 0 0 0 0 0 0 0 0 0 0 0 0 0 0 0 0 0 0 0 1 0 8 0 0 0 0 0 0 0 2 9 0 0 0 0 0 0 6 21 74 20 17 20 19 4 19 17 0 23 9 0 19 37 19 5 0 19 3 0 10 0 0 2 0 9 0 0 0 0 0 0 0 0 1 19 0 9 29 0 0 0 0 0 0 0 0 0 0 0 0 0 0 0 0 0 0 0 0 0 0 4 0 0 0 0 0 0 0 0 0 0 0 12 2 1 1 76 0 12 0 0 0 0 0 18 0 0 0 0 0 0 0 0 0 0 0 0 19 0 0 0 0 0 0 0 0 0 0 
 0 1 0 0 0 0 0 0 0 6 0 0 3 1 2 0 0 2 1 4 120 326 228 0 170 124 236 346 187 261 263 115 97 83 118 62 270 289 128 74 0 0 0 2 0 0 63 1 0 0 0 61 2 0 0 0 0 3 0 2 3 0 2 3 0 0 0 0 0 0 1 0 0 0 0 0 0 3 0 0 0 0 0 0 0 3 0 0 0 0 0 0 0 0 0 0 0 0 0 0 9 61 41 10 16 29 0 22 5 53 20 49 4 0 21 25 1 0 0 20 9 0 0 0 0 0 0 0 0 0 9 0 6 0 19 0 0 0 15 8 0 0 0 0 0 0 0 0 0 0 0 0 0 0 3 0 0 11 0 0 4 0 0 1 6 10 3 0 0 0 0 0 0 0 0 0 0 0 0 0 44 23 76 0 5 20 0 10 54 0 23 13 0 88 27 26 0 20 0 13 0 0 0 0 1 0 0 0 0 0 17 0 0 10 16 11 0 0 18 7 0 0 0 0 0 0 0 0 0 0 0 0 0 0 0 0 0 0 0 0 0 0 0 0 0 0 0 0 0 0 0 0 0 0 6 24 0 0 79 1 0 0 0 0 0 0 0 0 0 0 0 0 0 0 0 0 0 0 0 27 0 11 0 0 0 0 0 0 0 0 
 0 2 0 0 0 0 2 0 0 6 0 0 0 0 2 2 0 0 0 2 63 126 88 170 0 146 259 85 77 158 109 125 292 104 313 236 181 126 55 125 0 68 0 2 0 0 2 25 60 0 0 0 195 0 34 0 0 0 93 87 3 0 2 8 0 0 0 0 0 0 1 0 0 0 0 0 0 3 0 0 2 0 0 0 0 0 11 0 0 0 0 0 0 0 0 0 0 0 0 0 0 0 17 12 14 16 0 0 0 0 1 20 1 0 0 33 28 14 0 0 8 0 17 0 0 0 1 55 11 11 0 0 11 10 0 7 18 1 2 10 0 0 0 0 0 0 0 0 0 0 0 0 0 0 0 1 0 0 0 0 0 0 0 0 0 0 0 0 2 9 0 2 0 2 1 11 0 3 0 0 0 12 0 10 17 0 0 0 0 23 6 59 0 0 1 0 0 9 0 0 19 20 39 0 0 0 25 10 14 0 0 1 12 0 20 0 25 0 10 27 1 0 1 0 0 0 0 0 0 0 0 0 0 0 0 0 0 0 0 0 0 0 0 0 0 0 0 0 0 0 0 0 0 0 9 1 0 5 0 2 3 2 0 21 0 13 16 0 0 0 0 0 0 0 0 0 0 0 0 0 0 7 0 0 0 0 0 0 0 0 
 3 4 3 2 2 2 3 2 2 76 2 2 3 2 3 2 2 2 2 4 52 58 33 124 146 0 40 42 73 121 99 54 48 47 62 107 356 182 39 48 68 110 6 65 0 0 178 2 6 0 2 0 55 57 127 1 0 0 73 5 3 0 34 3 0 0 0 0 0 0 2 0 0 0 0 0 0 3 0 0 0 0 0 0 0 0 0 0 0 0 0 0 0 0 0 0 0 0 0 0 0 0 18 2 0 13 0 0 0 0 0 0 0 0 0 0 0 24 0 0 12 0 0 36 0 0 44 1 0 17 0 0 18 20 7 17 18 0 16 12 0 0 0 5 0 0 6 0 0 0 0 0 0 0 0 0 0 0 20 0 0 0 0 0 9 5 6 0 1 0 0 2 0 0 0 0 0 0 0 0 0 0 0 0 0 31 0 0 17 10 11 46 0 0 0 0 0 0 0 0 49 0 10 12 0 0 11 1 0 0 0 0 37 46 18 33 0 0 42 2 0 0 0 0 0 0 0 0 0 0 0 0 0 0 0 0 0 0 0 0 0 0 0 0 0 0 0 0 0 0 0 0 0 0 9 0 4 10 5 4 6 4 0 0 0 9 0 0 0 0 0 0 0 0 0 0 0 0 0 0 0 0 7 0 9 0 0 0 0 0 
 0 75 0 3 2 74 1 0 75 80 0 1 0 0 0 74 0 101 0 3 135 145 500 236 259 40 0 87 51 46 31 102 152 150 199 364 45 109 97 92 0 0 0 2 206 0 0 0 0 0 0 0 1 0 0 0 0 0 0 2 3 0 3 3 0 0 0 0 0 0 3 0 0 0 0 0 0 5 0 0 1 13 26 11 3 1 0 0 0 0 8 0 0 0 0 1 0 13 0 0 33 27 28 27 27 20 21 1 20 19 35 27 10 0 28 23 31 21 0 12 0 0 0 0 0 0 8 0 0 0 0 0 0 0 0 0 0 0 0 0 0 0 0 0 2 0 0 2 0 0 0 0 0 0 0 0 0 0 1 0 0 0 0 1 0 12 0 0 0 0 12 2 0 0 0 12 9 0 0 0 51 41 31 19 31 6 10 0 20 10 14 0 0 7 35 43 0 20 21 17 11 0 0 0 0 0 0 0 0 0 0 2 40 0 0 0 0 0 11 0 0 0 0 0 0 0 0 0 0 0 0 0 0 0 0 0 0 0 0 0 0 0 13 0 0 0 0 0 0 2 0 0 0 0 69 2 0 0 10 3 1 0 0 0 0 0 0 0 0 0 0 0 0 0 0 0 0 0 0 6 0 0 0 0 0 0 0 0 0 0 
 0 2 0 2 75 0 0 0 2 0 0 0 0 0 3 0 0 2 0 3 254 354 168 346 85 42 87 0 348 103 135 29 100 186 147 34 75 39 68 149 0 0 0 8 0 0 0 0 0 0 0 16 1 0 0 0 0 0 29 64 3 0 3 3 0 0 0 0 0 0 2 0 0 0 0 0 0 3 0 0 0 0 0 0 0 31 0 0 0 0 1 0 0 0 0 0 0 0 0 0 9 0 0 8 14 15 9 32 10 58 22 37 14 0 0 18 14 8 4 27 2 0 0 0 0 0 0 0 0 0 0 0 8 0 0 0 0 0 0 10 0 0 0 0 0 0 0 0 0 0 0 0 0 0 0 0 0 0 0 0 0 0 0 0 0 9 0 0 0 0 0 32 7 0 0 0 0 0 0 3 0 18 3 10 13 1 8 38 16 9 18 18 0 24 6 6 29 0 0 0 0 0 0 0 0 0 0 0 0 0 14 0 20 0 0 10 0 0 0 0 0 0 0 10 0 0 0 0 0 0 0 0 0 0 0 0 0 0 0 0 0 0 0 0 0 0 0 0 0 0 0 0 0 0 2 0 0 1 0 0 0 0 0 0 0 0 0 0 0 0 0 0 0 0 0 0 0 0 0 0 0 7 0 0 0 20 0 0 0 0 
 0 2 0 0 0 100 0 0 0 0 0 0 2 0 0 0 0 0 0 2 117 97 88 187 77 73 51 348 0 349 151 20 193 297 73 209 224 113 189 78 0 0 62 2 0 0 1 0 0 0 0 0 63 0 0 0 0 3 0 2 3 0 3 3 0 0 0 0 0 0 2 0 0 0 1 0 0 3 0 53 0 0 0 0 0 12 0 0 0 0 0 0 1 0 0 0 0 0 0 0 2 19 20 12 13 28 9 0 28 34 11 4 2 2 5 40 27 0 7 14 8 0 0 0 0 0 12 0 0 0 0 0 19 0 22 0 0 0 4 7 0 0 0 0 0 0 0 0 0 0 0 0 0 0 7 0 0 0 0 0 4 1 0 0 31 9 14 0 0 0 0 12 0 0 0 0 0 0 0 0 6 0 32 41 13 15 15 20 13 0 0 17 0 0 0 7 7 20 0 19 0 0 0 0 0 0 0 0 0 0 7 0 0 3 15 0 0 0 0 0 0 0 0 0 0 0 0 0 0 0 0 2 0 0 0 0 0 0 0 0 0 0 0 0 0 0 0 0 0 0 0 0 0 0 12 2 3 0 10 0 0 0 0 0 0 0 0 0 0 0 0 0 0 0 0 0 0 0 0 0 0 11 0 0 0 12 10 0 0 0 
 0 2 0 0 0 0 1 0 0 4 1 0 0 0 0 75 0 0 0 2 67 33 208 261 158 121 46 103 349 0 79 190 42 107 203 175 122 268 82 111 0 0 0 2 0 0 3 0 0 0 0 0 64 62 0 0 0 5 0 28 3 0 3 7 32 0 0 3 1 0 3 0 0 0 0 0 0 3 0 0 0 0 0 0 0 12 0 0 0 0 0 0 0 0 0 0 0 0 0 0 11 0 8 13 0 29 0 8 0 21 8 26 33 12 2 13 11 0 7 0 13 0 0 1 0 0 19 19 12 0 0 0 33 8 84 7 0 0 12 20 0 0 0 10 0 0 1 0 0 0 0 0 0 0 0 0 0 0 0 0 4 0 0 0 5 0 4 0 0 0 0 2 1 0 0 0 0 0 0 0 0 1 27 12 7 26 12 13 0 3 13 25 0 0 16 6 0 0 0 0 8 18 0 0 0 0 27 10 0 0 0 0 7 32 13 18 24 0 0 19 0 0 0 0 0 0 0 0 0 0 0 0 0 0 0 0 0 0 0 0 0 0 0 0 0 0 0 0 0 0 0 1 0 0 8 0 1 78 49 0 1 16 0 0 0 0 15 0 0 0 0 0 0 0 0 0 0 1 0 0 0 3 0 0 0 13 0 0 0 0 
 0 4 0 0 0 0 0 0 0 6 0 0 0 0 84 1 0 0 0 4 244 125 63 263 109 99 31 135 151 79 0 291 99 123 51 81 224 155 65 68 0 65 0 2 0 0 26 1 0 0 2 0 95 0 32 0 0 3 0 28 3 2 2 8 0 2 0 0 0 0 0 0 0 0 0 0 0 8 0 0 1 0 0 0 0 19 0 0 0 0 0 0 0 0 0 0 0 0 0 0 0 5 2 0 21 33 0 0 9 33 21 53 0 0 34 58 18 0 0 15 15 0 0 0 0 0 12 21 0 0 0 1 57 7 1 17 11 2 11 15 0 0 0 0 2 0 0 2 0 0 2 0 0 0 4 0 0 0 0 0 0 0 19 0 3 3 15 0 0 0 0 2 0 0 1 0 0 0 0 0 10 0 48 0 0 0 0 0 17 21 0 42 0 0 2 7 0 0 0 11 12 14 0 0 0 0 9 0 14 0 0 2 0 3 22 0 20 0 11 46 2 0 2 0 0 0 0 0 0 0 0 0 0 0 0 0 0 0 0 0 0 0 0 0 0 0 0 0 0 0 0 0 0 0 10 3 0 40 1 0 1 2 0 0 0 7 12 0 0 0 0 0 0 0 0 0 0 0 0 0 0 11 0 0 0 0 0 0 0 0 
 2 0 0 3 0 1 1 0 0 4 0 3 3 0 0 4 0 1 0 6 24 477 299 115 125 54 102 29 20 190 291 0 53 66 114 176 73 166 27 16 0 0 1 4 0 0 0 59 0 0 0 0 64 0 0 0 0 0 0 26 4 0 2 7 0 0 2 18 0 0 1 0 2 0 0 7 60 3 1 0 0 0 0 0 0 0 0 0 0 0 0 0 0 0 0 0 15 0 0 0 9 0 0 0 0 0 0 15 0 5 0 19 26 0 11 14 10 0 10 0 0 20 13 16 0 0 0 11 10 8 0 0 8 7 0 8 0 7 13 1 0 0 0 0 0 0 0 0 0 0 4 0 3 0 0 0 1 0 2 0 0 0 0 0 0 0 0 0 0 0 1 0 0 0 0 0 0 0 0 0 0 9 0 0 22 27 0 0 0 0 0 21 0 26 12 0 0 2 0 0 0 28 13 0 10 0 28 11 6 0 7 0 0 0 7 0 19 0 0 35 13 0 9 0 0 0 0 0 0 0 0 0 0 0 0 0 0 0 0 0 0 0 0 0 0 0 0 0 0 0 0 0 0 0 16 0 3 0 0 4 2 0 0 0 0 0 11 0 0 0 0 0 0 0 0 0 0 0 0 18 0 0 0 0 0 0 0 0 0 0 
 4 3 79 78 105 101 36 2 76 4 3 3 5 2 4 2 3 77 2 3 427 113 234 97 292 48 152 100 193 42 99 53 0 127 27 37 397 105 163 149 0 5 0 2 0 0 0 0 0 0 0 0 3 0 0 0 0 0 0 2 3 0 3 3 34 0 0 2 0 0 3 0 0 0 0 3 0 3 0 0 0 19 19 0 0 1 0 1 0 13 0 0 0 0 0 0 0 1 0 0 18 54 23 11 0 0 67 0 26 23 14 12 38 16 0 0 0 32 0 19 0 0 0 0 0 0 0 0 0 0 0 0 1 0 0 0 0 0 0 0 0 0 0 0 0 0 0 0 0 0 0 0 0 0 0 0 0 0 0 0 0 0 0 1 0 8 0 0 0 0 12 12 1 0 0 0 9 1 0 0 57 14 51 41 0 0 15 19 13 0 34 0 1 10 11 13 49 0 22 25 0 0 0 0 0 0 0 0 0 0 0 0 0 0 0 1 0 0 12 0 0 0 0 0 0 0 5 0 0 0 0 0 0 0 0 0 0 0 0 0 0 16 10 0 0 0 0 0 0 36 0 0 0 0 7 0 0 0 1 2 23 2 0 0 0 0 0 0 0 0 0 0 0 0 0 24 0 0 0 0 0 0 0 0 0 1 0 0 0 0 
 0 0 0 79 0 113 0 0 0 1 60 61 0 0 0 0 4 0 0 1 376 156 364 83 104 47 150 186 297 107 123 66 127 0 408 327 318 24 395 300 0 20 0 7 0 0 4 0 0 0 0 10 3 0 0 0 0 0 0 2 3 0 3 3 0 0 0 0 0 0 2 4 0 0 57 0 0 3 0 0 0 0 0 0 12 2 0 0 0 0 0 0 0 0 1 0 0 0 0 0 0 38 29 2 14 0 7 26 31 18 13 21 0 6 0 7 11 0 2 21 0 0 0 0 0 0 0 0 0 0 0 0 0 0 0 0 0 0 0 0 0 2 0 0 0 0 0 0 0 0 0 0 1 0 3 0 0 0 0 0 0 0 0 0 0 9 1 0 0 0 0 18 0 0 0 2 0 0 0 15 12 0 18 19 8 11 21 1 39 43 0 0 1 12 26 16 13 7 9 13 0 0 0 0 0 2 0 0 0 0 0 0 9 0 0 0 0 0 41 0 0 1 0 0 0 0 0 10 0 0 0 0 0 0 2 0 0 0 0 0 0 0 0 0 0 0 0 0 0 0 0 0 0 0 12 0 1 0 4 1 4 0 0 0 0 0 0 0 0 0 0 0 0 0 0 0 0 15 0 0 0 0 0 0 0 0 15 0 0 0 
 0 5 0 77 24 74 0 0 2 75 76 174 0 0 0 1 0 0 0 2 48 295 177 118 313 62 199 147 73 203 51 114 27 408 0 215 57 41 229 491 1 2 0 4 0 0 0 0 0 0 0 5 1 0 0 0 1 0 0 2 4 6 5 3 0 0 0 0 0 0 3 0 0 0 0 0 0 3 1 1 0 1 5 22 26 19 13 0 0 0 11 16 0 0 0 0 0 0 0 2 28 13 0 1 13 0 32 42 9 10 22 1 9 8 17 22 0 12 22 1 0 0 0 0 1 0 14 0 0 0 0 0 3 0 0 0 0 12 0 0 0 0 0 0 0 0 0 0 0 0 0 0 0 0 0 0 0 0 4 0 0 0 0 0 0 12 0 0 0 0 12 24 1 0 0 14 0 0 0 3 11 0 22 0 8 0 38 18 42 3 0 0 10 11 42 22 1 28 5 1 0 0 0 0 0 0 0 0 0 0 0 0 25 0 0 0 0 0 0 0 0 0 0 0 0 0 0 0 0 0 0 0 0 0 0 0 0 0 0 0 0 0 1 0 0 0 0 0 0 0 0 0 0 0 8 0 0 0 75 1 0 0 0 0 0 0 0 0 0 0 0 0 0 0 0 17 0 0 0 0 0 0 0 0 0 18 0 0 0 0 
 0 5 0 0 0 0 0 0 0 0 0 2 1 0 0 0 4 0 0 2 90 362 213 62 236 107 364 34 209 175 81 176 37 327 215 0 137 114 47 96 0 0 0 2 205 0 0 0 21 0 0 1 2 0 0 0 0 207 0 2 3 0 3 27 0 0 2 0 0 0 2 0 0 0 9 3 3 3 2 0 0 0 0 1 0 0 0 0 0 1 11 0 0 0 0 0 0 2 0 0 0 21 59 19 13 0 13 9 14 0 13 18 1 9 12 10 7 0 0 2 0 0 0 0 0 0 1 0 0 0 2 0 8 0 12 0 0 3 0 0 1 0 0 0 0 0 1 0 0 0 9 0 10 0 0 0 0 0 0 0 7 0 0 0 1 0 0 0 0 0 0 0 0 0 4 0 0 0 0 0 0 6 31 42 5 23 25 0 1 26 29 1 0 12 1 0 1 16 9 0 0 0 0 0 0 0 0 50 0 0 0 0 0 10 0 0 0 0 0 2 0 1 0 0 0 0 0 0 0 2 0 0 0 0 0 0 0 0 0 2 0 0 13 0 0 0 0 0 0 0 0 0 0 0 9 0 0 0 124 1 2 2 0 0 0 0 0 0 0 0 0 0 0 0 0 0 0 0 0 12 0 0 0 0 0 0 22 0 0 0 
 0 2 0 0 68 0 1 63 0 4 0 0 1 6 1 0 0 0 0 1 32 219 262 270 181 356 45 75 224 122 224 73 397 318 57 137 0 77 48 31 0 0 1 3 0 0 0 0 2 3 3 0 65 0 0 0 1 3 61 2 3 0 3 4 0 0 3 0 0 0 2 0 0 0 0 0 2 3 0 0 1 0 13 0 0 10 0 2 1 0 0 0 0 1 0 0 0 0 0 0 0 0 13 19 0 21 23 0 12 25 14 38 0 0 18 19 38 21 0 7 14 0 0 0 0 0 0 0 10 0 0 2 0 1 0 0 0 24 0 0 0 0 0 0 0 0 0 0 0 0 1 0 0 0 4 0 0 0 0 0 0 0 0 16 0 16 0 0 0 0 0 2 0 0 2 0 0 0 0 0 9 10 13 0 33 14 0 5 0 12 18 54 0 24 0 1 0 20 0 20 2 46 0 0 0 0 10 0 2 0 14 16 0 0 25 0 0 0 1 0 1 0 0 0 0 0 0 1 0 0 0 0 0 16 0 0 0 0 0 0 0 0 0 0 0 0 0 0 0 0 0 0 0 0 9 0 1 2 1 0 19 0 0 0 0 0 3 0 0 0 0 0 0 0 0 0 0 0 0 0 0 9 0 0 0 0 0 0 0 0 
 0 1 0 0 75 0 0 0 94 3 0 0 2 0 3 69 2 0 0 2 34 112 189 289 126 182 109 39 113 268 155 166 105 24 41 114 77 0 104 107 0 10 0 2 0 0 9 0 2 2 0 0 133 64 3 0 1 0 63 64 3 0 2 4 0 0 3 0 0 0 1 0 0 0 0 0 2 3 0 0 0 0 0 0 0 0 0 0 12 0 0 0 0 0 0 0 0 0 0 0 7 6 20 27 16 9 10 0 0 0 24 18 0 1 0 0 1 13 0 0 14 0 0 0 0 0 17 0 0 0 0 0 32 37 12 0 0 0 10 5 0 0 0 7 0 0 1 0 0 0 0 0 0 0 0 0 0 0 0 0 3 0 0 0 0 1 0 0 0 0 14 0 0 0 0 0 0 0 0 0 15 13 20 15 1 19 9 1 5 34 45 20 0 0 0 0 0 0 13 0 4 28 1 0 0 20 9 13 0 0 0 0 13 25 15 21 14 0 0 9 12 0 0 0 0 0 0 0 0 0 0 0 0 0 2 0 0 0 0 0 0 1 14 0 0 0 0 0 0 0 0 0 0 0 4 2 0 149 146 0 4 13 0 0 0 0 12 0 0 0 0 0 0 0 0 0 0 0 0 0 0 0 0 0 0 0 0 0 0 0 
 0 1 0 76 80 76 0 0 93 0 83 61 2 0 2 69 0 0 0 1 129 219 191 128 55 39 97 68 189 82 65 27 163 395 229 47 48 104 0 93 0 0 0 2 0 0 0 0 0 0 2 0 2 0 0 0 0 0 0 2 3 0 3 3 0 0 0 0 0 0 2 0 0 0 0 4 0 3 0 4 0 0 0 0 9 22 0 0 0 0 15 35 0 0 0 0 0 0 0 0 18 18 25 8 12 9 13 11 20 30 19 22 14 0 58 37 0 11 2 24 0 0 0 0 0 0 0 34 0 0 0 0 0 0 0 0 0 0 0 0 0 0 0 0 0 0 18 0 0 0 0 0 0 0 8 0 0 0 0 0 0 0 0 1 0 17 0 0 0 0 0 20 8 0 0 0 0 14 0 0 11 5 55 34 0 23 21 17 1 10 37 13 19 0 14 21 28 7 13 24 0 1 0 0 0 0 0 0 0 0 0 0 0 0 0 9 1 0 1 0 0 0 0 0 0 0 0 0 0 0 0 0 0 0 0 0 0 0 0 0 0 0 9 0 0 0 0 0 0 0 0 0 0 0 6 0 0 0 45 0 2 0 0 0 0 0 1 0 0 0 0 0 0 0 0 0 0 0 0 0 0 0 0 0 0 0 0 8 0 0 
 0 0 0 78 100 166 0 0 75 40 164 77 0 21 0 0 60 182 0 1 193 59 186 74 125 48 92 149 78 111 68 16 149 300 491 96 31 107 93 0 0 6 0 2 0 0 0 0 0 0 0 0 2 0 0 0 0 0 0 2 3 3 3 3 0 0 0 0 0 0 2 0 0 0 0 0 0 3 0 5 0 18 18 11 11 27 0 0 0 18 8 0 0 0 0 0 0 8 0 0 4 55 8 0 0 0 77 26 30 13 0 1 0 14 10 25 0 17 9 12 0 0 0 0 0 0 18 0 0 0 0 0 0 0 0 0 0 0 0 0 0 0 0 0 0 0 0 0 8 0 0 0 0 0 0 0 0 0 0 0 0 0 0 0 0 17 0 0 0 8 12 8 0 0 0 20 17 15 0 5 26 16 24 32 0 0 39 38 2 0 15 0 11 0 36 35 18 0 22 16 0 0 0 0 0 0 0 0 0 0 0 0 0 11 0 30 0 0 0 0 0 0 0 0 0 0 0 0 0 0 0 0 0 0 0 0 0 9 31 0 0 11 9 0 0 0 21 0 0 0 0 0 0 0 2 0 1 0 2 2 1 0 0 0 0 0 0 0 0 0 0 0 0 0 0 17 0 38 0 0 0 0 0 0 0 16 0 0 0 0 
 0 2 0 0 0 0 0 0 0 0 0 0 0 0 63 0 0 0 0 0 2 0 0 0 0 68 0 0 0 0 0 0 0 0 1 0 0 0 0 0 0 185 132 110 112 91 257 121 173 320 52 113 346 90 111 67 36 110 121 139 0 0 0 0 0 0 0 0 0 0 4 0 0 0 19 0 0 0 0 0 0 0 0 0 0 0 0 0 0 0 0 0 0 0 0 0 0 0 0 0 0 0 0 0 0 0 0 0 0 0 0 0 0 0 0 0 0 0 0 0 14 6 42 24 0 26 18 23 24 46 28 13 0 5 59 29 12 3 9 10 0 0 0 0 0 0 4 0 0 0 0 0 0 10 0 0 0 0 0 0 0 0 0 0 0 0 0 0 3 0 0 2 0 7 0 4 0 8 0 0 0 0 0 0 0 0 0 0 0 0 0 0 0 0 0 0 0 0 0 0 32 41 10 23 25 0 45 0 12 9 18 13 37 0 24 15 7 53 31 51 0 0 0 0 0 0 0 12 0 0 0 0 0 0 3 0 0 0 9 3 0 0 0 0 0 0 0 0 0 0 0 8 0 0 0 0 0 0 0 0 0 0 0 0 0 2 0 0 1 0 0 0 0 0 0 0 0 0 0 0 0 0 0 0 22 0 0 0 0 0 
 2 3 3 4 7 11 3 3 3 5 4 3 4 3 3 6 5 3 3 3 0 0 8 0 68 110 0 0 0 0 65 0 5 20 2 0 0 10 0 6 185 0 347 377 115 67 521 231 113 114 58 320 140 119 234 114 96 108 114 53 0 0 0 0 0 0 0 0 0 0 1 0 0 0 0 0 3 0 0 0 0 0 0 0 0 0 0 0 0 0 1 0 0 0 0 0 0 0 0 0 8 2 8 11 15 1 2 1 0 0 21 11 7 7 1 0 0 8 0 1 11 19 10 19 16 0 0 6 0 0 0 9 0 17 6 24 20 9 25 14 0 0 0 0 0 0 0 0 0 6 0 0 0 0 0 0 0 10 0 0 0 0 0 0 1 0 2 0 0 0 0 1 0 0 0 11 0 7 0 10 10 5 8 2 0 0 8 10 0 0 3 34 1 0 0 1 14 0 3 0 29 1 19 13 0 1 11 14 12 0 19 0 46 23 0 8 0 0 25 0 0 0 0 0 0 0 0 0 0 0 0 0 0 0 15 0 0 0 9 0 0 10 6 0 0 0 0 0 0 31 0 10 0 1 0 0 0 0 0 0 0 0 65 0 0 9 2 0 3 0 0 0 0 0 0 0 0 0 0 0 0 0 0 0 0 0 0 3 0 0 
 0 2 2 0 1 0 0 0 0 3 0 0 4 0 0 0 0 0 2 0 0 0 0 0 0 6 0 0 62 0 0 1 0 0 0 0 1 0 0 0 132 347 0 135 58 141 159 95 330 135 149 42 87 105 330 92 407 112 242 36 1 21 0 1 6 0 2 2 2 0 0 0 0 0 1 0 2 6 12 50 0 0 0 0 0 0 0 0 0 0 0 11 0 0 0 0 19 0 0 0 0 0 0 0 0 0 0 0 0 0 0 0 0 0 0 0 0 0 0 0 0 11 13 26 35 17 11 38 43 14 32 28 0 0 26 11 20 14 0 0 0 0 0 0 0 0 10 0 0 0 0 0 4 31 0 0 0 0 0 12 0 0 0 0 0 0 0 9 0 0 0 1 0 0 0 0 0 0 0 0 0 0 0 0 0 0 0 0 0 5 0 0 0 0 0 0 0 4 0 0 11 0 14 4 12 29 14 0 36 27 0 17 0 0 7 0 9 39 0 9 17 0 0 0 0 0 5 9 0 0 0 0 7 0 0 0 0 0 0 33 0 0 0 0 0 0 0 0 0 0 0 7 0 0 0 0 0 0 0 1 3 0 0 0 4 2 2 4 0 0 0 0 0 2 0 0 0 0 0 0 0 0 0 0 12 24 0 0 0 0 
 0 2 0 0 0 0 0 0 0 0 0 0 0 0 0 0 1 0 0 0 10 8 3 2 2 65 2 8 2 2 2 4 2 7 4 2 3 2 2 2 110 377 135 0 80 102 98 270 135 91 135 58 105 68 105 47 165 124 168 148 0 0 0 0 0 0 0 0 0 0 0 0 0 0 49 0 0 0 0 6 0 0 0 0 0 0 0 0 0 0 0 0 0 11 0 0 0 0 0 0 17 0 1 0 1 3 0 0 0 3 6 27 0 0 0 0 9 0 0 0 3 13 9 40 26 0 0 47 23 6 23 28 11 3 20 22 21 16 1 21 0 0 0 0 0 0 16 0 0 1 0 0 8 0 0 0 0 3 0 0 0 0 0 0 0 0 0 0 0 0 0 15 0 0 0 0 0 0 0 0 0 0 1 0 0 0 1 0 11 0 0 0 0 8 17 0 1 1 0 0 13 14 1 33 1 0 0 73 12 20 6 28 6 11 10 16 28 15 0 0 0 0 0 0 0 0 9 11 0 0 0 0 0 0 7 0 0 0 11 8 0 0 1 0 0 0 0 0 0 0 0 8 0 2 0 0 0 0 1 0 0 0 64 0 0 0 0 0 0 0 14 0 0 0 0 0 0 0 0 0 0 3 0 0 12 0 0 0 2 0 
 0 5 0 0 0 0 0 0 0 0 0 0 0 0 0 0 7 0 0 0 0 0 0 0 0 0 206 0 0 0 0 0 0 0 0 205 0 0 0 0 112 115 58 80 0 202 61 126 222 107 166 146 156 51 76 97 120 104 96 150 6 9 0 0 0 0 0 52 3 0 16 0 1 0 50 8 23 0 84 79 0 0 0 0 0 0 0 0 0 0 0 0 0 0 0 21 0 0 0 0 0 0 0 0 0 0 0 0 0 0 0 0 1 0 0 0 0 0 0 0 0 0 24 14 63 12 0 0 25 4 14 18 0 0 19 11 15 0 0 0 0 2 4 0 8 9 9 0 0 18 11 0 7 0 0 1 10 22 2 2 0 0 0 7 0 0 0 0 0 7 0 0 0 0 0 0 0 0 0 0 0 0 0 0 0 0 0 0 0 0 0 0 0 0 0 0 10 0 0 0 16 0 0 0 6 2 0 0 16 0 29 21 0 0 0 14 16 14 0 0 53 0 0 0 0 0 46 3 12 11 0 0 27 31 27 37 9 10 20 16 0 0 0 0 0 0 0 0 0 0 0 11 0 0 0 0 0 0 0 6 0 0 1 66 2 0 5 0 0 0 0 0 0 0 0 0 0 0 0 0 0 0 0 0 14 0 0 0 0 0 
 0 0 0 0 0 0 0 0 0 0 0 0 2 0 0 0 0 0 0 0 2 1 0 0 0 0 0 0 0 0 0 0 0 0 0 0 0 0 0 0 91 67 141 102 202 0 39 33 45 58 71 90 50 325 33 65 318 146 66 57 52 58 0 3 6 0 52 0 4 5 3 0 53 2 6 103 50 6 81 53 0 0 0 0 0 0 0 0 0 0 7 0 0 0 0 0 0 0 0 0 0 0 0 0 0 0 0 0 0 0 0 0 0 0 0 0 0 0 0 6 0 8 13 0 30 0 0 1 22 9 9 35 0 0 0 35 10 7 0 0 11 1 1 3 12 0 13 2 7 12 0 0 24 21 4 8 0 0 6 0 0 0 0 0 0 0 0 0 0 0 0 0 0 0 0 0 0 19 0 0 0 0 0 0 0 0 0 0 0 0 0 0 0 0 20 0 0 0 0 0 12 0 4 7 12 0 0 0 16 0 0 9 0 0 0 0 9 10 0 0 26 0 6 7 3 0 34 27 3 0 3 0 21 29 0 0 0 8 0 1 1 0 1 0 0 0 0 0 0 0 0 3 0 0 0 0 0 0 0 9 0 0 1 0 65 1 7 0 0 0 0 0 0 0 0 4 0 0 0 0 0 0 0 0 0 7 0 0 0 0 
 0 2 0 0 0 0 0 0 0 3 0 0 0 0 0 0 0 0 0 0 0 0 0 63 2 178 0 0 1 3 26 0 0 4 0 0 0 9 0 0 257 521 159 98 61 39 0 99 82 537 46 47 87 178 34 50 268 35 118 42 0 0 0 2 4 1 0 0 2 0 5 10 0 3 0 0 2 6 7 0 0 0 0 0 0 0 0 0 0 0 0 0 0 0 0 0 0 0 0 0 0 0 0 0 0 11 0 0 0 0 0 0 0 1 0 0 0 0 0 0 38 20 0 1 18 0 11 12 2 28 8 0 1 0 10 3 11 0 62 14 0 0 0 0 0 0 9 0 0 0 0 0 0 4 0 0 0 0 0 12 0 9 0 0 3 0 3 33 0 0 0 2 0 0 0 0 0 0 0 0 0 0 0 0 0 0 0 0 0 0 0 11 0 0 0 0 0 0 0 0 12 1 12 30 0 3 47 1 0 8 1 15 35 15 9 0 10 11 57 32 15 0 0 0 0 0 0 0 0 0 0 4 11 2 0 0 0 0 0 6 0 0 0 0 0 2 0 0 0 0 0 12 2 0 0 0 0 0 2 0 0 0 0 0 0 10 0 0 0 0 0 0 0 0 0 0 0 0 0 0 0 0 0 0 3 0 0 12 0 0 
 0 2 0 0 0 0 0 0 0 2 0 0 0 0 0 0 0 0 0 0 0 0 0 1 25 2 0 0 0 0 1 59 0 0 0 0 0 0 0 0 121 231 95 270 126 33 99 0 366 42 216 40 235 121 117 262 125 129 78 330 1 0 0 6 0 0 0 1 0 0 0 0 0 0 1 0 0 0 0 56 0 0 0 0 0 0 0 0 0 0 0 0 12 0 3 0 0 0 0 0 0 0 0 0 5 0 0 0 0 0 0 0 0 0 0 0 7 0 0 0 7 11 13 32 16 0 3 33 15 20 17 11 0 30 7 12 23 8 7 5 0 0 0 3 0 0 0 0 0 0 0 0 1 0 0 0 0 6 8 44 0 0 0 0 0 0 0 0 2 0 0 2 0 0 0 3 17 2 0 0 0 0 0 0 7 14 0 0 0 0 7 17 0 0 0 3 0 0 0 0 30 2 17 0 1 14 0 22 22 0 21 3 8 19 3 22 9 9 12 15 0 0 0 0 0 0 0 0 0 0 0 0 0 0 3 0 0 0 18 0 0 0 0 0 0 0 0 0 0 0 0 0 0 0 0 0 0 0 0 0 0 0 9 0 2 25 0 0 0 0 14 0 0 0 0 0 0 0 0 0 0 0 2 0 18 15 0 0 0 0 
 0 3 0 0 0 0 0 0 0 0 0 0 0 0 0 0 2 0 0 0 0 0 0 0 60 6 0 0 0 0 0 0 0 0 0 21 2 2 0 0 173 113 330 135 222 45 82 366 0 236 378 101 194 219 170 231 409 47 137 167 0 0 0 0 2 0 6 0 0 0 0 1 0 0 50 0 4 3 0 1 0 0 0 0 0 0 0 0 0 0 0 0 0 0 0 0 0 0 0 0 0 0 0 0 10 0 0 0 0 0 0 0 0 0 0 0 0 0 0 0 0 27 26 13 26 0 0 18 9 23 8 20 0 42 11 13 11 0 0 10 0 0 0 0 0 0 0 0 0 6 0 0 0 0 0 0 0 12 0 0 0 0 0 0 0 0 0 0 3 0 0 1 0 4 0 3 0 7 0 0 0 0 0 0 0 0 0 0 0 0 0 0 0 0 0 0 0 0 0 0 16 0 6 0 0 1 0 15 47 0 44 44 13 0 8 9 8 11 0 0 0 0 0 0 0 0 0 0 0 0 0 0 1 0 22 0 0 0 27 19 0 0 0 0 0 0 0 0 0 0 0 2 0 1 0 0 0 0 0 1 0 0 64 0 0 5 0 0 0 0 0 0 0 0 0 0 0 0 0 0 0 0 0 0 8 15 0 0 0 0 
 0 2 2 0 0 0 0 66 0 2 0 0 3 0 0 0 4 0 0 62 0 0 0 0 0 0 0 0 0 0 0 0 0 0 0 0 3 2 0 0 320 114 135 91 107 58 537 42 236 0 88 138 119 155 81 309 264 170 278 196 4 7 0 0 1 57 0 0 0 0 5 3 5 0 0 0 8 4 0 0 0 0 0 0 0 0 0 0 0 0 0 0 0 0 0 0 0 0 0 0 0 0 0 0 0 23 0 0 0 0 0 0 0 0 0 0 0 0 0 0 37 12 24 1 0 13 18 7 9 21 29 1 0 0 4 0 11 20 11 0 21 0 14 0 0 1 0 0 0 0 6 1 6 0 9 8 12 5 25 0 0 13 0 0 0 0 0 0 3 0 0 2 0 8 0 4 0 0 0 0 0 0 0 0 0 13 0 0 0 0 0 0 0 0 0 0 0 12 0 0 0 61 15 0 20 22 12 10 4 11 17 10 32 12 29 0 0 32 8 42 0 0 0 0 0 0 0 15 0 10 0 0 11 11 13 0 7 12 21 9 0 27 10 0 0 0 0 0 0 0 0 8 0 2 0 0 1 0 1 1 0 0 0 0 0 0 0 65 0 0 9 0 0 0 0 0 0 0 0 0 0 0 0 0 0 13 0 6 2 0 
 0 1 0 0 0 0 0 0 0 0 0 0 0 0 0 0 0 0 0 0 0 0 0 0 0 2 0 0 0 0 2 0 0 0 0 0 3 0 2 0 52 58 149 135 166 71 46 216 378 88 0 166 108 31 131 252 234 50 47 75 0 0 0 0 0 0 1 0 0 0 0 3 49 53 58 0 2 0 55 16 0 0 0 0 0 0 0 0 0 0 0 0 0 0 0 0 22 0 16 0 0 0 0 0 0 0 0 0 0 0 0 0 0 0 1 0 0 0 0 0 0 9 0 17 36 10 0 5 0 0 0 7 0 10 7 27 10 0 0 0 0 17 0 3 0 0 0 0 18 6 0 0 0 0 0 0 0 9 75 84 0 0 0 0 0 0 0 0 0 0 0 2 0 0 0 0 0 0 0 0 0 0 0 0 0 0 0 0 0 0 0 0 0 0 0 0 0 0 0 0 0 0 0 3 0 52 0 8 12 0 37 8 0 9 13 7 4 0 0 0 1 0 0 0 0 1 0 0 0 0 2 0 0 9 27 0 10 9 35 0 0 0 0 0 0 0 0 0 0 0 0 4 0 0 0 0 0 0 0 9 0 0 62 64 0 8 0 0 0 0 0 0 0 0 0 0 0 0 0 0 0 0 0 0 0 0 0 0 0 0 
 0 1 0 0 1 0 0 0 0 2 0 0 0 0 0 0 0 4 0 0 6 8 0 61 0 0 0 16 0 0 0 0 0 10 5 1 0 0 0 0 113 320 42 58 146 90 47 40 101 138 166 0 33 81 29 28 108 259 42 100 0 5 0 210 4 2 0 51 1 0 0 5 58 0 51 0 2 5 50 103 0 0 0 0 0 0 0 0 0 0 0 0 0 0 0 0 0 23 0 0 0 5 0 0 6 0 0 0 0 0 21 5 0 0 0 0 11 0 0 0 0 0 10 15 12 0 0 0 0 9 12 39 3 0 20 1 11 11 8 3 11 32 7 0 14 4 1 0 8 8 0 0 0 12 16 0 0 2 15 0 0 0 0 0 0 0 0 0 0 0 0 1 0 0 0 0 0 0 0 0 1 0 0 0 9 0 0 0 5 22 0 0 0 8 8 0 0 7 0 0 2 20 0 10 89 13 0 16 11 7 10 25 28 0 0 5 8 14 0 0 19 1 0 0 0 0 24 4 0 1 1 0 37 1 13 0 9 0 29 29 0 0 26 0 0 0 0 0 0 0 0 11 0 3 0 0 0 0 3 21 0 2 5 33 0 8 0 32 2 0 0 0 0 0 0 0 0 0 0 0 0 2 0 0 0 12 0 0 2 0 
 2 2 2 4 2 2 2 2 2 4 10 8 34 2 2 2 6 10 2 2 2 29 74 2 195 55 1 1 63 64 95 64 3 3 1 2 65 133 2 2 346 140 87 105 156 50 87 235 194 119 108 33 0 153 564 117 39 108 213 167 0 4 8 3 0 4 0 50 0 0 0 0 0 0 0 0 0 0 3 51 0 0 0 3 5 6 0 0 6 0 19 0 0 0 0 0 1 0 0 0 0 0 13 0 10 0 0 12 4 0 0 0 2 0 3 0 0 10 1 2 1 12 7 0 8 10 9 0 0 25 0 0 17 10 0 0 0 0 0 11 0 0 0 0 0 6 0 0 0 4 0 0 0 0 0 0 0 11 0 0 0 0 3 0 0 0 0 0 5 4 0 1 0 11 3 6 0 2 0 0 0 0 0 0 0 0 0 0 7 15 8 6 4 0 0 3 0 16 0 14 1 3 13 0 15 0 3 0 21 0 19 0 5 0 12 0 21 0 0 62 0 0 0 0 0 0 13 0 0 0 0 0 9 0 5 0 0 0 11 7 0 0 0 0 0 0 0 0 0 0 0 4 0 2 0 0 0 62 0 0 0 0 6 0 1 2 15 0 0 0 0 0 0 0 0 0 0 0 0 0 0 0 0 0 0 0 0 0 2 0 
 0 2 0 0 0 0 0 0 0 0 43 0 5 0 0 0 0 0 0 63 0 0 0 0 0 57 0 0 0 62 0 0 0 0 0 0 0 64 0 0 90 119 105 68 51 325 178 121 219 155 31 81 153 0 139 140 43 141 181 149 0 0 0 0 0 0 5 3 0 0 0 0 8 4 0 0 0 0 0 3 0 0 0 0 0 0 1 0 0 0 0 33 0 0 0 0 0 0 0 0 0 6 0 1 0 0 0 0 0 0 0 0 0 0 0 0 0 0 0 0 3 26 74 9 9 0 0 0 9 10 0 0 11 22 0 1 7 20 53 11 3 0 0 2 0 0 12 0 0 0 0 0 1 3 0 2 10 0 0 5 0 0 0 0 0 0 0 0 1 0 0 2 0 5 0 1 0 0 0 0 0 0 0 0 0 11 0 0 0 0 2 0 0 0 0 0 0 0 0 0 18 32 21 0 25 2 20 7 22 10 8 0 28 24 32 11 0 0 0 12 9 4 0 0 0 0 7 8 0 0 0 0 0 0 0 0 1 0 0 0 0 0 0 0 0 1 0 0 0 0 0 1 0 0 0 0 0 6 2 0 0 0 0 0 0 1 0 2 0 0 2 0 0 0 0 0 0 0 0 0 0 1 0 0 11 0 0 12 0 0 
 0 2 0 0 0 0 0 0 0 0 0 0 3 0 0 0 0 1 0 0 0 0 0 0 34 127 0 0 0 0 32 0 0 0 0 0 0 3 0 0 111 234 330 105 76 33 34 117 170 81 131 29 564 139 0 279 133 33 176 404 2 4 0 0 0 0 1 1 1 0 0 2 1 3 0 0 3 9 0 1 0 0 0 0 0 0 0 0 0 0 0 0 0 0 0 0 0 0 0 0 0 0 0 0 19 11 0 0 0 0 4 8 0 0 0 0 0 0 0 0 7 0 11 7 0 11 7 52 11 23 7 0 6 17 23 12 40 10 1 15 0 0 2 1 0 0 1 0 0 0 6 0 0 0 11 0 0 6 0 0 0 0 0 0 0 23 0 0 2 0 0 2 0 4 0 8 0 3 0 0 0 0 0 0 0 0 0 0 1 0 0 12 0 0 0 0 0 0 0 0 14 0 38 58 0 0 0 10 0 0 0 18 10 11 42 12 0 7 10 45 0 0 0 0 0 0 5 0 0 7 0 0 7 7 2 1 11 0 31 0 0 0 0 0 0 0 0 0 0 0 0 7 0 2 0 0 0 57 1 9 0 0 0 0 2 11 2 0 0 0 9 0 0 1 0 0 0 0 0 0 0 0 0 0 24 0 0 0 2 0 
 0 4 0 0 0 0 0 0 0 0 0 0 0 0 0 0 0 0 0 0 0 0 0 0 0 1 0 0 0 0 0 0 0 0 0 0 0 0 0 0 67 114 92 47 97 65 50 262 231 309 252 28 117 140 279 0 142 243 48 355 0 4 2 2 9 0 1 108 0 0 0 0 0 2 3 0 0 6 1 104 0 0 0 0 0 0 0 0 0 0 0 0 0 0 0 0 0 0 0 0 0 0 0 0 0 0 0 0 0 0 0 0 0 0 0 0 0 0 0 0 0 19 31 1 25 3 1 1 12 35 62 21 0 0 2 0 9 12 0 0 6 0 0 0 0 4 0 0 0 3 0 0 0 15 0 0 0 5 0 8 0 0 0 0 0 0 0 0 3 0 0 2 0 13 0 4 0 0 0 0 0 0 0 0 0 0 0 0 0 0 0 3 0 0 0 0 0 0 0 0 18 19 19 0 53 9 1 0 77 4 23 2 19 4 17 10 2 0 1 19 7 0 0 0 0 0 22 0 0 0 0 0 17 0 13 0 0 0 11 8 0 0 0 0 0 0 0 0 0 0 0 4 0 0 0 0 0 0 0 1 0 0 3 0 2 0 0 1 0 0 0 0 0 0 1 0 0 0 0 0 0 0 1 0 0 69 0 0 0 0 
 0 0 0 0 2 0 0 0 0 0 0 76 0 0 0 0 4 0 0 0 0 0 0 0 0 0 0 0 0 0 0 0 0 0 1 0 1 1 0 0 36 96 407 165 120 318 268 125 409 264 234 108 39 43 133 142 0 126 28 61 0 3 4 7 0 18 51 51 6 0 0 0 0 2 7 3 0 0 3 107 0 0 0 0 0 0 0 0 0 0 0 0 0 0 0 0 0 0 0 0 0 0 0 0 0 0 2 0 0 0 0 0 0 10 0 0 0 0 0 0 0 8 1 32 39 0 0 13 6 8 12 4 0 11 7 9 16 12 0 0 0 0 0 24 7 5 7 0 0 21 0 0 9 0 0 0 0 4 0 2 0 0 0 0 0 0 0 0 0 0 0 1 0 0 0 0 0 0 0 0 0 0 0 0 3 0 0 0 0 0 0 0 0 0 0 0 0 0 0 0 0 1 0 0 7 3 19 9 10 7 17 8 0 9 14 18 1 1 0 1 1 0 8 0 16 0 10 7 0 0 12 4 14 0 24 0 0 5 38 13 0 0 0 0 0 0 0 0 0 0 0 9 0 2 0 0 0 0 0 0 0 0 2 1 0 2 0 0 0 0 0 0 0 0 0 0 0 6 0 0 0 3 0 0 0 0 0 0 2 0 
 0 0 0 0 1 0 0 0 0 7 0 0 0 63 0 0 0 0 0 0 1 1 0 3 0 0 0 0 3 5 3 0 0 0 0 207 3 0 0 0 110 108 112 124 104 146 35 129 47 170 50 259 108 141 33 243 126 0 110 58 0 7 0 0 4 0 0 0 0 0 0 2 1 0 0 0 0 4 0 2 0 0 0 0 0 0 0 0 0 0 0 0 0 0 0 0 0 0 0 0 0 0 0 0 0 10 0 10 0 2 0 0 0 0 0 1 0 0 0 0 5 27 0 0 28 0 0 2 12 13 8 17 7 0 0 9 12 21 12 5 7 0 12 0 0 0 0 0 0 5 0 0 0 13 12 0 0 6 0 0 0 0 0 0 10 0 12 0 0 0 0 1 0 13 0 0 0 0 0 0 0 0 0 0 0 0 0 0 0 0 0 3 0 1 0 0 0 0 0 0 0 29 7 0 33 1 22 9 27 22 30 0 5 10 11 0 0 20 0 6 8 0 0 0 0 0 6 8 0 0 0 0 8 0 16 0 0 0 9 0 0 0 7 0 0 0 0 0 0 0 0 1 0 1 0 0 0 0 0 0 0 18 68 4 1 0 0 62 0 0 0 0 0 0 0 0 0 0 0 0 0 7 0 0 0 8 0 12 0 0 
 64 5 4 0 0 1 0 0 0 1 0 0 2 0 0 0 0 0 0 0 0 22 0 0 93 73 0 29 0 0 0 0 0 0 0 0 61 63 0 0 121 114 242 168 96 66 118 78 137 278 47 42 213 181 176 48 28 110 0 192 0 0 0 0 0 4 3 3 0 4 4 6 4 4 0 0 0 0 0 3 0 0 0 0 0 0 0 0 0 1 0 0 0 0 0 0 0 0 0 0 0 0 11 8 20 34 0 0 0 0 0 0 0 0 0 56 0 26 0 0 1 8 18 30 0 0 9 0 0 21 0 0 0 0 7 10 0 0 0 0 8 0 0 0 0 0 6 0 0 0 0 0 0 6 0 0 0 0 0 17 0 0 0 0 0 0 0 0 5 0 0 2 0 46 0 4 0 0 0 0 7 28 0 9 21 0 0 0 7 12 6 5 0 0 0 0 0 0 0 0 1 19 1 10 7 8 1 0 7 1 20 0 31 10 26 32 0 4 7 19 0 0 0 0 0 0 0 0 0 0 0 0 0 0 0 0 0 0 0 0 0 0 0 0 0 0 0 0 0 0 0 11 0 0 0 0 0 0 2 0 0 0 0 0 2 0 4 0 0 0 0 0 0 1 0 2 0 0 0 0 0 7 0 0 4 0 0 0 2 0 
 0 0 0 0 0 0 0 0 0 0 0 0 0 0 0 0 0 0 0 0 2 2 27 2 87 5 2 64 2 28 28 26 2 2 2 2 2 64 2 2 139 53 36 148 150 57 42 330 167 196 75 100 167 149 404 355 61 58 192 0 0 0 0 4 2 0 0 0 0 0 0 0 0 0 25 0 0 0 0 5 0 0 0 0 0 0 0 0 0 0 0 0 0 0 8 0 0 0 0 0 0 0 0 0 11 1 0 1 0 0 0 18 0 0 0 0 9 0 0 0 0 3 13 18 0 0 9 2 55 23 28 10 6 26 20 0 0 51 13 11 0 7 0 0 0 0 0 0 0 0 19 0 0 0 0 0 0 0 1 0 0 0 0 0 0 0 0 0 3 0 0 1 0 4 0 5 0 6 0 0 7 1 0 0 2 3 0 0 0 0 0 8 0 0 0 0 0 0 0 0 27 45 9 20 24 0 7 7 20 19 21 35 10 0 0 31 49 10 3 23 0 1 0 0 0 0 0 7 0 0 0 0 0 0 0 0 0 0 22 18 0 0 0 0 0 0 0 0 0 0 0 0 0 2 0 0 0 1 0 0 0 0 1 0 0 0 13 0 0 0 0 0 0 0 0 0 0 0 0 0 0 0 3 0 20 0 0 0 2 0 
 49 3 0 2 3 2 0 52 1 0 1 2 0 3 0 3 0 1 2 2 3 3 3 3 3 3 3 3 3 3 3 4 3 3 4 3 3 3 3 3 0 0 1 0 6 52 0 1 0 4 0 0 0 0 2 0 0 0 0 0 0 230 207 528 37 28 156 183 79 32 34 52 106 84 98 259 306 250 55 57 0 0 0 0 0 2 0 0 0 0 0 0 0 0 6 0 0 0 0 0 0 0 0 0 0 0 0 0 0 0 0 0 0 0 0 0 0 0 0 0 0 0 0 0 0 3 0 0 0 0 0 0 0 0 0 0 0 0 0 0 0 0 2 26 0 0 1 1 12 22 19 0 17 25 5 13 10 22 15 11 0 0 0 0 0 0 0 6 4 0 0 0 0 0 0 0 8 0 0 0 0 0 0 0 0 0 0 0 0 0 0 0 0 0 0 0 0 0 0 0 0 0 0 0 0 0 0 0 0 0 0 0 0 0 0 0 0 0 0 0 0 27 6 7 1 19 0 9 32 33 14 0 19 7 4 4 20 6 10 0 7 0 0 0 0 0 0 0 0 0 0 0 0 56 9 0 0 0 0 0 0 0 0 0 0 0 0 0 0 0 7 1 57 1 53 1 0 0 0 0 0 0 0 0 0 0 0 0 2 0 
