 0 206 177 258 475 43 147 157 56 109 114 296 194 732 128 46 224 103 47 50 2 0 3 3 0 0 0 0 0 2 0 0 3 2 2 1 0 2 0 0 0 0 0 0 0 0 0 0 0 0 0 1 0 0 0 2 0 0 2 0 0 3 0 0 0 3 0 0 1 60 0 3 0 1 0 0 42 3 0 0 30 18 0 2 0 11 24 38 20 2 0 0 2 16 46 44 17 16 0 14 0 2 6 7 0 0 0 0 0 0 0 0 0 0 0 0 0 0 0 0 0 0 0 0 0 0 0 0 0 2 0 0 0 0 0 0 0 1 3 0 0 0 0 0 0 0 0 2 0 0 1 0 0 2 0 1 0 0 0 0 40 39 10 0 0 12 38 7 0 0 42 10 0 7 12 0 26 1 42 9 0 0 0 0 0 0 0 0 0 0 0 0 0 0 0 0 0 0 0 0 0 0 0 0 0 0 0 0 1 0 0 0 0 0 0 0 12 0 0 0 0 0 0 0 0 0 0 0 0 0 0 0 0 0 0 0 0 0 0 0 0 0 0 0 0 0 4 0 2 136 0 3 0 0 0 0 0 0 0 0 0 0 0 0 0 0 0 0 0 0 0 0 0 0 0 0 39 0 0 0 0 0 0 0 0 0 0 0 0 0 
 206 0 188 192 39 53 253 151 246 25 205 214 66 143 70 126 238 115 44 37 2 0 37 5 0 1 0 3 0 2 2 0 7 2 0 2 0 0 0 75 0 0 3 0 0 0 0 3 3 0 0 0 0 0 2 5 3 0 0 3 2 3 0 1 0 3 0 0 0 44 0 3 0 2 0 0 0 3 0 0 0 31 9 35 19 25 0 1 0 25 13 46 12 23 40 2 22 55 0 0 0 0 0 0 0 0 0 0 0 0 0 0 10 0 12 0 0 0 0 0 0 0 0 0 0 0 0 0 0 0 0 0 0 0 0 0 0 0 0 0 13 0 9 0 0 0 0 0 0 0 0 0 0 0 0 0 0 0 0 0 0 0 0 35 34 0 18 14 21 46 0 11 54 0 0 0 4 15 11 17 0 0 0 0 0 0 0 24 0 0 0 0 0 24 0 0 0 0 0 17 0 0 0 0 0 0 0 0 0 0 0 0 0 0 0 0 0 0 0 0 0 0 0 0 0 0 0 0 0 0 0 0 11 0 0 0 0 0 0 0 0 0 0 0 0 1 0 0 5 88 11 12 0 0 0 0 0 0 0 0 0 0 0 0 0 0 0 0 0 0 0 0 0 0 0 0 12 0 0 0 0 0 0 0 0 0 0 0 0 0 
 177 188 0 363 328 254 286 83 121 265 217 247 154 65 88 52 258 354 50 95 5 0 4 6 0 0 0 2 0 4 1 0 8 4 1 20 1 1 0 71 0 0 2 0 0 0 0 3 1 0 0 1 0 0 18 5 3 0 0 3 2 3 32 1 0 3 0 0 0 54 0 3 7 0 0 0 0 3 0 0 14 1 0 11 9 0 17 12 0 34 3 20 14 42 28 21 43 18 0 0 7 0 0 0 0 0 9 0 0 0 0 0 0 3 0 0 0 0 0 0 0 34 0 0 0 0 0 0 0 0 0 1 0 0 0 0 0 0 0 0 0 0 0 0 0 0 0 0 18 0 0 0 0 0 2 0 0 0 1 0 16 0 3 16 12 3 10 0 0 18 49 49 20 9 11 0 5 2 4 6 16 0 0 0 0 0 13 1 0 0 0 0 0 22 0 2 0 1 4 0 0 0 0 2 0 0 0 0 0 0 0 0 0 0 0 0 0 0 0 0 0 0 0 0 0 0 0 0 8 0 0 0 0 5 5 0 0 0 0 0 0 19 0 0 0 0 2 1 2 2 0 15 0 0 0 0 0 0 0 0 0 0 0 0 0 0 0 0 0 0 0 0 0 0 2 0 0 0 0 0 0 0 0 0 0 0 0 0 0 0 
 258 192 363 0 312 55 292 168 246 273 141 169 470 71 122 53 526 64 68 218 4 0 2 3 2 163 0 0 0 2 0 0 119 2 2 0 0 0 79 2 0 0 0 0 0 0 0 1 0 0 0 0 27 0 0 3 0 0 0 2 0 5 0 0 0 3 0 0 0 41 0 3 0 0 49 3 0 3 0 1 14 0 15 22 11 0 29 10 10 37 26 0 12 52 28 3 18 18 0 0 0 0 0 0 0 0 15 0 0 0 0 0 0 0 0 0 0 0 10 0 0 0 0 0 0 0 3 0 0 0 0 0 0 0 0 0 0 0 0 0 0 0 0 0 0 0 0 0 0 0 0 0 0 0 0 0 0 0 0 0 15 28 24 0 1 2 28 0 0 32 8 35 19 41 29 14 44 11 0 6 9 0 0 0 0 0 9 15 0 0 0 0 10 0 8 0 0 0 6 28 0 1 0 0 0 0 0 0 0 0 0 0 0 0 0 0 15 0 0 0 0 0 0 0 0 0 0 0 0 0 0 0 0 0 0 0 0 0 0 0 0 0 0 0 0 2 0 1 0 93 0 18 0 0 0 0 0 0 0 0 15 0 13 0 0 0 0 0 0 0 0 0 0 0 2 0 0 0 0 0 0 0 0 0 0 0 0 0 0 0 
 475 39 328 312 0 169 68 131 306 55 185 169 49 518 56 81 52 56 59 77 5 1 3 7 1 2 1 0 22 3 6 1 5 75 2 2 2 1 94 19 0 0 0 0 0 0 1 0 2 0 0 0 0 0 0 2 0 3 0 0 0 3 0 0 0 38 0 4 2 3 2 6 2 2 0 0 0 3 0 0 0 0 6 0 0 0 0 0 0 0 0 2 0 0 17 0 0 0 0 0 17 0 0 0 0 17 0 6 14 0 14 0 0 8 0 14 0 0 0 6 0 0 0 0 0 0 0 21 0 0 0 0 1 0 0 0 0 0 0 0 0 0 0 0 0 15 0 0 0 0 0 0 0 0 0 0 0 0 0 0 0 0 12 0 0 0 0 0 0 0 0 0 0 0 0 0 0 9 7 0 20 14 1 0 1 0 1 0 0 0 0 0 0 0 7 0 0 0 25 0 0 0 0 0 0 0 0 0 0 0 0 0 0 0 0 0 0 0 0 0 0 0 0 0 0 0 9 0 0 0 0 0 0 0 0 0 0 0 0 0 0 0 12 0 0 0 2 3 2 2 3 8 0 0 0 0 0 0 2 0 0 0 0 0 0 0 0 0 0 0 0 0 0 0 0 0 0 0 0 0 0 0 0 0 0 0 0 0 0 0 
 43 53 254 55 169 0 61 44 442 69 193 69 54 117 55 76 65 160 43 47 2 15 2 3 0 0 4 81 0 3 1 0 34 4 1 0 75 2 1 229 0 0 0 0 0 0 0 0 0 0 0 0 0 0 0 2 0 0 0 0 1 7 0 0 3 2 0 0 20 3 0 3 0 0 0 0 48 3 0 1 59 6 29 15 70 13 0 0 4 13 29 32 0 0 0 17 27 13 0 0 24 0 10 9 0 0 8 0 2 0 0 0 16 0 1 0 8 19 13 19 0 9 0 0 0 0 3 0 0 0 0 0 0 0 0 0 0 0 0 0 0 0 0 0 0 0 0 0 0 0 1 0 0 9 0 0 0 2 0 0 37 0 0 29 72 44 0 0 0 14 18 13 0 20 0 0 15 36 0 0 7 0 0 15 0 0 23 31 10 9 9 1 42 1 22 9 0 11 14 0 0 0 0 0 0 0 0 0 0 0 0 0 0 0 0 0 0 0 7 0 0 0 0 0 0 0 0 0 1 0 0 0 0 0 0 0 0 0 0 0 0 18 0 0 0 1 1 1 45 5 0 15 0 0 0 0 0 0 0 0 0 0 0 0 0 0 0 0 0 0 0 0 0 0 0 1 0 0 0 0 0 0 0 0 0 0 0 0 0 0 
 147 253 286 292 68 61 0 116 345 51 36 54 85 160 61 282 172 155 120 153 2 0 2 3 0 2 0 0 0 2 31 2 3 2 0 0 0 0 0 0 0 0 0 0 0 0 0 0 0 0 0 0 0 0 0 2 0 0 0 0 0 3 0 3 0 3 0 0 0 38 0 3 0 4 0 0 0 3 0 0 22 21 1 0 0 0 26 20 22 1 0 0 14 53 23 19 2 51 18 37 0 0 0 0 0 0 0 0 0 0 0 10 0 0 0 0 12 0 0 0 18 6 0 0 0 0 0 0 0 0 0 0 0 0 0 0 0 0 0 0 0 0 0 0 0 0 0 0 0 0 0 0 0 0 0 0 0 1 0 15 29 28 10 0 0 0 36 15 30 49 0 17 12 42 15 0 2 0 0 19 1 0 0 0 0 0 0 0 0 0 0 0 0 0 0 0 0 0 0 0 0 0 0 0 0 0 0 0 0 0 0 0 0 0 0 0 0 0 0 0 0 0 0 0 0 0 0 0 0 0 0 0 0 0 0 0 0 0 0 0 0 0 0 0 0 0 0 2 0 1 2 8 0 0 0 0 0 0 0 0 0 0 19 0 0 0 0 0 0 0 0 0 0 0 0 19 0 0 0 0 0 0 0 0 0 0 0 0 0 0 
 157 151 83 168 131 44 116 0 66 96 28 253 139 261 138 34 63 330 53 259 5 0 7 6 0 0 0 4 2 5 13 3 3 2 0 2 0 6 78 2 0 0 0 4 0 0 0 4 3 0 3 0 0 4 2 2 1 0 0 0 0 5 0 1 3 3 6 0 1 3 0 6 2 4 5 0 0 4 0 0 0 19 9 10 77 12 36 14 31 22 1 0 0 56 15 29 14 26 18 75 0 0 0 0 0 21 0 0 0 0 0 0 7 0 14 0 19 0 0 0 0 0 0 0 0 0 0 0 0 0 0 0 0 0 0 0 0 0 0 0 0 0 0 0 0 11 0 0 3 0 0 0 0 0 0 0 0 0 0 0 0 33 0 14 30 24 35 23 1 4 12 0 0 12 27 11 21 0 15 27 0 0 0 0 0 0 0 0 0 0 0 0 0 13 0 0 0 15 1 0 0 0 0 0 0 0 0 0 0 0 0 0 0 16 0 0 0 0 0 0 0 0 0 0 0 0 0 0 0 0 0 0 0 0 0 0 0 0 0 0 0 0 0 0 0 0 0 0 0 116 16 11 106 0 0 0 0 0 0 0 0 0 0 0 0 2 0 0 0 0 0 0 0 0 2 0 28 0 0 0 0 0 0 0 0 0 0 0 0 0 
 56 246 121 246 306 442 345 66 0 131 124 216 156 130 507 240 216 425 80 56 4 0 2 3 0 0 0 0 0 2 0 1 3 3 1 36 0 0 0 98 0 0 7 0 0 0 0 0 0 0 0 0 0 0 0 2 0 0 0 0 50 3 2 0 0 2 0 0 2 3 0 3 0 1 0 0 0 3 0 0 0 13 6 20 10 1 0 0 19 6 28 18 0 0 1 0 11 28 0 0 53 9 0 0 0 0 0 0 0 0 0 0 10 0 18 0 0 0 0 10 0 1 0 0 0 0 0 0 0 2 0 0 0 0 0 0 0 1 0 0 0 0 0 5 0 0 0 9 0 0 0 0 0 2 7 1 0 8 0 0 2 19 5 8 20 0 2 14 36 10 9 9 16 10 0 29 30 7 8 20 0 0 0 0 0 0 1 8 0 0 0 0 0 17 7 0 0 0 0 12 7 0 0 0 1 0 0 0 1 0 0 13 0 0 0 0 27 0 0 0 0 0 0 0 0 0 0 0 0 0 0 0 0 0 0 0 0 0 0 0 0 0 0 0 0 0 3 0 87 1 16 93 0 2 0 0 0 0 0 0 0 0 14 0 0 0 0 0 0 0 0 0 0 0 0 19 0 7 0 0 0 0 0 0 0 4 0 0 0 0 
 109 25 265 273 55 69 51 96 131 0 63 41 50 160 93 178 160 154 164 277 2 0 2 3 2 0 0 2 1 2 0 0 79 3 74 0 4 0 22 157 2 0 0 3 2 0 0 0 2 0 2 0 0 0 0 2 0 0 0 0 0 3 0 0 0 3 0 2 0 2 0 4 0 9 0 0 0 3 0 36 0 0 19 26 28 0 32 42 1 24 38 31 0 0 20 0 30 10 0 18 18 7 0 1 0 0 11 7 0 0 0 0 13 33 16 0 28 0 13 16 0 0 0 0 0 0 0 0 0 0 0 0 0 0 0 0 0 0 1 0 0 0 0 1 0 0 0 0 0 0 0 0 0 0 0 0 0 0 0 0 10 17 32 34 0 0 10 13 13 0 21 30 10 0 0 15 0 5 9 11 12 0 49 0 0 0 52 0 0 0 0 0 16 0 0 0 0 0 21 13 0 0 0 0 0 0 0 0 0 0 0 0 2 0 0 0 0 0 0 0 0 0 0 0 0 0 0 0 0 0 0 0 0 0 0 0 0 0 0 54 0 19 0 0 2 2 91 0 0 88 0 9 18 0 2 0 0 0 0 0 0 0 0 0 0 0 0 0 0 0 0 0 0 0 0 15 0 3 0 0 0 0 0 0 0 0 0 0 0 0 
 114 205 217 141 185 193 36 28 124 63 0 343 15 40 61 57 157 30 124 261 76 2 4 3 0 0 1 84 0 2 0 0 82 76 0 5 0 6 75 75 2 0 0 0 0 4 0 0 31 0 0 0 0 0 7 2 3 5 2 0 0 9 0 0 8 3 0 0 3 34 1 3 0 0 0 35 0 6 0 0 20 28 0 0 20 21 0 0 0 18 20 2 2 1 0 10 17 20 0 0 19 0 0 0 0 0 1 0 10 0 0 0 3 18 6 0 0 0 11 10 0 0 0 0 0 0 0 0 0 0 0 0 0 0 0 0 0 0 0 0 0 0 0 0 0 0 0 0 0 0 0 0 0 6 0 0 0 0 0 0 13 0 0 4 1 43 0 0 0 26 0 0 17 15 18 0 23 14 6 0 0 0 19 22 0 0 0 16 0 13 21 1 13 0 24 9 0 11 9 7 0 0 0 0 0 0 0 0 0 0 0 0 0 18 0 0 0 0 0 0 0 0 0 0 0 0 0 0 0 0 0 0 0 0 0 0 0 0 0 0 0 0 0 0 0 0 0 0 92 1 0 4 0 2 0 0 0 1 0 0 0 0 0 0 0 0 0 0 0 0 0 0 1 0 0 0 0 0 0 0 0 0 0 0 0 0 0 0 0 0 
 296 214 247 169 169 69 54 253 216 41 343 0 31 127 36 147 399 175 33 150 2 0 2 3 0 0 0 0 0 2 0 0 5 4 0 1 0 0 0 1 0 0 0 0 0 0 0 0 0 0 0 0 0 0 0 2 0 0 0 0 0 3 0 0 0 3 0 0 0 49 0 3 0 3 0 0 0 3 0 0 16 27 0 19 52 16 10 17 15 25 1 0 4 14 2 14 54 12 0 18 22 0 0 0 0 0 0 0 0 2 0 0 4 0 0 0 0 0 0 0 0 0 0 0 0 0 13 0 0 0 0 0 0 0 0 0 0 0 0 0 0 0 0 0 0 0 0 0 0 0 0 1 0 7 0 0 2 0 0 0 14 47 0 11 5 16 22 44 0 15 16 0 10 22 19 7 63 7 17 1 0 2 0 0 0 16 0 0 0 0 1 0 14 2 0 0 0 0 0 0 0 0 0 0 0 1 0 2 0 0 0 0 0 0 0 0 0 2 0 0 0 0 0 0 8 0 0 0 0 0 0 0 0 2 0 0 0 0 0 0 0 0 0 0 0 0 6 2 10 93 0 2 20 0 0 0 0 0 0 0 0 0 72 0 0 0 0 0 0 0 0 0 0 0 0 0 24 0 0 0 0 0 0 0 0 0 0 0 0 0 
 194 66 154 470 49 54 85 139 156 50 15 31 0 240 79 229 156 204 363 235 2 0 2 3 0 0 0 0 65 2 98 0 205 3 0 0 0 0 0 0 0 0 0 0 0 0 0 0 0 0 0 0 0 0 0 2 0 0 0 0 0 3 0 0 0 2 0 0 2 3 0 3 0 1 0 0 0 3 0 0 40 15 11 0 0 15 12 18 46 0 0 0 15 26 14 15 0 14 20 52 0 0 0 0 0 0 0 0 0 2 0 0 0 0 0 0 45 0 0 19 0 0 0 0 9 0 0 0 0 0 0 0 0 0 0 21 0 0 0 0 0 0 0 0 0 0 0 0 5 0 0 0 0 0 0 0 2 3 0 0 57 16 0 0 0 0 11 0 19 0 0 5 0 7 36 0 0 0 8 18 0 0 0 0 0 0 0 1 0 0 8 0 0 0 0 0 1 0 0 0 0 0 11 15 0 2 0 1 0 0 0 0 0 0 0 0 0 0 0 0 0 0 0 0 0 0 0 0 0 0 0 0 1 2 0 0 0 0 0 0 0 0 0 0 0 0 2 0 4 87 2 19 0 0 0 0 0 0 0 0 0 0 0 0 0 0 0 0 0 0 0 0 0 0 0 17 11 0 0 0 0 0 0 0 0 0 0 0 0 0 
 732 143 65 71 518 117 160 261 130 160 40 127 240 0 88 139 41 259 67 312 2 5 2 3 0 0 2 1 0 2 50 0 3 4 0 1 2 0 0 4 0 0 0 0 0 3 0 0 2 0 0 0 2 0 5 2 0 0 0 0 0 4 0 0 0 3 1 0 0 3 0 3 0 4 2 0 0 3 3 0 16 6 0 19 52 17 7 28 27 15 0 0 0 0 39 20 41 17 0 27 0 0 0 18 0 0 0 0 0 2 0 0 2 0 0 0 11 0 0 0 0 0 0 0 21 7 0 0 0 0 0 0 0 0 0 0 0 0 10 0 0 0 0 0 0 1 0 0 0 0 0 1 0 5 0 0 2 0 0 1 15 17 0 11 23 15 39 31 3 20 30 0 1 14 0 0 25 9 24 12 0 1 0 0 24 0 0 19 0 0 1 0 13 1 0 0 0 0 0 1 0 0 0 0 0 2 0 2 0 0 0 0 0 0 0 0 0 2 0 0 1 0 0 11 1 0 1 0 0 0 0 0 1 2 0 0 0 0 0 0 0 0 0 0 0 1 0 2 2 88 0 8 14 1 2 0 0 0 0 0 0 0 0 0 0 0 0 0 0 0 0 0 0 0 0 1 36 0 0 0 0 0 0 0 0 0 0 0 0 0 
 128 70 88 122 56 55 61 138 507 93 61 36 79 88 0 69 54 125 64 209 3 0 2 3 0 0 0 0 1 2 4 0 3 4 1 0 1 0 2 3 0 0 0 0 0 0 63 0 0 0 2 0 0 0 0 2 0 0 0 0 0 3 2 1 0 3 0 0 0 1 0 2 0 0 0 0 0 3 0 0 0 0 41 14 0 0 64 1 10 1 10 0 37 35 0 0 0 0 45 10 0 0 0 0 0 0 0 0 0 0 0 0 0 0 0 0 0 0 0 15 0 0 0 0 0 0 0 0 0 1 0 0 0 0 0 0 0 1 0 0 0 0 0 0 0 0 0 0 8 3 0 0 0 0 0 1 0 1 0 0 2 28 20 0 1 0 31 0 2 4 23 2 9 6 27 14 25 23 0 15 0 0 0 0 0 13 0 0 0 0 0 0 0 0 0 0 0 0 0 14 0 0 0 0 0 0 0 0 0 0 0 0 0 0 0 0 0 0 0 0 0 0 0 0 0 0 0 0 0 0 0 0 0 0 0 0 0 0 0 0 0 0 0 0 0 0 2 0 1 95 0 10 0 0 0 0 0 0 0 0 0 0 13 0 0 0 0 0 0 0 0 0 0 0 0 0 0 0 0 0 0 0 0 0 0 0 0 0 0 0 
 46 126 52 53 81 76 282 34 240 178 57 147 229 139 69 0 117 94 42 67 3 1 2 3 0 0 1 2 1 4 120 71 6 5 0 1 2 1 0 73 0 0 0 2 0 0 0 0 0 1 0 0 1 0 0 5 0 0 0 0 1 4 0 0 2 3 0 0 4 3 0 3 0 2 0 0 0 3 4 0 17 12 0 12 1 0 13 0 40 1 9 12 9 16 0 20 0 14 29 9 9 9 0 0 0 0 0 0 0 0 0 0 12 17 0 0 1 0 0 12 0 0 0 0 0 0 0 0 0 0 0 0 0 2 0 0 0 0 0 0 0 0 0 4 0 0 2 0 0 0 0 0 0 0 0 0 0 0 0 0 76 27 0 3 0 10 34 27 23 38 8 11 9 19 15 14 10 0 0 7 0 0 0 0 0 0 14 0 0 0 0 0 1 0 0 0 0 0 0 0 0 0 0 0 0 0 0 0 0 0 0 2 0 25 0 0 0 0 0 0 0 0 0 0 0 0 0 0 0 0 0 0 0 0 0 2 0 0 0 0 0 0 0 0 0 1 84 0 2 2 0 8 0 0 0 0 0 0 2 0 0 0 13 1 0 0 0 0 0 0 0 0 0 0 0 30 19 11 0 0 0 0 0 0 0 0 0 0 0 0 
 224 238 258 526 52 65 172 63 216 160 157 399 156 41 54 117 0 368 89 132 2 0 2 3 0 0 0 0 0 4 0 0 3 2 0 0 0 0 0 0 0 0 0 0 0 0 0 0 0 0 0 0 30 0 0 2 0 0 0 0 0 3 0 0 0 3 0 0 0 54 0 3 0 0 0 0 0 3 0 0 15 21 10 74 0 11 34 28 16 1 16 0 15 17 26 10 4 29 0 14 0 0 0 0 0 0 0 0 0 0 0 0 0 0 13 0 0 0 0 0 0 0 0 0 0 0 0 0 0 0 0 0 0 0 6 0 0 0 0 0 0 0 0 0 0 0 0 0 0 0 0 0 0 0 0 0 0 0 0 0 3 22 22 0 0 1 51 17 17 20 13 12 11 14 9 0 9 11 6 36 1 0 12 0 0 0 0 8 0 0 0 0 0 0 0 0 0 0 0 18 0 1 0 0 0 21 0 0 0 0 7 0 0 5 0 0 0 0 0 0 0 0 0 0 0 0 0 0 0 0 0 0 0 0 0 0 0 0 0 0 0 0 0 0 0 0 1 0 0 179 0 0 2 0 0 0 0 0 0 0 0 0 17 0 0 0 0 0 0 0 0 0 0 0 0 0 11 0 0 0 0 0 0 0 0 0 0 0 0 0 
 103 115 354 64 56 160 155 330 425 154 30 175 204 259 125 94 368 0 30 120 80 0 2 3 0 0 0 0 0 89 0 0 5 76 0 0 0 0 98 147 0 0 0 0 0 0 0 0 0 0 0 0 0 0 0 2 0 0 0 0 0 3 0 2 0 3 0 0 0 4 0 1 0 0 0 0 0 3 0 0 14 26 0 9 10 25 14 0 54 10 12 9 0 28 0 42 0 0 0 0 11 5 0 0 0 0 0 0 0 0 0 0 12 15 0 0 3 0 0 4 0 15 0 0 0 0 0 0 0 0 0 0 0 0 0 0 0 0 0 0 0 0 0 13 0 0 0 0 0 0 0 0 0 0 0 0 0 1 0 0 1 14 11 0 25 20 16 18 15 0 12 30 0 36 23 17 38 0 0 0 0 0 15 0 0 0 23 0 0 0 0 0 0 15 0 0 0 0 2 0 0 0 1 0 2 0 0 0 0 0 0 0 0 1 0 0 9 0 0 0 0 0 0 2 0 0 0 0 0 0 1 0 0 0 0 0 0 0 0 0 0 1 0 0 0 0 87 0 0 6 0 3 0 0 0 0 0 0 0 0 0 0 0 0 0 0 0 0 0 0 0 0 0 0 0 16 19 24 0 0 0 0 0 0 0 0 0 0 0 0 
 47 44 50 68 59 43 120 53 80 164 124 33 363 67 64 42 89 30 0 101 2 0 2 5 0 2 0 0 0 5 2 0 4 2 0 0 0 9 1 0 0 0 0 0 0 0 0 0 6 0 0 2 0 0 0 2 1 0 63 0 0 3 0 0 0 3 0 0 0 3 0 4 0 5 0 0 0 3 0 0 29 0 13 0 0 0 30 26 1 0 0 0 0 13 19 16 0 0 0 0 0 0 0 0 0 0 0 0 1 0 0 0 2 0 0 0 0 0 1 0 0 0 0 0 0 0 0 0 0 0 0 5 0 0 0 0 0 0 0 0 0 0 0 0 0 0 0 0 0 0 0 0 0 0 0 0 0 6 0 0 12 0 6 0 0 1 0 0 0 0 5 11 1 19 8 0 0 0 0 21 0 0 0 0 0 0 0 0 0 0 0 0 0 0 0 0 0 0 1 0 0 0 0 0 0 0 0 0 0 2 0 0 0 2 0 2 0 0 0 0 0 0 0 1 0 0 0 0 0 0 2 0 0 0 0 0 0 0 0 0 0 0 0 0 0 0 4 0 0 0 0 7 0 0 0 0 0 0 2 0 0 0 0 0 0 0 0 0 0 0 0 0 0 0 0 0 0 0 0 0 0 0 0 0 0 0 0 0 0 0 
 50 37 95 218 77 47 153 259 56 277 261 150 235 312 209 67 132 120 101 0 2 32 2 3 0 3 0 0 58 2 2 2 5 2 0 3 0 3 0 9 2 36 0 0 0 7 0 0 0 0 3 0 0 0 0 5 69 0 2 0 2 3 0 2 2 10 2 1 1 3 0 3 0 32 0 0 0 3 3 0 32 2 19 2 0 12 37 24 18 8 0 0 0 22 26 6 20 15 24 27 0 0 0 0 0 0 0 0 0 0 0 0 0 0 0 0 13 0 8 0 0 0 0 0 0 0 0 0 0 0 0 0 0 0 0 0 0 2 0 0 0 0 0 0 0 0 0 0 7 0 2 0 0 0 0 0 0 1 0 0 33 38 19 6 0 1 10 1 7 0 12 13 0 11 21 0 14 0 16 52 0 0 0 0 0 0 0 0 0 0 0 0 0 0 0 0 0 0 0 2 0 0 0 0 0 0 0 0 0 0 0 0 2 0 0 0 0 0 0 0 0 0 0 0 0 0 0 0 0 0 11 2 0 0 0 0 0 0 0 0 0 0 0 0 0 0 0 2 0 139 0 5 0 0 0 0 0 0 0 0 0 0 0 0 0 0 0 0 0 0 0 0 0 0 0 0 10 0 0 0 0 0 0 0 0 0 0 0 0 0 
 2 2 5 4 5 2 2 5 4 2 76 2 2 2 3 3 2 80 2 2 0 108 186 166 100 240 343 245 103 198 325 244 284 248 203 177 268 58 128 40 0 0 0 0 0 0 2 2 1 1 0 0 1 9 0 3 3 6 1 1 0 0 3 0 0 0 0 4 0 2 0 3 3 0 0 0 0 3 0 0 0 0 0 2 1 0 0 0 0 0 0 0 0 0 0 0 0 0 0 0 0 7 14 2 0 15 14 0 8 18 18 9 0 23 32 11 19 3 0 12 0 0 1 0 0 0 0 0 0 0 5 0 0 0 0 0 0 0 0 26 2 0 0 4 0 0 0 1 0 0 0 0 8 0 0 0 0 0 0 0 0 2 0 0 0 1 9 0 0 0 0 0 0 0 0 0 0 0 0 0 0 10 34 36 21 1 0 32 18 22 17 21 0 32 10 34 10 43 15 20 0 0 0 0 0 11 0 0 0 0 0 0 19 0 1 0 0 0 1 6 0 0 2 0 2 11 0 0 0 0 0 0 0 0 0 0 0 0 0 0 0 0 0 0 0 0 0 0 0 0 0 0 0 0 19 1 2 1 78 2 1 8 0 0 0 0 0 0 0 0 0 0 0 0 0 0 0 0 0 0 0 0 0 0 0 0 0 0 0 0 
 0 0 0 0 1 15 0 0 0 0 2 0 0 5 0 1 0 0 0 32 108 0 325 113 71 39 159 177 368 39 114 34 55 131 55 252 209 147 104 37 1 0 0 0 0 0 0 1 0 0 0 0 0 3 0 3 101 0 65 0 0 4 3 0 4 0 0 0 2 0 0 0 3 49 0 0 0 3 0 0 0 0 0 0 0 9 0 0 0 0 0 0 0 1 0 0 0 0 5 0 24 11 30 80 17 9 8 7 0 13 11 30 6 0 0 20 7 26 11 10 13 0 0 0 0 0 29 0 0 0 0 0 29 36 22 0 0 0 14 6 0 1 0 0 0 0 1 4 0 0 1 0 0 0 0 0 0 0 0 0 0 26 0 1 0 14 0 25 0 0 0 0 0 0 0 0 0 0 0 0 5 8 28 13 0 20 6 13 10 14 7 2 6 0 13 27 28 47 22 0 8 0 1 0 0 0 0 27 0 0 0 0 2 11 43 0 0 0 18 12 0 0 0 0 0 0 0 0 0 0 1 0 0 0 0 0 0 0 0 0 0 0 12 0 0 0 0 0 0 0 0 0 0 0 12 2 0 0 77 2 2 2 0 0 0 0 0 0 0 0 0 0 0 1 0 0 0 1 0 18 0 55 0 0 0 0 0 0 0 0 
 3 37 4 2 3 2 2 7 2 2 4 2 2 2 2 2 2 2 2 2 186 325 0 353 138 63 156 346 113 193 337 105 172 66 115 74 49 173 28 34 0 0 0 0 0 0 63 0 0 0 0 0 59 9 0 2 0 0 0 0 3 0 3 17 0 0 3 0 0 0 0 0 3 1 0 0 0 4 0 0 0 0 0 0 0 0 0 0 0 0 0 0 2 0 0 0 0 0 0 0 0 5 20 1 1 39 15 15 9 22 1 38 0 53 0 20 0 33 6 0 9 0 0 4 0 2 33 11 0 0 12 0 19 0 38 0 0 0 19 76 14 0 0 0 0 0 1 0 0 0 0 0 0 0 0 0 0 0 0 0 1 0 0 0 0 0 0 0 0 0 0 0 0 0 0 0 0 0 0 0 0 1 18 15 44 33 0 21 1 10 2 22 19 0 9 35 1 58 0 17 15 0 0 0 0 0 1 16 0 0 0 0 0 1 15 0 0 1 13 12 0 0 0 0 0 0 0 0 0 0 0 0 0 21 0 5 0 1 0 0 0 0 0 0 0 0 0 0 0 0 0 0 0 0 12 1 2 0 153 0 0 12 0 0 0 0 53 0 0 1 0 0 0 1 0 0 0 0 0 0 0 0 0 0 0 10 13 0 0 0 
 3 5 6 3 7 3 3 6 3 3 3 3 3 3 3 3 3 3 5 3 166 113 353 0 270 19 194 177 88 99 171 196 59 142 71 100 124 172 149 61 0 63 0 0 2 0 62 70 1 1 28 0 26 68 62 2 0 0 0 272 21 0 2 2 41 0 3 0 0 0 0 0 3 0 0 0 0 2 0 0 0 0 0 0 0 1 0 0 0 0 0 0 0 0 0 0 0 0 0 0 6 0 8 0 1 13 17 28 1 24 2 2 0 1 0 23 0 12 0 0 0 8 1 7 0 0 7 55 0 0 10 0 15 0 2 0 7 0 58 40 0 0 0 0 0 0 0 0 0 0 0 0 0 0 0 0 17 59 0 0 0 0 0 0 0 0 0 0 0 0 0 0 40 20 0 13 0 0 0 0 12 10 14 10 29 19 0 6 20 22 14 35 0 46 0 0 14 14 8 21 10 30 0 0 1 0 0 7 15 0 0 0 13 1 10 0 0 0 0 1 0 0 0 1 0 0 0 0 0 0 0 0 0 0 0 0 0 0 0 37 0 0 0 0 0 0 0 0 0 0 0 0 0 0 4 0 2 79 0 2 0 5 0 0 0 0 9 0 0 0 0 0 0 0 1 0 0 0 0 6 0 0 0 0 14 0 13 0 0 0 
 0 0 0 2 1 0 0 0 0 2 0 0 0 0 0 0 0 0 0 0 100 71 138 270 0 46 188 103 58 91 241 125 88 59 171 226 295 138 65 78 0 36 0 0 0 0 1 145 0 0 3 0 61 88 79 66 0 0 0 28 0 0 4 0 0 0 0 5 0 0 0 0 3 0 0 0 0 2 0 32 0 0 0 0 0 0 0 0 0 0 0 0 0 0 0 0 0 0 0 0 0 9 1 1 56 11 14 7 9 22 0 11 0 0 0 23 0 34 0 0 15 29 0 16 0 0 1 8 0 0 0 0 19 41 15 0 0 0 37 15 0 0 0 0 0 2 7 0 0 0 0 0 0 0 0 0 0 0 0 0 0 0 1 0 0 2 0 0 0 0 0 1 4 6 0 2 0 0 0 0 12 7 0 14 0 19 0 12 13 26 14 30 0 0 0 56 27 0 0 1 0 12 0 17 0 2 0 3 15 0 0 0 12 0 9 0 0 0 10 0 0 0 0 0 0 0 0 0 0 0 0 0 0 0 0 0 0 0 0 0 0 0 8 0 0 2 0 0 0 0 0 0 0 0 4 0 0 81 75 2 5 10 0 0 0 0 0 0 0 0 0 0 0 0 0 0 0 0 0 0 0 9 0 0 0 0 1 0 0 0 
 0 1 0 163 2 0 2 0 0 0 0 0 0 0 0 0 0 0 2 3 240 39 63 19 46 0 38 43 51 45 99 122 195 50 65 64 62 221 47 154 94 101 0 65 2 0 16 72 132 0 0 0 0 34 62 134 0 77 86 63 0 53 8 3 0 2 0 2 0 2 0 0 3 0 2 2 3 4 0 3 0 0 0 0 0 0 0 0 0 0 0 0 3 0 0 0 0 0 0 0 0 0 0 0 0 0 0 0 0 0 0 0 0 0 0 2 0 0 0 0 13 1 31 16 0 0 0 34 10 23 10 12 11 0 20 21 10 30 0 30 0 0 2 0 0 0 0 0 0 0 0 0 0 0 4 0 0 0 0 0 11 0 0 0 0 0 0 1 0 0 0 0 1 1 0 5 0 0 0 0 0 0 0 0 10 1 0 0 0 0 0 0 0 0 0 0 0 0 0 0 1 22 22 0 0 2 51 0 10 18 11 7 40 29 0 10 8 10 0 13 0 0 0 0 0 0 0 0 0 0 0 0 0 0 1 0 0 0 0 0 0 0 0 0 0 0 0 0 0 0 0 0 0 0 3 0 1 0 0 2 0 0 1 0 64 0 0 0 0 0 44 0 0 0 0 0 0 0 0 0 0 0 0 0 11 0 0 0 0 0 
 0 0 0 0 1 4 0 0 0 0 1 0 0 2 0 1 0 0 0 0 343 159 156 194 188 38 0 332 121 112 195 49 314 173 167 240 125 109 46 48 0 8 0 0 0 0 0 3 0 0 0 0 0 8 31 2 0 0 0 0 3 0 2 0 0 0 1 3 9 0 0 0 3 0 0 0 0 2 0 0 0 0 0 0 0 1 0 0 0 0 0 0 0 0 0 0 0 0 0 0 22 43 20 0 10 23 29 27 13 38 0 0 10 3 1 0 23 28 0 33 0 0 0 0 0 0 0 0 0 0 0 0 12 0 0 0 0 0 22 15 0 0 0 0 0 0 0 0 0 0 0 0 8 0 0 0 0 0 0 1 0 0 0 2 0 0 0 0 0 0 0 0 0 0 0 0 0 0 0 0 29 18 0 11 57 10 0 48 9 36 82 17 0 43 13 13 31 0 13 14 0 0 0 0 0 0 0 0 0 0 0 0 6 0 0 0 0 0 9 10 0 0 0 0 0 0 0 0 0 0 0 0 0 0 0 0 10 0 0 0 0 0 0 0 0 0 0 0 0 0 0 0 0 0 7 0 5 77 1 0 16 8 0 0 0 0 0 0 0 0 0 0 0 0 0 0 0 0 0 17 0 0 0 0 0 0 0 0 0 0 
 0 3 2 0 0 81 0 4 0 2 84 0 0 1 0 2 0 0 0 0 245 177 346 177 103 43 332 0 173 126 592 36 302 131 72 85 139 279 125 39 0 7 0 2 0 3 0 8 68 0 2 1 3 4 5 5 2 0 79 0 0 4 3 3 8 0 0 0 4 0 0 0 3 0 0 0 0 3 0 0 27 0 0 2 0 17 8 0 0 0 0 0 0 0 0 0 0 0 0 0 13 11 36 34 17 5 2 18 17 18 31 0 27 31 19 8 13 10 13 14 0 0 1 0 0 0 21 0 0 0 0 0 12 0 0 0 0 0 4 0 2 0 0 11 0 0 0 0 0 0 0 0 15 0 0 0 0 0 0 0 0 2 0 0 0 22 12 0 0 0 0 0 0 0 0 0 0 0 0 0 1 0 23 45 22 18 12 55 40 26 85 31 12 33 21 0 30 20 13 3 0 0 0 0 0 0 0 0 0 0 0 0 0 1 0 0 0 0 8 16 0 0 0 0 0 0 0 0 0 0 0 0 0 0 0 0 0 0 0 0 0 0 0 0 0 0 0 0 0 2 0 0 0 0 5 2 2 41 0 3 1 12 0 0 0 0 0 0 0 0 0 2 0 0 0 0 0 0 0 0 0 0 0 0 0 0 0 0 0 0 
 0 0 0 0 22 0 0 2 0 1 0 0 65 0 1 1 0 0 0 58 103 368 113 88 58 51 121 173 0 160 280 82 207 305 384 47 112 115 231 55 0 0 0 0 0 0 63 33 0 0 0 0 59 2 0 3 0 0 2 0 3 0 3 15 0 0 3 0 0 0 0 0 3 0 0 0 0 2 0 0 0 0 0 0 0 15 0 1 0 0 0 1 0 0 0 0 0 0 0 0 1 14 4 0 0 46 1 18 17 10 26 29 14 17 9 31 22 0 19 8 10 0 0 0 0 0 28 11 0 0 0 0 59 0 39 5 0 0 20 2 0 0 0 0 0 0 0 0 0 0 0 0 0 0 0 0 0 1 0 0 0 1 0 0 0 9 0 0 0 0 0 0 11 0 0 0 0 0 0 0 20 21 14 8 28 0 1 0 0 0 0 0 9 0 7 12 8 5 10 16 15 0 0 22 2 0 0 12 2 0 0 0 0 3 14 0 0 0 11 27 0 0 2 0 2 0 0 2 0 0 0 0 0 0 0 0 42 1 0 0 0 0 0 0 0 0 0 0 0 0 0 0 0 0 13 0 0 1 76 2 2 2 0 0 0 0 46 0 0 0 0 0 0 0 0 0 0 0 0 0 0 0 0 0 0 0 14 0 0 0 
 2 2 4 2 3 3 2 5 2 2 2 2 2 2 2 4 4 89 5 2 198 39 193 99 91 45 112 126 160 0 130 111 111 283 177 148 207 342 203 81 0 6 0 0 0 0 0 27 0 64 0 0 0 2 0 2 0 0 4 0 0 0 2 0 0 0 0 4 2 0 0 0 4 0 0 0 0 2 0 0 0 0 0 0 0 12 0 0 0 0 2 0 0 1 0 2 0 2 0 13 0 8 18 0 11 2 28 20 32 26 61 0 0 17 13 21 0 18 16 6 0 0 0 0 0 0 0 0 0 0 0 0 15 1 0 2 0 0 11 0 0 0 0 0 0 0 0 0 1 3 0 0 14 0 0 0 0 0 0 0 0 0 0 0 0 0 7 0 0 0 0 0 0 0 2 0 0 0 0 0 12 42 39 19 19 38 0 0 15 46 17 57 15 29 10 8 20 51 14 59 0 0 0 0 0 0 2 0 0 0 0 0 13 0 0 0 0 0 10 0 0 5 0 1 0 0 0 0 0 0 0 0 0 0 0 0 0 0 0 0 0 0 0 0 0 0 0 0 0 0 0 0 0 0 11 2 0 77 0 0 1 2 0 0 0 0 0 0 0 0 0 0 0 0 0 0 0 0 0 0 0 0 0 0 0 4 1 0 0 0 
 0 2 1 0 6 1 31 13 0 0 0 0 98 50 4 120 0 0 2 2 325 114 337 171 241 99 195 592 280 130 0 58 111 121 211 270 194 73 109 55 0 64 0 0 0 0 72 56 1 0 3 0 0 71 67 3 0 0 1 68 0 0 3 0 0 0 0 0 0 0 0 0 3 1 0 0 0 4 0 0 10 10 0 0 0 0 0 0 20 29 0 0 13 11 0 10 0 0 0 0 2 22 6 9 0 14 4 2 0 22 11 5 0 0 0 0 9 0 0 0 0 14 0 0 0 9 0 9 0 0 0 0 9 0 0 0 0 0 35 0 0 0 0 0 0 0 0 0 26 0 0 0 0 0 0 0 0 0 0 0 29 0 0 0 0 0 0 2 10 0 0 0 6 9 9 0 0 0 0 0 6 0 20 16 40 19 0 17 12 16 40 22 0 12 0 10 11 0 1 13 4 25 0 0 0 0 0 0 12 0 0 0 0 3 0 0 0 0 12 19 0 0 0 0 0 0 0 0 0 0 0 0 0 0 0 0 0 0 0 0 0 0 9 0 0 0 0 0 0 0 0 0 0 0 1 0 3 30 52 1 1 7 0 0 0 0 0 0 0 0 0 0 0 0 0 18 0 0 0 1 0 0 0 0 0 0 0 0 0 0 
 0 0 0 0 1 0 2 3 1 0 0 0 0 0 0 71 0 0 0 2 244 34 105 196 125 122 49 36 82 111 58 0 29 77 30 38 174 309 30 19 1 123 0 0 0 0 0 19 0 0 0 0 26 62 0 65 57 69 19 0 13 0 3 9 0 0 4 0 0 0 0 1 3 0 0 0 0 2 0 0 0 0 2 0 0 0 0 0 0 0 0 0 0 0 0 0 8 0 0 16 0 0 0 9 36 31 0 27 0 0 0 0 0 0 0 68 0 18 0 0 25 1 12 1 0 0 9 28 11 27 0 0 14 38 23 0 0 0 29 11 0 2 0 0 0 0 0 0 31 0 1 0 0 0 0 0 0 0 0 0 0 0 0 0 0 0 5 0 0 8 0 0 0 0 0 0 0 0 0 0 0 21 0 10 23 0 0 0 9 20 0 48 0 1 0 18 12 18 0 0 15 14 0 0 0 0 19 5 0 0 0 0 18 13 10 10 0 0 20 5 0 2 0 0 0 0 0 0 0 2 0 0 0 0 0 0 0 0 0 0 0 0 3 0 0 0 0 0 0 0 0 1 0 0 5 2 0 1 2 2 0 0 0 0 0 0 11 2 0 0 0 0 0 0 0 0 0 0 0 0 0 10 0 0 26 0 19 0 0 0 
 3 7 8 119 5 34 3 3 3 79 82 5 205 3 3 6 3 5 4 5 284 55 172 59 88 195 314 302 207 111 111 29 0 98 109 121 214 258 379 42 0 13 0 0 0 0 0 41 0 0 0 2 0 2 0 3 0 0 4 0 0 8 3 0 4 0 0 0 6 0 26 0 3 2 0 34 0 2 0 2 0 0 0 0 40 23 0 2 0 15 20 0 0 0 0 0 0 1 0 0 6 0 8 6 0 0 43 0 19 0 53 0 7 0 1 2 7 66 29 25 0 0 0 0 0 0 0 0 16 0 0 0 11 0 1 0 0 0 12 0 19 0 0 0 0 0 0 0 0 0 0 0 0 0 2 0 0 1 0 0 0 0 8 0 0 15 0 0 0 0 0 0 0 0 0 0 0 0 0 15 39 19 44 21 9 27 6 30 24 22 26 3 71 14 31 10 6 15 11 49 0 0 0 0 2 0 0 0 0 0 0 0 0 0 0 0 0 5 0 0 0 1 0 2 0 0 0 0 0 0 0 20 0 0 0 0 0 0 0 0 0 0 0 0 0 0 0 0 1 1 1 0 0 0 13 0 2 81 0 2 22 0 0 0 0 0 2 0 0 0 0 0 0 0 0 0 0 0 0 0 0 0 0 0 0 0 0 0 0 0 
 2 2 4 2 75 4 2 2 3 3 76 4 3 4 4 5 2 76 2 2 248 131 66 142 59 50 173 131 305 283 121 77 98 0 172 110 105 118 136 130 0 0 0 0 0 0 46 2 0 0 0 0 0 2 0 3 63 0 0 0 4 0 3 0 0 0 0 0 0 1 0 0 3 0 0 0 0 3 0 0 0 0 1 0 0 2 0 0 0 0 3 1 0 2 0 1 0 0 0 0 22 58 41 0 0 0 5 16 18 8 1 0 37 31 48 17 80 22 7 12 0 0 0 0 0 0 0 3 0 0 0 0 0 0 0 0 0 0 2 0 0 0 0 0 0 0 0 0 2 0 0 0 16 0 0 0 0 0 0 0 0 0 0 12 1 0 0 0 1 0 1 12 0 0 0 0 0 1 0 0 18 10 15 0 0 0 1 3 0 1 4 0 0 22 0 1 18 17 52 2 0 0 0 0 0 0 2 0 0 0 9 0 0 0 0 0 0 0 1 13 0 0 0 0 0 0 0 0 0 0 0 0 0 0 0 0 0 0 0 0 0 0 0 0 0 0 73 0 0 0 0 0 0 0 0 0 2 0 0 0 3 0 0 0 0 0 0 0 0 0 0 0 0 0 0 1 0 0 0 23 0 0 0 0 0 0 0 0 0 0 
 2 0 1 2 2 1 0 0 1 74 0 0 0 0 1 0 0 0 0 0 203 55 115 71 171 65 167 72 384 177 211 30 109 172 0 92 133 135 78 74 0 2 0 0 0 4 0 1 0 0 1 67 0 7 0 3 0 2 65 0 0 1 3 0 0 55 0 48 5 0 0 0 3 0 0 0 0 3 0 0 2 1 0 10 0 0 0 0 0 0 0 10 0 0 0 0 0 0 0 1 0 103 0 25 23 15 11 7 9 11 29 8 18 9 3 0 68 13 1 9 0 0 0 0 0 0 43 12 0 0 0 0 0 0 0 0 2 0 0 0 0 0 0 0 0 0 0 0 0 0 0 0 0 0 0 0 0 0 0 0 6 0 1 20 0 0 0 0 0 0 0 13 0 0 0 1 0 0 0 0 39 20 0 15 10 32 18 38 0 15 5 25 0 0 11 19 42 0 0 0 0 0 0 0 0 0 0 0 0 0 0 0 18 0 9 0 0 0 20 13 24 0 0 0 0 0 0 0 0 0 0 0 0 0 0 0 0 0 0 0 0 0 0 0 0 0 74 0 0 0 0 0 0 0 16 0 0 1 75 0 1 2 0 0 0 0 0 0 0 0 0 0 0 0 0 0 0 0 0 0 0 0 0 0 0 0 0 0 0 0 
 1 2 20 0 2 0 0 2 36 0 5 1 0 1 0 1 0 0 0 3 177 252 74 100 226 64 240 85 47 148 270 38 121 110 92 0 308 121 116 69 0 3 1 1 1 4 0 4 0 2 0 2 0 2 0 3 0 0 37 0 0 0 3 1 0 2 0 4 32 0 0 5 3 0 1 3 0 5 2 0 0 0 0 0 9 1 0 1 0 0 0 0 0 0 0 0 0 0 0 0 29 32 32 9 25 25 33 35 14 27 12 12 0 2 0 10 9 27 0 9 11 0 0 0 0 0 34 0 0 0 0 0 1 26 60 0 0 0 0 24 0 0 0 0 0 0 1 8 0 0 0 0 0 0 0 0 0 0 0 0 0 0 0 0 0 0 0 0 0 0 0 0 0 0 0 9 0 0 0 0 58 22 31 12 0 73 0 11 17 1 8 25 0 8 10 23 40 43 17 0 0 0 0 0 1 0 7 16 0 0 0 0 18 0 12 19 0 0 17 0 0 0 0 0 0 0 0 0 0 7 0 0 0 9 0 0 0 0 0 0 0 0 0 0 0 0 0 0 78 0 0 2 0 2 5 0 2 0 73 0 0 0 0 0 0 0 0 0 0 0 0 0 51 0 0 0 0 0 0 21 0 0 0 22 0 1 0 0 0 0 
 0 0 1 0 2 75 0 0 0 4 0 0 0 2 1 2 0 0 0 0 268 209 49 124 295 62 125 139 112 207 194 174 214 105 133 308 0 135 169 36 0 0 0 0 0 0 0 1 61 0 0 0 0 2 0 3 0 0 62 208 0 0 29 0 2 0 0 0 6 0 0 0 3 0 0 0 0 3 0 0 0 0 0 1 0 29 0 0 0 0 1 0 0 0 0 0 0 0 0 9 30 9 21 19 6 17 6 26 10 40 14 0 44 15 10 10 18 11 13 7 0 0 0 0 0 0 0 0 0 0 0 0 15 41 1 0 0 0 9 0 0 0 0 0 0 0 0 0 0 0 0 0 0 0 0 0 0 0 0 0 0 0 0 0 0 0 3 0 0 0 0 1 1 0 0 0 0 1 0 0 28 32 25 40 22 0 18 2 21 16 22 52 28 15 14 13 24 15 12 20 0 0 0 0 0 0 4 0 0 0 0 0 20 0 0 0 0 0 17 0 0 0 0 0 0 0 0 0 1 0 0 0 0 0 0 0 2 0 0 0 0 0 0 0 0 0 0 0 0 0 0 0 0 0 3 0 4 75 0 0 5 0 0 0 0 0 0 0 0 20 0 0 0 0 0 0 0 0 0 24 0 0 0 0 0 13 0 0 0 0 
 2 0 1 0 1 2 0 6 0 0 6 0 0 0 0 1 0 0 9 3 58 147 173 172 138 221 109 279 115 342 73 309 258 118 135 121 135 0 24 38 0 3 0 0 0 1 0 4 3 0 2 0 39 2 0 3 0 0 45 0 5 0 3 12 0 0 4 0 0 0 0 0 3 3 0 0 0 2 0 0 0 0 0 0 0 0 0 0 0 0 1 0 0 0 0 0 0 0 0 0 11 2 24 17 17 23 0 25 18 0 25 11 0 27 12 31 0 1 2 13 1 18 0 0 0 0 47 10 0 0 0 0 0 0 12 0 0 0 20 0 0 0 0 0 0 0 0 2 0 0 0 0 12 0 0 0 0 0 0 0 0 0 0 0 0 0 4 0 0 0 0 0 0 0 0 0 0 0 0 0 0 11 0 16 15 32 0 11 17 42 19 1 0 21 10 17 0 22 0 0 22 1 0 20 0 0 1 8 0 0 0 0 2 11 25 0 1 0 39 27 2 0 0 0 0 0 0 0 0 0 0 0 0 0 0 0 0 0 0 0 0 0 0 0 0 0 0 0 0 0 0 0 0 0 7 3 1 1 0 1 6 2 0 0 0 0 20 0 0 0 0 0 0 0 0 0 0 0 0 0 0 0 0 0 0 0 20 0 0 0 
 0 0 0 79 94 1 0 78 0 22 75 0 0 0 2 0 0 98 1 0 128 104 28 149 65 47 46 125 231 203 109 30 379 136 78 116 169 24 0 225 0 1 0 0 0 0 0 41 1 0 0 0 0 2 0 3 0 0 1 0 0 0 3 0 0 0 0 0 0 2 0 0 3 0 0 0 0 3 0 0 0 0 17 1 16 10 0 0 0 10 6 12 0 0 0 0 0 0 0 0 21 0 11 0 0 19 6 9 21 37 35 0 0 40 9 3 0 0 12 9 0 0 2 0 0 0 3 9 0 0 0 0 15 0 0 0 0 0 37 1 1 0 0 9 0 19 0 0 0 0 0 0 0 0 0 0 0 0 0 0 0 0 4 0 0 2 0 0 0 2 0 0 0 0 0 0 0 0 0 0 10 36 57 9 19 14 13 0 12 29 17 25 39 57 11 0 29 46 42 36 0 0 0 0 0 0 0 21 0 0 0 0 0 2 0 0 0 0 0 2 0 0 1 0 0 0 0 0 0 0 0 0 0 0 0 0 0 0 0 0 0 0 0 0 0 0 0 0 0 0 0 0 0 0 4 1 1 80 0 0 59 1 0 0 0 0 0 0 0 0 0 0 0 0 0 0 0 0 0 37 0 0 0 0 0 43 0 0 0 0 
 0 75 71 2 19 229 0 2 98 157 75 1 0 4 3 73 0 147 0 9 40 37 34 61 78 154 48 39 55 81 55 19 42 130 74 69 36 38 225 0 2 0 0 2 0 3 0 0 2 0 0 0 0 64 0 3 0 0 0 3 3 1 0 6 3 8 2 28 0 2 0 0 39 8 3 2 0 49 0 0 0 0 17 19 0 0 0 0 11 32 46 37 0 0 0 15 12 12 0 0 12 13 10 0 0 0 22 0 0 0 0 0 9 17 31 0 0 0 0 10 0 12 0 0 0 0 0 0 0 51 0 0 0 0 0 0 0 0 0 0 0 0 0 13 0 0 0 0 0 7 0 0 0 0 0 0 0 0 0 0 0 0 0 18 23 1 0 1 13 12 14 69 0 0 0 7 1 3 0 26 15 0 18 0 0 0 31 18 0 0 0 0 0 40 22 0 0 10 22 14 0 0 0 0 0 0 0 5 0 0 0 0 5 0 0 0 0 0 0 0 0 0 0 0 0 0 0 0 0 0 0 9 0 0 0 0 0 0 0 0 0 9 0 0 0 0 3 0 73 0 14 0 0 0 4 0 0 0 0 0 0 0 0 0 0 0 0 0 0 0 0 0 0 4 0 11 0 11 0 0 0 0 0 0 0 0 0 0 0 0 
 0 0 0 0 0 0 0 0 0 2 2 0 0 0 0 0 0 0 0 2 0 1 0 0 0 94 0 0 0 0 0 1 0 0 0 0 0 0 0 2 0 183 84 199 255 17 71 63 179 46 25 40 113 44 49 127 39 39 63 92 0 0 0 0 0 0 0 0 0 1 0 0 1 0 0 0 0 1 0 0 0 0 0 0 0 0 2 0 0 0 0 0 1 0 0 0 0 0 0 2 0 0 0 9 10 2 0 0 0 0 0 18 0 0 0 0 0 0 0 0 27 12 0 13 0 2 0 4 1 0 0 0 12 0 1 13 0 9 0 12 0 4 0 0 0 0 4 3 0 0 4 0 0 0 0 12 0 0 0 3 0 0 0 1 0 0 0 0 0 0 0 0 1 3 0 4 0 0 0 0 0 0 0 0 0 1 0 0 0 0 0 0 0 0 0 0 0 1 0 0 3 25 11 13 1 22 12 0 21 21 10 0 28 0 21 11 12 10 17 20 0 0 0 0 0 0 0 9 0 0 0 0 0 0 0 0 0 0 0 0 0 0 0 0 0 0 0 0 0 0 0 5 0 2 0 0 0 30 0 1 0 0 0 0 46 0 0 0 2 0 0 0 0 0 0 0 0 0 0 0 0 18 0 0 11 0 0 0 0 0 
 0 0 0 0 0 0 0 0 0 0 0 0 0 0 0 0 0 0 0 36 0 0 0 63 36 101 8 7 0 6 64 123 13 0 2 3 0 3 1 0 183 0 77 295 45 35 109 285 117 43 257 53 296 312 415 138 322 106 141 78 1 0 0 1 0 0 0 0 0 2 0 0 0 0 1 0 0 0 0 0 0 0 0 0 0 0 0 0 0 0 0 0 0 0 0 16 0 0 0 0 5 0 5 0 0 3 0 13 13 0 33 0 0 0 0 0 0 0 0 0 51 7 14 0 0 1 1 13 25 30 0 0 6 0 27 6 0 21 0 17 0 0 0 0 0 0 0 0 0 0 1 0 0 0 5 0 0 0 0 0 0 0 0 0 0 0 0 0 0 0 0 0 11 12 0 7 0 0 0 0 0 0 0 22 4 30 0 4 15 0 10 0 40 5 5 0 0 0 0 20 1 34 10 0 1 0 46 0 39 1 1 0 12 19 0 0 0 0 0 19 0 0 0 0 0 0 0 0 0 0 0 0 0 0 0 0 0 1 0 0 0 0 0 0 0 0 0 0 0 0 0 4 0 1 0 0 0 62 0 0 0 0 0 0 3 2 0 0 0 0 7 0 0 0 0 0 0 0 0 0 0 0 0 0 10 0 0 0 0 0 
 0 3 2 0 0 0 0 0 7 0 0 0 0 0 0 0 0 0 0 0 0 0 0 0 0 0 0 0 0 0 0 0 0 0 0 1 0 0 0 0 84 77 0 218 62 103 67 215 192 153 102 371 92 57 177 43 94 157 29 34 1 1 0 0 0 0 29 0 0 1 1 0 0 0 0 0 0 0 64 0 0 0 0 0 0 0 0 0 0 0 0 0 14 0 0 0 0 0 0 0 0 0 0 0 0 0 0 0 3 0 0 9 0 0 0 0 0 0 11 0 0 0 0 23 6 12 0 15 29 18 10 56 0 12 0 10 10 40 0 1 37 10 0 0 0 0 38 9 12 0 0 0 18 24 0 5 8 25 13 5 0 0 0 0 0 5 0 0 0 0 0 0 0 0 0 0 0 27 0 0 0 0 0 0 0 0 0 0 0 0 0 0 0 0 0 0 0 0 0 0 0 0 8 77 11 2 0 47 0 33 0 1 12 0 68 11 21 22 0 0 11 11 14 0 0 0 0 0 0 7 0 0 2 15 51 6 0 0 32 0 0 0 9 0 0 0 0 0 0 0 0 0 0 0 0 0 0 0 0 1 0 0 0 69 0 14 0 0 0 0 10 0 0 0 0 0 0 0 0 0 0 0 0 0 10 13 0 11 1 0 
 0 0 0 0 0 0 0 4 0 3 0 0 0 0 0 2 0 0 0 0 0 0 0 0 0 65 0 2 0 0 0 0 0 0 0 1 0 0 0 2 199 295 218 0 207 50 175 75 230 220 269 37 127 73 151 94 332 60 78 54 51 0 0 0 12 3 0 1 0 1 0 1 0 4 0 0 0 0 0 2 0 0 0 0 0 0 0 0 0 0 0 0 0 0 0 0 0 0 0 0 0 0 0 0 0 0 0 0 0 0 0 0 0 0 0 0 0 0 0 0 0 1 0 36 0 0 0 1 48 11 0 10 5 41 0 13 3 5 0 9 0 0 1 0 0 7 0 21 0 0 0 0 0 19 0 14 0 0 16 0 0 0 0 0 0 0 0 0 0 0 0 0 0 0 0 0 0 0 0 0 0 14 0 0 0 0 0 0 0 0 0 0 0 0 0 0 0 0 0 0 0 11 0 15 10 14 0 21 15 23 11 10 29 0 21 41 10 66 0 0 0 0 0 0 4 0 10 0 0 0 0 0 0 4 0 0 0 0 39 7 0 0 3 0 0 0 0 0 0 0 0 2 0 2 0 0 0 0 0 0 0 0 0 26 69 11 1 2 0 0 0 0 0 0 0 0 0 0 0 0 0 0 0 0 0 0 0 0 0 0 
 0 0 0 0 0 0 0 0 0 2 0 0 0 0 0 0 0 0 0 0 0 0 0 2 0 2 0 0 0 0 0 0 0 0 0 1 0 0 0 0 255 45 62 207 0 73 96 81 86 313 88 97 68 90 109 296 132 43 74 137 45 0 0 0 0 13 0 0 54 0 0 0 54 0 0 6 50 8 0 0 0 0 0 0 0 0 0 0 0 13 0 0 0 0 0 0 0 0 0 0 0 0 0 0 1 0 0 0 0 0 0 0 0 0 0 0 0 0 0 0 14 0 20 18 10 17 0 0 13 9 13 18 18 0 0 10 12 0 0 0 0 0 12 0 0 0 6 0 0 0 0 10 6 0 0 1 0 9 0 17 0 0 0 0 0 1 0 0 0 0 0 0 0 0 0 21 0 0 0 0 0 0 0 0 0 0 0 0 0 0 0 0 0 0 0 0 0 0 0 0 0 9 7 31 22 26 0 48 22 0 8 10 0 0 0 15 28 9 0 0 10 18 17 0 0 0 42 6 0 7 9 0 11 22 1 0 0 0 16 16 4 0 0 0 0 0 0 0 0 0 0 2 0 0 0 0 0 0 0 6 0 0 0 70 2 7 0 3 0 0 0 0 0 0 0 0 0 0 0 0 0 0 0 0 0 1 0 0 3 0 
 0 0 0 0 0 0 0 0 0 0 4 0 0 3 0 0 0 0 0 7 0 0 0 0 0 0 0 3 0 0 0 0 0 0 4 4 0 1 0 3 17 35 103 50 73 0 35 34 253 340 144 113 47 60 277 97 128 44 266 61 0 27 1 0 0 0 0 3 0 2 2 0 0 0 0 53 52 0 50 53 0 0 0 0 0 0 0 0 0 0 0 0 0 0 0 0 0 0 0 0 0 0 0 0 0 0 0 0 0 0 0 0 0 0 0 0 0 0 0 0 0 0 0 0 15 0 0 0 0 0 11 0 0 0 0 0 0 30 0 7 0 20 13 0 26 0 0 32 9 9 0 0 21 0 10 12 7 0 6 6 0 0 0 4 0 0 0 0 0 0 0 0 0 0 2 0 0 0 0 0 0 0 0 0 0 0 0 0 0 0 0 0 0 0 0 0 0 0 0 0 6 0 0 0 41 6 0 0 0 6 0 31 0 0 0 0 0 14 0 1 1 0 23 0 0 0 0 1 8 1 0 0 17 9 27 46 0 19 0 1 0 0 0 0 0 0 0 0 0 0 0 3 0 0 0 0 0 0 0 5 0 0 42 0 0 12 0 34 1 0 0 0 0 10 0 0 0 0 0 0 0 0 0 0 17 14 0 0 0 0 
 0 0 0 0 1 0 0 0 0 0 0 0 0 0 63 0 0 0 0 0 2 0 63 62 1 16 0 0 63 0 72 0 0 46 0 0 0 0 0 0 71 109 67 175 96 35 0 157 86 44 34 58 174 131 168 100 259 44 93 210 4 0 0 0 0 0 6 2 0 0 0 4 2 0 1 0 0 0 0 0 0 0 11 0 0 0 0 0 0 0 0 0 0 0 0 0 0 0 0 0 0 0 0 0 0 0 0 0 0 0 9 10 0 0 0 0 0 0 0 0 0 22 6 20 15 14 0 0 7 2 0 11 28 4 6 18 5 11 21 0 0 0 0 0 0 7 0 0 0 0 0 0 0 1 2 0 4 0 3 7 0 0 0 0 0 0 0 0 0 0 0 0 0 0 0 0 0 0 0 0 0 0 0 0 9 1 0 0 0 0 0 0 0 0 0 11 0 0 0 0 27 16 17 16 6 31 0 11 30 15 25 33 1 22 0 24 39 14 0 17 3 0 0 0 0 0 3 0 0 0 0 0 0 0 0 0 0 0 20 0 0 0 0 0 0 0 0 0 0 0 0 3 0 0 0 0 0 0 0 0 0 0 33 0 7 2 0 0 0 0 0 0 0 0 2 0 0 0 0 0 0 0 4 0 0 0 0 0 0 0 
 0 3 3 1 0 0 0 4 0 0 0 0 0 0 0 0 0 0 0 0 2 1 0 70 145 72 3 8 33 27 56 19 41 2 1 4 1 4 41 0 63 285 215 75 81 34 157 0 77 34 58 141 85 621 368 336 186 54 103 119 0 0 0 0 0 0 0 0 0 2 4 0 0 0 0 0 0 0 0 0 0 0 0 0 0 4 0 0 0 0 0 0 10 0 0 0 0 0 0 0 5 0 9 0 0 0 0 11 11 0 18 2 0 0 0 0 0 0 0 5 52 8 0 29 0 1 0 38 0 10 23 28 15 52 13 0 1 7 10 18 4 0 1 0 0 2 4 11 0 0 0 0 0 11 0 0 0 0 15 1 0 0 0 18 0 0 0 0 0 0 0 0 21 16 0 0 0 0 0 0 0 6 0 14 17 12 0 1 11 0 8 0 46 5 3 0 5 0 0 4 1 9 12 26 35 0 0 0 11 24 9 0 0 2 11 0 20 21 0 0 0 0 0 0 0 0 25 0 0 0 0 0 12 0 3 0 0 0 74 0 0 0 0 0 0 0 0 0 0 26 0 4 0 1 0 0 0 0 0 0 0 0 0 0 0 2 1 1 2 0 0 0 0 0 0 0 0 0 0 0 0 0 0 0 1 1 0 0 0 0 
 0 3 1 0 2 0 0 3 0 2 31 0 0 2 0 0 0 0 6 0 1 0 0 1 0 132 0 68 0 0 1 0 0 0 0 0 61 3 1 2 179 117 192 230 86 253 86 77 0 195 92 73 215 108 409 111 93 98 90 47 0 0 3 1 5 3 52 0 0 0 0 0 2 8 4 20 0 3 0 0 0 0 0 0 0 0 0 0 0 0 0 0 0 0 0 0 0 0 0 0 0 0 16 0 1 0 0 0 0 0 0 0 0 0 0 0 0 0 0 0 8 19 13 30 10 8 0 0 23 15 10 15 17 0 7 21 7 33 0 1 13 1 0 0 0 7 33 1 0 0 0 0 0 11 4 0 4 12 0 0 0 0 0 0 0 1 0 0 0 0 0 0 0 0 0 1 0 0 0 0 0 0 0 0 0 0 0 0 0 0 0 0 0 0 1 0 0 0 0 0 7 16 0 0 0 10 12 4 60 30 0 10 25 23 0 10 1 9 0 6 5 10 0 0 0 0 0 0 0 0 0 0 0 0 0 0 0 0 12 0 0 0 0 0 0 0 0 0 0 0 0 2 0 1 0 0 0 62 0 1 2 0 1 2 2 12 2 0 1 0 15 0 0 0 0 0 0 0 0 0 0 4 0 0 0 0 0 10 0 0 
 0 0 0 0 0 0 0 0 0 0 0 0 0 0 0 1 0 0 0 0 1 0 0 1 0 0 0 0 0 64 0 0 0 0 0 2 0 0 0 0 46 43 153 220 313 340 44 34 195 0 197 423 48 76 112 118 83 91 325 69 0 0 1 0 0 0 19 0 0 1 49 0 0 0 0 5 0 0 51 0 0 0 0 0 0 0 0 0 0 0 0 0 0 0 0 0 0 0 0 0 0 0 0 0 0 0 0 0 0 0 0 0 0 0 0 0 0 0 0 0 0 0 0 5 0 3 0 0 8 0 32 2 0 0 0 12 0 23 0 0 8 23 4 0 0 0 11 19 0 0 0 0 0 3 0 2 9 20 0 0 0 0 0 0 0 5 0 0 0 0 0 0 0 0 0 0 0 0 0 0 0 0 0 0 0 0 0 0 0 0 0 0 0 0 0 0 0 0 0 0 0 0 13 1 18 0 0 11 0 34 1 12 10 0 0 4 0 14 0 0 18 7 0 0 0 0 0 0 0 0 0 0 13 18 10 8 0 0 18 9 0 0 0 0 0 0 0 0 0 0 0 3 0 0 0 0 0 1 0 14 0 0 0 64 0 13 0 41 0 0 0 0 0 0 0 0 0 0 0 0 0 0 0 0 10 27 0 26 1 0 
 0 0 0 0 0 0 0 3 0 2 0 0 0 0 2 0 0 0 0 3 0 0 0 28 3 0 0 2 0 0 3 0 0 0 1 0 0 2 0 0 25 257 102 269 88 144 34 58 92 197 0 151 316 249 60 215 146 328 54 72 0 0 0 0 0 2 73 0 0 7 0 0 3 0 0 70 17 2 18 3 0 0 0 0 0 0 0 0 0 0 0 0 0 0 0 0 0 0 0 0 0 0 0 0 0 0 0 0 0 0 0 0 0 0 0 0 0 11 0 0 0 14 18 1 67 20 0 0 0 0 17 0 0 3 0 20 11 0 0 0 21 0 4 10 0 7 11 6 0 0 0 5 0 13 11 53 35 13 0 14 0 0 0 0 0 0 0 0 0 0 0 0 0 0 0 0 0 0 0 0 0 0 0 0 0 0 0 0 0 0 0 0 0 0 0 0 0 0 0 0 13 0 0 3 0 22 0 0 0 43 7 15 0 0 0 0 0 0 0 0 6 14 0 0 0 0 1 0 11 1 1 5 14 0 22 2 0 0 35 31 0 0 0 0 0 0 2 0 0 0 0 6 0 2 0 0 0 0 0 5 0 0 36 0 0 38 9 83 0 0 0 0 0 0 38 0 0 0 0 0 0 4 0 0 0 8 0 10 0 0 
 1 0 1 0 0 0 0 0 0 0 0 0 0 0 0 0 0 0 2 0 0 0 0 0 0 0 0 1 0 0 0 0 2 0 67 2 0 0 0 0 40 53 371 37 97 113 58 141 73 423 151 0 24 97 284 90 201 159 51 31 61 1 0 0 0 0 50 0 0 2 4 0 0 0 0 1 0 0 107 0 2 0 0 0 0 0 0 0 0 0 0 0 0 0 0 0 0 0 0 12 0 0 0 0 0 0 0 0 0 0 0 0 0 0 0 0 0 0 0 0 0 0 13 8 1 6 7 7 0 0 51 5 0 0 0 0 7 6 0 0 48 0 0 0 0 1 21 19 0 0 0 0 0 23 0 0 0 20 0 0 0 0 15 0 0 0 0 0 0 0 0 0 0 0 7 0 1 0 0 0 0 0 0 0 0 0 0 0 0 0 0 0 0 0 0 0 0 0 0 0 0 0 9 21 15 0 0 0 0 16 12 8 0 0 0 0 5 13 0 0 45 32 0 0 0 0 16 0 1 0 0 0 16 18 11 0 0 14 14 3 0 0 0 0 0 18 0 0 0 0 0 0 0 0 0 0 0 0 0 37 0 0 1 0 0 6 0 63 0 0 0 0 0 0 0 0 0 0 0 0 0 0 0 0 0 10 0 13 0 0 
 0 0 0 27 0 0 0 0 0 0 0 0 0 2 0 1 30 0 0 0 1 0 59 26 61 0 0 3 59 0 0 26 0 0 0 0 0 39 0 0 113 296 92 127 68 47 174 85 215 48 316 24 0 362 62 328 40 319 124 120 5 0 0 21 0 0 4 0 0 2 0 0 0 0 0 0 0 0 0 0 0 0 0 0 0 0 0 0 0 0 0 0 0 0 0 0 0 0 0 0 0 0 0 0 1 11 0 18 0 0 0 1 0 0 0 20 0 0 0 0 6 36 0 4 3 10 41 10 13 1 1 0 0 26 0 51 15 6 26 0 0 0 0 6 0 4 1 0 0 0 0 0 0 0 6 0 17 0 3 2 0 0 0 0 0 8 0 0 0 0 0 0 0 0 0 0 0 0 0 0 0 0 0 0 15 9 0 0 9 0 2 0 0 0 0 1 0 0 0 0 31 1 14 11 7 20 1 10 35 28 0 0 25 21 19 4 0 9 8 27 0 0 0 0 0 0 0 0 0 0 0 0 0 0 0 0 0 0 10 0 0 0 0 0 0 0 0 0 0 0 0 0 0 0 0 0 0 29 0 0 0 0 64 64 0 11 41 0 0 7 11 0 0 17 0 0 0 0 0 0 0 0 0 0 0 0 20 0 0 0 
 0 0 0 0 0 0 0 4 0 0 0 0 0 0 0 0 0 0 0 0 9 3 9 68 88 34 8 4 2 2 71 62 2 2 7 2 2 2 2 64 44 312 57 73 90 60 131 621 108 76 249 97 362 0 499 114 248 69 130 167 0 0 0 0 2 0 3 0 0 1 0 0 0 0 27 0 0 0 0 0 0 0 0 0 0 0 0 0 0 0 0 0 0 0 0 0 0 0 0 0 1 7 11 3 0 24 0 0 0 0 0 10 0 0 0 0 0 0 0 0 1 17 25 22 0 37 1 18 0 0 8 9 9 7 10 1 1 36 17 11 0 0 0 0 0 5 0 0 0 0 0 0 0 0 5 0 0 0 0 3 0 0 0 0 0 0 0 0 0 0 0 0 2 2 0 2 0 0 0 11 0 0 0 5 5 4 0 4 0 8 13 0 0 2 13 5 0 0 0 0 0 6 33 1 0 0 0 0 13 0 14 19 3 9 0 3 29 0 22 0 0 0 0 0 0 4 0 0 0 16 0 0 9 0 10 0 0 0 11 0 0 0 4 0 0 0 0 0 0 0 0 6 0 2 0 0 0 63 7 0 0 0 2 0 9 2 2 0 2 0 1 0 0 11 0 0 0 0 0 0 0 0 0 0 0 0 0 0 0 0 
 0 2 18 0 0 0 0 2 0 0 7 0 0 5 0 0 0 0 0 0 0 0 0 62 79 62 31 5 0 0 67 0 0 0 0 0 0 0 0 0 49 415 177 151 109 277 168 368 409 112 60 284 62 499 0 180 103 108 152 192 0 0 0 0 2 0 2 0 6 4 5 0 0 0 3 0 0 4 1 0 0 0 0 0 0 0 0 0 0 0 0 0 0 0 0 0 0 0 0 0 0 0 0 0 0 0 0 0 0 0 0 0 0 3 0 0 0 0 0 0 0 12 10 45 8 0 0 14 13 0 21 30 27 0 9 6 0 14 0 7 0 0 1 0 0 2 19 0 7 0 0 0 21 0 0 4 1 0 0 3 0 0 0 0 0 0 0 0 0 0 0 0 6 7 0 6 0 0 0 0 0 0 0 0 0 20 0 0 0 0 0 0 0 0 0 0 0 0 0 0 0 47 9 21 28 17 0 10 32 0 51 41 0 13 0 30 42 6 0 0 0 0 18 0 0 0 1 0 0 5 0 0 77 0 9 0 0 0 1 0 0 0 2 0 0 0 0 0 0 0 0 0 0 2 0 0 0 0 0 3 0 0 0 0 3 2 0 0 1 0 1 0 0 0 0 0 0 0 0 0 0 0 0 0 1 0 0 0 0 0 
 2 5 5 3 2 2 2 2 2 2 2 2 2 2 2 5 2 2 2 5 3 3 2 2 66 134 2 5 3 2 3 65 3 3 3 3 3 3 3 3 127 138 43 94 296 97 100 336 111 118 215 90 328 114 180 0 69 48 41 135 2 2 1 1 0 0 0 0 0 5 5 0 210 3 4 11 3 0 0 3 0 0 0 0 0 5 0 0 0 0 0 0 0 0 0 0 0 0 0 0 0 0 0 0 0 0 0 0 0 0 0 0 0 0 0 0 0 0 0 0 19 18 0 0 9 8 0 9 1 13 19 1 1 9 15 41 12 0 0 11 0 1 0 0 0 4 0 14 0 0 0 4 0 3 1 5 40 0 0 35 0 0 0 0 10 0 0 0 0 0 0 0 2 2 0 3 0 0 0 0 0 0 0 0 11 11 0 0 7 0 0 0 0 0 0 0 0 0 8 0 6 34 9 9 9 17 7 0 1 99 1 0 7 0 0 0 0 0 0 0 0 0 1 0 0 0 0 0 1 0 0 9 2 0 0 7 0 0 22 0 0 0 15 0 0 0 0 0 0 0 0 2 0 1 0 0 0 0 0 0 0 1 3 0 3 2 4 4 1 0 7 0 0 0 0 0 0 0 0 0 0 5 0 0 9 2 0 0 0 0 
 0 3 3 0 0 0 0 1 0 0 3 0 0 0 0 0 0 0 1 69 3 101 0 0 0 0 0 2 0 0 0 57 0 63 0 0 0 0 0 0 39 322 94 332 132 128 259 186 93 83 146 201 40 248 103 69 0 108 242 38 0 0 0 0 0 0 26 0 0 1 0 0 0 0 0 0 0 0 56 0 5 0 0 0 0 0 6 3 0 0 0 0 0 0 0 0 0 0 12 13 0 0 0 0 3 0 0 0 0 0 0 0 0 0 0 0 0 0 0 0 0 0 3 7 21 66 0 27 10 22 23 51 0 13 0 8 23 15 0 0 23 10 0 0 0 0 44 8 0 0 0 0 0 10 0 5 0 20 8 3 9 32 13 0 0 3 0 0 0 0 0 0 0 0 0 0 0 0 0 0 0 0 0 0 0 0 0 0 0 0 0 0 0 0 0 0 0 0 0 0 0 0 7 23 11 0 0 20 0 9 0 4 0 0 7 0 26 19 0 0 11 11 0 0 0 0 0 0 0 0 0 0 6 15 43 0 0 14 33 0 0 0 9 0 0 0 0 0 0 0 0 2 0 2 0 0 0 0 0 0 0 0 0 63 0 7 2 0 0 0 0 0 0 0 0 0 0 0 0 0 0 0 0 0 10 0 0 11 0 0 
 0 0 0 0 3 0 0 0 0 0 5 0 0 0 0 0 0 0 0 0 6 0 0 0 0 77 0 0 0 0 0 69 0 0 2 0 0 0 0 0 39 106 157 60 43 44 44 54 98 91 328 159 319 69 108 48 108 0 45 121 0 0 0 0 0 0 57 4 3 0 1 0 0 0 4 0 0 2 18 0 0 0 0 0 0 0 0 0 0 0 4 0 0 0 0 0 6 0 0 0 0 0 0 0 1 0 0 0 0 0 0 0 0 0 0 0 0 0 0 0 4 19 39 7 26 16 0 0 18 14 22 0 8 0 6 23 8 14 0 19 12 2 0 0 0 0 4 0 1 0 1 0 0 13 6 0 5 22 0 0 0 0 0 0 0 11 0 0 0 0 0 0 0 0 0 0 0 0 0 0 0 0 0 0 0 0 0 0 0 0 0 0 0 0 0 0 0 0 0 0 11 0 13 0 0 19 0 0 2 39 18 41 9 10 0 10 10 0 0 18 21 9 0 0 0 0 1 0 0 0 0 0 6 1 0 0 0 0 18 7 0 0 0 0 0 0 0 0 0 0 1 4 0 0 0 0 0 0 0 16 0 0 0 0 0 0 0 0 0 0 3 0 0 0 0 0 0 0 0 0 0 0 0 0 0 16 0 9 1 0 
 2 0 0 0 0 0 0 0 0 0 2 0 0 0 0 0 0 0 63 2 1 65 0 0 0 86 0 79 2 4 1 19 4 0 65 37 62 45 1 0 63 141 29 78 74 266 93 103 90 325 54 51 124 130 152 41 242 45 0 151 1 0 0 0 0 0 0 0 0 0 0 57 0 0 1 0 0 0 0 0 0 0 0 0 0 5 0 0 0 0 0 0 0 0 0 0 0 0 0 0 3 20 1 15 52 21 0 1 4 16 13 4 0 0 1 0 0 0 0 22 22 0 15 9 0 0 15 0 10 11 0 0 13 23 29 0 0 11 3 0 9 1 0 0 0 0 9 0 0 0 1 0 0 0 0 0 0 0 0 0 0 15 0 0 0 0 0 0 0 0 0 0 0 0 0 0 0 0 0 0 0 4 16 10 0 12 0 7 51 0 2 0 4 6 0 14 38 8 0 5 10 9 10 0 0 0 28 0 0 0 13 4 7 56 25 29 8 0 29 3 0 0 0 0 0 0 0 0 0 0 0 0 0 0 0 0 0 0 0 0 0 0 0 0 0 0 0 0 0 0 0 8 0 0 0 0 0 3 63 3 0 0 0 0 0 2 2 0 0 0 0 0 0 0 0 1 0 0 0 0 0 0 0 0 0 0 0 0 0 0 
 0 3 3 2 0 0 0 0 0 0 0 0 0 0 0 0 0 0 0 0 1 0 0 272 28 63 0 0 0 0 68 0 0 0 0 0 208 0 0 3 92 78 34 54 137 61 210 119 47 69 72 31 120 167 192 135 38 121 151 0 0 0 0 0 0 0 0 0 0 0 0 0 0 0 2 0 0 0 0 0 0 0 24 0 0 9 0 0 0 0 0 0 0 0 0 0 0 0 0 0 0 0 0 0 0 0 0 0 0 0 0 0 0 0 0 0 0 0 0 0 1 32 11 34 26 17 0 8 11 1 0 0 18 9 1 22 12 0 0 14 0 0 0 0 0 3 0 0 0 0 0 0 0 0 1 0 2 0 0 2 0 0 0 0 0 0 0 0 0 0 0 0 4 4 0 2 0 0 0 0 13 0 0 0 0 6 0 0 0 0 0 0 0 0 0 0 0 0 0 0 11 26 11 20 10 18 1 0 19 11 22 12 0 3 0 12 16 10 0 1 0 0 0 0 0 0 0 0 0 31 0 0 0 0 0 0 0 0 9 0 0 0 0 0 0 0 0 0 0 0 0 2 1 0 0 0 0 0 0 0 0 0 5 0 63 1 6 0 0 1 0 0 0 0 0 0 0 0 0 0 0 0 0 0 0 0 0 0 0 0 
 0 2 2 0 0 1 0 0 50 0 0 0 0 0 0 1 0 0 0 2 0 0 3 21 0 0 3 0 3 0 0 13 0 4 0 0 0 5 0 3 0 1 1 51 45 0 4 0 0 0 0 61 5 0 0 2 0 0 1 0 0 150 116 275 56 62 640 92 97 45 52 32 145 64 44 53 82 36 121 320 0 0 0 0 0 0 0 0 0 0 0 0 0 0 0 0 0 0 0 0 0 0 0 0 0 0 0 0 0 0 0 2 0 0 0 0 0 0 0 0 0 0 0 0 0 0 11 10 0 0 0 0 0 0 0 0 0 0 6 0 35 0 31 0 0 0 0 10 12 0 0 0 45 0 0 0 10 0 16 14 0 0 0 4 0 0 0 0 0 0 0 0 0 0 8 0 0 0 0 0 0 0 0 0 5 0 0 0 0 0 0 0 0 0 0 0 0 0 0 0 6 22 0 0 0 20 0 0 0 0 7 13 0 0 0 0 0 0 0 4 0 32 6 2 0 1 34 11 1 2 11 1 24 41 12 9 0 0 1 31 0 0 0 0 0 0 0 0 0 0 0 0 0 0 12 0 0 0 0 0 0 0 4 0 0 0 0 1 0 0 9 0 0 1 0 0 0 0 0 0 0 0 0 0 0 0 0 0 0 8 
