 0 391 99 371 224 120 426 631 452 162 349 248 55 233 150 276 45 153 37 415 2 3 0 3 3 0 0 2 1 3 2 0 0 0 0 3 0 0 0 0 2 0 0 3 3 0 0 2 0 0 0 2 0 0 0 2 0 0 0 3 0 1 0 0 0 0 0 0 1 0 1 0 4 0 0 0 0 0 0 0 27 13 21 27 0 1 5 9 0 8 0 0 0 33 10 0 14 6 22 47 0 0 0 0 0 0 1 0 0 1 0 0 25 0 0 0 0 0 0 0 0 0 0 0 0 0 0 0 0 0 0 0 0 0 0 0 9 1 0 0 0 1 1 0 0 0 0 0 0 0 2 0 0 0 0 0 1 0 0 0 0 63 21 12 2 1 16 2 0 4 26 10 15 0 14 33 0 0 21 9 0 0 1 0 0 0 0 0 0 0 0 1 0 0 0 0 0 0 1 1 0 0 0 0 0 0 0 0 2 0 0 0 0 0 0 0 0 0 0 0 0 0 0 1 0 2 0 0 0 0 0 0 0 0 0 0 0 0 0 0 0 15 0 0 0 2 0 0 5 0 2 7 0 0 0 0 0 0 0 0 0 0 0 0 0 22 2 0 0 0 20 0 0 0 0 1 0 0 0 0 0 0 0 0 0 0 0 0 0 0 
 391 0 166 60 55 226 116 273 146 55 86 27 49 41 306 47 129 397 50 145 2 35 0 2 0 0 0 1 2 3 2 0 73 2 0 4 0 0 113 0 3 0 0 0 3 0 0 2 0 31 0 2 2 0 0 2 0 0 0 3 0 2 0 0 0 0 0 2 0 0 0 0 0 0 0 0 0 0 0 5 14 0 1 13 0 41 0 11 1 21 50 20 18 23 0 26 0 0 1 0 0 0 2 0 0 0 24 0 0 0 0 0 0 0 0 0 0 0 0 0 0 0 0 0 0 0 0 0 14 0 0 0 0 0 0 0 0 0 0 0 0 2 0 0 0 3 1 0 0 0 0 0 15 0 0 0 0 0 0 0 0 30 11 16 0 13 1 7 29 34 17 52 0 16 30 62 15 10 19 0 0 1 0 0 0 0 0 0 0 0 0 0 17 0 1 0 1 0 50 0 0 0 0 0 0 0 0 0 0 0 0 0 0 0 0 0 0 0 0 0 0 0 0 0 0 0 0 0 0 0 0 0 0 0 0 0 0 0 0 0 0 0 0 0 0 1 0 0 1 1 15 10 3 0 0 0 0 0 0 0 0 0 0 0 0 0 0 0 0 0 0 0 0 0 0 1 12 0 0 0 0 0 0 0 0 0 0 0 0 0 
 99 166 0 195 393 121 68 219 421 226 215 90 154 57 296 141 237 199 124 261 2 7 0 2 0 0 0 1 0 9 8 5 0 1 3 3 5 0 40 1 3 0 0 5 8 0 4 11 0 11 0 2 1 0 0 5 0 6 0 3 0 3 0 0 6 0 0 0 6 0 0 0 0 6 0 0 0 0 6 1 0 16 16 11 0 18 6 15 50 11 0 6 0 17 38 15 27 29 16 0 0 1 0 0 0 0 22 0 0 0 0 0 12 21 0 8 0 1 0 0 0 0 0 1 0 0 0 0 11 0 0 0 0 0 0 0 0 0 0 0 0 1 0 0 0 0 0 0 0 0 0 2 0 0 6 0 0 0 0 8 14 50 14 11 0 1 0 0 12 25 12 48 0 1 9 16 7 1 0 1 1 0 0 0 0 0 0 14 0 0 0 0 0 24 0 0 1 0 2 0 0 0 0 0 0 0 0 0 17 0 0 0 0 0 0 0 0 0 0 0 0 0 0 0 0 0 0 0 0 0 0 0 0 0 0 0 0 0 0 0 0 0 0 0 0 1 1 0 1 95 0 5 9 13 0 0 0 0 0 0 2 0 0 0 0 0 0 0 0 0 0 0 0 0 0 21 0 0 0 0 0 0 0 0 0 0 0 0 0 0 
 371 60 195 0 337 368 102 400 530 190 180 106 38 78 182 149 157 253 82 371 2 78 0 2 0 0 2 1 1 3 83 0 1 23 137 3 0 34 1 128 3 0 3 2 63 0 0 2 3 0 0 2 2 38 3 2 2 0 0 6 54 3 0 0 0 0 0 0 0 0 0 1 0 0 0 15 2 0 0 0 0 0 0 33 23 33 0 11 28 18 15 1 0 20 15 15 21 24 0 0 16 13 0 0 0 1 20 11 45 0 0 0 11 8 13 0 0 0 23 16 0 0 0 0 0 0 0 1 61 0 0 0 10 0 0 0 0 0 0 9 0 2 0 0 3 0 0 0 0 0 5 0 3 0 0 0 0 0 0 0 2 20 39 0 21 2 13 0 18 28 27 36 0 0 0 36 0 1 0 0 0 0 14 0 0 0 15 0 0 0 0 0 36 0 10 0 0 18 41 19 0 0 0 2 0 0 0 0 0 0 0 0 0 0 0 0 0 0 0 0 0 0 2 0 0 0 0 0 0 0 0 0 0 0 0 0 0 0 0 0 0 14 0 0 0 0 89 2 1 0 0 6 0 0 0 0 0 0 0 0 0 0 0 0 0 0 0 0 0 0 0 0 0 0 0 0 0 0 0 0 0 0 0 0 0 0 0 0 0 0 
 224 55 393 337 0 291 63 433 185 437 161 68 56 333 309 272 273 124 205 268 3 6 0 2 0 0 0 1 70 3 2 0 72 0 3 80 0 0 0 3 3 0 0 0 52 0 0 2 0 0 0 2 2 0 64 2 0 2 0 7 0 2 0 0 0 0 0 0 0 0 0 0 0 0 0 39 0 0 0 0 0 0 0 15 29 0 8 39 25 48 19 7 0 15 28 25 33 32 0 0 0 0 0 0 0 0 0 0 16 0 28 2 28 0 18 0 0 0 12 8 0 0 0 0 0 0 0 0 14 0 0 0 0 0 0 2 0 0 1 0 0 1 0 0 0 0 1 0 0 1 1 0 1 0 0 0 0 0 5 0 0 35 19 0 15 23 11 0 19 10 20 12 0 2 0 13 8 0 0 2 9 0 0 0 0 0 23 29 48 0 0 0 0 0 43 0 0 0 21 0 0 2 0 0 0 0 0 0 0 0 0 0 0 0 0 0 0 0 0 0 0 0 0 0 0 0 0 0 0 0 0 0 0 0 0 0 0 0 0 1 0 4 0 0 0 4 1 0 89 12 2 6 2 3 0 0 0 0 0 0 0 0 0 0 0 0 0 0 0 0 0 0 0 0 0 0 0 9 0 0 0 0 0 0 0 0 0 0 0 0 
 120 226 121 368 291 0 242 303 69 482 287 77 106 31 381 165 85 168 66 49 2 78 0 2 0 0 0 1 38 3 3 0 74 1 3 3 0 45 76 81 3 0 0 0 3 0 2 2 0 0 0 2 2 0 0 3 0 0 0 70 1 3 0 0 0 6 0 0 0 0 0 0 0 0 0 0 0 0 0 0 0 11 15 0 0 44 0 0 28 1 76 8 0 14 0 34 11 6 0 0 2 13 2 13 0 17 36 0 59 1 0 1 18 17 4 0 0 0 14 2 0 0 0 0 10 0 0 0 14 0 0 0 0 0 0 0 0 0 0 0 0 0 2 0 0 3 0 2 0 0 0 0 20 0 0 0 0 0 0 0 0 0 0 3 19 14 0 0 3 29 24 12 0 25 0 24 1 72 0 0 0 16 0 1 0 0 0 0 0 12 0 0 15 31 0 2 0 0 46 14 0 0 0 0 0 2 0 0 0 7 0 0 0 0 0 0 0 0 0 0 13 0 0 0 2 0 1 0 0 0 0 1 1 0 24 0 0 0 0 0 0 1 0 0 0 2 2 0 0 1 1 10 0 0 0 0 0 0 0 0 0 0 0 0 0 0 0 0 0 0 0 0 0 0 0 0 10 0 0 0 0 0 0 0 0 0 0 0 0 0 
 426 116 68 102 63 242 0 318 64 206 41 47 264 135 78 119 127 264 287 419 2 3 0 3 0 1 1 2 2 3 2 2 0 1 0 3 3 0 0 2 2 0 0 0 67 0 0 2 0 0 0 2 1 0 0 2 0 0 0 3 0 3 0 0 3 0 1 0 2 0 6 0 0 3 0 0 0 0 0 0 0 10 2 0 0 0 53 0 0 0 0 21 2 1 27 0 21 0 0 40 0 0 0 0 0 0 9 0 0 0 6 0 0 0 2 0 0 0 0 0 0 0 0 2 0 0 0 0 0 0 0 0 2 0 0 2 0 0 0 0 0 2 6 0 0 0 0 0 0 0 8 0 0 1 0 0 0 0 0 0 9 5 10 3 0 0 2 26 23 0 5 0 84 1 0 0 0 0 26 19 0 0 0 0 0 0 0 0 0 0 0 0 0 0 0 0 0 0 0 0 0 0 0 0 0 0 0 0 0 0 0 0 0 5 0 0 0 0 0 0 0 0 0 1 0 0 0 0 0 0 0 0 0 0 0 2 2 0 0 0 0 0 0 0 0 0 3 2 4 0 0 11 0 0 0 0 0 0 0 0 0 0 9 0 0 0 0 0 0 0 0 0 0 0 0 0 0 0 0 0 0 0 0 0 0 0 0 0 0 0 
 631 273 219 400 433 303 318 0 471 251 56 248 183 408 88 336 144 79 161 227 2 3 0 3 0 0 2 2 3 3 2 0 1 0 0 5 2 0 0 0 2 0 0 0 3 0 0 2 0 0 0 2 1 0 0 2 0 0 0 3 0 1 0 0 0 0 0 0 0 0 1 0 5 0 0 0 0 0 0 0 14 30 18 22 1 0 10 31 0 26 22 49 0 19 0 10 3 10 25 20 1 0 0 0 1 0 0 0 0 0 0 0 15 0 0 0 0 0 0 0 0 0 0 0 0 0 0 0 0 0 0 0 0 0 0 0 0 0 0 0 0 1 0 0 0 11 0 0 0 0 0 0 0 0 0 0 0 0 0 0 2 32 18 17 0 0 40 0 1 0 17 1 0 9 15 42 0 17 1 0 0 0 0 0 0 0 2 0 0 0 0 0 0 17 0 0 0 0 0 15 0 0 0 2 0 0 0 0 0 0 0 0 0 0 0 0 0 0 0 0 0 0 2 0 0 0 0 0 0 0 0 0 0 0 0 0 0 0 17 0 0 10 0 0 2 2 0 0 88 0 2 7 0 0 0 0 0 0 0 0 0 0 0 0 0 0 0 0 0 0 0 0 0 0 0 0 0 0 0 0 0 0 0 0 0 0 0 0 0 0 
 452 146 421 530 185 69 64 471 0 147 195 32 146 85 263 318 211 157 425 432 2 3 0 3 0 0 0 2 1 3 2 0 1 0 0 3 1 0 0 0 2 0 0 0 3 0 0 2 0 0 0 2 1 0 0 2 0 0 0 3 0 1 0 0 0 6 0 3 0 0 0 0 0 0 0 0 0 0 0 6 20 29 0 34 0 12 25 46 9 20 14 0 0 11 4 1 16 13 48 0 0 0 0 0 1 0 0 0 0 0 7 0 12 0 0 0 0 0 0 0 0 0 0 0 0 0 0 0 0 15 0 0 0 0 0 0 0 0 0 0 0 2 0 0 0 0 0 0 0 0 0 0 0 0 10 0 0 0 0 4 0 36 38 1 0 0 11 10 26 29 23 56 0 0 93 17 26 1 15 1 0 0 0 0 0 14 0 0 0 0 0 0 0 0 0 0 0 0 26 0 0 0 0 0 0 0 0 0 0 0 0 0 0 0 0 0 0 0 0 0 0 0 0 0 1 0 0 0 0 1 0 0 2 0 0 0 0 0 0 0 0 1 0 0 0 4 0 0 86 1 0 10 12 0 0 0 0 0 0 0 0 0 0 0 0 0 0 0 0 0 0 0 0 0 0 0 0 0 0 0 0 0 0 0 0 0 0 0 0 0 
 162 55 226 190 437 482 206 251 147 0 124 130 43 275 325 275 458 233 101 112 2 3 0 2 0 0 23 1 3 3 3 0 1 77 73 4 0 0 78 35 5 0 0 0 3 3 0 5 4 3 1 2 2 0 0 2 0 3 0 3 2 2 3 0 0 0 0 0 3 0 0 0 3 0 0 3 0 0 0 0 9 0 6 56 42 0 0 19 6 1 21 21 0 2 0 18 0 18 0 0 26 21 0 0 0 0 28 0 0 0 0 0 23 27 0 10 0 0 16 10 0 2 0 0 0 2 0 0 0 0 0 0 2 0 0 0 0 1 15 0 0 2 0 0 3 0 0 0 0 0 2 0 0 0 0 0 0 0 0 1 14 17 46 11 10 0 10 0 0 12 56 0 0 13 0 0 0 22 0 1 9 0 14 0 0 0 1 0 0 2 0 0 26 0 0 0 0 18 26 1 0 1 0 0 0 0 0 0 0 0 0 0 0 0 0 1 0 0 0 0 0 0 0 0 0 0 0 0 0 1 0 0 0 0 0 0 0 0 0 0 0 0 0 0 0 0 197 2 91 87 0 8 0 0 0 0 0 0 0 0 0 0 0 0 0 2 0 0 0 0 0 0 0 3 0 11 1 0 0 0 0 0 0 0 0 0 0 0 0 0 
 349 86 215 180 161 287 41 56 195 124 0 151 34 64 155 206 128 145 32 76 2 75 1 2 0 1 1 1 0 3 4 0 75 72 78 3 0 0 0 33 3 0 0 0 3 0 36 2 0 0 0 2 2 0 0 3 0 1 0 11 0 3 0 0 0 0 0 0 0 0 0 0 0 0 0 0 0 0 0 8 0 13 0 41 12 11 0 14 12 1 29 8 0 0 0 13 47 22 0 0 15 17 0 0 0 0 34 10 17 0 0 0 15 40 18 0 0 0 42 15 0 1 0 0 0 0 0 19 0 0 0 0 1 0 0 1 0 0 2 0 0 2 0 0 4 0 0 0 0 2 4 1 0 0 0 0 0 0 0 2 0 34 48 0 21 2 11 0 24 22 49 0 0 0 8 0 0 10 14 0 0 0 14 18 0 0 0 2 0 1 9 0 14 15 1 11 0 19 47 15 0 1 0 0 0 0 0 0 0 0 0 0 0 0 0 0 0 0 0 0 0 0 0 0 0 0 0 0 0 0 0 0 0 0 0 0 0 0 0 2 0 2 0 0 0 0 88 0 90 107 1 6 18 0 0 0 0 0 0 0 0 0 0 0 0 0 0 0 0 0 0 0 0 2 0 0 0 0 0 0 0 0 0 0 0 0 0 0 0 0 
 248 27 90 106 68 77 47 248 32 130 151 0 127 247 64 112 105 117 46 35 76 138 0 2 24 0 73 4 2 3 5 3 31 55 25 3 0 37 111 76 3 0 0 0 62 3 79 2 0 5 0 2 0 0 2 2 0 0 0 3 3 2 3 0 0 0 0 0 0 0 0 0 0 0 6 0 0 0 0 0 0 7 10 0 1 33 0 0 1 1 7 20 19 0 0 17 12 0 0 0 10 0 0 1 0 0 33 27 75 0 0 0 0 15 28 0 1 0 16 20 0 2 0 0 0 0 0 0 0 0 0 0 2 10 0 2 0 0 0 0 0 1 0 0 0 0 0 0 0 0 0 0 7 0 0 0 0 0 0 1 0 0 0 1 0 1 12 0 0 0 1 1 0 0 21 1 12 14 0 0 13 29 7 0 0 0 18 13 15 2 0 0 64 14 22 11 12 0 0 31 0 2 0 0 0 0 0 0 0 0 0 0 0 0 0 0 0 0 0 0 0 0 0 0 0 0 0 0 0 1 0 0 0 0 0 0 0 0 0 2 0 0 0 0 0 1 3 0 0 1 2 0 4 0 0 0 0 0 0 0 12 0 0 1 0 0 0 0 0 0 0 0 0 1 0 0 0 0 0 0 0 0 0 0 0 0 0 0 0 0 
 55 49 154 38 56 106 264 183 146 43 34 127 0 127 43 32 32 326 392 145 19 5 0 2 0 0 0 1 1 3 2 0 0 0 1 5 1 60 0 1 3 0 0 0 72 4 0 2 0 0 0 2 2 0 0 3 0 0 0 3 0 3 0 0 0 0 0 0 1 0 1 0 4 0 0 0 5 0 0 0 8 46 9 0 0 0 19 13 18 10 0 0 15 1 76 0 17 9 20 32 1 0 0 0 0 0 0 0 0 0 0 0 0 0 0 0 0 8 0 0 12 0 0 0 0 0 0 0 0 0 0 0 0 0 0 0 0 0 0 0 0 2 0 0 0 0 0 1 0 0 0 0 0 0 0 0 0 0 0 0 5 0 0 10 0 0 22 28 0 0 6 0 0 0 6 9 22 0 7 14 0 0 0 0 0 0 0 0 0 0 0 0 4 0 0 0 0 0 0 0 0 0 0 0 0 0 1 0 0 0 0 0 0 0 0 0 0 2 0 0 0 0 0 0 0 0 2 0 0 0 0 0 2 0 15 0 0 0 0 0 0 2 0 0 0 2 2 0 0 0 0 7 0 0 0 0 0 0 0 0 0 0 25 0 0 0 0 0 0 0 0 0 0 0 0 0 0 0 0 0 0 0 0 0 0 0 0 0 0 0 
 233 41 57 78 333 31 135 408 85 275 64 247 127 0 87 34 27 28 133 310 2 5 0 3 1 2 0 2 2 3 2 0 0 0 0 3 0 0 1 0 1 0 0 0 3 0 0 2 0 0 1 2 0 63 0 2 0 0 0 6 3 0 0 0 0 0 0 0 0 0 4 0 0 0 0 0 0 0 0 0 13 23 0 4 0 0 19 13 0 6 14 0 1 1 12 13 0 0 15 1 0 0 0 0 0 0 0 0 0 0 1 0 0 0 0 0 0 0 11 0 0 0 0 8 0 0 0 0 0 0 0 0 0 0 0 0 0 0 0 0 0 2 0 0 0 0 0 0 0 0 0 0 0 0 0 0 0 0 0 0 0 0 13 0 14 0 0 78 0 13 10 0 7 1 0 14 0 0 60 0 0 0 0 0 0 0 0 0 0 13 0 0 0 0 0 0 0 0 0 0 0 0 0 0 0 0 0 0 0 0 0 0 0 0 0 0 0 0 0 0 0 0 0 0 0 0 0 0 29 0 0 0 0 0 0 0 0 0 0 0 0 14 0 0 0 0 1 0 2 1 0 13 0 0 0 0 0 0 0 0 0 0 0 0 0 0 0 0 0 0 0 0 0 0 0 0 0 0 0 0 0 0 0 0 0 0 0 0 0 0 
 150 306 296 182 309 381 78 88 263 325 155 64 43 87 0 179 185 270 97 106 2 76 0 5 0 0 0 2 0 5 2 0 0 0 0 3 0 0 77 0 1 0 0 0 3 0 0 2 0 0 0 2 2 0 0 2 0 0 0 3 0 0 0 0 0 0 0 0 0 0 0 0 0 0 0 0 0 0 0 3 1 0 0 0 1 16 0 33 26 24 78 19 0 21 12 27 48 35 0 0 1 1 0 0 0 0 0 0 0 0 0 0 24 0 0 0 0 0 0 0 2 0 2 0 7 0 17 0 16 0 0 0 0 0 0 0 0 0 0 1 0 1 0 0 0 10 0 0 0 0 0 1 5 0 0 0 0 0 2 0 0 18 0 1 1 17 0 13 8 16 69 17 0 9 27 20 12 31 0 0 17 1 0 0 0 1 0 20 0 0 0 0 0 29 0 0 0 0 43 17 0 0 0 0 1 0 0 0 0 0 0 0 0 0 0 0 0 0 0 0 0 0 0 0 0 0 0 0 0 0 0 15 0 0 0 0 0 2 0 0 0 0 0 0 0 3 0 0 0 87 1 21 10 0 0 0 0 0 0 0 0 0 0 0 0 0 0 0 0 0 0 0 0 0 0 0 10 0 0 0 0 0 0 0 0 0 0 0 0 0 
 276 47 141 149 272 165 119 336 318 275 206 112 32 34 179 0 142 181 89 78 2 3 0 2 0 0 29 1 2 3 2 1 0 1 0 3 0 0 24 1 2 0 0 18 3 2 5 2 0 4 0 2 2 1 0 2 0 0 0 3 0 1 0 0 0 0 0 0 0 0 0 0 0 0 0 0 0 0 0 0 0 15 4 25 11 24 8 11 39 26 19 32 0 0 10 14 33 23 0 0 0 0 0 0 0 0 40 11 0 2 0 0 20 30 2 0 0 0 0 0 0 0 0 0 0 1 0 0 0 0 0 0 0 0 0 0 0 0 0 0 0 2 0 0 7 6 0 0 0 0 0 0 0 0 0 0 2 0 0 0 35 22 11 0 10 5 6 0 0 0 23 14 0 13 0 0 10 11 0 45 3 0 15 0 0 0 19 19 0 0 0 2 54 22 0 0 0 1 1 35 2 0 0 0 0 0 0 0 0 0 0 0 2 0 0 0 0 0 0 0 0 0 0 0 0 1 0 0 0 0 0 0 0 0 0 0 0 4 0 0 0 0 0 0 0 2 1 0 41 87 1 4 0 0 0 0 0 0 0 0 0 0 0 0 0 0 0 0 0 0 0 0 0 0 29 0 0 0 0 0 0 0 0 0 0 0 0 0 0 0 
 45 129 237 157 273 85 127 144 211 458 128 105 32 27 185 142 0 187 90 135 6 3 0 2 0 0 89 1 0 3 2 0 18 3 0 3 0 3 112 1 3 0 0 0 3 3 18 2 0 7 0 2 2 0 3 2 3 0 3 3 0 3 0 0 0 0 30 0 0 0 4 0 7 0 0 0 0 0 2 3 0 40 34 0 0 25 9 0 21 19 26 9 0 14 14 15 47 13 51 31 0 0 0 0 0 0 22 0 0 0 0 0 0 16 0 0 1 0 1 2 0 2 0 0 0 0 0 0 0 0 0 0 2 0 0 0 0 0 0 0 0 0 0 0 0 0 0 0 0 0 0 0 0 0 4 0 0 0 0 4 14 0 2 25 0 13 19 0 1 48 3 9 0 0 12 17 7 17 1 0 16 0 0 0 0 0 0 0 0 0 0 0 14 15 14 0 0 0 14 0 0 0 0 0 0 0 0 0 0 25 0 0 0 0 22 2 0 0 0 0 0 0 0 0 0 21 0 0 0 1 0 0 0 0 0 0 0 0 0 0 0 0 0 0 0 1 0 1 0 0 11 26 0 0 0 0 0 0 0 0 0 0 1 0 0 0 0 0 0 0 0 0 0 1 0 6 9 0 0 0 0 0 0 0 0 0 0 0 0 0 
 153 397 199 253 124 168 264 79 157 233 145 117 326 28 270 181 187 0 45 45 2 4 0 1 0 0 2 0 0 2 2 1 1 0 1 3 0 0 114 0 3 0 0 0 3 0 1 2 0 2 0 41 0 0 0 79 0 0 0 3 0 3 0 0 0 0 0 0 0 0 0 0 0 0 0 0 0 0 0 4 8 0 9 18 0 53 0 25 1 2 30 13 0 17 1 7 4 6 0 0 2 0 0 0 0 0 31 0 0 0 0 11 14 15 0 0 0 0 0 0 0 0 0 0 0 0 0 0 12 0 0 0 0 0 0 0 0 0 0 0 0 0 13 0 0 6 0 2 0 0 0 0 27 0 0 0 0 0 0 0 1 0 21 4 10 17 0 16 3 54 14 32 0 13 7 83 3 30 0 0 12 1 0 0 0 0 0 0 0 0 0 0 1 59 0 2 0 0 50 17 0 0 0 0 0 2 0 0 0 0 0 0 0 0 0 0 0 0 0 0 0 31 0 0 2 0 1 0 0 0 0 0 1 0 0 0 0 0 0 0 0 1 0 0 0 3 7 1 3 4 2 20 12 0 0 0 0 0 0 0 0 0 0 0 0 0 0 0 0 0 0 0 0 0 0 14 11 0 0 0 0 0 0 0 0 0 0 0 0 0 
 37 50 124 82 205 66 287 161 425 101 32 46 392 133 97 89 90 45 0 288 2 3 0 7 0 0 2 1 2 3 2 2 0 0 0 3 0 0 21 0 3 6 0 0 9 2 0 6 0 0 0 8 2 0 0 8 2 0 0 3 0 12 2 0 0 0 33 4 7 0 52 0 0 0 0 0 0 2 0 0 0 14 7 0 0 1 13 0 10 13 0 0 25 14 11 0 34 9 0 49 0 0 0 0 0 0 0 1 0 0 0 0 0 0 0 0 0 0 0 0 0 10 0 0 0 0 0 0 0 0 0 0 0 0 0 0 0 0 0 0 0 1 7 0 0 0 0 0 0 0 0 0 0 0 0 2 0 0 0 1 17 11 8 39 0 0 0 10 16 1 7 0 31 0 0 0 0 0 0 18 0 0 0 0 0 0 0 0 0 0 0 0 0 0 0 0 0 0 0 0 0 0 0 2 0 0 0 0 0 0 1 0 0 0 0 0 0 0 0 2 0 5 0 0 0 0 0 0 0 0 0 0 0 0 0 0 0 0 0 0 0 0 0 0 0 0 0 0 2 1 0 15 0 0 0 2 0 0 0 0 0 0 0 0 0 0 0 0 0 0 0 0 0 0 0 16 0 0 0 0 0 0 0 0 0 0 0 0 0 0 
 415 145 261 371 268 49 419 227 432 112 76 35 145 310 106 78 135 45 288 0 3 3 0 1 0 0 0 0 0 2 2 2 1 0 0 3 0 0 0 0 3 0 0 0 3 0 0 2 35 0 0 2 1 0 0 3 0 0 0 4 0 12 0 0 0 0 21 0 7 0 0 0 0 0 0 0 0 0 0 0 51 34 30 20 0 0 26 14 0 5 1 0 21 35 19 0 0 0 0 13 0 0 0 0 0 0 0 0 0 0 0 0 0 0 0 0 0 0 13 0 0 0 0 0 0 0 0 0 0 0 0 0 0 0 0 0 0 0 0 0 0 1 0 0 0 0 0 0 0 0 0 0 0 0 0 0 0 0 0 0 2 20 10 5 63 0 0 0 67 0 1 0 0 4 24 18 0 0 68 24 0 0 0 0 0 0 2 0 0 14 0 0 0 0 0 0 0 0 0 0 0 0 0 2 0 0 0 0 0 0 0 0 0 0 15 0 0 0 0 0 10 0 2 0 0 0 0 0 0 0 0 0 0 0 0 0 0 0 0 0 0 12 0 0 0 1 0 2 6 2 3 11 0 0 0 0 0 0 0 0 0 0 0 0 0 0 0 0 0 0 0 0 0 2 0 0 0 0 0 0 0 0 0 0 0 0 0 0 0 0 
 2 2 2 2 3 2 2 2 2 2 2 76 19 2 2 2 6 2 2 3 0 259 219 156 35 255 153 147 55 44 110 313 664 48 44 97 145 207 520 118 1 0 0 62 0 2 1 0 0 0 0 0 2 0 3 0 0 0 2 0 0 0 0 3 3 0 3 2 1 0 3 3 0 0 0 0 0 0 0 3 0 0 0 0 2 1 0 0 0 0 0 0 0 0 0 0 0 2 0 0 13 1 0 13 27 0 0 5 33 19 32 28 9 12 7 71 15 26 23 23 22 0 0 0 0 0 0 0 0 0 10 0 0 1 0 0 0 0 6 12 0 1 32 0 0 0 0 9 0 0 2 0 0 0 0 0 0 0 1 0 0 0 0 0 0 0 2 0 0 0 0 20 0 0 0 0 0 0 0 0 10 17 11 0 0 11 7 24 15 26 7 0 6 10 1 23 24 26 0 18 0 0 0 0 0 0 0 0 0 0 0 0 12 0 0 0 0 0 12 1 0 2 0 0 0 0 0 0 0 0 0 0 0 0 0 0 10 0 12 0 0 0 0 0 0 0 0 0 0 0 0 0 0 0 6 0 0 0 78 0 5 0 0 0 0 0 0 0 0 0 1 0 0 0 0 0 0 0 0 8 0 0 0 0 0 15 0 0 0 0 
 3 35 7 78 6 78 3 3 3 3 75 138 5 5 76 3 3 4 3 3 259 0 522 76 433 114 250 273 123 351 291 64 107 122 223 188 27 342 119 162 0 0 0 0 0 2 62 6 0 0 0 0 0 0 3 0 0 0 2 76 4 0 0 2 3 0 2 3 0 0 3 3 0 0 0 5 0 0 0 3 0 0 0 2 1 10 0 0 0 0 0 12 0 0 0 1 0 0 0 0 4 7 11 7 0 8 9 18 54 11 0 18 2 0 36 0 0 14 21 22 0 0 2 0 45 0 0 0 0 0 0 0 0 20 0 1 0 0 10 1 0 1 0 0 1 0 0 12 12 0 0 0 0 0 0 0 0 2 0 0 1 0 0 0 0 0 0 0 0 0 0 0 0 0 0 0 0 0 0 0 0 22 17 0 0 25 4 0 14 31 11 28 6 0 0 12 43 0 0 10 0 2 0 0 0 0 0 0 0 0 1 0 0 0 0 11 0 0 10 6 0 0 0 0 0 0 0 0 0 0 0 0 0 0 0 0 0 0 0 0 0 0 0 0 0 0 0 0 0 0 0 0 0 0 14 0 0 1 1 2 7 0 0 0 0 0 0 0 0 0 0 0 0 0 0 0 0 0 0 0 0 19 0 0 0 0 0 0 0 0 
 0 0 0 0 0 0 0 0 0 0 1 0 0 0 0 0 0 0 0 0 219 522 0 98 307 110 76 120 75 99 448 84 178 219 228 161 46 310 44 113 0 0 0 1 2 3 1 42 0 0 205 0 1 2 3 0 0 0 3 0 0 0 0 2 2 0 3 3 0 0 3 3 0 0 0 0 0 0 0 2 1 0 0 0 20 0 0 0 0 0 0 0 0 0 0 0 0 0 0 0 31 0 34 6 21 30 0 23 0 55 0 14 11 17 19 0 10 12 16 11 0 0 0 0 0 0 0 0 0 0 0 0 0 15 0 0 0 0 41 2 0 1 0 2 0 0 2 5 0 1 5 0 0 0 0 0 0 0 0 0 0 0 0 0 0 0 0 0 0 0 1 0 0 2 0 0 0 0 0 0 22 8 13 24 2 24 23 9 29 15 7 20 7 46 2 14 106 30 15 28 12 0 2 0 0 0 0 0 0 0 0 0 14 0 0 0 0 0 8 0 0 0 0 0 0 0 16 0 0 0 0 0 11 0 0 0 0 0 0 0 0 0 0 0 0 0 0 0 0 0 0 0 0 0 5 0 0 0 77 0 3 1 0 0 0 0 0 0 0 0 0 0 0 0 0 0 0 0 0 0 0 0 0 0 2 0 2 0 0 0 
 3 2 2 2 2 2 3 3 3 2 2 2 2 3 5 2 2 1 7 1 156 76 98 0 114 335 69 302 362 406 205 247 278 78 73 59 188 187 270 71 0 0 0 0 0 10 22 0 1 0 0 1 7 62 3 0 0 0 108 90 0 0 0 2 3 0 2 3 0 0 3 3 0 32 0 0 0 2 0 3 0 0 1 0 0 0 0 2 0 0 0 0 0 0 0 0 0 0 0 0 0 0 14 16 7 24 0 0 0 0 29 35 0 0 0 0 24 16 0 0 23 11 10 0 0 0 21 16 0 1 0 0 1 0 15 21 0 0 26 11 0 1 0 0 0 0 0 3 0 0 0 0 0 6 0 0 0 29 0 0 0 0 0 0 0 2 0 2 0 0 0 0 0 0 0 0 0 0 0 0 13 13 10 0 9 9 1 0 1 0 1 15 0 13 12 35 19 27 1 0 24 0 19 0 2 0 2 45 0 0 0 0 34 1 0 19 2 0 13 11 0 0 0 0 1 0 0 0 0 0 0 0 0 0 0 0 0 0 0 0 0 0 59 0 0 0 0 0 0 0 0 0 0 0 14 0 2 79 1 2 0 10 0 0 0 0 0 0 0 0 0 0 0 0 0 0 0 2 0 0 0 22 0 0 0 0 17 0 0 0 
 3 0 0 0 0 0 0 0 0 0 0 24 0 1 0 0 0 0 0 0 35 433 307 114 0 260 52 86 189 209 316 62 59 88 174 81 65 58 54 96 0 0 15 3 1 10 70 16 0 0 0 0 32 0 3 0 0 0 3 1 0 0 0 2 3 0 2 3 0 0 3 3 81 0 0 0 0 2 0 3 0 11 0 1 0 0 0 0 0 0 0 0 0 0 0 0 0 0 0 0 0 18 12 0 42 16 0 10 19 0 0 0 0 0 0 0 0 23 0 0 22 22 12 17 2 0 5 14 0 10 19 14 8 9 27 10 9 0 0 24 0 0 0 0 0 0 0 0 0 0 0 2 0 0 0 0 0 0 8 0 2 0 0 0 0 0 0 0 0 0 0 0 0 9 0 0 0 0 0 0 12 0 0 51 25 14 0 0 20 0 8 21 0 0 0 0 0 12 0 0 0 1 13 2 1 0 7 30 0 10 12 2 24 14 10 13 1 10 15 21 0 0 0 0 0 0 0 0 0 0 0 1 0 2 0 0 0 0 0 12 0 0 0 0 0 0 0 0 0 0 0 0 0 0 6 0 0 81 77 0 0 0 0 0 0 0 0 0 0 0 0 0 0 0 0 0 0 0 0 0 0 0 0 2 0 0 0 0 0 0 
 0 0 0 0 0 0 1 0 0 0 1 0 0 2 0 0 0 0 0 0 255 114 110 335 260 0 24 149 118 189 91 285 260 66 60 145 279 34 358 74 62 0 2 1 0 12 0 66 0 65 0 16 63 0 90 0 2 0 3 2 0 0 26 2 3 0 3 3 0 0 3 4 0 0 0 0 0 0 0 2 0 0 0 0 0 0 0 0 0 0 0 2 0 0 0 0 0 0 0 0 0 17 0 0 70 0 0 9 18 9 27 0 0 0 0 0 10 35 0 0 12 22 12 14 13 0 0 1 0 10 14 29 18 7 6 11 0 0 9 31 0 0 0 0 1 0 0 0 0 0 0 0 0 0 0 0 0 2 0 0 0 0 0 0 1 0 0 5 0 18 0 0 0 0 0 5 0 0 0 0 12 0 27 23 0 18 0 0 11 0 42 26 0 10 0 11 22 20 0 0 0 2 2 0 0 0 18 16 12 0 0 7 102 24 20 13 0 1 0 48 0 0 1 0 0 0 0 0 0 0 7 0 0 0 2 0 2 0 0 0 0 0 0 0 0 0 0 0 0 0 0 0 0 0 8 0 1 5 0 8 2 0 0 0 0 10 0 0 0 0 0 0 0 0 0 0 0 0 0 0 0 0 0 0 0 0 0 0 0 0 
 0 0 0 2 0 0 1 2 0 23 1 73 0 0 0 29 89 2 2 0 153 250 76 69 52 24 0 106 48 32 128 353 294 315 60 46 127 31 101 138 63 0 0 0 0 2 1 0 0 1 0 0 2 0 3 0 0 0 2 0 0 0 0 2 4 5 2 3 0 0 3 3 0 0 0 0 0 0 0 3 0 0 0 16 18 0 0 0 0 12 15 8 0 0 0 33 14 0 0 0 19 10 29 28 0 24 24 11 24 21 0 32 0 29 13 12 8 13 3 31 0 0 0 0 0 0 0 0 0 0 0 0 0 0 0 0 0 0 2 14 0 2 0 0 0 0 0 0 0 0 0 0 0 0 0 2 0 0 0 0 0 0 0 12 0 0 0 0 0 0 0 0 0 0 0 0 8 0 19 2 2 36 13 6 0 0 0 29 3 7 32 12 27 0 18 22 0 2 0 0 13 0 0 0 0 0 0 0 0 0 0 0 0 0 0 0 0 31 0 0 0 0 0 0 0 0 0 1 0 0 9 0 0 0 0 0 0 0 0 0 0 0 0 0 0 0 0 0 0 74 12 0 0 0 9 0 1 2 9 2 1 0 0 0 0 0 34 0 0 0 0 0 0 0 0 0 21 0 0 0 0 1 0 0 0 0 0 0 0 0 
 2 1 1 1 1 1 2 2 2 1 1 4 1 2 2 1 1 0 1 0 147 273 120 302 86 149 106 0 255 210 134 106 244 180 77 307 146 46 150 262 0 0 0 0 0 2 1 0 0 0 0 1 5 0 3 0 0 0 2 0 0 0 0 2 3 6 2 3 0 0 3 4 0 0 0 0 0 2 0 3 0 0 0 0 12 10 0 1 0 0 0 10 0 0 0 0 0 0 0 0 0 13 39 52 0 43 0 18 13 9 21 15 30 5 11 0 23 18 0 9 20 0 0 0 0 0 14 0 0 2 0 0 0 15 0 0 0 0 9 34 0 1 0 0 0 0 0 4 0 0 0 0 0 0 0 0 0 0 1 0 0 0 0 0 0 0 1 0 0 0 0 0 0 0 0 0 0 0 0 0 0 27 0 22 13 23 13 35 0 18 21 49 0 0 67 28 19 11 2 0 13 0 0 0 0 0 0 0 0 0 0 0 0 0 0 0 0 0 9 25 0 0 0 0 0 0 0 0 0 0 0 0 0 0 0 0 0 0 0 0 0 0 12 0 0 1 0 0 0 0 0 0 0 0 12 0 2 33 4 0 9 0 0 0 0 0 14 0 0 0 0 0 0 0 0 0 0 0 0 0 0 19 0 0 0 0 0 0 0 0 
 1 2 0 1 70 38 2 3 1 3 0 2 1 2 0 2 0 0 2 0 55 123 75 362 189 118 48 255 0 325 40 265 243 84 326 131 130 221 101 152 3 0 23 0 3 2 0 6 0 0 2 2 4 1 3 3 0 2 64 3 5 0 0 3 42 5 2 4 1 0 3 3 0 0 0 2 0 3 0 3 0 0 0 0 0 1 0 2 0 0 0 0 0 0 0 0 0 0 0 12 0 20 0 16 14 60 0 27 48 0 38 7 0 0 15 37 27 39 0 2 22 2 0 0 0 0 19 0 0 0 0 0 0 0 63 0 0 0 30 19 0 2 0 0 0 0 0 0 0 0 0 0 0 0 9 0 0 0 5 0 0 0 0 0 0 18 0 0 0 0 0 0 0 4 0 0 0 0 0 0 18 17 8 13 0 12 12 0 46 53 7 24 1 0 71 13 0 17 0 0 1 0 0 0 0 0 0 0 0 0 0 0 0 0 0 1 0 0 18 9 15 0 0 0 0 0 0 0 0 0 0 0 0 0 0 0 0 0 0 0 0 0 9 0 0 2 0 0 0 0 0 0 0 0 16 0 0 1 0 0 2 0 0 0 0 0 0 0 0 0 0 0 0 0 0 0 0 13 0 0 0 15 0 0 0 13 0 0 0 0 
 3 3 9 3 3 3 3 3 3 3 3 3 3 3 5 3 3 2 3 2 44 351 99 406 209 189 32 210 325 0 96 167 58 309 137 134 63 346 89 112 85 0 1 0 0 2 64 0 0 0 0 5 2 0 3 0 0 0 127 124 0 0 0 2 3 0 2 3 0 0 3 3 0 0 0 0 0 0 0 3 0 0 0 0 0 0 0 12 0 0 0 0 0 0 0 0 0 0 0 0 0 27 0 16 10 0 0 9 32 9 5 1 5 0 2 17 0 31 0 9 36 35 12 0 0 0 1 0 0 0 0 0 42 20 45 0 0 0 0 23 0 0 0 0 0 0 0 8 0 0 0 0 0 5 0 0 0 0 0 0 0 0 0 0 0 0 0 0 0 0 0 0 0 0 0 0 0 0 0 0 0 2 0 9 38 88 23 14 0 13 49 13 0 9 16 14 1 11 0 0 4 0 12 0 0 0 20 1 0 0 0 0 0 25 40 0 13 7 24 12 0 0 0 1 0 0 0 0 0 0 0 0 0 0 0 0 0 0 0 0 0 0 0 0 0 0 0 0 0 0 0 0 0 0 17 0 0 4 4 0 2 11 0 0 0 0 0 0 0 0 0 0 0 0 0 0 0 0 0 0 0 13 0 0 0 14 18 0 0 0 
 2 2 8 83 2 3 2 2 2 3 4 5 2 2 2 2 2 2 2 2 110 291 448 205 316 91 128 134 40 96 0 246 60 89 161 355 95 102 61 152 64 61 3 1 2 4 2 4 0 1 0 0 2 63 66 80 0 3 72 95 0 0 0 2 3 1 3 3 0 0 3 3 0 0 0 62 0 0 0 3 0 2 0 0 2 0 0 0 0 0 0 0 0 0 0 0 0 0 0 0 1 0 12 7 0 25 0 33 13 1 12 26 12 0 13 7 18 0 0 10 38 19 12 0 0 0 1 0 0 0 0 0 20 2 18 8 0 0 11 20 2 1 0 0 0 2 0 2 32 0 0 0 0 0 0 0 0 0 0 0 0 0 0 0 0 0 15 5 0 0 0 0 0 0 0 0 0 23 0 0 0 34 13 0 0 4 1 1 11 18 23 28 9 0 2 14 64 0 7 1 70 0 12 0 0 0 45 39 0 0 0 0 19 15 22 14 0 0 29 11 0 0 0 0 0 0 0 14 2 0 0 0 0 0 0 0 0 2 1 0 0 0 0 0 0 0 0 0 0 0 0 0 0 0 8 0 0 42 1 1 2 2 0 0 0 0 0 0 0 0 0 0 0 0 0 0 0 0 0 0 0 0 0 0 0 0 18 0 0 0 
 0 0 5 0 0 0 2 0 0 0 0 3 0 0 0 1 0 1 2 2 313 64 84 247 62 285 353 106 265 167 246 0 34 314 54 76 238 201 240 24 0 0 0 0 0 3 0 0 0 0 0 0 6 0 3 0 0 0 126 128 0 0 5 2 3 0 2 3 45 0 3 3 0 0 0 0 0 6 0 3 0 0 0 0 1 2 0 0 0 0 0 0 0 0 5 0 0 0 0 0 18 0 10 16 27 14 0 10 0 10 0 32 0 13 0 32 66 29 0 12 14 0 0 0 0 0 0 0 2 0 0 0 0 1 20 17 0 0 12 36 0 2 0 0 0 0 0 0 0 0 0 0 0 11 0 0 0 0 0 0 0 0 0 0 0 1 0 0 0 0 0 0 0 0 0 2 0 0 0 0 0 12 1 0 0 27 9 20 10 27 13 6 0 0 11 47 24 11 0 0 20 0 12 0 0 0 14 10 2 0 0 0 12 0 0 0 0 0 9 38 0 0 0 0 0 0 0 0 0 0 0 0 0 0 0 0 0 0 0 0 0 0 0 0 0 0 0 0 0 0 0 0 0 0 7 1 2 2 78 0 0 1 0 0 0 0 0 0 0 0 0 1 0 0 0 0 0 0 0 18 0 12 0 0 0 19 23 0 0 0 
 0 73 0 1 72 74 0 1 1 1 75 31 0 0 0 0 18 1 0 1 664 107 178 278 59 260 294 244 243 58 60 34 0 94 343 110 109 67 469 44 0 0 0 0 4 2 62 24 63 0 0 0 0 0 3 0 0 66 2 0 0 0 0 2 3 3 3 3 0 0 3 3 0 0 30 0 0 0 0 3 0 0 0 1 8 24 0 1 0 29 7 38 0 0 0 11 7 0 0 0 15 16 12 9 0 8 10 14 10 0 8 23 20 7 6 10 1 2 5 0 0 1 0 0 0 0 0 0 0 0 0 0 0 0 0 0 0 0 0 1 0 2 48 0 0 0 0 0 0 0 0 0 0 0 0 0 0 0 6 0 0 0 1 9 0 14 0 0 0 14 0 0 0 0 0 0 7 13 0 0 13 34 0 12 1 0 28 0 0 27 0 0 11 0 20 15 11 0 35 30 0 0 0 0 0 0 0 0 0 0 0 0 0 0 0 0 0 0 0 0 0 0 0 0 0 0 0 0 0 0 0 0 0 0 0 0 0 0 0 0 0 0 1 0 0 0 0 0 0 0 9 0 0 0 10 0 0 84 0 1 11 0 0 0 0 0 11 0 0 0 0 0 0 0 0 0 10 0 0 0 0 0 0 0 0 0 0 0 0 0 
 0 2 1 23 0 1 1 0 0 77 72 55 0 0 0 1 3 0 0 0 48 122 219 78 88 66 315 180 84 309 89 314 94 0 218 114 71 70 86 255 0 3 0 0 2 5 62 6 0 0 0 0 0 0 3 0 0 0 5 0 6 0 0 2 3 1 3 3 0 0 3 3 0 0 0 0 0 0 2 3 0 0 1 8 23 10 0 0 0 0 24 18 0 0 0 41 38 1 0 0 25 21 8 0 0 7 3 35 19 0 0 0 0 6 13 0 12 0 4 17 0 0 2 0 0 2 0 0 0 0 0 0 0 2 0 1 0 0 8 0 0 2 0 0 0 0 0 6 0 0 2 0 0 0 0 0 0 0 1 0 0 0 0 0 0 0 0 0 0 0 0 1 0 0 0 0 7 0 0 0 1 27 8 0 0 2 25 24 12 23 54 11 26 0 12 24 9 0 11 31 10 0 0 0 0 0 0 0 0 0 0 0 0 0 0 0 0 0 7 0 0 0 0 0 0 1 0 0 0 0 0 0 0 0 0 0 0 0 0 0 0 0 0 0 0 0 1 0 0 17 0 0 0 0 5 0 0 0 0 2 4 0 0 0 0 0 0 0 0 0 0 0 0 0 0 0 11 0 0 0 0 0 0 0 0 0 0 0 0 0 
 0 0 3 137 3 3 0 0 0 73 78 25 1 0 0 0 0 1 0 0 44 223 228 73 174 60 60 77 326 137 161 54 343 218 0 297 37 155 284 312 0 1 2 0 0 2 2 3 0 5 0 0 2 0 3 3 0 0 2 0 9 1 2 4 4 46 2 58 0 0 6 6 0 0 0 0 0 0 0 3 0 0 0 1 31 10 0 0 0 0 0 0 0 0 0 0 0 9 0 0 20 8 16 15 0 0 12 14 17 12 0 11 24 13 33 0 0 0 38 50 0 0 0 0 0 0 0 0 0 0 0 0 0 0 0 0 0 0 0 0 0 0 0 0 4 0 0 0 0 0 5 0 0 0 0 0 0 0 0 0 9 0 0 0 1 33 0 0 0 0 0 0 0 0 0 0 0 0 0 0 21 46 7 23 13 9 41 15 47 13 9 15 23 23 13 0 38 14 23 39 0 0 0 0 0 0 0 0 0 0 0 0 0 1 0 0 0 0 0 0 0 0 0 0 0 0 0 0 0 0 0 0 0 0 0 0 0 0 0 0 0 0 0 0 0 0 17 2 0 0 0 0 0 0 19 0 2 0 42 5 0 0 0 0 0 0 0 0 0 0 0 0 0 0 0 0 0 7 0 0 0 0 0 0 0 0 0 0 0 0 
 3 4 3 3 80 3 3 5 3 4 3 3 5 3 3 3 3 3 3 3 97 188 161 59 81 145 46 307 131 134 355 76 110 114 297 0 91 246 44 149 0 0 0 0 1 2 66 4 0 0 0 0 2 0 3 0 0 1 4 43 0 0 0 3 3 1 2 2 1 0 49 3 0 0 0 0 43 0 0 3 0 0 0 0 20 0 0 0 0 0 0 0 0 0 0 0 0 11 0 0 39 24 10 16 11 0 0 0 0 15 5 20 13 11 26 0 9 40 26 27 0 0 19 0 0 0 0 0 0 0 0 0 0 0 0 0 0 0 12 0 0 2 0 0 0 0 0 0 12 0 4 0 7 16 0 0 0 0 7 0 0 0 0 0 0 3 0 0 0 0 0 10 0 7 0 0 0 0 0 0 31 3 18 9 22 43 59 14 18 12 14 0 8 35 28 14 50 73 30 18 0 0 0 0 0 0 0 0 0 0 0 0 20 0 0 0 0 0 0 0 0 0 0 0 0 0 0 0 0 0 0 0 0 0 0 0 0 0 0 6 0 0 0 0 0 0 76 0 0 0 0 0 1 0 3 0 0 0 3 0 4 0 1 0 0 0 0 0 0 0 0 0 0 0 0 0 0 8 0 0 0 0 0 0 0 0 0 0 0 0 
 0 0 5 0 0 0 3 2 1 0 0 0 1 0 0 0 0 0 0 0 145 27 46 188 65 279 127 146 130 63 95 238 109 71 37 91 0 145 194 34 0 0 0 0 0 4 0 0 2 0 0 0 5 0 3 0 0 1 22 0 0 1 0 3 4 73 5 3 0 1 3 3 3 0 0 0 3 0 0 2 0 0 0 0 0 0 0 0 0 0 0 6 0 0 0 0 0 0 2 0 18 0 11 20 14 15 0 0 0 1 4 30 1 23 0 33 45 25 0 0 17 0 0 0 0 0 18 0 0 0 0 0 20 0 9 4 0 0 28 26 0 2 0 0 0 0 0 0 0 0 0 0 0 0 0 0 0 0 0 0 0 0 0 0 0 3 0 0 0 0 17 0 0 0 0 0 0 0 0 0 0 23 13 8 1 23 10 1 1 32 1 33 0 0 21 34 16 17 0 0 12 0 0 0 0 0 0 0 0 0 0 8 10 0 0 0 0 0 12 19 0 0 0 0 0 0 0 0 0 0 0 0 0 0 0 0 0 0 0 0 0 0 4 0 0 0 1 0 0 0 0 0 0 0 5 0 1 6 1 2 1 0 0 0 0 0 16 0 0 0 0 0 0 0 0 0 0 0 0 18 0 14 0 0 0 19 0 0 0 0 
 0 0 0 34 0 45 0 0 0 0 0 37 60 0 0 0 3 0 0 0 207 342 310 187 58 34 31 46 221 346 102 201 67 70 155 246 145 0 193 218 0 0 55 0 0 2 25 0 1 0 0 1 9 0 3 0 0 0 45 27 5 0 0 2 3 0 2 3 0 0 3 3 0 0 0 0 0 0 0 3 0 0 0 0 11 0 0 2 0 0 0 0 0 0 0 0 0 0 2 0 11 10 21 6 18 11 11 0 16 7 10 16 0 14 37 9 30 9 30 19 1 0 6 0 0 0 11 16 0 1 0 0 0 0 0 1 0 0 16 13 15 1 0 0 0 0 0 3 0 0 0 0 0 9 0 0 0 1 0 0 0 0 0 0 0 4 0 0 0 0 0 0 0 0 0 0 0 0 0 0 15 0 18 9 23 1 8 1 1 33 0 12 0 6 9 12 23 7 1 6 12 0 0 0 2 0 1 12 0 0 0 0 14 2 0 0 7 0 14 11 0 0 0 0 1 0 0 0 19 0 0 0 0 0 0 0 0 0 0 0 0 0 7 0 0 1 0 0 0 0 0 0 0 0 11 3 0 74 5 0 1 10 0 0 0 0 0 0 0 0 0 0 0 0 0 0 0 2 0 0 0 24 0 0 0 0 0 0 0 0 
 0 113 40 1 0 76 0 0 0 78 0 111 0 1 77 24 112 114 21 0 520 119 44 270 54 358 101 150 101 89 61 240 469 86 284 44 194 193 0 117 1 0 2 0 0 3 4 2 0 7 2 0 4 0 3 0 0 0 2 0 4 0 2 2 3 15 2 3 2 0 53 3 0 0 0 3 0 0 0 5 0 0 4 0 0 53 0 0 2 16 0 31 0 0 0 10 0 0 0 0 0 0 12 35 1 14 27 0 29 1 19 29 0 25 2 33 0 20 9 7 0 0 0 0 0 0 1 0 0 0 0 0 0 0 0 0 0 0 1 15 0 0 0 0 0 0 0 0 0 0 0 0 0 0 0 0 0 0 0 0 0 0 0 35 1 17 0 0 0 20 0 15 0 0 0 13 0 12 0 0 2 36 0 18 0 0 0 19 1 1 0 20 14 23 21 12 28 0 38 12 0 0 0 0 0 0 2 0 0 0 0 0 0 0 0 1 0 0 0 0 0 0 0 2 0 0 0 0 0 0 0 0 0 0 1 0 0 0 0 0 0 0 0 0 0 0 1 0 0 0 21 0 0 0 5 2 4 41 0 2 21 2 0 0 0 0 15 0 0 0 0 0 0 0 0 0 15 1 0 0 0 0 0 0 0 0 0 0 0 0 
 0 0 1 128 3 81 2 0 0 35 33 76 1 0 0 1 1 0 0 0 118 162 113 71 96 74 138 262 152 112 152 24 44 255 312 149 34 218 117 0 0 0 0 0 0 2 8 1 0 0 0 0 0 0 5 0 0 0 2 0 5 0 0 3 4 0 2 2 1 0 3 3 0 0 2 0 0 2 0 4 0 0 0 25 13 2 0 0 0 0 0 1 0 0 0 1 0 10 0 0 16 60 15 0 0 4 36 0 24 22 0 27 9 15 53 0 0 0 34 53 0 0 1 0 0 0 0 0 0 0 0 0 0 0 0 2 0 0 0 0 11 2 0 0 9 0 0 0 0 0 14 0 0 0 0 0 0 0 2 0 0 0 0 0 22 0 0 0 0 0 10 0 0 0 0 0 8 0 0 0 10 2 45 7 10 0 0 25 24 19 9 1 22 11 1 0 15 17 21 11 0 0 0 0 0 0 0 0 0 0 0 0 0 0 0 0 0 0 0 1 0 0 0 0 0 2 15 0 14 0 0 0 0 0 0 0 0 0 0 0 0 0 0 0 0 0 75 0 0 0 0 0 0 0 22 0 0 3 112 33 0 0 0 0 0 0 2 0 0 0 0 0 0 0 2 0 0 0 0 0 0 0 0 0 0 0 0 0 0 0 
 2 3 3 3 3 3 2 2 2 5 3 3 3 1 1 2 3 3 3 3 1 0 0 0 0 62 63 0 3 85 64 0 0 0 0 0 0 0 1 0 0 81 215 51 44 34 164 75 79 75 44 82 285 176 173 100 266 259 112 54 3 0 3 0 0 0 0 2 2 0 0 0 5 3 3 1 4 2 3 0 0 0 0 0 0 0 0 1 0 0 0 0 0 0 0 0 0 0 0 0 0 0 0 0 0 0 0 0 0 0 0 0 0 0 0 10 0 0 0 0 11 18 0 22 0 0 12 3 10 6 0 20 21 32 7 0 0 16 0 0 0 5 1 0 0 0 0 2 9 3 0 3 4 0 1 2 0 0 1 3 0 0 0 0 0 0 0 4 0 4 0 0 0 0 0 0 0 0 0 1 0 0 0 0 16 0 0 0 0 0 6 0 0 0 0 0 0 0 0 0 32 0 0 38 1 1 10 1 14 2 0 15 0 19 13 35 0 0 10 2 1 0 7 3 0 0 0 2 4 7 6 0 11 5 5 9 0 3 13 16 0 0 0 0 0 0 0 0 0 0 0 9 0 1 0 0 0 0 1 19 0 0 1 0 67 5 2 0 2 0 4 0 0 0 0 0 0 0 0 0 0 0 0 0 0 0 0 5 0 0 
 0 0 0 0 0 0 0 0 0 0 0 0 0 0 0 0 0 0 6 0 0 0 0 0 0 0 0 0 0 0 61 0 0 3 1 0 0 0 0 0 81 0 267 158 46 31 145 140 144 164 109 165 56 129 347 166 386 50 112 36 2 0 3 2 0 3 0 0 0 0 0 2 0 22 0 3 2 3 14 0 0 0 0 0 0 0 0 0 0 0 0 0 0 0 0 0 0 0 0 0 0 0 0 0 0 0 0 0 0 0 0 0 0 12 0 0 0 0 0 0 1 11 7 0 25 0 14 19 17 23 6 12 0 29 6 31 61 42 0 0 0 0 0 0 0 11 0 0 0 0 0 0 0 0 1 0 0 0 9 0 0 0 0 0 0 0 0 0 0 0 0 0 0 8 15 10 0 7 0 3 22 0 0 0 0 0 0 0 0 0 0 0 0 0 1 0 0 0 0 1 21 28 12 48 49 1 0 0 24 9 13 2 0 0 0 9 21 27 0 1 0 0 0 0 0 0 0 13 0 0 0 0 10 1 0 0 0 0 10 0 0 0 0 0 0 0 0 0 0 0 0 15 2 0 0 1 0 0 0 0 0 0 34 1 65 2 2 2 0 0 0 1 0 0 0 0 0 0 0 0 0 0 0 0 0 13 0 6 2 0 
 0 0 0 3 0 0 0 0 0 0 0 0 0 0 0 0 0 0 0 0 0 0 0 0 15 2 0 0 23 1 3 0 0 0 2 0 0 55 2 0 215 267 0 362 75 59 160 106 564 81 285 103 67 84 68 102 302 160 123 54 0 0 2 2 3 0 3 2 0 3 1 0 0 0 0 0 0 0 0 0 0 0 0 0 0 0 0 0 0 0 0 0 0 0 18 0 0 0 0 0 0 0 0 0 8 0 0 0 7 0 0 0 0 0 0 1 0 0 0 0 0 0 0 33 5 0 51 13 10 14 19 18 0 9 0 0 0 17 0 0 0 0 0 0 0 0 0 0 0 0 0 0 0 0 0 0 0 0 1 0 0 0 0 0 0 0 0 0 0 18 0 0 0 0 0 0 0 0 0 0 0 0 0 0 9 0 0 0 0 0 0 0 0 0 0 0 0 0 0 0 12 0 24 21 12 0 0 3 12 7 0 58 0 12 0 43 0 20 28 10 0 0 0 0 0 0 9 0 0 0 0 0 0 4 0 0 0 0 0 0 0 0 0 0 0 0 0 0 0 0 0 5 0 0 0 0 0 0 0 1 0 0 2 0 12 12 4 0 0 0 8 0 0 0 0 0 0 0 0 0 0 0 0 0 7 6 0 7 0 4 
 3 0 5 2 0 0 0 0 0 0 0 0 0 0 0 18 0 0 0 0 62 0 1 0 3 1 0 0 0 0 1 0 0 0 0 0 0 0 0 0 51 158 362 0 183 36 73 147 340 174 139 74 138 340 411 98 43 156 38 58 7 0 0 0 61 1 101 0 3 0 0 4 0 6 50 55 0 0 27 0 0 0 0 0 0 0 0 0 0 0 0 0 0 0 0 0 0 0 0 0 0 0 0 0 0 0 0 0 0 0 0 0 0 0 0 0 0 0 0 0 0 0 0 13 26 22 0 9 10 0 5 12 0 0 0 1 5 0 0 0 9 9 0 4 0 0 0 7 0 0 0 0 14 0 13 3 0 0 8 0 4 0 0 0 5 0 0 0 0 0 0 0 0 0 19 9 0 0 24 0 0 0 0 0 0 0 0 0 0 0 0 0 0 0 0 0 0 0 0 0 0 0 0 8 33 14 0 0 12 34 15 0 0 0 0 0 12 0 0 0 22 0 48 0 0 0 34 0 0 0 0 0 35 22 2 38 0 0 1 17 0 0 0 0 0 0 0 0 0 0 0 4 0 0 0 0 0 0 0 10 0 0 2 64 0 2 1 0 0 0 0 0 0 0 0 0 0 0 0 0 0 0 0 0 15 0 0 0 0 0 
 3 3 8 63 52 3 67 3 3 3 3 62 72 3 3 3 3 3 9 3 0 0 2 0 1 0 0 0 3 0 2 0 4 2 0 1 0 0 0 0 44 46 75 183 0 167 63 89 153 140 92 294 69 291 94 95 42 336 36 79 0 1 1 0 0 3 50 0 0 50 0 211 50 3 50 99 51 51 25 0 0 0 0 0 9 0 0 0 0 0 0 6 0 0 9 0 0 0 0 0 3 4 0 0 0 0 0 0 0 0 0 0 1 0 0 7 0 0 0 0 0 0 0 16 17 6 0 0 0 0 0 0 10 0 0 0 3 0 0 0 0 0 6 14 0 0 9 0 0 0 0 10 18 10 18 12 0 15 15 0 0 3 0 9 0 0 0 0 0 0 0 0 0 0 0 0 0 9 0 0 0 0 1 0 0 0 3 0 0 0 0 0 1 0 0 0 0 0 5 2 0 0 0 0 23 28 0 0 0 10 18 14 0 0 0 0 0 0 0 0 17 0 9 4 0 0 0 10 0 0 11 11 6 4 23 11 0 0 10 0 8 0 26 0 0 0 2 0 0 0 0 7 0 0 0 2 0 0 0 0 0 12 3 0 4 4 0 37 2 0 0 0 0 10 0 0 0 0 0 0 0 0 0 0 0 0 0 0 1 0 
 0 0 0 0 0 0 0 0 0 3 0 3 4 0 0 2 3 0 2 0 2 2 3 10 10 12 2 2 2 2 4 3 2 5 2 2 4 2 3 2 34 31 59 36 167 0 26 33 54 343 98 76 55 46 72 82 58 79 251 53 0 51 118 0 0 0 4 12 0 35 0 0 20 54 1 1 9 1 1 99 0 0 0 0 0 0 0 0 0 0 0 0 0 0 0 0 10 0 0 0 0 0 0 0 4 0 0 0 0 0 0 0 0 0 0 0 0 0 20 0 0 3 2 3 1 20 0 1 0 5 1 6 0 0 0 0 8 0 0 2 0 2 15 11 0 0 16 11 0 18 0 0 0 21 6 45 17 24 0 31 0 0 0 0 0 0 0 0 0 0 0 0 1 0 0 0 0 0 35 32 14 0 0 2 0 11 0 0 0 0 0 0 0 0 0 0 0 0 0 0 2 1 0 0 9 30 0 7 0 0 0 0 3 4 0 2 0 0 0 0 4 7 29 32 0 10 1 24 0 24 39 10 0 44 9 30 26 10 30 8 12 0 0 0 0 0 0 0 0 0 0 1 0 0 0 0 0 0 0 1 0 0 1 0 1 1 1 7 0 0 0 0 50 15 0 0 0 0 0 0 0 0 0 0 0 0 0 0 0 0 
 0 0 4 0 0 2 0 0 0 0 36 79 0 0 0 5 18 1 0 0 1 62 1 22 70 0 1 1 0 64 2 0 62 62 2 66 0 25 4 8 164 145 160 73 63 26 0 57 126 57 33 81 330 28 238 17 33 22 101 70 0 0 0 0 8 0 0 0 0 0 92 0 1 1 0 5 0 0 0 0 0 9 7 36 1 14 0 0 2 0 0 21 0 0 0 0 6 0 0 0 0 36 0 0 3 0 4 16 11 0 0 0 0 28 0 0 0 0 12 1 10 1 18 0 1 0 18 14 19 12 19 0 0 22 1 0 11 24 0 0 0 1 0 0 0 0 0 3 0 0 0 0 0 16 0 0 0 1 0 0 0 0 0 0 0 0 0 0 0 0 1 0 0 0 0 0 0 2 0 17 6 0 0 0 14 0 0 0 0 0 0 0 0 3 0 3 0 0 0 19 11 8 5 9 0 0 1 17 0 3 0 13 1 3 0 1 5 2 1 0 0 0 0 0 0 0 0 0 0 0 0 0 0 0 0 0 0 0 0 0 0 0 0 0 0 0 0 0 0 72 0 9 0 0 0 0 0 63 2 0 0 13 0 0 6 0 0 0 0 0 0 0 0 0 0 0 1 0 0 0 0 19 0 0 0 0 0 9 0 0 
 2 2 11 2 2 2 2 2 2 5 2 2 2 2 2 2 2 2 6 2 0 6 42 0 16 66 0 0 6 0 4 0 24 6 3 4 0 0 2 1 75 140 106 147 89 33 57 0 140 77 107 122 131 165 210 128 215 90 49 90 0 0 2 3 3 0 2 0 1 2 1 0 0 5 0 1 2 2 0 1 0 0 0 0 6 0 0 0 0 0 0 0 0 0 0 0 0 0 0 0 8 4 0 0 0 0 0 0 0 0 18 0 0 0 0 3 0 0 0 0 12 16 28 10 24 17 0 16 10 54 13 14 10 0 9 31 11 7 0 0 18 10 0 0 0 0 0 7 0 0 0 0 9 10 19 0 0 0 33 0 10 0 0 0 12 0 0 0 0 0 0 0 0 0 4 5 0 11 0 13 0 4 0 0 18 0 8 0 0 5 0 0 0 0 0 0 1 0 12 6 0 9 13 0 15 10 7 9 0 43 0 0 5 0 10 0 7 0 0 0 0 0 0 0 0 0 13 0 0 0 0 0 23 0 7 18 0 0 0 7 0 0 0 0 0 0 0 0 0 25 0 0 2 1 0 0 0 66 0 0 0 0 0 1 0 1 0 0 0 0 0 0 0 0 0 0 0 0 0 0 0 0 0 0 7 13 0 0 0 0 
 0 0 0 3 0 0 0 0 0 4 0 0 0 0 0 0 0 0 0 35 0 0 0 1 0 0 0 0 0 0 0 0 63 0 0 0 2 1 0 0 79 144 564 340 153 54 126 140 0 183 104 111 169 164 276 172 307 55 50 83 5 0 4 0 54 0 0 3 0 23 0 0 14 4 6 9 6 0 0 4 0 0 0 2 0 0 0 0 0 0 0 0 0 0 0 0 0 0 0 0 0 0 0 0 0 0 0 0 0 0 0 0 0 0 0 0 0 0 0 0 0 0 0 0 0 10 0 0 1 0 46 0 0 22 24 0 3 3 0 0 10 13 0 0 0 0 0 6 20 6 0 4 7 15 1 30 0 0 10 9 43 0 0 0 6 0 0 0 0 0 0 0 0 0 4 6 0 0 5 0 0 0 0 0 0 0 0 0 0 0 0 0 0 0 0 0 0 0 0 0 0 5 10 7 10 7 0 0 35 33 26 0 0 0 0 20 0 16 0 0 7 0 5 5 0 0 21 28 5 8 0 0 12 18 1 15 0 7 15 82 0 0 0 0 0 0 0 0 0 0 0 16 0 0 0 0 0 0 0 1 0 21 1 63 2 4 2 0 2 0 8 0 0 0 0 0 0 0 0 0 0 0 0 0 10 0 0 0 1 0 
 0 31 11 0 0 0 0 0 0 3 0 5 0 0 0 4 7 2 0 0 0 0 0 0 0 65 1 0 0 0 1 0 0 0 5 0 0 0 7 0 75 164 81 174 140 343 57 77 183 0 157 134 95 88 349 112 574 277 84 75 0 0 0 0 0 4 0 0 0 0 0 0 0 10 0 16 0 0 0 57 0 0 9 0 0 0 0 0 0 0 0 3 12 0 0 0 0 0 0 0 0 0 0 0 0 0 0 0 0 0 0 0 0 15 0 7 0 0 0 0 9 22 1 1 47 16 10 15 0 16 8 23 0 14 0 9 19 22 0 0 9 17 0 0 0 0 0 7 0 0 17 0 1 0 0 6 1 7 7 0 5 0 9 5 2 0 0 0 0 0 0 0 0 0 20 11 0 8 0 3 8 0 0 0 0 0 0 0 0 0 0 0 0 0 0 0 0 0 0 0 0 24 6 16 5 0 6 0 20 28 0 8 0 0 9 0 31 10 0 8 0 0 10 0 0 0 1 1 0 0 0 0 18 0 4 0 0 0 10 0 0 0 0 0 0 0 1 0 0 0 0 6 0 1 0 0 0 0 0 2 0 1 5 1 0 2 3 0 0 2 0 0 0 0 0 0 0 0 0 0 0 4 0 0 0 0 0 0 0 0 
 0 0 0 0 0 0 0 0 0 1 0 0 0 1 0 0 0 0 0 0 0 0 205 0 0 0 0 0 2 0 0 0 0 0 0 0 0 0 2 0 44 109 285 139 92 98 33 107 104 157 0 78 95 100 209 172 318 203 47 64 0 1 1 0 0 0 51 0 0 11 0 0 10 10 52 57 11 11 31 0 0 0 0 0 0 0 0 0 0 0 0 0 0 0 0 0 0 0 0 0 0 1 0 23 0 0 0 0 0 0 0 0 0 0 0 0 0 0 0 0 0 0 0 0 28 0 0 12 11 0 13 30 0 0 7 32 0 0 0 0 12 0 0 5 0 0 0 0 0 0 0 0 0 3 5 0 0 0 14 0 0 0 0 0 0 0 0 0 0 0 0 9 0 0 0 0 0 0 0 0 0 1 0 0 0 0 0 0 0 0 9 0 0 0 0 0 0 0 0 0 0 0 0 13 37 51 0 0 18 5 0 0 0 0 0 0 2 0 0 0 10 0 0 0 0 0 6 0 0 0 0 0 13 0 1 14 0 0 0 4 0 0 0 0 0 0 0 0 0 0 0 15 0 0 0 0 0 0 0 8 0 0 0 2 0 0 0 0 0 4 0 0 0 0 0 0 0 0 0 0 0 0 0 0 16 3 0 0 0 0 
 2 2 2 2 2 2 2 2 2 2 2 2 2 2 2 2 2 41 8 2 0 0 0 1 0 16 0 1 2 5 0 0 0 0 0 0 0 1 0 0 82 165 103 74 294 76 81 122 111 134 78 0 44 41 87 259 127 210 100 251 0 3 3 0 6 0 50 0 0 0 0 13 0 0 53 70 15 0 24 2 0 0 0 0 0 0 0 0 0 0 0 0 0 0 12 0 0 0 0 0 0 0 0 0 1 0 0 0 0 0 0 13 0 0 0 0 1 10 0 0 6 16 16 6 19 9 9 14 10 15 0 0 3 11 15 0 31 9 1 0 7 1 20 12 0 0 0 1 3 0 0 0 8 0 0 0 0 0 3 19 1 0 0 0 0 0 0 0 0 0 0 0 0 0 7 0 0 7 6 5 0 0 0 8 2 1 0 0 0 0 0 0 0 0 0 0 0 0 0 0 6 3 23 42 10 16 5 0 0 0 15 15 1 0 2 0 25 24 3 0 21 0 0 0 0 0 0 0 0 0 0 0 0 0 0 25 0 0 0 0 0 0 9 0 0 0 0 0 2 0 0 5 0 0 0 0 2 0 5 0 0 12 0 4 67 2 0 0 0 0 0 0 0 0 0 0 0 0 0 0 0 1 0 0 0 0 0 12 1 0 
 0 2 1 2 2 2 1 1 1 2 2 0 2 0 2 2 2 0 2 1 2 0 1 7 32 63 2 5 4 2 2 6 0 0 2 2 5 9 4 0 285 56 67 138 69 55 330 131 169 95 95 44 0 153 28 64 48 43 71 107 0 0 0 0 0 0 0 0 0 0 0 0 0 4 0 4 0 0 0 0 0 0 0 0 0 0 0 0 0 0 0 0 0 0 0 0 0 0 0 0 0 0 3 2 20 5 0 0 0 8 60 16 0 0 0 0 18 4 0 0 21 11 10 0 1 0 9 52 0 2 0 2 3 28 9 35 9 10 4 0 0 1 0 0 0 0 0 0 0 0 0 0 0 0 0 0 0 0 0 0 0 0 0 0 0 0 0 0 0 0 0 0 0 0 13 0 0 0 0 0 0 0 0 1 9 0 0 0 0 0 0 2 0 0 8 6 0 6 0 0 1 19 29 12 11 0 11 31 12 8 17 0 24 0 59 0 26 55 0 4 0 0 0 0 0 0 0 0 0 0 0 0 0 0 0 0 0 0 0 0 0 0 7 0 0 0 0 0 0 0 0 16 0 2 0 0 0 63 3 2 0 0 2 0 0 4 0 0 0 0 0 0 0 0 0 0 0 0 0 0 0 7 0 0 0 0 0 0 0 0 
 0 0 0 38 0 0 0 0 0 0 0 0 0 63 0 1 0 0 0 0 0 0 2 62 0 0 0 0 1 0 63 0 0 0 0 0 0 0 0 0 176 129 84 340 291 46 28 165 164 88 100 41 153 0 129 87 95 33 52 140 51 0 0 0 0 0 0 0 0 0 0 206 0 5 0 0 1 0 0 0 0 0 0 0 0 0 0 0 0 0 0 12 0 0 0 0 0 0 0 0 0 0 0 0 0 0 0 0 0 0 24 25 0 0 0 0 0 0 0 0 0 61 3 9 25 0 12 47 20 23 0 43 0 0 0 17 12 5 0 0 0 0 0 0 0 0 1 0 4 0 5 0 0 0 0 0 0 0 0 0 0 0 0 0 0 0 0 0 0 1 0 0 0 0 0 13 0 0 0 0 0 0 0 0 0 0 0 0 0 0 0 0 0 0 5 0 0 0 0 0 7 5 22 48 8 0 10 23 48 2 43 7 18 11 15 16 33 12 0 14 0 0 0 0 0 0 0 0 0 0 0 0 29 0 0 0 0 0 13 0 0 0 0 0 0 0 0 0 0 0 0 5 0 2 0 0 0 67 0 0 0 0 65 0 1 9 1 0 1 0 0 0 0 0 0 0 0 0 0 0 0 0 0 0 0 15 0 0 0 0 
 0 0 0 3 64 0 0 0 0 0 0 2 0 0 0 0 3 0 0 0 3 3 3 3 3 90 3 3 3 3 66 3 3 3 3 3 3 3 3 5 173 347 68 411 94 72 238 210 276 349 209 87 28 129 0 172 198 99 67 176 0 0 0 8 2 0 0 0 0 0 0 18 0 5 6 51 1 0 0 0 0 0 0 0 0 0 0 0 0 0 0 0 0 0 19 0 0 0 0 0 0 0 14 0 0 0 0 0 0 0 0 10 0 0 0 0 0 0 0 0 10 0 0 1 13 0 13 13 3 50 7 19 10 9 21 27 0 62 0 0 0 0 0 0 0 0 0 0 7 0 0 0 0 17 0 0 0 0 0 0 0 0 0 0 0 0 0 5 0 33 0 0 0 2 0 0 0 0 0 0 0 0 0 0 0 0 0 0 0 0 0 0 0 0 0 0 0 0 0 0 10 0 42 14 0 0 11 10 0 0 0 0 0 1 11 10 8 13 0 4 0 0 0 0 16 0 12 0 0 0 0 0 19 0 0 0 0 0 0 32 0 0 0 0 0 0 0 0 0 0 0 12 0 2 0 0 0 0 0 9 0 0 0 0 3 0 0 0 0 0 7 0 0 0 0 0 0 0 0 0 0 0 0 0 8 15 0 7 0 0 
 2 2 5 2 2 3 2 2 2 2 3 2 3 2 2 2 2 79 8 3 0 0 0 0 0 0 0 0 3 0 80 0 0 0 3 0 0 0 0 0 100 166 102 98 95 82 17 128 172 112 172 259 64 87 172 0 116 136 28 517 0 0 3 0 51 0 0 0 0 0 0 4 0 0 2 0 5 0 0 0 0 0 0 0 0 0 0 0 0 0 0 3 0 0 0 0 0 0 0 0 0 0 0 0 1 0 0 0 0 0 0 0 0 0 0 0 0 0 0 0 0 0 13 1 0 15 0 0 17 1 18 0 0 0 10 0 10 0 0 0 19 10 23 0 0 0 0 6 13 0 0 0 9 13 1 0 0 0 10 21 8 0 0 0 23 22 2 0 0 0 0 0 0 0 3 4 0 0 4 0 0 0 0 0 0 0 0 0 0 0 0 13 0 0 0 0 0 0 0 0 0 0 9 2 1 7 0 0 9 15 51 19 0 0 0 21 0 0 0 0 7 26 0 0 0 0 49 0 0 0 0 0 5 3 0 10 0 0 18 19 0 0 13 0 0 0 0 0 0 0 0 5 0 0 0 0 0 0 0 1 0 0 64 61 2 4 0 1 2 0 0 0 0 0 0 0 0 0 0 0 0 0 0 0 12 12 0 0 0 0 
 0 0 0 2 0 0 0 0 0 0 0 0 0 0 0 0 3 0 2 0 0 0 0 0 0 2 0 0 0 0 0 0 0 0 0 0 0 0 0 0 266 386 302 43 42 58 33 215 307 574 318 127 48 95 198 116 0 326 45 44 0 0 0 1 2 6 0 0 0 5 0 2 0 1 0 0 51 0 0 0 0 0 0 0 0 0 0 0 0 0 0 0 0 0 0 0 0 0 0 0 0 0 0 0 0 0 0 0 0 0 0 0 0 0 0 0 0 0 0 0 0 13 17 0 25 17 4 0 18 34 30 25 0 0 7 13 11 15 0 0 18 10 1 0 0 19 0 7 0 0 0 0 0 3 45 0 0 0 23 0 24 0 0 0 3 0 0 0 0 0 0 0 0 0 8 8 0 8 0 3 0 0 0 0 0 0 0 0 0 0 0 0 0 0 0 0 0 0 0 0 0 14 11 0 17 12 0 0 9 49 9 6 0 0 0 2 29 5 0 13 0 0 0 0 0 0 8 0 0 0 0 0 14 0 0 0 0 0 1 8 0 0 0 0 0 0 0 0 0 18 0 7 0 2 0 0 0 0 0 1 0 0 72 0 1 4 3 2 1 0 0 0 0 0 0 0 0 0 0 0 0 0 0 0 15 22 0 0 0 0 
 0 0 6 0 2 0 0 0 0 3 1 0 0 0 0 0 0 0 0 0 0 0 0 0 0 0 0 0 2 0 3 0 66 0 0 1 1 0 0 0 259 50 160 156 336 79 22 90 55 277 203 210 43 33 99 136 326 0 32 47 0 4 0 0 50 1 0 0 0 1 9 5 0 0 0 0 6 1 54 0 0 0 0 0 0 0 0 0 0 0 0 0 0 0 0 0 0 0 0 0 0 0 0 0 0 0 0 0 0 0 0 0 0 0 0 0 0 0 0 0 0 0 8 13 10 8 2 0 1 4 10 0 0 0 9 0 0 1 0 0 17 8 20 3 0 2 0 0 3 0 1 0 25 15 1 0 0 0 10 31 0 0 0 0 0 0 0 0 0 0 0 0 4 0 0 0 0 0 4 0 0 0 0 0 0 0 0 0 0 0 0 0 0 0 0 0 0 0 0 0 0 0 0 0 37 7 0 0 12 1 42 15 0 0 0 0 0 0 0 0 15 4 9 0 1 9 12 0 0 0 0 1 1 10 0 37 0 0 11 38 0 0 9 0 0 0 0 0 0 0 0 25 0 0 0 0 1 0 6 11 0 0 0 63 3 1 0 0 2 0 0 0 0 0 0 5 0 0 0 0 0 0 0 0 40 5 0 1 0 0 
 0 0 0 0 0 0 0 0 0 0 0 0 0 0 0 0 3 0 0 0 2 2 3 108 3 3 2 2 64 127 72 126 2 5 2 4 22 45 2 2 112 112 123 38 36 251 101 49 50 84 47 100 71 52 67 28 45 32 0 81 0 0 0 5 5 57 0 0 0 6 0 6 0 1 0 0 0 0 0 0 0 0 0 0 0 0 0 0 0 0 0 0 0 10 0 0 0 13 0 0 0 0 8 0 11 0 0 0 0 0 0 1 0 0 0 21 7 31 0 0 60 0 4 0 0 0 19 14 4 15 1 0 0 14 12 1 0 21 12 32 0 1 0 0 0 0 0 3 0 0 0 0 0 5 0 0 0 0 0 0 0 0 0 0 0 5 0 0 0 0 0 0 0 8 0 0 0 0 0 0 11 0 12 0 16 17 0 0 1 10 0 0 0 0 0 0 26 0 0 0 58 0 0 15 0 0 10 9 0 0 0 13 11 6 11 0 4 0 13 9 0 0 0 0 0 0 0 0 0 0 0 0 0 0 29 0 0 0 0 0 0 0 0 0 0 0 0 0 0 0 0 4 0 0 0 0 0 63 0 0 0 13 2 0 35 1 6 0 0 0 0 0 0 0 0 0 0 0 0 0 0 16 0 0 0 0 4 7 0 11 
 3 3 3 6 7 70 3 3 3 3 11 3 3 6 3 3 3 3 3 4 0 76 0 90 1 2 0 0 3 124 95 128 0 0 0 43 0 27 0 0 54 36 54 58 79 53 70 90 83 75 64 251 107 140 176 517 44 47 81 0 0 0 0 0 0 0 0 0 0 0 0 44 0 0 0 0 0 0 0 0 0 4 7 0 0 5 0 0 5 0 5 0 0 0 0 12 9 0 0 0 0 0 0 0 3 0 3 0 0 0 15 35 0 2 0 10 0 0 8 0 37 0 9 0 6 0 0 38 0 0 0 0 0 0 31 37 0 0 0 11 0 1 0 0 0 0 0 3 9 0 0 0 0 5 0 0 0 0 0 0 0 0 15 0 8 0 0 4 0 11 27 0 0 0 0 0 0 5 0 0 0 0 0 0 18 6 0 0 0 0 4 2 0 2 5 0 10 0 0 0 29 26 26 0 0 0 28 23 11 0 33 0 9 20 37 0 25 15 15 8 0 0 0 0 0 0 0 0 0 0 0 0 0 0 0 0 0 0 0 0 0 4 0 0 0 0 0 0 0 19 0 10 0 2 0 0 0 66 0 2 0 22 0 0 0 2 0 0 0 0 0 0 0 0 0 0 0 0 0 0 0 15 0 0 0 0 4 0 0 0 
 0 0 0 54 0 1 0 0 0 2 0 3 0 3 0 0 0 0 0 0 0 4 0 0 0 0 0 0 5 0 0 0 0 6 9 0 0 5 4 5 3 2 0 7 0 0 0 0 5 0 0 0 0 51 0 0 0 0 0 0 0 186 192 98 34 35 206 355 322 250 355 26 164 45 139 105 294 36 122 96 0 0 0 0 0 4 0 0 0 0 0 0 0 0 0 0 0 0 0 0 5 4 0 1 0 0 6 4 3 0 0 0 0 0 5 0 0 0 9 9 0 0 20 0 0 12 0 0 0 0 0 0 0 0 0 0 3 0 0 0 8 0 0 0 20 1 6 6 31 12 6 23 12 0 0 12 3 0 0 10 0 4 0 0 0 0 0 0 0 0 0 0 0 0 0 0 0 0 0 0 0 0 0 0 0 0 3 0 0 1 0 0 4 0 15 0 0 0 0 3 0 0 0 0 0 0 0 0 0 0 0 0 0 0 0 0 0 12 0 0 0 31 8 0 21 0 0 11 15 21 0 13 0 15 0 0 20 9 2 1 0 0 0 0 0 0 0 0 0 0 0 0 0 0 9 0 0 0 0 0 0 0 0 70 0 0 0 0 0 0 19 0 2 0 1 0 0 0 0 0 0 0 0 0 0 1 0 15 0 0 
