 0 67 110 143 18 240 280 131 87 143 26 31 152 128 303 347 35 124 76 92 3 0 0 0 0 0 6 0 0 0 0 0 0 2 6 2 2 3 0 0 0 33 0 2 0 0 5 0 38 0 0 4 4 2 4 0 0 0 0 51 0 5 0 2 3 0 0 0 0 0 0 6 0 0 0 6 0 0 0 4 37 13 20 0 7 0 0 4 0 49 14 0 19 28 20 12 0 0 49 12 0 0 0 0 0 0 0 0 0 0 0 0 18 0 0 0 0 0 1 0 0 0 0 0 0 0 0 0 0 0 0 0 0 0 0 1 12 0 0 0 0 0 4 0 1 0 0 0 0 5 0 0 0 0 0 0 0 0 2 0 21 0 19 82 1 0 10 17 15 24 16 12 48 20 0 16 0 1 22 11 0 0 0 0 0 0 0 0 0 0 0 0 0 0 0 0 0 0 0 0 0 0 0 1 0 0 0 0 1 1 1 0 0 0 0 0 0 0 0 0 0 0 0 0 0 0 0 0 0 0 0 0 0 0 0 0 0 0 0 0 0 0 0 0 0 1 0 0 0 0 0 2 0 0 0 0 0 0 0 0 0 0 0 0 0 0 0 0 0 0 0 0 0 0 0 0 15 0 0 0 0 0 0 0 0 0 0 0 0 0 
 67 0 170 90 208 128 402 353 57 123 279 14 260 345 444 298 346 174 39 221 5 0 0 0 0 0 2 0 0 0 0 0 0 2 2 0 2 2 4 0 4 1 3 2 0 0 0 3 1 0 0 0 0 3 2 0 3 0 3 0 0 3 0 2 5 0 3 0 0 0 0 0 0 51 0 0 0 0 0 0 0 30 0 14 36 4 18 32 9 41 20 26 0 11 14 41 31 20 0 0 0 0 0 0 0 0 1 0 0 0 0 0 11 12 0 0 0 0 33 0 0 0 0 0 0 0 14 0 0 0 0 0 0 0 0 0 0 0 0 0 0 0 0 0 35 0 1 0 0 5 0 0 0 0 0 0 0 0 0 0 0 11 25 44 13 32 27 0 0 8 52 39 0 14 14 9 22 0 11 0 0 0 0 11 0 0 0 0 0 0 0 0 8 28 0 1 0 0 0 19 0 0 0 0 0 0 0 0 0 0 0 0 0 0 0 0 0 8 0 0 0 0 0 0 0 0 0 0 0 0 0 0 0 0 0 0 10 0 0 0 0 0 0 0 0 0 1 1 0 90 0 12 0 0 0 0 0 0 0 0 0 0 0 0 0 0 0 0 0 0 0 0 0 1 0 1 0 0 0 0 0 0 0 0 0 0 0 0 0 2 
 110 170 0 336 69 336 271 241 168 369 138 36 56 306 341 337 81 194 58 265 3 3 0 2 204 3 0 0 2 2 0 0 2 204 1 0 2 1 60 0 6 32 0 2 0 0 0 0 0 0 0 0 2 0 0 1 2 0 0 3 0 0 0 2 3 0 0 0 0 3 0 0 3 0 0 3 0 0 0 0 1 13 0 19 21 0 0 14 3 29 24 17 10 9 0 28 31 13 0 0 0 0 0 0 0 0 0 0 0 0 0 0 15 0 0 0 0 0 27 0 0 1 0 0 0 0 0 0 0 0 0 0 0 0 0 0 0 0 0 2 0 0 4 0 1 0 0 0 0 4 0 0 0 0 0 0 0 0 0 0 24 20 53 58 10 16 22 0 8 11 24 25 16 1 0 1 15 0 17 2 1 0 0 0 0 0 0 0 0 0 0 0 11 15 0 0 0 0 0 1 0 0 0 1 0 0 0 1 0 0 0 0 0 0 14 0 0 1 21 0 0 0 0 0 0 0 0 12 0 0 0 2 0 0 0 0 0 0 0 0 0 0 0 0 0 4 3 0 0 0 2 5 0 0 76 0 0 0 0 0 0 0 0 0 0 0 0 0 0 0 0 0 0 0 0 10 17 0 0 0 0 0 0 0 0 0 0 0 0 0 
 143 90 336 0 319 49 110 112 88 390 365 456 63 245 241 354 455 103 83 229 79 0 3 2 0 0 73 0 1 0 0 0 168 75 0 0 2 1 73 75 0 1 0 68 0 0 1 0 0 5 0 0 0 0 0 0 0 0 0 0 0 4 0 2 3 0 0 0 0 0 0 0 0 0 0 0 0 0 0 0 13 0 16 20 4 16 2 9 0 21 14 29 0 0 0 11 4 16 0 0 16 11 0 0 0 0 15 20 2 0 0 0 24 12 10 18 0 0 9 0 0 0 0 0 0 0 0 0 0 0 0 0 0 0 0 0 0 0 0 0 0 0 0 0 6 0 1 0 0 3 0 0 0 0 0 0 0 0 0 0 3 0 0 18 7 19 12 12 16 0 17 11 29 0 15 17 11 8 19 0 0 19 2 1 0 0 12 11 0 10 0 0 23 1 0 3 0 0 11 18 0 0 0 0 0 0 0 0 0 0 0 0 0 0 0 0 0 0 2 0 0 0 0 0 0 0 0 0 0 0 0 9 0 6 1 0 0 2 0 0 0 0 0 0 0 3 3 1 55 0 0 3 20 0 0 0 0 0 0 0 0 0 17 0 0 0 0 0 0 0 0 0 0 0 0 0 15 0 0 0 0 0 0 0 0 0 0 0 0 0 
 18 208 69 319 0 106 40 277 99 112 403 239 63 539 76 105 484 121 144 190 81 2 83 0 2 9 1 0 25 76 5 0 74 28 0 1 2 1 78 0 0 6 4 2 0 0 0 0 0 5 0 0 0 0 0 4 1 0 0 0 0 0 6 2 3 0 0 0 0 4 0 0 3 0 0 0 0 4 0 0 0 7 14 0 21 9 0 11 0 10 0 13 0 13 13 11 6 32 0 0 38 0 11 0 0 0 7 11 11 0 0 0 11 30 0 18 13 0 11 0 0 0 15 0 0 0 0 0 0 0 0 0 0 0 0 0 0 0 0 0 0 0 0 0 3 0 0 0 0 0 2 0 0 0 0 0 0 0 0 0 0 0 0 0 0 0 0 13 0 0 15 13 0 0 13 0 12 0 0 0 8 14 0 0 0 2 18 19 0 56 0 0 42 1 8 2 0 19 30 25 0 0 0 0 1 0 0 0 0 0 0 0 0 0 0 0 0 0 0 0 0 1 0 0 0 13 0 0 0 0 0 0 0 0 0 0 0 0 0 0 0 0 0 0 0 4 87 2 55 53 0 14 0 0 0 0 0 0 0 0 0 0 21 0 0 0 0 0 0 0 0 0 0 0 0 0 22 0 0 0 0 0 0 0 0 0 0 0 0 0 
 240 128 336 49 106 0 238 69 51 69 205 106 245 57 55 166 282 245 50 118 3 0 78 0 1 0 0 0 25 78 0 0 75 1 75 21 2 1 152 23 2 0 0 2 0 0 0 0 0 75 0 0 0 0 0 0 0 0 0 0 0 0 6 2 3 0 0 0 0 0 0 41 0 0 0 0 2 0 0 0 0 1 23 28 33 20 0 1 5 41 0 1 1 0 0 12 0 0 0 0 21 2 14 0 0 0 13 30 0 0 24 0 7 12 0 7 12 0 13 28 0 0 0 0 0 12 0 0 0 0 0 0 0 0 19 0 0 0 1 1 0 0 0 0 0 0 1 0 0 0 0 0 0 0 0 0 0 0 0 0 0 10 6 12 55 0 0 0 1 0 0 14 3 0 0 0 21 41 0 0 23 13 0 14 0 0 26 18 15 33 0 8 42 12 4 1 0 41 28 13 0 0 0 0 0 0 0 2 0 0 0 0 0 11 0 0 0 0 0 0 0 12 0 0 0 0 0 0 0 0 0 0 0 0 0 0 0 0 0 0 0 0 0 0 0 0 85 1 5 2 6 8 0 0 0 0 0 0 0 0 0 0 0 0 0 0 0 0 0 0 0 0 0 0 0 0 0 9 0 0 0 0 0 0 0 0 8 0 0 0 
 280 402 271 110 40 238 0 106 146 61 67 11 99 138 150 128 110 127 53 171 3 0 0 0 0 0 1 0 1 0 0 82 0 0 84 1 4 2 0 20 0 0 0 2 0 0 0 0 0 0 0 0 0 0 0 0 0 0 0 0 0 0 0 2 2 0 0 0 0 0 0 1 0 0 0 0 0 0 0 0 57 0 0 12 0 0 11 33 15 6 7 10 0 23 0 31 32 0 19 14 0 0 0 0 0 0 0 0 0 0 0 0 0 0 0 0 0 0 0 0 0 0 0 0 0 0 1 0 0 0 0 0 0 0 0 0 0 0 0 0 0 0 6 0 0 0 0 0 0 3 0 0 0 2 0 0 0 0 0 0 53 0 38 73 12 5 11 1 13 3 5 39 20 37 40 22 6 0 4 10 0 0 0 0 0 0 0 0 0 0 0 0 0 0 0 0 0 0 0 0 0 0 0 0 0 0 0 0 0 0 0 0 0 0 0 0 0 0 0 0 0 0 0 0 0 0 0 0 0 0 0 0 0 0 0 0 0 0 0 0 0 0 0 0 0 2 0 0 2 1 0 9 24 0 0 0 0 0 0 0 0 0 0 0 0 0 0 0 0 0 0 0 0 0 0 0 22 0 0 0 0 0 0 0 0 0 0 0 0 0 
 131 353 241 112 277 69 106 0 91 203 251 62 311 226 481 204 362 276 64 217 3 0 0 0 0 0 0 0 0 0 0 0 0 0 2 0 2 2 0 5 0 1 0 2 0 0 2 0 0 0 0 0 0 12 0 0 8 0 0 0 0 0 0 3 2 0 0 0 0 0 0 50 0 0 0 0 2 0 2 0 0 18 20 0 47 22 10 9 11 22 12 10 1 25 13 36 52 37 15 0 0 14 0 0 0 0 3 7 0 0 0 0 4 10 0 0 0 0 15 0 0 0 0 2 0 0 15 0 0 0 0 0 1 0 0 0 0 0 0 0 0 0 0 0 20 0 1 0 0 15 14 0 0 0 0 0 1 0 0 0 20 0 23 18 1 26 16 5 0 2 17 30 19 0 29 18 42 9 25 0 0 0 0 0 0 0 0 1 0 0 2 0 0 7 2 0 0 0 0 14 0 0 0 0 0 0 28 0 0 0 0 0 0 0 0 14 0 0 0 0 0 0 0 0 0 0 0 0 0 0 0 0 0 1 0 0 0 0 0 0 0 12 0 0 0 0 1 0 4 88 3 12 0 0 0 0 0 0 0 0 1 0 0 0 0 0 0 0 0 0 0 0 0 0 0 18 0 0 0 0 0 0 0 0 0 0 0 0 0 2 
 87 57 168 88 99 51 146 91 0 376 135 388 214 408 180 62 48 139 90 169 3 0 0 2 0 0 1 0 0 0 0 2 0 0 1 3 2 1 0 1 0 1 0 2 0 0 0 0 0 0 0 0 0 0 0 0 0 0 0 0 0 2 0 5 3 0 0 0 0 0 0 0 40 0 0 0 0 0 1 0 3 0 14 37 1 4 0 30 14 0 51 27 7 0 23 11 29 16 0 0 2 0 0 0 1 0 0 13 0 0 0 0 9 2 0 0 2 0 0 44 0 0 0 0 0 0 0 0 0 0 0 0 0 1 0 0 0 0 0 0 0 0 0 0 0 0 0 0 0 0 0 0 0 0 0 0 0 0 0 0 53 19 0 39 0 0 17 0 0 0 19 12 18 8 0 57 0 21 0 13 0 22 0 0 0 0 1 0 0 0 0 0 0 0 0 0 0 0 21 3 0 0 0 0 0 0 0 0 0 0 0 0 0 0 0 0 0 0 0 0 0 0 0 0 0 2 0 0 0 0 0 0 0 0 0 0 0 0 0 0 0 0 0 0 0 2 2 0 2 1 0 14 0 0 0 0 0 0 0 0 0 0 0 0 0 0 0 0 0 0 0 0 51 2 0 0 0 13 0 0 0 0 0 0 0 0 0 0 0 0 
 143 123 369 390 112 69 61 203 376 0 172 84 138 127 116 193 60 139 87 170 3 0 0 2 0 0 0 0 1 0 0 0 2 35 2 1 2 2 0 0 0 60 0 2 0 0 2 0 0 2 0 0 0 0 0 0 0 0 0 0 0 0 0 2 2 0 0 0 0 0 0 51 42 0 0 0 0 0 2 0 1 22 14 11 14 22 7 0 1 0 0 11 5 12 0 38 15 16 0 0 28 0 0 0 0 0 0 28 10 0 0 0 25 13 0 0 0 0 10 10 0 0 0 10 0 0 10 0 0 0 2 0 0 0 0 0 0 0 0 0 0 0 2 0 0 0 0 0 0 0 0 0 0 13 0 0 0 0 0 0 0 0 24 0 0 24 0 1 7 0 1 36 0 0 8 14 16 23 0 8 0 23 0 0 0 0 0 0 0 0 0 0 0 1 0 22 0 0 19 10 0 0 1 0 0 0 0 0 0 0 0 0 0 0 0 0 0 0 0 0 0 0 0 0 0 0 0 0 0 0 0 0 0 0 0 0 0 10 0 0 0 2 0 0 0 0 103 3 0 3 0 4 0 0 0 0 0 0 0 0 0 0 13 0 0 0 0 0 0 0 0 0 0 0 0 14 0 10 0 0 0 0 0 0 0 0 0 0 0 0 
 26 279 138 365 403 205 67 251 135 172 0 72 25 39 255 525 277 153 67 293 5 0 2 0 0 2 1 0 5 1 0 2 79 78 5 3 2 2 0 0 1 1 3 4 3 3 0 0 0 6 2 3 3 3 0 0 3 5 0 0 0 0 0 2 2 0 0 0 0 0 0 39 0 0 0 2 0 7 0 0 0 9 11 0 24 2 8 15 0 14 14 65 0 16 15 32 37 31 0 0 0 0 0 0 0 0 0 1 0 0 0 0 16 10 0 0 0 0 32 0 0 0 0 0 0 0 1 0 0 0 0 0 0 0 1 0 0 0 0 0 0 0 0 0 18 0 0 0 0 1 2 0 0 0 0 0 0 0 0 0 22 0 21 10 0 18 21 22 10 0 31 25 0 0 24 14 15 0 0 0 0 15 11 0 8 2 0 0 0 0 0 0 0 21 0 0 0 0 0 49 1 0 0 0 1 0 0 0 0 0 0 0 0 0 0 0 0 0 0 0 0 1 0 0 0 0 0 0 0 0 0 0 0 0 0 0 0 0 0 0 0 0 0 0 0 0 7 4 0 94 0 5 0 0 0 0 2 0 0 0 0 0 0 0 0 0 0 0 0 0 0 0 0 0 0 10 0 19 0 0 0 0 0 0 0 0 0 0 0 0 
 31 14 36 456 239 106 11 62 388 84 72 0 113 257 125 27 290 177 122 27 64 0 0 0 3 0 0 3 1 1 3 0 98 84 62 78 3 7 74 2 3 4 6 6 0 3 0 0 61 10 4 0 13 3 0 3 0 3 0 0 0 2 0 2 3 1 4 2 0 0 2 0 0 0 0 0 0 0 0 0 0 0 2 4 33 26 0 0 0 0 11 21 0 0 52 0 0 2 0 0 26 0 19 0 0 0 20 22 32 1 0 0 33 15 10 0 20 0 21 22 0 0 0 0 0 0 0 0 0 0 0 0 0 0 0 0 0 0 0 0 0 0 0 0 0 0 0 0 1 0 2 0 0 0 0 0 0 0 7 0 0 0 0 12 0 16 0 0 0 12 10 1 0 0 0 0 0 27 0 2 0 46 0 68 0 2 38 0 0 0 10 0 11 0 0 11 15 20 30 27 0 0 0 0 0 0 0 0 0 0 0 0 0 0 0 0 1 0 0 0 0 1 0 0 0 0 1 0 0 0 0 0 0 0 0 0 0 0 0 0 0 0 0 0 0 1 19 0 91 119 4 26 0 0 0 0 0 0 0 0 1 0 14 0 0 0 0 0 0 0 0 0 0 0 0 0 0 11 0 0 0 0 0 0 0 0 0 0 0 0 
 152 260 56 63 63 245 99 311 214 138 25 113 0 86 265 53 119 352 381 58 3 4 0 0 2 0 0 0 1 0 0 0 0 0 149 0 4 2 0 0 0 1 0 2 0 0 0 0 0 0 0 0 0 0 0 0 1 0 0 0 0 0 0 2 2 0 2 0 0 0 0 0 3 0 0 0 0 0 0 0 14 8 21 0 0 0 18 9 12 0 0 0 16 0 31 0 0 0 1 16 0 0 0 0 0 0 0 0 0 0 0 0 0 0 0 0 0 0 0 0 0 0 0 0 0 0 0 0 0 0 0 0 0 0 0 14 0 0 0 0 0 0 0 0 1 0 0 0 0 0 0 0 0 0 0 0 0 0 0 0 12 26 0 43 0 0 32 0 15 5 0 0 1 0 0 1 0 16 0 12 0 0 0 0 0 0 0 0 0 0 0 0 0 2 0 0 0 0 12 1 0 0 0 0 0 0 0 0 0 0 0 0 0 0 0 0 0 0 0 0 0 0 0 0 0 0 0 0 0 0 0 0 0 0 0 0 0 0 0 0 0 1 0 0 0 2 0 0 0 1 1 11 0 0 0 0 0 0 0 0 0 0 0 0 0 0 0 0 0 0 0 0 0 41 0 0 0 0 0 0 0 0 0 0 0 0 0 0 0 0 
 128 345 306 245 539 57 138 226 408 127 39 257 86 0 352 53 359 310 230 86 4 0 0 0 0 2 0 0 0 0 0 0 0 0 2 0 2 3 106 0 13 0 0 2 0 0 0 0 0 0 0 0 0 0 1 0 0 0 0 0 0 0 0 2 2 0 0 0 0 0 0 44 0 0 0 0 0 0 0 0 19 8 20 69 50 24 43 0 0 39 26 1 0 0 2 20 13 7 18 0 0 0 0 0 0 0 0 1 0 0 0 0 0 0 0 0 0 0 0 0 0 0 0 0 0 0 10 0 0 0 0 0 0 0 1 0 0 0 0 0 0 0 0 0 26 0 0 0 0 6 0 0 0 0 0 0 0 0 0 0 14 11 23 34 25 11 4 6 0 0 26 8 18 32 27 18 0 37 11 10 0 0 18 0 0 0 0 0 0 0 0 0 11 0 26 2 0 0 0 0 0 0 0 0 0 0 0 0 0 0 0 0 0 0 0 0 0 0 0 0 0 0 0 0 0 0 0 0 1 0 0 0 0 0 0 0 0 0 0 0 0 0 0 0 0 0 1 1 2 0 0 6 10 0 0 0 0 0 0 0 0 0 0 0 0 0 0 0 0 0 0 0 0 0 0 0 0 0 0 0 0 0 0 0 0 0 0 0 0 0 
 303 444 341 241 76 55 150 481 180 116 255 125 265 352 0 231 140 460 293 329 3 0 0 0 0 0 0 0 0 0 0 0 0 0 2 2 2 5 0 2 0 67 0 2 0 0 0 2 0 2 3 0 2 5 0 0 35 0 0 0 2 5 0 2 2 0 0 0 1 0 0 52 0 0 0 0 0 0 2 0 19 70 24 1 23 16 9 35 10 18 3 8 0 35 0 30 7 10 43 0 0 0 0 0 0 0 0 0 0 0 0 0 0 0 0 0 0 0 36 0 0 0 0 0 0 0 11 0 0 0 0 0 0 0 0 0 5 0 0 0 0 0 0 0 6 0 0 0 0 0 0 0 0 1 0 0 0 0 0 0 28 0 12 2 0 16 5 32 0 1 17 2 37 0 41 36 27 45 15 0 2 0 0 0 0 0 0 0 0 0 0 0 14 0 0 0 0 0 0 0 0 0 0 0 0 0 0 2 0 0 0 0 0 0 0 0 0 1 0 0 0 0 0 0 0 0 0 0 0 0 0 0 0 0 0 0 0 0 0 0 0 13 0 0 0 0 0 0 0 2 0 36 1 0 0 0 0 0 0 0 0 0 0 0 0 0 0 0 0 0 0 0 0 0 0 0 14 0 0 0 0 0 0 0 0 0 0 0 0 0 
 347 298 337 354 105 166 128 204 62 193 525 27 53 53 231 0 297 320 129 424 8 2 0 4 2 0 0 0 1 0 0 0 0 0 0 4 2 8 109 150 14 63 0 2 0 0 0 0 0 0 6 0 4 0 0 0 4 0 0 0 6 0 0 2 2 0 0 0 6 0 0 7 0 0 0 0 1 0 6 0 14 24 9 22 19 0 0 30 48 26 0 8 1 36 11 48 25 47 0 0 0 0 0 0 0 0 2 12 0 0 0 0 14 0 0 35 9 0 37 11 0 0 0 0 0 0 0 0 0 0 0 0 1 0 0 0 0 0 0 1 0 0 0 0 3 0 0 0 0 0 0 0 0 0 0 0 0 0 0 0 0 11 33 12 23 10 0 13 0 0 25 29 0 0 13 0 61 0 0 0 0 21 0 0 0 0 0 2 0 0 0 0 36 10 0 0 0 0 9 5 0 0 0 0 0 0 0 2 0 0 0 0 0 0 0 0 0 0 0 0 0 0 0 0 0 0 0 0 0 0 0 0 0 0 0 0 0 0 0 0 0 0 0 0 0 0 88 0 1 2 10 16 0 0 0 0 0 0 0 0 0 0 0 0 0 0 0 0 0 0 0 0 0 0 0 15 42 0 0 0 0 0 0 0 0 0 0 0 0 0 
 35 346 81 455 484 282 110 362 48 60 277 290 119 359 140 297 0 125 169 139 23 0 0 0 0 0 0 0 3 74 0 72 0 2 0 0 2 2 1 3 0 2 0 2 0 1 2 0 0 0 0 0 0 0 0 0 0 0 3 0 6 1 0 2 2 0 0 0 0 0 0 0 0 0 0 0 56 0 2 0 21 0 7 26 28 0 14 10 21 100 17 39 35 19 14 9 14 35 0 0 7 0 0 2 0 0 1 14 0 0 0 0 1 1 0 44 0 0 10 14 0 0 0 0 0 0 0 0 0 0 0 0 0 0 0 0 0 0 0 0 0 0 0 0 7 0 1 0 0 2 0 0 0 0 0 2 0 0 0 0 0 0 0 34 18 0 20 11 10 11 16 14 0 36 34 17 27 45 22 0 0 0 2 0 0 0 2 0 0 0 0 0 21 1 0 9 0 0 2 29 0 0 0 0 0 0 0 0 0 0 0 2 0 0 1 0 0 0 2 0 0 0 0 0 0 0 0 1 0 0 0 0 0 0 0 1 0 0 2 0 0 0 0 0 0 2 2 1 89 3 1 8 9 0 0 0 0 0 0 0 0 0 0 0 0 0 0 0 0 0 0 0 0 0 0 0 4 0 0 0 0 0 0 0 0 0 0 0 0 0 
 124 174 194 103 121 245 127 276 139 139 153 177 352 310 460 320 125 0 420 206 3 0 72 0 0 0 0 0 0 0 0 0 0 1 1 0 3 2 38 79 34 61 0 2 0 0 0 58 0 0 0 3 0 0 0 0 0 1 0 0 0 0 0 2 2 0 0 0 0 5 0 31 0 0 0 0 0 0 0 0 0 22 21 23 39 18 0 10 16 24 11 7 9 20 0 52 32 14 1 0 0 0 0 0 0 0 0 6 0 0 0 0 10 0 0 0 0 0 32 7 0 0 0 0 0 0 14 0 0 0 6 0 0 0 0 0 0 0 0 0 0 0 0 16 5 0 0 14 0 4 0 0 0 1 0 0 0 0 0 0 1 12 9 26 16 33 13 6 0 0 15 26 1 14 0 0 53 4 8 7 0 0 0 0 0 0 0 0 0 0 10 0 9 14 0 0 0 0 12 10 0 0 0 0 0 0 0 0 0 0 0 0 0 0 0 0 0 0 0 0 0 0 0 0 0 0 0 0 0 20 0 0 0 0 0 0 0 0 0 0 0 0 0 0 0 0 0 3 3 3 16 8 0 0 0 0 0 0 0 0 0 0 0 0 0 0 0 0 0 0 0 0 0 0 0 1 0 0 0 0 0 0 0 0 0 0 0 0 0 0 
 76 39 58 83 144 50 53 64 90 87 67 122 381 230 293 129 169 420 0 178 3 0 1 0 0 0 0 0 0 0 0 0 0 1 2 0 2 1 0 0 0 0 0 2 0 0 0 0 2 0 0 0 0 0 0 0 0 0 0 0 0 1 0 2 3 0 0 0 0 0 2 0 0 0 0 0 0 1 0 0 65 0 0 10 0 0 14 23 13 16 0 0 22 12 6 1 0 1 6 85 0 0 0 0 0 0 0 0 0 0 0 0 0 0 2 0 0 0 0 0 0 0 11 0 0 0 0 0 0 13 0 0 0 9 0 0 0 0 2 0 0 0 2 0 0 0 0 0 0 0 0 0 0 1 0 0 0 0 12 0 0 35 0 0 7 0 0 19 19 21 0 0 17 11 14 13 2 14 0 12 0 0 0 0 0 0 0 0 0 0 0 0 0 0 0 0 0 0 0 0 0 0 0 0 0 0 0 21 0 0 0 0 0 0 0 0 0 0 0 0 0 0 0 0 0 7 19 0 0 0 0 0 0 0 2 0 0 2 0 0 0 0 0 0 0 0 1 0 1 0 0 27 13 0 0 0 0 0 0 0 0 0 0 0 0 0 0 0 0 0 0 0 0 0 0 0 21 0 0 0 0 0 0 0 0 0 0 0 0 0 
 92 221 265 229 190 118 171 217 169 170 293 27 58 86 329 424 139 206 178 0 3 0 0 2 0 0 1 0 0 0 0 0 2 0 2 0 2 42 0 0 0 36 0 2 0 0 0 0 2 0 0 0 0 2 0 0 6 0 0 0 0 0 0 2 2 0 0 0 0 44 0 0 1 0 0 0 0 0 0 0 20 67 10 13 12 0 11 13 0 22 9 20 10 24 15 26 36 12 1 0 0 0 0 0 0 0 12 0 1 0 0 0 0 0 0 0 0 0 2 15 0 0 0 13 15 0 1 0 0 0 2 0 10 0 0 0 0 0 0 0 0 0 2 0 6 0 0 0 0 0 0 0 0 0 0 0 0 0 0 0 13 2 21 15 8 3 10 34 4 0 34 20 10 33 51 17 16 46 9 1 0 0 0 0 0 0 0 0 0 0 0 1 0 0 0 0 0 0 1 1 0 0 1 0 0 0 0 0 0 0 0 0 0 0 0 0 0 0 0 0 0 0 0 0 0 0 0 0 0 0 0 0 0 0 0 0 0 0 0 0 0 15 0 0 0 0 0 0 0 0 0 2 9 0 1 0 0 0 0 0 0 0 0 0 0 0 0 0 0 0 0 0 0 0 0 1 21 0 0 0 0 0 0 0 0 0 0 0 0 0 
 3 5 3 79 81 3 3 3 3 3 5 64 3 4 3 8 23 3 3 3 0 78 195 147 40 42 284 174 349 132 39 237 57 54 142 79 119 192 32 249 0 0 0 0 3 0 0 0 0 3 6 3 3 1 68 0 4 69 62 0 3 0 0 1 0 1 4 5 3 0 0 5 0 0 0 2 11 1 8 0 0 0 0 0 0 0 0 0 0 0 0 0 0 0 0 0 0 0 0 0 47 0 12 20 9 30 7 8 28 29 32 16 10 1 16 4 52 20 12 14 3 0 0 0 0 0 10 0 0 0 0 0 31 0 0 0 0 0 15 27 0 0 0 0 0 0 0 1 0 0 0 0 0 0 0 1 2 0 5 0 0 0 0 0 0 0 0 4 0 0 0 21 0 0 0 0 0 2 0 0 0 45 50 7 10 2 17 0 18 0 31 15 2 37 82 21 26 1 0 0 1 0 0 0 0 0 0 0 0 0 0 0 0 0 0 0 0 0 14 0 0 0 0 0 0 0 0 0 0 0 0 0 0 0 0 0 0 0 0 0 0 0 22 0 0 1 0 0 76 0 0 0 0 2 5 0 2 75 11 0 4 13 0 0 0 0 0 0 0 0 0 0 0 0 0 0 1 0 0 1 0 0 0 0 0 0 37 0 0 0 
 0 0 3 0 2 0 0 0 0 0 0 0 4 0 0 2 0 0 0 0 78 0 229 121 128 102 239 266 67 145 184 30 163 320 66 56 95 108 80 360 0 0 2 14 6 0 23 3 0 3 5 3 1 3 3 0 2 3 63 0 0 3 0 2 0 1 0 0 0 3 0 0 0 0 0 85 0 0 31 2 0 0 0 0 0 0 0 0 0 0 0 0 0 0 0 0 0 0 0 0 0 54 81 0 0 12 0 0 22 14 0 3 0 0 8 34 11 26 0 10 13 0 0 0 0 0 25 0 1 0 0 13 0 1 1 0 0 0 0 14 0 0 0 0 0 0 0 0 0 0 0 0 0 0 0 0 0 0 2 0 0 0 0 21 10 0 0 5 0 0 0 0 0 0 0 0 0 10 0 0 37 29 56 0 2 0 14 24 18 0 31 18 4 0 30 0 31 11 0 0 0 9 0 0 0 0 15 0 0 0 0 1 0 0 9 0 2 0 16 0 0 0 0 0 0 0 2 0 0 0 0 0 2 0 0 0 0 0 0 0 0 0 11 0 0 0 74 0 0 0 0 0 0 0 7 2 2 45 10 0 0 0 0 0 0 0 23 0 0 0 0 0 0 0 0 0 0 0 0 9 0 1 0 0 0 0 0 0 0 0 
 0 0 0 3 83 78 0 0 0 0 2 0 0 0 0 0 0 72 1 0 195 229 0 263 130 129 117 185 411 665 339 175 66 67 112 59 108 127 123 146 0 0 0 0 3 0 12 22 0 3 3 3 1 1 11 0 2 0 68 0 0 0 4 2 0 0 0 0 0 0 0 0 0 0 0 1 0 0 0 0 0 0 0 0 0 0 0 0 0 0 0 0 0 0 0 0 0 0 0 0 1 2 19 0 25 8 14 22 25 25 0 16 9 31 15 39 25 2 18 19 33 0 0 0 0 0 16 0 0 0 0 0 0 3 0 0 0 8 0 37 0 0 0 9 0 0 0 0 0 0 0 0 0 0 0 3 0 0 0 0 0 0 0 8 0 1 0 0 0 1 0 1 0 0 0 0 0 27 2 0 34 37 8 20 14 0 65 37 13 30 37 42 7 14 26 10 44 25 8 0 0 0 0 8 0 0 11 18 0 0 0 0 4 0 0 1 0 0 1 11 0 0 0 0 0 0 0 0 2 0 0 0 0 2 0 0 0 0 0 0 0 0 9 0 0 0 0 0 0 0 0 0 0 0 2 0 0 76 45 2 3 1 0 0 0 0 0 0 0 0 0 0 0 0 0 0 0 0 0 1 0 0 0 0 0 0 13 0 0 0 
 0 0 2 2 0 0 0 0 2 2 0 0 0 0 0 4 0 0 0 2 147 121 263 0 82 194 157 66 128 496 93 338 54 171 142 280 200 64 83 65 0 0 0 0 3 0 6 0 208 4 6 3 65 1 5 0 5 2 65 64 6 0 0 1 0 0 0 0 53 0 0 5 2 0 0 2 0 0 3 0 0 0 0 0 0 0 0 0 0 0 0 0 0 0 0 0 0 0 0 2 0 1 29 14 31 35 0 0 0 25 34 12 0 0 0 17 6 12 0 0 1 0 0 0 0 0 14 25 0 2 0 1 21 15 10 8 0 0 0 55 0 0 0 0 0 0 0 0 0 0 0 0 0 0 0 0 0 0 0 0 0 0 0 0 0 0 0 0 2 0 1 0 0 0 1 0 0 0 0 0 9 0 14 14 50 1 0 0 20 3 0 65 0 0 33 1 1 0 0 0 12 16 0 26 28 0 0 9 0 2 0 0 35 0 12 0 1 17 14 31 0 0 1 0 0 0 0 0 0 0 0 0 0 0 0 0 0 0 0 0 0 0 18 0 0 0 0 0 0 0 0 0 0 0 7 0 1 78 0 1 2 0 0 0 0 3 0 0 0 0 0 0 0 0 0 0 0 0 0 0 0 0 0 0 0 0 0 0 0 0 
 0 0 204 0 2 1 0 0 0 0 0 3 2 0 0 2 0 0 0 0 40 128 130 82 0 554 39 61 172 110 115 112 63 64 74 72 121 35 66 294 127 64 0 0 3 67 131 0 24 3 7 3 27 1 66 0 65 66 23 61 0 0 0 1 0 0 0 0 0 0 0 2 2 0 0 2 0 0 0 0 0 0 0 0 0 0 0 0 0 0 0 0 0 0 0 0 0 0 0 0 0 0 14 0 0 0 0 0 1 0 2 0 0 0 0 0 0 0 0 0 21 5 23 9 0 1 3 22 33 22 17 2 26 65 9 21 15 0 65 0 0 0 0 0 0 22 0 1 0 0 0 0 0 0 0 0 0 0 2 0 0 0 0 9 0 0 0 0 0 0 0 0 0 0 0 0 6 3 0 0 0 0 10 0 16 51 0 0 0 38 19 0 0 0 0 6 31 1 0 0 19 36 0 13 22 0 51 33 10 26 11 2 78 0 0 10 15 10 1 20 0 0 0 0 0 0 2 0 0 0 0 0 2 0 0 0 0 0 0 0 0 0 14 0 0 0 0 0 0 0 0 0 0 0 5 0 4 1 78 0 17 0 0 0 0 1 0 2 0 0 36 0 0 0 0 0 0 0 0 0 0 0 0 0 0 1 0 0 0 0 
 0 0 3 0 9 0 0 0 0 0 2 0 0 2 0 0 0 0 0 0 42 102 129 194 554 0 33 25 214 515 99 56 67 36 68 144 319 301 64 52 31 1 0 0 3 0 23 0 4 3 3 3 2 2 1 0 2 1 137 68 0 0 0 3 0 0 0 0 0 0 0 2 0 0 0 0 0 0 0 0 0 0 0 0 0 0 0 0 0 0 0 0 11 0 0 2 0 0 0 0 2 0 12 9 9 42 0 2 0 19 30 13 0 1 0 0 1 0 0 3 13 7 0 0 1 0 11 28 2 0 0 3 51 50 13 12 0 2 24 5 0 1 0 0 0 0 1 0 0 0 0 0 0 0 0 0 0 0 0 0 0 0 0 5 0 0 0 1 0 0 0 0 0 0 0 0 0 1 0 0 2 0 46 0 48 19 0 0 14 0 10 22 0 0 18 14 22 0 0 0 27 9 0 0 0 0 1 8 0 10 0 0 18 0 15 11 9 3 12 11 0 0 0 1 0 0 0 0 0 0 0 0 0 0 0 0 11 2 0 0 0 0 15 0 0 0 0 0 0 0 0 0 0 0 1 1 7 157 4 1 24 0 0 0 0 0 2 0 0 0 21 0 0 0 0 0 0 0 0 0 0 0 0 1 0 0 0 0 0 0 
 6 2 0 73 1 0 1 0 1 0 1 0 0 0 0 0 0 0 0 1 284 239 117 157 39 33 0 324 59 268 20 126 173 144 178 119 188 106 133 95 0 2 0 0 3 0 9 0 0 3 3 3 1 1 5 0 64 24 0 0 0 0 0 1 0 0 12 0 0 0 0 0 0 0 0 3 6 0 7 0 0 0 6 12 0 33 0 0 0 0 16 24 0 1 0 0 12 0 0 0 18 34 14 0 0 13 13 39 22 0 0 0 12 23 50 13 6 63 45 0 0 0 0 0 0 0 12 0 14 0 0 0 2 0 0 5 0 0 2 24 0 0 0 0 0 0 0 0 0 0 0 0 0 0 0 0 0 0 0 0 0 0 0 0 0 9 10 0 0 0 2 0 9 0 0 0 0 2 0 0 32 16 6 0 8 0 0 12 26 1 6 6 0 20 67 18 13 26 0 0 0 0 0 0 0 0 0 0 0 0 0 0 5 0 0 0 0 0 0 0 0 0 2 0 0 0 0 0 0 0 2 0 0 0 0 0 0 0 0 0 0 0 11 0 0 0 0 0 0 0 0 0 0 0 7 0 0 80 0 2 0 2 0 0 0 0 0 0 0 0 0 0 0 0 0 0 0 0 0 12 0 0 0 0 0 0 2 0 0 0 
 0 0 0 0 0 0 0 0 0 0 0 3 0 0 0 0 0 0 0 0 174 266 185 66 61 25 324 0 163 203 99 22 224 74 192 263 193 695 55 61 0 24 1 5 3 1 4 0 0 3 3 3 1 1 0 0 2 72 0 0 0 0 55 2 0 0 3 0 0 0 0 0 0 7 0 1 8 0 5 0 0 0 0 0 0 0 0 0 0 0 0 0 0 0 0 0 0 0 0 0 10 26 26 1 10 11 16 0 19 15 10 0 0 34 26 27 27 13 0 9 0 0 0 0 4 0 0 0 0 0 0 15 0 0 0 0 0 0 14 0 0 0 0 0 0 0 0 0 0 0 0 0 0 0 0 5 9 0 0 0 0 0 0 0 0 0 0 4 0 0 0 0 0 0 0 0 0 1 0 0 20 51 10 1 0 0 0 16 3 0 51 0 0 9 12 11 13 61 3 0 0 0 0 0 0 0 0 0 0 0 0 0 0 0 3 0 0 0 24 0 0 0 0 0 0 0 0 0 0 0 0 0 0 0 0 0 0 0 8 0 0 0 0 0 0 0 1 0 0 0 0 1 0 0 6 2 0 3 1 3 1 10 0 0 0 0 11 0 0 0 0 0 0 0 0 0 0 0 0 11 0 0 0 1 0 0 0 0 0 0 
 0 0 2 1 25 25 1 0 0 1 5 1 1 0 0 1 3 0 0 0 349 67 411 128 172 214 59 163 0 165 48 171 179 201 157 83 248 105 184 58 0 0 2 0 5 0 19 0 0 132 3 3 1 1 4 62 2 0 195 0 0 3 5 2 0 0 0 0 0 0 42 2 0 0 0 1 0 0 0 0 0 0 0 0 0 18 0 0 0 0 0 0 0 0 0 0 1 0 0 0 26 0 37 23 0 8 0 0 14 31 35 9 0 18 1 0 12 0 0 4 16 0 0 0 8 0 13 0 0 0 0 0 21 8 0 0 9 0 7 23 0 12 0 0 0 0 0 0 0 0 0 0 0 0 0 3 0 0 0 0 0 0 0 3 0 0 0 0 0 0 1 0 0 0 0 0 8 0 0 2 1 1 26 0 17 0 13 20 11 18 9 7 12 0 26 11 13 23 19 0 0 0 0 0 0 0 0 0 0 0 0 1 21 0 0 2 0 0 22 0 0 0 0 0 0 0 0 1 2 2 0 0 0 0 0 10 0 0 0 0 0 0 0 0 0 0 0 0 0 0 0 0 0 0 5 0 0 4 76 0 9 14 0 0 0 0 0 0 0 0 0 0 0 0 0 0 0 0 0 0 0 0 0 0 0 0 0 0 0 0 
 0 0 2 0 76 78 0 0 0 0 1 1 0 0 0 0 74 0 0 0 132 145 665 496 110 515 268 203 165 0 103 102 145 81 308 100 107 196 95 238 0 0 0 0 3 63 6 0 0 3 3 3 1 1 0 0 2 0 1 0 0 0 4 2 0 0 0 2 0 0 0 0 0 0 0 1 0 0 0 0 0 0 0 0 0 0 0 0 0 0 0 0 0 0 0 0 0 0 0 0 0 27 25 0 18 17 13 0 10 16 0 17 0 26 8 32 10 21 29 8 19 1 17 0 0 0 0 0 0 0 0 0 0 0 0 0 0 0 0 14 0 0 0 0 0 0 0 0 0 0 1 0 0 0 0 4 0 0 0 0 0 0 0 0 0 0 0 0 0 0 0 0 0 0 0 1 0 4 0 0 39 28 7 15 3 0 15 32 13 30 13 32 0 35 48 9 0 16 20 0 0 0 0 4 0 0 39 10 0 0 0 0 3 0 0 1 0 0 0 13 0 2 0 0 0 0 0 0 0 0 0 0 0 0 0 0 0 0 0 2 0 0 14 0 0 0 0 0 0 0 0 0 0 0 20 2 0 78 73 2 1 0 0 0 0 0 0 0 0 0 0 0 0 0 0 0 0 0 0 10 0 0 0 0 0 0 16 0 0 2 
 0 0 0 0 5 0 0 0 0 0 0 3 0 0 0 0 0 0 0 0 39 184 339 93 115 99 20 99 48 103 0 203 52 87 60 172 228 626 111 450 1 0 0 0 3 0 2 0 0 3 3 3 2 2 0 0 2 1 1 0 0 0 0 3 0 0 2 0 0 0 0 1 0 0 0 0 2 0 1 0 0 0 0 0 0 0 0 0 0 0 0 0 0 0 0 12 0 0 0 0 0 18 0 11 20 33 0 0 14 27 12 21 0 0 0 9 9 3 0 0 1 0 0 1 0 0 12 23 0 0 0 12 24 25 6 0 0 0 44 9 0 1 0 0 0 0 0 0 0 0 0 0 0 0 0 0 0 0 0 2 0 0 0 1 0 0 0 0 0 0 0 0 0 0 0 0 0 0 0 0 0 13 2 0 9 11 0 8 10 20 12 17 12 0 0 4 28 0 0 23 13 19 0 0 0 1 0 12 0 0 0 0 1 0 12 0 10 0 27 13 0 0 0 0 0 0 0 0 0 0 0 0 0 0 2 0 2 0 0 0 0 0 0 0 0 0 0 0 0 0 0 0 0 0 12 2 2 2 6 22 0 1 0 0 0 11 14 0 0 0 0 1 0 0 0 0 0 0 0 0 0 30 0 0 0 12 0 0 0 0 
 0 0 0 0 0 0 82 0 2 0 2 0 0 0 0 0 72 0 0 0 237 30 175 338 112 56 126 22 171 102 203 0 49 25 39 110 96 315 28 119 1 0 0 0 7 0 11 1 0 3 3 3 79 1 4 0 2 1 62 59 0 0 0 2 0 0 0 0 0 0 0 5 0 0 0 33 29 0 0 0 0 0 0 0 0 0 0 0 0 0 0 0 0 0 0 0 0 0 0 0 0 0 0 10 22 44 0 0 0 27 14 32 0 0 0 2 0 20 0 0 1 0 0 0 0 0 25 29 0 10 0 0 34 0 11 4 0 12 3 81 28 0 0 0 0 21 0 0 0 0 0 0 0 0 0 0 0 0 0 0 0 0 0 0 0 0 0 0 0 0 0 0 0 0 0 0 0 0 0 0 2 0 25 8 31 33 0 0 25 9 20 50 0 0 12 16 15 0 0 0 27 11 0 2 0 0 1 33 0 9 0 0 22 0 18 0 14 3 9 13 0 0 0 0 0 0 0 0 0 0 0 0 0 0 0 0 0 0 0 0 0 0 24 0 0 0 0 0 0 0 0 0 0 0 5 2 2 74 0 0 8 0 0 0 0 23 0 0 0 0 0 0 0 0 0 0 0 0 0 0 0 0 0 0 0 0 0 0 0 0 
 0 0 2 168 74 75 0 0 0 2 79 98 0 0 0 0 0 0 0 2 57 163 66 54 63 67 173 224 179 145 52 49 0 152 226 335 95 33 253 73 0 1 0 0 3 0 0 0 0 7 3 3 1 62 0 0 2 0 0 0 0 2 0 1 0 0 0 0 0 0 0 26 0 0 0 1 0 0 0 0 0 0 0 12 12 24 0 0 0 0 18 13 0 0 0 0 0 0 0 0 47 33 11 0 0 0 67 9 18 1 0 0 23 45 17 2 18 11 0 28 0 1 0 0 0 0 0 0 0 0 0 0 0 0 0 0 0 0 0 1 0 0 0 0 0 0 0 0 0 0 1 0 0 0 0 0 0 0 0 0 0 2 0 0 0 33 0 0 10 13 0 0 2 0 0 1 0 0 0 0 30 1 1 21 0 0 54 32 0 11 20 0 25 9 34 0 0 39 8 11 0 0 0 0 0 0 0 0 0 0 1 0 2 0 11 0 0 0 0 0 0 2 0 0 0 0 0 0 0 0 0 0 0 0 0 0 0 0 0 2 0 0 0 0 0 0 0 0 0 77 0 0 0 0 19 2 0 75 0 2 2 2 15 0 0 0 0 0 0 0 0 0 0 2 0 0 0 0 0 0 0 0 0 0 0 0 0 0 0 0 
 2 2 204 75 28 1 0 0 0 35 78 84 0 0 0 0 2 1 1 0 54 320 67 171 64 36 144 74 201 81 87 25 152 0 83 200 41 58 257 178 0 0 0 2 9 0 6 1 0 35 3 5 2 2 5 0 2 1 65 0 52 0 0 2 0 0 0 2 0 4 3 7 0 5 3 7 0 2 0 9 0 0 0 0 6 21 0 0 0 0 10 14 0 0 0 0 2 0 1 0 19 3 39 0 0 0 13 42 14 0 0 0 15 19 0 0 23 0 0 11 0 0 0 0 0 0 0 0 0 0 0 0 0 0 0 0 0 0 0 4 0 0 0 0 0 0 0 0 0 0 0 0 0 0 0 0 0 0 0 0 0 0 21 0 0 2 3 0 0 10 6 13 0 0 0 0 0 2 0 1 1 12 11 0 0 0 0 12 38 0 0 0 22 0 20 0 17 12 0 125 0 0 0 0 0 0 0 0 0 0 0 0 0 0 0 0 0 0 11 12 0 0 0 0 0 0 0 2 0 1 0 11 0 0 12 0 0 0 0 0 0 0 0 0 0 0 74 0 0 62 0 0 0 0 12 0 1 77 0 0 2 0 16 0 0 0 0 0 0 0 0 0 0 0 0 0 0 0 0 0 0 12 0 0 0 0 0 0 0 0 
 6 2 1 0 0 75 84 2 1 2 5 62 149 2 2 0 0 1 2 2 142 66 112 142 74 68 178 192 157 308 60 39 226 83 0 240 121 124 350 213 0 0 0 4 65 0 9 0 0 3 3 3 1 1 0 0 2 1 0 0 0 0 0 1 0 0 0 0 0 0 0 1 0 0 0 1 0 0 0 0 0 56 8 0 7 11 0 0 0 0 17 9 0 0 0 0 0 0 0 0 95 13 43 0 9 11 14 0 14 0 15 0 0 21 14 17 41 12 0 16 0 2 0 0 0 0 4 0 0 0 0 0 0 0 0 0 0 0 18 0 0 0 0 1 0 0 0 0 2 0 0 0 0 0 0 0 0 0 0 0 0 0 0 0 4 0 0 4 0 12 7 0 1 0 0 0 0 0 0 0 36 0 0 16 0 0 1 16 16 1 18 14 10 0 26 0 0 112 0 13 0 0 0 0 0 0 0 0 0 0 0 19 0 14 0 0 0 0 12 0 0 0 0 0 1 0 0 5 0 0 0 0 0 0 0 0 0 0 2 0 0 0 8 0 0 0 0 0 0 63 0 0 0 0 13 0 1 0 0 2 0 9 0 2 0 0 0 0 0 0 0 0 0 0 0 0 0 0 0 0 0 0 0 0 0 0 0 0 0 1 
 2 0 0 0 1 21 1 0 3 1 3 78 0 0 2 4 0 0 0 0 79 56 59 280 72 144 119 263 83 100 172 110 335 200 240 0 170 110 66 399 0 0 0 6 3 0 0 0 0 3 3 3 1 1 0 0 2 70 66 0 0 0 0 5 0 0 59 0 0 0 0 2 0 0 0 2 6 0 7 0 0 0 0 0 0 0 0 0 0 0 1 1 0 1 0 0 0 0 0 0 10 11 15 11 0 0 17 63 3 16 0 0 0 0 32 7 2 28 0 2 19 10 0 0 0 0 0 0 0 0 2 5 2 0 4 0 0 0 0 11 0 0 0 0 0 0 0 0 0 0 0 0 0 0 0 0 0 0 0 0 0 1 0 0 4 26 0 5 1 0 2 0 1 0 0 0 0 2 0 0 34 0 23 30 0 0 16 9 59 19 2 0 43 22 14 19 13 8 6 8 0 0 0 0 0 0 0 0 0 0 0 0 0 9 0 0 0 0 1 0 0 16 2 0 0 0 0 0 0 13 2 0 0 0 0 0 0 0 0 5 0 0 0 0 0 0 0 0 0 0 0 0 0 0 6 0 1 76 0 2 0 0 0 0 0 0 1 0 0 0 0 0 0 0 0 0 0 0 0 0 0 8 0 0 0 0 19 0 0 0 
 2 2 2 2 2 2 4 2 2 2 2 3 4 2 2 2 2 3 2 2 119 95 108 200 121 319 188 193 248 107 228 96 95 41 121 170 0 138 37 109 0 1 0 1 3 0 64 0 0 3 3 3 2 2 1 0 2 1 135 0 0 0 0 3 0 0 0 0 0 0 0 2 2 0 0 3 0 0 2 0 0 17 2 0 0 0 0 0 0 0 0 0 1 0 0 0 0 0 0 0 11 41 26 14 1 12 0 0 28 17 31 53 0 10 10 36 4 15 0 1 14 0 0 0 0 0 21 0 0 0 0 11 20 11 10 0 0 0 1 0 0 0 0 0 19 0 0 0 2 0 0 2 0 0 0 0 0 0 0 0 0 0 0 6 1 1 0 0 0 0 0 0 0 0 0 0 0 1 0 0 3 14 0 4 11 0 0 19 31 15 36 29 0 1 26 0 27 23 0 0 0 0 0 0 0 0 0 0 0 0 13 0 4 2 9 0 0 0 28 0 0 0 0 0 0 1 0 0 0 0 0 0 0 0 0 0 0 0 0 0 0 0 10 0 0 0 0 0 0 0 0 0 0 0 4 0 0 0 2 0 13 10 0 0 0 0 18 0 0 0 0 0 0 0 0 0 0 0 0 0 0 0 0 0 0 0 0 0 0 16 
 3 2 1 1 1 1 2 2 1 2 2 7 2 3 5 8 2 2 1 42 192 108 127 64 35 301 106 695 105 196 626 315 33 58 124 110 138 0 128 110 0 3 0 2 5 0 0 0 0 4 3 3 7 0 19 11 7 64 68 6 0 0 0 0 0 0 18 0 0 6 0 0 6 2 2 9 7 3 8 0 23 0 0 0 0 0 0 0 0 0 0 0 0 0 0 0 0 0 0 0 18 6 18 12 0 0 13 11 37 15 29 14 11 10 18 1 12 16 18 4 0 2 2 0 0 0 17 0 0 0 0 0 18 0 0 0 0 0 12 22 0 0 0 0 0 0 0 8 0 0 2 0 0 0 0 7 0 0 0 0 0 0 18 0 10 0 0 0 0 0 0 0 0 0 0 0 0 5 0 0 32 34 35 34 13 0 20 53 11 0 63 0 0 17 37 25 34 15 0 0 0 0 0 0 0 0 10 0 0 0 2 0 20 0 0 0 0 0 11 0 2 0 0 0 0 0 0 0 0 0 0 0 0 0 0 0 0 0 0 1 0 0 0 0 0 0 0 0 0 0 0 0 0 0 4 0 3 72 157 0 2 11 0 0 0 0 0 0 0 0 0 0 0 0 0 0 0 0 0 1 0 0 0 0 0 0 13 0 0 0 
 0 4 60 73 78 152 0 0 0 0 0 74 0 106 0 109 1 38 0 0 32 80 123 83 66 64 133 55 184 95 111 28 253 257 350 66 37 128 0 127 16 1 2 0 3 0 0 0 0 3 3 7 0 0 0 0 3 0 0 0 0 0 2 0 0 29 0 6 0 0 0 48 0 0 0 3 0 2 0 0 0 0 0 44 28 14 0 0 0 8 14 20 0 0 0 17 13 0 2 0 4 34 6 0 0 0 34 0 0 0 0 0 9 30 28 0 3 23 15 18 0 0 0 0 0 0 0 0 0 0 0 0 0 0 0 2 0 0 0 1 0 0 0 0 0 0 0 0 0 0 0 0 0 0 1 0 0 0 0 0 0 22 8 9 11 8 0 0 5 14 7 1 43 0 0 0 0 0 0 0 25 0 0 0 0 0 27 28 1 12 1 0 28 29 0 0 13 25 17 17 0 0 0 0 0 0 0 0 0 0 0 0 0 0 0 0 0 0 0 0 0 0 0 0 0 0 0 0 0 0 0 0 30 0 0 0 0 0 0 0 0 0 0 0 0 0 0 0 0 76 0 0 0 0 0 1 0 2 0 1 0 2 0 0 0 0 0 0 0 0 0 0 0 0 0 0 2 0 0 11 0 8 0 0 0 0 0 0 0 0 
 0 0 0 75 0 23 20 5 1 0 0 2 0 0 2 150 3 79 0 0 249 360 146 65 294 52 95 61 58 238 450 119 73 178 213 399 109 110 127 0 0 2 0 10 3 0 5 0 0 3 3 3 2 2 0 0 2 7 0 0 0 0 3 5 0 0 2 0 0 0 0 47 0 0 0 0 3 0 0 0 0 0 40 30 24 36 1 0 1 17 21 1 0 0 0 0 18 0 0 0 0 19 21 0 0 0 20 52 0 0 2 0 11 0 54 14 7 28 20 31 0 0 0 0 0 1 0 0 0 1 0 0 0 0 0 2 0 0 0 10 0 0 0 0 0 0 0 0 0 0 0 0 0 0 2 2 0 0 0 0 0 1 1 0 12 14 0 1 0 0 0 0 0 0 1 0 21 10 0 0 49 0 0 2 0 0 0 41 21 25 0 0 0 81 20 11 22 20 27 31 0 0 9 0 0 0 0 0 0 0 0 0 0 0 0 0 0 0 0 0 0 0 0 0 0 0 0 0 0 0 0 0 0 0 0 0 0 0 0 0 0 0 0 0 0 0 0 0 1 0 11 0 0 0 8 1 0 40 0 2 0 0 0 0 0 0 0 0 0 0 0 0 0 0 0 0 0 0 0 0 0 18 0 0 0 0 35 0 0 0 
 0 4 6 0 0 2 0 0 0 0 1 3 0 13 0 14 0 34 0 0 0 0 0 0 127 31 0 0 0 0 1 1 0 0 0 0 0 0 16 0 0 348 128 88 255 254 142 85 51 73 97 23 46 40 122 56 42 95 59 181 0 1 0 0 0 0 0 0 0 0 0 0 0 0 0 0 0 1 0 0 0 0 15 4 4 0 0 0 0 4 0 1 0 0 0 12 5 0 0 0 0 0 0 0 0 13 0 0 0 3 0 0 0 0 0 0 0 0 9 0 0 27 3 9 6 6 16 14 1 13 39 6 19 14 9 8 25 0 38 0 0 0 0 0 0 0 0 0 0 0 0 0 0 0 0 0 0 0 0 0 0 6 7 4 4 0 0 0 0 0 4 9 0 0 0 0 0 0 0 0 0 0 0 0 9 0 0 0 0 0 0 0 8 1 0 0 0 0 0 0 25 34 23 0 1 1 23 12 20 16 0 0 13 10 24 62 57 1 0 0 7 0 0 0 0 0 6 0 0 0 0 0 0 0 0 0 0 0 1 0 0 0 0 0 0 0 1 0 0 0 0 15 0 0 0 0 0 65 0 0 0 0 0 0 0 0 2 10 0 0 20 0 0 0 0 0 0 0 0 0 0 0 0 0 0 14 0 0 2 0 
 33 1 32 1 6 0 0 1 1 60 1 4 1 0 67 63 2 61 0 36 0 0 0 0 64 1 2 24 0 0 0 0 1 0 0 0 1 3 1 2 348 0 234 87 34 124 96 108 92 81 86 48 273 118 147 134 195 213 246 59 0 0 0 0 0 0 0 0 0 0 0 2 0 0 0 50 0 0 0 21 0 2 0 0 0 0 0 0 0 0 0 0 10 21 0 2 0 0 0 0 0 0 0 0 0 0 0 0 0 0 0 0 0 0 0 0 0 0 0 0 4 72 49 15 13 8 12 12 34 10 32 19 18 14 6 4 12 1 18 0 0 0 0 0 0 0 0 9 0 0 0 0 6 0 0 15 0 0 9 0 0 0 0 0 0 0 0 0 0 0 0 0 0 0 0 0 0 0 0 0 0 0 0 0 0 0 0 0 0 0 0 0 0 0 0 0 0 0 1 1 45 0 2 15 0 5 7 20 13 23 0 24 10 22 7 25 0 20 0 0 0 0 0 0 0 0 25 0 0 0 0 0 0 0 0 0 0 0 7 6 0 0 0 0 0 0 0 0 0 2 0 4 0 2 0 0 0 0 0 2 63 0 79 0 0 3 2 1 0 0 0 0 0 0 0 0 20 0 0 0 0 0 11 0 0 0 0 0 0 0 
 0 3 0 0 4 0 0 0 0 0 3 6 0 0 0 0 0 0 0 0 0 2 0 0 0 0 0 1 2 0 0 0 0 0 0 0 0 0 2 0 128 234 0 281 62 40 139 328 153 61 275 250 120 113 74 155 45 166 42 181 0 0 0 0 0 7 0 0 0 0 0 1 1 0 0 0 0 0 0 0 0 12 0 0 0 0 0 0 0 0 0 0 0 0 0 0 0 0 0 0 0 0 0 0 0 0 17 0 0 0 0 0 0 0 0 0 0 0 0 0 0 0 15 34 0 0 0 0 42 11 47 0 0 0 10 9 31 13 0 0 25 31 0 0 0 0 0 6 3 0 0 0 0 0 5 0 0 0 3 0 0 0 0 0 0 0 0 0 0 0 0 0 0 0 0 0 0 0 0 14 0 0 0 0 0 0 0 0 0 0 0 0 0 0 0 0 0 0 0 0 0 10 11 1 14 39 19 0 26 24 28 3 0 19 29 6 18 62 0 0 7 0 0 0 0 0 0 0 0 0 0 0 3 0 0 0 0 0 34 0 0 0 0 0 0 0 0 0 0 0 0 10 0 1 0 0 0 0 0 10 0 0 5 0 2 2 4 0 2 0 0 0 0 0 0 0 0 0 0 0 0 0 0 0 0 0 0 0 0 0 
 2 2 2 68 2 2 2 2 2 2 4 6 2 2 2 2 2 2 2 2 0 14 0 0 0 0 0 5 0 0 0 0 0 2 4 6 1 2 0 10 88 87 281 0 84 36 89 97 114 152 334 71 87 123 193 107 170 160 59 117 0 0 51 0 0 0 7 0 1 0 0 2 0 0 0 0 0 209 0 30 0 0 0 0 0 1 0 0 0 0 0 0 0 0 0 0 0 0 0 0 1 1 9 0 0 0 2 1 1 0 0 0 1 0 6 0 0 0 0 8 1 0 0 27 1 0 0 0 1 25 10 0 0 0 0 9 12 8 0 0 14 9 0 0 0 11 0 0 11 0 0 0 0 0 11 0 0 0 0 0 0 0 0 0 0 0 0 0 0 2 0 0 0 0 0 1 0 0 4 0 0 0 0 17 0 0 0 26 0 0 0 13 0 0 0 0 0 6 42 0 55 19 46 18 11 22 0 0 27 8 21 13 0 11 0 3 0 6 0 0 0 0 0 0 0 0 0 0 0 0 0 0 9 17 0 0 0 0 11 0 0 0 0 0 0 0 0 0 0 0 0 16 0 1 0 0 0 0 0 21 0 13 2 0 67 2 0 0 0 0 0 0 0 0 0 0 0 0 0 0 0 2 0 0 0 0 0 0 0 0 
 0 0 0 0 0 0 0 0 0 0 3 0 0 0 0 0 0 0 0 0 3 6 3 3 3 3 3 3 5 3 3 7 3 9 65 3 3 5 3 3 255 34 62 84 0 210 54 69 130 82 132 232 72 359 88 93 73 281 59 56 0 0 0 0 0 2 20 0 0 0 0 1 1 0 2 0 1 0 15 0 0 0 65 0 0 0 0 0 0 0 0 0 0 0 0 0 0 0 0 0 14 0 0 0 0 0 0 0 0 0 0 0 0 0 0 0 0 0 0 0 10 0 25 12 8 9 0 0 7 0 0 0 0 0 30 31 0 9 0 0 0 0 0 17 0 4 0 10 0 0 0 3 8 14 11 0 0 11 2 0 0 0 0 0 0 0 0 0 0 0 0 7 0 3 0 4 0 0 0 0 0 0 0 0 0 0 0 0 0 0 0 0 0 0 0 0 0 0 0 0 0 0 0 0 0 13 0 0 0 0 28 30 0 0 0 0 0 0 0 0 0 14 23 0 4 0 23 10 17 20 0 0 26 6 13 0 1 0 18 0 10 0 0 0 0 0 0 0 0 0 0 12 0 0 0 0 0 0 0 10 0 0 5 0 2 4 0 0 0 0 0 0 0 0 0 4 0 0 0 0 0 0 0 0 14 0 0 5 0 0 
 0 0 0 0 0 0 0 0 0 0 3 3 0 0 0 0 1 0 0 0 0 0 0 0 67 0 0 1 0 63 0 0 0 0 0 0 0 0 0 0 254 124 40 36 210 0 36 42 193 45 164 254 24 323 59 167 115 65 43 81 0 0 0 0 0 0 0 0 0 0 0 11 0 0 4 1 1 5 50 48 0 0 0 0 0 0 0 0 0 0 0 0 0 0 0 0 0 0 4 0 0 0 0 0 0 0 0 0 0 0 0 0 0 0 0 0 0 0 0 0 5 13 92 0 1 0 0 0 11 0 0 15 0 3 17 20 0 15 0 0 0 0 0 0 0 0 6 10 0 0 0 0 0 14 13 0 0 11 4 22 0 0 0 0 0 10 0 0 0 0 0 4 0 1 0 3 0 0 0 0 0 0 0 0 0 0 0 0 0 0 0 0 0 0 0 2 0 0 0 0 0 5 0 3 15 8 0 0 13 0 36 33 0 0 0 0 17 6 0 0 6 15 21 0 0 0 29 0 10 13 0 0 10 0 3 0 0 14 18 22 0 0 0 0 0 0 0 0 0 0 0 5 0 0 0 0 0 0 0 9 0 0 0 1 0 1 0 0 0 0 0 0 0 0 0 0 0 0 0 0 0 0 0 0 10 16 0 2 2 0 
 5 0 0 1 0 0 0 2 0 2 0 0 0 0 0 0 2 0 0 0 0 23 12 6 131 23 9 4 19 6 2 11 0 6 9 0 64 0 0 5 142 96 139 89 54 36 0 92 62 36 25 26 211 103 62 50 46 94 133 41 0 3 0 51 1 0 0 0 0 4 0 2 1 2 0 1 0 0 5 3 0 0 0 0 0 0 0 0 0 0 0 0 0 0 0 0 0 0 0 0 0 5 16 0 12 21 0 0 0 1 29 17 0 0 5 35 9 22 0 0 10 22 10 0 0 1 23 22 16 10 8 1 42 17 16 3 0 0 27 11 0 0 0 0 0 0 0 2 0 0 0 0 0 0 0 0 0 0 0 0 0 0 0 9 0 0 0 0 0 0 0 0 0 0 0 0 0 0 0 0 27 0 0 10 15 7 0 29 6 0 1 42 0 0 12 0 8 6 0 0 13 7 0 0 0 0 1 1 0 37 0 0 12 0 10 4 0 9 1 18 0 0 0 0 0 0 0 0 0 0 0 0 0 0 0 0 0 0 0 0 0 0 13 0 0 0 0 0 0 0 0 7 0 0 0 0 0 0 0 0 10 0 67 0 0 0 1 0 0 0 1 0 0 0 0 0 0 0 0 0 0 0 0 0 0 11 0 0 0 0 
 0 3 0 0 0 0 0 0 0 0 0 0 0 0 2 0 0 58 0 0 0 3 22 0 0 0 0 0 0 0 0 1 0 1 0 0 0 0 0 0 85 108 328 97 69 42 92 0 87 98 68 42 176 61 448 112 335 399 67 335 0 0 0 0 0 0 0 50 0 0 0 2 0 0 0 0 0 0 1 1 0 0 0 0 0 0 0 0 0 0 0 0 0 0 0 0 0 0 0 0 0 0 0 0 0 0 0 0 0 0 0 0 0 0 0 0 0 0 0 0 0 6 9 10 4 0 6 0 0 27 12 40 0 0 0 3 23 7 0 0 10 12 0 6 0 0 0 14 16 0 0 0 0 6 7 0 0 0 0 3 0 0 0 3 0 0 0 0 0 2 0 0 0 21 7 0 0 0 4 0 0 0 0 0 1 10 29 0 11 0 0 1 0 0 0 0 0 0 0 0 17 0 27 22 31 36 0 11 9 7 29 13 0 27 13 0 4 72 1 0 8 6 0 4 0 0 0 0 0 0 0 0 8 0 20 0 0 0 46 1 0 0 0 0 0 0 0 0 0 0 0 4 0 0 1 0 0 0 0 2 0 0 65 0 67 0 0 0 0 0 0 0 0 0 0 0 0 0 0 0 0 0 0 0 4 0 0 3 0 0 
 38 1 0 0 0 0 0 0 0 0 0 61 0 0 0 0 0 0 2 2 0 0 0 208 24 4 0 0 0 0 0 0 0 0 0 0 0 0 0 0 51 92 153 114 130 193 62 87 0 165 28 139 101 164 166 145 171 103 70 71 0 0 5 0 8 1 0 3 0 2 0 7 0 1 3 22 2 66 57 51 0 0 0 0 0 0 0 0 0 0 0 0 0 0 0 0 0 0 0 0 0 0 0 0 0 1 0 0 0 0 0 0 0 0 0 19 0 0 0 0 4 0 28 7 0 1 0 14 16 0 0 9 0 0 26 14 10 19 0 0 16 15 6 0 1 0 1 9 20 9 8 0 0 0 21 10 6 1 0 0 0 0 0 9 0 0 0 0 0 0 0 6 0 0 0 5 0 0 0 0 17 0 0 0 0 7 0 0 1 0 0 1 0 0 0 0 0 0 0 0 29 1 0 11 22 53 0 0 0 0 0 47 6 11 0 3 5 2 17 14 0 0 0 0 0 4 29 0 0 6 0 0 16 0 0 0 6 20 0 11 0 0 0 0 0 0 0 0 0 0 0 4 0 0 0 0 0 0 0 10 0 0 0 0 2 1 7 0 0 0 3 0 0 0 0 0 0 0 0 0 0 0 0 0 19 7 0 0 0 0 
 0 0 0 5 5 75 0 0 0 2 6 10 0 0 2 0 0 0 0 0 3 3 3 4 3 3 3 3 132 3 3 3 7 35 3 3 3 4 3 3 73 81 61 152 82 45 36 98 165 0 164 62 48 121 122 241 110 84 83 133 0 0 0 0 51 2 0 0 1 0 33 4 0 0 0 0 2 0 130 55 0 0 0 0 0 9 0 0 0 0 0 8 0 0 0 0 0 0 0 0 4 0 0 1 1 1 0 23 12 0 0 0 16 4 0 0 0 0 1 0 0 9 8 0 26 24 0 0 0 29 26 20 1 0 0 8 35 19 32 0 6 0 0 0 0 0 0 0 18 0 0 0 0 0 8 0 6 0 2 10 0 0 0 0 0 1 0 0 0 0 3 0 0 14 0 0 0 0 0 0 0 3 0 13 0 1 0 0 0 0 0 0 0 0 0 0 0 0 0 3 0 12 16 15 17 15 24 0 8 9 0 24 12 0 19 9 38 30 0 0 7 29 0 0 0 0 5 8 5 0 0 0 2 0 0 22 0 11 21 20 0 0 1 0 0 0 0 0 0 0 0 2 0 1 0 0 0 0 0 0 0 1 3 124 3 1 1 37 0 0 0 0 0 0 0 0 0 0 0 0 0 0 0 0 19 7 0 0 0 2 
 0 0 0 0 0 0 0 0 0 0 2 4 0 0 3 6 0 0 0 0 6 5 3 6 7 3 3 3 3 3 3 3 3 3 3 3 3 3 3 3 97 86 275 334 132 164 25 68 28 164 0 380 252 41 409 140 455 122 28 62 0 0 0 0 0 2 0 51 51 0 0 4 0 52 50 0 0 3 1 15 0 0 0 0 0 0 0 0 0 0 0 0 0 0 0 0 0 0 0 0 0 0 0 0 0 0 15 9 0 0 0 0 0 0 0 0 0 0 0 0 3 0 17 17 0 14 0 4 3 0 1 13 0 19 0 0 0 0 0 0 8 0 19 0 0 2 7 0 12 0 9 0 0 7 36 15 10 0 11 10 0 0 0 0 0 0 0 0 0 0 1 0 0 0 0 0 0 0 0 0 0 0 0 0 0 7 1 0 0 4 41 0 0 0 0 0 0 0 0 0 0 39 10 16 0 0 1 29 33 0 39 0 9 9 0 5 4 3 0 0 0 5 10 0 0 0 34 10 18 11 0 0 0 0 0 19 0 1 30 0 0 0 0 0 0 0 0 0 0 0 0 4 0 1 0 0 0 0 0 2 0 11 0 4 0 1 0 0 1 0 0 0 0 0 0 0 0 0 0 0 0 2 0 0 0 0 0 0 0 0 
 4 0 0 0 0 0 0 0 0 0 3 0 0 0 0 0 0 3 0 0 3 3 3 3 3 3 3 3 3 3 3 3 3 5 3 3 3 3 7 3 23 48 250 71 232 254 26 42 139 62 380 0 30 110 51 572 284 83 31 32 0 0 0 0 0 51 50 0 0 6 2 4 50 0 0 0 0 10 54 52 0 0 0 0 0 19 0 0 0 0 0 0 0 0 0 0 0 0 0 0 0 0 0 0 0 0 0 0 9 0 0 0 0 0 0 0 0 0 0 0 0 0 10 0 13 0 0 0 6 0 0 14 0 0 11 9 0 20 0 0 0 3 0 12 0 9 17 11 0 13 0 0 0 31 13 0 0 0 16 11 0 0 0 0 3 0 0 0 0 7 0 2 1 5 0 14 0 0 0 0 0 0 0 0 0 0 0 0 0 0 0 0 0 0 0 0 0 0 0 0 0 0 0 0 34 9 0 0 1 0 9 28 0 0 0 8 13 1 0 0 10 2 23 0 0 0 27 0 0 11 0 18 12 0 34 10 0 15 0 39 4 0 0 0 0 0 0 0 0 0 0 13 0 0 0 0 0 0 0 31 0 0 6 2 1 2 5 4 4 0 0 0 0 0 0 0 0 0 0 0 0 0 0 0 37 0 0 33 13 0 
 4 0 2 0 0 0 0 0 0 0 3 13 0 0 2 4 0 0 0 0 3 1 1 65 27 2 1 1 1 1 2 79 1 2 1 1 2 7 0 2 46 273 120 87 72 24 211 176 101 48 252 30 0 122 185 54 156 179 86 280 0 0 0 0 6 0 0 0 0 0 0 6 0 0 0 0 0 6 0 0 0 0 0 0 0 0 0 0 0 0 0 0 0 0 0 0 0 0 0 0 0 6 0 7 12 16 0 0 0 0 6 15 0 0 0 0 0 0 0 0 4 36 29 12 0 1 1 43 11 13 0 9 28 5 29 0 0 0 0 0 0 5 0 0 0 0 0 5 0 0 0 0 0 0 0 0 0 0 0 0 0 0 0 0 0 0 0 0 0 8 11 0 0 0 4 0 0 0 4 0 0 0 0 16 3 14 0 0 0 0 0 41 0 0 0 0 0 0 0 0 31 0 46 0 0 0 0 16 3 41 41 0 56 5 2 0 31 19 12 57 0 0 0 0 0 0 0 0 0 0 0 0 0 0 0 0 0 0 0 0 0 0 0 0 0 0 0 0 0 0 0 5 0 0 0 0 0 0 0 0 0 0 71 0 0 3 2 0 0 0 0 0 0 0 0 0 0 0 0 0 0 0 0 0 0 0 0 0 2 0 
 2 3 0 0 0 0 0 12 0 0 3 3 0 0 5 0 0 0 0 2 1 3 1 1 1 2 1 1 1 1 2 1 62 2 1 1 2 0 0 2 40 118 113 123 359 323 103 61 164 121 41 110 122 0 354 102 123 120 117 96 0 0 0 0 0 0 0 0 0 0 0 2 0 0 0 0 0 0 0 9 0 2 2 0 0 0 0 0 0 0 0 0 10 6 0 0 0 0 9 0 0 0 0 0 19 11 0 0 0 0 19 5 0 0 10 0 0 0 0 0 0 19 16 4 7 0 0 5 23 9 12 0 14 0 16 0 13 12 38 0 0 0 0 0 0 5 0 0 0 0 0 0 0 0 0 0 0 0 0 0 3 0 0 0 0 0 0 6 0 1 0 6 14 0 1 2 3 0 1 0 0 0 0 0 0 7 0 0 0 0 0 12 0 0 0 0 0 0 0 5 28 29 16 0 0 13 13 0 10 0 10 0 16 0 0 19 1 0 0 15 0 0 0 0 16 6 0 0 0 0 0 0 0 0 0 0 0 1 0 0 0 6 0 0 0 0 0 0 0 0 0 10 0 1 0 0 0 0 0 13 0 0 2 0 0 0 0 6 0 0 0 0 0 0 0 0 0 0 0 0 0 0 0 0 0 34 0 0 0 0 
 4 2 0 0 0 0 0 0 0 0 0 0 0 1 0 0 0 0 0 0 68 3 11 5 66 1 5 0 4 0 0 4 0 5 0 0 1 19 0 0 122 147 74 193 88 59 62 448 166 122 409 51 185 354 0 92 231 92 126 192 0 0 3 6 0 0 1 0 2 1 0 2 0 2 3 1 3 0 0 7 0 0 0 0 0 0 0 0 0 0 0 0 0 0 0 0 0 0 0 0 0 0 0 0 0 11 0 0 0 0 5 8 0 0 0 2 0 22 0 0 49 30 6 41 26 8 15 10 28 1 16 10 5 10 0 0 16 0 2 8 1 5 0 0 0 7 0 16 0 0 0 0 0 0 27 0 0 0 0 0 0 0 0 0 0 0 0 0 0 3 0 0 0 0 2 0 0 0 3 0 7 0 32 0 12 1 0 0 7 0 25 18 0 0 11 0 7 0 0 0 18 10 37 15 0 0 0 11 43 11 88 24 10 35 0 37 17 0 9 0 0 0 0 0 0 0 0 0 0 0 0 0 0 0 0 0 0 0 0 0 0 0 11 0 0 0 0 0 0 0 0 7 0 0 0 0 0 0 0 0 0 0 9 0 0 2 3 1 2 0 0 0 0 0 0 2 0 0 0 0 0 0 0 0 0 0 0 0 0 0 
 0 0 1 0 4 0 0 0 0 0 0 3 0 0 0 0 0 0 0 0 0 0 0 0 0 0 0 0 62 0 0 0 0 0 0 0 0 11 0 0 56 134 155 107 93 167 50 112 145 241 140 572 54 102 92 0 164 68 37 115 0 0 0 0 0 3 0 0 0 0 0 0 0 0 0 0 0 0 49 49 0 0 0 0 0 0 0 12 0 0 0 0 0 0 0 0 0 0 0 0 0 0 0 0 0 0 0 0 0 0 0 0 0 0 0 0 0 0 0 0 0 11 10 21 2 6 0 0 7 2 11 11 0 11 22 15 10 19 0 0 8 9 0 0 0 1 0 14 13 0 0 0 6 0 11 0 0 0 14 0 0 0 0 0 0 0 0 0 0 0 0 7 0 40 0 5 0 0 0 0 0 0 0 0 0 0 0 0 0 0 0 0 0 0 0 0 0 0 0 0 2 0 10 1 30 33 79 11 9 21 9 43 0 11 26 10 40 0 0 0 7 0 0 0 0 0 5 0 0 0 0 0 19 0 0 0 0 8 4 12 0 0 0 0 0 0 0 0 0 0 0 11 0 2 0 0 0 0 0 12 0 0 0 0 0 2 0 0 0 0 0 0 0 26 0 0 0 0 0 0 0 0 22 0 8 0 0 0 0 11 
 0 3 2 0 1 0 0 8 0 0 3 0 1 0 35 4 0 0 0 6 4 2 2 5 65 2 64 2 2 2 2 2 2 2 2 2 2 7 3 2 42 195 45 170 73 115 46 335 171 110 455 284 156 123 231 164 0 164 50 123 1 0 2 211 3 2 0 0 0 0 0 5 0 0 0 0 0 5 54 3 0 6 1 0 0 0 2 0 1 0 0 0 0 2 0 0 0 0 19 0 0 0 0 0 0 0 0 0 0 0 0 0 0 0 0 0 0 0 0 0 67 25 31 69 0 7 6 16 13 9 10 11 0 54 0 13 9 26 0 0 7 0 0 0 0 12 0 0 4 0 0 0 0 0 0 0 0 0 0 0 1 0 0 0 0 0 0 6 0 2 0 0 4 0 7 0 7 0 9 0 25 0 0 0 0 63 0 0 0 0 0 0 0 0 0 0 0 0 0 0 25 0 10 10 1 33 0 66 16 9 7 27 57 29 6 39 6 0 10 0 1 0 0 0 0 0 0 0 0 0 0 0 0 0 0 0 3 0 0 0 0 19 19 0 0 0 0 0 0 1 0 15 0 0 0 0 0 0 0 0 0 0 2 0 0 2 1 0 0 0 0 0 0 0 0 0 0 0 0 0 0 0 0 0 0 0 0 0 0 0 
 0 0 0 0 0 0 0 0 0 0 5 3 0 0 0 0 0 1 0 0 69 3 0 2 66 1 24 72 0 0 1 1 0 1 1 70 1 64 0 7 95 213 166 160 281 65 94 399 103 84 122 83 179 120 92 68 164 0 35 367 0 2 0 2 0 0 8 3 4 2 6 0 0 0 0 0 12 2 59 0 0 0 0 0 0 0 0 0 0 0 0 0 0 0 0 0 0 0 0 0 0 2 1 0 0 0 4 20 16 0 0 0 0 0 23 0 0 27 0 12 6 14 27 31 0 7 8 20 18 11 23 10 0 17 0 0 9 0 0 8 0 4 0 0 0 0 0 20 0 0 0 0 0 0 0 0 0 0 0 0 0 0 0 0 0 0 0 0 0 6 0 0 0 0 28 0 0 0 4 0 0 20 5 12 0 2 0 46 18 0 1 0 0 3 0 13 31 5 25 0 9 19 10 0 0 0 0 13 11 12 14 0 10 22 0 19 19 8 13 0 0 0 0 0 0 0 0 0 0 0 0 0 0 0 0 0 0 0 0 0 0 0 0 0 0 0 0 0 0 0 0 0 0 2 0 0 0 0 0 1 0 1 33 1 2 3 1 2 1 0 0 0 0 0 0 0 0 0 0 0 0 0 0 0 0 0 0 0 0 0 
 0 3 0 0 0 0 0 0 0 0 0 0 0 0 0 0 3 0 0 0 62 63 68 65 23 137 0 0 195 1 1 62 0 65 0 66 135 68 0 0 59 246 42 59 59 43 133 67 70 83 28 31 86 117 126 37 50 35 0 70 7 0 0 0 0 0 0 0 13 0 0 2 0 199 0 0 0 0 0 0 0 0 0 0 0 0 0 0 13 0 0 0 0 0 0 0 0 0 0 0 0 0 34 32 0 0 0 0 0 11 42 0 0 0 0 43 0 0 2 5 33 41 16 0 14 14 0 0 0 10 24 27 0 25 0 8 15 0 12 8 0 0 0 0 0 0 0 8 0 0 0 0 0 1 0 15 0 0 0 5 0 0 0 6 0 0 0 0 0 0 11 10 0 0 0 0 0 4 0 0 0 0 22 35 1 2 0 0 8 21 21 0 0 0 0 7 19 0 0 0 0 12 33 0 8 0 35 4 0 0 0 0 19 0 0 15 11 0 8 0 9 3 0 5 0 0 0 0 0 30 0 0 12 0 3 0 0 0 0 8 0 0 0 0 0 0 0 0 0 0 0 8 0 0 0 0 0 3 65 1 27 8 2 0 1 1 2 43 0 14 0 0 0 0 0 1 0 0 0 0 0 0 5 0 4 9 0 0 0 0 
 51 0 3 0 0 0 0 0 0 0 0 0 0 0 0 0 0 0 0 0 0 0 0 64 61 68 0 0 0 0 0 59 0 0 0 0 0 6 0 0 181 59 181 117 56 81 41 335 71 133 62 32 280 96 192 115 123 367 70 0 2 0 2 0 3 0 0 0 0 0 0 4 0 0 0 0 0 3 0 3 0 0 0 0 0 0 0 0 0 0 4 0 0 0 0 0 0 0 0 0 0 0 0 6 7 10 0 0 0 0 1 0 11 0 0 0 0 0 0 0 0 11 9 11 0 0 0 12 0 17 26 23 10 2 0 8 15 0 0 0 0 5 0 0 0 0 0 4 0 0 0 0 0 0 0 0 0 0 0 0 0 0 0 0 0 0 0 0 0 3 10 0 0 0 2 0 0 16 3 13 0 0 0 1 7 10 0 0 0 0 0 11 0 0 0 0 0 0 0 0 10 11 49 0 0 0 8 8 26 36 34 0 1 9 10 8 31 38 0 1 10 0 0 0 0 0 13 9 1 10 7 0 10 3 0 0 0 0 16 0 0 0 9 0 0 0 0 0 0 0 0 9 0 0 0 0 0 0 0 0 0 0 64 0 2 3 0 0 2 0 0 0 0 0 0 0 0 0 0 0 0 0 0 0 0 0 0 0 0 0 
 0 0 0 0 0 0 0 0 0 0 0 0 0 0 2 6 6 0 0 0 3 0 0 6 0 0 0 0 0 0 0 0 0 52 0 0 0 0 0 0 0 0 0 0 0 0 0 0 0 0 0 0 0 0 0 0 1 0 7 2 0 154 201 136 25 52 231 134 24 29 183 49 110 211 110 125 79 107 54 74 0 0 0 0 0 0 0 0 0 0 11 0 0 0 0 0 0 0 0 0 0 0 0 0 0 0 0 0 0 0 0 0 0 0 0 0 0 0 0 0 0 0 0 0 0 0 0 0 0 0 0 0 0 0 0 0 0 0 0 0 17 9 3 9 11 14 44 3 18 12 1 9 24 0 18 5 17 34 0 0 0 0 0 0 0 0 0 0 0 0 0 0 0 0 2 0 0 0 0 0 0 0 0 0 0 0 0 0 0 0 0 0 0 0 0 0 0 0 0 0 0 0 0 0 0 0 0 0 0 0 0 0 0 0 0 6 0 0 0 0 12 17 46 33 3 27 19 11 20 10 22 30 7 22 34 43 19 29 2 7 8 0 0 0 0 0 0 0 0 0 0 0 0 1 0 0 0 0 0 0 0 0 0 1 0 0 10 0 0 0 18 0 0 1 0 0 0 0 0 0 0 0 0 0 0 0 0 12 0 0 
