 0 205 333 144 120 44 64 70 80 149 39 46 51 222 547 135 157 29 62 199 0 0 2 3 2 3 0 3 0 0 3 0 2 3 0 0 2 4 73 1 0 0 1 0 0 0 4 0 0 0 0 0 0 3 0 7 0 3 0 0 2 0 0 0 0 0 0 0 2 3 0 0 2 3 0 0 0 0 0 0 0 31 30 1 0 1 33 41 12 14 1 1 13 15 39 18 45 1 12 14 0 0 0 0 0 0 0 0 0 0 0 0 0 0 0 0 0 0 20 0 0 0 0 0 0 0 0 9 0 0 0 0 18 0 12 0 0 0 9 0 0 0 0 1 0 0 0 0 6 0 0 11 0 0 0 0 0 0 0 0 36 11 4 0 24 23 15 0 23 0 4 0 9 2 17 12 13 38 1 0 0 0 0 0 0 0 0 0 0 0 0 0 0 0 0 0 0 0 0 0 0 0 0 0 0 0 0 0 0 0 0 0 0 0 0 0 0 0 0 0 0 0 0 0 0 0 0 0 0 0 0 0 0 0 0 0 0 0 0 1 0 0 0 0 0 2 8 0 3 0 0 0 0 0 0 0 2 0 0 0 0 0 0 0 0 0 0 0 0 0 0 0 0 0 0 26 2 0 0 0 0 0 0 0 0 0 0 0 0 0 
 205 0 174 174 324 130 293 528 212 154 220 200 43 54 246 227 289 363 463 149 0 0 2 3 2 3 0 3 0 0 3 2 0 3 0 0 0 2 0 0 0 0 1 0 0 1 0 0 0 0 0 0 0 5 0 3 0 3 0 0 2 0 7 0 0 0 0 0 2 3 0 1 0 3 0 0 0 0 0 0 16 0 16 26 17 19 26 2 0 34 14 39 27 26 14 26 1 19 0 0 0 0 0 0 0 0 0 0 0 0 0 0 12 0 0 0 0 0 0 1 1 0 0 0 0 0 0 0 1 0 0 0 0 0 0 0 1 0 0 0 0 0 8 0 0 0 0 0 0 11 0 18 7 0 0 0 25 0 5 0 0 27 14 18 0 1 0 41 0 0 0 7 29 0 7 0 31 30 27 13 0 0 0 0 0 0 11 0 0 0 0 0 19 12 0 0 0 0 7 0 0 0 0 0 0 0 1 1 0 0 0 0 0 0 0 0 0 2 0 0 0 0 0 0 0 0 0 2 0 0 0 0 0 0 0 0 0 0 0 0 0 36 0 0 0 4 0 2 87 90 0 33 0 0 0 0 0 0 0 0 0 0 10 0 0 0 0 0 0 0 0 0 0 0 0 0 15 0 0 0 0 0 0 0 0 0 0 0 0 0 
 333 174 0 197 144 191 174 258 155 56 25 36 70 66 179 157 122 192 50 47 2 1 3 4 1 3 26 3 0 0 3 0 0 3 0 0 2 2 74 0 0 0 0 0 0 0 0 0 2 0 0 0 1 3 0 3 1 3 0 1 2 0 0 0 0 0 0 0 2 2 0 0 0 3 0 0 0 1 0 0 11 7 0 12 0 13 33 1 19 21 13 23 10 16 35 13 28 11 0 0 0 11 0 1 0 0 2 0 0 0 0 0 19 1 0 0 0 0 30 0 0 0 0 0 0 0 0 1 0 16 0 0 0 0 0 0 0 0 0 0 0 0 0 0 0 0 0 0 2 0 0 15 0 0 0 0 0 0 0 2 1 16 36 10 18 0 1 13 1 44 10 0 18 6 17 10 0 17 14 0 16 2 0 0 0 9 10 0 0 0 0 0 0 0 0 1 0 0 12 0 0 0 0 0 0 0 0 0 0 0 0 0 0 0 0 0 0 0 0 0 0 0 0 0 0 0 0 0 15 1 0 4 0 0 0 0 2 0 2 0 0 0 0 0 2 0 88 1 89 0 11 26 0 0 0 0 0 0 0 0 0 0 1 0 0 0 0 0 0 0 0 0 0 0 0 1 3 0 0 0 0 0 0 0 0 0 0 0 0 0 
 144 174 197 0 459 128 88 176 249 244 400 127 155 313 65 174 208 494 273 73 79 0 1 3 2 3 0 77 0 0 3 0 1 3 0 0 1 4 78 0 0 59 1 1 0 0 0 0 0 0 0 0 0 3 0 3 0 3 0 0 2 0 0 38 0 0 0 0 2 3 0 0 0 3 0 0 0 0 0 0 2 12 36 24 15 26 0 0 0 4 23 12 0 33 13 34 18 0 0 10 13 0 2 0 0 0 1 14 0 0 0 0 8 0 3 0 0 0 10 28 0 0 0 0 11 0 0 2 0 1 15 0 0 0 13 0 0 0 0 0 0 0 0 0 0 0 0 2 0 1 0 0 1 0 14 0 0 0 0 1 13 2 16 41 14 24 0 4 0 0 1 59 0 0 9 11 7 19 0 28 34 1 0 0 0 0 8 0 1 0 0 0 13 1 0 0 0 0 0 54 0 0 0 0 0 0 0 0 0 0 0 0 0 40 0 0 0 0 0 0 0 0 0 0 0 0 0 0 1 0 19 0 0 0 0 0 1 0 12 0 0 0 0 0 1 0 2 0 0 7 1 5 1 0 0 0 0 0 0 0 0 0 0 0 0 0 0 0 0 0 0 0 0 0 0 11 15 0 0 0 0 0 0 0 0 0 0 0 0 0 
 120 324 144 459 0 445 61 122 309 264 369 365 96 97 162 160 291 135 64 66 1 79 46 4 3 3 0 36 37 0 3 0 34 3 74 16 3 2 1 0 0 0 1 0 0 0 0 0 0 0 0 0 0 3 0 3 0 3 0 0 2 0 0 16 0 0 0 0 2 3 0 0 0 3 0 0 0 0 0 0 10 9 9 7 36 26 0 0 0 14 58 10 0 19 0 27 23 0 0 0 32 0 0 24 0 0 1 16 0 0 0 18 0 0 9 44 0 0 18 2 0 0 0 0 0 0 0 0 2 0 0 0 0 2 0 0 0 0 0 0 0 0 0 0 0 0 0 0 0 21 0 0 3 0 0 0 0 0 0 0 9 0 0 39 0 2 0 0 0 1 0 8 0 0 11 1 8 18 0 22 0 0 6 0 0 0 0 1 11 14 0 0 19 28 12 0 14 0 0 30 0 0 0 0 0 0 0 1 0 0 0 0 0 0 0 0 0 1 0 0 0 0 0 0 0 0 0 1 0 0 0 0 0 0 0 0 0 0 0 0 0 0 0 0 0 2 4 2 5 4 0 2 21 0 0 0 0 0 0 0 0 0 0 0 0 0 0 0 0 0 0 0 0 0 0 13 8 19 0 0 0 0 0 0 0 0 0 0 0 0 
 44 130 191 128 445 0 26 45 353 143 93 401 39 64 74 56 218 180 61 64 2 75 4 3 5 3 48 3 1 0 3 0 0 3 0 0 2 2 1 0 0 0 1 0 0 0 4 29 2 0 0 0 0 3 0 3 0 3 0 1 2 0 0 4 0 0 1 49 2 6 0 0 0 3 3 0 3 11 0 0 0 5 1 8 14 30 0 0 0 11 51 33 0 0 0 23 36 13 0 0 14 10 0 10 0 0 0 0 0 0 0 0 14 0 4 0 0 0 20 13 0 0 0 0 0 1 0 0 1 0 0 0 2 0 0 0 0 2 0 0 0 0 0 0 0 0 0 0 0 8 0 0 6 0 0 0 0 0 0 0 0 0 7 11 1 0 0 0 32 20 0 10 0 0 0 39 26 0 0 0 16 0 9 0 0 0 9 0 0 28 0 0 18 39 0 1 0 1 29 36 0 0 0 0 0 0 0 0 0 0 0 0 0 0 0 0 0 2 0 2 0 0 0 0 0 0 0 2 0 0 0 0 0 0 0 0 0 0 0 0 0 2 0 0 0 1 3 0 85 4 12 4 23 0 0 0 0 0 0 0 0 0 0 0 0 0 0 0 0 1 0 0 0 0 0 20 0 0 0 0 0 0 0 0 0 0 0 0 0 0 
 64 293 174 88 61 26 0 158 41 123 38 166 251 239 111 42 121 124 138 249 0 0 1 1 2 2 2 3 0 0 3 0 0 3 26 0 3 3 0 0 5 0 8 0 0 0 0 0 0 0 0 10 2 2 0 5 0 2 63 2 0 0 0 0 0 4 0 0 0 0 2 0 2 0 0 0 3 0 0 3 15 38 0 5 0 0 20 51 0 19 0 0 37 10 25 0 0 15 0 15 0 0 0 0 0 0 0 0 0 0 0 0 0 0 0 0 27 0 0 0 0 2 0 0 0 0 0 0 0 0 0 0 0 0 1 0 0 0 0 0 0 0 0 0 0 0 0 0 0 0 0 20 0 0 0 0 0 0 0 0 0 41 0 0 0 0 18 50 0 0 0 0 19 31 7 0 0 18 49 34 0 0 0 0 0 0 0 0 0 0 0 0 0 0 0 0 0 0 0 0 0 0 0 0 0 0 0 0 0 0 0 0 0 0 0 0 0 0 0 0 0 0 0 0 0 0 0 0 0 0 0 0 0 0 22 0 0 0 0 0 0 12 0 0 0 0 1 2 10 2 0 3 0 0 0 0 0 0 0 0 2 0 4 0 0 0 0 0 0 0 0 0 0 0 0 0 0 0 0 0 0 0 0 0 0 0 0 0 0 0 
 70 528 258 176 122 45 158 0 266 579 128 243 175 94 62 44 239 299 62 141 3 1 2 3 0 3 7 3 4 11 5 0 0 3 0 3 0 4 0 2 0 0 1 5 0 2 2 0 5 0 0 0 5 3 2 8 5 3 0 3 2 0 0 4 0 0 0 2 2 3 2 6 4 3 1 0 2 0 0 0 24 35 9 16 0 50 1 0 11 99 23 36 15 43 23 29 30 26 26 0 0 0 0 0 0 0 0 0 0 0 0 0 10 0 0 0 0 0 11 14 0 0 0 0 0 0 0 0 0 0 0 0 0 0 0 0 0 0 0 0 1 0 0 0 0 0 0 0 0 0 0 0 1 2 0 0 2 0 0 0 11 4 5 19 9 0 21 43 12 12 0 17 11 2 7 12 16 52 0 25 1 0 0 5 1 0 0 0 0 0 0 0 30 0 0 0 0 0 0 0 0 0 0 0 0 1 0 0 0 0 0 0 10 0 0 2 17 0 0 0 0 0 0 0 0 4 0 0 0 0 0 0 0 0 0 0 0 16 0 0 0 25 0 0 0 2 1 0 5 10 2 10 21 0 0 0 0 0 2 0 0 0 9 0 0 0 2 0 0 0 0 0 0 0 0 0 28 0 0 0 0 0 0 0 0 0 0 0 0 0 
 80 212 155 249 309 353 41 266 0 99 190 421 118 114 288 201 124 216 76 148 5 0 3 3 0 3 79 3 0 1 3 0 0 3 0 0 2 2 73 0 0 0 2 0 0 0 0 1 0 0 0 1 0 3 0 78 1 3 0 0 2 0 0 0 44 0 0 0 2 5 0 0 0 3 0 0 0 0 0 0 0 10 0 32 20 35 0 0 0 17 53 34 0 0 1 29 19 45 0 0 13 0 0 0 0 0 12 0 0 0 0 0 18 0 14 0 0 0 32 27 0 0 0 6 0 0 2 0 0 0 2 0 0 0 0 0 0 0 0 0 0 1 2 0 0 0 0 0 0 9 0 0 6 0 0 0 0 12 0 0 2 0 13 14 0 0 0 4 32 19 3 2 0 0 0 13 16 1 0 0 1 0 0 1 0 0 11 1 0 0 1 0 20 24 0 0 0 0 39 22 0 0 0 0 0 0 0 0 0 0 0 0 0 0 0 0 0 0 0 0 0 0 0 0 0 0 0 0 0 0 0 0 12 0 0 0 0 0 0 0 0 0 0 0 0 0 1 2 8 88 20 2 0 0 0 0 0 0 0 0 0 0 0 0 0 0 0 0 0 0 0 0 0 0 0 21 0 0 0 0 0 0 0 0 0 0 0 0 0 2 
 149 154 56 244 264 143 123 579 99 0 334 218 49 331 166 260 124 147 51 177 0 0 2 3 0 3 0 76 0 0 3 0 0 3 1 0 0 2 74 0 0 0 0 0 0 0 0 0 0 0 0 0 1 3 0 3 2 3 0 1 2 0 0 0 0 0 0 0 2 2 2 0 0 3 0 0 2 0 0 0 25 23 24 46 0 32 1 0 0 36 12 45 19 17 11 14 20 46 0 0 0 0 0 0 0 0 11 15 0 0 0 0 0 0 0 0 0 0 0 2 0 0 0 0 0 0 0 0 0 0 0 0 1 0 10 0 0 0 0 0 0 0 0 0 0 0 0 0 0 2 0 0 0 0 0 0 1 0 0 0 11 0 0 24 19 21 0 17 16 1 3 29 11 2 10 4 11 27 0 2 19 0 0 0 0 0 10 5 0 1 0 0 0 0 0 0 0 0 9 11 0 0 0 0 0 0 0 0 0 0 0 0 0 0 0 0 0 0 0 0 0 0 0 0 0 0 0 0 0 0 0 0 0 0 0 5 0 0 0 0 0 14 0 0 0 2 1 0 3 121 2 7 0 0 0 0 0 0 0 0 0 0 10 0 0 57 0 0 0 0 0 0 0 0 0 1 20 0 0 0 0 0 0 0 0 0 0 0 0 0 
 39 220 25 400 369 93 38 128 190 334 0 709 50 34 135 160 238 138 38 66 33 1 0 3 0 3 0 4 0 0 3 0 75 4 0 0 0 2 81 79 0 0 0 0 63 0 0 0 0 0 0 9 1 3 0 3 0 3 0 1 2 0 0 0 0 0 0 0 2 2 0 0 0 3 0 0 0 3 0 0 0 10 9 36 16 39 1 0 0 37 21 18 0 0 1 14 18 18 0 0 15 0 0 0 0 0 12 1 1 0 0 0 9 0 12 0 2 0 13 24 0 0 0 0 0 0 0 0 0 0 0 0 0 0 0 0 0 0 0 0 0 0 0 1 9 0 0 0 0 2 0 0 6 0 0 0 0 21 0 0 10 0 0 35 0 0 0 4 1 0 38 24 0 0 0 11 29 13 0 0 14 0 0 0 0 0 2 23 0 0 0 0 9 16 0 0 0 0 32 26 0 0 0 0 0 0 0 0 0 0 0 0 0 0 0 0 0 0 0 0 0 0 0 0 0 0 0 0 0 0 0 0 0 0 0 0 0 23 0 0 0 0 0 0 0 0 97 2 7 170 0 7 0 0 0 0 0 0 0 0 0 0 0 0 0 0 0 0 0 0 0 0 0 0 0 0 17 0 0 0 0 0 0 0 0 0 0 0 0 0 
 46 200 36 127 365 401 166 243 421 218 709 0 32 38 119 58 393 66 28 20 0 0 1 5 20 35 0 7 0 0 4 34 2 3 2 0 31 4 1 0 22 0 2 0 0 0 0 2 0 0 0 1 1 3 0 3 0 3 0 0 2 0 0 2 0 0 0 3 2 3 0 0 0 5 0 6 0 0 0 3 0 14 10 7 14 39 13 0 0 28 39 6 0 0 0 14 14 24 0 0 0 0 0 0 0 0 0 0 0 0 0 0 15 0 0 0 0 0 14 0 5 0 0 0 0 0 0 0 0 31 0 0 0 0 0 0 0 0 0 0 0 0 0 0 0 0 0 0 0 8 0 0 3 0 0 0 0 0 0 0 0 0 29 75 0 1 2 0 22 6 0 29 0 0 0 36 25 0 0 2 0 0 0 0 0 0 9 0 0 0 0 0 23 18 0 0 0 0 8 14 0 0 0 5 0 0 0 0 0 0 0 0 0 0 0 0 0 0 0 0 0 0 0 0 0 0 0 0 0 0 0 0 0 0 22 0 0 0 0 0 0 0 0 0 0 2 0 2 99 0 6 0 15 0 0 0 0 0 25 0 0 0 0 0 0 0 0 0 0 0 0 0 0 0 0 0 20 0 0 0 0 0 0 0 0 0 0 0 0 0 
 51 43 70 155 96 39 251 175 118 49 50 32 0 521 124 62 51 25 65 64 0 1 2 7 4 3 3 3 0 0 3 2 0 3 0 2 0 2 73 0 0 0 0 60 0 0 2 3 0 0 0 0 1 3 0 3 0 3 0 1 2 0 0 0 0 0 0 0 2 2 31 0 0 3 0 2 0 0 0 0 0 2 10 29 0 6 21 1 0 19 17 14 32 0 31 0 0 26 1 18 0 0 0 0 0 0 0 0 0 0 0 0 9 0 17 0 0 0 13 17 0 0 0 0 0 0 0 0 0 0 0 0 10 0 2 0 1 0 0 0 0 0 0 0 0 0 0 0 0 0 0 0 0 0 0 4 0 0 0 0 16 17 0 3 0 0 22 20 0 0 0 2 0 36 9 0 10 19 27 7 0 0 0 0 0 0 0 0 0 0 0 0 0 1 10 0 0 0 3 5 0 0 0 0 2 0 0 0 0 0 0 0 0 0 1 0 0 0 0 0 2 0 0 4 0 0 0 0 0 0 0 0 0 0 11 0 0 0 0 0 0 15 0 0 0 0 2 0 1 92 0 6 0 0 0 0 0 0 0 0 0 0 9 0 0 0 0 0 0 0 0 0 0 0 0 0 0 0 0 0 0 0 0 0 0 1 0 0 0 0 
 222 54 66 313 97 64 239 94 114 331 34 38 521 0 117 338 52 318 165 325 2 2 1 3 2 3 9 5 0 0 5 0 0 3 2 2 74 2 33 0 0 0 0 0 3 0 0 65 7 64 0 0 6 9 4 2 0 3 0 2 2 0 0 6 0 0 5 38 5 2 2 7 0 52 4 0 2 0 6 0 0 10 12 0 0 0 19 33 14 0 0 0 14 0 35 15 0 1 14 11 0 0 0 0 0 0 0 0 0 0 16 0 0 0 0 0 0 0 0 0 0 1 0 0 0 0 0 0 0 0 0 0 9 0 0 0 0 0 0 0 0 0 0 0 0 0 0 0 0 0 0 2 1 0 0 6 1 0 0 0 23 14 0 0 0 2 39 26 0 0 3 0 1 15 0 0 12 0 23 1 0 0 0 15 0 0 0 0 0 0 0 0 0 0 0 0 0 0 0 0 0 0 0 0 0 0 0 0 0 0 0 0 0 0 0 0 0 0 0 0 0 0 0 0 0 0 0 0 14 0 0 0 0 0 0 0 0 0 0 0 0 0 0 0 0 1 1 0 2 2 0 5 0 0 0 0 0 0 0 0 0 0 0 0 0 0 1 0 0 0 0 0 0 0 0 0 0 13 0 0 0 0 0 0 0 0 0 0 0 0 
 547 246 179 65 162 74 111 62 288 166 135 119 124 117 0 173 127 28 144 123 2 0 2 4 1 3 0 3 2 0 3 0 0 3 0 0 33 2 0 0 0 0 1 0 3 2 0 0 0 1 3 0 0 3 0 6 4 3 0 0 2 0 3 2 0 0 0 0 4 3 0 0 0 5 3 0 0 0 0 2 23 4 19 11 16 19 19 12 20 0 41 27 19 14 22 21 27 0 0 9 25 0 0 0 0 0 0 0 0 0 0 0 14 0 0 0 0 0 36 25 0 0 0 0 0 0 0 0 0 0 0 0 0 0 0 0 0 0 0 0 0 0 0 0 0 0 0 0 0 4 0 14 8 0 0 0 0 0 0 0 1 39 1 17 1 0 14 26 17 6 5 0 13 0 18 20 12 0 25 0 1 0 0 0 0 0 0 0 0 0 0 0 19 14 0 0 0 0 0 32 0 0 0 0 0 0 0 0 0 0 0 0 0 0 0 0 0 0 0 0 0 0 0 0 0 0 0 0 0 0 0 0 0 0 0 0 0 0 0 0 0 0 0 0 0 0 5 0 0 13 0 4 0 0 0 0 0 0 0 0 0 0 0 0 0 0 0 0 0 0 0 0 0 2 3 17 0 0 0 0 0 0 0 0 0 0 0 0 0 0 
 135 227 157 174 160 56 42 44 201 260 160 58 62 338 173 0 44 45 56 51 82 0 1 3 1 3 0 3 0 0 3 0 1 3 2 0 77 2 0 2 0 0 1 0 0 0 0 0 0 0 0 1 0 3 0 9 0 3 0 0 2 0 0 8 0 0 0 0 2 3 0 0 0 3 0 0 0 0 0 0 44 0 11 0 27 13 51 0 2 17 34 19 1 31 10 15 29 0 0 0 24 12 0 0 0 0 0 0 0 0 0 0 0 0 4 0 0 0 0 12 0 1 0 0 0 0 1 0 0 0 1 0 0 0 0 0 0 0 0 0 0 2 1 0 0 0 0 0 0 8 0 0 4 0 0 0 0 0 0 0 1 0 0 29 15 17 0 0 22 0 7 21 0 0 12 6 15 12 0 18 9 9 0 2 0 0 0 0 0 0 2 0 20 16 0 0 0 0 0 19 0 0 0 0 0 0 0 0 0 0 0 0 0 0 0 0 0 0 0 0 0 0 0 0 0 0 0 0 0 2 0 0 0 0 0 0 0 0 0 0 0 0 0 0 0 1 32 0 1 1 0 2 27 0 0 0 0 0 0 0 0 0 0 0 0 0 0 0 0 0 0 0 0 0 0 28 31 0 0 0 0 0 0 0 0 0 0 0 0 0 
 157 289 122 208 291 218 121 239 124 124 238 393 51 52 127 44 0 237 40 125 0 0 4 3 1 3 22 3 0 1 3 0 0 3 0 2 2 3 74 0 0 0 0 0 0 0 0 0 0 0 0 0 1 3 0 3 0 3 0 1 2 0 0 0 0 0 0 0 2 2 0 0 0 3 0 0 0 0 0 0 22 65 0 55 0 5 1 0 3 84 43 43 17 35 14 0 33 42 0 0 0 9 0 0 0 0 10 0 0 0 0 0 27 1 0 0 0 0 23 20 0 0 0 13 0 1 0 0 1 0 0 0 1 0 0 0 0 1 12 0 0 0 0 0 0 0 0 1 11 0 0 0 0 0 0 0 0 0 0 0 0 0 26 2 12 1 0 13 37 19 15 3 12 4 22 13 2 23 0 13 14 0 0 0 0 0 11 4 0 0 0 0 1 1 0 0 0 1 20 0 0 0 0 0 0 0 0 0 0 0 0 0 0 0 0 0 0 2 0 2 0 0 0 0 0 0 0 2 0 0 0 0 0 0 0 0 0 0 0 0 0 14 0 0 0 1 46 0 86 90 10 10 0 0 0 0 0 0 0 0 0 0 12 0 0 0 0 0 0 0 0 0 0 0 0 14 0 0 0 0 0 0 0 0 0 0 0 0 0 0 
 29 363 192 494 135 180 124 299 216 147 138 66 25 318 28 45 237 0 252 128 1 1 2 3 0 3 0 4 2 0 3 2 0 3 1 0 0 2 73 0 0 0 0 0 0 0 3 3 1 0 0 0 1 5 0 4 3 3 4 1 2 0 0 3 0 0 2 0 3 2 6 0 0 3 0 0 5 3 2 0 10 12 0 12 0 21 2 0 4 90 7 28 20 36 16 0 9 83 27 0 0 0 0 0 2 0 0 0 0 0 0 0 17 0 0 0 0 0 8 0 0 0 0 0 0 0 0 0 0 0 0 0 0 0 0 0 0 0 0 0 0 0 0 0 0 0 0 0 0 0 0 2 0 0 0 0 0 0 0 0 0 0 47 24 0 0 15 18 10 14 1 21 11 0 11 12 21 49 2 17 1 0 0 0 0 0 11 2 0 2 0 0 8 11 0 0 2 0 18 12 0 0 0 0 0 0 0 0 0 0 0 1 0 0 0 0 0 0 0 0 0 0 0 81 0 0 1 0 0 0 0 0 0 0 0 0 0 0 0 0 0 14 0 0 0 1 2 3 90 3 2 4 17 2 0 0 0 0 0 0 0 0 11 0 0 0 0 0 0 0 1 0 0 0 0 0 23 0 0 0 0 0 0 0 0 0 0 0 0 0 
 62 463 50 273 64 61 138 62 76 51 38 28 65 165 144 56 40 252 0 175 0 0 2 3 1 3 0 3 0 1 3 0 0 3 0 0 0 2 0 0 0 0 1 0 0 0 0 0 0 0 0 0 0 3 0 3 0 3 0 0 2 0 0 0 0 0 0 0 2 3 0 0 0 3 0 0 0 0 0 0 34 0 15 0 0 0 0 19 26 2 0 0 21 0 0 1 0 0 10 60 0 0 0 0 0 0 2 0 0 0 0 0 0 0 0 0 0 0 0 0 0 0 0 0 0 0 0 1 0 0 0 0 0 0 0 0 0 0 0 0 0 0 0 0 0 0 0 0 0 0 0 0 0 0 0 0 0 2 0 0 1 17 18 0 0 0 2 0 10 0 0 0 0 0 13 13 0 1 27 0 0 2 0 0 0 0 0 0 0 0 0 0 0 0 0 0 0 0 0 0 0 0 0 0 0 0 0 0 0 0 0 0 0 0 0 0 0 0 0 4 0 0 0 0 0 0 0 0 2 0 0 0 0 0 0 2 0 0 0 0 0 0 0 0 0 2 0 2 0 0 1 2 0 0 0 0 0 0 0 0 0 0 0 0 0 0 0 0 0 0 0 0 0 10 0 0 0 0 0 0 0 0 0 0 0 0 0 0 0 0 
 199 149 47 73 66 64 249 141 148 177 66 20 64 325 123 51 125 128 175 0 0 1 1 137 1 21 41 4 0 1 3 26 0 3 0 2 0 2 0 82 0 0 0 0 0 0 0 0 0 0 0 0 3 3 0 3 0 3 0 1 2 0 0 0 0 0 0 0 2 2 1 0 0 3 0 0 4 0 0 0 24 0 12 0 0 0 56 34 28 0 0 9 11 6 15 15 0 33 30 22 2 0 0 0 0 0 2 0 0 0 0 0 0 0 1 0 0 0 0 0 22 0 0 0 0 0 0 0 20 15 0 0 0 0 0 0 0 0 0 0 0 0 0 0 0 0 0 0 0 0 0 13 0 0 0 4 0 2 0 0 9 27 14 11 0 2 64 51 0 7 0 0 28 0 43 51 0 0 18 27 0 0 0 0 0 0 0 0 0 0 0 0 0 0 0 0 0 0 0 0 0 0 0 0 0 0 1 0 0 0 0 0 0 0 0 0 0 0 2 0 0 0 0 0 0 0 0 0 2 0 0 0 0 1 0 2 0 0 0 0 0 0 0 0 0 1 0 0 2 0 0 7 0 0 0 0 0 0 0 0 0 0 0 0 0 0 0 0 0 0 0 0 0 0 0 0 0 19 0 0 0 0 0 0 0 0 0 0 0 0 
 0 0 2 79 1 2 0 3 5 0 33 0 0 2 2 82 0 1 0 0 0 174 580 71 44 135 131 38 202 79 27 124 126 56 50 57 115 53 133 132 3 0 0 3 0 0 0 0 0 0 0 0 0 0 0 0 3 0 61 3 0 0 2 0 1 0 0 2 0 0 15 0 0 0 0 3 0 0 0 0 0 0 0 10 0 0 0 0 0 0 0 0 0 0 0 0 0 0 0 0 19 25 7 20 36 8 13 49 31 24 22 12 0 54 76 2 0 33 0 17 0 0 0 0 0 0 1 0 0 0 0 0 0 0 0 0 0 0 0 2 0 0 0 0 0 0 0 0 0 0 0 0 0 0 30 2 0 0 0 0 1 0 0 0 0 0 0 0 0 5 52 8 0 0 0 0 0 0 0 0 41 8 0 26 0 11 6 26 9 34 10 9 0 14 0 47 35 23 12 27 0 0 0 2 0 0 0 0 0 5 0 0 17 8 0 0 0 0 21 21 0 20 0 0 0 0 0 0 0 0 0 0 0 2 0 0 0 0 0 0 0 0 0 0 0 0 77 0 0 0 1 0 0 0 24 0 1 84 0 0 11 2 0 0 0 0 13 0 0 17 0 0 0 0 0 0 0 0 0 0 0 9 0 0 0 12 0 0 0 0 
 0 0 1 0 79 75 0 1 0 0 1 0 1 2 0 0 0 1 0 1 174 0 246 82 53 95 226 348 166 55 60 94 143 152 58 131 61 88 172 47 3 0 0 3 0 0 0 0 63 0 0 0 0 0 0 0 2 0 0 3 0 0 2 0 2 0 0 0 0 0 0 0 0 0 0 0 0 0 0 0 0 0 0 0 1 0 0 0 0 0 0 0 0 0 0 0 0 0 0 0 33 24 0 15 1 11 1 12 8 1 0 2 1 14 13 0 1 8 2 28 0 0 0 0 0 0 30 0 0 0 0 1 0 0 0 0 0 0 19 0 0 0 0 0 0 0 0 0 0 0 0 0 0 2 0 0 0 1 0 0 1 0 0 0 12 13 0 0 0 13 0 0 0 0 0 0 0 0 0 0 0 13 5 0 2 0 2 1 21 17 17 1 8 7 22 10 7 5 0 7 0 0 0 0 0 0 0 0 0 0 0 0 0 0 0 0 0 0 0 0 0 0 0 1 0 0 0 0 1 0 0 1 0 0 1 0 0 0 0 0 0 0 14 0 0 0 0 0 0 0 0 0 0 0 20 0 2 0 17 0 1 0 0 0 0 0 0 0 0 0 0 2 0 0 0 0 0 0 0 0 0 11 0 0 0 9 0 0 0 0 
 2 2 3 1 46 4 1 2 3 2 0 1 2 1 2 1 4 2 2 1 580 246 0 123 111 547 129 100 375 280 119 122 90 35 195 418 348 130 57 227 3 0 0 3 0 0 0 0 0 0 206 0 0 0 1 0 2 0 29 3 0 0 2 0 2 0 0 0 0 0 0 0 0 0 0 0 0 0 0 0 0 0 0 2 0 0 0 0 0 0 0 0 0 0 0 0 0 0 0 0 16 0 0 60 0 46 0 13 0 21 20 46 0 0 1 36 17 28 0 7 0 10 0 0 0 0 11 0 0 0 0 0 0 1 0 0 0 0 0 7 0 0 0 0 0 0 0 0 0 0 2 0 0 9 2 0 0 0 0 0 0 0 0 0 0 0 0 0 0 1 0 0 0 0 0 0 0 0 0 0 0 6 33 0 0 0 0 15 2 19 0 21 9 0 23 1 28 26 0 0 0 0 0 0 0 0 1 10 0 0 0 1 0 6 0 0 0 0 62 13 2 0 0 0 0 0 0 0 0 0 0 2 0 2 0 0 0 2 0 0 0 0 0 0 0 0 0 0 0 0 0 0 0 0 19 0 1 149 0 5 0 12 0 0 0 0 0 0 0 0 0 0 0 0 0 0 0 0 0 1 0 0 0 0 0 0 0 0 0 1 
 3 3 4 3 4 3 1 3 3 3 3 5 7 3 4 3 3 3 3 137 71 82 123 0 153 125 103 55 67 179 119 401 69 66 40 111 40 71 73 60 3 0 0 3 0 0 126 64 0 16 0 0 63 63 63 0 3 0 81 23 0 0 2 0 2 0 0 0 0 0 0 0 0 0 0 0 0 0 0 0 1 0 13 0 0 0 0 14 0 0 0 0 0 0 0 0 0 0 0 1 1 10 13 0 26 0 0 9 14 0 0 0 0 0 12 0 17 9 0 0 0 9 0 1 0 0 4 2 47 0 0 0 22 33 0 0 0 22 18 16 0 0 0 0 0 0 0 0 0 0 2 1 0 0 0 0 0 0 8 0 2 0 0 0 0 0 0 0 0 0 0 2 0 0 0 0 0 0 0 0 0 18 0 25 32 0 0 34 1 18 0 0 0 0 0 2 0 39 0 0 47 0 0 16 1 0 38 19 9 0 0 0 22 55 26 3 0 40 16 1 0 0 0 0 0 0 0 0 0 0 0 0 0 0 0 0 2 0 0 0 0 0 0 0 0 0 0 0 0 0 0 0 0 0 9 0 0 37 0 2 4 0 0 0 0 0 0 0 0 0 0 0 0 0 0 0 0 0 0 0 0 0 0 0 2 0 31 0 0 0 
 2 2 1 2 3 5 2 0 0 0 0 20 4 2 1 1 1 0 1 1 44 53 111 153 0 154 252 63 60 184 93 309 119 88 52 162 113 235 44 80 76 2 0 3 0 0 0 71 3 3 3 0 3 1 76 0 4 0 122 24 51 0 2 2 2 0 3 0 1 7 1 1 0 51 1 0 0 27 2 1 0 0 0 0 0 0 0 0 0 0 0 0 0 0 0 0 0 0 0 0 0 0 0 11 14 0 0 0 0 1 33 13 0 0 0 0 19 6 0 0 2 0 0 0 0 0 1 4 0 0 0 0 22 21 0 0 0 21 1 0 0 0 0 0 0 0 1 0 0 0 4 7 0 0 1 0 0 0 2 2 0 0 0 2 0 2 0 0 0 0 0 0 0 0 0 0 0 0 0 0 0 0 0 11 18 20 0 0 0 0 20 10 0 0 0 0 0 0 0 0 15 11 0 0 0 2 38 40 27 4 0 0 48 12 44 27 0 0 4 2 0 0 0 0 0 0 0 0 0 0 0 0 0 0 0 0 0 0 0 0 0 0 0 0 0 0 2 0 0 0 0 0 0 1 7 0 0 40 81 0 3 10 0 0 0 0 0 0 0 0 0 0 0 0 0 0 0 0 0 0 0 0 0 1 5 0 0 0 0 0 
 3 3 3 3 3 3 2 3 3 3 3 35 3 3 3 3 3 3 3 21 135 95 547 125 154 0 31 41 28 115 68 151 38 41 45 303 76 274 42 54 117 61 2 6 0 0 90 128 125 1 0 0 1 274 80 62 4 3 28 62 0 0 2 0 1 0 0 0 11 0 0 0 0 0 0 18 4 0 0 0 0 0 0 0 0 0 16 0 0 0 0 0 0 2 2 0 0 0 0 0 0 0 0 0 1 20 0 0 0 0 3 0 0 0 0 0 0 0 0 0 11 4 2 0 1 0 36 25 31 10 0 0 32 0 32 37 18 22 1 21 0 4 0 0 0 0 0 0 0 1 12 0 0 0 0 0 0 0 6 0 0 0 0 0 0 0 0 0 0 0 0 0 0 0 0 0 0 0 0 0 0 0 0 4 1 57 0 0 0 0 19 12 0 0 0 0 0 0 0 0 35 38 13 49 8 0 32 12 12 26 7 0 49 9 29 1 34 35 10 7 0 2 0 0 0 0 2 0 0 0 0 0 0 0 0 0 0 0 40 0 0 0 0 0 0 0 0 0 0 0 0 0 40 0 19 1 0 6 44 34 2 4 0 0 0 0 0 1 0 0 10 0 0 0 0 0 0 0 0 0 0 0 0 0 13 0 0 0 0 0 
 0 0 26 0 0 48 2 7 79 0 0 0 3 9 0 0 22 0 0 41 131 226 129 103 252 31 0 135 282 287 364 98 101 186 133 50 71 405 90 131 3 0 0 3 0 0 0 0 3 0 0 0 0 0 0 11 2 0 21 5 0 0 2 0 2 0 0 0 0 0 0 0 0 0 0 0 0 0 0 0 0 0 0 11 0 0 0 0 0 0 0 15 0 0 0 0 0 11 0 0 10 28 1 11 15 12 13 10 34 11 0 0 25 24 11 6 2 1 22 0 0 0 0 0 0 0 0 0 0 0 0 0 0 0 0 0 0 0 4 0 1 0 0 0 0 0 0 0 0 0 0 18 0 0 0 0 0 0 0 0 1 0 11 0 16 14 0 0 0 40 0 0 0 0 0 0 0 0 0 0 29 33 13 0 0 0 33 22 10 1 17 14 19 19 24 20 0 34 17 0 0 0 0 0 0 0 0 0 0 0 0 11 1 0 0 0 0 0 0 1 0 0 0 0 0 0 0 0 0 0 0 0 0 0 0 0 0 0 0 0 0 0 20 0 0 0 0 0 75 0 14 0 0 0 0 2 0 24 77 0 18 2 0 0 0 0 0 0 0 0 0 0 0 0 0 0 0 0 0 0 0 42 0 0 0 0 0 0 0 0 
 3 3 3 77 36 3 3 3 3 76 4 7 3 5 3 3 3 4 3 4 38 348 100 55 63 41 135 0 154 48 135 33 371 369 132 152 28 387 86 116 3 0 0 8 2 0 0 0 0 1 0 0 0 0 0 0 2 0 0 3 0 0 2 0 2 0 1 0 53 0 0 0 0 0 0 0 0 0 0 0 0 0 0 8 0 0 0 0 0 0 0 0 0 0 0 0 0 0 0 0 9 0 4 46 9 15 39 15 64 0 40 15 1 22 0 20 0 0 19 18 0 0 0 0 0 0 1 0 0 0 0 0 0 0 0 0 0 0 8 0 0 0 0 0 0 0 0 0 0 0 0 0 0 0 0 0 0 0 0 0 0 0 21 0 16 31 0 0 5 11 0 19 0 0 0 0 0 3 0 0 38 12 70 4 0 0 16 25 5 18 0 49 8 39 26 0 18 9 0 14 0 0 0 0 0 0 0 0 0 0 0 0 0 0 0 0 0 0 0 0 0 0 0 0 0 0 0 0 0 0 0 0 0 0 0 0 0 0 0 0 0 0 6 0 0 0 0 0 0 0 0 0 0 0 0 0 2 0 75 1 2 0 0 0 0 0 0 0 0 0 0 0 0 0 0 0 0 0 0 0 0 10 0 0 0 0 0 0 0 0 
 0 0 0 0 37 1 0 4 0 0 0 0 0 0 2 0 0 2 0 0 202 166 375 67 60 28 282 154 0 357 362 40 170 97 153 317 97 135 73 133 3 0 0 3 6 0 0 4 0 0 0 0 31 64 0 0 2 0 0 3 0 0 2 0 1 0 0 0 4 0 0 0 0 0 0 0 4 0 0 0 0 0 0 0 0 0 0 0 0 0 0 0 0 0 0 0 0 0 0 0 12 0 4 17 3 34 0 0 18 29 0 25 0 10 34 35 4 5 0 0 17 3 0 0 0 0 25 0 0 0 0 0 0 18 2 0 0 0 32 2 0 0 0 0 2 0 0 0 0 0 0 3 0 0 5 0 0 0 0 0 0 0 0 0 0 0 0 0 0 1 0 0 0 0 0 0 0 0 0 0 0 22 28 0 12 9 0 5 31 42 19 1 9 0 10 1 37 15 0 0 0 0 0 1 0 0 46 3 0 0 0 6 0 0 8 0 0 0 0 0 0 0 0 0 0 0 0 0 0 0 0 0 17 1 0 13 0 0 0 0 0 0 12 0 0 0 0 0 0 0 0 0 0 0 6 0 0 80 2 0 0 2 0 0 0 0 0 0 0 0 0 0 0 0 0 0 0 0 0 1 0 42 0 0 0 0 14 0 0 0 
 0 0 0 0 0 0 0 11 1 0 0 0 0 0 0 0 1 0 1 1 79 55 280 179 184 115 287 48 357 0 101 335 108 103 233 422 141 50 77 213 3 0 0 3 0 0 63 0 0 2 0 0 69 0 0 0 2 0 62 3 0 0 2 0 2 0 0 14 0 0 0 0 0 0 0 0 0 0 0 0 0 0 0 0 0 0 0 0 0 0 0 0 0 0 0 0 0 0 0 0 0 0 13 1 30 0 18 10 11 8 0 1 9 11 10 1 2 1 20 0 8 7 0 0 0 0 8 0 11 0 0 0 21 7 0 0 7 0 11 12 0 0 0 0 0 0 0 0 0 0 7 0 0 0 0 0 0 0 8 0 0 0 0 0 0 0 0 0 0 13 0 0 0 1 0 0 0 0 0 0 8 14 1 27 9 0 13 10 9 29 14 1 1 0 0 6 2 22 0 9 8 0 0 11 0 0 0 0 0 0 0 0 12 14 1 11 0 0 0 0 17 0 0 0 0 0 0 0 0 0 0 0 0 0 0 0 0 0 0 0 0 0 0 0 0 0 0 0 0 0 0 0 0 0 4 3 2 3 2 1 10 1 0 0 0 0 11 0 0 0 0 0 0 0 2 0 0 0 0 0 0 0 0 0 2 0 0 0 0 0 
 3 3 3 3 3 3 3 5 3 3 3 4 3 5 3 3 3 3 3 3 27 60 119 119 93 68 364 135 362 101 0 39 106 164 200 98 232 313 254 134 3 0 0 3 0 0 18 0 0 28 0 0 111 68 0 0 2 0 1 4 0 0 2 0 1 0 0 0 0 0 0 0 0 0 4 0 0 0 0 0 0 0 0 0 0 0 0 0 0 0 0 0 0 0 0 0 0 21 0 0 2 45 12 2 13 16 36 0 29 0 12 18 18 22 15 19 13 6 0 26 2 0 0 3 0 0 12 0 8 0 0 0 0 22 0 0 0 0 44 10 0 0 0 0 0 0 0 0 0 0 0 12 0 0 0 0 0 0 0 0 1 0 0 0 0 0 0 0 0 0 0 0 0 0 0 16 0 0 0 0 0 15 2 17 35 13 1 1 49 22 10 1 0 4 10 1 20 20 9 0 23 0 0 0 0 0 24 0 10 0 0 0 0 17 24 13 0 0 12 7 0 0 0 0 0 0 0 0 0 0 0 0 0 0 0 0 0 0 13 0 0 0 14 0 0 0 0 0 0 0 0 0 0 0 15 0 0 1 1 3 4 1 0 0 0 0 1 0 0 0 0 0 0 0 0 0 0 0 0 16 0 35 0 0 0 0 25 0 0 0 
 0 2 0 0 0 0 0 0 0 0 0 34 2 0 0 0 0 2 0 26 124 94 122 401 309 151 98 33 40 335 39 0 29 21 120 125 71 80 27 326 106 61 0 3 0 0 1 110 1 4 0 0 5 0 27 129 2 0 62 66 0 0 2 0 1 0 0 12 0 0 0 0 0 0 0 0 0 3 0 0 0 0 0 0 0 0 0 0 0 0 0 0 0 1 1 0 0 0 0 0 0 0 14 4 3 23 0 0 0 0 15 14 9 7 0 0 1 18 22 0 3 1 0 0 0 0 23 13 12 0 0 0 9 19 2 13 0 8 2 0 0 0 0 0 0 0 0 0 0 2 8 0 0 0 3 0 0 0 0 1 0 0 0 0 0 0 0 0 0 0 0 0 0 0 0 0 14 0 0 0 0 14 0 27 12 30 1 1 0 0 30 28 0 0 0 0 0 0 0 9 3 28 0 0 15 0 45 12 0 15 0 0 9 15 29 11 4 0 12 10 0 1 0 0 0 0 0 0 0 0 0 0 0 0 0 0 0 0 0 0 0 0 0 0 0 0 0 0 0 0 0 0 0 2 15 4 0 73 47 2 4 11 0 0 0 0 11 0 0 0 0 0 0 0 0 0 0 0 0 0 0 1 0 2 38 0 0 0 0 0 
 2 0 0 1 34 0 0 0 0 0 75 2 0 0 0 1 0 0 0 0 126 143 90 69 119 38 101 371 170 108 106 29 0 70 225 182 47 340 268 309 3 2 0 3 0 0 0 0 0 0 0 7 0 0 0 25 2 0 0 3 0 0 2 0 2 0 0 4 0 7 0 0 0 0 0 0 0 0 0 0 0 0 0 0 1 9 0 0 0 0 0 0 0 0 0 0 0 0 1 0 35 7 21 9 0 0 16 0 28 1 15 15 22 37 3 27 4 0 31 8 0 0 0 0 6 0 0 1 0 0 0 0 0 0 0 0 19 0 0 1 0 0 0 0 0 0 0 0 0 0 0 4 0 0 0 0 0 2 0 0 2 0 0 0 32 0 13 0 0 1 11 21 0 0 0 0 0 0 0 0 10 23 47 21 16 0 1 12 19 19 2 11 11 0 17 12 28 6 31 9 0 0 0 0 0 0 19 0 0 0 0 0 1 1 1 0 2 2 0 1 0 0 0 0 0 0 0 0 0 0 0 0 0 0 0 0 0 0 0 0 0 0 0 0 0 0 22 0 0 0 0 0 0 0 11 0 0 0 0 2 0 0 0 0 0 0 13 0 0 0 0 0 0 0 0 0 0 0 0 0 0 0 0 0 0 0 0 0 0 0 
 3 3 3 3 3 3 3 3 3 3 4 3 3 3 3 3 3 3 3 3 56 152 35 66 88 41 186 369 97 103 164 21 70 0 70 77 44 339 166 73 3 0 0 3 0 0 0 0 0 0 0 0 0 0 0 0 2 204 0 3 0 0 2 0 2 0 0 0 49 50 0 0 0 0 0 0 0 0 0 0 11 0 0 9 0 9 0 0 0 0 0 0 0 0 0 0 0 0 0 0 22 18 0 1 0 2 27 44 43 11 0 0 14 59 35 8 0 17 0 20 0 0 0 0 0 0 21 0 0 0 0 0 0 0 0 0 0 0 9 0 0 0 0 0 0 0 0 0 0 0 0 6 0 0 0 0 0 0 0 0 1 0 0 0 0 0 0 0 0 5 0 0 0 0 0 0 0 0 0 0 34 24 38 0 15 0 4 10 31 1 30 6 0 10 14 46 9 30 12 21 0 0 0 0 0 0 0 0 0 0 0 0 0 0 0 0 0 0 0 0 0 0 0 0 0 0 0 0 0 0 0 0 0 0 0 0 0 0 0 0 0 0 18 0 0 0 0 0 0 0 0 0 0 0 3 1 0 0 40 0 13 0 0 0 0 0 0 0 0 0 0 0 0 0 0 0 0 0 0 0 0 0 0 0 0 11 0 0 0 0 
 0 0 0 0 74 0 26 0 0 1 0 2 0 2 0 2 0 1 0 0 50 58 195 40 52 45 133 132 153 233 200 120 225 70 0 269 136 323 233 154 66 0 0 3 0 0 0 2 8 0 0 2 0 0 0 0 3 0 0 3 0 0 2 51 0 0 0 1 0 0 0 0 0 0 0 0 0 0 0 0 0 0 0 0 23 19 0 0 0 0 0 0 0 0 0 1 0 0 0 0 26 39 31 14 2 0 38 19 12 21 1 46 27 35 1 50 11 0 19 27 0 0 0 2 0 2 11 0 0 7 0 0 0 0 0 0 32 0 1 9 0 0 0 0 0 0 0 0 0 0 0 5 0 0 1 0 0 0 0 0 0 0 0 25 0 13 0 0 0 0 0 0 0 0 0 0 1 0 0 0 0 3 28 18 12 0 34 12 47 0 9 9 54 0 39 13 22 24 13 1 0 1 0 0 0 0 0 0 0 0 0 0 0 0 0 0 0 0 0 0 0 0 0 0 0 0 0 0 0 2 0 0 1 14 0 0 0 0 0 0 0 0 1 0 0 0 0 0 0 0 0 0 0 0 16 2 0 0 1 2 9 0 0 0 0 0 0 0 0 0 0 0 0 0 0 0 0 0 0 15 0 0 0 0 0 0 0 12 0 0 
 0 0 0 0 16 0 0 3 0 0 0 0 2 2 0 0 2 0 0 2 57 131 418 111 162 303 50 152 317 422 98 125 182 77 269 0 97 159 141 53 3 0 0 3 0 0 3 0 19 0 0 0 12 69 0 0 2 0 0 3 0 0 2 0 1 1 0 0 3 50 0 0 0 0 0 0 0 0 0 0 0 0 0 0 23 0 0 0 0 0 0 0 0 0 0 0 0 0 0 0 13 12 9 46 13 11 11 26 24 31 19 25 6 0 1 55 36 19 19 0 0 4 0 0 0 0 9 0 1 0 0 0 10 25 0 0 0 18 14 10 0 0 0 0 0 0 0 0 0 0 4 15 0 0 0 0 0 0 0 0 0 0 0 0 0 19 0 0 0 0 0 0 0 0 0 0 0 0 0 0 0 9 40 36 2 0 18 0 17 12 11 12 36 16 30 0 16 0 0 0 21 0 0 12 0 0 24 5 0 0 0 0 6 69 9 0 0 0 0 0 0 0 0 0 0 0 0 0 0 0 0 0 0 0 0 0 0 0 0 0 0 0 2 0 0 0 0 0 0 0 0 0 0 0 4 0 1 1 0 0 0 16 0 0 0 0 0 0 0 0 0 11 0 0 0 0 0 0 0 0 0 0 0 0 0 0 14 0 0 0 
 2 0 2 1 3 2 3 0 2 0 0 31 0 74 33 77 2 0 0 0 115 61 348 40 113 76 71 28 97 141 232 71 47 44 136 97 0 102 82 97 3 0 6 3 0 0 0 0 2 0 0 6 92 65 0 4 3 4 0 3 0 0 2 0 0 0 0 0 0 0 1 5 0 0 0 0 0 0 0 0 0 0 9 1 0 0 0 0 0 0 0 0 0 0 0 0 0 0 0 0 1 24 11 10 18 17 7 14 0 21 14 11 13 0 16 24 8 4 0 0 14 13 0 0 0 0 25 0 0 0 0 0 0 30 0 0 0 0 29 13 0 0 0 0 0 0 1 0 0 0 0 2 0 0 2 0 0 0 0 0 8 0 0 0 0 13 0 0 0 0 0 0 0 0 0 0 0 0 0 0 0 7 46 33 10 27 11 12 12 26 10 22 0 34 14 2 27 10 0 0 13 0 0 0 0 0 41 2 12 0 0 1 0 0 8 0 0 0 1 15 0 0 0 0 0 0 0 0 0 0 0 2 0 0 0 0 1 2 0 0 0 0 1 0 0 0 1 0 0 0 0 0 0 0 10 2 0 75 0 0 0 0 0 0 0 0 0 0 0 0 0 0 0 0 0 0 0 0 0 0 0 11 0 0 0 0 14 0 0 0 
 4 2 2 4 2 2 3 4 2 2 2 4 2 2 2 2 3 2 2 2 53 88 130 71 235 274 405 387 135 50 313 80 340 339 323 159 102 0 32 260 3 0 0 6 0 0 42 0 0 0 0 0 0 269 0 0 2 208 0 3 0 0 2 0 2 0 0 1 0 0 2 0 0 0 4 0 0 1 0 0 0 2 0 0 0 0 0 0 0 0 0 0 0 0 0 8 0 0 0 0 4 12 28 3 11 23 18 19 70 13 56 7 11 17 71 22 53 12 13 19 0 11 0 0 0 0 21 0 1 0 2 0 0 13 0 0 1 0 19 40 0 0 0 0 0 0 0 0 0 0 0 8 0 0 0 0 0 0 0 0 5 0 0 0 0 0 0 0 0 0 0 0 0 2 0 0 0 0 0 0 0 48 28 25 22 9 0 35 23 0 15 24 0 1 0 2 21 37 10 1 0 0 14 0 0 0 17 11 0 0 0 0 0 26 7 0 0 0 29 13 0 0 0 0 0 0 0 0 0 0 1 11 0 0 0 0 0 0 2 0 0 0 18 0 0 0 0 0 0 0 0 0 0 0 2 0 0 2 38 1 3 1 0 0 0 0 1 0 0 0 0 0 0 0 0 0 0 0 0 0 0 2 0 0 0 0 11 0 0 0 
 73 0 74 78 1 1 0 0 73 74 81 1 73 33 0 0 74 73 0 0 133 172 57 73 44 42 90 86 73 77 254 27 268 166 233 141 82 32 0 168 3 73 0 3 0 0 0 71 6 0 0 0 0 0 0 0 2 0 0 3 0 0 2 0 2 0 0 49 0 0 0 0 0 0 0 0 0 0 0 0 0 0 0 18 0 0 0 0 0 0 30 0 0 0 0 0 0 12 0 0 18 23 10 9 10 0 9 39 1 0 0 0 69 9 1 2 0 31 33 23 0 0 0 0 0 0 1 0 0 0 0 0 0 0 0 0 13 0 0 0 0 0 0 0 0 0 0 0 0 0 0 0 0 0 27 0 0 0 0 22 0 0 0 5 12 34 0 12 0 0 0 8 0 0 0 0 0 0 0 0 16 17 14 11 0 0 32 0 0 0 6 15 8 39 35 11 14 8 12 76 0 0 0 0 0 0 0 0 0 0 0 0 0 0 0 0 0 0 0 0 0 0 0 0 0 0 0 0 0 0 0 0 0 0 0 0 0 0 0 0 0 0 1 0 0 0 0 0 0 0 0 0 0 0 12 0 0 0 0 2 0 0 0 0 0 0 0 0 0 0 0 0 0 0 0 0 0 0 0 0 0 0 0 0 0 9 0 0 0 0 
 1 0 0 0 0 0 0 2 0 0 79 0 0 0 0 2 0 0 0 82 132 47 227 60 80 54 131 116 133 213 134 326 309 73 154 53 97 260 168 0 3 0 0 3 0 0 0 0 0 0 0 10 0 0 0 0 2 0 0 3 0 0 2 0 2 0 0 2 0 0 0 0 0 0 0 0 0 0 51 0 0 0 0 0 3 0 0 0 0 9 0 0 0 0 0 0 0 0 0 0 38 28 37 0 7 0 26 10 50 10 1 22 18 12 21 10 0 1 41 0 0 0 0 0 0 0 0 0 0 0 0 0 0 0 0 0 0 0 0 8 0 0 0 0 0 0 0 0 0 0 0 4 0 2 0 0 0 0 0 0 1 0 0 0 15 0 0 1 0 11 17 19 0 0 0 0 0 0 0 0 20 14 8 7 24 11 11 41 1 14 29 21 9 0 34 28 8 21 11 1 0 0 0 0 0 0 0 0 0 9 0 0 0 0 0 0 0 0 1 0 0 0 0 0 0 0 0 0 9 0 0 0 0 0 0 0 0 0 0 0 0 0 0 0 0 0 30 0 0 0 0 0 0 0 8 0 0 2 0 0 9 0 0 0 0 0 4 0 0 0 0 2 0 0 0 0 0 0 0 11 0 10 0 0 0 0 0 0 0 0 
 0 0 0 0 0 0 5 0 0 0 0 22 0 0 0 0 0 0 0 0 3 3 3 3 76 117 3 3 3 3 3 106 3 3 66 3 3 3 3 3 0 157 142 58 279 33 204 339 214 59 182 22 47 202 109 76 97 58 120 103 2 0 7 0 0 0 0 0 7 0 3 0 0 2 58 6 0 0 0 8 0 0 0 0 0 6 7 0 0 0 0 0 0 0 0 0 0 0 0 0 0 0 0 23 0 31 0 0 0 0 0 18 0 0 0 0 0 0 0 0 0 0 13 0 0 0 12 21 13 0 1 0 34 0 1 54 32 19 0 0 4 0 6 1 2 10 0 0 2 0 0 0 0 0 0 0 0 3 0 9 0 0 0 8 0 0 0 0 0 0 0 0 0 0 0 10 0 0 0 0 0 0 0 0 0 18 0 0 0 0 6 11 0 0 0 0 0 0 0 0 0 58 39 34 16 0 26 38 1 13 0 0 6 7 10 0 30 41 0 0 0 0 7 0 0 2 0 0 0 0 2 7 0 0 0 0 0 0 21 0 0 0 0 0 0 0 0 0 0 0 0 2 0 0 0 0 0 0 55 0 0 0 3 0 0 3 2 66 0 0 2 0 0 0 0 0 0 0 0 0 0 0 0 0 2 18 0 0 0 14 
 0 0 0 59 0 0 0 0 0 0 0 0 0 0 0 0 0 0 0 0 0 0 0 0 2 61 0 0 0 0 0 61 2 0 0 0 0 0 73 0 157 0 508 301 23 30 136 258 570 164 160 36 162 119 121 43 371 88 41 52 0 206 0 0 60 0 0 0 0 0 0 0 0 0 0 6 0 0 23 0 0 0 0 0 0 0 8 0 0 0 0 0 0 0 0 0 0 0 0 0 0 0 0 7 10 22 0 0 0 0 0 0 0 0 0 0 0 0 0 0 3 16 1 18 13 0 6 9 0 19 31 4 0 22 7 18 7 19 10 0 5 1 0 0 0 0 0 0 0 0 0 0 0 0 6 0 0 0 21 0 0 0 0 0 0 0 0 0 0 0 0 3 0 0 0 2 0 4 0 0 0 0 0 0 0 2 0 0 0 0 10 0 0 0 0 0 0 0 0 0 24 12 56 0 0 8 0 0 21 0 8 0 19 8 4 0 35 5 1 22 0 0 0 0 0 0 0 0 0 0 0 0 21 0 0 0 0 0 20 38 0 0 14 0 0 0 0 0 0 0 0 2 0 1 0 2 0 0 63 0 0 0 29 1 2 0 0 66 0 0 1 2 0 0 0 0 0 0 0 0 0 0 0 0 0 1 0 0 0 0 
 1 1 0 1 1 1 8 1 2 0 0 2 0 0 1 1 0 0 1 0 0 0 0 0 0 2 0 0 0 0 0 0 0 0 0 0 6 0 0 0 142 508 0 80 85 102 280 428 167 142 212 262 93 64 198 48 209 163 63 121 0 0 0 0 0 0 0 0 12 0 0 0 0 0 0 11 2 0 6 0 0 0 0 0 0 0 0 0 0 0 0 0 0 0 0 0 0 0 0 0 0 0 0 0 0 0 0 0 0 0 0 0 4 0 0 0 0 0 0 0 18 20 19 20 31 45 1 1 2 40 37 34 9 22 26 1 58 7 0 19 0 1 0 0 0 19 1 0 0 4 0 0 16 0 0 0 0 0 26 4 0 0 0 0 0 0 0 0 0 0 0 0 0 0 7 0 1 0 0 0 0 0 0 0 0 18 1 0 0 0 0 0 0 12 0 0 0 0 0 0 16 13 17 0 0 20 13 24 4 0 9 4 0 0 2 9 0 8 0 10 0 0 0 0 0 0 0 0 0 0 0 0 40 0 0 0 0 0 22 11 0 0 8 0 0 0 0 0 0 0 0 0 0 2 0 0 0 0 0 1 0 0 65 0 6 2 0 81 2 0 0 0 0 0 0 0 0 0 0 0 0 0 13 0 0 0 0 13 0 0 
 0 0 0 1 0 0 0 5 0 0 0 0 60 0 0 0 0 0 0 0 3 3 3 3 3 6 3 8 3 3 3 3 3 3 3 3 3 6 3 3 58 301 80 0 124 81 110 301 89 167 59 218 68 95 87 100 93 102 45 84 0 3 2 0 0 0 67 0 0 0 11 0 21 54 0 1 4 32 31 137 0 0 0 0 10 0 0 0 0 0 0 0 0 0 0 0 0 0 2 0 0 0 0 0 0 0 0 0 0 0 0 0 0 0 0 0 0 0 0 0 0 4 0 0 15 28 0 10 0 0 30 32 0 0 13 10 12 18 0 0 0 0 0 0 6 0 17 5 0 0 0 0 0 22 10 14 0 0 21 16 0 0 0 0 0 0 7 0 0 0 2 0 0 0 1 0 3 0 0 8 0 0 0 0 0 0 0 0 0 0 0 0 0 0 0 4 0 0 0 0 0 0 0 9 52 15 0 10 0 0 0 33 0 0 0 21 0 0 0 0 1 18 0 0 0 0 11 43 0 0 0 0 25 20 34 0 6 0 14 20 1 0 0 0 0 0 0 0 0 0 0 1 0 0 0 0 0 0 0 3 0 12 0 0 0 9 0 0 0 0 0 0 0 0 0 0 0 0 0 0 0 0 0 0 13 4 0 0 0 0 
 0 0 0 0 0 0 0 0 0 0 63 0 0 3 3 0 0 0 0 0 0 0 0 0 0 0 0 2 6 0 0 0 0 0 0 0 0 0 0 0 279 23 85 124 0 132 75 302 196 71 150 291 94 75 152 157 108 27 72 77 0 2 0 4 0 0 20 4 0 0 103 0 0 0 1 0 52 2 0 73 0 0 0 0 0 0 0 0 0 0 0 0 0 0 0 0 0 0 0 0 0 0 0 0 0 0 0 0 0 0 0 0 0 47 0 0 0 0 0 0 0 0 27 8 55 0 0 0 8 8 3 1 0 19 6 0 8 0 20 0 0 0 0 16 24 0 21 12 0 7 23 1 20 26 18 14 1 0 15 33 0 0 0 0 0 0 22 0 0 0 0 6 0 0 0 0 0 0 0 0 0 0 0 0 0 0 0 0 0 0 0 0 0 0 0 0 0 0 0 0 40 8 26 23 27 15 0 0 0 37 27 6 0 0 0 1 0 12 0 0 2 26 1 20 4 0 34 19 3 4 1 0 1 6 0 7 0 0 9 23 0 0 0 0 0 0 0 0 0 0 0 8 0 0 0 0 0 0 0 15 0 0 0 2 38 3 0 0 0 0 0 0 0 0 0 0 0 0 0 0 0 0 0 0 14 0 0 7 2 0 
 0 1 0 0 0 0 0 2 0 0 0 0 0 0 2 0 0 0 0 0 0 0 0 0 0 0 0 0 0 0 0 0 0 0 0 0 0 0 0 0 33 30 102 81 132 0 79 57 273 55 58 122 238 52 34 64 61 50 68 59 0 60 0 53 0 0 50 0 113 21 2 6 74 51 91 55 1 7 68 0 0 0 0 0 0 0 0 0 0 0 0 0 0 0 15 0 0 0 0 0 0 0 0 0 0 0 0 0 0 0 0 0 0 0 0 0 0 0 0 0 0 0 0 0 0 13 0 0 0 0 0 14 0 0 0 0 0 0 0 0 7 0 21 10 22 0 41 20 17 0 22 0 0 21 17 37 12 12 14 0 0 0 0 0 0 0 0 0 0 0 0 0 0 0 0 0 0 0 0 0 0 0 0 4 0 0 0 0 0 0 0 0 0 0 0 0 0 0 0 0 0 0 0 0 13 15 0 0 0 0 0 23 0 0 0 0 0 0 0 0 33 11 16 0 4 0 19 29 24 17 0 0 3 27 0 37 0 3 10 34 21 0 0 0 0 0 0 0 0 0 0 15 0 0 0 0 0 0 0 5 0 0 0 0 0 5 0 0 2 0 0 0 0 0 0 0 0 0 0 0 0 0 0 0 0 0 0 0 0 0 
 4 0 0 0 0 4 0 2 0 0 0 0 2 0 0 0 0 3 0 0 0 0 0 126 0 90 0 0 0 63 18 1 0 0 0 3 0 42 0 0 204 136 280 110 75 79 0 302 77 81 112 38 80 271 45 111 98 38 58 64 0 0 0 0 0 0 0 0 0 3 1 1 0 0 0 0 0 0 0 0 0 0 0 0 0 0 0 0 0 0 0 0 0 0 0 0 0 0 0 0 0 0 0 0 18 11 0 0 0 0 0 0 0 0 0 0 0 0 0 0 0 2 0 0 0 0 8 24 32 1 0 0 12 10 17 13 10 14 10 35 0 4 0 0 0 0 0 0 0 0 0 0 0 0 0 0 0 0 7 14 0 2 0 0 0 0 0 0 0 0 0 0 0 0 4 0 6 0 0 0 0 0 0 3 5 12 0 0 0 0 0 0 0 0 0 0 0 0 0 0 39 0 8 19 57 0 11 20 24 11 19 0 9 9 6 20 10 30 15 0 0 0 0 2 0 0 0 0 0 0 0 0 0 0 0 0 0 0 0 0 0 0 0 0 0 0 0 0 0 0 0 5 0 1 1 0 0 0 0 0 0 0 0 0 2 20 0 0 0 0 10 0 0 0 0 0 0 0 0 0 0 0 0 0 1 0 13 0 1 0 
 0 0 0 0 0 29 0 0 1 0 0 2 3 65 0 0 0 3 0 0 0 0 0 64 71 128 0 0 4 0 0 110 0 0 2 0 0 0 71 0 339 258 428 301 302 57 302 0 101 48 76 42 123 107 157 120 33 43 82 122 0 0 0 0 0 0 0 101 65 0 0 0 0 0 0 14 0 0 8 0 0 0 0 0 0 0 0 0 0 0 0 0 0 0 0 0 0 0 0 0 0 0 0 0 75 26 0 0 0 3 0 0 0 0 1 0 0 0 0 0 23 9 0 2 0 0 21 33 15 20 58 8 27 1 14 12 11 49 1 0 0 0 0 0 0 2 0 0 0 0 0 0 0 0 0 0 0 0 1 5 0 0 0 0 0 0 0 0 0 0 0 0 0 0 0 0 0 0 0 0 0 0 0 0 15 9 0 8 0 8 15 3 0 0 0 0 0 0 0 0 25 44 29 0 34 0 32 20 0 20 0 0 13 0 22 0 12 0 17 27 0 0 0 0 0 16 0 0 0 0 0 0 20 0 0 0 0 0 30 0 0 0 15 0 0 0 0 0 0 0 0 7 0 2 0 0 0 62 70 2 0 0 65 0 2 4 1 17 0 0 0 0 0 0 0 0 0 0 0 0 0 0 0 0 17 0 0 0 0 0 
 0 0 2 0 0 2 0 5 0 0 0 0 0 7 0 0 0 1 0 0 0 63 0 0 3 125 3 0 0 0 0 1 0 0 8 19 2 0 6 0 214 570 167 89 196 273 77 101 0 72 45 268 86 107 387 169 107 137 211 154 0 0 0 0 0 0 2 1 0 2 0 0 4 0 51 0 0 4 2 7 0 0 0 0 6 0 13 0 0 0 0 0 0 0 0 0 0 0 0 0 0 5 0 9 18 20 15 9 0 0 0 0 6 0 0 41 10 0 1 0 0 11 27 8 0 0 0 0 19 14 7 10 26 3 23 12 2 2 1 11 0 0 0 12 5 0 12 0 0 0 0 0 0 0 0 0 0 0 0 0 0 0 0 0 0 26 0 0 0 10 0 0 0 0 38 0 0 0 0 0 22 0 8 12 0 14 7 0 0 0 0 4 0 6 4 0 0 0 0 0 4 1 17 17 20 12 0 0 36 35 0 14 21 4 0 9 71 38 0 0 0 0 0 0 0 0 17 0 0 0 0 0 0 0 0 0 0 0 0 0 0 0 1 0 0 2 0 0 0 0 0 7 2 1 0 0 0 0 0 1 0 0 0 0 0 4 0 0 0 0 0 0 0 0 2 0 0 0 0 0 0 4 0 0 0 0 0 0 0 0 
 0 0 0 0 0 0 0 0 0 0 0 0 0 64 1 0 0 0 0 0 0 0 0 16 3 1 0 1 0 2 28 4 0 0 0 0 0 0 0 0 59 164 142 167 71 55 81 48 72 0 156 150 60 132 265 404 89 60 86 212 0 0 0 0 0 0 52 0 0 0 0 0 0 17 0 0 0 0 74 45 0 0 0 0 0 0 0 0 0 0 0 0 0 0 0 0 0 0 0 0 0 0 0 0 0 0 0 0 0 0 1 0 0 0 0 0 0 0 0 0 9 1 0 43 27 2 0 18 1 19 13 20 0 33 1 0 10 32 14 1 4 0 0 0 0 0 14 1 11 0 0 0 0 1 0 9 6 7 10 24 0 0 0 0 0 0 0 0 0 0 0 0 0 0 2 0 2 0 0 0 0 0 0 0 0 1 0 0 0 0 1 0 0 0 0 0 1 0 0 0 0 2 24 2 6 0 1 11 10 12 31 2 0 0 14 13 0 0 0 35 0 0 0 0 0 0 0 0 0 0 0 3 40 0 10 0 20 0 0 23 0 0 14 0 0 0 0 0 0 0 0 4 0 0 0 0 0 0 0 14 0 0 66 0 0 8 0 1 0 0 0 0 0 7 0 0 0 0 0 0 0 0 0 0 0 0 0 0 1 0 
 0 0 0 0 0 0 0 0 0 0 0 0 0 0 3 0 0 0 0 0 0 0 206 0 3 0 0 0 0 0 0 0 0 0 0 0 0 0 0 0 182 160 212 59 150 58 112 76 45 156 0 57 52 268 133 186 156 108 41 80 9 0 1 0 0 0 0 0 10 0 7 0 0 14 0 14 26 0 19 0 0 0 0 0 0 0 0 0 0 0 0 0 0 0 0 0 0 0 0 0 0 0 0 0 0 0 0 0 0 0 0 0 0 0 0 0 0 0 0 0 17 0 20 9 11 0 19 36 0 37 20 8 11 15 7 0 28 12 0 0 0 0 1 0 0 20 0 0 26 0 0 0 13 0 0 0 0 0 0 38 0 0 0 0 0 1 0 0 0 0 0 0 0 0 1 0 4 0 0 0 0 0 0 0 0 0 0 0 0 0 0 0 0 0 0 0 0 0 0 0 36 52 21 0 28 9 13 12 0 0 8 0 0 0 0 8 0 5 0 18 0 0 21 0 0 8 0 0 0 0 0 13 59 0 0 0 3 8 22 0 0 0 15 0 0 0 0 0 0 0 0 2 0 0 0 0 0 0 0 10 0 0 66 0 39 10 3 6 0 0 11 0 0 0 0 0 0 0 0 0 0 0 0 0 0 0 0 6 2 0 
 0 0 0 0 0 0 10 0 1 0 9 1 0 0 0 1 0 0 0 0 0 0 0 0 0 0 0 0 0 0 0 0 7 0 2 0 6 0 0 10 22 36 262 218 291 122 38 42 268 150 57 0 40 58 237 56 67 127 35 54 0 3 0 0 0 0 1 0 0 0 18 0 56 51 0 0 0 33 29 108 0 0 0 0 13 0 0 0 0 0 0 0 0 0 0 0 0 0 0 0 0 0 6 0 0 0 2 11 0 4 0 10 2 0 0 0 7 0 0 10 10 4 10 0 22 19 0 14 10 0 22 20 0 0 0 0 0 0 0 0 0 0 0 0 6 0 25 32 0 0 4 0 11 43 13 22 2 1 29 34 0 0 0 10 6 2 4 0 0 0 12 6 0 0 0 0 0 0 16 0 0 0 0 0 0 0 0 5 0 0 0 0 4 0 0 0 0 0 4 0 0 0 11 19 32 14 0 0 0 11 21 39 0 0 0 42 0 7 0 16 0 6 0 0 0 0 22 6 0 0 0 0 14 11 9 0 6 0 14 21 0 0 0 0 0 0 22 0 0 0 0 4 0 0 0 0 0 0 0 7 0 0 4 0 2 2 0 0 2 4 0 0 0 0 0 0 0 0 0 0 0 0 0 0 6 0 0 0 0 10 
 0 0 1 0 0 0 2 5 0 1 1 1 1 6 0 0 1 1 0 3 0 0 0 63 3 1 0 0 31 69 111 5 0 0 0 12 92 0 0 0 47 162 93 68 94 238 80 123 86 60 52 40 0 183 209 28 43 22 51 244 0 0 0 0 0 0 0 0 0 47 0 0 0 0 0 0 0 0 0 0 10 0 28 0 0 0 0 0 0 0 0 0 0 10 0 0 0 9 0 0 0 7 10 0 6 0 0 0 0 0 10 0 0 0 0 0 26 6 0 0 31 6 0 33 0 0 33 5 5 19 0 8 0 64 0 0 0 20 63 0 4 0 0 0 0 0 0 0 0 0 0 0 0 0 0 0 0 0 0 0 1 0 0 0 0 0 0 0 0 0 0 0 0 0 0 0 0 0 0 0 0 0 0 12 86 1 0 0 3 27 0 0 0 0 0 0 0 10 0 0 30 7 21 0 0 0 23 14 12 0 19 0 0 18 25 59 0 0 25 33 0 0 0 0 0 0 0 0 0 0 0 0 0 0 0 0 0 0 0 0 0 0 0 0 0 0 0 0 0 0 0 1 0 2 0 0 0 0 0 2 0 0 66 0 0 2 0 0 2 0 0 0 0 0 0 0 0 0 0 0 0 0 0 0 0 0 11 0 0 0 
 3 5 3 3 3 3 2 3 3 3 3 3 3 9 3 3 3 5 3 3 0 0 0 63 1 274 0 0 64 0 68 0 0 0 0 69 65 269 0 0 202 119 64 95 75 52 271 107 107 132 268 58 183 0 87 143 138 101 289 91 0 0 4 0 0 24 0 0 2 0 0 1 2 0 2 0 0 4 0 0 0 0 0 0 0 0 0 0 0 0 0 0 0 0 0 0 0 0 0 0 0 0 0 0 9 29 0 0 0 1 0 9 0 0 0 1 15 0 0 0 0 11 34 1 0 0 0 26 23 0 0 0 0 13 0 40 17 12 24 0 14 11 0 0 0 20 0 0 0 0 0 8 0 0 0 0 0 0 5 60 0 0 0 0 0 0 0 0 0 0 0 0 0 0 1 0 4 0 0 0 0 0 0 0 22 9 0 0 0 0 0 0 1 0 0 0 0 0 0 0 11 20 13 7 33 0 24 50 22 13 0 17 2 2 12 53 46 7 0 0 0 0 0 0 0 0 3 0 0 0 0 0 0 0 0 0 0 0 0 0 0 0 0 0 0 0 0 0 0 0 0 13 0 0 0 0 0 0 0 1 0 0 68 0 0 12 1 0 1 0 0 0 0 0 0 0 0 0 0 0 0 0 0 0 0 17 8 0 1 0 
 0 0 0 0 0 0 0 2 0 0 0 0 0 4 0 0 0 0 0 0 0 0 1 63 76 80 0 0 0 0 0 27 0 0 0 0 0 0 0 0 109 121 198 87 152 34 45 157 387 265 133 237 209 87 0 85 71 153 87 246 0 0 1 2 0 0 0 135 2 0 0 0 0 0 0 0 0 0 2 0 0 0 0 0 0 0 0 0 0 0 0 0 0 0 0 0 0 0 0 0 0 0 0 0 0 12 0 0 0 0 0 0 0 21 0 0 0 0 0 0 15 0 0 38 14 38 20 19 14 24 0 11 17 0 20 0 9 18 7 19 3 0 0 0 0 0 0 0 0 0 0 0 0 0 0 0 0 0 10 0 0 0 0 0 0 0 0 0 0 0 0 0 0 0 7 0 1 0 0 0 0 0 0 0 10 52 0 0 0 0 0 0 0 0 0 0 0 1 0 0 2 8 34 0 10 0 7 33 12 62 9 0 0 0 25 8 0 0 9 20 13 0 0 0 0 0 0 0 0 0 0 0 0 0 0 0 0 0 0 35 0 0 0 0 0 0 0 0 0 0 0 11 0 1 0 0 0 61 0 3 0 0 13 0 0 0 4 0 0 0 0 0 0 0 0 0 0 0 0 0 0 0 0 0 12 15 0 0 0 0 
 7 3 3 3 3 3 5 8 78 3 3 3 3 2 6 9 3 4 3 3 0 0 0 0 0 62 11 0 0 0 0 129 25 0 0 0 4 0 0 0 76 43 48 100 157 64 111 120 169 404 186 56 28 143 85 0 200 139 138 132 0 7 0 0 0 0 4 5 3 0 7 0 0 0 0 4 4 6 6 0 0 0 0 0 0 0 0 0 0 0 0 0 0 0 0 0 0 0 0 0 0 0 0 0 0 0 0 0 0 0 0 0 0 0 0 0 0 0 0 0 0 0 34 0 39 0 21 19 0 0 0 0 10 24 6 44 32 8 0 0 0 0 0 4 0 0 4 8 0 7 7 16 0 0 5 0 2 2 0 8 0 1 0 0 0 0 2 0 0 0 0 0 0 0 4 0 4 0 0 0 0 0 0 0 0 0 0 0 0 0 0 0 0 0 0 0 0 0 0 11 18 18 27 12 13 12 0 18 19 11 1 21 11 16 0 47 28 17 0 0 5 5 1 5 15 0 1 0 9 2 1 0 0 9 0 0 1 0 12 0 0 0 0 0 0 0 0 0 0 0 0 0 0 0 0 0 0 0 0 2 0 0 0 0 1 26 0 62 0 0 0 0 0 0 0 0 0 0 0 0 0 0 0 0 0 0 0 0 2 0 
 0 0 1 0 0 0 0 5 1 2 0 0 0 0 4 0 0 3 0 0 3 2 2 3 4 4 2 2 2 2 2 2 2 2 3 2 3 2 2 2 97 371 209 93 108 61 98 33 107 89 156 67 43 138 71 200 0 536 26 23 0 0 0 0 1 2 0 0 5 0 2 0 48 0 0 8 0 0 12 22 0 0 0 0 0 0 0 0 0 0 0 0 0 0 0 0 1 0 0 0 0 0 18 11 0 1 0 0 0 0 0 0 0 0 0 0 0 0 0 0 0 0 9 0 0 0 12 34 1 0 20 0 12 9 8 9 40 15 0 0 0 0 0 3 0 0 3 1 0 0 0 0 0 0 0 0 0 0 0 7 0 15 0 0 0 0 0 0 0 0 0 0 0 0 11 0 19 0 0 0 0 0 0 0 1 0 0 0 0 0 0 0 0 0 0 0 0 0 0 0 9 69 32 0 15 9 0 19 15 21 0 15 7 7 0 18 31 8 1 1 0 0 0 0 16 0 0 0 0 0 0 0 56 0 0 0 0 0 30 0 0 0 15 0 0 0 0 0 0 0 0 1 0 1 0 1 0 0 2 1 0 0 0 0 0 27 2 4 0 0 0 0 0 0 0 0 0 0 0 0 0 0 0 0 1 0 0 0 0 0 
 3 3 3 3 3 3 2 3 3 3 3 3 3 3 3 3 3 3 3 3 0 0 0 0 0 3 0 0 0 0 0 0 0 204 0 0 4 208 0 0 58 88 163 102 27 50 38 43 137 60 108 127 22 101 153 139 536 0 93 71 0 0 0 0 0 0 0 0 0 0 0 0 0 0 0 0 0 0 54 49 0 0 0 0 0 0 0 0 0 0 0 0 0 0 0 0 0 0 0 0 0 0 0 0 20 0 0 0 0 0 0 0 0 0 0 0 0 0 0 0 3 29 14 29 11 9 0 0 0 22 42 14 3 0 30 45 26 0 0 30 0 0 0 2 3 2 22 0 0 0 0 0 0 12 0 0 0 0 13 10 0 0 0 0 0 0 0 0 0 0 0 0 0 0 8 0 0 0 0 0 0 0 0 0 0 5 0 0 0 0 0 0 0 0 0 0 0 0 0 0 6 0 0 27 0 0 4 12 10 21 10 16 31 10 0 22 36 0 0 2 0 0 0 0 0 0 0 0 0 0 0 0 12 0 0 0 0 0 6 22 0 0 15 0 0 0 0 0 0 0 0 4 0 0 0 0 0 0 0 11 0 0 0 1 0 0 0 4 0 0 0 0 0 0 0 0 0 0 0 0 0 0 0 0 5 0 0 0 1 0 
 0 0 0 0 0 0 63 0 0 0 0 0 0 0 0 0 0 4 0 0 61 0 29 81 122 28 21 0 0 62 1 62 0 0 0 0 0 0 0 0 120 41 63 45 72 68 58 82 211 86 41 35 51 289 87 138 26 93 0 233 0 0 0 26 0 0 0 0 5 0 0 0 0 0 0 1 0 0 0 0 0 0 0 0 0 0 0 0 0 0 0 0 0 0 0 0 0 0 0 0 0 0 0 8 13 6 0 0 0 6 16 17 0 0 0 0 18 9 0 0 22 0 15 11 0 0 38 30 0 36 0 0 19 0 4 30 20 15 9 19 0 0 0 0 14 0 0 0 0 0 2 0 0 0 3 0 0 0 0 0 0 0 10 0 0 0 0 10 0 6 0 0 0 0 4 0 4 0 0 0 0 6 0 0 14 8 12 0 0 0 0 8 0 0 0 0 0 1 0 0 0 15 2 14 0 0 0 11 0 0 0 0 0 0 15 7 49 21 11 9 0 0 0 0 0 0 0 0 0 0 0 0 0 0 0 0 0 0 1 0 0 0 0 0 0 0 0 0 0 0 0 5 0 0 0 0 0 123 0 0 0 21 0 0 0 4 1 1 0 0 0 0 0 0 0 0 0 0 0 0 0 0 0 0 10 0 0 0 0 2 
 0 0 1 0 0 1 2 3 0 1 1 0 1 2 0 0 1 1 0 1 3 3 3 23 24 62 5 3 3 3 4 66 3 3 3 3 3 3 3 3 103 52 121 84 77 59 64 122 154 212 80 54 244 91 246 132 23 71 233 0 0 0 0 0 0 0 0 1 2 0 0 0 0 0 0 0 0 1 0 51 0 0 0 0 0 0 0 0 0 0 0 0 0 0 0 0 0 0 0 0 0 0 0 0 48 0 0 0 0 0 0 0 0 0 0 0 0 0 0 0 0 8 11 33 0 0 9 26 1 18 9 0 46 13 24 8 10 49 27 10 7 3 0 1 9 0 0 0 0 1 0 2 0 0 1 0 2 5 2 11 0 0 0 0 0 0 0 0 0 0 0 0 0 0 4 0 0 0 0 0 0 0 0 0 4 6 0 0 0 0 0 0 0 0 0 0 0 0 0 0 0 10 24 9 0 0 22 22 12 2 21 0 11 0 32 0 38 20 11 36 0 8 6 7 21 1 2 0 4 0 2 0 0 6 0 0 0 0 18 0 0 0 0 0 0 0 0 0 0 0 0 0 0 0 0 0 0 28 0 0 0 0 2 0 0 3 1 2 3 0 8 0 0 0 0 0 0 0 0 0 0 0 0 1 4 0 0 0 0 0 
 2 2 2 2 2 2 0 2 2 2 2 2 2 2 2 2 2 2 2 2 0 0 0 0 51 0 0 0 0 0 0 0 0 0 0 0 0 0 0 0 2 0 0 0 0 0 0 0 0 0 9 0 0 0 0 0 0 0 0 0 0 169 239 112 156 40 57 157 361 24 37 141 63 263 108 86 243 29 66 70 0 0 0 0 0 0 0 0 0 0 0 0 0 0 0 0 0 0 0 0 0 0 0 0 0 0 0 0 0 0 0 0 0 0 0 0 0 0 0 0 0 0 0 0 0 0 10 0 0 0 0 0 0 0 0 0 0 0 0 0 0 8 21 0 4 16 0 0 6 7 9 17 0 0 9 0 1 0 0 0 0 0 0 0 0 0 0 0 0 0 0 0 2 0 0 0 0 0 0 0 0 0 0 0 0 0 0 0 0 0 0 0 0 0 0 0 0 0 0 0 0 0 0 0 0 0 0 0 0 0 0 0 0 0 3 0 0 0 0 0 0 0 0 29 8 4 0 0 18 67 32 14 0 2 0 9 27 17 0 0 0 0 0 0 0 0 0 0 0 0 0 0 0 54 7 0 0 0 0 0 0 0 0 0 0 0 0 0 0 0 10 0 55 6 2 0 0 0 0 0 0 0 0 0 0 0 0 0 0 11 
