 0 96 98 41 46 76 284 65 388 173 76 42 367 185 52 234 44 122 49 328 3 3 3 5 3 2 0 0 3 0 2 0 0 3 2 0 1 0 4 5 0 0 0 0 0 6 4 0 0 3 0 0 0 3 3 0 2 2 0 2 2 0 0 0 0 0 0 3 4 0 2 0 0 50 7 0 0 5 0 2 31 21 0 0 14 0 12 33 2 15 5 0 18 11 37 47 13 0 18 0 0 0 16 0 0 0 0 0 0 0 0 0 9 0 0 0 0 0 0 60 0 0 0 0 0 0 0 0 0 0 0 0 0 0 0 0 0 0 0 0 0 0 0 0 0 0 0 0 0 0 0 0 0 0 11 0 0 0 0 0 11 4 0 27 1 0 12 0 0 27 9 0 0 0 3 46 28 0 16 27 21 0 0 0 0 0 0 0 0 0 0 0 10 0 0 0 0 0 9 0 0 0 0 0 0 0 0 0 0 0 0 0 0 0 0 0 0 0 0 0 0 0 0 0 0 0 0 0 0 0 0 0 0 0 0 0 9 0 0 0 0 0 0 0 0 1 1 0 1 0 0 6 0 0 0 0 0 0 0 0 0 0 10 0 0 0 0 0 0 0 0 0 0 0 0 0 0 0 0 0 0 0 0 0 0 0 0 0 0 0 
 96 0 316 162 365 38 317 198 104 135 303 226 277 202 156 401 251 119 87 102 0 3 0 2 0 2 2 0 0 0 4 0 0 0 2 0 0 0 2 0 0 0 0 0 0 8 0 0 0 3 0 0 2 0 0 3 1 2 0 0 0 0 0 6 3 0 0 0 2 0 0 0 0 3 0 0 1 13 0 0 0 7 17 30 39 18 17 1 13 30 40 1 0 1 47 20 0 25 0 0 20 0 0 0 0 0 11 0 0 0 0 0 1 0 0 0 0 9 20 0 0 0 0 0 0 0 0 0 0 0 0 0 0 0 0 0 0 0 0 0 0 0 0 0 22 0 1 0 0 0 0 0 0 0 0 1 0 0 0 0 23 25 11 1 0 0 11 14 39 0 22 0 0 0 37 0 31 54 12 0 0 0 0 0 0 0 16 1 0 0 0 0 0 0 0 9 0 0 15 0 0 0 0 0 0 0 0 0 0 0 0 0 0 0 0 0 0 0 0 0 0 0 0 0 0 0 0 2 0 0 0 0 0 0 0 0 0 0 0 0 0 0 0 0 0 3 7 0 2 87 0 4 0 0 0 0 0 0 0 0 0 0 0 0 0 0 0 0 0 0 0 0 0 0 0 1 1 1 0 0 0 0 0 0 0 0 0 0 0 0 
 98 316 0 105 111 277 124 137 501 204 262 296 57 370 155 428 61 179 47 123 0 81 1 4 0 2 0 0 0 2 2 0 0 0 0 4 0 0 1 1 0 0 0 1 2 7 0 0 0 3 2 0 0 0 0 2 2 2 0 0 0 0 3 0 2 3 0 0 2 0 0 2 0 3 0 0 1 5 0 0 18 14 2 9 11 14 26 9 34 1 13 1 15 16 14 0 41 0 0 0 0 0 0 0 0 0 0 0 0 0 13 0 13 1 0 0 0 0 0 0 0 0 0 0 0 0 0 11 0 0 0 0 0 0 0 0 0 0 0 0 0 0 0 0 0 0 0 0 0 0 0 0 0 16 3 1 0 0 0 0 0 0 14 31 15 0 0 28 1 1 26 0 32 13 19 15 12 21 2 0 13 0 0 0 2 0 0 0 0 0 0 0 10 1 0 0 0 0 9 1 0 0 0 0 0 0 0 0 0 0 2 0 0 0 0 0 0 0 0 0 0 1 0 0 0 0 0 0 0 0 0 1 0 0 0 0 0 0 0 0 0 0 0 0 0 2 91 2 1 3 14 16 0 0 0 0 0 0 0 0 1 0 0 0 0 0 0 0 0 0 0 0 0 0 0 1 0 0 0 0 0 0 0 0 0 0 0 0 0 0 
 41 162 105 0 90 131 203 160 67 88 174 278 178 398 281 115 61 236 89 73 2 3 0 2 0 2 74 0 0 1 1 0 0 74 18 0 0 0 20 1 0 0 0 2 3 63 6 1 60 3 0 0 2 0 0 0 1 2 0 5 0 0 0 0 0 0 0 0 2 0 0 2 0 3 0 0 0 2 0 0 0 0 0 14 19 0 0 0 21 75 6 0 0 0 0 15 0 10 0 23 9 0 0 0 0 0 6 0 0 7 0 0 0 0 0 0 12 0 7 0 0 0 0 0 0 0 0 0 0 0 2 0 0 0 0 0 0 0 0 0 0 0 0 0 0 0 0 0 0 0 0 0 0 0 0 0 0 0 16 0 0 0 8 14 16 16 0 0 2 8 0 7 0 0 0 0 15 0 0 0 0 0 0 0 0 0 0 0 0 0 0 0 0 0 0 14 0 0 11 8 0 0 0 0 0 0 0 0 0 0 0 0 0 0 0 0 23 0 0 0 0 20 0 0 0 0 0 0 0 0 0 0 0 0 0 0 0 0 0 0 0 0 0 0 0 1 0 2 87 177 1 5 11 0 0 0 0 0 0 0 0 0 0 0 0 0 0 0 0 0 0 0 0 0 2 8 0 0 0 0 0 0 0 0 0 0 0 0 0 0 
 46 365 111 90 0 313 69 87 148 259 153 66 538 167 64 84 51 58 271 403 76 25 0 2 0 2 155 1 0 0 2 0 80 1 0 74 0 0 1 1 0 0 0 0 0 8 0 0 0 3 0 0 2 0 0 0 0 2 1 0 0 0 0 0 0 0 0 0 2 0 0 0 0 3 0 0 1 3 0 0 0 4 0 2 0 26 0 0 0 0 26 26 0 2 30 16 10 0 13 0 1 15 0 0 0 0 0 0 16 0 0 0 3 0 0 1 0 0 0 17 0 0 0 0 0 0 18 1 0 0 0 0 0 0 0 0 0 0 2 0 0 0 6 2 0 0 2 0 0 0 0 0 0 0 0 0 0 0 0 0 0 3 19 10 0 0 0 15 0 9 22 0 0 0 7 1 36 22 6 0 0 0 0 0 0 0 2 7 0 5 0 0 10 15 0 0 0 21 0 0 0 0 0 0 0 0 0 0 0 0 0 17 0 0 0 0 0 0 0 0 0 0 0 0 2 1 0 0 0 0 0 0 0 0 0 0 0 0 0 0 0 0 0 0 0 0 103 0 0 0 0 0 0 0 0 0 0 0 0 0 0 0 0 0 0 0 0 0 0 0 0 0 0 0 0 0 0 0 0 0 0 0 0 0 0 0 0 0 0 0 
 76 38 277 131 313 0 148 165 54 167 123 149 484 82 138 111 165 162 65 268 73 3 81 2 0 2 153 0 23 0 2 0 1 62 76 148 0 0 162 151 0 0 0 0 0 2 0 0 0 3 0 32 0 29 0 0 0 2 0 0 0 0 0 0 0 0 0 0 2 0 0 3 0 3 0 0 1 2 0 42 0 27 19 11 16 31 0 11 14 0 2 10 1 0 0 9 11 8 0 61 0 19 1 0 0 0 0 0 0 0 0 1 27 0 2 9 0 1 11 7 0 0 0 0 0 0 0 22 0 0 0 0 0 0 0 0 0 0 0 0 0 0 0 0 0 0 0 0 0 0 0 0 0 0 7 0 0 0 0 0 2 0 14 31 0 14 0 13 0 8 40 1 0 0 0 0 6 0 0 0 30 2 12 0 0 20 0 7 0 0 10 0 42 49 10 0 13 1 27 10 1 0 0 0 0 0 0 0 0 0 14 0 0 0 0 0 2 0 0 0 0 0 0 1 0 0 0 0 0 0 0 0 0 0 0 0 1 0 0 0 0 0 0 0 2 0 1 0 28 12 0 0 20 0 0 0 0 0 0 0 2 0 0 0 0 0 0 0 0 0 0 0 0 0 0 12 9 0 0 0 0 0 0 0 0 0 0 0 0 0 
 284 317 124 203 69 148 0 182 490 43 60 132 178 60 146 28 54 103 43 310 0 4 0 83 0 2 0 1 0 0 1 0 0 0 0 0 0 0 87 0 0 0 0 0 0 4 3 0 0 5 0 3 2 0 0 0 0 4 2 0 2 3 0 2 2 0 0 2 4 3 0 2 0 3 0 2 0 2 0 0 24 0 6 19 0 0 23 0 80 0 8 0 15 17 23 26 0 0 11 26 0 0 0 0 0 0 0 0 0 0 0 1 23 0 0 1 0 0 0 0 0 0 0 0 0 0 0 0 0 0 0 0 2 16 0 0 0 0 0 0 0 0 0 0 33 0 0 0 0 0 0 0 0 0 0 14 0 0 0 11 31 9 9 24 13 0 23 8 4 7 0 19 24 13 11 29 35 33 6 0 0 1 0 10 0 0 0 0 0 0 2 1 0 0 0 2 0 0 0 7 0 0 0 0 0 0 0 0 13 0 0 0 0 0 0 0 0 0 0 0 0 0 0 0 0 0 0 0 0 0 0 0 0 13 0 0 0 0 0 0 0 14 0 0 0 1 2 1 0 96 10 1 14 0 0 0 0 0 0 0 0 0 15 0 0 0 0 0 0 0 0 0 0 0 0 13 0 1 0 0 0 0 0 0 0 0 0 0 0 0 
 65 198 137 160 87 165 182 0 380 296 141 49 99 176 63 17 132 212 215 207 1 3 0 2 1 2 3 0 2 2 1 2 1 0 0 0 43 0 1 130 0 0 0 0 3 2 0 0 0 3 2 0 4 2 0 0 0 4 2 0 3 1 43 3 0 0 0 0 4 4 0 0 0 2 38 0 5 3 0 0 23 57 9 11 7 0 48 10 21 9 13 0 0 0 31 18 24 11 3 18 0 0 0 0 0 0 16 0 0 0 0 44 6 0 0 2 0 0 8 16 0 0 0 0 0 0 0 0 0 0 0 0 1 0 0 0 0 0 0 0 0 0 0 0 0 0 0 0 0 0 2 0 0 0 10 0 0 0 0 0 9 1 9 11 0 0 11 16 40 10 15 23 10 0 2 15 42 14 0 0 20 16 0 0 2 13 0 0 0 0 1 0 10 0 0 1 0 0 16 6 0 0 0 1 0 0 0 0 0 0 0 0 0 0 0 13 0 0 2 0 0 17 1 0 0 0 0 7 0 0 0 0 0 0 12 0 0 0 0 0 0 11 0 0 0 4 1 0 2 17 0 5 0 0 0 0 0 0 0 0 0 0 11 0 0 0 0 0 0 2 0 0 0 0 0 0 0 0 0 0 0 0 0 0 0 0 0 0 0 0 
 388 104 501 67 148 54 490 380 0 71 446 277 101 382 385 128 319 299 181 298 0 3 0 2 24 2 0 0 0 0 70 1 3 0 0 0 0 0 2 0 0 0 0 0 0 3 0 0 0 3 0 0 2 0 0 0 0 37 0 0 0 0 0 0 0 0 0 0 2 0 0 1 0 2 0 0 2 5 0 2 14 18 8 7 19 0 51 0 65 13 9 0 3 0 44 25 10 30 3 16 0 1 0 0 0 0 0 0 0 2 0 25 11 11 0 0 0 0 7 0 2 0 0 0 0 0 0 0 0 0 0 0 0 0 0 0 0 0 0 0 0 0 0 0 15 0 0 0 0 0 0 0 0 0 0 1 2 0 0 0 39 10 12 5 32 0 19 5 31 1 0 26 41 0 10 25 22 53 15 0 0 0 0 0 0 0 0 0 0 0 0 0 0 0 0 0 0 0 40 43 0 0 1 0 0 0 0 0 0 0 0 2 0 0 0 0 0 0 0 4 0 0 0 0 0 0 0 0 0 0 0 0 0 0 0 0 0 0 0 3 0 11 0 0 0 0 0 0 0 86 2 3 0 0 0 0 0 0 0 0 0 0 9 0 0 0 0 0 0 0 0 0 0 2 0 2 0 1 0 0 0 0 0 0 0 0 0 0 0 0 
 173 135 204 88 259 167 43 296 71 0 293 286 62 230 276 395 102 130 271 94 4 3 4 9 2 14 2 2 6 2 4 1 0 6 7 5 5 0 7 4 1 64 3 5 0 17 4 1 5 8 2 2 1 0 4 1 6 2 0 6 2 6 2 0 0 0 0 0 2 0 3 0 0 3 0 3 5 4 0 2 0 24 65 0 0 13 12 9 2 1 48 0 0 1 22 15 24 23 0 0 0 0 0 0 0 0 0 0 0 0 0 0 24 0 0 2 0 0 7 10 0 0 0 0 0 0 0 0 0 0 0 0 0 0 0 0 0 0 0 0 0 0 1 0 0 0 0 0 0 0 2 0 0 0 7 0 0 0 0 1 15 0 18 11 0 0 0 26 36 8 33 0 0 10 25 0 26 18 0 0 16 0 0 0 0 0 0 4 0 0 0 2 10 15 0 1 0 11 9 0 0 0 0 0 0 0 0 0 0 0 0 0 0 0 0 0 0 0 2 0 0 0 2 0 0 0 0 0 0 0 0 0 0 0 0 0 0 0 0 0 0 0 0 0 0 0 3 2 2 2 0 10 0 0 0 0 0 0 0 2 0 0 0 2 0 0 0 0 0 2 0 1 0 0 0 0 0 0 0 0 0 0 0 0 0 0 0 0 0 0 
 76 303 262 174 153 123 60 141 446 293 0 45 44 342 58 106 183 316 327 245 0 3 0 2 0 2 64 0 88 0 1 0 74 149 0 1 0 0 1 0 0 34 0 0 0 2 0 0 0 3 0 0 2 0 0 0 0 2 0 0 0 0 0 0 0 0 0 0 2 0 0 1 0 3 2 0 0 2 0 0 6 27 18 42 13 11 22 0 7 17 22 0 0 0 37 16 7 11 0 9 0 2 0 0 1 0 54 0 0 0 0 15 12 0 0 0 0 0 26 13 0 0 0 0 0 0 0 0 16 0 0 0 0 0 0 0 0 0 0 2 3 0 0 0 0 3 0 17 0 0 0 0 0 0 0 0 0 0 1 0 10 12 10 12 4 0 0 22 18 7 11 16 1 0 4 6 45 33 0 0 0 0 0 0 0 0 0 10 0 0 0 0 0 16 0 0 0 0 11 6 0 0 0 0 0 0 0 0 0 1 0 0 0 0 0 0 0 1 0 8 0 0 0 0 0 0 0 2 0 0 0 0 0 0 0 0 0 0 0 0 0 0 0 0 0 0 89 0 0 17 0 0 0 0 0 0 0 0 0 0 0 0 0 0 0 0 0 0 0 0 0 0 0 0 0 0 0 0 0 0 0 1 0 0 0 0 0 0 0 0 
 42 226 296 278 66 149 132 49 277 286 45 0 65 469 159 173 65 274 116 263 1 3 0 2 3 5 0 0 0 0 1 3 26 0 0 3 0 2 1 1 0 0 0 0 0 15 0 0 0 3 0 0 2 0 59 79 0 2 2 0 0 0 0 0 0 0 0 0 2 0 0 2 0 2 0 0 2 3 0 0 0 0 0 22 10 19 0 0 2 13 30 0 2 0 1 14 9 28 0 0 12 0 0 0 0 0 0 0 0 0 0 0 11 0 1 0 0 2 22 14 0 0 0 0 0 0 0 13 0 0 0 0 0 0 0 0 0 0 0 0 3 0 0 0 0 3 0 0 0 0 0 0 0 0 1 0 0 0 0 0 0 0 45 43 22 8 0 17 10 57 30 0 0 0 27 28 1 21 0 0 0 0 0 0 0 0 0 1 0 0 0 0 1 2 0 0 0 2 0 0 0 0 0 0 0 0 0 0 0 0 0 0 0 0 0 0 0 0 0 0 0 0 0 2 0 0 0 0 0 0 0 0 0 0 0 0 2 0 0 0 0 0 0 0 0 3 86 2 3 91 0 5 0 2 0 0 0 0 0 0 0 0 0 0 0 0 0 0 0 0 0 0 0 0 0 1 0 0 0 0 0 0 0 0 0 0 0 0 0 0 
 367 277 57 178 538 484 178 99 101 62 44 65 0 80 144 42 202 48 495 134 0 3 0 3 0 2 0 1 0 1 2 0 0 0 0 2 0 0 2 1 0 0 0 0 0 2 0 0 0 3 0 0 1 0 0 0 0 3 0 0 0 0 0 1 0 0 0 0 2 0 0 0 0 3 4 0 8 2 0 0 12 15 35 0 0 0 11 11 12 15 2 0 1 10 20 9 0 0 11 2 0 0 0 16 2 0 0 0 0 0 0 0 0 0 0 0 0 0 0 0 0 0 0 0 0 0 0 0 0 0 0 0 0 0 0 0 0 0 0 0 0 0 0 8 22 0 0 0 0 0 2 0 0 0 0 10 0 0 12 0 48 25 0 0 0 0 38 1 14 0 0 0 0 10 28 34 0 60 25 0 0 0 0 0 0 0 0 0 0 14 0 0 0 0 0 0 0 0 0 0 0 0 0 0 0 0 0 0 0 0 0 0 0 0 0 0 0 2 0 0 0 0 0 0 0 2 0 1 0 0 0 1 0 0 0 1 0 0 0 0 0 0 0 0 0 2 2 0 1 0 1 0 0 0 0 0 0 0 0 0 0 0 0 0 0 0 0 0 0 0 0 0 0 0 0 2 0 1 0 0 0 0 0 0 0 0 0 0 0 1 
 185 202 370 398 167 82 60 176 382 230 342 469 80 0 172 47 42 194 317 175 0 3 2 2 0 84 0 0 0 0 2 0 61 0 0 0 0 0 2 1 0 0 0 0 0 8 0 0 0 3 0 0 0 2 0 57 0 2 0 0 0 0 0 0 0 0 0 0 2 0 0 0 0 54 5 0 1 3 0 0 0 21 0 1 0 15 0 21 0 10 34 0 18 0 17 15 14 15 45 10 0 0 2 0 0 0 0 0 0 0 0 0 14 14 1 0 0 2 9 12 0 0 0 0 0 0 0 0 0 0 0 0 0 0 0 0 0 0 0 0 0 0 0 0 0 0 0 1 0 0 0 0 0 0 9 0 0 0 0 0 0 12 21 21 0 0 1 18 15 9 37 0 0 0 33 13 30 24 10 10 20 0 0 0 0 0 0 0 0 0 0 0 24 1 0 0 0 2 5 9 0 0 0 0 0 0 0 0 0 0 11 0 0 0 0 0 1 0 0 0 0 0 0 2 0 0 0 0 0 0 0 0 0 0 0 0 2 0 0 0 0 0 0 0 0 0 91 0 0 3 2 2 0 0 0 0 0 0 0 0 27 0 0 0 0 0 0 0 0 0 0 0 0 0 0 0 0 0 0 0 0 0 0 0 0 0 0 0 0 0 
 52 156 155 281 64 138 146 63 385 276 58 159 144 172 0 187 57 422 174 425 2 2 2 2 0 3 0 0 0 0 1 0 1 1 0 0 0 0 1 2 0 0 0 64 3 0 0 0 0 0 0 2 2 0 0 0 1 0 0 0 2 0 6 0 2 3 0 0 0 0 0 3 4 0 0 0 0 0 0 0 31 12 5 0 7 31 29 1 17 25 10 0 1 22 35 14 24 11 4 2 0 0 0 0 0 0 0 0 1 2 0 39 6 1 0 0 0 0 4 16 12 0 0 0 0 0 0 3 0 0 0 0 0 0 0 0 0 0 0 0 0 0 0 0 0 0 0 0 0 0 0 0 0 0 0 7 2 0 0 0 1 1 0 0 9 0 11 11 29 22 35 11 10 0 20 11 0 0 0 0 0 0 0 0 0 0 0 0 0 0 0 6 0 0 0 5 0 0 0 0 0 0 2 0 0 0 0 0 0 0 0 2 0 1 0 0 0 0 0 0 0 20 0 0 0 0 0 0 0 0 0 0 0 0 0 0 0 0 0 0 0 12 0 0 0 1 99 1 3 89 0 1 2 10 0 0 0 0 0 0 0 0 11 0 0 0 0 0 0 0 0 0 0 0 0 10 0 9 0 0 0 0 0 0 0 0 0 0 0 0 
 234 401 428 115 84 111 28 17 128 395 106 173 42 47 187 0 93 149 34 445 1 3 0 4 0 2 6 1 1 1 5 0 0 1 0 0 1 0 2 3 0 0 0 0 0 10 0 0 0 3 0 0 2 0 0 0 0 2 0 0 0 0 0 0 1 3 0 0 2 0 1 0 0 2 0 0 3 36 0 0 19 0 3 11 17 21 43 5 10 16 29 0 29 15 18 16 21 34 0 1 29 0 0 0 0 0 0 0 0 0 0 0 0 13 0 0 0 0 30 0 0 0 0 0 0 0 0 0 0 0 0 2 0 0 0 0 0 0 19 17 11 0 0 12 0 11 0 0 0 0 0 0 2 0 0 0 0 0 0 0 0 0 31 10 29 7 0 17 25 25 11 12 0 0 16 14 0 22 0 0 0 0 0 0 0 0 0 0 0 0 0 0 0 1 0 1 0 0 17 0 0 0 0 0 0 0 0 0 0 0 1 0 0 0 0 0 0 0 0 0 0 0 24 0 0 0 0 0 0 0 0 0 0 2 0 0 0 0 0 0 0 0 0 0 0 2 89 0 2 0 0 0 0 0 0 0 0 0 0 0 0 0 0 0 0 0 2 0 0 0 0 0 0 0 0 0 0 0 0 0 0 0 0 0 0 0 0 0 0 0 
 44 251 61 61 51 165 54 132 319 102 183 65 202 42 57 93 0 79 224 57 2 3 2 2 0 2 75 0 0 0 2 0 0 0 1 0 0 0 2 35 0 0 0 0 0 2 0 2 0 54 0 2 1 0 0 0 0 2 0 0 0 0 0 0 0 0 0 0 2 0 0 0 0 2 0 0 5 3 0 0 18 10 58 0 13 0 20 9 44 16 1 1 27 13 28 24 17 9 0 3 0 0 0 0 0 0 21 14 2 0 0 0 15 0 0 0 5 0 12 0 0 0 0 0 0 0 0 0 0 0 2 0 0 0 0 0 0 0 0 0 0 0 0 0 6 0 0 0 0 0 0 0 0 0 11 0 0 0 0 0 32 15 0 11 15 0 15 22 18 0 0 0 2 26 9 0 30 23 17 0 15 0 0 0 0 0 10 26 0 0 0 0 0 12 0 0 0 2 5 0 0 0 0 0 0 0 0 0 0 0 0 0 0 0 0 0 0 0 0 0 0 13 0 0 0 0 0 0 0 0 0 0 0 0 0 0 0 0 0 0 0 0 0 0 0 3 0 1 4 2 7 0 0 0 0 0 2 0 0 0 0 0 0 0 0 0 0 0 0 0 0 0 0 0 0 1 14 1 0 0 0 0 0 0 0 0 0 0 0 0 
 122 119 179 236 58 162 103 212 299 130 316 274 48 194 422 149 79 0 48 92 0 3 0 2 0 2 0 0 0 0 3 0 1 27 0 0 0 0 2 2 0 0 3 0 0 2 0 0 0 3 0 0 0 0 0 2 0 2 5 0 0 0 3 0 0 0 0 0 2 0 0 0 0 3 0 0 1 3 0 0 6 22 0 31 27 15 11 0 18 0 0 0 0 0 22 10 17 0 54 9 24 0 0 0 2 0 0 0 0 0 0 18 19 0 0 0 0 0 0 0 0 2 0 0 0 0 0 24 0 0 0 0 25 0 0 0 0 0 0 0 0 0 0 0 0 0 0 0 0 0 0 0 0 0 9 0 0 0 0 0 0 17 12 1 26 19 0 0 11 22 14 23 14 0 1 14 11 1 0 0 19 0 0 0 0 0 0 1 0 0 0 0 1 0 0 10 9 0 18 9 0 0 0 0 0 0 0 0 0 0 0 0 0 0 0 0 0 2 0 0 0 0 0 0 0 0 0 1 0 0 0 0 0 0 0 0 0 0 0 0 0 18 0 0 0 3 0 0 6 8 0 4 0 0 0 0 0 0 0 0 0 0 0 0 0 0 0 0 0 0 0 0 0 0 0 0 9 0 0 0 0 0 0 0 0 0 0 0 0 0 
 49 87 47 89 271 65 43 215 181 271 327 116 495 317 174 34 224 48 0 96 0 3 0 2 2 2 0 0 0 0 1 0 0 9 0 0 0 0 2 2 0 2 0 0 7 2 0 0 0 3 0 0 2 0 0 1 0 2 0 0 0 0 0 0 0 0 0 0 3 0 0 1 1 3 0 0 0 2 0 0 10 28 31 24 0 0 16 19 22 0 10 0 13 19 30 11 0 0 53 0 0 0 0 0 0 0 0 0 0 0 0 18 0 0 0 0 0 0 0 0 0 0 0 0 0 0 0 0 0 0 0 0 0 0 0 0 0 0 0 2 0 0 0 0 0 0 0 0 0 0 0 0 0 0 0 0 0 0 0 0 30 28 17 1 0 0 6 16 33 0 0 14 26 0 1 0 36 18 10 0 0 0 0 0 0 0 0 0 0 0 0 0 0 0 0 0 0 0 0 0 0 0 0 0 0 0 0 0 0 0 0 0 0 0 0 0 0 1 0 0 0 0 0 0 0 0 0 2 0 0 0 0 0 0 0 0 0 0 0 0 0 14 0 0 0 0 3 0 2 0 2 6 0 0 0 0 0 0 0 0 0 0 0 0 0 0 0 0 0 0 0 0 0 0 0 0 0 0 0 0 0 0 0 0 0 0 0 0 0 0 
 328 102 123 73 403 268 310 207 298 94 245 263 134 175 425 445 57 92 96 0 1 3 0 2 0 2 0 2 0 0 1 0 0 2 0 0 1 0 2 2 0 0 0 0 0 2 0 0 0 3 0 2 0 0 0 0 0 2 0 0 0 30 0 0 0 0 0 0 2 0 0 0 0 34 4 0 3 3 0 0 15 10 16 13 0 0 35 55 43 0 11 0 20 48 61 42 25 0 69 0 0 0 0 0 0 0 0 0 0 0 0 2 10 0 0 0 0 0 0 0 0 0 0 0 0 0 0 0 0 0 0 0 0 0 0 3 0 0 0 10 0 0 0 0 9 0 0 0 0 0 0 0 0 0 0 0 0 0 0 0 24 16 0 1 15 0 22 1 4 0 3 16 38 0 10 23 26 26 25 11 0 0 12 0 2 0 0 0 0 0 0 0 0 0 0 0 0 28 0 0 0 0 0 0 0 0 0 0 0 0 7 0 0 0 0 0 0 0 0 0 0 6 11 0 0 0 0 0 0 0 0 0 0 0 0 0 0 0 0 0 0 18 0 0 0 0 1 0 3 0 0 1 0 0 0 0 0 0 0 0 0 0 7 0 0 0 0 0 0 0 0 0 0 0 0 1 0 1 0 0 0 0 0 0 0 1 0 0 0 0 
 3 0 0 2 76 73 0 1 0 4 0 1 0 0 2 1 2 0 0 1 0 362 164 369 92 108 108 212 148 126 50 325 199 374 343 43 101 220 60 161 0 2 67 0 5 0 0 0 1 0 0 2 2 7 0 6 7 0 3 3 0 49 1 0 0 0 2 0 0 5 0 0 5 3 0 6 0 5 0 2 0 0 0 0 20 8 0 0 0 0 0 1 0 0 0 15 0 0 0 0 0 30 12 25 13 0 15 14 39 8 7 12 0 13 27 17 9 16 0 17 1 1 1 2 1 1 18 0 0 2 0 0 0 2 0 0 0 0 9 0 0 0 0 0 0 0 0 0 0 0 0 0 0 0 0 0 0 0 0 0 0 0 0 2 0 0 0 0 0 0 0 0 0 0 0 27 0 0 1 0 15 24 0 42 0 13 24 19 5 51 17 14 8 14 26 24 48 33 1 14 8 0 0 0 0 0 9 0 0 0 0 18 27 0 0 0 0 0 19 0 0 0 0 0 0 0 0 0 0 0 0 0 0 0 0 0 0 14 0 17 0 0 0 0 0 2 0 0 1 0 0 0 0 0 12 0 0 14 0 0 2 9 0 0 0 0 0 0 0 0 0 0 0 0 0 0 0 0 0 10 0 18 0 0 0 0 0 0 0 0 
 3 3 81 3 25 3 4 3 3 3 3 3 3 3 2 3 3 3 3 3 362 0 170 319 106 333 145 272 150 236 315 41 172 79 97 342 122 211 186 44 0 2 25 2 1 0 0 2 0 2 0 0 2 1 2 3 0 0 3 0 2 0 7 7 0 2 2 0 0 3 0 0 0 4 0 2 43 2 0 3 0 0 0 0 0 9 0 1 0 1 0 21 0 0 1 0 0 0 0 0 0 50 37 57 25 13 36 15 29 31 37 13 0 0 14 32 0 8 0 17 0 0 0 18 0 0 21 0 0 0 0 0 7 0 0 0 0 0 50 10 0 0 0 0 0 0 0 0 0 0 0 0 0 0 0 0 0 0 2 0 0 0 0 0 0 0 0 1 0 0 0 0 0 0 8 0 2 0 12 0 4 18 12 54 2 7 12 1 22 15 30 21 23 22 12 25 14 55 0 0 0 1 0 0 0 0 0 0 0 0 0 17 28 0 0 0 0 0 20 11 0 0 0 0 0 0 0 0 0 0 0 0 0 0 0 0 0 11 0 0 0 0 0 0 0 0 0 0 0 0 0 0 0 0 14 0 0 155 0 0 2 0 0 0 0 0 9 0 0 0 0 0 0 0 0 0 0 0 0 0 0 13 0 0 0 0 3 0 0 0 
 3 0 1 0 0 81 0 0 0 4 0 0 0 2 2 0 2 0 0 0 164 170 0 184 151 104 146 140 574 212 103 34 210 278 709 79 108 119 147 55 0 2 1 1 1 0 0 62 0 0 0 70 2 62 0 3 0 2 0 0 0 1 0 0 0 0 2 0 0 3 0 0 0 2 0 3 0 0 0 2 0 0 0 0 0 0 0 0 0 0 0 14 0 0 0 1 0 0 0 0 14 0 0 10 23 0 11 2 0 9 14 0 19 19 11 42 67 1 0 22 0 0 0 0 0 0 0 0 0 0 6 0 12 0 0 0 0 0 18 17 0 0 0 0 0 0 0 2 0 0 0 0 8 0 0 0 0 0 0 0 13 0 0 35 0 0 0 0 0 0 0 0 0 0 0 0 0 0 0 0 13 24 45 0 0 18 88 76 18 8 18 13 28 23 49 0 21 0 10 14 0 0 0 2 0 0 0 0 0 0 0 1 46 0 0 0 0 0 0 22 0 2 0 0 0 0 0 0 0 0 0 0 0 0 0 0 0 0 0 0 0 0 0 0 0 0 0 0 0 0 0 0 0 0 9 0 2 78 2 2 1 5 0 0 0 0 0 0 0 0 0 0 0 0 0 0 0 0 0 0 0 19 0 0 0 0 0 0 0 0 
 5 2 4 2 2 2 83 2 2 9 2 2 3 2 2 4 2 2 2 2 369 319 184 0 106 121 147 69 386 330 373 119 51 94 127 106 40 118 59 65 0 2 2 3 0 0 30 0 0 0 0 0 150 1 0 3 2 0 61 0 0 0 9 9 0 0 2 0 0 3 2 0 0 3 0 3 0 0 0 7 11 0 0 0 0 0 0 0 0 0 0 0 0 0 0 0 0 0 0 0 0 0 24 55 1 12 0 0 0 3 13 39 0 0 0 17 25 11 0 0 4 0 0 0 0 0 33 1 13 10 0 0 26 9 0 0 0 0 10 25 0 0 0 0 0 0 0 0 0 0 0 0 3 0 0 12 0 0 0 0 0 25 0 0 0 0 0 0 0 6 0 0 0 2 0 4 0 0 0 0 16 0 11 14 13 12 0 8 9 0 11 0 0 0 16 56 37 36 0 0 8 0 0 0 0 0 26 31 0 0 0 0 22 0 13 0 0 0 13 37 0 0 0 0 0 0 0 0 0 0 0 0 0 0 0 0 0 0 0 0 0 0 0 0 0 2 0 0 0 0 0 0 0 0 6 4 1 79 2 0 19 1 0 0 0 0 0 0 0 0 0 0 0 0 0 0 0 0 0 14 0 0 0 0 0 0 2 0 0 0 
 3 0 0 0 0 0 0 1 24 2 0 3 0 0 0 0 0 0 2 0 92 106 151 106 0 233 51 241 86 379 107 128 65 73 68 146 122 142 275 84 85 1 0 0 1 0 151 0 0 0 0 0 66 2 0 5 2 0 0 76 0 0 0 1 0 0 2 6 0 3 0 0 0 3 0 3 0 0 2 10 0 0 0 0 0 0 0 0 0 0 0 0 0 0 0 0 0 0 0 0 4 0 11 3 34 8 2 11 0 23 17 8 0 0 0 0 2 19 0 0 25 6 9 0 0 0 12 1 0 1 0 0 0 1 0 0 0 0 23 37 0 13 0 1 0 0 0 27 0 6 12 0 0 0 0 0 0 0 0 9 14 0 0 0 0 1 0 0 0 0 0 0 0 0 0 0 0 0 0 6 0 0 19 10 40 0 19 0 12 0 0 0 0 0 0 41 1 0 0 0 21 25 21 0 0 0 11 15 0 27 8 0 2 0 12 13 0 0 26 33 0 13 0 0 0 0 0 0 0 0 0 0 0 0 1 0 0 0 0 0 0 0 0 0 0 0 0 0 19 0 0 1 0 2 7 0 6 92 39 4 0 0 0 0 0 0 7 0 0 1 0 0 0 0 0 0 0 0 0 0 0 22 0 0 0 9 21 0 0 0 
 2 2 2 2 2 2 2 2 2 14 2 5 2 84 3 2 2 2 2 2 108 333 104 121 233 0 51 160 54 116 249 128 40 47 109 362 66 38 28 64 0 0 0 0 1 0 153 59 0 0 62 0 109 2 72 3 62 54 0 0 0 16 0 0 1 0 2 0 7 3 0 0 0 3 0 2 0 0 0 3 0 0 0 0 0 0 0 0 0 0 0 0 0 0 0 0 0 0 1 0 0 17 20 0 22 22 0 10 9 28 20 7 0 0 0 17 0 41 0 0 48 4 1 0 0 1 0 19 0 1 0 1 0 42 0 0 0 0 17 44 0 0 0 0 0 15 0 4 0 0 20 0 0 0 2 0 25 0 0 3 0 0 0 0 0 0 0 0 0 5 0 0 0 3 0 0 0 0 0 6 0 2 25 7 15 0 12 0 20 0 0 1 0 0 0 12 0 0 0 0 67 22 19 0 0 0 45 0 0 15 19 0 22 30 7 10 6 0 15 0 0 1 0 0 0 0 0 2 0 0 0 0 1 0 0 0 11 0 0 0 0 0 8 0 0 0 0 0 0 0 0 0 0 0 12 4 0 6 5 0 10 0 0 0 0 0 0 0 0 0 0 0 0 0 0 0 0 0 0 0 0 11 0 0 0 1 0 0 0 0 
 0 2 0 74 155 153 0 3 0 2 64 0 0 0 0 6 75 0 0 0 108 145 146 147 51 51 0 81 121 82 24 34 345 504 199 74 45 27 182 169 0 2 1 0 33 0 2 7 0 0 0 64 2 64 0 3 0 0 0 3 0 0 0 0 3 0 2 0 0 3 0 0 0 3 0 3 0 11 0 2 0 0 2 0 16 18 0 0 0 8 0 12 0 0 0 0 0 1 0 0 0 15 0 0 0 0 38 2 0 22 14 0 2 14 0 0 23 0 25 29 0 0 0 0 0 0 14 0 0 0 8 0 17 0 0 0 0 0 0 0 1 0 0 0 0 1 0 0 0 0 1 0 0 0 0 0 0 0 0 0 0 0 0 1 9 0 2 0 0 0 0 7 0 0 0 0 0 2 2 0 24 8 27 0 0 0 23 20 6 21 8 0 31 60 35 10 39 0 11 14 0 0 0 0 0 0 0 0 0 0 0 21 0 0 0 0 0 0 0 0 0 8 0 0 0 0 0 0 0 2 0 0 2 0 0 0 0 0 0 0 0 0 0 0 0 0 0 0 1 0 0 0 0 0 12 0 2 0 0 2 2 0 0 0 0 0 0 0 0 19 0 0 0 0 0 0 9 0 0 0 0 0 0 0 0 0 0 0 0 0 
 0 0 0 0 1 0 1 0 0 2 0 0 1 0 0 1 0 0 0 2 212 272 140 69 241 160 81 0 215 307 196 283 67 62 31 179 134 264 80 63 1 1 2 0 1 0 0 0 0 0 0 0 65 1 0 3 65 0 0 0 0 0 10 8 0 0 2 0 0 3 0 0 0 3 0 3 0 0 0 53 0 0 0 0 0 0 0 0 0 0 0 0 0 0 0 0 0 0 0 0 0 24 61 44 15 5 30 25 1 3 2 32 0 0 13 31 12 15 0 2 0 0 0 0 0 0 21 0 0 0 0 0 9 0 0 0 0 0 16 20 0 0 0 0 0 0 0 0 0 16 0 0 4 0 0 0 0 0 0 0 0 0 0 0 0 0 0 0 0 0 0 0 0 1 0 0 0 0 0 7 6 17 16 22 9 0 15 1 45 25 24 1 0 0 13 58 33 35 0 0 0 0 0 0 0 0 0 0 0 0 0 0 23 1 0 0 0 0 21 20 0 0 0 0 0 0 0 0 0 0 0 0 0 0 0 0 0 12 22 0 0 0 0 0 0 0 0 0 0 0 0 0 0 0 8 2 0 154 76 0 0 8 0 0 0 0 0 0 0 0 0 0 0 0 0 0 0 0 0 2 0 11 0 1 0 0 3 0 0 0 
 3 0 0 0 0 23 0 2 0 6 88 0 0 0 0 1 0 0 0 0 148 150 574 386 86 54 121 215 0 203 62 114 88 173 180 280 42 51 428 74 0 1 1 0 8 0 0 1 0 0 2 0 5 4 3 4 0 3 2 0 0 0 0 0 0 0 2 3 0 3 0 2 6 3 2 3 0 0 0 3 2 0 0 0 0 10 0 0 0 0 0 0 0 0 0 0 0 0 0 0 2 12 0 20 11 11 2 12 11 34 0 13 1 7 2 9 36 15 0 17 15 0 0 0 0 0 11 23 0 0 26 0 12 0 0 0 0 0 0 13 0 0 0 0 0 0 2 0 0 0 2 0 6 0 0 0 0 0 0 0 1 0 0 4 0 0 0 0 0 0 0 0 0 0 0 2 1 0 0 0 3 14 26 0 9 45 12 19 7 11 22 0 52 30 23 0 8 0 0 11 9 0 0 0 0 0 25 44 0 0 0 0 21 0 1 0 0 0 0 21 0 0 0 0 0 0 0 0 0 0 0 0 0 0 2 0 0 0 0 0 0 0 0 0 0 0 0 0 0 0 0 0 0 0 14 1 2 2 0 3 1 7 0 0 0 0 0 0 0 0 0 0 0 0 0 0 0 0 0 11 0 21 0 0 0 0 0 0 0 0 
 0 0 2 1 0 0 0 2 0 2 0 0 1 0 0 1 0 0 0 0 126 236 212 330 379 116 82 307 203 0 438 117 64 290 70 112 54 95 303 212 0 3 1 0 1 0 61 0 0 0 0 1 1 2 0 66 0 0 0 0 0 0 4 0 0 0 2 0 0 3 0 0 0 3 0 2 1 3 3 3 0 0 0 0 0 0 5 0 0 0 0 0 0 0 0 0 0 0 0 0 0 12 15 2 26 36 9 30 1 1 20 32 0 0 16 9 7 9 0 0 0 0 0 0 0 0 16 0 18 0 6 0 17 9 0 0 0 0 23 38 0 1 0 0 0 0 0 0 0 0 0 0 3 0 0 0 0 0 0 0 0 0 0 0 0 11 0 0 0 6 0 1 0 5 0 30 0 0 0 0 23 11 20 22 0 1 3 0 0 30 10 11 0 2 0 12 13 0 0 0 0 0 0 0 0 1 13 1 0 0 1 0 22 11 19 0 0 0 2 15 0 0 2 0 0 0 0 0 0 1 0 0 0 0 0 0 0 16 0 0 0 0 0 0 0 0 0 0 0 0 0 0 0 0 2 0 4 3 0 1 13 6 35 0 0 0 0 0 0 0 0 0 0 0 0 0 0 0 0 0 0 9 0 0 0 0 0 0 0 0 
 2 4 2 1 2 2 1 1 70 4 1 1 2 2 1 5 2 3 1 1 50 315 103 373 107 249 24 196 62 438 0 284 250 24 47 268 133 57 43 244 0 1 4 3 0 3 29 0 0 0 0 1 65 2 0 9 2 1 0 0 0 0 1 0 0 0 3 0 0 3 0 2 0 3 0 3 2 0 0 4 0 0 0 0 0 0 0 0 0 0 0 0 0 0 0 0 0 0 0 0 0 20 36 0 2 12 24 9 0 0 7 46 0 0 29 1 8 0 0 0 4 0 0 0 0 0 23 15 15 0 0 0 0 8 1 10 0 0 6 12 0 0 0 0 0 0 0 0 0 0 0 0 11 0 0 0 0 0 0 0 0 0 0 0 0 0 0 0 0 3 0 0 0 2 0 2 0 0 0 9 9 19 7 17 0 0 2 1 0 29 20 10 0 0 1 0 9 0 0 0 46 21 9 0 0 0 11 1 0 0 0 0 7 8 30 0 0 0 16 1 0 0 0 0 0 0 0 0 0 0 0 0 0 0 0 0 0 20 0 0 0 0 0 0 0 0 0 0 0 2 0 0 0 0 9 1 2 9 38 1 9 6 0 0 0 0 0 0 0 0 0 0 0 0 0 0 0 6 0 0 0 0 0 0 0 0 0 0 0 1 
 0 0 0 0 0 0 0 2 1 1 0 3 0 0 0 0 0 0 0 0 325 41 34 119 128 128 34 283 114 117 284 0 35 41 259 29 60 431 455 39 62 1 1 0 0 0 191 0 1 0 0 2 63 1 0 10 0 0 82 1 0 0 0 0 23 0 2 0 0 3 0 0 0 3 0 3 0 0 0 3 0 0 0 0 0 0 0 0 0 0 0 0 9 0 0 0 0 0 0 0 0 0 16 0 0 18 10 0 0 0 23 0 0 0 10 0 21 4 0 20 3 6 11 0 0 0 31 19 18 0 0 0 9 21 2 0 0 0 1 28 0 0 2 0 0 0 0 0 0 0 0 0 20 0 0 0 0 0 0 0 0 0 0 0 2 0 0 0 0 4 0 0 2 6 1 4 1 24 0 0 0 0 0 11 0 14 22 0 0 2 10 10 0 0 17 0 15 0 0 0 60 16 8 0 0 0 9 0 0 17 0 12 21 1 49 0 0 0 12 25 0 0 0 0 0 0 0 0 0 0 0 0 0 0 0 0 0 0 0 0 0 0 13 0 0 0 0 0 0 0 0 0 0 0 19 2 0 151 37 4 9 4 0 0 0 0 0 0 0 0 0 0 0 0 0 0 0 0 0 0 0 0 0 0 0 9 0 0 0 0 
 0 0 0 0 80 1 0 1 3 0 74 26 0 61 1 0 0 1 0 0 199 172 210 51 65 40 345 67 88 64 250 35 0 195 104 190 119 46 153 240 1 1 0 0 1 201 0 0 0 0 0 2 2 3 0 70 0 1 0 0 0 0 4 0 0 0 2 0 0 3 31 0 0 3 0 3 0 8 0 3 0 0 0 0 15 42 0 0 1 0 0 53 0 0 0 0 0 0 0 0 6 35 0 0 1 0 0 15 17 18 16 11 35 28 0 46 8 14 0 26 0 0 2 0 0 0 0 0 0 0 8 0 0 0 1 0 0 0 0 0 0 0 0 0 2 0 0 0 0 2 0 2 11 0 0 0 0 0 0 0 0 0 0 0 0 0 0 0 0 0 0 16 0 0 2 0 0 0 4 0 0 8 21 8 10 0 34 18 16 15 8 18 35 55 11 12 12 64 15 95 0 0 0 0 0 0 7 0 0 0 0 7 0 0 0 0 0 0 0 0 0 0 0 0 0 0 0 0 0 0 0 0 0 0 0 0 0 0 0 0 0 0 0 0 0 0 0 0 1 0 0 0 0 0 4 1 0 0 0 1 2 1 0 0 2 0 0 0 0 0 0 0 0 0 0 0 0 0 0 0 0 0 0 0 0 0 0 0 0 0 
 3 0 0 74 1 62 0 0 0 6 149 0 0 0 1 1 0 27 9 2 374 79 278 94 73 47 504 62 173 290 24 41 195 0 223 105 420 122 187 197 4 68 0 0 2 0 0 0 0 0 0 0 2 8 0 3 53 0 0 0 0 0 0 0 0 0 2 0 0 3 0 0 30 2 0 3 0 0 0 2 0 0 0 1 22 23 0 0 0 0 12 10 0 0 1 0 0 0 0 0 17 25 0 0 0 0 1 40 0 19 8 0 14 23 14 24 18 1 2 29 1 0 0 0 0 0 0 0 1 0 5 0 0 0 0 0 0 0 0 0 3 0 0 0 0 2 0 0 0 0 0 0 0 0 0 0 0 0 0 0 1 0 0 5 0 15 0 0 0 0 0 46 0 0 0 0 0 0 0 0 1 5 4 16 3 11 16 12 55 0 15 17 20 38 50 25 47 19 11 46 0 0 0 0 0 0 0 0 0 0 0 2 0 0 0 0 7 0 0 0 0 0 0 0 0 0 0 0 0 0 0 0 0 0 0 0 0 0 0 18 0 0 19 0 0 0 0 0 28 0 0 0 0 0 12 0 2 0 0 2 0 2 0 0 0 0 0 0 0 0 0 0 0 0 0 0 9 0 0 0 0 0 0 0 0 0 0 0 0 0 
 2 2 0 18 0 76 0 0 0 7 0 0 0 0 0 0 1 0 0 0 343 97 709 127 68 109 199 31 180 70 47 259 104 223 0 214 115 97 268 232 0 2 58 0 0 2 0 7 0 2 0 1 2 4 0 66 3 0 0 3 0 0 0 0 0 0 2 0 41 3 0 0 0 3 0 3 0 12 0 3 0 0 0 0 10 0 0 0 0 13 0 0 1 0 0 0 0 0 0 0 7 0 0 20 0 0 16 2 19 48 30 20 12 19 18 17 31 0 0 36 0 0 0 0 0 0 1 0 0 0 8 0 0 0 0 0 0 0 0 0 0 0 0 0 0 0 8 0 0 0 0 0 0 0 0 1 0 0 19 0 5 0 0 3 13 10 0 0 0 0 0 0 0 14 0 0 0 2 0 0 11 20 24 19 0 24 30 0 6 0 29 30 26 38 56 18 11 9 1 17 0 0 0 0 0 0 0 0 0 0 0 0 0 0 0 1 0 0 0 0 0 7 0 0 0 0 0 0 0 2 0 0 2 0 0 14 0 0 0 0 0 0 0 0 0 0 0 0 0 0 0 0 0 0 7 0 3 75 1 0 2 2 0 0 0 0 0 0 0 0 0 2 0 0 0 0 0 0 0 0 0 33 0 0 0 0 0 0 0 0 
 0 0 4 0 74 148 0 0 0 5 1 3 2 0 0 0 0 0 0 0 43 342 79 106 146 362 74 179 280 112 268 29 190 105 214 0 143 49 255 359 1 205 70 0 1 0 62 0 1 0 0 63 1 63 0 3 0 0 0 64 7 0 4 6 0 0 2 0 0 3 0 0 0 3 0 2 0 0 0 3 0 2 0 0 0 9 0 0 0 0 1 25 0 0 0 0 2 2 0 0 0 9 0 18 25 23 0 25 38 27 66 0 18 21 0 41 0 7 1 39 0 0 0 0 0 0 0 0 0 0 0 0 11 0 0 0 0 0 21 22 0 0 0 0 0 0 0 0 0 0 0 0 0 0 0 0 0 10 5 9 0 0 0 2 0 1 0 0 0 0 0 0 0 0 13 0 0 0 0 0 0 0 12 42 38 20 10 0 12 9 16 22 24 23 13 18 11 17 10 21 0 0 0 0 0 0 0 12 0 1 0 12 10 0 0 0 0 0 0 20 0 0 0 0 0 0 0 0 0 0 0 0 0 0 0 0 0 0 0 0 0 0 0 0 0 0 1 0 0 0 0 0 0 0 5 0 0 7 0 0 2 0 0 0 0 0 7 0 0 0 0 0 0 0 0 0 2 0 0 0 0 43 0 0 0 0 14 0 0 0 
 1 0 0 0 0 0 0 43 0 5 0 0 0 0 0 1 0 0 0 1 101 122 108 40 122 66 45 134 42 54 133 60 119 420 115 143 0 148 119 46 1 2 1 0 3 0 0 0 0 0 3 1 5 7 3 3 0 3 50 0 2 0 2 2 1 0 2 0 0 5 0 0 0 2 3 6 2 0 0 2 0 0 0 0 0 1 0 0 0 0 0 0 0 0 0 0 0 0 0 0 22 24 19 37 11 0 17 16 17 19 27 47 22 36 7 25 13 19 10 65 0 0 0 0 0 0 1 0 0 0 0 0 0 0 0 0 0 0 2 0 0 0 0 0 0 0 0 0 0 0 0 0 0 0 0 0 0 0 2 0 3 10 0 0 0 0 2 0 0 0 0 1 0 0 0 0 0 2 0 0 18 26 2 24 10 1 23 0 14 13 24 39 14 19 0 32 23 26 15 37 0 0 0 0 0 0 7 0 0 0 0 0 0 0 0 0 0 4 0 10 0 0 0 0 0 0 0 0 0 2 0 12 2 0 0 0 0 12 0 0 0 0 0 0 0 0 0 0 2 0 0 0 0 0 0 0 1 0 74 0 0 0 0 0 0 0 0 0 0 0 0 0 0 0 0 0 0 0 0 0 0 1 0 0 0 0 0 0 0 0 
 0 0 0 0 0 0 0 0 0 0 0 2 0 0 0 0 0 0 0 0 220 211 119 118 142 38 27 264 51 95 57 431 46 122 97 49 148 0 38 105 22 0 63 0 1 29 24 7 0 0 0 0 55 5 0 3 1 0 0 0 0 0 4 0 0 0 2 0 0 3 0 0 0 3 0 2 0 4 0 3 0 0 0 0 2 0 0 0 0 0 0 0 16 0 0 0 0 0 0 0 15 0 26 17 29 51 10 18 36 60 11 25 0 8 40 11 0 41 0 10 13 7 0 0 2 0 0 20 0 0 0 0 0 0 0 0 0 0 10 0 0 0 0 0 0 0 1 0 0 0 0 0 3 0 0 0 0 0 0 0 0 0 1 0 0 0 0 0 0 0 0 0 0 0 0 1 0 0 0 6 20 0 11 34 51 21 30 0 12 21 14 14 0 0 13 30 13 10 13 12 0 0 0 0 2 0 8 1 0 0 0 0 0 0 1 0 0 2 1 13 0 0 0 0 0 0 0 0 1 0 17 0 0 0 1 0 0 0 0 0 0 0 1 0 0 0 0 0 0 0 0 0 0 0 15 4 3 71 42 0 0 9 0 0 0 0 1 0 0 0 2 0 0 0 0 0 0 0 0 0 0 19 0 0 0 4 2 0 0 0 
 4 2 1 20 1 162 87 1 2 7 1 1 2 2 1 2 2 2 2 2 60 186 147 59 275 28 182 80 428 303 43 455 153 187 268 255 119 38 0 173 0 200 66 0 0 0 0 6 0 0 0 0 2 0 1 3 0 0 0 3 0 3 0 0 0 0 2 0 0 3 0 0 0 3 0 3 0 0 0 3 0 0 0 0 15 0 0 0 0 13 0 0 0 0 0 0 0 0 0 0 17 0 0 25 0 0 8 15 44 50 25 0 30 19 1 30 65 0 0 38 0 0 0 0 2 0 0 0 0 0 6 0 0 0 0 0 0 0 0 0 0 0 0 0 0 0 1 0 0 0 0 0 0 0 0 0 0 0 5 0 6 0 0 6 13 10 0 0 0 0 0 0 0 0 0 1 0 0 0 0 15 18 4 26 0 27 11 0 28 0 74 34 14 9 79 18 7 10 0 45 10 0 0 0 0 0 0 0 0 0 0 0 0 0 0 0 0 1 1 0 0 7 0 0 0 0 0 0 0 0 0 0 0 0 1 0 0 0 0 0 0 0 0 0 0 0 0 0 2 0 0 0 0 0 8 0 2 10 0 1 1 2 0 0 0 0 0 0 0 0 0 0 0 0 0 0 0 0 0 0 0 21 0 1 0 0 0 0 0 1 
 5 0 1 1 1 151 0 130 0 4 0 1 1 1 2 3 35 2 2 2 161 44 55 65 84 64 169 63 74 212 244 39 240 197 232 359 46 105 173 0 0 2 2 11 3 0 0 13 1 0 0 68 2 69 0 6 2 0 3 3 0 2 1 0 0 0 2 0 0 5 0 0 0 2 0 6 0 5 0 2 0 0 9 0 0 0 0 0 0 19 19 14 0 0 0 0 14 55 0 0 0 0 16 7 0 1 10 28 0 23 29 23 21 38 0 32 0 0 4 0 0 0 0 0 0 0 0 0 0 0 1 0 0 0 0 0 0 0 0 0 0 0 0 0 0 2 0 0 0 0 0 0 0 0 0 0 0 0 2 57 0 0 0 0 15 0 0 0 0 0 1 0 0 0 1 0 0 0 0 0 42 0 6 11 0 0 10 6 11 7 1 7 4 58 0 41 0 7 12 23 0 0 0 0 0 0 0 0 0 0 0 0 0 0 0 0 0 0 0 0 0 8 0 0 0 1 0 0 0 18 2 0 0 0 0 0 0 0 0 0 0 0 0 0 0 74 0 0 0 0 0 0 0 0 10 1 0 1 0 0 4 0 0 0 0 0 0 0 0 0 0 0 0 1 0 0 0 0 0 0 0 1 0 0 0 0 0 0 0 2 
 0 0 0 0 0 0 0 0 0 1 0 0 0 0 0 0 0 0 0 0 0 0 0 0 85 0 0 1 0 0 0 62 1 4 0 1 1 22 0 0 0 78 77 42 26 45 97 71 31 41 33 43 39 60 100 46 38 38 138 185 0 0 3 1 0 0 3 2 1 0 0 2 0 5 0 0 1 53 0 0 0 0 0 0 0 0 7 0 0 0 0 0 0 0 0 0 0 0 0 0 12 0 0 1 6 11 0 0 0 1 22 0 0 1 3 0 0 0 0 0 5 25 50 0 0 0 6 1 7 10 0 0 64 26 0 0 9 2 21 19 0 1 1 0 0 1 0 0 0 18 0 0 0 0 0 0 0 0 0 4 0 0 0 0 0 1 0 0 0 0 0 0 0 0 0 0 0 0 0 0 0 0 0 20 21 0 0 0 0 0 0 4 0 0 5 0 4 2 3 3 0 28 12 0 0 0 3 21 12 13 10 13 4 15 27 0 0 0 10 25 0 0 0 0 0 0 0 0 0 0 0 0 0 0 0 0 0 0 0 0 0 0 2 0 0 0 0 0 0 0 0 2 0 0 0 0 0 1 0 10 0 0 0 0 0 0 20 0 0 0 0 0 0 0 0 0 0 0 0 0 0 0 0 0 0 0 12 0 1 0 
 0 0 0 0 0 0 0 0 0 64 34 0 0 0 0 0 0 0 2 0 2 2 2 2 1 0 2 1 1 3 1 1 1 68 2 205 2 0 200 2 78 0 173 193 29 151 296 468 87 86 48 47 49 333 141 130 477 44 140 126 0 52 0 0 1 0 0 3 0 0 22 0 0 0 0 0 0 1 1 52 0 0 0 0 0 0 0 0 0 0 0 0 0 0 0 0 0 0 0 8 0 0 0 0 0 12 0 0 0 0 0 0 0 0 0 0 0 0 0 0 0 13 1 1 57 29 2 0 34 16 9 13 7 1 15 49 14 1 0 0 26 0 0 0 0 0 0 0 0 0 0 0 7 1 0 0 0 0 0 25 0 0 0 0 0 0 0 0 0 0 0 0 0 0 0 8 10 0 0 0 0 0 0 0 0 1 0 0 0 0 0 0 0 0 0 0 0 0 0 0 0 12 0 8 24 11 0 16 34 3 0 5 0 1 1 1 23 10 7 0 0 0 0 0 0 0 8 0 0 0 0 0 8 0 0 0 0 0 1 5 0 0 0 0 0 0 0 0 0 0 0 0 1 2 0 0 0 0 0 13 0 0 2 0 2 1 2 0 0 0 1 0 0 0 0 0 0 0 0 0 0 0 0 0 1 0 0 0 0 0 
 0 0 0 0 0 0 0 0 0 3 0 0 0 0 0 0 0 3 0 0 67 25 1 2 0 0 1 2 1 1 4 1 0 0 58 70 1 63 66 2 77 173 0 163 38 134 78 145 264 291 51 232 74 63 161 124 244 176 254 288 9 19 0 1 53 3 0 9 4 0 0 0 0 3 0 0 0 2 4 0 0 0 0 0 0 0 0 0 0 0 0 0 0 0 0 10 0 0 0 0 0 0 0 8 0 0 8 0 7 13 15 0 22 0 8 15 0 0 0 21 0 24 7 5 42 0 0 0 12 21 38 18 0 0 37 9 14 46 0 0 0 0 0 0 0 0 6 0 0 0 0 0 15 0 0 0 0 0 13 14 0 0 0 0 0 0 3 0 0 0 0 0 0 0 0 0 0 0 0 0 0 0 0 9 0 5 10 0 0 0 9 13 0 0 10 10 1 8 0 0 0 1 0 14 27 23 0 0 10 0 7 0 0 0 0 9 11 17 0 0 0 0 0 0 0 0 0 0 0 0 0 0 0 7 0 0 0 0 14 6 0 0 0 0 0 0 0 0 0 0 0 19 0 0 0 0 0 63 0 1 0 0 0 0 0 0 1 1 0 0 0 11 0 0 0 0 0 0 0 0 0 5 0 0 0 16 0 0 2 0 
 0 0 1 2 0 0 0 0 0 5 0 0 0 0 64 0 0 0 0 0 0 2 1 3 0 0 0 0 0 0 3 0 0 0 0 0 0 0 0 11 42 193 163 0 90 113 98 76 162 458 87 104 60 140 119 218 59 117 67 115 6 54 0 0 25 0 3 0 1 0 1 0 0 0 51 0 0 51 0 1 0 0 0 0 0 0 0 0 0 0 0 0 0 0 0 0 0 0 0 0 0 0 0 0 0 0 0 0 0 0 0 20 0 0 0 0 0 0 0 0 0 0 0 0 42 1 0 0 24 0 8 7 0 0 22 36 18 19 0 7 34 11 2 8 0 0 0 7 0 14 0 0 10 6 0 38 0 0 0 11 0 0 0 0 0 6 0 0 0 0 0 0 0 0 0 0 0 3 0 0 0 0 0 0 0 0 0 0 0 0 0 0 0 0 0 0 0 0 0 0 0 8 0 33 21 1 0 0 29 0 0 19 0 0 0 5 8 29 0 0 0 0 0 11 0 0 3 15 8 19 0 0 15 0 10 0 0 2 35 29 0 0 0 0 0 0 0 0 0 0 0 0 0 0 0 0 0 0 0 11 0 0 0 35 0 5 2 0 1 0 0 0 0 0 0 0 0 0 0 0 0 0 0 0 0 7 0 0 2 0 
 0 0 2 3 0 0 0 3 0 0 0 0 0 0 3 0 0 0 7 0 5 1 1 0 1 1 33 1 8 1 0 0 1 2 0 1 3 1 0 3 26 29 38 90 0 185 262 54 111 139 85 44 259 291 340 114 68 242 46 46 19 2 0 0 0 0 0 2 0 0 0 0 112 22 211 2 0 51 0 0 0 0 0 0 0 9 0 0 0 0 0 0 0 0 0 0 0 0 0 0 0 12 0 0 0 0 0 0 0 7 0 0 0 0 31 6 2 0 0 11 0 0 17 0 0 0 0 0 0 9 9 0 16 0 0 0 0 11 0 0 0 0 0 1 0 0 13 39 32 0 10 0 43 9 11 0 53 0 67 9 0 0 0 0 0 10 5 0 0 0 0 0 0 0 0 0 0 0 0 0 12 0 0 0 0 0 0 3 23 0 0 7 31 0 16 10 0 0 0 0 0 0 0 0 6 0 0 0 0 0 21 0 0 0 0 0 10 8 0 0 59 0 10 0 0 0 16 18 5 0 1 12 50 25 18 0 18 0 23 0 40 0 10 0 0 0 0 0 0 0 0 3 0 3 0 0 0 0 0 1 0 0 1 1 3 2 2 2 0 20 10 0 0 0 0 0 0 0 0 0 0 0 0 0 0 0 0 0 0 4 
 6 8 7 63 8 2 4 2 3 17 2 15 2 8 0 10 2 2 2 2 0 0 0 0 0 0 0 0 0 0 3 0 201 0 2 0 0 29 0 0 45 151 134 113 185 0 464 43 166 337 84 52 31 164 187 590 61 66 45 57 16 0 0 0 0 0 54 66 0 0 0 0 104 0 0 0 0 0 0 1 0 0 1 0 0 0 0 0 0 0 3 0 14 0 3 0 0 1 0 0 0 0 0 0 0 0 0 0 0 0 0 0 1 0 0 0 0 0 0 0 0 0 8 10 10 0 0 0 21 20 10 2 0 0 1 16 10 17 0 0 0 0 1 0 1 0 31 8 0 0 7 0 0 3 0 1 0 0 17 13 0 1 3 5 0 0 9 5 0 0 10 0 0 0 5 6 0 23 0 0 0 0 0 0 0 0 0 0 0 0 0 0 0 1 0 0 0 0 0 0 0 0 0 16 10 12 0 0 22 0 8 0 0 0 0 2 41 14 0 0 44 0 0 0 0 0 0 0 0 33 0 0 19 27 1 0 0 0 31 12 0 0 0 0 0 0 6 0 0 0 0 3 0 58 0 0 0 0 0 0 0 0 0 0 4 1 4 0 0 0 14 0 0 0 0 0 0 0 0 0 0 0 0 0 0 0 0 0 2 0 
 4 0 0 6 0 0 3 0 0 4 0 0 0 0 0 0 0 0 0 0 0 0 0 30 151 153 2 0 0 61 29 191 0 0 0 62 0 24 0 0 97 296 78 98 262 464 0 185 55 35 39 43 222 376 38 44 39 484 480 215 2 0 0 2 16 3 0 0 0 0 0 2 4 0 2 0 0 0 0 1 0 0 0 0 0 0 0 0 0 0 0 0 0 0 0 0 0 0 0 0 0 0 36 0 27 22 0 0 8 19 37 0 0 0 0 0 0 14 0 0 20 18 11 0 0 0 20 20 19 10 0 0 12 16 0 0 70 0 56 39 0 3 0 0 0 0 0 0 0 4 0 0 0 0 0 0 0 0 0 4 0 0 0 0 0 0 0 0 0 14 0 0 0 26 0 1 0 0 0 2 0 0 6 38 10 0 0 0 0 0 0 0 0 0 0 1 3 0 0 0 0 16 31 0 0 0 7 22 0 24 23 0 0 0 51 0 0 0 12 1 0 0 0 0 0 0 0 0 0 0 0 0 0 0 0 0 0 0 0 0 0 0 0 0 0 0 0 0 0 0 0 4 0 2 0 0 0 35 1 1 9 0 2 0 0 106 10 0 0 0 0 0 0 0 0 0 0 0 0 0 0 0 0 0 0 4 14 0 0 0 
 0 0 0 1 0 0 0 0 0 1 0 0 0 0 0 0 2 0 0 0 0 2 62 0 0 59 7 0 1 0 0 0 0 0 7 0 0 7 6 13 71 468 145 76 54 43 185 0 75 345 338 25 91 205 290 138 144 124 293 114 0 58 0 0 0 0 0 0 1 0 0 0 0 0 0 4 0 1 0 0 0 0 0 0 6 1 0 20 0 3 0 0 0 0 0 0 0 1 0 0 0 0 0 0 0 0 14 0 0 0 0 0 0 0 0 0 5 0 9 0 23 0 5 18 3 23 0 18 9 1 33 34 0 2 25 19 30 45 0 2 19 0 20 6 0 10 0 0 52 0 0 0 13 7 0 0 0 0 0 0 9 0 0 0 4 0 0 4 0 0 0 5 0 0 0 0 0 0 0 0 5 0 0 0 0 1 0 10 0 0 0 5 1 0 0 0 0 0 0 0 13 11 59 22 13 42 23 0 0 0 12 19 19 21 10 52 19 16 0 0 0 8 0 0 0 0 20 0 0 0 0 0 6 0 0 0 0 0 25 0 0 0 1 0 0 0 0 0 0 0 0 0 0 1 0 0 0 0 0 0 0 0 0 0 0 21 0 1 0 0 0 0 0 0 0 0 0 0 0 0 0 0 0 0 0 0 0 0 2 0 
 0 0 0 60 0 0 0 0 0 5 0 0 0 0 0 0 0 0 0 0 1 0 0 0 0 0 0 0 0 0 0 1 0 0 0 1 0 0 0 1 31 87 264 162 111 166 55 75 0 120 282 78 77 87 102 153 77 98 105 122 5 50 0 0 20 0 0 6 0 0 0 0 0 0 1 0 0 50 0 50 0 0 0 0 0 0 0 0 0 0 0 0 0 0 0 0 0 0 0 0 0 0 0 0 0 0 0 0 0 0 0 0 0 0 0 0 0 0 0 0 0 5 0 3 40 3 0 0 8 9 28 6 0 0 10 22 14 9 0 14 10 17 0 9 0 0 2 0 0 3 0 0 0 0 0 0 0 23 14 10 0 0 0 0 0 0 2 0 0 0 0 0 0 0 37 0 0 13 0 0 0 0 0 0 0 0 0 0 0 0 0 0 0 0 0 0 0 0 0 0 0 11 0 36 23 8 0 0 14 0 0 38 0 0 0 3 4 20 0 1 0 0 0 6 0 0 7 1 9 11 0 0 0 22 0 0 0 0 15 44 0 0 0 0 0 0 0 0 0 0 0 3 0 0 0 0 0 0 0 1 0 0 1 1 0 2 0 0 0 0 1 0 0 0 0 0 0 0 0 0 0 0 0 0 4 16 0 0 2 0 
 3 3 3 3 3 3 5 3 3 8 3 3 3 3 0 3 54 3 3 3 0 2 0 0 0 0 0 0 0 0 0 0 0 0 2 0 0 0 0 0 41 86 291 458 139 337 35 345 120 0 161 151 31 76 455 127 59 333 76 456 0 118 0 0 0 0 0 0 0 51 0 0 0 0 0 0 0 1 0 0 0 0 0 0 0 0 0 0 0 0 0 0 0 0 0 0 0 0 0 0 0 0 0 0 0 0 0 0 0 0 0 0 0 0 0 0 0 0 0 0 0 10 2 1 2 10 5 22 6 22 25 65 10 7 21 12 0 50 0 0 30 0 3 3 0 0 0 0 0 0 0 0 21 10 0 0 10 9 0 11 0 14 0 0 0 0 5 0 0 0 0 1 0 0 0 0 0 0 0 0 0 0 0 0 0 9 0 0 0 0 0 0 0 0 0 0 0 0 0 0 0 0 1 1 50 62 0 20 9 13 2 0 1 5 10 9 36 33 5 0 0 0 0 0 0 0 7 8 0 0 0 0 21 21 0 0 0 0 12 1 0 0 0 0 0 0 0 0 0 0 0 5 0 0 0 0 0 0 0 13 0 0 0 0 0 0 0 0 0 0 0 0 0 0 0 0 0 0 0 0 0 0 0 0 5 8 0 0 1 0 
 0 0 2 0 0 0 0 2 0 2 0 0 0 0 0 0 0 0 0 0 0 0 0 0 0 62 0 0 2 0 0 0 0 0 0 0 3 0 0 0 33 48 51 87 85 84 39 338 282 161 0 92 35 33 125 337 99 171 65 54 0 4 0 0 0 0 0 0 47 0 45 0 22 0 52 0 5 1 0 53 0 22 0 0 0 7 0 0 0 0 0 0 0 0 0 13 0 8 0 0 0 10 0 0 0 0 0 0 0 0 0 0 0 0 0 0 0 0 0 0 19 3 11 7 0 43 0 0 0 10 3 21 0 0 0 0 0 69 0 0 27 12 0 8 0 21 0 6 0 12 0 0 10 0 0 25 4 0 1 1 0 0 0 0 0 4 0 0 0 0 0 0 0 0 0 0 0 4 0 0 0 0 0 0 0 0 0 0 0 0 0 0 0 0 0 0 0 0 0 0 20 25 24 9 11 12 0 0 1 0 8 9 9 19 8 9 11 0 0 0 0 0 0 21 0 4 0 12 26 15 0 0 32 14 10 12 0 16 2 22 0 0 19 0 0 0 0 0 0 0 0 0 0 0 0 0 0 0 0 9 0 0 36 33 1 10 4 67 2 0 0 0 0 0 0 0 0 0 0 0 0 0 0 0 10 0 0 13 1 0 
 0 0 0 0 0 32 3 0 0 2 0 0 0 0 2 0 2 0 0 2 2 0 70 0 0 0 64 0 0 1 1 2 2 0 1 63 1 0 0 68 43 47 232 104 44 52 43 25 78 151 92 0 28 290 20 37 83 77 36 448 7 6 0 0 1 2 0 0 0 12 0 1 21 5 51 0 0 1 4 0 0 0 0 0 0 0 0 0 0 0 0 6 0 0 0 0 0 0 0 0 0 0 0 0 0 0 0 0 21 0 0 0 0 0 0 0 0 0 0 0 0 0 0 4 0 3 0 0 0 0 0 6 0 0 0 0 0 5 0 0 23 15 0 13 0 2 3 8 0 25 0 0 11 20 0 10 17 15 0 0 0 0 0 0 0 23 0 0 0 0 0 0 0 0 0 0 0 10 1 0 0 0 14 0 0 0 0 0 0 0 0 0 14 10 0 0 7 0 12 9 0 0 0 2 30 0 0 0 0 0 0 0 0 0 0 0 0 8 0 0 0 0 0 34 1 0 28 19 20 30 28 16 12 13 9 21 1 4 14 24 0 0 0 0 0 0 0 0 0 0 0 1 0 0 0 0 0 0 0 3 0 0 3 34 0 10 0 0 1 0 4 0 0 0 0 3 6 0 0 0 0 0 0 0 0 2 0 0 2 0 
 0 2 0 2 2 0 2 4 2 1 2 2 1 0 2 2 1 0 2 0 2 2 2 150 66 109 2 65 5 1 65 63 2 2 2 1 5 55 2 2 39 49 74 60 259 31 222 91 77 31 35 28 0 65 43 54 37 35 132 34 0 0 0 0 8 0 0 0 0 0 0 0 0 0 0 0 0 2 0 0 0 0 0 0 0 0 0 0 0 0 0 0 0 10 0 0 0 0 20 0 0 19 35 0 19 21 0 0 9 21 23 12 0 0 0 0 0 18 0 0 15 8 0 0 0 0 31 10 0 0 0 0 2 6 0 0 0 0 5 0 0 0 0 0 0 0 0 0 0 0 0 0 0 0 0 0 18 0 0 0 0 0 0 0 0 0 0 0 0 6 0 0 0 0 0 0 0 0 0 6 0 0 17 1 11 0 0 0 19 0 0 0 0 0 0 0 0 0 0 0 0 0 0 0 0 0 37 36 0 0 0 0 0 7 1 0 0 0 0 14 0 0 0 0 0 0 0 0 0 0 0 0 0 0 0 0 21 0 0 0 0 0 0 0 0 0 0 0 0 0 0 0 0 0 0 0 0 56 0 0 9 0 0 0 2 2 0 0 0 0 0 0 0 0 0 0 0 0 0 0 0 0 0 0 0 11 0 0 1 0 
 3 0 0 0 0 29 0 2 0 0 0 0 0 2 0 0 0 0 0 0 7 1 62 1 2 2 64 1 4 2 2 1 3 8 4 63 7 5 0 69 60 333 63 140 291 164 376 205 87 76 33 290 65 0 102 394 313 41 95 313 4 0 0 0 16 0 0 3 3 0 0 0 7 4 0 0 0 5 4 0 0 0 0 0 0 2 0 9 0 0 0 13 0 0 0 0 0 0 11 0 5 6 0 0 0 0 0 0 0 0 5 0 0 3 46 2 0 0 0 5 6 9 0 22 28 0 0 0 19 13 0 22 0 0 29 21 39 24 0 0 0 0 6 0 0 0 5 0 0 0 0 0 0 2 0 0 0 0 0 0 0 0 0 0 0 16 0 4 0 0 0 3 0 0 0 0 0 0 0 0 0 0 7 3 40 0 0 0 31 0 0 4 29 18 18 2 12 2 16 12 14 0 15 19 0 21 0 0 20 0 0 0 2 9 0 26 0 9 0 0 0 8 0 0 0 0 21 0 0 0 0 0 23 0 0 0 0 0 8 0 0 0 8 0 0 0 0 0 0 0 0 2 0 1 0 0 0 2 0 2 0 0 0 0 0 17 2 2 0 0 1 0 0 0 0 0 7 0 0 0 0 0 0 0 0 0 0 0 2 0 
 3 0 0 0 0 0 0 0 0 4 0 59 0 0 0 0 0 0 0 0 0 2 0 0 0 72 0 0 3 0 0 0 0 0 0 0 3 0 1 0 100 141 161 119 340 187 38 290 102 455 125 20 43 102 0 206 38 170 343 72 0 11 0 1 6 0 4 2 2 0 0 0 0 0 0 0 0 6 0 1 0 0 0 0 0 0 0 0 0 0 0 0 0 0 0 0 0 0 0 0 0 0 0 0 0 0 0 0 0 0 0 0 0 0 0 0 0 0 0 0 18 0 20 0 14 13 0 11 13 13 22 27 0 14 14 14 11 49 0 1 19 0 6 0 0 0 0 0 0 0 0 0 21 2 0 0 0 0 4 9 0 0 0 0 0 0 4 0 0 0 0 0 0 0 0 0 0 0 0 0 0 0 0 0 0 12 0 0 0 0 0 12 0 0 0 0 0 0 0 0 0 0 14 3 25 33 5 0 10 11 69 1 34 0 12 40 53 16 0 14 0 0 0 0 0 0 0 0 0 0 0 0 4 11 0 0 0 1 9 0 0 0 0 0 0 0 0 0 0 0 0 2 0 0 1 0 0 0 0 0 0 0 0 0 0 1 0 1 0 0 1 0 0 0 0 0 0 0 0 0 0 0 0 0 0 18 0 14 2 0 
 0 3 2 0 0 0 0 0 0 1 0 79 0 57 0 0 0 2 1 0 6 3 3 3 5 3 3 3 4 66 9 10 70 3 66 3 3 3 3 6 46 130 124 218 114 590 44 138 153 127 337 37 54 394 206 0 388 281 47 112 1 0 2 0 4 0 0 3 0 0 0 0 0 0 0 0 0 1 49 54 0 0 15 0 0 0 0 0 0 0 0 0 0 0 0 0 0 0 37 0 0 0 1 16 0 0 0 0 0 0 0 0 0 0 0 0 0 0 9 0 13 2 25 18 39 0 4 6 17 27 14 1 0 4 15 19 12 36 0 0 12 0 21 0 0 0 18 0 0 0 0 0 0 7 0 0 0 0 24 19 0 0 0 0 0 0 0 5 0 0 0 4 0 19 0 0 0 0 0 0 0 0 0 0 0 5 0 0 3 0 1 15 0 0 0 0 0 0 0 0 16 6 34 7 11 9 0 0 82 1 0 0 12 15 3 12 13 28 14 0 0 0 0 0 0 0 18 0 5 0 0 0 0 0 0 78 0 0 14 4 0 0 0 0 0 0 2 0 0 0 0 5 0 0 0 0 0 0 3 8 0 0 2 0 1 6 0 0 0 0 0 0 0 0 0 0 0 0 0 0 0 0 0 0 13 9 0 0 1 0 
 2 1 2 1 0 0 0 0 0 6 0 0 0 0 1 0 0 0 0 0 7 0 0 2 2 62 0 65 0 0 2 0 0 53 3 0 0 1 0 2 38 477 244 59 68 61 39 144 77 59 99 83 37 313 38 388 0 131 128 422 0 80 0 0 23 2 0 5 5 0 0 2 3 0 2 0 0 56 0 74 0 0 0 0 0 5 0 0 0 0 0 0 0 0 0 0 0 0 0 0 7 29 0 0 0 0 0 0 0 0 2 29 0 0 6 7 0 0 0 11 7 0 9 23 31 26 0 0 18 0 3 0 0 14 19 16 30 0 0 7 0 0 0 0 0 0 0 0 0 0 0 0 0 0 0 0 0 0 0 0 0 0 0 0 0 0 0 1 0 0 0 5 0 0 0 0 0 0 0 0 0 11 0 1 10 10 0 0 5 0 0 10 4 0 9 31 2 2 5 2 6 8 11 41 8 8 3 0 0 0 4 26 23 32 9 20 0 0 0 30 0 0 0 7 0 0 6 0 10 0 0 0 0 0 0 0 0 0 14 0 0 0 4 0 0 0 0 0 0 0 0 2 0 2 0 0 0 0 0 1 0 0 0 0 0 13 0 0 0 0 9 0 0 0 2 0 0 0 0 0 0 0 0 0 11 0 0 0 2 0 
 2 2 2 2 2 2 4 4 37 2 2 2 3 2 0 2 2 2 2 2 0 0 2 0 0 54 0 0 3 0 1 0 1 0 0 0 3 0 0 0 38 44 176 117 242 66 484 124 98 333 171 77 35 41 170 281 131 0 35 167 0 53 0 0 24 0 0 0 0 0 0 0 0 3 0 0 0 51 0 0 0 0 0 0 0 0 0 0 0 0 0 0 11 0 0 0 0 0 0 0 0 0 0 0 0 0 0 0 0 0 0 0 0 0 0 0 0 0 0 0 17 23 12 0 26 15 5 75 17 23 20 63 11 5 28 22 30 6 21 7 0 0 5 8 0 16 0 0 0 2 0 0 0 1 0 0 0 0 0 3 0 15 2 0 0 0 13 0 0 0 0 0 0 0 0 0 0 0 0 0 0 0 0 0 0 6 13 0 0 0 0 0 0 0 0 0 0 0 0 0 0 28 25 25 11 62 9 8 7 7 20 19 12 18 24 50 10 0 4 0 0 0 0 0 0 0 0 0 0 0 0 0 0 0 0 0 0 0 6 0 0 0 0 0 0 0 1 0 0 0 0 3 0 0 0 0 2 0 0 13 0 0 1 0 1 14 2 2 0 0 0 0 0 0 0 0 0 0 0 0 0 0 0 0 14 0 0 0 1 0 
 0 0 0 0 1 0 2 2 0 0 0 2 0 0 0 0 0 5 0 0 3 3 0 61 0 0 0 0 2 0 0 82 0 0 0 0 50 0 0 3 138 140 254 67 46 45 480 293 105 76 65 36 132 95 343 47 128 35 0 144 0 3 0 0 0 0 0 0 0 0 6 0 0 0 0 0 0 51 0 0 0 0 0 0 0 0 0 0 0 0 7 0 0 0 0 0 0 0 0 0 0 0 12 0 0 14 0 0 0 0 0 10 0 0 0 0 0 7 0 0 0 13 4 1 7 7 21 0 40 6 0 1 0 16 0 0 56 0 19 15 0 0 0 0 0 0 0 0 0 0 0 0 0 0 0 0 0 0 0 0 0 0 0 0 0 0 0 6 0 0 0 0 0 0 0 0 0 0 11 0 0 0 6 0 0 3 0 0 0 0 0 4 0 0 0 0 0 0 0 0 0 13 0 0 6 0 20 27 17 50 12 22 0 32 14 0 0 0 30 30 0 0 0 0 0 0 0 0 0 0 0 10 0 0 0 0 0 0 0 0 0 0 0 0 0 0 0 0 0 0 0 5 0 0 0 0 0 0 0 11 0 0 1 0 0 3 0 0 0 0 0 0 0 0 0 1 0 0 0 0 0 0 0 0 0 0 0 0 0 0 
 2 0 0 5 0 0 0 0 0 6 0 0 0 0 0 0 0 0 0 0 3 0 0 0 76 0 3 0 0 0 0 1 0 0 3 64 0 0 3 3 185 126 288 115 46 57 215 114 122 456 54 448 34 313 72 112 422 167 144 0 0 26 5 6 50 0 0 0 0 0 0 0 0 0 0 0 0 4 0 0 0 0 0 0 11 5 0 0 0 6 0 0 0 0 0 0 0 0 0 0 1 5 0 15 0 0 2 0 0 5 32 0 0 0 0 2 9 0 0 5 11 15 8 11 10 0 16 11 1 4 22 2 6 0 11 6 0 0 24 1 0 0 0 4 0 0 0 0 0 5 0 0 18 0 0 0 0 0 0 4 4 0 0 0 4 7 0 3 0 0 0 0 0 0 0 0 0 0 0 0 0 0 0 5 16 0 0 0 2 0 0 0 2 0 0 0 19 14 0 0 1 18 0 20 10 2 0 20 12 0 3 0 0 45 23 11 6 0 5 0 0 8 0 0 0 0 0 0 0 0 0 0 0 0 0 0 0 0 0 0 0 0 0 0 0 0 0 0 0 0 0 2 0 1 0 0 0 62 0 14 0 0 2 0 0 7 4 0 0 0 0 0 0 0 0 0 0 0 0 0 0 0 0 0 0 0 34 0 2 0 
 2 0 0 0 0 0 2 3 0 2 0 0 0 0 2 0 0 0 0 0 0 2 0 0 0 0 0 0 0 0 0 0 0 0 0 7 2 0 0 0 0 0 9 6 19 16 2 0 5 0 0 7 0 4 0 1 0 0 0 0 0 112 199 54 253 40 197 148 60 520 114 86 79 106 50 553 53 106 62 111 0 0 0 0 0 1 0 0 0 0 0 0 0 0 0 0 0 0 0 0 0 0 0 0 0 0 0 0 0 0 0 0 0 0 0 0 0 0 5 0 0 11 0 3 3 0 0 0 6 6 0 4 0 0 17 0 18 0 0 0 13 4 0 8 1 43 45 0 5 0 7 0 0 0 12 0 14 0 0 2 0 5 0 0 0 0 0 0 0 0 0 0 10 0 0 0 0 6 0 0 0 0 0 0 0 0 0 0 1 0 0 0 0 0 0 0 0 0 0 0 0 0 0 0 0 12 0 0 4 0 0 0 0 0 0 0 2 0 0 0 32 75 13 0 37 0 6 27 0 12 11 2 21 26 0 9 13 15 0 0 10 0 0 0 0 0 0 0 0 0 0 0 0 54 0 0 0 0 0 0 0 0 26 0 0 0 0 0 0 0 15 2 0 2 0 53 0 0 0 0 0 0 0 0 0 0 0 0 0 0 
