 0 81 76 453 476 27 352 148 127 124 111 143 60 154 148 117 270 256 41 121 1 0 0 0 2 0 0 0 0 0 0 2 43 2 1 0 1 3 0 76 3 0 0 5 0 0 0 3 0 9 29 0 2 0 0 0 0 0 1 0 0 0 0 0 10 0 0 0 0 0 0 4 0 0 0 0 3 0 3 0 30 0 0 0 0 20 0 35 11 22 0 0 0 1 0 1 14 44 25 25 0 2 0 0 0 0 0 0 0 0 0 0 0 0 0 0 0 0 0 10 0 0 0 0 0 0 0 0 0 12 0 0 2 0 0 0 0 0 0 0 0 0 0 0 5 0 0 3 0 0 5 25 0 0 0 0 0 0 0 0 19 10 34 14 0 20 18 86 7 10 11 14 0 0 31 1 17 9 28 9 0 0 0 0 0 1 0 0 0 0 0 0 0 0 0 0 0 0 25 0 1 9 0 0 0 0 0 0 0 0 0 0 0 0 0 0 0 0 0 0 0 0 0 0 0 0 0 0 0 0 0 0 0 0 0 0 0 0 0 0 0 0 0 0 0 2 2 2 0 0 0 2 0 0 0 0 0 0 0 0 0 0 20 0 0 0 0 0 0 0 0 0 0 0 0 12 0 0 0 0 0 0 0 0 0 0 0 0 0 0 
 81 0 100 126 43 37 292 180 148 186 126 42 240 66 155 215 81 25 266 115 1 0 0 2 2 1 0 0 0 0 25 2 0 0 0 1 0 0 3 0 3 2 1 0 0 3 0 0 0 3 0 0 0 0 0 0 0 0 0 0 0 5 0 0 0 0 40 0 0 0 0 2 0 0 8 0 7 0 3 0 37 42 0 0 0 1 10 38 0 5 5 0 10 22 13 9 38 30 0 20 0 0 0 0 0 0 0 0 0 0 0 0 0 0 0 0 0 0 1 7 0 0 0 0 0 0 0 0 0 0 0 0 0 2 0 0 0 0 0 0 0 0 0 0 0 0 0 0 0 0 0 0 0 0 0 0 0 0 0 9 0 1 30 1 14 0 15 12 20 10 26 0 4 13 1 1 37 15 12 20 2 0 1 0 0 0 0 0 0 0 0 0 0 2 0 0 0 0 1 0 0 0 0 0 0 0 0 0 0 0 0 0 0 0 0 0 0 0 0 0 0 0 0 0 0 0 0 0 0 0 0 14 0 0 0 0 0 0 0 0 0 13 0 0 0 0 7 0 87 0 0 0 0 0 1 0 0 0 0 0 1 0 17 0 0 0 0 0 0 0 0 0 0 0 0 0 0 0 0 0 0 0 0 0 0 0 0 0 0 0 
 76 100 0 174 132 32 90 243 189 247 54 139 219 48 58 291 130 40 257 52 4 0 0 0 2 0 0 1 0 1 0 2 0 75 0 0 0 2 98 2 3 0 0 0 0 0 0 0 0 2 11 0 0 0 0 0 0 28 0 0 0 0 0 0 9 0 0 0 0 0 0 2 0 0 0 0 52 0 3 0 6 17 23 34 24 20 14 11 33 30 0 38 0 0 14 23 28 45 0 0 18 0 0 0 0 0 0 0 0 0 0 0 1 12 7 0 0 0 14 0 0 0 0 0 0 0 0 0 0 0 0 0 0 0 0 0 0 0 0 0 0 0 0 0 0 0 0 0 0 0 0 0 0 11 0 20 0 0 0 0 0 26 0 17 30 62 0 13 13 0 0 48 0 0 31 16 0 0 0 0 0 0 0 0 0 0 16 0 0 0 0 0 6 12 0 0 0 0 17 47 0 0 0 0 0 0 0 0 0 0 0 0 0 0 0 0 0 0 0 0 0 0 0 0 0 0 0 1 0 14 0 0 0 0 0 0 0 0 0 0 0 0 0 0 0 0 8 2 0 2 13 5 0 0 0 0 0 0 0 0 0 0 0 0 0 0 0 0 0 0 0 0 0 0 0 11 10 11 0 0 0 0 0 0 0 0 0 0 0 0 
 453 126 174 0 214 119 110 109 799 376 36 376 181 227 120 144 33 176 60 73 0 0 2 0 2 0 0 66 0 0 0 3 0 2 3 0 0 0 1 74 5 0 0 0 0 0 0 0 0 2 3 0 0 0 0 0 0 0 0 3 0 0 0 0 0 0 0 0 0 0 0 3 0 0 0 0 0 0 3 0 1 33 30 22 39 15 0 0 23 23 9 13 0 0 0 32 30 0 15 18 0 0 0 0 0 0 0 2 1 0 0 0 0 70 0 0 0 2 33 0 0 0 0 2 0 0 0 0 0 0 0 0 0 0 0 0 0 0 0 0 0 0 0 0 9 0 0 15 0 0 26 5 0 0 0 0 5 0 0 0 0 0 8 46 30 1 0 12 23 13 6 0 7 1 4 11 0 16 1 0 22 13 0 0 0 0 0 2 0 0 0 0 2 2 2 17 0 0 13 0 0 1 0 0 0 0 0 0 0 0 0 0 0 1 0 0 0 0 0 0 0 0 0 0 1 2 0 0 0 0 0 0 0 0 0 0 0 0 0 0 0 0 0 0 0 2 3 0 4 2 9 2 0 0 0 0 0 0 0 0 0 0 0 0 0 0 0 0 0 0 0 0 0 0 0 16 9 0 0 0 0 0 0 0 0 0 0 0 0 0 
 476 43 132 214 0 186 49 185 255 107 81 128 134 156 71 380 266 217 64 289 5 0 0 0 2 0 36 35 34 0 0 2 75 0 92 18 0 0 17 230 3 0 0 0 0 0 63 0 0 3 0 0 0 0 0 0 0 0 0 0 0 0 0 0 0 0 0 0 1 0 0 51 0 0 0 0 0 0 3 0 5 12 8 27 0 16 0 0 44 41 10 1 0 0 2 54 43 0 0 0 0 1 8 0 0 0 9 0 16 0 0 0 10 15 6 0 0 0 28 0 0 0 0 20 0 0 0 0 1 0 0 0 0 0 0 0 0 0 0 0 0 0 0 0 1 0 0 1 0 0 2 3 3 0 1 0 7 0 0 0 0 37 0 0 39 0 0 0 0 17 8 0 0 0 0 5 9 10 0 0 11 29 7 0 0 0 0 10 0 10 2 0 7 0 11 13 10 0 0 0 0 0 0 0 0 0 0 0 0 0 0 0 0 0 1 0 0 0 1 1 0 1 0 0 0 0 0 0 0 0 0 0 0 0 0 0 0 0 0 12 0 0 0 0 0 3 4 0 3 3 17 16 18 0 0 0 0 0 0 0 0 0 0 0 0 0 0 0 0 0 0 0 0 0 0 14 0 0 0 0 0 0 0 0 0 1 0 0 0 0 
 27 37 32 119 186 0 24 239 53 66 147 180 251 41 49 137 88 171 48 56 1 0 1 0 2 1 240 4 2 25 0 2 2 154 163 78 0 2 39 100 3 10 0 0 1 0 0 0 8 13 0 0 0 0 1 0 8 10 0 0 0 0 0 0 0 0 0 0 0 0 0 38 0 0 0 0 0 0 2 1 0 0 3 0 10 13 0 0 0 1 1 0 0 0 0 0 19 0 0 0 0 12 26 0 0 0 53 21 53 14 1 0 8 21 40 1 29 10 23 22 0 0 0 0 0 0 0 0 0 0 0 0 6 0 0 0 0 0 0 0 0 0 0 0 0 0 0 0 0 0 0 0 0 0 0 0 0 0 0 0 0 0 0 0 1 45 0 0 0 0 0 14 0 0 0 0 0 1 0 0 48 42 0 1 0 0 0 11 0 16 0 9 34 18 9 14 18 0 29 41 0 0 0 0 0 0 0 0 0 0 0 2 0 0 0 0 0 0 0 0 0 2 0 0 0 0 0 0 0 0 0 0 0 0 0 0 0 0 0 0 0 0 1 0 0 4 0 2 7 2 19 1 0 0 0 0 0 0 0 0 0 0 0 0 0 0 0 0 0 0 0 0 0 0 0 0 0 0 0 0 0 2 0 0 0 0 0 0 0 0 
 352 292 90 110 49 24 0 213 210 58 53 115 221 165 245 80 198 134 265 275 2 0 0 0 2 1 0 0 2 0 0 2 0 0 0 0 0 0 0 0 3 0 0 0 0 0 0 0 0 2 0 0 0 0 0 0 3 0 0 0 0 0 0 0 0 0 0 0 0 0 0 2 0 0 1 0 0 0 3 0 11 35 0 12 18 0 10 18 15 2 7 15 0 1 1 9 19 12 22 3 0 0 0 0 0 15 0 0 0 0 0 0 0 0 1 0 0 0 0 11 0 0 0 0 0 0 0 0 0 0 0 0 0 0 0 0 0 0 0 0 0 0 0 0 31 0 0 0 0 0 0 1 0 0 6 0 0 0 0 0 14 0 28 18 6 0 0 20 10 14 81 0 25 17 0 1 23 51 27 29 0 0 0 0 2 0 0 0 0 0 0 0 0 0 0 0 0 0 4 0 0 0 0 0 0 0 0 0 2 0 0 0 0 0 0 0 0 0 0 0 0 0 0 0 0 0 0 0 0 0 0 0 0 1 0 0 0 0 0 2 0 14 0 0 0 2 89 0 3 1 0 3 0 0 0 0 0 0 0 0 0 0 10 0 0 0 0 0 0 0 0 0 0 0 0 0 0 0 0 0 0 0 0 0 0 0 0 0 0 0 
 148 180 243 109 185 239 213 0 375 142 134 161 97 212 165 370 298 71 279 56 2 0 0 0 2 0 0 2 0 0 0 2 0 2 0 0 0 0 86 43 54 0 0 0 0 0 0 0 0 3 6 0 0 0 0 0 0 0 0 0 0 0 0 0 0 0 0 0 0 0 0 2 0 0 0 0 0 0 3 0 19 11 19 2 0 0 2 0 13 19 0 20 0 0 16 40 0 29 0 0 0 0 0 0 0 0 0 0 0 1 0 0 0 0 0 0 0 0 0 0 0 0 0 0 0 20 0 0 0 0 0 0 0 0 0 0 0 0 0 0 1 0 0 0 0 0 0 0 0 0 0 0 2 0 0 1 0 0 0 0 7 48 14 0 21 9 0 0 0 22 0 0 20 20 0 30 11 47 11 0 0 22 0 0 0 0 0 0 0 0 0 0 0 1 0 11 0 1 0 18 0 0 0 0 18 0 0 1 0 0 2 0 0 0 0 0 0 0 0 0 0 0 0 0 19 0 0 0 0 0 0 0 0 0 0 0 0 0 0 0 0 15 0 0 0 1 92 0 0 0 0 92 0 0 0 0 0 0 0 0 0 0 0 0 0 0 0 0 0 0 0 0 0 0 0 0 0 0 0 0 0 0 0 0 0 0 0 0 0 0 
 127 148 189 799 255 53 210 375 0 432 180 259 205 239 359 383 148 295 165 62 4 0 0 0 4 0 0 0 3 0 3 2 4 0 0 2 0 0 78 83 3 0 0 3 0 0 0 3 3 3 0 0 0 0 0 3 2 0 0 0 4 3 0 0 0 0 0 3 0 0 0 2 50 3 2 2 0 0 3 0 12 9 37 33 31 19 0 31 24 35 22 35 0 13 19 28 16 13 0 0 10 1 0 0 0 0 1 0 0 0 0 0 0 13 0 0 0 0 7 6 0 0 0 57 0 0 0 0 0 0 0 0 0 0 0 0 0 0 0 0 0 0 0 0 1 0 0 0 1 0 0 0 0 0 0 8 0 1 0 0 0 0 18 16 29 27 0 9 54 21 26 17 5 22 13 12 0 24 0 17 10 10 0 0 0 0 20 0 0 0 0 0 0 14 0 0 0 0 23 0 0 0 0 0 0 0 0 0 0 0 0 0 0 0 0 0 0 0 0 0 0 0 0 0 0 0 0 0 0 0 0 0 0 0 0 0 0 0 0 0 0 77 0 0 0 1 176 2 1 90 14 0 16 0 0 0 0 0 0 0 0 0 27 0 0 0 0 0 0 0 0 0 0 0 0 0 52 17 0 0 0 0 0 0 0 0 0 0 0 0 
 124 186 247 376 107 66 58 142 432 0 306 499 785 169 101 247 131 156 107 278 2 2 2 2 3 0 3 2 2 0 2 2 0 3 3 0 2 0 79 8 3 31 2 48 2 2 0 0 0 3 7 0 45 0 0 0 2 2 0 2 0 0 0 0 9 0 0 0 0 3 0 4 0 0 21 0 3 4 2 0 2 71 28 15 13 33 57 13 18 19 1 58 4 0 31 1 16 25 0 0 9 1 0 0 0 0 0 14 0 0 0 0 7 10 0 0 0 0 11 0 0 0 0 0 0 0 0 0 0 0 0 0 0 0 0 0 0 0 0 0 0 0 0 0 0 0 0 0 0 12 0 0 0 0 0 6 1 0 0 0 19 19 0 11 0 19 0 9 0 16 1 0 0 13 28 1 0 0 0 0 10 0 0 0 0 0 19 13 0 0 1 0 17 44 0 17 0 0 23 3 0 0 0 0 0 0 0 0 0 0 0 0 21 0 2 22 0 0 0 2 0 2 0 0 0 0 0 0 0 0 0 0 0 0 0 0 0 1 0 0 0 0 0 0 0 0 88 0 3 0 1 0 0 0 0 0 0 0 0 0 0 0 0 0 0 0 0 0 0 0 0 0 0 0 0 18 0 15 0 0 0 0 0 0 0 2 0 0 0 0 
 111 126 54 36 81 147 53 134 180 306 0 146 46 230 233 170 372 227 41 48 74 0 0 0 2 0 0 0 0 0 0 2 1 1 0 0 0 0 0 78 3 0 0 0 0 0 0 0 0 2 0 0 0 0 0 0 0 0 0 0 0 0 0 0 6 29 0 0 0 0 0 2 0 0 0 0 5 0 3 0 30 24 26 9 3 28 0 9 29 0 0 20 13 0 40 39 24 24 10 0 0 0 0 0 0 0 11 0 9 0 0 0 14 0 0 0 0 8 24 16 0 0 0 0 0 0 0 0 0 0 0 0 0 1 0 0 0 0 0 0 0 0 0 0 0 0 0 0 0 0 0 0 0 0 0 0 0 0 0 0 0 28 10 0 1 22 0 23 2 16 8 5 0 20 5 0 12 14 0 17 12 0 0 0 0 0 0 0 0 0 0 0 0 3 0 0 0 0 27 11 0 0 0 0 0 0 0 0 0 0 0 0 0 0 0 0 0 0 0 0 0 0 0 0 0 0 0 0 19 0 0 0 0 0 0 0 0 0 0 0 0 35 0 0 0 0 89 0 0 92 1 0 0 0 0 0 0 0 0 0 1 0 19 0 0 0 0 0 0 0 0 0 0 0 0 0 9 0 0 0 0 0 0 0 0 0 0 0 0 0 
 143 42 139 376 128 180 115 161 259 499 146 0 265 31 31 210 160 203 23 284 91 0 0 0 4 0 106 27 0 0 0 2 75 0 66 208 0 2 0 79 3 0 0 0 0 1 0 0 1 2 0 0 0 0 0 0 0 0 0 0 0 0 0 0 2 0 0 0 0 0 0 2 0 0 0 0 0 0 3 0 0 0 0 0 20 68 0 0 0 23 10 0 0 0 0 35 0 0 0 0 0 10 8 0 0 0 12 36 34 1 25 0 16 10 16 6 0 9 21 38 0 0 0 0 29 0 0 0 0 0 0 0 0 0 0 0 17 0 0 0 0 0 0 0 0 0 0 0 11 0 0 0 0 3 0 0 0 0 0 0 0 0 0 13 59 5 0 0 0 0 0 0 0 0 19 0 0 0 0 0 54 27 0 0 0 0 1 12 0 16 0 1 20 16 5 14 44 0 49 17 0 0 0 0 0 0 0 0 0 0 0 0 0 0 0 0 0 0 0 0 0 0 0 0 0 0 0 0 0 0 0 0 0 0 0 0 0 0 0 0 0 0 1 0 0 2 0 1 5 6 0 9 0 0 0 0 0 0 0 0 0 0 0 0 0 0 0 0 0 0 0 0 0 0 0 16 39 0 0 0 0 1 0 0 0 0 0 0 0 0 
 60 240 219 181 134 251 221 97 205 785 46 265 0 92 193 233 48 25 595 371 1 0 0 0 2 0 0 3 1 0 0 2 0 0 0 1 0 3 1 0 3 0 0 0 0 0 0 0 0 3 0 0 0 0 0 0 0 0 1 0 0 0 0 0 0 0 0 0 0 0 0 2 0 0 0 0 0 0 3 0 2 12 0 4 1 0 41 19 0 17 33 15 14 11 31 0 24 10 32 0 0 0 0 0 0 0 0 2 0 0 0 0 1 0 0 0 0 0 0 0 0 0 0 0 16 0 0 2 0 0 0 0 0 0 0 1 2 0 0 0 0 0 0 0 0 0 0 0 0 0 0 0 0 0 0 0 0 0 0 0 34 0 0 18 0 0 20 0 16 17 11 28 2 29 0 16 18 1 0 0 0 0 0 0 0 0 0 0 0 0 0 0 0 0 0 0 0 0 0 0 0 0 0 0 0 0 0 0 0 2 0 0 0 0 0 9 0 0 0 0 0 1 0 0 0 0 0 0 0 0 0 0 0 0 0 0 0 0 0 0 0 0 0 0 0 0 0 0 7 0 0 4 0 0 0 0 0 0 0 2 0 0 0 0 0 0 0 0 0 0 0 0 0 0 5 0 0 0 0 0 0 0 0 0 0 0 0 0 0 0 
 154 66 48 227 156 41 165 212 239 169 230 31 92 0 198 36 223 125 395 110 2 0 1 57 2 0 0 0 0 0 0 2 5 0 0 0 0 0 0 1 3 0 0 0 0 0 0 0 0 3 0 0 0 0 0 0 0 0 64 0 0 0 0 0 0 0 0 0 0 30 0 2 0 56 7 0 2 0 3 0 21 35 19 36 13 15 18 1 16 0 9 43 37 21 40 26 33 37 12 37 0 0 1 0 0 0 0 0 0 0 0 0 0 0 0 0 2 0 11 0 0 0 0 0 0 0 0 0 0 0 0 0 0 0 0 0 0 0 0 0 0 0 14 0 0 0 0 0 0 0 0 0 0 0 0 0 6 0 0 0 14 18 28 0 5 1 13 13 14 9 12 6 34 9 8 11 5 10 11 4 0 0 0 0 0 0 11 0 0 0 0 0 0 0 0 0 0 0 20 0 0 0 0 0 0 0 0 0 0 0 0 0 0 0 0 0 0 0 0 0 1 0 0 0 0 0 0 0 0 0 0 0 0 0 1 0 0 0 0 0 0 0 0 0 0 0 0 2 0 91 0 9 0 0 0 0 0 0 0 0 0 0 0 0 0 0 0 0 0 1 0 0 0 0 0 0 0 0 0 0 0 0 0 0 0 0 0 0 0 0 
 148 155 58 120 71 49 245 165 359 101 233 31 193 198 0 161 181 37 573 572 1 0 0 0 2 3 0 0 0 0 2 2 0 0 0 0 0 3 0 0 3 0 0 63 0 0 0 0 0 3 0 0 0 0 0 0 0 0 0 0 3 5 0 0 0 0 0 0 0 0 2 2 0 7 0 0 0 0 2 0 11 26 19 10 14 16 0 55 4 0 6 0 1 0 0 9 0 15 9 8 0 0 0 0 0 0 0 10 0 0 1 0 0 0 0 0 0 0 10 9 0 0 0 0 0 0 0 0 0 0 0 0 0 0 2 0 9 0 0 0 0 0 0 0 1 0 0 6 0 0 2 2 0 0 1 0 1 0 0 0 1 0 29 6 22 0 0 37 6 13 10 11 0 8 16 8 37 18 0 13 0 5 1 7 0 0 0 0 0 0 0 0 0 0 0 0 0 0 12 0 0 0 0 0 0 1 0 9 0 0 0 0 0 0 0 0 2 0 0 0 0 0 0 0 0 0 0 0 0 0 0 0 1 0 0 0 0 0 0 0 0 10 0 0 0 1 4 0 87 6 0 4 0 0 0 0 0 0 0 0 0 0 15 0 0 0 0 0 0 0 0 0 0 0 0 7 0 0 0 0 6 0 0 0 0 0 0 0 0 0 
 117 215 291 144 380 137 80 370 383 247 170 210 233 36 161 0 80 107 107 143 1 10 0 0 2 0 5 0 0 0 0 2 0 0 1 0 1 0 84 3 3 0 0 0 0 0 0 0 0 2 6 5 1 0 0 0 0 4 0 0 0 0 0 6 0 0 67 38 0 0 0 3 0 0 0 0 0 0 3 0 0 30 2 1 23 1 25 39 1 15 9 12 15 0 24 8 21 19 7 18 0 0 0 0 0 0 0 62 0 0 0 0 0 0 0 0 0 0 0 0 0 0 14 0 0 0 0 27 0 0 0 0 0 0 0 0 0 0 0 0 9 0 0 0 2 0 0 0 0 0 0 0 0 0 0 0 0 0 0 0 1 20 0 7 11 10 0 7 7 35 28 0 0 0 0 39 18 8 8 13 21 19 0 0 15 0 0 17 0 0 0 0 14 11 0 0 0 0 7 15 0 0 0 0 0 0 0 0 0 0 0 1 0 0 0 0 0 0 0 0 0 0 0 0 0 0 0 0 0 0 0 0 0 0 0 0 0 0 0 0 0 0 6 0 0 0 1 0 43 3 2 14 0 0 0 0 0 0 0 0 0 0 0 0 0 0 0 0 0 0 0 0 0 0 0 0 0 0 0 0 0 0 0 0 0 0 0 0 0 0 
 270 81 130 33 266 88 198 298 148 131 372 160 48 223 181 80 0 230 20 53 1 3 1 2 2 1 1 1 0 4 1 4 0 0 1 1 3 0 74 1 3 5 0 0 0 0 0 0 0 2 14 0 0 0 0 0 0 0 0 6 0 0 0 0 9 0 0 0 0 0 0 2 0 0 0 0 14 0 35 0 25 30 28 12 0 1 10 19 10 10 2 33 26 0 42 32 0 47 17 0 10 1 0 0 0 0 2 0 0 0 0 0 0 0 0 7 0 0 14 33 0 10 0 0 0 0 0 0 0 0 0 0 0 0 0 0 0 0 0 0 0 0 0 0 0 0 0 0 2 2 9 0 0 0 0 7 0 2 0 0 12 53 31 0 33 22 0 27 0 57 60 0 18 26 0 11 4 17 32 0 39 0 0 0 0 0 19 0 0 2 0 0 0 46 0 0 0 0 12 14 0 0 0 0 0 0 0 0 0 0 0 0 0 0 0 0 0 0 19 0 0 0 0 0 0 0 0 0 0 0 0 0 0 0 0 0 0 0 0 0 0 10 0 0 0 2 130 0 2 2 0 4 0 0 1 0 0 0 0 0 0 0 19 0 0 0 0 0 0 0 0 0 0 0 0 2 20 15 0 0 0 0 0 0 0 0 0 0 0 0 
 256 25 40 176 217 171 134 71 295 156 227 203 25 125 37 107 230 0 38 228 3 0 2 2 3 0 73 2 2 0 0 2 36 0 0 0 0 0 1 36 3 0 0 0 0 0 0 0 3 3 0 0 0 0 2 0 0 0 1 0 0 0 3 4 0 0 0 1 0 0 1 2 3 0 0 0 1 0 2 0 0 0 17 10 0 1 0 22 10 50 1 12 0 0 27 43 42 66 1 0 1 0 0 0 0 0 10 7 13 0 0 0 1 12 0 0 0 9 1 22 0 0 0 2 0 0 0 0 0 0 0 0 0 0 0 0 0 0 0 0 6 0 5 0 0 0 0 0 0 0 0 0 0 0 0 11 0 0 0 0 18 13 31 0 8 0 13 15 0 34 11 14 2 17 0 30 22 17 0 14 23 21 0 0 0 0 0 1 0 0 0 1 0 14 2 0 0 2 10 18 0 1 0 0 0 0 0 0 0 0 0 0 0 0 0 0 0 0 0 0 0 0 0 0 1 2 0 0 0 0 0 0 0 0 0 0 0 0 0 0 0 0 0 0 0 0 1 3 3 0 15 4 0 0 0 0 0 0 0 0 0 0 21 0 0 0 0 0 0 0 0 0 0 0 0 0 6 0 0 0 0 0 0 0 0 0 0 0 0 0 
 41 266 257 60 64 48 265 279 165 107 41 23 595 395 573 107 20 38 0 371 1 0 0 0 2 0 0 0 0 0 0 2 37 0 0 0 0 0 0 0 3 0 0 0 0 0 0 0 0 3 0 0 0 0 0 0 0 0 0 0 0 65 0 0 0 0 0 0 0 0 0 2 0 31 3 0 0 0 3 0 15 38 0 0 0 0 27 22 0 9 10 1 33 11 49 0 26 32 16 23 0 0 0 0 0 0 0 0 0 0 0 0 0 0 0 0 0 0 0 0 0 0 0 0 0 0 0 0 0 0 0 0 0 0 0 0 0 0 0 0 0 0 0 0 0 0 0 0 0 0 0 0 0 0 0 0 0 0 0 0 14 0 33 0 0 0 0 1 14 18 11 0 24 54 0 13 16 0 14 9 0 0 0 0 0 0 1 0 0 0 0 0 0 0 0 0 0 0 0 0 0 0 0 2 0 0 0 0 0 0 0 0 0 0 0 0 0 0 0 0 0 0 0 0 0 0 0 0 0 0 0 0 0 0 0 0 0 0 0 0 0 0 0 0 0 0 0 2 44 0 1 9 0 0 0 0 0 0 0 0 0 0 0 0 0 0 0 0 0 0 0 0 0 0 0 14 0 0 0 0 0 0 0 0 0 0 0 0 0 0 
 121 115 52 73 289 56 275 56 62 278 48 284 371 110 572 143 53 228 371 0 2 0 0 0 2 0 0 1 0 0 0 2 0 0 0 0 0 0 0 0 3 0 0 0 0 0 0 0 0 3 0 0 0 0 0 0 0 0 0 0 0 6 0 0 0 0 1 0 0 0 0 2 0 0 6 0 0 0 1 0 2 14 0 1 0 0 0 13 1 0 9 0 0 20 20 0 23 12 12 38 0 0 0 0 0 0 0 0 0 0 0 0 0 0 0 0 2 0 0 0 0 0 0 0 0 0 0 0 0 0 1 0 0 0 0 0 0 0 0 0 0 0 15 0 4 0 0 17 0 0 17 4 0 0 0 0 2 0 0 0 0 13 26 16 0 0 0 10 44 0 0 0 0 0 38 0 44 12 0 2 0 0 0 0 0 0 0 0 0 0 0 0 0 0 0 0 0 0 0 0 0 0 0 0 0 0 0 5 0 0 0 0 0 0 0 0 0 0 0 0 1 0 0 0 0 0 0 0 0 0 0 0 0 0 1 0 2 0 0 0 0 0 0 0 0 0 0 0 88 0 1 12 0 0 0 0 0 0 0 0 0 0 0 0 0 0 0 0 0 1 0 0 0 0 0 28 0 0 0 0 0 0 0 0 0 0 0 0 0 0 
 1 1 4 0 5 1 2 2 4 2 74 91 1 2 1 1 1 3 1 2 0 387 179 57 91 120 91 230 31 39 64 34 373 265 39 272 50 113 98 47 0 0 0 66 0 0 2 0 0 3 2 6 0 2 0 0 2 0 0 0 3 4 0 0 0 2 6 0 0 0 3 1 0 0 0 13 0 0 0 0 0 0 1 0 8 21 0 0 0 1 9 0 0 0 0 0 0 0 0 0 2 13 11 0 0 0 10 13 12 20 22 7 20 23 26 22 13 6 0 11 0 0 0 0 0 0 10 0 0 0 0 0 0 0 0 0 0 0 0 0 0 0 0 0 0 0 0 0 0 0 0 0 0 9 2 0 0 0 0 0 0 0 0 0 12 0 0 0 0 0 0 15 0 0 0 0 0 10 0 0 12 9 0 11 0 0 0 11 21 0 10 11 7 0 19 13 11 12 16 22 0 0 0 0 0 0 0 0 11 0 0 0 12 0 0 0 0 0 11 0 0 0 0 0 0 0 0 0 0 0 0 0 0 0 0 0 0 0 0 0 0 0 0 0 0 0 12 0 0 1 0 0 0 0 3 0 0 0 0 3 4 0 0 0 0 0 0 0 0 0 0 0 0 0 0 0 0 0 0 0 0 0 0 0 0 0 0 0 0 2 
 0 0 0 0 0 0 0 0 0 2 0 0 0 0 0 10 3 0 0 0 387 0 313 103 47 158 154 366 73 139 68 109 154 143 49 52 121 109 125 34 0 0 3 3 0 0 1 0 1 5 2 3 62 0 0 3 2 4 0 7 3 0 6 6 3 4 0 0 34 0 3 9 0 0 0 0 1 6 2 0 0 0 0 0 0 0 0 0 0 0 0 32 0 0 0 0 0 0 0 0 0 8 13 29 10 9 18 1 1 14 12 6 0 28 0 0 14 14 1 1 0 0 0 0 0 0 20 67 0 0 0 7 19 8 0 0 0 0 3 32 17 2 0 0 0 0 0 0 0 0 0 0 0 0 0 0 0 0 5 0 0 0 0 0 0 0 0 0 0 0 0 0 0 14 0 0 0 0 0 0 0 13 13 27 45 14 0 0 26 0 31 31 1 0 15 14 0 8 0 7 9 0 0 0 0 0 19 15 3 0 0 0 30 0 20 0 0 0 4 13 0 0 0 0 0 0 0 0 0 0 0 0 0 0 0 2 0 0 0 0 0 0 0 0 0 0 0 0 0 0 0 0 0 0 8 0 0 2 2 2 3 28 0 0 0 2 14 0 0 0 0 0 0 0 0 0 0 0 0 18 0 0 0 0 0 9 17 0 0 0 
 0 0 0 2 0 1 0 0 0 2 0 0 0 1 0 0 1 2 0 0 179 313 0 217 65 25 133 93 193 198 134 30 375 140 35 58 299 228 69 105 0 0 0 0 0 2 64 0 1 76 2 3 124 0 0 0 0 73 0 64 3 0 0 0 11 2 4 0 0 0 0 0 0 0 0 6 0 0 0 0 0 0 0 0 0 0 0 0 0 0 0 0 0 0 0 0 0 0 0 0 37 38 37 34 43 26 0 6 11 11 48 14 21 0 18 28 54 0 1 23 6 0 4 0 0 0 0 0 0 0 0 0 0 1 0 0 11 0 18 1 0 0 1 1 0 0 5 0 0 0 0 0 0 0 0 0 0 0 0 6 0 0 0 0 0 0 0 0 0 0 0 0 0 0 0 0 0 0 0 0 0 36 0 43 16 28 0 28 30 46 18 36 0 29 13 16 21 18 21 0 19 0 0 0 0 16 7 11 30 0 0 0 16 0 0 0 22 46 26 18 0 0 0 0 0 0 0 0 16 0 0 0 0 1 0 0 0 0 0 0 0 0 27 0 0 0 0 0 0 0 0 0 0 0 3 0 0 77 40 4 7 0 0 0 0 0 0 0 0 0 0 0 0 0 0 0 0 0 0 0 0 5 0 0 0 0 0 0 0 0 
 0 2 0 0 0 0 0 0 0 2 0 0 0 57 0 0 2 2 0 0 57 103 217 0 201 112 84 261 159 146 135 203 337 103 44 124 113 125 96 59 0 0 4 0 0 0 74 0 0 3 2 3 201 1 0 0 0 0 63 61 5 0 0 0 0 2 4 0 3 0 53 2 0 0 0 8 0 3 0 0 0 0 0 0 0 0 0 0 0 0 0 0 0 0 0 0 0 0 0 0 32 44 17 8 22 13 0 0 78 1 19 2 2 0 18 0 0 0 0 0 1 0 2 1 0 0 0 0 18 0 0 0 22 18 0 0 11 12 29 29 0 0 0 1 0 0 4 0 0 0 0 0 0 0 0 0 0 0 0 2 0 0 0 0 0 0 0 0 0 0 0 0 0 0 0 0 0 0 0 0 0 0 0 14 41 43 0 24 22 18 46 44 0 11 15 22 3 2 0 0 43 0 0 0 0 0 33 13 33 13 0 0 12 0 31 8 71 30 21 42 0 0 0 0 0 0 0 0 0 0 0 0 0 0 0 0 0 0 0 0 0 0 0 0 0 0 0 0 0 0 0 0 0 0 11 1 0 80 1 1 12 0 0 0 0 0 0 0 0 0 0 0 0 0 0 0 0 0 0 27 0 1 0 0 0 10 0 0 0 0 
 2 2 2 2 2 2 2 2 4 3 2 4 2 2 2 2 2 3 2 2 91 47 65 201 0 66 252 58 218 80 105 210 118 85 68 299 117 108 272 88 2 0 9 0 0 0 2 64 1 3 2 3 76 1 0 0 1 0 63 134 3 0 0 0 0 2 1 49 5 0 0 3 0 0 0 0 0 5 0 0 0 0 0 0 0 0 0 0 0 0 0 0 0 0 0 0 0 0 0 0 0 0 0 28 23 0 0 1 18 8 0 0 0 22 0 0 0 11 0 0 0 0 0 0 13 0 14 14 0 0 0 0 25 0 0 0 12 32 66 15 0 0 0 1 0 0 0 0 0 0 0 0 0 0 0 0 12 0 2 15 0 0 0 0 0 2 0 0 0 0 0 0 0 22 0 0 0 0 0 0 0 0 0 26 33 9 0 0 4 29 37 24 0 0 14 0 12 16 0 0 0 2 0 0 14 0 0 8 18 0 14 10 31 0 20 11 10 1 13 17 0 0 0 0 0 0 0 0 0 0 19 2 2 0 0 0 1 0 0 0 0 0 0 0 0 0 0 0 0 0 0 0 0 0 1 0 0 0 32 0 0 0 0 0 0 0 0 0 0 0 0 0 0 0 0 0 0 0 0 0 0 0 0 0 10 0 0 0 0 0 
 0 1 0 0 0 1 1 0 0 0 0 0 0 0 3 0 1 0 0 0 120 158 25 112 66 0 33 254 63 114 169 154 32 117 55 242 145 69 74 61 62 18 0 0 0 0 52 18 61 3 3 3 23 62 0 0 0 0 62 0 3 0 0 0 0 2 0 0 0 0 0 1 0 0 0 0 1 0 0 0 0 0 0 0 0 0 0 0 0 0 0 0 0 14 0 0 0 0 0 0 0 0 5 2 2 9 0 0 0 16 8 34 0 0 0 0 0 0 0 0 33 3 19 11 0 0 21 0 25 16 0 33 10 39 6 24 24 9 9 0 0 0 0 1 0 6 0 0 0 0 0 0 0 0 0 0 0 0 0 0 0 0 0 0 0 0 0 0 0 0 0 0 0 0 0 0 7 0 0 0 0 2 0 1 7 12 0 0 20 0 30 1 0 0 13 10 0 0 0 0 52 11 14 33 0 19 8 12 7 0 0 11 15 17 35 25 15 17 22 10 0 0 2 2 0 0 0 0 0 0 0 0 8 0 0 0 0 0 0 0 0 0 0 0 0 0 1 0 0 0 0 0 0 0 4 0 0 168 0 0 0 1 0 0 0 0 0 2 0 0 8 0 0 0 0 0 0 0 0 15 0 1 0 0 1 12 0 0 0 0 
 0 0 0 0 36 240 0 0 0 3 0 106 0 0 0 5 1 73 0 0 91 154 133 84 252 33 0 93 35 111 24 46 192 120 204 284 42 39 82 327 0 0 0 0 0 1 0 0 0 3 2 3 0 0 0 0 0 0 0 0 3 0 0 0 0 2 1 0 0 2 0 69 0 4 0 1 0 0 5 4 0 0 0 0 5 13 0 0 0 0 1 0 0 0 0 3 0 0 0 0 0 0 21 0 0 0 33 31 20 3 0 0 8 9 13 1 27 0 12 10 0 0 0 1 0 0 0 0 0 0 0 0 0 0 14 0 14 0 0 0 5 0 0 0 0 0 0 0 0 0 0 0 0 0 9 0 0 0 0 0 0 0 0 0 0 22 0 0 0 0 0 14 0 0 0 0 0 1 0 0 31 33 0 0 0 0 0 11 0 17 0 12 8 13 20 14 19 1 0 25 0 0 0 2 0 0 0 0 0 0 0 0 0 0 0 0 0 0 0 0 0 0 0 0 0 0 0 0 0 0 8 0 0 0 0 0 0 0 0 0 0 0 1 0 0 0 0 0 0 0 0 0 0 0 3 2 0 1 0 0 0 1 0 0 0 0 0 0 0 0 0 0 0 0 0 0 0 0 0 0 0 2 0 0 0 0 0 0 0 0 
 0 0 1 66 35 4 0 2 0 2 0 27 3 0 0 0 1 2 0 1 230 366 93 261 58 254 93 0 475 43 320 51 277 171 226 108 112 193 133 227 0 0 0 1 0 0 86 0 1 3 2 3 1 0 0 0 0 0 0 4 3 0 0 0 0 2 5 0 0 0 0 39 0 0 0 9 1 0 1 0 0 0 0 0 19 10 0 0 0 0 11 0 0 0 0 0 0 0 0 0 40 60 20 0 0 1 39 8 47 24 10 9 16 0 65 18 1 0 30 9 0 1 0 0 0 0 0 0 0 0 0 1 0 0 0 0 0 0 10 15 0 0 0 0 0 0 0 0 0 0 0 0 0 3 0 0 0 0 0 0 0 0 0 0 11 1 0 0 0 0 0 0 0 0 0 0 0 0 0 0 0 0 25 28 3 8 0 47 39 30 11 25 35 16 0 0 11 9 21 2 0 0 0 0 0 0 0 0 19 0 0 0 0 0 22 0 0 0 25 6 0 0 0 1 0 0 0 0 0 0 0 0 0 0 0 0 0 0 0 0 0 0 0 0 0 0 0 0 0 0 0 0 0 0 2 2 2 0 76 1 0 0 0 0 0 0 20 0 0 0 0 0 0 0 0 0 0 0 0 11 0 0 0 2 0 0 0 0 0 0 
 0 0 0 0 34 2 2 0 3 2 0 0 1 0 0 0 0 2 0 0 31 73 193 159 218 63 35 475 0 155 252 186 230 185 176 332 201 141 131 224 0 0 0 0 0 0 78 0 3 3 2 3 51 0 0 0 0 0 0 54 3 0 0 45 0 2 0 0 2 0 0 43 45 0 0 0 0 3 0 0 0 0 0 0 0 0 0 0 2 0 0 0 0 0 0 0 0 0 0 0 9 8 5 38 69 0 39 19 30 21 1 13 24 7 25 0 1 15 0 15 0 0 1 0 0 0 0 0 0 0 17 0 7 0 0 0 0 0 18 12 0 0 0 0 1 1 3 0 0 0 0 0 0 0 0 0 0 0 0 7 0 0 0 0 0 0 0 0 0 0 0 0 0 0 0 0 5 0 0 0 2 0 52 19 18 13 0 10 10 9 36 12 10 0 12 19 23 9 8 5 0 0 0 0 9 0 12 20 0 0 0 0 19 0 2 0 0 1 24 27 0 1 2 0 0 0 0 0 0 0 0 0 0 0 0 0 0 0 0 0 0 0 1 0 0 0 0 0 0 0 0 0 0 0 2 1 0 1 48 2 4 2 0 0 0 0 2 0 0 0 0 0 0 0 0 0 0 0 0 0 0 1 0 0 0 0 0 0 0 13 
 0 0 1 0 0 25 0 0 0 0 0 0 0 0 0 0 4 0 0 0 39 139 198 146 80 114 111 43 155 0 126 29 78 197 128 82 128 139 166 180 0 2 1 0 2 1 64 0 1 3 2 3 35 0 0 0 0 0 0 4 3 0 4 0 0 2 0 0 1 0 0 0 0 0 0 0 0 0 0 0 0 0 0 0 0 0 0 0 0 0 1 0 0 0 0 0 0 0 0 0 11 0 30 12 1 23 1 0 15 0 14 31 0 1 11 13 28 1 9 13 0 8 33 0 0 0 0 0 0 0 0 0 1 12 9 0 22 0 0 21 0 0 0 0 0 11 0 0 0 0 0 0 0 0 0 0 0 0 0 0 0 0 0 0 0 14 0 0 0 0 13 0 0 0 0 0 0 0 0 0 3 23 9 13 14 41 13 10 24 9 0 25 11 11 8 0 0 20 1 1 0 0 0 0 0 0 0 14 8 32 0 0 14 8 3 3 8 8 0 23 0 0 7 0 0 0 0 0 7 0 0 0 10 0 0 0 0 0 0 0 0 0 0 0 0 0 1 0 0 0 0 0 0 0 4 0 0 41 158 0 12 0 0 0 0 0 0 0 0 0 0 0 0 0 0 0 0 0 0 0 0 0 0 0 0 0 19 0 0 0 
 0 25 0 0 0 0 0 0 3 2 0 0 0 0 2 0 1 0 0 0 64 68 134 135 105 169 24 320 252 126 0 139 124 195 93 107 154 113 30 100 0 0 0 0 0 0 64 0 1 3 2 3 125 0 0 0 0 0 63 63 3 0 0 0 0 2 0 0 28 0 0 8 0 0 0 0 0 4 0 0 0 0 0 0 0 0 0 0 0 0 0 0 0 0 0 2 0 0 0 0 8 33 0 29 39 23 0 3 2 15 32 41 10 18 32 2 0 14 0 14 2 0 1 0 0 0 0 2 1 0 0 0 12 12 0 0 26 0 20 80 0 0 1 1 0 0 5 0 0 2 0 0 0 0 0 0 0 0 0 30 0 0 0 0 0 0 0 0 0 0 0 2 3 17 0 0 0 0 0 0 0 0 27 10 38 26 0 2 14 0 19 35 0 0 0 27 16 2 2 0 22 0 0 0 0 0 16 45 10 0 0 0 27 13 1 1 19 51 9 44 0 0 0 0 0 2 0 0 0 0 1 0 0 0 0 0 0 2 0 0 0 0 12 0 0 1 0 0 0 0 0 0 0 0 4 0 1 75 75 4 17 0 0 0 0 0 14 0 0 0 0 0 0 0 0 0 0 0 0 2 0 2 0 0 0 0 17 0 0 0 
 2 2 2 3 2 2 2 2 2 2 2 2 2 2 2 2 4 2 2 2 34 109 30 203 210 154 46 51 186 29 139 0 48 40 39 22 77 44 39 29 62 4 73 0 2 0 66 1 62 3 2 3 96 62 0 62 1 0 100 0 3 0 0 0 0 2 0 1 0 0 3 2 0 10 0 0 0 2 0 0 0 0 0 0 47 0 0 0 0 1 2 0 2 0 0 0 0 0 0 1 0 1 0 3 11 13 0 0 2 12 0 33 0 0 0 0 0 0 0 0 34 10 25 12 0 0 11 68 59 0 0 4 36 21 21 11 10 39 92 16 0 0 33 2 0 2 0 0 0 0 0 0 0 0 0 0 0 0 0 0 0 0 7 0 0 0 0 3 0 0 0 0 0 0 0 0 2 0 0 0 0 0 0 1 18 35 0 0 0 0 16 10 0 0 0 9 0 3 0 0 16 15 0 3 0 0 7 0 20 16 40 0 0 24 45 85 11 3 20 12 0 0 0 1 0 0 0 0 0 0 0 0 0 0 0 0 0 0 0 0 0 0 1 0 0 0 0 0 1 0 0 0 0 0 6 1 0 75 0 0 14 0 0 0 0 0 0 1 0 0 0 0 0 0 0 0 0 0 0 15 0 13 0 0 0 12 0 0 0 0 
 43 0 0 0 75 2 0 0 4 0 1 75 0 5 0 0 0 36 37 0 373 154 375 337 118 32 192 277 230 78 124 48 0 94 72 122 191 108 487 255 0 0 0 4 0 0 22 0 0 11 2 3 4 0 0 0 1 0 0 2 3 2 0 0 0 2 0 0 0 1 0 3 0 0 0 0 2 82 0 2 0 0 9 15 0 14 0 7 0 2 10 0 0 0 0 0 0 0 0 0 15 12 13 1 15 0 6 1 10 0 21 0 28 11 0 34 26 0 1 8 0 0 0 10 0 0 0 6 0 0 0 33 0 0 0 0 0 0 0 0 15 20 0 0 0 0 0 0 0 0 0 0 0 19 0 0 0 0 3 0 0 0 0 7 0 1 0 0 0 1 8 11 0 0 0 1 1 8 0 0 10 23 6 10 0 0 25 0 7 22 0 13 18 0 10 0 0 11 1 11 0 0 0 2 0 0 0 0 0 0 0 0 0 0 0 0 0 0 0 0 0 0 0 0 0 0 0 0 0 0 0 0 0 0 0 0 0 0 0 0 0 0 6 0 0 1 0 0 0 62 0 0 13 0 3 0 1 0 2 1 4 30 0 0 0 0 0 0 0 0 0 0 0 0 0 0 0 0 0 0 0 0 0 0 0 0 0 0 0 0 
 2 0 75 2 0 154 0 2 0 3 1 0 0 0 0 0 0 0 0 0 265 143 140 103 85 117 120 171 185 197 195 40 94 0 290 53 275 185 374 144 0 0 0 0 0 0 2 6 2 3 2 3 0 4 0 0 0 0 0 2 3 0 0 0 0 2 0 0 0 0 0 1 0 0 0 1 0 19 0 0 0 0 0 0 32 13 0 0 0 12 8 1 0 0 0 0 0 0 0 0 30 0 70 14 14 14 6 20 0 45 2 41 36 0 35 10 14 2 1 31 0 0 0 0 0 0 11 0 0 0 0 0 0 0 0 20 2 0 0 0 0 0 0 0 0 0 0 0 0 0 0 0 0 8 0 9 0 1 0 0 0 0 0 0 0 0 0 0 0 0 0 22 0 1 0 0 0 0 0 0 0 22 18 14 11 1 18 12 61 0 10 0 0 27 4 32 37 13 21 12 0 0 0 0 1 0 0 0 0 0 0 0 22 0 0 0 0 0 17 21 0 3 3 0 1 0 0 0 0 0 0 0 0 0 2 0 0 0 0 0 0 0 0 0 0 0 74 0 0 0 0 0 0 0 0 2 1 0 38 0 2 0 0 0 0 0 0 0 0 0 0 0 0 0 0 0 0 20 0 0 0 0 0 0 0 0 0 0 0 0 
 1 0 0 3 92 163 0 0 0 3 0 66 0 0 0 1 1 0 0 0 39 49 35 44 68 55 204 226 176 128 93 39 72 290 0 359 36 33 246 199 0 3 0 1 0 0 35 0 2 8 2 6 0 3 0 0 4 2 1 65 9 0 0 4 0 2 1 0 0 2 0 1 3 0 0 1 1 0 0 8 0 0 0 0 10 13 0 0 0 0 0 2 0 0 0 0 0 0 0 0 8 11 21 11 46 0 14 26 9 8 0 14 35 16 8 1 29 0 16 44 0 0 0 0 0 0 0 0 0 0 0 0 0 0 0 0 0 2 0 13 1 0 0 0 0 0 0 0 1 0 0 0 0 0 0 0 0 0 0 0 0 0 0 0 0 21 0 0 0 0 1 14 0 1 0 0 0 0 0 0 21 18 18 9 1 12 0 3 0 22 0 24 41 2 13 26 52 0 0 13 0 0 0 0 0 0 0 0 0 0 0 0 0 0 0 0 0 0 6 24 0 0 0 0 0 0 0 0 0 0 0 0 0 0 0 0 0 0 0 0 0 0 0 0 0 0 0 0 0 0 0 0 0 0 3 0 2 0 0 0 0 0 0 0 0 0 0 0 0 0 0 0 0 0 0 0 0 0 0 2 0 0 0 0 0 0 0 0 0 0 
 0 1 0 0 18 78 0 0 2 0 0 208 1 0 0 0 1 0 0 0 272 52 58 124 299 242 284 108 332 82 107 22 122 53 359 0 197 122 158 237 0 1 0 0 0 0 69 0 0 3 2 3 1 0 0 0 0 0 0 0 3 2 0 0 0 2 4 0 0 0 4 1 0 0 0 7 0 0 0 0 0 0 0 0 13 36 0 0 0 0 7 0 2 0 0 0 0 0 0 0 27 40 36 2 13 0 0 4 12 17 31 1 30 27 67 53 34 70 20 9 0 0 0 1 0 0 0 0 0 0 0 0 0 0 0 0 0 0 0 17 0 0 0 0 0 0 0 0 0 0 0 16 0 15 0 0 0 0 0 0 0 0 0 0 12 3 0 0 0 0 0 7 1 0 0 0 2 0 0 0 0 20 11 45 17 0 12 33 21 54 15 18 45 18 14 25 18 21 21 4 0 0 0 0 0 0 0 0 25 0 0 0 1 0 0 0 0 0 22 0 0 0 0 0 0 0 0 0 0 0 0 0 0 0 0 0 0 0 0 0 0 0 0 0 0 0 0 0 0 0 0 0 0 0 2 0 0 0 0 1 1 0 0 0 0 0 0 0 0 0 0 0 0 0 0 0 0 0 0 0 0 0 0 0 0 0 0 0 0 0 
 1 0 0 0 0 0 0 0 0 2 0 0 0 0 0 1 3 0 0 0 50 121 299 113 117 145 42 112 201 128 154 77 191 275 36 197 0 282 46 110 0 0 0 2 0 0 1 0 1 3 2 3 0 0 0 0 0 0 0 0 3 0 0 0 0 2 0 0 0 0 0 2 0 0 0 0 0 3 0 0 0 1 0 0 1 0 0 0 0 0 0 0 0 0 0 0 0 0 0 0 44 18 37 11 40 41 24 1 11 16 27 34 18 14 11 18 50 8 0 34 0 0 0 0 0 0 1 0 0 0 0 0 0 0 0 0 0 0 0 1 2 13 0 0 0 0 0 0 0 0 0 0 2 0 0 0 0 0 5 0 0 0 0 0 1 0 0 0 0 0 2 0 0 0 0 0 0 0 0 0 0 58 9 28 18 0 0 15 25 43 13 0 1 39 28 19 46 0 0 0 0 0 2 0 0 0 0 0 0 0 0 0 0 20 0 0 0 0 10 1 0 0 2 0 0 0 0 0 0 2 0 0 0 0 0 0 0 0 1 0 0 0 19 0 0 0 0 0 0 0 0 14 0 0 0 0 1 2 73 1 0 8 0 0 0 0 0 0 0 0 0 0 0 0 0 0 0 0 0 0 0 0 0 0 0 0 0 0 0 0 
 3 0 2 0 0 2 0 0 0 0 0 2 3 0 3 0 0 0 0 0 113 109 228 125 108 69 39 193 141 139 113 44 108 185 33 122 282 0 102 72 0 0 0 0 0 0 1 0 1 3 2 3 52 0 0 0 0 0 0 46 3 0 0 0 0 2 4 0 1 0 0 1 0 0 0 7 0 1 0 0 0 0 0 0 0 0 0 0 0 0 0 0 0 0 0 0 0 0 0 0 45 35 41 1 0 20 0 11 52 33 14 19 0 11 24 37 19 21 0 0 0 0 0 0 0 0 0 0 0 0 0 19 0 0 0 0 0 0 13 7 0 0 0 0 0 12 0 0 0 0 0 0 0 0 0 0 0 0 0 2 0 0 0 0 0 0 0 0 0 0 0 0 0 0 0 0 0 0 0 0 0 11 10 15 24 1 20 28 82 38 20 18 1 30 38 19 4 39 0 0 0 0 0 0 0 0 0 1 18 0 0 0 14 0 0 0 0 0 29 19 0 0 0 0 0 0 0 0 0 0 0 0 0 0 0 0 0 0 0 2 0 0 1 0 0 0 0 0 0 0 0 0 0 0 4 0 3 2 76 0 2 0 0 0 0 0 0 0 0 0 0 0 0 0 0 0 0 0 0 0 0 0 0 0 0 0 0 0 0 0 
 0 3 98 1 17 39 0 86 78 79 0 0 1 0 0 84 74 1 0 0 98 125 69 96 272 74 82 133 131 166 30 39 487 374 246 158 46 102 0 218 0 6 0 1 0 0 66 0 0 9 11 9 0 0 0 1 1 0 0 0 3 0 1 5 0 2 7 0 0 0 0 50 0 0 0 0 0 0 0 3 3 0 9 0 19 0 0 0 10 11 1 6 0 0 0 0 0 14 0 0 10 0 2 0 0 2 22 21 13 1 16 0 19 1 8 17 75 0 0 9 0 0 0 1 1 0 0 0 0 0 0 0 0 0 0 0 0 0 0 0 0 2 0 0 0 0 1 0 0 0 0 0 0 4 0 4 0 0 0 14 0 26 0 0 19 4 0 0 0 23 0 27 0 0 0 17 0 1 0 0 1 49 8 0 0 0 35 9 0 20 0 0 24 9 14 0 0 11 21 48 0 0 0 0 0 0 0 0 0 0 0 0 0 0 0 0 0 0 1 0 0 0 0 0 0 0 0 0 0 0 0 0 13 0 0 1 0 0 0 0 0 0 0 0 0 0 61 0 0 0 0 0 0 11 3 0 1 0 0 0 2 0 0 0 0 0 0 0 0 0 0 0 0 0 0 0 0 16 0 0 0 0 0 0 0 0 0 0 0 0 
 76 0 2 74 230 100 0 43 83 8 78 79 0 1 0 3 1 36 0 0 47 34 105 59 88 61 327 227 224 180 100 29 255 144 199 237 110 72 218 0 0 1 0 0 0 0 33 0 3 3 65 3 0 0 0 0 0 0 0 0 3 1 0 0 0 2 0 0 0 0 0 1 0 0 0 0 0 0 3 4 0 0 9 15 0 41 0 0 0 0 2 0 0 0 0 0 18 0 0 0 17 14 0 0 12 0 14 0 32 1 18 0 64 9 10 14 13 10 6 4 0 0 0 5 0 0 0 22 0 0 0 0 0 0 0 0 0 0 0 1 0 0 0 0 0 0 0 0 0 0 0 0 0 0 0 0 0 0 0 0 0 0 0 0 14 18 0 0 0 19 22 3 0 0 0 10 0 5 0 0 29 22 27 0 0 0 15 10 16 14 0 0 74 0 0 12 0 0 12 12 0 0 0 0 0 0 0 0 0 0 0 0 0 0 0 0 0 0 0 0 0 0 0 0 0 0 1 0 0 0 0 0 0 0 0 0 0 0 0 0 0 0 19 0 0 0 0 0 0 78 18 0 15 0 6 0 0 0 78 0 1 0 0 0 0 0 0 0 0 12 0 0 0 0 0 0 0 0 0 0 0 0 0 0 0 0 0 0 0 0 
 3 3 3 5 3 3 3 54 3 3 3 3 3 3 3 3 3 3 3 3 0 0 0 0 2 62 0 0 0 0 0 62 0 0 0 0 0 0 0 0 0 573 276 248 124 38 164 280 64 332 112 23 269 367 108 111 181 38 239 181 8 202 0 10 0 0 0 0 0 0 0 2 0 2 10 0 0 0 0 0 0 0 0 0 0 0 0 0 0 0 0 0 0 0 0 0 0 0 0 0 0 0 0 0 0 0 0 0 0 0 0 0 0 0 0 0 0 0 0 0 27 0 0 45 0 8 15 26 29 24 0 8 9 21 19 3 8 35 48 0 0 0 35 0 17 0 0 0 0 0 5 12 0 0 0 0 0 6 1 0 0 0 0 0 0 0 0 0 0 0 0 0 0 0 0 0 0 0 0 0 0 0 0 0 0 1 0 0 0 0 0 0 0 0 0 6 0 0 0 0 9 21 6 38 0 58 24 0 8 36 0 14 0 0 1 7 72 17 3 0 0 34 15 8 3 0 0 0 11 0 2 0 0 0 0 0 0 0 13 0 0 0 6 0 0 0 0 0 0 0 0 75 0 0 0 0 0 65 0 0 0 0 64 0 1 4 7 35 0 0 7 0 0 0 0 0 0 0 0 0 0 0 0 0 23 0 0 0 0 0 
 0 2 0 0 0 10 0 0 0 31 0 0 0 0 0 0 5 0 0 0 0 0 0 0 0 18 0 0 0 2 0 4 0 0 3 1 0 0 6 1 573 0 123 302 115 61 71 218 407 354 49 160 58 164 242 38 336 49 126 109 0 0 0 0 0 0 4 2 0 0 0 2 0 0 0 0 0 0 8 5 0 0 0 8 0 0 0 0 0 0 0 0 0 0 0 0 0 0 0 0 0 0 0 0 0 1 8 0 0 0 0 0 0 0 0 0 0 0 0 0 1 0 1 24 15 0 21 1 19 20 24 25 1 9 1 8 29 15 0 0 3 0 2 0 0 0 0 36 0 0 0 0 73 0 0 0 0 0 24 0 0 0 0 0 0 9 0 0 0 0 0 0 0 3 0 0 0 0 0 0 0 0 0 0 2 4 0 0 0 0 0 0 0 20 0 0 0 0 0 0 18 15 37 0 18 37 0 2 7 23 23 24 0 21 11 18 22 11 0 0 5 0 5 8 17 0 0 0 0 0 0 0 0 24 2 0 0 0 31 2 0 0 0 0 0 0 0 0 0 0 0 2 0 0 0 0 0 0 0 0 0 0 2 0 0 2 0 1 1 0 10 0 0 0 0 0 0 0 0 0 0 0 2 0 6 0 0 0 1 0 
 0 1 0 0 0 0 0 0 0 2 0 0 0 0 0 0 0 0 0 0 0 3 0 4 9 0 0 0 0 1 0 73 0 0 0 0 0 0 0 0 276 123 0 74 48 29 297 84 87 36 65 101 93 67 120 251 42 125 102 42 0 1 3 3 0 0 0 0 0 0 5 0 4 15 0 11 0 0 0 49 0 0 0 0 0 0 0 0 0 0 0 0 0 0 0 0 0 0 0 0 0 0 0 4 0 0 0 0 0 0 0 2 0 0 0 0 0 9 0 0 19 0 16 13 10 1 5 6 0 0 9 33 3 0 0 4 0 18 16 0 0 0 0 0 0 0 23 0 2 0 0 0 0 0 1 0 0 0 0 0 12 0 0 0 0 0 0 0 0 0 0 0 0 0 0 0 0 0 0 0 0 0 0 7 10 7 0 0 0 0 3 12 0 0 0 0 0 11 0 0 0 13 18 26 0 0 0 0 7 1 19 0 0 0 5 31 8 21 0 0 19 0 0 0 0 0 0 13 0 0 0 0 2 0 0 2 0 9 0 34 0 0 7 0 0 0 0 0 0 0 0 7 0 0 0 0 0 0 0 2 0 0 0 0 1 0 0 1 0 0 0 0 6 0 0 0 0 0 0 0 0 0 0 0 0 0 0 12 2 0 
 5 0 0 0 0 0 0 0 3 48 0 0 0 0 63 0 0 0 0 0 66 3 0 0 0 0 0 1 0 0 0 0 4 0 1 0 2 0 1 0 248 302 74 0 93 21 85 54 166 234 54 212 112 66 76 121 328 302 46 340 2 3 3 2 0 3 0 0 0 2 0 1 0 1 101 1 3 1 0 52 0 0 0 0 0 0 0 0 0 14 0 0 0 0 0 0 0 0 0 0 0 0 0 0 0 0 0 0 0 0 0 0 0 19 0 0 0 0 0 0 0 5 0 0 24 0 19 24 0 14 17 0 0 0 20 20 14 0 0 0 0 6 11 2 0 0 0 13 5 0 0 0 14 4 6 10 14 0 19 0 0 0 0 25 0 0 0 0 7 0 0 0 0 11 0 0 0 0 0 0 0 0 0 0 0 0 0 0 0 0 0 0 0 0 0 1 0 0 0 0 0 7 0 7 29 57 0 19 0 0 14 12 0 0 0 24 1 0 0 0 13 0 0 0 0 0 0 10 0 0 8 10 1 0 0 0 0 21 0 4 0 0 0 0 0 0 0 0 0 0 0 2 0 0 0 0 0 0 0 10 0 0 0 37 0 5 0 0 0 0 11 0 0 0 2 0 0 0 0 0 7 0 0 0 0 23 0 0 2 0 
 0 0 0 0 0 1 0 0 0 2 0 0 0 0 0 0 0 0 0 0 0 0 0 0 0 0 0 0 0 2 0 2 0 0 0 0 0 0 0 0 124 115 48 93 0 152 64 64 128 118 105 405 75 74 428 358 151 184 49 73 0 0 0 0 0 9 0 0 0 0 0 0 0 0 0 0 0 0 55 0 0 0 0 0 0 0 0 0 0 0 0 0 0 0 0 0 0 0 0 0 0 0 0 0 0 0 0 0 0 0 0 0 0 0 0 0 0 0 0 0 0 0 0 14 30 24 1 0 0 31 29 0 0 0 0 4 0 0 0 0 0 0 0 0 0 0 0 11 4 0 0 0 43 1 0 0 0 0 0 0 0 0 0 0 0 0 15 0 17 0 0 0 0 6 0 0 0 0 12 0 0 0 0 0 0 0 0 0 0 0 0 0 0 0 8 0 0 0 0 0 0 4 14 4 19 31 0 0 0 31 14 0 0 24 0 13 0 6 0 0 0 0 21 0 0 0 0 0 13 0 0 0 22 19 8 0 0 0 24 0 0 0 0 0 0 0 0 0 0 0 0 8 0 0 0 0 0 0 0 25 0 27 1 0 3 1 0 0 0 0 0 0 0 0 0 0 0 0 0 0 0 0 0 0 10 5 0 0 1 0 
 0 3 0 0 0 0 0 0 0 2 0 1 0 0 0 0 0 0 0 0 0 0 2 0 0 0 1 0 0 1 0 0 0 0 0 0 0 0 0 0 38 61 29 21 152 0 55 155 55 122 141 188 39 252 172 82 302 81 32 41 68 0 0 19 0 0 1 61 6 0 0 4 0 50 5 0 2 13 0 0 0 0 0 0 0 0 0 0 0 0 1 0 0 0 0 0 0 0 0 0 0 0 0 0 0 0 0 0 0 0 0 0 0 0 0 1 0 0 0 0 0 0 4 10 0 0 0 0 0 0 31 0 0 0 0 8 0 11 0 0 1 1 33 0 0 0 20 4 12 9 2 35 7 0 0 0 0 2 0 9 0 0 0 0 0 0 1 0 0 0 0 0 0 0 0 0 0 0 1 0 0 0 0 0 0 0 0 0 0 0 0 0 0 0 0 0 0 0 0 0 18 9 23 0 0 0 0 0 0 0 23 0 0 16 0 9 0 8 0 0 22 4 9 0 0 0 0 0 7 28 0 1 0 13 56 4 9 0 43 16 0 0 0 0 0 0 0 0 0 0 0 0 0 2 0 0 0 0 0 8 1 0 0 0 0 2 5 0 0 0 0 0 0 0 0 0 0 0 0 0 0 0 0 0 0 0 0 1 1 0 
 0 0 0 0 63 0 0 0 0 0 0 0 0 0 0 0 0 0 0 0 2 1 64 74 2 52 0 86 78 64 64 66 22 2 35 69 1 1 66 33 164 71 297 85 64 55 0 164 54 57 41 36 151 142 28 55 33 39 132 59 0 2 0 0 5 7 0 0 0 0 10 15 0 1 4 0 0 0 0 2 0 0 5 0 0 0 0 0 0 0 0 0 0 0 0 0 0 0 0 0 8 0 0 6 25 2 3 4 0 0 0 22 4 0 17 0 9 1 0 0 28 9 5 0 0 0 0 11 17 15 0 13 0 0 13 0 0 28 0 0 0 0 0 4 6 17 2 0 0 0 0 0 0 0 0 0 0 0 0 0 0 0 0 0 25 0 0 0 0 0 0 0 0 0 0 0 0 0 0 0 0 0 3 0 0 7 0 0 0 58 10 0 6 0 0 10 0 0 0 0 22 14 0 0 0 0 10 12 1 0 0 0 0 60 10 10 12 6 0 0 0 0 0 0 0 0 0 0 0 0 0 0 0 0 0 0 0 0 0 0 0 0 0 0 0 53 0 0 0 0 0 4 0 0 0 0 0 205 1 0 0 0 0 0 0 0 0 0 0 0 0 0 0 0 0 0 0 0 0 0 0 10 0 0 0 0 0 0 2 0 
 3 0 0 0 0 0 0 0 3 0 0 0 0 0 0 0 0 0 0 0 0 0 0 0 64 18 0 0 0 0 0 1 0 6 0 0 0 0 0 0 280 218 84 54 64 155 164 0 113 42 38 43 94 270 78 46 44 119 171 328 12 2 2 0 0 0 0 0 0 53 0 2 5 1 0 5 0 0 0 0 0 0 0 0 0 0 0 0 0 0 0 0 0 0 0 0 0 0 0 0 0 0 0 0 0 1 0 1 0 0 0 0 0 0 16 0 0 0 0 0 13 11 0 11 0 0 24 25 24 13 4 20 0 18 0 12 55 35 0 0 0 0 9 6 0 0 6 0 0 0 0 0 0 9 0 6 0 0 57 4 0 0 0 0 0 0 0 0 0 0 0 0 0 0 0 0 0 0 0 0 0 0 0 0 0 0 0 0 0 0 0 0 0 0 0 0 0 0 0 0 11 11 37 0 16 18 32 0 22 21 12 39 14 10 17 33 38 0 0 0 0 7 0 8 0 0 0 6 0 5 0 2 1 5 50 1 2 4 1 0 0 0 0 0 0 0 0 0 0 0 0 8 0 1 0 0 0 0 0 2 0 0 1 0 0 13 0 64 0 0 14 0 0 0 0 0 0 0 0 0 0 0 0 0 10 0 0 0 0 0 
 0 0 0 0 0 8 0 0 3 0 0 1 0 0 0 0 0 3 0 0 0 1 1 0 1 61 0 1 3 1 1 62 0 2 2 0 1 1 0 3 64 407 87 166 128 55 54 113 0 400 49 173 102 71 134 58 318 173 106 120 2 2 0 0 0 5 67 1 0 4 0 0 2 2 0 8 0 0 49 0 0 0 0 0 0 0 0 0 0 0 0 0 0 0 0 0 0 0 0 0 1 19 0 0 0 11 3 0 10 3 3 1 0 0 0 23 15 3 12 0 1 47 15 0 22 11 19 11 11 13 8 9 18 7 18 7 26 9 0 0 3 7 14 1 0 1 0 39 0 0 0 0 24 0 1 10 18 10 15 0 0 0 0 0 0 0 9 0 0 0 0 0 0 7 0 0 0 0 8 0 0 0 0 0 0 50 0 0 0 0 0 0 0 0 0 0 0 0 0 0 0 0 0 11 34 17 0 11 0 0 18 35 7 1 6 24 4 4 0 0 0 0 18 2 0 0 0 0 0 0 0 0 0 0 0 0 0 0 0 0 0 0 0 0 0 0 0 0 0 0 0 9 0 0 0 0 0 0 2 19 0 0 0 1 1 2 2 0 1 0 7 0 0 49 0 0 0 0 0 0 0 23 0 16 2 28 0 0 2 0 
 9 3 2 2 3 13 2 3 3 3 2 2 3 3 3 2 2 3 3 3 3 5 76 3 3 3 3 3 3 3 3 3 11 3 8 3 3 3 9 3 332 354 36 234 118 122 57 42 400 0 127 321 56 148 152 287 445 182 64 141 0 0 0 0 4 4 1 1 0 3 2 0 2 3 0 2 0 2 7 3 0 0 0 0 14 0 0 0 0 0 0 0 0 0 0 0 0 0 0 0 2 0 0 0 0 0 0 0 0 0 0 0 0 0 0 0 0 0 0 0 1 17 4 19 12 0 12 0 2 20 17 21 0 0 20 31 24 12 0 18 36 0 4 0 0 0 0 4 0 0 0 0 18 0 4 0 0 0 23 0 0 0 0 0 0 0 0 0 0 0 0 0 0 0 0 0 0 0 0 0 0 0 0 0 0 0 0 0 0 0 0 0 0 0 0 0 0 0 0 0 7 20 8 0 59 28 0 19 8 9 22 7 0 16 6 34 23 0 0 0 1 0 0 1 0 0 0 0 0 0 0 0 0 0 15 0 0 0 8 1 0 0 0 0 0 0 0 0 0 0 1 15 0 0 0 0 1 0 0 13 2 0 38 0 0 21 2 0 2 0 0 0 0 0 0 0 0 0 0 0 0 0 6 0 56 39 0 0 1 0 
 29 0 11 3 0 0 0 6 0 7 0 0 0 0 0 6 14 0 0 0 2 2 2 2 2 3 2 2 2 2 2 2 2 2 2 2 2 2 11 65 112 49 65 54 105 141 41 38 49 127 0 186 49 118 337 153 308 69 251 65 0 0 0 10 0 0 0 3 0 0 0 1 0 0 50 0 0 0 1 97 2 4 4 0 2 0 0 0 4 0 0 29 0 0 0 6 0 0 0 0 0 0 0 0 0 0 0 3 0 0 0 0 0 0 0 0 0 0 0 0 0 0 13 11 1 1 0 0 0 0 0 22 0 0 0 0 0 1 0 11 2 10 13 0 0 0 15 0 4 0 0 0 0 7 10 27 11 0 0 5 0 7 0 0 20 9 0 0 4 0 1 0 0 1 0 2 0 2 0 0 1 0 0 0 0 0 0 3 0 0 0 0 3 3 0 0 0 0 6 10 0 4 21 1 10 18 0 0 8 0 0 13 0 0 0 0 13 7 0 0 37 0 0 4 0 0 0 0 0 7 7 39 16 2 29 14 0 0 28 36 0 1 0 0 0 0 0 0 0 0 0 5 0 0 0 0 0 0 0 0 0 0 1 82 2 2 1 0 0 0 26 0 0 0 0 0 0 0 0 0 0 0 0 0 6 0 0 9 2 0 
 0 0 0 0 0 0 0 0 0 0 0 0 0 0 0 5 0 0 0 0 6 3 3 3 3 3 3 3 3 3 3 3 3 3 6 3 3 3 9 3 23 160 101 212 405 188 36 43 173 321 186 0 30 83 135 246 148 94 40 46 0 0 0 0 0 0 54 52 0 0 3 2 0 0 50 0 0 0 0 67 0 0 0 0 0 0 0 0 0 0 0 0 0 7 0 0 0 0 0 11 0 0 0 0 0 0 0 0 0 0 0 0 0 0 0 0 0 0 0 0 0 0 12 11 32 0 0 2 9 14 27 17 0 0 0 0 14 0 0 0 24 4 2 0 0 0 0 0 0 0 0 0 17 26 21 2 13 0 20 2 0 0 0 0 0 0 3 0 0 0 0 0 0 3 0 0 0 0 4 0 0 1 0 0 0 0 0 0 0 0 0 0 0 0 0 0 0 0 0 0 0 1 50 8 5 21 0 0 0 0 0 27 0 0 0 0 0 10 0 0 22 1 0 0 0 0 1 1 0 0 19 1 10 9 9 20 0 0 0 0 0 0 0 0 0 0 0 0 0 0 0 14 0 0 0 0 0 0 0 2 1 1 2 66 4 0 4 0 1 0 14 0 0 0 0 0 0 0 0 0 0 0 0 0 0 9 0 2 2 0 
 2 0 0 0 0 0 0 0 0 45 0 0 0 0 0 1 0 0 0 0 0 62 124 201 76 23 0 1 51 35 125 96 4 0 0 1 0 52 0 0 269 58 93 112 75 39 151 94 102 56 49 30 0 82 43 104 35 33 141 64 4 0 0 0 0 0 2 0 0 0 0 0 0 9 45 0 4 3 4 0 0 0 0 0 0 0 0 0 0 0 0 0 0 0 0 0 0 0 0 0 0 2 0 17 7 6 0 9 0 9 10 0 0 0 0 0 0 10 0 0 21 0 11 0 0 0 0 3 0 0 0 35 10 19 0 3 24 14 31 11 0 0 0 0 0 1 3 0 0 4 0 0 0 0 0 0 0 0 0 4 0 0 0 0 0 0 0 0 0 0 0 0 0 0 0 0 0 0 0 0 0 0 0 10 10 11 0 0 0 0 23 14 0 0 0 17 0 23 0 0 14 17 0 7 0 0 16 11 8 14 22 0 6 0 31 40 6 17 10 33 0 0 0 0 0 0 0 0 0 0 0 0 0 0 0 0 0 1 0 0 0 0 7 0 0 0 0 0 0 0 0 12 0 0 0 0 0 63 67 0 10 0 0 0 0 0 4 1 0 0 0 0 0 0 0 0 0 0 0 16 0 0 0 0 0 13 0 0 1 0 
 0 0 0 0 0 0 0 0 0 0 0 0 0 0 0 0 0 0 0 0 2 0 0 1 1 62 0 0 0 0 0 62 0 4 3 0 0 0 0 0 367 164 67 66 74 252 142 270 71 148 118 83 82 0 353 90 181 50 241 193 0 0 0 0 0 0 0 0 0 0 0 2 0 0 0 0 0 0 41 0 0 0 19 0 0 0 0 0 0 0 0 0 0 0 0 0 8 0 0 0 0 0 0 0 0 0 0 0 0 0 0 0 0 0 0 0 0 0 0 0 5 0 0 26 15 18 14 20 37 40 3 25 15 7 10 0 14 56 8 4 0 0 1 0 0 9 0 0 0 0 0 0 46 6 6 0 0 0 24 0 0 0 0 0 18 0 0 0 0 0 0 0 0 0 0 0 0 0 0 0 0 0 0 0 0 0 0 0 0 0 0 0 0 0 0 0 0 0 0 0 3 36 15 0 22 46 12 0 3 22 0 11 0 0 0 0 37 0 13 0 0 0 0 3 0 0 8 16 0 0 0 0 0 0 0 0 0 0 6 0 0 0 0 0 0 0 0 0 0 0 0 12 0 0 0 0 0 72 0 0 14 0 63 0 0 0 0 3 0 0 9 0 0 0 0 0 0 0 0 0 0 0 0 0 36 0 0 0 0 0 
 0 0 0 0 0 1 0 0 0 0 0 0 0 0 0 0 0 2 0 0 0 0 0 0 0 0 0 0 0 0 0 0 0 0 0 0 0 0 0 0 108 242 120 76 428 172 28 78 134 152 337 135 43 353 0 182 170 382 54 81 0 0 0 0 0 6 4 0 0 0 0 0 0 0 0 0 0 0 0 55 0 0 0 0 0 0 0 0 17 0 0 0 0 0 0 0 0 0 0 0 0 0 0 0 0 0 0 0 0 0 0 0 0 0 0 0 0 0 0 0 0 28 14 14 29 6 1 0 0 35 55 44 0 0 0 14 0 2 0 30 0 0 0 0 0 0 0 1 3 0 0 0 21 0 0 0 0 0 0 0 0 0 0 0 0 0 0 0 0 0 0 0 0 0 0 0 0 0 0 0 0 0 0 0 0 0 0 0 0 0 0 11 0 0 0 0 0 0 0 0 22 0 13 0 28 21 0 0 0 7 24 0 0 11 8 23 0 1 0 0 0 1 0 0 0 0 0 0 0 0 0 0 22 0 6 0 0 0 1 0 0 0 0 0 0 0 0 0 0 0 0 7 0 0 0 0 0 0 0 1 0 0 0 0 0 22 2 0 0 0 0 0 0 0 0 0 0 0 0 0 0 0 0 0 0 2 0 0 2 0 
 0 0 0 0 0 0 0 0 3 0 0 0 0 0 0 0 0 0 0 0 0 3 0 0 0 0 0 0 0 0 0 62 0 0 0 0 0 0 1 0 111 38 251 121 358 82 55 46 58 287 153 246 104 90 182 0 137 102 108 123 32 0 0 0 0 0 0 0 0 15 0 2 0 15 0 0 0 1 0 50 0 0 0 0 0 0 0 0 0 0 0 0 0 0 0 0 12 0 0 0 0 0 0 0 0 0 0 19 0 0 0 0 0 0 0 0 0 0 0 0 2 0 13 38 22 30 1 16 14 0 12 22 23 10 20 40 0 11 22 1 0 0 0 1 0 0 13 0 4 0 0 0 0 0 21 0 0 0 13 0 0 0 0 0 0 0 0 0 0 0 0 0 4 0 0 0 0 0 0 0 0 0 0 0 0 0 0 0 0 0 0 0 0 0 0 0 0 0 0 0 7 12 1 44 1 0 22 0 0 31 12 0 0 0 1 0 10 11 4 0 14 19 0 0 0 0 0 0 0 0 0 0 8 0 0 0 0 0 0 38 0 0 8 0 0 0 0 0 0 0 0 7 0 1 0 0 0 0 0 0 0 0 0 0 3 3 5 63 0 0 0 0 0 0 0 0 0 0 0 0 0 0 0 0 0 0 0 2 1 0 
 0 0 0 0 0 8 3 0 2 2 0 0 0 0 0 0 0 0 0 0 2 2 0 0 1 0 0 0 0 0 0 1 1 0 4 0 0 0 1 0 181 336 42 328 151 302 33 44 318 445 308 148 35 181 170 137 0 125 36 49 51 0 0 3 0 9 0 0 10 0 0 23 1 54 3 0 2 3 0 0 0 0 0 0 0 0 0 0 0 0 0 0 0 0 0 0 0 0 0 0 0 0 0 0 0 0 0 0 0 0 0 0 0 0 0 0 0 0 0 0 10 0 4 39 0 0 0 13 12 0 31 0 14 0 5 0 0 0 12 20 0 0 1 0 0 2 1 29 5 5 6 3 0 0 5 1 0 1 11 1 0 0 0 0 0 0 0 13 0 0 0 0 0 0 0 0 0 0 0 0 0 9 0 0 0 0 0 0 0 0 0 0 0 0 0 0 0 0 0 0 0 6 66 0 13 10 13 7 15 0 0 0 0 12 0 0 10 7 10 0 0 3 3 0 0 0 10 11 3 0 0 0 0 13 3 4 0 0 24 1 0 0 0 0 0 0 0 0 0 0 0 20 0 0 0 0 0 0 0 0 0 0 4 0 1 1 5 0 0 0 0 0 0 0 0 0 0 0 0 0 0 0 0 0 5 27 0 0 2 0 
 0 0 28 0 0 10 0 0 0 2 0 0 0 0 0 4 0 0 0 0 0 4 73 0 0 0 0 0 0 0 0 0 0 0 2 0 0 0 0 0 38 49 125 302 184 81 39 119 173 182 69 94 33 50 382 102 125 0 23 51 1 0 0 8 0 9 1 0 0 52 0 2 0 0 59 0 54 2 51 0 0 0 0 0 0 0 0 0 0 0 0 0 0 0 0 0 0 0 0 0 0 0 0 0 0 0 0 0 0 0 0 0 0 0 10 0 0 0 0 0 0 0 0 0 9 23 0 0 0 0 32 0 0 0 0 8 0 8 11 0 1 0 7 0 0 0 14 36 1 0 3 8 7 0 27 8 0 5 0 1 0 0 0 0 0 0 2 0 0 0 0 0 0 0 0 0 0 0 2 0 0 0 0 0 0 0 0 0 2 0 0 0 12 0 0 0 0 0 0 0 18 9 0 27 0 0 0 0 0 3 14 0 0 25 0 10 0 0 0 0 15 4 8 0 2 0 10 40 6 0 4 0 1 10 1 19 0 7 16 36 0 0 0 0 0 0 0 0 0 0 0 4 0 0 0 14 0 0 1 13 0 0 4 0 91 4 8 0 0 0 0 0 0 0 0 0 0 0 0 0 0 0 0 0 0 19 0 8 1 11 
 1 0 0 0 0 0 0 0 0 0 0 0 1 64 0 0 0 1 0 0 0 0 0 63 63 62 0 0 0 0 63 100 0 0 1 0 0 0 0 0 239 126 102 46 49 32 132 171 106 64 251 40 141 241 54 108 36 23 0 91 16 0 0 0 0 0 0 0 0 0 27 2 0 11 0 0 0 0 0 0 0 0 0 4 0 0 15 0 0 0 18 0 9 2 0 0 0 7 4 14 0 0 0 0 0 13 15 0 0 0 0 0 0 0 0 0 0 0 0 0 13 0 19 10 0 0 3 48 71 19 0 13 15 26 14 23 5 57 36 13 0 0 4 0 0 0 0 0 0 0 0 0 0 0 0 0 0 0 0 0 0 0 0 10 0 0 12 0 7 0 0 0 19 0 8 0 1 0 0 0 0 0 0 0 0 13 6 0 0 0 0 0 0 0 0 0 0 0 0 0 8 18 1 13 18 0 9 0 14 46 11 15 9 0 13 3 18 13 47 10 0 8 0 2 0 0 0 0 0 0 0 0 11 0 0 0 18 0 0 0 0 0 8 0 0 0 0 0 0 0 0 12 0 0 0 0 0 1 0 2 12 0 1 0 0 0 0 64 0 0 11 0 0 0 0 0 0 0 0 0 0 0 0 0 6 1 0 0 0 0 
 0 0 0 3 0 0 0 0 0 2 0 0 0 0 0 0 6 0 0 0 0 7 64 61 134 0 0 4 54 4 63 0 2 2 65 0 0 46 0 0 181 109 42 340 73 41 59 328 120 141 65 46 64 193 81 123 49 51 91 0 2 0 0 0 0 0 57 0 0 0 0 1 0 0 0 0 17 0 0 0 0 0 0 0 0 0 0 0 0 0 0 0 0 0 0 0 0 0 0 0 0 0 0 18 9 0 0 10 0 9 0 8 0 1 0 0 0 11 0 1 19 7 0 10 10 0 12 17 25 0 0 0 14 6 80 25 26 2 18 10 0 0 0 0 0 1 3 0 0 0 0 0 0 0 0 0 0 0 20 6 0 0 0 0 0 0 0 0 0 0 0 0 0 0 0 0 0 0 0 0 0 0 0 6 24 1 0 0 0 3 22 6 7 0 0 9 0 16 0 0 6 0 16 0 20 0 40 18 16 5 16 15 23 0 0 1 10 0 31 6 0 6 0 0 0 0 22 0 0 0 0 0 0 0 0 0 0 0 0 0 0 0 0 0 0 0 0 0 0 0 0 15 0 0 0 0 0 0 0 2 0 0 0 0 0 0 1 64 0 0 0 0 0 0 0 0 0 0 0 0 0 0 0 0 10 0 0 0 0 0 
 0 0 0 0 0 0 0 0 4 0 0 0 0 0 3 0 0 0 0 0 3 3 3 5 3 3 3 3 3 3 3 3 3 3 9 3 3 3 3 3 8 0 0 2 0 68 0 12 2 0 0 0 4 0 0 32 51 1 16 2 0 300 212 97 60 62 201 132 272 78 84 40 386 235 158 146 197 43 307 98 0 0 0 0 0 0 0 0 0 0 0 0 0 0 0 0 0 0 0 0 0 0 0 0 0 0 0 0 0 0 0 0 3 0 0 0 0 0 0 0 0 0 0 0 0 0 5 0 0 0 0 0 0 7 0 20 1 0 13 0 8 2 0 13 4 0 8 0 4 11 16 0 9 33 0 9 7 10 2 33 0 0 0 0 0 0 0 0 0 0 0 0 0 0 0 0 0 0 0 0 0 0 0 0 0 0 0 20 0 0 0 0 0 0 0 0 0 0 0 0 6 0 0 13 0 1 5 0 0 7 0 0 0 0 0 0 6 9 0 0 0 28 8 7 15 0 13 18 13 24 35 0 0 10 17 0 66 8 0 0 0 0 8 0 0 0 0 0 0 0 0 0 2 0 2 0 0 0 0 0 0 0 0 2 0 0 0 5 0 0 16 0 1 9 2 3 0 0 0 0 0 0 0 0 0 1 0 0 0 0 
