 0 91 158 224 36 117 176 124 151 61 280 82 130 117 227 262 102 80 312 170 0 0 0 0 2 1 0 0 0 0 0 39 0 0 77 5 0 3 3 0 3 0 3 0 3 3 0 6 0 4 0 0 2 3 0 3 0 0 3 4 2 7 0 0 0 0 1 2 0 3 3 0 0 0 0 0 3 3 0 0 51 16 34 0 16 14 9 6 0 1 1 27 1 38 19 27 12 1 0 22 0 0 17 0 0 0 0 0 0 0 0 0 0 1 0 0 8 0 54 0 0 0 0 0 0 0 0 0 0 0 2 0 0 0 0 0 0 0 0 1 0 0 0 0 0 0 0 0 0 0 0 0 0 0 0 0 0 0 0 0 21 39 28 50 0 0 9 90 42 13 0 21 0 39 0 36 1 15 36 0 0 0 0 0 0 0 0 0 0 0 0 0 0 0 0 0 0 0 0 0 9 0 0 0 0 0 0 0 0 0 0 0 0 0 0 2 0 0 0 0 0 0 0 0 0 0 14 0 0 2 0 0 0 0 0 0 0 0 0 0 0 0 0 0 0 0 87 1 0 0 0 6 0 0 0 0 0 0 0 0 0 0 0 0 0 0 0 0 0 0 0 0 0 0 0 5 0 0 0 0 0 0 0 0 0 0 0 0 0 0 
 91 0 209 62 84 110 72 185 362 122 127 93 41 42 118 159 26 243 41 76 2 2 0 2 2 2 0 0 0 0 3 2 2 0 3 3 0 9 79 0 3 0 3 0 3 3 3 0 0 4 0 0 2 0 1 2 3 66 4 0 0 3 0 2 0 3 0 5 0 3 0 2 0 0 2 1 0 3 0 0 0 23 13 52 7 29 33 16 48 16 28 23 0 13 36 10 47 34 0 16 0 0 0 0 0 0 15 0 0 0 0 0 22 12 0 0 0 0 28 0 0 0 0 0 0 0 0 0 0 17 2 0 0 0 0 0 0 0 0 1 0 0 11 0 10 8 0 0 0 0 0 0 0 0 0 0 0 0 0 0 1 6 18 8 12 21 11 32 19 9 4 0 0 0 8 12 73 22 12 8 15 0 0 0 0 0 0 0 0 0 0 0 0 10 0 0 0 0 34 0 0 0 0 0 0 0 0 0 0 33 0 0 0 0 0 2 0 0 0 0 0 0 0 0 0 0 0 0 0 2 0 0 0 0 0 0 0 0 0 0 0 0 14 0 0 0 1 0 0 0 0 6 10 0 2 0 0 0 0 0 0 0 31 0 0 0 0 0 0 0 0 0 0 12 0 0 11 6 0 0 0 0 0 0 0 0 0 0 0 0 
 158 209 0 95 362 45 210 174 140 291 179 116 295 47 154 243 131 109 128 64 2 2 0 0 2 0 0 0 0 0 0 0 0 2 0 2 0 5 2 2 3 0 3 0 1 3 0 0 0 0 49 0 2 0 0 0 0 0 0 0 0 0 0 0 0 0 0 2 32 3 0 0 0 0 0 0 0 0 0 0 34 0 11 32 0 10 27 0 41 7 0 47 25 8 0 62 34 2 0 22 0 0 0 0 0 0 21 2 0 0 0 0 0 14 0 0 0 0 29 0 2 0 0 0 0 0 0 0 1 0 0 0 0 0 0 0 0 0 2 0 0 0 0 1 0 1 1 0 0 1 0 0 0 0 0 0 0 0 0 0 12 23 13 5 3 0 0 0 20 18 0 20 29 2 0 33 0 14 0 11 9 0 0 0 0 1 0 0 0 18 0 0 0 23 0 1 0 0 0 0 0 0 1 0 0 0 0 0 0 0 0 0 0 0 0 0 0 0 0 0 0 0 0 0 0 0 0 0 0 0 0 0 0 0 0 0 0 0 2 0 0 0 0 0 0 1 20 0 2 1 12 8 10 0 0 0 0 0 0 0 0 0 11 0 0 0 0 0 0 0 0 0 0 0 0 0 0 7 0 0 0 0 0 0 0 0 0 0 0 0 
 224 62 95 0 82 357 82 383 69 135 155 391 70 68 240 175 535 172 209 152 74 76 2 1 2 0 6 0 0 0 0 0 4 0 209 1 0 3 86 26 3 0 3 0 2 3 0 0 0 2 2 0 2 0 2 0 0 0 0 7 0 0 31 0 3 0 0 2 0 3 0 0 0 0 0 51 0 0 0 0 0 17 0 39 37 75 0 0 0 41 23 15 14 21 25 0 6 0 19 8 0 24 0 0 0 0 0 23 27 0 15 0 11 0 19 0 0 12 11 29 0 0 0 0 2 0 0 0 0 0 0 0 0 0 0 1 0 0 18 23 0 18 0 0 0 0 0 0 0 0 0 5 0 0 0 0 0 0 0 0 0 15 12 1 1 14 0 12 25 0 0 13 0 0 6 42 0 0 10 0 14 0 26 0 0 0 1 14 0 0 36 2 21 0 1 10 2 0 1 0 0 0 0 0 0 0 0 1 0 0 0 0 0 1 0 0 0 0 0 0 0 46 0 0 0 0 10 0 0 0 0 0 0 0 0 0 0 0 0 0 0 9 0 0 0 0 0 2 2 91 9 11 0 0 1 0 0 0 0 0 0 0 0 0 0 0 0 0 0 0 0 0 0 0 0 20 19 0 0 0 0 0 0 0 0 0 0 0 0 0 
 36 84 362 82 0 190 127 59 166 84 188 190 85 114 164 163 65 175 88 73 89 73 24 2 2 0 1 73 23 0 0 0 1 82 58 22 82 3 190 46 3 0 3 0 1 3 0 0 0 1 0 0 2 0 2 0 0 0 0 0 0 0 0 0 0 0 0 2 0 3 0 0 0 0 0 0 0 0 0 0 1 11 23 19 22 15 14 0 15 14 19 13 1 0 3 10 0 15 0 1 36 16 0 0 0 0 23 0 29 0 16 5 21 33 20 0 0 40 51 19 0 0 0 0 0 0 0 0 0 0 0 0 0 0 2 0 0 0 14 0 0 0 0 0 0 3 0 0 0 0 0 0 0 0 0 0 0 0 0 0 0 16 21 18 31 20 0 7 1 0 0 10 0 0 7 0 20 13 0 17 38 0 13 0 0 0 14 14 2 0 36 0 17 9 2 10 40 0 20 1 0 0 0 0 0 0 0 0 0 12 1 0 0 0 0 0 0 0 0 0 1 38 0 0 0 0 0 0 0 0 0 0 0 0 0 1 0 0 0 0 0 0 0 0 0 4 2 5 6 90 0 22 0 2 0 0 0 0 0 0 0 0 15 0 0 0 0 0 0 0 0 0 0 0 0 0 0 11 0 0 0 0 0 0 0 0 0 0 0 0 
 117 110 45 357 190 0 241 197 38 67 177 167 42 57 141 84 140 202 67 51 156 0 39 74 2 0 0 1 159 0 74 1 77 0 35 2 0 22 219 75 3 0 3 0 1 3 0 0 0 4 0 0 2 0 1 0 0 0 0 3 0 0 0 0 0 0 0 2 0 2 0 0 0 30 0 0 44 0 0 0 0 19 17 8 28 11 0 0 13 13 47 0 0 9 70 10 21 14 0 0 0 28 0 18 0 0 9 16 13 0 0 0 62 0 0 17 0 20 54 14 0 0 0 0 0 0 0 0 0 0 0 0 0 0 1 0 0 0 0 0 0 0 0 2 0 0 0 0 0 0 0 0 0 0 0 0 0 0 0 0 9 8 4 12 0 35 0 11 0 0 10 0 0 2 0 7 7 10 0 0 0 14 0 37 0 1 19 8 14 1 0 0 25 17 9 27 0 3 0 13 0 0 1 0 0 0 0 0 0 11 0 0 0 0 0 0 0 0 0 0 0 0 0 15 0 0 0 0 0 0 0 0 0 0 0 0 0 0 0 0 0 1 0 0 0 1 5 1 0 1 2 12 0 0 0 0 0 74 0 0 0 0 0 0 0 0 0 0 0 0 0 0 0 0 0 0 0 0 0 16 0 0 0 0 0 0 0 0 0 0 
 176 72 210 82 127 241 0 88 178 135 36 47 528 364 106 38 26 300 135 328 3 0 0 1 80 0 0 0 0 0 0 2 2 1 0 3 0 3 4 1 3 0 3 0 0 3 0 0 0 2 0 0 4 0 0 0 0 60 0 0 2 4 0 0 0 0 0 2 0 6 0 2 1 0 0 0 0 0 0 0 22 0 27 16 0 0 7 32 23 9 0 9 51 2 0 9 0 18 58 10 0 0 0 0 0 0 0 2 0 0 0 0 0 0 0 0 0 0 0 0 0 0 0 0 0 0 0 0 0 0 0 0 0 0 0 0 0 0 0 0 0 0 1 2 0 0 12 0 0 0 0 0 0 0 0 0 0 0 0 0 7 12 2 2 0 0 2 1 0 7 7 29 34 4 16 9 0 1 16 19 0 0 0 0 0 1 0 0 0 1 0 0 0 0 0 0 0 2 0 0 0 0 1 0 0 0 0 0 0 0 7 0 0 0 0 0 0 0 0 0 0 0 0 12 0 0 0 0 0 0 0 0 0 0 0 0 0 0 0 0 0 10 0 0 0 0 2 0 2 0 0 13 12 0 2 0 0 0 0 0 0 0 0 0 0 0 0 0 0 0 0 0 0 0 0 11 0 0 0 0 0 0 0 0 0 0 0 0 0 0 
 124 185 174 383 59 197 88 0 579 278 230 37 191 387 73 342 342 27 69 273 2 0 1 2 2 0 0 0 0 0 0 0 0 0 1 1 0 3 32 0 3 0 3 0 1 3 0 0 0 4 0 0 2 0 2 0 0 0 0 4 3 0 0 0 0 0 0 2 0 2 6 0 0 0 0 9 0 0 51 0 6 39 10 0 18 2 14 11 8 0 5 19 0 34 26 65 65 26 21 35 0 0 0 0 0 0 0 0 0 0 0 0 16 20 0 0 0 0 20 0 0 0 0 0 0 0 0 0 0 0 0 0 0 0 0 0 0 0 0 0 0 0 11 0 0 0 2 0 0 0 14 0 0 0 0 0 0 42 0 0 65 16 33 25 10 0 0 18 6 14 13 0 12 18 48 30 4 15 1 0 0 0 0 0 0 0 22 0 0 0 0 0 0 0 0 0 0 0 17 30 0 0 14 0 0 0 0 0 0 0 17 0 0 0 0 0 0 0 0 1 0 0 0 0 0 0 0 0 0 0 0 0 1 0 0 0 0 0 0 0 0 1 0 0 1 2 92 0 1 0 2 6 0 0 0 0 0 0 0 0 0 0 0 0 0 0 0 0 0 0 0 0 0 0 0 0 1 1 0 0 0 0 0 0 0 0 0 0 0 0 
 151 362 140 69 166 38 178 579 0 72 31 117 316 369 78 147 123 41 118 75 0 63 0 1 99 0 0 2 0 0 0 0 95 0 0 2 0 98 3 0 3 0 3 0 0 3 0 0 0 0 0 1 2 0 0 0 3 0 2 0 0 0 0 0 0 0 0 2 0 3 0 0 0 0 0 4 0 0 0 0 13 23 35 7 0 19 11 28 13 0 9 23 23 14 0 16 11 13 20 8 0 0 1 0 0 0 0 0 0 0 0 0 0 17 0 0 0 0 0 0 0 0 0 0 0 1 0 0 15 2 0 0 0 0 0 0 16 0 0 0 0 0 14 0 0 0 5 0 0 0 0 0 0 0 0 0 0 17 0 2 0 0 54 21 31 0 14 0 7 39 0 0 4 9 0 0 12 0 1 4 11 0 0 0 0 0 13 0 0 1 0 0 0 6 0 0 0 0 9 12 0 0 0 0 0 0 0 0 0 0 0 0 0 0 0 0 0 0 0 27 0 0 0 0 0 0 0 0 0 0 0 0 0 0 0 0 0 0 0 0 0 1 0 0 1 2 2 1 2 4 0 0 0 0 0 0 0 0 0 0 0 0 19 0 0 0 0 0 0 0 0 0 0 0 0 0 0 0 0 0 0 0 0 0 0 0 0 0 0 0 
 61 122 291 135 84 67 135 278 72 0 86 427 54 79 184 176 198 139 281 189 0 1 0 1 2 2 2 0 0 0 0 0 0 0 1 2 0 3 2 0 2 0 3 0 2 3 0 0 0 0 0 0 3 0 2 0 0 0 0 0 0 10 0 0 0 0 0 2 0 3 0 6 0 0 8 0 0 0 0 0 32 0 20 0 33 20 9 0 19 19 75 52 13 0 0 11 16 30 14 15 0 16 0 2 0 0 0 24 0 0 0 0 0 1 2 0 0 0 13 13 0 0 0 0 1 0 0 0 0 0 0 0 0 0 0 2 0 0 3 0 0 7 0 0 0 0 0 0 0 0 0 0 0 0 0 0 0 0 0 0 0 14 0 0 0 11 5 26 0 35 43 48 0 71 7 24 14 0 0 0 0 0 14 0 0 1 0 17 0 0 0 0 31 0 1 0 0 0 11 18 0 0 0 2 0 0 0 0 0 0 0 0 0 2 0 12 0 0 0 0 0 0 0 0 0 0 0 0 0 0 0 0 0 0 0 0 0 0 0 0 0 10 0 0 0 2 0 0 1 0 0 8 0 0 0 0 0 0 0 0 0 0 0 0 0 0 0 0 0 0 0 0 0 0 0 53 40 0 0 0 0 0 0 0 0 0 0 0 0 0 
 280 127 179 155 188 177 36 230 31 86 0 230 41 38 99 274 406 100 45 150 102 75 1 1 4 0 0 0 0 0 18 0 0 0 0 2 1 5 2 0 3 0 36 0 2 3 0 0 0 14 0 0 2 0 2 0 0 0 0 8 0 2 0 0 0 0 0 2 0 3 6 0 0 0 0 0 0 0 0 0 1 43 21 16 34 0 29 0 20 13 11 5 36 7 22 34 0 21 1 0 0 0 0 0 19 0 16 2 20 0 16 0 0 13 0 0 0 0 20 21 0 0 17 0 0 0 2 0 0 0 0 0 0 0 0 0 0 0 0 0 0 0 0 0 0 6 0 1 0 0 0 0 0 0 0 0 0 0 0 0 17 18 1 42 1 0 0 55 2 3 3 0 20 19 31 28 17 22 1 0 15 0 17 0 0 0 0 32 0 0 0 0 0 0 0 10 5 0 12 15 0 0 0 0 0 0 0 0 0 1 0 0 0 0 0 0 0 0 0 20 0 0 0 0 6 0 1 0 0 0 0 0 0 0 0 0 0 0 0 0 0 0 0 0 0 1 91 0 0 2 8 12 0 0 0 0 0 0 0 0 0 0 0 0 0 0 2 0 0 0 0 0 0 0 0 0 18 7 0 0 0 0 0 0 0 0 0 0 0 0 
 82 93 116 391 190 167 47 37 117 427 230 0 26 24 136 123 112 169 30 254 21 1 0 0 2 0 0 1 0 0 0 1 0 77 1 1 0 3 156 35 3 0 3 0 3 3 0 0 2 1 0 0 2 62 0 0 0 0 0 1 0 3 0 0 0 1 0 2 5 3 0 4 2 0 0 0 0 0 0 0 0 34 12 23 72 33 15 0 33 16 45 21 0 0 11 14 18 14 0 0 0 16 0 0 0 0 0 10 11 0 0 0 21 42 19 0 0 33 47 3 0 0 0 0 0 0 16 0 0 0 0 0 0 0 0 0 0 0 13 0 0 0 0 0 0 4 0 0 0 0 0 0 0 0 0 0 0 0 0 0 0 6 10 10 44 15 10 11 0 0 52 12 0 0 12 1 26 20 0 0 24 0 30 0 0 0 0 27 0 0 38 0 0 14 0 0 0 17 17 1 0 0 8 0 0 0 0 11 0 11 0 0 0 0 0 0 0 0 0 0 0 0 0 0 0 0 0 0 0 0 0 0 0 0 21 0 0 0 0 19 0 0 0 0 0 0 1 2 5 95 2 19 0 0 0 0 0 0 0 2 0 0 16 0 0 0 0 0 0 0 0 0 0 0 0 0 8 12 0 0 0 0 0 0 0 0 0 0 0 0 
 130 41 295 70 85 42 528 191 316 54 41 26 0 209 136 320 25 67 693 312 0 0 0 2 2 0 0 2 0 0 0 74 0 0 0 2 0 3 4 0 3 0 3 0 0 3 0 0 0 0 0 67 2 0 0 0 0 0 0 0 0 0 0 0 0 0 0 2 0 3 0 0 0 0 0 0 0 0 0 0 20 0 20 10 0 0 30 34 31 6 0 9 13 6 1 31 20 0 31 14 0 0 0 0 0 0 0 0 0 0 0 0 0 0 0 0 0 0 0 1 0 0 0 0 0 0 0 0 0 1 0 0 0 0 0 0 0 0 0 0 0 0 15 0 0 0 28 0 0 0 1 0 2 0 0 0 0 16 0 0 1 20 8 26 0 0 22 0 10 1 2 24 25 11 1 9 1 12 33 29 0 0 0 0 0 0 0 0 2 0 0 0 0 0 0 0 0 0 0 0 0 0 0 0 0 0 0 0 0 0 0 0 0 0 0 0 0 0 0 0 0 0 0 0 0 0 0 1 6 0 0 0 0 0 0 0 0 0 0 2 0 0 0 0 0 1 1 0 3 1 2 10 12 0 0 0 0 0 0 0 0 0 0 0 0 0 0 0 0 0 0 0 0 0 0 0 0 0 0 0 0 0 0 0 0 0 0 0 0 0 
 117 42 47 68 114 57 364 387 369 79 38 24 209 0 184 47 41 249 242 208 2 0 0 4 2 0 0 0 0 1 0 0 0 0 0 2 0 5 2 1 3 0 11 0 0 3 0 0 1 0 1 0 2 0 1 0 0 0 0 0 81 0 0 32 0 0 0 3 0 3 0 0 0 31 0 0 0 0 0 2 10 13 8 11 0 7 12 92 37 9 0 17 39 29 9 16 42 0 26 25 0 0 0 0 0 0 0 0 0 0 0 0 0 0 0 0 0 1 13 0 0 0 0 0 0 0 0 0 0 9 0 0 0 0 16 0 0 1 0 0 0 0 13 0 0 0 8 0 0 0 0 0 0 0 0 0 0 21 0 0 25 1 17 1 0 0 18 0 59 17 26 0 23 24 7 0 9 10 9 15 0 0 0 0 0 0 2 0 0 0 0 0 0 0 0 0 0 0 0 0 0 0 0 0 0 0 0 0 0 0 0 0 0 0 0 0 1 13 0 0 0 0 2 2 0 0 0 0 0 0 0 0 0 0 0 0 0 0 0 0 0 0 0 0 0 0 5 0 0 88 2 11 7 0 0 0 0 0 0 0 0 0 0 0 0 0 0 0 0 0 0 0 0 0 0 0 0 0 0 0 0 0 0 0 0 2 0 0 0 0 
 227 118 154 240 164 141 106 73 78 184 99 136 136 184 0 192 72 123 244 228 0 0 0 2 4 2 0 0 0 0 0 0 0 0 0 1 3 3 2 0 3 0 3 0 12 3 0 0 0 7 0 0 2 0 1 0 0 0 0 4 0 6 2 0 0 0 0 5 3 3 0 0 0 3 0 0 0 0 0 2 17 29 58 15 19 17 1 11 0 47 4 5 29 16 35 20 0 16 1 24 0 0 2 0 0 0 1 0 0 0 0 0 8 9 0 0 0 0 1 8 0 1 0 0 0 0 0 0 0 0 0 0 0 0 0 0 0 0 0 0 0 0 0 0 0 1 2 0 0 0 0 0 0 0 0 0 0 0 0 0 7 33 1 48 0 0 12 44 10 2 0 25 19 16 7 15 13 22 10 2 0 0 0 2 0 0 0 0 0 0 0 0 16 0 0 0 0 0 9 0 0 0 0 0 0 2 0 0 0 0 0 0 0 0 0 0 0 0 0 1 0 0 0 0 0 0 0 0 0 0 0 0 0 0 0 0 0 0 0 0 0 2 0 0 0 3 0 0 0 49 2 26 3 0 0 0 0 0 0 0 0 0 0 0 0 0 0 0 0 0 0 0 0 1 0 11 0 0 0 0 0 0 0 0 0 0 0 0 0 0 
 262 159 243 175 163 84 38 342 147 176 274 123 320 47 192 0 166 494 435 291 0 0 0 0 2 0 1 5 0 0 0 0 0 0 0 3 0 3 2 0 3 0 3 0 2 3 0 0 0 2 0 0 2 0 0 0 0 0 0 9 0 1 0 0 0 0 0 3 0 3 4 0 0 51 0 0 0 0 0 2 0 35 22 0 21 16 45 0 0 0 2 0 4 20 57 32 0 0 14 22 0 2 0 0 0 0 1 0 0 0 0 0 0 11 0 0 0 0 39 0 0 0 0 0 0 0 0 0 0 0 0 0 0 0 0 0 0 0 0 0 0 0 0 0 0 8 0 0 0 0 0 0 0 0 0 0 0 0 0 0 10 19 1 80 0 0 10 65 14 1 11 0 0 10 61 27 16 20 10 0 0 0 0 0 0 0 0 0 0 0 0 0 0 0 0 0 2 0 0 1 0 0 0 0 0 0 0 0 0 0 0 0 0 0 0 0 0 0 0 0 1 0 0 0 0 0 0 0 0 0 0 0 0 0 0 1 0 0 0 0 0 18 0 0 0 0 90 0 1 0 0 3 0 2 0 0 0 0 0 0 0 0 0 0 0 0 0 0 0 0 0 0 0 0 0 15 0 6 0 0 0 0 0 0 0 0 0 0 0 0 
 102 26 131 535 65 140 26 342 123 198 406 112 25 41 72 166 0 177 129 34 0 2 1 2 7 3 3 1 1 0 0 5 0 0 0 2 2 5 2 0 3 3 3 3 0 3 1 0 0 5 4 2 2 0 0 1 4 0 0 12 0 0 5 17 1 0 0 4 6 5 3 0 0 0 5 3 0 2 0 2 0 22 10 2 36 14 0 0 28 9 26 9 11 40 19 0 0 11 12 25 0 0 0 0 2 0 4 9 0 0 0 0 0 16 0 0 0 1 0 0 0 0 0 0 0 0 0 0 0 0 0 0 0 0 0 0 0 0 0 0 0 0 0 0 0 0 0 0 0 0 0 2 0 0 0 0 0 0 0 0 21 26 11 22 8 0 4 34 10 1 11 0 0 1 23 9 0 32 10 2 0 0 5 6 0 0 13 11 0 0 0 0 0 1 0 1 0 0 24 16 0 0 0 0 0 0 0 0 0 2 0 0 0 0 0 0 0 0 0 12 0 0 18 0 0 0 2 0 0 0 0 0 0 0 0 0 0 0 0 0 0 0 0 0 0 1 2 1 1 1 12 4 0 0 0 0 2 0 0 0 0 0 0 1 0 0 2 0 0 0 0 0 0 2 0 0 16 0 0 0 0 0 0 0 0 0 0 0 0 0 
 80 243 109 172 175 202 300 27 41 139 100 169 67 249 123 494 177 0 354 537 0 0 0 1 2 0 0 0 0 2 0 0 0 0 0 2 0 3 3 1 3 0 3 0 2 3 0 1 0 0 0 0 2 0 2 0 0 0 0 2 46 4 0 0 0 0 0 2 0 3 0 0 0 0 0 0 0 0 0 32 31 36 31 43 21 6 9 0 14 47 1 12 12 0 9 10 22 79 12 44 0 0 0 0 0 0 14 13 0 0 0 0 8 11 0 0 0 0 16 2 0 0 0 0 0 0 0 0 0 0 0 0 0 0 0 0 0 0 0 1 0 0 0 0 0 14 0 0 0 0 0 0 0 0 0 0 0 0 0 0 0 14 0 14 0 0 0 61 0 1 22 32 0 20 11 29 14 11 0 1 2 0 0 0 0 0 0 0 1 0 0 0 49 0 0 0 0 0 21 0 0 0 0 0 0 0 0 0 0 0 0 0 0 0 0 2 0 0 0 0 0 0 0 0 0 0 0 0 0 0 0 0 0 0 0 0 0 0 0 1 0 2 0 0 0 1 1 1 4 5 6 15 3 0 0 0 0 0 0 0 0 0 0 0 0 0 0 0 0 0 0 0 0 0 0 2 0 0 0 0 0 0 0 0 0 0 0 0 0 0 
 312 41 128 209 88 67 135 69 118 281 45 30 693 242 244 435 129 354 0 215 1 0 0 0 2 1 0 0 0 0 0 0 0 0 0 1 0 3 2 0 3 0 3 0 0 3 0 0 0 0 0 0 2 0 1 0 0 0 0 2 0 2 0 0 0 0 0 2 0 2 0 0 0 0 0 0 0 0 0 0 52 11 19 101 0 10 0 12 23 23 1 8 54 15 13 8 1 18 15 30 0 0 1 0 0 0 0 0 1 0 0 0 0 0 0 0 0 0 1 0 0 2 0 0 0 0 0 0 0 1 0 0 0 0 0 0 0 0 0 0 0 0 0 0 0 0 31 0 0 0 0 0 0 0 0 0 0 0 0 0 0 34 10 0 0 0 5 21 7 1 0 24 42 0 5 8 1 0 23 2 0 0 0 1 0 0 0 0 0 0 0 0 0 0 0 0 0 0 0 0 0 0 0 0 0 1 0 0 0 0 0 0 2 0 0 0 0 0 0 2 0 0 0 0 0 0 0 0 0 0 0 0 0 0 0 0 0 0 0 0 0 3 1 0 0 3 0 0 0 44 10 9 1 0 1 0 0 0 0 0 0 0 0 0 0 0 0 0 0 0 0 0 0 0 0 10 0 0 0 0 0 0 0 0 0 0 0 0 0 0 
 170 76 64 152 73 51 328 273 75 189 150 254 312 208 228 291 34 537 215 0 0 0 0 0 2 0 0 1 0 0 0 2 0 0 0 2 0 3 2 0 3 0 3 0 1 3 0 0 0 0 0 0 2 0 0 0 0 0 0 2 0 0 0 0 0 0 0 2 0 3 0 0 0 0 0 0 0 0 0 0 78 0 12 0 0 0 33 13 18 6 0 9 0 0 20 19 38 18 24 30 0 0 0 0 0 0 0 0 0 0 0 0 0 0 0 0 0 2 21 17 0 0 0 0 0 0 0 0 0 1 0 0 0 0 0 0 19 1 0 0 0 0 16 0 0 8 0 0 0 0 0 0 0 0 0 0 0 51 0 0 36 27 14 1 0 0 3 0 29 0 0 38 24 1 30 19 2 10 5 10 0 0 0 0 0 0 1 0 0 0 0 0 0 0 0 0 3 0 0 0 0 0 0 0 0 0 0 0 0 0 0 0 0 0 0 0 0 0 0 0 0 0 0 0 0 0 0 0 0 0 0 0 2 0 0 0 0 0 0 0 0 6 0 0 2 0 3 0 4 0 0 10 11 0 0 0 0 0 0 0 0 0 0 0 0 0 0 0 0 0 0 0 0 0 0 0 0 7 0 0 0 0 0 0 0 0 0 0 0 0 
 0 2 2 74 89 156 3 2 0 0 102 21 0 2 0 0 0 0 1 0 0 289 192 71 119 41 211 139 210 113 177 127 135 143 284 327 61 42 123 125 7 0 0 0 4 0 3 3 0 0 0 1 1 4 0 0 0 0 0 3 7 0 0 0 0 3 0 3 0 0 0 0 0 0 0 0 53 4 0 0 0 0 0 6 21 59 0 0 0 0 0 11 0 0 0 0 0 0 0 0 11 16 35 0 0 9 0 9 20 21 31 14 0 0 9 16 18 2 0 8 1 0 0 0 0 0 0 0 0 0 0 0 0 0 0 0 0 0 0 0 0 0 0 0 0 0 0 0 0 3 0 0 0 0 0 0 0 0 0 0 0 0 0 0 0 0 0 0 0 0 0 0 0 0 0 0 0 0 0 0 22 10 52 0 1 9 12 0 34 9 18 0 12 0 0 24 31 11 0 0 0 0 0 2 0 0 0 0 0 0 0 0 0 1 1 0 0 0 0 0 0 0 0 2 0 0 0 0 21 0 0 0 0 0 0 0 0 1 0 0 0 0 0 0 0 0 0 0 0 0 0 0 0 0 19 0 0 80 74 2 0 18 0 0 0 0 0 0 0 0 0 0 0 0 0 0 0 0 0 0 0 10 0 0 1 9 0 0 0 0 
 0 2 2 76 73 0 0 0 63 1 75 1 0 0 0 0 2 0 0 0 289 0 481 328 130 27 166 191 185 262 237 248 168 146 146 225 121 264 153 106 0 0 0 0 7 0 3 3 63 0 0 0 1 0 0 0 0 0 0 3 0 0 0 4 0 17 0 6 5 0 0 0 0 0 0 0 0 2 0 0 0 0 0 0 13 0 0 0 0 0 0 10 0 0 0 0 0 0 0 0 13 7 11 0 1 9 7 18 8 20 44 17 0 0 15 38 11 13 0 22 0 0 0 0 0 0 0 0 0 0 0 0 0 0 0 0 0 2 0 0 0 0 0 21 0 0 0 0 0 7 0 0 0 0 0 0 0 0 0 0 0 0 0 0 0 0 0 0 0 0 0 0 0 0 0 0 0 0 2 0 25 59 38 16 1 28 6 15 40 25 27 9 0 0 10 32 23 11 0 2 0 0 0 0 0 0 0 0 0 1 0 0 0 0 2 0 0 0 1 0 0 0 0 0 0 10 0 22 10 0 0 0 0 0 0 0 0 0 0 0 0 0 6 0 0 0 0 0 0 0 0 0 0 0 16 0 2 4 15 1 4 0 0 0 0 0 11 0 0 0 0 2 0 0 0 0 1 0 0 0 0 18 0 0 0 13 0 0 0 0 
 0 0 0 2 24 39 0 1 0 0 1 0 0 0 0 0 1 0 0 0 192 481 0 111 144 43 160 236 261 184 336 106 217 350 500 127 190 147 35 104 9 0 0 0 4 0 3 3 1 0 0 0 1 11 2 0 0 0 24 3 0 0 0 0 0 3 0 3 0 0 0 0 0 0 0 0 0 2 0 0 0 0 0 0 0 15 0 1 0 0 0 10 0 0 0 0 2 0 1 0 11 19 1 30 16 0 54 25 42 10 30 11 21 71 3 24 11 50 0 45 0 0 0 0 0 0 17 0 0 0 7 0 0 13 0 0 0 0 12 10 0 0 0 11 21 0 0 0 0 0 0 0 0 0 1 0 4 0 0 0 0 0 4 0 8 0 0 0 0 12 0 0 0 0 6 0 0 0 0 0 28 0 14 16 8 4 42 0 22 0 31 9 56 41 26 38 65 9 0 14 0 0 0 0 0 0 0 0 0 0 0 0 0 11 0 0 0 0 17 0 0 0 0 2 0 0 0 0 0 0 0 21 0 0 0 0 0 0 0 0 0 0 0 0 0 0 0 0 0 0 0 0 0 0 7 2 0 131 78 2 3 0 0 0 0 0 0 0 0 0 0 0 0 0 0 0 0 0 0 2 0 0 0 0 0 0 0 0 0 0 
 0 2 0 1 2 74 1 2 1 1 1 0 2 4 2 0 2 1 0 0 71 328 111 0 82 159 111 93 130 145 135 364 215 64 156 48 191 173 93 66 19 0 3 0 10 3 24 3 3 0 2 0 78 19 2 64 3 1 3 68 0 0 1 0 0 4 0 3 0 18 0 0 0 0 0 4 0 3 51 7 0 0 0 0 0 0 0 0 0 0 0 0 0 0 0 0 0 0 0 0 12 7 19 10 20 22 26 0 18 0 0 25 1 19 21 31 27 0 0 8 11 18 19 0 0 0 6 19 8 11 0 0 0 12 10 11 2 0 24 0 0 1 0 0 0 0 0 2 0 3 0 1 0 0 0 0 0 0 0 0 0 0 3 0 4 3 0 0 0 0 0 0 0 0 9 0 0 0 0 0 0 27 12 30 7 0 19 6 30 0 18 0 16 9 35 0 0 0 17 0 0 9 17 0 0 0 28 0 10 10 0 0 5 21 0 0 10 0 0 0 0 0 0 0 0 0 0 0 0 0 0 0 0 0 0 0 0 0 0 0 0 0 0 0 0 0 0 0 0 0 0 0 0 0 4 0 0 75 0 1 2 0 0 0 0 0 0 0 0 0 0 0 0 0 0 0 0 0 0 0 0 0 0 0 0 0 28 0 0 0 
 2 2 2 2 2 2 80 2 99 2 4 2 2 2 4 2 7 2 2 2 119 130 144 82 0 222 103 76 64 401 75 285 150 367 327 156 43 299 277 98 0 83 0 0 3 0 3 5 68 0 0 0 1 55 2 63 0 1 143 126 0 0 0 0 0 3 0 3 0 3 0 0 0 0 0 0 0 2 0 8 0 0 0 0 0 0 0 0 0 0 0 0 0 0 0 0 0 0 0 16 9 26 0 13 49 11 0 0 0 5 27 0 0 0 18 2 19 0 0 0 12 11 31 7 0 0 28 1 1 0 5 2 2 0 19 20 41 0 49 37 0 0 0 10 0 0 0 0 0 0 0 0 0 0 0 0 2 0 0 0 0 0 0 0 0 8 0 7 0 0 0 0 0 1 0 4 0 0 0 0 0 19 7 0 17 18 0 0 18 7 20 24 0 0 0 0 0 12 0 0 15 8 0 0 2 0 19 7 0 0 0 0 28 15 0 2 0 4 23 0 0 0 0 0 0 0 0 0 17 0 0 0 0 0 2 0 0 0 0 0 0 0 1 0 0 2 0 0 0 0 0 0 0 0 10 0 3 0 7 2 1 2 0 0 0 0 0 0 0 0 0 0 0 0 0 0 0 0 0 0 0 0 0 0 0 1 0 0 0 0 
 1 2 0 0 0 0 0 0 0 2 0 0 0 0 2 0 3 0 1 0 41 27 43 159 222 0 24 52 46 133 190 138 36 38 133 73 272 141 68 51 137 1 0 0 4 0 9 32 64 69 0 0 4 70 7 45 0 0 83 56 0 0 0 0 0 3 0 3 0 8 0 2 0 0 0 0 0 3 0 14 0 0 0 0 0 0 0 0 0 0 0 0 0 1 1 0 0 0 0 0 0 0 15 25 21 7 0 0 12 0 9 29 0 0 0 14 0 0 0 0 2 0 21 0 0 0 1 44 4 0 8 0 16 15 33 0 62 16 12 13 0 0 0 6 26 0 0 0 0 0 2 0 0 2 0 0 0 0 0 0 10 5 0 0 0 0 0 0 0 0 0 0 5 0 0 0 0 0 0 0 0 0 0 8 0 10 0 1 0 9 0 0 0 0 0 0 0 48 0 0 7 0 15 2 1 0 28 0 0 0 0 10 28 12 36 0 0 18 6 24 0 0 0 0 0 0 0 0 0 0 0 0 0 15 0 0 0 1 0 0 0 0 0 0 0 0 0 1 0 0 0 0 0 0 16 0 0 5 0 9 1 1 0 63 0 0 0 0 0 0 0 0 0 0 0 0 0 0 0 0 0 0 0 0 0 0 0 0 0 0 
 0 0 0 6 1 0 0 0 0 2 0 0 0 0 0 1 3 0 0 0 211 166 160 111 103 24 0 369 213 115 34 300 325 284 34 36 298 479 147 174 0 1 2 0 4 0 2 3 5 1 0 0 2 0 70 210 2 0 0 3 0 1 0 1 2 3 0 3 0 0 3 4 0 0 14 0 2 5 0 0 0 0 0 0 18 27 0 0 0 16 13 0 0 0 0 0 0 0 0 0 25 75 13 32 0 3 17 11 2 49 16 1 11 0 50 20 19 12 0 23 0 0 0 0 0 0 0 0 0 0 0 0 9 0 0 0 0 0 13 0 0 10 0 0 0 0 0 0 0 0 0 8 0 0 0 0 0 0 0 0 0 0 0 0 13 0 0 4 0 0 0 19 0 0 1 3 0 0 0 0 9 13 0 0 0 1 23 12 33 3 11 85 15 0 34 2 16 33 0 24 0 0 0 0 0 0 0 0 0 0 0 0 0 0 0 0 0 0 0 0 0 0 0 0 0 0 0 0 0 0 0 9 0 0 0 0 0 0 0 0 0 0 7 0 0 0 0 0 0 0 0 0 0 0 4 0 0 77 3 2 1 0 0 0 0 0 20 0 0 0 0 1 0 0 2 13 0 0 0 1 0 0 0 0 0 6 0 0 0 0 
 0 0 0 0 73 1 0 0 2 0 0 1 2 0 0 5 1 0 0 1 139 191 236 93 76 52 369 0 367 123 307 467 348 389 207 148 53 262 54 289 0 0 2 0 4 63 0 3 2 0 0 0 2 0 2 204 0 0 0 3 0 3 0 0 0 0 0 0 4 1 0 0 0 1 0 0 3 0 0 0 0 2 0 0 0 34 0 0 0 0 0 0 0 0 0 0 0 0 0 0 0 6 25 6 15 18 2 4 1 61 10 0 12 14 11 0 19 16 2 5 1 0 0 0 0 0 0 1 0 0 0 0 0 15 0 0 0 0 0 0 0 0 0 0 0 0 0 0 0 3 0 0 0 0 0 0 13 0 0 3 1 0 0 1 13 0 0 0 0 0 0 1 0 0 0 3 0 9 0 0 11 0 26 17 13 8 21 1 8 11 0 28 15 32 25 10 25 26 0 18 15 0 0 0 2 0 9 13 0 9 0 0 0 0 0 0 2 0 20 0 0 0 0 0 0 0 0 0 0 0 0 0 0 0 0 0 0 0 0 0 0 0 9 0 0 3 0 0 74 0 0 0 0 0 7 0 0 80 78 2 13 12 0 0 0 0 4 1 0 0 0 0 0 0 0 0 0 0 0 0 0 22 0 0 0 0 0 0 0 0 
 0 0 0 0 23 159 0 0 0 0 0 0 0 0 0 0 1 0 0 0 210 185 261 130 64 46 213 367 0 72 42 44 202 335 691 79 328 132 378 182 0 0 0 0 3 0 3 3 0 0 0 0 1 0 2 0 0 0 0 3 0 0 47 0 0 3 0 3 0 0 0 0 0 0 0 0 0 2 0 0 2 0 0 6 6 14 0 0 0 0 0 0 0 0 0 0 0 0 0 0 27 23 10 18 0 0 29 9 35 12 23 1 12 15 13 17 0 44 0 18 0 0 0 0 0 0 0 0 0 0 0 2 11 0 0 0 0 0 0 0 0 2 0 0 0 0 0 0 0 0 0 4 0 0 0 0 0 0 0 0 10 0 6 0 34 20 2 0 0 8 0 0 0 0 1 0 0 0 0 0 13 0 20 9 0 0 37 0 23 0 19 10 35 0 54 53 50 21 3 5 7 0 0 0 0 0 0 0 0 0 1 8 0 0 0 0 0 0 0 0 0 0 0 0 0 0 2 0 0 0 0 0 0 0 0 0 0 0 0 0 0 0 11 0 0 0 1 0 0 0 0 0 0 0 5 1 0 39 44 0 2 2 0 1 0 0 0 0 0 0 0 1 0 0 0 10 0 0 0 35 0 0 0 0 0 0 0 0 0 0 
 0 0 0 0 0 0 0 0 0 0 0 0 0 1 0 0 0 2 0 0 113 262 184 145 401 133 115 123 72 0 168 264 78 90 116 156 77 48 67 175 6 0 0 0 4 0 67 3 0 59 0 0 1 4 1 0 0 1 58 66 0 0 0 0 0 3 0 3 0 0 0 0 0 0 0 0 0 2 0 0 0 0 0 0 0 0 27 0 0 0 0 0 0 0 0 0 0 0 0 0 0 15 50 30 61 37 0 0 6 30 11 42 0 0 0 8 1 42 0 0 0 0 0 0 0 0 10 0 0 0 0 0 21 20 0 0 0 0 39 39 0 0 0 34 0 0 0 1 0 0 0 0 0 1 4 0 6 0 0 0 0 0 0 0 0 9 0 7 0 0 0 0 0 0 0 4 0 0 0 0 0 9 21 46 26 0 0 0 5 11 12 43 0 0 0 19 0 27 0 0 10 0 0 0 0 0 8 12 0 18 0 0 0 16 0 20 0 0 1 0 0 0 0 0 0 0 0 0 0 0 0 0 0 0 0 0 0 0 0 0 0 0 0 0 0 0 0 0 0 0 0 0 0 0 2 0 2 0 78 0 3 0 0 0 0 0 10 0 0 0 0 0 0 0 0 0 0 0 0 0 0 0 0 0 0 0 0 0 0 0 
 0 3 0 0 0 74 0 0 0 0 18 0 0 0 0 0 0 0 0 0 177 237 336 135 75 190 34 307 42 168 0 56 250 105 88 101 173 268 79 156 0 0 0 0 25 0 3 3 1 0 0 0 65 0 2 108 1 0 0 66 0 0 0 56 0 3 2 3 0 2 0 0 3 0 0 0 0 7 0 3 0 4 0 0 0 0 0 0 0 0 0 0 0 0 0 0 0 0 0 0 20 0 1 9 22 23 39 0 9 16 47 0 0 14 26 13 47 14 0 9 10 10 11 0 0 0 0 6 0 0 0 0 2 0 10 0 0 0 36 1 0 0 0 0 0 0 0 0 0 5 0 1 0 0 0 0 0 0 0 0 0 0 4 0 51 0 0 0 0 0 0 0 0 0 9 0 0 0 0 0 4 44 61 19 0 0 29 7 54 0 18 4 15 22 28 21 3 22 18 0 0 0 15 0 0 0 11 0 0 9 0 0 0 11 0 0 0 0 0 0 0 0 0 0 0 0 0 0 0 0 0 0 0 0 0 0 0 0 0 0 0 0 10 0 0 0 0 0 0 0 0 0 0 0 7 0 1 85 38 2 1 0 0 0 0 0 1 0 0 0 0 0 0 0 0 0 0 0 0 0 0 0 0 0 0 0 14 0 0 0 
 39 2 0 0 0 1 2 0 0 0 0 1 74 0 0 0 5 0 0 2 127 248 106 364 285 138 300 467 44 264 56 0 56 34 223 155 174 91 36 31 4 0 0 0 4 0 59 3 61 0 0 0 63 67 1 0 0 41 0 5 0 40 0 0 0 6 0 3 3 0 0 0 0 0 0 0 0 2 0 0 0 0 0 0 0 0 0 0 0 0 0 0 0 0 0 0 0 0 0 0 0 0 26 0 25 11 7 0 6 10 18 35 0 0 19 21 0 14 0 0 6 9 11 0 0 0 11 2 9 14 3 0 7 12 0 14 16 12 0 0 0 0 0 0 1 0 0 0 0 0 0 1 0 0 21 0 0 0 0 0 2 0 0 0 0 0 0 0 0 0 0 0 3 0 0 0 0 0 0 0 0 26 18 62 7 13 1 9 19 8 22 22 0 0 0 16 0 10 0 0 0 11 0 20 0 0 0 0 9 11 2 0 12 7 19 3 12 1 0 1 0 0 0 0 2 0 0 0 0 0 0 0 0 0 0 0 0 0 0 0 0 0 2 0 0 2 0 0 0 0 0 0 0 0 6 2 0 0 12 1 6 16 0 0 0 0 13 0 0 0 0 0 0 0 0 0 0 0 0 0 0 0 0 0 0 0 0 0 0 0 
 0 2 0 4 1 77 2 0 95 0 0 0 0 0 0 0 0 0 0 0 135 168 217 215 150 36 325 348 202 78 250 56 0 208 205 126 234 393 144 126 0 0 201 0 3 0 3 3 0 0 0 0 1 0 0 0 0 0 0 3 0 0 0 0 0 3 0 3 1 0 0 0 0 0 0 0 0 2 0 0 0 0 0 1 0 16 0 0 0 1 0 0 0 0 0 0 0 0 0 2 0 10 1 19 0 21 0 6 0 13 0 0 33 0 17 22 41 12 0 51 0 0 0 0 0 0 0 0 0 2 0 0 0 0 1 0 0 0 7 0 0 0 0 0 0 0 0 0 0 4 0 1 0 0 0 0 0 0 0 0 0 0 0 0 0 0 0 3 0 0 0 0 0 0 0 0 0 0 0 0 54 24 7 17 1 36 31 14 51 0 4 0 28 28 40 43 38 5 12 12 0 2 0 0 1 0 0 0 0 0 0 0 0 0 0 0 0 0 12 0 0 0 0 0 0 0 0 0 0 0 0 0 0 11 0 0 0 0 0 0 0 0 12 0 0 0 0 0 0 0 0 0 0 0 6 2 1 67 83 0 3 0 0 0 0 0 0 0 0 0 0 0 0 0 0 0 0 0 0 10 0 11 0 0 0 0 0 0 0 0 
 0 0 2 0 82 0 1 0 0 0 0 77 0 0 0 0 0 0 0 0 143 146 350 64 367 38 284 389 335 90 105 34 208 0 86 116 209 351 120 203 0 0 0 0 5 0 3 3 0 0 0 0 0 0 1 0 0 0 0 3 0 0 0 0 0 3 0 3 0 0 0 0 0 0 0 0 1 2 0 0 0 0 0 0 37 26 0 0 0 0 21 10 0 0 0 0 0 0 0 0 2 21 11 40 1 22 0 12 15 86 1 1 11 12 0 0 0 12 9 19 0 0 0 0 0 0 0 0 0 0 0 1 2 3 0 0 0 0 0 0 0 7 0 0 0 2 0 0 0 0 0 4 0 0 0 0 0 0 0 0 0 0 0 0 39 0 0 6 0 0 22 10 0 0 0 5 0 1 0 0 19 0 1 11 9 0 27 13 24 10 0 49 14 1 18 29 29 30 0 10 0 0 0 0 0 0 8 0 0 0 0 9 0 0 0 0 0 0 1 0 0 0 0 0 0 0 0 0 0 0 0 10 0 0 0 0 0 0 0 0 0 0 13 0 0 0 2 0 77 0 0 0 0 2 10 4 3 75 185 2 0 2 0 0 0 0 0 0 0 0 0 0 0 0 0 20 0 0 0 0 0 0 0 0 0 0 0 0 0 1 
 77 3 0 209 58 35 0 1 0 1 0 1 0 0 0 0 0 0 0 0 284 146 500 156 327 133 34 207 691 116 88 223 205 86 0 278 255 227 75 99 4 0 0 0 3 0 3 3 0 2 0 0 1 5 2 2 3 0 3 3 4 3 0 0 0 3 0 6 0 0 0 0 0 0 2 0 0 2 0 0 0 0 0 0 1 0 0 0 0 0 2 0 0 0 0 0 0 0 0 0 10 19 22 19 47 0 18 43 21 23 33 29 25 11 16 15 22 28 0 35 20 0 0 0 0 0 0 0 9 0 0 0 0 1 0 0 0 0 1 0 0 0 1 0 0 0 0 0 0 1 0 0 0 0 4 2 0 0 0 0 0 0 2 0 2 5 1 0 0 0 0 0 0 3 2 0 0 26 0 0 45 0 15 31 0 34 18 0 0 1 22 1 16 29 29 20 6 23 1 14 1 0 0 0 0 0 0 0 0 0 0 0 0 0 0 0 0 0 13 0 0 0 0 0 0 0 0 0 0 0 0 2 0 0 0 0 0 0 0 0 0 0 0 0 0 0 0 0 0 0 0 0 0 0 4 0 0 155 2 1 2 2 0 0 0 0 0 0 0 0 0 0 0 0 0 0 0 0 0 1 0 16 0 0 0 0 0 0 0 0 
 5 3 2 1 22 2 3 1 2 2 2 1 2 2 1 3 2 2 1 2 327 225 127 48 156 73 36 148 79 156 101 155 126 116 278 0 292 121 48 52 61 3 0 1 3 0 4 3 0 3 0 0 3 2 2 2 1 0 0 23 0 0 1 0 0 5 2 3 0 1 6 0 0 1 0 3 13 6 0 0 0 0 0 0 0 0 0 0 0 0 0 0 0 8 8 0 0 0 0 0 9 0 12 0 20 10 20 0 25 22 36 26 0 14 14 1 0 35 0 18 12 0 0 0 0 0 10 0 0 0 0 0 0 0 0 0 0 0 15 9 0 0 0 0 0 0 0 0 0 0 0 0 0 0 8 2 0 0 0 0 0 0 10 0 6 0 1 0 0 0 0 0 0 2 1 0 0 0 0 2 27 0 17 0 7 0 27 0 18 0 37 0 16 0 9 29 20 23 13 0 0 0 0 0 0 0 0 9 0 0 0 0 0 0 0 11 0 0 0 0 0 0 0 0 0 0 0 0 0 0 0 2 0 0 0 0 14 0 0 0 0 0 10 0 0 0 0 0 0 2 0 0 2 0 8 1 0 1 38 0 2 13 0 0 0 0 0 0 0 0 0 0 0 0 0 0 0 0 0 0 0 15 0 0 0 0 0 0 0 0 
 0 0 0 0 82 0 0 0 0 0 1 0 0 0 3 0 2 0 0 0 61 121 190 191 43 272 298 53 328 77 173 174 234 209 255 292 0 156 108 21 0 1 0 0 5 0 65 3 0 3 0 0 0 0 62 3 7 0 0 95 0 0 0 0 0 5 0 3 1 2 0 0 0 0 0 2 0 2 2 0 0 0 0 0 0 36 0 0 0 0 0 0 0 0 14 0 0 0 0 0 20 19 10 19 0 15 21 5 1 12 10 24 4 12 23 39 35 18 0 27 3 10 0 0 0 0 9 0 7 0 0 0 0 0 0 1 0 0 0 14 0 0 0 0 0 0 9 0 0 6 0 0 0 0 0 0 0 17 0 0 0 0 3 0 4 5 0 0 0 0 0 0 0 0 6 0 0 0 0 0 11 1 14 1 10 1 40 23 49 0 14 0 28 25 41 3 24 5 15 16 0 29 0 0 0 0 0 14 7 0 0 0 0 1 0 22 0 0 21 0 0 0 0 0 0 0 0 0 0 0 0 0 0 0 0 0 0 0 0 0 0 0 15 0 0 0 0 0 0 0 0 0 0 0 10 0 2 78 1 0 0 11 0 0 0 0 0 0 0 0 0 0 0 0 0 0 0 0 0 0 0 8 0 0 0 0 0 0 0 0 
 3 9 5 3 3 22 3 3 98 3 5 3 3 5 3 3 5 3 3 3 42 264 147 173 299 141 479 262 132 48 268 91 393 351 227 121 156 0 54 53 2 3 0 73 7 0 5 3 9 0 0 3 1 0 2 0 0 0 0 5 1 2 46 0 0 3 0 10 1 0 0 0 0 0 3 0 0 2 0 0 0 0 0 1 0 14 0 0 0 0 0 0 0 0 0 0 0 0 0 0 12 14 24 13 13 9 25 22 0 17 0 33 34 18 26 12 34 27 0 4 6 0 0 0 0 0 0 0 0 0 10 0 0 23 0 0 0 0 24 36 0 1 0 0 0 0 0 2 0 0 0 0 0 0 15 0 0 0 0 0 0 0 3 0 4 0 0 0 0 0 0 0 0 0 8 4 0 0 0 0 2 21 0 25 0 1 33 0 30 1 30 10 39 26 60 18 12 8 17 12 0 0 0 27 0 0 0 0 0 0 0 0 0 0 0 0 0 0 9 14 0 0 0 0 0 0 0 0 0 0 0 0 0 0 0 0 0 0 0 0 0 0 0 0 0 0 0 0 0 0 0 0 0 0 11 0 1 77 2 0 4 19 83 0 0 0 0 0 0 0 0 0 0 0 0 0 0 0 0 12 0 0 0 0 0 0 0 0 0 0 
 3 79 2 86 190 219 4 32 3 2 2 156 4 2 2 2 2 3 2 2 123 153 35 93 277 68 147 54 378 67 79 36 144 120 75 48 108 54 0 267 0 0 0 0 4 0 3 3 0 7 0 0 1 0 2 0 6 2 0 3 0 0 0 0 0 3 0 3 0 0 0 0 48 0 0 0 0 2 0 0 0 18 0 23 43 8 0 0 14 28 1 12 0 0 19 0 20 14 0 0 12 29 0 21 0 10 5 1 4 1 1 0 48 13 11 10 21 1 23 38 0 0 0 0 0 0 0 0 0 0 0 0 0 0 0 0 0 0 0 0 0 0 0 0 0 0 0 0 0 3 0 0 0 0 0 0 0 0 0 0 0 0 0 0 22 27 0 1 10 0 22 3 0 0 0 0 0 1 0 0 3 26 12 10 0 0 2 35 8 0 0 0 18 10 0 0 1 1 22 39 0 0 1 0 0 0 0 0 0 0 0 1 0 0 0 0 0 0 0 0 0 0 0 2 0 0 0 0 0 0 0 0 0 0 0 0 0 0 0 0 0 0 1 0 0 1 0 0 77 0 0 0 0 0 4 1 0 76 0 0 2 0 0 0 0 0 0 0 0 0 0 0 0 0 0 0 1 0 0 0 0 0 0 0 0 0 0 0 0 0 
 0 0 2 26 46 75 1 0 0 0 0 35 0 1 0 0 0 1 0 0 125 106 104 66 98 51 174 289 182 175 156 31 126 203 99 52 21 53 267 0 0 0 0 0 4 0 2 3 1 0 2 0 2 0 2 0 92 0 0 3 0 0 0 0 0 3 0 3 3 0 0 2 0 0 0 0 0 2 0 0 0 0 0 9 2 27 0 0 0 2 21 0 0 0 1 0 0 0 0 0 21 64 9 0 0 2 10 0 1 26 10 0 11 0 63 16 25 9 11 13 0 0 0 0 0 0 0 0 0 0 0 0 12 0 0 0 0 0 32 0 0 14 0 0 0 0 0 0 0 0 0 9 1 0 0 14 0 0 0 0 0 0 1 0 27 22 0 7 0 0 0 11 0 0 0 6 0 0 0 0 0 19 13 5 2 12 5 13 58 11 27 29 12 0 0 0 12 15 8 26 0 0 0 0 0 16 20 0 0 0 0 0 0 0 0 0 0 0 0 0 0 10 0 0 0 0 0 0 0 0 0 0 0 0 0 0 0 0 0 0 0 0 0 0 0 0 0 0 0 74 0 0 0 0 4 0 1 1 3 5 2 0 0 0 0 0 0 0 0 0 0 0 0 0 0 19 0 0 0 0 0 13 0 0 0 11 0 0 0 0 
 3 3 3 3 3 3 3 3 3 2 3 3 3 3 3 3 3 3 3 3 7 0 9 19 0 137 0 0 0 6 0 4 0 0 4 61 0 2 0 0 0 108 370 126 35 28 397 290 65 147 46 43 350 362 104 109 377 105 30 284 0 0 0 0 0 0 17 14 0 0 0 0 0 0 0 0 0 0 0 0 25 0 0 0 0 0 0 0 0 0 0 0 0 0 0 0 0 0 0 0 0 0 2 0 3 2 0 0 2 5 5 16 0 0 0 7 0 9 0 0 0 6 0 0 0 0 0 1 27 7 1 19 1 16 40 0 3 8 0 7 1 0 13 0 1 0 0 0 0 0 0 0 0 1 0 0 0 0 0 0 8 4 0 0 0 0 0 0 0 0 0 0 0 0 0 0 0 0 0 0 0 0 6 3 0 0 0 0 0 0 0 0 0 0 0 0 0 5 0 0 12 0 10 26 12 14 1 1 21 16 0 7 21 13 15 10 10 47 16 5 0 0 0 0 0 0 0 0 0 0 0 0 0 0 0 0 0 0 9 0 0 0 6 0 0 0 0 0 0 19 0 7 0 2 0 0 0 0 0 3 0 0 67 8 1 2 2 0 2 0 7 0 0 0 0 0 0 0 0 0 0 0 0 0 9 21 0 6 1 0 
 0 0 0 0 0 0 0 0 0 0 0 0 0 0 0 0 3 0 0 0 0 0 0 0 83 1 1 0 0 0 0 0 0 0 0 3 1 3 0 0 108 0 237 289 60 37 130 288 313 129 567 50 108 386 82 547 256 72 93 270 0 0 0 0 0 0 5 11 0 0 0 0 0 0 0 0 0 0 0 2 0 0 0 0 0 0 0 0 0 0 0 0 0 0 0 0 2 0 0 0 0 6 0 0 0 0 0 0 0 0 0 0 0 0 0 0 0 0 0 0 24 0 20 14 28 7 0 0 9 2 16 22 0 0 0 23 32 17 0 0 0 0 0 20 0 0 3 0 15 0 0 0 9 0 0 0 0 0 0 0 0 0 0 0 0 0 0 0 0 1 0 0 0 0 0 0 0 0 0 0 0 0 0 0 0 0 0 0 0 0 0 0 0 0 0 0 0 0 0 10 7 18 11 2 10 12 1 0 9 0 19 1 23 0 0 45 9 24 18 0 0 0 0 0 0 0 0 0 0 0 0 0 0 0 0 0 1 0 31 7 0 0 1 0 0 0 0 0 0 0 0 12 0 0 0 0 0 0 0 0 0 0 65 0 1 2 2 0 2 0 0 0 0 0 0 0 0 0 0 0 0 0 0 0 29 22 0 7 0 0 
 3 3 3 3 3 3 3 3 3 3 36 3 3 11 3 3 3 3 3 3 0 0 0 3 0 0 2 2 0 0 0 0 201 0 0 0 0 0 0 0 370 237 0 174 121 267 64 112 163 215 119 316 120 135 102 403 314 224 35 43 9 1 0 0 0 3 53 0 3 207 0 0 29 2 2 0 0 5 50 3 0 0 0 0 0 0 0 0 0 44 0 0 0 0 0 0 0 0 0 0 0 0 0 0 0 0 0 0 0 0 0 0 0 0 0 13 0 0 1 0 0 0 6 53 0 20 0 0 7 29 1 21 0 0 0 25 0 47 0 0 0 0 0 0 0 0 0 9 0 0 0 0 1 0 11 1 0 0 8 0 0 0 0 0 0 0 0 0 0 1 0 0 0 0 0 0 0 0 0 0 0 0 0 0 0 0 0 0 0 0 0 0 0 0 0 0 0 0 0 0 0 16 11 1 11 1 0 0 0 0 47 2 0 0 0 7 10 16 0 0 0 0 9 0 0 0 12 0 0 7 0 0 10 28 0 0 18 0 63 14 0 0 0 0 0 0 0 0 0 0 0 14 0 0 0 0 0 0 0 6 0 0 33 0 1 19 2 73 1 0 11 0 0 0 0 0 0 0 0 0 0 0 0 0 16 8 0 0 0 4 
 0 0 0 0 0 0 0 0 0 0 0 0 0 0 0 0 3 0 0 0 0 0 0 0 0 0 0 0 0 0 0 0 0 0 0 1 0 73 0 0 126 289 174 0 124 115 98 84 110 86 95 242 68 71 119 92 59 121 109 63 61 2 1 0 0 0 0 11 0 10 0 0 54 1 22 1 208 0 0 11 0 0 0 0 0 0 0 0 0 0 0 0 0 0 0 0 0 0 0 0 0 0 0 9 0 0 0 0 0 0 0 0 0 0 0 0 0 0 0 0 0 0 0 12 16 10 0 0 0 0 19 19 0 0 0 0 0 0 0 0 40 1 0 0 0 0 0 1 0 0 0 17 18 0 26 1 0 30 25 5 0 0 0 0 0 0 0 0 0 0 0 0 0 0 0 0 0 0 0 1 0 0 0 0 0 0 0 0 0 0 0 0 0 20 0 0 0 0 0 0 0 0 0 0 0 18 0 0 0 0 0 8 5 0 0 0 0 8 0 0 0 0 0 0 0 0 10 0 0 0 0 0 4 0 1 0 5 1 0 0 0 0 0 0 0 0 0 0 0 0 0 0 0 0 0 0 0 0 0 2 0 28 0 0 0 1 0 0 0 0 0 0 0 0 0 0 0 0 0 0 0 0 0 0 0 0 0 0 0 0 
 3 3 1 2 1 1 0 1 0 2 2 3 0 0 12 2 0 2 0 1 4 7 4 10 3 4 4 4 3 4 25 4 3 5 3 3 5 7 4 4 35 60 121 124 0 277 89 72 83 99 158 126 301 77 279 74 350 264 84 284 4 78 3 3 10 2 2 2 0 5 6 64 5 3 2 2 2 15 74 23 0 0 0 0 0 0 0 0 0 0 0 0 0 0 0 0 0 0 0 0 0 0 0 0 0 0 0 0 0 0 0 0 0 0 0 0 0 0 0 0 0 0 0 20 7 0 0 0 0 14 0 0 0 0 0 2 0 0 0 0 21 8 6 30 0 0 13 13 14 0 22 26 23 0 22 0 10 4 9 33 0 0 0 0 0 3 0 0 0 0 0 0 0 0 0 0 0 0 0 0 0 0 0 0 0 0 0 0 0 0 0 0 0 0 0 0 0 0 0 0 0 0 0 0 0 21 0 0 18 0 13 0 0 0 0 0 0 0 0 0 32 4 0 0 0 16 10 0 12 0 41 12 0 17 0 1 51 0 3 29 0 0 0 0 0 0 1 0 0 0 0 7 0 0 0 0 0 1 0 1 0 0 3 2 4 4 3 1 0 0 0 0 0 0 0 6 0 0 0 0 0 0 0 0 0 0 0 0 0 0 
 3 3 3 3 3 3 3 3 3 3 3 3 3 3 3 3 3 3 3 3 0 0 0 3 0 0 0 63 0 0 0 0 0 0 0 0 0 0 0 0 28 37 267 115 277 0 50 25 261 216 166 130 28 94 95 92 60 261 268 101 5 49 66 0 0 1 59 19 53 0 2 3 0 1 3 1 0 2 102 102 0 0 0 0 9 0 0 0 0 0 11 0 0 0 0 0 0 0 0 0 0 0 0 0 0 13 0 0 22 0 0 0 0 0 0 0 0 0 0 0 0 0 0 30 0 0 0 0 0 15 0 1 0 0 0 0 0 10 0 0 0 10 0 0 0 0 13 14 0 6 0 0 17 0 0 0 0 1 9 30 15 0 0 0 0 0 0 0 0 0 0 0 0 0 0 0 0 0 0 0 0 0 0 0 0 0 0 0 0 0 0 0 0 0 0 0 0 0 0 0 0 0 0 0 0 1 0 0 0 0 14 0 0 0 0 0 0 0 0 0 18 18 7 1 15 7 32 1 0 0 8 10 11 29 0 0 40 1 8 1 0 0 0 0 0 0 0 0 0 0 0 3 0 0 0 0 0 0 0 0 0 0 0 0 2 20 15 0 0 0 0 0 0 0 0 0 0 0 0 0 0 0 0 0 0 2 0 0 0 0 
 0 3 0 0 0 0 0 0 0 0 0 0 0 0 0 0 1 0 0 0 3 3 3 24 3 9 2 0 3 67 3 59 3 3 3 4 65 5 3 2 397 130 64 98 89 50 0 175 362 254 56 267 825 129 35 74 42 47 112 76 0 0 0 0 0 0 3 0 0 0 0 0 0 0 51 0 0 0 0 0 0 0 0 0 0 0 0 0 0 0 0 0 0 0 0 0 0 0 0 0 0 0 11 0 10 0 0 0 0 0 0 8 0 0 0 0 0 0 0 0 0 28 3 0 1 0 67 6 16 42 25 0 27 0 0 19 20 78 0 4 0 0 0 0 0 0 0 0 5 2 0 0 0 0 3 0 0 0 0 0 0 0 0 0 0 0 0 0 0 0 0 0 6 0 0 0 0 0 0 64 0 0 0 13 23 0 0 0 0 0 0 0 0 0 0 0 0 0 0 0 14 12 10 12 33 0 9 21 9 12 0 23 33 17 6 2 25 16 0 3 0 0 0 0 0 0 1 2 0 0 0 0 2 7 0 1 0 1 4 4 0 0 0 0 0 0 0 0 0 0 0 8 0 1 0 0 0 0 0 0 0 0 3 0 2 0 4 0 2 0 2 0 0 0 0 0 0 0 0 0 0 0 7 0 5 0 12 0 2 0 
 6 0 0 0 0 0 0 0 0 0 0 0 0 0 0 0 0 1 0 0 3 3 3 3 5 32 3 3 3 3 3 3 3 3 3 3 3 3 3 3 290 288 112 84 72 25 175 0 162 114 19 55 161 297 51 73 40 91 417 58 60 0 0 3 7 0 10 23 0 1 5 1 0 0 3 0 6 5 0 0 0 0 0 0 0 0 0 0 0 0 0 0 0 0 0 0 0 0 0 0 0 7 0 0 0 0 0 0 0 0 0 0 0 0 0 0 0 0 11 0 24 7 0 0 1 0 0 14 18 10 21 7 1 21 42 18 13 31 0 0 0 0 0 0 0 0 22 0 3 0 10 0 3 5 7 0 0 0 0 0 1 0 0 0 0 0 0 0 0 7 0 0 0 0 0 0 0 0 0 0 0 0 0 0 0 0 0 0 0 0 0 0 0 0 0 0 0 0 0 0 30 16 7 7 63 16 44 14 10 20 0 26 32 0 28 25 25 18 0 14 0 6 0 0 0 0 0 6 0 0 0 0 4 5 0 0 3 5 7 7 0 0 0 0 0 0 0 0 0 0 0 4 0 0 0 0 0 0 0 0 0 0 3 5 0 2 1 0 2 0 19 0 1 0 0 0 0 0 0 0 0 0 0 0 27 11 0 0 0 0 
 0 0 0 0 0 0 0 0 0 0 0 2 0 1 0 0 0 0 0 0 0 63 1 3 68 64 5 2 0 0 1 61 0 0 0 0 0 9 0 1 65 313 163 110 83 261 362 162 0 96 42 88 339 244 188 164 49 116 126 298 0 4 0 0 0 207 21 4 0 0 0 0 103 0 0 0 0 0 26 0 0 0 0 0 0 0 0 0 0 0 0 0 0 0 0 9 0 0 0 0 0 0 0 0 0 5 0 0 0 0 0 0 0 0 0 0 0 0 0 0 0 28 31 27 0 17 2 0 30 0 30 13 5 8 6 22 13 2 6 16 3 0 23 0 0 0 0 0 0 0 0 0 0 0 11 0 0 0 0 0 14 5 0 0 0 0 0 0 0 0 0 0 3 0 0 0 0 0 0 0 0 0 0 0 6 4 0 0 0 0 10 0 0 0 0 0 0 0 0 0 25 40 0 19 0 0 0 5 0 0 1 9 26 0 3 11 10 42 6 0 0 5 0 0 0 0 0 0 0 0 0 0 13 7 11 0 1 0 0 6 0 0 0 0 0 0 0 0 0 0 0 7 0 2 0 0 0 0 0 2 0 0 1 1 2 0 0 0 2 0 0 0 0 0 0 0 0 0 0 0 19 0 0 0 0 1 0 15 1 0 
 4 4 0 2 1 4 2 4 0 0 14 1 0 0 7 2 5 0 0 0 0 0 0 0 0 69 1 0 0 59 0 0 0 0 2 3 3 0 7 0 147 129 215 86 99 216 254 114 96 0 137 123 176 134 156 376 292 47 321 110 4 0 0 0 0 1 0 0 0 0 0 0 3 0 0 0 0 3 48 0 0 0 7 1 4 0 0 0 0 0 2 0 0 4 4 2 0 0 0 0 0 0 0 0 0 0 0 0 0 0 0 0 0 26 0 0 0 0 0 0 1 0 0 43 8 18 0 1 7 24 0 0 0 8 14 26 11 26 0 0 1 0 0 0 0 0 0 0 0 0 0 0 29 0 0 0 0 0 3 0 5 1 2 2 0 0 0 11 0 0 0 0 0 0 0 6 2 1 0 0 0 0 0 0 0 0 0 0 0 0 0 0 13 1 0 0 0 0 0 0 9 10 11 0 9 0 8 0 19 6 42 0 12 0 11 7 0 9 12 0 0 0 0 0 0 0 12 0 0 0 0 0 0 4 0 1 26 0 28 0 0 0 0 0 0 0 0 0 0 0 0 2 59 1 0 0 0 0 0 0 0 0 52 0 1 3 3 1 0 0 38 0 0 0 0 0 0 0 0 0 0 0 0 0 7 0 0 7 2 0 
 0 0 49 2 0 0 0 0 0 0 0 0 0 1 0 0 4 0 0 0 0 0 0 2 0 0 0 0 0 0 0 0 0 0 0 0 0 0 0 2 46 567 119 95 158 166 56 19 42 137 0 184 52 106 127 135 169 47 24 55 0 0 3 0 0 0 60 0 1 0 0 0 23 0 0 0 0 0 0 0 0 0 0 0 0 0 0 0 0 0 0 0 0 0 0 0 0 0 0 0 0 0 0 0 0 0 0 0 0 0 0 0 0 0 0 0 0 0 0 0 41 0 11 20 6 24 0 0 0 6 29 15 6 3 14 16 0 20 0 0 11 9 9 0 0 0 0 10 10 0 0 12 11 0 4 0 0 10 20 12 0 0 0 0 0 0 0 0 0 1 0 0 0 7 0 0 0 0 0 0 0 0 0 0 0 0 0 0 0 0 0 0 0 0 0 0 0 0 0 0 1 28 9 12 3 0 1 0 0 0 17 10 0 0 1 2 31 10 7 0 0 6 6 0 0 0 0 0 0 0 10 0 7 24 0 15 0 0 22 9 0 0 0 0 0 0 0 0 0 0 1 5 0 0 0 0 0 0 0 0 0 0 66 0 0 11 0 0 0 0 0 0 0 10 0 0 0 0 0 0 0 0 6 0 21 0 0 1 0 0 
 0 0 0 0 0 0 0 0 1 0 0 0 67 0 0 0 2 0 0 0 1 0 0 0 0 0 0 0 0 0 0 0 0 0 0 0 0 3 0 0 43 50 316 242 126 130 267 55 88 123 184 0 34 253 22 116 95 146 27 38 0 4 51 0 0 0 0 56 0 0 0 0 80 51 54 50 0 1 0 1 0 0 0 0 0 0 0 0 0 0 0 0 0 0 0 0 0 0 0 0 0 0 0 0 0 0 0 0 0 0 2 0 0 0 0 0 0 0 0 0 1 0 1 15 0 21 0 0 0 0 0 22 0 0 0 0 0 11 0 0 6 8 20 0 0 0 22 5 3 0 0 12 21 0 2 5 0 7 3 38 0 0 0 0 0 0 0 8 0 0 0 0 0 0 0 0 0 0 0 0 0 0 6 0 0 0 0 0 20 0 0 0 0 0 0 0 0 0 0 0 0 0 0 0 0 3 0 0 0 0 0 1 0 0 0 0 0 1 0 0 0 22 3 8 0 0 20 0 7 12 14 1 22 0 7 23 6 0 0 14 0 0 0 0 0 0 0 0 0 0 0 5 1 0 0 0 0 0 0 16 0 0 4 0 0 4 5 0 0 0 0 0 0 3 0 0 0 0 0 0 0 0 0 0 0 0 0 0 0 0 
 2 2 2 2 2 2 4 2 2 3 2 2 2 2 2 2 2 2 2 2 1 1 1 78 1 4 2 2 1 1 65 63 1 0 1 3 0 1 1 2 350 108 120 68 301 28 825 161 339 176 52 34 0 66 26 41 118 22 90 357 201 8 11 0 0 1 0 0 8 10 0 0 0 15 0 6 0 10 7 9 8 0 0 0 0 0 10 0 0 0 0 0 0 35 0 0 0 0 0 0 0 0 0 17 0 0 0 0 0 0 0 0 0 0 0 0 0 0 0 0 15 3 29 0 0 0 11 45 10 4 1 0 42 7 0 0 33 64 0 18 1 49 5 4 0 0 9 0 4 0 12 0 0 0 0 0 5 0 0 0 0 0 0 0 0 0 0 0 0 0 0 0 0 0 0 0 0 0 0 0 20 0 0 0 0 0 0 0 0 0 0 0 0 0 0 0 0 0 0 0 9 0 37 18 4 0 12 0 0 0 0 0 12 7 8 0 0 7 36 0 5 0 0 0 2 64 0 0 0 4 0 0 0 0 0 0 3 0 14 0 0 0 0 0 0 0 0 0 0 0 0 0 0 0 0 0 0 0 0 0 0 0 77 0 2 2 0 0 0 0 7 0 0 0 0 0 0 0 0 0 0 0 0 0 10 0 28 2 0 0 
 3 0 0 0 0 0 0 0 0 0 0 62 0 0 0 0 0 0 0 0 4 0 11 19 55 70 0 0 0 4 0 67 0 0 5 2 0 0 0 0 362 386 135 71 77 94 129 297 244 134 106 253 66 0 436 117 339 21 192 466 0 0 0 0 0 0 2 0 0 0 0 0 0 0 0 0 0 0 0 2 0 0 0 0 0 4 0 0 0 0 0 0 0 0 0 0 0 0 0 0 0 0 3 1 2 0 0 0 3 4 4 17 0 0 0 6 0 0 0 0 23 0 38 26 21 26 12 10 0 0 47 4 21 0 19 12 6 47 0 0 0 0 0 0 0 0 0 0 0 0 0 0 0 0 0 0 0 0 0 0 0 0 0 0 0 0 0 0 0 0 0 0 0 0 0 0 0 0 0 0 0 0 5 3 0 1 0 0 0 0 0 0 0 0 0 0 0 4 0 0 0 14 46 18 0 0 13 0 0 0 12 6 22 1 0 10 12 10 0 0 0 1 0 0 0 0 0 0 0 0 0 0 0 0 0 0 0 0 30 12 0 0 0 0 0 0 0 0 0 29 0 0 0 1 0 0 0 0 0 2 0 0 66 0 1 2 1 0 1 0 0 0 0 0 0 0 0 0 0 0 0 0 0 0 28 0 0 0 2 0 
 0 1 0 2 2 1 0 2 0 2 2 0 0 1 1 0 0 2 1 0 0 0 2 2 2 7 70 2 2 1 2 1 0 1 2 2 62 2 2 2 104 82 102 119 279 95 35 51 188 156 127 22 26 436 0 171 142 167 85 303 8 0 0 4 0 0 0 0 0 0 0 0 1 0 0 0 0 0 0 0 0 0 0 0 33 0 0 0 0 0 0 0 0 0 0 0 0 0 0 0 0 0 0 0 0 0 0 0 0 0 0 0 0 0 0 0 0 0 0 0 0 0 0 20 25 23 0 0 1 0 15 1 0 0 0 14 0 4 0 0 1 0 0 0 0 0 0 0 0 0 0 0 0 0 0 0 0 0 0 0 0 0 0 0 0 0 0 0 0 0 0 0 0 0 0 0 0 0 0 2 0 0 0 0 0 0 0 0 0 0 0 2 0 0 0 0 0 0 0 0 0 21 8 10 2 10 0 9 0 19 12 26 0 0 1 1 25 11 0 0 0 0 0 0 0 0 0 0 0 0 0 0 13 0 0 0 0 0 36 14 0 0 8 0 0 0 0 0 0 32 0 6 0 1 0 0 0 0 2 0 0 0 67 1 0 2 0 64 0 0 0 0 0 0 0 0 0 0 0 0 0 0 0 0 26 2 0 0 2 0 
 3 2 0 0 0 0 0 0 0 0 0 0 0 0 0 0 1 0 0 0 0 0 0 64 63 45 210 204 0 0 108 0 0 0 2 2 3 0 0 0 109 547 403 92 74 92 74 73 164 376 135 116 41 117 171 0 174 129 274 68 0 0 0 0 0 0 0 0 0 8 0 0 52 0 0 0 0 0 0 8 0 0 0 0 0 0 0 0 0 0 0 0 0 0 0 0 0 0 0 0 0 0 0 46 0 0 0 0 0 0 0 0 0 0 0 0 0 0 0 0 20 11 42 21 1 24 0 21 3 0 24 3 8 0 13 10 30 16 0 2 0 0 0 0 0 0 0 0 0 0 0 0 0 0 12 0 0 0 9 0 6 11 0 0 0 0 0 0 0 0 0 0 2 0 0 0 0 0 0 0 0 1 0 0 0 0 0 0 0 0 0 0 0 0 2 0 0 0 0 0 0 8 9 8 10 1 21 0 0 0 10 18 17 6 10 8 17 35 0 10 0 11 0 0 0 0 0 1 0 0 0 0 14 8 0 0 1 1 48 7 0 0 0 0 0 0 0 0 0 0 0 5 0 0 0 0 0 0 0 8 0 0 69 62 1 2 2 0 2 0 0 0 0 0 0 0 0 0 0 0 0 0 45 0 12 10 0 0 0 0 
 0 3 0 0 0 0 0 0 3 0 0 0 0 0 0 0 4 0 0 0 0 0 0 3 0 0 2 0 0 0 1 0 0 0 3 1 7 0 6 92 377 256 314 59 350 60 42 40 49 292 169 95 118 339 142 174 0 158 48 63 11 0 0 209 0 0 0 0 0 0 0 0 0 0 0 0 0 0 51 0 0 16 0 0 0 0 0 0 0 0 0 0 16 0 0 0 0 0 0 0 10 7 0 2 0 0 10 0 0 0 0 0 4 0 10 0 6 0 0 5 10 0 9 24 18 0 0 0 8 29 0 0 0 6 0 7 13 61 0 0 0 0 0 0 0 0 10 0 0 0 0 0 10 0 0 0 0 0 12 0 0 0 0 0 0 7 0 0 0 0 0 0 0 0 0 0 0 0 0 0 0 0 0 0 0 0 0 3 0 0 0 0 6 0 0 0 0 0 10 6 8 33 3 21 28 33 10 1 4 11 17 14 0 0 9 6 12 14 9 0 0 0 0 0 0 0 0 0 0 0 0 0 0 0 1 0 10 0 87 11 0 0 7 0 0 0 0 0 0 0 0 15 0 1 0 0 0 0 0 1 0 0 6 1 2 2 1 68 0 0 0 0 0 0 0 0 0 0 0 0 0 4 0 0 25 0 0 8 2 0 
 0 66 0 0 0 0 60 0 0 0 0 0 0 0 0 0 0 0 0 0 0 0 0 1 1 0 0 0 0 1 0 41 0 0 0 0 0 0 2 0 105 72 224 121 264 261 47 91 116 47 47 146 22 21 167 129 158 0 255 132 73 0 0 7 0 0 1 4 0 0 0 0 109 0 10 0 0 1 50 0 0 0 0 0 0 0 0 0 0 0 0 0 0 0 0 0 0 0 0 0 0 0 0 0 0 0 0 0 0 0 0 0 0 0 0 0 0 0 0 0 9 31 0 12 23 35 0 0 0 0 26 22 0 0 5 28 0 0 0 6 8 0 0 0 0 0 8 25 0 0 0 0 3 3 18 0 0 3 1 2 3 2 0 0 0 0 0 0 0 3 0 0 0 0 0 0 0 0 0 0 0 0 0 0 5 0 0 0 0 0 0 0 0 0 0 0 0 0 0 0 0 0 0 8 32 40 0 11 0 9 21 30 0 7 1 9 12 13 0 13 0 24 0 4 16 0 17 0 8 0 0 0 15 1 10 8 2 0 4 13 0 0 0 0 0 0 0 0 0 1 0 12 0 0 0 0 0 0 0 21 0 0 0 64 0 1 5 37 0 0 0 0 0 0 0 0 0 0 0 0 0 0 0 0 3 15 0 0 0 0 
 3 4 0 0 0 0 0 0 2 0 0 0 0 0 0 0 0 0 0 0 0 0 24 3 143 83 0 0 0 58 0 0 0 0 3 0 0 0 0 0 30 93 35 109 84 268 112 417 126 321 24 27 90 192 85 274 48 255 0 283 4 3 0 0 0 0 9 16 0 0 6 0 16 0 2 0 6 6 0 3 0 0 0 0 0 0 0 0 0 0 0 0 0 0 0 0 0 0 0 0 0 0 0 10 22 0 0 0 0 0 18 10 0 0 0 0 14 10 0 0 1 0 1 0 0 0 32 38 10 22 6 10 0 41 22 16 26 0 11 10 0 0 0 3 0 0 0 0 0 0 0 0 0 0 1 0 24 0 0 0 0 0 0 0 0 0 0 0 0 0 0 0 0 0 0 0 0 0 0 0 0 1 0 1 8 10 0 0 0 0 6 11 0 0 0 0 0 0 0 0 27 8 17 0 0 0 0 18 0 14 0 0 41 15 0 10 11 12 4 17 0 0 0 0 0 0 0 0 0 0 0 0 0 0 0 0 0 0 1 0 0 0 0 0 0 0 0 0 0 0 0 19 0 2 0 0 0 0 6 2 19 0 0 0 0 2 2 0 0 0 0 0 0 0 0 0 0 0 0 0 0 0 0 0 0 0 0 1 1 0 
 4 0 0 7 0 3 0 4 0 0 8 1 0 0 4 9 12 2 2 2 3 3 3 68 126 56 3 3 3 66 66 5 3 3 3 23 95 5 3 3 284 270 43 63 284 101 76 58 298 110 55 38 357 466 303 68 63 132 283 0 0 0 0 0 0 0 0 0 0 6 0 0 0 1 0 203 0 0 0 6 0 0 5 1 6 0 0 0 0 0 0 0 0 6 4 0 0 0 13 0 0 0 0 17 27 9 0 0 0 0 0 12 0 0 0 0 0 0 0 0 3 3 19 0 0 0 12 23 1 0 12 0 6 3 17 0 21 0 25 18 0 0 0 4 4 0 0 0 0 0 1 0 0 5 0 0 5 0 0 0 6 2 0 4 0 0 0 3 0 0 0 0 0 0 2 7 0 3 0 0 0 0 0 0 8 17 0 0 0 5 0 0 0 1 0 0 0 7 0 0 1 0 15 0 9 0 23 9 0 1 0 0 18 2 25 6 0 0 27 1 0 0 0 0 0 0 0 0 0 0 0 0 0 0 0 0 0 0 0 0 0 2 0 0 0 0 0 0 0 0 0 5 0 1 0 0 0 0 0 2 0 0 1 0 0 2 0 0 0 0 0 0 0 0 0 0 0 0 0 0 0 0 0 0 0 0 0 0 2 0 
 2 0 0 0 0 0 2 3 0 0 0 0 0 81 0 0 0 46 0 0 7 0 0 0 0 0 0 0 0 0 0 0 0 0 4 0 0 1 0 0 0 0 9 61 4 5 0 60 0 4 0 0 201 0 8 0 11 73 4 0 0 182 146 123 26 28 121 122 46 90 42 38 158 141 141 178 41 57 35 76 0 1 0 0 0 0 0 24 0 0 0 0 1 0 0 0 0 0 0 0 0 0 0 0 0 0 0 0 0 0 0 0 0 0 0 0 0 0 0 0 0 0 0 6 10 5 0 8 0 0 0 24 0 0 3 7 0 1 0 0 7 0 0 0 8 9 0 0 0 0 1 7 0 10 0 12 11 0 0 20 0 0 0 0 0 0 12 0 9 0 0 0 22 7 0 0 0 0 0 0 0 8 0 0 0 0 0 0 0 0 0 0 0 0 0 0 0 0 0 0 0 0 0 1 0 31 0 5 0 28 5 12 0 0 0 0 8 8 0 0 9 8 9 20 0 0 10 8 9 12 0 3 0 0 0 7 21 9 16 38 0 0 0 0 0 0 0 0 0 0 0 0 0 0 0 0 0 0 0 0 0 0 21 0 0 0 0 6 0 0 14 0 0 0 0 0 0 0 0 0 0 0 0 0 0 0 0 0 0 0 
