 0 222 149 44 587 46 62 313 113 33 41 19 124 236 207 31 472 40 182 41 0 4 2 0 0 6 0 61 7 0 4 0 75 0 0 0 5 0 2 0 0 66 0 2 0 2 0 0 0 0 0 6 66 2 1 0 8 2 0 6 0 0 0 1 0 0 0 0 3 0 0 0 0 0 0 0 3 0 0 0 19 48 0 9 0 0 14 17 0 16 0 4 13 11 0 0 15 0 35 14 0 0 0 0 0 0 0 0 0 0 0 0 0 25 0 0 0 0 2 0 0 0 0 0 0 0 0 0 0 0 0 0 0 0 0 0 0 0 0 0 0 0 0 0 0 1 0 2 0 0 0 0 0 0 0 0 0 0 0 0 48 0 0 0 21 0 41 29 24 0 0 0 1 10 17 10 12 15 14 49 0 0 0 0 4 0 0 0 0 0 0 0 0 0 0 0 0 0 0 0 1 0 0 0 1 0 0 0 0 0 0 0 0 1 0 0 0 0 0 0 0 0 0 0 0 1 0 0 9 0 0 10 0 0 0 0 0 0 0 0 0 0 0 0 0 0 0 0 2 1 2 0 0 0 0 0 0 0 0 0 0 0 0 0 0 0 0 0 0 0 0 0 0 0 0 0 0 0 0 0 0 0 0 0 0 0 0 0 0 1 
 222 0 96 165 45 38 67 147 48 149 126 18 139 145 162 128 133 110 67 40 2 1 2 4 0 1 0 0 7 4 7 0 76 3 3 0 5 0 85 0 0 3 2 0 0 4 2 0 0 0 2 32 0 0 1 0 0 2 2 0 0 3 0 4 0 0 0 0 3 1 2 0 0 0 0 0 3 0 4 0 12 26 22 7 24 0 0 14 20 6 18 22 37 44 15 0 32 13 23 0 0 0 0 0 0 10 0 0 0 0 0 0 0 0 0 0 0 0 0 0 0 0 0 4 0 0 0 6 0 0 0 0 0 0 0 0 0 0 0 0 0 0 0 0 0 0 0 0 0 0 0 0 11 0 0 0 0 0 0 0 32 20 0 2 0 0 27 31 11 18 0 19 22 21 17 12 18 11 9 35 17 0 0 12 0 0 0 0 0 0 0 0 0 0 0 0 0 0 28 0 0 0 0 0 0 0 0 0 0 0 0 0 21 0 0 0 6 0 0 0 18 0 0 0 0 0 0 0 0 0 0 0 0 0 0 0 0 0 0 0 0 0 0 0 0 0 2 0 2 6 0 13 0 0 0 0 0 0 0 0 0 0 0 0 0 0 0 0 0 0 4 0 0 0 0 12 0 0 0 0 0 0 0 0 0 0 0 0 0 0 
 149 96 0 148 538 200 42 229 276 205 152 119 110 48 226 40 135 248 26 62 0 0 2 0 0 0 74 0 3 1 0 0 1 0 0 1 3 0 73 74 0 3 0 0 0 2 0 0 0 0 0 0 0 0 1 0 0 9 0 0 3 0 0 0 0 0 0 0 3 0 0 0 0 0 0 0 3 0 0 3 11 27 2 53 17 52 23 12 0 68 15 9 0 19 14 0 18 44 14 0 0 0 0 0 0 0 20 0 10 0 0 0 6 11 25 0 0 0 58 21 0 0 0 0 0 0 0 0 0 0 0 2 0 0 0 0 0 0 0 0 0 0 0 0 0 0 0 0 2 2 0 0 0 0 0 0 0 0 5 0 7 27 35 0 31 35 18 0 33 10 8 1 0 2 2 15 0 10 0 0 23 8 2 0 0 0 22 10 0 0 0 0 14 12 56 0 0 0 10 2 0 0 0 0 0 0 0 0 0 0 0 0 9 0 0 0 0 0 0 0 0 0 0 0 0 6 2 0 0 2 0 0 0 0 0 0 0 0 0 0 0 0 0 0 0 0 3 0 91 2 16 4 0 2 0 0 0 2 0 0 0 0 0 0 0 0 2 0 0 0 0 0 0 0 0 1 10 0 0 0 0 0 0 0 0 0 0 0 0 0 
 44 165 148 0 160 45 94 156 256 257 163 451 143 82 254 516 277 141 320 54 0 1 2 0 0 56 0 78 3 73 0 0 76 208 0 0 3 0 91 0 0 3 0 0 0 2 0 0 0 0 2 0 2 0 1 0 4 1 0 0 0 0 0 0 0 0 0 0 7 0 0 0 0 0 0 0 3 0 0 0 0 25 13 0 44 0 52 0 9 27 18 12 0 35 0 0 19 23 0 0 0 0 0 0 0 0 0 0 17 0 0 0 23 19 5 10 0 0 56 0 0 0 0 2 0 0 0 0 0 0 0 0 0 0 0 0 2 0 0 0 0 0 1 0 0 0 6 0 0 0 10 0 0 2 0 0 6 0 0 2 0 52 11 46 14 15 1 0 13 0 64 63 0 2 11 10 0 0 0 0 21 8 14 0 0 0 0 2 0 0 0 0 32 25 0 0 0 0 1 19 0 0 0 0 0 0 0 0 0 0 6 0 9 0 0 0 0 0 0 0 0 0 0 0 0 0 0 0 0 0 0 0 0 9 0 0 11 1 0 0 0 0 0 0 0 0 89 1 93 91 19 9 0 3 0 0 0 0 0 0 0 0 4 0 0 0 0 0 0 0 0 0 0 0 0 13 0 11 0 0 0 0 0 0 0 0 0 0 0 0 
 587 45 538 160 0 388 48 149 44 268 116 156 608 195 465 301 265 406 69 67 74 1 2 0 2 0 26 66 3 0 0 2 161 0 0 78 3 0 0 61 0 68 0 0 0 2 0 0 0 0 0 0 0 0 1 0 89 6 0 0 0 0 0 0 0 0 0 0 3 0 0 0 0 0 0 0 3 0 0 0 0 28 0 17 35 29 0 6 0 47 0 34 0 0 14 0 15 13 0 0 2 1 0 34 0 0 0 1 0 23 19 0 37 53 23 7 0 0 16 22 0 0 0 0 0 0 0 0 0 0 7 0 0 0 0 0 0 0 0 0 0 0 0 0 0 1 6 2 0 0 0 0 0 0 0 0 5 0 0 0 16 0 0 0 48 13 0 0 2 28 0 0 0 0 3 0 7 0 0 0 23 40 9 0 0 0 11 0 0 9 5 22 9 19 12 0 16 0 23 21 0 0 0 0 1 0 0 0 0 0 13 0 0 0 6 0 0 0 0 0 0 0 0 0 0 0 0 0 0 0 0 12 0 0 0 0 0 0 0 0 0 0 0 0 0 4 4 0 0 2 0 12 0 0 0 0 0 0 0 0 1 0 0 0 0 0 0 0 0 0 0 0 0 0 0 0 3 0 0 13 0 0 0 11 0 0 0 0 0 0 
 46 38 200 45 388 0 52 123 61 88 85 54 43 55 154 179 192 203 68 46 76 148 76 2 1 0 3 77 3 1 3 0 1 0 3 62 3 77 1 213 2 3 0 2 0 2 3 0 0 0 0 1 3 0 0 2 0 4 0 0 1 0 0 0 0 3 0 0 3 2 2 0 0 3 0 41 6 0 0 5 0 0 27 13 52 17 0 0 0 3 21 14 0 0 7 35 0 19 0 0 41 0 20 23 0 0 26 46 24 5 24 3 0 24 40 0 16 45 36 14 0 0 0 0 0 0 0 0 0 0 0 0 0 1 0 0 0 0 0 6 0 0 0 0 0 0 1 0 1 0 0 0 0 0 0 0 0 0 26 0 0 11 21 53 56 49 30 4 0 21 17 2 2 0 0 20 13 27 0 0 0 1 0 0 0 1 77 47 27 5 10 0 37 22 33 11 0 0 2 47 0 0 0 0 0 0 0 0 0 0 3 0 0 0 0 0 0 0 0 0 0 0 0 0 0 0 0 0 0 0 0 0 0 0 0 0 0 0 0 0 0 0 0 0 0 0 91 0 1 5 0 11 0 0 0 0 0 0 0 0 0 0 0 0 0 0 0 0 0 0 0 0 0 0 0 22 12 18 0 0 0 0 0 0 0 0 0 0 0 0 
 62 67 42 94 48 52 0 61 373 87 23 24 154 506 127 45 44 37 441 301 1 0 2 0 0 0 0 0 3 0 1 0 0 1 0 0 2 74 0 64 0 2 0 0 0 3 0 0 0 0 0 0 0 2 3 0 0 2 0 0 0 49 0 0 0 0 0 0 2 0 0 0 4 0 0 0 3 0 0 0 20 2 0 0 0 0 10 33 1 0 0 41 28 2 21 27 1 0 22 21 0 0 0 0 0 24 0 0 0 15 0 0 0 0 0 0 0 0 0 0 0 0 0 0 0 1 13 0 0 0 2 0 0 0 0 10 0 0 0 0 0 0 0 0 1 0 0 0 0 0 0 0 0 0 1 0 0 18 0 0 4 14 15 0 0 0 41 14 10 1 0 0 13 10 24 12 7 0 12 0 0 0 0 0 1 0 0 0 0 0 0 0 0 0 0 0 0 0 0 0 0 0 1 0 0 0 0 0 0 0 0 0 0 0 0 0 0 1 0 0 0 0 0 0 0 0 0 0 2 0 0 1 0 0 0 0 0 0 0 10 0 0 0 0 0 2 0 0 2 0 0 12 15 0 0 0 0 0 0 0 0 0 0 0 0 0 1 0 0 0 0 0 0 0 0 0 0 0 0 0 0 0 0 0 0 2 0 0 0 0 
 313 147 229 156 149 123 61 0 148 97 27 107 145 70 149 48 31 432 488 59 0 0 2 1 0 4 0 4 3 0 0 0 0 0 4 0 3 2 36 0 0 3 6 0 1 2 0 0 62 0 0 0 0 5 2 0 0 2 6 0 0 0 0 35 0 0 0 0 2 0 0 0 0 0 0 0 3 0 0 0 13 88 37 9 22 16 1 51 1 50 0 0 10 42 0 1 27 0 13 4 0 0 0 0 0 0 1 0 21 0 0 0 0 23 0 0 0 0 16 0 0 0 0 0 0 0 0 0 0 0 0 0 0 0 0 13 0 0 0 0 0 0 0 0 0 0 0 0 2 0 0 8 0 0 0 0 0 0 10 0 92 0 2 16 13 14 35 19 38 8 21 19 18 0 0 0 12 27 11 11 0 0 0 0 0 0 0 0 0 0 0 0 0 0 0 0 0 0 2 10 0 0 0 0 0 0 0 0 0 0 0 0 17 0 0 0 0 0 0 1 0 0 0 0 0 0 0 0 0 0 0 0 0 1 6 0 0 0 0 2 0 0 0 0 1 0 0 0 0 1 0 93 0 0 0 0 0 0 0 0 0 0 0 0 0 0 0 0 0 0 0 0 0 0 0 0 20 0 0 0 0 0 0 0 0 0 0 0 0 0 
 113 48 276 256 44 61 373 148 0 56 132 143 280 236 169 337 38 76 130 141 4 0 6 0 0 2 0 0 7 0 0 0 0 0 0 6 8 0 74 0 7 3 0 6 4 2 0 0 0 0 0 0 0 0 1 0 0 2 0 0 0 0 0 0 0 0 4 0 3 0 0 0 0 0 0 0 7 0 0 0 28 13 21 1 1 19 14 33 55 14 20 10 15 15 40 19 18 9 16 0 0 0 0 0 0 0 0 0 0 0 2 0 0 0 0 0 0 0 16 0 0 0 0 0 0 0 0 0 0 0 0 0 0 0 0 0 0 0 0 0 0 0 0 0 0 0 0 0 0 0 0 1 0 0 0 0 0 0 0 0 0 21 33 0 2 0 16 0 6 1 0 0 15 43 19 11 0 0 2 12 0 0 0 0 0 0 0 0 0 0 0 2 0 0 0 0 2 0 36 0 1 0 0 2 0 0 0 0 0 0 0 0 16 0 0 0 0 0 0 0 0 0 0 0 2 0 0 0 0 0 0 0 2 0 0 0 0 1 0 0 0 0 0 0 0 2 0 2 46 10 29 20 0 0 0 0 0 0 0 0 0 0 0 0 0 0 0 0 0 0 0 0 0 50 0 0 0 0 0 0 0 0 0 0 0 0 0 0 0 0 
 33 149 205 257 268 88 87 97 56 0 241 38 43 69 155 409 64 186 289 95 0 0 2 206 0 0 0 0 21 0 0 0 208 0 2 0 6 1 1 21 0 2 0 0 0 3 0 0 0 0 0 0 0 2 3 0 11 6 0 0 0 0 0 2 0 0 0 0 2 0 0 0 0 0 0 0 3 0 0 0 0 30 65 0 55 0 0 0 9 22 22 38 0 2 7 17 10 28 0 0 0 0 0 0 0 0 37 0 14 0 0 0 0 0 0 0 0 0 14 21 0 0 0 0 0 0 0 0 0 0 0 0 0 0 0 0 15 0 0 0 0 0 0 0 0 0 0 0 0 0 0 0 0 0 0 0 0 0 4 0 9 0 10 15 33 51 0 10 2 39 28 20 5 0 14 18 15 71 0 0 0 0 0 0 0 0 48 52 0 0 0 0 40 17 28 14 0 0 39 14 0 0 0 0 0 0 0 0 0 0 0 0 19 0 36 0 0 3 0 0 0 0 0 0 0 0 0 0 0 0 0 0 0 0 0 0 0 0 0 0 0 0 0 0 0 2 96 0 0 2 1 6 0 0 0 0 0 0 0 0 1 0 0 0 0 0 0 0 0 0 0 0 0 0 0 21 0 7 0 0 0 0 0 0 0 0 0 0 0 0 
 41 126 152 163 116 85 23 27 132 241 0 159 43 30 155 253 114 48 340 139 0 0 2 205 0 2 74 0 3 0 1 0 207 0 1 0 3 0 282 0 0 2 0 0 0 3 0 0 0 0 0 0 0 2 3 0 0 2 0 0 0 0 0 0 0 0 0 0 6 0 0 0 0 0 0 0 3 0 1 0 13 47 7 22 0 52 0 0 45 23 34 35 13 0 43 19 0 6 0 0 14 0 0 0 0 0 28 0 0 0 0 0 21 2 17 3 0 0 2 50 0 0 0 0 0 0 0 0 0 0 0 0 0 0 0 0 0 0 0 0 0 0 0 0 0 0 0 2 0 0 0 2 0 0 0 0 0 0 0 0 10 1 0 14 0 24 0 0 0 28 80 39 0 18 0 14 0 28 0 15 21 47 14 7 0 0 11 40 10 1 1 0 56 25 18 21 0 0 15 1 0 0 0 0 0 0 0 0 0 0 5 0 0 0 0 0 0 0 0 0 0 0 0 0 0 0 0 0 0 0 0 0 0 0 0 0 0 0 0 0 0 8 0 0 0 0 63 1 1 95 6 9 0 0 0 0 0 0 0 0 0 0 0 0 0 0 0 0 0 0 0 0 0 0 0 0 15 0 0 4 0 0 0 0 0 0 0 0 0 0 
 19 18 119 451 156 54 24 107 143 38 159 0 249 25 137 136 78 161 68 32 0 0 4 0 0 0 75 75 3 0 0 0 1 0 0 0 3 0 37 0 0 3 0 0 0 2 0 0 0 0 0 0 0 1 4 0 0 2 0 0 0 0 0 0 0 65 0 0 5 0 0 0 0 0 0 0 3 0 0 3 11 12 2 24 23 36 18 0 28 25 11 1 0 15 0 0 1 22 0 0 14 0 0 0 0 0 8 0 0 0 0 0 19 18 29 12 0 0 0 14 0 0 0 0 0 0 0 0 1 0 0 0 11 0 0 1 0 0 0 2 0 0 0 0 0 2 4 0 0 0 0 0 0 0 0 0 4 1 19 0 0 0 14 34 11 11 0 1 6 71 29 14 0 10 0 20 0 13 0 0 16 26 31 7 0 0 0 39 11 0 0 0 37 38 14 0 0 0 14 42 0 0 0 0 0 0 0 0 0 2 3 0 0 0 0 0 0 0 0 0 0 0 0 0 1 0 0 0 0 0 0 0 0 1 0 0 0 0 0 0 0 8 0 0 0 0 132 0 1 200 0 11 1 27 0 0 0 0 0 0 0 0 0 0 0 0 0 0 0 0 0 0 0 0 0 16 13 12 0 0 0 0 0 0 0 0 0 0 0 0 
 124 139 110 143 608 43 154 145 280 43 43 249 0 300 226 118 324 52 269 119 0 5 2 0 0 0 0 3 5 0 0 0 0 3 3 0 3 1 0 1 0 2 2 7 0 3 0 0 0 2 0 2 0 2 3 2 1 2 0 0 0 0 0 0 3 2 0 0 2 0 3 3 0 0 0 0 4 2 33 2 22 38 11 1 0 0 8 84 13 21 0 24 23 0 1 28 14 1 50 0 0 0 0 0 0 0 1 0 0 0 0 0 1 0 0 0 0 43 0 0 0 0 0 1 0 0 0 0 47 2 0 0 0 0 0 0 0 0 0 0 0 0 1 0 0 0 0 0 0 0 2 0 0 0 0 0 1 0 0 0 31 27 8 0 14 0 15 0 10 0 0 0 19 30 33 18 1 0 18 20 0 0 0 0 0 1 0 1 2 0 0 0 18 2 0 0 0 1 0 0 43 0 0 0 0 0 0 0 0 0 0 0 0 0 0 0 0 0 0 0 0 0 24 2 0 0 0 0 0 0 0 0 0 0 0 0 0 1 0 0 0 0 0 0 0 0 0 1 0 1 1 18 0 0 0 0 0 0 0 0 0 0 2 0 0 0 0 0 0 0 0 0 0 0 0 0 0 0 0 0 0 0 0 0 0 0 0 0 0 0 
 236 145 48 82 195 55 506 70 236 69 30 25 300 0 210 273 128 45 241 184 0 0 5 2 0 0 0 0 3 0 2 0 0 0 3 0 7 0 0 0 3 2 0 1 55 3 0 0 0 0 2 0 2 2 3 61 2 5 0 0 0 0 2 0 0 0 0 0 2 0 0 3 0 0 0 2 4 0 1 0 37 10 1 2 0 0 22 25 0 0 0 2 25 21 9 35 13 0 42 10 0 0 1 0 0 0 0 0 0 0 0 1 0 0 0 0 0 0 0 0 0 0 6 0 0 0 0 0 0 0 0 0 0 0 0 0 0 0 0 0 0 0 0 0 0 0 0 0 0 0 0 0 0 0 0 0 0 0 0 0 25 9 15 0 0 0 44 36 31 0 0 0 4 11 50 51 21 3 5 7 0 0 0 0 0 0 0 0 0 0 4 0 0 0 0 2 0 0 0 0 0 0 0 0 0 0 0 0 0 0 2 1 1 0 0 0 0 0 3 0 0 0 0 0 0 0 0 0 0 0 0 0 0 0 0 0 0 0 0 0 0 0 0 0 0 1 0 0 0 0 0 19 15 0 0 0 0 0 0 0 0 0 0 0 0 0 0 0 0 0 0 0 0 0 0 0 0 0 0 0 0 0 0 0 0 0 0 0 0 0 
 207 162 226 254 465 154 127 149 169 155 155 137 226 210 0 313 39 261 204 128 0 0 2 0 0 0 0 0 3 1 0 0 0 32 0 0 3 0 76 0 0 3 0 0 0 5 0 0 0 0 0 0 0 0 1 0 3 9 0 0 0 0 17 2 0 0 0 0 3 0 0 0 0 0 0 0 3 0 0 0 35 45 3 2 34 0 0 3 21 0 22 11 14 20 45 0 29 27 29 0 0 0 0 0 0 0 0 0 0 0 0 0 0 1 0 0 0 0 29 2 1 0 0 3 0 0 0 0 0 0 0 0 0 0 0 0 0 0 0 0 0 0 0 0 0 0 0 0 0 0 0 2 0 0 0 0 0 0 0 0 27 0 0 2 19 23 25 0 10 0 0 12 0 56 57 27 0 0 0 0 0 0 0 0 0 0 10 0 0 0 1 0 14 0 0 0 0 0 21 0 0 0 0 0 0 0 0 0 0 0 0 0 18 0 0 0 0 0 0 0 0 0 0 0 0 0 0 0 0 0 0 0 0 0 0 0 0 0 1 0 0 0 0 0 0 0 0 0 0 76 0 12 0 0 0 0 0 0 0 0 0 0 0 0 0 5 0 0 0 2 0 0 0 0 0 0 0 0 0 0 0 0 0 0 0 0 0 0 0 0 
 31 128 40 516 301 179 45 48 337 409 253 136 118 273 313 0 126 365 63 63 0 4 2 0 3 3 0 0 3 0 0 0 35 0 0 0 2 0 137 0 0 1 0 0 0 5 1 1 0 7 5 0 0 3 3 0 0 1 2 0 3 0 4 3 0 0 2 0 4 1 0 0 3 3 0 0 3 0 2 0 20 20 30 1 6 0 1 15 76 0 54 44 12 0 14 17 0 5 0 0 1 0 0 0 0 2 1 0 0 16 0 0 12 0 0 0 0 0 0 17 0 0 0 0 0 0 0 0 0 0 1 0 0 0 0 0 0 2 0 0 0 0 0 2 20 0 0 0 0 0 0 0 0 0 2 0 0 0 0 0 0 42 10 40 0 31 0 11 0 0 18 53 0 16 22 0 43 2 0 10 18 0 0 1 0 4 5 1 0 0 0 0 15 0 34 0 0 0 31 17 0 0 2 0 0 0 1 0 0 0 0 0 19 0 0 0 2 0 0 0 0 0 0 0 0 0 0 0 1 0 0 2 0 0 0 0 11 0 0 0 0 0 0 0 0 1 0 0 0 51 0 13 0 0 0 0 0 0 0 0 0 0 19 0 0 0 2 0 0 0 0 0 0 0 0 11 21 2 0 0 0 0 0 0 0 1 0 0 0 0 
 472 133 135 277 265 192 44 31 38 64 114 78 324 128 39 126 0 217 29 129 0 0 1 0 0 0 0 0 0 0 0 0 0 3 3 3 0 2 4 19 0 0 4 0 0 0 0 0 0 0 0 0 0 0 0 0 0 10 0 1 0 0 0 2 0 0 0 0 0 0 0 0 0 0 0 0 0 0 0 0 0 47 26 20 33 41 22 0 0 58 16 35 0 0 32 13 23 28 0 8 0 0 0 2 2 0 13 0 22 0 6 1 0 10 16 0 0 0 15 22 0 0 0 0 0 0 0 0 0 0 0 0 0 2 0 0 0 0 2 0 3 2 0 14 0 0 3 3 0 2 0 0 1 2 0 0 0 0 17 1 12 0 15 27 30 47 0 20 0 22 59 2 17 0 0 24 15 14 0 0 0 6 0 0 0 0 24 10 0 10 0 0 16 11 26 0 0 0 28 28 0 0 0 0 0 11 0 0 0 0 1 0 0 0 0 0 0 0 0 0 0 2 0 0 0 0 0 0 0 0 0 0 0 0 0 0 0 0 0 0 0 0 0 0 0 0 86 0 17 3 3 10 0 0 0 0 0 0 0 0 0 0 0 0 0 0 0 0 0 0 0 0 0 0 0 53 0 28 0 0 0 0 0 0 22 0 0 0 0 0 
 40 110 248 141 406 203 37 432 76 186 48 161 52 45 261 365 217 0 31 113 0 0 2 0 0 6 37 2 4 1 0 0 74 1 3 0 3 0 2 73 0 3 0 0 0 2 0 0 0 0 0 0 0 1 2 0 0 2 0 0 47 0 0 4 0 0 0 0 3 0 0 0 3 0 0 0 3 0 0 0 0 23 46 11 16 18 44 10 3 55 32 36 0 0 0 56 10 11 9 0 0 0 0 0 0 0 18 0 0 0 2 0 8 21 20 0 0 0 0 15 0 0 0 0 0 0 0 0 0 0 0 0 0 0 0 0 0 0 0 0 0 0 0 0 0 0 0 0 0 5 0 0 0 0 0 51 0 0 2 0 12 11 26 28 41 21 0 10 0 58 7 2 15 10 0 2 29 11 2 0 25 12 0 0 0 0 19 0 0 7 0 2 17 17 30 0 2 0 16 51 0 0 0 0 0 0 0 0 0 0 9 0 0 0 0 0 0 0 0 14 0 0 0 0 2 0 0 0 0 0 0 0 2 0 0 0 0 0 0 0 0 0 0 0 0 0 45 0 0 0 0 7 2 0 0 0 0 0 0 0 0 0 0 0 0 0 0 0 0 0 0 0 0 0 0 20 13 7 0 0 0 0 0 0 0 0 0 0 0 0 
 182 67 26 320 69 68 441 488 130 289 340 68 269 241 204 63 29 31 0 102 2 0 2 0 0 0 0 0 3 0 2 2 0 202 0 0 2 0 0 0 0 2 0 0 0 5 0 0 0 0 0 0 0 2 3 0 0 2 0 0 0 0 0 1 0 0 3 0 2 0 0 0 0 0 0 0 3 0 0 0 7 15 0 7 0 0 32 14 11 0 0 12 48 25 23 0 0 0 26 54 0 0 0 0 0 0 0 0 0 0 0 0 0 0 0 0 0 15 0 0 0 0 0 5 0 15 0 0 0 0 0 0 0 0 0 0 0 0 0 0 0 0 0 0 2 0 0 0 1 0 0 0 1 0 0 0 0 0 0 0 30 0 0 0 0 0 14 14 12 0 0 0 15 19 20 10 0 0 6 31 0 0 0 0 0 0 0 0 0 0 0 0 10 0 0 0 0 0 0 0 0 0 0 0 0 18 0 0 0 0 0 0 0 0 0 0 0 2 0 0 0 0 0 0 0 0 0 0 0 0 0 1 0 0 0 0 0 0 0 0 0 0 0 0 1 2 2 1 2 0 2 3 1 0 2 0 0 0 0 1 0 0 0 0 0 0 0 0 0 0 0 0 0 0 0 0 0 0 0 0 0 0 0 0 0 0 0 0 0 1 
 41 40 62 54 67 46 301 59 141 95 139 32 119 184 128 63 129 113 102 0 0 0 2 0 0 0 0 0 3 0 0 0 0 0 0 0 3 0 0 0 62 3 0 0 0 2 0 0 0 0 0 0 0 1 2 0 0 2 0 0 0 0 0 0 0 0 0 0 2 0 0 0 0 0 0 0 3 0 0 0 4 0 13 3 5 0 0 22 11 11 0 0 13 9 31 30 35 0 24 0 0 0 0 0 0 0 0 0 0 0 0 0 0 0 0 0 0 0 0 0 0 0 0 0 0 0 0 0 0 0 0 0 0 0 0 0 0 0 0 0 0 0 0 15 0 0 0 0 0 0 0 5 0 0 0 0 0 0 0 0 3 7 13 0 0 0 14 0 0 0 0 10 23 39 18 10 0 0 19 0 0 0 0 0 0 0 0 0 0 0 0 0 0 0 0 0 0 0 0 0 0 0 0 0 0 0 0 0 0 0 0 0 0 0 0 0 0 0 0 0 0 0 0 0 0 0 0 0 0 0 0 0 0 0 0 0 0 0 0 0 0 0 0 0 0 2 0 2 2 0 0 13 9 0 0 0 0 0 0 0 0 0 0 0 0 0 0 0 0 0 0 0 0 0 0 0 0 0 0 0 0 0 0 0 0 0 0 53 0 0 
 0 2 0 0 74 76 1 0 4 0 0 0 0 0 0 0 0 0 2 0 0 332 198 62 41 24 219 123 415 57 224 33 119 156 126 265 57 52 33 52 0 0 3 0 0 2 0 0 0 1 0 0 2 0 0 0 0 0 0 0 0 0 3 2 2 3 0 0 0 0 0 0 3 0 0 0 0 0 0 0 0 0 0 0 0 0 0 0 0 0 0 0 0 0 0 0 0 0 0 0 14 10 49 6 20 20 1 35 42 1 23 4 40 15 0 69 22 18 1 61 0 1 0 0 1 0 10 0 0 11 0 0 0 0 0 1 0 0 18 0 2 0 0 0 0 0 1 0 1 0 0 0 0 0 0 0 2 0 0 0 0 2 0 0 0 0 0 4 0 0 0 0 0 0 0 8 0 0 0 0 14 45 15 18 23 28 13 0 28 7 58 0 0 40 12 22 24 27 0 11 24 0 0 0 0 0 0 0 0 0 0 0 19 18 0 0 2 0 8 1 0 0 0 0 0 0 0 0 0 0 11 0 0 0 0 0 0 8 0 0 0 0 0 0 0 0 0 0 0 0 0 0 0 0 21 2 0 1 101 2 0 0 0 0 0 0 0 0 0 0 0 0 0 0 0 0 0 0 0 0 0 0 0 0 2 11 0 0 0 0 
 4 1 0 1 1 148 0 0 0 0 0 0 5 0 0 4 0 0 0 0 332 0 248 137 39 40 88 162 183 112 124 13 117 210 118 108 264 113 63 185 10 0 3 0 0 3 0 0 2 1 0 0 29 0 0 0 0 0 0 0 2 0 3 2 4 0 5 0 0 1 0 0 3 2 0 0 0 0 0 3 0 0 0 0 0 0 13 0 0 0 0 0 0 0 0 0 0 0 0 0 26 0 74 0 8 16 14 82 29 28 26 1 1 0 14 25 39 47 24 44 0 3 0 9 0 0 0 8 0 0 0 0 0 0 0 0 0 0 1 15 0 0 0 0 0 0 0 0 0 0 0 0 0 0 4 0 1 3 0 0 0 2 3 0 2 0 0 0 0 13 0 0 0 2 0 0 0 0 0 0 50 18 0 26 1 0 12 0 20 52 28 0 2 0 0 14 7 0 10 0 0 0 0 0 0 0 0 0 0 1 0 0 1 11 0 0 0 0 0 11 1 0 0 0 4 0 0 0 1 0 0 0 0 0 0 0 0 0 0 0 0 0 0 0 0 0 0 0 2 5 0 0 0 0 7 0 0 0 0 2 2 1 0 0 0 0 12 0 0 0 0 0 0 0 0 0 0 0 0 0 0 0 0 0 0 15 0 0 0 0 
 2 2 2 2 2 76 2 2 6 2 2 4 2 5 2 2 1 2 2 2 198 248 0 159 226 185 144 299 392 165 192 196 38 145 133 361 54 135 251 135 0 1 3 0 0 1 0 0 208 2 0 0 3 0 0 0 4 0 1 0 0 0 3 2 2 9 1 0 0 0 0 0 3 0 0 0 0 0 0 18 0 0 0 0 0 0 0 0 0 0 0 0 0 0 0 0 0 0 0 0 9 6 71 37 12 24 21 9 18 23 0 37 0 7 2 24 0 31 21 0 0 12 0 0 0 0 12 4 1 0 0 0 8 42 0 0 1 0 8 11 5 1 0 5 0 0 0 0 0 8 0 0 5 0 0 3 0 0 1 0 0 43 0 0 0 0 0 2 0 0 0 0 0 0 0 0 0 0 0 0 0 0 0 0 0 13 24 0 25 0 12 20 0 11 8 1 13 17 0 12 0 0 0 0 0 0 0 7 0 0 0 1 0 14 0 0 1 0 23 13 0 0 0 0 0 0 0 0 0 0 0 0 0 0 0 0 0 7 8 0 0 0 11 0 0 0 0 0 0 0 0 1 0 0 4 0 0 52 1 2 2 2 0 0 0 0 0 0 0 0 0 0 0 0 0 0 0 0 0 0 0 15 0 0 0 0 10 0 0 0 
 0 4 0 0 0 2 0 1 0 206 205 0 0 2 0 0 0 0 0 0 62 137 159 0 411 93 380 142 183 410 84 139 340 95 161 188 61 67 184 129 63 0 7 0 51 1 0 0 0 2 0 5 64 73 27 0 0 0 23 53 0 0 3 2 2 6 2 0 0 0 0 0 3 0 0 0 0 0 0 0 0 0 0 0 0 0 0 0 0 13 0 0 0 0 0 0 0 0 0 0 19 0 1 0 24 36 0 26 36 10 10 34 0 0 0 0 16 37 20 0 48 1 0 0 0 0 5 0 0 0 10 0 17 8 11 12 1 0 15 20 0 0 0 0 0 0 0 0 12 0 0 0 3 0 0 0 0 0 0 0 0 0 0 0 0 2 0 0 0 0 2 7 0 0 0 6 0 0 0 0 0 0 17 36 0 0 15 9 1 1 14 7 14 22 1 9 10 0 0 0 19 2 10 2 0 2 6 1 0 0 0 0 0 19 0 0 0 0 0 0 0 0 0 0 0 0 2 0 0 0 0 2 0 0 2 0 0 0 0 0 0 0 10 0 0 0 0 0 0 0 0 0 0 2 0 0 0 6 1 0 19 18 0 0 0 0 0 0 0 0 0 0 0 0 0 0 0 0 0 0 0 30 0 0 0 11 0 0 0 0 
 0 0 0 0 2 1 0 0 0 0 0 0 0 0 0 3 0 0 0 0 41 39 226 411 0 238 60 63 331 178 87 123 44 58 119 69 313 40 87 48 138 0 3 0 0 1 0 129 0 7 0 0 2 0 65 0 0 0 1 64 0 0 13 2 3 0 2 0 0 0 0 0 3 0 0 0 0 1 0 0 0 0 0 0 0 0 0 0 0 0 0 0 0 0 0 0 0 0 0 0 0 2 0 3 0 30 0 0 21 30 1 27 0 10 0 14 0 12 0 0 0 5 9 0 0 0 14 1 23 0 2 8 5 26 8 0 0 13 25 29 6 0 0 9 0 0 0 0 0 0 0 0 4 0 0 2 0 0 0 0 0 1 0 0 0 0 5 2 0 0 1 0 0 0 0 0 0 8 0 0 0 0 21 0 9 65 0 0 0 1 29 25 0 0 0 0 19 40 0 0 33 0 23 12 0 0 30 18 13 11 0 0 12 0 12 2 34 17 19 38 0 0 0 0 0 0 0 0 0 0 11 0 0 0 0 0 0 0 0 0 0 0 14 0 0 0 0 0 0 0 0 0 0 0 4 0 4 79 160 2 2 3 0 0 0 0 0 0 0 0 0 0 0 0 0 0 0 0 0 0 0 51 0 0 0 2 0 0 0 0 
 6 1 0 56 0 0 0 4 2 0 2 0 0 0 0 3 0 6 0 0 24 40 185 93 238 0 34 15 103 158 512 274 18 257 54 160 80 60 46 452 26 0 67 0 0 3 156 119 18 20 1 0 3 64 3 61 6 2 24 5 0 4 4 3 2 2 0 1 0 0 3 2 3 4 1 2 0 2 4 0 0 0 0 0 0 0 0 2 0 0 0 0 0 0 0 0 0 0 0 0 0 8 0 0 9 32 0 0 5 15 0 12 0 0 0 2 10 19 0 0 1 13 0 0 0 0 37 11 23 8 1 0 1 28 24 1 0 29 23 24 0 0 0 0 0 0 0 3 0 0 0 0 0 0 0 0 0 0 0 0 0 0 0 0 0 12 27 0 0 0 0 0 0 0 0 0 0 0 0 0 0 0 0 18 20 28 0 9 0 0 29 0 0 0 1 0 12 15 0 0 48 13 2 11 10 8 37 15 28 31 0 0 19 24 36 0 35 6 11 36 0 0 0 0 0 0 0 0 0 0 0 0 0 0 0 0 0 0 0 0 0 0 12 0 0 0 0 0 0 0 0 0 0 0 13 0 1 74 147 0 13 2 68 0 0 0 0 0 0 0 11 0 0 0 0 0 0 0 0 0 0 15 1 0 0 0 0 0 0 0 
 0 0 74 0 26 3 0 0 0 0 74 75 0 0 0 0 0 37 0 0 219 88 144 380 60 34 0 198 433 131 72 108 148 250 315 75 188 57 144 122 1 3 5 0 1 2 0 0 0 1 0 0 2 0 0 0 0 1 0 0 0 0 6 2 2 0 0 6 5 1 0 0 3 0 0 0 0 0 0 0 0 1 0 26 0 21 0 0 0 19 14 17 0 0 0 0 0 0 0 0 17 11 0 0 64 13 5 15 0 0 0 10 26 0 19 0 25 40 29 32 0 2 0 2 0 0 0 0 0 0 2 0 0 0 0 0 0 0 9 0 0 0 0 0 0 0 2 0 0 0 0 0 1 0 0 0 0 6 0 0 0 0 0 0 0 0 0 0 0 0 16 0 0 0 0 0 6 1 0 0 16 43 24 22 39 1 0 0 5 42 0 0 0 68 16 30 1 12 0 50 1 0 0 0 0 0 0 1 0 0 0 0 6 4 0 0 0 0 1 0 0 0 0 0 0 0 0 0 0 0 0 0 0 0 0 0 0 0 0 0 0 0 0 0 0 0 0 0 0 31 0 0 0 0 14 0 0 0 1 2 0 0 0 0 0 0 13 0 0 0 0 0 0 0 0 0 0 0 0 0 0 0 0 0 0 12 0 0 0 0 
 61 0 0 78 66 77 0 4 0 0 0 75 3 0 0 0 0 2 0 0 123 162 299 142 63 15 198 0 173 271 28 39 251 118 151 115 104 177 171 229 6 4 5 0 0 4 2 0 0 1 61 0 5 2 3 0 0 0 0 0 3 47 3 2 2 3 0 0 0 1 2 0 5 0 0 0 0 0 0 3 0 0 0 1 2 0 0 0 0 0 0 0 0 0 0 0 0 0 0 0 28 10 27 0 28 0 19 15 8 22 16 52 13 24 9 16 20 10 10 8 0 0 0 0 0 0 0 0 0 0 0 0 0 0 0 0 0 0 2 0 0 0 1 0 0 2 4 0 14 0 0 20 0 0 0 0 14 0 0 0 0 0 0 1 13 0 0 0 0 2 0 2 0 0 0 1 3 0 0 0 29 17 34 0 0 0 12 31 18 20 11 0 14 28 1 3 20 18 11 17 0 0 0 0 0 0 0 0 0 0 20 0 1 0 0 0 0 0 0 0 0 0 0 0 0 0 0 2 0 0 2 0 0 0 0 0 0 0 0 0 0 0 0 0 0 0 0 0 0 0 0 0 0 0 0 0 2 77 0 2 2 0 0 0 0 0 0 0 0 0 0 0 0 0 0 4 0 9 0 0 0 0 0 2 0 0 0 0 0 0 
 7 7 3 3 3 3 3 3 7 21 3 3 5 3 3 3 0 4 3 3 415 183 392 183 331 103 433 173 0 165 136 122 267 299 214 367 351 56 93 139 3 0 7 0 0 4 0 0 2 1 1 10 5 1 0 0 0 0 0 0 0 0 3 3 3 2 5 0 0 1 1 0 4 3 3 2 0 0 0 0 0 0 0 19 0 11 0 0 0 0 0 0 0 0 0 0 2 0 0 0 0 9 0 0 88 30 10 22 2 12 19 21 0 0 11 0 59 22 19 4 1 0 0 0 0 0 0 0 0 0 0 0 2 0 0 0 0 0 26 12 4 0 0 1 0 0 0 0 0 0 0 0 2 0 0 9 2 0 0 0 0 0 0 0 0 8 4 0 0 0 0 0 0 0 0 0 3 25 0 0 19 19 24 20 38 1 0 30 13 19 32 0 0 38 0 28 8 70 0 2 2 1 0 0 0 0 0 1 0 0 0 0 18 10 0 0 0 0 7 1 0 0 0 0 0 0 0 0 0 0 0 0 0 0 0 0 0 0 0 0 0 0 0 0 0 0 2 0 0 75 0 0 1 0 5 2 1 76 76 1 15 0 0 0 0 0 9 0 0 0 0 0 0 0 0 0 0 0 0 0 0 15 0 0 0 16 0 0 0 0 
 0 4 1 73 0 1 0 0 0 0 0 0 0 0 1 0 0 1 0 0 57 112 165 410 178 158 131 271 165 0 176 150 130 140 145 229 74 172 86 56 31 0 3 0 0 2 31 2 0 1 0 0 63 273 64 0 0 0 66 29 0 0 3 2 2 0 0 0 0 1 0 0 62 0 0 0 0 0 0 0 0 0 0 0 0 0 0 0 0 0 0 0 0 0 0 0 0 0 0 0 13 27 10 0 9 14 0 31 0 18 0 20 0 0 0 0 30 29 0 18 21 15 0 0 0 0 57 0 1 0 0 0 43 21 33 0 0 0 14 10 0 0 1 0 0 2 0 0 0 0 0 0 0 0 0 0 0 6 0 0 0 0 0 0 0 14 3 0 0 2 0 2 0 0 0 18 0 0 0 0 26 0 0 37 67 14 0 17 31 11 43 0 1 0 0 1 19 9 0 0 37 0 0 0 0 0 10 7 31 0 0 0 21 20 11 0 1 0 16 0 0 0 34 0 0 0 0 2 0 0 2 0 0 35 0 0 0 0 0 0 0 0 14 0 0 0 0 0 0 0 0 0 0 35 10 0 2 75 77 1 10 0 0 0 0 0 0 0 0 0 0 0 0 0 0 0 0 0 0 0 0 27 0 2 0 0 0 0 0 0 
 4 7 0 0 0 3 1 0 0 0 1 0 0 2 0 0 0 0 2 0 224 124 192 84 87 512 72 28 136 176 0 105 38 114 281 66 125 53 260 120 137 3 5 0 0 4 72 63 0 1 0 0 124 67 31 1 0 21 0 84 0 0 3 2 2 30 0 0 2 2 0 0 3 0 0 0 2 0 0 0 0 0 0 0 0 0 0 0 0 0 0 0 0 0 0 0 0 0 0 13 0 8 40 0 11 20 0 0 14 0 9 0 0 11 0 25 14 0 10 0 14 8 0 0 0 0 11 43 0 0 8 0 0 0 6 28 0 0 27 42 2 0 0 0 0 0 0 0 0 0 0 0 17 0 0 0 0 0 0 0 0 0 0 0 0 0 0 0 11 0 6 44 0 0 0 2 0 0 0 0 0 0 0 0 20 0 0 0 0 14 1 0 0 0 7 15 0 32 0 41 13 5 6 0 0 0 0 0 17 0 0 0 19 0 12 0 3 0 26 7 0 0 0 0 0 0 0 0 0 0 0 0 0 0 0 0 0 9 0 0 0 0 0 0 0 0 2 0 0 0 0 0 0 8 7 1 1 2 1 0 0 12 0 0 0 0 0 0 0 0 0 0 0 0 0 0 0 0 0 0 0 0 0 0 2 0 0 0 0 0 
 0 0 0 0 2 0 0 0 0 0 0 0 0 0 0 0 0 0 2 0 33 13 196 139 123 274 108 39 122 150 105 0 24 201 30 432 310 149 53 254 24 9 3 0 0 2 0 0 0 1 1 1 69 0 0 0 0 0 30 29 0 0 3 2 18 0 0 0 0 2 0 0 3 0 0 0 0 0 0 0 0 1 0 0 0 0 0 0 0 0 0 0 0 0 0 1 0 0 0 0 0 28 0 12 29 13 0 1 0 15 19 12 0 0 0 0 11 0 0 1 28 11 14 0 0 0 31 0 17 0 0 0 19 29 16 0 0 0 16 55 1 0 0 0 0 0 0 0 0 0 0 0 6 0 0 2 0 0 0 0 0 0 0 0 0 1 0 0 0 0 6 10 0 0 0 21 0 0 0 0 0 16 0 21 22 0 0 11 1 0 16 16 0 0 6 16 11 0 0 0 15 0 9 0 0 0 9 17 18 0 0 0 9 1 9 2 2 0 8 0 0 3 0 0 0 0 0 0 0 0 2 0 0 0 0 0 0 0 0 0 0 0 13 0 0 0 0 0 0 0 0 0 0 0 28 0 0 73 1 0 21 0 0 0 0 0 0 0 0 0 0 0 0 0 0 0 0 0 0 0 0 9 0 0 0 0 11 0 0 0 
 75 76 1 76 161 1 0 0 0 208 207 1 0 0 0 35 0 74 0 0 119 117 38 340 44 18 148 251 267 130 38 24 0 136 205 110 138 373 304 99 0 0 3 1 0 1 0 0 0 2 0 2 58 0 0 0 0 0 0 0 0 2 3 5 2 0 0 0 2 0 0 0 3 0 0 0 0 0 0 0 0 0 17 20 3 0 0 0 7 0 14 9 0 0 0 0 0 4 0 0 25 18 24 30 2 0 27 17 11 9 22 0 0 8 21 25 9 11 0 14 0 0 0 0 0 0 0 0 0 0 0 0 0 0 0 0 1 0 1 0 0 0 0 0 0 0 2 0 0 0 0 1 0 0 2 0 0 3 0 0 0 22 0 16 12 11 0 8 0 2 1 17 0 0 0 0 24 2 0 0 40 24 2 18 0 0 0 0 28 24 6 9 11 7 14 0 19 14 6 31 0 0 0 0 0 2 0 0 46 0 0 0 0 0 0 0 0 0 0 0 0 0 0 0 0 0 2 0 0 0 0 2 0 0 2 0 0 0 0 0 0 0 0 0 0 0 0 0 0 0 0 0 0 0 0 0 3 0 0 0 0 0 0 0 0 0 0 0 0 0 0 0 0 0 0 8 1 0 0 0 0 0 0 0 0 0 0 0 0 0 
 0 3 0 208 0 0 1 0 0 0 0 0 3 0 32 0 3 1 202 0 156 210 145 95 58 257 250 118 299 140 114 201 136 0 289 60 120 136 373 153 0 0 3 0 0 2 62 0 3 1 0 0 18 0 0 0 1 0 18 0 0 0 6 2 2 0 1 0 0 4 0 2 6 2 8 0 43 2 0 1 0 0 0 0 0 0 0 0 0 0 0 0 0 0 0 0 0 0 0 0 1 0 19 12 55 13 16 24 20 18 0 19 0 0 0 4 5 7 22 11 11 1 0 0 2 0 16 0 0 0 0 0 16 17 0 1 0 0 65 0 8 28 0 0 0 0 0 0 0 0 9 0 5 0 0 36 0 0 0 0 0 9 0 0 0 0 0 1 0 0 0 21 0 0 0 0 5 0 0 0 0 0 0 17 19 11 1 0 1 20 29 13 0 28 0 28 37 13 0 26 37 0 0 0 0 0 0 0 1 0 0 0 21 36 1 0 2 0 10 1 0 0 0 0 0 0 0 0 0 0 0 0 0 0 0 0 0 0 0 0 0 0 0 0 0 0 1 0 0 0 0 0 0 0 13 0 3 78 75 0 2 0 0 0 0 0 0 0 0 0 0 0 0 1 0 0 0 0 0 0 0 22 0 0 2 11 9 0 0 0 
 0 3 0 0 0 3 0 4 0 2 1 0 3 3 0 0 3 3 0 0 126 118 133 161 119 54 315 151 214 145 281 30 205 289 0 189 204 200 126 494 40 0 3 0 0 2 0 0 0 1 62 0 2 0 0 0 0 2 0 0 0 0 3 2 2 5 1 0 0 1 2 0 3 0 0 0 0 0 0 3 0 0 0 0 0 0 0 0 0 0 0 8 0 0 0 0 0 0 0 0 38 18 48 0 0 18 53 11 84 13 0 24 0 0 0 48 11 35 14 10 0 1 0 0 0 0 0 9 0 0 0 0 0 0 0 9 0 0 0 15 1 0 0 0 0 0 0 0 13 0 0 0 0 0 0 2 0 0 0 0 0 0 0 0 0 0 0 0 0 0 0 0 0 0 0 0 3 0 0 0 10 0 36 44 12 0 13 10 7 19 1 0 15 0 1 6 31 2 11 38 10 0 0 0 0 0 0 0 0 0 0 0 1 12 18 0 0 0 0 9 0 0 0 0 0 0 0 0 0 0 0 0 0 0 0 0 0 0 0 0 0 0 0 0 0 0 1 0 0 0 0 0 0 0 8 2 0 26 0 0 4 0 0 0 0 0 0 0 0 0 0 0 0 0 0 0 0 0 0 0 0 0 0 0 0 14 0 0 0 0 
 0 0 1 0 78 62 0 0 6 0 0 0 0 0 0 0 3 0 0 0 265 108 361 188 69 160 75 115 367 229 66 432 110 60 189 0 168 167 122 212 0 0 3 0 0 2 0 0 56 1 2 0 2 0 0 0 0 3 63 0 0 0 3 2 2 0 0 0 1 0 0 0 3 0 0 0 0 0 0 0 0 1 0 0 0 0 0 0 0 0 0 0 0 0 0 0 0 0 0 0 59 31 0 18 13 14 0 8 3 52 15 8 3 12 19 1 22 44 1 1 51 2 0 0 11 0 23 0 0 0 2 0 28 42 0 0 0 0 2 18 0 0 0 0 0 0 3 0 0 0 0 0 0 0 0 0 1 3 0 0 0 0 0 0 0 6 2 0 0 0 0 0 18 0 27 6 0 0 0 0 2 1 8 26 25 25 10 25 22 41 52 23 13 0 0 23 36 16 1 0 19 0 0 0 0 0 0 0 6 0 0 0 0 9 0 0 0 0 0 0 0 0 0 0 0 0 0 0 0 0 0 0 0 0 0 0 0 0 0 0 0 0 14 0 53 0 0 0 72 0 0 0 0 0 8 0 1 1 85 2 18 0 0 0 0 0 0 0 0 0 0 0 0 0 0 0 0 0 0 9 0 11 0 0 0 1 0 0 0 0 
 5 5 3 3 3 3 2 3 8 6 3 3 3 7 3 2 0 3 2 3 57 264 54 61 313 80 188 104 351 74 125 310 138 120 204 168 0 186 163 44 13 0 3 3 0 3 33 3 2 2 0 0 63 62 0 0 0 0 0 0 0 0 3 2 2 0 4 1 0 28 0 0 3 1 0 0 2 0 0 3 0 0 0 0 0 0 0 0 0 0 0 0 0 0 0 0 0 0 0 18 12 26 28 0 20 28 8 34 37 1 1 11 0 17 0 28 35 53 13 22 10 1 0 0 0 0 1 0 0 0 0 0 8 0 13 0 0 0 27 0 0 0 0 0 0 0 0 0 0 0 0 0 0 0 0 0 0 6 0 0 0 0 0 0 0 13 45 0 0 0 0 0 0 0 0 0 0 6 0 0 27 0 11 34 32 13 0 0 58 15 0 8 0 20 0 1 0 20 12 12 0 0 0 0 0 0 0 41 14 0 0 0 18 30 0 0 0 0 0 0 0 0 0 0 0 0 0 0 0 0 0 0 0 0 20 0 0 0 0 0 0 0 0 0 0 0 0 0 0 0 0 0 0 0 10 0 3 1 147 0 4 0 0 0 0 0 0 0 0 0 0 0 0 0 0 0 0 0 0 0 0 0 0 0 0 11 0 0 0 0 
 0 0 0 0 0 77 74 2 0 1 0 0 1 0 0 0 2 0 0 0 52 113 135 67 40 60 57 177 56 172 53 149 373 136 200 167 186 0 136 50 0 0 3 0 0 2 23 0 0 1 0 0 64 67 1 0 0 0 0 0 0 47 3 2 2 52 0 0 0 2 0 0 3 0 0 0 0 0 0 0 0 0 0 0 0 0 0 2 0 0 0 0 5 0 0 0 0 0 0 0 87 20 10 9 0 0 21 23 24 0 9 10 0 23 26 27 2 27 0 0 10 0 0 0 0 0 0 0 1 0 0 0 23 0 56 0 0 0 15 0 0 0 0 0 0 0 0 0 0 0 0 0 1 0 0 0 0 6 0 0 0 3 0 0 10 0 0 30 0 0 0 0 0 0 0 0 0 0 0 0 38 9 35 88 35 25 13 0 37 14 1 28 9 10 0 41 19 12 14 12 0 0 0 0 0 0 0 10 16 0 0 0 2 3 0 0 0 0 1 0 0 0 0 0 0 0 0 12 0 0 0 0 0 0 17 0 0 0 0 0 0 0 0 0 0 0 0 0 0 0 0 0 0 0 10 0 2 3 0 0 1 1 0 0 0 0 0 0 0 0 0 0 0 0 0 0 0 0 0 0 0 0 0 0 0 0 0 0 0 0 
 2 85 73 91 0 1 0 36 74 1 282 37 0 0 76 137 4 2 0 0 33 63 251 184 87 46 144 171 93 86 260 53 304 373 126 122 163 136 0 115 0 0 3 0 0 1 0 0 0 2 0 0 2 0 0 0 0 200 0 0 0 0 3 3 2 0 0 0 1 0 0 0 3 2 0 0 0 0 0 0 16 21 24 11 13 4 0 0 19 5 35 2 0 19 0 0 59 27 0 0 21 21 0 0 3 0 7 0 34 0 9 10 0 15 14 14 0 0 13 0 0 0 0 0 0 0 0 0 0 0 0 0 0 0 0 0 0 0 0 0 0 0 0 0 0 0 0 0 0 0 0 7 0 0 2 0 0 0 11 0 0 8 1 15 9 60 0 16 21 0 13 30 0 4 0 0 12 63 0 0 46 9 28 7 0 0 0 0 17 0 0 21 26 3 0 0 13 10 55 8 0 0 0 1 0 2 0 0 0 0 0 0 0 0 0 0 0 0 0 0 0 0 3 0 0 0 0 0 0 0 0 0 0 0 6 0 0 0 0 0 0 0 0 0 0 0 10 0 0 75 0 0 0 0 4 1 3 0 0 0 3 0 0 0 0 0 0 0 0 0 0 0 0 0 0 45 11 1 0 0 0 0 0 0 0 0 0 0 0 2 
 0 0 74 0 61 213 64 0 0 21 0 0 1 0 0 0 19 73 0 0 52 185 135 129 48 452 122 229 139 56 120 254 99 153 494 212 44 50 115 0 3 0 3 2 0 1 0 0 0 2 0 0 2 0 0 0 0 0 0 0 0 0 3 2 53 0 0 0 0 0 0 0 3 0 0 0 2 0 0 0 0 0 15 0 18 0 0 0 0 12 8 12 0 0 0 0 0 28 0 0 27 0 24 8 22 0 35 73 16 33 10 11 14 11 11 0 10 30 21 0 0 0 0 0 0 0 0 0 0 0 0 0 0 0 0 13 0 0 13 0 0 0 0 0 0 0 0 0 11 0 0 0 0 0 0 0 0 0 6 0 0 8 8 14 11 35 0 0 0 11 7 0 0 22 0 14 0 49 0 0 0 10 12 0 1 0 55 10 25 7 23 13 48 0 9 8 36 15 37 12 0 0 0 0 0 0 0 0 0 0 0 0 12 0 0 0 0 0 0 0 0 0 0 0 0 0 0 0 0 0 0 0 0 0 0 0 0 0 0 0 0 0 0 0 0 0 97 0 0 0 0 0 0 0 13 0 1 76 1 1 3 1 0 0 0 0 0 0 0 0 0 0 0 0 0 12 0 7 0 9 0 0 0 0 0 0 0 0 0 0 
 0 0 0 0 0 2 0 0 7 0 0 0 0 3 0 0 0 0 0 62 0 10 0 63 138 26 1 6 3 31 137 24 0 0 40 0 13 0 0 3 0 119 90 211 27 50 103 79 36 29 38 30 47 130 108 33 26 254 43 171 0 0 1 2 0 2 3 0 0 3 3 0 1 0 0 0 3 1 2 7 0 0 0 0 0 0 0 0 0 0 0 0 0 0 0 0 0 0 0 0 0 1 11 0 5 2 0 4 0 0 0 0 0 0 0 0 8 0 0 0 23 16 0 1 19 0 9 3 21 0 1 4 0 2 26 0 23 0 30 44 0 0 0 23 0 0 0 0 0 0 0 0 0 0 0 0 0 0 0 0 0 0 0 4 0 0 0 0 0 0 5 0 0 0 0 0 0 0 0 0 0 0 0 18 14 0 0 0 1 0 0 7 0 0 0 5 0 20 0 0 48 0 6 6 0 0 41 25 35 0 0 0 14 0 41 0 2 7 12 29 0 0 0 0 0 0 0 0 0 0 0 0 0 0 0 0 0 0 0 0 0 0 0 0 0 0 0 0 0 8 0 13 10 4 0 0 0 62 0 6 0 19 0 0 0 1 0 0 0 0 0 0 0 0 0 0 0 0 0 0 0 0 0 0 0 0 0 0 0 0 
 66 3 3 3 68 3 2 3 3 2 2 3 2 2 3 1 0 3 2 3 0 0 1 0 0 0 3 4 0 0 3 9 0 0 0 0 0 0 0 0 119 0 405 142 98 236 62 136 53 96 105 320 123 78 60 260 38 184 50 65 0 3 0 0 0 0 36 5 0 0 0 2 5 0 0 0 0 0 0 0 0 0 0 0 0 0 0 0 0 0 0 0 0 0 0 0 0 0 5 0 0 0 0 0 0 0 0 0 0 2 8 0 0 0 0 0 0 0 0 0 47 2 40 1 42 49 0 1 65 0 6 34 0 9 0 25 29 0 0 1 2 55 0 0 0 0 0 0 0 15 0 0 12 0 8 0 0 0 0 0 0 0 0 38 0 0 0 0 0 0 0 0 0 0 0 0 0 0 0 0 0 0 0 0 0 0 0 0 0 0 8 8 0 0 0 0 0 0 0 0 0 10 33 12 0 0 11 22 0 10 0 32 0 0 16 21 9 0 0 0 8 0 0 0 0 0 0 0 32 0 0 22 10 8 0 0 0 0 0 0 0 0 0 0 0 0 0 0 0 0 0 5 0 0 0 0 0 0 0 2 0 0 73 0 65 0 0 44 2 0 0 0 0 0 0 0 0 0 0 0 0 1 0 0 7 13 0 2 2 0 
 0 2 0 0 0 0 0 6 0 0 0 0 2 0 0 0 4 0 0 0 3 3 3 7 3 67 5 5 7 3 5 3 3 3 3 3 3 3 3 3 90 405 0 121 106 121 88 105 159 138 61 27 78 332 295 91 287 137 309 33 0 23 0 0 0 0 91 1 0 0 0 2 77 0 0 0 0 16 54 24 0 0 0 0 0 0 0 0 0 0 0 0 0 0 0 0 0 0 0 0 0 0 0 0 0 0 0 0 0 0 0 0 0 0 0 0 0 0 0 0 4 10 2 3 11 20 15 0 0 23 17 0 3 0 4 13 4 15 0 2 0 10 0 0 0 0 0 43 0 0 0 12 14 0 37 17 0 1 10 10 0 0 0 0 0 0 0 0 0 0 0 0 0 0 0 0 0 0 0 0 0 0 0 0 0 0 0 0 0 0 0 0 0 0 0 0 0 0 0 0 0 6 0 0 7 52 21 0 0 18 1 11 9 18 11 0 16 9 1 0 25 0 0 0 0 0 21 0 0 10 0 0 24 10 7 0 0 0 9 27 0 0 1 0 0 0 0 0 0 25 0 5 0 2 0 0 0 0 0 1 0 0 0 1 0 16 2 35 0 0 0 0 0 0 0 0 0 1 0 0 0 0 0 0 1 0 0 0 0 0 
 2 0 0 0 0 2 0 0 6 0 0 0 7 1 0 0 0 0 0 0 0 0 0 0 0 0 0 0 0 0 0 0 1 0 0 0 3 0 0 2 211 142 121 0 328 41 298 71 308 232 72 188 101 149 126 258 182 44 204 85 105 0 0 0 0 0 70 4 0 0 0 0 34 25 5 0 9 3 153 67 0 0 0 0 0 0 0 0 0 0 0 0 0 0 0 0 0 0 0 0 0 0 0 0 0 0 0 0 0 0 0 0 0 0 0 0 0 0 0 0 8 8 30 26 20 19 6 8 0 12 6 19 11 0 0 20 0 12 0 0 4 22 1 0 0 0 0 32 16 6 3 5 0 0 4 0 0 1 22 0 0 0 0 0 0 0 0 0 0 1 0 0 0 0 0 0 0 0 0 0 0 0 0 0 0 0 0 0 0 0 0 0 0 0 0 0 0 0 0 0 0 7 0 9 0 0 0 18 0 6 11 94 8 0 0 8 0 0 0 0 17 3 11 1 0 0 0 0 0 0 0 10 23 10 11 0 9 1 18 10 0 0 0 0 0 0 0 0 0 0 0 3 0 0 0 0 0 14 0 11 0 0 69 0 3 1 0 0 0 1 5 0 0 0 0 0 0 0 0 0 0 0 0 0 19 9 0 13 0 0 
 0 0 0 0 0 0 0 1 4 0 0 0 0 55 0 0 0 0 0 0 0 0 0 51 0 0 1 0 0 0 0 0 0 0 0 0 0 0 0 0 27 98 106 328 0 141 49 58 148 70 70 118 78 96 72 150 46 34 125 47 313 6 6 0 0 0 54 0 0 2 2 2 45 5 0 0 6 0 0 109 0 21 0 0 0 0 0 0 0 0 0 0 0 0 0 0 0 0 0 0 0 0 0 0 0 0 0 0 0 0 0 0 0 0 0 0 0 0 0 0 0 0 3 0 0 26 0 0 3 0 0 0 0 0 0 0 34 0 0 0 7 7 16 24 0 0 13 15 0 5 0 5 0 0 24 12 0 1 0 12 0 0 0 0 0 0 0 0 0 4 0 0 0 0 0 0 0 16 0 0 0 0 0 0 0 0 7 0 0 0 6 0 0 0 0 0 0 10 0 0 0 0 0 10 11 8 0 3 0 0 0 61 0 0 0 13 0 25 0 0 13 4 0 6 0 0 0 25 1 1 0 12 3 15 0 11 9 21 9 0 0 0 0 0 0 2 0 0 0 0 0 1 0 0 0 0 0 0 0 4 35 0 2 0 3 5 3 2 4 0 0 2 0 0 0 0 0 0 0 0 0 0 0 0 0 0 0 0 0 0 
 2 4 2 2 2 2 3 2 2 3 3 2 3 3 5 5 0 2 5 2 2 3 1 1 1 3 2 4 4 2 4 2 1 2 2 2 3 2 1 1 50 236 121 41 141 0 47 27 103 48 158 61 42 76 71 343 71 74 97 58 55 51 0 0 0 0 51 50 50 0 0 0 50 4 50 69 5 0 2 100 0 0 17 0 0 0 0 0 0 0 0 0 0 0 0 0 0 0 0 0 0 0 0 0 0 0 0 0 0 0 0 0 0 0 0 0 0 0 0 0 0 0 0 7 1 21 0 0 0 0 0 0 0 0 0 0 14 0 0 1 12 14 16 24 0 0 14 13 0 23 1 8 0 45 25 24 3 18 12 9 0 0 0 0 0 0 0 0 0 27 0 0 0 0 0 0 0 11 0 0 22 0 0 10 0 0 0 0 0 0 0 0 0 0 0 0 0 0 0 0 0 4 0 8 8 10 0 0 0 1 0 0 0 0 0 0 0 15 0 0 22 15 39 5 0 0 19 25 1 2 3 19 1 2 27 68 0 43 41 8 0 0 0 0 0 0 0 0 0 0 0 16 0 0 0 0 0 0 0 1 0 0 0 5 2 0 1 0 0 0 6 0 0 19 0 0 0 0 0 0 0 0 0 0 0 0 0 0 0 0 
 0 2 0 0 0 3 0 0 0 0 0 0 0 0 0 1 0 0 0 0 0 0 0 0 0 156 0 2 0 31 72 0 0 62 0 0 33 23 0 0 103 62 88 298 49 47 0 174 124 130 52 114 244 241 57 118 192 337 117 41 0 6 0 0 0 0 0 0 0 0 4 0 0 0 0 0 0 0 4 0 0 0 0 0 0 0 0 0 0 0 0 0 0 0 0 0 0 0 0 0 0 0 0 3 1 0 0 0 0 0 0 0 0 0 0 0 0 0 0 0 12 7 14 0 1 6 21 8 14 13 0 1 23 28 11 11 2 22 48 7 0 0 0 0 0 0 0 3 0 0 0 0 0 0 0 0 0 0 0 0 0 0 0 4 0 0 0 0 0 0 0 0 0 0 0 0 0 0 0 0 0 0 0 20 19 12 0 0 0 0 0 2 0 0 0 0 0 0 0 0 0 9 10 11 31 12 5 43 32 40 0 1 49 18 3 8 34 22 20 8 0 0 0 0 0 0 0 0 0 0 0 0 0 0 9 0 0 0 0 0 0 0 0 0 0 0 0 0 0 0 0 6 0 1 0 0 0 0 0 0 0 0 0 0 2 2 1 0 2 0 4 0 0 0 0 0 0 0 0 0 0 0 0 0 4 0 1 0 0 0 
 0 0 0 0 0 0 0 0 0 0 0 0 0 0 0 1 0 0 0 0 0 0 0 0 129 119 0 0 0 2 63 0 0 0 0 0 3 0 0 0 79 136 105 71 58 27 174 0 125 96 27 62 176 276 39 97 92 29 139 38 0 0 7 0 0 0 0 0 0 0 0 1 4 3 4 0 0 0 0 0 0 0 0 0 0 0 0 0 0 0 0 0 0 0 0 0 0 0 0 0 0 0 0 0 0 1 0 0 0 0 0 0 0 0 0 0 0 0 0 0 0 13 0 0 0 0 20 0 21 22 8 0 0 19 24 17 0 36 22 17 0 0 0 0 0 1 0 6 0 0 0 0 0 0 0 0 0 0 0 0 0 0 0 0 0 0 0 0 0 0 0 0 0 0 0 0 0 0 0 0 0 0 0 18 26 7 0 0 0 0 0 0 0 0 0 0 0 0 0 0 24 35 27 26 15 6 30 26 15 14 0 0 30 9 24 0 22 15 26 13 0 0 0 0 0 0 0 12 0 23 7 0 0 0 0 0 0 0 0 0 0 0 0 0 0 0 0 0 0 0 0 11 0 0 2 0 0 62 0 0 0 0 0 0 0 0 2 0 1 0 0 0 0 0 0 0 0 0 0 0 0 0 0 0 0 15 0 0 0 0 
 0 0 0 0 0 0 0 62 0 0 0 0 0 0 0 0 0 0 0 0 0 2 208 0 0 18 0 0 2 0 0 0 0 3 0 56 2 0 0 0 36 53 159 308 148 103 124 125 0 241 143 27 90 107 117 353 94 167 147 297 0 2 3 2 3 0 1 0 1 2 0 0 50 0 6 3 0 4 1 0 0 0 0 0 0 0 0 0 0 0 0 0 0 0 11 0 0 0 0 0 0 13 0 0 0 0 0 0 0 0 0 0 0 0 0 0 0 0 0 0 0 20 3 14 0 1 11 19 0 12 8 0 1 0 16 10 13 23 0 0 0 0 3 3 0 0 0 17 0 17 0 0 0 0 9 4 0 0 7 11 0 0 0 0 0 0 0 0 0 0 0 0 6 0 6 0 0 0 0 0 0 0 0 0 0 9 0 0 0 0 0 0 0 7 0 0 0 0 0 0 0 27 15 1 9 8 6 0 17 0 30 0 6 11 12 41 10 19 0 0 0 0 0 3 41 1 20 0 5 0 0 0 28 0 17 0 3 4 0 39 0 0 1 0 0 0 0 0 0 0 0 2 0 0 0 0 0 0 0 1 0 22 0 36 64 2 42 0 0 0 16 0 0 0 0 0 0 0 0 0 0 3 0 0 1 11 0 1 0 0 
 0 0 0 0 0 0 0 0 0 0 0 0 2 0 0 7 0 0 0 0 1 1 2 2 7 20 1 1 1 1 1 1 2 1 1 1 2 1 2 2 29 96 138 232 70 48 130 96 241 0 70 53 55 164 239 147 59 373 73 122 5 2 15 0 0 0 209 6 2 0 0 1 13 0 5 0 12 2 0 0 0 0 0 0 0 0 0 0 0 0 0 0 0 0 0 12 0 0 0 0 0 0 0 0 0 0 0 0 0 0 0 0 0 0 0 0 0 0 0 0 0 26 18 15 4 1 48 18 0 13 7 7 0 0 8 10 13 23 0 0 5 0 0 0 0 0 0 7 15 0 5 7 0 0 0 0 0 0 0 9 0 0 0 0 0 0 0 0 0 0 0 0 0 0 0 0 0 0 0 0 0 0 0 0 0 11 0 0 0 0 0 0 0 0 0 0 0 0 0 0 1 38 37 8 16 41 38 0 17 3 19 11 5 13 12 21 9 19 0 0 0 6 21 0 14 0 20 0 10 0 0 18 30 0 6 0 0 0 0 15 0 0 0 0 0 0 0 0 0 0 0 4 0 0 0 0 0 0 0 13 0 0 3 28 46 1 3 0 0 0 18 0 0 0 0 0 0 0 0 0 0 0 0 0 0 27 0 0 2 0 
 0 2 0 2 0 0 0 0 0 0 0 0 0 2 0 5 0 0 0 0 0 0 0 0 0 1 0 61 1 0 0 1 0 0 62 2 0 0 0 0 38 105 61 72 70 158 52 27 143 70 0 73 34 100 66 305 474 367 39 44 31 0 1 3 3 0 52 51 0 0 1 0 32 0 21 3 1 0 52 50 0 0 0 0 0 0 0 0 0 0 0 11 0 0 0 7 0 0 0 0 0 0 0 0 0 0 0 0 0 0 1 0 10 0 0 0 0 0 0 0 0 1 1 17 9 4 1 6 0 15 1 2 0 0 0 0 22 0 0 0 0 0 0 0 0 0 0 0 0 0 0 0 9 5 4 0 0 1 7 10 0 1 20 9 0 0 0 7 0 0 0 7 0 0 2 0 10 0 0 0 0 0 0 0 0 0 0 0 0 0 0 0 2 0 0 0 1 0 0 0 6 21 11 25 10 8 0 0 0 27 12 37 0 0 17 11 0 1 0 1 0 0 0 0 0 0 38 0 0 1 0 0 1 1 7 6 0 6 30 24 0 0 7 0 0 1 0 0 0 0 0 7 0 1 0 0 0 0 0 0 0 0 8 2 34 13 0 0 1 0 0 0 0 0 0 0 0 0 0 0 0 0 0 0 1 0 0 0 0 0 
 6 32 0 0 0 1 0 0 0 0 0 0 2 0 0 0 0 0 0 0 0 0 0 5 0 0 0 0 10 0 0 1 2 0 0 0 0 0 0 0 30 320 27 188 118 61 114 62 27 53 73 0 80 317 98 127 153 215 143 33 36 0 0 0 0 0 0 0 0 0 0 0 0 73 0 1 0 0 51 0 0 0 0 0 0 0 0 0 0 0 0 0 0 0 0 0 0 21 0 0 0 0 0 0 0 0 9 0 13 0 0 0 0 0 0 0 0 0 0 0 6 0 6 31 11 18 1 17 0 19 11 6 12 15 0 6 26 2 0 0 7 21 0 21 0 0 14 22 0 1 0 0 11 0 30 0 0 7 61 0 17 0 0 0 0 0 0 0 0 0 0 0 0 0 0 0 0 0 0 0 0 0 0 0 0 0 0 0 0 0 0 0 0 0 0 0 0 8 0 0 0 10 0 0 0 0 0 0 19 0 24 28 0 0 10 18 13 6 0 0 16 11 0 0 0 0 13 0 0 0 0 0 0 0 0 0 8 1 0 14 0 0 9 0 0 0 0 0 2 0 0 4 0 0 0 0 0 0 0 15 0 0 4 0 6 1 2 3 0 0 19 0 0 0 0 0 0 0 0 0 0 0 0 0 12 1 0 11 2 1 
 66 0 0 2 0 3 0 0 0 0 0 0 0 2 0 0 0 0 0 0 2 29 3 64 2 3 2 5 5 63 124 69 58 18 2 2 63 64 2 2 47 123 78 101 78 42 244 176 90 55 34 80 0 534 179 38 47 44 225 108 0 0 0 0 0 0 0 0 0 0 0 0 0 1 0 0 0 0 0 0 0 0 0 0 0 0 0 0 0 0 0 0 0 0 0 0 0 0 0 0 0 1 0 13 11 11 0 0 0 0 6 0 0 23 0 0 0 0 0 0 55 0 21 19 2 0 0 0 0 21 8 13 29 20 20 53 0 0 10 9 0 0 0 2 1 0 0 0 0 0 0 0 6 0 0 0 0 0 0 0 0 0 0 0 0 0 0 0 0 0 4 7 0 0 0 0 0 0 0 0 0 0 0 0 11 0 0 0 0 0 0 23 0 0 0 10 0 31 0 0 37 8 16 0 0 0 0 0 2 0 19 19 11 10 0 1 14 0 22 14 0 0 0 0 0 0 0 0 0 0 0 0 0 0 0 0 0 0 0 0 0 0 0 0 0 0 0 0 0 0 0 1 0 0 0 0 0 0 0 0 0 24 1 0 3 4 0 0 0 0 0 0 0 0 0 0 0 0 0 0 0 0 0 0 14 0 19 17 0 0 
 2 0 0 0 0 0 2 5 0 2 2 1 2 2 0 3 0 1 2 1 0 0 0 73 0 64 0 2 1 273 67 0 0 0 0 0 62 67 0 0 130 78 332 149 96 76 241 276 107 164 100 317 534 0 404 99 61 121 301 182 0 0 1 0 0 2 0 0 0 2 42 0 0 2 0 0 0 0 2 2 0 0 0 0 0 0 0 0 0 0 0 0 0 0 0 0 0 0 0 0 0 0 0 0 0 0 0 0 0 0 0 0 0 0 0 0 0 0 0 0 10 29 15 3 20 0 0 7 21 23 8 14 54 0 28 25 20 2 6 10 0 0 0 0 0 0 0 0 0 0 0 0 0 0 0 0 0 0 0 0 0 0 0 4 0 0 0 0 0 0 1 0 0 0 0 0 0 5 0 0 0 0 0 14 10 0 0 0 0 0 0 0 0 0 0 1 0 0 0 0 0 44 17 20 11 0 9 14 15 5 0 5 9 11 22 14 31 12 18 12 0 0 0 0 0 0 0 0 0 0 0 0 0 0 0 0 0 0 0 0 0 0 0 0 0 0 0 0 0 0 0 0 0 1 0 0 0 0 0 0 0 0 2 0 65 4 2 0 2 0 0 0 0 0 0 0 0 0 0 0 0 0 2 0 8 0 0 0 0 0 
 1 1 1 1 1 0 3 2 1 3 3 4 3 3 1 3 0 2 3 2 0 0 0 27 65 3 0 3 0 64 31 0 0 0 0 0 0 1 0 0 108 60 295 126 72 71 57 39 117 239 66 98 179 404 0 70 118 75 131 123 0 0 37 0 0 2 0 18 0 3 19 1 2 12 1 2 2 0 0 4 0 65 0 0 0 0 0 0 0 0 0 0 0 0 0 0 0 0 0 0 0 0 0 0 0 15 0 0 0 0 0 0 0 0 0 0 0 0 0 0 38 12 61 29 9 0 0 11 15 4 22 32 32 3 22 36 0 9 0 1 0 0 0 0 0 0 3 0 0 0 0 0 5 1 4 0 0 0 0 0 0 0 0 0 0 0 0 13 0 0 0 0 0 0 0 0 0 0 0 0 0 0 0 0 0 6 0 0 0 0 0 0 0 0 0 0 0 0 0 0 29 0 14 1 0 28 11 0 11 0 35 0 1 1 0 15 0 10 0 14 1 0 0 0 7 0 5 6 0 0 0 0 16 3 0 4 0 0 8 3 0 0 0 0 0 0 0 0 0 0 0 6 0 0 0 0 0 0 0 12 0 19 0 64 1 2 3 0 2 0 0 0 0 0 0 0 0 0 0 0 0 0 0 0 69 10 0 13 0 0 
 0 0 0 0 0 2 0 0 0 0 0 0 2 61 0 0 0 0 0 0 0 0 0 0 0 61 0 0 0 0 1 0 0 0 0 0 0 0 0 0 33 260 91 258 150 343 118 97 353 147 305 127 38 99 70 0 183 182 100 45 0 0 0 0 0 0 19 0 0 0 0 0 52 0 0 0 0 0 50 69 0 0 0 0 0 0 0 0 0 0 0 0 0 0 0 0 0 0 0 0 0 0 0 0 0 0 0 0 0 0 0 0 0 0 0 0 0 0 0 0 1 0 0 11 20 4 48 8 15 24 1 0 1 37 0 1 31 49 0 0 0 0 0 0 0 0 0 19 0 0 0 18 13 0 11 20 0 0 23 0 0 0 0 4 11 0 0 0 0 0 0 0 0 0 0 1 0 0 7 0 0 0 0 1 0 0 0 0 0 0 0 0 0 0 0 0 0 0 0 0 2 7 14 13 16 16 4 19 11 2 14 7 33 13 8 15 25 14 8 0 4 1 0 0 0 0 8 12 0 13 0 0 14 16 0 0 0 0 3 10 0 0 10 0 0 0 0 0 0 0 0 2 0 1 0 0 0 1 0 2 0 0 0 0 2 2 0 1 0 0 5 0 0 0 0 0 0 0 0 0 0 0 0 0 0 0 0 0 0 0 
 8 0 0 4 89 0 0 0 0 11 0 0 1 2 3 0 0 0 0 0 0 0 4 0 0 6 0 0 0 0 0 0 0 1 0 0 0 0 0 0 26 38 287 182 46 71 192 92 94 59 474 153 47 61 118 183 0 113 112 98 51 1 1 0 0 0 0 0 0 0 0 0 0 0 53 0 0 4 48 50 0 4 0 0 2 0 0 0 0 0 0 21 0 0 5 0 0 3 0 0 0 0 0 0 0 0 0 0 0 0 0 0 0 0 0 0 0 0 3 0 0 19 3 30 19 0 44 8 9 22 7 1 21 10 0 0 55 31 10 0 0 0 0 0 0 0 0 0 0 0 7 0 0 0 5 0 0 0 5 0 0 0 0 4 2 1 0 0 0 0 0 3 0 0 4 0 0 0 0 0 0 0 0 0 0 14 14 0 0 0 0 0 6 0 0 0 0 0 0 0 0 3 6 7 8 0 0 6 0 4 28 21 0 0 7 14 4 0 6 0 16 1 0 0 0 0 18 0 0 0 0 0 24 1 0 0 0 0 1 28 0 0 38 0 0 0 0 0 0 0 0 4 0 1 0 0 1 1 0 0 0 0 2 0 1 0 0 0 0 0 0 0 0 0 0 0 0 0 0 0 0 0 0 0 19 18 0 16 0 0 
 2 2 9 1 6 4 2 2 2 6 2 2 2 5 9 1 10 2 2 2 0 0 0 0 0 2 1 0 0 0 21 0 0 0 2 3 0 0 200 0 254 184 137 44 34 74 337 29 167 373 367 215 44 121 75 182 113 0 49 26 0 3 0 0 0 0 0 0 3 0 0 0 4 5 0 0 19 0 0 0 0 6 0 2 7 0 0 0 0 0 0 0 0 0 10 0 0 5 0 0 0 0 0 0 0 0 0 0 0 0 0 0 0 3 0 0 0 0 5 13 0 13 9 27 0 0 1 25 0 29 13 1 0 13 3 0 78 8 0 51 0 0 0 0 0 0 0 4 0 0 0 0 16 16 0 0 0 0 0 0 0 0 0 0 4 4 0 0 0 0 0 0 0 0 1 2 0 0 0 0 0 0 0 0 0 0 6 2 0 0 0 0 1 2 0 10 0 0 0 0 0 4 49 10 19 2 0 0 50 8 31 28 0 3 6 44 13 26 0 7 13 0 0 0 13 0 43 0 0 0 0 0 27 0 0 0 0 5 0 1 0 0 50 0 0 0 0 0 0 0 0 0 1 3 0 0 0 0 0 16 0 1 2 62 3 0 0 62 1 0 11 0 0 0 0 0 0 0 0 0 0 0 0 0 0 0 0 0 0 0 
 0 2 0 0 0 0 0 6 0 0 0 0 0 0 0 2 0 0 0 0 0 0 1 23 1 24 0 0 0 66 0 30 0 18 0 63 0 0 0 0 43 50 309 204 125 97 117 139 147 73 39 143 225 301 131 100 112 49 0 147 5 1 5 0 0 1 0 11 2 0 1 0 3 0 3 0 46 2 3 0 0 0 0 0 0 0 0 0 0 0 0 0 0 0 0 0 0 0 0 0 0 0 0 0 0 0 0 0 0 0 7 0 0 0 0 0 9 0 0 0 36 26 32 19 7 0 21 24 2 7 2 23 41 0 0 61 0 17 17 21 19 15 0 1 0 0 0 2 3 1 4 9 3 0 0 0 0 2 0 0 0 0 0 0 0 11 0 0 0 0 7 7 0 0 0 12 0 0 15 0 0 0 0 20 0 11 0 0 0 6 15 0 0 0 0 12 0 0 0 0 0 26 14 1 8 9 7 1 10 0 19 0 5 12 23 8 9 1 0 0 14 4 6 0 0 0 0 0 0 2 2 1 0 0 4 0 0 0 0 0 0 0 0 0 0 0 0 0 0 0 0 0 0 0 0 0 0 0 0 0 18 0 0 0 0 0 2 0 1 0 23 0 0 0 0 0 0 0 0 0 0 0 0 0 13 15 0 13 0 0 
 6 0 0 0 0 0 0 0 0 0 0 0 0 0 0 0 1 0 0 0 0 0 0 53 64 5 0 0 0 29 84 29 0 0 0 0 0 0 0 0 171 65 33 85 47 58 41 38 297 122 44 33 108 182 123 45 98 26 147 0 4 0 2 0 0 0 0 3 0 0 0 0 0 0 3 2 0 4 0 0 0 0 0 0 0 0 0 0 0 0 0 0 0 0 0 0 0 0 0 0 0 0 0 0 0 9 0 0 0 0 0 0 0 0 0 0 0 0 0 0 11 29 0 0 14 0 28 9 11 0 9 15 0 13 22 22 25 4 0 0 5 2 0 0 0 0 0 0 0 0 4 5 0 0 0 0 1 9 22 0 0 0 0 4 0 0 0 0 0 0 0 0 0 0 0 0 0 0 0 0 0 0 0 0 9 0 0 0 0 0 0 0 0 0 0 0 0 0 0 0 26 17 6 0 2 0 25 0 40 17 0 1 14 0 44 2 1 0 10 0 11 0 4 0 0 7 1 0 0 4 7 0 0 0 5 0 0 0 0 11 0 0 1 0 0 0 0 0 0 0 0 8 0 1 25 0 0 63 0 2 0 10 0 0 0 0 1 0 0 0 3 0 0 0 0 0 0 0 0 0 0 0 0 0 0 9 0 0 0 0 
 0 0 3 0 0 1 0 0 0 0 0 0 0 0 0 3 0 47 0 0 0 2 0 0 0 0 0 3 0 0 0 0 0 0 0 0 0 0 0 0 0 0 0 105 313 55 0 0 0 5 31 36 0 0 0 0 51 0 5 4 0 95 87 55 46 229 167 218 42 36 37 41 51 135 115 36 48 37 166 187 0 0 0 0 0 0 18 0 0 6 0 0 0 0 0 18 0 0 0 0 0 0 0 9 0 0 0 0 0 0 0 0 0 0 0 0 0 0 0 0 0 0 0 8 9 18 0 0 0 0 0 1 0 0 0 0 0 0 0 0 22 69 2 19 20 19 14 18 0 17 18 37 5 5 31 0 0 22 16 0 0 0 0 0 0 0 0 0 0 0 0 0 0 0 0 0 0 0 0 0 0 0 0 0 0 0 0 0 0 0 0 0 0 0 0 0 0 9 0 0 0 0 0 1 0 0 0 0 0 21 0 32 0 0 0 0 0 0 0 0 23 12 4 15 0 10 27 16 0 19 19 13 0 1 16 6 6 34 28 2 0 0 0 0 0 0 0 0 0 0 0 0 0 2 7 0 0 0 0 0 0 0 1 0 0 0 1 0 0 0 24 0 0 0 0 2 0 0 0 0 0 0 0 0 1 0 0 0 0 1 
