 0 533 268 297 165 38 583 363 246 185 80 329 155 84 458 323 140 74 355 241 0 2 0 0 0 2 0 2 0 0 0 0 0 0 3 3 0 0 0 0 0 0 0 0 0 0 2 0 0 0 0 1 0 3 0 0 3 0 0 0 2 0 3 0 0 0 0 0 0 0 0 0 3 0 3 0 0 0 0 0 10 30 17 34 31 0 29 20 69 11 21 13 10 14 0 21 68 36 0 47 0 0 0 0 0 0 9 0 0 37 13 0 0 0 0 0 0 0 0 33 0 0 12 34 0 0 0 0 0 0 0 0 0 0 0 0 0 0 4 0 0 0 3 0 0 0 0 0 1 0 0 0 0 0 0 0 0 0 0 8 10 14 16 58 1 2 13 37 0 13 11 12 0 19 17 0 65 10 0 0 0 0 0 0 0 0 0 2 0 0 0 0 0 0 0 0 0 0 11 0 0 0 0 0 0 0 0 0 0 0 0 0 0 10 0 0 0 0 0 0 0 0 0 0 0 0 0 0 0 0 0 0 0 0 0 0 0 0 0 0 0 0 0 0 0 2 11 0 0 15 11 7 0 0 0 0 0 0 0 0 4 0 10 0 0 0 0 0 0 0 0 0 0 0 0 2 15 0 0 0 0 0 0 0 0 0 0 0 0 0 
 533 0 217 252 172 40 272 78 53 130 49 38 346 117 693 512 359 114 102 140 0 2 2 0 2 2 0 3 0 0 0 2 0 0 3 5 0 0 1 0 0 0 0 0 0 0 3 55 6 0 0 0 0 3 0 0 3 0 0 0 3 0 3 0 0 0 0 0 0 0 0 0 1 0 3 0 4 0 0 0 9 26 1 39 35 15 60 43 29 9 1 11 11 6 0 17 22 27 41 45 0 0 0 0 0 0 10 0 14 0 0 1 11 0 2 0 0 0 0 0 0 0 11 0 0 0 0 1 0 0 0 0 0 0 0 0 0 0 0 0 0 0 4 0 0 5 0 0 0 0 0 0 0 0 0 0 0 0 0 14 9 23 1 22 16 18 14 39 9 12 5 21 0 42 17 7 1 16 2 1 0 0 0 0 0 0 22 15 0 0 0 0 15 0 0 0 0 23 0 0 0 0 0 0 0 0 0 0 1 0 0 1 0 0 0 0 0 0 0 0 0 0 0 0 2 0 0 0 0 0 0 0 0 0 0 0 0 0 0 0 0 0 0 0 0 0 94 2 89 47 0 19 0 0 0 0 0 0 0 0 0 0 10 0 0 0 0 0 0 0 0 0 0 0 0 0 50 0 0 0 0 0 0 0 0 0 0 0 0 0 
 268 217 0 89 440 113 76 247 163 56 371 19 141 178 382 184 191 200 204 120 0 2 0 0 5 4 0 3 0 0 0 3 0 78 3 5 1 0 74 2 1 0 0 0 0 0 3 0 0 0 3 3 0 3 0 0 3 0 0 0 4 0 3 0 0 3 0 0 0 3 0 0 3 0 3 0 0 0 0 0 17 0 46 23 2 0 0 23 19 13 6 38 13 21 15 15 17 20 0 1 1 10 0 0 16 0 0 9 0 2 0 0 0 1 0 0 0 0 12 2 1 0 0 0 0 0 5 0 0 0 0 0 0 0 0 0 0 0 0 0 0 0 0 0 13 0 0 0 0 0 0 0 0 0 0 0 0 0 0 0 49 11 12 13 0 1 2 19 4 17 11 0 0 14 12 0 13 12 20 0 24 0 0 0 0 0 1 0 0 0 0 0 2 14 15 0 0 0 2 12 1 0 0 0 0 0 0 0 0 0 0 0 0 0 0 2 1 0 0 0 0 0 0 0 0 2 0 0 0 0 0 0 13 2 0 0 0 0 0 0 0 10 0 0 0 0 0 0 0 2 11 4 0 0 0 0 0 0 0 0 0 0 0 0 0 0 0 0 0 0 0 0 0 0 0 0 0 0 0 0 0 0 0 0 0 0 0 0 0 10 
 297 252 89 0 203 44 291 160 260 639 332 341 139 184 121 443 62 425 189 126 0 2 2 0 0 0 0 2 0 0 0 0 0 0 3 3 0 0 0 0 0 0 0 0 0 0 3 0 0 0 0 0 0 3 0 0 3 0 0 0 2 0 3 0 0 0 0 0 0 0 0 0 2 0 3 0 0 0 0 0 10 13 19 21 45 29 17 0 15 0 8 55 10 18 0 1 33 9 0 0 0 15 0 0 0 0 15 0 0 0 17 0 0 0 0 0 0 0 0 0 0 0 12 0 0 0 0 0 0 0 0 0 0 0 0 0 0 0 0 0 0 0 3 0 0 14 0 0 0 0 0 0 0 0 0 0 0 0 0 8 7 0 1 21 0 0 0 22 0 13 29 12 0 20 13 0 0 0 0 0 0 0 0 0 0 0 10 0 19 0 0 0 0 5 0 0 0 0 23 0 0 0 0 0 0 0 0 0 0 0 0 0 0 0 0 0 0 0 0 0 0 0 0 0 0 0 0 11 0 0 0 0 0 0 0 0 0 0 0 0 0 0 0 0 0 0 8 1 0 93 15 14 0 0 0 0 0 0 0 0 0 0 0 0 0 0 0 0 0 0 0 0 0 0 0 2 1 0 0 0 0 0 0 0 0 0 0 0 0 0 
 165 172 440 203 0 67 90 70 69 201 206 33 101 159 238 112 263 80 65 85 0 2 0 0 0 0 87 78 0 9 0 0 76 4 22 3 0 0 95 0 0 0 0 0 0 0 4 3 0 0 0 0 2 3 0 2 3 2 2 0 2 0 3 0 0 0 0 2 0 0 0 0 2 0 3 0 0 0 0 0 0 30 0 19 8 0 4 0 20 4 12 55 0 0 0 0 6 24 0 18 7 0 0 0 11 0 1 21 0 0 0 0 9 1 0 9 0 0 27 0 0 0 0 0 0 0 0 0 0 0 0 0 0 0 0 0 0 0 0 0 0 0 0 0 0 8 0 0 0 1 0 0 0 0 0 0 0 0 0 0 10 18 0 5 0 21 0 53 19 0 0 0 0 0 13 0 12 10 0 2 40 0 0 5 0 0 21 0 0 0 0 0 0 29 39 1 0 13 0 15 0 0 0 0 0 0 0 0 0 0 0 0 0 0 0 0 0 0 0 0 0 0 0 0 0 0 0 0 0 0 0 0 0 0 0 0 0 0 0 0 0 0 0 0 0 3 2 0 0 2 0 8 0 0 0 0 0 0 0 0 0 0 0 0 0 0 0 0 0 0 0 0 0 0 0 0 0 0 0 0 0 0 0 0 0 0 0 0 0 0 
 38 40 113 44 67 0 45 49 43 156 181 171 45 39 46 99 221 49 50 61 1 4 80 0 0 0 79 7 3 0 0 0 79 151 77 4 0 0 0 138 0 0 0 0 0 0 3 0 0 0 68 1 9 3 0 0 3 0 0 0 3 0 3 0 0 0 0 0 0 0 12 0 1 0 5 0 1 0 4 0 0 0 0 0 1 10 0 0 0 18 0 39 0 0 0 0 0 0 0 0 0 4 0 52 0 0 0 27 19 15 0 0 26 16 89 13 0 101 65 37 0 0 0 0 0 0 0 0 0 0 0 0 0 0 0 0 0 0 0 0 0 0 19 0 0 0 0 3 0 5 0 0 0 0 0 0 0 0 0 0 0 0 0 0 30 24 9 0 0 20 13 11 0 0 0 0 11 11 0 0 35 8 1 11 0 0 24 24 0 20 0 0 33 17 1 34 1 0 33 70 0 0 0 0 0 0 0 0 0 0 0 0 0 0 0 0 0 0 0 0 0 0 0 0 0 0 0 0 0 0 0 0 0 0 0 0 0 0 0 0 0 1 0 0 0 2 4 0 91 1 0 4 17 0 0 0 0 0 85 0 0 0 0 0 0 0 0 0 0 0 0 0 0 0 0 18 1 0 0 0 0 3 0 0 0 0 0 0 0 0 
 583 272 76 291 90 45 0 116 71 241 26 75 540 501 140 82 78 43 324 412 0 4 0 0 0 0 0 2 0 0 0 2 0 0 3 3 0 2 0 2 0 0 0 0 0 0 3 0 0 0 0 0 0 3 0 0 3 0 0 0 3 0 3 0 0 0 0 0 0 0 0 0 22 0 3 0 1 0 0 0 9 14 1 7 0 1 26 39 3 20 14 0 8 0 0 16 19 23 10 15 0 0 0 0 0 0 47 0 0 1 0 0 0 0 0 0 0 0 0 0 1 0 0 0 0 0 0 0 0 2 0 0 0 0 0 0 0 0 0 0 0 0 4 0 0 0 0 0 0 0 0 0 4 0 0 0 0 0 0 0 0 29 0 2 0 22 61 1 0 3 0 0 1 0 30 58 0 0 11 0 0 1 0 1 0 0 7 0 0 0 0 0 0 0 0 0 0 0 0 0 0 0 0 0 0 0 0 0 0 0 0 0 0 2 0 0 0 0 0 0 0 0 0 0 0 0 0 0 0 0 0 0 0 0 0 1 0 0 0 0 0 0 0 0 0 0 1 2 2 89 2 11 0 2 0 0 0 0 0 0 0 0 1 0 0 0 0 0 0 0 0 0 0 0 0 0 22 0 0 0 0 0 0 0 0 0 0 0 0 0 
 363 78 247 160 70 49 116 0 82 25 57 43 172 278 154 140 126 177 169 109 0 2 0 0 0 5 0 3 0 0 0 0 0 0 3 3 0 0 0 0 0 1 0 0 0 0 3 0 0 0 0 0 0 3 0 0 2 1 0 0 3 0 3 0 0 0 0 2 0 0 0 0 0 0 2 0 2 2 0 0 8 0 37 9 0 9 0 1 1 0 19 14 17 22 13 0 7 8 0 0 0 0 0 0 0 0 0 0 0 0 0 0 0 0 0 0 0 0 0 0 0 0 0 0 0 0 0 0 0 2 0 0 0 0 0 0 0 0 0 0 0 7 0 0 0 0 0 0 0 0 0 0 0 0 0 0 0 0 0 0 7 0 1 0 0 16 9 0 0 0 12 0 1 8 25 24 0 1 53 0 0 1 0 1 0 0 7 0 0 0 0 0 0 7 0 0 0 0 8 0 0 0 0 0 0 0 0 0 0 0 0 0 0 0 0 0 0 0 0 0 0 0 0 0 0 0 0 0 0 0 0 0 0 0 0 0 0 0 0 0 0 0 0 0 0 0 0 0 0 0 11 7 0 2 0 0 0 0 0 0 0 0 1 0 0 0 0 0 0 0 0 0 0 0 0 0 0 0 0 0 0 0 0 0 0 0 0 0 0 0 
 246 53 163 260 69 43 71 82 0 212 133 46 192 116 109 54 143 183 380 154 0 2 0 0 0 0 75 4 0 0 0 0 0 0 3 3 0 0 0 6 0 0 0 0 0 0 3 0 0 0 0 0 0 3 0 0 3 2 0 0 2 0 3 0 0 4 0 0 0 0 0 6 3 0 3 0 1 0 0 0 22 14 13 17 38 7 15 12 33 17 27 0 11 8 0 27 10 10 12 25 0 0 0 0 0 0 0 0 0 0 0 0 9 0 0 0 0 0 22 17 0 0 13 0 0 0 0 0 0 0 0 0 0 0 0 0 0 0 0 0 0 2 5 0 0 11 0 0 0 0 2 0 0 0 0 0 0 0 0 35 10 0 42 0 30 8 12 21 10 16 14 33 0 12 0 6 13 18 17 12 0 0 0 0 0 0 38 0 0 0 0 0 35 0 0 2 0 0 0 0 0 0 0 0 0 0 0 0 0 0 0 0 0 0 0 0 0 1 0 0 1 0 0 0 0 0 0 0 0 0 0 0 0 0 0 0 0 0 1 0 0 10 0 0 1 0 96 0 0 46 0 17 0 0 0 0 0 0 0 0 0 0 11 0 0 0 0 0 0 2 0 0 0 0 0 1 12 0 0 0 0 0 0 0 0 0 0 0 0 0 
 185 130 56 639 201 156 241 25 212 0 203 276 45 140 339 138 173 247 156 195 0 2 0 0 208 2 0 3 0 0 0 0 0 74 3 5 3 0 75 0 0 0 0 0 0 0 3 3 0 2 0 0 0 3 0 0 3 0 0 0 2 0 3 0 0 0 0 2 39 0 0 3 3 0 9 0 0 3 7 32 13 16 23 14 0 0 12 8 17 15 0 10 0 9 0 63 1 27 0 16 1 10 0 0 0 0 11 47 20 0 0 0 0 86 0 0 0 0 27 0 0 0 0 0 0 1 0 0 0 0 0 0 0 0 1 0 0 0 0 0 0 0 0 0 0 0 0 0 0 0 0 0 0 0 1 0 0 0 0 0 30 0 38 1 0 17 11 0 6 18 13 49 0 0 1 0 24 28 0 3 14 0 0 0 0 0 1 14 0 0 0 0 50 25 6 0 0 0 11 14 0 0 0 0 17 0 2 0 0 0 0 0 0 0 0 0 0 0 0 0 0 0 0 0 0 0 0 0 0 16 0 0 0 0 0 0 0 0 0 0 0 6 0 0 0 4 0 0 89 48 2 11 0 0 0 0 0 0 0 0 0 0 27 0 0 0 0 0 0 0 0 0 0 0 0 0 23 0 0 0 0 0 0 6 0 0 0 0 0 0 
 80 49 371 332 206 181 26 57 133 203 0 277 33 43 64 184 411 40 109 69 0 5 8 0 0 0 78 76 0 0 0 0 103 104 225 79 74 0 98 182 0 0 0 0 0 1 3 0 63 0 0 0 0 3 0 6 3 0 0 0 2 0 3 0 0 0 0 2 0 0 3 0 3 0 74 0 0 0 0 0 0 10 0 10 10 18 0 0 0 7 1 45 0 0 0 0 0 9 0 0 20 0 0 0 0 0 12 31 7 0 0 8 22 14 11 15 0 14 51 57 1 0 0 0 0 0 0 0 0 0 0 0 0 0 0 0 0 0 0 0 0 0 0 0 0 0 0 0 2 1 0 0 0 0 0 0 0 0 0 0 0 0 0 4 33 1 3 0 14 11 1 30 0 0 0 0 16 10 0 0 9 8 0 12 2 0 24 10 8 6 1 0 39 56 38 23 22 12 21 53 16 0 0 0 0 0 0 0 0 0 0 0 0 0 0 0 1 0 0 0 0 0 0 0 0 0 0 1 1 0 0 0 25 0 0 0 0 0 0 0 0 0 0 0 0 2 7 2 0 2 1 17 16 0 0 0 0 0 0 0 0 0 0 0 0 0 0 0 0 0 0 0 0 0 0 33 0 0 0 0 0 0 0 0 0 2 0 0 0 0 
 329 38 19 341 33 171 75 43 46 276 277 0 35 462 36 303 110 81 43 45 0 2 78 0 2 3 2 3 0 3 3 3 63 55 79 78 5 0 76 6 0 0 0 1 4 1 3 0 0 24 1 4 0 3 0 13 64 0 0 0 2 0 5 0 0 0 0 0 0 3 3 6 3 6 7 3 4 0 0 0 0 0 0 16 11 20 10 0 14 8 14 41 39 0 0 0 9 0 0 0 26 0 0 0 0 0 12 18 0 0 0 0 12 0 1 0 8 15 29 29 0 0 2 0 0 0 0 0 0 0 0 0 0 0 0 0 0 0 0 0 0 0 0 0 0 0 0 0 0 0 0 0 0 0 0 0 0 0 0 3 21 7 0 10 38 2 0 15 0 13 13 24 0 3 0 0 27 0 0 0 0 21 0 49 0 0 19 0 12 26 0 0 67 15 11 15 15 0 26 25 11 0 0 0 0 0 0 0 0 0 0 0 0 0 0 0 0 0 0 0 0 0 6 0 0 0 0 0 0 0 0 0 0 1 0 0 0 0 0 0 0 0 0 0 0 52 90 0 0 2 2 5 16 0 0 0 0 0 0 0 0 0 0 0 0 0 0 0 0 0 0 0 0 0 2 46 0 13 0 0 0 0 0 0 0 0 0 0 0 0 
 155 346 141 139 101 45 540 172 192 45 33 35 0 186 275 78 43 29 318 137 0 2 0 4 0 0 0 66 0 7 0 2 0 0 3 5 2 0 0 0 0 0 0 0 0 0 3 0 0 0 0 0 0 3 0 0 3 0 65 0 2 0 3 0 0 0 0 0 0 0 41 0 13 0 3 0 23 0 0 0 19 0 13 18 17 0 0 8 0 0 2 16 10 37 19 10 11 9 23 5 1 0 0 0 0 0 0 0 0 0 0 0 1 0 0 0 0 0 0 0 0 0 10 0 0 0 0 0 0 0 0 0 0 0 2 0 0 0 0 0 0 0 6 0 0 0 0 0 0 0 0 0 0 0 2 0 1 0 0 0 15 0 0 0 0 0 0 0 0 10 3 0 48 15 15 8 0 0 0 15 0 0 0 0 0 0 0 0 0 0 0 0 0 6 0 0 0 0 0 0 0 0 0 0 0 0 1 0 0 0 0 0 0 0 0 0 0 0 0 0 0 0 0 0 0 0 2 0 0 0 0 0 0 0 0 0 0 0 0 0 0 0 0 0 0 1 2 0 1 0 4 17 0 0 10 0 1 0 0 0 0 0 0 0 0 0 0 0 0 0 0 0 0 0 0 0 0 0 0 0 0 0 0 0 0 0 0 0 0 0 
 84 117 178 184 159 39 501 278 116 140 43 462 186 0 374 376 182 229 278 192 0 4 0 0 0 2 0 2 0 0 4 2 0 0 3 4 0 0 0 0 0 0 0 0 0 0 3 0 0 0 0 0 0 3 0 0 3 2 0 0 2 0 3 0 0 0 0 1 0 0 0 0 3 0 3 0 0 0 0 0 1 31 11 49 0 9 36 1 0 20 16 21 6 31 22 33 11 27 23 0 0 0 0 0 0 2 12 0 0 0 0 0 0 0 0 0 0 0 0 0 0 0 9 0 0 0 0 0 0 0 14 14 0 0 0 0 0 0 0 0 0 18 13 0 2 0 0 0 0 0 0 0 26 2 0 0 0 0 0 0 19 24 2 4 0 17 18 17 0 1 0 0 0 20 48 10 0 1 0 0 0 0 0 0 0 0 5 1 0 0 0 0 0 0 0 0 0 0 9 0 0 0 0 0 0 0 0 0 0 0 0 0 0 0 0 0 0 2 0 2 2 0 0 0 0 0 0 0 0 0 0 0 0 0 2 0 0 0 2 0 0 0 0 0 1 0 1 0 0 5 1 12 0 0 0 0 0 0 0 2 0 0 1 0 0 0 17 0 0 1 0 0 0 0 0 0 20 0 0 0 0 0 0 0 0 0 0 0 0 0 
 458 693 382 121 238 46 140 154 109 339 64 36 275 374 0 229 179 156 309 349 0 2 1 0 0 0 0 2 0 0 2 1 2 0 3 4 0 0 2 0 0 0 0 0 0 0 3 0 0 0 0 0 0 4 0 0 3 0 0 0 2 0 3 0 0 0 41 0 0 0 0 3 3 0 3 0 0 0 0 0 15 17 43 14 0 0 30 20 0 0 0 71 22 39 26 24 28 13 17 19 0 0 0 0 0 0 0 0 0 0 0 2 0 0 0 0 0 0 0 0 0 0 0 0 0 0 0 2 0 0 0 0 0 0 0 0 0 0 0 0 0 0 0 0 0 0 0 0 0 0 0 0 5 0 0 0 0 0 0 17 13 28 0 15 0 30 16 26 0 0 1 1 6 2 44 12 0 0 0 0 0 0 0 0 0 0 9 0 0 1 0 0 0 0 0 0 0 0 0 0 0 0 0 0 0 0 0 0 0 0 0 2 0 0 0 0 0 0 0 0 0 0 0 2 0 0 0 0 0 0 0 0 0 0 0 0 0 0 0 0 0 0 0 0 0 0 1 1 2 0 0 7 0 0 0 0 0 0 0 0 0 0 1 0 0 0 0 0 0 0 0 0 0 0 0 0 0 0 0 0 0 0 0 0 0 0 0 0 0 0 
 323 512 184 443 112 99 82 140 54 138 184 303 78 376 229 0 303 35 48 69 5 2 0 0 0 0 0 2 0 0 1 3 0 24 10 216 3 0 2 0 1 0 0 0 0 0 3 0 0 0 0 0 0 3 0 0 6 0 0 0 2 0 3 0 0 0 0 0 0 0 0 6 3 0 3 0 0 0 0 0 10 0 31 11 0 0 12 0 11 9 20 16 12 22 21 0 18 19 1 19 0 0 0 0 0 0 0 1 11 0 0 2 1 0 0 5 0 0 21 0 0 0 0 0 0 0 0 2 0 0 0 18 0 0 0 0 0 0 0 0 0 0 0 0 0 0 0 0 0 0 0 0 0 0 0 0 0 0 0 32 42 0 19 10 0 29 0 19 10 0 17 23 0 0 28 3 6 12 0 0 0 0 0 2 0 0 14 0 0 0 0 0 23 0 0 0 0 0 3 0 0 0 0 0 15 0 0 0 0 0 0 2 0 0 0 0 0 0 0 0 0 0 0 2 0 0 0 0 0 0 0 0 8 0 0 0 0 0 0 0 0 1 2 0 0 2 89 2 0 47 2 18 0 0 0 0 0 0 0 0 2 0 2 0 0 0 0 0 0 0 0 0 0 0 0 20 0 20 0 0 0 0 0 0 0 0 0 0 0 0 
 140 359 191 62 263 221 78 126 143 173 411 110 43 182 179 303 0 219 48 47 0 2 0 0 0 3 37 5 0 3 0 3 2 88 3 3 0 0 74 73 0 0 0 0 3 0 3 66 0 3 0 0 0 3 2 0 3 0 0 0 3 0 3 0 0 0 0 0 0 0 0 0 4 0 39 1 3 0 0 0 0 1 19 1 16 0 2 0 1 20 19 24 0 6 10 0 3 23 0 18 0 10 0 0 0 0 0 27 17 0 0 0 8 15 8 0 0 0 10 0 0 0 0 0 0 0 0 0 0 0 0 0 0 0 0 0 0 1 1 0 0 0 0 0 0 16 0 13 0 1 0 0 0 0 0 0 0 0 0 0 45 19 1 0 0 24 13 20 0 8 0 6 0 19 20 0 4 3 0 30 28 1 0 0 0 0 27 20 0 0 0 0 0 15 11 20 0 0 30 21 26 0 0 0 0 0 0 0 0 0 0 0 0 0 0 0 0 12 0 0 0 2 0 0 0 0 0 0 0 0 0 0 0 0 0 0 0 0 0 0 0 1 0 0 0 3 1 0 89 0 0 9 0 0 0 0 0 0 0 0 0 0 0 0 0 0 0 0 0 0 0 0 0 0 0 0 0 0 0 0 0 0 0 0 0 0 0 0 0 0 
 74 114 200 425 80 49 43 177 183 247 40 81 29 229 156 35 219 0 76 53 3 2 0 0 4 2 75 4 206 0 4 0 0 0 3 6 211 0 0 0 0 0 1 4 0 0 3 0 6 7 0 0 0 3 6 5 3 0 0 0 2 6 9 0 0 0 0 6 5 4 0 4 2 4 4 0 0 0 0 2 0 15 15 11 20 27 1 10 35 12 46 0 6 21 10 13 3 3 0 12 0 0 0 0 0 0 0 1 3 0 0 0 2 1 0 0 0 0 0 21 0 0 0 0 2 0 0 0 0 0 0 0 0 0 3 0 0 0 0 0 0 0 0 0 11 17 1 0 0 0 0 1 0 0 0 0 0 0 0 0 17 13 14 0 17 31 15 85 20 0 0 1 0 18 11 0 14 45 0 36 0 0 0 0 0 0 55 1 0 0 0 0 23 10 0 6 0 0 6 1 0 0 1 0 0 0 0 0 0 37 1 0 0 0 0 0 0 0 1 0 0 0 0 0 0 0 0 0 0 0 0 0 0 0 0 0 8 0 0 0 0 0 0 0 0 4 2 0 1 3 3 9 0 0 0 0 0 0 0 0 0 0 0 0 0 0 0 0 0 0 0 0 0 0 0 0 6 0 0 0 0 0 0 0 0 0 0 0 0 0 
 355 102 204 189 65 50 324 169 380 156 109 43 318 278 309 48 48 76 0 329 6 2 0 0 0 0 5 11 1 0 0 0 3 3 6 7 0 3 0 1 0 6 0 0 2 1 9 12 0 0 0 0 0 74 0 0 6 0 0 3 2 0 7 1 4 0 2 0 7 2 2 4 3 2 3 51 5 7 0 0 4 15 33 12 11 0 34 10 15 7 34 1 23 7 19 0 0 1 26 0 0 0 0 0 0 0 0 0 0 0 0 0 0 0 0 0 10 0 0 0 0 0 6 0 2 0 12 0 0 0 0 0 0 0 0 0 2 0 0 0 0 0 9 0 0 0 0 0 0 0 0 0 0 0 0 2 0 0 0 17 14 33 0 12 0 0 32 58 0 10 0 18 14 65 78 10 0 0 0 17 0 0 0 0 0 0 0 0 7 0 0 0 0 0 0 0 0 0 4 0 0 2 0 0 0 0 0 0 0 0 0 0 0 0 0 0 0 0 0 0 0 0 0 0 0 0 0 0 0 0 0 1 0 0 0 0 0 0 0 0 0 0 0 0 0 1 90 1 0 0 1 35 0 0 0 0 0 0 0 0 0 0 0 0 0 0 0 0 0 0 0 0 0 0 0 0 0 0 0 0 0 0 0 0 0 0 0 0 0 0 
 241 140 120 126 85 61 412 109 154 195 69 45 137 192 349 69 47 53 329 0 0 2 0 0 0 1 0 3 0 0 0 0 0 0 3 3 0 0 0 1 0 0 0 0 0 1 55 0 0 0 0 0 0 3 0 0 3 0 0 0 2 0 3 0 0 0 0 0 0 0 0 0 18 0 3 0 0 0 0 0 24 1 39 10 1 0 8 14 3 51 20 16 0 25 0 40 9 47 0 0 0 0 0 0 0 0 13 0 1 0 0 0 1 0 0 0 0 0 0 0 0 0 0 0 0 0 0 0 0 0 0 0 0 0 0 0 0 1 0 0 0 26 0 0 0 0 0 0 0 0 0 20 0 0 0 0 0 0 0 0 36 0 20 0 0 0 0 28 0 1 4 0 8 13 14 1 0 0 12 1 0 1 0 0 0 0 0 0 0 0 0 0 0 0 0 0 0 0 0 0 0 0 0 0 0 0 0 0 0 0 0 0 0 0 0 0 0 0 0 0 0 0 0 0 0 0 0 0 0 0 0 0 0 0 0 0 25 0 0 0 0 9 0 0 0 2 2 0 0 92 3 5 0 2 0 0 0 0 0 0 0 0 1 0 0 0 0 0 0 0 0 0 0 20 0 0 11 0 0 0 0 0 0 0 0 0 0 0 0 0 
 0 0 0 0 0 1 0 0 0 0 0 0 0 0 0 5 0 3 6 0 0 209 247 219 52 68 225 112 189 196 29 322 188 138 111 26 17 117 119 121 0 3 2 2 0 0 0 0 0 4 2 0 2 0 0 1 0 2 2 0 0 2 0 0 0 0 2 0 0 5 3 3 0 0 0 0 3 0 0 0 0 0 0 0 0 23 0 0 2 1 0 0 0 0 9 0 0 0 1 0 1 35 48 29 19 0 10 1 0 26 0 22 12 16 26 12 0 37 0 0 0 0 0 0 0 0 1 0 0 0 0 0 12 0 0 2 0 0 0 0 0 0 0 0 0 0 0 7 2 1 0 0 0 0 0 0 0 0 0 0 0 0 1 0 10 14 0 0 0 0 12 0 0 0 0 0 1 3 0 0 26 11 12 12 2 0 0 32 16 17 0 12 0 0 15 18 26 44 0 0 0 0 0 0 0 0 12 0 0 0 0 0 0 1 0 0 0 0 0 0 0 3 0 0 0 0 0 0 0 0 1 0 0 0 0 0 0 0 0 0 0 0 0 0 0 0 0 0 0 0 0 0 1 0 18 0 0 0 143 1 3 1 0 0 0 0 0 0 0 0 0 0 0 0 0 0 0 0 0 0 0 18 0 0 0 0 0 0 0 0 
 2 2 2 2 2 4 4 2 2 2 5 2 2 4 2 2 2 2 2 2 209 0 169 83 54 107 81 178 222 139 179 39 390 107 57 131 48 123 162 99 0 3 2 2 0 0 3 0 0 2 2 0 64 0 0 0 0 0 2 5 0 2 42 0 0 0 2 0 3 0 0 3 0 0 0 0 3 29 0 0 0 0 0 0 0 8 0 0 0 0 0 0 0 0 0 0 0 0 0 0 7 14 36 14 0 9 10 11 26 8 0 26 9 0 21 15 50 12 0 14 22 26 0 0 0 0 9 0 0 0 0 0 21 0 15 1 0 0 29 0 0 0 0 0 0 2 0 0 0 0 0 0 0 0 0 0 0 0 0 0 0 0 0 0 29 0 1 0 0 0 19 0 1 4 0 0 0 0 0 0 7 8 29 7 6 0 16 7 17 14 10 19 10 0 0 31 11 9 0 0 23 0 0 0 0 0 8 12 0 0 0 0 0 0 0 1 0 0 7 0 0 0 2 0 0 0 0 0 16 0 0 0 0 0 0 0 0 0 0 2 0 0 0 0 0 0 0 0 0 0 0 0 0 0 7 0 4 15 0 0 10 0 0 0 0 0 0 0 0 0 0 0 0 0 0 0 0 0 0 0 0 11 0 0 0 0 0 0 0 0 
 0 2 0 2 0 80 0 0 0 0 8 78 0 0 1 0 0 0 0 0 247 169 0 130 43 28 98 162 74 77 35 256 347 482 135 37 38 49 134 195 0 3 2 2 0 0 0 0 0 2 5 0 2 71 2 0 0 0 2 0 0 2 0 0 0 0 3 0 0 59 0 2 0 0 0 0 2 0 0 0 0 0 0 0 0 37 0 0 0 1 0 0 0 0 0 0 0 0 0 0 23 38 2 12 9 7 7 23 8 31 12 7 6 7 17 14 9 13 12 81 12 0 0 0 0 0 11 0 16 21 0 1 0 14 0 0 0 11 0 0 0 0 0 0 0 0 0 0 0 2 0 0 0 0 0 0 0 0 0 1 0 9 0 0 0 0 0 0 0 1 0 0 0 12 0 0 0 0 1 0 51 28 0 29 21 0 0 12 38 39 24 12 58 0 1 0 12 22 0 15 17 7 0 1 1 0 0 0 0 0 0 0 0 0 0 0 0 7 14 0 0 0 0 1 0 0 0 0 0 0 0 0 0 1 0 0 0 0 0 0 0 0 0 0 0 0 0 0 0 0 0 0 0 0 8 2 0 1 15 0 2 0 0 0 0 0 0 0 0 0 0 0 0 0 0 0 0 0 0 20 0 13 0 0 0 1 12 0 0 0 
 0 0 0 0 0 0 0 0 0 0 0 0 4 0 0 0 0 0 0 0 219 83 130 0 109 112 97 125 155 264 119 239 135 89 63 71 32 122 107 136 31 3 2 2 0 0 64 0 0 2 4 0 70 61 0 0 0 0 64 0 0 2 0 0 0 0 2 0 0 3 0 3 0 0 0 0 6 25 0 0 0 0 0 0 0 0 0 1 0 0 0 0 0 0 0 0 0 0 0 0 7 27 2 2 19 0 1 10 0 17 3 1 0 9 26 0 0 45 0 0 33 0 0 0 0 0 7 2 9 11 0 0 35 0 14 0 0 0 11 0 0 0 0 0 0 0 0 0 0 0 0 1 0 0 0 0 0 0 0 0 0 7 0 0 0 0 0 0 0 0 2 0 0 0 0 0 0 0 0 0 26 11 0 0 42 15 0 23 10 71 31 52 0 0 0 11 34 12 0 0 0 46 0 0 0 0 37 20 37 7 0 0 0 0 0 18 1 10 19 19 1 0 0 0 0 0 0 0 0 0 0 0 0 0 0 0 1 0 0 0 0 0 0 0 0 0 0 0 0 1 0 0 1 0 19 0 2 0 3 0 0 0 0 0 0 0 0 0 0 0 0 0 0 0 0 0 0 0 0 19 0 20 0 0 0 23 10 5 0 0 
 0 2 5 0 0 0 0 0 0 208 0 2 0 0 0 0 0 4 0 0 52 54 43 109 0 82 45 304 189 153 140 134 101 88 61 90 162 130 295 302 112 67 2 2 1 0 2 0 0 2 5 0 63 63 19 0 0 4 20 54 0 2 0 0 6 0 3 0 0 0 0 4 0 0 0 0 2 4 0 0 0 0 0 0 0 0 0 0 0 0 0 0 0 0 0 0 0 0 0 0 0 12 8 29 0 8 0 0 1 0 1 1 0 37 0 15 9 0 0 0 37 23 10 8 0 0 1 1 25 8 18 0 11 23 9 0 1 10 14 31 0 0 0 0 0 0 0 25 0 0 0 0 0 1 1 0 0 0 0 0 0 0 0 0 1 0 0 0 0 0 0 0 0 0 0 0 0 5 0 0 0 0 7 9 0 23 0 1 0 0 12 30 0 0 13 11 0 0 0 0 13 9 8 0 0 0 12 11 11 13 0 0 10 1 20 22 11 18 26 11 0 0 0 0 0 2 2 0 0 0 0 0 0 0 0 0 0 0 0 0 0 0 23 0 0 0 0 0 0 0 0 0 0 0 16 2 4 35 48 3 2 3 0 0 0 0 1 0 0 0 0 0 63 0 0 0 0 0 0 0 0 0 0 0 0 0 0 0 0 0 
 2 2 4 0 0 0 0 5 0 2 0 3 0 2 0 0 3 2 0 1 68 107 28 112 82 0 34 34 71 403 80 144 44 257 32 107 126 64 29 98 2 93 2 2 2 0 2 0 23 2 3 0 2 65 0 0 36 1 2 1 0 2 0 0 0 0 3 5 0 0 0 3 0 0 0 0 2 1 0 0 0 0 0 0 0 2 0 0 0 0 0 0 0 0 0 0 0 0 0 0 1 17 27 18 27 14 18 0 15 12 0 10 1 0 0 0 58 0 0 0 1 0 27 22 0 0 0 12 13 7 0 13 12 0 18 0 0 37 11 9 0 0 0 0 0 0 0 0 0 0 0 0 0 3 0 0 4 0 0 0 0 11 0 0 0 0 0 0 0 0 0 0 0 0 0 0 0 0 0 0 0 10 4 45 4 8 0 14 25 13 0 4 0 29 11 19 0 19 0 0 9 0 0 0 0 0 0 12 12 10 12 49 0 24 21 9 0 0 8 0 0 0 0 0 0 0 0 0 0 0 0 0 0 0 0 0 0 0 0 0 0 0 0 0 0 0 0 0 0 1 0 0 0 0 14 0 0 74 0 0 80 1 0 0 0 0 2 0 0 0 0 0 5 0 0 0 0 0 0 0 0 0 0 0 0 0 0 0 0 0 
 0 0 0 0 87 79 0 0 75 0 78 2 0 0 0 0 37 75 5 0 225 81 98 97 45 34 0 259 175 53 46 480 302 52 116 296 187 101 155 291 0 3 2 2 3 5 0 0 0 4 11 2 4 0 0 0 0 1 2 0 0 2 0 0 0 54 3 0 0 6 10 3 0 0 0 3 2 0 0 0 0 0 0 0 22 9 0 0 0 1 0 2 0 0 0 0 0 0 0 0 11 0 0 11 0 0 0 11 7 11 0 9 39 30 45 30 10 15 28 20 0 18 0 0 0 0 0 0 0 0 1 15 0 0 0 0 0 0 0 0 0 0 0 0 2 24 0 0 0 0 0 0 0 0 0 0 0 0 0 0 0 0 0 1 0 0 2 0 0 0 0 0 0 0 0 0 0 0 0 5 25 15 0 0 13 0 27 34 0 19 13 0 10 19 8 18 8 24 24 0 0 0 0 0 0 0 0 0 0 0 0 0 0 0 2 0 0 0 0 0 0 0 0 0 0 0 0 1 2 1 0 0 0 0 0 0 0 0 0 0 0 0 0 0 0 0 0 0 24 0 0 0 1 0 9 0 0 0 43 0 0 0 0 0 0 0 0 0 0 0 0 0 0 0 0 1 0 0 0 0 0 27 0 0 0 0 0 0 0 0 
 2 3 3 2 78 7 2 3 4 3 76 3 66 2 2 2 5 4 11 3 112 178 162 125 304 34 259 0 249 344 34 40 203 335 245 71 18 43 73 170 0 3 2 2 0 0 0 0 0 2 2 0 2 0 0 0 0 0 2 0 0 2 0 0 0 0 2 0 0 0 4 3 0 0 0 0 3 40 0 0 0 0 0 0 42 21 0 0 2 3 0 0 0 0 0 0 0 0 0 0 20 39 16 23 0 0 16 0 15 7 1 0 0 16 0 56 0 21 0 0 0 0 0 0 0 0 1 0 0 0 0 0 0 0 0 0 0 0 0 0 0 0 2 1 1 0 0 3 2 7 0 1 0 0 0 0 0 0 0 0 0 1 1 0 7 24 0 0 0 0 10 0 11 0 0 0 2 5 0 0 17 10 23 33 0 1 0 0 24 0 8 0 0 0 28 22 12 21 11 0 0 0 0 0 0 0 0 0 0 0 0 0 0 1 0 0 0 0 0 0 0 0 0 1 2 0 0 0 0 0 3 0 0 0 0 0 0 0 0 0 0 0 0 0 0 0 1 0 0 0 0 0 9 0 15 0 0 0 40 0 6 2 0 0 0 0 0 0 0 0 2 0 0 0 0 12 0 0 0 0 0 10 0 0 0 0 0 0 0 1 
 0 0 0 0 0 3 0 0 0 0 0 0 0 0 0 0 0 206 1 0 189 222 74 155 189 71 175 249 0 204 116 110 254 192 254 209 98 47 86 244 0 3 2 2 0 0 0 0 0 2 2 0 64 0 0 0 0 0 2 0 0 2 0 0 0 0 2 0 0 4 27 3 0 0 0 0 3 0 0 0 0 0 0 0 0 44 0 0 0 0 0 0 0 2 0 0 0 0 0 0 10 8 29 37 31 24 9 11 32 6 0 14 9 46 9 10 32 9 0 12 7 0 0 0 0 0 0 9 0 0 0 0 20 0 0 12 0 0 11 1 0 0 0 9 0 35 0 0 0 0 0 0 0 0 35 0 1 0 0 0 0 0 0 0 8 0 0 0 0 0 10 0 0 0 0 0 0 10 0 0 16 1 12 13 18 11 7 35 12 0 0 17 13 0 13 0 14 15 10 0 0 2 0 0 0 0 0 0 0 0 0 0 9 0 0 0 0 0 1 9 0 0 0 0 0 0 0 0 0 0 0 0 0 0 0 0 0 1 0 0 0 0 0 0 0 0 0 0 0 0 0 0 18 0 5 2 2 1 77 0 1 2 0 0 0 0 0 0 0 0 0 0 0 0 0 0 0 0 0 0 0 10 0 0 0 0 0 0 0 0 
 0 0 0 0 9 0 0 0 0 0 0 3 7 0 0 0 3 0 0 0 196 139 77 264 153 403 53 344 204 0 168 122 130 436 89 169 114 118 175 155 0 2 2 2 0 0 0 0 0 1 3 0 3 52 0 0 0 0 1 0 0 2 49 0 0 0 2 0 0 5 0 3 0 0 0 0 3 0 0 0 0 0 0 0 0 0 0 0 0 0 0 0 0 0 0 0 0 0 0 0 23 53 29 53 26 8 6 10 42 18 11 5 0 0 27 18 30 37 0 0 0 0 0 0 0 0 0 13 0 0 0 0 23 0 7 0 0 0 10 0 0 0 0 0 3 0 0 2 0 0 0 0 0 0 1 0 34 0 0 0 0 0 0 0 0 0 0 0 0 0 0 1 0 0 2 1 0 0 0 0 32 2 0 0 49 0 0 24 10 27 32 5 0 0 12 36 11 1 0 0 0 0 0 0 0 0 9 0 0 2 0 0 0 0 0 0 0 0 0 0 0 0 0 0 0 2 0 0 0 0 0 0 0 0 0 0 0 0 0 0 0 0 0 0 0 1 0 0 0 0 0 1 0 0 12 0 0 2 77 2 19 33 0 0 0 0 0 0 0 0 0 0 0 0 0 0 0 0 0 12 0 0 0 0 0 10 28 0 0 0 
 0 0 0 0 0 0 0 0 0 0 0 3 0 4 2 1 0 4 0 0 29 179 35 119 140 80 46 34 116 168 0 212 39 127 50 101 137 52 49 57 63 2 2 2 0 0 32 0 0 1 72 0 142 124 9 0 4 0 5 0 0 2 0 0 0 26 2 0 0 0 0 3 0 0 0 0 3 2 0 0 0 0 0 0 0 1 0 0 0 2 0 0 0 0 0 2 0 0 0 0 4 38 9 0 36 19 0 13 59 0 11 12 0 1 0 19 36 0 1 0 26 0 10 0 0 0 0 10 10 12 1 0 15 0 14 19 0 0 15 1 0 0 0 0 0 0 0 0 0 0 0 0 1 1 0 0 0 0 1 0 0 0 0 0 0 0 0 0 0 0 0 0 0 3 0 0 0 0 0 0 5 0 12 1 13 44 0 14 0 15 0 41 0 0 0 0 0 0 0 0 0 33 0 0 0 0 17 29 23 22 0 0 13 0 4 15 1 13 37 42 0 0 0 0 0 0 0 0 0 0 0 0 0 2 0 0 0 0 0 0 0 0 0 0 0 0 0 0 0 0 0 0 0 0 13 2 0 1 3 0 4 0 0 0 0 0 22 0 0 0 0 0 0 0 0 0 0 0 0 0 0 0 0 0 0 0 0 0 0 0 
 0 2 3 0 0 0 2 0 0 0 0 3 2 2 1 3 3 0 0 0 322 39 256 239 134 144 480 40 110 122 212 0 97 36 34 131 122 93 51 51 65 77 2 2 0 0 83 66 0 2 4 0 185 0 0 0 0 0 72 0 0 2 0 0 0 0 2 0 7 50 0 29 0 0 0 0 3 0 53 0 0 0 0 0 0 0 0 0 0 0 0 0 0 0 0 0 0 0 0 0 0 11 18 13 39 0 0 0 1 1 0 9 0 9 1 16 31 1 0 0 31 7 0 0 0 0 16 30 0 20 0 0 11 0 38 12 9 17 50 9 0 0 2 0 0 0 0 0 0 0 0 0 0 0 0 0 0 8 3 0 0 2 4 0 0 0 0 0 0 0 0 0 0 0 0 2 5 0 0 0 17 7 20 0 39 15 0 8 0 1 0 7 0 1 0 0 12 10 0 0 9 8 4 0 0 0 19 25 19 27 1 0 26 0 0 22 0 0 13 20 0 0 0 0 0 0 0 0 0 0 0 0 21 0 0 0 0 0 0 0 0 0 0 0 0 0 0 0 0 0 0 0 0 0 12 2 2 1 4 2 0 0 0 0 0 0 0 0 0 0 0 0 0 28 0 0 0 0 0 0 0 14 0 0 0 0 0 0 0 0 
 0 0 0 0 76 79 0 0 0 0 103 63 0 0 2 0 2 0 3 0 188 390 347 135 101 44 302 203 254 130 39 97 0 98 214 109 28 28 449 158 0 3 2 2 0 0 0 0 0 2 2 0 2 0 0 9 0 0 2 4 0 2 0 2 0 0 3 0 46 6 5 3 0 0 1 0 2 0 0 0 0 0 0 20 10 25 0 0 0 0 0 19 0 0 0 0 0 0 0 0 49 47 20 0 12 0 30 19 1 8 1 0 14 8 7 16 29 8 13 16 0 0 0 0 0 0 0 0 0 0 0 0 0 0 0 0 0 0 0 0 0 0 0 0 0 2 0 0 16 0 2 0 0 0 0 0 0 0 3 0 23 0 0 0 56 0 2 0 0 0 16 11 0 2 0 0 4 0 0 0 31 20 9 25 1 0 15 17 29 17 8 0 25 18 51 0 29 20 17 20 12 0 0 0 17 0 0 0 0 0 0 15 0 0 0 0 0 0 0 0 0 0 0 0 0 0 0 0 0 0 0 0 0 0 0 0 0 0 0 0 0 0 0 0 0 0 26 0 0 0 0 0 2 0 13 0 2 0 0 0 0 0 0 0 0 0 0 0 0 0 0 0 0 0 0 0 0 0 0 0 0 11 0 0 0 0 0 0 0 0 
 0 0 78 0 4 151 0 0 0 74 104 55 0 0 0 24 88 0 3 0 138 107 482 89 88 257 52 335 192 436 127 36 98 0 338 125 116 116 282 124 0 3 2 2 0 0 0 0 0 2 2 0 2 0 0 12 0 1 60 0 0 2 0 0 0 0 3 0 0 0 3 3 0 0 0 0 2 0 0 0 0 0 0 15 10 0 0 0 0 21 0 17 0 0 0 0 0 0 0 0 24 16 42 6 0 0 11 28 1 1 0 21 10 7 23 13 1 72 27 15 0 0 1 0 0 0 0 1 0 0 0 0 18 0 0 6 0 0 0 0 0 0 0 0 0 0 0 4 0 4 0 0 0 4 0 0 0 0 0 0 0 0 0 0 37 29 0 0 0 13 13 11 0 0 0 0 43 13 0 0 27 11 4 0 0 0 12 0 1 0 0 2 19 10 23 25 28 0 0 21 10 0 0 0 0 0 21 0 0 0 0 0 0 0 0 0 0 0 0 0 0 0 0 0 1 0 0 0 0 0 0 2 0 0 1 0 0 0 0 0 0 0 0 0 13 0 26 0 0 0 0 0 12 0 12 1 1 0 41 0 2 2 0 0 0 0 0 0 0 1 0 0 0 0 0 14 0 0 0 0 0 1 0 0 0 0 0 0 0 0 
 3 3 3 3 22 77 3 3 3 3 225 79 3 3 3 10 3 3 6 3 111 57 135 63 61 32 116 245 254 89 50 34 214 338 0 94 92 40 187 156 2 2 5 2 86 3 0 0 0 4 5 0 5 0 0 10 2 4 1 29 0 2 0 0 4 9 4 0 0 4 4 17 3 0 2 0 3 1 0 0 0 0 0 0 0 7 0 0 0 6 0 0 0 0 0 0 0 0 0 0 19 10 30 5 0 12 1 11 19 1 12 0 2 17 0 20 0 14 22 0 0 0 0 0 0 0 0 0 8 0 0 0 0 0 0 0 0 0 0 12 0 0 0 0 0 0 0 7 0 3 0 0 0 0 0 0 0 0 0 0 0 0 0 0 0 7 0 0 0 0 2 13 0 0 0 0 11 6 0 0 14 0 10 0 0 12 0 0 0 0 0 0 11 12 15 15 23 23 11 26 0 0 0 0 0 0 0 0 0 0 0 0 0 0 0 0 0 0 0 0 0 0 0 0 0 0 0 0 0 0 0 0 0 0 0 0 0 0 0 0 0 0 0 0 0 0 77 0 1 0 0 0 9 0 3 0 0 0 2 2 2 0 0 0 0 0 0 0 0 0 0 0 0 14 0 12 0 0 0 0 0 0 0 0 0 0 0 0 0 0 
 3 5 5 3 3 4 3 3 3 5 79 78 5 4 4 216 3 6 7 3 26 131 37 71 90 107 296 71 209 169 101 131 109 125 94 0 330 253 54 69 2 3 2 2 3 1 2 3 0 2 3 9 102 63 0 6 6 2 67 4 0 2 3 6 0 0 2 2 5 0 0 10 0 52 0 0 3 0 0 0 0 0 0 0 9 0 0 0 0 1 0 14 0 0 0 1 0 0 0 0 19 0 2 16 13 25 7 10 1 2 18 37 6 22 10 52 25 9 10 10 27 9 0 0 0 0 10 10 0 0 0 0 11 0 9 15 2 0 21 9 0 0 0 0 4 4 0 0 0 0 0 0 2 2 0 0 0 1 0 0 0 5 0 0 0 0 0 0 0 0 0 14 0 0 0 0 10 0 1 0 3 0 58 0 31 0 38 17 0 28 28 16 20 0 0 0 34 18 0 35 14 0 0 0 0 0 19 13 0 4 0 0 15 5 1 0 0 1 13 39 0 0 0 0 0 0 0 0 0 0 0 0 0 0 0 0 0 0 0 0 0 0 0 0 0 1 78 0 0 0 0 0 1 0 6 2 0 76 0 1 0 0 0 0 0 0 11 1 0 0 0 0 0 0 0 0 0 0 0 0 0 0 0 0 0 0 0 0 0 0 
 0 0 1 0 0 0 0 0 0 3 74 5 2 0 0 3 0 211 0 0 17 48 38 32 162 126 187 18 98 114 137 122 28 116 92 330 0 167 26 19 67 2 4 2 0 0 0 0 63 6 2 0 5 1 0 0 5 10 1 67 0 29 0 0 0 0 3 0 0 0 0 6 28 0 0 2 3 0 0 3 0 0 0 0 0 0 0 0 0 0 0 0 0 0 0 0 0 0 0 0 18 0 0 12 1 39 19 0 0 19 10 15 10 16 9 14 16 0 0 12 17 7 2 12 0 0 0 16 0 0 0 0 12 20 0 1 0 0 9 12 0 0 1 0 3 1 0 0 0 0 17 0 0 0 0 0 0 0 0 0 0 0 0 0 0 0 1 0 0 0 0 0 0 0 0 0 0 2 0 0 8 10 17 34 63 9 0 6 9 13 41 1 0 47 11 18 0 38 0 0 0 0 0 0 0 0 12 0 0 0 0 0 17 0 1 0 19 0 9 9 0 0 0 0 1 0 0 0 0 0 0 1 0 0 0 0 0 0 0 0 0 0 14 0 0 0 0 0 0 0 0 0 0 0 8 0 1 71 0 0 3 0 0 0 0 0 0 0 0 0 0 0 0 0 0 0 0 0 0 0 0 0 0 0 0 0 10 0 0 0 
 0 0 0 0 0 0 2 0 0 0 0 0 0 0 0 0 0 0 3 0 117 123 49 122 130 64 101 43 47 118 52 93 28 116 40 253 167 0 40 28 62 7 2 2 2 4 0 0 0 5 2 2 151 1 0 0 6 6 21 0 0 2 0 3 0 4 7 0 8 0 3 7 4 0 6 2 4 1 0 0 0 0 0 0 0 2 0 0 0 0 0 0 13 0 0 0 9 0 0 0 18 0 39 32 21 0 1 0 0 12 1 80 9 14 2 28 61 11 0 13 48 11 0 0 0 0 25 2 0 0 0 0 14 13 12 16 10 0 9 0 0 0 0 0 7 0 0 0 0 0 0 0 0 0 0 0 1 0 0 0 0 5 0 1 1 0 9 0 0 0 1 0 0 0 0 0 0 0 0 0 0 10 32 14 29 0 0 0 0 20 12 20 0 1 0 8 26 1 0 0 8 1 10 0 0 0 14 10 0 11 0 2 26 1 0 1 9 0 8 33 0 0 0 0 0 0 0 1 0 0 0 0 0 0 0 0 0 0 0 0 0 0 13 0 0 0 0 0 0 0 0 0 0 0 15 0 3 7 0 1 4 0 0 0 0 0 0 0 0 0 0 0 0 0 1 0 0 0 0 0 0 1 0 0 0 0 0 0 0 0 
 0 1 74 0 95 0 0 0 0 75 98 76 0 0 2 2 74 0 0 0 119 162 134 107 295 29 155 73 86 175 49 51 449 282 187 54 26 40 0 553 0 3 2 2 0 0 0 0 0 2 2 1 2 4 0 9 0 64 2 6 0 2 0 0 0 2 2 6 0 5 0 3 0 0 0 0 3 0 0 54 0 0 0 0 25 0 0 1 0 0 0 14 0 0 0 0 0 32 0 0 49 62 5 0 19 0 25 54 21 0 1 11 0 0 20 53 0 0 19 0 0 0 0 0 0 0 0 0 0 0 0 0 0 0 0 0 0 0 0 0 0 0 0 0 0 0 0 0 0 1 0 1 0 0 0 0 0 0 0 0 0 0 0 0 0 0 0 0 9 0 2 14 0 6 0 0 25 31 0 0 62 9 0 16 24 0 0 10 21 0 28 0 10 15 31 0 11 10 0 84 1 0 0 0 0 0 0 0 0 0 0 0 0 0 0 0 0 0 0 0 1 0 0 0 0 0 0 0 7 0 0 0 0 0 0 0 1 0 0 3 0 0 0 0 0 0 87 0 0 0 0 0 0 0 5 0 0 0 1 0 4 1 0 2 0 0 0 0 0 0 0 0 0 0 0 0 0 1 0 0 0 0 0 0 0 0 15 0 0 0 
 0 0 2 0 0 138 2 0 6 0 182 6 0 0 0 0 73 0 1 1 121 99 195 136 302 98 291 170 244 155 57 51 158 124 156 69 19 28 553 0 0 2 2 2 0 0 0 0 0 1 8 0 3 5 0 0 0 0 1 100 0 2 0 0 0 0 2 0 0 7 8 3 0 0 0 0 4 0 0 0 0 0 0 0 0 36 0 0 0 0 0 14 0 0 0 0 0 0 0 0 15 18 18 20 0 0 16 0 4 17 11 12 19 0 53 12 8 40 0 10 0 0 0 0 0 0 0 0 0 0 0 0 0 0 0 0 0 0 0 0 0 0 0 0 1 29 0 4 0 0 0 0 0 0 0 0 0 0 0 0 0 0 0 0 5 0 8 0 0 0 1 0 0 0 0 0 0 0 0 1 14 10 31 38 0 0 20 17 20 27 12 0 17 12 0 35 19 12 17 16 0 0 0 0 0 0 0 0 0 0 0 0 0 0 0 0 0 0 0 0 0 0 0 0 0 0 0 0 1 2 0 0 0 0 0 0 0 0 0 0 0 0 0 0 0 0 1 0 0 0 0 0 11 0 5 2 0 0 73 0 2 3 0 0 0 0 0 0 0 0 0 0 0 0 0 14 0 0 0 19 0 2 0 0 0 20 0 0 0 0 
 0 0 1 0 0 0 0 0 0 0 0 0 0 0 0 1 0 0 0 0 0 0 0 31 112 2 0 0 0 0 63 65 0 0 2 2 67 62 0 0 0 136 98 67 100 36 190 39 33 45 98 132 71 245 110 43 34 133 242 34 0 0 0 0 3 0 0 0 0 0 0 0 0 0 0 0 0 0 6 4 0 0 0 0 0 0 0 0 0 6 0 0 0 0 0 0 0 0 0 0 0 0 0 0 8 7 0 0 0 0 11 0 0 0 0 0 10 7 0 0 25 8 14 23 0 0 3 0 14 0 0 5 0 9 7 0 3 0 22 20 2 0 0 0 0 0 22 0 0 0 2 0 3 3 38 0 0 0 4 0 0 6 0 0 0 8 0 0 0 0 0 0 0 0 0 0 0 0 0 0 0 0 0 0 28 5 0 0 0 0 14 25 0 0 0 1 19 0 0 0 10 7 13 6 13 0 16 0 0 3 0 14 10 0 18 12 0 11 4 14 0 0 0 0 0 0 0 0 0 0 0 0 0 0 0 0 0 0 0 0 0 0 1 0 0 0 0 0 0 0 0 10 0 2 0 0 0 21 0 2 0 0 0 0 0 0 0 0 0 0 0 0 0 0 0 0 0 0 0 0 0 0 3 0 14 0 0 0 1 0 
 0 0 0 0 0 0 0 1 0 0 0 0 0 0 0 0 0 0 6 0 3 3 3 3 67 93 3 3 3 2 2 77 3 3 2 3 2 7 3 2 136 0 174 74 252 51 66 168 67 253 26 35 551 107 120 265 121 94 434 314 0 0 0 0 5 0 0 0 0 0 0 0 0 2 0 0 0 11 0 0 0 0 0 0 0 0 0 16 0 0 0 0 0 0 0 19 0 0 0 0 0 0 0 0 2 0 0 0 0 0 0 8 0 0 0 0 0 0 0 0 6 8 22 25 0 0 0 54 15 10 10 33 63 5 31 0 26 43 4 16 0 0 0 0 0 0 0 0 0 0 0 0 0 0 0 0 0 15 6 0 0 0 0 0 0 0 0 0 0 0 0 0 1 0 0 0 0 0 0 0 0 0 0 0 0 10 0 0 0 0 0 6 0 0 0 0 0 0 0 0 0 32 33 4 0 0 11 20 38 45 18 17 42 24 1 19 15 12 10 7 0 0 7 0 0 0 0 0 0 0 0 0 0 0 0 0 0 0 0 0 0 0 4 0 0 0 0 0 0 0 0 9 0 1 0 0 0 0 0 0 0 0 2 0 1 0 1 0 0 0 0 0 0 0 0 0 0 0 0 0 0 0 0 0 0 0 0 0 1 0 
 0 0 0 0 0 0 0 0 0 0 0 0 0 0 0 0 0 1 0 0 2 2 2 2 2 2 2 2 2 2 2 2 2 2 5 2 4 2 2 2 98 174 0 341 133 93 133 519 187 270 177 181 56 261 202 405 74 171 105 132 11 5 0 2 3 0 72 0 0 0 0 6 0 70 0 0 0 4 0 0 0 0 0 0 0 0 0 0 0 0 0 0 0 0 0 0 0 0 0 0 0 0 0 0 0 0 0 0 0 0 0 0 0 0 0 0 0 0 0 0 0 14 0 5 3 23 0 19 26 0 9 15 25 15 0 10 13 10 0 0 0 0 21 0 0 6 34 0 9 0 13 0 16 0 3 0 0 0 3 1 11 0 0 0 9 5 0 0 0 0 0 0 0 0 0 0 0 0 0 0 0 0 0 0 0 0 0 0 0 0 0 0 0 0 0 0 0 0 0 0 14 18 22 30 17 3 0 50 21 9 5 42 0 0 0 0 20 28 0 0 0 0 0 0 0 11 4 0 0 0 0 1 22 41 0 0 16 4 1 21 0 0 18 0 0 0 0 0 0 0 0 15 0 0 0 0 0 0 0 14 0 0 1 0 1 3 27 0 0 0 4 0 0 0 0 5 0 0 0 0 0 0 0 0 35 13 0 6 0 0 
 0 0 0 0 0 0 0 0 0 0 0 1 0 0 0 0 0 4 0 0 2 2 2 2 2 2 2 2 2 2 2 2 2 2 2 2 2 2 2 2 67 74 341 0 154 47 81 104 134 448 207 186 53 136 55 46 178 124 124 75 0 0 0 0 0 0 10 0 0 0 0 0 50 0 0 0 0 0 16 54 0 0 0 0 0 0 0 0 0 0 0 0 0 0 0 0 15 0 0 0 0 0 0 0 0 0 0 0 0 0 0 0 0 0 0 0 0 0 0 0 0 0 0 49 23 14 14 0 0 33 13 0 0 0 0 0 17 1 0 10 8 0 4 0 0 0 6 0 13 0 0 0 10 0 11 30 0 0 21 9 0 0 6 0 0 0 0 0 0 0 0 0 7 0 4 0 0 0 0 0 0 0 0 0 0 0 0 0 0 6 0 0 0 0 0 0 0 0 0 0 0 16 0 0 20 0 0 0 0 0 10 2 0 14 0 7 0 0 0 0 33 0 34 0 0 0 15 0 18 0 0 0 0 14 32 0 0 0 8 27 0 0 0 0 0 0 0 0 0 0 0 19 0 0 0 0 0 0 0 10 0 0 1 35 0 0 0 0 0 2 9 0 0 0 0 0 0 0 0 0 0 0 0 0 8 16 0 0 0 0 
 0 0 0 0 0 0 0 0 0 0 0 4 0 0 0 0 3 0 2 0 0 0 0 0 1 2 3 0 0 0 0 0 0 0 86 3 0 2 0 0 100 252 133 154 0 109 71 286 96 91 127 213 67 78 364 128 68 62 42 74 211 72 0 1 0 0 5 50 0 0 0 7 123 0 0 0 17 0 1 51 0 0 0 0 0 0 0 0 0 0 0 0 0 0 0 0 0 0 0 0 0 0 0 0 0 0 0 1 0 0 0 0 0 0 0 0 0 0 0 0 0 1 0 0 0 0 0 0 0 10 23 0 0 0 0 11 0 0 0 0 14 8 0 15 0 2 11 13 20 0 12 0 1 10 23 7 3 0 0 31 0 0 5 0 2 8 0 0 0 0 0 0 0 0 0 0 0 0 0 0 0 0 0 0 0 0 0 0 0 0 0 0 0 0 0 0 0 0 0 0 0 0 9 11 45 0 0 11 0 0 1 0 0 0 0 0 7 0 0 0 24 1 0 0 1 0 59 36 20 0 12 0 38 2 45 72 37 6 46 1 0 0 0 0 0 0 0 0 0 0 0 10 0 0 0 0 0 0 0 2 0 1 5 2 0 6 0 0 0 0 0 0 0 0 0 9 0 0 0 0 0 0 0 0 1 0 0 0 0 0 
 0 0 0 0 0 0 0 0 0 0 1 1 0 0 0 0 0 0 1 1 0 0 0 0 0 0 5 0 0 0 0 0 0 0 3 1 0 4 0 0 36 51 93 47 109 0 118 102 63 91 94 51 32 57 115 178 260 102 48 52 74 6 1 0 3 212 0 62 0 5 54 0 51 52 2 61 62 0 32 70 0 0 0 0 0 0 0 0 0 0 0 0 0 0 0 0 0 0 0 0 0 0 0 0 0 0 0 0 11 0 0 0 0 0 0 0 0 0 0 0 0 1 5 0 0 16 14 7 0 11 13 17 0 0 0 23 0 4 0 2 35 0 0 0 0 0 26 6 0 0 0 0 61 0 0 20 16 0 26 0 0 0 0 0 0 0 0 0 0 0 0 0 0 0 6 0 7 0 27 0 0 0 0 0 0 0 0 0 0 0 0 0 0 0 0 0 0 0 0 0 0 1 61 19 2 1 3 0 8 0 0 0 0 5 0 0 35 24 0 0 14 0 0 10 0 0 0 0 0 4 0 0 53 17 7 0 0 10 0 14 0 0 0 0 0 0 0 0 0 0 0 0 0 0 0 0 0 0 0 0 0 0 4 5 63 6 0 11 1 0 0 0 0 0 0 0 0 0 0 0 0 0 0 0 18 0 0 13 0 0 
 2 3 3 3 4 3 3 3 3 3 3 3 3 3 3 3 3 3 9 55 0 3 0 64 2 2 0 0 0 0 32 83 0 0 0 2 0 0 0 0 190 66 133 81 71 118 0 159 103 51 54 42 178 489 103 254 38 100 291 138 0 0 1 2 1 0 0 0 0 2 3 0 0 0 0 0 2 1 0 0 0 0 0 0 0 0 0 0 0 0 0 0 0 0 0 0 0 0 0 0 0 0 0 1 9 12 0 0 0 0 13 0 0 0 0 0 0 0 0 0 10 8 11 0 0 7 10 17 1 6 2 0 9 0 61 53 9 18 17 12 13 0 0 0 0 0 6 7 0 0 0 0 13 0 0 0 10 8 14 0 0 2 0 0 0 0 0 0 0 0 0 0 0 0 0 0 0 0 0 0 0 0 0 0 20 25 0 0 0 25 0 21 0 0 0 0 10 0 0 0 0 10 34 8 0 0 1 17 27 30 1 0 6 0 3 51 24 36 28 7 0 0 0 0 0 0 0 0 0 0 0 0 0 1 0 0 0 0 0 26 0 0 0 0 0 0 0 0 0 0 0 15 0 0 0 0 0 0 0 0 0 0 0 0 68 0 16 0 2 0 0 0 0 0 0 0 0 0 0 0 0 0 0 0 22 0 0 13 0 0 
 0 55 0 0 3 0 0 0 0 3 0 0 0 0 0 0 66 0 12 0 0 0 0 0 0 0 0 0 0 0 0 66 0 0 0 3 0 0 0 0 39 168 519 104 286 102 159 0 159 157 115 49 227 395 115 168 54 109 314 239 0 0 4 1 1 0 0 2 0 11 0 0 0 8 51 5 0 20 5 0 0 0 0 0 0 0 0 0 0 0 0 0 0 0 0 0 0 0 0 0 0 0 0 0 0 0 0 0 0 0 0 0 0 0 2 0 0 0 0 0 0 23 0 0 6 26 0 35 24 0 18 16 25 16 20 1 16 10 0 3 1 0 0 6 0 0 10 0 0 0 0 0 8 18 0 0 1 10 15 0 13 0 0 10 6 0 0 0 0 0 5 0 0 0 0 0 0 0 0 0 0 0 0 0 18 0 0 0 0 0 0 0 0 0 0 0 0 23 0 0 14 4 28 10 0 6 0 15 44 21 11 12 3 0 19 0 29 40 0 0 0 0 0 3 1 0 0 0 1 1 2 0 12 0 0 0 0 0 0 14 0 0 10 0 0 0 0 0 0 0 0 13 0 0 0 0 0 0 0 13 0 0 0 0 2 18 2 0 0 0 0 0 0 0 0 0 0 0 0 0 0 0 0 0 15 0 0 14 0 0 
 0 6 0 0 0 0 0 0 0 0 63 0 0 0 0 0 0 6 0 0 0 0 0 0 0 23 0 0 0 0 0 0 0 0 0 0 63 0 0 0 33 67 187 134 96 63 103 159 0 128 26 240 97 164 134 137 96 99 68 91 0 2 0 0 0 0 5 3 5 0 0 0 5 0 0 3 2 0 0 0 0 0 0 0 0 0 0 0 0 0 0 0 0 0 0 0 0 0 0 0 0 0 0 0 0 0 0 0 0 0 0 0 0 0 0 0 0 0 0 0 0 0 13 21 4 26 0 13 0 0 13 17 0 0 9 7 13 10 0 0 26 0 0 0 0 1 21 6 10 24 14 0 21 0 10 5 21 0 9 0 0 0 0 0 0 0 0 0 0 0 0 0 0 0 0 0 0 0 0 0 0 1 0 0 0 0 0 0 0 0 0 0 0 0 0 0 0 0 0 0 0 2 23 15 0 12 0 0 21 0 18 10 0 14 1 7 25 26 0 0 0 4 0 0 0 0 20 0 0 0 0 0 15 0 29 0 0 0 5 36 0 0 0 0 0 0 0 0 0 0 0 17 0 0 0 0 0 0 0 1 0 0 64 0 63 0 0 3 0 0 5 0 0 0 0 0 0 0 0 0 0 0 0 0 23 13 0 20 0 0 
 0 0 0 0 0 0 0 0 0 2 0 24 0 0 0 0 3 7 0 0 4 2 2 2 2 2 4 2 2 1 1 2 2 2 4 2 6 5 2 1 45 253 270 448 91 91 51 157 128 0 195 29 347 67 631 148 105 111 82 210 0 0 0 0 3 3 4 0 0 0 0 2 3 0 2 0 0 0 0 19 0 0 0 0 0 0 0 0 0 0 0 0 0 0 0 0 0 0 0 0 0 0 0 0 18 0 0 0 0 0 0 0 0 0 0 0 0 0 0 0 0 26 9 0 15 12 26 8 25 23 8 15 9 11 1 21 1 19 0 5 13 0 0 0 0 0 0 1 0 0 0 0 14 0 0 10 0 2 19 0 5 7 0 0 11 0 0 0 0 10 0 0 0 0 0 0 0 0 0 0 0 0 0 0 0 1 0 0 0 0 0 0 0 0 0 0 0 0 0 0 13 17 29 8 1 8 7 1 6 1 11 3 0 5 10 0 23 45 0 0 10 0 9 0 0 0 0 0 0 0 0 0 19 8 1 0 0 0 9 25 0 0 0 0 0 0 0 0 0 0 0 2 0 0 0 0 0 0 0 23 0 0 2 0 4 11 0 0 0 0 0 0 0 0 0 0 0 0 0 0 0 0 0 0 19 17 0 9 0 0 
 0 0 3 0 0 68 0 0 0 0 0 1 0 0 0 0 0 0 0 0 2 2 5 4 5 3 11 2 2 3 72 4 2 2 5 3 2 2 2 8 98 26 177 207 127 94 54 115 26 195 0 261 39 43 125 162 107 73 47 82 0 0 0 0 54 0 24 55 0 0 0 0 0 45 0 0 0 0 50 77 0 0 0 0 0 0 0 0 0 0 0 0 0 0 0 0 0 0 0 0 0 0 0 3 0 0 0 0 0 2 0 0 7 11 5 39 1 4 0 7 0 8 0 6 19 6 0 0 16 18 20 1 0 11 0 7 0 0 0 0 1 0 0 0 0 0 0 0 0 0 0 0 0 12 7 13 1 0 21 0 6 0 0 0 4 2 0 0 0 0 0 0 0 0 0 0 0 0 0 0 0 3 0 0 0 0 0 0 0 2 0 0 0 0 0 0 0 3 0 4 11 0 0 13 31 20 0 40 0 0 1 0 0 0 0 0 11 0 0 0 20 0 2 0 0 0 19 0 6 0 0 0 0 18 38 0 0 0 0 19 0 0 0 0 0 0 0 0 0 0 0 8 0 2 0 0 0 0 4 10 0 0 1 0 1 1 2 0 0 0 1 0 0 0 0 0 0 0 0 0 0 14 0 0 19 9 0 0 0 0 
 1 0 3 0 0 1 0 0 0 0 0 4 0 0 0 0 0 0 0 0 0 0 0 0 0 0 2 0 0 0 0 0 0 0 0 9 0 2 1 0 132 35 181 186 213 51 42 49 240 29 261 0 22 40 94 189 64 246 40 254 0 0 0 0 0 0 58 0 0 0 0 0 0 50 0 0 0 0 120 6 0 0 0 0 0 0 0 0 0 0 0 0 0 0 0 0 0 0 0 0 0 0 0 0 0 0 0 0 0 0 0 0 0 0 0 0 0 0 0 0 0 13 0 12 20 34 0 0 0 0 32 4 0 0 0 37 1 0 0 0 31 0 1 0 0 0 9 26 2 0 1 0 9 31 8 0 24 0 20 0 3 0 3 0 4 6 0 0 0 0 0 0 0 0 0 0 0 0 0 0 0 0 0 0 0 0 0 0 0 0 0 0 0 0 0 0 0 2 0 0 0 0 14 9 30 16 0 6 0 0 9 0 0 0 0 0 31 0 0 0 19 0 0 0 0 0 50 11 16 0 0 0 10 37 32 0 22 0 53 18 0 0 0 0 0 0 0 0 0 0 0 7 0 0 0 0 0 0 0 3 0 0 0 0 69 5 0 0 0 1 0 0 0 0 0 0 0 0 0 0 0 0 4 0 17 9 0 0 0 0 
 0 0 0 0 2 9 0 0 0 0 0 0 0 0 0 0 0 0 0 0 2 64 2 70 63 2 4 2 64 3 142 185 2 2 5 102 5 151 2 3 71 551 56 53 67 32 178 227 97 347 39 22 0 217 27 63 58 38 411 84 0 0 0 0 5 2 0 0 7 0 0 0 0 0 0 0 0 1 0 0 1 0 0 0 0 0 0 0 0 0 0 0 0 0 0 0 0 0 0 0 0 0 13 24 7 42 0 0 0 0 0 24 0 0 0 13 0 0 0 0 20 1 17 18 0 0 5 22 10 12 0 18 0 17 16 8 0 1 0 10 0 0 0 0 14 0 4 0 0 0 0 0 6 0 0 0 0 2 5 0 3 0 0 0 5 0 0 0 0 0 0 0 0 0 0 0 0 0 0 0 0 0 24 0 10 31 0 0 0 18 0 0 0 0 0 0 0 0 0 0 30 7 0 0 1 7 11 23 14 23 13 8 30 14 25 14 0 25 12 62 0 0 0 0 5 0 0 0 0 0 0 0 0 0 0 0 13 0 0 0 0 0 0 0 0 0 0 0 0 0 0 0 0 2 0 0 0 63 0 26 0 0 1 0 0 15 13 0 0 0 0 0 0 0 0 1 0 0 0 0 0 0 0 0 0 0 0 0 1 0 
 3 3 3 3 3 3 3 3 3 3 3 3 3 3 4 3 3 3 74 3 0 0 71 61 63 65 0 0 0 52 124 0 0 0 0 63 1 1 4 5 245 107 261 136 78 57 489 395 164 67 43 40 217 0 155 48 172 39 186 248 0 0 50 0 0 0 0 0 0 0 0 0 0 0 0 0 0 2 0 0 0 0 12 0 0 0 0 0 0 0 0 0 0 0 0 0 0 15 0 0 0 0 0 11 0 12 0 0 19 0 28 0 0 0 0 0 0 0 0 0 63 14 11 6 0 0 78 0 14 18 0 6 0 0 21 0 9 0 0 1 0 0 6 6 1 0 0 0 0 0 0 0 0 0 0 0 0 0 0 0 0 0 0 0 0 0 0 0 0 0 0 0 0 0 0 0 0 0 0 0 0 0 0 0 0 17 0 0 0 16 0 14 0 0 0 0 0 0 0 0 21 32 0 0 0 0 20 11 10 3 26 21 0 18 20 15 0 12 30 18 0 0 0 0 0 0 0 0 0 0 0 0 1 0 0 0 0 0 0 0 0 0 0 0 0 0 0 0 0 0 0 13 0 0 0 0 0 0 0 1 0 0 0 0 0 19 11 0 0 0 0 0 0 0 0 0 0 0 0 0 0 0 0 0 0 0 0 0 0 0 
 0 0 0 0 0 0 0 0 0 0 0 0 0 0 0 0 2 6 0 0 0 0 2 0 19 0 0 0 0 0 9 0 0 0 0 0 0 0 0 0 110 120 202 55 364 115 103 115 134 631 125 94 27 155 0 217 38 105 68 186 20 6 0 4 7 0 0 0 0 0 0 7 2 9 1 0 0 2 0 0 0 0 0 0 0 0 0 0 0 0 0 0 0 0 0 0 0 0 0 0 0 0 0 0 0 0 0 0 0 0 0 0 0 0 0 0 0 0 0 0 0 27 10 8 7 37 0 1 0 0 36 16 20 0 0 43 1 31 0 22 9 0 15 0 0 5 11 0 0 0 23 0 7 12 0 0 1 4 14 0 9 6 7 0 7 8 10 0 0 0 0 0 0 0 1 0 0 0 0 0 0 0 0 0 0 11 0 0 0 0 0 17 0 0 0 0 0 0 0 0 0 1 51 28 3 7 6 20 23 14 0 0 8 0 1 9 20 30 0 0 0 0 0 0 0 32 23 0 4 6 0 4 32 8 0 0 9 8 20 12 0 0 11 0 0 0 0 0 0 0 0 0 0 0 0 0 0 0 0 0 0 0 0 2 4 2 13 0 0 0 6 0 0 0 0 5 0 0 0 0 0 0 0 0 23 0 0 13 0 0 
 0 0 0 0 2 0 0 0 0 0 6 13 0 0 0 0 0 5 0 0 1 0 0 0 0 0 0 0 0 0 0 0 9 12 10 6 0 0 9 0 43 265 405 46 128 178 254 168 137 148 162 189 63 48 217 0 67 274 455 90 0 7 0 0 0 0 0 2 0 0 0 0 0 17 0 5 1 0 0 5 0 0 0 10 7 0 0 0 0 0 0 0 0 0 0 0 0 0 0 0 6 0 0 0 0 0 7 11 9 0 0 0 0 0 0 0 0 0 8 0 0 12 0 0 9 17 0 0 9 23 0 8 0 26 0 32 0 0 0 0 10 0 0 0 0 0 28 7 0 0 4 0 34 0 4 0 11 0 17 0 4 0 0 0 12 11 0 0 0 0 0 5 0 0 0 0 13 0 0 0 0 0 0 0 0 0 0 0 3 0 0 0 11 0 6 0 4 0 0 0 37 0 12 31 18 10 0 10 46 0 0 10 0 0 0 0 38 13 0 0 0 0 0 0 0 0 2 0 0 0 0 0 1 1 0 0 0 0 0 11 0 0 0 0 0 0 7 0 1 0 0 5 0 1 0 0 0 0 0 11 0 0 0 0 73 2 0 67 1 0 0 0 0 0 0 0 0 0 0 0 0 0 0 0 24 0 0 10 0 0 
 3 3 3 3 3 3 3 2 3 3 3 64 3 3 3 6 3 3 6 3 0 0 0 0 0 36 0 0 0 0 4 0 0 0 2 6 5 6 0 0 34 121 74 178 68 260 38 54 96 105 107 64 58 172 38 67 0 277 35 92 61 0 0 0 22 2 0 0 0 0 0 0 0 3 0 0 0 0 0 0 0 0 0 0 0 0 0 0 0 0 0 0 0 0 0 0 0 0 0 0 0 0 0 0 4 0 0 0 2 0 0 0 0 0 0 0 0 0 0 0 0 0 27 82 14 23 0 10 0 0 14 12 0 0 10 0 30 18 0 0 0 0 0 0 5 0 0 0 4 0 0 0 0 0 1 0 0 0 0 0 0 12 0 0 0 0 0 0 0 0 0 0 0 0 0 0 0 0 0 0 0 0 0 0 0 0 0 0 0 0 0 0 0 0 0 0 0 0 0 0 0 0 0 8 0 5 0 10 12 9 33 45 0 25 1 16 10 0 0 0 0 0 0 0 6 0 10 0 0 0 0 0 10 0 9 0 0 0 0 0 0 0 0 0 0 0 0 0 0 0 0 6 0 0 0 0 0 0 0 0 0 14 80 0 0 0 2 0 1 0 11 0 0 0 0 0 0 0 0 0 0 0 0 0 0 0 0 0 0 0 
 0 0 0 0 2 0 0 1 2 0 0 0 0 2 0 0 0 0 0 0 2 0 0 0 4 1 1 0 0 0 0 0 0 1 4 2 10 6 64 0 133 94 171 124 62 102 100 109 99 111 73 246 38 39 105 274 277 0 54 121 0 0 0 0 4 0 2 0 5 1 0 1 0 5 0 0 0 2 52 0 0 0 0 0 0 0 0 0 0 0 0 0 0 0 0 0 0 0 0 0 0 0 0 0 0 16 0 0 0 0 0 0 0 0 0 0 0 0 0 0 8 21 0 7 16 27 0 0 9 0 21 0 0 24 0 13 0 0 0 0 6 0 0 23 0 0 12 8 0 0 0 0 2 9 61 0 7 0 2 0 4 0 0 0 8 7 0 0 0 0 0 0 0 0 0 0 0 0 0 0 0 0 11 6 0 6 0 0 0 0 9 0 0 0 0 19 0 0 0 0 23 0 1 46 7 21 0 10 3 0 1 14 0 11 0 0 64 12 8 0 0 0 0 0 0 0 18 0 0 0 0 0 12 13 12 0 0 0 0 1 0 0 19 0 0 0 0 0 0 0 0 26 0 2 0 0 0 0 0 13 0 1 0 2 58 4 2 2 0 0 0 0 0 0 0 0 0 0 0 0 0 0 0 0 5 0 0 1 0 0 
 0 0 0 0 2 0 0 0 0 0 0 0 65 0 0 0 0 0 0 0 2 2 2 64 20 2 2 2 2 1 5 72 2 60 1 67 1 21 2 1 242 434 105 124 42 48 291 314 68 82 47 40 411 186 68 455 35 54 0 165 0 0 0 0 5 0 0 0 1 0 52 0 0 0 0 0 0 1 0 0 0 0 0 0 0 0 0 0 0 0 0 0 0 0 0 0 0 0 0 0 0 0 0 0 0 0 0 0 0 10 1 0 0 0 0 0 0 8 0 0 10 10 21 6 0 4 10 4 0 1 12 0 68 0 21 0 20 8 0 23 3 0 0 0 0 0 0 9 0 0 0 0 35 0 0 0 0 20 7 0 0 5 0 0 0 9 0 0 0 0 0 0 0 0 0 0 0 0 0 0 0 0 0 0 15 15 0 0 0 0 8 20 0 9 0 0 10 0 0 0 0 16 35 10 0 0 15 25 19 53 0 40 48 9 0 17 9 12 32 6 0 1 6 0 0 0 0 4 0 0 0 0 0 0 0 0 0 0 0 0 0 0 12 0 0 0 0 0 0 0 0 0 0 0 0 0 0 0 0 0 0 0 2 0 0 0 1 0 0 0 0 0 0 2 0 0 0 0 0 0 0 0 7 14 0 0 0 0 2 0 
 0 0 0 0 0 0 0 0 0 0 0 0 0 0 0 0 0 0 3 0 0 5 0 0 54 1 0 0 0 0 0 0 4 0 29 4 67 0 6 100 34 314 132 75 74 52 138 239 91 210 82 254 84 248 186 90 92 121 165 0 0 0 0 0 0 0 48 0 0 0 0 0 0 6 0 0 0 3 0 0 0 0 0 0 0 0 0 0 0 0 21 0 0 0 0 0 0 0 0 0 0 16 0 0 0 24 0 0 4 0 0 0 0 0 0 0 12 0 0 0 9 17 9 13 0 0 0 28 47 7 0 11 12 18 20 0 15 1 21 19 0 0 0 0 0 0 0 0 0 0 0 0 0 0 0 0 0 4 1 0 5 0 0 0 0 0 0 0 0 0 0 0 0 0 0 0 0 0 0 0 0 0 25 2 27 2 0 0 0 0 5 1 0 0 0 6 0 0 0 0 20 18 4 13 0 23 0 0 0 10 22 35 10 25 15 1 24 6 8 1 0 0 0 0 0 0 0 0 0 0 0 0 1 0 0 0 0 0 0 0 0 0 5 0 0 0 0 0 0 0 0 8 0 0 0 2 0 20 0 10 0 0 0 0 0 10 0 1 0 0 0 0 0 0 0 0 0 0 0 0 0 0 0 0 0 0 0 0 0 0 
 2 3 4 2 2 3 3 3 2 2 2 2 2 2 2 2 3 2 2 2 0 0 0 0 0 0 0 0 0 0 0 0 0 0 0 0 0 0 0 0 0 0 11 0 211 74 0 0 0 0 0 0 0 0 20 0 61 0 0 0 0 190 78 58 111 67 134 162 91 33 100 120 335 114 190 54 49 35 65 85 0 0 0 0 0 0 0 0 0 0 0 0 0 0 0 0 0 0 0 0 0 0 0 0 0 0 0 0 0 0 0 0 0 0 0 0 0 0 0 0 0 0 0 0 0 0 0 0 0 0 0 0 0 5 0 0 0 0 0 0 0 16 26 0 0 22 0 0 0 0 0 11 1 0 0 16 7 10 10 0 0 0 0 0 0 0 0 2 0 0 0 5 0 0 0 4 6 0 0 0 0 0 0 0 0 0 0 0 0 0 0 0 0 0 0 0 0 0 0 0 0 0 0 0 0 0 0 0 0 0 0 0 0 0 0 0 0 0 0 0 22 13 8 16 1 17 0 31 9 29 1 4 16 27 0 12 1 34 0 1 0 0 0 0 0 0 0 0 0 0 0 0 0 0 9 0 0 0 0 0 0 0 0 0 0 0 8 0 0 0 24 0 0 1 0 52 0 0 0 0 0 0 0 0 0 0 0 0 0 0 
