 0 176 47 255 242 23 437 283 146 210 47 128 290 348 413 282 91 121 30 230 0 2 0 0 0 3 2 1 2 2 2 3 2 0 42 0 3 0 3 2 0 6 0 0 0 0 3 0 0 0 0 3 0 0 0 0 19 0 0 0 2 3 0 2 3 0 2 0 0 0 67 0 0 0 0 0 0 0 0 3 17 24 13 28 6 10 76 13 13 0 94 11 13 0 30 12 0 19 0 0 0 0 0 8 0 0 2 0 0 0 0 2 0 0 0 0 1 0 9 0 0 0 0 0 0 0 0 0 0 0 0 0 1 0 0 0 0 0 0 0 1 0 0 2 0 0 0 0 6 0 1 0 0 0 0 0 0 0 0 10 20 19 39 0 0 22 0 29 10 0 28 0 2 0 13 5 0 9 0 1 0 2 0 0 0 0 0 0 0 2 0 0 0 0 1 0 0 0 0 0 7 0 0 0 0 0 0 0 0 0 0 1 0 0 0 0 0 0 0 0 1 0 0 0 0 0 0 0 0 0 0 0 0 0 0 0 0 0 0 0 0 15 0 0 0 0 117 0 2 3 0 2 0 0 0 0 0 0 0 11 0 0 9 0 0 0 0 0 0 0 0 0 0 0 0 0 18 0 0 0 0 0 0 0 0 0 0 0 0 0 
 176 0 174 249 50 66 264 382 59 49 88 46 150 184 250 44 134 130 59 75 0 2 0 0 2 5 76 1 2 3 2 2 4 0 0 0 3 0 3 0 0 0 0 0 0 0 0 0 0 0 0 3 0 0 0 0 0 0 0 0 2 3 0 2 2 0 2 0 0 0 3 0 0 0 0 0 0 0 0 3 0 22 19 16 16 0 31 27 15 24 11 1 23 30 7 1 16 28 19 18 0 0 0 0 0 0 0 0 0 0 0 0 0 0 0 5 0 0 0 15 0 0 0 0 0 0 0 2 0 0 0 0 0 2 0 0 0 0 0 1 0 0 0 0 0 0 0 0 2 0 0 0 0 0 0 0 0 2 0 0 12 11 16 0 0 0 26 0 10 1 7 38 0 28 13 15 0 6 19 0 0 0 0 0 0 0 0 0 2 0 0 0 9 0 0 0 0 0 25 0 0 0 0 0 0 0 0 4 0 0 0 0 0 0 0 0 0 29 0 0 0 0 0 0 0 0 0 0 0 0 0 0 0 1 0 0 0 0 0 0 0 0 0 0 0 0 1 0 2 2 0 3 0 0 0 0 0 0 0 0 0 0 0 0 0 0 0 0 0 0 0 0 0 0 0 0 0 0 0 0 0 0 0 0 0 0 0 0 0 6 
 47 174 0 172 581 138 54 156 413 127 142 256 286 266 363 79 147 67 58 263 0 2 2 2 3 4 76 0 2 2 4 4 2 3 0 2 6 2 4 4 0 0 0 3 68 2 3 0 0 3 5 3 0 0 1 0 3 2 0 37 6 7 0 48 2 3 2 0 0 6 3 0 0 0 6 0 6 0 0 3 15 1 15 0 19 0 34 0 43 20 10 25 0 7 9 18 6 0 0 0 0 47 0 0 0 0 0 0 0 0 0 0 1 0 0 2 2 0 0 15 0 0 0 0 0 0 0 6 0 0 0 0 0 0 0 31 1 0 0 0 0 0 0 0 1 0 5 0 0 0 2 0 0 0 0 0 7 0 0 1 8 0 1 23 16 27 0 35 6 13 0 1 0 0 8 46 20 0 0 0 0 0 0 0 0 0 58 0 1 0 0 0 57 0 8 10 0 0 24 0 0 0 0 0 0 0 0 0 0 0 0 0 0 0 0 0 0 0 0 0 0 0 0 1 1 0 0 0 0 0 0 1 0 0 2 0 0 0 0 0 0 0 0 0 0 4 3 1 1 91 1 11 0 8 0 0 0 0 0 2 0 0 0 0 0 0 0 0 0 0 47 0 0 0 2 84 0 5 0 0 0 0 0 0 0 0 0 0 0 1 
 255 249 172 0 613 125 68 678 74 79 461 34 67 183 171 147 395 68 82 155 0 5 0 0 0 5 84 0 4 77 4 3 2 1 0 3 3 0 78 18 0 0 0 2 3 0 7 0 0 0 0 3 24 8 0 2 2 0 3 0 2 3 34 2 3 0 2 0 2 0 10 0 0 0 3 0 0 0 0 3 15 16 61 2 13 2 0 10 7 17 37 13 0 8 13 26 20 9 0 2 0 0 0 0 0 0 14 0 20 0 0 0 9 0 13 0 0 0 22 27 2 0 0 0 0 0 0 0 0 0 1 0 0 9 0 12 0 0 0 1 0 1 0 0 0 2 0 0 0 0 0 0 1 0 0 3 0 0 0 0 0 11 0 19 0 23 0 0 0 10 23 5 0 0 0 29 2 63 0 0 0 9 15 0 0 0 0 0 14 0 14 0 29 7 1 0 0 0 57 14 0 0 0 0 0 0 0 6 0 0 0 0 0 0 0 0 14 0 1 0 0 0 0 0 0 0 0 0 0 0 0 0 21 0 0 0 0 0 28 0 0 0 0 0 0 2 90 0 0 88 2 8 0 5 0 0 0 0 0 0 0 0 0 2 0 0 0 0 0 0 0 0 0 0 0 0 10 0 0 0 0 0 0 0 0 0 0 0 0 0 
 242 50 581 613 0 158 73 142 163 78 93 268 99 341 83 73 84 125 89 124 114 77 2 0 16 3 153 0 2 2 2 3 81 0 0 0 3 2 18 110 0 54 0 0 0 0 4 0 0 0 0 3 0 0 0 0 0 0 0 0 4 3 0 32 2 0 2 1 0 1 3 0 0 0 0 0 0 0 3 5 0 1 0 10 15 21 1 11 5 9 65 0 0 0 8 31 10 51 0 0 0 11 0 0 0 0 34 0 0 0 0 0 6 0 43 89 0 0 0 26 0 0 0 0 0 0 0 0 0 0 0 0 0 0 0 0 2 0 0 0 0 0 0 0 14 1 5 0 0 0 3 0 0 0 0 0 0 0 0 0 1 0 1 46 0 14 0 0 9 1 7 20 0 0 0 23 0 7 0 0 33 10 1 0 0 0 23 0 0 0 2 0 30 0 1 1 0 10 32 11 0 0 0 0 0 0 0 1 0 0 0 0 0 0 0 0 0 0 0 0 0 0 0 0 0 0 0 0 0 0 0 0 0 0 2 0 0 0 15 0 0 0 0 0 0 6 6 0 0 4 0 0 3 0 0 0 0 0 0 0 0 0 0 0 0 0 0 0 0 0 0 0 0 0 0 0 13 9 0 0 0 0 0 0 0 0 0 0 0 0 
 23 66 138 125 158 0 337 309 261 125 123 219 46 261 51 282 49 57 68 268 147 148 47 0 0 3 4 1 156 2 4 3 4 1 147 0 40 74 4 74 5 0 0 2 0 0 1 0 0 0 0 3 0 0 10 0 0 3 0 0 2 3 0 2 2 0 2 0 0 0 42 0 0 0 0 0 0 0 0 3 23 0 1 0 14 36 0 0 16 16 0 10 0 0 10 18 0 1 0 0 15 5 0 19 0 24 28 17 47 18 19 0 11 32 14 38 0 2 36 15 0 6 0 0 1 0 0 0 2 0 0 0 0 0 0 12 0 0 0 0 0 0 0 0 0 7 5 0 8 0 2 0 0 0 0 0 13 0 2 0 10 38 0 25 18 23 0 35 10 77 23 0 0 2 10 16 19 19 0 2 25 47 25 0 0 0 61 9 18 8 31 1 28 40 14 5 6 5 19 15 0 12 0 0 0 1 0 0 0 0 1 0 0 0 2 0 0 0 0 0 0 0 0 0 0 0 2 0 0 1 0 0 0 0 0 0 0 0 0 0 0 0 0 0 1 1 0 0 0 42 1 0 0 0 0 0 0 0 6 0 0 0 0 0 0 62 0 0 0 0 0 0 0 0 0 11 0 5 0 0 0 0 0 0 0 0 0 0 0 0 
 437 264 54 68 73 337 0 102 47 44 262 53 202 239 192 35 144 36 166 277 0 4 4 1 0 5 0 0 2 1 2 5 4 0 3 0 3 3 3 0 0 4 0 0 3 4 3 0 0 1 5 3 0 0 0 0 0 0 0 0 5 4 0 2 4 0 3 1 0 0 4 0 0 0 3 0 3 2 0 2 26 27 0 0 0 0 28 13 35 0 0 35 9 27 13 12 14 37 18 17 0 0 0 0 0 0 0 0 0 0 0 0 0 0 0 0 0 0 0 0 0 0 0 0 0 0 0 0 0 0 0 0 0 0 0 0 0 0 0 0 0 0 0 0 0 0 0 0 0 0 0 0 0 0 0 0 0 0 0 0 25 7 2 0 0 0 17 9 24 10 2 10 0 25 11 4 24 0 14 14 0 0 0 0 0 0 0 0 0 0 0 0 0 0 0 0 0 0 0 0 9 0 0 0 0 0 0 0 0 0 0 0 0 0 0 0 0 0 0 0 0 0 0 0 0 0 0 0 0 0 0 0 0 0 0 0 0 0 0 0 0 0 0 0 0 0 0 0 2 3 0 2 0 0 0 0 0 0 0 0 0 0 0 0 0 0 0 0 0 0 0 0 0 0 3 0 12 0 0 0 0 0 0 0 0 0 0 0 0 0 
 283 382 156 678 142 309 102 0 153 197 376 28 123 242 227 72 422 230 90 149 0 2 0 0 0 3 0 0 2 1 2 5 2 1 24 0 3 73 77 0 0 0 0 0 0 0 3 83 0 0 1 3 62 0 0 0 0 0 0 0 3 2 0 2 3 0 2 0 0 0 4 0 0 0 0 0 0 0 0 2 10 8 53 19 18 0 2 7 10 22 22 41 0 1 17 0 46 12 2 28 2 1 0 0 0 0 0 0 0 0 0 0 10 0 0 0 0 0 21 11 0 0 17 2 0 0 0 0 1 2 0 0 0 0 0 9 0 0 0 0 0 0 0 0 0 2 0 0 0 0 0 0 0 0 0 2 14 0 0 0 7 14 0 0 1 11 1 28 17 26 25 19 0 3 11 6 29 15 4 0 0 2 0 0 0 0 15 0 1 0 12 0 27 0 0 0 0 0 23 0 11 0 0 0 14 0 0 0 0 0 0 0 0 0 0 0 0 0 0 0 0 0 0 0 0 0 0 0 0 0 0 0 0 0 0 0 0 0 0 0 0 0 0 0 0 0 88 0 50 7 0 4 0 0 0 0 0 0 0 0 0 0 0 0 0 0 0 0 0 0 0 0 0 0 0 13 0 0 0 0 0 0 0 0 0 0 0 0 0 2 
 146 59 413 74 163 261 47 153 0 296 272 31 205 113 190 160 114 152 107 277 0 2 0 0 2 3 1 3 2 1 2 3 2 0 0 0 3 0 4 0 0 0 0 0 0 0 5 0 0 0 0 3 0 0 0 0 0 0 0 0 3 2 0 2 3 0 2 0 0 0 2 0 0 0 0 0 0 0 0 2 0 14 21 33 10 23 0 14 11 12 11 1 0 0 2 18 0 0 1 10 0 0 0 0 0 31 0 0 0 0 0 0 2 0 13 0 10 0 9 25 0 0 0 0 0 0 0 0 0 0 0 0 0 0 0 0 0 0 0 0 0 0 0 0 0 0 4 2 0 0 3 0 0 0 0 0 2 0 0 1 2 0 1 30 0 11 1 38 4 10 28 10 1 0 2 24 0 1 1 9 2 0 0 0 0 0 19 0 1 0 0 0 20 12 0 0 0 0 10 13 0 0 0 0 0 0 0 0 0 0 0 0 0 0 0 0 2 0 0 0 0 0 0 2 0 2 0 0 0 0 0 0 0 0 0 0 0 0 2 0 0 1 0 0 0 3 1 0 88 0 0 1 1 0 0 0 0 0 0 0 0 0 0 0 0 0 2 1 0 0 0 0 0 2 0 9 0 4 0 0 0 0 0 0 0 0 0 0 0 2 
 210 49 127 79 78 125 44 197 296 0 368 76 139 179 109 209 236 125 87 335 2 2 0 0 2 3 1 0 3 2 4 6 2 1 0 0 1 0 5 0 0 0 3 2 0 0 0 0 0 0 0 2 0 0 0 0 0 0 0 36 0 0 0 0 0 0 0 0 0 0 8 0 0 0 0 0 0 0 3 0 30 0 13 20 6 6 22 9 40 11 18 52 36 7 25 0 7 1 0 0 0 9 0 0 0 0 0 0 0 0 0 0 1 0 0 0 0 13 9 0 2 0 0 0 1 0 3 1 0 0 0 5 3 3 0 24 0 0 1 1 0 1 2 0 0 0 1 0 5 2 0 0 0 0 2 3 14 0 0 4 14 1 13 0 16 10 0 34 0 0 26 10 13 0 22 5 18 3 0 0 0 1 0 0 0 0 0 0 0 0 0 0 10 0 11 9 0 0 0 0 23 0 0 0 0 0 0 0 0 0 0 0 0 0 0 0 0 0 0 0 0 0 0 0 0 0 0 0 0 0 0 0 0 0 0 0 0 0 0 0 0 0 0 0 0 5 4 2 88 87 0 0 0 0 0 0 0 0 0 0 0 0 0 0 0 0 0 0 0 0 0 0 0 0 0 23 16 1 0 0 0 0 0 0 0 0 0 0 0 0 
 47 88 142 461 93 123 262 376 272 368 0 49 55 43 153 145 202 296 30 93 0 2 0 2 0 3 84 2 2 1 78 3 3 0 1 0 3 0 117 76 2 0 0 0 0 0 3 0 1 0 3 3 2 0 0 0 0 53 0 61 2 3 0 2 3 0 2 0 0 0 17 0 0 0 0 0 1 0 0 5 32 26 20 12 11 15 0 10 8 36 0 10 0 0 26 13 27 7 0 0 0 0 0 0 0 0 0 0 0 0 0 0 5 0 0 0 0 0 16 22 0 0 0 0 1 0 0 0 0 0 0 0 0 0 0 11 0 0 0 0 0 0 0 0 0 0 0 0 2 0 0 0 0 0 2 6 10 0 0 0 6 56 0 13 0 17 0 31 0 26 10 7 0 0 6 9 15 24 0 0 0 0 0 0 0 0 0 1 0 0 0 0 37 0 1 0 0 0 43 0 0 0 0 0 0 0 0 0 0 0 0 0 1 2 0 0 9 0 0 2 0 0 0 0 0 0 0 0 0 0 6 0 0 0 0 0 0 1 13 0 0 0 0 0 0 2 1 0 0 22 1 166 0 0 0 0 0 0 0 0 0 0 0 0 0 0 0 0 0 0 0 0 0 0 2 35 15 0 0 0 0 0 0 0 0 0 0 0 0 0 
 128 46 256 34 268 219 53 28 31 76 49 0 258 134 38 48 470 557 47 115 23 22 1 0 0 3 77 2 3 2 2 3 77 0 1 0 78 0 78 18 2 0 0 0 0 0 1 0 0 0 5 3 0 0 12 0 0 62 0 0 2 3 0 2 2 0 2 0 0 0 3 0 0 0 0 0 0 0 0 3 2 0 45 10 3 67 0 10 0 29 13 25 0 0 21 1 14 0 0 0 0 1 0 0 0 0 29 0 1 0 0 0 34 5 13 1 23 0 26 14 0 0 0 0 0 0 0 0 0 0 2 0 0 0 0 0 0 0 0 0 0 0 0 0 0 0 0 0 0 0 0 0 0 0 0 0 0 0 0 4 8 14 40 29 17 18 0 0 0 0 44 26 9 0 15 15 1 11 0 0 12 24 9 0 0 0 16 0 10 0 15 0 8 62 23 2 7 7 0 38 0 0 0 0 0 0 0 0 0 0 0 0 0 0 0 1 5 0 0 0 0 0 0 0 0 0 0 0 0 0 0 0 0 9 0 0 0 0 0 0 0 0 0 0 0 0 50 0 0 0 16 0 2 0 0 0 0 0 0 0 0 0 0 0 0 0 0 0 0 0 0 0 0 0 0 0 1 0 0 0 0 0 0 0 0 0 0 0 0 0 
 290 150 286 67 99 46 202 123 205 139 55 258 0 92 234 51 322 118 364 98 4 3 0 0 3 3 0 5 3 1 3 3 2 0 0 0 5 0 3 0 0 6 0 0 0 0 3 0 0 0 0 3 0 0 2 0 0 0 0 0 2 3 0 2 3 0 2 0 0 0 2 0 0 0 0 0 0 0 0 9 12 26 0 15 0 0 13 19 1 0 13 16 2 22 0 17 14 10 27 27 0 0 0 9 0 0 2 0 0 0 0 2 0 24 0 0 0 0 0 0 0 0 0 0 0 0 0 0 0 0 0 0 1 0 0 0 0 0 0 3 1 0 0 2 0 0 0 0 0 0 0 0 0 0 0 0 0 0 0 0 2 18 0 0 0 2 19 18 13 11 15 7 0 22 12 0 22 0 1 47 0 2 0 0 0 0 0 0 0 2 0 0 0 0 0 19 0 0 0 0 0 0 0 0 0 0 0 0 0 0 0 1 0 0 0 0 0 0 0 0 1 0 0 0 0 0 0 0 0 0 0 0 1 0 0 0 0 0 0 0 0 1 0 0 0 0 2 0 49 2 0 0 0 0 0 0 0 0 0 0 0 0 0 0 0 0 0 0 0 0 0 0 0 0 0 0 0 0 0 0 0 0 0 0 0 0 0 0 0 0 
 348 184 266 183 341 261 239 242 113 179 43 134 92 0 102 225 31 43 338 301 0 2 0 0 0 3 0 0 2 3 3 2 2 0 0 3 5 0 5 0 0 63 0 3 3 0 3 0 0 0 0 4 0 0 0 3 2 0 3 0 2 3 0 2 2 3 3 0 0 0 34 2 0 0 3 66 0 0 0 3 10 0 0 9 29 0 0 0 0 2 0 5 1 10 32 0 19 29 16 0 0 0 0 0 0 0 0 0 0 0 0 0 0 0 0 0 0 0 11 15 0 0 1 1 0 0 0 0 0 0 0 17 0 0 0 0 0 0 0 0 0 0 0 0 0 0 0 0 0 0 0 0 0 0 0 0 0 0 0 0 0 27 5 0 0 20 0 33 0 0 13 9 0 10 20 15 11 11 2 1 0 0 0 0 1 0 0 0 21 0 0 0 0 0 16 0 0 0 2 0 3 1 0 0 0 0 0 0 0 0 0 0 0 0 0 0 0 0 0 0 0 0 0 0 0 0 0 0 0 0 0 0 0 0 7 1 0 0 0 0 0 1 0 0 0 0 1 2 0 87 32 0 0 0 0 0 0 0 0 0 0 0 1 0 0 0 0 0 0 0 0 0 0 0 0 0 12 0 0 0 0 0 0 0 0 0 0 0 0 0 
 413 250 363 171 83 51 192 227 190 109 153 38 234 102 0 284 333 44 88 134 7 4 0 0 0 3 0 0 2 3 19 8 2 0 0 3 8 0 82 3 3 13 0 3 0 5 1 5 0 3 3 3 0 6 3 1 0 0 3 5 2 3 0 2 4 3 4 2 0 4 5 0 0 9 0 0 0 3 0 4 0 6 35 6 15 0 34 16 13 21 7 18 27 38 1 1 11 42 21 20 0 0 0 0 0 0 0 0 0 0 0 0 0 0 0 0 0 0 15 0 0 0 0 0 0 0 0 1 0 0 0 0 0 1 0 0 0 0 0 0 0 0 0 0 0 0 0 17 6 0 0 0 0 0 0 0 0 1 0 3 17 20 35 0 0 2 19 30 35 0 31 6 9 0 21 0 0 0 22 0 0 0 0 0 0 0 0 0 1 0 0 0 0 0 0 0 0 0 0 0 0 0 0 0 0 0 0 0 0 0 0 0 0 0 0 0 0 0 0 0 0 0 0 0 0 0 0 0 0 0 0 0 0 2 15 0 0 1 0 0 0 0 0 0 0 0 2 0 103 88 0 4 0 0 0 0 0 0 0 0 0 0 0 0 0 0 0 0 0 0 0 0 0 0 0 0 0 0 0 0 0 0 0 0 0 0 0 0 0 0 
 282 44 79 147 73 282 35 72 160 209 145 48 51 225 284 0 264 304 37 73 2 4 0 0 0 3 8 0 6 9 4 2 2 0 2 0 4 0 7 0 0 0 0 0 0 0 1 0 0 0 0 3 0 3 0 0 0 0 0 0 2 3 45 2 53 0 2 0 0 0 3 0 0 0 0 0 0 0 0 3 0 18 41 11 10 20 10 10 14 3 22 21 0 0 11 0 44 10 10 2 0 11 0 0 0 0 0 0 0 0 0 0 20 0 13 0 10 0 41 11 1 0 0 0 0 0 2 0 0 0 1 2 0 0 0 0 0 0 0 0 0 1 0 0 0 0 0 0 0 0 0 0 0 0 0 6 10 0 0 0 12 2 20 11 15 33 0 35 0 0 14 10 0 0 0 14 8 0 0 0 2 3 0 0 0 0 0 0 6 0 0 0 19 12 10 8 0 0 10 13 0 0 0 0 0 0 0 0 0 0 0 0 0 0 0 0 0 0 1 0 0 0 0 0 0 0 0 0 0 0 2 0 0 0 0 0 0 0 0 0 0 0 0 0 0 0 1 0 2 2 0 3 0 0 0 0 0 0 0 0 0 0 0 0 0 0 0 0 0 0 0 0 0 0 0 27 1 0 0 0 0 0 0 0 0 0 0 0 0 0 
 91 134 147 395 84 49 144 422 114 236 202 470 322 31 333 264 0 86 56 254 0 2 0 0 0 3 3 2 2 2 2 3 2 2 2 0 3 0 41 0 68 0 0 0 0 0 2 0 0 0 0 3 3 0 0 0 0 0 0 0 2 3 0 2 2 0 2 0 0 0 24 0 0 0 0 0 0 0 0 3 0 2 49 31 20 9 14 8 2 20 14 29 0 4 13 0 31 35 13 16 0 0 0 0 0 0 0 0 0 0 0 0 0 0 3 0 0 0 10 22 0 0 0 0 0 0 0 0 0 0 0 0 0 0 0 0 2 0 0 0 0 0 0 0 0 1 0 0 2 0 0 0 0 0 0 0 0 0 0 14 14 39 12 8 0 26 12 0 13 41 62 37 20 20 20 13 10 28 25 0 0 0 0 0 0 0 0 0 0 0 0 0 0 5 0 0 0 0 10 13 0 0 0 0 0 0 0 2 0 0 0 0 21 16 0 0 0 0 0 0 0 0 0 0 0 0 0 0 0 0 0 0 0 0 0 0 0 0 0 0 0 0 0 0 0 2 96 0 90 99 0 0 0 2 0 0 0 0 0 0 0 0 0 0 0 0 0 0 0 0 0 0 0 0 0 0 0 0 0 0 0 0 0 0 0 0 0 0 0 0 
 121 130 67 68 125 57 36 230 152 125 296 557 118 43 44 304 86 0 42 48 0 3 0 0 2 3 150 0 2 2 2 3 78 1 0 0 3 0 86 19 0 0 0 0 0 0 2 0 0 0 0 3 0 2 0 0 0 0 0 0 21 3 0 2 2 0 2 0 0 6 3 2 0 0 0 60 0 0 2 3 26 0 13 31 28 43 0 9 7 12 9 0 10 0 10 35 0 18 18 0 0 0 0 0 0 0 12 0 0 2 0 1 12 0 16 0 8 0 17 32 0 0 0 0 0 0 0 0 0 7 0 0 2 0 0 0 0 0 0 0 0 0 0 1 0 0 0 0 1 0 4 0 0 0 0 0 0 0 0 10 9 1 19 13 0 0 0 20 2 17 29 19 10 15 1 0 0 39 0 0 22 1 0 0 8 0 13 0 0 0 0 0 11 2 0 0 0 1 13 12 0 0 0 0 0 17 0 0 0 0 0 2 0 0 0 0 0 0 0 0 2 0 0 0 0 0 0 0 0 0 0 0 0 0 0 0 0 0 0 0 0 10 0 0 0 3 92 1 88 0 0 4 0 0 0 0 0 0 0 1 0 0 12 0 0 0 0 0 0 0 0 0 0 0 0 0 0 0 0 0 0 0 0 0 0 0 0 0 0 0 
 30 59 58 82 89 68 166 90 107 87 30 47 364 338 88 37 56 42 0 270 0 3 0 1 0 3 0 3 2 2 3 3 2 0 0 0 5 0 3 0 0 0 0 0 0 0 1 0 0 0 0 3 8 0 0 0 3 0 0 0 2 3 0 2 2 0 2 0 0 0 3 2 0 0 0 0 0 0 0 3 2 0 12 10 7 0 22 11 13 1 0 0 25 15 0 0 7 3 9 29 0 0 0 0 0 0 0 0 0 0 0 0 0 0 0 0 0 0 0 0 0 0 0 0 0 0 0 0 0 0 0 0 0 0 0 0 0 0 0 8 0 0 0 0 0 0 0 0 0 0 0 0 0 0 0 0 0 0 0 0 0 0 14 0 15 0 14 0 0 9 0 0 28 0 5 10 0 0 9 26 0 0 0 0 0 0 0 0 0 0 0 0 0 0 0 22 0 0 0 0 0 0 0 0 0 0 0 1 0 0 0 0 0 0 0 1 0 0 0 0 0 0 0 0 0 0 0 0 0 0 0 0 0 0 0 0 0 0 0 0 0 0 0 0 0 0 0 1 1 0 3 4 11 0 0 0 0 0 0 0 0 0 0 0 0 0 0 0 0 0 0 0 0 0 0 29 0 0 0 0 0 0 0 0 0 0 0 0 0 0 
 230 75 263 155 124 268 277 149 277 335 93 115 98 301 134 73 254 48 270 0 2 3 0 0 2 3 2 0 2 3 2 6 2 2 0 3 3 2 3 5 0 0 0 47 2 2 3 2 0 0 3 4 7 3 6 2 2 0 6 3 3 2 0 2 3 5 2 5 0 5 2 0 0 0 0 0 0 0 0 2 14 0 10 16 16 0 14 0 13 0 0 10 0 0 15 1 10 0 0 10 0 0 0 0 0 0 0 0 0 0 0 0 0 0 0 0 0 0 0 13 0 0 0 0 0 0 0 1 0 0 0 0 0 0 0 0 0 0 0 0 0 0 0 0 0 0 0 0 0 0 0 0 0 0 0 0 0 1 0 0 0 0 0 0 0 0 0 0 0 0 7 12 8 2 0 27 3 7 0 29 0 1 0 0 0 0 0 0 0 0 0 0 0 0 0 0 0 0 12 0 14 0 0 0 0 0 0 0 0 0 0 0 0 0 0 0 0 0 0 0 0 0 0 0 0 0 0 29 0 0 0 0 0 2 0 0 0 0 0 0 0 0 0 0 0 0 4 3 0 1 0 6 0 0 0 0 0 0 0 0 0 0 0 0 0 0 0 0 0 0 0 0 0 0 0 0 14 0 0 0 0 0 0 0 0 0 0 0 0 0 
 0 0 0 0 114 147 0 0 0 2 0 23 4 0 7 2 0 0 0 2 0 212 178 132 93 27 248 59 26 117 253 347 99 136 39 37 104 25 161 277 5 0 5 0 2 3 0 3 3 3 3 0 3 3 4 2 3 4 0 0 0 0 0 1 0 0 0 1 0 4 0 2 0 0 0 0 0 0 0 3 0 0 11 0 0 11 0 0 0 0 14 0 0 0 0 0 0 0 0 0 9 45 30 10 0 0 42 0 3 21 41 0 21 10 12 37 15 19 7 0 0 0 0 0 0 0 0 0 0 0 0 0 0 0 0 0 0 0 1 19 0 1 0 0 0 1 0 0 0 0 0 0 3 0 20 0 0 2 0 0 1 0 0 18 7 0 0 0 0 0 0 0 0 0 0 0 0 0 0 0 67 11 19 8 22 0 28 26 0 24 37 0 7 7 6 0 32 35 0 11 0 0 0 0 0 0 0 0 0 0 0 0 0 0 0 0 0 0 0 11 0 0 0 0 0 0 0 0 0 0 0 0 0 0 0 0 0 0 0 0 0 0 0 0 0 0 0 0 0 0 0 0 0 0 10 1 1 1 77 0 2 13 0 0 0 32 0 0 0 0 0 0 0 0 0 0 0 0 0 0 0 0 0 0 0 0 0 0 0 0 
 2 2 2 5 77 148 4 2 2 2 2 22 3 2 4 4 2 3 3 3 212 0 158 83 265 257 172 90 75 309 65 113 208 86 56 54 339 143 55 147 6 0 0 0 2 3 0 3 3 3 3 0 3 3 3 2 3 3 0 0 0 0 0 0 0 0 0 0 0 0 0 0 0 0 0 0 0 0 0 53 0 1 9 0 0 12 0 0 1 0 13 0 0 0 0 1 1 0 0 0 0 11 8 8 0 22 20 0 0 14 33 0 12 16 8 38 28 10 7 0 0 0 0 0 0 0 0 2 0 1 0 0 6 0 0 1 0 0 1 0 0 0 0 2 0 0 0 0 0 0 0 0 6 0 0 0 0 0 0 0 1 0 0 18 7 0 0 0 0 0 0 1 0 0 0 0 0 0 0 0 71 11 45 22 13 0 20 20 0 21 33 0 6 7 61 14 7 18 0 8 0 0 0 2 0 0 0 0 0 0 0 0 0 0 0 0 0 0 0 14 0 0 0 0 0 0 0 0 0 0 1 0 0 0 0 0 0 0 1 0 0 0 0 0 0 0 0 0 0 0 0 0 0 0 13 0 1 0 76 2 2 14 0 0 0 0 0 0 0 0 0 0 0 0 0 0 1 0 0 0 0 0 0 2 0 0 0 0 0 0 
 0 0 2 0 2 47 4 0 0 0 0 1 0 0 0 0 0 0 0 0 178 158 0 123 41 227 69 194 185 68 84 62 153 117 199 78 64 35 76 52 0 0 0 1 2 3 1 3 3 3 3 0 101 3 0 2 3 3 62 0 0 0 0 2 0 0 0 0 0 0 0 0 0 3 6 0 0 0 0 3 0 0 0 0 0 0 0 0 0 0 0 0 0 0 0 0 0 0 0 0 27 28 19 5 11 52 0 74 22 15 7 3 2 29 26 29 0 73 0 0 9 0 12 0 34 0 1 0 1 0 0 0 29 0 0 0 0 0 12 85 0 0 0 0 0 0 2 0 0 0 0 1 0 0 0 0 0 0 6 0 0 0 0 0 10 0 0 0 0 0 0 0 0 0 0 0 0 0 0 0 18 21 34 0 20 33 20 0 0 9 14 29 0 0 0 2 30 9 0 18 2 0 0 0 0 0 1 0 9 0 0 0 20 0 0 13 0 0 6 12 0 0 0 0 0 0 0 0 0 0 0 0 0 0 1 0 10 0 0 0 0 0 0 0 0 0 0 0 0 0 0 0 0 0 7 0 0 20 7 2 0 0 0 0 0 0 27 0 0 0 0 0 0 14 0 0 0 2 0 0 0 28 0 0 0 0 29 0 0 0 
 0 0 2 0 0 0 1 0 0 0 2 0 0 0 0 0 0 0 1 0 132 83 123 0 172 16 103 235 84 103 59 118 187 82 37 120 140 102 82 148 0 0 0 0 2 3 0 26 3 3 3 0 84 3 0 3 3 3 0 62 0 1 0 2 0 0 0 26 0 0 0 0 0 14 0 0 7 0 47 7 0 0 0 0 0 0 0 0 0 0 0 9 0 0 0 0 0 0 0 0 21 39 19 31 8 15 0 12 0 19 26 11 0 11 10 14 51 11 0 0 0 0 21 0 9 0 54 40 9 0 0 0 0 10 27 0 0 0 30 9 0 0 8 0 12 0 0 0 0 0 0 0 5 0 0 0 0 7 0 0 1 0 0 0 0 0 1 0 0 0 0 0 0 0 0 0 0 0 0 0 33 0 0 27 28 13 0 14 0 32 0 45 0 0 33 28 9 10 0 19 0 0 0 0 0 0 1 0 0 0 0 0 0 0 0 9 0 0 26 44 0 0 0 0 0 0 12 0 0 0 0 0 0 0 0 0 0 0 0 0 0 0 0 0 0 2 0 0 0 0 0 0 0 0 13 2 0 80 154 2 0 3 0 0 0 0 0 0 0 0 0 0 0 0 0 0 0 0 0 12 0 9 0 0 0 12 0 0 0 0 
 0 2 3 0 16 0 0 0 2 2 0 0 3 0 0 0 0 2 0 2 93 265 41 172 0 170 50 80 84 86 95 78 70 76 79 77 252 30 79 81 0 0 1 0 6 3 0 70 3 3 3 11 66 24 0 2 3 3 74 68 0 0 0 2 0 0 1 0 0 0 1 2 0 3 0 1 0 0 0 7 0 0 0 0 0 0 0 0 0 0 0 0 0 0 0 0 0 0 0 0 0 13 13 15 0 0 0 1 0 11 11 12 1 0 0 0 0 9 2 1 31 31 13 0 0 0 8 27 24 0 8 0 0 27 12 0 10 0 27 18 0 2 0 0 0 0 0 0 0 0 0 0 0 0 0 0 0 0 0 0 0 0 0 1 0 0 1 0 0 0 0 0 0 0 0 0 0 0 0 0 0 1 0 0 20 20 0 6 1 10 0 13 0 0 1 0 13 7 0 0 20 0 16 9 0 0 6 26 1 16 1 0 30 10 11 12 2 0 29 19 0 0 0 0 0 0 0 0 0 0 0 0 0 5 0 1 1 0 0 0 0 0 0 0 0 0 0 0 0 0 0 0 0 0 13 2 0 3 76 1 5 0 0 0 0 0 0 0 0 0 0 0 0 0 2 0 0 0 0 15 0 0 0 0 31 7 0 0 0 0 
 3 5 4 5 3 3 5 3 3 3 3 3 3 3 3 3 3 3 3 3 27 257 227 16 170 0 33 38 341 120 190 356 39 63 123 301 337 152 248 47 1 0 0 0 2 3 1 65 3 3 3 0 131 65 66 3 3 3 73 96 0 0 0 1 0 0 0 0 0 0 0 0 0 0 3 0 0 0 0 0 0 0 0 0 0 2 0 0 0 0 0 0 0 0 0 0 0 2 0 0 0 0 7 18 34 21 0 21 0 18 0 32 0 0 0 0 0 20 0 0 14 4 0 0 0 0 0 44 1 0 3 0 44 31 0 0 0 0 13 39 0 0 0 0 0 0 0 0 0 0 0 2 0 0 0 31 0 0 4 0 6 0 0 0 0 0 3 0 15 10 0 0 0 0 1 0 0 0 0 0 0 0 0 36 9 66 7 0 7 3 1 15 0 0 0 0 8 0 0 0 0 0 0 4 0 0 18 36 19 12 0 0 54 0 1 43 0 10 43 1 0 0 0 0 0 1 0 1 0 0 0 0 0 0 0 0 0 0 0 0 0 0 2 0 0 0 0 0 0 0 0 0 1 0 6 0 0 86 0 3 3 0 0 0 0 0 10 0 0 21 0 0 0 10 0 0 0 0 0 0 0 6 0 0 0 0 12 0 0 0 
 2 76 76 84 153 4 0 0 1 1 84 77 0 0 0 8 3 150 0 2 248 172 69 103 50 33 0 177 277 24 108 22 90 154 52 140 175 245 124 238 7 0 2 0 2 3 0 3 3 3 5 0 7 3 5 66 3 3 0 0 0 0 0 0 0 0 0 0 2 4 0 0 0 0 0 0 7 0 0 0 0 0 13 0 1 38 0 0 13 18 25 1 0 0 0 0 0 0 0 0 11 20 0 0 0 0 31 2 10 0 0 11 31 1 50 0 27 1 0 10 0 0 0 0 0 0 0 0 0 0 0 0 10 0 0 17 0 0 1 2 1 10 0 6 0 5 0 0 0 0 0 0 0 0 0 7 0 0 0 1 0 0 15 7 15 0 0 0 0 0 0 10 0 0 0 0 9 0 0 0 7 19 0 0 10 0 12 4 54 1 10 0 17 34 0 16 9 12 15 15 0 0 0 0 0 0 0 0 0 0 0 0 0 18 0 0 0 0 0 1 0 0 0 0 0 0 0 0 0 0 0 0 0 0 2 0 0 0 0 0 0 0 0 0 0 0 0 0 0 0 0 0 0 0 6 0 2 1 0 2 3 1 0 0 0 0 0 0 0 0 0 0 0 0 0 0 0 1 0 0 3 0 0 0 0 0 0 0 0 0 
 1 1 0 0 0 1 0 0 3 0 2 2 5 0 0 0 2 0 3 0 59 90 194 235 80 38 177 0 152 69 150 69 270 245 131 47 44 40 72 47 2 0 3 4 2 3 0 3 88 5 3 0 10 3 0 4 4 3 0 1 0 0 0 3 2 1 0 0 0 0 5 4 0 0 0 2 1 3 0 0 0 0 0 0 0 0 0 2 0 0 0 0 0 0 13 0 0 0 0 0 63 26 76 9 26 68 0 29 12 0 15 9 6 62 4 32 28 40 0 0 0 0 0 18 0 0 5 3 0 0 0 1 3 19 0 15 0 0 6 31 0 0 0 2 0 0 0 0 0 0 0 6 3 0 0 0 0 4 0 0 0 0 0 0 0 2 2 0 0 16 0 0 0 0 0 0 0 0 0 0 13 0 62 0 0 12 0 2 11 1 15 26 0 0 12 4 22 32 0 0 0 0 0 0 0 0 0 0 0 0 0 0 0 0 0 0 0 0 0 24 1 11 0 0 0 0 11 11 0 0 0 0 0 0 0 0 0 2 0 0 0 0 0 0 0 0 0 0 0 0 0 0 0 0 13 1 0 3 1 0 0 0 0 0 0 2 0 0 0 0 0 0 0 0 0 0 0 0 0 0 0 19 0 0 0 10 0 0 0 0 
 2 2 2 4 2 156 2 2 2 3 2 3 3 2 2 6 2 2 2 2 26 75 185 84 84 341 277 152 0 237 293 44 98 252 244 259 397 121 183 58 3 0 0 0 2 3 0 3 4 3 3 0 65 5 3 2 4 3 0 0 0 0 0 0 0 0 0 0 0 0 0 0 0 0 0 0 1 29 0 0 0 0 0 0 0 31 0 0 0 0 0 11 0 0 0 0 0 0 0 0 8 0 0 16 15 2 65 46 93 36 68 0 84 30 0 40 5 14 18 0 13 0 0 0 30 0 0 0 0 0 0 2 12 0 0 0 0 0 0 15 0 0 0 0 0 1 0 0 0 2 0 1 0 0 0 0 0 0 9 0 0 0 0 0 28 0 0 0 0 0 1 0 0 0 0 0 0 10 2 0 0 58 14 2 27 21 13 30 15 30 68 75 0 18 29 28 10 9 0 20 0 0 0 0 0 1 0 0 19 0 0 0 28 0 0 7 0 0 0 18 0 0 0 0 0 0 2 0 0 0 0 0 0 0 0 0 0 0 0 0 0 0 0 0 0 0 0 0 0 0 0 0 0 0 15 1 2 8 97 0 1 0 0 0 0 0 0 0 0 0 0 0 0 0 0 0 0 0 0 0 0 18 0 1 0 0 0 0 0 0 
 2 3 2 77 2 2 1 1 1 2 1 2 1 3 3 9 2 2 2 3 117 309 68 103 86 120 24 69 237 0 247 408 167 212 146 332 55 189 132 182 0 0 3 0 2 3 6 3 3 3 3 0 64 3 62 2 3 3 0 63 0 52 56 2 1 3 0 0 0 0 0 0 0 0 0 0 0 3 0 0 0 0 0 0 0 10 0 0 0 0 0 0 0 0 0 0 0 0 0 0 0 0 0 0 14 1 0 10 31 12 36 22 9 1 0 14 1 4 1 0 0 0 0 0 0 0 25 14 0 0 0 0 13 11 30 9 19 0 22 16 0 0 0 2 0 0 0 0 2 5 0 30 8 0 0 0 0 0 0 0 12 0 0 0 34 23 1 0 0 0 0 0 0 0 0 0 26 0 0 0 16 26 18 10 10 9 8 37 0 13 22 0 0 13 16 16 0 0 0 31 0 0 0 0 0 0 18 19 0 0 0 0 18 0 18 21 0 10 25 14 0 0 0 0 0 0 2 0 0 0 0 0 4 0 0 0 0 18 0 0 0 0 15 0 0 0 0 0 0 0 0 0 0 0 20 0 1 50 3 2 5 12 0 0 0 0 0 0 0 0 0 0 0 0 0 0 0 0 0 0 0 0 0 0 0 0 0 0 0 0 
 2 2 4 4 2 4 2 2 2 4 78 2 3 3 19 4 2 2 3 2 253 65 84 59 95 190 108 150 293 247 0 103 189 138 227 305 103 84 47 63 0 0 0 0 2 5 6 5 3 3 3 0 6 6 3 2 3 3 0 3 2 0 0 38 2 0 3 3 2 1 0 0 0 1 0 64 1 6 0 0 0 0 0 0 0 0 0 0 0 0 0 0 0 0 0 0 1 0 0 0 14 14 13 1 25 14 0 30 29 25 12 23 14 41 0 6 26 10 0 10 0 0 0 0 0 0 43 2 0 0 0 0 12 0 37 10 19 0 0 28 0 0 0 0 0 0 0 0 0 0 0 33 0 0 0 0 0 0 0 0 0 0 0 0 1 0 0 0 0 0 0 0 0 0 0 0 0 0 0 0 0 10 22 0 23 45 16 19 17 12 20 21 0 17 6 35 14 34 0 1 0 0 0 2 0 0 11 2 0 0 0 0 0 0 19 10 0 0 12 13 0 0 1 0 0 0 0 0 0 0 0 0 0 0 0 0 0 0 0 0 0 0 16 0 0 0 0 0 0 0 0 0 0 0 14 0 6 155 0 0 0 0 0 0 0 0 0 0 0 0 0 0 0 0 0 0 1 0 0 0 0 10 0 0 0 0 0 0 0 0 
 3 2 4 3 3 3 5 5 3 6 3 3 3 2 8 2 3 3 3 6 347 113 62 118 78 356 22 69 44 408 103 0 32 413 30 172 183 163 106 84 69 0 2 0 2 3 0 4 2 3 3 0 8 9 0 2 2 3 126 22 0 0 0 0 0 0 0 0 0 7 0 1 0 2 6 0 0 0 0 52 0 0 0 0 0 2 0 0 0 0 0 0 0 0 0 2 0 0 0 0 10 13 41 62 31 47 0 17 0 0 12 19 0 0 0 0 18 0 0 0 0 0 5 0 0 0 0 18 1 0 0 0 26 3 3 0 0 0 15 13 0 0 0 0 0 0 0 0 0 0 0 0 6 0 0 0 0 16 0 0 9 0 0 13 0 0 3 0 0 0 0 0 0 0 0 0 0 0 0 0 0 1 9 29 0 36 0 17 1 8 14 1 0 0 19 0 10 1 0 0 0 0 11 19 0 0 1 20 0 15 0 0 19 16 19 0 0 0 37 1 0 0 0 0 0 0 0 0 0 0 0 0 0 0 0 9 0 0 0 0 0 0 1 0 0 0 0 0 0 1 0 0 0 2 18 0 4 1 1 0 4 14 0 0 0 0 23 0 0 0 0 2 0 4 0 0 0 0 0 0 0 0 0 0 15 0 27 0 0 0 
 2 4 2 2 81 4 4 2 2 2 3 77 2 2 2 2 2 78 2 2 99 208 153 187 70 39 90 270 98 167 189 32 0 147 118 181 265 76 168 511 0 0 0 0 2 3 0 3 3 3 3 0 3 51 0 2 3 3 0 0 0 0 0 0 0 0 0 0 0 0 0 0 0 0 0 0 0 3 0 0 0 0 0 0 0 17 0 1 0 0 17 0 0 0 0 0 0 0 0 0 34 11 30 10 1 21 11 30 45 7 35 0 12 12 25 20 1 7 0 11 0 0 0 0 9 0 0 0 0 0 0 2 0 0 0 0 0 0 9 0 0 0 0 0 0 0 0 0 0 0 2 0 6 0 0 0 0 5 0 0 0 0 0 12 11 1 1 0 1 1 0 0 0 0 0 0 0 0 0 1 24 27 5 5 0 12 36 50 1 15 14 24 6 34 41 17 0 1 2 25 0 0 0 0 0 10 0 0 0 0 0 0 0 0 0 0 0 0 0 23 2 0 0 0 0 0 0 0 0 0 0 0 0 0 0 0 0 0 0 0 0 0 0 0 0 0 0 0 0 0 0 1 0 0 11 0 2 8 77 2 3 14 0 0 0 0 0 0 0 0 0 0 0 0 0 0 0 0 0 0 0 13 0 0 0 0 0 0 0 0 
 0 0 3 1 0 1 0 1 0 1 0 0 0 0 0 0 2 1 0 2 136 86 117 82 76 63 154 245 252 212 138 413 147 0 301 129 167 162 389 143 0 0 0 0 2 3 1 3 3 3 3 0 4 3 0 2 8 3 0 0 0 0 0 4 0 2 0 0 0 1 0 0 0 0 0 0 0 1 0 0 0 0 0 0 2 0 0 0 0 0 2 0 0 0 0 0 0 0 0 0 50 26 37 1 15 19 0 30 9 11 10 6 0 19 9 29 13 20 0 0 0 0 0 0 1 0 1 0 0 0 0 0 36 0 0 0 0 0 11 28 1 0 0 2 0 0 0 0 0 0 0 0 6 0 0 0 0 0 0 2 0 0 0 0 0 0 0 0 0 0 0 0 0 2 0 0 0 0 0 0 31 9 50 27 35 19 0 20 17 6 35 21 0 0 62 13 32 24 0 0 0 0 0 0 0 0 1 0 0 0 0 0 8 0 0 0 0 0 24 27 0 10 0 0 0 0 0 0 0 0 0 0 0 11 0 0 0 0 0 0 0 0 0 0 0 0 0 0 1 0 0 0 0 0 3 0 3 78 1 0 0 16 0 0 0 0 0 0 0 0 0 0 0 0 0 0 0 0 0 0 0 0 0 0 0 11 0 0 0 0 
 42 0 0 0 0 147 3 24 0 0 1 1 0 0 0 2 2 0 0 0 39 56 199 37 79 123 52 131 244 146 227 30 118 301 0 89 113 110 152 98 0 0 0 0 2 3 0 3 3 3 3 0 3 3 0 2 3 3 0 0 0 3 0 1 0 0 0 0 0 0 0 1 49 0 0 0 0 1 0 0 0 0 0 0 1 0 1 0 0 0 0 0 0 0 0 0 0 0 0 0 17 10 29 0 18 21 39 43 43 9 37 1 63 38 4 3 0 9 1 0 0 0 0 0 0 0 0 0 0 0 0 0 0 0 0 0 0 0 17 3 0 5 1 9 0 4 0 0 0 0 0 0 0 0 2 1 0 0 0 0 0 0 0 0 19 0 0 0 0 0 0 0 0 0 0 0 0 0 0 0 19 48 38 11 8 0 16 22 29 23 36 22 1 39 23 31 27 0 0 15 0 0 0 0 0 0 0 0 0 0 1 0 17 0 0 0 0 0 0 20 0 0 0 0 0 0 0 0 0 0 0 0 0 0 0 0 0 0 0 0 0 0 0 0 0 0 0 0 0 0 0 0 0 0 9 0 0 79 0 0 1 1 0 0 0 0 0 0 0 0 0 0 0 0 0 0 0 0 0 0 0 0 0 0 0 0 0 0 0 0 
 0 0 2 3 0 0 0 0 0 0 0 0 0 3 3 0 0 0 0 3 37 54 78 120 77 301 140 47 259 332 305 172 181 129 89 0 66 276 45 68 3 0 2 62 5 6 1 3 3 3 5 1 66 3 1 2 5 3 65 94 0 0 0 3 3 0 0 3 0 3 3 1 0 0 5 2 1 0 0 0 0 0 0 0 0 0 1 0 0 0 0 0 0 0 0 0 0 0 0 1 5 0 1 15 20 13 0 30 10 42 10 33 15 15 0 19 43 48 0 0 21 0 2 0 5 0 0 12 0 0 0 0 29 16 0 0 0 0 8 36 0 0 1 0 0 0 0 0 0 10 0 0 0 0 2 0 0 0 3 8 3 0 0 0 1 0 3 0 0 0 0 0 0 0 0 0 22 0 0 0 9 1 1 8 24 49 0 19 19 24 14 0 1 18 0 18 43 11 0 2 0 0 0 0 0 0 0 0 11 0 1 0 33 0 0 11 0 0 7 12 0 0 0 0 0 0 0 0 0 0 0 0 0 0 0 0 0 0 0 0 0 0 0 0 0 0 0 0 0 0 0 0 0 0 4 0 0 78 42 0 1 2 0 0 0 0 12 0 0 0 0 0 0 0 0 0 0 0 0 0 0 25 0 0 0 0 0 0 0 0 
 3 3 6 3 3 40 3 3 3 1 3 78 5 5 8 4 3 3 5 3 104 339 64 140 252 337 175 44 397 55 103 183 265 167 113 66 0 206 77 130 13 17 0 0 2 3 0 3 3 3 3 0 8 3 0 2 4 3 63 0 0 0 0 3 0 0 0 0 0 0 0 0 0 2 6 0 0 0 0 1 9 0 0 0 0 0 0 0 0 0 0 0 0 3 0 0 2 0 0 0 61 0 8 13 2 0 0 17 19 17 43 9 5 30 0 49 20 10 0 0 0 0 5 0 1 0 2 1 1 0 0 0 31 1 0 2 0 0 3 22 0 0 0 0 0 0 0 2 0 0 0 0 8 0 0 2 0 0 0 0 0 0 0 0 0 0 0 0 0 0 0 0 0 0 0 0 0 0 0 0 83 1 44 14 34 3 11 24 21 11 26 8 0 25 40 0 20 12 0 1 0 0 0 1 0 0 0 0 0 0 0 0 0 0 0 0 0 0 4 1 0 0 2 0 0 0 0 0 0 0 1 0 0 0 0 0 0 0 0 0 0 0 0 0 0 0 0 0 0 0 0 0 0 0 13 1 0 1 43 1 0 14 0 0 0 0 23 0 0 0 0 0 0 0 0 0 2 0 0 0 0 19 0 0 0 14 24 0 0 0 
 0 0 2 0 2 74 3 73 0 0 0 0 0 0 0 0 0 0 0 2 25 143 35 102 30 152 245 40 121 189 84 163 76 162 110 276 206 0 116 35 3 0 0 0 2 3 0 3 3 3 3 0 65 31 63 4 3 3 62 128 0 0 0 0 0 0 0 2 0 0 0 36 0 0 0 0 0 0 0 0 0 0 0 0 0 19 19 0 0 0 0 1 0 0 0 0 0 1 0 0 7 7 11 37 20 0 18 1 7 26 13 7 0 15 0 22 0 11 10 0 0 0 0 0 13 0 0 29 0 0 0 0 13 31 0 0 0 0 14 1 20 0 0 0 0 0 0 0 0 0 0 0 27 0 0 0 0 2 0 0 2 0 0 0 14 0 1 0 0 0 0 0 0 0 0 0 1 0 0 0 0 15 0 27 20 67 1 13 12 24 26 2 0 0 8 16 16 11 1 9 0 0 0 17 9 0 31 29 1 37 0 0 47 0 0 11 0 10 35 34 0 0 0 0 0 0 0 0 0 0 0 0 0 0 0 0 0 0 0 0 0 0 0 0 0 0 0 0 0 0 0 0 0 0 9 0 0 75 76 0 0 17 2 0 0 0 0 0 0 0 0 0 0 0 0 0 0 0 0 16 0 0 0 0 0 1 0 0 0 0 
 3 3 4 78 18 4 3 77 4 5 117 78 3 5 82 7 41 86 3 3 161 55 76 82 79 248 124 72 183 132 47 106 168 389 152 45 77 116 0 163 0 0 0 0 2 3 0 3 6 3 3 0 3 3 0 2 2 3 0 0 0 0 1 0 0 0 0 0 0 1 0 2 0 0 0 0 0 0 0 0 0 0 0 10 19 24 0 10 0 12 5 0 0 0 48 2 19 0 0 0 13 26 16 0 0 0 10 11 18 0 7 2 28 33 0 51 1 11 0 28 0 0 0 0 0 0 0 0 1 0 0 0 0 0 0 0 0 0 1 16 2 0 0 2 0 0 2 0 0 0 0 0 11 0 0 0 0 0 0 1 0 14 0 0 0 10 0 19 0 0 9 13 0 0 0 0 0 10 0 0 37 0 31 26 0 0 0 47 4 0 40 27 0 0 46 0 13 19 56 0 0 0 0 0 0 5 0 0 0 0 0 0 0 0 0 3 24 0 0 2 0 0 0 0 0 0 0 0 0 0 0 0 0 0 1 0 0 0 2 0 0 0 0 0 0 0 35 0 0 1 31 0 0 0 13 10 1 1 0 2 2 26 0 0 0 0 2 0 0 0 0 0 0 2 0 0 0 2 0 0 0 0 0 0 0 0 0 0 0 0 
 2 0 4 18 110 74 0 0 0 0 76 18 0 0 3 0 0 19 0 5 277 147 52 148 81 47 238 47 58 182 63 84 511 143 98 68 130 35 163 0 8 0 0 0 2 3 0 3 3 3 3 0 3 3 3 2 3 3 2 0 0 0 0 2 0 0 0 0 0 0 0 0 0 6 0 1 0 1 0 0 0 0 9 0 12 30 0 0 0 0 33 2 0 0 1 10 0 23 0 0 7 12 22 11 0 12 34 0 0 0 13 0 12 11 21 24 18 0 7 8 0 0 0 0 0 0 0 0 0 0 0 0 0 2 0 13 0 0 0 0 0 0 0 0 0 0 0 0 0 0 0 0 5 0 0 0 1 10 0 0 0 0 0 30 7 0 0 0 0 0 0 0 0 0 0 0 1 8 0 0 12 12 10 11 0 0 10 9 0 0 36 0 16 7 23 0 7 25 29 18 0 0 0 0 0 0 0 0 0 0 0 0 0 0 0 0 19 0 0 0 0 0 0 0 0 0 0 0 0 0 0 0 0 0 0 0 0 0 10 0 0 0 0 0 0 0 0 0 0 0 0 0 0 0 6 0 0 2 1 0 2 15 0 0 0 0 0 0 0 0 0 0 0 0 0 0 8 0 0 0 0 0 1 0 0 0 0 0 0 0 
 0 0 0 0 0 5 0 0 0 0 2 2 0 0 3 0 68 0 0 0 5 6 0 0 0 1 7 2 3 0 0 69 0 0 0 3 13 3 0 8 0 353 122 122 35 237 275 76 151 259 110 53 282 166 159 44 98 179 326 40 0 0 0 0 0 3 3 0 0 0 0 0 0 0 0 3 3 0 5 0 0 0 0 0 0 5 0 0 0 0 0 0 0 0 0 0 0 0 0 0 0 0 0 4 0 18 5 0 5 6 3 0 0 5 0 1 0 0 8 0 1 19 1 10 3 7 0 0 9 7 25 15 0 0 1 5 0 0 0 0 0 0 0 0 1 0 0 0 0 0 0 0 0 0 0 0 0 0 0 19 14 0 0 0 7 0 0 0 8 0 0 0 0 0 0 0 0 0 0 1 0 0 0 0 0 24 0 5 0 1 2 0 0 2 0 0 7 7 0 10 0 30 18 29 0 17 0 22 19 8 8 0 0 25 23 0 14 1 0 0 0 0 0 0 0 0 0 0 0 0 0 0 0 0 0 0 0 0 14 11 0 0 0 0 0 0 0 0 0 0 0 4 0 2 0 0 0 0 3 1 0 0 1 0 0 1 2 31 0 0 8 0 0 0 0 0 0 0 0 0 0 0 0 0 1 0 0 0 2 0 
 6 0 0 0 54 0 4 0 0 0 0 0 6 63 13 0 0 0 0 0 0 0 0 0 0 0 0 0 0 0 0 0 0 0 0 0 17 0 0 0 353 0 454 599 117 48 88 307 147 384 52 39 63 275 287 61 59 253 119 256 2 2 0 3 4 37 54 0 0 0 2 0 0 0 0 6 0 0 0 45 12 5 0 0 0 0 4 0 0 0 0 0 2 5 0 0 0 0 0 0 0 0 0 0 0 0 0 0 0 0 0 0 0 0 0 0 0 0 0 0 0 0 0 7 0 79 0 22 0 21 22 18 0 10 26 11 10 14 13 0 0 27 0 0 0 0 0 0 0 0 0 0 0 0 0 0 0 0 7 22 8 5 3 0 0 0 0 5 0 0 0 4 0 0 13 0 0 0 0 0 0 0 0 0 0 0 0 0 0 0 0 0 0 0 0 0 0 0 0 0 8 39 0 9 0 0 0 0 1 38 1 18 0 26 0 18 29 0 0 0 0 5 0 0 0 0 0 0 0 0 0 0 17 0 0 0 0 0 12 21 0 2 0 0 0 0 0 0 0 0 0 8 0 2 0 0 0 0 2 23 0 0 3 65 0 0 4 22 0 0 0 0 0 0 0 0 0 0 0 0 0 0 0 0 8 0 0 0 2 0 
 0 0 0 0 0 0 0 0 0 3 0 0 0 0 0 0 0 0 0 0 5 0 0 0 1 0 2 3 0 3 0 2 0 0 0 2 0 0 0 0 122 454 0 130 80 37 92 80 451 343 111 163 97 49 368 76 104 198 37 30 2 1 3 0 2 9 26 8 5 3 0 3 0 5 0 0 3 6 25 4 0 0 0 0 0 0 0 0 0 0 0 0 0 0 0 0 0 0 0 0 0 0 0 0 0 0 0 0 0 0 0 17 0 0 0 0 0 0 0 0 0 0 0 12 29 32 0 0 18 39 0 1 0 0 0 19 12 2 0 0 0 19 0 0 32 0 18 0 0 0 0 0 0 10 7 0 0 6 0 28 0 0 7 0 0 0 0 0 0 0 0 4 0 0 8 0 14 0 0 0 0 0 0 16 0 0 0 0 0 0 0 0 0 0 0 0 0 0 0 0 1 19 0 0 0 7 1 0 1 6 0 48 0 13 30 20 20 25 0 0 15 0 0 0 0 0 3 0 0 0 0 0 15 0 0 1 0 0 18 26 0 16 0 0 0 0 0 0 0 0 0 13 0 1 0 0 0 0 1 23 0 0 35 1 0 3 2 4 0 0 0 0 0 0 0 0 0 0 0 0 0 0 0 0 16 0 0 0 1 0 
 0 0 3 2 0 2 0 0 0 2 0 0 0 3 3 0 0 0 0 47 0 0 1 0 0 0 0 4 0 0 0 0 0 0 0 62 0 0 0 0 122 599 130 0 97 43 153 308 188 222 156 50 100 359 147 151 405 95 80 80 20 0 0 0 5 0 3 3 0 0 0 0 1 0 0 1 0 207 10 0 24 0 0 0 0 0 0 0 0 0 0 0 0 0 0 0 0 0 0 0 0 0 0 0 0 0 0 0 0 0 0 0 0 0 0 0 0 0 0 0 13 21 26 25 25 26 0 9 0 8 12 0 0 2 41 23 0 21 0 0 1 21 0 5 0 0 17 11 1 0 2 0 9 1 0 0 9 0 32 24 0 0 0 0 0 0 0 0 0 0 1 5 0 0 4 0 1 0 0 6 0 0 0 0 0 0 0 0 0 0 0 0 0 0 0 0 0 0 0 0 21 50 33 16 2 2 0 12 24 43 28 1 0 6 0 0 14 0 0 0 15 0 0 0 0 0 14 11 4 0 0 0 27 0 4 3 0 0 33 0 0 0 0 0 0 0 0 0 0 0 0 14 0 0 0 0 0 0 0 10 0 0 4 34 0 4 1 2 18 0 17 0 0 0 0 0 0 0 0 0 0 0 0 0 0 0 0 10 0 0 
 0 0 68 3 0 0 3 0 0 0 0 0 0 3 0 0 0 0 0 2 2 2 2 2 6 2 2 2 2 2 2 2 2 2 2 5 2 2 2 2 35 117 80 97 0 148 277 302 108 94 356 144 342 82 152 103 92 378 69 73 3 61 50 18 2 3 67 0 52 0 0 1 21 0 6 9 17 0 1 22 0 0 0 0 0 0 0 0 0 0 0 0 0 0 0 0 0 0 0 0 0 0 0 0 10 0 0 0 0 0 0 0 0 0 0 0 0 0 0 0 9 3 0 3 0 19 0 2 7 16 0 12 1 1 0 0 10 12 0 0 5 19 0 0 0 0 10 0 1 1 1 10 11 12 17 0 0 0 0 9 0 0 11 0 0 0 0 0 0 0 0 7 0 0 5 0 4 0 0 0 0 0 0 0 0 1 0 0 0 0 0 0 0 0 0 0 0 0 0 0 31 7 1 0 5 13 0 0 0 0 0 40 4 5 0 20 0 25 0 0 0 9 15 0 0 19 0 12 21 15 7 0 37 36 5 0 18 5 20 8 0 0 12 0 0 0 0 0 0 0 0 11 0 10 0 0 0 0 0 21 0 0 0 1 0 6 2 0 0 0 0 0 0 0 0 0 0 0 0 0 0 0 0 0 16 0 0 0 0 0 
 0 0 2 0 0 0 4 0 0 0 0 0 0 0 5 0 0 0 0 2 3 3 3 3 3 3 3 3 3 3 5 3 3 3 3 6 3 3 3 3 237 48 37 43 148 0 33 22 110 48 91 61 60 52 62 350 122 58 48 263 56 63 175 0 0 3 55 0 104 79 0 50 60 51 2 97 6 4 58 0 0 0 0 0 0 0 0 0 0 0 0 0 0 0 0 0 0 0 0 5 0 0 0 0 0 0 0 0 0 0 0 0 0 0 0 0 0 0 0 0 0 0 0 9 7 0 0 0 0 6 0 0 0 0 0 0 0 0 0 0 0 42 1 7 0 0 7 0 16 0 57 4 0 0 38 0 1 0 11 20 0 6 1 0 0 0 0 5 0 0 0 0 6 0 0 0 8 0 0 0 0 0 0 0 0 0 0 0 0 0 0 0 0 0 0 0 0 0 0 0 0 10 0 0 10 0 0 0 10 7 2 0 0 0 0 0 0 0 0 0 41 10 18 12 9 24 12 8 27 34 0 31 6 50 13 9 0 10 0 0 0 0 0 0 0 0 0 0 0 0 0 6 0 0 0 0 0 0 0 1 0 0 1 0 0 4 0 1 5 0 42 0 0 1 0 0 0 0 0 0 0 0 0 0 0 0 0 0 0 0 
 3 0 3 7 4 1 3 3 5 0 3 1 3 3 1 1 2 2 1 3 0 0 1 0 0 1 0 0 0 6 6 0 0 1 0 1 0 0 0 0 275 88 92 153 277 33 0 168 184 319 86 45 171 204 254 32 116 71 50 200 0 6 0 0 0 59 5 1 0 0 0 0 0 0 52 0 0 7 0 0 0 0 0 0 0 0 0 11 0 0 0 0 0 0 0 0 0 0 0 0 0 19 0 0 1 0 0 0 0 0 0 8 0 0 0 0 0 0 0 0 17 65 38 13 30 13 2 0 26 1 7 29 0 0 40 13 13 22 1 3 0 1 0 12 0 0 21 0 0 0 19 0 9 0 0 0 0 0 18 0 0 0 0 0 0 0 0 0 32 0 0 0 0 0 0 0 0 0 0 8 0 0 1 1 3 0 0 0 0 0 0 1 0 0 0 0 0 0 0 0 35 14 31 19 0 5 30 0 13 29 28 0 0 19 21 6 19 18 10 0 0 0 0 0 0 0 24 0 0 0 0 0 0 11 0 0 2 0 0 0 0 0 6 0 0 0 0 0 0 0 0 5 0 2 0 0 0 0 2 0 0 0 0 1 0 2 0 3 2 0 0 0 0 0 0 0 0 0 0 0 0 0 0 0 0 0 0 1 2 0 
 0 0 0 0 0 0 0 83 0 0 0 0 0 0 5 0 0 0 0 2 3 3 3 26 70 65 3 3 3 3 5 4 3 3 3 3 3 3 3 3 76 307 80 308 302 22 168 0 201 177 46 36 301 122 77 295 42 470 128 124 0 1 0 0 0 0 0 0 7 205 6 3 0 8 7 13 0 0 0 6 0 0 0 0 0 0 0 0 0 0 8 0 4 0 0 0 0 0 0 0 0 0 0 0 0 15 0 0 0 0 0 25 0 0 0 0 0 0 0 0 41 30 41 13 0 0 23 2 17 21 0 0 0 3 19 0 10 27 9 11 0 0 13 0 0 0 0 0 0 3 0 0 0 0 0 3 0 0 2 0 0 0 0 0 0 0 0 0 0 0 4 0 0 0 0 0 0 0 0 0 0 0 0 0 65 0 0 0 0 0 0 33 0 0 0 0 0 0 0 0 19 2 33 0 0 0 1 0 44 0 22 0 22 0 9 15 0 0 21 0 0 5 8 9 0 0 0 0 0 0 0 8 0 0 0 0 0 0 0 13 0 0 0 0 0 0 0 0 0 0 0 5 0 0 0 0 0 0 0 0 1 0 0 0 0 2 0 0 2 0 0 0 0 0 0 12 0 0 0 0 0 0 0 0 0 8 0 10 0 0 
 0 0 0 0 0 0 0 0 0 0 1 0 0 0 0 0 0 0 0 0 3 3 3 3 3 3 3 88 4 3 3 2 3 3 3 3 3 3 6 3 151 147 451 188 108 110 184 201 0 260 51 47 143 181 385 194 51 155 356 56 0 0 4 0 0 3 0 0 0 0 0 52 0 0 0 0 0 0 53 2 0 0 0 0 0 0 0 0 0 0 0 0 0 0 0 0 0 0 0 0 0 0 0 0 0 0 0 0 0 0 16 0 0 3 0 0 0 0 0 0 6 26 10 57 32 13 0 0 14 17 0 4 0 0 15 1 0 30 0 0 0 49 0 0 3 0 0 0 0 8 0 0 0 0 0 0 0 0 26 15 0 0 0 0 0 0 0 0 7 0 0 0 0 0 0 0 0 0 0 2 0 0 0 0 0 0 0 0 0 0 0 0 0 0 0 0 0 0 0 0 12 27 13 0 2 14 0 0 10 12 13 9 0 29 14 0 38 3 0 0 14 0 0 0 0 0 31 1 0 0 0 0 0 0 0 27 0 0 0 39 0 0 0 0 0 0 0 0 0 0 0 11 0 0 0 0 0 0 0 0 0 0 67 0 2 2 4 120 2 0 0 0 0 0 0 0 0 0 0 0 0 0 0 0 2 16 0 10 0 0 
 0 0 3 0 0 0 1 0 0 0 0 0 0 0 3 0 0 0 0 0 3 3 3 3 3 3 3 5 3 3 3 3 3 3 3 3 3 3 3 3 259 384 343 222 94 48 319 177 260 0 165 56 282 95 129 430 197 112 80 89 56 3 0 0 0 3 0 2 0 0 0 0 4 4 0 0 0 0 0 11 0 4 0 0 0 0 0 0 0 0 0 0 0 0 0 0 0 0 0 0 0 0 0 0 0 0 0 0 0 0 0 0 0 0 0 0 9 0 0 0 16 41 0 20 0 15 0 0 1 6 6 8 0 0 9 17 0 47 1 0 9 9 0 18 1 29 0 0 0 0 13 0 1 0 0 0 11 5 0 1 0 0 0 0 0 0 0 0 7 0 3 0 0 0 0 0 0 0 0 0 0 0 0 0 0 0 0 0 0 0 0 0 0 0 0 0 0 0 0 0 2 18 40 23 0 7 5 11 21 0 41 0 0 42 50 1 31 11 0 0 0 0 21 0 0 0 0 2 0 0 7 0 0 0 5 0 0 0 7 21 0 0 0 0 0 0 0 0 0 0 0 17 0 1 0 0 0 0 1 0 0 0 2 0 3 1 0 64 0 0 8 0 0 0 0 0 0 0 0 0 0 0 0 0 0 0 0 0 1 0 
 0 0 5 0 0 0 5 1 0 0 3 5 0 0 3 0 0 0 0 3 3 3 3 3 3 3 5 3 3 3 3 3 3 3 3 5 3 3 3 3 110 52 111 156 356 91 86 46 51 165 0 798 71 166 145 200 164 224 40 83 0 0 6 0 0 0 0 0 0 0 0 0 57 0 0 13 0 0 51 0 0 0 0 0 0 0 0 0 0 0 0 0 0 0 0 0 0 0 8 0 0 0 0 0 0 0 0 0 0 0 0 0 13 0 0 0 0 0 0 0 0 0 13 8 26 15 0 0 10 4 11 14 0 1 4 28 0 7 0 0 4 2 0 0 4 0 21 6 5 0 0 12 38 4 10 13 0 0 36 0 0 0 0 0 0 0 0 0 1 0 0 0 0 0 0 0 0 0 0 2 0 0 0 0 0 0 0 0 0 0 0 0 0 0 0 0 0 0 0 0 0 24 11 34 25 70 0 1 16 5 5 66 0 9 10 0 6 0 0 0 0 10 0 0 0 0 7 41 0 13 17 0 11 26 18 9 16 0 24 20 0 0 6 0 0 0 0 0 0 0 0 0 0 1 0 0 0 0 1 0 0 0 60 63 36 2 1 0 3 0 5 0 0 10 0 10 0 0 0 0 0 0 4 0 0 0 0 0 0 0 
 3 3 3 3 3 3 3 3 3 2 3 3 3 4 3 3 3 3 3 4 0 0 0 0 11 0 0 0 0 0 0 0 0 0 0 1 0 0 0 0 53 39 163 50 144 61 45 36 47 56 798 0 51 35 97 36 134 103 37 51 0 0 30 199 5 0 0 0 51 0 0 0 0 0 0 17 0 0 102 28 0 0 0 0 0 0 0 0 0 0 0 0 0 0 0 0 0 0 0 0 17 0 0 0 0 0 2 0 0 0 0 0 0 0 0 0 0 0 0 0 2 5 0 16 35 31 0 0 6 25 0 21 0 0 0 0 10 18 0 0 10 0 0 0 1 0 0 0 10 34 0 18 0 17 7 0 14 0 0 0 0 0 5 0 0 0 0 12 0 0 0 0 0 0 0 0 1 0 7 0 0 0 0 0 9 0 0 0 0 0 0 0 0 0 0 0 0 0 0 0 3 0 3 0 18 11 0 0 0 0 12 41 5 10 0 23 0 20 0 0 8 0 0 0 0 0 11 45 0 22 0 0 14 1 7 12 5 12 31 35 0 0 8 0 0 0 0 0 0 0 0 5 0 1 0 0 0 0 1 2 0 2 66 0 0 8 5 0 1 0 0 0 0 13 0 0 0 0 0 0 0 0 0 0 41 0 0 1 0 0 
 0 0 0 24 0 0 0 62 0 0 2 0 0 0 0 0 3 0 8 7 3 3 101 84 66 131 7 10 65 64 6 8 3 4 3 66 8 65 3 3 282 63 97 100 342 60 171 301 143 282 71 51 0 91 96 41 62 50 78 204 0 0 3 3 0 0 0 0 1 35 2 0 0 8 0 1 3 1 0 7 0 0 0 0 0 0 0 0 0 0 0 0 0 0 0 0 0 0 0 0 0 0 6 0 20 10 0 1 0 0 0 38 0 0 0 0 0 18 0 0 16 2 47 0 0 0 19 13 10 13 12 1 29 19 20 0 7 0 23 37 0 0 0 0 0 0 0 0 0 0 0 0 0 0 0 0 0 0 4 0 0 0 0 0 0 0 0 0 20 0 0 0 0 0 0 0 0 0 0 0 0 0 0 5 21 13 2 0 0 0 0 41 0 0 0 0 9 0 0 0 6 2 0 0 0 0 8 14 7 0 0 0 25 21 0 18 0 11 28 7 0 0 0 0 0 0 0 0 0 0 0 0 0 0 0 0 4 5 0 0 0 0 0 0 0 0 0 0 0 0 0 11 0 2 0 0 0 0 2 1 10 0 0 0 0 0 2 0 0 0 0 0 0 0 0 0 0 0 0 12 0 1 0 0 1 12 1 0 2 0 
 0 0 0 8 0 0 0 0 0 0 0 0 0 0 6 3 0 2 0 3 3 3 3 3 24 65 3 3 5 3 6 9 51 3 3 3 3 31 3 3 166 275 49 359 82 52 204 122 181 95 166 35 91 0 342 73 268 326 229 204 0 3 0 0 0 1 0 0 0 2 0 0 0 0 0 61 0 0 1 0 0 0 0 0 0 0 0 0 0 16 0 0 14 0 0 0 0 0 0 0 0 0 0 25 0 0 0 0 0 0 0 0 0 0 0 0 0 0 0 0 8 17 10 0 11 10 0 20 7 0 34 7 0 23 10 18 8 0 15 0 0 2 0 0 3 0 13 0 0 0 0 0 10 0 0 0 0 0 22 0 0 0 0 0 0 0 0 0 5 0 0 0 0 0 0 0 0 0 0 4 0 0 0 0 0 21 0 0 0 0 0 6 0 0 0 0 0 0 0 0 14 5 19 49 0 18 17 87 1 28 6 0 21 11 35 0 59 11 18 7 0 0 0 0 0 0 11 0 0 0 0 0 0 0 0 0 0 0 8 0 0 0 0 0 0 0 0 0 0 0 0 10 0 2 0 1 0 0 2 1 0 0 2 2 0 2 0 0 0 0 8 0 0 0 0 0 0 0 0 20 0 0 0 0 0 9 0 0 2 0 
 0 0 1 0 0 10 0 0 0 0 0 12 2 0 3 0 0 0 0 6 4 3 0 0 0 66 5 0 3 62 3 0 0 0 0 1 0 63 0 3 159 287 368 147 152 62 254 77 385 129 145 97 96 342 0 183 169 164 71 99 0 0 0 0 1 6 4 0 0 0 0 0 56 0 0 0 0 6 0 0 0 0 9 0 0 24 0 0 0 0 0 0 0 0 0 0 0 0 0 0 0 2 0 1 21 0 40 0 1 0 1 27 7 1 0 0 7 0 16 0 34 0 14 7 10 1 0 1 44 6 33 6 0 0 0 11 8 0 1 0 0 7 0 0 1 0 0 0 1 0 0 0 11 0 0 0 0 0 12 10 0 0 0 4 8 0 0 0 0 0 1 0 0 0 0 0 3 0 0 0 0 7 0 0 0 14 7 1 0 0 10 0 10 25 0 0 7 7 0 9 21 14 12 10 1 7 2 31 10 6 7 0 25 1 7 39 0 14 0 0 11 0 0 3 0 0 0 0 0 0 0 0 0 0 0 0 0 0 6 0 0 0 0 0 0 0 0 0 0 0 0 18 0 10 0 0 0 0 1 2 25 0 2 50 0 2 2 1 2 0 6 11 0 0 0 0 0 0 0 0 0 0 0 0 0 0 0 10 1 0 
 0 0 0 2 0 0 0 0 0 0 0 0 0 3 1 0 0 0 0 2 2 2 2 3 2 3 66 4 2 2 2 2 2 2 2 2 2 4 2 2 44 61 76 151 103 350 32 295 194 430 200 36 41 73 183 0 138 179 312 62 0 0 0 0 0 0 0 0 0 0 0 0 0 0 0 0 2 0 0 47 0 23 0 0 0 0 0 0 0 0 0 0 0 0 0 0 0 0 0 0 0 0 0 0 0 0 0 0 0 0 0 0 9 0 0 0 0 0 0 0 1 0 0 6 14 37 7 0 1 31 17 10 0 0 0 33 11 6 0 0 0 16 0 0 0 0 0 0 0 0 0 0 0 1 0 0 0 0 11 14 0 0 0 0 0 0 0 0 0 0 11 0 0 0 0 0 0 0 0 0 0 0 0 0 0 0 0 0 0 0 0 0 0 0 0 0 0 18 0 0 0 38 18 20 2 7 0 18 17 10 22 9 0 1 16 19 0 1 0 0 13 6 0 0 0 0 0 0 0 0 0 0 0 0 0 0 0 0 37 23 0 0 0 0 0 0 0 0 0 0 0 5 0 0 0 0 0 0 0 1 1 0 63 0 0 2 2 1 0 0 16 0 0 0 0 0 0 0 0 0 0 0 0 0 20 0 0 0 0 0 
 19 0 3 2 0 0 0 0 0 0 0 0 0 2 0 0 0 0 3 2 3 3 3 3 3 3 3 4 4 3 3 2 3 8 3 5 4 3 2 3 98 59 104 405 92 122 116 42 51 197 164 134 62 268 169 138 0 365 401 112 0 9 0 0 0 10 0 6 0 1 51 0 0 0 0 0 0 0 0 2 0 0 0 0 0 0 0 0 0 0 0 0 0 0 0 0 0 0 0 0 0 0 0 0 0 0 0 0 0 0 0 0 0 0 0 0 0 0 0 0 0 47 12 0 4 38 0 4 24 12 25 0 0 0 24 17 12 0 1 0 0 0 0 0 0 0 10 0 0 0 0 0 11 0 0 0 50 0 14 0 0 0 0 0 0 0 0 0 1 0 0 0 0 0 0 0 0 0 0 2 0 0 0 0 0 0 0 0 0 0 0 0 0 0 0 0 0 0 0 0 11 30 19 65 0 9 12 23 0 4 2 12 0 9 0 12 19 23 0 0 0 0 0 0 0 0 7 0 0 0 0 0 0 0 0 0 0 0 15 0 0 0 0 0 0 0 1 0 0 0 1 14 0 1 0 0 0 0 1 1 0 1 2 65 1 3 0 0 0 0 2 0 0 0 0 0 0 0 0 0 0 0 0 0 11 1 0 51 0 0 
 0 0 2 0 0 3 0 0 0 0 53 62 0 0 0 0 0 0 0 0 4 3 3 3 3 3 3 3 3 3 3 3 3 3 3 3 3 3 3 3 179 253 198 95 378 58 71 470 155 112 224 103 50 326 164 179 365 0 23 88 0 2 0 0 2 0 0 0 0 1 0 0 0 0 2 5 0 0 53 1 0 0 0 0 0 0 0 0 0 0 0 0 0 0 0 0 0 0 0 0 0 0 0 0 0 0 0 0 0 0 0 0 0 0 0 0 0 0 7 0 0 10 11 21 39 24 0 0 19 10 18 19 0 0 16 21 13 16 0 0 0 0 0 0 9 0 10 0 29 0 0 7 10 9 0 0 0 0 11 0 0 0 0 0 0 0 0 0 3 0 0 0 0 8 0 1 0 0 0 6 0 0 0 0 0 0 0 0 0 0 0 0 0 0 0 0 0 15 0 0 4 19 26 0 34 37 0 0 0 12 11 23 0 18 14 10 10 11 0 0 1 0 0 0 0 0 10 11 0 0 0 0 9 16 0 0 0 0 23 39 0 0 15 0 0 0 0 0 0 0 0 9 0 0 0 0 0 0 0 13 0 0 61 1 3 3 3 0 1 0 0 0 0 0 0 0 0 0 0 0 0 0 0 0 10 0 0 1 0 0 
 0 0 0 3 0 0 0 0 0 0 0 0 0 3 3 0 0 0 0 6 0 0 62 0 74 73 0 0 0 0 0 126 0 0 0 65 63 62 0 2 326 119 37 80 69 48 50 128 356 80 40 37 78 229 71 312 401 23 0 162 0 13 0 0 0 0 0 0 8 0 3 9 5 0 14 0 0 0 0 0 0 0 0 0 0 0 0 0 0 0 0 0 0 0 0 0 0 0 0 0 0 0 0 19 0 7 0 4 0 15 0 0 0 0 0 0 0 25 0 0 0 6 0 0 0 22 1 34 0 0 0 25 17 38 13 0 2 20 7 4 0 0 3 0 0 0 0 0 0 0 0 0 1 0 0 0 0 0 0 0 0 0 0 0 0 0 0 0 19 0 3 0 0 0 0 0 4 0 0 0 0 0 0 14 0 31 0 0 10 0 0 0 0 0 0 0 8 0 0 0 11 0 8 4 0 0 8 14 11 24 20 0 27 9 14 0 31 0 14 0 0 6 8 3 0 0 0 0 0 0 5 4 0 0 0 0 0 0 0 14 0 0 0 0 0 0 0 0 0 0 0 17 10 0 0 0 1 63 0 0 0 0 0 0 0 2 23 0 0 0 0 0 0 0 0 3 0 0 0 0 0 0 0 0 0 0 16 0 0 0 
 0 0 37 0 0 0 0 0 0 36 61 0 0 0 5 0 0 0 0 3 0 0 0 62 68 96 0 1 0 63 3 22 0 0 0 94 0 128 0 0 40 256 30 80 73 263 200 124 56 89 83 51 204 204 99 62 112 88 162 0 0 7 0 0 0 3 0 2 0 0 0 0 0 0 2 2 0 0 0 0 0 0 0 0 0 0 0 0 0 0 0 0 0 0 0 0 0 0 0 0 0 0 6 0 39 26 0 0 0 0 0 43 0 0 0 0 19 0 0 0 8 46 20 0 0 0 12 31 21 0 18 0 19 14 0 0 25 0 35 0 0 0 0 0 0 0 0 0 0 0 0 0 0 0 0 0 25 0 0 1 5 0 0 0 0 0 3 0 0 0 0 0 0 0 0 13 0 0 0 0 0 0 0 13 1 42 10 0 1 0 0 20 0 0 0 0 0 1 0 0 12 1 7 25 0 0 29 11 0 1 0 0 2 0 14 1 0 17 43 13 0 0 0 0 0 0 0 0 0 0 0 0 0 0 0 0 0 0 0 0 0 0 3 0 0 0 0 0 0 0 0 2 0 0 0 0 2 0 0 0 0 0 2 0 0 2 1 1 0 0 0 0 0 1 0 0 0 0 0 7 0 0 0 0 0 8 0 0 0 0 
 2 2 6 2 4 2 5 3 3 0 2 2 2 2 2 2 2 21 2 3 0 0 0 0 0 0 0 0 0 0 2 0 0 0 0 0 0 0 0 0 0 2 2 20 3 56 0 0 0 56 0 0 0 0 0 0 0 0 0 0 0 400 137 200 244 127 229 147 32 29 41 294 88 107 142 50 209 39 95 248 0 10 0 0 0 0 0 0 0 0 0 0 0 0 0 0 0 0 0 0 0 0 0 0 0 22 0 0 0 0 0 0 0 0 0 0 0 0 0 14 0 0 0 0 0 0 0 0 0 0 0 0 0 0 0 0 0 0 0 0 0 0 13 2 9 0 9 24 5 18 1 23 0 26 1 0 23 9 0 10 0 5 0 0 0 8 0 4 0 0 0 0 3 0 0 0 0 0 0 0 0 0 0 0 0 0 0 0 0 0 0 0 0 0 0 0 0 0 0 0 0 0 0 0 0 0 0 0 0 0 0 0 0 0 0 0 0 0 0 0 17 13 30 9 0 0 8 0 10 7 17 9 0 11 20 11 4 10 9 0 0 0 0 0 0 0 0 0 0 0 0 0 0 0 10 0 0 0 0 2 0 0 0 32 0 0 5 0 0 0 8 0 0 0 1 0 0 0 0 0 0 0 0 0 0 0 0 0 0 8 
