 0 187 185 277 253 36 206 115 234 178 45 41 147 144 162 114 305 285 39 52 0 1 1 3 1 0 0 2 0 0 1 0 2 43 0 0 3 2 0 8 0 0 0 3 3 0 0 0 0 0 0 0 2 0 0 0 0 2 0 0 0 36 0 3 0 3 0 0 0 0 0 0 0 4 2 3 0 0 0 4 30 49 2 8 0 8 0 9 1 42 9 0 35 0 4 35 16 2 14 0 1 0 0 0 0 0 10 0 0 0 2 0 2 0 0 0 0 2 0 0 17 0 0 0 0 0 0 0 0 0 1 0 0 0 0 0 12 0 0 0 0 0 0 0 13 0 0 0 0 0 0 0 0 0 0 0 1 0 0 0 19 6 0 19 0 15 10 22 15 38 3 0 8 70 27 7 12 16 14 17 0 0 0 0 0 0 0 0 1 0 0 0 0 0 0 0 0 0 0 0 0 0 0 1 10 0 1 0 0 0 0 0 2 0 0 0 0 0 0 0 0 0 0 42 2 1 0 0 0 0 0 0 1 0 0 0 0 17 0 0 0 0 0 0 0 0 5 0 0 0 0 20 10 0 0 0 0 0 0 0 0 0 0 0 0 0 0 0 0 0 0 0 0 0 0 15 0 20 0 0 0 0 0 0 0 0 0 0 0 0 
 187 0 542 81 255 46 101 67 344 41 32 282 167 283 292 502 345 145 44 133 0 0 0 3 0 0 0 3 0 0 0 0 5 2 0 1 3 3 22 0 2 3 0 3 2 0 0 3 0 0 0 0 2 0 0 0 0 0 0 0 0 3 0 3 0 3 0 0 0 0 0 3 0 2 2 2 5 2 0 1 0 18 0 14 25 0 9 10 45 2 0 20 0 0 37 11 37 12 0 10 10 0 0 0 0 1 12 0 0 0 0 0 3 0 2 1 0 0 34 0 0 0 0 0 0 0 0 1 0 0 0 0 2 0 0 1 0 2 0 0 0 0 0 0 0 0 0 0 0 0 0 0 0 0 0 0 0 0 0 0 19 18 30 0 0 0 47 0 11 0 21 0 16 22 11 108 34 29 19 12 0 0 0 0 0 0 24 22 0 0 0 0 2 7 0 0 0 0 0 0 0 0 0 0 14 0 0 2 0 0 0 0 0 0 0 0 0 0 0 0 0 10 0 0 0 0 0 0 2 0 0 0 0 0 0 0 1 0 10 0 0 0 0 0 0 4 1 1 89 3 3 12 0 0 0 0 0 0 0 0 0 0 0 0 0 0 0 0 0 0 0 0 0 0 0 0 11 0 0 0 0 0 0 0 0 0 0 0 0 0 
 185 542 0 395 283 116 583 76 223 78 64 133 542 47 141 218 393 56 41 140 0 0 0 3 0 0 0 1 0 0 0 0 77 2 3 0 3 2 0 0 0 0 0 1 3 62 0 0 0 0 0 0 2 0 0 6 0 0 0 0 0 2 0 0 0 3 0 0 0 0 0 0 0 3 2 3 0 0 0 0 0 23 0 7 10 0 7 7 0 10 1 22 0 3 17 29 16 36 0 10 0 10 0 0 0 8 0 0 0 0 0 0 14 23 0 0 0 0 0 30 0 0 0 0 0 0 0 0 0 0 0 0 0 0 0 0 0 0 0 0 0 0 0 0 8 0 0 0 0 1 0 0 0 16 0 0 0 0 0 0 9 8 24 37 1 18 9 5 0 12 49 0 7 9 9 6 11 59 16 12 0 0 0 0 0 0 17 31 0 0 0 0 0 0 0 0 0 0 4 28 0 0 0 0 9 0 0 19 0 0 0 0 0 0 0 0 0 0 0 0 0 0 0 1 0 0 0 0 0 0 0 13 0 0 0 0 0 2 0 0 0 9 0 0 0 2 4 2 2 4 15 15 0 0 2 0 0 0 0 0 0 21 26 0 0 0 0 0 0 0 0 0 0 0 0 23 0 16 0 0 0 0 0 0 0 0 0 0 0 0 
 277 81 395 0 289 73 200 72 175 178 243 118 55 158 192 93 267 37 96 65 76 1 2 3 5 0 0 0 0 0 1 1 39 2 0 0 1 2 0 82 0 0 0 50 3 0 0 0 0 0 0 0 2 0 0 4 0 0 0 0 0 36 0 51 0 3 0 0 0 0 0 29 0 3 2 3 0 0 0 0 0 29 7 9 11 0 10 0 0 41 33 1 0 0 10 50 32 10 0 0 10 0 0 1 0 0 0 0 0 0 0 0 11 8 0 0 0 0 32 33 13 0 0 0 0 0 0 0 0 0 0 0 0 0 0 0 0 0 0 0 0 0 0 11 1 0 0 0 0 0 0 0 0 0 12 0 0 0 0 0 0 28 1 0 6 10 0 0 10 2 25 0 0 0 0 0 15 19 0 0 0 0 0 0 0 0 28 29 0 0 0 0 0 0 0 0 0 0 7 0 1 0 0 0 0 0 0 0 0 0 0 0 0 0 0 0 0 0 0 0 0 0 0 0 0 0 0 0 0 0 0 0 0 0 0 0 0 0 0 0 0 0 0 0 0 0 0 0 2 3 8 7 0 0 0 0 0 0 0 0 0 0 15 0 0 0 0 0 0 0 0 0 0 0 0 1 13 16 0 0 0 0 0 0 0 0 0 0 0 0 
 253 255 283 289 0 265 54 153 77 133 88 40 69 227 71 388 441 48 54 81 30 73 0 3 0 0 116 0 0 0 1 0 2 94 148 147 2 3 73 74 0 0 0 69 2 0 0 0 30 0 0 0 2 0 0 4 0 0 0 0 0 3 0 37 0 3 0 0 0 0 0 51 0 2 3 1 0 0 0 0 14 0 1 0 31 11 0 13 0 14 10 0 0 0 0 19 31 14 0 0 38 12 15 0 0 0 7 23 2 27 0 0 8 16 12 14 10 0 16 2 0 0 0 0 0 0 0 0 0 0 0 0 0 0 0 0 0 0 11 0 0 0 0 0 0 0 0 0 0 0 0 0 0 5 0 23 0 0 0 0 0 11 10 0 11 14 0 0 0 0 0 0 0 0 0 0 0 0 0 0 29 0 12 0 0 0 14 12 0 0 0 0 28 6 11 24 25 0 11 45 0 0 0 0 0 0 0 0 0 0 0 0 0 0 0 0 0 0 0 0 0 0 0 0 0 21 0 0 0 0 0 0 0 0 0 0 0 0 0 0 0 0 0 0 0 0 0 2 0 0 0 16 0 0 0 0 0 0 0 0 0 0 16 0 0 0 12 0 0 0 0 0 0 0 0 0 0 0 0 0 0 0 0 0 0 0 0 0 0 0 
 36 46 116 73 265 0 23 31 151 142 155 63 56 56 389 259 70 156 276 62 1 75 3 6 0 4 60 3 0 0 4 2 149 228 76 20 2 6 227 113 0 0 0 4 5 0 0 0 0 0 0 0 5 0 0 7 3 0 0 2 3 3 0 38 6 3 0 0 0 0 0 34 0 2 2 4 0 0 3 0 0 0 2 15 1 38 0 0 0 7 0 32 0 0 0 21 11 20 0 0 34 29 14 0 0 0 24 23 5 38 0 2 9 1 0 10 0 0 17 28 0 0 0 0 0 0 0 0 0 0 0 0 0 0 0 0 0 0 0 0 0 0 0 0 0 0 0 0 0 0 0 0 0 0 0 0 0 0 0 0 1 10 2 0 26 0 0 0 0 0 0 16 3 0 5 0 20 0 0 1 12 13 17 1 0 0 20 0 21 0 3 1 36 17 19 3 16 0 15 2 0 0 0 0 0 0 0 0 0 0 0 0 0 1 0 0 0 0 1 0 0 0 0 0 0 0 0 0 0 0 0 0 0 0 0 0 0 0 0 0 0 0 0 0 0 4 0 0 0 51 0 6 0 0 2 0 0 0 0 0 74 0 5 0 0 0 0 0 0 0 1 0 0 0 0 12 0 0 0 0 0 0 0 0 0 0 0 0 0 0 
 206 101 583 200 54 23 0 192 229 51 121 89 259 65 254 120 74 49 255 232 0 0 0 3 0 0 2 2 0 0 0 100 2 2 0 0 4 2 3 0 0 0 0 62 3 0 0 0 0 0 0 0 2 1 1 0 0 0 1 3 0 2 0 3 0 3 0 2 0 0 0 0 0 21 2 3 0 0 0 0 0 22 0 0 17 5 19 48 31 39 11 9 28 24 20 18 0 22 13 1 2 0 0 0 0 0 0 0 0 0 0 0 12 0 0 0 0 0 15 0 0 0 0 0 0 0 0 0 1 16 0 0 0 0 0 0 11 0 0 0 0 0 0 2 17 0 0 0 0 0 0 1 0 0 0 0 0 0 0 0 0 8 0 34 11 16 10 12 5 22 14 11 11 0 16 0 0 8 0 0 0 2 0 0 0 0 0 0 0 0 0 0 0 0 0 0 0 0 17 0 0 0 0 0 0 0 0 0 0 0 0 2 18 0 0 0 0 0 0 0 0 0 0 0 0 0 0 2 0 0 0 0 0 0 0 0 0 0 0 0 0 0 0 0 0 2 3 1 2 0 2 13 9 0 0 0 0 0 0 0 0 0 0 0 0 0 2 0 0 0 0 0 0 0 0 15 0 15 0 0 0 0 0 0 0 0 0 0 0 0 
 115 67 76 72 153 31 192 0 59 218 12 43 82 282 160 212 10 283 147 60 0 0 0 3 0 0 0 0 0 0 0 2 2 2 0 0 0 2 0 0 0 0 0 52 1 0 0 0 0 0 0 0 2 0 0 0 0 0 0 0 0 3 0 3 0 3 0 0 0 0 0 0 0 3 2 0 0 3 3 11 11 11 8 19 2 0 0 0 0 10 56 2 0 0 0 0 30 0 0 0 0 0 0 12 0 0 0 0 0 0 0 0 0 0 0 0 0 0 17 13 0 0 0 0 2 2 0 0 0 1 0 2 2 0 0 0 11 0 0 0 3 0 1 0 0 0 5 0 0 0 0 0 0 0 0 0 1 2 0 0 6 8 7 0 5 0 10 9 13 47 0 15 6 19 26 0 10 0 1 11 0 0 0 0 0 0 12 0 0 0 0 0 0 0 0 0 0 0 0 0 0 0 1 2 1 0 0 0 1 0 0 0 0 1 0 0 0 2 0 0 0 0 0 0 0 0 2 1 2 0 0 0 1 0 1 0 0 0 2 0 0 0 0 0 0 0 7 0 0 0 0 21 16 0 0 0 0 0 0 0 0 0 0 0 0 0 0 0 0 0 0 0 0 0 0 0 13 0 0 0 0 0 0 0 1 0 0 0 0 0 
 234 344 223 175 77 151 229 59 0 98 138 624 159 155 89 200 241 218 85 93 2 0 1 3 1 2 0 2 0 0 1 2 5 3 2 0 2 2 0 76 0 0 0 13 3 0 0 1 0 0 2 0 2 0 0 4 0 0 0 0 0 5 0 7 0 3 0 3 0 0 0 2 0 2 2 3 1 0 0 0 0 8 3 0 35 0 10 6 15 14 16 38 0 0 23 31 17 16 0 9 10 28 0 0 0 0 0 0 0 0 1 0 22 0 0 0 0 0 24 20 0 0 0 22 0 0 0 0 0 0 0 0 0 0 0 0 0 0 0 0 0 0 0 0 1 0 0 0 0 0 0 0 0 0 0 0 1 0 0 0 0 21 6 7 4 28 0 0 17 2 45 0 11 0 0 0 0 20 0 0 0 0 0 0 0 0 21 21 2 12 0 0 16 0 3 0 0 0 69 13 0 0 0 2 0 0 2 0 0 0 0 0 1 0 0 0 0 0 0 0 0 0 0 0 1 2 0 0 0 0 0 0 2 0 0 0 0 0 0 0 0 8 0 0 0 1 0 0 3 50 2 4 0 0 2 0 0 0 0 0 0 0 10 0 0 0 0 0 0 0 0 0 0 0 0 0 12 16 0 0 0 0 0 0 0 0 0 0 0 1 
 178 41 78 178 133 142 51 218 98 0 70 222 138 77 178 125 126 208 69 120 0 0 0 3 0 0 0 2 0 0 4 0 76 3 0 7 0 76 70 0 4 0 0 66 2 2 0 0 0 0 0 0 2 0 0 0 0 0 0 0 0 7 0 9 0 3 0 0 0 0 0 0 0 2 6 6 0 0 0 4 23 19 15 25 34 0 11 13 24 11 0 30 0 0 3 9 19 12 0 0 12 0 0 0 0 0 10 0 10 0 0 0 0 3 0 1 0 0 22 12 0 0 0 0 0 0 0 0 0 0 0 0 0 0 0 0 0 0 0 0 0 0 0 0 0 0 0 0 0 0 0 0 0 0 0 0 0 0 0 0 4 46 1 16 34 7 10 6 23 28 0 12 11 0 10 18 58 7 0 0 0 0 0 0 0 0 21 0 0 0 0 0 0 0 0 0 0 0 0 0 0 0 0 7 9 0 0 0 0 0 0 0 0 0 0 0 0 0 0 0 0 0 0 0 0 0 0 0 0 0 0 0 0 0 0 0 0 0 0 0 0 0 0 0 0 1 88 0 0 0 0 9 0 0 0 0 0 0 0 0 0 0 0 0 0 0 0 0 0 0 0 0 0 0 0 9 0 0 0 0 0 0 0 0 0 0 0 0 0 0 
 45 32 64 243 88 155 121 12 138 70 0 55 71 300 120 177 271 257 122 144 46 75 0 0 0 0 0 0 0 0 0 0 153 147 1 0 4 0 147 74 0 0 0 1 0 0 0 0 0 0 0 0 0 0 0 4 0 0 0 0 0 0 0 32 2 0 0 0 0 2 0 0 0 0 0 0 0 1 0 0 0 11 6 9 21 0 0 0 11 14 9 10 0 8 17 34 15 23 0 0 5 24 0 8 0 0 19 1 0 13 0 0 15 15 0 0 0 0 47 4 0 0 0 1 0 0 0 0 0 0 0 0 0 0 0 0 0 0 0 0 0 0 0 0 5 6 0 2 0 0 0 0 0 0 0 0 0 0 0 0 0 11 18 25 0 0 21 12 25 0 6 0 1 0 4 0 2 1 0 0 7 0 0 0 0 0 0 1 20 13 2 0 27 0 18 0 0 0 22 1 0 1 0 0 0 0 0 0 0 0 0 0 0 0 1 0 0 0 0 0 0 1 0 0 0 0 0 0 0 0 0 0 0 0 0 0 0 0 0 0 0 0 0 0 0 2 47 1 4 132 17 9 0 0 0 0 0 0 0 0 0 0 48 0 0 0 0 0 2 0 0 0 0 0 0 10 0 0 0 0 0 0 0 0 0 0 0 0 0 0 
 41 282 133 118 40 63 89 43 624 222 55 0 113 119 212 173 195 646 32 120 0 0 0 3 0 1 0 0 0 56 0 0 2 3 0 0 2 2 76 0 0 0 0 3 2 0 0 0 0 0 0 0 2 0 0 0 0 0 0 0 0 3 0 7 0 3 0 0 0 0 0 0 0 2 2 2 0 0 0 0 21 18 0 4 90 14 36 23 49 49 9 10 0 0 27 19 4 24 0 12 1 0 0 0 0 0 0 0 9 0 0 0 7 0 0 0 0 0 27 0 0 0 2 0 0 0 0 0 0 0 0 0 0 10 0 0 0 0 0 0 0 0 0 0 0 0 0 0 1 0 0 0 0 0 0 0 0 0 0 0 0 19 18 12 14 44 29 0 23 27 0 14 29 0 54 2 16 11 0 0 0 0 19 0 2 33 0 0 0 17 0 0 0 2 0 0 0 0 0 0 11 0 0 0 0 0 0 0 0 0 0 0 0 0 0 0 0 0 0 0 0 0 0 0 0 0 0 0 0 0 0 0 0 0 0 0 0 0 0 0 0 0 0 0 0 0 2 0 1 87 4 9 0 0 0 0 0 0 0 0 0 0 0 0 0 0 0 0 0 0 0 0 0 0 0 0 1 18 0 0 0 0 0 0 0 0 0 0 0 0 
 147 167 542 55 69 56 259 82 159 138 71 113 0 324 38 108 31 44 395 156 0 0 0 3 0 0 0 0 0 0 0 2 2 2 0 0 81 2 0 0 0 0 0 2 3 0 0 0 0 0 0 0 3 0 0 0 0 0 0 0 0 2 0 1 0 3 0 0 0 0 0 0 0 2 2 3 0 0 5 1 0 20 79 0 21 10 25 9 7 13 21 0 0 47 29 13 0 15 0 20 0 0 0 0 0 0 17 0 0 0 0 0 7 2 0 0 0 0 13 0 0 0 0 0 2 0 0 0 20 0 0 0 0 2 0 0 0 0 2 20 0 0 0 0 9 0 0 0 0 0 0 0 2 0 1 0 0 0 0 0 6 0 21 30 0 10 32 12 15 14 2 9 17 0 2 3 0 6 0 0 0 0 0 0 0 0 0 0 0 13 1 0 0 0 0 0 0 0 2 0 0 0 0 0 0 0 0 0 0 0 0 0 0 0 0 0 0 0 0 1 0 0 2 0 0 0 0 0 0 0 0 0 0 0 0 0 0 0 0 1 0 0 0 0 0 0 9 0 0 88 0 2 0 0 0 0 0 0 0 0 0 0 0 0 0 14 0 0 0 0 0 0 0 0 0 21 0 0 0 0 0 0 0 0 0 0 0 0 0 0 
 144 283 47 158 227 56 65 282 155 77 300 119 324 0 241 43 229 49 217 240 0 0 0 3 1 0 0 0 1 0 0 0 2 2 0 0 2 2 1 0 0 0 0 70 3 0 0 0 0 0 0 0 2 0 0 0 0 0 0 0 0 2 0 53 0 3 0 0 0 0 0 0 0 2 2 3 0 0 0 0 35 13 6 30 25 0 1 33 9 8 4 0 11 19 9 37 13 14 15 0 0 0 0 0 0 0 0 0 0 0 0 0 12 21 0 0 0 0 19 0 0 0 0 0 0 0 0 0 0 0 0 0 0 0 0 0 9 0 0 0 0 0 0 0 0 0 1 0 0 0 0 0 0 0 0 0 14 0 0 0 0 10 19 13 1 6 5 19 41 0 9 10 1 23 10 0 0 8 22 18 14 0 0 0 0 0 0 0 0 13 0 0 0 0 0 0 0 0 0 0 0 0 0 2 0 0 0 0 0 0 0 0 0 0 0 0 0 0 0 0 0 0 0 0 0 1 0 0 0 0 0 0 0 0 0 0 0 0 0 0 0 0 0 0 0 1 86 0 2 90 0 6 0 0 0 0 0 0 0 0 0 0 0 0 0 0 0 0 0 0 0 0 0 0 0 0 0 1 0 0 0 0 0 0 0 0 0 0 0 0 
 162 292 141 192 71 389 254 160 89 178 120 212 38 241 0 231 269 758 280 133 0 0 0 3 2 0 0 0 0 0 0 2 2 2 0 0 0 2 0 0 0 0 0 76 3 0 0 0 0 0 0 0 2 0 0 0 0 0 0 0 0 2 0 3 0 3 0 0 0 0 0 0 0 2 2 3 0 0 0 0 21 22 14 1 14 10 0 14 31 36 12 10 0 0 11 75 31 18 0 0 10 7 0 0 0 0 0 0 0 0 0 0 15 0 0 0 0 0 29 10 0 0 0 0 4 0 0 0 0 0 0 0 0 0 0 0 0 0 0 0 0 0 0 0 1 0 0 0 0 0 0 0 17 0 0 0 0 0 0 0 8 19 1 12 3 20 0 0 24 3 19 0 7 10 11 15 1 18 0 8 0 0 0 0 0 0 1 0 0 1 0 0 0 0 0 0 0 0 0 0 0 0 0 0 0 0 0 0 0 0 0 0 0 0 0 0 0 0 0 0 0 0 0 0 0 0 0 0 0 19 0 0 0 0 0 0 0 0 0 0 0 0 0 0 0 0 4 0 87 5 0 12 0 0 0 0 0 0 0 0 0 0 0 0 0 0 0 0 0 0 0 0 0 0 0 1 9 16 0 0 0 0 0 0 0 0 0 0 0 0 
 114 502 218 93 388 259 120 212 200 125 177 173 108 43 231 0 218 51 32 279 1 0 2 3 0 0 0 1 0 0 0 0 78 4 0 0 2 2 27 111 0 0 0 4 1 0 0 0 0 0 0 0 2 0 0 4 0 0 0 0 0 3 0 53 0 3 0 0 0 0 0 0 0 2 2 0 0 1 0 0 0 22 46 16 29 10 12 0 19 53 26 44 0 0 8 34 12 36 0 0 12 18 0 10 1 0 0 0 13 0 0 0 14 0 0 0 0 0 64 52 0 0 0 0 0 0 18 0 0 0 0 0 1 0 0 0 0 0 0 0 2 0 1 0 0 0 0 0 0 0 0 0 0 0 0 0 0 1 0 0 0 24 0 13 32 23 12 0 16 11 33 14 12 0 18 1 18 14 0 0 0 0 0 0 0 0 28 1 0 0 5 0 46 0 2 0 0 0 21 0 0 0 0 0 0 0 0 0 0 0 0 0 0 0 0 0 0 0 0 0 0 0 0 0 0 0 1 0 1 0 0 0 0 0 0 0 0 0 0 1 0 0 0 0 0 2 0 0 2 3 0 4 0 0 0 0 0 0 0 0 0 0 14 0 0 0 0 0 0 0 0 0 0 0 0 5 20 8 0 0 0 0 0 0 0 0 0 0 0 0 
 305 345 393 267 441 70 74 10 241 126 271 195 31 229 269 218 0 108 60 339 0 0 0 5 0 69 0 0 0 1 0 0 76 72 0 0 2 2 0 0 0 0 0 65 2 0 0 0 0 0 0 0 2 0 41 6 0 0 0 0 0 3 0 34 0 3 0 0 0 0 33 0 0 2 2 2 0 0 0 0 19 14 21 18 29 0 0 11 9 16 0 0 0 0 31 56 12 33 0 0 0 2 0 0 0 0 0 0 0 0 0 0 13 81 0 0 0 2 0 32 0 0 0 0 0 0 0 0 0 0 0 0 0 0 0 0 0 0 0 0 0 0 0 0 27 0 0 0 0 0 0 0 0 0 0 0 1 0 0 0 0 11 19 40 0 16 0 1 4 10 33 0 2 0 0 0 53 31 0 0 0 0 0 0 0 0 20 18 1 0 0 0 0 0 0 0 0 0 2 0 0 0 0 0 0 0 13 0 0 0 0 0 2 0 0 0 0 0 0 0 0 0 0 0 1 1 0 0 0 0 0 0 0 0 0 0 0 0 0 0 0 0 0 0 0 2 3 0 1 2 14 15 0 0 0 0 0 0 0 0 0 0 2 0 0 0 0 0 0 0 0 0 0 0 0 14 0 15 0 0 0 0 0 0 0 0 0 0 0 0 
 285 145 56 37 48 156 49 283 218 208 257 646 44 49 758 51 108 0 34 61 13 0 0 3 1 0 0 0 0 0 0 0 79 2 4 5 2 5 48 74 0 0 0 4 3 0 0 0 0 0 0 0 2 0 0 0 0 0 0 0 0 7 0 3 0 36 0 0 0 0 0 0 0 2 2 3 0 0 0 0 4 6 25 30 4 2 0 1 31 20 14 64 0 0 7 9 22 23 0 0 13 18 0 0 0 0 14 0 10 0 0 0 0 0 0 1 0 0 34 20 0 0 0 0 0 0 0 0 0 0 0 0 0 0 0 0 0 0 0 0 0 0 0 0 0 0 0 0 0 0 0 0 0 5 0 0 0 0 0 0 19 18 28 0 49 0 0 8 15 15 0 33 52 10 35 30 38 22 2 0 0 0 0 0 0 0 48 0 0 0 0 1 14 1 0 0 0 0 16 0 0 0 0 0 0 0 0 0 0 0 0 0 0 0 0 0 0 0 0 0 0 0 0 0 0 0 1 0 0 0 0 0 0 0 0 0 0 0 37 10 0 0 0 0 0 3 45 3 49 3 1 5 0 0 0 0 0 0 0 0 0 0 0 0 0 0 0 0 0 0 0 0 0 2 0 5 22 0 0 0 0 0 0 0 0 0 0 0 0 0 
 39 44 41 96 54 276 255 147 85 69 122 32 395 217 280 32 60 34 0 300 0 0 0 3 0 2 2 0 0 0 0 0 2 2 0 0 4 2 0 0 0 0 0 1 3 0 0 0 0 0 0 0 2 0 0 66 0 0 0 0 0 2 0 7 0 3 0 0 0 0 0 0 0 3 2 3 0 0 0 0 31 1 11 10 0 0 11 15 20 0 17 0 48 67 0 0 0 10 22 20 0 0 0 19 0 0 0 0 0 0 0 0 0 0 0 0 0 1 0 0 0 0 0 0 0 0 0 0 0 0 0 0 0 0 0 0 0 0 0 0 0 0 0 0 2 0 0 0 0 0 0 9 0 0 0 0 18 0 0 0 1 1 14 7 0 0 9 54 0 1 7 7 2 29 7 14 1 2 31 24 0 0 12 0 0 0 0 0 0 0 0 0 0 0 0 0 0 0 0 0 0 0 0 2 0 0 0 16 0 0 0 0 0 0 0 0 0 0 0 0 0 0 0 0 0 2 0 0 0 0 0 0 0 0 0 0 0 0 0 0 0 0 0 0 0 0 88 0 0 0 0 8 0 2 1 0 0 0 0 0 0 0 0 0 0 0 0 0 0 0 0 0 0 0 0 0 0 0 0 0 0 0 0 0 0 0 0 0 0 0 
 52 133 140 65 81 62 232 60 93 120 144 120 156 240 133 279 339 61 300 0 0 0 0 3 0 0 0 0 0 0 0 0 2 2 0 0 4 2 0 1 3 0 0 120 3 0 0 0 0 0 0 0 2 0 0 39 2 0 0 0 0 2 0 1 0 3 0 0 0 2 2 0 0 3 2 3 0 0 0 0 16 0 0 3 30 0 9 38 27 0 0 0 21 18 35 20 0 6 18 29 0 0 0 0 0 0 0 0 0 0 0 0 9 0 0 0 0 0 0 0 0 0 0 0 0 0 0 0 0 0 0 7 0 0 0 0 0 0 0 0 0 0 0 1 0 0 0 0 0 0 0 2 0 0 0 0 9 0 0 0 28 0 6 0 0 0 14 0 11 0 7 0 20 0 0 9 0 0 4 31 0 1 0 0 0 0 0 0 0 11 0 0 0 0 0 0 0 0 0 0 0 0 0 0 0 0 0 0 0 0 0 1 0 0 0 0 0 0 0 0 0 0 0 0 0 0 0 1 0 0 0 0 0 0 0 0 0 0 2 0 0 0 0 0 0 4 0 0 1 56 2 5 0 0 0 0 0 0 0 0 0 0 0 0 0 0 1 0 0 0 0 0 0 0 0 0 0 0 0 0 0 0 0 0 0 0 0 0 0 0 
 0 0 0 76 30 1 0 0 2 0 46 0 0 0 0 1 0 13 0 0 0 218 149 364 362 23 154 114 196 46 360 39 571 331 152 139 60 44 210 225 0 0 0 0 2 0 0 0 0 0 0 0 0 63 0 0 0 0 0 4 0 3 0 0 0 2 0 0 0 0 0 3 0 0 0 3 0 2 2 0 0 0 0 14 0 2 0 0 0 0 0 0 0 0 0 0 0 0 0 0 19 10 33 13 12 4 33 52 11 20 0 9 0 56 14 20 74 15 0 0 0 0 0 0 0 0 0 0 0 0 0 0 0 0 2 0 0 0 13 0 0 0 0 0 0 0 0 0 0 0 0 0 0 0 0 0 0 0 0 0 0 0 0 0 0 16 0 0 0 0 0 0 49 0 7 0 0 0 0 0 66 12 28 20 23 0 10 0 18 7 17 0 14 19 16 9 0 21 50 22 0 0 0 0 0 0 0 0 0 11 0 2 2 0 2 0 0 0 21 24 0 0 0 0 0 0 0 0 0 0 0 0 13 0 0 1 0 0 0 11 0 0 0 0 0 0 0 0 0 0 18 0 0 0 19 0 1 15 1 2 4 11 0 0 0 0 0 0 0 0 0 0 0 0 0 0 0 0 0 0 0 1 0 0 0 0 0 0 0 0 
 1 0 0 1 73 75 0 0 0 0 75 0 0 0 0 0 0 0 0 0 218 0 286 274 49 350 177 238 352 201 134 39 347 51 191 264 48 122 50 144 0 0 0 2 2 0 0 0 0 0 0 0 0 1 0 0 0 0 0 90 0 36 0 0 0 9 0 0 0 10 0 1 0 0 0 2 0 6 7 0 0 0 0 2 0 0 0 0 2 0 0 0 1 0 0 0 1 0 13 0 27 40 33 0 27 0 18 14 58 31 14 42 0 1 15 20 13 10 0 23 0 0 1 0 0 0 0 1 0 0 0 0 20 0 0 10 0 0 18 16 1 0 0 0 0 0 0 0 0 0 0 0 0 2 0 0 0 0 0 0 11 0 1 0 0 0 0 0 0 0 9 0 0 0 0 0 0 0 13 0 30 11 15 55 1 0 0 0 2 16 20 20 47 0 0 23 23 31 15 0 1 0 0 0 0 0 0 1 0 0 0 0 0 9 0 0 0 0 10 33 0 0 0 2 0 1 0 0 0 0 0 0 0 0 0 0 0 0 0 0 0 0 0 0 0 0 0 0 0 0 1 0 0 0 17 0 2 0 1 2 24 0 0 0 0 0 0 0 0 0 0 0 0 4 0 0 0 0 0 0 0 3 0 2 0 0 0 0 0 0 
 1 0 0 2 0 3 0 0 1 0 0 0 0 0 0 2 0 0 0 0 149 286 0 85 62 138 130 186 151 39 41 23 92 51 195 57 112 21 68 58 0 0 0 2 2 0 0 0 0 6 0 0 64 2 0 0 3 0 0 26 0 10 0 0 0 7 0 7 0 21 0 1 0 0 0 2 0 8 6 1 0 0 0 0 0 18 0 0 0 0 0 0 0 2 0 10 0 0 0 0 0 0 16 24 2 10 10 36 0 27 28 39 24 19 21 1 14 19 0 0 0 0 0 0 2 0 2 10 0 0 0 0 20 0 0 0 0 0 0 12 2 0 0 0 0 0 0 0 9 0 0 0 0 0 0 0 0 0 0 0 0 0 1 0 9 0 0 0 0 1 0 11 1 0 0 0 0 0 0 0 65 25 0 28 43 10 0 11 10 8 22 0 19 0 42 9 0 21 0 7 0 0 0 0 0 0 0 0 0 0 0 0 11 0 0 0 0 0 64 18 0 0 0 0 0 1 0 0 0 0 0 0 23 0 0 0 0 0 0 0 0 0 14 0 0 0 0 0 0 0 0 0 0 0 5 0 0 76 74 1 1 22 0 0 0 0 0 0 0 0 47 0 0 0 0 0 0 0 0 0 0 0 0 0 0 0 0 0 0 0 
 3 3 3 3 3 6 3 3 3 3 0 3 3 3 3 3 5 3 3 3 364 274 85 0 306 292 87 67 54 159 138 418 516 83 55 53 65 268 70 69 160 3 29 0 0 0 64 4 0 0 0 2 62 28 23 2 0 2 125 69 0 0 0 0 0 1 2 0 0 0 0 2 0 0 0 0 0 0 0 0 0 0 0 0 0 0 0 0 0 0 0 0 9 0 2 0 0 0 0 0 0 0 0 25 21 10 0 0 0 2 61 13 0 0 0 0 0 45 0 0 59 1 29 0 0 0 13 24 35 0 0 0 25 41 13 33 0 12 31 32 0 0 2 0 0 0 0 0 0 0 0 0 0 2 2 0 1 0 0 0 0 0 2 0 0 0 0 0 13 0 0 0 0 0 0 0 0 0 0 0 0 0 0 11 26 34 0 0 0 21 12 30 0 0 0 0 42 2 0 0 10 18 0 0 0 0 59 18 0 10 0 0 3 18 24 0 12 6 21 18 0 0 0 0 1 0 0 18 0 1 5 0 0 0 0 0 0 0 0 1 0 0 0 0 0 0 0 0 0 0 0 0 0 0 9 1 0 4 0 4 2 2 2 0 0 0 0 0 0 0 0 0 0 0 0 0 0 0 0 0 0 13 0 0 0 0 0 0 0 3 
 1 0 0 5 0 0 0 0 1 0 0 0 0 1 2 0 0 1 0 0 362 49 62 306 0 148 115 45 81 133 187 219 115 81 282 106 266 99 69 85 33 0 0 0 212 0 3 0 63 1 4 0 63 16 273 0 0 0 66 3 0 3 0 2 0 2 0 0 0 0 0 0 0 0 0 2 0 2 3 0 0 0 0 0 0 0 0 0 0 0 0 0 0 0 0 0 0 0 0 0 0 0 0 0 18 10 0 0 0 12 0 0 0 0 0 0 0 0 0 0 13 12 14 35 5 0 0 32 25 0 0 0 38 0 0 11 0 0 23 13 0 0 0 0 0 0 2 0 0 0 0 0 0 0 0 0 0 0 0 0 0 0 4 0 0 0 0 0 13 0 0 3 0 0 0 0 0 0 0 0 0 0 0 9 0 43 0 0 0 0 0 11 0 2 16 0 1 0 0 0 7 0 40 20 0 0 11 1 0 3 15 1 1 37 11 0 4 0 13 6 0 0 0 0 0 0 0 0 0 0 0 0 0 0 0 2 0 0 0 0 0 0 0 0 0 0 0 0 0 0 0 0 0 0 22 0 2 75 0 1 7 2 0 0 0 0 0 0 0 0 0 0 0 0 0 0 0 0 0 0 0 0 0 0 12 0 0 0 0 0 
 0 0 0 0 0 4 0 0 2 0 0 1 0 0 0 0 69 0 2 0 23 350 138 292 148 0 244 63 102 277 172 354 41 260 49 286 66 46 57 59 154 0 0 0 2 0 60 0 2 0 0 0 29 33 61 0 0 0 61 125 0 3 0 1 0 2 5 0 0 5 0 0 0 0 0 3 0 2 2 0 0 0 0 1 0 0 0 0 2 0 0 0 2 0 0 0 2 0 0 0 0 0 0 10 0 1 0 0 0 0 10 20 0 0 0 0 0 12 0 2 13 0 17 8 0 0 16 31 16 0 0 0 3 8 11 13 0 0 52 40 0 0 0 0 0 0 0 0 0 0 0 0 0 0 0 0 0 0 0 0 46 0 0 0 0 0 0 0 7 0 5 0 0 0 0 0 0 0 2 0 0 0 1 20 0 86 0 0 0 0 6 22 0 0 0 0 27 0 0 0 8 20 0 0 0 0 36 9 0 1 1 0 20 87 15 0 1 0 12 17 0 0 0 1 0 0 0 0 0 0 10 2 0 0 0 0 0 0 0 0 0 0 0 0 0 0 0 0 0 0 0 0 0 0 17 1 2 75 0 0 22 1 0 0 0 0 0 0 0 0 0 0 0 0 0 0 0 0 0 0 0 0 0 0 0 0 0 0 0 0 
 0 0 0 0 116 60 2 0 0 0 0 0 0 0 0 0 0 0 2 0 154 177 130 87 115 244 0 320 232 33 118 28 351 266 234 46 113 43 113 161 2 1 0 0 2 0 0 0 0 0 3 0 2 0 0 0 0 0 0 3 0 3 0 0 0 2 0 49 0 0 0 24 0 0 0 6 0 2 4 0 0 0 0 11 0 25 0 0 0 0 0 0 0 0 0 0 0 2 0 0 11 11 46 0 11 13 1 41 10 57 0 21 55 13 11 19 0 0 0 8 0 0 0 0 0 0 0 0 0 0 0 0 0 0 0 0 0 0 0 1 0 0 0 1 0 0 0 0 0 0 0 0 0 0 0 0 0 0 0 0 0 0 0 0 45 1 0 0 0 0 0 13 0 0 1 2 0 0 1 0 35 48 18 13 9 0 0 11 27 0 0 6 25 3 16 0 10 0 0 43 0 0 0 0 0 0 0 0 0 0 0 0 0 0 0 0 0 0 16 0 1 0 0 0 0 0 0 0 0 2 0 0 0 0 0 0 0 0 0 0 0 0 0 0 0 0 0 0 0 0 0 0 0 1 4 1 0 1 74 0 2 0 0 0 0 0 0 0 0 0 0 0 0 0 0 0 0 0 0 0 0 0 0 0 0 11 16 0 0 0 
 2 3 1 0 0 3 2 0 2 2 0 0 0 0 0 1 0 0 0 0 114 238 186 67 45 63 320 0 234 48 122 319 308 172 132 118 320 130 126 61 0 0 0 0 2 0 0 0 0 0 0 0 0 17 0 0 0 0 1 4 0 4 0 0 0 7 0 0 0 0 0 1 0 19 0 2 0 11 45 0 0 0 0 0 0 0 0 0 0 2 0 16 24 0 0 0 0 0 0 0 0 36 28 11 21 11 0 14 25 35 0 41 12 24 0 1 6 0 0 0 0 0 0 0 0 0 0 1 0 0 0 0 21 0 0 0 0 0 0 8 0 0 0 0 0 0 0 0 0 0 15 0 1 0 0 0 0 0 0 0 0 0 0 8 10 0 17 0 0 0 13 12 5 0 16 0 0 0 18 0 73 22 31 3 8 1 1 12 23 0 15 19 34 7 9 10 0 19 27 32 0 0 0 0 0 0 0 0 0 0 0 0 12 0 0 0 0 0 0 39 0 0 2 55 0 0 0 0 0 0 0 0 0 0 0 0 0 0 0 0 0 22 0 0 0 0 0 0 0 0 0 0 0 9 9 0 0 6 0 2 3 0 0 0 0 0 0 0 0 0 0 0 0 0 0 0 0 0 0 14 0 24 0 0 0 0 14 0 0 0 
 0 0 0 0 0 0 0 0 0 0 0 0 0 1 0 0 0 0 0 0 196 352 151 54 81 102 232 234 0 146 196 217 172 282 154 132 243 40 104 105 0 0 0 0 2 0 0 0 0 0 0 0 0 65 0 0 0 0 0 3 0 3 0 0 0 2 0 0 0 0 0 0 0 0 0 3 0 2 2 0 0 0 0 0 0 0 0 0 0 0 0 0 0 15 0 0 0 0 0 0 0 0 9 12 18 36 1 20 0 0 12 0 0 0 0 15 10 20 0 0 8 0 1 0 0 0 17 0 28 0 0 0 18 0 0 0 0 0 1 3 0 0 0 0 0 0 0 0 0 0 0 0 0 0 0 0 0 1 0 0 0 0 0 0 0 0 0 0 0 0 0 0 3 0 0 0 0 0 0 0 12 35 15 0 42 14 0 0 44 12 21 13 0 23 10 10 20 18 2 6 0 10 0 0 0 0 1 0 0 0 0 0 21 9 0 0 0 0 21 0 0 0 0 0 0 0 1 0 14 0 0 0 0 0 0 0 0 0 1 0 0 0 6 0 16 0 0 0 0 0 0 0 0 0 4 0 0 153 77 0 1 19 0 0 0 0 0 0 0 0 0 0 0 0 0 0 0 0 0 0 0 13 0 0 0 0 1 0 0 0 
 0 0 0 0 0 0 0 0 0 0 0 56 0 0 0 0 1 0 0 0 46 201 39 159 133 277 33 48 146 0 238 32 145 140 172 162 145 183 86 173 0 0 1 0 2 0 0 0 0 0 0 0 0 67 0 0 0 0 57 64 0 3 0 0 0 2 0 0 0 0 0 1 0 0 0 3 0 2 3 0 0 0 7 0 0 0 0 0 0 0 0 0 0 0 0 0 0 0 0 0 0 17 21 10 10 23 14 6 20 35 13 30 1 0 0 9 0 10 0 1 11 0 12 0 0 0 17 9 25 0 0 0 19 8 21 9 1 0 36 28 0 0 0 0 0 0 0 0 0 0 0 0 0 0 0 0 0 0 0 0 3 0 0 1 0 0 1 2 2 0 4 0 0 0 0 0 1 0 4 0 19 11 1 38 30 12 0 0 23 0 0 22 18 0 5 31 31 18 9 8 10 23 0 8 0 0 8 1 0 0 0 0 12 14 0 0 0 0 11 13 0 0 0 0 0 0 0 0 14 0 0 0 0 0 0 0 0 0 0 0 0 0 0 0 0 0 0 0 0 0 0 0 0 0 17 0 0 2 0 0 8 0 0 0 0 0 0 0 0 0 0 0 0 0 0 0 0 0 0 0 0 32 0 0 0 0 22 0 0 0 
 1 0 0 1 1 4 0 0 1 4 0 0 0 0 0 0 0 0 0 0 360 134 41 138 187 172 118 122 196 238 0 310 33 403 73 178 177 121 42 339 72 0 0 0 6 0 0 0 0 0 0 26 6 3 2 0 4 0 2 3 0 4 0 1 3 2 0 3 0 1 0 6 2 0 3 3 2 3 2 0 0 0 0 0 0 0 1 0 0 0 0 0 0 0 0 0 0 0 2 0 0 1 47 9 27 41 0 10 15 42 2 1 2 56 30 19 13 9 0 0 0 0 1 8 2 0 47 0 9 0 0 0 18 9 11 0 0 0 41 51 2 0 0 0 0 0 0 0 2 0 0 0 4 0 0 0 0 0 0 0 0 0 0 0 0 2 0 0 0 0 1 0 0 0 0 0 0 0 49 0 0 22 17 7 22 37 0 0 16 13 24 12 0 0 10 12 10 10 1 0 7 16 0 0 0 0 12 0 0 1 21 0 25 1 0 0 0 0 2 34 0 0 0 2 0 1 3 0 0 0 0 0 0 0 0 0 0 0 0 0 0 0 0 0 0 0 1 0 0 0 0 0 0 0 10 1 0 157 1 0 23 0 0 0 0 0 0 0 0 0 0 0 0 0 0 0 0 0 0 0 0 0 0 0 0 1 1 0 0 0 
 0 0 0 1 0 2 100 2 2 0 0 0 2 0 2 0 0 0 0 0 39 39 23 418 219 354 28 319 217 32 310 0 37 452 47 54 92 64 232 25 133 0 0 0 2 0 122 0 0 1 0 0 1 0 63 0 1 4 1 3 0 3 0 0 0 2 6 0 0 0 0 0 0 0 1 3 0 2 2 0 0 0 0 0 1 2 0 0 0 0 0 2 0 0 0 0 0 0 0 0 18 0 0 18 67 28 1 0 13 0 52 0 0 0 0 15 2 1 0 0 33 17 23 12 0 0 19 0 27 13 0 0 10 0 11 0 0 32 5 13 17 0 0 0 0 0 0 0 0 0 0 0 0 0 0 0 0 0 0 0 0 0 8 0 0 0 0 0 13 0 0 1 0 0 0 0 0 0 0 0 0 17 23 0 32 11 0 0 1 0 46 0 0 1 10 2 12 0 7 0 18 0 0 0 0 0 22 0 0 1 1 1 24 26 2 0 39 18 19 47 0 0 0 0 0 0 0 0 0 0 0 0 0 26 0 0 0 0 0 0 0 0 5 0 0 0 0 0 0 0 0 0 0 0 4 5 0 80 17 0 4 1 0 0 0 0 0 0 0 0 0 0 0 0 0 0 0 0 0 0 0 0 0 0 0 0 0 0 0 0 
 2 5 77 39 2 149 2 2 5 76 153 2 2 2 2 78 76 79 2 2 571 347 92 516 115 41 351 308 172 145 33 37 0 474 45 48 88 118 321 109 0 0 0 0 2 2 0 0 2 0 0 0 0 66 0 0 0 50 0 11 0 2 0 0 3 53 2 0 0 0 0 2 0 0 0 2 0 2 3 0 0 0 0 14 0 14 0 0 0 12 0 17 0 0 3 1 0 12 0 0 19 18 47 20 11 19 56 12 35 0 0 10 11 19 4 1 12 0 13 8 0 0 0 0 0 0 5 12 0 0 0 0 0 2 0 0 0 0 0 0 0 0 0 0 0 0 0 0 0 0 0 0 0 0 11 0 0 9 0 0 0 0 0 0 9 0 0 0 0 0 14 12 4 0 3 0 46 0 0 0 2 0 16 38 21 0 0 31 18 42 12 0 19 51 30 1 23 2 9 5 0 0 0 0 0 0 0 0 0 0 0 0 0 0 0 0 0 0 0 0 0 0 0 0 0 0 0 0 0 0 0 0 19 0 0 0 0 2 0 0 0 0 0 0 0 0 0 0 0 73 27 0 0 0 13 2 1 0 0 2 3 0 0 0 0 0 0 0 0 0 0 0 0 0 0 12 0 0 0 0 0 49 0 0 0 0 0 0 0 0 
 43 2 2 2 94 228 2 2 3 3 147 3 2 2 2 4 72 2 2 2 331 51 51 83 81 260 266 172 282 140 403 452 474 0 111 204 246 84 195 363 0 0 0 0 2 2 0 0 0 0 0 0 0 73 62 0 0 0 0 6 0 2 0 0 0 2 0 0 0 0 51 53 0 0 0 2 0 2 3 0 0 0 0 0 0 26 0 0 0 0 0 1 0 0 0 0 0 0 0 0 17 24 19 0 12 21 77 34 0 44 0 67 0 7 12 48 33 0 0 0 0 0 0 0 0 0 0 0 0 0 1 0 0 0 0 2 9 0 0 0 0 0 0 0 0 0 0 0 0 0 0 0 0 0 0 2 0 0 0 0 0 0 0 0 6 0 0 0 0 0 0 1 8 0 6 1 0 0 0 0 35 30 16 11 6 0 1 0 38 11 15 15 11 44 33 13 12 11 10 0 0 0 0 2 0 0 0 0 0 2 0 0 0 0 0 2 0 0 0 0 0 0 0 0 0 0 0 0 0 0 0 0 0 0 0 0 0 0 0 0 0 0 0 0 0 0 0 0 0 74 0 0 0 0 14 2 0 1 0 0 2 0 0 0 0 0 0 0 0 0 0 0 0 0 0 0 0 0 0 0 0 0 0 0 0 0 12 0 0 1 
 0 0 3 0 148 76 0 0 2 0 1 0 0 0 0 0 0 4 0 0 152 191 195 55 282 49 234 132 154 172 73 47 45 111 0 136 119 101 51 379 0 0 0 0 3 0 0 0 0 0 0 0 0 2 0 0 0 0 0 3 0 3 0 0 9 2 0 3 0 0 0 2 0 0 0 4 0 2 2 0 0 0 0 0 0 16 0 0 0 0 0 0 0 0 0 0 0 0 0 0 11 11 52 30 0 1 15 25 42 0 0 10 49 52 21 1 12 1 0 6 0 0 0 0 0 0 0 0 0 0 0 0 0 2 0 0 0 0 17 0 0 22 0 0 6 0 0 0 0 0 0 0 0 0 0 0 0 0 0 11 0 0 0 0 9 17 0 0 0 0 0 13 0 0 0 0 0 0 0 0 41 39 17 10 0 0 11 12 43 0 1 19 25 22 36 0 0 14 70 45 0 0 0 0 0 33 0 1 0 0 0 0 0 0 0 2 0 0 11 0 0 0 0 6 0 0 0 0 0 0 0 0 0 0 3 0 0 0 0 0 0 0 0 0 0 0 0 0 1 0 0 0 0 0 4 1 2 75 74 0 2 0 0 0 1 0 22 0 0 0 0 0 0 0 0 0 0 0 0 0 0 2 0 0 0 0 0 0 0 1 
 0 1 0 0 147 20 0 0 0 7 0 0 0 0 0 0 0 5 0 0 139 264 57 53 106 286 46 118 132 162 178 54 48 204 136 0 93 39 152 119 6 4 0 2 5 0 0 0 0 0 0 3 0 3 0 2 0 0 0 4 0 8 3 0 0 4 0 0 0 0 0 33 0 0 0 3 0 6 7 2 0 0 0 0 1 11 0 0 0 0 0 0 0 0 0 0 0 0 0 0 22 0 25 0 38 9 19 23 44 32 4 0 0 36 12 26 11 23 0 10 21 0 1 0 0 0 0 0 0 0 1 0 9 0 0 2 0 0 36 0 0 0 0 0 0 0 0 0 0 0 0 0 0 0 0 2 0 0 0 0 8 0 0 0 13 18 0 0 0 0 10 2 0 0 0 0 0 0 7 0 9 21 31 4 20 1 11 3 0 14 29 1 0 0 28 11 40 17 45 10 1 0 0 2 0 1 0 1 0 0 0 0 9 9 0 21 0 0 22 55 0 0 0 0 0 0 0 0 0 0 0 0 0 0 0 0 0 0 0 0 0 0 10 0 0 0 0 0 0 0 0 0 0 0 5 0 3 151 13 2 21 0 0 0 0 0 26 0 0 0 0 0 0 0 0 0 0 0 0 5 0 0 0 0 0 0 0 0 0 0 
 3 3 3 1 2 2 4 0 2 0 4 2 81 2 0 2 2 2 4 4 60 48 112 65 266 66 113 320 243 145 177 92 88 246 119 93 0 263 106 195 3 0 0 2 2 0 0 0 0 58 0 0 0 0 2 0 0 0 0 4 2 3 0 0 0 2 0 0 0 0 0 2 0 0 0 2 1 2 3 0 12 0 0 0 0 11 0 0 0 0 0 0 0 0 0 0 0 0 0 0 0 18 36 30 30 45 8 6 28 21 13 11 0 1 13 5 0 8 0 12 0 0 0 0 0 0 0 0 0 0 0 0 0 0 0 20 0 0 0 20 0 0 0 0 1 0 6 0 0 1 1 0 0 0 0 0 0 0 0 0 0 2 0 0 3 0 0 0 0 0 0 0 0 0 0 0 1 0 0 0 10 10 49 26 17 0 0 0 39 19 0 6 23 24 22 12 0 10 2 25 0 0 0 0 0 0 0 0 0 10 0 0 0 0 0 0 15 0 0 0 0 0 0 0 0 0 0 0 0 1 1 0 15 0 0 0 0 0 0 0 0 0 0 0 0 0 0 0 0 0 0 0 0 0 4 0 1 16 0 0 4 0 0 0 0 0 0 0 1 0 1 0 0 0 0 0 0 0 0 0 0 8 0 0 0 7 14 0 0 1 
 2 3 2 2 3 6 2 2 2 76 0 2 2 2 2 2 2 5 2 2 44 122 21 268 99 46 43 130 40 183 121 64 118 84 101 39 263 0 32 139 0 0 0 5 2 0 0 0 0 0 2 0 0 3 0 0 0 0 0 12 5 10 0 0 0 39 0 0 0 0 0 3 0 0 0 2 0 14 62 5 0 0 0 0 0 20 0 0 0 0 0 0 0 0 0 0 0 0 0 0 1 23 82 23 12 18 0 33 46 41 0 30 9 0 38 1 20 20 0 17 0 0 0 0 0 0 0 1 0 0 0 0 21 0 0 0 0 0 18 0 0 0 0 0 0 0 0 0 0 0 0 0 0 0 0 0 0 0 0 0 14 0 0 0 0 0 0 0 0 0 9 0 0 0 0 0 0 0 8 0 0 12 13 37 21 0 0 0 5 35 0 0 20 12 33 26 18 41 2 16 1 0 0 0 0 0 0 1 0 0 0 0 0 9 0 0 9 0 0 37 0 0 0 0 0 0 0 0 0 0 0 0 19 0 0 0 0 0 0 0 0 0 0 0 0 0 0 0 0 0 0 0 0 0 18 0 1 2 2 0 22 0 0 0 0 0 0 0 0 0 0 0 0 0 0 0 0 0 0 0 0 17 0 0 0 11 14 0 0 0 
 0 22 0 0 73 227 3 0 0 70 147 76 0 1 0 27 0 48 0 0 210 50 68 70 69 57 113 126 104 86 42 232 321 195 51 152 106 32 0 188 0 4 0 0 3 0 0 0 0 0 0 0 0 63 0 0 0 0 3 5 0 2 0 0 0 2 1 0 0 0 0 0 0 0 0 1 0 0 3 0 0 0 19 14 0 14 0 0 20 10 0 50 0 0 0 10 10 10 0 0 24 12 1 0 0 19 23 26 17 9 0 13 0 4 10 1 15 0 25 13 13 0 0 0 0 0 0 0 0 0 0 0 0 0 0 0 0 0 0 0 0 0 0 0 0 0 0 0 0 0 0 0 0 0 2 0 0 0 0 0 0 49 0 0 16 0 0 0 9 0 0 0 13 0 14 17 66 0 0 0 11 11 7 15 0 0 21 0 13 7 15 0 11 17 28 0 0 9 30 1 0 0 0 0 0 0 0 0 0 0 0 0 0 0 0 0 0 0 0 0 0 0 0 0 0 0 1 0 0 0 2 0 0 0 0 0 0 0 0 0 0 0 0 0 0 0 0 0 0 73 0 0 0 0 0 0 0 2 0 2 2 2 0 0 0 0 1 0 0 0 0 0 0 0 0 7 0 0 0 0 0 0 0 0 0 0 0 0 0 0 
 8 0 0 82 74 113 0 0 76 0 74 0 0 0 0 111 0 74 0 1 225 144 58 69 85 59 161 61 105 173 339 25 109 363 379 119 195 139 188 0 3 2 0 0 2 0 2 6 0 0 0 0 0 0 0 0 2 0 0 6 0 3 0 2 0 2 1 0 4 0 0 102 0 0 0 2 0 4 4 0 0 0 9 0 2 22 0 2 0 0 0 13 0 0 0 0 0 0 0 0 7 8 25 10 0 27 27 58 50 14 41 12 13 2 20 24 14 11 0 24 0 0 0 0 0 0 0 0 0 0 0 1 0 0 1 0 0 0 1 0 0 0 0 0 0 0 0 0 0 0 0 0 0 0 13 0 0 0 0 0 0 0 0 0 19 2 0 0 0 0 0 0 0 0 0 0 0 0 0 0 1 20 46 14 9 0 1 0 18 30 17 16 24 27 11 0 11 15 16 12 0 0 0 0 0 0 0 0 0 0 0 0 0 0 1 0 0 0 0 0 0 0 0 3 0 0 0 0 0 0 0 0 0 0 0 0 0 16 0 0 0 0 0 0 0 0 0 0 0 73 0 0 0 0 6 2 4 79 1 0 2 0 0 0 0 0 0 0 0 0 0 0 0 0 0 0 5 0 0 0 0 0 0 0 0 20 2 0 0 0 
 0 2 0 0 0 0 0 0 0 4 0 0 0 0 0 0 0 0 0 3 0 0 0 160 33 154 2 0 0 0 72 133 0 0 0 6 3 0 0 3 0 313 77 44 25 45 226 177 42 251 44 42 130 80 387 42 64 70 46 135 0 0 0 1 2 0 25 0 0 3 3 0 0 0 0 0 3 0 0 0 0 0 0 0 0 0 0 0 0 0 0 0 0 0 0 0 0 0 0 0 0 0 0 6 5 0 0 0 0 0 14 20 0 0 0 0 0 8 0 0 0 0 25 29 0 0 0 20 9 0 0 0 8 0 32 0 0 31 18 0 0 0 0 0 0 0 0 0 0 0 0 0 0 10 0 0 0 0 0 0 4 0 0 0 0 0 0 0 6 0 0 0 0 0 0 0 0 0 0 0 0 0 2 0 15 77 0 0 0 0 34 4 0 0 0 0 0 0 0 0 24 7 0 0 7 0 40 4 0 0 0 0 19 25 7 0 16 64 10 19 16 0 0 0 0 0 0 0 1 0 0 0 0 0 0 0 0 0 0 0 0 0 0 0 0 0 0 0 0 0 0 5 0 0 0 0 0 61 0 0 0 0 0 0 2 4 2 0 0 0 0 0 0 0 0 0 0 0 0 0 0 0 0 0 0 0 0 12 2 0 
 0 3 0 0 0 0 0 0 0 0 0 0 0 0 0 0 0 0 0 0 0 0 0 3 0 0 1 0 0 0 0 0 0 0 0 4 0 0 4 2 313 0 384 64 111 101 132 126 300 104 44 98 161 52 136 106 464 306 149 104 20 0 18 0 0 4 3 0 51 6 2 4 8 0 0 9 6 59 0 0 0 0 0 0 0 0 0 0 0 0 0 0 0 0 0 0 0 2 0 0 0 0 0 0 62 0 0 0 0 0 7 0 0 0 0 0 0 0 0 0 21 11 16 0 21 5 10 11 3 0 22 14 4 19 13 10 17 15 1 0 0 0 5 0 0 6 14 0 22 3 0 7 0 6 11 0 6 1 12 0 0 0 0 0 0 0 0 0 0 0 0 0 0 0 0 0 0 0 0 0 0 0 0 0 0 0 0 0 0 0 0 0 0 0 0 0 0 0 0 0 0 42 10 27 1 0 11 17 42 18 34 15 0 1 27 18 10 10 0 0 4 10 16 0 0 0 0 5 0 7 0 0 10 14 9 0 0 0 0 0 0 0 0 0 0 0 0 2 0 0 0 6 0 2 0 0 0 26 1 0 0 0 0 0 67 24 0 0 0 0 0 0 1 0 0 2 0 0 0 0 0 0 0 0 11 0 0 0 0 0 
 0 0 0 0 0 0 0 0 0 0 0 0 0 0 0 0 0 0 0 0 0 0 0 29 0 0 0 0 0 1 0 0 0 0 0 0 0 0 0 0 77 384 0 129 330 94 125 262 365 176 288 385 143 48 47 87 354 29 47 50 0 0 0 0 0 0 67 0 0 0 0 2 0 0 0 1 1 0 0 0 0 0 0 0 0 0 0 0 0 0 0 0 0 0 0 0 0 0 0 0 0 0 0 0 0 0 0 0 0 0 0 0 0 0 0 0 0 0 0 0 50 35 8 0 4 20 8 1 0 18 33 12 0 21 29 1 12 7 0 0 8 0 0 0 0 0 10 16 0 0 0 0 0 10 0 0 0 2 7 0 0 0 0 0 0 0 0 0 1 0 0 0 0 0 0 0 29 0 0 0 0 0 0 0 0 0 0 0 0 0 0 0 0 0 0 0 0 0 0 0 9 29 10 59 16 12 0 6 24 15 4 15 3 0 27 23 10 25 0 0 30 45 0 0 0 0 3 15 0 0 6 0 9 25 8 0 0 0 17 0 0 0 0 0 0 0 0 0 15 2 0 5 0 2 0 0 1 0 1 0 66 0 0 0 0 4 0 0 2 0 14 0 0 0 0 0 0 0 0 0 0 0 4 0 0 0 0 3 0 6 
 3 3 1 50 69 4 62 52 13 66 1 3 2 70 76 4 65 4 1 120 0 2 2 0 0 0 0 0 0 0 0 0 0 0 0 2 2 5 0 0 44 64 129 0 92 48 158 57 315 147 419 34 60 71 56 59 66 84 85 81 0 3 0 0 2 3 52 60 0 2 0 2 0 2 3 2 0 0 0 20 0 0 0 0 0 0 0 0 0 6 31 0 0 0 0 0 8 0 0 0 0 1 0 0 0 0 0 0 0 0 0 0 0 0 0 0 0 0 15 12 2 10 0 0 0 0 0 1 25 7 13 0 0 0 0 0 11 0 0 0 1 0 9 0 0 0 0 18 1 8 0 0 0 0 22 5 0 0 0 0 0 0 0 0 6 0 12 0 0 0 0 0 0 0 0 0 0 0 0 0 0 0 0 0 0 0 8 9 0 0 0 0 0 0 0 0 0 0 0 0 0 0 10 55 20 27 0 11 0 7 0 15 3 0 3 0 12 14 0 0 0 0 0 0 5 0 22 21 0 0 0 0 0 0 0 0 0 10 16 11 0 0 0 0 0 0 0 0 0 1 0 0 0 0 0 0 0 0 0 8 0 0 1 0 1 4 0 0 2 0 17 0 0 0 0 0 12 0 0 0 0 0 4 0 10 0 0 0 0 0 
 3 2 3 3 2 5 3 1 3 2 0 2 3 3 3 1 2 3 3 3 2 2 2 0 212 2 2 2 2 2 6 2 2 2 3 5 2 2 3 2 25 111 330 92 0 141 50 113 217 70 397 122 91 72 282 137 80 146 62 300 0 22 0 0 0 0 0 56 53 0 0 2 0 0 0 0 0 4 0 1 0 0 0 0 0 0 0 21 0 7 0 0 0 0 0 0 0 0 0 0 0 0 0 0 21 0 0 0 0 0 0 0 0 0 0 0 0 0 0 0 0 3 6 0 2 29 0 1 0 15 70 12 0 17 0 9 25 14 0 0 14 0 11 0 0 0 26 1 0 7 0 58 16 31 0 20 0 2 25 0 0 0 0 0 0 0 0 0 2 0 0 0 0 0 0 0 0 0 0 0 0 0 0 0 0 0 0 0 0 0 0 0 0 0 0 0 0 0 0 0 0 19 19 0 9 1 0 0 0 17 20 28 3 6 13 19 0 20 0 0 30 50 10 0 0 0 1 1 0 0 0 0 27 20 18 0 4 0 48 19 0 0 0 0 0 0 0 0 0 0 0 2 0 2 0 0 1 0 0 11 0 0 63 64 1 2 1 5 0 0 0 0 0 0 0 0 0 0 0 0 0 0 7 0 2 0 0 0 0 0 
 0 0 62 0 0 0 0 0 0 2 0 0 0 0 0 0 0 0 0 0 0 0 0 0 0 0 0 0 0 0 0 0 2 2 0 0 0 0 0 0 45 101 94 48 141 0 281 129 283 42 88 131 39 64 81 64 65 100 57 74 4 7 52 0 5 0 26 3 22 0 2 2 106 6 17 53 0 19 104 1 0 0 0 0 0 0 0 0 0 0 0 0 0 0 0 0 0 0 0 0 0 0 0 0 0 0 0 0 0 0 0 0 0 0 0 0 0 0 0 0 0 0 6 0 6 60 0 0 0 17 0 29 0 0 0 0 11 0 0 0 0 35 0 6 0 0 21 13 0 2 9 19 8 0 1 2 2 34 45 11 0 0 0 0 0 0 0 0 2 0 0 0 0 0 0 0 0 0 0 0 0 0 1 0 0 0 0 0 0 0 2 0 0 9 0 0 0 0 0 0 0 0 0 0 0 0 0 0 0 19 10 11 0 0 12 11 0 10 0 0 29 15 12 6 0 0 1 1 6 0 4 0 8 19 60 43 25 7 56 28 0 0 0 0 0 0 0 0 0 0 0 7 0 0 0 0 0 2 0 0 0 3 0 0 0 1 0 0 0 0 9 0 0 7 0 10 0 0 0 0 0 0 0 0 0 0 0 0 2 0 
 0 0 0 0 0 0 0 0 0 0 0 0 0 0 0 0 0 0 0 0 0 0 0 64 3 60 0 0 0 0 0 122 0 0 0 0 0 0 0 2 226 132 125 158 50 281 0 85 290 17 36 95 277 41 84 56 108 60 269 51 0 0 0 0 0 0 3 0 0 0 0 0 0 0 0 0 0 0 0 0 0 0 0 0 0 0 0 0 0 9 0 0 0 0 0 0 0 1 0 0 0 0 0 11 21 9 0 0 0 10 5 18 0 0 0 0 0 6 0 0 6 10 20 0 2 0 19 27 37 17 0 0 19 1 0 0 1 19 0 0 0 0 0 0 1 11 0 0 0 0 0 0 0 0 0 2 0 0 0 0 0 0 3 0 0 0 0 0 17 0 1 0 0 0 0 0 0 0 0 0 0 0 0 0 16 19 0 0 0 0 10 8 0 0 0 0 0 0 0 0 32 0 7 6 0 10 32 40 1 1 0 0 0 8 8 10 18 19 10 0 0 0 0 0 9 0 0 0 0 0 0 18 0 0 0 0 0 0 0 0 0 0 0 0 0 0 0 0 0 0 0 0 0 0 0 0 0 0 0 0 0 0 0 0 3 0 5 0 0 0 56 0 0 0 0 0 0 0 0 0 0 0 0 0 10 0 0 0 0 0 
 0 3 0 0 0 0 0 0 1 0 0 0 0 0 0 0 0 0 0 0 0 0 0 4 0 0 0 0 0 0 0 0 0 0 0 0 0 0 0 6 177 126 262 57 113 129 85 0 190 113 38 165 127 92 132 97 113 98 144 169 5 4 3 5 1 0 1 2 0 6 10 8 49 2 4 7 4 4 0 2 0 0 0 0 0 0 0 0 0 0 0 0 0 0 0 0 7 0 0 0 0 0 0 0 10 0 0 0 0 0 9 0 0 0 0 0 0 0 0 0 15 2 49 1 9 4 1 36 0 0 27 17 5 28 21 10 7 0 0 0 9 0 0 0 0 7 26 0 0 10 2 0 0 31 13 0 0 1 12 0 0 0 0 0 0 0 0 0 1 0 0 0 0 0 0 0 10 0 0 0 0 0 4 0 1 0 0 0 0 0 0 0 0 0 0 0 0 0 0 0 42 47 9 8 33 0 24 10 29 9 8 19 1 0 29 5 0 14 0 0 24 9 11 0 0 0 0 5 0 7 1 0 6 38 7 7 2 0 18 0 0 0 0 0 0 0 0 0 0 0 0 0 0 0 0 0 0 0 0 0 0 0 0 0 0 0 2 0 0 0 0 0 0 0 0 11 0 0 0 0 0 0 0 0 0 0 0 11 0 0 
 0 0 0 0 30 0 0 0 0 0 0 0 0 0 0 0 0 0 0 0 0 0 0 0 63 2 0 0 0 0 0 0 2 0 0 0 0 0 0 0 42 300 365 315 217 283 290 190 0 299 49 42 202 91 365 98 80 89 136 70 0 0 0 0 0 56 0 0 0 51 0 0 0 0 0 0 0 0 1 0 0 0 0 0 0 0 0 0 0 0 0 0 0 0 0 0 0 0 0 0 0 0 0 0 0 0 0 0 0 0 0 0 0 0 0 0 0 0 0 0 0 6 7 10 48 21 19 17 6 0 1 39 0 9 0 1 12 17 0 0 0 11 0 0 0 0 11 2 0 2 0 0 0 0 0 0 0 11 18 0 6 0 2 0 0 0 0 0 12 0 0 0 14 0 2 0 0 0 0 0 0 0 0 0 0 7 0 0 0 0 0 0 0 0 0 0 0 0 0 0 0 0 9 9 0 0 12 10 8 11 26 12 0 0 81 44 10 13 0 0 11 13 0 0 0 0 0 1 0 0 0 0 3 0 13 0 0 0 9 15 0 0 0 0 0 0 0 0 0 0 0 2 0 0 0 1 0 0 0 2 0 0 34 0 4 13 0 0 0 0 0 0 0 0 0 0 0 0 0 0 0 0 0 0 17 12 0 0 2 0 
 0 0 0 0 0 0 0 0 0 0 0 0 0 0 0 0 0 0 0 0 0 0 6 0 1 0 0 0 0 0 0 1 0 0 0 0 58 0 0 0 251 104 176 147 70 42 17 113 299 0 148 90 190 127 95 174 199 44 156 102 0 0 0 0 0 0 53 55 0 0 0 1 0 0 4 0 0 0 0 27 0 0 0 0 0 0 0 0 0 0 0 0 0 0 0 0 0 0 0 0 0 0 0 0 1 0 0 0 0 0 1 0 0 0 0 0 0 1 0 0 26 46 5 1 15 1 18 14 1 37 0 0 0 7 40 15 0 20 0 0 0 0 12 0 0 7 0 11 0 0 0 0 0 4 17 1 0 0 0 0 0 0 0 9 0 0 0 0 0 0 0 0 0 0 0 0 0 0 0 0 0 0 0 0 0 1 0 0 0 0 0 0 0 0 0 0 0 0 0 0 7 13 0 0 22 15 1 12 45 1 33 0 0 8 7 38 2 0 2 10 27 1 0 0 0 0 10 29 0 0 0 0 0 0 0 0 0 0 0 14 0 0 0 0 0 0 1 0 0 0 0 5 0 0 0 2 0 0 0 9 0 0 0 1 0 22 0 2 0 0 0 2 0 0 0 0 0 0 0 0 0 0 0 0 0 23 0 0 2 6 
 0 0 0 0 0 0 0 0 2 0 0 0 0 0 0 0 0 0 0 0 0 0 0 0 4 0 3 0 0 0 0 0 0 0 0 0 0 2 0 0 44 44 288 419 397 88 36 38 49 148 0 119 416 61 71 68 132 52 52 288 53 0 0 0 0 0 2 47 0 0 0 1 52 49 0 1 0 0 50 70 0 0 0 0 0 0 0 0 0 0 0 0 0 0 0 0 0 0 0 0 0 0 0 0 0 0 0 0 0 0 0 0 0 0 0 0 0 0 0 0 0 6 1 8 19 44 0 7 0 0 0 14 0 12 0 0 0 0 0 1 0 8 14 0 0 0 1 42 0 20 0 9 22 0 14 24 20 28 2 9 0 0 0 0 0 0 0 0 2 0 0 3 0 0 0 0 0 0 0 0 0 0 0 0 0 3 0 0 0 0 0 0 0 0 0 0 0 0 0 0 4 0 4 25 0 29 0 0 0 18 12 18 1 8 2 0 0 0 0 0 10 32 0 0 0 0 41 72 2 0 0 0 0 1 45 3 2 0 31 2 0 0 0 0 0 0 0 0 0 0 0 0 0 2 0 0 0 0 0 2 0 0 1 0 0 1 2 0 0 0 0 0 0 0 0 0 0 0 0 0 0 1 0 0 8 0 0 0 0 0 
 0 0 0 0 0 0 0 0 0 0 0 0 0 0 0 0 0 0 0 0 0 0 0 2 0 0 0 0 0 0 26 0 0 0 0 3 0 0 0 0 42 98 385 34 122 131 95 165 42 90 119 0 42 32 30 270 100 65 43 463 49 2 0 4 3 0 108 4 51 2 0 2 46 0 7 2 0 0 5 58 0 0 0 0 0 0 0 0 0 0 0 0 0 0 0 0 0 0 0 0 0 0 0 0 0 0 0 0 0 0 0 6 0 0 0 0 0 0 0 0 6 5 7 0 15 17 0 0 0 34 8 11 0 0 25 10 16 31 0 0 28 8 0 0 0 3 17 18 14 0 0 0 8 15 13 5 18 8 10 29 0 0 0 0 0 0 0 0 1 0 0 0 0 0 0 0 0 9 0 0 0 0 0 0 0 0 0 0 0 0 0 0 0 0 15 9 0 0 0 0 10 11 14 22 12 20 0 12 0 0 47 2 0 0 10 24 20 7 0 0 16 15 1 0 0 0 3 22 0 0 0 0 30 12 5 0 0 0 0 19 0 0 0 0 0 0 0 0 0 0 0 6 0 2 0 0 0 0 0 4 0 0 2 4 0 2 2 1 2 0 20 1 0 15 0 1 0 0 0 0 0 0 0 0 0 0 0 0 0 0 
 2 2 2 2 2 5 2 2 2 2 0 2 3 2 2 2 2 2 2 2 0 0 64 62 63 29 2 0 0 0 6 1 0 0 0 0 0 0 0 0 130 161 143 60 91 39 277 127 202 190 416 42 0 86 174 26 30 42 140 419 9 4 16 8 0 2 8 9 1 13 0 8 0 1 5 2 0 2 3 0 0 0 0 0 0 0 0 0 0 0 0 0 0 0 0 0 0 0 0 0 0 0 0 13 0 0 0 0 0 0 11 0 0 18 0 0 0 2 0 0 46 16 0 0 27 0 28 6 1 13 12 21 0 1 1 0 0 20 0 14 7 0 5 0 0 3 5 0 0 0 0 5 0 0 4 0 5 0 0 0 0 0 0 0 0 0 0 0 0 0 0 0 8 0 0 0 0 0 0 0 0 0 0 9 0 3 0 0 0 0 22 0 0 0 21 0 0 0 0 0 6 30 9 52 1 20 10 18 36 1 14 7 0 32 1 73 45 0 2 1 0 6 3 0 0 0 0 6 0 12 0 0 0 2 0 0 0 0 0 0 0 0 0 0 0 0 0 0 0 0 0 2 0 1 0 0 0 0 0 0 0 0 2 0 34 21 0 0 0 0 15 0 0 0 0 0 0 0 0 0 0 0 0 0 14 0 0 0 2 0 
 0 0 0 0 0 0 1 0 0 0 0 0 0 0 0 0 0 0 0 0 63 1 2 28 16 33 0 17 65 67 3 0 66 73 2 3 0 3 63 0 80 52 48 71 72 64 41 92 91 127 61 32 86 0 106 94 35 134 528 183 3 1 4 0 0 4 2 0 3 0 0 3 16 0 4 0 0 0 1 4 0 0 0 0 0 0 0 0 0 0 0 0 0 0 0 0 0 0 0 0 0 0 0 8 9 0 0 16 0 0 14 0 0 0 0 0 0 10 0 0 15 0 17 13 0 0 19 20 68 10 0 0 22 27 15 22 0 3 14 25 0 0 0 0 0 4 0 0 0 0 0 0 0 4 9 0 0 0 0 0 0 0 0 0 0 0 0 0 0 0 0 0 20 0 2 0 8 0 0 0 16 0 8 6 4 10 0 0 12 0 2 9 0 8 0 0 9 0 0 7 10 14 0 0 0 0 24 10 56 10 0 0 11 0 19 0 0 0 11 0 0 0 0 0 0 0 0 0 0 0 0 0 0 0 0 0 0 0 0 0 0 0 12 0 0 0 0 0 0 0 0 2 0 0 0 0 0 0 1 2 0 0 0 0 0 2 0 66 0 0 0 0 0 0 0 0 0 0 0 0 0 4 0 0 0 11 0 0 0 0 
 0 0 0 0 0 0 1 0 0 0 0 0 0 0 0 0 41 0 0 0 0 0 0 23 273 61 0 0 0 0 2 63 0 62 0 0 2 0 0 0 387 136 47 56 282 81 84 132 365 95 71 30 174 106 0 81 83 50 190 214 0 0 0 0 0 1 3 0 0 0 23 2 0 0 0 0 0 0 0 0 0 0 0 0 0 0 0 0 0 0 0 0 0 0 0 0 0 0 0 0 0 0 0 11 17 0 0 0 0 0 7 0 0 0 0 0 0 6 0 0 0 1 9 37 10 0 8 18 0 0 0 0 4 11 39 10 0 0 1 0 0 0 0 0 0 16 0 0 0 0 0 0 0 13 3 0 0 0 0 0 0 0 2 0 0 0 0 0 12 0 0 0 0 0 0 0 0 0 0 0 0 0 0 0 0 6 0 0 0 0 10 0 0 0 0 0 0 0 0 0 20 27 0 9 7 0 23 11 9 14 7 0 0 8 11 14 20 7 10 0 0 0 0 0 10 0 0 0 0 0 0 15 0 0 0 0 0 0 0 0 0 0 0 0 0 0 0 0 0 0 0 2 0 0 0 0 0 4 0 0 0 0 0 0 0 13 7 0 2 0 35 0 0 0 0 0 0 0 0 0 0 0 0 0 0 0 0 4 0 0 
 0 0 6 4 4 7 0 0 4 0 4 0 0 0 0 4 6 0 66 39 0 0 0 2 0 0 0 0 0 0 0 0 0 0 0 2 0 0 0 0 42 106 87 59 137 64 56 97 98 174 68 270 26 94 81 0 78 121 107 157 0 0 2 6 0 0 51 0 0 0 0 0 12 62 7 0 0 0 4 0 0 0 0 0 7 0 0 0 0 0 0 0 0 0 0 4 9 8 0 0 0 0 0 0 0 0 0 0 0 0 0 0 0 0 0 0 0 0 1 3 2 0 0 12 9 0 10 0 13 27 1 12 0 1 22 0 11 6 0 0 38 0 0 0 0 0 0 10 0 0 0 0 52 17 0 0 0 0 9 0 0 21 0 0 0 0 0 0 2 0 0 9 0 0 0 0 0 0 0 15 0 0 0 0 0 0 19 1 0 0 0 0 0 0 0 0 0 0 0 0 9 1 7 1 8 8 0 0 7 5 8 0 22 0 0 0 0 0 0 0 1 0 0 0 0 0 1 20 7 0 0 0 1 24 0 0 5 0 20 9 0 0 13 0 0 0 0 0 0 0 0 1 0 1 0 0 0 0 2 10 0 0 15 75 2 2 0 63 0 0 0 0 0 0 0 0 0 0 0 0 0 0 0 0 0 10 0 0 0 0 
 0 0 0 0 0 3 0 0 0 0 0 0 0 0 0 0 0 0 0 2 0 0 3 0 0 0 0 0 0 0 4 1 0 0 0 0 0 0 0 2 64 464 354 66 80 65 108 113 80 199 132 100 30 35 83 78 0 161 139 45 49 0 2 0 0 0 0 8 0 0 0 2 2 0 8 0 11 0 0 0 0 0 0 0 0 0 0 0 0 0 0 0 0 0 0 0 0 0 0 0 0 0 0 1 0 0 0 0 0 0 0 0 0 0 0 0 0 0 0 0 14 7 0 31 0 0 10 0 21 9 88 9 0 18 30 1 10 0 0 0 0 0 0 0 0 0 0 0 0 7 0 0 1 9 0 4 0 0 2 0 0 0 0 0 0 0 0 0 0 0 0 0 0 0 0 0 12 0 0 0 0 0 0 0 0 0 0 0 0 0 0 0 0 0 0 0 0 1 0 0 31 35 20 11 45 28 1 3 33 35 0 40 13 5 4 0 18 22 0 3 22 0 0 0 0 0 0 0 0 0 0 6 0 0 0 0 0 0 37 0 0 0 10 0 0 0 0 0 0 0 0 0 0 0 0 0 0 0 0 0 0 0 1 0 0 2 2 62 0 0 11 0 0 0 0 0 0 0 0 0 0 0 4 0 20 22 0 3 2 0 
 2 0 0 0 0 0 0 0 0 0 0 0 0 0 0 0 0 0 0 0 0 0 0 2 0 0 0 0 0 0 0 4 50 0 0 0 0 0 0 0 70 306 29 84 146 100 60 98 89 44 52 65 42 134 50 121 161 0 34 244 0 0 0 0 2 0 0 0 0 0 0 0 0 0 4 0 0 0 1 0 0 0 0 0 0 0 0 0 0 0 0 0 0 0 5 0 0 0 0 0 0 0 0 0 0 0 2 0 0 0 0 0 0 0 0 0 0 0 0 0 9 11 0 20 9 0 13 0 0 19 19 18 0 19 26 14 2 0 0 0 16 0 0 0 0 3 22 0 20 1 0 0 19 20 0 0 0 0 6 0 0 0 0 0 0 0 0 0 0 0 0 1 0 0 0 0 0 0 0 0 0 16 0 0 0 0 0 0 0 2 0 0 0 0 0 0 0 0 0 0 19 21 25 0 7 0 0 0 9 10 10 15 0 0 0 0 0 3 1 10 18 0 0 0 3 0 0 0 0 0 0 3 1 15 0 0 0 0 40 9 0 0 0 0 0 0 0 0 0 0 0 7 0 0 0 0 0 0 0 17 0 0 2 117 0 2 10 0 0 0 7 0 0 0 0 0 0 0 0 0 0 0 0 0 0 23 0 8 2 0 
 0 0 0 0 0 0 1 0 0 0 0 0 0 0 0 0 0 0 0 0 0 0 0 125 66 61 0 1 0 57 2 1 0 0 0 0 0 0 3 0 46 149 47 85 62 57 269 144 136 156 52 43 140 528 190 107 139 34 0 113 28 0 0 0 0 0 0 0 0 0 0 2 0 0 7 0 0 0 0 0 0 0 0 0 0 0 0 0 0 0 0 0 0 0 0 0 0 0 0 0 0 0 0 0 11 0 8 0 0 0 9 0 0 0 0 0 0 1 0 0 24 17 18 1 8 0 31 2 10 9 6 0 27 13 12 12 0 0 21 5 0 8 0 0 0 0 0 0 0 0 0 0 33 4 8 0 0 0 0 0 0 0 0 0 0 0 0 0 0 0 0 0 0 0 0 0 0 0 0 0 0 0 0 9 1 7 0 0 0 0 0 11 0 0 0 0 6 0 0 0 0 33 0 10 2 0 11 7 29 19 14 0 4 0 15 12 3 0 12 11 0 0 0 0 0 0 0 0 0 0 0 0 0 0 0 0 0 0 9 0 0 0 0 0 0 0 0 0 0 0 0 0 0 0 0 0 0 63 1 2 0 0 0 0 0 9 2 2 0 0 0 0 0 0 0 0 0 0 0 0 0 0 11 0 0 11 0 0 0 0 
 0 0 0 0 0 2 3 0 0 0 0 0 0 0 0 0 0 0 0 0 4 90 26 69 3 125 3 4 3 64 3 3 11 6 3 4 4 12 5 6 135 104 50 81 300 74 51 169 70 102 288 463 419 183 214 157 45 244 113 0 0 4 0 0 4 5 0 0 0 6 0 2 0 0 0 0 0 5 4 0 0 0 0 0 0 0 0 0 0 0 0 0 0 0 0 0 0 0 0 0 0 1 0 0 12 6 6 3 0 1 12 27 0 0 2 0 3 6 0 0 0 18 57 12 8 0 0 43 0 0 11 7 27 7 2 0 0 0 10 14 0 0 14 0 0 1 0 0 0 0 0 0 0 16 4 0 0 0 0 0 4 0 0 0 0 0 0 0 6 0 2 0 0 0 0 0 2 0 2 0 1 0 0 5 1 19 0 0 13 6 19 11 0 6 0 1 13 6 0 8 12 16 1 0 0 0 19 10 40 18 12 12 6 26 22 5 12 0 0 0 0 0 0 0 0 0 0 1 0 0 0 0 0 7 0 0 0 0 0 0 0 0 0 0 0 0 0 0 0 0 0 4 0 0 0 1 0 63 2 2 15 0 0 0 114 4 2 0 2 0 0 0 0 0 0 0 0 0 0 0 0 0 0 7 27 0 0 0 0 0 
 0 0 0 0 0 3 0 0 0 0 0 0 0 0 0 0 0 0 0 0 0 0 0 0 0 0 0 0 0 0 0 0 0 0 0 0 2 5 0 0 0 20 0 0 0 4 0 5 0 0 53 49 9 3 0 0 49 0 28 0 0 126 186 53 36 47 129 129 30 34 55 62 186 94 81 249 35 50 86 130 0 0 0 0 0 0 0 0 0 0 0 0 0 0 0 0 0 0 0 0 0 0 0 0 0 0 19 0 0 0 0 0 0 0 0 0 0 0 0 0 0 0 0 0 0 0 0 0 13 0 0 0 2 0 0 0 0 0 0 0 21 7 10 16 0 0 9 12 18 0 8 20 4 5 10 0 21 9 0 29 0 0 0 0 0 0 0 0 2 0 0 1 0 0 0 0 0 0 0 0 0 0 0 0 0 0 0 0 0 0 0 0 0 0 0 0 0 0 0 0 0 0 0 0 0 8 0 0 0 0 0 0 0 0 0 0 0 0 0 0 25 32 1 15 9 2 0 8 5 26 23 0 0 30 14 14 28 13 0 2 15 0 0 0 0 0 0 0 0 0 0 0 0 0 0 0 0 0 0 0 0 0 0 0 0 0 0 0 0 0 19 2 0 1 2 0 0 0 0 0 0 0 0 0 0 0 0 0 0 0 
