 0 88 177 61 129 42 360 118 56 174 125 158 126 153 124 123 284 206 80 215 0 2 3 2 0 0 6 0 2 0 0 0 2 0 0 3 0 0 0 0 0 0 0 0 0 3 3 0 0 3 0 0 2 0 2 0 0 6 0 9 0 0 0 0 0 0 0 0 0 0 0 0 0 0 0 39 0 51 0 6 32 5 12 9 0 18 12 25 1 80 10 14 0 19 32 33 17 23 39 16 0 0 0 0 0 0 0 0 0 0 0 0 0 0 2 0 0 0 28 0 0 0 0 0 0 0 0 0 0 0 0 0 0 0 0 0 0 0 0 0 0 0 0 0 0 0 0 0 0 0 0 5 0 0 0 2 0 0 1 2 0 23 26 0 0 1 10 32 33 0 10 0 2 11 39 16 11 17 2 23 0 0 6 0 2 0 1 0 0 2 0 0 0 10 1 0 0 0 0 10 0 2 0 0 0 0 0 0 0 0 0 0 0 0 0 0 0 0 0 0 0 0 0 0 0 0 0 0 0 0 0 0 0 0 0 0 0 0 0 0 0 0 0 0 0 0 0 0 0 183 0 4 0 0 0 0 0 0 0 0 0 0 10 0 0 0 0 0 0 0 0 0 0 0 0 24 7 0 0 0 0 0 0 17 0 0 0 0 0 0 
 88 0 174 455 230 122 65 218 130 152 500 159 32 160 251 152 125 180 46 370 0 1 2 2 2 0 2 20 0 0 0 0 0 0 0 0 0 1 1 0 0 0 1 0 0 5 3 0 0 80 0 0 0 0 1 0 0 3 0 2 0 0 0 0 3 0 0 0 0 0 0 0 5 0 0 3 4 0 0 2 50 15 7 41 8 15 0 11 1 15 15 12 0 0 41 12 0 10 0 0 13 0 0 0 0 14 24 2 0 0 0 0 0 4 0 0 0 0 14 0 0 0 0 0 0 0 0 0 0 0 0 0 0 0 0 0 0 11 1 0 0 0 4 0 0 0 0 0 0 0 0 6 0 0 1 6 0 0 0 0 0 5 24 2 17 30 0 24 12 45 31 0 0 0 23 9 1 6 0 0 1 0 0 0 0 0 23 0 0 1 0 0 13 18 2 0 0 1 1 9 0 0 0 0 0 0 0 2 0 0 0 0 0 0 0 0 0 0 0 0 0 0 0 0 0 0 0 0 0 0 0 0 0 0 0 0 24 0 0 0 0 0 0 0 0 0 0 0 93 1 2 7 0 0 1 0 0 0 0 0 0 0 6 0 0 0 0 0 0 0 0 0 0 0 0 0 0 0 0 0 0 0 0 0 0 0 0 0 0 0 
 177 174 0 198 199 116 52 95 75 57 123 35 58 48 85 132 66 206 124 117 0 2 2 2 0 0 5 0 2 1 0 3 0 6 0 3 28 4 2 0 0 0 0 1 0 3 5 3 3 3 0 0 0 0 1 0 0 3 2 0 0 3 0 0 1 0 1 3 2 2 0 0 12 0 1 3 0 33 2 2 3 13 1 1 23 25 1 0 26 16 25 7 0 1 28 17 0 18 0 0 16 0 0 0 0 0 0 0 0 0 0 0 0 14 0 0 0 0 18 0 0 0 1 0 0 0 0 0 0 0 0 0 0 0 0 0 1 0 12 0 0 0 3 0 0 0 0 0 0 0 0 7 0 0 0 5 0 0 0 0 0 4 10 3 2 39 0 21 17 22 23 0 0 0 0 1 0 11 1 0 0 1 0 24 0 0 20 0 0 0 0 0 0 0 0 0 0 0 1 15 0 0 0 0 15 0 0 0 1 10 0 1 19 0 0 0 0 0 0 0 0 0 0 10 0 0 0 0 0 0 0 0 0 0 0 0 0 0 0 0 0 1 0 0 0 0 2 0 3 50 14 8 0 0 0 0 0 0 0 0 0 0 0 0 0 0 0 0 0 0 0 0 0 0 0 0 0 0 0 0 0 0 0 0 0 0 0 0 0 0 
 61 455 198 0 138 39 71 182 166 352 170 141 83 72 65 237 54 225 165 64 74 2 2 2 0 0 3 0 0 2 0 0 0 0 1 0 0 0 0 78 0 0 0 0 2 4 4 0 0 3 0 0 0 0 1 0 1 3 0 7 0 0 0 0 0 0 0 2 0 0 0 0 2 0 0 3 0 0 0 2 11 14 0 13 16 2 1 0 12 19 10 31 0 0 18 17 0 1 0 0 0 1 0 0 0 0 14 0 10 31 0 0 0 31 0 0 0 0 70 13 1 0 0 0 0 0 0 0 0 0 0 0 0 0 0 0 0 0 0 0 0 15 0 0 5 0 3 22 0 0 0 0 0 0 1 0 0 0 0 0 0 8 13 11 23 17 0 8 2 26 33 25 0 0 0 0 0 14 0 0 0 0 0 7 0 0 0 0 0 0 0 0 13 13 0 16 9 1 46 16 0 0 0 0 0 0 0 0 0 0 0 0 0 0 0 0 0 0 0 0 0 0 0 0 0 0 0 0 0 0 0 0 0 0 0 0 2 0 0 0 0 0 0 0 0 3 89 2 0 93 0 181 2 0 0 0 0 0 0 0 0 0 0 0 0 0 0 0 0 0 0 0 0 0 0 0 20 6 0 0 0 0 0 0 0 0 0 0 0 0 
 129 230 199 138 0 115 49 130 89 132 94 46 288 70 189 182 46 124 73 72 4 77 5 2 0 0 18 82 61 0 0 0 97 0 104 41 0 1 140 0 0 0 0 0 0 3 6 3 4 3 0 0 0 0 0 0 0 4 0 3 0 2 0 0 0 4 6 0 0 0 0 2 4 0 0 3 0 0 0 3 0 21 19 17 10 1 12 0 0 1 12 0 5 0 21 20 0 12 0 0 64 25 0 0 0 0 26 0 16 0 7 0 21 32 9 21 19 21 0 0 0 0 0 0 0 0 0 0 0 0 0 0 0 0 0 0 0 0 1 0 0 0 7 0 0 0 0 0 0 0 0 9 0 0 0 4 0 0 1 0 0 10 17 15 12 38 0 9 0 26 35 0 0 14 0 0 0 8 5 1 33 12 18 0 2 0 30 0 0 23 1 0 20 23 44 39 34 25 13 1 0 12 0 0 0 0 0 0 0 0 0 0 0 0 0 0 0 0 0 5 0 0 0 0 0 0 0 0 0 0 0 0 0 0 0 0 0 0 0 0 0 0 0 0 0 3 1 0 0 0 0 7 0 0 0 0 0 0 0 0 32 0 0 0 0 0 0 0 0 0 0 0 0 0 0 15 0 0 0 11 0 0 0 0 0 17 0 0 0 0 
 42 122 116 39 115 0 35 34 39 39 546 93 37 53 405 78 53 62 43 61 75 76 2 2 0 0 86 20 0 64 0 0 155 17 36 24 0 0 147 0 0 0 0 0 0 3 3 0 0 3 0 0 0 0 0 0 0 3 0 0 0 0 0 0 6 0 1 0 0 0 0 0 0 0 0 5 0 0 0 2 21 0 6 0 17 45 0 10 24 15 13 22 0 0 0 0 9 18 0 0 17 9 0 0 0 0 14 7 10 7 9 8 18 14 2 0 1 24 22 15 0 0 0 0 0 0 0 0 0 0 0 0 0 0 0 0 0 0 0 0 0 4 0 0 0 0 0 0 0 0 0 0 0 0 26 0 1 0 0 0 0 0 0 14 32 9 0 0 0 1 9 31 0 0 6 8 10 18 0 0 6 19 11 10 0 0 0 0 17 13 0 0 29 10 11 24 22 18 30 16 0 0 0 0 0 0 19 0 0 0 0 24 0 0 0 0 2 0 0 1 0 0 0 0 0 0 0 0 0 0 0 0 2 0 0 0 0 0 0 0 0 0 0 0 0 1 2 0 88 1 18 1 0 0 0 0 0 0 0 0 2 0 0 0 0 0 0 0 0 0 0 0 0 0 0 0 0 0 0 0 0 0 0 0 0 0 0 0 0 0 
 360 65 52 71 49 35 0 85 205 56 54 51 410 283 30 114 433 48 146 86 0 2 2 2 0 0 2 0 2 2 0 2 3 1 0 2 0 0 4 2 2 1 90 0 0 3 4 0 0 3 61 0 0 2 3 0 0 6 0 35 1 0 0 0 0 0 1 0 0 0 0 0 4 3 0 3 0 0 3 62 37 2 12 0 0 0 34 0 1 20 27 16 0 33 20 46 15 1 29 29 0 0 1 0 0 0 0 0 16 0 0 0 0 0 0 0 0 0 0 0 0 0 0 0 0 0 0 0 0 0 0 0 0 0 0 0 0 0 0 0 0 0 0 0 0 0 0 0 0 0 0 0 0 1 0 0 0 0 12 9 58 12 20 0 0 0 25 12 13 0 1 0 39 5 18 58 24 2 55 47 0 0 0 0 0 0 0 0 0 0 0 0 0 0 0 0 15 0 0 0 0 1 0 0 1 0 0 0 0 0 0 0 0 0 0 2 0 0 0 0 0 0 0 0 0 0 0 0 0 0 0 15 0 0 0 0 0 0 0 0 0 0 0 0 0 2 0 0 0 1 0 6 0 1 0 0 0 0 0 0 0 0 1 0 0 0 0 0 0 0 0 0 0 0 0 30 6 0 0 0 0 0 0 0 0 0 0 0 0 0 
 118 218 95 182 130 34 85 0 157 119 31 50 108 125 62 104 248 24 180 224 0 2 3 2 1 0 3 19 0 0 0 0 0 0 0 3 0 76 0 1 0 0 0 0 0 7 3 2 0 3 0 0 0 0 2 0 0 3 0 0 0 0 0 0 0 0 0 0 0 0 0 51 0 0 0 3 8 0 0 39 0 0 20 0 20 0 12 0 15 0 15 1 27 20 41 1 16 11 18 1 0 0 0 1 0 0 4 0 0 0 0 0 0 0 0 0 0 0 10 0 0 0 0 0 0 0 0 0 0 0 0 0 0 0 0 0 10 0 0 0 1 0 4 0 0 0 0 0 0 0 0 6 0 0 0 8 0 0 0 0 8 15 2 45 0 15 12 24 14 19 0 0 19 24 23 0 0 8 19 14 0 0 0 0 0 0 22 0 0 0 0 0 1 1 0 0 0 0 0 0 2 0 0 0 0 0 0 0 0 0 1 0 0 0 0 0 0 0 0 0 0 0 0 0 0 0 0 0 0 0 0 0 0 0 0 0 2 0 0 0 0 0 0 0 0 0 0 0 2 1 0 4 0 0 0 0 0 2 0 0 0 0 0 0 0 0 0 0 0 0 0 0 0 0 0 0 22 0 0 0 0 0 0 0 0 0 0 0 0 0 
 56 130 75 166 89 39 205 157 0 157 79 200 90 394 177 40 295 245 77 163 0 2 5 2 0 2 6 2 0 0 0 0 0 2 0 0 0 0 73 38 0 0 0 0 0 3 3 2 3 3 0 0 0 0 2 0 0 3 0 0 0 43 0 0 0 0 0 0 0 0 0 35 0 1 2 3 0 2 0 2 0 22 21 1 11 0 23 37 9 57 1 39 22 10 0 0 13 0 23 15 0 0 0 0 0 0 2 0 0 0 0 0 0 15 0 0 0 0 0 9 0 0 0 0 0 0 0 0 0 0 0 0 0 0 0 0 16 27 0 0 0 0 0 0 0 0 1 0 0 0 0 13 0 0 0 0 0 0 0 0 14 36 6 33 0 8 11 14 9 1 1 0 24 8 10 31 0 7 0 11 0 0 1 1 0 0 17 0 0 0 0 0 39 0 0 25 68 0 12 21 0 0 0 0 0 0 2 0 0 0 0 0 0 0 0 0 0 0 0 0 0 0 0 0 0 0 0 0 0 0 0 0 0 0 0 0 0 0 0 0 0 14 0 0 0 2 90 0 0 0 1 15 0 0 0 0 0 0 0 0 0 0 11 0 0 0 0 0 0 0 0 0 0 0 0 0 0 18 0 0 0 0 0 0 0 0 0 0 0 0 
 174 152 57 352 132 39 56 119 157 0 337 30 43 313 318 323 51 45 158 175 0 1 3 2 0 0 3 0 0 0 0 2 0 0 0 0 1 1 2 91 0 0 5 0 0 3 3 0 0 6 0 3 0 3 2 0 0 4 0 5 4 0 0 0 0 0 0 0 0 0 4 0 50 0 0 3 0 0 0 2 13 0 5 22 43 0 5 26 0 16 13 3 0 0 23 54 0 36 0 0 0 2 0 0 0 0 13 0 0 0 0 0 0 7 16 0 0 0 14 19 0 0 0 0 12 0 0 0 0 0 0 0 0 0 0 0 0 0 0 0 0 0 0 0 0 0 0 0 0 0 0 8 0 0 0 21 0 0 0 4 0 0 0 12 0 6 0 13 10 32 21 16 0 13 0 71 0 35 0 16 0 0 0 0 0 0 0 0 0 11 0 0 11 17 0 0 0 0 42 1 0 0 0 0 0 0 0 0 0 0 0 0 0 0 0 0 0 0 0 0 0 0 0 0 0 0 0 0 0 0 0 0 0 0 0 0 0 0 0 0 0 0 0 0 0 0 2 0 2 78 0 14 0 0 1 0 0 0 0 0 0 0 0 0 0 0 0 0 0 0 0 0 0 0 0 37 24 0 0 0 0 0 0 0 0 0 0 0 0 0 
 125 500 123 170 94 546 54 31 79 337 0 317 272 51 100 205 399 204 41 163 2 3 3 2 0 0 3 1 0 0 0 0 0 0 0 0 0 6 0 0 0 0 0 0 0 3 3 83 0 3 0 0 0 0 2 0 0 3 0 0 0 0 0 0 0 0 0 0 0 0 0 0 0 0 0 5 0 0 0 2 24 50 7 11 30 41 0 16 29 26 10 2 0 0 0 0 11 12 0 0 0 0 0 0 0 0 13 0 0 0 0 0 0 28 0 0 0 0 21 13 0 0 1 0 0 0 0 0 0 0 0 0 0 0 0 0 0 0 0 0 0 0 0 0 0 0 0 0 0 0 0 0 0 0 0 0 0 0 0 0 0 0 0 22 31 3 0 4 1 22 9 29 0 0 12 19 0 14 0 0 8 1 0 0 0 0 0 0 0 0 0 0 10 27 0 17 10 0 14 1 0 0 0 0 0 0 0 0 1 0 9 1 0 0 0 0 0 0 0 0 0 0 0 0 0 0 0 0 0 0 0 0 0 0 0 11 0 0 0 0 0 1 0 0 0 10 87 0 45 2 0 12 0 0 0 0 0 0 0 0 0 0 0 0 0 0 0 0 0 0 0 0 0 0 0 0 1 7 0 0 0 0 0 0 0 0 0 0 0 0 
 158 159 35 141 46 93 51 50 200 30 317 0 25 143 129 35 128 262 36 35 0 1 3 2 2 0 3 0 0 0 0 0 1 0 0 0 0 1 86 0 0 0 0 0 0 3 3 0 0 3 0 1 0 48 2 0 0 3 0 0 0 0 0 0 0 0 0 0 2 0 0 2 32 0 0 3 0 0 0 2 25 30 16 1 24 57 12 10 22 26 2 1 0 0 0 0 32 0 0 12 0 0 0 0 0 0 0 0 0 0 0 0 0 0 6 0 1 0 0 0 0 0 0 0 5 0 0 0 0 0 0 0 0 0 0 0 0 0 0 0 0 0 0 0 0 0 0 0 0 0 0 0 0 0 0 0 0 0 1 0 0 0 17 62 47 29 0 12 0 18 0 28 14 12 26 22 0 0 0 0 11 0 0 0 16 0 0 0 16 2 0 0 0 25 1 10 23 0 25 43 0 0 0 0 0 0 0 0 0 0 0 0 0 0 0 1 0 0 0 0 0 0 0 0 0 0 0 0 0 0 0 0 0 0 0 0 0 0 0 0 0 10 0 0 0 6 44 0 85 4 0 28 0 0 0 0 0 0 0 0 0 0 0 0 0 0 0 0 0 0 0 0 0 0 0 0 0 8 0 0 0 0 0 0 0 0 0 0 0 0 
 126 32 58 83 288 37 410 108 90 43 272 25 0 176 254 45 94 216 110 311 2 4 4 2 0 1 9 1 0 1 0 0 0 1 2 0 2 0 2 74 1 0 0 0 0 3 3 2 1 3 0 0 0 1 1 0 0 3 0 0 0 0 39 0 0 0 0 0 0 0 0 0 0 0 0 3 0 0 1 2 15 4 8 0 0 0 10 24 0 0 21 0 0 12 15 32 19 17 46 21 0 0 0 0 0 0 0 0 10 0 0 0 0 0 0 0 0 0 0 0 0 0 0 0 0 0 0 0 0 0 0 0 0 0 0 0 0 0 0 0 0 0 0 0 0 0 0 4 0 0 1 0 0 0 0 0 0 0 0 0 0 14 22 3 0 0 0 12 25 0 0 0 13 0 11 1 10 0 0 0 0 0 0 0 0 0 0 0 0 0 0 0 0 0 0 0 0 0 0 0 0 0 0 0 0 0 0 0 0 0 0 0 0 0 0 0 0 0 0 0 0 0 0 0 0 0 29 0 0 0 0 0 0 0 0 0 0 0 0 0 0 0 0 0 0 0 0 0 0 0 1 10 0 0 0 0 0 0 0 0 1 0 10 0 0 0 0 0 64 0 0 0 0 0 0 0 7 0 0 0 0 0 0 0 0 0 0 0 0 0 
 153 160 48 72 70 53 283 125 394 313 51 143 176 0 89 44 222 93 67 94 2 2 3 2 0 0 3 0 0 0 0 0 0 0 0 0 0 2 0 0 0 0 0 0 0 3 3 0 0 3 2 0 0 0 2 0 0 3 0 0 0 0 0 0 0 0 0 0 32 0 0 0 0 0 0 35 0 0 0 2 22 19 17 0 0 1 89 10 46 0 21 0 24 2 0 13 1 23 0 18 0 0 0 0 0 0 0 0 2 0 0 11 0 0 0 0 0 0 0 15 2 0 0 0 0 0 0 0 0 0 0 0 0 0 0 0 1 0 0 0 0 0 0 0 0 0 0 0 2 0 0 0 0 0 0 0 9 2 0 0 34 10 17 2 18 0 17 7 0 29 9 0 16 18 57 25 2 0 1 0 0 1 0 0 0 0 0 1 0 0 0 0 0 0 13 0 0 15 0 0 0 0 0 0 0 2 6 0 0 0 0 1 0 0 0 27 0 0 0 0 0 0 0 0 0 0 1 0 0 2 0 0 0 0 0 0 0 0 0 0 0 0 0 0 0 3 0 0 1 1 0 15 0 0 0 0 0 0 2 0 0 0 0 0 0 0 0 0 0 0 0 0 0 0 0 0 0 0 0 0 0 0 0 0 0 0 0 0 0 0 
 124 251 85 65 189 405 30 62 177 318 100 129 254 89 0 95 155 577 70 258 1 1 2 2 0 0 2 0 2 2 0 0 4 1 0 20 0 0 75 0 0 0 0 0 2 3 11 0 0 3 0 0 0 0 2 0 0 3 0 0 0 0 0 0 0 1 0 0 0 0 0 1 7 0 0 3 0 0 0 2 12 12 0 16 16 19 0 87 24 13 16 9 0 0 29 26 14 35 19 17 0 0 0 0 0 0 0 0 0 0 0 0 0 0 0 0 0 0 10 0 0 0 0 0 0 0 0 0 0 0 0 0 0 0 0 0 0 0 0 0 0 0 5 0 0 0 0 0 0 0 0 6 0 0 0 12 0 0 0 0 0 31 34 2 1 63 0 23 29 25 30 0 14 5 0 9 0 30 0 0 0 0 0 0 0 0 22 0 0 32 0 0 0 0 0 0 0 0 1 21 0 0 0 0 0 0 0 0 0 0 0 0 0 0 0 0 0 0 0 0 0 0 0 0 0 0 0 0 0 0 0 0 2 0 0 0 0 0 0 0 0 16 0 0 0 3 0 0 1 115 16 0 0 0 0 0 0 0 0 0 0 0 10 0 0 0 0 0 0 0 0 0 0 0 0 0 0 0 0 0 0 0 0 0 0 0 0 0 0 0 
 123 152 132 237 182 78 114 104 40 323 205 35 45 44 95 0 66 28 173 147 0 2 2 2 0 0 2 18 0 0 0 0 0 153 0 2 0 3 0 0 0 0 0 0 0 3 3 0 0 6 6 0 0 0 1 0 0 3 0 60 1 0 0 36 0 0 4 0 0 0 0 0 0 0 0 3 0 0 0 4 0 10 12 26 17 14 22 1 15 12 11 1 0 17 9 17 10 2 0 0 0 0 0 0 0 0 9 0 0 0 0 0 0 18 0 0 0 0 10 17 0 0 0 0 0 0 0 0 0 0 0 0 0 0 0 0 2 0 0 0 0 0 1 0 0 0 0 0 1 0 0 9 0 0 7 0 0 0 0 16 0 1 19 15 0 1 0 5 0 7 56 32 0 15 12 0 1 14 18 8 7 0 0 0 0 0 0 0 0 0 0 0 27 7 0 0 0 0 13 0 0 0 0 0 0 0 0 0 1 0 0 0 0 0 0 0 0 0 0 0 0 0 0 0 0 0 0 0 0 1 1 0 0 0 0 0 0 0 0 0 0 1 0 0 0 0 1 0 0 1 1 10 0 0 0 0 0 0 0 0 0 0 0 0 0 0 0 0 0 1 0 0 0 0 0 19 9 0 0 0 0 0 0 0 0 11 0 0 0 0 
 284 125 66 54 46 53 433 248 295 51 399 128 94 222 155 66 0 130 29 119 0 2 1 5 0 0 1 0 2 2 0 0 0 2 0 0 2 2 77 0 0 2 5 0 3 3 3 2 2 9 0 0 2 0 0 2 0 3 0 0 2 0 0 0 3 0 2 0 0 51 0 0 0 0 0 3 0 0 5 3 0 23 13 2 0 0 1 9 33 19 31 26 1 11 0 12 0 19 9 22 0 0 0 0 0 0 1 0 0 0 0 0 0 12 18 0 0 0 0 19 0 0 0 0 0 0 0 0 0 0 0 0 0 0 0 17 0 12 0 0 0 0 0 0 0 0 0 0 0 0 0 0 0 1 0 0 0 0 0 0 11 1 29 24 0 9 9 33 11 1 0 1 46 6 4 53 11 1 0 9 0 7 0 0 0 0 37 0 0 0 0 0 5 0 0 3 1 0 17 0 0 1 0 0 0 0 0 0 0 0 0 0 0 0 0 2 0 0 0 0 0 0 0 0 0 0 0 0 0 0 0 0 0 0 0 0 0 0 0 0 0 10 0 0 0 3 0 1 2 0 0 7 0 2 0 0 0 0 0 0 0 0 0 0 0 2 0 0 0 0 0 0 0 2 0 0 13 1 0 0 0 0 0 0 0 0 0 0 0 0 
 206 180 206 225 124 62 48 24 245 45 204 262 216 93 577 28 130 0 84 152 0 1 2 2 23 0 2 0 0 0 0 0 0 0 0 0 2 0 2 0 0 0 0 0 0 3 3 0 0 3 0 0 0 0 1 0 0 3 0 0 0 0 0 0 0 0 0 0 0 0 0 0 4 0 0 3 0 0 0 2 49 31 0 18 0 17 0 25 8 33 29 0 0 18 2 14 10 0 10 11 0 0 0 0 0 0 0 0 0 0 0 0 0 2 0 0 0 0 10 0 0 0 0 0 0 0 0 0 0 0 0 0 0 0 0 0 0 0 0 0 0 0 0 0 0 0 0 0 0 0 0 0 0 0 0 0 0 0 0 0 0 11 20 6 14 17 0 15 10 29 10 10 15 7 21 16 0 0 0 0 1 0 0 0 0 0 1 0 0 0 0 0 0 0 0 12 15 0 16 25 0 0 0 0 0 0 0 0 0 0 0 0 0 0 0 0 0 0 0 0 0 0 0 0 0 0 0 0 0 0 0 0 0 0 0 0 0 0 0 0 0 1 0 0 0 0 45 0 0 87 0 7 0 0 1 0 0 0 0 0 0 0 11 0 0 0 0 0 0 0 0 0 0 0 0 0 1 16 0 0 0 0 0 0 0 0 0 0 0 0 
 80 46 124 165 73 43 146 180 77 158 41 36 110 67 70 173 29 84 0 294 0 3 2 2 0 0 2 0 0 2 1 0 0 0 0 0 2 0 1 0 0 0 0 0 0 3 3 0 0 3 65 0 0 0 1 0 0 3 0 32 0 0 0 0 0 2 0 0 0 0 0 0 0 0 0 3 52 1 0 37 10 0 0 0 10 0 1 0 18 60 0 0 1 15 0 30 14 1 0 31 2 0 0 0 0 0 0 0 0 0 0 0 0 0 0 0 0 0 0 2 0 0 0 0 0 0 0 0 0 0 0 0 0 0 0 0 0 0 0 0 0 0 0 1 0 0 0 0 0 0 0 1 0 0 0 0 0 0 4 7 22 0 18 0 0 2 11 8 0 0 7 0 3 15 2 0 37 0 32 14 0 0 0 0 0 0 0 0 0 0 0 0 0 0 0 0 0 0 0 0 0 0 0 0 0 0 0 0 0 0 0 0 0 0 0 0 0 0 0 0 0 0 0 0 0 0 0 0 1 0 0 0 0 0 0 0 0 0 0 0 0 0 0 0 0 1 0 1 0 2 0 18 0 9 0 0 0 0 0 0 0 0 0 0 0 0 0 0 0 0 0 0 0 0 0 0 27 0 0 0 0 0 0 0 0 2 0 0 0 0 
 215 370 117 64 72 61 86 224 163 175 163 35 311 94 258 147 119 152 294 0 0 3 1 4 1 0 1 1 0 0 0 0 0 1 2 11 0 12 1 0 0 0 1 0 0 3 3 3 3 3 0 0 0 0 0 0 0 3 0 0 2 4 0 1 0 2 2 0 3 0 0 2 3 0 2 3 0 0 0 52 24 15 0 14 2 0 1 29 21 48 14 0 0 33 18 25 26 29 31 12 0 0 0 2 0 0 0 0 0 0 0 0 0 0 0 0 0 0 9 0 0 0 0 0 0 0 0 0 0 0 0 0 0 0 0 0 1 0 0 0 2 0 0 0 0 0 0 4 0 0 0 0 0 0 0 0 0 0 0 0 0 20 19 1 0 15 9 5 13 14 21 0 37 10 10 0 11 16 15 0 0 0 0 0 0 0 0 0 0 0 0 0 2 0 0 0 0 0 0 0 1 0 0 0 0 0 0 0 0 0 1 0 0 0 0 0 0 0 0 0 0 0 0 0 0 0 0 0 0 0 0 0 0 0 0 0 1 0 0 0 0 0 0 0 0 2 2 2 2 177 0 6 0 0 0 0 2 0 0 0 0 0 2 0 0 0 0 0 0 0 0 0 0 0 0 0 26 0 0 0 0 0 0 0 0 0 0 0 0 0 
 0 0 0 74 4 75 0 0 0 0 2 0 2 2 1 0 0 0 0 0 0 159 63 86 106 29 267 248 25 113 100 39 51 244 169 201 38 118 54 40 0 1 0 0 0 0 0 3 3 1 0 0 1 0 0 0 0 0 0 0 0 0 0 0 3 0 2 0 0 2 0 0 0 3 0 0 0 3 29 2 0 0 0 0 0 13 0 0 0 0 0 13 0 0 0 0 0 0 0 0 18 0 12 1 0 0 10 9 51 22 10 38 0 0 12 30 20 1 29 20 12 0 0 0 0 0 11 0 0 0 0 0 4 0 0 0 0 0 0 12 0 11 0 0 0 0 0 0 0 0 0 0 0 0 0 0 1 0 0 0 0 0 0 0 19 1 0 0 10 0 0 8 6 0 0 0 11 0 0 0 8 15 22 38 13 10 0 21 15 0 21 41 5 14 15 41 9 1 14 9 0 0 0 0 0 0 0 0 1 0 0 0 12 0 0 13 0 0 8 0 0 0 0 0 0 0 0 0 0 0 0 0 0 0 0 0 0 0 0 0 0 0 17 0 0 0 2 0 0 0 0 0 14 0 1 0 0 0 76 2 2 0 0 0 0 0 0 0 0 0 0 0 1 0 0 0 0 0 0 0 0 0 0 0 0 0 11 0 0 0 
 2 1 2 2 77 76 2 2 2 1 3 1 4 2 1 2 2 1 3 3 159 0 142 206 53 33 224 66 98 127 73 29 126 149 123 119 119 105 50 225 0 0 0 0 0 0 0 3 4 0 4 1 0 0 0 0 4 0 63 7 3 0 0 0 0 0 3 0 1 1 9 0 0 3 4 0 4 3 7 4 0 0 0 0 0 0 0 3 0 0 0 0 0 0 0 0 0 0 0 0 17 9 8 1 0 0 13 0 23 23 11 0 13 11 20 10 0 24 0 0 0 0 0 0 0 0 0 0 0 0 0 14 0 7 0 0 0 0 7 1 0 0 0 0 0 0 2 0 0 0 0 0 0 0 0 0 0 0 0 0 0 0 17 10 0 0 0 0 0 0 0 0 0 0 0 0 0 0 0 0 0 29 36 0 0 0 4 12 15 1 7 0 9 0 0 15 35 37 15 0 0 0 0 0 5 0 0 0 0 0 0 0 1 0 0 0 0 0 0 0 0 0 0 0 0 0 0 0 0 0 0 0 0 0 0 0 0 0 0 14 0 0 0 0 0 0 1 0 0 0 0 0 0 0 13 0 1 0 4 0 14 2 0 0 0 0 14 0 0 0 0 0 0 0 0 0 0 0 0 0 0 0 0 0 0 0 0 0 0 0 
 3 2 2 2 5 2 2 3 5 3 3 3 4 3 2 2 1 2 2 1 63 142 0 206 167 53 181 156 577 108 172 246 74 66 116 142 300 120 33 59 62 212 0 31 0 0 0 3 3 0 2 0 161 0 0 0 3 0 155 125 0 4 0 0 0 0 3 0 0 0 0 0 0 3 0 0 3 3 3 26 0 0 0 0 0 0 0 0 0 0 0 0 0 0 0 0 0 0 0 0 22 0 46 8 41 39 0 34 6 9 27 43 0 0 14 23 12 16 0 9 43 0 0 0 0 0 22 0 0 0 0 0 0 27 0 0 1 0 52 24 0 0 0 6 0 0 0 0 0 0 0 0 0 11 0 0 0 7 0 0 0 0 0 0 0 0 0 0 0 1 0 0 0 0 0 1 0 0 2 0 0 0 5 8 13 16 0 16 20 11 14 10 15 11 0 0 2 35 0 0 14 0 0 0 0 0 9 14 0 0 0 0 26 40 0 8 3 0 21 32 0 0 0 0 0 2 0 0 0 0 2 0 0 0 0 0 0 0 0 0 0 0 17 0 0 2 0 0 0 0 0 0 0 1 1 2 1 2 1 2 2 11 0 0 0 0 10 0 0 0 0 0 0 0 0 0 0 0 0 0 0 44 0 0 0 0 0 0 0 0 
 2 2 2 2 2 2 2 2 2 2 2 2 2 2 2 2 5 2 2 4 86 206 206 0 405 51 204 269 223 99 79 183 66 115 275 310 75 117 275 163 23 1 0 0 0 0 0 3 3 0 2 0 64 0 0 0 0 0 126 61 0 0 0 0 0 0 0 0 0 2 0 0 0 3 0 0 4 3 3 2 0 0 0 0 0 0 0 0 0 0 0 0 0 0 0 0 0 0 0 0 16 1 8 1 1 21 0 35 39 38 22 26 10 0 9 4 17 24 0 10 46 0 20 0 0 0 12 4 0 0 0 0 1 22 0 0 0 0 18 17 0 0 0 6 0 0 0 0 0 0 0 0 0 0 0 0 0 0 0 0 0 0 0 0 0 0 0 0 0 5 0 0 2 0 0 0 0 0 0 0 59 57 27 20 0 3 0 13 28 11 8 0 10 0 0 0 19 57 0 0 9 1 0 0 0 0 0 0 0 0 0 0 34 9 9 1 0 0 9 19 0 0 0 0 0 0 0 0 0 0 0 0 0 0 0 0 0 0 0 0 0 0 19 0 0 0 1 0 0 0 0 0 0 0 3 0 0 4 76 2 2 2 0 0 0 0 13 0 0 0 0 0 0 0 0 0 0 0 0 0 0 0 0 0 0 0 0 12 0 0 
 0 2 0 0 0 0 0 1 0 0 0 2 0 0 0 0 0 23 0 1 106 53 167 405 0 58 208 136 307 73 108 287 279 347 66 151 64 82 61 261 68 1 40 0 0 0 132 66 7 0 0 0 61 1 86 1 0 0 53 1 2 6 0 0 2 3 9 0 0 2 0 0 0 5 0 0 0 6 3 2 0 0 0 0 0 0 0 0 2 0 9 0 0 0 0 0 0 0 0 0 27 0 0 0 12 14 0 0 19 36 17 0 8 0 18 11 6 0 0 10 1 21 24 0 0 0 10 1 10 14 1 0 22 16 11 22 36 0 9 24 0 0 0 0 0 0 0 0 0 0 0 0 0 0 2 0 0 0 0 0 0 0 0 0 1 0 0 0 0 2 0 0 2 0 0 0 0 0 0 0 10 1 1 3 11 12 0 26 18 19 0 0 0 0 0 0 21 21 0 0 29 13 0 22 0 0 11 0 0 0 0 1 42 16 27 0 23 0 36 41 0 0 0 0 0 0 0 0 0 0 0 0 0 2 0 0 1 0 0 0 0 0 0 0 0 0 0 0 0 0 0 0 0 0 5 2 3 82 42 2 6 3 0 0 0 25 0 0 0 0 0 0 0 0 0 0 0 0 0 0 0 0 0 0 0 0 0 0 0 0 
 0 0 0 0 0 0 0 0 2 0 0 0 1 0 0 0 0 0 0 0 29 33 53 51 58 0 36 34 35 238 110 45 111 108 343 309 153 60 46 129 59 0 0 0 6 0 69 110 65 0 2 22 0 181 74 130 4 68 0 0 50 0 67 0 0 0 0 0 0 1 0 0 0 3 0 0 0 4 3 2 0 0 0 0 0 0 0 0 0 0 10 0 0 0 0 0 0 0 0 0 0 0 41 0 0 31 0 0 2 0 0 0 0 13 14 9 0 0 0 0 0 13 9 13 0 0 28 1 12 32 1 0 25 6 9 50 22 0 0 37 0 0 0 0 0 0 0 0 0 7 0 2 0 0 12 0 0 0 16 0 0 0 0 2 0 0 0 0 0 0 0 0 0 0 0 0 0 0 0 0 0 0 0 0 0 1 0 4 0 0 0 15 0 18 0 1 0 0 1 0 32 33 27 10 6 0 34 10 27 19 10 0 10 14 9 13 19 0 1 7 0 0 0 0 0 0 0 0 0 0 0 0 0 0 0 0 0 0 0 0 0 0 0 0 0 0 0 0 0 0 0 0 0 0 10 4 0 0 2 0 19 0 0 0 0 0 0 0 0 0 0 0 0 0 0 0 0 0 0 0 0 0 7 0 23 0 0 0 0 0 
 6 2 5 3 18 86 2 3 6 3 3 3 9 3 2 2 1 2 2 1 267 224 181 204 208 36 0 117 64 126 111 65 294 248 117 172 260 159 117 213 0 6 0 0 0 0 0 3 3 0 0 0 0 3 0 0 0 0 0 0 0 0 0 0 0 1 0 0 0 4 0 0 0 3 0 0 0 3 3 2 0 0 0 0 0 8 0 0 0 0 0 13 0 2 0 0 0 0 0 0 32 11 1 13 28 0 21 9 26 28 14 23 9 0 8 10 1 10 6 8 0 2 0 0 19 0 0 0 0 0 0 0 1 0 0 0 0 0 0 1 0 4 0 0 0 0 0 0 0 0 0 0 0 0 0 0 0 0 0 0 0 0 0 1 1 0 0 0 0 0 0 4 0 0 0 0 10 0 2 0 0 53 33 20 13 10 38 45 29 26 12 38 36 1 11 11 30 30 25 2 0 0 0 0 0 0 14 0 0 0 0 0 1 0 0 12 0 0 0 0 0 0 0 0 0 0 0 0 0 0 0 0 0 0 0 0 0 0 0 0 0 0 0 0 0 1 0 0 0 0 0 0 0 0 3 2 1 1 6 1 1 0 0 0 0 0 0 0 0 0 0 0 0 0 0 0 0 0 0 0 0 0 0 0 0 0 0 0 0 0 
 0 20 0 0 82 20 0 19 2 0 1 0 1 0 0 18 0 0 0 1 248 66 156 269 136 34 117 0 238 270 31 23 172 212 222 160 128 104 132 93 4 0 0 0 2 4 70 3 3 1 5 0 2 0 3 0 1 4 0 0 0 2 0 0 0 0 0 0 0 9 4 0 0 3 0 5 7 3 3 2 0 0 0 0 0 0 0 0 0 0 0 0 0 0 2 0 0 0 0 2 18 19 25 26 0 0 0 8 25 0 0 2 21 1 25 14 95 12 11 2 0 0 0 0 0 0 0 0 0 0 0 0 9 17 0 0 0 0 0 0 0 0 0 31 0 1 0 0 0 0 0 0 1 5 0 0 0 3 0 0 1 0 0 0 11 0 0 0 0 7 1 3 7 1 0 0 0 0 9 0 78 4 5 31 0 10 19 23 10 20 53 21 7 10 32 14 44 1 11 22 0 0 0 0 4 1 0 0 0 0 0 0 2 2 0 10 0 0 11 0 0 0 0 2 0 0 0 0 0 2 0 0 0 0 0 0 15 0 0 0 0 0 0 0 0 0 0 0 0 0 0 0 13 0 0 0 0 0 0 2 3 34 0 0 0 0 0 0 0 0 0 0 0 0 0 0 0 0 0 11 0 0 0 0 0 7 1 0 0 0 
 2 0 2 0 61 0 2 0 0 0 0 0 0 0 2 0 2 0 0 0 25 98 577 223 307 35 64 238 0 184 116 233 123 114 114 149 171 102 63 166 0 210 0 0 0 0 0 3 3 0 0 0 21 0 0 0 207 0 100 7 0 0 0 0 0 0 0 0 0 6 0 0 0 3 0 0 2 3 2 2 0 0 0 12 0 0 0 0 0 0 0 0 2 0 0 0 0 0 0 0 15 19 19 33 34 21 0 7 17 17 12 39 23 0 9 13 31 28 0 10 22 0 0 0 0 6 15 1 0 0 0 0 2 22 0 0 0 0 17 0 0 2 0 7 0 0 0 0 0 0 0 0 10 0 0 0 0 0 0 0 0 0 2 0 0 0 0 0 0 5 0 0 0 0 0 2 0 0 0 0 32 11 15 18 14 9 13 12 0 14 11 0 11 15 16 9 8 43 0 0 1 0 0 0 0 0 21 0 0 0 0 0 0 12 0 16 16 0 19 21 0 0 0 0 1 1 0 0 0 0 11 0 0 0 8 0 0 0 0 0 0 0 1 0 0 1 0 0 0 0 0 0 0 2 6 0 4 1 0 0 0 23 0 0 0 0 16 0 0 0 0 0 0 0 0 0 0 0 0 10 0 13 0 0 0 13 0 0 0 10 
 0 0 1 2 0 64 2 0 0 0 0 0 1 0 2 0 2 0 2 0 113 127 108 99 73 238 126 270 184 0 128 203 56 341 103 401 415 55 76 422 2 0 2 2 65 0 0 3 3 0 2 0 69 0 0 0 0 0 0 0 0 0 0 0 0 0 0 0 0 2 0 0 0 3 0 0 0 3 3 2 0 0 0 0 0 0 0 0 0 0 0 0 0 0 0 0 0 0 0 0 56 0 18 0 25 0 6 27 0 13 22 39 0 11 24 9 0 13 0 9 15 0 0 0 0 0 0 0 0 0 0 0 0 12 2 0 0 24 21 16 0 0 0 12 0 0 0 0 0 0 0 0 0 7 14 0 0 16 0 0 0 0 0 0 0 0 0 0 0 0 0 0 0 0 0 0 0 0 18 0 0 10 12 0 27 13 0 42 0 1 29 28 0 3 0 6 12 33 0 0 12 0 0 2 0 0 0 0 0 0 0 0 25 40 25 0 15 0 31 11 1 0 0 0 29 0 0 0 0 0 0 0 0 0 0 0 0 0 0 0 0 0 0 0 0 0 0 0 0 0 0 0 0 0 1 0 2 0 0 0 11 17 0 0 0 0 0 0 0 0 0 0 0 0 0 0 0 11 0 0 0 15 0 0 0 0 0 0 0 0 
 0 0 0 0 0 0 0 0 0 0 0 0 0 0 0 0 0 0 1 0 100 73 172 79 108 110 111 31 116 128 0 141 37 55 78 201 341 394 28 67 0 32 1 0 0 0 84 78 3 0 1 0 1 0 0 55 63 0 87 62 2 0 0 39 0 0 0 0 0 0 0 0 0 0 2 2 5 0 0 0 0 0 0 0 0 0 0 0 0 0 0 0 0 0 0 0 0 0 0 0 19 0 22 0 0 19 12 12 12 0 19 9 0 0 26 0 11 5 0 0 53 1 0 8 0 0 9 0 0 0 0 0 0 8 0 20 0 0 30 14 2 0 2 0 0 15 0 0 0 0 0 2 0 0 0 0 0 0 0 0 0 0 0 0 0 0 0 0 0 0 0 0 0 0 0 0 0 0 0 0 0 31 16 17 17 11 0 6 0 6 17 1 14 0 0 0 0 31 0 0 21 7 0 0 10 0 9 0 0 0 2 0 26 17 0 13 0 0 39 9 0 0 0 0 0 0 0 0 0 0 0 0 0 0 0 0 0 0 0 0 0 0 18 0 0 0 0 0 0 0 0 0 0 0 6 0 2 0 39 0 0 1 0 0 0 0 15 0 0 0 0 0 0 0 0 0 0 0 0 0 0 31 0 0 0 0 0 0 0 0 
 0 0 3 0 0 0 2 0 0 2 0 0 0 0 0 0 0 0 0 0 39 29 246 183 287 45 65 23 233 203 141 0 21 29 60 154 349 232 21 263 127 43 1 0 0 71 0 3 3 0 1 0 67 0 55 0 0 0 131 187 0 0 0 0 0 0 56 0 5 1 0 0 0 3 0 0 3 3 3 2 0 0 0 0 0 0 0 0 0 0 0 0 0 1 0 0 0 0 0 0 65 0 1 18 27 49 0 9 3 26 2 50 18 0 9 23 30 19 0 1 29 1 12 13 0 0 24 7 0 0 0 9 27 32 44 0 16 0 49 5 0 0 0 10 0 0 0 0 0 0 0 0 0 7 0 0 0 8 0 0 0 0 0 2 0 0 0 0 0 3 0 0 0 5 0 0 0 0 0 0 21 0 1 17 2 17 0 18 31 0 15 21 0 9 0 0 0 0 1 1 57 0 0 0 0 0 14 14 0 0 1 0 23 18 5 15 14 0 11 85 0 0 2 0 0 0 0 0 0 0 0 0 0 0 0 0 0 2 0 0 0 0 0 0 0 0 0 0 0 0 0 0 0 0 3 0 1 113 0 0 0 18 0 0 0 0 0 0 0 0 0 0 0 0 0 0 0 0 0 0 0 14 0 0 0 0 0 0 0 0 
 2 0 0 0 97 155 3 0 0 0 0 1 0 0 4 0 0 0 0 0 51 126 74 66 279 111 294 172 123 56 37 21 0 253 246 44 83 115 466 384 0 0 0 0 0 69 199 4 5 2 1 0 2 0 0 0 0 3 0 0 6 2 0 28 5 14 3 0 0 5 0 2 0 3 0 0 1 7 9 2 0 0 0 14 0 26 0 0 0 0 15 20 0 0 0 0 0 13 0 0 26 37 0 46 10 0 46 4 19 0 26 11 39 30 13 52 18 17 23 0 0 0 0 0 0 0 0 0 0 0 0 0 0 0 8 0 0 0 0 0 0 18 0 0 0 0 0 0 0 0 0 0 0 0 0 0 0 0 0 0 0 0 0 0 4 0 0 0 0 0 0 0 0 0 0 0 13 0 0 0 24 4 21 0 0 0 28 35 4 34 0 17 1 19 76 40 22 14 0 10 0 0 0 0 0 0 0 9 0 0 0 6 0 0 0 0 0 0 0 0 0 0 0 0 0 0 0 0 0 0 0 0 0 0 0 0 0 0 0 0 0 0 0 0 0 0 88 0 0 0 0 0 3 0 1 0 2 78 0 3 12 0 0 0 0 0 1 0 0 0 0 0 0 0 0 0 0 0 0 14 0 0 0 20 0 51 0 0 0 0 
 0 0 6 0 0 17 1 0 2 0 0 0 1 0 1 153 2 0 0 1 244 149 66 115 347 108 248 212 114 341 55 29 253 0 136 76 116 133 190 301 0 0 0 0 0 2 0 4 3 1 0 62 0 0 0 0 0 0 0 0 0 0 0 0 0 0 24 0 4 0 0 0 4 3 0 0 0 3 5 2 0 0 0 0 0 10 0 0 0 0 0 13 0 0 0 0 0 0 0 0 6 0 1 10 0 0 32 19 21 72 26 16 0 0 12 11 0 0 8 0 26 0 0 0 0 0 10 0 0 0 0 0 0 0 0 0 0 0 0 12 2 4 0 0 0 0 0 0 0 0 0 0 0 0 12 0 15 0 0 0 0 0 0 0 3 0 0 0 0 0 0 0 0 0 0 4 0 0 0 0 0 26 8 6 6 11 11 30 45 24 16 0 10 0 27 0 8 12 0 1 0 0 0 0 0 0 0 0 0 0 0 0 12 0 0 0 0 0 0 0 2 0 0 0 0 0 0 0 0 0 0 0 0 0 0 0 0 0 0 0 0 0 13 0 0 0 0 0 0 0 0 0 0 0 7 2 0 1 76 0 4 0 0 0 0 0 0 0 0 0 0 0 0 0 0 0 0 0 0 0 0 0 0 0 0 0 0 0 0 0 
 0 0 0 1 104 36 0 0 0 0 0 0 2 0 0 0 0 0 0 2 169 123 116 275 66 343 117 222 114 103 78 60 246 136 0 85 108 36 315 117 0 0 6 3 0 0 0 3 3 0 0 0 4 0 0 0 0 0 68 1 2 0 0 0 0 0 0 0 0 3 0 0 0 3 0 0 7 3 2 2 0 0 0 16 0 6 0 0 0 0 0 21 0 0 0 0 0 0 0 0 0 15 19 1 0 1 0 8 61 12 0 11 12 19 0 26 63 26 29 0 2 0 0 0 0 0 0 0 0 0 0 0 10 9 0 0 0 0 10 0 0 7 0 0 0 0 0 0 0 0 0 0 0 0 0 0 0 0 0 0 0 0 0 0 11 0 0 0 0 7 0 0 11 0 0 0 0 0 0 0 47 21 12 28 0 9 21 0 9 58 26 1 22 18 55 29 11 19 0 0 0 0 0 0 2 0 0 0 20 0 0 0 0 0 0 0 0 0 4 0 0 0 0 0 0 0 0 0 0 0 0 0 0 0 0 0 0 0 0 0 0 0 0 0 0 0 5 0 0 0 0 0 0 0 7 0 2 3 0 0 4 0 0 0 0 0 15 0 0 0 0 0 0 0 0 0 0 0 0 17 0 0 0 0 0 21 0 0 0 0 
 3 0 3 0 41 24 2 3 0 0 0 0 0 0 20 2 0 0 0 11 201 119 142 310 151 309 172 160 149 401 201 154 44 76 85 0 250 102 107 383 91 1 3 0 0 1 0 3 6 9 1 2 2 3 0 0 3 0 0 0 0 7 0 0 1 2 0 0 2 4 1 0 0 4 0 3 0 3 2 2 0 0 0 0 0 0 0 0 0 0 0 0 0 0 0 0 1 0 0 0 65 26 0 0 10 6 22 27 2 0 55 42 30 0 52 2 53 18 14 9 42 0 0 0 0 0 12 0 0 0 0 0 0 0 0 0 0 6 29 0 1 0 1 2 0 0 0 0 0 0 0 1 0 0 0 0 0 0 0 0 0 0 0 1 5 0 0 0 0 0 0 0 0 0 0 0 0 0 0 0 23 33 24 0 18 1 0 32 10 0 19 0 19 0 0 24 25 45 14 19 22 0 0 0 0 0 0 0 0 0 1 0 0 16 3 54 16 1 12 15 0 0 0 0 0 1 0 0 0 0 0 11 0 0 0 0 0 0 0 0 0 0 5 0 0 0 0 0 0 0 0 0 1 0 7 0 1 1 0 1 5 1 0 2 0 0 0 0 0 0 0 0 0 0 0 0 0 0 0 0 0 16 0 0 0 0 2 0 0 0 
 0 0 28 0 0 0 0 0 0 1 0 0 2 0 0 0 2 2 2 0 38 119 300 75 64 153 260 128 171 415 341 349 83 116 108 250 0 379 53 87 3 81 3 3 0 2 3 7 14 2 2 0 126 0 0 0 0 0 70 1 0 2 0 0 5 0 0 2 2 3 0 34 0 3 1 0 12 3 8 2 0 0 0 0 0 2 0 0 0 0 3 0 0 0 0 0 0 1 0 0 56 0 43 0 45 9 10 6 7 0 29 15 0 10 80 16 12 13 0 9 36 0 0 0 0 0 9 0 0 0 0 0 0 19 0 0 0 0 36 28 9 0 0 13 11 0 0 0 0 0 0 0 0 8 0 0 0 10 0 0 0 0 0 0 0 0 0 0 0 0 0 0 0 0 1 0 0 2 0 0 0 10 22 0 13 19 0 28 0 12 34 20 10 3 0 25 14 34 1 0 9 0 0 0 0 0 0 0 0 0 0 0 38 41 0 0 0 0 47 23 0 0 0 1 0 3 0 2 1 0 0 0 0 0 0 0 0 0 0 0 0 0 18 0 0 0 0 0 0 0 0 0 0 0 80 0 0 1 2 1 62 16 0 0 0 0 12 0 0 0 0 0 0 0 0 0 0 0 0 0 0 17 0 0 0 0 0 0 0 0 
 0 1 4 0 1 0 0 76 0 1 6 1 0 2 0 3 2 0 0 12 118 105 120 117 82 60 159 104 102 55 394 232 115 133 36 102 379 0 31 194 0 0 4 0 0 0 0 5 3 0 12 63 6 2 0 0 0 0 0 55 0 0 0 0 0 1 0 0 0 2 0 0 3 3 0 0 0 3 3 2 0 0 0 0 0 0 0 0 0 1 0 0 0 0 0 0 0 0 0 0 38 23 26 45 18 0 8 21 0 13 48 18 21 0 27 1 17 0 0 11 28 0 0 0 0 0 13 0 0 0 0 0 0 1 0 0 1 0 17 0 0 0 0 12 0 0 0 0 0 0 0 0 0 0 0 0 0 0 0 0 0 0 0 0 0 0 0 2 0 0 0 0 0 0 9 0 0 0 0 0 66 27 45 20 26 2 19 36 0 30 30 0 0 0 0 0 0 49 0 11 15 9 0 0 0 0 14 0 0 0 0 0 2 1 0 16 0 0 14 0 0 0 0 0 0 0 0 0 0 0 0 0 0 0 0 0 0 0 0 0 0 0 0 0 0 0 0 0 0 0 0 0 0 0 7 0 0 1 73 0 3 9 0 0 0 0 0 0 0 0 0 0 0 0 0 0 0 0 0 0 0 0 0 0 0 0 0 0 0 0 
 0 1 2 0 140 147 4 0 73 2 0 86 2 0 75 0 77 2 1 1 54 50 33 275 61 46 117 132 63 76 28 21 466 190 315 107 53 31 0 189 0 0 2 0 2 4 5 3 3 0 1 0 2 0 3 0 0 0 0 0 0 3 0 0 0 7 2 0 0 5 0 0 0 3 0 0 40 3 28 2 0 0 0 13 2 21 0 0 0 0 8 24 0 0 0 0 0 12 0 0 22 10 0 42 11 0 35 5 6 0 1 11 34 11 1 22 0 25 19 45 0 0 0 0 0 0 0 0 0 0 0 0 0 0 0 0 0 16 0 0 2 5 2 0 0 0 0 0 0 0 0 2 0 0 0 0 0 0 0 0 0 0 0 0 10 2 0 0 0 0 0 0 0 0 0 0 12 0 0 16 27 4 35 39 0 0 19 0 12 18 0 40 12 0 49 18 0 1 1 10 0 11 0 0 0 0 0 0 0 0 2 0 0 0 0 0 0 0 0 0 2 0 0 0 0 0 0 0 0 0 0 0 0 0 0 0 0 0 0 0 0 0 0 0 0 0 72 0 0 0 0 0 0 0 5 0 1 87 0 2 3 0 0 0 0 0 0 0 0 0 0 0 0 0 0 0 0 0 0 0 0 0 0 0 0 12 12 0 0 0 
 0 0 0 78 0 0 2 1 38 91 0 0 74 0 0 0 0 0 0 0 40 225 59 163 261 129 213 93 166 422 67 263 384 301 117 383 87 194 189 0 0 202 0 0 0 0 0 5 3 1 3 0 0 0 0 2 1 0 0 0 0 0 0 0 0 5 0 0 0 4 0 0 0 3 0 0 0 3 7 2 0 0 0 0 10 0 0 0 0 0 2 15 0 0 1 0 0 1 0 1 56 32 22 45 9 18 35 0 0 45 36 2 68 11 60 0 20 9 0 1 10 0 0 0 0 0 0 0 0 0 0 0 0 0 0 0 0 0 0 12 0 0 0 0 0 0 0 0 0 0 0 0 2 2 0 0 0 0 0 0 0 0 0 14 0 0 0 0 9 0 0 0 0 2 0 0 0 13 0 0 23 0 21 18 0 0 10 38 20 11 11 14 0 2 37 24 14 32 16 10 1 0 0 0 0 0 0 0 0 0 0 0 0 0 0 0 0 0 0 0 0 0 0 0 0 0 7 0 0 1 0 0 0 0 0 0 0 5 0 0 0 0 0 0 0 0 0 0 0 0 0 0 0 0 4 1 1 82 76 0 58 0 0 0 0 0 0 0 0 0 0 0 0 0 0 0 0 0 0 0 0 0 0 0 0 0 0 0 0 0 
 0 0 0 0 0 0 2 0 0 0 0 0 1 0 0 0 0 0 0 0 0 0 62 23 68 59 0 4 0 2 0 127 0 0 0 91 3 0 0 0 0 107 89 60 267 45 287 107 64 30 30 27 85 125 113 31 56 80 67 156 0 0 0 0 0 0 6 0 0 0 0 0 1 0 0 0 0 0 0 0 0 0 0 0 0 0 0 0 0 0 0 0 0 0 0 0 0 0 0 0 0 0 0 0 1 20 0 0 3 20 0 3 0 0 0 0 0 0 0 0 11 0 30 0 0 16 20 9 19 0 0 0 24 0 34 21 44 16 19 20 0 0 0 0 0 0 0 6 0 0 0 0 0 0 0 0 0 0 0 0 0 0 0 0 0 0 0 0 0 0 0 0 0 0 0 0 0 0 6 0 0 0 0 0 22 15 0 0 0 0 0 7 0 0 0 0 0 0 0 0 29 26 34 0 0 8 0 5 35 23 0 0 31 9 89 1 29 0 10 19 0 0 0 0 0 0 0 0 0 0 0 0 0 0 0 0 0 0 0 0 0 0 0 0 0 0 0 0 0 0 0 3 0 0 0 0 0 85 0 17 0 0 0 68 2 68 2 0 1 0 0 0 0 0 0 0 0 0 0 0 0 0 0 0 15 0 0 35 2 0 
 0 0 0 0 0 0 1 0 0 0 0 0 0 0 0 0 2 0 0 0 1 0 212 1 1 0 6 0 210 0 32 43 0 0 0 1 81 0 0 202 107 0 191 167 100 96 96 314 190 93 107 72 58 127 283 36 178 34 50 41 0 0 0 7 4 2 0 2 6 0 2 50 0 2 4 1 4 0 1 2 0 0 0 0 0 0 0 0 0 0 1 0 0 0 0 0 0 0 0 0 0 0 0 0 0 56 0 0 0 0 4 0 0 0 0 0 11 0 0 0 17 6 1 35 19 0 4 22 24 6 65 53 22 0 10 14 0 17 0 12 9 0 0 0 0 0 0 28 0 0 0 0 14 0 6 0 0 0 8 0 0 0 0 0 0 0 0 0 0 0 0 0 0 0 0 0 0 0 3 0 0 0 0 0 0 0 0 0 0 0 0 1 0 0 0 0 0 0 0 0 22 11 0 10 13 18 0 8 13 0 0 40 4 3 0 0 16 17 1 7 0 0 0 0 0 0 0 21 0 0 0 0 1 0 0 0 0 0 11 0 0 0 7 0 0 0 0 0 0 0 0 9 0 1 0 0 0 0 0 0 11 0 65 0 0 3 3 64 0 0 0 8 0 0 0 2 0 0 0 0 0 3 0 0 14 0 0 0 0 0 
 0 1 0 0 0 0 90 0 0 5 0 0 0 0 0 0 5 0 0 1 0 0 0 0 40 0 0 0 0 2 1 1 0 0 6 3 3 4 2 0 89 191 0 172 70 54 165 251 332 342 217 255 150 259 84 118 74 393 36 54 106 0 0 0 0 0 99 0 0 1 0 0 56 2 0 0 0 7 51 1 0 0 0 0 0 0 0 0 0 0 0 0 0 0 0 0 0 0 0 0 0 0 0 0 3 0 0 1 0 0 0 0 0 0 0 0 0 0 0 0 0 21 29 11 9 0 0 7 0 7 12 0 0 0 0 13 16 37 0 11 0 0 0 0 5 0 16 12 0 4 0 0 0 0 0 0 0 0 14 0 0 0 0 0 2 0 0 0 0 0 0 0 0 0 0 0 0 0 0 0 0 0 0 0 1 0 0 0 0 0 0 0 0 0 0 0 0 0 8 0 1 0 7 25 44 0 0 0 10 13 25 0 11 11 11 0 4 11 0 0 19 0 0 0 0 0 21 37 0 0 0 0 10 2 7 0 0 0 0 15 0 0 0 0 0 0 0 0 0 0 0 7 0 0 0 0 0 0 1 2 0 0 2 0 1 8 2 1 0 0 14 0 1 0 0 0 0 0 0 0 0 0 0 0 0 13 0 0 0 0 
 0 0 1 0 0 0 0 0 0 0 0 0 0 0 0 0 0 0 0 0 0 0 31 0 0 0 0 0 0 2 0 0 0 0 3 0 3 0 0 0 60 167 172 0 150 90 320 127 161 213 69 159 87 82 100 57 115 127 80 65 0 2 5 3 0 0 51 0 0 0 0 15 0 0 0 0 0 0 0 2 0 0 0 0 0 0 0 0 0 0 0 0 0 0 0 0 0 0 0 0 0 0 0 0 0 11 0 0 0 0 0 0 0 0 0 0 0 0 0 0 11 8 0 1 5 19 0 19 8 0 22 0 11 0 0 21 0 0 0 17 1 0 19 0 4 0 8 14 3 0 0 0 0 0 30 0 0 0 19 10 0 0 0 0 0 0 0 0 0 0 0 6 0 0 0 0 0 0 0 0 0 0 0 0 0 0 0 0 0 0 0 0 0 0 0 0 0 0 0 0 10 13 0 0 42 0 0 0 10 0 13 0 0 0 0 0 13 9 0 0 8 1 0 0 0 3 1 0 19 7 0 0 12 0 27 0 0 0 2 0 0 0 0 0 0 0 0 0 0 0 0 13 0 0 0 0 0 0 0 12 0 0 68 0 2 3 10 0 2 0 0 0 0 0 0 0 0 0 0 0 0 0 0 0 14 10 0 0 0 0 
 0 0 0 2 0 0 0 0 0 0 0 0 0 0 2 0 3 0 0 0 0 0 0 0 0 6 0 2 0 65 0 0 0 0 0 0 0 0 2 0 267 100 70 150 0 296 77 66 255 92 217 90 327 70 295 74 160 48 79 78 0 0 53 6 6 0 21 52 1 2 1 0 47 5 0 0 1 2 23 1 0 0 0 0 0 0 0 0 0 0 0 0 0 0 0 0 0 0 0 0 0 0 0 0 0 0 0 0 0 0 0 0 0 27 0 0 0 0 0 0 48 14 33 56 0 0 0 13 0 10 30 27 8 0 0 25 4 19 0 0 9 15 1 0 24 4 0 25 9 5 0 0 9 3 18 0 0 0 12 0 0 0 0 0 0 23 0 0 1 0 0 3 0 0 0 0 0 0 0 0 0 0 0 0 0 0 0 0 0 0 0 0 0 0 0 0 0 0 0 0 0 6 6 6 30 13 3 9 0 0 1 18 0 0 0 0 0 10 0 0 6 0 0 0 0 0 19 12 6 10 1 0 0 0 2 11 0 0 35 25 0 0 37 0 0 0 0 0 2 0 0 9 0 0 0 0 0 0 0 1 0 0 66 0 3 4 4 70 0 0 0 0 0 0 0 0 0 0 0 0 0 0 1 0 0 0 0 0 1 0 
 3 5 3 4 3 3 3 7 3 3 3 3 3 3 3 3 3 3 3 3 0 0 0 0 0 0 0 4 0 0 0 71 69 2 0 1 2 0 4 0 45 96 54 90 296 0 17 253 56 52 154 45 245 57 48 146 45 177 59 47 0 2 53 1 0 0 38 53 1 0 0 0 45 0 0 0 6 3 21 1 0 0 0 0 0 5 0 0 0 0 0 0 0 0 0 0 0 0 0 0 0 0 0 0 0 0 0 0 0 0 0 0 0 0 10 0 0 0 0 0 12 18 10 28 0 0 0 2 0 26 25 31 0 0 0 0 0 24 0 0 0 14 2 0 9 2 13 15 41 2 0 0 19 0 15 0 0 0 7 0 0 0 0 0 0 0 0 0 1 0 0 4 0 0 0 0 0 0 0 0 0 0 0 18 0 0 0 0 0 0 0 0 0 0 0 0 0 0 10 0 0 0 7 26 37 23 0 13 31 2 7 30 0 0 0 0 0 20 0 0 2 0 0 0 0 0 19 17 6 11 0 0 0 0 3 6 0 0 37 23 0 0 8 0 0 0 0 0 0 0 0 5 0 0 0 0 0 0 0 0 0 0 2 2 3 5 0 0 2 0 1 0 0 0 0 0 0 0 0 0 0 0 0 0 0 0 0 0 2 0 
 3 3 5 4 6 3 4 3 3 3 3 3 3 3 11 3 3 3 3 3 0 0 0 0 132 69 0 70 0 0 84 0 199 0 0 0 3 0 5 0 287 96 165 320 77 17 0 195 56 236 31 35 144 206 390 37 510 29 56 64 6 0 0 25 0 0 1 6 5 0 0 0 1 1 0 0 0 0 0 28 0 0 0 0 0 0 0 0 0 0 0 0 0 0 0 0 0 0 0 0 0 0 0 14 0 7 0 0 0 0 0 0 0 0 0 0 0 0 0 0 9 1 11 14 0 5 1 0 23 30 0 0 4 2 0 64 12 0 16 31 0 0 9 4 0 0 6 0 0 0 0 0 4 0 0 1 0 0 0 2 0 0 0 0 0 19 0 0 0 0 0 0 0 0 0 0 0 0 0 0 0 0 0 0 10 10 0 0 0 0 0 0 0 0 0 0 0 0 0 0 43 34 0 15 0 4 25 17 8 0 7 0 32 8 24 53 8 2 16 6 0 9 2 0 0 0 0 10 0 0 0 0 5 6 3 4 0 0 2 0 0 0 0 0 0 0 0 0 0 0 0 2 1 0 0 2 0 0 67 0 0 0 0 0 2 1 0 0 2 0 0 0 0 0 0 0 0 0 0 0 0 10 0 0 18 0 0 9 1 0 
 0 0 3 0 3 0 0 2 2 0 83 0 2 0 0 0 2 0 0 3 3 3 3 3 66 110 3 3 3 3 78 3 4 4 3 3 7 5 3 5 107 314 251 127 66 253 195 0 423 48 50 32 402 195 203 151 38 100 47 50 0 0 0 0 0 0 0 0 0 0 0 0 0 0 0 51 0 0 0 0 0 0 0 0 0 0 0 0 0 0 0 0 0 0 0 0 0 0 0 0 0 0 0 0 0 20 0 0 0 0 0 0 0 0 0 0 0 0 0 0 20 10 21 0 0 0 10 25 28 7 11 0 16 7 0 66 21 0 0 20 0 0 0 0 0 0 0 0 0 0 0 0 0 0 8 0 0 0 0 0 0 0 0 0 0 0 29 0 0 0 0 0 22 0 0 0 0 0 19 0 0 0 0 0 0 0 0 0 0 0 0 0 0 0 0 0 0 0 0 0 32 50 0 9 0 0 4 11 34 10 1 0 20 11 10 20 0 0 0 0 0 8 0 0 0 0 0 0 0 0 0 0 0 0 0 0 0 0 4 0 0 0 0 0 0 0 0 0 0 0 0 12 0 0 0 0 0 1 62 1 0 0 65 0 0 5 0 0 0 0 0 0 0 0 0 0 0 0 0 0 0 0 0 0 27 13 0 0 1 0 
 0 0 3 0 4 0 0 0 3 0 0 0 1 0 0 0 2 0 0 3 3 4 3 3 7 65 3 3 3 3 3 3 5 3 3 6 14 3 3 3 64 190 332 161 255 56 56 423 0 121 45 36 199 102 88 218 90 329 83 73 51 2 0 0 0 0 102 0 0 0 0 0 40 0 0 0 0 0 0 1 19 0 6 0 0 0 0 0 0 0 0 0 0 0 0 0 0 0 0 0 0 0 0 0 0 0 0 0 0 0 0 0 0 0 0 0 0 0 0 0 0 10 25 31 20 0 0 49 1 8 22 24 0 0 1 19 10 13 0 0 0 0 0 0 4 3 21 3 0 0 0 0 0 0 0 0 0 0 12 0 0 10 0 14 0 0 0 0 0 0 0 0 0 0 0 0 0 0 0 0 0 0 0 0 0 0 0 0 0 0 0 0 0 0 0 0 0 0 0 0 0 1 0 23 18 0 0 0 0 10 22 11 0 28 0 0 28 10 0 0 19 0 0 0 0 0 1 2 0 0 0 0 16 0 34 0 0 0 0 13 0 0 0 0 0 0 0 0 0 0 0 15 0 0 0 0 0 0 0 0 0 0 0 0 2 10 3 0 1 0 14 0 0 0 0 0 0 0 0 0 0 0 0 0 0 5 0 0 2 0 
 3 80 3 3 3 3 3 3 3 6 3 3 3 3 3 6 9 3 3 3 1 0 0 0 0 0 0 1 0 0 0 0 2 1 0 9 2 0 0 1 30 93 342 213 92 52 236 48 121 0 325 111 260 96 88 198 356 331 242 127 5 0 0 4 0 0 102 0 0 3 0 5 63 1 0 0 0 2 54 3 0 0 0 0 0 0 0 0 0 0 0 0 0 0 0 0 0 0 0 0 0 12 0 0 0 0 0 7 0 0 0 0 0 0 0 0 0 0 0 0 0 14 13 2 14 3 0 0 0 71 12 62 0 0 0 0 0 12 0 0 10 0 0 0 11 3 20 7 0 3 0 0 0 0 0 0 0 0 9 11 4 0 0 0 0 0 0 0 0 0 0 0 0 0 0 0 4 0 2 0 0 0 0 0 0 0 0 0 0 0 0 0 0 0 0 0 0 0 0 0 0 0 11 38 40 0 0 1 1 11 42 9 0 0 0 0 14 4 0 0 42 0 0 0 0 0 17 4 5 0 0 0 19 16 2 0 0 0 19 41 0 0 0 0 0 0 0 0 0 0 0 20 0 1 0 0 0 0 0 12 0 0 1 64 0 1 1 0 0 0 15 0 0 0 0 0 0 0 0 0 0 0 0 0 0 5 0 0 0 0 
 0 0 0 0 0 0 61 0 0 0 0 0 0 2 0 6 0 0 65 0 0 4 2 2 0 2 0 5 0 2 1 1 1 0 0 1 2 12 1 3 30 107 217 69 217 154 31 50 45 325 0 59 40 36 64 105 118 323 42 144 0 0 2 3 0 0 50 0 0 0 0 2 0 0 0 0 0 6 0 0 2 0 1 0 0 0 0 0 8 1 0 0 0 21 0 0 0 0 0 24 4 31 4 4 0 0 0 0 0 0 0 0 0 0 4 0 0 0 0 0 0 30 0 15 0 0 0 0 10 0 3 19 0 0 16 12 0 27 0 0 0 0 11 2 0 0 0 0 3 0 0 0 39 0 14 0 0 0 18 0 30 0 21 0 0 0 0 0 0 0 0 8 0 0 10 0 20 0 19 2 0 8 18 3 0 0 4 3 0 2 4 0 0 0 0 0 0 6 0 5 0 0 7 7 28 19 0 0 19 16 21 29 1 0 0 0 4 13 0 0 0 0 0 0 0 0 1 15 12 0 0 0 0 0 22 0 0 0 1 0 0 0 6 0 0 0 0 0 0 0 0 5 0 0 0 0 0 0 3 0 0 1 0 0 0 1 0 3 0 0 0 0 0 19 0 0 0 0 0 0 0 4 0 0 0 0 0 0 0 0 
 0 0 0 0 0 0 0 0 0 3 0 1 0 0 0 0 0 0 0 0 0 1 0 0 0 22 0 0 0 0 0 0 0 62 0 2 0 63 0 0 27 72 255 159 90 45 35 32 36 111 59 0 25 40 26 42 119 83 46 33 113 0 0 0 6 0 56 0 0 2 0 6 51 0 23 0 0 0 76 2 0 0 0 0 0 0 0 0 0 0 10 0 0 0 8 0 0 0 0 0 0 0 0 0 0 0 0 0 0 0 0 0 0 0 4 0 0 0 0 0 0 0 0 21 30 15 7 0 14 0 0 0 0 0 0 0 0 0 0 0 0 0 17 0 1 0 10 2 64 7 0 0 3 11 43 0 0 0 42 9 6 0 0 0 0 0 0 0 0 0 0 1 0 0 0 0 6 0 0 0 0 0 0 0 0 0 0 0 0 0 0 0 0 0 0 0 0 0 0 0 0 0 0 0 12 11 0 0 0 0 16 0 0 0 2 0 0 1 0 0 13 14 0 9 0 0 27 0 5 19 0 0 38 22 32 0 0 0 8 53 0 0 0 0 0 0 0 0 0 0 0 14 0 0 0 0 0 0 0 15 0 0 6 1 15 1 0 0 0 0 0 0 0 0 0 0 0 0 0 0 0 0 0 0 0 1 0 0 2 5 
 2 0 0 0 0 0 0 0 0 0 0 0 0 0 0 0 2 0 0 0 1 0 161 64 61 0 0 2 21 69 1 67 2 0 4 2 126 6 2 0 85 58 150 87 327 245 144 402 199 260 40 25 0 104 78 95 258 320 181 56 0 0 0 8 1 11 0 0 0 4 0 10 0 0 0 2 1 10 4 0 0 0 0 0 0 0 0 0 0 0 0 0 0 0 0 0 0 0 0 0 0 0 2 19 51 5 1 35 0 15 14 22 0 0 11 7 0 0 0 0 30 19 6 0 0 0 14 43 0 1 0 0 1 27 0 0 0 0 12 6 0 0 0 6 0 0 0 0 0 0 0 0 0 5 0 0 0 3 0 0 0 0 0 0 0 0 0 0 0 5 0 0 0 0 0 0 0 0 0 0 0 0 0 26 9 32 0 0 14 14 14 19 0 12 9 0 0 10 0 0 0 0 6 3 9 0 16 0 20 5 10 2 20 21 0 15 0 14 5 26 0 0 0 0 0 3 0 0 0 0 0 0 0 0 0 0 0 0 0 0 0 0 0 0 0 0 0 0 0 18 0 4 0 1 0 0 0 0 0 2 0 14 0 0 0 0 13 2 2 0 0 0 0 0 0 0 0 0 0 0 0 0 0 0 0 0 0 0 0 0 
 0 0 0 0 0 0 2 0 0 3 0 48 1 0 0 0 0 0 0 0 0 0 0 0 1 181 3 0 0 0 0 0 0 0 0 3 0 2 0 0 125 127 259 82 70 57 206 195 102 96 36 40 104 0 360 62 43 139 80 138 1 0 0 0 0 0 0 0 0 0 1 0 0 0 0 0 0 0 0 0 0 0 0 0 0 8 0 0 0 0 0 0 0 0 0 0 0 0 0 0 0 0 0 0 0 17 0 0 0 0 0 0 0 0 0 0 0 0 0 0 0 23 1 25 0 9 35 0 26 32 12 33 29 0 33 46 5 0 0 13 0 0 0 0 0 0 0 0 0 0 0 0 0 0 0 0 0 0 0 0 2 0 0 0 11 0 0 0 0 0 0 0 0 0 0 0 0 1 13 0 0 0 0 0 0 0 0 0 0 0 0 0 0 0 0 0 0 0 0 0 10 22 14 10 0 6 23 28 28 10 6 8 22 15 9 0 62 18 13 32 0 0 0 0 0 0 0 0 0 0 0 0 0 0 0 0 0 0 0 0 0 0 0 0 0 0 2 0 0 0 0 7 2 0 0 1 0 0 0 6 0 0 0 1 0 0 2 0 0 0 0 0 0 0 0 0 0 0 0 0 0 0 0 0 26 0 0 0 2 14 
 2 1 1 1 0 0 3 2 2 2 2 2 1 2 2 1 0 1 1 0 0 0 0 0 86 74 0 3 0 0 0 55 0 0 0 0 0 0 3 0 113 283 84 100 295 48 390 203 88 88 64 26 78 360 0 65 275 73 45 95 0 0 5 0 0 0 5 0 0 0 0 5 0 0 0 0 51 2 0 0 0 0 0 0 0 0 0 0 0 0 0 0 0 0 0 0 7 0 0 0 10 0 0 0 0 30 0 0 0 0 0 0 0 0 0 0 0 0 0 0 23 25 4 0 0 0 0 12 78 44 0 34 40 0 32 60 38 0 0 45 0 0 0 0 4 0 0 0 0 0 0 0 0 0 6 0 0 0 0 8 0 0 0 0 0 0 0 0 0 0 0 0 18 0 0 0 0 0 0 0 0 0 0 0 0 13 0 0 0 0 0 0 0 0 0 0 0 0 0 0 41 24 0 12 0 0 15 14 19 0 6 1 24 31 5 0 13 0 12 22 0 0 0 0 0 5 0 0 0 0 0 0 0 0 0 0 0 0 15 0 0 0 0 0 0 0 0 0 0 17 0 5 0 1 0 0 0 1 0 0 0 0 64 0 0 10 14 0 2 0 0 0 0 0 0 0 0 0 0 0 0 0 0 0 24 0 0 0 0 0 
 0 0 0 0 0 0 0 0 0 0 0 0 0 0 0 0 2 0 0 0 0 0 0 0 1 130 0 0 0 0 55 0 0 0 0 0 0 0 0 2 31 36 118 57 74 146 37 151 218 198 105 42 95 62 65 0 77 156 38 65 0 0 0 0 0 0 6 0 3 0 0 0 105 0 0 0 0 0 22 50 0 0 0 0 0 0 0 0 0 0 0 0 0 0 0 0 0 0 0 0 0 0 0 0 0 5 0 0 0 0 0 0 0 0 0 0 0 0 0 0 1 0 22 28 0 0 0 11 13 28 37 37 0 0 9 21 7 15 0 0 0 0 1 0 0 6 20 0 0 0 0 0 0 0 0 0 0 0 0 2 9 0 0 0 0 0 0 0 0 0 0 1 0 1 0 0 10 0 0 0 0 11 0 0 0 0 0 0 0 0 0 0 0 0 0 0 0 0 0 0 0 6 2 25 0 0 10 0 5 15 39 16 11 12 0 0 0 14 0 0 23 0 0 0 0 0 8 13 0 0 0 0 21 2 1 0 0 0 9 20 0 0 0 0 0 0 0 0 0 0 0 7 0 0 0 0 0 0 0 1 51 0 0 5 0 0 0 0 0 0 17 0 0 0 0 0 0 0 0 0 0 0 0 0 10 13 0 0 0 0 
 0 0 0 1 0 0 0 0 0 0 0 0 0 0 0 0 0 0 0 0 0 4 3 0 0 4 0 1 207 0 63 0 0 0 0 3 0 0 0 1 56 178 74 115 160 45 510 38 90 356 118 119 258 43 275 77 0 141 102 28 57 0 0 51 0 0 60 0 0 0 0 0 49 0 0 0 0 3 25 1 0 0 0 0 0 0 0 0 0 0 0 0 0 0 0 0 8 0 0 0 0 0 0 0 0 0 0 0 0 0 0 0 0 0 0 0 0 0 0 0 0 29 8 38 23 0 9 1 5 0 29 0 4 19 12 0 15 18 0 0 3 1 0 0 0 0 13 17 0 0 0 0 16 0 4 0 0 0 39 8 10 0 0 0 0 0 0 0 0 0 0 0 0 0 0 0 4 0 0 0 0 0 0 0 15 1 8 0 0 0 0 0 0 0 0 0 0 0 0 0 0 0 25 2 46 19 27 0 21 21 20 18 0 0 12 35 1 17 10 5 8 0 0 0 0 0 11 19 0 0 0 0 19 15 7 0 0 0 23 0 0 0 8 0 0 0 0 0 0 0 0 4 0 1 0 0 0 0 0 4 0 0 0 2 1 1 0 3 0 0 0 0 0 0 0 0 0 0 0 0 0 20 7 0 0 0 0 0 0 0 
 6 3 3 3 4 3 6 3 3 4 3 3 3 3 3 3 3 3 3 3 0 0 0 0 0 68 0 4 0 0 0 0 3 0 0 0 0 0 0 0 80 34 393 127 48 177 29 100 329 331 323 83 320 139 73 156 141 0 19 38 0 0 0 0 0 0 5 0 0 0 0 0 52 0 0 0 0 3 26 2 0 0 0 0 0 0 0 0 0 0 0 0 0 0 0 0 0 0 0 0 0 0 0 0 0 0 0 0 0 0 0 0 0 0 0 0 0 0 0 0 0 4 22 18 0 3 1 10 11 28 14 40 0 0 25 35 21 15 0 5 0 0 0 0 13 6 19 0 0 1 0 0 2 0 0 0 0 0 0 10 0 0 0 0 0 0 0 0 0 0 0 0 0 0 0 0 0 0 8 0 0 0 0 0 0 0 0 0 0 0 0 0 0 0 0 0 51 0 0 0 0 7 24 25 28 17 8 31 32 36 34 22 17 0 0 0 0 26 0 0 37 0 3 0 0 0 7 10 0 0 0 0 16 3 0 0 22 0 0 28 0 0 0 0 0 0 0 0 0 0 0 13 0 0 0 0 0 0 0 27 0 0 0 62 2 1 1 63 0 0 18 0 0 0 0 0 0 0 0 0 0 0 0 0 18 0 0 0 2 0 
 0 0 2 0 0 0 0 0 0 0 0 0 0 0 0 0 0 0 0 0 0 63 155 126 53 0 0 0 100 0 87 131 0 0 68 0 70 0 0 0 67 50 36 80 79 59 56 47 83 242 42 46 181 80 45 38 102 19 0 132 0 1 0 22 0 21 1 0 0 0 0 0 51 0 0 0 7 5 0 0 0 0 0 0 0 0 0 0 0 0 0 0 0 0 0 0 0 0 0 0 0 0 18 28 33 25 0 5 3 41 11 31 0 0 0 0 5 10 0 0 27 0 17 0 6 0 16 25 4 0 5 0 0 19 3 0 0 0 12 11 38 0 0 0 0 0 0 0 0 0 0 0 0 0 0 0 0 0 0 0 0 0 0 0 0 0 0 0 0 5 0 0 0 0 0 0 13 0 0 0 3 0 2 27 24 8 0 0 15 23 2 0 43 0 0 0 0 20 39 0 23 0 1 5 0 0 32 52 2 0 0 1 0 0 0 26 0 0 20 32 0 0 10 0 0 0 0 0 0 0 0 0 0 0 0 0 0 0 0 0 0 0 0 0 0 0 0 0 0 0 0 17 0 2 0 0 0 0 0 2 0 0 2 0 2 0 12 0 0 0 0 0 0 0 0 0 0 0 0 0 0 10 2 0 0 0 0 0 0 0 
 9 2 0 7 3 0 35 0 0 5 0 0 0 0 0 60 0 0 32 0 0 7 125 61 1 0 0 0 7 0 62 187 0 0 1 0 1 55 0 0 156 41 54 65 78 47 64 50 73 127 144 33 56 138 95 65 28 38 132 0 0 0 0 16 1 4 5 0 3 9 1 0 9 2 0 5 4 1 0 0 8 0 2 0 0 0 0 0 0 15 0 0 0 16 0 20 0 1 0 19 0 0 1 10 10 9 0 0 9 23 1 11 0 0 0 0 0 1 0 0 0 0 12 0 0 0 24 8 0 0 0 0 11 13 10 0 0 0 24 0 0 4 0 3 0 1 5 0 7 0 1 1 4 3 1 2 6 0 3 8 19 0 20 0 0 0 0 0 0 0 0 0 0 0 9 0 18 0 19 14 0 0 9 0 19 1 1 1 0 1 17 0 1 0 0 0 0 11 0 0 18 10 0 0 19 0 11 8 0 0 0 0 9 10 17 11 0 0 0 0 8 0 0 0 0 0 0 1 0 0 0 24 0 0 0 3 0 0 0 1 0 0 0 0 0 0 0 0 0 0 0 5 0 0 0 0 0 131 62 0 0 0 3 0 0 0 21 0 1 0 0 0 0 0 0 3 0 0 0 0 0 0 0 0 0 0 0 11 1 0 
 0 0 0 0 0 0 1 0 0 4 0 0 0 0 0 1 2 0 0 2 0 3 0 0 2 50 0 0 0 0 2 0 6 0 2 0 0 0 0 0 0 0 106 0 0 0 6 0 51 5 0 113 0 1 0 0 57 0 0 0 0 89 75 57 104 31 185 58 57 54 100 51 46 101 378 104 94 288 70 263 0 0 0 0 0 0 0 0 0 0 0 0 0 0 0 0 0 0 0 0 0 0 3 0 0 0 0 0 0 0 0 1 0 9 0 0 0 0 0 23 0 0 0 29 14 30 0 0 0 0 0 0 0 0 0 0 0 0 0 0 0 24 10 7 16 11 7 11 28 42 12 1 21 12 24 23 1 1 0 21 0 0 0 0 0 0 0 0 0 0 1 0 0 0 0 0 0 4 0 0 0 0 0 0 0 0 0 0 0 0 0 0 0 0 0 0 0 0 0 0 0 0 0 1 14 2 0 0 0 0 0 0 0 0 0 0 7 0 0 0 3 29 11 7 0 5 12 6 1 10 0 1 8 35 31 60 9 31 19 2 40 0 0 0 0 0 0 0 0 0 0 0 0 0 9 0 0 0 0 0 0 0 0 0 54 0 0 0 0 0 0 0 0 2 2 3 0 0 0 0 0 0 0 0 0 0 0 0 1 0 
