 0 93 204 48 37 158 166 130 34 45 106 36 132 288 218 151 43 115 242 150 0 1 0 0 0 0 3 0 0 0 77 3 2 0 0 22 0 0 0 0 3 0 2 0 0 0 2 0 0 0 3 45 3 0 0 0 0 0 0 3 2 0 0 0 0 3 0 0 0 0 0 2 3 59 0 3 0 0 0 0 0 45 33 35 22 67 0 38 15 0 38 38 0 6 34 34 21 64 4 10 0 0 0 0 0 0 0 0 0 0 0 0 22 6 0 0 0 0 8 0 0 0 0 0 0 0 0 0 40 0 7 0 0 10 0 0 0 0 0 0 0 0 0 0 0 0 0 0 0 0 2 0 0 0 0 0 0 0 0 0 17 0 29 16 19 16 55 15 1 59 60 29 3 23 0 26 0 25 1 0 0 0 2 0 0 0 0 0 0 0 0 0 17 0 0 0 0 0 10 0 0 0 0 0 0 21 0 0 2 0 0 0 0 0 0 0 0 0 0 0 0 0 0 0 0 0 0 2 0 0 0 0 0 0 0 0 0 0 0 0 0 13 0 0 0 0 0 1 3 3 2 9 19 0 0 0 0 0 1 0 0 0 0 0 0 0 0 0 0 0 0 0 0 0 0 7 0 0 0 0 0 0 0 0 0 0 0 0 0 0 
 93 0 480 223 37 43 280 295 330 90 150 161 146 60 126 222 184 271 347 222 0 1 0 0 0 74 3 0 0 2 3 3 0 0 0 0 0 0 75 0 3 0 2 6 0 0 2 0 0 0 2 0 3 0 0 0 0 0 0 3 2 0 19 0 0 2 0 0 0 0 0 2 3 0 0 0 0 0 0 0 56 14 23 52 0 32 0 0 0 32 11 15 8 0 21 37 42 0 14 66 9 0 0 0 0 0 24 0 0 0 0 0 0 0 1 0 0 0 0 17 0 0 0 0 0 0 0 0 0 0 0 0 0 0 0 0 22 0 0 0 0 0 0 0 0 0 0 0 0 0 0 0 8 0 0 11 0 0 0 17 6 0 0 1 0 0 7 8 0 11 27 15 12 0 0 0 12 14 8 0 13 0 0 0 0 0 25 0 0 0 0 0 0 27 0 0 0 0 38 0 0 0 0 0 0 0 0 0 0 0 0 0 0 0 0 0 0 0 0 0 0 0 0 0 0 0 0 0 0 0 0 0 0 0 0 0 0 0 2 0 0 14 0 0 0 14 2 0 47 0 0 4 0 0 0 0 0 0 0 0 0 0 0 0 0 0 0 0 0 0 0 0 0 0 0 0 11 18 0 0 0 0 0 0 0 0 0 0 0 0 
 204 480 0 367 66 322 89 99 139 69 134 37 212 180 149 183 205 342 144 128 1 1 0 0 0 0 3 0 0 79 2 3 76 0 0 0 0 2 68 0 3 0 63 0 0 0 2 0 0 0 2 0 3 0 0 0 2 2 0 3 5 0 2 0 0 3 0 0 0 0 1 2 3 1 0 1 0 0 0 0 7 26 10 12 1 3 0 0 1 29 20 18 19 13 8 9 28 10 9 20 14 0 0 0 0 0 19 0 14 0 0 0 10 0 18 0 0 0 0 18 0 0 0 0 0 0 0 0 0 0 0 2 0 0 0 0 0 0 0 0 0 0 0 0 0 0 0 0 0 0 0 0 11 0 0 9 0 0 0 0 22 13 0 23 0 0 6 28 14 0 24 0 3 0 0 18 14 11 16 18 0 0 0 10 7 1 12 1 3 0 0 0 0 9 12 0 0 0 24 0 0 0 0 0 0 0 2 0 0 2 0 0 0 0 0 0 0 0 0 0 0 0 0 0 0 1 0 0 0 0 0 2 0 0 0 0 11 0 0 0 0 0 0 0 0 0 5 0 6 0 0 9 0 0 0 0 1 0 0 0 0 0 0 0 0 0 0 0 0 0 0 0 0 0 0 8 10 0 0 0 0 0 0 0 0 0 0 0 0 0 
 48 223 367 0 76 264 124 131 359 326 186 111 141 106 288 121 215 52 213 61 88 2 0 0 0 2 86 75 0 0 4 3 1 0 0 0 0 0 148 76 3 0 2 0 0 0 2 0 0 0 2 0 3 0 0 0 0 0 0 3 2 0 0 0 0 3 0 0 0 0 0 2 3 2 0 4 0 0 0 0 50 19 29 40 0 29 0 0 1 25 28 0 0 12 9 1 67 0 17 16 7 0 0 0 0 0 15 0 0 13 0 0 0 0 11 0 0 0 56 16 0 0 0 0 0 0 0 0 0 0 0 0 0 0 0 0 0 0 0 0 0 0 0 0 0 0 0 0 6 15 0 0 7 0 0 7 0 0 0 0 13 11 9 62 0 1 17 1 0 6 37 0 10 0 0 10 12 29 1 16 0 0 0 0 0 0 8 0 0 0 0 0 2 15 15 0 0 0 25 15 0 0 0 0 0 0 0 0 0 0 0 0 0 0 0 0 0 0 0 0 0 0 0 0 0 7 0 0 0 0 0 0 0 0 0 0 0 0 0 0 0 26 0 0 0 0 4 2 2 1 54 8 0 19 0 0 0 0 0 0 0 0 0 0 0 0 0 0 0 0 0 0 0 0 0 11 56 11 0 0 0 0 0 0 0 1 0 0 0 0 
 37 37 66 76 0 272 50 59 334 334 82 194 155 74 73 178 72 287 67 279 227 0 1 0 0 0 16 150 0 77 0 3 219 73 0 62 2 0 2 83 3 0 2 0 0 0 2 0 0 0 2 46 3 0 0 4 0 0 0 3 2 0 0 0 0 3 0 0 0 0 0 2 3 2 0 0 0 0 0 0 0 2 0 0 36 35 0 0 5 0 0 5 1 0 0 0 0 0 0 0 21 0 10 51 0 0 0 37 46 17 12 0 19 19 0 22 35 0 30 23 2 0 0 0 0 0 0 0 0 0 0 0 0 0 0 0 0 0 0 0 0 0 2 0 0 0 0 0 0 0 0 0 0 0 12 0 0 0 0 2 0 0 0 0 12 18 0 6 0 0 0 0 0 0 0 0 0 0 0 0 11 33 0 1 0 0 25 20 0 21 24 0 27 35 0 34 14 0 11 25 10 0 0 0 14 0 0 0 0 0 8 0 10 0 0 0 0 0 0 0 2 0 0 2 0 0 2 0 0 0 0 0 1 0 1 0 0 0 0 0 0 0 0 0 0 2 88 1 1 7 0 9 0 0 0 0 0 0 0 0 0 0 8 0 0 0 0 0 0 0 0 0 0 0 0 0 0 0 0 0 0 0 0 0 0 19 0 14 0 0 
 158 43 322 264 272 0 23 36 156 288 290 50 453 49 58 176 166 61 60 62 76 148 82 2 1 0 152 150 0 34 0 5 144 73 13 74 75 1 300 155 3 0 2 0 0 0 6 3 23 2 2 0 6 73 0 0 1 2 0 9 2 2 0 10 0 2 0 1 10 0 0 12 3 12 10 0 0 2 1 0 0 1 0 0 11 12 0 0 0 0 0 0 2 0 0 0 21 2 0 0 0 0 1 44 0 0 36 0 0 10 0 14 19 0 0 5 1 2 13 24 14 0 2 0 0 0 0 0 0 0 0 0 0 0 0 0 0 0 0 0 0 0 0 0 0 0 11 0 0 0 0 0 0 0 0 0 9 0 0 15 0 0 0 0 0 0 0 0 0 0 0 0 0 0 0 0 0 0 6 0 22 31 0 13 0 0 8 4 11 0 21 0 0 16 13 0 15 0 10 14 0 0 0 0 0 0 0 0 0 0 0 0 0 0 0 0 0 0 0 0 10 0 0 1 0 0 0 0 0 0 0 0 0 0 2 0 0 0 0 0 0 0 0 0 0 9 0 1 1 1 0 3 0 0 0 0 0 0 0 0 74 0 0 0 0 0 0 0 0 0 0 0 0 0 0 0 0 12 0 1 0 0 0 0 0 19 0 0 0 0 
 166 280 89 124 50 23 0 180 58 123 30 55 65 50 33 252 22 23 50 239 0 1 0 0 0 0 3 3 0 2 4 3 2 1 0 0 0 0 0 0 6 63 5 0 0 0 4 3 0 0 3 0 3 1 3 6 4 0 3 3 5 4 5 2 0 4 25 0 0 3 0 3 3 5 1 0 0 0 2 2 9 0 9 0 11 0 31 10 0 16 0 13 20 19 44 14 0 19 18 9 0 0 0 0 0 0 0 0 0 0 0 0 0 0 0 0 0 0 8 14 0 0 0 0 0 0 0 45 2 0 2 2 0 0 1 2 0 0 0 14 0 0 0 0 0 0 0 0 0 0 0 0 2 0 0 0 0 0 0 0 20 13 10 0 0 0 7 8 25 21 21 15 11 1 22 34 0 13 0 13 0 0 0 0 0 0 0 1 0 0 0 0 25 0 0 0 0 0 0 0 0 0 0 0 0 0 0 0 0 0 0 0 0 0 0 0 0 0 0 0 0 13 13 0 0 0 0 0 0 0 7 0 0 0 0 0 0 1 1 0 0 0 0 0 0 0 1 0 0 0 0 3 0 2 0 0 0 0 0 0 0 0 0 0 0 0 0 0 0 0 0 0 0 0 0 0 0 0 0 0 0 0 0 0 0 0 0 0 0 0 
 130 295 99 131 59 36 180 0 184 60 37 52 412 179 237 319 143 129 150 135 0 3 0 0 0 0 3 1 0 0 2 3 0 0 0 0 1 1 0 0 3 1 2 0 0 0 2 0 58 0 3 0 3 0 0 0 0 0 0 3 2 0 0 0 0 3 0 0 0 0 0 2 3 3 0 5 0 0 0 0 44 31 6 45 0 2 11 45 18 11 41 3 2 31 0 8 35 9 0 0 0 0 0 0 0 0 0 0 0 0 0 0 0 16 0 0 0 0 0 10 0 0 0 0 0 0 0 0 0 0 0 0 0 0 0 0 0 1 0 0 0 0 1 0 0 0 0 0 0 0 0 0 0 2 0 0 0 0 0 0 41 49 6 24 20 28 2 12 13 1 14 16 9 39 27 9 35 0 0 40 0 0 0 0 0 0 15 0 0 0 0 0 16 0 0 23 0 0 0 9 0 0 0 0 0 0 0 0 2 0 0 0 0 0 0 1 0 0 0 0 0 0 0 0 0 0 0 0 0 0 0 0 0 0 0 0 0 0 18 0 0 0 0 0 0 2 0 0 1 2 4 27 0 0 0 0 0 0 0 0 0 0 0 0 0 0 0 0 0 0 0 0 0 2 0 11 19 0 0 0 0 0 0 0 0 0 0 0 0 0 
 34 330 139 359 334 156 58 184 0 80 233 74 103 328 180 166 352 155 166 76 0 1 1 0 0 1 3 0 0 0 4 3 1 0 0 0 0 1 0 0 3 0 2 0 0 0 2 2 0 0 3 0 3 0 64 0 0 1 0 3 2 0 3 0 0 3 0 0 0 0 3 2 3 3 0 10 0 0 0 0 6 14 12 34 0 0 13 9 14 13 39 1 9 9 0 0 25 0 0 0 6 0 0 0 0 0 12 0 0 0 0 0 10 17 29 0 0 0 0 14 0 0 0 0 0 0 0 0 0 4 0 0 0 0 0 0 0 4 0 0 0 0 0 0 0 0 0 0 0 0 0 0 1 0 0 0 0 0 0 0 0 49 24 42 17 14 6 0 14 0 9 0 11 14 0 8 9 12 0 26 2 0 0 0 0 0 21 2 0 0 0 0 13 5 12 1 0 0 26 0 13 0 0 0 0 0 0 0 0 0 0 0 0 13 0 0 0 0 0 0 0 0 0 0 0 2 0 0 0 0 0 0 2 25 0 0 0 0 0 0 0 0 0 0 0 0 0 0 1 0 9 7 0 0 0 0 0 0 0 0 0 0 0 0 0 0 0 0 0 0 0 0 0 0 0 35 37 25 0 0 0 0 0 0 0 0 0 0 0 0 
 45 90 69 326 334 288 123 60 80 0 174 33 48 78 167 393 237 355 112 234 0 3 0 0 0 0 149 0 0 0 0 3 0 0 0 0 0 0 0 0 3 0 2 0 0 0 2 0 0 0 2 0 3 0 0 0 0 0 0 3 2 0 1 0 0 2 0 0 0 0 0 2 3 0 0 1 0 0 0 0 11 10 0 14 43 14 0 11 21 8 22 25 0 11 16 11 6 18 0 40 9 0 0 0 0 0 0 0 0 0 0 0 30 9 0 0 0 0 56 0 0 0 0 0 0 0 0 0 0 0 12 0 0 0 7 0 0 0 0 0 0 0 0 0 0 0 0 0 0 0 0 0 0 0 0 0 0 0 0 0 43 14 9 0 10 0 0 0 10 45 8 65 10 0 0 16 17 9 0 2 0 0 0 0 0 0 17 0 0 0 0 0 22 1 0 0 0 0 0 2 0 0 0 0 0 0 0 0 0 0 9 0 0 0 0 0 0 0 0 0 0 0 0 0 0 0 0 0 0 0 0 0 0 0 0 0 0 0 0 0 0 0 0 0 0 2 3 0 7 135 2 7 18 0 0 0 0 0 0 0 0 0 0 0 0 0 0 0 0 0 0 0 0 0 0 0 0 0 0 0 0 0 0 0 0 0 0 0 0 0 
 106 150 134 186 82 290 30 37 233 174 0 183 37 27 68 165 161 70 30 63 152 2 1 2 0 2 78 189 0 0 4 3 150 1 2 2 4 5 76 78 3 0 2 0 0 0 6 0 0 0 4 9 3 3 0 0 0 0 0 30 2 1 0 0 0 8 0 4 1 0 0 2 4 7 0 0 1 4 0 0 0 0 10 7 11 3 0 0 9 17 20 17 0 0 0 15 19 9 0 14 22 10 0 0 0 0 49 1 1 11 0 0 24 32 19 2 0 0 1 2 0 0 0 0 0 0 0 1 0 0 11 0 0 0 0 0 0 0 0 0 0 1 13 0 0 0 0 0 0 0 0 0 0 5 0 0 0 0 0 0 0 0 3 27 11 0 24 0 0 26 0 41 0 0 0 21 3 17 0 0 16 0 0 0 0 0 0 1 0 1 0 0 24 0 24 13 0 0 34 0 0 0 0 0 0 0 0 0 0 0 0 0 0 0 0 0 0 0 0 0 0 0 13 0 0 0 0 0 0 0 0 0 0 0 0 0 0 0 0 0 0 0 0 0 0 1 55 0 0 10 20 15 0 0 0 0 0 0 0 0 0 0 64 0 0 0 0 0 0 0 0 0 0 0 0 0 7 0 0 0 0 0 0 0 0 2 0 0 0 0 
 36 161 37 111 194 50 55 52 74 33 183 0 242 41 340 30 193 85 137 245 154 1 0 2 0 0 77 77 8 0 2 14 139 1 0 74 0 0 73 148 3 0 2 0 0 0 2 0 0 0 3 0 6 0 0 4 0 0 0 66 2 0 0 0 0 3 0 0 0 0 0 2 3 11 0 4 0 0 1 0 16 35 7 15 1 1 0 0 0 13 73 1 0 13 0 0 29 18 0 9 35 21 1 19 0 0 64 17 1 14 0 0 0 4 0 15 1 0 47 20 0 0 0 0 0 0 0 0 0 0 0 0 0 0 0 0 0 2 0 0 0 0 11 0 0 1 0 0 0 0 0 0 0 28 0 0 0 0 0 0 0 14 12 16 33 47 0 0 0 6 22 2 5 21 0 6 0 0 0 17 11 9 0 0 0 0 7 4 0 0 0 0 22 14 11 21 0 0 10 0 0 0 0 0 0 0 0 0 2 0 0 0 0 0 0 1 0 0 0 0 0 0 0 0 0 0 0 0 3 0 0 0 0 0 0 0 0 0 16 0 0 0 0 0 0 2 94 0 0 1 1 11 0 0 0 0 0 0 0 0 0 0 10 0 0 0 0 0 0 0 0 0 0 2 0 11 7 0 0 1 0 0 0 0 0 21 0 0 0 0 
 132 146 212 141 155 453 65 412 103 48 37 242 0 239 52 121 38 118 129 53 0 0 0 0 2 0 2 4 0 0 6 4 0 0 0 1 0 0 0 0 3 0 77 0 0 0 8 0 0 0 6 2 3 0 0 0 0 1 0 3 4 0 0 0 0 2 0 0 0 0 44 46 4 0 0 0 0 0 30 0 1 0 12 0 1 0 10 0 24 15 0 0 14 11 16 0 0 7 0 51 0 0 0 0 0 0 0 0 0 35 0 0 0 0 10 2 0 0 0 0 0 0 0 0 0 0 4 0 0 0 0 0 0 0 0 0 0 0 0 1 0 0 0 2 0 0 0 0 0 0 0 0 9 0 0 9 0 6 0 0 26 0 0 14 0 0 0 2 14 0 11 4 12 1 1 0 6 0 0 0 0 0 0 0 0 0 0 0 0 14 0 0 0 0 0 0 0 0 0 0 0 0 0 1 0 0 0 0 0 0 0 0 0 0 0 0 0 0 0 0 0 0 0 0 0 0 0 0 0 2 0 0 0 0 0 0 0 0 0 0 0 0 0 0 0 3 1 0 0 0 0 13 0 0 0 0 0 0 0 0 0 0 0 0 0 0 0 0 0 0 0 0 0 0 0 0 0 0 0 0 0 0 0 0 0 0 0 0 0 0 
 288 60 180 106 74 49 50 179 328 78 27 41 239 0 153 254 46 49 209 338 0 1 0 4 0 0 2 0 0 0 1 3 2 2 0 0 2 0 0 0 5 0 2 0 0 0 2 62 0 0 2 2 3 0 3 3 3 1 0 3 2 0 0 0 56 2 0 0 0 0 0 5 5 1 0 0 0 0 0 0 0 25 31 11 0 25 0 12 0 0 12 25 0 0 13 0 0 9 1 19 0 0 0 0 0 0 0 0 0 0 0 0 0 0 0 0 0 0 12 2 0 0 0 0 0 0 0 0 0 0 0 0 0 0 0 0 0 0 0 0 0 0 0 0 0 0 0 0 0 0 0 0 0 0 0 0 0 0 0 0 27 0 23 34 42 14 0 12 20 19 16 6 1 17 0 19 9 32 0 1 0 0 0 0 0 0 0 0 2 0 0 0 0 0 0 0 0 0 10 0 0 0 0 0 0 0 0 0 0 0 0 0 0 0 0 0 0 0 0 0 4 0 0 0 0 0 0 0 0 0 0 0 0 0 0 0 0 0 0 0 0 0 0 0 0 2 0 2 1 0 1 6 15 0 0 0 0 0 33 0 0 0 0 0 0 0 0 0 0 0 1 0 0 0 0 10 0 15 0 0 0 0 0 0 0 0 0 0 0 0 
 218 126 149 288 73 58 33 237 180 167 68 340 52 153 0 250 44 35 231 107 0 1 0 0 0 0 4 0 0 0 4 3 0 0 0 0 0 0 0 0 3 0 2 0 0 0 2 0 0 0 39 11 3 0 0 0 0 0 0 3 2 0 0 0 0 3 0 0 0 0 0 2 3 3 0 2 0 0 0 0 12 1 20 12 10 0 0 10 9 0 0 14 0 15 17 34 21 34 15 3 0 0 0 0 0 0 0 1 0 0 0 0 19 0 0 0 0 0 0 0 0 0 0 0 2 0 0 0 0 0 12 0 0 0 2 0 0 0 0 0 0 0 0 0 0 0 0 15 0 2 0 0 0 0 0 0 0 0 0 0 0 10 23 15 0 6 41 2 16 22 9 41 13 0 19 38 0 49 2 32 0 0 0 0 0 0 0 0 0 0 0 0 11 0 0 0 0 0 1 0 0 0 0 0 0 0 0 0 0 0 0 0 0 0 0 0 0 0 0 0 0 0 0 0 0 0 0 0 0 0 0 0 0 0 0 0 0 0 0 0 0 0 0 0 0 2 1 0 3 1 2 1 0 0 0 0 0 0 0 0 0 0 3 0 0 0 0 0 0 0 0 0 0 0 0 8 0 0 0 0 0 0 0 0 0 0 0 0 0 0 
 151 222 183 121 178 176 252 319 166 393 165 30 121 254 250 0 137 120 30 176 1 2 0 0 0 0 2 5 0 0 1 3 133 0 0 0 3 0 59 0 8 0 6 1 3 34 2 0 0 3 2 6 3 5 0 0 2 0 5 6 2 0 54 0 0 2 0 0 1 0 3 2 5 0 0 5 5 7 0 0 0 22 47 19 18 20 0 0 17 0 47 8 7 11 51 24 28 79 11 10 11 8 0 0 0 0 0 0 0 0 0 0 19 0 0 0 0 0 0 24 0 0 0 0 0 0 0 0 0 0 0 0 0 0 53 0 0 0 0 0 0 0 0 0 0 0 0 0 0 0 0 0 0 0 0 0 0 0 0 0 22 0 19 0 2 0 50 35 0 34 48 13 0 0 30 28 0 3 21 0 0 0 0 0 0 0 11 0 0 0 0 0 17 11 11 0 0 0 4 0 0 0 0 0 0 0 0 0 0 0 0 0 0 0 0 0 0 0 0 0 0 0 0 0 0 0 0 0 0 0 0 0 0 0 0 0 0 0 0 0 0 13 0 0 0 5 2 0 2 2 0 14 0 0 0 0 0 0 0 0 0 0 0 0 0 0 0 0 0 0 0 0 0 0 0 0 0 0 0 0 0 0 0 0 0 0 0 0 0 0 
 43 184 205 215 72 166 22 143 352 237 161 193 38 46 44 137 0 143 89 43 0 2 0 0 0 0 90 3 0 1 2 4 74 0 3 74 0 1 18 0 3 2 2 0 0 1 5 2 0 0 2 0 3 57 0 0 0 3 0 10 2 3 3 6 0 2 6 0 0 3 1 5 3 2 0 2 0 0 2 2 2 0 0 16 0 17 0 0 27 27 29 0 0 0 0 0 45 19 0 14 20 0 24 1 0 1 13 1 0 6 0 0 2 35 1 0 10 0 42 43 0 2 0 0 0 0 0 0 4 0 12 0 0 0 0 3 0 0 0 0 0 0 0 0 0 0 0 2 0 0 0 0 0 0 0 0 1 0 0 0 21 9 2 14 5 12 4 0 14 6 0 30 0 0 0 0 35 13 0 0 0 14 0 0 0 0 6 0 0 2 0 2 27 35 22 0 0 0 43 15 0 1 0 0 0 15 0 0 0 0 0 0 1 0 0 0 0 0 0 0 1 0 0 0 0 0 0 0 0 0 0 0 0 0 0 0 0 0 0 0 0 0 0 0 0 0 87 1 0 42 28 10 0 0 0 0 0 0 0 0 0 0 10 0 0 0 0 0 0 0 0 0 0 0 0 0 24 0 0 0 0 0 0 0 0 0 0 0 0 0 
 115 271 342 52 287 61 23 129 155 355 70 85 118 49 35 120 143 0 177 212 0 1 2 0 74 0 4 0 1 0 0 3 60 0 0 0 0 2 0 2 3 0 2 0 0 0 4 0 0 0 2 0 3 0 0 0 0 0 0 3 2 0 0 0 0 3 0 0 0 0 0 2 3 1 0 0 0 0 0 0 0 86 21 0 23 0 0 0 24 22 0 57 0 0 16 18 0 1 0 13 14 0 3 0 0 2 0 14 0 0 0 0 10 11 14 0 4 0 12 0 0 0 0 0 0 0 0 0 0 0 0 0 0 0 0 0 0 0 2 0 0 0 0 0 0 0 0 0 0 0 0 0 0 0 0 0 0 0 0 0 49 4 0 12 0 1 4 37 11 0 32 20 2 0 0 58 14 0 0 12 0 0 0 1 0 0 21 0 0 20 0 0 12 0 0 0 0 0 1 5 0 0 0 0 34 0 0 0 11 0 0 0 0 0 0 0 0 0 0 0 0 0 0 0 0 0 0 0 0 0 0 0 0 0 4 0 0 0 0 0 0 0 0 0 2 0 1 0 3 86 0 15 0 0 0 0 0 0 0 0 0 0 0 0 0 0 0 0 0 0 0 0 0 0 0 0 0 0 0 0 0 0 0 0 0 0 0 0 0 0 
 242 347 144 213 67 60 50 150 166 112 30 137 129 209 231 30 89 177 0 86 0 2 0 0 0 0 2 0 0 0 2 3 0 0 0 0 0 0 0 0 3 0 2 0 0 0 64 0 0 0 2 0 3 0 0 0 0 0 0 3 2 0 0 0 0 2 0 0 0 0 0 2 36 0 0 1 0 0 0 0 30 4 23 11 1 0 40 22 17 16 0 0 12 15 0 16 17 0 36 0 0 0 0 0 0 0 0 0 0 6 0 0 0 0 0 0 0 0 4 0 0 0 0 0 0 0 0 0 0 0 0 0 0 0 0 0 0 0 0 0 0 0 0 0 0 0 0 0 0 0 0 0 9 0 0 19 0 0 0 0 5 10 9 15 0 2 19 0 38 0 9 0 11 15 29 20 15 19 15 37 0 0 0 0 0 0 0 0 0 0 0 0 0 0 0 0 0 0 0 0 0 0 0 0 0 0 0 0 0 0 0 0 0 0 0 0 0 0 0 0 0 0 0 0 0 0 0 0 0 0 0 0 13 0 0 0 0 0 0 0 0 0 0 0 0 2 0 1 0 2 2 15 0 0 2 0 0 0 0 0 0 0 0 0 0 0 0 0 0 0 0 0 0 0 0 5 0 0 0 0 0 0 0 0 0 0 0 0 0 0 
 150 222 128 61 279 62 239 135 76 234 63 245 53 338 107 176 43 212 86 0 0 2 0 0 0 0 4 0 0 2 2 3 0 0 0 0 0 0 0 0 3 0 3 0 0 0 7 0 0 0 3 0 3 0 0 0 0 0 0 3 6 0 0 0 0 3 0 0 0 0 0 2 3 3 0 0 0 0 0 0 0 21 0 45 51 0 18 12 0 1 10 11 12 1 18 15 0 1 0 17 1 0 0 0 0 2 0 0 0 0 0 0 0 0 0 0 0 0 43 0 0 0 0 0 0 0 0 18 0 13 0 0 0 0 0 0 0 0 2 0 0 0 0 0 0 0 0 0 0 0 0 2 0 0 0 0 0 0 0 0 1 13 21 31 0 2 12 23 15 25 15 13 14 0 15 4 0 13 6 14 0 0 0 0 0 0 0 0 0 0 0 0 0 2 0 0 0 0 0 0 0 0 0 0 0 0 0 0 0 0 0 0 0 0 0 0 0 0 0 0 0 0 0 0 0 0 0 0 0 0 0 0 0 0 0 0 0 0 0 0 0 0 0 0 2 2 0 2 87 8 2 6 0 0 0 0 0 0 0 0 0 0 0 0 0 0 0 0 0 0 0 0 0 0 0 13 0 0 0 0 0 0 0 0 0 0 0 0 0 0 
 0 0 1 88 227 76 0 0 0 0 152 154 0 0 0 1 0 0 0 0 0 203 87 88 68 252 184 126 269 62 53 243 388 54 308 60 70 251 144 172 0 0 0 0 0 0 0 0 2 0 3 0 0 2 0 1 66 0 0 0 0 0 0 0 0 0 3 0 0 2 0 4 0 0 0 0 0 0 3 0 0 0 0 0 27 28 0 0 0 0 0 14 0 0 0 0 0 0 0 0 3 19 21 30 0 0 21 12 58 16 1 0 0 12 30 17 26 19 14 4 21 0 0 0 0 0 0 0 0 2 0 0 14 0 0 0 0 0 0 0 0 0 6 0 0 0 0 0 0 0 0 0 0 5 15 0 0 0 0 0 0 0 0 0 14 11 2 19 0 0 1 0 0 0 0 0 0 9 0 0 20 21 8 12 0 0 10 19 0 26 1 7 27 0 1 44 42 10 2 2 0 0 0 0 0 0 2 0 0 0 0 0 19 0 1 0 0 2 0 0 0 0 0 0 0 0 0 1 0 0 0 0 0 0 0 0 0 1 0 0 0 0 0 0 0 0 74 0 0 0 2 0 0 0 8 0 1 0 33 0 0 0 0 0 0 0 0 0 0 0 0 0 0 0 0 0 0 0 0 0 0 0 0 0 0 14 0 0 0 0 
 1 1 1 2 0 148 1 3 1 3 2 1 0 1 1 2 2 1 2 2 203 0 257 61 331 39 118 144 147 365 176 42 553 318 362 72 38 159 92 216 0 0 0 0 0 0 10 0 0 1 67 204 0 6 0 0 2 0 0 0 0 6 0 0 0 1 4 0 0 3 6 2 1 4 0 0 0 0 6 1 1 0 0 0 1 1 0 0 0 0 0 0 0 0 0 13 0 0 0 0 0 3 33 12 4 11 31 28 1 19 0 19 6 26 0 31 0 22 0 0 0 1 0 0 0 0 2 0 0 0 2 0 14 0 0 0 0 0 14 0 0 0 0 0 0 4 0 0 0 0 0 0 8 0 0 0 0 0 0 0 0 0 0 0 0 25 0 0 0 0 0 0 8 0 0 0 0 0 0 0 61 10 15 29 0 0 0 0 14 12 10 0 11 2 18 8 36 0 13 16 0 0 0 0 0 1 0 0 0 0 0 0 1 0 0 0 0 0 12 0 0 0 0 0 0 0 0 18 0 0 0 0 0 0 0 0 0 0 0 0 0 0 0 0 0 0 0 0 1 0 0 0 0 0 24 0 2 0 0 1 6 14 0 0 0 0 0 0 0 0 0 0 0 0 0 0 2 0 0 0 0 0 0 0 0 0 11 0 0 0 
 0 0 0 0 1 82 0 0 1 0 1 0 0 0 0 0 0 2 0 0 87 257 0 147 121 40 111 79 72 164 326 134 76 221 291 154 182 192 35 43 1 0 0 0 0 0 5 0 0 0 3 0 0 8 0 35 2 0 21 63 0 5 0 0 0 0 3 0 0 2 0 2 0 33 0 0 0 0 3 0 0 0 0 0 0 0 0 0 0 0 0 0 0 0 0 0 0 0 0 0 0 16 38 54 45 12 27 27 9 44 59 39 43 1 0 21 6 49 18 0 1 0 0 0 0 0 0 0 0 0 0 0 42 10 0 0 0 0 21 0 0 0 0 2 0 2 0 0 0 0 0 0 7 0 0 0 0 0 0 0 0 0 0 0 0 0 0 0 0 0 0 2 16 0 5 0 0 0 0 14 8 16 7 3 40 0 17 18 42 9 31 20 0 16 14 21 21 27 0 15 0 0 0 0 0 0 0 0 2 0 0 0 3 11 0 0 0 0 2 0 0 13 0 0 0 0 2 0 0 0 0 0 9 0 0 0 0 0 0 0 0 0 0 0 0 0 0 0 0 0 0 0 0 0 9 0 1 0 77 1 22 16 0 0 0 0 0 0 0 0 0 0 0 0 0 0 0 0 0 6 0 14 0 0 0 0 12 0 0 0 
 0 0 0 0 0 2 0 0 0 0 2 2 0 4 0 0 0 0 0 0 88 61 147 0 172 44 322 91 193 101 164 309 82 144 159 588 95 69 57 401 63 0 0 0 0 0 168 0 0 0 3 0 65 2 0 0 3 0 18 1 0 0 1 0 0 0 3 0 0 3 0 2 7 0 0 0 0 0 5 0 0 0 12 0 1 0 0 0 0 0 0 0 0 0 0 0 0 0 0 0 12 0 6 0 5 2 0 0 7 0 8 8 6 0 7 15 10 8 0 0 11 0 0 0 0 0 56 0 0 0 0 2 12 59 0 10 0 0 12 38 0 0 0 0 0 0 0 0 0 5 0 0 0 0 0 0 0 0 6 4 0 0 0 2 0 0 0 0 0 0 2 0 0 0 0 0 0 0 0 0 0 45 50 12 40 13 0 0 14 6 11 63 0 1 0 12 0 43 0 0 0 0 0 0 0 0 19 5 7 12 0 17 33 0 18 15 0 15 27 15 0 0 0 2 0 0 0 0 0 0 0 0 0 0 0 39 0 0 0 0 0 0 0 0 0 0 0 0 0 0 0 0 0 0 9 3 0 3 3 3 1 0 0 0 0 0 0 0 0 0 0 0 0 0 0 0 0 0 0 12 0 0 1 0 0 0 0 0 0 0 
 0 0 0 0 0 1 0 0 0 0 0 0 2 0 0 0 0 74 0 0 68 331 121 172 0 69 117 75 128 91 99 126 283 78 108 203 254 118 60 107 0 0 1 0 0 0 2 0 0 0 3 0 0 3 0 0 35 0 63 29 0 0 0 0 0 0 3 0 0 2 46 2 0 0 0 0 15 0 3 49 0 0 17 0 0 0 0 0 0 0 0 0 0 0 0 0 0 0 0 0 11 12 18 0 12 0 0 8 7 10 0 0 0 6 12 0 10 8 0 0 11 0 52 17 0 0 10 0 19 0 14 1 12 13 7 0 0 25 0 24 0 0 0 0 0 0 0 0 0 0 0 0 0 0 0 0 0 0 0 1 0 0 0 0 0 0 0 0 0 0 0 0 7 0 1 0 0 0 0 0 6 13 6 11 0 15 0 0 9 6 11 33 0 0 6 22 0 46 0 0 0 0 0 0 0 0 27 12 6 0 0 0 12 12 24 0 0 11 32 26 0 0 0 0 0 0 0 0 0 0 0 0 0 0 0 0 0 0 0 0 0 0 0 0 0 0 0 0 0 0 0 0 0 0 0 0 0 77 6 0 3 2 0 0 0 0 17 0 0 0 0 0 0 0 0 0 0 0 0 0 0 0 0 0 0 0 0 0 0 0 
 0 74 0 2 0 0 0 0 1 0 2 0 0 0 0 0 0 0 0 0 252 39 40 44 69 0 28 35 200 294 118 359 23 23 145 83 94 89 251 79 62 0 0 61 0 0 63 0 0 0 3 0 67 2 0 0 3 0 19 124 0 5 0 0 0 0 3 0 0 2 0 2 0 0 0 0 0 0 3 0 0 0 0 0 0 0 0 0 0 0 0 0 0 0 2 0 2 0 0 0 0 2 0 0 24 5 0 0 0 19 35 19 0 0 3 15 0 0 0 0 0 0 0 0 0 0 16 0 0 2 0 0 32 24 7 0 0 1 28 18 0 0 0 0 0 0 0 1 0 7 0 0 0 0 0 0 0 0 0 4 0 0 15 10 0 0 0 0 0 0 0 0 0 0 2 0 0 0 0 0 0 0 32 25 43 59 0 1 1 0 13 61 0 10 19 19 12 2 0 0 0 0 0 0 0 0 65 21 7 0 0 0 11 10 2 0 0 2 18 12 0 0 0 0 0 0 0 0 0 0 0 0 0 0 0 0 0 0 0 0 0 0 21 0 0 0 0 0 0 0 0 0 2 0 4 0 2 84 80 0 18 1 0 0 0 0 0 0 0 2 0 0 0 0 0 0 0 0 0 0 0 11 0 0 0 0 0 0 0 0 
 3 3 3 86 16 152 3 3 3 149 78 77 2 2 4 2 90 4 2 4 184 118 111 322 117 28 0 210 85 129 205 54 278 145 210 142 32 430 83 398 1 9 0 0 0 2 0 1 0 3 3 0 0 8 1 3 2 2 1 3 0 3 2 0 3 0 10 2 0 5 1 5 0 3 3 3 0 0 9 4 0 6 0 0 9 10 0 2 0 0 0 0 0 0 0 0 2 2 2 0 1 0 12 1 0 24 9 39 38 18 22 29 0 38 13 24 1 0 25 19 0 0 0 1 0 0 0 0 0 0 11 0 26 0 0 0 0 0 2 0 0 0 0 0 4 0 18 4 1 0 0 0 0 0 0 0 0 0 4 0 0 0 5 0 16 0 0 0 0 0 0 13 12 0 0 0 0 22 0 0 22 12 0 9 0 0 1 7 25 0 7 0 0 21 14 8 25 0 2 2 0 0 0 0 0 0 0 5 0 0 0 0 0 0 0 1 0 0 0 0 0 0 0 0 0 1 0 0 0 0 0 0 0 0 0 0 0 0 0 0 0 0 0 0 0 0 74 0 2 0 2 0 0 2 9 0 0 75 0 2 2 2 7 0 0 2 0 0 0 0 0 0 0 0 0 0 0 0 0 0 0 15 0 0 0 29 0 0 0 0 
 0 0 0 75 150 150 3 1 0 0 189 77 4 0 0 5 3 0 0 0 126 144 79 91 75 35 210 0 77 110 35 37 509 161 65 32 179 34 476 327 0 0 0 0 0 0 11 4 1 0 4 3 0 6 0 0 2 3 0 2 0 51 0 0 4 6 5 2 0 3 0 2 0 0 0 0 0 4 3 0 0 0 0 0 9 24 0 0 1 0 0 24 0 0 0 0 11 0 0 0 1 0 0 64 0 0 21 10 25 12 0 0 17 11 24 45 24 8 13 4 0 16 0 0 0 0 0 0 0 0 0 0 0 0 0 0 0 0 0 0 0 0 0 0 0 0 0 0 0 0 0 0 0 0 6 0 0 0 0 0 0 0 0 0 0 43 0 7 0 0 0 0 0 0 0 0 0 10 0 0 28 52 0 8 0 0 20 25 0 2 11 0 3 0 11 0 20 22 11 45 0 0 0 0 0 0 0 0 0 0 0 0 0 0 0 0 0 0 0 0 1 0 0 0 0 0 0 0 0 0 0 0 0 0 0 0 0 0 0 0 0 0 0 0 0 0 1 0 0 1 0 0 0 0 14 0 0 4 0 2 1 0 0 0 0 0 0 0 0 0 0 0 0 49 0 0 0 0 0 0 0 0 0 0 0 12 0 0 0 0 
 0 0 0 0 0 0 0 0 0 0 0 8 0 0 0 0 0 1 0 0 269 147 72 193 128 200 85 77 0 184 75 50 108 99 151 70 134 94 51 66 125 0 0 1 0 0 62 0 2 0 3 0 69 2 0 0 2 0 2 93 0 0 0 0 37 0 3 0 0 3 0 2 0 3 0 0 0 0 4 0 0 0 0 0 0 0 0 0 0 0 0 0 0 0 0 0 0 0 0 0 9 11 19 0 16 10 0 1 9 60 42 0 0 0 27 31 10 17 0 0 1 0 0 0 0 0 26 0 0 0 0 0 33 29 8 0 0 0 1 12 0 0 0 0 0 5 0 1 10 2 0 0 6 0 0 0 0 0 0 0 0 0 8 0 0 0 0 0 0 0 0 0 0 0 2 0 1 0 0 0 0 16 41 20 22 37 0 31 15 9 1 36 0 0 12 20 23 26 0 0 0 0 0 0 0 0 9 13 0 0 1 0 29 9 7 0 0 0 23 12 0 0 0 0 0 0 5 0 0 0 0 0 0 0 0 0 0 0 0 0 0 0 0 0 0 0 0 0 0 0 0 0 0 0 5 0 4 2 164 0 16 14 0 0 0 0 0 0 0 0 0 0 0 0 0 0 0 0 0 0 0 0 0 0 0 0 0 0 0 0 
 0 2 79 0 77 34 2 0 0 0 0 0 0 0 0 0 1 0 0 2 62 365 164 101 91 294 129 110 184 0 155 275 261 159 371 121 273 46 181 258 25 0 0 0 63 0 0 0 0 0 3 0 0 2 0 0 2 0 0 62 0 0 0 0 0 2 3 0 0 2 0 2 51 0 0 0 0 0 3 0 0 0 0 0 9 0 9 0 0 0 0 0 0 0 0 0 0 0 0 0 0 0 1 37 6 0 18 0 79 0 12 21 37 20 8 10 46 12 0 11 0 0 0 0 0 0 8 0 0 0 0 0 26 0 0 1 1 0 0 0 2 0 0 0 0 0 2 1 0 21 0 0 0 0 8 0 0 0 0 0 0 0 0 0 0 9 0 1 0 0 0 0 2 0 0 0 0 0 0 0 0 29 9 23 11 1 11 44 8 8 19 0 16 17 1 0 18 9 0 24 0 14 0 12 0 0 0 15 0 0 0 0 12 6 0 0 12 0 0 0 0 0 2 0 0 0 0 0 0 0 0 0 1 0 8 0 0 0 0 0 0 0 0 0 0 2 0 0 0 0 0 0 0 0 6 0 0 3 2 0 6 2 0 0 0 0 0 0 0 0 0 0 0 0 0 0 0 24 0 0 0 0 0 0 0 0 0 0 0 0 
 77 3 2 4 0 0 4 2 4 0 4 2 6 1 4 1 2 0 2 2 53 176 326 164 99 118 205 35 75 155 0 132 28 112 197 363 81 67 43 233 65 2 0 0 0 0 2 67 0 0 3 0 0 3 0 0 17 0 0 2 0 0 0 0 0 0 3 0 0 3 0 2 0 0 0 0 0 0 3 0 0 0 0 0 0 0 0 0 0 0 0 0 0 0 0 0 0 0 0 0 3 0 27 0 31 44 0 6 14 11 31 33 0 7 0 9 15 24 0 12 0 0 0 0 0 0 20 9 0 2 1 0 32 0 0 0 0 0 8 0 0 0 0 0 0 0 0 1 0 0 0 0 5 0 2 0 0 0 0 0 0 0 0 0 0 0 2 0 0 0 2 0 5 0 0 0 0 0 0 0 7 0 11 0 0 15 0 16 10 12 0 7 12 13 1 13 24 24 0 0 0 0 0 0 0 0 8 0 0 0 0 0 0 0 1 0 0 2 20 0 0 0 0 0 0 0 0 0 0 3 0 0 0 0 0 0 0 0 0 0 0 0 12 0 0 0 0 0 0 0 0 0 0 0 12 0 2 2 1 33 0 13 0 0 0 0 0 0 0 0 0 0 0 0 0 0 0 0 0 0 0 12 0 0 0 0 0 0 0 2 
 3 3 3 3 3 5 3 3 3 3 3 14 4 3 3 3 4 3 3 3 243 42 134 309 126 359 54 37 50 275 132 0 46 99 49 31 69 115 30 115 37 5 63 1 0 0 37 65 0 1 3 0 7 5 0 0 4 31 90 134 0 6 9 0 0 0 3 0 0 7 2 2 0 6 0 6 1 0 7 4 0 0 0 0 0 0 0 0 0 0 0 0 0 0 2 0 0 0 0 0 0 0 0 0 22 1 0 0 0 0 6 12 27 0 0 0 0 0 0 0 0 3 0 0 0 0 30 0 0 0 11 7 0 36 34 14 0 43 40 51 0 0 0 0 0 1 0 0 0 2 0 0 0 0 0 0 0 0 0 4 0 0 0 3 0 0 0 0 0 0 5 0 0 0 0 0 0 0 0 0 0 0 0 0 23 19 0 0 14 0 15 41 0 0 0 0 15 22 0 0 2 19 0 0 1 0 11 0 31 8 26 19 39 9 32 16 0 38 15 9 0 0 0 0 0 0 0 0 0 0 0 0 0 0 0 0 0 0 0 0 0 0 0 0 0 0 0 0 0 0 0 0 0 0 11 0 6 1 0 0 0 1 0 0 0 0 0 0 0 0 0 0 0 0 0 0 0 0 0 18 0 0 0 0 19 0 0 0 0 0 
 2 0 76 1 219 144 2 0 1 0 150 139 0 2 0 133 74 60 0 0 388 553 76 82 283 23 278 509 108 261 28 46 0 105 261 117 19 28 391 284 0 0 0 0 0 2 5 0 6 2 33 2 0 6 0 0 2 1 2 100 0 0 0 0 0 0 8 0 0 2 0 2 5 0 0 0 0 0 3 0 0 0 0 0 22 22 0 0 0 0 21 13 0 0 0 0 18 32 0 0 20 28 2 21 0 0 69 6 8 13 0 0 14 0 32 23 0 1 8 9 0 0 2 0 0 0 0 0 0 0 0 0 0 0 0 0 0 0 0 0 0 0 6 0 2 0 0 0 0 0 0 0 0 10 0 0 0 0 0 0 0 0 1 0 17 19 2 3 0 0 0 0 0 0 0 0 2 0 0 0 49 29 0 8 0 0 16 20 0 11 0 0 2 14 10 2 14 0 27 18 0 0 0 0 0 0 0 0 0 0 0 0 0 35 0 0 0 0 0 0 0 0 3 0 0 0 0 0 0 2 0 0 0 0 0 0 0 0 0 1 0 0 0 0 0 0 77 0 0 0 0 0 0 0 8 0 2 0 0 0 0 0 0 0 0 0 0 0 0 0 0 0 0 0 0 0 0 0 0 0 0 0 0 0 0 11 0 0 0 0 
 0 0 0 0 73 73 1 0 0 0 1 1 0 2 0 0 0 0 0 0 54 318 221 144 78 23 145 161 99 159 112 99 105 0 102 94 121 184 101 87 0 0 0 0 0 0 0 0 0 0 3 0 0 2 0 0 3 0 0 0 2 2 0 0 0 0 3 0 0 3 0 2 0 0 0 0 0 0 3 0 0 0 0 0 18 17 0 1 0 0 0 13 0 0 0 0 0 0 0 0 0 0 12 30 0 15 11 14 1 0 11 44 8 0 0 27 0 15 0 0 0 0 0 18 0 0 0 0 0 0 0 0 27 12 0 0 0 0 14 0 0 0 0 0 1 0 4 2 0 0 2 0 1 0 0 0 0 13 2 0 0 0 0 0 10 0 0 5 0 0 0 0 0 0 0 0 0 0 0 0 23 8 7 12 45 0 0 0 11 28 80 13 0 0 0 0 2 0 0 14 0 0 0 0 0 0 14 0 0 0 0 0 0 0 1 0 0 0 0 2 0 0 0 0 0 0 0 0 0 0 0 0 0 0 0 2 0 0 0 0 0 0 0 0 0 0 0 0 0 0 0 0 0 0 12 1 2 77 0 0 0 1 0 0 0 0 0 0 0 0 0 0 0 41 0 0 0 0 0 0 0 8 0 0 0 0 10 0 0 0 
 0 0 0 0 0 13 0 0 0 0 2 0 0 0 0 0 3 0 0 0 308 362 291 159 108 145 210 65 151 371 197 49 261 102 0 248 210 189 57 122 0 0 0 0 0 0 64 0 3 0 3 0 0 2 0 1 2 0 0 0 0 0 0 0 0 0 3 0 0 3 0 2 0 0 0 0 0 0 3 0 1 0 0 0 12 2 0 0 0 0 0 0 0 12 0 0 0 0 0 0 15 20 47 21 0 19 0 28 40 80 44 27 14 11 12 27 8 31 0 18 0 2 0 2 0 0 1 0 0 0 0 0 27 23 0 0 0 0 13 21 0 0 0 8 3 0 1 2 2 0 0 0 2 0 0 0 0 0 0 0 0 0 0 0 15 0 0 0 0 0 0 0 8 0 0 0 0 0 0 0 11 56 41 0 21 17 39 57 91 45 10 21 15 36 20 0 17 23 1 1 0 0 0 0 0 0 0 0 0 0 0 0 29 0 9 0 0 0 0 0 0 0 0 0 0 0 0 0 0 0 0 0 0 0 0 0 0 0 9 0 0 0 0 0 0 0 1 0 0 0 0 0 0 0 3 1 0 2 2 4 2 0 0 1 0 0 0 0 0 1 0 1 0 2 0 0 1 0 0 12 0 8 0 0 0 0 0 0 0 0 
 22 0 0 0 62 74 0 0 0 0 2 74 1 0 0 0 74 0 0 0 60 72 154 588 203 83 142 32 70 121 363 31 117 94 248 0 91 640 35 161 0 1 0 0 0 0 0 0 0 0 3 0 0 209 0 0 6 0 0 0 0 0 0 0 0 61 3 0 0 3 0 2 0 0 0 0 6 0 3 0 0 0 0 0 12 9 0 0 0 0 0 0 0 0 0 0 0 0 0 0 11 1 32 9 15 12 0 24 0 0 21 44 0 11 1 46 9 0 12 0 0 0 0 0 0 0 17 3 0 0 0 0 11 14 0 1 0 0 18 19 0 0 0 0 0 1 4 4 0 0 0 0 11 0 0 0 0 0 0 0 0 0 0 0 11 0 0 0 0 0 0 0 5 0 0 0 0 0 0 0 26 29 9 0 0 1 0 7 41 9 11 28 0 22 21 26 28 27 0 0 0 0 0 0 0 0 20 15 0 0 1 0 0 0 9 0 0 0 3 10 0 0 0 0 0 0 0 0 0 13 0 0 0 0 0 0 0 0 0 0 0 0 16 0 0 0 0 0 0 0 0 0 0 0 9 1 0 75 4 2 3 1 0 0 0 0 15 0 0 0 0 0 0 0 0 0 0 0 0 0 0 11 0 0 0 12 0 0 0 0 
 0 0 0 0 2 75 0 1 0 0 4 0 0 2 0 3 0 0 0 0 70 38 182 95 254 94 32 179 134 273 81 69 19 121 210 91 0 201 39 99 0 0 0 0 0 0 4 0 0 0 3 0 0 70 0 64 3 0 0 0 0 3 0 0 47 0 3 0 0 3 0 2 0 0 0 0 0 1 3 0 0 0 1 0 0 1 0 0 2 0 0 0 0 1 0 0 0 0 0 0 0 11 0 31 0 1 20 0 12 6 32 16 26 0 20 20 25 14 0 11 1 0 0 0 0 0 0 0 7 0 0 0 1 34 0 0 0 0 10 1 0 0 0 1 8 1 3 4 0 0 0 0 0 0 0 0 0 0 0 0 0 0 0 0 0 0 0 8 0 0 0 0 0 0 0 0 0 0 0 0 1 37 11 15 44 8 11 49 44 1 4 13 22 24 7 14 0 31 1 37 0 0 0 0 0 0 0 0 0 0 0 0 0 0 0 0 0 9 0 0 0 0 0 0 0 0 0 0 0 0 0 0 0 0 0 0 4 0 0 0 0 0 0 0 10 0 0 0 0 0 0 0 0 0 1 0 0 77 0 3 1 0 0 0 0 0 0 0 0 0 0 0 0 0 0 0 0 0 0 18 0 1 0 0 0 0 0 0 0 0 
 0 0 2 0 0 1 0 1 1 0 5 0 0 0 0 0 1 2 0 0 251 159 192 69 118 89 430 34 94 46 67 115 28 184 189 640 201 0 25 52 0 0 0 0 0 0 0 0 0 0 3 0 0 2 0 0 3 0 0 125 0 0 5 0 39 0 3 36 0 3 0 2 0 0 0 0 4 0 3 0 0 0 0 0 1 0 0 0 0 0 0 0 0 0 0 2 0 0 0 0 0 0 21 11 14 11 0 20 8 2 67 19 6 0 1 1 0 0 0 0 0 0 0 0 0 0 13 0 0 0 0 0 48 20 29 0 0 0 1 0 0 0 2 0 6 0 9 7 0 0 15 0 0 0 0 0 0 1 0 0 0 0 0 1 0 0 0 0 0 0 0 0 0 0 4 0 0 0 0 0 0 3 25 13 36 18 15 10 78 7 23 37 0 1 0 0 0 28 0 14 0 0 1 0 0 0 16 12 0 20 0 0 28 0 5 0 0 0 30 34 0 0 0 0 0 0 0 0 0 0 0 0 0 0 0 0 0 0 0 0 0 0 0 0 0 0 0 0 0 0 0 0 0 0 8 2 2 76 83 0 13 0 0 0 0 0 9 0 0 0 0 0 0 0 0 0 0 0 0 12 0 11 0 0 0 0 0 0 0 0 
 0 75 68 148 2 300 0 0 0 0 76 73 0 0 0 59 18 0 0 0 144 92 35 57 60 251 83 476 51 181 43 30 391 101 57 35 39 25 0 249 0 0 0 0 0 0 3 0 0 0 3 0 0 5 0 0 2 0 0 0 0 0 0 0 0 0 3 0 0 2 0 2 0 0 0 0 0 0 3 0 0 0 0 0 5 23 0 0 0 0 12 7 0 0 0 0 8 7 0 0 0 0 0 3 0 0 18 1 29 17 0 4 0 29 15 68 13 12 12 33 0 0 0 22 0 0 0 0 20 0 0 0 0 0 0 0 5 0 0 0 0 0 0 0 0 0 0 0 0 0 0 0 0 0 0 0 0 0 0 0 0 0 0 0 1 13 0 0 0 0 0 0 0 0 0 0 0 10 0 0 29 73 0 5 0 0 6 57 0 1 1 0 13 25 33 0 46 0 23 22 0 0 0 0 0 0 0 0 0 0 0 0 0 0 0 0 0 0 0 0 46 0 0 0 0 0 1 0 0 0 0 0 0 0 0 0 0 0 0 0 0 0 0 0 0 0 0 0 0 0 0 0 0 0 10 3 0 0 0 0 1 1 0 0 0 0 0 0 0 0 0 0 0 0 0 0 0 0 0 0 0 0 0 0 0 12 0 0 0 0 
 0 0 0 76 83 155 0 0 0 0 78 148 0 0 0 0 0 2 0 0 172 216 43 401 107 79 398 327 66 258 233 115 284 87 122 161 99 52 249 0 0 0 0 0 0 0 0 0 0 0 3 0 0 3 0 4 3 0 0 0 0 0 0 0 0 0 3 0 0 2 0 2 0 0 0 0 0 0 3 0 0 1 1 1 8 10 0 0 2 0 0 0 0 2 0 0 0 0 0 0 0 0 29 20 0 1 25 24 37 13 0 44 18 31 49 24 19 0 17 29 0 0 14 0 0 0 0 0 0 0 0 0 0 0 0 0 0 0 1 1 0 0 0 0 5 0 16 3 0 0 0 0 0 0 2 0 0 0 0 0 0 0 0 0 0 6 0 0 0 0 0 0 17 0 0 2 0 10 0 0 31 62 0 10 0 0 0 46 43 0 2 0 13 23 12 0 15 5 12 21 0 0 0 0 0 0 0 0 0 0 0 0 0 0 0 0 0 0 0 0 0 0 0 0 0 0 0 0 0 0 0 0 0 0 0 0 0 0 0 0 0 0 0 0 0 0 0 0 0 0 0 0 1 0 7 2 0 76 0 2 0 0 3 0 0 0 0 0 0 0 0 0 0 0 0 0 0 0 0 0 0 0 0 0 0 21 0 0 0 0 
 3 3 3 3 3 3 6 3 3 3 3 3 3 5 3 8 3 3 3 3 0 0 1 63 0 62 1 0 125 25 65 37 0 0 0 0 0 0 0 0 0 167 284 119 258 46 138 139 33 41 85 66 121 354 248 110 43 241 133 122 5 5 2 9 0 0 0 0 1 0 4 0 0 0 0 0 0 0 0 0 0 0 0 0 0 0 0 0 0 0 0 0 0 0 0 0 0 0 0 0 0 0 0 0 6 0 0 0 0 0 0 0 0 0 0 0 0 0 0 0 0 9 25 9 8 0 28 11 20 4 0 0 14 0 0 0 21 29 0 0 0 0 0 0 0 18 12 0 5 4 0 0 1 0 0 0 0 0 25 16 0 0 0 0 0 0 0 0 0 0 0 0 0 0 0 0 0 0 0 3 0 0 1 19 19 1 0 0 0 1 0 0 0 0 0 0 0 0 0 0 7 0 18 12 1 19 0 23 0 0 12 10 15 15 0 0 2 0 30 0 1 0 26 0 0 0 1 0 1 0 0 0 0 11 5 5 10 0 0 5 0 0 14 0 0 0 0 0 0 0 0 5 0 0 0 0 0 0 0 0 0 0 2 0 1 12 2 0 0 0 0 0 0 0 0 0 0 0 0 0 0 0 0 0 0 15 0 0 0 0 
 0 0 0 0 0 0 63 1 0 0 0 0 0 0 0 0 2 0 0 0 0 0 0 0 0 0 9 0 0 0 2 5 0 0 0 1 0 0 0 0 167 0 197 129 55 51 529 260 20 65 130 83 85 139 260 208 174 44 242 55 6 0 0 3 0 0 0 0 0 0 2 0 0 0 1 0 0 0 0 3 0 0 0 0 0 0 0 0 0 0 0 0 0 0 0 0 0 0 0 0 0 0 0 0 0 0 0 0 0 0 0 0 0 10 0 0 0 0 0 0 51 9 26 21 7 0 8 49 7 19 7 22 0 20 33 20 0 20 0 0 1 0 0 0 0 0 16 0 0 0 0 0 0 0 0 0 0 0 38 0 0 0 0 0 0 0 0 0 0 0 0 0 0 0 0 0 0 0 0 0 0 0 0 0 0 0 0 0 0 0 0 0 0 0 0 0 0 0 0 0 21 25 11 6 19 27 0 25 16 30 50 34 18 47 0 0 30 0 0 7 1 0 4 0 0 0 2 0 0 4 0 0 0 0 15 8 12 0 9 0 0 0 11 0 0 0 0 0 0 0 0 10 0 0 0 0 0 0 0 0 0 0 3 0 2 2 0 0 0 0 28 0 0 0 0 0 0 0 0 0 0 0 16 0 0 15 0 0 0 0 
 2 2 63 2 2 2 5 2 2 2 2 2 77 2 2 6 2 2 2 3 0 0 0 0 1 0 0 0 0 0 0 63 0 0 0 0 0 0 0 0 284 197 0 334 134 232 356 106 98 552 50 102 125 320 248 151 166 253 103 34 0 0 0 0 0 0 56 0 6 0 0 0 0 0 6 0 0 4 71 6 0 0 0 0 0 0 0 0 0 0 0 0 0 0 0 0 0 0 0 0 0 0 0 0 0 0 0 0 0 0 0 0 6 0 0 0 0 0 0 0 9 0 0 17 0 8 0 20 9 9 13 31 0 0 13 9 14 0 0 0 1 0 8 29 0 0 0 20 2 0 1 0 18 11 25 6 0 0 0 1 16 0 2 0 0 0 0 0 0 0 0 0 0 0 0 0 0 0 0 0 0 0 0 0 0 0 0 0 0 0 0 0 0 0 0 0 0 0 0 0 7 19 1 0 28 0 0 0 24 0 16 7 11 0 0 18 1 9 0 1 0 0 0 0 17 0 4 4 9 0 0 7 15 22 0 19 0 0 24 14 0 0 0 0 0 0 0 0 0 0 0 17 0 0 1 0 0 0 0 19 0 0 4 2 2 2 0 0 0 0 0 0 0 0 0 0 0 0 0 0 0 0 0 0 33 0 0 0 0 0 
 0 6 0 0 0 0 0 0 0 0 0 0 0 0 0 1 0 0 0 0 0 0 0 0 0 61 0 0 1 0 0 1 0 0 0 0 0 0 0 0 119 129 334 0 88 52 179 132 64 324 97 33 83 408 118 171 143 42 49 56 0 104 1 0 1 0 32 0 0 0 2 0 4 52 0 0 0 8 0 0 11 0 0 0 0 0 0 0 0 0 0 0 0 0 0 0 0 0 0 0 0 0 0 0 0 0 0 0 29 0 1 0 0 0 0 0 0 0 0 0 6 12 0 8 24 32 0 20 9 0 6 23 0 19 19 0 2 15 0 1 1 4 0 0 0 0 0 18 0 0 0 0 15 12 12 18 0 0 18 0 0 0 0 0 0 0 0 0 0 0 0 0 0 0 0 0 0 0 0 0 1 0 0 0 0 0 0 0 0 0 0 0 0 0 0 0 0 0 0 0 20 9 9 19 0 19 0 0 1 31 17 0 0 0 9 1 9 0 0 8 10 0 0 13 0 0 0 0 11 0 0 0 11 26 26 0 17 0 0 0 0 0 6 0 0 0 0 0 0 0 0 11 0 0 0 0 0 0 0 10 0 0 0 36 68 0 2 0 2 0 19 0 0 0 0 0 0 0 0 0 0 0 0 0 0 0 0 3 0 0 
 0 0 0 0 0 0 0 0 0 0 0 0 0 0 0 3 0 0 0 0 0 0 0 0 0 0 0 0 0 63 0 0 0 0 0 0 0 0 0 0 258 55 134 88 0 146 50 74 197 462 141 247 96 301 93 153 65 416 55 88 0 0 0 0 0 0 24 0 4 0 0 0 0 0 0 0 0 0 50 12 0 0 0 0 0 0 0 0 0 0 0 0 0 0 0 0 0 0 0 0 0 0 0 0 0 0 19 0 0 0 0 12 0 0 0 0 0 0 0 0 0 21 0 1 9 2 0 0 8 1 0 20 0 0 0 24 7 14 1 4 17 19 17 19 0 0 0 40 0 0 1 0 18 1 15 6 10 0 9 18 4 0 0 0 0 0 0 0 0 0 0 0 0 0 0 0 0 0 0 0 0 0 0 0 0 1 0 0 0 0 1 0 0 0 0 0 0 0 0 0 8 18 13 29 13 0 0 1 4 9 6 0 0 0 0 13 0 2 1 0 46 3 0 0 31 0 0 0 8 0 0 0 10 20 15 53 0 0 67 18 0 0 0 0 0 0 0 0 0 0 0 3 0 0 0 0 0 0 0 19 0 1 2 17 63 4 4 5 2 0 0 0 0 0 0 0 0 0 0 0 0 1 0 7 0 0 0 3 2 0 
 0 0 0 0 0 0 0 0 0 0 0 0 0 0 0 34 1 0 0 0 0 0 0 0 0 0 2 0 0 0 0 0 2 0 0 0 0 0 0 0 46 51 232 52 146 0 98 258 209 53 94 362 36 63 265 103 69 330 42 57 0 0 0 3 0 0 0 0 0 0 0 0 0 2 0 0 0 4 19 3 0 0 0 0 0 0 0 0 11 0 0 0 0 0 0 0 0 0 0 0 19 0 0 0 0 0 0 0 0 0 0 0 0 0 0 0 0 0 0 0 0 12 0 11 15 0 0 0 13 25 12 29 0 0 0 0 48 2 0 0 19 0 7 6 0 0 6 11 0 0 0 0 17 0 27 0 0 0 0 0 9 0 0 0 0 0 0 0 0 0 0 0 0 0 0 0 0 0 0 0 0 0 0 0 0 0 0 0 0 0 0 0 0 0 0 0 0 14 0 0 1 25 9 0 19 17 0 1 12 8 0 0 0 0 0 24 14 11 0 0 0 1 6 0 0 0 10 0 12 0 0 0 5 9 12 8 9 6 38 19 0 0 0 0 0 0 0 0 0 0 0 8 0 0 0 0 0 0 0 5 0 0 62 0 1 1 1 1 4 0 0 0 0 0 0 0 0 0 0 0 0 0 0 0 5 0 0 0 0 0 
 2 2 2 2 2 6 4 2 2 2 6 2 8 2 2 2 5 4 64 7 0 10 5 168 2 63 0 11 62 0 2 37 5 0 64 0 4 0 3 0 138 529 356 179 50 98 0 191 196 237 107 101 212 284 242 158 100 119 315 515 3 0 0 9 6 0 0 0 50 3 4 0 0 0 0 0 0 0 0 2 0 0 0 0 0 0 0 0 0 0 0 0 0 0 0 0 0 0 0 0 0 0 0 1 2 0 5 0 0 0 13 0 0 0 0 0 0 0 0 0 2 0 10 30 0 0 65 31 11 19 1 2 0 0 2 3 19 27 19 6 0 0 0 0 0 4 0 0 0 6 0 0 1 0 0 0 0 19 11 4 0 0 0 4 0 0 0 0 0 0 9 0 0 0 0 0 0 0 0 0 4 5 0 19 30 0 3 0 0 0 0 0 0 0 2 0 0 0 0 4 0 18 10 0 10 16 0 0 2 20 0 29 11 10 11 14 9 0 9 12 1 0 0 0 0 0 34 0 0 33 9 0 0 10 0 0 0 0 4 0 0 0 18 0 0 0 0 0 0 34 0 16 0 1 0 0 0 0 0 2 0 0 0 0 0 1 0 0 0 0 0 0 0 0 0 0 0 0 0 0 0 0 0 0 1 0 0 0 2 0 
 0 0 0 0 0 3 3 0 2 0 0 0 0 62 0 0 2 0 0 0 0 0 0 0 0 0 1 4 0 0 67 65 0 0 0 0 0 0 0 0 139 260 106 132 74 258 191 0 80 43 95 54 122 184 232 42 166 446 125 36 0 0 0 6 0 1 0 0 9 0 0 0 0 0 0 0 0 66 6 0 0 0 0 0 0 0 0 0 0 0 0 14 0 0 0 0 0 0 1 0 0 0 0 0 0 0 0 0 0 0 8 0 0 0 0 0 0 0 0 0 48 12 35 22 4 22 4 9 20 8 9 0 22 12 14 31 12 16 26 63 0 1 11 3 0 0 0 0 0 0 0 0 0 17 5 0 0 4 0 0 0 0 0 4 9 0 0 0 0 0 2 0 0 0 0 0 0 0 0 1 0 0 0 0 0 6 0 0 0 0 0 0 0 0 0 0 0 0 0 0 25 0 26 14 0 20 0 13 0 60 11 60 11 35 82 8 0 1 5 13 5 0 0 0 2 0 11 7 7 0 0 17 0 39 0 0 0 0 0 0 0 0 0 0 0 0 0 0 0 0 0 5 0 0 0 0 0 0 0 0 0 0 1 0 0 2 2 0 0 0 43 0 0 0 0 0 0 0 0 0 0 0 0 0 0 25 0 0 0 0 
 0 0 0 0 0 23 0 58 0 0 0 0 0 0 0 0 0 0 0 0 2 0 0 0 0 0 0 1 2 0 0 0 6 0 3 0 0 0 0 0 33 20 98 64 197 209 196 80 0 146 330 120 114 189 59 276 32 178 69 68 0 2 0 0 0 0 50 0 12 0 0 0 0 2 0 0 0 2 71 4 0 0 0 0 0 0 0 0 0 0 0 0 0 0 16 0 0 0 0 0 0 0 0 0 0 0 0 0 0 0 0 0 0 0 0 0 0 0 0 0 0 10 0 32 0 23 0 4 36 26 4 29 0 0 0 0 12 1 0 0 44 0 0 26 0 0 7 4 0 0 0 0 31 17 0 0 0 0 0 9 5 0 0 0 0 21 0 0 0 0 0 0 0 0 0 0 0 0 8 0 0 0 0 0 0 0 0 0 0 0 0 0 0 0 0 0 0 0 0 0 0 22 32 11 0 4 0 0 3 0 0 0 0 0 0 15 16 15 0 0 22 17 0 1 12 0 50 0 0 0 0 0 19 0 0 34 0 0 28 14 0 0 0 0 0 0 0 0 0 0 0 8 0 0 0 0 0 0 0 40 0 0 1 0 0 0 0 64 0 0 0 0 0 0 0 0 0 0 0 0 0 0 0 0 9 15 0 0 0 0 
 0 0 0 0 0 2 0 0 0 0 0 0 0 0 0 3 0 0 0 0 0 1 0 0 0 0 3 0 0 0 0 1 2 0 0 0 0 0 0 0 41 65 552 324 462 53 237 43 146 0 145 45 102 118 97 121 79 120 82 307 0 1 0 5 1 0 95 4 0 0 0 6 6 5 9 5 6 35 0 6 0 0 0 0 0 0 0 0 0 0 0 0 0 0 0 0 0 0 0 25 0 0 0 0 13 0 0 0 0 0 0 0 0 0 0 0 0 0 9 0 7 7 0 0 7 10 1 0 0 0 7 31 0 0 0 62 2 11 0 0 4 38 8 0 5 8 0 30 0 0 17 10 0 0 21 1 7 3 29 0 0 0 0 0 0 0 0 0 0 0 0 0 0 13 0 0 0 0 0 0 0 0 0 0 0 0 0 0 0 0 0 0 0 0 0 0 0 0 0 0 8 10 0 7 14 0 0 0 6 24 15 0 0 0 0 6 0 12 0 1 11 4 0 0 17 0 5 0 0 0 8 0 4 33 12 0 1 5 24 22 0 0 0 0 0 0 0 0 0 0 0 9 0 0 0 0 0 0 0 11 0 0 0 66 44 2 0 0 0 0 25 0 0 0 0 0 0 0 0 0 0 0 0 0 0 0 0 47 0 0 
 3 2 2 2 2 2 3 3 3 2 4 3 6 2 39 2 2 2 2 3 3 67 3 3 3 3 3 4 3 3 3 3 33 3 3 3 3 3 3 3 85 130 50 97 141 94 107 95 330 145 0 224 103 263 66 112 103 85 52 61 4 0 1 0 0 0 20 0 0 0 0 0 1 0 0 0 1 1 1 5 0 0 0 0 0 12 0 0 0 0 0 0 0 0 0 0 0 0 0 0 0 0 0 0 0 0 0 0 0 0 0 0 0 0 0 0 0 0 0 0 6 18 35 16 1 15 0 38 0 20 0 16 0 12 5 6 23 1 0 0 21 27 0 0 0 0 6 34 2 0 0 0 0 1 0 8 0 0 0 36 0 0 0 0 0 0 0 0 0 0 0 0 0 0 0 0 0 0 0 0 0 0 0 0 0 0 0 0 0 0 0 0 0 0 0 0 0 0 0 0 1 11 29 36 12 26 0 11 3 13 9 20 0 28 0 8 11 0 0 0 11 12 19 0 1 0 32 0 0 0 0 0 9 14 11 25 23 1 7 0 0 0 0 0 0 0 0 0 0 0 0 18 0 0 0 0 0 0 0 1 0 19 66 33 0 2 0 32 6 0 2 0 0 0 0 0 0 0 0 0 0 0 10 0 0 0 0 0 1 0 
 45 0 0 0 46 0 0 0 0 0 9 0 2 2 11 6 0 0 0 0 0 204 0 0 0 0 0 3 0 0 0 0 2 0 0 0 0 0 0 0 66 83 102 33 247 362 101 54 120 45 224 0 50 92 458 66 92 152 33 28 0 0 0 0 0 0 1 0 8 0 0 0 0 0 0 0 0 0 47 4 0 11 6 6 3 6 0 0 3 0 16 11 0 0 41 17 24 41 0 0 0 0 0 0 0 0 0 0 0 0 0 13 8 0 0 0 0 0 0 0 25 1 21 28 0 38 0 14 6 44 18 25 0 2 22 22 52 0 0 0 0 0 6 22 0 0 0 1 0 0 0 0 20 15 0 0 21 0 0 8 11 0 5 0 0 0 10 0 0 14 44 0 0 0 0 7 0 1 0 0 0 0 0 0 0 0 0 0 0 0 13 0 3 0 0 0 0 0 0 0 0 45 2 19 28 2 0 8 23 0 34 17 11 9 0 0 17 17 0 6 8 26 0 0 0 0 0 0 0 0 0 0 23 2 0 33 1 0 15 0 0 5 0 0 0 0 0 0 0 0 0 5 0 0 0 0 0 0 0 21 0 1 37 0 0 4 0 62 0 0 0 0 0 0 0 0 0 0 0 0 0 2 0 0 11 17 0 0 2 0 
 3 3 3 3 3 6 3 3 3 3 3 6 3 3 3 3 3 3 3 3 0 0 0 65 0 67 0 0 69 0 0 7 0 0 0 0 0 0 0 0 121 85 125 83 96 36 212 122 114 102 103 50 0 139 113 135 87 249 246 74 0 0 0 0 0 0 0 0 0 0 1 0 0 0 7 0 1 0 0 0 0 0 0 0 0 11 0 0 0 0 0 0 0 0 0 0 0 0 0 0 0 0 0 0 0 0 0 0 0 0 0 0 0 0 0 0 0 0 0 0 7 28 27 32 23 0 23 14 0 10 7 38 0 0 7 0 0 13 0 0 9 0 0 0 0 3 0 0 0 45 0 0 1 0 0 0 8 0 23 4 0 0 0 0 0 0 0 0 0 0 0 0 0 0 0 0 0 0 0 10 0 0 0 24 23 0 0 0 0 0 0 0 0 0 0 0 0 0 0 0 18 37 2 4 11 0 0 14 20 0 43 21 76 0 0 0 1 18 11 0 1 0 0 0 0 0 1 0 0 0 0 0 0 0 0 1 0 0 0 0 0 0 4 0 0 0 0 0 0 0 0 9 0 0 0 0 0 0 0 0 0 0 0 0 0 11 0 0 0 0 0 0 0 0 0 0 0 0 0 0 0 0 0 0 0 0 0 0 0 0 
 0 0 0 0 0 73 1 0 0 0 3 0 0 0 0 5 57 0 0 0 2 6 8 2 3 2 8 6 2 2 3 5 6 2 2 209 70 2 5 3 354 139 320 408 301 63 284 184 189 118 263 92 139 0 143 139 84 52 121 330 0 3 0 4 0 6 0 4 0 2 2 0 2 3 0 3 0 5 2 2 0 0 0 0 0 0 0 0 0 0 0 0 0 0 0 0 0 0 0 0 0 0 0 0 0 0 3 0 3 0 0 0 0 0 0 0 0 0 0 0 0 44 53 77 0 0 0 28 16 43 12 6 0 9 16 0 9 22 1 0 1 0 0 0 0 0 0 0 0 0 0 0 0 11 0 0 0 0 11 0 0 0 0 0 0 0 0 0 0 0 0 0 0 0 0 10 0 0 0 3 4 6 0 0 0 0 3 0 0 0 0 0 0 0 4 0 0 0 0 4 19 12 34 10 8 20 1 0 21 41 27 15 18 11 0 0 20 9 0 10 22 0 0 0 0 0 24 0 0 0 0 0 0 9 0 1 9 0 2 20 0 0 0 0 0 0 0 0 0 23 0 8 0 2 0 0 0 0 0 0 0 0 0 0 2 9 1 0 0 0 4 0 0 0 0 0 0 0 0 0 0 0 0 0 0 0 0 0 1 0 
 0 0 0 0 0 0 3 0 64 0 0 0 0 3 0 0 0 0 0 0 0 0 0 0 0 0 1 0 0 0 0 0 0 0 0 0 0 0 0 0 248 260 248 118 93 265 242 232 59 97 66 458 113 143 0 436 164 31 329 164 8 2 0 1 0 0 0 0 1 0 4 0 0 1 2 0 51 0 1 0 0 0 0 0 0 0 0 0 0 0 0 0 0 0 0 0 0 0 0 0 0 0 0 0 0 0 0 0 0 0 0 0 0 0 0 0 0 0 0 0 47 15 15 11 11 0 0 33 16 0 33 14 0 19 19 0 0 30 2 22 0 0 0 0 0 0 6 0 2 0 0 0 0 0 0 0 0 0 14 2 0 0 2 0 0 0 0 0 0 0 0 0 0 0 0 0 0 0 0 2 0 0 0 0 0 13 0 0 0 0 0 0 0 0 10 0 0 0 0 0 34 12 17 25 7 23 0 9 0 29 30 3 0 10 22 0 14 22 18 31 0 0 15 0 1 0 0 0 2 6 3 0 0 18 3 18 7 0 0 2 0 0 16 0 0 0 0 0 0 0 0 0 0 2 0 0 0 0 0 2 0 0 2 0 0 3 2 0 0 0 19 0 0 0 0 0 0 0 0 0 0 0 5 0 7 0 0 0 1 0 
 0 0 0 0 4 0 6 0 0 0 0 4 0 3 0 0 0 0 0 0 1 0 35 0 0 0 3 0 0 0 0 0 0 0 1 0 64 0 0 4 110 208 151 171 153 103 158 42 276 121 112 66 135 139 436 0 405 59 49 67 0 0 0 28 0 0 20 0 0 0 8 0 0 0 1 0 0 6 0 0 0 0 0 0 0 0 0 0 14 0 0 0 0 0 0 0 0 0 0 0 0 0 0 0 0 0 0 9 0 4 0 0 0 11 1 3 0 0 2 2 46 1 29 29 19 9 0 52 23 9 1 26 0 0 18 0 19 38 0 0 0 4 0 0 0 0 0 0 0 0 0 0 13 0 0 0 0 0 16 0 0 0 0 0 0 1 0 0 0 1 0 0 0 0 0 0 0 0 0 11 0 0 0 0 0 0 0 0 0 0 0 0 0 3 0 0 1 0 3 0 0 6 16 10 13 25 0 20 13 0 25 17 11 11 0 15 1 2 0 2 0 0 0 0 3 0 2 0 4 0 0 0 1 8 0 0 0 0 18 9 0 0 13 0 0 0 4 0 0 0 0 1 0 0 0 0 0 0 0 0 0 22 21 0 0 2 0 0 0 0 0 0 0 0 0 0 0 0 0 0 0 1 0 0 0 0 0 0 2 0 
 0 0 2 0 0 1 4 0 0 0 0 0 0 3 0 2 0 0 0 0 66 2 2 3 35 3 2 2 2 2 17 4 2 3 2 6 3 3 2 3 43 174 166 143 65 69 100 166 32 79 103 92 87 84 164 405 0 94 44 46 0 0 0 0 0 0 0 0 0 0 0 1 0 0 12 0 0 2 0 0 0 0 0 0 0 0 0 0 0 0 0 0 0 0 0 0 0 0 0 0 0 0 0 0 0 5 0 0 1 0 0 1 0 0 0 0 14 0 0 0 30 14 0 19 15 0 10 27 9 20 11 30 0 9 11 2 0 35 0 4 0 0 0 0 0 0 0 0 0 0 0 0 0 0 0 0 0 0 1 0 0 0 0 0 0 0 0 0 0 0 0 0 0 0 0 0 0 0 0 0 0 0 1 0 0 1 8 0 3 1 0 9 0 0 0 2 0 8 0 0 17 18 11 10 11 9 5 11 12 12 41 12 34 0 0 11 0 12 0 9 0 0 0 0 0 0 0 0 1 0 0 0 0 0 0 0 0 0 0 0 0 0 1 0 0 0 0 0 0 0 0 5 0 0 0 0 0 0 0 9 1 0 0 2 1 2 1 0 0 0 5 0 0 0 2 0 0 0 0 0 0 0 0 0 0 0 0 0 0 0 
 0 0 2 0 0 2 0 0 1 0 0 0 1 1 0 0 3 0 0 0 0 0 0 0 0 0 2 3 0 0 0 31 1 0 0 0 0 0 0 0 241 44 253 42 416 330 119 446 178 120 85 152 249 52 31 59 94 0 56 34 0 0 0 5 0 0 20 0 0 0 1 0 0 0 24 0 0 0 17 0 0 0 0 0 0 0 0 0 0 0 0 0 0 0 0 7 0 0 0 6 0 0 0 0 0 0 0 0 0 0 0 0 0 0 0 0 0 0 0 0 7 16 0 14 9 1 0 0 11 18 16 45 0 0 0 0 13 9 0 0 10 43 7 5 0 0 0 0 0 0 3 0 5 0 0 2 0 0 1 0 3 0 0 0 0 0 0 0 0 0 0 0 0 0 0 0 0 0 0 0 0 0 0 0 0 0 0 0 0 0 0 0 0 0 0 0 0 0 0 0 14 30 14 0 12 5 0 0 23 0 19 0 0 0 0 17 0 25 0 0 0 0 0 0 8 0 7 0 0 0 0 0 0 1 0 4 0 0 37 18 0 0 4 0 0 0 0 0 0 0 0 9 0 0 0 0 0 0 0 6 0 2 0 0 0 0 1 1 0 2 0 0 0 0 0 0 0 0 0 0 0 3 0 0 0 0 0 0 1 0 
 0 0 0 0 0 0 3 0 0 0 0 0 0 0 0 5 0 0 0 0 0 0 21 18 63 19 1 0 2 0 0 90 2 0 0 0 0 0 0 0 133 242 103 49 55 42 315 125 69 82 52 33 246 121 329 49 44 56 0 216 0 0 0 0 0 1 0 0 0 0 0 0 0 0 5 0 0 0 1 0 0 0 0 0 0 0 0 0 0 0 0 0 0 0 0 0 0 0 0 0 0 8 0 0 0 0 0 10 0 11 0 0 0 0 0 0 0 0 0 4 29 7 10 6 0 0 12 0 15 15 22 10 1 10 0 0 2 0 11 14 0 0 0 0 0 13 0 0 0 4 0 0 0 0 0 0 0 0 4 3 0 0 0 0 0 0 0 0 0 0 0 0 0 0 6 0 0 0 0 0 0 0 0 3 18 22 0 0 0 0 0 9 0 0 10 7 0 11 0 0 15 10 0 0 0 0 0 1 15 6 10 1 18 11 4 1 7 25 11 12 0 0 0 0 0 0 0 0 0 0 0 0 0 0 0 0 0 0 4 0 0 0 0 0 0 0 0 0 0 0 0 9 0 0 0 0 0 0 62 0 0 0 0 0 0 1 2 0 0 0 0 0 0 0 0 0 0 0 0 0 0 0 0 0 7 0 0 0 0 0 
 3 3 3 3 3 9 3 3 3 3 30 66 3 3 3 6 10 3 3 3 0 0 63 1 29 124 3 2 93 62 2 134 100 0 0 0 0 125 0 0 122 55 34 56 88 57 515 36 68 307 61 28 74 330 164 67 46 34 216 0 4 0 5 0 0 0 0 0 0 0 0 0 0 2 1 0 10 0 0 0 0 0 0 0 0 0 0 0 0 0 0 0 0 0 0 0 0 0 0 0 0 13 0 0 22 12 0 0 0 10 18 0 0 0 0 0 0 0 0 12 0 0 0 10 0 0 29 0 15 2 13 0 16 11 37 9 5 12 0 8 0 0 0 0 0 0 0 0 0 0 0 0 0 0 0 0 0 0 4 3 0 0 0 0 0 0 0 0 0 0 0 0 0 0 9 0 0 0 0 0 0 0 18 13 9 25 0 0 0 0 0 19 0 0 0 0 0 10 0 0 0 0 0 0 0 0 19 37 10 19 1 0 15 14 3 12 16 4 1 18 0 0 0 21 0 0 0 0 0 0 0 0 0 0 0 0 0 0 6 0 0 0 0 0 0 0 0 0 0 0 0 14 0 1 0 0 0 62 52 2 7 0 63 2 0 0 32 0 1 0 0 0 0 0 0 0 0 0 0 0 0 0 0 0 0 0 0 0 2 0 
 2 2 5 2 2 2 5 2 2 2 2 2 4 2 2 2 2 2 2 6 0 0 0 0 0 0 0 0 0 0 0 0 0 2 0 0 0 0 0 0 5 6 0 0 0 0 3 0 0 0 4 0 0 0 8 0 0 0 0 4 0 111 149 47 49 24 379 158 33 42 41 34 389 47 51 113 133 47 67 137 0 0 0 0 0 0 6 0 0 0 0 0 0 0 0 0 0 0 0 7 0 0 0 0 0 0 0 0 0 0 0 0 0 0 0 0 0 0 0 0 0 0 0 0 34 15 0 3 0 0 0 0 0 0 0 0 0 9 0 0 10 12 0 11 0 7 51 0 11 0 54 0 4 5 0 0 0 3 1 27 5 0 0 0 0 0 0 0 0 0 0 0 0 0 0 0 0 0 55 0 0 0 0 0 0 0 0 0 0 0 0 0 0 0 0 0 0 0 0 0 0 0 8 0 21 7 0 0 0 0 0 26 0 0 0 0 18 0 0 0 0 14 39 20 1 0 0 18 0 0 7 68 24 0 40 18 26 17 0 0 17 0 0 0 0 0 0 0 0 0 0 0 0 12 8 0 0 0 0 0 0 0 0 0 0 0 0 0 0 0 0 1 0 3 4 0 0 0 0 0 0 0 6 0 0 0 0 0 0 0 
