 0 200 76 265 37 28 175 154 481 43 474 46 67 171 120 222 83 138 33 131 5 5 7 4 0 0 0 12 2 3 4 0 4 1 0 2 4 4 10 2 62 0 0 0 0 2 2 4 0 0 2 0 2 0 3 0 5 0 0 0 3 3 3 4 2 3 23 3 2 0 3 12 5 2 2 3 1 0 0 6 28 62 1 0 0 12 18 46 12 0 28 22 30 30 14 6 10 1 1 27 0 0 0 0 0 0 0 0 0 0 0 0 0 0 0 0 0 0 0 0 0 0 0 0 0 0 0 0 0 0 0 0 0 0 0 0 0 14 0 0 0 0 0 0 0 0 0 0 0 0 0 0 0 0 0 0 0 0 0 0 12 13 0 56 0 1 15 13 27 5 12 0 10 21 64 23 13 19 14 0 0 0 0 0 0 0 0 0 0 0 0 0 0 0 0 0 0 0 0 0 0 0 0 0 0 0 0 0 0 0 0 0 0 0 0 0 0 0 0 0 0 0 0 0 0 0 0 0 0 0 0 0 0 0 0 0 17 0 0 0 0 0 0 0 0 0 0 2 0 4 0 9 0 0 0 0 0 0 2 0 0 0 0 0 0 0 0 0 0 0 0 0 0 1 0 0 23 0 0 0 0 0 0 0 0 0 0 0 0 0 
 200 0 436 92 138 27 407 178 137 66 139 117 440 234 93 300 166 744 41 202 0 0 2 0 0 0 0 3 0 0 0 0 0 0 0 0 0 1 9 0 0 0 0 0 0 0 0 2 0 0 0 0 1 0 0 0 3 0 0 0 3 3 3 0 1 3 3 0 0 34 3 5 0 0 0 5 2 0 0 0 39 5 10 27 0 1 0 28 11 34 31 18 5 37 1 0 0 12 0 42 0 0 18 0 0 2 0 0 0 0 16 0 0 0 7 0 0 2 0 0 0 0 0 0 0 0 0 0 0 0 0 0 0 0 0 0 0 0 0 0 0 0 2 0 0 0 0 0 0 0 0 0 0 0 0 0 0 0 0 0 9 26 10 19 0 29 9 45 9 0 14 12 0 11 29 1 0 17 0 0 0 0 0 0 0 0 0 0 0 25 0 0 0 0 0 0 0 0 21 0 0 0 0 0 0 0 1 0 0 0 0 0 0 0 0 0 0 0 0 0 0 0 0 0 0 0 0 0 0 0 0 11 0 2 0 0 0 0 1 0 0 0 0 0 0 2 0 1 3 93 0 30 0 0 2 0 0 0 0 0 0 0 0 0 0 0 0 0 0 0 3 0 0 0 0 0 0 0 0 0 0 0 0 0 0 0 0 0 0 0 
 76 436 0 119 266 31 330 186 198 152 288 134 61 47 146 142 145 251 246 128 0 0 4 0 0 2 0 3 0 0 0 0 0 73 3 1 207 4 106 72 0 2 1 0 0 0 2 2 4 0 0 1 1 4 4 1 3 0 2 2 5 3 3 0 3 8 0 0 0 0 5 3 0 0 0 7 0 6 0 0 10 23 11 9 10 0 2 7 11 27 11 19 8 0 55 0 28 17 0 2 0 11 0 0 0 0 32 0 0 0 0 1 0 0 2 1 0 0 46 0 0 0 0 0 0 0 0 0 0 0 0 0 0 0 0 0 0 0 0 0 0 0 0 0 0 0 0 0 0 0 0 0 0 0 10 0 0 0 0 0 12 8 10 0 23 35 10 15 23 20 14 0 0 21 10 26 27 32 0 0 0 0 0 0 0 0 20 0 0 0 0 0 9 0 1 14 0 2 0 0 0 0 0 0 0 0 0 0 0 0 0 0 0 0 0 0 0 2 0 0 0 0 0 0 0 1 0 1 0 0 0 0 0 0 0 0 0 0 0 0 0 0 0 0 0 0 122 0 5 3 2 13 0 0 0 0 0 0 0 0 0 0 0 0 0 0 0 0 0 0 0 0 0 0 0 12 0 54 0 0 0 0 0 0 0 0 0 0 0 0 
 265 92 119 0 253 120 184 73 224 78 123 317 73 68 109 170 138 138 85 56 0 0 2 0 0 0 27 83 0 0 0 0 76 1 2 4 0 2 3 1 0 0 0 0 0 0 0 2 0 0 0 1 2 0 0 0 2 0 0 0 4 3 3 0 3 3 3 0 0 0 3 6 0 0 0 5 0 0 0 0 6 24 28 15 15 29 0 18 0 17 18 12 0 5 0 21 0 15 0 33 20 19 0 0 0 0 13 7 0 0 1 0 11 14 0 18 0 0 14 0 0 0 0 0 0 0 0 0 0 18 0 2 14 0 0 0 0 0 0 0 0 0 0 0 0 0 0 0 0 0 0 0 0 2 0 0 0 0 12 0 17 11 17 8 21 9 0 22 0 0 0 0 10 0 1 18 8 44 0 0 0 0 0 0 1 0 0 0 10 0 0 0 33 2 16 0 0 15 12 28 0 0 0 0 0 2 0 0 1 0 0 0 0 0 0 0 0 0 0 10 0 0 0 0 0 0 0 0 0 0 0 0 13 0 0 13 0 0 0 0 0 0 0 0 0 2 90 2 2 2 14 10 0 0 0 0 0 0 0 0 1 0 16 0 0 0 0 0 0 0 0 0 0 0 0 9 15 0 0 0 0 0 0 0 0 0 0 0 0 12 
 37 138 266 253 0 364 470 360 228 214 198 103 140 124 50 163 147 455 291 68 2 71 77 0 0 0 76 3 0 0 0 0 1 41 0 0 0 1 88 85 0 0 0 0 0 0 0 2 0 0 0 0 63 0 0 1 3 0 0 0 3 3 3 0 3 3 0 0 0 0 3 3 0 0 0 0 1 0 0 0 0 0 1 36 15 25 0 0 11 37 0 39 0 0 0 11 11 24 0 1 24 29 0 0 0 2 3 31 0 0 1 0 0 16 1 22 0 2 11 33 0 0 0 0 0 0 0 0 0 0 0 0 0 0 0 0 0 16 0 0 0 0 1 0 0 0 10 0 0 0 0 0 0 0 0 0 0 0 0 0 11 11 1 22 32 15 0 11 0 1 0 7 0 0 10 0 0 15 0 11 1 0 20 0 0 0 22 0 0 10 0 0 14 10 48 0 0 0 23 22 0 0 14 0 0 0 1 0 0 0 0 9 0 0 0 0 0 0 0 0 0 0 0 0 0 13 0 0 0 0 0 0 0 2 0 0 0 0 1 0 0 0 0 0 0 1 1 0 2 4 19 0 0 0 0 0 0 0 0 0 0 0 0 0 0 0 0 0 0 0 0 0 0 0 0 8 0 2 0 0 0 0 0 0 0 0 1 0 0 0 
 28 27 31 120 364 0 35 26 151 250 93 140 247 42 40 81 76 76 37 56 35 34 77 2 0 2 76 208 26 1 1 0 20 75 2 75 0 76 80 103 0 3 0 0 0 0 62 2 0 5 0 0 2 6 0 0 2 8 0 3 3 3 6 3 42 5 2 0 0 2 3 7 0 0 13 3 0 4 3 4 0 0 12 0 0 24 0 0 0 0 0 4 0 0 0 0 7 0 0 0 37 23 1 0 8 0 56 32 13 0 20 10 27 56 0 52 1 18 0 52 0 0 0 0 0 2 0 0 0 0 0 0 0 0 0 0 36 0 0 0 0 0 0 0 0 0 1 0 0 0 0 0 0 0 0 0 0 0 0 0 0 0 0 1 5 0 0 0 0 18 0 1 0 0 0 0 0 13 0 1 10 0 14 0 2 1 35 18 63 11 1 0 38 5 0 9 17 15 10 3 0 0 14 0 0 0 0 0 0 1 0 1 0 2 0 0 0 0 0 0 0 0 0 0 0 0 0 0 0 26 0 0 0 8 0 0 0 0 0 0 0 0 0 0 0 0 1 0 0 0 1 8 0 2 0 0 1 0 0 0 0 0 0 0 0 0 13 0 0 1 0 0 0 1 0 0 0 15 0 20 0 13 0 0 0 0 28 0 0 0 
 175 407 330 184 470 35 0 215 148 56 22 129 176 281 129 42 167 259 114 134 2 1 4 2 2 4 29 3 1 4 3 2 0 0 1 1 0 2 3 1 0 0 2 0 0 2 2 4 0 2 1 4 3 0 6 2 3 2 2 0 5 4 5 0 4 6 8 1 2 0 3 7 0 0 0 8 3 2 0 0 28 14 0 0 0 0 1 33 0 17 22 0 12 1 111 32 34 24 4 3 0 0 0 0 0 0 0 0 2 0 0 0 0 0 0 0 0 0 1 0 0 2 0 0 0 0 0 0 0 0 0 0 0 0 0 0 2 0 0 0 0 0 0 0 0 0 0 0 5 0 0 0 0 0 0 1 0 1 0 0 49 10 0 0 0 0 9 8 13 0 31 0 0 20 0 37 0 13 10 19 0 0 1 0 0 0 0 2 0 0 0 0 0 0 0 1 0 0 0 0 0 0 0 0 2 0 0 0 0 0 0 0 0 0 0 0 0 0 0 0 0 0 0 0 0 0 0 0 0 0 0 0 0 0 0 0 0 0 0 0 0 0 0 0 0 0 2 0 0 0 0 10 0 0 0 0 0 0 0 0 0 0 2 2 0 0 0 0 0 21 0 0 0 0 0 0 0 0 0 0 0 0 0 0 0 0 0 0 0 0 
 154 178 186 73 360 26 215 0 241 218 42 27 183 161 31 98 33 140 208 209 0 1 4 0 1 0 1 2 2 2 0 3 0 0 3 2 3 3 3 1 0 0 0 0 26 0 0 2 0 0 2 3 2 0 2 0 2 0 0 0 3 3 3 0 6 3 2 0 0 0 3 3 2 2 0 0 0 0 2 0 0 43 9 3 30 1 30 15 14 16 1 18 0 86 3 0 0 0 0 18 1 9 0 0 1 0 15 0 0 0 0 0 21 0 0 0 0 0 27 1 0 0 0 0 0 0 0 0 1 0 0 0 0 0 0 16 0 0 0 0 12 0 0 0 0 0 0 0 0 0 0 0 0 0 4 0 0 0 2 0 0 19 23 18 25 0 0 45 10 34 29 0 0 2 47 11 38 9 14 0 2 2 0 0 0 0 26 0 2 0 0 0 11 32 1 0 0 0 48 0 0 0 0 0 0 0 0 0 10 0 0 0 0 0 0 0 0 0 0 10 0 0 0 0 0 0 0 0 0 0 0 0 0 0 0 0 0 0 0 0 0 0 0 0 0 0 87 0 0 88 0 13 0 0 0 0 0 0 0 0 0 0 0 0 0 0 0 0 0 0 0 0 0 0 0 13 0 9 0 0 0 0 0 0 0 0 0 0 0 0 
 481 137 198 224 228 151 148 241 0 168 78 139 273 123 241 170 352 225 109 295 2 5 2 0 207 0 151 3 1 0 0 0 1 0 0 0 3 0 64 82 0 0 0 0 0 0 0 2 0 3 0 3 0 0 0 3 3 0 0 3 4 3 3 0 3 4 2 0 0 0 6 2 0 38 0 2 5 2 0 0 8 9 24 2 40 47 0 0 24 40 0 16 5 0 0 16 9 52 0 0 1 7 0 0 0 0 14 0 0 0 0 0 16 18 7 0 0 0 14 12 0 0 0 0 0 0 0 0 0 0 0 0 0 0 0 0 0 0 0 0 0 0 0 0 0 0 0 0 0 0 0 0 0 0 6 0 0 0 0 0 6 5 27 37 15 14 0 0 14 17 0 25 0 0 0 23 0 18 0 0 0 22 0 0 0 0 43 0 0 0 0 0 3 16 0 0 0 0 14 0 0 0 0 0 0 0 0 0 0 0 0 0 0 0 0 12 0 0 0 9 0 0 0 0 0 0 0 1 0 0 0 0 15 0 0 0 0 0 0 0 0 16 0 0 0 4 3 0 0 51 21 6 0 0 0 0 0 0 0 0 0 0 0 0 0 0 0 0 0 0 0 0 0 0 50 0 14 8 0 0 0 0 0 0 0 0 0 0 0 0 
 43 66 152 78 214 250 56 218 168 0 76 219 48 100 92 453 57 230 80 83 3 0 2 0 0 75 73 4 0 0 0 0 0 0 0 0 0 0 39 0 0 0 0 0 0 0 0 2 0 0 0 1 0 0 0 0 3 0 0 0 3 3 53 0 3 3 0 0 0 0 47 2 0 0 0 0 2 0 0 0 0 0 7 16 10 27 0 2 65 31 10 31 10 0 13 11 15 29 0 0 21 1 0 0 0 0 0 0 0 0 0 0 9 0 0 0 0 0 13 0 0 0 1 0 0 0 0 0 0 0 0 0 0 0 0 0 0 0 0 0 0 0 0 0 0 0 0 0 0 0 0 0 2 0 0 0 0 0 0 0 0 14 12 29 13 13 0 34 13 1 0 8 0 0 29 12 0 0 0 0 0 16 0 0 0 0 14 0 0 0 0 0 0 24 0 4 0 0 16 0 0 1 0 0 0 0 0 0 0 0 0 0 0 0 0 0 0 0 0 0 0 0 0 0 0 0 0 0 1 0 0 2 0 0 0 0 0 0 0 0 0 0 0 0 0 0 1 0 1 79 1 15 0 0 0 0 0 0 0 0 0 0 0 0 0 0 0 0 0 0 0 0 0 0 0 0 13 0 0 0 0 0 0 0 0 0 0 0 0 1 
 474 139 288 123 198 93 22 42 78 76 0 146 131 30 143 66 204 153 39 70 0 0 2 0 0 2 0 2 0 0 20 2 0 74 0 0 2 0 22 74 0 0 0 0 0 0 4 2 4 0 0 0 2 0 0 0 7 0 0 0 3 3 7 0 3 9 0 0 0 0 9 3 0 0 0 4 0 0 0 0 0 11 13 26 0 9 0 0 0 17 2 0 0 0 0 0 25 10 0 2 15 0 0 0 0 0 0 0 10 16 14 1 28 4 60 2 0 1 29 9 0 0 0 0 0 0 0 0 0 0 0 0 3 0 0 0 0 0 0 0 0 0 0 0 0 0 0 0 0 0 0 0 0 0 0 0 0 0 0 14 0 1 0 16 33 27 0 1 0 23 0 85 11 0 0 0 0 0 0 0 0 0 0 0 1 0 26 0 17 8 0 0 13 43 10 14 0 10 1 27 0 0 0 0 0 0 0 0 0 0 0 0 0 0 0 12 0 14 0 0 0 0 0 2 0 1 0 2 0 1 0 1 1 0 0 0 0 0 0 0 0 8 0 0 0 2 0 2 5 5 4 11 0 0 0 0 0 0 0 0 0 0 0 0 0 0 0 0 0 0 0 0 0 0 0 13 0 0 0 0 0 0 0 0 0 0 0 0 0 1 
 46 117 134 317 103 140 129 27 139 219 146 0 32 22 134 25 260 388 33 20 120 74 2 0 0 0 151 37 0 38 0 0 14 151 51 0 0 0 155 165 0 0 0 0 0 0 0 2 0 0 0 64 5 0 0 0 3 0 0 0 3 3 3 0 2 3 0 0 0 0 3 3 0 0 0 6 1 0 0 0 11 40 0 28 37 73 2 0 2 37 16 0 0 0 0 19 10 28 0 0 68 9 14 0 0 0 0 7 0 2 0 0 11 1 0 0 0 0 58 11 0 0 13 0 0 0 0 0 0 2 1 0 0 0 0 0 0 0 0 0 0 0 0 0 4 0 0 0 0 0 0 0 0 20 0 0 0 0 0 0 14 7 2 11 48 5 0 25 0 0 0 0 0 0 0 0 21 36 0 0 0 0 27 0 0 3 0 17 14 0 0 0 31 25 20 0 9 0 8 19 0 0 0 0 0 0 0 0 0 0 0 0 0 0 0 0 0 0 0 0 0 1 0 0 0 0 0 0 0 0 2 0 0 0 0 0 10 0 0 0 0 0 0 0 0 1 87 0 6 3 19 9 2 0 0 0 0 0 0 0 0 0 0 0 0 0 0 0 0 0 0 0 0 0 0 28 0 0 0 0 0 0 0 0 0 0 0 0 0 2 
 67 440 61 73 140 247 176 183 273 48 131 32 0 71 279 141 31 212 221 101 1 0 5 0 0 0 2 3 0 0 2 0 0 0 0 0 0 0 3 0 2 0 0 0 0 2 0 2 4 0 0 1 1 0 0 1 3 0 0 0 3 3 3 0 2 3 8 0 0 0 3 17 0 0 0 0 1 2 0 2 35 32 9 12 0 10 0 20 0 0 23 10 28 9 15 2 10 0 71 20 1 1 0 0 0 0 10 0 0 0 0 0 0 13 0 13 0 0 0 0 0 0 0 0 0 0 0 0 1 0 0 0 0 0 0 0 0 0 0 0 0 0 0 0 0 0 0 0 0 0 0 0 0 0 0 0 0 0 2 0 11 19 3 0 7 10 0 0 14 0 22 12 18 43 11 14 1 0 14 17 1 0 0 0 0 0 10 0 2 0 0 0 0 0 0 0 0 0 0 7 0 0 0 0 0 0 0 0 1 0 0 0 0 0 0 0 0 0 0 0 0 0 0 0 0 0 0 0 0 0 0 0 0 0 0 0 0 0 0 0 0 0 0 0 0 2 0 0 1 3 0 22 0 0 0 0 0 0 0 0 0 0 0 0 0 0 0 0 0 0 0 0 0 0 0 0 0 0 0 0 0 0 0 0 0 0 0 0 0 0 
 171 234 47 68 124 42 281 161 123 100 30 22 71 0 156 267 44 217 123 78 0 0 2 0 0 0 0 3 0 0 2 0 0 0 0 0 4 0 3 0 0 0 0 0 0 0 2 2 2 0 0 0 1 0 0 32 3 2 50 0 3 3 3 1 1 3 0 0 0 0 3 4 1 0 12 0 1 0 0 9 27 38 0 0 0 0 13 0 50 15 12 18 13 54 2 31 0 10 6 16 0 0 0 0 0 0 0 0 0 0 0 0 0 0 9 0 0 0 0 0 0 0 0 0 0 0 0 0 0 0 0 0 0 0 0 0 0 0 0 0 0 0 0 0 0 0 0 0 0 18 0 0 0 0 0 0 0 0 0 0 0 3 2 28 0 19 9 16 32 14 12 11 22 58 28 16 20 15 0 0 0 0 0 0 0 0 0 15 0 0 0 0 7 0 0 0 0 0 22 0 0 0 0 0 0 0 0 0 0 0 0 0 0 0 0 0 0 0 0 0 0 0 0 0 0 0 0 0 0 0 0 0 0 0 0 0 0 0 0 0 0 0 0 0 0 0 0 0 0 4 0 14 0 0 0 0 0 0 0 0 0 0 0 0 0 0 0 0 0 0 0 0 0 0 0 0 61 0 0 0 0 0 0 0 0 0 0 0 0 0 
 120 93 146 109 50 40 129 31 241 92 143 134 279 156 0 245 38 33 174 215 0 0 2 0 0 0 0 3 0 0 1 0 1 0 0 0 0 0 3 0 0 0 0 0 0 0 0 36 0 0 0 3 1 0 1 0 10 0 0 0 3 3 3 0 3 3 3 0 50 0 3 3 0 0 0 0 0 0 0 5 19 2 13 7 17 25 0 9 1 1 7 0 46 10 22 19 15 16 0 68 0 0 0 2 0 0 0 0 0 0 0 0 0 0 4 0 0 0 0 0 0 0 0 8 0 0 0 0 0 0 0 0 0 0 0 0 0 0 0 0 0 1 0 0 0 0 0 0 0 0 0 0 0 0 0 0 2 0 0 0 37 1 0 11 0 5 0 0 0 11 24 1 20 8 10 5 19 18 15 0 0 0 0 0 0 0 0 0 0 0 0 0 0 0 0 0 0 0 2 0 0 0 2 0 0 0 0 0 0 0 0 0 0 0 0 0 0 0 0 0 0 0 0 0 0 0 0 0 0 0 0 0 0 0 0 0 0 0 0 0 0 1 3 0 0 0 2 0 0 87 20 13 3 1 0 0 0 0 0 0 0 0 1 0 0 0 0 0 0 0 0 0 0 0 0 0 18 0 0 0 0 0 0 0 0 0 0 0 0 0 
 222 300 142 170 163 81 42 98 170 453 66 25 141 267 245 0 358 139 27 78 0 0 3 0 0 0 0 5 0 0 2 0 0 0 0 2 24 0 5 1 0 0 0 0 0 0 0 2 0 0 0 0 1 0 0 0 3 0 0 0 3 3 3 0 2 3 0 0 0 0 3 3 0 0 0 1 1 0 0 0 10 12 10 2 35 11 20 0 32 2 0 15 1 28 2 16 0 1 0 10 2 0 0 0 2 0 0 0 0 0 0 0 19 0 7 0 0 0 10 0 0 0 0 0 0 0 0 0 0 0 0 0 0 0 0 0 0 0 0 0 0 0 0 0 0 0 0 0 3 0 0 0 0 0 0 0 0 0 0 0 3 10 1 22 9 15 29 13 10 10 0 0 8 0 24 19 27 12 0 0 3 0 0 0 0 0 2 0 1 0 0 0 0 19 0 0 0 0 23 0 0 0 0 0 0 0 0 0 2 0 0 0 0 0 0 0 0 0 0 0 0 1 0 0 0 0 0 0 0 0 0 0 0 0 0 0 0 0 0 0 0 0 0 0 0 0 0 2 1 134 0 9 1 0 0 0 0 0 0 0 0 0 0 0 0 0 0 0 0 0 0 0 0 0 0 12 23 0 0 0 0 0 0 0 0 0 0 0 0 0 
 83 166 145 138 147 76 167 33 352 57 204 260 31 44 38 358 0 158 25 238 0 1 2 0 29 0 0 2 0 0 0 0 0 2 0 4 0 0 80 13 0 0 2 2 0 0 0 2 0 0 18 0 2 0 2 2 2 0 2 0 3 3 3 0 3 3 3 0 0 0 3 6 0 0 0 7 0 0 0 0 18 36 34 0 0 17 0 20 0 57 34 0 7 15 58 17 26 16 0 27 1 12 1 0 0 0 16 0 0 0 0 0 0 0 0 0 0 0 0 6 0 0 0 0 0 0 0 0 0 0 0 15 2 0 0 0 0 0 0 0 0 0 0 0 26 0 0 0 0 0 0 1 0 2 0 0 0 0 0 0 11 39 10 8 4 10 8 42 13 18 1 22 7 15 10 0 7 66 0 0 0 0 0 0 0 0 18 0 0 0 0 0 10 0 0 0 0 0 0 15 0 0 0 31 0 0 0 0 0 0 0 0 0 0 0 0 0 0 0 0 0 18 0 0 7 0 0 0 0 0 0 0 0 0 0 0 0 0 0 0 0 26 0 0 0 0 0 0 0 2 0 22 0 0 0 0 0 0 0 0 0 0 21 2 0 0 0 0 0 0 0 0 0 0 0 3 13 17 0 0 0 0 0 0 0 0 0 0 0 0 
 138 744 251 138 455 76 259 140 225 230 153 388 212 217 33 139 158 0 114 35 0 0 2 0 0 0 0 3 0 0 0 0 207 4 1 0 2 1 124 2 0 0 0 0 0 0 0 2 1 0 0 0 0 0 0 0 3 0 0 0 3 3 3 0 0 3 8 0 0 38 3 7 0 0 0 17 2 0 0 0 56 11 0 12 27 1 0 22 31 44 39 30 36 0 23 23 15 48 0 3 0 0 0 0 2 0 7 0 0 0 0 0 0 0 0 0 0 0 0 0 0 0 0 0 0 0 0 0 0 0 0 0 0 0 0 0 0 0 0 0 0 0 0 0 0 0 0 0 0 0 0 0 0 0 36 0 0 0 12 0 5 30 15 8 1 15 0 17 1 0 1 14 0 0 6 0 16 2 0 0 2 0 0 0 0 0 2 0 1 0 0 0 0 0 0 1 0 0 14 0 0 0 0 0 0 0 0 0 2 0 0 0 0 0 0 0 0 0 0 0 0 2 0 0 0 0 0 0 0 0 0 11 0 0 0 0 0 0 0 0 0 14 0 0 0 2 63 1 5 91 3 6 0 0 0 0 0 0 0 0 0 0 0 0 0 0 0 0 0 0 0 0 0 0 0 0 12 2 0 0 0 0 0 0 0 0 0 0 0 0 
 33 41 246 85 291 37 114 208 109 80 39 33 221 123 174 27 25 114 0 235 0 0 2 1 0 0 148 2 0 0 2 0 0 0 0 0 0 0 3 0 0 0 74 0 0 0 0 2 0 0 0 4 2 0 0 0 2 0 2 0 3 3 3 0 3 3 0 0 0 1 3 3 3 0 4 0 0 0 0 0 0 1 0 0 0 0 35 10 14 0 0 0 2 25 15 0 0 0 18 25 0 0 0 0 0 0 0 0 0 0 0 0 0 0 0 0 0 0 0 17 0 0 0 0 0 0 0 0 0 0 0 0 0 0 0 0 0 0 0 0 0 0 0 0 0 0 0 0 0 0 0 0 0 9 0 0 0 0 0 0 0 10 45 0 0 0 42 15 1 0 67 0 38 15 0 0 11 4 86 56 0 0 0 0 0 0 0 0 0 0 0 0 0 0 0 0 0 0 0 0 0 0 0 0 0 0 0 0 0 0 0 0 0 0 0 0 9 0 0 0 0 0 0 0 0 0 0 0 0 0 0 0 0 0 0 0 0 0 0 0 0 0 0 0 0 0 0 0 0 1 2 18 0 0 0 0 0 0 1 0 0 0 0 0 0 0 0 0 0 0 0 0 1 0 0 0 0 0 0 0 0 0 0 0 0 0 0 0 0 0 
 131 202 128 56 68 56 134 209 295 83 70 20 101 78 215 78 238 35 235 0 1 0 2 0 0 0 0 3 0 0 75 0 62 0 0 0 0 0 3 205 0 0 0 0 0 0 2 2 0 0 0 0 1 29 7 0 5 0 0 0 4 3 4 2 4 3 2 0 2 0 3 3 1 1 0 0 34 0 0 1 20 64 0 0 0 0 29 32 0 0 15 1 24 38 0 0 0 0 0 21 0 0 0 0 0 0 0 0 0 0 0 0 0 0 0 0 0 0 0 10 0 0 0 0 0 0 0 0 0 0 0 0 0 0 0 0 0 0 0 0 0 0 0 0 0 0 0 0 10 0 0 0 0 0 0 0 0 0 0 0 20 6 2 0 0 0 13 0 30 11 12 14 1 16 2 24 1 5 0 0 0 0 0 0 0 0 0 0 0 0 0 0 0 0 0 0 0 0 0 0 0 0 0 0 0 0 0 0 0 0 0 0 0 0 0 0 0 0 0 0 0 0 0 0 0 0 0 0 0 0 0 1 0 0 0 0 0 0 0 0 0 0 0 0 0 2 2 0 0 0 0 3 0 0 0 0 0 0 0 0 0 0 0 0 0 0 0 0 0 0 0 0 0 0 0 0 0 0 0 0 0 0 0 0 0 0 0 0 0 0 
 5 0 0 0 2 35 2 0 2 3 0 120 1 0 0 0 0 0 0 1 0 112 81 50 205 94 139 197 163 160 71 106 166 46 345 201 41 185 68 83 0 5 2 2 0 2 1 1 4 3 0 0 1 8 0 3 4 7 0 0 2 0 3 1 7 0 0 0 2 0 3 2 0 2 0 0 0 6 2 0 0 0 7 13 0 14 0 0 0 0 0 12 0 0 0 0 0 0 0 0 25 7 0 51 4 0 10 0 52 0 1 8 0 27 9 36 11 33 0 3 0 0 1 0 0 0 13 0 9 0 0 0 0 0 0 0 0 0 14 0 0 0 0 4 9 0 0 0 0 0 0 0 0 0 0 0 0 0 0 0 0 0 11 0 0 0 0 0 0 0 0 11 0 0 0 0 3 0 0 0 75 19 12 13 0 17 22 19 14 17 7 12 0 1 56 0 7 31 7 17 0 0 0 0 0 0 1 0 0 0 0 0 0 1 0 0 0 0 1 0 0 0 0 0 0 0 0 0 0 0 0 0 0 0 0 0 0 0 0 0 0 0 1 0 0 0 0 0 0 0 0 0 10 0 6 2 0 1 40 0 17 0 0 0 0 0 0 0 0 0 0 0 0 0 0 0 0 0 0 17 0 32 0 0 0 0 0 0 0 0 
 5 0 0 0 71 34 1 1 5 0 0 74 0 0 0 0 1 0 0 0 112 0 101 282 22 40 76 480 310 344 29 35 127 179 205 174 312 116 328 258 0 0 4 3 0 0 64 56 2 2 0 0 5 0 0 5 2 0 0 0 3 0 3 0 3 2 2 0 0 0 6 3 0 2 0 0 1 2 2 0 0 0 0 1 14 14 0 0 0 0 1 0 0 0 0 0 0 0 4 2 37 0 48 16 27 0 20 3 3 0 38 0 12 30 12 9 6 16 14 17 0 0 0 0 0 0 24 0 0 0 0 0 0 0 0 0 0 0 0 0 0 0 9 0 0 0 0 0 0 0 0 0 0 0 0 0 0 0 0 8 0 0 2 0 6 0 0 0 0 0 0 5 0 0 0 18 8 0 0 0 30 0 11 8 0 0 4 56 48 0 1 0 14 6 0 11 21 62 1 11 0 0 0 0 0 0 15 0 0 0 0 0 0 0 0 0 0 0 2 0 0 0 0 0 0 0 0 0 2 0 0 0 0 0 0 0 0 0 0 0 0 0 0 0 0 0 0 0 0 0 0 0 0 0 16 0 0 1 1 0 2 0 0 0 0 0 1 0 2 0 0 0 0 0 0 0 0 0 0 17 0 0 0 0 0 0 0 0 0 0 
 7 2 4 2 77 77 4 4 2 2 2 2 5 2 2 3 2 2 2 2 81 101 0 195 140 128 78 245 332 49 190 265 71 231 144 352 140 64 347 121 4 4 2 0 0 0 2 1 2 0 0 0 1 0 1 1 2 0 0 70 3 0 6 4 0 0 0 0 2 0 3 4 0 0 3 3 0 6 5 0 0 0 0 0 0 0 0 0 0 0 2 2 0 0 0 0 0 0 0 15 17 1 0 22 22 0 13 25 48 44 34 8 11 0 1 13 8 12 8 10 8 0 15 0 20 0 21 9 0 0 0 0 0 9 47 0 0 0 0 17 0 0 0 0 1 0 0 0 0 0 0 14 2 0 0 2 0 0 0 0 0 0 0 0 0 0 0 0 2 0 0 0 0 1 0 0 0 0 0 0 12 31 28 26 0 8 8 23 2 33 9 17 22 37 0 0 7 5 8 0 0 0 23 0 0 0 39 0 0 0 0 0 1 31 0 0 0 0 0 1 0 0 0 0 0 0 0 0 0 0 0 0 0 12 0 0 0 0 0 0 0 0 0 0 0 0 0 0 0 0 0 0 11 0 6 0 0 85 31 2 2 0 0 0 0 0 0 0 0 0 0 0 0 0 0 0 0 0 0 0 0 0 0 0 0 2 14 0 0 0 
 4 0 0 0 0 2 2 0 0 0 0 0 0 0 0 0 0 0 1 0 50 282 195 0 278 399 369 184 421 260 146 247 140 96 141 129 133 147 142 305 0 63 2 0 0 0 1 10 2 0 0 0 10 0 0 3 0 0 131 0 2 0 4 0 0 0 0 3 0 0 2 0 0 0 0 0 0 0 2 0 0 0 0 0 0 1 0 0 0 0 0 0 0 0 0 0 0 0 1 0 0 0 12 12 19 38 1 0 14 69 0 51 0 12 10 2 11 53 0 0 16 0 0 0 0 0 80 20 1 0 0 0 0 0 0 2 0 9 26 14 0 10 0 3 0 0 0 0 0 0 0 0 0 0 2 0 0 0 0 18 0 0 0 0 0 7 0 0 4 0 0 0 0 0 0 0 0 0 0 0 34 19 20 68 8 36 0 15 18 4 24 20 0 10 17 46 16 1 0 0 2 0 0 0 0 0 0 6 0 0 0 0 16 2 0 0 1 2 16 0 0 0 0 0 0 0 0 0 1 0 0 0 0 0 0 0 0 0 0 0 0 0 15 0 0 0 0 0 0 19 0 0 0 0 10 0 2 39 41 4 0 13 0 0 0 0 0 2 0 0 0 0 0 0 0 0 0 0 0 0 0 0 0 0 0 0 0 0 0 0 
 0 0 0 0 0 0 2 1 207 0 0 0 0 0 0 0 29 0 0 0 205 22 140 278 0 68 263 67 235 71 119 98 69 70 192 75 60 80 76 78 64 62 0 0 0 0 2 0 0 0 0 0 63 0 0 1 0 0 0 0 0 0 3 0 0 2 0 0 0 0 0 0 0 0 0 2 0 3 0 0 0 6 0 0 0 0 0 0 0 0 0 0 0 0 0 0 0 0 0 2 0 0 0 27 10 19 0 0 10 80 25 75 0 0 0 24 14 13 0 0 20 8 0 0 0 0 14 3 19 0 1 9 51 42 17 11 0 0 12 39 0 0 0 24 19 0 0 0 0 0 0 0 0 0 0 0 0 0 0 0 0 0 0 0 0 7 0 0 0 0 0 0 0 0 0 0 2 0 0 0 0 10 10 18 25 14 0 2 15 57 26 56 0 1 8 18 0 16 0 0 12 0 0 0 0 0 32 20 0 0 0 0 0 30 0 0 19 10 0 23 0 0 0 0 0 1 0 0 2 0 0 0 0 0 0 0 0 0 0 0 0 0 0 0 0 0 0 0 0 0 0 0 0 0 10 2 0 58 151 2 16 0 0 0 0 0 0 0 0 0 0 0 44 0 0 0 0 0 0 0 0 12 0 0 0 11 0 0 0 0 
 0 0 2 0 0 2 4 0 0 75 2 0 0 0 0 0 0 0 0 0 94 40 128 399 68 0 106 104 59 191 153 53 33 261 109 249 143 315 147 95 132 0 2 0 0 0 1 0 65 6 0 0 0 67 0 3 1 3 0 125 2 0 4 0 0 0 0 0 0 0 2 0 0 0 0 0 0 0 2 0 0 0 0 0 0 0 0 0 0 0 0 0 0 0 0 0 0 0 0 0 0 0 0 28 0 15 0 1 37 27 0 0 1 0 0 11 11 31 0 0 18 0 13 4 0 0 40 32 0 0 0 17 11 11 35 1 17 9 54 21 0 0 0 0 0 0 0 0 0 0 0 1 0 3 2 0 0 2 0 0 0 0 0 2 0 0 0 0 0 0 7 0 0 0 0 0 0 0 7 0 6 16 11 17 0 8 10 1 10 0 25 0 0 0 13 0 12 0 0 11 0 0 0 0 0 0 12 2 0 27 6 1 25 1 0 8 0 11 15 9 0 0 0 0 0 0 0 0 0 0 0 0 0 2 0 0 0 1 0 0 0 0 0 0 0 1 0 0 0 0 0 0 0 0 12 0 0 38 4 2 4 0 0 0 0 0 0 0 0 0 0 0 0 0 0 0 0 0 0 0 0 10 0 0 0 0 0 0 0 0 
 0 0 0 27 76 76 29 1 151 73 0 151 2 0 0 0 0 0 148 0 139 76 78 369 263 106 0 154 42 39 182 22 326 90 177 20 67 49 150 124 2 0 9 202 0 1 0 0 2 3 1 0 13 3 0 3 0 3 1 65 51 3 3 49 4 0 0 0 0 1 3 2 0 0 2 0 0 0 4 0 0 0 8 13 27 30 0 0 0 0 0 10 0 0 0 0 0 0 0 0 7 33 9 10 49 21 51 8 22 20 0 0 31 44 0 25 27 13 15 10 24 0 15 0 0 0 4 3 2 0 0 0 0 2 10 0 0 0 0 21 0 0 0 0 0 0 0 0 0 0 0 4 0 0 0 0 0 0 0 0 0 0 8 54 11 0 1 0 0 0 0 12 0 0 0 0 0 0 0 0 10 32 9 1 0 0 8 46 10 0 13 16 13 38 9 0 29 0 3 15 0 4 0 0 0 0 12 0 0 0 0 0 2 1 0 0 0 0 0 0 0 0 23 0 0 0 0 0 0 0 0 0 0 0 0 0 0 2 0 0 0 0 2 0 0 0 0 0 0 74 0 0 14 0 14 2 2 80 0 1 0 2 0 0 0 0 0 0 0 0 0 0 0 0 0 0 0 0 0 0 0 0 0 0 0 0 0 0 0 0 
 12 3 3 83 3 208 3 2 3 4 2 37 3 3 3 5 2 3 2 3 197 480 245 184 67 104 154 0 451 219 119 257 304 715 67 130 114 105 162 223 0 0 2 0 0 0 2 3 4 20 0 1 0 10 0 2 1 5 0 0 2 34 3 0 0 3 0 0 1 1 6 37 0 0 0 2 0 0 2 0 0 0 0 0 0 1 0 0 0 0 1 0 0 0 0 0 0 0 0 0 26 27 6 0 9 0 14 46 14 0 53 36 37 39 0 20 0 20 0 33 0 0 0 0 0 0 0 0 0 0 0 0 0 0 0 0 0 0 0 0 0 0 0 0 0 0 0 0 0 0 1 0 1 0 0 0 0 1 12 4 0 0 0 0 3 0 0 0 1 0 0 0 0 2 2 0 0 0 0 0 34 0 6 3 23 3 25 26 21 9 8 0 32 0 9 37 8 2 18 0 0 0 11 0 0 0 0 0 0 0 0 0 0 0 0 0 0 0 19 0 0 0 0 0 0 0 0 14 0 0 0 0 12 24 0 0 0 0 0 0 0 0 0 0 0 0 0 0 0 0 0 0 0 0 15 0 0 94 0 0 2 11 0 0 0 0 12 0 0 0 0 0 0 0 0 0 0 0 0 23 0 13 0 0 0 0 8 0 0 9 
 2 0 0 0 0 26 1 2 1 0 0 0 0 0 0 0 0 0 0 0 163 310 332 421 235 59 42 451 0 175 465 121 161 76 458 419 46 190 75 126 0 1 2 0 0 0 4 0 3 6 0 0 63 7 1 2 4 5 11 1 3 0 7 2 0 0 0 0 4 0 3 4 0 0 0 0 0 5 2 0 0 0 0 0 0 0 0 0 0 0 0 0 0 0 0 0 0 0 0 0 14 0 0 26 26 0 13 0 23 30 0 14 1 16 12 42 0 42 0 0 9 0 0 0 0 0 0 3 0 0 0 0 0 29 0 0 0 0 18 10 0 0 0 5 5 0 0 0 0 0 0 0 0 0 0 0 0 0 0 0 0 0 0 0 0 5 0 0 1 0 0 0 0 0 0 0 0 0 0 0 51 24 3 23 21 39 23 11 37 11 23 43 0 11 24 29 12 17 0 12 0 0 0 0 9 15 0 0 0 0 0 0 0 0 0 0 0 0 2 0 0 0 0 0 0 0 17 0 0 0 0 0 0 0 0 0 0 0 0 0 0 0 0 0 0 0 0 0 0 0 0 0 0 0 5 0 0 12 2 2 2 1 13 0 0 0 0 0 0 0 0 0 0 0 0 0 0 0 0 26 0 29 0 0 0 0 0 0 0 0 
 3 0 0 0 0 1 4 2 0 0 0 38 0 0 0 0 0 0 0 0 160 344 49 260 71 191 39 219 175 0 206 39 446 100 256 221 438 409 147 134 0 0 2 0 0 0 58 0 2 16 0 0 28 12 0 2 43 4 128 1 3 0 10 0 0 0 51 0 0 0 3 0 0 0 0 0 0 0 2 0 0 0 0 0 0 0 0 0 0 0 0 0 12 0 0 0 0 0 0 0 0 10 34 0 36 8 0 0 0 9 18 0 1 14 9 11 8 51 0 0 0 0 0 0 0 0 13 22 0 0 0 0 1 0 0 0 0 0 13 0 0 0 0 4 8 0 0 0 0 0 0 0 0 0 2 0 0 0 0 5 0 0 13 0 1 0 0 0 0 0 0 0 0 0 0 37 5 0 0 18 26 7 0 17 36 32 11 20 0 0 30 1 0 0 20 12 27 0 0 11 0 0 0 0 0 0 11 2 0 0 0 1 7 10 0 0 0 0 49 0 0 0 0 0 0 0 0 0 0 0 0 0 0 2 0 0 0 0 0 0 0 0 0 0 0 1 0 0 0 0 0 0 0 0 8 0 2 95 0 2 2 2 0 0 0 0 0 0 0 0 0 0 0 0 0 0 0 18 0 0 0 10 0 0 0 0 0 0 0 0 
 4 0 0 0 0 1 3 0 0 0 20 0 2 2 1 2 0 0 2 75 71 29 190 146 119 153 182 119 465 206 0 64 80 41 51 61 169 183 72 79 1 0 2 0 0 3 70 1 4 0 0 0 0 61 64 2 0 3 42 18 3 0 3 0 0 0 0 0 0 0 3 0 0 50 0 0 1 0 4 0 0 0 0 5 0 0 0 0 0 0 0 0 0 0 0 0 0 0 0 0 1 12 2 12 22 8 7 0 8 13 0 29 0 13 0 10 14 1 0 0 9 0 34 1 0 0 11 23 9 0 0 0 24 0 25 10 0 0 0 8 0 0 0 0 0 2 0 0 0 1 0 4 0 0 0 0 16 0 0 0 0 0 10 5 0 0 1 0 0 0 0 0 0 0 0 0 0 0 5 0 1 14 1 4 11 0 0 6 0 16 0 11 0 0 13 0 22 9 0 0 1 10 0 0 0 0 44 2 0 0 3 1 31 19 0 0 0 31 0 12 0 0 0 0 0 0 0 0 0 0 1 2 0 2 0 0 0 8 0 0 0 20 0 0 0 0 0 0 0 0 0 0 0 0 16 0 0 0 74 0 2 0 0 0 0 0 0 0 0 0 0 0 0 0 0 0 0 0 0 1 0 0 0 0 0 0 0 0 0 3 
 0 0 0 0 0 0 2 3 0 0 2 0 0 0 0 0 0 0 0 0 106 35 265 247 98 53 22 257 121 39 64 0 30 30 104 547 79 72 43 28 126 273 2 0 0 0 0 0 2 0 0 0 64 64 63 3 0 0 36 65 2 0 4 0 0 0 2 0 0 0 3 1 0 0 0 0 0 0 2 0 0 0 0 0 0 0 0 0 0 0 0 0 0 0 0 0 0 0 0 0 0 0 0 13 0 37 0 0 9 15 0 34 0 0 0 0 12 13 0 0 30 7 0 0 0 0 0 8 16 13 15 17 27 53 8 14 1 35 19 32 0 0 0 0 0 0 0 0 0 0 0 0 0 10 0 0 0 0 0 0 18 0 0 0 0 3 0 0 0 0 0 0 0 0 0 0 0 0 0 0 1 0 0 18 28 0 0 0 13 0 0 18 0 1 9 17 0 20 0 0 43 13 10 0 0 0 0 10 11 12 0 0 17 2 11 0 12 23 15 42 0 0 0 0 0 0 0 0 0 0 0 0 0 0 0 0 0 0 0 0 0 0 10 0 0 0 0 0 0 0 0 0 0 0 5 2 2 3 151 2 12 0 0 0 0 0 0 0 0 0 0 0 0 0 0 0 0 0 0 0 0 0 0 0 0 0 0 0 0 0 
 4 0 0 76 1 20 0 0 1 0 0 14 0 0 1 0 0 207 0 62 166 127 71 140 69 33 326 304 161 446 80 30 0 166 162 121 276 119 125 201 0 0 2 0 0 0 0 0 2 1 0 0 0 3 0 2 67 39 6 0 2 0 3 0 0 0 0 0 0 0 3 0 0 0 0 0 0 0 2 1 0 0 0 0 0 0 0 0 0 0 0 2 2 0 0 0 0 0 0 0 11 8 10 1 0 9 42 28 21 0 0 20 13 35 24 41 23 13 0 0 0 0 0 0 0 0 0 19 0 0 0 0 0 0 0 0 0 28 0 0 0 0 0 3 2 0 0 4 1 0 0 0 0 0 0 0 0 0 0 0 0 0 0 0 1 0 0 0 0 2 0 1 0 0 0 0 1 0 0 0 14 21 10 23 12 21 16 9 0 17 15 0 13 0 13 25 22 9 10 43 0 0 1 0 0 0 0 0 0 0 0 0 0 14 0 0 0 0 13 0 0 0 0 0 0 0 0 0 0 0 0 0 0 0 0 0 0 0 0 0 0 0 0 0 0 0 0 0 0 0 0 0 0 0 2 0 2 77 2 0 1 40 0 0 0 0 12 0 0 0 11 0 0 0 0 0 0 0 0 0 0 9 0 0 0 0 0 0 0 0 
 1 0 73 1 41 75 0 0 0 0 74 151 0 0 0 0 2 4 0 0 46 179 231 96 70 261 90 715 76 100 41 30 166 0 200 58 278 46 185 394 0 2 2 0 65 0 2 64 2 1 0 0 9 0 0 3 7 0 0 0 2 0 5 0 0 0 0 0 0 0 2 0 0 0 0 2 50 2 2 0 0 0 0 1 15 24 0 0 0 0 0 24 0 0 0 0 10 0 5 2 59 22 23 0 0 1 21 30 0 0 9 0 36 19 14 0 0 11 27 22 0 0 0 0 0 0 0 0 0 0 1 0 0 0 0 0 0 0 0 0 0 0 0 0 0 0 0 0 0 0 0 0 0 0 0 0 0 0 0 5 0 0 0 0 64 17 0 0 0 13 0 0 0 0 21 0 0 1 0 0 1 11 39 0 0 18 0 79 17 27 0 0 46 18 18 17 20 14 30 10 0 0 11 0 0 0 0 0 0 0 0 0 0 21 0 0 0 0 0 0 0 0 0 0 17 0 0 0 2 0 0 0 0 0 0 0 0 0 0 0 0 0 0 0 0 0 0 0 74 0 0 0 0 0 4 0 0 1 0 0 1 2 0 0 0 0 0 0 0 0 0 0 0 0 0 0 0 0 0 0 0 0 0 0 0 0 2 0 0 0 
 0 0 3 2 0 2 1 3 0 0 0 51 0 0 0 0 0 1 0 0 345 205 144 141 192 109 177 67 458 256 51 104 162 200 0 96 296 249 174 223 8 0 2 0 0 0 0 0 2 6 0 0 3 0 0 2 0 2 0 0 2 0 3 0 0 0 0 0 0 0 3 0 0 0 0 0 0 0 2 0 0 0 1 17 14 14 0 0 0 0 16 0 0 0 0 1 1 0 0 0 13 0 22 3 0 11 2 0 30 68 3 51 18 0 24 24 62 24 14 0 0 0 0 0 0 0 6 0 0 0 0 0 3 0 0 0 0 0 14 1 0 0 0 4 9 0 0 0 0 0 0 0 0 0 0 0 0 0 0 0 0 1 2 0 15 13 0 0 0 0 0 0 0 0 0 0 2 1 0 0 13 19 59 64 2 26 0 10 55 9 0 18 16 12 11 26 32 12 0 9 0 0 1 0 0 0 0 0 0 0 0 0 0 0 0 2 0 0 0 0 0 0 0 0 0 0 0 0 0 0 0 0 0 0 0 0 0 0 0 10 0 0 0 0 0 0 76 0 0 0 0 0 0 0 17 0 0 8 75 0 14 11 1 0 0 0 14 0 0 0 0 0 0 0 0 0 0 0 0 0 0 12 0 0 0 0 0 0 0 0 
 2 0 1 4 0 75 1 2 0 0 0 0 0 0 0 2 4 0 0 0 201 174 352 129 75 249 20 130 419 221 61 547 121 58 96 0 139 183 179 366 0 0 2 0 0 0 4 4 2 0 0 0 2 2 0 3 4 3 62 0 2 0 3 2 0 0 0 0 4 0 3 4 0 0 0 0 0 29 2 0 0 0 0 0 0 0 0 0 0 0 0 2 0 0 0 0 0 0 0 0 31 15 12 18 28 0 0 13 10 34 10 22 11 0 12 17 20 25 34 11 0 0 0 0 0 0 18 8 0 0 0 0 0 0 0 0 0 0 18 2 2 0 0 0 0 7 2 0 0 1 0 0 0 0 10 0 0 0 0 5 0 0 0 2 1 9 0 0 4 0 0 13 8 9 0 0 0 0 0 1 53 53 10 20 0 44 10 43 43 13 22 3 19 24 11 26 0 34 13 13 0 2 0 0 0 0 2 14 0 0 0 0 9 0 0 0 3 0 11 0 0 0 0 2 0 2 2 0 0 0 0 0 0 0 0 0 0 0 0 0 0 0 0 0 0 0 0 0 0 0 0 0 0 0 12 0 2 1 2 2 2 0 0 0 0 0 0 0 0 0 0 0 0 9 0 0 0 0 0 20 0 0 0 0 1 0 0 0 0 0 
 4 0 207 0 0 0 0 3 3 0 2 0 0 4 0 24 0 2 0 0 41 312 140 133 60 143 67 114 46 438 169 79 276 278 296 139 0 85 112 38 6 1 2 1 5 0 69 7 9 0 0 1 0 4 0 6 3 0 3 3 3 0 4 1 18 4 2 3 0 0 5 0 0 3 1 3 5 4 52 0 0 0 0 0 0 0 0 0 0 0 1 0 0 0 0 0 0 0 0 0 0 11 40 25 13 5 0 0 0 0 16 0 0 18 30 41 17 32 0 0 0 0 0 0 0 0 23 0 0 0 0 0 0 0 0 0 0 0 1 0 0 0 0 4 0 0 0 0 0 0 0 7 1 0 0 1 11 0 0 1 0 0 0 0 0 0 0 0 0 0 0 3 0 2 2 7 6 0 0 0 16 38 0 28 6 10 14 17 10 0 23 0 0 0 28 10 40 26 0 31 0 0 0 0 0 0 11 0 0 0 0 0 0 0 0 0 0 0 17 0 0 0 0 0 0 0 0 0 0 1 0 0 0 0 0 0 0 0 0 0 0 0 0 0 0 1 0 0 0 0 0 0 2 0 7 4 0 118 2 0 2 11 0 0 0 0 0 2 0 0 0 0 0 0 0 0 0 0 0 0 0 0 0 0 0 0 0 0 0 0 
 4 1 4 2 1 76 2 3 0 0 0 0 0 0 0 0 0 1 0 0 185 116 64 147 80 315 49 105 190 409 183 72 119 46 249 183 85 0 24 69 2 1 2 0 5 0 62 4 4 0 0 0 0 0 64 1 3 0 29 2 5 0 3 0 0 0 0 0 0 0 6 0 2 2 6 2 0 1 2 3 0 1 0 0 0 0 0 0 0 0 0 0 0 0 0 0 0 0 0 0 15 15 0 32 28 0 14 0 0 25 10 12 0 7 7 49 5 11 0 0 0 0 12 0 0 0 8 0 0 0 0 0 0 0 0 0 0 0 26 0 0 0 0 3 6 0 0 0 0 0 0 0 0 0 0 0 0 0 1 0 0 0 3 5 0 0 0 0 0 0 0 0 2 0 0 0 0 0 0 0 14 32 11 4 18 30 20 10 9 13 22 12 1 0 23 0 6 3 0 17 0 10 0 0 0 0 12 0 0 0 0 0 29 29 0 0 0 0 10 0 0 0 0 0 0 0 0 0 0 0 0 0 0 0 0 0 0 0 2 0 0 0 0 0 0 0 0 0 0 0 0 0 0 0 6 3 3 2 2 1 2 0 0 0 0 25 0 0 0 0 0 0 0 0 0 0 0 0 0 14 0 8 0 0 0 0 0 0 0 0 
 10 9 106 3 88 80 3 3 64 39 22 155 3 3 3 5 80 124 3 3 68 328 347 142 76 147 150 162 75 147 72 43 125 185 174 179 112 24 0 222 0 0 2 0 0 0 0 2 2 0 0 0 0 0 0 3 6 2 0 0 7 0 4 0 7 0 0 0 0 0 2 0 0 0 0 0 0 1 2 0 0 13 11 14 0 13 0 0 9 42 1 37 0 20 0 0 0 10 0 0 31 20 6 0 0 0 1 26 0 0 21 0 32 105 0 1 0 9 7 0 0 0 0 0 0 3 0 0 0 0 0 0 0 0 0 0 0 0 3 0 0 0 0 0 0 0 0 0 0 0 0 0 0 0 0 1 1 0 0 4 0 0 10 13 1 29 0 0 0 0 0 26 0 2 2 0 0 2 0 0 1 42 8 3 11 12 9 35 5 14 0 0 8 0 23 29 0 2 28 0 0 0 0 0 0 0 0 0 0 0 0 0 0 0 0 0 0 0 27 1 0 0 0 0 0 0 0 0 0 1 0 0 0 0 0 0 0 0 8 0 0 11 0 0 0 0 0 0 0 0 0 0 29 0 9 0 0 78 0 0 0 11 2 0 0 0 0 0 0 0 0 0 0 0 0 0 0 0 0 0 0 0 0 0 0 0 0 0 0 0 
 2 0 72 1 85 103 1 1 82 0 74 165 0 0 0 1 13 2 0 205 83 258 121 305 78 95 124 223 126 134 79 28 201 394 223 366 38 69 222 0 0 0 5 0 0 0 0 0 2 5 0 2 0 8 2 3 0 3 0 0 2 0 3 0 5 53 0 0 0 0 3 0 0 2 50 0 0 0 2 0 0 0 19 15 0 18 0 0 1 0 0 20 0 0 0 2 15 0 0 0 33 52 0 0 0 0 15 0 1 0 0 0 12 21 12 19 1 23 8 3 2 0 0 0 0 0 0 0 0 0 0 0 0 0 1 0 0 0 0 0 0 0 0 0 0 0 0 0 0 0 0 0 11 0 0 0 0 0 0 0 0 0 13 1 17 9 0 0 0 30 30 9 0 0 1 0 0 11 1 0 58 47 12 0 4 28 52 15 0 22 4 0 33 0 40 17 0 1 17 29 0 0 0 0 0 0 0 0 0 0 2 0 0 0 0 0 0 0 0 0 1 0 0 0 0 0 0 0 0 0 0 0 0 0 0 0 0 0 0 0 0 0 0 0 0 2 0 0 73 4 0 0 11 0 13 0 3 0 2 0 2 0 0 0 0 0 0 0 0 0 0 0 0 0 0 0 0 9 0 0 0 13 0 0 0 0 0 0 0 0 
 62 0 0 0 0 0 0 0 0 0 0 0 2 0 0 0 0 0 0 0 0 0 4 0 64 132 2 0 0 0 1 126 0 0 8 0 6 2 0 0 0 95 289 46 40 68 394 355 107 65 30 46 43 124 350 42 239 40 110 97 0 0 0 0 0 0 0 4 0 0 5 0 20 0 0 0 0 0 0 0 0 0 0 0 0 0 0 0 0 0 0 0 0 0 0 0 0 0 0 0 0 0 0 0 0 9 0 0 1 0 0 0 0 0 0 0 0 0 0 0 22 0 11 7 0 0 0 15 0 0 1 40 33 16 31 0 17 1 5 35 13 0 0 0 0 0 0 0 0 0 0 0 0 3 0 0 0 0 11 0 0 0 0 12 0 0 0 0 0 0 0 0 0 0 0 0 0 0 6 0 0 0 0 0 28 0 0 0 0 0 8 18 0 0 0 0 0 0 0 0 29 27 2 0 0 0 1 0 10 13 0 0 28 4 11 7 0 5 1 20 0 0 0 0 0 4 0 0 0 0 0 0 14 0 0 0 0 0 0 0 0 0 0 0 0 0 0 0 0 0 0 2 0 0 2 0 0 0 0 0 0 0 0 0 0 4 3 0 0 0 0 0 0 0 0 0 0 0 0 0 0 0 0 0 0 20 0 0 2 0 
 0 0 2 0 0 3 0 0 0 0 0 0 0 0 0 0 0 0 0 0 5 0 4 63 62 0 0 0 1 0 0 273 0 2 0 0 1 1 0 0 95 0 204 373 35 36 74 399 160 55 50 110 411 74 136 88 84 88 55 120 0 0 0 0 0 0 0 0 0 0 0 0 0 0 0 0 0 0 0 0 0 0 0 0 0 0 0 0 0 14 0 0 0 0 0 0 0 0 0 0 0 0 0 0 0 22 0 0 0 0 0 0 0 0 0 0 0 0 0 0 8 17 11 8 2 14 0 0 21 17 27 7 13 18 15 15 3 24 13 17 0 0 3 0 0 3 0 0 0 1 0 0 0 0 0 0 6 0 0 1 0 0 0 0 0 0 0 0 0 0 0 0 0 0 0 0 0 0 0 0 0 0 0 0 0 12 0 0 0 0 0 0 0 0 0 0 0 0 0 0 0 1 21 6 9 0 6 76 9 27 23 21 0 0 10 7 55 0 75 19 0 0 0 0 0 0 0 0 10 0 0 0 0 0 0 0 0 0 0 0 0 0 0 0 0 0 0 0 0 0 0 8 0 2 0 0 0 63 0 0 0 0 14 65 0 0 0 1 0 0 13 0 0 0 0 0 0 0 0 0 0 0 0 0 13 0 0 0 0 0 
 0 0 1 0 0 0 2 0 0 0 0 0 0 0 0 0 2 0 74 0 2 4 2 2 0 2 9 2 2 2 2 2 2 2 2 2 2 2 2 5 289 204 0 126 51 49 238 254 384 165 137 35 173 214 405 153 83 122 87 83 0 0 0 0 0 0 0 56 0 0 1 0 1 0 0 0 0 0 0 0 0 0 0 0 0 0 0 10 0 0 0 0 0 0 0 0 0 0 0 0 0 0 0 0 0 0 0 0 0 0 0 0 0 0 0 0 0 7 0 0 14 34 25 14 3 0 0 0 11 28 24 29 38 8 3 38 7 33 0 0 0 0 1 0 0 0 0 0 0 0 0 0 15 0 0 0 0 0 19 4 0 0 0 0 0 0 9 0 0 0 0 0 0 19 0 0 0 0 0 0 0 0 0 0 0 14 0 0 0 0 0 0 0 0 0 0 0 0 0 0 4 22 0 15 0 0 17 32 28 9 24 19 0 38 4 19 22 0 0 10 0 0 8 0 0 0 0 0 0 0 0 0 0 0 0 0 0 0 24 2 0 0 0 0 0 0 0 0 0 0 0 0 0 2 0 0 0 0 0 14 0 0 2 39 0 1 0 67 0 0 0 0 0 0 0 0 0 0 0 0 0 0 6 0 0 0 0 0 2 0 
 0 0 0 0 0 0 0 0 0 0 0 0 0 0 0 0 2 0 0 0 2 3 0 0 0 0 202 0 0 0 0 0 0 0 0 0 1 0 0 0 46 373 126 0 84 30 85 528 359 269 130 153 221 58 82 340 93 101 308 64 58 8 0 0 0 0 0 0 0 0 0 0 0 0 0 0 0 0 0 3 0 0 0 0 0 0 0 0 0 2 0 0 0 0 0 0 0 0 0 0 0 0 0 0 0 0 0 0 0 0 0 0 0 0 0 0 0 0 0 0 0 4 0 25 0 14 0 9 14 0 11 0 19 13 0 9 1 0 0 0 27 20 4 25 0 2 0 2 0 1 1 0 26 19 14 0 2 0 22 40 0 0 0 0 0 0 0 6 0 0 0 0 0 0 0 0 0 0 0 0 0 0 0 0 0 9 18 0 0 0 0 11 0 0 0 0 0 0 0 0 1 18 11 11 29 18 0 29 4 1 37 36 0 0 6 1 8 0 0 10 21 32 0 0 15 0 0 18 9 0 9 0 0 0 0 7 14 0 0 0 0 0 0 0 0 0 0 0 0 0 0 0 0 1 0 0 0 0 0 19 0 1 0 11 0 2 4 0 0 0 11 0 0 0 0 0 0 0 0 0 0 3 0 0 0 0 0 0 0 12 
 0 0 0 0 0 0 0 26 0 0 0 0 0 0 0 0 0 0 0 0 0 0 0 0 0 0 0 0 0 0 0 0 0 65 0 0 5 5 0 0 40 35 51 84 0 239 49 130 577 175 166 278 62 212 74 129 285 111 100 80 26 4 0 0 0 0 49 4 0 0 4 11 45 50 10 0 0 0 0 0 0 0 0 0 0 0 0 0 0 0 0 0 0 0 0 0 0 0 0 0 0 0 1 0 0 0 0 0 0 0 0 0 0 0 0 0 0 0 0 0 0 11 0 15 19 8 0 12 23 10 0 0 0 0 0 1 12 1 0 0 9 0 0 0 1 5 27 21 4 2 0 0 4 0 1 15 4 15 31 19 0 0 0 0 0 0 4 0 0 2 3 0 0 0 0 0 0 0 0 0 0 0 0 0 0 0 0 0 0 0 0 0 0 0 0 0 0 0 0 0 0 8 0 11 11 22 15 12 0 0 0 5 0 1 1 0 0 10 0 10 7 0 8 0 0 0 9 4 41 0 3 1 10 33 27 5 9 0 38 33 0 0 1 0 0 0 0 0 0 0 0 0 0 0 0 0 0 0 0 1 0 0 1 0 6 5 0 0 0 0 0 0 0 0 0 1 0 0 0 0 0 0 0 0 6 1 0 0 1 0 
 2 0 0 0 0 0 2 0 0 0 0 0 2 0 0 0 0 0 0 0 2 0 0 0 0 0 1 0 0 0 3 0 0 0 0 0 0 0 0 0 68 36 49 30 239 0 36 29 65 446 195 79 43 71 69 87 229 128 72 61 3 0 3 54 0 0 0 0 0 0 0 2 57 0 5 53 0 0 53 0 0 0 0 0 0 0 0 0 0 0 0 0 0 0 0 0 0 0 0 0 12 0 0 0 0 0 0 0 0 0 15 0 0 0 0 0 0 0 0 0 0 9 0 27 10 0 0 16 23 15 0 0 0 0 0 0 20 0 0 0 1 1 0 1 0 1 6 8 0 2 0 0 0 0 8 0 0 2 0 19 0 0 0 0 0 0 0 0 0 0 0 0 0 0 0 0 0 0 0 0 0 0 0 0 0 0 1 0 0 0 0 0 0 0 0 0 0 0 0 0 0 41 0 20 9 13 0 0 0 9 25 25 0 0 0 6 0 11 0 0 10 9 0 0 10 5 9 27 0 0 0 0 0 0 0 10 9 10 13 13 0 0 0 0 0 0 0 0 0 0 0 2 0 0 0 0 0 0 0 0 0 0 2 0 64 0 0 0 1 0 10 0 0 0 0 0 0 0 0 0 0 0 0 0 0 0 0 0 1 0 
 2 0 2 0 0 62 2 0 0 0 4 0 0 2 0 0 0 0 0 2 1 64 2 1 2 1 0 2 4 58 70 0 0 2 0 4 69 62 0 0 394 74 238 85 49 36 0 162 125 26 119 41 404 137 320 134 22 39 168 133 5 0 0 0 51 0 0 0 0 0 0 0 0 0 0 0 0 0 0 50 0 0 0 0 0 0 0 0 0 0 0 0 0 0 0 0 0 0 0 0 0 0 16 0 12 0 0 0 0 19 12 0 0 0 0 0 0 0 0 0 14 18 43 21 0 0 0 0 4 46 27 20 3 0 13 30 29 34 5 0 0 0 1 0 0 0 0 0 0 0 0 0 0 0 0 0 0 0 0 0 0 0 5 0 0 0 0 0 0 0 0 1 0 0 0 5 3 0 0 0 0 0 0 0 10 0 0 0 0 0 10 0 0 0 0 0 9 1 0 0 14 16 1 0 0 0 6 19 31 4 8 7 4 49 9 30 16 21 0 2 0 0 0 0 0 0 0 0 0 0 0 0 0 0 0 0 0 0 34 0 0 0 10 0 0 0 0 0 0 0 0 2 0 0 0 0 0 1 0 0 0 0 2 0 22 1 2 3 0 0 0 0 0 0 0 0 0 0 0 0 0 0 0 0 7 7 0 0 0 0 
 4 2 2 2 2 2 4 2 2 2 2 2 2 2 36 2 2 2 2 2 1 56 1 10 0 0 0 3 0 0 1 0 0 64 0 4 7 4 2 0 355 399 254 528 130 29 162 0 179 258 108 62 149 172 113 79 35 53 326 493 3 0 1 0 0 0 0 5 0 0 0 0 0 0 0 1 0 0 0 0 0 0 0 0 0 0 0 0 0 0 0 0 0 0 0 0 0 0 16 0 0 4 0 3 0 0 0 0 0 0 3 0 0 0 5 2 7 0 0 0 0 18 14 0 1 0 0 0 2 13 13 15 0 0 8 70 32 28 1 1 0 15 1 0 0 0 0 0 0 0 0 0 18 0 0 0 10 0 19 0 0 0 0 0 0 0 0 0 0 0 0 0 0 0 0 0 0 0 0 0 0 4 0 0 0 18 4 0 0 0 0 0 0 0 3 0 0 0 0 3 29 28 3 0 7 0 0 4 26 14 9 21 0 33 12 34 17 3 4 1 0 0 0 0 0 0 0 0 0 0 0 0 7 0 0 0 0 0 19 7 0 0 1 0 0 0 0 0 0 29 0 4 0 2 0 0 0 0 0 13 0 0 0 1 0 4 1 1 2 0 20 0 0 0 0 0 0 0 0 0 0 1 0 0 0 1 0 0 0 0 
 0 0 4 0 0 0 0 0 0 0 4 0 4 2 0 0 0 1 0 0 4 2 2 2 0 65 2 4 3 2 4 2 2 2 2 2 9 4 2 2 107 160 384 359 577 65 125 179 0 294 98 101 220 134 372 192 114 95 187 78 52 0 0 0 0 0 0 0 0 0 3 0 6 0 1 0 0 0 14 23 0 0 0 0 0 0 0 0 0 0 0 0 0 0 0 0 0 0 0 0 0 0 0 0 0 0 0 0 0 0 0 0 0 0 0 0 0 0 0 0 3 1 0 27 0 9 0 0 18 0 12 18 16 3 3 43 62 3 0 0 17 0 1 7 0 0 1 0 0 0 23 0 18 4 1 4 0 0 10 11 0 0 0 0 0 0 0 0 0 0 1 0 0 0 0 0 0 0 3 0 0 0 0 0 0 0 0 0 0 0 0 0 0 0 0 0 0 0 0 0 0 31 10 8 19 4 0 8 12 16 19 1 0 12 1 30 0 0 13 21 10 13 0 0 0 0 2 45 1 0 0 0 13 8 0 0 1 0 0 0 0 0 0 0 0 0 0 0 0 0 0 0 0 2 0 0 0 0 0 1 0 0 0 1 1 1 0 0 2 0 0 0 0 0 0 0 0 0 0 0 0 0 0 0 0 0 0 0 2 0 
 0 0 0 0 0 5 2 0 3 0 0 0 0 0 0 0 0 0 0 0 3 2 0 0 0 6 3 20 6 16 0 0 1 1 6 0 0 0 0 5 65 55 165 269 175 446 26 258 294 0 154 110 54 379 148 136 214 322 120 95 0 7 0 0 0 0 0 0 0 0 0 0 51 0 48 0 0 0 0 0 0 0 0 0 0 0 0 0 0 0 0 0 0 0 0 0 0 0 0 0 0 0 0 0 0 0 0 2 0 0 0 0 5 0 0 0 0 4 0 12 9 11 0 31 30 20 0 1 23 0 0 0 14 17 9 6 0 9 0 0 0 23 0 0 0 5 16 14 0 5 2 0 14 0 5 0 2 0 1 20 0 0 0 0 0 0 0 0 0 0 0 0 0 0 0 0 0 0 0 0 2 0 0 0 6 2 0 1 0 0 4 0 0 0 0 6 0 0 0 0 1 42 0 6 29 28 0 21 1 47 50 31 0 0 0 1 0 17 14 10 0 0 0 0 0 0 0 32 2 0 0 0 0 0 0 2 6 0 15 16 0 0 0 0 0 0 0 0 0 0 0 0 0 1 0 0 0 0 0 8 0 0 2 64 3 0 1 0 0 0 0 0 0 0 0 0 0 0 0 0 0 5 0 0 0 0 0 0 1 0 
 2 0 0 0 0 0 1 2 0 0 0 0 0 0 0 0 18 0 0 0 0 0 0 0 0 0 1 0 0 0 0 0 0 0 0 0 0 0 0 0 30 50 137 130 166 195 119 108 98 154 0 127 49 61 68 84 274 253 53 51 0 0 0 0 0 0 0 0 0 9 3 0 35 10 0 0 0 2 0 0 0 0 0 0 0 0 0 0 0 0 0 0 0 0 0 0 0 0 0 0 0 0 0 9 0 0 0 0 0 0 0 0 0 0 0 0 0 0 0 0 0 55 6 0 14 1 0 9 22 9 1 17 0 15 0 2 9 0 0 6 16 0 0 0 0 0 29 11 0 0 0 0 19 0 0 0 0 0 0 0 0 0 0 0 0 0 0 0 0 0 0 0 0 0 0 0 0 0 0 0 0 0 0 0 0 0 0 0 0 0 0 0 0 0 0 0 0 0 0 0 28 4 17 9 30 1 0 29 29 43 37 29 0 0 23 24 2 35 0 7 0 0 0 0 0 0 0 1 7 0 0 0 2 7 25 0 0 0 4 1 0 0 0 0 0 0 0 0 0 0 0 3 0 0 0 0 0 0 0 58 0 0 63 64 64 17 0 0 0 0 0 0 0 0 0 0 0 0 0 0 0 0 0 0 22 11 0 16 1 0 
 0 0 1 1 0 0 4 3 3 1 0 64 1 0 3 0 0 0 4 0 0 0 0 0 0 0 0 1 0 0 0 0 0 0 0 0 1 0 0 2 46 110 35 153 278 79 41 62 101 110 127 0 30 40 320 236 104 133 39 41 0 0 0 0 0 0 0 0 0 0 0 0 0 0 0 1 0 0 17 51 0 1 0 0 0 0 0 0 0 0 0 0 2 0 6 0 0 0 0 7 0 0 0 0 0 0 0 0 0 0 0 0 0 34 0 0 0 0 0 0 0 0 0 0 8 16 0 0 0 1 15 0 0 0 0 0 6 1 0 0 7 15 2 8 0 0 15 9 0 0 0 0 20 12 13 0 14 0 15 1 0 0 0 0 0 11 0 0 0 0 3 0 30 5 0 0 27 0 0 6 0 0 0 0 0 0 0 0 0 0 0 0 0 0 0 0 1 0 0 0 0 1 7 48 25 9 0 0 9 9 6 1 0 0 9 16 0 11 0 0 10 10 7 0 0 0 0 7 0 11 0 0 20 13 0 0 14 0 10 6 0 0 0 0 0 0 0 0 0 0 0 0 0 1 0 0 0 0 0 4 0 0 5 0 8 5 0 0 1 0 10 0 0 0 0 0 0 0 0 0 0 3 0 0 0 0 0 14 0 0 
 2 1 1 2 63 2 3 2 0 0 2 5 1 1 1 1 2 0 2 1 1 5 1 10 63 0 13 0 63 28 0 64 0 9 3 2 0 0 0 0 43 411 173 221 62 43 404 149 220 54 49 30 0 76 114 284 520 300 235 311 0 0 9 0 0 0 51 0 0 0 0 0 0 0 0 0 0 2 0 200 0 0 0 49 6 4 0 0 0 0 5 0 11 0 0 0 0 0 0 0 3 0 6 0 22 0 0 16 0 0 0 0 0 1 0 0 0 0 4 0 19 19 18 0 0 26 0 44 16 0 13 22 16 43 13 11 6 11 18 2 0 0 2 0 0 0 3 0 0 0 0 0 0 0 0 0 2 0 0 0 0 0 0 0 3 0 0 0 0 0 0 0 0 0 0 0 0 0 0 0 0 0 6 0 13 37 0 6 7 0 0 12 4 50 0 0 6 0 0 0 0 0 7 9 21 0 1 63 9 27 20 8 0 0 10 14 25 1 33 19 0 0 0 0 0 0 0 0 0 0 0 0 0 0 0 0 0 0 0 0 0 0 0 0 0 0 8 0 0 31 0 2 0 2 0 0 0 63 0 2 0 0 0 70 0 1 0 0 2 0 24 0 0 0 0 0 0 11 0 0 0 0 0 0 0 0 0 0 0 0 
 0 0 4 0 0 6 0 0 0 0 0 0 0 0 0 0 0 0 0 29 8 0 0 0 0 67 3 10 7 12 61 64 3 0 0 2 4 0 0 8 124 74 214 58 212 71 137 172 134 379 61 40 76 0 193 136 84 300 240 175 0 0 0 0 0 0 0 31 0 0 0 0 1 1 0 0 48 0 0 0 0 0 0 0 0 0 0 0 0 0 0 0 0 0 0 0 0 0 18 0 0 0 0 0 0 1 0 4 0 0 0 0 8 0 0 0 0 7 0 6 2 0 12 29 2 0 0 27 22 35 6 24 0 0 16 11 84 25 12 10 2 0 0 1 0 0 0 0 0 0 0 0 0 0 1 0 0 0 44 19 0 0 0 7 0 0 0 0 0 0 0 0 0 0 0 0 0 0 5 0 5 0 0 0 8 3 2 0 0 0 9 14 0 0 0 8 0 0 0 0 20 61 0 67 0 5 0 0 0 1 0 0 15 32 7 8 0 0 0 0 0 0 0 0 0 0 0 23 0 0 0 0 7 0 0 0 0 0 41 0 0 0 0 0 0 0 0 0 0 0 0 2 0 2 0 0 0 0 0 0 0 0 2 0 66 0 0 1 0 0 0 0 0 0 0 0 0 0 0 0 0 6 0 11 0 0 0 0 0 0 
 3 0 4 0 0 0 6 2 0 0 0 0 0 0 1 0 2 0 0 7 0 0 1 0 0 0 0 0 1 0 64 63 0 0 0 0 0 64 0 2 350 136 405 82 74 69 320 113 372 148 68 320 114 193 0 158 22 125 319 291 0 51 0 0 0 0 0 0 0 77 2 0 0 0 0 0 0 0 0 0 5 0 0 0 0 0 1 6 0 0 0 0 8 1 21 0 0 0 0 0 0 0 0 0 0 0 0 0 0 0 0 21 0 0 0 0 0 0 0 0 16 0 26 18 0 20 0 10 8 0 42 13 0 0 34 37 8 48 20 78 0 0 0 0 0 0 13 0 0 1 0 0 0 0 0 0 0 0 0 0 4 0 1 20 0 0 3 0 4 3 1 0 0 0 0 4 0 0 4 0 0 0 0 0 14 38 0 0 0 0 0 0 0 0 0 0 0 0 0 0 14 15 18 6 0 0 0 0 54 10 0 0 12 55 18 15 4 0 20 0 0 0 0 0 0 0 0 0 0 0 0 0 0 0 0 0 0 0 20 0 0 0 7 0 0 0 0 0 0 0 0 2 0 2 0 0 0 0 0 2 0 0 2 0 0 4 2 5 0 0 0 0 0 0 0 0 0 0 0 0 0 0 0 0 0 8 0 0 2 0 
 0 0 1 0 1 0 2 0 3 0 0 0 1 32 0 0 2 0 0 0 3 5 1 3 1 3 3 2 2 2 2 3 2 3 2 3 6 1 3 3 42 88 153 340 129 87 134 79 192 136 84 236 284 136 158 0 354 127 247 75 0 0 5 0 2 0 0 8 2 27 0 3 0 5 0 1 4 0 0 3 0 0 0 0 0 0 0 0 0 0 0 0 0 0 0 0 0 0 0 0 0 0 0 0 0 0 0 0 0 0 0 0 0 0 0 0 0 0 0 0 9 1 1 0 0 0 0 10 32 21 0 12 7 10 9 13 16 20 2 0 0 9 0 16 1 4 0 0 0 0 0 5 0 0 0 0 0 5 0 0 0 0 0 10 0 0 9 0 0 0 0 0 0 0 0 0 0 0 1 0 0 0 0 0 0 0 0 0 0 0 0 0 0 0 0 0 0 0 0 0 0 13 1 9 0 0 0 11 10 9 13 8 0 6 0 13 1 12 10 11 0 0 18 4 6 0 0 0 0 5 0 4 0 0 0 0 0 5 0 0 0 0 0 0 0 0 0 0 0 0 0 0 0 0 0 0 0 0 0 2 0 0 1 114 62 2 34 0 2 0 0 0 0 0 0 4 0 0 0 0 0 0 0 0 25 0 0 0 1 0 
 5 3 3 2 3 2 3 2 3 3 7 3 3 3 10 3 2 3 2 5 4 2 2 0 0 1 0 1 4 43 0 0 67 7 0 4 3 3 6 0 239 84 83 93 285 229 22 35 114 214 274 104 520 84 22 354 0 241 16 38 0 0 4 15 0 10 50 0 0 0 6 0 24 0 0 4 0 0 0 0 0 0 0 0 7 0 0 0 0 0 0 0 20 0 0 0 0 0 0 0 0 0 0 0 0 0 0 0 0 0 0 0 0 0 0 0 0 0 0 0 10 0 0 7 13 0 0 13 14 14 0 1 6 12 10 9 22 10 0 0 0 14 0 0 0 0 14 21 0 0 0 0 0 0 7 0 0 0 0 0 0 0 0 0 0 0 0 0 0 0 0 0 0 0 0 0 0 0 0 0 0 0 0 0 0 0 0 0 0 0 0 0 0 0 0 0 0 0 0 0 0 1 0 23 14 29 0 12 0 18 25 17 0 0 0 13 0 11 11 12 0 1 0 0 0 0 0 0 9 0 0 0 0 7 36 0 4 0 0 0 0 0 0 0 0 0 0 0 0 0 0 9 0 0 0 0 0 0 0 1 0 0 76 62 34 1 0 0 1 0 13 0 0 0 0 0 0 26 0 0 0 0 0 0 17 0 0 0 1 0 
 0 0 0 0 0 8 2 0 0 0 0 0 0 2 0 0 0 0 0 0 7 0 0 0 0 3 3 5 5 4 3 0 39 0 2 3 0 0 2 3 40 88 122 101 111 128 39 53 95 322 253 133 300 300 125 127 241 0 458 46 0 0 0 0 0 0 0 0 0 0 0 0 53 51 0 0 0 0 0 0 0 0 0 0 0 0 0 0 0 0 0 0 0 0 0 0 0 0 0 0 0 0 0 0 10 0 0 11 0 0 0 0 3 0 0 1 0 7 0 0 1 3 0 11 25 2 0 10 16 10 0 0 12 8 1 9 10 1 0 0 0 3 0 0 0 0 20 13 0 0 0 0 10 0 7 0 0 0 0 9 0 0 0 0 0 0 0 0 0 0 0 0 0 0 0 0 0 0 0 0 15 0 0 0 2 12 4 0 0 0 8 0 0 0 1 2 0 0 0 4 1 10 0 10 37 30 0 6 1 15 49 22 0 0 0 8 8 16 0 12 0 0 0 0 0 0 0 21 10 0 0 0 0 8 6 0 0 10 0 0 0 0 0 0 0 0 0 0 0 0 0 0 0 1 0 0 0 0 0 14 0 2 3 34 69 6 0 0 3 0 0 0 0 0 0 0 0 0 0 0 0 8 0 0 12 0 0 0 1 0 
 0 0 2 0 0 0 2 0 0 0 0 0 0 50 0 0 2 0 2 0 0 0 0 131 0 0 1 0 11 128 42 36 6 0 0 62 3 29 0 0 110 55 87 308 100 72 168 326 187 120 53 39 235 240 319 247 16 458 0 191 0 0 6 3 3 2 0 0 0 2 0 2 55 18 0 13 0 13 0 0 0 0 0 0 0 0 0 0 0 0 0 0 0 0 0 0 0 0 0 0 0 0 1 0 42 0 0 0 0 19 0 0 0 0 0 0 0 0 0 0 19 0 19 1 0 0 0 43 11 20 0 1 20 33 20 5 7 26 6 21 0 25 5 0 2 0 0 0 3 51 0 1 0 0 0 0 0 0 0 0 0 0 7 5 0 0 0 0 0 0 0 0 0 0 0 0 0 0 12 0 1 0 0 0 44 25 0 0 0 0 23 15 0 0 0 0 8 0 0 0 19 21 7 0 0 0 14 11 12 0 0 0 20 9 2 18 0 0 21 2 0 0 0 0 0 0 0 0 0 2 0 0 0 0 0 0 0 0 0 0 0 0 0 0 0 0 0 0 0 0 0 5 0 0 0 0 0 0 1 2 0 0 0 0 0 1 5 0 0 0 7 0 0 0 0 0 0 0 0 0 0 0 0 0 0 0 0 0 0 6 
 0 0 2 0 0 3 0 0 3 0 0 0 0 0 0 0 0 0 0 0 0 0 70 0 0 125 65 0 1 1 18 65 0 0 0 0 3 2 0 0 97 120 83 64 80 61 133 493 78 95 51 41 311 175 291 75 38 46 191 0 0 0 0 1 0 2 0 0 0 0 0 0 0 0 0 0 0 0 0 0 0 0 0 0 0 0 0 0 0 0 0 0 0 0 0 0 0 0 0 0 0 0 0 11 28 0 0 0 8 1 0 1 0 0 0 0 9 0 0 0 26 0 39 33 0 0 11 28 2 9 24 32 9 0 39 14 19 28 84 31 0 0 0 0 1 0 0 0 0 0 0 2 0 0 0 0 0 0 18 0 0 0 0 6 0 0 0 0 0 0 0 0 0 0 0 0 0 0 7 0 0 1 1 0 0 32 0 0 0 0 0 1 0 0 0 0 14 0 0 0 1 8 9 0 0 0 21 0 30 10 0 0 34 0 12 7 1 0 15 7 0 0 0 0 0 4 0 0 0 0 0 0 0 0 9 0 0 0 0 0 0 0 1 0 0 0 0 0 0 0 0 0 0 0 0 0 0 0 2 2 0 0 0 0 2 6 2 68 0 0 0 0 0 0 0 1 0 0 0 0 0 0 0 0 0 11 0 0 0 0 
 3 3 5 4 3 3 5 3 4 3 3 3 3 3 3 3 3 3 3 4 2 3 3 2 0 2 51 2 3 3 3 2 2 2 2 2 3 5 7 2 0 0 0 58 26 3 5 3 52 0 0 0 0 0 0 0 0 0 0 0 0 134 168 257 81 29 219 187 115 48 336 36 111 363 216 448 118 37 57 46 0 0 0 0 0 0 0 0 0 0 0 0 0 0 0 0 0 0 0 0 0 0 1 1 1 0 1 1 0 1 0 0 0 0 0 0 1 0 0 0 0 0 0 2 11 0 0 9 0 0 0 0 0 0 0 0 0 0 0 0 0 9 0 0 28 15 17 14 1 9 0 1 16 4 17 19 0 28 19 20 0 0 0 0 0 0 5 6 0 0 6 0 0 0 0 0 0 0 0 0 0 0 0 0 0 0 0 0 0 0 0 11 0 0 0 0 0 0 0 0 0 0 0 0 0 5 0 0 0 0 0 0 0 0 0 0 0 0 0 0 1 7 28 44 0 4 0 0 44 0 13 56 0 9 34 22 6 2 0 0 0 0 0 0 0 0 0 0 0 0 0 0 0 1 11 0 0 0 0 12 0 1 0 31 0 0 0 1 0 0 16 2 0 2 1 53 0 0 0 0 0 0 0 0 0 1 0 0 0 8 
