 0 189 61 37 39 38 222 96 139 260 119 21 227 38 528 211 77 373 52 226 0 2 1 0 4 0 0 0 4 2 1 1 1 0 0 0 0 0 0 0 0 1 0 3 1 0 5 0 0 3 1 0 0 0 0 0 3 3 0 0 0 0 2 3 36 0 0 0 0 0 3 0 0 0 0 0 0 0 0 2 32 16 6 10 0 20 9 46 41 10 0 7 21 15 7 1 24 11 10 0 0 0 0 0 0 0 0 0 0 0 0 0 0 0 0 0 0 0 0 1 0 7 0 0 0 0 0 0 2 0 0 0 0 0 0 0 0 0 0 0 0 0 0 0 0 0 0 9 1 0 0 0 10 9 0 0 0 0 0 0 0 15 39 18 103 0 14 49 0 31 3 0 0 12 43 17 0 2 0 0 0 0 0 0 0 0 0 0 0 0 0 0 0 0 0 0 0 0 10 0 0 0 0 0 0 0 0 0 0 0 0 0 0 0 0 0 0 0 0 15 0 0 0 0 0 0 0 0 2 0 0 0 0 0 0 0 0 0 0 0 0 0 0 0 0 0 0 2 0 2 0 94 0 0 0 0 0 0 0 0 0 0 1 0 0 0 0 0 0 0 0 0 0 0 0 0 0 0 0 0 0 0 0 0 0 0 0 0 0 0 
 189 0 227 159 121 252 208 228 156 126 449 18 73 192 541 128 188 177 148 49 0 2 0 0 3 0 74 0 4 0 0 4 0 0 0 0 0 0 77 0 0 0 0 1 3 0 0 0 3 0 0 0 0 0 6 0 2 68 0 0 0 0 2 3 0 0 0 0 0 0 3 0 0 0 0 0 0 0 0 2 15 2 0 25 30 0 12 11 20 0 19 0 15 20 11 60 11 9 10 0 0 1 24 0 0 0 0 0 25 0 0 0 0 0 0 0 0 0 0 9 0 0 0 0 0 0 33 0 2 0 0 0 0 0 0 0 0 0 0 0 0 0 0 0 4 0 0 0 2 3 0 0 0 0 2 0 2 0 0 55 10 10 12 19 0 0 15 56 9 14 0 30 10 17 13 9 42 10 7 0 0 0 0 13 0 0 1 1 0 0 0 0 0 9 21 0 0 0 31 0 0 1 0 0 0 0 0 0 0 19 0 0 0 0 0 0 0 0 0 0 0 0 0 0 0 0 0 0 0 0 0 0 0 0 19 0 0 0 0 0 0 1 0 0 0 1 89 0 89 0 1 7 0 0 1 0 0 0 0 0 0 0 0 0 0 0 0 0 0 0 0 0 0 0 0 8 16 0 0 0 0 0 0 0 0 0 0 0 0 0 
 61 227 0 198 164 79 215 163 169 459 160 29 204 174 354 195 317 209 78 38 1 2 0 0 3 0 42 2 3 0 0 2 0 2 2 0 0 0 29 0 0 0 0 48 2 0 0 0 1 0 0 0 0 0 0 0 3 2 0 0 0 0 2 3 0 0 0 0 0 0 3 0 0 0 0 0 0 1 0 2 21 10 0 11 24 23 0 27 13 12 17 0 20 9 4 36 15 13 15 0 0 18 0 0 0 0 0 0 17 18 0 0 42 0 0 0 0 0 1 8 0 0 0 0 0 1 0 0 0 0 0 0 0 0 0 0 0 0 0 0 0 0 0 0 4 0 0 0 0 3 0 0 0 0 0 2 0 0 0 32 12 9 23 73 21 11 23 11 0 25 0 33 9 28 10 19 22 0 6 35 0 0 2 0 0 0 0 26 0 0 0 0 0 11 32 1 0 2 12 0 0 0 0 0 0 0 0 0 0 17 0 0 0 0 0 0 0 0 0 0 2 0 0 0 0 1 0 0 0 0 0 0 0 0 0 0 0 0 0 0 0 12 0 0 0 3 90 1 2 0 18 11 0 0 0 0 0 0 0 0 0 0 0 0 0 52 0 0 0 0 0 0 0 0 0 8 0 0 0 0 0 0 0 0 0 0 0 0 0 0 
 37 159 198 0 97 95 82 99 93 266 198 239 176 204 280 241 233 216 85 58 67 2 0 0 3 0 82 0 3 0 0 3 1 89 0 1 0 2 81 118 0 7 62 1 3 0 0 0 3 0 63 0 0 1 2 0 2 2 0 0 0 0 2 3 0 0 0 0 0 4 3 0 0 6 0 0 0 0 0 2 5 7 24 15 38 33 11 29 11 0 27 19 0 0 0 24 0 19 0 32 0 21 10 0 0 0 15 29 34 0 0 0 1 21 13 24 0 0 27 1 0 0 0 0 0 0 0 0 11 0 0 0 0 0 0 0 0 0 0 1 0 0 0 0 21 0 0 0 0 5 8 0 0 0 0 0 0 0 0 22 0 0 22 13 0 36 0 10 0 0 19 41 0 0 0 0 1 5 0 0 0 0 13 20 0 0 42 22 0 0 0 0 26 0 7 62 0 13 35 15 0 0 0 0 0 0 0 0 0 0 0 0 0 0 0 0 0 0 0 0 0 0 0 0 0 0 0 0 0 0 0 0 0 0 0 0 0 0 0 0 0 0 0 0 0 1 96 0 1 140 0 11 0 0 0 0 0 0 0 0 0 0 0 0 0 0 0 0 0 0 0 0 0 0 0 11 14 0 0 0 0 0 0 0 0 0 0 0 0 0 
 39 121 164 97 0 175 72 66 274 172 90 344 140 95 271 164 471 119 88 64 3 2 0 1 3 2 6 1 78 0 0 4 35 2 17 24 73 0 99 3 0 3 1 3 4 0 12 0 1 0 0 0 0 1 6 0 3 2 0 0 3 0 5 3 2 0 0 0 2 2 4 2 4 32 0 0 0 3 0 2 0 3 0 16 0 19 0 16 5 11 14 0 0 2 16 8 2 0 0 0 0 35 10 0 0 0 19 14 14 0 0 0 23 26 24 0 1 0 18 14 0 6 0 0 0 0 0 0 0 38 0 0 0 0 0 0 0 2 0 0 0 0 0 0 11 0 0 0 0 6 0 0 0 0 0 0 0 0 0 8 0 30 43 41 0 7 0 42 0 0 9 30 0 4 0 0 1 11 0 11 28 45 15 0 0 0 25 27 10 8 0 0 23 19 21 15 0 15 24 13 0 0 0 0 0 0 0 0 0 0 0 0 0 0 0 0 0 0 0 10 0 0 0 0 0 0 0 0 0 0 0 2 0 0 0 0 0 0 0 1 0 0 0 0 0 6 3 0 2 2 10 25 0 0 0 0 0 0 0 0 0 0 14 0 0 0 0 21 0 0 0 0 0 0 2 10 1 0 0 0 0 0 0 0 0 0 0 0 0 0 
 38 252 79 95 175 0 50 57 344 129 110 146 457 53 56 105 184 261 60 33 179 62 76 0 4 0 79 172 155 75 2 3 98 196 82 187 76 60 150 9 0 4 0 1 3 0 0 0 3 0 0 0 3 3 2 0 2 3 0 0 0 0 2 7 0 0 0 0 0 2 3 0 7 0 0 0 0 0 0 2 0 0 0 1 8 17 0 0 0 14 1 0 0 0 0 9 0 0 0 0 47 9 40 0 0 0 3 48 34 10 11 0 14 76 16 13 15 15 1 0 0 0 0 0 0 0 0 0 0 0 0 0 0 0 0 0 0 0 0 0 0 0 0 1 0 0 0 0 2 0 0 0 0 0 0 0 0 6 0 0 0 0 2 14 0 31 0 23 0 0 5 30 0 0 0 0 0 0 0 0 0 4 19 15 0 0 49 2 10 6 6 0 38 11 48 43 0 27 0 33 0 0 0 0 0 0 0 0 0 0 0 0 0 0 0 0 0 0 2 1 0 0 0 0 0 0 0 0 0 0 0 0 0 0 0 0 0 0 0 0 0 0 0 0 0 5 87 1 2 1 11 72 0 0 0 0 0 0 101 0 14 22 0 0 0 0 0 0 0 0 0 0 0 0 0 0 0 0 0 0 0 0 0 0 0 0 0 0 0 0 
 222 208 215 82 72 50 0 132 148 262 46 36 348 182 140 52 480 128 71 247 1 3 3 0 7 2 0 0 3 0 3 7 0 4 2 0 2 3 2 1 0 0 0 5 5 5 0 0 3 5 0 0 0 0 6 0 4 2 0 0 0 2 2 3 5 1 0 2 2 4 8 0 0 2 3 0 3 0 51 2 32 27 0 9 0 0 37 44 27 10 29 0 29 0 35 16 1 0 20 1 0 0 0 0 0 1 20 0 0 0 0 0 0 0 0 0 0 0 0 0 0 0 0 0 0 0 0 0 0 0 0 0 0 0 0 0 0 0 0 0 0 0 0 0 0 0 0 28 0 0 0 0 10 0 0 0 0 0 0 0 23 25 21 2 23 0 0 0 18 12 0 0 3 26 1 13 6 21 6 25 0 0 0 0 0 0 0 0 0 0 0 0 0 0 0 0 0 0 0 0 0 0 0 0 0 0 0 0 2 0 0 0 0 0 0 0 0 0 0 0 0 0 0 0 0 0 0 0 15 0 0 0 0 0 0 0 0 0 0 0 0 16 0 0 0 2 0 2 91 0 0 4 0 0 0 0 0 0 0 0 0 0 0 0 0 0 0 0 0 0 0 0 0 0 0 0 0 0 0 0 0 0 0 0 0 0 0 0 0 0 
 96 228 163 99 66 57 132 0 101 50 113 38 206 221 186 24 231 139 159 433 1 6 0 0 6 1 0 0 5 4 2 6 0 0 3 0 4 2 56 4 0 5 5 3 2 4 0 0 4 4 3 0 62 0 4 3 3 2 0 4 0 4 2 3 0 0 0 12 4 0 6 4 0 4 6 0 6 0 3 2 46 1 14 10 8 71 1 0 0 28 10 0 32 13 20 14 27 0 17 58 0 1 0 0 0 0 0 0 0 1 0 0 0 0 0 0 0 0 0 0 0 0 0 0 0 0 0 0 0 0 0 0 0 0 0 0 2 0 0 0 0 0 0 5 0 0 5 0 0 1 0 0 16 0 1 0 0 0 0 0 12 8 19 2 13 0 49 0 24 32 0 0 10 1 8 29 28 0 1 24 0 0 0 0 0 0 0 18 0 0 0 0 0 0 0 0 0 0 17 0 0 0 0 0 0 0 0 0 0 0 0 0 0 0 0 0 0 0 0 0 0 0 0 0 0 0 1 0 0 0 0 0 0 0 9 0 0 0 0 0 0 0 0 0 0 2 2 2 0 2 2 3 0 19 0 0 0 1 0 0 0 0 0 0 0 0 0 0 0 0 0 0 0 0 0 0 0 11 0 0 0 0 0 0 0 0 0 0 0 0 
 139 156 169 93 274 344 148 101 0 373 216 91 326 228 279 43 271 111 75 54 88 2 0 0 2 0 81 0 3 0 0 5 23 0 0 4 0 0 76 0 0 0 69 3 0 0 0 0 0 2 62 0 0 0 0 2 3 4 0 0 0 0 3 5 0 0 0 0 0 0 3 0 0 0 0 0 0 0 0 2 0 15 30 0 2 0 9 0 0 23 11 25 0 0 0 32 0 19 3 16 2 0 0 0 0 0 14 15 0 0 1 0 9 24 0 2 0 0 22 28 0 0 0 16 0 0 0 0 0 0 0 0 1 0 0 0 0 0 0 0 0 0 0 0 1 0 0 0 0 0 6 0 13 0 0 0 0 0 0 0 0 0 0 0 5 0 0 1 0 0 10 24 2 12 0 0 18 34 0 0 11 41 0 0 0 0 29 20 0 0 0 0 16 0 26 0 0 0 60 24 0 0 0 0 0 0 0 0 0 0 0 0 0 0 0 0 0 0 0 0 0 1 0 0 0 0 0 0 0 1 0 0 0 0 0 0 0 0 0 0 0 0 0 0 2 0 88 0 4 90 14 16 0 0 0 0 0 0 0 0 0 0 14 0 0 0 0 0 0 0 0 0 0 0 0 1 34 0 0 0 0 0 0 0 0 0 0 0 0 0 
 260 126 459 266 172 129 262 50 373 0 330 119 178 242 118 175 118 102 205 67 77 5 1 0 3 0 61 0 3 0 0 2 81 0 74 1 0 0 74 0 0 0 2 37 1 0 0 0 0 0 35 0 0 8 0 0 3 5 0 0 0 0 2 3 0 0 0 0 0 0 3 0 0 0 0 34 0 0 0 3 15 34 27 0 1 2 61 1 0 0 33 23 0 0 12 40 1 19 17 12 0 5 0 0 0 0 9 12 20 0 18 0 16 44 0 15 0 0 24 4 0 0 2 0 0 0 0 0 0 0 0 0 2 0 0 0 0 0 0 1 0 0 0 2 0 0 0 0 0 0 1 0 10 0 0 1 0 0 0 0 4 4 0 16 12 4 0 0 18 1 20 12 11 10 1 15 12 6 11 22 0 0 0 0 0 0 0 29 0 0 0 0 0 9 0 43 11 0 47 0 0 0 0 0 0 0 0 0 0 0 0 0 0 0 0 0 0 1 0 0 0 0 1 0 1 0 0 0 0 0 16 0 1 0 0 0 0 0 0 0 0 17 0 0 0 2 1 0 0 174 17 17 0 0 0 0 0 0 0 0 0 0 0 0 0 0 0 0 0 0 0 0 0 0 0 0 11 0 0 0 0 0 0 0 0 0 0 0 0 0 
 119 449 160 198 90 110 46 113 216 330 0 227 50 52 80 352 326 144 89 72 63 2 0 0 3 0 202 1 3 0 0 4 0 99 1 0 0 0 4 149 0 7 1 3 2 0 0 0 1 0 0 0 0 0 0 2 3 2 0 74 0 0 2 3 0 0 0 0 0 5 3 0 1 4 0 0 0 0 0 2 0 10 0 18 39 10 0 18 7 1 34 22 0 3 10 0 8 0 0 13 0 20 0 19 0 0 9 21 47 0 1 0 2 34 5 36 0 0 26 8 0 0 0 0 0 2 0 0 0 0 0 0 0 0 0 0 0 0 0 1 0 0 0 0 8 0 0 2 0 6 0 0 0 0 0 0 0 0 0 6 0 10 22 28 2 55 0 14 0 2 28 34 0 11 0 0 2 10 0 27 0 0 3 20 0 0 40 15 0 0 16 0 19 11 0 22 13 17 83 0 0 0 0 0 0 0 0 14 0 0 0 0 0 0 0 0 0 0 0 61 1 0 0 0 0 2 0 0 0 0 0 0 0 0 17 0 0 0 0 0 0 0 0 0 0 0 92 4 2 3 2 15 0 0 0 0 0 0 0 0 0 0 0 0 0 0 0 0 0 0 0 0 0 2 0 15 0 0 0 0 0 0 0 0 0 0 0 0 0 0 
 21 18 29 239 344 146 36 38 91 119 227 0 49 83 11 93 101 60 37 248 72 2 0 0 5 0 0 231 3 0 0 5 113 64 0 81 0 1 2 17 0 12 62 2 3 0 0 0 2 0 0 0 0 0 1 0 3 2 0 0 0 0 2 3 0 0 0 0 0 6 3 0 0 0 0 0 0 0 0 2 0 1 10 0 40 11 9 0 0 0 47 8 0 0 0 0 0 14 0 0 9 0 0 0 0 1 35 25 11 0 0 0 23 35 6 31 14 10 17 10 0 0 0 0 0 0 0 0 0 0 0 0 0 0 0 0 0 0 0 0 0 0 0 0 0 0 0 0 4 0 4 0 0 0 0 0 0 0 0 0 0 10 0 34 0 32 1 0 11 0 6 18 0 0 0 0 0 1 0 6 8 8 0 19 0 0 8 0 0 0 0 0 18 0 0 41 0 1 26 25 0 0 0 0 0 16 0 0 0 0 0 0 0 0 0 0 0 0 0 0 0 0 0 0 0 0 0 0 0 0 0 0 0 0 0 15 0 0 0 0 0 0 0 0 0 2 4 0 2 2 0 6 6 0 0 0 0 0 0 0 0 0 0 0 0 0 0 0 0 0 0 0 0 0 0 18 0 18 0 0 0 0 0 0 0 0 0 0 0 17 
 227 73 204 176 140 457 348 206 326 178 50 49 0 92 160 228 43 261 117 28 0 4 5 2 3 0 3 0 5 0 0 4 31 0 30 0 0 5 2 0 0 0 0 21 3 0 0 0 2 0 6 2 0 3 1 0 3 30 0 0 0 3 8 3 0 0 1 0 2 0 3 0 3 0 0 0 0 4 0 2 53 34 6 0 1 18 20 35 22 10 19 25 66 16 28 1 17 29 10 2 0 0 0 0 0 0 0 0 0 0 0 0 10 0 0 0 0 0 0 0 8 6 0 0 0 0 0 0 0 0 0 0 0 0 0 0 0 17 0 0 0 0 0 0 0 0 0 4 0 0 0 0 0 1 0 0 0 0 0 0 42 54 33 23 62 0 20 9 1 19 0 0 13 9 12 46 20 19 10 23 0 0 0 0 0 0 0 0 0 0 0 0 0 0 0 0 0 0 0 0 0 0 0 0 0 0 0 0 1 0 0 0 0 0 0 0 0 0 0 0 0 0 0 0 0 0 0 0 0 0 0 0 0 0 0 0 0 0 0 0 0 13 0 0 0 3 0 0 3 106 0 10 0 0 0 0 2 2 0 0 0 0 0 0 0 0 0 0 0 0 0 0 0 0 0 13 0 0 0 0 0 0 0 0 0 0 0 0 0 0 
 38 192 174 204 95 53 182 221 228 242 52 83 92 0 208 34 153 140 336 87 6 3 0 0 5 0 2 0 3 2 1 2 0 0 3 0 0 2 2 3 6 2 3 3 2 0 0 0 5 0 37 0 2 3 0 3 3 2 0 3 0 6 2 3 0 1 1 5 0 2 5 1 0 0 0 0 6 0 2 2 49 37 4 43 7 0 20 36 6 1 13 0 0 17 16 30 0 37 10 12 0 0 0 1 0 0 0 0 0 0 0 0 9 0 0 0 0 0 0 2 0 0 0 0 0 0 0 0 0 0 0 7 0 0 0 0 0 0 0 0 2 2 0 0 10 0 0 11 0 6 0 0 0 0 0 0 0 0 0 6 9 33 50 16 0 10 12 10 29 0 0 41 34 4 0 10 10 0 20 1 0 0 0 0 0 0 0 0 0 0 0 0 0 0 0 0 0 0 12 49 0 0 0 0 0 0 0 0 0 0 0 0 0 9 0 0 0 0 0 0 0 0 0 0 0 0 0 0 0 0 0 0 0 0 0 0 0 0 0 0 0 0 0 0 0 1 4 0 1 89 0 13 11 0 0 0 0 0 0 0 0 0 0 0 0 0 0 0 0 2 0 0 0 0 0 31 14 0 0 0 0 0 0 0 0 0 0 0 0 0 
 528 541 354 280 271 56 140 186 279 118 80 11 160 208 0 273 55 29 92 273 8 2 3 1 4 0 1 1 3 0 0 1 0 0 0 0 0 0 76 0 0 0 0 9 1 0 0 0 0 0 1 0 0 0 0 0 3 3 0 0 0 0 3 3 0 0 0 0 0 0 3 0 46 0 0 0 0 0 0 2 0 20 0 14 10 22 33 26 24 4 23 0 1 33 28 30 12 9 18 1 0 0 0 0 0 0 0 0 0 0 0 0 0 0 0 0 0 0 0 0 0 0 0 2 2 0 0 0 0 0 1 0 0 0 1 0 0 0 0 0 0 0 0 0 0 0 1 0 0 0 2 2 0 0 0 0 0 0 0 0 19 39 9 1 12 0 11 2 23 72 0 1 17 24 19 14 63 27 21 48 0 2 0 0 0 0 0 18 0 0 0 0 9 0 0 0 24 0 20 0 0 0 0 0 0 0 0 0 0 0 0 0 0 0 0 0 0 0 0 0 13 0 0 0 0 0 0 0 0 0 0 0 0 0 0 0 0 0 2 0 0 18 0 0 0 2 0 2 53 2 0 18 0 0 0 0 0 0 0 0 0 0 0 0 0 0 0 0 0 0 0 0 0 0 0 0 19 11 0 0 0 0 0 0 0 0 0 0 0 0 
 211 128 195 241 164 105 52 24 43 175 352 93 228 34 273 0 269 305 52 45 0 2 0 0 3 0 26 0 3 0 0 3 96 0 0 1 0 1 2 0 0 0 61 6 1 0 0 0 3 2 0 0 0 2 0 0 3 3 0 0 0 0 2 3 0 0 0 0 0 3 3 0 0 0 0 0 0 0 0 2 3 14 36 26 0 0 0 37 44 1 93 18 26 9 21 17 16 28 10 0 0 15 0 0 0 0 32 17 0 0 1 0 0 19 0 0 1 0 10 27 0 13 0 0 0 0 0 0 0 0 0 1 0 0 0 2 0 0 2 0 0 0 0 0 13 0 0 0 0 0 11 0 0 0 0 0 0 0 0 0 11 14 36 40 33 0 3 10 0 40 0 0 0 17 19 0 13 0 0 37 1 0 0 0 0 0 0 11 1 0 0 12 0 5 1 1 0 0 0 14 0 0 0 0 0 1 0 0 0 0 2 0 0 0 0 0 0 0 0 0 0 0 0 0 0 0 0 0 0 0 17 0 0 0 0 0 0 0 0 0 0 14 0 0 0 0 1 0 93 0 0 13 0 0 0 0 0 0 0 0 0 0 0 0 0 0 0 0 0 0 0 0 0 0 0 0 0 0 0 0 0 0 0 0 0 0 0 0 0 1 
 77 188 317 233 471 184 480 231 271 118 326 101 43 153 55 269 0 128 59 116 75 2 0 0 3 0 1 0 3 0 0 2 0 0 2 0 0 2 154 1 0 0 0 3 2 0 3 0 1 0 1 0 0 5 7 0 3 8 0 0 0 0 2 3 0 0 0 0 0 0 3 0 0 0 0 0 0 0 0 2 14 0 11 37 19 19 14 65 24 0 0 0 8 46 11 30 20 9 12 0 0 8 0 0 0 0 0 1 20 0 0 0 18 0 0 0 0 0 10 0 0 14 0 0 0 2 0 0 0 0 0 0 0 0 0 0 0 0 9 0 0 0 0 0 8 0 0 2 0 5 3 0 12 0 0 0 0 0 0 6 10 0 65 80 28 6 3 11 0 35 9 19 0 14 33 1 18 1 0 3 0 0 0 0 0 0 0 19 0 0 0 0 0 0 0 36 0 2 54 0 0 0 0 0 0 0 0 0 0 0 0 0 0 0 0 0 0 0 0 0 1 0 2 0 0 2 0 0 0 0 0 0 0 0 0 0 0 0 0 0 0 2 0 0 0 0 87 1 2 0 16 4 89 0 0 0 0 0 0 0 0 0 7 0 0 0 0 0 0 0 0 0 0 0 0 10 0 0 0 0 0 0 0 0 0 0 0 0 0 0 
 373 177 209 216 119 261 128 139 111 102 144 60 261 140 29 305 128 0 34 39 1 2 0 2 3 0 0 0 3 0 0 2 0 0 2 2 0 1 1 4 0 0 0 4 2 0 3 0 1 3 39 2 0 0 0 0 3 2 2 3 0 0 2 3 0 0 0 0 0 0 3 0 0 0 0 3 0 0 1 2 29 10 17 30 10 16 20 55 27 0 0 42 29 26 26 36 31 30 28 9 0 0 0 0 0 0 0 1 0 0 2 0 0 0 0 0 0 0 1 1 0 11 0 0 0 1 11 0 0 6 0 0 0 0 0 0 0 2 0 0 0 0 0 0 8 0 0 1 0 5 3 0 0 0 0 0 0 7 0 6 26 18 68 29 45 0 0 22 0 34 0 18 0 12 26 17 21 1 2 0 0 0 2 0 0 0 0 0 0 0 1 0 0 0 0 0 0 1 16 0 0 0 0 0 0 0 0 0 0 0 0 0 0 0 0 0 0 0 0 0 2 0 0 0 0 0 0 0 0 0 0 0 0 0 0 0 0 0 0 0 0 0 0 0 0 0 88 0 2 87 1 11 0 0 0 0 0 0 0 0 0 0 1 0 0 0 0 0 0 0 0 0 0 0 0 9 24 0 0 0 0 0 0 0 0 0 0 0 0 0 
 52 148 78 85 88 60 71 159 75 205 89 37 117 336 92 52 59 34 0 204 2 4 0 0 3 0 24 0 8 3 0 5 10 16 2 0 2 0 5 0 0 0 0 3 5 0 0 2 3 0 0 2 2 3 5 0 6 7 0 3 2 3 4 3 0 3 0 1 0 0 3 0 0 0 0 0 0 1 0 2 0 14 7 0 0 0 19 0 0 0 12 0 0 12 0 0 11 0 24 10 0 24 0 0 0 0 8 0 0 0 0 0 0 0 0 0 1 0 0 28 0 0 0 0 0 0 0 10 0 0 0 2 0 0 0 0 0 0 0 0 0 0 0 0 0 0 0 0 0 4 1 0 0 0 0 0 0 0 0 0 0 0 0 0 0 0 11 0 5 21 0 0 0 5 1 0 11 19 0 35 0 0 0 0 0 0 0 12 2 0 0 0 0 16 2 0 0 0 0 0 0 0 0 1 13 2 0 0 0 5 2 0 0 0 0 0 0 0 0 0 0 0 0 0 1 0 0 0 0 0 0 0 0 0 0 2 0 4 0 0 0 0 0 0 0 2 0 0 2 2 0 19 0 0 0 0 0 0 0 0 0 0 0 0 0 0 0 0 2 0 0 0 0 0 0 0 0 21 0 0 0 0 0 0 0 0 0 0 0 1 
 226 49 38 58 64 33 247 433 54 67 72 248 28 87 273 45 116 39 204 0 1 66 0 0 5 3 0 0 3 0 3 6 0 0 2 2 5 3 0 2 0 4 1 3 3 2 0 0 0 4 3 0 0 0 2 3 6 3 7 0 1 1 2 7 0 0 0 0 36 2 3 0 3 1 0 3 0 0 0 2 14 26 8 0 0 0 0 11 20 36 0 0 11 25 9 0 6 0 18 21 0 0 0 0 0 0 0 0 0 0 0 0 0 0 0 0 0 0 0 0 0 0 0 0 0 0 0 0 0 0 0 0 0 0 0 0 0 0 0 0 0 0 0 0 0 0 5 0 0 0 0 0 18 0 0 0 0 0 0 0 0 0 0 0 7 0 11 12 21 9 0 6 7 0 13 9 12 0 16 10 0 0 0 0 0 0 0 0 0 0 0 0 0 0 0 0 0 0 0 0 0 0 0 0 0 0 0 0 0 0 0 0 0 0 0 0 0 0 0 0 0 0 0 0 0 7 0 0 0 0 0 0 0 0 0 0 0 0 0 0 0 0 0 0 0 3 3 2 0 0 3 0 0 0 0 0 0 0 0 0 17 0 0 0 0 0 0 0 0 0 0 0 0 0 2 0 0 13 0 0 0 0 0 0 0 0 0 0 0 0 
 0 0 1 67 3 179 1 1 88 77 63 72 0 6 8 0 75 1 2 1 0 366 101 75 39 29 163 149 41 277 68 239 221 159 335 260 28 117 63 278 1 0 0 0 0 5 0 0 25 0 2 0 3 0 0 2 0 204 0 2 3 0 3 0 0 0 0 0 0 0 3 0 3 0 0 0 0 3 0 0 0 0 0 0 20 36 0 0 0 0 0 1 0 0 0 1 0 1 0 0 27 11 9 11 0 0 17 10 14 11 49 14 13 1 2 10 20 38 25 3 0 0 0 0 0 0 0 0 0 0 0 0 15 0 0 0 0 16 0 0 0 0 0 11 0 0 0 0 0 0 0 0 0 0 0 0 0 1 0 0 0 2 0 13 0 14 0 3 0 0 24 0 0 0 0 7 0 0 0 0 9 0 4 0 11 0 0 10 0 1 13 1 29 14 18 20 19 7 8 10 0 0 0 0 0 0 0 0 0 0 0 0 0 0 0 0 2 0 0 0 0 0 0 0 0 0 0 0 0 0 0 0 0 0 0 0 0 0 0 0 0 0 10 0 0 0 0 0 0 0 1 0 0 0 12 2 0 1 81 0 21 11 0 0 0 0 0 0 0 0 0 1 0 0 0 0 0 0 0 0 0 0 0 0 0 0 0 0 0 0 
 2 2 2 2 2 62 3 6 2 5 2 2 4 3 2 2 2 2 4 66 366 0 558 421 326 140 290 330 588 232 119 117 164 192 81 216 191 155 118 436 0 0 0 0 0 7 0 0 0 0 2 0 3 0 0 2 0 0 62 2 3 0 3 5 44 0 0 0 7 0 3 0 3 0 0 0 0 3 0 0 0 0 0 0 0 12 0 0 0 0 0 0 0 0 0 0 0 0 0 0 42 0 6 8 0 8 39 11 11 39 6 10 10 0 43 0 0 9 0 0 10 0 1 0 0 0 0 0 0 0 0 0 37 1 0 1 1 0 0 0 0 0 0 1 0 0 0 0 0 0 0 0 0 0 0 0 0 5 0 0 0 17 0 0 0 11 0 0 0 0 0 0 0 0 0 0 0 0 0 2 54 22 8 51 11 0 2 18 14 0 0 17 10 83 22 0 22 13 0 0 0 0 0 0 0 0 0 0 0 0 0 0 0 10 12 0 0 0 0 49 0 0 0 0 0 0 0 0 0 0 0 0 0 0 0 0 0 1 0 0 0 0 0 0 0 1 0 0 0 0 0 0 0 0 3 0 2 34 0 2 1 10 0 0 0 0 0 0 0 0 0 0 0 0 0 0 0 0 0 21 0 0 0 0 0 0 0 0 0 0 
 1 0 0 0 0 76 3 0 0 1 0 0 5 0 3 0 0 0 0 0 101 558 0 98 353 380 154 114 158 98 152 117 58 51 75 156 184 403 58 119 65 0 0 0 0 0 0 0 0 0 2 0 57 0 0 19 0 0 63 2 3 1 3 0 0 0 0 0 0 1 3 0 2 0 0 0 0 3 0 0 0 0 0 0 0 13 0 0 0 9 0 1 0 0 0 0 0 1 0 0 10 0 11 14 17 20 0 0 9 30 66 40 12 0 2 10 0 16 0 1 49 0 0 0 0 0 0 0 0 0 0 0 48 10 0 0 0 0 0 15 0 0 0 7 0 0 0 0 0 0 0 0 0 0 0 0 0 1 0 0 0 0 0 0 0 7 0 0 0 0 0 0 0 0 0 0 0 0 8 1 0 14 0 23 48 1 0 0 0 0 37 17 7 0 6 0 31 10 0 0 16 0 0 0 0 0 10 8 0 0 0 0 7 9 13 21 0 1 12 24 0 0 0 0 0 0 0 0 22 0 0 0 0 0 0 0 0 0 0 2 0 0 0 0 0 0 0 0 0 0 0 0 0 0 9 0 0 0 2 0 0 11 0 0 0 0 0 0 0 0 0 0 0 0 0 0 0 0 0 0 0 0 0 2 0 0 0 0 0 0 
 0 0 0 0 1 0 0 0 0 0 0 0 2 0 1 0 0 2 0 0 75 421 98 0 145 24 283 43 68 329 140 188 261 170 54 109 108 268 50 46 58 0 0 0 3 1 5 0 3 0 0 0 2 0 3 0 1 0 0 70 3 3 1 0 1 0 0 1 1 0 1 0 0 0 0 0 0 0 0 0 0 0 0 0 0 0 0 0 0 0 0 0 0 0 0 0 0 0 0 0 10 0 10 22 13 16 12 8 0 3 39 13 0 0 16 0 9 19 0 12 52 0 2 0 0 0 28 23 0 0 1 0 25 6 0 0 36 1 11 1 4 0 0 0 0 0 0 0 0 0 0 0 2 0 0 0 0 0 0 0 0 0 0 0 0 0 0 0 0 0 0 0 5 2 2 0 0 0 0 2 22 0 0 27 1 10 0 1 13 1 0 7 0 12 0 0 14 12 0 0 9 0 1 2 0 0 0 7 0 0 0 0 1 9 26 13 0 0 11 32 0 0 0 0 0 0 0 0 0 0 0 0 1 0 0 0 0 0 0 0 0 0 0 0 0 0 0 0 0 0 0 0 0 0 12 3 2 7 0 1 0 1 0 0 0 0 0 0 2 0 0 0 0 0 0 0 0 0 0 37 0 14 2 0 7 0 0 0 0 0 
 4 3 3 3 3 4 7 6 2 3 3 5 3 5 4 3 3 3 3 5 39 326 353 145 0 149 52 53 159 234 324 336 53 83 180 278 196 351 45 63 89 0 0 0 82 0 66 3 0 0 2 0 3 0 0 8 0 0 65 66 3 0 8 1 0 0 0 0 0 1 49 0 2 0 0 0 2 3 0 0 0 2 0 0 0 0 0 0 0 0 0 0 0 0 0 0 0 0 0 0 0 22 23 37 35 32 0 0 13 1 5 0 22 21 20 0 0 1 0 0 44 14 10 0 11 0 9 0 0 2 0 0 20 20 0 0 9 0 35 11 0 9 0 2 0 0 0 0 0 0 0 2 1 0 0 0 0 0 0 0 0 2 0 0 0 0 0 0 0 0 0 0 9 12 0 0 0 0 0 0 0 8 5 0 27 26 10 8 0 5 31 0 0 0 0 0 29 35 0 21 19 10 0 0 0 0 17 21 0 0 0 12 9 45 19 21 0 0 36 0 0 0 1 0 0 0 0 0 0 2 0 0 0 0 0 10 0 0 0 0 0 0 0 0 0 0 0 0 0 0 0 0 0 2 13 0 3 7 0 0 2 0 0 0 0 0 44 0 0 0 0 0 0 0 0 0 0 0 0 0 0 23 0 0 0 0 35 0 0 0 
 0 0 0 0 2 0 2 1 0 0 0 0 0 0 0 0 0 0 0 3 29 140 380 24 149 0 51 86 140 36 184 127 25 75 86 270 138 166 235 44 2 63 85 0 0 0 0 62 65 0 2 0 68 4 70 11 0 0 65 109 3 0 3 0 0 0 0 0 47 1 3 1 2 0 0 0 3 3 1 0 0 11 0 0 0 0 0 0 0 0 0 0 0 0 0 0 0 0 0 0 0 0 16 21 0 37 1 0 11 0 9 29 0 0 0 10 0 12 8 0 18 1 0 0 0 0 9 1 0 0 14 0 50 21 0 1 22 17 0 38 9 0 0 0 0 0 0 0 0 0 0 0 35 0 0 0 0 0 0 0 0 0 0 0 0 0 0 0 0 0 0 0 0 0 0 0 0 19 0 0 0 21 0 27 32 5 0 0 0 0 20 26 0 0 0 0 20 14 0 0 0 1 12 0 0 0 14 20 0 4 0 13 30 14 57 8 0 9 1 34 0 14 0 0 0 0 0 0 11 0 0 0 0 0 0 0 0 0 0 0 0 0 0 0 0 1 0 0 0 0 0 1 0 0 10 0 0 0 1 10 1 1 0 0 0 0 0 0 0 0 67 2 0 0 0 0 0 0 0 0 0 0 0 0 52 0 0 0 0 0 
 0 74 42 82 6 79 0 0 81 61 202 0 3 2 1 26 1 0 24 0 163 290 154 283 52 51 0 189 154 398 35 103 88 170 79 30 31 84 36 66 0 65 0 0 0 0 0 0 0 0 2 0 3 0 0 2 0 0 0 2 3 0 3 0 0 0 0 0 0 1 3 0 2 0 0 0 0 3 0 0 1 8 6 1 13 14 0 1 0 0 9 11 0 0 0 0 4 0 0 0 30 21 1 20 0 9 32 10 10 17 0 0 15 0 21 31 13 0 21 5 0 0 0 0 0 0 0 0 0 0 0 0 0 0 0 0 0 0 0 10 0 0 0 3 0 0 0 0 0 2 0 1 0 0 0 0 0 0 2 0 0 0 0 0 0 6 3 0 0 1 0 74 0 7 0 0 2 8 0 34 21 3 11 0 11 0 27 20 0 0 0 19 1 10 16 14 0 15 12 30 0 0 0 0 0 2 0 0 0 0 0 0 0 0 0 0 0 0 0 0 0 0 0 0 0 0 0 0 0 0 0 0 0 0 2 0 0 0 0 0 0 0 0 0 0 0 22 0 0 75 0 0 0 0 7 0 2 7 0 2 2 9 0 0 0 0 0 0 0 0 0 0 0 0 0 0 0 0 0 0 0 1 0 0 0 11 0 0 0 0 
 0 0 2 0 1 172 0 0 0 0 1 231 0 0 1 0 0 0 0 0 149 330 114 43 53 86 189 0 92 76 48 118 199 174 358 230 40 236 140 412 0 4 0 0 0 2 0 0 1 0 2 0 3 0 0 2 0 1 0 2 5 0 2 0 0 2 0 0 0 3 2 0 0 0 0 0 0 2 0 0 0 0 0 0 14 18 0 0 0 0 0 17 0 0 0 0 0 0 0 0 36 12 8 34 0 0 22 31 6 12 0 20 16 21 3 40 18 17 10 0 0 0 0 0 0 0 0 0 0 0 0 0 0 0 0 0 0 0 0 7 0 0 0 7 0 0 0 0 0 0 0 0 0 0 0 0 0 0 0 0 1 3 0 0 0 26 0 32 0 0 1 0 0 0 0 0 0 0 0 9 12 3 0 22 33 0 11 0 2 0 28 0 21 30 7 7 0 11 0 12 0 0 1 0 0 0 0 5 0 0 0 0 8 0 0 0 0 0 0 18 0 0 0 0 0 0 0 0 28 1 0 0 0 0 0 0 0 0 0 0 0 0 0 0 0 0 0 0 0 0 0 0 0 1 8 0 0 0 14 0 4 16 0 0 0 0 0 0 0 0 0 0 0 0 0 0 0 0 0 0 0 0 0 0 0 0 0 0 0 0 
 4 4 3 3 78 155 3 5 3 3 3 3 5 3 3 3 3 3 8 3 41 588 158 68 159 140 154 92 0 277 25 147 176 201 543 531 35 617 136 178 0 0 0 0 0 0 0 0 0 0 2 0 3 61 0 8 0 0 37 2 4 0 3 0 0 0 0 0 0 0 3 0 25 0 0 0 0 3 0 0 0 0 0 0 0 8 0 19 0 0 0 1 16 0 0 0 0 0 0 0 11 17 13 22 1 18 0 1 13 39 34 0 23 30 3 15 36 0 0 13 15 0 10 0 0 0 0 0 0 0 0 0 15 4 0 0 0 0 34 11 0 0 0 5 0 0 0 0 0 0 0 0 0 0 1 0 0 2 0 0 0 0 0 0 0 13 0 0 0 0 2 0 0 0 0 0 14 0 0 2 1 10 9 17 30 0 31 0 48 42 0 4 24 12 26 0 16 13 0 0 0 0 0 0 0 0 4 23 0 0 0 0 18 2 9 0 0 0 11 54 0 0 0 0 0 0 0 0 0 0 0 0 0 0 0 0 0 1 0 0 0 0 0 0 0 0 0 0 0 0 0 0 2 0 5 3 2 77 1 0 0 12 0 0 0 0 0 0 0 0 0 0 0 0 0 0 0 0 0 25 0 0 0 0 0 0 0 0 0 0 
 2 0 0 0 0 75 0 4 0 0 0 0 0 2 0 0 0 0 3 0 277 232 98 329 234 36 398 76 277 0 152 166 278 204 109 325 48 46 62 248 87 0 0 0 0 0 0 0 0 0 2 0 3 0 0 6 0 3 70 5 3 0 3 0 0 1 3 0 0 3 3 0 3 0 2 0 0 3 3 0 2 0 0 0 0 11 0 0 0 0 0 0 0 0 0 0 0 0 0 0 25 3 9 5 21 17 8 16 2 24 24 12 8 0 13 4 1 0 0 0 11 0 0 0 0 0 4 0 0 0 0 0 0 21 0 0 0 0 45 59 0 0 0 6 0 0 0 0 0 0 0 1 2 0 0 0 0 2 0 0 0 0 0 0 0 17 0 0 0 0 0 0 0 0 0 0 0 0 0 0 11 0 12 36 34 36 0 1 0 0 17 45 12 8 36 0 24 21 0 12 22 0 0 8 0 0 20 36 0 15 0 0 18 31 24 0 0 0 0 49 0 0 0 0 1 0 0 0 0 0 0 0 0 0 1 0 0 0 0 0 0 0 0 0 0 0 0 0 0 0 0 0 0 0 4 0 0 79 0 0 2 2 0 0 0 0 20 0 0 0 0 0 0 0 0 0 0 0 0 0 0 14 0 0 0 9 0 0 0 0 
 1 0 0 0 0 2 3 2 0 0 0 0 0 1 0 0 0 0 0 3 68 119 152 140 324 184 35 48 25 152 0 125 337 36 68 144 292 84 29 95 61 2 70 0 0 8 0 3 0 0 2 0 68 0 0 2 0 0 75 2 3 0 3 1 0 0 0 0 5 1 3 0 3 50 60 0 1 3 0 0 0 0 0 0 0 17 0 0 0 0 0 0 2 0 0 9 0 0 0 0 0 0 0 1 11 16 12 0 11 20 0 56 1 0 0 15 14 0 0 0 12 1 0 0 0 0 15 16 0 0 0 0 20 13 0 31 2 12 1 12 3 0 0 0 14 0 0 0 0 0 0 0 0 0 0 0 0 0 0 0 0 0 0 0 0 0 0 0 0 0 0 0 0 0 0 0 0 0 0 0 0 18 28 34 2 36 11 10 0 0 18 43 0 23 1 1 12 0 0 0 0 0 33 0 0 0 11 33 0 0 0 0 49 55 11 15 0 0 1 53 0 0 2 0 0 0 0 0 25 0 0 0 0 0 0 0 0 0 0 0 0 0 22 0 0 0 0 0 0 0 0 0 0 0 9 0 8 0 1 1 3 0 0 0 0 0 0 0 0 0 1 0 0 0 0 0 0 0 0 0 0 0 0 0 10 0 0 0 0 0 
 1 4 2 3 4 3 7 6 5 2 4 5 4 2 1 3 2 2 5 6 239 117 117 188 336 127 103 118 147 166 125 0 27 186 51 51 205 174 31 32 64 0 0 0 0 2 0 0 1 2 2 0 3 0 2 6 0 0 1 2 3 2 4 0 0 2 0 2 2 7 2 0 0 2 3 0 0 2 0 0 0 0 0 0 0 0 0 0 0 0 0 0 0 0 0 0 1 2 0 0 18 0 10 4 19 4 24 19 0 9 22 59 2 0 3 13 14 0 0 0 11 0 0 0 0 0 0 5 0 0 0 0 0 28 0 0 0 0 28 14 10 0 0 0 0 0 2 0 0 0 0 0 3 0 0 0 0 0 0 0 0 0 0 0 0 0 0 0 0 0 2 1 0 21 0 0 9 0 0 0 3 0 26 15 49 9 0 0 38 18 17 58 0 6 19 0 14 11 0 18 0 17 0 0 0 0 9 31 1 0 0 0 27 2 39 0 0 0 0 5 0 0 0 2 0 0 0 0 20 0 0 0 0 0 0 0 0 0 0 0 0 0 0 0 0 0 0 0 0 0 0 0 0 0 7 2 4 77 1 0 1 0 0 0 0 0 0 0 0 0 0 0 0 0 0 0 0 0 0 1 0 14 0 0 0 19 0 0 0 0 
 1 0 0 1 35 98 0 0 23 81 0 113 31 0 0 96 0 0 10 0 221 164 58 261 53 25 88 199 176 278 337 27 0 57 207 170 246 116 224 252 3 0 61 0 0 12 2 0 1 0 2 0 3 2 1 2 0 0 0 2 3 0 2 0 56 2 0 0 0 7 2 0 5 0 0 0 0 2 0 0 0 0 9 0 15 20 0 0 0 0 10 9 0 0 2 0 0 10 0 0 29 0 19 25 0 0 27 55 0 0 1 0 0 30 20 34 17 33 29 9 0 0 0 0 0 0 0 0 0 0 0 0 0 0 0 0 0 0 0 8 0 0 0 0 0 0 0 0 2 0 7 0 0 0 0 0 0 0 0 0 0 0 0 0 0 1 0 4 0 0 5 0 0 0 0 2 0 2 0 0 0 12 29 15 0 0 2 0 32 4 12 0 36 9 10 37 0 40 0 31 0 0 0 0 0 0 0 0 0 0 1 0 0 0 0 0 0 0 0 0 0 0 0 0 0 0 1 0 0 0 0 0 0 0 0 0 0 0 0 0 0 0 0 0 0 0 0 0 0 0 0 0 0 0 6 0 2 1 40 0 23 0 0 0 0 0 0 0 0 0 0 0 0 0 0 0 0 0 0 0 0 0 0 0 0 0 0 0 0 0 
 0 0 2 89 2 196 4 0 0 0 99 64 0 0 0 0 0 0 16 0 159 192 51 170 83 75 170 174 201 204 36 186 57 0 126 312 255 103 61 275 1 6 0 0 3 3 0 2 0 0 2 3 3 0 1 2 0 2 66 4 3 0 6 0 0 4 0 0 0 1 3 0 2 0 0 0 0 6 1 0 0 1 0 0 12 8 0 0 0 0 0 0 0 0 0 0 0 0 0 0 33 18 13 1 0 6 13 18 9 34 51 9 11 40 14 15 21 3 0 16 0 0 0 0 0 0 0 0 0 1 0 0 12 0 0 0 0 0 28 0 0 0 11 5 0 0 0 0 0 0 0 0 0 0 0 0 0 3 0 11 0 1 0 21 0 23 0 0 0 0 0 16 0 0 0 0 0 0 0 0 29 0 3 50 15 0 1 0 21 0 0 0 19 11 25 18 45 12 0 0 0 0 0 0 0 0 0 0 0 0 0 0 1 15 0 0 0 0 0 38 0 0 8 0 0 0 0 0 0 0 0 0 0 0 0 0 0 0 0 0 0 0 0 0 0 0 0 0 0 0 0 0 0 1 9 0 2 79 0 2 2 12 0 0 0 0 0 0 0 0 0 0 0 0 0 0 0 0 0 14 0 0 0 0 0 0 0 0 0 0 
 0 0 2 0 17 82 2 3 0 74 1 0 30 3 0 0 2 2 2 2 335 81 75 54 180 86 79 358 543 109 68 51 207 126 0 187 266 136 140 80 0 0 1 0 0 0 0 0 1 0 2 0 3 0 0 14 0 1 62 2 3 0 3 0 0 1 0 0 0 2 3 0 4 0 0 0 0 5 0 0 0 0 0 0 0 21 0 0 0 0 0 7 0 0 0 0 0 10 0 0 20 0 30 0 0 24 14 45 0 0 17 0 0 12 17 11 14 16 3 9 28 0 11 0 0 0 0 0 0 0 0 0 29 10 0 0 0 0 12 16 0 0 0 0 0 0 0 0 0 0 0 0 0 0 0 0 0 31 0 0 0 0 0 0 31 0 0 5 0 0 40 0 0 0 0 0 0 0 0 0 0 16 15 1 48 0 11 2 8 24 37 9 35 44 7 34 27 66 0 17 17 0 0 0 0 0 9 2 0 0 0 0 4 0 0 0 0 0 1 0 0 0 0 1 0 0 0 0 0 0 0 0 0 0 0 0 8 0 0 0 0 0 0 0 0 0 0 0 0 0 0 0 0 0 7 2 3 5 76 0 19 1 0 0 0 0 0 0 0 0 0 0 0 0 0 0 0 0 0 0 0 0 0 0 0 0 0 0 0 0 
 0 0 0 1 24 187 0 0 4 1 0 81 0 0 0 1 0 2 0 2 260 216 156 109 278 270 30 230 531 325 144 51 170 312 187 0 216 162 232 162 0 0 0 0 0 4 0 0 46 0 2 0 41 0 0 2 0 0 62 2 3 0 6 0 0 46 0 0 0 0 3 0 7 1 0 0 0 3 0 0 1 1 0 0 0 18 0 0 0 0 1 0 0 0 0 0 0 0 0 0 43 0 25 0 0 0 20 65 1 10 11 0 12 11 24 15 12 4 31 4 0 0 0 0 0 0 0 0 0 0 0 0 0 0 3 0 0 0 12 0 0 0 0 1 0 0 0 0 0 0 0 0 1 0 0 0 0 4 0 0 0 7 0 0 0 8 0 1 0 0 1 0 0 0 0 0 10 1 0 12 29 11 28 8 0 0 30 2 23 8 13 0 22 43 18 31 3 30 0 54 0 0 0 0 0 0 0 0 0 0 0 0 0 0 0 0 0 0 0 15 0 0 0 0 0 0 0 0 0 0 0 0 0 0 0 0 0 0 0 0 0 0 0 0 0 0 0 0 0 0 0 0 0 0 16 0 2 75 1 0 4 12 0 0 0 0 0 0 0 0 0 0 0 0 0 0 0 0 0 14 0 0 0 0 0 0 0 0 0 0 
 0 0 0 0 73 76 2 4 0 0 0 0 0 0 0 0 0 0 2 5 28 191 184 108 196 138 31 40 35 48 292 205 246 255 266 216 0 125 70 49 105 0 0 0 0 4 0 0 0 3 2 0 67 0 0 2 0 0 0 5 3 0 3 0 0 0 0 0 0 0 3 0 4 0 0 0 0 6 0 0 0 0 0 0 0 0 0 0 0 0 0 0 0 0 0 0 0 0 0 2 0 24 0 0 0 1 14 0 14 61 7 28 0 9 0 0 29 2 0 15 25 0 11 0 0 0 12 12 0 0 1 0 26 7 0 0 1 0 0 1 3 0 0 0 0 0 0 0 0 0 0 0 8 0 0 0 0 0 0 0 0 0 0 0 0 0 0 0 0 0 0 0 3 0 0 0 0 0 0 0 1 35 8 10 8 14 9 9 23 38 1 33 0 24 0 1 10 0 0 0 2 0 1 0 0 0 0 10 0 0 0 0 1 9 7 17 0 0 0 0 0 0 2 0 0 0 0 0 0 1 0 2 0 0 0 0 0 0 0 0 0 0 10 0 0 0 0 0 0 0 0 0 0 0 6 1 0 93 0 0 2 0 0 0 0 0 0 0 0 0 0 0 0 0 0 0 0 0 0 0 0 0 0 0 7 0 0 0 0 0 
 0 0 0 2 0 60 3 2 0 0 0 1 5 2 0 1 2 1 0 3 117 155 403 268 351 166 84 236 617 46 84 174 116 103 136 162 125 0 52 35 62 0 0 0 0 1 24 0 0 3 2 2 3 0 0 5 0 0 65 5 3 0 3 0 54 0 0 0 0 0 3 51 3 0 0 3 0 3 1 0 0 0 0 0 0 0 0 0 0 0 1 0 0 0 0 0 0 0 0 0 31 0 23 11 12 7 0 20 0 0 7 19 0 0 2 0 27 26 13 0 0 0 0 0 0 0 0 12 0 0 0 0 26 47 0 0 0 0 23 11 4 1 0 0 0 0 0 0 0 0 0 1 1 0 2 0 0 0 0 0 0 0 0 0 0 0 0 2 0 0 2 0 0 0 11 12 0 0 0 0 16 1 3 22 30 0 1 0 8 13 26 18 18 0 3 11 16 17 0 7 1 0 0 2 0 0 7 0 0 0 0 0 11 0 9 0 0 0 25 18 0 0 0 0 0 0 0 0 2 0 1 0 0 0 0 0 0 10 0 0 0 0 0 0 0 0 0 0 0 0 0 0 0 0 8 1 0 74 75 4 13 0 0 0 0 0 0 0 0 0 0 0 0 0 0 0 0 0 0 11 0 0 0 0 0 1 0 0 0 0 
 0 77 29 81 99 150 2 56 76 74 4 2 2 2 76 2 154 1 5 0 63 118 58 50 45 235 36 140 136 62 29 31 224 61 140 232 70 52 0 211 0 2 5 0 2 5 0 2 2 2 4 1 5 0 2 2 2 2 0 4 3 0 3 2 2 0 0 0 0 5 5 0 9 8 0 0 0 3 0 0 0 0 0 9 8 29 0 0 0 0 26 0 0 0 1 8 0 0 0 0 0 10 4 1 4 0 23 11 21 0 0 18 12 13 11 0 7 29 21 0 0 0 0 0 0 0 0 0 3 0 0 0 0 0 0 0 0 0 0 0 0 5 0 0 0 0 0 0 1 0 0 0 0 0 0 0 0 0 0 0 0 0 5 13 0 24 4 0 0 0 14 13 0 0 0 1 0 1 0 0 0 9 39 0 0 0 13 34 15 9 0 0 14 47 17 17 0 17 7 0 0 1 0 0 0 0 0 6 0 0 0 0 0 0 0 0 0 0 0 0 0 0 0 0 0 0 0 0 0 0 0 0 0 0 0 0 0 0 0 0 0 0 11 0 0 2 2 0 0 0 10 0 0 0 5 0 2 1 1 0 1 1 1 0 0 0 0 0 0 0 0 0 0 0 0 0 0 1 0 0 0 0 0 0 0 0 0 0 0 0 
 0 0 0 118 3 9 1 4 0 0 149 17 0 3 0 0 1 4 0 2 278 436 119 46 63 44 66 412 178 248 95 32 252 275 80 162 49 35 211 0 0 2 0 0 0 4 0 0 3 3 2 2 3 0 0 2 0 0 0 5 3 0 3 0 0 0 0 0 0 7 3 0 2 8 0 3 0 3 1 0 0 1 1 0 17 25 0 0 0 0 17 9 0 0 0 0 0 0 0 0 16 35 10 1 0 1 17 15 5 21 11 18 9 15 42 27 8 10 28 0 0 0 0 0 0 0 0 0 0 0 0 0 0 0 0 0 0 0 19 0 0 0 0 4 0 0 8 0 0 0 0 1 0 0 0 0 18 0 0 0 4 0 0 1 0 2 0 0 0 0 32 1 0 0 0 0 0 1 0 0 0 7 38 0 32 0 10 21 30 0 13 1 34 19 40 33 0 19 31 0 0 0 0 0 1 0 0 0 0 0 0 0 10 0 2 0 0 0 0 2 0 0 0 0 0 0 0 0 0 0 0 0 0 0 0 0 1 0 0 2 0 0 10 0 0 0 0 0 0 74 0 0 0 0 11 0 0 3 3 0 1 21 0 0 0 0 0 0 0 0 0 0 0 0 0 0 0 0 0 0 0 0 0 2 0 0 0 0 0 0 
 0 0 0 0 0 0 0 0 0 0 0 0 0 6 0 0 0 0 0 0 1 0 65 58 89 2 0 0 0 87 61 64 3 1 0 0 105 62 0 0 0 96 308 81 39 274 190 101 36 39 89 41 52 44 48 100 30 40 35 108 0 0 0 0 0 0 0 0 1 1 0 2 0 0 0 0 0 0 0 0 0 0 0 0 0 0 0 0 0 2 0 0 0 0 0 0 0 0 0 0 0 0 0 9 21 15 0 0 0 0 0 11 0 0 0 0 8 0 0 0 15 19 8 7 6 4 28 23 8 14 21 7 18 15 25 0 16 0 5 1 4 1 0 0 0 0 0 0 0 0 0 0 2 0 0 0 0 0 7 7 0 0 0 0 0 0 0 0 0 0 0 0 4 0 0 0 0 0 0 0 0 0 0 12 0 34 0 1 0 1 0 5 0 0 0 0 0 0 0 0 7 26 8 23 1 7 37 23 5 4 0 9 0 11 8 27 17 1 25 0 0 0 0 0 0 0 0 0 0 0 0 0 2 0 0 0 0 0 3 1 0 0 0 0 0 19 0 0 0 32 0 9 0 2 0 0 0 0 0 0 0 0 2 1 4 0 5 0 0 11 0 0 0 0 0 0 0 0 0 0 0 0 0 0 7 0 10 0 2 0 
 1 0 0 7 3 4 0 5 0 0 7 12 0 2 0 0 0 0 0 4 0 0 0 0 0 63 65 4 0 0 2 0 0 6 0 0 0 0 2 2 96 0 465 282 56 40 218 61 121 42 43 124 363 252 83 397 106 48 113 363 0 10 0 0 0 0 3 0 1 0 0 0 0 0 2 0 0 0 0 0 0 0 0 0 2 0 0 0 0 0 0 0 0 0 0 0 0 0 0 0 3 0 0 0 0 0 1 4 4 0 0 0 0 6 0 6 0 0 0 0 21 18 15 10 0 0 32 21 27 39 1 13 7 8 25 0 29 0 0 27 0 0 0 0 0 0 8 0 0 0 0 0 0 0 0 0 0 0 2 15 0 0 0 0 0 6 0 0 0 0 0 6 0 0 0 0 0 0 0 0 1 0 0 12 0 1 4 0 0 0 0 0 0 0 0 9 0 0 0 0 20 43 0 1 10 0 16 23 31 17 9 0 0 34 13 12 15 11 0 0 0 0 68 0 0 0 0 0 0 0 0 0 0 0 0 0 0 0 1 17 0 0 0 0 0 0 2 0 0 0 0 8 0 1 0 2 0 0 0 8 0 0 0 0 1 15 2 0 0 0 0 0 0 8 0 0 0 0 0 0 0 0 0 0 18 0 0 0 0 0 
 0 0 0 62 1 0 0 5 69 2 1 62 0 3 0 61 0 0 0 1 0 0 0 0 0 85 0 0 0 0 70 0 61 0 1 0 0 0 5 0 308 465 0 230 68 45 55 157 85 217 130 146 68 79 151 138 48 105 37 189 4 9 0 0 0 0 6 5 62 0 0 0 9 0 25 52 0 0 0 5 0 0 5 0 8 0 0 0 1 0 4 0 0 1 0 8 0 0 0 0 0 0 0 0 0 0 0 9 0 0 0 0 0 28 0 0 0 0 15 2 22 18 87 0 10 0 0 14 26 15 0 0 0 14 0 13 18 26 0 0 8 3 15 0 0 0 8 0 8 0 22 1 0 3 4 0 0 0 6 28 0 0 0 0 0 0 0 0 0 0 0 0 0 1 0 0 0 0 0 0 0 0 0 0 0 0 0 0 0 0 0 0 0 0 0 0 1 0 13 13 0 1 13 0 22 1 28 9 1 12 4 0 18 0 25 3 8 9 0 0 6 0 0 0 0 4 3 4 0 21 0 0 0 4 0 0 0 0 0 8 0 0 0 0 0 0 64 0 0 0 0 7 0 0 0 0 0 0 0 1 0 0 0 1 0 6 7 0 0 0 0 0 0 0 0 0 0 0 0 0 0 0 0 0 4 13 0 0 0 0 
 3 1 48 1 3 1 5 3 3 37 3 2 21 3 9 6 3 4 3 3 0 0 0 0 0 0 0 0 0 0 0 0 0 0 0 0 0 0 0 0 81 282 230 0 450 129 56 61 109 321 121 168 75 189 149 83 109 121 116 177 20 10 0 0 0 0 209 0 3 0 0 0 0 0 0 0 0 0 0 0 0 10 0 0 0 0 0 2 3 0 32 0 0 0 13 0 0 3 0 0 0 0 0 0 0 0 0 0 0 31 0 0 0 0 0 0 0 0 0 0 6 30 29 22 0 3 0 21 3 20 0 0 29 0 10 1 12 16 0 0 0 1 8 0 0 0 25 0 1 0 0 0 14 0 0 21 1 0 15 4 8 6 0 1 6 0 1 0 0 4 0 1 6 5 4 0 9 0 8 5 0 0 0 0 0 4 0 0 0 0 0 0 0 0 0 0 0 0 0 0 10 28 9 0 22 0 10 23 24 32 20 0 0 9 0 13 6 7 0 0 14 0 0 0 0 0 27 0 0 0 0 0 0 0 31 0 0 12 7 9 0 6 0 0 0 0 0 0 0 0 0 3 0 0 1 0 0 0 0 21 0 0 31 0 0 41 2 0 0 0 0 0 0 0 0 0 0 0 0 0 0 0 0 0 0 0 0 0 2 0 
 1 3 2 3 4 3 5 2 0 1 2 3 3 2 1 1 2 2 5 3 0 0 0 3 82 0 0 0 0 0 0 0 0 3 0 0 0 0 2 0 39 56 68 450 0 103 49 58 373 123 72 348 54 67 190 324 128 567 34 86 109 0 5 26 0 0 0 0 4 0 6 0 50 50 0 0 25 0 0 0 0 0 0 0 0 3 0 0 0 0 0 0 0 0 0 0 0 0 0 0 0 0 0 0 0 0 0 0 0 0 0 0 0 0 0 0 0 0 0 0 1 21 0 0 1 25 0 0 1 41 11 10 0 0 4 11 0 20 0 17 18 25 29 0 4 0 1 0 8 5 0 0 10 0 0 7 0 0 0 1 0 0 0 7 0 0 0 0 5 0 0 0 0 0 0 0 0 2 0 2 0 0 0 0 0 0 0 0 0 0 0 0 0 0 0 0 0 0 0 14 12 4 12 17 9 19 13 0 25 7 18 11 0 9 0 1 15 0 0 0 13 0 5 11 20 0 20 0 0 0 0 0 10 0 14 0 0 7 39 1 0 0 11 0 0 0 0 0 0 0 0 5 0 10 0 0 0 0 0 1 0 0 15 66 0 6 0 3 5 0 4 0 0 0 0 0 0 0 0 0 0 0 0 33 0 0 0 0 0 0 
 0 0 0 0 0 0 5 4 0 0 0 0 0 0 0 0 0 0 0 2 5 7 0 1 0 0 0 2 0 0 8 2 12 3 0 4 4 1 5 4 274 40 45 129 103 0 22 103 41 102 78 265 27 49 195 171 54 493 47 60 0 0 1 0 51 3 52 0 2 51 0 7 0 0 58 0 0 3 1 101 0 0 0 0 0 0 0 0 0 0 0 0 0 0 0 0 0 0 0 0 0 0 0 0 0 0 6 0 0 0 0 1 0 0 0 0 3 0 0 0 0 6 0 0 21 6 0 11 6 11 15 0 0 0 0 26 0 0 0 0 0 0 0 0 0 24 21 0 0 0 0 0 18 0 0 1 20 0 6 9 0 0 0 0 0 0 0 0 2 0 0 0 0 0 0 0 0 0 0 0 0 0 5 0 0 0 0 3 0 0 0 1 0 5 0 0 0 0 5 0 0 0 41 6 11 20 0 11 11 0 0 1 0 0 0 0 0 0 0 0 59 3 0 17 20 0 0 2 2 7 0 0 13 7 9 0 0 0 15 26 9 0 18 0 0 0 0 0 0 0 0 9 0 0 0 0 0 0 0 8 0 0 1 0 0 1 1 28 0 0 0 0 0 0 0 0 0 0 0 0 0 0 0 0 0 0 0 0 1 0 
 5 0 0 0 12 0 0 0 0 0 0 0 0 0 0 0 3 3 0 0 0 0 0 5 66 0 0 0 0 0 0 0 2 0 0 0 0 24 0 0 190 218 55 56 49 22 0 208 129 35 91 43 200 80 31 102 332 30 130 172 0 0 0 0 0 0 0 0 0 6 0 0 0 0 0 0 0 0 0 0 0 0 17 5 0 7 0 0 0 3 0 0 0 0 0 0 4 0 0 0 0 0 0 9 31 14 0 0 0 0 0 0 0 0 0 0 0 0 3 5 8 20 0 27 0 0 25 8 26 29 19 7 10 28 25 0 11 42 14 0 0 0 0 0 0 0 0 0 0 0 0 0 0 0 0 0 0 0 20 7 0 0 7 0 0 4 0 10 0 0 5 0 1 0 10 0 0 2 0 0 0 12 0 0 0 24 0 0 0 0 0 0 2 0 0 0 0 0 5 1 7 28 0 2 17 0 7 18 10 8 0 28 0 0 0 16 17 0 9 0 0 0 0 0 0 0 0 0 0 0 0 0 0 0 0 0 0 0 0 0 0 0 0 0 0 0 2 0 0 30 0 12 0 2 0 0 0 0 0 0 0 0 4 17 44 0 18 0 0 0 10 0 0 0 0 0 0 0 0 0 0 0 0 0 0 0 20 0 2 0 
 0 0 0 0 0 0 0 0 0 0 0 0 0 0 0 0 0 0 2 0 0 0 0 0 3 62 0 0 0 0 3 0 0 2 0 0 0 0 2 0 101 61 157 61 58 103 208 0 92 318 26 26 327 255 338 115 41 92 151 44 0 0 23 0 207 4 0 0 49 0 5 0 0 1 0 0 0 0 55 0 0 0 0 0 14 0 0 0 0 0 0 0 0 0 0 0 0 0 0 0 0 0 0 0 0 19 0 0 0 0 0 0 0 0 0 0 0 0 0 0 28 10 0 22 20 6 0 9 18 23 25 9 0 0 0 38 0 19 0 14 10 1 0 0 0 5 0 0 0 0 0 0 0 0 0 0 0 0 21 9 0 0 0 0 0 0 0 0 0 0 0 0 0 0 0 0 0 0 0 2 0 0 0 0 0 10 0 0 0 0 0 0 0 0 0 0 0 0 0 0 0 0 32 34 9 43 0 15 23 0 7 21 0 0 0 3 0 0 0 10 10 0 0 6 0 0 1 0 0 0 0 0 0 0 0 0 0 0 27 8 0 0 10 0 0 0 0 0 0 0 0 5 0 0 0 0 0 0 0 0 0 0 0 67 67 1 2 4 0 0 16 0 0 0 0 3 0 0 0 0 0 0 0 0 0 13 0 0 0 0 
 0 3 1 3 1 3 3 4 0 0 1 2 2 5 0 3 1 1 3 0 25 0 0 3 0 65 0 1 0 0 0 1 1 0 1 46 0 0 2 3 36 121 85 109 373 41 129 92 0 155 23 54 167 180 376 343 279 373 151 136 0 0 0 2 3 0 0 0 0 0 2 1 40 0 25 0 2 3 1 0 0 0 0 0 0 0 0 0 0 0 0 0 0 0 0 0 0 0 0 0 0 0 0 22 23 50 0 0 0 0 0 0 0 0 0 0 0 0 0 0 10 0 0 0 8 11 8 0 10 15 29 3 0 11 1 13 9 45 0 11 44 0 0 0 0 0 0 1 2 0 0 0 2 0 21 11 0 0 11 0 0 0 0 0 0 6 0 0 0 0 0 0 0 0 0 0 0 0 0 0 0 0 0 0 0 20 0 0 0 0 0 0 0 0 0 0 0 0 0 0 22 0 24 0 3 15 0 0 20 7 0 12 0 0 0 22 0 4 17 9 3 0 0 0 0 16 43 0 0 0 0 0 0 0 11 16 0 12 0 16 0 0 17 0 0 0 0 0 0 0 0 0 0 2 0 0 0 0 0 1 0 0 1 0 1 2 0 1 2 0 12 0 0 2 0 0 0 0 0 0 0 0 0 0 0 4 0 19 2 0 
 3 0 0 0 0 0 5 4 2 0 0 0 0 0 0 2 0 3 0 4 0 0 0 0 0 0 0 0 0 0 0 2 0 0 0 0 3 3 2 3 39 42 217 321 123 102 35 318 155 0 179 326 111 158 442 204 202 308 66 368 0 1 0 0 1 1 0 0 7 0 0 0 50 0 0 0 0 0 53 0 0 0 0 0 0 0 0 0 0 0 0 0 0 0 0 0 0 0 6 0 0 8 0 0 0 0 0 0 0 0 0 0 0 0 0 0 0 0 0 0 15 15 8 4 77 19 0 13 18 1 0 22 0 0 30 30 10 28 0 0 10 0 0 0 18 1 28 0 8 0 0 0 0 0 0 0 0 0 12 19 0 0 0 0 0 0 0 0 1 0 0 0 0 0 0 0 0 0 0 1 0 0 0 0 0 0 0 0 0 0 0 0 0 0 0 0 0 0 0 0 3 0 2 1 16 8 3 24 25 9 50 2 0 7 0 15 1 0 0 0 0 0 0 0 0 0 0 0 0 0 0 0 0 0 0 0 0 0 11 7 0 0 3 0 0 0 0 0 0 0 0 9 0 0 0 0 0 0 0 17 0 0 3 2 0 4 5 2 0 0 0 0 0 0 0 0 0 0 0 0 0 0 0 0 0 0 0 6 0 0 
 1 0 0 63 0 0 0 3 62 35 0 0 6 37 1 0 1 39 0 3 2 2 2 0 2 2 2 2 2 2 2 2 2 2 2 2 2 2 4 2 89 43 130 121 72 78 91 26 23 179 0 198 102 173 67 177 315 111 16 138 4 11 7 0 0 0 4 4 0 0 0 1 3 0 59 4 0 2 53 63 28 9 14 0 0 0 9 0 2 0 0 0 0 0 0 26 0 21 37 14 0 0 0 0 0 0 0 0 0 0 0 0 0 0 0 0 0 0 0 0 30 4 0 23 18 0 14 9 11 6 11 8 0 0 30 0 0 11 0 57 0 0 10 0 21 5 0 0 11 0 11 1 0 5 5 0 0 0 12 8 0 0 0 0 0 0 0 0 0 0 30 0 0 0 0 0 0 0 0 0 0 0 0 0 0 0 0 0 0 0 0 0 0 0 0 0 0 0 0 0 14 0 0 13 9 16 0 0 0 0 11 6 0 0 0 9 5 0 0 0 40 0 0 2 0 3 3 6 0 8 0 0 3 6 7 1 0 0 0 0 17 0 0 0 0 0 0 0 0 68 0 18 0 0 0 0 0 0 0 12 0 0 0 0 66 3 45 0 0 0 0 0 0 0 0 0 13 0 0 0 0 0 0 0 0 0 0 0 0 0 
 0 0 0 0 0 0 0 0 0 0 0 0 2 0 0 0 0 2 2 0 0 0 0 0 0 0 0 0 0 0 0 0 0 3 0 0 0 2 1 2 41 124 146 168 348 265 43 26 54 326 198 0 13 135 30 33 280 133 33 265 51 0 0 0 0 0 5 0 0 0 0 0 0 0 41 8 0 0 62 120 0 0 0 0 0 0 0 0 0 0 0 0 0 0 0 0 0 0 0 2 0 0 0 0 0 0 0 0 0 0 0 0 0 0 0 0 0 0 0 0 0 11 28 14 20 1 0 10 33 46 0 7 0 0 1 18 0 0 18 0 0 0 61 0 0 11 28 7 0 3 0 0 23 7 18 4 48 0 25 78 0 0 0 0 0 0 0 0 0 0 0 0 0 0 0 0 0 0 0 2 0 0 0 0 0 0 0 0 0 0 0 0 0 0 11 20 0 0 0 0 0 17 9 0 19 16 0 11 10 0 8 25 0 0 0 1 3 15 0 0 47 38 1 1 0 0 0 19 8 84 0 0 49 0 8 14 11 9 34 34 4 0 0 0 0 0 0 0 0 0 0 0 0 0 0 0 0 0 0 27 0 0 24 0 2 18 2 0 0 0 1 0 0 0 0 0 0 0 0 0 0 0 0 0 5 2 0 0 0 0 
 0 0 0 0 0 3 0 62 0 0 0 0 0 2 0 0 0 0 2 0 3 3 57 2 3 68 3 3 3 3 68 3 3 3 3 41 67 3 5 3 52 363 68 75 54 27 200 327 167 111 102 13 0 354 313 37 15 32 104 60 0 3 0 0 0 0 0 0 4 1 0 0 0 0 0 0 0 0 0 0 0 0 0 0 0 0 0 0 0 0 0 0 0 0 0 0 0 0 25 0 0 0 0 1 10 21 0 0 0 17 0 9 0 0 0 13 0 0 0 0 33 0 16 1 0 0 0 5 10 1 29 0 1 7 11 21 6 52 0 15 0 0 0 0 0 0 0 0 0 0 28 0 0 8 0 0 0 0 0 0 0 0 0 0 0 3 0 0 9 0 0 0 0 0 0 0 0 0 0 2 0 0 0 0 10 40 0 0 0 2 10 0 0 0 0 0 11 0 0 0 13 0 13 0 0 1 18 1 0 13 3 4 0 20 0 16 8 0 11 8 0 0 0 0 0 0 0 0 0 0 0 0 0 0 0 0 0 0 0 0 0 0 0 0 0 0 0 0 0 0 0 8 0 2 0 0 0 0 0 0 0 0 0 0 0 0 0 0 0 0 16 0 0 0 0 0 0 0 0 0 0 0 0 0 0 0 0 0 2 0 
 0 0 0 1 1 3 0 0 0 8 0 0 3 3 0 2 5 0 3 0 0 0 0 0 0 4 0 0 61 0 0 0 2 0 0 0 0 0 0 0 44 252 79 189 67 49 80 255 180 158 173 135 354 0 333 93 345 231 88 177 0 3 0 0 7 7 0 0 5 0 0 0 0 0 0 0 0 0 0 3 0 0 0 0 0 0 0 0 0 0 0 0 0 0 0 0 0 0 0 0 0 0 0 0 0 1 0 0 0 0 0 0 0 0 0 0 1 0 0 0 27 1 43 23 0 15 9 19 41 78 24 26 9 0 22 1 18 21 0 15 0 0 0 0 0 4 7 0 0 0 0 0 0 0 0 0 0 0 7 59 0 0 0 0 0 0 0 0 0 0 0 0 0 0 0 0 0 0 0 1 0 0 0 0 0 0 0 0 0 0 0 0 0 0 0 0 0 0 0 0 0 49 1 12 14 1 10 10 13 0 10 33 0 0 0 10 39 5 0 0 0 0 0 0 0 0 0 0 0 0 0 0 0 0 0 0 0 0 0 0 0 0 0 0 0 0 0 0 0 0 0 9 0 0 0 0 0 0 0 13 0 0 0 0 35 7 2 0 0 0 11 0 0 0 0 0 0 0 0 0 0 0 0 0 0 0 0 0 0 0 
 0 6 0 2 6 2 6 4 0 0 0 1 1 0 0 0 7 0 5 2 0 0 0 3 0 70 0 0 0 0 0 2 1 1 0 0 0 0 2 0 48 83 151 149 190 195 31 338 376 442 67 30 313 333 0 166 385 79 272 142 0 0 0 0 0 0 0 5 13 0 0 0 0 0 0 0 0 0 7 0 0 0 0 0 7 0 0 0 0 0 0 0 0 0 0 0 0 0 0 0 0 0 0 0 0 0 0 0 0 0 0 0 0 0 0 0 0 0 0 39 0 13 58 0 0 4 10 61 0 8 4 42 0 49 44 19 31 49 0 19 0 20 0 0 0 0 0 6 0 0 0 0 1 0 0 0 0 0 7 3 0 0 0 0 0 4 0 0 0 5 0 0 0 0 0 0 0 0 0 1 0 0 0 0 0 15 0 0 0 0 0 0 0 0 0 0 0 0 0 0 4 21 0 16 5 23 35 21 21 37 5 4 0 8 16 0 17 0 0 0 0 0 0 21 0 0 0 0 0 0 0 0 13 0 0 33 26 0 23 8 0 0 5 0 0 0 0 0 0 0 0 4 0 1 0 0 0 0 0 3 0 0 1 0 2 0 2 105 2 0 0 0 0 0 0 0 0 0 0 0 0 0 7 0 18 0 0 0 1 0 
 0 0 0 0 0 0 0 3 2 0 2 0 0 3 0 0 0 0 0 3 2 2 19 0 8 11 2 2 8 6 2 6 2 2 14 2 2 5 2 2 100 397 138 83 324 171 102 115 343 204 177 33 37 93 166 0 205 343 115 345 0 4 0 3 0 0 0 0 0 0 0 0 0 0 0 0 0 0 57 0 0 0 0 0 0 0 0 0 0 0 0 0 0 0 0 0 0 0 0 0 0 5 7 6 0 17 0 0 0 0 11 0 4 0 0 0 0 0 0 0 3 28 0 37 35 0 10 8 35 42 25 8 33 11 43 17 0 0 0 23 0 0 0 0 0 0 0 0 0 0 0 0 0 0 0 0 0 0 55 6 0 0 0 0 0 0 0 0 0 0 0 0 0 0 0 0 0 0 0 2 0 0 0 0 10 0 0 0 0 0 14 4 0 0 0 0 6 11 0 0 21 21 14 24 27 22 25 29 18 3 7 30 10 20 0 2 7 0 9 0 9 0 0 2 0 0 0 0 0 0 0 0 0 0 0 0 0 3 27 3 0 0 0 0 0 0 0 0 0 0 0 5 0 1 0 0 0 0 3 0 0 0 2 68 64 1 0 0 0 0 0 0 0 0 0 0 0 0 0 0 0 0 0 0 0 0 0 0 1 0 
 3 2 3 2 3 2 4 3 3 3 3 3 3 3 3 3 3 3 6 6 0 0 0 1 0 0 0 0 0 0 0 0 0 0 0 0 0 0 2 0 30 106 48 109 128 54 332 41 279 202 315 280 15 345 385 205 0 207 91 34 2 0 0 0 0 0 0 0 0 0 0 0 16 0 0 0 0 0 1 0 0 0 0 0 0 0 0 0 0 0 0 0 0 0 0 0 0 0 0 0 0 16 0 0 2 3 0 0 0 0 0 0 0 0 0 0 0 0 0 0 0 21 6 26 9 13 10 0 7 9 0 33 10 16 37 0 0 14 7 23 6 0 9 0 0 0 0 0 10 0 1 0 0 0 0 12 0 0 0 2 0 0 0 0 0 0 0 0 0 0 0 0 0 0 0 0 0 0 0 15 0 0 0 0 0 0 0 0 0 0 0 0 0 0 9 0 0 0 0 0 23 38 0 1 22 11 21 0 20 9 0 0 0 12 0 0 0 7 0 0 0 0 0 0 0 0 9 0 0 0 0 0 0 0 13 0 0 0 36 0 0 0 0 0 0 0 0 0 0 0 0 3 0 0 0 0 0 0 0 15 0 0 0 2 1 9 2 0 1 0 0 0 0 0 0 0 0 0 0 0 0 0 0 0 0 13 11 11 0 0 
 3 68 2 2 2 3 2 2 4 5 2 2 30 2 3 3 8 2 7 3 204 0 0 0 0 0 0 1 0 3 0 0 0 2 1 0 0 0 2 0 40 48 105 121 567 493 30 92 373 308 111 133 32 231 79 343 207 0 38 77 0 0 0 2 1 1 0 0 0 0 0 0 52 0 6 7 0 0 62 0 0 0 0 0 0 0 0 0 0 0 0 0 0 0 0 0 0 5 0 0 0 0 0 0 0 0 0 0 0 0 0 0 0 0 0 0 0 0 0 0 0 4 0 0 38 11 0 0 17 0 0 20 0 0 20 14 0 20 0 0 23 29 0 0 0 0 1 0 43 0 0 0 6 0 5 0 0 0 13 1 0 0 0 0 0 0 0 0 8 0 0 0 0 0 0 0 0 0 0 0 0 0 0 15 0 0 0 0 0 0 0 0 0 0 0 0 0 0 0 0 4 0 14 4 37 40 3 0 11 15 7 13 0 8 0 0 11 12 0 0 53 1 0 0 0 0 11 0 0 0 0 1 12 0 0 6 2 0 8 14 0 0 0 0 0 0 0 0 0 0 0 6 0 0 0 0 0 0 0 13 0 0 1 33 0 2 4 0 0 0 0 0 0 0 0 0 0 0 0 0 0 0 0 0 0 12 0 23 0 0 
 0 0 0 0 0 0 0 0 0 0 0 0 0 0 0 0 0 2 0 7 0 62 63 0 65 65 0 0 37 70 75 1 0 66 62 62 0 65 0 0 35 113 37 116 34 47 130 151 151 66 16 33 104 88 272 115 91 38 0 343 48 0 0 0 9 0 0 0 0 0 0 0 0 0 0 0 0 2 0 0 0 0 0 0 0 0 0 0 0 0 0 0 0 0 0 0 0 0 0 0 0 0 0 0 0 1 0 0 15 10 0 4 0 0 1 0 0 0 0 0 10 9 11 3 0 0 22 0 24 10 10 0 25 14 18 0 0 0 23 18 0 8 0 1 0 0 0 0 0 0 0 0 0 0 0 0 0 0 0 0 0 0 0 0 0 0 0 0 0 0 0 0 0 0 0 0 0 0 0 1 1 22 7 45 8 1 0 0 8 6 0 20 0 1 18 0 7 0 0 0 15 21 0 0 28 0 0 0 10 0 0 9 8 16 0 10 1 0 0 50 0 0 0 0 0 0 0 0 0 0 0 0 15 0 0 0 0 0 0 0 0 0 0 0 0 0 0 0 0 0 0 6 0 0 0 0 0 0 0 0 0 0 0 0 0 0 1 0 1 0 11 0 0 0 0 0 0 0 0 14 0 0 0 0 0 0 18 0 1 3 
 0 0 0 0 0 0 0 4 0 0 74 0 0 3 0 0 0 3 3 0 2 2 2 70 66 109 2 2 2 5 2 2 2 4 2 2 5 5 4 5 108 363 189 177 86 60 172 44 136 368 138 265 60 177 142 345 34 77 343 0 0 5 0 0 0 0 0 0 10 0 0 0 0 0 0 0 0 0 4 0 0 0 0 0 0 0 0 19 0 0 0 0 0 0 0 0 0 0 0 0 0 0 0 11 6 8 0 0 0 0 0 1 0 0 0 0 0 0 0 0 23 9 27 0 0 0 19 13 8 13 11 6 4 13 14 0 27 26 0 0 0 7 0 0 0 0 0 6 0 0 0 0 0 0 0 0 0 0 1 3 0 0 0 0 0 1 0 0 0 0 0 0 2 0 0 0 0 0 0 2 0 0 0 0 0 0 0 0 0 0 0 0 0 0 0 0 1 0 2 0 8 21 0 1 11 1 7 10 22 18 9 3 0 7 49 14 25 0 11 0 0 0 0 0 0 0 0 0 0 0 0 0 3 0 0 7 3 0 0 4 0 0 0 0 0 0 0 0 0 0 0 8 0 2 0 0 0 0 1 0 0 0 2 0 2 0 2 1 0 0 0 0 0 0 0 0 0 0 0 0 0 0 7 0 11 0 0 0 2 0 
 0 0 0 0 3 0 0 0 0 0 0 0 0 0 0 0 0 0 2 1 3 3 3 3 3 3 3 5 4 3 3 3 3 3 3 3 3 3 3 3 0 0 4 20 109 0 0 0 0 0 4 51 0 0 0 0 2 0 48 0 0 140 96 32 23 43 164 139 26 52 30 56 78 131 130 32 40 227 91 99 0 0 0 0 0 0 0 0 0 0 0 0 0 0 0 0 0 0 0 0 8 0 0 0 0 0 0 0 0 0 0 0 0 0 0 0 0 0 0 0 0 0 0 0 0 21 0 0 0 0 0 0 0 0 0 0 0 1 0 0 10 29 35 1 1 0 23 9 17 0 4 2 34 1 69 13 0 0 0 0 18 0 0 0 0 0 12 0 4 0 0 0 0 0 0 0 0 9 0 1 0 0 0 0 0 0 0 0 0 0 0 0 0 0 0 0 0 0 0 0 0 0 0 20 0 0 0 0 1 0 24 0 0 0 0 0 5 0 0 0 19 7 25 6 0 15 37 0 22 9 10 21 20 13 26 0 0 40 1 30 0 0 0 0 0 0 0 0 0 0 0 0 0 0 5 0 19 0 0 0 0 0 10 0 0 0 9 0 0 0 4 0 0 3 0 0 0 0 0 0 0 0 0 0 0 0 0 0 0 12 
