 0 182 177 115 122 33 243 91 292 119 263 146 66 191 185 123 53 280 333 145 0 0 0 0 0 5 0 2 0 0 2 3 2 4 0 0 0 2 0 0 3 2 0 0 2 0 0 0 0 0 0 0 0 0 0 1 0 0 2 0 54 0 0 0 0 0 0 0 0 0 0 3 0 0 0 0 0 0 0 1 0 30 25 12 26 1 27 30 12 7 2 16 1 2 12 26 29 42 11 12 0 0 0 2 0 0 0 0 0 0 0 0 0 0 0 0 0 0 0 2 0 0 0 0 0 0 0 0 0 0 0 0 0 0 0 0 0 1 0 0 0 0 0 0 38 0 0 0 0 0 0 0 0 0 0 0 0 0 2 0 28 15 0 12 0 0 0 0 1 3 2 36 0 32 16 4 14 35 9 8 7 0 0 0 0 0 0 0 0 0 0 0 0 0 0 0 0 0 0 0 0 0 2 0 0 0 0 0 0 0 1 0 0 0 0 0 0 2 0 0 0 0 0 0 2 0 0 0 0 0 0 0 0 2 1 0 0 0 0 0 0 0 0 0 0 0 0 2 87 89 1 3 0 0 0 0 0 0 0 0 0 0 3 0 0 0 0 0 0 0 0 0 0 0 0 0 0 0 0 0 0 0 0 0 0 0 0 0 0 0 
 182 0 151 197 289 128 192 280 467 44 342 154 118 34 143 48 40 90 346 131 3 0 0 2 3 0 3 3 0 1 0 72 2 2 0 0 2 0 93 3 0 1 0 0 0 0 3 0 0 2 0 0 2 2 0 0 0 0 2 5 0 0 3 2 2 11 0 3 3 0 1 0 8 2 0 0 2 2 1 45 0 37 17 42 3 0 0 33 21 42 11 0 10 9 2 1 0 0 1 16 0 0 0 0 0 0 0 0 0 0 0 0 11 31 10 0 27 0 0 1 0 0 1 0 0 0 0 0 0 1 0 0 0 0 0 0 0 0 6 0 0 2 0 0 0 0 0 0 0 1 0 0 0 0 0 0 0 2 0 0 18 1 11 27 20 0 9 11 31 13 24 28 0 31 0 11 0 1 9 0 14 0 0 0 0 0 0 0 0 1 0 0 30 0 1 0 11 0 16 0 0 0 0 0 0 0 0 16 0 2 0 0 0 0 13 0 0 0 0 0 0 0 0 0 0 0 0 0 0 0 0 1 0 0 0 0 0 0 0 0 0 0 0 0 0 2 1 2 88 11 1 3 20 0 0 0 0 0 0 0 0 0 0 0 0 0 1 0 0 0 0 0 0 0 0 0 0 0 0 0 0 0 0 0 0 0 0 0 0 0 
 177 151 0 486 139 70 98 283 397 87 143 57 297 421 271 139 68 266 260 152 0 0 0 2 3 0 0 1 0 0 0 2 0 2 0 0 0 0 60 4 0 0 3 1 0 0 3 0 1 0 1 0 2 0 0 0 0 0 0 3 1 0 3 0 2 3 0 2 3 2 3 0 2 2 29 0 0 0 0 0 0 15 27 55 19 0 20 0 31 19 0 28 1 14 25 7 10 32 7 12 0 0 10 0 0 0 0 0 0 0 1 0 17 0 0 0 0 0 10 0 0 0 0 0 2 0 0 0 0 0 0 0 0 0 0 0 0 0 0 0 0 0 0 0 2 0 0 0 0 0 1 0 0 0 0 0 0 0 0 0 31 15 21 12 5 0 44 24 0 0 0 13 13 14 22 23 20 0 1 0 0 0 0 0 0 0 0 3 0 0 0 2 31 0 0 0 27 0 0 0 0 0 0 0 0 0 0 0 0 0 0 0 0 0 0 0 0 0 2 0 0 0 0 0 13 0 0 0 0 0 0 0 0 0 0 0 0 0 0 0 0 0 0 0 0 4 2 1 2 7 10 10 0 0 0 0 0 0 0 0 0 0 0 0 0 0 0 0 0 0 0 0 0 0 0 10 0 0 0 0 0 0 0 0 0 0 0 0 0 0 
 115 197 486 0 157 201 193 212 257 187 128 49 44 185 154 265 149 39 117 143 0 0 2 2 3 3 1 1 0 1 0 2 2 2 0 0 0 0 81 3 0 1 0 1 0 0 3 0 0 0 0 0 2 0 0 0 0 0 0 3 0 0 3 0 2 3 0 2 3 0 3 0 2 2 0 0 0 0 0 0 15 13 25 13 15 10 11 0 11 16 19 24 2 0 13 12 28 16 0 9 19 0 0 0 0 0 17 0 0 0 0 0 1 37 11 0 23 0 0 0 0 0 0 0 0 0 0 18 0 0 1 2 0 0 0 0 0 0 0 0 0 0 0 0 13 0 0 0 0 0 0 0 0 1 0 2 2 0 0 0 33 14 14 56 10 25 10 15 0 24 11 25 0 2 0 1 12 0 0 0 20 0 12 0 0 0 0 0 0 22 0 0 14 8 0 0 20 0 28 2 0 0 0 0 2 0 0 0 0 0 0 0 0 2 1 0 0 23 0 2 0 0 1 0 0 0 0 0 0 0 0 0 0 0 0 0 0 0 0 0 0 2 0 0 0 0 1 2 0 88 0 15 12 0 0 0 0 0 0 0 0 0 0 0 0 0 0 0 0 0 0 0 0 0 0 0 27 0 0 0 0 0 0 0 0 0 0 0 0 0 
 122 289 139 157 0 67 58 210 550 113 309 318 157 154 81 273 257 205 91 74 1 0 23 2 3 3 62 2 6 0 0 1 0 2 2 210 0 0 147 3 0 1 0 0 28 3 45 0 0 0 0 0 2 2 0 0 3 2 2 3 0 0 3 0 2 3 3 3 5 0 0 3 3 2 0 0 0 3 0 3 0 18 0 5 36 5 0 9 3 21 0 55 0 0 0 43 0 0 0 28 10 2 0 0 0 0 0 0 0 0 1 0 46 18 0 0 19 53 0 5 0 0 0 0 0 0 0 0 0 2 0 0 0 0 0 0 0 0 0 0 1 1 0 0 3 0 0 0 6 0 0 0 0 0 0 0 0 1 0 0 36 52 34 27 30 0 2 25 0 13 25 5 0 0 0 7 11 15 0 0 39 0 10 0 1 7 18 0 35 7 0 0 2 9 11 0 0 0 11 0 0 0 0 0 0 2 0 0 0 0 0 0 0 0 0 0 0 0 0 0 0 0 0 0 0 0 0 0 0 0 10 2 0 0 0 0 0 0 0 0 0 0 0 0 0 5 1 1 50 87 0 3 0 0 0 1 0 0 0 0 0 0 0 0 0 0 0 0 0 0 0 0 0 0 0 12 0 0 0 0 0 0 0 0 0 0 0 0 0 2 
 33 128 70 201 67 0 47 158 213 171 86 135 23 223 87 429 66 242 51 67 75 0 77 77 4 0 64 4 0 1 0 0 77 73 1 81 80 73 0 77 0 63 0 0 28 0 48 0 0 0 0 0 2 10 0 0 0 13 1 5 0 0 3 0 2 3 0 3 3 0 0 0 3 2 53 0 0 3 0 0 0 0 0 0 14 17 0 0 0 0 24 29 0 0 13 26 5 0 0 0 33 0 0 0 0 0 13 0 0 0 1 29 14 29 55 16 3 0 29 15 0 0 2 0 0 0 0 0 0 0 0 0 0 0 0 0 0 0 0 0 0 0 0 0 4 0 0 0 7 0 1 0 0 0 0 0 0 0 0 0 27 19 3 25 17 0 0 10 15 37 1 13 0 0 0 7 25 11 0 0 34 0 35 32 0 0 34 19 0 0 0 2 13 10 0 0 17 0 20 15 0 0 0 0 0 45 0 0 0 0 0 0 0 0 0 0 0 0 2 0 0 0 0 0 0 0 0 0 0 0 0 0 0 0 0 0 0 0 0 0 0 0 0 0 0 2 0 0 0 1 0 8 13 0 0 0 0 0 75 0 0 0 0 0 0 0 0 0 0 0 0 0 0 0 0 10 16 0 0 0 0 0 0 0 0 0 0 0 0 0 
 243 192 98 193 58 47 0 314 71 334 246 35 108 369 229 345 126 119 180 325 4 0 0 2 3 0 0 3 0 0 0 3 0 1 0 0 0 2 7 3 0 80 0 0 0 0 46 0 0 0 0 0 2 0 0 22 0 0 0 3 0 0 3 0 2 3 0 3 3 0 0 3 3 2 0 0 0 3 0 0 0 22 25 10 0 0 32 33 21 12 15 15 7 33 13 0 11 17 41 21 0 0 0 0 0 0 0 0 0 0 0 0 0 0 1 0 0 0 20 9 0 0 0 0 0 0 0 0 0 0 0 0 0 0 0 0 0 0 0 0 0 0 0 0 0 0 0 0 0 0 0 0 0 0 0 0 16 0 0 0 0 0 0 0 1 0 0 0 38 1 10 16 0 12 1 63 0 6 51 23 0 0 0 0 0 0 0 0 0 0 0 0 0 0 0 0 0 0 0 1 0 0 0 0 0 0 0 0 0 0 0 0 0 0 0 0 0 0 0 0 0 0 0 0 0 0 0 0 0 0 0 0 0 0 0 0 0 0 0 0 0 1 0 0 0 0 4 2 1 50 0 10 0 0 2 0 0 24 0 2 0 0 9 0 0 0 0 0 0 0 0 0 0 0 0 0 0 0 0 0 0 0 0 0 0 0 0 0 0 0 
 91 280 283 212 210 158 314 0 450 110 94 338 343 404 255 135 44 169 79 136 27 0 0 2 3 0 2 2 0 0 0 1 1 2 0 0 0 0 156 3 0 29 0 0 62 0 40 0 0 0 0 0 2 0 0 0 0 0 0 3 0 0 3 0 2 3 0 3 3 0 1 0 3 2 0 0 0 2 3 0 0 30 17 25 14 0 1 0 10 14 1 21 0 0 19 28 11 0 0 2 33 0 0 0 0 7 0 0 0 0 0 0 23 0 3 0 0 0 16 1 0 0 0 0 10 0 0 0 0 0 0 0 0 0 1 0 0 0 0 0 0 0 0 0 4 0 0 1 5 0 1 0 0 0 0 0 0 0 0 0 31 13 28 2 43 0 0 27 29 31 12 40 0 23 0 41 44 9 0 0 0 0 0 0 0 0 0 0 0 0 0 0 13 0 0 0 0 19 37 0 0 0 0 0 0 0 0 0 0 0 0 0 0 0 0 0 0 0 0 0 0 0 0 6 0 0 0 0 0 0 0 0 0 0 0 0 0 0 0 0 0 0 0 0 0 2 2 0 88 92 0 11 0 0 0 0 0 0 0 0 0 0 0 0 0 0 0 0 0 0 0 0 0 0 0 9 0 0 0 0 0 0 0 0 0 0 0 0 0 0 
 292 467 397 257 550 213 71 450 0 279 224 390 248 150 166 173 37 105 103 282 2 0 1 2 3 0 0 1 0 0 0 2 1 1 0 0 2 0 71 4 0 0 0 3 62 2 68 0 0 60 0 0 2 0 0 0 0 0 0 3 0 0 3 0 2 3 0 2 3 0 3 0 2 2 0 0 0 0 0 0 0 25 61 28 20 0 4 35 31 14 0 16 0 0 0 13 1 22 0 36 0 0 4 0 0 0 0 0 0 0 0 0 16 0 0 0 0 0 0 0 0 0 0 0 0 0 0 0 0 0 0 0 0 0 0 0 9 0 0 0 0 0 0 0 8 0 0 0 6 0 0 0 0 0 0 0 0 0 0 0 48 22 22 11 0 0 0 37 0 0 14 23 0 20 7 10 23 2 20 0 0 0 1 0 0 0 0 0 0 0 0 0 10 0 0 0 10 0 0 1 12 0 6 0 0 0 0 0 0 0 0 0 0 0 0 0 0 0 0 0 0 0 0 0 0 0 0 1 0 0 0 0 0 0 0 0 1 0 0 0 0 0 0 0 0 6 0 0 19 45 0 6 2 0 0 0 0 0 76 0 0 0 0 0 0 0 0 2 0 0 0 0 0 1 0 20 0 0 0 0 0 0 0 0 0 0 0 0 0 0 
 119 44 87 187 113 171 334 110 279 0 450 294 243 375 205 407 159 148 111 188 2 0 0 2 3 73 0 1 0 0 0 1 0 2 0 0 0 2 73 4 0 33 0 0 37 0 36 0 0 0 0 0 2 0 0 1 0 0 0 3 1 0 3 5 2 3 0 2 44 0 3 44 2 2 0 0 2 0 13 0 3 12 0 0 36 0 0 50 10 1 0 32 0 1 9 49 34 10 0 0 0 0 0 0 0 0 2 14 0 0 0 0 9 0 8 0 0 2 24 10 0 0 0 0 0 0 0 0 0 0 0 0 0 0 0 0 0 0 0 0 0 0 0 0 1 0 1 0 3 0 0 16 1 16 0 0 0 0 0 0 13 49 21 15 28 50 2 28 16 37 0 23 1 0 14 7 7 26 0 0 0 10 0 0 0 0 0 0 0 0 0 0 24 8 0 0 0 0 29 17 0 0 0 0 0 0 0 0 0 0 0 0 0 0 0 0 0 0 0 0 0 0 1 0 0 0 0 0 0 0 0 0 0 0 0 0 0 0 0 0 0 20 0 0 0 2 88 0 1 1 0 2 0 0 0 0 0 0 0 0 0 0 0 0 0 0 0 0 0 0 0 0 0 0 0 9 13 9 0 0 0 0 0 0 0 0 0 0 0 0 
 263 342 143 128 309 86 246 94 224 450 0 235 86 45 166 368 270 89 36 68 16 0 0 77 2 0 72 3 0 0 1 1 75 3 0 66 0 4 135 75 0 0 0 0 0 0 3 1 0 2 0 0 2 0 0 0 0 61 7 3 0 0 3 0 2 3 0 3 3 0 0 47 3 5 0 0 0 3 0 0 18 36 1 26 0 0 10 0 35 19 0 16 0 1 11 17 25 28 0 5 8 0 20 0 0 0 18 21 0 11 0 0 16 0 0 0 0 11 12 42 0 0 0 0 0 0 0 0 0 0 0 0 0 1 2 0 0 0 0 0 0 0 0 0 0 0 0 0 0 0 0 0 0 0 0 0 0 0 0 0 23 9 28 16 36 0 4 13 11 29 26 16 14 21 9 0 0 0 9 0 0 1 0 0 0 0 0 9 12 0 0 0 23 20 9 0 0 1 7 17 0 0 0 0 0 0 0 0 0 0 0 0 0 0 0 0 0 0 0 0 0 1 0 1 0 0 0 0 0 0 0 0 0 0 0 0 0 0 0 0 0 0 0 0 0 0 2 0 90 12 0 9 0 0 0 0 0 0 0 0 0 0 0 0 0 0 0 0 0 0 0 0 0 0 0 0 14 0 0 0 0 0 0 0 0 0 0 0 0 0 
 146 154 57 49 318 135 35 338 390 294 235 0 100 127 117 186 678 222 39 42 4 0 0 4 28 1 0 3 0 0 5 2 2 2 0 3 0 0 92 122 0 68 0 1 55 0 65 0 0 2 3 0 5 3 3 0 0 0 0 4 0 0 3 0 2 8 0 3 3 0 0 0 3 2 2 3 0 4 1 5 0 22 2 30 12 0 9 0 33 22 0 44 1 0 13 26 18 16 0 21 0 0 14 0 0 0 0 13 0 0 0 0 19 0 20 0 0 0 21 13 0 0 0 0 0 0 0 0 0 0 2 0 0 0 0 0 0 0 0 0 0 0 0 0 0 0 0 0 6 0 0 0 0 0 0 15 0 0 0 0 11 10 42 13 23 0 0 30 27 1 12 10 0 16 0 26 5 7 15 0 9 0 0 0 0 0 20 11 0 0 0 0 35 0 0 0 11 0 0 14 0 0 0 0 1 0 0 0 0 0 0 0 0 0 0 0 0 0 0 1 0 14 0 14 0 0 0 0 0 0 0 0 1 0 0 0 0 0 0 0 0 1 0 0 0 4 4 0 84 7 0 26 0 0 0 0 0 0 0 0 0 0 0 0 0 0 0 0 0 0 0 0 0 0 0 4 14 19 0 0 0 0 0 0 0 0 0 0 0 0 
 66 118 297 44 157 23 108 343 248 243 86 100 0 111 55 31 46 42 175 142 0 0 0 4 3 0 0 1 0 0 2 1 0 2 0 0 0 0 0 3 0 0 0 0 0 0 3 0 0 0 0 0 2 0 1 0 0 0 0 3 0 0 2 0 2 3 0 2 2 0 3 0 2 2 0 0 0 0 0 0 15 15 1 15 0 0 0 21 26 1 0 0 10 23 5 9 0 13 9 13 0 0 10 0 0 0 0 0 0 0 0 0 0 0 0 0 1 0 0 0 15 0 0 0 14 0 0 0 0 0 0 0 0 0 0 0 1 0 0 0 0 0 0 0 0 0 0 2 0 0 17 0 0 0 0 0 0 0 0 0 65 15 30 0 14 0 12 24 33 11 25 18 0 42 16 0 16 0 3 0 0 0 0 0 0 0 0 0 0 0 1 0 0 0 0 0 0 0 0 0 0 0 0 0 0 0 0 0 0 0 0 0 1 0 0 0 0 0 0 0 0 0 0 0 0 0 0 0 0 0 0 0 0 0 0 0 0 0 0 0 0 0 0 0 0 4 0 0 85 0 0 3 0 0 0 0 0 0 0 0 0 0 0 0 0 0 0 0 0 0 0 0 0 0 0 8 0 0 0 0 0 0 0 0 0 0 0 0 0 0 
 191 34 421 185 154 223 369 404 150 375 45 127 111 0 94 39 34 37 123 289 1 2 0 4 4 4 1 2 1 0 0 1 3 2 2 4 0 1 0 3 2 36 0 0 63 0 68 0 0 2 2 0 2 2 1 0 2 0 3 3 0 0 2 0 2 3 0 2 2 0 3 0 2 5 0 0 0 0 0 0 0 0 14 0 12 0 3 0 0 10 2 43 0 24 24 1 23 26 9 12 0 5 0 0 0 0 0 0 0 0 0 0 0 0 0 0 0 0 17 0 0 0 0 0 0 0 0 0 0 0 0 0 0 0 0 4 0 0 0 0 0 0 0 0 34 0 0 0 5 0 0 0 0 0 0 0 0 0 0 0 21 11 0 0 1 0 1 14 16 17 0 33 21 0 7 0 9 12 0 36 0 0 0 0 0 0 0 0 0 0 0 0 17 0 0 0 0 0 22 0 0 17 0 0 0 0 0 0 0 0 0 0 0 0 0 0 0 0 0 0 0 0 0 0 0 0 0 0 0 0 0 0 0 0 0 0 0 0 0 0 0 0 0 0 0 0 2 0 0 0 10 4 0 0 0 0 0 0 0 0 0 0 0 0 0 0 0 0 0 0 0 0 0 0 0 0 0 0 0 0 0 0 0 0 0 0 0 0 0 0 
 185 143 271 154 81 87 229 255 166 205 166 117 55 94 0 252 136 61 104 341 0 0 3 4 3 0 96 2 3 0 2 3 0 2 0 0 1 2 1 15 1 0 0 2 0 0 3 0 0 0 0 0 2 0 0 0 0 1 40 3 0 0 3 0 2 3 0 3 3 0 0 0 3 2 1 0 0 3 0 0 18 18 1 1 10 0 10 42 17 21 0 0 10 12 2 77 45 28 0 0 0 0 0 0 0 1 0 0 0 0 0 0 0 1 0 0 0 0 10 19 2 0 1 0 0 0 0 0 0 0 0 0 0 0 0 0 0 0 0 0 0 0 0 0 0 0 0 0 0 0 0 0 0 0 2 0 0 0 0 0 0 23 23 1 44 37 15 18 0 31 11 7 20 19 32 13 0 54 14 0 0 0 0 0 0 0 0 0 0 0 0 0 1 0 0 0 1 0 9 10 0 0 0 0 0 0 0 0 0 0 18 0 0 0 0 0 0 12 0 0 0 0 0 0 0 0 0 0 1 0 0 0 0 0 0 0 1 7 28 0 0 18 0 0 0 0 89 0 1 88 0 31 0 2 0 0 0 0 0 0 0 0 0 0 0 0 0 0 0 0 0 0 0 0 2 0 14 0 0 0 0 0 0 0 0 0 0 0 0 0 
 123 48 139 265 273 429 345 135 173 407 368 186 31 39 252 0 170 46 55 402 1 0 1 7 6 2 2 2 0 2 3 2 3 2 0 2 2 1 62 3 0 34 0 1 3 3 3 1 0 0 3 3 5 0 0 0 3 3 0 3 0 0 3 0 2 5 3 3 3 0 1 2 3 2 0 0 0 3 0 0 15 18 15 0 11 0 1 11 33 1 1 21 0 0 9 36 75 33 0 14 0 0 22 0 0 0 2 10 0 0 0 0 1 0 7 0 1 1 38 15 0 0 0 0 0 0 0 0 0 0 0 0 0 0 0 0 0 0 0 0 0 0 0 0 0 0 0 0 0 5 0 0 0 0 0 0 0 0 0 0 8 30 14 76 9 23 10 15 16 33 11 44 3 0 0 0 0 15 0 0 0 0 0 0 0 0 0 11 0 0 0 0 29 1 0 0 0 0 32 17 0 0 0 0 0 0 0 0 0 0 0 0 0 0 0 0 0 0 0 0 0 0 0 0 0 0 0 0 0 0 0 10 0 0 0 0 0 0 0 0 0 0 0 0 0 2 1 1 87 1 0 0 0 0 0 0 0 0 0 0 2 0 0 0 0 0 0 0 0 0 0 0 0 0 0 0 14 0 0 0 0 0 0 0 0 0 0 0 0 0 
 53 40 68 149 257 66 126 44 37 159 270 678 46 34 136 170 0 217 33 46 99 4 32 4 3 0 0 3 33 26 3 1 74 138 0 0 0 0 75 178 2 0 0 64 0 0 5 0 0 0 0 4 2 0 0 0 0 0 0 3 0 0 3 0 2 3 0 3 3 0 1 0 3 2 0 0 0 2 0 0 0 10 5 31 0 0 0 11 1 0 2 17 0 20 0 17 8 19 0 0 11 0 14 0 0 0 0 17 0 0 19 0 15 0 19 1 0 1 15 9 0 0 0 0 0 0 0 0 0 0 0 0 0 0 0 0 2 0 0 0 0 0 0 0 0 0 0 6 1 0 0 0 0 0 0 0 0 0 0 0 0 14 16 23 15 18 0 2 4 26 2 19 0 46 16 10 10 29 0 0 9 0 0 20 1 0 40 25 8 0 1 0 24 0 0 0 0 0 2 15 0 0 0 0 0 0 0 0 0 1 0 0 0 0 0 0 0 0 0 0 0 0 0 0 0 0 0 0 0 0 0 0 0 0 0 0 0 0 0 0 0 19 0 0 0 0 174 0 1 0 0 9 0 0 0 16 0 24 0 0 0 0 11 0 0 0 0 0 0 0 0 0 0 0 0 13 0 17 0 0 0 0 0 0 0 0 0 0 0 0 
 280 90 266 39 205 242 119 169 105 148 89 222 42 37 61 46 217 0 52 104 137 0 0 2 3 0 76 2 0 2 0 1 24 2 0 0 1 36 5 90 0 0 0 3 61 0 65 0 0 0 6 0 2 0 30 65 1 3 0 3 0 0 3 0 2 3 2 3 3 0 2 0 3 2 0 0 36 51 0 0 0 14 0 28 18 1 9 0 11 46 0 26 0 0 1 17 21 27 7 13 0 11 23 13 0 1 0 0 1 0 0 0 0 0 13 2 0 0 10 0 1 0 0 0 0 0 0 0 0 0 10 0 0 0 0 0 0 0 0 0 0 0 0 0 0 0 0 0 3 0 0 0 0 0 1 0 0 0 0 0 15 9 25 1 24 0 0 25 9 0 25 13 0 17 25 43 8 25 14 0 7 10 0 0 0 0 13 31 0 0 0 0 24 9 9 0 10 0 10 13 0 0 0 1 0 0 0 0 0 0 0 0 0 0 0 0 0 0 0 0 0 0 0 0 0 0 0 0 1 0 0 0 0 0 0 0 2 0 0 0 0 0 0 0 0 5 3 0 83 0 0 10 0 0 0 0 0 0 0 0 0 0 0 0 0 0 0 0 0 0 0 0 0 0 0 8 0 14 0 0 0 0 0 0 0 0 0 0 0 0 
 333 346 260 117 91 51 180 79 103 111 36 39 175 123 104 55 33 52 0 213 0 74 0 2 3 0 0 2 2 0 79 25 0 2 0 1 0 0 2 3 71 0 0 0 0 0 3 63 0 0 0 0 2 0 0 0 0 0 0 3 0 0 3 0 2 3 0 42 3 0 1 0 3 2 0 0 0 2 0 0 48 10 14 0 0 0 9 40 1 1 0 0 34 51 0 0 0 0 13 0 0 0 0 1 0 0 0 0 0 0 0 0 0 0 19 0 0 0 0 1 15 9 10 2 0 0 0 0 0 0 0 0 0 0 0 0 0 2 0 0 0 0 0 0 0 0 0 0 0 0 0 0 0 0 0 0 0 0 1 0 0 1 1 0 0 0 25 0 13 0 0 0 0 12 1 20 0 0 21 32 0 0 0 0 0 0 0 0 2 0 0 0 0 0 0 0 0 0 0 0 0 0 1 0 0 0 0 0 0 0 1 0 0 0 0 0 0 0 0 0 0 0 0 0 0 10 0 0 0 0 0 0 0 0 1 0 0 0 0 0 0 0 0 0 0 2 2 2 0 0 2 11 0 0 0 0 0 0 0 0 0 2 0 0 0 0 0 0 0 0 0 0 0 0 0 0 0 0 0 0 0 0 0 0 0 2 0 0 0 1 
 145 131 152 143 74 67 325 136 282 188 68 42 142 289 341 402 46 104 213 0 1 0 0 4 3 0 2 4 4 0 0 1 0 0 0 2 0 0 0 3 0 64 0 0 62 0 3 0 0 0 0 0 2 61 0 0 0 0 0 3 0 0 3 0 2 3 0 3 3 0 2 0 3 2 0 0 0 1 0 0 14 17 26 13 0 0 18 24 0 26 2 19 8 34 41 13 35 17 8 2 0 0 0 0 0 0 0 0 0 0 0 0 0 0 0 0 0 0 14 0 0 0 0 0 0 0 0 0 0 0 0 0 0 0 0 0 0 0 0 0 0 0 0 0 0 0 0 0 0 0 0 0 0 0 0 0 0 0 0 0 2 0 0 0 21 0 42 0 41 28 3 11 26 51 38 12 0 8 25 0 0 0 0 0 0 0 0 0 0 0 0 0 0 0 0 0 0 0 2 0 0 0 0 0 0 0 0 0 0 0 0 0 0 0 0 0 0 0 0 0 0 0 0 0 0 0 0 0 0 0 0 0 0 0 0 0 0 0 0 0 0 19 0 0 0 3 104 0 4 0 14 6 1 0 0 0 0 0 0 0 2 0 14 0 0 0 0 1 0 0 0 0 0 0 0 0 0 0 0 0 0 0 0 0 0 0 0 0 0 0 
 0 3 0 0 1 75 4 27 2 2 16 4 0 1 0 1 99 137 0 1 0 121 74 42 41 297 306 150 40 71 184 25 161 474 58 142 226 250 47 215 1 0 0 4 0 3 0 0 3 0 7 1 2 0 0 2 0 0 0 2 50 2 0 0 0 0 0 3 0 0 3 0 2 0 0 2 3 0 2 2 0 0 0 0 37 0 0 0 0 15 0 15 0 0 0 0 8 0 0 0 1 0 13 0 0 9 0 19 22 11 16 24 2 0 33 17 10 0 9 16 0 0 0 0 0 0 0 0 0 0 0 1 0 13 1 0 0 0 0 2 0 0 0 0 0 0 0 0 0 0 0 0 0 0 0 0 0 0 0 0 0 0 3 0 0 0 0 0 0 0 0 4 0 0 0 0 0 0 0 0 0 45 25 0 18 30 0 10 39 15 18 14 5 15 20 37 1 32 11 17 0 0 0 0 0 0 2 0 10 0 0 0 13 0 20 0 0 0 0 9 0 17 0 0 0 0 0 0 0 0 0 0 0 0 3 0 0 0 0 0 0 0 0 0 0 0 0 0 0 0 0 0 0 0 20 0 0 87 0 0 2 0 0 0 0 0 11 0 0 0 0 0 0 0 0 0 0 0 0 2 0 0 0 0 0 11 0 0 0 0 
 0 0 0 0 0 0 0 0 0 0 0 0 0 2 0 0 4 0 74 0 121 0 189 354 343 64 161 421 488 278 63 175 135 122 159 279 508 126 55 534 22 0 0 0 0 3 0 0 3 0 44 2 0 0 0 2 1 15 0 2 0 2 0 1 0 0 0 3 0 0 0 0 2 0 0 2 2 0 3 1 19 0 2 0 23 18 0 0 0 0 0 0 0 0 0 0 0 0 0 0 21 0 31 10 12 9 27 30 53 9 0 23 21 41 11 86 47 10 20 13 10 0 0 0 0 0 8 21 0 0 0 0 26 0 13 0 0 0 33 0 0 0 0 0 0 0 0 0 0 0 0 4 0 0 0 0 0 0 0 0 0 0 0 0 0 4 0 0 0 0 0 0 0 0 0 0 0 0 0 0 0 0 0 52 36 0 33 1 18 1 1 9 0 4 14 11 0 22 0 39 1 0 2 0 0 0 11 0 0 0 0 0 13 0 0 0 0 0 22 1 0 0 0 0 0 0 0 0 2 0 0 0 0 0 0 0 0 0 0 0 0 0 17 0 0 0 0 0 0 0 0 0 0 0 12 1 2 1 112 0 41 1 0 0 0 0 7 0 0 0 0 0 0 0 0 0 0 0 0 0 0 7 0 0 0 0 0 0 0 0 
 0 0 0 2 23 77 0 0 1 0 0 0 0 0 3 1 32 0 0 0 74 189 0 281 58 49 269 407 119 50 118 160 366 57 130 187 424 30 283 94 63 0 0 0 2 3 0 0 3 0 0 1 36 0 7 2 0 6 61 2 29 2 0 0 0 0 0 3 0 0 0 0 2 0 4 2 3 0 2 3 0 2 0 0 13 26 0 0 0 0 0 0 0 1 0 0 0 0 0 0 3 11 18 34 12 21 0 3 14 1 12 25 15 0 0 73 1 20 0 1 7 0 0 0 0 0 15 11 0 0 0 0 25 0 31 0 0 5 10 13 3 0 0 0 0 0 0 0 0 0 0 0 2 0 0 12 0 0 3 0 0 2 0 3 0 0 0 0 0 0 0 0 0 1 0 0 4 0 2 0 30 0 100 14 12 21 9 0 30 4 8 14 1 0 0 23 1 28 0 53 8 11 0 0 0 0 0 0 0 0 0 0 0 0 13 0 2 0 0 23 0 0 0 0 0 0 0 0 0 0 0 0 0 0 0 0 0 0 0 26 0 0 0 0 0 0 1 0 0 0 0 0 0 0 5 2 2 3 1 0 0 32 0 0 0 0 9 0 0 0 0 0 0 0 0 0 0 2 0 0 0 0 0 0 0 1 0 0 0 0 
 0 2 2 2 2 77 2 2 2 2 77 4 4 4 4 7 4 2 2 4 42 354 281 0 344 64 525 79 182 91 67 178 161 87 204 267 180 143 277 609 3 2 0 0 5 3 0 0 3 0 2 6 64 207 8 2 0 9 23 66 1 2 0 2 1 3 0 3 0 47 0 3 2 0 0 2 3 2 3 0 0 0 21 0 0 18 12 0 0 0 0 0 0 0 0 0 0 0 0 0 11 11 2 34 14 16 21 0 0 0 22 24 17 31 0 23 2 11 0 9 10 0 0 0 0 0 8 13 0 0 0 0 14 0 19 0 0 0 1 12 5 0 9 0 0 0 0 0 0 0 0 0 0 0 0 0 0 0 7 0 0 0 0 1 0 0 0 0 6 0 0 0 0 0 0 0 6 0 0 0 18 0 8 13 15 40 22 9 18 0 0 32 0 13 3 0 0 34 0 11 10 8 1 0 0 0 0 16 0 0 0 0 0 0 0 0 0 1 19 4 0 0 0 0 0 0 0 0 1 0 0 0 0 0 0 0 0 0 0 0 0 0 0 0 0 0 0 0 0 0 0 0 0 0 19 0 2 78 64 0 3 1 0 0 0 0 0 0 0 0 0 0 0 0 0 0 0 0 0 0 0 0 0 0 0 0 0 0 0 0 
 0 3 3 3 3 4 3 3 3 3 2 28 3 4 3 6 3 3 3 3 41 343 58 344 0 56 109 58 400 389 153 113 179 80 84 401 57 41 63 300 78 122 0 0 2 3 62 0 3 64 0 1 107 131 144 2 63 6 154 191 2 4 0 0 0 4 2 16 0 0 1 3 2 0 1 2 3 0 3 6 0 0 0 0 0 0 0 0 0 0 0 0 0 0 0 0 0 0 0 0 0 1 18 18 39 23 0 10 0 12 14 17 0 40 0 1 9 11 0 0 7 13 21 0 0 0 10 12 1 0 9 0 15 2 16 9 0 0 19 11 5 0 0 0 0 0 0 0 0 0 0 0 0 0 0 0 0 0 0 0 0 0 0 0 0 0 0 0 0 0 0 0 3 0 0 0 0 0 0 0 0 0 0 0 20 6 10 0 0 0 17 0 0 15 0 0 16 10 0 0 11 1 7 0 0 0 14 10 12 0 21 8 10 12 0 21 19 16 48 10 0 0 0 0 0 0 0 0 0 6 0 0 0 0 0 0 0 0 0 0 0 0 50 0 0 0 0 0 0 0 0 0 0 0 5 0 3 2 1 2 1 0 0 0 0 0 0 0 0 0 0 0 0 0 0 0 0 0 0 0 0 35 0 0 0 0 0 0 0 0 
 5 0 0 3 3 0 0 0 0 73 0 1 0 4 0 2 0 0 0 0 297 64 49 64 56 0 234 120 140 76 186 146 30 255 143 73 227 134 91 51 152 125 0 66 0 3 5 0 6 20 0 1 81 0 108 71 25 0 66 77 51 2 0 0 0 0 0 3 1 0 49 0 2 0 0 2 3 2 3 0 0 0 0 0 0 0 0 0 0 0 0 2 0 0 0 0 0 0 0 0 0 18 1 65 5 1 0 0 0 0 13 1 2 0 4 10 0 0 0 0 19 1 0 35 14 12 0 0 65 13 0 11 30 52 0 0 1 11 7 36 2 0 0 0 0 0 0 0 0 0 0 1 0 11 0 0 0 0 0 0 0 0 0 0 0 2 0 0 0 0 0 0 0 0 0 0 0 0 0 0 0 6 13 0 0 15 0 12 0 9 24 31 0 14 0 15 0 71 0 0 28 16 7 0 19 0 7 15 1 0 0 12 1 0 0 4 0 21 8 30 1 0 1 0 0 0 0 0 0 0 0 0 0 0 3 0 0 0 0 0 0 0 1 0 0 0 0 0 0 0 0 0 0 0 8 0 0 0 0 1 7 1 0 0 0 0 0 0 0 0 0 0 0 0 0 0 0 0 0 0 0 0 0 0 0 0 6 0 0 0 
 0 3 0 1 62 64 0 2 0 0 72 0 0 1 96 2 0 76 0 2 306 161 269 525 109 234 0 99 145 190 47 45 408 372 57 53 53 136 494 83 4 1 0 0 0 3 0 0 3 0 0 4 0 0 0 2 63 0 0 2 2 2 0 0 0 0 0 3 0 0 0 0 2 0 0 2 3 0 3 0 0 0 0 10 1 0 2 0 0 8 25 1 0 0 0 0 19 0 0 0 14 0 15 0 8 0 0 27 0 19 8 8 14 31 5 0 53 19 0 17 0 0 0 0 0 0 0 0 0 0 0 0 0 14 0 0 10 0 0 0 1 0 0 0 0 0 0 0 0 0 0 0 0 0 0 0 0 0 0 0 0 0 1 29 13 0 0 0 0 0 7 0 0 0 0 0 0 0 0 0 13 30 7 10 17 0 24 12 26 7 22 9 11 45 15 23 0 37 41 15 0 0 0 0 0 0 0 0 0 0 0 0 0 0 0 0 0 0 20 0 0 0 0 0 0 0 2 0 0 0 0 0 0 0 0 0 0 0 1 0 0 0 2 0 0 0 2 0 0 72 0 0 1 0 13 0 2 1 1 2 4 2 0 0 0 0 0 0 0 0 0 0 0 0 1 0 0 0 0 10 0 15 0 0 0 0 0 0 0 0 
 2 3 1 1 2 4 3 2 1 1 3 3 1 2 2 2 3 2 2 4 150 421 407 79 58 120 99 0 687 137 181 113 98 157 117 263 331 44 74 67 3 0 0 0 1 3 1 0 3 0 2 1 3 0 7 2 0 0 4 2 6 2 49 1 1 0 2 3 2 0 1 0 3 1 2 2 4 0 2 2 0 0 0 15 0 0 0 0 2 0 6 0 0 0 0 0 0 0 0 0 24 90 11 10 30 11 0 15 50 34 0 12 0 0 8 54 12 39 0 6 0 0 0 0 0 0 0 12 0 0 0 0 21 0 15 0 0 0 24 1 0 0 0 0 0 0 0 1 0 0 0 0 0 0 1 0 0 0 0 0 0 0 22 6 0 6 0 0 0 0 0 0 0 0 7 0 0 0 0 0 0 9 2 8 39 1 0 0 0 17 0 42 0 1 9 15 12 44 7 0 19 0 0 0 0 0 0 0 0 0 0 0 12 0 2 0 0 2 20 20 0 0 0 0 0 0 0 0 0 0 0 0 0 0 0 0 0 0 17 0 0 0 0 0 0 0 74 0 0 0 0 0 0 0 6 0 4 78 77 2 11 0 0 0 0 0 0 0 0 0 0 0 0 0 0 0 0 0 0 0 0 14 0 0 0 0 0 0 0 0 
 0 0 0 0 6 0 0 0 0 0 0 0 0 1 3 0 33 0 2 4 40 488 119 182 400 140 145 687 0 179 252 197 146 146 228 149 465 114 162 50 12 68 0 0 0 8 0 0 3 0 0 1 0 2 0 2 3 24 2 3 0 2 10 1 0 0 3 3 5 0 0 7 2 0 0 4 3 2 3 4 0 0 2 0 0 0 0 0 0 0 19 0 2 0 0 0 0 0 0 4 24 1 32 0 2 30 18 45 10 34 0 37 0 33 18 54 49 19 0 13 0 0 8 0 2 0 3 1 1 0 0 0 1 0 0 0 0 0 12 31 0 0 0 0 0 0 0 0 0 0 2 0 0 0 0 0 0 0 0 0 0 0 0 0 0 19 0 0 1 0 0 0 4 0 0 0 0 0 0 0 1 2 12 21 45 34 16 0 16 1 7 13 0 5 9 12 23 29 11 2 0 0 0 0 0 0 3 0 0 0 1 0 14 0 20 0 1 0 11 20 0 0 0 0 0 0 0 0 0 0 0 0 0 0 0 0 0 0 0 0 0 0 19 0 0 0 0 0 0 0 0 0 0 0 15 0 2 80 154 1 3 0 0 0 0 0 21 0 0 0 0 0 0 0 0 0 0 0 0 3 0 17 0 0 0 11 0 0 0 0 
 0 1 0 1 0 1 0 0 0 0 0 0 0 0 0 2 26 2 0 0 71 278 50 91 389 76 190 137 179 0 313 85 61 283 286 186 274 360 96 92 0 0 0 1 2 3 0 2 3 0 3 2 63 0 0 2 6 1 1 2 51 2 3 0 3 6 0 3 0 0 0 2 5 0 0 6 3 2 3 3 0 0 0 0 0 0 0 0 0 0 0 0 0 0 0 0 0 0 0 0 1 0 0 11 11 64 0 19 11 12 48 20 0 0 8 28 0 0 0 15 0 0 21 0 0 0 13 0 0 0 0 0 9 36 0 0 0 0 15 12 0 0 0 0 0 0 0 0 0 0 0 0 0 0 0 0 0 0 0 0 0 0 0 0 0 0 0 0 0 0 0 0 24 21 0 0 0 0 0 0 0 34 38 2 21 35 0 11 0 19 50 12 1 35 29 57 16 21 25 0 0 0 0 0 0 0 8 0 9 0 0 0 1 0 25 12 0 1 11 13 0 0 0 0 0 0 0 0 0 0 0 0 0 0 0 0 0 0 0 0 0 0 0 0 0 2 0 0 0 0 0 0 0 0 23 0 0 10 3 0 1 1 0 0 0 61 0 0 0 0 0 0 0 0 0 0 0 0 0 0 0 0 0 0 0 0 0 0 0 0 
 2 0 0 0 0 0 0 0 0 0 1 5 2 0 2 3 3 0 79 0 184 63 118 67 153 186 47 181 252 313 0 197 479 36 146 274 188 112 249 67 2 0 0 0 1 5 0 0 3 0 1 1 98 0 0 2 0 0 4 3 30 2 0 3 0 0 0 44 4 0 0 0 2 0 0 2 3 0 2 2 0 0 0 0 0 1 0 0 0 0 0 0 0 0 9 0 0 15 0 0 0 52 0 53 37 9 0 11 19 0 0 0 0 0 10 33 0 9 0 0 0 0 18 0 0 0 13 18 0 0 0 0 46 29 15 0 0 0 0 6 0 0 0 0 0 4 0 0 0 0 0 0 0 0 0 1 0 0 2 0 0 0 0 0 0 0 0 0 0 0 0 0 1 0 0 0 0 0 0 0 0 23 21 0 31 42 0 9 0 29 12 32 0 14 0 3 29 8 0 0 17 30 0 0 0 0 0 0 1 0 10 0 0 0 0 12 7 0 0 30 0 0 0 0 1 0 0 0 0 0 0 0 0 0 42 0 0 1 0 0 0 0 0 0 0 0 0 0 0 0 0 0 0 0 13 0 1 74 0 0 0 22 0 0 0 0 0 0 0 0 0 0 0 0 0 0 0 0 0 0 0 0 0 1 0 0 0 0 0 0 
 3 72 2 2 1 0 3 1 2 1 1 2 1 1 3 2 1 1 25 1 25 175 160 178 113 146 45 113 197 85 197 0 39 48 128 98 216 156 34 103 0 64 0 0 2 3 1 0 3 0 0 1 132 62 62 2 0 4 81 65 1 2 0 0 0 0 0 3 0 0 0 0 2 0 0 2 3 0 67 2 0 0 0 0 0 0 0 0 0 0 0 3 0 0 0 0 0 0 0 0 0 0 21 38 44 32 0 0 0 0 13 15 0 0 12 10 0 11 0 0 7 0 5 0 0 10 39 10 0 0 0 0 9 28 13 1 0 0 27 33 3 0 0 0 0 0 0 0 0 0 0 0 0 0 0 0 0 0 0 0 0 0 0 0 0 0 0 0 0 0 0 1 6 0 0 0 0 0 0 0 0 0 40 18 7 17 0 0 0 0 63 12 2 0 0 10 12 13 0 0 0 2 0 0 0 0 11 0 0 0 0 0 1 0 0 30 0 12 29 0 2 0 0 0 0 0 0 0 0 0 0 0 0 0 0 0 0 0 0 0 0 0 0 0 0 0 2 0 0 0 0 0 0 0 21 0 0 24 2 0 0 0 0 0 0 0 13 0 0 0 0 0 0 0 0 0 0 0 0 0 0 0 0 0 0 0 16 0 0 1 
 2 2 0 2 0 77 0 1 1 0 75 2 0 3 0 3 74 24 0 0 161 135 366 161 179 30 408 98 146 61 479 39 0 274 93 131 109 172 308 292 2 0 0 6 0 3 0 0 3 0 0 2 0 0 0 2 0 3 73 2 0 2 0 0 0 0 0 4 0 0 2 0 2 0 0 2 3 0 3 3 8 0 0 0 12 21 0 0 0 0 0 0 0 9 0 0 13 0 0 0 26 1 40 0 0 0 30 35 21 34 8 28 37 28 12 19 56 53 19 25 0 0 1 0 0 0 0 0 0 0 0 0 0 0 0 0 0 0 0 0 0 0 0 0 0 0 0 0 0 0 0 4 2 0 0 0 0 0 0 0 0 0 3 1 0 10 0 0 0 0 0 0 0 1 0 0 0 0 0 0 0 1 1 37 19 0 22 11 57 1 2 0 5 19 13 0 0 2 15 62 0 0 0 0 0 0 0 0 0 0 0 0 0 0 0 0 0 2 0 1 0 0 0 0 0 1 0 0 0 0 0 0 0 0 0 0 0 0 0 0 0 0 9 0 6 0 0 0 0 75 0 1 0 0 9 0 1 75 79 2 1 0 0 0 0 0 0 0 0 0 0 0 0 0 0 0 0 0 0 13 0 0 0 0 0 11 0 0 0 0 
 4 2 2 2 2 73 1 2 1 2 3 2 2 2 2 2 138 2 2 0 474 122 57 87 80 255 372 157 146 283 36 48 274 0 152 121 97 125 186 261 2 0 0 0 1 3 3 1 5 27 2 1 0 4 0 2 2 4 0 4 0 2 0 0 0 0 0 3 0 0 0 0 2 0 0 2 3 0 3 3 0 0 0 11 0 2 0 0 0 0 26 0 0 0 0 0 0 0 0 21 24 0 0 0 0 0 11 41 0 1 16 20 15 42 18 16 2 2 0 44 0 0 0 0 0 0 0 0 0 0 0 0 0 0 0 0 16 0 0 0 0 0 14 0 0 0 0 13 0 0 0 0 0 0 0 0 0 0 0 0 0 0 3 6 0 42 0 0 8 0 0 0 0 0 0 1 4 0 0 0 35 20 0 35 7 2 20 0 27 0 30 25 17 24 8 10 0 20 10 11 0 0 0 0 0 0 0 0 0 0 0 0 0 0 0 0 0 0 0 0 0 0 3 6 0 0 0 0 0 0 0 0 0 0 0 0 0 2 0 0 0 0 0 0 0 0 29 0 0 1 0 0 0 0 16 0 0 3 40 0 3 0 0 0 0 0 0 0 0 0 0 0 0 0 0 0 0 18 0 0 0 0 0 2 0 0 0 0 0 0 
 0 0 0 0 2 1 0 0 0 0 0 0 0 2 0 0 0 0 0 0 58 159 130 204 84 143 57 117 228 286 146 128 93 152 0 182 136 49 53 125 7 0 0 0 1 3 0 0 3 0 5 1 1 0 0 2 0 0 13 2 0 2 0 4 0 0 0 3 0 0 0 0 2 0 0 2 3 0 3 0 0 0 0 0 0 16 0 0 0 0 0 0 0 0 0 0 12 0 0 0 0 30 27 11 32 10 6 0 51 31 8 11 14 27 14 21 34 68 12 1 0 0 0 0 0 0 0 15 0 0 0 0 18 0 50 0 0 0 3 0 0 0 26 0 0 0 0 2 0 0 0 1 0 0 0 0 0 0 0 0 0 0 0 0 0 0 0 0 7 0 0 0 0 0 0 0 0 0 0 0 0 0 2 9 32 12 15 13 14 0 1 62 0 0 19 0 1 36 0 12 19 0 0 0 0 0 0 0 0 0 0 0 0 0 0 0 0 0 23 15 0 0 0 0 0 0 0 0 0 0 0 0 0 0 0 0 0 0 0 2 0 0 0 0 0 0 0 0 0 0 0 9 0 0 6 1 0 3 1 0 0 0 0 0 0 0 0 0 0 0 0 0 0 0 0 0 0 0 0 0 0 16 0 0 0 0 0 0 0 0 
 0 0 0 0 210 81 0 0 0 0 66 3 0 4 0 2 0 0 1 2 142 279 187 267 401 73 53 263 149 186 274 98 131 121 182 0 132 174 102 140 0 0 0 0 0 3 0 0 3 0 0 37 128 0 0 2 0 4 0 2 51 2 0 0 0 0 0 3 0 0 1 0 2 0 0 2 3 0 2 2 0 0 0 0 13 24 0 17 0 0 0 0 0 0 0 0 0 0 0 0 1 14 0 9 13 11 1 8 8 0 15 24 13 0 29 0 0 0 1 21 0 0 8 0 0 0 6 0 0 0 0 0 9 10 7 0 0 0 0 0 3 0 1 0 0 0 0 0 0 0 0 0 0 0 0 0 0 0 4 0 0 0 0 14 0 14 0 0 0 0 0 0 3 0 0 0 0 0 0 0 18 12 23 30 0 0 19 15 10 49 28 1 9 1 12 24 15 0 0 28 8 14 2 0 0 0 21 0 0 0 0 0 0 0 0 21 0 0 18 15 0 0 0 0 0 0 0 0 2 0 0 0 0 0 0 0 0 0 0 0 0 0 0 0 0 0 0 0 0 0 0 0 0 0 11 2 1 1 3 0 1 8 0 0 0 0 0 0 0 0 0 0 0 0 0 0 0 0 0 10 0 0 0 0 0 2 0 0 0 0 
 0 2 0 0 0 80 0 0 2 0 0 0 0 0 1 2 0 1 0 0 226 508 424 180 57 227 53 331 465 274 188 216 109 97 136 132 0 145 36 51 0 0 0 0 0 3 0 0 3 0 0 0 78 0 0 2 0 72 0 3 0 2 0 3 0 0 0 3 0 0 60 0 3 0 0 2 11 0 2 0 0 0 0 0 0 0 0 0 0 0 0 0 0 0 0 0 15 0 0 0 22 0 37 15 8 11 7 0 1 0 0 30 16 25 10 38 13 11 0 10 0 0 7 0 0 0 27 8 0 0 0 2 9 25 6 0 0 0 10 8 0 0 0 0 0 0 0 0 0 0 0 0 0 2 0 0 0 0 0 0 0 0 0 0 0 0 0 1 0 0 2 0 2 0 2 0 0 0 0 0 0 12 64 56 7 10 3 10 12 7 17 23 0 32 0 20 19 24 0 25 0 0 0 2 0 0 10 0 1 0 0 0 12 0 0 11 0 0 22 0 0 0 0 0 0 0 0 0 0 0 0 0 1 0 0 0 0 0 0 0 0 0 1 0 0 0 0 0 0 0 0 0 0 0 5 0 2 0 83 0 0 3 0 0 0 0 12 0 0 0 0 0 0 0 0 0 0 0 0 1 0 0 0 0 0 0 11 0 0 0 
 2 0 0 0 0 73 2 0 0 2 4 0 0 1 2 1 0 36 0 0 250 126 30 143 41 134 136 44 114 360 112 156 172 125 49 174 145 0 175 43 0 0 0 0 0 3 0 0 3 2 0 1 28 0 0 2 0 5 3 4 0 2 0 14 0 0 0 3 0 0 0 0 2 3 0 2 44 0 2 0 0 0 0 0 0 1 0 0 0 0 0 0 0 0 0 0 0 0 0 0 8 23 0 32 3 12 8 17 11 0 6 12 18 13 0 18 1 0 0 30 0 0 12 0 0 0 10 6 0 0 0 0 0 32 0 0 0 0 0 0 0 0 0 0 0 0 0 0 0 0 0 0 0 0 0 0 0 0 0 0 0 0 0 0 0 1 0 0 0 0 0 1 7 0 0 0 0 0 0 0 0 49 3 19 11 1 1 10 13 31 50 27 11 23 6 20 24 14 0 30 0 1 0 0 0 0 0 0 0 0 12 0 0 0 0 17 11 0 0 1 2 0 0 0 0 0 0 0 0 0 0 0 0 0 0 0 0 0 0 0 0 0 0 0 0 0 0 0 0 0 0 0 0 0 29 0 3 78 38 0 2 0 0 0 0 0 0 0 0 0 0 0 0 0 0 0 0 0 0 9 0 0 0 0 0 0 0 0 0 0 
 0 93 60 81 147 0 7 156 71 73 135 92 0 0 1 62 75 5 2 0 47 55 283 277 63 91 494 74 162 96 249 34 308 186 53 102 36 175 0 194 0 1 0 1 0 3 2 0 3 0 0 1 0 0 0 2 0 62 0 2 0 2 0 0 0 0 0 3 0 0 0 46 2 0 0 2 3 0 52 29 0 2 0 37 1 3 0 0 22 14 21 7 0 0 0 6 7 13 0 0 12 0 11 0 0 1 0 41 0 0 15 8 6 19 15 12 20 11 6 62 0 0 0 0 0 0 0 0 0 0 6 0 0 0 2 7 0 6 0 0 0 0 0 0 0 0 0 2 0 0 0 0 0 0 0 0 17 0 0 0 0 3 10 36 11 7 0 0 0 0 6 2 0 0 0 10 0 0 2 0 19 19 0 2 10 0 1 7 3 0 19 0 21 17 18 18 12 2 26 12 0 0 0 0 0 0 0 0 0 0 0 0 0 0 0 0 0 0 0 0 1 0 0 0 0 0 0 0 0 0 0 0 0 0 0 0 0 0 0 0 0 0 0 0 0 0 74 0 0 1 0 0 21 0 4 0 0 1 0 0 0 1 0 0 0 0 0 0 0 0 0 0 0 0 0 0 13 2 0 0 0 0 0 0 2 0 0 0 0 2 
 0 3 4 3 3 77 3 3 4 4 75 122 3 3 15 3 178 90 3 3 215 534 94 609 300 51 83 67 50 92 67 103 292 261 125 140 51 43 194 0 0 0 0 0 1 3 1 2 3 56 1 63 0 0 0 2 1 3 0 7 0 2 0 0 4 0 0 3 0 0 0 1 2 3 0 2 3 0 3 0 0 0 0 15 24 21 0 0 0 0 0 19 0 0 0 13 0 2 0 0 47 0 8 0 0 0 26 0 15 18 8 11 20 18 9 0 2 12 10 8 0 0 0 0 0 0 0 0 0 0 0 2 1 0 0 0 1 0 0 0 0 0 20 0 0 0 0 2 0 0 0 0 0 0 0 0 0 0 0 0 0 0 21 8 16 27 0 0 5 8 0 0 0 0 0 6 16 11 0 1 22 1 10 1 32 9 20 19 25 0 0 10 8 8 16 12 33 6 0 20 0 0 0 0 0 0 0 0 0 0 0 0 1 0 0 0 0 0 0 0 0 0 0 0 1 0 0 0 0 0 0 0 0 0 0 0 0 0 0 0 0 0 0 0 0 0 74 0 0 73 0 0 0 0 13 0 3 0 2 1 0 0 0 0 0 0 0 0 71 0 0 0 0 0 0 8 17 17 0 0 0 1 0 0 0 0 0 0 0 1 
 3 0 0 0 0 0 0 0 0 0 0 0 0 2 1 0 2 0 71 0 1 22 63 3 78 152 4 3 12 0 2 0 2 2 7 0 0 0 0 0 0 134 433 201 63 42 82 115 121 313 36 27 113 54 104 239 85 127 99 122 0 0 3 0 0 0 0 1 0 0 0 0 0 0 0 2 0 0 4 0 0 0 0 0 0 0 0 0 0 0 0 0 0 0 0 0 0 0 0 0 0 5 8 0 11 0 0 3 0 4 0 0 0 1 0 0 3 8 0 0 71 7 29 50 11 14 0 19 82 12 2 13 15 66 0 0 26 10 0 7 19 0 0 0 0 0 0 0 24 0 0 0 9 34 0 0 0 0 0 0 0 0 0 0 0 0 0 0 0 0 0 0 8 0 0 0 0 0 0 0 0 0 0 0 27 0 3 0 0 0 0 0 0 0 12 0 0 5 0 0 21 38 15 28 11 0 12 64 0 8 0 18 5 10 0 0 1 1 54 14 0 0 0 0 0 0 6 4 0 0 0 64 0 0 0 0 0 0 19 0 0 0 31 0 0 0 0 0 0 0 0 5 1 2 0 0 0 0 0 1 0 0 0 0 0 1 0 0 0 0 1 0 0 0 0 0 0 0 0 0 0 14 0 0 0 0 0 0 2 0 
 2 1 0 1 1 63 80 29 0 33 0 68 0 36 0 34 0 0 0 64 0 0 0 2 122 125 1 0 68 0 0 64 0 0 0 0 0 0 1 0 134 0 289 52 92 110 73 137 124 173 47 260 102 85 108 48 69 26 38 78 0 0 0 0 0 0 0 0 0 0 0 0 60 0 0 0 0 0 0 0 0 0 0 0 0 0 17 0 0 1 2 6 0 0 12 0 9 0 0 0 0 0 0 27 8 0 0 0 0 0 0 0 0 0 0 0 0 0 23 0 0 0 0 0 0 10 4 0 9 10 11 0 0 7 0 0 0 0 5 20 1 0 0 0 0 0 1 0 0 0 0 0 0 0 0 0 0 0 0 48 0 0 0 0 0 0 0 3 19 17 0 22 0 0 0 0 0 0 11 0 0 0 0 0 0 21 0 0 0 0 0 0 17 0 0 0 0 0 22 0 0 8 8 23 0 9 0 8 0 10 0 0 10 0 0 0 0 43 28 9 0 0 0 0 0 0 9 0 0 14 0 0 4 46 0 0 0 0 1 0 0 0 0 0 0 0 0 0 0 0 0 19 0 0 0 0 0 64 0 9 0 0 0 1 0 0 0 0 0 0 0 0 0 0 0 0 0 0 0 0 0 0 0 0 0 15 0 0 2 4 
 0 0 3 0 0 0 0 0 0 0 0 0 0 0 0 0 0 0 0 0 0 0 0 0 0 0 0 0 0 0 0 0 0 0 0 0 0 0 0 0 433 289 0 128 50 251 72 166 146 138 169 122 58 58 277 86 132 163 44 24 7 4 59 3 215 220 0 5 4 6 0 7 22 6 7 5 0 0 67 54 0 0 0 0 0 0 0 0 0 0 0 0 0 0 0 0 0 0 0 0 0 0 0 0 0 0 0 0 0 0 0 0 0 0 0 0 0 0 0 0 10 0 11 0 0 26 10 10 9 22 14 0 0 0 11 24 25 0 0 0 0 0 7 12 21 0 21 0 1 5 4 0 7 10 1 0 0 12 21 11 0 4 0 0 0 0 0 2 0 0 0 3 0 0 0 0 0 0 2 0 0 5 0 0 0 6 0 0 0 0 0 0 0 0 0 0 0 0 0 0 0 9 12 20 0 0 10 6 7 47 0 0 0 0 0 0 12 20 0 0 27 0 0 4 0 0 10 0 5 2 0 0 10 8 0 0 0 3 12 0 0 0 0 0 0 0 0 0 0 0 0 4 0 2 0 0 0 0 0 9 0 0 0 65 6 1 0 0 0 0 10 0 0 0 0 2 0 0 0 0 0 0 0 0 0 0 0 3 2 0 
 0 0 1 1 0 0 0 0 3 0 0 1 0 0 2 1 64 3 0 0 4 0 0 0 0 66 0 0 0 1 0 0 6 0 0 0 0 0 1 0 201 52 128 0 148 111 241 293 200 199 154 138 141 171 97 83 43 59 109 51 0 1 2 0 0 0 0 4 3 0 0 0 1 3 1 7 0 0 4 2 0 0 0 4 4 0 0 0 0 5 0 1 0 0 0 0 0 0 0 0 0 0 0 0 0 0 0 0 0 0 0 0 0 0 0 0 0 0 5 0 20 32 0 21 1 15 15 0 10 40 0 12 0 18 20 10 19 36 0 8 5 0 0 0 0 6 11 0 1 0 0 0 7 10 5 0 0 0 14 0 0 3 1 0 0 0 0 0 0 1 0 8 0 0 0 5 0 0 0 0 0 8 0 0 0 0 0 3 0 0 0 0 5 0 4 0 5 0 0 0 3 34 28 0 0 0 19 30 75 8 8 0 15 9 21 6 0 22 13 0 30 0 0 0 0 0 11 0 0 0 0 0 0 0 0 0 0 0 14 20 0 0 0 0 0 0 0 0 0 0 0 2 0 0 0 0 0 0 0 9 0 0 2 64 2 15 0 0 0 0 0 0 0 0 0 2 0 0 0 0 0 0 0 0 3 0 0 0 1 0 
 2 0 0 0 28 28 0 62 62 37 0 55 0 63 0 3 0 61 0 62 0 0 2 5 2 0 0 1 0 2 1 2 0 1 1 0 0 0 0 1 63 92 50 148 0 116 224 103 209 109 97 61 88 185 118 137 71 39 95 54 0 0 0 0 0 0 0 0 0 0 2 0 0 5 5 0 5 0 0 2 0 0 0 0 18 0 0 0 0 0 0 13 0 0 0 10 0 0 0 0 0 0 0 0 0 0 0 0 0 0 0 0 0 0 0 0 0 0 0 0 0 23 0 0 32 0 0 0 0 0 0 8 0 0 33 3 4 42 0 0 20 10 0 0 1 0 12 8 7 0 0 0 22 0 0 12 1 0 29 1 11 15 0 0 11 0 0 5 0 0 0 12 0 0 0 7 7 12 1 0 0 0 0 0 0 0 0 0 0 0 0 0 1 0 0 0 0 0 0 0 0 0 0 0 0 8 0 15 31 1 6 10 18 13 29 12 3 1 0 0 20 0 0 0 0 0 26 23 0 0 0 0 18 18 0 0 0 0 0 0 0 0 10 0 0 0 0 0 0 0 0 4 0 0 0 0 0 2 0 2 0 0 3 66 0 9 2 1 0 0 0 0 0 0 0 13 0 0 0 0 0 0 0 0 15 0 0 0 1 0 
 0 0 0 0 3 0 0 0 2 0 0 0 0 0 0 3 0 0 0 0 3 3 3 3 3 3 3 3 8 3 5 3 3 3 3 3 3 3 3 3 42 110 251 111 116 0 299 149 28 109 197 130 37 64 275 291 94 101 80 54 0 0 2 0 0 0 0 0 0 0 0 212 21 3 4 0 6 0 50 61 0 0 0 0 0 0 0 0 0 0 0 0 0 0 8 0 0 0 0 0 0 0 0 0 0 0 0 0 0 0 0 0 0 0 0 0 0 0 0 0 0 24 0 4 10 21 0 0 0 24 49 1 0 0 12 10 10 16 0 6 1 19 0 15 0 25 15 6 0 0 0 2 0 0 6 2 0 0 0 11 0 2 9 0 0 0 0 2 0 0 0 5 0 0 0 0 0 0 2 0 0 0 0 0 0 0 0 0 0 0 0 0 0 0 0 0 29 0 0 10 1 0 3 24 0 6 0 0 8 23 5 0 0 0 16 9 11 4 0 0 70 0 0 0 0 0 0 21 0 0 0 0 16 8 0 0 0 0 0 0 0 0 0 0 0 0 0 0 0 0 0 4 0 0 0 0 0 0 0 7 0 0 4 75 12 0 4 5 1 0 13 0 0 12 0 0 0 0 0 0 0 0 0 0 0 0 0 13 2 0 
 0 3 3 3 45 48 46 40 68 36 3 65 3 68 3 3 5 65 3 3 0 0 0 0 62 5 0 1 0 0 0 1 0 3 0 0 0 0 2 1 82 73 72 241 224 299 0 193 92 70 34 253 379 192 322 170 49 36 194 152 0 0 0 0 4 0 0 1 3 0 0 0 0 0 0 0 0 0 0 0 0 0 0 0 14 0 0 0 0 0 0 20 0 0 0 20 0 0 0 0 1 0 0 12 8 0 0 0 0 0 11 0 0 0 2 0 0 0 0 1 11 14 0 29 21 10 0 0 11 11 9 21 10 1 10 19 7 16 9 10 9 0 0 0 3 0 0 1 6 0 0 0 0 0 0 0 0 0 0 0 17 12 0 0 18 0 0 19 0 0 0 1 0 0 0 7 7 9 0 0 0 0 0 0 0 0 28 0 0 0 0 0 1 13 0 0 0 0 0 0 11 3 0 0 11 0 11 21 17 0 9 0 17 19 18 7 7 11 10 0 1 0 0 9 0 0 0 0 0 0 0 0 0 1 0 0 0 0 0 0 0 0 0 0 0 0 1 0 0 0 0 4 0 0 0 0 0 0 0 0 0 0 0 1 0 10 2 0 0 0 0 0 0 0 0 9 0 0 0 0 0 0 0 0 9 0 3 0 1 0 
 0 0 0 0 0 0 0 0 0 0 1 0 0 0 0 1 0 0 63 0 0 0 0 0 0 0 0 0 0 2 0 0 0 1 0 0 0 0 0 2 115 137 166 293 103 149 193 0 547 101 180 113 111 176 65 53 62 41 266 56 6 0 6 0 0 6 0 0 0 0 0 0 0 0 0 22 0 1 53 0 0 0 0 0 0 0 0 0 0 0 0 8 0 0 0 0 0 0 0 0 0 0 0 0 0 0 0 0 0 0 0 0 0 0 0 0 0 0 1 0 0 10 7 24 1 14 0 0 25 20 6 0 0 0 9 19 43 14 0 0 4 0 0 0 0 0 10 0 19 0 0 0 19 8 11 0 0 0 40 0 0 2 0 0 0 1 0 0 0 0 0 3 0 0 0 0 0 0 0 0 0 0 0 0 0 0 0 0 0 0 0 0 1 0 0 0 0 3 0 0 0 1 10 30 8 0 0 19 19 30 56 12 0 7 8 0 26 0 0 0 26 19 7 0 0 0 71 0 0 0 0 0 0 10 15 0 0 0 0 0 0 0 2 0 0 0 0 0 0 0 0 4 0 0 0 0 0 0 0 0 0 0 0 71 5 14 0 1 0 0 6 0 0 0 0 0 0 0 0 0 0 0 0 0 0 15 0 0 1 0 
 0 0 1 0 0 0 0 0 0 0 0 0 0 0 0 0 0 0 0 0 3 3 3 3 3 6 3 3 3 3 3 3 3 5 3 3 3 3 3 3 121 124 146 200 209 28 92 547 0 337 64 266 94 187 113 270 291 168 179 293 0 0 3 46 0 0 0 0 0 0 0 0 32 0 0 9 0 0 5 0 0 0 0 0 0 0 0 0 0 0 0 0 0 0 0 0 0 0 0 0 0 0 0 0 0 0 0 0 0 8 0 0 0 16 0 0 0 0 0 0 0 0 103 19 31 13 7 20 0 11 0 20 0 0 4 11 72 27 0 0 20 0 0 0 0 0 0 0 12 0 0 0 32 12 0 0 0 0 24 0 0 0 0 0 0 0 0 0 0 0 0 2 0 0 0 0 0 0 0 0 0 0 0 0 0 0 0 0 0 0 0 0 0 0 0 0 0 0 0 0 30 24 16 30 34 0 12 17 13 20 2 20 43 30 29 10 8 25 0 0 0 0 0 0 0 5 68 0 0 0 0 0 0 13 10 0 0 9 14 0 0 0 7 0 0 0 0 0 0 0 0 2 0 0 0 0 0 0 0 1 0 0 1 1 0 16 0 1 2 0 1 0 0 0 0 0 0 0 0 0 0 0 0 0 16 15 0 0 1 0 
 0 2 0 0 0 0 0 0 60 0 2 2 0 2 0 0 0 0 0 0 0 0 0 0 64 20 0 0 0 0 0 0 0 27 0 0 0 2 0 56 313 173 138 199 109 109 70 101 337 0 116 104 89 103 500 64 163 102 200 85 3 2 17 0 4 2 0 31 4 14 3 5 53 0 5 206 0 0 88 0 0 0 0 0 0 0 0 0 0 0 0 0 0 0 0 0 0 0 0 0 0 0 0 0 0 0 0 0 0 0 0 0 7 0 0 0 0 0 0 0 12 46 9 34 0 46 0 4 29 33 36 0 30 8 12 16 0 0 0 10 0 0 6 0 0 0 0 0 5 19 0 0 0 0 5 6 3 5 1 4 0 0 0 0 0 3 0 2 0 0 0 0 0 0 0 0 0 5 9 0 0 0 0 0 0 0 0 0 7 0 0 0 0 0 0 0 0 0 0 0 10 10 60 8 0 3 17 30 20 22 17 13 1 12 0 0 17 24 7 0 10 0 0 7 0 0 4 0 5 3 0 5 19 0 0 0 8 6 21 0 0 0 0 0 0 0 0 0 1 0 0 12 0 0 0 0 0 0 0 16 0 0 0 0 0 5 0 0 0 0 20 0 0 0 0 11 0 0 0 0 0 0 0 0 0 0 0 0 2 0 
 0 0 1 0 0 0 0 0 0 0 0 3 0 2 0 3 0 6 0 0 7 44 0 2 0 0 0 2 0 3 1 0 0 2 5 0 0 0 0 1 36 47 169 154 97 197 34 180 64 116 0 82 52 52 92 388 202 235 47 59 3 0 3 0 0 0 0 0 0 0 0 0 62 0 51 4 0 0 94 58 0 0 0 5 8 0 0 0 0 7 0 6 39 0 0 0 0 0 0 0 0 0 0 0 0 0 0 0 3 0 0 0 0 0 0 0 0 0 10 0 3 0 15 0 0 14 2 0 0 11 14 10 0 0 0 6 32 18 0 2 0 12 0 16 0 1 9 24 12 0 0 0 15 13 0 7 10 4 10 0 0 0 0 0 0 0 0 0 0 0 0 0 0 0 0 8 0 3 0 0 0 7 5 0 0 16 0 41 3 0 0 0 7 0 17 3 8 0 0 0 0 22 11 29 19 13 0 0 0 11 0 0 0 0 1 2 0 0 0 0 15 0 0 0 0 0 10 11 20 0 0 1 22 13 50 0 0 1 24 11 0 0 7 0 0 0 2 0 0 0 0 11 0 0 0 0 0 0 0 6 0 0 0 0 70 4 2 0 0 0 0 0 0 0 0 0 0 0 0 0 0 0 0 0 19 0 0 34 2 0 
 0 0 0 0 0 0 0 0 0 0 0 0 0 0 0 3 4 0 0 0 1 2 1 6 1 1 4 1 1 2 1 1 2 1 1 37 0 1 1 63 27 260 122 138 61 130 253 113 266 104 82 0 29 58 49 56 169 705 242 50 0 0 3 0 0 0 0 0 0 0 0 0 52 4 53 1 0 0 91 73 0 0 0 0 0 0 0 0 0 0 0 0 0 16 0 0 0 0 0 0 0 0 2 0 22 0 0 0 0 0 0 0 0 1 0 0 0 0 0 0 0 39 0 16 9 45 0 0 0 20 31 2 0 0 0 37 3 21 0 0 0 54 0 10 0 10 8 10 0 0 0 0 1 0 10 8 9 0 6 0 0 0 0 0 0 0 0 0 0 0 0 0 0 0 0 0 0 1 0 0 0 0 0 0 0 0 0 0 0 0 0 0 0 0 0 0 0 0 0 0 0 1 3 6 22 0 0 0 7 25 2 5 0 0 15 14 24 0 0 0 67 20 13 0 0 0 0 1 1 0 0 0 15 0 0 0 0 1 12 13 0 0 1 0 0 0 0 0 0 0 0 3 0 0 0 0 0 0 0 1 0 13 0 0 70 8 0 30 0 2 13 0 0 0 0 0 0 0 0 0 0 3 0 0 1 2 0 8 0 0 
 0 2 2 2 2 2 2 2 2 2 2 5 2 2 2 5 2 2 2 2 2 0 36 64 107 81 0 3 0 63 98 132 0 0 1 128 78 28 0 0 113 102 58 141 88 37 379 111 94 89 52 29 0 93 114 37 260 25 166 84 4 0 2 0 0 3 16 2 0 2 0 0 0 0 3 4 3 5 1 8 0 0 0 0 0 0 0 0 0 0 0 0 0 0 0 0 0 7 0 0 0 8 0 47 4 23 0 0 0 0 30 16 0 1 0 0 0 3 0 0 29 1 7 23 0 29 0 1 20 16 0 1 14 18 4 0 0 0 1 40 13 8 0 0 0 0 4 0 7 0 0 5 0 0 4 0 0 0 6 19 0 0 0 0 0 0 0 0 0 15 0 0 3 4 0 0 0 0 0 0 0 0 0 35 0 0 0 1 0 1 27 0 0 1 0 2 20 0 0 0 2 28 7 0 18 0 10 13 1 0 9 0 18 0 0 33 6 16 20 9 0 0 0 0 1 0 6 0 2 1 0 59 0 1 11 0 2 0 0 0 0 0 0 0 0 0 0 0 0 0 0 9 0 0 0 0 0 1 0 0 1 18 0 0 0 0 2 0 2 0 0 0 0 0 0 0 0 0 0 0 0 0 0 0 0 0 10 0 2 0 
 0 2 0 0 2 10 0 0 0 0 0 3 0 2 0 0 0 0 0 61 0 0 0 207 131 0 0 0 2 0 0 62 0 4 0 0 0 0 0 0 54 85 58 171 185 64 192 176 187 103 52 58 93 0 372 106 71 52 195 176 0 0 0 0 0 0 0 11 2 0 0 0 0 0 0 0 0 0 0 0 0 0 0 0 0 0 0 0 0 0 0 0 0 0 0 0 0 0 0 0 0 0 0 0 2 0 0 0 0 0 0 0 0 0 0 0 0 0 0 0 14 20 11 25 11 11 3 5 0 14 11 11 13 0 34 19 2 99 2 19 22 0 0 0 0 0 26 0 0 0 0 7 0 0 0 0 0 0 13 0 0 6 0 0 0 0 0 0 0 0 0 7 0 0 0 0 0 10 1 0 0 0 0 0 0 18 0 0 0 0 0 0 0 0 0 0 0 0 0 0 11 0 0 0 0 0 7 9 23 1 10 11 14 28 37 47 31 38 15 0 20 0 3 0 0 0 0 0 0 0 0 0 0 1 2 0 0 0 0 0 0 0 0 0 0 0 0 0 0 0 0 5 0 0 0 0 0 62 0 1 0 0 0 63 0 3 0 0 0 0 0 0 0 0 0 0 0 0 0 0 0 0 0 0 11 0 0 0 2 0 
 0 0 0 0 0 0 0 0 0 0 0 3 1 1 0 0 0 30 0 0 0 0 7 8 144 108 0 7 0 0 0 62 0 0 0 0 0 0 0 0 104 108 277 97 118 275 322 65 113 500 92 49 114 372 0 171 144 250 187 309 0 0 0 0 203 0 1 4 0 0 0 0 0 0 0 203 17 0 0 1 0 0 0 0 0 0 6 0 0 0 0 0 0 0 0 0 0 0 0 0 0 0 0 0 13 0 0 1 0 0 2 0 0 0 0 0 0 2 0 0 46 24 32 26 14 6 3 10 70 9 6 20 34 8 15 6 3 2 12 10 1 0 0 0 0 0 0 0 0 0 0 0 0 0 0 0 0 0 0 0 0 0 0 0 0 0 0 0 0 0 0 0 0 0 0 0 0 0 0 0 0 0 0 0 0 18 0 0 0 0 0 0 0 0 0 0 0 0 0 0 10 47 11 0 19 0 29 43 27 1 8 30 41 39 7 2 13 16 37 14 1 0 0 0 0 0 0 0 0 0 0 0 0 0 0 0 0 0 0 1 0 0 0 0 0 0 0 0 0 19 0 6 0 1 0 0 0 62 0 0 0 0 0 0 0 1 2 0 3 0 0 0 0 0 0 0 0 0 0 0 0 0 0 0 0 0 0 0 0 0 
 1 0 0 0 0 0 22 0 0 1 0 0 0 0 0 0 0 65 0 0 2 2 2 2 2 71 2 2 2 2 2 2 2 2 2 2 2 2 2 2 239 48 86 83 137 291 170 53 270 64 388 56 37 106 171 0 145 66 56 56 0 0 0 0 0 0 0 0 0 0 0 0 0 0 0 3 0 0 5 0 0 0 0 0 0 0 0 0 0 0 0 0 9 0 0 0 0 0 0 0 0 0 0 0 0 0 0 0 0 0 0 0 0 0 0 0 0 0 0 0 33 11 3 25 17 19 21 0 23 10 8 22 0 0 0 0 37 22 0 0 0 0 0 0 0 3 0 0 0 0 0 0 19 9 0 0 0 4 21 0 0 0 0 0 0 0 0 0 0 0 0 0 0 0 0 0 0 0 0 0 0 0 0 0 0 0 0 0 0 0 0 0 0 0 0 0 0 0 0 0 8 17 7 7 42 9 0 13 12 34 8 35 10 28 7 17 22 50 0 0 0 0 0 0 0 0 43 9 0 0 0 0 8 12 21 0 0 1 23 18 0 0 0 0 0 0 0 0 0 0 0 31 0 1 0 0 0 0 0 0 0 0 1 1 0 1 0 1 0 0 0 0 0 0 0 0 0 0 0 0 11 0 0 0 12 0 0 0 0 0 
 0 0 0 0 3 0 0 0 0 0 0 0 0 2 0 3 0 1 0 0 0 1 0 0 63 25 63 0 3 6 0 0 0 2 0 0 0 0 0 1 85 69 132 43 71 94 49 62 291 163 202 169 260 71 144 145 0 290 373 137 211 5 3 16 6 3 2 20 2 1 0 9 25 12 10 216 1 0 75 52 0 0 0 0 0 0 0 0 0 0 0 0 0 0 0 0 0 0 0 0 0 0 0 0 0 0 0 0 0 11 0 0 0 0 0 0 0 0 0 0 6 17 14 36 16 0 2 20 23 0 25 67 69 0 11 27 1 1 0 0 0 0 4 21 0 15 15 0 0 2 23 0 0 0 0 0 0 12 0 0 0 0 0 0 0 0 0 0 0 0 0 0 0 0 0 0 0 0 0 0 0 0 0 0 16 0 0 0 0 0 0 0 0 0 0 0 0 0 0 0 38 7 0 12 55 10 0 0 35 30 8 43 0 55 6 0 5 6 0 0 15 0 0 4 3 0 0 20 2 2 0 0 2 1 22 0 0 5 0 13 0 0 0 0 0 0 0 0 0 0 0 9 0 0 0 0 0 1 0 0 0 0 1 1 36 1 1 2 0 0 0 0 0 0 0 2 0 0 0 0 0 0 0 0 2 14 0 10 2 0 
 0 0 0 0 2 13 0 0 0 0 61 0 0 0 1 3 0 3 0 0 0 15 6 9 6 0 0 0 24 1 0 4 3 4 0 4 72 5 62 3 127 26 163 59 39 101 36 41 168 102 235 705 25 52 250 66 290 0 235 33 0 0 0 0 0 0 0 0 0 0 0 0 74 0 0 0 0 0 101 50 0 0 0 0 0 1 0 0 0 0 0 0 0 0 0 0 0 0 0 0 3 0 4 0 0 0 8 0 0 0 0 20 0 29 0 8 0 0 0 3 10 0 20 0 0 8 19 20 19 11 18 0 0 0 0 19 30 0 0 0 0 0 0 8 0 0 8 0 1 0 0 0 8 10 0 1 47 0 56 0 0 0 0 0 0 0 0 0 0 0 0 0 0 0 0 0 23 3 0 0 0 0 0 10 1 1 2 0 0 0 0 0 0 7 0 0 0 1 0 9 0 9 13 30 0 8 2 20 0 35 0 9 1 9 0 0 0 13 0 0 8 0 0 0 0 0 21 0 0 0 1 0 0 0 0 0 0 0 42 0 0 0 2 0 0 0 0 0 0 0 0 6 0 0 0 0 0 1 6 0 0 22 1 0 33 0 2 2 0 0 1 0 0 0 0 0 0 0 0 0 0 3 0 0 0 0 0 8 2 0 
 2 2 0 0 2 1 0 0 0 0 7 0 0 3 40 0 0 0 0 0 0 0 61 23 154 66 0 4 2 1 4 81 73 0 13 0 0 3 0 0 99 38 44 109 95 80 194 266 179 200 47 242 166 195 187 56 373 235 0 236 1 0 0 0 0 0 0 7 0 0 0 0 4 7 0 0 2 0 0 0 6 0 0 0 0 0 0 0 0 0 0 0 0 0 0 0 0 0 0 0 0 3 0 7 13 21 0 0 0 12 6 21 0 0 4 0 0 6 0 0 18 6 28 20 14 0 4 20 19 0 15 4 5 0 19 13 0 6 19 14 3 0 0 0 0 0 0 0 0 0 0 0 0 0 0 0 0 12 2 0 0 0 0 0 0 0 0 0 0 0 0 0 0 0 0 0 0 0 0 0 9 0 0 0 0 14 0 10 0 0 1 3 0 0 0 0 0 0 0 0 36 0 1 0 21 0 22 15 20 0 2 10 8 29 0 9 8 1 29 13 0 0 0 0 0 0 0 0 0 0 0 0 0 0 0 0 0 0 0 0 0 0 0 0 0 0 0 0 0 0 0 5 2 2 0 0 0 84 0 2 0 0 2 1 2 1 0 0 2 0 0 0 0 0 0 0 0 0 0 0 0 0 0 0 0 0 0 0 1 0 
 0 5 3 3 3 5 3 3 3 3 3 4 3 3 3 3 3 3 3 3 2 2 2 66 191 77 2 2 3 2 3 65 2 4 2 2 3 4 2 7 122 78 24 51 54 54 152 56 293 85 59 50 84 176 309 56 137 33 236 0 0 0 0 0 0 0 0 3 0 0 0 0 0 0 0 0 0 0 0 0 9 0 0 0 0 12 0 0 0 0 0 0 0 0 0 0 0 0 1 0 0 0 0 0 9 0 0 0 0 0 1 0 0 0 0 0 0 2 0 0 25 9 11 11 0 0 15 29 29 0 13 0 9 0 10 9 0 0 11 23 0 0 0 0 0 0 0 0 0 0 0 0 0 0 0 0 0 0 0 0 0 0 0 20 0 10 0 0 0 0 0 0 0 0 0 0 0 0 0 14 0 0 1 0 1 65 0 0 0 0 0 0 0 0 0 0 0 2 0 0 22 9 11 0 0 0 0 0 6 0 6 21 18 3 0 0 19 8 12 21 0 22 0 0 0 0 0 0 0 0 0 0 0 0 0 0 0 0 0 0 0 0 0 0 0 0 0 0 0 0 0 15 0 0 0 0 0 63 0 0 0 0 3 0 0 0 1 0 2 0 0 0 0 0 0 0 0 0 0 0 0 0 0 0 0 0 0 0 2 0 
 54 0 1 0 0 0 0 0 0 1 0 0 0 0 0 0 0 0 0 0 50 0 29 1 2 51 2 6 0 51 30 1 0 0 0 51 0 0 0 0 0 0 7 0 0 0 0 6 0 3 3 0 4 0 0 0 211 0 1 0 0 168 234 156 51 95 81 109 82 92 74 78 66 153 101 257 18 37 39 100 23 0 0 0 0 0 0 0 0 0 0 0 0 0 0 0 0 0 0 0 0 7 0 26 0 0 6 0 0 0 0 2 0 0 0 0 0 0 0 0 0 0 0 0 0 0 0 0 0 0 5 0 15 14 0 0 0 0 0 0 0 13 11 0 0 1 0 19 4 18 10 0 9 20 1 11 2 9 1 1 0 0 0 0 0 0 0 0 0 5 0 0 0 0 0 0 0 0 0 9 0 18 14 0 0 0 0 13 0 8 0 0 0 6 0 0 0 0 0 0 11 9 0 0 0 0 0 0 0 0 0 0 0 0 0 0 0 1 0 9 9 9 10 3 0 10 0 11 37 19 8 24 0 0 24 1 0 14 1 9 0 0 0 0 0 0 0 0 0 0 0 0 0 0 7 0 0 1 0 4 0 22 0 0 0 0 2 0 0 0 10 0 0 0 2 53 0 0 0 0 0 0 0 19 0 2 0 0 0 0 
