 0 217 291 337 354 29 305 260 107 164 53 129 57 150 485 44 26 135 264 35 0 75 1 0 3 3 0 2 0 3 0 0 0 0 0 1 1 2 3 1 0 3 0 0 2 0 0 0 2 0 0 3 0 0 0 0 0 64 0 0 0 0 0 52 31 0 0 0 0 2 0 4 6 0 3 0 0 0 5 0 27 14 9 0 0 0 0 14 14 16 12 0 28 0 32 10 0 11 13 28 48 0 0 0 0 0 0 0 0 0 0 0 0 0 0 0 0 0 0 0 0 20 0 0 0 0 0 0 0 0 0 24 0 0 0 0 0 0 0 0 0 2 0 0 0 0 0 0 0 0 0 0 0 0 0 0 0 0 0 0 1 36 0 19 0 61 16 14 16 11 0 0 0 0 9 0 13 1 0 7 0 0 0 0 0 0 0 15 0 0 0 0 0 0 0 0 0 0 0 0 0 0 0 0 0 0 0 0 4 0 0 0 0 0 0 0 0 0 0 0 0 0 0 0 0 0 0 2 0 0 0 0 0 0 0 0 0 0 0 0 0 1 0 0 0 0 53 0 2 2 0 8 0 0 0 0 0 0 0 0 0 0 0 0 0 0 0 0 0 0 0 0 0 0 0 0 14 0 0 0 0 0 0 0 0 0 0 0 0 0 
 217 0 281 156 26 116 231 316 236 40 44 123 60 459 224 42 358 70 167 48 0 2 75 1 3 3 0 2 0 3 0 0 0 0 2 0 0 2 3 1 0 3 0 0 2 0 0 0 3 0 0 3 1 2 0 0 0 2 0 0 0 0 0 0 0 0 0 0 0 0 0 3 3 0 6 0 0 0 2 0 31 0 9 27 5 0 0 0 6 0 9 0 0 1 13 23 0 16 16 2 0 0 0 0 0 2 0 0 0 0 0 0 19 0 0 0 0 0 13 0 0 0 0 0 0 0 0 0 0 0 0 17 0 0 0 0 0 0 0 0 0 11 0 0 0 0 0 0 0 0 0 0 0 0 0 0 0 0 0 0 32 28 26 35 45 17 0 18 47 67 72 7 0 6 16 13 64 46 0 13 0 1 0 0 12 0 12 0 0 0 0 0 0 0 0 0 16 0 0 72 0 0 36 0 0 0 0 0 14 0 0 0 0 0 0 0 0 0 0 0 0 0 0 0 0 0 0 0 0 0 0 0 0 0 9 0 0 0 0 0 0 10 0 0 0 3 89 0 5 2 0 7 0 0 0 0 2 0 0 0 0 0 0 0 0 0 0 0 0 0 0 0 0 0 0 0 15 0 0 0 0 0 0 0 0 0 0 0 0 0 
 291 281 0 376 256 112 592 414 152 377 47 36 60 298 177 479 282 181 220 62 0 4 5 0 3 3 0 5 5 4 1 0 0 3 5 0 74 2 3 3 0 7 3 0 2 0 0 2 4 0 0 3 0 3 2 3 0 2 0 1 0 2 2 0 0 3 0 2 2 1 0 3 5 3 9 0 0 5 4 2 14 14 1 2 1 0 29 0 11 2 27 26 0 0 10 21 17 28 43 72 0 7 0 0 0 2 0 0 0 0 0 0 25 0 0 0 2 0 0 0 0 0 0 0 0 0 0 0 0 0 0 0 0 1 0 0 0 0 0 0 2 0 0 0 2 0 0 0 1 0 0 0 0 0 0 0 0 0 0 0 29 32 23 0 3 13 21 48 0 13 36 0 0 13 1 1 8 18 5 0 0 27 0 0 0 0 15 10 0 0 0 1 18 0 0 0 0 0 0 19 0 0 0 0 0 0 0 0 1 0 0 0 0 0 0 0 0 0 0 0 0 0 0 0 0 2 0 0 0 0 0 0 0 0 0 0 0 0 0 0 0 3 0 0 0 0 93 0 2 2 2 8 2 0 0 0 0 2 0 0 0 0 0 0 0 2 0 0 0 0 0 0 0 0 0 18 9 15 0 0 0 0 0 0 0 0 0 0 0 2 
 337 156 376 0 137 38 191 135 259 216 98 52 560 417 158 143 150 135 362 253 0 0 0 0 2 3 76 2 0 2 0 0 0 73 36 0 0 2 3 0 0 3 0 10 2 0 0 0 2 0 0 3 0 1 0 0 0 3 0 0 0 0 0 0 0 0 0 33 0 3 0 3 3 0 3 0 0 0 2 0 0 2 0 8 40 17 14 2 4 0 105 28 1 30 12 14 33 25 42 10 0 10 0 0 0 0 11 0 0 0 0 0 25 0 0 11 0 0 13 0 2 0 0 0 0 0 0 0 0 0 0 0 0 0 20 0 0 0 0 0 0 0 0 0 1 2 0 2 0 0 0 0 0 0 0 0 1 0 0 0 19 2 0 1 0 0 0 11 0 0 20 15 2 1 11 1 0 0 24 0 0 14 0 0 0 0 19 9 0 0 0 2 17 0 0 0 0 0 13 11 2 0 0 0 0 0 0 0 0 0 0 0 0 0 0 10 0 0 0 0 0 0 2 0 0 0 0 2 0 1 0 0 0 0 1 0 0 0 0 0 0 0 0 0 0 0 90 0 1 0 18 11 14 0 0 0 0 0 0 0 0 0 30 0 0 0 0 0 0 0 0 0 0 0 0 4 0 14 0 0 0 0 0 0 0 0 0 0 0 1 
 354 26 256 137 0 66 70 179 145 218 162 133 64 55 76 512 36 143 551 162 74 149 59 2 3 3 0 2 2 4 1 3 2 77 18 8 3 2 18 32 0 3 0 4 2 4 0 0 2 0 0 3 0 2 0 0 0 2 0 0 0 2 0 0 0 3 0 0 0 1 0 3 40 0 9 0 0 0 3 0 0 20 1 18 39 31 0 0 0 1 14 16 10 0 0 0 0 14 0 0 29 29 0 17 0 0 38 0 0 54 5 0 33 10 0 35 20 0 36 32 0 0 0 0 15 0 0 0 0 0 0 2 0 0 0 0 0 0 0 0 0 0 0 0 0 0 0 2 0 0 0 0 0 0 0 0 0 0 0 0 0 0 0 0 0 0 0 0 0 0 2 0 1 0 0 1 6 0 0 0 2 0 0 0 0 0 31 21 4 17 0 0 0 42 0 15 0 14 0 8 16 0 0 0 0 2 0 0 0 0 0 0 0 15 0 11 0 0 0 0 0 0 0 0 0 0 0 0 0 1 0 0 0 0 0 0 0 0 0 0 0 0 0 0 0 46 7 2 4 136 3 7 0 0 0 20 0 0 0 0 0 0 18 0 0 0 0 0 0 0 0 0 0 0 0 0 15 0 0 0 0 0 0 0 0 0 1 0 0 0 
 29 116 112 38 66 0 30 130 42 266 177 130 137 151 34 132 223 69 236 57 73 2 26 0 34 3 153 28 32 30 0 31 43 81 81 0 0 100 20 1 0 3 0 0 2 0 0 0 3 0 0 3 18 0 6 0 0 2 22 0 5 3 0 0 0 0 0 0 0 0 0 3 3 0 9 0 0 0 2 0 0 0 0 17 19 0 0 14 17 0 0 58 0 0 2 18 0 0 0 0 0 20 0 19 0 0 0 36 0 0 0 0 20 10 2 0 0 0 19 13 0 0 2 0 0 0 0 0 0 0 0 0 0 0 0 0 0 0 0 0 0 0 0 0 1 0 0 0 0 0 0 0 0 0 0 0 0 0 0 0 0 0 12 0 38 57 5 0 0 0 10 23 0 41 0 0 6 27 0 0 17 14 0 0 10 0 41 0 0 0 0 10 0 0 0 16 0 0 23 14 0 0 0 0 0 0 0 0 0 0 0 0 0 0 0 0 0 0 0 0 0 0 0 21 0 0 0 0 0 0 0 0 0 0 0 0 0 0 0 0 0 0 0 0 0 6 88 0 1 1 2 4 0 0 0 0 0 0 0 0 10 0 1 0 0 0 0 0 0 0 0 0 0 0 0 0 0 17 0 0 0 0 0 0 0 0 0 0 0 0 
 305 231 592 191 70 30 0 560 221 43 124 130 197 250 320 388 222 194 158 53 0 0 0 203 3 3 0 2 0 4 0 5 0 2 203 0 0 2 4 1 0 3 0 0 2 0 0 0 2 0 0 3 0 2 3 0 0 3 0 3 0 0 0 0 0 0 0 0 0 2 0 3 3 0 3 0 0 0 3 0 35 22 9 41 0 0 13 0 0 24 33 7 15 3 1 43 38 29 21 11 0 0 0 0 0 0 0 0 0 0 0 0 1 0 0 0 0 0 10 0 0 0 0 0 0 0 0 0 0 0 0 22 0 0 0 0 19 0 0 0 0 0 0 0 0 0 0 0 10 0 0 1 0 0 0 0 0 0 0 0 37 36 0 33 10 62 10 45 7 41 0 16 1 7 13 10 7 0 1 16 0 0 2 0 0 0 0 0 0 0 0 0 0 0 0 1 0 0 19 0 0 0 0 0 0 0 0 0 0 0 0 10 0 0 0 0 0 0 0 0 0 0 0 0 0 0 0 0 1 0 0 0 1 0 0 0 0 0 0 0 0 9 0 0 1 2 90 1 1 2 2 5 15 0 0 0 0 0 0 0 0 0 0 0 0 0 0 0 0 0 0 0 0 0 0 0 5 0 0 0 0 0 0 0 0 0 0 0 0 0 
 260 316 414 135 179 130 560 0 198 187 262 202 86 132 174 274 123 136 202 142 0 1 4 1 6 47 0 2 2 3 0 0 74 72 0 2 0 2 77 0 0 3 0 0 2 0 0 2 2 0 0 3 13 1 0 3 0 2 0 0 0 4 0 1 0 0 0 0 0 2 1 3 3 0 3 0 0 0 2 0 13 11 26 20 1 0 17 22 18 0 1 7 13 6 24 0 10 13 22 14 0 0 0 1 0 0 1 1 0 0 0 0 5 1 0 0 0 0 11 0 0 2 0 1 0 21 0 0 0 0 0 15 0 0 2 0 0 0 0 0 0 0 0 0 0 0 0 0 0 16 0 0 0 0 0 0 0 0 0 1 30 0 1 41 0 13 14 0 79 38 8 19 0 0 13 16 15 30 9 13 0 0 0 0 0 2 12 0 1 0 0 0 0 0 0 9 0 0 0 0 0 0 0 0 0 0 0 0 0 0 0 0 0 0 0 3 0 0 0 0 0 0 0 0 2 0 0 0 0 0 0 0 0 0 0 0 1 1 0 26 0 1 0 0 0 0 93 0 0 51 17 8 0 0 0 0 0 0 0 0 0 0 1 0 0 0 0 0 0 0 0 0 0 0 0 0 0 0 0 0 0 0 0 0 0 0 0 0 0 13 
 107 236 152 259 145 42 221 198 0 221 236 237 310 526 295 73 222 335 89 92 0 0 0 0 3 3 81 2 0 5 0 61 0 1 0 76 0 2 2 0 0 3 0 0 2 1 38 0 3 0 0 3 0 1 0 0 0 2 0 0 0 2 0 0 0 0 0 0 0 0 0 3 3 0 2 0 0 0 5 0 0 16 54 11 27 0 0 10 31 26 14 11 0 11 0 10 1 25 0 15 0 0 0 0 0 0 4 0 0 0 1 0 16 0 0 0 0 0 0 0 0 0 13 0 0 1 0 2 0 0 0 9 0 0 0 0 0 0 0 0 0 0 0 0 0 0 0 0 20 0 0 0 1 0 0 2 0 1 0 0 0 27 4 17 31 32 12 59 14 26 28 27 0 15 19 38 55 4 0 0 0 0 0 0 0 0 7 0 0 0 0 0 0 0 0 1 0 2 77 10 0 0 0 0 0 0 0 0 7 0 2 0 0 0 0 1 0 0 0 0 0 0 0 0 0 0 0 0 0 0 0 13 0 0 0 0 0 0 0 0 0 0 0 0 0 0 19 1 91 7 0 5 1 0 0 0 0 0 0 0 0 0 0 0 0 0 0 0 0 0 0 0 0 0 0 10 0 0 0 0 0 0 0 0 0 0 0 0 0 1 
 164 40 377 216 218 266 43 187 221 0 171 47 138 191 78 89 323 200 218 183 0 1 8 0 4 3 36 2 0 2 0 3 151 3 5 0 0 2 77 0 0 3 0 0 2 0 0 2 2 0 0 3 2 1 0 5 2 3 0 0 3 6 0 0 0 0 3 0 1 3 0 3 4 0 14 0 0 0 2 0 0 16 23 9 16 0 18 11 42 0 0 31 0 6 0 12 10 10 15 0 0 0 0 0 0 11 32 0 0 0 0 0 20 4 0 0 0 0 14 0 0 0 0 0 0 0 0 6 0 0 0 14 0 0 0 0 0 0 0 0 0 0 0 0 0 0 0 0 0 0 0 4 22 0 0 0 0 2 0 0 14 0 8 15 1 27 19 0 13 26 37 47 1 16 25 0 26 29 9 0 9 13 0 0 0 0 21 0 0 0 0 0 0 0 14 12 0 0 8 0 0 0 0 0 0 0 0 0 0 0 0 0 0 0 0 1 0 0 2 0 0 0 0 0 0 0 0 10 2 0 0 0 2 2 0 0 0 0 0 0 0 0 0 0 2 0 175 0 2 93 17 13 0 0 1 0 0 0 0 0 0 0 0 0 0 0 0 0 0 0 0 0 0 0 0 0 0 17 0 0 0 0 0 0 0 0 0 0 0 0 
 53 44 47 98 162 177 124 262 236 171 0 386 140 153 267 154 86 35 50 79 0 1 3 211 5 6 3 4 4 7 1 1 0 102 117 0 208 210 3 0 22 25 1 3 4 0 1 17 2 0 0 3 2 1 0 3 6 2 0 1 0 6 0 0 0 0 3 0 1 42 0 3 4 3 3 0 0 0 2 0 0 2 13 21 26 19 0 4 20 0 25 15 0 24 0 12 7 17 0 0 31 1 0 1 0 0 39 0 27 0 0 0 23 1 0 12 0 0 12 1 0 0 0 0 0 0 0 0 0 0 0 2 0 0 0 0 0 0 0 0 0 0 0 0 0 0 0 0 4 0 0 0 0 0 0 0 0 0 0 0 0 7 13 0 29 16 24 10 0 0 1 22 0 18 13 38 0 0 0 0 2 0 11 0 0 0 0 0 0 0 0 0 10 10 0 0 0 0 17 0 0 0 0 2 0 2 0 0 0 0 0 0 0 0 0 0 0 0 0 0 0 0 0 0 2 0 0 0 0 0 0 0 0 0 0 0 0 0 0 0 0 0 0 0 0 0 6 1 0 2 0 5 15 0 0 0 1 1 0 0 1 0 12 0 0 0 0 0 0 0 0 11 0 0 0 1 0 1 0 0 0 0 0 0 0 0 0 0 0 0 
 129 123 36 52 133 130 130 202 237 47 386 0 243 156 142 371 82 83 172 252 1 73 72 0 3 3 1 2 0 3 2 2 147 0 0 0 1 2 75 74 0 3 0 0 2 0 0 0 2 0 0 3 6 1 0 0 0 2 0 0 1 0 0 26 0 0 0 0 0 2 0 3 3 2 3 0 0 0 2 0 18 14 41 18 0 8 0 0 11 0 0 21 0 0 0 10 0 26 0 0 23 8 0 0 0 0 21 0 10 15 0 1 4 0 1 0 8 0 12 10 0 0 1 0 0 0 0 0 0 0 0 14 0 0 0 0 0 0 0 0 0 0 0 0 0 0 0 0 12 0 0 0 0 0 0 0 0 0 0 0 1 9 0 53 24 13 14 10 13 52 0 18 0 14 16 101 8 15 15 13 0 0 16 0 0 0 0 30 0 0 0 0 16 0 15 20 0 14 0 2 0 0 0 0 0 0 0 0 0 0 0 0 0 0 0 0 0 0 18 0 0 0 0 0 0 1 0 0 0 0 0 0 0 0 0 0 0 0 2 0 0 1 0 0 0 2 93 2 133 91 2 3 0 0 0 0 0 0 0 0 0 0 0 0 0 0 0 0 0 0 0 0 0 0 0 0 0 0 0 0 0 0 0 0 0 0 0 0 0 0 
 57 60 60 560 64 137 197 86 310 138 140 243 0 302 135 36 61 54 116 53 0 1 0 0 3 3 2 2 0 3 0 0 0 1 0 0 0 2 3 2 0 3 0 0 2 0 0 0 3 0 0 3 0 65 0 0 0 2 0 0 0 0 0 0 0 0 2 0 0 0 0 3 3 0 2 4 0 0 2 0 44 45 25 0 0 0 0 48 19 17 31 0 21 37 49 3 23 0 25 20 0 0 0 0 0 0 0 0 0 0 0 1 0 0 0 0 0 0 0 0 0 0 0 0 0 0 5 0 0 0 0 0 0 0 0 0 0 0 0 0 0 0 0 1 0 0 0 0 0 0 0 0 0 0 0 0 0 0 4 0 4 31 0 11 0 0 0 39 0 0 21 10 9 0 30 15 0 0 10 24 0 0 0 0 0 0 1 0 0 0 0 0 0 0 0 0 1 0 26 0 0 0 0 0 0 0 0 0 0 0 0 0 0 0 0 0 0 0 0 0 0 0 0 0 0 0 0 0 0 0 0 0 0 0 0 0 0 0 0 0 0 1 0 0 0 0 0 2 2 0 2 10 23 0 0 0 0 0 0 0 0 0 0 0 0 0 0 0 0 0 0 0 0 2 0 1 0 0 0 0 0 0 0 0 0 0 0 0 0 0 
 150 459 298 417 55 151 250 132 526 191 153 156 302 0 352 236 535 203 206 76 2 0 0 0 3 5 0 3 0 2 0 0 0 0 0 0 0 2 4 1 0 3 0 0 2 0 0 0 2 0 0 3 2 2 0 0 0 3 0 0 0 0 0 0 0 0 0 0 0 3 0 48 3 0 3 0 0 0 2 0 9 9 13 10 35 0 27 13 39 28 0 6 14 16 0 46 42 28 22 32 0 0 0 0 0 0 0 0 0 0 0 0 0 0 0 0 0 0 0 0 0 0 0 0 0 0 0 0 0 0 0 0 2 0 0 0 0 0 0 22 0 0 0 0 0 0 0 0 4 0 0 0 0 0 0 0 0 0 0 0 48 20 14 5 32 23 29 33 35 11 2 30 0 28 21 43 3 13 0 0 0 0 0 2 0 0 0 16 0 0 0 0 0 0 0 0 0 0 22 1 0 0 0 0 0 0 0 0 10 0 0 0 0 0 30 0 0 0 0 0 0 0 0 0 0 21 0 0 0 0 0 0 0 0 0 0 0 0 0 0 0 6 0 0 0 1 15 2 1 0 0 7 0 0 0 0 0 0 0 0 0 0 0 0 0 0 0 0 0 0 0 0 0 0 0 11 20 1 0 0 0 0 0 0 0 0 0 0 0 1 
 485 224 177 158 76 34 320 174 295 78 267 142 135 352 0 95 126 217 269 214 0 0 0 0 3 3 2 2 0 3 2 2 0 1 0 0 2 2 2 206 0 3 0 0 2 0 0 0 3 1 65 3 0 18 0 0 0 2 0 0 0 0 0 0 0 0 1 0 0 0 0 3 3 0 2 0 0 0 2 0 43 1 11 11 1 0 15 15 0 0 9 0 34 10 33 35 0 12 12 19 0 0 0 0 0 0 0 0 0 0 0 0 0 0 0 0 0 0 11 0 0 0 0 0 0 0 0 0 1 0 0 0 0 0 0 0 0 0 0 0 0 0 0 0 0 0 0 0 17 0 0 0 0 0 0 0 0 0 0 0 10 46 0 16 0 6 34 36 22 9 0 0 0 0 4 17 0 25 0 16 0 0 0 0 0 1 0 0 0 0 2 0 0 0 0 0 0 0 0 0 0 0 0 0 0 0 0 0 0 0 0 1 0 0 0 0 0 0 0 0 0 0 0 1 0 0 0 0 0 0 0 0 0 0 0 0 0 0 0 0 0 11 0 0 0 1 1 3 4 0 0 12 0 0 0 0 0 0 0 0 0 0 0 0 0 0 0 0 0 1 0 0 0 0 0 0 11 0 0 0 0 0 0 0 0 0 0 0 0 10 
 44 42 479 143 512 132 388 274 73 89 154 371 36 236 95 0 198 138 276 82 0 0 0 0 2 3 0 2 0 2 1 2 75 80 2 0 1 2 79 2 0 4 0 0 2 2 0 0 2 2 0 3 2 2 0 2 0 3 0 0 0 0 0 0 0 0 0 0 0 3 0 3 3 0 3 0 0 0 2 0 14 12 0 20 29 0 13 0 38 22 26 28 16 71 0 20 42 4 0 0 0 9 0 0 0 0 12 0 0 0 0 0 18 0 0 0 0 2 0 0 0 0 0 0 0 0 0 0 0 0 0 0 0 0 0 0 0 0 0 0 0 0 0 0 1 0 0 0 0 0 0 0 0 0 0 0 1 0 0 0 13 0 5 0 16 8 3 14 0 20 6 37 0 9 32 0 0 32 21 0 0 11 0 0 0 0 43 9 0 0 0 0 15 0 0 10 0 0 18 8 0 0 0 0 0 0 0 0 19 0 0 0 0 0 0 0 0 6 0 0 0 20 0 0 0 0 0 0 0 0 0 0 0 0 0 0 0 0 0 0 0 0 0 0 0 0 88 2 1 1 2 7 0 0 0 0 0 0 0 2 0 0 15 0 0 0 0 0 0 0 0 0 0 0 0 16 10 14 0 0 0 0 0 0 0 0 0 0 0 0 
 26 358 282 150 36 223 222 123 222 323 86 82 61 535 126 198 0 129 155 35 0 0 0 0 3 3 76 2 0 3 0 0 0 0 0 2 0 4 4 2 0 3 0 0 2 0 0 0 2 0 0 3 0 1 0 0 0 2 0 0 9 0 0 0 0 0 0 0 0 1 0 3 3 0 9 0 0 0 47 0 20 14 27 15 17 1 28 14 59 41 0 16 14 14 11 20 23 16 31 11 0 0 0 0 0 0 0 0 0 0 0 0 0 0 2 0 0 0 21 0 0 0 2 0 0 0 0 0 0 0 0 0 0 0 0 0 0 0 0 0 0 0 0 0 0 0 0 0 4 0 0 18 0 0 0 0 0 0 0 0 27 0 13 0 52 75 51 0 0 0 29 9 0 31 1 50 12 19 1 0 21 20 0 0 0 0 1 0 0 0 0 0 0 0 1 8 0 0 6 0 0 0 0 0 0 0 0 0 0 0 0 0 0 0 0 0 0 0 0 0 0 0 0 0 0 0 0 0 0 0 0 0 0 0 0 0 0 0 1 0 0 10 0 0 0 1 0 0 0 1 2 9 0 0 0 0 0 0 0 0 0 0 0 0 0 0 0 0 0 0 0 0 0 0 0 1 13 1 0 0 0 0 0 0 0 0 0 0 0 2 
 135 70 181 135 143 69 194 136 335 200 35 83 54 203 217 138 129 0 223 42 2 2 2 2 5 5 1 4 1 4 1 2 2 0 3 2 2 2 5 2 1 3 3 43 2 3 0 0 5 0 0 3 1 1 4 0 0 4 0 2 0 0 0 0 0 0 0 0 2 0 0 40 9 0 2 0 0 0 3 3 18 24 31 20 4 0 18 1 18 0 0 17 1 0 0 10 3 23 32 14 0 0 0 0 0 0 1 0 0 0 0 0 6 0 0 0 0 0 11 0 2 0 11 0 0 0 0 0 0 32 0 48 0 0 0 0 0 0 0 0 0 0 0 0 0 2 0 2 10 0 0 0 0 0 0 0 0 0 0 0 29 77 0 39 13 0 29 61 0 44 8 0 1 25 14 16 14 0 1 13 0 0 0 0 0 0 12 0 0 0 0 2 0 0 0 0 0 0 1 0 2 0 0 0 0 0 0 0 0 0 0 0 0 0 0 28 0 0 0 0 0 0 2 0 0 0 0 0 0 1 0 21 0 0 3 10 0 0 0 0 0 10 0 0 0 91 87 37 2 56 0 2 0 0 0 0 0 0 0 0 0 0 0 0 0 0 0 2 0 0 0 0 0 0 0 0 0 0 0 0 0 0 0 0 0 0 0 0 0 0 
 264 167 220 362 551 236 158 202 89 218 50 172 116 206 269 276 155 223 0 93 0 0 0 0 3 3 5 2 0 3 2 2 0 2 0 0 2 2 4 1 0 3 0 0 2 0 0 0 3 5 63 3 0 3 0 0 0 2 0 0 0 0 0 0 0 0 0 0 0 0 0 3 3 2 2 0 0 0 2 0 16 0 19 6 0 0 38 31 35 22 0 0 0 10 10 1 15 12 28 10 0 0 0 0 0 0 0 0 0 2 0 0 0 0 0 0 0 0 3 0 0 14 0 0 0 0 0 0 0 0 0 6 0 0 0 0 0 0 0 0 0 0 0 0 0 0 0 0 5 11 0 0 21 0 1 0 0 1 0 0 41 18 0 17 0 1 10 15 4 20 12 0 11 0 24 14 0 46 29 23 0 0 2 0 0 0 0 0 0 0 0 0 0 0 0 0 0 0 0 0 0 10 0 0 0 0 0 0 0 0 0 0 0 0 0 0 0 0 1 0 0 0 0 0 0 0 0 0 1 0 0 0 0 1 0 0 0 0 0 0 0 10 0 0 1 1 0 1 1 3 20 4 0 0 0 0 0 0 0 0 0 0 0 0 0 0 0 0 0 0 0 0 0 0 0 0 0 0 0 0 0 0 0 0 0 0 0 0 0 0 
 35 48 62 253 162 57 53 142 92 183 79 252 53 76 214 82 35 42 93 0 0 0 0 0 3 3 1 2 0 6 0 0 0 0 0 0 2 37 3 0 2 3 4 0 2 0 0 0 5 0 0 3 0 2 0 0 0 2 0 1 0 0 0 0 0 0 0 1 0 2 0 3 3 0 3 2 0 0 2 4 13 0 0 0 11 0 13 0 0 0 17 0 1 0 24 0 0 9 20 29 0 0 0 0 0 0 0 0 0 0 0 0 9 0 0 0 0 0 0 0 0 0 0 11 0 0 0 0 0 0 0 0 0 0 0 0 0 0 0 15 0 0 0 2 0 0 9 0 0 0 0 0 0 0 0 0 0 0 4 0 12 0 0 15 0 0 11 0 0 0 0 0 45 21 13 12 5 0 9 2 0 0 0 0 0 0 0 0 0 0 2 0 0 0 0 0 0 0 0 0 0 0 0 0 0 0 0 0 0 0 0 0 0 0 0 11 0 0 0 1 0 0 0 1 0 0 0 0 0 0 1 0 20 0 0 0 16 0 0 0 0 0 0 0 0 0 2 0 0 1 0 16 0 0 0 0 0 0 0 0 0 0 0 0 0 0 0 0 0 0 0 0 0 0 0 0 0 0 0 0 0 0 0 0 0 0 0 0 0 2 
 0 0 0 0 74 73 0 0 0 0 0 1 0 2 0 0 0 2 0 0 0 219 135 45 102 99 63 47 24 40 142 35 64 61 108 158 33 32 202 204 0 0 3 3 0 0 3 3 2 1 2 0 0 3 0 1 4 2 0 14 0 0 0 0 0 1 0 0 3 0 0 2 0 0 0 2 3 1 0 3 0 0 0 0 1 20 0 0 0 0 0 0 0 0 0 0 0 0 0 0 35 24 24 10 22 13 23 46 23 23 0 0 12 35 32 11 21 1 18 31 0 0 0 0 0 0 0 0 0 0 0 0 0 0 0 0 0 0 0 0 0 0 0 0 21 0 0 1 0 0 0 0 0 0 0 0 3 0 0 0 0 0 16 0 0 1 5 0 0 0 0 0 1 17 7 0 0 0 0 0 30 20 0 1 0 0 8 40 6 47 0 10 2 102 0 15 24 21 1 53 0 0 1 0 0 0 0 0 0 0 0 0 0 0 0 0 0 0 0 0 0 0 0 0 0 0 0 0 0 0 0 0 0 0 0 0 0 0 0 0 0 0 23 0 0 0 0 0 1 0 0 0 0 0 10 0 0 0 0 0 9 0 0 0 0 1 0 0 0 0 0 1 0 0 0 0 0 0 0 1 0 0 0 0 2 0 10 0 0 0 
 75 2 4 0 149 2 0 1 0 1 1 73 1 0 0 0 0 2 0 0 219 0 98 64 249 25 83 168 38 41 30 247 173 53 103 118 47 32 201 154 0 0 5 0 0 0 0 3 5 0 0 0 0 6 0 1 3 2 1 7 0 0 0 0 0 0 0 2 3 0 0 2 0 2 0 2 3 2 0 2 0 0 0 0 9 30 29 0 0 0 0 0 0 0 0 0 0 0 0 0 50 24 28 41 11 0 56 11 22 50 7 0 26 23 13 35 42 11 31 60 1 0 0 0 0 0 0 0 1 0 3 0 2 0 0 0 0 0 0 0 0 0 0 0 0 0 0 0 0 0 0 0 1 0 1 0 0 0 0 0 0 0 0 0 0 12 7 0 0 0 0 0 0 5 7 0 0 0 0 0 19 0 12 9 0 0 24 21 10 43 13 14 18 60 28 32 0 27 0 46 0 0 0 0 0 0 0 0 0 0 0 0 0 0 0 0 0 0 0 0 0 0 0 0 0 0 0 0 0 1 0 0 0 0 0 0 0 0 0 0 0 0 12 0 0 2 1 0 0 6 0 0 0 0 0 0 1 0 0 0 8 0 0 0 0 0 0 0 0 0 0 0 0 0 0 0 0 0 0 0 0 0 0 0 0 0 0 0 0 0 
 1 75 5 0 59 26 0 4 0 8 3 72 0 0 0 0 0 2 0 0 135 98 0 132 462 26 256 148 208 164 277 72 68 53 66 125 260 358 51 93 0 2 3 2 0 6 0 3 5 3 5 0 62 2 0 5 16 2 147 1 4 3 0 0 6 3 0 2 4 0 2 7 0 0 0 4 3 8 0 0 0 0 0 0 0 6 0 0 0 0 16 0 0 0 0 0 0 0 0 0 11 6 11 7 0 28 7 10 32 48 4 11 0 10 0 16 19 12 1 27 0 0 0 0 0 0 0 0 0 0 0 0 1 15 0 0 0 0 18 0 0 20 0 0 0 0 0 0 0 3 0 0 0 0 0 6 0 0 0 0 0 0 0 0 0 0 0 0 0 0 0 0 0 26 0 0 0 0 0 0 56 9 19 41 0 18 11 16 0 100 31 0 8 23 9 30 1 21 0 0 0 0 0 0 0 0 42 0 0 0 0 2 0 9 9 0 0 0 0 0 0 0 0 10 0 0 0 0 0 0 0 0 0 0 0 0 0 0 0 0 0 0 16 0 0 0 0 0 0 0 0 0 0 0 13 0 0 1 80 3 2 0 0 0 0 1 0 0 0 0 0 0 0 0 0 0 0 0 0 0 0 23 0 0 0 0 0 0 0 0 
 0 1 0 0 2 0 203 1 0 0 211 0 0 0 0 0 0 2 0 0 45 64 132 0 104 113 93 73 85 333 125 286 363 87 86 163 180 105 295 67 0 62 52 0 0 0 19 61 3 0 0 0 74 3 0 0 0 2 27 77 0 0 7 0 3 0 0 0 3 0 0 41 0 0 0 13 3 1 0 0 0 0 0 0 0 0 0 0 0 0 0 0 0 0 0 0 0 0 0 0 0 0 0 0 0 33 0 2 0 6 1 18 0 10 12 9 7 33 0 0 5 0 10 0 0 0 0 31 0 7 0 0 21 40 50 17 9 22 40 1 0 6 0 0 0 0 0 0 0 0 0 2 0 0 0 0 0 0 0 0 0 0 2 0 0 0 0 0 0 0 0 0 0 0 0 0 2 1 0 0 0 11 0 27 23 28 0 12 0 12 29 0 0 0 11 13 0 21 0 0 0 2 26 0 0 0 4 0 0 48 0 0 34 31 0 23 30 2 11 91 0 0 0 2 0 0 0 0 0 0 0 0 0 0 0 0 0 0 0 0 0 0 0 0 0 0 0 0 0 0 0 0 0 2 11 1 0 117 84 0 4 19 0 0 0 0 0 0 0 0 0 0 0 0 0 0 0 0 0 0 0 53 0 0 25 0 0 0 0 0 
 3 3 3 2 3 34 3 6 3 4 5 3 3 3 3 2 3 5 3 3 102 249 462 104 0 75 48 409 360 441 254 344 488 77 50 51 476 295 62 168 87 102 3 3 0 0 67 26 5 0 84 2 62 3 63 4 5 2 129 0 0 0 0 3 12 0 0 6 3 3 0 7 0 0 0 10 3 2 0 0 0 0 11 0 0 0 12 0 0 0 1 0 0 0 0 0 0 2 0 0 0 1 38 4 0 32 0 7 18 17 7 12 2 1 0 0 0 62 0 0 0 0 0 0 0 0 1 2 19 0 25 0 0 69 0 0 14 0 5 15 0 0 0 0 0 0 0 0 0 2 14 0 0 0 0 0 0 0 0 0 17 0 0 0 0 0 0 0 0 0 0 0 1 0 0 0 0 0 0 1 27 7 0 12 7 8 2 10 1 0 32 19 56 0 4 0 37 20 1 0 2 0 0 0 0 0 68 1 18 9 3 0 9 25 39 9 1 0 42 0 0 0 0 0 0 42 0 0 1 17 0 0 10 0 0 0 0 0 0 0 0 0 0 0 0 0 0 0 0 0 0 0 0 0 10 5 3 75 78 0 2 2 0 0 0 0 29 0 0 0 0 1 0 0 0 0 0 0 0 0 0 1 0 0 0 0 0 0 0 0 
 3 3 3 3 3 3 3 47 3 3 6 3 3 5 3 3 3 5 3 3 99 25 26 113 75 0 246 254 126 164 234 54 54 183 47 56 112 99 263 55 1 0 3 0 0 0 68 38 2 0 0 0 42 3 0 1 0 2 87 16 0 0 6 0 3 3 0 0 3 0 0 2 0 0 0 6 3 2 0 0 0 0 0 0 2 0 0 0 0 0 0 0 0 0 0 0 0 0 0 0 12 0 0 8 12 11 2 0 1 3 13 27 0 7 0 0 12 25 0 1 0 0 31 0 0 0 0 28 0 0 19 0 12 14 31 11 21 30 15 32 0 0 0 0 11 0 0 0 0 3 0 0 0 0 0 1 0 0 2 0 0 1 0 0 0 0 0 0 0 0 0 0 0 0 0 0 0 0 0 0 1 0 0 2 22 1 0 3 12 0 12 25 1 0 0 0 2 0 0 0 0 0 22 20 0 0 0 0 16 10 10 16 15 22 26 23 12 13 21 0 20 0 0 0 0 0 0 0 0 0 0 0 0 0 0 0 0 0 0 0 0 0 0 0 0 0 0 0 0 0 0 0 0 0 9 0 4 222 5 2 5 0 0 0 0 15 0 0 0 0 0 0 0 0 0 0 0 0 0 0 0 10 0 0 1 19 0 0 0 0 
 0 0 0 76 0 153 0 0 81 36 3 1 2 0 2 0 76 1 5 1 63 83 256 93 48 246 0 186 156 46 188 32 261 128 159 33 146 165 47 119 0 6 3 2 0 0 2 3 7 3 2 2 0 5 0 1 69 4 3 0 34 0 1 0 0 0 3 40 3 3 2 3 28 0 4 2 3 2 3 1 0 0 0 0 10 0 0 0 1 17 11 6 0 0 0 0 0 0 0 0 14 8 11 9 19 0 0 3 18 19 22 29 13 14 0 15 18 15 19 15 0 0 0 0 0 0 1 0 0 0 0 0 0 0 0 0 0 0 8 14 0 0 2 0 0 1 0 0 0 6 0 0 0 0 0 6 12 0 0 0 0 0 36 0 12 0 0 0 2 0 40 0 0 1 0 6 22 14 0 0 47 40 24 34 11 16 9 0 15 0 14 0 20 0 22 0 20 12 19 8 19 0 0 0 0 0 13 0 0 0 0 6 0 0 0 0 0 0 0 0 0 0 0 0 0 0 0 0 0 0 0 0 0 0 0 0 0 0 0 0 0 0 0 0 0 1 0 0 0 81 0 0 0 0 22 2 0 78 0 0 3 2 0 0 0 0 0 0 0 0 0 0 0 0 0 0 19 0 0 0 0 2 0 0 0 0 0 0 0 0 
 2 2 5 2 2 28 2 2 2 2 4 2 2 3 2 2 2 4 2 2 47 168 148 73 409 254 186 0 213 517 47 106 220 92 167 220 30 153 206 249 0 7 3 0 0 0 0 3 4 0 0 0 68 2 62 2 210 2 2 3 0 0 0 1 1 0 0 8 3 0 2 61 41 5 0 2 3 3 0 0 0 0 0 0 2 9 0 0 0 0 0 0 0 0 0 0 0 0 0 0 1 0 41 29 21 13 15 24 71 47 0 6 21 1 3 7 0 14 18 10 0 0 0 0 0 0 0 0 0 0 0 8 20 14 0 0 0 0 8 0 0 0 0 0 1 0 0 6 0 0 0 0 0 0 0 5 0 0 2 0 0 0 0 0 0 0 5 0 0 25 0 0 0 5 7 0 16 0 0 0 72 8 30 8 0 35 0 9 14 19 26 10 32 32 7 0 23 10 0 30 0 0 0 17 0 0 16 0 0 0 0 0 0 11 8 0 2 0 0 0 0 0 0 0 0 0 0 0 0 0 0 0 0 0 0 0 0 0 0 0 0 0 9 0 0 0 0 0 0 0 0 0 0 0 7 0 0 0 1 4 9 0 0 0 0 0 2 0 0 0 0 0 1 0 0 0 0 0 0 0 0 9 0 0 0 0 0 0 0 0 
 0 0 5 0 2 32 0 2 0 0 4 0 0 0 0 0 0 1 0 0 24 38 208 85 360 126 156 213 0 166 348 29 195 356 208 452 426 111 186 78 0 0 3 0 0 0 0 3 2 0 0 4 69 3 0 1 0 2 16 61 0 0 0 0 0 0 0 0 3 0 6 1 0 2 0 2 3 1 7 51 0 0 0 0 0 0 0 1 0 0 0 0 0 0 12 0 0 0 0 0 0 1 1 20 2 0 0 19 23 8 10 40 27 0 2 23 9 9 0 16 14 0 10 0 0 0 1 11 0 0 0 0 1 13 0 0 0 0 0 7 0 0 0 0 0 0 0 0 0 5 0 0 0 1 0 2 2 0 0 0 0 0 0 1 0 0 0 0 0 0 0 0 0 0 0 0 0 0 0 0 8 8 9 21 0 37 0 0 26 8 40 7 19 0 17 15 30 14 2 0 2 0 0 0 0 0 12 0 0 0 0 3 0 11 7 11 1 0 0 0 0 0 0 0 0 2 0 0 0 0 0 0 0 0 0 0 0 0 0 0 0 0 0 0 0 0 0 0 0 0 0 0 0 0 29 0 2 2 3 3 0 0 0 0 0 0 0 0 0 0 0 0 0 0 0 0 0 0 0 0 0 0 0 0 0 10 12 0 0 0 
 3 3 4 2 4 30 4 3 5 2 7 3 3 2 3 2 3 4 3 6 40 41 164 333 441 164 46 517 166 0 214 276 287 163 58 323 155 207 298 105 0 0 6 1 2 0 0 66 2 0 2 62 126 5 0 1 2 2 65 208 0 0 12 0 7 4 0 0 3 0 0 3 0 0 0 7 3 3 0 0 0 0 0 0 0 0 0 0 0 2 0 0 0 0 0 0 0 0 0 0 15 0 0 19 18 79 0 0 12 17 36 36 0 11 11 0 22 40 0 0 8 0 0 0 0 0 17 0 0 0 0 0 9 36 29 0 11 1 0 3 0 0 0 0 0 0 2 0 0 6 0 0 2 0 0 0 0 0 0 0 0 0 0 0 0 1 0 0 0 0 1 0 12 0 0 0 0 0 0 0 11 9 15 16 34 21 0 42 28 10 50 31 0 0 15 6 1 27 0 0 0 0 0 0 0 0 28 0 0 19 0 0 8 39 23 1 14 0 0 6 0 0 0 0 0 0 0 0 0 0 0 0 0 0 0 0 0 0 17 0 0 0 0 0 0 0 0 0 0 0 0 0 0 0 14 0 6 116 122 2 3 2 0 0 0 0 0 0 0 0 0 0 0 0 0 0 0 0 0 0 0 12 0 1 0 3 0 0 0 0 
 0 0 1 0 1 0 0 0 0 0 1 2 0 0 2 1 0 1 2 0 142 30 277 125 254 234 188 47 348 214 0 82 52 246 63 80 417 56 28 280 0 4 3 0 0 0 65 179 8 0 0 7 65 3 63 1 0 2 67 0 0 0 6 0 5 0 0 1 3 0 0 1 0 0 0 7 3 1 0 0 0 0 0 0 0 0 0 0 1 0 0 0 0 0 0 0 0 0 0 0 24 7 0 13 40 47 0 10 21 0 41 9 0 12 0 1 8 14 0 12 0 18 0 0 0 0 0 0 15 0 0 0 9 3 1 12 0 0 15 14 0 0 2 0 0 1 0 0 0 6 0 0 0 0 0 0 0 0 0 0 0 0 0 0 0 0 0 0 2 0 0 0 0 0 0 0 0 0 0 7 25 17 8 34 9 14 0 2 21 0 34 18 14 8 25 0 53 5 17 0 10 18 2 0 0 0 32 10 0 8 0 7 1 14 14 8 3 0 0 0 0 0 0 0 0 0 0 0 0 0 0 0 0 0 0 0 9 0 0 0 0 0 0 0 0 0 0 0 0 0 0 0 0 0 2 6 0 54 4 0 1 0 0 0 0 0 0 0 0 0 0 0 0 0 0 0 0 0 0 14 0 13 0 0 0 0 0 0 0 0 
 0 0 0 0 3 31 5 0 61 3 1 2 0 0 2 2 0 2 2 0 35 247 72 286 344 54 32 106 29 276 82 0 37 38 134 56 85 136 236 227 1 1 8 0 60 0 65 133 9 0 0 0 62 10 69 8 3 6 27 107 0 4 0 0 4 0 0 21 3 0 4 15 20 9 0 2 3 1 0 4 0 0 0 0 0 0 0 0 1 0 0 0 0 0 0 0 0 0 0 0 0 0 11 19 34 26 0 0 27 33 14 15 35 0 2 0 0 0 0 0 12 14 0 0 0 0 6 0 22 0 0 0 28 39 17 21 22 0 1 0 0 0 0 0 0 1 0 1 0 0 0 0 0 0 0 0 0 0 0 1 0 0 0 0 0 0 0 0 0 0 0 0 0 0 0 0 0 0 0 3 6 0 48 0 17 27 7 28 9 0 40 2 22 0 0 0 0 11 0 0 6 21 0 0 0 0 39 8 13 49 0 8 12 22 20 0 0 0 13 5 0 0 0 0 0 0 0 0 0 0 0 0 0 0 0 0 0 0 0 2 0 0 0 0 0 0 0 0 0 0 0 0 0 0 7 0 2 25 93 0 2 2 0 0 0 0 35 0 0 0 0 0 0 0 0 0 0 0 0 0 0 0 0 0 0 1 0 0 0 0 
 0 0 0 0 2 43 0 74 0 151 0 147 0 0 0 75 0 2 0 0 64 173 68 363 488 54 261 220 195 287 52 37 0 238 344 81 48 105 362 694 0 0 2 0 0 0 0 3 3 0 0 2 5 4 0 0 0 2 0 0 16 0 0 0 0 0 0 0 3 0 0 1 0 0 0 2 5 1 0 0 0 0 0 0 0 9 0 0 0 6 0 6 0 0 0 0 0 0 0 0 1 26 15 26 0 0 50 10 1 21 0 0 0 9 31 29 1 11 16 1 0 0 0 0 0 5 0 0 0 0 0 5 0 0 0 0 0 0 0 0 0 2 0 0 1 0 0 0 0 0 0 1 0 0 0 0 0 0 0 0 0 0 15 0 23 28 0 0 0 0 0 18 0 0 0 0 0 16 0 0 52 26 18 25 9 3 19 16 0 7 28 60 23 3 31 16 5 19 12 20 0 1 23 0 0 0 0 0 0 0 0 0 0 0 0 0 0 0 0 0 0 0 0 1 0 0 0 0 0 0 0 0 0 0 0 0 0 0 0 0 0 0 0 0 0 0 0 0 0 63 0 0 0 0 5 0 3 0 0 3 1 1 0 0 0 0 0 0 0 0 0 0 0 0 0 0 0 0 0 0 0 0 0 0 0 0 0 0 0 0 
 0 0 3 73 77 81 2 72 1 3 102 0 1 0 1 80 0 0 2 0 61 53 53 87 77 183 128 92 356 163 246 38 238 0 291 181 34 84 492 99 3 0 3 7 0 5 3 3 5 0 0 0 0 3 2 1 2 2 1 0 1 3 1 2 0 0 0 0 3 3 4 5 5 4 2 3 7 2 4 4 0 0 0 52 12 12 0 0 0 0 11 34 0 0 0 0 0 0 0 0 17 8 1 43 27 2 13 14 1 7 17 18 29 14 23 36 11 15 1 4 0 0 0 0 0 0 0 0 0 0 0 0 1 0 0 0 0 1 0 9 0 0 0 0 0 0 2 0 0 6 0 0 0 0 0 5 0 0 0 0 12 0 26 0 69 11 0 0 0 2 1 1 0 1 0 0 0 4 0 0 2 0 33 47 11 29 15 0 36 2 13 0 41 1 19 0 27 0 28 0 0 0 0 0 0 0 0 0 0 2 0 0 0 0 0 0 9 0 0 1 0 0 0 0 0 0 0 0 0 0 0 0 0 0 0 0 0 1 0 0 0 0 0 0 0 0 0 0 0 0 0 0 0 0 11 0 0 43 0 3 2 0 9 0 0 0 0 20 0 0 0 0 0 0 2 0 0 0 0 23 0 0 0 0 0 0 12 0 0 0 
 0 2 5 36 18 81 203 0 0 5 117 0 0 0 0 2 0 3 0 0 108 103 66 86 50 47 159 167 208 58 63 134 344 291 0 119 51 33 287 117 0 0 3 5 0 0 0 3 2 0 3 0 0 3 0 1 0 2 0 0 0 0 0 0 0 0 0 0 3 0 11 1 4 7 0 2 3 1 1 2 0 0 0 15 18 18 0 0 0 0 10 21 0 0 0 0 0 0 0 0 8 25 13 23 23 1 11 1 22 10 0 7 30 13 29 56 5 0 9 21 0 0 0 0 0 0 0 0 0 1 0 0 12 0 0 0 0 0 0 0 0 2 0 0 0 0 0 0 0 24 0 0 0 0 0 12 0 6 0 0 0 0 9 0 0 0 0 0 0 0 0 0 0 3 0 0 1 4 0 0 10 6 20 9 0 19 1 0 23 0 29 0 10 9 19 0 7 0 9 0 0 1 0 0 0 0 0 0 0 0 0 0 14 0 0 0 0 0 0 0 0 0 0 1 0 0 0 0 0 0 0 0 0 0 0 0 0 0 2 0 0 0 0 0 0 0 0 0 0 0 0 0 0 1 2 0 0 1 0 0 0 2 14 0 0 0 0 0 0 0 0 0 0 0 0 0 0 0 0 18 0 0 0 0 0 0 0 0 0 0 
 1 0 0 0 8 0 0 2 76 0 0 0 0 0 0 0 2 2 0 0 158 118 125 163 51 56 33 220 452 323 80 56 81 181 119 0 276 100 99 178 2 0 2 0 0 0 0 3 3 0 0 0 21 4 0 0 2 2 0 3 0 0 0 0 0 0 0 0 3 0 3 0 0 0 0 2 3 0 8 3 0 0 0 0 0 0 0 0 0 0 0 0 0 0 0 0 0 0 0 0 26 15 0 15 8 12 29 5 0 1 0 10 11 45 41 21 26 25 0 1 1 0 0 0 0 2 0 0 0 0 0 2 6 0 12 0 0 0 11 0 0 51 0 0 0 13 0 3 0 0 0 0 0 0 0 0 0 0 0 0 0 0 0 1 0 8 0 0 0 0 0 0 0 0 0 0 0 0 0 0 0 9 14 15 19 5 13 38 11 39 0 0 13 27 32 9 6 29 0 11 0 20 0 0 0 0 0 0 0 11 0 0 30 28 1 0 0 0 0 9 0 0 0 0 0 0 0 0 0 0 0 0 0 2 0 0 0 0 0 0 0 0 18 0 0 0 0 0 0 1 0 0 0 0 17 0 0 0 74 2 3 22 0 0 0 0 0 0 0 0 0 0 0 0 0 0 0 0 0 0 0 9 0 0 0 0 14 0 0 0 
 1 0 74 0 3 0 0 0 0 0 208 1 0 0 2 1 0 2 2 2 33 47 260 180 476 112 146 30 426 155 417 85 48 34 51 276 0 438 55 254 0 13 3 0 0 0 67 3 5 0 0 10 10 3 1 1 0 2 106 57 0 0 0 0 8 0 0 2 3 0 0 4 0 0 0 6 3 2 0 0 0 0 0 0 17 0 0 0 0 0 0 2 0 1 0 0 0 0 0 0 0 0 4 1 0 21 0 24 11 0 45 9 0 9 0 0 0 35 0 0 1 0 0 0 0 0 0 26 0 0 0 0 22 42 12 1 0 0 24 17 12 4 2 0 0 0 0 1 0 0 0 0 0 0 0 0 0 0 0 0 2 0 0 0 0 0 0 0 2 0 0 0 0 0 0 0 0 0 1 0 18 11 0 39 34 24 0 0 0 0 14 28 0 0 39 0 29 14 0 0 1 0 0 0 0 0 44 0 1 34 0 5 22 20 23 25 0 0 9 7 0 0 0 0 0 9 0 0 0 0 0 0 0 0 0 0 0 0 0 0 0 0 0 0 0 0 0 0 0 0 0 0 0 0 11 0 1 149 2 3 2 10 0 0 0 0 14 0 0 0 0 0 0 0 0 0 2 2 0 0 0 23 0 0 0 14 0 0 0 0 
 2 2 2 2 2 100 2 2 2 2 210 2 2 2 2 2 4 2 2 37 32 32 358 105 295 99 165 153 111 207 56 136 105 84 33 100 438 0 238 67 63 2 2 0 0 0 0 3 6 0 0 0 93 3 0 0 4 2 62 1 0 0 0 0 7 0 52 12 3 0 0 11 2 0 0 3 3 0 0 0 0 0 0 0 0 0 0 0 0 0 0 0 0 0 0 0 0 0 0 0 0 20 13 37 0 66 0 10 32 31 9 17 0 16 0 36 0 29 0 0 0 0 0 4 0 0 0 0 0 0 0 0 14 11 6 0 0 0 54 18 0 3 0 0 0 0 0 0 0 2 0 0 14 0 0 0 0 0 0 0 0 0 15 0 0 0 0 0 0 0 0 0 0 3 0 0 0 7 0 0 15 14 0 20 26 52 0 1 0 15 31 36 16 12 0 0 1 15 15 0 0 12 0 0 0 0 32 13 0 3 0 0 1 69 26 0 0 0 0 21 0 0 0 0 0 0 0 0 0 0 0 0 0 0 0 0 0 0 0 0 0 0 11 0 0 0 0 0 0 0 0 0 0 0 9 2 0 1 4 0 0 3 0 0 0 0 28 0 0 0 0 0 0 0 0 0 0 0 0 0 0 57 0 0 16 13 0 5 0 0 
 3 3 3 3 18 20 4 77 2 77 3 75 3 4 2 79 4 5 4 3 202 201 51 295 62 263 47 206 186 298 28 236 362 492 287 99 55 238 0 293 1 0 2 0 0 0 0 4 3 0 0 0 3 4 1 0 0 2 0 0 0 0 0 0 0 0 0 0 3 52 5 0 0 0 0 2 3 0 6 12 0 0 0 0 0 13 0 0 0 0 0 0 0 0 0 0 0 0 0 0 20 0 7 8 0 0 34 19 0 7 1 1 1 10 11 26 1 8 0 3 0 0 0 0 0 0 0 0 0 0 0 0 0 0 0 0 0 0 0 0 0 0 12 0 3 0 0 0 0 0 0 0 0 0 0 9 11 0 0 0 0 0 0 0 19 23 0 0 0 0 0 9 0 0 0 0 0 12 0 0 0 0 6 9 0 0 27 0 34 10 0 13 13 43 0 28 19 0 0 9 0 0 0 0 0 0 0 0 0 0 0 0 0 0 1 0 0 0 0 0 0 0 0 0 0 0 0 0 0 0 0 0 0 0 0 0 0 0 0 0 0 0 0 0 0 0 0 0 0 0 0 0 0 0 6 0 2 0 0 1 2 0 1 0 0 0 0 0 0 0 0 0 0 0 0 0 0 0 0 0 0 0 0 0 0 0 18 0 0 0 
 1 1 3 0 32 1 1 0 0 0 0 74 2 1 206 2 2 2 1 0 204 154 93 67 168 55 119 249 78 105 280 227 694 99 117 178 254 67 293 0 0 8 3 0 0 0 0 3 5 0 0 0 3 3 2 1 4 2 1 1 0 0 79 0 0 0 0 0 3 0 5 2 0 0 0 2 3 2 1 0 0 0 0 0 0 39 0 0 0 0 0 1 0 0 0 0 0 14 0 0 22 14 32 41 0 11 32 12 7 30 0 13 0 12 21 43 4 31 0 7 0 0 0 0 0 0 0 0 0 0 0 0 0 0 0 0 0 0 10 0 0 0 0 0 2 0 0 0 0 0 0 3 0 0 0 0 1 0 0 0 0 0 0 0 0 11 0 0 0 0 0 0 0 0 0 0 0 0 0 0 13 10 51 23 0 0 17 60 10 33 0 28 53 44 12 3 12 11 21 17 0 2 0 0 0 0 13 0 0 0 0 0 0 0 0 0 0 0 0 0 0 0 0 3 2 0 0 0 0 1 1 0 0 0 0 0 0 0 0 0 0 0 9 0 0 0 0 0 0 0 0 0 0 0 2 0 0 0 0 2 3 0 0 0 0 0 0 0 0 0 0 0 0 1 8 0 0 0 0 25 0 12 0 0 0 0 1 0 0 0 
 0 0 0 0 0 0 0 0 0 0 22 0 0 0 0 0 0 1 0 2 0 0 0 0 87 1 0 0 0 0 0 1 0 3 0 2 0 63 1 0 0 127 80 52 41 110 116 177 60 315 96 83 258 138 91 190 97 297 54 167 0 7 3 2 0 0 4 1 0 1 0 0 0 1 0 1 1 6 1 0 0 0 0 0 0 0 0 0 0 0 0 0 2 0 0 0 0 0 0 0 0 0 0 0 0 0 0 0 0 0 0 0 0 0 0 0 0 0 0 0 29 0 0 11 16 9 32 29 34 0 4 0 0 9 0 18 9 24 0 13 0 0 0 0 0 0 0 0 0 0 0 0 1 0 0 0 0 0 0 17 0 0 0 15 0 0 0 0 1 0 30 0 4 0 0 0 0 0 3 1 0 0 0 10 0 2 0 0 0 0 0 0 0 0 0 12 0 0 0 0 63 25 19 0 7 11 11 22 20 0 22 18 20 0 1 0 21 6 21 2 16 0 0 0 0 0 0 0 0 0 0 0 0 0 0 0 0 0 8 0 0 0 8 0 0 0 0 0 0 31 0 8 0 1 0 0 0 0 0 0 0 0 0 0 0 14 0 69 2 0 0 0 0 0 0 0 0 0 0 0 0 0 0 0 0 12 0 11 1 0 
 3 3 7 3 3 3 3 3 3 3 25 3 3 3 3 4 3 3 3 3 0 0 2 62 102 0 6 7 0 0 4 1 0 0 0 0 13 2 0 8 127 0 184 77 306 101 203 191 292 119 25 34 269 99 118 140 59 267 56 169 0 14 0 0 0 0 6 0 0 0 0 0 0 0 0 0 0 0 0 0 0 0 1 0 0 0 1 0 0 0 0 0 0 0 0 0 0 0 0 0 0 0 48 4 0 0 0 9 8 5 3 0 0 0 0 0 0 10 0 0 37 0 11 20 19 33 15 8 28 21 11 1 17 10 0 0 23 31 10 35 15 0 0 0 0 0 0 0 0 0 0 0 21 0 0 0 0 0 0 0 0 0 0 0 0 0 0 0 0 0 0 0 0 0 0 0 0 0 11 0 3 9 0 6 13 0 0 0 0 0 0 0 35 0 2 0 4 4 0 0 10 24 1 0 32 10 4 12 11 0 9 5 9 0 1 0 0 0 34 26 11 0 0 0 0 0 0 0 0 10 0 0 0 0 0 0 0 0 12 20 0 0 15 0 0 0 0 0 0 29 0 11 0 1 0 0 0 64 0 1 0 0 0 3 0 2 0 65 0 0 0 0 0 0 0 0 0 0 0 0 0 4 0 0 0 0 0 0 2 0 
 0 0 3 0 0 0 0 0 0 0 1 0 0 0 0 0 0 3 0 4 3 5 3 52 3 3 3 3 3 6 3 8 2 3 3 2 3 2 2 3 80 184 0 261 330 157 126 73 93 115 29 91 71 494 51 88 269 321 238 250 0 0 0 0 0 0 52 0 0 0 0 28 58 54 2 0 205 0 50 0 0 0 0 0 0 0 0 0 0 0 0 0 0 0 0 0 0 0 0 0 0 0 0 0 0 7 0 0 0 0 0 2 0 0 0 0 0 0 0 0 11 0 10 43 0 0 6 0 0 7 8 20 0 3 41 30 4 18 10 10 14 0 0 2 0 0 0 12 0 0 41 0 10 0 6 0 0 0 1 0 0 0 0 13 0 0 0 0 0 0 0 0 0 0 0 0 0 0 0 0 0 0 0 0 0 0 0 0 0 0 0 0 0 0 0 0 0 0 0 0 0 1 14 14 19 25 0 0 0 18 0 17 2 2 0 0 2 32 0 34 0 0 10 0 0 0 20 7 0 0 0 0 9 30 20 11 0 0 0 4 0 0 0 0 0 0 0 0 0 0 0 9 0 1 0 0 0 0 8 0 0 0 70 65 2 1 2 0 1 0 5 0 0 0 0 0 0 0 0 0 0 2 0 0 10 10 0 0 2 0 
 0 0 0 10 4 0 0 0 0 0 3 0 0 0 0 0 0 43 0 0 3 0 2 0 3 0 2 0 0 1 0 0 0 7 5 0 0 0 0 0 52 77 261 0 252 98 305 73 240 175 90 39 81 100 131 110 154 165 89 58 48 53 0 0 0 0 1 39 0 0 0 39 0 5 50 0 0 0 0 0 0 0 0 9 17 22 0 10 0 0 6 3 0 0 0 0 0 0 0 0 0 1 0 0 0 14 6 0 0 0 0 0 0 0 0 4 0 0 7 0 0 4 15 0 38 26 0 0 0 14 34 1 0 0 0 0 31 0 0 0 14 0 0 1 0 0 4 0 0 0 3 0 6 7 20 6 0 24 24 16 0 0 0 0 0 0 0 0 0 0 0 0 0 0 0 0 0 0 0 0 0 0 9 0 0 0 0 0 0 0 0 0 0 1 0 0 0 0 0 9 0 10 5 4 18 18 0 0 6 0 0 0 0 0 0 0 0 0 0 18 15 17 8 0 0 0 40 0 0 13 0 0 16 18 23 0 12 0 1 19 0 0 0 0 0 63 0 0 0 0 0 2 0 0 0 0 0 0 0 15 0 1 6 35 63 3 0 0 0 0 0 0 0 0 0 0 0 0 0 0 0 4 0 0 12 0 0 0 1 0 
 2 2 2 2 2 2 2 2 2 2 4 2 2 2 2 2 2 2 2 2 0 0 0 0 0 0 0 0 0 2 0 60 0 0 0 0 0 0 0 0 41 306 330 252 0 375 84 79 257 64 340 421 92 101 118 217 322 185 69 69 2 4 0 26 3 0 7 0 0 0 2 0 1 0 67 0 0 0 2 3 11 0 0 0 0 0 0 20 0 0 0 0 0 0 0 0 0 0 0 0 0 0 0 0 0 0 0 0 0 0 0 0 0 0 0 0 0 0 10 0 0 10 0 7 11 0 0 0 12 13 7 17 0 0 7 0 5 0 0 0 0 0 16 2 0 0 8 0 0 0 6 0 19 0 0 6 9 0 8 15 0 2 0 0 0 0 0 0 0 0 0 0 0 0 0 0 0 0 0 0 43 0 0 0 0 0 0 0 0 0 0 0 0 0 0 0 0 0 0 0 0 0 20 11 0 44 0 13 9 0 0 8 0 0 0 0 0 0 0 0 11 0 14 0 0 0 12 11 0 16 0 0 22 27 40 0 0 0 10 0 0 0 3 0 0 0 0 0 0 0 0 3 0 0 0 0 0 0 0 12 0 0 5 4 2 5 3 0 0 2 16 0 0 0 0 0 0 0 0 0 0 0 0 0 9 0 0 0 1 0 
 0 0 0 0 4 0 0 0 1 0 0 0 0 0 0 2 0 3 0 0 0 0 6 0 0 0 0 0 0 0 0 0 0 5 0 0 0 0 0 0 110 101 157 98 375 0 45 15 70 155 88 495 239 57 61 128 74 102 48 139 0 1 0 0 0 0 5 0 0 0 0 0 3 0 54 0 0 0 32 11 0 0 0 0 0 0 0 0 0 0 0 0 0 0 0 12 0 0 0 20 0 0 0 0 0 0 0 0 28 0 0 0 0 0 0 0 0 0 0 0 21 0 1 0 28 19 26 0 0 3 8 0 0 0 0 0 32 10 0 0 16 0 0 2 0 1 0 41 0 0 3 0 47 0 14 0 0 0 14 31 0 0 0 6 0 0 0 10 0 0 0 0 5 0 0 0 0 11 0 0 0 21 0 0 0 0 0 0 0 0 0 0 0 0 0 0 0 0 72 0 0 32 1 19 18 20 10 12 4 13 16 7 0 0 0 0 18 16 0 0 12 0 13 0 0 4 15 19 0 10 0 0 47 4 40 21 13 0 3 1 0 0 8 0 0 0 0 0 0 0 0 4 0 0 0 21 0 0 0 2 0 0 4 2 64 1 0 70 0 0 11 0 0 12 0 0 0 18 0 0 0 0 0 0 18 0 0 0 2 0 
 0 0 0 0 0 0 0 0 38 0 1 0 0 0 0 0 0 0 0 0 3 0 0 19 67 68 2 0 0 0 65 65 0 3 0 0 67 0 0 0 116 203 126 305 84 45 0 217 34 277 38 40 82 50 63 110 53 453 312 323 0 0 0 0 0 0 0 0 0 0 0 0 0 0 0 2 0 0 0 0 0 0 0 0 0 0 0 0 0 0 0 0 0 0 0 0 0 0 0 0 0 0 0 0 37 3 0 0 0 0 20 0 0 0 0 0 0 0 0 0 0 23 33 11 0 0 15 20 44 7 20 0 11 14 33 43 11 1 40 28 0 0 0 0 0 0 0 0 0 0 0 0 0 0 0 0 0 2 0 0 0 0 0 0 0 0 0 2 0 0 0 0 0 0 0 0 0 0 0 3 0 0 0 0 7 0 0 0 0 0 0 0 0 0 0 0 0 0 0 0 47 3 25 65 0 7 0 5 14 21 23 0 0 21 50 31 12 0 57 11 0 0 0 0 0 0 0 0 0 0 0 0 0 0 0 0 0 0 0 0 0 0 0 0 0 0 0 0 0 0 0 7 0 0 0 0 0 55 0 0 0 0 0 0 0 2 1 0 0 0 0 0 0 0 0 0 0 0 0 0 0 0 0 0 0 8 0 0 0 0 
 0 0 2 0 0 0 0 2 0 2 17 0 0 0 0 0 0 0 0 0 3 3 3 61 26 38 3 3 3 66 179 133 3 3 3 3 3 3 4 3 177 191 73 73 79 15 217 0 78 45 33 44 162 78 404 54 47 53 208 47 5 0 5 0 59 5 0 0 4 0 0 0 3 5 1 35 3 0 0 0 0 0 0 0 0 0 0 0 0 0 0 0 0 0 15 0 0 0 0 0 0 0 0 0 23 9 0 0 0 0 52 0 0 0 0 0 0 14 0 0 21 10 0 14 16 11 6 0 44 7 19 0 8 44 10 33 28 15 20 36 0 0 0 0 0 0 0 11 2 7 0 0 5 0 9 4 0 6 0 0 0 0 0 0 0 0 0 0 0 0 0 0 0 0 0 0 0 0 0 1 0 0 0 1 0 0 0 0 0 0 18 0 0 0 0 0 12 0 0 0 10 9 11 31 2 0 18 13 13 21 0 0 3 10 53 10 30 0 35 9 0 0 0 0 11 0 0 6 0 0 3 0 5 0 0 0 0 0 0 0 0 0 0 0 0 0 0 0 0 0 0 19 0 0 0 0 0 62 0 0 0 0 0 0 0 2 1 0 0 0 0 0 0 0 0 0 0 0 0 0 0 0 0 0 0 12 0 9 0 0 
 2 3 4 2 2 3 2 2 3 2 2 2 3 2 3 2 2 5 3 5 2 5 5 3 5 2 7 4 2 2 8 9 3 5 2 3 5 6 3 5 60 292 93 240 257 70 34 78 0 113 121 104 131 403 149 191 89 346 56 56 0 0 0 0 0 0 0 0 0 0 0 2 53 49 0 0 0 0 51 0 0 0 0 0 0 2 0 0 0 0 0 0 0 0 0 0 0 0 21 0 0 0 3 0 0 0 0 3 4 4 1 0 0 0 0 0 0 3 0 0 0 21 9 27 5 7 1 0 18 13 10 41 0 0 35 46 0 12 6 3 0 0 3 2 0 0 8 0 19 0 0 3 8 78 1 10 0 0 22 17 0 0 0 0 9 0 0 0 0 0 0 0 0 0 0 0 0 0 0 0 4 6 0 7 0 1 0 0 0 0 0 0 3 0 1 0 1 7 0 0 0 1 45 0 6 1 3 0 19 0 0 10 0 0 0 0 0 8 0 0 0 0 13 0 0 0 1 11 0 0 0 0 41 8 9 0 3 0 42 12 0 0 0 0 0 0 0 0 0 0 0 3 0 2 0 0 0 0 0 7 0 0 65 65 4 0 0 0 2 0 0 0 0 0 0 0 0 0 0 0 0 5 0 0 0 0 0 0 1 0 
 0 0 0 0 0 0 0 0 0 0 0 0 0 0 1 2 0 0 5 0 1 0 3 0 0 0 3 0 0 0 0 0 0 0 0 0 0 0 0 0 315 119 115 175 64 155 277 45 113 0 145 111 58 226 127 172 177 47 88 142 0 0 1 49 0 0 0 0 0 0 0 2 0 0 0 0 0 0 0 1 0 0 0 0 0 0 0 0 0 0 0 0 0 0 0 0 0 10 19 0 1 0 0 0 0 0 0 0 0 0 0 0 0 0 0 0 0 0 0 0 26 19 18 7 0 6 15 32 9 4 0 12 0 0 0 1 4 1 1 6 3 0 2 0 0 0 0 0 0 9 15 0 13 0 1 0 0 0 8 27 0 0 0 1 0 0 0 0 0 0 0 0 0 0 0 0 0 0 0 0 0 0 0 0 0 0 14 0 0 0 0 0 0 0 0 0 0 0 0 0 20 6 13 12 0 1 0 13 10 12 29 7 0 0 0 7 19 33 0 10 0 14 0 0 0 0 9 0 0 0 0 0 0 0 0 24 0 0 12 3 0 0 0 0 0 0 0 0 0 0 0 9 0 0 0 0 0 0 0 7 0 0 0 1 7 0 1 2 0 9 0 0 0 0 0 0 0 0 0 0 0 0 0 0 8 7 0 0 2 1 
 0 0 0 0 0 0 0 0 0 0 0 0 0 0 65 0 0 0 63 0 2 0 5 0 84 0 2 0 0 2 0 0 0 0 3 0 0 0 0 0 96 25 29 90 340 88 38 33 121 145 0 328 30 88 116 231 191 213 42 115 0 51 3 0 0 1 0 2 1 50 0 0 0 59 0 0 0 0 55 0 0 0 8 0 0 0 0 0 0 0 0 0 0 0 0 0 0 0 5 0 0 0 0 0 0 0 0 0 0 0 0 0 0 0 0 0 0 0 0 0 0 15 2 13 14 2 19 49 24 62 30 36 0 0 11 15 0 0 0 0 0 0 0 0 0 0 17 0 0 0 25 1 20 23 24 0 9 0 84 14 0 0 0 0 0 0 0 0 0 0 0 0 0 0 0 0 0 0 0 0 0 0 0 0 0 0 0 0 0 0 0 0 0 0 0 0 0 0 0 0 26 3 4 0 4 10 17 28 6 0 19 0 0 0 4 10 22 0 0 0 0 1 37 0 0 0 0 8 0 0 0 0 37 7 17 0 49 0 16 0 1 0 0 0 0 1 0 0 0 0 0 6 0 0 0 0 0 0 0 7 0 0 0 0 1 0 0 0 0 0 0 0 0 0 0 0 0 0 0 0 0 0 4 0 0 0 0 8 1 0 
 3 3 3 3 3 3 3 3 3 3 3 3 3 3 3 3 3 3 3 3 0 0 0 0 2 0 2 0 4 62 7 0 2 0 0 0 10 0 0 0 83 34 91 39 421 495 40 44 104 111 328 0 45 90 61 39 71 248 17 100 0 0 0 0 0 0 54 0 0 0 0 0 50 51 0 0 0 0 50 0 0 13 0 0 0 0 0 0 0 0 0 0 0 0 0 0 0 0 0 0 0 0 0 0 0 0 0 3 0 0 11 0 0 0 0 0 0 0 0 0 0 0 0 15 6 19 12 49 0 16 1 24 0 0 0 18 2 0 1 33 13 0 0 1 0 0 0 11 0 0 6 1 28 0 25 0 0 0 0 15 4 0 0 15 0 0 0 0 0 0 0 0 0 0 0 0 0 0 0 0 0 3 0 1 0 4 0 0 0 0 3 0 0 0 11 0 4 9 0 0 0 0 12 6 2 19 0 12 13 13 11 52 9 0 0 0 19 21 0 0 12 0 9 0 0 0 14 29 0 0 0 0 8 33 47 19 0 0 7 0 0 0 1 0 0 0 0 0 0 0 0 6 0 0 0 0 0 0 0 11 0 0 63 6 1 25 0 0 0 0 2 0 0 0 0 0 0 0 0 0 0 1 0 0 0 0 0 0 2 0 
 0 1 0 0 0 18 0 13 0 2 2 6 0 2 0 2 0 1 0 0 0 0 62 74 62 42 0 68 69 126 65 62 5 0 0 21 10 93 3 3 258 269 71 81 92 239 82 162 131 58 30 45 0 108 34 35 37 240 227 63 0 0 3 0 3 0 0 1 0 0 2 0 0 0 0 2 0 0 0 0 0 0 0 0 0 0 0 0 0 9 0 0 0 0 0 0 0 1 0 0 0 1 0 0 0 12 0 0 14 2 0 23 0 24 0 0 0 22 8 0 1 0 0 0 0 0 1 22 0 0 0 0 6 23 37 0 9 21 25 60 0 8 0 0 0 0 0 3 0 0 0 0 0 0 0 0 0 0 0 1 2 0 0 0 17 3 0 0 0 0 0 3 0 0 0 0 0 4 0 0 0 0 0 1 21 22 3 0 0 0 28 20 0 0 0 4 0 9 0 4 0 0 26 14 0 0 1 5 25 19 39 17 51 38 21 12 11 0 10 6 0 0 0 0 0 0 0 0 0 0 0 0 0 0 0 0 0 0 0 0 0 0 0 0 0 0 0 0 0 0 0 12 0 2 0 0 1 62 0 0 0 40 35 0 2 19 2 0 0 0 0 0 0 0 0 0 0 0 0 0 0 9 0 0 0 15 0 0 0 0 
 0 2 3 1 2 0 2 1 1 1 1 1 65 2 18 2 1 1 3 2 3 6 2 3 3 3 5 2 3 5 3 10 4 3 3 4 3 3 4 3 138 99 494 100 101 57 50 78 403 226 88 90 108 0 101 327 93 36 319 215 0 4 2 4 0 3 0 0 0 8 0 1 0 48 0 0 0 2 0 0 0 0 0 0 0 0 0 12 0 0 0 0 0 13 8 0 0 10 0 0 0 0 0 0 0 0 0 0 0 0 0 0 0 0 0 0 0 0 11 0 13 9 30 0 0 19 17 13 13 1 1 9 0 0 1 0 0 38 0 14 19 0 2 0 22 0 0 0 0 0 9 0 25 0 0 0 0 0 0 11 0 1 0 32 0 0 0 9 0 0 0 0 0 0 45 0 0 0 10 0 0 0 0 0 0 0 0 0 7 0 0 0 0 0 0 0 0 0 0 0 15 6 1 0 0 43 0 9 0 0 13 3 0 0 0 7 24 33 0 3 0 0 0 14 0 0 0 0 0 34 0 13 0 0 0 0 0 33 3 1 0 0 0 0 0 0 0 0 2 0 15 13 0 2 0 0 0 0 0 2 0 0 2 0 0 0 1 67 0 0 12 0 0 0 0 0 0 0 0 0 0 0 0 0 0 13 0 0 1 0 
 0 0 2 0 0 6 3 0 0 0 0 0 0 0 0 0 0 4 0 0 0 0 0 0 63 0 0 62 0 0 63 69 0 2 0 0 1 0 1 2 91 118 51 131 118 61 63 404 149 127 116 61 34 101 0 204 44 123 92 138 0 0 0 0 1 2 31 0 0 0 0 2 0 0 61 0 0 0 0 0 0 0 0 0 0 0 0 0 0 0 0 0 0 0 0 0 0 0 0 0 0 0 0 0 19 9 0 0 0 0 9 0 0 0 10 0 0 0 0 0 0 42 0 0 0 0 0 7 74 21 27 25 0 14 29 13 15 1 24 21 0 0 0 0 0 0 2 0 0 0 0 7 33 0 1 0 0 1 9 15 0 0 0 0 0 0 0 0 0 0 0 0 0 0 0 0 0 0 0 33 0 0 0 0 0 0 0 0 0 5 0 0 0 0 0 0 0 0 0 0 41 7 66 15 0 0 0 31 32 18 21 0 0 22 19 1 0 0 19 0 15 0 0 0 0 0 0 10 0 0 0 0 20 0 8 0 0 0 8 0 0 0 0 0 0 0 0 0 0 0 0 2 0 0 0 0 0 0 0 0 0 0 0 0 29 4 0 0 0 0 0 0 0 0 0 0 0 0 0 0 0 0 0 0 11 13 0 0 0 0 
 0 0 3 0 0 0 0 3 0 5 3 0 0 0 0 2 0 0 0 0 1 1 5 0 4 1 1 2 1 1 1 8 0 1 1 0 1 0 0 1 190 140 88 110 217 128 110 54 191 172 231 39 35 327 204 0 196 163 49 201 0 26 0 0 0 0 1 0 0 38 0 0 3 0 0 0 0 0 0 0 0 0 0 0 0 0 0 0 0 0 0 0 0 0 0 0 0 0 0 0 0 0 0 0 0 0 0 0 0 0 0 0 0 0 0 0 0 0 0 0 8 0 17 19 44 0 23 9 20 0 23 7 0 1 1 0 14 14 0 0 0 0 0 0 0 3 20 0 0 0 0 0 7 0 0 11 5 0 31 0 0 0 0 0 0 0 0 0 0 0 0 0 0 0 0 0 0 0 0 0 0 0 0 0 0 0 0 0 0 0 0 0 0 0 0 0 0 0 0 0 47 9 18 0 43 19 0 36 0 0 23 1 0 0 0 0 19 0 0 0 28 0 14 0 0 2 0 0 0 0 0 0 36 9 0 0 0 0 2 0 0 0 19 0 0 0 0 0 0 0 0 12 0 2 0 0 0 0 0 24 0 0 1 66 1 69 0 68 0 0 0 0 0 0 0 0 0 0 0 0 0 0 0 0 0 0 0 1 1 0 
 0 0 0 0 0 0 0 0 0 2 6 0 0 0 0 0 0 0 0 0 4 3 16 0 5 0 69 210 0 2 0 3 0 2 0 2 0 4 0 4 97 59 269 154 322 74 53 47 89 177 191 71 37 93 44 196 0 185 30 435 3 2 0 0 0 0 6 0 1 0 0 1 2 0 3 3 0 0 0 2 0 0 0 0 0 0 0 0 0 0 0 0 0 0 0 0 0 0 0 0 0 0 5 12 9 0 0 5 7 11 0 0 2 0 0 0 0 6 0 0 12 8 49 13 27 0 18 5 25 7 10 47 0 0 7 12 12 30 7 17 0 0 4 1 0 0 13 0 0 0 0 0 0 16 0 16 2 0 13 0 0 0 0 0 0 0 0 0 0 0 0 0 0 0 0 0 0 0 0 0 2 7 0 29 0 0 0 2 0 5 0 0 4 4 0 0 0 0 0 0 5 40 10 0 4 21 16 20 1 0 7 6 0 0 0 8 27 24 4 3 0 0 15 0 0 0 1 0 0 0 0 0 17 40 0 0 0 0 18 32 0 0 34 0 0 0 0 0 0 0 0 8 0 1 0 0 0 0 0 13 0 0 1 66 1 0 2 65 0 0 0 0 0 0 0 0 0 0 0 0 0 27 0 0 0 14 0 11 2 0 
 64 2 2 3 2 2 3 2 2 3 2 2 2 3 2 3 2 4 2 2 2 2 2 2 2 2 4 2 2 2 2 6 2 2 2 2 2 2 2 2 297 267 321 165 185 102 453 53 346 47 213 248 240 36 123 163 185 0 256 34 0 1 0 0 3 0 0 0 0 0 0 0 0 0 56 0 0 0 2 0 0 0 0 0 0 0 0 0 0 0 0 0 0 0 0 0 0 0 0 0 0 0 0 0 0 0 0 0 0 0 0 0 0 0 0 16 0 0 0 0 0 0 0 20 36 12 0 0 19 6 16 4 0 0 11 35 0 0 0 0 0 0 0 2 0 5 2 0 0 0 6 0 7 7 0 8 16 0 11 0 0 0 0 0 0 0 0 0 0 0 0 0 0 0 0 0 0 0 0 0 0 0 0 0 0 0 0 11 0 4 0 0 0 0 0 0 0 0 0 0 0 0 12 7 0 36 14 27 16 0 0 8 0 0 0 0 10 0 0 0 1 0 5 0 0 14 13 13 0 15 0 0 71 20 51 0 0 0 13 0 0 0 0 0 0 0 0 0 0 0 0 2 0 2 0 0 0 0 0 16 0 1 2 1 1 3 3 3 7 0 10 0 0 0 0 13 0 0 0 0 0 0 0 0 10 0 0 8 1 0 
 0 0 0 0 0 22 0 0 0 0 0 0 0 0 0 0 0 0 0 0 0 1 147 27 129 87 3 2 16 65 67 27 0 1 0 0 106 62 0 1 54 56 238 89 69 48 312 208 56 88 42 17 227 319 92 49 30 256 0 190 0 0 6 0 5 0 0 0 0 0 0 200 0 0 0 6 0 200 0 0 0 0 0 0 0 0 0 0 0 0 0 0 0 0 0 0 0 0 0 0 0 0 0 0 0 0 0 0 0 7 1 11 0 0 0 0 1 23 0 0 10 0 10 0 0 0 0 14 40 0 0 0 16 72 0 2 7 0 4 0 0 0 0 0 0 0 0 1 0 0 0 0 0 0 0 0 0 0 0 0 0 0 0 0 0 0 0 0 0 0 0 0 0 0 0 0 0 0 0 0 0 0 0 16 1 0 0 0 0 1 30 6 0 0 0 0 12 0 0 0 1 11 0 0 0 0 32 0 10 11 0 0 0 9 21 32 10 0 40 0 0 0 0 0 0 7 0 0 0 0 0 0 0 0 0 0 0 0 0 0 0 0 0 0 0 0 0 0 0 0 0 11 0 0 0 0 0 61 0 0 0 0 1 0 0 4 2 0 0 0 0 0 0 0 0 0 0 0 0 0 0 0 0 0 0 8 0 0 0 0 
 0 0 1 0 0 0 3 0 0 0 1 0 0 0 0 0 0 2 0 1 14 7 1 77 0 16 0 3 61 208 0 107 0 0 0 3 57 1 0 1 167 169 250 58 69 139 323 47 56 142 115 100 63 215 138 201 435 34 190 0 0 0 0 0 0 0 0 0 0 0 0 0 0 0 0 0 0 0 0 0 0 0 0 0 0 0 0 0 0 0 0 0 0 0 0 0 0 0 0 0 4 1 3 5 9 0 0 0 0 3 0 15 5 3 3 0 2 2 0 0 15 7 52 0 9 19 25 63 10 1 0 19 0 0 0 0 9 6 0 0 1 0 0 0 0 0 0 0 0 0 0 0 29 0 0 0 0 0 0 13 0 0 0 37 0 0 0 0 0 0 0 0 0 0 0 0 0 0 0 0 0 0 0 0 9 0 0 4 0 4 0 11 2 4 0 0 0 0 0 9 19 8 1 0 9 4 0 9 0 0 21 6 0 0 1 14 29 25 0 9 0 0 0 0 0 0 0 0 0 0 0 0 0 0 0 0 0 0 3 1 0 0 19 0 0 0 0 0 0 31 0 1 0 1 0 0 0 62 0 1 0 0 2 1 0 4 0 6 1 0 0 0 0 0 0 0 0 0 0 0 0 0 0 0 0 11 0 0 1 0 
 0 0 0 0 0 5 0 0 0 3 0 1 0 0 0 0 9 0 0 0 0 0 4 0 0 0 34 0 0 0 0 0 16 1 0 0 0 0 0 0 0 0 0 48 2 0 0 5 0 0 0 0 0 0 0 0 3 0 0 0 0 338 268 272 29 28 156 370 119 65 244 76 126 98 118 408 148 171 102 150 0 0 0 0 0 4 0 4 0 0 0 9 0 0 0 0 0 0 0 0 0 4 0 0 0 0 0 7 0 0 0 0 0 0 0 0 0 0 4 0 0 0 0 27 0 0 0 0 0 0 0 0 0 0 0 0 0 0 0 0 0 0 6 0 1 16 3 13 23 63 8 1 28 9 25 20 8 46 0 0 0 0 0 0 1 0 0 0 0 0 4 0 0 0 0 0 0 0 0 0 12 4 0 0 0 0 0 0 0 0 0 0 0 0 6 0 0 0 0 0 0 0 0 0 0 0 0 0 0 0 0 0 0 0 0 0 0 0 0 0 0 16 1 10 11 10 0 14 0 8 8 25 0 0 7 10 16 0 0 7 0 0 0 0 0 0 0 0 0 7 0 0 0 1 15 0 0 0 0 0 0 0 0 0 0 0 7 1 0 0 18 2 53 2 0 0 0 0 0 0 0 0 0 0 0 2 0 0 0 0 
