 0 143 277 67 215 27 181 62 157 40 42 345 125 354 127 60 32 215 132 156 3 4 2 4 4 2 0 10 1 1 0 2 2 1 3 0 1 0 0 0 64 0 3 0 1 2 0 0 0 0 3 4 3 0 0 0 34 2 3 0 7 0 0 0 5 3 0 0 3 7 6 0 0 3 5 4 4 2 0 4 65 10 0 21 9 19 20 33 0 14 0 23 10 25 28 18 11 10 0 10 0 0 0 0 0 0 0 0 0 1 9 0 20 0 0 0 0 0 0 0 0 0 0 0 0 0 0 0 0 0 0 0 0 0 0 0 0 0 0 0 0 0 5 0 0 0 0 22 0 0 0 0 0 0 0 0 0 0 0 0 4 2 0 43 0 0 0 46 12 10 16 0 74 7 0 10 0 18 11 10 0 0 2 0 0 0 0 7 0 0 0 0 0 0 0 0 0 0 0 0 0 0 0 0 0 0 0 0 0 0 0 0 0 0 0 0 0 0 0 0 0 0 0 0 0 0 0 0 0 0 0 0 0 0 0 1 0 0 0 0 0 0 0 0 0 0 2 0 4 1 0 3 0 0 0 0 0 0 0 0 0 0 0 0 0 0 10 0 0 0 0 0 0 1 0 0 0 0 0 0 0 0 0 0 0 0 0 0 0 0 
 143 0 112 49 309 451 146 87 239 158 51 192 240 233 220 154 227 302 29 150 3 0 0 0 0 3 0 3 0 0 0 2 0 0 3 0 0 0 60 0 0 60 0 0 0 0 0 0 0 0 0 0 0 0 0 0 0 0 0 0 3 0 0 0 0 0 0 0 3 0 0 0 0 3 2 0 0 2 0 0 14 0 35 13 0 0 32 31 26 17 16 0 0 14 3 34 10 3 31 1 0 0 0 0 2 0 11 0 0 0 0 11 27 0 1 29 0 0 0 0 1 0 0 0 0 0 0 0 0 0 0 0 0 0 2 0 0 0 0 0 0 0 0 0 0 0 0 0 0 0 0 0 2 0 0 1 0 25 0 0 0 9 9 21 31 31 0 24 20 10 0 10 15 23 1 25 13 0 0 9 0 0 0 0 0 0 0 0 0 0 0 0 2 0 0 0 3 0 0 0 0 0 0 0 2 0 0 0 0 0 0 0 0 0 0 0 0 0 0 0 0 0 0 0 0 0 0 2 0 1 0 0 0 0 0 0 0 0 0 0 0 12 0 0 0 0 58 0 0 43 0 11 0 0 0 0 0 0 0 0 0 0 17 0 0 0 1 0 0 0 0 0 0 2 0 19 15 0 0 0 0 0 0 0 0 0 0 0 0 0 
 277 112 0 184 71 333 178 106 372 246 41 154 172 124 142 165 87 151 271 170 3 0 0 0 0 1 2 10 1 0 1 2 3 0 78 2 3 0 75 0 0 0 6 0 0 62 0 0 0 2 0 0 0 0 0 0 4 3 6 0 6 0 0 0 0 0 0 0 3 0 0 0 0 3 3 0 4 3 0 4 6 40 0 9 8 19 4 19 30 49 14 21 8 6 0 9 33 87 14 14 16 0 0 0 0 2 11 0 0 0 0 0 45 0 0 0 0 0 0 1 0 0 0 0 0 0 0 0 0 0 0 0 0 0 0 0 0 0 0 0 0 0 0 1 0 0 0 0 0 0 0 0 0 0 0 0 0 1 0 0 34 11 9 0 14 0 0 32 0 28 48 9 1 19 13 0 47 16 0 19 0 0 0 0 0 0 0 9 0 0 0 0 23 0 0 0 0 0 0 0 0 0 0 0 0 0 0 0 0 0 0 0 0 0 0 0 0 0 0 0 0 2 0 0 0 0 0 0 0 0 0 0 0 0 0 0 0 23 0 0 0 0 0 0 0 3 1 0 2 45 11 2 0 0 0 0 0 0 0 0 0 0 0 0 0 0 0 0 0 0 0 0 0 0 0 0 0 0 0 0 0 0 0 0 0 0 0 0 0 0 
 67 49 184 0 147 39 105 167 85 87 85 71 86 280 50 58 125 64 89 150 4 0 0 0 0 2 0 3 3 4 0 2 1 0 2 0 0 0 0 103 0 0 0 0 0 0 0 0 0 0 0 0 62 0 0 0 0 0 0 0 2 0 0 0 0 0 0 0 3 0 42 0 0 3 3 0 6 3 15 5 0 11 0 31 18 0 10 13 0 10 11 0 0 0 3 7 37 2 15 10 23 0 0 0 0 0 20 11 71 0 0 0 0 33 31 0 7 0 0 29 0 0 0 0 0 0 0 0 0 0 0 0 0 48 0 1 0 0 0 0 0 0 0 0 0 0 0 0 0 0 0 0 0 0 0 0 0 13 0 0 9 0 0 0 8 13 0 0 1 8 21 11 0 12 22 0 23 0 0 0 0 15 0 11 0 0 42 11 0 0 0 0 28 17 0 0 21 0 4 21 0 0 0 0 0 0 0 0 0 0 0 0 0 0 0 0 0 0 0 1 0 0 0 0 0 1 0 0 0 0 0 0 0 0 0 0 0 0 0 0 0 10 0 0 0 0 3 0 4 15 2 6 0 0 0 0 0 0 0 0 0 0 13 0 0 0 0 0 0 0 0 0 0 0 0 39 0 11 0 0 0 0 0 0 0 0 0 0 0 0 
 215 309 71 147 0 457 68 182 107 185 270 271 76 51 76 412 146 176 80 82 27 34 74 0 0 2 5 8 4 1 2 2 5 4 2 47 0 0 18 57 4 1 0 3 0 2 0 0 0 3 0 0 0 0 0 0 0 0 2 0 2 0 1 1 0 1 0 0 4 51 1 0 0 3 4 0 3 3 1 5 0 0 11 19 10 14 14 0 18 15 34 19 0 18 2 14 8 0 1 0 38 7 0 7 0 0 28 0 0 16 2 0 0 9 28 11 16 0 2 27 0 0 0 0 0 0 0 0 0 0 0 0 0 0 0 2 0 0 0 0 0 0 0 0 0 0 7 0 0 19 0 0 0 0 0 0 0 0 0 0 0 9 23 0 9 12 16 8 0 46 1 13 6 0 0 0 10 14 0 0 0 23 9 0 0 0 26 3 0 0 0 0 9 17 0 3 17 0 1 18 0 0 0 0 0 0 0 0 0 0 0 0 0 0 0 0 0 0 7 0 0 0 0 0 0 2 0 0 0 0 0 0 0 0 1 0 0 0 0 0 0 0 0 0 0 3 3 0 0 3 12 21 0 0 0 0 0 0 0 0 0 0 0 0 0 0 0 0 0 0 0 0 0 11 0 0 0 39 0 0 0 0 0 0 0 0 0 0 0 0 
 27 451 333 39 457 0 220 123 69 48 91 171 40 44 44 139 71 163 73 61 75 172 81 0 2 0 1 75 116 0 0 3 18 1 83 75 0 0 219 112 0 1 0 0 1 0 0 0 0 0 0 2 0 0 0 0 0 0 0 0 4 2 0 0 0 1 0 0 14 11 0 0 0 13 3 0 0 6 4 11 0 15 12 10 13 23 0 0 17 10 21 0 0 0 0 0 2 0 0 0 11 19 28 23 0 0 0 0 9 0 11 0 37 0 9 61 0 0 1 48 0 0 0 0 0 0 0 0 0 0 0 0 0 0 0 0 0 0 0 0 0 0 0 0 0 0 0 22 0 0 0 0 0 0 0 0 0 0 0 0 0 0 0 0 36 18 0 0 15 0 0 1 1 0 0 0 0 8 0 1 0 16 13 22 20 0 0 0 8 39 0 2 0 0 0 2 41 38 68 35 0 0 0 0 0 0 0 0 0 0 0 1 0 0 0 0 0 0 0 0 0 0 0 0 0 0 0 0 0 0 0 0 0 1 0 0 0 0 0 0 0 0 0 0 0 0 2 1 1 93 9 6 0 0 0 0 0 0 75 0 0 0 0 0 0 11 0 0 0 0 0 0 0 0 0 0 14 0 0 0 0 0 0 0 0 0 0 0 0 0 
 181 146 178 105 68 220 0 74 55 158 243 120 184 43 33 38 247 98 366 114 3 0 0 2 0 2 0 2 0 0 0 2 0 1 2 0 0 0 0 0 0 0 0 0 0 0 0 0 0 0 1 0 0 0 0 0 2 0 0 0 2 0 0 0 0 0 0 0 3 0 0 0 0 3 3 0 0 3 0 0 21 11 2 0 0 0 30 0 0 0 46 0 0 18 0 25 20 0 10 20 0 0 0 0 0 0 0 0 0 0 0 0 0 0 0 0 0 0 0 0 0 0 0 1 0 0 0 0 0 0 0 0 0 0 0 0 0 0 0 0 0 0 0 2 0 0 0 0 0 0 0 0 0 0 0 0 0 5 0 0 15 0 0 14 12 0 15 0 0 0 1 2 8 12 10 0 64 1 12 4 0 0 0 0 0 0 0 0 0 0 1 0 0 0 0 0 0 0 0 0 19 0 0 0 0 0 0 0 14 0 2 0 0 0 0 0 0 0 0 0 0 0 0 0 0 0 0 0 0 0 11 1 0 0 9 0 0 0 0 0 0 0 0 0 0 0 0 0 0 0 0 6 19 0 0 0 0 0 0 0 0 0 0 0 0 0 0 0 0 0 0 0 0 0 0 10 0 0 0 0 0 0 0 0 0 0 0 0 0 0 
 62 87 106 167 182 123 74 0 77 236 120 29 193 127 181 239 387 109 77 171 3 0 0 1 0 2 4 3 0 0 0 2 2 2 4 0 0 0 2 3 0 0 63 0 0 0 0 0 1 0 0 0 0 0 0 0 0 0 0 0 2 0 5 0 0 0 1 0 3 7 2 0 0 3 3 0 0 5 0 0 9 0 56 29 20 43 26 55 0 25 33 23 0 31 56 16 11 18 18 0 0 0 0 0 2 0 4 0 0 0 0 1 11 0 0 0 0 0 15 19 1 0 0 0 0 1 0 0 0 0 0 0 0 0 0 0 0 0 0 0 0 0 0 0 0 0 5 0 0 0 0 0 0 0 0 0 0 0 0 0 0 31 9 20 0 21 15 31 27 21 0 14 0 27 10 1 12 47 0 0 0 0 0 0 0 0 0 0 0 0 0 11 0 13 0 0 0 0 2 0 0 0 0 0 0 0 0 0 0 0 0 0 0 0 0 0 0 0 0 0 0 0 0 8 0 0 0 0 0 0 0 0 0 0 0 0 0 20 2 0 0 3 0 0 0 1 0 0 2 0 0 12 18 0 0 0 1 0 0 0 0 0 0 0 0 0 0 0 0 0 0 0 0 0 0 9 22 21 0 0 0 0 0 0 0 0 0 0 0 0 
 157 239 372 85 107 69 55 77 0 79 167 335 279 60 109 153 48 51 192 66 3 3 0 2 5 2 0 3 0 0 0 4 207 3 2 0 3 2 74 1 0 93 0 0 0 0 0 0 0 0 0 0 2 3 0 0 0 0 0 0 2 0 0 0 3 0 0 2 3 3 3 2 0 3 27 3 0 5 0 0 7 30 11 0 17 37 11 23 96 23 23 18 10 0 0 7 42 0 24 10 11 0 0 0 0 0 7 0 0 0 0 0 55 11 11 0 0 0 0 14 0 0 0 0 0 0 0 0 0 0 0 0 0 0 0 0 0 0 0 0 0 0 0 0 0 0 0 0 0 0 0 0 0 0 0 1 0 8 0 0 8 23 17 0 42 0 0 0 11 22 17 1 0 12 10 11 22 0 0 7 0 0 0 0 0 0 0 9 0 0 0 0 21 0 0 0 0 0 0 0 0 0 0 0 0 0 0 4 0 0 0 0 0 0 0 0 0 0 0 4 0 0 0 5 0 0 0 0 0 0 0 9 0 0 0 0 0 0 0 0 0 0 0 0 0 0 95 0 2 89 2 1 1 0 0 0 0 0 0 0 0 0 0 0 0 0 0 0 0 0 0 0 0 0 0 9 0 0 0 0 0 0 0 0 0 0 0 0 0 0 
 40 158 246 87 185 48 158 236 79 0 112 166 138 47 250 462 116 397 232 106 3 0 3 2 0 1 6 10 2 2 2 2 0 0 6 0 0 0 3 0 3 5 0 3 96 0 0 0 0 0 0 6 0 0 0 0 0 5 0 0 2 2 1 1 31 0 0 0 3 2 6 0 0 3 5 0 0 6 0 1 15 17 25 15 22 38 4 0 18 10 14 11 0 48 25 12 7 10 1 0 6 0 0 0 0 0 35 10 5 0 0 0 1 9 0 0 0 0 28 1 0 0 0 0 1 0 0 0 0 0 0 2 0 0 0 0 0 3 0 0 0 0 0 0 8 0 0 0 0 0 2 1 0 0 0 0 0 0 0 0 0 17 13 43 9 65 21 28 0 19 15 9 15 1 0 0 40 17 0 10 0 15 1 0 0 0 20 9 5 0 0 0 6 0 0 0 0 0 0 0 0 0 0 0 0 0 0 0 0 0 0 0 0 0 0 0 0 0 0 0 0 0 1 0 0 0 0 0 0 0 0 0 0 15 0 0 0 0 0 0 0 0 0 0 0 0 0 0 0 3 11 9 11 0 0 0 0 0 0 0 0 8 0 0 0 0 0 0 0 0 0 0 0 0 0 9 0 1 0 0 0 0 0 0 0 0 0 0 0 0 
 42 51 41 85 270 91 243 120 167 112 0 469 148 28 156 227 206 135 41 81 4 0 0 0 6 216 75 75 0 0 0 2 209 1 0 1 0 0 0 98 0 1 0 5 0 0 0 63 0 0 2 0 0 0 3 0 0 2 0 0 0 0 0 0 0 0 0 60 0 0 0 0 0 0 0 0 3 0 0 5 14 22 14 46 19 20 14 20 12 20 14 1 0 15 0 0 0 29 0 10 19 0 0 0 0 0 27 29 37 2 0 0 3 61 63 0 0 0 22 1 0 0 0 0 0 18 2 0 0 0 0 0 0 0 0 0 0 0 0 0 0 0 0 0 0 0 0 0 0 0 0 2 0 0 0 0 0 0 0 0 18 63 1 0 17 15 28 8 16 3 25 0 10 10 20 4 0 0 2 0 0 10 0 10 0 0 51 29 0 0 0 0 22 16 0 19 14 0 0 15 0 0 0 0 0 0 0 0 0 0 0 0 0 0 0 0 0 0 0 0 0 0 2 0 0 0 0 0 0 0 0 0 0 0 0 0 15 0 0 0 0 0 0 0 0 13 1 1 102 9 0 5 0 0 0 0 0 0 2 0 0 0 0 0 0 0 0 2 0 0 0 0 0 0 0 0 0 1 0 0 0 0 0 0 2 0 0 0 0 0 
 345 192 154 71 271 171 120 29 335 166 469 0 313 120 94 382 396 489 66 123 77 80 0 0 0 3 76 80 0 74 0 2 0 0 2 74 0 0 96 76 0 2 0 0 0 0 0 0 0 0 0 0 0 0 1 0 0 0 0 0 3 0 0 0 0 0 0 0 3 0 0 0 0 3 2 1 0 3 0 0 2 19 0 46 12 24 12 19 9 15 30 25 0 22 0 12 9 34 0 5 10 0 0 0 1 0 8 0 0 12 0 10 20 9 2 49 12 0 23 20 1 0 0 0 0 1 0 0 0 0 0 0 0 0 0 0 0 0 0 0 0 0 0 0 0 0 14 0 0 0 0 0 0 0 0 0 0 0 0 0 22 9 10 7 0 55 38 18 0 17 0 7 18 8 34 17 0 40 0 0 0 1 15 0 0 0 18 17 0 0 0 0 17 0 3 15 0 0 2 2 0 0 0 0 0 0 0 0 0 0 0 0 0 0 0 0 0 0 0 0 0 0 0 0 0 0 0 0 0 0 0 0 0 0 0 0 0 0 2 0 0 1 0 0 0 3 2 1 46 9 0 2 0 0 0 0 0 2 0 0 0 0 0 0 0 0 0 0 0 0 0 0 0 0 0 0 0 24 0 0 0 0 0 0 0 0 0 0 0 0 
 125 240 172 86 76 40 184 193 279 138 148 313 0 439 63 354 87 46 115 145 3 0 0 0 0 3 0 3 0 0 0 2 0 0 2 0 0 0 0 1 0 56 0 0 0 0 0 0 0 0 0 0 0 0 3 0 0 0 0 0 3 0 0 0 0 0 2 0 2 0 0 0 0 3 3 0 0 2 0 0 31 23 14 0 0 0 47 43 0 25 0 15 33 31 22 30 32 49 12 22 0 0 0 0 0 0 8 0 0 0 0 0 0 0 0 0 0 0 0 0 0 0 0 0 0 0 0 0 0 0 0 0 0 0 0 0 0 0 0 0 0 0 36 0 0 0 0 3 0 0 0 0 11 0 0 0 0 0 0 0 24 0 0 18 0 0 13 11 27 0 6 0 39 1 0 20 0 0 31 14 0 0 0 0 0 0 0 0 0 0 0 0 0 0 2 0 0 0 0 0 0 0 0 0 0 0 0 0 0 0 0 0 0 0 0 0 0 0 0 0 0 0 0 0 0 0 0 0 0 0 1 0 0 0 0 0 0 0 0 0 0 0 0 0 0 3 1 0 3 0 0 8 0 0 0 0 0 0 0 0 2 0 0 0 0 0 0 0 0 0 0 0 0 0 0 0 6 0 0 0 0 0 0 0 0 0 0 0 0 0 
 354 233 124 280 51 44 43 127 60 47 28 120 439 0 80 43 31 37 237 323 77 2 2 1 0 8 0 2 1 0 0 2 0 0 3 0 2 0 0 0 0 0 0 0 0 0 0 0 0 0 48 0 0 0 0 1 0 0 0 3 2 0 2 0 0 3 0 0 3 0 38 0 0 6 3 0 0 3 2 0 29 16 22 0 0 0 20 38 0 14 0 14 22 40 10 63 12 16 21 2 0 0 0 0 12 0 0 0 0 0 0 0 0 6 0 0 0 0 0 0 0 0 31 0 0 0 0 0 0 0 1 0 0 0 0 0 0 0 0 0 0 0 30 0 0 0 0 1 0 0 0 0 0 0 0 0 0 0 0 0 23 0 0 33 0 0 0 61 14 0 14 0 23 15 0 12 0 0 2 42 0 0 0 0 0 0 0 0 0 0 0 0 0 0 0 0 0 0 0 0 2 0 0 0 0 0 0 0 0 0 0 0 0 0 0 8 0 0 0 1 0 0 0 1 0 6 0 0 0 0 0 0 0 0 0 0 0 0 11 0 0 0 0 0 0 0 0 0 0 0 0 15 2 0 0 1 0 0 0 0 0 0 0 0 0 0 0 0 0 0 0 0 0 0 0 6 6 0 0 0 0 0 0 0 0 0 0 0 0 0 
 127 220 142 50 76 44 33 181 109 250 156 94 63 80 0 180 229 58 312 202 3 1 0 0 0 2 0 3 0 0 5 2 72 0 2 0 0 0 0 0 0 0 0 0 0 0 0 0 0 4 0 0 0 0 0 0 0 2 0 0 2 0 3 0 1 0 0 0 3 6 0 0 0 3 3 0 0 3 0 0 9 29 21 11 21 26 9 25 6 38 9 47 7 32 27 43 10 16 22 0 0 0 2 2 0 0 0 0 0 1 0 0 4 0 0 0 0 0 0 36 0 0 0 0 1 0 0 0 1 0 14 0 0 0 0 0 0 0 0 12 0 0 0 0 0 0 2 0 0 13 0 0 0 0 17 0 0 0 0 0 0 23 7 43 11 10 13 24 25 33 0 0 10 15 35 1 0 49 0 18 0 0 0 8 0 0 0 0 0 0 0 0 0 0 0 0 0 0 0 0 0 0 0 2 0 1 0 0 0 0 0 0 0 0 0 0 0 17 0 0 2 0 0 0 0 0 0 8 0 0 0 0 0 0 0 0 0 0 0 0 0 0 0 0 0 0 1 0 1 2 0 17 0 0 0 0 0 0 0 0 0 0 0 4 0 0 0 0 0 1 0 0 0 0 0 0 10 14 0 0 0 0 0 0 0 2 0 0 0 0 
 60 154 165 58 412 139 38 239 153 462 227 382 354 43 180 0 540 45 195 517 3 0 0 0 0 1 0 3 0 0 0 2 0 0 2 0 0 0 145 0 0 0 0 0 0 0 67 0 0 0 0 0 0 0 0 0 0 0 0 0 3 0 0 0 0 0 0 0 3 0 0 0 0 3 2 8 0 3 0 0 9 39 12 40 28 68 14 14 18 25 0 13 0 34 23 13 14 40 0 12 0 0 0 1 0 0 2 0 0 0 0 0 24 0 0 0 0 0 17 17 0 0 0 0 2 0 0 0 1 0 0 0 0 0 0 0 0 0 0 0 43 0 0 0 0 0 0 0 0 0 0 0 0 0 0 0 0 0 2 0 9 15 0 20 13 17 31 10 79 2 13 0 30 9 14 12 0 25 0 0 1 0 0 0 0 0 0 0 0 0 0 0 0 0 0 0 0 0 0 0 0 0 0 0 0 0 0 0 0 0 0 0 0 0 0 0 0 0 0 0 0 0 0 0 2 0 21 0 15 0 0 0 0 0 0 0 0 0 0 0 0 0 0 0 0 0 1 2 90 85 0 11 0 0 0 0 0 0 0 0 0 0 0 0 0 0 0 0 0 0 0 0 0 0 0 0 14 0 0 0 0 0 0 0 0 1 0 0 0 0 
 32 227 87 125 146 71 247 387 48 116 206 396 87 31 229 540 0 393 34 343 3 0 0 0 0 1 0 3 0 0 0 2 45 0 2 0 0 0 0 0 0 63 0 0 0 0 0 0 0 0 0 0 0 0 0 0 0 0 0 0 2 0 4 0 0 0 0 0 3 5 0 0 0 3 3 0 0 3 0 0 5 0 65 20 25 21 30 36 1 25 11 15 0 14 39 32 2 88 10 15 0 0 0 0 0 0 13 11 1 0 13 0 31 0 0 0 0 0 14 0 0 13 0 0 0 0 0 0 0 0 0 0 0 0 0 0 0 0 0 0 0 0 0 2 0 0 0 0 0 0 0 0 0 0 0 0 0 0 0 0 20 47 16 18 0 24 13 8 11 2 12 0 16 28 44 21 20 12 0 1 0 0 0 0 0 2 0 10 0 0 0 0 0 0 0 0 0 0 0 0 14 0 0 0 0 0 0 0 0 0 2 0 0 0 0 0 0 0 0 0 0 0 0 0 0 0 0 0 0 0 0 0 0 0 0 0 0 0 0 0 0 1 0 0 0 2 88 0 0 3 0 6 1 0 0 0 0 0 0 0 0 0 10 0 0 0 0 0 0 0 0 0 0 0 0 12 1 4 0 0 0 0 0 0 0 0 0 0 0 0 
 215 302 151 64 176 163 98 109 51 397 135 489 46 37 58 45 393 0 24 41 3 0 0 0 0 2 74 6 0 0 0 2 0 78 2 1 2 0 0 207 0 66 0 0 1 1 0 0 0 0 0 0 0 0 1 0 0 3 0 0 54 0 3 0 0 0 0 0 3 50 0 2 0 3 2 0 0 2 0 0 0 10 29 0 0 0 37 0 13 0 85 1 0 26 16 22 26 13 21 10 0 14 0 0 0 0 21 0 0 0 0 0 42 32 12 0 0 0 15 2 0 0 0 0 0 0 0 0 0 0 0 0 0 0 0 0 0 0 0 0 0 0 0 0 0 0 0 0 0 0 0 0 0 0 0 0 0 6 0 0 15 32 20 3 37 0 0 0 0 0 1 25 5 32 9 12 32 10 0 2 0 11 0 0 0 0 75 0 1 0 0 2 17 0 2 0 0 2 0 3 0 0 0 0 0 0 0 0 0 0 0 2 0 24 0 0 0 0 0 0 2 0 0 0 0 0 0 0 0 0 0 15 0 0 0 0 0 2 0 0 0 0 0 0 0 0 87 0 1 2 9 10 15 0 0 0 0 0 0 0 0 0 0 0 0 0 0 0 0 0 0 0 0 0 0 26 1 0 0 0 0 0 0 0 0 0 0 0 0 0 
 132 29 271 89 80 73 366 77 192 232 41 66 115 237 312 195 34 24 0 233 4 3 0 0 0 2 0 5 1 0 0 2 0 4 36 0 0 0 0 1 0 0 3 3 0 0 0 0 1 2 0 0 0 0 0 2 1 2 0 0 3 0 0 2 2 1 0 0 3 0 3 3 0 3 2 2 1 4 0 0 18 3 1 13 0 0 0 1 9 0 0 7 0 19 25 2 0 9 22 0 0 0 10 0 0 0 0 0 0 2 0 0 0 0 0 0 0 0 0 0 0 0 0 0 0 0 0 0 0 0 0 0 0 0 0 0 0 0 0 0 1 0 0 0 0 0 0 0 0 0 2 0 0 0 17 0 0 1 0 0 0 0 0 43 0 0 0 14 22 0 0 0 36 0 0 0 23 15 0 15 0 0 0 7 1 0 0 0 0 0 0 0 0 0 0 0 0 1 0 0 0 0 0 2 0 1 0 0 0 30 0 1 0 0 0 0 0 0 0 0 2 0 0 0 0 0 0 0 0 0 0 0 0 0 0 0 0 0 0 0 0 0 0 0 0 1 2 0 1 0 0 2 0 0 0 0 17 0 0 0 0 0 0 0 0 0 0 0 0 1 0 0 0 0 0 0 10 0 0 0 0 0 0 0 0 0 0 0 0 0 
 156 150 170 150 82 61 114 171 66 106 81 123 145 323 202 517 343 41 233 0 3 0 0 0 0 2 0 3 0 0 0 2 0 0 2 0 0 3 0 0 0 0 0 0 0 0 0 0 0 0 0 0 0 0 2 0 0 0 0 0 2 0 5 0 0 0 0 0 3 7 0 0 0 3 3 0 0 3 0 0 23 29 15 0 9 20 36 25 0 25 20 35 11 29 19 52 11 35 10 12 0 0 0 11 0 0 0 0 0 0 0 0 0 0 0 0 0 0 1 15 0 0 0 0 0 0 0 0 0 0 0 0 1 0 0 0 0 0 2 0 0 1 0 0 0 0 0 1 2 0 0 0 0 0 0 0 0 4 0 2 2 13 0 14 17 0 0 22 29 0 2 0 5 37 4 10 0 48 19 24 0 0 0 0 0 0 0 0 0 0 0 0 0 0 0 0 0 0 0 2 0 0 0 0 0 0 0 0 0 0 0 0 0 0 0 0 0 0 2 0 0 0 0 0 0 10 13 0 2 0 0 0 15 0 0 0 0 0 0 0 0 0 0 0 0 2 0 0 3 2 0 12 0 0 1 0 0 0 0 0 0 0 0 0 0 0 0 0 0 0 0 0 0 0 0 8 12 0 0 0 0 0 0 0 0 0 0 0 0 0 
 3 3 3 4 27 75 3 3 3 3 4 77 3 77 3 3 3 3 4 3 0 386 359 275 48 47 94 247 263 126 259 279 144 118 432 109 36 40 125 129 0 1 3 57 0 0 0 0 0 0 0 2 3 0 0 0 0 26 4 0 0 0 0 0 0 0 0 0 0 0 0 10 0 50 0 0 3 1 0 1 0 0 0 0 0 0 1 0 1 0 0 0 0 0 0 0 0 0 0 0 18 7 0 20 0 0 0 17 10 17 8 12 1 39 13 45 34 15 25 12 0 0 0 0 0 0 0 0 0 0 0 0 0 2 0 0 0 0 0 1 0 0 0 0 0 0 0 0 0 0 0 0 0 5 0 0 0 0 0 0 0 0 0 0 0 12 0 0 0 0 16 19 0 0 0 0 0 2 0 0 11 35 25 35 0 0 15 16 35 0 12 10 22 28 32 25 0 8 37 23 2 0 0 0 0 0 0 0 0 0 0 35 0 0 0 0 0 0 0 0 0 0 0 0 0 0 0 0 0 0 0 0 0 0 0 2 0 0 16 0 0 0 0 0 0 0 79 0 0 0 0 0 0 0 21 2 4 0 1 0 2 2 0 0 0 0 0 0 0 0 0 2 0 0 0 0 0 0 0 12 0 0 0 0 0 0 0 0 0 0 
 4 0 0 0 34 172 0 0 3 0 0 80 0 2 1 0 0 0 3 0 386 0 242 52 114 255 252 186 209 35 118 48 234 62 143 186 112 104 132 131 0 1 3 0 0 0 0 0 0 0 0 0 70 0 0 0 0 2 3 0 0 0 0 0 0 0 0 0 0 0 0 0 0 0 0 0 50 0 0 0 0 15 0 0 0 0 0 0 0 0 0 0 0 0 0 0 0 0 0 0 2 34 19 35 7 0 0 20 0 15 19 9 0 0 0 6 9 0 0 73 0 0 0 0 0 0 0 1 0 0 0 0 0 0 0 0 0 0 0 13 0 0 0 0 0 0 0 0 0 0 0 0 0 0 0 0 0 0 0 0 0 0 0 0 0 8 6 0 0 0 0 0 0 0 0 3 0 0 0 0 11 10 39 11 5 4 12 0 19 11 49 0 0 17 0 75 34 24 16 16 0 0 0 0 0 0 2 0 0 0 0 0 31 0 1 0 0 0 12 1 0 0 0 0 0 0 0 0 0 0 0 0 0 0 0 0 1 0 0 0 0 0 0 0 0 0 0 0 0 0 0 0 0 0 12 0 0 16 1 3 10 10 0 0 0 0 7 0 0 0 0 0 0 0 0 0 0 0 0 0 0 0 0 0 0 0 0 0 0 0 
 2 0 0 0 74 81 0 0 0 3 0 0 0 2 0 0 0 0 0 0 359 242 0 104 244 42 106 256 237 123 304 254 250 273 153 139 68 75 504 124 0 1 3 0 0 0 0 0 0 0 0 0 76 0 0 0 0 1 5 0 1 0 0 0 0 0 0 0 0 0 0 7 0 49 0 0 0 1 0 0 0 0 0 0 0 16 0 0 0 0 0 0 0 0 0 0 0 0 0 2 10 18 90 22 0 0 0 1 13 0 38 2 0 1 10 16 26 20 13 29 0 0 0 0 0 0 0 0 0 0 0 0 44 0 0 0 0 2 0 0 0 0 0 1 0 0 0 0 10 0 0 78 0 0 0 0 0 0 0 0 0 0 0 0 0 27 0 2 0 4 1 0 0 0 0 4 0 0 0 0 8 15 13 23 13 0 0 17 10 18 13 22 14 4 45 8 32 23 45 31 1 0 0 0 0 0 1 0 0 0 0 0 20 19 0 0 0 0 9 0 0 0 0 0 0 0 0 0 0 0 0 0 0 0 0 0 0 0 0 0 0 0 0 0 0 1 0 0 0 0 0 0 0 0 2 0 0 19 78 0 0 0 0 0 0 0 0 0 0 0 0 0 0 9 0 0 0 0 0 0 0 18 0 0 0 0 11 0 0 0 
 4 0 0 0 0 0 2 1 2 2 0 0 0 1 0 0 0 0 0 0 275 52 104 0 171 42 311 147 172 165 225 375 73 150 298 103 112 144 54 46 0 6 3 0 3 0 6 3 0 32 0 0 3 0 65 13 0 2 158 1 2 0 0 0 0 0 0 0 0 0 0 0 0 0 6 0 0 1 6 0 0 0 0 0 0 0 0 0 0 0 0 0 0 0 17 0 0 0 0 0 0 15 11 0 29 0 0 17 3 0 16 24 0 0 0 19 0 12 0 0 13 0 15 0 0 0 36 0 44 9 0 0 33 0 9 0 0 0 36 37 18 0 0 0 0 0 0 0 0 0 0 2 0 0 0 0 0 0 19 0 0 0 0 0 0 0 0 0 0 0 0 0 0 0 0 11 0 0 0 0 9 0 2 0 16 0 0 0 5 5 17 42 0 4 20 0 11 0 0 0 15 12 33 0 3 0 24 1 15 0 0 0 15 12 13 11 0 2 2 38 0 0 0 0 0 0 0 0 0 0 0 0 0 0 0 0 0 0 0 0 0 0 0 0 0 0 0 0 0 0 0 16 0 0 14 1 0 0 0 2 36 0 0 0 0 0 0 0 0 0 0 0 0 0 0 0 0 0 0 18 0 15 0 0 0 14 0 0 0 0 
 4 0 0 0 0 2 0 0 5 0 6 0 0 0 0 0 0 0 0 0 48 114 244 171 0 76 255 90 140 242 296 147 98 264 489 146 131 57 55 137 0 0 3 0 0 0 0 209 0 2 6 0 3 67 0 65 0 1 65 63 2 0 0 0 0 0 0 0 0 0 0 0 0 3 2 0 0 0 2 0 0 0 0 0 0 0 0 0 0 0 0 0 0 0 0 0 0 0 0 0 0 16 14 2 0 3 0 6 8 15 36 11 0 0 0 19 15 17 0 0 0 0 14 0 0 0 1 0 20 26 1 0 43 1 0 0 0 0 0 11 0 0 0 0 0 0 0 15 0 13 0 0 0 0 0 0 0 0 0 15 0 0 0 0 0 0 0 0 2 0 1 0 0 0 0 11 0 0 0 0 7 0 38 11 0 1 0 0 10 27 1 24 1 0 12 0 0 0 0 0 20 14 0 0 0 0 20 8 0 0 2 0 27 27 0 14 0 0 41 12 0 1 0 0 0 0 0 0 0 0 0 0 0 0 0 0 0 0 0 0 0 0 0 0 0 0 0 0 0 0 0 0 2 1 6 0 3 77 0 0 12 3 2 0 0 0 0 0 0 0 0 0 0 0 0 0 0 0 0 11 0 17 19 0 0 1 0 0 0 0 
 2 3 1 2 2 0 2 2 2 1 216 3 3 8 2 1 1 2 2 2 47 255 42 42 76 0 33 33 93 50 107 307 61 58 74 74 135 93 55 41 2 0 3 2 0 10 57 2 0 59 0 1 14 124 0 62 0 1 3 61 1 0 0 26 0 0 0 0 15 0 0 1 1 0 0 43 0 0 0 0 0 0 0 0 0 0 0 2 13 0 0 0 0 0 0 0 0 0 0 0 0 0 0 0 14 24 0 0 0 0 0 11 0 0 0 0 0 0 0 0 39 0 0 25 0 0 24 14 0 19 11 0 7 14 20 0 2 21 0 0 0 0 0 0 10 0 0 0 0 0 0 2 0 0 10 0 0 0 0 0 0 6 0 0 0 2 2 0 0 0 0 0 0 0 0 0 0 0 0 0 0 0 0 0 31 13 0 0 0 0 0 0 0 0 0 2 0 0 0 0 11 0 0 0 0 0 72 21 0 11 0 0 10 7 14 22 0 0 0 7 0 0 1 0 0 0 0 0 0 0 0 0 0 0 0 0 0 0 0 0 0 0 13 0 0 0 0 0 0 1 0 0 1 2 4 1 0 0 76 2 0 0 0 0 0 0 2 0 0 0 0 0 0 0 0 0 0 0 0 0 0 0 0 0 0 10 0 0 0 0 
 0 0 2 0 5 1 0 4 0 6 75 76 0 0 0 0 0 74 0 0 94 252 106 311 255 33 0 277 40 119 37 299 149 142 397 43 92 109 268 63 0 1 3 0 0 0 0 0 0 0 0 0 3 0 0 0 0 0 3 0 0 0 0 0 0 0 0 0 0 0 0 1 0 5 52 0 56 0 0 0 0 0 0 0 0 12 14 0 0 0 11 0 0 0 0 0 10 0 2 0 0 82 21 12 11 0 22 0 11 23 12 40 0 14 25 11 16 9 35 0 0 0 0 0 0 0 2 0 0 0 0 1 1 1 0 0 0 0 0 0 0 0 0 0 0 0 0 0 0 0 1 0 0 2 0 0 0 0 0 0 0 0 0 2 20 55 1 0 0 0 0 36 0 0 0 0 0 0 0 0 19 23 19 26 10 18 40 28 33 0 0 4 38 31 8 45 23 31 22 78 1 0 0 0 0 0 0 0 0 0 0 0 0 0 0 0 0 0 1 0 0 0 0 0 0 0 0 0 0 2 0 0 0 0 0 0 0 0 2 0 0 0 0 0 0 0 0 0 0 0 1 0 0 0 5 1 0 77 0 0 2 21 0 0 0 0 8 0 0 0 0 0 0 0 0 0 0 0 0 0 0 0 0 0 0 0 1 0 0 0 
 10 3 10 3 8 75 2 3 3 10 75 80 3 2 3 3 3 6 5 3 247 186 256 147 90 33 277 0 190 111 65 329 275 274 386 61 244 34 75 144 0 1 3 0 0 0 0 0 0 0 0 0 3 0 0 0 0 1 3 0 0 0 0 0 0 0 0 0 0 0 0 5 0 2 0 0 5 0 0 0 2 0 0 0 0 12 0 0 0 0 13 0 0 0 0 0 5 0 11 0 0 30 15 0 0 0 7 0 36 12 16 0 0 30 23 10 10 0 43 0 0 0 0 0 0 0 0 2 0 2 0 0 19 0 0 0 0 0 0 13 0 0 0 0 18 0 0 0 0 0 0 0 0 1 0 0 0 0 0 0 3 0 0 0 30 20 0 5 0 0 18 21 0 0 0 7 0 10 0 0 1 10 19 12 2 1 32 42 54 33 0 14 18 14 11 6 11 10 14 9 0 0 0 0 0 0 0 0 0 0 0 0 10 0 0 0 0 0 61 0 0 0 0 0 0 0 2 0 0 0 0 0 0 0 0 0 0 0 0 0 0 0 0 0 0 0 1 0 0 1 0 0 0 0 8 1 1 0 0 0 7 2 0 0 0 0 0 2 0 0 0 0 0 0 0 0 0 0 0 0 0 0 0 0 0 0 0 0 0 0 
 1 0 1 3 4 116 0 0 0 2 0 0 0 1 0 0 0 0 1 0 263 209 237 172 140 93 40 190 0 233 63 134 231 146 259 136 427 79 141 74 6 0 3 12 3 1 4 0 0 6 9 7 65 0 0 6 4 1 69 54 0 4 0 0 3 3 0 4 5 6 4 8 0 6 0 34 5 3 0 4 0 0 8 0 0 0 8 0 14 0 0 0 0 0 0 0 0 0 0 0 20 32 37 8 0 28 0 0 9 2 34 0 0 25 0 32 0 0 12 16 0 2 0 0 0 0 21 0 0 2 0 0 12 0 15 0 0 0 32 17 2 0 0 0 0 0 0 0 19 0 0 0 0 0 0 0 0 2 1 0 0 0 0 0 0 11 0 0 0 0 64 0 0 0 0 6 0 0 0 0 13 36 21 80 43 40 11 8 20 21 0 16 1 0 40 14 10 76 11 31 17 0 0 0 0 1 0 0 0 0 0 0 27 0 0 0 0 24 37 14 0 0 0 0 0 0 0 0 9 0 2 0 0 0 0 0 0 0 0 0 0 0 0 0 0 0 0 0 0 0 0 0 0 3 9 0 2 1 45 0 22 19 1 3 0 0 0 0 0 0 0 0 0 0 4 0 0 0 0 0 0 0 0 0 0 1 0 0 0 0 
 1 0 0 4 1 0 0 0 0 2 0 74 0 0 0 0 0 0 0 0 126 35 123 165 242 50 119 111 233 0 243 79 358 364 200 238 532 338 280 119 0 0 3 0 1 0 0 1 0 2 0 0 3 0 0 4 0 2 3 0 1 0 0 0 0 0 0 0 0 0 0 0 0 4 0 0 0 0 0 0 0 0 0 0 0 0 0 0 0 0 0 0 0 0 0 0 0 0 0 2 18 23 20 14 41 0 0 11 0 25 25 13 0 17 0 3 16 38 1 15 10 0 0 0 0 35 0 0 0 0 0 0 36 0 0 0 0 2 20 32 14 0 0 0 0 1 0 0 0 0 0 0 0 0 0 1 7 0 0 0 0 0 0 0 0 0 0 2 0 0 0 0 0 0 0 11 0 0 0 0 55 2 32 1 11 20 0 11 14 14 27 55 0 30 47 30 10 29 0 20 0 0 0 0 0 0 0 0 0 0 0 0 2 0 1 0 0 0 0 0 0 0 0 0 0 0 0 0 0 0 0 0 0 0 0 0 0 0 0 0 0 0 0 0 0 0 0 0 0 0 0 0 0 0 0 1 2 3 2 0 8 0 0 0 0 0 0 0 0 0 0 0 0 0 0 0 0 0 0 2 0 13 0 1 0 0 13 0 0 0 
 0 0 1 0 2 0 0 0 0 2 0 0 0 0 5 0 0 0 0 0 259 118 304 225 296 107 37 65 63 243 0 205 336 89 153 98 404 224 21 141 3 0 3 0 15 1 0 27 0 3 0 0 67 0 0 9 1 0 22 1 0 0 0 0 10 0 0 0 0 0 0 0 0 0 4 0 0 2 5 0 0 0 0 0 0 0 0 0 0 0 0 0 0 0 0 0 0 0 0 0 0 0 17 14 24 17 0 18 11 1 11 0 0 0 0 12 5 32 0 11 10 0 13 0 0 0 21 4 12 0 0 0 30 0 0 0 1 0 7 0 12 1 0 2 0 0 0 0 0 0 0 6 0 0 2 0 0 0 0 0 0 12 0 0 0 0 2 0 0 0 0 0 0 0 0 0 0 0 0 0 0 1 13 2 18 27 0 1 0 26 9 13 0 25 18 10 22 2 11 0 0 57 0 0 0 0 1 1 0 0 0 0 19 24 37 21 0 3 20 0 0 0 0 0 0 0 0 0 0 0 0 0 0 0 0 0 0 0 0 0 0 0 0 0 0 2 0 0 0 0 0 33 0 0 3 0 1 3 74 1 1 0 23 0 0 0 0 0 0 0 0 0 0 0 0 0 0 0 0 0 0 18 0 0 0 0 0 0 0 0 
 2 2 2 2 2 3 2 2 4 2 2 2 2 2 2 2 2 2 2 2 279 48 254 375 147 307 299 329 134 79 205 0 44 100 252 114 63 145 33 50 0 0 4 0 1 0 27 1 0 0 0 0 64 0 63 4 0 2 87 3 2 0 0 0 0 0 0 0 0 0 0 0 0 0 6 0 0 0 6 1 0 0 0 0 0 4 0 0 0 0 0 0 0 0 0 0 0 0 0 0 0 26 8 0 38 8 0 7 0 0 11 12 0 2 0 33 0 7 0 0 11 0 15 0 0 0 42 0 32 8 0 0 33 0 13 11 0 0 25 44 10 0 0 0 0 0 0 0 0 0 0 2 0 0 0 0 0 0 4 0 0 0 0 0 0 0 0 0 0 2 0 0 0 0 0 27 0 0 0 0 8 0 0 1 0 7 0 0 10 26 13 24 0 39 0 0 37 0 0 0 11 12 0 0 0 0 20 1 0 0 0 0 1 21 13 19 0 29 16 46 0 0 0 0 0 0 0 1 0 0 0 0 0 0 1 0 0 0 0 0 0 0 0 0 0 10 0 0 0 0 0 0 0 0 9 2 1 37 1 1 11 2 0 0 0 0 0 0 0 0 0 0 0 0 0 0 0 0 0 0 0 16 0 0 0 1 0 0 0 0 
 2 0 3 1 5 18 0 2 207 0 209 0 0 0 72 0 45 0 0 0 144 234 250 73 98 61 149 275 231 358 336 44 0 120 705 127 191 91 330 135 0 0 3 0 0 0 200 0 0 0 0 0 3 0 0 0 0 87 4 0 0 0 0 0 0 0 0 0 0 0 0 0 0 6 0 0 0 0 0 0 0 0 0 0 0 0 0 0 0 0 0 0 0 0 0 0 0 0 0 26 19 30 47 13 0 0 0 1 33 11 14 52 0 16 25 0 3 8 14 0 0 0 0 0 0 0 0 0 0 0 0 2 1 0 0 0 0 0 0 0 0 2 0 1 0 0 0 0 0 0 0 0 0 0 0 0 0 0 0 0 0 0 0 0 0 24 0 0 0 0 0 1 9 0 0 0 0 0 0 0 12 13 13 47 10 22 18 8 26 0 2 36 14 3 35 42 22 80 43 42 20 0 0 0 0 0 0 0 0 0 0 0 0 0 0 0 0 0 0 0 0 0 0 0 0 0 0 0 0 0 0 0 0 0 0 0 0 0 0 0 0 0 0 0 0 1 0 0 0 0 0 0 0 0 1 0 0 0 78 4 2 45 0 50 0 0 0 0 0 0 0 0 0 0 0 0 0 0 0 0 0 0 0 0 0 0 13 0 0 0 
 1 0 0 0 4 1 1 2 3 0 1 0 0 0 0 0 0 78 4 0 118 62 273 150 264 58 142 274 146 364 89 100 120 0 89 106 112 54 274 91 7 0 3 0 7 0 61 7 94 0 0 2 3 0 0 0 0 26 9 4 0 0 0 0 0 0 0 0 0 0 0 0 0 0 0 13 0 0 0 0 0 0 1 0 0 0 0 0 1 0 3 0 0 0 0 0 9 0 0 0 1 18 8 32 4 0 16 48 18 0 24 0 0 17 22 0 5 20 26 0 0 0 0 0 0 0 0 0 0 0 0 0 0 0 0 0 0 0 17 0 19 0 0 0 0 0 0 0 0 0 0 0 0 4 0 0 0 0 0 0 0 0 0 0 0 15 0 0 0 0 0 32 0 0 0 0 0 0 0 0 16 59 0 15 5 0 24 0 53 8 21 14 19 21 21 17 0 9 25 30 0 0 0 0 0 0 0 0 0 0 0 0 22 0 0 0 0 0 0 0 0 0 0 0 0 0 0 0 5 0 0 0 0 0 0 0 0 0 0 0 0 0 0 0 0 0 77 0 0 0 0 0 0 0 7 0 1 7 1 0 2 0 0 0 0 0 3 0 0 0 0 0 0 0 0 0 0 0 0 0 0 0 0 0 0 0 0 0 0 0 
 3 3 78 2 2 83 2 4 2 6 0 2 2 3 2 2 2 2 36 2 432 143 153 298 489 74 397 386 259 200 153 252 705 89 0 99 58 118 182 108 0 0 3 0 0 0 203 0 0 0 0 0 3 0 0 0 0 2 3 0 0 0 0 0 0 0 0 0 0 0 0 23 0 1 0 0 0 1 0 0 0 0 0 1 0 0 2 0 0 2 0 0 0 0 0 0 0 0 0 0 0 24 24 8 0 0 0 8 0 0 33 1 0 0 0 12 49 28 21 31 0 0 0 0 0 0 0 0 0 0 0 0 2 0 0 0 0 0 0 0 0 0 0 0 0 0 0 0 0 0 0 0 0 0 0 0 0 0 0 0 0 0 0 0 0 14 0 0 0 0 0 0 1 0 0 0 0 0 0 0 55 19 24 36 21 0 15 41 16 0 0 11 13 21 29 33 29 27 17 13 0 0 15 0 0 0 0 0 0 1 0 0 0 0 0 0 0 1 0 0 0 0 0 0 0 0 0 0 0 0 0 0 0 0 0 0 0 7 0 0 0 0 0 0 0 0 2 0 0 0 0 0 0 0 11 0 2 0 46 0 0 9 0 0 0 0 2 0 0 0 0 0 0 0 0 0 0 2 0 0 0 0 0 0 0 0 16 0 0 0 
 0 0 2 0 47 75 0 0 0 0 1 74 0 0 0 0 0 1 0 0 109 186 139 103 146 74 43 61 136 238 98 114 127 106 99 0 146 174 69 153 0 3 3 0 0 0 0 0 0 0 0 0 63 0 2 0 3 1 64 19 1 0 0 0 0 0 0 0 0 0 0 1 0 0 0 0 0 3 0 0 0 0 2 0 0 21 0 0 0 0 1 0 0 0 0 0 10 0 2 0 4 23 15 38 10 27 1 22 0 35 35 1 0 14 1 77 36 21 0 14 0 0 1 0 0 0 13 0 0 0 0 0 19 0 11 0 0 0 31 25 0 0 0 1 0 0 0 0 0 0 2 0 0 0 0 0 0 0 0 0 0 10 0 2 0 0 2 0 0 0 0 0 39 0 0 7 0 0 15 0 35 19 20 9 29 2 0 8 21 51 18 14 1 0 1 0 1 13 2 17 7 0 0 0 0 0 0 0 0 0 0 0 36 10 0 0 0 12 58 8 0 0 0 0 0 0 0 0 0 2 0 0 0 0 0 0 0 0 2 0 0 0 0 0 0 0 0 0 0 0 0 0 0 0 9 0 0 78 1 1 8 0 0 0 0 0 7 0 0 0 0 0 0 0 0 0 0 0 0 1 0 10 0 0 0 0 0 0 0 0 
 1 0 3 0 0 0 0 0 3 0 0 0 0 2 0 0 0 2 0 0 36 112 68 112 131 135 92 244 427 532 404 63 191 112 58 146 0 235 13 33 2 0 6 1 2 3 0 2 2 0 0 0 67 1 0 0 1 1 60 72 0 0 0 0 3 0 0 0 0 2 0 0 2 7 0 0 2 2 2 0 0 0 10 0 0 0 15 0 0 0 0 0 0 0 0 0 0 0 12 0 1 8 12 0 21 0 0 0 16 35 11 35 2 1 0 0 3 8 0 0 15 0 0 0 2 0 0 0 0 1 0 0 20 0 0 0 0 0 24 1 1 0 0 0 0 0 0 0 0 0 0 6 0 0 11 0 0 1 2 0 0 0 0 0 0 0 10 0 0 0 0 0 0 0 0 0 0 0 0 0 70 0 25 16 1 18 0 0 24 36 10 24 0 0 12 6 9 1 0 2 19 0 0 0 0 2 1 0 0 0 0 0 30 20 16 0 0 0 27 17 0 0 0 0 0 0 0 0 0 0 0 0 0 0 0 0 0 0 0 0 0 0 0 0 0 0 0 0 0 0 0 0 0 0 4 0 0 0 1 1 1 0 2 0 0 0 0 0 0 0 0 0 0 0 0 0 0 0 0 0 0 19 0 0 0 10 30 0 0 0 
 0 0 0 0 0 0 0 0 2 0 0 0 0 0 0 0 0 0 0 3 40 104 75 144 57 93 109 34 79 338 224 145 91 54 118 174 235 0 114 27 0 0 3 4 8 0 0 8 0 0 0 1 3 0 2 65 0 0 97 23 0 0 0 0 0 0 0 0 0 0 0 0 0 2 0 0 0 0 0 0 0 0 0 0 0 0 0 0 0 0 0 0 0 0 0 0 0 0 0 0 11 13 7 0 16 11 0 51 13 0 0 17 0 0 0 11 4 10 0 0 10 0 0 0 0 0 21 8 12 0 0 0 0 0 2 0 0 0 44 12 19 0 0 0 0 0 0 0 0 0 2 2 0 1 0 0 0 0 0 0 0 15 0 0 0 0 1 0 0 0 0 0 0 0 2 0 0 0 0 0 0 0 0 14 18 25 0 0 0 21 12 41 0 9 59 13 1 27 0 11 0 0 0 0 0 0 0 0 0 0 0 0 30 23 28 11 0 0 13 37 0 0 0 0 0 0 0 0 0 0 0 0 0 0 0 0 0 0 0 0 0 0 0 0 0 0 0 0 0 0 0 0 0 0 15 1 0 5 71 3 1 13 0 0 0 0 0 0 0 0 0 0 0 0 0 0 0 0 0 19 0 0 0 0 0 7 0 0 0 0 
 0 60 75 0 18 219 0 2 74 3 0 96 0 0 0 145 0 0 0 0 125 132 504 54 55 55 268 75 141 280 21 33 330 274 182 69 13 114 0 194 0 1 3 2 2 0 0 0 0 0 0 0 3 0 0 0 0 70 6 0 0 0 2 0 0 0 0 0 2 0 0 0 0 0 0 0 0 48 2 0 0 0 0 10 0 0 0 0 9 0 0 0 0 0 0 0 9 0 0 0 11 27 10 76 0 0 9 0 11 12 0 0 37 0 9 11 24 17 12 13 0 0 0 9 0 0 0 0 0 0 0 0 16 0 0 0 0 0 0 0 0 0 0 0 0 0 0 0 0 0 0 0 0 0 0 0 0 0 0 0 0 0 0 0 0 9 0 0 0 10 0 22 0 3 0 0 0 0 0 0 0 8 20 93 0 1 11 0 11 0 9 0 10 37 10 33 38 19 14 19 0 0 0 0 0 0 0 0 0 0 0 0 0 0 0 0 0 0 0 0 0 0 0 0 0 0 0 0 0 0 0 0 0 0 0 0 0 0 0 0 0 0 0 0 0 0 0 0 0 20 0 0 0 0 11 0 2 0 15 1 0 22 0 0 0 0 0 0 0 0 0 0 0 0 0 0 0 0 0 0 0 0 0 0 0 0 0 0 0 0 
 0 0 0 103 57 112 0 3 1 0 98 76 1 0 0 0 0 207 1 0 129 131 124 46 137 41 63 144 74 119 141 50 135 91 108 153 33 27 194 0 0 1 3 0 1 1 0 0 0 0 0 0 3 0 0 30 0 21 3 0 1 0 0 0 0 0 8 0 0 0 0 0 0 0 0 0 3 2 6 5 0 0 0 9 0 0 0 2 0 0 0 0 0 0 0 0 3 0 0 2 37 10 15 37 0 0 28 12 62 26 0 0 0 37 50 3 9 10 0 19 0 0 0 0 0 1 0 0 0 0 0 0 0 0 0 0 0 2 18 0 0 0 0 0 0 0 0 0 0 0 0 0 0 0 0 0 0 0 0 0 0 0 0 0 0 14 0 2 0 9 8 11 0 0 0 0 0 0 0 0 8 60 22 0 9 20 31 40 9 0 0 0 1 17 12 3 37 14 11 60 0 0 0 0 0 0 0 0 0 0 0 0 1 0 0 0 0 0 0 0 0 0 0 0 0 0 0 0 0 0 0 0 0 0 0 0 0 0 0 0 0 0 0 0 0 0 0 0 0 26 0 0 0 0 28 0 0 0 2 0 3 0 0 0 0 0 0 0 0 0 0 0 0 0 0 0 0 0 0 0 0 0 0 0 0 0 0 0 0 0 
 64 0 0 0 4 0 0 0 0 3 0 0 0 0 0 0 0 0 0 0 0 0 0 0 0 2 0 0 6 0 3 0 0 7 0 0 2 0 0 0 0 126 97 132 279 253 137 81 65 82 39 43 39 102 136 51 38 346 43 147 2 0 0 0 0 1 0 0 7 37 1 0 10 0 0 0 0 10 0 0 0 0 0 0 0 0 0 0 0 0 0 0 0 0 0 0 0 0 0 0 0 0 0 0 11 2 0 0 0 0 0 0 0 0 0 0 0 0 0 0 0 7 0 0 0 7 13 14 16 7 0 10 0 4 28 0 39 27 36 0 8 0 0 1 10 6 0 0 0 0 0 0 0 0 0 0 0 0 4 0 0 3 0 0 0 0 0 0 0 0 0 0 0 0 0 10 0 0 0 0 0 0 0 0 0 0 0 0 0 0 0 85 0 0 0 0 0 0 0 0 1 21 24 0 0 0 26 26 1 0 17 0 0 9 14 14 0 0 0 17 0 0 0 0 0 13 0 0 0 0 0 0 0 0 0 0 0 0 0 0 0 0 0 0 0 0 0 0 0 0 0 1 0 0 0 0 0 0 68 14 0 0 0 0 0 1 0 0 0 0 0 0 0 10 0 0 0 0 0 0 0 0 0 0 8 0 0 17 0 0 
 0 60 0 0 1 1 0 0 93 5 1 2 56 0 0 0 63 66 0 0 1 1 1 6 0 0 1 1 0 0 0 0 0 0 0 3 0 0 1 1 126 0 259 213 105 296 93 165 184 92 43 157 49 52 188 320 309 39 42 49 1 0 0 0 0 0 5 0 1 0 0 0 0 0 0 0 0 0 0 0 0 0 17 0 0 0 0 21 9 8 0 0 0 0 0 0 0 0 2 0 0 0 0 0 0 0 1 0 0 0 0 0 5 1 0 0 0 0 0 0 0 24 29 24 7 1 0 14 0 14 11 31 11 0 0 11 6 0 0 0 1 0 1 2 0 0 0 44 0 0 0 0 8 8 30 0 0 0 62 11 6 14 11 0 0 23 0 0 0 0 0 0 0 0 0 3 15 0 9 0 0 0 0 0 0 0 0 0 0 0 0 0 0 0 0 0 0 0 0 0 0 0 3 10 33 27 0 0 0 48 21 15 0 0 0 0 1 18 0 2 0 0 0 0 0 0 13 0 0 0 0 0 0 12 0 0 13 0 17 19 0 9 0 0 0 0 33 0 0 0 0 3 0 1 0 0 0 0 0 1 0 0 18 34 70 2 1 0 0 0 10 0 0 0 0 0 0 0 0 0 0 0 0 0 0 0 0 0 0 0 
 3 0 6 0 0 0 0 63 0 0 0 0 0 0 0 0 0 0 3 0 3 3 3 3 3 3 3 3 3 3 3 4 3 3 3 3 6 3 3 3 97 259 0 171 111 239 310 144 175 156 116 167 55 34 186 138 105 82 242 29 0 0 0 0 0 0 87 0 0 0 0 0 52 0 0 0 0 0 0 0 0 0 0 0 0 0 0 0 0 0 0 0 0 0 0 0 0 0 0 0 0 0 0 0 0 3 0 0 0 0 0 0 0 0 7 0 0 0 0 0 1 6 6 9 36 9 0 0 0 15 1 33 0 0 0 4 0 2 0 0 0 0 0 11 0 0 0 33 36 0 0 0 9 10 28 0 0 0 22 40 8 0 3 0 0 0 0 0 0 0 0 0 0 0 0 0 0 0 0 0 0 0 0 0 0 0 0 0 0 0 0 0 0 20 0 0 0 0 0 0 0 0 11 33 20 18 0 0 15 32 6 12 0 0 0 0 8 24 0 0 12 12 0 0 0 0 18 11 0 0 0 0 0 14 7 4 0 0 10 4 0 0 0 0 0 0 0 0 0 0 0 3 0 0 0 0 0 0 0 1 1 0 0 71 66 0 0 0 2 0 0 0 0 0 0 0 0 0 0 0 0 0 0 0 0 6 0 0 0 0 
 0 0 0 0 3 0 0 0 0 3 5 0 0 0 0 0 0 0 3 0 57 0 0 0 0 2 0 0 12 0 0 0 0 0 0 0 1 4 2 0 132 213 171 0 152 35 144 429 139 91 127 70 76 226 155 55 256 306 68 52 2 0 0 0 0 0 5 0 2 0 0 0 0 0 0 1 0 0 2 2 0 0 0 0 0 0 1 0 0 0 0 0 7 0 0 0 0 0 0 0 0 0 0 0 0 0 0 0 0 0 0 0 0 0 11 0 0 0 0 0 0 23 55 19 10 23 0 11 1 0 18 35 0 15 0 11 8 12 0 0 0 0 0 0 0 0 0 11 0 0 0 0 7 0 4 0 0 0 10 9 16 0 4 0 0 0 1 0 0 0 0 0 0 0 0 0 0 0 18 0 0 0 0 0 0 0 0 0 0 0 0 0 0 0 0 0 0 0 0 0 0 15 0 12 23 23 0 0 0 1 10 23 0 8 18 0 14 11 0 0 0 0 0 0 0 0 7 0 0 0 0 0 0 7 0 0 0 0 36 26 0 0 0 0 0 0 0 0 0 0 0 22 0 0 0 0 0 0 0 0 0 0 67 63 2 3 1 0 0 0 6 0 0 0 0 0 0 0 0 0 0 4 0 0 0 0 0 6 2 0 
 1 0 0 0 0 1 0 0 0 96 0 0 0 0 0 0 0 1 0 0 0 0 0 3 0 0 0 0 3 1 15 1 0 7 0 0 2 8 2 1 279 105 111 152 0 257 49 144 198 153 275 190 79 64 171 306 121 43 56 256 0 56 0 0 1 0 8 0 3 0 0 0 50 51 2 0 0 0 0 0 0 0 0 0 0 0 0 0 0 0 0 0 0 0 0 0 0 0 0 0 0 0 1 0 5 0 0 1 6 0 1 0 0 0 0 0 0 20 0 0 0 0 6 14 6 0 1 0 0 16 0 23 0 0 2 15 0 0 3 0 1 0 0 0 0 0 0 15 24 0 0 0 0 11 8 2 0 0 24 10 2 0 4 0 0 9 0 0 0 0 0 0 0 0 0 0 0 0 0 0 0 0 0 1 24 0 0 0 0 3 0 3 0 3 3 0 13 1 0 0 0 0 12 12 7 0 0 0 0 24 9 27 0 0 0 0 3 0 0 0 5 0 3 0 0 0 31 0 0 0 0 0 0 27 0 0 15 0 0 10 0 0 0 0 0 0 0 0 2 0 0 0 0 0 0 0 0 0 1 2 0 10 0 2 64 6 2 66 0 10 0 0 0 0 0 0 0 0 0 0 0 4 0 0 0 0 0 0 2 0 
 2 0 62 0 2 0 0 0 0 0 0 0 0 0 0 0 0 1 0 0 0 0 0 0 0 10 0 0 1 0 1 0 0 0 0 0 3 0 0 1 253 296 239 35 257 0 260 37 34 110 220 113 25 108 54 84 54 53 44 39 3 137 0 0 0 0 8 52 52 0 0 0 78 49 0 0 0 0 56 0 0 0 0 0 0 0 0 0 0 0 0 0 0 0 0 0 0 0 0 0 0 0 0 0 0 0 0 0 0 0 0 0 0 0 0 0 0 0 0 0 0 0 0 10 7 4 0 0 3 0 0 31 0 0 0 3 0 0 0 0 0 4 7 0 0 0 27 0 29 0 54 0 1 22 2 30 0 17 21 0 7 0 8 0 0 0 0 0 0 0 0 0 0 0 0 0 0 0 1 0 0 0 0 0 0 0 0 0 0 0 0 0 0 0 0 0 0 0 0 0 0 0 0 0 0 0 0 0 0 7 4 18 0 0 0 0 40 0 0 0 24 4 31 4 8 1 7 9 1 6 1 12 38 26 63 1 0 0 0 31 0 0 0 0 0 0 0 0 0 0 0 3 0 0 0 0 0 0 0 1 0 0 2 62 1 7 4 2 0 0 0 0 0 0 0 0 0 0 0 0 0 0 0 0 0 0 0 0 0 0 
 0 0 0 0 0 0 0 0 0 0 0 0 0 0 0 67 0 0 0 0 0 0 0 6 0 57 0 0 4 0 0 27 200 61 203 0 0 0 0 0 137 93 310 144 49 260 0 241 81 20 254 101 133 22 61 120 80 100 23 318 5 0 0 2 0 0 0 0 4 2 0 0 1 0 0 0 0 0 2 0 0 0 0 0 0 0 0 0 0 0 0 0 0 0 0 0 0 0 0 0 0 0 0 0 14 0 0 0 0 0 0 6 0 0 0 0 0 0 0 0 0 2 1 2 0 22 21 20 3 0 0 0 3 39 11 11 27 23 13 5 32 0 0 0 0 0 0 0 0 0 0 0 0 0 0 0 0 0 0 0 0 3 0 0 0 0 0 0 0 0 0 0 0 0 0 0 0 0 0 0 0 0 0 0 0 1 0 0 0 0 0 0 0 0 0 0 0 0 0 0 1 23 21 0 0 0 4 19 39 1 24 0 5 0 23 40 10 15 0 3 0 0 0 0 0 0 0 0 10 0 0 0 0 0 0 0 0 0 0 0 0 0 20 0 0 0 0 0 0 0 0 3 0 2 0 0 0 0 63 26 0 0 77 0 2 66 2 0 2 0 1 0 0 0 0 0 0 0 0 0 0 0 0 0 9 0 0 1 2 0 
 0 0 0 0 0 0 0 0 0 0 63 0 0 0 0 0 0 0 0 0 0 0 0 3 209 2 0 0 0 1 27 1 0 7 0 0 2 8 0 0 81 165 144 429 144 37 241 0 360 58 33 85 78 120 247 37 101 155 108 104 1 0 253 0 0 0 0 0 0 0 0 0 0 0 0 203 0 0 0 0 0 0 0 0 0 0 0 0 0 0 0 0 0 0 0 0 0 0 0 0 0 0 1 0 5 0 0 1 7 1 1 0 0 0 0 0 0 34 0 0 0 14 8 17 8 38 0 33 0 0 0 24 0 24 9 4 27 10 3 0 1 0 0 1 0 0 0 0 0 0 0 0 7 0 16 0 0 0 12 0 0 0 0 0 0 0 0 0 0 0 0 0 0 0 0 0 0 0 0 0 0 0 0 1 1 0 0 0 0 3 0 3 0 16 3 0 11 1 0 0 15 0 27 0 20 35 12 39 18 9 30 26 0 10 34 0 6 20 0 10 0 0 0 0 0 0 0 0 0 0 0 0 0 0 0 0 0 0 11 0 0 0 11 0 0 0 0 0 3 18 0 0 0 2 0 0 0 0 1 10 63 0 31 0 2 1 2 0 1 0 18 0 0 0 0 0 0 0 0 0 0 0 0 0 14 0 0 9 2 0 
 0 0 0 0 0 0 0 1 0 0 0 0 0 0 0 0 0 0 1 0 0 0 0 0 0 0 0 0 0 0 0 0 0 94 0 0 2 0 0 0 65 184 175 139 198 34 81 360 0 171 146 116 74 83 140 38 111 86 279 127 2 0 0 0 1 0 40 0 0 0 0 0 67 4 0 0 0 0 0 0 0 0 0 0 0 0 0 0 0 0 0 0 0 0 0 0 0 0 0 0 0 0 0 0 0 0 0 0 0 0 0 0 0 0 0 0 0 0 0 6 0 12 0 25 0 25 0 0 0 12 18 39 0 12 0 0 0 6 1 0 16 0 0 20 0 0 0 13 25 0 0 0 0 21 20 0 0 0 22 13 6 0 5 0 0 0 0 0 0 0 0 37 0 0 0 0 0 0 0 0 0 0 0 0 0 0 0 0 0 0 0 0 0 0 0 0 0 0 0 0 0 8 1 35 34 17 0 7 0 12 58 8 0 0 59 0 10 12 0 0 25 0 0 0 0 0 2 1 2 0 0 0 20 2 0 0 0 0 0 0 0 0 0 0 0 0 0 0 0 0 0 5 0 0 0 0 0 1 0 1 0 0 63 64 64 1 0 1 0 0 3 0 0 0 0 0 0 0 0 0 0 0 0 0 9 5 0 0 0 0 
 0 0 2 0 3 0 0 0 0 0 0 0 0 0 4 0 0 0 2 0 0 0 0 32 2 59 0 0 6 2 3 0 0 0 0 0 0 0 0 0 82 92 156 91 153 110 20 58 171 0 193 72 39 131 169 146 385 28 127 195 7 1 0 0 0 0 52 0 7 0 0 0 51 0 0 1 0 0 4 0 0 0 0 0 0 0 0 0 0 0 0 0 0 0 12 0 0 0 0 0 0 0 0 0 0 0 0 0 0 0 0 0 0 0 0 0 0 0 0 0 17 2 0 20 12 5 0 0 0 24 18 10 0 28 18 0 9 12 0 0 1 0 0 0 0 0 0 0 10 0 0 0 0 0 12 5 1 9 0 10 0 0 0 0 0 0 0 0 0 0 0 0 0 0 0 0 0 0 0 0 0 0 0 0 0 1 0 0 0 0 0 0 0 0 0 0 0 0 0 0 32 1 29 12 19 10 11 29 5 36 0 12 2 0 0 11 13 23 0 31 1 12 0 3 0 0 0 10 0 0 3 3 8 4 6 0 0 0 0 0 0 0 0 0 0 0 0 0 0 0 0 11 0 0 0 0 0 0 0 17 0 0 2 0 4 2 11 0 0 0 0 0 0 0 0 0 0 0 0 0 0 0 0 0 0 20 0 0 0 0 
 3 0 0 0 0 0 1 0 0 0 2 0 0 48 0 0 0 0 0 0 0 0 0 0 6 0 0 0 9 0 0 0 0 0 0 0 0 0 0 0 39 43 116 127 275 220 254 33 146 193 0 194 244 22 57 85 194 49 38 72 0 57 7 0 0 3 3 1 0 2 0 2 22 0 0 45 0 0 27 3 4 0 0 0 0 0 1 0 0 0 0 0 2 0 0 0 0 12 0 2 0 0 0 0 8 0 0 0 0 0 0 0 8 0 0 0 0 6 0 0 0 1 0 10 0 0 0 0 0 0 10 37 0 0 0 0 0 0 0 0 4 0 1 0 0 0 14 1 11 0 9 0 10 19 0 25 0 14 18 19 6 0 4 0 0 0 1 0 0 0 0 0 0 0 0 0 0 0 9 0 0 0 0 0 0 0 0 0 0 0 0 0 0 0 0 0 0 0 0 0 0 0 0 13 1 9 0 0 0 10 19 7 0 0 0 0 11 0 0 0 10 0 0 0 0 0 0 0 0 0 0 0 43 10 0 10 12 0 0 8 0 0 0 0 0 0 0 0 0 0 0 14 0 0 0 0 0 0 0 3 0 15 14 39 1 1 2 1 0 0 0 0 0 0 0 0 0 0 0 0 0 0 0 0 0 0 0 0 2 0 
 4 0 0 0 0 2 0 0 0 6 0 0 0 0 0 0 0 0 0 0 2 0 0 0 0 1 0 0 7 0 0 0 0 2 0 0 0 1 0 0 43 157 167 70 190 113 101 85 116 72 194 0 41 18 111 21 470 140 20 23 0 5 0 0 23 0 55 2 0 3 0 0 117 0 0 1 0 1 0 31 0 0 0 0 0 0 0 0 0 0 0 0 0 0 0 0 0 0 0 0 0 0 0 0 9 0 0 10 0 1 0 0 0 0 0 0 0 0 0 0 0 0 7 11 32 15 8 20 0 14 10 39 0 0 7 10 10 18 0 0 1 0 0 20 0 0 0 0 25 0 0 20 7 0 13 7 0 0 0 14 6 0 6 0 0 0 0 0 0 0 0 0 0 0 0 0 0 0 0 0 0 0 0 0 0 0 0 0 0 0 0 0 0 0 0 0 0 0 14 0 0 0 33 39 13 29 0 0 19 28 37 20 0 0 0 0 52 29 0 0 52 13 0 0 0 0 0 15 0 0 0 0 34 19 7 0 0 0 23 7 0 0 20 0 0 0 0 0 1 0 0 3 0 0 0 0 0 0 0 0 0 1 0 63 4 3 0 0 0 0 0 0 0 0 0 0 0 0 0 0 0 5 0 0 9 0 0 0 2 0 
 3 0 0 62 0 0 0 0 2 0 0 0 0 0 0 0 0 0 0 0 3 70 76 3 3 14 3 3 65 3 67 64 3 3 3 63 67 3 3 3 39 49 55 76 79 25 133 78 74 39 244 41 0 83 105 34 93 306 151 183 2 0 0 0 0 0 0 3 2 0 0 0 4 3 0 0 0 0 0 0 0 0 0 0 0 0 0 0 2 0 0 0 0 0 0 0 0 0 0 0 0 0 0 0 13 8 0 0 7 18 11 0 0 0 0 9 8 0 0 0 0 3 11 10 0 0 13 7 16 23 15 0 16 0 33 45 10 10 0 10 0 0 0 0 0 0 7 0 0 0 0 12 3 0 0 0 0 0 3 0 0 0 0 0 0 0 0 0 0 0 0 0 0 0 0 0 0 0 15 0 0 0 0 13 0 0 0 0 0 17 19 0 0 0 0 0 0 0 0 0 18 12 1 18 42 6 6 10 10 16 18 1 1 0 0 8 9 23 10 21 0 0 0 0 0 0 4 14 0 0 0 0 0 4 0 0 0 0 1 6 0 0 10 0 0 0 0 0 0 0 0 5 0 0 0 0 0 127 0 0 0 0 2 0 0 14 1 0 0 0 0 0 0 0 0 0 0 0 0 0 0 0 0 0 0 6 0 0 0 0 
 0 0 0 0 0 0 0 0 3 0 0 0 0 0 0 0 0 0 0 0 0 0 0 0 67 124 0 0 0 0 0 0 0 0 0 0 1 0 0 0 102 52 34 226 64 108 22 120 83 131 22 18 83 0 56 133 37 28 81 92 1 0 0 0 0 0 0 0 8 0 0 0 0 0 0 0 2 0 0 0 9 0 0 0 0 0 0 0 0 0 0 0 0 0 0 0 0 0 0 0 0 0 0 0 0 0 0 0 0 0 0 0 0 0 0 0 0 4 0 0 11 10 34 17 8 14 0 19 18 15 35 21 0 24 0 26 6 10 0 0 0 0 0 2 0 0 0 0 0 0 0 0 0 0 1 0 0 0 9 0 0 0 0 0 0 0 0 0 0 0 0 0 0 0 0 0 0 0 3 0 0 0 0 0 0 9 0 0 0 0 0 0 0 0 0 0 0 0 0 0 15 9 0 0 8 19 0 1 0 1 13 25 0 5 6 9 20 0 0 0 0 0 0 0 0 0 0 0 0 0 0 0 0 0 0 0 0 0 5 28 0 0 0 0 0 0 0 0 0 0 0 6 1 0 1 0 0 0 0 0 0 0 1 1 0 12 0 0 0 0 38 0 0 0 0 0 0 0 0 0 0 0 0 0 0 0 0 6 0 0 
 0 0 0 0 0 0 0 0 0 0 3 1 3 0 0 0 0 1 0 2 0 0 0 65 0 0 0 0 0 0 0 63 0 0 0 2 0 2 0 0 136 188 186 155 171 54 61 247 140 169 57 111 105 56 0 146 46 41 194 162 2 0 0 0 0 0 1 0 6 0 0 0 0 0 0 0 0 0 0 0 0 0 0 0 0 0 0 0 0 0 0 0 0 0 0 0 0 0 0 0 0 12 0 0 4 7 0 0 0 0 0 10 0 0 0 0 0 0 0 0 0 37 17 4 5 22 7 16 19 76 12 0 0 13 11 0 2 28 19 12 1 0 0 0 0 0 0 2 0 0 0 0 9 0 21 0 0 0 3 17 0 0 0 27 0 0 0 0 0 0 0 0 0 0 0 0 0 0 1 0 0 0 0 0 0 0 0 0 0 0 0 21 0 0 2 0 0 0 0 0 25 80 41 33 32 31 13 6 15 9 0 11 0 5 0 7 11 26 8 50 0 0 0 0 0 0 0 0 0 0 0 0 0 0 0 0 0 0 23 0 0 0 0 0 0 0 0 0 0 29 0 5 0 1 0 0 0 0 0 0 0 0 0 0 4 0 2 0 0 0 0 0 0 0 0 0 0 0 0 0 0 0 5 0 6 0 0 0 0 0 
 0 0 0 0 0 0 0 0 0 0 0 0 0 1 0 0 0 0 2 0 0 0 0 13 65 62 0 0 6 4 9 4 0 0 0 0 0 65 0 30 51 320 138 55 306 84 120 37 38 146 85 21 34 133 146 0 612 122 131 198 1 0 60 0 0 0 0 2 0 0 0 0 0 1 0 0 2 0 0 0 0 0 0 0 0 0 0 0 0 0 24 0 0 0 0 0 0 1 0 0 0 0 0 0 14 1 0 3 0 0 0 2 0 0 0 0 0 1 0 0 19 26 55 1 3 0 0 0 16 25 43 0 19 11 0 59 8 1 0 14 4 0 0 4 0 0 0 0 0 0 0 0 0 0 0 0 0 0 0 0 19 0 0 0 0 0 0 0 0 0 0 0 0 0 0 0 0 0 8 0 0 0 0 0 0 17 0 0 0 8 6 0 0 7 0 0 0 0 0 0 9 36 0 7 58 15 7 14 45 0 0 2 0 0 0 13 11 17 14 17 0 1 0 11 0 0 0 1 0 0 0 0 0 0 0 0 0 0 13 11 0 0 4 0 0 0 0 0 0 0 0 2 0 2 0 0 0 0 0 0 0 0 0 0 2 11 2 0 0 0 0 0 0 0 0 0 0 0 0 0 0 5 0 0 7 0 0 0 2 0 
 34 0 4 0 0 0 2 0 0 0 0 0 0 0 0 0 0 0 1 0 0 0 0 0 0 0 0 0 4 0 1 0 0 0 0 3 1 0 0 0 38 309 105 256 121 54 80 101 111 385 194 470 93 37 46 612 0 148 34 37 0 0 0 0 0 0 46 0 1 0 0 0 55 0 0 0 0 0 0 0 0 0 11 0 0 0 0 13 0 0 0 0 4 0 0 0 0 0 0 4 0 0 0 0 0 0 0 0 0 0 0 0 0 0 0 0 0 0 0 0 0 1 0 45 8 16 0 24 0 0 11 20 0 0 0 18 5 0 0 0 5 0 0 10 0 0 0 1 23 0 0 0 10 0 3 5 0 0 0 33 33 0 17 20 0 0 4 0 0 0 0 0 0 0 0 0 0 0 10 0 0 0 0 0 0 0 0 0 0 0 0 0 0 0 0 0 0 14 0 0 0 0 28 29 1 10 0 0 63 25 14 0 0 0 25 0 30 9 0 0 12 6 0 0 0 0 0 6 0 0 0 0 35 10 9 10 0 0 0 0 0 0 19 0 0 0 0 0 0 0 0 2 0 1 0 0 0 0 0 1 0 0 0 66 1 2 1 0 0 0 0 0 0 0 0 0 0 0 0 0 0 0 0 0 0 1 0 0 0 0 
 2 0 3 0 0 0 0 0 0 5 2 0 0 0 2 0 0 3 2 0 26 2 1 2 1 1 0 1 1 2 0 2 87 26 2 1 1 0 70 21 346 39 82 306 43 53 100 155 86 28 49 140 306 28 41 122 148 0 40 314 2 0 0 0 0 53 0 0 1 2 0 0 6 0 85 0 0 0 0 51 0 3 0 0 1 0 0 0 0 0 0 2 0 0 0 2 0 1 0 0 4 0 0 13 0 0 0 0 0 0 0 0 0 11 11 0 2 1 0 0 1 2 1 9 0 19 0 47 3 0 0 0 0 33 0 18 8 6 1 0 33 0 0 0 2 0 0 0 0 0 0 0 0 0 0 0 0 0 0 0 2 0 0 2 0 0 0 0 0 0 5 0 0 2 0 0 0 5 0 8 0 13 0 12 0 3 11 1 0 0 12 0 11 0 9 42 0 9 46 1 0 13 27 0 1 0 1 9 24 3 20 0 0 0 29 63 3 20 0 0 0 0 0 9 0 0 0 0 0 0 0 0 0 0 0 0 0 0 0 0 0 0 20 0 0 0 0 0 0 0 0 8 0 2 0 0 0 0 0 0 0 2 64 0 0 2 2 2 0 0 2 0 0 0 0 0 0 0 0 0 0 0 0 0 10 0 0 0 2 0 
 3 0 6 0 2 0 0 0 0 0 0 0 0 0 0 0 0 0 0 0 4 3 5 158 65 3 3 3 69 3 22 87 4 9 3 64 60 97 6 3 43 42 242 68 56 44 23 108 279 127 38 20 151 81 194 131 34 40 0 185 2 0 1 0 0 0 0 1 8 15 5 4 0 0 37 0 3 27 23 0 0 0 0 0 0 0 0 0 0 0 0 0 0 0 0 0 0 0 0 0 0 0 15 0 21 0 0 0 0 10 0 14 0 0 0 20 0 0 0 0 10 10 7 0 0 0 27 0 29 18 0 0 37 10 1 7 0 0 11 56 0 0 0 6 20 4 0 0 0 0 10 5 0 0 0 0 12 0 4 0 0 0 0 0 0 0 0 0 0 0 0 0 0 0 0 0 0 29 3 0 0 0 0 9 24 66 0 0 0 0 0 16 0 0 3 0 0 0 0 0 26 18 3 0 12 10 34 1 10 0 0 0 13 0 11 8 0 17 0 35 0 0 0 0 0 15 0 0 0 0 0 0 0 0 0 0 0 0 0 0 0 0 0 0 0 0 0 0 0 0 0 9 0 3 1 0 0 0 0 2 0 0 0 0 0 2 0 0 0 0 1 0 0 0 0 1 0 0 0 1 0 0 0 0 0 11 0 1 2 0 
 0 0 0 0 0 0 0 0 0 0 0 0 0 3 0 0 0 0 0 0 0 0 0 1 63 61 0 0 54 0 1 3 0 4 0 19 72 23 0 0 147 49 29 52 256 39 318 104 127 195 72 23 183 92 162 198 37 314 185 0 7 0 0 4 0 0 0 0 9 10 5 5 0 0 0 0 0 6 4 0 0 0 0 0 0 0 0 0 0 0 0 0 0 0 0 0 0 0 0 0 0 0 0 0 0 20 0 0 0 23 0 0 0 0 0 0 0 0 9 0 7 11 7 0 0 0 10 0 0 23 17 0 4 34 26 0 1 7 29 0 0 0 2 5 5 4 0 0 0 0 0 4 0 0 0 0 0 0 0 0 0 0 0 0 0 0 0 0 0 0 0 0 0 0 0 0 0 0 2 0 0 0 0 8 10 10 0 0 0 7 0 0 0 0 0 0 0 0 0 0 32 28 4 0 16 10 12 16 8 0 2 1 10 0 0 11 0 33 0 25 0 0 0 0 0 8 0 0 0 0 0 0 0 0 0 0 0 0 0 0 0 10 0 0 0 0 0 0 0 0 0 4 0 1 0 0 0 1 0 4 0 0 2 0 0 0 0 0 0 0 0 0 0 0 0 0 0 0 0 0 0 0 0 0 21 0 0 0 1 0 
 7 3 6 2 2 4 2 2 2 2 0 3 3 2 2 3 2 54 3 2 0 0 1 2 2 1 0 0 0 1 0 2 0 0 0 1 0 0 0 1 2 1 0 2 0 3 5 1 2 7 0 0 2 1 2 1 0 2 2 7 0 273 96 121 151 45 259 80 71 263 55 35 54 64 329 54 34 246 97 142 0 0 0 0 0 0 0 0 0 0 0 0 0 0 0 0 0 0 0 0 0 0 0 0 0 0 0 0 0 0 0 0 0 0 0 0 0 0 0 0 8 1 1 0 1 14 0 1 1 1 0 1 0 0 1 1 1 0 1 0 0 3 0 0 0 33 0 9 12 19 10 7 6 4 8 32 8 20 0 0 0 0 0 0 0 2 0 0 0 0 0 0 0 0 0 0 0 0 0 0 0 0 0 0 0 0 0 0 0 0 0 0 0 0 0 1 0 0 0 0 0 0 0 0 0 0 0 0 9 0 0 0 0 0 0 0 0 0 0 0 4 17 0 6 0 6 0 0 0 6 10 30 0 10 0 0 6 9 17 0 0 0 0 0 0 0 0 0 0 0 0 0 0 0 10 0 0 0 0 0 0 0 5 0 0 0 12 0 0 0 38 0 45 0 0 2 0 0 0 0 0 0 0 0 0 0 0 0 0 1 
