 0 231 118 134 28 234 116 269 36 337 241 72 58 275 448 329 103 340 253 106 0 0 2 0 0 34 0 1 0 1 0 2 3 1 8 0 0 1 0 2 3 0 0 3 0 0 3 0 2 0 2 0 0 3 30 3 0 3 0 0 0 3 1 2 3 5 0 0 3 0 4 3 0 0 3 2 0 0 2 0 2 20 0 14 0 19 0 0 14 21 15 0 0 3 7 15 0 0 0 10 0 0 0 0 0 2 0 0 0 0 0 0 10 14 0 0 9 0 17 0 0 0 0 0 0 0 0 0 0 0 0 0 0 4 0 0 0 0 0 0 0 0 0 0 0 5 0 0 0 0 0 0 0 0 0 0 0 0 17 0 45 17 9 0 0 0 1 3 23 1 0 10 0 0 8 0 2 2 20 13 0 0 0 0 0 0 0 0 0 0 0 0 0 0 0 0 0 0 0 0 0 0 0 0 0 0 0 0 0 0 0 0 0 0 0 0 0 0 0 0 0 0 0 0 0 0 0 0 0 0 0 1 0 0 0 0 0 0 0 0 0 0 0 0 0 0 0 2 2 197 0 6 0 0 0 0 0 0 0 0 0 0 0 0 0 0 0 0 0 0 0 0 0 0 0 25 0 0 0 0 0 0 0 0 0 0 0 0 0 1 
 231 0 198 152 39 232 273 188 141 116 220 33 113 138 265 61 48 230 142 220 0 0 0 0 0 0 0 0 0 0 0 0 1 0 0 0 0 0 0 0 3 0 0 0 0 0 0 0 3 0 2 0 0 11 0 3 0 0 0 0 0 0 0 0 3 2 0 0 0 0 2 2 0 0 0 0 0 0 3 0 18 8 0 2 0 0 19 30 30 28 0 0 24 10 11 9 32 0 1 0 0 0 0 0 0 0 0 0 0 0 0 0 0 0 0 0 0 0 18 0 0 0 1 0 0 0 0 0 0 0 0 0 0 0 0 0 0 0 0 9 0 0 16 0 0 3 0 0 0 0 0 1 0 0 0 0 0 0 0 0 21 0 53 10 10 0 10 21 9 0 47 0 0 16 14 16 23 0 0 25 0 0 0 0 0 0 0 0 0 0 0 21 0 0 0 0 0 0 0 0 0 0 2 0 0 0 0 0 0 0 1 0 0 0 0 0 0 0 0 0 0 0 0 0 0 0 0 0 0 0 0 0 0 0 0 0 0 0 0 0 0 3 0 0 0 2 0 1 0 93 2 5 0 0 0 0 0 0 0 0 0 0 0 0 0 0 0 0 0 0 0 0 0 0 0 9 10 0 0 0 0 0 0 0 0 0 0 0 0 0 
 118 198 0 542 368 232 93 272 290 236 125 35 57 252 84 73 231 54 60 74 0 0 2 3 0 1 0 2 74 0 0 0 25 75 2 0 0 0 73 77 3 0 2 0 2 0 0 1 3 0 4 7 6 3 0 5 0 0 2 0 0 0 0 1 3 2 31 0 0 0 67 2 0 0 0 2 0 0 3 2 11 0 23 11 0 15 2 0 37 0 14 9 30 8 0 0 16 1 14 0 9 0 0 0 0 0 0 0 0 0 0 0 10 0 0 0 0 0 13 14 14 0 0 0 0 0 0 0 0 0 0 0 0 0 0 0 0 0 0 0 0 0 0 0 0 0 0 0 0 0 0 0 9 0 0 8 0 0 0 0 27 0 32 5 9 25 0 18 13 24 10 0 0 50 16 0 0 0 19 0 15 15 0 0 0 0 14 16 0 0 0 5 0 0 14 0 0 0 32 0 0 0 0 0 0 0 0 0 0 0 0 0 0 0 0 0 0 0 0 0 0 0 0 0 0 0 0 0 0 0 0 0 0 0 0 0 0 0 19 0 0 0 0 0 0 0 89 0 0 1 0 5 0 0 2 0 0 0 0 0 0 0 0 0 0 0 2 0 0 0 0 0 0 0 2 0 2 0 0 0 0 0 0 0 0 0 0 0 0 0 
 134 152 542 0 121 79 61 335 138 184 105 78 270 65 64 148 65 313 327 152 76 3 34 2 0 1 2 80 2 1 2 2 103 165 138 0 1 1 43 98 3 2 2 2 2 0 0 8 4 0 4 0 2 3 1 3 2 1 2 0 0 0 0 0 6 2 0 0 0 0 5 2 0 0 0 0 0 0 31 0 17 11 31 28 29 14 9 13 12 0 22 0 0 0 0 2 9 27 0 0 0 17 0 0 0 1 0 25 0 0 0 0 9 0 9 0 42 0 16 0 0 0 0 0 0 0 0 0 0 0 0 0 17 0 0 0 0 0 0 0 0 0 0 0 0 0 0 0 0 0 0 0 0 0 0 0 0 0 0 0 0 0 2 11 0 14 0 0 0 0 0 36 0 4 0 13 0 0 12 0 23 1 0 1 0 0 1 0 2 0 0 0 52 12 0 0 12 0 36 17 0 0 0 0 0 0 0 0 0 0 0 0 0 0 0 0 0 0 0 0 0 0 0 0 0 16 0 0 0 0 0 2 0 0 0 0 0 0 0 0 0 0 0 0 0 2 90 0 2 4 2 13 0 0 0 0 0 1 1 0 0 0 0 0 0 0 0 0 0 0 0 0 0 0 0 0 10 0 0 0 0 0 0 0 0 0 0 0 0 0 
 28 39 368 121 0 163 57 181 192 94 132 145 303 70 81 316 216 145 62 71 74 78 0 0 0 0 73 0 82 0 0 0 92 188 76 75 0 0 8 2 3 0 0 0 0 0 0 0 2 0 2 21 0 3 0 3 0 0 0 0 0 0 0 0 3 2 0 0 0 0 38 3 0 0 47 0 0 0 2 0 0 17 19 37 29 1 0 0 23 16 10 17 0 0 1 0 0 20 0 0 26 0 1 0 0 0 0 14 38 0 0 2 21 22 81 1 0 2 37 25 0 0 0 0 0 0 1 0 0 0 0 0 1 0 0 0 0 0 0 0 0 0 0 0 0 0 0 0 1 11 0 0 0 0 0 0 0 0 0 0 0 6 0 0 8 21 0 20 7 17 2 10 0 0 1 21 0 3 0 0 1 54 0 0 0 0 10 0 19 21 32 0 14 16 5 17 0 0 25 30 0 0 0 0 0 1 0 0 0 0 0 2 1 0 0 1 0 0 0 0 0 0 0 0 0 0 0 0 0 0 0 0 0 0 0 0 0 19 0 0 0 0 13 0 0 0 55 0 8 2 0 4 16 0 0 0 0 0 0 0 0 0 0 0 0 0 0 0 0 0 0 0 0 0 0 0 0 0 0 0 0 0 0 0 0 0 0 0 0 0 
 234 232 232 79 163 0 242 31 393 74 86 232 33 50 260 491 168 232 65 251 126 82 2 74 0 0 2 109 34 80 0 0 79 74 91 77 0 0 88 195 3 0 2 9 0 50 0 0 3 0 2 0 0 3 0 3 0 0 0 0 0 0 0 0 3 2 8 0 0 0 2 2 0 0 1 0 0 0 3 0 0 0 30 12 52 19 0 0 0 0 14 23 0 0 0 1 1 38 0 0 38 13 10 0 15 0 14 9 0 0 0 0 0 0 0 0 14 0 18 14 0 0 0 0 0 0 0 0 0 0 0 0 13 0 0 0 0 0 0 0 0 0 0 0 0 0 0 0 0 0 11 0 0 0 0 0 0 0 0 0 0 10 15 11 15 22 0 0 0 9 17 16 0 0 0 9 0 1 0 0 25 0 0 9 0 0 18 23 17 0 16 0 1 36 0 1 15 0 55 0 0 0 0 0 0 0 0 0 0 0 0 0 0 0 0 0 12 0 0 0 0 0 0 35 0 0 0 0 17 0 0 0 0 0 0 0 0 0 0 0 0 0 0 0 0 5 5 0 7 5 0 15 0 0 0 0 0 0 0 0 0 0 0 0 0 0 0 0 0 0 0 0 0 0 0 0 0 0 0 0 0 0 0 0 0 0 0 0 0 1 
 116 273 93 61 57 242 0 164 215 131 311 41 174 145 77 111 222 49 66 173 0 0 0 0 0 0 0 2 0 0 0 0 3 0 0 2 0 1 2 2 3 0 0 0 0 0 0 0 2 0 2 0 0 3 0 3 0 0 0 0 51 0 0 0 3 2 31 0 0 0 60 3 0 0 2 0 0 0 2 0 11 14 13 0 0 0 13 0 54 10 0 7 43 25 23 36 23 1 16 11 0 0 0 0 0 0 0 0 1 0 25 0 10 0 0 0 0 0 12 0 0 0 0 2 0 1 0 0 0 0 0 0 7 0 2 0 0 0 0 0 0 0 0 0 0 8 0 0 0 0 0 0 0 10 0 0 0 0 2 2 22 0 24 12 9 3 1 28 18 13 10 0 27 46 16 0 0 0 40 7 0 13 0 0 0 0 0 0 0 0 0 0 0 0 13 0 0 0 0 0 0 0 0 0 2 0 0 0 1 0 0 0 0 0 0 0 0 0 0 0 0 0 0 0 0 0 1 0 0 0 0 0 0 0 0 0 0 0 0 0 0 0 0 0 0 0 1 0 0 2 0 10 0 0 0 0 0 0 76 0 0 0 0 0 0 0 0 0 0 1 0 0 0 0 0 0 2 0 0 0 0 0 0 0 0 0 0 0 0 0 
 269 188 272 335 181 31 164 0 80 196 369 38 311 52 120 135 128 46 79 151 0 1 0 0 0 0 2 4 0 68 0 2 2 0 0 0 0 0 0 2 3 0 0 0 0 2 0 0 3 0 2 0 0 3 0 3 0 0 0 2 0 1 0 0 3 2 0 0 0 1 32 2 0 0 1 0 0 0 3 0 15 36 35 19 0 0 4 20 22 22 13 46 20 0 0 0 17 0 12 0 0 0 0 0 0 0 11 0 0 0 0 0 38 0 0 0 0 0 1 8 0 0 0 0 0 0 0 0 0 0 0 0 0 0 0 1 0 0 0 0 0 0 0 0 0 0 0 0 0 0 0 0 0 0 0 0 0 0 0 0 0 0 0 11 45 0 0 20 30 23 58 7 0 8 14 13 47 9 0 0 0 0 0 0 0 0 18 0 0 0 0 0 0 0 1 0 0 0 0 0 0 0 0 0 0 0 0 2 0 0 0 0 0 0 0 0 0 0 2 0 0 0 1 0 0 2 0 0 0 0 0 0 0 0 0 0 0 0 0 0 0 0 0 0 0 1 1 0 0 2 3 15 0 0 0 0 0 2 0 0 25 0 0 0 0 0 1 0 0 0 0 0 0 0 0 0 22 0 0 0 0 0 0 0 0 0 0 0 0 1 
 36 141 290 138 192 393 215 80 0 539 339 39 321 77 179 309 105 294 84 150 0 0 0 0 0 3 0 0 0 0 0 4 3 77 0 0 0 3 106 24 3 0 0 0 0 0 0 3 2 0 2 0 2 3 0 3 0 1 2 0 0 0 0 0 2 2 5 0 0 0 3 3 0 0 3 9 0 3 2 0 13 10 66 39 0 34 4 16 2 0 17 29 0 0 0 11 43 34 0 0 12 0 0 21 0 0 0 0 0 0 0 2 14 10 0 0 0 2 39 8 0 0 0 0 0 0 0 0 0 0 0 0 5 0 17 0 0 0 0 0 0 0 0 0 0 0 0 0 0 0 0 0 0 0 0 0 0 0 0 0 0 0 16 9 35 33 0 5 0 26 27 0 0 9 20 0 2 11 0 2 24 9 0 0 0 0 21 11 0 0 0 0 0 8 11 0 0 0 40 1 0 0 0 0 0 0 0 0 0 0 0 2 1 0 0 0 0 0 0 0 0 0 0 0 0 0 0 0 0 0 0 0 0 0 0 0 0 0 0 0 0 0 0 0 0 4 175 0 23 1 18 5 0 0 0 0 0 0 0 0 0 0 0 0 0 65 0 0 0 0 12 0 0 0 0 0 17 0 0 0 0 0 0 0 0 0 0 0 0 0 
 337 116 236 184 94 74 131 196 539 0 93 124 40 300 75 187 256 157 345 178 1 0 0 1 0 0 0 0 0 0 0 0 76 28 0 3 0 0 153 75 3 0 2 0 2 0 2 3 3 0 2 0 0 3 0 3 0 0 0 0 0 0 0 0 3 2 0 0 0 0 3 2 0 0 1 2 0 0 3 0 12 53 28 16 0 46 9 14 14 1 32 15 2 14 0 5 20 46 0 0 11 0 0 0 0 0 10 0 2 0 0 0 27 0 9 0 0 0 10 11 0 0 0 1 0 2 0 0 0 0 0 0 0 0 1 0 0 0 0 0 0 0 0 0 0 2 0 0 0 0 0 0 0 1 0 0 0 0 0 0 14 12 0 1 17 13 2 12 31 14 8 8 0 2 15 0 10 16 0 0 10 9 0 0 0 0 9 0 9 0 0 0 0 8 11 0 0 0 10 1 0 0 0 0 1 0 0 0 0 0 0 0 0 14 0 0 0 0 0 18 0 0 0 0 0 0 0 0 0 0 0 0 0 0 0 0 0 0 0 0 0 0 0 0 2 0 92 0 89 3 17 0 0 0 0 0 0 0 0 0 0 0 0 0 0 0 0 0 0 1 0 0 0 0 0 0 10 0 0 0 0 0 0 0 0 0 0 0 0 0 
 241 220 125 105 132 86 311 369 339 93 0 65 37 46 228 491 218 320 279 232 4 0 2 3 2 0 0 32 4 3 0 5 34 0 22 0 3 0 1 33 3 3 2 0 4 4 1 1 3 0 4 3 0 3 0 15 4 3 3 0 0 0 11 2 6 2 0 0 2 0 5 3 0 0 0 4 0 0 3 2 18 34 14 48 0 2 9 26 28 23 0 10 14 2 0 0 10 25 0 6 48 0 0 0 0 0 0 0 0 0 0 0 21 0 0 0 0 0 0 12 0 0 0 0 2 0 0 0 0 0 2 0 0 0 0 0 0 0 0 1 0 11 0 0 0 0 0 0 2 0 0 0 0 0 0 0 0 0 0 0 14 35 0 11 25 19 0 6 0 0 10 0 0 20 33 0 7 0 0 0 0 0 0 0 0 0 0 0 1 0 0 0 0 0 0 0 0 0 0 2 0 1 0 0 0 0 0 9 0 0 0 0 0 0 0 0 0 0 0 0 0 0 0 0 0 0 0 0 0 0 0 0 0 0 0 0 0 0 0 0 0 0 0 0 0 2 38 0 14 89 1 10 0 0 0 0 0 0 0 0 0 0 0 0 0 0 0 0 0 0 0 1 0 0 0 13 20 0 0 0 0 0 0 0 0 0 0 0 0 0 
 72 33 35 78 145 232 41 38 39 124 65 0 53 338 131 213 495 290 52 25 3 0 3 0 0 0 0 75 74 3 1 0 6 72 0 0 0 0 17 43 3 0 0 0 0 0 0 0 2 0 2 3 0 5 0 3 0 0 0 0 0 0 0 0 2 2 0 0 0 3 6 3 0 0 3 0 0 0 2 0 10 50 0 56 29 30 0 61 0 42 55 10 0 29 0 0 0 20 0 0 15 0 0 0 0 0 0 20 0 16 0 0 0 0 15 0 0 0 0 7 0 0 0 0 0 0 0 0 0 0 0 0 0 0 0 0 0 0 0 10 0 0 0 0 0 0 0 0 0 0 0 0 0 0 0 0 0 0 0 0 12 26 0 14 18 1 0 26 28 11 0 34 0 24 5 14 12 24 0 0 10 0 0 0 0 0 42 0 0 0 11 0 0 14 14 0 14 14 8 0 0 0 0 0 0 0 0 0 0 0 0 0 0 0 0 0 0 0 0 0 0 0 0 0 0 0 0 0 0 0 0 0 0 0 0 0 0 0 0 0 0 0 0 0 0 0 2 2 0 87 0 2 0 1 0 0 0 0 0 0 0 0 14 0 0 0 0 0 0 0 0 0 0 0 0 7 0 0 0 0 0 0 0 0 0 0 0 0 0 0 
 58 113 57 270 303 33 174 311 321 40 37 53 0 324 76 71 29 38 85 71 0 5 4 2 0 1 2 3 0 1 2 4 4 2 0 0 1 0 2 3 3 2 2 2 0 0 2 5 4 0 4 6 2 25 0 3 2 0 0 0 0 0 0 0 4 2 0 0 4 0 2 2 0 0 4 0 0 0 3 0 3 1 9 0 0 0 0 16 0 1 0 11 10 44 28 1 10 0 0 2 0 0 0 0 0 0 0 0 0 0 0 0 0 0 0 0 0 0 0 0 0 0 0 0 0 0 0 0 0 0 0 0 0 0 0 0 0 0 0 0 0 0 0 0 0 0 0 0 0 0 0 0 0 0 0 1 0 0 0 0 10 2 2 17 15 1 0 0 7 0 0 0 34 16 10 0 28 0 0 0 0 0 0 0 0 0 0 0 0 0 0 0 0 0 0 0 0 0 0 0 0 0 0 0 0 0 0 0 0 0 0 0 0 0 0 0 0 0 7 0 0 0 0 0 0 0 0 0 0 0 0 2 0 0 0 0 0 0 0 0 0 1 0 0 0 2 2 0 0 1 1 2 0 0 0 0 0 1 0 0 0 0 0 0 0 0 0 0 0 0 0 0 0 0 0 0 0 28 0 0 0 0 0 0 0 0 0 0 0 0 
 275 138 252 65 70 50 145 52 77 300 46 338 324 0 81 261 126 42 409 176 0 6 0 4 0 2 0 0 3 0 0 0 1 0 4 0 0 0 0 0 3 0 0 3 0 0 3 0 3 0 2 2 0 59 0 3 0 0 2 0 0 3 0 2 3 3 77 0 0 0 2 2 0 0 0 0 0 0 3 0 19 2 13 0 18 0 0 55 0 4 0 26 30 36 1 29 70 2 15 16 0 0 0 0 0 0 0 0 0 0 0 0 0 0 0 0 0 0 0 0 0 0 0 0 0 0 0 0 0 0 0 0 0 0 0 0 0 0 0 0 0 0 0 0 1 0 0 0 0 0 0 0 2 0 0 0 0 0 0 0 7 24 12 11 10 0 21 13 8 14 0 11 1 86 0 10 39 1 15 24 0 0 0 15 0 0 0 0 0 0 1 0 0 0 0 0 0 0 0 0 0 0 0 0 0 0 0 0 0 0 0 0 0 0 0 0 0 0 0 2 0 0 1 0 0 0 0 0 1 0 1 0 0 2 0 0 0 0 0 0 0 12 0 0 0 1 0 0 0 2 0 3 0 0 0 0 0 0 0 0 0 0 20 0 0 0 0 0 0 0 0 0 0 0 0 0 0 18 0 0 0 0 0 0 0 0 0 0 0 0 
 448 265 84 64 81 260 77 120 179 75 228 131 76 81 0 231 50 38 76 127 0 0 0 0 0 0 0 0 0 0 0 0 2 0 0 0 0 0 0 1 3 0 0 0 0 0 32 0 3 0 2 0 0 8 0 3 0 9 0 0 0 0 0 0 3 2 0 0 0 0 2 2 0 0 0 0 0 0 3 2 2 37 0 64 0 17 0 70 19 31 2 9 1 15 15 17 0 12 0 16 0 1 0 0 0 0 7 0 0 0 0 0 14 0 0 0 0 0 18 0 2 0 0 6 0 0 0 0 0 2 0 0 0 0 0 0 0 0 0 0 1 0 0 0 0 3 0 0 0 0 0 0 0 0 0 0 0 2 0 0 29 17 9 15 11 0 0 26 2 0 15 2 1 0 73 0 40 10 14 11 0 0 0 0 0 0 0 0 0 0 0 0 1 0 0 0 2 0 0 0 0 0 0 0 0 0 0 0 0 0 0 0 0 0 2 0 2 0 0 0 0 0 0 0 0 0 0 2 0 1 20 0 0 0 0 0 2 0 0 0 0 9 0 0 0 0 0 0 4 14 0 20 0 0 0 0 0 0 0 0 0 0 0 0 0 0 0 0 0 0 0 0 0 0 0 10 17 0 0 0 0 0 0 0 0 0 0 0 0 0 
 329 61 73 148 316 491 111 135 309 187 491 213 71 261 231 0 196 302 97 45 0 0 0 0 0 0 72 0 0 0 0 2 2 292 0 0 205 0 98 1 3 0 0 0 0 0 0 0 3 0 2 6 0 3 0 3 0 0 0 0 0 0 0 0 3 2 0 0 0 0 52 3 0 0 2 0 33 0 2 0 0 25 19 84 0 37 0 10 66 14 33 0 0 10 8 0 0 31 19 10 11 0 0 0 0 0 0 0 0 0 0 0 27 7 0 0 0 0 25 33 0 0 0 0 0 0 0 0 0 0 0 0 8 0 0 0 0 0 0 0 0 0 0 20 0 0 0 0 0 0 0 0 0 0 2 0 0 0 0 0 19 6 0 0 0 14 0 25 13 15 0 40 0 4 22 56 10 21 0 0 53 2 0 0 0 0 17 0 0 0 0 0 25 0 1 0 0 0 18 11 0 0 0 0 0 0 0 0 0 0 0 0 0 0 0 0 0 0 0 0 0 0 0 0 0 0 0 0 0 0 0 0 0 1 0 0 0 0 0 0 0 0 0 0 0 3 89 2 89 45 1 0 0 0 0 0 0 0 0 0 0 0 0 0 0 0 0 0 0 0 0 0 0 0 0 20 0 0 0 0 0 0 0 0 0 0 0 0 0 0 
 103 48 231 65 216 168 222 128 105 256 218 495 29 126 50 196 0 162 46 143 0 0 0 0 0 0 62 0 2 206 3 4 78 0 0 0 0 0 0 3 3 62 0 0 3 0 0 9 2 0 2 0 0 3 0 3 0 3 0 0 0 0 0 0 3 9 33 2 0 2 3 3 0 0 3 3 0 0 4 0 10 13 12 9 0 19 26 14 1 0 11 49 0 19 2 0 23 42 10 0 0 0 0 0 0 0 0 1 1 0 0 0 15 1 0 0 0 0 11 15 0 0 0 2 0 1 0 0 0 0 0 0 0 0 0 0 0 0 0 0 0 0 0 0 0 0 0 0 34 0 0 0 0 2 0 0 0 0 0 2 16 17 15 0 21 37 9 40 19 13 11 8 0 14 5 0 14 9 10 0 0 19 0 0 0 0 0 0 0 0 0 15 11 10 10 0 0 0 11 1 0 0 0 0 0 0 2 0 0 0 0 0 0 0 0 0 0 0 0 0 0 0 0 0 0 0 0 0 0 0 0 0 0 19 0 0 0 0 0 0 0 0 0 0 0 0 177 1 1 6 1 9 0 0 1 0 1 0 0 0 0 0 0 0 0 0 0 0 0 0 0 0 0 0 0 0 0 0 0 0 0 0 0 0 0 0 0 0 0 0 
 340 230 54 313 145 232 49 46 294 157 320 290 38 42 38 302 162 0 144 58 1 0 1 5 0 2 1 1 0 3 1 0 21 1 83 1 1 0 169 76 3 1 0 1 0 0 0 25 4 0 2 0 0 4 0 3 0 1 0 0 0 0 0 0 3 2 10 0 0 0 2 4 0 0 1 0 0 0 3 0 0 0 33 27 0 0 0 56 0 0 23 10 0 0 0 0 27 15 0 1 0 1 0 0 0 0 0 0 0 0 0 0 10 0 0 0 0 0 61 11 3 0 0 0 0 0 0 0 0 0 0 0 1 0 0 2 0 0 0 0 0 0 0 0 0 0 0 0 0 0 0 0 0 0 0 0 0 0 0 0 0 0 19 26 17 14 0 0 0 0 17 22 0 0 9 20 9 0 0 0 13 16 0 0 0 0 12 22 0 0 0 11 36 8 13 0 0 0 43 15 0 0 0 2 0 0 0 0 0 0 0 0 0 0 0 0 17 0 0 0 0 0 0 0 0 0 0 0 0 0 0 0 0 0 0 0 0 0 0 0 0 2 0 0 0 0 44 2 88 7 0 11 0 0 0 0 0 0 0 0 0 0 1 0 0 0 0 0 0 0 0 0 0 0 0 0 0 0 0 0 0 0 0 0 0 0 0 0 0 0 
 253 142 60 327 62 65 66 79 84 345 279 52 85 409 76 97 46 144 0 161 0 0 0 0 1 0 0 1 0 0 11 1 1 0 0 1 0 1 0 0 3 0 0 0 6 0 0 0 3 0 2 4 0 3 0 3 0 0 0 0 0 0 0 0 3 6 0 4 0 4 2 2 0 0 0 6 32 0 3 0 22 11 20 22 0 0 36 36 1 0 0 0 8 0 21 21 17 17 10 68 0 0 0 0 0 0 0 0 0 0 0 0 0 0 0 0 0 0 0 0 0 0 0 0 0 0 0 0 2 0 0 0 0 0 0 0 0 0 0 0 0 0 0 0 0 0 0 0 0 0 0 0 4 0 0 0 0 0 0 1 9 0 0 0 0 0 43 11 0 0 0 0 7 23 22 10 22 1 1 55 0 0 0 0 0 0 0 0 0 0 0 0 0 0 2 0 0 0 0 0 0 0 0 0 0 0 0 0 0 0 0 0 17 0 0 0 0 0 0 0 0 0 0 0 0 0 0 0 0 0 0 0 0 0 0 0 0 0 0 0 0 0 0 0 0 50 0 0 0 3 1 3 0 0 0 0 0 0 0 0 0 0 0 0 0 0 0 0 0 0 0 0 0 0 0 0 11 0 0 0 0 0 0 0 0 0 0 0 0 0 
 106 220 74 152 71 251 173 151 150 178 232 25 71 176 127 45 143 58 161 0 0 0 0 0 0 0 0 0 0 0 2 0 1 0 0 0 0 0 0 2 3 0 0 0 0 0 0 2 3 0 2 0 0 3 0 3 0 0 0 0 0 0 0 0 3 3 79 0 0 0 10 2 0 0 0 0 0 0 3 0 19 28 13 19 0 0 42 10 37 14 0 0 16 11 0 39 21 9 13 23 0 0 0 6 0 0 0 0 0 0 1 0 2 0 0 0 0 0 0 0 0 0 0 0 0 0 0 0 0 0 0 0 0 0 0 0 0 0 0 17 0 0 0 0 0 12 0 0 0 0 0 0 0 0 0 0 0 0 0 0 14 0 22 1 0 0 12 10 11 0 17 0 0 33 21 40 10 0 35 27 0 0 0 0 0 0 1 0 0 0 0 0 0 0 0 0 0 0 0 0 0 0 0 0 0 0 0 0 0 0 0 0 0 0 0 0 0 0 1 0 0 0 0 0 0 0 0 0 0 0 0 0 0 0 0 0 0 0 0 0 0 0 0 0 0 1 2 2 0 3 0 7 0 0 0 0 0 0 0 0 0 0 0 0 0 0 0 0 0 0 0 0 0 0 0 0 15 0 0 0 0 0 0 0 0 0 0 0 0 0 
 0 0 0 76 74 126 0 0 0 1 4 3 0 0 0 0 0 1 0 0 0 347 91 254 120 44 158 218 172 34 116 315 582 44 253 113 51 128 111 183 2 1 0 0 0 0 0 3 4 0 0 0 0 2 0 0 2 0 3 0 0 0 0 3 0 1 0 0 0 0 0 7 0 0 0 0 0 4 3 0 0 0 0 1 25 15 0 0 0 0 0 1 0 0 15 0 0 0 9 0 55 13 0 15 38 0 15 35 34 0 36 9 12 15 15 20 0 0 16 21 0 0 0 0 0 0 0 0 0 2 0 0 0 1 0 0 19 0 16 0 0 0 0 0 0 0 0 0 2 0 0 0 0 0 0 0 0 0 0 0 0 2 0 1 2 22 0 0 0 4 0 11 0 0 0 0 0 0 0 0 13 24 19 0 18 11 11 1 77 25 0 21 37 12 0 10 23 14 31 36 0 2 0 0 0 0 0 0 0 0 0 0 0 0 0 0 14 2 0 0 0 0 0 0 0 2 0 0 0 0 0 0 0 1 0 0 1 0 0 0 0 0 2 0 0 0 1 0 0 0 0 0 9 0 18 2 0 77 88 2 2 1 0 0 0 0 0 0 0 0 0 0 0 0 0 0 0 0 0 13 0 10 0 0 0 0 0 0 0 0 
 0 0 0 3 78 82 0 1 0 0 0 0 5 6 0 0 0 0 0 0 347 0 205 51 37 34 158 299 53 198 28 25 224 315 183 21 469 120 129 117 2 0 8 6 0 0 0 3 0 0 1 0 0 2 0 0 0 0 3 62 0 0 0 3 0 0 3 2 0 0 0 0 0 0 0 0 0 0 3 0 0 0 0 0 15 9 0 0 0 0 0 0 0 0 0 0 0 0 0 0 23 0 22 1 0 0 0 38 0 30 0 13 12 26 32 18 15 20 28 25 36 0 0 0 0 0 0 0 0 0 0 0 0 0 0 1 11 0 0 11 0 0 0 0 0 1 0 1 0 0 0 0 0 0 0 0 0 0 0 0 0 4 0 0 4 35 0 0 0 0 2 11 0 0 0 0 0 0 0 0 11 35 35 18 0 0 6 29 19 18 16 0 30 13 39 30 22 12 8 118 53 0 0 0 0 0 0 0 0 0 0 0 13 0 30 12 19 0 22 0 0 0 0 0 0 0 0 0 0 0 0 0 0 0 0 0 0 0 0 0 0 0 0 0 0 2 0 0 0 0 0 0 11 0 5 0 2 1 0 3 0 0 0 0 0 0 0 0 0 0 0 0 0 0 0 0 0 0 0 10 0 0 0 1 0 0 0 0 0 2 
 2 0 2 34 0 2 0 0 0 0 2 3 4 0 0 0 0 1 0 0 91 205 0 244 54 109 217 87 201 171 44 609 284 259 126 121 213 146 46 50 67 3 0 0 1 0 64 3 0 0 65 0 7 2 0 9 0 0 5 63 0 0 0 3 0 0 0 0 0 0 0 0 0 0 0 0 53 1 3 0 0 0 0 0 13 0 0 0 0 0 0 0 0 0 0 0 0 0 0 0 0 19 36 11 0 14 24 0 4 12 18 22 0 0 14 15 6 27 10 0 14 0 0 0 0 0 0 0 0 0 0 0 22 0 15 0 0 0 1 0 0 1 0 0 0 0 0 0 0 27 0 1 0 0 0 0 0 0 0 0 0 0 2 0 0 0 0 0 0 0 0 0 0 11 0 0 0 0 0 0 0 13 30 25 10 11 18 9 2 21 27 41 9 1 0 1 1 1 19 12 4 0 0 0 0 2 38 0 0 0 0 0 31 0 11 0 0 0 30 0 0 0 10 0 0 15 0 0 2 0 0 0 0 0 0 0 0 0 0 0 0 0 15 0 0 2 0 0 0 0 0 0 0 0 3 0 0 5 1 0 0 2 0 0 0 0 11 0 0 0 0 0 0 0 0 0 0 0 0 0 0 4 0 0 0 16 10 0 0 0 
 0 0 3 2 0 74 0 0 0 1 3 0 2 4 0 0 0 5 0 0 254 51 244 0 91 331 334 139 352 195 60 89 268 166 62 114 529 124 58 62 2 1 2 3 0 0 3 5 0 0 4 0 1 5 0 5 0 0 66 0 0 5 0 7 2 2 0 0 0 0 0 3 0 0 0 52 2 0 3 4 0 0 0 0 0 0 0 0 0 0 0 0 0 0 0 0 0 0 0 0 0 11 18 26 13 10 35 17 7 14 20 55 0 34 14 59 70 33 0 0 1 0 0 0 0 0 0 0 0 0 0 0 20 0 17 0 0 0 0 0 3 14 0 0 0 0 0 0 0 0 0 0 0 0 0 0 0 0 0 0 0 0 0 0 6 7 0 0 0 0 0 0 0 0 0 0 0 0 0 0 0 10 11 19 6 13 0 19 8 2 1 22 1 0 53 27 22 31 0 0 0 0 0 0 0 0 14 0 0 0 0 0 12 0 1 0 0 0 16 12 0 0 0 0 0 0 0 0 0 0 0 0 0 0 0 0 0 0 0 0 0 0 17 0 0 0 0 0 0 0 0 0 0 0 24 0 1 156 0 2 17 2 0 0 0 0 12 0 0 0 0 0 0 0 0 0 0 0 0 0 0 0 0 0 0 0 10 0 0 0 
 0 0 0 0 0 0 0 0 0 0 2 0 0 0 0 0 0 0 1 0 120 37 54 91 0 403 40 94 91 172 314 199 89 85 89 127 351 77 77 93 85 24 0 0 0 0 84 67 0 0 1 0 80 94 77 2 0 0 4 159 0 0 0 3 0 0 0 0 0 0 0 0 0 0 0 2 0 0 3 0 0 0 0 0 0 0 0 0 0 0 0 0 0 0 0 0 1 13 0 0 0 0 10 7 12 12 0 0 17 11 37 0 0 0 0 13 1 27 0 0 10 0 0 35 0 0 0 10 6 19 16 0 3 0 42 0 60 0 28 0 0 0 0 0 0 0 0 2 0 0 0 5 0 0 0 0 0 0 0 0 0 10 0 0 0 0 0 0 0 0 0 0 0 0 0 0 0 0 0 0 0 13 9 3 13 20 0 7 1 25 28 23 0 0 0 0 8 24 0 0 25 40 0 0 0 0 17 8 0 0 0 0 20 0 29 1 0 13 38 20 0 0 0 0 0 0 0 0 0 0 0 0 0 0 0 0 0 0 0 0 0 0 21 0 0 0 0 0 0 0 0 0 0 1 6 5 1 3 6 2 4 3 0 0 0 0 0 0 0 0 0 0 0 0 0 0 2 0 0 0 0 29 0 0 1 0 0 0 0 0 
 34 0 1 1 0 0 0 0 3 0 0 0 1 2 0 0 0 2 0 0 44 34 109 331 403 0 38 32 157 100 213 485 34 70 54 65 137 198 55 58 70 2 4 5 3 0 0 32 75 0 2 6 0 5 85 72 0 18 85 2 0 0 0 5 0 11 0 0 8 0 0 0 0 0 0 4 24 0 3 0 0 0 0 0 0 0 1 0 0 0 0 0 0 0 0 2 0 0 0 0 0 0 17 0 12 32 0 0 9 28 38 0 0 1 8 10 16 10 0 0 7 6 0 9 1 12 43 26 1 9 0 0 0 0 5 0 0 16 6 13 4 0 0 0 0 0 0 0 0 0 0 5 0 0 0 0 0 0 0 0 0 0 0 2 0 16 0 0 0 0 0 0 0 0 0 0 9 2 0 0 0 2 7 1 0 29 22 0 8 15 2 11 1 0 0 0 1 0 0 12 21 10 2 0 0 5 0 31 12 0 11 0 0 25 4 22 2 2 45 58 0 0 0 0 0 0 0 0 0 0 0 0 0 0 7 0 0 0 4 0 0 0 0 0 0 0 0 0 0 0 0 0 0 0 6 1 5 0 4 0 5 33 0 0 0 13 0 0 0 0 0 0 0 0 0 0 0 0 0 0 0 6 0 0 0 0 0 0 0 0 
 0 0 0 2 73 2 0 2 0 0 0 0 2 0 0 72 62 1 0 0 158 158 217 334 40 38 0 167 77 23 31 241 257 170 112 99 124 210 128 95 2 0 11 0 1 0 0 3 5 0 1 0 0 2 0 0 0 0 3 0 0 0 0 3 0 0 0 0 0 0 0 0 0 0 0 46 0 0 3 0 0 0 0 0 10 0 0 0 0 0 14 12 0 0 0 0 0 16 0 0 28 37 0 14 11 0 13 12 1 0 0 65 10 18 9 12 0 9 9 35 0 0 0 0 0 0 0 0 0 0 0 0 9 0 0 0 0 0 0 8 0 0 0 0 0 0 0 0 0 0 0 1 0 0 0 0 0 0 0 0 0 0 2 0 0 10 0 0 0 0 0 12 0 0 4 0 0 14 0 0 10 13 7 10 0 19 6 0 42 18 0 12 21 30 0 26 22 3 23 40 0 0 0 13 0 2 2 0 22 0 0 0 0 0 2 0 0 0 0 0 0 0 0 0 0 0 0 0 2 0 0 0 0 0 0 0 0 0 0 0 0 0 0 0 0 0 1 0 0 0 0 0 0 0 17 0 2 163 85 2 0 0 0 0 0 0 10 0 0 0 0 0 0 0 0 3 0 0 0 13 0 0 0 0 0 0 17 0 0 0 
 1 0 2 80 0 109 2 4 0 0 32 75 3 0 0 0 0 1 1 0 218 299 87 139 94 32 167 0 81 25 44 195 134 95 202 361 289 40 147 195 2 0 3 0 5 0 0 2 0 0 3 0 0 2 3 0 0 0 2 0 0 0 0 3 1 1 0 4 2 0 0 0 0 0 4 44 0 0 3 0 0 0 0 0 19 11 0 0 0 0 7 0 0 0 0 0 0 1 0 20 32 48 1 11 45 0 28 17 1 0 0 5 0 28 0 9 12 10 0 0 0 0 0 0 0 0 0 0 0 0 0 0 14 0 0 0 0 0 0 1 0 5 0 0 0 0 0 1 0 0 8 0 21 0 0 0 0 0 0 0 0 0 0 13 0 19 0 0 0 0 3 0 0 0 0 0 0 0 0 0 45 12 0 21 0 17 0 54 19 11 11 1 42 31 15 1 15 0 19 35 0 0 0 0 0 0 0 0 0 0 0 0 0 0 0 0 0 0 2 0 0 0 0 0 0 0 0 0 0 0 0 0 0 0 0 0 0 0 0 0 0 0 0 0 0 0 1 0 1 0 0 0 0 2 6 0 0 80 0 3 0 1 0 0 0 1 0 0 0 0 0 0 0 0 0 0 0 0 0 0 0 0 0 0 2 0 0 0 0 2 
 0 0 74 2 82 34 0 0 0 0 4 74 0 3 0 0 2 0 0 0 172 53 201 352 91 157 77 81 0 325 62 154 235 129 162 253 216 70 158 367 2 0 2 0 61 0 0 4 0 2 1 0 0 2 7 6 0 0 132 0 0 0 0 3 0 0 0 0 0 0 3 0 0 0 4 0 0 0 3 0 0 1 0 0 18 11 0 0 0 0 0 0 8 0 0 0 0 0 0 2 30 14 57 1 20 12 15 1 37 26 36 0 9 16 0 1 44 14 0 0 22 0 0 0 0 2 2 0 0 0 0 0 41 0 23 0 0 0 0 0 4 1 0 0 0 1 0 0 0 0 0 0 0 0 0 0 0 0 0 0 1 0 0 0 0 13 2 0 0 0 0 0 0 0 0 0 0 0 0 0 19 27 11 0 0 33 0 0 19 11 50 0 0 18 44 13 26 14 19 0 0 0 0 0 0 0 2 1 0 0 0 0 6 0 0 0 0 0 12 0 0 0 0 0 0 0 0 0 0 0 0 0 0 0 0 0 0 0 0 0 0 0 14 0 0 0 0 0 0 0 0 0 0 0 10 2 2 1 3 1 0 6 0 0 0 0 0 1 0 0 0 0 0 0 0 0 0 0 0 0 0 16 0 0 0 16 0 0 0 0 
 1 0 0 1 0 80 0 68 0 0 3 3 1 0 0 0 206 3 0 0 34 198 171 195 172 100 23 25 325 0 409 253 70 166 68 49 175 47 62 545 65 3 0 0 0 0 0 4 0 0 0 0 0 2 1 1 0 0 117 65 0 31 0 3 0 3 0 0 0 0 0 0 0 0 0 0 0 0 3 0 0 0 0 0 0 0 0 0 0 0 0 0 0 0 0 0 0 0 0 0 0 5 13 0 0 13 0 0 0 39 29 4 0 0 0 9 4 26 0 0 7 0 0 0 0 0 10 17 32 0 0 0 16 0 8 0 0 0 8 0 2 0 0 0 0 0 0 0 0 0 0 1 0 0 0 0 0 0 0 0 0 5 0 0 2 0 0 0 0 0 0 0 0 0 0 0 0 0 0 0 0 15 47 10 20 7 0 52 0 20 24 2 0 0 14 33 7 9 0 0 0 0 0 0 0 0 9 0 0 14 0 0 10 0 7 0 0 0 57 16 0 0 0 0 0 0 0 0 0 0 0 0 0 0 0 0 0 0 0 0 0 0 0 0 0 0 0 0 0 0 0 0 0 0 1 4 0 1 0 0 0 12 0 0 0 0 1 0 0 0 0 0 0 0 0 0 0 0 0 0 0 10 0 0 0 20 0 0 0 0 
 0 0 0 2 0 0 0 0 0 0 0 1 2 0 0 0 3 1 11 2 116 28 44 60 314 213 31 44 62 409 0 429 27 102 125 146 179 287 46 85 2 69 0 0 0 0 133 90 0 0 2 0 0 122 0 0 0 0 67 65 0 0 0 3 0 2 0 0 10 0 3 0 0 0 0 0 6 0 54 0 0 0 0 0 0 0 0 0 0 0 0 0 0 2 0 0 0 0 0 0 0 8 0 13 20 30 0 9 25 29 52 10 0 0 0 19 24 10 2 0 1 1 0 0 0 0 30 1 19 0 28 0 18 0 5 0 9 0 15 0 17 0 0 0 1 0 0 0 0 0 0 0 1 0 0 0 0 0 0 0 0 2 0 0 7 19 0 0 0 0 0 1 0 0 0 0 0 1 0 0 2 15 23 1 28 10 0 58 0 33 10 23 0 0 6 14 18 48 0 0 13 12 0 0 0 0 9 0 20 0 0 0 0 0 35 32 31 66 7 13 0 0 0 0 0 0 0 0 0 0 0 7 0 0 0 1 0 0 0 0 0 0 15 0 0 0 0 0 0 0 0 0 0 0 15 0 1 0 1 0 22 9 0 0 0 0 0 0 0 0 0 0 0 0 0 0 0 0 0 0 0 12 0 0 0 0 0 0 0 0 
 2 0 0 2 0 0 0 2 4 0 5 0 4 0 0 2 4 0 1 0 315 25 609 89 199 485 241 195 154 253 429 0 253 35 24 102 183 233 48 60 130 6 0 0 0 0 56 65 3 0 0 1 72 63 0 13 1 2 122 0 0 0 7 3 0 10 0 0 7 0 0 0 2 0 10 0 16 0 3 0 0 0 0 0 0 0 0 0 0 0 0 0 0 0 0 0 53 0 0 0 0 0 0 0 17 60 0 0 0 31 35 2 0 0 0 0 0 22 0 0 0 0 0 0 0 0 11 7 7 1 0 0 9 0 26 20 0 0 28 0 2 0 0 0 0 0 0 0 0 0 0 1 0 0 0 0 0 0 0 0 0 0 0 11 0 0 14 2 0 0 0 0 0 0 0 0 0 0 0 0 0 0 0 9 45 36 8 0 0 32 38 29 0 0 0 10 0 12 0 0 33 0 0 0 0 0 22 1 0 0 0 7 20 0 12 2 0 10 40 22 0 0 0 0 0 0 0 0 0 0 0 0 0 0 0 0 0 0 0 0 0 0 14 0 0 0 0 0 0 0 0 0 0 0 10 0 2 0 80 1 10 7 0 0 0 0 0 0 0 0 0 0 0 0 0 0 0 0 0 0 0 9 0 0 0 0 0 0 0 0 
 3 1 25 103 92 79 3 2 3 76 34 6 4 1 2 2 78 21 1 1 582 224 284 268 89 34 257 134 235 70 27 253 0 251 246 117 247 253 120 409 2 0 0 0 0 0 0 22 0 0 1 0 0 2 0 0 0 0 3 0 0 0 0 3 31 0 0 0 0 0 0 0 0 0 0 0 0 0 3 0 0 2 0 0 20 14 0 0 0 15 78 11 26 0 0 0 0 4 0 0 15 12 0 0 0 0 0 50 13 27 0 2 22 26 55 0 2 0 13 22 0 0 0 0 0 0 0 0 0 0 0 13 11 0 0 0 0 0 0 10 0 0 0 0 0 0 0 0 0 0 0 0 0 0 0 0 0 0 0 0 2 0 0 19 0 33 0 0 0 0 0 38 0 0 0 0 0 0 0 0 45 12 0 10 0 1 14 1 14 16 22 0 47 14 16 0 24 14 2 89 0 0 0 0 0 0 0 0 0 0 0 0 0 0 0 0 3 0 0 0 0 0 0 0 0 0 0 0 0 0 0 0 0 0 0 0 0 4 0 0 0 0 0 0 0 0 0 0 0 0 0 0 12 0 7 0 0 1 0 2 3 2 0 0 0 0 0 0 0 0 0 0 0 0 0 0 0 0 0 24 0 0 0 0 0 0 0 0 0 0 
 1 0 75 165 188 74 0 0 77 28 0 72 2 0 0 292 0 1 0 0 44 315 259 166 85 70 170 95 129 166 102 35 251 0 91 85 35 54 198 184 2 0 8 15 71 0 22 3 0 0 1 0 0 2 0 0 0 0 3 0 0 0 0 3 0 0 0 0 0 0 0 0 0 0 0 0 0 0 3 0 0 0 2 12 7 23 2 0 0 0 0 0 0 0 0 2 2 1 0 0 36 9 21 0 0 0 14 0 7 15 18 27 12 40 20 23 26 3 0 11 0 0 0 0 0 0 0 0 0 0 0 0 1 0 0 0 0 0 0 0 0 0 0 0 0 0 0 0 0 0 0 0 0 0 0 0 0 0 0 0 0 5 0 2 5 30 0 0 0 0 0 12 0 0 0 12 0 0 0 0 11 30 4 1 0 0 0 26 12 1 68 0 0 0 33 32 0 49 2 0 1 0 0 0 0 0 0 2 0 0 0 0 0 0 0 0 0 0 0 0 0 0 0 0 1 0 0 0 0 0 0 0 0 0 0 0 0 0 0 0 0 0 0 0 0 0 1 0 0 0 0 0 0 0 12 0 3 0 1 0 21 0 0 0 0 0 0 0 0 0 0 0 0 0 0 0 1 0 0 0 0 0 0 0 0 0 0 0 0 0 
 8 0 2 138 76 91 0 0 0 0 22 0 0 4 0 0 0 83 0 0 253 183 126 62 89 54 112 202 162 68 125 24 246 91 0 78 183 119 55 290 2 0 0 3 0 0 3 9 0 0 0 0 0 2 0 0 0 0 3 0 0 3 0 5 0 1 1 0 40 0 0 0 0 0 0 0 0 0 48 0 0 0 0 0 21 14 0 0 0 0 13 0 0 0 0 0 0 12 0 1 40 12 0 13 19 0 12 53 20 26 1 2 9 26 11 0 11 0 19 31 0 0 0 0 0 0 2 0 1 0 0 0 12 0 0 0 0 0 26 10 0 0 0 0 0 0 0 0 0 0 0 0 0 0 0 0 0 2 2 0 0 0 0 18 0 50 1 0 0 0 0 23 0 0 0 0 0 0 0 0 32 14 8 10 33 1 9 0 26 13 0 0 40 18 16 0 36 14 40 58 0 0 0 0 0 0 0 0 0 0 0 0 0 1 0 0 55 0 0 0 2 0 11 0 0 0 0 0 0 0 0 0 0 0 0 0 0 0 0 0 0 0 0 0 0 0 76 0 0 0 0 0 8 0 7 0 0 2 0 0 0 1 0 0 0 0 0 0 0 0 0 0 0 0 0 0 0 0 0 24 0 0 0 0 0 0 0 18 0 0 
 0 0 0 0 75 77 2 0 0 3 0 0 0 0 0 0 0 1 1 0 113 21 121 114 127 65 99 361 253 49 146 102 117 85 78 0 265 23 44 155 0 0 0 0 62 0 0 0 2 0 0 0 3 0 1 2 3 0 5 0 0 0 1 0 1 2 0 47 0 0 0 2 0 0 2 2 3 0 0 0 0 0 0 0 0 16 0 0 0 0 0 0 0 0 0 0 0 0 2 0 49 48 12 22 67 0 27 0 57 8 10 4 11 84 0 9 25 22 0 0 0 0 0 0 0 0 0 0 0 1 0 0 1 0 0 0 0 0 7 0 0 5 0 0 0 0 0 0 1 0 0 0 0 0 0 0 0 0 0 0 0 0 0 0 0 43 0 0 0 0 0 0 0 0 0 0 0 0 0 0 19 32 13 25 1 41 0 14 58 56 17 12 19 11 33 13 14 1 41 0 0 0 0 0 0 0 10 0 0 0 0 1 10 0 0 0 0 0 12 2 0 0 0 3 0 0 0 0 0 0 0 0 0 2 0 0 0 0 0 0 0 0 10 0 0 0 0 0 0 0 0 0 0 0 2 0 0 94 0 0 0 0 0 0 0 0 0 0 0 0 0 0 0 0 0 0 0 0 0 0 0 12 0 0 0 0 0 0 0 0 
 0 0 0 1 0 0 0 0 0 0 3 0 1 0 0 205 0 1 0 0 51 469 213 529 351 137 124 289 216 175 179 183 247 35 183 265 0 298 166 45 3 6 0 0 64 3 1 3 2 0 6 3 0 2 0 6 3 3 22 47 0 0 0 3 0 2 0 0 4 0 0 2 0 0 0 0 0 1 3 0 0 0 0 0 0 0 0 0 0 0 0 0 0 0 0 0 0 0 0 0 0 22 61 14 1 25 19 0 12 28 0 2 0 18 14 30 35 32 0 0 8 0 0 0 0 0 0 14 0 0 0 0 29 0 21 0 0 0 0 1 5 0 0 0 0 0 0 2 0 0 0 0 0 0 0 0 0 0 0 0 0 57 0 0 0 0 0 0 0 0 1 0 0 0 0 0 0 0 0 0 0 23 2 20 12 0 0 3 7 89 62 12 2 2 74 37 13 14 0 0 7 0 0 0 0 0 14 0 0 0 1 0 25 1 8 0 1 0 46 46 0 14 27 0 0 0 0 0 0 0 0 0 0 3 0 0 0 0 0 0 0 0 0 0 0 0 2 0 0 0 0 0 0 1 7 0 0 2 0 1 1 9 0 0 0 0 1 0 0 0 0 0 0 0 0 0 0 0 0 0 0 0 0 2 1 0 11 12 0 0 
 1 0 0 1 0 0 1 0 3 0 0 0 0 0 0 0 0 0 1 0 128 120 146 124 77 198 210 40 70 47 287 233 253 54 119 23 298 0 156 47 64 0 3 0 0 0 62 3 5 0 0 0 0 2 0 0 3 0 66 62 0 0 0 3 0 4 0 0 0 0 0 0 0 0 0 0 6 2 3 0 0 0 0 0 16 0 0 0 0 0 0 0 0 0 0 0 0 10 0 0 0 1 6 0 0 26 22 1 15 10 15 16 2 43 16 33 2 23 8 0 8 0 0 0 2 1 0 2 0 0 0 0 8 0 0 1 12 0 21 0 0 0 2 0 0 0 0 0 0 0 0 0 0 0 0 0 0 0 0 2 0 0 0 0 0 2 0 0 0 0 0 0 0 0 1 0 6 0 0 0 0 12 22 52 30 9 13 10 13 17 6 9 11 12 0 16 4 23 13 19 11 0 0 0 0 10 12 21 0 0 0 0 6 0 6 0 0 0 35 16 0 0 0 0 0 0 0 0 0 0 0 0 0 0 0 0 0 0 0 0 0 0 0 0 0 0 0 0 0 0 0 0 0 0 8 0 0 2 4 1 0 0 0 0 0 0 0 0 0 0 0 0 0 0 0 0 0 0 0 0 0 0 0 0 0 0 0 0 0 0 
 0 0 73 43 8 88 2 0 106 153 1 17 2 0 0 98 0 169 0 0 111 129 46 58 77 55 128 147 158 62 46 48 120 198 55 44 166 156 0 426 8 0 15 14 0 0 0 3 72 0 5 0 6 2 0 0 6 0 7 2 1 0 0 3 0 0 11 6 0 0 0 0 0 1 0 0 0 0 3 0 0 0 24 0 7 49 0 0 0 13 11 13 0 0 0 15 49 11 2 0 15 0 12 0 1 0 15 16 0 0 0 20 9 28 28 0 0 0 22 0 0 0 0 0 0 0 0 0 0 1 0 0 0 0 0 0 0 0 0 0 0 0 1 0 0 0 0 0 1 0 0 0 0 0 0 0 0 0 0 0 0 0 7 8 12 0 0 0 2 26 12 23 0 0 0 0 0 9 0 0 26 0 0 1 0 0 40 22 1 1 0 0 0 6 0 13 0 0 24 0 0 0 0 0 0 0 0 0 0 0 0 1 0 0 0 0 0 1 0 0 0 0 25 0 0 0 0 0 0 0 0 0 0 2 0 0 0 0 0 0 0 0 0 0 0 0 0 0 60 0 15 0 0 0 9 0 0 2 2 3 0 0 0 0 0 1 0 0 0 0 0 0 0 0 0 0 0 0 0 0 0 0 0 0 0 0 0 0 0 0 
 2 0 77 98 2 195 2 2 24 75 33 43 3 0 1 1 3 76 0 2 183 117 50 62 93 58 95 195 367 545 85 60 409 184 290 155 45 47 426 0 0 0 0 0 0 0 0 0 0 0 0 0 0 0 0 0 0 0 2 0 0 0 0 0 0 0 8 0 2 0 1 0 0 0 0 0 0 0 0 0 0 0 13 0 19 33 0 0 0 42 6 26 0 0 0 0 0 0 0 0 40 27 0 15 8 27 5 27 0 0 0 12 9 0 35 0 11 0 2 18 0 1 0 0 0 0 0 0 0 0 0 0 8 0 0 0 0 0 0 0 2 0 0 0 1 0 0 0 0 0 0 0 0 0 0 0 0 0 0 0 0 0 24 24 22 17 0 0 0 9 22 16 0 0 0 0 0 1 0 0 115 15 0 10 0 20 25 18 2 16 12 9 17 33 0 9 0 0 7 30 0 0 0 0 0 0 0 0 0 0 0 0 0 0 0 0 16 0 0 0 0 0 0 0 0 0 0 0 0 0 0 0 0 20 0 1 56 0 0 0 0 0 0 0 0 0 0 0 0 0 0 0 0 1 4 2 1 75 0 0 4 0 0 0 0 0 0 0 0 0 0 0 0 0 0 0 0 0 0 19 0 0 0 0 0 0 0 0 0 0 
 3 3 3 3 3 3 3 3 3 3 3 3 3 3 3 3 3 3 3 3 2 2 67 2 85 70 2 2 2 65 2 130 2 2 2 0 3 64 8 0 0 163 62 179 51 32 145 121 53 93 652 66 212 293 106 43 121 25 34 120 0 0 0 0 0 0 1 0 0 0 4 0 6 0 0 0 0 0 0 0 0 0 0 0 0 0 0 0 0 0 0 0 0 0 0 0 0 0 0 0 0 0 0 7 0 27 0 0 0 0 12 0 0 0 0 0 0 3 0 0 0 2 0 0 8 0 0 12 16 0 0 33 10 0 50 29 0 0 0 14 0 6 0 0 0 0 0 0 0 0 0 9 1 0 15 0 0 0 19 0 0 0 0 0 0 0 0 0 0 0 0 0 0 0 0 0 0 0 0 6 0 2 0 11 11 10 0 0 0 13 24 10 0 0 0 0 0 0 0 0 7 0 7 18 0 14 8 39 7 18 0 0 18 8 0 18 0 0 8 20 13 0 0 0 0 0 0 0 0 0 0 0 0 0 0 0 0 0 0 0 0 0 0 0 0 0 0 0 0 0 0 2 0 0 0 0 0 0 62 0 0 0 0 0 2 2 0 0 1 0 0 0 0 0 0 0 0 0 0 0 0 6 0 0 7 0 0 0 0 4 
 0 0 0 2 0 0 0 0 0 0 3 0 2 0 0 0 62 1 0 0 1 0 3 1 24 2 0 0 0 3 69 6 0 0 0 0 6 0 0 0 163 0 153 63 34 45 390 266 74 37 50 52 283 227 177 163 340 99 47 268 0 0 0 0 0 0 0 0 0 0 3 0 8 0 0 0 1 2 0 0 0 0 0 0 0 0 0 0 8 0 0 0 0 0 0 0 0 0 0 0 0 0 0 0 0 8 0 0 0 0 0 0 0 0 0 0 0 0 0 0 8 9 0 23 0 0 13 15 13 19 42 22 2 1 46 14 29 0 26 15 0 0 0 0 0 0 1 0 0 0 0 0 0 0 0 0 0 0 0 0 0 0 0 0 0 0 0 19 3 0 0 0 16 0 0 0 0 0 0 0 0 0 0 1 12 8 0 0 0 0 0 0 0 0 0 0 0 0 0 0 40 22 13 22 0 0 46 1 30 8 7 0 11 0 33 10 12 28 0 16 0 0 0 0 0 0 0 0 0 0 0 0 0 0 0 0 0 0 0 0 0 0 0 0 0 0 0 0 0 18 0 5 0 2 0 0 0 0 64 2 0 0 0 0 0 14 0 0 0 0 0 0 0 0 0 0 0 0 0 0 0 0 0 0 5 0 0 0 0 0 
 0 0 2 2 0 2 0 0 0 2 2 0 2 0 0 0 0 0 0 0 0 8 0 2 0 4 11 3 2 0 0 0 0 8 0 0 0 3 15 0 62 153 0 237 283 343 58 322 228 170 114 106 63 65 153 65 110 562 98 37 0 3 0 2 0 1 2 0 0 0 0 2 45 52 0 2 3 17 26 51 0 0 0 0 0 5 0 0 0 1 0 0 0 0 0 0 0 0 0 0 8 0 6 0 0 0 4 0 0 0 0 16 0 11 8 0 0 0 0 0 0 0 28 56 0 18 16 0 0 31 10 8 0 0 0 13 20 0 13 18 0 0 0 0 0 0 37 20 0 43 0 0 9 22 0 0 0 49 32 10 6 0 0 0 0 0 12 0 0 0 0 4 0 0 0 0 0 0 0 0 0 0 0 0 0 0 0 4 3 0 0 0 0 0 0 6 3 0 0 0 0 11 32 25 9 8 1 0 0 0 9 42 0 0 13 0 11 23 0 0 11 10 0 0 0 0 1 0 0 0 0 10 25 0 0 0 0 0 0 9 0 0 0 0 7 0 0 0 0 0 0 2 0 0 0 0 0 0 3 2 0 1 0 1 1 2 0 0 0 0 0 0 0 0 0 0 0 0 0 0 0 4 0 0 15 0 0 10 0 0 
 3 0 0 2 0 9 0 0 0 0 0 0 2 3 0 0 0 1 0 0 0 6 0 3 0 5 0 0 0 0 0 0 0 15 3 0 0 0 14 0 179 63 237 0 320 61 71 69 78 115 60 106 132 80 278 281 209 149 66 148 0 0 0 0 0 0 2 3 0 0 0 2 37 0 0 0 3 0 0 0 0 0 0 0 0 6 0 0 0 0 0 0 0 18 0 0 0 0 0 0 3 0 5 0 0 0 0 0 0 0 0 2 0 0 4 0 1 0 0 0 0 7 18 11 0 39 60 7 0 0 47 36 0 17 0 15 40 7 0 0 0 0 0 0 0 0 14 0 0 0 0 0 0 19 14 0 0 0 0 9 0 0 0 0 20 0 5 0 0 0 0 3 0 0 0 0 0 0 0 0 0 0 0 7 0 0 0 3 0 0 14 11 0 0 0 3 0 0 0 0 10 1 28 17 19 65 10 15 0 10 8 19 11 20 25 15 28 18 0 0 17 0 0 0 0 0 0 0 0 0 0 0 0 0 0 0 0 0 0 0 0 0 0 0 0 0 0 0 0 0 0 2 0 0 0 0 0 0 0 2 0 0 1 1 0 0 2 0 0 0 0 0 0 0 0 0 0 0 0 0 0 0 0 0 9 16 0 0 0 0 
 0 0 2 2 0 0 0 0 0 2 4 0 0 0 0 0 3 0 6 0 0 0 1 0 0 3 1 5 61 0 0 0 0 71 0 62 64 0 0 0 51 34 283 320 0 143 93 65 146 143 189 47 267 162 142 78 100 104 89 92 0 0 0 0 1 0 2 0 0 0 13 0 25 0 0 0 0 0 68 51 0 0 0 0 0 0 0 0 13 0 0 0 0 0 0 0 0 0 0 0 0 0 12 0 0 0 0 0 12 0 0 0 17 0 0 9 4 0 0 0 0 5 0 0 15 46 0 0 49 15 5 7 7 20 37 25 0 9 0 0 9 0 2 0 0 0 0 0 0 0 0 0 10 21 0 0 0 0 12 23 10 0 0 3 8 0 0 0 0 0 0 0 0 0 0 4 0 4 0 0 0 0 0 0 0 0 0 0 0 0 7 0 0 0 7 0 0 0 0 0 11 14 6 13 40 13 0 2 11 7 17 24 0 0 0 15 0 18 0 0 0 14 0 0 0 0 14 0 0 0 0 14 0 0 3 0 20 7 18 29 0 0 0 0 0 0 0 0 0 0 0 2 0 0 0 0 0 1 0 31 0 0 0 64 4 5 0 2 0 0 0 0 0 0 0 0 0 0 0 0 0 0 0 0 9 0 0 14 0 0 
 0 0 0 0 0 50 0 2 0 0 4 0 0 0 0 0 0 0 0 0 0 0 0 0 0 0 0 0 0 0 0 0 0 0 0 0 3 0 0 0 32 45 343 61 143 0 58 38 99 93 103 285 93 35 259 96 66 400 70 227 0 0 0 0 1 1 2 15 0 0 0 0 23 6 50 0 0 44 20 52 0 0 0 0 0 0 0 0 0 0 0 0 0 11 0 0 0 0 0 0 0 0 0 0 0 0 1 0 0 0 0 0 0 0 0 0 0 0 0 0 11 7 19 0 2 7 1 0 15 13 0 1 0 36 0 29 1 21 0 0 19 0 0 0 0 0 0 21 0 0 0 0 41 29 0 0 4 21 25 30 0 0 0 11 0 0 26 7 0 0 0 2 0 0 0 5 0 0 0 0 0 0 0 0 0 0 0 0 0 0 0 0 0 0 0 0 0 0 0 0 0 11 12 19 8 0 0 1 9 10 11 22 0 9 1 13 0 35 0 0 0 11 0 14 0 0 0 0 0 0 0 12 25 0 0 0 0 0 0 13 0 0 0 0 0 2 0 0 0 0 0 4 0 0 0 0 0 0 0 0 3 0 6 26 0 3 0 21 0 0 1 0 0 3 0 0 0 0 0 0 0 0 0 0 0 0 0 11 0 0 
 3 0 0 0 0 0 0 0 0 2 1 0 2 3 32 0 0 0 0 0 0 0 64 3 84 0 0 0 0 0 133 56 0 22 3 0 1 62 0 0 145 390 58 71 93 58 0 303 49 43 35 43 321 144 175 88 112 20 31 125 0 0 0 1 0 0 0 0 14 0 8 0 13 0 0 0 0 0 0 0 0 0 0 7 0 0 0 0 0 0 0 0 0 0 0 0 0 0 0 0 0 0 12 7 0 12 0 0 0 0 0 0 0 0 0 0 0 1 0 0 4 0 10 29 0 0 10 0 35 40 20 14 8 0 44 18 22 0 35 45 0 0 0 0 0 0 0 0 0 0 0 7 0 0 0 0 0 0 0 0 0 0 0 0 1 0 0 0 0 0 0 0 0 0 0 0 0 13 0 0 1 1 1 9 9 8 0 0 0 12 11 8 0 0 0 0 0 0 0 0 48 19 12 23 0 0 31 8 6 0 1 0 41 0 26 13 0 17 1 15 0 12 0 0 0 0 0 0 0 0 0 0 0 0 0 0 0 0 0 0 0 0 0 0 0 0 0 0 0 0 0 7 0 0 0 0 0 0 63 0 0 0 0 0 0 2 0 0 0 0 0 0 0 0 0 0 0 0 0 0 0 0 0 0 0 0 0 0 0 0 
 0 0 1 8 0 0 0 0 3 3 1 0 5 0 0 0 9 25 0 2 3 3 3 5 67 32 3 2 4 4 90 65 22 3 9 0 3 3 3 0 121 266 322 69 65 38 303 0 235 280 56 33 113 215 118 183 209 288 262 102 0 0 0 0 0 0 0 0 0 0 4 0 5 0 5 0 0 0 0 0 0 0 4 0 0 0 0 0 0 0 1 0 0 0 0 0 23 6 0 0 0 0 0 0 0 0 0 3 0 0 0 0 0 0 0 0 3 0 3 0 30 30 0 0 0 0 46 20 22 0 17 8 0 10 12 17 0 19 12 9 0 0 0 0 0 0 0 0 0 0 0 0 0 0 0 0 6 1 0 0 0 0 0 8 0 7 0 0 19 0 0 0 0 0 2 0 0 9 0 11 6 6 0 0 10 0 0 0 0 0 0 0 5 7 4 0 0 15 4 3 1 12 0 6 0 0 11 10 50 0 0 0 8 26 11 1 0 24 0 51 0 0 0 0 0 0 0 0 0 0 0 0 12 0 0 0 0 0 0 0 0 0 0 0 0 0 5 0 0 0 0 6 0 1 0 0 0 0 1 1 0 0 7 2 0 15 1 0 0 0 1 0 0 0 0 0 0 0 0 0 0 0 0 0 0 0 0 0 0 0 
 2 3 3 4 2 3 2 3 2 3 3 2 4 3 3 3 2 4 3 3 4 0 0 0 0 75 5 0 0 0 0 3 0 0 0 2 2 5 72 0 53 74 228 78 146 99 49 235 0 138 51 264 393 395 135 88 94 284 71 83 0 0 0 0 0 2 2 0 0 0 0 0 19 10 0 0 48 0 39 49 0 0 0 0 0 1 0 0 0 0 0 0 0 0 0 0 0 0 0 0 1 0 1 0 0 0 4 0 44 0 0 4 0 4 0 1 0 0 0 0 8 30 11 1 15 8 25 25 0 1 13 10 0 1 17 0 25 19 1 1 0 0 0 0 0 0 4 0 0 1 0 0 0 20 21 0 0 0 0 9 0 0 0 0 0 0 0 0 0 0 0 0 0 0 0 0 0 13 0 0 0 0 0 0 1 0 0 1 8 9 0 0 0 0 0 0 37 6 0 0 12 10 12 28 20 0 12 6 0 20 18 5 0 15 9 9 11 0 0 0 0 11 0 0 0 0 0 0 0 0 0 74 0 0 0 0 0 0 25 19 0 0 0 0 0 0 0 0 0 0 0 3 0 2 0 0 0 0 5 11 0 0 0 1 1 2 0 18 2 0 1 0 0 0 0 0 0 0 0 0 0 0 0 0 4 0 0 12 0 0 
 0 0 0 0 0 0 0 0 0 0 0 0 0 0 0 0 0 0 0 0 0 0 0 0 0 0 0 0 2 0 0 0 0 0 0 0 0 0 0 0 93 37 170 115 143 93 43 280 138 0 187 120 123 242 103 79 128 135 118 78 0 2 0 0 0 0 2 1 3 0 0 7 0 63 4 2 3 3 20 3 0 0 0 0 0 0 0 0 0 0 0 0 0 0 0 0 0 0 0 0 0 0 0 0 0 0 0 0 0 0 0 0 0 0 0 0 0 0 0 26 10 9 10 11 21 18 0 0 11 81 9 23 0 24 0 19 0 20 0 0 8 9 0 0 0 0 16 11 0 20 3 0 25 32 22 0 43 15 28 34 0 0 0 1 0 0 2 0 0 0 0 2 0 0 0 5 0 6 0 0 0 0 0 0 0 0 0 0 0 0 0 0 0 0 0 0 0 0 0 0 10 15 1 10 12 40 18 0 2 24 11 11 0 11 0 30 17 17 0 0 0 0 0 0 0 0 0 0 0 0 0 0 11 8 0 0 0 1 1 16 0 0 7 0 0 0 0 0 0 0 0 4 0 1 0 0 0 0 0 0 0 0 2 33 0 2 8 0 0 0 24 0 0 0 0 0 0 0 0 0 0 0 0 0 0 0 0 0 0 0 
 2 2 4 4 2 2 2 2 2 2 4 2 4 2 2 2 2 2 2 2 0 1 65 4 1 2 1 3 1 0 2 0 1 1 0 0 6 0 5 0 652 50 114 60 189 103 35 56 51 187 0 382 321 67 131 292 75 276 65 82 0 28 7 0 2 0 20 0 5 0 0 12 2 5 7 2 0 4 28 4 0 0 0 0 0 0 0 0 0 9 0 0 0 0 0 0 0 0 0 0 0 0 0 0 0 0 0 0 0 0 0 23 0 0 0 0 0 0 0 0 1 21 9 17 7 38 0 11 0 11 14 0 0 0 14 1 11 8 11 0 5 10 8 19 0 0 16 0 10 0 29 0 22 0 0 0 25 11 2 10 0 4 0 0 0 0 0 0 0 0 0 0 0 0 0 0 0 0 0 0 0 0 0 0 0 0 0 2 0 0 0 0 15 0 0 0 0 0 0 0 11 14 0 0 8 14 9 7 15 0 0 3 6 1 6 1 11 0 0 10 0 0 7 9 5 0 1 11 0 0 0 10 18 22 0 5 8 2 10 34 0 0 9 0 0 0 0 0 0 0 0 6 0 1 0 0 0 0 0 0 0 0 2 2 0 3 8 0 0 4 0 0 0 0 0 0 0 0 0 0 0 2 0 0 0 0 0 0 0 0 
 0 0 7 0 21 0 0 0 0 0 3 3 6 2 0 6 0 0 4 0 0 0 0 0 0 6 0 0 0 0 0 1 0 0 0 0 3 0 0 0 66 52 106 106 47 285 43 33 264 120 382 0 34 47 45 37 106 136 55 43 7 0 0 0 0 0 1 0 0 1 0 45 0 5 51 0 0 20 51 0 7 1 0 5 2 0 0 0 0 4 0 0 1 0 0 2 0 0 0 0 0 0 0 0 0 0 0 0 0 0 0 0 0 0 0 0 0 0 0 6 1 11 0 0 30 26 0 12 0 11 3 14 0 0 0 23 0 1 0 0 0 0 7 0 0 0 0 9 0 0 25 0 0 11 24 0 25 31 15 0 0 32 4 0 0 0 0 0 4 0 0 9 0 3 0 2 0 4 0 0 0 0 0 0 0 0 0 0 0 0 0 0 0 0 0 0 0 0 0 0 0 8 14 0 9 20 0 12 8 23 0 18 0 12 0 10 0 0 0 0 0 0 0 19 0 0 15 19 0 0 0 0 17 14 0 0 29 0 0 6 0 2 0 0 0 0 0 0 0 0 0 4 0 0 0 0 0 0 0 1 0 14 4 0 2 3 1 4 0 0 0 0 0 0 0 0 0 0 0 0 0 0 0 0 7 0 0 0 0 0 
 0 0 6 2 0 0 0 0 2 0 0 0 2 0 0 0 0 0 0 0 0 0 7 1 80 0 0 0 0 0 0 72 0 0 0 3 0 0 6 0 212 283 63 132 267 93 321 113 393 123 321 34 0 155 45 108 129 302 174 188 0 0 0 0 5 11 0 0 0 0 0 0 4 0 0 0 0 6 0 0 0 0 0 0 0 0 0 0 0 0 0 0 0 0 2 0 0 1 0 0 0 0 0 0 0 0 0 0 0 0 0 0 0 0 0 0 0 0 0 0 1 0 22 23 0 0 9 53 0 19 103 5 0 22 19 7 45 27 19 0 0 0 0 0 0 0 1 0 0 0 0 0 9 0 0 0 0 0 0 15 0 0 0 0 14 0 0 0 0 0 0 0 0 0 0 0 0 0 0 0 0 0 0 0 14 11 0 0 0 0 0 19 0 0 0 0 0 0 0 0 47 41 8 18 0 0 62 16 1 55 0 0 37 21 27 12 37 10 0 20 0 0 0 0 0 0 0 0 0 0 0 0 0 0 0 0 0 0 0 0 0 0 0 0 0 0 0 0 0 1 0 0 0 0 0 0 0 2 56 0 0 0 0 0 1 3 2 0 0 0 20 0 0 0 1 0 0 0 0 0 0 0 0 0 18 18 0 6 0 0 
 3 11 3 3 3 3 3 3 3 3 3 5 25 59 8 3 3 4 3 3 2 2 2 5 94 5 2 2 2 2 122 63 2 2 2 0 2 2 2 0 293 227 65 80 162 35 144 215 395 242 67 47 155 0 74 58 131 93 115 136 0 3 0 3 0 0 0 4 4 2 8 0 2 0 0 51 203 0 0 0 1 0 0 0 40 0 0 0 0 0 0 8 40 0 0 3 0 0 0 0 0 0 0 0 0 0 0 0 0 0 0 0 0 0 0 0 0 0 0 0 9 0 0 5 1 0 18 0 52 0 10 40 0 21 69 9 4 18 0 15 0 0 0 0 0 0 0 0 0 0 0 0 2 0 0 0 0 2 0 0 0 1 7 6 0 0 1 0 0 0 0 1 0 0 0 1 4 5 0 0 0 0 0 0 12 0 0 0 0 0 0 0 0 0 0 0 14 0 0 0 13 61 0 19 18 0 16 9 20 10 19 0 0 7 9 43 11 47 0 17 0 0 0 0 0 0 0 15 0 0 0 0 0 0 0 0 0 0 21 0 0 2 0 0 0 0 0 0 0 0 0 2 0 2 0 0 0 0 0 24 0 0 1 1 0 0 0 0 0 0 13 0 0 0 0 0 0 0 0 0 0 0 0 0 1 1 0 0 0 0 
 30 0 0 1 0 0 0 0 0 0 0 0 0 0 0 0 0 0 0 0 0 0 0 0 77 85 0 3 7 1 0 0 0 0 0 1 0 0 0 0 106 177 153 278 142 259 175 118 135 103 131 45 45 74 0 198 88 152 148 370 0 0 0 0 0 0 6 0 0 0 0 0 0 20 0 0 0 0 0 0 0 0 0 0 0 0 0 0 0 0 0 0 0 0 0 0 0 0 0 0 0 0 0 0 0 0 0 0 0 0 0 0 0 0 0 0 0 0 0 0 8 31 19 39 12 6 15 50 13 54 15 0 0 0 19 0 30 20 35 26 0 0 0 0 0 0 18 0 0 0 0 0 9 0 0 0 0 0 0 0 0 0 0 0 0 0 0 0 0 0 0 0 0 0 0 0 9 0 0 0 0 0 0 0 0 15 0 0 0 0 0 0 0 0 0 0 0 0 0 0 17 15 1 0 0 0 17 0 25 7 18 0 42 18 19 0 24 0 0 17 0 0 0 0 0 0 0 0 0 0 0 0 0 0 0 0 0 0 0 0 0 0 0 0 0 0 0 0 0 0 0 4 0 0 0 0 0 0 0 0 0 0 0 0 0 16 0 8 1 0 0 0 0 0 0 0 0 0 0 0 0 0 0 0 0 1 0 0 0 0 
 3 3 5 3 3 3 3 3 3 3 15 3 3 3 3 3 3 3 3 3 0 0 9 5 2 72 0 0 6 1 0 13 0 0 0 2 6 0 0 0 43 163 65 281 78 96 88 183 88 79 292 37 108 58 198 0 347 160 305 152 0 0 0 0 2 0 4 0 0 0 5 0 28 0 2 0 3 2 17 51 0 0 0 0 0 0 0 0 0 1 0 0 10 0 0 0 0 0 0 0 2 0 0 6 0 0 0 0 0 4 0 0 0 0 0 0 0 6 0 0 0 10 18 14 0 8 12 19 21 16 0 15 0 0 51 0 0 3 22 51 0 0 0 0 0 0 0 0 0 0 0 3 0 16 0 0 0 0 0 11 0 0 0 0 0 0 0 0 5 0 0 0 0 0 0 0 0 0 0 0 0 0 0 0 0 48 0 0 16 0 0 1 0 0 0 0 0 0 0 0 0 0 0 26 6 0 42 29 19 0 1 14 22 17 0 0 4 1 4 0 0 12 0 0 0 0 16 0 0 0 0 20 0 0 0 0 0 0 0 11 0 0 6 0 0 0 0 0 0 0 0 0 0 2 0 0 0 0 0 2 0 0 0 0 1 12 1 0 0 17 0 0 0 0 0 0 0 0 0 0 0 2 0 0 0 0 0 12 0 0 
 0 0 0 2 0 0 0 0 0 0 4 0 2 0 0 0 0 0 0 0 2 0 0 0 0 0 0 0 0 0 0 1 0 0 0 3 3 3 6 0 121 340 110 209 100 66 112 209 94 128 75 106 129 131 88 347 0 339 59 252 0 0 0 0 0 0 1 0 0 0 4 3 31 0 0 0 2 3 0 0 0 0 0 0 0 0 0 0 0 0 2 0 0 0 0 0 0 0 0 0 0 0 0 0 0 0 0 0 0 1 0 0 0 0 0 0 0 0 0 18 0 2 19 37 9 14 11 11 7 20 16 33 0 0 7 24 39 1 14 21 0 0 0 0 0 0 14 0 0 0 0 0 0 1 17 0 0 16 23 1 0 4 0 0 0 0 2 0 0 0 0 3 0 0 0 2 0 0 0 0 0 0 0 0 0 1 0 0 0 0 0 0 0 0 0 0 0 0 0 0 10 1 33 36 0 22 21 0 18 82 2 10 7 9 9 20 31 25 0 10 17 0 0 0 0 6 0 0 0 0 0 0 0 0 0 0 0 0 0 2 0 0 0 0 0 0 1 0 2 0 0 0 6 0 0 0 0 0 0 0 0 0 1 1 1 1 0 0 0 0 0 0 0 0 0 0 0 0 0 0 0 0 0 0 27 8 0 0 0 0 
 3 0 0 1 0 0 0 0 1 0 3 0 0 0 9 0 3 1 0 0 0 0 0 0 0 18 0 0 0 0 0 2 0 0 0 0 3 0 0 0 25 99 562 149 104 400 20 288 284 135 276 136 302 93 152 160 339 0 41 104 0 2 0 0 12 7 0 2 0 3 2 0 50 5 0 2 0 5 59 27 0 0 0 0 0 0 0 0 0 2 0 0 0 0 0 0 0 0 0 0 0 0 0 0 0 0 0 0 0 0 0 0 0 0 0 0 0 0 0 0 11 5 0 0 1 0 17 6 0 7 25 15 0 0 0 22 8 11 9 0 0 0 0 0 0 0 3 0 0 0 0 0 0 0 0 0 0 0 21 0 0 0 0 0 0 0 0 0 0 0 0 0 0 0 0 0 0 0 0 0 0 0 0 0 0 0 0 0 0 0 0 1 0 0 0 0 0 0 0 0 24 37 51 22 10 0 6 10 11 19 0 23 0 6 7 9 13 16 0 0 0 12 0 0 0 0 0 0 0 0 0 5 0 0 0 0 0 0 0 9 0 0 0 0 0 0 0 0 0 0 0 2 0 0 0 0 0 0 0 12 0 0 3 2 63 82 2 56 1 0 12 0 1 0 0 0 0 0 0 0 0 0 0 0 11 15 0 12 12 0 
 0 0 2 2 0 0 0 0 2 0 3 0 0 2 0 0 0 0 0 0 3 3 5 66 4 85 3 2 132 117 67 122 3 3 3 5 22 66 7 2 34 47 98 66 89 70 31 262 71 118 65 55 174 115 148 305 59 41 0 105 0 0 3 4 1 8 0 2 9 4 2 0 0 1 0 3 3 0 0 0 0 0 0 0 0 0 0 0 5 0 0 0 0 0 0 0 0 0 0 0 0 0 12 0 13 15 0 0 19 19 17 0 0 0 0 2 11 10 0 0 5 6 0 8 0 1 19 0 9 3 0 0 16 0 0 10 0 0 18 18 3 1 0 0 0 0 0 0 0 0 0 14 0 0 0 0 0 0 0 0 0 0 0 0 0 0 0 0 0 0 0 0 0 0 0 0 0 0 15 0 0 15 0 1 52 19 0 1 1 10 0 26 1 0 1 46 12 22 0 0 8 0 0 0 0 0 1 7 13 0 0 0 0 10 11 1 4 0 7 18 0 0 0 0 0 0 0 0 0 0 0 0 0 0 3 0 0 0 0 0 0 0 0 0 0 0 0 0 0 0 0 4 0 0 0 0 0 3 66 0 0 7 2 0 0 19 4 0 0 0 1 0 0 0 0 0 0 0 0 0 0 0 0 0 0 11 0 0 0 0 
 0 0 0 0 0 0 0 2 0 0 0 0 0 0 0 0 0 0 0 0 0 62 63 0 159 2 0 0 0 65 65 0 0 0 0 0 47 62 2 0 120 268 37 148 92 227 125 102 83 78 82 43 188 136 370 152 252 104 105 0 0 1 0 3 0 50 6 1 0 5 1 4 0 0 3 0 1 9 0 0 13 0 0 0 0 0 0 0 0 0 0 0 1 0 0 0 0 1 0 0 0 0 3 4 0 33 0 0 0 15 0 0 0 0 0 14 0 15 0 0 2 21 19 20 10 0 1 8 22 19 20 0 6 13 37 0 33 6 19 0 0 0 0 0 0 0 0 0 0 0 0 10 0 0 0 0 0 4 0 0 0 27 0 0 1 0 0 0 0 0 0 0 0 0 0 0 0 0 0 0 0 15 1 6 0 4 0 0 0 46 24 4 0 0 38 19 0 0 0 0 22 28 0 1 0 0 2 17 0 1 20 0 41 23 25 1 0 9 36 43 0 0 0 0 0 0 0 0 0 0 0 0 0 0 0 0 0 0 0 0 0 0 0 0 0 0 0 0 0 0 0 6 0 0 0 0 0 0 0 1 0 0 0 0 0 0 2 2 0 0 0 0 0 0 0 0 0 0 0 0 0 0 0 0 0 21 0 0 0 0 
 0 0 0 0 0 0 51 0 0 0 0 0 0 0 0 0 0 0 0 0 0 0 0 0 0 0 0 0 0 0 0 0 0 0 0 0 0 0 1 0 0 0 0 0 0 0 0 0 0 0 0 7 0 0 0 0 0 0 0 0 0 136 132 97 42 113 144 54 311 106 100 84 37 87 78 72 80 46 109 172 0 0 0 0 0 0 0 0 0 0 0 0 0 0 0 0 0 0 0 0 0 0 0 0 0 0 0 0 0 0 0 0 0 0 0 0 0 0 0 0 0 0 0 0 0 0 0 0 1 0 0 21 0 0 0 0 0 0 0 0 11 0 27 17 22 10 26 18 11 9 17 8 0 27 0 26 27 9 7 22 0 0 0 0 0 0 0 0 0 0 0 0 0 0 0 0 0 0 0 0 6 10 0 0 0 0 0 0 0 0 0 0 0 0 0 0 0 0 0 0 0 0 0 0 0 0 0 0 0 23 0 0 0 0 0 0 0 0 0 0 21 24 54 8 22 0 12 45 11 0 0 0 8 26 25 31 10 0 6 0 26 0 0 12 0 0 0 0 0 1 0 0 0 0 19 0 20 0 66 0 0 0 15 1 0 0 0 0 0 0 2 0 0 0 0 0 0 0 0 0 0 0 1 0 0 0 0 0 0 0 
