 0 292 103 41 40 42 277 70 308 120 29 41 251 276 158 168 116 111 123 42 3 0 0 2 0 0 0 1 0 89 2 2 2 1 0 1 0 1 0 0 0 0 0 0 0 3 3 0 0 37 3 0 0 0 0 0 0 0 3 0 0 2 3 0 0 0 0 0 3 3 0 0 11 3 0 3 0 0 0 2 21 10 42 0 13 0 38 9 0 0 3 0 21 47 11 41 0 10 32 6 0 10 0 0 0 0 1 0 0 0 0 0 51 0 0 0 0 0 0 0 0 0 0 0 0 0 0 0 0 0 0 0 0 0 0 0 0 0 0 0 0 0 0 0 0 2 0 0 0 0 0 0 0 0 0 0 0 0 0 0 21 0 37 0 0 0 39 30 6 15 19 2 33 11 20 7 22 0 0 10 0 6 0 0 0 0 0 0 0 0 0 0 0 0 0 0 0 0 0 21 0 0 0 0 0 0 0 0 0 0 0 0 0 0 0 0 0 0 0 0 0 0 0 0 0 11 0 0 0 0 0 1 0 0 0 0 0 0 0 0 0 0 0 0 0 0 2 2 0 0 0 7 0 0 0 0 0 0 0 0 0 0 0 0 0 0 0 0 0 0 0 0 0 0 0 0 0 0 0 0 0 0 0 0 0 0 0 0 0 0 
 292 0 417 58 36 500 91 107 135 385 187 221 231 84 196 143 30 122 31 123 7 0 0 3 0 0 0 0 118 3 0 0 6 2 2 1 0 4 112 120 3 11 0 0 5 3 3 0 0 0 0 0 0 0 0 0 0 0 4 1 0 2 6 0 0 0 0 0 8 0 0 0 0 3 3 11 1 0 0 2 0 11 0 59 18 15 0 12 10 25 35 0 15 30 24 26 19 17 8 11 0 0 0 0 0 0 0 0 0 0 0 0 11 0 0 0 0 0 18 3 2 0 0 0 0 0 0 0 0 0 0 33 0 0 9 0 0 0 0 0 2 0 13 0 0 0 0 0 0 0 0 0 0 0 1 0 0 0 0 0 0 15 4 10 24 45 1 0 0 15 26 27 6 0 13 31 15 33 0 0 18 0 0 0 0 0 0 0 0 0 0 0 0 14 4 0 0 0 9 23 0 0 0 0 0 0 0 0 0 0 0 0 0 0 0 0 0 0 0 0 0 0 0 0 0 0 69 0 0 0 0 0 0 0 0 0 0 0 0 0 0 1 0 0 0 3 0 1 3 1 14 0 3 0 0 2 0 0 0 0 0 0 1 0 0 0 0 0 0 0 0 0 49 0 0 22 11 0 0 0 0 0 0 0 0 0 0 0 0 0 
 103 417 0 264 136 136 157 95 161 123 35 132 292 221 129 39 142 389 39 38 3 0 1 0 0 0 0 0 79 3 0 0 74 2 4 0 0 0 157 112 0 12 0 0 0 3 3 0 0 0 0 0 0 0 0 0 0 0 3 0 0 36 3 0 53 0 0 0 7 0 0 0 0 2 0 3 0 0 0 2 0 17 26 45 32 0 0 0 0 23 13 16 0 0 19 0 64 0 0 23 0 0 0 0 11 0 1 0 0 0 0 0 20 27 0 0 0 0 14 2 0 0 0 0 0 0 0 0 0 0 0 22 0 0 0 0 0 0 1 0 0 2 9 0 0 0 0 0 0 0 0 0 0 0 0 0 1 0 0 0 14 27 2 7 24 14 18 0 0 0 19 40 0 0 0 22 2 1 0 4 0 13 0 0 0 0 0 0 0 0 0 0 0 0 23 11 0 0 9 26 0 0 1 0 0 0 0 0 0 0 0 0 0 0 2 0 0 0 0 0 0 0 0 0 0 0 0 0 0 0 0 0 0 0 0 0 0 0 0 0 0 16 0 0 0 0 3 0 0 0 0 11 22 0 0 0 0 0 0 0 0 0 0 0 0 0 0 0 0 0 0 0 0 10 0 10 0 0 0 0 0 0 0 0 0 0 0 0 0 0 
 41 58 264 0 196 127 295 85 98 357 456 255 172 410 56 616 136 244 323 76 113 0 0 2 1 0 0 2 0 5 2 2 41 2 0 0 0 3 16 76 0 28 0 0 30 3 5 0 0 0 0 0 0 0 0 0 0 2 3 0 0 3 3 0 0 0 0 0 10 0 0 1 0 3 0 3 2 0 0 2 0 0 15 41 8 0 0 0 27 40 34 60 0 26 58 0 22 25 0 0 15 0 7 0 0 0 13 0 0 0 0 1 11 0 13 0 0 2 14 17 0 0 0 0 7 0 0 0 0 0 7 1 0 0 0 0 0 0 0 0 1 0 0 0 0 0 0 2 0 0 0 0 0 0 1 0 0 0 5 0 0 44 39 14 10 24 9 10 0 23 33 14 0 0 33 0 30 22 0 0 0 10 2 0 0 0 32 0 0 0 0 0 0 0 13 13 16 0 0 32 0 0 0 0 0 0 0 0 0 0 0 0 0 0 0 0 0 0 0 0 0 0 0 0 0 0 0 0 0 0 0 0 2 0 0 0 0 0 0 0 0 0 0 0 0 0 90 0 4 6 16 2 16 0 0 0 0 0 0 0 0 0 5 0 0 0 0 0 1 0 0 0 0 0 0 18 1 0 0 0 0 0 0 0 0 0 0 0 0 0 
 40 36 136 196 0 372 54 174 79 165 183 60 187 93 68 311 363 66 275 78 168 44 0 0 0 0 0 75 109 77 0 2 3 77 102 130 0 2 0 78 0 0 2 0 0 3 3 0 0 0 0 0 0 0 0 0 0 0 3 0 0 3 3 0 0 0 0 0 3 0 0 0 0 3 25 3 0 0 0 2 0 0 1 1 0 30 19 14 19 12 0 25 0 0 0 13 28 15 0 0 16 0 22 0 0 0 22 22 25 0 0 0 1 0 2 2 8 0 17 19 0 0 0 0 0 0 0 0 0 10 0 11 0 0 0 0 0 0 0 0 0 0 0 0 0 1 0 0 18 0 0 0 0 0 6 0 0 0 0 0 13 7 15 9 10 14 22 21 13 20 1 8 0 0 1 1 10 4 0 0 12 0 31 0 0 0 36 0 0 16 0 0 14 25 0 10 27 1 22 37 0 0 0 0 0 0 0 0 1 2 0 0 0 0 0 0 0 0 0 0 0 0 0 0 0 1 0 0 0 0 0 0 0 2 0 0 0 0 0 0 0 1 0 0 0 2 18 2 2 90 0 28 0 2 0 0 0 0 0 0 12 0 0 0 0 0 0 0 0 0 0 0 0 0 0 0 1 0 0 0 0 0 0 0 0 0 0 0 0 0 
 42 500 136 127 372 0 35 271 69 299 160 601 39 46 253 184 67 173 244 62 76 78 0 79 0 2 75 16 60 3 0 2 88 153 148 4 2 0 76 62 0 0 0 0 0 3 3 0 3 0 0 3 6 0 0 0 0 0 4 0 2 2 3 0 2 2 0 0 11 0 0 0 8 3 5 4 1 0 0 5 0 0 10 19 19 11 0 0 16 13 19 14 0 0 0 0 0 0 0 5 10 10 17 0 0 0 26 36 0 0 0 0 53 13 26 0 35 0 2 40 0 0 0 0 0 0 0 0 0 0 0 0 0 0 0 0 0 0 0 0 0 0 0 0 0 0 0 0 4 0 0 10 0 0 0 0 0 0 0 0 1 0 1 9 0 2 0 0 0 0 0 0 0 0 0 16 14 13 0 2 14 29 23 0 0 0 9 0 1 10 0 11 9 23 12 12 24 0 42 19 0 0 0 0 0 0 0 0 0 0 0 0 0 0 0 0 0 55 0 2 0 0 0 0 0 0 0 2 0 0 0 0 0 0 0 0 0 0 0 0 0 0 0 0 0 0 5 0 1 91 0 0 0 0 0 0 0 0 75 0 0 0 62 0 0 0 0 0 1 0 0 0 0 0 0 23 0 0 0 0 0 10 0 0 0 0 0 0 0 0 
 277 91 157 295 54 35 0 182 332 34 114 339 95 215 123 242 167 26 64 451 3 0 0 1 0 0 0 1 0 3 0 0 0 1 0 0 1 5 0 2 1 0 0 0 0 3 3 0 3 0 0 0 0 6 0 0 0 0 5 0 0 3 3 0 0 0 0 0 3 0 0 0 0 3 0 3 0 0 0 2 11 0 0 0 0 0 11 3 11 0 9 0 82 10 7 5 10 24 33 1 0 0 0 3 0 0 0 0 0 0 0 0 0 0 0 0 0 0 0 0 0 0 0 1 0 0 0 0 0 0 0 0 0 0 0 0 0 0 2 0 0 0 0 0 0 6 0 0 0 0 0 0 0 0 0 0 0 4 0 0 1 0 0 5 0 0 0 18 8 14 0 0 25 34 0 10 19 0 0 11 0 0 0 0 0 0 0 2 0 0 0 0 0 0 0 0 0 0 0 0 0 0 0 0 0 0 0 0 0 0 1 0 0 0 0 0 0 0 0 0 0 0 1 0 0 0 0 0 0 0 0 15 0 0 0 0 0 0 0 0 0 0 0 0 0 2 2 2 0 0 0 3 0 0 1 0 0 0 0 0 0 0 0 0 0 0 0 0 0 0 0 0 0 0 0 9 0 10 0 0 0 0 0 0 0 0 0 0 0 0 
 70 107 95 85 174 271 182 0 74 38 34 259 127 370 32 361 35 30 169 75 3 4 0 2 5 0 2 0 0 3 2 2 88 2 2 3 2 4 205 2 0 0 0 0 0 3 3 0 0 0 0 0 0 0 0 0 0 3 3 0 0 3 4 0 0 2 0 0 3 0 1 2 6 3 0 3 0 0 3 2 29 22 4 0 19 0 43 0 40 17 24 0 10 36 13 0 12 0 9 0 0 0 15 0 0 0 0 0 0 0 0 0 1 0 0 0 0 0 30 0 18 0 0 0 0 0 0 0 0 0 0 0 0 0 2 0 0 0 0 0 1 0 0 0 0 8 0 0 0 0 0 0 0 0 0 1 0 0 0 0 18 0 10 12 10 2 16 0 22 0 0 0 0 13 0 0 24 0 0 0 0 0 0 0 0 0 0 0 0 0 0 0 0 0 0 0 0 0 0 11 0 0 0 0 0 0 0 0 0 0 0 0 0 0 0 0 0 24 0 0 0 0 1 0 0 0 0 0 0 0 0 0 0 0 0 0 0 0 0 0 0 0 0 0 0 2 4 0 91 0 0 5 0 0 0 0 0 0 2 0 0 0 44 0 0 0 0 0 0 0 0 0 0 0 0 18 0 14 0 0 0 0 0 0 0 0 0 0 0 1 
 308 135 161 98 79 69 332 74 0 430 58 219 288 189 168 182 222 215 345 84 3 0 2 0 0 0 0 0 2 5 0 0 0 1 0 0 0 1 8 0 0 3 0 29 0 3 4 0 0 0 0 0 0 0 0 0 0 0 3 0 0 4 2 0 0 0 0 0 3 0 2 0 2 3 1 3 0 0 0 2 23 13 27 2 0 18 0 23 0 0 21 0 0 15 0 30 37 49 0 26 0 0 0 0 0 0 0 0 0 0 0 0 0 0 0 0 0 0 0 2 0 0 0 0 0 0 0 0 0 0 0 0 0 0 0 0 0 10 0 0 0 1 4 0 0 0 0 0 0 15 0 0 0 0 0 0 2 0 0 0 8 26 25 28 0 10 14 21 0 14 24 42 19 0 47 3 0 20 13 1 0 0 0 0 0 0 0 0 0 0 0 0 0 0 0 0 0 0 0 17 0 0 2 0 0 0 0 0 0 0 0 5 0 0 1 0 0 0 0 0 0 0 0 0 0 0 0 0 0 0 0 0 0 0 0 0 0 0 0 0 0 0 0 0 0 1 0 0 0 1 16 3 0 0 0 0 0 0 0 0 0 0 0 0 0 0 0 0 0 0 0 0 0 0 0 0 15 0 0 0 0 0 0 0 0 0 0 0 0 0 
 120 385 123 357 165 299 34 38 430 0 314 228 101 83 252 323 55 123 191 105 3 0 0 0 0 76 2 0 0 5 0 0 1 67 0 0 0 1 109 0 0 7 0 0 3 3 68 0 0 0 0 0 1 0 0 0 0 0 3 0 0 3 3 0 0 0 0 0 3 0 0 0 0 3 8 3 0 0 0 2 0 0 36 16 22 13 0 10 16 24 17 25 0 10 14 0 24 10 0 0 0 0 0 0 0 0 10 0 0 0 0 2 6 0 0 0 0 0 10 15 0 0 0 0 0 0 0 0 0 0 0 9 0 0 0 0 0 0 0 0 2 0 0 0 0 0 0 1 0 0 0 0 1 0 0 0 0 0 0 0 13 5 9 0 15 31 27 23 10 28 38 33 1 0 35 9 34 59 0 1 0 0 1 0 0 0 0 0 0 0 0 0 0 16 0 0 0 0 9 11 0 0 0 0 0 0 0 0 0 0 0 0 0 0 0 0 0 0 0 0 0 0 0 0 0 0 0 0 0 0 0 0 0 27 0 0 0 0 0 0 0 2 0 0 0 2 0 0 0 89 12 9 0 0 0 0 0 0 2 0 0 0 0 0 0 0 0 2 62 0 0 0 0 0 0 0 9 0 0 0 0 0 0 0 0 0 0 0 0 0 
 29 187 35 456 183 160 114 34 58 314 0 117 757 35 154 179 266 310 76 415 79 2 3 0 2 2 3 3 1 3 2 0 77 2 55 3 3 3 74 121 0 0 2 0 0 3 3 0 0 0 2 0 0 0 1 0 0 0 3 0 0 3 4 32 0 2 0 0 3 0 1 4 0 3 6 3 0 0 3 2 0 32 10 18 31 7 0 2 8 11 0 13 0 22 0 20 35 34 0 17 0 2 0 0 0 0 11 0 0 0 0 0 10 2 0 0 0 0 13 31 0 0 0 0 0 1 0 0 0 0 0 2 0 2 0 0 0 0 0 13 0 0 2 0 0 0 0 0 0 0 0 0 0 0 0 0 0 0 0 0 15 29 0 0 9 0 0 2 15 0 2 25 0 0 47 3 0 28 0 0 0 0 0 0 0 0 16 0 0 0 0 0 10 0 0 10 0 0 3 15 0 20 0 0 0 0 0 0 0 0 0 0 2 1 0 0 0 0 14 0 0 0 0 0 2 0 0 0 0 12 0 2 0 0 2 0 0 0 0 0 0 0 0 0 0 2 14 2 2 190 17 3 0 0 0 1 0 0 0 0 0 0 0 0 0 0 2 0 0 0 0 0 0 0 0 0 2 0 0 0 0 0 0 0 0 0 0 0 0 0 
 41 221 132 255 60 601 339 259 219 228 117 0 49 132 25 553 78 288 239 37 35 2 0 0 0 2 3 73 0 6 0 2 74 78 101 0 2 2 154 0 0 6 0 0 0 4 3 61 0 0 0 0 0 0 0 0 0 0 3 0 0 2 3 0 0 0 0 0 3 1 0 0 0 19 0 3 0 0 0 2 0 0 19 27 35 39 0 0 1 18 9 9 0 15 0 0 37 40 0 0 15 0 2 0 13 1 10 19 0 0 0 0 0 48 16 0 11 0 42 0 0 0 0 0 0 0 0 0 0 0 0 7 0 0 0 0 0 0 0 0 0 0 21 0 0 0 0 0 0 0 0 0 0 0 0 0 0 0 0 0 1 0 14 0 11 5 0 11 0 0 15 28 1 0 1 18 0 2 0 0 29 11 0 0 7 0 11 0 0 0 0 0 33 0 27 11 0 15 22 19 0 2 0 0 0 0 0 0 0 0 0 0 0 0 0 0 0 0 0 0 1 0 0 0 0 0 0 0 0 0 1 0 0 0 0 0 0 11 0 0 0 14 0 0 0 3 3 1 0 4 0 0 0 0 0 0 0 0 0 0 0 0 0 0 0 0 0 0 0 0 0 0 0 0 0 0 0 0 0 0 0 0 0 0 0 0 0 0 0 0 
 251 231 292 172 187 39 95 127 288 101 757 49 0 83 116 45 90 251 170 198 4 0 0 1 0 0 2 0 0 3 0 0 2 2 2 1 0 0 1 0 0 0 0 0 0 3 3 0 0 0 0 1 0 0 0 0 0 2 3 0 0 2 3 0 1 2 0 0 3 0 0 2 0 64 3 3 0 2 0 2 0 26 14 9 0 0 0 25 0 0 2 13 8 11 7 46 2 29 16 1 0 0 0 0 0 0 0 0 0 0 0 0 0 0 0 0 0 0 0 0 2 0 0 0 0 0 0 0 8 0 0 0 0 15 2 0 0 0 0 0 1 0 0 0 0 0 0 0 0 0 0 0 0 0 0 10 0 0 0 0 20 0 15 0 0 16 14 25 0 43 21 12 23 1 59 20 13 40 0 0 0 0 0 0 0 0 0 0 0 10 0 0 0 0 0 0 0 0 0 0 0 0 0 0 0 0 0 0 0 0 0 0 0 0 0 0 0 0 0 0 0 0 0 0 0 0 0 0 0 0 0 0 0 0 0 0 0 0 0 0 0 0 0 0 0 0 0 0 0 3 12 1 0 0 0 0 0 0 0 0 0 0 0 0 0 0 0 0 0 0 0 0 0 0 1 0 9 0 0 0 0 0 0 0 0 0 0 0 0 0 
 276 84 221 410 93 46 215 370 189 83 35 132 83 0 530 41 237 89 126 228 3 0 0 0 0 0 0 0 0 3 2 2 2 1 0 0 0 1 0 96 0 0 0 0 0 3 3 0 0 0 0 0 0 0 0 0 0 2 3 0 0 3 3 0 0 0 0 0 3 0 0 0 0 3 0 5 0 0 0 2 18 10 0 18 1 1 9 1 3 0 6 0 28 20 17 24 11 9 25 0 1 0 0 0 0 0 2 0 0 0 0 0 0 0 0 0 0 0 0 0 0 4 0 0 0 0 0 0 0 0 0 0 0 0 0 0 0 0 1 0 0 0 0 0 0 8 0 0 0 0 0 0 14 0 0 0 0 0 2 0 30 12 1 23 2 0 0 0 0 1 3 12 14 5 15 0 31 1 30 14 0 0 0 0 0 0 0 0 0 0 0 0 2 0 0 0 0 0 0 0 0 1 0 0 0 0 0 38 0 0 0 0 0 0 0 0 0 0 0 0 2 0 0 0 0 0 0 0 0 0 0 0 0 0 0 1 0 0 0 0 0 0 0 0 0 2 0 0 2 1 0 8 0 0 0 0 0 0 0 0 0 0 0 0 0 3 0 0 0 0 0 0 0 0 0 5 0 14 0 0 0 0 0 0 0 10 0 0 0 0 
 158 196 129 56 68 253 123 32 168 252 154 25 116 530 0 285 146 254 383 105 3 0 0 0 0 0 1 0 0 3 0 0 2 4 0 2 0 3 0 0 0 0 0 0 0 3 3 3 0 0 3 0 0 0 0 2 0 0 3 2 0 2 3 0 4 0 0 0 3 1 0 2 3 3 0 3 0 0 3 2 0 34 34 11 0 0 15 41 19 1 0 0 52 33 0 1 1 35 13 20 0 0 1 0 0 0 16 0 0 0 5 0 11 0 0 0 0 0 0 0 0 0 0 0 0 0 0 0 0 0 0 0 0 0 0 0 0 0 7 2 0 0 0 0 0 5 0 0 0 0 0 0 0 0 0 0 0 4 0 0 1 24 15 7 0 0 15 17 9 30 2 24 40 23 25 8 25 10 0 12 0 0 0 0 0 0 0 0 0 0 0 0 0 0 0 0 0 0 0 0 0 0 0 0 0 0 0 0 0 0 0 0 0 0 0 0 0 0 0 0 0 0 0 0 0 0 0 0 0 0 0 0 0 0 0 0 2 0 0 0 0 0 0 0 0 1 0 0 0 3 30 0 0 0 0 0 0 0 0 0 0 0 0 0 0 0 0 0 0 0 0 0 0 0 0 0 3 13 0 0 0 0 0 0 0 0 0 0 0 0 
 168 143 39 616 311 184 242 361 182 323 179 553 45 41 285 0 158 337 351 311 3 0 0 0 0 0 0 1 0 4 0 0 43 2 2 0 0 2 76 0 0 0 0 0 71 3 3 0 0 0 0 0 0 0 0 0 0 0 3 0 2 3 2 0 0 0 0 0 3 0 50 2 7 3 0 3 21 0 0 2 0 0 76 6 26 15 43 7 43 16 65 11 0 15 9 0 12 10 0 9 19 0 9 0 0 0 14 0 15 0 0 0 1 0 24 0 0 0 33 23 0 0 0 0 0 0 0 0 0 0 0 9 0 0 0 0 0 0 0 0 0 0 0 0 0 0 0 0 0 0 0 0 0 0 0 0 0 0 0 0 0 0 49 12 9 26 32 16 23 25 22 9 8 0 23 0 0 40 0 0 0 0 3 0 0 0 0 0 0 0 0 0 0 7 12 0 0 0 0 30 0 0 0 0 0 0 0 0 0 0 0 0 0 0 0 0 0 0 0 0 0 0 0 0 0 0 0 0 0 0 0 0 0 0 0 0 0 0 0 0 0 0 0 0 0 4 2 0 52 47 2 10 0 0 0 0 0 0 0 0 0 0 11 0 0 0 0 0 0 0 0 0 0 0 0 0 0 0 0 0 0 0 0 0 0 0 0 0 0 0 
 116 30 142 136 363 67 167 35 222 55 266 78 90 237 146 158 0 166 282 44 77 0 0 2 0 0 0 0 0 3 2 2 98 86 0 0 2 1 2 74 0 3 0 0 0 5 3 0 2 0 0 2 0 0 3 0 0 0 3 0 0 3 3 0 2 0 1 2 3 0 0 0 3 3 0 3 5 0 0 2 17 0 33 21 19 1 0 10 0 20 65 1 0 9 0 3 3 8 0 0 1 0 1 0 0 0 1 0 0 0 0 0 63 4 0 0 0 0 14 10 0 0 0 0 0 0 0 0 0 0 0 0 0 0 70 0 0 0 0 0 0 0 2 0 0 0 0 0 0 0 0 0 0 0 0 0 0 0 26 0 14 0 30 0 21 0 0 13 45 13 0 1 5 0 17 17 46 0 0 0 0 3 0 0 0 0 0 0 0 1 0 2 0 11 0 2 9 0 15 0 0 0 0 0 0 0 0 0 0 0 0 0 0 0 0 0 0 0 0 0 0 0 0 2 0 0 0 0 0 2 0 0 0 0 0 0 0 0 0 0 0 0 0 0 0 1 89 0 88 0 0 6 0 0 0 0 0 0 0 0 0 0 0 0 0 0 0 0 0 0 0 0 0 0 0 0 0 0 0 0 0 0 0 0 0 0 0 0 0 0 
 111 122 389 244 66 173 26 30 215 123 310 288 251 89 254 337 166 0 109 49 77 0 1 0 0 2 0 0 1 3 0 0 22 0 3 12 0 2 1 97 0 0 2 62 8 3 3 0 0 0 0 0 0 0 0 0 0 0 3 0 0 3 2 0 0 0 0 0 6 0 0 0 0 3 0 3 0 0 0 2 0 0 21 52 1 0 0 14 24 24 23 49 0 23 14 0 1 17 0 0 2 0 1 0 0 0 41 0 16 0 0 0 8 0 1 0 0 0 13 1 0 0 0 0 0 0 0 0 0 0 0 0 0 0 0 0 0 0 0 0 0 0 2 0 0 0 1 0 0 10 0 0 0 0 0 0 0 0 2 0 2 12 11 17 25 24 14 15 0 29 34 14 1 0 29 9 19 33 5 0 0 10 25 0 0 0 11 0 0 4 0 0 2 0 0 7 0 0 0 14 0 0 0 0 0 0 0 0 0 0 0 2 0 0 0 0 0 0 0 0 1 0 0 0 0 0 0 0 0 0 0 0 0 0 0 0 0 0 0 0 0 0 0 0 0 4 91 0 2 0 14 11 12 0 0 0 0 0 0 0 0 0 1 0 0 0 0 0 0 0 0 0 0 0 0 36 9 0 0 0 0 0 0 0 0 9 0 0 0 0 
 123 31 39 323 275 244 64 169 345 191 76 239 170 126 383 351 282 109 0 103 3 0 0 0 2 4 0 0 0 4 2 60 1 1 0 0 0 3 3 0 3 1 0 4 0 3 3 0 0 0 0 0 1 0 1 0 4 3 5 0 0 3 3 0 6 0 0 0 5 0 0 0 4 3 0 3 0 4 0 2 21 19 12 15 0 0 41 15 0 0 0 0 7 22 0 18 0 33 53 23 0 0 0 0 0 0 0 0 0 0 0 0 0 0 0 10 0 0 0 0 0 0 0 0 0 0 0 0 0 0 0 0 0 0 0 0 0 0 8 0 0 0 0 0 0 0 0 0 0 0 0 0 0 0 0 0 0 11 0 0 0 34 0 0 0 0 12 1 7 17 14 16 72 24 11 31 36 10 2 9 0 0 0 0 0 0 0 0 0 0 0 0 0 0 0 0 0 0 11 0 0 0 0 0 0 0 0 0 11 0 0 0 0 0 0 0 0 0 0 0 0 0 0 0 0 0 0 0 0 0 0 0 0 0 0 0 0 0 0 0 0 0 0 0 0 0 0 1 0 0 17 17 0 0 0 1 0 0 0 0 0 0 0 2 0 0 0 0 0 0 0 0 0 0 0 0 14 0 0 0 0 0 0 0 1 0 0 0 0 0 
 42 123 38 76 78 62 451 75 84 105 415 37 198 228 105 311 44 49 103 0 3 0 0 0 0 1 0 0 1 3 0 0 0 2 2 0 0 9 0 0 3 2 0 0 0 3 31 0 0 0 0 0 0 0 0 27 0 0 5 0 0 2 3 0 0 0 0 0 3 0 0 0 0 3 0 3 1 0 0 2 42 20 0 0 0 0 46 10 17 0 0 0 43 1 28 30 0 0 18 25 0 0 0 0 0 0 0 0 0 0 0 0 0 0 0 0 0 0 0 1 0 0 0 2 0 0 0 0 0 0 1 0 0 12 0 0 0 0 0 0 0 1 0 0 0 0 0 3 0 0 0 0 1 0 0 0 2 0 0 4 0 6 0 0 19 0 9 0 0 0 0 0 14 81 7 0 0 0 8 26 0 0 0 0 0 0 0 0 0 0 0 0 0 0 0 0 0 0 0 0 14 0 2 0 0 0 0 0 0 0 0 0 0 0 1 0 3 0 0 53 0 0 0 0 0 0 0 0 0 20 0 0 0 0 0 0 0 0 1 0 0 0 0 0 0 0 0 0 4 0 1 5 0 0 0 0 0 0 0 0 0 0 0 0 0 1 0 0 0 0 0 0 0 0 0 0 0 0 0 0 0 0 0 0 0 0 0 0 0 0 
 3 7 3 113 168 76 3 3 3 3 79 35 4 3 3 3 77 77 3 3 0 232 152 34 57 23 195 444 131 180 123 134 335 134 228 188 53 121 136 45 0 0 0 0 0 1 0 0 3 3 6 0 0 0 2 0 1 0 0 0 0 0 0 0 0 0 2 0 2 5 0 3 0 0 2 5 0 0 47 2 0 0 1 24 6 11 0 0 0 20 0 25 0 0 0 0 0 0 0 0 2 22 4 1 0 12 8 18 31 0 0 8 0 60 19 19 9 10 0 0 0 0 0 0 0 0 16 9 0 0 0 0 0 0 0 0 0 0 28 0 0 0 0 0 1 0 0 0 0 0 0 0 0 0 19 0 0 0 0 1 8 0 0 0 1 0 0 0 0 8 0 0 0 0 0 0 0 5 0 0 20 6 42 45 14 2 10 3 0 0 0 0 14 1 34 19 2 0 30 43 4 0 0 0 0 0 0 0 0 0 0 0 0 0 0 0 1 0 0 0 0 2 0 0 1 0 0 0 0 0 0 0 0 0 0 0 0 0 0 0 0 12 0 0 0 0 102 0 0 0 0 0 0 0 8 0 2 76 0 1 4 4 0 0 0 0 7 0 0 0 0 0 0 0 0 0 0 0 0 0 0 0 0 0 0 0 0 0 0 0 
 0 0 0 0 44 78 0 4 0 0 2 2 0 0 0 0 0 0 0 0 232 0 328 313 39 106 175 169 123 122 388 106 53 50 48 204 122 131 132 33 0 162 0 0 0 0 0 0 209 3 3 0 65 1 1 0 0 0 18 62 0 0 0 6 0 0 0 0 2 2 0 44 0 0 0 4 0 0 0 0 2 0 0 10 0 17 0 0 0 0 0 0 0 0 0 0 0 0 0 0 12 16 8 10 0 9 8 54 1 0 23 19 18 0 0 16 34 12 21 0 0 0 2 0 0 0 10 11 0 0 0 0 69 0 0 0 0 0 10 1 0 0 0 0 0 0 0 0 0 0 4 0 0 0 0 0 0 12 0 0 10 0 0 0 0 0 0 0 0 0 0 0 0 0 0 0 0 6 0 0 11 0 23 55 28 0 10 43 26 9 0 88 0 10 22 21 10 21 13 14 8 0 0 0 1 0 0 0 1 0 0 0 0 0 0 0 0 0 22 0 0 0 6 2 0 0 0 0 0 0 1 0 0 0 0 0 0 0 0 0 0 0 0 0 0 0 0 0 0 0 0 0 2 0 6 2 0 163 43 2 13 1 2 0 0 0 9 0 0 0 0 2 0 0 0 0 0 0 0 19 0 23 0 0 2 11 0 0 0 0 
 0 0 1 0 0 0 0 0 2 0 3 0 0 0 0 0 0 1 0 0 152 328 0 334 274 132 292 111 80 129 128 314 71 54 43 281 208 47 245 28 3 5 8 0 3 0 17 0 3 3 5 2 79 0 0 0 4 0 0 126 0 6 3 0 0 0 2 0 2 3 0 29 0 0 2 6 4 0 0 8 0 0 0 0 0 11 0 1 0 2 0 0 12 0 0 0 0 0 0 0 0 27 11 11 17 24 0 14 10 2 22 11 0 0 3 28 30 22 0 0 0 0 0 0 0 0 40 1 0 0 0 0 37 1 0 0 0 0 22 32 0 0 0 0 0 0 0 18 0 0 2 0 0 0 0 0 0 0 0 0 0 0 0 0 0 0 4 0 0 0 0 0 0 0 0 2 0 2 0 0 0 9 0 29 21 1 0 9 50 11 17 38 0 1 11 0 1 21 0 0 24 0 15 1 0 0 8 8 0 0 0 0 10 18 20 0 0 0 42 21 0 9 0 0 0 5 0 0 0 0 0 0 0 0 0 0 0 0 0 0 0 0 29 0 0 0 0 0 0 0 0 0 0 0 0 0 0 83 1 0 0 6 0 0 0 0 10 0 0 0 0 0 0 0 0 0 0 1 0 18 0 9 0 0 9 9 10 0 0 0 
 2 3 0 2 0 79 1 2 0 0 0 0 1 0 0 0 2 0 0 0 34 313 334 0 81 121 83 79 246 251 67 354 46 77 87 174 129 158 85 70 0 63 0 0 0 0 71 0 3 3 3 0 7 72 91 1 0 0 15 124 0 0 0 0 0 0 0 0 2 2 0 2 0 0 0 0 2 0 4 0 0 1 0 0 0 0 0 0 0 6 0 0 0 0 0 0 0 0 0 0 0 2 11 9 24 11 10 25 0 27 1 35 43 0 0 0 12 22 0 2 15 11 0 0 0 2 31 12 0 0 0 0 12 1 2 0 0 0 0 46 3 0 0 0 0 0 0 0 0 0 0 0 0 16 2 0 0 0 0 0 0 0 2 21 0 0 0 0 0 0 0 0 0 0 0 0 0 0 0 0 0 0 18 44 1 24 0 4 2 9 33 25 1 0 0 22 0 20 0 0 1 0 0 8 0 0 20 21 0 0 0 0 1 0 0 13 11 13 1 14 0 0 0 0 0 9 0 0 0 0 0 0 0 0 2 0 0 0 0 0 0 0 0 0 0 0 0 0 0 0 0 0 0 0 0 2 1 125 7 0 0 0 0 0 0 0 0 0 0 0 0 0 0 0 0 0 0 0 0 0 0 13 0 0 0 0 1 0 0 0 
 0 0 0 1 0 0 0 5 0 0 2 0 0 0 0 0 0 0 2 0 57 39 274 81 0 253 345 77 63 110 173 110 93 77 110 81 342 41 79 361 70 64 0 0 0 0 7 62 3 3 3 0 62 35 62 0 0 0 81 1 0 0 0 0 0 0 0 0 2 2 0 0 0 0 0 0 0 0 0 2 0 0 0 0 0 0 0 0 0 0 0 0 0 2 0 0 0 0 0 0 11 15 0 6 10 7 0 1 5 31 12 11 7 24 1 9 0 0 0 0 11 1 15 0 0 0 17 22 0 10 0 0 0 0 0 0 5 0 13 0 0 0 0 0 0 0 0 1 2 0 0 0 0 0 0 0 0 14 1 0 0 0 0 0 0 0 0 0 0 0 0 0 0 0 0 0 0 0 0 0 16 6 0 15 0 16 0 21 0 0 20 28 11 0 0 0 0 12 0 2 0 0 47 10 54 0 35 28 9 0 0 0 30 16 0 2 0 18 19 14 0 0 0 0 0 0 0 0 0 0 0 0 0 0 0 0 0 0 0 0 0 0 0 0 0 0 0 0 0 0 0 0 0 0 7 0 3 2 0 0 2 7 0 0 0 0 0 0 0 0 0 0 0 0 0 0 0 0 0 0 0 0 0 0 15 0 0 0 0 0 
 0 0 0 0 0 2 0 0 0 76 2 2 0 0 0 0 0 2 4 1 23 106 132 121 253 0 29 45 42 353 168 126 19 323 67 103 102 141 61 62 2 1 0 0 0 0 93 62 23 3 3 64 26 176 36 0 213 0 126 144 0 0 0 0 7 0 0 0 2 2 0 50 0 0 0 0 0 0 4 0 0 0 0 0 0 0 0 0 0 0 0 0 0 0 0 0 0 0 0 0 0 0 0 7 10 12 0 0 0 0 23 0 0 0 0 0 0 0 0 0 58 14 20 0 0 0 42 16 6 0 0 0 0 30 1 1 0 0 40 39 0 0 0 0 0 0 0 0 18 21 7 0 0 0 0 0 2 13 0 0 0 0 0 0 0 0 0 0 0 0 0 0 0 0 0 9 0 0 0 0 0 0 0 13 11 11 2 0 10 17 0 10 0 0 0 0 0 0 0 0 25 0 0 14 0 0 0 26 6 33 0 0 28 13 29 13 18 50 26 10 0 0 0 0 0 0 0 2 0 0 1 0 0 0 0 0 0 0 6 0 0 0 0 0 0 0 0 0 0 0 0 0 0 0 5 1 1 1 44 6 6 2 0 0 0 0 0 0 53 0 0 0 0 0 0 0 0 0 0 0 0 16 0 0 2 1 0 0 0 0 
 0 0 0 0 0 75 0 2 0 2 3 3 2 0 1 0 0 0 0 0 195 175 292 83 345 29 0 85 303 120 116 119 133 385 330 164 380 96 313 615 0 0 23 0 0 0 0 0 3 3 4 0 0 0 0 1 0 1 1 0 0 5 0 0 0 0 0 2 2 2 0 0 0 0 0 0 4 0 0 6 1 0 0 0 0 21 0 0 0 0 0 0 0 0 0 0 0 2 0 0 3 37 9 18 0 0 19 59 21 48 0 11 30 27 25 61 1 10 0 0 0 0 1 0 0 0 0 0 0 0 0 0 11 0 0 0 2 0 0 1 9 0 0 0 0 0 0 0 4 0 0 0 0 0 0 0 2 0 0 0 2 0 0 0 0 0 0 0 0 0 0 0 0 0 0 0 0 4 0 0 18 13 26 0 21 0 27 12 15 5 14 59 34 1 10 12 12 14 9 10 0 0 0 0 3 0 0 0 0 0 0 0 0 0 0 0 0 0 13 0 0 0 0 0 0 0 0 2 0 0 2 0 0 0 0 0 0 0 0 0 0 0 0 0 0 0 0 0 0 0 0 0 0 0 2 0 1 1 3 1 11 0 0 0 0 1 0 0 0 0 0 2 0 0 0 0 0 0 0 8 0 17 0 0 0 19 0 0 0 0 
 1 0 0 2 75 16 1 0 0 0 3 73 0 0 0 1 0 0 0 0 444 169 111 79 77 45 85 0 124 123 138 42 283 103 196 167 35 30 73 108 0 0 0 0 0 0 0 0 6 3 51 5 0 0 0 0 0 0 4 62 0 48 0 0 0 0 0 0 2 2 0 7 54 0 0 7 3 0 0 0 0 0 0 0 0 5 1 0 0 0 0 1 0 0 24 0 2 0 1 0 24 12 12 0 7 27 16 12 21 21 23 40 0 0 37 0 77 28 0 11 0 0 0 0 1 0 11 3 0 1 0 0 57 0 0 0 0 0 19 10 0 2 0 0 0 2 0 0 2 0 0 0 0 0 2 0 0 0 0 0 0 1 0 0 0 0 0 0 0 0 0 0 0 0 0 0 0 0 0 0 39 22 1 27 9 0 28 57 1 25 7 0 18 49 0 4 6 14 11 5 0 0 0 0 0 0 0 0 0 0 0 0 0 0 0 0 0 0 0 30 0 0 0 0 0 0 0 0 0 0 0 0 0 0 0 0 0 2 0 0 0 0 0 0 0 0 0 0 0 0 0 0 0 0 21 2 1 8 0 0 2 0 0 0 0 0 11 0 0 0 0 0 0 0 0 0 0 0 0 0 0 0 0 0 0 0 10 0 0 0 
 0 118 79 0 109 60 0 0 2 0 1 0 0 0 0 0 0 1 0 1 131 123 80 246 63 42 303 124 0 368 135 32 241 256 261 221 457 66 98 66 0 4 0 0 0 0 0 0 3 3 31 0 7 0 0 0 1 0 6 29 0 48 0 0 5 0 0 0 2 2 0 0 0 0 0 0 0 49 0 0 0 0 0 1 17 23 0 0 0 0 0 0 0 0 0 0 0 0 0 0 47 18 43 0 0 0 32 157 3 0 0 8 38 3 9 0 10 0 18 9 0 0 0 0 0 0 11 0 0 11 0 0 0 0 0 0 0 0 0 19 0 0 0 0 0 0 1 0 3 0 0 0 0 0 17 0 0 0 0 0 9 0 0 0 1 0 23 0 0 0 0 0 0 0 0 0 2 6 0 0 13 20 44 1 11 7 19 0 0 41 21 17 23 20 1 15 27 16 23 8 0 0 0 0 0 0 1 0 0 0 0 0 0 0 0 0 0 0 1 0 0 0 0 0 0 6 0 0 2 1 0 0 0 0 0 0 0 0 0 0 0 0 0 0 0 0 1 0 0 0 0 0 0 2 1 0 1 7 79 2 9 0 0 0 0 0 0 0 0 0 0 0 0 0 0 0 0 0 0 0 0 11 0 0 0 0 0 0 0 0 
 89 3 3 5 77 3 3 3 5 5 3 6 3 3 3 4 3 3 4 3 180 122 129 251 110 353 120 123 368 0 159 102 58 277 207 80 417 395 466 107 0 0 0 0 0 0 183 0 3 27 5 8 66 25 64 0 0 0 0 139 0 0 0 6 0 0 0 3 4 2 0 1 0 2 0 0 0 0 8 0 1 0 0 0 0 0 0 0 0 0 0 0 0 0 0 0 0 0 0 0 9 14 0 27 39 63 21 17 30 0 0 20 0 0 0 48 22 34 0 0 26 0 0 0 0 0 0 1 0 0 0 0 22 13 16 0 2 0 0 44 8 0 0 0 0 0 0 0 0 0 5 0 0 0 0 0 2 0 0 0 6 0 0 0 0 0 0 14 0 0 4 0 0 0 12 0 0 4 0 0 0 17 14 36 22 0 8 27 4 19 11 20 16 0 0 6 0 4 5 5 41 0 0 0 0 0 32 46 0 0 0 0 0 12 0 21 10 9 2 0 0 0 0 5 0 0 0 2 0 0 2 0 0 0 0 0 12 16 0 0 0 0 1 0 0 0 2 0 1 0 0 1 0 0 1 1 2 0 0 3 3 0 0 2 0 0 0 0 0 0 0 2 0 0 0 0 0 0 0 0 0 0 0 0 0 0 0 0 0 0 
 2 0 0 2 0 0 0 2 0 0 2 0 0 2 0 0 2 0 2 0 123 388 128 67 173 168 116 138 135 159 0 64 45 46 298 163 176 136 118 111 0 0 0 0 0 0 0 0 3 3 3 5 68 2 1 0 0 0 124 64 0 0 0 0 0 0 0 0 2 2 0 32 0 1 0 7 0 0 0 0 0 0 0 0 0 0 0 0 0 0 0 0 0 0 0 0 0 13 0 0 0 19 1 8 5 30 0 1 21 20 34 17 0 20 0 42 30 16 1 35 1 0 0 0 0 0 19 6 0 0 0 0 20 0 0 0 0 0 19 22 0 0 1 0 0 0 0 0 0 0 9 0 0 0 0 9 8 0 0 0 2 0 0 0 0 0 0 0 0 0 0 0 0 0 0 0 0 0 0 0 0 46 16 39 15 9 0 63 20 0 17 23 16 0 7 1 0 1 6 7 18 0 0 0 0 0 1 25 0 0 0 0 0 14 0 0 0 0 10 21 0 0 0 1 0 0 0 0 0 0 0 0 2 0 0 0 0 0 0 0 0 0 10 0 0 0 0 0 0 0 0 0 0 0 3 2 4 188 0 0 11 1 0 0 0 0 11 0 0 0 0 0 0 0 0 0 0 0 0 0 0 23 0 0 0 0 10 0 0 0 
 2 0 0 2 2 2 0 2 0 0 0 2 0 2 0 0 2 0 60 0 134 106 314 354 110 126 119 42 32 102 64 0 37 34 234 119 165 174 26 251 4 1 0 63 0 0 146 72 3 3 3 3 0 0 65 1 0 0 151 7 0 0 0 0 0 0 0 53 2 2 0 2 0 0 0 0 0 0 0 1 0 0 0 0 0 0 0 0 0 0 0 0 0 0 0 0 0 0 21 0 0 19 1 18 52 30 15 0 20 20 8 23 0 19 15 19 34 49 0 2 27 21 0 0 2 0 15 68 0 0 0 0 19 19 9 0 0 0 14 15 3 0 0 0 0 0 0 3 0 0 0 0 0 0 2 5 0 0 0 0 0 0 0 0 0 0 1 0 0 0 0 0 0 0 0 0 0 0 0 0 19 19 12 0 26 28 0 8 37 0 23 0 1 0 17 0 8 0 10 0 18 14 4 14 0 0 30 38 9 20 0 0 33 14 0 0 2 14 0 28 0 0 0 0 0 0 0 20 0 0 0 0 0 0 2 0 0 0 0 0 0 0 13 0 0 0 0 0 0 0 0 0 0 0 2 0 1 0 80 2 2 0 0 0 0 0 13 0 0 0 0 0 0 0 0 0 0 0 0 0 0 0 0 0 0 0 0 0 0 0 
 2 6 74 41 3 88 0 88 0 1 77 74 2 2 2 43 98 22 1 0 335 53 71 46 93 19 133 283 241 58 45 37 0 194 123 256 33 115 326 205 0 0 2 0 0 0 0 0 3 3 3 0 1 0 0 200 0 0 0 0 0 0 0 0 0 0 0 34 2 2 0 0 0 0 0 0 0 0 1 0 0 1 14 20 33 31 0 0 18 19 23 0 0 0 0 0 0 0 0 0 30 0 18 32 0 0 7 19 1 1 0 0 18 0 12 0 0 0 31 2 0 0 0 0 0 0 0 0 0 0 0 0 0 0 0 0 0 0 0 0 0 1 2 0 0 0 0 0 0 0 0 0 0 0 0 0 0 0 0 0 2 0 19 11 13 0 0 0 18 0 0 0 0 0 0 0 0 0 0 17 14 0 10 0 0 52 45 0 11 1 23 0 26 18 14 0 10 12 0 18 0 0 0 0 0 0 1 1 0 0 0 0 0 0 0 0 0 0 0 0 0 0 0 0 0 0 0 0 0 0 0 0 0 0 2 0 0 0 0 0 0 0 0 0 0 0 75 0 28 1 0 0 0 0 9 0 0 0 1 1 1 1 0 0 0 0 0 0 0 0 0 0 0 0 0 0 8 0 0 0 0 12 0 0 0 0 0 0 0 0 
 1 2 2 2 77 153 1 2 1 67 2 78 2 1 4 2 86 0 1 2 134 50 54 77 77 323 385 103 256 277 46 34 194 0 292 81 48 315 173 386 0 0 3 0 204 0 0 0 3 3 3 0 2 0 1 0 204 0 0 0 0 0 0 0 0 0 2 0 48 2 0 0 0 0 0 0 0 0 0 0 2 0 16 0 10 62 0 0 0 18 1 12 0 0 0 0 0 1 0 0 24 1 26 8 0 0 8 6 20 0 0 0 23 14 14 0 9 0 20 32 0 0 2 0 0 0 0 0 0 0 0 0 0 0 0 0 1 0 0 0 0 0 0 0 0 0 0 0 0 0 0 0 0 0 6 0 1 0 0 0 12 0 0 0 10 0 0 0 0 0 0 0 0 0 0 0 0 0 0 5 10 0 23 0 0 10 35 0 8 0 1 0 28 15 20 10 17 8 12 0 0 0 0 0 0 0 0 0 0 0 0 0 0 0 0 0 0 0 0 0 0 0 0 0 0 0 0 1 0 0 1 0 0 0 0 0 0 0 0 0 0 0 0 0 0 0 76 0 4 0 0 0 0 0 0 2 1 0 1 0 2 2 0 0 0 0 0 0 0 0 0 1 0 0 0 0 14 0 0 0 0 46 0 0 0 0 0 0 0 16 
 0 2 4 0 102 148 0 2 0 0 55 101 2 0 0 2 0 3 0 2 228 48 43 87 110 67 330 196 261 207 298 234 123 292 0 459 39 59 71 343 0 0 6 0 0 0 1 0 3 3 3 0 1 0 0 1 0 0 0 64 2 0 37 0 81 1 0 0 2 2 0 0 0 0 0 0 0 0 0 0 0 0 27 0 20 26 0 0 0 0 0 13 0 0 0 0 0 0 0 0 35 1 16 2 10 15 17 50 25 29 0 13 0 0 19 0 30 21 13 19 0 0 0 0 0 1 0 0 0 0 0 0 12 0 0 0 0 0 0 0 0 0 0 0 0 0 0 0 2 0 0 0 2 0 2 0 0 0 0 2 0 0 0 0 0 0 4 0 0 0 0 0 0 0 0 0 0 0 0 0 19 10 17 22 0 14 68 0 0 13 0 0 37 12 1 1 12 30 10 19 2 0 0 0 0 0 0 0 0 0 0 0 0 0 0 0 2 0 1 11 0 1 0 0 0 0 0 0 0 0 0 0 0 0 0 0 0 0 0 0 0 0 0 0 0 0 39 0 0 0 0 0 75 0 4 0 3 0 0 3 3 0 0 0 0 0 0 0 0 0 0 0 0 0 0 0 0 0 0 0 0 0 0 0 0 0 0 0 0 0 
 1 1 0 0 130 4 0 3 0 0 3 0 1 0 2 0 0 12 0 0 188 204 281 174 81 103 164 167 221 80 163 119 256 81 459 0 64 142 26 59 1 0 0 0 0 0 0 0 3 3 3 0 5 0 0 0 0 0 88 62 0 0 0 0 0 0 0 0 2 2 0 0 5 0 0 5 0 0 0 0 0 0 0 0 0 0 0 0 0 12 0 16 0 0 0 0 0 0 0 0 16 32 23 0 8 11 2 37 25 11 2 37 1 0 27 1 26 31 0 15 0 0 0 0 0 0 26 25 0 0 0 0 32 0 0 0 0 0 24 21 0 0 0 0 0 0 0 0 0 0 0 0 1 0 3 0 0 0 0 0 0 0 0 0 53 0 0 0 0 0 0 0 0 0 0 0 0 2 0 0 11 1 63 26 38 1 10 31 1 22 0 20 2 14 42 15 0 10 0 0 3 0 0 0 0 1 0 0 0 0 0 0 1 0 0 0 1 0 11 19 0 0 0 0 0 0 0 0 0 0 0 0 0 0 1 0 0 0 0 0 0 0 0 0 0 0 76 0 0 0 0 0 0 0 3 0 0 150 160 3 0 0 0 0 0 0 8 0 0 0 0 0 0 0 0 0 0 0 0 13 0 0 0 0 0 1 2 0 0 0 
 0 0 0 0 0 2 1 2 0 0 3 2 0 0 0 0 2 0 0 0 53 122 208 129 342 102 380 35 457 417 176 165 33 48 39 64 0 387 130 88 0 0 1 0 1 0 0 0 6 3 3 3 57 65 4 0 0 1 1 64 0 3 0 3 0 0 0 0 2 2 3 39 0 0 2 10 0 0 1 1 0 0 0 0 1 0 0 0 0 0 0 0 0 0 0 0 0 0 0 0 0 39 0 29 27 19 11 2 18 31 31 22 1 24 3 30 18 23 14 0 19 10 0 0 0 0 30 0 0 0 0 0 19 0 6 0 0 0 4 41 0 0 0 0 0 0 0 0 0 0 6 0 0 0 0 0 0 0 0 0 0 0 0 0 0 0 0 1 0 0 0 0 0 0 0 0 0 0 0 0 11 71 50 26 27 8 0 13 38 0 31 13 9 0 11 0 4 1 0 0 17 0 0 0 0 0 0 25 0 0 0 0 16 13 1 19 0 12 10 5 0 0 0 0 0 0 0 0 0 0 0 0 0 0 0 0 2 17 0 0 0 0 12 0 0 0 0 0 0 0 0 0 0 0 0 0 0 76 0 1 0 2 0 0 0 0 0 0 0 0 0 0 0 0 0 0 0 0 0 0 0 14 0 0 0 0 0 0 0 0 
 1 4 0 3 2 0 5 4 1 1 3 2 0 1 3 2 1 2 3 9 121 131 47 158 41 141 96 30 66 395 136 174 115 315 59 142 387 0 47 103 0 3 7 1 1 63 64 0 70 6 3 0 64 37 78 0 0 6 1 100 0 3 0 3 0 0 6 1 9 7 0 1 6 0 2 1 4 0 0 7 0 0 0 0 10 15 2 0 0 0 0 0 0 0 0 0 0 0 2 0 14 14 8 40 24 54 1 55 11 0 5 8 0 13 1 29 4 7 0 0 11 5 0 0 2 7 0 1 0 2 0 2 9 0 0 0 0 0 0 11 2 0 0 0 0 1 0 0 0 0 4 0 0 0 0 0 0 4 0 0 0 2 0 0 0 0 0 0 0 0 0 0 0 0 0 0 0 1 0 0 3 0 2 1 26 23 0 6 11 0 24 25 26 0 0 9 0 26 18 10 22 0 0 0 0 0 12 12 1 0 2 0 0 0 0 8 0 16 14 9 0 0 0 0 0 0 0 0 0 0 0 0 0 0 0 0 0 0 0 0 0 0 0 0 0 4 1 0 0 0 0 0 0 0 10 4 3 0 1 1 19 0 0 0 0 2 0 0 0 0 0 0 0 0 2 0 0 0 0 7 0 0 0 0 0 14 0 0 0 0 
 0 112 157 16 0 76 0 205 8 109 74 154 1 0 0 76 2 1 3 0 136 132 245 85 79 61 313 73 98 466 118 26 326 173 71 26 130 47 0 401 0 7 0 0 4 0 0 0 3 3 3 0 0 0 0 0 0 0 0 0 0 0 0 0 0 0 0 0 2 2 0 0 0 0 7 0 0 0 0 0 0 25 0 28 17 13 0 0 12 28 10 1 1 0 32 1 60 1 0 0 8 5 0 11 0 22 0 26 30 0 0 0 15 11 2 18 0 9 23 48 0 0 0 0 0 0 0 0 0 0 12 5 0 0 0 0 0 0 0 0 0 0 9 0 0 0 1 0 0 0 0 0 0 0 1 0 0 0 0 0 0 9 0 9 29 29 0 1 14 14 17 21 0 0 9 19 13 22 0 0 0 0 0 12 1 0 19 26 10 16 0 19 8 11 2 9 0 22 22 8 0 0 0 0 0 0 0 0 0 0 0 0 0 0 0 0 0 0 0 0 14 0 0 0 0 0 0 0 2 0 0 0 0 0 0 1 0 0 0 0 0 0 0 0 0 0 0 0 0 80 0 24 0 0 0 2 0 0 0 0 30 1 0 0 0 0 0 0 0 0 0 0 0 0 0 0 0 0 0 0 0 0 0 0 0 11 0 0 0 0 
 0 120 112 76 78 62 2 2 0 0 121 0 0 96 0 0 74 97 0 0 45 33 28 70 361 62 615 108 66 107 111 251 205 386 343 59 88 103 401 0 2 0 6 2 0 3 0 0 6 6 3 3 62 2 0 0 0 0 0 0 0 0 0 0 0 0 0 0 16 2 1 0 3 0 0 0 0 0 0 0 0 13 0 35 18 4 0 0 0 11 14 0 0 0 0 0 20 0 15 0 7 9 1 16 0 47 9 0 22 1 0 0 11 17 0 24 0 11 13 19 0 0 0 0 2 0 0 0 0 2 0 2 0 0 0 0 0 0 0 0 0 0 7 0 0 0 0 0 0 0 0 0 0 0 0 0 0 0 1 0 0 0 0 8 3 14 0 0 0 0 0 0 0 0 0 6 34 12 0 0 0 20 48 22 0 11 17 48 3 7 0 5 21 20 0 20 0 0 11 12 0 0 0 0 0 0 0 34 0 0 2 0 0 0 0 0 15 0 0 0 0 0 0 0 0 0 0 0 0 0 0 0 0 0 0 0 0 0 0 0 0 0 0 0 0 0 76 0 0 0 0 0 0 0 11 0 0 2 1 2 3 0 0 0 0 0 0 0 0 0 0 0 0 0 0 12 0 0 0 0 0 0 1 0 0 0 0 0 0 0 
 0 3 0 0 0 0 1 0 0 0 0 0 0 0 0 0 0 0 3 3 0 0 3 0 70 2 0 0 0 0 0 4 0 0 0 1 0 0 0 2 0 329 206 38 111 37 57 267 46 106 98 34 83 118 162 91 26 44 263 309 0 0 0 0 0 0 0 0 0 0 0 2 0 0 0 0 0 0 6 0 0 11 0 0 0 0 0 4 0 0 0 0 6 0 0 0 0 0 0 6 0 0 0 0 0 0 0 0 0 0 0 0 0 0 0 0 0 0 0 0 19 0 21 0 32 0 1 17 39 29 24 51 7 0 27 2 64 7 0 0 0 0 0 0 0 0 0 13 0 0 0 0 0 1 0 7 0 0 5 2 0 0 0 0 0 0 2 0 1 0 52 0 6 2 0 0 0 0 0 5 0 0 0 0 0 0 0 1 0 0 0 0 0 0 0 0 0 0 0 0 2 10 51 13 9 0 0 35 1 0 0 0 20 52 10 45 0 0 9 19 0 0 0 0 0 0 13 0 0 0 0 0 0 0 0 0 0 0 11 0 0 0 0 0 0 0 0 0 0 19 0 7 0 2 1 0 0 0 0 0 0 0 73 76 0 21 2 0 0 0 0 0 0 0 0 0 0 0 0 0 0 0 0 0 0 9 0 0 0 0 
 0 11 12 28 0 0 0 0 3 7 0 6 0 0 0 0 3 0 1 2 0 162 5 63 64 1 0 0 4 0 0 1 0 0 0 0 0 3 7 0 329 0 255 84 74 24 80 71 38 34 98 42 132 338 62 163 104 90 176 103 3 2 0 0 3 5 1 2 0 3 0 1 3 0 1 0 5 4 7 3 0 0 0 4 14 0 0 0 1 7 2 11 0 0 6 0 0 1 0 0 0 0 0 0 6 0 0 0 0 3 0 0 0 6 0 0 0 0 7 0 22 11 20 0 39 0 0 1 36 24 13 7 3 0 32 10 10 3 0 0 0 0 0 0 0 0 0 8 0 0 0 0 0 0 0 15 0 0 0 0 0 0 0 2 16 2 0 0 0 0 0 0 0 0 0 0 0 0 0 0 0 0 0 0 0 1 0 0 0 0 0 0 0 0 8 0 0 0 11 1 9 10 49 10 12 0 1 23 16 0 0 0 0 20 26 20 0 0 6 0 0 0 0 0 0 0 13 0 0 0 0 0 0 0 0 0 0 0 13 0 0 12 0 0 0 0 0 0 0 0 0 14 1 1 0 2 0 0 0 0 0 0 10 4 0 4 0 1 0 0 0 0 0 0 0 0 0 2 0 0 0 0 0 0 10 9 0 0 0 0 
 0 0 0 0 2 0 0 0 0 0 2 0 0 0 0 0 0 2 0 0 0 0 8 0 0 0 23 0 0 0 0 0 2 3 6 0 1 7 0 6 206 255 0 212 64 42 49 302 94 334 132 31 85 264 340 337 48 119 38 34 2 0 0 0 0 0 0 0 0 0 0 2 0 4 0 0 4 3 0 0 0 0 0 0 0 11 0 0 0 0 0 0 0 0 0 0 0 0 0 0 0 0 1 0 0 0 0 0 0 0 0 0 0 0 0 0 0 0 0 0 0 0 11 63 11 11 0 0 18 20 7 33 17 0 19 33 19 37 0 0 0 0 0 0 0 0 0 0 0 0 0 0 26 0 0 1 0 0 19 28 0 0 0 0 0 0 0 0 0 0 0 0 7 0 0 0 0 0 0 0 0 0 2 17 0 0 4 0 0 0 0 0 17 0 0 0 0 0 0 0 0 0 20 0 0 16 0 12 20 6 11 9 1 9 0 14 0 9 0 0 0 0 0 0 0 0 20 8 0 0 0 11 0 0 1 0 0 0 1 0 0 0 30 0 0 0 3 0 0 0 0 5 0 2 0 0 0 0 0 0 0 0 63 46 2 14 0 65 2 0 0 0 0 0 0 0 0 0 0 0 0 0 0 0 16 0 0 4 0 0 
 0 0 0 0 0 0 0 0 29 0 0 0 0 0 0 0 0 62 4 0 0 0 0 0 0 0 0 0 0 0 0 63 0 0 0 0 0 1 0 2 38 84 212 0 80 33 94 197 103 174 169 275 54 350 83 51 139 176 64 62 0 1 0 0 0 0 0 1 0 0 0 2 0 2 0 0 3 0 3 0 0 0 0 0 0 0 0 0 0 0 0 0 0 0 0 0 0 0 0 0 34 0 0 0 14 0 0 0 0 0 0 0 0 0 0 0 0 0 0 0 10 52 7 16 22 22 0 0 0 14 7 0 0 10 14 11 11 14 0 0 1 0 0 0 0 0 10 0 0 3 0 0 10 1 3 10 0 0 0 0 0 0 0 2 0 0 0 0 0 0 0 0 0 0 0 0 0 0 0 0 0 0 0 0 0 0 0 0 0 0 0 0 0 0 0 0 0 12 0 0 0 35 0 0 14 4 0 0 0 7 21 11 0 0 30 5 12 18 0 0 0 4 0 0 0 0 0 0 1 0 0 0 3 18 0 0 0 0 6 14 0 0 8 0 0 0 0 0 0 0 0 4 0 1 0 0 0 0 0 2 0 0 0 0 2 0 2 65 0 0 5 0 0 0 0 0 0 0 0 0 0 2 0 0 0 0 0 31 0 0 
 0 5 0 30 0 0 0 0 0 3 0 0 0 0 0 71 0 8 0 0 0 0 3 0 0 0 0 0 0 0 0 0 0 204 0 0 1 1 4 0 111 74 64 80 0 166 106 202 105 150 145 57 82 151 296 414 124 347 61 290 55 0 3 0 3 0 0 0 0 0 0 2 58 6 0 0 1 2 2 0 0 0 0 0 0 0 0 0 10 0 7 0 0 0 5 0 17 10 0 0 0 0 0 0 0 0 0 0 0 0 0 0 0 0 0 0 0 0 0 8 13 15 18 0 61 7 1 0 26 15 49 17 0 0 0 37 17 3 0 0 0 0 1 0 0 0 0 0 0 0 0 0 0 0 0 14 0 0 0 0 0 46 46 14 0 6 0 0 0 4 4 0 0 0 11 0 0 8 0 0 0 16 0 0 0 0 0 0 0 0 0 0 0 0 0 0 0 0 0 0 0 0 16 0 18 4 0 10 2 2 51 8 11 0 0 15 0 1 0 0 11 0 0 0 0 0 7 1 1 0 0 0 0 0 0 0 0 0 0 0 0 0 0 0 0 0 0 0 0 0 0 9 0 0 0 0 0 0 0 1 0 0 9 4 76 2 2 77 1 0 0 0 0 0 0 0 0 0 0 0 0 0 0 0 14 0 0 0 0 0 
 3 3 3 3 3 3 3 3 3 3 3 4 3 3 3 3 5 3 3 3 1 0 0 0 0 0 0 0 0 0 0 0 0 0 0 0 0 63 0 3 37 24 42 33 166 0 23 38 112 49 93 282 56 258 257 157 78 155 57 124 0 0 0 0 0 13 1 90 0 0 0 1 19 1 73 0 51 0 0 52 0 0 0 0 0 0 0 0 0 0 0 0 0 0 0 0 0 0 0 0 0 0 0 0 0 0 0 0 0 0 0 0 0 0 0 0 0 0 0 0 0 0 0 0 0 33 0 22 0 0 0 0 0 0 0 9 1 0 0 0 16 29 14 14 7 0 9 1 14 1 6 42 0 26 2 18 1 0 10 15 0 0 0 0 0 0 0 0 0 0 0 0 0 0 6 0 0 0 0 0 0 18 0 0 0 0 0 0 0 0 0 2 0 0 0 7 0 0 0 0 0 1 0 13 0 0 0 0 0 28 0 22 0 0 1 0 0 0 0 0 3 37 7 1 0 19 47 0 27 0 0 0 15 29 20 19 11 12 14 1 0 0 0 0 0 0 0 0 0 0 0 16 0 0 0 0 0 0 0 0 0 0 7 4 1 0 2 0 1 0 0 0 0 0 0 0 0 0 0 0 0 0 0 0 0 0 0 0 0 0 
 3 3 3 5 3 3 3 3 4 68 3 3 3 3 3 3 3 3 3 31 0 0 17 71 7 93 0 0 0 183 0 146 0 0 1 0 0 64 0 0 57 80 49 94 106 23 0 192 264 31 45 247 95 191 141 31 317 44 358 180 0 0 0 0 0 0 0 0 0 0 0 1 0 0 0 0 0 0 9 0 0 0 0 0 0 0 0 0 0 0 0 0 0 0 0 0 0 0 0 0 0 0 0 6 13 8 0 0 0 0 10 8 0 0 0 0 0 8 0 0 11 34 15 0 0 0 32 35 6 0 0 0 0 13 6 3 0 0 15 19 7 0 0 0 0 0 0 0 0 0 0 0 0 0 0 0 0 9 0 0 0 0 0 1 0 0 0 0 0 0 0 0 0 0 0 1 0 0 0 0 0 0 0 0 0 26 0 0 0 12 0 10 0 0 0 0 0 0 0 0 0 12 8 9 0 0 17 18 8 31 1 0 5 1 9 17 90 34 6 29 0 0 0 0 0 5 0 2 0 0 0 0 0 2 0 0 0 0 0 0 0 0 0 0 0 0 0 0 0 0 0 0 0 0 0 0 0 0 0 0 0 0 0 0 0 1 0 0 0 0 0 0 0 0 0 0 0 0 0 0 0 0 2 0 6 0 0 0 0 0 
 0 0 0 0 0 0 0 0 0 0 0 61 0 0 3 0 0 0 0 0 0 0 0 0 62 62 0 0 0 0 0 72 0 0 0 0 0 0 0 0 267 71 302 197 202 38 192 0 219 195 60 105 100 170 116 169 82 35 134 52 0 0 0 0 0 0 0 0 0 0 0 1 0 0 0 0 0 0 0 0 0 0 0 0 0 0 0 0 0 0 0 0 0 0 0 0 0 0 0 0 0 0 0 0 0 0 0 0 0 0 10 13 0 0 0 0 0 0 0 0 0 7 8 0 20 1 11 8 4 58 32 6 0 8 18 7 47 0 12 1 0 0 0 0 0 0 0 0 0 0 0 0 0 0 0 0 0 0 0 0 0 0 0 0 0 16 1 0 0 0 0 0 0 0 0 9 0 0 0 0 9 0 0 0 7 0 0 0 0 0 1 0 0 0 0 0 0 0 0 0 0 36 0 0 0 0 1 0 9 24 7 11 4 0 33 7 7 21 1 0 0 0 0 0 0 0 4 0 0 0 0 0 0 0 0 0 0 0 27 8 0 0 0 0 0 0 0 0 0 0 0 10 0 0 0 0 0 0 1 0 0 0 2 0 0 0 0 1 0 0 15 0 0 0 0 0 0 0 0 0 0 0 0 0 0 14 0 9 0 4 
 0 0 0 0 0 3 3 0 0 0 0 0 0 0 0 0 2 0 0 0 3 209 3 3 3 23 3 6 3 3 3 3 3 3 3 3 6 70 3 6 46 38 94 103 105 112 264 219 0 175 49 263 91 142 325 130 90 159 283 120 0 0 0 0 0 0 43 17 0 0 0 2 79 52 0 0 0 0 0 0 0 0 0 0 0 0 0 0 0 0 0 0 0 0 0 0 0 0 0 0 0 21 0 0 0 0 11 0 0 0 0 0 0 0 0 0 0 0 0 0 0 9 0 50 7 0 0 0 6 6 0 0 0 0 0 9 1 24 8 0 21 63 11 0 0 0 31 0 0 0 0 0 24 27 5 4 0 0 14 14 0 0 0 0 0 0 0 0 0 0 0 0 0 0 0 0 23 0 0 0 0 0 0 0 0 0 0 0 0 0 0 0 0 0 0 0 0 0 0 0 0 3 0 21 27 22 0 0 0 26 10 30 0 0 12 0 0 15 0 0 0 37 11 0 0 0 0 0 0 1 0 0 31 8 0 0 0 0 1 37 0 0 0 0 0 0 0 0 0 0 0 3 0 0 0 0 0 0 0 5 0 0 0 1 0 4 2 0 0 0 0 0 0 0 0 0 0 0 0 0 0 0 0 0 0 13 0 0 0 0 
 37 0 0 0 0 0 0 0 0 0 0 0 0 0 0 0 0 0 0 0 3 3 3 3 3 3 3 3 3 27 3 3 3 3 3 3 3 6 3 6 106 34 334 174 150 49 31 195 175 0 416 127 253 96 139 280 266 53 68 76 0 0 0 0 1 0 0 0 0 0 25 2 17 16 50 0 0 0 0 0 0 0 0 0 0 0 0 0 0 0 0 0 0 0 0 0 0 0 14 0 0 23 0 0 0 0 0 0 0 0 0 0 0 0 0 0 0 0 0 0 0 18 0 19 17 0 0 0 59 25 50 23 0 11 15 28 25 0 0 0 0 0 0 0 0 14 0 0 0 0 0 0 0 0 0 0 0 0 10 10 0 1 0 0 0 0 0 0 8 0 0 0 0 0 0 0 0 0 0 0 0 0 0 0 0 0 0 0 0 0 0 0 0 0 0 0 0 0 0 0 0 23 33 0 0 10 0 9 23 6 24 10 14 0 28 7 11 0 0 0 0 0 0 0 0 0 6 0 0 0 0 0 0 0 0 0 0 0 38 1 0 0 0 0 0 0 0 0 0 0 0 9 0 0 0 0 0 0 0 11 0 0 0 6 2 13 0 2 0 0 20 0 0 0 0 0 0 0 0 0 0 0 0 0 1 16 0 8 0 10 
 3 0 0 0 0 0 0 0 0 0 2 0 0 0 3 0 0 0 0 0 6 3 5 3 3 3 4 51 31 5 3 3 3 3 3 3 3 3 3 3 98 98 132 169 145 93 45 60 49 416 0 68 32 43 116 389 169 190 32 61 25 0 0 0 0 0 17 0 0 0 0 1 0 7 0 0 34 209 9 0 0 0 0 0 0 0 0 0 0 0 0 0 0 0 0 0 0 0 0 0 0 0 0 0 0 0 0 0 0 0 0 0 0 0 0 0 0 0 0 0 0 0 3 41 13 30 0 0 0 29 36 14 1 0 1 38 31 14 0 0 8 7 0 9 0 0 10 0 0 0 0 0 19 0 20 10 0 0 23 16 0 0 0 0 0 0 0 0 0 0 0 0 0 0 0 0 0 0 0 0 0 0 0 0 0 0 0 0 0 0 0 0 0 0 0 0 0 0 0 0 0 11 13 9 11 27 0 9 20 7 45 0 0 0 11 0 5 7 0 0 12 2 0 0 0 0 9 3 0 0 0 0 0 0 1 0 0 0 26 13 0 0 21 0 0 0 0 0 0 0 0 3 0 2 0 0 0 0 0 2 0 0 17 38 7 7 0 67 0 0 10 0 0 0 0 0 0 0 0 0 0 0 0 0 16 0 0 0 0 0 
 0 0 0 0 0 3 0 0 0 0 0 0 1 0 0 0 2 0 0 0 0 0 2 0 0 64 0 5 0 8 5 3 0 0 0 0 3 0 0 3 34 42 31 275 57 282 247 105 263 127 68 0 47 46 246 45 60 162 32 32 52 0 0 0 0 12 18 2 0 0 0 1 22 50 0 0 0 2 2 0 0 0 0 0 0 0 0 0 1 0 0 0 0 0 0 0 0 0 0 0 0 5 0 3 3 3 0 0 7 2 3 6 0 0 0 0 5 4 0 0 0 17 0 14 0 19 0 0 0 1 0 12 3 4 5 0 1 6 0 5 1 7 12 0 0 0 0 0 0 23 0 16 14 22 0 0 5 0 13 28 0 0 0 19 0 0 0 0 0 0 0 0 0 0 0 0 0 0 0 0 0 2 0 0 0 0 0 0 7 0 18 0 0 0 0 0 0 0 0 0 0 28 0 6 1 18 0 10 0 19 0 34 0 13 19 1 1 0 0 0 29 15 0 1 0 0 16 0 13 0 0 0 20 35 1 30 0 18 0 8 0 0 4 0 0 0 0 0 0 0 0 0 0 0 0 0 0 0 0 14 0 26 0 6 1 5 2 0 4 0 0 0 0 0 0 0 0 0 0 0 0 0 0 0 0 0 0 23 0 0 
 0 0 0 0 0 6 0 0 0 1 0 0 0 0 0 0 0 0 1 0 0 65 79 7 62 26 0 0 7 66 68 0 1 2 1 5 57 64 0 62 83 132 85 54 82 56 95 100 91 253 32 47 0 214 43 47 37 38 220 193 0 0 0 0 0 0 0 0 0 0 48 50 0 0 0 0 0 0 0 0 0 0 0 0 0 0 0 0 0 0 0 0 0 0 0 0 0 0 0 0 0 0 13 7 7 0 8 2 0 0 11 0 4 0 0 0 14 13 0 0 30 0 17 0 0 0 0 0 8 7 20 0 13 1 0 0 16 0 15 22 0 0 0 0 0 0 43 0 0 0 20 0 0 0 18 0 0 0 0 0 0 0 0 0 0 0 3 0 0 0 0 0 0 0 0 11 0 0 0 0 1 0 1 15 13 0 0 0 9 21 12 25 0 1 0 5 0 5 0 0 19 24 10 15 0 0 67 18 3 1 0 0 10 26 25 43 0 0 29 18 0 0 0 0 0 0 0 0 0 0 0 0 0 0 0 0 0 0 19 0 0 0 0 0 0 0 0 0 0 0 0 2 0 1 0 0 0 0 7 0 58 0 1 0 0 1 2 0 0 0 0 0 0 0 0 0 0 0 0 0 0 23 0 0 0 15 0 0 0 0 
 0 0 0 0 0 0 6 0 0 0 0 0 0 0 0 0 0 0 0 0 0 1 0 72 35 176 0 0 0 25 2 0 0 0 0 0 65 37 0 2 118 338 264 350 151 258 191 170 142 96 43 46 214 0 240 262 44 62 102 216 0 0 0 0 0 0 0 0 0 0 0 1 0 0 0 0 0 0 27 0 0 0 0 0 0 0 0 0 0 0 0 0 0 0 0 0 0 0 0 0 0 0 0 5 22 17 0 0 0 0 0 9 0 0 0 0 0 9 0 0 26 20 7 0 14 22 2 0 16 12 0 0 0 0 0 0 0 0 12 20 0 0 0 0 0 0 0 0 20 0 3 0 0 0 0 7 0 0 0 0 0 0 0 16 0 0 0 0 0 0 0 0 0 0 0 0 0 0 0 0 0 0 0 0 14 0 0 0 3 0 0 7 0 0 1 0 0 0 0 0 7 0 13 15 11 0 19 39 0 12 12 0 0 17 9 30 12 30 3 3 0 0 0 0 0 0 0 0 0 0 0 0 0 0 0 0 0 0 0 0 0 0 0 0 0 0 0 0 0 0 0 5 0 0 0 0 0 0 2 0 0 0 0 0 1 2 2 0 0 0 0 2 0 0 0 0 0 0 0 0 0 0 0 0 0 0 0 0 0 31 
 0 0 0 0 0 0 0 0 0 0 1 0 0 0 0 0 3 0 1 0 2 1 0 91 62 36 0 0 0 64 1 65 0 1 0 0 4 78 0 0 162 62 340 83 296 257 141 116 325 139 116 246 43 240 0 165 51 254 215 175 2 0 0 0 0 0 5 0 0 0 0 1 0 0 0 0 0 0 4 205 0 0 0 0 0 0 0 0 0 0 0 0 0 0 0 0 0 0 15 0 0 0 0 10 18 8 0 0 1 0 0 11 0 0 1 1 0 10 0 0 12 16 40 7 0 7 14 11 0 24 10 4 0 9 0 34 58 0 1 30 3 0 0 0 0 0 0 0 0 0 0 0 10 0 0 0 0 2 16 20 0 0 0 0 0 1 0 0 0 0 0 0 0 0 0 0 0 0 0 0 0 0 0 0 1 18 0 0 9 0 1 3 0 0 0 0 0 0 0 0 1 0 15 62 0 16 5 34 9 0 16 7 1 1 0 22 28 11 10 14 0 0 0 0 0 0 9 15 0 0 0 0 0 0 1 0 0 0 0 2 0 0 0 0 0 0 0 0 0 26 0 3 0 1 0 0 0 0 0 1 0 0 0 38 4 5 3 0 1 0 0 0 0 0 0 0 0 0 0 0 0 0 0 0 1 0 0 0 0 0 
 0 0 0 0 0 0 0 0 0 0 0 0 0 0 2 0 0 0 0 27 0 0 0 1 0 0 1 0 0 0 0 1 200 0 1 0 0 0 0 0 91 163 337 51 414 157 31 169 130 280 389 45 47 262 165 0 120 34 99 37 0 0 0 0 0 0 0 0 0 0 0 2 0 4 0 0 205 0 12 0 0 0 0 0 0 0 0 0 0 0 0 0 0 0 0 0 0 0 0 0 0 0 0 0 0 0 0 0 0 0 9 0 0 0 0 0 0 0 0 0 0 14 11 12 58 1 0 0 63 32 83 22 12 3 16 11 37 14 0 0 1 0 0 10 0 0 9 5 0 0 0 0 0 0 2 3 0 0 0 1 0 0 0 0 0 0 0 0 0 0 0 0 0 0 0 0 0 0 0 0 0 0 0 0 0 0 0 0 0 0 0 0 0 0 0 0 0 0 0 0 13 39 23 0 19 5 0 12 24 17 17 1 16 10 38 22 7 0 0 10 0 6 0 0 0 0 9 0 0 0 0 0 2 16 0 0 0 0 57 8 0 0 0 0 0 0 0 0 0 0 0 6 0 0 0 0 0 0 0 0 0 0 63 65 2 12 2 1 0 0 0 0 0 0 0 0 0 0 0 0 0 0 0 0 0 14 0 22 0 0 
 0 0 0 0 0 0 0 0 0 0 0 0 0 0 0 0 0 0 4 0 1 0 4 0 0 213 0 0 1 0 0 0 0 204 0 0 0 0 0 0 26 104 48 139 124 78 317 82 90 266 169 60 37 44 51 120 0 158 83 57 57 4 0 0 0 2 0 5 0 2 0 2 0 7 2 0 8 0 0 0 0 0 0 0 0 0 0 0 0 0 0 0 0 0 0 0 0 0 0 0 0 17 0 0 0 0 0 0 0 0 0 0 0 0 0 0 0 0 0 0 18 0 32 1 34 11 0 7 38 0 28 6 10 0 25 17 0 25 0 0 21 0 1 0 0 0 25 7 1 0 0 0 59 18 12 44 7 0 0 0 0 0 0 1 0 0 0 0 0 0 0 0 0 0 0 0 8 0 0 0 0 0 0 0 10 0 0 0 0 0 0 0 0 0 0 0 0 0 0 0 0 13 16 0 21 4 0 0 1 11 41 7 14 9 0 0 15 10 0 18 9 7 0 1 0 0 0 2 16 0 0 0 11 10 0 0 0 0 1 9 0 0 20 0 0 0 0 0 0 0 0 1 0 0 0 0 0 0 0 0 0 27 63 0 86 2 0 73 0 0 0 0 0 0 0 0 0 0 0 0 0 2 0 0 14 0 0 0 0 0 
 0 0 0 2 0 0 0 3 0 0 0 0 2 2 0 0 0 0 3 0 0 0 0 0 0 0 1 0 0 0 0 0 0 0 0 0 1 6 0 0 44 90 119 176 347 155 44 35 159 53 190 162 38 62 254 34 158 0 45 23 59 0 0 0 3 0 0 0 0 0 0 7 53 0 0 0 8 7 55 0 0 0 0 0 0 0 0 0 0 0 0 0 0 0 0 0 0 0 0 0 0 0 0 0 0 0 0 0 0 0 0 0 0 0 0 0 0 0 0 0 6 9 18 1 28 27 10 0 24 1 20 6 0 0 0 2 0 13 0 0 11 4 1 0 4 0 1 0 0 0 0 0 16 0 10 6 0 0 3 0 0 0 0 3 0 0 0 0 0 0 0 0 0 0 0 0 0 0 0 0 0 0 0 0 0 0 0 0 0 0 0 0 0 0 0 0 0 0 0 0 0 0 0 0 41 10 0 0 0 31 29 1 0 0 0 25 10 8 0 0 20 0 13 0 8 0 11 0 7 1 7 3 18 0 0 1 0 2 0 1 0 0 10 0 0 0 0 0 0 0 0 14 0 0 0 0 0 0 0 9 0 0 15 0 64 5 11 7 0 0 1 0 0 0 0 0 0 0 0 0 0 0 0 0 14 5 0 0 0 0 
 3 4 3 3 3 4 5 3 3 3 3 3 3 3 3 3 3 3 5 5 0 18 0 15 81 126 1 4 6 0 124 151 0 0 0 88 1 1 0 0 263 176 38 64 61 57 358 134 283 68 32 32 220 102 215 99 83 45 0 55 0 0 0 0 0 0 0 0 0 0 0 1 0 0 201 0 0 0 1 0 0 0 0 0 0 0 0 0 0 0 0 0 0 0 0 0 0 11 0 0 1 0 7 1 13 1 1 17 1 0 12 3 0 0 1 0 1 4 0 8 7 11 22 0 0 0 27 27 0 15 0 0 1 20 9 0 0 0 14 0 1 0 0 0 0 0 0 4 0 0 1 0 0 0 0 6 0 0 0 0 0 0 0 0 0 7 0 0 0 0 0 0 0 0 0 1 0 0 0 0 3 1 0 10 12 21 0 10 0 1 0 24 0 9 0 8 0 9 0 0 8 14 21 33 0 0 11 8 9 21 0 0 19 34 0 0 16 1 16 24 0 0 0 0 0 0 0 0 0 0 0 0 0 0 0 0 0 0 0 0 0 0 0 0 0 0 0 0 0 0 0 11 0 2 0 0 0 0 74 2 0 0 1 0 0 0 0 0 2 0 0 0 0 0 0 0 0 0 0 0 0 0 0 0 0 0 0 0 0 0 
 0 1 0 0 0 0 0 0 0 0 0 0 0 0 2 0 0 0 0 0 0 62 126 124 1 144 0 62 29 139 64 7 0 0 64 62 64 100 0 0 309 103 34 62 290 124 180 52 120 76 61 32 193 216 175 37 57 23 55 0 0 0 0 0 0 1 0 0 2 2 0 52 0 0 0 2 0 0 7 0 0 0 0 0 0 0 0 0 0 0 0 0 0 0 0 0 0 0 0 0 0 8 0 16 21 31 0 0 0 15 20 0 0 1 0 2 45 53 0 10 14 15 0 0 0 0 0 1 5 3 0 0 28 11 0 0 0 0 14 36 0 0 0 0 0 0 0 0 0 0 6 0 0 0 0 0 0 0 1 0 0 0 0 0 0 0 8 0 0 0 0 0 0 0 0 0 0 0 0 0 0 3 0 10 8 13 0 0 14 10 10 29 0 0 0 9 0 17 0 0 28 0 11 0 0 0 29 9 0 10 0 0 1 15 3 12 12 14 31 22 0 0 0 0 19 9 0 0 0 0 0 0 0 0 0 0 0 0 0 0 0 0 5 0 0 0 0 0 0 0 0 5 0 0 0 0 0 0 1 0 0 0 2 0 0 2 0 0 0 0 0 0 0 0 0 0 0 0 0 0 0 14 0 0 0 0 0 0 0 0 
 0 0 0 0 0 2 0 0 0 0 0 0 0 0 0 2 0 0 0 0 0 0 0 0 0 0 0 0 0 0 0 0 0 0 2 0 0 0 0 0 0 3 2 0 55 0 0 0 0 0 25 52 0 0 2 0 57 59 0 0 0 417 147 275 91 29 227 127 64 52 56 116 139 42 114 41 120 93 58 140 0 0 0 0 0 0 0 0 0 0 0 0 0 0 0 0 0 0 0 0 0 0 0 0 0 0 0 0 0 0 0 0 0 0 0 0 0 0 0 0 0 0 1 0 11 33 0 0 0 0 5 17 0 0 0 0 0 10 0 0 9 9 7 11 2 0 8 2 8 7 23 6 12 9 10 7 4 1 7 17 0 0 0 0 0 0 0 0 0 64 0 0 0 0 0 0 0 0 0 0 0 0 5 0 0 0 0 0 0 0 0 0 0 0 0 0 0 0 0 0 0 0 0 7 4 10 0 0 0 0 1 15 20 0 0 0 0 0 0 0 34 13 0 13 1 22 23 2 15 23 3 8 10 13 10 25 3 23 7 0 0 0 0 0 0 0 0 0 0 0 0 0 0 0 7 0 0 0 0 0 0 0 0 0 20 0 0 0 0 0 10 0 9 2 0 2 0 0 0 0 0 0 0 0 4 2 0 0 1 0 
