 0 283 182 55 46 55 164 164 180 372 104 42 91 344 249 326 288 172 134 145 0 2 0 0 0 0 3 3 0 0 0 0 0 0 0 0 0 1 0 0 0 2 0 0 27 0 0 4 0 2 0 0 0 0 0 1 4 0 3 0 0 0 0 1 0 0 5 0 3 0 3 0 2 0 0 0 4 0 3 0 22 42 22 5 30 0 20 5 15 19 0 8 49 17 12 2 18 14 15 23 0 0 0 0 0 0 0 0 0 0 0 0 0 0 0 2 0 0 2 0 0 0 0 0 0 0 0 0 0 0 0 0 0 0 0 0 0 0 0 0 0 0 0 0 2 0 0 0 1 0 0 0 0 0 0 0 0 0 0 2 10 26 0 30 52 2 16 11 44 0 19 0 12 0 13 57 20 18 0 15 0 0 0 14 0 0 0 2 0 0 0 2 0 0 0 16 0 2 9 0 0 2 0 1 0 0 0 0 0 0 1 0 0 0 0 0 0 0 0 0 0 0 0 0 15 0 0 0 0 0 0 0 0 0 0 0 0 0 0 0 0 0 0 0 0 0 89 0 0 88 0 3 11 0 0 0 0 0 0 0 0 0 0 0 0 0 0 0 0 0 0 0 0 0 0 20 29 16 0 0 0 0 0 0 0 0 0 0 0 0 
 283 0 231 97 44 37 233 291 437 45 32 363 115 136 184 374 444 160 66 76 192 2 0 9 0 0 3 3 0 0 80 1 11 6 4 3 0 2 74 3 6 1 1 0 5 0 1 0 0 5 0 0 0 0 1 3 3 0 5 0 0 1 0 0 0 5 6 0 3 1 2 0 2 0 0 0 2 0 5 0 1 19 35 21 12 0 0 32 9 11 0 15 1 31 71 25 73 24 2 0 2 1 6 0 0 0 2 0 0 1 0 1 0 0 0 0 0 0 10 0 0 0 0 0 0 0 0 13 2 0 10 0 0 0 0 0 0 0 0 0 0 0 0 0 0 8 0 0 0 0 0 1 0 0 0 0 0 1 0 0 0 13 14 14 10 10 18 0 23 0 22 0 0 11 0 9 0 8 58 0 0 1 0 0 0 0 0 0 0 0 0 0 26 16 10 0 0 0 0 0 0 0 0 0 0 0 1 0 0 0 0 8 0 0 0 0 0 0 0 0 0 0 0 0 2 0 10 0 0 0 0 0 0 0 0 0 0 0 0 0 0 16 0 0 0 2 3 1 0 1 0 48 12 0 0 0 0 0 0 0 0 0 0 0 0 1 0 0 0 0 0 0 0 0 0 0 16 13 0 0 0 0 0 0 0 0 0 0 0 17 
 182 231 0 400 284 114 137 91 63 196 37 41 67 157 252 150 91 211 274 182 0 36 6 0 0 0 79 3 2 1 0 210 0 2 2 0 3 0 76 89 2 4 0 0 3 0 0 1 0 2 0 0 0 3 0 0 3 1 6 0 0 0 3 0 0 0 0 0 3 51 0 2 2 0 0 0 4 1 5 9 17 20 24 12 20 0 13 2 15 27 26 45 5 0 6 1 36 9 33 0 27 0 0 0 0 0 15 0 17 0 0 9 0 0 0 1 0 0 15 16 0 2 0 0 0 0 0 0 0 0 0 17 0 0 0 0 0 0 0 0 0 0 12 14 0 0 0 0 2 0 0 0 0 0 0 0 0 37 0 1 3 22 46 4 0 0 25 0 0 48 0 0 0 18 13 10 29 15 1 3 0 0 0 0 0 0 0 0 0 0 0 0 17 0 0 1 0 1 17 0 0 1 0 2 0 0 0 0 0 0 2 0 0 0 0 0 0 20 15 0 0 0 0 0 0 0 0 0 13 0 0 0 0 0 0 0 0 0 0 0 0 0 0 0 0 0 0 0 96 2 14 11 0 0 0 2 0 0 0 0 0 0 14 0 0 0 0 0 0 0 0 0 0 0 0 0 25 0 0 0 0 0 0 0 0 0 0 0 0 0 
 55 97 400 0 399 143 182 272 498 215 136 234 144 55 142 257 39 45 84 142 0 0 0 0 0 2 6 3 0 8 0 22 75 0 0 0 0 0 1 74 0 0 0 0 0 0 0 1 0 3 0 3 7 0 0 2 2 2 3 0 0 0 0 0 0 0 1 0 3 0 0 0 2 0 0 0 2 0 27 0 16 9 2 13 8 14 21 17 10 21 21 14 19 0 35 19 20 22 12 0 9 0 0 0 0 0 1 0 0 0 0 0 9 13 0 0 7 0 21 0 0 0 0 0 0 0 0 0 0 0 0 10 0 0 0 0 0 0 0 0 0 0 4 0 0 0 0 0 0 0 0 0 0 0 0 0 0 0 0 9 0 19 33 11 19 30 0 0 0 80 6 25 0 1 14 15 19 15 0 2 0 0 0 0 0 0 8 9 16 0 0 0 25 13 1 0 0 0 12 0 0 0 0 0 0 0 0 0 0 3 0 0 0 0 0 0 0 0 3 20 0 0 0 0 0 8 0 0 0 0 0 0 0 0 0 0 0 0 0 0 0 40 0 0 0 0 0 0 1 3 2 4 0 0 0 0 0 0 0 1 0 0 0 0 0 0 0 0 0 0 0 0 0 0 0 0 1 0 0 0 0 0 0 16 0 0 0 0 0 0 
 46 44 284 399 0 234 54 67 170 94 352 198 47 39 68 264 62 120 120 53 94 0 2 2 1 0 361 76 2 1 1 0 156 151 101 75 17 0 83 39 0 0 0 2 2 0 0 0 0 5 2 3 5 2 0 16 2 4 66 0 0 3 42 0 0 2 0 0 4 0 0 0 2 0 0 0 2 3 2 0 0 0 0 12 0 27 0 0 0 43 20 19 0 0 0 0 0 10 0 0 49 52 0 0 0 0 21 17 24 9 0 0 10 15 22 0 10 0 1 41 0 0 0 0 0 0 0 0 0 0 0 0 0 0 0 0 0 0 0 0 0 0 0 0 0 0 0 0 0 8 0 0 1 33 0 0 0 0 4 24 0 0 59 40 33 36 0 0 0 14 11 11 0 0 0 14 0 10 0 0 8 32 0 0 0 0 21 24 16 13 0 0 11 8 0 0 0 0 50 20 0 0 0 0 0 0 0 0 0 0 0 0 0 0 0 0 0 0 0 0 0 0 0 0 0 0 0 0 0 0 0 0 0 0 0 0 0 0 0 0 0 0 0 0 0 1 76 0 9 88 10 5 0 2 0 0 0 0 0 0 0 0 0 0 0 0 0 0 0 0 1 0 0 0 0 0 0 0 0 0 0 0 0 0 0 0 0 0 0 0 
 55 37 114 143 234 0 35 36 79 130 71 65 30 78 274 246 79 143 58 48 0 0 0 2 0 0 20 3 0 0 0 0 1 1 2 0 18 0 73 1 0 0 0 0 1 0 0 0 0 4 0 0 0 0 0 0 2 0 3 0 0 0 0 0 0 57 0 0 3 0 7 0 2 0 0 0 2 0 2 0 0 0 9 0 9 36 0 0 1 16 12 11 16 0 0 0 1 0 0 0 1 0 0 0 0 10 14 10 8 0 1 12 33 13 1 22 3 0 19 21 1 0 0 0 0 17 0 1 0 1 0 0 0 0 6 0 0 0 0 0 0 0 0 0 0 0 0 0 0 0 0 0 0 0 0 0 0 0 0 0 0 0 39 24 20 21 0 4 0 26 8 0 0 0 0 15 13 12 0 0 16 0 0 14 0 0 18 21 17 0 0 0 13 0 36 10 18 17 34 41 0 0 1 0 0 13 0 0 0 0 0 0 0 4 0 0 0 0 10 0 50 0 1 0 0 0 0 0 0 3 0 1 0 0 13 0 0 0 0 0 0 0 0 0 0 0 1 0 84 91 12 5 0 14 0 0 0 0 0 0 1 0 0 0 0 0 0 0 0 0 0 0 0 0 0 14 0 0 0 0 0 0 0 0 0 0 0 0 0 0 
 164 233 137 182 54 35 0 112 271 45 348 88 165 201 221 97 298 56 43 155 3 0 31 1 17 2 3 3 0 0 1 31 3 1 6 31 25 22 0 1 0 0 0 0 0 2 0 4 0 2 0 0 0 0 0 0 28 4 9 0 0 0 0 0 0 0 3 0 3 0 0 0 2 0 0 0 2 0 2 0 15 20 10 15 14 0 12 10 70 24 0 13 36 19 24 35 21 18 25 24 0 0 0 0 0 0 0 0 0 0 0 0 0 0 0 0 0 2 0 0 0 0 0 0 0 13 0 0 0 0 0 2 0 0 0 0 0 0 0 0 0 0 0 0 0 0 0 0 0 0 0 0 0 0 0 2 0 0 0 0 0 19 28 17 0 8 15 11 45 0 9 0 12 0 0 0 1 42 4 59 0 0 0 0 0 0 0 0 1 0 0 0 23 0 2 0 0 0 0 16 0 0 0 0 0 0 0 6 0 0 0 0 0 0 0 0 0 0 0 0 0 0 0 0 0 0 0 0 0 0 0 0 0 0 0 0 0 0 0 0 0 1 0 0 0 1 3 0 4 0 0 9 10 0 0 0 0 0 0 0 0 0 0 0 0 0 0 0 0 0 0 0 0 0 0 0 10 0 0 0 0 0 0 0 0 0 0 0 0 0 
 164 291 91 272 67 36 112 0 507 42 249 86 120 164 141 251 248 123 354 60 2 2 0 0 0 2 3 3 0 0 0 0 75 0 0 0 0 0 1 0 0 6 0 0 0 0 0 0 4 2 3 0 0 0 0 8 2 0 3 0 0 0 0 0 0 0 0 4 3 0 0 0 2 0 0 0 2 0 3 0 19 44 0 0 30 0 23 25 17 45 9 0 19 23 18 21 14 10 18 0 0 0 0 0 0 0 2 0 0 0 0 0 0 0 0 0 0 0 8 0 0 0 0 0 0 0 0 0 0 11 0 0 0 0 0 0 0 0 0 0 0 0 0 0 0 0 0 0 0 0 0 0 0 0 0 0 0 0 0 0 0 25 14 17 26 39 0 0 24 4 9 0 0 0 15 0 7 22 0 27 0 0 0 0 0 0 0 0 0 0 0 0 0 0 0 0 0 0 71 2 0 0 0 0 0 0 0 0 0 0 0 0 0 0 0 0 0 0 0 0 0 0 0 0 0 0 0 14 0 0 0 0 0 0 0 0 0 0 0 0 0 14 0 0 0 4 0 0 1 0 2 5 0 0 0 0 0 0 0 0 0 0 0 0 0 0 0 0 0 0 0 0 0 0 0 0 0 0 0 0 4 0 0 0 0 0 0 0 0 0 
 180 437 63 498 170 79 271 507 0 202 679 248 60 246 76 188 113 148 286 68 0 1 0 0 0 0 3 5 3 2 0 0 76 1 1 0 0 1 0 0 0 0 0 0 0 0 0 0 0 2 0 0 0 0 0 2 2 0 3 0 2 0 42 0 0 0 0 0 3 3 6 0 3 3 1 3 2 0 45 3 0 26 10 7 23 1 0 31 17 32 17 1 19 1 3 10 18 6 0 0 0 0 0 0 0 0 0 0 0 0 0 0 0 0 0 0 0 0 3 0 0 0 0 0 0 0 0 0 1 0 0 0 0 0 0 0 0 0 0 0 0 9 0 0 0 0 0 0 0 0 0 0 0 0 0 0 0 0 0 0 0 11 21 27 49 2 0 0 25 10 37 11 0 0 0 14 9 21 0 0 0 0 0 0 0 0 0 0 0 0 0 0 0 10 0 0 2 0 33 10 0 0 0 0 0 0 0 0 0 0 0 0 0 2 0 0 3 0 0 0 0 0 0 0 0 0 0 0 0 0 0 0 1 0 0 0 0 0 0 0 0 12 0 0 0 2 89 0 2 87 0 2 0 0 0 0 0 0 1 0 0 0 0 0 0 0 0 0 0 0 0 0 0 0 0 27 16 19 0 0 0 0 0 0 0 2 0 0 0 0 
 372 45 196 215 94 130 45 42 202 0 313 53 48 281 472 177 60 301 507 74 0 1 0 0 0 1 82 3 0 0 0 0 159 81 0 0 0 0 146 1 0 0 0 0 0 0 0 0 0 2 0 0 0 0 0 0 2 54 3 1 0 0 0 0 0 0 0 0 3 0 0 0 2 0 0 0 2 0 2 4 0 13 44 19 23 31 11 45 0 29 10 22 0 2 0 1 0 10 0 0 1 23 13 0 0 0 29 0 24 0 0 0 14 0 8 0 0 0 24 51 0 0 0 0 0 0 0 0 1 0 0 0 0 0 0 0 0 0 0 0 11 0 0 0 11 0 0 0 0 0 0 0 0 0 0 0 0 0 0 24 0 0 21 1 2 0 18 0 0 30 2 2 0 0 10 1 45 2 0 1 0 21 0 0 0 12 0 26 14 0 0 0 13 19 0 0 9 0 94 0 0 0 0 0 0 0 0 0 0 0 0 1 0 2 0 0 0 0 0 0 0 0 18 0 0 0 0 0 0 0 0 0 1 0 1 0 0 0 0 0 0 0 0 0 0 2 49 3 50 88 12 9 0 0 0 0 0 0 0 0 0 0 10 0 0 0 0 0 0 0 0 0 0 0 0 8 0 15 0 0 0 0 0 0 0 0 0 0 0 0 
 104 32 37 136 352 71 348 249 679 313 0 504 44 90 145 126 199 350 247 75 158 4 0 0 0 3 3 3 0 3 0 3 108 101 4 0 0 0 99 89 0 2 0 0 3 9 0 0 0 9 4 0 2 0 0 14 2 4 6 0 2 0 0 0 0 1 4 0 3 0 1 0 7 0 0 2 4 2 2 2 0 29 13 24 31 25 0 8 12 26 31 39 0 0 0 0 1 0 0 0 1 53 31 0 0 0 0 1 0 11 0 0 21 3 31 0 0 0 14 18 0 0 4 4 0 0 0 0 0 0 1 0 0 0 0 0 0 0 0 0 0 0 1 0 0 2 0 0 0 0 0 0 0 0 0 0 0 0 0 3 0 9 21 1 46 19 0 4 0 14 29 9 0 0 0 14 8 1 0 0 0 27 0 2 0 0 1 1 39 0 0 0 0 10 13 0 14 0 94 11 0 0 0 0 0 0 0 0 0 8 0 0 0 0 0 0 0 0 0 2 0 0 0 0 0 0 0 0 0 0 0 0 0 0 0 0 0 0 0 0 0 0 0 0 0 2 147 0 3 47 0 10 0 0 0 2 0 0 0 0 0 0 0 0 0 0 0 0 0 0 0 0 0 0 0 12 0 16 0 0 0 0 0 0 0 0 0 0 0 0 
 42 363 41 234 198 65 88 86 248 53 504 0 36 35 33 17 97 99 45 99 100 0 0 0 0 3 8 3 0 1 3 0 153 103 0 2 0 4 148 76 0 0 0 0 2 0 0 0 0 3 1 7 6 0 0 8 66 4 3 0 0 0 0 3 3 2 0 0 3 0 3 0 2 0 0 3 58 2 11 0 0 0 1 30 2 15 6 0 0 18 20 25 15 0 29 6 0 0 13 0 0 28 13 0 0 0 0 0 1 8 0 0 14 14 20 9 11 0 18 40 0 0 12 0 0 0 0 0 0 0 0 0 0 0 0 0 0 0 0 0 0 0 0 0 0 0 0 0 0 0 0 2 0 0 0 0 0 0 0 21 2 0 11 14 15 28 0 8 10 0 34 11 0 0 0 6 0 14 0 9 0 24 0 39 0 0 41 0 41 0 0 0 16 40 9 0 32 6 7 0 0 0 0 0 0 0 0 0 0 0 0 0 0 0 0 0 0 0 0 0 2 0 0 0 0 0 0 0 0 1 12 0 0 2 0 0 0 0 0 0 0 0 0 0 2 2 89 0 4 87 3 16 0 0 0 0 0 0 0 0 0 0 23 0 0 0 0 1 0 0 0 0 0 0 0 0 0 0 0 0 0 0 0 0 0 0 0 0 0 0 
 91 115 67 144 47 30 165 120 60 48 44 36 0 156 35 26 128 19 118 725 0 2 0 0 0 2 4 3 0 1 0 0 0 0 0 0 0 0 0 0 0 0 0 0 0 0 0 5 0 3 0 0 0 0 0 0 8 0 3 0 33 0 0 0 0 0 0 0 3 0 0 0 2 0 0 0 2 0 2 0 19 0 12 11 0 19 7 38 16 28 0 0 44 10 10 26 22 17 53 27 0 0 0 0 0 0 0 0 0 0 0 0 0 0 0 1 0 0 0 0 0 2 0 0 0 0 0 0 0 0 27 0 0 0 0 0 0 0 0 0 0 0 0 0 0 0 0 14 2 0 0 0 0 0 0 0 0 0 0 1 9 40 13 15 0 18 0 19 74 0 20 0 25 0 31 11 7 14 8 35 0 0 4 0 0 0 0 0 0 0 0 0 0 0 0 0 0 1 0 0 0 1 0 2 0 0 0 0 0 0 2 0 0 0 0 0 0 0 0 0 0 0 0 0 0 0 11 0 0 0 0 0 0 0 0 0 0 0 0 0 0 0 0 0 0 0 0 0 0 0 0 9 0 0 0 0 0 1 0 0 0 0 0 0 0 0 1 0 0 0 0 0 0 0 0 0 0 0 0 0 0 0 0 0 0 0 0 1 0 14 
 344 136 157 55 39 78 201 164 246 281 90 35 156 0 278 58 344 147 199 97 0 2 0 0 26 0 3 3 1 0 0 1 0 0 0 0 0 0 0 76 0 0 0 0 1 0 0 14 0 2 0 0 0 0 0 1 9 0 3 0 0 0 0 0 0 0 0 0 3 0 1 0 2 0 0 0 2 0 3 1 10 31 0 0 14 0 0 12 32 13 10 15 2 22 9 15 9 20 21 15 0 0 0 0 0 0 2 0 0 0 0 0 0 0 0 0 0 0 0 0 0 0 13 0 0 0 0 0 0 0 0 0 0 0 0 0 0 0 0 0 0 0 24 20 0 0 0 0 0 0 0 0 0 0 0 1 0 10 0 0 21 28 0 0 14 5 32 22 7 0 0 0 15 20 18 10 0 0 33 19 0 0 0 0 0 0 2 0 2 2 0 0 0 0 1 0 0 0 11 11 0 0 0 0 0 0 0 0 0 7 0 0 0 0 0 0 0 0 0 0 0 0 0 0 0 0 0 0 0 0 2 0 0 0 0 0 0 2 0 0 0 0 10 0 0 1 0 0 3 0 1 9 11 0 0 0 0 0 0 0 0 0 0 0 0 0 0 0 0 0 0 0 0 0 0 0 0 0 0 0 0 0 0 0 0 0 0 0 0 0 
 249 184 252 142 68 274 221 141 76 472 145 33 35 278 0 164 145 180 92 86 63 1 0 3 0 0 3 3 0 1 2 2 0 0 0 0 0 0 73 3 0 0 2 2 0 0 63 1 0 3 0 0 0 0 0 0 2 0 3 0 0 0 0 0 0 1 0 0 3 0 0 0 2 0 2 0 2 0 2 0 1 47 42 11 27 25 18 12 29 44 30 11 0 38 20 2 13 1 0 0 0 0 0 0 0 0 14 0 0 0 11 0 0 0 0 0 0 1 19 1 0 0 0 3 0 0 0 0 0 0 0 16 0 0 0 0 0 0 3 0 0 0 0 5 0 0 0 0 0 0 0 0 0 0 0 0 0 5 0 0 2 11 0 0 0 0 5 9 0 23 0 1 1 0 51 9 47 21 19 10 0 0 0 0 0 0 2 0 2 2 0 0 26 0 0 0 0 0 9 14 0 0 0 0 0 0 0 0 0 0 0 0 0 0 0 0 0 0 0 0 0 0 0 0 0 0 0 0 0 0 2 0 0 0 0 0 0 2 0 0 0 1 0 0 0 32 3 2 85 1 0 4 0 0 2 0 0 0 0 0 0 0 7 0 0 0 1 0 0 0 0 0 0 0 0 0 15 0 0 0 0 0 0 0 0 0 0 0 0 0 
 326 374 150 257 264 246 97 251 188 177 126 17 26 58 164 0 156 236 249 58 0 1 0 0 0 0 92 3 0 0 0 0 74 0 0 0 0 1 28 34 0 0 0 0 3 0 0 0 0 2 0 0 0 0 0 2 2 0 3 0 0 0 0 1 0 0 0 0 3 0 1 0 2 0 0 0 2 0 3 0 0 24 39 38 34 21 0 41 0 13 21 19 0 0 22 22 12 32 0 0 0 0 0 0 0 0 32 0 10 0 0 0 0 1 0 0 0 0 24 14 0 0 0 0 0 0 0 0 0 0 0 14 0 0 0 0 0 0 0 0 0 1 0 0 0 0 0 0 0 0 0 0 0 0 0 0 4 0 0 0 0 0 14 0 0 0 22 0 23 15 0 8 0 0 0 0 19 0 0 0 0 0 0 0 0 0 0 7 0 0 0 0 16 0 22 0 0 0 34 0 0 0 0 0 0 21 0 0 0 0 0 0 0 0 0 0 0 0 0 0 0 0 0 0 0 0 0 0 0 0 0 0 10 0 13 0 0 0 0 0 0 9 0 0 0 2 6 0 6 0 18 18 13 0 2 0 0 0 0 0 0 0 0 0 0 0 0 0 0 0 0 0 0 0 0 4 0 29 0 0 0 0 0 0 0 0 0 0 0 0 
 288 444 91 39 62 79 298 248 113 60 199 97 128 344 145 156 0 71 160 131 0 1 0 0 0 0 211 3 2 0 2 0 0 0 0 0 1 0 0 0 6 0 0 0 0 0 0 6 0 2 0 0 0 0 0 1 14 0 3 0 0 0 57 0 0 0 0 0 3 0 0 0 2 0 0 0 2 0 3 0 37 22 2 0 6 0 10 2 90 2 0 0 0 26 2 18 74 10 25 19 0 0 0 0 0 0 1 0 0 0 0 0 0 0 0 0 0 0 0 1 1 0 0 0 0 2 0 3 0 1 0 0 1 0 1 0 0 0 0 0 0 0 18 13 0 0 0 1 2 0 0 0 0 0 0 0 0 4 0 0 11 53 19 0 3 0 14 11 38 15 0 0 14 10 0 19 0 28 24 29 0 0 0 0 0 0 0 0 0 0 0 0 0 17 0 1 0 0 0 12 0 0 0 0 0 0 0 0 0 0 0 0 0 0 0 0 0 0 0 0 0 0 0 0 0 0 0 0 0 0 0 0 0 0 0 0 0 0 0 0 0 0 0 0 0 4 0 0 1 3 1 14 0 0 0 0 0 0 0 0 0 0 0 0 0 1 0 0 0 2 0 0 0 0 0 0 11 0 0 0 0 0 0 0 0 0 0 0 0 0 
 172 160 211 45 120 143 56 123 148 301 350 99 19 147 180 236 71 0 253 34 2 1 0 0 2 2 12 3 0 3 2 0 78 2 1 0 2 2 75 2 0 0 3 3 0 0 0 0 1 2 0 0 0 1 2 3 4 0 3 2 1 0 2 0 0 0 2 4 20 0 1 0 2 0 3 0 3 0 4 3 0 39 54 25 48 0 14 13 24 43 22 15 0 10 11 1 10 0 0 0 0 0 0 2 2 0 28 0 0 0 0 0 0 0 0 0 0 0 39 2 0 0 0 0 1 0 0 0 0 0 0 3 0 0 0 0 0 0 0 0 0 0 0 0 0 0 0 44 0 0 1 0 0 0 0 0 0 2 0 11 1 7 18 13 20 22 9 0 12 92 16 0 0 0 14 14 37 61 2 0 0 0 1 0 0 0 0 0 23 0 0 0 0 0 0 0 0 0 34 11 0 0 0 0 0 0 0 0 0 0 0 0 0 0 0 0 0 2 0 0 0 0 0 0 0 0 0 0 0 0 0 0 0 0 0 0 0 0 0 0 0 0 0 0 0 0 86 0 84 3 2 22 0 1 0 0 0 0 2 1 6 0 13 0 0 0 2 0 0 0 0 0 0 1 0 22 16 15 0 0 0 0 0 0 0 0 0 0 0 0 
 134 66 274 84 120 58 43 354 286 507 247 45 118 199 92 249 160 253 0 232 0 2 0 2 4 0 3 3 0 0 0 0 0 0 0 0 78 1 1 0 0 0 8 0 0 0 0 0 0 2 0 0 0 0 0 1 2 0 3 2 0 0 0 0 0 0 7 0 7 0 0 0 2 0 0 0 2 2 3 0 55 0 2 0 0 0 12 0 40 0 0 0 0 31 18 0 38 9 29 8 0 10 0 0 0 0 0 0 0 2 0 0 0 0 0 0 0 0 0 0 2 0 0 0 0 1 0 2 0 2 0 0 0 0 2 0 0 0 0 0 0 0 9 8 0 0 0 2 0 0 0 0 0 0 19 0 0 10 0 0 20 21 26 1 0 0 11 0 0 24 1 0 0 69 0 10 0 0 20 0 0 0 19 0 0 0 0 0 0 0 0 0 0 0 0 2 0 0 0 0 0 0 0 0 0 0 0 0 0 0 0 0 0 0 0 15 0 0 0 0 0 0 0 0 0 0 26 0 0 0 0 0 0 0 0 0 0 0 0 0 0 0 0 0 0 0 0 1 2 0 0 8 0 0 0 0 0 0 0 0 0 0 0 0 0 0 8 0 0 0 0 0 0 0 0 0 0 0 0 0 0 0 0 0 0 0 0 0 0 0 
 145 76 182 142 53 48 155 60 68 74 75 99 725 97 86 58 131 34 232 0 3 2 0 5 0 2 3 3 1 2 0 0 0 0 0 0 0 1 1 0 0 61 0 0 0 0 0 0 0 2 0 2 0 0 0 4 75 2 3 0 0 0 0 0 0 0 0 0 4 0 3 0 2 1 1 0 2 0 53 0 39 0 57 0 0 0 23 11 39 32 0 0 30 35 17 23 62 4 48 18 0 0 0 0 0 0 0 0 0 0 0 0 1 0 7 2 0 0 0 1 0 1 0 0 0 0 0 0 14 0 0 0 0 0 0 0 0 0 0 0 0 0 26 0 0 0 0 46 0 0 0 5 0 0 0 0 0 6 0 2 0 37 15 0 0 9 11 41 19 17 1 0 39 31 2 0 0 0 35 10 0 0 0 2 0 0 0 0 0 0 0 2 0 0 0 0 0 0 0 0 0 2 0 0 0 0 0 0 0 0 1 0 0 0 0 0 0 0 0 0 0 0 0 0 0 0 14 0 0 0 0 0 0 0 0 0 0 0 0 0 0 0 0 0 0 0 2 0 3 0 0 4 0 0 0 0 0 0 0 0 0 0 0 0 0 0 0 0 0 0 0 0 0 0 0 0 0 0 0 0 0 0 0 0 0 0 0 0 0 0 
 0 192 0 0 94 0 3 2 0 0 158 100 0 0 63 0 0 2 0 3 0 84 165 291 110 243 151 42 25 23 41 101 230 202 109 112 331 19 206 170 0 0 0 0 0 0 0 0 0 0 3 0 3 0 0 75 0 0 3 0 0 0 0 0 0 0 2 2 0 0 0 0 0 0 0 0 0 0 0 2 0 0 0 13 0 18 0 0 0 0 8 21 0 38 0 0 0 0 0 0 45 32 23 0 9 0 11 27 1 44 0 11 8 0 12 0 19 22 11 85 0 0 0 0 0 0 0 0 0 0 0 0 0 1 0 0 0 0 0 3 0 0 0 0 0 0 0 0 0 3 3 0 3 4 0 0 0 0 1 0 0 0 0 17 2 7 0 8 0 0 2 12 0 0 0 0 0 0 0 0 1 29 10 17 0 1 64 0 3 1 0 13 20 7 14 0 50 21 0 0 0 0 0 0 0 0 0 10 0 0 0 0 0 1 0 0 0 0 0 0 0 0 0 0 0 0 0 0 0 0 0 0 0 0 0 0 0 0 0 0 0 0 0 0 0 0 67 0 0 74 0 0 0 0 3 0 1 75 0 2 2 2 0 0 0 0 0 0 0 0 0 0 0 0 0 0 0 0 0 0 0 0 0 0 0 2 0 0 0 1 
 2 2 36 0 0 0 0 2 1 1 4 0 2 2 1 1 1 1 2 2 84 0 199 144 58 113 595 305 360 117 265 259 145 219 52 153 36 111 142 533 1 2 0 0 0 0 0 0 0 3 3 2 5 2 0 4 0 35 67 99 0 0 3 0 0 0 2 2 0 3 0 3 0 0 2 0 0 0 0 51 15 0 0 13 0 0 0 0 0 3 0 0 0 2 0 0 1 0 0 0 0 15 18 15 11 0 1 1 3 0 20 1 0 1 21 39 0 32 0 0 7 0 0 1 0 0 0 9 0 0 0 0 0 0 0 0 0 0 0 0 0 0 0 0 0 0 0 0 0 1 0 0 0 0 0 0 0 0 1 2 0 0 4 0 4 0 0 0 0 0 0 0 1 0 13 0 0 22 0 4 12 11 19 0 1 26 0 0 0 28 32 26 13 21 14 0 9 5 1 0 1 0 0 0 0 0 0 0 1 0 0 1 0 0 1 0 0 0 0 68 0 0 0 0 0 0 0 12 0 0 0 0 0 0 0 0 0 0 0 0 0 0 19 0 0 0 0 0 1 0 0 0 0 0 0 2 0 0 1 0 0 0 0 0 0 1 0 0 0 0 0 0 0 0 0 0 0 0 0 0 0 12 0 0 0 0 1 0 0 0 
 0 0 6 0 2 0 31 0 0 0 0 0 0 0 0 0 0 0 0 0 165 199 0 276 232 37 371 181 152 196 468 264 349 213 138 299 132 137 105 126 64 0 0 0 1 1 0 0 0 0 0 0 3 0 0 2 0 2 4 66 5 0 0 0 1 1 2 2 0 0 0 0 2 0 0 0 0 0 0 2 0 0 0 0 0 0 0 0 0 0 0 11 0 0 0 0 0 0 0 0 7 16 43 24 2 13 15 11 40 0 15 24 0 31 13 73 37 21 0 0 9 0 0 0 0 0 0 2 0 0 0 0 0 0 0 0 0 0 6 8 0 0 0 0 0 0 0 0 0 0 0 0 0 0 0 0 2 0 2 3 6 0 8 0 15 0 0 1 0 0 0 0 0 0 0 0 0 2 0 6 45 0 13 13 12 14 0 1 20 45 22 23 13 20 21 10 21 1 18 44 0 0 0 0 0 0 0 0 0 2 0 0 0 0 0 0 0 0 0 0 0 0 11 0 0 0 0 0 0 0 0 0 0 1 0 0 0 0 0 0 0 0 0 0 0 0 0 0 0 0 0 0 0 0 4 0 0 80 8 0 2 1 0 0 0 0 0 0 0 0 0 0 0 0 0 0 0 0 0 10 0 11 0 0 0 7 0 0 0 0 
 0 9 0 0 2 2 1 0 0 0 0 0 0 0 3 0 0 0 2 5 291 144 276 0 108 322 366 198 68 78 220 122 147 66 64 195 235 142 106 101 1 0 7 3 2 0 0 128 0 0 0 0 65 0 2 65 0 1 219 88 0 0 3 52 0 1 2 2 0 0 0 0 7 0 0 2 0 0 0 2 0 0 9 0 0 0 0 14 0 0 0 0 0 0 0 0 0 0 0 0 35 0 47 21 28 1 18 24 12 10 24 9 0 9 1 0 31 49 0 0 23 0 7 0 0 0 10 14 11 0 0 0 0 9 23 0 0 0 14 8 0 0 0 0 0 12 0 0 0 0 0 3 0 0 0 0 0 0 0 0 8 0 0 0 0 0 0 0 0 0 0 0 0 0 0 0 0 3 0 0 1 0 42 0 44 30 0 0 10 26 0 53 0 19 6 14 21 9 13 0 10 0 0 0 0 0 17 0 1 0 0 0 0 17 0 20 14 16 5 47 0 0 0 0 0 0 0 0 0 0 0 16 0 0 0 0 0 0 0 0 0 0 0 0 0 1 0 0 0 0 0 0 0 0 6 0 2 155 86 0 12 0 1 0 0 0 3 0 0 0 2 0 0 0 0 0 0 0 0 0 0 0 0 0 0 9 0 0 0 0 
 0 0 0 0 1 0 17 0 0 0 0 0 0 26 0 0 0 2 4 0 110 58 232 108 0 105 260 116 89 254 331 222 47 62 95 167 262 220 78 306 62 0 0 0 0 0 0 0 63 0 1 0 33 1 0 1 0 38 4 1 0 0 0 0 0 1 2 2 0 0 0 0 0 0 0 0 0 2 0 3 0 0 0 0 0 0 0 0 0 0 6 0 0 0 0 0 0 0 0 1 0 22 2 123 12 42 0 32 13 0 34 48 0 1 0 11 0 33 0 0 0 20 0 0 2 0 1 0 13 0 0 0 0 39 0 2 0 0 28 0 0 0 1 0 0 0 0 0 0 0 0 0 0 0 0 0 0 0 0 0 6 4 6 0 0 0 0 0 0 0 0 0 0 0 2 0 0 0 0 3 0 11 11 47 0 39 0 0 29 24 34 11 0 0 13 17 1 9 0 0 30 13 15 0 0 0 15 0 10 0 0 0 0 0 18 0 0 0 41 13 0 21 6 0 1 0 0 0 0 0 0 0 0 0 0 0 0 0 0 0 0 0 0 0 0 0 0 0 0 0 0 0 0 0 12 6 0 2 0 0 3 23 0 0 0 0 0 0 0 0 0 0 0 0 0 0 0 0 0 1 0 9 0 0 0 3 1 0 0 0 
 0 0 0 2 0 0 2 2 0 1 3 3 2 0 0 0 0 2 0 2 243 113 37 322 105 0 107 108 104 62 84 56 105 43 44 158 70 49 121 45 70 97 56 171 1 0 136 70 126 64 1 0 37 93 141 2 135 0 3 70 0 0 0 0 0 0 2 2 0 0 0 0 0 0 0 3 0 0 0 2 0 0 0 0 1 0 0 0 0 0 0 0 0 0 0 0 0 0 0 0 0 0 13 0 19 16 1 0 14 0 0 0 0 0 0 1 1 7 0 0 0 30 0 15 0 0 0 0 30 43 15 17 26 3 0 30 8 11 11 48 0 0 0 0 0 0 0 0 45 0 0 0 0 0 0 0 0 0 0 0 5 8 0 0 0 0 0 0 0 0 0 0 0 0 2 0 0 0 0 0 1 0 11 0 21 25 0 0 6 7 0 9 0 13 0 0 7 16 0 0 41 4 22 9 2 0 2 39 0 0 22 0 71 0 60 11 16 24 0 11 1 0 0 0 0 0 0 0 0 0 0 0 0 0 0 0 0 0 0 0 0 0 49 0 0 0 0 0 0 0 0 0 0 0 5 0 3 0 1 6 0 0 106 0 66 0 0 0 0 0 19 0 0 0 0 0 0 2 0 0 0 0 0 0 38 0 0 0 0 1 
 3 3 79 6 361 20 3 3 3 82 3 8 4 3 3 92 211 12 3 3 151 595 371 366 260 107 0 170 137 118 323 231 361 169 108 403 319 27 208 64 0 0 0 0 1 0 0 0 0 0 0 0 2 0 0 2 0 0 3 19 3 0 45 0 0 1 2 2 0 0 0 0 0 0 0 0 0 0 0 3 0 0 16 0 1 13 0 0 0 0 0 39 0 0 0 0 0 0 0 2 37 0 14 16 18 0 150 25 18 35 0 11 29 21 2 12 71 20 1 17 0 0 0 0 0 0 0 0 0 0 0 0 0 0 0 0 0 0 1 0 0 1 0 0 0 0 0 0 0 0 2 0 10 5 0 0 0 0 3 0 0 0 8 12 0 12 0 0 0 17 0 0 0 0 0 0 14 0 1 0 6 2 17 1 25 14 18 12 7 15 0 7 41 46 10 50 12 24 4 0 0 0 0 2 1 0 0 0 0 0 0 0 0 0 0 0 0 0 11 0 2 0 0 0 0 0 0 0 0 1 0 1 0 0 0 0 0 0 0 0 0 0 1 0 0 0 0 0 73 0 21 0 0 0 7 2 2 78 134 2 3 0 0 0 0 0 0 0 0 0 0 0 0 0 0 0 0 0 0 0 0 0 0 0 0 0 0 0 0 0 
 3 3 3 3 76 3 3 3 5 3 3 3 3 3 3 3 3 3 3 3 42 305 181 198 116 108 170 0 409 88 121 103 205 244 273 419 104 303 47 129 3 0 0 0 2 0 0 0 0 0 0 0 3 0 0 2 0 0 40 17 0 0 0 0 0 1 2 2 0 0 0 0 1 0 0 0 0 0 0 3 0 0 0 0 0 0 0 0 0 0 0 12 0 0 2 0 0 0 0 0 14 0 9 13 25 0 26 21 12 73 26 0 7 0 13 4 26 20 1 9 0 0 0 0 0 0 12 0 0 0 7 0 2 3 0 1 0 0 2 3 0 26 0 0 0 1 2 0 0 1 3 0 9 3 0 0 0 0 1 0 0 0 2 0 40 0 0 0 0 0 0 4 0 0 0 0 0 3 0 0 14 37 26 8 8 40 3 0 6 69 19 20 0 33 17 10 42 20 7 0 1 0 0 0 0 0 0 0 0 0 0 0 10 0 0 0 0 0 0 17 0 0 0 0 0 0 0 0 0 0 0 0 0 0 0 0 0 0 0 0 0 0 3 0 0 0 0 0 0 0 0 0 0 0 6 0 0 91 82 2 13 0 0 0 0 0 0 0 0 0 0 0 0 0 0 0 0 0 0 0 0 0 0 0 0 0 12 0 0 0 
 0 0 2 0 2 0 0 0 3 0 0 0 0 1 0 0 2 0 0 1 25 360 152 68 89 104 137 409 0 531 114 51 71 291 274 415 105 236 173 227 2 20 0 0 1 0 5 0 0 0 5 0 3 0 1 1 85 0 3 3 5 0 32 0 0 0 2 2 0 0 0 0 0 0 0 0 0 0 2 3 0 0 0 0 0 0 0 0 0 0 0 0 0 0 0 0 0 0 0 0 0 9 9 19 14 0 3 11 16 22 0 18 0 0 21 26 20 14 15 0 0 0 0 0 0 0 0 0 0 0 0 0 0 0 0 0 0 0 21 0 0 0 0 0 0 0 0 0 0 1 0 0 0 3 0 0 0 0 0 0 0 0 0 0 1 0 3 0 0 0 0 9 0 0 0 0 0 0 0 0 70 21 22 0 2 19 19 0 14 23 11 30 2 0 0 12 1 35 0 0 9 0 0 0 0 0 0 0 0 0 0 0 0 0 0 0 0 0 0 12 0 0 0 0 0 0 0 0 0 0 0 0 0 2 0 0 2 0 0 0 0 0 10 0 0 0 0 0 0 0 0 0 0 0 11 0 0 77 0 0 2 0 0 0 13 0 0 0 0 0 54 0 0 0 0 0 0 0 0 0 0 29 0 0 0 0 0 0 0 0 
 0 0 1 8 1 0 0 0 2 0 3 1 1 0 1 0 0 3 0 2 23 117 196 78 254 62 118 88 531 0 159 140 148 303 240 219 75 158 105 80 60 2 0 0 0 0 3 0 0 3 6 0 3 2 0 2 0 3 12 19 3 0 3 0 0 1 2 2 0 1 0 50 0 0 1 0 0 3 0 2 0 0 0 0 0 0 0 0 0 0 0 0 0 0 0 0 0 0 0 0 0 45 0 8 21 9 38 30 25 6 4 20 0 12 14 1 10 19 0 0 9 0 0 0 0 0 0 0 0 0 0 0 0 0 0 0 0 0 24 0 0 0 0 0 0 0 0 0 0 30 25 0 0 0 0 0 0 0 0 0 5 0 16 2 20 0 0 1 0 0 0 2 0 0 0 0 1 0 0 6 14 18 20 0 12 1 0 17 13 43 12 15 0 0 13 24 19 16 0 13 3 0 0 0 0 0 0 0 15 0 0 0 1 1 0 0 0 0 0 14 0 0 0 0 0 0 0 0 0 0 0 0 0 0 0 0 0 0 0 0 0 0 13 0 0 0 0 0 0 0 0 0 0 0 19 0 0 89 0 0 2 13 0 0 0 0 0 0 0 0 0 2 0 0 0 0 0 0 0 0 0 14 0 0 0 0 0 0 0 0 
 0 80 0 0 1 0 1 0 0 0 0 3 0 0 2 0 2 2 0 0 41 265 468 220 331 84 323 121 114 159 0 323 99 96 237 252 284 308 161 82 3 8 0 0 7 0 0 34 2 15 2 0 9 2 1 1 0 0 123 64 8 0 3 0 0 2 6 4 0 0 0 4 0 0 0 0 0 5 0 9 0 0 0 0 0 0 0 0 0 0 0 0 0 0 0 0 0 0 13 0 36 7 13 1 13 0 17 35 13 1 13 28 0 12 0 1 11 28 0 0 18 1 16 2 0 0 47 59 46 0 0 0 20 11 25 39 0 0 16 23 0 0 0 0 0 0 0 0 0 0 0 0 0 0 0 0 0 0 0 0 1 0 4 1 5 0 0 0 0 0 0 0 0 36 0 0 2 4 0 11 12 0 22 10 21 29 0 13 1 20 8 65 0 24 13 30 10 1 0 10 0 22 0 6 0 0 32 1 0 0 0 0 3 2 0 19 14 0 2 26 0 0 0 0 0 0 0 0 2 0 0 0 0 0 0 0 0 0 0 0 0 0 0 0 0 1 1 0 0 0 0 0 0 0 4 2 1 91 0 0 2 0 3 0 0 0 0 0 0 0 0 1 0 0 0 0 0 0 0 0 0 0 0 0 0 8 0 0 0 13 
 0 1 210 22 0 0 31 0 0 0 3 0 0 1 2 0 0 0 0 0 101 259 264 122 222 56 231 103 51 140 323 0 44 330 108 131 217 223 38 329 0 5 0 0 0 67 0 2 0 0 0 2 2 0 3 5 0 2 66 0 4 0 0 0 3 2 2 2 0 0 0 0 0 2 0 2 0 2 0 5 0 0 0 0 0 0 0 0 0 0 0 0 0 0 0 0 0 0 0 0 24 17 22 36 17 32 0 40 11 10 39 17 0 20 1 16 32 29 0 0 22 30 0 60 0 0 22 15 19 0 0 0 15 0 75 12 0 0 20 31 0 0 0 0 0 0 0 4 0 0 0 0 0 0 0 0 0 0 0 0 0 0 0 0 0 0 0 0 0 0 0 0 0 0 0 0 0 3 0 0 18 0 29 32 3 50 0 14 16 17 0 21 0 1 21 42 13 3 0 7 0 0 0 0 0 0 11 0 0 0 0 0 0 20 0 0 0 0 25 24 0 0 0 0 0 0 0 0 0 0 0 0 0 0 0 0 0 0 0 0 0 0 0 0 0 0 0 0 0 0 0 0 0 0 6 1 3 150 3 3 11 19 0 0 0 0 0 0 0 0 0 0 0 0 0 0 0 0 0 10 0 0 0 0 0 11 0 0 0 0 
 0 11 0 75 156 1 3 75 76 159 108 153 0 0 0 74 0 78 0 0 230 145 349 147 47 105 361 205 71 148 99 44 0 117 70 150 46 28 234 152 0 0 2 2 0 0 0 0 0 0 0 1 3 0 0 1 0 0 3 0 0 0 0 0 0 1 2 2 0 0 0 0 0 0 4 0 0 0 0 3 0 0 0 10 0 12 0 0 0 16 0 12 0 0 32 14 5 18 0 0 8 35 28 0 19 0 0 0 13 8 0 1 33 0 22 8 0 0 0 19 0 0 0 5 0 0 0 0 0 0 0 0 0 0 0 0 0 0 0 14 0 0 0 0 0 0 0 0 0 3 0 0 0 2 0 0 0 0 3 24 0 0 15 0 30 0 0 4 0 0 25 0 0 0 0 8 0 0 0 0 24 18 11 2 0 0 1 0 10 13 11 0 12 10 30 1 10 8 13 19 0 0 0 0 0 0 0 0 0 0 0 0 0 12 0 0 0 0 0 0 0 12 0 0 0 0 0 0 0 0 0 0 0 0 0 0 0 0 0 0 0 15 0 0 0 0 0 0 0 36 0 0 0 0 5 1 0 53 0 0 0 0 0 0 0 0 0 0 0 0 0 0 0 0 0 0 0 0 0 0 0 0 0 0 0 9 0 0 0 0 
 0 6 2 0 151 1 1 0 1 81 101 103 0 0 0 0 0 2 0 0 202 219 213 66 62 43 169 244 291 303 96 330 117 0 112 77 94 178 275 175 1 3 0 0 3 3 0 0 0 3 0 0 5 0 0 3 0 4 9 0 23 1 0 0 0 1 4 2 1 0 1 0 0 0 0 1 1 0 0 38 0 0 0 12 0 11 21 0 0 0 15 12 0 0 0 0 0 0 0 0 0 54 0 15 5 0 13 13 16 16 0 10 0 19 51 16 23 57 8 20 0 0 0 0 0 0 0 0 0 0 0 0 0 0 0 7 0 0 7 0 0 0 0 0 2 0 0 0 0 2 0 0 0 0 0 0 0 0 0 0 0 0 0 0 6 20 0 3 2 0 8 12 0 0 0 6 0 0 0 0 42 45 19 2 9 0 1 12 12 12 17 7 0 0 23 18 0 18 0 9 0 0 0 0 0 0 0 0 0 0 0 0 0 0 0 0 2 0 0 1 0 1 0 0 0 1 0 48 0 0 0 0 0 10 4 0 0 0 0 0 0 0 0 0 0 0 73 0 0 35 0 0 0 0 5 2 0 42 0 0 2 2 0 0 0 0 0 0 0 0 0 0 0 0 0 0 1 0 0 0 0 7 0 0 0 0 0 0 0 0 
 0 4 2 0 101 2 6 0 1 0 4 0 0 0 0 0 0 1 0 0 109 52 138 64 95 44 108 273 274 240 237 108 70 112 0 329 133 390 63 160 1 3 0 0 5 4 0 8 268 3 2 2 6 32 63 3 5 0 76 206 3 0 0 0 0 58 2 2 0 46 0 4 0 0 0 0 2 0 0 5 0 0 0 2 0 12 0 0 0 0 13 14 2 0 0 8 0 0 0 0 37 45 0 13 7 0 10 35 18 35 12 0 1 22 40 14 39 12 25 16 0 0 0 0 0 0 0 0 0 0 0 0 0 0 0 0 0 0 8 0 0 0 0 0 0 0 0 0 0 0 1 0 0 0 0 0 0 0 0 0 0 0 0 30 2 13 0 0 0 0 0 6 0 0 0 0 0 3 0 0 36 29 27 0 9 13 0 20 0 20 1 12 0 0 0 52 0 8 0 23 0 0 0 0 0 24 0 0 0 0 0 0 0 0 0 0 0 0 0 14 0 0 0 0 0 0 0 0 0 0 0 0 0 0 2 0 0 0 0 0 0 0 0 0 0 0 92 0 0 0 0 0 0 2 11 0 0 48 3 5 8 0 65 0 0 0 0 0 0 0 0 0 0 0 0 0 0 0 0 0 0 0 0 0 0 0 0 0 0 0 
 0 3 0 0 75 0 31 0 0 0 0 2 0 0 0 0 0 0 0 0 112 153 299 195 167 158 403 419 415 219 252 131 150 77 329 0 135 292 129 149 0 0 0 0 0 2 0 0 0 0 7 0 2 0 0 2 0 0 66 74 3 0 0 0 0 1 2 2 0 0 0 0 0 0 0 0 0 2 1 3 0 0 0 0 0 0 0 0 0 0 0 5 0 0 0 0 0 0 0 0 8 22 29 13 19 14 37 24 32 0 27 7 9 19 0 2 46 17 1 8 11 1 0 0 0 0 0 0 0 0 0 0 0 1 0 17 0 0 8 11 0 0 0 0 0 0 0 0 0 2 0 0 0 4 0 0 0 0 6 35 0 0 11 0 18 0 0 0 0 0 0 0 0 0 0 0 0 6 0 7 20 0 68 13 9 42 0 9 30 89 16 30 25 30 11 6 8 11 0 66 1 0 1 7 0 0 0 0 0 0 0 0 0 0 0 0 0 0 0 28 0 0 0 0 0 0 0 0 0 0 0 0 0 13 0 0 0 0 0 0 0 0 12 0 0 0 0 0 0 0 0 0 0 0 6 0 2 60 13 3 1 0 0 0 0 0 0 0 0 0 0 0 0 0 0 0 0 0 0 10 0 0 0 0 0 8 0 0 0 0 
 0 0 3 0 17 18 25 0 0 0 0 0 0 0 0 0 1 2 78 0 331 36 132 235 262 70 319 104 105 75 284 217 46 94 133 135 0 463 241 110 0 0 0 0 0 0 0 5 0 0 0 0 6 2 0 2 0 0 5 0 0 3 0 0 0 50 2 2 0 0 0 0 0 50 0 0 0 2 0 3 0 0 0 0 10 22 0 2 0 0 0 0 0 0 0 0 0 0 0 0 15 32 14 59 12 29 2 23 0 13 36 30 6 22 9 23 26 44 0 35 0 0 0 0 0 0 0 0 0 0 0 0 0 0 0 0 0 0 0 10 0 0 0 0 0 0 0 0 0 0 0 0 0 0 0 0 0 0 0 0 0 0 0 1 0 0 0 0 0 0 0 0 0 0 0 0 1 0 0 0 18 11 27 9 6 31 0 43 33 25 44 47 0 15 14 20 10 1 10 6 0 0 0 0 0 0 0 0 0 0 0 0 0 0 0 0 0 0 0 16 0 0 0 0 0 0 0 0 1 0 0 0 0 0 0 0 0 0 0 0 0 0 0 0 0 0 1 0 0 0 0 0 0 0 9 3 0 3 74 1 18 19 0 0 0 0 0 0 0 0 0 1 0 0 0 0 0 0 0 17 0 23 0 0 0 9 1 0 0 0 
 1 2 0 0 0 0 22 0 1 0 0 4 0 0 0 1 0 2 1 1 19 111 137 142 220 49 27 303 236 158 308 223 28 178 390 292 463 0 205 245 0 0 0 2 1 3 0 0 0 61 8 2 3 0 0 5 0 0 41 0 4 0 5 0 0 1 12 2 0 0 6 3 1 0 0 0 0 0 0 3 0 0 0 0 0 0 0 0 0 0 0 0 0 10 0 0 0 0 0 0 0 14 0 30 17 6 9 25 1 27 21 22 0 4 0 19 11 37 0 0 0 0 0 0 0 0 0 1 0 0 0 0 0 10 0 0 0 0 20 0 0 0 0 0 0 0 0 0 0 10 0 0 0 0 0 0 0 0 0 1 0 0 6 0 12 0 0 0 0 0 0 0 0 0 0 0 0 7 0 0 1 0 15 12 44 22 16 0 18 30 17 68 0 0 0 7 14 56 0 0 10 8 0 0 0 0 19 0 17 0 10 0 0 1 0 0 0 0 0 24 0 0 0 14 0 0 0 0 0 0 0 0 0 0 0 0 0 0 0 0 0 0 13 0 0 1 0 0 0 0 0 0 0 0 13 0 3 76 0 3 16 21 0 0 0 0 0 0 0 0 0 0 0 0 0 0 0 0 0 11 0 20 0 0 0 0 0 0 0 9 
 0 74 76 1 83 73 0 1 0 146 99 148 0 0 73 28 0 75 1 1 206 142 105 106 78 121 208 47 173 105 161 38 234 275 63 129 241 205 0 418 0 0 0 0 0 0 0 0 0 0 0 0 3 0 0 3 0 0 3 3 1 50 0 0 0 0 2 2 0 0 0 0 0 0 0 3 0 3 0 58 0 0 14 11 29 11 0 0 0 13 10 12 0 0 0 0 6 0 0 0 10 31 0 1 0 2 21 17 22 15 0 1 0 1 10 9 1 0 9 32 0 2 0 0 1 0 0 0 1 0 19 0 0 0 0 0 0 0 0 0 0 0 0 0 0 0 0 0 0 4 0 0 0 0 0 0 0 0 5 10 1 1 11 0 18 8 0 3 0 8 9 3 0 19 0 8 10 0 0 0 20 14 1 2 16 2 20 0 0 19 2 0 34 0 11 0 8 31 7 23 0 2 0 0 0 0 0 0 0 0 0 0 0 0 0 0 0 0 0 0 0 0 0 0 0 7 0 1 0 15 0 0 0 0 0 0 0 0 0 0 0 0 0 0 0 0 0 0 26 35 11 0 0 0 8 2 1 2 0 1 0 0 0 0 0 0 0 0 0 0 0 0 0 0 0 0 0 0 0 0 0 0 0 0 0 0 0 0 0 0 
 0 3 89 74 39 1 1 0 0 1 89 76 0 76 3 34 0 2 0 0 170 533 126 101 306 45 64 129 227 80 82 329 152 175 160 149 110 245 418 0 1 0 0 0 0 1 0 0 0 0 0 0 65 0 0 9 0 2 3 0 0 0 0 0 0 0 2 2 0 0 0 1 0 0 0 0 0 0 0 2 0 1 0 9 1 12 0 0 1 0 80 34 0 0 1 0 2 8 0 0 33 20 12 0 18 0 9 12 0 51 1 15 1 13 6 1 0 29 11 52 0 0 0 0 0 2 0 0 0 0 0 15 0 1 0 0 8 0 0 11 0 7 0 0 0 0 0 0 0 0 4 0 0 0 7 0 0 0 1 0 0 0 0 17 0 17 1 6 0 0 0 31 0 0 0 3 0 0 0 0 1 15 0 14 0 11 26 28 2 2 0 10 22 0 22 0 24 27 20 0 0 0 0 0 0 0 0 0 0 0 0 0 0 0 0 0 0 0 0 0 0 0 0 0 0 0 0 0 0 0 0 0 0 0 0 0 1 0 0 0 0 0 0 0 0 0 27 0 0 1 0 0 0 0 9 2 0 79 0 0 2 1 0 0 0 0 0 0 0 0 0 0 0 0 0 0 0 0 0 0 0 0 0 0 0 10 0 0 0 0 
 0 6 2 0 0 0 0 0 0 0 0 0 0 0 0 0 6 0 0 0 0 1 64 1 62 70 0 3 2 60 3 0 0 1 1 0 0 0 0 1 0 239 131 122 55 41 120 65 117 164 43 30 147 71 97 130 89 33 37 166 0 6 0 14 4 0 3 4 1 4 3 0 0 0 1 1 4 6 0 5 0 0 0 0 0 0 0 0 0 0 0 0 0 0 0 0 0 0 0 0 0 0 0 0 0 0 0 0 5 0 0 0 0 0 1 0 0 0 0 0 6 36 10 8 16 9 0 0 10 7 43 5 0 10 0 1 7 11 0 0 0 0 0 1 1 1 8 0 7 0 0 0 21 9 0 0 0 0 24 0 3 0 2 0 0 0 0 0 0 0 0 0 0 0 7 0 0 1 0 2 0 0 1 0 0 1 0 0 0 0 0 0 9 0 0 0 0 0 0 0 12 0 17 7 13 5 1 10 31 18 1 0 0 0 49 0 0 0 0 1 0 0 0 0 0 0 0 0 0 0 0 0 0 0 0 0 0 0 0 9 0 0 0 0 0 0 0 0 0 0 0 5 0 0 0 0 0 0 0 0 0 0 73 0 1 2 0 64 2 0 14 0 0 11 0 27 0 0 0 0 0 0 0 0 6 0 0 0 2 0 
 2 1 4 0 0 0 0 6 0 0 2 0 0 0 0 0 0 0 0 61 0 2 0 0 0 97 0 0 20 2 8 5 0 3 3 0 0 0 0 0 239 0 109 168 55 101 88 152 317 103 123 255 202 339 183 197 342 421 248 80 0 0 0 1 0 0 0 1 0 0 0 0 0 0 0 0 0 0 0 0 0 0 0 0 0 0 0 0 0 0 0 0 0 0 0 0 13 0 0 0 0 11 0 0 0 0 0 0 0 0 0 0 0 0 4 0 0 0 0 0 18 14 0 19 59 67 5 6 5 10 49 0 5 0 19 6 28 0 0 18 0 7 0 0 0 0 31 0 24 0 0 0 10 1 0 0 0 0 34 0 0 0 0 0 0 0 0 0 0 0 0 0 13 0 0 0 0 0 0 0 0 0 0 0 0 1 0 0 0 0 1 0 0 0 0 0 0 0 0 0 7 0 44 15 8 13 15 8 10 42 0 19 4 6 13 0 0 0 3 0 3 51 0 0 0 0 0 0 0 0 0 0 7 20 0 0 0 0 0 29 0 0 0 0 0 0 0 0 0 26 0 4 0 0 0 0 0 0 1 1 0 0 36 0 2 9 0 82 2 0 6 0 0 0 0 0 0 0 0 0 0 0 0 0 24 0 0 1 0 0 
 0 1 0 0 0 0 0 0 0 0 0 0 0 0 2 0 0 3 8 0 0 0 0 7 0 56 0 0 0 0 0 0 2 0 0 0 0 0 0 0 131 109 0 159 42 24 113 113 88 63 133 148 50 109 59 121 106 177 42 49 0 0 0 0 0 0 51 0 0 0 0 1 0 0 0 0 0 0 60 49 0 0 0 0 0 0 0 0 0 0 0 0 0 4 0 0 0 0 0 0 0 0 0 0 0 0 0 0 0 0 0 0 0 0 12 0 0 0 0 0 8 1 0 12 0 37 0 0 0 11 0 0 11 0 0 11 0 21 0 0 0 0 0 26 0 4 22 0 0 0 0 0 0 0 0 0 0 0 16 3 0 0 0 0 0 0 0 0 0 0 0 0 0 0 0 0 27 0 0 0 0 0 0 0 11 0 0 0 0 0 0 0 0 0 0 0 0 0 0 0 0 0 17 0 5 44 12 9 0 20 12 1 10 0 10 13 11 85 0 0 21 0 0 0 0 0 19 16 10 0 0 0 9 0 6 0 0 0 0 0 0 0 0 0 0 0 0 0 0 0 0 1 0 2 0 0 0 0 0 0 0 0 0 74 66 3 0 66 0 0 0 0 0 0 0 0 0 0 0 0 0 0 0 0 9 0 0 0 1 0 
 0 0 0 0 2 0 0 0 0 0 0 0 0 0 2 0 0 3 0 0 0 0 0 3 0 171 0 0 0 0 0 0 2 0 0 0 0 2 0 0 122 168 159 0 130 230 124 81 93 176 80 124 149 276 208 137 139 47 66 114 51 0 0 0 0 0 0 19 0 0 0 0 0 51 0 0 0 0 21 26 0 0 0 0 0 0 0 0 0 0 0 0 0 0 0 0 0 0 0 0 0 0 0 0 10 0 0 0 0 0 0 0 0 0 0 0 0 0 0 0 0 52 15 0 37 0 0 0 14 56 26 27 2 0 8 9 24 0 0 12 14 1 0 20 0 0 0 0 32 0 0 0 11 0 0 1 0 17 0 0 0 0 0 0 0 0 0 0 0 0 0 0 27 0 0 0 0 0 0 0 0 0 0 0 0 1 0 0 0 0 0 0 0 0 0 0 0 0 0 0 8 16 0 17 27 15 12 32 29 0 9 10 1 0 14 0 0 20 0 0 0 1 0 0 0 0 0 9 19 20 0 10 0 0 0 0 0 9 0 11 0 0 15 0 0 0 0 0 0 0 0 3 0 1 0 0 0 0 0 1 0 0 17 0 2 3 2 0 0 0 6 0 0 0 0 0 0 0 0 0 0 0 0 0 46 0 0 12 2 0 
 27 5 3 0 2 1 0 0 0 0 3 2 0 1 0 3 0 0 0 0 0 0 1 2 0 1 1 2 1 0 7 0 0 3 5 0 0 1 0 0 55 55 42 130 0 97 252 87 85 144 96 216 100 60 286 128 33 145 57 64 0 0 0 0 0 0 50 0 0 52 5 0 51 51 0 0 0 0 53 52 19 0 0 0 8 0 0 0 0 0 0 0 10 0 24 0 6 11 0 0 0 0 0 0 0 0 0 0 0 0 0 0 0 0 0 0 0 0 0 0 0 11 18 2 8 23 0 0 10 1 11 6 0 0 0 1 7 14 0 0 0 0 0 10 0 0 0 0 0 0 0 3 16 11 9 12 0 0 0 0 0 0 0 10 0 0 41 0 12 0 0 0 0 0 15 11 0 0 0 0 0 0 0 0 0 0 0 0 0 0 0 0 0 0 0 0 0 0 0 0 0 0 0 7 13 0 0 0 13 8 1 17 0 0 0 0 0 0 0 0 0 10 0 1 0 7 23 10 5 0 0 0 11 0 0 9 0 12 6 1 0 0 0 0 0 0 0 0 0 73 0 6 19 2 0 0 0 0 0 2 0 0 0 0 3 2 2 2 0 0 0 0 0 11 2 17 0 0 0 0 0 3 0 0 0 0 0 0 1 0 
 0 0 0 0 0 0 2 0 0 0 9 0 0 0 0 0 0 0 0 0 0 0 1 0 0 0 0 0 0 0 0 67 0 3 4 2 0 3 0 1 41 101 24 230 97 0 31 42 118 156 83 114 43 58 64 72 37 111 61 45 0 0 0 0 0 0 0 0 20 52 4 14 0 1 0 0 0 0 0 55 0 0 0 0 0 0 12 0 0 0 0 0 0 0 0 0 0 0 0 0 0 0 0 0 0 1 0 0 0 0 0 0 0 0 0 0 0 0 0 0 0 0 6 20 0 22 0 0 0 0 10 0 0 15 9 0 0 0 0 0 0 1 0 10 0 0 13 0 7 1 1 0 12 7 10 16 0 0 0 0 0 0 0 0 0 0 0 0 0 0 0 0 0 0 0 0 0 0 0 0 0 0 0 0 11 0 0 0 0 0 0 0 0 0 0 0 0 0 0 0 0 0 0 0 1 0 0 0 0 0 2 14 0 0 32 0 0 0 0 0 24 18 0 22 4 7 30 20 0 0 19 0 39 15 0 9 0 21 26 4 0 0 0 0 0 0 0 0 0 0 0 4 0 0 0 0 0 0 0 4 0 0 0 4 6 1 0 0 0 0 0 0 0 11 0 0 0 0 0 0 0 0 0 0 0 13 0 0 1 0 
 0 1 0 0 0 0 0 0 0 0 0 0 0 0 63 0 0 0 0 0 0 0 0 0 0 136 0 0 5 3 0 0 0 0 0 0 0 0 0 0 120 88 113 124 252 31 0 171 424 107 23 16 150 186 320 88 106 48 55 17 0 0 0 0 0 0 0 0 0 0 0 3 0 0 0 0 3 0 0 1 0 0 0 0 0 0 0 0 0 0 0 0 0 0 0 0 0 0 0 0 0 0 0 0 23 2 0 0 0 0 0 0 0 0 0 0 0 0 0 0 0 29 15 0 19 0 2 18 29 75 32 11 30 20 1 48 30 15 8 18 0 0 0 0 0 29 0 0 3 0 0 0 0 0 0 0 0 0 0 0 0 6 0 0 0 0 0 0 0 6 0 0 0 0 4 0 0 0 0 0 0 0 0 0 1 0 14 14 0 0 0 0 0 0 0 0 0 0 0 0 18 35 61 28 0 0 15 22 22 14 46 0 3 38 33 0 10 14 0 0 0 0 0 0 0 0 0 0 0 0 0 0 0 0 0 0 0 11 8 14 0 0 14 0 0 0 0 0 0 0 0 2 0 0 0 0 0 0 1 0 1 0 1 0 38 0 0 0 0 0 0 0 0 0 0 0 0 0 0 0 0 0 0 0 22 0 0 0 0 0 
 4 0 1 1 0 0 4 0 0 0 0 0 5 14 1 0 6 0 0 0 0 0 0 128 0 70 0 0 0 0 34 2 0 0 8 0 5 0 0 0 65 152 113 81 87 42 171 0 100 122 22 41 116 217 119 90 262 323 87 44 0 1 0 2 0 0 0 0 5 0 0 0 0 0 0 6 0 0 0 0 0 0 0 0 0 0 0 0 5 0 0 0 0 11 0 6 0 0 4 4 0 0 0 0 20 10 0 0 0 0 0 1 0 0 0 0 0 9 0 0 3 27 28 1 13 0 7 37 43 40 24 8 19 0 4 33 13 67 1 10 0 0 0 0 0 0 0 0 0 0 0 0 18 18 0 0 0 0 0 0 10 0 0 0 0 0 0 5 0 4 0 0 4 3 3 0 0 0 5 4 0 0 0 0 9 0 0 0 0 0 0 0 0 0 0 0 0 0 0 0 0 16 0 15 14 0 26 21 44 6 10 0 11 20 9 19 40 10 0 14 0 0 0 0 0 0 0 0 0 0 0 0 0 0 0 0 0 0 0 1 0 0 0 0 0 0 0 0 0 0 0 24 0 2 0 0 0 0 1 0 0 0 1 0 1 0 1 0 0 0 0 0 0 0 0 0 0 0 0 0 0 0 0 0 0 0 0 0 1 0 
 0 0 0 0 0 0 0 4 0 0 0 0 0 0 0 0 0 1 0 0 0 0 0 0 63 126 0 0 0 0 2 0 0 0 268 0 0 0 0 0 117 317 88 93 85 118 424 100 0 203 112 21 256 301 173 117 105 113 64 272 0 0 0 5 0 0 0 1 0 25 3 0 2 0 0 0 2 2 0 0 0 0 0 0 0 0 0 0 0 0 0 0 0 0 0 0 0 0 0 0 0 0 0 0 24 1 0 0 0 0 0 0 0 0 0 0 0 0 0 0 9 24 16 8 6 19 7 6 35 55 37 4 2 19 0 25 14 5 4 0 0 6 0 0 3 5 3 0 1 0 0 0 0 0 0 0 0 0 19 0 0 5 0 0 0 0 0 0 0 1 0 0 12 0 5 0 0 0 0 0 0 0 0 0 0 0 0 0 0 0 0 0 0 0 0 0 0 0 0 0 5 43 19 17 1 0 22 19 15 7 12 11 9 0 17 0 4 21 0 0 19 9 0 0 0 0 0 0 0 0 0 0 35 19 0 0 0 0 7 53 0 0 19 0 0 18 0 0 0 0 0 12 0 0 0 0 0 0 0 1 0 0 3 0 0 5 1 2 0 0 31 0 0 0 0 5 0 0 0 0 0 0 0 0 0 13 0 1 1 0 
 2 5 2 3 5 4 2 2 2 2 9 3 3 2 3 2 2 2 2 2 0 3 0 0 0 64 0 0 0 3 15 0 0 3 3 0 0 61 0 0 164 103 63 176 144 156 107 122 203 0 143 40 127 144 195 93 103 116 90 85 0 0 3 7 2 0 2 2 0 1 5 0 3 0 0 8 0 4 19 2 0 0 0 0 0 19 0 0 0 0 0 0 0 0 0 0 0 0 0 0 0 0 0 0 1 0 0 0 0 0 8 0 0 0 0 0 0 0 0 0 0 16 19 10 20 0 0 0 9 55 45 26 8 0 0 1 15 16 0 35 0 0 0 7 4 6 0 0 8 0 0 0 52 29 0 0 0 1 14 0 0 0 0 0 0 0 0 0 0 0 0 0 0 23 0 0 2 0 0 0 0 0 0 0 0 0 0 0 0 0 0 0 0 0 0 0 0 0 0 0 23 12 0 27 10 5 30 13 25 12 0 1 0 0 27 0 0 10 0 0 12 0 0 0 0 0 0 0 0 0 0 0 7 0 0 0 0 0 0 60 0 0 14 0 0 2 0 0 0 0 0 0 0 0 0 0 0 0 0 18 0 0 35 70 0 8 0 1 3 0 39 0 2 0 0 3 0 0 0 0 0 0 0 0 10 0 0 0 2 9 
 0 0 0 0 2 0 0 3 0 0 4 1 0 0 0 0 0 0 0 0 3 3 0 0 1 1 0 0 5 6 2 0 0 0 2 7 0 8 0 0 43 123 133 80 96 83 23 22 112 143 0 193 38 32 55 119 98 442 35 51 0 0 0 40 0 208 52 4 0 0 208 0 54 50 0 0 0 0 53 15 0 0 0 0 0 0 7 0 0 0 0 0 0 0 0 0 0 0 0 0 0 0 0 0 8 11 0 0 0 0 0 0 0 0 0 0 0 8 0 0 0 0 0 9 18 51 0 0 0 0 0 1 0 0 0 0 0 9 11 0 0 3 0 0 0 0 9 0 8 0 0 0 0 0 0 0 0 0 31 9 0 0 0 0 0 0 0 0 0 0 0 0 0 0 0 0 0 0 0 0 0 0 3 0 0 1 0 0 0 2 5 1 0 0 0 0 0 0 23 0 5 0 0 0 7 13 0 0 1 0 0 24 0 1 0 6 0 1 0 12 7 45 0 0 0 0 32 37 10 0 0 6 0 21 9 0 0 1 0 0 0 0 4 0 0 0 0 0 0 0 0 7 0 0 0 0 0 0 0 8 0 0 0 2 0 6 0 1 0 0 0 0 0 0 0 0 0 0 0 0 0 16 0 0 0 5 0 10 1 0 
 0 0 0 3 3 0 0 0 0 0 0 7 0 0 0 0 0 0 0 2 0 2 0 0 0 0 0 0 0 0 0 2 1 0 2 0 0 2 0 0 30 255 148 124 216 114 16 41 21 40 193 0 317 36 247 57 93 183 31 34 53 3 53 0 0 0 35 63 69 4 0 0 1 2 0 2 0 0 81 64 0 0 0 0 0 0 0 10 0 0 0 1 0 0 0 0 0 0 0 0 0 0 0 0 0 0 0 0 0 0 0 0 0 0 0 0 0 0 0 0 0 0 0 3 1 12 0 0 0 0 0 0 0 0 0 0 0 14 0 0 14 1 10 41 1 0 0 9 0 15 11 0 0 0 0 0 0 2 16 21 0 0 0 0 0 0 0 0 0 0 0 0 0 0 0 0 1 0 0 0 0 0 0 0 0 0 0 0 0 0 0 18 0 0 0 0 0 0 0 0 0 3 0 0 12 18 0 0 0 0 6 11 8 0 0 27 0 11 0 18 22 1 0 0 1 0 5 45 40 22 7 0 38 0 12 9 26 10 10 0 0 0 0 0 0 0 0 0 0 0 0 6 0 1 0 0 0 0 0 2 0 1 0 63 0 2 0 0 0 2 0 0 0 0 0 0 0 0 0 0 0 2 0 0 0 1 0 0 2 0 
 0 0 0 7 5 0 0 0 0 0 2 6 0 0 0 0 0 0 0 0 3 5 3 65 33 37 2 3 3 3 9 2 3 5 6 2 6 3 3 65 147 202 50 149 100 43 150 116 256 127 38 317 0 105 90 32 97 44 179 245 4 1 0 6 0 1 0 1 0 0 0 0 5 2 0 0 0 2 0 0 0 0 0 0 0 0 0 0 0 0 0 0 0 0 0 0 0 0 0 0 0 0 0 0 0 0 0 0 13 0 0 0 0 0 0 0 0 0 0 0 10 15 7 0 9 0 35 0 25 6 12 0 0 18 19 1 0 0 31 0 0 0 0 0 0 0 0 0 10 0 0 0 0 0 0 0 0 0 0 0 8 9 0 0 0 0 0 0 0 0 0 0 0 0 2 0 0 0 0 0 0 0 0 8 0 0 0 0 0 0 0 10 0 0 0 0 0 0 0 0 39 15 28 1 0 0 11 10 8 0 0 0 16 19 67 0 0 0 29 20 0 0 0 6 0 0 0 0 0 0 0 0 0 0 0 0 0 0 0 8 0 0 0 0 0 0 0 0 0 19 0 8 0 2 0 0 0 0 0 2 0 0 80 0 0 3 9 0 1 0 11 0 0 0 0 0 0 0 0 0 0 0 0 0 8 0 10 0 0 0 
 0 0 3 0 2 0 0 0 0 0 0 0 0 0 0 0 0 1 0 0 0 2 0 0 1 93 0 0 0 2 2 0 0 0 32 0 2 0 0 0 71 339 109 276 60 58 186 217 301 144 32 36 105 0 192 111 379 45 69 189 0 51 0 0 0 1 1 0 0 0 0 2 2 0 3 10 3 0 0 2 0 0 0 0 0 0 0 0 0 0 0 0 0 0 0 0 0 0 0 0 0 0 0 0 2 18 0 0 0 0 0 0 0 0 0 0 0 0 0 0 0 50 39 0 10 0 0 17 14 20 7 7 24 1 10 4 46 9 20 27 0 0 0 0 0 2 0 0 6 0 0 0 10 0 0 0 0 0 0 0 0 0 0 0 0 0 0 0 0 1 0 0 5 0 0 0 0 0 3 0 0 0 0 0 0 0 0 0 0 0 0 0 9 0 0 0 0 0 0 0 41 0 17 2 0 0 0 36 43 10 42 7 0 11 37 0 15 22 0 0 0 0 0 0 0 0 0 0 0 0 0 0 0 0 0 0 23 0 0 10 0 0 16 0 0 0 1 0 0 0 0 5 0 0 0 0 0 0 0 0 1 0 67 2 34 2 0 0 0 0 14 0 0 0 1 0 0 0 0 0 0 0 0 0 20 0 0 0 2 0 
 0 1 0 0 0 0 0 0 0 0 0 0 0 0 0 0 0 2 0 0 0 0 0 2 0 141 0 0 1 0 1 3 0 0 63 0 0 0 0 0 97 183 59 208 286 64 320 119 173 195 55 247 90 192 0 89 372 41 131 225 0 0 3 0 0 0 0 0 0 0 0 0 0 0 0 7 0 0 94 0 0 0 0 0 0 0 0 0 0 3 0 0 0 0 0 0 0 0 0 0 0 0 0 0 4 24 0 0 0 0 0 0 0 0 0 0 0 0 0 0 9 50 0 0 0 0 25 0 14 3 13 16 6 0 12 5 2 14 7 54 0 0 0 0 0 8 0 0 15 0 0 0 0 1 0 0 0 0 0 0 0 0 0 0 0 0 6 0 0 0 10 0 0 10 0 0 7 0 0 0 0 0 0 0 0 15 0 0 0 0 0 0 0 0 0 0 0 0 0 0 10 64 0 2 0 0 24 26 0 20 0 0 48 10 9 0 0 37 20 22 28 0 0 0 0 0 0 0 0 0 0 0 0 0 0 0 8 0 0 0 0 0 16 0 0 0 0 0 0 0 0 13 0 0 0 0 0 0 0 15 0 0 124 64 0 10 2 0 0 0 10 0 0 0 0 0 0 0 0 0 0 0 0 0 30 13 0 0 1 0 
 1 3 0 2 16 0 0 8 2 0 14 8 0 1 0 2 1 3 1 4 75 4 2 65 1 2 2 2 1 2 1 5 1 3 3 2 2 5 3 9 130 197 121 137 128 72 88 90 117 93 119 57 32 111 89 0 67 36 40 68 2 5 2 2 0 2 0 5 2 2 0 2 2 2 2 0 0 5 0 2 0 0 0 5 0 0 0 0 0 0 1 3 0 0 1 0 14 1 0 0 2 30 0 0 11 0 0 1 0 4 0 0 0 0 63 0 0 0 0 0 0 0 14 51 0 38 6 11 44 10 1 0 0 0 0 11 0 0 0 9 29 1 0 0 0 0 33 0 0 0 0 0 0 1 0 0 0 0 19 0 0 0 0 0 7 1 0 0 0 4 7 3 0 0 0 9 0 0 0 0 0 4 0 0 0 0 0 0 0 0 0 0 0 0 6 0 0 0 0 0 0 27 12 0 11 13 13 10 13 20 10 28 11 7 15 0 15 0 0 0 10 3 0 0 0 0 0 9 0 0 0 4 0 19 0 0 0 1 0 0 0 0 0 0 0 0 8 0 0 0 0 6 0 1 0 0 0 1 0 1 0 0 0 0 0 1 0 41 2 0 0 0 0 0 0 0 0 0 0 0 0 2 0 0 0 3 0 10 2 0 
 4 3 3 2 2 2 28 2 2 2 2 66 8 9 2 2 14 4 2 75 0 0 0 0 0 135 0 0 85 0 0 0 0 0 5 0 0 0 0 0 89 342 106 139 33 37 106 262 105 103 98 93 97 379 372 67 0 333 44 177 0 0 0 0 0 0 0 0 0 0 0 0 0 0 0 0 0 0 51 0 0 0 0 0 0 0 0 0 17 0 0 0 4 8 0 0 10 0 6 12 0 0 0 0 0 0 0 0 0 0 0 0 0 0 3 0 0 0 0 0 0 23 11 0 9 0 0 1 10 29 21 6 26 0 28 0 12 0 0 16 0 0 0 0 0 0 0 0 10 0 0 10 11 0 0 0 0 0 17 0 2 32 0 0 0 0 0 6 5 0 0 0 9 0 1 0 0 0 1 3 0 0 0 0 21 0 0 0 0 0 0 0 0 0 0 0 0 0 0 0 11 31 11 9 10 1 14 18 26 2 13 8 25 1 48 3 6 13 23 34 0 0 0 0 0 0 0 0 0 0 0 0 0 22 0 0 0 0 0 12 0 0 10 0 0 0 0 0 0 0 0 4 0 2 0 0 0 0 1 0 62 0 7 3 0 1 0 0 0 0 6 0 0 0 0 0 0 0 0 0 0 0 0 0 13 0 0 0 1 0 
 0 0 1 2 4 0 4 0 0 54 4 4 0 0 0 0 0 0 0 2 0 35 2 1 38 0 0 0 0 3 0 2 0 4 0 0 0 0 0 2 33 421 177 47 145 111 48 323 113 116 442 183 44 45 41 36 333 0 50 29 0 0 0 0 0 0 35 0 2 58 0 22 4 6 0 0 2 0 26 6 0 0 0 0 0 0 0 0 0 0 11 0 0 0 0 0 0 0 0 0 0 0 0 0 0 0 0 0 0 0 0 0 0 0 0 0 0 0 0 0 0 0 24 50 12 15 0 0 1 0 13 0 0 0 0 0 9 56 0 0 0 0 0 0 0 0 11 0 11 14 3 3 17 15 0 1 0 1 10 11 0 0 0 0 0 0 0 0 0 0 0 0 0 0 0 0 0 0 0 0 0 0 0 0 0 0 1 0 0 0 0 0 0 0 0 0 0 0 0 0 0 0 0 0 18 10 0 0 0 0 11 19 0 0 0 10 0 0 0 0 7 0 3 6 0 37 37 15 33 0 4 7 23 6 11 1 0 0 11 7 0 0 0 0 0 0 0 0 0 0 0 14 0 1 0 0 0 0 2 2 0 0 4 1 0 1 5 2 2 0 0 0 0 1 0 0 0 0 0 0 0 0 0 0 0 18 0 0 1 0 
 3 5 6 3 66 3 9 3 3 3 6 3 3 3 3 3 3 3 3 3 3 67 4 219 4 3 3 40 3 12 123 66 3 9 76 66 5 41 3 3 37 248 42 66 57 61 55 87 64 90 35 31 179 69 131 40 44 50 0 153 7 3 0 10 0 0 3 1 4 0 0 3 21 9 0 3 4 50 4 0 0 0 0 0 0 0 0 0 0 0 0 0 0 0 0 0 0 0 0 0 0 0 0 1 0 0 0 9 0 15 15 0 0 0 0 0 0 0 0 0 28 0 9 0 0 0 6 19 10 0 0 0 9 3 16 10 0 0 10 0 0 6 0 0 0 0 1 0 0 0 0 15 0 11 0 0 20 2 0 0 0 0 7 0 13 0 0 0 0 1 0 0 0 0 0 0 0 7 0 0 7 0 15 0 7 13 0 0 0 23 18 7 0 0 0 0 1 0 0 0 13 0 0 0 0 0 11 0 10 0 0 0 0 18 0 15 23 0 13 19 0 8 3 9 8 6 0 0 4 7 5 4 0 8 7 4 0 0 0 6 0 0 0 0 0 0 0 0 0 0 0 7 0 2 0 0 0 1 0 0 14 0 1 0 0 0 7 0 1 0 0 0 0 0 0 0 0 0 0 0 0 0 0 0 0 0 0 0 1 0 
 0 0 0 0 0 0 0 0 0 1 0 0 0 0 0 0 0 2 2 0 0 99 66 88 1 70 19 17 3 19 64 0 0 0 206 74 0 0 3 0 166 80 49 114 64 45 17 44 272 85 51 34 245 189 225 68 177 29 153 0 0 0 0 0 0 1 3 1 0 0 53 0 35 1 0 2 0 1 0 0 0 0 0 0 0 0 0 0 0 0 0 0 0 0 0 0 0 0 0 0 0 0 9 9 9 0 20 0 15 0 0 0 0 0 0 0 3 3 0 0 15 27 9 0 0 0 0 0 0 20 22 0 0 10 12 0 1 0 11 20 0 0 0 0 0 4 0 0 13 0 0 0 0 0 0 0 0 0 0 0 4 0 3 0 3 0 0 0 0 0 0 0 0 0 0 0 0 9 0 2 0 0 14 0 18 12 0 0 4 15 6 18 0 5 0 0 13 6 13 0 33 7 0 13 0 0 19 21 16 1 0 0 11 30 37 26 13 10 16 16 0 0 0 0 0 0 0 0 0 0 0 0 0 0 0 0 0 0 0 16 0 0 1 0 0 0 0 0 0 0 0 75 0 0 0 0 0 0 15 0 0 0 42 0 1 0 13 0 0 0 20 0 0 0 0 0 0 0 0 0 0 0 0 0 15 0 0 0 0 0 
 0 0 0 0 0 0 0 0 2 0 2 0 33 0 0 0 0 1 0 0 0 0 5 0 0 0 3 0 5 3 8 4 0 23 3 3 0 4 1 0 0 0 0 51 0 0 0 0 0 0 0 53 4 0 0 2 0 0 7 0 0 90 112 74 37 53 140 190 110 123 87 103 170 298 104 91 119 16 117 148 0 0 0 0 0 1 0 0 0 0 0 0 18 0 0 0 0 0 0 0 0 3 0 0 0 0 7 4 1 0 0 4 0 1 0 0 3 0 0 1 0 0 0 2 0 1 0 0 0 0 0 0 0 0 0 0 0 0 3 0 13 22 0 23 0 0 5 15 0 18 6 5 0 14 6 1 21 10 0 0 0 0 0 0 0 0 0 0 7 0 0 0 0 0 0 5 0 0 5 0 1 0 3 0 15 0 0 3 0 3 0 0 0 0 0 4 0 0 0 3 0 0 0 0 0 7 0 0 0 0 0 0 0 0 0 0 0 0 0 1 0 1 42 31 1 21 0 5 8 48 14 0 0 14 26 30 21 10 2 29 9 0 0 0 0 0 0 0 0 0 0 0 0 0 7 0 0 3 0 0 0 0 48 54 0 0 0 0 0 0 3 0 1 17 0 0 0 0 0 0 0 0 0 0 0 1 0 0 0 0 
