 0 161 173 46 137 21 108 89 131 371 125 25 148 115 310 152 177 139 209 126 0 0 3 1 6 3 0 0 3 0 0 0 2 6 0 0 2 4 1 0 3 2 0 2 0 0 0 1 0 0 0 0 0 0 0 0 2 3 0 0 0 4 2 0 0 9 3 1 2 0 0 0 0 0 1 4 0 0 0 3 12 23 0 12 0 0 29 33 31 23 0 15 17 34 11 1 73 10 16 0 0 0 0 0 0 0 0 0 0 0 0 0 1 0 13 0 0 5 0 1 0 0 0 0 0 0 0 0 0 0 0 0 0 0 0 0 0 0 0 2 0 0 0 0 0 7 0 0 0 6 0 0 7 0 0 14 0 5 0 0 10 17 0 0 18 0 64 13 10 11 0 0 0 2 46 1 11 1 47 46 0 0 0 0 0 0 0 0 0 0 0 0 0 2 0 0 0 0 11 0 2 0 0 0 0 0 0 0 2 0 0 0 0 0 0 0 0 0 0 0 0 0 0 0 0 2 0 0 0 0 0 0 0 0 0 0 0 0 0 0 0 0 0 0 0 4 2 0 91 0 0 6 0 0 0 0 0 0 0 0 1 0 0 0 0 0 0 0 0 0 0 0 0 0 0 0 11 0 0 0 0 0 0 0 0 0 0 0 0 0 
 161 0 240 176 252 253 78 515 510 278 119 331 63 69 345 514 183 49 41 350 4 1 3 0 3 3 0 150 3 0 3 0 82 1 1 0 1 4 0 1 3 0 0 4 2 97 0 2 0 0 0 0 0 0 0 0 3 2 3 0 0 3 2 0 2 10 3 2 64 2 0 0 3 0 1 3 0 0 0 3 8 17 37 2 10 1 40 1 19 29 0 0 8 28 14 24 17 15 0 0 0 0 0 0 2 0 0 11 0 0 0 0 45 0 20 0 0 0 0 16 0 0 0 0 0 0 0 0 0 0 0 0 0 0 0 0 0 0 0 0 0 0 0 2 0 5 0 0 0 2 0 0 2 0 0 0 0 4 0 0 0 8 14 17 25 21 23 42 41 28 2 0 0 10 23 37 21 10 24 23 0 0 0 0 0 0 37 46 2 0 0 0 19 41 0 0 0 0 20 14 1 0 8 0 1 0 0 0 0 0 0 0 0 0 0 0 0 0 0 0 0 0 0 0 0 0 0 0 1 0 0 0 0 0 0 1 0 0 0 0 0 31 0 0 0 0 90 2 90 0 0 13 0 2 0 0 0 0 0 0 0 0 0 0 0 0 0 0 0 0 0 0 0 0 0 0 5 0 0 0 0 0 0 0 0 0 0 0 0 0 
 173 240 0 192 61 126 165 166 470 399 43 56 177 353 135 121 374 130 26 202 2 0 3 0 210 3 6 0 3 4 0 4 21 0 0 4 0 5 41 2 3 63 4 6 0 0 0 1 0 0 0 0 63 0 0 0 0 2 3 2 0 6 2 0 1 6 5 0 3 0 0 0 0 2 0 4 0 0 2 4 0 15 2 26 10 7 23 45 0 27 11 19 0 13 14 23 0 0 0 0 14 0 0 0 0 0 0 0 0 0 0 0 12 0 0 0 0 0 12 2 0 0 0 2 0 0 0 0 0 0 0 0 0 0 0 0 0 0 0 0 0 4 0 0 0 0 0 0 0 0 0 0 0 2 0 0 4 0 0 0 15 24 13 19 15 19 23 11 28 16 8 0 0 11 21 15 28 15 16 14 8 0 0 0 0 0 19 0 0 0 0 0 13 10 14 0 0 0 5 27 0 0 0 0 0 0 0 0 0 0 0 0 0 0 0 0 0 0 1 0 0 0 0 0 0 0 0 2 0 0 0 0 1 0 0 0 0 1 0 0 0 15 0 0 0 0 89 0 1 1 1 4 0 0 0 0 0 0 0 0 0 0 0 0 0 0 0 0 0 0 0 0 0 0 1 0 0 7 0 0 0 0 0 0 0 0 0 0 0 0 
 46 176 192 0 95 130 180 172 254 339 53 197 60 195 87 272 95 226 57 367 24 0 3 0 210 3 0 31 2 0 0 1 97 74 79 0 0 3 74 0 3 0 55 2 0 30 0 65 6 0 0 0 0 3 0 9 55 3 2 0 0 3 2 0 0 2 3 0 0 0 0 0 0 0 0 0 2 0 0 2 10 20 12 24 18 16 15 1 9 15 22 20 0 0 0 0 14 0 0 0 0 1 0 0 10 0 0 6 0 17 13 0 10 31 10 0 0 0 28 7 0 0 0 0 0 0 0 0 0 0 0 0 0 0 0 0 0 0 0 0 0 0 0 0 10 0 0 0 0 0 0 0 0 0 0 0 0 0 0 0 17 7 23 3 16 8 1 0 14 1 2 14 0 2 0 28 12 0 2 0 32 0 0 11 2 0 23 31 14 22 0 0 10 2 1 7 7 0 29 13 0 0 0 0 0 0 0 0 0 0 0 0 0 0 1 0 0 0 2 0 0 0 0 0 0 0 0 0 0 0 0 0 2 0 0 0 0 3 0 0 0 0 0 0 0 3 37 1 3 0 0 4 32 0 0 0 0 0 0 0 0 16 7 0 0 0 0 0 0 0 0 0 0 0 0 15 0 0 0 0 0 0 0 0 0 0 0 0 0 0 
 137 252 61 95 0 347 146 66 46 103 256 157 389 380 78 72 78 126 68 396 0 77 82 2 76 3 2 24 3 0 26 3 1 1 2 0 0 9 0 104 5 0 0 2 0 0 6 0 0 0 0 2 0 3 0 0 0 4 4 0 2 3 2 0 2 2 5 8 3 0 0 0 3 0 1 0 25 0 0 3 0 0 11 30 31 0 0 16 0 7 0 77 0 0 0 0 0 0 0 0 0 12 24 0 0 0 27 0 12 14 14 0 0 19 35 76 25 0 8 0 0 0 0 0 0 0 0 0 0 0 13 0 0 0 0 0 0 0 0 0 0 0 0 15 4 0 0 0 0 0 0 0 1 0 0 0 0 0 2 0 18 5 12 26 22 19 1 0 0 0 2 49 0 0 1 5 8 0 0 5 13 0 55 0 2 0 0 12 31 15 26 0 11 18 0 7 7 0 57 1 0 0 2 1 0 0 0 0 0 0 0 0 0 0 0 0 0 0 0 0 0 0 0 0 0 0 0 0 0 0 1 0 0 0 0 0 0 0 0 0 0 0 42 0 0 1 6 2 4 95 1 12 0 0 0 0 0 0 1 0 0 12 0 0 0 0 36 0 0 0 0 0 0 0 0 9 0 0 0 0 0 0 0 0 0 0 0 0 0 0 
 21 253 126 130 347 0 44 151 128 53 93 431 267 60 273 55 90 307 54 486 35 115 78 0 76 3 0 92 28 76 76 0 77 148 1 20 0 6 75 2 3 0 0 2 0 0 3 1 0 0 0 0 0 0 0 0 0 2 0 0 0 3 2 0 0 2 3 2 2 0 0 0 0 0 4 0 0 0 0 3 0 0 4 12 0 13 0 0 0 0 0 23 0 0 0 58 0 0 0 0 9 0 21 1 0 11 15 29 0 4 18 7 40 14 6 0 16 23 0 0 0 0 0 0 2 0 0 0 0 0 0 0 0 0 0 0 0 0 0 0 0 2 0 0 6 0 0 0 0 1 0 0 0 0 0 0 0 0 0 0 0 2 7 27 0 0 9 0 0 0 15 26 0 0 6 1 0 0 0 0 44 0 10 39 0 0 39 37 21 24 10 14 68 30 39 26 49 0 6 15 2 0 0 0 0 0 34 0 2 0 0 0 0 0 0 0 0 0 0 0 0 0 17 0 0 2 0 20 0 0 0 0 3 0 15 0 0 1 1 0 0 0 0 0 0 0 93 0 1 93 0 4 0 0 0 0 0 0 75 0 1 15 0 0 0 0 13 0 0 0 0 0 0 0 0 3 0 0 0 0 0 0 0 0 0 0 0 0 0 0 
 108 78 165 180 146 44 0 191 80 28 43 79 244 150 231 139 82 77 48 106 0 0 3 0 3 3 33 0 3 0 0 0 1 1 0 17 0 4 0 0 3 0 0 2 0 0 0 1 2 0 0 0 0 0 0 0 0 2 0 0 0 3 2 0 0 2 3 0 1 0 0 0 0 0 0 0 0 0 0 3 13 18 32 10 0 12 14 0 2 24 0 0 10 62 10 10 12 22 18 18 0 0 0 0 0 0 0 0 0 0 0 0 19 0 0 0 0 0 14 14 0 0 0 0 0 0 0 0 0 0 0 0 0 0 0 0 2 0 0 0 0 0 18 0 7 0 0 0 0 0 0 0 0 0 0 0 0 0 2 0 32 7 8 1 10 7 12 1 13 2 40 19 0 0 0 23 30 13 0 0 0 11 0 0 0 0 1 0 0 0 0 1 0 0 15 0 0 2 0 1 0 0 0 0 0 0 0 0 0 0 0 1 0 0 0 2 0 0 0 0 0 0 0 0 0 0 0 0 0 0 0 0 0 0 0 1 0 0 0 0 0 0 0 0 0 2 86 0 2 0 0 1 0 0 0 0 0 0 0 0 0 0 0 0 0 0 0 0 0 0 0 0 0 0 0 14 0 0 0 0 0 0 0 0 0 0 0 0 0 0 
 89 515 166 172 66 151 191 0 304 43 26 394 433 209 72 176 53 32 59 283 0 0 3 0 3 3 0 0 3 0 3 0 1 0 0 0 0 3 0 0 3 0 0 2 0 0 0 1 4 0 0 0 0 0 0 2 61 2 0 34 0 3 46 0 0 2 34 1 2 0 0 0 0 0 0 0 0 0 0 3 35 69 36 1 0 22 21 0 24 50 40 0 10 26 0 22 13 19 0 23 0 0 0 0 0 0 0 0 0 0 0 2 10 0 0 0 0 0 2 1 0 0 1 0 0 10 0 0 0 0 1 0 0 0 0 0 0 0 0 0 0 0 0 1 0 5 0 0 0 15 0 0 6 0 0 0 0 4 0 0 5 8 7 0 10 0 1 22 12 44 12 15 12 12 64 27 14 0 29 15 0 0 0 0 0 2 21 2 0 0 0 0 0 0 0 0 0 0 0 16 0 0 0 0 2 0 0 0 0 0 0 0 0 0 0 0 0 0 0 0 0 0 0 0 2 0 0 0 2 0 0 0 0 8 0 0 0 0 0 0 0 0 0 0 0 0 1 2 0 2 0 7 0 1 0 0 0 0 0 0 0 0 0 0 0 0 0 0 0 0 0 0 0 0 0 0 0 0 0 0 0 0 0 0 0 0 0 0 0 0 
 131 510 470 254 46 128 80 304 0 213 40 51 193 89 276 139 142 116 81 130 77 0 3 0 3 3 0 0 2 0 0 0 47 0 1 0 2 4 7 1 3 0 0 2 0 62 0 72 0 0 0 0 0 0 0 0 10 2 0 0 0 3 68 0 0 3 3 0 0 0 0 0 48 0 0 3 0 0 0 3 31 38 15 2 10 0 79 1 7 10 0 7 15 0 22 10 30 16 0 0 0 0 0 0 2 8 0 19 0 0 0 0 12 0 0 0 0 0 10 14 0 0 0 0 0 0 0 0 0 0 0 0 18 0 0 0 0 0 0 0 0 0 0 2 0 5 0 0 0 13 0 0 8 0 0 0 0 1 0 0 8 5 31 11 28 14 7 19 32 43 1 0 0 17 42 65 15 15 42 3 0 0 0 0 0 0 38 11 2 0 0 0 12 15 0 0 0 0 2 15 0 0 0 0 1 0 0 0 0 7 0 0 0 0 0 0 0 0 0 0 0 0 0 0 0 0 0 6 1 0 0 0 0 0 0 0 0 0 0 0 0 17 0 0 0 2 3 0 1 1 2 6 0 2 2 0 0 0 0 0 83 0 0 0 0 0 0 0 0 0 0 0 0 0 0 0 6 0 0 0 0 0 0 0 0 0 0 0 0 0 
 371 278 399 339 103 53 28 43 213 0 193 253 229 183 112 266 177 179 66 114 76 0 3 1 53 3 0 0 3 0 0 0 37 0 77 1 0 6 61 144 3 0 0 2 0 25 0 0 0 7 0 0 0 0 0 0 0 2 0 0 0 3 3 0 0 2 2 3 3 0 0 0 0 0 2 1 0 0 0 3 30 0 18 28 9 0 18 0 24 79 1 13 8 13 0 0 19 14 0 1 0 0 0 2 0 0 0 9 15 0 0 0 2 0 0 0 0 0 21 24 0 0 0 8 1 0 0 0 0 0 0 0 0 0 0 0 0 0 0 0 0 0 0 0 0 5 0 0 0 4 0 0 2 0 0 0 0 4 0 0 1 10 7 6 29 12 6 34 31 27 1 40 0 8 24 23 39 0 27 10 0 0 0 0 0 0 12 19 0 0 1 0 0 41 0 0 0 0 34 22 1 0 0 0 0 0 0 0 0 0 14 0 0 0 0 0 0 0 0 0 0 0 0 0 1 0 0 0 0 0 0 0 0 0 0 0 0 0 2 0 0 0 1 0 0 2 0 2 3 0 3 10 0 0 0 0 0 0 0 0 2 0 13 0 0 0 0 0 0 0 0 0 0 0 0 0 10 0 0 0 0 0 0 0 0 0 0 0 0 2 
 125 119 43 53 256 93 43 26 40 193 0 75 247 204 96 61 106 56 30 57 0 0 3 2 3 3 4 0 3 0 0 0 1 76 73 0 0 5 8 148 5 3 15 2 0 4 1 6 0 0 0 3 2 0 0 3 0 2 7 0 0 3 2 0 47 2 4 10 4 0 5 0 0 1 4 0 0 5 0 6 6 1 16 29 27 11 0 23 10 6 47 19 0 0 0 1 13 31 0 0 1 12 0 0 0 0 16 0 21 0 0 0 0 7 21 21 13 0 38 21 0 0 2 0 0 0 0 0 2 0 0 1 0 0 0 0 0 1 0 0 0 0 0 0 0 0 0 0 2 0 0 0 0 0 0 0 58 0 0 0 2 7 0 3 10 8 2 0 11 10 1 20 0 0 0 0 29 29 0 0 9 0 3 0 0 0 15 0 0 0 0 0 0 26 0 1 0 0 24 27 0 0 0 0 0 0 0 0 0 0 0 0 0 0 0 0 0 0 2 0 0 0 0 0 0 0 0 0 0 0 0 0 0 0 0 0 0 0 0 0 0 0 12 0 0 3 0 0 1 41 2 8 0 0 0 0 2 0 0 0 1 1 0 0 0 0 2 0 0 0 54 0 0 0 0 0 10 10 0 0 0 0 0 0 0 0 0 0 0 0 
 25 331 56 197 157 431 79 394 51 253 75 0 51 129 79 258 352 80 26 45 3 1 77 0 3 3 82 145 77 0 0 0 1 72 2 1 0 3 73 74 3 0 0 2 0 0 0 2 4 0 0 0 0 0 0 0 0 2 0 0 0 3 2 0 0 2 3 0 32 0 0 0 0 0 0 0 0 0 0 3 0 31 39 28 2 52 0 0 0 55 13 11 0 23 0 21 0 11 0 0 0 14 17 0 0 0 0 0 0 8 14 15 35 12 0 0 0 14 2 29 0 0 0 1 0 0 0 0 0 0 0 0 0 0 0 0 0 0 0 0 0 0 0 0 3 0 0 0 0 0 0 0 0 1 0 0 0 0 3 0 0 0 0 36 0 11 0 0 14 0 21 12 0 0 12 18 31 0 0 0 3 0 0 17 0 0 0 13 0 13 0 22 39 0 11 22 19 0 9 19 0 0 0 0 0 0 0 0 0 0 0 0 0 0 0 0 0 1 0 0 0 0 0 0 0 0 0 1 0 0 0 0 0 0 0 0 0 0 0 0 0 0 0 0 0 0 170 4 2 4 2 9 36 2 0 0 0 0 0 0 0 9 0 0 2 0 0 0 0 0 0 0 0 0 0 14 0 0 0 0 0 0 0 0 0 2 0 0 0 0 
 148 63 177 60 389 267 244 433 193 229 247 51 0 88 356 311 47 112 67 267 0 1 3 0 3 3 2 0 3 0 2 0 2 3 0 0 2 4 1 0 3 0 0 2 0 0 0 2 0 0 0 0 0 0 0 0 0 2 0 0 0 3 2 0 0 2 3 2 1 0 0 0 0 0 0 0 0 0 0 3 19 0 9 27 9 0 20 35 0 34 19 11 2 0 0 0 38 0 4 0 0 12 0 0 0 0 0 0 0 0 0 0 0 0 0 0 0 0 17 5 0 2 0 0 0 0 0 0 0 0 0 1 0 0 2 0 0 0 0 0 0 0 3 0 0 0 0 0 0 0 2 2 0 0 0 0 0 0 0 0 34 22 8 1 18 0 9 0 15 0 17 19 0 5 0 14 17 14 0 0 0 2 0 0 21 0 0 0 0 0 0 0 0 9 0 0 0 0 2 0 0 0 0 0 0 0 0 0 0 0 0 0 0 2 6 0 0 0 0 0 0 0 0 0 0 0 0 0 0 0 0 0 0 0 0 0 0 0 0 0 0 0 0 0 0 3 0 1 1 2 1 17 0 0 0 0 0 0 0 0 0 0 0 0 0 0 0 0 0 0 0 0 0 0 0 7 15 0 0 0 0 0 0 0 0 0 0 0 0 0 
 115 69 353 195 380 60 150 209 89 183 204 129 88 0 475 116 33 35 347 339 2 0 2 0 3 0 0 2 5 0 1 0 6 0 0 0 0 3 0 0 0 0 0 0 0 1 0 3 0 0 0 0 0 0 0 2 0 0 3 2 2 0 3 8 3 0 0 0 0 1 0 0 0 0 0 0 3 1 0 0 10 1 12 11 0 27 0 18 11 1 14 3 15 13 8 0 16 28 22 1 0 0 0 0 0 0 0 0 0 0 0 0 0 0 21 0 0 0 12 0 0 0 0 0 0 0 0 0 0 0 0 0 0 0 0 0 0 0 0 0 0 0 0 0 0 0 0 0 0 0 0 0 0 0 0 1 0 0 0 0 9 10 2 21 0 0 0 8 12 0 2 0 10 0 8 8 4 0 13 0 0 0 0 0 0 0 12 0 0 0 16 3 0 0 0 0 1 0 12 0 0 0 0 0 0 1 0 0 0 0 0 0 0 0 0 0 0 0 0 0 20 0 0 0 0 0 0 0 0 0 0 0 0 0 0 0 0 1 0 0 0 0 0 0 0 0 1 0 89 1 0 2 0 0 0 0 0 1 0 0 0 2 0 0 0 0 0 0 0 0 0 0 0 0 0 0 0 0 0 0 0 0 0 0 0 0 0 0 0 0 
 310 345 135 87 78 273 231 72 276 112 96 79 356 475 0 277 352 259 69 347 0 0 3 0 6 3 0 0 3 2 0 0 1 2 0 2 0 5 0 0 3 0 0 2 0 0 0 0 0 0 0 0 0 0 0 0 0 2 7 0 0 3 2 0 0 3 2 2 3 0 0 0 0 0 2 0 0 0 0 3 17 53 20 0 1 15 10 28 15 0 15 9 1 10 65 0 1 18 6 0 1 0 0 0 0 0 0 0 0 0 0 0 0 0 10 0 0 0 0 17 0 0 0 0 0 0 0 0 0 0 0 0 0 0 0 0 0 0 0 0 0 0 0 0 0 3 0 0 0 4 0 0 20 0 1 0 2 2 0 0 35 14 13 7 0 0 0 0 19 17 1 0 14 8 0 0 27 33 10 3 0 0 0 0 0 0 0 0 0 0 0 0 0 28 0 0 0 0 22 34 0 0 0 0 0 0 0 0 0 0 0 0 0 0 0 0 0 0 0 0 0 0 0 0 0 0 0 0 0 0 0 2 0 0 0 0 0 1 0 0 0 15 0 0 0 2 2 1 5 0 0 10 0 0 0 0 0 0 0 0 0 0 0 0 0 0 0 0 0 0 0 0 0 0 0 0 11 0 0 0 0 0 0 0 0 0 0 0 0 0 
 152 514 121 272 72 55 139 176 139 266 61 258 311 116 277 0 258 201 35 191 0 0 3 1 3 3 4 0 3 0 2 0 74 0 1 0 2 4 78 0 6 3 0 2 0 13 0 2 9 0 0 3 2 0 0 3 0 2 0 0 0 3 2 0 1 2 4 1 4 0 0 0 0 1 0 0 0 0 0 6 65 41 34 16 10 11 29 0 0 25 34 2 18 0 21 0 26 0 0 0 0 18 0 0 0 0 0 0 0 0 0 0 0 0 2 0 0 0 0 5 0 0 0 0 0 0 0 0 1 0 0 2 0 14 0 0 0 0 0 0 0 0 0 0 0 6 0 0 0 16 0 0 13 0 0 11 0 3 0 0 42 20 21 1 53 0 28 25 28 17 14 17 0 21 35 8 22 11 13 0 10 0 0 0 13 0 0 0 0 0 0 12 0 0 0 0 0 0 13 1 0 0 0 0 0 0 0 0 0 0 0 0 0 0 21 0 0 0 0 0 0 0 0 0 0 0 0 0 0 0 0 0 0 0 0 0 0 0 0 0 0 0 0 0 0 0 0 0 3 0 23 10 0 0 0 0 0 0 0 0 0 0 10 0 0 0 0 0 0 0 0 0 0 0 0 0 0 0 0 0 0 0 0 3 0 0 0 4 0 0 
 177 183 374 95 78 90 82 53 142 177 106 352 47 33 352 258 0 216 46 218 1 0 3 1 3 4 3 5 3 4 0 2 4 0 0 4 0 77 0 2 6 0 3 5 3 0 0 0 0 0 0 3 3 3 0 3 0 6 2 1 39 5 3 0 3 3 4 3 3 0 0 0 2 0 3 0 3 3 0 3 44 0 14 32 0 0 26 15 14 28 0 0 10 27 19 18 51 1 4 14 0 0 0 0 0 0 0 0 0 0 0 0 20 0 15 0 0 0 13 21 0 0 0 0 0 0 0 0 19 0 0 0 0 0 0 0 0 0 0 0 43 0 0 0 0 4 0 0 0 6 0 0 3 0 0 0 0 4 0 11 1 12 28 45 10 0 19 19 8 24 33 20 0 1 27 0 0 32 28 43 0 0 0 0 0 0 0 0 0 0 0 0 16 0 0 0 0 0 0 42 0 0 0 0 0 1 0 0 0 0 0 0 0 0 0 0 0 0 0 0 0 0 0 0 0 0 0 0 0 0 0 0 0 0 0 0 0 3 0 0 0 19 0 0 0 2 5 0 2 2 3 3 8 0 0 0 0 1 0 0 0 0 37 0 0 0 0 0 0 0 0 0 0 0 0 14 15 0 0 0 0 0 0 0 0 0 0 0 0 0 
 139 49 130 226 126 307 77 32 116 179 56 80 112 35 259 201 216 0 48 43 0 0 3 0 3 3 0 80 3 0 0 0 88 76 73 0 0 76 18 80 3 0 0 2 11 71 0 1 37 0 0 0 6 3 0 0 1 2 2 0 0 3 2 0 0 2 3 1 2 0 3 0 0 0 0 6 0 0 0 3 23 0 18 26 1 0 1 0 0 1 0 14 0 1 10 31 24 0 0 0 0 0 1 0 0 0 0 12 14 9 0 0 38 1 6 0 0 0 15 21 0 0 0 0 0 0 0 0 0 0 0 0 0 0 0 0 0 0 0 0 0 2 0 0 7 0 0 0 0 0 0 0 0 0 0 0 0 0 0 0 17 14 18 16 6 0 7 10 0 0 48 61 0 0 5 1 14 18 0 17 13 0 0 0 2 0 10 45 11 15 0 0 14 20 19 0 0 0 14 6 0 0 2 1 0 0 19 0 0 0 0 0 0 0 0 0 0 0 0 0 0 0 0 0 0 0 0 0 0 0 0 0 0 0 0 0 0 0 0 0 0 0 1 0 0 2 89 0 2 87 2 2 0 9 0 0 0 0 0 0 0 52 6 0 0 0 0 0 0 0 0 0 0 0 0 19 0 24 0 0 0 0 0 0 0 0 0 0 0 0 
 209 41 26 57 68 54 48 59 81 66 30 26 67 347 69 35 46 48 0 170 0 0 3 0 3 3 0 0 3 0 0 0 1 0 0 0 0 3 78 72 3 2 0 2 69 3 0 0 0 0 0 0 0 0 0 0 0 2 23 0 0 3 2 0 0 2 2 2 3 0 0 0 3 0 2 1 0 0 0 3 15 0 0 0 0 0 1 23 33 0 0 0 32 12 0 0 10 10 43 38 0 0 0 0 0 0 0 0 0 0 0 0 0 0 0 0 0 0 0 0 0 0 0 0 18 0 0 0 0 0 0 0 0 0 0 0 0 0 0 0 0 0 0 0 0 0 0 0 0 0 0 0 0 0 1 0 1 1 0 0 15 13 0 0 0 0 10 11 0 0 0 0 19 0 9 9 0 0 7 1 0 0 0 10 0 0 0 0 0 0 0 0 0 0 0 0 0 0 19 0 0 0 0 1 0 0 0 0 0 0 0 0 0 21 0 0 0 0 0 0 0 0 0 0 0 0 0 0 0 0 1 16 0 0 0 0 4 0 0 0 0 0 0 0 0 0 0 0 1 0 0 4 0 0 0 0 0 0 0 0 0 0 0 0 0 0 0 0 0 0 0 0 0 0 0 0 0 0 0 0 0 0 0 0 0 0 0 0 0 0 
 126 350 202 367 396 486 106 283 130 114 57 45 267 339 347 191 218 43 170 0 2 0 3 0 5 3 3 2 3 2 0 2 3 0 0 2 0 4 0 2 3 1 11 10 0 0 0 1 0 0 0 0 0 3 0 0 0 4 0 1 0 4 2 2 0 2 3 1 2 0 45 0 0 0 0 4 0 0 0 3 19 0 0 10 0 0 22 44 25 16 0 0 0 0 1 0 19 10 30 18 0 0 0 0 15 0 0 0 0 0 0 0 0 0 0 0 0 0 0 0 0 0 0 0 0 0 0 0 0 0 0 0 0 0 1 0 0 0 0 0 0 0 0 0 0 0 0 0 0 0 0 0 0 0 0 0 0 0 0 0 29 36 7 1 19 0 0 45 24 7 17 45 0 7 24 8 20 14 13 14 0 0 0 0 0 0 0 0 0 0 0 0 0 0 0 0 0 0 0 0 0 0 0 0 0 0 0 0 0 0 0 0 0 0 0 0 0 0 0 0 0 0 0 20 0 0 0 0 0 0 0 0 0 0 0 0 0 0 0 0 0 0 0 0 0 2 0 1 1 0 0 2 0 0 0 0 0 0 0 0 0 0 0 0 0 0 0 0 0 0 0 0 0 0 0 0 21 0 0 0 0 0 0 0 0 0 0 0 0 0 
 0 4 2 24 0 35 0 0 77 76 0 3 0 2 0 0 1 0 0 2 0 377 326 60 101 40 225 236 156 50 255 170 352 133 147 191 115 184 284 257 2 0 6 4 6 3 3 4 0 3 2 7 4 11 0 7 2 2 7 2 2 2 3 5 0 6 0 3 5 3 2 3 0 4 8 1 5 8 3 4 10 0 0 0 8 0 0 0 2 0 0 0 0 0 0 0 0 1 0 0 13 17 56 39 14 37 0 26 1 1 0 9 0 29 15 11 9 42 13 10 0 0 0 0 0 0 0 0 0 0 0 0 0 4 0 12 0 0 0 4 1 1 0 0 0 0 0 1 0 0 0 0 0 1 10 2 0 0 0 0 0 0 0 0 0 37 14 0 0 0 2 0 0 0 0 16 0 0 6 0 1 11 0 23 10 0 14 24 29 10 38 2 0 2 22 37 12 28 10 6 0 0 0 0 0 0 11 0 0 0 0 0 1 0 1 0 0 0 1 6 0 0 0 0 0 0 13 0 0 0 0 0 0 0 0 0 0 2 0 0 0 0 0 0 0 0 0 0 0 0 0 0 0 0 0 2 0 0 76 0 15 0 0 0 0 0 17 0 0 0 0 0 0 0 2 0 1 0 0 0 0 10 0 0 0 0 2 0 0 29 
 0 1 0 0 77 115 0 0 0 0 0 1 1 0 0 0 0 0 0 0 377 0 177 162 53 244 276 393 127 172 327 77 79 49 221 180 193 28 81 351 2 0 0 0 3 0 7 0 63 0 0 3 3 3 1 3 0 2 0 0 0 0 0 0 0 2 0 3 3 0 21 0 0 0 0 0 3 3 3 0 0 0 0 5 0 0 0 0 0 0 0 0 0 0 0 0 0 0 0 0 27 19 22 0 0 0 6 19 20 0 22 8 28 10 0 0 64 48 0 0 1 0 0 0 0 0 0 0 0 0 0 0 1 0 0 0 0 0 0 0 0 0 0 0 0 19 0 0 0 0 0 0 0 0 0 0 0 0 3 0 0 0 0 0 0 0 0 0 0 0 1 0 0 0 0 0 0 0 2 0 22 9 41 35 8 0 0 5 27 9 4 11 14 14 12 0 35 18 0 0 0 0 0 0 0 0 0 0 0 0 0 0 0 0 0 0 0 0 7 20 0 0 0 0 0 0 0 0 0 0 0 0 0 0 0 0 0 0 0 0 0 0 0 0 0 0 0 0 0 0 0 0 0 0 11 0 0 0 113 2 2 1 0 0 0 0 0 0 0 0 0 0 0 0 0 0 0 0 0 0 0 0 0 0 0 0 19 0 0 0 
 3 3 3 3 82 78 3 3 3 3 3 77 3 2 3 3 3 3 3 3 326 177 0 478 55 125 91 90 389 166 44 102 66 33 156 373 87 103 56 212 3 0 2 0 3 3 0 0 1 3 0 4 3 9 0 5 2 89 0 0 0 0 0 0 0 3 0 4 4 0 0 0 0 0 7 0 3 6 3 0 0 0 0 0 9 0 0 0 0 0 0 10 0 0 1 0 0 0 0 0 49 39 54 27 15 30 1 54 13 45 16 0 0 8 24 18 12 47 0 18 0 0 0 0 0 0 10 0 0 0 0 0 10 1 0 0 0 0 0 20 0 0 0 0 3 0 0 0 0 0 0 0 0 0 0 12 0 0 3 0 0 1 0 0 0 8 0 0 0 0 0 9 0 0 0 1 0 11 7 2 0 44 9 44 0 0 0 0 32 4 38 22 0 10 35 34 40 55 27 0 6 0 0 0 0 0 14 0 0 0 0 0 8 0 20 0 0 0 9 31 0 0 0 0 0 0 0 0 0 0 0 0 0 0 0 0 1 0 2 0 0 0 0 0 0 0 0 0 0 0 0 0 0 0 4 0 1 0 12 0 13 1 0 0 0 0 11 0 0 0 0 0 0 0 0 0 0 0 0 0 0 0 0 0 0 12 0 0 0 0 
 1 0 0 0 2 0 0 0 0 1 2 0 0 0 0 1 1 0 0 0 60 162 478 0 186 123 233 247 155 147 129 187 71 115 175 192 65 61 124 142 3 1 0 0 3 0 62 0 3 0 0 3 36 3 0 4 0 5 64 71 0 0 3 49 0 3 0 3 2 0 0 0 0 0 49 0 3 3 3 3 0 0 0 0 0 0 0 0 0 0 4 0 0 0 1 0 0 0 0 0 12 6 0 23 13 0 0 0 15 22 26 19 0 0 1 0 20 0 0 12 32 17 0 0 0 0 10 6 0 0 0 0 20 19 0 0 16 0 0 0 0 0 11 0 0 2 3 0 0 0 0 0 0 0 0 0 0 7 0 0 0 0 2 0 0 0 0 0 0 0 2 0 0 0 0 10 0 0 12 0 4 45 0 16 28 23 0 10 26 0 0 1 6 5 12 13 29 44 0 0 7 0 0 0 0 0 10 18 0 7 49 0 23 17 13 0 0 10 2 28 10 0 0 0 0 0 0 0 0 0 0 0 0 0 0 0 0 0 0 0 0 0 0 0 0 0 0 1 0 0 0 0 0 0 22 0 1 82 150 0 15 0 0 0 0 0 0 0 0 0 0 0 0 0 0 0 1 0 0 0 0 16 0 0 2 13 0 0 0 0 
 6 3 210 210 76 76 3 3 3 53 3 3 3 3 6 3 3 3 3 5 101 53 55 186 0 263 34 40 60 58 90 57 65 148 68 375 106 43 53 360 66 4 128 0 4 0 1 2 2 67 0 3 140 25 68 22 12 2 1 45 0 0 0 0 0 2 0 4 3 0 4 2 3 0 7 0 3 3 71 0 0 0 0 0 9 0 0 0 0 0 5 0 0 0 0 0 0 0 0 0 7 0 11 0 0 17 0 0 0 0 0 1 0 1 0 0 0 0 0 0 2 18 23 0 0 0 15 17 13 0 0 19 3 6 0 0 10 0 10 1 0 2 0 0 0 0 2 0 0 0 5 0 0 0 0 0 0 0 0 0 0 0 0 0 0 26 0 0 0 0 2 9 0 0 0 0 0 0 0 0 0 0 16 0 1 14 0 0 28 0 0 0 0 1 10 0 0 0 17 0 10 43 22 0 0 0 15 32 0 7 27 9 7 14 21 11 50 13 14 0 0 0 0 0 0 0 0 0 9 0 0 0 2 0 0 0 0 0 16 0 0 0 0 0 0 0 0 0 0 0 0 0 0 0 12 3 0 49 0 2 5 0 0 0 0 0 9 0 0 0 0 0 0 0 2 0 0 0 0 0 0 47 11 0 0 0 0 8 0 0 
 3 3 3 3 3 3 3 3 3 3 3 3 3 0 3 3 4 3 3 3 40 244 125 123 263 0 112 109 282 77 156 37 39 54 49 77 293 102 47 52 22 62 16 0 3 0 2 1 64 21 0 3 4 9 32 3 2 3 0 65 0 0 0 0 0 2 0 3 3 0 0 0 0 3 0 0 3 3 6 0 0 0 0 0 0 0 0 0 0 0 0 0 0 0 0 0 0 1 0 0 0 33 17 11 34 11 0 9 18 0 11 10 0 0 26 6 0 21 0 0 0 29 12 0 0 0 35 0 11 2 10 11 27 0 11 12 13 0 6 23 0 0 0 34 0 0 0 0 0 0 0 0 2 0 0 0 0 0 0 0 2 0 0 0 23 7 0 0 0 0 1 0 0 0 0 0 0 0 0 0 0 11 2 0 0 28 0 11 0 13 30 2 0 0 0 20 0 21 0 0 4 11 0 8 0 0 11 25 0 0 16 0 7 21 25 0 0 6 16 4 0 0 0 0 0 0 1 0 0 0 0 0 0 0 0 0 0 2 0 0 0 0 0 0 0 0 0 0 0 0 0 0 0 0 20 0 1 78 4 4 4 0 0 0 0 0 0 0 0 0 0 0 0 0 0 0 0 0 0 0 0 22 0 0 1 1 0 0 0 0 
 0 0 6 0 2 0 33 0 0 0 4 82 2 0 0 4 3 0 0 3 225 276 91 233 34 112 0 144 74 152 34 82 71 219 139 248 105 122 271 77 3 0 0 0 3 0 0 0 0 0 0 3 3 11 0 3 0 3 0 0 0 0 0 0 0 3 0 5 2 0 0 0 0 0 0 0 3 8 3 0 0 0 0 12 0 14 0 0 0 0 12 9 0 0 0 9 0 11 0 0 34 45 28 28 17 12 18 37 0 27 14 1 0 5 0 0 37 66 0 29 9 0 0 0 0 0 0 0 0 0 0 0 0 0 13 0 0 0 0 4 0 0 0 0 3 0 0 0 0 0 0 0 0 0 0 0 0 0 4 0 0 0 0 0 7 0 0 0 0 0 1 0 0 0 0 2 0 10 40 0 29 65 23 29 12 0 8 2 33 10 8 9 0 0 13 12 31 20 18 15 0 0 0 0 0 0 15 0 0 0 0 0 1 0 0 0 0 0 7 0 0 0 0 0 0 0 0 0 0 1 0 0 0 0 0 0 0 0 0 0 0 12 0 0 0 0 0 0 0 0 0 0 0 0 4 0 1 0 2 2 4 9 0 0 0 0 0 0 0 0 0 0 0 0 0 0 0 0 0 16 0 4 0 0 0 0 0 0 0 0 
 0 150 0 31 24 92 0 0 0 0 0 145 0 2 0 0 5 80 0 2 236 393 90 247 40 109 144 0 117 64 70 412 110 235 227 215 154 334 60 266 66 0 0 0 3 2 0 0 0 0 0 3 3 12 0 3 0 5 1 0 0 1 0 0 0 6 1 3 2 0 8 3 0 0 0 0 6 3 7 0 0 0 10 9 1 10 0 0 0 0 0 10 19 0 0 0 0 0 0 0 27 19 41 19 41 12 10 1 19 12 12 1 10 0 12 0 14 30 1 26 0 0 1 0 0 0 1 0 2 0 0 0 9 0 19 0 8 1 0 2 0 0 17 0 13 0 0 0 0 0 0 0 0 0 0 0 0 0 0 0 0 0 27 13 0 1 0 20 0 1 1 10 2 0 0 0 0 0 42 0 33 31 0 53 11 0 1 12 34 27 0 40 17 1 21 44 49 20 11 0 0 0 0 0 0 0 15 0 0 0 0 0 1 0 0 0 0 1 29 11 0 0 0 0 8 0 0 0 0 0 0 0 0 0 0 0 0 0 0 0 0 0 1 0 0 0 32 0 0 0 0 0 0 0 10 0 0 91 2 0 6 16 0 0 0 0 0 0 0 0 0 0 0 0 0 20 0 0 0 0 0 4 0 0 0 0 0 0 0 0 
 3 3 3 2 3 28 3 3 2 3 3 77 3 5 3 3 3 3 3 3 156 127 389 155 60 282 74 117 0 181 120 405 100 230 110 101 118 143 93 286 2 0 0 0 3 0 0 0 1 0 2 3 3 4 0 3 0 2 60 0 0 0 0 0 0 2 0 3 3 0 2 0 0 0 0 0 3 3 57 0 0 0 0 0 0 10 0 0 0 0 0 0 0 0 0 0 0 0 0 0 2 16 13 0 34 7 18 61 0 21 13 30 12 2 14 10 7 24 0 0 22 13 0 0 0 0 0 20 0 15 0 0 46 1 0 0 0 0 11 27 4 0 0 0 0 0 0 0 0 0 0 0 0 0 2 0 0 2 3 0 0 0 0 13 0 0 0 4 0 0 0 0 0 0 1 0 0 0 0 0 17 24 0 57 26 1 0 0 19 42 19 48 8 0 15 29 30 10 0 0 0 0 0 1 0 0 22 0 0 0 0 0 10 2 20 0 0 0 21 23 0 0 0 0 0 0 0 0 0 0 0 0 0 2 0 0 0 0 0 0 0 0 0 0 0 0 0 0 0 0 0 0 0 18 1 0 0 76 0 4 0 2 0 0 0 0 0 0 0 0 0 0 0 0 0 0 0 0 0 0 0 0 0 0 0 0 0 0 0 0 
 0 0 4 0 0 76 0 0 0 0 0 0 0 0 2 0 4 0 0 2 50 172 166 147 58 77 152 64 181 0 72 271 55 96 95 123 39 86 288 207 2 0 0 0 3 0 63 61 1 0 0 3 3 22 0 3 4 2 81 30 0 0 0 0 0 3 0 3 2 0 1 0 0 0 34 0 3 3 3 0 0 0 0 0 0 0 0 0 0 0 0 0 0 0 0 0 0 0 0 0 21 27 8 19 3 0 14 17 0 22 21 28 12 13 0 0 15 31 0 0 31 12 0 0 0 0 0 26 0 0 0 1 51 32 20 0 0 0 12 1 0 0 0 0 0 0 0 0 0 0 0 0 0 0 0 0 0 0 1 0 0 0 0 0 0 3 0 3 0 0 1 0 0 4 0 0 0 0 20 0 15 15 26 14 41 30 0 0 32 26 10 19 0 0 18 20 34 12 0 0 0 1 0 0 0 0 18 0 0 8 0 0 10 15 0 0 0 1 0 15 0 0 0 0 0 0 0 0 0 0 10 0 1 0 0 0 0 0 0 0 0 0 0 0 0 0 0 0 0 0 0 0 0 0 4 1 1 2 0 0 2 0 0 0 0 0 0 0 0 0 0 0 0 0 0 0 0 0 0 20 0 0 0 0 0 0 0 0 0 0 
 0 3 0 0 26 76 0 3 0 0 0 0 2 1 0 2 0 0 0 0 255 327 44 129 90 156 34 70 120 72 0 129 249 102 575 107 300 490 43 482 55 0 0 0 3 0 28 0 1 0 0 4 4 2 0 3 0 12 74 1 0 0 0 0 0 7 0 3 3 0 4 0 0 0 0 0 6 3 3 0 0 0 0 0 0 0 0 0 0 1 0 0 0 0 0 0 0 0 0 0 13 16 0 15 53 0 0 0 31 0 11 45 0 0 0 0 13 32 8 0 1 1 0 0 0 0 0 0 4 0 0 0 15 29 19 0 0 0 3 19 0 0 0 8 0 0 0 0 0 0 0 0 0 0 1 3 0 0 0 19 0 0 0 0 0 0 0 0 0 0 2 0 0 0 0 2 0 0 0 0 15 1 42 8 0 0 0 0 0 15 25 12 10 0 0 6 0 9 0 0 0 9 2 0 0 0 1 15 0 0 0 0 11 13 0 0 10 0 22 13 0 0 0 0 0 0 0 0 0 0 0 0 0 0 0 0 2 0 0 0 0 0 0 0 0 0 0 0 0 0 0 0 0 0 0 0 0 79 6 3 1 0 0 0 0 0 0 0 0 0 0 0 0 0 0 0 0 0 0 0 0 0 0 0 0 0 0 0 0 0 
 0 0 4 1 3 0 0 0 0 0 0 0 0 0 0 0 2 0 0 2 170 77 102 187 57 37 82 412 405 271 129 0 50 318 203 301 231 160 48 64 2 0 0 0 3 0 0 0 1 0 0 3 3 2 0 3 0 2 88 0 0 0 0 0 0 3 0 3 2 0 6 0 0 0 0 0 3 60 3 0 0 0 0 0 0 0 0 0 0 0 0 0 0 0 0 0 0 20 0 0 12 9 0 25 20 7 0 11 1 53 17 41 0 0 14 1 22 0 0 0 23 0 2 0 0 0 2 0 0 0 0 0 15 0 1 0 0 2 0 20 3 0 0 0 0 0 0 0 0 0 0 0 0 0 9 5 0 0 0 0 0 0 0 0 0 0 0 0 0 2 1 0 1 0 0 0 0 0 8 15 31 45 12 42 37 1 0 0 32 11 22 17 0 0 23 33 24 23 0 0 0 9 0 0 0 0 1 0 0 0 0 0 25 4 17 0 0 2 42 24 0 0 0 0 0 0 0 0 0 0 0 0 0 0 0 0 0 0 0 0 0 0 2 0 0 0 0 0 0 0 0 0 0 0 11 2 0 6 1 2 2 2 0 0 0 0 0 0 0 0 0 0 0 0 0 0 0 1 0 14 0 0 0 0 0 1 0 0 0 0 
 2 82 21 97 1 77 1 1 47 37 1 1 2 6 1 74 4 88 1 3 352 79 66 71 65 39 71 110 100 55 249 50 0 305 34 262 25 32 154 52 2 0 6 5 6 4 2 2 8 2 1 24 6 4 1 5 2 3 3 2 0 2 0 4 0 3 0 3 2 0 0 0 3 0 0 0 3 3 3 0 0 1 18 14 79 0 0 0 20 3 24 19 0 0 0 22 0 17 0 0 8 0 8 0 0 0 0 15 8 0 0 0 11 2 0 0 0 0 20 27 0 0 0 0 0 0 0 0 0 0 0 0 0 0 0 0 0 0 0 0 0 45 0 0 0 0 0 0 0 0 0 0 0 0 0 0 8 0 0 0 0 6 0 15 7 22 0 0 9 9 16 22 0 0 5 26 0 0 0 0 19 1 8 0 0 0 48 31 0 0 4 3 0 24 12 0 0 0 17 81 0 0 0 0 0 0 17 0 0 0 0 0 0 0 0 0 0 0 0 0 0 0 0 0 0 0 0 0 0 0 0 0 0 0 0 0 0 0 0 0 0 0 0 0 0 0 0 0 0 36 0 0 0 0 8 0 0 2 0 0 2 0 7 0 0 0 0 2 0 0 0 5 0 0 0 0 10 11 0 0 0 0 0 0 0 0 0 0 0 0 
 6 1 0 74 1 148 1 0 0 0 76 72 3 0 2 0 0 76 0 0 133 49 33 115 148 54 219 235 230 96 102 318 305 0 434 36 36 45 181 98 2 0 0 3 3 0 2 0 0 0 1 3 3 70 0 3 0 4 0 0 0 0 0 0 0 3 0 11 2 0 0 0 0 0 0 0 3 13 3 0 0 0 0 0 20 13 0 0 0 0 8 26 0 0 0 12 0 18 0 0 19 12 19 8 18 8 20 14 8 0 53 33 17 12 10 28 9 0 3 0 0 0 0 0 0 0 0 0 0 0 0 0 0 0 0 1 0 0 0 0 6 0 0 0 0 0 0 0 0 0 0 0 0 0 6 0 0 0 1 0 0 0 0 14 16 0 0 0 0 0 1 0 0 0 5 0 0 23 0 0 10 18 9 0 0 0 8 20 0 0 19 18 14 0 1 17 9 0 0 11 0 0 0 0 0 0 17 0 0 0 0 0 0 0 0 0 0 0 0 3 0 0 0 0 0 0 0 0 0 0 1 0 0 0 0 0 0 0 0 0 0 0 0 0 0 0 0 0 11 111 0 0 0 0 12 0 0 0 76 0 2 2 0 0 0 0 0 0 0 0 0 0 0 0 0 0 0 0 0 0 0 11 0 0 0 0 0 0 0 0 
 0 1 0 79 2 1 0 0 1 77 73 2 0 0 0 1 0 73 0 0 147 221 156 175 68 49 139 227 110 95 575 203 34 434 0 227 171 44 433 366 4 0 0 0 3 0 0 0 0 0 0 3 3 3 0 3 0 3 5 0 0 0 0 0 0 3 1 3 2 0 4 0 0 0 50 0 3 3 3 0 0 0 0 0 0 0 1 0 0 0 0 3 0 0 0 0 0 0 0 14 5 0 0 10 0 18 17 0 24 6 0 11 0 11 2 28 36 0 8 15 0 0 0 0 0 0 10 0 0 0 0 0 9 0 0 1 0 0 0 0 4 0 0 0 0 1 0 0 0 1 0 0 0 0 2 0 0 0 0 0 0 0 0 1 1 0 0 0 10 0 2 10 0 0 0 0 0 0 19 0 1 63 1 26 10 0 0 10 42 0 0 6 0 11 11 27 17 21 0 0 4 0 0 0 0 0 0 0 0 0 0 0 8 0 0 0 0 0 5 32 0 0 0 0 0 0 0 0 13 0 23 0 0 0 0 0 0 0 0 0 0 0 23 0 0 74 0 0 0 0 0 0 0 0 18 2 0 4 110 4 14 0 2 0 0 0 0 0 0 0 2 0 0 0 0 0 0 0 0 0 0 0 0 0 0 11 1 0 0 0 
 0 0 4 0 0 20 17 0 0 1 0 1 0 0 2 0 4 0 0 2 191 180 373 192 375 77 248 215 101 123 107 301 262 36 227 0 236 66 127 154 2 0 0 0 3 0 4 2 0 1 0 3 3 8 0 5 6 4 0 0 0 0 0 0 0 2 0 3 3 0 0 0 0 0 6 0 3 3 3 0 0 0 0 0 10 1 2 0 0 0 0 0 0 0 0 0 0 0 0 0 35 39 40 21 15 19 9 38 0 1 0 0 12 27 16 0 9 64 0 36 0 0 0 0 0 0 0 0 0 0 0 0 1 0 0 2 0 0 0 0 0 0 0 0 7 0 0 0 0 2 0 0 0 0 0 12 0 0 2 0 0 0 0 1 0 1 0 0 0 0 1 3 0 0 0 0 0 0 35 0 28 27 30 28 12 0 0 18 43 34 57 18 1 0 29 18 24 40 10 0 0 0 0 0 0 1 11 0 0 0 0 0 0 1 2 0 0 0 8 0 0 0 0 0 0 0 0 0 0 0 18 0 2 0 0 0 10 0 0 0 0 0 0 0 0 0 0 0 0 0 0 0 0 0 4 3 0 0 1 0 2 0 0 0 0 0 15 0 0 0 0 0 0 0 0 0 0 0 0 19 0 24 0 0 0 0 1 0 0 0 
 2 1 0 0 0 0 0 0 2 0 0 0 2 0 0 2 0 0 0 0 115 193 87 65 106 293 105 154 118 39 300 231 25 36 171 236 0 134 177 135 66 0 0 0 3 0 0 0 1 0 0 3 3 5 0 3 0 2 61 65 0 0 43 0 0 2 0 3 3 0 0 0 0 0 3 0 3 3 3 0 0 0 0 2 0 0 0 14 0 0 0 0 0 0 0 0 0 0 2 0 0 14 18 43 31 16 0 13 18 25 13 15 0 14 9 0 1 35 0 0 0 38 11 0 0 0 0 0 18 0 0 13 7 12 12 0 0 0 12 30 0 0 0 4 0 0 0 0 0 0 0 0 0 2 0 5 2 0 0 0 0 0 0 0 2 0 0 0 0 0 2 0 0 0 0 0 0 0 0 0 10 13 17 39 8 18 2 14 0 13 49 11 0 11 13 8 0 27 0 0 2 0 0 0 0 0 13 11 0 2 0 0 7 11 29 0 0 0 25 10 0 0 0 0 0 0 0 0 0 0 0 0 0 0 0 0 0 0 0 0 0 0 6 0 0 0 0 0 0 0 0 0 0 0 20 0 0 160 0 1 1 1 0 0 0 0 0 0 0 0 0 0 0 0 0 0 0 0 0 0 0 9 0 0 0 0 21 0 0 2 
 4 4 5 3 9 6 4 3 4 6 5 3 4 3 5 4 77 76 3 4 184 28 103 61 43 102 122 334 143 86 490 160 32 45 44 66 134 0 89 242 2 1 0 0 3 0 64 63 5 0 0 3 3 26 0 3 3 74 96 33 0 0 0 2 0 3 0 3 2 0 0 0 0 0 0 0 3 3 3 0 39 0 0 0 0 0 0 0 0 2 22 0 0 0 3 19 17 0 0 16 1 7 25 47 12 22 0 8 13 12 23 35 0 0 12 10 24 9 0 2 26 19 0 0 0 10 0 13 0 0 0 2 25 7 0 0 0 0 12 13 2 0 0 5 0 0 0 1 0 0 0 0 0 0 4 52 0 0 0 0 0 0 11 0 0 0 14 23 0 0 1 0 0 10 19 0 0 1 0 11 0 21 0 0 21 27 0 10 0 24 17 24 0 0 0 11 11 29 0 0 0 0 0 0 0 0 22 0 0 8 0 0 23 1 1 0 0 0 13 14 0 0 0 0 0 0 0 0 0 0 0 0 0 0 0 0 1 0 2 0 0 0 0 0 0 0 0 0 2 0 33 0 0 0 3 0 0 4 0 3 0 0 0 0 0 0 0 0 0 0 0 0 0 0 0 0 0 0 0 0 0 7 0 0 0 0 0 0 0 0 
 1 0 41 74 0 75 0 0 7 61 8 73 1 0 0 78 0 18 78 0 284 81 56 124 53 47 271 60 93 288 43 48 154 181 433 127 177 89 0 231 3 0 0 0 3 3 0 0 0 0 0 3 3 2 0 3 0 3 0 1 0 0 0 0 0 50 1 3 2 0 0 0 0 0 7 0 3 3 3 0 0 0 0 37 21 11 0 0 0 0 10 11 0 0 0 1 0 0 0 0 41 0 0 37 0 10 0 6 18 0 0 0 1 28 15 12 13 6 27 17 0 0 0 0 0 0 0 0 10 0 0 0 1 0 0 0 0 0 3 0 0 4 0 0 0 0 0 0 0 0 0 0 0 1 0 0 8 0 0 0 0 13 0 26 8 16 0 0 2 0 10 7 0 0 0 13 0 1 4 1 13 10 19 12 1 0 19 1 13 0 1 0 8 33 53 25 13 18 18 18 1 0 0 0 0 0 0 0 0 0 0 0 0 0 0 0 0 0 0 0 0 0 0 0 0 0 0 0 0 0 0 0 0 0 0 0 0 0 0 0 0 0 2 0 0 0 0 0 0 0 0 0 0 0 9 0 2 0 2 1 47 0 8 0 0 0 0 0 0 0 0 0 0 0 0 0 0 9 0 0 0 0 0 0 0 0 33 0 0 0 
 0 1 2 0 104 2 0 0 1 144 148 74 0 0 0 0 2 80 72 2 257 351 212 142 360 52 77 266 286 207 482 64 52 98 366 154 135 242 231 0 3 0 0 0 3 1 0 0 0 0 0 3 3 2 0 3 0 5 6 0 0 0 0 0 0 6 0 8 2 0 0 0 0 0 0 0 5 3 3 0 0 0 1 0 11 0 0 0 0 0 0 18 0 0 0 0 0 0 0 18 0 51 25 20 0 0 97 24 11 18 14 0 0 28 24 35 27 18 20 9 0 0 0 16 5 0 0 0 0 0 0 0 11 0 0 0 0 0 0 0 0 0 0 0 3 1 0 0 0 0 0 0 0 0 25 0 0 0 3 0 0 3 7 0 0 35 0 0 0 0 2 18 0 3 0 4 0 0 1 21 9 14 19 26 0 0 0 0 17 0 20 0 1 15 0 32 43 14 75 0 0 0 0 0 0 0 0 0 0 0 0 0 0 0 0 0 0 0 0 12 0 0 0 0 0 0 0 0 0 4 0 7 0 0 0 0 0 0 0 0 0 0 23 0 0 0 0 0 0 110 0 0 0 0 18 1 2 0 75 1 11 0 0 0 0 0 12 0 0 0 0 0 0 0 0 1 0 0 0 13 0 0 0 0 0 1 0 0 0 0 
 3 3 3 3 5 3 3 3 3 3 5 3 3 0 3 6 6 3 3 3 2 2 3 3 66 22 3 66 2 2 55 2 2 2 4 2 66 2 3 3 0 113 171 508 116 39 98 645 48 101 246 259 300 57 98 102 48 290 56 87 0 3 0 0 0 7 0 19 0 0 2 0 0 0 0 10 0 1 0 51 0 0 0 0 0 0 0 0 0 0 0 0 5 0 0 0 0 0 0 0 0 0 0 0 7 28 0 0 1 1 1 10 0 0 0 0 0 0 0 0 0 0 43 0 0 0 10 20 24 10 1 18 0 9 12 11 22 0 11 10 0 0 0 5 0 12 0 0 0 0 15 0 0 0 0 7 0 0 0 0 0 0 0 0 0 6 0 0 0 5 1 0 0 0 0 0 0 0 0 0 0 0 0 0 0 0 0 0 0 0 11 0 0 0 0 0 0 0 0 0 9 19 8 0 0 14 0 22 14 0 12 12 14 7 15 22 10 0 1 0 24 0 3 8 0 0 0 6 64 0 3 6 0 0 0 0 0 0 0 0 0 0 0 0 0 0 0 0 0 0 0 3 0 0 0 0 0 93 0 0 0 0 82 0 0 4 2 0 0 0 5 0 0 0 0 0 0 0 0 0 0 0 2 0 0 25 0 0 1 0 
 2 0 63 0 0 0 0 0 0 0 3 0 0 0 0 3 0 0 2 1 0 0 0 1 4 62 0 0 0 0 0 0 0 0 0 0 0 1 0 0 113 0 196 72 265 49 212 305 156 174 112 115 133 343 51 103 164 63 40 37 0 0 0 6 1 5 0 9 0 0 0 0 0 0 0 30 18 0 3 0 0 0 0 0 0 0 0 0 0 0 0 0 0 0 0 0 0 0 0 0 0 0 0 1 0 0 0 0 0 0 0 0 0 0 0 0 0 0 0 0 10 7 12 12 0 2 0 1 0 9 1 0 0 0 6 31 0 10 9 11 0 0 0 0 0 0 10 0 0 0 32 0 16 13 0 50 0 0 0 0 0 0 0 0 0 0 0 0 0 0 0 0 0 0 0 0 3 0 0 0 0 0 0 0 1 15 0 0 0 0 0 0 0 0 0 0 0 0 9 0 0 22 15 13 9 8 1 6 24 13 22 37 0 7 16 7 32 13 0 0 12 4 0 6 0 1 31 4 12 0 1 0 0 5 6 0 0 0 23 16 0 6 0 0 0 0 0 0 0 0 0 6 0 0 0 0 0 0 0 13 0 0 0 67 3 0 0 0 0 0 3 0 0 0 0 0 0 0 0 0 0 0 0 0 0 16 0 0 1 0 
 0 0 4 55 0 0 0 0 0 0 15 0 0 0 0 0 3 0 0 11 6 0 2 0 128 16 0 0 0 0 0 0 6 0 0 0 0 0 0 0 171 196 0 238 70 33 64 125 108 127 35 249 106 444 116 212 49 159 61 127 0 4 0 0 0 15 0 0 0 0 0 0 0 0 0 0 84 0 0 0 0 0 0 0 0 0 0 6 0 0 0 0 1 0 0 0 0 0 0 3 0 0 0 0 0 0 0 0 0 0 0 0 0 0 0 0 0 0 5 0 0 12 14 0 0 7 9 7 3 9 0 20 0 0 0 0 26 10 0 0 0 11 0 0 0 0 0 0 0 0 0 0 0 2 0 0 0 0 0 1 0 0 0 0 0 3 0 0 0 0 1 0 21 0 0 0 0 0 0 10 0 0 0 0 0 0 0 0 0 0 0 0 0 0 0 0 0 0 0 0 11 0 59 7 0 2 18 11 63 0 11 20 7 0 9 35 23 0 11 0 12 1 0 0 0 0 3 0 0 0 0 0 0 16 0 0 0 0 35 0 0 0 0 0 0 2 0 0 0 0 0 5 0 1 0 0 0 0 0 0 0 0 1 0 70 0 2 0 0 0 0 0 0 0 0 0 0 0 0 0 0 0 0 0 13 50 0 10 2 0 
 2 4 6 2 2 2 2 2 2 2 2 2 2 0 2 2 5 2 2 10 4 0 0 0 0 0 0 0 0 0 0 0 5 3 0 0 0 0 0 0 508 72 238 0 189 41 382 571 73 83 193 332 191 151 46 51 154 81 81 340 0 0 4 0 0 0 0 0 0 0 0 0 1 0 0 0 0 0 0 4 0 0 0 0 0 0 0 0 0 0 0 0 0 12 0 0 0 0 0 0 0 0 0 0 0 0 0 0 0 0 0 0 0 0 0 0 0 0 0 0 15 3 35 2 7 6 6 25 27 28 6 0 0 9 7 28 0 8 0 0 0 1 0 0 0 0 0 0 20 0 0 0 0 1 0 0 16 0 32 0 0 0 0 0 0 0 0 0 1 2 1 0 0 0 0 0 0 0 0 0 0 0 0 0 0 0 0 0 0 0 0 0 0 0 0 0 0 0 0 0 8 25 10 5 12 37 18 1 31 1 20 27 1 0 1 19 3 0 0 0 41 0 0 0 0 0 7 0 0 0 0 0 0 6 1 20 0 0 9 0 0 0 0 0 0 0 0 0 0 0 0 10 0 0 0 0 0 0 0 0 0 0 92 0 7 10 0 2 1 0 0 0 0 0 0 0 0 0 0 0 0 1 0 0 5 0 0 7 1 0 
 0 2 0 0 0 0 0 0 0 0 0 0 0 0 0 0 3 11 69 0 6 3 3 3 4 3 3 3 3 3 3 3 6 3 3 3 3 3 3 3 116 265 70 189 0 123 49 83 59 72 297 205 136 368 270 74 67 113 272 53 0 28 10 2 0 3 21 66 6 41 0 0 52 109 0 0 0 0 63 71 0 0 0 0 0 0 0 0 0 0 0 0 0 0 0 0 0 0 0 0 0 0 0 0 0 0 0 0 0 0 0 0 0 0 0 0 0 0 0 0 0 0 10 0 14 20 0 11 6 0 11 19 0 0 0 4 1 8 0 0 45 2 11 0 0 0 5 31 19 24 13 28 25 17 0 0 10 18 23 8 6 0 0 0 0 0 0 0 0 0 1 0 0 0 0 0 0 10 0 0 0 0 0 0 0 0 0 0 0 0 0 0 0 0 0 0 0 0 0 0 6 4 0 0 12 36 0 0 10 0 0 0 0 0 0 19 0 9 0 0 37 0 0 0 0 10 7 30 0 23 21 1 30 33 34 5 15 11 9 0 0 0 0 0 0 0 0 0 0 0 0 12 0 0 0 0 0 14 0 8 0 0 35 0 0 0 0 0 0 0 0 0 0 0 0 2 0 0 0 0 0 0 0 0 0 0 0 0 2 0 
 0 97 0 30 0 0 0 0 62 25 4 0 0 1 0 13 0 71 3 0 3 0 3 0 0 0 0 2 0 0 0 0 4 0 0 0 0 0 3 1 39 49 33 41 123 0 24 39 396 115 200 102 33 64 45 77 88 144 49 54 58 1 2 0 0 0 0 59 0 2 0 0 104 1 0 0 1 0 105 54 0 0 0 2 6 0 0 0 0 0 6 7 0 0 0 0 0 0 0 0 0 0 0 0 0 0 1 0 1 0 0 0 0 0 0 0 0 0 0 8 0 0 0 0 21 51 0 0 0 0 0 19 0 4 0 0 9 17 0 0 0 11 11 0 0 0 0 13 6 7 1 0 1 33 22 6 6 0 21 12 0 0 0 0 33 0 0 0 0 0 0 1 0 0 0 0 0 0 0 0 6 0 0 0 0 0 0 0 0 0 0 0 0 0 0 0 0 0 6 0 0 0 0 0 58 12 0 0 0 0 0 0 0 0 0 0 0 11 0 11 11 23 0 0 0 0 47 14 0 10 0 0 10 17 6 8 0 0 27 24 0 0 0 0 0 0 0 0 0 0 0 6 0 0 0 0 0 0 0 5 0 10 9 0 0 7 0 0 0 0 0 0 0 0 0 0 0 0 0 0 0 0 0 0 4 0 0 0 2 0 
 0 0 0 0 6 3 0 0 0 0 1 0 0 0 0 0 0 0 0 0 3 7 0 62 1 2 0 0 0 63 28 0 2 2 0 4 0 64 0 0 98 212 64 382 49 24 0 369 101 274 26 288 199 201 37 37 119 31 130 380 1 2 3 3 2 2 0 6 5 0 3 0 0 203 1 5 0 0 0 2 0 0 0 0 0 0 0 0 0 0 0 0 0 0 0 0 0 0 0 0 0 1 0 10 7 6 1 0 0 0 23 12 0 1 0 0 5 0 0 0 35 0 26 0 0 0 4 18 0 4 0 2 19 34 0 20 1 0 7 7 0 0 7 0 0 0 13 0 0 0 0 0 0 0 0 0 0 0 8 0 0 0 0 0 0 0 0 2 0 0 2 0 0 7 0 0 0 0 0 0 0 0 4 0 0 22 0 0 0 0 0 14 11 0 0 0 0 1 0 0 0 10 0 11 0 0 17 34 33 17 15 12 36 28 8 8 0 2 0 0 0 0 0 0 0 0 0 0 0 0 0 0 0 0 0 0 0 0 0 8 0 0 1 0 0 0 0 0 0 26 0 0 0 2 0 0 0 0 2 2 0 0 0 0 66 2 0 0 1 0 20 0 0 0 0 0 0 0 0 0 0 0 0 0 14 0 0 0 0 0 
 1 2 1 65 0 1 1 1 72 0 6 2 2 3 0 2 0 1 0 1 4 0 0 0 2 1 0 0 0 61 0 0 2 0 0 2 0 63 0 0 645 305 125 571 83 39 369 0 226 319 37 250 147 269 352 269 109 311 154 285 12 0 47 0 3 0 0 0 0 0 0 0 6 0 3 6 75 3 0 0 0 19 0 0 0 0 0 0 0 0 0 0 0 0 0 0 0 0 0 0 0 0 0 9 0 7 0 0 0 0 10 9 0 0 0 0 0 0 0 0 7 0 9 25 0 49 0 12 0 1 18 0 12 7 0 0 11 10 0 6 0 21 0 0 0 0 0 6 0 0 0 0 1 2 11 0 0 0 3 6 0 0 0 0 0 0 0 2 0 0 2 0 0 10 0 0 0 0 0 17 0 0 0 0 0 22 0 0 0 0 0 10 0 0 0 0 0 0 0 0 0 10 35 4 31 9 0 7 18 23 18 21 0 15 35 0 22 0 0 0 19 0 0 0 0 0 17 19 0 4 0 6 5 24 30 6 5 0 18 14 0 0 0 0 0 0 0 0 0 0 0 0 0 0 0 0 0 0 2 0 0 0 2 0 0 2 1 0 0 0 0 0 0 0 0 0 0 0 0 0 0 0 0 0 11 10 0 0 2 0 
 0 0 0 6 0 0 2 4 0 0 0 4 0 0 0 9 0 37 0 0 0 63 1 3 2 64 0 0 1 1 1 1 8 0 0 0 1 5 0 0 48 156 108 73 59 396 101 226 0 146 106 247 135 201 170 77 52 97 90 42 53 2 2 2 0 1 0 0 2 1 0 0 52 1 1 1 61 0 4 1 0 4 4 6 8 4 0 0 15 3 6 22 0 0 0 2 0 6 0 0 0 0 0 2 0 0 0 0 0 0 0 0 16 0 0 0 0 0 0 10 0 8 0 30 10 8 0 0 0 0 15 14 0 0 0 17 11 28 10 43 0 0 0 0 0 11 9 0 0 17 1 0 0 6 0 2 0 0 13 7 0 0 0 0 9 1 1 0 0 9 21 0 0 0 0 2 0 0 0 0 15 0 0 0 0 3 10 0 0 0 0 0 0 0 0 0 0 0 6 32 0 16 19 8 8 1 0 7 0 6 0 0 0 6 10 6 25 17 0 0 16 11 0 0 0 2 50 5 1 0 0 2 0 22 9 0 23 0 20 11 0 0 0 0 0 0 0 0 0 0 0 6 0 1 0 0 0 0 1 14 0 0 9 71 1 2 1 0 0 0 2 0 0 0 0 0 0 0 0 0 0 0 0 0 7 0 0 0 2 2 
 0 0 0 0 0 0 0 0 0 7 0 0 0 0 0 0 0 0 0 0 3 0 3 0 67 21 0 0 0 0 0 0 2 0 0 1 0 0 0 0 101 174 127 83 72 115 274 319 146 0 167 108 42 86 676 201 99 187 149 169 0 16 0 0 1 0 0 0 0 0 0 5 0 0 0 0 52 0 0 1 0 0 0 0 0 0 0 0 0 0 0 10 0 0 0 0 0 0 0 0 0 0 0 0 0 0 6 0 0 0 0 0 55 0 0 0 0 0 0 0 1 0 22 17 13 8 26 0 0 17 10 43 0 0 0 18 12 9 0 0 0 0 0 0 0 0 0 33 0 0 0 0 0 14 0 0 0 0 0 22 0 0 0 0 0 29 0 0 0 0 1 0 0 0 0 13 0 0 0 0 0 0 0 0 0 0 0 0 0 0 0 0 0 0 0 0 0 0 0 0 31 0 37 0 10 0 0 28 13 11 43 1 7 0 13 8 31 0 0 0 1 9 0 0 5 0 51 0 0 0 0 0 19 12 25 0 0 0 23 34 0 0 0 0 0 0 0 0 7 0 0 2 0 0 0 0 0 0 0 13 0 0 0 0 0 0 4 19 0 0 0 0 0 0 0 0 0 0 0 0 0 0 0 0 7 1 0 0 0 0 
 0 0 0 0 0 0 0 0 0 0 0 0 0 0 0 0 0 0 0 0 2 0 0 0 0 0 0 0 2 0 0 0 1 1 0 0 0 0 0 0 246 112 35 193 297 200 26 37 106 167 0 76 53 60 39 170 208 139 235 45 0 3 4 0 0 0 0 51 0 0 0 0 20 51 0 0 1 0 78 23 0 0 0 0 0 0 0 46 0 0 0 0 0 0 0 13 0 12 0 0 0 0 0 0 0 0 0 0 0 0 0 0 0 10 0 0 0 0 0 0 5 8 0 0 17 23 17 8 6 30 0 32 0 0 8 0 10 66 37 0 10 7 11 0 0 0 0 0 13 1 0 0 10 6 0 0 7 0 2 3 0 0 0 0 0 0 0 0 8 0 0 0 0 0 0 0 5 0 0 0 0 0 0 0 0 0 1 0 0 0 0 0 0 0 0 0 0 0 0 0 6 14 12 38 17 22 0 0 17 10 10 8 0 0 0 0 0 11 0 0 20 0 0 0 0 0 25 0 0 0 1 0 0 24 3 0 0 10 20 39 0 0 0 0 0 0 0 0 0 0 0 13 0 0 0 0 0 0 0 3 0 0 0 1 0 17 0 0 0 0 0 0 0 0 0 0 0 0 0 0 0 1 0 0 2 0 0 0 1 0 
 0 0 0 0 2 0 0 0 0 0 3 0 0 0 0 3 3 0 0 0 7 3 4 3 3 3 3 3 3 3 4 3 24 3 3 3 3 3 3 3 259 115 249 332 205 102 288 250 247 108 76 0 50 32 113 205 107 155 35 62 0 268 0 0 0 0 0 21 0 0 0 0 0 0 0 0 0 0 23 0 0 0 0 0 0 0 0 0 0 0 0 0 0 0 0 0 0 0 0 0 0 0 0 0 0 0 0 0 0 0 0 0 0 0 0 0 0 0 0 0 11 0 16 0 32 24 1 12 21 26 19 9 0 0 18 35 24 0 1 0 0 10 13 0 0 0 0 20 0 0 16 21 13 13 14 14 0 0 0 6 10 0 0 0 0 0 0 0 0 0 11 0 0 0 0 0 0 0 13 0 0 0 0 0 0 0 0 0 0 0 0 0 0 0 0 0 0 0 0 0 13 21 11 6 0 0 0 0 13 19 0 8 0 0 0 38 0 0 0 0 0 0 0 0 0 0 1 22 0 21 0 0 19 0 7 7 26 0 0 19 0 0 10 0 0 0 0 0 0 0 0 3 0 0 0 0 0 0 0 15 0 0 61 2 66 3 0 4 0 0 0 0 0 0 0 0 0 0 0 0 0 0 0 0 6 8 0 0 0 0 
 0 0 63 0 0 0 0 0 0 0 2 0 0 0 0 2 3 6 0 0 4 3 3 36 140 4 3 3 3 3 4 3 6 3 3 3 3 3 3 3 300 133 106 191 136 33 199 147 135 42 53 50 0 171 50 401 49 57 79 179 0 0 0 0 10 0 0 9 0 0 6 0 0 6 0 0 0 0 0 0 0 0 0 0 0 0 0 0 0 0 0 0 0 0 0 0 0 0 0 0 0 0 0 19 16 0 0 0 0 0 0 0 0 0 0 0 1 0 0 0 20 38 0 0 0 0 9 23 8 42 0 8 0 48 0 27 1 0 1 8 0 0 10 5 0 5 15 0 0 0 0 0 0 0 0 14 0 0 0 0 0 0 0 0 0 2 0 0 7 17 1 0 0 0 0 0 0 0 0 0 0 0 0 0 0 24 0 0 0 0 0 0 0 0 0 0 0 0 16 0 6 9 14 49 0 6 22 6 3 10 21 3 33 38 58 9 0 10 14 0 0 0 11 32 1 0 0 0 1 0 5 5 0 0 0 0 0 0 4 1 0 0 0 0 0 0 0 0 0 0 0 11 0 0 0 0 0 65 0 0 0 0 0 0 63 32 8 0 0 0 6 0 0 0 0 0 0 0 0 0 0 21 0 0 9 0 0 2 1 0 
 0 0 0 3 3 0 0 0 0 0 0 0 0 0 0 0 3 3 0 3 11 3 9 3 25 9 11 12 4 22 2 2 4 70 3 8 5 26 2 2 57 343 444 151 368 64 201 269 201 86 60 32 171 0 101 252 41 37 106 172 0 0 3 0 0 0 0 2 0 0 0 0 0 0 0 2 2 0 1 0 0 0 0 0 0 9 0 0 0 0 0 0 0 0 0 0 0 0 0 0 1 8 4 16 7 12 0 8 0 0 10 16 0 0 3 0 0 7 0 0 17 16 12 0 0 0 0 18 13 0 0 0 6 8 0 13 0 0 10 21 0 0 0 0 0 0 0 0 0 0 0 0 0 0 0 0 0 0 0 0 0 0 0 0 0 0 0 4 0 0 1 0 0 3 0 0 0 0 0 0 0 5 0 0 0 22 0 9 0 16 2 23 0 11 0 3 0 12 0 0 1 48 10 0 0 11 14 2 5 8 0 10 6 15 19 10 14 0 9 10 16 0 0 0 0 0 0 0 0 0 0 0 0 0 0 0 0 0 10 0 0 0 0 0 0 0 0 0 0 0 0 7 0 1 0 0 0 5 0 2 0 0 69 0 1 1 2 0 0 0 0 0 0 0 0 0 0 0 0 0 0 11 0 0 0 0 0 7 2 0 
 0 0 0 0 0 0 0 0 0 0 0 0 0 0 0 0 0 0 0 0 0 1 0 0 68 32 0 0 0 0 0 0 1 0 0 0 0 0 0 0 98 51 116 46 270 45 37 352 170 676 39 113 50 101 0 146 304 86 142 108 0 2 0 0 0 0 0 0 0 0 0 0 0 0 0 0 0 0 1 0 0 0 0 0 0 0 0 0 0 0 0 0 0 0 0 0 0 0 0 0 0 0 0 0 0 0 0 0 0 0 0 0 0 0 0 0 0 0 0 0 0 0 16 18 13 0 7 11 0 17 28 21 0 19 6 2 41 0 1 0 0 0 0 0 0 0 0 0 0 0 0 0 0 0 0 0 0 0 0 11 0 0 0 0 0 6 0 0 0 1 1 0 0 0 0 0 0 0 0 0 12 0 0 0 0 0 0 0 0 0 0 0 0 0 0 0 0 0 0 0 18 0 10 7 9 1 0 24 8 13 40 0 24 0 26 8 0 1 0 0 0 0 0 0 0 0 11 12 0 0 0 0 0 0 6 0 0 0 0 10 0 0 0 0 0 0 0 0 0 0 0 5 0 1 0 0 0 0 0 3 0 0 3 0 0 0 0 1 0 0 0 0 0 0 0 0 0 0 0 0 0 0 0 0 0 6 0 0 2 0 
 0 0 0 9 0 0 0 2 0 0 3 0 0 2 0 3 3 0 0 0 7 3 5 4 22 3 3 3 3 3 3 3 5 3 3 5 3 3 3 3 102 103 212 51 74 77 37 269 77 201 170 205 401 252 146 0 132 189 118 147 0 0 0 0 207 0 0 0 0 0 0 0 0 0 0 0 0 0 0 0 0 0 0 0 0 8 0 0 0 0 0 0 0 0 0 2 0 0 0 0 0 0 0 0 0 0 0 0 0 0 0 0 0 0 0 0 0 1 0 0 0 31 0 12 18 0 7 19 8 44 9 12 0 12 11 25 9 0 0 0 0 0 0 0 0 0 0 10 0 10 21 0 0 0 0 0 0 0 0 11 0 0 0 0 0 0 0 0 1 4 3 0 0 0 0 0 0 0 0 0 0 0 0 0 0 0 0 0 0 0 0 0 0 0 0 0 0 0 0 0 24 26 23 9 1 8 13 3 20 13 0 11 7 0 0 21 16 0 6 0 0 13 0 0 0 0 0 0 0 0 0 0 12 0 0 0 0 0 10 0 0 0 1 0 0 0 0 0 0 0 0 5 0 0 0 0 0 0 3 1 0 0 1 0 1 15 2 1 2 0 1 0 0 0 0 0 0 0 0 0 0 0 0 0 0 64 0 13 1 0 
 2 3 0 55 0 0 0 61 10 0 0 0 0 0 0 0 0 1 0 0 2 0 2 0 12 2 0 0 0 4 0 0 2 0 0 6 0 3 0 0 48 164 49 154 67 88 119 109 52 99 208 107 49 41 304 132 0 149 85 238 0 0 3 9 5 0 0 2 0 0 0 0 30 0 0 0 0 1 0 4 0 0 0 0 0 0 0 0 0 0 0 0 0 0 0 0 0 0 0 0 0 0 0 0 9 0 0 0 0 0 0 0 0 0 0 0 0 0 0 0 10 1 58 58 9 0 9 0 8 10 23 7 3 16 4 60 1 8 13 0 0 27 2 0 0 0 2 10 0 0 8 0 0 27 20 0 0 0 0 43 0 0 0 0 0 0 0 0 0 0 0 0 0 0 0 0 8 0 0 0 0 0 0 0 6 9 0 0 0 0 0 0 0 0 0 0 2 0 0 0 8 27 3 30 11 10 6 0 25 45 25 56 10 2 8 2 9 11 0 0 1 9 0 0 0 0 0 0 0 0 0 0 19 0 8 0 0 0 0 19 0 0 14 0 0 0 0 0 0 0 0 20 0 0 0 0 0 0 0 1 0 1 1 0 0 74 1 32 0 0 6 0 50 0 0 0 0 0 0 0 0 0 0 0 0 0 0 0 2 0 
 3 2 2 3 4 2 2 2 2 2 2 2 2 0 2 2 6 2 2 4 2 2 89 5 2 3 3 5 2 2 12 2 3 4 3 4 2 74 3 5 290 63 159 81 113 144 31 311 97 187 139 155 57 37 86 189 149 0 23 40 0 6 0 0 0 0 0 51 0 0 0 0 19 0 0 0 19 0 0 23 0 0 0 0 0 8 0 0 0 0 0 0 0 0 0 0 0 0 0 0 0 34 0 0 0 0 0 0 0 0 0 0 0 0 0 0 0 0 0 0 14 0 20 9 15 6 3 23 0 10 0 25 0 0 6 10 53 67 0 0 10 7 11 0 0 0 10 13 0 1 0 0 10 4 0 0 0 0 0 0 0 0 0 1 0 0 0 0 0 1 0 0 0 0 0 0 4 0 0 0 19 0 0 0 0 0 0 0 0 0 0 0 0 0 0 0 0 0 0 0 15 12 32 5 0 15 0 1 16 9 5 34 0 0 0 9 31 25 0 0 9 0 0 0 0 0 22 0 0 0 1 0 0 2 0 0 0 10 20 0 0 0 0 0 0 0 0 0 0 0 0 6 0 0 0 0 0 0 0 20 0 0 2 62 0 4 2 0 2 0 0 0 0 0 0 0 0 0 0 0 0 0 1 0 0 10 0 0 0 0 
 0 3 3 2 4 0 0 0 0 0 7 0 0 3 7 0 2 2 23 0 7 0 0 64 1 0 0 1 60 81 74 88 3 0 5 0 61 96 0 6 56 40 61 81 272 49 130 154 90 149 235 35 79 106 142 118 85 23 0 102 0 1 0 0 0 0 0 0 0 0 0 0 0 0 0 0 0 0 0 0 0 0 0 0 0 0 0 0 0 0 0 4 0 0 0 0 0 0 0 0 0 0 0 0 13 0 3 0 4 5 22 21 0 3 0 11 1 1 10 0 14 11 0 7 16 0 3 14 16 5 0 0 18 17 29 0 16 0 31 10 1 0 0 0 0 0 3 0 0 0 0 0 0 0 0 0 0 0 0 0 0 0 0 0 0 0 0 4 0 0 1 7 0 3 0 0 0 0 0 0 0 9 3 0 44 9 0 0 0 51 16 18 0 6 0 0 12 13 0 0 0 7 0 6 0 0 26 16 0 10 0 5 28 7 0 0 9 0 25 53 0 0 0 0 0 0 0 0 0 0 0 0 0 0 0 0 0 4 0 0 0 0 8 0 0 0 0 0 0 0 0 4 0 1 0 0 1 123 0 0 0 0 1 0 0 0 0 0 0 0 19 0 0 0 0 0 0 0 0 0 0 0 0 0 0 0 0 0 2 0 
 0 0 2 0 0 0 0 34 0 0 0 0 0 2 0 0 1 0 0 1 2 0 0 71 45 65 0 0 0 30 1 0 2 0 0 0 65 33 1 0 87 37 127 340 53 54 380 285 42 169 45 62 179 172 108 147 238 40 102 0 0 7 0 0 0 0 0 0 0 0 0 0 0 0 0 0 0 0 0 0 0 0 0 0 0 0 0 0 0 0 0 0 0 0 0 0 0 0 0 0 0 0 0 0 0 0 0 0 1 0 13 6 0 0 0 0 0 2 0 0 16 46 1 0 8 0 0 40 1 10 0 15 22 1 0 0 18 0 17 7 0 0 4 0 0 0 0 1 0 0 0 0 0 0 0 1 0 0 0 0 0 0 0 0 0 0 0 10 0 0 1 0 0 13 0 0 0 0 0 0 21 0 0 0 0 30 0 0 0 18 0 15 0 0 0 0 0 8 0 0 20 8 58 0 0 0 19 15 4 0 11 0 9 17 14 2 14 0 14 14 0 0 0 0 0 0 0 0 0 0 0 0 0 0 0 0 0 0 9 0 0 0 0 0 0 0 0 0 0 0 0 3 0 1 31 0 0 63 0 3 0 0 0 0 2 0 2 0 2 0 0 0 0 0 0 0 0 0 0 0 0 12 0 0 0 8 0 6 2 0 
 0 0 0 0 2 0 0 0 0 0 0 0 0 2 0 0 39 0 0 0 2 0 0 0 0 0 0 0 0 0 0 0 0 0 0 0 0 0 0 0 0 0 0 0 0 58 1 12 53 0 0 0 0 0 0 0 0 0 0 0 0 83 74 40 64 41 224 108 109 242 27 102 97 106 95 49 32 85 34 39 0 0 0 0 0 0 0 0 0 0 0 0 0 1 0 0 0 0 0 0 0 0 0 0 0 0 0 0 0 0 0 0 0 0 0 0 0 0 0 0 0 0 0 22 2 53 0 0 0 0 18 0 0 5 0 0 0 0 0 0 0 53 10 0 45 0 4 17 1 0 0 8 0 6 31 10 0 0 29 0 0 0 0 0 0 0 0 0 0 0 0 0 0 0 0 0 0 0 0 0 0 0 0 0 0 0 0 0 0 0 0 0 0 0 0 0 0 0 0 0 0 0 0 5 11 1 0 0 0 0 0 0 0 0 0 0 1 9 0 0 14 4 0 5 0 11 8 0 0 10 1 9 7 5 8 17 16 11 23 9 10 0 0 0 0 0 0 0 0 0 0 0 0 0 0 0 0 0 0 0 0 0 0 2 0 0 0 0 0 0 3 0 0 0 2 1 0 0 0 0 0 0 0 0 13 0 0 10 0 0 
