 0 107 205 276 124 36 99 524 667 148 131 49 135 40 272 129 358 29 241 279 25 0 3 3 0 1 0 4 0 0 3 7 0 0 0 2 5 0 2 5 2 0 0 0 0 0 0 2 0 2 0 3 3 0 2 6 2 0 4 0 0 3 0 0 0 1 51 0 0 0 0 0 5 0 5 3 0 2 2 0 35 10 9 20 0 21 18 48 12 0 11 11 27 0 50 0 25 1 0 24 15 0 0 0 0 0 2 0 1 0 0 0 23 1 14 0 0 0 11 0 0 0 0 0 0 0 0 0 0 0 2 0 0 0 0 0 2 0 0 0 0 0 0 0 0 0 0 0 0 0 13 0 0 0 0 0 0 0 0 0 32 0 32 6 10 24 25 41 67 0 0 14 0 8 19 0 10 21 1 17 0 0 0 0 0 0 1 0 0 0 2 2 0 0 0 0 0 0 1 0 0 0 0 0 0 0 2 0 0 0 0 1 0 0 2 0 0 0 0 0 0 0 1 0 0 0 0 0 0 1 0 0 0 0 0 1 0 0 0 0 0 0 0 0 0 0 2 2 2 0 0 12 0 0 0 0 0 0 0 0 0 0 0 0 0 0 0 0 0 1 0 0 0 0 0 0 1 0 0 0 0 0 0 0 0 0 0 0 0 0 
 107 0 135 165 318 51 321 402 201 130 213 320 49 320 50 399 174 119 33 243 0 0 3 3 6 2 0 3 0 2 2 2 0 0 6 0 0 1 2 0 2 0 0 1 0 7 3 8 0 2 0 11 4 3 3 0 5 4 0 0 0 6 0 6 0 1 3 5 0 0 3 6 3 0 5 21 0 2 4 6 0 45 19 9 0 0 57 0 11 9 0 0 1 13 0 11 9 2 2 0 0 0 0 0 0 0 0 0 0 0 0 0 0 0 13 0 0 0 0 14 0 0 0 0 0 1 0 0 0 0 0 0 0 8 0 0 0 0 0 0 0 0 0 0 0 0 0 0 0 0 0 0 0 0 0 0 0 0 0 0 1 11 38 0 0 2 15 14 10 21 13 10 33 19 2 8 0 19 0 2 0 0 2 0 0 0 14 0 0 0 0 0 11 0 0 0 0 0 16 1 12 0 0 0 0 0 0 0 0 0 0 0 0 0 0 0 0 0 0 0 1 0 0 0 0 2 0 0 0 0 0 0 0 0 0 0 18 0 0 0 0 0 0 0 0 2 0 1 0 0 11 6 0 0 0 0 0 0 0 0 2 0 0 0 0 0 2 0 0 0 0 0 0 0 0 0 31 0 0 0 0 0 0 0 0 0 0 0 0 0 
 205 135 0 390 224 60 665 432 191 403 323 239 64 290 133 330 218 126 257 192 0 0 4 76 0 2 0 5 0 0 2 1 0 0 1 0 0 0 2 0 2 46 0 0 0 0 0 0 3 2 0 3 2 0 0 0 2 0 0 0 0 0 0 0 0 0 3 0 0 0 0 0 9 0 5 3 0 2 2 0 9 17 26 6 9 0 15 11 0 74 21 1 0 0 22 38 11 66 15 15 0 0 0 0 0 0 0 0 2 0 0 0 12 51 0 0 1 20 0 0 0 0 0 0 0 0 0 0 0 0 0 0 2 20 0 0 0 0 0 0 0 0 0 0 0 0 0 0 0 0 0 2 0 0 0 0 0 0 0 0 15 0 0 0 44 6 0 0 15 19 35 7 0 17 27 4 7 0 3 10 0 0 0 0 0 0 0 0 2 0 0 1 30 0 2 0 0 0 72 12 0 0 0 0 0 0 0 0 0 10 0 1 0 0 0 0 0 0 0 0 9 0 2 0 0 0 0 0 0 0 0 0 0 0 0 0 0 3 0 0 0 0 0 0 0 0 0 0 0 90 11 14 14 0 0 0 0 0 0 0 0 0 13 0 0 0 0 0 0 2 0 0 0 0 0 0 0 0 0 0 0 0 0 0 0 0 0 0 0 0 
 276 165 390 0 169 49 74 298 325 300 139 275 74 191 172 389 493 153 82 178 0 0 7 3 0 0 0 4 2 0 2 0 85 0 0 3 0 0 5 1 3 10 0 0 0 0 0 2 0 2 0 3 6 3 0 0 4 0 0 0 0 0 0 0 0 0 2 0 0 2 0 5 7 0 5 5 0 2 2 0 10 1 6 26 0 0 50 20 22 28 23 19 0 0 24 11 11 27 0 31 0 0 0 0 0 0 0 0 0 0 0 0 10 18 0 0 0 2 0 0 0 0 0 0 0 0 0 0 0 0 0 0 0 0 0 0 0 0 0 0 0 0 0 0 0 0 0 0 2 0 0 0 0 0 0 1 0 0 0 1 8 6 3 7 35 17 2 15 10 0 15 1 0 21 0 0 29 1 3 26 0 0 0 0 0 0 0 0 0 1 0 0 19 1 0 0 0 0 18 8 0 0 0 1 0 0 0 0 0 0 0 0 0 0 0 0 0 1 0 0 2 0 0 0 0 0 0 0 0 0 1 0 0 0 0 0 0 0 0 0 0 0 0 0 0 1 3 0 0 91 1 5 17 0 0 0 0 0 0 0 0 0 0 0 0 0 0 0 0 0 0 0 0 0 0 0 26 0 0 0 0 0 0 0 0 0 0 0 0 0 
 124 318 224 169 0 154 151 70 233 263 162 176 73 156 160 286 64 205 72 78 0 0 3 3 0 0 0 4 0 0 2 0 77 2 2 0 0 0 78 0 3 0 0 0 0 0 0 0 0 2 0 3 3 0 0 4 2 0 0 0 0 4 0 0 44 4 1 1 0 1 0 0 9 0 3 3 0 2 2 0 0 65 30 31 23 31 0 10 0 0 11 31 0 0 0 4 33 1 0 0 0 28 0 1 0 0 0 20 0 0 0 0 10 21 0 0 0 0 13 24 0 0 0 0 0 0 0 0 0 0 7 0 0 18 0 0 0 0 0 0 0 0 0 0 0 0 0 0 1 0 0 0 0 0 0 0 0 3 6 2 0 1 0 35 16 9 0 0 12 6 19 2 0 11 18 24 25 19 0 1 0 0 0 3 0 0 49 0 0 3 0 0 11 9 0 0 0 0 58 21 0 0 0 2 0 2 0 0 0 0 0 0 2 1 0 0 0 1 0 0 1 0 0 0 0 0 0 0 0 0 2 0 0 0 10 0 1 0 0 0 0 0 0 0 0 4 87 1 2 3 0 3 1 0 0 0 0 0 0 0 0 0 17 0 0 0 0 0 0 0 0 0 0 0 0 0 12 10 0 0 0 0 0 1 0 0 0 0 0 0 
 36 51 60 49 154 0 99 32 256 72 42 64 40 52 35 304 174 77 44 56 103 4 61 77 0 0 72 78 0 0 2 1 94 1 100 0 0 0 197 2 2 0 0 0 0 0 0 2 0 2 0 3 2 0 0 0 2 0 0 0 0 0 0 0 0 0 3 0 0 0 0 0 3 0 5 2 0 2 2 0 0 22 0 3 29 2 0 0 6 23 10 34 0 0 2 10 12 14 0 0 14 48 9 12 0 0 22 11 10 0 18 0 0 27 22 30 0 8 0 6 1 0 0 0 0 0 0 0 0 0 0 0 0 1 0 0 0 0 0 0 0 0 0 0 2 0 0 59 1 0 2 0 0 0 0 0 0 0 10 2 0 1 0 10 5 17 0 0 0 0 0 0 0 0 0 1 10 16 0 11 1 0 50 0 0 0 18 0 30 1 15 0 41 19 16 22 53 12 10 0 0 0 0 2 0 2 0 0 0 0 0 0 0 0 8 0 0 0 0 0 0 0 0 0 0 0 0 14 0 0 2 0 0 0 0 0 0 0 0 0 0 0 0 0 0 6 1 1 1 88 0 11 0 0 0 0 0 0 0 0 0 0 18 0 0 0 9 0 0 0 0 0 0 0 0 0 0 0 0 0 0 0 0 0 0 0 10 0 0 0 
 99 321 665 74 151 99 0 92 169 480 48 52 516 142 232 140 138 415 255 366 0 0 3 3 5 3 0 3 0 2 2 0 2 0 2 2 0 4 3 2 2 0 0 2 0 0 0 2 0 2 0 8 2 2 13 0 2 6 0 0 4 4 5 0 4 0 3 0 0 0 0 0 3 0 3 50 0 2 5 0 30 33 0 1 0 0 8 25 46 36 35 0 31 33 0 27 5 17 17 25 2 0 0 0 0 0 0 0 0 0 0 0 0 0 32 0 0 1 0 0 0 0 0 0 0 0 0 0 0 0 0 2 0 22 0 0 0 0 4 0 0 0 0 0 0 2 0 0 0 0 0 0 0 0 0 10 0 0 0 0 4 17 28 0 5 0 6 29 26 0 20 0 11 21 22 5 0 10 0 22 0 0 0 0 0 0 5 0 0 0 0 0 4 0 0 0 0 0 17 0 0 0 0 0 0 0 0 0 0 0 0 0 0 0 0 0 0 0 0 0 0 0 0 0 1 0 0 0 0 0 0 0 0 0 0 0 0 0 0 0 0 0 0 0 0 0 0 0 0 0 0 5 0 0 0 0 0 0 0 0 0 0 0 0 0 0 0 0 0 0 0 0 0 0 0 27 12 0 0 0 0 0 0 0 0 0 0 0 0 0 
 524 402 432 298 70 32 92 0 149 175 123 122 173 273 403 130 74 321 70 141 2 0 3 4 2 0 0 3 0 1 2 3 0 0 2 0 2 0 2 0 2 5 0 0 0 0 0 0 0 2 0 3 2 0 20 3 2 0 6 0 0 5 0 0 0 36 3 0 42 5 0 0 9 0 3 3 0 2 0 3 5 0 9 26 2 11 0 53 36 33 25 12 61 0 75 27 2 20 0 26 0 0 0 0 0 0 0 0 0 0 0 0 23 24 0 0 0 0 14 0 0 0 0 0 0 0 0 0 0 0 0 0 0 0 0 0 0 0 0 0 0 0 0 0 0 0 0 0 0 0 0 0 0 0 0 0 0 0 0 0 57 2 11 1 10 10 43 19 12 0 16 2 0 21 0 0 10 0 17 17 0 0 0 0 0 0 0 0 0 0 0 0 0 0 0 0 0 0 25 1 0 0 0 0 0 0 0 0 0 0 0 0 0 0 0 0 0 0 0 2 0 0 0 3 0 0 0 0 0 0 0 0 0 0 0 0 0 0 0 0 0 0 0 0 0 0 0 2 2 13 1 0 2 0 0 0 0 0 0 0 0 0 0 0 0 0 0 0 0 0 0 0 0 0 0 0 26 0 0 0 0 0 0 0 0 0 0 0 0 0 
 667 201 191 325 233 256 169 149 0 173 287 232 76 160 286 203 206 333 362 51 0 0 3 3 1 0 0 3 0 0 2 0 131 0 0 0 0 2 4 74 2 6 0 0 0 0 0 0 0 2 0 3 2 0 0 0 2 0 0 0 0 1 2 0 0 0 3 0 0 0 0 0 10 0 4 3 0 29 2 0 0 19 23 23 11 12 2 33 0 25 0 37 2 0 17 19 22 35 0 12 3 0 0 0 0 0 0 0 0 0 0 0 11 14 18 0 0 0 12 21 0 0 0 0 0 0 0 0 0 0 0 0 0 17 0 0 0 0 0 0 0 0 2 0 0 0 0 0 0 0 2 0 0 0 0 0 0 0 0 0 28 33 0 21 5 15 0 0 10 0 44 0 0 0 0 25 17 1 0 0 0 0 0 0 0 3 28 0 15 0 0 0 26 0 0 0 0 0 46 16 0 0 1 0 0 0 0 0 0 0 0 0 0 0 0 0 0 0 0 0 0 0 0 0 0 0 0 0 0 0 0 0 0 0 0 0 1 0 0 0 0 0 0 0 0 2 1 0 97 1 0 2 1 0 0 0 0 0 0 0 0 0 0 27 0 0 0 0 0 0 0 0 0 2 0 0 4 0 0 0 0 0 0 0 0 0 0 0 0 0 
 148 130 403 300 263 72 480 175 173 0 368 221 190 220 292 266 158 40 161 278 0 0 3 3 2 2 0 3 2 3 4 0 73 75 0 0 3 3 2 75 4 0 6 0 0 3 0 0 0 2 0 4 2 0 0 3 2 3 0 0 0 1 2 0 2 0 3 3 0 2 0 0 3 3 5 6 0 2 2 0 16 34 52 1 22 0 29 0 0 8 20 0 0 7 7 15 16 38 22 8 10 0 0 0 0 14 0 0 0 0 0 0 7 1 0 12 14 0 0 1 0 3 0 0 0 0 0 14 0 0 0 0 0 15 0 0 0 0 0 0 0 0 0 0 0 0 0 0 0 0 10 0 0 0 0 6 0 0 0 0 27 0 0 0 3 9 0 10 17 26 14 21 1 28 10 5 1 0 0 26 14 0 0 0 0 0 4 0 0 0 0 0 9 0 0 0 0 0 22 20 0 0 0 0 0 0 0 0 0 0 0 0 0 0 0 0 0 0 0 0 0 0 0 0 0 0 0 0 0 0 0 0 0 0 0 0 0 0 0 0 0 0 0 0 0 1 0 2 3 89 12 0 14 0 2 0 0 0 0 0 0 0 13 0 0 1 0 0 0 0 0 0 0 0 2 0 13 0 0 0 0 0 0 0 0 0 0 0 0 0 
 131 213 323 139 162 42 48 123 287 368 0 216 45 37 67 300 148 146 35 208 0 0 3 3 0 0 0 3 0 0 2 0 74 75 0 0 0 0 3 78 2 0 0 0 0 0 0 2 1 2 0 3 2 0 0 0 2 0 0 0 0 0 0 0 0 0 3 0 0 0 0 0 5 0 5 1 0 52 2 0 10 47 30 10 24 0 29 15 1 0 0 1 0 34 25 0 6 18 14 42 22 0 0 0 0 0 0 0 0 0 0 0 20 15 16 10 2 0 0 0 0 0 0 0 0 0 0 0 0 0 0 0 0 21 0 0 0 0 0 0 0 0 0 0 0 0 0 0 0 0 0 0 0 0 0 0 0 0 0 0 16 0 23 0 25 18 0 34 29 32 23 40 13 11 38 22 10 18 0 23 19 0 1 0 0 1 15 0 1 0 0 0 6 0 0 0 0 0 16 34 0 0 0 0 0 0 0 0 11 0 0 0 0 0 0 0 0 0 0 0 0 0 0 0 0 0 0 0 0 0 0 0 0 0 0 0 0 0 0 0 0 0 0 0 0 0 0 0 0 93 0 6 18 2 0 0 0 0 0 0 0 0 0 0 0 0 0 0 0 0 0 0 0 0 0 0 10 0 0 0 0 0 0 0 0 0 0 0 0 0 
 49 320 239 275 176 64 52 122 232 221 216 0 58 89 49 436 180 346 29 58 0 0 3 3 0 0 0 36 0 0 4 0 0 0 3 1 4 0 2 37 3 2 2 0 0 0 0 2 0 2 0 3 3 0 0 0 2 0 0 0 0 1 0 0 0 0 1 0 0 0 0 0 8 0 3 4 0 2 2 3 0 53 36 20 3 1 20 1 25 0 0 1 0 10 0 0 45 19 9 0 9 0 1 0 0 0 17 1 0 1 16 0 1 34 0 15 11 0 42 40 0 0 0 0 0 0 0 0 0 0 0 0 0 14 0 0 0 0 0 0 0 1 8 0 1 0 0 0 0 0 0 0 0 0 0 0 0 0 0 0 0 7 15 0 0 0 0 16 15 32 20 25 12 25 23 14 10 10 0 0 0 0 0 0 0 0 15 0 0 10 0 0 12 8 35 0 0 35 18 47 0 5 0 0 0 0 0 2 0 0 2 0 0 0 0 0 2 0 0 0 0 0 0 0 0 0 0 0 0 0 0 0 0 2 0 0 0 0 12 2 0 0 0 0 2 4 4 4 2 64 45 2 12 0 0 0 0 0 0 0 0 0 0 0 0 0 0 0 0 0 0 0 0 0 0 0 44 0 0 0 0 1 0 0 0 2 1 0 0 0 
 135 49 64 74 73 40 516 173 76 190 45 58 0 56 34 135 126 39 239 38 0 0 3 3 0 0 0 3 0 0 2 0 0 0 2 0 0 0 3 0 2 0 0 0 0 0 0 2 61 2 0 3 2 0 0 0 2 0 0 0 0 0 0 0 0 0 3 0 0 0 0 0 3 0 5 3 0 2 0 0 29 0 0 0 0 0 9 5 14 21 8 0 16 22 10 1 0 19 29 0 0 0 0 0 0 0 0 0 0 0 0 0 0 0 0 0 0 19 0 0 6 0 0 0 0 15 0 0 0 0 0 0 0 0 0 0 0 0 0 0 0 0 0 0 0 0 0 0 0 0 0 0 0 0 0 3 0 0 0 0 23 11 13 0 0 0 10 37 9 31 0 3 27 19 20 0 5 11 11 14 0 0 0 0 0 0 0 0 0 0 0 0 0 0 0 0 0 0 0 0 0 0 0 0 0 0 0 0 0 0 0 0 0 0 0 0 0 0 0 0 0 0 0 0 0 0 0 0 0 0 0 0 0 0 0 0 0 0 0 0 0 0 0 0 0 1 0 0 0 0 0 6 0 0 2 0 0 0 0 0 0 0 0 0 0 0 0 0 0 0 0 0 0 0 0 34 0 0 0 0 0 0 0 0 0 0 0 0 0 0 
 40 320 290 191 156 52 142 273 160 220 37 89 56 0 227 342 145 170 63 137 0 0 5 4 2 2 1 3 1 0 2 1 0 1 2 0 0 2 2 2 3 0 0 0 0 0 0 2 0 3 0 3 4 0 2 0 2 0 0 0 43 2 0 0 0 0 9 0 0 0 0 2 5 0 4 3 0 2 2 0 22 16 16 12 0 0 19 22 1 30 31 0 14 11 33 33 14 27 29 13 0 0 0 0 0 0 4 0 0 0 0 0 9 0 0 0 0 0 0 2 0 0 2 0 0 0 0 0 0 0 0 0 0 0 0 0 0 0 0 0 0 14 0 0 0 0 0 0 0 0 0 0 0 0 0 0 0 2 0 0 0 30 0 0 9 0 17 6 1 18 16 10 20 11 28 11 1 1 0 17 0 0 0 0 0 0 0 0 0 0 0 0 0 0 0 0 0 0 0 9 0 0 0 0 0 0 0 0 0 0 0 0 1 0 0 0 0 2 0 0 2 0 7 0 0 0 0 14 0 0 0 0 0 0 0 0 0 0 0 0 0 0 0 0 0 0 1 0 0 1 14 5 0 1 0 0 0 0 0 0 0 0 0 0 0 0 0 0 0 0 0 0 0 0 0 0 0 0 0 0 0 0 0 0 0 0 0 0 0 0 
 272 50 133 172 160 35 232 403 286 292 67 49 34 227 0 265 274 81 177 98 0 0 5 5 0 0 25 3 5 0 2 2 3 2 0 0 3 0 2 0 3 0 4 0 0 5 4 2 0 2 11 3 3 0 12 0 2 0 0 0 0 5 0 0 0 0 2 0 0 0 0 0 2 0 5 3 0 2 2 0 32 0 0 0 0 8 15 22 3 25 21 6 19 2 61 24 143 24 22 22 0 0 1 0 0 0 0 0 0 0 0 0 11 2 0 0 0 0 11 0 0 0 0 0 0 0 0 19 0 0 0 0 0 0 0 0 0 0 0 0 0 0 0 2 0 0 0 0 0 0 0 11 0 0 0 0 0 2 0 0 18 18 25 10 12 1 18 25 7 0 12 0 2 0 0 0 0 0 10 18 0 0 0 0 0 0 0 0 0 0 0 0 0 0 0 0 0 0 2 0 0 0 0 0 0 0 0 0 0 0 0 0 0 0 0 0 0 0 0 0 0 0 0 0 0 22 0 0 0 0 0 0 0 0 0 0 0 0 0 0 0 0 0 0 0 0 33 0 0 3 12 19 0 0 0 0 0 0 0 0 0 0 0 0 0 0 0 0 0 0 0 0 0 0 0 0 0 0 0 0 0 0 0 0 0 0 0 0 0 0 
 129 399 330 389 286 304 140 130 203 266 300 436 135 342 265 0 135 243 275 699 1 1 3 3 0 3 0 3 0 0 2 0 0 0 0 0 0 0 2 0 2 0 0 0 0 0 0 2 0 2 0 3 2 0 0 0 2 2 0 0 0 0 0 0 0 2 3 35 5 0 0 0 6 0 4 3 0 5 2 0 10 37 0 1 0 0 33 10 21 43 40 0 0 22 84 40 8 43 2 28 0 0 0 0 0 0 0 0 0 0 0 0 11 0 0 0 0 0 0 0 0 1 0 0 0 0 0 0 0 12 0 0 0 21 1 0 0 2 0 0 0 0 0 0 0 0 0 0 0 0 0 0 0 0 0 0 0 0 0 1 15 14 13 0 16 12 10 50 12 39 31 11 11 27 20 17 0 10 0 2 0 0 0 1 0 0 15 0 0 0 0 0 4 19 0 0 0 0 17 0 1 0 0 0 2 0 0 0 0 0 0 0 0 1 0 2 0 0 2 0 0 0 0 0 0 0 0 0 0 0 0 0 0 0 1 0 13 0 0 0 0 0 1 0 0 1 1 0 0 1 4 5 1 0 1 0 0 0 0 0 0 0 0 0 0 0 0 0 0 0 0 0 0 0 0 0 34 0 0 0 0 0 0 0 0 0 0 0 0 0 
 358 174 218 493 64 174 138 74 206 158 148 180 126 145 274 135 0 317 112 271 0 0 3 3 2 0 72 10 0 0 2 0 65 74 33 0 0 0 86 0 2 11 0 2 0 0 0 0 0 2 0 6 2 0 0 0 2 0 0 0 0 4 8 0 0 0 3 1 0 0 0 0 13 0 3 3 0 2 2 0 0 17 18 54 14 20 7 10 35 24 32 46 0 1 0 6 2 15 0 0 0 0 0 1 0 0 0 0 0 0 2 0 0 25 0 0 0 1 13 3 0 0 0 0 0 0 0 0 2 0 0 0 0 0 0 0 0 0 0 0 0 0 0 0 0 0 0 0 0 0 0 0 0 0 0 16 0 0 0 0 0 17 9 13 0 13 1 0 15 0 0 1 14 22 11 12 22 28 0 1 0 0 0 0 0 0 1 0 0 0 0 0 11 0 10 12 0 0 21 0 0 1 0 0 0 0 0 0 0 0 0 0 0 0 0 0 6 0 0 0 0 0 0 0 0 0 1 0 2 0 0 0 1 0 0 0 0 2 0 0 0 0 0 0 0 4 3 0 2 85 14 5 2 0 0 0 0 0 2 0 0 0 0 0 0 0 0 0 0 0 0 0 0 0 0 10 23 0 0 0 0 0 0 0 0 0 0 0 0 0 
 29 119 126 153 205 77 415 321 333 40 146 346 39 170 81 243 317 0 58 128 0 0 3 3 0 0 1 3 0 0 4 0 0 82 0 1 39 4 2 1 6 0 3 0 0 0 0 3 1 4 4 4 2 0 0 1 8 0 0 0 0 0 0 0 0 0 3 0 0 4 0 0 16 0 5 1 0 2 3 0 0 0 0 16 0 0 31 13 8 10 0 0 0 3 15 11 58 18 1 14 0 0 0 0 2 0 0 0 0 0 1 0 11 19 0 0 0 1 0 0 2 0 0 0 0 0 0 0 1 0 0 0 0 0 0 0 0 0 0 0 0 0 0 0 0 2 0 0 0 0 0 0 0 0 0 0 0 0 0 0 0 21 14 3 13 1 0 14 12 20 34 21 10 8 2 11 5 10 0 1 0 0 0 0 0 0 0 1 0 0 0 0 0 0 0 1 0 0 17 4 0 14 0 0 0 0 0 0 0 0 0 0 0 0 0 0 0 0 0 0 0 0 0 0 0 0 2 0 0 0 0 0 2 0 2 0 0 1 0 0 0 0 0 0 0 3 1 0 2 88 9 2 17 0 0 0 0 0 0 0 0 0 12 0 0 0 0 0 0 0 0 0 0 0 0 0 9 0 0 0 0 0 0 0 0 0 0 0 0 0 
 241 33 257 82 72 44 255 70 362 161 35 29 239 63 177 275 112 58 0 78 0 0 3 3 0 21 0 3 1 0 2 0 0 0 0 0 0 1 2 0 2 0 0 0 0 0 0 2 0 2 0 3 2 2 0 0 2 0 0 0 0 1 0 0 0 0 3 0 0 0 0 0 3 0 4 3 0 2 2 0 66 0 0 0 0 0 29 17 29 1 18 0 12 25 0 6 0 47 14 0 0 0 2 0 0 0 0 0 0 0 0 0 0 0 0 0 0 0 1 0 0 0 14 0 0 9 0 1 0 0 0 0 0 0 0 0 0 0 0 0 0 0 0 1 0 0 0 0 0 0 0 0 0 0 0 3 0 1 0 0 27 6 0 0 0 0 0 26 22 16 0 0 22 9 25 11 4 12 0 14 0 0 0 0 0 0 2 0 0 0 0 0 0 0 0 0 0 0 0 0 0 0 0 0 0 0 0 0 0 0 0 0 0 0 0 0 0 1 0 0 0 0 0 0 0 0 0 0 0 0 0 0 0 0 0 0 0 0 10 0 0 0 0 0 0 2 0 2 4 2 0 0 0 0 0 0 0 0 0 0 0 0 0 0 0 0 0 0 0 0 0 0 0 0 0 41 0 0 0 0 0 0 0 0 0 0 0 0 0 0 
 279 243 192 178 78 56 366 141 51 278 208 58 38 137 98 699 271 128 78 0 0 0 3 3 0 0 0 3 0 0 2 0 1 0 0 0 0 2 2 0 2 0 0 0 0 0 0 1 0 2 0 4 2 0 0 0 2 0 0 0 0 0 0 0 2 0 4 10 0 1 1 0 13 11 4 3 1 2 2 0 3 20 10 0 0 0 12 0 0 0 0 0 19 16 7 33 10 0 9 8 0 0 0 0 0 0 0 0 0 0 0 0 0 0 0 0 0 0 0 0 0 0 0 0 0 0 1 0 0 0 0 0 0 1 0 0 0 0 0 0 0 0 0 0 0 0 0 0 0 0 0 0 0 0 0 0 0 0 0 0 0 14 2 0 8 0 29 0 11 9 0 17 13 10 13 6 0 1 10 17 0 0 0 0 0 0 0 0 0 0 0 0 12 2 0 0 0 0 15 14 0 0 0 0 0 0 0 0 0 0 0 0 0 0 0 0 0 0 0 0 0 2 0 0 0 0 0 2 0 0 0 0 0 0 0 0 0 0 0 0 0 0 0 0 0 0 2 0 0 0 0 7 0 0 0 0 0 0 0 0 0 0 0 0 0 0 0 0 0 0 0 0 0 0 0 0 0 0 0 0 0 0 0 0 0 0 0 0 0 0 
 25 0 0 0 0 103 0 2 0 0 0 0 0 0 0 1 0 0 0 0 0 585 193 165 36 255 244 234 42 47 33 246 61 263 343 184 123 107 123 142 14 0 0 0 0 0 0 1 0 0 0 0 0 1 3 0 0 3 0 0 0 0 3 0 0 0 3 0 2 0 0 2 2 0 3 0 0 0 3 0 6 0 0 0 0 14 0 0 0 0 0 0 0 0 0 0 0 0 0 0 7 41 12 39 0 21 0 31 19 12 1 0 8 30 24 31 0 16 0 32 0 0 0 0 17 0 0 0 0 0 0 0 0 0 0 0 0 0 0 0 0 0 0 0 0 0 0 0 0 0 0 0 0 0 0 0 0 0 0 0 0 0 0 0 29 0 0 0 0 0 0 20 0 0 0 0 0 0 0 0 27 24 67 1 38 0 0 20 18 15 37 53 20 31 0 16 41 0 0 0 0 0 0 0 0 0 0 0 0 0 0 0 0 0 0 0 0 0 0 0 0 0 0 0 0 0 0 0 0 0 0 0 0 0 0 0 0 0 0 0 0 8 0 0 0 0 78 0 0 0 0 0 0 0 14 1 0 2 1 2 1 11 0 0 0 0 11 0 0 0 0 0 0 0 0 0 0 0 0 0 0 0 0 0 0 0 0 0 0 0 
 0 0 0 0 0 4 0 0 0 0 0 0 0 0 0 1 0 0 0 0 585 0 282 161 143 114 148 374 158 507 113 76 71 380 282 441 180 386 249 97 2 0 0 3 0 0 62 2 3 3 2 0 0 2 3 0 4 5 0 3 0 1 5 0 3 0 6 0 1 0 0 1 3 0 3 0 1 0 3 8 0 0 0 0 0 0 0 0 0 0 0 0 0 0 0 0 1 0 0 0 0 0 18 28 18 14 23 7 20 0 0 20 0 1 12 0 29 23 0 0 0 0 0 0 26 0 36 0 0 0 0 0 21 0 0 0 0 0 0 11 0 0 1 0 4 0 0 9 0 0 3 0 0 0 0 0 0 0 0 0 0 0 0 0 0 0 0 0 0 0 0 0 0 0 0 2 0 12 0 0 28 59 18 13 47 32 7 50 16 15 1 11 0 1 30 26 24 8 0 0 2 0 0 0 0 0 43 0 0 0 2 0 20 11 0 0 0 1 8 0 0 0 0 0 0 0 0 0 0 0 20 0 0 0 1 0 0 0 0 0 0 0 0 0 0 1 0 1 0 0 0 0 0 0 10 0 2 4 40 2 3 10 0 0 0 0 0 0 0 0 0 0 0 0 0 0 0 0 0 0 0 0 0 0 1 0 0 0 0 0 
 3 3 4 7 3 61 3 3 3 3 3 3 3 5 5 3 3 3 3 3 193 282 0 424 158 108 109 420 364 169 191 41 150 86 230 173 78 128 288 43 62 2 0 0 0 0 28 1 0 0 0 9 0 4 3 0 2 3 1 1 0 0 10 0 0 0 3 0 2 1 0 5 2 0 3 0 0 0 3 0 0 0 0 0 0 38 0 0 0 0 0 0 0 0 0 0 0 0 0 0 0 32 30 35 12 20 0 11 25 44 4 17 0 22 17 25 0 0 0 12 3 11 1 0 5 0 19 0 0 0 0 0 17 0 0 0 0 0 11 19 0 0 0 0 0 0 0 2 0 0 1 3 0 0 0 0 0 0 0 0 0 0 4 0 0 0 0 0 0 0 0 0 0 0 0 0 0 15 0 0 39 33 7 13 28 10 0 18 9 6 36 44 9 2 0 36 37 37 21 0 11 11 11 0 0 0 19 11 0 0 0 0 32 14 0 0 0 0 72 0 0 0 0 0 0 0 0 0 0 0 0 0 0 0 2 0 0 0 0 0 0 0 0 0 0 0 0 0 0 0 0 0 0 0 6 0 1 154 76 2 18 4 0 0 0 0 0 0 0 0 0 0 0 0 0 0 0 0 0 0 0 25 0 0 0 0 0 0 0 0 
 3 3 76 3 3 77 3 4 3 3 3 3 3 4 5 3 3 3 3 3 165 161 424 0 240 43 279 310 168 149 137 267 59 366 110 224 216 175 160 63 62 0 0 1 2 0 0 1 0 0 0 5 0 1 3 0 0 5 0 62 0 0 22 0 0 0 4 0 3 0 0 3 2 0 3 0 0 0 3 0 0 14 0 0 0 0 0 0 0 0 0 0 0 0 0 0 0 0 0 0 0 10 12 14 84 4 0 8 27 31 13 43 0 10 8 11 0 12 0 0 23 12 0 18 10 0 15 3 0 0 0 0 0 1 0 17 12 10 18 10 0 0 0 0 0 0 0 1 0 0 0 0 0 0 0 0 2 0 0 0 0 0 3 0 0 0 0 0 0 0 1 0 0 1 1 0 0 3 0 0 20 19 8 12 15 26 0 26 34 0 27 0 25 0 0 17 8 25 0 6 38 13 0 0 0 0 0 12 16 33 19 0 33 12 0 0 0 0 22 21 0 0 0 0 0 0 0 0 0 0 0 0 0 0 4 0 0 11 1 0 0 0 0 0 0 0 0 0 0 0 0 0 0 0 8 0 0 117 2 0 16 11 0 0 0 0 0 0 0 0 0 0 0 0 0 0 0 0 0 0 0 10 0 0 0 14 0 0 0 0 
 0 6 0 0 0 0 5 2 1 2 0 0 0 2 0 0 2 0 0 0 36 143 158 240 0 235 58 78 347 687 176 173 65 213 66 263 280 176 310 127 73 0 6 0 0 0 43 0 0 0 1 3 2 2 7 0 0 3 62 24 0 0 10 0 0 0 3 0 0 0 0 2 3 0 3 0 0 0 3 2 0 0 0 0 0 0 0 0 0 0 0 0 0 0 0 0 0 0 0 0 0 0 27 0 35 22 16 0 23 13 1 11 0 0 16 34 23 7 0 0 0 9 0 0 0 0 33 1 0 13 0 0 48 0 1 0 0 1 0 29 0 0 0 2 0 0 0 0 0 0 0 0 0 0 0 1 8 0 0 0 0 0 0 0 0 0 0 0 0 0 0 2 0 0 9 0 0 0 0 0 0 11 0 17 32 95 0 0 14 11 8 22 0 0 19 0 12 67 1 0 30 13 0 0 0 1 31 27 0 0 0 0 54 15 0 0 21 0 47 10 0 0 0 0 0 0 0 0 0 0 0 0 0 0 1 0 0 0 11 0 0 0 0 0 0 1 0 0 0 0 0 0 0 0 2 2 0 81 115 2 4 0 0 0 0 0 0 1 0 0 0 0 0 0 0 0 0 0 0 0 0 14 0 0 0 0 0 0 0 0 
 1 2 2 0 0 0 3 0 0 2 0 0 0 2 0 3 0 0 21 0 255 114 108 43 235 0 31 46 123 106 165 160 40 43 52 307 74 77 53 98 53 1 69 0 2 0 129 61 53 1 1 3 130 1 95 63 0 67 62 63 0 0 4 0 0 0 3 0 1 0 1 2 3 0 3 0 0 0 6 4 0 0 0 0 0 0 0 0 0 0 0 0 20 0 0 22 0 0 0 0 0 0 24 11 13 20 0 0 11 1 14 35 0 0 0 11 18 0 0 0 13 35 1 0 0 0 44 41 10 23 0 0 14 1 9 0 29 0 0 9 0 7 0 0 0 0 0 0 0 0 0 0 1 0 0 0 0 0 0 0 0 0 0 0 0 0 0 0 0 0 0 0 0 6 0 0 0 0 0 0 0 10 0 0 0 22 0 4 15 9 14 11 0 0 0 7 2 0 0 0 0 48 15 10 20 0 27 32 8 31 3 1 39 25 36 5 0 0 0 14 0 0 0 0 0 0 0 0 0 0 0 0 0 0 4 0 0 2 0 0 0 0 0 0 0 0 0 0 0 0 0 0 0 0 7 0 0 6 6 1 0 0 0 0 0 0 0 0 0 0 0 0 0 0 0 0 0 0 0 0 0 8 0 0 0 0 0 0 0 0 
 0 0 0 0 0 72 0 0 0 0 0 0 0 1 25 0 72 1 0 0 244 148 109 279 58 31 0 261 57 30 126 54 175 200 254 160 142 171 47 43 0 0 0 0 0 0 0 1 0 0 0 0 0 29 3 0 0 3 0 0 0 0 3 0 0 0 3 0 1 0 0 2 3 0 5 0 0 10 3 0 0 0 0 0 9 13 1 0 10 12 0 13 0 0 0 1 2 3 0 13 27 26 0 18 10 33 19 20 0 2 0 1 8 22 21 11 3 10 13 11 0 0 0 0 15 0 0 18 0 0 0 0 0 0 0 0 0 0 0 0 0 0 0 0 0 0 0 0 0 1 0 2 0 0 0 0 0 0 0 0 0 0 0 0 16 0 0 0 0 0 0 0 0 0 0 0 0 10 0 0 8 49 71 15 16 0 0 14 0 0 33 32 0 12 54 30 26 1 0 0 0 0 0 0 0 0 0 0 0 0 1 0 0 0 0 0 0 2 0 0 0 0 0 0 0 0 0 0 0 0 0 2 0 0 0 0 0 0 0 0 0 8 0 0 0 0 85 0 0 22 0 0 0 0 2 0 1 83 0 0 2 12 0 0 0 0 9 0 0 0 0 0 0 1 0 0 0 0 0 0 0 9 0 0 0 11 0 0 0 0 
 4 3 5 4 4 78 3 3 3 3 3 36 3 3 3 3 10 3 3 3 234 374 420 310 78 46 261 0 407 53 118 311 171 64 68 75 279 61 448 136 0 0 3 0 0 0 0 2 0 0 0 0 0 1 3 6 0 3 4 74 0 0 6 0 0 0 3 0 3 0 0 3 2 0 3 0 0 5 2 0 0 0 0 0 1 11 0 2 0 0 0 1 0 0 0 0 0 0 0 0 0 33 15 7 0 10 28 19 29 28 27 13 19 18 0 0 0 18 19 20 0 0 0 0 0 0 0 0 0 0 0 1 23 0 0 0 0 0 0 0 0 0 5 0 1 0 0 0 0 0 2 0 0 0 0 0 0 1 2 3 0 0 0 0 0 0 0 0 0 1 0 11 0 0 0 1 7 0 0 0 9 0 27 13 0 0 0 19 60 29 39 10 28 18 25 22 9 23 0 28 0 0 0 0 0 0 0 0 0 0 0 0 1 0 0 0 0 0 24 0 0 0 0 0 0 0 0 0 0 0 0 0 0 0 0 0 0 0 0 1 0 0 0 0 0 0 0 0 0 1 0 0 0 0 3 1 1 0 78 0 1 0 0 0 0 0 0 0 0 0 0 0 0 0 0 0 0 0 0 0 0 0 0 1 0 17 0 0 0 0 
 0 0 0 2 0 0 0 0 0 2 0 0 0 1 5 0 0 0 1 0 42 158 364 168 347 123 57 407 0 392 78 35 505 66 68 252 280 258 90 371 77 252 0 0 1 0 24 0 0 0 0 6 0 1 3 0 0 5 63 0 0 0 16 0 0 0 3 0 3 0 0 3 2 0 3 0 0 0 3 22 0 0 0 0 0 15 0 0 0 0 0 0 0 0 0 0 0 0 0 0 0 10 43 9 12 10 12 28 35 33 2 19 15 20 3 43 0 0 18 5 1 12 1 0 0 0 19 1 0 0 0 0 14 0 0 0 0 1 16 24 0 0 0 1 0 0 0 6 0 0 0 0 0 0 0 1 0 0 0 0 0 0 0 0 42 0 8 0 0 0 1 1 0 0 0 0 0 0 0 0 57 1 8 1 0 7 0 14 0 9 25 44 0 7 0 3 0 12 2 9 24 2 1 0 0 2 11 11 0 0 0 0 31 29 0 0 14 0 29 6 0 0 0 0 0 0 0 0 15 0 0 0 0 0 2 0 0 0 0 0 0 0 0 0 0 0 1 0 0 0 0 2 0 0 7 1 1 77 75 3 2 0 0 0 0 0 0 0 0 0 0 0 0 0 0 0 0 0 0 0 0 15 0 0 0 0 0 0 0 0 
 0 2 0 0 0 0 2 1 0 3 0 0 0 0 0 0 0 0 0 0 47 507 169 149 687 106 30 53 392 0 454 132 54 64 76 264 357 100 183 182 0 0 0 0 0 0 63 0 0 0 0 0 1 3 3 0 0 3 24 124 0 0 3 0 0 0 3 0 3 1 0 3 2 0 4 0 0 0 3 11 0 0 0 0 0 0 0 0 0 0 0 0 0 0 0 1 0 0 0 0 24 0 16 16 45 1 11 11 44 77 0 14 0 1 2 11 5 1 11 0 0 0 0 0 0 0 14 0 0 0 0 0 15 0 0 0 0 2 12 20 3 0 0 0 0 0 0 0 0 1 0 0 0 0 0 0 3 0 0 0 0 0 6 0 0 0 0 0 0 0 0 0 0 0 0 0 0 3 0 0 0 5 1 61 11 16 0 0 20 47 0 24 0 1 10 19 6 19 0 0 22 0 0 0 0 0 14 20 0 0 0 0 23 25 0 0 19 2 27 0 1 12 0 0 0 0 0 18 0 11 0 2 0 0 0 0 0 0 0 0 0 0 10 0 0 0 0 0 0 0 0 0 0 0 17 0 0 77 1 2 22 0 0 0 0 0 0 0 0 0 0 0 0 0 0 0 0 0 0 0 0 0 0 0 0 0 0 0 0 0 
 3 2 2 2 2 2 2 2 2 4 2 4 2 2 2 2 2 4 2 2 33 113 191 137 176 165 126 118 78 454 0 131 41 113 71 287 274 204 31 149 0 20 0 3 0 1 25 1 0 3 0 3 53 1 3 4 0 5 0 61 0 0 3 0 0 0 5 6 4 0 3 2 2 1 3 0 0 1 3 6 0 0 0 0 0 1 0 0 0 0 0 0 0 0 0 0 0 0 0 0 0 1 11 36 14 11 1 19 8 54 0 0 1 0 14 0 0 0 15 0 9 0 0 0 10 0 9 0 4 0 0 0 12 0 0 0 0 0 3 20 0 0 0 0 0 0 0 0 0 0 0 0 0 0 0 2 0 0 0 0 0 0 6 0 0 10 0 0 0 0 0 0 0 0 0 0 0 4 0 0 14 22 0 60 14 24 0 21 7 24 4 9 0 0 17 22 0 10 0 0 0 0 0 0 0 0 0 0 0 0 0 0 23 2 0 0 0 0 3 0 0 0 0 0 0 0 0 0 0 0 0 0 0 0 0 0 0 0 0 0 0 0 9 0 0 0 28 0 0 0 0 0 0 0 2 0 0 77 1 0 20 11 0 0 0 0 5 0 0 0 0 0 0 0 0 0 0 0 0 17 0 0 0 0 0 0 0 0 0 0 
 7 2 1 0 0 1 0 3 0 0 0 0 0 1 2 0 0 0 0 0 246 76 41 267 173 160 54 311 35 132 131 0 103 345 34 107 175 230 60 120 67 0 2 6 9 7 123 79 0 0 0 6 54 4 72 0 5 32 1 122 0 0 3 0 0 0 3 0 2 0 0 3 2 0 3 0 0 5 3 0 0 0 0 0 0 0 0 0 0 0 0 0 0 0 0 0 0 0 0 0 13 1 0 7 32 33 31 2 0 10 0 1 0 0 0 1 27 1 0 0 25 0 22 0 0 1 27 25 20 35 0 0 67 0 0 0 11 0 21 9 0 1 0 0 0 0 0 0 0 0 0 0 0 0 0 0 5 0 0 0 0 0 0 0 0 0 0 1 0 2 0 0 0 7 0 0 0 0 0 0 0 12 2 12 18 32 0 9 13 0 10 0 0 0 47 3 1 7 0 18 0 39 23 2 0 0 17 29 0 33 0 0 1 30 1 11 0 0 10 14 0 0 0 0 0 0 0 0 0 0 0 0 0 0 0 0 0 21 0 0 0 0 0 0 0 0 0 0 0 0 0 0 0 0 1 0 3 4 0 3 6 0 0 0 0 0 0 0 0 0 0 0 0 0 0 0 2 0 0 0 0 0 0 0 0 0 0 0 0 0 
 0 0 0 85 77 94 2 0 131 73 74 0 0 0 3 0 65 0 0 1 61 71 150 59 65 40 175 171 505 54 41 103 0 159 32 177 104 105 243 279 0 3 0 0 0 0 0 2 0 0 0 1 0 2 3 0 0 3 0 5 0 0 3 0 0 0 3 0 0 0 0 1 3 0 4 0 0 0 3 0 0 0 30 11 16 11 0 0 0 12 1 23 0 0 0 1 12 1 0 0 16 13 10 28 6 1 50 13 1 0 0 0 34 0 13 16 9 11 0 0 0 0 0 0 17 0 0 0 0 0 0 0 2 0 0 0 0 13 0 0 0 0 0 0 19 1 0 40 1 0 3 0 2 0 0 5 0 0 0 0 0 11 0 19 0 22 0 0 0 20 22 8 0 0 0 10 20 13 0 0 34 20 42 0 16 0 22 32 0 1 40 12 10 8 0 0 26 0 15 34 0 36 0 0 1 0 0 0 0 0 0 0 0 0 0 0 0 0 0 0 0 0 0 0 0 0 0 0 0 2 0 0 0 0 0 0 0 0 0 0 0 0 0 0 0 0 0 0 74 0 0 0 0 0 11 0 0 1 0 1 0 11 0 0 0 0 0 0 0 0 0 0 0 0 0 0 0 0 0 0 0 0 0 0 0 0 10 0 0 0 
 0 0 0 0 2 1 0 0 0 75 75 0 0 1 2 0 74 82 0 0 263 380 86 366 213 43 200 64 66 64 113 345 159 0 123 111 191 148 253 352 0 4 0 1 0 0 2 2 0 0 0 3 1 2 3 0 0 3 0 1 0 0 3 3 2 0 4 0 1 1 0 2 4 0 4 0 0 0 3 0 0 0 12 0 5 9 0 24 13 0 0 0 0 0 21 0 0 30 1 0 29 0 0 10 12 28 18 0 12 0 0 10 18 1 37 13 16 23 1 0 0 0 0 0 12 0 0 0 0 0 0 0 10 0 0 0 0 0 0 0 0 0 0 0 0 0 0 0 0 0 0 0 0 0 0 0 0 0 0 0 1 0 0 0 12 8 0 0 0 19 0 7 0 0 0 14 0 0 0 0 23 9 0 0 36 0 11 21 12 18 9 37 28 3 42 7 21 0 0 11 0 0 0 0 0 0 29 0 0 10 0 0 0 0 54 0 0 0 9 0 0 0 0 0 0 0 0 0 0 0 0 0 0 1 0 2 0 0 0 0 0 35 1 0 0 0 32 0 0 0 0 0 0 0 27 0 0 74 75 0 0 11 0 0 0 0 0 0 0 0 0 0 0 0 0 0 0 13 0 0 0 9 0 0 0 14 10 0 0 9 
 0 6 1 0 2 100 2 2 0 0 0 3 2 2 0 0 33 0 0 0 343 282 230 110 66 52 254 68 68 76 71 34 32 123 0 158 262 131 241 214 3 1 0 0 0 0 0 1 0 3 0 2 2 1 3 0 2 34 0 0 0 0 3 0 0 0 3 0 2 0 0 2 2 0 5 3 0 5 5 0 0 0 0 0 14 1 0 0 0 0 0 17 0 0 0 0 0 0 0 0 12 26 0 24 0 12 42 23 23 40 0 21 1 1 56 1 3 15 25 5 0 0 0 0 10 0 0 0 0 0 0 0 0 0 0 0 0 0 0 12 0 0 0 0 0 0 0 0 0 0 0 0 0 0 0 0 0 0 0 0 0 0 0 0 14 9 0 0 0 0 0 0 0 10 0 0 0 0 0 0 32 23 31 0 42 0 25 58 37 18 10 0 28 18 8 86 27 0 0 0 0 0 0 0 0 0 0 0 0 0 0 0 0 0 0 0 0 0 0 0 0 6 13 0 2 0 0 0 0 0 0 0 0 10 0 0 0 0 0 0 0 0 0 0 0 0 0 0 0 76 0 0 0 0 8 0 4 7 0 0 2 12 0 0 0 0 10 0 0 0 0 0 0 0 0 0 0 0 0 0 0 0 0 0 0 28 11 0 0 0 
 2 0 0 3 0 0 2 0 0 0 0 1 0 0 0 0 0 1 0 0 184 441 173 224 263 307 160 75 252 264 287 107 177 111 158 0 265 345 111 82 0 0 0 0 0 0 62 1 0 0 0 64 0 1 3 5 0 5 0 5 0 0 5 0 0 0 3 0 3 0 0 3 2 0 3 0 0 0 3 3 0 0 0 0 0 9 0 0 0 0 0 0 0 0 0 0 0 0 0 0 2 14 47 13 37 50 0 8 20 14 0 12 12 0 10 10 1 13 1 0 1 9 0 0 2 0 12 1 0 0 0 0 18 0 0 0 0 0 0 23 0 0 0 0 0 0 0 2 0 0 0 0 0 0 0 1 0 0 0 0 0 0 0 0 0 0 0 0 0 0 0 0 0 0 0 0 0 0 15 0 30 44 12 2 30 8 0 27 1 22 36 28 0 12 13 26 6 0 0 6 1 8 0 0 0 0 12 10 0 0 0 0 52 13 0 0 0 0 19 1 0 0 0 0 0 0 2 0 0 0 0 0 0 0 24 0 0 0 0 1 0 0 0 0 0 0 0 0 0 0 0 0 0 0 3 0 0 75 73 0 1 3 0 0 0 0 0 0 0 0 0 0 0 0 0 0 0 0 0 0 0 23 0 0 0 15 0 0 0 1 
 5 0 0 0 0 0 0 2 0 3 0 4 0 0 3 0 0 39 0 0 123 180 78 216 280 74 142 279 280 357 274 175 104 191 262 265 0 226 90 222 0 0 0 41 0 0 0 1 0 0 8 0 29 2 3 0 0 3 0 0 0 0 57 0 0 0 3 2 1 0 0 2 3 0 4 0 0 15 3 0 0 0 0 0 0 0 0 0 0 0 0 9 0 0 0 0 0 0 0 0 0 36 10 18 10 26 12 35 19 34 0 32 1 1 14 1 15 25 0 0 0 0 0 0 12 0 0 0 0 0 11 0 0 0 0 0 0 0 0 0 0 0 0 0 0 18 0 1 0 0 0 0 0 0 0 0 0 0 0 0 0 0 0 0 0 0 0 0 0 0 0 0 0 0 0 0 0 0 0 0 29 24 8 28 108 0 7 52 8 12 50 8 0 1 35 34 37 0 0 4 0 0 0 0 0 0 0 0 0 0 0 0 0 0 6 0 0 0 0 0 0 0 0 0 0 0 0 0 0 0 0 0 0 0 0 0 0 0 0 0 0 0 0 0 0 0 0 0 0 0 0 0 0 0 21 0 5 73 1 0 0 15 0 0 0 0 0 0 0 0 0 0 0 0 0 0 0 0 0 0 0 9 0 0 0 15 0 0 0 0 
 0 1 0 0 0 0 4 0 2 3 0 0 0 2 0 0 0 4 1 2 107 386 128 175 176 77 171 61 258 100 204 230 105 148 131 345 226 0 36 136 63 0 0 0 0 66 24 1 0 0 0 1 4 1 3 4 0 3 0 66 0 0 11 0 0 0 3 0 3 0 0 3 2 0 3 0 0 0 2 2 0 0 0 0 0 0 0 0 0 0 2 0 0 0 0 0 0 0 0 0 0 0 14 17 12 9 2 13 30 1 3 17 0 0 26 0 19 14 6 0 1 2 0 0 1 0 18 1 0 0 0 0 18 0 2 0 2 1 0 21 0 0 0 0 0 1 0 2 0 0 0 0 0 0 0 0 0 0 0 0 0 0 0 1 0 0 0 0 0 0 0 0 0 0 0 0 0 0 0 0 21 23 0 8 46 20 9 18 12 21 11 43 0 0 10 12 33 35 0 0 14 0 0 0 0 10 18 0 0 0 0 0 16 15 0 0 0 12 57 0 0 0 0 0 0 0 0 0 1 0 0 0 0 0 2 0 0 0 0 0 0 0 9 0 0 0 0 0 0 0 0 0 0 0 18 0 2 223 21 1 37 3 0 0 0 0 0 0 0 0 0 0 0 0 0 0 0 0 0 0 0 9 0 0 0 0 0 0 0 0 
 2 2 2 5 78 197 3 2 4 2 3 2 3 2 2 2 86 2 2 2 123 249 288 160 310 53 47 448 90 183 31 60 243 253 241 111 90 36 0 284 0 0 2 0 61 2 2 2 0 0 3 0 0 1 3 2 0 3 0 5 0 0 6 0 0 0 3 0 2 0 0 2 2 0 5 0 0 0 3 0 0 18 0 4 90 0 2 0 0 9 15 53 0 0 0 18 9 0 0 0 1 42 25 9 0 0 13 34 29 0 14 0 9 14 11 11 1 17 0 12 0 0 0 0 0 0 0 0 0 2 0 8 1 31 0 0 13 1 16 0 0 0 5 0 18 0 0 1 0 2 40 0 1 0 0 0 0 0 0 9 0 0 0 0 30 8 0 0 0 0 0 14 48 0 0 0 19 20 0 9 20 0 23 0 20 0 20 0 18 30 27 0 26 22 9 20 73 13 15 1 0 0 0 0 0 0 0 0 0 0 0 0 0 0 0 0 0 0 3 0 2 0 0 0 0 0 0 0 0 1 0 0 0 0 12 0 0 0 0 0 0 0 0 0 0 0 0 0 0 0 0 0 0 0 8 0 0 0 7 0 0 0 19 0 0 0 0 0 0 0 0 0 0 0 0 0 0 0 0 0 0 1 0 25 0 1 3 0 0 0 
 5 0 0 1 0 2 2 0 74 75 78 37 0 2 0 0 0 1 0 0 142 97 43 63 127 98 43 136 371 182 149 120 279 352 214 82 222 136 284 0 2 0 0 0 0 0 0 2 0 0 81 0 0 1 65 0 0 3 200 0 0 0 3 0 0 0 54 0 2 0 0 2 2 0 87 0 0 0 3 0 0 0 40 0 22 9 0 0 0 0 0 0 0 0 0 0 0 0 0 0 33 8 14 7 0 0 36 24 40 0 16 10 28 19 41 69 20 0 22 21 0 0 0 0 0 0 0 0 0 0 0 0 0 0 0 0 0 0 0 0 0 0 7 0 1 0 0 0 0 0 1 0 0 0 0 0 0 0 2 16 0 0 0 0 0 11 0 0 0 23 18 56 0 0 18 3 10 0 0 0 52 0 14 14 14 0 44 22 0 38 8 9 32 16 12 0 21 15 0 52 0 0 0 0 0 0 0 0 0 0 0 0 0 0 0 0 0 0 0 0 0 0 0 0 1 0 0 0 0 0 0 0 0 0 0 0 0 0 0 0 0 0 0 0 0 0 0 0 36 0 0 0 0 0 15 1 0 0 1 2 3 2 0 0 0 0 1 0 0 0 0 0 0 0 0 0 0 0 0 0 0 0 0 0 0 0 9 0 0 0 
 2 2 2 3 3 2 2 2 2 4 2 3 2 3 3 2 2 6 2 2 14 2 62 62 73 53 0 0 77 0 0 67 0 0 3 0 0 63 0 2 0 92 89 339 286 38 234 57 45 54 34 44 113 35 187 36 27 41 29 77 5 0 6 0 0 0 7 0 0 204 0 0 0 0 0 3 0 23 13 0 0 0 0 0 0 0 0 0 0 0 0 0 0 0 0 0 0 0 0 0 0 0 0 16 32 10 0 0 0 0 10 10 0 0 0 0 0 0 0 0 27 23 2 18 10 13 15 16 10 11 0 0 9 1 17 11 28 11 21 10 3 0 0 0 0 0 0 0 0 0 0 0 0 0 1 0 4 0 0 35 0 0 0 0 0 0 0 0 0 0 0 0 2 0 0 0 0 0 0 0 0 0 0 0 0 62 0 0 10 0 0 0 0 0 0 0 0 12 0 0 12 10 24 17 4 6 27 13 18 0 12 7 6 0 28 19 0 0 12 10 0 0 14 0 0 0 2 0 0 0 0 0 13 0 0 2 0 0 0 9 0 0 0 0 0 0 0 0 0 0 0 4 0 0 0 0 0 18 0 1 0 0 4 4 2 11 2 0 2 0 0 0 0 0 0 0 0 0 0 0 0 0 11 0 0 0 0 11 1 0 
 0 0 46 10 0 0 0 5 6 0 0 2 0 0 0 0 11 0 0 0 0 0 2 0 0 1 0 0 252 0 20 0 3 4 1 0 0 0 0 0 92 0 307 312 336 34 74 215 114 37 31 376 40 447 167 88 328 106 87 21 4 4 0 6 2 0 22 3 1 1 0 0 0 3 0 5 0 0 0 2 0 0 0 2 0 0 0 0 0 3 0 5 0 0 0 0 3 5 0 0 1 0 0 0 0 0 0 0 0 0 0 0 0 0 4 0 0 4 0 0 9 19 22 19 0 10 0 19 21 10 39 12 0 37 0 18 11 25 19 0 11 0 0 4 0 0 0 0 0 0 0 0 0 0 16 0 0 0 0 11 0 29 0 13 15 5 0 0 0 0 1 0 3 0 0 0 6 0 0 0 0 0 0 0 0 0 0 0 0 0 0 0 12 0 0 0 0 0 0 0 12 0 0 50 0 0 4 14 6 8 16 60 0 0 0 46 0 17 0 13 0 0 0 0 0 0 0 0 14 0 0 0 0 0 0 0 0 0 11 0 0 0 23 0 0 0 2 0 0 0 0 4 0 1 0 0 0 1 0 32 0 0 66 68 0 2 0 0 0 0 0 0 0 0 0 0 0 0 0 0 0 0 0 0 11 0 0 0 0 0 
 0 0 0 0 0 0 0 0 0 6 0 2 0 0 4 0 0 3 0 0 0 0 0 0 6 69 0 3 0 0 0 2 0 0 0 0 0 0 2 0 89 307 0 124 46 73 44 86 151 106 294 239 72 68 328 113 82 181 47 52 1 0 3 1 1 2 3 0 0 2 0 0 30 0 0 2 0 0 1 0 0 0 0 0 0 0 0 0 0 0 0 0 0 0 0 0 0 0 0 0 0 0 0 0 0 0 0 0 0 0 0 0 0 0 0 0 0 0 0 0 0 1 15 15 37 0 0 5 50 14 20 37 0 1 3 0 1 54 4 0 4 33 0 0 0 0 1 0 0 0 0 0 0 29 11 0 12 0 29 1 1 0 0 0 0 0 0 0 0 0 0 0 0 0 0 0 0 0 0 0 0 0 0 0 0 0 0 0 0 0 0 0 0 0 0 0 0 0 0 0 21 17 14 0 25 14 7 0 1 20 7 7 0 0 2 25 8 14 0 9 0 0 10 0 0 0 5 7 8 0 0 0 6 0 4 13 0 0 6 19 0 0 0 0 0 0 0 0 0 0 0 0 0 2 0 0 0 0 0 0 0 0 0 0 1 9 2 42 0 2 0 0 0 0 0 0 0 0 0 0 0 0 0 0 31 9 0 0 0 0 
 0 1 0 0 0 0 2 0 0 0 0 0 0 0 0 0 2 0 0 0 0 3 0 1 0 0 0 0 0 0 3 6 0 1 0 0 41 0 0 0 339 312 124 0 164 91 284 89 308 679 179 63 126 368 73 208 300 180 284 495 5 4 1 1 1 0 62 0 0 3 0 2 0 4 0 5 0 0 2 8 0 0 0 0 0 0 0 0 23 0 0 0 0 0 0 0 4 0 0 0 0 0 0 0 1 1 0 0 0 0 0 0 0 0 0 1 0 0 0 0 0 24 39 30 0 25 0 19 9 2 12 6 0 21 24 7 0 48 16 0 0 0 0 8 0 1 0 0 0 0 0 4 19 0 0 0 0 0 0 10 0 0 0 0 0 0 0 0 0 0 0 0 4 10 0 0 0 0 0 0 0 22 0 0 0 0 0 0 0 0 0 0 0 0 0 0 0 0 0 0 20 9 22 23 0 20 0 7 1 0 0 31 8 0 17 1 0 3 0 14 32 0 1 0 6 0 39 32 0 0 0 0 15 7 5 1 0 0 0 11 0 0 15 0 0 0 0 0 0 0 0 4 0 0 0 0 0 0 0 5 0 29 1 65 0 4 3 0 0 0 7 0 0 0 0 0 0 0 0 0 0 4 0 0 0 0 0 7 0 0 
 0 0 0 0 0 0 0 0 0 0 0 0 0 0 0 0 0 0 0 0 0 0 0 2 0 2 0 0 1 0 0 9 0 0 0 0 0 0 61 0 286 336 46 164 0 139 33 56 84 97 198 114 100 274 140 319 326 75 53 89 50 51 50 2 7 9 6 0 0 56 0 2 2 3 23 54 19 2 53 50 0 0 0 0 0 0 0 0 0 0 0 0 0 0 0 0 0 0 0 0 0 0 0 0 0 1 0 15 0 0 0 0 0 0 0 32 0 0 0 0 6 6 11 11 9 14 28 6 0 0 1 6 0 1 10 8 9 34 0 0 0 30 19 10 0 0 6 11 0 0 0 3 0 25 11 0 1 9 11 4 0 0 0 0 0 0 0 0 0 0 0 0 3 0 0 0 0 0 0 0 0 0 0 0 0 9 0 0 0 0 0 0 0 0 0 0 1 0 0 0 0 8 6 0 2 13 0 12 0 16 10 0 2 24 8 5 0 0 5 5 9 21 0 10 0 0 0 0 7 0 8 0 24 1 32 21 30 27 9 73 0 0 0 0 0 0 0 0 0 1 0 0 0 0 1 0 0 0 0 1 0 0 21 1 1 14 4 1 0 0 0 0 0 1 0 0 0 0 0 0 0 4 0 0 0 0 0 0 2 12 
 0 7 0 0 0 0 0 0 0 3 0 0 0 0 5 0 0 0 0 0 0 0 0 0 0 0 0 0 0 0 1 7 0 0 0 0 0 66 2 0 38 34 73 91 139 0 32 51 112 241 526 192 250 65 32 84 158 63 51 103 0 36 21 0 0 0 170 25 0 57 85 2 0 0 79 0 50 55 95 0 0 0 0 0 0 0 0 0 0 0 0 0 23 0 0 0 0 0 0 0 0 0 0 0 0 0 0 0 0 0 0 0 0 0 0 0 0 0 0 0 0 0 4 11 8 33 1 13 4 6 23 19 0 1 35 0 0 1 4 0 11 28 6 0 0 0 0 0 1 1 0 3 19 34 0 0 0 4 0 0 4 0 0 0 0 0 0 0 0 6 0 0 0 0 0 0 0 0 0 0 0 0 0 0 0 0 2 0 0 6 0 0 0 0 0 0 0 0 0 0 6 0 3 0 9 18 2 0 1 11 1 0 0 0 12 10 11 27 0 0 9 0 0 3 0 0 14 10 0 0 27 0 22 9 20 28 0 17 3 31 0 0 0 0 0 0 0 0 0 0 0 0 0 0 0 0 0 0 0 0 0 0 30 0 0 7 3 0 0 4 9 0 0 0 0 0 0 0 0 0 0 0 0 0 0 0 0 0 0 0 
 0 3 0 0 0 0 0 0 0 0 0 0 0 0 4 0 0 0 0 0 0 62 28 0 43 129 0 0 24 63 25 123 0 2 0 62 0 24 2 0 234 74 44 284 33 32 0 144 96 15 40 33 131 51 76 30 255 22 381 31 7 0 4 0 0 0 1 0 0 0 1 0 7 0 0 0 0 0 1 2 0 0 27 0 0 0 0 0 0 0 0 0 0 0 0 0 0 0 0 0 0 0 14 1 0 6 0 0 23 0 1 3 0 0 0 15 3 0 0 0 2 0 0 1 0 0 9 14 12 26 0 0 18 0 12 0 17 1 1 21 0 0 0 0 0 0 0 0 0 0 0 0 0 0 3 0 7 0 0 0 0 0 0 0 0 0 22 0 0 0 0 0 0 2 0 0 0 0 0 0 10 1 0 0 0 43 0 0 0 9 0 19 0 0 0 0 0 9 0 0 33 21 1 0 0 0 20 52 6 14 7 2 19 39 0 22 19 0 18 1 0 0 0 0 0 0 6 0 9 0 0 16 48 0 0 7 9 0 0 0 0 0 0 0 0 0 0 0 0 0 0 2 0 2 0 0 0 68 0 0 0 0 0 0 0 0 1 0 0 0 0 0 0 1 0 0 0 0 0 0 0 0 1 0 0 0 0 0 0 0 
 2 8 0 2 0 2 2 0 0 0 2 2 2 2 2 2 0 3 2 1 1 2 1 1 0 61 1 2 0 0 1 79 2 2 1 1 1 1 2 2 57 215 86 89 56 51 144 0 57 315 51 88 191 121 98 548 246 242 132 203 0 0 0 8 0 0 3 0 0 0 3 0 0 205 0 0 49 0 0 0 0 0 0 0 0 0 0 0 0 0 0 0 0 0 0 0 0 13 0 0 0 0 0 0 0 9 0 0 0 0 9 12 0 0 0 0 17 0 0 0 0 22 4 10 0 15 17 12 5 28 0 8 0 7 18 8 34 29 35 0 1 0 0 0 0 0 0 0 0 0 0 0 0 0 0 0 0 0 0 5 0 0 0 0 0 0 0 0 0 0 0 0 0 6 0 0 0 0 0 0 0 0 0 0 0 0 7 0 0 0 11 0 0 0 0 0 0 1 0 0 11 34 4 0 0 5 6 11 19 31 19 0 0 0 8 8 3 5 0 0 0 0 0 0 1 0 10 0 0 3 0 0 0 0 0 0 0 0 0 0 0 0 10 0 0 0 2 0 0 0 0 0 0 2 0 0 0 1 0 2 0 0 0 0 0 2 2 0 0 0 0 0 0 0 0 0 0 0 0 0 0 0 0 0 1 0 0 0 0 16 
 0 0 3 0 0 0 0 0 0 0 1 0 61 0 0 0 0 1 0 0 0 3 0 0 0 53 0 0 0 0 0 0 0 0 0 0 0 0 0 0 45 114 151 308 84 112 96 57 0 131 109 128 101 100 148 127 109 69 97 80 0 6 0 0 24 0 1 0 0 0 0 0 49 60 3 1 3 0 51 10 0 0 0 0 0 0 0 0 0 0 0 0 0 0 0 0 0 0 0 0 0 0 0 0 0 0 0 0 0 0 0 0 0 0 0 0 0 0 0 0 0 0 22 0 12 0 0 0 29 21 12 16 0 15 0 0 28 0 0 0 0 14 3 0 0 3 4 0 0 40 6 0 19 32 9 0 0 0 27 0 5 0 0 0 0 0 0 0 0 0 0 0 0 0 0 0 0 0 0 0 0 0 0 0 0 9 0 0 0 0 0 0 0 0 0 0 0 0 0 0 0 14 11 0 22 27 21 15 16 8 34 7 6 0 10 28 9 35 0 0 13 12 0 1 16 0 18 5 1 0 0 0 15 3 18 2 0 0 13 10 0 0 0 0 0 0 0 0 0 0 0 0 0 0 0 0 0 0 0 1 0 0 1 0 0 10 12 35 0 0 0 0 0 0 0 22 0 0 0 0 0 0 0 0 10 20 0 2 2 0 
 2 2 2 2 2 2 2 2 2 2 2 2 2 3 2 2 2 4 2 2 0 3 0 0 0 1 0 0 0 0 3 0 0 0 3 0 0 0 0 0 54 37 106 679 97 241 15 315 131 0 239 557 122 148 83 535 419 132 51 118 0 0 0 0 0 0 115 16 0 0 0 0 0 18 0 0 0 1 17 1 0 0 0 0 0 0 0 0 0 0 0 0 0 0 0 0 0 0 0 0 0 0 0 0 0 0 0 0 0 0 0 0 0 0 0 0 0 0 0 0 0 12 19 22 0 45 0 9 6 0 25 21 0 1 20 17 0 0 0 0 0 0 0 15 0 0 0 0 0 0 0 5 27 12 4 0 20 0 2 9 5 0 0 0 0 6 0 0 0 5 0 0 0 0 0 0 0 0 0 0 0 0 0 0 0 1 0 0 0 0 0 0 0 0 0 0 0 0 0 0 0 6 0 1 15 25 0 1 0 22 1 1 0 0 11 1 10 27 0 0 34 0 0 0 0 0 20 0 0 0 0 0 29 7 0 9 0 0 4 3 0 0 0 0 0 0 0 0 0 0 0 0 0 1 0 0 0 0 0 0 0 0 3 0 0 0 2 0 2 0 7 0 0 0 0 0 0 0 0 0 0 0 0 0 0 0 0 0 0 0 
 0 0 0 0 0 0 0 0 0 0 0 0 0 0 11 0 0 4 0 0 0 2 0 0 1 1 0 0 0 0 0 0 0 0 0 0 8 0 3 81 34 31 294 179 198 526 40 51 109 239 0 117 40 103 137 153 455 70 271 61 1 0 0 0 0 0 57 0 0 0 0 0 2 0 54 2 2 0 0 3 0 0 0 0 0 0 0 0 0 0 0 0 0 2 0 0 0 0 0 0 0 0 0 0 0 0 0 0 0 0 0 0 0 0 0 0 0 0 0 0 0 32 47 30 38 28 0 4 0 7 18 8 8 13 12 9 0 21 0 0 1 0 0 8 0 0 1 0 0 0 0 10 17 22 0 0 1 0 18 11 0 0 0 0 0 0 0 0 0 0 0 0 1 0 0 0 0 0 0 0 0 0 0 0 0 1 0 0 0 0 0 0 0 0 0 0 0 0 0 0 0 28 13 13 1 79 0 1 0 33 2 13 0 0 36 39 0 15 0 0 4 0 0 0 0 0 33 1 0 0 0 0 11 4 0 0 0 0 7 91 0 0 0 0 0 0 0 2 0 0 0 0 0 2 0 0 0 0 0 0 0 0 64 1 4 11 2 9 0 0 8 0 0 0 0 0 0 0 0 0 0 0 0 0 0 20 0 7 0 0 
 3 11 3 3 3 3 8 3 3 4 3 3 3 3 3 3 6 4 3 4 0 0 9 5 3 3 0 0 6 0 3 6 1 3 2 64 0 1 0 0 44 376 239 63 114 192 33 88 128 557 117 0 44 316 43 104 599 279 87 28 1 0 0 0 0 0 0 0 0 0 0 0 51 0 0 5 0 0 50 0 0 0 0 0 0 0 0 0 0 0 0 0 0 0 0 0 0 0 0 10 0 0 16 0 8 6 0 0 0 7 2 60 0 0 0 6 0 0 0 0 26 5 11 1 0 8 2 1 16 6 29 28 21 8 0 18 8 21 0 6 25 0 0 1 0 0 10 10 0 0 0 0 10 20 37 0 0 0 23 19 3 0 0 0 0 0 0 0 0 0 0 0 0 0 0 0 0 0 0 0 0 0 0 0 0 1 0 0 0 0 12 0 0 0 0 0 0 0 0 0 8 2 9 0 28 0 0 10 0 9 25 24 7 0 1 1 17 27 8 1 10 0 0 0 0 0 11 0 20 0 0 0 17 0 21 12 16 0 9 6 0 0 0 0 0 0 0 0 0 0 0 3 0 0 0 0 0 0 3 2 0 0 0 0 0 6 2 88 2 0 0 0 0 0 0 0 0 15 0 0 0 4 0 0 28 18 0 0 0 0 
 3 4 2 6 3 2 2 2 2 2 2 3 2 4 3 2 2 2 2 2 0 0 0 0 2 130 0 0 0 1 53 54 0 1 2 0 29 4 0 0 113 40 72 126 100 250 131 191 101 122 40 44 0 106 440 46 100 134 85 138 0 6 62 6 1 1 0 9 0 0 4 6 0 7 0 0 0 0 0 3 0 0 0 0 0 0 0 0 0 0 0 0 0 0 0 0 0 0 0 0 0 0 6 0 14 4 1 0 0 0 0 0 0 0 0 0 1 0 0 0 26 10 0 0 0 0 14 23 14 10 10 0 16 19 9 0 8 0 12 16 0 0 0 0 0 0 0 0 0 0 0 0 0 0 0 0 0 0 0 0 0 0 0 0 0 0 0 0 0 0 0 0 0 2 0 0 0 0 0 0 0 1 0 9 0 0 0 0 0 20 0 10 0 0 0 0 0 3 0 0 0 16 23 18 22 0 30 25 0 10 0 20 0 13 17 10 0 0 0 16 0 0 0 0 0 0 6 0 0 0 0 0 21 0 0 0 0 0 0 0 0 0 0 0 0 0 0 0 0 0 0 0 0 2 0 0 0 62 0 2 0 0 2 0 0 0 2 0 2 0 0 0 0 0 0 0 0 0 0 4 0 0 0 0 0 0 0 0 0 0 
 0 3 0 3 0 0 2 0 0 0 0 0 0 0 0 0 0 0 2 0 1 2 4 1 2 1 29 1 1 3 1 4 2 2 1 1 2 1 1 1 35 447 68 368 274 65 51 121 100 148 103 316 106 0 77 80 604 37 71 54 0 0 0 0 0 0 0 2 0 3 0 0 0 1 0 0 0 0 0 0 0 19 0 0 0 0 0 0 0 0 0 0 0 0 0 0 0 0 0 13 0 0 0 0 0 0 0 0 0 0 0 0 0 0 0 0 0 0 0 0 2 21 17 0 0 11 0 8 16 24 0 20 18 2 9 23 22 12 0 8 0 7 0 8 0 0 0 0 0 0 0 0 8 3 0 0 0 0 0 23 0 0 0 0 0 0 0 0 9 0 0 0 5 2 0 0 0 10 0 0 0 0 0 0 0 0 0 0 0 0 0 0 0 0 0 0 0 0 0 0 0 13 0 19 5 24 9 0 19 8 10 7 0 14 12 18 13 32 0 0 0 0 0 0 0 0 29 0 0 0 0 0 10 0 0 0 0 0 15 0 0 0 0 0 0 0 0 0 0 0 0 0 0 2 0 0 0 0 0 7 0 0 3 1 0 0 1 0 0 0 0 0 0 0 0 0 0 0 0 0 0 0 0 0 21 0 0 0 0 0 
 2 3 0 0 0 0 13 20 0 0 0 0 0 2 12 0 0 0 0 0 3 3 3 3 7 95 3 3 3 3 3 72 3 3 3 3 3 3 3 65 187 167 328 73 140 32 76 98 148 83 137 43 440 77 0 291 111 318 56 116 0 0 0 0 0 0 16 0 0 0 0 0 56 7 0 1 0 1 0 3 0 0 0 0 0 0 0 9 12 0 0 0 35 0 0 0 0 0 0 11 0 0 0 0 22 0 0 0 0 0 0 0 0 0 0 0 0 0 0 0 12 25 0 0 12 6 15 16 27 8 0 0 9 48 16 0 2 0 33 0 0 0 0 1 0 0 0 0 0 0 0 0 0 0 10 0 4 0 11 9 0 0 93 0 0 0 19 13 17 0 16 0 0 0 0 0 0 0 0 0 0 0 0 0 0 77 0 0 0 0 0 0 0 0 0 0 0 0 0 0 0 10 27 36 12 25 11 19 9 0 21 25 0 0 23 8 7 0 4 0 0 0 0 0 0 0 14 0 0 0 0 0 10 0 10 0 0 0 0 12 0 0 10 0 0 0 0 0 0 26 0 0 0 1 0 0 0 0 0 1 0 0 2 0 0 11 0 0 0 0 0 0 0 0 0 0 0 0 0 0 0 0 0 0 0 0 0 9 0 0 
 6 0 0 0 4 0 0 3 0 3 0 0 0 0 0 0 0 1 0 0 0 0 0 0 0 63 0 6 0 0 4 0 0 0 0 5 0 4 2 0 36 88 113 208 319 84 30 548 127 535 153 104 46 80 291 0 158 116 104 101 0 0 0 21 0 2 1 0 0 0 0 0 25 207 0 0 0 1 0 2 0 0 0 0 0 0 0 0 0 0 0 0 0 0 0 0 0 0 0 0 0 6 0 0 0 0 0 0 0 0 0 0 0 0 0 0 0 0 0 0 1 27 8 30 12 0 0 17 21 9 0 10 0 17 1 0 0 0 16 0 0 6 0 9 0 0 0 10 0 0 0 8 10 30 6 0 0 0 17 0 5 0 0 0 0 0 0 0 0 0 0 0 0 0 0 0 0 0 0 0 0 0 0 0 0 20 0 0 0 0 0 4 0 0 0 0 0 0 0 0 0 0 0 19 39 16 9 15 8 0 16 24 0 0 9 1 2 0 0 8 0 0 0 0 0 0 21 0 0 0 0 0 13 0 21 10 0 0 0 23 0 0 4 0 0 0 0 0 0 0 0 2 0 2 0 0 0 0 0 2 1 0 1 0 0 10 0 0 0 0 0 0 0 0 0 0 0 0 0 0 0 0 0 0 20 0 0 11 0 0 
 2 5 2 4 2 2 2 2 2 2 2 2 2 2 2 2 2 8 2 2 0 4 2 0 0 0 0 0 0 0 0 5 0 0 2 0 0 0 0 0 27 328 82 300 326 158 255 246 109 419 455 599 100 604 111 158 0 170 48 32 0 3 0 0 0 0 2 4 4 0 0 0 76 7 0 2 2 0 0 0 0 0 0 0 0 0 0 0 0 0 0 0 0 0 0 9 0 0 0 0 0 0 0 0 0 0 0 0 0 2 0 0 4 0 0 1 0 0 0 0 0 20 51 0 9 3 0 19 14 3 0 15 0 35 8 6 1 4 4 0 0 0 0 14 0 0 0 0 0 9 0 2 26 56 17 0 0 0 22 0 2 0 0 0 0 0 0 0 0 0 0 0 0 0 0 0 0 0 0 0 0 0 0 0 0 0 0 0 0 0 0 0 0 0 0 0 0 0 0 0 4 9 28 11 31 5 0 1 1 17 23 21 1 0 16 25 12 0 0 0 0 0 0 0 15 0 47 0 0 0 0 0 18 0 24 10 0 0 0 57 0 0 0 0 0 0 0 0 0 0 0 0 0 2 0 0 1 0 0 1 0 1 34 0 1 11 2 1 0 0 0 0 0 0 0 0 0 0 0 0 0 0 0 0 0 0 0 7 0 0 
 0 4 0 0 0 0 6 0 0 3 0 0 0 0 0 2 0 0 0 0 3 5 3 5 3 67 3 3 5 3 5 32 3 3 34 5 3 3 3 3 41 106 181 180 75 63 22 242 69 132 70 279 134 37 318 116 170 0 39 42 7 0 0 0 0 0 0 4 3 39 0 0 0 8 0 0 0 0 0 0 0 0 0 0 0 0 0 0 0 0 0 0 0 0 0 0 0 0 0 0 0 0 0 0 0 1 0 0 0 0 0 0 0 0 0 8 0 0 0 0 3 35 13 29 12 1 24 13 11 10 14 3 0 12 6 8 0 10 0 0 22 7 0 0 0 0 19 0 0 0 1 0 0 0 0 0 20 0 13 0 0 0 0 0 0 0 0 0 0 0 0 0 4 15 0 0 0 0 0 0 0 0 0 0 0 15 0 0 0 0 0 0 0 0 0 0 0 0 0 0 15 6 13 27 16 0 0 19 13 5 0 19 2 14 31 0 0 0 1 31 0 0 5 0 0 0 7 5 18 0 0 0 11 0 3 0 4 0 0 0 0 0 0 0 0 0 0 0 0 0 0 2 0 2 0 0 0 0 0 2 1 0 0 34 61 1 0 0 0 0 0 0 0 0 0 0 0 0 0 0 0 3 0 0 13 0 0 0 0 0 
 4 0 0 0 0 0 0 6 0 0 0 0 0 0 0 0 0 0 0 0 0 0 1 0 62 62 0 4 63 24 0 1 0 0 0 0 0 0 0 200 29 87 47 284 53 51 381 132 97 51 271 87 85 71 56 104 48 39 0 325 0 6 0 4 0 0 3 0 0 0 0 0 1 3 0 0 0 1 0 3 0 0 0 0 0 0 0 0 0 0 0 0 0 0 0 0 0 0 0 0 0 0 0 10 1 0 0 8 3 1 11 27 0 0 0 14 8 0 0 0 1 6 0 6 0 0 9 13 16 14 0 0 20 0 24 0 17 9 25 22 0 30 1 0 0 0 3 0 2 37 0 6 0 0 0 0 17 0 0 0 0 0 0 0 0 0 0 0 0 0 0 0 0 1 0 0 0 0 0 0 0 0 0 0 0 0 0 0 1 0 0 0 0 0 0 10 0 1 0 0 28 9 45 0 0 0 0 30 10 10 13 0 11 53 0 0 39 0 4 23 1 4 0 0 7 0 0 6 1 0 0 0 0 5 0 0 0 41 0 0 0 0 10 0 0 0 0 0 0 0 0 2 0 0 0 0 0 0 0 0 0 0 0 0 0 1 9 0 0 0 3 0 0 0 0 8 0 0 0 0 0 0 0 0 0 0 0 0 0 0 
 0 0 0 0 0 0 0 0 0 0 0 0 0 0 0 0 0 0 0 0 0 3 1 62 24 63 0 74 0 124 61 122 5 1 0 5 0 66 5 0 77 21 52 495 89 103 31 203 80 118 61 28 138 54 116 101 32 42 325 0 0 0 2 10 0 3 2 0 0 0 0 0 0 0 0 0 4 0 0 0 0 0 0 0 0 0 0 0 0 0 0 0 0 0 0 0 0 0 0 25 0 0 14 9 12 8 9 0 8 1 25 32 0 0 0 28 26 0 0 0 30 25 0 25 0 0 15 30 0 0 0 0 30 0 1 22 11 3 0 0 0 0 0 0 0 0 0 0 0 0 0 0 0 0 0 0 10 0 0 0 0 0 0 0 0 0 0 0 0 0 0 0 0 1 0 0 0 3 0 0 0 1 0 6 0 20 2 0 0 17 0 7 0 0 0 0 0 11 0 0 18 30 0 0 0 0 0 21 12 10 20 0 16 0 0 0 21 0 8 8 0 0 0 0 0 0 0 0 0 0 0 0 0 0 0 0 0 0 0 0 0 0 0 0 0 0 0 0 0 0 0 5 0 0 0 0 0 30 0 0 0 0 0 0 0 0 4 0 0 0 0 0 0 0 0 0 0 0 0 19 0 0 0 0 0 0 0 0 0 0 
 0 0 0 0 0 0 4 0 0 0 0 0 0 43 0 0 0 0 0 0 0 0 0 0 0 0 0 0 0 0 0 0 0 0 0 0 0 0 0 0 5 4 1 5 50 0 7 0 0 0 1 1 0 0 0 0 0 7 0 0 0 72 143 123 141 40 401 120 130 68 80 46 91 310 157 97 87 15 151 30 0 0 0 0 0 0 12 0 0 0 0 0 0 0 0 10 0 0 0 0 0 0 0 0 0 0 0 0 0 0 0 0 0 0 0 0 0 0 0 0 0 3 0 10 1 25 0 0 0 0 0 0 0 0 0 1 0 0 0 0 6 1 24 11 0 0 12 0 7 0 0 0 4 0 0 5 1 1 1 7 0 0 0 0 0 0 0 7 24 0 0 0 0 0 6 0 0 0 0 0 0 0 0 0 0 0 0 0 0 0 0 0 0 0 0 0 0 0 0 0 0 0 0 7 11 0 0 10 0 0 0 39 0 0 0 0 0 0 0 0 10 4 21 26 41 5 32 5 0 0 12 0 16 0 0 25 32 29 0 0 0 0 0 0 0 0 0 0 0 0 0 0 0 0 3 0 0 0 0 0 0 0 0 0 52 0 0 0 0 0 0 0 55 2 4 0 0 0 0 0 0 0 9 0 0 2 0 0 0 0 
