 0 164 153 349 34 115 176 313 44 280 116 443 51 141 310 116 148 119 123 81 3 0 3 0 0 0 0 3 0 0 0 3 0 0 0 0 0 0 3 3 0 0 1 3 0 0 3 0 0 2 0 3 65 0 0 0 0 0 0 0 3 0 3 0 3 2 0 0 0 3 3 0 0 5 0 0 0 3 0 0 0 47 12 14 38 14 0 0 9 0 17 0 0 23 16 16 0 0 9 42 3 0 0 0 0 0 0 24 0 0 0 0 9 0 0 0 0 0 18 0 0 0 9 0 0 0 0 0 0 0 0 0 0 0 0 0 0 0 0 0 0 0 0 0 0 2 0 0 0 0 0 0 0 0 0 0 0 0 0 0 1 7 22 11 0 0 28 28 18 17 0 17 18 11 10 3 24 6 26 13 0 0 0 0 0 0 0 0 0 1 0 0 0 2 0 0 0 0 0 0 0 0 0 0 0 0 0 0 0 0 0 0 0 0 0 0 2 0 0 0 0 0 0 0 0 0 0 0 0 50 1 0 0 0 0 0 0 1 0 0 0 1 0 0 2 0 2 1 0 4 9 14 0 0 0 0 0 0 0 0 0 0 0 0 0 0 0 0 0 0 0 0 0 1 0 14 18 0 0 0 0 0 0 0 1 0 0 0 0 0 
 164 0 466 62 269 47 77 334 144 318 129 166 53 180 327 178 171 122 48 46 3 0 3 0 72 0 1 2 0 0 0 3 0 0 0 0 0 1 3 51 0 0 0 3 0 0 3 0 0 2 0 3 2 0 66 0 0 0 0 0 2 0 3 0 0 3 0 0 0 2 3 0 0 0 3 2 0 0 0 0 33 18 53 0 23 52 0 0 1 1 11 26 0 1 12 20 0 32 0 0 10 0 0 0 0 0 0 13 2 0 0 0 18 0 0 0 15 0 29 0 0 0 12 0 0 0 0 0 15 0 0 0 0 0 0 0 0 0 0 0 0 2 0 0 0 0 12 0 0 0 0 0 0 0 0 0 0 0 0 0 6 9 22 12 0 14 0 13 29 21 10 1 0 0 22 31 59 30 0 0 0 1 0 0 0 0 0 0 0 0 0 0 9 0 0 1 0 0 0 0 0 0 0 2 0 0 0 0 0 0 0 13 0 0 0 0 0 0 0 2 0 0 0 0 0 0 0 0 0 0 0 0 0 0 0 0 14 0 0 0 0 0 0 0 0 2 0 0 90 0 0 8 1 0 0 0 0 0 0 0 0 0 0 0 0 0 0 0 0 0 0 0 0 0 0 0 10 0 0 0 0 0 0 0 0 0 0 0 0 0 
 153 466 0 152 247 54 70 368 227 246 293 318 46 73 330 55 158 220 40 322 3 0 3 2 0 1 0 2 0 0 0 3 8 0 0 0 0 0 3 34 0 0 0 3 0 0 3 0 0 2 0 3 2 0 0 0 0 0 0 0 3 0 35 3 10 2 0 0 0 2 3 0 0 0 0 0 0 0 0 0 12 13 28 2 12 17 16 32 20 0 16 45 0 32 1 26 25 31 0 0 0 0 0 0 1 1 0 0 0 8 0 0 11 0 0 0 0 0 18 0 0 0 8 0 0 2 0 0 1 1 0 0 0 0 0 0 0 0 0 0 0 0 0 12 0 0 0 0 0 0 0 0 0 0 9 0 0 0 0 0 11 0 7 46 6 14 0 7 1 17 0 0 0 1 19 17 35 8 0 0 15 0 1 0 0 0 7 0 0 0 0 0 23 0 1 1 0 0 18 0 0 0 0 0 0 1 0 0 0 7 0 0 0 0 0 0 6 0 0 0 0 0 0 0 0 0 0 0 0 0 0 0 0 0 0 0 0 21 0 0 0 1 0 0 0 0 7 0 3 66 0 6 12 0 0 0 0 0 0 0 0 0 0 0 0 0 0 0 0 0 0 0 0 1 0 9 0 17 0 0 0 0 0 0 0 0 0 0 0 0 
 349 62 152 0 59 44 84 67 215 174 115 66 222 270 139 87 141 59 426 106 28 0 3 2 0 0 2 22 0 0 32 3 36 0 0 0 0 0 3 77 0 0 0 3 0 0 3 0 0 2 0 3 2 0 0 0 0 2 0 0 3 0 3 0 8 2 0 0 0 53 3 0 0 7 48 1 0 8 8 0 1 28 9 85 12 17 23 16 45 17 0 31 10 53 32 25 26 1 0 0 0 1 0 0 0 0 10 1 0 7 0 0 15 0 12 0 0 0 9 0 0 0 0 0 0 22 0 0 0 33 0 0 0 0 0 1 0 0 0 0 0 0 0 0 0 0 0 0 0 0 0 0 6 0 0 0 0 0 0 0 28 0 14 1 0 0 10 24 30 15 12 20 12 16 12 0 0 20 0 12 1 9 0 0 0 0 0 10 0 0 0 0 0 10 10 2 0 0 18 80 0 0 0 0 0 0 0 0 0 0 11 2 0 0 0 0 0 0 0 0 0 0 0 0 0 0 0 0 0 0 0 0 0 0 0 0 9 0 0 0 0 15 0 0 0 0 89 0 0 42 19 3 0 0 2 0 0 0 0 0 0 0 10 0 0 0 1 0 0 0 0 0 0 0 0 7 22 0 0 0 0 0 0 0 0 0 0 0 0 0 
 34 269 247 59 0 159 70 142 71 194 113 49 64 374 298 177 43 52 91 60 77 74 3 0 0 0 0 75 0 87 4 3 0 67 30 74 0 1 3 81 0 0 0 3 0 0 3 0 0 2 0 3 2 0 0 0 0 0 0 0 54 0 3 0 0 2 0 0 0 2 3 0 0 0 0 0 0 0 0 0 0 10 12 0 25 14 0 16 0 1 0 0 0 10 17 10 10 0 0 0 42 12 0 29 0 1 33 0 0 19 26 0 12 45 12 36 16 11 0 23 0 1 7 0 0 0 0 0 0 0 0 0 0 0 0 0 0 0 0 0 0 0 1 0 0 0 0 0 0 0 12 0 0 0 0 1 0 0 0 0 44 0 12 21 10 34 1 1 17 2 0 28 0 2 0 0 0 0 0 0 2 0 32 35 0 0 8 13 10 1 14 2 34 23 14 15 2 28 9 18 0 0 0 1 0 0 0 0 0 2 0 0 0 0 0 0 0 0 0 0 0 0 0 0 2 2 0 0 0 0 0 0 0 0 0 1 2 0 2 0 0 0 0 0 0 4 1 0 0 1 0 10 0 0 0 0 0 0 0 0 0 0 0 0 0 0 0 0 0 0 0 0 0 0 0 0 0 0 0 0 0 0 0 0 0 0 0 0 0 32 
 115 47 54 44 159 0 115 34 55 144 162 269 215 66 132 87 355 207 50 34 42 20 33 0 1 3 1 151 0 150 191 6 40 73 4 51 79 2 77 1 1 8 0 3 0 0 6 6 0 2 0 4 2 0 0 2 0 3 0 59 3 0 3 0 0 2 0 0 0 2 3 20 2 42 0 0 0 0 0 0 0 0 0 1 0 6 0 0 0 0 16 0 0 0 2 0 0 0 0 0 35 24 12 9 0 0 26 24 11 12 19 0 44 15 12 17 1 0 35 0 0 0 1 0 0 0 0 0 0 0 0 0 0 0 0 0 2 0 0 0 0 0 0 0 0 0 0 0 0 0 0 0 0 0 0 0 0 0 0 0 0 19 9 16 22 26 0 0 0 0 19 22 1 0 0 0 19 5 0 0 27 8 32 10 0 0 42 6 0 8 0 0 11 17 20 0 36 19 0 48 0 0 0 0 1 0 0 0 0 0 0 0 0 0 0 0 0 0 0 0 0 0 0 0 0 0 0 0 0 0 0 0 0 0 0 0 0 0 0 1 0 0 0 0 0 0 0 0 0 5 0 14 0 0 0 0 0 1 0 0 0 0 12 0 0 0 1 0 0 0 0 0 0 0 0 10 56 17 0 12 0 0 0 0 0 0 0 0 0 0 
 176 77 70 84 70 115 0 86 264 44 36 29 183 190 134 30 122 266 780 53 3 0 3 3 3 0 0 2 6 2 0 6 6 0 0 0 0 3 3 0 0 54 2 8 4 0 8 5 0 2 3 3 2 2 3 0 0 0 0 0 3 0 3 0 0 2 0 0 0 2 34 0 0 0 5 0 6 0 0 0 27 17 10 0 0 0 17 9 15 10 14 0 15 0 0 30 0 0 23 37 0 1 0 0 0 0 0 0 0 0 0 0 0 0 0 0 0 0 0 0 0 0 0 0 0 0 0 0 0 0 0 0 11 0 0 0 0 0 0 0 0 0 0 0 0 0 0 1 1 0 0 0 0 0 0 0 17 0 0 0 17 1 40 10 9 0 28 28 24 11 52 13 19 0 28 8 0 0 23 0 0 0 0 7 0 1 1 0 0 0 0 0 0 0 1 0 0 0 0 0 0 0 2 0 0 0 0 0 0 0 0 0 0 0 0 0 0 0 0 0 0 0 0 2 0 0 0 2 0 0 0 0 0 0 0 0 0 0 0 0 0 0 0 0 0 91 0 0 2 2 0 7 0 2 0 0 0 0 1 0 0 0 0 0 0 0 0 2 0 0 0 0 0 0 0 0 0 0 0 0 0 0 0 0 0 0 0 0 0 0 
 313 334 368 67 142 34 86 0 193 56 219 151 194 84 118 352 33 118 284 189 3 0 6 0 0 0 2 2 1 0 0 4 1 0 1 2 0 0 3 76 0 0 0 3 0 0 67 0 0 2 0 3 2 0 0 0 0 0 0 0 2 0 3 0 5 3 0 0 0 2 3 0 0 32 0 2 0 2 0 0 21 6 19 14 22 15 16 15 24 0 0 42 0 26 1 27 31 24 0 10 0 0 0 0 0 0 0 0 0 0 0 0 9 0 0 0 0 0 1 0 0 0 5 0 0 0 0 0 0 0 0 0 0 2 0 0 0 0 0 0 0 0 0 0 0 0 0 0 0 0 0 0 0 0 0 0 0 0 0 0 9 17 4 1 0 0 11 5 0 18 13 22 0 25 9 12 13 12 2 0 0 1 0 0 0 0 0 0 0 2 0 0 46 0 0 0 0 2 18 0 0 0 0 1 0 0 0 0 0 0 0 0 0 0 0 0 0 0 0 0 0 0 0 0 0 0 0 0 0 0 0 0 0 15 0 0 0 0 0 0 0 18 0 0 1 0 1 0 1 49 0 14 13 0 2 0 0 0 0 0 0 0 0 0 0 0 0 0 0 13 0 0 0 0 0 1 0 0 0 0 0 0 0 0 0 0 0 0 0 0 
 44 144 227 215 71 55 264 193 0 257 102 181 183 193 85 78 215 123 293 84 3 0 4 0 1 0 86 48 7 0 0 3 58 74 0 0 0 2 50 148 0 0 2 9 4 0 7 4 0 2 0 3 3 0 0 0 1 0 0 0 3 0 3 0 0 2 0 0 0 3 3 0 0 0 4 0 6 0 0 0 0 10 7 37 2 0 19 16 29 29 33 37 10 25 0 29 38 21 0 0 0 1 0 0 0 0 18 0 0 0 0 0 0 0 0 0 1 1 80 26 1 0 10 0 0 0 0 2 0 0 0 0 0 0 14 0 0 0 5 0 2 0 2 0 0 0 0 0 0 2 0 0 0 0 0 0 0 0 0 0 30 13 18 22 3 1 0 7 81 0 30 26 0 12 0 26 2 17 0 0 0 59 0 0 0 0 0 23 0 0 0 0 33 0 21 17 0 0 28 0 0 6 0 9 0 0 0 0 0 0 0 0 0 0 0 0 0 0 0 0 0 0 0 0 0 1 0 0 0 0 0 0 0 2 2 0 0 0 0 0 0 24 0 0 0 0 87 2 49 12 0 13 0 0 0 0 0 0 0 0 0 0 1 0 0 0 0 0 0 0 0 0 0 0 0 0 0 0 0 0 0 0 0 0 0 0 0 0 0 0 
 280 318 246 174 194 144 44 56 257 0 183 225 39 95 165 165 195 351 293 82 3 0 3 0 0 25 91 2 0 0 0 3 112 0 75 0 1 1 122 74 0 0 0 3 0 0 3 0 0 2 0 3 2 0 0 0 0 0 0 0 3 0 3 0 0 2 0 0 0 2 3 0 1 0 0 0 36 0 0 0 0 3 19 0 16 28 0 7 0 1 77 53 0 0 0 0 19 32 0 0 13 0 0 0 1 2 15 13 35 1 0 0 9 0 0 1 0 0 27 15 0 2 8 0 0 0 0 0 0 0 0 0 0 0 0 0 0 0 0 0 0 0 4 0 0 0 0 0 0 0 0 0 0 0 0 0 0 0 0 0 0 16 0 1 3 0 0 0 13 0 17 1 0 0 12 0 30 12 0 0 0 11 7 2 1 2 6 10 0 0 0 0 45 0 31 0 12 0 23 0 0 0 0 0 0 0 0 0 0 0 0 0 0 0 0 0 0 0 0 0 2 0 0 0 0 0 17 0 0 0 0 0 0 0 0 0 0 0 0 0 0 1 0 0 0 0 12 0 2 89 0 11 0 1 0 0 0 0 0 0 0 0 0 0 0 0 0 0 0 0 0 0 0 0 91 11 3 35 0 0 0 0 0 0 0 0 0 0 0 0 
 116 129 293 115 113 162 36 219 102 183 0 166 26 113 229 345 570 224 119 75 103 0 3 0 0 0 0 82 0 0 0 3 0 0 0 0 1 0 7 73 0 0 0 3 2 0 5 0 0 2 0 3 2 0 0 0 0 0 0 0 3 0 3 0 0 2 0 0 0 2 3 0 0 0 0 1 0 0 0 0 17 34 10 7 0 20 0 0 1 0 0 26 0 0 21 17 11 23 0 0 11 0 0 0 0 0 0 6 2 0 0 0 7 21 0 0 0 0 3 0 0 0 7 0 0 0 0 0 0 0 1 0 0 0 0 0 0 0 0 0 0 2 0 0 0 0 0 0 0 0 0 0 0 0 0 0 0 0 0 0 17 0 10 1 0 14 0 24 9 28 0 16 9 0 0 18 30 1 0 0 2 12 1 0 0 0 0 0 0 0 0 1 13 15 10 45 0 0 1 0 0 0 0 0 0 0 0 0 0 0 0 0 0 0 0 0 0 0 0 2 0 0 0 0 0 0 0 0 0 16 0 0 0 0 0 0 0 0 0 0 0 15 0 0 0 4 86 0 0 2 16 9 1 0 0 0 0 0 0 0 0 0 0 0 0 0 0 0 0 0 0 0 0 0 0 1 13 0 0 0 0 0 0 0 0 0 0 0 0 0 
 443 166 318 66 49 269 29 151 181 225 166 0 120 30 114 43 66 333 37 32 81 0 3 0 5 2 119 78 3 0 2 3 92 60 76 0 0 0 3 73 0 0 1 6 2 0 5 2 0 2 0 3 2 0 0 3 0 0 0 0 6 0 6 0 49 5 0 0 0 3 3 0 0 16 2 1 3 4 0 0 20 13 12 34 59 3 0 1 0 14 13 23 0 15 0 18 23 23 0 0 19 5 0 0 0 0 0 0 2 0 3 0 9 21 1 0 14 0 28 0 0 0 7 0 0 0 0 0 0 0 0 0 0 1 0 1 0 0 0 0 0 0 0 0 0 0 0 0 0 15 0 0 0 0 0 2 19 0 0 12 10 0 10 18 12 3 13 6 1 20 0 70 0 16 0 15 30 19 0 0 32 21 1 0 0 0 20 3 0 0 0 1 32 15 36 11 11 0 0 0 0 0 0 2 2 0 0 0 0 0 0 2 0 0 0 0 0 0 0 0 0 0 0 0 0 1 0 0 0 0 0 0 0 0 0 0 1 0 1 0 0 50 0 0 0 0 171 0 91 5 1 15 10 0 0 0 0 0 0 0 0 0 0 0 0 0 0 0 0 0 0 0 0 0 0 20 0 10 0 0 0 0 0 0 0 0 0 0 0 0 
 51 53 46 222 64 215 183 194 183 39 26 120 0 493 57 239 312 50 136 137 6 0 3 0 0 0 1 2 0 0 0 3 0 0 0 0 0 2 39 0 0 0 0 3 1 0 3 0 0 2 0 4 2 0 0 0 0 0 0 6 3 0 3 0 2 2 0 0 0 3 28 0 1 5 0 0 50 2 0 0 8 26 10 29 12 21 17 0 59 13 10 16 18 15 6 1 13 0 17 21 0 0 0 0 0 0 0 0 0 0 0 0 0 0 0 0 0 0 0 0 0 0 0 0 0 0 0 0 0 0 0 0 0 0 0 0 0 0 0 0 0 0 0 0 0 1 0 0 24 0 0 0 0 0 1 0 0 0 0 0 21 20 36 0 14 0 35 60 15 37 21 9 0 19 20 11 11 6 34 19 17 0 0 0 0 0 0 0 0 0 1 0 0 1 0 0 0 0 0 0 9 0 0 0 0 0 0 0 0 0 0 0 0 0 0 0 1 0 0 0 0 0 0 0 0 0 0 0 0 0 2 0 0 0 0 0 0 2 0 0 0 2 0 0 0 1 0 0 0 1 1 7 1 0 1 0 0 0 0 0 0 0 0 0 0 0 0 0 0 0 0 0 0 0 0 6 0 0 0 0 0 0 0 0 0 0 0 0 0 0 
 141 180 73 270 374 66 190 84 193 95 113 30 493 0 532 145 83 37 73 340 3 0 3 0 0 0 0 2 0 0 0 9 0 0 0 0 0 1 3 0 1 20 28 3 0 0 24 6 0 14 0 3 2 0 14 85 22 14 0 21 3 0 3 0 1 2 5 0 0 2 3 0 0 0 0 1 0 3 0 0 24 7 32 13 16 17 19 0 32 16 0 1 10 8 11 6 17 0 12 6 0 0 0 0 0 0 0 0 0 0 0 0 0 0 0 0 0 0 0 0 0 0 0 0 0 0 0 0 0 0 0 0 0 9 0 0 0 0 0 1 0 0 0 0 0 0 1 0 0 0 0 0 0 0 0 0 0 0 0 0 28 14 11 3 13 0 2 23 34 0 16 13 0 30 11 12 0 7 22 24 0 0 0 0 0 0 0 0 0 0 0 0 0 0 0 0 0 0 6 0 0 0 0 0 0 0 0 0 0 0 1 0 0 0 1 2 0 0 0 0 0 0 0 0 0 0 0 0 0 0 0 0 0 0 0 0 0 0 0 0 0 0 0 0 0 0 2 2 0 0 0 7 0 0 0 14 0 0 0 0 0 0 0 0 0 0 0 0 0 0 0 0 0 0 0 11 0 0 0 0 0 0 0 0 0 2 0 0 0 0 
 310 327 330 139 298 132 134 118 85 165 229 114 57 532 0 296 69 362 204 388 6 0 3 0 51 0 1 76 0 2 0 3 0 111 0 2 0 0 4 75 0 0 2 5 0 2 3 0 0 2 0 3 2 0 0 0 0 0 0 0 3 3 3 3 2 2 0 0 0 3 3 0 2 0 26 0 0 0 0 0 42 18 43 0 0 0 9 15 0 10 0 12 25 2 13 13 19 41 22 1 0 0 0 0 2 0 0 0 0 0 0 0 6 0 0 0 0 0 15 6 0 0 0 0 0 0 0 0 1 0 0 0 0 0 0 0 0 0 0 0 0 0 0 0 0 0 0 0 0 0 0 0 0 0 0 0 0 0 0 0 6 17 0 27 10 10 0 0 0 0 24 17 28 6 17 17 28 20 15 56 7 0 0 0 15 0 7 0 0 0 0 0 14 0 0 0 0 0 1 0 0 0 0 0 0 1 0 0 0 0 0 0 0 0 0 0 0 0 0 0 1 0 0 0 0 0 0 0 0 0 0 0 0 0 0 0 0 0 0 0 0 0 0 0 0 0 3 1 2 0 0 3 13 0 0 0 0 0 0 0 0 0 0 0 0 0 0 0 2 0 0 0 0 0 0 0 0 1 0 0 0 0 0 0 0 0 0 0 0 0 
 116 178 55 87 177 87 30 352 78 165 345 43 239 145 296 0 325 150 30 48 3 0 3 206 0 0 73 2 0 0 0 3 0 0 0 0 0 3 3 0 0 0 0 3 0 0 3 0 0 2 0 63 2 0 0 0 0 0 0 0 3 0 3 0 7 2 0 0 50 2 3 0 0 2 0 0 0 9 0 0 0 22 1 11 22 34 1 19 62 0 25 32 0 37 26 11 17 39 0 3 0 0 0 0 0 16 0 0 0 0 14 0 0 0 0 0 0 0 1 0 0 0 0 0 0 0 2 0 0 0 0 0 1 20 0 0 0 0 0 0 0 0 0 0 0 0 0 0 1 0 0 0 0 0 0 0 0 0 0 0 0 20 1 15 1 19 19 2 0 5 5 12 0 13 61 2 29 9 0 20 1 0 0 0 0 0 3 0 0 1 0 0 0 0 0 1 0 0 1 0 0 0 11 0 0 0 0 0 0 0 0 0 0 0 0 0 0 0 0 0 0 0 1 0 0 0 0 1 0 0 0 0 0 0 0 0 0 0 0 0 0 0 0 0 0 1 0 0 4 2 0 14 0 2 0 0 0 0 0 0 0 0 0 0 0 0 2 0 0 0 0 0 0 0 0 9 0 4 0 0 0 0 0 0 0 0 0 0 0 0 
 148 171 158 141 43 355 122 33 215 195 570 66 312 83 69 325 0 75 82 49 3 0 3 0 0 0 93 2 0 0 0 3 74 0 0 0 0 0 77 0 0 0 0 3 0 0 3 0 0 2 0 3 2 0 0 0 0 0 0 0 3 0 3 0 0 2 0 0 0 2 3 0 0 0 0 0 0 0 0 32 0 19 0 0 11 25 0 0 19 8 36 19 0 0 29 8 0 17 0 13 44 1 0 0 0 0 18 14 29 0 0 0 15 1 0 0 0 0 65 18 0 0 0 0 0 0 0 0 0 0 0 0 0 0 0 0 0 0 0 0 0 0 0 0 0 0 1 2 1 0 0 0 0 2 0 0 0 0 0 0 0 9 0 12 13 9 22 8 24 43 8 0 11 0 21 11 9 7 0 0 10 0 14 0 0 0 20 10 0 0 0 0 0 0 18 0 0 1 19 0 0 1 1 0 0 0 0 0 0 0 2 0 1 0 0 0 0 0 0 0 0 0 1 2 0 0 0 0 0 0 0 2 2 0 0 0 0 0 0 0 0 0 0 0 0 3 0 0 0 97 11 6 0 0 0 0 0 0 0 0 0 0 0 0 0 0 0 0 0 0 0 0 0 0 0 0 29 1 0 0 0 0 0 0 0 2 0 0 0 0 
 119 122 220 59 52 207 266 118 123 351 224 333 50 37 362 150 75 0 240 44 4 0 3 83 0 0 34 2 3 0 2 10 2 18 77 2 0 1 3 4 0 0 0 3 0 0 6 0 2 4 1 5 2 0 0 0 0 0 0 3 3 0 3 0 1 2 0 0 0 2 3 3 2 0 0 1 0 0 3 0 22 7 16 17 18 0 0 0 0 12 13 0 0 0 14 14 0 15 0 0 16 0 0 8 0 0 0 13 0 1 0 0 19 1 0 0 7 0 52 0 0 0 0 0 0 0 0 0 0 0 0 0 0 0 0 0 0 0 0 0 0 0 0 0 0 0 0 0 0 0 0 0 0 0 0 0 0 0 0 0 10 0 11 19 10 10 0 11 0 19 0 30 0 9 0 46 26 7 0 0 37 11 5 0 0 0 7 0 0 0 0 0 0 0 6 10 0 0 1 0 0 0 0 0 0 0 0 0 0 0 0 0 0 0 0 0 0 0 0 0 0 0 0 0 0 0 0 0 0 0 0 0 0 0 0 0 0 0 0 0 0 0 0 0 0 5 0 0 97 2 2 5 1 0 0 0 0 0 0 0 0 0 0 0 0 1 0 0 0 0 0 0 0 0 0 0 62 1 0 0 0 0 0 0 0 0 0 0 0 0 
 123 48 40 426 91 50 780 284 293 293 119 37 136 73 204 30 82 240 0 140 3 0 3 0 0 0 0 2 0 2 0 3 0 0 0 23 2 1 3 1 0 0 0 3 0 0 3 0 0 2 0 3 2 0 0 0 0 0 0 0 3 0 3 0 0 2 0 0 0 3 3 0 16 0 0 0 1 0 0 0 18 29 1 0 0 0 7 10 0 0 0 0 41 0 0 7 0 0 14 47 0 0 0 1 0 0 0 1 0 0 0 0 0 0 2 0 0 0 0 1 0 0 0 0 0 0 0 0 0 0 16 0 0 0 0 0 0 0 0 0 0 0 0 0 0 0 0 0 0 0 0 0 2 0 0 0 0 2 2 0 0 16 0 0 0 0 13 17 4 4 0 0 37 3 19 0 4 0 72 74 0 0 0 0 0 0 0 0 0 0 0 0 0 0 0 0 0 0 0 0 1 0 0 0 12 0 0 0 0 0 0 0 0 0 0 0 0 0 0 0 0 0 0 0 0 0 0 0 2 0 0 0 0 0 0 0 0 0 0 0 0 0 0 0 0 2 0 0 4 0 33 5 0 0 0 0 0 0 0 0 0 0 0 0 0 0 2 0 0 1 0 0 0 0 0 0 30 0 0 0 0 0 0 0 0 0 0 0 0 0 
 81 46 322 106 60 34 53 189 84 82 75 32 137 340 388 48 49 44 140 0 3 2 3 0 0 0 0 2 0 64 0 3 0 0 2 0 0 0 3 0 0 0 0 3 0 0 3 64 0 2 0 4 65 0 0 0 0 0 0 0 3 0 3 0 0 2 0 0 0 2 3 0 0 0 0 0 0 0 0 0 48 0 1 11 0 0 39 58 13 0 0 9 1 31 10 10 10 0 27 19 0 0 0 0 0 0 0 0 0 0 0 0 0 0 0 0 0 0 0 0 0 0 0 0 0 0 0 0 0 0 0 0 0 0 0 0 0 0 0 13 0 0 0 0 0 0 0 0 0 0 0 11 0 0 0 0 0 0 0 0 0 26 0 0 0 0 0 1 0 0 0 0 0 24 12 0 0 0 29 18 0 0 0 0 0 0 0 0 0 0 0 0 0 0 0 0 0 0 9 0 0 0 0 0 0 0 0 0 0 0 0 0 0 0 0 0 0 0 0 0 0 0 0 0 0 0 0 0 0 0 0 0 0 0 0 0 0 0 0 0 0 0 0 0 0 0 1 0 0 14 0 10 0 0 0 0 0 0 0 0 0 0 0 0 0 0 0 0 0 0 0 0 0 0 0 0 0 0 0 0 0 0 0 0 0 0 0 0 0 0 
 3 3 3 28 77 42 3 3 3 3 103 81 6 3 6 3 3 4 3 3 0 86 133 102 26 30 55 439 25 184 108 48 325 40 121 31 18 32 128 188 0 1 0 0 6 1 0 1 2 0 0 5 2 0 0 0 0 0 0 0 1 0 0 0 0 0 1 0 0 0 0 0 0 0 2 0 0 4 0 0 0 0 0 10 0 9 0 0 0 0 0 0 0 0 0 0 0 0 0 0 37 17 10 1 0 17 39 22 1 18 26 0 42 57 24 10 15 3 9 1 0 0 0 2 0 0 0 0 2 0 0 0 21 0 0 0 0 0 0 0 0 0 0 0 0 0 0 0 0 0 0 0 0 0 2 0 9 0 0 0 0 0 0 0 21 6 0 0 0 0 0 14 0 0 0 0 0 14 0 0 10 49 38 33 0 0 0 24 23 5 2 0 2 53 21 14 17 1 0 35 0 0 0 0 0 0 0 0 0 0 0 0 1 0 0 0 0 0 0 23 0 0 2 0 0 0 0 0 0 0 0 0 0 0 0 0 0 0 1 0 0 14 0 0 0 0 72 0 0 0 0 0 0 0 2 0 0 113 0 0 0 0 11 0 0 0 11 0 0 0 0 0 0 0 0 0 0 0 0 25 0 0 0 0 0 0 0 0 0 0 
 0 0 0 0 74 20 0 0 0 0 0 0 0 0 0 0 0 0 0 2 86 0 221 132 68 39 157 249 161 336 263 96 118 213 56 208 330 220 180 349 0 0 2 2 0 2 0 1 0 0 0 6 6 0 0 0 0 2 4 0 0 5 3 6 1 3 0 0 0 0 2 1 4 2 0 0 3 0 0 0 0 0 0 0 0 8 0 0 0 0 0 0 0 0 0 0 0 0 0 0 19 0 22 28 11 9 14 0 11 25 12 33 19 39 39 13 20 14 0 16 0 0 0 0 0 0 0 0 0 0 0 0 0 0 0 0 0 0 48 0 0 12 0 0 0 0 0 0 0 0 0 0 0 0 0 0 0 0 0 0 0 0 0 0 0 10 0 0 0 0 0 0 0 0 1 0 0 0 0 0 0 7 25 8 10 1 18 0 10 12 10 14 12 25 12 43 14 8 0 15 1 0 0 0 0 0 12 0 0 0 2 0 0 0 0 0 0 0 4 0 0 0 0 1 0 0 0 1 0 0 0 0 0 0 1 0 0 0 0 0 0 0 15 0 0 0 0 0 0 0 0 0 0 0 12 2 0 1 77 0 2 0 0 0 0 0 1 0 0 0 0 0 0 0 0 0 0 0 0 0 0 0 0 0 0 0 0 0 0 0 
 3 3 3 3 3 33 3 6 4 3 3 3 3 3 3 3 3 3 3 3 133 221 0 316 142 471 73 188 297 211 114 307 79 146 136 150 191 88 172 60 0 3 3 0 0 0 0 1 0 0 0 6 58 0 24 0 0 2 0 0 0 0 3 0 0 0 0 0 0 0 0 0 0 2 7 0 3 0 0 0 0 0 0 0 0 6 0 0 0 0 0 0 0 0 0 0 0 0 0 0 26 23 0 1 10 2 12 0 23 0 0 11 12 17 0 24 0 9 0 13 15 0 0 0 0 0 20 0 0 0 0 9 0 0 0 9 0 0 10 0 0 0 0 0 0 0 0 0 0 0 0 0 0 0 0 0 0 0 2 0 1 0 0 0 6 8 0 0 0 5 0 0 0 0 0 0 0 0 0 0 26 10 13 12 28 0 1 6 10 26 1 34 0 0 0 18 82 12 2 9 10 2 0 4 0 0 0 0 1 0 0 1 12 0 0 0 0 0 51 10 0 0 0 0 0 0 2 0 0 0 0 0 0 0 0 0 0 0 0 0 0 0 0 0 0 0 0 0 0 0 0 1 0 0 13 0 0 0 1 0 2 2 0 0 0 0 0 0 0 0 0 0 0 0 0 0 0 0 0 7 0 11 0 0 0 0 0 0 0 0 
 0 0 2 2 0 0 3 0 0 0 0 0 0 0 0 206 0 83 0 0 102 132 316 0 398 126 71 196 112 184 144 106 68 80 296 70 49 177 363 158 1 0 0 0 0 0 0 64 5 0 0 5 3 67 0 0 0 2 64 62 3 0 3 0 0 0 0 0 3 2 2 0 0 2 0 1 3 0 0 13 0 0 0 0 0 0 0 0 0 0 0 0 0 0 0 0 0 0 0 0 0 1 0 0 0 1 19 0 0 0 19 13 9 18 0 18 20 0 0 0 16 0 8 2 0 0 1 10 2 12 0 12 22 2 23 16 0 6 51 12 0 0 0 0 0 0 0 15 0 0 0 0 0 0 2 0 7 0 0 0 0 0 0 0 0 0 8 42 0 0 0 12 0 6 0 0 0 15 0 0 3 15 3 22 25 13 0 1 9 12 0 0 2 0 0 20 0 0 1 0 23 10 12 0 0 0 64 13 3 23 0 0 1 0 1 0 0 0 31 0 0 0 2 0 0 0 0 0 0 0 0 0 0 0 0 0 0 0 1 0 0 0 0 0 0 0 0 0 78 0 0 0 73 0 16 1 4 153 84 2 3 0 0 0 0 0 0 0 0 0 0 0 0 0 0 0 0 0 0 0 0 0 0 0 0 0 7 0 0 0 
 0 72 0 0 0 1 3 0 1 0 0 5 0 0 51 0 0 0 0 0 26 68 142 398 0 180 59 53 172 114 89 84 69 48 72 126 72 283 89 65 0 0 0 0 0 3 0 57 0 14 0 3 70 134 1 0 0 64 117 87 0 5 1 0 0 0 0 0 26 7 3 4 0 2 0 0 3 0 0 7 0 0 0 0 0 0 0 0 0 0 0 2 0 0 0 0 2 0 0 0 0 0 0 5 14 8 0 0 0 0 2 22 0 0 0 0 0 7 0 0 26 5 41 0 11 0 17 3 20 35 0 0 31 22 51 27 21 10 26 12 0 0 0 26 0 2 0 0 0 1 0 0 0 0 0 0 0 0 0 0 0 0 0 0 0 0 0 57 0 2 0 0 0 2 0 0 0 0 0 0 0 0 14 17 59 29 0 6 0 9 0 23 0 0 0 0 4 40 0 0 41 16 26 14 0 0 9 23 0 0 8 0 11 41 14 0 0 0 9 1 0 0 0 0 0 0 0 0 0 0 2 0 0 1 8 0 0 0 0 0 0 0 0 0 0 1 0 0 0 0 0 0 0 0 17 0 0 0 78 0 13 5 0 0 0 0 0 0 0 0 0 0 0 0 0 0 0 0 0 0 0 18 0 0 2 0 12 14 0 0 
 0 0 1 0 0 3 0 0 0 25 0 2 0 0 0 0 0 0 0 0 30 39 471 126 180 0 26 34 370 158 303 93 263 85 46 79 302 227 56 39 30 65 65 0 0 0 3 55 89 15 0 5 3 89 1 0 0 2 68 96 0 0 1 6 0 1 0 0 6 5 0 0 0 2 3 0 3 0 0 5 2 0 0 0 0 0 0 0 0 0 0 0 0 0 0 0 0 0 0 0 0 0 0 1 14 0 0 0 0 0 0 8 0 0 0 1 0 0 0 0 29 0 20 0 0 0 10 0 0 0 0 0 43 1 27 0 21 11 13 23 0 0 0 0 0 18 0 0 1 0 0 0 0 2 0 0 0 0 0 0 0 0 0 4 4 0 0 0 0 0 0 0 0 0 0 1 0 0 0 0 0 0 14 0 42 5 0 0 0 12 3 17 0 0 0 10 3 23 0 0 8 13 2 12 11 10 27 13 1 35 0 13 10 67 12 9 0 0 27 0 0 0 0 0 0 0 0 0 1 0 0 0 0 0 0 21 0 0 0 0 0 0 0 0 0 0 0 0 0 0 0 0 0 0 7 0 5 91 7 9 5 0 0 0 0 0 0 0 0 0 0 0 0 0 0 0 0 0 0 0 0 18 0 0 1 0 4 0 0 0 
 0 1 0 2 0 1 0 2 86 91 0 119 1 0 1 73 93 34 0 0 55 157 73 71 59 26 0 91 27 40 33 84 257 395 713 62 108 30 145 75 0 2 0 10 0 1 0 1 0 0 0 8 3 0 0 0 0 2 0 0 0 0 2 0 0 0 0 0 0 0 0 0 0 2 0 0 3 0 0 0 0 0 10 10 19 1 0 0 0 61 25 25 1 0 0 0 10 10 0 0 21 4 12 12 7 3 18 0 45 0 10 12 0 10 10 3 21 7 34 30 2 0 0 2 0 0 0 0 0 0 0 0 0 0 0 0 0 0 0 14 0 0 3 0 0 0 0 0 0 0 0 0 0 0 0 0 0 0 0 0 5 0 0 23 2 11 0 0 11 1 0 24 0 0 0 12 1 1 0 0 12 5 9 0 28 19 48 65 31 10 3 0 11 0 26 13 18 0 22 4 0 0 0 0 0 0 0 0 0 0 0 0 13 1 0 0 0 0 13 0 0 0 2 0 0 0 0 0 0 0 0 0 0 13 0 0 0 0 0 0 0 0 0 0 0 0 18 0 74 20 0 0 0 0 12 0 2 0 0 0 3 0 0 0 0 0 0 0 0 0 0 0 0 0 0 8 0 12 0 0 0 17 0 0 0 0 0 0 0 0 
 3 2 2 22 75 151 2 2 48 2 82 78 2 2 76 2 2 2 2 2 439 249 188 196 53 34 91 0 85 68 170 46 179 119 138 126 44 39 176 78 0 0 0 0 0 0 0 0 0 2 0 3 70 0 3 0 0 2 0 99 0 0 1 0 0 0 0 0 3 3 50 2 0 3 0 1 5 0 0 0 0 0 0 0 0 3 0 0 0 0 0 0 17 0 0 0 0 0 0 0 0 34 1 13 0 23 1 1 11 8 27 0 1 25 21 0 60 1 0 41 0 0 2 0 0 0 0 0 0 0 0 0 39 0 0 0 0 2 20 9 0 0 0 0 0 0 0 0 0 0 0 0 6 0 0 1 28 0 0 0 0 0 0 0 4 14 0 0 0 0 0 0 0 0 0 0 0 0 0 2 10 23 32 20 0 3 40 4 19 84 1 0 14 16 5 15 0 14 0 37 1 6 0 0 0 0 13 2 0 0 0 0 0 0 0 0 0 1 0 0 2 2 0 0 0 0 0 0 27 0 0 0 0 0 0 0 7 0 0 0 0 0 0 0 0 0 0 0 0 0 0 0 2 0 6 1 2 14 6 0 2 0 2 0 0 0 0 0 0 0 0 0 0 0 0 0 2 0 0 21 0 0 0 0 0 0 0 0 0 0 
 0 0 0 0 0 0 6 1 7 0 0 3 0 0 0 0 0 3 0 0 25 161 297 112 172 370 27 85 0 91 48 150 95 88 85 315 329 290 131 331 0 205 0 0 0 0 2 64 0 2 2 4 59 1 0 0 0 2 0 2 0 1 3 0 1 0 0 0 0 4 0 0 0 3 3 2 3 2 0 4 0 0 0 4 0 0 0 2 0 1 0 0 0 0 0 0 0 0 0 0 0 18 22 48 7 1 0 19 0 12 0 2 0 0 1 33 20 21 0 0 15 0 0 17 0 0 44 61 0 0 0 12 0 0 1 9 0 7 34 32 0 0 0 0 32 0 0 0 0 0 0 3 0 0 0 0 0 0 0 0 1 0 0 0 0 0 1 10 0 4 0 0 0 0 0 0 0 0 2 0 0 9 7 68 29 0 1 0 0 11 42 12 0 0 0 51 24 24 0 0 4 10 1 0 1 0 43 0 1 0 27 0 0 0 0 0 0 0 17 22 0 0 0 0 0 0 0 0 0 0 0 0 0 0 0 0 0 0 0 0 0 0 0 0 0 0 0 0 0 0 0 1 0 2 12 0 2 1 26 2 14 0 0 0 0 0 0 0 0 0 0 2 0 0 0 0 0 0 0 0 0 0 0 0 0 17 17 0 0 0 
 0 0 0 0 87 150 2 0 0 0 0 0 0 0 2 0 0 0 2 64 184 336 211 184 114 158 40 68 91 0 210 261 224 172 128 172 358 137 182 186 0 0 0 0 0 0 0 0 0 9 1 3 3 0 0 0 0 2 0 1 0 0 1 0 0 0 0 0 0 0 0 0 0 3 0 0 2 0 0 0 0 0 1 0 0 0 0 0 1 0 0 0 18 0 0 0 0 0 0 0 19 21 0 49 0 23 47 2 29 0 50 39 22 25 12 35 18 15 0 38 0 0 0 0 0 0 0 0 0 0 0 0 31 0 0 0 12 0 20 7 0 0 0 0 0 0 2 0 0 0 0 7 0 18 0 0 25 0 0 0 0 2 0 0 0 0 15 0 0 0 0 1 0 0 0 8 0 0 0 0 0 7 27 19 0 0 10 0 26 35 67 21 28 83 14 14 12 42 0 46 1 0 0 0 0 0 0 0 0 0 0 0 0 55 0 0 0 0 0 0 0 0 0 0 0 0 0 0 23 1 0 2 0 0 0 0 0 0 0 23 0 0 0 0 0 0 0 0 0 0 0 22 0 2 9 0 2 4 1 0 1 0 0 0 0 0 0 0 0 0 0 0 0 0 0 0 0 0 0 18 0 0 0 2 0 0 0 0 0 0 
 0 0 0 32 4 191 0 0 0 0 0 2 0 0 0 0 0 2 0 0 108 263 114 144 89 303 33 170 48 210 0 45 330 29 278 145 333 66 53 130 0 0 0 2 2 0 73 65 0 0 0 3 5 0 0 0 0 6 64 0 0 3 1 0 0 0 0 0 0 51 2 0 2 2 75 0 3 0 0 1 0 0 0 0 0 0 0 0 0 0 0 0 0 0 0 0 0 0 0 0 22 19 0 14 2 2 31 19 10 2 15 33 32 14 12 5 67 0 2 0 0 0 0 0 0 0 1 9 0 21 0 0 12 12 50 2 0 1 50 56 0 0 0 0 0 0 0 2 0 0 0 2 0 0 0 0 6 0 0 0 0 0 0 0 0 6 4 8 0 0 0 0 0 0 0 0 0 0 0 0 0 22 21 20 0 0 12 0 50 21 0 1 15 33 11 53 27 15 0 34 13 0 11 0 0 0 31 13 11 0 0 0 0 0 0 0 0 0 6 0 0 0 0 0 0 0 0 0 0 0 10 0 0 0 11 0 0 0 0 0 0 0 0 0 0 0 0 0 0 0 0 0 0 0 8 0 0 81 76 0 0 0 0 0 0 0 0 0 0 0 0 0 0 0 0 0 0 0 0 27 0 0 0 0 0 0 0 0 0 0 
 3 3 3 3 3 6 6 4 3 3 3 3 3 9 3 3 3 10 3 3 48 96 307 106 84 93 84 46 150 261 45 0 97 136 29 130 296 79 479 115 0 0 2 0 0 0 0 54 0 0 0 3 3 7 18 3 0 2 56 25 0 0 1 0 0 0 0 0 0 52 0 0 2 2 2 4 3 0 4 4 0 0 24 0 0 0 0 0 0 0 0 0 0 0 0 0 0 0 0 0 0 23 34 22 46 8 0 10 18 0 10 20 0 0 11 9 14 17 0 0 14 0 0 0 0 0 24 20 0 0 5 12 0 1 11 13 0 0 0 9 0 0 0 0 0 0 1 0 1 4 0 0 0 0 0 0 0 0 0 0 6 0 0 0 0 0 0 24 0 9 0 0 0 0 0 0 0 0 0 0 38 0 0 21 1 19 31 39 11 23 20 28 0 0 1 8 7 2 1 0 0 0 0 11 9 0 11 11 0 0 0 0 0 2 0 0 0 0 30 4 0 0 0 8 0 0 0 0 0 0 0 0 0 0 0 0 0 0 11 14 0 0 2 0 0 2 0 0 0 0 0 0 0 0 9 0 2 0 21 0 5 0 0 0 0 0 0 0 0 0 1 0 0 0 0 0 0 0 0 0 0 18 0 0 1 18 0 0 0 0 
 0 0 8 36 0 40 6 1 58 112 0 92 0 0 0 0 74 2 0 0 325 118 79 68 69 263 257 179 95 224 330 97 0 80 139 30 241 50 268 203 0 0 0 0 0 0 0 0 0 0 0 4 3 0 0 0 0 4 0 0 0 0 3 0 0 0 0 0 0 1 0 0 0 2 0 0 3 0 0 0 0 1 2 9 0 6 0 0 0 14 28 13 0 0 0 1 7 13 0 0 23 22 0 12 0 10 29 1 51 9 7 18 33 7 19 8 0 0 38 25 0 0 1 0 0 0 0 0 20 0 0 0 1 0 0 0 0 0 10 0 0 0 5 0 0 0 0 0 0 0 0 0 0 0 0 0 0 0 0 0 0 0 0 14 6 2 0 0 14 1 0 26 0 0 0 0 0 1 0 0 3 11 21 0 5 0 9 39 0 8 10 14 13 9 51 2 49 0 9 38 0 0 0 0 2 0 0 0 0 0 0 0 0 0 0 0 0 0 0 0 0 0 0 0 0 0 0 0 0 0 0 0 0 0 0 0 0 0 0 0 0 18 0 0 0 0 109 0 0 2 0 0 0 0 6 0 1 0 0 2 2 0 15 0 0 0 0 0 0 0 0 0 0 0 0 25 0 13 0 7 0 0 0 0 0 0 0 0 0 0 
 0 0 0 0 67 73 0 0 74 0 0 60 0 0 111 0 0 18 0 0 40 213 146 80 48 85 395 119 88 172 29 136 80 0 171 182 197 34 123 178 0 0 0 0 0 6 0 0 0 203 0 3 10 0 1 0 26 2 0 0 0 0 0 0 0 0 0 0 36 0 0 0 0 3 53 0 2 0 0 0 0 0 6 10 23 0 0 1 0 9 11 0 0 0 0 2 0 2 0 0 17 43 10 31 14 1 12 2 0 12 18 0 12 29 38 15 71 34 13 24 0 0 0 0 0 0 0 0 0 0 0 0 0 0 0 0 0 0 2 0 0 0 1 2 0 0 0 0 0 0 0 0 0 0 0 0 0 0 0 0 4 0 0 0 9 19 1 0 0 8 0 31 0 0 0 9 0 0 2 0 0 19 11 62 20 13 33 40 26 0 9 0 28 9 0 29 0 27 9 16 0 0 0 0 0 0 1 0 0 0 0 0 15 0 0 0 0 0 15 14 0 0 0 0 0 0 0 0 0 0 0 0 0 0 0 0 0 0 0 0 0 0 18 0 0 0 0 0 73 0 0 0 0 0 5 1 0 0 1 0 0 0 0 0 0 0 0 0 0 0 0 2 0 0 0 0 0 0 0 0 0 13 0 0 0 0 0 0 0 0 
 0 0 0 0 30 4 0 1 0 75 0 76 0 0 0 0 0 77 0 2 121 56 136 296 72 46 713 138 85 128 278 29 139 171 0 299 41 31 179 113 0 9 0 0 0 0 0 0 0 0 0 9 3 0 0 0 0 2 0 0 0 0 1 0 0 0 0 46 0 0 0 0 0 3 0 0 2 0 0 0 0 0 0 15 55 0 0 0 0 10 12 0 0 0 0 0 0 0 0 0 35 44 24 18 0 27 19 18 31 6 50 0 0 34 1 79 18 4 0 22 0 0 19 0 0 0 1 0 0 0 0 0 0 0 0 0 0 0 0 0 0 0 9 0 0 0 0 0 0 0 0 0 0 0 0 0 0 0 0 0 0 0 0 0 0 21 0 0 0 0 0 25 1 0 0 0 1 0 0 0 10 14 16 23 62 0 28 10 36 1 7 14 18 14 30 14 20 1 14 0 0 0 0 0 9 0 0 0 0 0 2 0 1 0 0 0 0 0 1 9 0 0 0 1 0 2 0 0 0 0 0 0 0 0 1 0 0 0 0 0 0 0 0 0 0 0 75 0 0 0 0 0 0 0 6 1 3 34 0 5 4 1 0 0 0 0 11 0 0 0 47 0 0 0 0 14 0 0 0 0 0 0 0 0 0 0 0 0 0 0 
 0 0 0 0 74 51 0 2 0 0 0 0 0 0 2 0 0 2 23 0 31 208 150 70 126 79 62 126 315 172 145 130 30 182 299 0 229 130 52 487 0 0 0 0 0 1 0 0 0 0 0 13 66 0 0 0 0 3 0 0 0 0 1 0 0 0 0 0 0 0 0 1 0 2 0 0 3 0 0 0 0 0 0 0 9 0 0 0 0 0 0 2 0 0 0 0 2 0 0 0 1 0 0 26 17 1 0 35 0 2 2 12 0 8 12 0 13 32 0 14 9 0 0 0 0 0 22 12 0 0 0 16 0 0 10 11 0 0 0 15 0 0 0 0 0 2 0 0 0 1 0 0 0 0 0 0 0 0 0 0 0 0 0 0 12 31 0 5 0 0 0 0 0 1 0 0 0 0 0 0 0 7 17 25 12 0 11 0 1 0 2 29 9 7 0 1 12 68 0 10 21 0 0 0 0 0 0 14 0 0 0 0 51 0 0 0 0 0 54 16 0 0 0 0 0 0 0 0 0 0 1 0 0 0 0 0 0 0 0 0 0 0 7 0 0 0 0 0 0 0 0 0 0 0 4 2 2 79 74 0 10 0 0 0 0 0 1 0 0 0 0 0 0 0 0 0 0 0 0 0 0 17 0 0 1 0 0 0 0 0 
 0 0 0 0 0 79 0 0 0 1 1 0 0 0 0 0 0 0 2 0 18 330 191 49 72 302 108 44 329 358 333 296 241 197 41 229 0 222 410 54 61 0 0 0 0 0 0 3 0 0 0 7 70 0 0 0 74 2 0 0 0 0 3 0 0 0 0 0 0 0 0 0 3 2 0 1 3 0 0 0 0 0 0 0 0 0 0 0 0 0 0 0 11 0 0 0 0 0 0 0 20 38 25 13 16 18 14 18 12 31 0 5 19 13 31 20 14 17 0 8 0 0 0 0 0 0 0 0 0 0 0 0 0 0 2 0 0 0 38 2 0 0 0 0 0 0 0 0 0 0 0 0 0 0 0 0 0 0 0 0 31 0 0 0 1 11 0 0 0 5 0 0 0 0 0 0 0 0 0 0 7 8 14 17 2 29 27 15 67 34 0 1 14 16 7 4 17 30 0 24 0 0 0 0 0 0 0 0 0 0 0 0 14 0 0 0 0 0 15 3 0 0 0 0 0 0 0 0 0 0 0 0 0 0 0 0 0 0 14 0 0 0 11 0 0 0 0 0 0 0 0 0 0 2 24 2 0 1 0 0 10 16 0 0 0 0 0 0 0 0 0 0 0 0 0 0 0 2 0 0 0 11 0 0 0 0 0 0 0 0 
 0 1 0 0 1 2 3 0 2 1 0 0 2 1 0 3 0 1 1 0 32 220 88 177 283 227 30 39 290 137 66 79 50 34 31 130 222 0 18 40 0 0 1 3 2 0 2 3 0 7 0 3 23 0 0 0 0 2 1 0 0 0 2 0 0 0 0 0 16 4 0 2 0 2 3 0 106 0 0 5 0 0 0 0 0 0 0 0 0 1 0 1 0 0 0 0 1 0 0 0 0 13 1 37 0 9 0 13 0 4 0 19 0 0 0 0 0 8 0 0 74 0 12 0 2 0 7 0 0 0 0 0 11 0 13 10 20 8 58 0 0 0 0 0 0 0 0 0 0 0 0 0 0 0 0 0 0 0 0 0 0 0 0 0 0 0 0 0 0 1 0 0 9 0 0 0 23 0 0 0 0 29 10 8 52 25 0 0 0 0 17 14 0 0 0 19 10 27 0 0 27 11 0 0 0 0 20 0 20 15 0 0 12 18 16 0 0 0 38 10 0 0 0 0 0 0 0 0 0 0 0 0 0 0 0 7 0 0 0 0 0 0 0 0 0 0 0 0 0 0 0 0 0 25 26 0 4 74 2 2 13 14 0 0 0 0 0 0 0 0 0 0 0 0 0 0 0 0 0 0 0 0 0 0 30 0 10 0 0 0 
 3 3 3 3 3 77 3 3 50 122 7 3 39 3 4 3 77 3 3 3 128 180 172 363 89 56 145 176 131 182 53 479 268 123 179 52 410 18 0 187 0 3 0 0 2 0 2 0 0 0 0 7 3 62 0 0 62 2 0 1 0 0 1 0 0 0 0 0 0 0 0 2 0 3 0 3 2 0 0 3 2 0 0 23 0 0 0 2 0 13 6 50 0 0 0 0 7 10 0 0 56 0 1 13 0 13 44 0 24 0 25 31 28 27 0 16 8 1 11 31 0 0 0 32 0 0 0 0 0 0 0 0 12 0 0 0 0 0 20 0 0 0 0 0 1 0 0 0 0 0 0 0 0 0 0 0 4 0 0 0 0 0 0 19 0 3 1 0 9 0 0 0 0 0 0 1 0 0 0 0 3 12 25 0 19 0 1 11 17 20 25 8 6 20 38 13 22 0 16 37 7 0 0 1 0 0 0 0 0 0 0 0 15 0 0 15 0 0 15 0 0 0 0 0 0 0 0 0 1 0 0 0 0 0 0 0 0 0 0 0 0 0 0 0 0 2 0 0 0 1 0 0 0 0 8 2 0 75 0 0 2 0 0 0 0 2 0 0 0 0 0 0 0 0 0 0 0 0 0 19 0 9 0 0 0 0 0 0 0 0 
 3 51 34 77 81 1 0 76 148 74 73 73 0 0 75 0 0 4 1 0 188 349 60 158 65 39 75 78 331 186 130 115 203 178 113 487 54 40 187 0 7 0 2 0 0 0 0 3 0 0 2 5 3 0 0 0 0 2 0 0 0 4 2 3 0 0 1 1 0 0 0 0 2 2 0 0 3 0 4 0 0 0 7 9 0 13 0 0 0 0 0 22 0 0 1 0 6 22 0 0 26 0 1 12 0 60 13 0 23 1 10 12 1 10 22 17 34 0 23 10 0 0 0 0 0 0 0 0 0 0 0 0 25 0 0 0 0 2 0 0 1 0 0 0 0 0 0 0 0 0 0 0 0 26 0 1 6 0 0 0 1 8 0 0 2 17 19 0 0 0 8 7 0 0 13 10 10 49 0 0 0 48 10 0 0 6 0 12 0 30 16 10 31 0 13 1 0 1 0 12 0 0 0 0 0 0 0 2 0 0 0 0 0 0 0 0 0 1 0 0 0 2 0 0 0 0 0 0 0 0 0 0 0 0 0 0 0 0 0 0 0 7 0 0 0 0 18 0 72 75 0 0 0 0 10 2 3 6 0 0 0 0 0 0 0 0 0 0 0 0 0 0 0 0 0 0 2 0 0 0 0 0 0 0 0 0 0 0 0 3 
 0 0 0 0 0 1 0 0 0 0 0 0 0 1 0 0 0 0 0 0 0 0 0 1 0 30 0 0 0 0 0 0 0 0 0 0 61 0 0 7 0 265 197 88 539 31 148 420 189 64 45 318 125 475 142 86 99 124 254 114 0 0 0 0 0 0 0 0 0 0 0 0 0 0 0 0 0 0 0 0 17 0 0 0 0 0 0 0 0 0 0 0 5 0 0 2 0 0 0 0 0 0 0 0 0 0 0 0 0 0 0 0 0 0 0 0 0 0 0 0 37 0 1 26 0 0 2 8 24 0 18 0 18 16 0 22 17 40 0 19 0 0 0 0 0 0 10 4 8 0 0 0 0 0 0 0 0 19 0 0 0 0 0 5 2 0 1 0 0 0 0 0 0 0 0 0 0 0 0 0 0 0 0 0 0 0 0 0 0 13 0 0 0 0 0 0 0 0 0 0 0 13 0 0 22 19 26 16 19 25 0 46 8 11 50 21 25 9 0 11 0 0 0 0 0 0 0 0 0 0 0 0 9 0 0 9 11 0 16 0 0 0 0 0 13 0 0 0 0 27 0 10 2 2 0 0 0 0 2 2 0 0 0 0 68 5 2 65 0 0 0 0 0 0 0 0 0 0 0 0 0 0 0 0 39 0 0 0 1 0 
 0 0 0 0 0 8 54 0 0 0 0 0 0 20 0 0 0 0 0 0 1 0 3 0 0 65 2 0 205 0 0 0 0 0 9 0 0 0 3 0 265 0 246 349 262 29 137 101 199 175 116 191 79 76 139 100 319 97 250 68 0 8 2 0 5 0 0 0 0 4 2 0 0 1 1 0 5 0 0 0 0 0 0 0 0 0 0 0 0 0 0 0 0 0 0 0 0 0 0 0 4 3 17 0 0 0 5 13 3 4 14 0 0 1 0 13 0 0 0 0 23 18 8 37 0 48 0 0 13 1 7 14 0 13 0 16 9 22 0 4 0 0 0 3 0 0 3 0 0 0 0 0 0 27 0 0 0 0 0 11 0 1 0 1 4 4 0 0 0 0 0 0 0 0 0 0 0 0 6 0 4 0 0 0 7 0 11 0 13 0 0 0 0 2 0 0 7 0 0 11 6 11 0 18 4 12 0 6 0 8 0 39 1 7 21 21 14 6 0 0 0 0 0 0 0 0 0 0 0 0 0 0 13 0 1 19 14 0 18 0 0 0 1 0 0 0 1 0 0 0 0 3 0 1 0 0 2 0 0 8 0 0 37 0 1 2 0 65 0 0 14 0 0 0 0 0 0 0 0 0 0 0 0 0 0 0 0 0 0 0 
 1 0 0 0 0 0 2 0 2 0 0 1 0 28 2 0 0 0 0 0 0 2 3 0 0 65 0 0 0 0 0 2 0 0 0 0 0 1 0 2 197 246 0 538 328 21 291 403 58 117 79 311 118 40 187 199 197 101 106 276 0 4 1 0 0 0 0 0 0 0 2 0 0 0 0 1 1 0 0 0 3 0 0 0 0 0 0 0 0 0 0 0 0 0 0 0 0 0 0 0 0 0 0 0 0 0 0 0 0 0 0 1 0 1 0 0 0 0 0 0 0 36 2 20 0 31 0 15 0 0 13 5 14 0 0 15 0 21 0 21 0 0 2 14 2 0 21 0 0 2 0 0 0 2 0 0 0 0 0 5 0 0 0 1 5 0 0 0 0 0 0 0 0 0 0 0 0 0 2 0 0 0 0 0 0 0 0 0 0 0 0 0 0 0 0 0 0 0 0 0 0 2 8 13 4 9 15 12 21 19 0 42 13 8 12 38 0 19 0 13 1 1 9 1 3 0 0 0 2 0 0 0 15 2 2 17 32 14 4 0 0 0 2 0 0 0 0 0 0 0 0 7 0 0 0 0 0 0 1 12 0 0 67 0 104 1 2 1 0 0 19 0 0 0 0 4 0 20 0 0 0 0 0 0 20 13 0 0 0 0 
 3 3 3 3 3 3 8 3 9 3 3 6 3 3 5 3 3 3 3 3 0 2 0 0 0 0 10 0 0 0 2 0 0 0 0 0 0 3 0 0 88 349 538 0 659 429 294 573 324 164 303 82 68 62 74 45 131 123 77 63 0 50 0 0 0 0 0 0 0 0 0 7 51 53 0 6 0 0 1 1 4 0 0 0 0 0 0 0 0 0 0 20 25 0 0 8 0 0 0 0 0 0 0 0 0 0 0 0 0 0 0 0 0 0 0 0 0 0 0 0 0 0 39 31 15 1 0 0 2 18 70 0 0 0 0 11 23 13 0 0 0 0 0 18 0 0 18 0 0 0 0 0 21 15 0 0 0 0 0 14 0 1 6 0 0 0 0 0 0 0 0 0 0 0 0 1 0 0 0 0 0 0 0 0 0 0 0 0 0 0 0 0 0 0 0 0 0 0 0 0 0 0 0 0 19 21 0 13 32 0 28 14 0 0 0 22 32 0 0 0 12 0 0 0 0 0 8 14 17 0 0 0 38 20 18 0 21 0 5 12 0 0 0 0 0 0 0 0 0 0 0 11 0 0 0 0 0 0 0 10 0 0 0 38 71 35 2 0 1 0 0 0 0 0 0 0 0 0 0 0 0 0 0 0 20 6 0 0 0 0 
 0 0 0 0 0 0 4 0 4 0 2 2 1 0 0 0 0 0 0 0 6 0 0 0 0 0 0 0 0 0 2 0 0 0 0 0 0 2 2 0 539 262 328 659 0 486 315 293 98 144 110 53 81 279 85 89 119 125 263 77 0 75 0 1 0 0 4 0 50 0 1 11 108 52 0 61 0 0 0 0 0 0 0 0 0 0 0 0 0 0 0 0 0 0 0 0 0 0 0 0 0 0 0 0 0 0 0 9 0 4 0 0 0 0 0 0 0 0 0 0 0 0 0 26 23 19 0 0 0 0 38 0 0 0 0 0 0 14 0 0 20 0 1 0 0 0 17 4 1 0 0 7 38 41 19 0 1 0 8 36 0 0 0 0 0 0 0 0 0 0 0 0 0 0 0 0 0 0 0 0 0 0 0 0 0 0 0 0 0 0 0 0 0 0 0 0 0 0 0 0 0 0 0 9 20 30 0 1 10 0 40 0 0 0 0 14 0 0 0 0 1 8 0 0 0 0 10 22 0 0 0 0 37 22 18 0 36 0 19 9 0 0 0 0 0 0 0 0 0 0 0 2 0 0 0 0 2 0 0 1 0 0 0 4 1 4 5 0 0 0 0 0 0 0 0 0 0 0 0 0 0 0 0 0 0 7 0 0 0 0 
 0 0 0 0 0 0 0 0 0 0 0 0 0 0 2 0 0 0 0 0 1 2 0 0 3 0 1 0 0 0 0 0 0 6 0 1 0 0 0 0 31 29 21 429 486 0 28 32 43 48 418 182 30 44 86 85 71 38 65 48 0 78 0 7 0 0 3 0 0 0 0 7 115 52 4 9 0 0 0 77 0 0 0 0 0 0 0 0 0 0 0 0 0 0 0 0 0 0 0 0 0 0 0 0 0 0 0 0 0 0 0 0 0 0 0 0 0 0 0 0 0 0 33 13 45 0 15 3 20 6 45 0 0 11 13 4 1 0 0 0 11 14 22 2 0 0 31 0 0 0 4 0 17 11 0 10 0 0 8 0 0 0 2 0 0 0 0 0 0 0 0 0 0 0 0 1 0 0 0 0 3 0 0 0 0 0 0 0 0 0 10 0 0 0 0 0 0 0 0 0 0 3 3 0 7 20 0 0 4 3 36 0 0 0 0 0 36 14 0 0 21 10 0 13 0 0 24 11 20 0 0 0 11 31 11 27 0 0 0 7 0 0 0 0 0 0 0 0 0 0 0 12 0 0 0 0 0 0 0 0 0 0 1 67 0 14 0 4 0 0 0 0 0 0 0 0 0 0 0 0 0 0 3 0 0 0 0 0 0 0 
 3 3 3 3 3 6 8 67 7 3 5 5 3 24 3 3 3 6 3 3 0 0 0 0 0 3 0 0 2 0 73 0 0 0 0 0 0 2 2 0 148 137 291 294 315 28 0 139 65 313 38 23 447 134 169 39 128 209 135 58 0 0 0 0 0 0 0 31 0 0 2 0 10 31 3 0 0 0 1 10 0 0 0 0 0 0 0 0 0 0 0 0 0 0 0 0 0 0 0 0 0 0 0 0 0 0 0 0 0 0 0 0 0 0 0 0 0 0 0 0 0 20 6 27 0 15 0 15 9 8 9 6 13 1 0 20 30 26 9 14 13 0 0 3 0 0 11 1 13 0 0 6 1 0 0 7 0 1 0 17 0 6 1 0 2 0 0 0 0 0 0 0 0 0 0 0 0 0 4 0 0 0 0 0 0 0 0 0 0 0 0 0 0 0 0 0 0 0 0 0 0 0 14 82 4 11 14 22 26 9 31 22 10 6 9 22 2 8 0 0 0 8 0 21 0 0 1 0 0 0 9 0 17 0 0 0 15 0 13 0 0 0 6 0 0 2 0 0 0 26 0 4 1 2 0 0 0 0 1 3 0 0 0 1 69 1 2 4 0 61 0 0 0 0 0 0 0 0 0 0 0 0 0 0 18 0 0 0 1 0 
 0 0 0 0 0 6 5 0 4 0 0 2 0 6 0 0 0 0 0 64 1 1 1 64 57 55 1 0 64 0 65 54 0 0 0 0 3 3 0 3 420 101 403 573 293 32 139 0 229 48 44 121 122 142 156 195 48 45 116 147 0 0 0 5 0 0 0 0 0 0 0 0 2 1 0 0 0 0 0 0 0 0 0 0 0 0 0 0 0 0 0 0 0 0 0 0 0 0 0 0 0 0 0 0 9 0 0 0 0 0 0 0 0 0 0 0 0 1 0 0 54 0 0 11 0 0 37 8 14 0 0 0 19 39 10 17 19 12 16 0 0 0 18 0 0 0 0 0 0 0 0 0 0 0 0 0 0 0 0 0 0 0 0 4 0 32 9 13 0 0 0 0 0 0 0 0 0 0 0 0 0 0 0 0 0 0 0 0 0 0 0 0 0 0 0 0 1 0 0 0 0 14 14 10 3 16 31 24 20 27 0 30 9 2 20 10 28 30 0 0 17 0 0 0 0 0 0 0 0 0 0 0 0 0 0 0 0 0 17 11 0 0 0 0 0 0 0 0 0 0 0 14 0 0 0 0 0 0 0 0 0 0 0 0 39 2 0 65 0 0 0 0 0 0 0 0 0 0 0 0 0 11 0 0 9 13 0 0 0 0 
 0 0 0 0 0 0 0 0 0 0 0 0 0 0 0 0 0 2 0 0 2 0 0 5 0 89 0 0 0 0 0 0 0 0 0 0 0 0 0 0 189 199 58 324 98 43 65 229 0 106 282 455 99 129 66 242 115 115 166 109 11 26 3 0 0 0 12 0 5 0 10 0 0 6 0 0 0 0 0 0 0 31 0 0 0 0 0 0 0 0 0 0 0 0 0 0 0 0 0 0 0 0 0 0 0 0 0 0 0 0 0 0 0 0 0 0 0 0 0 0 0 0 0 13 0 12 0 26 0 0 2 0 6 3 0 0 1 0 10 0 0 11 17 0 41 0 0 16 0 24 0 0 12 16 14 0 14 0 3 40 0 0 0 5 0 0 3 0 0 0 0 0 0 0 0 0 0 0 0 0 0 0 0 0 0 0 0 0 0 0 0 0 0 0 0 0 0 0 0 0 0 6 0 18 31 8 25 0 0 2 1 16 12 7 21 8 15 23 0 0 0 0 7 0 0 0 20 74 9 13 1 0 11 15 10 0 1 5 13 13 0 0 0 0 0 0 0 0 0 0 0 5 0 14 0 0 0 0 0 9 0 0 64 0 0 2 8 2 0 0 0 0 0 0 0 0 0 0 0 0 0 0 0 0 0 21 0 0 0 0 
 2 2 2 2 2 2 2 2 2 2 2 2 2 14 2 2 2 4 2 2 0 0 0 0 14 15 0 2 2 9 0 0 0 203 0 0 0 7 0 0 64 175 117 164 144 48 313 48 106 0 449 102 55 149 103 210 180 130 101 151 0 0 0 8 0 0 0 0 0 0 0 7 0 0 0 11 0 0 0 0 0 0 0 0 0 0 0 0 0 0 0 5 0 0 0 0 0 0 0 0 0 0 0 4 0 7 0 0 0 0 0 58 0 0 0 0 0 0 0 0 0 29 2 1 6 18 0 0 1 2 13 6 7 0 0 8 2 6 0 35 0 1 27 16 0 0 24 7 0 0 0 0 0 24 0 11 0 0 7 15 0 4 0 0 2 0 0 0 0 0 0 0 0 0 0 0 0 0 4 0 0 0 21 0 0 13 0 22 0 2 18 10 0 0 0 0 0 34 0 0 5 6 0 13 11 0 0 0 8 14 20 20 0 6 2 0 0 8 0 0 1 11 0 0 0 0 0 0 0 0 0 0 0 14 1 30 0 0 0 0 0 0 0 0 0 0 0 0 0 0 0 23 0 1 0 0 0 0 0 2 0 15 65 1 0 2 0 0 2 0 15 0 0 0 0 0 0 0 0 0 0 0 0 0 6 0 0 0 0 0 
 0 0 0 0 0 0 3 0 0 0 0 0 0 0 0 0 0 1 0 0 0 0 0 0 0 0 0 0 2 1 0 0 0 0 0 0 0 0 0 2 45 116 79 303 110 418 38 44 282 449 0 68 238 40 56 133 142 105 60 66 0 0 0 6 51 0 0 0 0 50 0 3 0 0 0 4 0 0 51 37 0 0 0 0 0 0 0 0 0 0 0 0 0 0 0 0 0 0 0 0 0 0 0 3 0 0 0 0 0 0 0 0 0 0 0 0 0 0 0 0 0 12 23 4 10 11 1 0 4 17 12 18 0 0 0 9 0 0 0 0 0 1 24 4 0 0 11 9 0 0 0 0 1 27 20 12 0 0 18 11 0 0 0 0 0 0 0 0 0 0 0 0 0 0 0 2 0 0 0 0 0 0 0 0 0 5 0 0 0 0 4 0 0 0 0 0 0 0 0 0 3 27 1 19 0 9 0 0 38 7 0 10 0 0 0 0 0 17 0 27 26 12 0 0 0 0 20 0 9 0 0 0 0 58 0 6 0 0 0 0 0 0 0 0 0 0 0 0 0 0 0 5 0 1 0 0 0 0 0 2 0 15 62 1 2 20 0 0 0 0 8 22 0 0 0 0 0 0 0 0 0 0 0 0 2 0 0 0 0 0 
 3 3 3 3 3 4 3 3 3 3 3 3 4 3 3 63 3 5 3 4 5 6 6 5 3 5 8 3 4 3 3 3 4 3 9 13 7 3 7 5 318 191 311 82 53 182 23 121 455 102 68 0 242 41 42 190 137 124 29 270 0 59 0 0 0 0 0 0 0 0 0 0 0 0 0 0 0 0 5 52 0 0 0 0 0 0 0 0 0 0 0 0 0 0 0 0 0 3 0 0 2 0 0 0 0 0 0 0 6 0 2 0 0 4 0 0 0 0 0 1 15 19 51 12 0 0 0 37 17 18 6 11 0 36 0 8 23 0 0 0 0 19 7 5 0 0 1 15 0 17 19 0 20 0 0 0 0 0 0 1 0 1 7 0 0 9 0 0 0 0 0 0 0 0 0 1 0 0 55 0 7 0 0 0 2 0 0 0 4 0 0 0 9 0 0 0 21 0 0 0 0 8 0 0 0 46 0 0 0 29 21 14 15 0 21 0 48 15 9 0 11 0 0 1 0 0 1 0 14 0 0 0 0 7 0 0 0 0 2 0 0 0 0 0 0 0 1 0 0 0 0 12 0 1 1 0 0 0 0 0 0 1 63 39 2 51 0 1 4 0 9 0 0 0 0 0 0 0 0 0 0 5 0 0 0 0 0 0 0 0 
 65 2 2 2 2 2 2 2 3 2 2 2 2 2 2 2 2 2 2 65 2 6 58 3 70 3 3 70 59 3 5 3 3 10 3 66 70 23 3 3 125 79 118 68 81 30 447 122 99 55 238 242 0 162 248 110 40 162 406 419 2 0 1 0 0 0 0 1 0 0 1 0 0 0 0 0 5 0 0 0 0 0 0 0 0 0 0 0 0 0 0 0 0 0 0 0 0 0 0 18 0 17 0 0 1 4 0 0 0 0 0 0 0 0 0 0 0 9 0 0 11 20 1 0 9 6 9 26 21 14 19 6 34 16 0 37 10 12 0 14 0 0 0 9 0 0 0 2 0 0 0 0 0 1 0 0 0 2 0 0 0 0 0 0 0 0 0 5 0 14 0 0 0 0 0 0 0 0 0 0 0 9 0 9 13 12 0 1 8 0 0 0 0 0 0 6 10 11 0 0 15 0 25 6 11 0 15 6 0 0 6 2 10 46 10 25 19 10 0 34 0 0 0 0 2 0 0 0 0 0 0 0 4 0 1 9 0 0 0 13 0 0 23 0 0 0 0 0 0 0 0 9 0 0 0 0 0 0 3 2 12 0 3 0 3 2 3 1 0 0 5 0 0 0 0 3 0 0 0 0 0 0 0 0 12 0 0 0 2 0 
 0 0 0 0 0 0 2 0 0 0 0 0 0 0 0 0 0 0 0 0 0 0 0 67 134 89 0 0 1 0 0 7 0 0 0 0 0 0 62 0 475 76 40 62 279 44 134 142 129 149 40 41 162 0 434 109 28 36 261 165 0 0 0 0 0 0 0 2 50 6 4 1 0 0 0 0 0 0 0 7 0 0 0 0 0 0 0 0 0 0 0 0 0 0 0 0 0 0 0 0 0 0 0 0 9 0 0 0 10 0 0 13 0 0 0 0 0 0 0 0 22 0 29 0 9 0 10 15 0 22 13 5 52 4 34 4 0 7 13 16 0 15 0 0 32 0 4 0 0 0 0 1 0 0 0 1 0 0 0 0 0 0 0 6 0 0 7 0 0 0 0 0 0 0 0 0 0 0 1 0 0 0 0 0 44 16 0 0 0 0 0 0 0 0 0 0 0 0 0 0 7 22 30 10 0 0 62 13 0 42 0 0 14 24 21 39 23 1 24 27 4 0 0 0 0 0 0 0 0 0 0 0 0 0 0 12 0 0 0 6 0 0 0 0 0 0 0 0 0 0 0 5 0 0 9 0 0 0 1 7 0 0 0 0 0 5 2 0 0 0 0 0 0 0 0 0 0 0 0 0 0 0 32 0 13 0 0 13 2 0 
 0 66 0 0 0 0 3 0 0 0 0 0 0 14 0 0 0 0 0 0 0 0 24 0 1 1 0 3 0 0 0 18 0 1 0 0 0 0 0 0 142 139 187 74 85 86 169 156 66 103 56 42 248 434 0 189 174 41 286 258 0 0 0 0 0 0 3 0 2 2 10 0 205 0 0 0 205 0 3 3 0 0 0 0 0 0 0 0 0 0 0 0 0 0 0 0 0 0 0 0 0 0 0 0 13 18 0 0 0 0 0 14 0 0 0 0 8 0 0 0 0 34 0 0 0 28 55 21 5 19 2 9 12 9 33 22 23 30 0 36 0 0 0 0 0 0 7 0 0 0 0 0 0 0 0 0 0 0 0 0 0 22 1 0 5 0 0 0 0 0 0 0 0 0 0 0 0 0 19 0 0 0 4 0 0 14 20 0 0 0 0 0 0 0 0 0 0 0 0 0 0 6 6 29 26 0 23 26 19 11 2 32 1 22 0 11 70 9 0 7 0 0 0 0 0 0 0 0 0 0 0 0 0 0 0 15 32 0 0 25 0 0 9 0 0 0 0 0 0 0 0 21 0 0 0 0 0 0 0 0 0 0 2 1 65 3 2 1 1 0 0 0 0 0 0 0 0 0 0 0 0 0 2 0 28 13 1 0 0 0 
 0 0 0 0 0 2 0 0 0 0 0 3 0 85 0 0 0 0 0 0 0 0 0 0 0 0 0 0 0 0 0 3 0 0 0 0 0 0 0 0 86 100 199 45 89 85 39 195 242 210 133 190 110 109 189 0 179 323 42 60 0 0 0 0 2 0 0 0 81 0 3 2 0 0 0 0 2 3 0 1 0 0 0 0 0 0 0 0 0 0 0 0 0 0 0 0 0 0 0 0 0 0 0 0 0 19 0 0 0 0 0 0 0 0 0 0 0 0 0 0 47 41 9 9 1 8 0 0 14 0 0 9 0 39 0 23 48 1 0 7 0 0 0 1 0 0 0 0 0 0 0 0 2 1 0 0 0 0 0 0 0 5 0 0 11 0 0 0 0 0 0 0 0 0 0 0 0 0 3 0 0 0 0 0 0 0 0 0 0 0 0 0 0 0 0 0 0 0 0 0 0 6 0 25 10 5 0 23 27 39 22 52 0 0 29 0 33 14 0 0 1 0 0 0 0 0 0 0 0 0 0 0 0 0 1 0 0 0 10 19 0 0 0 0 0 0 0 0 0 0 0 7 0 0 0 0 0 0 0 1 0 0 12 1 64 1 0 64 0 0 11 0 0 0 0 0 0 0 0 0 0 0 0 0 35 8 0 0 0 0 
 0 0 0 0 0 0 0 0 1 0 0 0 0 22 0 0 0 0 0 0 0 0 0 0 0 0 0 0 0 0 0 0 0 26 0 0 74 0 62 0 99 319 197 131 119 71 128 48 115 180 142 137 40 28 174 179 0 107 327 39 0 0 0 6 6 0 0 0 0 4 2 0 0 1 0 5 6 0 2 0 0 0 0 0 0 0 0 0 0 0 0 0 0 0 0 0 0 0 0 0 0 0 0 0 0 0 0 0 0 0 3 0 0 0 10 0 0 0 0 0 0 72 8 10 0 36 0 15 0 0 27 40 13 1 0 16 13 11 0 15 0 0 0 16 0 0 11 0 0 0 0 0 0 18 0 0 0 0 0 10 0 8 0 0 3 0 0 0 0 0 0 0 0 0 0 0 0 0 7 0 0 0 0 0 0 0 0 0 0 0 0 0 0 0 0 0 0 0 0 0 0 7 8 25 1 11 14 55 2 13 11 6 22 4 0 23 1 0 0 0 0 0 0 0 0 0 0 0 0 0 0 0 7 0 0 3 10 0 21 0 0 0 5 0 0 0 0 0 0 0 0 7 0 0 0 0 0 0 0 0 1 0 36 1 3 0 0 3 0 0 15 0 0 0 0 0 0 0 0 0 0 0 0 0 1 13 0 0 0 0 
 0 0 0 2 0 3 0 0 0 0 0 0 0 14 0 0 0 0 0 0 0 2 2 2 64 2 2 2 2 2 6 2 4 2 2 3 2 2 2 2 124 97 101 123 125 38 209 45 115 130 105 124 162 36 41 323 107 0 97 92 0 0 0 0 0 0 96 0 0 0 0 0 2 0 1 0 0 0 0 0 0 0 0 0 0 0 0 0 0 0 0 0 0 0 0 0 0 0 0 0 0 0 0 0 0 20 0 0 0 0 0 0 0 0 0 0 16 0 0 0 0 33 13 29 3 21 0 14 29 36 0 24 0 20 0 0 7 9 0 21 0 0 0 0 0 0 2 6 0 0 0 0 9 0 0 0 0 0 0 13 0 8 1 0 6 0 0 0 0 0 0 0 0 0 0 3 0 0 5 0 0 0 0 0 0 2 0 0 0 0 0 0 0 0 0 0 0 0 0 0 31 8 39 27 53 2 0 0 14 12 17 47 0 0 4 8 19 17 0 0 0 24 0 0 0 0 0 0 0 0 0 0 14 0 0 10 0 0 0 21 0 0 0 0 0 0 0 0 0 0 0 4 0 2 0 0 0 0 0 0 0 26 2 2 0 1 1 0 0 0 0 0 0 0 0 0 0 0 0 0 0 0 0 0 10 13 0 0 0 0 
 0 0 0 0 0 0 0 0 0 0 0 0 0 0 0 0 0 0 0 0 0 4 0 64 117 68 0 0 0 0 64 56 0 0 0 0 0 1 0 0 254 250 106 77 263 65 135 116 166 101 60 29 406 261 286 42 327 97 0 228 0 0 0 3 0 0 97 0 2 2 4 0 0 0 0 0 0 0 0 3 0 0 0 0 0 0 0 0 0 0 0 0 0 0 0 0 0 0 0 0 0 0 0 0 9 0 0 0 0 1 0 14 0 0 0 0 0 0 0 0 21 1 11 0 0 0 11 6 3 23 0 39 43 24 18 59 0 1 6 14 0 0 11 0 0 0 0 0 0 0 0 0 0 0 0 0 0 0 0 0 0 0 0 5 0 0 2 0 0 0 0 0 0 0 0 0 0 0 0 0 0 0 0 0 35 15 0 0 0 0 0 0 0 0 0 0 0 0 0 0 0 16 15 10 0 0 66 41 9 22 0 0 45 27 12 4 0 0 8 19 0 0 0 0 0 0 0 0 0 0 0 0 0 0 0 0 0 0 0 0 0 0 10 0 0 0 0 0 0 1 0 9 0 0 0 0 0 0 0 0 0 0 0 0 0 0 2 0 2 0 0 0 0 0 0 0 0 0 0 0 0 45 0 0 0 0 0 7 0 0 
 0 0 0 0 0 59 0 0 0 0 0 0 6 21 0 0 0 3 0 0 0 0 0 62 87 96 0 99 2 1 0 25 0 0 0 0 0 0 1 0 114 68 276 63 77 48 58 147 109 151 66 270 419 165 258 60 39 92 228 0 11 23 0 0 0 0 13 1 209 6 13 1 2 2 1 3 2 0 0 6 0 0 0 0 0 11 19 0 0 0 0 0 0 0 0 0 0 0 0 0 0 0 0 0 14 18 0 0 0 0 0 13 0 0 7 0 0 0 0 0 14 19 18 0 0 11 10 0 0 21 0 0 39 4 27 14 38 9 0 35 0 8 9 0 25 0 0 10 0 13 0 0 0 5 2 0 3 0 0 0 0 2 0 1 4 0 0 0 0 0 0 0 0 0 0 0 0 0 9 0 0 0 0 0 14 14 0 0 0 0 0 0 0 0 0 1 0 0 0 8 20 0 6 20 36 0 41 45 21 0 6 23 1 7 11 16 9 3 0 0 0 0 3 0 3 0 0 19 14 5 0 0 0 13 3 19 0 4 0 31 0 0 0 0 0 0 0 0 0 0 0 12 0 2 0 0 0 0 2 9 0 0 0 0 71 0 4 0 0 0 0 0 0 0 0 2 0 0 0 0 0 32 0 0 22 0 0 0 1 0 
 3 2 3 3 54 3 3 2 3 3 3 6 3 3 3 3 3 3 3 3 1 0 0 3 0 0 0 0 0 0 0 0 0 0 0 0 0 0 0 0 0 0 0 0 0 0 0 0 11 0 0 0 2 0 0 0 0 0 0 11 0 202 167 110 40 37 174 146 157 251 84 43 68 163 28 274 101 110 43 57 7 0 0 0 0 0 0 0 0 0 0 0 0 0 0 0 2 0 0 0 0 0 0 0 0 0 0 0 0 0 0 0 0 0 0 0 0 0 0 0 0 0 0 0 0 0 0 0 0 0 0 0 0 0 0 0 0 0 0 0 0 26 11 10 15 0 0 33 0 19 7 8 0 1 20 0 19 2 1 0 0 0 0 0 0 0 0 0 3 0 0 0 0 0 0 0 0 0 0 0 0 0 0 0 0 0 0 0 0 0 0 0 0 0 0 0 0 0 0 0 0 0 0 7 0 0 0 0 0 0 0 0 0 0 0 0 0 0 0 0 9 1 24 13 0 9 0 14 47 26 36 15 0 20 10 19 1 11 1 0 18 0 0 0 0 0 0 0 0 0 0 0 0 55 7 1 0 0 0 0 0 0 4 0 0 0 8 0 0 0 2 0 0 10 0 1 0 0 0 0 0 0 0 0 0 0 0 0 0 0 
