 0 303 269 145 141 63 203 276 332 77 443 49 195 239 66 141 258 130 343 61 0 0 0 0 2 0 0 0 2 2 0 0 0 0 0 0 0 0 0 0 0 0 0 0 0 0 0 4 0 3 0 0 0 3 1 1 6 0 11 0 0 0 1 0 0 0 0 0 2 0 3 0 0 0 0 0 0 3 0 2 13 14 11 26 0 0 56 27 26 0 0 17 16 82 22 20 43 14 0 4 0 0 0 0 0 0 0 2 0 0 0 0 0 0 0 0 0 0 0 2 0 0 0 0 0 0 0 0 0 0 0 0 0 0 0 0 0 0 0 0 0 0 0 0 0 1 0 0 0 1 0 0 0 2 0 0 0 0 0 0 6 0 14 0 19 2 17 7 1 14 14 23 23 35 36 19 0 9 0 2 0 0 0 0 0 1 0 0 0 0 0 0 17 0 0 0 0 0 35 0 0 0 0 0 0 0 0 0 0 2 0 0 0 0 0 0 0 0 0 0 0 0 0 0 0 0 0 0 0 0 2 0 0 0 0 0 0 0 0 0 0 0 0 0 1 1 92 0 91 1 0 5 0 1 0 0 0 0 0 0 0 0 49 0 0 0 0 0 0 0 0 0 0 0 0 0 18 0 0 0 0 0 0 0 0 0 0 0 0 0 
 303 0 72 87 134 144 263 414 32 206 42 82 377 149 228 170 38 40 196 258 0 0 0 0 2 0 4 0 2 17 0 2 0 0 0 0 1 3 78 1 0 0 0 0 0 0 0 7 0 2 0 0 0 3 2 0 11 0 0 0 0 0 4 0 0 0 0 0 2 0 2 0 0 0 0 0 0 3 2 34 15 51 20 2 0 0 21 21 16 16 0 0 24 51 13 2 43 5 0 22 0 0 0 0 0 2 0 0 0 0 0 0 0 0 0 0 0 0 10 0 0 0 0 0 0 0 0 0 0 0 0 0 1 0 0 0 0 0 1 0 0 0 0 0 0 0 0 0 0 0 0 0 0 9 0 1 0 0 0 0 0 40 0 6 18 14 0 10 17 0 38 20 10 7 26 10 0 48 24 11 0 0 0 0 0 0 1 0 0 0 0 0 14 0 0 0 0 0 16 17 0 0 0 0 0 0 0 0 0 0 0 0 0 0 11 0 0 0 0 0 0 1 0 0 0 1 0 0 0 0 0 0 0 0 0 6 0 0 0 0 0 0 0 0 0 1 1 2 0 1 5 12 0 0 0 0 0 0 0 0 0 0 15 0 0 0 0 0 0 0 0 0 0 0 0 0 0 0 0 0 0 0 0 0 0 0 0 0 0 0 
 269 72 0 252 163 201 160 241 64 26 122 177 261 119 220 138 313 132 214 139 55 0 2 0 2 2 0 2 2 4 0 0 0 0 41 2 2 3 75 1 3 0 0 0 2 0 0 0 0 3 1 0 3 3 0 2 2 0 3 0 0 0 0 1 0 0 0 0 3 0 3 0 0 0 0 0 0 3 1 14 28 12 75 18 0 28 1 24 27 30 40 57 0 31 17 57 7 29 19 13 0 0 4 0 0 0 0 11 0 0 0 0 18 0 12 0 0 0 0 0 0 0 0 0 0 0 0 0 0 0 0 2 0 0 1 0 0 0 0 0 0 0 0 0 0 0 0 0 0 0 0 0 0 0 0 0 0 0 1 0 29 13 26 51 13 15 18 16 5 30 7 3 0 1 26 13 66 0 0 0 0 0 23 2 0 0 20 25 0 0 0 0 18 0 0 0 0 0 0 0 2 0 0 0 0 0 0 0 0 0 0 0 0 0 1 0 33 0 0 0 0 0 0 0 2 0 0 0 0 0 0 0 0 0 1 0 0 0 0 0 0 0 0 0 0 0 89 2 0 0 0 9 9 0 0 0 0 0 0 0 0 0 0 0 0 0 0 0 0 0 0 0 0 0 0 25 36 11 0 0 0 0 0 0 0 0 0 0 0 0 
 145 87 252 0 162 142 80 103 56 64 68 121 180 386 53 60 126 60 268 141 25 0 0 0 2 0 0 0 2 2 0 0 0 41 1 1 0 0 174 35 2 0 1 0 0 4 0 2 0 2 0 3 0 4 2 0 2 0 6 0 0 0 54 6 5 2 2 0 3 0 1 0 0 1 2 0 18 3 3 2 11 0 0 11 10 0 8 10 22 0 25 23 0 30 11 17 7 10 17 9 30 15 0 0 0 0 9 0 16 5 0 0 10 0 28 0 1 0 10 0 0 0 0 0 0 0 0 14 0 0 0 0 0 0 0 6 0 0 0 0 0 0 0 0 0 0 0 0 0 0 0 0 0 0 0 0 0 0 0 0 11 0 21 49 12 1 0 12 0 26 3 2 0 0 16 13 76 3 0 12 0 32 7 0 0 0 14 14 0 0 1 0 23 0 18 0 10 0 41 0 0 0 0 0 1 0 0 0 7 0 0 0 1 0 0 0 16 0 0 0 0 0 0 0 0 0 0 0 0 0 0 0 0 0 0 0 0 0 0 0 0 0 0 0 0 6 45 0 0 94 0 4 0 0 0 0 0 0 0 0 0 0 0 0 0 0 0 0 0 0 0 0 0 0 0 0 0 19 0 0 0 0 0 0 0 0 0 0 0 0 
 141 134 163 162 0 154 140 469 168 72 175 479 465 277 71 237 106 94 57 71 0 0 82 0 2 0 199 74 36 2 0 1 10 0 83 0 57 0 166 0 0 0 0 0 0 0 0 0 0 3 0 0 0 3 1 0 2 10 0 0 0 0 0 0 50 1 0 0 9 0 3 0 0 0 0 0 0 3 1 2 13 6 25 0 15 22 25 25 27 20 7 14 0 11 0 15 1 1 0 0 0 0 10 38 0 0 11 57 0 14 0 0 10 0 7 0 0 19 26 20 0 0 0 0 0 0 0 1 0 0 0 0 21 0 0 0 0 0 0 0 0 0 0 10 0 0 0 0 4 0 0 0 0 0 0 0 0 0 0 0 0 0 0 41 0 15 0 18 10 0 0 0 0 0 12 2 15 21 0 0 0 0 0 0 0 0 49 0 0 12 0 0 53 0 0 23 15 0 26 5 0 0 0 0 0 0 37 0 0 0 0 0 0 0 0 0 0 0 0 0 0 0 0 0 0 0 0 0 0 0 0 1 0 0 0 0 0 0 0 0 0 0 8 0 0 1 0 0 0 4 3 7 0 0 0 0 0 0 0 0 0 0 0 0 0 0 0 0 0 0 0 0 0 0 0 0 8 0 0 0 0 0 0 0 0 0 0 0 0 0 
 63 144 201 142 154 0 127 102 41 129 89 60 58 59 64 110 89 93 36 60 77 74 0 0 3 0 0 0 2 4 0 0 0 154 76 2 71 0 153 74 0 2 0 0 0 0 0 0 0 3 0 0 0 3 2 1 3 0 0 0 0 0 0 0 0 0 31 0 2 0 3 0 0 0 0 0 1 3 0 2 15 3 9 0 17 0 14 7 15 1 17 0 0 47 0 0 14 0 0 2 20 24 1 0 0 22 0 8 0 43 5 0 0 29 1 0 28 0 33 32 0 0 0 0 0 0 0 0 0 0 0 0 0 0 0 2 0 0 0 0 0 0 0 0 0 0 0 2 2 1 0 0 0 0 0 0 0 0 0 0 0 1 0 5 28 0 1 0 9 0 1 4 0 0 0 2 0 19 0 0 0 9 0 0 1 1 0 1 30 7 14 0 21 12 28 0 0 0 23 31 0 0 0 8 0 0 1 0 0 0 0 0 0 0 1 0 0 0 1 11 0 0 0 0 0 0 0 0 0 1 0 0 0 0 0 0 0 0 21 0 0 2 0 0 0 0 0 1 0 0 1 22 0 0 0 0 0 0 0 0 0 0 0 0 0 0 9 0 0 0 0 0 0 0 0 0 0 0 0 0 0 0 0 0 0 0 1 0 0 0 
 203 263 160 80 140 127 0 160 50 39 281 30 204 382 113 134 195 333 332 65 0 0 1 0 2 0 1 0 2 92 1 0 0 0 0 0 0 0 0 0 0 0 0 0 0 0 0 7 0 2 0 0 0 3 1 0 8 8 0 0 0 0 0 0 0 0 0 0 2 0 2 0 0 0 0 0 0 3 2 35 0 87 51 29 0 0 14 64 27 34 14 16 10 54 3 15 33 14 0 0 0 0 0 0 0 0 0 0 0 1 0 24 0 0 0 0 0 2 0 1 0 0 0 0 0 0 0 0 0 0 0 2 0 0 1 0 0 0 0 0 0 0 0 0 0 0 0 0 0 0 0 2 0 0 0 0 0 0 0 0 23 34 20 21 23 15 13 12 12 11 49 39 10 0 45 0 18 33 19 14 0 0 2 0 0 0 0 0 0 0 0 0 18 0 0 0 0 0 31 0 0 0 0 0 0 0 0 0 0 0 0 0 0 0 44 0 0 0 0 0 0 0 0 0 0 0 0 2 0 0 0 0 0 11 0 0 0 0 0 0 0 1 0 0 0 2 0 0 91 2 0 2 0 0 0 0 0 0 0 0 79 0 10 0 0 0 0 0 0 0 0 0 0 0 0 0 16 12 0 0 0 0 0 0 0 0 0 0 0 0 
 276 414 241 103 469 102 160 0 100 208 146 224 114 389 376 115 414 163 330 234 0 3 3 0 2 0 0 2 2 2 2 0 74 0 1 0 64 0 74 0 0 1 0 1 0 2 0 1 0 2 0 0 0 3 2 1 2 3 5 2 0 0 9 0 0 0 0 0 2 0 1 1 0 0 0 0 0 3 3 2 27 1 15 24 0 0 21 11 39 0 0 10 11 13 12 15 42 20 20 0 0 0 1 0 0 0 0 12 0 0 0 0 12 0 0 0 0 0 7 4 0 0 0 0 0 0 0 0 0 0 0 0 0 0 0 2 0 0 0 0 0 0 0 0 0 0 0 0 2 0 0 0 0 0 0 0 0 0 0 0 0 11 38 6 0 69 12 7 15 27 39 17 25 17 0 0 43 6 0 0 0 0 0 0 1 0 0 0 0 2 0 0 16 0 0 0 1 0 14 0 0 0 0 0 0 0 0 0 0 0 0 0 0 0 0 0 0 0 0 0 0 0 0 0 0 0 0 0 0 1 0 0 0 0 0 0 0 0 11 0 0 0 0 0 0 2 3 0 1 2 2 4 0 0 2 0 0 0 0 0 0 0 0 0 0 0 0 1 0 0 0 0 0 0 0 0 20 0 0 0 0 0 0 0 0 0 0 0 0 0 
 332 32 64 56 168 41 50 100 0 245 37 249 179 179 237 53 43 176 147 155 0 0 2 0 2 0 63 1 2 2 0 0 99 0 0 0 0 0 79 0 4 0 6 0 0 0 45 0 2 2 0 0 0 3 0 0 2 6 0 0 0 0 0 0 0 3 20 0 7 0 1 0 0 0 5 0 0 3 2 2 0 9 0 14 29 18 26 0 7 10 20 0 14 0 8 60 13 27 14 7 0 0 0 2 0 0 17 16 0 0 0 0 13 0 14 0 0 0 10 10 0 0 0 0 0 0 14 15 0 0 0 0 0 0 0 0 0 0 0 0 0 0 0 0 0 0 0 0 0 0 0 0 0 0 0 0 0 0 0 0 19 4 7 25 0 26 12 7 0 10 15 7 28 27 6 23 11 24 10 0 0 0 0 0 0 0 34 0 0 21 0 0 1 0 32 1 0 0 8 0 0 0 0 0 0 0 0 0 0 0 0 0 0 0 0 0 0 0 0 0 0 0 0 0 0 0 0 0 0 0 0 0 0 0 0 0 0 0 0 0 0 0 0 0 0 0 0 0 3 179 11 8 0 0 0 0 0 0 0 0 0 0 0 0 0 0 0 0 0 0 0 0 0 0 0 0 0 0 0 0 0 0 0 0 0 0 0 0 0 0 
 77 206 26 64 72 129 39 208 245 0 166 43 154 93 179 181 163 207 80 118 0 6 6 0 2 0 74 0 2 75 0 1 34 0 0 0 0 0 1 0 0 0 3 0 0 6 0 0 3 2 0 0 63 3 2 0 6 11 62 8 0 0 4 1 2 0 0 0 2 0 1 0 0 0 6 0 0 3 2 2 27 18 11 13 18 13 13 18 15 41 1 14 16 1 2 21 23 43 0 8 0 0 0 0 0 0 13 2 0 0 0 1 15 0 0 0 1 0 10 1 1 0 0 0 0 0 0 0 0 0 0 0 0 1 11 0 0 0 0 0 0 0 0 0 1 0 0 0 0 0 0 0 0 0 0 0 0 0 0 0 9 35 15 0 0 10 10 2 40 7 53 24 20 16 10 0 1 23 10 1 0 0 0 0 0 0 10 0 0 1 0 2 0 0 0 16 28 0 0 0 0 0 0 9 2 0 0 0 0 0 0 0 0 0 14 0 0 0 0 0 0 0 1 0 0 0 0 0 0 0 0 0 0 16 0 0 0 0 0 0 0 0 0 0 0 0 2 0 4 5 8 2 0 0 2 0 0 0 0 0 0 0 0 0 0 0 0 0 0 2 0 0 0 0 0 0 0 1 0 0 0 0 0 0 0 0 0 0 0 0 
 443 42 122 68 175 89 281 146 37 166 0 62 453 117 143 248 185 292 41 85 21 0 0 0 2 0 4 68 3 33 2 0 1 1 2 1 0 0 23 1 0 0 0 0 0 0 0 0 0 3 0 0 0 3 0 0 2 2 65 0 0 0 0 0 0 2 0 0 2 0 3 0 0 0 3 0 3 55 0 2 0 45 60 14 20 0 0 33 10 16 7 11 0 14 0 12 28 1 1 0 15 0 0 19 0 0 24 14 16 0 0 1 12 14 25 0 0 0 0 11 0 0 0 2 0 0 0 14 0 15 0 0 0 0 0 0 0 0 0 0 2 0 0 0 0 0 0 0 0 0 0 0 2 0 2 0 0 0 0 0 20 52 16 0 0 14 0 0 1 10 20 5 0 0 8 1 0 9 0 0 0 9 0 1 0 0 10 30 0 19 0 0 0 0 18 0 10 0 20 0 0 0 0 0 0 0 0 0 0 0 22 0 0 0 20 0 0 0 0 0 0 0 1 0 0 0 0 0 0 0 0 0 2 0 2 0 0 0 0 0 0 10 0 0 0 6 0 0 88 88 0 18 0 0 0 0 0 0 0 1 1 0 0 0 0 0 0 0 0 0 0 0 0 0 0 0 20 0 0 0 0 0 0 0 0 0 0 0 0 0 
 49 82 177 121 479 60 30 224 249 43 62 0 73 46 135 196 255 180 28 33 1 0 0 4 2 1 22 63 78 2 0 2 2 0 60 209 0 1 76 78 12 0 2 0 0 0 0 0 0 3 0 2 2 3 3 1 3 0 6 1 0 0 0 0 0 0 0 0 2 0 3 0 0 0 6 0 0 3 0 2 30 0 27 30 0 13 8 12 43 42 23 18 9 23 9 40 0 18 0 4 0 0 9 0 0 0 0 13 22 10 0 0 19 0 0 0 0 0 33 9 0 0 0 0 0 0 0 0 0 0 0 0 0 0 0 0 0 0 0 0 0 0 3 0 0 0 0 0 26 0 0 0 0 0 0 0 0 0 0 0 0 18 14 35 0 28 32 0 12 18 9 2 0 0 0 32 20 3 0 0 0 0 16 0 0 0 20 0 0 0 0 0 30 0 0 0 0 0 55 9 0 0 0 0 0 0 0 0 0 0 0 0 0 0 0 0 0 0 0 0 0 0 0 0 0 3 0 0 0 0 0 0 0 0 0 0 0 0 0 0 0 0 0 0 0 2 100 0 2 3 0 0 8 0 1 0 0 0 0 0 0 0 2 0 0 0 0 0 0 0 0 0 0 0 0 16 8 0 0 0 0 0 0 0 0 0 0 0 0 0 
 195 377 261 180 465 58 204 114 179 154 453 73 0 218 177 143 55 117 376 53 0 0 0 0 2 0 1 0 2 2 0 0 0 0 74 0 0 0 1 0 0 0 0 0 2 0 0 0 0 3 0 0 5 5 1 2 2 0 0 0 0 33 0 0 0 0 0 0 2 0 3 0 0 0 0 0 0 3 1 2 19 7 11 7 0 19 0 10 13 11 26 19 1 22 14 51 1 49 1 26 0 0 0 0 0 0 0 0 0 0 0 0 0 0 0 1 0 0 2 0 0 0 0 0 0 0 0 0 0 0 0 0 0 4 0 0 0 0 0 0 2 0 0 0 1 0 0 0 0 0 0 0 2 0 2 0 0 0 1 0 43 11 0 11 0 23 8 0 0 17 26 9 0 15 33 11 10 1 21 0 0 0 0 0 0 0 0 0 0 0 0 2 14 0 0 0 0 0 14 0 0 0 0 0 2 0 0 0 0 0 0 0 0 0 3 0 0 0 0 0 0 0 1 0 0 0 0 0 0 0 0 0 2 0 0 0 0 0 0 0 0 0 0 0 0 3 2 0 0 0 25 6 12 0 42 0 0 0 0 0 0 0 0 0 0 0 0 0 0 0 0 0 0 0 0 18 14 31 0 0 0 0 0 0 0 0 0 0 0 9 
 239 149 119 386 277 59 382 389 179 93 117 46 218 0 219 351 133 27 371 355 0 0 2 0 3 0 0 0 2 2 0 0 0 0 0 0 0 0 0 0 0 0 0 0 0 0 0 0 0 2 0 0 0 3 0 0 2 0 5 0 0 0 4 0 0 0 0 0 2 0 2 0 0 0 0 0 0 3 2 2 39 24 3 14 0 0 40 32 15 0 7 14 2 13 25 17 13 25 0 9 0 0 0 0 0 0 0 0 0 0 0 0 22 0 0 0 0 0 0 0 0 0 16 0 0 0 0 0 0 0 0 0 0 0 0 13 0 0 0 0 0 0 0 0 0 0 0 0 2 1 0 0 0 0 0 0 0 0 0 0 5 14 12 0 0 0 34 10 5 12 27 7 46 20 5 13 8 0 0 38 0 0 0 0 1 2 0 0 1 2 0 0 0 0 0 0 0 0 0 0 0 0 0 0 0 0 1 0 0 0 0 0 0 0 0 0 0 0 1 0 0 0 0 0 0 0 0 0 0 0 0 0 0 0 0 0 0 0 0 0 0 0 0 0 0 2 93 0 4 1 0 9 87 0 0 0 0 0 0 0 0 0 0 0 0 0 0 0 0 0 0 0 0 0 0 0 16 0 0 0 0 0 0 0 0 0 0 0 0 0 
 66 228 220 53 71 64 113 376 237 179 143 135 177 219 0 145 510 91 356 101 0 0 0 0 2 0 0 0 2 2 0 0 0 0 0 0 0 0 0 1 0 0 0 0 0 0 0 4 0 2 0 0 0 3 0 0 7 0 0 0 0 0 0 0 0 1 0 0 2 0 1 0 0 0 0 0 0 3 3 2 19 29 40 14 1 10 57 12 0 27 20 15 52 0 25 53 21 14 18 20 0 0 0 0 2 0 0 0 0 0 0 0 0 0 0 0 0 0 0 0 0 0 0 0 1 0 0 0 0 0 0 0 0 0 0 0 0 10 0 0 0 0 0 0 0 1 0 0 0 0 0 2 0 0 0 0 0 0 0 0 22 6 0 2 15 5 15 19 21 14 9 12 9 15 37 8 6 17 29 0 0 0 3 0 0 0 0 0 0 0 2 0 0 0 0 0 0 0 0 0 0 0 0 0 0 0 0 2 0 0 2 1 0 2 0 19 0 0 0 0 2 0 0 0 0 0 0 0 0 0 0 0 0 0 0 0 0 0 0 0 0 0 0 0 0 0 3 0 1 0 17 3 12 0 0 0 0 0 0 0 0 0 9 0 0 0 0 0 0 0 0 0 0 0 0 11 20 0 0 0 0 0 0 0 0 1 0 0 0 0 
 141 170 138 60 237 110 134 115 53 181 248 196 143 351 145 0 287 134 64 270 0 0 0 0 31 3 0 0 4 91 3 2 145 0 3 0 0 0 76 0 2 0 3 0 0 0 0 0 2 3 0 0 0 3 2 0 2 0 4 0 0 0 0 0 0 0 0 2 2 2 3 9 0 0 0 0 0 3 6 2 25 20 0 40 10 0 112 54 94 24 31 39 16 47 0 15 11 25 0 1 0 0 0 0 0 0 0 0 0 0 0 5 11 0 0 9 0 0 8 0 0 0 0 0 0 0 0 0 0 0 0 0 0 0 0 0 0 0 0 0 0 0 0 0 0 0 1 0 0 0 0 0 0 0 0 0 0 28 0 0 0 31 30 25 7 39 20 16 1 30 20 19 0 19 28 1 41 61 0 0 0 0 0 0 7 0 1 0 0 0 0 0 14 0 0 0 0 0 27 0 0 0 0 0 0 0 19 0 0 0 0 0 0 0 17 0 0 0 0 0 0 0 6 0 0 0 1 0 0 4 0 0 0 0 0 0 0 0 0 0 0 0 0 0 0 0 3 0 55 1 0 9 3 0 0 0 0 0 0 0 0 0 0 0 0 0 0 0 0 0 0 0 0 0 0 16 0 14 0 0 0 0 0 1 0 0 0 0 0 0 
 258 38 313 126 106 89 195 414 43 163 185 255 55 133 510 287 0 108 42 42 0 0 0 0 2 0 2 0 2 2 1 0 75 6 0 0 0 0 82 0 0 0 0 0 2 0 0 0 0 2 0 0 0 3 0 0 2 2 2 0 0 0 0 0 0 0 0 0 18 0 1 0 0 5 0 0 0 3 3 2 9 0 28 10 1 11 21 23 38 64 11 45 16 11 0 2 0 25 18 1 0 0 10 0 1 0 0 8 0 0 0 0 11 0 0 0 0 0 0 12 0 10 0 0 2 1 0 0 0 0 2 0 0 1 0 0 0 0 0 0 0 0 0 0 0 0 0 0 0 0 0 0 0 0 0 0 0 0 0 0 16 9 16 41 0 52 0 19 24 5 4 0 0 0 32 0 44 19 0 1 0 0 0 0 0 0 3 2 0 0 0 0 16 0 0 0 0 0 0 0 0 0 0 0 0 0 0 2 0 1 2 1 0 1 1 0 1 0 0 0 0 0 0 0 0 0 0 0 0 0 0 8 0 0 0 0 0 24 0 0 0 0 0 0 0 1 1 0 1 1 0 3 0 0 0 0 0 0 0 0 0 0 0 0 0 0 0 0 0 0 0 0 0 0 0 0 16 25 0 0 0 0 0 0 0 0 0 0 0 0 
 130 40 132 60 94 93 333 163 176 207 292 180 117 27 91 134 108 0 49 57 0 0 2 0 3 0 95 76 2 7 0 0 0 0 0 1 1 0 150 0 0 0 0 0 0 0 0 0 0 3 0 0 0 3 0 0 4 7 0 0 0 0 0 0 0 1 0 0 2 0 1 0 0 0 0 0 0 3 3 2 11 3 53 30 36 31 20 10 16 22 32 42 0 15 0 24 27 0 0 10 0 0 0 20 0 0 9 50 0 2 0 0 0 0 29 0 0 0 10 42 0 0 0 11 0 0 0 0 0 0 0 0 0 0 2 0 0 0 0 0 0 0 0 0 0 0 0 13 0 0 0 0 0 0 0 0 0 0 0 0 0 9 10 0 11 23 0 19 18 31 11 2 0 0 10 0 15 0 1 0 0 0 1 1 0 0 27 0 0 39 0 0 0 0 0 0 4 0 1 1 0 0 0 5 0 0 0 0 0 0 0 0 0 0 0 0 0 0 0 2 0 0 0 0 0 0 0 1 0 0 0 0 0 0 0 0 0 0 0 0 0 2 0 0 0 0 3 0 6 96 0 11 10 0 0 0 0 0 0 0 0 0 0 0 0 0 0 0 0 0 0 0 0 0 0 9 1 0 0 0 0 0 0 0 0 19 0 0 0 0 
 343 196 214 268 57 36 332 330 147 80 41 28 376 371 356 64 42 49 0 285 0 0 9 0 2 2 0 0 6 16 0 3 1 5 5 0 0 0 0 6 66 0 2 0 0 0 2 4 3 3 2 3 0 5 0 62 7 0 2 6 8 0 36 0 0 0 0 2 2 4 3 55 0 0 0 0 0 4 1 2 4 33 3 10 0 0 1 14 5 11 0 15 14 2 40 40 0 3 16 7 0 0 0 0 0 0 0 0 0 0 0 0 0 0 0 0 0 5 0 0 0 0 0 10 0 0 0 0 0 0 0 0 0 0 0 9 0 0 0 0 0 0 0 0 0 14 2 0 0 0 0 0 0 0 0 0 0 0 4 0 27 26 7 12 1 0 27 9 18 2 28 0 13 18 17 9 0 22 23 0 0 0 0 0 0 0 0 0 0 0 12 0 0 0 0 0 0 0 0 0 0 0 0 0 0 0 0 0 0 0 0 0 0 0 0 0 0 0 0 0 0 0 0 0 0 0 2 0 0 0 0 2 0 0 0 0 0 0 0 0 0 0 0 0 0 4 3 0 0 0 0 5 2 0 0 0 0 0 2 0 0 0 0 0 0 0 0 2 0 0 0 0 0 0 0 0 10 0 0 0 0 0 0 0 0 0 0 0 0 0 
 61 258 139 141 71 60 65 234 155 118 85 33 53 355 101 270 42 57 285 0 0 0 0 0 2 0 2 0 3 2 0 0 0 2 0 1 0 0 0 1 0 0 0 0 15 0 0 0 1 25 20 0 0 3 0 0 2 2 0 0 0 0 3 0 0 0 11 0 2 5 3 0 0 11 47 0 0 3 11 2 11 27 0 0 0 0 0 0 6 15 0 16 11 3 27 23 11 15 17 28 0 0 0 0 0 0 0 24 0 0 0 1 1 0 0 0 0 0 0 0 0 0 0 2 0 0 0 0 0 0 0 0 0 0 0 0 0 0 0 0 2 0 0 0 0 10 0 0 0 0 0 0 2 0 2 0 0 0 0 0 40 12 26 11 0 0 25 41 0 4 22 9 27 26 0 14 0 0 0 0 0 0 0 1 0 0 0 0 0 0 0 0 0 0 0 0 0 0 0 0 0 0 0 0 0 0 0 0 0 0 0 0 0 9 2 0 0 0 0 0 0 0 1 0 0 0 0 0 0 0 0 0 2 0 2 0 0 0 0 0 0 0 0 0 0 0 3 0 0 2 2 15 0 0 0 0 0 0 0 0 1 0 0 0 0 0 0 0 0 0 0 0 0 0 0 0 0 0 0 0 0 0 0 0 0 0 0 0 0 0 
 0 0 55 25 0 77 0 0 0 0 21 1 0 0 0 0 0 0 0 0 0 249 390 395 184 55 169 239 114 33 212 37 138 230 141 420 325 75 244 79 3 0 0 0 3 0 2 0 0 0 0 0 21 0 3 0 0 0 2 0 0 0 0 2 0 2 2 2 0 0 3 78 0 0 2 0 7 0 2 0 0 0 0 0 0 0 0 0 0 0 3 0 0 0 0 0 0 0 0 0 61 16 18 12 0 11 22 0 42 0 0 22 32 0 33 1 31 11 2 0 0 0 0 0 0 0 32 14 0 0 0 0 8 0 7 0 0 0 0 12 0 0 0 0 0 0 0 0 0 1 0 0 1 0 0 0 0 0 0 0 1 0 0 0 0 0 0 0 0 1 0 0 0 2 0 0 0 0 0 0 8 22 0 0 13 0 0 38 24 0 15 31 0 34 47 0 64 50 25 16 14 0 0 1 0 2 11 0 1 0 0 0 0 0 0 0 1 0 0 28 0 0 0 0 0 2 0 0 0 0 0 0 0 1 0 0 0 0 0 0 0 16 0 0 0 0 0 0 0 74 0 0 0 0 5 0 2 1 76 1 0 0 0 0 0 0 0 0 0 0 0 0 0 0 0 10 0 0 0 0 0 7 0 0 0 0 0 0 0 0 
 0 0 0 0 0 74 0 3 0 6 0 0 0 0 0 0 0 0 0 0 249 0 299 172 42 44 291 116 48 34 60 242 117 212 214 392 122 76 240 70 3 4 0 1 3 0 3 0 2 0 0 0 0 0 5 0 0 0 2 0 0 0 0 2 2 0 2 2 0 0 2 3 0 0 0 5 5 0 15 0 0 0 0 0 0 0 0 0 0 0 0 0 0 0 0 0 0 0 0 0 18 33 15 0 32 1 0 0 32 0 26 28 14 0 12 32 11 23 0 0 0 0 0 0 0 0 21 0 0 0 0 0 10 8 8 0 0 0 0 28 0 0 0 0 0 0 0 0 0 0 0 0 0 0 0 0 0 19 0 0 0 0 0 8 0 0 0 0 0 26 0 0 0 0 0 0 0 0 0 16 1 13 11 16 28 14 0 16 25 34 2 16 0 25 19 46 40 86 1 36 0 0 0 0 0 0 0 0 1 0 0 0 0 11 0 0 0 0 0 61 0 0 0 0 0 0 0 0 0 0 0 0 0 0 10 0 0 9 0 0 0 0 0 0 0 0 0 0 0 1 0 0 0 0 0 0 2 95 3 1 2 0 0 0 0 0 0 0 0 0 0 0 0 0 0 0 0 0 0 19 0 14 0 0 0 12 0 0 0 0 
 0 0 2 0 82 0 1 3 2 6 0 0 0 2 0 0 0 2 9 0 390 299 0 280 50 146 111 105 245 148 203 110 74 205 218 538 323 198 50 64 3 0 0 0 3 0 2 0 0 43 66 0 3 0 4 0 2 0 2 62 0 0 0 2 29 0 2 2 0 0 2 0 0 0 5 0 3 0 6 0 0 0 0 0 9 0 0 0 0 0 0 0 0 0 0 0 0 0 0 0 0 9 25 36 7 52 26 0 1 0 44 6 0 0 0 38 0 35 1 0 0 0 0 0 1 0 10 0 0 0 1 0 19 8 16 0 0 0 10 12 2 0 0 0 0 0 0 0 0 0 0 0 0 1 0 0 0 0 0 0 2 0 0 0 0 0 0 0 1 0 0 0 9 0 0 0 0 0 0 0 31 13 13 14 36 8 0 0 0 4 19 28 14 5 0 29 34 7 36 7 1 0 0 0 0 0 42 0 0 2 0 0 7 32 0 0 0 0 27 6 0 0 0 0 0 0 0 0 0 0 2 1 0 0 0 0 0 0 0 0 0 0 13 0 0 83 0 0 0 0 0 0 0 2 32 0 2 239 1 0 12 0 0 0 0 0 0 0 0 0 0 0 0 0 0 0 0 0 0 13 0 0 0 0 0 9 0 0 0 0 
 0 0 0 0 0 0 0 0 0 0 0 4 0 0 0 0 0 0 0 0 395 172 280 0 66 158 170 157 184 246 253 133 58 67 109 131 144 151 81 53 6 0 0 1 3 0 2 0 0 0 0 0 69 0 6 0 2 0 4 0 0 0 52 2 1 2 2 3 0 0 2 0 0 0 54 0 3 2 8 1 0 0 1 0 0 0 0 7 0 0 0 0 0 0 0 0 0 0 0 0 22 21 34 25 22 13 11 0 35 0 11 59 0 1 18 7 11 56 0 0 2 11 0 0 0 0 36 10 0 0 0 0 8 8 32 0 2 24 0 18 0 1 0 0 1 0 0 0 0 0 0 0 0 0 0 0 2 0 0 0 0 0 0 0 0 0 0 0 0 0 0 0 0 0 0 0 0 0 0 0 8 19 9 22 39 8 0 1 17 6 12 39 0 0 0 1 8 28 0 19 1 0 0 0 0 0 11 0 1 0 0 0 2 16 52 0 0 0 14 30 0 0 0 0 0 0 0 0 0 0 0 0 0 0 0 0 0 0 0 0 0 0 0 0 0 0 0 0 0 0 0 0 0 0 21 0 0 83 31 0 2 0 0 0 0 0 0 0 0 0 0 0 0 0 0 0 0 0 0 0 0 16 0 0 0 0 0 0 0 0 
 2 2 2 2 2 3 2 2 2 2 2 2 2 3 2 31 2 3 2 2 184 42 50 66 0 147 49 159 597 181 85 57 226 61 168 377 128 188 84 56 66 62 0 0 3 17 96 63 0 2 0 1 0 1 68 0 0 0 32 0 0 0 0 2 0 0 2 2 0 0 2 0 0 0 0 39 3 0 3 0 0 0 0 0 0 0 0 0 0 0 0 0 0 0 0 0 0 0 0 2 0 0 31 0 61 21 0 5 0 2 12 1 0 17 0 29 1 0 0 0 9 14 20 11 0 0 24 0 0 0 0 0 14 0 0 0 0 0 29 21 0 0 0 0 0 0 0 0 0 9 0 0 0 0 0 0 0 27 0 0 0 0 0 0 0 0 0 0 0 0 0 0 0 6 0 0 0 0 4 0 2 28 24 24 13 24 10 18 14 15 12 9 0 0 6 12 19 29 0 0 16 0 0 0 0 0 0 9 12 15 1 19 36 0 25 1 0 13 25 45 0 0 0 0 2 0 0 0 0 0 0 0 0 0 0 0 2 0 0 0 0 0 0 0 0 0 0 0 0 0 0 0 0 0 8 2 2 1 4 3 8 3 0 0 0 0 0 0 0 0 0 0 0 13 0 0 0 0 0 0 0 0 0 0 0 0 5 0 0 0 
 0 0 2 0 0 0 0 0 0 0 0 1 0 0 0 3 0 0 2 0 55 44 146 158 147 0 203 41 34 473 86 207 25 175 66 951 271 122 190 36 66 0 62 2 3 0 139 65 2 0 0 0 34 137 68 35 34 64 6 75 3 4 4 2 0 0 2 14 2 0 2 5 3 3 0 0 3 1 12 1 0 0 0 0 0 0 0 0 0 0 0 3 0 2 0 0 0 0 0 0 7 0 0 3 23 18 0 0 0 0 2 0 0 0 0 0 0 12 0 0 30 12 23 0 0 1 5 8 0 0 0 29 20 35 9 0 0 12 13 0 0 0 0 0 0 0 0 2 0 2 8 0 0 0 0 0 0 0 0 2 0 0 0 0 0 0 4 0 0 1 0 0 0 3 0 0 0 0 6 0 0 0 0 35 31 19 11 0 0 0 1 14 0 0 0 1 0 1 0 0 79 11 0 15 16 0 0 0 0 28 13 10 20 15 19 0 16 12 48 12 0 0 0 0 0 0 0 0 0 0 0 0 0 0 0 0 0 0 0 0 0 0 0 0 0 0 0 0 0 0 0 0 0 0 14 1 1 45 1 2 1 2 0 0 0 0 0 0 0 0 0 0 0 0 0 0 0 0 0 0 0 0 0 0 0 0 0 0 0 0 
 0 4 0 0 199 0 1 0 63 74 4 22 1 0 0 0 2 95 0 2 169 291 111 170 49 203 0 218 151 45 29 47 215 81 161 234 42 93 121 136 3 1 0 0 3 0 2 0 0 0 0 0 0 0 3 0 0 7 2 0 0 0 0 2 1 5 2 2 5 0 2 0 50 0 9 0 3 0 3 0 0 10 0 0 22 27 0 0 0 0 3 9 0 0 0 17 0 24 0 0 0 1 0 38 0 16 21 29 11 34 13 0 33 1 44 18 12 17 13 16 2 0 0 0 0 0 0 16 0 0 0 0 0 0 0 0 2 0 0 0 0 1 3 0 1 0 0 0 6 0 0 0 0 0 0 0 2 0 0 0 0 0 0 11 0 26 0 0 0 0 0 0 0 0 0 5 19 20 0 0 5 1 32 10 2 0 21 0 0 35 0 8 0 0 22 14 16 0 27 8 0 0 1 0 0 0 8 0 0 0 0 0 2 0 0 0 0 0 0 0 0 9 0 0 0 0 0 0 0 0 0 0 0 0 1 0 0 0 0 0 0 0 0 0 0 0 2 2 0 73 0 0 0 0 4 0 4 82 0 0 2 0 0 0 1 0 0 0 0 0 0 0 0 0 0 0 0 0 0 18 0 0 0 0 0 27 0 0 0 0 
 0 0 2 0 74 0 0 2 1 0 68 63 0 0 0 0 0 76 0 0 239 116 105 157 159 41 218 0 193 40 97 68 181 179 231 260 145 242 118 58 3 0 0 0 3 0 2 0 0 0 0 0 0 1 5 0 1 0 64 0 0 0 0 2 0 0 2 2 0 0 2 0 0 0 0 8 3 0 4 0 0 0 0 0 41 16 0 0 0 0 12 2 0 0 2 1 0 0 0 0 0 0 37 46 29 0 40 25 0 15 21 13 14 4 9 29 1 10 1 29 0 0 0 0 0 0 13 0 0 0 0 0 1 0 0 0 0 1 0 0 0 0 0 0 0 0 0 0 0 1 0 0 0 0 0 0 0 0 0 0 0 2 0 0 0 0 0 0 0 0 12 0 0 0 0 0 0 0 0 2 9 14 9 11 0 17 18 40 1 31 9 56 0 5 18 71 21 18 0 0 0 0 0 0 1 0 9 0 0 0 0 0 0 0 0 0 0 0 0 32 0 0 0 0 0 0 0 0 0 0 0 0 0 0 0 0 0 0 0 0 0 11 0 0 0 0 0 0 0 0 0 0 0 0 4 0 0 78 0 2 1 0 1 0 0 0 0 0 0 0 0 0 0 0 0 0 0 1 0 22 0 0 0 0 0 6 17 0 0 0 
 2 2 2 2 36 2 2 2 2 2 3 78 2 2 2 4 2 2 6 3 114 48 245 184 597 34 151 193 0 306 352 44 161 125 563 54 126 179 83 146 4 0 0 0 3 2 2 0 1 1 0 0 0 1 3 0 0 2 66 0 0 0 0 2 89 0 2 2 0 0 2 0 0 0 0 3 3 0 3 0 0 0 0 0 0 8 0 0 0 0 0 9 0 0 0 0 0 0 0 0 0 6 29 26 13 18 1 12 0 35 29 0 26 10 0 12 27 0 13 7 0 0 0 0 0 0 20 0 0 0 0 0 8 1 0 0 0 0 0 14 0 0 0 0 0 0 0 0 4 0 0 0 0 0 0 0 0 0 0 0 0 0 0 0 0 0 0 0 0 0 0 0 0 0 0 0 0 0 0 0 0 0 11 25 6 11 23 10 5 39 19 18 21 0 0 24 37 15 20 4 0 0 0 0 0 0 31 0 0 0 0 0 22 0 0 0 0 0 0 9 0 0 0 0 0 0 0 0 0 0 0 0 0 0 0 0 0 0 0 0 0 0 0 0 0 0 0 0 0 0 0 1 0 0 12 1 2 1 75 0 0 0 0 0 0 0 0 0 0 0 0 0 0 0 0 0 0 0 0 0 0 0 0 0 0 0 10 0 0 0 
 2 17 4 2 2 4 92 2 2 75 33 2 2 2 2 91 2 7 16 2 33 34 148 246 181 473 45 40 306 0 87 200 356 65 109 158 275 46 86 59 4 0 0 0 3 0 6 69 0 0 0 6 4 68 3 0 0 0 68 0 0 0 0 2 0 0 2 2 0 4 2 7 0 0 0 0 3 0 10 0 0 25 15 0 0 0 0 24 0 18 0 0 0 0 0 0 16 0 0 0 30 0 0 19 2 10 0 11 1 8 30 13 0 8 0 0 12 2 0 0 0 9 2 0 0 0 10 0 0 0 0 0 25 24 21 0 0 15 0 40 0 0 0 0 0 0 0 0 0 0 0 0 0 0 12 0 0 0 0 0 0 26 0 0 2 18 0 2 0 5 26 14 0 0 0 0 0 11 8 0 21 27 0 37 20 0 0 10 18 0 28 26 0 11 8 0 0 0 0 0 16 0 0 0 0 0 3 0 0 0 0 0 30 25 45 0 0 0 10 4 0 0 0 0 0 0 0 0 0 0 0 0 0 0 0 0 0 0 0 0 0 0 2 0 0 0 0 0 0 0 0 0 0 0 6 2 0 39 159 12 0 0 0 0 0 0 0 0 0 0 0 0 0 2 0 0 0 0 0 0 0 0 0 1 0 0 0 0 0 0 
 0 0 0 0 0 0 1 2 0 0 2 0 0 0 0 3 1 0 0 0 212 60 203 253 85 86 29 97 352 87 0 128 119 102 241 466 110 120 68 59 5 0 0 0 3 0 2 62 0 4 0 0 64 0 5 0 0 0 68 2 0 0 0 2 0 0 2 2 0 0 2 0 0 0 0 2 3 0 7 0 0 0 0 0 0 0 0 1 0 0 0 0 0 0 0 0 0 0 0 0 0 5 32 4 12 32 0 0 0 0 30 16 0 0 0 14 1 23 0 0 0 0 13 0 0 0 10 0 12 0 0 12 18 12 29 0 0 0 0 1 0 0 2 0 0 0 0 0 0 0 0 0 1 0 0 0 0 0 0 0 0 2 0 0 0 0 0 0 0 0 0 0 2 0 0 0 0 0 0 0 9 33 0 0 27 15 0 19 14 44 0 39 0 0 7 10 19 37 0 0 0 0 0 0 0 0 4 0 8 0 0 0 48 23 0 0 0 0 7 11 0 0 0 0 0 0 0 0 0 0 12 0 0 0 0 0 0 0 0 0 0 0 9 0 0 2 0 0 0 0 0 0 0 0 12 0 4 1 1 2 0 0 0 0 0 0 0 0 0 0 0 2 34 0 0 0 0 0 0 0 0 0 0 0 0 0 0 0 0 0 
 0 2 0 0 1 0 0 0 0 1 0 2 0 0 0 2 0 0 3 0 37 242 110 133 57 207 47 68 44 200 128 0 39 51 327 177 419 147 142 112 23 64 0 2 3 0 2 0 0 1 0 0 2 65 128 0 0 0 198 71 0 0 0 2 0 0 2 3 0 0 3 0 0 0 0 0 3 0 5 0 0 0 0 0 0 0 0 0 0 0 0 0 0 0 0 0 0 0 0 0 0 1 17 10 78 18 0 0 0 9 12 26 0 9 0 44 0 25 0 0 0 0 0 0 0 0 21 11 0 0 0 27 34 41 12 0 15 0 18 33 0 1 0 0 0 0 0 0 0 3 1 0 0 0 0 0 0 0 0 0 0 0 0 0 0 0 0 0 14 0 0 1 5 0 0 0 1 0 0 0 0 0 36 17 46 36 2 0 40 0 9 10 0 0 13 27 0 1 0 0 1 0 1 0 0 0 0 0 1 0 0 0 30 33 2 0 3 0 19 16 0 0 0 0 0 0 0 0 0 0 13 0 0 0 1 0 0 0 0 0 0 0 1 0 0 0 0 0 0 0 0 0 0 0 8 0 0 77 0 2 17 20 0 0 0 0 0 0 0 0 0 0 0 0 0 0 0 0 0 0 0 14 0 0 0 0 0 0 0 0 
 0 0 0 0 10 0 0 74 99 34 1 2 0 0 0 145 75 0 1 0 138 117 74 58 226 25 215 181 161 356 119 39 0 376 58 56 51 139 192 36 3 0 1 1 4 0 3 0 0 2 0 0 0 0 5 1 1 7 2 0 0 0 0 2 0 4 2 2 4 0 2 0 0 0 5 0 3 0 3 0 50 9 0 0 3 20 0 0 18 0 0 14 0 0 0 23 44 17 0 1 5 27 0 0 17 1 44 1 38 1 30 0 41 14 32 20 0 4 13 0 0 0 0 0 0 0 0 15 0 0 15 0 0 2 0 0 0 0 2 6 0 0 0 0 0 0 0 0 0 0 0 0 0 0 0 0 0 3 0 0 0 13 18 15 0 13 0 0 29 43 9 0 0 0 0 14 13 13 0 0 14 14 0 0 1 0 0 18 23 32 18 13 1 8 86 34 10 37 24 58 0 0 0 0 0 0 0 0 0 0 0 0 0 0 0 0 0 0 22 9 0 0 0 0 0 0 0 0 0 0 2 0 0 0 0 0 1 0 0 0 0 0 0 0 0 0 0 0 0 73 0 0 0 0 5 1 0 167 5 0 0 0 0 0 0 0 0 0 52 0 0 0 0 0 0 0 0 0 0 19 0 0 0 0 0 22 0 0 0 0 
 0 0 0 41 0 154 0 0 0 0 1 0 0 0 0 0 6 0 5 2 230 212 205 67 61 175 81 179 125 65 102 51 376 0 68 49 52 30 188 525 10 0 0 0 3 1 2 0 0 3 0 64 0 0 3 0 1 0 2 0 0 0 0 2 50 0 2 2 0 0 3 0 0 0 1 0 4 0 2 0 0 2 0 1 15 45 0 0 0 0 19 13 0 0 0 2 0 0 0 0 20 36 26 28 19 16 24 21 0 12 43 0 10 21 10 9 21 6 1 22 0 0 0 0 0 0 0 0 0 0 0 0 1 0 0 0 0 0 0 0 0 0 0 0 0 0 0 0 2 0 0 0 0 0 0 0 7 0 0 0 0 0 0 0 13 0 0 0 0 0 0 0 0 0 0 0 0 0 0 0 19 31 26 12 37 0 15 18 5 42 0 0 22 7 3 8 6 0 0 0 1 1 0 0 0 0 17 0 0 0 0 0 0 0 0 1 22 0 19 0 0 0 0 0 0 0 0 27 0 0 0 0 0 0 0 1 0 0 0 0 0 0 18 0 0 0 0 0 0 0 0 0 0 0 3 0 0 8 0 2 0 0 0 0 0 0 8 0 0 0 0 0 0 0 0 0 2 0 0 0 0 0 0 0 0 0 0 0 0 0 
 0 0 41 1 83 76 0 1 0 0 2 60 74 0 0 3 0 0 5 0 141 214 218 109 168 66 161 231 563 109 241 327 58 68 0 139 134 152 72 178 4 0 0 0 3 0 2 0 0 0 2 0 1 0 5 0 0 0 6 1 0 0 0 2 0 0 2 2 0 0 2 0 0 0 0 35 3 0 3 42 0 0 0 0 0 2 0 0 0 0 7 0 0 0 0 2 0 0 0 0 12 18 0 22 21 31 19 0 28 9 0 28 9 11 20 37 28 49 10 1 0 0 0 0 0 0 14 0 0 0 0 0 4 11 0 0 14 0 1 18 0 0 2 0 0 0 0 0 6 0 0 1 0 0 0 0 0 0 0 0 0 0 0 0 0 2 0 0 0 0 0 1 0 0 0 0 0 0 0 0 6 0 53 0 21 9 19 39 9 0 1 12 0 19 0 12 0 20 37 35 1 2 0 0 0 0 30 0 1 0 0 0 12 13 0 0 0 0 0 25 0 0 0 0 0 0 0 2 0 25 0 0 0 0 0 0 0 0 0 0 0 11 0 0 0 0 4 0 0 0 0 0 0 0 11 2 2 2 1 0 1 0 0 0 0 0 0 0 0 0 0 0 0 0 0 2 0 0 0 0 0 0 0 0 1 0 12 0 0 0 
 0 0 2 1 0 2 0 0 0 0 1 209 0 0 0 0 0 1 0 1 420 392 538 131 377 951 234 260 54 158 466 177 56 49 139 0 98 42 30 64 100 0 2 0 3 0 2 3 0 6 0 0 63 0 5 0 0 0 2 8 0 0 0 2 0 0 2 2 0 0 2 0 0 0 0 0 52 3 7 0 0 0 0 0 0 0 0 0 0 0 0 0 0 0 0 2 0 0 0 0 9 36 23 25 30 16 0 0 47 0 79 18 14 0 18 48 8 39 0 1 0 0 0 0 17 0 27 0 0 1 0 0 14 12 20 0 0 0 1 43 0 26 0 0 1 0 0 0 2 0 0 1 0 0 0 0 0 0 0 0 0 0 0 0 0 2 0 0 0 0 0 0 0 0 0 0 0 0 0 0 0 14 16 33 46 4 0 0 10 14 26 36 0 3 0 15 32 36 0 50 1 2 0 0 0 0 34 0 1 0 16 0 20 22 0 0 0 0 0 10 0 0 0 0 0 0 0 2 0 0 0 0 0 0 0 0 0 0 0 0 0 0 15 0 0 0 0 0 0 0 0 0 0 0 11 2 0 149 75 2 3 1 0 0 0 0 0 0 0 0 0 0 0 85 0 0 0 0 0 19 0 12 0 0 0 9 0 0 0 0 
 0 1 2 0 57 71 0 64 0 0 0 0 0 0 0 0 0 1 0 0 325 122 323 144 128 271 42 145 126 275 110 419 51 52 134 98 0 251 42 127 8 4 62 0 3 0 2 62 0 0 0 0 127 1 5 0 0 0 3 1 0 0 0 2 0 0 2 2 0 0 2 0 0 0 0 11 3 0 3 0 0 0 0 0 0 0 0 0 0 0 0 0 0 0 2 0 0 0 0 0 0 0 23 20 13 0 18 18 0 12 2 27 0 57 0 52 2 21 0 0 0 0 13 0 0 0 30 19 0 0 0 0 18 1 36 0 4 1 0 0 0 0 0 0 0 0 0 0 0 4 0 0 0 0 0 0 0 0 0 0 0 0 0 0 0 0 0 0 0 0 0 0 0 0 2 0 0 0 0 2 17 6 21 9 20 20 12 15 10 14 15 20 0 9 20 31 10 0 0 0 0 0 0 0 1 28 9 0 8 0 0 0 20 25 0 2 0 0 7 33 0 0 0 0 0 0 0 0 0 0 0 0 0 0 0 0 0 0 11 0 0 0 0 0 0 0 0 0 0 0 0 0 0 0 6 1 3 74 0 1 0 9 0 0 0 36 0 0 0 0 0 0 0 0 0 0 0 1 0 18 0 35 0 0 0 9 20 0 0 0 
 0 3 3 0 0 0 0 0 0 0 0 1 0 0 0 0 0 0 0 0 75 76 198 151 188 122 93 242 179 46 120 147 139 30 152 42 251 0 31 107 3 0 0 0 3 0 2 0 0 0 0 0 68 0 5 0 0 0 112 23 0 0 0 2 0 0 2 2 0 0 3 0 0 0 0 3 3 0 2 0 0 0 1 0 0 0 0 0 0 0 0 0 0 0 0 0 0 0 0 0 0 0 19 46 33 39 10 6 0 0 7 0 0 7 0 51 0 51 0 0 2 9 0 0 0 0 11 11 0 0 0 0 12 28 25 0 21 16 1 24 0 1 0 0 1 0 0 0 0 4 0 0 0 0 0 0 2 0 0 0 0 0 0 0 0 0 0 0 0 0 0 0 8 0 0 0 0 0 0 0 18 0 21 20 9 33 7 13 0 12 26 22 0 6 0 0 2 0 0 0 0 0 0 0 0 0 10 0 0 0 0 0 24 8 8 1 3 0 1 14 0 0 0 0 0 0 0 0 0 10 0 0 0 0 0 0 0 0 0 0 0 0 0 0 0 0 0 0 0 0 0 0 0 0 4 3 0 1 74 0 2 18 0 0 0 0 0 0 0 0 0 0 0 0 0 0 0 0 0 0 0 2 0 0 0 0 12 0 0 0 
 0 78 75 174 166 153 0 74 79 1 23 76 1 0 0 76 82 150 0 0 244 240 50 81 84 190 121 118 83 86 68 142 192 188 72 30 42 31 0 277 5 0 0 3 5 2 2 2 0 3 0 0 0 0 4 0 2 5 8 0 0 3 3 7 2 6 2 6 36 0 5 2 0 2 3 0 6 0 57 1 14 10 0 0 59 52 11 0 19 27 37 0 0 0 0 0 14 0 0 0 1 0 9 19 0 0 13 19 0 0 0 0 1 20 14 0 0 0 6 32 0 0 0 0 0 0 0 0 0 0 0 0 0 0 0 0 0 0 0 0 0 0 8 0 0 0 0 5 0 0 0 0 2 0 0 0 0 0 0 0 2 0 0 26 19 0 0 0 9 0 23 0 0 0 0 27 22 22 0 0 0 1 6 18 0 0 21 30 0 20 0 0 14 2 5 0 0 2 0 0 0 0 0 12 0 0 0 0 2 0 0 0 0 0 0 0 22 0 0 0 0 0 0 0 0 0 0 0 0 0 0 0 0 0 0 0 0 0 0 0 0 9 0 0 0 0 77 0 0 79 0 0 1 0 9 0 1 0 0 4 0 0 0 0 0 0 0 0 0 1 0 0 0 0 0 39 0 0 0 0 0 0 0 0 0 0 0 0 0 0 
 0 1 1 35 0 74 0 0 0 0 1 78 0 0 1 0 0 0 6 1 79 70 64 53 56 36 136 58 146 59 59 112 36 525 178 64 127 107 277 0 9 0 4 0 3 0 2 0 4 0 0 0 0 0 5 0 0 0 2 0 0 0 0 2 0 0 2 2 0 0 3 0 0 0 0 0 4 0 2 0 0 0 0 0 16 20 0 0 0 0 11 1 0 0 0 0 0 0 0 0 12 16 12 1 10 0 15 25 9 27 0 13 26 20 17 11 2 12 0 37 0 0 0 0 0 0 0 0 0 0 0 0 7 0 0 0 0 0 0 0 0 0 8 1 1 2 0 6 6 0 1 2 1 0 0 1 0 1 0 0 0 2 0 0 27 0 0 0 0 0 0 0 0 0 0 13 0 0 0 0 7 26 40 2 0 0 12 17 0 14 1 0 0 0 0 29 15 0 1 1 0 0 0 0 0 1 0 0 0 0 0 0 0 0 11 0 17 0 0 0 1 3 0 0 2 2 0 0 2 1 2 0 2 0 1 1 0 1 0 0 0 0 14 0 0 0 21 0 0 0 0 0 0 0 12 0 0 0 0 2 2 0 0 0 0 0 0 0 0 0 0 0 0 0 0 5 0 0 0 0 0 12 0 0 0 0 0 0 2 0 
 0 0 3 2 0 0 0 0 4 0 0 12 0 0 0 2 0 0 66 0 3 3 3 6 66 66 3 3 4 4 5 23 3 10 4 100 8 3 5 9 0 189 266 40 38 42 99 48 129 73 40 41 189 149 114 52 395 251 538 272 0 0 0 3 5 0 0 0 0 1 0 23 0 0 4 0 0 0 0 0 0 0 0 0 0 0 0 0 0 0 0 0 0 0 0 0 0 0 6 0 0 3 4 0 16 0 0 0 0 0 0 12 0 0 0 5 0 4 0 0 3 0 0 19 1 56 0 0 94 6 11 0 0 0 0 11 0 42 0 0 0 0 0 0 17 5 0 0 0 0 0 0 0 0 0 0 0 0 0 0 0 0 0 0 0 0 3 0 0 0 0 0 0 4 0 0 0 0 15 6 8 4 43 0 3 10 0 0 0 0 0 0 0 0 0 14 0 0 0 0 7 7 18 0 0 0 3 9 1 13 1 0 0 0 13 0 0 22 1 0 0 0 0 8 0 0 0 0 0 0 0 0 0 0 0 0 0 0 10 0 0 2 12 0 0 0 0 0 0 0 0 1 0 0 0 0 0 1 0 1 0 0 68 0 0 3 1 0 0 0 0 0 0 0 0 0 0 0 0 0 0 5 0 0 7 0 0 0 0 0 
 0 0 0 0 0 2 0 1 0 0 0 0 0 0 0 0 0 0 0 0 0 4 0 0 62 0 1 0 0 0 0 64 0 0 0 0 4 0 0 0 189 0 193 228 90 39 135 159 127 90 135 105 120 366 148 252 132 49 54 37 0 0 0 3 2 0 3 4 0 39 0 0 0 0 0 0 0 0 0 0 0 0 0 0 0 0 0 0 0 0 0 0 0 10 0 0 0 0 0 0 4 0 0 0 0 0 0 10 0 7 0 1 0 6 0 0 6 0 0 0 0 5 0 43 25 22 0 0 53 20 1 0 0 0 0 50 6 0 14 0 29 22 0 0 22 4 0 0 0 0 0 9 0 4 0 10 9 0 3 0 0 0 0 0 0 13 0 6 0 0 0 5 0 0 0 0 0 0 0 0 0 0 0 1 0 0 10 0 5 0 0 0 0 4 5 1 0 0 0 0 11 21 16 0 0 3 10 13 5 0 0 5 0 13 5 0 14 9 0 3 1 11 0 0 0 0 0 0 0 0 0 0 0 0 0 0 9 0 1 0 0 1 0 0 0 0 0 0 0 26 0 3 0 2 0 0 0 0 0 20 0 0 5 0 1 3 0 0 0 0 0 0 0 0 0 0 0 0 0 0 0 2 0 0 7 12 0 0 2 0 
 0 0 0 1 0 0 0 0 6 3 0 2 0 0 0 3 0 0 2 0 0 0 0 0 0 62 0 0 0 0 0 0 1 0 0 2 62 0 0 4 266 193 0 201 186 72 112 162 193 251 100 40 79 151 117 128 223 61 62 120 0 0 49 0 4 0 8 2 0 7 0 0 0 12 4 0 0 0 0 0 0 0 0 0 0 0 0 0 0 0 0 0 0 0 0 0 0 0 0 0 0 0 0 0 0 0 0 0 0 0 0 0 0 0 0 0 0 0 0 0 0 3 6 50 12 46 0 41 23 10 16 13 0 0 0 8 23 22 0 0 5 11 0 0 0 3 12 12 0 0 0 3 25 9 9 0 8 0 4 11 0 0 0 0 0 0 10 0 0 0 0 1 0 0 0 11 0 0 3 0 0 0 0 0 0 0 0 0 0 0 0 0 0 0 0 0 0 0 0 0 9 2 27 20 26 0 9 0 3 10 29 7 0 10 0 0 15 2 0 0 9 0 0 1 0 0 0 0 0 0 0 0 0 23 0 0 17 0 3 14 0 0 0 0 0 0 0 0 0 0 0 6 0 0 0 0 0 0 0 4 0 2 33 0 2 68 0 0 2 0 0 0 0 0 0 0 0 0 0 0 0 0 4 0 9 1 0 0 0 0 
 0 0 0 0 0 0 0 1 0 0 0 0 0 0 0 0 0 0 0 0 0 1 0 1 0 2 0 0 0 0 0 2 1 0 0 0 0 0 3 0 40 228 201 0 247 41 183 138 163 67 137 38 69 160 71 62 36 156 259 79 2 0 11 0 3 5 58 8 0 2 0 10 3 25 53 0 1 8 3 0 0 0 0 0 0 1 0 0 0 0 0 11 0 0 0 0 0 0 15 0 0 0 0 0 0 0 11 0 0 0 0 0 0 0 0 0 0 0 0 0 0 18 0 23 46 0 0 7 2 13 9 21 0 0 0 18 10 0 0 0 24 57 0 2 5 0 2 0 18 0 20 3 0 0 0 0 1 9 19 12 0 0 0 0 0 24 0 7 8 0 0 0 0 0 0 0 0 0 0 0 0 0 0 0 0 0 0 0 0 0 0 0 0 0 0 0 0 0 0 0 1 17 0 18 20 19 9 0 0 0 17 39 0 13 0 12 9 0 0 0 9 0 34 0 0 13 0 0 0 0 0 0 0 0 10 0 41 0 10 28 0 3 0 0 0 0 0 0 0 0 0 0 0 5 0 0 0 0 0 12 0 1 3 0 1 2 8 0 0 7 18 0 0 0 0 1 0 0 0 0 0 0 0 0 0 11 1 0 0 0 
 0 0 2 0 0 0 0 0 0 0 0 0 2 0 0 0 2 0 0 15 3 3 3 3 3 3 3 3 3 3 3 3 4 3 3 3 3 3 5 3 38 90 186 247 0 189 269 63 197 151 266 180 92 360 95 82 42 261 261 91 3 5 13 0 3 0 53 0 0 22 0 2 0 58 0 0 0 2 50 49 0 0 0 15 0 0 0 0 8 0 0 0 0 0 0 0 0 0 0 0 0 0 0 0 0 10 0 0 0 0 0 0 0 0 0 19 0 0 18 0 0 0 0 19 36 0 0 0 14 0 26 0 0 0 0 14 0 1 0 0 3 0 0 17 20 0 11 0 0 8 10 15 0 0 0 0 1 0 0 52 19 0 0 0 0 0 0 0 0 0 3 0 0 0 0 17 0 0 0 0 0 0 0 0 0 0 0 0 0 0 0 0 0 0 0 0 0 0 0 0 10 0 8 0 0 0 0 1 0 0 0 7 0 0 0 9 0 0 0 0 41 0 18 11 0 2 11 0 0 0 0 6 9 1 38 0 0 0 23 1 10 0 0 0 0 60 0 0 0 0 0 8 0 0 0 0 0 0 0 1 7 0 65 8 2 0 7 0 0 0 0 0 0 0 0 1 0 0 0 0 0 0 0 0 21 0 0 14 0 0 
 0 0 0 4 0 0 0 2 0 6 0 0 0 0 0 0 0 0 0 0 0 0 0 0 17 0 0 0 2 0 0 0 0 1 0 0 0 0 2 0 42 39 72 41 189 0 29 44 97 65 73 68 29 46 64 144 69 43 54 55 8 7 4 0 2 0 0 23 144 1 51 5 3 25 51 0 0 8 124 0 27 0 0 0 0 0 0 0 0 0 0 0 0 0 0 0 0 0 0 0 0 0 0 0 0 0 0 0 0 0 0 0 0 0 0 0 0 0 0 0 0 0 0 0 3 15 0 0 19 0 0 0 0 0 0 0 11 0 0 0 13 0 30 3 20 0 2 0 0 2 19 15 14 6 0 0 8 0 18 0 0 0 0 0 0 0 0 5 0 0 6 8 0 0 0 6 0 0 0 0 0 0 0 0 0 0 0 0 0 0 0 0 0 0 0 0 22 0 0 0 0 19 4 4 0 8 0 14 0 0 0 0 11 0 0 5 0 0 0 0 31 27 0 13 0 26 9 24 0 10 1 23 20 19 24 7 18 5 0 20 7 0 0 0 0 0 0 0 0 0 0 4 0 0 0 0 0 0 0 0 0 0 0 1 5 8 6 0 0 0 7 0 0 0 0 0 0 0 0 0 0 0 0 0 0 0 0 0 0 0 
 0 0 0 0 0 0 0 0 45 0 0 0 0 0 0 0 0 0 2 0 2 3 2 2 96 139 2 2 2 6 2 2 3 2 2 2 2 2 2 2 99 135 112 183 269 29 0 107 80 100 127 40 205 215 53 122 100 31 340 70 0 0 1 0 0 0 18 50 2 0 0 1 0 0 0 0 0 2 0 2 0 0 0 0 0 14 0 0 0 0 0 0 6 0 0 0 0 0 0 0 0 0 0 0 1 0 0 0 0 0 0 0 0 0 0 0 6 0 0 0 14 43 17 2 0 11 1 9 11 26 10 30 0 19 4 16 7 0 40 11 0 0 0 0 2 0 0 0 0 0 0 0 0 18 0 0 0 0 0 0 0 0 0 0 0 0 1 0 0 0 0 0 0 0 0 0 0 0 1 0 0 0 0 0 0 1 0 0 0 0 0 0 0 0 0 0 0 0 0 0 23 15 3 9 8 4 7 9 78 10 31 12 18 15 12 0 44 26 0 20 0 0 0 0 0 0 0 0 0 0 0 0 0 0 0 0 0 0 57 0 0 0 0 0 0 0 0 0 0 0 0 11 0 2 0 0 0 0 0 2 0 0 2 0 0 4 1 9 0 0 0 0 0 0 0 0 0 0 0 0 0 0 0 0 8 0 0 0 2 0 
 4 7 0 2 0 0 7 1 0 0 0 0 0 0 4 0 0 0 4 0 0 0 0 0 63 65 0 0 0 69 62 0 0 0 0 3 62 0 2 0 48 159 162 138 63 44 107 0 210 35 69 180 222 233 136 98 50 317 146 131 0 0 0 2 0 0 1 0 0 0 0 1 0 0 0 0 0 0 0 0 0 4 8 0 0 0 6 0 0 4 0 0 8 0 0 0 6 0 0 4 0 0 0 10 0 0 0 0 0 0 12 22 0 0 0 0 0 0 0 0 10 11 19 32 14 0 0 2 15 10 0 4 6 8 1 20 0 13 0 10 0 0 0 0 0 0 0 0 7 0 0 27 8 0 13 0 17 0 0 0 0 0 0 0 4 0 0 5 6 0 0 12 0 0 25 0 0 4 4 4 0 0 0 10 0 0 0 0 0 0 0 0 0 0 0 0 0 0 0 0 14 0 36 9 14 10 11 0 6 15 24 0 12 0 12 25 0 0 30 0 37 0 0 0 0 0 0 0 0 0 2 0 10 1 0 0 0 0 2 0 0 0 0 0 0 0 0 0 0 25 0 16 0 2 0 0 0 62 0 0 0 0 79 0 42 2 4 0 0 0 0 0 0 0 0 0 0 0 0 0 0 0 0 0 11 0 0 0 2 0 
 0 0 0 0 0 0 0 0 2 3 0 0 0 0 0 2 0 0 3 1 0 2 0 0 0 2 0 0 1 0 0 0 0 0 0 0 0 0 0 4 129 127 193 163 197 97 80 210 0 164 110 49 300 117 410 469 42 123 530 67 0 0 0 0 2 0 6 7 0 0 0 0 0 5 0 0 0 54 50 51 0 0 0 0 0 0 0 0 0 0 0 11 2 0 0 0 0 0 0 0 6 0 2 0 0 0 0 0 0 0 0 0 0 0 0 0 0 0 0 0 0 13 0 34 21 26 12 0 45 0 0 9 0 0 6 24 35 0 0 0 2 15 0 0 11 4 17 0 0 0 0 6 0 0 13 0 26 0 29 61 0 0 0 0 0 0 0 3 0 0 2 7 0 0 0 3 0 0 0 0 0 0 0 0 0 0 0 0 0 0 0 0 0 0 0 0 0 0 0 0 29 6 27 12 0 0 1 11 0 0 11 1 0 0 0 29 0 0 0 0 25 0 0 0 0 0 0 0 0 0 3 0 26 0 0 0 0 0 0 0 0 0 1 0 0 1 0 0 0 0 0 7 0 0 0 0 0 0 2 2 0 0 17 0 67 11 0 2 0 0 0 0 0 0 0 0 0 0 0 0 0 0 0 0 19 13 0 15 0 0 
 3 2 3 2 3 3 2 2 2 2 3 3 3 2 2 3 2 3 3 25 0 0 43 0 2 0 0 0 1 0 4 1 2 3 0 6 0 0 3 0 73 90 251 67 151 65 100 35 164 0 122 112 126 260 126 156 364 55 75 109 0 1 0 0 0 0 22 0 0 60 0 1 53 22 0 0 0 0 0 1 0 0 0 0 0 0 0 0 0 0 0 0 0 0 0 0 0 0 0 0 0 7 3 0 0 43 0 0 0 0 9 0 0 0 0 0 0 2 0 0 10 0 0 6 14 31 3 0 32 6 40 9 2 0 0 23 4 26 0 0 11 8 0 0 0 5 18 0 0 0 0 0 0 1 20 0 0 0 0 18 0 0 0 0 5 0 0 0 0 0 0 0 0 0 0 3 0 0 0 0 6 23 0 0 4 1 0 0 0 0 2 16 0 0 0 0 7 5 0 0 7 6 17 0 0 0 13 9 4 1 1 7 3 0 0 0 12 28 0 0 0 0 1 0 0 0 10 0 0 0 0 0 0 0 20 0 0 0 38 0 0 14 10 0 0 0 0 0 0 0 0 2 0 0 0 0 0 0 2 11 0 0 69 67 1 0 0 64 3 0 0 0 0 0 0 0 0 0 0 0 0 0 0 0 7 16 0 0 0 0 
 0 0 1 0 0 0 0 0 0 0 0 0 0 0 0 0 0 0 2 20 0 0 66 0 0 0 0 0 0 0 0 0 0 0 2 0 0 0 0 0 40 135 100 137 266 73 127 69 110 122 0 204 115 160 69 74 311 250 50 43 0 0 0 0 0 0 21 0 0 49 0 0 50 22 51 0 0 0 2 0 0 0 0 0 0 0 0 0 0 0 0 0 0 0 0 0 0 0 0 0 0 0 0 0 0 0 0 0 3 0 0 0 0 0 0 0 0 0 0 0 1 1 0 11 44 0 0 0 35 0 35 40 0 0 0 36 0 0 0 0 7 6 0 0 0 0 8 0 20 0 20 4 0 1 0 0 0 19 0 23 0 0 7 0 6 0 0 4 0 0 0 0 0 0 0 4 0 0 0 0 0 0 0 0 0 0 0 0 0 0 0 12 0 0 0 0 0 0 0 0 7 0 0 0 5 0 0 0 37 0 0 51 0 0 0 15 13 0 0 0 11 0 24 0 0 0 9 0 0 0 0 0 0 0 21 0 0 0 45 21 0 0 7 0 0 0 0 0 0 0 0 20 0 1 0 0 0 0 0 1 0 0 72 67 0 5 2 72 0 0 0 0 0 0 0 0 0 0 0 0 0 0 0 0 24 0 0 0 0 0 
 0 0 0 3 0 0 0 0 0 0 0 2 0 0 0 0 0 0 3 0 0 0 0 0 1 0 0 0 0 6 0 0 0 64 0 0 0 0 0 0 41 105 40 38 180 68 40 180 49 112 204 0 65 41 47 72 89 285 46 260 0 5 1 0 2 0 103 1 51 6 0 1 30 49 1 0 0 1 0 105 0 0 0 0 0 0 0 0 0 0 0 0 0 0 0 0 0 0 0 0 0 0 0 0 0 0 0 0 0 0 0 0 0 0 0 0 0 0 0 0 0 0 0 40 34 8 0 0 0 0 34 31 0 0 0 12 0 0 0 0 3 23 0 0 4 0 36 26 19 0 0 5 0 17 20 0 28 0 0 11 0 0 0 0 5 0 0 0 0 0 0 0 0 0 0 0 0 0 0 0 0 0 0 0 0 0 0 0 0 0 0 0 0 0 0 7 0 0 0 0 0 0 0 19 41 12 0 0 0 12 50 0 0 0 0 19 0 0 0 0 13 0 12 7 0 1 4 6 19 0 9 0 1 0 31 0 0 0 31 21 0 0 0 0 0 0 0 0 0 0 0 17 0 0 0 0 0 0 0 15 0 0 4 34 63 5 0 0 2 0 14 0 0 0 0 0 0 0 0 0 0 0 0 0 28 15 0 10 0 0 
 0 0 3 0 0 0 0 0 0 63 0 2 5 0 0 0 0 0 0 0 21 0 3 69 0 34 0 0 0 4 64 2 0 0 1 63 127 68 0 0 189 120 79 69 92 29 205 222 300 126 115 65 0 293 152 109 45 29 197 493 0 0 0 0 0 0 0 0 0 0 0 0 0 0 0 0 0 0 0 0 1 0 0 0 0 0 0 0 0 0 0 0 0 0 0 0 0 0 0 0 10 11 13 0 1 14 0 0 0 0 0 28 0 0 0 23 10 13 0 0 3 17 9 14 0 0 5 0 34 24 10 0 26 15 40 0 8 13 28 7 0 0 0 0 0 0 0 0 0 2 0 0 0 0 0 0 0 0 0 0 0 0 0 0 0 0 0 0 0 0 0 0 8 0 9 0 0 0 0 0 0 0 0 14 2 24 0 0 0 0 21 29 0 0 0 0 0 0 0 0 22 9 14 0 0 0 8 23 15 0 1 0 0 0 24 0 0 17 14 12 0 0 0 0 0 0 0 0 0 0 0 0 0 0 0 0 1 7 0 0 0 0 0 0 0 0 0 0 0 0 0 7 2 0 0 0 0 2 65 0 8 0 2 0 0 6 0 0 2 0 0 0 0 0 0 0 0 0 0 0 0 18 0 0 0 0 0 0 0 0 
 3 3 3 4 3 3 3 3 3 3 3 3 5 3 3 3 3 3 5 3 0 0 0 0 1 137 0 1 1 68 0 65 0 0 0 0 1 0 0 0 149 366 151 160 360 46 215 233 117 260 160 41 293 0 238 51 113 312 129 314 5 0 3 0 3 0 1 0 0 1 0 0 0 8 0 0 0 54 0 0 0 0 0 0 0 0 0 0 0 0 0 0 0 0 0 0 0 0 0 0 0 26 1 0 11 0 0 0 0 0 0 8 0 0 0 0 0 0 0 0 6 44 0 23 0 43 10 10 23 35 10 37 8 15 0 15 10 0 0 16 0 0 0 0 0 4 9 4 0 0 0 26 16 29 0 0 0 0 16 20 0 0 0 0 0 0 2 0 8 0 0 0 0 0 0 0 0 0 1 0 0 0 0 35 9 8 0 0 19 0 0 0 0 0 0 0 0 0 0 0 3 0 24 10 10 0 7 0 16 0 7 10 4 41 0 0 20 0 9 0 1 0 0 0 0 0 0 0 0 0 0 0 0 0 0 0 4 11 0 0 0 0 9 0 0 0 2 0 0 0 0 20 0 1 0 2 0 0 0 3 0 0 9 2 0 3 0 1 2 0 0 0 0 0 0 0 0 0 0 0 0 0 0 0 2 0 0 0 1 0 
 1 2 0 2 1 2 1 2 0 2 0 3 1 0 0 2 0 0 0 0 3 5 4 6 68 68 3 5 3 3 5 128 5 3 5 5 5 5 4 5 114 148 117 71 95 64 53 136 410 126 69 47 152 238 0 90 120 257 367 154 33 0 1 0 0 0 0 0 0 0 0 0 1 10 0 0 3 4 0 0 0 0 0 0 0 0 0 0 0 0 0 0 0 0 0 0 0 0 0 0 0 0 0 0 1 0 0 0 0 0 15 0 0 0 0 0 0 0 0 0 0 14 51 15 1 24 0 0 21 19 3 0 10 6 0 11 0 24 24 8 6 0 0 0 0 4 5 7 0 0 7 0 1 0 0 0 0 0 41 0 0 0 0 0 0 0 0 0 0 0 0 15 0 0 0 0 0 0 0 0 0 0 0 1 1 1 5 0 0 0 0 0 0 0 0 0 0 0 0 0 27 7 19 0 0 0 11 29 14 0 0 0 0 0 20 0 0 10 11 9 0 0 0 0 0 0 8 0 0 0 0 0 0 0 0 0 38 6 0 0 0 0 0 0 0 0 0 0 0 2 0 8 0 0 0 0 0 1 2 1 0 0 69 0 0 0 0 1 0 0 0 0 0 0 0 0 0 0 0 0 0 0 0 0 7 0 0 0 0 0 
 1 0 2 0 0 1 0 1 0 0 0 1 2 0 0 0 0 0 62 0 0 0 0 0 0 35 0 0 0 0 0 0 1 0 0 0 0 0 0 0 52 252 128 62 82 144 122 98 469 156 74 72 109 51 90 0 92 235 43 158 0 0 2 0 0 0 3 7 0 0 0 3 0 9 1 0 0 0 0 0 0 0 0 0 0 0 0 0 0 0 0 0 0 0 0 0 0 0 0 0 0 0 0 0 0 0 0 0 0 0 0 0 0 0 0 0 0 0 0 5 3 24 4 17 14 29 0 1 34 18 15 0 0 0 0 13 17 11 11 2 16 17 0 0 12 0 0 0 0 0 0 0 0 0 0 0 8 0 23 16 0 0 0 0 0 4 0 4 6 0 4 6 0 0 0 0 0 12 0 0 0 0 0 1 0 0 0 0 0 0 11 0 0 0 0 0 0 0 0 0 0 54 21 0 0 7 0 4 13 22 0 7 0 0 0 12 14 9 0 3 23 0 0 8 0 0 0 5 0 0 0 0 12 0 0 0 0 0 10 0 0 0 0 0 0 0 0 0 0 0 0 21 0 8 0 0 0 0 0 19 0 0 0 0 0 7 2 0 2 0 21 0 0 0 0 0 0 0 0 0 0 0 0 0 0 8 0 0 0 0 
 6 11 2 2 2 3 8 2 2 6 2 3 2 2 7 2 2 4 7 2 0 0 2 2 0 34 0 1 0 0 0 0 1 1 0 0 0 0 2 0 395 132 223 36 42 69 100 50 42 364 311 89 45 113 120 92 0 83 43 40 0 0 0 1 2 0 0 3 0 6 0 2 0 0 0 0 0 0 0 0 0 5 10 0 0 0 7 0 0 5 0 0 8 0 0 0 7 0 0 3 0 0 0 0 0 0 0 0 0 0 0 0 0 0 0 0 0 0 0 0 23 16 18 14 11 43 0 20 1 9 7 20 0 0 0 0 6 25 0 13 1 11 0 0 0 5 8 11 0 0 0 0 12 8 0 0 10 0 1 3 0 0 0 0 4 0 5 5 7 0 0 30 0 14 10 0 0 5 35 3 0 0 0 0 0 0 0 0 0 0 0 0 0 0 0 0 0 0 0 0 0 1 10 35 31 10 0 12 6 32 18 0 0 0 25 10 0 9 0 0 0 0 0 1 0 0 0 0 0 0 0 0 10 2 0 0 0 0 24 22 0 0 0 0 0 0 0 0 0 0 0 12 0 2 0 0 0 0 0 1 0 0 11 0 2 1 2 0 1 0 0 0 0 0 0 0 0 0 0 0 0 0 0 0 0 0 0 0 1 0 
 0 0 0 0 10 0 8 3 6 11 2 0 0 0 0 0 2 7 0 2 0 0 0 0 0 64 7 0 2 0 0 0 7 0 0 0 0 0 5 0 251 49 61 156 261 43 31 317 123 55 250 285 29 312 257 235 83 0 46 30 0 0 0 0 197 55 6 5 0 0 0 0 0 7 0 0 0 0 0 51 1 0 0 0 4 3 0 0 1 0 3 1 0 0 0 7 0 5 0 0 0 0 0 0 0 0 5 13 0 0 16 0 1 0 3 0 0 0 6 6 8 34 12 10 0 1 0 3 35 22 0 23 0 0 0 22 26 0 7 9 25 0 0 0 17 0 7 0 0 0 0 0 0 0 12 0 14 0 7 32 0 8 1 0 0 10 0 6 0 0 0 6 12 0 0 0 0 0 0 0 0 0 0 0 1 0 8 0 0 21 0 0 0 0 0 0 0 0 0 0 0 24 0 11 0 3 37 41 7 5 10 10 0 12 0 0 15 0 0 0 26 0 0 0 0 0 0 0 0 0 3 0 0 0 0 0 0 0 0 0 0 0 38 0 0 0 0 0 0 0 0 1 0 2 0 0 0 0 0 22 69 1 2 2 70 1 3 0 0 0 0 0 0 0 0 0 0 0 0 0 0 0 0 0 12 23 0 12 1 0 
 11 0 3 6 0 0 0 5 0 62 65 6 0 5 0 4 2 0 2 0 2 2 2 4 32 6 2 64 66 68 68 198 2 2 6 2 3 112 8 2 538 54 62 259 261 54 340 146 530 75 50 46 197 129 367 43 43 46 0 160 0 0 0 0 0 0 0 0 0 0 0 3 0 0 0 5 0 0 0 0 17 0 14 4 0 0 0 8 0 0 0 0 0 4 6 0 0 0 0 6 0 0 0 0 0 65 0 0 0 0 0 17 2 0 0 26 0 0 0 0 10 1 26 13 0 0 0 11 0 9 0 0 51 13 0 0 8 8 6 38 0 0 0 0 0 0 0 0 0 0 0 0 0 0 0 0 0 0 0 0 0 0 0 0 0 0 1 3 0 34 2 0 0 7 0 5 2 0 5 3 0 0 0 0 10 0 0 0 20 0 0 0 0 0 0 0 0 0 0 0 0 0 12 0 0 0 51 15 0 25 10 0 28 27 27 0 19 21 8 0 0 0 0 0 0 0 0 0 0 0 0 0 0 0 0 0 0 0 0 0 0 0 0 0 0 0 4 0 0 0 0 3 0 0 0 0 0 0 0 0 0 16 1 0 2 2 1 3 1 0 0 0 0 0 0 0 0 0 0 0 0 0 0 0 0 0 0 0 0 0 
 0 0 0 0 0 0 0 2 0 8 0 1 0 0 0 0 0 0 6 0 0 0 62 0 0 75 0 0 0 0 2 71 0 0 1 8 1 23 0 0 272 37 120 79 91 55 70 131 67 109 43 260 493 314 154 158 40 30 160 0 0 202 0 0 1 0 0 0 0 0 0 0 0 0 0 0 0 0 1 0 0 0 0 0 0 0 0 0 0 1 2 0 0 0 0 0 0 0 0 0 14 0 13 0 19 15 0 0 0 0 0 1 18 0 0 13 0 18 0 0 8 11 20 6 0 7 0 0 11 34 11 0 14 27 24 0 0 12 33 32 0 0 0 0 0 4 0 0 0 0 0 0 1 0 0 0 0 0 0 26 0 0 0 0 0 0 0 0 0 0 0 0 6 0 0 0 0 0 0 0 0 0 12 0 0 3 0 0 0 0 0 0 0 0 0 0 0 0 0 0 43 19 20 0 0 0 13 6 7 7 0 0 0 0 13 0 1 9 10 0 0 0 0 0 0 0 0 0 0 0 0 0 0 0 0 0 0 0 10 0 0 0 0 0 0 0 0 0 0 26 0 9 0 2 0 0 0 0 0 2 9 0 0 0 0 1 0 1 0 0 0 0 0 0 0 0 0 0 0 0 0 0 0 0 0 0 0 0 2 0 
 0 0 0 0 0 0 0 0 0 0 0 0 0 0 0 0 0 0 8 0 0 0 0 0 0 3 0 0 0 0 0 0 0 0 0 0 0 0 0 0 0 0 0 2 3 8 0 0 0 0 0 0 0 5 33 0 0 0 0 0 0 158 139 43 41 36 166 120 32 42 73 99 378 59 64 100 300 234 38 97 0 0 0 0 0 0 0 0 0 0 0 0 0 0 0 0 0 0 0 0 0 0 0 0 0 0 0 0 0 0 0 0 0 0 0 0 0 0 0 0 0 0 0 0 8 0 0 0 0 0 19 16 0 0 0 0 3 0 0 0 0 23 13 6 4 0 13 25 17 13 7 6 34 0 0 22 4 23 31 0 0 0 0 0 0 0 0 0 0 0 0 0 0 0 0 0 0 0 0 0 0 0 0 0 0 0 0 0 0 0 0 0 0 0 0 0 0 0 18 0 0 0 0 0 12 17 0 0 0 0 9 0 0 0 0 0 0 0 36 0 6 4 7 20 0 0 44 7 16 0 0 43 23 16 14 0 2 4 9 22 3 0 0 0 0 0 0 0 0 2 0 0 0 1 17 0 0 0 0 0 0 0 6 0 0 0 0 1 0 0 10 0 55 4 2 0 0 0 0 0 0 0 0 0 0 0 0 0 0 0 
