 0 188 80 51 363 141 172 250 52 97 59 86 123 352 158 40 224 131 257 142 2 3 3 1 4 2 0 5 2 3 5 4 0 0 1 6 3 4 0 3 0 37 2 3 26 1 0 2 3 2 0 2 0 1 2 6 0 0 2 0 0 0 6 0 0 0 0 2 0 3 0 0 4 51 0 0 0 0 0 2 32 0 12 8 20 3 4 6 22 18 16 35 18 13 32 0 18 23 0 1 0 0 0 0 0 0 0 0 0 0 0 0 0 0 0 0 7 0 4 0 0 0 0 0 0 0 0 0 0 0 0 0 0 0 0 10 0 0 0 0 0 0 0 0 0 0 0 0 0 0 1 0 0 0 0 0 0 0 0 0 22 0 26 8 0 0 0 0 25 0 0 12 0 0 29 19 14 0 0 0 0 0 1 0 0 0 0 0 0 0 0 0 23 0 0 0 0 0 0 0 0 0 0 0 0 0 0 0 0 0 0 0 0 0 0 0 0 0 0 0 0 2 0 0 0 0 22 0 0 0 0 0 0 0 0 0 0 0 0 0 0 5 0 0 0 2 92 1 1 12 0 9 0 0 0 0 0 0 0 0 0 0 16 0 0 0 0 0 2 0 0 0 0 1 0 0 0 0 0 0 0 0 0 0 0 0 0 0 0 0 
 188 0 272 146 117 223 147 86 251 126 120 45 44 134 283 503 114 150 228 165 3 3 3 0 2 2 1 2 0 0 3 0 0 0 0 0 2 0 0 3 0 0 3 0 56 1 2 3 2 0 2 6 0 0 37 7 0 0 0 0 0 3 0 0 3 0 0 0 0 0 0 4 0 0 45 3 3 2 0 0 9 0 41 69 10 12 13 4 10 9 0 8 10 15 14 10 32 25 0 2 0 0 0 0 0 0 0 0 0 0 0 0 0 0 0 0 0 0 15 0 0 0 0 0 0 0 0 0 0 0 0 0 0 0 0 0 0 0 0 0 0 0 0 0 0 0 0 11 25 0 2 0 0 0 0 0 2 0 0 0 13 20 15 23 9 13 14 0 34 0 10 25 0 13 6 27 10 28 10 12 0 0 0 0 0 0 0 0 0 0 0 0 0 0 0 0 0 1 0 0 0 0 0 0 0 10 0 0 20 1 0 0 0 0 0 0 0 0 0 0 0 1 0 0 0 0 0 0 0 0 0 0 0 0 0 0 0 0 0 0 0 1 0 0 0 2 0 2 139 94 0 19 1 0 0 0 0 0 0 0 1 0 0 0 0 0 0 0 0 0 0 0 0 2 0 17 0 0 0 0 0 0 0 0 0 0 0 0 0 0 
 80 272 0 304 386 74 152 169 155 452 75 107 73 134 48 164 488 30 45 253 3 3 3 73 0 2 0 1 0 0 4 0 0 10 1 0 2 0 103 78 0 0 2 0 0 3 0 28 6 0 0 0 4 0 2 0 0 0 0 0 0 2 0 0 3 0 0 0 0 0 0 2 0 33 2 2 2 3 0 0 12 40 3 28 13 36 0 9 33 0 0 17 0 0 0 31 10 32 0 9 0 0 0 0 0 0 0 2 0 0 0 0 0 11 0 19 0 0 18 11 0 19 15 0 6 0 0 0 0 0 0 0 0 0 0 0 0 0 0 0 0 0 2 0 0 0 0 0 0 0 1 0 0 0 0 0 0 0 0 0 14 18 6 28 25 52 13 0 29 0 23 61 2 0 10 24 19 17 0 12 15 0 2 0 0 0 0 0 0 0 0 0 0 0 36 16 0 0 0 0 0 0 0 0 0 0 0 0 17 0 0 0 0 0 0 0 0 0 0 0 0 1 0 0 0 0 0 0 0 0 0 0 0 0 0 0 0 0 0 0 0 0 0 0 0 0 4 0 1 7 10 7 0 0 0 0 0 0 0 0 0 0 64 0 0 0 0 0 0 0 0 0 0 2 0 16 0 9 0 0 0 0 0 0 0 0 0 0 0 0 
 51 146 304 0 309 111 168 129 372 265 170 424 55 159 66 211 53 119 90 80 76 3 4 0 0 2 0 1 0 0 4 0 68 74 3 0 2 0 144 3 0 79 3 0 0 3 0 3 5 0 0 0 0 0 3 0 0 0 0 0 0 3 0 0 3 0 0 0 0 0 0 0 0 0 2 3 3 3 0 0 0 0 2 0 13 30 0 0 41 6 0 34 0 0 0 14 7 24 0 0 35 0 0 0 0 0 3 19 18 0 0 2 20 1 0 0 0 22 25 0 0 0 14 0 0 0 0 0 0 0 0 0 0 0 0 0 0 0 0 0 0 0 2 1 0 9 0 0 0 0 0 0 0 0 0 0 2 0 0 0 1 0 1 10 34 57 0 0 25 0 0 21 0 13 13 0 14 15 0 0 32 13 0 0 0 0 18 0 0 0 0 0 5 12 0 0 0 0 21 0 0 8 0 0 0 0 0 0 0 0 0 0 0 0 0 0 0 0 0 0 0 0 2 0 0 0 0 0 0 0 0 0 0 0 0 0 0 0 0 0 0 0 0 0 0 1 0 0 1 63 0 4 0 0 0 0 0 0 0 0 0 0 0 0 0 0 0 0 0 0 0 0 0 0 0 10 0 10 0 0 0 10 0 0 0 0 0 0 0 0 
 363 117 386 309 0 185 52 200 184 235 58 147 265 79 112 299 280 97 97 93 5 4 3 0 1 2 64 0 0 0 2 0 0 0 74 0 2 0 96 12 0 0 2 0 63 3 0 3 2 0 0 0 0 0 2 0 0 0 0 0 0 2 0 0 32 0 53 1 0 0 0 0 0 0 5 3 3 3 0 55 2 16 1 81 47 15 0 0 0 12 21 9 0 0 0 0 30 6 0 0 1 20 0 0 0 0 1 1 18 1 0 0 1 9 20 0 0 0 0 29 0 0 0 0 0 0 0 0 0 0 0 0 0 0 0 0 0 0 0 0 0 0 2 0 0 0 0 0 0 0 0 0 0 0 0 0 0 0 0 0 0 0 9 24 9 3 5 0 17 11 22 27 0 0 0 0 2 13 0 0 15 0 0 0 0 0 29 0 5 0 0 0 0 22 11 15 1 0 0 0 0 0 0 0 0 0 0 0 0 0 0 0 0 2 0 0 0 0 0 2 0 0 0 0 0 1 0 0 0 0 0 0 0 0 0 0 0 0 0 0 0 0 0 0 0 5 89 0 107 1 2 10 10 2 0 0 0 0 0 0 0 0 0 0 0 0 0 0 0 0 0 0 0 0 0 0 0 0 0 0 0 0 0 0 0 0 0 0 0 0 
 141 223 74 111 185 0 115 123 64 70 162 150 27 46 79 163 348 48 66 73 5 6 4 2 2 2 1 1 0 3 5 0 20 75 1 0 76 0 1 13 2 1 3 0 1 5 0 3 2 0 0 8 0 0 5 1 0 2 2 0 0 3 0 0 3 0 0 0 2 0 0 51 0 0 2 3 3 2 0 0 1 20 2 0 0 0 0 0 17 15 20 37 0 0 0 0 21 70 0 0 12 0 12 0 0 0 14 24 2 15 10 0 19 0 15 0 17 4 53 0 0 0 0 0 0 0 0 0 0 0 0 0 0 0 0 0 0 0 2 0 0 0 0 1 0 0 0 7 0 0 0 0 0 0 0 0 0 0 0 11 7 0 13 0 13 47 0 0 49 10 17 3 0 0 14 0 17 10 0 0 19 20 0 11 0 0 7 0 0 0 0 0 16 0 0 0 33 0 0 17 0 0 0 0 0 0 0 0 0 0 0 0 0 0 0 0 0 0 1 1 0 0 2 0 0 0 0 0 1 6 0 0 0 0 0 0 0 0 0 0 0 11 0 0 0 0 6 1 13 60 0 5 0 0 0 0 0 1 0 0 0 0 0 0 0 0 0 0 0 0 0 0 0 0 0 10 9 0 0 0 0 0 0 0 0 0 0 0 0 0 
 172 147 152 168 52 115 0 289 84 59 126 24 69 157 197 268 131 115 489 140 5 3 9 0 0 2 0 2 0 0 2 0 1 1 0 0 2 0 0 4 0 0 67 0 0 3 0 3 2 0 0 4 0 0 3 14 0 0 2 0 0 2 0 0 3 0 0 0 0 0 0 1 0 0 2 3 3 3 0 0 26 0 13 21 7 1 28 7 31 8 0 7 29 34 16 0 22 37 0 0 0 0 0 0 0 0 0 0 0 0 0 0 0 0 0 0 0 0 25 0 0 0 0 0 0 0 0 0 0 0 0 0 0 0 1 0 0 0 6 1 0 0 0 0 0 0 0 0 3 0 6 0 0 0 2 0 0 0 0 0 50 17 0 0 9 13 15 15 3 0 0 0 15 31 15 6 6 7 11 43 0 0 0 0 1 0 0 0 0 0 0 0 0 0 2 0 0 0 0 1 1 0 0 0 1 15 0 0 0 0 0 0 0 0 13 0 0 0 0 0 0 0 0 1 2 0 0 0 0 0 0 0 0 0 7 0 0 0 0 0 0 0 0 0 0 0 0 0 0 95 2 13 0 0 0 0 0 0 0 0 0 0 0 0 0 0 0 0 0 0 0 0 0 0 0 20 0 0 0 0 0 0 0 0 0 0 0 0 0 0 
 250 86 169 129 200 123 289 0 177 345 46 26 130 100 371 135 276 20 124 259 3 3 85 0 0 2 0 1 2 0 5 0 0 40 2 0 5 7 0 78 0 0 8 0 66 3 0 3 2 0 0 0 7 0 5 0 0 0 28 0 0 2 0 33 3 0 0 0 0 0 0 0 1 5 4 4 2 3 2 0 14 32 21 7 8 0 0 57 0 7 37 0 0 11 26 0 52 25 10 10 0 0 0 0 0 0 0 0 0 0 0 0 0 0 0 0 0 0 0 0 0 0 0 0 0 0 0 0 0 0 0 0 0 0 0 0 46 0 0 0 0 0 0 0 0 0 0 0 0 0 0 0 0 0 1 0 0 4 0 0 10 16 12 33 14 0 0 8 19 45 10 10 10 1 0 1 1 0 8 35 0 0 0 0 0 17 0 0 0 0 0 0 0 0 0 1 0 0 0 0 0 0 0 0 0 0 0 0 0 0 0 0 5 0 0 1 0 0 0 0 0 0 0 0 0 1 0 0 0 0 0 0 0 1 0 0 1 0 0 0 0 0 0 0 0 0 94 0 2 90 0 7 0 0 1 0 0 0 0 0 0 0 0 0 1 0 0 0 0 0 0 0 0 0 0 15 0 0 0 0 0 0 0 0 0 0 0 0 0 0 
 52 251 155 372 184 64 84 177 0 152 35 346 72 318 256 226 155 48 91 103 3 3 3 0 1 3 81 208 0 0 2 0 0 0 0 0 2 0 149 4 0 0 3 0 35 1 0 3 2 0 0 0 0 2 3 0 0 0 2 0 0 41 0 0 3 0 0 0 0 0 0 4 0 0 2 3 3 2 1 0 0 0 0 20 6 26 0 6 26 0 64 0 0 0 14 30 35 0 0 0 0 0 0 0 0 0 0 0 0 0 0 0 0 31 14 0 0 0 1 10 1 0 0 0 0 0 0 0 0 0 0 1 0 0 0 0 0 16 0 0 8 18 4 0 0 0 7 9 0 8 1 0 7 0 3 0 0 10 3 0 0 0 0 33 7 20 0 0 34 0 15 18 0 0 5 6 9 19 0 0 13 0 0 0 0 0 1 0 1 0 0 0 22 0 0 0 0 0 14 10 0 0 0 0 8 0 0 0 0 0 0 0 0 0 0 0 1 0 0 0 0 0 0 0 0 0 8 0 0 0 0 0 0 0 0 0 0 0 0 0 0 2 0 0 0 2 2 0 1 2 0 8 0 0 0 0 0 0 0 0 0 0 0 0 0 0 0 0 0 0 0 0 0 0 0 0 10 60 0 0 0 0 0 0 0 0 0 0 0 0 
 97 126 452 265 235 70 59 345 152 0 46 388 47 95 198 133 145 43 84 113 3 4 6 0 0 2 19 0 0 0 2 0 0 0 0 0 2 0 114 3 0 0 3 0 27 2 0 3 5 0 0 0 0 0 3 0 0 0 2 0 0 3 0 0 3 0 0 0 0 0 1 0 0 0 2 3 3 3 0 0 26 0 0 8 25 37 0 6 23 7 23 0 0 15 76 12 15 0 0 0 1 7 0 0 0 0 0 0 17 0 0 0 1 9 1 0 0 0 0 12 0 0 8 0 0 0 0 0 0 0 0 0 0 11 0 0 0 0 2 0 0 0 30 4 0 0 0 0 0 0 0 0 0 1 0 0 0 0 2 0 0 0 0 28 11 11 0 0 6 0 9 12 0 0 1 0 37 21 0 0 15 6 0 0 0 0 14 0 8 1 0 0 29 7 0 3 1 0 28 0 0 0 0 0 0 0 0 0 0 0 0 0 0 0 0 0 0 0 0 0 0 0 0 0 0 1 0 0 0 1 0 0 0 0 0 0 0 0 0 0 0 0 0 0 0 1 1 0 2 10 2 8 11 0 0 0 0 0 0 0 0 0 0 0 0 0 0 0 0 0 0 0 0 0 0 0 0 3 0 0 0 0 0 0 0 0 0 0 0 0 
 59 120 75 170 58 162 126 46 35 46 0 254 37 24 74 192 328 29 32 74 79 3 4 1 2 6 5 27 0 0 3 3 71 89 0 2 5 4 78 5 0 2 5 2 3 5 0 4 4 0 0 2 0 2 5 4 3 0 2 1 0 3 0 0 5 3 0 0 6 1 0 2 0 0 2 3 3 4 0 0 0 0 0 2 0 10 0 0 17 14 0 21 0 0 0 0 0 39 0 0 12 0 0 4 0 0 0 5 11 11 0 0 0 0 0 0 0 6 24 0 0 0 0 0 0 0 0 0 0 0 0 0 0 0 0 0 0 0 0 0 0 0 0 3 0 1 0 0 0 0 0 0 1 0 0 0 0 0 23 1 10 0 4 0 12 45 0 0 17 0 0 1 0 0 13 0 15 3 0 0 16 11 0 0 0 0 10 0 0 0 0 0 0 0 0 0 0 0 0 11 0 10 0 0 0 0 0 0 0 0 0 0 0 0 0 0 0 0 0 0 0 0 0 0 0 0 0 0 0 0 0 0 0 0 0 0 7 0 0 0 0 0 0 0 0 0 1 2 4 56 0 11 0 0 0 0 0 0 0 0 0 0 2 0 0 0 0 0 0 0 0 0 0 0 0 10 9 0 0 0 0 0 0 0 0 0 0 0 0 1 
 86 45 107 424 147 150 24 26 346 388 254 0 29 38 40 135 242 176 40 23 77 5 77 2 0 2 154 1 1 0 2 2 97 132 3 0 5 0 179 7 0 3 3 0 0 2 0 3 7 0 0 3 0 0 9 0 0 0 2 0 0 3 0 6 3 0 6 51 0 0 0 0 0 32 2 9 3 2 2 0 1 57 0 0 20 4 0 10 49 75 20 26 0 0 0 20 0 0 0 0 19 17 2 0 0 0 10 26 16 0 0 0 24 27 15 0 0 9 19 0 0 0 6 0 0 14 0 0 0 0 0 0 0 0 0 0 0 0 0 0 0 0 0 0 0 0 0 0 0 0 0 0 0 0 0 0 0 2 0 0 11 18 0 22 9 13 0 0 0 1 1 15 0 0 4 4 5 2 0 10 5 9 35 0 0 0 11 0 31 2 0 0 25 16 1 10 0 0 48 12 0 0 0 2 0 0 2 1 0 0 0 0 0 0 0 0 0 0 0 0 0 0 0 0 0 0 0 0 0 0 0 0 0 0 0 0 0 0 0 14 0 0 0 0 0 6 0 1 6 2 0 10 13 2 0 0 0 0 0 0 0 0 0 0 0 2 0 0 0 0 0 0 0 0 0 19 11 1 0 0 0 0 0 0 0 0 0 0 0 0 
 123 44 73 55 265 27 69 130 72 47 37 29 0 297 85 41 43 127 175 185 3 3 3 1 0 2 0 2 0 0 3 3 0 0 0 0 2 0 0 3 0 0 3 0 0 2 0 3 2 0 0 2 0 0 3 6 0 0 0 0 0 3 51 2 3 0 0 0 0 0 0 0 0 0 2 3 3 2 0 0 97 28 40 0 0 0 37 11 0 16 1 16 0 16 0 16 0 13 2 35 0 0 0 0 0 0 0 0 0 0 0 0 8 0 0 0 0 0 11 0 0 0 0 0 0 0 0 0 0 0 0 0 0 0 0 0 0 0 0 0 0 0 0 0 0 0 0 0 0 0 0 0 0 0 0 0 0 0 0 0 14 48 22 0 0 9 15 19 2 8 16 0 11 26 0 37 0 7 2 20 0 0 0 0 0 0 0 0 0 0 0 0 0 0 0 0 2 0 0 0 13 0 0 0 0 0 0 0 0 0 0 0 0 0 0 0 0 0 0 0 0 0 0 0 0 0 0 0 0 0 0 0 0 0 1 0 0 0 0 0 0 7 0 0 0 0 1 0 4 1 11 9 0 0 0 0 0 0 0 0 0 0 13 0 0 0 0 0 0 0 0 0 0 0 0 0 0 0 0 0 0 0 0 0 0 0 0 0 0 0 
 352 134 134 159 79 46 157 100 318 95 24 38 297 0 415 175 252 134 562 219 5 7 6 97 16 4 0 30 2 25 5 25 0 0 0 0 5 26 0 7 0 0 3 0 0 3 4 3 2 0 0 6 0 1 5 8 0 0 2 0 0 2 3 0 3 2 0 0 0 2 0 0 3 0 3 3 3 3 0 0 23 15 18 0 2 0 15 11 21 15 0 1 17 0 15 6 0 21 0 5 0 0 0 0 0 0 0 2 0 0 0 0 0 1 2 0 0 0 0 0 0 5 0 0 2 0 0 0 0 0 0 0 15 0 0 0 0 0 0 0 0 0 0 0 0 0 0 0 0 0 0 0 0 0 0 0 0 2 0 0 63 81 21 20 10 0 18 0 9 10 3 0 24 0 0 27 10 10 14 44 0 0 0 0 0 0 0 0 0 0 0 0 0 0 1 0 0 0 17 0 0 0 0 0 0 2 0 0 2 0 51 0 0 0 0 0 0 0 0 0 0 0 0 0 0 0 0 0 0 0 0 0 0 0 0 0 0 0 0 0 0 0 0 0 0 2 0 1 2 0 1 16 0 0 0 0 0 0 31 0 0 0 14 0 0 0 0 0 1 0 0 0 0 0 0 19 0 0 0 0 0 0 0 0 0 0 0 0 0 0 
 158 283 48 66 112 79 197 371 256 198 74 40 85 415 0 283 231 120 409 139 3 3 6 0 0 8 0 3 83 0 2 0 0 0 0 1 2 6 0 3 0 0 3 0 62 64 45 3 2 0 7 0 1 0 3 3 0 0 0 0 0 3 0 0 3 0 0 0 0 0 0 0 0 48 3 3 6 3 0 0 49 18 75 23 19 0 21 17 12 12 10 0 27 33 53 18 24 11 0 0 0 0 0 0 0 0 0 0 0 0 0 0 0 0 0 0 0 0 0 0 0 0 0 0 0 0 0 0 0 0 0 0 0 0 2 10 0 0 0 2 7 0 0 0 0 0 0 0 0 0 0 11 0 0 0 0 0 0 0 0 18 6 31 13 0 0 36 14 0 48 0 10 25 0 46 41 23 0 1 7 0 0 0 0 2 0 0 0 0 0 0 0 0 0 1 0 0 0 0 2 2 0 0 0 2 0 0 0 0 0 0 0 0 0 0 0 0 0 0 0 0 0 0 2 1 0 0 0 0 0 0 0 0 0 0 0 0 0 0 0 0 0 0 0 0 0 0 0 4 2 2 8 0 0 0 0 0 0 0 0 0 0 0 0 0 0 0 0 0 0 0 0 0 0 0 0 0 0 0 0 0 0 0 0 0 0 0 0 0 0 
 40 503 164 211 299 163 268 135 226 133 192 135 41 175 283 0 268 132 133 212 3 3 3 0 0 2 75 2 1 0 2 0 4 0 0 0 2 0 74 7 0 0 3 0 13 0 0 9 2 0 0 5 1 0 3 4 0 0 2 0 2 3 0 0 3 0 0 0 0 0 0 2 2 0 2 3 3 2 1 0 10 32 0 50 9 21 0 21 34 20 35 11 6 13 19 24 0 0 0 0 0 0 0 0 0 0 0 0 0 0 0 0 0 17 2 0 0 0 15 0 0 0 0 0 0 0 0 0 2 0 0 0 0 0 1 0 0 0 0 1 0 0 4 0 0 0 0 0 0 0 0 0 0 0 0 0 0 2 0 0 53 36 2 35 19 11 0 0 11 5 11 43 0 0 2 9 41 20 11 50 0 0 0 0 1 0 0 0 0 0 0 0 17 0 2 0 0 0 16 8 1 0 0 0 0 2 0 0 0 0 0 0 0 0 0 0 0 0 0 0 0 0 0 1 2 0 0 0 0 0 0 0 0 0 0 0 0 0 0 0 0 0 0 0 0 1 0 0 4 89 0 12 1 0 0 0 0 0 1 0 0 0 0 0 0 0 0 0 0 0 0 0 0 0 0 46 11 0 0 0 0 0 0 0 0 0 0 0 0 0 
 224 114 488 53 280 348 131 276 155 145 328 242 43 252 231 268 0 161 52 77 3 5 3 0 0 2 0 2 0 6 77 0 1 0 0 1 2 0 0 3 0 0 3 0 62 0 0 3 2 0 0 0 0 0 3 8 0 0 0 0 0 3 0 0 3 0 0 0 0 0 0 0 1 0 4 3 3 2 2 0 23 40 31 9 37 0 1 47 13 33 34 11 21 0 21 0 36 32 0 0 0 0 0 0 0 0 0 0 0 0 0 0 0 0 0 0 0 0 11 0 0 0 0 14 0 0 0 0 0 0 0 0 0 0 0 0 0 0 0 0 0 0 0 0 2 0 0 0 0 0 0 0 0 2 0 0 0 2 0 0 18 35 29 36 0 0 16 0 9 22 17 10 54 0 0 19 17 0 14 14 0 0 0 0 0 0 0 0 0 0 0 0 0 0 0 0 0 0 0 0 0 0 0 0 0 0 1 0 0 0 0 0 0 0 0 0 0 0 0 0 0 0 0 0 0 0 0 0 0 0 0 0 0 0 0 0 0 0 0 0 0 8 0 0 0 0 45 1 4 2 0 7 0 0 0 0 0 0 0 0 0 0 1 0 0 0 2 0 0 0 0 0 0 0 0 14 0 0 0 0 0 0 0 0 0 0 0 6 0 0 
 131 150 30 119 97 48 115 20 48 43 29 176 127 134 120 132 161 0 41 52 3 3 3 1 2 2 61 1 0 1 3 0 2 1 79 0 2 0 0 4 0 0 3 0 0 1 0 5 2 53 0 7 0 0 3 4 0 1 0 0 0 3 0 0 3 0 0 0 0 0 0 0 0 0 2 3 3 2 1 0 43 30 21 0 24 0 0 19 52 60 8 10 0 0 18 36 0 8 0 0 0 7 0 0 0 0 0 0 10 0 0 0 9 1 1 0 0 0 11 0 0 0 0 0 0 0 0 0 0 0 0 0 0 0 0 0 0 0 0 0 0 0 1 0 1 0 2 0 0 0 0 0 0 1 0 2 0 2 0 0 14 38 0 25 9 0 13 0 15 11 16 0 0 0 0 0 4 17 0 11 0 0 1 0 0 0 14 2 8 0 0 0 0 7 0 0 0 0 15 0 0 0 0 0 0 0 0 0 1 0 0 0 2 0 0 1 0 0 0 0 0 0 0 0 0 0 0 0 0 0 0 0 0 0 0 0 0 0 0 0 0 9 0 0 0 0 0 0 0 0 12 6 17 0 0 0 0 0 0 0 0 0 8 0 0 0 1 0 0 0 0 0 0 0 0 19 0 0 0 0 0 0 0 0 0 0 0 0 0 0 
 257 228 45 90 97 66 489 124 91 84 32 40 175 562 409 133 52 41 0 342 3 3 3 0 0 3 0 3 0 0 4 1 0 0 0 1 2 0 0 6 0 0 3 0 0 1 12 3 2 0 0 0 0 0 3 7 0 0 2 0 10 3 0 0 6 0 50 0 0 0 0 0 5 0 2 3 3 2 58 0 1 31 1 20 0 0 35 0 0 0 2 0 37 28 22 1 10 0 19 23 0 0 0 0 0 0 0 0 0 0 0 0 11 0 0 0 0 0 0 0 0 0 0 0 0 0 0 0 0 0 0 0 0 0 0 0 0 0 0 21 0 0 0 0 0 0 0 0 2 0 2 0 0 0 0 0 0 0 0 0 29 1 4 0 0 0 13 27 0 0 0 0 37 42 38 6 4 0 15 17 0 0 0 0 0 0 0 0 0 0 0 0 0 0 0 0 0 0 0 0 0 0 0 0 0 0 0 0 0 0 0 0 0 28 0 0 0 0 0 11 0 0 0 0 0 0 0 0 0 0 0 0 0 0 2 0 0 0 0 0 0 0 0 0 0 2 0 0 2 0 2 3 0 0 0 0 0 0 2 0 0 0 0 0 0 0 0 0 0 0 0 0 0 0 0 0 0 0 0 0 0 0 0 0 0 0 0 0 0 0 
 142 165 253 80 93 73 140 259 103 113 74 23 185 219 139 212 77 52 342 0 3 3 3 0 0 2 0 2 0 0 3 0 0 0 0 0 2 0 0 3 0 0 3 0 61 2 0 5 2 0 0 64 3 0 3 4 0 0 0 0 0 3 0 0 3 0 0 0 0 0 0 0 0 8 2 3 3 3 0 0 27 28 0 0 0 1 35 14 7 14 8 11 14 1 15 19 0 0 28 60 0 0 0 0 0 0 0 0 0 0 0 0 0 0 0 0 0 0 9 0 0 0 0 0 0 0 0 0 0 0 0 0 0 0 0 0 0 0 0 0 0 0 0 0 0 0 0 0 2 0 3 0 0 0 0 0 0 0 0 0 0 18 0 16 0 0 25 9 0 11 11 0 0 64 7 1 1 15 0 49 0 0 2 0 0 0 0 0 0 0 0 0 0 0 0 0 0 0 0 0 0 0 0 0 0 0 0 0 0 0 0 0 0 0 0 0 0 0 0 0 0 1 0 0 0 0 0 0 0 0 0 0 0 0 0 0 0 0 0 0 0 13 0 0 0 4 2 0 0 0 10 10 0 0 0 0 0 0 0 0 0 0 7 0 0 0 0 0 0 17 0 0 0 2 0 0 0 0 0 0 0 0 0 0 0 0 0 0 0 0 
 2 3 3 76 5 5 5 3 3 3 79 77 3 5 3 3 3 3 3 3 0 384 143 327 254 455 144 142 199 36 286 106 51 336 173 121 338 95 75 206 0 2 0 0 0 3 0 0 0 3 0 2 0 0 2 0 0 2 1 0 0 0 3 0 3 0 0 0 0 0 2 2 2 0 0 3 2 2 0 0 0 0 0 0 1 6 0 0 0 12 0 12 1 0 0 0 0 0 0 0 12 5 27 35 15 16 0 1 26 40 5 0 10 21 30 32 66 40 1 1 0 0 0 0 0 0 0 2 0 0 0 0 0 0 0 0 0 0 32 0 0 0 0 0 0 0 0 0 0 0 0 0 0 0 0 0 0 0 0 0 0 0 0 0 0 8 0 10 0 0 0 0 0 0 0 0 0 0 0 0 10 7 20 0 2 0 11 20 25 38 12 7 9 2 9 10 0 30 11 14 0 0 0 10 0 0 0 0 0 2 17 0 0 0 0 0 0 0 0 0 0 0 0 0 0 0 0 0 0 0 0 0 0 0 0 0 0 0 0 0 0 0 0 0 0 0 2 0 0 0 0 0 0 0 4 0 1 0 2 2 6 0 0 2 0 0 0 0 0 0 0 0 0 0 0 1 0 0 0 0 0 10 0 0 0 0 0 0 0 0 
 3 3 3 3 4 6 3 3 3 4 3 5 3 7 3 3 5 3 3 3 384 0 379 71 27 52 263 380 55 60 111 124 200 466 212 44 105 110 62 419 0 2 0 3 0 3 0 0 2 3 0 2 0 0 5 0 0 0 2 0 0 0 3 0 3 0 0 0 0 0 2 3 2 0 0 3 2 0 0 0 0 0 0 0 0 0 0 15 0 0 0 0 2 2 0 0 0 0 0 0 11 32 26 24 2 14 9 0 11 38 19 9 14 36 29 18 40 51 9 31 0 0 2 0 0 0 0 0 0 0 0 0 0 0 0 0 0 0 14 0 0 0 0 0 0 0 0 2 0 0 0 0 0 0 1 0 0 0 0 0 0 0 0 0 10 1 0 0 0 0 0 0 0 0 0 0 0 0 0 0 10 19 26 0 8 0 10 18 0 47 11 1 29 35 41 11 18 42 52 47 0 0 0 0 0 0 0 0 0 1 0 0 0 0 1 1 0 0 10 0 0 0 0 0 0 0 0 0 0 0 0 0 0 0 0 0 0 0 0 0 0 0 1 0 0 0 0 0 0 0 0 1 0 0 12 0 0 42 78 1 14 0 0 0 0 0 0 0 0 0 0 0 0 0 0 0 0 0 0 12 0 0 0 0 0 0 0 0 0 0 
 3 3 3 4 3 4 9 85 3 6 4 77 3 6 6 3 3 3 3 3 143 379 0 154 230 89 52 158 153 214 552 109 139 78 130 148 658 121 37 100 61 4 0 0 0 3 1 0 3 209 1 0 65 3 67 66 0 0 2 19 3 0 3 0 3 4 0 6 0 0 0 3 2 0 0 5 3 0 0 0 0 0 0 0 0 0 0 0 0 0 0 12 0 0 0 1 0 0 0 0 16 0 36 72 9 0 12 0 0 13 0 8 10 1 0 23 0 21 16 7 1 11 0 0 0 0 2 0 0 0 0 0 0 0 0 0 0 0 0 17 0 0 0 0 0 0 0 0 0 0 0 0 0 0 0 0 0 0 2 0 0 0 0 0 13 7 0 0 0 0 0 0 0 0 1 0 0 0 0 0 9 0 11 15 8 12 9 10 0 25 0 0 1 8 20 0 16 16 8 1 0 8 0 0 0 0 0 12 0 13 0 0 8 0 9 0 0 0 22 6 0 0 0 0 0 0 0 0 0 0 0 0 0 0 0 0 0 0 0 0 0 0 0 0 0 0 0 0 0 0 0 0 0 0 2 0 1 77 1 2 2 2 0 0 0 0 0 0 0 0 0 0 0 0 45 0 1 0 0 0 0 0 0 0 0 0 0 0 0 0 
 1 0 73 0 0 2 0 0 0 0 1 2 1 97 0 0 0 1 0 0 327 71 154 0 289 119 175 177 162 190 227 261 139 100 251 39 135 113 48 222 62 2 0 0 58 3 0 0 0 4 0 2 63 0 2 0 0 0 2 24 0 0 3 0 3 0 0 0 0 0 2 3 2 0 0 8 0 0 3 4 0 0 0 0 0 0 0 0 0 0 0 0 0 0 2 0 0 0 0 0 0 26 11 35 10 44 13 0 1 10 1 22 0 21 43 14 48 19 0 12 0 11 0 0 0 0 0 0 0 0 0 1 1 0 0 0 0 0 21 52 0 0 0 0 25 0 1 0 0 0 0 0 0 0 0 0 0 0 2 0 0 0 0 0 4 2 0 0 38 0 0 0 0 0 0 0 0 2 0 0 0 10 20 9 10 0 10 26 9 8 16 19 12 0 49 20 11 13 0 10 0 9 0 0 0 0 0 13 0 29 0 1 7 0 9 9 0 0 2 8 0 0 0 0 0 0 0 0 0 0 0 0 0 0 0 0 0 0 0 0 0 0 1 0 0 0 0 0 0 0 0 0 0 0 5 0 0 78 77 0 4 0 0 0 0 0 19 0 0 0 0 0 0 0 0 0 0 0 0 27 0 0 0 0 0 0 16 0 0 2 
 4 2 0 0 1 2 0 0 1 0 2 0 0 16 0 0 0 2 0 0 254 27 230 289 0 196 345 524 87 343 185 153 84 106 69 89 175 136 58 95 0 2 0 0 0 3 71 0 0 7 2 2 0 0 2 0 0 0 65 73 0 0 3 0 3 0 14 0 0 0 2 2 2 0 0 3 0 0 4 28 0 0 0 1 0 18 0 0 0 2 0 0 0 0 0 0 0 0 0 0 0 73 0 22 0 0 0 0 0 0 10 14 0 0 28 11 1 12 0 0 19 9 0 0 0 0 46 0 0 0 0 1 0 0 2 0 0 0 35 1 0 0 0 0 0 0 0 0 0 0 0 1 0 0 0 0 0 0 4 0 0 0 0 0 6 6 0 0 0 0 0 0 0 0 0 2 0 0 0 0 0 9 14 6 25 0 0 19 21 22 28 0 0 0 30 40 14 13 0 0 22 20 1 0 0 0 0 0 0 0 1 0 35 0 2 12 0 0 2 80 0 0 0 0 0 0 0 0 0 0 0 0 0 0 0 0 0 0 0 0 0 0 0 0 0 0 0 0 0 0 0 0 0 0 10 0 0 44 153 2 2 11 0 0 0 0 0 0 0 0 0 0 0 0 0 0 0 0 0 0 0 0 0 0 0 0 0 0 0 0 
 2 2 2 2 2 2 2 2 3 2 6 2 2 4 8 2 2 2 3 2 455 52 89 119 196 0 249 295 104 43 433 177 25 148 47 79 142 80 31 52 62 2 0 0 0 3 36 125 56 3 6 2 24 0 58 1 62 0 80 62 0 0 3 0 5 0 0 0 0 0 1 3 2 1 2 3 0 0 0 0 0 0 0 1 0 0 0 0 0 2 0 0 0 0 0 0 0 0 0 0 0 0 0 1 44 24 0 0 0 0 0 33 0 0 0 7 8 0 0 0 13 0 22 10 3 0 2 15 33 1 10 14 44 22 11 1 6 0 1 103 0 0 0 0 0 0 0 0 0 0 0 0 0 0 0 0 9 0 0 0 0 0 0 0 0 0 0 0 0 0 0 0 0 0 0 2 5 0 0 0 4 0 14 20 3 10 0 0 0 0 0 56 0 0 14 1 0 0 0 0 1 19 0 0 0 0 21 11 0 0 0 0 36 13 2 14 1 9 24 9 0 0 0 0 0 0 0 0 0 0 0 0 0 0 0 0 0 0 0 0 0 0 0 0 0 0 0 0 0 0 0 0 0 0 7 0 0 0 1 0 5 1 0 0 0 0 26 0 0 0 0 0 0 0 0 0 0 0 0 0 0 0 0 0 0 0 4 0 0 0 
 0 1 0 0 64 1 0 0 81 19 5 154 0 0 0 75 0 61 0 0 144 263 52 175 345 249 0 273 132 117 109 165 147 381 361 106 29 349 92 373 0 2 0 0 2 3 0 0 0 60 1 2 2 2 5 0 1 65 4 0 0 0 6 0 5 1 0 0 0 0 4 6 2 0 0 3 0 1 0 0 0 0 0 0 11 14 0 0 0 15 20 0 0 0 0 4 0 0 0 0 9 47 12 7 0 12 2 0 8 6 1 0 0 48 9 75 47 41 0 18 0 0 0 1 0 0 0 0 0 0 0 0 0 0 0 0 0 0 12 0 0 0 0 0 0 0 0 0 0 2 0 2 0 0 0 0 0 0 0 0 0 0 0 0 13 0 0 1 2 0 2 5 0 0 5 7 0 4 1 0 11 1 7 8 0 0 19 60 25 16 18 0 11 25 27 0 20 27 7 21 0 0 0 0 0 0 0 0 0 0 0 0 0 0 0 0 0 0 1 0 0 0 0 0 0 0 0 0 0 0 0 0 0 0 0 0 0 0 0 0 0 0 0 0 0 0 0 0 0 0 0 0 8 0 5 2 0 80 1 0 2 2 0 0 0 0 0 0 0 0 0 0 0 0 0 0 3 0 0 3 0 2 0 2 0 0 0 0 0 0 
 5 2 1 1 0 1 2 1 208 0 27 1 2 30 3 2 2 1 3 2 142 380 158 177 524 295 273 0 320 173 258 34 189 170 70 98 193 139 52 285 1 3 0 0 0 3 0 0 0 3 3 3 0 0 2 0 0 0 0 0 0 0 3 0 3 0 0 0 0 0 0 3 2 0 0 3 0 0 0 0 0 0 0 0 0 0 0 0 0 0 0 0 0 0 0 0 0 1 0 0 10 41 12 31 12 28 0 0 2 65 10 10 0 0 28 49 9 28 0 19 0 0 0 0 0 0 1 0 0 0 0 0 0 0 3 0 9 0 101 7 0 0 0 0 0 0 0 1 0 0 0 1 0 0 0 0 0 0 0 0 0 0 0 0 8 6 0 0 0 1 1 0 0 0 0 0 0 23 0 0 0 0 0 0 27 0 0 18 39 0 10 10 0 12 8 23 0 45 18 0 0 57 0 0 0 0 13 0 0 0 0 0 0 0 0 16 0 0 9 31 0 0 0 0 1 0 0 0 0 0 1 0 0 0 0 21 4 0 1 0 0 0 0 0 0 74 0 0 0 1 0 0 2 0 9 2 2 3 50 0 17 2 0 0 0 0 0 0 0 0 0 0 0 0 0 0 0 2 0 0 2 15 0 0 0 7 0 0 0 0 
 2 0 0 0 0 0 0 2 0 0 0 1 0 2 83 1 0 0 0 0 199 55 153 162 87 104 132 320 0 81 108 22 173 493 173 124 129 152 63 147 1 3 0 0 0 3 0 0 1 6 6 3 0 0 2 0 0 0 63 3 0 0 3 3 10 0 0 0 0 0 0 3 3 0 2 3 0 0 0 0 0 0 0 0 0 1 0 0 0 0 0 0 0 2 0 0 0 0 0 0 10 15 23 95 30 10 13 8 23 10 11 14 7 11 0 18 11 0 0 25 0 0 1 0 0 0 8 0 0 0 0 0 0 8 1 0 7 0 16 11 0 0 0 16 0 0 0 0 0 0 0 0 0 0 0 0 0 0 0 0 0 0 0 1 0 1 0 0 0 0 0 1 0 0 0 0 0 0 0 0 1 8 18 0 22 17 13 8 38 20 49 21 0 33 9 0 0 0 1 0 0 0 0 0 0 0 9 14 0 0 0 0 0 0 0 12 24 0 17 0 0 0 0 0 0 0 0 0 0 0 0 0 0 0 0 0 0 0 0 0 0 0 11 0 0 0 0 0 0 0 0 0 0 0 8 0 1 2 0 2 2 2 0 0 0 0 11 0 0 0 0 0 0 0 0 0 0 0 0 0 0 13 0 0 0 10 0 0 0 0 
 3 0 0 0 0 3 0 0 0 0 0 0 0 25 0 0 6 1 0 0 36 60 214 190 343 43 117 173 81 0 312 56 144 179 122 206 233 331 83 104 0 2 0 0 0 3 1 0 0 6 3 2 0 0 2 4 0 0 65 2 0 0 3 0 3 12 1 6 0 0 1 3 2 0 1 11 1 0 6 0 0 0 0 0 1 0 0 0 0 0 0 0 12 0 0 0 0 0 0 0 13 11 2 6 0 12 22 0 0 38 47 3 0 0 11 21 10 33 0 19 1 0 7 0 0 0 14 2 0 0 0 0 2 0 0 0 0 0 43 7 0 0 0 0 0 0 0 5 0 0 0 0 0 0 0 0 0 0 0 0 0 0 0 0 0 5 1 0 0 0 0 0 0 0 0 0 0 1 0 0 0 11 34 0 14 0 0 16 33 0 9 13 1 11 2 37 43 27 0 9 0 0 0 0 0 0 0 0 0 0 0 2 7 0 0 14 0 0 21 15 0 0 0 0 0 0 0 0 1 18 0 0 0 0 0 0 0 0 0 0 0 0 4 0 0 0 1 0 0 1 0 0 0 0 10 0 2 123 45 1 2 0 0 0 0 1 1 0 0 0 0 0 0 0 0 0 0 0 0 0 0 0 0 0 0 0 21 0 0 0 
 5 3 4 4 2 5 2 5 2 2 3 2 3 5 2 2 77 3 4 3 286 111 552 227 185 433 109 258 108 312 0 70 109 35 132 73 394 49 246 171 61 1 0 0 0 3 28 0 0 2 0 1 22 0 3 1 0 0 6 75 0 0 3 0 3 0 0 0 0 0 3 2 2 0 0 3 0 0 0 0 0 0 0 6 0 0 0 0 0 0 0 0 0 8 0 1 0 0 0 0 0 2 0 3 67 0 19 0 0 0 0 49 0 16 18 1 21 0 1 14 23 52 0 1 0 0 0 0 20 0 1 0 0 0 0 0 0 0 0 24 0 0 0 0 1 0 0 0 0 0 0 0 0 0 0 0 0 0 5 0 0 0 0 0 0 0 0 0 0 0 0 0 0 0 0 0 0 0 0 0 0 0 18 24 16 0 9 7 1 0 0 29 14 0 13 11 18 3 0 0 0 26 0 0 0 1 0 19 15 2 0 0 0 0 0 3 0 0 21 23 0 0 0 0 0 0 0 0 0 0 1 0 0 0 17 0 0 0 0 0 0 0 0 0 0 0 0 0 0 0 0 0 0 0 16 5 0 76 0 0 1 2 0 0 0 0 20 0 0 0 0 0 0 1 0 0 0 0 0 9 0 0 0 0 0 0 29 0 0 2 
 4 0 0 0 0 0 0 0 0 0 3 2 3 25 0 0 0 0 1 0 106 124 109 261 153 177 165 34 22 56 70 0 23 319 110 114 70 137 24 90 17 2 0 0 0 3 127 30 0 7 0 0 2 0 2 0 2 0 128 66 21 0 3 0 3 0 1 0 0 0 0 2 2 0 0 31 0 0 8 0 0 0 0 0 0 0 0 0 0 0 0 0 0 0 0 0 0 0 0 0 0 9 12 15 30 10 0 0 14 21 43 22 0 8 20 4 23 0 0 0 30 10 16 0 0 0 80 3 0 0 0 0 35 0 29 0 16 0 16 0 0 0 0 0 0 2 0 0 0 0 0 0 0 0 0 0 1 0 4 0 0 0 0 0 0 5 0 0 0 0 0 0 2 0 2 0 0 0 0 0 0 1 76 0 0 8 0 10 22 10 13 0 0 0 4 20 13 0 0 2 9 27 13 0 0 0 0 8 0 0 13 0 46 2 11 22 3 22 27 13 0 0 0 0 0 0 0 0 0 0 0 0 1 0 0 0 0 0 0 7 0 0 21 0 0 0 0 0 0 0 0 0 0 0 7 2 2 1 1 0 0 19 0 0 0 0 0 0 0 0 0 0 0 0 0 0 0 0 0 0 0 0 0 0 0 0 0 0 0 0 
 0 0 0 68 0 20 1 0 0 0 71 97 0 0 0 4 1 2 0 0 51 200 139 139 84 25 147 189 173 144 109 23 0 289 90 196 35 268 62 107 0 4 0 0 0 3 0 3 4 9 62 2 0 0 3 0 0 0 1 2 0 0 3 3 3 6 33 6 0 0 1 3 2 1 0 14 1 0 0 0 0 0 0 0 0 0 0 0 0 1 0 16 0 1 1 0 0 12 0 0 6 20 0 2 0 0 44 43 13 0 12 3 0 9 1 10 8 32 50 42 0 0 0 0 0 0 1 20 0 0 0 0 0 0 0 0 0 0 0 0 0 0 0 0 0 0 0 1 0 0 0 0 0 0 0 0 5 0 0 0 0 0 0 0 7 0 0 0 0 0 0 0 0 0 0 0 0 0 0 0 9 12 11 7 6 0 32 48 24 22 55 1 8 23 14 0 28 11 35 0 0 0 0 0 0 0 0 0 0 0 0 0 0 0 0 0 0 0 3 0 0 0 0 0 0 0 0 0 0 0 0 0 0 0 2 0 0 0 0 0 0 0 16 0 0 0 0 0 0 0 0 0 0 0 7 2 0 96 0 0 1 0 0 0 0 0 1 0 0 0 0 0 0 0 0 0 0 8 0 8 0 1 0 0 0 0 21 0 0 0 
 0 0 10 74 0 75 1 40 0 0 89 132 0 0 0 0 0 1 0 0 336 466 78 100 106 148 381 170 493 179 35 319 289 0 187 291 48 122 429 207 0 5 0 0 0 3 0 1 0 12 0 2 62 1 2 3 0 0 1 2 0 0 3 2 3 6 2 0 0 6 11 2 3 0 0 6 4 0 0 0 0 2 0 0 0 0 0 0 0 1 12 32 0 0 2 11 0 0 0 0 19 11 24 16 0 0 11 23 12 22 36 0 9 39 32 9 13 31 18 29 1 0 0 0 0 0 0 0 0 2 0 2 0 0 0 0 0 0 2 0 14 0 0 0 0 0 0 0 0 0 0 0 0 0 0 0 0 0 0 0 1 0 0 0 19 7 0 0 12 0 0 0 0 0 1 0 0 1 0 0 65 24 10 0 1 0 1 25 15 15 42 0 11 27 21 12 0 28 56 24 0 0 1 0 0 0 0 0 0 0 0 0 0 0 2 0 0 0 2 0 0 0 0 0 0 0 0 0 1 0 0 0 0 0 0 0 0 0 0 0 0 0 24 0 0 0 0 0 0 0 0 0 0 0 7 0 0 92 0 2 2 0 0 0 0 0 0 0 0 0 0 0 0 0 0 0 13 0 0 0 0 1 0 0 1 0 0 0 0 0 
 1 0 1 3 74 1 0 2 0 0 0 3 0 0 0 0 0 79 0 0 173 212 130 251 69 47 361 70 173 122 132 110 90 187 0 128 116 121 57 243 0 2 0 0 0 3 0 0 2 4 0 0 0 0 2 0 0 0 1 0 0 0 3 0 3 6 0 8 0 0 1 3 2 1 0 10 1 0 0 0 0 0 0 7 9 1 0 0 0 0 0 8 0 0 0 13 0 0 0 0 29 20 31 7 0 1 31 11 11 11 14 2 24 33 23 0 39 14 10 33 0 10 0 0 0 0 0 0 5 0 0 0 0 0 0 0 0 0 0 0 0 0 0 2 0 0 0 0 0 0 0 0 0 0 0 0 0 0 0 0 0 0 0 0 11 12 0 0 0 0 10 10 0 0 0 0 0 0 0 0 1 0 15 18 4 0 16 32 0 34 11 0 16 0 50 14 51 0 0 16 0 0 0 0 0 0 0 0 0 0 0 0 0 0 0 0 0 0 0 1 0 0 0 0 0 0 0 0 0 0 0 0 0 0 0 0 0 0 0 0 0 0 14 0 0 0 61 0 0 0 0 0 0 0 12 0 4 8 0 0 1 0 0 0 0 0 0 0 0 0 0 0 0 0 0 0 0 3 0 4 0 0 0 0 0 0 22 0 0 0 
 6 0 0 0 0 0 0 0 0 0 2 0 0 0 1 0 1 0 1 0 121 44 148 39 89 79 106 98 124 206 73 114 196 291 128 0 51 241 32 88 0 2 0 0 0 6 0 0 0 8 0 2 0 1 4 0 0 0 37 5 0 0 6 0 3 7 0 19 0 2 2 2 5 0 0 6 0 0 0 0 0 0 0 0 0 0 0 0 0 0 2 3 0 0 0 0 0 2 0 0 2 16 9 15 55 23 24 8 30 27 29 0 0 0 0 12 0 11 0 23 0 0 0 0 0 0 19 32 0 0 0 0 0 8 0 0 0 0 24 1 0 0 0 0 0 0 0 1 0 0 0 0 0 0 0 0 0 0 0 0 0 0 0 0 0 0 0 0 0 2 2 1 0 0 0 0 2 0 0 0 1 19 12 0 21 9 13 31 28 10 53 31 1 31 0 18 24 0 0 0 0 0 0 0 0 0 14 12 0 0 0 0 9 0 0 19 14 0 36 7 0 0 0 0 0 0 0 0 0 0 2 27 0 0 0 0 0 0 2 0 0 0 11 0 0 0 0 0 0 0 0 0 0 0 11 0 1 46 0 1 0 0 0 0 0 0 0 0 0 0 0 0 0 0 0 0 0 1 0 0 0 17 0 0 0 20 11 0 0 0 
 3 2 2 2 2 76 2 5 2 2 5 5 2 5 2 2 2 2 2 2 338 105 658 135 175 142 29 193 129 233 394 70 35 48 116 51 0 126 34 121 0 2 0 0 0 3 0 0 0 3 5 0 0 2 2 0 0 0 63 0 0 0 3 0 5 0 11 0 0 0 0 3 2 0 0 3 0 1 0 0 0 0 0 0 5 0 0 0 0 0 0 0 0 0 0 0 0 0 0 0 11 2 13 22 8 0 0 0 9 9 27 13 8 0 12 29 23 12 0 72 0 0 2 15 0 0 0 0 0 0 0 0 0 0 0 0 0 0 12 25 0 0 0 0 0 0 0 3 0 0 0 0 0 0 0 0 0 0 0 0 0 0 0 0 0 0 0 0 0 0 0 0 0 0 0 0 0 0 0 0 0 16 16 0 22 0 0 0 33 9 0 9 12 22 10 20 24 42 0 6 0 0 8 14 0 0 0 0 0 0 0 10 0 12 0 0 0 0 6 21 0 0 0 0 0 0 0 0 0 0 0 0 0 0 0 0 0 0 0 0 0 0 9 0 0 0 0 0 0 0 0 0 0 0 6 0 2 151 74 0 1 1 0 0 0 0 10 0 0 0 0 0 0 0 0 0 0 0 0 0 0 0 0 0 0 0 0 0 0 0 
 4 0 0 0 0 0 0 7 0 0 4 0 0 26 6 0 0 0 0 0 95 110 121 113 136 80 349 139 152 331 49 137 268 122 121 241 126 0 27 92 1 3 0 0 0 3 0 0 0 53 0 3 5 0 2 0 0 0 1 0 0 0 3 0 3 6 0 6 0 0 0 3 3 0 0 18 7 0 2 0 0 0 0 0 0 0 0 0 0 0 2 15 0 0 0 0 0 2 0 0 0 43 12 13 16 0 29 13 17 21 24 17 1 9 19 29 27 20 0 32 0 0 0 0 0 0 0 0 0 0 0 0 0 0 0 0 0 0 45 33 0 0 0 0 0 0 0 2 0 0 0 0 0 3 0 0 0 23 0 0 0 0 0 0 4 10 0 0 0 2 2 0 0 0 0 0 0 0 0 0 0 15 4 0 30 0 0 90 36 5 30 20 0 18 14 20 18 18 24 11 0 0 0 0 0 0 14 0 0 0 0 0 0 0 0 25 0 0 9 13 0 0 0 0 0 0 0 0 0 0 2 0 0 0 0 0 0 0 2 0 0 0 20 0 0 1 0 0 0 0 0 0 0 0 8 3 0 7 43 0 16 0 0 0 0 1 1 0 0 0 0 0 0 0 0 0 0 1 0 0 0 48 0 0 0 1 26 0 0 0 
 0 0 103 144 96 1 0 0 149 114 78 179 0 0 0 74 0 0 0 0 75 62 37 48 58 31 92 52 63 83 246 24 62 429 57 32 34 27 0 162 1 3 0 0 0 3 0 0 13 3 0 0 0 0 2 0 0 0 1 0 0 0 3 0 3 0 0 0 0 0 2 3 2 0 0 3 6 0 0 0 0 0 0 9 9 38 0 0 11 16 9 28 0 0 0 28 6 1 0 0 8 6 11 13 0 0 0 0 13 13 10 1 11 26 14 0 0 16 0 64 0 0 4 0 0 0 0 0 0 0 0 0 0 0 0 0 0 1 0 0 0 0 6 0 0 0 0 0 0 0 0 0 0 2 0 0 0 0 0 0 8 0 0 0 1 8 0 0 22 1 12 12 0 0 3 3 25 25 0 0 30 7 0 2 0 0 0 3 0 0 2 0 19 1 13 64 0 13 38 11 0 0 0 0 0 0 0 0 0 7 0 0 0 0 0 0 0 0 0 0 0 7 0 0 0 0 0 12 0 0 0 0 0 0 0 2 0 0 0 0 0 0 0 0 0 0 0 0 0 0 0 0 0 0 7 0 0 0 0 0 0 0 0 0 0 0 0 0 0 0 0 0 0 0 0 0 52 10 0 0 0 0 0 0 0 0 0 0 0 0 
 3 3 78 3 12 13 4 78 4 3 5 7 3 7 3 7 3 4 6 3 206 419 100 222 95 52 373 285 147 104 171 90 107 207 243 88 121 92 162 0 1 1 0 0 0 4 0 2 1 3 0 1 2 0 3 6 0 0 65 1 0 0 3 0 3 0 2 0 0 0 3 2 6 4 0 9 0 0 0 0 12 0 0 8 11 13 0 0 0 0 0 13 0 0 0 1 4 0 0 0 15 17 52 19 0 1 0 0 11 11 12 0 1 39 12 0 45 1 0 21 0 0 0 0 0 0 0 0 0 0 0 11 0 0 0 0 0 0 0 8 0 0 0 0 0 0 0 0 0 0 1 0 0 0 0 0 0 0 0 0 0 0 0 0 10 0 0 0 1 0 12 11 0 0 0 0 1 1 0 0 13 0 11 9 1 0 21 19 0 23 11 0 15 2 34 6 31 0 0 14 31 0 0 0 0 0 0 0 0 0 0 0 0 0 0 0 0 0 0 1 0 0 0 0 7 0 0 0 0 0 0 0 0 0 0 0 0 0 0 0 0 0 14 0 0 0 74 0 0 0 0 0 0 0 10 0 2 2 0 0 1 0 0 0 0 0 0 0 0 0 0 0 0 0 0 0 0 3 0 10 0 0 0 3 0 0 0 0 0 0 
 0 0 0 0 0 2 0 0 0 0 0 0 0 0 0 0 0 0 0 0 0 0 61 62 0 62 0 1 1 0 61 17 0 0 0 0 0 1 1 1 0 79 225 64 22 29 353 81 157 95 69 45 98 37 132 139 90 244 70 98 0 0 0 0 0 0 3 0 0 0 0 0 0 0 0 0 0 1 0 0 0 0 0 0 0 0 0 7 0 0 0 0 0 0 0 0 0 0 0 0 0 0 0 0 10 0 0 0 0 0 0 22 0 0 0 0 0 11 0 0 40 27 1 1 17 0 4 0 26 0 13 1 13 13 18 25 35 23 0 0 0 0 0 0 0 0 0 0 0 0 0 0 3 1 0 0 0 0 11 0 0 0 0 0 0 0 0 0 0 0 0 9 5 0 0 0 0 0 0 0 0 0 0 0 10 8 0 0 0 0 1 17 0 0 0 0 0 0 0 0 16 52 22 19 10 0 15 17 0 24 0 62 1 3 0 2 13 0 1 11 0 0 0 0 0 0 0 0 0 0 0 0 0 0 0 0 0 0 5 0 0 0 1 0 0 0 0 0 0 18 0 5 0 2 0 0 0 0 0 0 0 0 0 65 1 2 0 0 0 0 0 0 0 0 0 0 0 0 0 0 0 0 3 0 14 0 0 0 2 0 
 37 0 0 79 0 1 0 0 0 0 2 3 0 0 0 0 0 0 0 0 2 2 4 2 2 2 2 3 3 2 1 2 4 5 2 2 2 3 3 1 79 0 301 79 127 305 247 135 128 307 21 36 37 90 359 468 104 206 54 25 0 0 0 4 13 0 0 0 0 0 0 0 51 0 0 0 0 0 0 0 0 0 0 0 0 0 0 0 0 0 0 0 0 0 0 0 0 0 0 0 0 0 0 0 0 1 0 0 0 0 0 0 0 15 0 0 0 0 0 0 0 0 0 21 13 21 0 6 16 15 21 14 14 0 10 11 60 11 0 14 0 13 0 0 0 9 0 1 0 0 0 0 0 31 0 0 0 0 0 0 0 0 22 0 0 0 0 0 0 0 0 0 0 17 0 0 0 0 0 0 0 0 0 0 0 18 0 0 0 0 0 0 0 0 0 0 0 0 0 0 4 0 19 4 22 1 0 42 13 7 12 0 0 23 0 0 10 12 0 0 0 0 0 0 0 3 0 0 0 0 0 0 8 11 0 0 0 0 7 13 0 0 4 0 0 0 0 0 0 0 0 6 0 0 0 0 0 0 0 0 0 0 1 1 67 2 0 66 0 0 6 0 0 0 0 5 0 0 0 0 0 0 0 0 0 39 0 0 0 0 
 2 3 2 3 2 3 67 8 3 3 5 3 3 3 3 3 3 3 3 3 0 0 0 0 0 0 0 0 0 0 0 0 0 0 0 0 0 0 0 0 225 301 0 112 266 97 86 87 146 210 59 44 109 74 57 160 160 295 37 93 1 0 3 0 1 2 0 0 0 1 4 2 0 8 1 6 0 2 44 0 0 0 24 0 0 0 0 0 0 0 0 0 0 0 0 0 0 0 0 0 0 0 15 0 0 0 0 0 0 0 0 0 0 0 0 0 0 0 0 0 0 1 14 0 16 0 0 1 0 29 15 23 0 11 0 14 22 6 0 0 2 0 0 0 0 0 0 0 0 0 0 0 26 22 0 37 0 0 2 0 0 0 0 0 0 0 0 0 0 0 9 11 5 0 0 0 0 0 0 0 0 0 0 15 0 9 0 0 0 0 0 0 0 0 0 0 0 0 13 0 20 21 35 51 25 6 0 0 0 0 9 32 9 25 7 0 15 0 0 0 0 0 0 0 0 0 0 0 10 0 0 0 39 9 4 0 0 0 14 11 0 0 20 0 0 0 0 0 0 0 0 13 1 0 0 0 0 0 0 1 0 0 35 1 1 1 0 1 0 0 0 0 0 0 0 0 0 0 0 0 0 0 0 0 45 0 0 56 0 0 
 3 0 0 0 0 0 0 0 0 0 2 0 0 0 0 0 0 0 0 0 0 3 0 0 0 0 0 0 0 0 0 0 0 0 0 0 0 0 0 0 64 79 112 0 66 195 293 74 71 64 73 243 48 90 75 106 58 176 83 54 0 0 5 0 0 0 50 21 0 3 0 0 48 52 7 76 0 0 1 50 0 0 0 0 0 0 3 5 0 0 0 0 0 0 0 2 0 0 0 8 2 0 0 0 0 0 0 0 0 0 0 0 0 0 0 0 0 0 0 0 0 0 0 10 0 4 0 0 0 0 0 0 0 0 13 0 11 2 0 0 18 0 0 0 0 0 8 0 0 16 0 0 0 1 0 5 0 0 19 1 0 0 0 0 0 0 5 7 0 0 0 0 4 16 0 0 0 0 0 0 0 0 0 0 0 0 0 0 0 0 0 0 0 0 0 0 0 0 0 0 14 0 8 11 12 51 0 0 0 12 14 0 0 11 0 0 12 10 0 0 21 0 0 0 0 0 19 6 0 0 0 0 12 0 17 0 15 32 0 21 0 0 0 0 0 0 0 0 0 0 0 16 0 2 0 0 0 0 0 0 0 0 4 0 0 0 4 1 0 0 4 0 0 0 0 0 0 0 0 0 0 2 0 0 15 0 0 0 1 0 
 26 56 0 0 63 1 0 66 35 27 3 0 0 0 62 13 62 0 0 61 0 0 0 58 0 0 2 0 0 0 0 0 0 0 0 0 0 0 0 0 22 127 266 66 0 175 271 71 75 237 216 89 56 364 81 102 119 291 70 141 0 0 0 0 0 0 24 0 0 5 0 0 0 0 8 0 0 0 9 49 0 0 0 8 6 0 0 6 0 0 18 0 0 0 11 0 11 0 0 0 0 0 0 0 0 0 0 0 0 0 0 0 0 0 0 0 0 0 0 0 0 11 1 0 41 6 0 0 0 21 3 16 0 0 0 1 0 7 0 0 0 3 0 0 0 0 4 9 0 0 0 0 5 21 0 0 0 0 10 0 1 0 0 11 0 0 4 0 1 0 0 17 0 0 0 0 0 1 0 0 0 0 0 0 0 0 0 0 0 0 0 0 0 0 0 0 0 0 0 0 0 0 0 0 0 4 0 0 0 0 8 0 0 0 0 0 0 0 0 0 12 0 0 0 0 3 0 0 9 0 0 0 32 41 0 8 0 0 10 13 0 0 18 0 0 0 0 0 1 0 0 4 0 0 0 0 0 0 0 1 0 0 1 2 2 0 2 6 0 0 0 0 0 0 0 0 0 0 0 0 0 0 0 0 0 19 0 0 0 0 
 1 1 3 3 3 5 3 3 1 2 5 2 2 3 64 0 0 1 1 2 3 3 3 3 3 3 3 3 3 3 3 3 3 3 3 6 3 3 3 4 29 305 97 195 175 0 32 67 38 115 92 93 231 70 40 75 265 55 30 43 0 0 0 0 0 0 0 50 0 2 0 1 29 3 55 4 57 1 54 0 0 0 0 0 0 0 0 0 0 0 0 0 0 0 0 0 0 0 0 0 0 0 0 0 0 0 0 0 0 0 0 0 0 0 0 0 0 0 0 0 0 0 0 33 31 1 0 0 0 6 0 6 0 10 4 10 1 19 0 0 55 14 0 0 0 1 10 12 0 7 0 0 0 31 0 5 0 0 0 0 0 0 0 0 0 0 0 0 0 0 0 0 0 0 0 0 0 0 0 0 0 0 0 0 0 0 0 0 0 0 0 0 0 0 0 0 0 0 0 0 0 0 11 12 27 29 13 0 0 7 4 0 0 0 0 0 0 0 0 0 20 0 0 0 0 11 24 19 0 0 0 0 16 9 9 0 0 0 0 19 0 0 10 0 0 0 0 1 0 0 0 6 0 0 0 0 1 0 0 0 0 0 73 0 5 2 1 35 1 0 20 0 0 0 0 0 0 0 0 0 0 0 0 0 14 5 0 0 0 0 
 0 2 0 0 0 0 0 0 0 0 0 0 0 4 45 0 0 0 12 0 0 0 1 0 71 36 0 0 0 1 28 127 0 0 0 0 0 0 0 0 353 247 86 293 271 32 0 172 58 48 472 26 103 128 48 110 39 64 74 30 0 0 7 3 0 6 0 0 0 0 0 27 2 2 2 7 0 0 9 0 0 0 14 2 0 0 12 9 0 0 0 0 7 4 8 9 0 0 0 0 0 0 0 0 15 5 0 0 0 0 0 12 0 0 0 0 0 0 0 0 5 0 10 0 6 13 14 15 0 0 0 0 29 0 25 1 19 0 0 28 0 0 0 0 0 0 0 0 0 0 0 0 0 0 0 5 0 0 0 0 0 0 0 0 0 0 8 12 0 0 0 0 2 3 27 7 12 0 0 7 0 0 1 0 0 0 0 0 0 0 18 27 0 0 0 0 0 0 0 0 24 24 10 19 1 0 0 50 2 0 13 1 10 5 0 10 41 10 0 7 0 0 0 0 0 0 0 0 0 0 0 0 0 0 17 0 0 0 0 0 0 0 0 0 0 0 0 0 0 0 0 19 0 2 0 0 1 0 0 0 0 0 0 2 0 3 0 0 0 0 12 0 0 0 0 0 0 0 0 0 0 0 0 0 1 0 0 0 2 0 
 2 3 28 3 3 3 3 3 3 3 4 3 3 3 3 9 3 5 3 5 0 0 0 0 0 125 0 0 0 0 0 30 3 1 0 0 0 0 0 2 81 135 87 74 71 67 172 0 348 170 171 51 186 232 154 45 149 81 69 47 13 0 0 0 0 0 0 0 3 0 0 3 0 0 0 0 0 0 0 51 0 0 0 0 0 0 0 0 0 0 0 0 0 0 0 0 0 0 0 16 0 0 0 0 15 19 0 0 0 0 0 36 0 0 0 0 0 0 0 0 43 29 20 33 15 3 2 19 0 45 5 17 48 36 11 12 6 11 0 0 0 0 0 0 0 0 5 23 0 0 0 0 0 0 0 0 0 0 8 0 0 0 0 0 0 0 3 0 0 0 0 0 0 0 0 0 0 0 0 0 0 0 0 0 14 1 0 0 0 0 0 0 0 0 0 0 0 0 0 0 10 22 2 4 0 0 37 6 23 1 17 26 0 9 7 16 33 0 1 0 0 0 0 0 0 0 0 0 0 0 0 0 19 0 0 0 0 0 8 0 0 0 0 0 0 0 0 0 0 0 0 5 0 0 0 0 0 1 0 0 0 0 0 0 0 0 0 0 0 0 0 0 0 0 0 0 0 0 0 0 0 0 2 14 2 9 0 0 0 0 
 3 2 6 5 2 2 2 2 2 5 4 7 2 2 2 2 2 2 2 2 0 2 3 0 0 56 0 0 1 0 0 0 4 0 2 0 0 0 13 1 157 128 146 71 75 38 58 348 0 95 262 52 83 98 234 316 149 67 86 65 0 0 0 0 0 0 0 0 0 1 0 0 2 3 0 3 0 0 0 0 0 0 0 0 7 4 0 0 4 0 0 0 0 0 0 0 0 1 0 0 0 0 0 0 0 19 0 0 0 0 0 0 0 0 0 0 0 0 0 0 10 0 15 17 17 3 0 8 58 9 33 15 19 40 17 17 10 10 0 10 0 0 0 0 0 0 0 2 0 0 0 0 22 30 0 0 0 0 0 0 0 0 0 0 0 4 0 0 0 1 0 14 3 0 0 0 0 0 0 0 0 0 0 0 0 18 0 0 0 0 0 0 5 0 0 0 0 0 9 0 17 0 27 0 24 0 18 0 22 12 0 29 0 0 0 12 6 18 0 0 0 0 0 0 0 0 0 0 0 0 0 0 7 9 0 0 0 0 26 11 0 0 20 0 0 0 0 0 0 0 0 6 0 2 0 0 0 0 0 0 0 0 0 64 66 0 0 1 0 0 0 0 0 0 0 0 0 0 0 0 0 0 0 0 0 0 0 0 2 0 
 2 0 0 0 0 0 0 0 0 0 0 0 0 0 0 0 0 53 0 0 3 3 209 4 7 3 60 3 6 6 2 7 9 12 4 8 3 53 3 3 95 307 210 64 237 115 48 170 95 0 97 112 323 166 108 375 316 70 492 198 0 0 0 0 0 0 60 0 0 0 85 0 0 0 0 0 0 1 51 53 0 0 0 17 0 1 0 0 0 0 0 0 0 0 0 0 0 0 0 0 0 0 0 0 0 0 8 6 8 0 4 0 0 4 0 0 6 0 0 17 0 0 10 1 10 19 0 0 1 30 7 5 0 0 0 8 0 15 0 0 0 0 0 0 0 0 25 20 10 0 0 0 17 17 0 0 0 0 21 0 0 0 0 0 0 0 3 0 0 0 0 1 0 0 0 0 0 0 0 0 0 7 0 0 0 0 11 0 0 6 8 0 0 0 6 0 0 0 0 4 0 0 0 8 8 1 0 0 0 3 13 10 9 11 8 0 0 0 0 0 7 22 0 0 0 0 0 0 3 7 0 0 17 24 0 15 0 0 26 10 0 0 19 0 0 1 0 0 0 0 0 5 0 0 0 0 0 0 0 35 0 0 65 0 1 23 3 3 0 0 0 0 0 0 0 0 0 0 0 0 0 4 0 0 5 12 0 7 0 0 
 0 2 0 0 0 0 0 0 0 0 0 0 0 0 7 0 0 0 0 0 0 0 1 0 2 6 1 3 6 3 0 0 62 0 0 0 5 0 0 0 69 21 59 73 216 92 472 171 262 97 0 128 300 170 113 433 100 130 27 180 4 0 0 2 0 3 106 0 0 0 0 0 0 0 4 0 0 0 3 0 0 0 0 0 0 0 0 0 0 0 0 0 0 0 0 0 0 0 0 0 0 0 0 3 0 2 0 0 0 0 0 0 0 0 0 22 0 8 0 0 0 21 49 0 20 21 0 26 29 10 7 10 9 11 1 14 0 36 3 0 0 0 0 0 0 0 64 0 0 0 0 0 1 0 0 0 0 0 13 21 0 0 0 0 0 0 6 0 0 0 0 1 0 0 0 0 0 0 0 0 4 0 0 0 4 0 6 0 4 0 0 0 0 0 0 6 0 9 0 9 0 0 0 11 0 0 0 0 27 22 9 14 0 13 1 0 0 0 0 3 7 0 0 0 0 0 0 11 1 0 0 0 37 7 9 12 0 0 5 0 0 0 1 0 0 0 0 0 0 0 0 10 0 0 0 0 0 0 3 1 0 26 0 0 64 2 0 4 0 0 0 0 0 0 0 0 0 0 0 0 0 0 0 0 0 0 0 6 0 0 
 2 6 0 0 0 8 4 0 0 0 2 3 2 6 0 5 0 7 0 64 2 2 0 2 2 2 2 3 3 2 1 0 2 2 0 2 0 3 0 1 45 36 44 243 89 93 26 51 52 112 128 0 36 23 152 274 84 287 33 36 0 0 3 0 0 0 22 100 4 0 2 0 50 21 51 22 54 0 0 24 6 0 0 0 0 0 0 0 0 0 0 2 0 0 0 0 0 0 0 0 0 0 0 0 0 0 0 0 0 0 0 0 0 0 0 0 0 0 2 0 0 0 0 0 0 19 0 0 0 0 0 0 0 0 0 0 0 0 0 0 31 1 0 0 0 0 10 0 7 23 0 0 18 0 8 0 0 0 29 0 5 3 0 0 0 0 0 0 0 0 8 0 0 0 0 0 0 8 4 0 0 0 0 0 0 0 0 0 0 0 0 0 0 0 0 0 0 0 0 0 0 0 0 0 0 11 0 0 0 0 0 0 0 0 0 0 0 0 0 0 20 0 0 1 1 0 43 28 7 0 5 10 0 2 17 13 14 12 18 20 0 2 0 0 0 0 0 0 0 0 0 2 0 2 0 0 0 0 0 0 0 1 12 0 0 0 0 0 1 0 12 0 0 0 0 0 0 0 0 0 0 2 0 0 0 0 0 0 1 0 
 0 0 4 0 0 0 0 7 0 0 0 0 0 0 1 1 0 0 0 3 0 0 65 63 0 24 2 0 0 0 22 2 0 62 0 0 0 5 0 2 98 37 109 48 56 231 103 186 83 323 300 36 0 415 99 64 132 83 359 169 9 0 0 0 0 0 0 51 40 0 0 2 0 17 0 0 0 0 4 9 0 0 0 0 0 0 0 0 0 0 0 0 0 0 0 0 0 0 0 0 0 0 0 0 8 15 0 0 0 0 0 15 0 0 0 0 9 0 0 0 20 70 0 9 0 39 0 16 0 24 1 11 28 12 3 12 9 0 0 21 9 0 0 0 0 0 5 0 0 0 0 0 5 0 1 0 0 0 10 9 0 0 0 0 0 0 0 0 0 0 0 0 0 0 0 0 5 0 0 0 0 0 0 0 16 8 0 0 0 0 0 35 0 0 0 0 0 0 0 0 0 42 10 11 8 0 7 49 2 4 50 11 2 0 19 9 17 0 10 37 0 0 0 0 0 0 5 3 0 0 0 0 0 0 7 0 0 0 8 0 0 0 0 0 0 0 0 0 0 0 0 8 0 0 0 0 0 0 0 0 0 0 0 0 1 3 2 0 0 0 0 0 0 0 0 0 0 0 0 0 0 0 0 0 12 0 0 14 0 0 
 1 0 0 0 0 0 0 0 2 0 2 0 0 1 0 0 0 0 0 0 0 0 3 0 0 0 2 0 0 0 0 0 0 1 0 1 2 0 0 0 37 90 74 90 364 70 128 232 98 166 170 23 415 0 334 230 43 346 110 233 16 0 0 0 0 0 2 0 0 0 0 0 0 0 0 0 0 0 0 0 0 0 0 0 0 0 0 0 0 0 0 0 0 0 0 0 0 0 0 0 0 0 0 0 0 2 0 0 0 0 0 0 0 0 0 0 0 0 0 0 0 22 32 8 13 20 11 22 23 43 6 0 19 7 10 5 18 8 0 28 0 0 0 0 0 0 11 0 0 0 0 0 0 0 0 0 0 0 4 0 0 0 0 0 9 0 2 0 0 0 0 0 0 0 0 0 0 0 0 0 0 0 0 0 0 8 0 0 0 0 0 0 0 10 0 0 0 0 0 0 14 0 0 4 0 0 13 5 17 4 39 25 12 34 10 10 17 9 0 0 0 0 0 0 0 0 0 0 0 0 0 0 8 0 0 0 0 0 0 0 0 0 0 0 0 0 0 0 0 0 0 5 0 0 0 0 0 0 0 0 0 0 0 0 1 2 0 0 1 0 29 13 0 0 0 0 0 0 0 0 0 0 0 0 27 12 0 8 0 0 
 2 37 2 3 2 5 3 5 3 3 5 9 3 5 3 3 3 3 3 3 2 5 67 2 2 58 5 2 2 2 3 2 3 2 2 4 2 2 2 3 132 359 57 75 81 40 48 154 234 108 113 152 99 334 0 79 95 77 39 104 7 0 0 3 0 3 3 0 0 0 0 0 0 0 0 3 1 0 3 0 0 0 0 0 0 0 0 0 0 0 0 0 0 0 0 0 0 0 0 0 0 0 8 0 0 4 0 0 0 0 0 0 0 0 0 0 0 0 0 0 9 8 14 33 2 1 0 31 25 19 17 33 26 20 0 30 20 19 0 15 0 0 10 0 0 0 12 1 0 0 0 0 1 8 0 0 16 0 0 0 0 0 0 0 0 0 0 0 0 0 0 9 5 0 0 0 0 0 0 0 0 0 0 0 0 17 0 0 0 4 0 0 0 0 0 0 0 0 0 0 13 0 22 11 10 1 27 1 66 10 0 25 0 30 11 8 24 36 1 0 0 2 0 0 0 0 0 1 0 0 0 0 3 0 0 0 0 0 18 4 0 0 0 0 0 0 0 0 0 0 0 4 0 2 0 0 0 0 0 2 0 0 1 2 63 0 8 0 2 0 0 0 0 0 0 0 0 0 0 0 0 0 0 0 0 0 0 0 2 0 
 6 7 0 0 0 1 14 0 0 0 4 0 6 8 3 4 8 4 7 4 0 0 66 0 0 1 0 0 0 4 1 0 0 3 0 0 0 0 0 6 139 468 160 106 102 75 110 45 316 375 433 274 64 230 79 0 640 109 20 75 0 2 1 1 2 1 0 2 2 1 1 1 2 2 4 2 0 2 0 2 9 0 0 4 0 0 0 0 0 4 0 5 26 7 26 0 1 0 0 0 0 0 0 0 0 0 0 0 0 0 0 5 0 0 0 0 0 0 5 0 0 20 19 0 50 19 0 0 0 29 15 16 0 0 16 0 3 8 0 0 0 0 0 0 0 0 0 0 0 0 0 0 12 10 0 5 5 8 0 0 5 7 0 0 0 0 1 1 7 0 0 0 0 0 3 11 8 9 14 12 0 0 0 0 0 0 0 0 0 0 0 0 0 0 0 0 0 0 0 0 9 0 15 29 31 11 0 0 1 0 7 20 0 19 16 0 4 7 0 0 0 0 0 0 0 0 0 0 0 0 0 0 7 10 0 0 0 0 10 10 0 5 10 0 0 0 1 0 0 0 0 13 0 0 0 0 0 0 0 1 0 0 4 2 3 2 0 1 0 0 8 0 0 0 50 0 0 0 0 0 0 0 0 0 19 8 0 8 0 2 
 0 0 0 0 0 0 0 0 0 0 3 0 0 0 0 0 0 0 0 0 0 0 0 0 0 62 1 0 0 0 0 2 0 0 0 0 0 0 0 0 90 104 160 58 119 265 39 149 149 316 100 84 132 43 95 640 0 304 49 52 1 0 3 0 0 0 0 0 0 0 4 0 53 0 3 7 0 0 0 16 0 0 0 0 0 0 0 0 0 0 0 0 0 0 0 0 10 0 0 0 0 0 0 0 0 9 0 0 0 0 0 0 0 0 0 0 0 0 0 0 11 16 9 11 10 14 0 7 2 33 19 19 9 4 0 0 0 11 0 0 0 0 0 1 0 0 12 4 11 0 0 0 11 13 0 25 0 0 16 0 0 0 0 0 0 0 19 0 0 0 0 0 0 0 0 0 0 0 0 0 0 0 0 0 14 0 0 0 0 0 0 0 0 0 0 0 0 0 0 0 0 0 0 2 8 0 4 1 22 2 45 24 0 0 6 9 0 0 0 0 0 10 0 0 0 0 0 0 0 11 0 0 17 14 0 0 3 0 46 10 0 0 13 0 0 0 0 0 0 0 0 10 0 0 0 0 0 0 0 21 0 0 0 0 63 17 0 0 2 0 5 0 0 0 0 0 0 0 0 0 0 0 0 0 0 0 0 9 0 0 
 0 0 0 0 0 2 0 0 0 0 0 0 0 0 0 0 0 1 0 0 2 0 0 0 0 0 65 0 0 0 0 0 0 0 0 0 0 0 0 0 244 206 295 176 291 55 64 81 67 70 130 287 83 346 77 109 304 0 29 29 5 2 0 0 0 0 37 0 0 0 0 0 0 0 0 0 0 0 0 0 0 0 0 0 0 0 0 0 0 0 0 0 0 0 0 0 0 0 0 0 0 0 0 0 0 3 0 0 0 0 0 0 0 10 0 0 8 0 0 0 0 14 0 28 8 29 0 23 21 15 3 0 11 31 6 44 9 9 0 0 0 0 0 0 0 0 0 2 11 0 0 0 0 7 0 8 1 0 0 0 0 0 0 0 0 0 0 0 0 0 0 0 0 0 0 0 0 0 0 45 0 0 0 0 0 4 0 0 0 0 0 0 0 0 0 0 0 0 0 0 11 0 16 22 7 20 11 11 40 31 10 8 0 30 9 8 11 28 0 0 0 14 0 0 0 0 0 14 0 7 0 0 11 0 0 0 0 0 24 7 0 0 0 0 0 0 0 0 0 0 0 0 0 0 0 0 0 1 0 23 0 0 4 0 63 37 5 4 2 0 18 0 0 0 0 0 0 0 0 0 0 0 0 0 7 0 0 0 0 0 
 2 0 0 0 0 2 2 28 2 2 2 2 0 2 0 2 0 0 2 0 1 2 2 2 65 80 4 0 63 65 6 128 1 1 1 37 63 1 1 65 70 54 37 83 70 30 74 69 86 492 27 33 359 110 39 20 49 29 0 128 0 0 0 0 7 1 8 0 0 0 0 0 0 0 0 0 0 0 1 5 0 0 2 0 0 0 0 29 0 0 0 0 0 0 0 0 0 0 0 0 0 0 0 10 44 0 0 0 14 0 30 2 0 0 0 8 0 11 13 0 0 0 5 0 0 0 22 20 0 0 0 0 0 0 0 0 0 9 23 2 0 0 0 0 0 0 0 0 0 0 0 3 0 0 0 0 0 0 1 0 0 0 0 0 0 0 0 0 0 0 0 0 0 0 3 0 2 0 0 0 0 11 16 0 0 0 0 0 5 18 11 45 0 0 1 1 18 0 0 0 15 3 0 0 0 0 0 0 0 0 0 0 15 0 10 0 0 1 14 19 0 0 0 0 0 0 0 0 0 0 1 0 0 0 0 0 0 0 0 0 0 0 0 0 0 0 0 0 2 0 0 0 0 0 0 0 0 1 0 0 0 12 0 0 0 4 20 0 0 0 0 0 0 0 0 0 0 0 0 0 0 1 0 0 0 0 0 0 0 0 
 0 0 0 0 0 0 0 0 0 0 1 0 0 0 0 0 0 0 0 0 0 0 19 24 73 62 0 0 3 2 75 66 2 2 0 5 0 0 0 1 98 25 93 54 141 43 30 47 65 198 180 36 169 233 104 75 52 29 128 0 4 0 0 0 1 0 6 4 1 15 0 0 33 5 4 6 2 3 2 5 0 0 0 0 0 0 0 0 0 0 0 0 0 0 0 0 0 15 0 0 5 0 0 12 0 0 6 1 2 0 0 7 7 0 1 0 0 0 0 6 14 29 54 9 19 0 2 11 1 0 1 0 10 11 23 26 0 6 0 0 0 0 0 0 0 0 0 0 0 0 20 0 0 0 0 0 0 0 2 0 0 0 0 0 0 0 1 0 0 0 0 2 0 0 0 0 0 0 0 0 16 1 0 0 1 0 6 0 0 0 5 0 6 66 10 0 0 0 0 0 1 24 0 7 8 10 21 10 10 11 7 8 3 13 42 0 6 8 0 4 0 0 0 0 0 0 0 0 0 0 0 0 0 0 0 0 0 0 0 0 0 0 0 0 0 0 0 0 0 0 0 14 0 0 0 0 0 0 0 0 0 0 2 2 0 0 0 0 0 0 0 0 0 0 0 0 0 0 0 0 0 15 0 0 19 0 0 0 0 0 
 0 0 0 0 0 0 0 0 0 0 0 0 0 0 0 2 0 0 10 0 0 0 3 0 0 0 0 0 0 0 0 21 0 0 0 0 0 0 0 0 0 0 1 0 0 0 0 13 0 0 4 0 9 16 7 0 1 5 0 4 0 208 161 46 52 88 213 284 125 195 67 99 82 62 71 92 371 135 334 86 0 0 0 0 0 0 0 0 0 0 0 0 0 0 0 0 8 0 0 0 1 1 22 1 2 7 1 1 1 2 2 2 3 3 1 1 2 11 1 3 0 14 1 10 0 0 0 3 0 0 0 0 16 7 0 7 5 0 0 0 4 3 1 23 13 1 0 0 20 24 0 18 21 9 26 17 46 20 0 30 0 0 0 0 0 0 0 0 0 0 0 0 0 0 0 0 0 11 0 0 0 0 0 0 0 6 0 0 0 0 0 0 0 0 0 0 0 0 0 0 0 4 6 0 0 0 7 5 3 0 10 6 0 2 6 7 23 1 3 0 44 43 19 9 0 0 0 0 13 1 9 21 14 33 14 14 21 50 9 0 11 0 0 0 0 0 0 0 0 0 0 0 0 0 6 0 0 0 0 0 0 0 0 0 0 0 21 0 0 0 11 0 0 1 0 0 0 0 0 0 0 0 0 0 0 2 0 0 0 0 
