 0 197 99 241 260 31 420 239 323 45 217 43 370 67 162 31 25 29 297 225 0 77 0 0 0 2 0 3 3 0 3 2 0 0 0 0 0 0 0 0 0 0 3 0 2 0 0 2 8 3 0 1 0 0 4 0 2 0 0 0 0 0 3 45 0 0 0 0 0 3 0 0 2 0 0 3 0 3 1 0 3 0 1 0 0 0 11 26 9 9 0 0 9 19 1 8 0 11 21 33 0 4 0 0 0 0 9 0 0 0 0 0 0 1 0 0 0 0 0 0 0 0 0 0 0 0 0 0 0 0 0 0 0 0 0 0 0 2 0 0 0 0 0 0 0 0 0 0 0 0 0 0 0 0 12 0 0 0 2 0 27 13 14 0 0 0 21 9 4 0 0 0 14 0 0 0 0 7 14 18 0 0 0 0 0 2 0 0 0 0 0 0 0 0 0 0 0 0 0 0 0 0 0 0 0 0 0 0 0 0 0 0 0 0 0 0 0 0 0 0 15 2 0 0 0 0 0 0 0 0 2 0 0 1 0 0 0 0 0 0 0 0 0 0 0 4 1 0 0 2 9 6 0 1 0 0 0 0 0 0 0 0 0 0 0 0 0 0 0 0 0 0 0 0 0 0 10 0 0 0 0 0 0 0 0 0 0 0 0 0 
 197 0 249 125 44 35 258 56 220 297 126 265 130 336 54 124 28 113 110 163 0 4 0 0 0 2 76 3 3 0 3 2 0 0 0 0 0 2 62 0 0 1 3 0 3 0 0 3 0 3 0 0 0 0 0 0 3 0 0 0 0 0 2 0 0 0 0 0 0 0 0 0 3 0 0 3 0 3 0 0 0 18 33 0 0 17 16 35 39 25 0 13 14 0 8 7 7 12 19 29 0 0 2 0 0 0 24 0 0 0 0 0 0 0 0 0 0 0 0 0 0 0 0 0 0 0 15 0 0 0 0 0 0 0 0 0 0 1 0 0 0 0 0 0 0 0 0 0 0 0 0 0 0 0 0 1 0 0 0 0 18 25 14 0 19 1 6 16 64 0 10 0 3 23 9 49 10 0 21 0 22 9 0 0 0 1 0 0 0 0 13 0 0 0 0 0 0 0 15 18 7 0 0 0 0 0 0 0 0 0 0 0 0 0 0 0 0 0 0 0 0 1 0 0 0 0 0 0 0 0 0 0 0 2 0 0 0 0 0 8 0 14 0 0 0 0 1 0 0 87 0 2 0 2 0 0 0 0 0 0 0 0 0 0 0 0 0 0 0 0 0 0 0 0 0 23 0 9 0 0 0 0 0 0 0 0 0 0 0 0 
 99 249 0 177 246 30 82 252 136 470 333 25 91 140 300 278 138 26 28 49 0 3 0 0 0 0 0 3 3 0 3 2 0 0 1 0 0 0 0 0 0 0 3 0 0 0 2 0 0 1 0 0 0 0 0 0 0 0 0 0 0 0 2 0 3 1 0 0 0 0 0 0 2 0 0 3 0 2 3 0 23 61 13 0 21 0 12 38 14 1 22 18 17 5 11 37 69 12 10 17 0 1 0 0 0 0 0 0 0 0 0 2 0 0 0 0 0 0 0 0 0 0 0 0 0 0 1 0 0 0 2 1 21 0 0 0 0 0 0 0 0 0 0 0 0 0 0 0 0 0 0 0 0 0 0 0 0 4 3 0 10 16 39 15 10 0 43 13 37 10 2 23 10 29 28 10 58 1 0 13 1 0 0 0 0 0 2 0 0 0 1 0 0 1 0 0 0 0 10 0 0 0 2 0 0 0 0 0 0 0 0 0 0 0 0 0 0 0 0 0 0 0 0 0 0 0 0 0 0 0 0 0 0 0 0 0 0 0 0 19 0 1 0 0 2 0 2 0 93 4 0 4 11 0 0 0 0 0 0 0 0 0 0 0 0 0 0 0 0 0 0 0 0 0 0 12 0 0 0 0 0 0 0 0 0 0 0 0 0 0 
 241 125 177 0 74 263 85 250 544 174 149 137 68 70 336 26 225 45 79 352 2 3 0 0 0 0 48 3 5 0 3 2 0 2 0 2 0 0 73 82 0 0 3 0 0 0 0 0 0 1 0 0 1 0 0 0 0 0 0 0 0 0 2 31 3 24 0 0 0 9 0 38 2 0 0 3 0 31 3 0 7 26 2 76 12 10 0 0 19 21 0 16 0 1 0 62 7 11 0 19 0 71 0 0 0 0 18 0 0 0 0 0 0 0 13 0 0 0 0 0 0 0 0 0 0 0 0 0 0 0 0 0 0 0 0 0 0 0 0 0 0 0 0 0 0 0 0 0 0 0 0 0 0 0 4 0 0 0 0 0 0 16 0 19 0 1 0 11 33 7 11 10 13 0 9 11 4 1 0 8 0 0 0 0 0 0 23 14 0 8 0 0 17 1 0 0 0 0 23 33 0 0 0 0 0 0 0 0 0 0 0 0 0 0 0 0 0 0 0 0 0 0 0 0 0 0 0 0 0 0 0 0 0 0 0 0 0 0 0 0 0 0 0 0 0 0 94 0 2 0 10 11 15 0 0 0 0 0 0 0 0 0 7 0 0 0 0 0 0 0 0 0 0 0 0 0 12 0 0 0 0 0 0 0 0 0 0 0 0 0 
 260 44 246 74 0 178 197 299 266 130 138 44 96 129 278 169 158 131 298 246 2 78 0 0 0 0 0 3 5 91 3 2 73 2 59 1 57 1 0 75 0 1 3 3 3 0 0 3 0 3 0 0 0 0 0 0 3 0 0 0 0 0 2 0 0 0 0 0 0 0 3 2 66 0 0 3 0 3 0 0 15 21 37 10 11 14 0 22 28 24 1 9 1 9 30 38 59 25 10 0 0 0 0 22 0 0 31 0 0 0 0 0 18 0 0 0 13 0 5 14 1 0 0 0 0 0 0 0 0 0 0 0 0 0 0 0 0 0 0 0 0 0 0 0 0 0 0 0 0 0 0 0 0 0 0 0 0 1 1 0 2 0 17 7 14 0 4 21 11 0 0 0 0 13 27 7 13 0 0 9 14 23 0 16 0 0 0 10 20 21 0 0 28 0 0 0 0 19 19 0 0 0 14 0 0 0 0 0 0 0 0 0 0 0 0 11 0 0 0 0 0 0 0 0 0 0 0 0 0 2 0 0 0 0 0 0 0 0 0 59 0 0 0 0 0 0 89 0 2 178 2 4 0 0 0 0 0 0 0 0 0 0 0 0 0 0 0 0 0 0 0 0 0 0 0 12 15 0 0 0 0 1 0 0 0 0 0 0 0 0 
 31 35 30 263 178 0 248 120 88 257 91 38 35 47 133 73 144 151 70 39 0 20 0 0 0 0 74 3 3 23 3 2 71 5 76 76 88 2 24 111 2 68 66 2 0 0 0 0 0 1 0 0 0 0 3 0 0 3 0 0 0 0 2 0 5 0 0 0 0 7 0 3 2 0 0 3 0 2 3 0 0 61 0 9 15 20 0 0 75 13 14 0 0 0 0 0 0 0 0 0 0 11 0 44 0 0 22 0 21 0 7 7 0 23 38 0 0 0 24 8 0 0 0 0 0 0 0 0 0 0 0 0 17 0 0 0 14 0 0 0 0 0 0 0 0 0 0 0 0 0 0 0 0 0 0 4 0 0 0 0 0 1 50 0 35 53 0 0 18 30 11 25 0 0 0 11 15 8 0 3 31 24 0 8 0 0 18 18 8 9 0 12 18 19 59 34 0 14 29 10 0 0 0 0 0 0 0 0 0 0 0 0 0 0 0 0 0 0 0 0 0 0 0 0 0 0 0 0 0 0 0 0 0 0 0 0 0 0 0 1 0 0 0 0 0 10 0 0 120 9 0 4 10 0 0 0 0 0 0 0 0 0 0 0 0 0 0 0 0 0 0 0 0 0 0 10 0 12 0 0 0 0 0 0 0 0 0 0 0 0 
 420 258 82 85 197 248 0 321 261 39 49 28 413 79 476 256 136 118 362 133 0 3 0 0 0 0 0 3 3 0 3 2 0 0 0 0 0 0 0 0 0 1 3 0 3 0 0 3 0 3 0 0 0 0 0 0 3 0 0 0 0 0 2 51 0 0 0 0 0 0 0 0 3 0 0 3 0 3 0 0 16 25 34 14 8 0 0 18 52 47 0 0 0 14 37 27 24 19 17 6 0 0 2 0 0 0 0 0 0 2 0 0 0 0 0 0 9 0 0 1 0 0 0 0 0 0 34 0 0 0 0 0 0 0 0 0 0 0 0 0 0 0 0 0 0 0 0 0 0 0 0 0 0 0 0 0 10 3 0 0 27 8 0 12 0 0 4 29 12 1 1 15 36 17 7 27 12 0 12 13 0 0 0 0 0 0 0 0 0 0 0 0 0 0 0 0 0 0 5 0 0 0 42 0 0 0 0 0 0 0 0 0 0 0 0 0 0 0 0 0 0 0 0 0 0 0 0 0 1 0 0 0 0 0 0 0 0 0 0 0 0 10 0 0 0 3 90 0 0 15 0 6 0 2 0 0 0 0 0 0 0 0 0 0 0 0 0 0 0 0 0 0 0 0 0 0 26 0 0 0 0 0 0 0 0 0 0 0 0 0 
 239 56 252 250 299 120 321 0 474 70 156 29 98 313 567 121 43 114 60 230 2 4 0 0 0 0 1 3 5 0 3 3 0 2 0 1 0 0 0 0 0 0 3 0 2 0 0 2 0 3 0 0 0 0 0 0 2 0 0 0 0 0 2 0 0 0 0 0 0 5 0 0 2 0 0 3 0 3 1 0 19 16 49 0 10 0 44 50 61 8 1 23 19 8 13 48 37 34 0 1 0 0 0 0 0 0 54 0 0 0 0 0 0 0 0 0 0 0 0 0 0 0 0 2 0 0 0 0 0 0 0 0 0 0 0 0 0 0 0 0 0 0 0 0 0 0 0 0 0 0 1 0 0 0 0 0 0 0 0 0 36 9 19 4 0 0 15 10 1 0 10 3 0 11 26 14 0 0 22 12 0 0 0 0 0 0 23 2 0 0 0 0 0 0 0 0 0 0 20 15 0 0 0 0 0 0 0 0 0 0 0 1 0 0 0 0 0 0 0 0 0 0 1 0 0 0 0 0 0 0 0 0 0 0 0 0 0 0 0 1 0 0 0 0 0 1 6 0 1 91 3 7 6 0 0 0 0 0 0 0 0 0 0 0 0 0 0 0 0 0 0 0 0 0 0 11 37 0 0 0 0 0 0 0 0 0 0 0 0 0 
 323 220 136 544 266 88 261 474 0 117 81 56 92 103 308 58 96 53 292 256 3 5 0 0 5 2 0 5 3 5 3 4 0 0 3 0 0 0 75 0 5 1 3 0 3 5 0 3 4 3 0 2 0 0 0 5 3 3 0 0 0 0 3 0 3 5 1 3 1 8 55 5 34 0 0 5 4 3 0 2 7 22 3 10 10 4 13 13 28 11 0 10 15 0 5 43 5 8 1 8 0 0 0 0 0 0 1 1 0 0 0 0 2 1 0 0 0 0 0 0 0 0 0 0 0 0 0 0 0 0 0 0 0 0 0 0 2 0 0 0 0 0 1 0 0 0 0 3 0 0 0 0 0 0 0 0 0 0 0 0 0 27 0 22 0 0 2 10 21 8 1 22 32 1 12 10 19 0 1 1 0 1 0 9 1 0 17 0 0 0 0 0 14 0 1 0 0 0 17 6 0 0 0 0 0 0 0 0 0 2 0 0 0 0 0 0 0 0 0 0 0 0 0 0 0 0 1 0 0 0 0 0 0 0 0 0 0 0 0 0 0 0 0 0 0 1 132 0 3 1 9 0 10 0 0 1 2 0 0 0 0 4 0 0 0 1 0 0 0 2 0 1 0 0 0 1 6 1 0 0 0 0 0 0 0 0 0 0 0 0 
 45 297 470 174 130 257 39 70 117 0 83 120 379 66 184 304 477 318 75 194 0 7 0 0 0 0 0 81 3 1 76 2 0 74 284 0 2 0 2 0 0 0 5 0 2 0 0 2 0 3 0 0 0 0 0 0 2 0 0 4 0 0 2 0 0 0 0 0 12 0 0 0 4 0 6 3 0 3 3 0 15 7 34 37 1 0 14 29 32 0 13 22 8 0 12 13 27 47 16 0 16 10 0 0 0 0 22 3 7 0 0 0 0 1 19 0 0 0 0 0 16 0 0 0 1 0 0 0 0 1 0 0 0 0 0 0 19 0 0 0 0 0 0 0 0 0 0 0 0 0 0 1 0 0 0 0 0 4 0 0 24 14 47 14 0 59 0 12 34 55 18 13 11 44 56 14 38 15 0 0 2 2 0 0 0 12 0 0 0 0 0 0 7 9 8 0 0 0 0 0 0 0 0 0 0 0 0 0 2 0 0 0 0 0 0 0 0 0 0 0 0 0 0 0 0 14 0 0 0 0 0 0 1 0 0 0 0 0 0 5 0 0 0 0 0 0 2 2 0 92 0 0 0 0 2 0 0 0 0 0 0 0 19 0 0 0 0 0 0 0 0 0 0 2 0 11 0 0 0 0 0 0 0 0 0 0 0 0 0 0 
 217 126 333 149 138 91 49 156 81 83 0 95 34 32 156 143 188 130 267 144 0 2 0 0 0 0 31 4 5 0 3 2 0 0 0 0 0 0 136 76 0 3 4 1 4 0 6 4 0 3 1 2 0 0 0 63 3 0 0 0 0 0 2 0 0 3 0 0 2 0 0 2 3 0 0 2 0 3 0 0 0 0 12 14 0 12 0 13 19 15 2 19 0 7 17 57 14 6 1 1 0 1 1 0 0 0 7 0 1 1 0 0 0 0 14 0 0 0 0 7 0 0 0 0 0 0 0 0 15 0 0 0 0 1 20 0 0 1 0 0 0 0 0 0 0 0 0 0 0 0 0 0 0 0 0 0 0 0 0 0 2 8 12 6 1 15 13 10 0 0 24 0 0 0 9 0 2 20 0 28 0 0 0 0 0 0 29 14 13 5 0 4 20 1 1 0 0 0 19 26 0 0 0 0 0 0 0 0 0 0 0 0 0 0 0 10 0 0 0 0 0 2 0 0 0 0 0 0 1 0 2 0 0 0 0 0 0 0 0 0 0 0 0 0 0 6 92 0 1 0 0 4 0 0 0 0 0 0 0 0 0 0 2 0 0 0 0 0 0 12 0 0 0 0 0 0 0 0 0 0 0 0 0 0 0 0 0 0 0 0 
 43 265 25 137 44 38 28 29 56 120 95 0 24 96 40 60 233 73 73 138 0 3 0 0 0 0 109 3 3 0 3 2 0 19 0 0 0 3 28 73 0 0 6 0 0 0 21 0 0 1 0 0 0 0 0 0 0 0 0 0 0 0 2 0 2 0 0 0 0 0 0 0 2 0 0 3 0 2 3 7 5 0 0 41 0 17 0 0 1 0 0 16 1 0 0 12 0 0 0 0 18 18 20 2 0 0 0 21 0 0 0 0 0 15 12 10 0 0 10 14 2 0 0 0 0 9 0 12 0 0 18 0 0 0 0 0 0 0 0 0 0 0 0 0 0 0 0 0 0 0 14 0 0 0 0 0 0 0 0 0 0 14 15 11 0 31 0 0 15 3 10 16 0 0 11 0 2 20 0 2 0 2 0 1 0 0 6 11 0 1 0 0 17 15 11 0 0 0 0 19 0 0 0 0 0 0 0 0 0 0 0 0 0 0 0 0 0 0 0 0 2 0 0 0 0 0 0 2 0 0 0 0 0 0 0 0 0 0 0 0 0 0 0 0 0 0 2 0 0 2 0 11 0 0 0 0 0 0 0 0 0 0 17 0 0 0 0 0 0 0 0 0 0 0 0 0 0 0 0 0 0 0 0 0 0 0 0 0 0 0 
 370 130 91 68 96 35 413 98 92 379 34 24 0 127 259 198 58 64 346 146 2 3 2 0 0 77 0 2 1 0 0 203 0 0 0 0 0 1 0 0 0 0 2 1 0 0 0 5 0 0 2 3 0 4 0 0 0 0 0 0 0 2 0 1 0 0 0 0 3 31 0 0 0 0 0 0 0 0 0 0 19 0 0 0 15 1 10 12 1 9 0 0 14 38 0 25 0 31 34 21 0 1 0 0 0 0 0 0 0 0 0 2 0 0 0 0 0 0 0 0 0 0 0 0 0 0 0 0 0 0 0 1 0 0 0 0 0 0 0 0 0 0 0 0 0 0 0 0 0 0 0 0 2 0 0 0 0 4 53 0 21 0 14 31 0 0 0 10 2 16 17 0 35 57 0 0 17 2 0 54 0 0 0 0 0 0 0 0 0 0 0 0 0 0 0 0 0 0 0 0 0 0 2 0 0 0 0 0 0 0 0 0 0 0 0 0 0 0 0 0 0 0 0 0 1 0 0 0 0 0 0 0 0 0 0 0 0 0 0 0 0 0 0 0 2 2 1 1 0 9 1 2 0 0 0 0 0 0 0 0 0 0 0 0 0 0 1 0 0 0 0 0 0 14 0 0 11 0 0 0 0 0 0 0 0 0 0 0 0 0 
 67 336 140 70 129 47 79 313 103 66 32 96 127 0 89 119 50 128 205 303 0 7 0 4 0 5 0 3 3 0 5 2 0 0 8 1 0 0 0 0 4 3 3 0 2 0 0 2 0 3 0 0 0 6 0 0 2 0 0 0 0 0 4 0 7 0 0 0 0 0 0 0 2 0 0 3 0 7 2 0 1 22 16 0 1 0 13 23 26 0 0 0 21 18 10 0 9 2 34 45 0 0 0 0 0 0 0 0 0 0 0 0 0 0 0 0 0 0 0 0 0 0 0 1 0 0 0 0 0 0 0 0 0 0 2 0 0 0 0 0 0 0 0 0 0 0 0 0 0 0 0 0 0 0 1 0 0 0 2 0 40 1 39 0 0 0 26 3 26 0 0 5 19 44 10 14 22 8 26 0 0 0 0 0 0 0 0 1 0 0 0 0 0 0 0 0 0 0 0 0 0 1 0 0 0 0 16 0 0 0 1 0 0 0 0 0 0 0 0 0 0 0 1 0 0 0 0 0 0 10 0 0 0 0 0 0 1 0 0 7 0 0 0 0 0 0 0 0 1 88 2 10 0 2 0 0 0 0 0 0 0 0 0 0 0 0 0 0 0 0 0 0 0 0 36 9 7 0 0 0 0 0 0 0 0 0 0 0 0 0 
 162 54 300 336 278 133 476 567 308 184 156 40 259 89 0 163 182 45 273 177 3 5 0 7 4 5 1 6 3 1 5 5 0 2 10 2 1 0 2 0 4 1 3 0 2 0 0 2 0 6 0 5 0 2 0 0 5 4 0 0 0 0 4 0 6 4 92 3 3 6 0 0 2 2 0 6 0 7 1 0 45 20 24 0 21 2 20 53 18 15 0 9 14 0 0 34 24 39 9 18 0 2 0 0 0 0 10 0 0 0 0 1 0 0 0 0 0 0 0 11 0 0 0 0 0 2 0 0 0 0 0 0 0 2 0 0 0 0 0 0 0 0 0 0 0 0 0 0 15 0 3 0 0 0 0 0 19 5 2 0 16 21 42 15 0 0 13 6 21 12 0 15 0 12 33 5 24 0 22 15 0 0 0 0 0 0 20 0 0 0 0 0 0 0 0 0 0 0 0 0 0 0 11 0 0 0 0 0 0 0 0 0 0 0 0 0 0 0 0 0 0 0 0 0 0 0 0 0 0 0 0 0 0 0 1 0 0 0 0 0 0 0 0 0 0 24 2 1 1 19 13 7 4 0 0 0 0 0 0 0 0 0 0 0 0 3 2 0 0 0 0 0 0 32 0 14 17 0 0 0 0 0 0 0 0 0 0 0 0 0 
 31 124 278 26 169 73 256 121 58 304 143 60 198 119 163 0 162 56 232 174 0 3 2 0 0 0 0 5 3 0 3 2 1 0 0 0 0 0 1 0 0 0 3 0 2 0 0 2 0 3 0 0 0 0 0 0 2 0 0 0 2 0 2 0 0 0 0 0 0 0 0 0 2 0 0 3 0 3 1 0 25 35 11 10 27 0 15 23 12 17 14 6 10 23 45 32 21 21 19 14 0 0 0 0 0 0 0 0 0 0 0 0 0 0 0 0 0 0 0 0 0 0 0 0 0 0 9 0 0 0 0 0 14 0 0 0 0 0 0 0 0 0 0 0 0 0 0 0 0 0 0 0 0 0 0 0 0 3 0 0 13 3 1 20 10 0 10 33 2 8 15 21 12 12 6 17 33 16 0 31 0 0 0 0 0 0 0 0 0 0 0 0 0 0 0 0 0 0 10 0 1 0 0 0 0 0 0 0 0 0 0 0 0 0 0 0 0 0 0 0 0 0 0 0 0 0 0 0 0 0 0 0 0 0 0 0 0 0 5 0 0 13 0 0 0 0 1 1 85 2 0 6 0 0 0 0 0 0 0 0 0 0 0 0 0 0 0 0 0 0 0 0 0 0 0 0 0 0 0 0 0 0 0 0 0 0 0 0 0 0 
 25 28 138 225 158 144 136 43 96 477 188 233 58 50 182 162 0 288 36 159 0 5 0 0 0 1 148 3 3 0 3 2 16 0 0 0 0 0 73 63 0 0 3 0 0 0 0 0 0 1 59 0 0 0 0 0 0 0 0 0 0 0 2 0 2 0 0 0 0 2 0 0 48 0 0 3 0 2 3 0 12 5 28 59 9 1 0 0 22 4 11 26 19 0 20 23 16 4 0 0 0 15 1 0 0 0 0 0 0 0 0 1 0 0 47 11 0 0 0 10 0 0 0 0 0 0 6 0 0 0 0 0 1 0 0 0 0 0 12 0 0 7 0 0 0 0 0 0 0 0 0 0 2 0 0 0 0 7 0 0 24 16 13 31 0 12 0 16 24 23 13 27 0 6 8 8 42 6 0 0 0 0 0 0 0 0 6 15 0 0 0 0 29 20 11 0 0 0 22 0 0 0 1 0 0 0 0 0 0 0 0 0 0 0 0 0 0 0 0 0 0 0 0 0 0 0 0 0 0 0 0 0 0 0 2 0 0 0 0 0 0 0 0 0 0 2 1 1 1 1 0 6 0 0 0 0 0 0 0 0 0 0 0 0 0 0 1 0 0 0 0 0 0 0 0 0 0 0 0 0 0 0 0 0 0 0 0 0 0 0 
 29 113 26 45 131 151 118 114 53 318 130 73 64 128 45 56 288 0 127 324 0 3 0 0 0 0 1 34 3 0 3 2 1 0 0 208 0 0 149 81 0 0 3 0 0 0 7 5 0 1 0 0 0 0 0 0 0 0 0 0 0 0 2 0 3 0 0 0 0 0 0 0 4 0 4 3 0 2 3 0 30 21 22 30 13 1 0 2 25 10 15 13 0 0 14 47 15 0 11 0 23 16 0 0 0 0 11 0 0 0 0 0 0 0 37 0 6 0 0 40 25 0 0 0 0 0 0 0 0 0 0 0 0 0 0 0 0 0 0 0 0 0 0 0 0 0 0 0 0 0 0 0 6 0 12 0 0 0 0 0 3 0 12 37 0 4 0 20 14 17 29 13 0 15 12 10 21 10 0 0 4 0 0 0 0 0 23 0 0 0 0 0 21 22 26 0 0 0 18 0 0 0 1 0 0 0 0 0 0 0 0 0 12 0 0 0 0 0 0 0 0 0 0 0 0 0 0 0 0 0 0 0 0 0 0 0 0 0 0 7 0 0 0 0 0 1 174 0 2 18 0 6 0 0 0 0 0 0 0 0 5 0 1 0 0 0 15 0 0 0 0 0 0 0 0 1 0 9 0 0 0 0 0 0 0 0 0 0 0 0 
 297 110 28 79 298 70 362 60 292 75 267 73 346 205 273 232 36 127 0 100 0 4 0 0 0 0 4 6 3 0 4 2 1 0 0 2 0 0 3 2 0 4 3 3 3 2 4 3 0 3 3 2 0 4 3 3 3 2 0 3 0 0 2 0 35 5 0 0 3 0 0 0 3 36 0 2 0 41 0 0 12 17 11 0 10 0 10 14 10 16 0 0 0 16 10 23 0 49 10 27 0 0 0 0 29 0 0 0 0 0 0 0 0 0 0 0 0 0 0 0 0 0 0 0 0 0 20 0 0 0 0 0 0 0 0 0 0 0 0 0 0 0 0 0 0 5 0 0 0 0 0 0 0 0 0 0 0 0 0 0 0 1 0 27 0 0 11 25 11 18 11 0 5 0 10 17 0 17 32 0 0 0 0 0 0 0 0 0 0 0 0 0 0 0 0 0 0 0 0 0 1 0 0 0 0 0 0 0 0 0 0 0 0 0 0 0 0 0 0 0 0 0 0 0 0 0 0 0 0 0 0 0 10 0 0 0 0 0 0 0 0 20 0 0 0 3 1 0 0 91 0 5 0 0 77 0 0 0 0 0 0 0 0 0 0 0 0 0 0 0 0 0 0 0 0 0 0 0 0 0 0 0 0 0 0 0 0 0 0 0 
 225 163 49 352 246 39 133 230 256 194 144 138 146 303 177 174 159 324 100 0 0 4 0 0 0 0 0 3 3 1 3 4 73 0 0 0 0 0 1 0 63 2 3 0 3 0 0 3 0 3 0 0 0 0 0 0 3 0 0 0 0 0 8 0 32 0 0 31 0 0 0 0 3 0 0 2 0 3 0 0 0 5 24 3 0 0 15 22 12 9 0 14 27 0 30 25 24 8 13 51 0 0 0 0 0 0 0 0 0 0 0 15 0 0 0 0 0 0 0 0 0 2 0 0 0 0 0 48 0 0 0 0 0 0 0 0 0 0 0 0 0 0 0 0 0 0 0 0 0 0 1 2 0 0 0 0 0 7 0 0 42 17 0 1 0 0 33 19 1 1 0 0 9 0 28 27 22 1 5 32 0 0 0 0 0 0 0 0 0 0 0 0 0 0 0 0 0 0 0 0 0 0 0 0 0 0 0 0 1 0 0 2 0 0 0 0 0 0 0 0 0 0 0 0 0 0 0 0 0 0 0 0 0 0 0 0 0 0 0 0 0 0 0 0 0 0 2 0 3 2 13 2 0 0 0 0 0 0 0 0 0 0 0 0 0 0 0 0 0 0 0 0 0 0 0 0 0 0 0 0 0 0 0 0 0 0 0 0 0 0 
 0 0 0 2 2 0 0 2 3 0 0 0 2 0 3 0 0 0 0 0 0 125 461 262 111 23 484 138 38 34 110 263 61 124 223 47 172 247 126 121 0 1 1 1 3 73 0 0 3 3 4 1 8 2 1 8 6 2 0 0 3 0 2 9 7 0 5 0 6 9 23 4 0 3 0 3 2 0 4 2 0 0 0 0 0 0 0 0 0 0 0 0 0 0 0 0 0 0 0 0 0 25 13 32 17 0 28 20 17 28 15 14 26 27 0 53 0 31 12 0 0 0 0 0 0 0 0 0 0 0 0 0 0 0 0 0 0 0 0 0 0 0 4 0 0 0 0 0 0 0 0 0 0 0 0 0 0 0 0 0 0 0 0 0 0 0 0 0 0 0 2 0 0 6 0 0 0 0 27 0 11 18 13 0 1 0 18 10 19 8 0 19 8 10 0 0 26 9 0 48 9 0 0 0 0 1 0 0 0 0 0 0 0 0 0 0 0 0 0 0 0 0 0 0 0 0 0 0 0 0 0 0 0 16 0 0 0 0 0 0 0 0 0 0 0 2 0 0 0 0 0 0 0 0 13 0 0 1 136 1 3 0 2 0 0 0 0 0 0 0 0 0 1 0 0 0 0 0 0 9 0 11 0 0 0 28 0 0 0 0 
 77 4 3 3 78 20 3 4 5 7 2 3 3 7 5 3 5 3 4 4 125 0 186 54 57 111 80 537 423 49 273 32 46 65 147 201 354 49 43 306 0 0 0 2 0 3 0 0 0 2 3 0 1 30 0 3 0 8 56 62 3 0 0 0 5 1 0 0 2 54 4 0 15 3 0 1 1 1 3 0 0 19 0 0 0 0 0 0 0 0 0 0 0 0 0 0 0 0 0 0 8 0 24 9 13 38 0 12 53 1 7 33 0 16 2 0 11 7 11 0 1 0 0 0 0 0 0 2 0 0 1 0 0 0 0 0 0 0 0 0 0 0 2 0 0 0 0 0 0 0 0 0 4 0 0 0 0 0 0 10 0 0 0 5 8 0 0 0 0 0 0 0 0 0 0 0 0 0 0 0 12 18 34 44 7 79 0 60 8 9 11 0 17 0 0 31 1 40 12 0 0 0 0 0 0 0 0 0 0 0 0 0 0 0 0 0 0 0 16 0 0 0 0 0 0 0 0 0 20 0 0 0 0 0 0 0 0 0 0 0 0 0 0 0 0 1 0 0 0 1 0 0 0 0 19 2 0 1 0 0 18 0 0 0 0 0 0 0 0 0 0 0 0 0 0 0 0 0 0 0 0 0 0 0 0 0 0 0 0 0 
 0 0 0 0 0 0 0 0 0 0 0 0 2 0 0 2 0 0 0 0 461 186 0 526 203 21 255 349 204 130 125 38 58 91 104 229 170 300 44 547 0 3 3 1 60 0 29 0 0 2 2 0 76 70 3 1 7 0 1 267 3 0 0 5 3 0 0 0 0 2 5 0 0 3 0 3 0 3 27 1 0 0 0 0 0 0 0 0 0 0 0 0 0 0 0 0 0 0 0 0 11 2 64 1 14 8 0 49 0 58 47 29 9 18 0 77 10 64 0 10 0 0 0 0 0 0 18 0 0 0 0 2 0 0 0 0 0 0 10 3 0 0 0 0 0 0 0 0 0 0 0 0 1 0 0 0 0 0 1 0 0 0 0 0 0 0 0 0 0 0 0 0 0 5 0 0 0 0 0 0 10 1 34 47 12 12 0 12 20 8 43 7 0 0 0 0 72 20 0 0 12 0 0 0 0 0 80 0 16 0 0 0 10 0 0 0 0 0 0 0 0 0 0 0 0 0 2 0 0 25 0 0 2 0 0 0 0 0 0 0 0 0 0 0 0 0 0 1 0 0 0 0 0 0 9 0 1 78 88 0 12 0 0 0 0 0 0 0 0 0 0 0 0 0 0 0 0 0 0 0 0 45 0 0 0 0 0 0 0 0 
 0 0 0 0 0 0 0 0 0 0 0 0 0 4 7 0 0 0 0 0 262 54 526 0 325 171 133 264 243 47 62 71 126 195 165 247 236 201 70 48 0 0 4 0 0 0 62 4 3 2 6 5 0 66 0 0 10 0 0 58 3 0 2 3 3 0 0 0 0 3 2 0 0 3 0 1 0 1 0 0 1 0 0 0 0 0 0 0 0 0 0 0 0 0 0 0 0 0 0 0 0 14 19 11 9 8 0 24 15 31 17 1 13 7 0 25 5 23 0 0 0 0 0 0 0 0 9 0 0 0 0 0 19 10 0 7 0 0 2 0 0 0 5 0 0 0 0 0 0 0 0 0 0 0 0 0 0 0 0 0 0 0 0 0 0 0 0 0 0 0 0 0 0 0 0 8 0 0 0 0 22 15 32 7 0 15 0 19 18 15 54 19 0 1 0 10 32 32 0 1 31 22 0 0 0 0 9 17 14 0 0 0 21 0 0 0 0 9 0 21 0 0 0 0 0 0 0 0 0 0 0 0 0 0 0 0 0 0 0 9 0 0 0 0 0 0 0 0 0 0 0 0 0 0 18 0 0 64 47 0 0 11 0 0 0 0 0 0 0 0 0 0 0 0 0 0 0 0 0 0 0 30 0 0 0 0 0 0 0 0 
 0 0 0 0 0 0 0 0 5 0 0 0 0 0 4 0 0 0 0 0 111 57 203 325 0 167 369 105 98 155 391 56 54 75 94 265 48 128 64 60 144 62 7 10 0 1 62 0 0 3 2 0 85 124 145 57 11 1 0 0 3 0 0 0 3 0 0 3 0 2 2 0 0 3 0 3 0 0 0 0 0 0 0 0 0 0 0 0 0 0 0 0 0 0 0 0 0 0 0 0 0 30 0 1 12 23 0 32 1 21 0 0 0 5 0 18 0 2 0 0 11 0 9 25 0 0 24 25 9 0 0 0 36 30 0 9 0 0 13 29 0 0 0 0 0 0 0 0 0 0 0 0 0 0 4 0 0 0 0 0 0 0 3 0 0 0 0 0 0 9 0 0 0 0 0 0 0 0 0 1 0 0 18 1 5 0 2 0 0 0 0 17 0 42 0 10 16 8 0 22 18 19 0 0 0 0 31 32 1 10 0 0 62 28 0 38 0 10 29 47 0 0 0 0 0 0 0 0 0 0 0 0 0 0 0 0 0 0 0 6 0 0 0 0 0 0 0 0 0 0 0 0 0 0 19 0 4 3 75 4 4 12 4 0 0 0 20 0 0 0 0 0 0 0 0 0 0 0 0 0 0 22 0 0 0 0 19 0 0 0 
 2 2 0 0 0 0 0 0 2 0 0 0 77 5 5 0 1 0 0 0 23 111 21 171 167 0 56 114 95 121 97 136 25 57 271 81 226 47 51 40 83 54 0 0 0 0 180 0 54 2 3 265 51 63 64 0 54 0 274 74 3 0 0 0 3 0 0 0 4 71 2 0 0 3 0 1 0 0 0 0 0 0 0 1 0 0 0 0 0 0 0 0 0 0 0 0 0 0 0 0 0 0 7 21 9 10 0 0 8 0 21 0 0 0 0 12 10 12 0 0 15 3 0 9 0 0 0 0 0 0 0 9 16 25 1 9 0 0 0 14 5 0 0 0 0 0 0 0 0 0 0 0 0 16 3 11 0 0 0 0 0 0 0 0 0 19 0 0 0 0 0 0 0 0 0 0 0 0 0 0 12 0 0 0 0 12 0 0 0 12 16 0 0 0 16 16 0 37 0 0 22 25 20 9 17 0 19 21 0 9 9 0 14 0 1 0 0 10 10 23 0 0 0 0 0 0 0 0 0 0 2 0 0 0 0 0 0 0 12 0 0 0 7 0 0 0 0 0 0 0 0 0 0 0 6 1 0 165 4 1 5 9 0 0 0 0 0 63 0 0 0 0 0 0 0 0 0 0 0 0 0 0 0 0 1 16 0 0 0 0 
 0 76 0 48 0 74 0 1 0 0 31 109 0 0 1 0 148 1 4 0 484 80 255 133 369 56 0 75 466 37 39 32 326 80 37 141 24 65 218 129 2 0 12 4 0 0 0 0 0 2 3 0 0 0 0 0 5 0 0 0 3 0 0 0 3 0 0 0 0 3 2 0 0 3 0 1 0 0 0 19 0 0 0 15 1 29 0 0 0 22 19 10 0 0 0 2 0 0 0 0 0 20 0 0 0 0 45 34 2 10 17 23 11 12 22 19 0 10 17 15 0 18 0 0 0 0 0 0 0 0 0 10 0 0 0 0 0 0 0 0 0 0 0 0 0 0 0 0 0 3 0 0 0 0 0 0 0 0 0 1 0 0 0 0 18 0 0 0 18 80 0 0 0 0 0 0 0 0 0 0 20 16 12 0 0 0 17 54 0 11 0 15 21 26 0 0 27 0 14 80 0 0 2 0 0 0 0 0 0 0 0 0 0 19 0 0 2 0 0 1 0 0 0 0 0 0 0 0 0 1 0 0 0 0 0 0 0 0 2 0 0 0 0 0 0 0 0 0 0 0 0 0 0 0 20 0 2 1 76 0 2 0 0 0 0 0 0 0 0 0 0 0 0 0 0 3 0 12 0 14 0 8 0 0 0 1 0 0 0 0 
 3 3 3 3 3 3 3 3 5 81 4 3 2 3 6 5 3 34 6 3 138 537 349 264 105 114 75 0 182 31 50 77 93 85 98 222 48 155 72 66 0 0 1 0 0 0 0 0 0 2 3 0 0 76 0 0 6 0 4 64 2 0 0 0 1 0 0 0 0 3 2 0 0 1 0 0 0 0 0 0 0 0 0 0 0 0 0 0 0 0 0 0 0 0 0 0 0 0 0 0 13 12 55 14 1 7 10 37 20 0 54 34 1 9 0 1 1 12 0 2 11 0 0 0 0 0 8 0 0 0 0 0 1 15 0 0 0 0 0 0 0 0 0 0 0 0 0 0 0 0 0 0 4 60 0 0 0 0 26 0 0 0 0 3 0 0 0 0 0 0 0 20 0 1 0 0 0 0 0 0 10 6 18 46 46 28 0 33 0 12 17 8 12 16 0 13 1 43 0 0 0 0 0 0 0 0 35 0 0 0 0 0 0 0 0 0 0 21 1 2 0 0 0 0 0 0 1 0 0 0 0 0 2 0 0 0 15 0 0 0 0 0 5 0 0 0 0 0 0 0 0 0 0 0 19 2 0 1 86 0 13 1 0 0 0 0 0 0 0 0 0 0 0 0 0 0 1 0 0 0 0 46 0 0 0 0 0 0 0 0 
 3 3 3 5 5 3 3 5 3 3 5 3 1 3 3 3 3 3 3 3 38 423 204 243 98 95 466 182 0 114 28 107 63 395 196 156 266 186 180 75 0 2 0 7 0 0 0 0 0 2 3 0 0 62 0 0 4 0 3 6 3 0 0 20 2 3 0 0 0 3 29 0 0 4 0 0 0 0 0 0 0 0 0 0 0 0 0 0 0 0 0 0 0 0 0 0 0 0 0 0 0 28 26 18 17 0 14 56 17 4 90 21 4 23 0 12 10 32 21 0 0 0 0 0 0 0 8 0 0 0 0 0 1 21 0 0 0 0 0 0 0 0 0 0 0 0 0 0 0 0 0 0 4 0 0 0 0 0 0 0 0 4 0 0 0 0 0 0 0 0 2 0 0 0 0 0 0 0 26 3 13 1 0 6 18 16 0 22 54 20 38 7 0 9 11 34 29 19 0 0 37 0 17 0 0 0 21 0 0 0 0 0 0 0 0 0 0 0 0 9 0 0 0 0 0 0 0 0 0 0 0 0 0 0 0 8 0 0 0 0 0 0 17 0 0 0 0 0 0 0 0 0 0 0 0 0 1 77 0 0 3 1 0 0 0 0 0 0 0 0 0 0 0 0 0 0 0 0 0 0 0 10 0 0 0 0 0 0 0 0 
 0 0 0 0 91 23 0 0 5 1 0 0 0 0 1 0 0 0 0 1 34 49 130 47 155 121 37 31 114 0 160 31 82 155 211 200 310 123 159 105 30 0 0 2 0 0 131 0 0 2 3 0 14 66 136 0 0 2 0 1 6 0 0 0 5 0 0 0 0 2 2 3 0 3 0 2 0 0 71 0 0 0 0 0 0 4 0 0 0 0 0 0 0 0 0 0 0 0 0 0 2 9 0 10 16 3 13 0 16 48 32 7 11 27 0 0 1 0 20 2 8 1 0 2 0 0 0 0 0 0 0 1 29 12 1 9 0 0 0 10 44 0 0 0 0 0 0 0 0 0 0 0 0 0 5 0 0 0 0 0 0 3 0 0 9 0 0 0 0 0 18 0 0 0 0 0 0 0 18 1 14 17 0 22 18 0 0 14 89 4 14 4 24 3 17 14 17 34 8 0 0 0 0 0 0 1 16 0 9 0 0 0 25 12 0 0 0 0 8 12 0 0 0 0 0 0 0 0 0 0 0 0 0 0 0 0 0 0 0 13 0 0 0 0 0 0 0 0 0 0 2 0 0 0 15 0 2 77 1 0 0 9 0 0 0 0 0 0 0 0 0 0 0 0 0 0 0 0 0 0 0 0 0 0 0 1 0 0 0 0 
 3 3 3 3 3 3 3 3 3 76 3 3 0 5 5 3 3 3 4 3 110 273 125 62 391 97 39 50 28 160 0 364 24 41 97 91 168 56 111 38 23 0 0 0 0 0 160 0 0 2 3 0 63 5 81 0 1 0 1 61 3 0 0 0 2 0 0 0 0 3 2 0 0 2 0 0 0 0 36 0 0 0 0 0 0 0 0 0 0 0 0 0 0 0 0 0 0 0 0 0 17 0 1 0 46 25 0 9 0 29 29 0 0 0 0 10 3 18 0 0 18 16 0 0 0 0 2 8 0 0 0 0 33 23 0 17 0 2 13 1 5 0 0 0 0 2 0 0 0 0 0 0 0 0 13 0 0 0 0 0 0 0 0 0 0 0 0 0 0 0 0 0 16 13 0 0 0 0 0 0 11 11 9 20 0 12 0 0 26 0 9 13 2 0 0 0 0 30 0 0 2 3 0 0 0 0 29 6 24 0 0 0 25 12 0 13 0 0 34 20 1 0 0 0 9 0 0 0 0 0 0 0 0 0 0 0 0 0 0 0 0 0 0 0 0 0 0 0 0 0 0 0 0 0 14 0 2 78 49 2 13 9 0 0 0 0 29 0 0 0 0 0 0 0 0 0 0 0 0 0 0 0 0 0 0 0 10 0 0 0 
 2 2 2 2 2 2 2 3 4 2 2 2 203 2 5 2 2 2 2 4 263 32 38 71 56 136 32 77 107 31 364 0 24 75 157 43 136 152 114 31 65 7 0 0 0 0 60 0 2 2 3 1 4 0 67 0 5 0 0 62 3 0 0 0 3 0 0 0 0 3 2 0 0 3 0 1 0 0 0 0 0 0 0 0 0 0 0 0 0 0 0 0 0 0 0 21 0 0 0 0 13 14 0 0 31 29 12 13 23 34 0 1 2 0 0 15 39 21 12 0 25 18 0 34 0 0 4 15 0 2 0 0 22 13 0 0 0 0 1 33 0 0 1 0 0 0 0 0 0 13 0 0 8 2 0 1 0 0 0 0 0 0 0 0 0 1 0 0 0 0 2 0 0 6 0 0 0 0 41 0 10 8 8 12 10 45 0 1 17 50 1 14 0 0 0 12 13 18 0 0 0 0 0 11 0 0 16 18 9 10 10 0 10 13 1 0 0 0 28 14 0 0 0 0 2 0 0 0 0 0 0 0 0 0 0 0 0 0 0 0 0 0 0 0 0 0 0 0 0 0 0 0 0 0 12 1 2 2 88 0 5 0 0 0 0 0 0 0 0 0 0 0 0 0 0 0 0 0 0 0 0 0 0 0 0 0 0 0 0 0 
 0 0 0 0 73 71 0 0 0 0 0 0 0 0 0 1 16 1 1 73 61 46 58 126 54 25 326 93 63 82 24 24 0 54 374 47 270 173 403 124 0 3 63 3 0 0 0 0 1 2 3 0 0 0 0 0 3 0 0 0 3 0 0 0 2 0 0 0 1 6 2 0 0 8 0 0 0 2 0 0 0 0 0 7 7 26 0 0 0 19 34 12 0 0 0 0 0 0 0 0 13 10 8 7 0 0 63 1 11 7 12 0 31 32 36 20 11 12 42 9 0 1 1 0 0 0 0 0 0 0 0 0 0 0 0 0 0 0 0 0 0 0 0 0 0 0 0 0 0 0 0 0 0 0 0 1 0 1 0 0 0 5 0 1 13 7 0 0 15 12 4 0 0 0 0 1 0 0 8 3 39 21 0 7 0 0 20 21 20 10 0 1 0 11 44 31 33 12 8 12 0 0 0 0 0 0 0 0 0 0 0 0 0 0 0 0 0 0 0 10 0 0 0 0 0 0 0 0 0 0 0 0 0 0 0 1 0 0 0 0 0 0 0 0 0 0 74 0 0 0 0 0 0 0 5 0 0 74 0 0 6 0 0 0 0 0 0 0 0 0 0 2 0 0 0 6 0 10 0 9 0 0 0 2 0 0 0 0 0 0 
 0 0 0 2 2 5 0 2 0 74 0 19 0 0 2 0 0 0 0 0 124 65 91 195 75 57 80 85 395 155 41 75 54 0 187 57 335 212 181 141 0 0 0 0 0 202 0 0 0 2 4 2 3 0 0 0 0 0 0 0 3 3 0 5 3 0 2 0 0 2 2 0 4 8 0 2 2 0 0 0 0 0 0 11 0 7 0 0 0 0 0 0 0 0 0 0 0 0 0 0 15 29 5 0 37 0 14 13 24 32 40 10 15 33 0 0 41 21 21 11 0 0 9 0 0 0 10 0 0 0 0 0 7 0 0 0 0 0 10 0 0 0 3 0 0 10 0 0 0 0 0 0 3 0 0 1 0 0 0 0 0 5 0 22 0 0 0 0 0 0 4 12 0 0 0 0 0 0 8 3 1 1 32 0 0 0 0 1 56 20 20 3 0 13 22 15 56 1 0 0 2 0 0 0 0 0 0 0 0 0 0 0 11 0 0 0 0 0 0 14 0 0 0 0 0 0 0 0 0 0 0 0 0 0 0 0 0 0 0 0 0 0 0 0 0 0 0 0 0 0 0 0 0 0 12 1 0 77 0 3 0 2 0 0 0 0 1 0 0 0 0 0 0 0 0 0 0 0 0 0 0 0 0 0 0 0 0 0 0 0 
 0 0 1 0 59 76 0 0 3 284 0 0 0 8 10 0 0 0 0 0 223 147 104 165 94 271 37 98 196 211 97 157 374 187 0 96 142 181 202 292 0 0 1 0 0 0 0 0 65 2 2 0 1 0 0 0 0 0 0 0 3 0 0 15 3 1 0 0 0 2 2 0 0 3 0 3 0 0 0 0 0 0 2 8 1 66 0 0 0 0 0 0 0 0 0 0 0 0 0 0 0 19 0 25 18 0 26 19 33 22 19 55 39 35 0 11 18 7 32 16 0 0 0 0 0 0 20 0 0 1 0 0 0 0 0 0 0 0 9 0 0 0 2 0 0 0 0 0 0 0 0 0 0 1 9 3 0 0 0 0 0 5 0 0 7 2 0 0 0 0 3 0 0 0 0 0 0 0 3 1 11 15 30 9 1 0 0 16 41 20 21 26 17 2 12 12 26 11 18 25 9 1 0 0 0 0 0 2 0 0 0 0 30 0 0 0 0 0 1 0 0 0 0 0 1 9 0 0 0 0 0 0 0 0 0 0 0 0 0 0 0 0 0 0 0 0 0 0 0 0 0 0 0 2 12 2 3 75 1 0 3 3 0 0 0 0 1 0 0 0 0 0 0 0 0 0 0 0 0 0 0 0 0 0 0 18 0 0 0 0 
 0 0 0 2 1 76 0 1 0 0 0 0 0 1 2 0 0 208 2 0 47 201 229 247 265 81 141 222 156 200 91 43 47 57 96 0 263 438 25 122 0 0 9 8 0 0 0 0 0 2 5 0 0 0 0 0 0 0 0 0 3 0 0 0 3 0 0 0 0 3 2 0 0 3 0 1 0 0 0 0 1 0 0 0 0 1 0 0 0 0 0 0 0 0 0 0 0 0 0 0 14 0 15 16 0 0 15 18 10 18 0 35 25 15 0 24 9 23 0 1 0 0 0 0 0 0 26 0 0 0 0 0 13 11 0 14 0 0 9 0 0 0 18 0 0 0 0 0 0 0 0 0 0 0 0 14 0 0 0 0 0 0 0 6 7 0 0 0 0 0 0 0 0 1 0 0 0 0 0 0 13 38 78 20 10 13 13 22 0 0 32 10 29 22 0 1 12 37 14 27 0 21 0 0 0 0 18 0 1 0 0 0 25 0 0 0 0 0 2 21 0 0 0 0 0 0 0 0 0 0 0 0 0 0 0 0 0 0 0 0 0 0 0 0 0 0 0 0 1 0 0 0 0 0 3 0 0 148 4 2 13 10 0 0 0 0 18 0 0 22 0 0 0 0 0 0 0 0 0 10 0 2 0 0 0 0 0 0 0 0 
 0 0 0 0 57 88 0 0 0 2 0 0 0 0 1 0 0 0 0 0 172 354 170 236 48 226 24 48 266 310 168 136 270 335 142 263 0 207 47 197 64 0 0 0 0 0 0 0 0 2 3 0 0 0 0 0 0 0 0 0 3 0 0 4 3 0 0 0 0 2 2 0 0 3 0 2 0 0 0 0 0 0 0 0 0 15 0 0 0 0 0 0 0 0 0 1 0 0 0 0 1 0 4 23 21 10 18 2 8 31 17 9 52 7 0 10 20 17 19 0 0 0 0 0 0 0 29 0 0 0 0 0 9 15 0 13 0 0 13 0 0 0 0 0 0 0 0 0 0 0 0 0 0 0 2 0 0 0 0 2 0 1 0 0 7 0 0 0 0 0 4 0 0 0 0 0 0 0 12 0 27 26 20 13 0 30 0 30 45 20 21 21 7 0 1 10 55 57 44 0 1 0 1 0 0 0 13 0 0 0 0 0 18 0 0 0 0 0 0 16 0 0 1 0 0 0 0 0 0 2 0 0 0 0 0 0 0 0 1 0 0 0 0 0 0 0 0 0 0 0 0 0 0 0 11 1 4 136 0 0 3 12 0 0 0 0 1 0 0 0 0 0 0 0 0 0 0 0 0 0 0 10 0 0 0 0 0 0 0 0 
 0 2 0 0 1 2 0 0 0 0 0 3 1 0 0 0 0 0 0 0 247 49 300 201 128 47 65 155 186 123 56 152 173 212 181 438 207 0 32 43 3 0 0 0 0 4 0 21 4 3 3 0 0 2 0 2 40 1 0 0 54 0 0 3 4 0 0 0 0 3 2 0 0 3 6 1 0 0 0 0 0 0 0 0 0 0 0 0 0 0 0 0 0 0 0 0 0 0 0 0 7 16 10 0 0 0 22 33 0 17 23 15 36 1 14 0 25 83 6 0 0 0 0 0 0 0 14 1 0 0 0 0 27 20 0 8 0 0 14 0 0 0 0 0 0 0 0 0 0 0 0 0 0 0 0 0 0 0 1 1 0 1 0 0 0 0 0 0 0 0 3 0 0 0 0 0 0 0 4 0 2 22 10 10 2 0 11 22 27 23 21 48 0 0 0 10 34 31 0 16 9 1 2 0 0 0 18 0 0 0 0 0 27 0 0 0 2 0 2 32 0 0 18 0 0 0 0 0 0 1 0 0 0 0 0 0 0 0 2 0 0 0 1 0 0 0 0 0 0 0 0 0 0 0 14 0 4 49 79 0 3 11 0 0 0 0 0 0 0 0 0 0 0 0 0 0 0 0 0 3 0 0 0 0 0 0 0 0 0 0 
 0 62 0 73 0 24 0 0 75 2 136 28 0 0 2 1 73 149 3 1 126 43 44 70 64 51 218 72 180 159 111 114 403 181 202 25 47 32 0 79 0 0 1 0 0 6 3 0 0 2 3 200 0 0 0 0 0 67 200 0 3 0 0 0 3 3 0 0 0 3 2 0 0 3 0 1 0 0 0 6 0 13 28 1 14 11 0 0 11 11 16 34 0 13 1 1 10 0 0 0 16 10 20 0 0 0 19 4 0 25 4 0 7 2 10 12 0 12 23 9 0 0 0 0 0 0 0 0 0 0 0 0 12 0 0 0 0 0 0 0 0 0 0 0 0 0 0 0 0 0 0 0 0 0 0 0 0 0 0 0 0 13 21 0 23 41 0 1 11 26 38 0 0 0 0 1 13 57 9 0 11 25 0 3 0 0 11 0 15 0 0 3 7 1 49 0 27 0 29 19 0 1 0 0 0 0 0 0 0 0 0 0 0 0 0 0 0 0 0 2 0 0 0 0 0 2 0 0 0 0 0 12 0 0 0 9 0 0 0 2 0 0 0 0 0 2 1 0 73 0 0 0 0 0 19 0 0 0 1 1 2 0 2 0 0 0 0 0 0 0 0 0 0 0 0 7 0 10 0 0 0 0 0 0 0 0 0 0 0 0 
 0 0 0 82 75 111 0 0 0 0 76 73 0 0 0 0 63 81 2 0 121 306 547 48 60 40 129 66 75 105 38 31 124 141 292 122 197 43 79 0 0 0 14 3 0 0 0 0 0 2 3 0 62 0 0 0 0 0 0 0 3 0 0 4 3 0 0 0 0 3 2 0 0 3 0 1 0 0 0 0 0 4 2 12 8 6 0 0 0 0 0 13 0 0 0 0 0 0 0 0 0 0 0 38 24 0 1 12 8 0 22 34 3 15 18 1 0 11 20 30 0 0 0 0 0 0 0 0 0 0 0 0 0 0 0 0 0 0 0 0 0 0 0 0 0 0 0 0 0 0 0 0 0 0 0 5 0 0 0 0 0 0 0 0 8 5 0 0 0 18 0 0 0 0 0 2 0 0 0 1 13 20 1 9 1 0 9 43 29 17 0 11 19 25 12 11 12 28 30 1 9 0 0 0 0 0 0 0 0 0 0 0 0 0 0 0 0 0 0 0 0 0 0 0 0 0 0 0 2 0 0 0 0 2 17 0 0 0 0 0 0 0 0 0 0 0 0 0 73 0 0 0 0 0 4 0 0 1 0 0 2 0 0 0 0 0 0 0 0 0 0 0 0 0 0 0 0 6 0 0 0 0 0 0 6 8 0 0 0 0 
 0 0 0 0 0 2 0 0 5 0 0 0 0 4 4 0 0 0 0 63 0 0 0 0 144 83 2 0 0 30 23 65 0 0 0 0 64 3 0 0 0 159 69 59 40 25 230 97 129 111 106 87 115 59 398 160 98 364 34 154 0 0 0 0 0 0 0 0 11 3 1 0 0 0 0 0 0 0 0 0 0 0 0 0 0 0 0 0 15 0 0 0 0 0 0 0 0 0 0 0 0 0 0 0 0 4 0 0 0 0 0 0 0 0 0 0 0 0 0 0 7 29 6 0 0 12 1 25 1 11 0 0 7 9 32 20 15 0 4 13 20 0 0 0 0 0 6 0 0 0 0 0 0 0 5 0 0 5 0 2 0 0 0 0 0 0 0 0 0 0 0 0 0 0 0 0 0 0 0 0 0 0 0 0 16 9 0 0 0 0 0 0 0 0 0 0 0 18 0 0 0 0 0 12 12 19 27 24 0 9 9 1 53 0 9 17 20 0 9 14 0 0 0 0 0 0 0 0 0 0 0 0 0 0 0 0 0 0 0 0 0 0 0 0 0 0 0 0 0 0 0 10 0 0 0 0 0 63 0 19 0 8 0 64 0 3 0 1 0 0 0 0 0 0 0 0 0 0 0 0 0 0 0 0 0 0 0 0 0 0 
 0 1 0 0 1 68 1 0 1 0 3 0 0 3 1 0 0 0 4 2 1 0 3 0 62 54 0 0 2 0 0 7 3 0 0 0 0 0 0 0 159 0 146 119 270 38 92 77 51 116 357 141 97 53 266 119 133 616 383 59 0 0 2 1 9 0 0 0 5 0 1 2 2 0 1 0 0 208 3 54 0 0 0 0 0 0 0 0 0 0 0 0 0 0 0 0 0 0 0 0 0 0 11 0 0 0 0 0 0 0 0 0 0 0 0 0 0 0 0 0 23 10 4 11 0 13 13 35 8 24 5 35 0 0 3 18 26 36 4 35 0 0 0 0 0 0 23 0 0 0 0 0 0 0 0 0 0 0 0 0 6 0 3 0 0 0 0 0 0 0 0 0 0 0 0 0 0 0 0 0 0 0 0 0 8 0 0 0 0 20 0 0 0 0 0 0 0 0 0 0 0 18 26 21 9 0 9 17 12 9 21 30 20 0 32 31 46 9 6 0 0 0 0 0 0 0 0 0 0 0 0 0 0 0 0 1 0 0 0 0 0 0 0 0 0 0 0 0 0 32 0 24 0 2 0 0 0 0 0 0 0 0 1 67 1 0 4 69 0 0 0 0 0 0 0 0 0 0 0 0 0 0 0 0 2 16 0 0 0 0 
 3 3 3 3 3 66 3 3 3 5 4 6 2 3 3 3 3 3 3 3 1 0 3 4 7 0 12 1 0 0 0 0 63 0 1 9 0 0 1 14 69 146 0 223 339 123 63 97 300 126 173 189 339 282 51 43 421 115 99 41 0 0 0 0 0 0 1 0 0 0 0 0 0 0 207 0 0 3 0 7 0 0 0 0 1 0 0 0 0 1 0 0 0 0 0 0 0 0 0 0 0 4 1 0 0 0 0 7 3 11 0 1 0 8 20 3 0 0 14 9 21 51 0 12 11 5 0 6 4 24 0 29 0 2 13 39 0 0 0 8 1 0 0 0 0 0 40 4 0 0 0 0 0 11 8 3 0 0 4 9 0 0 6 0 1 1 0 0 0 19 0 0 0 0 0 0 0 0 0 0 0 1 17 0 0 0 0 0 0 0 0 0 8 17 14 14 29 0 0 7 1 18 12 22 0 10 0 0 11 0 18 14 2 0 45 0 12 1 0 0 9 0 7 0 1 0 1 0 0 0 0 0 10 0 0 9 0 0 12 12 0 0 0 0 0 0 0 0 0 0 0 10 0 1 0 0 0 0 3 2 0 0 0 69 0 2 0 0 1 0 0 0 0 0 0 2 0 1 0 0 0 4 0 0 0 0 0 14 0 0 
 0 0 0 0 3 2 0 0 0 0 1 0 1 0 0 0 0 0 3 0 1 2 1 0 10 0 4 0 7 2 0 0 3 0 0 8 0 0 0 3 59 119 223 0 143 57 312 219 359 102 173 187 64 332 315 110 156 199 135 83 0 0 0 1 0 0 3 0 6 0 0 0 17 0 0 0 0 0 0 51 0 0 0 0 0 0 0 0 0 0 0 0 0 0 0 0 0 0 0 0 0 10 0 8 0 0 0 0 7 0 0 8 0 2 0 0 0 0 0 0 8 2 0 2 30 10 1 25 0 14 18 19 0 0 30 14 34 24 1 0 8 0 0 0 0 0 16 0 4 4 0 0 10 0 8 0 0 1 11 0 0 0 4 0 5 0 0 0 0 1 0 0 0 0 0 0 0 0 0 0 0 2 4 0 0 1 0 0 0 0 0 0 8 31 0 0 3 0 2 9 1 1 22 20 0 11 0 0 14 8 43 35 0 12 20 0 21 10 0 0 0 0 0 15 0 0 23 0 0 0 0 0 0 0 0 0 0 0 6 1 0 0 0 0 0 0 0 0 0 0 0 12 0 1 0 0 0 0 1 0 0 0 2 63 2 1 4 1 0 2 5 0 1 0 0 0 0 0 0 0 0 0 0 0 21 1 0 0 0 0 
 2 3 0 0 3 0 3 2 3 2 4 0 0 2 2 2 0 0 3 3 3 0 60 0 0 0 0 0 0 0 0 0 0 0 0 0 0 0 0 0 40 270 339 143 0 59 73 88 382 309 157 296 61 283 89 131 58 264 78 94 20 2 0 0 0 3 55 0 0 0 0 0 61 1 0 11 0 0 73 170 0 0 0 0 0 0 0 0 0 0 0 0 0 0 0 0 0 0 0 0 0 0 0 0 0 0 0 0 0 0 0 0 0 0 0 0 0 0 0 0 0 11 7 1 0 44 0 0 1 1 0 12 0 0 11 1 15 24 0 0 3 32 19 3 2 1 5 19 0 0 0 0 0 0 15 27 0 41 0 30 0 0 0 0 0 0 0 0 0 0 0 0 0 0 0 0 0 0 0 0 0 0 0 0 0 0 0 0 0 0 0 0 0 0 0 0 0 0 0 0 0 10 1 1 1 0 0 0 0 1 10 0 1 0 0 0 12 10 0 0 69 7 3 5 0 0 8 0 18 0 1 3 7 1 0 0 0 0 1 0 0 0 1 0 0 0 0 0 0 0 0 4 0 1 0 0 0 0 0 14 0 0 0 0 65 3 0 0 2 0 0 0 0 0 0 0 0 0 0 0 0 2 0 0 0 0 0 0 0 0 
 0 0 0 0 0 0 0 0 5 0 0 0 0 0 0 0 0 0 2 0 73 3 0 0 1 0 0 0 0 0 0 0 0 202 0 0 0 4 6 0 25 38 123 57 59 0 39 94 78 70 276 136 30 44 57 114 99 82 38 324 25 7 0 0 0 0 56 3 6 4 0 1 0 55 30 0 3 23 59 1 0 0 0 0 0 0 0 0 0 0 0 0 0 0 0 0 0 0 0 0 0 0 0 20 0 0 0 0 0 0 0 0 0 0 0 0 0 0 19 0 0 10 0 8 6 3 0 0 18 0 0 14 0 0 7 15 0 0 0 0 3 0 0 12 6 0 31 7 8 0 0 0 4 6 5 9 36 20 58 0 0 0 0 0 3 0 0 0 0 0 0 0 0 0 0 0 0 0 0 0 0 0 0 0 0 0 0 0 0 0 0 0 0 0 0 0 0 0 0 0 0 17 8 7 0 25 0 0 0 0 0 0 0 0 0 0 0 3 0 0 0 18 18 10 0 0 0 19 15 7 2 10 10 20 0 6 11 3 26 53 0 0 0 0 0 0 0 0 0 0 0 10 0 0 0 0 0 0 0 8 0 0 0 0 0 1 0 0 1 0 0 0 0 0 0 0 0 0 0 0 0 0 3 0 10 0 0 0 0 0 
 0 0 2 0 0 0 0 0 0 0 6 21 0 0 0 0 0 7 4 0 0 0 29 62 62 180 0 0 0 131 160 60 0 0 0 0 0 0 3 0 230 92 63 312 73 39 0 185 305 37 69 292 257 106 350 49 44 31 47 196 0 0 0 0 0 5 0 0 0 0 0 0 1 0 0 0 0 0 25 0 0 0 0 0 0 6 0 0 0 0 6 0 0 0 0 0 0 0 0 0 3 0 0 0 0 34 2 0 0 7 5 0 0 0 6 0 7 0 0 13 2 39 0 0 0 0 2 38 30 0 8 0 22 32 0 0 1 0 32 21 22 0 0 0 0 0 0 0 0 0 0 0 0 0 5 0 0 0 0 0 0 0 14 0 0 0 0 0 0 5 0 0 0 0 0 0 4 0 0 0 0 0 0 19 0 7 6 0 18 2 32 0 0 0 6 0 6 1 0 0 35 0 0 11 0 0 17 38 27 22 8 0 1 0 0 33 0 9 5 18 0 0 0 0 0 0 0 0 0 0 30 0 0 0 0 0 0 0 0 0 0 0 0 0 0 0 3 0 0 0 0 12 0 18 0 0 0 23 1 0 0 0 0 0 0 4 0 0 0 0 0 0 0 0 0 0 0 0 0 0 0 0 0 0 0 0 0 0 0 0 
 2 3 0 0 3 0 3 2 3 2 4 0 5 2 2 2 0 5 3 3 0 0 0 4 0 0 0 0 0 0 0 0 0 0 0 0 0 21 0 0 97 77 97 219 88 94 185 0 347 267 102 164 113 124 126 148 132 87 194 67 0 7 0 0 0 53 4 5 6 0 7 3 82 0 3 0 7 6 0 0 0 0 0 0 0 0 0 0 0 0 0 0 12 0 0 0 0 0 0 0 0 0 0 0 0 0 0 0 0 0 0 0 0 0 0 0 0 0 0 0 22 22 24 7 11 14 0 0 10 0 0 7 17 0 48 13 13 7 7 11 29 0 0 0 0 3 0 10 6 3 6 0 0 0 0 0 0 0 19 1 0 0 19 0 0 0 0 0 0 0 0 0 0 0 0 0 0 0 0 0 0 0 0 0 0 0 0 0 0 0 0 0 0 0 0 0 0 0 0 0 0 17 10 13 10 19 0 0 12 39 0 13 0 11 4 6 35 8 6 0 0 0 7 0 0 0 11 6 7 0 9 0 0 0 0 0 0 3 12 24 0 0 0 0 0 0 0 0 0 0 0 7 0 0 0 0 0 64 0 20 0 0 2 65 0 5 0 65 0 0 0 0 0 0 0 3 0 0 0 0 0 0 0 0 4 25 0 0 0 0 
 8 0 0 0 0 0 0 0 4 0 0 0 0 0 0 0 0 0 0 0 3 0 0 3 0 54 0 0 0 0 0 2 1 0 65 0 0 4 0 0 129 51 300 359 382 78 305 347 0 153 267 27 83 100 197 351 572 168 160 82 0 51 0 0 0 0 0 0 3 0 0 0 67 2 0 1 0 0 25 0 0 0 0 0 0 0 30 0 0 0 0 0 0 0 0 0 0 0 0 0 0 0 0 0 0 0 0 0 0 0 0 0 0 0 0 0 0 0 0 0 12 0 0 11 9 0 0 9 1 31 28 12 0 10 10 5 35 7 10 14 0 11 1 7 0 0 1 6 5 5 0 0 2 18 2 0 17 0 12 14 0 0 0 0 0 0 0 1 0 0 0 0 0 13 0 0 0 0 0 0 2 0 0 0 0 1 0 0 0 0 0 0 0 0 0 0 0 0 0 0 8 0 15 15 18 17 7 0 0 9 19 20 0 0 44 37 12 14 0 0 12 0 0 0 0 0 22 0 0 0 0 3 25 0 8 0 0 0 30 0 0 0 0 0 0 0 0 0 0 0 0 9 0 0 0 0 0 0 1 0 0 0 31 0 2 3 0 67 0 0 1 0 0 0 0 0 0 0 0 0 0 0 5 0 10 31 0 39 0 0 
 3 3 1 1 3 1 3 3 3 3 3 1 0 3 6 3 1 1 3 3 3 2 2 2 3 2 2 2 2 2 2 2 2 2 2 2 2 3 2 2 111 116 126 102 309 70 37 267 153 0 317 144 66 98 308 195 339 110 154 111 0 0 0 0 0 0 0 0 0 0 0 0 0 0 52 0 0 0 8 51 0 0 0 0 0 0 0 0 0 0 0 0 0 0 0 0 0 0 0 0 0 0 0 0 0 0 31 0 0 0 0 0 0 0 0 0 0 0 0 0 8 15 11 9 1 12 10 15 0 15 20 0 0 6 19 14 16 0 9 0 0 0 0 0 0 0 0 19 0 0 0 0 0 0 11 0 0 7 0 35 0 0 0 0 0 0 0 0 0 0 0 0 0 0 0 0 0 0 0 0 0 0 0 0 1 0 0 0 0 0 0 0 0 0 30 0 0 0 0 0 19 0 2 0 20 20 0 2 1 0 0 9 19 0 1 13 22 0 8 0 21 0 7 0 0 0 0 0 0 0 0 0 2 0 0 0 0 10 0 0 0 0 0 0 0 0 0 0 0 0 0 2 0 0 0 0 0 0 0 33 0 0 2 64 0 3 0 0 0 0 0 0 0 0 0 0 0 0 0 0 0 0 0 0 0 0 0 9 0 0 
 0 0 0 0 0 0 0 0 0 0 1 0 2 0 0 0 59 0 3 0 4 3 2 6 2 3 3 3 3 3 3 3 3 4 2 5 3 3 3 3 106 357 173 173 157 276 69 102 267 317 0 200 50 101 102 363 92 101 43 67 54 0 1 0 0 0 22 89 0 0 0 0 0 51 0 0 0 6 0 0 0 0 0 0 0 0 0 31 0 29 0 0 0 0 0 0 0 0 0 0 0 0 0 0 0 0 0 0 0 0 1 8 1 0 0 0 0 0 0 0 4 11 40 9 12 17 1 27 17 0 23 5 0 0 37 23 0 4 0 1 0 13 14 0 0 0 15 0 0 0 10 0 10 22 0 0 17 10 0 2 0 0 0 0 0 0 0 0 0 0 0 0 0 0 0 0 1 0 0 0 0 0 0 0 0 0 0 0 0 0 0 0 13 0 0 0 0 25 0 0 0 0 3 0 7 33 0 7 48 3 3 8 0 0 12 0 26 26 0 0 7 10 0 1 0 0 15 1 14 0 0 1 3 18 20 0 0 13 7 0 0 0 6 0 0 0 0 0 0 0 0 10 0 0 0 0 0 0 0 10 0 0 1 8 4 15 0 0 1 0 0 0 0 0 0 0 0 0 0 0 0 0 0 0 4 0 0 0 0 0 
 1 0 0 0 0 0 0 0 2 0 2 0 3 0 5 0 0 0 2 0 1 0 0 5 0 265 0 0 0 0 0 1 0 2 0 0 0 0 200 0 87 141 189 187 296 136 292 164 27 144 200 0 38 286 50 91 94 189 42 58 0 1 1 0 3 7 1 0 2 0 0 0 0 0 0 0 0 2 0 50 0 0 0 0 0 0 0 0 0 0 0 0 0 0 0 0 0 0 0 0 0 0 0 0 0 0 0 0 0 0 0 0 0 0 0 0 0 0 0 0 1 12 20 9 2 16 0 19 26 0 11 31 0 0 20 34 10 1 0 0 1 0 0 0 0 0 24 0 0 0 0 0 20 0 0 0 0 0 9 0 0 0 0 0 0 0 0 0 0 0 0 0 0 0 0 0 0 0 0 0 0 0 0 0 0 0 0 0 0 0 0 0 0 0 0 0 0 0 0 0 0 21 10 15 1 48 0 1 9 1 0 11 0 0 8 0 33 11 0 0 0 0 0 0 0 0 13 0 0 0 0 0 0 34 0 0 0 0 22 8 0 0 29 0 0 0 0 0 0 0 0 12 0 0 0 0 0 0 0 16 29 0 0 0 0 11 2 0 4 0 0 0 0 0 0 0 0 0 0 0 0 0 0 0 10 0 0 0 0 0 
 0 0 0 1 0 0 0 0 0 0 0 0 0 0 0 0 0 0 0 0 8 1 76 0 85 51 0 0 0 14 63 4 0 3 1 0 0 0 0 62 115 97 339 64 61 30 257 113 83 66 50 38 0 203 228 56 38 35 169 74 0 1 0 5 0 0 0 0 10 0 9 0 0 0 24 0 4 11 58 7 0 0 0 0 8 0 0 0 0 0 11 0 0 0 0 0 0 0 0 0 0 0 0 11 11 8 0 0 0 7 8 0 0 9 26 7 0 26 18 14 16 0 0 18 0 0 7 0 10 12 0 8 4 4 0 0 0 0 12 33 0 28 1 0 3 0 0 0 3 0 1 0 0 0 0 2 0 0 0 0 0 0 2 0 0 7 0 0 0 15 0 0 0 0 0 0 0 0 0 0 0 0 1 0 0 2 0 0 12 0 20 0 0 10 14 20 0 25 0 0 12 0 11 9 11 0 78 11 12 12 6 0 9 19 13 6 1 11 0 11 0 0 0 4 0 0 0 0 0 0 4 24 0 0 0 0 0 2 0 0 0 0 0 0 0 0 0 0 0 0 0 9 0 0 0 0 0 0 2 0 0 0 0 0 0 0 0 65 0 0 0 0 0 0 0 1 0 0 0 0 0 0 0 0 0 10 0 0 1 0 
 0 0 0 0 0 0 0 0 0 0 0 0 4 6 2 0 0 0 4 0 2 30 70 66 124 63 0 76 62 66 5 0 0 0 0 0 0 2 0 0 59 53 282 332 283 44 106 124 100 98 101 286 203 0 190 142 34 102 88 187 0 0 0 1 0 0 5 0 3 0 0 0 0 0 0 0 0 1 6 0 0 0 0 0 0 0 0 0 0 0 0 0 0 0 0 0 0 0 0 0 8 0 23 0 32 8 0 20 0 6 37 13 0 0 0 0 0 14 14 0 49 0 11 1 7 5 0 0 7 0 20 0 11 17 9 11 31 0 10 8 0 4 0 0 0 0 0 0 0 0 0 0 13 0 0 0 0 0 0 0 0 0 0 0 0 0 0 0 0 2 0 0 0 0 0 0 0 0 0 0 0 0 0 6 30 0 0 12 4 0 29 0 0 0 0 0 0 0 0 0 6 5 0 0 0 13 2 17 10 17 0 57 0 13 9 17 0 38 0 1 0 0 0 0 0 0 14 0 0 0 0 0 0 10 0 0 0 0 20 0 0 0 7 0 0 0 0 0 0 0 0 12 0 0 0 0 0 0 0 0 0 0 0 0 0 2 2 0 0 0 0 0 0 0 0 0 0 0 0 0 0 0 0 0 0 0 0 0 0 0 
 4 0 0 0 0 3 0 0 0 0 0 0 0 0 0 0 0 0 3 0 1 0 3 0 145 64 0 0 0 136 81 67 0 0 0 0 0 0 0 0 398 266 51 315 89 57 350 126 197 308 102 50 228 190 0 196 132 33 153 123 0 4 0 0 0 0 0 8 13 2 5 5 0 0 0 0 2 11 0 0 0 0 0 0 0 0 0 0 0 25 0 0 0 0 0 0 0 0 0 0 0 0 0 0 5 14 0 0 0 0 0 0 0 0 0 0 0 0 0 0 3 35 0 18 0 0 9 8 41 10 0 10 10 17 0 14 1 0 29 26 22 0 0 0 0 4 0 0 3 4 7 0 0 0 5 0 0 0 0 0 0 0 4 0 0 0 0 0 0 1 0 0 0 0 0 0 0 0 0 0 0 0 0 0 13 23 0 0 0 0 0 0 0 0 0 0 0 0 0 0 0 0 0 12 0 0 6 21 38 10 9 30 7 11 0 43 2 0 12 21 0 0 12 0 0 7 0 13 16 0 2 0 0 0 0 0 0 1 0 0 0 0 0 0 0 0 0 0 0 0 0 12 2 0 0 0 0 22 0 0 0 0 0 1 3 0 10 0 0 0 0 0 0 0 0 4 0 0 0 0 0 0 0 0 0 15 14 0 0 0 
 0 0 0 0 0 0 0 0 5 0 63 0 0 0 0 0 0 0 3 0 8 3 1 0 57 0 0 0 0 0 0 0 0 0 0 0 0 2 0 0 160 119 43 110 131 114 49 148 351 195 363 91 56 142 196 0 89 312 39 71 0 1 3 0 0 1 1 0 0 14 0 0 51 0 0 0 0 0 0 0 0 0 0 0 0 0 0 0 0 0 0 0 0 0 0 0 0 0 0 0 0 0 0 0 23 0 0 0 0 0 3 0 9 0 0 0 0 0 0 0 8 6 30 0 0 10 8 18 23 19 11 23 0 0 10 10 21 1 11 9 0 0 0 0 0 0 8 0 0 0 0 0 19 0 0 0 0 0 0 10 0 0 0 0 3 0 0 0 0 0 0 0 0 0 0 0 0 0 0 15 0 0 0 0 15 0 0 0 0 1 0 0 0 0 0 0 0 0 0 0 19 14 2 0 1 18 0 12 0 0 19 9 13 9 9 1 23 10 7 0 0 0 0 0 1 9 22 1 1 4 0 0 1 48 0 0 14 0 12 0 0 0 19 0 0 0 0 0 0 0 0 1 0 0 0 0 0 0 0 6 0 0 2 1 2 12 4 0 0 0 5 0 0 0 0 0 0 0 0 0 0 0 0 0 8 15 0 0 0 0 
 2 3 0 0 3 0 3 2 3 2 3 0 0 2 5 2 0 0 3 3 6 0 7 10 11 54 5 6 4 0 1 5 3 0 0 0 0 40 0 0 98 133 421 156 58 99 44 132 572 339 92 94 38 34 132 89 0 129 102 47 0 0 0 0 0 0 0 0 3 0 0 0 0 4 0 0 0 0 52 0 0 0 0 0 0 0 0 0 0 0 0 0 0 0 0 0 0 0 0 0 0 15 4 0 0 0 0 22 0 5 0 0 0 6 0 4 0 0 0 0 10 9 0 29 7 0 7 31 31 36 11 70 3 8 26 11 20 0 0 20 1 5 0 0 0 0 22 0 4 9 0 0 0 0 0 0 0 0 9 0 0 0 7 0 0 0 0 0 0 0 0 0 0 16 3 0 0 0 0 0 0 0 5 0 0 22 0 0 0 0 0 0 0 1 0 0 5 0 0 3 2 10 71 61 5 33 24 0 9 16 34 15 17 21 28 7 12 0 0 14 0 0 0 0 13 0 10 0 0 0 0 0 0 0 0 0 0 0 14 11 0 0 0 0 0 0 0 0 0 0 0 5 0 0 0 0 0 0 7 0 0 0 33 0 0 2 2 65 1 0 1 0 0 0 0 0 0 0 0 0 0 3 0 0 20 28 0 0 0 0 
 0 0 0 0 0 3 0 0 3 0 0 0 0 0 4 0 0 0 2 0 2 8 0 0 1 0 0 0 0 2 0 0 0 0 0 0 0 1 67 0 364 616 115 199 264 82 31 87 168 110 101 189 35 102 33 312 129 0 110 140 0 0 0 0 2 0 0 0 0 0 0 0 0 0 0 0 2 6 1 0 5 0 0 0 0 0 0 0 0 0 0 0 0 0 0 0 0 0 0 0 0 0 0 0 1 0 0 0 0 0 0 0 0 0 0 0 0 0 0 0 63 1 39 1 22 27 7 35 11 21 63 4 0 6 15 10 28 1 9 1 0 0 0 0 0 0 17 0 27 2 0 0 8 20 0 0 0 0 0 1 0 0 0 0 0 0 0 0 0 1 0 0 0 0 0 0 0 0 0 0 0 0 0 0 0 20 0 0 0 17 0 0 0 0 0 0 0 0 0 0 19 0 22 23 22 39 0 0 17 3 10 21 18 17 8 14 35 20 8 0 9 0 0 0 0 0 15 0 0 0 0 0 0 3 1 0 0 0 0 0 0 0 2 0 0 0 0 0 0 0 0 7 0 1 0 0 0 0 0 0 0 2 98 33 0 12 1 0 0 0 12 0 0 0 0 0 0 0 0 0 0 0 0 0 0 0 0 9 0 0 
 0 0 0 0 0 0 0 0 0 0 0 0 0 0 0 0 0 0 0 0 0 56 1 0 0 274 0 4 3 0 1 0 0 0 0 0 0 0 200 0 34 383 99 135 78 38 47 194 160 154 43 42 169 88 153 39 102 110 0 219 0 0 0 0 0 0 0 0 3 0 0 0 0 0 0 0 0 0 0 0 0 0 0 0 0 0 0 0 0 0 0 0 0 0 0 0 0 0 0 0 0 1 0 0 0 4 0 0 0 0 1 0 0 0 0 0 19 4 0 0 23 20 6 17 0 0 8 19 28 41 5 29 0 14 1 1 12 24 19 22 2 0 0 0 0 0 16 0 0 1 0 0 0 0 0 0 0 0 0 0 0 0 4 0 0 0 0 0 0 0 0 0 0 0 0 0 0 0 0 0 0 1 8 0 1 24 0 0 0 2 3 0 0 0 0 0 0 0 0 0 13 0 22 33 30 0 36 0 15 4 13 20 14 34 31 30 40 1 0 16 0 0 0 0 0 0 1 0 3 0 0 0 0 0 0 0 0 0 2 0 0 0 25 0 0 0 0 0 0 0 0 2 0 0 0 0 0 0 2 0 0 0 0 1 0 0 2 8 0 0 20 0 0 0 0 2 0 0 0 0 0 0 0 0 0 29 0 15 1 0 
 0 0 0 0 0 0 0 0 0 4 0 0 0 0 0 0 0 0 3 0 0 62 267 58 0 74 0 64 6 1 61 62 0 0 0 0 0 0 0 0 154 59 41 83 94 324 196 67 82 111 67 58 74 187 123 71 47 140 219 0 0 0 0 0 0 0 0 25 8 2 0 0 4 4 0 0 0 0 53 0 0 0 0 0 0 0 0 0 0 0 0 0 0 0 0 0 0 0 0 0 0 0 0 9 11 20 0 0 16 7 7 0 0 0 0 0 9 0 9 0 32 0 13 8 6 0 0 9 0 12 12 8 0 0 12 0 11 1 0 21 0 0 0 48 0 0 0 8 4 0 0 0 6 7 17 0 19 0 10 0 0 0 0 0 0 0 0 0 0 0 0 0 0 0 0 0 0 0 0 0 0 0 0 7 0 34 0 0 9 10 17 0 0 0 0 11 0 9 0 0 20 11 10 40 13 6 27 10 14 19 7 0 0 15 15 0 2 47 0 0 0 0 0 0 0 0 0 0 0 0 0 0 0 0 7 2 0 0 16 4 0 0 0 0 0 0 0 0 0 0 0 17 0 0 0 0 0 0 0 0 1 0 2 0 0 2 0 65 1 0 6 0 0 0 0 0 0 0 0 0 0 0 6 0 0 10 0 0 0 0 
 0 0 0 0 0 0 0 0 0 0 0 0 0 0 0 2 0 0 0 0 3 3 3 3 3 3 3 2 3 6 3 3 3 3 3 3 3 54 3 3 0 0 0 0 20 25 0 0 0 0 54 0 0 0 0 0 0 0 0 0 0 74 48 246 252 73 193 108 62 247 249 38 105 118 121 46 40 29 114 321 0 0 0 0 0 0 0 0 0 0 0 0 0 0 0 0 0 21 0 0 0 0 0 0 0 0 0 0 0 0 0 0 0 0 0 0 0 0 0 0 0 0 0 0 0 16 0 0 0 0 0 0 0 0 0 0 0 9 0 0 24 60 25 3 0 7 0 0 1 1 0 0 0 0 7 72 3 31 4 6 0 0 0 0 35 0 0 0 0 0 0 0 0 0 0 0 0 0 0 0 0 0 0 0 0 0 0 0 0 0 0 0 0 0 0 0 0 0 0 0 0 0 0 0 0 0 0 0 0 0 13 0 0 0 0 0 0 0 0 0 8 13 19 0 3 4 0 6 9 13 19 24 7 32 16 12 25 9 0 62 0 0 0 0 0 0 0 0 0 0 0 19 0 0 3 0 0 0 0 0 0 0 0 54 50 0 0 0 0 0 0 0 0 2 0 0 0 0 0 0 0 0 0 0 0 0 0 0 0 0 
