 0 94 107 150 271 40 70 354 145 152 74 122 67 74 180 215 115 129 143 39 0 6 2 1 2 0 0 2 0 0 2 0 0 0 3 0 3 0 0 3 0 0 3 50 0 0 0 0 0 2 1 1 0 0 0 0 0 3 2 0 2 0 3 0 0 0 0 0 0 2 0 0 0 3 0 2 2 0 3 0 2 8 33 0 0 10 0 23 34 9 30 1 0 11 10 12 0 1 20 12 0 0 1 0 0 0 0 0 0 0 0 0 0 0 0 0 0 0 0 0 0 0 0 0 0 0 0 0 0 0 0 0 0 0 0 0 1 0 0 0 0 0 0 20 0 0 0 0 0 0 0 0 0 10 0 2 0 11 0 0 10 38 19 21 0 1 13 0 23 0 0 0 14 10 23 0 0 17 18 0 0 0 0 0 0 2 0 0 0 0 0 0 9 2 1 0 0 0 0 0 0 0 0 0 0 0 0 0 0 0 0 0 0 0 0 0 0 0 0 0 2 0 0 0 0 0 0 0 0 0 0 0 0 0 0 0 0 0 0 0 0 0 0 0 0 2 1 0 0 0 2 3 0 0 0 0 0 0 0 0 0 0 22 0 0 63 0 0 0 0 0 0 0 0 0 0 5 0 0 0 0 0 0 0 0 0 0 0 0 0 
 94 0 217 375 136 144 273 179 374 55 110 171 338 465 51 379 34 137 47 195 0 5 0 0 2 0 0 1 0 0 2 0 0 2 5 0 3 0 0 3 0 0 3 0 2 0 0 0 0 85 3 0 0 0 0 0 0 3 2 0 2 0 3 0 0 0 0 0 0 2 0 0 0 3 0 0 2 0 3 0 18 23 80 52 0 48 21 0 4 25 0 24 0 41 20 10 42 50 0 11 0 0 1 0 0 0 11 9 0 0 0 0 38 0 0 0 0 0 14 24 0 0 0 0 0 0 0 0 0 0 0 0 0 0 0 0 10 0 0 0 0 0 0 0 0 0 0 0 0 0 0 0 0 28 0 2 4 0 0 0 0 0 24 0 0 1 2 22 0 16 55 18 4 32 28 0 37 0 0 0 0 0 0 12 0 2 11 0 0 0 0 0 0 9 1 0 0 0 34 1 0 0 0 0 0 0 0 0 0 0 0 0 0 0 0 0 0 0 0 0 2 0 0 0 0 0 0 0 0 0 0 0 0 0 0 0 0 0 0 0 0 0 0 0 0 2 5 0 3 89 2 19 0 0 0 0 0 0 0 0 0 0 0 0 0 0 0 0 0 0 0 0 0 0 0 0 8 0 0 0 0 0 0 0 0 0 0 0 0 0 
 107 217 0 141 143 122 170 299 193 229 89 259 173 144 188 96 147 139 133 41 283 5 0 1 3 0 2 2 1 0 2 61 74 0 3 1 3 1 0 3 0 6 3 0 0 0 0 0 3 2 2 0 0 0 0 0 0 3 2 1 2 0 3 0 0 0 0 2 0 2 0 0 0 3 0 6 2 0 3 0 11 15 2 14 19 39 1 2 16 0 36 75 10 26 0 32 44 49 0 18 14 0 0 0 0 0 0 0 0 0 0 0 0 0 19 0 0 0 23 1 0 0 0 0 0 0 0 0 0 0 0 2 0 0 0 0 0 0 0 0 0 2 0 0 0 2 0 0 0 0 0 0 0 0 1 0 0 0 0 18 8 19 55 16 13 17 0 12 21 11 20 28 1 6 21 15 0 29 13 11 0 0 0 0 0 0 0 0 21 0 0 0 0 9 17 2 0 0 25 30 0 0 0 0 0 0 0 0 0 0 2 0 0 0 0 0 9 2 0 0 0 0 0 1 0 0 0 1 0 0 0 0 0 0 0 0 0 0 8 0 0 0 0 0 0 0 2 2 91 2 2 18 17 0 0 0 0 0 0 0 0 0 0 0 0 0 0 0 0 0 0 0 0 0 0 9 0 0 0 0 0 0 0 0 0 0 0 0 0 0 
 150 375 141 0 102 36 83 90 197 451 270 192 66 114 49 38 66 64 68 161 1 3 2 0 2 0 164 0 2 0 0 2 2 74 5 0 3 0 74 18 0 0 3 0 1 0 0 0 0 3 3 0 0 0 0 0 0 3 2 0 2 0 3 0 0 0 0 0 0 2 0 4 0 3 0 0 2 0 3 0 0 13 0 0 0 5 0 9 0 10 10 30 0 0 32 0 0 0 0 0 0 11 0 0 0 0 0 22 0 0 2 2 8 0 18 1 1 13 0 10 0 0 0 0 0 0 0 0 0 0 0 0 0 0 0 0 0 0 0 0 0 0 0 0 0 0 0 3 0 0 2 0 0 0 0 0 0 0 0 0 0 0 3 0 0 28 0 0 10 12 0 16 2 0 10 0 23 14 0 0 8 13 0 0 0 0 0 10 12 0 0 0 20 15 39 25 0 0 17 0 2 0 0 0 2 2 0 0 10 0 0 0 0 0 0 0 0 0 0 0 0 0 0 0 0 2 0 0 1 0 1 0 0 0 8 0 0 0 0 0 0 10 0 0 0 1 97 0 3 2 0 9 0 0 0 0 0 0 0 0 0 0 18 0 0 0 0 0 0 0 0 0 0 0 0 15 14 8 0 0 0 0 0 0 0 0 0 0 0 0 
 271 136 143 102 0 350 137 172 287 171 172 237 169 158 159 81 161 120 68 273 0 77 0 0 2 2 1 11 18 0 2 2 75 21 87 0 3 0 9 4 41 0 3 0 2 0 0 0 0 3 3 0 0 0 0 0 0 3 2 0 2 0 3 0 0 0 0 0 0 2 0 0 0 3 0 0 2 0 4 0 10 38 17 50 12 24 10 16 18 0 15 13 0 69 11 0 36 39 0 0 0 14 9 0 0 0 10 0 0 13 0 0 21 9 0 0 0 20 30 14 0 0 0 0 0 0 0 0 0 0 0 0 0 0 0 0 0 0 0 0 0 0 0 1 0 0 0 0 0 0 0 0 0 0 0 0 0 0 0 0 0 16 25 10 0 0 50 15 0 0 19 19 3 36 25 0 33 0 0 0 1 11 0 0 0 0 0 0 0 10 0 0 13 0 0 0 17 0 11 0 0 0 0 0 0 0 0 0 0 0 1 0 0 0 2 0 0 1 0 0 0 0 0 0 0 0 0 1 0 0 0 0 0 0 0 0 0 0 0 0 0 0 0 0 0 0 2 1 5 137 0 7 0 0 0 0 0 0 0 0 0 0 0 0 0 29 0 0 0 0 0 0 0 0 0 0 0 0 0 0 0 0 0 0 0 0 0 0 0 0 
 40 144 122 36 350 0 38 22 50 156 234 104 31 51 130 131 142 107 37 66 0 151 1 0 2 0 85 75 41 2 0 1 117 130 76 74 3 0 73 3 0 0 3 0 1 0 0 0 0 2 0 0 0 0 0 0 0 3 2 0 2 0 7 0 0 38 0 0 0 8 0 1 51 3 0 0 2 0 3 18 0 20 13 36 35 12 0 0 21 22 10 0 0 0 0 14 46 48 0 17 0 53 11 0 0 0 21 7 0 10 0 0 45 33 2 0 0 21 26 69 0 0 0 0 0 0 0 9 0 0 0 0 1 0 0 0 0 0 0 0 0 0 0 0 0 0 0 0 0 0 0 0 0 0 0 2 6 0 0 0 0 0 0 9 8 28 0 8 0 2 23 9 0 0 0 0 0 1 0 0 6 23 0 0 0 0 4 10 11 26 0 5 21 0 18 14 15 0 10 16 19 0 0 0 0 0 0 0 0 0 0 0 0 0 0 0 0 0 0 0 2 0 0 0 0 0 0 0 0 0 0 0 0 0 0 0 0 0 0 0 0 0 0 0 0 5 89 1 0 89 0 23 0 0 0 0 0 0 0 0 0 0 0 0 0 0 0 0 0 0 0 0 0 0 0 16 0 0 0 0 0 0 0 0 0 0 0 0 0 0 
 70 273 170 83 137 38 0 138 48 106 52 131 69 369 268 42 29 118 230 414 0 11 0 0 3 2 0 0 0 2 1 0 0 0 4 3 3 0 0 3 0 7 3 0 0 0 0 2 0 3 4 2 0 2 0 0 0 3 2 0 6 2 6 0 0 2 0 0 0 4 0 33 3 3 2 0 2 0 3 3 17 0 1 13 0 4 33 19 11 0 0 12 0 16 31 31 39 10 0 39 0 0 0 0 1 0 0 0 0 0 0 0 0 0 0 2 0 0 4 0 0 0 0 0 0 0 0 0 0 0 0 0 0 0 0 0 0 0 9 0 0 0 0 0 0 8 0 0 0 0 0 0 0 2 5 0 0 1 0 0 11 1 14 0 0 0 0 42 14 25 11 0 10 21 2 67 22 12 13 10 2 0 0 0 0 0 0 0 0 0 0 0 2 0 0 0 0 0 0 0 0 0 0 0 0 0 0 0 0 0 0 0 0 0 0 0 0 7 0 0 0 0 0 0 0 0 2 0 0 0 0 0 0 0 0 0 0 0 0 0 0 0 0 0 0 0 0 0 0 2 0 6 0 0 0 0 0 0 0 0 0 0 0 0 0 0 0 0 0 0 0 0 0 0 0 25 0 0 0 0 0 0 0 0 0 0 0 0 0 0 
 354 179 299 90 172 22 138 0 127 150 32 25 146 277 128 466 119 114 222 130 0 3 1 0 2 2 0 0 0 0 1 2 12 2 5 0 4 3 0 3 0 0 3 0 0 0 0 0 0 6 2 0 0 0 80 2 61 3 3 0 2 0 3 0 0 0 0 0 0 2 0 0 0 3 0 16 2 0 3 0 34 12 2 0 0 0 15 0 28 1 12 14 20 13 9 9 15 0 11 20 0 0 0 0 0 0 0 0 0 0 0 0 0 0 0 0 0 0 20 1 0 0 0 0 0 0 0 0 0 0 0 0 0 0 0 0 0 0 0 0 0 15 0 0 0 0 0 0 0 0 0 0 0 0 1 0 0 0 0 0 19 27 16 9 0 0 28 30 21 28 58 1 25 0 0 25 10 0 39 1 0 0 0 0 0 0 0 0 0 0 0 0 14 0 0 0 0 0 0 0 0 0 0 0 0 0 0 0 0 0 0 0 0 0 0 0 0 0 0 0 0 0 0 0 0 0 0 0 0 0 0 0 0 0 0 0 0 0 0 0 0 0 0 0 0 0 2 0 0 0 1 17 20 0 0 0 0 0 0 0 0 0 0 0 0 0 0 0 0 0 0 0 0 0 0 41 0 0 0 0 0 0 0 0 0 0 0 0 0 0 
 145 374 193 197 287 50 48 127 0 322 141 89 79 272 160 377 224 139 59 174 0 3 0 0 2 0 0 0 0 2 1 0 2 2 5 0 3 0 0 3 0 4 3 0 0 0 0 0 0 3 13 0 0 0 0 0 0 3 3 0 2 0 3 0 0 0 53 0 0 2 0 0 0 4 0 2 2 2 3 0 0 39 30 26 20 10 0 41 0 25 17 30 8 22 11 13 45 56 0 16 0 0 2 0 0 0 0 0 0 0 0 0 21 0 0 0 0 0 0 13 0 0 0 0 0 0 0 0 0 0 0 0 2 0 0 15 2 0 0 0 0 0 0 0 0 0 0 0 0 0 0 0 0 0 0 0 1 0 0 0 0 14 34 0 0 2 29 0 16 0 28 33 68 25 36 14 0 0 0 0 0 0 0 0 0 1 0 0 0 0 0 0 18 1 2 0 0 0 7 10 0 0 0 0 0 0 0 0 0 0 7 0 0 0 0 0 0 0 0 0 1 0 0 0 0 0 0 0 0 0 0 0 0 0 0 0 0 0 0 0 0 0 0 0 0 1 1 1 88 9 0 8 15 0 0 0 0 0 0 0 0 0 17 0 0 0 0 0 0 0 0 0 0 0 0 0 18 0 0 0 0 0 0 0 0 0 0 0 0 0 
 152 55 229 451 171 156 106 150 322 0 113 36 200 315 160 161 363 381 60 102 2 3 0 0 2 28 35 1 0 0 0 0 2 148 6 0 3 87 17 5 0 5 3 0 1 0 0 0 2 3 1 0 0 0 0 0 64 3 2 0 2 3 5 5 0 0 0 0 0 13 0 14 2 3 0 0 2 0 3 2 20 15 47 0 0 0 0 0 32 23 13 24 0 37 10 14 9 0 2 1 0 7 0 0 0 0 0 9 0 0 0 0 0 0 2 0 0 0 11 61 0 0 0 0 0 0 0 0 0 0 0 0 0 0 0 0 0 0 0 0 0 0 0 0 0 0 0 0 0 0 0 0 0 0 0 0 0 0 0 0 8 29 44 42 13 16 20 39 11 67 10 8 3 10 0 25 0 13 0 0 14 0 0 0 0 0 0 11 9 0 0 1 78 20 23 17 0 0 19 0 0 0 0 2 0 0 0 0 0 0 0 0 0 0 0 0 0 0 0 0 0 0 0 0 0 12 0 0 2 0 0 0 0 0 0 0 0 0 0 0 0 0 0 0 0 2 0 0 2 3 0 10 0 0 0 0 0 0 0 0 0 0 11 0 0 0 0 0 0 0 0 0 0 0 0 7 6 0 0 0 0 0 0 0 0 0 0 0 0 0 
 74 110 89 270 172 234 52 32 141 113 0 69 28 35 66 65 208 238 33 374 10 6 2 2 4 2 78 27 1 0 0 14 8 149 7 0 3 0 4 68 3 1 3 0 1 0 0 4 3 3 8 0 0 0 0 0 0 5 4 3 2 0 8 0 0 31 0 0 0 4 0 0 3 3 0 0 7 0 3 3 1 9 43 0 14 7 0 18 15 20 9 9 0 0 12 0 1 0 0 0 0 25 0 0 0 0 1 14 0 0 0 0 0 0 15 0 0 9 0 0 0 0 0 0 0 0 0 0 0 0 0 0 0 0 0 0 2 0 0 0 0 0 0 0 0 0 0 5 0 0 0 0 0 0 0 1 19 0 0 0 0 14 16 15 31 36 0 0 17 0 0 0 9 9 12 0 1 0 0 0 20 9 0 0 0 0 1 7 10 0 0 1 28 29 69 20 0 0 21 0 46 0 0 0 0 5 0 0 0 0 0 0 0 0 0 0 0 0 0 0 1 0 0 0 0 0 0 0 0 0 0 0 0 0 0 0 0 0 9 0 0 0 0 0 0 0 38 0 0 1 0 15 0 0 2 0 0 0 0 0 0 0 10 0 0 0 0 0 0 0 0 0 0 0 0 0 15 10 0 0 0 0 0 0 0 0 0 0 0 0 
 122 171 259 192 237 104 131 25 89 36 69 0 26 67 42 50 116 172 33 136 1 3 0 1 2 0 75 0 0 0 2 0 0 0 3 0 3 5 1 69 0 0 4 1 1 0 2 0 7 3 2 0 0 0 0 2 1 3 2 0 8 0 3 34 0 0 0 0 0 2 0 0 0 10 0 0 2 0 3 0 12 20 19 9 24 17 10 21 0 0 11 26 0 26 11 11 27 80 0 0 0 13 0 0 0 0 0 0 0 0 0 0 0 0 8 0 0 10 29 0 0 0 0 0 0 0 0 0 0 0 0 0 0 0 0 0 0 0 1 0 0 0 0 0 0 0 0 5 0 0 0 0 0 0 0 0 0 0 0 0 0 0 44 0 20 0 0 9 0 0 2 14 0 21 20 0 4 11 0 0 0 10 0 0 0 0 0 0 0 1 0 0 0 0 10 5 0 0 16 16 0 0 0 0 0 0 0 0 0 0 0 0 0 0 1 0 0 0 0 0 0 0 0 11 0 0 0 0 0 0 0 0 0 0 0 1 0 0 0 0 0 55 0 0 0 4 4 0 108 175 1 6 0 0 0 0 0 0 0 0 0 0 0 0 0 0 0 0 0 0 0 0 0 0 0 43 2 11 0 0 0 0 0 0 0 0 0 0 0 12 
 67 338 173 66 169 31 69 146 79 200 28 26 0 82 116 130 166 127 84 140 0 3 25 0 2 0 0 1 0 2 2 0 1 0 3 0 3 0 0 3 0 0 3 0 0 0 0 0 0 2 0 0 2 0 64 0 0 3 2 0 2 0 3 0 0 1 0 0 0 2 0 0 0 4 0 0 2 0 9 0 10 21 24 0 16 0 0 14 67 22 49 41 0 39 15 0 20 0 31 10 0 2 0 0 0 0 0 0 0 0 0 0 0 0 0 0 0 0 2 0 0 0 0 0 0 0 0 1 0 0 2 0 0 0 0 0 0 0 0 2 0 0 0 0 0 2 0 0 0 0 0 0 0 0 3 0 1 0 0 0 39 13 18 6 10 0 87 22 18 38 0 16 17 0 0 26 0 15 12 13 0 0 0 9 0 0 0 0 0 0 0 0 23 0 0 0 2 0 1 14 0 0 2 18 0 0 0 0 0 0 0 0 1 1 0 1 0 0 0 2 9 0 0 0 0 0 0 0 0 0 15 0 0 0 0 0 0 0 0 0 0 0 0 0 0 2 0 0 87 0 13 3 0 0 0 0 0 0 0 1 2 0 0 0 0 39 0 0 0 0 0 0 0 0 0 0 25 0 0 0 0 0 0 0 0 0 0 0 0 1 
 74 465 144 114 158 51 369 277 272 315 35 67 82 0 190 59 242 120 475 407 0 7 0 1 2 0 0 0 0 0 2 84 0 0 31 3 3 74 0 5 0 0 3 0 0 0 0 0 0 3 3 0 0 5 0 0 0 3 2 0 3 0 3 0 0 0 0 25 0 2 0 0 0 3 0 6 2 0 3 0 33 1 0 3 14 3 22 0 12 0 15 23 9 17 17 35 23 12 1 46 0 0 0 0 0 1 0 1 0 4 0 0 0 0 0 0 0 0 0 0 0 2 0 0 0 1 0 0 15 0 0 0 0 0 0 0 0 2 0 0 0 0 0 0 0 0 0 0 2 0 0 0 0 0 2 0 13 6 0 0 46 0 20 0 6 0 2 15 10 1 20 14 12 1 24 1 27 25 22 60 0 4 0 0 0 0 0 0 0 0 0 0 0 0 0 0 0 2 0 11 0 0 20 0 0 0 0 0 0 0 0 0 0 0 16 0 2 0 0 0 0 0 0 0 0 0 0 0 0 0 0 0 0 0 0 0 0 0 0 0 0 0 0 0 0 2 0 0 90 2 3 11 17 0 0 0 1 0 0 0 0 0 0 0 0 0 0 0 0 0 0 0 0 0 0 10 1 0 0 0 0 0 0 0 0 0 0 0 0 0 
 180 51 188 49 159 130 268 128 160 160 66 42 116 190 0 239 254 313 263 172 0 3 1 1 4 2 0 2 0 0 2 2 0 0 4 1 3 3 1 3 0 0 3 0 2 3 3 0 0 5 2 0 2 0 0 0 0 3 4 0 2 0 3 0 2 2 0 1 0 2 0 0 0 3 0 3 2 0 3 0 0 0 19 11 0 24 11 14 36 24 21 1 1 0 0 16 15 10 12 17 0 0 0 0 0 0 8 0 0 0 0 16 10 0 0 0 0 0 1 8 0 0 0 0 0 0 2 0 13 0 0 0 0 0 0 1 0 0 15 0 0 0 0 0 0 0 0 0 0 0 0 0 0 0 0 0 6 0 0 0 28 4 10 15 14 0 26 1 7 7 14 13 10 28 0 15 0 9 15 0 0 0 0 0 1 0 13 0 0 0 0 0 0 0 0 0 0 0 11 3 0 0 0 1 0 0 1 0 0 0 0 0 0 0 0 0 0 0 0 0 0 0 0 0 0 0 0 0 0 0 0 0 0 0 0 0 0 0 0 0 0 0 0 0 0 1 2 0 3 0 8 11 0 0 0 0 0 0 0 0 0 0 0 0 0 0 0 0 0 0 0 0 0 0 0 0 10 0 0 0 0 0 0 0 0 0 0 0 0 0 
 215 379 96 38 81 131 42 466 377 161 65 50 130 59 239 0 55 72 228 50 74 3 0 0 2 0 0 0 0 0 2 0 0 0 4 0 3 0 0 3 0 0 3 0 2 0 0 0 0 3 2 0 0 0 0 0 0 3 3 0 2 0 3 0 0 0 0 0 0 2 0 0 0 3 0 9 2 0 3 0 1 0 22 1 33 9 3 8 11 26 17 18 23 16 20 16 1 17 25 21 15 1 0 0 0 0 32 0 0 0 0 0 7 0 0 0 0 0 11 13 0 0 0 0 0 0 0 0 0 0 2 0 8 0 0 0 0 0 0 2 0 0 0 0 0 7 0 1 0 0 0 0 0 0 0 0 2 0 0 0 32 21 0 32 17 5 0 0 11 1 31 13 0 0 0 9 0 11 80 0 0 0 0 0 0 0 12 2 0 0 0 0 0 10 17 5 2 0 8 19 0 0 0 0 0 0 0 0 0 0 0 7 0 0 0 0 0 0 0 0 0 0 0 0 0 0 0 0 0 0 0 1 0 0 0 0 0 0 0 0 0 0 0 0 1 1 87 0 1 0 2 10 17 0 0 0 0 0 0 0 0 0 0 0 0 0 0 0 0 1 0 0 0 0 0 0 1 1 0 0 0 0 0 0 0 0 0 0 0 0 
 115 34 147 66 161 142 29 119 224 363 208 116 166 242 254 55 0 375 243 28 0 3 5 1 2 0 75 0 2 6 2 0 0 0 3 0 3 0 74 3 0 0 3 0 0 0 7 0 4 2 2 0 0 2 0 0 0 3 2 56 2 0 3 0 0 0 0 0 0 2 0 4 0 3 0 0 2 0 3 6 34 73 37 52 37 0 0 25 41 61 61 3 18 17 15 11 77 6 0 0 0 0 0 0 0 0 0 0 0 0 0 0 7 0 0 0 0 0 29 10 0 0 0 0 0 0 0 0 3 0 0 0 0 0 0 0 0 0 0 0 0 0 0 0 0 0 0 0 0 0 0 0 0 0 0 0 0 0 0 0 0 26 34 10 6 0 42 18 15 17 0 55 13 17 14 26 16 33 0 0 0 0 0 0 0 0 0 10 0 0 0 0 21 0 35 0 0 0 0 17 0 0 0 0 0 0 0 0 0 0 0 0 0 0 0 0 0 0 0 0 0 0 0 0 0 0 0 0 0 0 0 0 0 0 0 0 0 0 0 0 0 0 0 0 0 5 1 1 89 88 8 7 0 0 0 0 0 0 0 0 0 0 23 0 0 2 0 0 0 0 0 0 0 0 0 21 2 0 0 0 0 0 0 0 0 0 0 0 0 0 
 129 137 139 64 120 107 118 114 139 381 238 172 127 120 313 72 375 0 42 128 0 3 2 0 4 0 74 73 0 0 1 0 3 33 3 0 3 0 75 3 3 0 3 0 2 0 0 2 3 2 0 0 0 0 0 0 0 3 2 3 2 0 6 0 0 2 0 0 0 6 0 0 0 3 0 0 2 0 3 3 10 27 31 21 20 48 0 0 28 51 0 13 0 27 15 6 15 18 13 0 0 8 0 0 0 0 10 0 0 0 1 2 8 0 0 0 0 0 0 24 0 2 0 0 0 0 0 0 1 0 0 0 0 0 0 0 0 2 0 0 0 0 0 0 0 0 0 1 0 0 0 0 6 0 0 0 3 0 0 0 0 19 27 11 12 14 0 0 1 14 40 1 0 13 18 14 3 2 0 0 0 0 0 0 0 0 15 9 0 0 0 0 13 0 9 0 0 2 11 21 0 0 0 0 1 0 0 0 0 0 0 0 0 0 0 0 0 0 0 0 0 0 0 0 0 1 0 0 0 0 0 0 0 0 0 0 0 0 0 0 0 0 0 0 0 1 85 0 3 5 1 5 0 0 0 0 0 0 0 0 0 0 1 0 0 0 0 0 0 0 0 0 0 0 0 0 2 0 0 0 0 0 0 0 0 0 0 0 0 0 
 143 47 133 68 68 37 230 222 59 60 33 33 84 475 263 228 243 42 0 56 0 3 0 1 2 2 0 2 0 0 1 2 0 0 3 0 3 1 0 3 0 0 3 0 0 0 0 0 0 3 4 1 0 0 0 0 0 3 3 0 2 0 3 0 0 2 0 0 0 2 0 0 0 3 0 4 2 0 3 0 0 0 1 0 0 3 34 0 0 9 1 0 9 0 28 24 0 0 13 26 0 0 0 0 0 0 0 0 0 0 0 0 0 0 0 0 0 0 0 0 0 0 0 0 0 0 0 0 19 0 0 0 0 0 0 0 0 0 0 0 0 14 0 0 0 0 0 0 0 0 0 0 0 0 2 0 0 5 0 0 36 13 2 0 0 0 51 4 1 0 22 0 0 0 14 0 18 32 34 45 0 0 0 2 1 0 0 0 0 0 0 0 0 0 0 0 0 0 0 0 1 0 0 0 0 0 0 0 0 0 0 0 0 0 0 0 0 0 0 0 0 0 0 0 0 0 0 0 0 0 0 0 0 0 0 0 0 0 0 0 0 0 0 0 0 0 0 0 2 0 0 8 13 0 0 0 0 0 0 0 0 0 0 0 0 0 0 0 0 0 0 0 0 0 0 10 0 0 0 0 0 0 0 0 0 0 0 0 0 0 
 39 195 41 161 273 66 414 130 174 102 374 136 140 407 172 50 28 128 56 0 2 3 0 0 2 0 0 2 2 0 1 0 0 0 3 75 5 0 0 3 0 0 3 0 1 0 0 0 0 3 3 0 0 0 0 0 0 3 3 0 2 0 3 0 0 0 0 0 0 2 0 0 0 3 0 0 2 0 3 0 27 0 16 13 0 4 18 28 11 17 0 3 17 31 38 20 18 10 0 30 0 2 0 0 0 0 0 0 0 0 0 0 0 0 0 0 0 0 11 0 0 0 0 0 0 0 0 0 0 0 2 0 0 0 0 0 0 0 0 2 0 0 0 0 0 0 0 0 0 0 0 0 0 0 0 0 0 0 0 0 0 0 0 0 0 0 0 27 0 18 15 0 10 39 1 23 28 0 0 24 0 0 0 0 8 0 0 0 0 0 0 0 0 0 0 0 2 0 0 0 0 0 0 0 0 0 0 0 0 0 0 0 0 1 0 0 0 0 0 0 0 0 0 0 0 0 0 0 0 0 0 0 0 0 0 0 0 0 0 0 0 0 0 0 1 90 0 0 2 3 0 13 0 0 0 0 0 0 0 0 0 0 0 0 0 0 0 0 0 0 0 0 0 0 0 0 17 0 0 0 0 0 0 0 0 0 0 0 0 0 
 0 0 283 1 0 0 0 0 0 2 10 1 0 0 0 74 0 0 0 2 0 293 83 271 157 38 387 288 114 152 265 160 105 47 280 94 41 208 96 135 4 3 0 0 0 0 0 0 0 3 2 0 6 0 0 2 3 2 0 0 0 0 0 10 0 3 15 0 0 0 0 0 3 3 0 3 0 0 0 0 0 0 0 11 11 0 0 0 0 0 0 0 0 0 0 0 0 15 0 0 33 1 24 34 14 10 13 0 1 13 21 0 0 11 0 1 49 10 20 1 0 0 0 0 0 0 11 0 0 0 0 0 0 0 0 0 0 0 2 15 0 0 0 0 0 0 0 1 0 0 0 2 0 0 0 0 0 0 0 0 0 0 0 3 13 23 0 0 0 0 1 1 0 0 0 0 2 0 0 0 9 34 11 19 0 1 0 49 4 10 21 29 0 20 37 51 21 0 12 24 0 0 0 0 0 0 0 0 1 0 0 0 27 0 0 0 0 0 9 40 0 0 0 1 0 0 0 0 0 0 0 0 0 0 0 0 0 0 0 0 0 0 1 0 0 1 0 0 0 2 0 0 0 0 21 2 4 79 34 1 11 0 0 0 0 0 0 0 0 0 0 0 0 0 0 0 0 0 0 0 0 0 0 0 0 0 0 0 0 0 
 6 5 5 3 77 151 11 3 3 3 6 3 3 7 3 3 3 3 3 3 293 0 226 75 118 31 76 118 427 62 36 190 120 227 281 205 251 46 116 155 2 0 0 0 2 0 0 0 0 3 9 4 5 0 0 2 3 1 0 0 0 0 0 4 0 3 15 0 0 0 0 0 5 3 0 3 0 0 0 0 0 0 0 1 0 0 0 0 0 0 0 0 0 0 0 1 0 0 16 0 14 12 2 0 5 8 2 48 0 20 19 19 24 42 0 51 16 31 11 6 11 0 0 0 0 0 0 0 0 0 0 0 0 0 0 0 0 0 0 22 12 0 0 0 0 0 0 0 0 0 0 0 0 0 0 0 0 0 8 1 0 0 0 0 7 0 3 0 0 0 0 0 0 0 0 0 0 0 0 0 14 22 15 3 12 0 35 27 33 45 16 14 1 13 0 0 15 47 0 0 0 0 0 0 0 0 0 0 0 0 0 1 11 0 0 0 0 0 1 0 0 0 0 0 0 0 0 0 0 0 0 1 0 0 0 0 0 0 2 0 0 0 0 0 0 1 0 0 0 0 0 0 0 0 20 0 0 2 77 2 2 2 0 0 0 0 0 0 0 0 0 0 0 0 0 0 0 2 0 1 0 0 0 0 8 0 0 0 0 0 
 2 0 0 2 0 1 0 1 0 0 2 0 25 0 1 0 5 2 0 0 83 226 0 270 43 162 266 63 133 44 87 342 68 171 38 183 79 306 217 119 0 0 0 0 2 0 3 0 0 3 65 0 65 67 0 2 5 1 0 61 56 0 0 0 0 3 3 0 0 0 0 0 6 3 0 3 0 0 0 0 0 0 0 0 0 0 0 17 0 0 0 0 0 0 0 0 0 0 0 0 29 38 0 15 0 31 10 8 37 23 29 0 14 16 14 13 4 9 0 22 0 0 0 0 0 0 0 17 0 0 0 0 0 1 0 25 0 0 30 1 0 0 0 0 0 0 0 0 0 0 0 0 0 0 0 0 0 0 0 15 0 14 0 13 1 0 17 0 0 0 6 0 0 10 0 0 0 0 0 0 17 7 31 35 0 13 13 0 9 12 0 0 14 13 0 14 21 9 0 0 10 0 0 0 0 0 1 0 32 0 0 0 1 0 0 0 0 0 53 43 0 1 0 0 0 0 0 0 0 0 0 0 0 0 0 0 0 0 0 0 0 0 21 0 0 0 0 0 0 0 0 0 0 0 11 0 0 165 1 0 0 11 0 0 0 11 0 0 0 0 0 0 0 0 0 0 0 0 0 0 0 0 0 0 0 0 13 0 0 0 
 1 0 1 0 0 0 0 0 0 0 2 1 0 1 1 0 1 0 1 0 271 75 270 0 274 302 149 53 276 256 291 580 71 80 295 170 328 209 64 126 0 13 4 0 0 0 70 63 0 3 1 0 66 1 64 2 3 10 85 25 0 0 0 0 0 3 3 0 0 0 0 0 3 3 0 3 0 0 0 0 0 0 0 0 0 0 0 0 0 0 0 0 0 0 0 0 0 0 2 0 8 0 8 36 36 40 0 14 30 11 10 7 0 8 14 26 24 0 0 0 0 10 0 0 0 0 20 24 0 0 0 0 0 0 7 0 0 0 1 0 0 0 0 0 0 0 0 0 0 2 0 0 0 0 0 0 0 0 0 4 0 0 0 0 0 0 0 0 7 0 0 0 0 0 0 0 0 11 2 0 0 0 92 47 12 34 0 0 10 10 12 20 1 0 0 14 12 26 0 0 0 0 0 0 0 0 38 0 0 0 0 0 0 2 0 0 0 0 35 0 0 0 0 0 0 0 0 0 0 6 0 0 0 0 0 0 1 0 0 0 0 0 0 0 0 0 0 0 0 0 0 0 0 0 22 2 1 3 77 0 0 2 0 0 0 0 0 0 0 0 0 0 0 0 0 0 0 0 0 0 0 0 0 0 0 0 1 0 0 0 
 2 2 3 2 2 2 3 2 2 2 4 2 2 2 4 2 2 4 2 2 157 118 43 274 0 86 54 125 100 78 114 51 109 126 283 192 64 121 52 280 66 0 0 0 0 0 30 117 0 3 0 4 28 0 24 6 36 63 132 124 0 0 0 0 0 3 2 1 0 0 0 0 4 1 0 24 7 0 0 0 0 0 0 0 0 0 0 0 0 0 0 0 0 0 0 0 0 0 0 0 0 0 13 0 16 86 0 0 0 1 17 9 0 0 13 0 11 0 0 0 10 2 19 0 0 14 73 0 25 0 0 8 19 9 15 0 10 0 1 13 0 0 0 0 0 0 0 0 0 0 0 0 0 0 0 0 0 0 0 0 0 7 0 0 1 0 0 18 0 0 0 0 0 0 0 0 0 0 0 0 1 14 20 2 0 30 1 5 18 0 11 0 0 0 0 0 36 8 14 0 0 0 1 15 0 0 10 1 0 23 2 0 26 9 15 12 11 24 31 37 0 0 0 7 0 0 0 0 0 0 0 0 0 0 0 0 0 0 0 0 0 0 0 0 0 0 0 0 0 0 0 0 0 0 4 2 20 0 7 2 11 2 0 0 0 0 0 0 0 0 0 0 0 0 0 0 0 0 0 0 0 0 0 0 0 0 0 0 0 0 
 0 0 0 0 2 0 2 2 0 28 2 0 0 0 2 0 0 0 2 0 38 31 162 302 86 0 43 250 346 266 332 60 241 47 62 80 153 316 34 72 124 29 0 0 0 0 6 2 0 3 1 1 66 116 3 6 3 5 64 0 32 3 0 2 2 3 3 1 56 0 0 0 6 3 0 3 2 0 0 0 0 0 0 0 0 13 0 0 0 0 0 0 0 0 0 0 0 0 0 0 0 0 5 13 18 14 0 0 1 0 0 18 0 0 1 0 27 0 0 0 11 33 16 0 0 0 26 22 0 0 0 0 21 36 19 32 0 0 17 22 0 0 1 0 0 0 0 0 0 0 0 0 0 0 0 0 0 0 1 0 0 0 0 0 0 0 0 0 5 0 0 0 0 0 0 0 0 6 0 0 0 0 0 18 11 16 0 0 1 11 13 10 0 0 0 18 18 18 0 0 11 7 10 13 0 0 14 17 18 9 6 0 0 7 0 0 1 20 27 25 0 0 0 0 0 12 0 0 0 1 0 0 0 0 0 0 0 0 0 0 0 0 0 0 0 0 0 0 0 0 0 0 0 0 3 0 1 112 0 1 0 2 0 0 0 0 0 0 0 0 0 0 0 0 0 0 0 0 0 0 0 19 0 0 0 0 0 0 0 0 
 0 0 2 164 1 85 0 0 0 35 78 75 0 0 0 0 75 74 0 0 387 76 266 149 54 43 0 165 295 43 42 34 251 125 215 153 54 45 90 163 12 0 0 0 1 0 0 4 6 3 57 0 3 0 0 2 3 2 0 6 0 0 12 0 0 7 3 0 24 6 0 6 3 3 0 3 0 0 0 8 0 0 0 12 29 0 0 0 61 9 0 0 0 0 0 0 0 0 0 0 57 28 43 15 10 0 23 0 14 0 0 0 13 25 15 32 10 31 1 32 0 0 0 0 0 0 0 0 0 0 0 0 0 0 0 0 0 0 0 0 0 0 0 0 0 0 0 3 0 2 0 0 0 0 0 0 0 0 0 0 0 0 0 27 19 19 1 0 0 12 6 28 0 0 0 0 0 39 2 0 8 45 8 12 0 0 1 13 0 22 10 9 26 19 25 10 41 0 0 0 0 0 0 0 0 0 0 21 0 0 0 0 12 0 0 0 0 10 0 12 0 0 0 7 0 0 0 0 0 0 1 0 0 0 0 0 0 0 0 0 0 0 0 0 0 0 0 0 2 0 0 0 0 0 9 0 0 0 0 0 2 0 0 0 0 0 0 0 0 0 0 0 0 0 0 13 0 0 0 3 0 0 0 0 0 0 0 0 0 0 
 2 1 2 0 11 75 0 0 0 1 27 0 1 0 2 0 0 73 2 2 288 118 63 53 125 250 165 0 250 44 128 53 195 398 260 38 306 84 74 41 21 63 3 3 1 0 0 0 0 6 1 0 71 0 0 5 5 2 65 0 32 0 11 3 1 6 3 0 2 2 2 3 3 3 0 3 0 2 0 5 0 0 0 20 34 0 0 0 14 11 0 0 2 0 0 0 1 0 0 0 43 24 18 16 41 0 22 12 11 13 27 0 0 2 11 30 21 25 0 7 0 0 0 0 0 0 0 0 0 0 0 0 0 0 0 0 0 0 0 1 0 0 0 0 0 0 0 0 0 0 0 3 0 0 0 0 0 0 16 1 0 0 0 19 11 16 0 0 0 0 0 33 0 0 0 0 0 8 0 0 11 48 12 24 11 0 0 23 29 12 24 0 11 20 13 19 32 30 0 0 0 0 0 0 0 0 0 0 0 0 0 0 11 0 0 0 0 0 5 15 0 0 0 0 0 0 0 0 2 0 0 0 0 0 0 0 0 0 0 0 0 0 0 0 0 0 0 0 0 0 0 0 0 0 10 0 0 0 75 2 9 0 0 0 0 0 0 0 0 0 0 0 0 2 0 0 0 1 0 2 0 0 0 0 0 0 0 0 0 0 
 0 0 1 2 18 41 0 0 0 0 1 0 0 0 0 0 2 0 0 2 114 427 133 276 100 346 295 250 0 88 168 104 224 98 394 41 552 94 177 39 0 0 0 0 0 0 0 0 0 3 2 0 87 0 0 2 3 39 24 62 0 0 0 0 0 3 3 0 0 0 0 0 3 3 0 3 0 54 0 0 0 0 0 18 2 0 0 0 0 0 0 0 0 0 0 0 0 2 0 0 2 53 41 18 36 24 16 11 22 22 30 23 14 32 13 20 10 15 0 16 0 0 0 0 0 0 19 4 0 0 0 0 0 0 0 0 0 0 8 0 0 0 0 0 0 0 0 1 0 0 0 3 0 0 0 0 0 0 10 0 0 0 0 0 18 0 0 0 0 0 1 0 0 0 0 0 0 6 0 0 0 29 25 18 23 15 0 22 24 30 34 7 0 14 1 25 50 28 0 0 0 0 16 0 0 0 0 0 9 0 0 0 18 1 0 0 0 0 64 20 0 0 0 1 0 0 0 0 0 7 0 0 0 0 1 0 0 0 0 0 0 0 0 0 0 0 0 0 0 0 0 0 0 0 26 0 2 1 1 0 10 1 0 1 0 0 0 0 0 0 0 2 0 0 0 0 0 0 0 0 0 0 0 0 0 0 9 0 0 0 
 0 0 0 0 0 2 2 0 2 0 0 0 2 0 0 0 6 0 0 0 152 62 44 256 78 266 43 44 88 0 244 345 74 357 128 156 141 165 113 209 69 4 4 0 2 3 0 0 0 3 2 2 5 0 0 2 3 2 6 0 0 0 0 6 0 3 14 0 0 0 0 4 3 33 0 8 0 0 0 0 0 0 0 0 0 0 21 0 2 0 0 0 0 0 0 0 0 0 0 0 13 0 10 24 0 0 1 5 12 0 0 63 0 24 1 50 14 43 0 0 0 12 14 0 0 0 0 1 0 1 0 0 0 0 0 19 0 0 0 27 0 0 8 0 0 0 0 0 0 0 2 0 0 0 0 0 0 0 0 0 0 0 0 0 0 0 0 0 4 0 0 0 0 0 0 0 0 14 0 0 13 8 20 24 7 38 7 7 1 43 16 27 0 7 0 6 12 0 0 0 11 0 0 0 0 0 20 0 19 0 0 0 10 7 0 0 0 11 20 0 0 0 0 0 0 0 0 0 0 0 0 0 0 0 0 0 0 0 0 0 0 0 19 0 0 1 0 0 0 0 0 0 1 0 3 0 0 78 5 0 77 15 0 0 0 1 0 1 0 0 0 0 0 0 0 0 0 0 0 10 0 18 0 0 8 12 0 0 0 0 
 2 2 2 0 2 0 1 1 1 0 0 2 2 2 2 2 2 1 1 1 265 36 87 291 114 332 42 128 168 244 0 324 334 159 572 174 215 203 257 87 32 63 4 3 0 0 64 0 0 3 2 0 30 62 0 2 3 3 31 1 53 0 0 0 0 3 3 0 0 0 0 0 3 3 0 2 1 0 0 0 0 0 0 0 0 0 0 0 0 0 0 0 11 0 0 0 0 0 0 0 38 0 10 26 6 9 0 10 0 0 0 0 0 0 0 0 22 0 10 0 0 15 1 0 0 0 0 1 0 0 0 0 0 13 0 13 1 0 14 0 0 0 0 0 0 0 0 0 0 0 0 0 0 0 0 0 0 0 0 3 0 0 0 1 0 0 0 0 0 0 0 0 0 0 0 0 0 2 0 0 12 0 17 34 9 13 2 1 49 13 10 0 19 0 0 10 21 12 0 0 7 0 0 0 0 0 9 14 11 0 0 0 0 0 0 10 0 0 13 19 2 0 0 0 0 0 0 0 0 0 0 0 1 2 0 0 0 0 0 0 0 0 12 0 0 0 0 0 0 1 0 0 0 0 17 1 0 76 43 1 9 10 0 0 0 0 0 0 0 0 0 0 0 0 0 0 0 0 0 0 0 0 0 0 0 0 0 0 0 0 
 0 0 61 2 2 1 0 2 0 0 14 0 0 84 2 0 0 0 2 0 160 190 342 580 51 60 34 53 104 345 324 0 40 94 45 61 311 104 59 62 145 33 7 0 0 3 56 121 0 5 1 20 68 1 37 4 3 3 216 1 0 0 46 0 0 3 2 2 0 3 0 6 5 4 1 4 8 3 0 1 0 0 0 0 0 0 0 0 0 0 0 0 0 0 0 0 0 0 0 0 11 0 5 31 18 22 0 4 0 1 0 9 0 0 0 11 22 0 0 0 0 45 0 0 0 0 36 0 0 0 0 0 44 13 11 2 14 0 0 0 0 0 0 0 0 0 0 0 0 0 0 0 0 0 0 0 0 0 0 5 0 0 0 0 0 0 0 0 5 0 0 0 0 0 0 0 0 6 0 0 13 0 38 57 10 16 0 0 2 12 13 9 0 0 0 18 21 18 0 0 0 0 1 15 14 0 34 12 0 0 0 0 0 0 0 14 0 14 18 0 0 0 0 0 0 0 0 14 0 0 0 0 0 0 0 0 0 0 0 0 0 0 19 0 0 0 0 0 2 0 0 0 0 0 8 0 2 75 1 0 3 2 0 0 0 2 0 0 0 0 0 0 0 0 0 0 0 0 0 0 0 0 0 0 0 0 0 0 0 0 
 0 0 74 2 75 117 0 12 2 2 8 0 1 0 0 0 0 3 0 0 105 120 68 71 109 241 251 195 224 74 334 40 0 260 245 190 326 14 145 42 6 5 0 0 1 0 0 0 0 3 2 6 5 0 0 2 4 2 0 0 0 0 0 0 0 3 3 0 0 0 0 0 3 4 0 3 5 0 0 0 0 0 0 19 12 9 0 0 0 0 0 0 0 0 0 0 0 0 0 0 6 7 28 0 6 0 15 22 1 11 0 20 18 95 27 9 0 70 15 10 0 0 0 0 0 9 0 0 0 0 0 0 0 0 0 0 0 0 0 0 0 0 0 2 0 0 0 3 0 0 0 4 0 0 0 0 0 0 1 0 0 0 0 0 19 32 0 0 0 0 1 0 0 7 0 0 0 0 0 0 17 39 1 0 0 0 0 40 12 16 29 3 13 2 35 14 40 13 9 11 0 0 0 0 0 0 0 0 0 0 0 0 0 0 0 0 0 0 0 0 0 0 0 0 0 0 0 0 0 0 0 0 0 1 0 0 0 0 0 0 0 0 0 0 0 0 0 0 0 0 0 0 0 0 21 0 4 0 0 0 0 0 0 0 0 0 3 0 0 0 0 0 0 46 0 0 0 1 0 0 0 0 0 0 0 0 0 0 0 0 
 0 2 0 74 21 130 0 2 2 148 149 0 0 0 0 0 0 33 0 0 47 227 171 80 126 47 125 398 98 357 159 94 260 0 159 78 43 54 234 84 0 0 0 0 2 0 0 67 0 3 1 0 3 0 0 2 3 2 0 0 0 0 5 0 0 3 3 0 0 7 0 2 3 3 0 3 0 0 0 8 0 0 0 12 9 0 0 0 15 3 0 0 0 0 0 0 0 0 0 0 19 25 9 10 1 18 19 17 20 7 11 0 26 7 21 1 12 15 1 22 1 0 0 0 0 0 0 2 0 2 0 0 0 0 0 0 0 0 0 13 8 0 0 0 0 0 0 0 2 0 0 0 0 0 0 0 0 0 1 4 0 0 0 20 21 27 35 0 0 0 0 0 23 0 0 0 0 16 0 0 19 9 13 9 1 0 9 8 27 10 0 0 27 8 12 7 28 0 1 0 0 0 0 0 0 0 1 0 0 0 0 0 0 0 0 0 0 0 0 0 0 0 0 0 0 0 0 0 0 0 0 0 0 0 0 0 0 18 0 0 0 0 0 0 0 0 0 0 0 0 0 0 0 0 6 0 1 1 1 2 0 0 0 0 0 0 0 0 0 0 0 0 0 0 0 0 0 0 0 0 0 0 0 0 7 0 0 0 0 0 
 3 5 3 5 87 76 4 5 5 6 7 3 3 31 4 4 3 3 3 3 280 281 38 295 283 62 215 260 394 128 572 45 245 159 0 107 66 117 74 91 48 1 0 0 0 1 0 0 0 3 1 0 67 0 0 2 3 2 64 0 0 0 0 0 0 3 79 29 0 0 0 0 5 3 0 3 0 1 0 4 0 0 0 10 12 0 1 0 0 22 0 0 0 0 0 0 0 0 0 0 1 0 38 9 24 0 39 33 0 21 10 0 0 20 1 2 20 31 0 8 0 0 0 0 0 0 22 0 0 0 13 0 0 0 0 0 0 0 1 1 0 2 0 0 0 0 0 0 0 0 0 4 0 0 0 2 0 1 0 0 13 0 0 0 7 9 0 0 0 0 0 0 0 0 0 0 0 4 0 0 6 25 22 29 0 0 13 34 24 9 27 9 0 0 0 37 43 36 0 15 0 0 0 0 0 0 0 0 0 0 0 0 19 0 21 0 0 0 1 22 0 0 0 0 2 0 0 0 0 0 0 0 0 0 0 0 0 0 0 0 0 0 0 0 0 0 0 0 0 0 0 0 0 0 6 1 2 0 74 2 9 1 0 0 0 0 12 0 0 0 0 0 0 0 0 0 0 0 0 0 0 0 0 2 0 0 0 0 0 0 
 0 0 1 0 0 74 3 0 0 0 0 0 0 3 1 0 0 0 0 75 94 205 183 170 192 80 153 38 41 156 174 61 190 78 107 0 91 185 156 273 63 13 1 2 5 11 0 0 0 3 207 0 3 0 5 4 3 27 4 0 0 3 3 3 0 3 4 2 0 0 0 1 3 2 0 3 0 3 0 0 0 0 0 0 0 0 0 0 0 0 0 0 0 0 0 0 0 2 0 0 38 14 0 29 2 7 10 37 20 0 11 1 11 23 8 42 22 26 7 22 0 0 0 0 0 0 0 0 0 0 0 0 0 0 0 0 4 0 18 4 0 0 0 12 0 0 0 0 0 0 0 0 0 0 0 0 0 0 0 50 0 0 0 0 1 0 2 0 0 0 23 0 0 0 0 0 0 0 0 0 0 17 18 83 8 15 9 14 0 0 1 16 30 32 0 14 21 15 0 0 0 0 0 0 0 0 0 0 0 0 0 0 21 0 0 8 0 0 10 0 0 0 0 1 0 0 0 0 0 0 0 0 0 0 0 0 1 0 0 0 0 0 0 0 0 0 0 0 0 1 0 0 0 0 6 0 3 100 1 1 1 0 0 0 0 0 2 0 0 0 0 2 0 0 0 0 0 0 0 2 0 0 0 0 0 0 0 0 0 0 
 3 3 3 3 3 3 3 4 3 3 3 3 3 3 3 3 3 3 3 5 41 251 79 328 64 153 54 306 552 141 215 311 326 43 66 91 0 87 38 237 0 0 34 0 7 2 0 0 0 3 2 3 70 65 0 2 3 3 64 62 51 0 0 0 0 3 3 0 0 0 0 0 3 3 2 3 0 0 0 0 0 0 0 0 0 0 0 0 0 0 7 0 0 0 0 0 0 0 0 0 22 0 36 3 43 15 9 26 0 9 49 70 0 1 16 18 23 0 0 0 0 12 0 0 0 0 0 21 0 0 0 0 0 0 0 32 7 0 21 0 0 0 0 0 0 0 0 0 1 0 0 0 0 0 0 0 0 0 6 0 0 0 0 0 0 1 0 0 5 0 0 12 1 0 0 0 0 6 0 0 7 0 14 19 19 12 13 0 14 14 20 22 0 24 0 21 1 60 0 23 0 0 0 0 0 0 0 0 0 1 0 0 0 0 0 10 0 0 51 22 0 0 0 0 0 0 0 1 0 0 0 0 0 0 0 0 0 0 0 0 0 0 0 0 0 1 0 0 0 0 0 3 0 0 9 0 1 1 0 1 0 1 0 0 0 0 10 0 0 0 0 1 0 0 0 0 0 0 0 0 0 8 0 0 0 0 0 0 0 0 
 0 0 1 0 0 0 0 3 0 87 0 5 0 74 3 0 0 0 1 0 208 46 306 209 121 316 45 84 94 165 203 104 14 54 117 185 87 0 31 295 0 0 22 2 3 0 0 0 0 0 2 0 67 63 0 0 3 0 73 62 53 3 3 2 0 0 5 4 0 0 0 0 0 0 0 0 0 2 2 0 8 0 0 0 0 0 0 0 0 0 0 0 0 0 0 0 0 0 0 0 2 0 0 35 23 13 0 9 12 10 15 1 0 0 39 0 28 0 0 0 0 1 0 0 0 0 4 8 0 0 0 0 0 0 0 24 5 0 19 13 0 0 5 0 0 0 0 0 0 0 0 0 0 0 0 0 0 0 0 2 0 0 0 0 0 0 0 0 0 0 0 0 0 0 0 0 0 5 0 0 14 0 12 56 4 34 0 36 67 4 15 0 0 0 0 35 36 29 0 0 10 0 0 0 0 0 6 0 26 0 0 0 13 0 0 4 0 0 32 22 0 0 0 0 0 0 0 0 0 0 0 0 0 0 0 0 9 0 0 0 0 0 16 0 0 0 0 0 0 0 0 0 0 0 14 0 5 5 135 0 9 13 0 0 0 0 0 0 0 0 0 0 0 0 0 0 0 0 0 0 0 12 0 0 0 0 0 0 0 8 
 0 0 0 74 9 73 0 0 0 17 4 1 0 0 1 0 74 75 0 0 96 116 217 64 52 34 90 74 177 113 257 59 145 234 74 156 38 31 0 163 0 0 0 0 2 0 0 0 0 3 1 0 3 0 0 2 3 4 0 0 0 0 3 0 0 4 3 0 0 2 0 3 3 3 0 3 3 0 0 2 0 0 0 0 0 0 0 0 11 9 0 0 0 0 0 0 0 0 0 0 9 34 10 0 1 0 6 43 27 30 7 3 26 32 0 30 0 10 0 35 0 0 0 0 0 0 0 0 0 0 0 0 0 0 0 0 0 0 0 10 0 0 0 0 0 0 0 0 0 0 0 5 0 0 0 0 0 0 0 0 0 0 0 11 24 12 15 1 0 10 8 8 0 11 0 0 1 10 0 0 41 0 30 0 0 0 25 64 18 35 11 23 26 0 11 0 0 10 0 0 0 0 0 0 0 0 0 0 0 0 0 0 0 0 0 0 0 0 0 0 0 0 0 0 0 0 0 0 0 0 0 0 0 0 0 0 0 0 0 0 0 0 30 0 0 0 0 0 0 0 0 0 0 0 13 0 0 0 6 1 2 0 0 0 0 0 0 0 0 0 0 0 0 0 0 8 0 0 0 14 0 0 0 0 0 40 0 0 0 0 
 3 3 3 18 4 3 3 3 3 5 68 69 3 5 3 3 3 3 3 3 135 155 119 126 280 72 163 41 39 209 87 62 42 84 91 273 237 295 163 0 0 0 4 0 1 0 0 0 0 1 2 0 3 0 0 2 3 2 0 0 0 0 0 10 0 3 10 0 35 0 0 0 53 3 0 3 0 0 0 0 0 0 0 0 0 0 0 0 0 0 0 0 0 0 0 0 0 0 0 0 26 29 0 17 0 0 0 4 1 1 0 29 12 37 13 18 12 42 6 0 0 0 0 0 0 0 0 0 0 0 0 0 0 0 0 0 0 0 0 0 0 0 0 0 0 0 0 2 0 0 7 0 0 0 0 0 0 0 0 0 0 0 0 0 0 0 0 0 0 0 1 0 0 0 0 0 0 0 0 0 13 22 26 24 0 10 8 9 1 12 14 7 10 20 7 8 21 0 0 1 0 0 0 0 0 0 18 0 8 0 0 0 23 0 0 0 0 0 0 0 0 0 0 0 0 0 0 0 0 0 0 0 0 0 0 0 0 0 0 0 0 0 19 0 0 0 1 0 0 0 0 0 0 0 2 0 0 3 4 2 4 0 0 0 0 0 0 0 0 0 0 0 0 0 0 0 0 7 0 11 0 0 0 0 0 12 0 0 0 0 
 0 0 0 0 41 0 0 0 0 0 3 0 0 0 0 0 0 3 0 0 4 2 0 0 66 124 12 21 0 69 32 145 6 0 48 63 0 0 0 0 0 329 151 71 27 261 195 127 279 331 117 25 29 128 336 89 108 40 259 38 80 0 0 0 0 0 0 0 0 0 0 0 0 1 0 3 3 0 51 0 0 0 0 4 9 0 0 0 0 0 0 0 0 36 0 0 0 0 0 0 12 0 6 0 0 6 6 0 0 0 0 18 0 0 0 0 15 32 0 7 2 19 22 0 0 17 14 14 0 8 0 10 14 31 12 33 3 10 39 34 0 0 8 0 0 0 0 0 0 0 0 0 0 0 0 0 0 0 0 30 0 0 0 6 0 0 0 0 0 0 0 14 0 0 0 27 0 0 0 0 47 1 0 0 2 30 0 6 0 0 0 0 10 4 3 0 5 0 0 0 0 1 10 7 24 18 12 39 0 8 0 11 0 0 7 33 0 7 0 9 0 0 0 0 0 0 0 0 0 0 0 0 0 0 0 0 0 0 8 0 0 0 0 0 0 0 2 0 0 0 0 14 0 1 0 2 0 68 0 2 0 7 0 0 2 0 0 0 2 0 0 0 0 0 0 0 0 0 0 0 0 18 0 0 0 0 0 0 0 0 
 0 0 6 0 0 0 7 0 4 5 1 0 0 0 0 0 0 0 0 0 3 0 0 13 0 29 0 63 0 4 63 33 5 0 1 13 0 0 0 0 329 0 354 70 103 40 144 158 347 85 36 30 45 190 433 46 80 81 134 41 26 204 0 0 0 4 3 0 0 0 0 0 0 0 0 0 4 0 77 0 0 0 0 0 0 0 0 0 0 0 0 0 0 0 0 0 22 0 0 0 0 0 0 0 0 0 0 0 9 0 0 13 0 0 10 10 0 0 1 0 20 14 23 0 33 8 50 28 0 10 1 7 60 31 24 0 34 26 12 1 0 0 0 0 0 0 0 0 0 2 0 0 6 0 0 9 0 0 0 10 0 0 0 0 0 0 0 0 0 14 0 0 0 0 0 4 0 0 0 0 0 0 0 2 40 7 0 0 0 0 11 0 0 1 0 0 0 2 0 0 32 29 24 26 22 0 24 29 0 1 0 13 0 7 20 3 0 13 0 0 0 0 0 0 0 0 0 0 0 0 5 0 0 0 0 0 0 0 1 6 0 0 0 0 0 0 0 0 0 0 0 7 0 1 0 0 0 64 0 2 0 0 0 0 0 4 1 5 0 0 0 0 0 0 0 0 0 0 0 0 0 0 0 0 0 0 0 0 0 0 
 3 3 3 3 3 3 3 3 3 3 3 4 3 3 3 3 3 3 3 3 0 0 0 4 0 0 0 3 0 4 4 7 0 0 0 1 34 22 0 4 151 354 0 385 163 246 54 88 260 305 72 37 117 171 110 100 147 97 33 51 2 0 0 0 49 0 0 6 0 0 0 0 0 0 0 0 0 0 126 0 0 0 0 0 0 0 0 0 0 0 0 0 0 0 0 0 0 0 0 0 0 0 0 16 0 0 0 8 1 21 0 0 0 0 2 0 0 0 0 0 34 14 48 15 59 7 0 17 0 22 12 20 0 14 0 0 1 20 0 12 0 0 0 0 0 0 15 0 0 2 0 0 21 1 0 2 0 0 11 14 0 0 0 0 0 0 0 0 0 0 0 0 11 0 0 6 0 0 0 0 6 0 2 2 0 4 0 0 18 0 0 0 0 0 0 0 0 0 0 0 14 47 18 8 0 9 6 14 9 12 7 10 0 17 10 1 0 1 0 0 0 0 0 0 0 0 0 0 0 0 0 0 18 0 0 0 0 0 2 6 0 0 10 0 0 0 0 0 25 0 0 8 0 1 0 0 0 0 16 2 0 0 2 0 1 4 1 69 0 0 0 0 0 0 0 0 0 0 0 0 0 0 0 0 0 0 0 3 0 0 
 50 0 0 0 0 0 0 0 0 0 0 1 0 0 0 0 0 0 0 0 0 0 0 0 0 0 0 3 0 0 3 0 0 0 0 2 0 2 0 0 71 70 385 0 178 164 88 60 144 445 62 193 78 114 124 182 115 132 58 153 1 0 0 0 52 0 52 2 0 0 0 19 105 51 0 0 0 0 53 51 0 0 0 0 0 0 0 0 0 0 0 0 0 0 0 0 0 0 0 0 0 0 0 0 0 0 0 0 0 0 0 0 0 0 0 0 0 0 0 0 0 15 0 18 35 11 0 1 0 1 5 22 0 0 1 11 0 41 0 0 6 0 0 0 0 0 23 0 10 1 2 0 14 15 0 33 0 11 22 3 0 0 0 0 0 4 0 0 0 0 0 0 0 0 0 0 0 0 0 0 0 0 0 0 0 0 0 0 6 0 0 9 0 0 0 0 0 0 0 0 0 2 1 14 25 9 0 12 12 6 0 2 0 0 10 10 0 15 0 0 4 10 0 0 0 0 12 0 0 1 0 6 23 7 33 4 0 0 15 11 0 0 0 0 0 0 0 0 0 0 0 2 0 0 0 0 0 0 0 8 0 0 0 63 0 1 0 71 2 0 0 0 0 0 0 0 0 0 0 0 0 0 0 0 3 16 0 0 0 0 
 0 2 0 1 2 1 0 0 0 1 1 1 0 0 2 2 0 2 0 1 0 2 2 0 0 0 1 1 0 2 0 0 1 2 0 5 7 3 2 1 27 103 163 178 0 66 50 44 75 89 87 97 65 59 96 121 41 42 58 87 0 0 0 0 15 0 3 0 0 17 4 0 0 2 30 0 8 0 69 0 0 0 0 0 0 0 0 0 0 0 0 0 0 0 0 0 0 0 0 0 0 0 0 0 0 0 0 0 0 0 0 0 0 0 0 0 0 0 0 0 0 0 14 17 12 6 0 0 11 6 12 0 0 7 0 4 24 49 0 0 28 6 4 1 0 2 28 28 3 9 0 0 13 28 0 0 0 0 10 0 0 0 0 0 0 1 0 0 0 0 0 0 0 0 0 0 0 0 0 0 0 0 0 1 0 0 0 0 0 0 0 0 0 0 0 0 0 0 0 0 0 8 0 1 14 6 0 3 11 0 10 2 0 0 3 0 0 0 0 0 1 0 0 2 0 20 7 9 0 0 1 6 27 16 0 0 0 0 14 13 0 0 11 0 0 0 0 0 2 0 0 3 0 0 0 0 0 0 0 0 0 0 0 1 0 4 1 3 0 0 13 0 0 0 0 5 0 0 0 0 0 0 0 0 1 2 0 0 0 1 
 0 0 0 0 0 0 0 0 0 0 0 0 0 0 3 0 0 0 0 0 0 0 0 0 0 0 0 0 0 3 0 3 0 0 1 11 2 0 0 0 261 40 246 164 66 0 39 22 77 213 102 144 50 266 102 134 147 134 59 40 55 0 58 0 0 0 53 0 49 0 0 3 66 31 0 1 50 0 0 0 0 0 0 0 0 10 0 0 0 0 0 0 0 0 0 0 0 0 0 0 0 0 0 0 0 0 0 0 8 0 5 0 0 0 9 7 0 0 0 0 0 0 0 0 0 17 0 0 0 0 7 0 0 0 0 0 4 0 4 0 1 9 14 0 0 0 23 10 8 1 14 10 3 27 15 28 0 15 8 0 0 0 15 0 0 0 0 0 0 0 0 0 0 0 0 0 0 0 0 0 0 0 0 0 13 0 0 0 0 0 4 3 0 0 0 0 0 9 0 15 0 0 0 0 3 0 0 0 0 0 11 10 0 0 0 0 0 27 0 0 19 22 22 7 0 0 30 0 8 0 0 14 12 40 7 0 0 10 14 10 0 0 0 0 0 0 0 0 0 0 0 13 0 0 0 0 0 0 0 0 0 0 2 0 0 1 0 0 4 0 16 0 0 6 0 0 0 0 0 0 0 8 0 0 0 10 0 0 2 0 
 0 0 0 0 0 0 0 0 0 0 0 2 0 0 3 0 7 0 0 0 0 0 3 70 30 6 0 0 0 0 64 56 0 0 0 0 0 0 0 0 195 144 54 88 50 39 0 276 49 250 17 32 109 67 40 152 37 25 201 106 5 0 0 0 0 0 0 1 0 0 0 0 0 0 0 0 10 0 2 0 0 0 0 0 0 0 0 0 0 0 0 0 0 0 0 0 0 0 0 0 0 0 0 0 0 19 0 0 0 0 0 0 0 0 0 0 0 0 0 0 1 57 21 13 0 0 15 10 41 16 0 0 46 21 18 9 12 0 23 0 0 0 0 0 7 0 0 0 0 1 0 0 0 0 0 12 0 0 0 0 0 0 0 7 0 0 0 0 0 0 0 0 0 0 0 0 0 0 0 0 0 0 0 0 15 20 0 0 0 0 0 4 0 0 0 0 0 0 0 0 7 10 17 17 16 28 21 14 0 0 0 12 12 6 0 31 0 15 9 1 0 5 0 0 0 0 0 0 0 0 4 1 0 0 0 0 10 0 0 1 0 0 0 0 0 0 0 0 0 0 0 1 0 0 0 0 0 70 0 8 0 0 64 0 0 0 2 0 0 0 4 0 0 0 0 1 0 0 0 0 0 0 0 0 3 0 0 0 1 0 
 0 0 0 0 0 0 2 0 0 0 4 0 0 0 0 0 0 2 0 0 0 0 0 63 117 2 4 0 0 0 0 121 0 67 0 0 0 0 0 0 127 158 88 60 44 22 276 0 66 259 24 25 211 127 98 110 108 44 241 46 0 0 0 0 0 0 0 0 0 0 0 0 0 0 0 0 2 0 0 0 0 25 0 0 0 0 0 0 0 0 0 0 0 0 0 0 0 0 0 0 0 0 0 0 0 10 0 0 0 0 0 0 0 0 0 0 0 0 0 0 2 9 0 1 0 0 41 0 17 26 0 12 63 10 32 2 5 0 6 0 0 0 0 0 5 1 0 0 0 0 0 0 0 8 0 0 0 0 0 0 0 0 0 20 0 0 0 0 2 0 0 0 0 0 0 0 0 0 0 0 0 0 0 0 7 33 0 0 0 0 8 0 0 0 0 0 0 0 0 0 7 9 0 11 4 0 7 0 0 0 0 0 20 25 0 40 17 10 11 0 0 0 3 0 0 0 0 0 0 0 0 0 11 0 0 0 0 0 0 0 0 0 0 0 0 0 0 0 0 19 0 14 0 1 6 0 0 0 0 19 0 0 65 0 0 0 0 0 0 0 0 0 0 0 0 0 0 0 0 0 0 0 0 0 0 0 0 7 0 0 
 0 0 3 0 0 0 0 0 0 2 3 7 0 0 0 0 4 3 0 0 0 0 0 0 0 0 6 0 0 0 0 0 0 0 0 0 0 0 0 0 279 347 260 144 75 77 49 66 0 170 104 21 260 340 201 159 361 259 69 72 0 0 0 2 26 0 0 0 0 58 29 3 0 5 7 0 6 0 102 5 0 0 0 0 0 0 0 0 0 0 0 0 0 0 0 0 0 0 0 0 0 0 0 0 0 0 0 0 0 0 0 0 0 0 0 0 0 0 0 0 0 0 15 26 1 2 1 7 36 20 20 49 0 0 20 4 7 30 0 0 0 0 5 21 0 0 15 0 21 0 0 0 0 9 0 0 5 0 0 16 0 10 0 0 0 0 0 0 0 0 0 0 0 0 0 6 0 0 0 0 0 0 0 0 0 0 10 0 0 0 0 0 0 0 0 0 0 0 0 0 0 0 25 10 0 21 0 14 5 1 0 14 0 0 12 17 1 5 0 0 0 0 0 0 0 8 0 3 0 0 0 8 9 0 0 0 0 0 26 0 0 0 19 0 0 0 0 0 0 0 0 7 0 0 0 0 0 0 0 1 0 0 0 5 35 0 7 1 2 0 0 0 0 0 0 53 0 0 0 0 0 0 0 0 6 0 0 0 1 0 
 2 85 2 3 3 2 3 6 3 3 3 3 2 3 5 3 2 2 3 3 3 3 3 3 3 3 3 6 3 3 3 5 3 3 3 3 3 0 3 1 331 85 305 445 89 213 250 259 170 0 244 77 63 148 154 753 102 74 313 293 50 0 0 0 0 3 23 0 0 0 0 0 82 0 0 3 0 1 8 32 0 0 0 0 0 0 0 0 0 0 0 0 0 0 0 0 0 0 0 0 0 0 0 0 0 0 0 0 0 0 0 0 0 0 0 0 0 0 0 0 4 0 0 8 23 7 1 8 0 28 2 23 0 0 11 1 0 22 0 0 1 1 19 0 0 0 0 0 20 0 2 0 10 20 0 18 0 28 13 25 0 0 0 0 0 0 0 0 0 0 0 0 0 0 0 4 0 0 0 0 0 0 0 0 0 0 0 0 0 0 0 10 0 0 0 0 0 0 0 0 2 4 22 13 24 1 7 13 0 0 41 60 4 6 21 11 18 21 0 0 4 0 5 0 0 0 1 36 0 0 0 23 23 0 1 0 0 0 12 9 0 0 0 0 0 0 0 0 0 0 0 7 0 0 0 0 0 0 0 9 0 0 0 2 1 5 4 0 3 0 23 0 0 0 0 0 0 0 0 0 0 0 3 0 0 25 0 0 0 0 
 1 3 2 3 3 0 4 2 13 1 8 2 0 3 2 2 2 0 4 3 2 9 65 1 0 1 57 1 2 2 2 1 2 1 1 207 2 2 1 2 117 36 72 62 87 102 17 24 104 244 0 190 22 94 107 77 175 342 41 474 0 4 1 1 0 0 0 1 0 0 0 1 4 1 0 0 0 3 3 2 0 0 0 0 0 0 0 0 0 0 0 0 0 0 0 0 0 0 0 0 0 0 0 0 0 0 0 0 9 0 0 0 0 0 0 0 15 0 0 0 17 0 7 0 0 13 0 10 0 17 20 4 0 1 8 19 0 26 0 11 0 4 11 0 3 3 0 0 6 3 0 0 1 0 7 14 1 11 7 44 0 0 0 0 0 0 0 0 0 0 0 0 0 0 0 50 0 18 0 0 0 0 0 0 0 0 0 0 0 0 0 0 0 0 0 0 0 0 0 0 21 15 4 16 0 2 0 40 5 48 31 35 0 7 20 0 0 0 0 1 1 1 4 9 4 0 7 0 3 0 0 0 0 0 4 0 5 2 2 10 0 0 0 0 0 0 2 0 0 0 0 13 0 0 0 0 0 1 0 6 0 0 2 0 1 5 6 0 2 0 0 0 0 0 0 0 0 0 0 0 0 0 0 0 0 25 0 0 0 1 
 1 0 0 0 0 0 2 0 0 0 0 0 0 0 0 0 0 0 1 0 0 4 0 0 4 1 0 0 0 2 0 20 6 0 0 0 3 0 0 0 25 30 37 193 97 144 32 25 21 77 190 0 56 34 32 44 131 172 24 21 2 0 3 0 0 0 0 0 1 3 0 0 39 2 0 0 4 2 53 0 0 0 0 0 0 0 0 0 0 0 0 0 0 0 0 0 0 0 0 0 0 15 0 0 6 54 0 0 0 0 4 5 0 0 0 0 9 0 0 10 30 16 20 17 12 0 7 10 0 20 45 0 13 7 0 0 6 10 14 26 14 0 4 0 7 0 16 0 10 1 0 0 7 0 0 24 0 10 3 0 0 0 0 0 0 8 0 0 0 0 0 0 0 0 0 0 0 0 0 0 0 0 0 0 12 0 0 0 0 0 6 4 0 0 0 0 0 0 0 0 5 11 17 2 12 21 0 0 10 15 41 21 0 7 9 0 0 1 11 0 1 0 0 0 0 0 0 48 0 0 0 0 13 0 0 0 0 0 0 12 0 0 0 0 0 0 1 2 0 0 0 19 0 0 0 0 0 0 0 11 0 0 63 65 1 0 4 1 0 0 0 0 2 0 0 0 0 0 0 0 0 7 1 0 4 6 0 0 0 0 
 0 0 0 0 0 0 0 0 0 0 0 0 2 0 2 0 0 0 0 0 6 5 65 66 28 66 3 71 87 5 30 68 5 3 67 3 70 67 3 3 29 45 117 78 65 50 109 211 260 63 22 56 0 78 42 54 133 116 416 124 0 2 4 6 0 1 0 0 0 3 2 8 4 0 2 5 3 3 0 0 0 0 0 0 0 0 0 0 0 0 0 0 0 13 0 0 0 0 0 0 0 0 23 21 6 1 0 0 20 9 0 0 0 0 0 0 7 0 0 0 26 0 7 0 0 15 17 0 15 0 3 8 0 1 11 0 11 19 6 8 0 0 0 0 2 6 0 0 1 0 0 1 0 0 0 0 0 0 0 0 0 0 0 0 0 0 0 0 0 0 0 0 0 0 0 0 0 4 0 0 0 0 0 7 7 0 0 0 13 13 8 7 0 0 0 9 10 6 0 0 19 14 0 0 0 1 30 0 34 19 17 15 8 17 3 11 10 0 18 24 0 0 0 0 0 0 0 0 0 7 0 0 0 0 0 0 0 0 0 0 0 0 0 0 0 2 0 1 0 0 0 4 0 0 0 0 0 0 0 2 6 0 3 0 1 0 0 0 0 0 0 0 2 0 0 3 0 0 0 0 1 0 0 0 0 0 6 1 0 0 
 0 0 0 0 0 0 2 0 0 0 0 0 0 5 0 0 2 0 0 0 0 0 67 1 0 116 0 0 0 0 62 1 0 0 0 0 65 63 0 0 128 190 171 114 59 266 67 127 340 148 94 34 78 0 319 317 162 92 92 162 29 3 0 0 0 0 0 4 0 3 0 3 0 0 0 3 0 0 51 3 0 0 0 0 0 0 0 0 0 0 0 0 0 0 0 0 0 0 0 0 1 0 0 0 0 9 15 0 0 0 3 0 0 0 0 0 0 0 0 0 7 56 55 18 6 10 0 60 0 35 9 33 8 18 6 13 0 41 4 8 2 0 0 0 7 0 5 16 0 1 0 0 0 0 0 14 0 0 0 17 0 0 0 0 0 0 0 0 0 0 0 0 0 0 0 6 0 0 0 0 0 0 0 0 10 0 0 0 0 0 0 0 0 0 0 0 0 8 0 0 10 9 38 17 17 38 6 30 3 7 0 13 0 8 0 1 0 0 9 11 5 0 0 0 0 0 7 0 0 0 0 0 10 0 0 2 0 0 16 6 0 0 0 0 0 0 0 0 2 0 0 8 0 2 0 0 1 79 0 1 0 0 65 0 0 4 0 65 0 0 0 0 0 0 0 0 0 0 0 0 0 0 1 0 9 0 0 0 2 0 
 0 0 0 0 0 0 0 80 0 0 0 0 64 0 0 0 0 0 0 0 0 0 0 64 24 3 0 0 0 0 0 37 0 0 0 5 0 0 0 0 336 433 110 124 96 102 40 98 201 154 107 32 42 319 0 121 119 34 179 93 0 0 0 0 0 3 0 1 0 204 0 0 0 43 0 0 5 0 26 1 0 0 0 0 0 0 0 0 13 0 0 0 0 0 0 0 0 0 0 0 0 0 0 0 0 21 0 0 0 0 0 0 0 0 0 0 0 0 0 0 1 0 1 0 17 0 82 8 0 0 11 20 32 1 9 0 10 63 0 0 0 0 0 0 0 0 0 0 0 4 0 8 5 0 0 0 0 0 0 0 0 0 0 0 0 0 16 0 0 0 0 0 0 0 0 0 0 0 9 0 0 0 0 0 0 4 0 0 0 0 0 0 0 0 0 0 0 0 0 0 0 11 29 30 0 6 0 23 28 6 26 36 0 8 56 0 0 33 0 0 8 0 0 0 0 0 0 0 0 0 0 0 0 11 0 0 0 0 0 29 0 0 0 0 0 0 0 0 0 0 0 7 0 0 0 0 0 0 0 0 0 0 0 0 63 12 1 0 0 0 0 0 0 0 0 0 0 0 0 0 0 0 0 0 25 0 0 0 1 0 
 0 0 0 0 0 0 0 2 0 0 0 2 0 0 0 0 0 0 0 0 2 2 2 2 6 6 2 5 2 2 2 4 2 2 2 4 2 0 2 2 89 46 100 182 121 134 152 110 159 753 77 44 54 317 121 0 362 28 306 72 56 0 0 0 0 0 0 0 0 0 3 0 9 0 5 0 49 0 22 0 0 0 0 0 0 0 0 0 0 0 0 0 0 0 0 0 0 0 0 0 0 0 0 0 0 2 0 0 0 0 1 25 0 0 0 0 0 0 0 0 3 34 26 10 0 8 2 0 9 23 17 0 35 54 7 8 21 10 0 11 0 0 0 0 0 0 23 0 0 17 10 0 6 10 0 0 0 0 0 15 0 0 0 0 0 0 0 0 0 0 0 3 0 0 0 7 0 0 12 0 0 0 0 0 1 0 0 0 0 0 0 0 0 0 8 0 0 0 0 0 1 16 0 0 30 9 22 3 9 40 1 0 0 0 6 11 1 10 7 1 12 0 10 0 0 0 0 0 0 0 0 0 26 10 0 0 0 0 8 0 0 0 10 0 0 0 0 0 0 0 0 8 0 1 0 0 0 0 0 0 0 23 0 0 0 3 5 1 0 0 1 0 0 0 0 0 0 0 0 0 0 4 0 0 0 0 0 3 2 0 
 0 0 0 0 0 0 0 61 0 64 0 1 0 0 0 0 0 0 0 0 3 3 5 3 36 3 3 5 3 3 3 3 4 3 3 3 3 3 3 3 108 80 147 115 41 147 37 108 361 102 175 131 133 162 119 362 0 180 105 149 0 0 0 0 0 0 0 2 0 0 0 0 3 0 2 0 2 0 1 0 0 0 0 0 0 0 0 0 0 0 0 0 0 0 0 0 0 0 0 13 0 0 0 0 0 0 0 0 0 0 0 0 0 0 0 0 0 0 0 0 37 8 9 10 0 25 35 10 22 29 10 28 2 10 22 0 10 19 0 11 0 0 0 0 8 0 0 0 0 0 0 7 1 0 0 0 0 0 0 16 0 0 0 0 0 0 0 16 0 0 0 0 0 0 0 4 0 0 0 0 0 0 0 0 1 0 0 0 0 0 0 0 0 0 0 0 0 0 0 0 15 14 29 12 1 18 14 20 0 38 0 22 8 20 19 22 15 0 0 8 0 0 0 0 0 0 0 0 0 0 3 0 10 0 0 20 0 0 0 0 0 0 0 0 0 0 0 0 0 0 0 12 0 0 0 0 0 0 0 0 0 0 4 0 4 0 0 0 0 0 3 0 0 0 0 0 0 0 0 0 0 0 0 0 0 13 0 9 1 0 
 3 3 3 3 3 3 3 3 3 3 5 3 3 3 3 3 3 3 3 3 2 1 1 10 63 5 2 2 39 2 3 3 2 2 2 27 3 0 4 2 40 81 97 132 42 134 25 44 259 74 342 172 116 92 34 28 180 0 62 85 0 0 40 0 0 0 0 51 0 207 0 0 54 0 1 0 0 0 0 0 0 0 0 0 0 0 0 0 0 0 0 0 0 0 0 0 0 0 0 0 0 0 0 0 0 0 0 0 14 0 5 0 0 0 7 14 0 0 0 0 14 0 7 7 11 0 20 0 14 53 4 16 7 3 26 0 66 19 8 16 12 0 7 0 5 0 1 1 10 1 0 0 0 0 0 22 0 22 9 0 0 0 0 0 0 2 0 0 0 0 0 0 0 0 0 0 0 0 0 16 0 0 0 0 8 0 0 0 0 0 28 3 0 0 0 0 3 5 0 0 19 17 0 0 62 1 4 0 0 9 19 20 3 31 3 18 14 0 11 11 1 0 0 0 0 0 0 10 0 0 0 0 0 0 0 11 0 0 0 12 0 0 1 0 0 0 0 0 0 0 0 13 0 1 0 0 0 0 0 2 0 1 63 0 1 1 0 0 0 0 0 0 0 0 0 0 0 0 0 0 0 9 0 0 2 35 0 15 0 0 
 2 2 2 2 2 2 2 3 3 2 4 2 2 2 4 3 2 2 3 3 0 0 0 85 132 64 0 65 24 6 31 216 0 0 64 4 64 73 0 0 259 134 33 58 58 59 201 241 69 313 41 24 416 92 179 306 105 62 0 146 0 0 0 0 0 0 0 0 0 0 0 1 0 0 0 0 0 0 0 0 0 0 0 0 0 0 42 0 0 0 0 0 0 0 0 0 0 0 0 0 0 0 8 7 20 4 0 0 0 0 0 1 0 0 0 15 13 11 0 0 1 16 1 0 0 1 12 0 8 41 0 7 21 0 15 0 22 0 0 0 0 4 0 0 4 0 0 0 0 0 0 0 0 0 0 0 0 0 0 34 0 0 0 0 0 0 0 0 0 0 0 0 0 6 0 0 0 7 0 0 0 0 0 32 7 7 0 0 0 22 12 6 0 0 0 26 14 20 0 0 0 9 0 0 28 0 34 5 0 1 0 0 9 12 0 33 7 0 31 12 0 0 0 0 21 14 17 0 8 6 0 0 0 0 0 0 0 0 0 0 0 0 0 0 0 0 0 0 0 0 0 11 0 0 0 0 0 0 0 0 8 0 65 0 2 0 2 0 1 0 0 0 0 0 0 0 0 0 0 0 0 0 0 0 0 0 0 27 1 0 
 0 0 1 0 0 0 0 0 0 0 3 0 0 0 0 0 56 3 0 0 0 0 61 25 124 0 6 0 62 0 1 1 0 0 0 0 62 62 0 0 38 41 51 153 87 40 106 46 72 293 474 21 124 162 93 72 149 85 146 0 2 0 0 0 0 0 30 16 11 0 0 0 10 0 6 0 0 0 0 0 0 0 0 0 0 0 0 0 0 0 0 0 0 0 0 0 0 0 0 0 0 0 0 1 1 19 0 0 0 13 2 0 0 0 3 0 1 0 0 0 28 14 0 15 0 6 27 22 0 0 0 28 0 36 0 0 12 0 12 0 0 0 0 0 0 0 0 0 0 0 0 0 0 1 0 0 0 0 0 0 0 0 0 0 0 0 0 0 0 0 0 0 0 0 0 0 0 0 0 0 0 0 18 1 0 15 0 0 0 0 10 0 0 0 0 0 0 12 0 8 12 35 8 0 0 7 0 7 0 7 0 14 0 17 6 12 0 0 20 8 0 0 0 0 0 0 0 0 0 0 0 0 11 0 0 0 0 0 0 0 0 0 0 0 0 0 0 0 0 0 0 15 0 0 0 0 2 1 0 0 0 0 3 0 0 0 2 54 0 0 0 0 0 0 0 0 0 0 0 0 0 0 0 0 0 0 0 0 2 0 
 2 2 2 2 2 2 6 2 2 2 2 8 2 3 2 2 2 2 2 2 0 0 56 0 0 32 0 32 0 0 53 0 0 0 0 0 51 53 0 0 80 26 2 1 0 55 5 0 0 50 0 2 0 29 0 56 0 0 0 2 0 141 176 117 92 239 63 94 52 26 124 35 140 71 120 57 76 34 71 94 0 0 0 0 0 0 0 0 0 0 0 0 0 0 0 0 0 0 0 0 0 0 0 0 0 0 0 0 0 0 0 0 0 0 0 0 0 0 0 0 5 4 6 0 0 0 11 19 0 0 9 0 11 28 1 14 0 0 20 5 0 1 0 8 0 2 0 0 0 17 34 0 0 5 10 0 6 8 4 0 0 0 0 0 0 0 0 0 4 0 0 0 0 0 0 0 0 0 0 0 0 0 0 0 7 0 0 0 0 0 0 0 0 0 0 0 0 0 0 0 23 13 3 3 7 9 5 70 0 1 9 0 0 4 1 1 0 13 0 2 15 9 19 12 10 7 0 18 0 8 0 0 11 1 24 0 15 7 0 0 0 0 0 3 0 0 0 0 0 0 0 0 0 2 2 0 13 76 0 0 0 0 0 0 0 0 0 4 0 0 11 0 0 0 0 0 0 0 0 0 0 0 0 0 0 2 0 0 0 0 
