 0 171 272 71 269 46 227 130 146 37 26 42 265 49 39 266 78 204 159 53 0 0 0 0 0 0 2 0 0 0 0 0 0 2 0 3 2 0 3 1 0 0 0 61 0 0 0 0 63 0 1 3 0 0 0 0 0 0 1 0 53 2 0 0 0 0 0 0 2 2 0 0 0 0 0 0 0 2 0 0 40 0 15 8 0 0 35 1 0 9 0 0 42 1 14 0 28 2 7 29 0 0 0 0 0 0 0 0 0 0 0 0 0 0 0 0 0 0 30 0 0 2 0 0 0 0 0 0 0 0 0 0 0 0 0 0 0 0 0 0 0 0 0 0 0 8 0 0 0 2 0 0 0 23 0 0 0 0 0 0 15 0 12 20 3 14 18 0 16 30 0 15 18 26 18 27 1 0 8 0 0 0 0 0 2 0 0 0 20 2 0 0 2 0 0 0 0 0 0 0 0 0 0 0 0 0 0 2 0 0 7 0 0 0 0 0 0 0 0 0 1 0 0 0 0 0 0 0 0 0 0 0 0 0 0 0 0 0 0 0 0 0 0 0 0 0 52 0 1 2 2 7 0 0 0 0 0 0 0 0 0 0 18 0 0 0 0 0 0 0 0 0 0 0 0 0 0 0 0 0 0 0 0 0 0 0 0 0 0 0 
 171 0 79 158 104 37 250 201 326 81 49 30 51 137 156 138 249 51 128 128 0 1 0 0 2 0 0 0 0 0 0 0 0 2 0 80 2 0 3 73 0 0 0 0 0 0 0 0 0 5 19 3 0 0 0 0 0 0 2 1 3 2 0 0 0 0 0 0 2 2 0 0 0 0 0 0 0 2 0 0 20 0 8 9 22 0 1 0 12 9 23 0 26 14 11 28 15 13 0 23 0 0 0 0 0 0 25 0 0 0 0 0 0 15 0 0 0 0 11 0 0 0 0 0 0 0 0 0 0 0 0 0 0 0 4 0 0 0 0 0 0 0 0 0 0 0 0 0 0 0 0 0 0 2 0 1 0 0 0 3 1 15 32 0 0 0 0 0 15 16 18 0 2 0 0 21 4 13 10 0 0 0 0 0 0 0 7 0 0 0 0 2 0 0 0 0 0 0 1 0 0 0 0 0 9 0 0 0 0 0 0 0 0 0 2 0 0 0 0 2 0 0 0 0 0 0 0 0 0 0 0 0 0 0 0 0 0 0 0 0 0 0 0 0 0 1 1 0 88 49 10 11 0 0 2 0 0 0 0 0 0 0 14 0 0 0 0 0 0 0 0 0 0 0 0 2 29 0 0 0 0 0 0 0 0 0 0 0 1 2 
 272 79 0 194 188 129 366 67 209 86 122 289 271 63 119 259 222 234 70 109 74 1 0 0 1 0 79 0 0 0 0 0 0 2 0 3 2 0 3 0 6 1 0 0 0 0 0 0 1 0 2 2 0 0 0 0 0 0 3 0 2 2 0 0 0 0 0 0 2 2 0 0 0 0 0 0 0 2 0 0 14 20 10 52 17 27 0 0 0 12 27 33 0 14 21 0 9 18 0 9 0 0 0 0 0 0 11 0 37 0 0 0 1 15 15 0 1 0 33 14 0 0 0 0 0 0 0 0 0 0 0 0 0 0 0 0 0 2 0 0 0 0 0 0 0 0 0 1 0 0 0 0 2 0 0 0 0 0 0 0 67 13 23 15 23 0 0 55 33 22 0 40 0 22 10 34 14 66 0 0 0 0 0 0 0 0 1 27 0 0 1 0 38 11 0 0 0 0 32 10 0 0 0 0 0 0 0 0 0 0 0 0 0 0 0 0 0 0 0 2 0 0 0 0 0 0 0 0 0 0 0 0 0 0 0 0 0 0 0 0 0 0 0 0 0 2 1 0 90 0 1 3 1 0 0 0 0 0 0 0 0 0 0 0 0 0 0 0 0 0 0 0 0 0 0 0 2 0 0 0 0 0 0 0 0 0 0 0 0 0 
 71 158 194 0 76 38 215 241 155 356 173 157 237 473 151 126 75 297 192 65 1 0 0 3 2 0 71 0 0 75 1 0 0 2 0 3 2 0 3 0 0 1 0 5 0 6 7 0 3 0 2 2 0 0 0 0 0 4 3 0 2 2 2 2 0 1 2 0 5 2 1 1 1 0 0 12 54 2 0 1 10 17 13 48 10 12 9 20 14 10 9 3 2 44 34 21 11 34 13 1 2 0 0 0 0 2 0 0 0 0 0 0 0 0 0 0 0 0 0 0 0 0 0 0 9 0 0 0 0 0 0 0 0 45 0 0 0 8 0 0 0 0 0 0 2 1 0 0 0 0 0 0 0 0 0 0 0 0 0 3 16 1 1 20 22 28 46 8 0 24 13 0 0 0 10 2 29 0 0 16 0 0 0 0 0 0 0 0 0 0 0 0 0 0 0 1 10 1 0 0 1 0 0 0 10 0 0 0 0 0 0 0 0 0 2 0 0 0 0 0 0 0 0 0 0 0 0 0 0 0 0 0 0 0 0 0 0 0 0 0 0 0 0 0 0 0 4 0 2 91 2 3 21 0 0 0 2 0 0 0 0 0 0 0 0 0 0 0 0 0 0 0 0 2 0 16 11 11 0 0 0 0 0 0 0 0 0 0 0 0 
 269 104 188 76 0 468 39 50 159 283 171 83 62 89 198 145 91 168 97 289 75 107 1 0 0 0 155 0 0 0 0 3 0 112 229 6 3 0 75 36 0 4 0 0 0 0 0 0 63 0 2 3 37 0 0 0 3 3 3 0 3 3 0 2 0 0 0 7 3 4 0 0 0 0 15 0 0 2 0 0 0 12 0 17 26 3 0 0 14 49 17 8 0 18 12 0 2 28 0 0 44 0 0 0 0 0 0 14 17 0 0 0 11 10 6 0 0 13 61 29 0 0 0 0 1 9 0 0 0 0 0 0 0 0 0 0 26 0 0 0 0 0 0 0 0 4 0 0 0 0 0 0 0 0 0 0 10 0 0 0 19 13 0 23 0 23 10 5 26 14 25 13 0 30 21 12 1 22 0 0 0 0 0 1 0 0 31 14 0 0 0 0 10 19 46 0 0 1 27 40 0 0 0 0 0 0 0 0 0 0 0 0 0 0 0 0 1 0 0 0 0 0 0 0 0 0 0 0 0 0 0 0 0 0 0 0 0 0 0 0 0 17 0 0 0 4 58 0 1 3 14 7 0 0 0 0 0 0 0 0 9 0 0 0 0 0 0 0 0 0 0 0 0 0 0 0 14 8 0 0 0 0 0 0 1 0 0 0 0 0 
 46 37 129 38 468 0 42 34 24 156 253 139 45 64 55 176 50 47 50 46 1 2 1 2 2 35 56 1 2 1 2 3 1 5 75 5 68 2 25 150 0 0 0 0 0 0 0 0 1 0 1 2 0 0 0 0 0 0 3 0 4 2 2 2 2 2 2 5 4 5 1 2 0 0 0 0 0 4 0 0 0 0 16 0 34 0 0 0 0 0 1 0 0 0 9 0 0 11 0 0 0 0 0 8 0 0 47 23 10 8 0 0 25 66 10 8 11 1 23 1 0 0 0 0 0 0 0 0 0 0 0 0 0 0 0 0 0 0 0 0 0 5 0 0 0 0 0 0 0 0 1 0 3 0 0 0 0 0 0 0 0 0 12 9 14 9 0 0 14 14 11 0 0 0 0 13 0 0 0 0 0 0 0 0 0 0 17 0 0 0 0 0 0 10 1 21 0 0 16 7 0 0 0 0 0 0 0 0 0 0 0 0 0 0 0 0 0 0 0 0 0 0 0 0 0 0 0 0 0 0 0 0 0 0 0 0 0 0 0 0 0 0 0 0 0 0 3 1 87 1 12 11 0 0 0 0 0 0 1 0 0 0 0 0 0 0 0 0 0 0 0 0 0 0 0 15 10 0 0 0 0 0 0 0 0 0 0 0 0 0 
 227 250 366 215 39 42 0 312 364 118 256 63 266 394 30 80 279 119 59 245 0 2 0 1 0 0 0 0 0 2 0 2 0 2 1 3 2 0 3 1 0 2 0 0 0 0 0 0 3 0 2 3 0 3 1 0 0 0 3 0 2 2 0 0 0 0 0 31 2 4 0 3 0 0 0 0 0 2 0 0 43 39 17 28 0 17 10 22 15 1 0 15 16 0 31 19 22 15 0 26 0 0 0 0 0 0 0 0 0 0 0 0 0 0 0 0 0 0 0 0 0 0 0 0 0 0 0 0 0 0 0 0 0 23 0 0 0 0 0 2 0 0 0 0 0 0 0 0 0 0 0 0 0 0 0 24 0 0 0 2 26 12 11 7 15 16 1 10 1 20 0 13 12 0 5 29 22 74 25 5 1 0 0 0 0 0 0 0 0 0 0 0 1 0 0 0 0 0 0 0 0 0 0 0 0 0 0 0 0 0 0 0 0 0 0 0 6 0 0 0 0 0 0 0 0 0 0 0 0 0 0 0 0 0 0 0 0 0 7 0 0 0 0 0 0 1 1 0 3 8 2 0 17 0 2 0 0 0 0 0 0 0 14 0 0 0 0 0 0 0 0 0 0 0 0 0 0 0 0 0 0 0 0 0 0 0 0 0 0 0 
 130 201 67 241 50 34 312 0 155 67 41 25 201 145 28 38 40 148 381 223 1 0 0 3 0 0 0 0 0 0 1 0 0 5 2 3 2 0 3 1 0 3 0 55 0 0 0 0 3 3 5 5 0 0 3 0 0 0 3 3 2 2 0 0 0 0 0 0 3 2 1 0 0 1 0 0 0 2 0 3 21 36 24 34 0 14 19 62 8 10 1 0 35 10 16 20 6 23 0 64 0 0 0 0 0 0 0 12 0 0 0 0 11 0 0 0 0 0 0 0 0 0 0 0 0 0 0 0 0 0 0 0 0 21 0 0 0 0 13 0 0 0 0 0 0 0 6 0 0 0 0 0 0 0 0 1 0 0 0 1 11 18 0 2 15 0 0 23 0 27 2 0 0 19 17 31 5 21 34 0 1 0 0 0 0 0 0 0 0 0 0 0 1 0 0 0 0 0 0 0 0 0 0 0 0 0 10 0 0 0 0 0 0 0 0 0 0 0 0 0 0 0 0 0 0 0 0 0 0 0 0 0 0 0 0 0 0 0 0 0 0 0 0 0 0 0 118 0 0 11 0 22 17 0 0 0 0 0 0 0 0 0 0 0 0 0 0 0 0 0 0 0 0 0 0 0 18 0 0 0 0 0 0 0 0 10 0 0 0 0 
 146 326 209 155 159 24 364 155 0 241 267 215 246 375 107 190 578 27 286 75 0 0 0 0 0 0 2 0 0 0 0 0 1 3 0 3 2 1 3 0 0 0 0 0 0 0 0 0 27 0 0 3 0 0 0 0 0 0 2 0 3 2 0 0 0 0 52 0 2 2 38 0 0 0 0 0 0 2 0 0 0 8 28 29 0 0 0 0 11 41 0 25 5 0 2 31 0 132 0 0 0 0 0 0 0 0 0 0 0 0 0 0 10 1 0 0 0 0 34 2 0 0 0 0 0 0 0 0 0 0 0 0 0 1 0 0 0 0 0 0 0 0 0 0 0 1 0 2 15 0 0 0 19 0 0 0 0 1 0 0 22 0 1 52 0 0 0 0 11 12 3 12 0 13 13 40 28 12 22 0 15 0 0 0 0 0 0 16 0 0 0 0 15 10 0 0 0 0 0 0 0 0 0 0 0 0 0 0 0 0 0 0 0 0 0 0 0 0 0 0 0 10 0 0 0 0 0 0 0 0 1 0 0 0 0 0 0 0 0 0 0 0 0 0 0 0 179 0 4 216 0 7 0 0 0 0 0 0 0 0 0 0 0 0 0 0 0 0 0 0 0 0 0 0 0 0 0 0 0 0 0 0 0 0 0 0 0 0 0 0 
 37 81 86 356 283 156 118 67 241 0 172 133 50 191 170 98 85 134 84 101 0 2 0 2 2 0 78 0 0 0 0 0 2 2 32 3 2 2 3 0 4 40 0 11 0 0 0 0 5 0 2 2 0 1 0 0 0 0 3 0 4 61 0 0 0 0 0 0 3 2 1 0 1 0 0 0 0 5 3 0 15 13 30 10 0 2 13 38 29 16 17 11 11 26 0 43 0 5 16 0 1 0 0 52 0 0 17 0 16 0 0 0 42 6 5 0 0 0 0 14 0 0 0 0 0 0 0 0 0 0 0 0 0 0 0 0 0 0 0 1 0 0 0 0 0 0 0 3 0 0 0 0 14 1 0 0 0 0 0 0 1 10 0 25 35 17 13 9 0 0 0 0 0 0 0 0 29 19 5 14 1 0 0 0 0 0 0 33 0 0 0 0 1 10 0 0 1 1 16 0 0 15 2 0 2 15 0 0 0 0 0 0 0 0 0 0 0 0 0 0 0 1 0 0 0 0 0 0 0 0 0 0 0 0 0 0 0 0 0 0 0 0 0 0 0 0 2 0 0 15 1 6 0 0 76 0 0 0 0 0 0 0 0 20 0 0 0 0 0 0 0 0 0 0 0 0 17 0 0 0 0 0 0 0 0 0 0 0 0 0 
 26 49 122 173 171 253 256 41 267 172 0 269 134 339 97 96 122 69 37 84 37 76 0 0 1 0 196 86 0 0 0 0 0 150 0 3 2 0 171 0 0 2 0 6 0 0 33 0 1 0 2 3 0 0 0 79 0 0 1 0 3 2 0 0 0 0 0 0 2 5 0 0 0 0 0 0 0 3 0 0 24 0 5 17 0 20 10 19 11 0 58 13 0 18 0 0 19 37 11 0 26 0 0 0 0 0 10 0 28 0 0 0 18 13 10 0 0 14 14 22 0 2 0 0 0 0 0 0 0 0 0 0 0 0 0 0 0 0 0 0 0 6 0 20 0 0 31 0 0 0 0 0 0 2 0 0 0 0 0 0 0 0 0 15 58 7 4 0 0 0 6 0 0 0 0 0 0 5 0 18 0 0 0 0 2 0 0 10 0 10 17 0 12 15 0 11 10 10 18 32 9 1 0 0 0 0 0 1 0 0 14 0 0 0 0 0 0 1 0 0 0 0 0 0 0 0 0 0 0 0 0 0 0 0 0 2 0 14 0 2 0 0 0 0 0 3 0 0 4 1 0 11 0 0 0 0 0 0 0 0 0 0 0 0 0 0 0 0 0 0 0 0 0 0 0 10 0 0 0 0 0 0 0 0 0 0 0 0 0 0 
 42 30 289 157 83 139 63 25 215 133 269 0 107 46 127 65 89 273 43 29 0 75 0 0 29 1 74 0 0 0 0 0 24 98 22 79 2 0 153 0 0 2 0 0 0 0 0 0 77 0 2 3 0 108 0 0 0 0 2 0 3 2 0 0 0 0 0 6 2 2 0 0 0 0 5 0 0 2 0 0 0 17 13 11 12 17 0 0 13 9 0 0 0 23 27 0 0 13 0 1 14 0 0 17 16 0 0 10 1 0 0 0 0 7 7 0 0 0 29 0 0 0 0 0 0 0 0 0 0 0 16 0 0 0 0 0 0 0 0 0 0 0 0 0 0 0 0 7 0 2 0 0 5 0 0 0 0 0 0 0 0 12 14 18 14 18 9 8 21 15 14 37 0 20 42 10 15 10 0 0 0 11 0 0 0 0 15 12 0 2 1 0 19 37 0 40 0 0 1 18 0 0 0 0 0 0 0 0 0 0 0 0 0 0 0 0 18 0 0 0 2 0 0 0 0 0 0 0 0 0 0 0 0 1 0 0 0 0 0 0 0 31 0 0 0 4 3 0 0 1 0 5 0 0 2 0 0 0 0 0 0 0 0 0 0 0 0 0 0 0 0 0 0 2 0 0 0 0 0 0 0 0 0 0 0 0 0 0 0 0 
 265 51 271 237 62 45 266 201 246 50 134 107 0 336 310 110 112 129 111 312 0 3 2 83 2 3 0 0 3 2 0 0 2 3 2 3 2 1 6 2 0 0 2 0 0 3 0 6 0 0 4 2 0 3 0 0 0 3 3 0 2 2 5 6 6 0 2 0 5 2 1 0 0 0 0 0 0 5 0 0 19 0 20 10 23 0 25 19 25 2 33 15 9 54 25 34 23 27 0 33 0 0 0 0 19 0 2 0 0 0 0 0 0 0 0 0 0 0 0 0 0 0 0 0 38 0 0 0 0 0 0 0 2 0 0 0 0 0 0 0 0 0 0 0 0 0 0 0 0 0 0 14 0 1 0 1 0 0 0 3 54 14 19 14 1 4 32 19 7 0 22 0 1 23 0 0 0 9 2 28 0 0 0 0 0 0 0 0 0 0 0 0 0 0 0 0 1 0 0 0 0 0 0 0 0 0 0 0 0 0 0 0 0 2 0 0 2 0 7 0 0 0 0 0 0 0 0 0 0 0 0 0 0 0 0 14 0 0 0 27 0 18 0 0 0 1 14 0 1 0 3 1 0 0 0 0 0 0 0 0 0 0 0 0 0 0 0 0 0 0 0 0 0 0 0 56 0 21 0 0 0 0 0 0 0 0 0 0 0 0 
 49 137 63 473 89 64 394 145 375 191 339 46 336 0 228 49 243 133 284 386 2 0 0 26 0 32 0 3 0 3 1 2 3 5 0 3 4 2 3 5 4 0 0 0 2 0 15 15 0 0 1 2 3 12 0 0 52 0 3 1 2 2 0 0 0 0 0 0 3 3 1 1 8 6 0 0 8 6 0 0 21 0 42 2 0 1 15 24 12 0 22 2 12 35 0 1 0 17 25 0 0 0 0 0 0 0 0 0 0 0 0 0 0 0 0 0 0 0 0 0 0 0 0 0 0 0 23 0 0 0 0 0 0 0 0 0 0 0 6 0 0 0 0 0 0 0 0 0 0 0 0 0 0 0 0 0 0 0 0 0 0 12 10 16 0 0 39 0 0 0 0 0 0 14 0 16 0 0 30 21 0 0 0 0 0 0 0 0 0 0 0 0 0 0 0 0 0 0 0 0 0 0 0 0 0 0 0 0 0 0 0 0 0 0 0 0 0 0 0 0 1 0 0 0 0 0 0 0 0 0 0 0 0 10 0 0 0 0 0 0 0 0 0 0 0 0 91 2 2 0 0 6 0 0 0 0 0 0 31 0 0 0 0 0 0 0 0 0 0 0 0 0 0 0 0 0 0 0 0 0 0 0 0 0 0 0 0 0 0 1 
 39 156 119 151 198 55 30 28 107 170 97 127 310 228 0 665 230 281 246 313 1 2 0 0 0 0 0 0 0 3 0 0 0 2 2 3 2 0 3 0 4 0 0 0 0 0 0 0 2 0 1 2 0 4 0 0 0 0 3 0 2 2 0 0 0 1 0 0 2 2 0 0 0 0 0 0 0 2 0 2 11 4 48 35 37 5 20 40 14 25 8 15 12 27 27 12 2 16 13 0 0 0 0 0 0 0 0 0 0 0 0 0 0 0 1 0 0 0 18 0 0 0 0 0 19 0 0 0 0 0 0 0 0 0 0 0 0 0 0 0 0 20 1 0 0 0 0 2 0 0 0 0 0 0 0 1 0 0 0 2 17 2 37 28 0 29 135 50 1 13 14 30 0 29 11 0 1 25 0 33 0 0 0 0 0 0 0 0 0 0 0 0 27 1 0 0 0 0 3 1 0 0 0 0 14 0 0 0 0 0 0 0 0 0 0 0 0 0 0 0 0 0 0 0 0 0 0 0 0 0 0 0 0 0 25 0 0 0 13 0 0 0 0 0 0 2 1 1 0 1 0 12 0 0 0 0 0 0 0 0 0 0 0 0 0 0 0 0 0 0 0 0 0 0 0 18 0 4 0 0 0 0 0 0 0 0 0 0 0 0 
 266 138 259 126 145 176 80 38 190 98 96 65 110 49 665 0 161 42 325 67 2 0 0 0 5 2 0 3 0 0 0 1 2 2 0 5 2 3 3 11 1 2 0 0 0 0 0 3 0 0 7 3 1 2 0 0 0 2 3 0 3 2 0 39 48 0 0 0 7 2 6 5 6 0 0 2 0 2 0 0 0 42 0 10 32 21 0 19 31 27 39 17 0 53 18 18 21 7 0 0 0 0 0 0 0 0 1 0 0 2 0 0 14 12 0 0 0 0 40 23 0 0 0 0 13 0 0 0 0 0 0 2 0 2 14 0 0 0 0 0 0 0 0 13 0 0 0 0 0 0 0 0 0 0 0 0 0 0 0 1 10 12 13 40 0 1 9 45 7 5 46 3 0 23 11 0 5 26 0 0 1 0 0 0 0 0 9 0 0 0 0 0 5 0 0 10 0 0 18 0 0 0 0 0 0 0 0 0 0 0 0 0 0 0 0 1 0 0 0 0 0 0 0 1 0 0 0 0 0 0 0 0 0 0 2 0 0 0 0 0 0 16 0 0 0 1 1 2 2 30 14 4 0 20 0 0 1 0 0 0 0 0 0 0 0 0 2 0 0 0 0 0 0 0 0 9 23 10 0 0 0 0 0 0 0 0 0 0 0 0 
 78 249 222 75 91 50 279 40 578 85 122 89 112 243 230 161 0 353 79 149 75 0 0 0 0 0 0 0 0 0 0 0 0 2 0 3 2 0 3 0 0 2 0 0 0 0 0 0 0 0 2 2 0 0 0 0 0 0 3 7 2 2 0 0 0 0 0 0 3 2 1 0 0 0 0 0 0 2 0 0 15 56 1 25 1 0 1 9 32 19 46 20 30 23 19 15 0 74 0 15 0 1 0 0 0 0 0 0 0 0 0 0 15 0 0 0 0 0 21 0 0 0 0 0 0 0 0 0 0 20 0 0 0 1 0 0 0 17 0 0 0 17 0 0 1 0 0 0 0 0 0 0 0 0 4 0 0 0 0 2 9 26 14 32 0 0 10 17 6 3 20 8 11 17 11 0 12 45 0 0 1 0 0 0 0 0 0 0 0 0 0 0 2 0 0 0 0 0 21 2 1 0 0 0 0 0 0 0 0 22 0 0 0 0 1 0 0 0 0 0 0 0 0 0 0 0 0 0 0 0 0 0 0 0 0 0 0 0 14 0 0 17 0 0 0 6 3 1 3 7 0 17 1 0 0 0 0 0 0 0 0 0 0 0 0 0 0 0 0 0 0 0 0 0 0 0 0 0 0 0 0 0 0 0 0 0 0 0 0 0 
 204 51 234 297 168 47 119 148 27 134 69 273 129 133 281 42 353 0 107 49 0 0 0 2 0 0 0 0 0 2 0 4 0 2 0 3 2 1 3 0 5 1 0 0 0 0 0 0 0 0 0 2 0 0 0 0 0 0 3 0 2 2 0 0 0 0 0 0 3 2 1 0 0 0 0 0 0 2 0 0 18 25 23 78 29 14 24 53 14 12 19 12 1 42 27 3 11 19 13 2 0 1 0 0 0 0 0 0 0 0 0 0 16 0 0 0 0 0 16 11 1 0 0 0 48 0 0 0 0 0 0 0 0 13 0 0 0 0 0 0 0 0 0 0 0 5 0 1 0 0 0 0 0 0 0 0 0 0 0 0 27 1 9 20 22 20 6 23 1 14 0 19 0 0 11 11 10 1 1 27 0 0 0 0 0 0 10 0 0 0 0 0 14 1 0 0 0 2 18 0 0 0 0 0 41 0 0 0 0 0 0 0 0 0 1 7 0 0 0 0 0 0 0 0 0 0 0 0 0 0 0 0 22 0 0 2 0 0 0 0 0 0 0 0 0 2 86 0 7 1 2 16 20 0 0 0 0 2 0 0 0 0 0 0 0 0 0 0 0 0 0 0 0 0 0 0 14 14 0 0 0 0 0 0 0 0 0 0 0 0 
 159 128 70 192 97 50 59 381 286 84 37 43 111 284 246 325 79 107 0 450 0 58 4 0 3 0 0 0 0 2 2 4 0 5 0 3 2 0 6 2 0 0 0 60 0 0 0 3 0 3 2 3 3 2 3 62 0 3 3 3 3 5 0 0 2 0 3 0 7 2 0 0 0 0 46 0 2 2 1 0 23 0 5 20 15 0 14 0 40 20 14 0 8 45 10 31 38 22 0 32 0 0 0 0 0 0 0 0 0 0 11 0 0 0 0 0 0 0 0 7 10 0 0 0 21 0 0 0 0 17 0 0 0 0 0 0 0 0 0 0 0 0 0 0 0 0 0 0 0 2 0 0 0 0 0 2 0 0 0 7 9 58 24 0 0 1 10 60 45 0 26 11 0 30 26 1 0 1 10 0 0 0 0 0 0 0 0 0 0 2 0 0 1 0 0 0 2 0 0 0 0 0 0 0 0 0 0 0 0 0 0 3 0 0 0 0 0 0 0 0 2 1 0 0 0 0 0 0 0 0 0 0 0 0 0 0 0 0 0 0 0 14 0 0 0 0 5 0 1 3 2 12 0 0 0 0 0 0 0 0 0 0 0 0 0 0 0 0 0 0 0 0 0 2 0 17 0 9 0 0 0 0 0 0 0 0 0 0 0 0 
 53 128 109 65 289 46 245 223 75 101 84 29 312 386 313 67 149 49 450 0 0 0 0 150 2 0 0 0 1 0 0 0 0 2 4 3 2 0 3 1 0 0 0 53 0 0 0 0 0 0 0 3 0 0 0 0 0 0 1 0 3 4 0 0 0 0 0 0 2 2 0 0 0 2 0 0 0 32 0 0 40 10 19 9 0 1 29 16 19 0 0 0 20 12 14 6 29 16 19 76 0 0 0 0 0 0 0 0 0 0 0 0 0 0 0 0 0 0 0 0 0 0 0 0 0 0 0 0 0 0 0 0 0 0 0 0 0 0 0 15 0 0 0 0 0 0 0 0 0 0 0 0 0 0 0 1 0 0 0 1 0 49 12 0 1 0 0 22 12 0 1 17 0 52 33 19 0 0 24 0 0 0 0 0 0 0 12 0 0 0 0 0 0 0 0 0 0 0 0 0 0 0 0 0 0 0 0 0 0 0 0 0 0 0 0 12 0 17 0 0 0 1 0 0 0 0 0 0 0 0 0 0 0 0 0 0 0 0 0 0 0 0 0 0 0 0 87 0 0 1 0 3 0 0 2 0 0 0 1 0 0 0 0 0 0 0 0 0 0 0 0 0 0 0 0 0 0 0 0 0 0 0 0 0 0 0 0 0 0 0 
 0 0 74 1 75 1 0 1 0 0 37 0 0 2 1 2 75 0 0 0 0 270 165 119 40 84 130 127 153 36 61 123 134 182 221 98 35 27 104 43 0 2 0 204 0 1 0 0 0 0 2 0 0 5 9 0 0 7 0 1 0 5 0 0 0 0 3 0 0 0 0 0 3 0 0 0 0 4 5 0 0 0 1 2 0 19 0 0 1 0 11 19 0 0 2 0 0 0 0 0 10 9 40 14 11 28 0 39 14 4 36 14 8 0 27 23 17 1 36 26 0 0 0 0 0 0 0 0 0 0 0 0 0 0 2 0 1 6 8 0 0 0 0 0 0 0 0 0 0 0 0 0 0 0 7 0 0 0 0 0 0 0 0 0 0 0 0 0 0 1 0 0 0 1 0 0 0 6 2 0 8 18 3 9 13 16 6 23 21 10 0 0 16 22 11 0 34 8 34 5 0 0 0 0 0 0 17 0 0 0 0 2 0 1 0 0 2 0 1 0 0 0 0 0 0 0 0 0 1 0 0 0 0 0 0 0 0 0 0 2 0 0 0 0 0 0 0 0 0 0 0 0 0 0 12 4 1 79 1 0 0 27 0 0 0 0 0 0 0 0 0 0 0 0 0 0 0 0 0 0 0 1 0 0 0 17 0 0 0 0 
 0 1 1 0 107 2 2 0 0 2 76 75 3 0 2 0 0 0 58 0 270 0 199 79 121 51 244 100 46 50 125 77 88 149 151 111 122 136 43 125 2 2 0 1 0 0 0 0 0 2 1 3 0 2 0 0 3 3 0 4 0 3 1 2 0 0 0 9 0 0 0 0 5 0 67 9 1 2 0 0 0 0 12 0 9 1 0 0 0 0 14 7 0 0 0 0 0 0 0 0 30 0 6 13 0 21 0 50 39 17 34 22 8 10 12 31 34 13 39 18 25 0 0 0 0 0 0 0 0 21 0 0 0 8 0 0 0 0 19 0 9 1 0 0 0 0 0 0 0 1 0 0 20 0 0 0 0 0 0 0 0 0 0 0 0 0 0 0 0 1 0 0 0 0 0 1 0 4 0 0 0 0 2 7 16 0 28 15 9 11 0 0 11 39 7 0 12 9 38 19 0 0 0 0 0 0 27 0 0 0 0 0 0 9 0 0 0 0 7 10 0 1 0 0 0 0 0 0 0 0 0 0 0 0 23 0 0 0 0 0 0 0 8 0 0 0 0 0 0 0 0 0 0 0 18 0 0 2 5 0 9 0 0 0 0 0 0 0 0 0 0 0 0 0 0 0 0 0 0 0 0 0 0 0 0 13 0 0 0 0 
 0 0 0 0 1 1 0 0 0 0 0 0 2 0 0 0 0 0 4 0 165 199 0 58 348 319 69 79 161 148 413 98 175 58 70 142 211 209 342 248 65 4 0 2 0 0 0 0 2 3 5 2 65 0 2 0 0 2 67 72 0 3 0 0 0 0 0 1 0 0 0 0 3 0 0 0 0 0 7 2 0 0 1 6 0 12 0 0 0 0 0 0 0 0 0 0 0 0 0 9 5 11 46 5 10 71 0 14 15 18 61 28 0 0 31 5 9 13 18 11 0 11 0 0 0 0 1 0 0 0 0 0 0 17 0 0 0 0 3 10 0 4 0 0 0 0 2 0 0 0 0 0 0 0 0 0 0 0 0 0 0 0 0 0 0 0 0 0 5 0 0 0 0 0 0 13 0 0 2 0 0 1 18 60 28 23 1 22 37 1 14 26 19 0 0 5 29 0 14 18 0 0 0 0 0 0 19 0 0 0 0 2 22 2 0 0 1 0 1 0 0 0 0 0 21 0 2 0 0 0 0 0 0 0 0 0 0 0 0 0 0 0 0 0 0 66 0 0 0 0 0 0 0 0 20 2 2 154 1 0 2 0 0 0 0 0 0 0 0 0 0 3 0 0 0 0 0 0 0 2 0 9 0 0 0 17 0 0 0 0 
 0 0 0 3 0 2 1 3 0 2 0 0 83 26 0 0 0 2 0 150 119 79 58 0 231 346 85 62 97 105 136 134 66 84 101 42 128 584 51 49 62 1 1 2 16 2 93 84 0 0 0 0 62 130 62 0 0 0 68 64 0 3 0 0 0 22 2 0 0 1 0 0 10 0 0 0 0 49 1 0 0 0 0 0 0 0 0 0 0 0 0 0 0 0 0 0 0 0 0 0 0 0 0 0 0 1 0 0 1 0 5 13 0 0 0 12 18 17 0 0 21 0 24 8 12 0 20 28 7 0 0 0 22 22 2 1 9 17 12 35 0 0 0 0 0 0 0 0 0 0 2 0 0 0 0 0 8 0 0 0 13 0 0 51 0 10 18 0 6 0 0 0 0 0 0 0 0 0 0 0 12 0 1 0 21 0 0 0 1 0 12 6 0 0 9 0 9 8 0 0 24 0 0 0 0 0 23 0 26 0 1 0 17 11 8 12 0 1 44 27 0 0 0 0 0 2 0 0 0 0 0 0 2 0 0 0 0 0 0 0 0 0 0 0 0 0 0 0 0 0 0 0 0 0 5 1 0 0 44 1 0 0 0 0 0 0 0 0 0 0 0 0 10 0 0 0 0 0 0 13 0 5 0 0 0 1 12 0 0 0 
 0 2 1 2 0 2 0 0 0 2 1 29 2 0 0 5 0 0 3 2 40 121 348 231 0 91 35 124 159 380 281 246 69 90 377 293 57 84 51 275 0 2 0 2 0 0 32 0 0 0 0 0 0 22 0 0 0 0 83 74 0 3 0 0 0 9 0 0 0 0 0 0 21 0 0 0 0 0 0 0 0 13 0 0 0 0 0 0 0 0 0 0 0 0 0 0 0 0 0 0 0 0 1 0 13 28 2 0 17 17 31 26 0 0 0 1 16 14 1 0 49 47 46 0 0 0 4 1 16 0 0 0 34 0 7 0 0 9 55 0 0 0 0 0 0 0 0 0 1 0 11 1 0 2 0 2 0 2 2 0 0 0 9 0 0 2 1 0 0 0 0 2 0 0 0 0 0 0 0 0 15 0 0 0 15 46 0 0 21 0 19 26 1 0 1 3 2 0 1 14 38 0 23 0 0 1 84 11 0 1 17 0 13 11 0 12 28 1 8 21 0 0 0 0 0 0 0 0 0 0 0 0 0 0 0 0 0 0 0 0 0 0 0 0 0 0 0 0 0 0 0 0 0 0 10 2 2 7 0 3 3 0 1 0 0 0 0 0 0 0 0 0 0 0 0 0 0 0 0 0 0 7 0 0 0 0 19 0 0 0 
 0 0 0 0 0 35 0 0 0 0 0 1 3 32 0 2 0 0 0 0 84 51 319 346 91 0 42 97 206 99 140 137 31 45 57 71 80 54 332 357 64 67 62 1 1 0 127 131 0 1 2 0 86 103 62 77 1 0 53 1 0 3 0 0 29 0 0 0 0 0 0 0 3 0 0 0 0 0 10 0 0 0 0 0 0 0 0 0 0 0 0 0 0 0 0 0 0 0 0 0 0 0 0 0 30 2 0 0 3 0 0 19 0 0 0 0 0 11 0 0 15 16 3 1 0 0 57 19 23 11 25 0 36 0 10 1 58 3 32 26 1 0 0 0 2 0 0 0 0 2 0 0 0 0 0 0 0 2 0 0 7 2 0 16 0 0 0 0 0 0 2 0 0 4 0 0 0 0 0 0 0 20 0 11 0 2 0 18 13 61 1 18 1 0 0 0 21 18 0 0 18 32 19 11 12 16 19 10 33 0 52 31 2 10 37 0 13 21 38 0 0 0 0 0 0 0 0 0 0 0 0 0 0 0 0 0 0 0 10 0 0 0 0 0 0 0 0 0 0 0 0 0 0 0 11 1 6 36 3 1 5 0 0 0 0 0 0 0 0 0 0 0 0 0 0 0 0 0 0 22 0 0 0 0 0 0 0 0 0 0 
 2 0 79 71 155 56 0 0 2 78 196 74 0 0 0 0 0 0 0 0 130 244 69 85 35 42 0 85 154 49 28 109 118 173 130 51 135 45 180 70 3 0 2 8 0 0 8 0 1 0 4 0 1 2 2 0 3 1 3 0 0 3 0 0 0 0 0 4 0 3 5 2 3 2 0 0 0 0 0 0 0 0 0 0 9 31 0 0 0 0 25 8 0 0 0 0 0 13 0 0 13 11 21 2 0 10 0 36 31 10 27 2 12 28 46 5 24 1 48 22 0 2 0 0 0 0 0 0 0 0 0 0 0 0 0 0 0 0 3 0 0 6 0 0 0 0 2 0 4 0 0 0 0 0 0 0 0 0 0 0 0 0 0 0 10 17 0 0 0 2 0 0 0 0 0 0 18 4 0 0 0 0 5 12 0 0 10 7 22 1 0 8 30 22 0 1 21 0 40 41 0 0 0 0 9 0 5 0 0 0 2 0 0 0 0 14 0 0 1 0 0 0 0 0 0 0 4 0 0 0 7 0 0 0 0 0 0 0 0 0 0 0 0 0 0 1 0 0 0 0 0 0 0 0 13 0 1 78 0 1 1 0 0 0 0 0 0 1 0 0 0 0 0 0 0 14 0 0 0 0 0 0 0 0 0 18 0 0 0 0 
 0 0 0 0 0 1 0 0 0 0 86 0 0 3 0 3 0 0 0 0 127 100 79 62 124 97 85 0 293 322 365 230 177 186 249 37 107 65 40 98 2 1 0 0 0 0 1 0 0 2 1 3 0 2 0 0 4 10 3 3 0 3 1 5 0 1 2 4 0 1 0 0 4 0 0 0 2 0 5 0 0 0 0 0 14 9 0 0 0 0 0 0 0 0 0 0 0 0 0 0 15 41 7 27 13 32 21 26 55 0 11 40 29 5 13 16 9 0 39 8 0 0 0 0 0 0 0 0 0 0 0 0 0 0 0 0 0 0 0 11 0 11 0 0 19 0 18 0 0 0 0 0 0 4 0 0 0 0 0 0 0 0 0 0 0 0 9 0 0 0 0 0 0 0 0 0 0 0 0 0 16 27 8 40 14 9 15 28 50 25 24 7 0 13 41 22 19 12 47 20 0 0 0 0 0 0 0 0 0 0 0 0 0 0 0 0 0 0 0 0 0 0 0 0 0 0 0 0 0 0 0 0 0 0 0 0 0 0 0 0 0 0 42 0 0 0 0 0 0 0 0 0 0 0 15 0 1 153 44 2 0 1 0 0 0 0 0 0 0 0 0 0 0 0 0 0 0 0 0 0 0 0 0 0 0 0 0 0 0 0 
 0 0 0 0 0 2 0 0 0 0 0 0 3 0 0 0 0 0 0 1 153 46 161 97 159 206 154 293 0 102 499 169 392 93 128 123 199 186 113 62 0 1 0 2 0 0 1 3 0 0 1 0 63 1 0 0 0 0 129 65 0 3 0 0 0 1 0 0 0 1 0 0 3 0 0 0 0 0 33 0 0 0 0 0 0 1 0 0 0 0 0 0 0 0 0 0 0 0 0 0 0 12 29 33 35 27 0 11 21 9 69 29 0 0 0 0 1 15 0 0 19 0 0 0 0 0 35 21 12 0 0 0 13 0 0 0 5 0 0 88 0 0 0 0 0 0 0 0 0 0 0 0 0 0 1 0 0 0 0 0 0 0 0 0 0 0 0 0 0 11 0 0 0 0 2 1 0 1 0 0 3 33 9 32 19 24 11 28 51 23 15 41 7 0 17 9 32 18 0 0 1 0 0 0 0 0 0 0 1 0 0 0 4 0 5 0 0 0 0 7 0 0 1 0 0 0 0 0 0 0 25 0 0 0 0 0 0 0 0 0 0 0 0 0 0 1 0 0 0 0 0 0 0 0 10 2 1 76 2 0 2 13 0 0 0 0 0 0 0 0 0 0 0 0 0 0 0 0 0 52 0 7 0 0 0 0 0 0 0 2 
 0 0 0 75 0 1 2 0 0 0 0 0 2 3 3 0 0 2 2 0 36 50 148 105 380 99 49 322 102 0 380 180 255 171 434 203 248 234 273 216 2 0 0 4 3 0 64 4 0 0 1 0 0 0 0 0 0 0 66 61 0 3 2 0 0 15 0 1 0 0 0 0 5 4 4 0 0 0 0 0 0 0 0 0 0 12 0 0 0 0 0 0 6 6 0 2 1 0 0 1 15 64 46 0 13 13 0 15 0 4 9 34 19 0 49 0 2 16 0 0 9 0 13 0 0 0 2 19 0 0 0 0 0 0 0 0 0 27 0 0 0 0 0 0 0 0 0 0 0 0 3 3 0 0 0 0 0 0 0 0 1 0 0 0 1 14 0 0 0 0 0 0 0 0 0 0 0 0 0 0 17 19 37 0 25 7 7 16 0 26 14 0 0 10 16 10 0 22 0 0 10 0 12 0 1 0 7 0 0 0 0 0 0 0 0 1 13 0 0 2 0 4 0 0 0 0 0 0 0 0 0 0 0 0 0 2 0 0 0 0 0 0 0 0 0 0 0 0 0 2 0 0 0 0 5 0 7 156 3 2 0 0 0 0 0 0 4 0 0 0 0 0 0 0 0 0 0 0 0 0 0 13 0 0 0 0 0 0 0 0 
 0 0 0 1 0 2 0 1 0 0 0 0 0 1 0 0 0 0 2 0 61 125 413 136 281 140 28 365 499 380 0 159 35 84 214 190 87 268 35 273 0 2 0 2 0 0 29 20 0 0 0 0 62 0 0 0 0 0 152 54 0 3 0 0 0 1 0 0 0 0 0 0 3 0 0 0 0 0 2 0 0 0 1 2 0 0 0 0 0 0 0 0 0 0 7 0 0 0 0 0 0 0 9 13 1 25 0 1 13 0 25 15 0 0 2 20 32 24 0 0 10 61 0 0 0 0 0 24 9 0 0 0 26 27 0 0 10 24 0 34 0 0 0 0 0 0 0 0 0 0 0 1 0 0 0 0 0 0 0 0 0 0 0 10 0 0 0 0 0 0 0 0 0 0 0 0 0 0 2 0 0 16 0 21 14 14 1 0 12 9 9 36 0 0 15 68 32 10 0 0 9 0 0 0 0 0 13 0 11 0 0 2 29 2 8 0 14 0 0 36 0 0 0 0 0 0 0 0 1 0 0 0 0 0 0 0 0 0 0 2 0 0 0 0 0 0 0 0 0 0 0 0 0 0 7 3 0 1 4 0 0 0 0 0 0 0 0 0 0 0 0 0 0 0 0 0 0 0 0 15 0 11 0 0 0 0 1 0 0 0 
 0 0 0 0 3 3 2 0 0 0 0 0 0 2 0 1 0 4 4 0 123 77 98 134 246 137 109 230 169 180 159 0 86 58 48 26 150 189 35 328 0 2 0 1 1 0 23 0 0 0 0 0 0 0 0 0 0 0 119 54 0 3 0 0 0 1 0 0 0 0 0 0 3 0 0 0 0 0 4 0 0 0 0 0 2 0 0 0 0 0 0 0 0 0 0 0 0 0 0 19 0 9 0 7 0 9 0 2 71 14 29 23 0 0 0 9 34 11 0 0 8 5 26 6 0 0 0 0 0 0 0 2 36 12 11 0 0 12 34 15 2 0 0 0 0 0 0 0 0 0 8 3 0 0 0 0 0 0 0 0 0 2 0 0 0 0 0 0 0 0 0 0 0 0 0 0 0 0 32 0 12 30 0 18 0 8 0 7 20 15 1 32 0 0 19 44 35 10 0 0 1 0 23 0 0 0 29 0 0 0 0 0 30 0 1 29 41 0 22 12 0 0 0 0 0 0 0 0 0 0 0 0 0 0 0 0 0 0 0 0 0 0 0 0 0 0 0 0 0 0 0 0 0 0 11 0 0 47 6 0 1 0 0 0 0 0 0 0 0 0 0 0 0 0 0 0 0 0 0 0 0 32 0 0 0 19 0 0 0 0 
 0 0 0 0 0 1 0 0 1 2 0 24 2 3 0 2 0 0 0 0 134 88 175 66 69 31 118 177 392 255 35 86 0 73 130 220 179 36 280 181 0 2 0 0 0 0 0 6 0 0 2 63 0 0 0 0 0 0 0 0 0 3 0 0 0 0 0 0 0 0 0 0 3 0 0 0 0 0 0 0 0 0 0 0 0 29 0 0 0 0 0 0 0 0 0 0 0 0 0 0 18 34 20 28 0 0 2 13 1 53 24 9 0 0 18 0 1 19 2 0 0 0 0 0 0 0 0 0 0 0 0 0 0 0 0 0 0 0 0 0 0 0 0 0 0 0 0 0 0 0 0 0 0 1 0 1 0 0 1 2 0 0 0 0 0 0 2 0 0 0 0 21 0 0 0 0 0 0 0 0 31 44 16 1 21 1 16 9 13 21 40 8 61 0 29 33 11 25 2 8 0 0 0 0 0 0 0 0 0 0 0 0 0 0 0 0 25 0 0 0 0 8 0 0 0 17 0 0 0 0 0 21 19 0 0 0 0 0 0 0 0 0 0 0 0 0 0 0 0 0 0 0 0 0 3 0 1 1 1 2 1 18 0 0 0 0 10 0 0 0 0 0 0 0 0 0 0 0 0 0 0 0 0 0 0 0 0 0 0 0 
 2 2 2 2 112 5 2 5 3 2 150 98 3 5 2 2 2 2 5 2 182 149 58 84 90 45 173 186 93 171 84 58 73 0 257 532 46 279 186 308 0 0 0 0 0 0 1 3 0 0 1 3 0 10 0 0 52 5 0 64 0 3 9 3 5 0 1 13 1 1 0 0 3 0 5 5 0 6 1 0 2 0 0 0 12 10 0 0 0 0 14 17 0 0 0 0 0 0 0 0 22 20 11 20 15 15 31 34 18 0 0 2 43 1 13 13 6 19 55 29 0 0 0 0 0 0 0 0 0 0 0 2 0 0 0 0 0 0 0 0 1 8 8 0 0 0 5 0 0 1 0 0 0 15 0 0 0 0 0 0 0 0 0 0 0 7 0 0 0 0 0 18 0 0 0 0 0 5 0 0 0 12 20 30 0 8 29 19 18 6 20 0 13 37 35 39 0 8 34 47 0 0 0 0 0 0 0 0 0 0 14 0 0 0 0 0 0 0 0 0 1 0 0 0 0 0 0 0 0 0 0 0 0 0 0 0 0 0 0 0 0 0 0 0 0 0 0 0 0 0 0 0 0 0 17 1 0 4 1 2 11 1 0 0 0 0 0 0 0 0 0 0 0 0 0 0 1 0 0 0 0 0 0 10 0 0 0 0 0 0 
 0 0 0 0 229 75 1 2 0 32 0 22 2 0 2 0 0 0 0 4 221 151 70 101 377 57 130 249 128 434 214 48 130 257 0 232 258 339 234 227 0 23 0 0 0 0 1 6 0 0 2 0 2 5 0 0 0 0 62 62 0 3 0 0 0 0 0 10 0 1 0 0 3 0 5 0 0 0 0 0 0 0 0 0 15 21 0 0 0 0 25 0 0 0 0 0 0 12 0 0 50 14 19 0 9 13 19 18 0 0 16 0 10 19 23 21 0 14 9 0 0 0 0 0 0 0 0 2 0 0 0 0 0 0 0 0 0 0 0 0 0 0 0 0 0 0 0 0 0 0 2 10 0 0 0 0 0 0 0 0 0 0 0 0 0 10 1 0 0 0 1 1 0 0 0 0 0 0 0 0 23 18 41 0 13 9 30 25 10 1 53 11 0 30 28 10 17 16 0 25 0 0 0 0 0 24 0 0 0 0 0 0 0 11 0 0 0 0 0 8 0 0 0 0 0 0 0 0 0 0 0 0 2 0 0 0 0 0 0 0 0 0 1 0 0 1 0 0 0 0 0 0 0 0 86 0 5 73 2 1 0 0 0 0 0 0 0 0 0 0 0 0 0 0 0 1 0 0 0 0 0 0 0 0 0 0 0 0 0 0 
 3 80 3 3 6 5 3 3 3 3 3 79 3 3 3 5 3 3 3 3 98 111 142 42 293 71 51 37 123 203 190 26 220 532 232 0 344 157 63 153 64 0 0 0 0 0 1 6 0 0 1 0 0 3 0 0 0 37 71 74 0 3 0 0 0 0 0 0 0 1 0 0 3 0 0 0 0 3 1 0 0 0 0 0 0 0 0 14 0 0 0 0 0 0 0 0 0 0 2 0 0 25 34 23 3 21 0 2 0 18 0 11 0 1 7 0 23 22 0 0 14 11 0 0 0 0 0 0 0 0 0 0 0 35 0 0 0 0 0 7 0 0 0 0 0 0 0 0 0 0 0 4 0 13 0 0 0 0 0 0 0 0 1 0 0 0 0 0 4 0 0 7 0 0 0 0 0 0 0 0 0 14 7 17 34 13 0 10 8 0 14 14 0 8 0 0 11 7 0 8 0 23 0 0 0 0 15 0 2 0 0 0 12 0 0 0 0 0 0 40 0 0 0 1 0 0 0 1 0 7 0 0 19 0 0 0 0 0 0 0 0 0 2 0 0 0 0 0 0 0 0 0 0 0 9 0 2 2 1 0 2 0 0 0 0 0 12 0 0 0 0 0 0 0 0 0 0 0 0 0 0 1 0 1 0 0 0 0 0 0 
 2 2 2 2 3 68 2 2 2 2 2 2 2 4 2 2 2 2 2 2 35 122 211 128 57 80 135 107 199 248 87 150 179 46 258 344 0 172 406 246 18 2 0 64 0 0 1 8 0 0 2 0 0 0 0 0 0 0 1 1 0 3 0 0 0 0 0 0 0 0 0 0 3 0 0 0 1 0 5 0 0 1 0 0 0 31 0 0 0 0 9 0 0 0 0 0 12 0 0 0 17 12 2 3 0 26 0 0 8 17 36 8 0 0 23 0 0 15 18 10 12 16 13 0 0 0 8 28 0 0 0 0 0 15 0 0 11 0 9 0 0 4 0 0 0 0 2 13 0 0 0 0 0 1 0 0 0 0 0 0 0 0 0 0 0 0 0 0 5 0 0 0 0 0 0 0 0 0 0 0 0 39 22 31 25 12 1 14 46 13 18 9 19 1 5 8 12 9 14 31 0 0 2 0 0 0 20 0 0 0 0 0 13 0 0 0 0 0 10 0 0 0 0 14 0 0 0 0 0 3 0 0 0 0 0 0 1 0 0 0 0 0 23 0 0 0 0 0 1 0 0 0 0 0 12 0 2 3 73 0 4 0 0 0 0 0 0 0 0 0 0 0 0 0 0 0 0 0 0 0 0 0 0 0 0 0 0 0 0 12 
 0 0 0 0 0 2 0 0 1 2 0 0 1 2 0 3 0 1 0 0 27 136 209 584 84 54 45 65 186 234 268 189 36 279 339 157 172 0 270 41 21 2 0 1 1 0 62 64 0 0 0 0 22 32 2 0 0 1 121 34 50 3 0 0 0 3 0 0 0 0 0 0 3 0 0 0 0 0 0 0 0 1 0 0 0 2 0 0 0 0 0 0 0 0 0 0 0 0 0 0 0 1 1 0 29 37 0 0 0 0 0 15 2 0 0 10 21 16 0 28 19 18 23 0 0 0 25 36 8 0 0 0 14 20 0 0 10 0 3 9 0 0 0 0 0 0 0 0 0 0 0 11 0 0 0 0 0 0 0 0 0 0 2 0 0 0 0 0 5 0 0 0 0 0 0 0 0 0 0 0 2 2 0 34 47 1 1 0 1 10 6 18 0 0 5 0 5 42 0 0 20 0 2 0 0 0 30 0 17 0 0 0 15 13 21 0 17 0 2 34 0 0 0 0 0 0 0 0 0 0 0 0 0 0 0 0 1 0 0 0 0 0 0 0 0 0 0 0 0 0 0 0 0 0 11 0 3 2 72 3 3 1 0 0 0 0 0 0 0 0 0 0 0 0 0 0 0 0 0 20 0 11 0 0 0 0 6 0 0 0 
 3 3 3 3 75 25 3 3 3 3 171 153 6 3 3 3 3 3 6 3 104 43 342 51 51 332 180 40 113 273 35 35 280 186 234 63 406 270 0 98 0 0 0 0 0 0 24 4 0 0 1 0 0 0 0 0 0 0 0 2 0 3 0 0 0 0 0 3 0 9 0 0 4 0 0 0 0 49 0 0 0 0 0 0 15 12 0 0 0 0 12 0 0 0 0 0 0 8 0 0 12 26 11 33 0 1 0 24 0 5 34 0 0 15 17 0 0 8 11 1 0 0 0 0 0 0 0 0 0 0 0 0 0 0 0 0 0 2 0 0 0 0 0 0 0 0 0 0 0 0 0 0 0 0 0 0 0 0 0 0 0 0 0 0 0 9 0 0 0 0 1 8 0 0 0 0 0 0 0 0 17 67 10 3 0 0 26 17 19 0 12 7 17 18 8 0 9 11 13 28 0 0 0 0 0 0 0 0 0 0 0 0 0 0 0 0 0 0 0 0 0 0 0 0 0 0 1 0 0 0 0 0 0 0 0 0 0 1 0 0 0 0 0 0 0 0 0 0 0 0 0 0 0 0 6 0 2 0 0 2 2 20 0 0 0 0 0 0 0 0 0 0 0 0 0 24 0 0 0 0 0 0 0 0 0 0 0 0 0 0 
 1 73 0 0 36 150 1 1 0 0 0 0 2 5 0 11 0 0 2 1 43 125 248 49 275 357 70 98 62 216 273 328 181 308 227 153 246 41 98 0 0 2 0 0 0 0 1 0 0 0 2 0 61 0 0 0 0 0 0 0 0 3 0 0 0 0 0 8 0 1 33 0 9 4 6 0 0 3 1 0 0 0 0 0 13 0 0 0 0 12 0 0 0 0 0 0 0 0 0 0 17 36 1 29 0 0 18 21 6 27 12 3 0 30 12 11 27 0 12 13 0 0 0 0 0 0 0 0 0 0 0 0 0 0 0 0 0 0 0 0 0 0 0 0 0 0 0 0 0 2 0 0 0 0 0 2 0 0 0 0 0 2 0 0 0 0 0 0 0 0 10 0 0 0 0 0 0 0 0 0 11 9 1 7 13 0 23 0 0 34 0 0 0 49 1 16 0 22 12 0 0 0 0 0 0 0 0 0 0 0 0 0 0 0 16 0 0 0 0 0 2 0 0 0 0 0 0 0 0 0 0 0 0 0 0 0 0 0 0 0 0 0 12 0 0 0 0 0 0 0 12 0 0 0 3 2 0 1 30 0 2 0 0 0 0 0 10 0 0 0 0 0 0 0 0 0 15 0 0 0 0 0 0 0 0 0 0 0 0 0 
 0 0 6 0 0 0 0 0 0 4 0 0 0 4 4 1 0 5 0 0 0 2 65 62 0 64 3 2 0 2 0 0 0 0 0 64 18 21 0 0 0 121 196 443 27 33 193 181 97 174 51 44 307 113 82 38 146 42 239 191 3 0 2 3 0 0 0 0 0 3 0 0 0 0 0 4 4 51 0 0 0 40 0 4 9 0 0 10 0 0 0 11 0 0 0 0 0 0 0 0 0 0 0 0 9 0 0 0 0 0 0 0 5 0 0 0 0 0 8 51 0 11 13 11 14 0 7 13 14 29 16 11 26 11 30 31 0 0 0 13 0 0 0 0 0 0 0 0 0 0 0 0 0 0 0 0 0 0 11 0 0 0 9 0 0 2 0 0 29 0 0 9 0 0 0 0 5 0 0 0 0 0 0 15 8 0 0 0 0 0 0 0 7 0 0 0 0 0 6 0 0 1 10 28 28 1 30 39 0 0 8 0 13 0 35 0 0 0 17 0 13 0 0 0 0 0 0 1 0 0 0 0 0 0 0 0 0 0 10 1 0 0 0 0 0 0 0 0 0 0 0 2 0 2 0 0 0 0 89 2 0 0 0 0 1 3 2 0 0 0 0 0 0 0 0 0 0 0 0 0 0 0 0 0 33 0 0 0 1 0 
 0 0 1 1 4 0 2 3 0 40 2 2 0 0 0 2 2 1 0 0 2 2 4 1 2 67 0 1 1 0 2 2 2 0 23 0 2 2 0 2 121 0 149 51 31 110 80 69 53 20 145 16 266 187 348 64 44 106 66 116 0 0 1 2 0 0 0 2 0 0 0 18 54 0 0 0 0 0 0 0 0 0 0 0 0 0 0 0 0 0 0 0 0 0 0 0 0 0 0 0 0 0 0 0 10 0 14 0 0 0 0 0 0 12 0 9 0 0 7 0 0 18 22 10 0 26 10 0 0 14 40 1 7 19 0 0 1 0 10 29 0 23 0 0 0 0 0 0 0 0 0 0 0 0 13 11 0 0 0 9 0 0 0 0 0 46 1 10 0 0 0 0 0 0 0 0 0 5 0 7 0 0 0 0 0 2 0 0 0 0 0 0 0 0 0 0 0 0 0 0 1 0 0 50 13 42 0 0 19 46 0 0 32 0 12 36 0 18 0 4 0 0 0 0 0 0 0 0 0 0 0 0 27 0 0 0 0 0 0 0 0 0 0 0 0 0 0 0 0 2 0 0 0 0 64 0 0 2 0 15 0 0 2 1 0 4 0 0 0 0 0 0 0 0 0 0 0 0 0 0 0 0 0 0 0 16 0 3 0 0 
 0 0 0 0 0 0 0 0 0 0 0 0 2 0 0 0 0 0 0 0 0 0 0 1 0 62 2 0 0 0 0 0 0 0 0 0 0 0 0 0 196 149 0 142 89 247 74 95 97 298 113 39 370 130 189 176 142 289 43 18 0 0 3 0 1 3 0 0 0 0 0 0 5 0 0 0 0 3 0 0 0 0 0 0 0 0 0 0 0 0 0 0 0 0 0 0 0 0 0 0 0 0 0 0 9 0 0 0 0 0 0 0 0 0 0 0 15 0 0 0 1 1 1 0 20 0 0 10 21 23 17 10 7 0 26 16 1 7 20 12 0 0 0 0 0 3 0 0 0 0 0 0 0 0 0 0 0 0 6 0 0 6 0 0 0 0 0 0 0 0 0 0 0 1 0 0 0 0 0 0 0 0 0 0 0 0 0 0 0 0 0 0 0 0 0 0 0 0 0 0 1 8 38 22 2 15 0 24 15 40 9 5 11 29 21 0 1 24 16 0 0 0 0 0 0 0 0 0 0 0 0 0 0 0 0 0 0 0 9 0 0 0 10 0 0 0 0 0 0 0 0 6 0 0 0 0 0 0 0 1 0 0 4 4 0 12 0 0 0 0 0 0 0 0 0 0 0 0 0 0 0 0 0 0 1 17 0 0 0 0 
 61 0 0 5 0 0 0 55 0 11 6 0 0 0 0 0 0 0 60 53 204 1 2 2 2 1 8 0 2 4 2 1 0 0 0 0 64 1 0 0 443 51 142 0 309 131 136 81 120 215 97 136 197 78 233 75 293 84 77 68 1 2 2 2 2 0 0 9 0 4 0 3 56 2 0 0 2 0 0 1 0 0 0 0 0 0 0 6 0 0 0 0 0 0 0 10 8 0 0 9 0 0 0 0 0 0 0 0 0 0 0 0 0 0 0 0 0 0 0 1 0 0 0 20 10 7 10 16 11 15 12 0 0 0 17 10 3 21 0 0 2 0 0 0 0 0 0 0 0 0 0 0 0 0 11 13 0 0 0 9 0 0 0 1 10 20 0 36 0 0 0 0 0 9 9 0 10 0 7 9 0 0 35 0 0 0 0 12 0 0 0 0 0 0 0 0 6 0 0 0 0 22 8 30 11 0 0 19 0 8 15 0 0 0 24 11 0 0 19 0 10 0 0 0 0 0 0 0 0 0 0 0 15 0 0 0 0 0 9 10 0 0 0 0 0 0 0 0 0 0 0 10 0 2 0 0 0 1 0 23 0 0 2 1 1 0 0 0 2 0 0 0 0 0 0 0 0 0 0 0 0 0 0 0 0 0 0 0 0 0 
 0 0 0 0 0 0 0 0 0 0 0 0 0 2 0 0 0 0 0 0 0 0 0 16 0 1 0 0 0 3 0 1 0 0 0 0 0 1 0 0 27 31 89 309 0 143 50 132 63 133 100 61 85 76 83 354 143 45 74 320 211 0 0 0 0 0 0 0 0 0 0 0 0 3 24 0 53 0 23 50 0 0 0 0 0 0 0 0 0 0 0 0 0 0 0 0 0 0 0 0 0 0 0 0 0 0 0 0 0 0 0 4 0 0 15 0 0 0 0 0 7 10 0 18 22 7 0 0 15 14 0 10 6 30 7 50 11 10 0 1 12 1 4 0 0 0 0 11 8 0 0 0 11 0 16 6 3 13 0 21 0 3 12 0 0 0 1 0 0 0 0 0 0 0 0 0 0 0 0 0 0 0 0 0 0 0 0 0 0 0 0 0 0 0 0 0 0 0 0 0 0 6 0 0 0 0 0 33 17 18 0 10 3 21 11 5 0 6 18 6 0 9 6 8 0 9 10 7 11 7 9 0 7 0 0 0 7 1 1 5 0 0 0 0 25 0 0 0 0 0 0 4 0 0 0 0 0 0 0 0 0 2 2 2 0 12 7 1 3 0 9 0 0 0 0 0 0 0 0 0 0 2 0 0 8 0 0 0 0 0 
 0 0 0 6 0 0 0 0 0 0 0 0 3 0 0 0 0 0 0 0 1 0 0 2 0 0 0 0 0 0 0 0 0 0 0 0 0 0 0 0 33 110 247 131 143 0 36 186 181 62 103 180 42 60 91 54 187 65 63 69 1 0 0 0 0 0 56 0 0 56 2 2 0 107 1 0 3 89 0 0 0 0 0 0 0 0 0 0 0 0 0 0 0 0 0 0 0 0 0 0 0 0 0 0 0 0 0 0 0 0 0 0 0 0 0 0 0 0 0 0 0 22 11 49 0 0 0 16 0 0 0 0 0 0 0 14 38 0 0 0 15 33 31 0 0 0 20 0 0 0 0 0 0 0 18 16 1 0 0 17 0 0 0 0 0 0 2 7 0 0 0 0 0 0 0 0 0 0 0 9 0 0 0 0 0 0 0 0 0 0 0 0 0 0 0 0 0 0 0 0 0 2 0 16 0 0 0 0 18 41 5 33 0 0 24 19 0 17 0 0 0 1 6 0 0 0 18 7 0 0 0 0 32 23 0 0 0 21 16 5 0 0 0 0 0 0 0 0 0 0 0 22 0 0 0 0 0 0 0 22 0 0 13 69 7 1 0 2 0 0 3 0 0 0 0 0 0 4 0 0 0 0 0 0 7 0 0 0 0 0 
 0 0 0 7 0 0 0 0 0 0 33 0 0 15 0 0 0 0 0 0 0 0 0 93 32 127 8 1 1 64 29 23 0 1 1 1 1 62 24 1 193 80 74 136 50 36 0 360 46 31 36 27 282 101 47 49 45 34 142 99 68 0 0 0 0 0 0 0 0 0 0 0 53 0 0 0 0 0 0 1 0 0 0 0 0 1 0 0 8 0 5 0 26 0 0 0 0 0 0 0 1 0 0 0 0 0 0 0 0 0 1 0 0 0 2 0 0 25 0 0 0 0 31 0 20 10 24 48 7 20 9 0 15 0 33 36 3 46 29 44 1 0 0 0 0 0 0 5 0 0 20 4 0 0 0 0 0 0 0 0 6 0 0 8 27 0 0 12 4 0 0 0 0 12 0 0 0 0 5 0 0 0 0 0 0 5 0 1 0 0 0 10 0 0 1 0 8 5 0 5 7 10 10 15 13 0 6 0 3 0 1 0 11 0 21 17 13 23 23 0 15 0 0 0 0 0 0 0 0 0 0 0 0 0 0 0 0 0 0 18 0 0 0 0 0 0 0 0 0 0 0 6 0 2 0 0 0 63 66 0 0 0 0 0 0 0 2 0 0 0 0 0 0 46 0 0 0 0 0 18 0 19 0 0 0 0 0 0 0 0 
 0 0 0 0 0 0 0 0 0 0 0 0 6 15 0 3 0 0 3 0 0 0 0 84 0 131 0 0 3 4 20 0 6 3 6 6 8 64 4 0 181 69 95 81 132 186 360 0 280 40 47 23 196 344 64 268 470 47 137 35 0 0 0 0 0 0 0 0 0 0 0 0 0 0 0 0 0 0 0 204 0 0 0 0 0 2 0 0 0 0 6 0 0 0 0 0 21 0 1 0 2 0 0 5 0 0 0 0 0 0 7 0 0 0 5 0 0 16 0 10 0 20 9 0 15 7 8 26 7 19 0 10 12 0 19 26 27 10 6 30 11 0 20 0 0 0 0 0 0 0 0 0 0 0 7 0 4 0 0 0 4 0 0 7 0 0 1 0 4 0 0 0 0 0 0 0 0 0 0 0 0 3 4 1 1 0 1 9 0 6 4 27 0 0 8 7 0 16 0 7 8 6 0 19 0 0 0 0 9 4 0 10 1 0 34 0 0 28 20 0 10 12 0 0 0 0 10 0 0 1 0 0 8 0 0 0 0 7 0 11 0 0 0 0 0 0 0 0 0 31 0 3 0 1 0 0 0 0 63 0 0 0 0 0 0 1 2 0 0 0 11 0 0 0 0 0 0 0 0 12 0 0 0 0 8 0 0 0 2 0 
 63 0 1 3 63 1 3 3 27 5 1 77 0 0 2 0 0 0 0 0 0 0 2 0 0 0 1 0 0 0 0 0 0 0 0 0 0 0 0 0 97 53 97 120 63 181 46 280 0 207 26 33 99 101 244 109 114 50 107 310 206 41 0 0 0 0 18 0 0 0 0 0 8 0 1 0 0 0 0 0 0 1 0 19 0 0 0 4 0 0 1 0 0 1 1 0 1 1 0 0 1 0 0 0 0 0 0 0 0 0 0 0 2 0 0 0 0 0 0 4 0 0 0 1 0 1 0 2 13 0 0 0 0 0 2 0 29 0 14 0 15 0 0 0 0 4 8 5 0 0 0 0 1 12 0 0 0 0 0 9 1 1 0 8 1 3 0 5 20 19 0 13 0 2 12 3 28 0 0 4 0 0 0 21 0 0 0 15 0 0 0 0 0 19 0 0 0 1 3 0 0 0 0 0 6 0 0 0 11 16 17 8 16 25 15 20 0 20 14 0 0 0 0 0 0 0 4 0 0 0 0 0 1 17 0 0 0 0 1 0 0 0 10 0 0 0 62 0 0 0 0 5 0 2 0 0 0 0 0 23 0 0 1 5 65 2 2 0 0 0 0 0 0 0 0 0 0 1 0 0 0 0 0 0 0 13 0 0 0 0 
 0 5 0 0 0 0 0 3 0 0 0 0 0 0 0 0 0 0 3 0 0 2 3 0 0 1 0 2 0 0 0 0 0 0 0 0 0 0 0 0 174 20 298 215 133 62 31 40 207 0 229 127 191 82 188 433 148 64 100 142 6 0 0 0 0 0 1 0 0 0 0 0 4 0 0 0 0 0 0 0 0 0 0 0 0 0 0 0 0 0 0 0 0 0 0 12 0 0 0 0 0 0 0 0 1 0 0 0 0 2 0 0 0 0 0 0 0 0 0 0 0 0 0 18 6 8 4 22 30 11 11 10 16 0 19 0 40 0 0 1 17 0 0 0 0 0 0 0 0 0 10 0 0 7 0 0 0 0 12 0 0 5 0 0 0 0 0 0 0 0 0 0 0 0 0 0 0 0 0 0 5 0 0 0 0 0 0 0 0 0 0 0 0 10 0 0 0 1 0 0 0 0 9 1 0 0 0 20 0 14 12 7 9 20 7 15 0 20 12 0 0 0 0 0 0 0 1 0 0 0 0 0 0 0 0 0 0 0 7 0 0 0 18 0 0 0 0 0 0 0 0 9 0 0 0 0 0 0 0 11 0 0 0 62 65 0 0 0 3 0 0 0 0 0 0 0 0 0 0 0 0 0 0 0 6 31 0 0 0 0 
 1 19 2 2 2 1 2 5 0 2 2 2 4 1 1 7 2 0 2 0 2 1 5 0 0 2 4 1 1 1 0 0 2 1 2 1 2 0 1 2 51 145 113 97 100 103 36 47 26 229 0 117 31 60 374 158 104 195 38 70 0 18 9 4 0 0 37 24 2 11 9 2 0 230 0 0 0 5 0 51 0 0 0 0 0 0 0 0 0 0 0 0 0 0 0 0 0 0 0 0 0 0 0 0 1 0 0 0 0 0 0 0 0 0 0 7 0 0 0 0 0 0 12 14 32 11 16 0 15 14 0 0 0 3 1 30 2 20 0 0 0 0 0 2 8 8 0 0 0 2 0 0 0 0 0 0 0 2 0 1 0 7 0 0 0 0 1 0 0 0 0 0 0 0 0 0 0 0 0 0 0 0 0 0 0 8 0 0 0 0 0 0 0 0 0 0 0 0 0 0 0 10 10 27 10 9 0 16 0 11 0 0 1 29 0 4 0 1 0 12 0 0 0 7 0 0 0 0 0 0 0 0 0 7 4 7 4 0 0 0 0 0 0 0 0 0 0 0 0 2 0 0 0 0 0 0 0 2 0 7 0 0 107 1 0 22 2 0 1 0 0 0 0 0 0 15 0 0 0 0 0 0 0 0 1 0 0 23 1 0 
 3 3 2 2 3 2 3 5 3 2 3 3 2 2 2 3 2 2 3 3 0 3 2 0 0 0 0 3 0 0 0 0 63 3 0 0 0 0 0 0 44 16 39 136 61 180 27 23 33 127 117 0 230 48 34 465 310 82 53 311 0 0 3 0 0 56 52 0 0 0 0 0 106 0 5 1 0 0 0 76 0 0 0 0 0 0 0 0 0 0 0 0 0 0 0 0 0 0 0 0 0 0 0 0 0 0 0 0 0 0 0 0 0 0 0 0 0 0 0 0 0 11 0 20 0 14 0 1 1 0 0 33 0 0 0 11 12 0 0 0 4 30 2 0 0 0 10 17 11 13 0 0 29 0 0 13 3 0 41 19 0 0 0 0 0 12 1 0 0 0 0 0 0 0 0 0 14 0 0 3 0 0 0 0 0 0 0 0 0 0 0 0 0 36 0 0 0 0 0 0 0 10 0 0 14 13 0 0 6 7 14 19 0 0 1 0 0 7 0 0 0 25 48 9 0 0 10 0 10 0 0 0 40 10 0 9 8 14 81 0 6 0 0 0 0 0 0 0 0 0 0 11 0 0 0 0 0 0 0 11 0 0 12 2 0 2 1 66 0 0 10 0 0 0 0 0 0 0 0 0 0 0 0 0 9 0 0 0 0 0 
 0 0 0 0 37 0 0 0 0 0 0 0 0 3 0 1 0 0 3 0 0 0 65 62 0 86 1 0 63 0 62 0 0 0 2 0 0 22 0 61 307 266 370 197 85 42 282 196 99 191 31 230 0 358 302 177 93 55 345 56 6 0 0 0 0 0 0 0 0 0 0 0 0 0 0 0 0 0 8 0 0 0 0 0 0 0 0 0 0 0 0 0 0 0 0 0 0 0 0 0 7 0 0 0 23 0 0 0 0 0 0 0 0 0 0 0 0 12 0 0 0 0 0 9 21 11 27 21 51 24 14 0 8 0 14 24 19 24 1 14 0 0 0 0 0 0 0 0 0 0 0 1 0 0 0 0 0 0 0 1 0 5 0 0 0 0 0 0 0 0 0 0 0 0 0 1 12 0 8 0 0 0 0 7 0 0 0 0 1 9 0 9 0 0 0 0 0 18 0 0 8 8 6 20 19 0 0 48 0 3 14 0 1 19 25 20 0 0 21 0 0 0 0 0 4 0 0 0 0 0 0 0 0 7 0 0 0 0 8 0 0 0 0 0 0 0 0 0 0 0 0 7 0 2 1 0 0 0 1 2 0 0 0 4 0 8 1 0 0 0 0 0 0 0 0 2 0 0 0 19 0 0 0 0 0 0 0 0 0 0 
 0 0 0 0 0 0 3 0 0 1 0 108 3 12 4 2 0 0 2 0 5 2 0 130 22 103 2 2 1 0 0 0 0 10 5 3 0 32 0 0 113 187 130 78 76 60 101 344 101 82 60 48 358 0 224 130 243 114 198 113 0 45 0 0 0 7 0 0 0 0 0 0 0 0 0 0 0 0 0 0 0 0 0 0 0 0 0 0 0 0 0 0 0 0 0 0 0 0 0 0 0 6 20 28 34 17 0 7 0 0 0 0 0 0 0 8 18 0 0 0 23 8 51 15 0 11 27 41 11 11 18 0 37 0 26 3 0 0 28 29 0 0 0 0 0 0 0 0 0 0 0 0 0 0 0 0 0 0 0 0 3 0 0 4 0 0 0 0 1 0 0 0 0 0 0 0 0 0 0 0 0 0 0 6 0 14 0 0 6 0 19 20 0 0 0 0 0 0 0 0 4 14 10 74 25 29 17 6 0 12 20 1 0 7 7 0 24 13 27 21 0 0 0 0 0 0 23 0 0 0 0 0 0 0 0 0 0 0 16 0 0 0 0 0 0 0 0 0 0 0 0 3 0 2 0 0 0 0 64 2 0 0 0 0 2 0 2 0 0 0 0 0 0 0 0 1 0 0 0 0 0 1 0 0 0 0 20 25 0 0 
 0 0 0 0 0 0 1 3 0 0 0 0 0 0 0 0 0 0 3 0 9 0 2 62 0 62 2 0 0 0 0 0 0 0 0 0 0 2 0 0 82 348 189 233 83 91 47 64 244 188 374 34 302 224 0 100 143 104 79 210 0 0 0 0 0 0 0 0 0 0 0 0 7 52 0 0 0 0 15 0 0 0 11 0 0 0 0 0 0 0 0 0 0 0 0 0 0 0 0 0 0 0 0 0 9 0 0 0 0 0 0 0 0 0 0 19 0 0 0 0 0 0 11 8 6 20 1 16 8 0 18 0 6 0 37 27 19 0 12 11 8 0 0 0 0 0 0 0 0 0 0 0 0 0 10 8 0 0 0 10 0 0 0 0 0 0 0 8 0 0 0 0 0 0 0 0 0 0 13 15 0 0 0 0 0 0 0 11 0 0 0 0 0 0 0 0 0 0 0 0 8 7 3 66 7 5 0 29 13 41 6 5 17 7 35 19 35 11 11 12 0 0 0 0 0 0 0 0 0 0 0 0 0 0 0 0 0 0 11 0 0 0 0 0 0 0 0 0 0 0 0 6 0 2 0 0 0 0 0 25 0 0 0 69 0 2 0 0 1 0 0 0 0 0 0 0 0 0 0 0 0 0 3 0 8 10 0 0 0 0 
 0 0 0 0 0 0 0 0 0 0 79 0 0 0 0 0 0 0 62 0 0 0 0 0 0 77 0 0 0 0 0 0 0 0 0 0 0 0 0 0 38 64 176 75 354 54 49 268 109 433 158 465 177 130 100 0 429 55 49 62 7 2 0 0 0 1 63 0 1 0 0 0 0 0 0 0 0 2 0 0 0 0 0 0 0 0 0 0 0 0 0 0 0 0 0 0 2 0 0 0 0 0 0 0 10 0 0 0 0 0 0 0 0 0 0 0 0 0 0 0 11 0 0 5 9 1 25 0 6 30 41 0 16 0 0 5 12 30 10 16 14 0 0 0 0 0 23 0 0 0 0 0 0 3 0 0 0 0 9 0 0 10 0 1 0 0 0 0 0 0 0 0 0 6 0 0 0 0 0 0 0 0 0 0 0 0 0 0 0 0 0 0 0 0 0 0 0 0 0 0 9 43 13 13 7 10 0 25 36 14 12 77 28 38 1 26 10 20 0 0 0 0 1 0 0 0 21 0 0 0 0 0 0 0 0 0 0 2 1 0 0 0 8 0 0 0 0 0 0 0 0 7 0 0 0 0 0 0 0 1 0 0 0 0 12 16 4 0 0 0 0 0 0 0 0 0 0 0 0 0 0 0 0 0 18 0 0 0 0 0 
 0 0 0 0 3 0 0 0 0 0 0 0 0 52 0 0 0 0 0 0 0 3 0 0 0 1 3 4 0 0 0 0 0 52 0 0 0 0 0 0 146 44 142 293 143 187 45 470 114 148 104 310 93 243 143 429 0 155 46 32 0 0 0 0 0 0 17 0 0 0 0 0 0 6 0 0 3 0 0 0 0 0 0 0 0 0 0 0 0 0 0 0 0 0 0 0 0 0 0 0 0 0 0 0 0 0 0 0 0 0 0 0 0 0 0 0 0 0 0 0 0 0 14 15 34 3 0 39 23 14 0 0 0 0 13 27 2 16 0 2 32 0 19 0 0 0 4 0 0 0 0 0 0 17 11 0 0 0 13 10 0 7 0 0 0 0 0 0 0 0 0 0 0 0 0 0 0 0 0 0 0 0 0 0 0 0 0 0 0 0 0 0 0 0 0 0 0 0 0 0 8 0 0 8 0 21 0 37 0 0 22 7 0 22 20 0 0 0 19 0 0 1 0 0 0 0 13 3 0 0 0 0 0 9 0 0 0 0 22 29 0 0 0 0 0 0 0 0 0 0 0 6 0 1 0 0 0 0 0 1 0 0 1 0 64 15 0 0 0 0 0 0 0 0 0 0 0 0 0 0 0 0 5 0 8 0 0 0 2 0 
 0 0 0 4 3 0 0 0 0 0 0 0 3 0 0 2 0 0 3 0 7 3 2 0 0 0 1 10 0 0 0 0 0 5 0 37 0 1 0 0 42 106 289 84 45 65 34 47 50 64 195 82 55 114 104 55 155 0 32 84 1 0 208 1 11 0 49 51 0 63 3 2 0 68 1 0 1 0 0 46 0 0 0 0 0 0 0 0 0 0 0 0 13 0 0 0 0 0 0 1 0 23 5 3 3 5 0 3 0 0 0 0 0 0 0 11 8 0 0 0 0 0 33 3 0 5 0 0 0 0 0 0 0 0 5 0 0 0 0 0 1 0 12 8 0 0 0 0 0 0 0 0 1 13 3 0 3 0 13 0 0 0 1 0 0 0 2 0 0 0 0 1 0 0 0 0 0 0 0 0 0 0 0 7 0 14 1 0 6 1 0 0 0 3 0 0 0 0 0 0 0 7 13 17 2 11 0 18 0 4 7 0 0 8 0 0 0 0 0 14 0 0 1 0 0 0 0 7 0 0 0 0 0 0 0 20 22 0 1 1 0 0 0 0 0 0 0 0 0 0 0 9 0 1 0 0 0 0 0 5 0 1 37 0 2 0 0 62 2 0 0 0 0 0 0 0 0 0 0 0 0 1 0 0 0 0 0 9 0 0 
 1 2 3 3 3 3 3 3 2 3 1 2 3 3 3 3 3 3 3 1 0 0 67 68 83 53 3 3 129 66 152 119 0 0 62 71 1 121 0 0 239 66 43 77 74 63 142 137 107 100 38 53 345 198 79 49 46 32 0 197 2 0 0 0 6 2 0 6 7 0 13 0 52 0 0 3 0 3 3 1 0 0 0 0 0 0 10 0 0 0 17 0 0 0 0 0 0 0 0 0 0 0 4 32 12 2 0 0 13 0 37 0 0 0 0 0 13 16 0 0 11 18 14 0 0 1 11 10 30 0 3 0 21 9 0 6 7 8 0 19 4 0 0 0 0 0 0 0 0 0 3 1 0 0 0 0 15 0 0 3 2 0 0 0 0 0 0 0 0 0 0 0 0 0 0 0 13 0 0 0 0 0 0 42 0 21 0 0 11 9 16 25 0 0 13 6 10 12 0 0 37 3 15 5 0 2 21 0 0 0 1 0 39 0 11 10 26 18 1 8 0 0 0 9 0 0 0 0 0 0 0 0 0 0 0 0 0 0 0 0 0 0 0 0 0 0 0 0 0 0 0 2 0 0 0 0 0 20 0 2 0 0 0 0 0 2 0 0 2 0 0 0 0 0 0 2 0 0 0 4 0 12 3 0 1 0 10 0 1 0 
 0 1 0 0 0 0 0 3 0 0 0 0 0 1 0 0 7 0 3 0 1 4 72 64 74 1 0 3 65 61 54 54 0 64 62 74 1 34 2 0 191 116 18 68 320 69 99 35 310 142 70 311 56 113 210 62 32 84 197 0 2 2 4 4 0 7 0 4 0 0 0 0 17 0 0 0 0 0 0 2 0 0 0 0 0 0 0 0 0 0 0 0 0 0 0 0 0 0 0 0 0 0 19 0 4 0 0 0 0 0 14 0 0 0 0 0 11 9 0 0 25 40 48 20 0 12 4 1 7 0 1 0 19 19 1 1 10 9 5 0 0 0 0 0 0 0 0 0 0 0 7 21 0 0 0 0 0 0 0 0 1 0 0 0 0 0 0 0 0 0 0 0 0 0 0 0 0 0 0 0 0 0 0 20 5 33 0 0 18 0 34 36 0 1 0 13 23 0 0 0 31 24 29 12 12 10 26 6 0 12 3 0 62 11 0 12 30 5 0 26 0 0 14 0 0 0 0 0 0 0 0 0 0 0 2 0 2 0 0 0 0 0 0 0 0 0 0 0 0 1 0 0 0 0 0 0 0 25 1 0 0 0 0 0 0 0 0 0 0 0 0 0 0 0 0 0 0 0 0 0 0 5 0 0 0 0 21 12 0 0 
 53 3 2 2 3 4 2 2 3 4 3 3 2 2 2 3 2 2 3 3 0 0 0 0 0 0 0 0 0 0 0 0 0 0 0 0 0 50 0 0 3 0 0 1 211 1 68 0 206 6 0 0 6 0 0 7 0 1 2 2 0 225 188 283 23 251 83 89 294 83 38 65 172 136 324 246 76 79 125 98 6 0 0 0 0 0 0 0 0 0 0 0 0 0 0 0 0 0 0 0 0 0 0 0 0 0 0 0 0 0 0 0 0 0 0 0 0 0 14 0 0 0 0 6 0 12 7 0 7 0 5 18 0 0 0 6 5 4 0 0 0 11 23 31 1 13 0 3 44 17 0 0 12 30 0 0 0 0 20 0 0 0 0 0 0 9 6 0 0 0 0 0 4 0 0 0 0 0 0 0 0 0 0 0 0 0 0 0 0 0 0 0 0 0 0 0 0 0 0 0 0 9 8 0 1 0 0 4 0 0 0 4 0 0 0 4 0 0 0 0 42 14 5 0 0 19 14 0 0 11 10 3 0 0 17 8 37 0 0 79 39 0 5 10 0 0 0 0 0 0 0 0 0 53 15 0 0 0 0 0 0 0 0 0 0 0 21 0 0 0 44 1 1 3 1 0 0 0 0 0 0 0 0 0 0 0 0 0 0 0 
