 0 188 249 71 29 28 111 162 47 124 254 386 111 205 267 412 42 38 217 233 0 0 52 0 0 0 0 0 74 1 0 1 3 0 0 0 0 0 2 0 1 0 2 0 0 1 0 0 9 0 0 0 0 3 2 2 3 0 0 0 1 3 0 0 0 2 0 0 0 0 3 0 5 0 0 0 0 0 2 0 11 22 18 10 0 7 0 19 40 10 1 23 15 28 8 85 0 0 21 15 0 0 0 0 0 30 0 0 0 0 0 2 1 1 0 0 0 0 0 0 0 0 0 0 0 0 20 0 0 0 0 0 0 0 0 0 0 0 2 0 0 0 0 0 0 0 0 0 0 0 0 0 0 0 0 0 0 0 0 1 39 23 6 10 15 6 0 4 0 0 0 15 0 22 0 13 15 19 3 77 0 0 0 2 0 0 0 0 0 0 0 0 0 0 0 0 0 0 0 0 0 0 1 0 0 0 0 0 0 0 0 0 0 0 0 0 0 0 0 0 0 0 0 0 0 0 0 0 4 0 0 0 0 0 0 2 1 0 0 0 0 1 0 0 0 0 0 0 91 0 0 0 0 0 1 0 0 0 0 0 0 0 0 0 0 0 0 0 0 2 0 0 0 0 0 0 0 0 0 0 0 0 0 0 0 0 0 0 0 0 
 188 0 144 150 58 338 190 153 112 198 199 166 48 84 419 374 181 22 89 54 0 0 0 0 0 0 0 0 0 0 0 0 3 0 0 0 0 0 25 0 4 0 2 3 0 1 0 0 9 0 0 0 0 3 2 0 9 0 0 0 55 3 0 0 0 2 0 0 0 0 3 0 2 0 0 0 56 0 2 0 2 33 0 9 16 14 16 27 4 19 7 0 11 1 20 12 9 31 16 21 0 0 0 0 1 0 0 0 0 0 1 0 15 13 0 0 0 0 10 0 0 0 0 0 0 0 0 0 0 0 0 0 0 0 0 0 0 0 0 0 0 0 3 9 18 0 0 0 0 1 0 0 0 0 0 0 4 0 5 0 6 0 0 12 18 0 0 20 0 5 23 14 10 6 16 1 19 0 0 27 0 0 0 0 0 0 0 0 1 0 2 0 0 9 9 0 0 0 9 2 0 0 0 0 2 13 0 0 0 0 0 0 0 0 0 0 0 0 0 0 0 0 0 0 0 0 0 0 0 0 0 0 0 0 0 0 0 2 0 0 0 48 0 0 0 1 0 0 89 88 0 17 0 0 0 0 0 0 0 0 0 0 0 0 0 0 0 0 0 0 0 0 0 0 0 0 0 25 0 0 0 0 0 0 0 0 0 0 0 0 
 249 144 0 95 133 366 108 523 142 241 143 207 469 99 341 327 145 79 75 58 2 3 5 2 0 4 0 2 0 3 2 2 3 0 2 6 5 0 120 1 2 0 3 3 2 5 3 0 9 4 2 0 2 3 2 2 6 0 57 0 3 1 0 5 2 2 47 3 0 0 2 0 2 5 3 0 0 0 2 3 0 49 0 1 10 0 1 16 0 43 7 37 1 9 22 28 0 17 1 30 0 0 2 0 0 11 0 0 0 1 0 0 33 10 0 0 0 0 10 0 0 0 0 0 0 0 0 0 0 0 0 0 0 0 0 0 0 0 0 0 0 0 0 0 0 0 0 0 3 0 0 0 0 0 0 0 0 0 0 0 10 18 14 10 0 0 10 0 31 9 15 22 0 20 10 3 11 8 0 17 0 0 0 0 0 0 0 0 0 0 0 0 0 7 10 2 0 0 20 15 0 0 0 0 0 0 0 1 1 0 0 0 1 0 0 2 0 0 0 0 0 0 0 0 0 0 0 0 0 0 0 0 0 0 1 0 0 0 0 0 0 0 0 0 0 2 0 0 88 0 0 7 6 0 0 0 0 0 0 0 1 0 0 0 0 0 0 0 0 0 0 0 0 0 0 10 0 0 0 0 0 0 0 0 0 0 0 0 0 0 
 71 150 95 0 257 30 135 196 173 87 78 42 70 104 57 135 29 215 92 72 77 2 0 0 0 0 75 36 0 0 0 0 77 18 74 0 0 0 3 75 0 0 2 0 0 1 0 0 2 0 0 8 0 3 2 0 3 0 0 0 0 3 0 0 0 2 0 4 0 0 3 0 0 0 0 0 0 0 2 0 0 2 11 0 30 51 50 0 1 0 6 23 0 0 0 0 0 24 0 0 26 12 17 0 0 0 14 21 0 0 0 0 65 0 17 0 0 0 20 4 0 0 0 0 0 0 0 0 0 0 0 0 0 0 0 0 0 0 0 0 0 0 9 2 0 0 0 0 1 0 0 0 0 0 0 0 29 0 6 0 11 0 26 0 19 11 0 0 0 47 43 18 0 0 0 0 1 11 0 9 16 14 25 0 0 0 51 1 0 0 0 0 33 19 1 0 0 25 0 15 0 0 0 0 0 0 0 0 0 0 0 0 12 0 0 0 0 0 0 0 0 0 0 0 0 0 0 0 0 0 0 0 0 10 0 0 0 0 0 0 0 0 0 0 0 2 90 0 0 87 0 16 0 0 0 0 0 0 0 0 0 0 0 0 0 0 0 0 0 0 0 0 0 0 0 1 8 0 0 0 0 0 0 0 0 0 0 0 0 0 
 29 58 133 257 0 72 135 152 234 101 303 155 166 110 81 189 49 206 76 372 21 79 2 2 1 2 118 74 0 3 40 0 5 74 63 5 0 0 79 22 3 1 5 0 0 3 0 0 3 6 3 0 0 3 2 0 5 0 0 0 14 3 0 2 1 2 0 0 3 0 3 0 0 0 3 1 0 0 2 3 0 30 29 32 14 13 0 30 2 34 23 13 0 0 52 0 53 12 0 2 0 16 0 0 0 0 13 4 0 0 0 0 2 0 5 0 0 0 16 0 0 0 0 0 0 0 2 0 0 0 0 0 0 0 0 0 0 0 0 1 0 0 0 6 0 0 1 0 0 0 2 0 1 0 0 0 0 0 2 0 1 17 0 0 0 6 22 20 29 0 27 21 0 0 12 0 0 0 0 1 0 0 19 0 0 0 19 0 0 0 0 0 0 0 2 9 0 18 33 10 0 0 0 0 0 0 0 0 0 0 0 0 0 0 0 0 0 0 0 0 0 14 0 0 0 0 0 0 0 0 0 0 0 0 0 0 0 0 0 0 0 0 0 0 0 0 1 0 3 3 2 6 4 0 0 0 0 0 0 0 0 0 11 0 0 0 0 0 0 0 0 0 0 0 0 0 7 25 0 0 0 0 0 0 0 0 0 0 0 0 
 28 338 366 30 72 0 20 35 357 458 412 244 66 63 45 251 103 146 50 58 1 149 0 1 0 0 76 2 4 33 73 2 3 0 14 83 58 0 74 2 0 0 3 0 0 6 0 1 3 0 0 0 0 3 2 0 1 0 0 0 0 0 0 0 0 2 2 0 0 0 32 0 0 3 0 0 0 2 2 0 0 12 39 17 0 1 0 0 13 9 99 0 0 1 1 0 13 60 0 0 21 0 23 0 0 18 20 11 0 11 26 41 27 0 5 0 0 0 27 5 0 0 0 0 0 0 0 0 0 0 0 0 0 0 0 0 0 15 0 0 1 0 0 0 0 0 0 2 0 0 0 0 0 0 0 12 0 0 0 0 1 0 20 10 0 0 25 4 0 15 0 26 0 0 1 0 1 2 0 1 1 1 12 0 0 0 8 2 14 14 14 14 7 16 17 10 12 18 45 0 0 0 0 0 0 0 0 0 0 0 0 0 0 0 0 0 0 0 0 0 0 0 0 0 6 0 1 0 0 0 0 0 0 0 0 0 0 0 0 0 0 0 0 0 0 1 1 4 2 43 0 9 0 0 0 0 0 0 0 0 0 0 1 87 0 0 0 0 0 0 0 0 0 0 0 16 0 0 0 0 0 14 0 0 0 0 0 0 0 0 
 111 190 108 135 135 20 0 311 118 127 273 274 365 228 127 199 19 42 159 216 1 0 0 2 0 0 0 0 0 0 1 8 3 0 0 6 0 2 6 0 4 0 6 0 0 2 0 3 5 0 0 6 0 8 2 4 2 0 0 0 0 8 0 6 0 2 64 0 0 5 6 0 0 4 5 5 0 0 2 0 11 0 17 9 0 0 86 0 38 11 0 10 0 15 42 37 17 26 19 9 0 0 0 0 0 0 0 0 0 0 0 0 0 0 0 0 0 0 0 0 0 0 12 0 0 0 0 0 0 0 0 0 34 0 0 0 0 0 0 0 0 0 6 0 0 0 0 0 1 0 0 18 0 0 0 0 7 0 21 0 8 50 21 6 27 0 0 0 13 0 13 16 11 0 0 34 0 0 52 34 0 0 4 0 0 0 0 0 0 0 0 0 0 0 0 0 0 0 0 0 0 0 0 0 0 0 0 0 0 0 0 0 0 0 0 0 0 0 0 0 0 0 0 0 0 0 0 0 0 0 0 0 0 0 0 0 0 0 0 0 0 19 0 0 0 2 0 1 2 1 0 12 8 0 0 0 0 0 0 0 0 0 0 0 0 0 0 0 0 0 0 0 0 0 0 0 18 0 0 0 0 0 0 0 0 0 0 0 0 0 
 162 153 523 196 152 35 311 0 113 42 107 299 181 247 143 256 115 207 71 159 0 0 0 0 0 2 0 205 0 0 0 0 3 2 1 2 0 3 2 1 1 0 3 0 0 2 0 0 3 4 0 0 0 3 2 0 2 0 0 39 0 1 0 0 0 2 4 0 0 0 2 0 0 0 0 0 2 0 2 0 6 82 11 14 0 2 10 22 0 20 9 52 23 21 23 1 1 14 17 3 0 0 0 0 0 0 0 2 8 0 0 0 21 0 0 0 13 0 0 0 0 0 0 0 0 0 0 0 0 0 0 0 0 0 0 0 0 0 0 0 0 1 2 1 0 0 0 0 0 0 0 0 0 0 0 0 6 0 51 0 25 0 19 0 14 0 18 0 9 0 1 39 15 11 29 17 20 0 0 24 0 0 0 0 0 0 0 0 0 0 0 0 8 0 0 7 0 0 15 0 0 0 0 0 0 1 0 14 0 0 0 0 0 0 0 0 0 0 0 0 0 0 0 0 0 0 0 0 0 0 0 0 0 0 0 12 0 0 0 0 0 0 0 0 0 2 0 0 0 1 1 7 0 0 0 0 0 0 0 0 0 0 7 0 0 1 0 0 0 0 0 0 0 0 0 13 23 0 0 0 0 0 0 0 0 0 0 0 0 0 
 47 112 142 173 234 357 118 113 0 339 692 557 98 516 139 166 131 189 295 219 1 0 2 0 1 0 0 0 0 0 0 0 3 0 0 0 151 0 4 0 0 3 4 0 0 4 0 0 2 3 2 9 0 3 2 0 3 0 0 0 0 6 0 0 0 2 0 0 0 0 3 1 7 0 0 0 0 0 6 0 0 33 46 40 27 12 14 2 47 35 21 0 0 20 26 0 71 13 2 0 29 0 0 0 0 0 2 0 0 0 0 0 11 1 0 0 0 0 15 38 0 0 0 0 0 7 0 0 0 0 0 0 0 0 0 0 0 0 0 0 0 0 0 2 0 0 0 0 0 0 0 16 0 0 0 0 0 0 0 0 16 44 20 7 16 8 0 30 31 16 41 24 0 0 0 8 0 21 0 0 1 0 0 0 0 0 0 0 1 0 7 0 0 12 0 0 0 0 0 0 0 0 0 0 2 10 0 0 0 0 0 0 0 0 0 0 0 0 0 0 0 0 0 0 0 0 0 0 0 0 0 0 0 0 0 0 0 0 0 0 0 1 0 0 1 3 2 2 3 87 10 2 8 0 0 0 0 0 0 0 0 0 0 0 0 0 0 0 0 0 0 0 0 0 0 0 0 22 0 0 0 0 0 0 17 0 0 0 0 0 
 124 198 241 87 101 458 127 42 339 0 164 506 271 313 303 258 226 132 78 79 0 0 0 0 0 0 0 0 0 0 1 0 44 0 0 0 0 0 230 83 0 0 2 0 1 0 0 0 1 6 0 4 0 3 2 0 3 0 0 0 1 3 0 0 0 2 2 0 0 0 3 0 0 0 0 0 0 0 2 1 0 11 29 35 53 13 1 0 0 13 49 0 0 0 0 17 0 34 0 0 2 20 0 0 0 0 9 0 0 0 0 0 23 38 0 12 0 0 29 6 0 0 0 0 19 0 0 0 0 0 0 0 0 0 0 0 0 0 0 0 4 0 0 0 0 0 0 0 0 0 0 0 0 0 15 0 0 0 0 0 0 18 25 64 0 25 10 20 1 48 17 14 0 0 0 17 0 10 0 0 18 0 0 0 0 0 0 0 0 0 0 0 21 1 0 16 0 9 71 44 0 0 0 0 0 0 0 0 0 11 0 0 0 0 0 0 18 0 0 0 0 0 0 0 0 0 0 0 0 0 0 0 0 0 0 0 0 0 0 0 0 0 0 0 0 1 64 0 6 8 2 5 0 0 0 0 0 0 0 0 0 0 0 0 0 0 0 0 0 0 0 0 0 0 0 17 1 0 0 0 0 0 0 0 0 0 0 23 0 0 
 254 199 143 78 303 412 273 107 692 164 0 251 24 34 56 170 161 60 55 151 75 3 2 5 1 2 0 0 3 2 3 1 80 2 75 6 5 7 5 6 2 3 2 0 3 0 0 5 1 3 2 7 0 3 5 2 6 0 0 80 4 3 0 5 2 2 0 5 4 0 3 0 5 0 11 0 0 0 2 8 0 6 16 40 21 10 0 0 9 26 31 13 0 0 27 0 5 70 0 0 18 0 0 0 0 0 0 0 0 0 0 0 1 1 12 0 0 0 19 4 0 0 0 0 0 0 0 0 0 0 0 0 0 0 0 0 0 0 0 0 0 0 3 6 0 0 0 0 0 0 0 0 0 0 0 0 2 0 19 0 0 42 0 0 18 14 9 20 2 1 65 22 0 0 0 1 0 0 0 0 16 0 20 0 0 0 21 1 0 0 0 0 0 3 0 0 0 21 21 1 0 0 0 0 0 0 0 0 0 0 0 0 0 0 0 0 0 0 0 0 0 0 0 0 0 0 0 0 0 0 0 0 0 0 0 0 0 0 0 0 0 0 0 0 0 4 88 2 0 85 0 8 4 0 0 0 0 0 0 0 0 0 0 0 0 0 0 0 0 0 0 0 0 0 0 0 0 6 0 0 0 0 0 0 0 0 0 0 0 0 
 386 166 207 42 155 244 274 299 557 506 251 0 132 255 243 127 117 109 23 133 74 1 0 0 0 2 79 0 3 0 1 0 81 3 0 0 0 69 27 41 15 0 2 3 0 1 0 0 2 22 0 0 0 3 2 0 4 3 0 0 0 3 0 0 0 2 4 0 0 0 3 2 0 0 0 0 0 0 2 0 0 32 15 51 30 1 0 15 0 59 65 13 0 15 22 10 15 27 0 0 0 0 0 0 0 0 0 0 14 0 0 20 66 19 0 11 2 0 11 15 0 0 0 0 0 0 0 0 0 0 0 0 0 0 0 0 0 0 0 0 0 0 0 0 0 5 0 0 0 0 0 2 0 0 0 0 0 0 0 0 0 15 1 24 0 1 24 0 11 19 9 10 0 3 18 14 0 0 0 2 0 0 0 0 0 0 0 0 0 0 0 0 12 10 9 16 0 13 19 27 0 0 0 2 0 0 1 2 0 0 0 0 2 0 1 0 0 0 0 0 0 0 0 0 0 0 0 0 0 2 0 0 0 0 0 0 0 0 0 0 0 0 0 0 0 2 86 0 89 6 0 11 6 2 1 0 0 1 0 0 0 0 18 0 0 0 0 0 0 0 0 0 0 0 0 22 0 0 0 0 0 0 0 0 0 0 0 0 0 0 
 111 48 469 70 166 66 365 181 98 271 24 132 0 383 132 321 37 325 153 252 201 0 0 0 0 0 0 0 0 2 0 0 3 0 0 0 0 1 2 5 0 0 3 0 0 3 0 39 3 3 0 0 0 3 2 0 1 0 0 0 0 1 0 0 0 2 0 0 0 0 2 0 0 0 0 0 0 48 2 0 11 8 0 13 0 0 2 17 0 10 0 21 21 29 14 25 1 0 11 0 0 0 0 0 0 0 0 0 0 0 0 0 0 0 38 0 0 0 0 0 0 0 0 0 0 0 0 0 0 0 0 0 0 0 0 0 0 0 0 0 0 2 0 0 0 0 0 0 0 0 0 8 0 0 0 0 0 0 0 4 14 16 0 0 0 0 0 0 8 0 0 17 4 18 11 3 0 0 1 12 0 0 0 0 0 0 0 0 0 0 0 0 0 0 0 0 0 0 0 0 19 0 0 0 0 0 0 0 3 0 0 0 0 0 0 0 0 0 0 0 0 0 0 0 0 8 0 0 0 0 0 0 0 0 0 0 0 0 0 0 0 0 0 0 0 2 2 0 1 1 2 8 0 0 0 0 0 0 0 0 0 0 7 0 0 0 0 0 0 0 0 0 0 0 0 0 0 0 0 0 0 0 0 0 0 0 0 0 0 1 
 205 84 99 104 110 63 228 247 516 313 34 255 383 0 323 157 113 39 152 164 0 0 1 0 0 0 0 2 0 0 0 0 5 0 0 6 2 0 2 0 6 0 2 3 0 0 0 58 2 14 1 0 0 3 2 0 3 3 0 0 7 3 0 0 44 2 0 2 47 2 3 4 9 0 0 0 0 0 2 0 8 74 9 4 0 0 14 29 14 0 0 26 18 12 48 0 13 14 14 40 0 0 0 0 0 0 3 1 0 0 0 0 0 0 2 0 0 0 0 0 0 0 0 2 0 0 0 0 0 0 0 0 0 0 0 15 0 0 0 0 0 0 0 0 0 3 0 0 5 0 0 0 0 0 0 0 1 0 0 0 16 0 15 0 0 21 0 0 13 0 0 8 16 14 23 13 30 12 0 61 0 0 0 0 1 0 0 0 0 0 0 0 0 0 0 0 0 0 0 0 0 0 0 0 0 0 0 0 0 0 0 1 0 0 0 2 0 0 0 0 0 0 0 0 0 0 0 0 0 0 0 0 0 0 0 0 0 0 0 0 0 0 0 2 0 4 2 0 1 0 0 7 0 0 0 0 0 2 0 0 0 0 0 0 0 0 0 0 0 0 0 0 0 0 0 0 17 0 0 0 0 0 0 0 0 0 0 0 0 0 
 267 419 341 57 81 45 127 143 139 303 56 243 132 323 0 146 28 34 186 230 0 0 0 0 0 0 0 0 0 0 0 0 3 1 1 1 0 1 2 0 6 0 3 2 0 3 0 0 7 0 0 0 0 3 2 0 1 0 0 1 1 0 0 0 0 2 0 0 0 0 2 0 3 0 0 1 0 0 2 0 11 24 21 7 0 0 0 4 29 24 0 16 31 25 1 33 23 0 10 9 0 0 0 0 0 0 0 5 0 0 0 0 0 0 0 0 5 0 0 13 0 0 0 0 0 0 0 0 0 0 0 0 0 0 0 0 0 0 0 0 0 0 0 0 0 13 0 0 1 0 0 0 0 0 0 0 0 0 0 0 14 37 0 0 26 0 0 32 8 0 0 9 18 21 16 8 26 13 0 14 0 0 0 0 0 0 0 0 0 0 0 0 0 0 0 0 0 0 0 0 0 0 0 0 0 6 0 0 0 0 0 0 0 0 0 0 0 0 0 0 0 0 0 0 0 0 0 0 0 0 0 0 0 0 0 0 0 0 0 0 0 14 0 0 0 1 3 2 1 2 9 4 0 0 0 0 2 0 0 0 0 0 0 0 0 0 0 0 0 0 0 0 0 0 0 0 0 0 0 0 0 0 0 0 0 0 0 0 0 0 
 412 374 327 135 189 251 199 256 166 258 170 127 321 157 146 0 146 27 122 76 6 0 0 0 0 4 2 0 0 2 0 0 3 0 0 0 0 0 81 0 0 0 3 0 0 2 0 0 3 0 0 1 0 3 2 0 2 0 0 2 0 2 0 0 0 2 5 0 0 0 2 0 0 0 0 0 0 0 2 0 0 32 19 0 43 18 35 0 0 27 9 12 0 0 0 38 1 41 0 25 0 0 0 0 0 0 0 0 0 0 0 0 22 0 0 1 0 0 14 0 0 0 0 0 0 0 0 1 0 0 0 0 0 2 0 0 0 0 0 0 0 0 0 0 0 0 0 0 7 0 0 0 0 0 0 2 7 0 4 0 10 32 67 26 0 20 9 11 0 22 19 30 0 0 19 5 0 29 0 15 0 0 0 0 0 0 0 0 0 0 0 0 0 0 0 0 0 0 27 25 0 0 0 0 6 1 0 0 0 0 0 0 0 0 0 0 0 0 0 0 0 0 0 0 0 1 0 1 0 0 0 0 0 0 0 0 0 0 0 0 0 0 0 0 0 0 0 0 6 0 0 6 6 0 0 0 0 0 0 0 0 0 1 0 0 0 0 0 0 0 0 0 0 0 0 12 0 0 0 0 0 0 0 0 0 2 0 0 0 1 
 42 181 145 29 49 103 19 115 131 226 161 117 37 113 28 146 0 154 212 51 0 0 0 0 0 0 0 0 0 4 0 3 79 4 0 0 0 0 28 0 0 0 5 2 2 66 3 1 5 22 0 0 0 3 2 0 4 0 3 2 2 0 0 0 0 5 0 3 0 0 4 70 0 3 0 2 0 0 59 0 20 0 14 79 6 14 8 9 1 21 41 0 18 33 5 10 37 2 0 0 1 10 19 0 0 0 0 0 0 0 0 0 12 0 0 14 0 0 13 7 0 0 0 0 0 0 0 0 0 8 0 0 0 0 0 0 0 0 0 0 5 0 0 0 0 0 0 0 0 2 0 13 0 0 0 0 0 0 0 0 0 7 15 21 0 4 38 59 62 45 0 0 24 8 27 23 19 13 0 0 13 0 0 0 0 0 0 0 0 0 0 0 0 0 0 24 0 0 31 25 0 0 0 0 1 0 0 0 0 0 0 0 0 0 0 0 0 0 0 0 0 0 0 0 0 0 0 0 27 12 0 0 0 1 0 0 0 0 0 0 0 1 0 0 2 0 88 1 2 0 0 4 0 0 0 0 0 0 0 0 0 0 1 0 0 0 0 0 0 0 0 0 0 0 0 10 0 0 0 0 0 0 0 0 0 0 0 0 0 0 
 38 22 79 215 206 146 42 207 189 132 60 109 325 39 34 27 154 0 439 142 0 0 0 0 1 0 24 74 1 0 0 0 4 75 2 1 0 0 155 18 4 0 3 2 0 2 0 0 5 7 3 63 3 3 2 0 5 61 0 0 6 2 0 3 0 2 3 1 0 0 2 0 0 3 0 0 0 0 2 0 0 10 46 24 14 15 0 37 27 20 36 26 0 0 30 0 29 0 0 0 0 36 0 0 0 0 12 7 0 0 0 0 15 1 0 1 0 0 29 0 0 0 0 0 0 0 0 0 0 16 0 0 10 0 0 2 0 0 0 0 2 0 0 0 0 0 0 0 0 0 0 0 0 0 0 0 0 0 0 0 15 1 0 0 15 32 37 27 45 11 0 21 0 0 2 1 0 46 0 1 14 0 0 0 0 0 11 0 0 0 0 0 9 1 0 0 0 0 108 10 0 0 0 0 0 7 0 0 0 0 0 0 0 0 11 0 0 0 0 0 1 0 0 0 0 1 0 0 0 0 0 1 0 0 0 0 0 0 0 0 0 0 0 0 0 2 26 0 0 4 8 7 0 0 0 0 0 0 0 0 0 0 6 0 0 0 0 0 0 0 0 0 0 0 0 10 7 0 0 0 0 0 0 0 0 0 0 0 0 0 
 217 89 75 92 76 50 159 71 295 78 55 23 153 152 186 122 212 439 0 465 1 0 2 0 201 0 0 0 0 2 0 203 3 0 0 1 0 0 2 3 7 5 3 0 0 3 2 0 8 0 0 30 0 2 3 5 0 0 0 0 0 0 0 0 0 2 0 0 0 0 2 0 0 0 0 0 0 1 2 0 8 19 1 20 0 0 6 13 10 1 0 9 22 58 0 0 32 0 11 50 0 0 0 0 0 0 0 0 0 1 0 0 0 0 0 0 0 0 0 0 0 0 0 0 0 0 0 0 0 0 0 12 0 0 0 0 0 0 0 0 0 0 1 1 0 0 0 0 8 0 0 16 0 0 0 0 0 0 0 0 0 0 21 10 10 0 1 14 14 0 14 27 5 3 17 11 55 25 0 26 0 0 0 0 0 0 0 0 0 0 0 0 0 0 0 0 0 0 0 0 0 0 0 0 0 8 0 0 0 0 0 0 0 0 0 0 0 0 0 0 0 0 0 0 0 0 0 0 0 0 4 2 0 0 0 0 0 0 0 0 0 16 13 0 0 1 0 2 3 0 11 16 1 0 0 0 0 0 0 0 0 0 1 0 0 0 0 0 0 0 0 0 0 0 0 0 0 0 0 0 0 0 0 0 0 0 0 0 0 0 
 233 54 58 72 372 58 216 159 219 79 151 133 252 164 230 76 51 142 465 0 0 0 0 0 0 2 1 6 0 202 0 0 3 56 0 65 0 0 2 0 0 5 3 0 0 3 0 0 3 0 0 0 0 3 2 0 1 62 0 0 0 1 0 0 0 2 0 0 0 37 2 0 0 0 0 0 0 0 2 0 0 15 5 19 2 0 46 14 1 10 0 14 2 20 16 0 67 12 10 16 0 0 0 1 0 0 0 0 0 0 0 0 0 0 0 0 0 0 0 0 0 0 0 0 0 15 0 0 0 0 0 0 0 0 0 0 2 0 0 0 8 0 0 0 0 0 0 0 0 0 0 20 0 0 0 0 0 3 0 7 13 42 0 10 0 0 17 18 29 0 12 35 12 22 10 11 0 0 0 29 0 0 0 0 1 0 3 0 0 0 0 0 2 0 0 0 0 0 0 6 0 0 0 0 0 4 0 0 0 9 0 1 0 0 0 0 0 0 0 0 0 0 0 0 0 0 0 0 0 0 17 0 2 0 0 0 0 0 0 0 0 0 0 0 0 1 0 0 2 2 4 8 10 0 0 0 0 0 0 0 0 0 0 0 0 0 0 0 0 0 0 0 0 0 0 0 1 0 0 0 0 0 0 0 0 0 0 0 0 1 
 0 0 2 77 21 1 1 0 1 0 75 74 201 0 0 6 0 0 1 0 0 311 156 27 274 105 231 132 169 61 120 26 135 93 316 279 78 43 125 132 0 3 2 3 0 0 3 0 2 5 5 0 3 0 0 0 3 203 3 2 0 3 0 0 0 0 0 0 0 0 0 1 5 0 0 0 0 0 0 0 0 0 0 1 10 0 0 0 0 0 23 0 0 0 0 0 0 0 0 2 1 24 53 29 1 0 0 26 63 27 64 19 16 34 15 14 0 12 14 1 0 0 0 0 0 0 0 0 0 0 0 0 23 0 0 0 0 0 11 0 0 2 0 0 0 0 2 0 0 0 0 0 0 0 0 0 0 0 0 2 0 0 0 14 0 1 0 0 2 0 10 0 0 0 0 0 21 0 0 0 0 18 44 26 11 10 44 29 60 19 14 19 17 24 75 8 12 104 0 1 0 0 0 0 0 0 0 0 0 0 0 0 12 0 0 2 0 0 0 0 0 0 0 0 0 0 0 0 0 0 0 0 0 0 0 0 0 0 0 0 0 0 0 0 0 0 0 0 0 0 0 0 0 0 15 1 0 0 78 2 13 0 0 0 0 0 0 0 0 0 0 12 0 0 0 0 0 0 0 0 0 0 0 0 0 0 0 0 0 0 
 0 0 3 2 79 149 0 0 0 0 3 1 0 0 0 0 0 0 0 0 311 0 89 86 46 37 277 89 134 497 165 29 244 138 227 137 107 317 128 112 0 0 0 3 1 1 5 0 4 6 5 2 67 0 0 2 4 3 64 0 1 4 0 2 0 0 51 0 0 0 0 3 6 3 0 4 0 0 0 47 0 0 0 0 15 0 0 0 0 0 0 2 0 0 0 0 0 0 0 0 19 9 21 4 0 19 10 14 10 16 0 8 9 17 26 0 9 14 30 7 0 0 0 0 0 0 13 19 0 1 0 0 0 2 0 0 0 0 17 20 0 0 0 0 0 0 0 0 0 0 0 0 0 0 0 0 0 0 0 0 0 0 6 0 0 10 0 0 0 0 0 0 2 17 0 11 0 2 11 0 31 0 152 0 19 0 53 10 14 67 22 10 2 20 21 20 40 59 17 11 18 0 0 0 0 0 0 0 0 0 0 0 0 0 0 0 0 0 0 0 0 0 0 0 0 0 0 0 0 0 0 0 0 0 0 0 0 0 0 2 0 0 0 0 0 0 0 0 0 0 0 0 0 0 15 0 0 0 2 0 0 0 0 0 0 0 19 0 0 0 1 0 0 0 0 0 0 0 0 0 0 41 0 0 0 0 0 0 0 0 
 52 0 5 0 2 0 0 0 2 0 2 0 0 1 0 0 0 0 2 0 156 89 0 163 75 47 55 333 224 362 47 168 137 516 90 261 416 141 44 117 0 0 0 0 1 0 3 0 2 2 3 0 3 0 0 0 3 4 68 68 0 0 0 0 0 0 0 0 0 0 0 0 0 0 0 0 0 0 0 0 0 2 0 0 0 0 0 0 0 0 0 35 0 0 0 0 4 0 0 0 0 7 14 63 2 53 0 9 23 12 0 10 12 14 35 35 29 30 9 12 0 0 0 9 0 0 9 0 0 0 0 0 1 0 1 16 0 0 25 0 0 0 0 0 0 0 0 0 0 0 0 0 0 0 0 15 16 0 0 0 0 0 0 0 19 0 0 0 3 0 0 0 7 1 0 0 0 0 0 0 21 13 0 37 31 17 0 12 25 0 43 9 9 11 51 14 10 1 0 5 0 0 0 0 0 0 14 0 0 0 0 0 0 2 0 0 0 0 1 2 0 0 0 0 0 0 0 0 0 0 0 0 10 0 0 0 54 0 0 0 0 0 0 0 0 1 0 0 0 0 0 0 2 0 19 3 0 0 4 1 18 0 0 0 0 0 22 0 0 0 0 0 0 0 0 0 0 0 0 0 0 0 0 0 0 0 0 0 0 0 
 0 0 2 0 2 1 2 0 0 0 5 0 0 0 0 0 0 0 0 0 27 86 163 0 202 185 486 117 140 162 78 200 53 175 47 121 335 194 92 210 0 0 0 0 0 1 25 63 2 3 3 0 97 0 73 0 2 0 169 62 0 0 0 0 5 0 0 0 0 0 26 0 0 0 2 0 0 0 0 0 0 0 0 0 0 0 0 0 0 0 0 0 0 0 0 0 0 0 0 0 18 0 0 13 13 23 0 1 13 85 24 24 0 0 0 6 20 36 0 0 15 0 0 0 0 0 27 1 0 0 0 0 13 24 0 0 0 0 65 52 0 3 0 0 0 0 0 0 0 0 0 0 0 0 0 3 0 0 0 0 0 0 4 0 0 0 0 0 0 0 0 0 0 0 0 0 0 0 0 0 9 37 15 8 34 13 0 14 29 0 17 8 0 0 0 23 1 0 0 0 33 7 0 0 0 0 30 21 0 0 0 0 0 14 25 0 0 0 0 14 0 0 0 0 0 0 0 0 0 0 0 0 0 0 0 0 0 0 0 0 0 0 14 0 0 0 0 0 0 0 0 0 0 0 4 0 4 4 116 10 4 2 0 0 0 0 0 0 0 0 0 0 0 0 0 0 0 0 0 0 0 0 0 0 0 3 6 0 0 0 
 0 0 0 0 1 0 0 0 1 0 1 0 0 0 0 0 0 1 201 0 274 46 75 202 0 442 48 186 161 195 113 117 146 165 70 217 215 47 103 173 0 0 0 22 0 62 4 0 2 3 3 2 3 0 0 2 2 2 125 0 0 0 0 0 0 0 0 0 0 0 0 0 0 2 0 0 0 0 4 0 0 0 0 0 0 0 0 0 0 0 0 0 0 2 0 0 0 0 0 0 47 14 18 31 55 0 0 10 13 25 18 25 0 0 0 0 7 35 0 0 0 0 1 0 0 0 14 0 1 0 0 0 19 15 1 0 0 0 20 2 0 0 0 0 0 0 0 0 0 0 0 0 0 0 1 0 13 0 0 0 0 0 0 0 0 0 0 0 0 0 0 0 0 0 0 0 0 0 0 0 0 31 0 7 45 45 1 21 34 11 4 0 13 0 0 0 15 2 0 0 6 0 29 0 0 0 10 10 0 2 0 0 0 1 9 0 0 0 1 2 0 0 0 0 0 0 0 0 0 0 16 0 0 0 0 0 0 0 0 0 0 0 19 0 0 0 0 0 0 0 0 0 0 0 13 0 2 6 75 5 1 0 0 0 0 0 0 0 0 0 0 1 0 0 0 0 1 0 0 0 0 0 0 0 19 5 7 0 0 0 
 0 0 4 0 2 0 0 2 0 0 2 2 0 0 0 4 0 0 0 2 105 37 47 185 442 0 52 130 118 149 96 200 57 357 34 512 160 190 50 70 62 1 62 0 0 0 146 1 129 3 3 0 3 1 1 0 2 0 267 72 50 0 0 0 10 0 0 0 0 0 0 0 0 13 0 0 0 0 0 0 0 0 1 0 0 0 0 0 0 0 0 0 0 0 0 0 0 0 0 12 0 6 12 23 17 9 2 0 8 23 32 0 0 0 0 0 2 12 0 0 37 0 34 0 16 0 0 11 21 8 0 2 41 14 17 0 0 0 9 8 0 0 0 0 0 0 0 0 0 0 0 0 0 22 0 0 0 0 0 0 0 15 0 15 0 0 0 0 0 0 0 0 0 0 0 0 13 0 0 0 0 9 0 6 25 11 0 17 37 0 2 0 0 0 0 8 0 0 0 0 15 15 18 0 0 0 23 17 0 29 2 0 21 8 20 7 0 0 35 1 0 0 0 0 0 0 0 0 0 1 0 0 0 0 0 0 0 14 0 0 0 0 0 0 0 0 0 0 2 0 0 0 0 0 7 0 1 156 51 1 0 13 0 0 0 0 0 0 0 0 0 0 0 0 0 0 0 0 0 0 0 0 0 0 0 0 4 0 0 0 
 0 0 0 75 118 76 0 0 0 0 0 79 0 0 0 2 0 24 0 1 231 277 55 486 48 52 0 259 62 61 107 43 182 387 203 46 110 41 204 135 2 0 85 0 1 0 3 0 5 3 3 7 3 0 3 0 2 1 0 0 0 0 0 0 0 3 0 3 0 0 4 0 0 0 0 3 0 0 0 2 0 0 0 0 22 9 0 0 0 0 12 0 1 0 0 0 0 0 0 0 2 28 49 6 1 0 25 0 30 10 12 9 0 44 17 15 0 8 25 8 0 0 0 0 0 0 0 0 0 0 0 0 0 0 0 0 0 0 0 0 0 0 0 0 0 0 0 0 0 0 0 0 0 0 0 0 0 0 8 0 0 0 0 43 0 14 0 0 0 0 0 14 0 0 0 0 0 0 0 0 12 0 19 9 0 0 23 11 27 18 2 20 10 12 13 8 7 43 16 43 0 0 0 0 0 0 0 0 0 0 0 0 7 13 0 0 0 2 0 0 0 0 0 0 0 0 0 0 0 0 0 0 0 0 0 0 0 0 0 0 0 0 0 0 0 0 75 1 7 0 3 0 0 0 14 1 0 0 1 0 1 0 0 0 0 0 0 0 0 0 0 0 0 0 0 0 7 0 0 0 0 32 0 0 0 0 0 0 0 0 
 0 0 2 36 74 2 0 205 0 0 0 0 0 2 0 0 0 74 0 6 132 89 333 117 186 130 259 0 257 262 35 31 241 330 131 81 40 36 66 213 2 0 0 0 2 0 3 3 4 3 3 0 3 0 0 2 3 0 4 1 3 0 0 0 2 0 2 5 0 0 3 0 0 1 0 0 0 0 7 0 0 1 1 0 12 15 0 0 0 0 0 0 0 0 0 0 0 0 0 0 9 78 47 74 18 14 14 34 20 17 33 14 0 1 20 0 8 43 0 0 0 0 0 0 0 0 20 0 0 0 58 0 23 0 0 2 0 0 18 0 0 0 0 0 0 0 0 0 0 0 0 2 0 1 0 26 0 0 0 0 0 0 0 0 0 0 0 0 0 0 0 0 0 2 0 0 0 0 0 0 0 38 13 1 21 17 11 25 25 37 1 0 24 0 12 0 0 14 0 4 0 0 0 0 0 0 16 0 0 0 0 0 9 0 0 0 0 0 10 0 0 0 0 0 0 0 0 0 0 0 0 0 0 0 0 0 0 0 0 0 0 0 0 0 0 0 0 0 0 0 0 0 0 0 16 0 0 0 77 1 0 1 0 0 0 0 0 0 0 0 0 0 0 0 0 0 5 0 0 0 0 0 0 0 0 13 0 0 0 0 
 74 0 0 0 0 4 0 0 0 0 3 3 0 0 0 0 0 1 0 0 169 134 224 140 161 118 62 257 0 122 318 34 140 113 269 140 245 321 98 69 0 0 0 0 2 0 3 0 5 3 3 3 273 0 0 0 2 0 3 36 36 0 0 0 0 3 0 0 0 0 0 0 0 0 0 1 0 0 0 1 0 0 0 0 0 0 0 0 0 9 0 0 0 0 0 0 0 0 0 0 17 20 17 14 6 15 11 15 33 24 23 34 18 14 28 36 11 7 0 0 0 0 0 0 0 0 0 0 0 0 0 0 12 1 0 0 6 0 9 0 0 0 0 0 0 0 0 0 0 0 0 2 0 0 0 3 0 0 0 0 0 0 0 0 0 0 0 0 3 0 0 0 17 0 0 0 0 0 0 0 0 57 12 35 6 17 10 45 28 61 36 22 0 0 6 4 31 20 0 0 0 0 0 0 0 0 7 0 10 0 18 0 7 9 0 0 0 0 0 9 0 0 0 0 0 0 0 0 0 0 0 0 0 0 0 0 0 0 0 0 0 0 0 0 0 0 0 0 0 0 0 0 0 0 16 0 1 0 84 1 28 0 0 0 0 0 0 0 0 0 0 0 0 0 0 0 0 0 0 62 0 16 0 0 0 48 0 0 0 0 
 1 0 3 0 3 33 0 0 0 0 2 0 2 0 0 2 4 0 2 202 61 497 362 162 195 149 61 262 122 0 306 135 260 144 140 224 303 139 110 215 4 2 2 0 6 0 35 2 2 3 6 10 129 65 0 3 210 6 100 2 0 0 0 0 0 3 0 2 0 2 0 1 0 9 0 50 50 29 0 0 0 0 0 0 0 0 0 0 0 0 0 0 0 0 0 2 0 9 0 0 35 6 46 20 10 19 1 43 59 51 29 1 8 0 0 2 19 1 13 0 0 0 0 0 0 0 13 0 0 0 0 0 23 2 1 0 17 0 27 41 0 0 0 0 0 0 0 0 0 0 0 0 0 0 0 0 0 0 0 0 0 0 6 0 0 0 0 0 4 0 0 0 0 0 6 0 0 0 0 0 12 11 64 18 29 15 8 23 19 11 25 14 0 12 26 10 28 0 0 0 22 0 0 0 0 0 0 0 24 0 0 0 0 0 0 0 0 0 10 0 0 0 0 0 0 0 0 0 6 0 0 0 0 0 0 1 0 0 0 0 0 0 0 0 0 0 0 0 0 0 0 0 0 0 8 0 0 155 79 1 3 1 0 0 0 0 0 0 0 0 0 0 0 0 0 0 0 0 0 10 0 12 0 0 0 0 0 0 0 0 
 0 0 2 0 40 73 1 0 0 1 3 1 0 0 0 0 0 0 0 0 120 165 47 78 113 96 107 35 318 306 0 58 44 84 150 130 90 193 51 151 2 0 0 0 4 3 65 0 2 3 7 3 83 0 0 0 7 43 66 63 0 1 0 0 2 2 0 0 0 0 0 2 0 0 0 0 0 1 0 0 0 0 0 0 0 0 2 0 0 0 0 0 0 0 2 0 0 0 0 0 23 12 3 0 10 19 22 13 22 22 11 44 34 1 11 1 74 12 1 0 0 0 0 0 0 0 14 0 0 0 46 2 1 12 0 0 11 0 12 12 0 0 0 0 0 0 0 0 0 0 0 0 0 0 5 2 0 0 0 0 0 0 6 0 0 0 0 0 0 0 0 0 0 0 0 0 0 0 0 0 17 0 63 14 8 9 10 0 11 31 19 16 8 4 1 21 22 29 0 13 15 0 0 0 0 0 0 0 11 0 0 0 8 1 0 0 0 0 15 1 0 2 0 0 0 2 0 0 10 0 0 0 0 0 0 2 0 0 0 0 0 0 0 0 0 0 0 0 0 0 0 0 0 0 22 2 0 5 37 0 4 0 0 0 0 0 0 0 0 0 0 0 0 0 0 0 0 0 0 11 0 10 0 0 0 1 0 0 0 0 
 1 0 2 0 0 2 8 0 0 0 1 0 0 0 0 0 3 0 203 0 26 29 168 200 117 200 43 31 34 135 58 0 44 42 23 24 373 154 265 238 63 64 0 0 0 10 128 80 2 3 3 0 5 53 0 0 6 0 26 3 0 5 0 0 4 0 0 0 1 0 0 0 0 0 0 0 0 0 0 0 0 0 0 0 0 0 0 0 0 0 0 0 0 0 1 0 0 0 0 0 0 1 9 31 1 0 0 1 0 0 10 13 0 0 0 0 0 3 0 0 21 1 18 0 0 0 37 0 1 0 0 14 7 13 7 0 31 0 10 26 0 0 0 0 0 0 1 0 0 0 0 0 0 7 0 0 0 0 0 1 0 0 0 0 0 0 0 0 0 0 6 0 0 0 0 0 10 0 0 0 0 0 1 5 28 49 0 83 12 0 0 18 0 0 0 27 0 0 0 0 37 5 18 7 0 0 26 29 0 0 0 0 1 0 0 0 2 0 36 30 0 0 14 0 0 0 0 0 0 0 0 0 0 0 0 0 0 1 0 0 0 0 13 0 0 0 0 0 0 0 0 0 0 0 9 0 2 39 4 5 0 4 0 0 0 0 0 0 0 0 0 0 0 0 0 0 0 0 0 9 0 0 0 0 0 0 0 0 0 0 
 3 3 3 77 5 3 3 3 3 44 80 81 3 5 3 3 79 4 3 3 135 244 137 53 146 57 182 241 140 260 44 44 0 70 146 416 28 46 444 183 0 0 0 0 0 3 3 0 2 2 3 0 3 0 0 35 3 0 0 0 0 0 0 0 0 0 0 0 0 0 0 73 0 0 0 0 0 0 0 0 0 0 0 17 12 12 0 0 0 1 19 16 0 0 0 0 2 0 0 0 27 29 1 0 19 0 41 3 36 0 20 29 18 43 20 22 0 10 13 34 0 0 0 0 0 0 0 0 0 0 0 0 0 0 0 0 0 0 19 0 4 0 0 0 22 0 0 0 0 0 0 0 0 0 0 0 0 0 0 0 0 0 59 19 0 11 0 5 19 17 0 0 0 0 0 17 0 0 0 0 26 33 2 6 20 0 0 39 16 15 4 0 26 22 1 17 4 9 28 18 0 0 0 0 2 0 0 0 0 0 0 0 0 0 0 0 0 0 0 0 0 0 0 0 0 0 0 0 0 0 0 0 0 0 0 0 0 2 0 0 0 0 0 0 0 2 72 0 0 78 0 0 0 0 23 0 1 0 0 3 30 0 0 0 0 0 0 0 0 0 48 0 0 0 0 0 0 1 0 0 0 0 0 0 0 9 0 0 0 0 
 0 0 0 18 74 0 0 2 0 0 2 3 0 0 1 0 4 75 0 56 93 138 516 175 165 357 387 330 113 144 84 42 70 0 184 121 85 129 78 188 0 3 8 5 5 0 8 3 7 7 3 0 3 3 0 0 8 1 6 6 0 0 2 0 0 0 0 6 0 0 3 0 0 0 0 0 0 0 0 0 0 0 0 0 8 12 13 0 0 0 0 0 0 0 0 0 0 0 0 1 23 19 14 37 17 11 15 25 8 14 13 10 0 25 26 25 3 14 11 0 0 0 0 0 0 0 0 0 0 0 0 0 24 0 0 0 1 0 41 0 0 0 0 0 0 1 0 0 0 0 1 0 0 0 0 24 0 0 0 0 0 0 0 7 14 0 0 0 0 2 0 0 0 0 18 0 0 0 0 3 6 28 1 11 29 9 14 35 11 21 38 10 8 0 27 1 1 1 0 18 0 0 0 0 0 0 15 0 0 0 0 0 0 12 0 0 0 0 0 11 1 0 0 0 0 0 0 0 0 0 0 0 0 0 0 0 0 0 0 0 0 0 0 0 0 0 0 0 0 0 0 0 0 1 15 2 0 0 75 1 0 0 0 0 0 0 8 0 0 0 2 0 0 0 0 0 8 0 0 0 0 16 0 0 0 50 0 0 0 0 
 0 0 2 74 63 14 0 1 0 0 75 0 0 0 1 0 0 2 0 0 316 227 90 47 70 34 203 131 269 140 150 23 146 184 0 295 131 124 80 129 27 0 0 0 0 0 6 0 2 3 3 0 3 0 0 1 3 8 3 0 0 0 0 0 0 3 0 0 0 2 0 0 0 2 3 0 2 2 0 3 0 0 0 0 1 6 0 0 0 0 6 0 0 0 0 0 0 0 1 0 17 41 35 31 0 0 2 26 24 18 13 16 34 0 14 41 14 12 14 0 0 0 0 0 0 0 0 0 0 0 0 0 16 1 0 0 0 0 4 0 0 0 0 0 0 0 0 0 0 0 0 0 1 0 0 0 0 0 1 0 0 0 0 0 0 0 0 0 3 0 0 0 0 0 0 0 0 0 0 0 0 12 42 21 11 19 17 26 17 23 30 25 9 17 20 21 18 34 0 0 1 0 0 0 0 0 0 0 0 0 0 0 10 0 0 0 0 0 14 0 0 0 0 24 0 0 0 0 1 0 0 0 2 0 0 0 0 0 0 0 0 0 0 0 0 0 0 0 0 0 0 0 0 0 7 2 0 1 3 0 32 0 0 0 0 0 0 0 0 0 0 0 0 0 0 0 0 0 0 0 0 12 0 0 0 0 0 0 0 0 
 0 0 6 0 5 83 6 2 0 0 6 0 0 6 1 0 0 1 1 65 279 137 261 121 217 512 46 81 140 224 130 24 416 121 295 0 164 569 49 75 0 0 0 0 0 0 3 0 2 2 3 3 3 0 0 0 3 4 0 0 0 0 0 0 1 0 0 0 0 3 0 0 0 0 0 0 0 0 0 0 0 0 0 0 0 0 0 0 0 0 0 0 0 0 0 0 0 0 0 0 0 12 15 10 30 16 28 19 15 0 22 31 20 29 42 0 20 10 0 6 0 0 0 0 0 0 22 0 0 0 0 0 0 0 0 0 1 0 1 0 0 0 0 0 0 1 0 0 0 0 0 0 0 0 0 2 0 0 0 0 0 0 0 0 0 0 0 0 5 0 0 0 0 0 0 0 0 0 0 0 7 18 13 17 0 10 0 9 26 39 15 1 22 9 21 11 11 6 0 19 0 0 0 0 0 0 0 0 0 0 13 0 0 0 0 0 0 0 0 0 0 0 0 0 0 0 0 0 0 0 6 0 21 0 0 0 13 0 0 0 0 0 0 0 0 0 0 0 0 0 0 0 0 4 22 1 1 1 0 2 28 0 0 0 0 0 0 0 0 0 0 0 0 0 0 0 0 0 0 0 0 1 0 0 0 0 0 0 0 0 
 0 0 5 0 0 58 0 0 151 0 5 0 0 2 0 0 0 0 0 0 78 107 416 335 215 160 110 40 245 303 90 373 28 85 131 164 0 678 66 66 0 0 0 0 0 1 67 1 2 3 2 0 141 62 0 0 1 0 75 0 0 0 0 0 4 1 0 0 0 0 0 0 0 11 0 0 0 0 0 0 0 0 0 18 0 0 0 0 7 0 0 0 0 1 0 0 0 0 0 0 0 22 20 51 0 0 10 18 10 69 44 10 0 0 0 0 19 0 0 27 19 0 1 0 0 0 0 13 3 0 0 0 39 0 13 19 0 0 63 42 0 0 0 0 0 0 0 0 0 0 0 0 0 0 0 0 0 0 0 0 0 10 4 0 0 0 0 0 0 0 0 0 0 0 0 0 0 0 0 0 0 8 17 2 21 13 3 64 27 0 0 11 0 0 16 24 0 2 0 0 7 11 0 0 0 0 40 3 0 0 0 0 0 6 7 0 0 0 1 27 0 0 0 0 0 0 0 2 0 0 0 0 0 0 0 0 0 0 0 0 0 0 0 0 0 0 0 0 0 0 0 0 0 0 10 0 0 180 74 2 0 13 0 0 0 0 0 0 0 0 0 0 0 0 0 0 0 0 0 0 0 0 0 0 4 0 4 0 0 0 
 0 0 0 0 0 0 2 3 0 0 7 69 1 0 1 0 0 0 0 0 43 317 141 194 47 190 41 36 321 139 193 154 46 129 124 569 678 0 51 195 6 1 0 5 0 0 58 67 2 2 3 3 68 0 3 0 3 8 5 141 0 0 0 0 8 0 0 0 0 0 0 0 0 13 0 0 0 0 0 0 0 0 0 0 0 0 0 0 0 0 0 0 0 0 0 0 0 0 0 0 56 0 15 23 0 20 0 12 0 37 19 0 0 0 0 28 33 20 0 0 11 0 0 0 0 0 21 18 7 0 0 0 1 45 14 0 0 0 29 21 0 0 0 0 2 0 0 0 0 27 0 0 1 0 1 0 0 0 2 0 0 0 0 0 15 0 0 0 1 0 0 0 0 0 0 0 0 0 0 0 18 0 3 36 26 9 0 0 0 0 40 11 9 0 7 16 1 29 0 0 48 22 1 0 0 0 70 28 0 0 0 0 2 20 14 0 0 0 0 2 0 0 0 0 0 0 0 0 2 0 0 0 1 0 0 0 0 0 0 0 0 0 0 0 0 0 0 0 0 0 0 0 0 0 5 0 0 77 73 1 3 13 0 0 0 0 0 0 0 0 0 0 0 0 0 0 0 0 0 0 0 0 0 0 0 0 9 0 0 0 
 2 25 120 3 79 74 6 2 4 230 5 27 2 2 2 81 28 155 2 2 125 128 44 92 103 50 204 66 98 110 51 265 444 78 80 49 66 51 0 464 0 3 2 6 0 5 3 0 2 5 32 0 3 0 0 0 3 0 0 0 5 3 47 2 0 0 0 0 0 0 0 1 0 0 0 0 1 0 0 0 28 0 0 22 39 12 0 0 0 20 2 45 1 0 0 11 0 17 0 0 6 14 0 0 0 0 37 0 0 0 0 0 17 16 13 12 0 0 23 26 2 0 0 0 0 0 0 0 0 0 0 0 0 2 0 0 0 0 0 0 7 0 0 0 0 0 0 0 0 0 0 0 0 0 0 2 0 0 0 0 0 0 6 15 0 30 0 0 14 34 13 0 0 22 0 12 0 4 0 0 45 26 12 0 0 0 14 11 0 14 0 0 0 28 27 12 9 0 45 29 0 0 0 0 0 0 0 0 0 0 0 0 0 0 0 6 0 2 0 0 0 0 0 0 0 0 0 0 0 0 0 0 0 0 1 0 0 0 0 0 0 0 0 0 0 0 75 0 75 148 0 0 0 0 5 0 0 0 0 2 2 0 1 0 0 0 0 0 0 0 0 0 0 0 0 11 0 0 0 0 0 10 0 0 0 0 0 0 0 0 
 0 0 1 75 22 2 0 1 0 83 6 41 5 0 0 0 0 18 3 0 132 112 117 210 173 70 135 213 69 215 151 238 183 188 129 75 66 195 464 0 0 0 0 0 0 61 3 0 2 3 3 1 3 0 0 0 3 2 0 0 0 0 0 0 0 0 0 0 0 0 0 0 0 0 0 0 0 0 0 0 0 0 0 13 38 0 0 0 0 0 19 15 0 0 0 0 0 0 0 0 19 33 0 20 13 0 25 1 12 0 0 0 1 19 25 24 12 20 14 58 0 0 0 0 0 0 0 0 0 0 57 0 0 8 0 0 0 0 12 0 2 0 0 0 0 0 0 0 0 0 0 0 0 0 0 0 0 0 0 0 0 0 10 31 0 9 0 0 0 19 0 0 0 0 0 18 0 0 0 0 0 14 13 7 13 0 0 5 0 19 19 0 9 19 3 39 1 9 11 64 0 0 0 0 0 0 20 0 0 0 0 0 17 10 0 0 0 0 0 10 0 0 0 0 0 0 0 0 0 0 0 0 0 0 0 0 0 0 0 0 0 0 0 0 0 0 75 0 0 76 0 0 0 0 9 0 0 0 0 1 0 3 0 0 0 0 0 0 0 0 0 0 0 0 0 11 7 12 0 0 0 1 0 0 0 11 0 0 0 0 
 1 4 2 0 3 0 4 1 0 0 2 15 0 6 6 0 0 4 7 0 0 0 0 0 0 62 2 2 0 4 2 63 0 0 27 0 0 6 0 0 0 185 245 104 226 34 60 391 366 37 132 54 37 150 107 260 103 93 48 41 0 4 0 0 0 2 0 0 2 2 3 3 0 3 0 0 1 3 1 0 0 0 0 0 0 0 7 0 7 0 0 0 0 0 7 0 0 0 0 3 0 0 0 0 0 39 0 1 0 0 0 0 0 0 0 0 0 0 0 0 6 0 26 9 0 0 14 16 15 5 22 16 10 0 25 30 1 9 0 14 0 0 0 0 0 0 11 0 0 0 0 0 10 0 0 0 0 0 0 36 0 0 0 0 8 1 0 0 0 0 0 0 4 0 7 4 4 2 0 0 0 0 0 0 9 0 0 0 0 0 0 0 0 0 0 0 0 0 0 0 0 1 38 21 0 11 0 14 16 1 1 7 0 10 0 12 22 1 21 7 7 0 0 0 0 0 17 0 0 0 0 0 2 0 0 0 0 0 7 0 0 6 0 0 0 0 0 0 0 0 0 6 0 1 0 0 0 63 0 2 0 0 1 66 0 2 2 0 0 0 0 0 0 0 0 0 0 0 0 0 0 0 0 0 0 11 0 0 0 0 
 0 0 0 0 1 0 0 0 3 0 3 0 0 0 0 0 0 0 5 5 3 0 0 0 0 1 0 0 0 2 0 64 0 3 0 0 0 1 3 0 185 0 148 63 43 99 148 210 47 35 177 40 47 90 116 105 42 152 26 39 0 7 0 0 5 0 0 0 0 0 0 6 0 0 0 0 0 0 0 21 0 0 0 0 0 0 0 0 0 0 0 0 0 0 0 0 0 0 0 0 0 0 0 0 0 31 0 0 0 0 0 0 0 9 0 0 0 0 0 0 0 13 10 8 0 7 22 5 10 0 0 10 9 8 3 0 0 20 0 0 22 0 0 0 0 4 10 0 0 0 9 0 10 15 2 0 0 0 13 1 0 0 0 0 0 0 3 0 0 9 0 0 0 9 0 0 0 0 0 13 0 0 0 0 9 0 0 0 0 0 0 0 0 10 0 0 0 0 0 0 10 6 11 34 0 0 5 10 12 0 0 11 10 0 8 35 0 2 0 48 23 0 1 0 13 0 30 0 0 0 0 0 11 0 0 0 0 0 9 0 0 0 0 0 0 0 0 0 0 0 0 7 0 0 0 0 0 0 0 12 0 0 0 64 1 0 2 0 0 0 0 0 0 0 0 0 0 0 0 0 0 0 0 0 21 31 0 11 2 0 
 2 2 3 2 5 3 6 3 4 2 2 2 3 2 3 3 5 3 3 3 2 0 0 0 0 62 85 0 0 2 0 0 0 8 0 0 0 0 2 0 245 148 0 174 51 95 374 178 203 81 297 97 50 127 74 190 262 68 322 51 1 0 0 0 0 3 0 3 0 1 0 0 23 3 0 4 0 0 18 3 0 0 0 0 0 16 0 0 0 0 0 0 0 0 0 0 0 0 0 0 0 0 0 0 0 13 0 0 0 0 0 0 0 0 0 0 0 0 0 0 0 0 37 8 0 10 9 21 14 35 1 35 4 12 27 1 6 3 0 0 0 4 5 0 0 0 13 2 3 3 2 5 22 22 2 3 0 0 9 29 0 0 31 0 0 0 4 0 0 0 0 0 0 3 0 0 0 0 0 0 0 0 0 0 0 0 0 0 0 0 0 0 0 0 0 0 0 0 0 0 0 14 10 5 3 15 0 0 8 0 20 9 13 0 14 11 11 15 0 0 16 2 1 0 0 0 16 0 2 0 4 5 11 0 0 9 0 2 26 15 0 0 19 0 0 0 0 0 0 0 0 11 0 1 0 0 0 0 0 1 0 0 64 2 0 3 2 0 2 0 5 0 0 0 0 0 0 0 0 0 0 0 0 0 0 0 0 0 1 0 
 0 3 3 0 0 0 0 0 0 0 0 3 0 3 2 0 2 2 0 0 3 3 0 0 22 0 0 0 0 0 0 0 0 5 0 0 0 5 6 0 104 63 174 0 150 79 113 145 240 291 54 99 125 131 193 118 102 421 299 129 1 1 0 5 0 0 0 0 1 0 0 0 0 0 2 3 0 0 50 0 0 0 0 0 0 0 0 0 0 0 0 0 0 0 0 0 0 0 0 0 0 0 0 0 0 0 0 0 0 0 0 0 0 0 0 0 1 0 0 0 5 30 7 23 13 4 4 13 23 10 25 0 14 11 5 26 0 57 0 0 1 13 37 0 0 0 0 0 0 0 0 0 4 0 0 0 0 5 2 0 0 0 0 0 5 0 0 0 0 2 0 5 0 1 0 0 0 0 0 0 0 0 0 0 0 0 0 0 0 0 21 0 0 0 0 0 0 0 0 0 0 4 34 17 20 29 0 0 11 38 36 0 0 12 27 2 8 11 0 0 0 20 0 0 0 0 10 1 0 0 0 0 0 9 13 1 0 14 0 0 0 0 0 0 0 0 0 0 0 0 0 9 0 0 0 0 0 0 0 0 0 0 3 0 64 4 0 0 0 0 0 0 0 0 0 0 0 0 0 0 0 4 0 0 14 1 0 0 1 0 
 0 0 2 0 0 0 0 0 0 1 3 0 0 0 0 0 2 0 0 0 0 1 1 0 0 0 1 2 2 6 4 0 0 5 0 0 0 0 0 0 226 43 51 150 0 264 56 85 78 87 118 332 45 88 63 88 109 56 280 81 0 0 0 0 0 2 0 2 0 4 0 0 51 103 2 1 0 3 0 84 0 0 0 0 0 0 0 0 0 0 0 0 26 0 0 0 0 0 0 0 0 0 0 0 0 0 0 50 0 0 0 0 0 22 0 0 0 0 0 0 0 0 0 0 22 24 0 0 0 0 0 0 0 0 0 0 0 14 0 0 1 32 1 0 2 0 14 17 0 0 0 0 1 0 17 23 15 21 8 10 0 0 0 0 4 0 0 0 0 5 0 6 0 13 0 0 0 9 0 0 0 0 0 0 0 0 0 0 0 0 0 0 0 0 0 0 0 0 0 0 0 0 0 11 9 1 0 0 0 0 1 0 0 0 0 0 0 0 0 0 20 61 35 0 7 0 19 9 0 10 1 0 25 19 38 0 17 20 0 8 12 0 0 0 0 0 0 0 0 0 0 7 0 0 0 0 0 0 0 10 0 0 3 2 0 0 2 1 3 0 1 0 0 0 0 1 0 0 0 0 0 0 0 0 0 0 0 0 2 0 
 1 1 5 1 3 6 2 2 4 0 0 1 3 0 3 2 66 2 3 3 0 1 0 1 62 0 0 0 0 0 3 10 3 0 0 0 1 0 5 61 34 99 95 79 264 0 31 46 263 69 93 180 26 48 39 141 74 110 22 59 7 3 0 2 0 4 0 2 0 1 0 2 3 73 55 0 0 0 4 29 0 0 0 0 0 0 0 0 0 0 0 0 0 0 0 0 0 0 0 0 0 0 6 0 0 0 0 0 0 0 0 4 0 0 5 0 0 0 0 0 0 0 19 0 8 10 5 0 1 11 0 0 0 7 9 0 9 13 0 0 0 1 0 7 2 11 25 0 0 0 0 0 5 0 9 0 30 9 14 0 0 5 0 0 9 0 11 0 13 4 0 0 0 13 0 0 0 0 0 0 0 0 0 0 0 2 0 0 0 0 0 4 0 0 0 5 0 0 0 0 0 0 0 2 0 9 0 5 2 0 0 13 0 0 0 0 0 0 0 3 0 1 9 0 0 0 0 19 0 0 25 0 22 10 26 0 19 0 14 49 22 0 4 0 0 0 0 0 0 0 0 14 0 0 0 0 0 0 0 21 0 26 0 13 0 0 0 0 0 0 0 0 0 0 0 0 0 0 0 0 0 1 0 0 0 0 0 1 2 0 
 0 0 3 0 0 0 0 0 0 0 0 0 0 0 0 0 3 0 2 0 3 5 3 25 4 146 3 3 3 35 65 128 3 8 6 3 67 58 3 3 60 148 374 113 56 31 0 152 67 475 248 31 251 110 104 308 40 22 52 124 0 0 0 0 3 0 0 0 0 0 0 0 0 1 0 0 0 0 0 0 0 0 0 0 0 0 0 0 0 0 0 0 0 0 0 0 0 0 0 0 0 0 0 0 14 0 0 0 19 11 0 0 0 0 0 0 0 0 0 0 35 28 28 0 0 5 0 0 44 8 2 2 6 17 7 0 20 23 14 30 0 0 0 0 0 0 0 0 0 0 5 0 0 0 0 0 0 0 14 0 14 17 0 0 0 0 0 0 0 0 0 0 0 0 0 0 2 0 0 0 0 0 0 18 0 3 0 0 0 0 0 7 0 1 0 13 14 0 0 0 32 25 1 0 0 0 4 29 69 16 23 0 30 28 29 76 0 1 9 9 0 0 0 0 0 0 0 0 0 0 0 0 0 0 8 0 0 0 0 0 0 0 0 0 0 0 0 0 0 19 0 8 0 1 0 0 0 63 0 2 0 0 2 0 0 0 0 0 0 0 0 0 0 0 0 0 0 0 0 9 0 0 0 0 11 0 9 0 0 0 
 0 0 0 0 0 1 3 0 0 0 5 0 39 58 0 0 1 0 0 0 0 0 0 63 0 1 0 3 0 2 0 80 0 3 0 0 1 67 0 0 391 210 178 145 85 46 152 0 373 109 101 51 82 451 109 271 37 25 50 51 4 3 0 1 1 0 0 0 27 0 0 0 0 0 0 6 0 0 0 0 0 0 0 0 0 0 0 0 0 0 0 0 0 0 0 0 0 0 0 0 0 0 0 0 0 0 0 0 0 0 0 0 0 0 0 0 0 0 0 0 13 12 0 21 0 1 24 21 0 9 19 23 0 0 3 59 0 36 10 7 0 0 0 3 1 0 40 0 0 13 0 0 16 0 0 0 0 0 0 18 0 0 0 0 0 2 0 0 0 0 0 0 0 0 0 0 0 4 0 0 0 0 0 0 8 0 0 0 0 0 0 0 0 0 0 27 0 0 0 0 7 10 10 1 13 1 10 4 5 18 1 7 0 0 2 0 24 43 0 7 6 0 3 3 0 0 9 0 0 1 0 0 1 0 0 0 0 0 14 0 0 0 0 0 0 0 0 0 0 0 0 0 0 0 0 0 0 0 0 0 0 0 0 66 70 0 9 0 0 0 0 0 0 0 0 14 0 0 0 0 0 0 0 0 0 0 0 0 1 0 
 9 9 9 2 3 3 5 3 2 1 1 2 3 2 7 3 5 5 8 3 2 4 2 2 2 129 5 4 5 2 2 2 2 7 2 2 2 2 2 2 366 47 203 240 78 263 67 373 0 202 27 29 335 217 195 147 289 56 132 137 2 1 0 0 0 0 0 0 3 0 207 1 54 0 4 0 0 0 0 0 0 1 0 0 0 0 0 0 3 0 0 0 0 0 0 0 0 0 0 5 0 0 0 0 14 35 2 0 0 0 0 0 0 0 0 0 0 0 0 0 19 17 29 11 7 0 7 4 69 17 11 17 6 28 10 20 2 0 0 0 0 0 0 0 0 0 0 0 0 0 0 0 0 0 0 0 0 0 0 0 0 5 0 0 7 1 0 0 0 0 0 0 2 0 0 2 4 0 6 1 0 0 0 0 1 0 0 0 0 0 0 0 0 0 0 0 0 0 0 0 0 16 1 1 0 0 0 0 6 35 38 0 32 19 23 23 0 34 16 2 0 0 0 0 0 0 0 0 0 0 0 0 0 0 0 0 0 0 0 0 0 7 0 0 0 0 0 0 0 0 0 8 0 1 0 0 0 0 0 2 0 0 0 0 1 4 0 0 0 0 0 0 0 0 0 0 0 0 0 0 0 0 0 0 0 0 0 0 0 0 
 0 0 4 0 6 0 0 4 3 6 3 22 3 14 0 0 22 7 0 0 5 6 2 3 3 3 3 3 3 3 3 3 2 7 3 2 3 2 5 3 37 35 81 291 87 69 475 109 202 0 499 84 132 171 229 258 179 132 129 404 69 0 0 0 2 0 259 0 3 2 59 0 0 0 7 0 0 0 0 2 0 0 4 22 0 0 0 5 0 0 4 7 0 0 7 0 5 0 0 0 0 0 0 0 0 0 0 0 0 0 0 0 0 0 0 0 0 0 0 0 9 14 0 25 22 12 7 22 64 10 24 64 28 19 1 21 23 28 0 0 0 1 0 0 0 0 0 0 0 0 0 0 0 0 16 0 0 0 0 0 0 0 0 0 0 8 3 0 13 0 0 0 1 16 23 0 0 3 0 1 0 0 0 0 0 0 0 0 0 0 0 0 0 0 0 0 0 0 0 0 0 15 10 16 37 4 0 30 18 59 36 0 0 27 8 18 29 19 1 0 20 10 0 0 0 0 11 0 0 0 0 0 0 0 0 8 0 0 22 0 0 0 0 0 0 0 0 0 0 0 0 5 0 0 0 0 0 0 0 2 0 27 80 0 4 11 2 0 1 0 3 0 0 0 0 0 0 0 0 0 0 0 0 0 1 0 0 0 2 0 
 0 0 2 0 3 0 0 0 2 0 2 0 0 1 0 0 0 3 0 0 5 5 3 3 3 3 3 3 3 6 7 3 3 3 3 3 2 3 32 3 132 177 297 54 118 93 248 101 27 499 0 198 25 46 75 214 98 91 36 65 50 0 1 3 0 2 50 1 0 76 0 0 51 3 2 0 0 0 20 58 0 17 0 0 0 0 0 0 0 0 0 0 0 0 0 0 0 0 0 0 0 0 0 0 0 0 0 0 0 0 0 0 0 0 0 0 0 0 0 0 0 0 0 14 3 8 0 19 0 20 17 15 0 0 9 0 0 35 0 0 29 4 0 4 5 0 12 0 0 11 0 0 13 52 4 0 0 0 1 21 0 0 0 0 0 0 5 0 0 1 0 0 0 8 0 0 0 0 0 0 0 0 0 0 31 0 0 0 0 0 0 0 0 0 0 0 0 0 0 0 0 0 10 12 34 0 0 0 12 13 20 4 0 0 0 0 1 15 0 0 17 8 20 14 0 0 13 0 0 4 0 0 27 0 13 1 0 0 42 0 0 0 0 0 0 0 0 0 0 0 0 6 0 0 0 0 0 0 0 15 0 0 2 34 66 0 2 1 0 0 0 0 0 0 0 4 0 0 0 0 0 0 0 0 8 0 0 11 1 0 
 0 0 0 8 0 0 6 0 9 4 7 0 0 0 0 1 0 63 30 0 0 2 0 0 2 0 7 0 3 10 3 0 0 0 0 3 0 3 0 1 54 40 97 99 332 180 31 51 29 84 198 0 41 56 41 405 146 103 28 59 51 0 0 0 0 0 51 2 0 8 0 0 0 56 0 0 0 0 7 21 0 0 0 0 9 0 0 0 0 1 0 0 0 0 0 0 0 9 8 0 3 0 0 0 0 0 0 0 0 0 0 0 4 1 0 0 0 0 4 8 0 0 0 9 7 40 0 0 0 6 41 22 0 0 0 0 0 44 0 0 13 0 0 0 0 0 27 0 0 45 0 0 11 0 15 2 16 23 24 5 0 0 2 0 0 0 6 0 0 6 58 0 0 6 0 0 0 0 0 0 0 0 0 0 0 0 0 0 0 0 0 0 0 37 0 0 0 0 0 1 0 0 3 12 34 0 0 0 6 0 0 8 0 0 0 0 47 0 0 0 13 11 15 0 1 0 9 0 0 0 1 0 29 1 9 10 2 9 10 3 0 0 0 0 0 0 8 0 0 0 0 5 0 0 0 0 0 0 0 13 0 27 74 70 0 1 2 6 1 0 13 0 0 0 0 0 0 0 0 0 0 0 0 0 0 0 0 0 2 0 
 0 0 2 0 0 0 0 0 0 0 0 0 0 0 0 0 0 3 0 0 3 67 3 97 3 3 3 3 273 129 83 5 3 3 3 3 141 68 3 3 37 47 50 125 45 26 251 82 335 132 25 41 0 373 70 41 40 27 112 169 0 0 0 0 0 1 0 0 0 0 0 0 0 0 7 0 0 0 1 0 0 0 0 0 0 0 0 0 0 0 0 0 0 0 0 0 0 0 0 0 0 0 0 0 31 30 0 0 4 10 0 0 0 0 0 0 18 0 0 0 24 22 30 40 22 0 10 11 17 11 9 0 0 30 9 25 12 10 29 17 0 0 0 0 0 0 0 0 0 0 0 0 0 0 0 0 8 0 0 0 0 0 4 0 0 0 9 0 0 0 0 0 0 0 0 0 0 0 0 0 10 0 7 6 20 13 0 0 0 0 0 16 0 0 0 0 16 0 0 0 36 7 0 0 0 0 1 12 41 21 23 0 2 20 8 12 0 0 0 0 0 0 0 0 0 7 0 0 0 0 0 0 0 0 0 0 0 0 3 5 0 0 0 0 0 0 0 0 0 0 0 1 0 0 0 0 0 0 66 0 1 0 0 0 2 2 0 0 0 0 0 0 0 0 0 0 0 0 0 14 0 0 0 0 0 0 0 0 2 4 
 3 3 3 3 3 3 8 3 3 3 3 3 3 3 3 3 3 3 2 3 0 0 0 0 0 1 0 0 0 65 0 53 0 3 0 0 62 0 0 0 150 90 127 131 88 48 110 451 217 171 46 56 373 0 359 130 100 102 81 162 0 0 4 0 0 5 0 0 1 0 7 0 0 0 2 0 0 5 0 0 0 0 0 0 0 0 0 0 0 0 0 0 0 0 0 0 0 0 0 0 0 0 0 14 0 0 0 0 0 0 10 0 0 0 0 0 0 0 0 0 20 13 11 6 10 0 0 13 56 0 11 0 33 11 7 26 18 13 0 16 0 0 0 0 0 0 0 0 0 0 0 0 0 0 0 0 0 0 0 0 0 0 0 0 0 0 0 0 0 10 0 0 0 12 0 0 6 0 0 0 0 0 0 0 0 24 0 0 0 0 0 14 0 0 0 0 0 0 0 0 10 0 24 16 0 9 7 26 12 37 37 0 0 12 0 0 0 0 20 8 0 0 0 2 30 0 0 0 0 0 0 0 0 0 1 0 0 0 0 0 0 0 0 0 0 0 0 0 0 0 0 8 0 0 5 0 0 54 0 0 0 0 1 0 0 1 2 0 1 0 0 0 0 0 0 0 0 0 0 5 0 0 0 0 0 0 0 0 2 0 
 2 2 2 2 2 2 2 2 2 2 5 2 2 2 2 2 2 2 3 2 0 0 0 73 0 1 3 0 0 0 0 0 0 0 0 0 0 3 0 0 107 116 74 193 63 39 104 109 195 229 75 41 70 359 0 78 352 104 153 159 0 0 0 0 6 1 0 0 0 0 0 0 0 0 9 0 0 1 1 0 0 0 0 0 0 0 0 0 0 0 0 0 0 0 0 0 0 0 0 0 0 0 0 0 0 0 0 0 0 0 0 0 0 0 0 0 0 0 0 0 0 26 35 29 15 0 9 1 20 12 20 14 2 33 9 48 13 42 0 0 0 0 0 0 0 5 0 0 0 0 10 0 0 0 0 0 0 0 0 2 0 0 0 0 13 6 0 0 0 0 0 0 0 0 16 0 0 4 0 0 0 0 0 0 0 0 0 0 0 0 0 0 0 0 0 0 0 0 0 0 0 8 20 0 8 0 0 43 46 20 25 7 20 0 12 13 30 12 0 3 0 0 0 0 0 0 0 0 0 0 0 0 0 0 0 0 0 0 6 15 0 0 0 0 0 0 0 0 0 0 0 7 0 2 0 0 0 0 0 2 0 0 0 1 2 12 0 0 2 0 0 0 0 0 0 0 0 0 0 0 0 0 0 0 4 0 0 0 1 0 
 2 0 2 0 0 0 4 0 0 0 2 0 0 0 0 0 0 0 5 0 0 2 0 0 2 0 0 2 0 3 0 0 35 0 1 0 0 0 0 0 260 105 190 118 88 141 308 271 147 258 214 405 41 130 78 0 302 81 51 319 1 0 0 0 0 1 1 0 4 0 0 25 0 0 5 59 0 2 0 52 0 0 0 0 0 0 0 0 0 0 0 0 0 0 0 0 0 0 0 0 0 0 0 0 0 18 2 0 0 0 0 0 0 0 0 0 0 0 0 0 0 46 0 19 1 3 1 28 0 3 33 39 5 0 5 26 27 11 0 0 10 0 0 0 0 0 15 0 0 0 0 0 15 1 11 0 2 0 7 54 0 0 0 0 0 2 0 0 0 0 0 0 0 1 2 0 0 4 0 0 0 0 0 0 0 0 0 0 0 0 0 0 0 0 0 0 0 0 0 0 0 0 41 25 0 9 0 0 11 10 9 38 0 7 0 17 28 0 0 0 35 0 9 0 0 11 4 0 0 0 7 0 12 0 0 4 0 0 28 7 0 0 0 0 0 0 0 0 0 25 0 6 0 2 0 0 0 0 0 1 13 0 8 63 0 2 0 0 2 0 25 0 0 0 0 0 0 0 0 0 0 0 0 0 5 11 0 11 0 0 
 3 9 6 3 5 1 2 2 3 3 6 4 1 3 1 2 4 5 0 1 3 4 3 2 2 2 2 3 2 210 7 6 3 8 3 3 1 3 3 3 103 42 262 102 109 74 40 37 289 179 98 146 40 100 352 302 0 111 427 282 53 2 0 3 0 1 51 0 6 1 207 3 0 60 5 0 0 4 0 25 0 0 0 0 0 0 0 0 0 0 0 0 0 0 0 0 0 0 0 0 0 0 0 0 0 12 0 0 0 0 0 0 0 0 0 0 0 0 0 7 0 20 0 10 8 32 7 9 0 27 19 7 6 0 1 11 19 9 0 4 0 0 0 0 0 0 10 0 0 0 0 0 0 0 6 0 10 11 10 0 0 0 0 0 0 6 0 0 0 0 0 0 0 0 6 4 0 3 0 0 0 0 0 0 1 0 0 0 7 0 0 12 0 0 0 0 0 0 0 0 0 17 16 14 29 4 4 29 1 10 21 9 0 8 10 39 10 24 1 6 4 10 8 0 0 0 11 0 0 0 0 0 11 0 0 9 0 0 9 32 0 0 0 0 0 18 0 0 0 0 0 7 0 1 0 0 0 0 0 2 0 0 66 1 0 7 1 0 0 0 11 0 0 0 0 0 0 0 0 0 0 0 0 0 0 10 0 0 0 0 
 0 0 0 0 0 0 0 0 0 0 0 3 0 3 0 0 0 61 0 62 203 3 4 0 2 0 1 0 0 6 43 0 0 1 8 4 0 8 0 2 93 152 68 421 56 110 22 25 56 132 91 103 27 102 104 81 111 0 47 102 0 0 0 61 25 0 0 0 4 44 0 9 1 0 1 0 0 0 0 0 0 0 8 0 0 0 0 0 0 0 0 0 0 0 0 0 0 0 0 0 0 0 0 3 0 9 0 2 0 0 0 0 0 0 0 0 3 0 0 0 0 10 0 30 9 28 1 13 0 11 9 0 29 14 1 18 19 47 5 0 10 13 1 0 0 0 0 0 0 0 7 0 0 6 0 15 0 0 10 0 0 0 0 0 4 1 0 0 0 4 0 2 0 0 0 0 0 0 0 0 0 0 0 5 6 0 1 0 0 0 5 0 5 0 5 3 1 2 0 0 0 0 22 36 12 2 0 0 0 42 11 22 18 22 0 16 1 10 0 19 11 13 0 0 0 0 11 0 0 0 0 0 0 0 20 0 0 0 11 0 0 0 0 0 0 0 0 0 0 0 0 15 0 1 0 0 0 0 0 13 0 2 2 0 64 3 2 0 2 0 0 0 0 0 0 0 0 0 0 0 0 4 0 0 18 13 0 9 1 0 
 0 0 57 0 0 0 0 0 0 0 0 0 0 0 0 0 3 0 0 0 3 64 68 169 125 267 0 4 3 100 66 26 0 6 3 0 75 5 0 0 48 26 322 299 280 22 52 50 132 129 36 28 112 81 153 51 427 47 0 294 0 0 0 0 0 0 0 0 0 0 0 0 0 8 0 0 0 0 0 0 0 0 0 0 0 0 0 0 0 0 0 0 0 21 0 0 0 0 0 0 0 3 6 40 31 56 0 4 0 0 0 0 0 0 0 0 11 0 0 0 0 10 0 0 0 0 37 9 0 0 11 7 9 21 0 7 0 10 33 16 0 0 0 0 0 0 0 0 0 0 0 0 0 5 0 0 0 0 0 0 0 0 4 0 0 0 0 0 0 0 0 0 0 0 0 0 12 0 0 0 10 0 7 14 43 26 0 17 12 0 9 10 8 0 4 3 22 1 0 0 18 11 0 0 0 0 1 0 0 0 6 0 12 0 11 6 0 0 32 0 0 0 0 0 0 0 0 0 0 0 0 0 0 0 1 0 0 0 0 0 0 0 0 0 0 0 0 0 0 0 0 27 0 2 0 0 0 74 66 0 0 0 0 0 1 0 0 0 2 0 0 0 0 0 0 0 0 0 0 0 0 0 0 0 0 0 0 0 0 0 
 0 0 0 0 0 0 0 39 0 0 80 0 0 0 1 2 2 0 0 0 2 0 68 62 0 72 0 1 36 2 63 3 0 6 0 0 0 141 0 0 41 39 51 129 81 59 124 51 137 404 65 59 169 162 159 319 282 102 294 0 0 0 0 0 0 0 0 0 0 0 0 0 0 0 7 0 0 0 0 0 0 0 0 0 0 0 0 0 0 0 0 0 0 0 0 0 0 0 0 0 0 0 0 0 12 2 0 0 20 4 0 0 0 0 0 20 14 0 0 0 13 24 13 11 6 1 12 1 23 30 15 0 0 5 10 13 8 1 0 2 0 0 0 0 0 0 0 0 0 20 27 0 0 0 0 0 0 0 0 0 0 6 0 0 0 0 0 0 0 0 0 0 0 0 0 0 11 0 0 0 0 0 0 23 0 0 0 0 0 0 19 13 0 0 0 0 21 0 0 0 0 0 17 0 0 0 0 7 22 44 18 8 6 22 9 13 0 8 40 15 0 0 0 0 0 0 0 0 0 10 0 0 0 0 0 0 0 0 0 0 0 0 0 0 0 0 0 0 0 0 0 11 0 1 0 0 0 1 0 2 0 0 0 0 1 2 4 0 0 0 0 0 0 0 0 0 0 0 0 23 0 0 0 0 1 0 0 0 0 0 
 1 55 3 0 14 0 0 0 0 1 4 0 0 7 1 0 2 6 0 0 0 1 0 0 0 50 0 3 36 0 0 0 0 0 0 0 0 0 5 0 0 0 1 1 0 7 0 4 2 69 50 51 0 0 0 1 53 0 0 0 0 212 81 62 255 22 229 113 87 140 309 25 130 22 111 19 82 84 552 94 0 0 0 0 0 0 0 0 0 0 0 0 0 0 0 0 0 0 0 0 0 0 0 0 0 0 4 4 0 0 0 0 0 0 0 0 8 0 0 0 0 0 0 0 30 2 0 0 0 3 4 16 0 0 0 0 0 0 0 0 0 30 27 17 0 0 0 1 0 0 0 0 0 0 14 14 0 0 1 0 0 0 0 0 0 0 0 0 0 0 0 1 0 0 0 0 0 0 0 0 0 0 0 0 0 0 0 0 0 0 0 0 0 0 0 0 0 0 0 0 0 0 0 1 4 28 0 0 0 0 9 0 0 0 0 0 1 0 0 0 9 12 20 1 1 3 17 1 1 0 1 9 0 10 3 0 0 22 5 0 0 0 0 0 0 0 0 0 0 1 0 0 0 0 9 0 0 0 0 0 0 0 1 0 0 0 20 0 0 0 14 0 0 0 1 1 0 0 0 0 0 0 0 0 0 8 0 0 0 0 
