 0 574 319 196 58 128 179 119 126 121 28 174 146 119 207 273 241 227 24 212 0 4 4 0 3 0 7 0 3 1 0 5 1 0 1 0 6 2 2 0 0 0 0 0 0 0 0 0 3 0 0 1 0 2 0 2 6 1 4 0 6 0 0 0 1 0 0 0 0 0 0 0 0 2 0 0 0 0 3 0 18 0 32 29 40 17 8 21 34 13 2 0 12 33 24 41 2 24 0 0 31 0 0 0 0 0 0 0 0 0 0 0 0 0 1 0 0 0 20 0 0 0 0 0 0 1 1 0 0 0 0 0 0 0 0 0 0 11 0 0 0 1 0 0 0 0 0 0 7 0 0 0 0 0 0 0 0 0 0 0 1 21 10 17 2 9 10 35 10 8 50 0 0 27 17 30 0 8 11 22 1 0 0 0 0 0 0 0 0 2 0 0 9 1 0 0 0 0 0 0 0 0 0 0 0 0 0 0 0 0 0 0 0 2 0 0 0 0 0 0 0 0 0 0 8 0 0 0 1 2 0 0 0 0 0 0 0 2 0 0 0 15 0 0 0 2 49 0 2 2 1 20 0 0 0 0 0 0 0 2 0 0 11 0 0 0 0 0 0 0 0 0 0 0 0 48 0 0 0 0 0 0 0 0 0 0 0 0 0 0 
 574 0 209 72 132 36 125 64 61 141 132 80 253 306 45 209 41 217 173 133 0 0 8 0 3 3 2 2 4 0 0 0 1 8 0 0 2 0 0 0 0 0 0 0 5 0 0 2 3 62 3 1 3 2 0 5 0 0 0 0 0 1 0 0 5 0 0 3 0 0 0 0 0 2 48 0 0 0 3 0 9 11 25 60 10 22 8 0 15 15 10 21 10 33 23 45 11 40 19 10 10 0 0 0 1 0 0 0 1 0 2 0 0 0 0 2 0 0 0 0 0 0 0 0 0 0 0 0 0 14 0 0 2 0 0 0 0 0 0 0 0 0 0 0 1 0 0 0 0 0 0 1 0 0 0 0 0 7 0 0 9 0 0 1 0 0 0 2 0 9 0 0 28 2 0 1 0 19 9 31 0 0 0 0 0 2 0 0 0 0 0 0 0 0 17 0 0 0 0 0 0 0 0 0 0 0 0 0 0 0 0 0 0 0 0 0 0 12 0 12 0 14 0 0 0 0 0 0 0 0 21 0 0 0 0 2 0 0 0 0 0 16 0 0 0 0 88 0 0 181 0 12 15 0 0 2 0 0 0 0 0 0 11 0 0 0 0 0 59 0 0 0 0 0 0 0 2 0 0 0 0 0 0 0 0 0 0 0 0 0 
 319 209 0 124 288 41 284 136 308 181 90 485 378 170 194 282 165 124 266 370 0 0 3 0 3 0 2 0 3 0 0 0 0 0 0 0 2 0 0 0 0 0 0 0 3 0 0 0 1 0 0 3 0 3 0 2 0 0 0 0 0 0 0 0 0 0 0 0 0 0 0 0 0 0 0 0 0 0 1 0 24 7 32 28 0 0 11 53 17 22 0 53 20 36 11 64 22 56 18 11 0 0 0 0 0 0 0 0 9 0 0 0 0 11 0 0 1 0 0 0 0 0 0 0 0 0 0 0 0 0 0 0 0 0 0 0 0 0 0 0 0 0 0 0 0 0 0 0 7 0 0 0 0 0 0 0 0 0 0 0 28 7 0 34 0 0 0 52 13 8 15 0 10 3 24 0 30 24 15 0 9 0 0 0 0 8 0 0 0 0 0 0 0 0 0 0 0 0 0 1 0 0 0 0 0 0 0 0 0 1 0 0 0 0 0 0 0 0 0 0 0 0 0 0 0 0 0 0 0 0 0 0 0 0 0 0 0 0 0 0 0 0 0 0 0 0 203 0 2 4 2 10 0 0 0 0 0 0 0 0 0 0 0 0 0 0 0 0 0 0 0 0 0 0 0 5 0 0 0 0 0 0 0 0 0 0 0 0 0 0 
 196 72 124 0 87 181 180 187 225 112 69 152 68 98 167 72 281 257 97 84 0 3 59 0 82 1 5 2 3 0 0 1 1 0 0 0 2 0 75 0 0 3 0 3 0 3 0 0 6 0 0 3 0 12 0 2 0 0 0 2 0 1 0 0 1 0 0 0 0 0 2 0 0 0 3 0 0 0 5 0 10 0 14 0 3 17 0 29 28 0 57 11 2 14 26 0 31 30 0 0 0 0 0 0 0 0 6 0 1 0 0 2 40 19 10 0 58 0 11 9 0 0 2 0 0 0 0 0 0 0 0 0 0 0 0 0 0 0 0 0 0 0 2 0 0 0 1 0 0 2 0 0 0 0 9 0 0 0 1 0 0 21 58 18 48 1 0 11 10 19 29 0 0 0 0 28 12 21 0 0 2 0 0 0 0 0 32 0 0 0 0 0 0 11 13 0 0 0 16 26 0 0 0 0 0 0 0 0 0 0 0 0 2 0 14 0 0 0 0 0 0 0 0 0 0 0 0 0 0 0 0 0 0 0 0 0 0 0 0 0 0 0 0 0 0 4 2 1 3 89 0 5 0 0 0 0 0 0 0 0 0 0 0 0 0 0 0 0 0 0 0 0 0 0 0 16 18 0 0 0 0 0 0 0 0 0 0 0 0 0 
 58 132 288 87 0 315 65 142 198 184 250 295 97 58 139 195 144 57 74 72 0 2 3 0 3 73 75 188 77 0 2 0 153 76 93 73 4 0 22 114 0 0 2 0 0 0 55 0 63 3 0 6 0 3 0 69 0 0 0 0 0 1 0 0 3 0 0 2 0 0 0 1 0 2 0 0 0 0 1 0 0 0 20 1 0 0 0 0 9 0 0 8 0 0 0 0 4 0 0 0 0 1 1 9 0 0 1 23 15 2 0 0 30 9 0 0 64 10 4 19 0 0 1 0 0 0 0 0 0 0 6 0 0 0 0 0 0 0 0 0 0 0 0 0 0 0 4 0 0 0 0 0 0 0 0 14 0 0 0 0 10 1 18 20 10 0 0 0 14 3 23 1 0 0 0 6 0 0 0 0 30 0 10 0 0 0 9 0 0 0 0 0 1 22 27 2 2 0 40 49 0 0 0 0 0 0 0 0 0 0 0 0 0 0 1 0 0 0 0 0 0 0 0 0 0 0 0 0 0 0 0 0 0 0 0 0 0 0 0 0 0 0 0 0 0 5 0 0 2 2 2 19 0 0 0 0 0 0 0 0 0 0 0 0 0 0 0 0 0 0 0 0 0 0 0 31 16 1 0 12 0 0 0 0 0 0 0 0 0 0 
 128 36 41 181 315 0 57 429 333 320 148 48 54 44 147 59 363 221 268 271 2 0 3 0 2 0 134 158 5 2 1 0 163 0 79 0 4 0 87 231 8 0 0 0 6 0 61 0 1 0 0 3 2 4 0 2 0 0 0 4 0 0 0 0 0 0 4 2 0 0 0 4 6 0 0 0 0 0 1 0 0 0 14 21 20 22 0 0 16 11 30 28 0 0 65 16 12 0 0 0 0 10 0 0 0 0 10 24 0 0 0 0 23 17 0 0 2 0 1 27 16 0 1 0 0 0 0 0 0 0 0 0 0 0 0 0 0 0 0 0 0 0 0 2 0 0 7 0 0 0 0 0 0 0 0 0 0 0 0 0 0 0 31 27 33 10 0 7 12 32 24 15 0 1 0 38 0 0 0 15 10 14 0 0 0 0 63 0 0 0 0 0 0 34 23 0 0 0 37 22 0 0 0 0 0 0 1 0 0 0 0 0 0 0 0 0 0 0 0 0 0 0 0 0 0 0 0 0 0 0 0 0 0 0 0 0 0 0 0 0 0 0 0 0 0 9 8 5 87 1 0 18 0 0 0 0 0 0 0 0 1 0 9 0 0 1 0 0 0 0 0 0 0 0 0 22 0 13 0 0 0 0 0 0 0 0 0 0 0 0 
 179 125 284 180 65 57 0 202 61 46 29 33 181 370 148 146 122 336 143 417 0 1 4 0 3 0 2 0 3 1 0 0 0 0 0 5 2 0 0 0 0 0 0 0 0 0 0 0 2 0 0 2 0 9 0 2 0 0 0 0 0 0 0 0 5 0 0 0 0 0 31 0 0 0 0 0 0 1 2 0 0 16 31 23 0 5 21 10 0 23 0 17 23 0 0 14 14 27 43 10 0 0 0 0 2 0 0 10 2 0 1 0 0 0 0 1 0 0 0 0 0 0 0 0 0 0 0 0 0 0 0 0 1 0 2 0 0 0 0 0 0 0 4 0 2 1 0 0 0 0 0 2 0 0 0 0 0 2 0 0 0 0 19 1 2 1 0 14 12 0 4 3 0 21 19 12 5 9 9 47 0 0 0 0 0 1 0 0 2 0 0 0 0 0 0 10 0 0 3 0 0 0 1 0 0 0 0 0 0 0 0 0 0 0 0 0 0 0 0 0 0 27 0 0 0 0 0 2 0 0 0 0 0 0 0 0 0 0 0 0 0 9 0 0 0 0 88 0 2 3 0 15 0 0 0 0 0 0 0 0 0 0 12 0 0 0 0 0 0 0 0 0 0 0 0 4 13 0 0 0 0 0 0 0 0 0 0 0 0 0 
 119 64 136 187 142 429 202 0 139 116 134 218 113 167 52 211 122 148 74 282 0 2 3 0 3 0 2 0 3 0 0 0 0 2 0 0 2 0 0 0 4 0 0 0 3 0 0 0 1 0 0 3 0 3 0 2 0 0 63 0 0 0 0 1 4 0 0 0 0 0 0 10 0 0 0 0 0 0 0 0 39 0 31 43 0 1 0 19 14 16 0 34 14 16 22 10 0 54 13 2 0 0 1 0 0 0 0 0 0 0 0 0 37 2 0 0 0 0 10 3 0 0 0 0 0 0 0 0 0 0 2 0 0 18 0 0 0 0 0 0 0 0 0 0 0 0 0 0 4 0 0 0 0 0 0 1 0 0 0 0 38 11 13 0 28 0 0 12 33 2 14 0 10 14 0 0 31 12 12 0 0 0 0 0 0 0 0 3 0 0 0 0 0 14 0 0 0 0 14 0 0 0 0 0 1 0 0 0 0 0 0 0 0 0 0 0 0 0 0 0 0 0 0 0 0 0 0 0 0 0 0 0 0 0 0 0 0 22 0 0 0 0 0 0 0 0 176 2 2 0 8 9 0 0 0 0 0 0 0 0 0 0 0 0 0 0 0 0 0 0 0 0 10 0 0 14 0 0 0 0 0 0 0 0 0 2 0 0 0 0 
 126 61 308 225 198 333 61 139 0 180 207 146 210 94 505 170 270 140 183 63 0 0 3 2 3 0 2 0 3 0 0 0 76 0 0 0 2 0 0 0 0 0 0 0 0 0 0 0 0 0 0 3 0 3 0 2 0 0 0 0 0 0 0 0 0 0 0 0 0 0 0 0 0 0 0 0 0 0 0 0 19 0 19 19 5 2 0 8 65 24 64 29 16 0 16 49 55 0 19 12 0 10 0 0 0 0 8 0 0 0 0 0 20 0 14 0 0 0 0 2 0 0 7 0 0 1 0 0 0 0 0 0 0 1 0 0 0 0 0 0 0 0 0 0 0 0 0 0 0 0 0 0 0 0 0 0 0 25 0 0 0 1 45 44 41 0 0 30 7 46 31 8 0 0 9 15 22 14 11 19 10 0 0 0 0 0 31 0 0 2 0 0 0 1 0 0 0 0 11 0 0 0 0 0 0 0 0 0 0 0 0 0 0 2 0 0 0 0 0 0 0 0 0 0 0 0 0 0 1 2 0 0 0 0 0 0 0 2 0 0 0 0 0 0 0 0 2 0 1 0 0 6 0 0 0 0 0 0 0 0 0 0 42 0 0 0 0 0 0 0 0 0 0 0 0 11 0 8 0 0 0 0 0 0 0 0 0 0 0 0 
 121 141 181 112 184 320 46 116 180 0 275 144 173 183 216 357 428 323 289 117 0 0 3 0 5 3 150 74 3 0 0 0 43 22 0 1 3 0 0 74 0 0 0 3 0 0 0 0 1 0 0 3 6 3 0 2 0 0 0 0 0 0 0 0 0 0 0 0 0 0 0 0 0 0 0 0 0 1 46 0 27 0 27 1 15 16 0 0 4 30 2 40 0 41 14 60 25 15 7 11 39 12 0 0 0 0 0 1 10 0 0 0 2 11 0 0 0 0 0 20 0 0 33 0 0 0 0 13 0 0 0 2 0 0 0 1 0 2 2 8 0 0 0 0 0 0 1 0 0 0 0 0 0 0 0 0 0 0 0 0 51 7 19 25 12 0 0 30 6 31 0 20 9 0 10 0 38 14 9 0 28 0 0 0 0 0 23 0 0 0 0 0 0 23 22 0 0 15 16 17 0 0 0 0 0 0 0 2 0 0 2 1 0 0 0 0 0 0 0 0 0 0 0 0 0 0 2 0 0 0 0 0 0 0 0 0 0 0 0 0 0 19 0 0 0 2 94 3 0 1 0 3 0 0 0 0 0 0 0 0 0 0 0 40 0 0 0 0 0 0 0 0 0 0 0 0 0 10 0 0 0 0 0 0 0 0 0 0 0 0 
 28 132 90 69 250 148 29 134 207 275 0 173 39 119 67 79 310 57 283 83 0 1 5 0 3 0 150 2 3 0 0 0 104 80 0 1 2 0 77 0 0 0 0 0 0 0 0 0 3 4 0 0 0 8 0 2 0 3 0 0 0 0 0 0 1 0 0 0 0 0 0 0 0 0 0 0 0 0 3 0 0 13 0 30 14 0 0 0 15 14 0 17 0 0 3 13 44 0 0 0 2 2 0 0 0 0 17 0 9 0 0 0 2 36 0 0 16 0 12 17 0 0 18 0 0 0 0 10 0 0 0 0 0 0 0 0 0 0 0 0 0 0 0 0 0 0 0 2 0 0 2 0 0 0 0 0 0 0 0 0 1 0 12 19 33 2 0 0 14 10 0 43 0 0 0 1 31 21 0 1 49 0 0 0 0 0 27 0 0 0 0 0 2 14 65 0 0 0 30 14 0 2 0 0 0 0 0 0 0 0 0 0 0 0 0 1 1 0 0 0 0 0 0 0 0 0 0 0 0 0 0 1 0 0 0 0 0 0 2 0 0 0 0 0 0 1 0 0 0 4 22 15 0 4 0 0 0 0 0 0 0 0 0 0 0 0 2 0 0 0 0 0 0 0 0 0 0 7 0 0 0 0 0 0 0 0 0 0 0 0 
 174 80 485 152 295 48 33 218 146 144 173 0 64 37 26 137 99 157 30 47 0 0 3 0 3 0 76 80 3 0 0 0 76 1 0 0 75 0 19 148 0 0 0 0 0 0 0 0 1 0 0 3 0 3 0 2 0 0 0 0 0 0 0 0 0 0 1 0 0 0 0 0 0 0 0 0 0 0 0 0 0 0 15 41 1 17 0 8 12 18 13 34 0 8 3 13 2 34 8 0 16 0 0 0 1 0 22 9 0 0 0 0 37 1 27 0 0 1 20 19 0 0 0 1 0 0 0 0 0 0 0 0 0 0 0 0 0 0 0 0 0 1 0 0 0 0 0 0 4 0 0 0 0 0 0 2 0 0 0 0 1 6 0 0 17 31 18 17 27 0 15 0 0 14 0 7 0 12 0 14 3 0 0 0 0 0 0 1 0 0 0 2 0 81 0 0 0 14 0 0 0 0 0 0 0 0 0 0 1 0 0 0 0 0 0 0 0 0 0 0 1 0 0 0 0 0 0 0 0 17 0 0 0 0 0 0 0 0 0 0 0 14 0 0 0 2 98 4 0 4 14 5 0 0 0 0 0 0 0 0 0 0 8 0 0 0 0 0 0 0 0 0 0 0 0 15 0 0 0 0 0 0 0 0 0 0 0 0 0 0 
 146 253 378 68 97 54 181 113 210 173 39 64 0 329 186 67 34 131 83 165 1 0 3 0 6 0 2 0 3 0 0 0 0 0 0 0 2 0 0 0 66 0 0 0 7 1 0 65 0 0 0 3 0 3 0 2 6 0 0 0 0 0 0 0 1 0 0 0 0 0 0 0 0 0 0 0 1 0 0 5 25 13 16 0 0 0 25 13 0 7 0 0 12 13 9 49 1 14 9 21 0 0 0 0 0 0 0 0 0 0 0 0 0 0 0 0 0 0 0 0 0 0 0 0 0 0 0 0 0 0 0 0 0 0 0 0 0 0 0 0 0 0 7 0 0 0 0 0 0 25 0 0 0 0 0 0 0 4 0 0 10 31 22 13 0 0 0 8 13 9 7 2 0 1 23 0 25 10 27 0 0 0 0 0 0 0 0 0 0 0 0 0 0 0 0 0 0 0 0 0 0 0 0 0 0 18 11 0 0 0 0 0 0 0 0 0 0 0 0 0 0 0 0 0 0 0 0 0 0 0 0 0 0 0 0 0 0 0 30 0 0 0 0 0 0 0 0 2 0 3 0 0 0 0 0 0 0 0 0 0 0 0 0 0 0 0 0 0 0 0 0 0 0 0 0 0 0 0 0 0 0 0 0 0 0 0 0 0 0 0 
 119 306 170 98 58 44 370 167 94 183 119 37 329 0 95 195 348 125 192 114 0 0 83 0 3 0 2 0 3 0 0 0 0 2 0 0 2 0 0 0 0 0 0 0 7 0 0 0 3 0 0 1 0 64 0 2 6 0 0 0 0 0 0 0 2 0 0 0 0 0 0 0 0 0 0 0 0 0 3 0 27 33 16 47 23 25 0 5 18 22 13 0 13 7 20 7 10 14 11 0 9 0 0 0 0 0 0 0 0 12 0 0 0 0 0 0 0 0 0 0 0 0 0 0 0 0 0 0 0 0 0 0 0 0 0 0 0 0 0 0 0 0 0 0 12 0 0 0 0 0 0 0 0 0 0 0 0 0 0 0 10 39 10 0 0 1 0 33 12 0 0 2 49 20 9 0 23 11 12 28 0 0 0 0 0 0 0 0 0 0 0 0 0 0 0 0 0 0 0 0 1 0 0 0 16 0 0 0 0 0 0 0 0 0 0 0 19 0 0 0 0 0 1 0 0 0 0 0 0 0 0 0 0 0 0 0 0 0 0 0 0 0 0 0 0 2 3 0 0 175 7 9 47 0 0 0 0 0 0 0 0 0 0 0 0 0 0 0 0 0 0 0 0 0 0 0 0 0 0 0 0 0 0 0 0 0 0 0 0 0 
 207 45 194 167 139 147 148 52 505 216 67 26 186 95 0 81 135 19 291 125 0 1 4 0 3 0 2 0 3 0 0 0 0 0 1 0 2 0 0 0 0 0 0 0 0 0 64 0 3 0 0 1 0 9 0 2 0 0 0 0 0 0 0 0 2 0 0 0 0 0 0 0 0 0 0 0 0 0 37 0 28 2 10 1 17 0 0 44 43 38 27 1 12 45 35 18 2 26 0 0 0 0 0 0 2 0 0 0 2 0 0 0 0 0 0 1 0 0 0 0 0 0 0 0 0 0 0 0 0 0 0 16 1 0 2 0 0 0 20 0 0 0 0 0 2 1 0 0 0 0 0 6 0 9 0 0 0 0 0 10 36 0 18 40 17 1 0 32 0 28 20 0 0 0 11 19 21 10 10 0 0 0 0 0 0 1 18 0 2 0 0 0 0 0 0 0 0 0 1 0 0 0 1 0 0 0 0 0 0 0 0 0 0 0 0 0 0 0 0 0 0 0 0 0 0 0 0 2 1 1 0 0 0 0 0 0 0 0 0 0 0 0 0 0 0 0 0 2 2 90 0 4 0 0 0 0 0 0 0 0 0 0 0 0 0 0 0 0 0 0 0 0 0 0 0 0 12 0 0 0 0 0 0 0 0 0 0 0 0 0 
 273 209 282 72 195 59 146 211 170 357 79 137 67 195 81 0 54 205 51 159 0 0 3 0 4 0 2 3 3 0 2 1 0 0 0 0 3 0 6 0 0 0 2 0 0 0 3 0 4 3 0 5 0 3 0 2 0 0 0 0 0 1 0 0 2 0 0 2 0 0 0 0 0 2 0 0 0 0 2 0 16 1 41 14 12 20 12 18 28 10 22 19 0 40 10 60 1 55 22 11 18 0 5 0 0 0 0 0 0 0 0 0 0 0 0 0 0 0 1 0 0 0 0 0 0 0 0 0 0 0 0 0 0 0 0 0 0 0 0 0 0 1 0 0 0 0 0 0 6 0 0 0 0 0 0 0 1 0 0 0 29 6 0 21 0 7 19 47 11 0 25 0 30 14 6 0 15 2 0 32 0 0 0 0 0 0 0 0 0 0 0 0 0 1 0 0 0 0 1 8 0 0 0 0 0 2 0 0 0 0 0 1 0 0 0 1 0 0 0 0 1 0 0 0 5 0 2 0 0 0 0 0 0 0 0 0 8 0 0 0 0 20 0 0 0 0 46 30 1 106 1 22 16 0 0 17 0 0 0 0 0 0 0 0 0 0 0 0 0 0 0 0 0 2 0 15 0 0 0 0 0 0 0 0 0 0 0 0 0 0 
 241 41 165 281 144 363 122 122 270 428 310 99 34 348 135 54 0 67 47 256 0 0 3 0 3 2 2 0 5 0 0 0 156 0 0 0 2 0 0 100 0 0 0 0 0 0 1 0 1 0 0 3 0 6 0 2 0 0 0 5 0 0 2 0 1 0 0 0 0 0 0 0 0 0 0 0 0 0 0 0 0 9 11 34 12 0 0 0 0 26 17 39 0 0 23 0 27 1 0 0 0 10 0 0 0 0 6 12 0 0 0 0 74 0 13 0 0 0 0 2 0 0 0 0 0 0 0 0 0 0 0 0 0 0 0 0 0 0 0 0 0 0 0 0 0 0 0 0 0 0 0 0 0 0 0 0 0 0 0 0 0 0 57 25 54 0 0 6 22 39 20 18 0 15 0 4 22 22 0 0 2 0 0 0 0 0 24 0 0 0 0 0 0 20 0 0 0 0 15 14 0 0 0 0 0 0 0 0 0 0 0 0 0 0 0 0 0 0 0 0 0 0 0 0 0 0 0 0 0 0 0 0 0 0 0 0 0 0 0 0 0 0 0 0 0 1 0 0 3 1 15 7 0 0 0 0 0 0 0 0 1 0 0 0 0 0 0 0 0 0 0 0 0 0 0 14 0 9 0 0 0 0 0 0 0 0 0 0 0 0 
 227 217 124 257 57 221 336 148 140 323 57 157 131 125 19 205 67 0 28 135 2 3 5 0 2 1 4 0 5 0 0 0 0 0 0 0 2 0 0 0 5 0 0 0 0 0 0 0 2 0 0 5 4 4 0 2 2 0 0 0 0 0 0 1 2 0 4 0 0 0 0 0 6 0 0 0 0 0 3 0 1 0 20 21 42 37 11 0 20 18 10 11 9 0 15 43 12 29 4 0 8 0 0 0 0 0 17 0 0 0 0 3 11 11 15 0 0 1 58 16 0 0 0 1 0 0 0 0 0 0 1 0 0 0 0 0 6 0 0 0 0 2 0 0 0 0 0 0 0 1 0 0 0 0 0 2 0 1 0 0 1 0 0 0 17 11 1 1 15 12 0 0 15 2 7 30 0 28 11 23 0 0 0 0 0 0 0 0 0 0 0 2 0 14 0 0 0 0 0 0 0 0 0 0 0 0 0 0 0 0 0 0 0 0 0 0 0 0 0 0 0 0 0 0 0 0 0 0 0 0 0 0 0 0 0 0 0 0 0 0 0 19 0 0 0 0 2 0 3 87 17 15 15 0 0 0 0 0 0 0 0 0 4 0 0 0 0 0 0 0 0 0 0 0 0 0 0 0 0 0 0 0 0 0 3 0 0 0 0 0 
 24 173 266 97 74 268 143 74 183 289 283 30 83 192 291 51 47 28 0 508 0 0 3 2 3 0 2 0 3 0 0 0 0 0 0 0 2 0 0 78 0 0 0 0 0 0 0 0 3 0 55 1 0 2 0 5 25 0 0 0 0 0 0 0 1 0 0 3 0 0 0 0 0 0 0 0 0 0 3 0 7 36 10 0 0 0 16 7 0 0 0 0 36 12 2 30 12 0 8 37 0 0 0 0 0 0 0 0 0 0 0 0 0 0 0 0 0 0 0 0 0 0 0 0 0 0 0 0 0 0 0 0 0 0 0 0 0 0 0 0 0 0 0 11 0 0 0 0 0 1 0 0 0 0 0 0 0 2 0 0 6 7 0 0 0 0 41 0 0 7 7 0 10 1 0 0 13 0 24 15 0 12 0 0 14 0 0 0 0 0 0 0 0 0 16 0 0 0 0 0 0 0 0 0 0 0 0 0 0 0 0 0 0 0 0 9 0 0 2 1 0 0 0 0 0 0 0 0 0 0 0 0 11 0 0 0 0 0 0 0 0 0 0 0 0 88 0 0 0 2 1 7 0 0 0 0 0 0 0 0 0 0 0 0 0 0 0 0 0 0 0 0 0 0 0 0 0 0 0 0 0 0 0 0 0 0 0 0 0 0 
 212 133 370 84 72 271 417 282 63 117 83 47 165 114 125 159 256 135 508 0 0 0 3 0 3 2 3 0 4 0 0 2 4 89 0 2 2 0 0 1 0 0 0 1 1 1 0 1 2 0 0 2 0 3 0 2 0 0 0 0 0 0 6 0 2 0 0 0 0 0 0 0 0 0 7 0 0 0 2 0 24 28 15 7 1 0 17 29 1 7 0 17 32 0 2 27 11 16 24 25 0 0 0 0 0 0 0 0 0 0 41 0 12 0 0 0 0 0 0 0 0 0 0 0 0 0 0 0 0 0 0 0 0 0 0 0 0 0 0 0 0 0 0 0 0 0 0 0 0 0 0 0 0 0 0 0 0 8 0 0 30 0 0 0 11 0 1 0 0 25 0 14 12 19 13 3 0 27 19 29 0 0 0 0 0 0 0 0 0 0 0 0 0 0 0 0 0 0 0 0 0 0 0 0 0 0 0 0 0 0 18 0 0 0 0 0 0 0 0 0 0 0 0 0 17 0 0 0 0 0 0 0 0 0 0 0 0 0 0 0 0 9 0 0 0 2 88 3 0 5 2 13 0 0 0 0 0 0 0 0 0 0 12 0 0 0 0 0 0 0 0 0 0 0 0 0 0 0 0 0 0 0 0 0 0 0 0 0 0 0 
 0 0 0 0 0 2 0 0 0 0 0 0 1 0 0 0 0 2 0 0 0 366 92 62 33 250 93 48 32 247 134 113 259 111 107 111 188 218 27 50 0 0 6 0 0 0 0 0 0 17 0 0 0 0 3 9 3 0 0 1 2 0 0 0 0 3 3 4 0 0 2 0 0 3 0 0 3 1 0 6 0 0 0 0 3 0 0 0 0 0 0 0 0 0 0 0 0 0 0 0 17 26 13 4 25 0 0 71 11 8 28 4 0 8 11 36 0 19 1 25 0 0 0 0 0 0 0 0 0 0 0 0 0 0 0 0 0 0 0 13 0 0 0 10 3 4 0 0 0 0 0 0 0 0 0 4 0 0 0 2 0 0 0 0 0 0 0 0 0 0 0 0 0 0 0 0 0 0 0 0 0 11 44 19 1 23 9 6 23 29 1 28 14 0 0 25 10 14 0 0 0 0 0 0 0 0 0 0 0 0 0 0 1 0 1 0 0 0 12 8 0 0 0 0 0 0 0 0 0 0 0 0 0 0 0 0 0 0 0 0 0 0 0 0 0 0 0 0 0 0 0 0 0 0 2 0 1 123 1 0 4 2 0 0 0 0 5 0 0 0 0 0 0 0 0 0 0 0 0 0 0 55 0 0 0 0 0 0 0 0 
 4 0 0 3 2 0 1 2 0 0 1 0 0 0 1 0 0 3 0 0 366 0 179 67 45 126 167 84 127 43 260 38 130 131 456 107 122 31 261 479 0 0 6 0 0 0 1 66 0 0 0 0 0 0 3 2 3 2 0 0 0 0 0 0 0 4 3 0 0 0 2 0 0 2 0 0 3 0 0 4 0 0 0 0 0 0 0 0 0 0 20 0 0 0 0 0 1 0 0 0 0 13 0 32 38 7 11 20 12 0 34 13 0 0 29 13 1 46 10 10 0 0 0 0 0 0 0 0 0 0 0 0 0 0 0 0 0 0 0 0 0 0 0 6 6 4 0 0 0 0 0 0 0 0 0 6 0 0 0 1 0 0 0 0 0 0 0 0 6 0 0 0 0 0 0 0 0 0 0 0 0 27 30 4 47 1 13 16 0 2 52 81 14 0 0 40 23 18 8 0 0 0 0 0 0 0 0 0 0 0 0 0 56 0 0 0 0 0 16 0 0 0 0 0 0 0 0 0 0 0 0 0 0 0 0 0 0 0 0 0 0 0 0 0 0 0 0 0 0 0 0 0 0 0 0 0 2 115 84 1 2 13 0 0 0 0 10 0 0 0 0 0 0 0 0 0 0 0 0 0 0 29 0 0 0 0 0 0 0 0 
 4 8 3 59 3 3 4 3 3 3 5 3 3 83 4 3 3 5 3 3 92 179 0 451 150 144 80 107 172 242 90 43 252 91 136 56 229 177 29 59 0 0 7 0 0 0 0 3 0 0 0 0 54 0 3 3 3 0 62 0 0 0 0 0 0 3 3 0 4 0 2 0 0 2 0 0 3 0 0 0 0 0 1 1 0 0 0 0 0 0 0 0 0 0 0 0 0 0 0 0 0 1 43 1 21 20 0 20 53 0 39 34 0 1 9 31 16 21 0 0 35 11 0 0 0 0 11 0 0 0 0 0 18 29 17 0 0 0 6 13 0 0 0 7 3 20 0 0 0 0 0 0 0 0 0 3 0 0 0 0 0 0 0 0 0 0 0 0 0 0 0 0 0 0 0 0 0 0 0 0 0 0 7 52 14 19 0 5 7 33 20 11 0 0 0 15 0 27 0 0 0 2 0 0 13 0 70 14 0 0 0 0 27 9 0 0 0 10 30 14 0 0 0 0 0 0 0 0 0 0 0 0 0 0 0 0 0 0 0 0 0 0 0 0 0 0 1 0 0 0 0 0 0 0 13 0 0 119 2 0 18 0 0 0 0 0 0 0 0 0 0 30 0 0 0 0 0 0 0 0 0 21 0 0 0 0 0 0 0 0 
 0 0 0 0 0 0 0 0 2 0 0 0 0 0 0 0 0 0 2 0 62 67 451 0 203 126 167 377 134 460 164 60 161 56 123 511 363 148 353 69 3 71 0 0 0 0 2 0 0 0 6 0 1 0 3 12 4 0 122 6 0 0 0 1 0 3 3 0 6 4 2 0 0 3 0 0 7 0 0 0 0 1 0 0 0 0 0 2 0 0 3 0 0 0 0 0 0 2 0 0 37 11 0 10 9 10 0 23 15 33 14 16 9 26 0 16 20 9 0 0 4 10 0 0 0 0 25 0 6 0 13 0 27 25 7 11 1 1 13 0 0 0 0 0 0 0 0 0 0 0 0 0 0 0 0 0 0 0 0 0 0 0 0 0 1 0 0 0 0 0 0 1 2 0 0 0 0 0 0 0 0 17 17 23 0 0 1 13 43 18 25 10 12 6 0 0 42 0 10 0 11 10 17 0 0 0 29 15 0 10 9 0 15 10 0 10 0 0 38 8 0 0 0 0 0 0 0 0 0 0 0 0 6 0 0 0 0 0 0 0 0 0 17 0 0 0 0 0 0 0 0 0 0 0 7 2 0 76 4 2 13 0 0 0 0 0 0 0 0 0 0 1 0 0 0 0 0 0 0 0 0 0 0 0 0 0 0 0 0 0 
 3 3 3 82 3 2 3 3 3 5 3 3 6 3 3 4 3 2 3 3 33 45 150 203 0 298 227 91 95 99 152 351 62 56 63 128 52 192 71 77 156 15 0 3 0 0 0 0 39 1 1 11 62 20 7 68 3 3 83 65 0 0 0 0 0 3 3 0 7 54 48 0 33 0 0 0 7 0 0 0 2 0 0 0 0 0 0 0 0 0 0 1 0 0 0 0 0 0 0 0 0 0 0 14 0 11 0 0 0 2 17 12 0 19 0 0 0 0 0 0 13 23 35 0 1 0 25 24 27 26 0 0 46 32 9 0 70 12 39 41 0 0 0 1 0 1 0 0 0 0 0 1 0 0 0 0 0 0 0 2 4 0 0 0 0 0 0 0 0 0 0 0 0 0 0 0 10 0 0 0 0 0 0 13 18 21 0 0 0 10 3 0 0 0 0 0 32 0 0 0 26 18 7 10 20 0 18 10 21 20 15 12 8 32 11 53 17 12 14 20 2 0 0 0 0 2 0 0 0 0 0 0 0 8 0 0 0 0 0 0 0 0 0 0 0 0 0 0 0 0 0 0 0 0 2 2 0 47 0 3 0 0 0 0 0 0 0 0 0 0 0 0 0 0 0 0 0 0 0 0 0 0 0 0 0 0 0 0 0 0 
 0 3 0 1 73 0 0 0 0 3 0 0 0 0 0 0 2 1 0 2 250 126 144 126 298 0 49 71 126 350 149 77 35 33 126 66 143 156 256 69 46 66 22 37 0 3 66 0 0 66 7 8 77 3 65 68 3 2 4 0 0 0 0 0 0 5 12 0 0 0 2 0 1 2 0 0 4 2 0 0 0 0 0 0 0 0 2 0 0 0 0 0 0 0 0 0 0 0 0 0 0 0 1 1 0 19 0 0 10 0 10 22 0 0 0 0 9 0 0 0 9 0 34 0 0 19 32 0 13 4 0 0 18 43 35 60 10 18 19 10 0 0 0 4 2 0 0 0 0 0 0 0 0 0 0 0 0 0 0 5 1 0 0 0 0 0 0 0 1 0 0 0 0 22 0 0 0 0 0 0 0 0 0 18 21 0 0 0 0 10 0 16 0 0 0 0 8 34 0 0 1 11 10 0 1 0 50 14 5 0 0 0 75 37 0 13 0 1 39 22 0 0 0 0 0 0 0 0 0 0 0 12 1 0 0 0 0 2 0 0 0 0 0 0 0 0 0 0 0 0 0 0 0 8 9 0 0 24 1 1 10 5 0 0 0 0 0 0 0 0 0 0 0 0 0 0 0 0 0 0 0 0 0 0 0 32 0 0 0 0 
 7 2 2 5 75 134 2 2 2 150 150 76 2 2 2 2 2 4 2 3 93 167 80 167 227 49 0 274 411 29 130 438 270 215 61 323 65 115 247 298 0 2 65 3 0 0 1 0 0 0 0 0 55 0 50 3 3 1 0 1 0 0 0 0 1 3 3 0 0 0 2 0 0 3 0 0 3 0 0 0 13 0 0 0 0 9 0 0 0 0 30 10 0 0 0 0 0 0 0 0 39 35 14 11 0 0 35 0 9 0 11 0 15 48 13 0 18 13 10 41 0 0 0 0 0 0 0 0 0 0 0 0 0 8 0 0 0 0 0 1 0 0 1 3 0 0 5 0 0 0 0 0 0 0 0 0 4 0 0 0 0 0 0 12 0 16 0 0 4 14 0 20 0 0 0 0 0 0 0 0 57 52 9 0 18 0 12 12 20 0 14 0 14 15 34 10 9 18 32 9 0 0 0 0 9 0 0 0 0 0 0 0 0 0 0 0 0 0 0 1 0 0 0 0 0 0 0 0 0 0 0 1 0 0 0 0 0 0 0 1 0 0 1 0 0 1 0 0 65 0 0 0 0 0 2 2 2 0 44 0 4 0 0 0 0 0 0 0 0 0 0 0 0 0 0 0 18 6 0 0 0 0 0 0 0 0 0 0 0 0 
 0 2 0 2 188 158 0 0 0 74 2 80 0 0 0 3 0 0 0 0 48 84 107 377 91 71 274 0 473 53 354 26 200 219 282 79 259 30 203 139 4 0 0 0 6 3 66 0 0 3 3 0 0 3 3 6 3 0 4 4 0 0 0 0 0 3 3 34 0 0 2 5 0 3 0 0 3 2 0 0 0 0 0 0 0 0 0 0 0 0 10 2 0 1 0 0 0 0 0 0 8 8 0 9 1 0 10 11 41 9 0 0 0 17 0 0 17 14 16 15 16 0 0 0 0 0 0 0 0 0 0 0 2 0 0 0 0 0 1 0 0 9 0 0 0 0 6 0 0 0 0 0 0 0 0 30 0 0 0 0 0 0 0 0 0 0 0 0 0 0 0 12 0 0 0 8 0 0 0 0 25 26 32 5 7 12 4 9 1 3 14 0 0 10 67 0 1 14 18 24 0 2 0 0 0 0 0 8 0 0 0 2 1 0 0 0 0 0 0 0 0 0 0 4 0 0 0 0 0 0 0 0 0 1 0 0 0 0 0 0 0 0 0 0 0 0 0 0 0 0 0 0 0 0 10 0 0 0 0 0 2 0 0 0 0 13 0 0 0 0 0 0 0 0 0 0 0 0 0 13 0 0 0 0 0 0 0 0 0 0 
 3 4 3 3 77 5 3 3 3 3 3 3 3 3 3 3 5 5 3 4 32 127 172 134 95 126 411 473 0 61 263 260 270 71 185 353 260 424 159 215 1 0 0 0 0 0 1 0 3 0 0 0 126 0 3 3 3 62 0 0 0 0 0 0 0 3 3 0 26 1 2 0 0 3 0 0 3 0 0 6 0 0 0 0 0 12 2 0 0 0 0 0 0 0 0 0 0 0 0 0 21 43 51 32 1 25 27 0 37 0 11 28 10 9 2 9 32 28 0 13 1 24 0 0 0 28 14 0 0 0 0 0 0 34 0 0 0 0 0 3 0 0 0 0 0 0 0 0 0 0 0 0 0 0 0 0 0 0 0 12 0 0 0 0 0 10 0 0 4 0 0 10 0 0 0 0 0 0 0 0 0 16 20 15 37 13 0 1 32 10 150 10 37 10 0 29 15 5 5 1 18 0 0 0 0 0 0 11 0 0 0 0 22 0 1 1 1 0 0 2 0 0 0 0 0 0 0 0 0 0 0 0 0 0 0 0 0 2 0 0 0 0 0 0 0 1 0 0 1 0 0 0 0 0 2 2 0 3 8 0 3 11 0 0 0 0 0 0 0 0 0 0 0 0 0 0 0 0 0 19 0 0 0 0 0 0 0 0 0 0 
 1 0 0 0 0 2 1 0 0 0 0 0 0 0 0 0 0 0 0 0 247 43 242 460 99 350 29 53 61 0 248 116 35 82 93 165 94 186 318 310 0 2 0 0 0 0 0 0 0 0 2 0 62 0 3 3 3 0 29 2 0 0 0 0 0 3 3 0 6 35 2 0 0 2 0 0 7 0 0 0 0 0 0 0 0 0 0 0 0 0 0 0 0 2 0 0 0 0 0 0 2 0 0 0 9 11 0 16 59 24 17 11 27 0 0 17 8 15 0 0 20 27 0 2 0 0 14 0 0 0 0 0 44 39 0 0 1 0 12 1 0 0 0 0 0 0 3 0 20 12 0 0 0 0 2 0 0 0 0 0 0 0 0 0 0 0 0 0 0 0 0 0 0 0 0 0 0 0 0 0 0 38 1 31 0 0 0 18 1 10 0 11 14 7 0 0 41 0 2 13 8 13 15 0 0 0 28 29 0 0 15 0 25 14 0 15 0 0 23 20 0 0 0 0 0 0 0 0 0 0 0 0 0 0 0 0 0 0 0 0 0 0 10 0 0 0 0 0 0 0 0 0 0 16 15 0 0 52 78 2 12 0 0 0 0 0 0 0 0 0 0 0 0 0 0 0 0 0 0 0 0 0 0 0 0 0 0 0 0 0 
 0 0 0 0 2 1 0 0 0 0 0 0 0 0 0 2 0 0 0 0 134 260 90 164 152 149 130 354 263 248 0 86 26 101 136 179 121 96 52 338 3 1 0 2 3 0 0 0 0 0 4 0 19 0 3 5 3 0 63 3 0 0 0 0 0 3 3 0 2 0 2 0 0 3 0 0 3 0 0 1 0 0 0 0 0 0 0 0 0 0 0 1 0 0 0 0 0 20 0 0 20 5 29 24 9 31 0 21 15 10 11 11 17 16 9 9 32 13 0 9 3 8 0 0 0 0 15 0 0 12 0 0 1 6 8 20 0 0 0 12 0 0 1 0 1 0 0 0 0 0 0 0 0 0 0 0 0 0 0 0 0 0 0 0 0 1 0 0 0 2 0 0 0 0 0 0 0 0 0 0 0 3 44 18 9 1 0 1 23 40 43 10 10 25 2 13 18 20 6 0 10 0 0 0 0 0 0 9 0 0 0 0 30 0 0 0 0 0 0 11 0 0 0 0 0 0 0 0 0 0 0 0 0 0 0 0 0 0 0 0 0 0 1 0 0 0 0 0 0 0 0 0 0 0 5 0 0 73 110 2 2 0 0 0 0 0 0 0 0 0 0 0 0 0 0 0 0 0 0 0 0 0 0 0 0 0 0 0 0 0 
 5 0 0 1 0 0 0 0 0 0 0 0 0 0 0 1 0 0 0 2 113 38 43 60 351 77 438 26 260 116 86 0 42 105 49 56 95 109 37 38 49 0 0 4 3 82 1 6 74 1 9 31 122 2 66 8 6 3 66 1 5 0 0 0 0 3 3 3 5 0 6 0 0 2 0 0 3 0 29 0 0 0 0 0 0 0 0 0 2 0 0 2 0 0 0 0 0 0 0 0 0 1 18 27 0 32 1 0 0 8 29 18 0 8 10 7 21 1 0 12 1 12 22 0 0 1 25 1 13 2 0 0 14 41 6 22 13 6 23 21 2 0 0 2 0 0 0 0 0 0 0 2 0 0 0 0 0 0 0 1 0 0 0 1 0 0 1 0 0 0 0 0 0 0 0 1 0 0 0 0 0 1 13 10 18 0 1 0 40 1 40 13 6 0 0 13 9 10 7 0 31 15 0 0 2 0 11 4 50 0 0 0 27 17 0 52 0 48 16 11 0 0 0 0 0 1 0 0 0 0 0 0 0 0 0 0 1 0 0 0 0 0 1 0 0 0 0 0 0 0 0 0 0 0 0 4 0 80 77 0 0 2 0 0 0 0 0 0 0 0 0 0 0 0 0 0 0 0 0 0 0 0 0 0 0 16 0 0 0 0 
 1 1 0 1 153 163 0 0 76 43 104 76 0 0 0 0 156 0 0 4 259 130 252 161 62 35 270 200 270 35 26 42 0 140 168 129 260 24 168 127 0 0 2 8 0 0 102 0 2 3 0 3 0 2 3 3 3 0 0 2 0 1 7 0 3 10 3 2 41 3 2 0 0 4 0 2 3 0 0 18 0 0 0 10 0 10 0 0 0 13 0 19 0 1 0 0 28 0 0 0 21 12 1 34 22 0 11 2 16 18 13 0 15 11 0 0 43 15 0 61 0 0 0 0 0 0 0 0 0 0 0 0 0 0 0 0 0 0 0 0 0 0 0 0 0 0 0 0 0 0 0 0 0 0 0 0 0 0 0 0 0 0 11 12 18 12 0 0 0 17 0 19 0 0 0 6 10 4 0 0 30 11 31 3 9 1 17 0 10 0 0 0 18 18 49 1 0 0 22 1 0 18 0 0 0 0 0 0 0 0 0 0 1 0 0 0 0 15 0 0 0 0 0 0 0 0 0 0 0 0 0 0 0 0 0 0 0 0 0 0 0 0 0 0 0 0 0 0 0 0 0 0 0 0 5 0 0 0 0 4 2 0 0 0 0 0 0 0 0 0 0 0 0 0 0 0 18 5 0 18 0 0 0 0 0 0 18 0 0 0 
 0 8 0 0 76 0 0 2 0 22 80 1 0 2 0 0 0 0 0 89 111 131 91 56 56 33 215 219 71 82 101 105 140 0 145 191 173 119 108 251 0 0 1 1 0 0 0 0 0 0 0 0 0 0 0 2 3 2 2 0 3 0 0 0 12 0 0 0 0 0 0 0 0 0 0 0 0 0 0 0 0 0 0 0 0 0 0 0 7 0 0 13 0 0 0 0 1 0 0 0 18 0 18 2 1 0 0 8 13 2 0 0 0 23 0 8 0 24 0 0 0 0 13 0 0 0 2 30 0 0 0 0 10 0 0 0 0 0 0 20 0 0 0 9 19 0 0 0 0 0 0 0 0 0 0 5 0 0 0 0 0 0 0 0 0 0 0 0 0 0 0 8 0 0 0 0 0 0 0 0 27 18 19 51 7 15 12 0 8 14 0 22 42 22 12 0 0 29 13 59 0 0 0 0 0 0 0 0 2 0 18 0 0 0 0 0 0 0 16 20 0 0 0 0 0 0 0 0 0 2 0 0 0 0 0 0 0 0 0 0 0 0 0 0 0 0 0 0 75 0 0 0 0 0 0 0 1 6 1 0 0 0 0 0 0 0 0 0 0 0 0 0 0 0 0 0 12 0 0 20 0 11 0 0 0 0 0 0 0 0 
 1 0 0 0 93 79 0 0 0 0 0 0 0 0 1 0 0 0 0 0 107 456 136 123 63 126 61 282 185 93 136 49 168 145 0 253 119 38 282 306 0 0 0 0 0 0 1 0 0 0 0 0 0 0 3 3 3 0 1 0 0 0 0 0 0 7 3 0 0 0 2 1 0 0 0 0 3 0 0 8 0 0 0 0 0 0 0 0 0 2 0 0 0 0 0 0 0 0 0 0 0 22 12 18 44 0 15 0 23 13 17 10 0 0 2 16 32 95 13 12 0 0 1 0 0 0 0 0 0 0 0 0 10 0 0 0 0 1 0 0 0 0 0 6 6 0 0 0 2 0 0 0 0 0 0 6 0 0 0 1 0 0 0 0 0 0 0 0 21 0 0 0 0 0 0 0 0 0 14 0 8 24 30 7 16 14 12 24 0 1 23 3 8 0 0 0 11 15 2 12 0 0 0 2 0 0 0 0 0 0 0 0 15 0 0 0 0 0 14 0 0 0 0 0 0 0 0 0 0 0 0 0 0 0 0 0 0 0 0 0 0 0 0 0 0 0 0 0 0 0 0 0 0 1 0 0 2 76 2 2 2 35 0 0 0 0 0 0 0 0 0 0 0 0 0 0 0 0 0 29 0 35 0 0 0 0 13 0 0 0 
 0 0 0 0 73 0 5 0 0 1 1 0 0 0 0 0 0 0 0 2 111 107 56 511 128 66 323 79 353 165 179 56 129 191 253 0 64 86 34 75 0 2 0 0 0 78 0 0 0 0 0 0 133 2 3 4 6 2 66 0 3 0 0 0 0 3 3 0 32 0 2 0 0 1 0 0 4 0 0 0 0 15 0 0 0 0 0 0 0 0 0 0 2 0 0 0 0 0 10 0 0 10 31 23 0 22 1 0 18 24 30 35 0 9 10 7 34 15 0 12 10 22 12 0 0 0 0 0 0 0 2 0 6 53 0 0 0 0 0 15 0 0 2 4 2 0 0 0 0 0 0 0 0 0 0 0 0 0 0 6 0 0 0 0 2 0 0 0 0 1 0 0 0 1 0 0 0 0 2 0 2 20 41 18 15 12 1 2 18 2 74 35 6 0 1 13 33 22 7 0 1 0 0 0 16 0 3 17 0 0 0 0 19 0 2 0 0 0 17 11 0 0 1 7 2 0 0 0 0 0 0 0 0 0 0 0 0 0 0 2 0 0 0 0 0 0 0 0 0 0 0 0 0 0 0 1 2 77 76 0 0 5 0 0 0 0 0 0 0 0 0 0 0 0 0 0 0 0 0 13 0 0 0 0 0 0 0 0 0 0 
 6 2 2 2 4 4 2 2 2 3 2 75 2 2 2 3 2 2 2 2 188 122 229 363 52 143 65 259 260 94 121 95 260 173 119 64 0 110 154 24 0 0 11 0 0 0 0 0 0 0 0 1 0 0 3 2 3 0 0 0 0 2 0 0 0 5 3 0 0 0 2 0 0 2 0 0 3 0 0 0 0 0 0 0 0 0 0 0 0 0 6 0 0 2 0 0 0 0 0 0 0 0 65 9 34 0 9 14 0 29 0 24 21 1 12 39 0 30 6 10 0 0 0 0 0 0 0 0 0 0 0 0 0 16 7 0 0 0 0 39 0 1 0 0 0 0 3 0 0 0 0 0 0 0 0 0 0 0 0 0 0 0 0 0 17 11 0 0 0 0 0 1 0 0 2 0 0 0 0 0 2 24 11 0 7 7 0 38 2 30 2 26 13 5 0 18 2 17 0 13 0 1 10 0 0 0 14 8 12 0 0 0 15 0 16 0 0 0 0 30 0 0 0 0 0 0 0 0 0 0 0 0 0 2 0 0 0 0 0 0 0 0 0 0 0 0 0 0 0 0 0 0 0 0 0 0 0 3 0 2 2 0 0 0 0 0 0 0 0 0 0 0 0 0 0 0 0 0 0 0 0 0 0 0 0 1 0 0 0 0 
 2 0 0 0 0 0 0 0 0 0 0 0 0 0 0 0 0 0 0 0 218 31 177 148 192 156 115 30 424 186 96 109 24 119 38 86 110 0 24 31 15 0 0 2 0 0 0 0 0 0 10 12 20 0 3 18 3 1 63 10 0 0 0 0 0 39 3 0 2 0 2 0 0 1 0 0 6 0 0 0 0 0 0 0 0 0 0 0 0 9 0 0 0 0 0 0 0 0 0 0 0 0 83 13 6 59 0 0 0 11 36 32 13 25 13 21 12 16 0 9 0 10 0 0 0 0 19 0 3 0 0 0 1 10 18 22 0 1 1 22 0 0 0 0 1 0 0 0 0 0 0 0 0 0 0 1 0 0 0 0 0 0 0 0 0 0 0 0 0 0 0 0 0 0 0 0 0 0 0 0 0 0 32 19 28 9 0 0 23 25 30 16 10 0 0 29 16 60 9 0 16 0 0 0 0 0 1 43 3 0 0 0 73 1 16 9 0 0 1 60 0 0 0 0 0 0 0 0 0 14 0 0 0 0 0 0 0 0 0 0 0 0 7 0 0 0 0 0 0 0 0 0 0 0 6 0 0 71 112 0 2 0 0 0 0 0 0 0 0 0 0 0 0 0 0 0 0 0 0 0 0 0 0 0 0 2 0 0 0 0 
 2 0 0 75 22 87 0 0 0 0 77 19 0 0 0 6 0 0 0 0 27 261 29 353 71 256 247 203 159 318 52 37 168 108 282 34 154 24 0 693 0 63 0 50 0 0 20 0 0 0 0 0 58 0 3 3 3 0 0 0 0 0 0 0 0 3 3 0 0 0 2 0 0 2 0 0 3 0 0 52 0 0 0 0 0 38 0 0 0 1 23 13 0 0 1 0 0 0 0 0 38 10 6 0 7 1 48 27 0 11 0 0 46 15 2 6 34 14 11 34 0 0 2 0 0 0 0 0 0 0 0 0 0 0 0 0 0 16 0 1 0 0 0 0 0 0 1 0 0 0 1 0 0 0 0 0 0 0 0 0 0 0 0 0 0 54 0 0 0 0 0 8 0 0 0 13 0 0 0 0 10 56 1 0 0 0 8 6 10 0 0 0 15 61 20 0 0 73 47 46 0 0 0 0 10 0 0 0 2 0 0 0 0 0 0 0 0 0 0 0 0 0 0 0 0 0 0 0 7 1 0 0 0 0 0 0 0 0 0 0 0 0 0 0 0 0 0 0 75 0 0 0 0 1 5 0 2 0 0 0 2 1 0 0 0 0 0 0 0 0 0 0 0 0 0 0 0 1 0 0 0 0 0 0 0 0 0 0 0 0 
 0 0 0 0 114 231 0 0 0 74 0 148 0 0 0 0 100 0 78 1 50 479 59 69 77 69 298 139 215 310 338 38 127 251 306 75 24 31 693 0 0 0 0 4 0 0 67 0 0 0 0 0 0 0 3 1 3 0 0 0 0 0 0 0 1 3 3 0 0 0 2 0 0 4 2 0 3 0 0 0 0 0 0 9 0 10 0 0 1 14 57 89 0 0 0 0 15 0 0 0 35 2 21 1 15 0 26 13 13 1 0 0 32 32 0 5 9 2 10 33 0 0 1 0 0 0 0 0 0 0 0 0 9 0 0 0 0 0 0 2 0 0 0 0 0 0 6 0 0 0 0 0 0 2 0 0 0 0 0 0 0 0 0 1 0 17 0 0 0 7 0 41 0 0 0 24 0 5 0 0 38 12 0 0 0 8 4 0 3 0 9 0 11 27 46 0 0 0 23 20 0 0 0 0 0 0 0 0 0 0 0 0 0 0 0 0 0 0 0 0 0 0 0 1 0 0 0 0 0 0 0 0 0 0 0 0 0 1 0 0 0 0 0 0 0 0 0 0 26 0 0 0 0 0 13 0 2 0 0 2 1 2 0 0 0 0 0 0 0 0 0 0 0 0 0 0 22 0 0 0 0 1 0 0 0 0 0 0 0 0 
 0 0 0 0 0 8 0 4 0 0 0 0 66 0 0 0 0 5 0 0 0 0 0 3 156 46 0 4 1 0 3 49 0 0 0 0 0 15 0 0 0 250 85 59 34 49 141 140 176 103 140 297 177 74 180 185 83 23 39 304 0 0 0 0 0 0 2 0 0 0 0 0 0 0 0 0 0 0 0 0 0 0 0 0 0 0 0 0 3 0 0 0 0 0 0 0 0 0 0 0 0 0 0 0 0 20 0 0 0 0 1 0 0 0 0 0 1 0 0 0 16 0 3 6 0 52 5 0 8 13 0 0 23 2 31 26 24 17 36 15 0 0 0 0 0 0 0 0 0 0 0 0 0 0 0 0 0 0 11 1 0 0 0 0 0 0 0 0 0 0 5 0 0 0 0 0 0 0 0 0 0 0 0 0 0 2 0 23 0 0 7 0 0 0 0 0 3 0 0 0 20 2 8 2 0 0 29 0 75 8 0 0 0 23 6 38 6 18 56 9 0 0 0 0 0 0 18 0 0 0 0 19 0 0 0 0 12 0 0 10 0 0 8 0 0 0 0 0 0 29 0 4 0 2 1 0 0 0 2 27 0 0 0 0 2 2 2 0 2 0 0 0 0 0 0 0 0 0 0 0 0 0 0 0 0 22 0 0 0 0 
 0 0 0 3 0 0 0 0 0 0 0 0 0 0 0 0 0 0 0 0 0 0 0 71 15 66 2 0 0 2 1 0 0 0 0 2 0 0 63 0 250 0 163 384 43 37 134 142 159 148 185 115 138 114 141 73 87 30 263 191 0 0 0 0 0 0 0 0 2 2 0 0 0 3 0 0 1 0 0 0 0 0 0 0 0 0 0 0 0 0 0 0 0 0 0 0 0 0 0 0 0 0 0 0 0 0 0 0 0 0 0 0 0 0 0 0 0 0 0 0 0 1 0 16 26 18 0 7 10 0 3 0 10 0 11 1 1 18 11 7 0 0 0 0 0 0 0 0 0 0 0 0 7 7 2 2 0 0 20 2 0 0 4 0 0 0 0 0 0 0 0 0 0 0 0 0 6 14 0 0 0 0 0 0 0 0 0 19 0 0 0 24 0 0 0 0 20 0 0 0 0 12 10 8 0 8 11 11 8 16 42 13 0 33 0 22 0 0 15 11 0 2 0 0 0 0 0 0 0 0 0 17 0 18 0 0 0 0 14 16 0 0 0 0 0 0 0 0 0 0 0 4 0 0 0 0 0 1 0 1 0 0 65 0 2 2 0 0 0 0 0 0 0 0 0 0 0 0 0 0 10 0 4 0 15 12 0 0 0 0 
 0 0 0 0 2 0 0 0 0 0 0 0 0 0 0 2 0 0 0 0 6 6 7 0 0 22 65 0 0 0 0 0 2 1 0 0 11 0 0 0 85 163 0 169 293 53 372 223 161 485 278 336 60 140 68 221 68 178 111 281 0 3 3 52 1 4 2 3 0 64 0 0 55 1 0 1 0 0 0 50 0 0 0 0 0 0 0 0 0 0 0 0 0 0 0 0 0 0 0 0 0 0 0 6 11 0 0 3 0 0 10 7 0 0 5 5 0 7 0 0 0 0 8 13 0 25 1 11 3 7 46 16 0 8 15 11 0 0 14 8 0 0 0 0 0 6 14 0 0 0 0 0 9 14 17 0 0 11 3 6 0 0 0 0 0 0 6 0 0 0 0 0 0 0 0 0 0 0 0 0 0 0 2 0 0 0 0 9 0 10 0 0 0 0 0 8 0 0 0 0 0 9 7 28 11 16 0 2 17 0 16 9 0 32 0 1 19 0 12 0 1 0 0 0 0 0 0 0 0 0 0 8 28 0 0 0 0 0 14 23 0 0 0 0 0 0 0 0 6 0 0 2 0 1 0 0 0 0 0 2 1 0 67 6 0 6 4 0 0 0 14 0 0 0 0 0 5 0 0 0 0 5 0 20 13 12 0 13 0 0 
 0 0 0 3 0 0 0 0 0 3 0 0 0 0 0 0 0 0 0 1 0 0 0 0 3 37 3 0 0 0 2 4 8 1 0 0 0 2 50 4 59 384 169 0 112 108 137 214 435 135 218 141 109 139 151 214 60 148 351 199 0 0 0 0 0 0 0 0 0 0 0 0 0 52 5 0 0 0 0 4 0 0 0 0 0 0 8 0 0 0 0 0 0 0 0 0 0 0 0 0 0 0 0 0 0 10 0 0 0 0 0 0 0 0 0 0 0 22 0 0 0 0 20 30 11 10 6 52 8 3 43 6 0 2 6 4 14 3 5 0 0 0 17 3 0 6 0 1 0 0 0 0 17 11 9 0 0 0 21 0 0 0 5 0 0 0 0 0 10 0 0 0 0 0 0 0 5 38 0 0 0 0 0 0 0 1 0 0 0 0 0 0 0 0 0 0 0 0 0 0 8 10 0 9 5 5 1 1 9 0 0 28 4 25 0 5 7 0 7 0 0 1 0 0 0 0 0 0 11 0 0 0 10 38 0 0 0 0 10 17 0 0 26 0 0 0 0 0 0 0 0 5 0 0 0 0 0 0 3 2 0 15 65 0 1 4 0 0 0 0 14 0 0 0 0 0 0 0 0 0 0 1 0 0 8 0 0 0 0 0 
 0 5 3 0 0 6 0 3 0 0 0 0 7 7 0 0 0 0 0 1 0 0 0 0 0 0 0 6 0 0 3 3 0 0 0 0 0 0 0 0 34 43 293 112 0 197 66 59 93 141 183 79 66 84 153 113 148 38 120 87 17 32 0 56 0 0 0 49 0 0 0 0 74 0 51 0 0 53 4 76 6 20 0 0 0 0 0 10 0 0 0 0 0 0 0 0 0 0 0 3 0 0 0 0 0 0 0 0 0 0 0 0 0 0 0 0 0 0 0 0 0 0 0 0 0 22 0 0 8 9 0 14 0 0 0 0 0 0 0 0 9 10 1 0 11 0 44 0 0 8 0 0 8 25 0 13 8 21 10 14 0 12 0 0 0 0 7 0 10 0 3 0 2 0 13 0 59 0 7 5 0 0 0 0 0 0 0 0 0 0 0 0 0 0 0 0 7 0 0 0 0 0 0 16 13 0 0 0 11 0 0 0 0 0 0 12 0 6 0 0 0 20 13 11 0 0 34 1 6 15 0 37 22 7 9 25 11 0 0 17 17 0 0 0 0 0 2 0 0 0 0 0 0 0 0 0 0 0 0 13 0 0 0 4 1 3 0 0 2 0 34 0 0 0 0 0 0 0 0 0 0 0 0 0 0 0 0 0 0 0 
 0 0 0 3 0 0 0 0 0 0 0 0 1 0 0 0 0 0 0 1 0 0 0 0 0 3 0 3 0 0 0 82 0 0 0 78 0 0 0 0 49 37 53 108 197 0 42 247 57 57 98 126 31 67 99 103 58 122 64 47 53 3 57 0 0 0 115 64 66 21 112 0 14 133 40 0 116 3 133 0 0 0 0 0 0 0 0 0 0 0 0 0 0 0 0 0 0 0 0 0 0 0 0 0 0 0 0 0 0 0 0 0 0 0 0 0 0 0 0 0 0 0 1 15 0 0 0 0 0 0 9 15 0 0 0 0 0 0 0 0 2 1 8 0 12 7 1 8 16 2 20 13 0 56 26 0 10 44 0 0 0 0 0 0 0 0 0 0 0 0 0 0 0 0 0 0 0 0 0 0 0 0 0 0 0 0 0 0 0 0 0 0 0 0 0 0 0 0 0 0 10 0 0 0 21 19 5 0 1 0 0 46 0 0 0 0 0 0 0 0 43 4 0 25 10 0 45 32 0 21 0 14 21 12 17 20 34 0 0 11 1 0 0 0 0 0 0 0 0 0 0 8 0 0 0 0 0 0 0 0 0 0 0 0 62 2 4 10 0 0 15 0 0 0 0 0 0 0 0 0 0 0 0 0 9 0 0 0 0 0 
 0 0 0 0 55 61 0 0 0 0 0 0 0 0 64 3 1 0 0 0 0 1 0 2 0 66 1 66 1 0 0 1 102 0 1 0 0 0 20 67 141 134 372 137 66 42 0 77 115 360 510 472 147 327 322 337 37 27 312 350 0 0 0 0 0 0 5 0 0 0 0 0 5 0 0 0 0 0 49 3 0 0 0 0 0 0 0 0 0 0 0 0 0 0 0 0 1 0 0 0 0 0 0 0 0 13 0 11 0 0 0 0 12 0 0 0 12 0 0 0 14 7 1 0 20 18 10 27 0 1 6 0 0 0 12 16 1 36 19 6 2 0 0 0 0 3 0 0 0 0 0 0 9 0 6 0 0 0 12 0 0 0 0 0 0 0 0 0 0 0 0 0 0 0 0 5 0 0 0 0 0 0 0 0 0 0 9 0 0 0 0 0 0 10 5 0 0 0 0 23 0 53 14 0 0 0 0 0 12 20 22 8 0 21 3 0 0 0 0 1 0 0 0 0 0 0 0 0 0 0 0 24 0 0 0 0 0 0 20 0 0 0 0 0 0 0 0 0 0 0 0 8 0 0 0 0 0 0 1 0 0 0 2 0 0 2 4 1 0 0 11 0 0 0 0 0 0 0 0 0 0 0 0 0 0 13 0 0 0 0 
 0 2 0 0 0 0 0 0 0 0 0 0 65 0 0 0 0 0 0 1 0 66 3 0 0 0 0 0 0 0 0 6 0 0 0 0 0 0 0 0 140 142 223 214 59 247 77 0 360 115 108 151 139 206 122 334 103 251 303 158 0 0 0 0 0 0 0 0 0 0 0 0 0 0 29 0 0 0 0 0 0 0 0 0 0 0 0 0 0 0 0 0 0 0 0 0 0 0 0 0 0 0 0 0 0 0 0 0 0 0 0 0 0 0 0 0 0 0 0 0 0 4 8 53 14 27 0 9 0 28 14 15 0 0 0 0 13 34 0 0 0 0 0 0 0 1 0 0 0 0 0 0 0 0 3 0 0 0 11 0 0 0 4 0 0 0 0 0 0 0 0 0 0 0 0 0 5 0 36 0 0 0 0 0 0 0 0 0 0 0 0 0 0 0 0 0 0 0 0 0 10 25 0 20 7 17 0 9 45 11 56 9 0 4 11 0 35 1 0 7 0 0 0 0 0 0 3 0 0 0 0 0 7 1 0 0 0 0 16 13 0 0 9 0 0 0 0 0 0 31 0 3 0 2 1 0 0 0 0 14 0 0 6 0 2 0 0 2 0 0 15 0 0 0 0 0 0 0 0 0 0 0 0 0 1 0 0 12 0 0 
 3 3 1 6 63 1 2 1 0 1 3 1 0 3 3 4 1 2 3 2 0 0 0 0 39 0 0 0 3 0 0 74 2 0 0 0 0 0 0 0 176 159 161 435 93 57 115 360 0 475 103 36 167 532 322 245 136 126 115 81 0 0 0 0 5 1 9 0 0 0 0 13 0 0 4 0 0 0 0 0 0 0 5 0 0 0 0 0 0 0 0 0 0 0 0 0 0 0 0 0 0 0 0 0 0 1 0 0 0 0 0 0 0 0 0 0 0 0 0 0 23 7 0 11 21 29 40 2 26 24 0 0 19 0 0 20 7 11 4 0 0 0 0 0 0 2 0 0 0 0 0 0 0 0 9 0 0 0 4 0 0 0 4 0 0 0 0 0 13 0 1 0 0 0 0 0 11 0 0 0 0 0 0 0 0 0 0 0 0 0 0 0 0 0 0 0 0 0 0 0 29 11 0 0 0 0 0 19 8 0 7 42 0 31 0 8 0 50 9 0 0 0 0 0 0 1 0 0 0 0 0 58 0 0 0 0 0 0 16 20 0 0 0 0 0 0 0 0 0 0 0 6 0 2 0 0 0 0 0 1 0 0 35 0 0 2 0 64 1 0 14 0 0 0 0 1 0 0 0 0 0 0 0 0 0 10 0 0 0 0 
 0 62 0 0 3 0 0 0 0 0 4 0 0 0 0 3 0 0 0 0 17 0 0 0 1 66 0 3 0 0 0 1 3 0 0 0 0 0 0 0 103 148 485 135 141 57 360 115 475 0 178 112 108 150 531 280 57 45 170 251 0 0 0 0 0 0 18 0 0 0 0 0 0 0 0 0 0 0 0 0 0 0 0 0 0 0 0 0 0 0 0 0 0 0 0 0 0 0 0 0 0 0 0 0 0 0 0 0 0 0 0 0 0 0 0 0 0 0 0 0 20 16 0 10 10 44 47 10 17 0 29 17 0 0 9 31 11 11 9 8 1 0 0 0 0 2 0 0 0 0 0 0 33 5 7 0 0 2 0 0 0 0 0 0 0 0 11 0 0 0 3 0 0 0 0 0 0 0 0 9 0 0 0 0 0 0 0 0 0 0 0 0 0 0 0 0 0 0 0 0 0 14 26 19 0 12 0 14 13 5 6 11 0 37 0 18 5 0 0 0 0 0 0 0 0 0 0 0 0 2 0 5 23 1 0 0 0 0 2 20 0 0 0 0 0 0 0 0 0 0 0 0 0 1 0 0 0 0 0 0 0 0 67 81 0 18 2 2 0 0 10 0 0 0 0 0 0 0 0 0 0 0 0 0 0 3 0 0 0 0 
 0 3 0 0 0 0 0 0 0 0 0 0 0 0 0 0 0 0 55 0 0 0 0 6 1 7 0 3 0 2 4 9 0 0 0 0 0 10 0 0 140 185 278 218 183 98 510 108 103 178 0 535 207 315 114 497 318 160 115 186 0 0 17 0 0 0 0 0 0 55 0 0 24 24 7 0 0 0 0 51 0 0 0 0 0 0 0 0 11 0 0 0 0 0 0 0 0 0 0 0 0 0 0 0 21 11 0 0 0 0 0 0 0 0 0 0 0 0 0 0 0 0 0 12 10 21 31 21 13 10 0 32 0 0 7 10 9 23 5 0 0 0 17 6 0 0 0 21 0 1 0 3 21 0 0 9 0 0 31 0 0 0 0 0 0 0 0 0 0 0 5 0 0 0 0 0 0 0 0 0 0 0 0 0 6 0 0 0 0 0 0 0 0 0 0 0 9 0 0 0 1 8 10 11 21 0 0 0 31 20 20 1 0 2 0 6 0 14 5 0 0 0 0 0 0 0 30 0 5 0 0 0 0 16 0 12 10 0 16 12 13 0 7 0 0 0 0 0 0 0 0 5 0 0 0 0 0 1 2 22 0 28 0 5 1 3 4 0 4 0 0 0 0 0 0 0 0 0 0 0 25 3 0 0 0 0 0 0 0 0 
 1 1 3 3 6 3 2 3 3 3 0 3 3 1 1 5 3 5 1 2 0 0 0 0 11 8 0 0 0 0 0 31 3 0 0 0 1 12 0 0 297 115 336 141 79 126 472 151 36 112 535 0 27 696 20 44 87 113 45 68 3 0 0 2 2 0 19 103 1 12 1 0 53 49 6 1 2 1 25 100 0 0 0 0 0 0 0 0 0 0 0 0 0 0 0 0 0 0 0 0 0 0 0 0 0 2 0 0 0 0 0 0 0 0 0 0 0 0 0 0 0 0 7 0 0 4 7 1 8 11 0 0 0 4 5 6 14 14 10 1 7 6 0 0 0 1 9 0 0 10 0 0 0 0 23 0 0 0 0 7 0 0 4 0 0 0 0 0 0 0 0 0 0 0 0 0 0 0 0 0 0 0 0 0 0 0 0 0 0 0 0 0 0 0 0 0 21 0 0 0 11 40 2 0 20 16 2 20 69 14 21 10 4 29 6 27 6 10 1 0 16 0 0 1 0 0 9 16 11 19 0 0 12 23 0 23 10 0 26 12 0 0 1 0 0 0 0 0 0 0 0 4 0 0 0 0 2 0 0 21 0 0 35 1 0 2 2 62 2 0 14 0 0 0 0 0 0 0 0 0 0 0 0 0 2 0 0 0 0 0 
 0 3 0 0 0 2 0 0 0 6 0 0 0 0 0 0 0 4 0 0 0 0 54 1 62 77 55 0 126 62 19 122 0 0 0 133 0 20 58 0 177 138 60 109 66 31 147 139 167 108 207 27 0 129 35 112 111 18 240 58 0 0 0 0 10 2 3 0 13 0 0 5 0 0 0 0 1 0 0 0 0 0 0 0 0 0 0 0 0 0 0 0 0 0 9 0 0 0 4 0 0 0 16 12 0 15 28 0 0 0 24 54 0 0 0 0 19 0 0 0 0 38 14 10 18 6 11 21 0 0 0 0 1 37 0 0 9 12 0 0 0 0 0 0 0 0 0 0 0 0 7 0 15 0 0 0 0 10 0 4 0 0 2 0 0 0 0 0 0 0 1 0 0 0 0 0 2 0 0 0 0 0 0 8 17 0 0 0 2 14 19 8 0 0 0 1 9 0 0 0 0 7 11 0 0 0 0 11 6 12 10 0 20 0 0 0 0 0 1 0 0 0 0 0 0 16 6 0 0 0 0 0 0 0 0 0 0 0 10 10 0 0 0 0 0 0 0 0 0 0 0 3 0 1 0 0 0 63 0 6 0 7 0 0 0 1 0 0 2 0 0 0 0 0 0 0 0 0 0 0 0 0 0 0 0 0 0 0 0 0 
 2 2 3 12 3 4 9 3 3 3 8 3 3 64 9 3 6 4 2 3 0 0 0 0 20 3 0 3 0 0 0 2 2 0 0 2 0 0 0 0 74 114 140 139 84 67 327 206 532 150 315 696 129 0 107 39 76 32 100 309 0 0 2 0 0 0 0 0 0 0 0 0 0 0 7 0 0 0 0 0 0 0 0 1 0 0 0 0 0 1 22 0 0 0 3 0 4 0 0 0 0 0 0 0 0 16 0 0 0 0 0 0 0 0 0 0 0 0 0 0 2 1 11 0 11 15 0 20 0 10 0 0 0 0 0 0 19 22 0 0 0 0 0 0 2 33 0 0 0 0 0 9 9 0 6 33 0 0 12 0 2 0 6 4 5 0 0 11 0 2 7 0 0 0 0 0 0 0 0 0 0 0 0 0 0 8 5 0 0 0 0 0 0 0 0 0 0 0 1 7 19 41 3 0 0 11 0 37 17 29 16 16 0 24 5 0 21 9 7 0 0 0 0 0 0 0 0 0 0 0 0 0 0 2 0 0 0 0 24 14 0 0 0 0 0 0 0 0 0 0 0 0 0 1 0 0 0 0 0 2 0 0 38 0 2 3 2 63 0 0 16 0 0 0 0 0 0 0 0 0 0 0 0 0 0 0 0 0 1 0 
 0 0 0 0 0 0 0 0 0 0 0 0 0 0 0 0 0 0 0 0 3 3 3 3 7 65 50 3 3 3 3 66 3 0 3 3 3 3 3 3 180 141 68 151 153 99 322 122 322 531 114 20 35 107 0 340 94 43 140 367 5 10 4 0 0 0 0 2 0 3 0 2 57 0 3 3 3 3 7 0 0 0 0 0 0 0 0 0 0 0 0 0 0 0 0 0 0 0 0 0 0 0 0 0 0 15 0 0 0 0 0 0 0 0 0 0 0 0 0 0 13 2 1 55 9 6 0 10 14 14 22 0 36 0 7 3 0 30 0 1 5 0 1 1 0 17 0 12 10 1 1 3 1 0 16 0 0 0 5 0 0 0 0 0 0 0 7 0 0 0 10 0 0 0 0 0 0 0 0 2 0 0 0 0 0 0 0 0 0 0 1 0 0 0 0 0 0 0 0 0 17 9 0 0 0 18 20 7 23 18 0 0 0 1 0 11 0 8 10 8 2 0 0 1 2 0 6 0 0 0 0 0 5 35 27 1 0 0 2 1 0 0 20 0 0 0 0 0 0 0 0 0 0 0 0 0 0 0 0 4 0 0 1 1 0 0 2 0 0 0 9 0 0 2 0 0 0 0 0 0 0 0 0 0 0 19 0 0 0 0 
 2 5 2 2 69 2 2 2 2 2 2 2 2 2 2 2 2 2 5 2 9 2 3 12 68 68 3 6 3 3 5 8 3 2 3 4 2 18 3 1 185 73 221 214 113 103 337 334 245 280 497 44 112 39 340 0 342 264 353 95 0 1 53 0 0 3 9 7 0 0 1 0 0 1 0 0 0 0 0 1 0 0 0 0 0 0 0 0 1 0 0 0 0 0 0 0 0 0 0 0 0 0 0 0 0 38 0 0 1 1 0 0 0 0 3 0 0 19 0 0 18 33 0 10 19 30 32 27 14 0 26 0 1 0 13 34 11 32 21 8 19 0 0 0 0 6 0 0 0 0 0 0 0 0 9 19 0 0 0 0 19 0 2 2 0 0 0 0 0 0 10 0 0 0 0 0 2 0 0 0 0 0 0 1 1 0 0 0 0 0 0 7 0 0 0 0 5 0 0 0 19 11 28 0 0 0 7 0 21 1 0 45 0 29 0 11 0 6 16 0 0 0 0 0 0 0 5 0 0 0 0 6 0 1 0 0 0 0 0 11 0 0 7 0 0 0 0 0 0 29 0 5 0 2 0 0 0 0 4 14 0 0 1 0 2 2 3 1 1 0 16 0 0 0 0 0 0 0 0 0 0 0 0 0 0 3 0 0 0 0 
 6 0 0 0 0 0 0 0 0 0 0 0 6 6 0 0 0 2 25 0 3 3 3 4 3 3 3 3 3 3 3 6 3 3 3 6 3 3 3 3 83 87 68 60 148 58 37 103 136 57 318 87 111 76 94 342 0 448 37 100 0 0 0 0 0 0 0 2 0 0 0 0 0 1 52 0 0 0 0 0 1 13 0 0 0 0 0 12 0 0 0 0 0 0 0 0 0 14 0 0 0 0 0 0 0 0 0 0 0 0 0 0 0 0 0 0 0 0 0 0 0 1 1 41 18 7 0 12 40 15 12 0 0 0 0 0 1 25 0 0 0 0 31 0 0 0 0 2 0 3 0 14 25 0 0 0 0 0 38 0 1 9 0 0 0 0 15 0 2 0 7 0 0 0 17 0 2 0 2 2 0 0 0 0 0 0 0 0 0 9 0 0 0 0 0 0 0 0 0 0 0 2 11 9 0 6 0 0 5 28 21 0 0 1 0 25 0 32 0 0 0 1 0 0 0 0 7 0 19 0 0 0 8 23 2 0 0 0 46 0 0 0 14 0 0 0 0 0 0 0 0 0 0 1 0 0 0 0 0 7 0 0 3 0 0 0 0 0 0 0 0 0 0 0 0 0 0 0 0 0 0 0 0 0 36 0 0 0 0 0 
 1 0 0 0 0 0 0 0 0 0 3 0 0 0 0 0 0 0 0 0 0 2 0 0 3 2 1 0 62 0 0 3 0 2 0 2 0 1 0 0 23 30 178 148 38 122 27 251 126 45 160 113 18 32 43 264 448 0 239 41 0 0 0 0 0 0 3 51 0 0 0 0 77 51 0 0 0 0 0 24 0 0 0 0 0 0 0 0 0 0 0 0 0 0 0 0 0 0 0 0 0 0 0 0 0 0 0 0 0 0 0 0 0 0 0 0 0 0 0 0 0 0 8 18 9 0 0 0 20 1 13 50 0 0 0 0 0 0 0 0 0 0 16 0 0 0 12 13 0 5 0 4 11 2 1 14 0 0 5 9 0 0 0 0 0 0 0 0 0 0 0 0 0 0 0 0 0 0 0 3 0 0 0 0 0 12 0 0 0 0 0 0 0 0 0 0 0 0 0 0 0 0 26 43 36 28 0 0 1 1 8 3 0 0 0 0 8 14 0 0 7 0 0 0 0 0 31 0 78 10 0 0 1 11 0 0 0 0 19 0 0 0 0 0 0 0 0 0 0 0 0 0 0 1 0 0 0 0 0 4 0 1 0 80 2 35 0 0 0 0 0 0 0 0 0 0 0 0 0 0 0 0 0 0 1 0 0 0 0 0 
 4 0 0 0 0 0 0 63 0 0 0 0 0 0 0 0 0 0 0 0 0 0 62 122 83 4 0 4 0 29 63 66 0 2 1 66 0 63 0 0 39 263 111 351 120 64 312 303 115 170 115 45 240 100 140 353 37 239 0 264 0 0 0 0 4 0 0 0 8 6 0 12 0 0 0 0 4 0 0 0 0 0 0 0 0 0 0 0 0 1 0 0 0 0 0 0 0 0 0 0 0 0 0 0 0 20 0 0 0 0 19 14 0 0 0 0 0 0 0 0 10 36 13 0 26 1 12 14 11 0 19 0 22 18 0 7 23 21 2 1 4 0 0 0 0 6 0 0 0 0 0 0 10 0 19 0 0 0 0 0 7 0 0 0 0 0 0 0 0 0 0 1 0 0 0 0 0 0 0 0 0 0 0 13 0 4 0 0 0 9 12 0 0 0 21 0 31 0 0 0 17 11 19 0 0 0 11 8 27 10 16 18 0 9 0 21 5 14 0 20 0 0 0 0 0 0 0 0 0 0 0 1 0 1 0 0 0 0 2 1 0 0 0 0 0 0 0 0 63 0 0 0 0 0 0 0 0 35 0 0 0 0 4 0 1 0 0 0 0 0 17 0 0 0 0 0 0 0 0 0 0 0 0 0 0 0 0 0 0 0 
 0 0 0 2 0 4 0 0 0 0 0 0 0 0 0 0 5 0 0 0 1 0 0 6 65 0 1 4 0 2 3 1 2 0 0 0 0 10 0 0 304 191 281 199 87 47 350 158 81 251 186 68 58 309 367 95 100 41 264 0 0 0 3 0 0 0 1 0 0 0 0 0 0 0 6 0 0 0 0 0 0 0 0 0 0 0 0 8 0 0 0 0 0 0 0 0 0 0 0 0 0 0 0 0 0 13 0 0 1 1 0 0 0 0 0 0 0 0 0 0 3 0 3 0 23 4 43 25 2 7 0 0 0 0 4 6 44 3 0 0 0 0 0 0 0 1 0 0 15 0 0 0 13 0 10 0 0 0 1 0 5 0 3 0 0 0 0 0 0 0 0 0 0 0 0 0 5 0 0 0 0 0 0 0 0 19 0 0 0 0 0 5 0 0 0 0 7 0 0 0 32 36 37 0 0 24 0 20 30 39 17 30 0 21 12 2 32 19 3 0 0 0 0 0 0 0 0 0 0 0 0 1 0 0 0 0 0 0 27 3 0 0 6 0 0 0 0 0 0 0 0 3 0 1 0 0 0 0 4 0 0 0 38 0 3 1 1 64 0 0 14 0 0 0 0 0 0 0 0 0 0 0 0 0 0 1 0 0 1 0 
 6 0 0 0 0 0 0 0 0 0 0 0 0 0 0 0 0 0 0 0 2 0 0 0 0 0 0 0 0 0 0 5 0 3 0 3 0 0 0 0 0 0 0 0 17 53 0 0 0 0 0 3 0 0 5 0 0 0 0 0 0 340 174 55 85 28 125 168 32 137 462 31 92 70 103 37 88 174 122 117 0 0 0 0 0 0 0 0 0 0 0 0 0 0 0 0 0 0 0 0 0 0 0 0 0 0 0 0 0 0 0 0 0 0 0 0 0 0 0 0 0 0 0 0 0 39 0 0 0 0 0 0 0 0 0 1 0 0 0 0 9 24 7 2 15 8 8 29 5 15 25 9 0 11 13 28 2 0 0 9 0 0 0 0 0 0 14 0 0 0 0 0 0 0 0 0 0 0 0 0 0 0 0 0 0 0 0 0 0 0 0 0 0 0 0 0 0 0 7 0 0 0 0 0 0 0 0 0 0 0 0 0 0 0 0 0 0 0 8 0 23 20 5 18 28 9 1 10 17 10 0 8 15 53 8 3 48 33 0 9 0 0 0 0 0 0 0 0 0 0 0 0 0 0 2 0 0 0 0 0 0 0 0 0 0 0 0 0 0 0 37 0 0 10 2 1 0 0 0 0 0 0 0 0 0 2 0 0 3 0 
