 0 114 83 64 136 330 151 401 223 119 254 337 139 368 204 120 43 76 53 141 1 0 0 2 2 1 5 0 8 1 4 0 0 3 2 116 3 0 111 0 0 7 0 3 0 3 0 8 1 2 0 2 2 0 0 1 3 26 2 0 1 0 0 2 0 0 0 0 3 1 0 3 0 2 0 0 0 4 6 1 0 19 6 9 15 0 39 32 6 26 29 0 25 9 14 0 24 17 9 12 1 20 0 0 0 0 0 0 0 2 0 0 0 0 0 0 0 0 1 0 0 0 0 0 2 3 0 2 1 0 0 0 0 0 4 1 0 0 0 0 6 0 0 0 1 0 0 0 0 0 0 7 0 0 15 0 0 0 0 0 21 16 0 15 0 19 37 0 25 15 9 0 3 14 0 45 0 2 5 0 0 0 0 0 0 0 0 0 0 0 0 0 2 0 1 0 0 0 0 2 0 0 0 0 0 0 0 0 0 13 0 0 0 0 0 0 2 1 0 0 0 0 0 0 0 0 0 0 0 9 0 0 0 0 0 0 0 0 0 0 0 0 0 0 0 2 0 2 2 88 11 9 4 0 2 0 0 0 0 0 0 0 1 0 0 2 0 0 0 0 0 0 0 0 0 0 0 0 0 0 0 0 0 0 0 0 0 0 0 0 
 114 0 374 136 104 121 395 423 236 93 95 237 115 314 266 86 159 41 63 160 2 2 1 6 0 1 3 0 1 1 0 2 0 0 8 2 2 0 2 0 0 0 0 3 0 0 0 9 2 4 0 2 2 0 0 61 2 1 0 0 0 0 33 0 0 0 0 0 3 0 7 3 0 5 0 0 3 0 3 0 10 11 22 40 7 1 22 32 22 8 1 17 47 41 37 12 0 10 13 31 0 0 0 0 1 0 13 0 0 0 0 0 0 0 10 0 0 0 6 0 0 0 0 0 0 0 0 0 0 0 0 0 0 0 0 0 0 0 0 0 0 0 0 0 0 0 0 0 0 0 0 0 0 0 0 0 0 0 0 0 2 18 39 3 11 0 11 4 7 12 0 9 10 0 32 0 27 16 0 11 0 0 0 0 0 0 0 0 0 0 0 0 0 0 0 0 0 0 0 0 0 0 0 53 0 0 0 0 11 0 0 0 0 0 0 0 0 0 0 0 0 0 0 0 0 0 0 0 0 0 0 0 0 0 0 0 0 0 0 0 0 0 0 0 0 0 2 0 3 2 3 17 0 0 2 0 0 0 0 0 0 15 0 0 0 0 0 0 0 0 0 0 0 0 0 11 11 7 0 0 0 0 0 0 0 0 0 0 0 0 
 83 374 0 134 284 134 468 84 283 219 181 43 160 62 63 158 97 125 33 339 3 0 0 3 0 0 27 2 0 0 0 0 0 0 2 0 0 3 107 0 0 0 0 3 0 0 0 3 3 26 0 3 2 61 0 0 2 0 0 0 0 0 0 0 0 0 0 0 2 0 6 3 0 4 0 0 11 0 3 0 11 0 0 15 13 43 2 18 7 14 0 20 11 0 10 31 0 34 0 41 17 0 10 0 0 0 0 0 0 0 0 0 1 11 0 0 0 1 0 14 0 0 0 0 0 0 0 0 0 0 0 13 0 0 0 0 0 0 0 0 0 0 0 0 0 0 0 0 0 0 0 0 0 0 0 0 0 0 0 0 12 15 33 22 2 8 0 4 0 0 0 0 14 17 28 0 6 0 0 18 0 0 0 0 0 0 0 0 0 0 0 0 0 34 0 0 0 0 29 0 0 0 0 1 0 0 0 0 0 0 0 0 0 0 0 0 0 0 0 0 0 1 0 0 0 0 0 0 0 0 0 0 0 0 0 0 1 0 0 0 0 4 0 0 0 0 0 1 3 9 0 4 0 0 0 0 0 1 0 0 0 0 6 0 0 0 0 0 0 0 0 0 0 0 0 24 0 0 0 0 0 0 0 0 0 0 0 0 0 1 
 64 136 134 0 79 112 206 50 68 176 249 132 59 70 92 39 559 130 51 73 2 0 0 5 0 0 3 73 3 2 73 0 82 22 66 0 0 2 22 22 0 2 0 3 0 0 6 3 2 0 2 7 2 0 0 2 2 0 3 0 2 0 0 3 0 0 6 0 2 0 0 3 0 2 0 72 0 3 6 1 15 0 15 36 2 18 0 0 0 32 21 0 0 0 0 0 14 7 0 0 0 0 9 13 0 0 9 12 0 5 0 0 18 14 0 0 0 0 0 43 0 0 0 2 0 0 0 0 0 0 0 13 0 0 1 0 0 0 0 0 0 0 0 0 0 0 0 0 0 0 0 0 0 0 0 0 0 0 0 0 2 0 0 0 1 0 0 4 6 1 11 21 0 0 11 0 15 10 0 37 0 32 0 0 1 1 0 15 0 2 0 0 0 0 0 24 0 0 32 10 0 0 0 0 0 0 0 0 0 0 0 0 0 0 0 0 0 0 0 0 0 0 0 0 0 0 0 0 7 0 0 0 0 0 0 0 0 2 0 0 0 0 0 0 1 1 3 0 2 1 1 15 0 0 0 0 0 0 0 0 0 0 0 0 0 0 0 0 0 0 0 0 0 0 0 0 0 1 0 0 0 0 0 0 0 0 0 0 0 0 
 136 104 284 79 0 496 359 70 252 69 78 277 67 418 74 76 67 231 33 111 73 0 0 0 0 0 1 0 2 0 0 0 243 0 0 0 2 0 7 2 0 0 0 61 0 6 0 0 0 1 0 2 0 0 0 6 2 0 3 0 0 0 0 0 2 0 0 0 0 0 0 0 0 0 0 0 0 0 0 0 15 21 12 20 25 37 27 0 6 8 52 4 0 10 28 30 0 0 0 15 0 13 0 9 0 0 8 0 0 0 0 0 12 0 30 0 0 28 18 0 0 0 0 0 0 2 0 0 0 0 9 0 0 0 0 0 0 2 0 0 0 0 0 1 0 0 0 3 0 3 0 0 0 0 0 0 0 3 0 0 1 13 1 0 22 20 0 0 11 4 0 5 0 0 19 14 9 15 0 0 0 21 0 0 0 0 7 0 35 0 0 1 0 1 12 0 0 2 14 0 0 0 0 24 0 0 0 0 0 0 0 0 0 0 0 0 0 0 0 0 0 0 0 0 0 0 0 0 0 0 0 0 0 0 0 0 0 0 0 0 0 0 0 0 0 0 88 0 6 3 2 7 10 0 0 0 0 0 0 0 0 0 0 0 0 0 0 0 0 0 0 0 0 0 0 6 23 0 0 1 0 0 0 0 0 2 0 0 0 0 
 330 121 134 112 496 0 24 58 75 37 128 59 47 282 47 67 448 135 38 61 2 0 0 3 0 0 137 0 1 1 0 0 376 79 75 0 74 61 81 0 0 0 59 3 0 0 0 3 2 2 0 2 2 56 0 0 2 0 0 0 0 0 0 0 0 0 0 0 3 0 0 3 0 2 0 0 1 0 3 0 0 0 35 0 33 2 0 0 0 0 35 13 0 0 22 0 70 10 0 0 21 0 0 0 0 0 16 1 1 0 0 0 0 37 2 0 0 10 1 11 0 0 0 0 0 0 0 0 0 0 0 0 0 0 0 1 0 0 0 0 0 0 0 0 0 0 0 0 14 0 0 0 0 0 0 5 0 0 0 0 23 7 2 0 9 38 0 0 0 30 1 13 0 0 0 18 20 0 0 0 0 1 0 0 0 0 0 28 1 17 0 14 0 20 15 0 20 0 12 21 0 0 0 0 0 0 22 0 0 0 0 0 0 0 0 0 0 0 0 0 0 0 0 0 0 0 0 0 0 0 0 0 0 0 0 0 0 0 0 0 0 0 0 0 0 1 96 0 0 2 0 9 11 0 0 0 0 0 0 0 16 0 0 0 0 0 0 0 0 0 0 0 0 0 0 0 0 0 0 0 0 0 0 0 0 0 0 0 0 0 
 151 395 468 206 359 24 0 113 242 55 138 257 262 235 119 89 112 214 39 185 2 0 0 3 0 1 3 0 1 3 0 0 0 0 77 0 0 0 0 0 2 0 0 3 0 0 0 3 1 0 0 2 2 0 0 0 0 0 2 0 0 0 0 0 0 0 0 0 3 0 17 3 0 2 0 0 0 0 3 0 29 18 0 15 0 45 35 22 6 11 21 20 0 10 12 62 0 10 0 19 0 0 0 0 0 2 0 0 0 0 0 0 9 0 0 0 0 0 10 0 0 0 0 0 0 0 0 0 0 0 0 0 0 0 0 0 0 0 0 0 1 0 0 0 0 0 0 0 1 0 0 0 0 0 0 0 6 0 0 0 19 25 17 27 12 0 1 17 24 0 0 0 4 48 1 0 0 7 21 41 0 0 0 0 0 14 0 0 1 0 0 0 0 0 0 0 0 0 0 0 0 0 0 25 0 0 0 0 0 0 0 0 0 0 0 0 0 0 0 0 0 0 0 0 12 0 0 0 14 0 0 0 0 0 0 0 2 0 0 0 0 10 0 0 0 0 1 0 1 91 12 8 0 0 0 0 0 0 0 0 0 0 10 0 0 48 0 0 0 0 0 0 0 0 0 16 17 0 0 0 0 1 0 0 0 0 0 0 0 2 
 401 423 84 50 70 58 113 0 163 150 90 27 109 120 261 183 75 111 53 150 3 0 0 77 0 0 3 0 0 2 0 0 0 0 2 0 0 0 0 0 5 0 0 3 0 0 0 6 3 2 0 2 2 0 0 0 2 52 2 0 0 0 0 0 0 0 0 0 2 0 44 39 0 8 0 55 14 5 3 0 27 10 8 10 0 0 17 49 52 1 3 2 57 18 31 12 56 20 11 0 0 0 0 0 0 2 0 0 0 0 0 0 0 0 0 0 0 0 0 0 0 0 0 0 0 0 0 0 0 0 0 2 0 0 0 0 0 0 0 0 2 0 0 0 0 0 0 0 0 0 0 3 0 0 0 0 0 0 0 0 11 11 61 17 0 0 28 21 15 9 13 1 29 29 47 0 17 28 20 0 0 0 0 0 0 0 0 0 0 0 0 0 0 15 0 0 0 0 0 0 0 0 0 0 0 0 0 0 0 0 0 0 0 0 0 0 0 0 1 0 0 0 19 0 0 0 0 0 1 0 0 0 0 0 0 0 28 0 0 0 0 1 0 0 0 2 1 0 3 0 1 12 0 0 0 0 0 0 0 0 0 0 0 0 0 63 0 0 0 0 0 0 0 0 0 0 10 8 0 0 0 0 0 0 0 0 0 0 0 0 
 223 236 283 68 252 75 242 163 0 189 41 85 284 380 117 304 251 110 33 168 2 0 0 3 2 0 3 0 5 2 0 0 0 0 2 0 0 1 4 0 0 0 0 3 0 0 0 3 1 0 0 2 2 0 0 0 2 0 1 0 0 0 0 0 0 0 0 0 3 0 0 3 0 2 0 0 0 3 3 0 31 29 6 56 11 72 36 30 12 47 14 0 0 37 56 27 41 33 0 0 0 0 0 0 0 0 4 0 0 0 0 0 9 0 0 0 0 0 17 10 0 0 0 0 0 0 0 11 0 0 0 0 0 0 0 0 0 0 0 0 0 0 0 0 0 0 0 0 0 0 0 3 0 0 0 20 0 0 0 0 9 11 15 0 11 11 0 0 39 16 1 28 1 0 18 14 0 14 0 20 0 0 0 11 0 0 0 0 0 0 0 0 0 20 0 0 0 0 0 8 0 0 0 9 0 0 0 0 0 0 0 0 0 0 0 0 0 0 0 0 0 0 0 0 0 0 0 0 0 0 0 0 0 0 0 0 0 0 0 1 0 0 0 0 0 2 0 0 88 1 0 9 9 0 0 0 0 0 0 0 0 0 0 0 0 0 0 0 0 0 0 0 0 0 0 0 23 6 0 0 0 0 0 0 0 0 0 0 0 0 
 119 93 219 176 69 37 55 150 189 0 145 223 50 171 191 193 130 151 36 101 4 0 0 3 0 0 5 0 1 1 75 0 0 0 2 0 0 3 74 36 0 0 0 3 0 0 0 6 3 4 0 2 2 0 0 0 2 0 0 0 0 0 0 0 0 0 0 0 2 0 2 3 0 3 35 0 0 0 3 0 18 0 31 11 29 0 0 8 14 2 30 30 0 1 0 5 43 1 0 0 0 0 0 0 0 0 8 0 0 0 0 0 20 0 1 0 0 0 13 10 0 1 0 0 0 0 0 0 0 0 3 9 0 0 0 0 0 0 0 0 0 0 10 0 0 0 0 7 1 0 0 0 0 0 0 0 0 0 0 0 0 0 29 45 6 24 11 4 13 21 47 9 16 23 6 23 0 0 0 15 19 0 0 0 0 0 10 11 0 0 0 0 0 8 0 0 0 0 0 39 0 0 0 0 0 0 0 0 0 0 0 0 0 0 0 18 0 10 0 0 0 0 0 0 0 0 0 0 0 0 0 0 0 0 0 0 0 0 0 0 0 12 0 0 0 0 91 0 49 2 0 8 13 0 0 0 0 0 0 0 0 0 11 0 0 0 0 0 0 0 0 0 0 0 0 17 0 0 0 0 0 0 0 0 0 0 0 0 0 0 
 254 95 181 249 78 128 138 90 41 145 0 221 43 31 350 95 116 68 32 54 1 0 0 2 0 0 3 22 2 1 0 0 3 73 2 0 2 0 76 100 0 62 0 3 0 0 0 3 1 2 0 2 2 0 0 0 2 0 3 0 0 0 0 0 0 0 0 0 3 0 5 3 0 3 0 0 3 0 3 0 1 12 9 32 13 0 8 18 20 1 0 22 29 29 24 15 3 0 16 23 0 21 13 10 0 0 4 11 10 0 0 0 10 0 1 0 0 0 10 29 0 1 0 0 0 0 11 0 0 0 0 0 0 0 0 0 2 0 0 0 0 0 0 0 0 0 0 32 17 1 0 0 0 0 0 0 0 0 0 15 0 0 28 16 10 17 10 10 19 24 7 0 9 0 26 0 29 10 0 0 3 15 0 0 0 0 19 12 0 13 0 0 8 9 0 1 0 13 24 0 0 0 0 0 0 0 0 0 0 2 0 0 0 0 0 0 0 0 0 0 0 0 0 0 0 17 0 0 0 0 1 0 0 0 0 0 0 0 0 0 0 0 0 0 0 9 92 0 3 96 0 20 0 0 0 0 0 0 0 0 0 0 0 0 0 0 0 0 0 0 0 0 0 0 0 33 10 0 0 0 0 0 0 0 0 0 0 0 0 0 
 337 237 43 132 277 59 257 27 85 223 221 0 28 135 17 89 164 373 12 51 79 2 0 3 0 0 3 87 13 1 0 0 0 0 2 0 29 0 24 0 0 102 0 3 0 3 0 3 2 0 0 2 2 5 0 0 2 2 0 0 0 0 0 0 0 3 0 0 3 0 0 3 0 2 0 0 0 1 3 0 0 0 14 6 17 17 2 0 2 15 37 0 24 0 0 0 50 43 0 0 0 1 41 14 0 0 14 0 2 0 0 0 40 0 0 0 13 22 16 31 0 0 16 0 0 0 0 13 0 0 0 13 0 0 0 0 0 0 0 0 0 0 6 0 9 0 0 0 0 0 0 0 0 0 0 8 0 0 0 0 2 0 23 9 0 16 0 5 22 12 4 11 0 0 0 18 12 0 0 10 0 11 0 0 0 0 0 0 0 28 0 0 6 12 0 0 0 18 35 20 0 0 0 0 0 0 0 0 11 0 0 0 0 0 0 0 0 0 0 0 0 0 0 0 0 0 0 0 0 0 0 0 0 0 0 0 0 0 0 0 0 0 0 0 0 0 6 0 102 3 2 5 14 0 0 0 0 0 74 0 0 0 0 0 0 0 0 0 0 0 0 0 0 1 0 0 0 0 0 0 0 0 0 0 0 0 0 0 0 0 
 139 115 160 59 67 47 262 109 284 50 43 28 0 262 45 274 37 33 65 222 3 0 0 3 0 0 3 91 0 2 0 0 0 52 2 2 0 0 99 0 0 0 0 3 0 8 0 3 3 0 0 4 2 0 0 0 2 0 9 0 0 0 0 0 0 0 0 0 2 0 2 3 0 4 0 0 45 0 3 0 28 37 0 57 0 15 20 32 0 11 1 0 1 12 18 37 8 26 27 0 0 0 0 0 0 0 0 0 0 0 0 0 0 0 1 0 0 0 0 0 0 0 8 0 0 0 0 0 2 0 0 0 0 0 0 0 0 0 0 0 0 0 1 0 0 0 0 1 0 0 0 8 0 0 2 0 34 0 0 0 7 23 14 27 48 0 0 30 17 0 0 0 18 40 1 0 1 1 21 31 0 0 0 0 0 0 0 0 0 0 0 0 0 21 19 0 0 0 0 0 0 0 0 21 0 0 0 0 0 0 0 0 0 0 0 0 0 0 0 0 0 0 0 0 0 1 0 0 0 0 0 0 0 0 0 0 0 0 0 0 0 14 0 0 0 2 0 1 0 0 10 6 2 0 0 0 0 0 0 0 0 0 15 0 0 0 0 0 0 0 0 0 0 0 0 0 0 0 0 0 0 0 0 0 0 0 0 0 0 0 
 368 314 62 70 418 282 235 120 380 171 31 135 262 0 211 139 40 70 64 202 3 0 2 3 0 1 3 0 0 1 0 0 0 0 2 0 0 0 0 0 0 0 0 3 0 36 0 3 3 0 0 2 2 0 0 0 0 0 2 0 0 3 0 0 0 0 0 0 2 0 2 3 0 40 0 0 0 0 3 0 13 9 8 15 23 4 22 28 0 69 21 15 3 9 12 13 13 15 0 12 18 4 0 0 0 0 0 0 0 2 0 0 0 0 10 0 1 0 3 0 0 0 0 0 2 0 0 2 1 0 0 0 0 0 0 1 0 0 0 0 0 0 0 0 1 0 0 0 0 0 0 0 0 0 0 0 10 0 0 0 23 22 1 12 11 19 12 22 7 17 0 1 50 9 0 32 10 0 0 24 0 0 0 0 0 0 0 0 0 0 0 0 2 0 0 0 0 0 0 2 0 0 0 23 0 0 0 0 0 1 0 0 0 0 0 0 2 1 0 0 0 0 0 0 0 0 0 0 0 0 0 0 0 0 0 0 0 0 0 0 0 0 0 0 0 2 1 2 1 90 9 7 4 0 0 0 0 0 0 0 0 0 0 0 0 0 0 0 0 0 0 0 0 0 0 0 0 0 0 0 0 0 0 0 0 0 0 0 0 0 
 204 266 63 92 74 47 119 261 117 191 350 17 45 211 0 272 150 197 42 122 2 0 3 6 0 3 3 5 6 2 0 75 4 2 2 0 0 6 3 1 3 2 0 5 0 0 0 9 4 2 0 2 5 5 2 0 2 2 6 0 0 0 0 4 0 0 0 2 8 0 0 6 0 2 0 0 2 1 3 0 16 12 19 26 2 1 26 48 63 29 29 3 51 22 49 13 15 13 10 18 0 0 9 0 0 0 0 0 0 0 0 0 0 0 0 0 0 0 0 0 0 0 2 0 0 1 0 0 0 2 0 0 0 0 0 0 0 0 0 1 0 0 0 0 0 1 0 0 0 0 0 21 0 0 0 10 0 0 0 0 2 1 4 0 0 0 36 15 0 10 14 12 40 8 34 16 10 36 7 21 0 0 0 0 0 0 0 0 0 0 0 0 0 0 0 0 0 0 0 0 0 0 0 0 0 0 0 0 0 0 0 0 0 0 0 2 0 0 0 0 0 0 0 0 0 0 0 0 0 0 0 0 0 0 0 0 0 0 0 0 0 0 0 0 0 0 0 1 3 14 0 27 11 0 0 0 0 0 0 0 0 0 0 0 0 0 0 0 0 0 0 0 0 0 0 1 11 8 0 0 0 0 0 0 0 0 0 3 0 0 
 120 86 158 39 76 67 89 183 304 193 95 89 274 139 272 0 245 113 32 195 2 0 0 3 2 0 3 0 1 1 0 0 0 0 2 0 2 0 0 0 3 0 0 3 0 0 0 3 1 0 0 2 2 0 0 0 2 2 2 0 0 2 0 0 0 0 0 0 3 0 0 3 0 2 0 0 0 0 10 0 14 2 14 24 9 55 22 33 15 26 20 0 14 28 5 9 25 25 1 16 0 0 0 0 0 3 9 1 0 0 0 0 9 0 1 0 0 3 0 11 0 0 0 0 0 0 0 0 0 2 0 2 0 0 0 0 0 4 0 1 0 0 0 0 0 1 0 0 0 0 0 6 0 0 0 0 0 0 0 2 3 15 42 19 11 16 2 0 38 10 3 10 7 0 20 21 17 0 0 23 0 0 0 0 0 0 0 0 0 0 0 0 0 12 0 0 0 0 1 10 0 0 0 30 0 0 0 0 0 0 0 0 0 2 0 2 0 0 0 0 0 0 2 0 0 0 0 0 0 0 0 0 0 0 0 0 3 0 0 0 0 11 0 0 0 1 1 2 90 2 0 12 13 0 0 0 0 0 0 0 0 0 10 0 0 0 0 0 0 0 0 0 0 0 0 0 0 10 0 0 0 0 0 0 0 0 0 0 0 0 
 43 159 97 559 67 448 112 75 251 130 116 164 37 40 150 245 0 45 22 58 1 0 0 2 0 0 58 0 5 1 0 0 81 72 2 0 1 3 26 72 0 0 0 3 0 0 0 3 1 0 0 2 2 0 0 0 0 0 0 0 0 0 0 0 0 0 0 0 3 0 0 3 0 2 0 53 0 0 3 0 5 0 14 5 26 16 0 28 9 39 0 11 8 13 2 1 3 47 1 1 0 0 0 0 0 0 0 10 0 0 0 0 1 0 3 0 0 0 0 16 0 0 0 0 0 0 0 0 0 0 0 0 0 0 0 0 0 0 0 0 0 0 1 0 0 0 0 0 0 0 0 0 0 0 0 0 0 0 0 0 2 0 17 0 0 22 0 0 11 42 16 15 0 0 19 0 1 20 0 17 0 0 0 1 0 0 0 10 0 0 0 0 0 11 0 0 0 0 30 4 0 0 0 0 0 0 0 0 0 0 0 0 12 0 0 0 0 0 0 0 0 0 0 0 1 0 0 0 0 0 0 0 0 0 0 0 0 0 0 1 0 0 0 0 0 2 94 2 1 2 0 5 0 0 0 0 0 0 0 0 0 0 0 0 0 0 0 0 0 0 0 0 0 0 0 0 0 10 0 0 0 0 0 0 0 0 0 0 0 0 
 76 41 125 130 231 135 214 111 110 151 68 373 33 70 197 113 45 0 43 37 2 1 0 3 0 0 5 2 3 67 0 0 0 0 3 0 0 1 4 0 0 0 0 3 0 0 0 12 3 2 0 4 2 0 0 0 0 1 2 0 3 0 0 0 0 0 0 0 2 0 2 3 0 3 0 0 0 3 3 0 21 25 23 10 24 15 24 19 21 6 36 10 16 10 9 8 14 1 10 0 0 0 0 0 0 0 0 0 0 0 0 0 12 0 0 0 0 0 15 0 0 0 0 0 0 0 0 0 0 0 0 0 0 0 0 0 0 0 0 0 0 0 0 0 0 0 0 13 0 0 0 0 0 0 0 0 0 0 0 0 0 0 59 29 0 16 24 4 0 29 9 0 31 8 22 8 10 22 0 20 13 0 0 0 0 0 0 0 0 0 0 0 0 0 0 0 0 0 0 1 0 0 0 0 0 0 0 0 0 0 0 0 0 0 0 0 0 0 0 0 0 0 0 0 18 0 0 0 0 0 0 0 0 0 0 0 0 0 0 0 0 10 0 0 0 3 2 0 0 87 3 13 11 0 0 0 0 0 0 0 0 0 7 0 0 2 0 0 0 0 0 0 0 0 0 0 32 0 0 0 0 0 0 0 0 0 0 0 0 0 
 53 63 33 51 33 38 39 53 33 36 32 12 65 64 42 32 22 43 0 188 2 0 0 3 0 0 3 0 1 1 0 0 0 0 2 0 0 1 0 0 0 0 0 3 0 0 0 3 3 1 0 2 2 0 0 0 1 0 0 0 3 0 0 0 0 0 0 0 2 0 1 3 0 2 0 0 0 0 3 0 12 24 0 0 0 0 13 10 16 1 0 0 1 16 0 14 0 0 23 117 0 0 0 0 0 0 0 0 0 0 0 0 0 0 0 0 0 0 0 0 0 0 0 0 0 0 0 0 0 0 0 0 0 0 0 0 0 0 0 0 20 0 0 0 0 0 0 0 0 0 0 6 0 0 6 0 0 0 0 0 44 2 0 0 0 0 25 17 21 0 0 0 0 12 11 39 0 3 12 15 0 0 0 0 0 0 0 0 0 0 0 0 0 23 0 0 0 0 0 0 0 0 0 0 0 0 0 0 0 0 0 0 0 14 0 0 0 0 0 0 0 0 0 0 0 0 0 0 0 0 0 0 0 0 0 0 0 0 0 0 0 0 0 0 0 0 0 0 0 0 0 8 0 0 0 0 0 0 0 0 0 0 0 0 0 0 0 0 0 0 0 0 0 0 0 0 0 0 0 0 0 0 0 0 0 0 0 0 0 0 
 141 160 339 73 111 61 185 150 168 101 54 51 222 202 122 195 58 37 188 0 2 0 0 3 1 0 3 0 7 40 0 202 0 1 2 0 0 0 0 4 0 0 0 3 0 0 0 3 1 0 0 2 2 0 0 0 1 0 0 0 0 0 0 1 0 0 0 0 3 0 1 4 0 44 0 0 3 0 3 0 29 17 0 20 0 19 10 10 30 0 1 0 10 65 0 5 0 10 34 15 0 0 0 0 0 0 0 0 0 0 0 0 0 2 1 0 1 0 0 0 0 0 0 0 0 0 0 0 1 0 0 0 0 0 0 0 0 0 0 1 15 0 0 0 0 0 0 2 0 0 0 0 0 0 32 0 0 0 0 0 72 45 22 38 10 0 37 38 12 0 0 0 1 18 2 9 1 12 18 16 0 0 0 0 0 0 0 0 0 0 0 0 0 56 0 0 0 0 0 0 0 0 0 22 0 0 0 0 0 0 0 0 0 0 0 0 0 0 0 0 0 0 0 0 0 0 0 0 0 0 0 0 0 0 0 0 0 0 0 0 0 10 0 0 0 5 2 2 2 0 0 0 0 0 0 0 0 0 0 0 0 0 10 0 0 0 0 0 0 0 0 0 0 0 0 0 0 0 0 0 0 0 0 0 0 0 0 0 0 0 
 1 2 3 2 73 2 2 3 2 4 1 79 3 3 2 2 1 2 2 2 0 265 156 562 70 29 55 72 155 54 60 41 38 133 150 129 112 112 225 32 0 62 3 2 0 4 0 3 0 8 3 0 3 0 0 0 2 2 63 2 0 0 3 0 0 3 0 0 2 6 2 0 1 0 0 13 13 0 5 2 0 0 0 0 0 26 0 0 0 0 0 0 0 0 0 0 15 0 0 0 0 21 1 13 0 0 21 22 13 0 34 13 10 0 18 30 19 8 22 0 0 0 0 0 0 0 0 0 0 2 14 0 0 0 0 0 0 0 16 0 0 1 0 0 0 0 0 2 0 12 8 0 0 0 0 0 0 4 15 0 0 0 0 0 13 0 0 0 0 0 4 0 0 0 0 0 0 0 11 0 27 12 0 2 0 0 6 0 8 32 0 22 31 49 0 15 47 13 25 13 1 0 0 0 0 0 10 0 0 0 0 0 7 0 0 0 0 0 1 0 0 0 0 0 0 0 0 0 0 0 0 0 0 0 0 0 0 0 0 0 0 0 13 0 0 0 1 0 0 0 0 0 0 0 0 0 0 0 0 0 0 0 0 0 0 0 0 0 0 0 0 0 0 0 0 1 0 0 0 0 0 0 0 0 0 0 0 0 0 0 
 0 2 0 0 0 0 0 0 0 0 0 2 0 0 0 0 0 1 0 0 265 0 171 172 35 40 335 116 147 36 88 110 52 123 282 34 107 216 163 51 0 1 3 2 0 4 0 67 0 5 2 0 63 2 0 0 2 4 0 29 0 0 0 9 0 0 0 3 0 4 0 2 0 3 0 3 3 0 3 0 0 0 0 0 0 1 0 0 0 0 0 0 14 0 0 0 0 0 0 0 1 20 8 27 9 0 12 43 29 9 37 46 1 10 0 28 0 1 0 1 10 0 0 0 0 0 19 0 0 9 1 0 0 7 0 0 0 0 0 9 0 0 0 0 0 0 0 0 0 10 1 19 0 0 0 0 0 0 0 0 2 0 0 0 11 0 0 0 0 0 0 10 0 0 0 0 0 0 2 0 22 38 11 0 0 23 11 11 21 0 0 14 20 16 11 14 11 32 25 13 2 0 0 0 0 0 19 0 0 0 0 0 1 24 0 11 0 0 0 0 0 2 8 0 0 0 0 0 0 0 0 0 0 0 0 0 0 0 0 0 0 0 13 0 0 0 0 0 0 0 0 1 0 0 2 0 0 0 77 0 0 0 0 0 0 0 0 0 0 0 0 0 0 0 0 0 0 0 0 0 0 1 0 0 0 4 0 0 0 0 
 0 1 0 0 0 0 0 0 0 0 0 0 0 2 3 0 0 0 0 0 156 171 0 141 156 104 223 96 163 117 120 122 50 47 294 203 23 575 94 90 0 0 3 2 0 2 2 3 0 4 0 0 57 1 1 0 2 2 62 63 3 0 0 0 0 0 0 0 0 2 0 0 50 0 53 5 3 0 3 0 0 0 0 0 0 0 0 0 0 0 0 0 0 0 0 0 0 0 0 0 4 8 12 33 13 0 9 24 0 42 9 46 0 10 0 0 0 8 0 0 16 15 0 2 0 0 15 9 0 0 9 0 10 5 0 1 1 0 25 17 0 0 0 0 0 0 2 0 0 0 0 0 0 0 0 0 0 0 1 0 0 0 0 0 11 2 2 0 0 0 0 8 0 0 0 0 0 0 0 0 1 13 0 35 16 22 3 0 0 13 16 0 11 1 0 18 14 0 13 0 7 2 0 0 0 0 0 0 0 0 0 0 37 47 0 0 0 0 7 40 1 0 0 0 0 0 0 0 0 0 0 0 0 0 0 0 0 0 0 0 0 0 0 0 0 0 0 0 0 0 0 0 0 0 4 0 1 86 45 0 1 1 0 0 0 0 0 0 0 0 0 0 0 0 0 0 0 0 0 0 0 21 0 0 0 0 0 0 0 0 
 2 6 3 5 0 3 3 77 3 3 2 3 3 3 6 3 2 3 3 3 562 172 141 0 180 54 173 221 161 215 127 214 63 182 296 112 249 214 129 67 0 2 3 2 0 2 69 55 0 4 3 0 0 0 64 0 1 2 63 0 0 0 0 0 0 0 0 0 0 2 21 0 0 0 1 3 3 5 3 0 0 0 0 0 0 0 0 0 0 0 0 0 0 0 0 0 0 0 0 0 0 0 18 32 2 0 8 11 41 12 9 38 0 1 0 106 27 9 0 0 0 14 0 0 0 0 13 18 0 1 0 0 3 0 0 0 1 0 10 17 0 0 0 0 0 0 0 0 0 0 0 0 0 0 0 0 0 0 1 0 1 0 0 0 25 6 0 0 0 0 0 0 0 0 0 0 0 0 0 21 26 0 0 16 21 26 26 14 23 12 15 0 0 22 20 19 0 22 0 14 0 2 1 0 0 0 7 0 0 1 0 0 40 21 0 0 0 0 0 50 0 0 0 0 0 0 0 0 0 0 0 0 0 0 0 0 0 0 0 0 0 0 20 0 0 0 0 0 0 0 0 0 0 0 4 0 0 75 1 0 2 0 0 0 0 0 11 0 0 0 0 0 0 0 0 0 0 0 0 0 0 0 0 0 0 12 10 0 0 0 
 2 0 0 0 0 0 0 0 2 0 0 0 0 0 0 2 0 0 0 1 70 35 156 180 0 151 68 69 154 81 151 45 81 137 200 150 130 38 57 285 32 0 69 2 0 2 64 3 0 5 81 0 99 0 29 2 0 2 123 105 0 0 0 0 0 0 0 0 0 2 0 3 0 0 0 3 3 0 3 5 0 0 0 1 0 0 0 16 0 0 0 0 0 0 0 0 0 0 0 0 0 0 0 12 21 12 0 39 0 24 12 24 0 0 0 16 13 0 0 0 9 15 8 0 10 0 12 0 11 29 1 0 7 31 32 0 18 0 10 20 0 3 1 14 0 0 0 0 0 0 0 0 9 0 0 0 0 0 4 0 2 0 0 0 0 0 0 0 0 0 0 0 1 2 0 0 12 0 0 0 0 12 10 33 0 11 0 0 15 11 1 0 0 0 0 13 14 12 0 0 14 45 11 0 0 0 45 17 2 0 13 0 40 21 36 10 0 0 35 10 0 0 0 0 0 2 0 0 0 0 0 0 0 0 0 0 0 0 0 0 0 0 2 0 0 0 0 0 0 0 0 0 0 0 5 0 5 2 74 2 3 2 0 0 0 0 0 0 0 0 0 0 0 0 0 0 0 0 0 0 0 0 0 0 0 1 0 0 0 0 
 1 1 0 0 0 0 1 0 0 0 0 0 0 1 3 0 0 0 0 0 29 40 104 54 151 0 26 41 34 342 121 335 43 33 512 284 62 58 40 50 0 78 215 2 0 2 0 3 0 4 0 0 94 1 0 0 0 2 1 20 0 0 0 0 0 0 0 0 0 2 0 3 0 0 0 3 3 0 3 6 0 0 0 0 0 0 0 0 0 0 0 0 0 0 0 0 0 0 0 0 0 0 21 13 28 27 0 12 0 13 8 0 0 1 0 12 8 6 0 0 0 1 1 0 10 0 11 0 9 22 1 0 48 0 58 0 14 8 8 12 0 0 0 0 1 0 0 0 0 0 0 0 0 0 0 0 0 0 0 0 2 0 0 0 1 1 0 0 0 0 0 0 0 0 0 0 0 0 0 0 0 44 10 13 1 0 0 0 0 0 16 0 0 0 14 0 0 0 0 0 46 10 17 9 0 0 17 25 17 39 0 0 21 7 13 9 1 30 35 21 0 0 0 0 0 0 0 0 0 0 0 0 0 0 0 0 0 0 0 0 0 0 0 0 0 0 0 0 0 0 0 0 0 0 6 9 1 3 0 3 1 10 0 0 0 21 0 0 0 0 0 0 0 0 0 0 0 0 0 0 0 0 0 0 0 0 0 0 0 3 
 5 3 27 3 1 137 3 3 3 5 3 3 3 3 3 3 58 5 3 3 55 335 223 173 68 26 0 146 69 24 21 77 185 171 220 37 137 111 510 318 3 2 5 2 0 2 0 3 2 4 0 0 0 64 3 3 1 2 0 0 0 5 35 1 2 0 0 0 0 2 3 2 0 0 0 6 5 3 3 0 0 0 0 0 9 14 0 0 0 14 0 1 0 0 0 0 0 18 0 0 51 12 13 0 0 0 15 10 15 31 11 0 1 46 2 0 0 8 0 2 1 0 0 0 0 0 0 0 0 0 0 0 0 0 0 0 0 0 0 0 0 0 0 0 0 0 0 0 0 0 1 0 0 0 0 0 0 0 2 0 2 0 13 0 7 0 0 0 0 0 16 1 0 0 0 0 0 0 1 0 0 25 0 0 0 0 28 9 0 26 11 12 0 9 26 29 13 10 23 0 1 0 0 0 0 0 0 0 0 0 0 0 0 0 0 0 0 9 0 12 0 1 0 0 0 0 0 0 0 0 0 0 0 0 9 0 0 0 0 0 0 0 0 0 0 0 0 0 1 0 0 0 0 0 2 1 2 0 0 2 15 0 0 0 0 0 0 0 0 0 0 0 1 0 0 0 0 0 0 0 0 19 0 0 0 0 0 0 0 0 
 0 0 2 73 0 0 0 0 0 0 22 87 91 0 5 0 0 2 0 0 72 116 96 221 69 41 146 0 84 35 84 109 101 234 163 226 30 111 84 118 0 72 3 2 1 2 0 3 2 5 4 3 62 1 0 5 2 2 0 2 0 3 0 0 0 0 3 0 0 3 0 0 1 0 3 5 5 5 3 1 0 0 0 0 0 0 0 0 0 0 2 1 0 0 0 0 0 0 0 0 9 0 19 25 12 0 0 62 48 2 75 10 0 29 0 32 34 7 0 22 0 0 0 0 0 0 19 0 0 0 0 0 0 0 0 0 3 0 12 20 0 0 0 0 4 0 0 0 0 0 0 0 0 0 0 0 0 0 0 0 2 0 0 0 0 0 8 0 0 0 0 0 3 0 0 0 0 0 0 0 10 34 0 10 9 9 0 31 10 48 2 3 34 8 0 32 10 51 26 0 0 0 0 0 0 0 20 0 0 0 2 0 0 0 0 0 0 0 1 11 0 0 0 0 0 0 0 0 0 0 0 0 0 20 0 0 0 0 0 0 0 0 0 0 0 0 2 0 0 0 0 0 0 0 0 0 2 40 0 4 1 2 0 0 0 0 0 0 0 0 0 0 0 0 0 0 0 0 0 0 0 17 0 0 0 5 14 0 0 2 
 8 1 0 3 2 1 1 0 5 1 2 13 0 0 6 1 5 3 1 7 155 147 163 161 154 34 69 84 0 154 84 116 92 101 188 186 314 135 96 136 6 0 3 2 0 2 0 3 0 5 0 0 67 1 0 0 4 2 62 26 0 6 0 0 0 0 0 4 0 2 0 0 0 0 0 3 7 5 3 0 0 0 0 0 0 0 0 0 0 0 0 0 0 0 1 0 0 0 0 0 16 20 0 20 31 0 0 51 8 88 13 30 0 2 18 35 12 8 0 1 20 0 37 0 2 0 27 0 44 0 0 0 0 34 0 0 0 0 1 10 0 0 0 0 0 0 0 0 0 1 0 0 1 1 0 2 0 0 0 0 2 0 0 0 11 15 0 0 0 0 0 0 0 0 0 0 0 0 0 0 10 13 10 12 22 9 15 3 56 20 69 29 2 0 14 15 50 31 19 0 0 0 0 0 0 0 36 0 0 16 0 0 14 19 0 0 0 17 0 1 0 0 0 0 0 0 0 0 0 0 0 0 0 0 0 37 0 0 0 0 0 0 0 0 0 0 0 0 0 0 0 0 0 0 3 0 0 0 79 2 2 2 0 0 0 0 10 0 0 0 0 0 56 0 0 0 0 0 0 0 0 0 0 0 0 0 0 0 0 0 
 1 1 0 2 0 1 3 2 2 1 1 1 2 1 2 1 1 67 1 40 54 36 117 215 81 342 24 35 154 0 212 39 48 99 133 215 175 53 74 100 0 1 3 2 0 2 62 66 0 3 0 0 116 1 0 0 0 2 0 7 0 0 0 0 0 0 0 0 0 2 0 1 0 0 0 3 3 0 3 0 0 0 0 0 0 0 0 0 0 0 0 0 0 0 0 0 0 0 0 0 0 0 0 30 15 19 0 0 0 10 0 40 0 3 0 0 12 3 0 6 51 12 12 0 9 0 46 0 21 0 0 0 25 25 1 0 0 0 0 0 0 0 0 0 0 0 0 0 0 0 0 0 0 0 0 0 0 0 0 0 2 0 0 0 4 5 0 0 0 0 0 0 0 0 0 0 0 0 0 6 0 0 28 2 22 1 0 0 6 1 39 26 0 0 0 0 11 0 0 0 10 8 3 0 0 0 26 1 0 0 0 0 34 19 6 9 0 0 9 35 0 0 0 0 0 0 0 0 0 0 0 0 0 0 0 0 0 0 0 0 0 0 0 0 0 0 0 0 0 0 0 0 0 0 1 1 2 78 152 0 0 0 0 0 0 0 0 0 0 0 0 0 0 0 0 0 0 0 0 0 0 2 0 0 0 0 0 62 0 0 
 4 0 0 73 0 0 0 0 0 75 0 0 0 0 0 0 0 0 0 0 60 88 120 127 151 121 21 84 84 212 0 39 34 107 167 96 95 98 37 288 6 1 3 2 0 2 2 3 0 5 0 0 127 0 0 0 2 5 62 111 0 0 0 0 0 0 0 6 0 2 0 2 0 0 0 3 7 0 3 0 0 0 0 0 0 0 0 0 0 0 0 8 0 0 0 0 0 0 0 0 1 1 0 43 20 9 0 21 7 49 26 46 0 23 0 39 19 0 0 1 20 14 0 0 14 0 66 7 0 12 0 0 0 7 0 0 11 0 0 21 0 0 0 22 18 0 0 0 0 0 20 0 0 0 0 0 0 0 4 0 2 0 0 0 0 0 0 0 0 0 0 0 0 0 36 0 0 0 0 0 2 39 12 21 34 36 0 8 14 0 25 0 13 0 0 11 22 31 0 1 0 9 11 0 0 0 45 11 1 0 0 0 11 29 24 14 0 0 0 0 0 0 0 0 0 0 0 0 0 0 0 0 0 0 0 0 0 0 0 0 0 0 0 0 0 0 0 0 0 0 0 0 0 0 2 0 0 1 122 0 0 0 0 0 0 0 0 0 0 0 0 0 0 0 0 0 0 0 0 0 0 19 0 0 0 11 0 0 0 5 
 0 2 0 0 0 0 0 0 0 0 0 0 0 0 75 0 0 0 0 202 41 110 122 214 45 335 77 109 116 39 39 0 106 240 421 216 151 83 344 100 0 1 4 2 0 2 0 3 0 4 0 0 0 1 0 0 2 2 65 0 0 2 0 0 0 0 0 0 0 2 0 0 0 0 0 3 3 5 3 0 0 0 0 0 0 0 0 0 10 0 0 0 0 0 0 0 0 0 0 0 9 0 33 29 34 0 9 0 2 11 2 5 0 1 14 37 38 0 0 0 0 0 0 0 0 0 0 8 0 0 0 2 0 0 0 0 0 0 18 15 0 0 0 0 0 0 0 0 2 0 0 0 0 0 0 0 2 0 0 1 1 0 0 2 0 0 0 0 0 0 0 0 26 0 12 0 0 10 0 0 0 0 0 0 23 1 22 11 17 16 0 0 0 13 26 9 20 23 0 0 7 7 1 0 0 0 0 0 0 0 0 0 49 19 5 0 0 2 27 31 0 0 0 0 0 0 0 0 0 0 0 0 0 0 0 0 0 0 0 0 0 0 0 0 0 1 0 0 0 0 0 0 0 0 8 0 2 73 2 3 1 2 0 0 0 0 2 0 0 0 0 2 0 0 0 0 0 0 0 0 0 8 0 0 0 0 19 0 0 0 
 0 0 0 82 243 376 0 0 0 0 3 0 0 0 4 0 81 0 0 0 38 52 50 63 81 43 185 101 92 48 34 106 0 401 65 122 120 247 85 48 0 0 3 2 0 2 0 3 0 4 0 0 0 1 0 0 0 2 62 0 49 0 0 0 2 0 0 0 0 2 0 0 0 0 0 3 3 0 4 0 0 0 40 30 24 16 0 0 0 15 9 0 7 0 0 0 3 33 0 0 10 1 0 0 0 0 9 15 0 0 9 0 15 50 19 0 8 16 9 62 0 0 0 0 0 0 0 0 0 0 0 0 0 0 0 0 0 0 0 0 0 0 0 0 4 0 0 0 0 0 0 0 0 0 0 0 0 0 0 0 2 0 0 0 5 12 0 0 15 13 13 17 1 0 0 0 11 20 0 0 0 17 0 1 0 0 9 17 8 19 1 0 14 20 21 28 14 0 0 1 0 0 0 0 0 0 0 0 0 0 0 0 0 0 0 0 0 0 13 0 0 0 0 0 0 0 0 0 0 0 0 0 0 0 0 0 0 0 0 0 0 0 0 0 0 0 34 0 0 0 0 1 0 0 0 0 2 0 0 0 17 2 0 0 0 0 0 0 0 14 0 0 0 0 0 0 0 0 0 1 0 17 0 0 0 0 0 0 0 0 
 3 0 0 22 0 79 0 0 0 0 73 0 52 0 2 0 72 0 0 1 133 123 47 182 137 33 171 234 101 99 107 240 401 0 196 33 116 215 103 280 0 0 3 2 0 2 0 31 0 5 0 5 3 2 0 0 2 3 1 2 0 0 0 0 0 1 0 0 0 5 0 0 0 0 0 3 3 2 5 0 0 0 0 14 0 14 0 0 0 51 2 0 13 0 0 0 0 1 0 0 61 9 0 12 0 0 11 11 20 0 16 0 14 64 15 0 0 3 15 58 0 0 0 0 0 0 0 0 0 0 0 0 0 0 0 0 0 0 0 0 0 0 0 0 0 0 0 0 0 0 0 0 0 0 0 0 0 0 0 0 1 0 0 0 9 0 0 0 1 1 0 10 0 0 0 0 1 8 0 0 13 24 23 0 0 0 4 26 6 31 9 1 25 33 17 35 6 18 27 8 0 0 0 0 0 0 0 0 0 0 0 0 0 0 0 0 0 0 10 0 0 0 0 0 0 0 0 0 0 0 0 0 0 0 0 0 0 0 0 0 0 0 0 0 0 0 5 0 0 1 0 0 0 2 0 0 0 0 0 1 11 0 0 0 0 0 0 0 0 0 0 0 0 0 0 0 0 14 0 13 0 19 0 0 0 0 0 0 0 0 
 2 8 2 66 0 75 77 2 2 2 2 2 2 2 2 2 2 3 2 2 150 282 294 296 200 512 220 163 188 133 167 421 65 196 0 145 54 108 105 88 0 0 6 2 0 2 2 3 0 6 0 0 0 61 0 0 3 2 21 2 0 0 0 0 1 0 0 0 0 7 0 0 0 0 2 3 3 2 52 0 0 0 0 0 0 0 0 0 0 0 0 0 2 10 0 0 0 0 1 0 41 0 12 11 1 0 5 16 23 14 0 32 0 21 19 12 59 0 0 9 1 0 0 0 0 0 14 0 0 0 0 0 0 0 0 0 0 0 0 0 0 0 0 0 4 0 0 0 0 0 0 0 0 0 2 0 0 0 0 0 1 0 0 0 0 0 0 0 0 0 0 0 0 0 0 0 3 0 0 0 12 23 0 53 0 11 9 1 23 60 3 12 12 0 0 34 12 9 0 11 0 0 0 0 0 1 1 0 0 0 0 0 8 2 0 0 0 0 1 13 0 0 0 0 0 0 0 0 13 0 0 2 0 0 0 19 0 0 0 0 0 0 0 0 0 1 0 0 0 0 0 0 0 0 8 3 4 77 75 3 3 0 0 0 0 0 11 0 0 0 0 1 0 1 0 12 1 0 0 0 0 34 0 0 0 1 9 0 0 0 
 116 2 0 0 0 0 0 0 0 0 0 0 2 0 0 0 0 0 0 0 129 34 203 112 150 284 37 226 186 215 96 216 122 33 145 0 55 118 48 149 0 0 3 24 3 4 20 3 0 8 0 0 0 3 2 1 1 4 55 1 0 0 2 0 0 0 0 0 0 11 5 6 1 0 3 5 10 6 3 0 0 0 0 0 0 0 0 0 0 0 0 0 1 0 0 0 0 0 0 0 1 0 32 0 43 1 0 0 1 36 10 36 0 0 0 26 27 0 0 0 18 0 6 0 0 10 24 1 0 0 0 2 14 12 0 0 0 0 21 11 0 0 0 0 0 0 0 0 0 0 0 0 0 0 0 0 0 0 0 0 0 0 19 0 0 0 0 0 0 0 0 0 8 0 0 0 0 0 0 0 0 0 17 30 17 11 11 2 0 18 20 22 0 15 9 1 40 0 0 0 0 11 0 0 0 0 8 0 0 0 0 0 22 20 13 0 0 0 10 23 0 0 0 0 0 0 0 2 0 0 0 0 0 0 0 0 0 0 0 0 0 0 0 0 0 0 0 0 0 2 0 0 0 0 3 0 0 2 2 1 0 0 0 0 0 0 0 2 0 0 0 2 0 0 0 0 0 0 0 0 0 0 0 0 0 1 0 0 0 0 
 3 2 0 0 2 74 0 0 0 0 2 29 0 0 0 2 1 0 0 0 112 107 23 249 130 62 137 30 314 175 95 151 120 116 54 55 0 264 60 259 0 0 3 2 2 6 0 3 0 5 2 0 0 2 3 2 1 4 0 0 0 6 0 0 1 0 0 3 0 4 1 4 0 3 0 9 3 14 3 0 0 0 2 1 0 0 2 1 0 0 0 0 0 0 0 0 0 0 0 0 47 32 0 0 17 0 1 3 30 17 15 0 0 36 12 20 3 11 19 17 6 0 31 0 0 0 13 1 0 0 0 0 0 14 1 0 0 0 0 0 0 0 1 2 0 0 0 0 0 0 0 0 0 0 0 0 0 0 0 0 0 0 0 0 0 0 0 0 2 0 0 0 1 0 0 0 0 0 0 0 34 0 19 0 10 0 15 18 34 19 8 27 19 0 25 0 97 25 18 11 0 0 0 0 0 14 8 0 7 0 0 0 0 10 0 0 0 0 48 0 0 0 0 0 0 0 0 0 15 0 0 0 0 0 0 0 0 0 0 0 0 0 2 0 0 1 0 0 0 0 0 0 0 0 2 0 1 0 2 0 16 1 0 0 0 0 9 0 0 0 0 0 0 0 0 1 0 0 0 15 0 0 0 0 0 2 0 0 0 0 
 0 0 3 2 0 61 0 0 1 3 0 0 0 0 6 0 3 1 1 0 112 216 575 214 38 58 111 111 135 53 98 83 247 215 108 118 264 0 188 63 0 0 3 2 0 3 70 3 0 5 0 0 0 62 0 0 1 2 0 0 0 0 0 0 0 0 0 0 0 2 0 40 0 0 0 3 3 0 3 0 0 0 0 0 0 0 0 0 0 0 0 0 0 0 0 0 0 0 0 0 17 0 24 0 0 0 6 15 49 1 14 18 27 28 0 36 0 16 64 12 10 0 0 0 0 0 12 0 0 0 0 0 0 0 0 0 0 0 0 22 0 0 0 0 0 0 1 0 0 0 0 0 0 0 0 0 0 0 0 0 2 0 0 0 0 0 0 0 0 0 0 0 0 0 0 11 0 0 0 0 36 0 14 17 9 14 12 20 0 51 1 38 18 8 10 14 44 7 0 16 0 12 0 0 0 0 29 0 0 0 0 0 0 0 0 0 0 0 0 0 0 0 0 0 0 0 0 0 0 0 0 0 0 0 0 0 0 0 0 0 0 0 14 0 0 0 0 0 0 0 0 0 0 0 0 1 0 76 0 0 17 2 0 0 0 0 0 0 0 0 0 0 2 0 0 0 0 0 0 0 0 0 0 0 0 13 0 0 0 0 
 111 2 107 22 7 81 0 0 4 74 76 24 99 0 3 0 26 4 0 0 225 163 94 129 57 40 510 84 96 74 37 344 85 103 105 48 60 188 0 69 40 1 3 2 1 7 2 6 2 5 2 3 201 0 0 2 2 127 0 2 0 3 1 0 2 0 0 0 0 2 0 0 0 0 5 4 5 3 3 0 0 0 1 13 13 16 0 0 0 12 0 15 0 0 0 0 0 12 0 0 14 24 19 1 0 0 8 23 24 2 10 0 0 0 0 11 0 0 2 8 0 0 0 0 0 0 0 0 0 13 0 21 0 0 0 0 0 0 0 0 0 0 0 0 0 0 0 0 0 1 8 2 0 0 0 0 15 0 0 0 2 0 12 0 49 15 0 5 0 1 0 0 0 0 0 1 0 0 0 0 23 23 0 0 0 0 12 1 19 0 0 16 0 42 20 0 12 10 62 13 0 0 0 0 0 0 0 2 0 0 0 0 2 0 0 0 0 0 0 0 0 0 0 0 0 0 2 0 0 0 0 0 0 0 0 0 0 0 1 0 0 0 14 0 0 0 0 0 0 0 0 0 0 0 6 0 0 0 0 3 2 0 0 0 0 0 0 0 0 0 0 0 0 0 0 0 0 0 0 0 0 0 0 0 0 0 0 0 0 0 
 0 0 0 22 2 0 0 0 0 36 100 0 0 0 1 0 72 0 0 4 32 51 90 67 285 50 318 118 136 100 288 100 48 280 88 149 259 63 69 0 0 0 3 2 0 2 0 3 4 6 0 0 0 18 0 0 2 2 0 0 0 5 0 2 0 0 0 0 1 66 42 0 0 0 0 3 3 2 3 10 0 0 3 0 10 0 0 0 0 18 12 3 0 0 0 0 2 0 0 0 35 13 0 12 13 0 0 23 0 11 0 0 9 12 21 0 0 33 16 51 0 0 0 0 0 0 0 0 0 0 0 0 0 0 0 0 0 0 0 0 0 0 0 0 0 0 0 4 0 0 0 0 0 0 0 0 0 0 0 0 2 0 15 2 46 30 0 0 0 11 3 7 1 0 0 0 0 6 0 0 17 21 45 0 0 12 22 60 12 0 0 1 0 4 16 0 12 12 12 13 0 0 0 0 0 0 0 0 0 0 0 0 0 0 0 0 0 0 11 0 0 18 0 0 0 0 0 0 0 0 0 0 0 0 0 0 0 0 0 0 0 0 0 0 0 0 77 0 0 0 0 0 0 3 0 0 0 0 0 2 12 0 0 0 0 0 0 0 0 0 0 0 0 0 0 9 0 0 0 10 0 0 0 0 0 0 0 0 0 0 
 0 0 0 0 0 0 2 5 0 0 0 0 0 0 3 3 0 0 0 0 0 0 0 0 32 0 3 0 6 0 6 0 0 0 0 0 0 0 40 0 0 105 175 477 46 47 148 149 27 119 148 49 57 208 91 52 50 299 177 73 0 203 0 0 4 0 5 0 0 0 0 15 0 0 0 0 0 1 3 0 0 0 0 0 0 0 0 0 0 0 0 0 0 0 0 0 0 0 0 0 0 0 0 0 13 0 3 0 0 0 0 0 0 0 0 0 0 0 0 0 8 0 13 12 15 13 0 29 26 30 25 10 0 31 48 4 0 4 0 0 0 0 0 1 0 4 23 0 0 0 19 0 1 0 0 0 0 11 16 10 0 0 0 0 0 7 0 0 4 0 0 0 0 0 0 0 0 0 0 0 0 0 0 0 0 0 0 0 0 0 0 12 0 0 0 0 0 0 0 0 40 10 0 17 0 15 0 16 16 0 42 7 0 0 79 22 15 0 12 0 0 0 0 0 0 0 0 0 0 0 0 0 0 0 0 0 0 0 3 0 0 0 53 0 0 0 0 0 0 0 0 7 0 0 0 0 0 0 0 2 0 0 0 0 2 4 1 9 0 0 0 21 0 0 0 4 0 0 0 0 0 0 0 0 0 0 0 0 1 0 
 7 0 0 2 0 0 0 0 0 0 62 102 0 0 2 0 0 0 0 0 62 1 0 2 0 78 2 72 0 1 1 1 0 0 0 0 0 0 1 0 105 0 266 118 121 244 158 245 169 62 91 158 262 179 118 338 140 171 118 38 0 0 0 0 3 0 0 8 5 0 0 0 0 0 0 0 2 0 0 22 0 0 0 0 0 0 0 0 0 0 0 0 0 0 0 0 0 0 0 0 0 0 0 11 0 12 0 0 0 0 0 0 18 0 0 0 0 22 13 0 6 0 1 19 20 11 0 16 10 13 10 29 0 0 18 0 0 7 0 0 11 0 0 0 0 4 9 0 0 0 0 0 0 3 1 0 0 0 0 16 0 0 0 0 0 0 0 0 0 0 0 0 0 0 0 0 0 0 0 2 1 9 0 0 0 0 0 0 0 18 0 0 8 0 0 1 12 6 0 0 0 15 17 23 48 11 0 21 11 12 0 13 0 0 0 0 19 19 0 0 0 0 0 0 0 0 0 15 0 0 0 0 3 0 0 0 0 0 0 30 0 0 0 0 0 0 0 0 0 30 0 0 0 2 0 0 0 0 0 1 2 0 4 0 2 0 0 0 0 0 19 0 0 0 2 0 0 0 0 0 0 0 0 0 0 19 0 0 2 0 
 0 0 0 0 0 59 0 0 0 0 0 0 0 0 0 0 0 0 0 0 3 3 3 3 69 215 5 3 3 3 3 4 3 3 6 3 3 3 3 3 175 266 0 179 118 309 47 153 59 110 58 45 45 66 111 83 318 350 35 384 0 0 0 0 5 0 0 1 48 0 0 0 0 0 0 0 0 0 1 49 0 0 0 0 0 0 0 0 0 0 0 0 0 7 0 0 0 0 0 0 0 0 0 0 0 0 0 0 0 0 0 0 0 0 0 0 0 0 0 0 18 0 8 36 3 0 18 13 0 0 7 0 0 23 21 0 16 44 0 0 4 0 0 0 0 0 17 13 0 0 0 0 24 15 0 0 0 0 4 4 16 0 0 0 0 0 0 0 0 0 0 0 0 0 0 7 0 1 3 0 0 0 0 0 6 0 0 11 0 0 0 0 0 0 0 0 0 0 0 0 0 1 3 0 0 2 20 0 7 12 53 30 0 4 25 12 17 5 0 0 14 9 0 0 0 0 16 40 0 0 0 0 1 0 0 4 0 0 0 25 0 0 0 0 0 0 0 0 0 21 0 0 0 1 0 0 0 0 0 2 0 0 0 5 0 2 0 0 0 0 0 0 0 0 0 0 0 0 0 0 0 0 1 0 3 5 0 0 1 0 
 3 3 3 3 61 3 3 3 3 3 3 3 3 3 5 3 3 3 3 3 2 2 2 2 2 2 2 2 2 2 2 2 2 2 2 24 2 2 2 2 477 118 179 0 115 345 119 86 167 85 67 346 348 172 98 190 185 499 82 122 2 4 5 10 1 0 51 6 18 0 4 50 29 0 17 5 0 3 0 0 0 0 0 0 0 0 0 0 0 0 0 0 0 0 0 0 0 0 0 0 0 0 0 0 0 0 0 0 0 0 0 0 0 0 0 0 0 0 0 0 1 0 7 15 10 23 0 1 0 12 2 0 0 0 0 25 0 25 0 0 11 5 1 1 3 0 22 1 8 0 0 0 0 58 0 2 3 0 9 1 0 0 0 0 0 0 0 0 0 0 0 0 0 0 0 3 0 0 0 0 0 0 0 1 0 11 0 0 0 0 0 0 0 0 0 0 0 0 0 0 11 1 11 19 25 18 0 0 0 5 0 19 0 0 0 10 12 18 0 0 9 13 0 11 0 0 19 27 0 0 8 0 0 9 0 14 0 3 11 38 0 0 0 0 0 0 0 0 0 0 0 2 0 0 0 0 0 0 0 1 0 0 4 36 1 1 3 2 0 0 0 0 0 0 0 0 0 0 0 0 0 0 0 0 19 19 0 13 0 0 
 0 0 0 0 0 0 0 0 0 0 0 0 0 0 0 0 0 0 0 0 0 0 0 0 0 0 0 1 0 0 0 0 0 0 0 3 2 0 1 0 46 121 118 115 0 202 39 103 91 163 100 186 69 88 156 225 99 127 75 74 0 19 0 0 10 0 54 1 2 66 0 0 50 31 1 0 0 1 51 52 0 0 0 0 0 0 0 0 0 0 0 0 0 0 0 0 0 0 0 0 0 0 0 0 0 0 0 0 0 0 0 0 0 0 0 0 0 0 0 0 0 11 16 0 54 13 0 0 21 0 0 0 0 0 0 0 0 16 0 1 30 0 6 15 0 0 15 16 0 0 0 13 0 0 0 25 11 13 0 12 0 0 0 9 0 0 0 0 0 0 0 0 0 0 0 0 0 0 0 0 0 0 0 0 0 0 0 0 6 0 0 0 0 0 0 0 0 0 0 0 0 0 0 10 0 20 0 0 15 0 0 10 0 7 0 0 13 0 0 0 0 4 16 8 12 0 0 37 37 6 21 10 28 11 3 0 27 10 0 65 0 0 0 0 0 0 0 0 0 0 0 6 0 0 0 0 0 0 0 1 0 0 64 3 0 2 3 0 0 0 10 0 0 0 0 0 0 0 0 0 0 0 0 0 11 0 0 0 0 0 
 3 0 0 0 6 0 0 0 0 0 0 3 8 36 0 0 0 0 0 0 4 4 2 2 2 2 2 2 2 2 2 2 2 2 2 4 6 3 7 2 47 244 309 345 202 0 42 27 104 42 84 196 37 54 46 100 125 70 149 40 50 0 0 4 6 6 0 3 52 19 2 8 75 50 54 1 0 0 52 53 0 0 0 13 0 0 0 0 0 0 0 0 0 0 8 0 0 0 0 0 0 0 0 0 0 0 0 0 0 0 0 0 0 0 0 0 0 0 0 9 0 0 0 0 15 20 0 0 0 0 7 0 0 19 0 0 0 0 0 0 0 16 0 0 0 18 8 67 25 0 0 16 0 10 7 21 0 17 0 0 0 0 0 0 0 0 0 11 0 0 0 0 0 0 0 15 0 0 0 0 0 0 0 0 0 0 0 0 0 0 0 0 0 0 0 0 0 0 0 0 0 0 0 9 24 14 0 0 0 13 0 0 0 0 0 0 0 11 0 0 17 32 9 9 4 0 21 18 8 22 23 6 8 11 0 43 0 9 0 2 35 0 0 0 0 0 0 0 0 1 0 0 0 0 0 0 2 0 5 0 0 0 5 62 0 5 4 0 0 0 0 0 0 0 0 4 0 0 0 0 0 0 0 0 0 11 0 0 0 0 
 0 0 0 6 0 0 0 0 0 0 0 0 0 0 0 0 0 0 0 0 0 0 2 69 64 0 0 0 0 62 2 0 0 0 2 20 0 70 2 0 148 158 47 119 39 42 0 188 47 114 276 51 352 125 152 33 31 37 55 139 0 0 0 2 0 0 3 0 0 0 0 0 0 0 0 0 0 3 0 0 0 0 0 0 0 0 0 0 0 0 0 0 0 0 0 0 0 0 0 0 0 0 39 0 0 21 0 0 0 0 0 4 0 19 0 0 0 0 0 0 24 9 8 8 9 9 0 13 0 0 10 0 10 20 43 0 1 0 1 72 0 0 0 0 0 0 0 0 0 0 0 0 6 0 0 0 0 0 2 9 2 0 0 0 5 12 0 0 0 0 0 0 0 0 0 0 0 0 0 12 0 0 5 12 24 0 0 0 0 0 13 12 0 0 0 0 15 0 0 0 1 13 0 0 0 11 16 20 17 5 27 0 0 0 8 1 27 23 0 0 0 0 0 0 0 3 0 0 0 0 0 0 0 0 0 0 0 0 0 12 0 0 0 0 0 0 0 0 0 0 0 0 0 0 0 0 0 0 0 0 0 0 0 0 0 3 0 0 0 0 0 0 0 0 0 0 0 0 0 0 0 0 0 1 0 0 0 0 0 0 
 8 9 3 3 0 3 3 6 3 6 3 3 3 3 9 3 3 12 3 3 3 67 3 55 3 3 3 3 3 66 3 3 3 31 3 3 3 3 6 3 149 245 153 86 103 27 188 0 66 31 108 30 87 165 426 122 124 95 446 34 0 0 0 0 0 0 11 2 0 0 2 0 2 0 0 1 0 3 2 0 0 1 0 0 0 0 0 0 7 0 3 0 18 0 0 0 3 0 0 0 0 0 0 0 0 0 3 0 0 0 0 0 0 0 0 0 0 6 0 0 13 11 0 15 35 0 22 45 9 8 11 11 8 10 22 4 8 10 0 0 0 0 0 0 0 0 0 0 0 0 10 0 0 0 0 0 0 16 0 1 0 15 0 0 3 3 4 0 0 0 3 0 1 3 3 0 0 0 7 4 0 0 0 0 8 0 0 0 0 0 10 0 0 0 0 9 0 0 0 0 9 0 0 10 0 27 0 1 20 9 27 0 10 0 16 15 0 0 10 10 0 0 0 0 0 0 0 10 0 0 0 0 10 0 0 0 0 0 0 17 0 0 15 0 0 0 0 0 0 0 0 5 0 1 0 0 0 0 0 2 0 0 65 0 0 0 0 7 0 0 10 0 0 0 0 0 0 0 0 0 0 0 0 0 11 0 0 0 0 0 
 1 2 3 2 0 2 1 3 1 3 1 2 3 3 4 1 1 3 3 1 0 0 0 0 0 0 2 2 0 0 0 0 0 0 0 0 0 0 2 4 27 169 59 167 91 104 47 66 0 171 191 266 95 111 141 184 42 35 95 58 4 0 50 0 0 5 0 3 4 0 0 0 0 6 0 0 0 4 0 16 0 0 0 0 0 24 0 0 0 0 0 0 0 0 0 0 0 0 0 0 0 0 0 0 0 0 0 0 0 0 0 0 0 0 0 0 0 0 0 0 0 0 9 18 0 25 0 0 12 0 0 14 0 0 0 0 0 0 0 0 3 0 6 0 6 11 12 10 0 0 2 0 0 11 0 1 0 0 9 0 0 0 0 0 0 0 0 0 4 0 0 0 0 0 0 0 0 0 0 0 0 0 0 0 0 0 0 0 0 0 0 0 0 0 0 0 0 0 0 0 0 0 0 16 24 0 0 0 0 24 0 6 0 1 24 6 0 9 0 0 7 5 4 12 0 7 21 17 0 22 0 5 15 1 0 3 2 0 0 13 1 0 0 0 0 0 0 0 0 0 0 0 0 0 0 0 0 0 0 3 0 0 63 0 0 2 2 0 2 0 18 0 0 0 0 0 0 0 0 0 0 0 0 0 0 27 0 0 0 0 
 2 4 26 0 1 2 0 2 0 4 2 0 0 0 2 0 0 2 1 0 8 5 4 4 5 4 4 5 5 3 5 4 4 5 6 8 5 5 5 6 119 62 110 85 163 42 114 31 171 0 402 33 343 341 101 90 116 41 74 73 0 8 210 1 7 4 0 4 8 4 2 4 0 2 9 0 4 3 4 0 0 0 0 0 0 0 0 0 0 0 0 0 0 0 0 0 0 0 0 0 0 0 0 0 0 0 0 0 0 0 0 0 0 0 0 0 0 0 0 0 8 20 41 0 1 0 0 0 27 1 8 16 0 10 15 10 0 0 0 0 0 3 0 5 14 0 6 0 10 4 18 0 6 0 0 0 39 0 12 0 1 0 0 0 0 0 0 0 5 0 0 0 0 0 0 0 0 0 0 0 0 0 0 0 0 0 0 7 0 0 0 0 0 0 0 0 0 0 0 0 14 1 13 0 0 0 14 0 33 5 48 7 0 2 19 25 24 10 0 0 0 0 0 0 1 0 0 0 0 0 2 0 0 0 0 0 0 4 0 0 0 0 0 0 0 0 0 0 2 0 0 3 0 0 0 0 0 0 0 14 0 0 1 0 0 2 7 1 1 0 0 0 0 8 0 0 0 0 0 0 0 0 0 0 6 13 0 0 0 0 
 0 0 0 2 0 0 0 0 0 0 0 0 0 0 0 0 0 0 0 0 3 2 0 3 81 0 0 4 0 0 0 0 0 0 0 0 2 0 2 0 148 91 58 67 100 84 276 108 191 402 0 119 239 109 78 381 88 79 246 73 0 0 0 0 0 4 0 1 0 0 0 0 46 1 0 209 0 0 4 1 0 0 0 5 0 0 0 0 0 0 0 0 0 0 0 0 0 0 0 0 0 0 0 0 0 0 0 7 0 0 0 0 0 0 0 0 0 0 0 0 9 0 0 28 48 38 0 11 11 0 23 4 0 0 26 4 15 4 0 0 0 0 0 0 0 5 21 0 0 0 0 0 2 0 7 0 0 0 13 20 0 0 0 0 0 0 0 0 3 0 0 0 0 0 0 0 0 0 0 0 0 0 0 0 0 0 0 0 0 0 0 0 0 0 0 0 0 0 0 0 0 24 6 9 10 37 0 1 25 17 1 4 0 1 0 0 35 11 0 1 0 0 7 14 0 0 8 11 0 0 0 0 9 0 0 1 12 0 26 3 21 0 0 0 0 0 0 0 0 0 0 2 0 2 0 0 0 0 0 12 0 0 0 0 2 6 4 0 0 0 0 0 0 0 0 0 0 0 0 0 0 3 3 0 2 11 0 0 0 0 
 2 2 3 7 2 2 2 2 2 2 2 2 4 2 2 2 2 4 2 2 0 0 0 0 0 0 0 3 0 0 0 0 0 5 0 0 0 0 3 0 49 158 45 346 186 196 51 30 266 33 119 0 35 36 44 130 160 172 33 36 2 4 5 4 0 9 4 7 10 0 3 0 4 0 0 5 0 3 9 70 0 0 0 0 0 0 0 0 0 0 0 0 0 0 0 0 0 0 0 0 0 0 0 0 0 0 0 0 0 0 0 0 0 0 0 0 0 0 0 0 0 0 0 13 0 20 0 0 0 0 9 27 0 0 0 1 0 3 0 0 1 5 14 0 3 6 2 13 4 0 0 0 18 41 18 9 8 0 0 0 0 0 0 0 0 0 0 0 0 0 0 0 0 0 0 4 0 0 0 0 0 0 0 0 0 0 0 3 0 0 0 0 0 0 0 0 0 0 0 0 0 0 0 19 46 6 0 0 0 10 12 0 0 0 0 0 0 10 0 0 14 20 11 1 0 0 22 18 0 9 14 0 77 17 0 2 0 2 0 69 0 0 0 0 0 0 0 0 0 0 0 5 0 0 0 0 0 0 0 22 0 0 62 2 1 1 2 0 2 0 18 0 0 0 0 0 0 0 0 0 0 0 0 0 0 31 0 0 0 0 
 2 2 2 2 0 2 2 2 2 2 2 2 2 2 5 2 2 2 2 2 3 63 57 0 99 94 0 62 67 116 127 0 0 3 0 0 0 0 201 0 57 262 45 348 69 37 352 87 95 343 239 35 0 131 41 263 38 168 111 232 0 0 0 0 0 0 0 0 0 0 0 3 0 0 0 0 0 0 0 5 12 0 0 0 0 0 0 0 0 0 0 0 0 0 0 0 0 0 0 0 0 0 0 21 10 26 0 1 0 11 0 6 0 0 0 0 0 17 0 0 20 9 0 0 10 10 14 0 13 0 0 0 19 23 5 13 16 0 8 0 0 0 0 0 0 0 0 0 0 0 0 0 4 0 0 0 0 0 0 0 1 0 0 0 0 0 0 10 0 0 0 0 0 0 0 0 0 0 0 0 0 1 11 0 0 11 0 0 0 0 24 45 0 0 0 10 0 1 0 0 22 22 29 0 0 0 33 13 7 23 0 18 26 31 0 19 13 13 7 37 0 0 0 0 0 0 0 1 0 0 0 0 0 0 0 0 0 0 0 0 0 0 2 0 0 0 0 0 0 0 0 0 0 0 0 0 0 64 51 0 0 0 0 0 0 2 0 0 0 0 1 0 0 0 0 0 0 0 0 0 0 0 0 0 2 0 0 0 0 0 
 0 0 61 0 0 56 0 0 0 0 0 5 0 0 5 0 0 0 0 0 0 2 1 0 0 1 64 1 1 1 0 1 1 2 61 3 2 62 0 18 208 179 66 172 88 54 125 165 111 341 109 36 131 0 119 247 29 118 147 73 3 4 11 8 0 0 38 8 3 2 205 52 35 5 7 5 0 0 0 20 17 0 0 0 0 0 0 0 0 0 0 0 0 0 0 0 0 0 0 0 10 0 5 0 0 13 11 0 0 0 0 20 0 1 10 0 0 0 0 0 9 0 8 9 5 17 0 12 0 24 14 0 8 1 39 37 15 0 7 0 0 7 0 0 11 0 33 0 5 0 0 3 2 0 0 3 49 17 9 7 2 10 0 0 0 0 0 0 0 0 0 0 0 0 0 0 3 0 0 0 0 0 0 12 0 0 9 11 0 12 0 7 39 0 0 0 3 0 0 17 22 8 6 0 0 11 10 21 18 9 1 7 0 0 1 11 12 14 8 0 0 0 0 0 0 0 0 1 0 0 2 0 0 7 0 0 0 0 11 0 0 0 9 0 0 0 2 0 0 22 0 3 0 4 0 1 0 1 0 9 1 0 1 0 0 4 3 69 0 0 0 0 0 0 0 3 0 0 0 0 0 0 0 0 0 0 0 2 1 0 
 0 0 0 0 0 0 0 0 0 0 0 0 0 0 2 0 0 0 0 0 0 0 1 64 29 0 3 0 0 0 0 0 0 0 0 2 3 0 0 0 91 118 111 98 156 46 152 426 141 101 78 44 41 119 0 92 41 61 232 165 0 0 51 0 1 0 0 46 0 203 0 0 0 0 5 0 0 0 13 0 0 0 0 0 0 0 0 0 0 0 0 0 0 0 0 0 0 0 0 0 0 0 0 0 13 11 0 0 0 0 0 0 0 0 0 0 0 0 0 0 0 38 42 0 5 0 0 20 13 19 13 14 18 29 27 0 10 32 6 10 0 0 0 1 0 0 0 0 0 0 18 0 0 0 0 22 0 0 12 5 0 0 0 0 16 4 0 0 0 0 0 0 0 0 0 0 0 0 0 3 0 0 0 0 21 0 0 0 0 0 1 0 0 0 0 21 0 0 0 0 1 3 14 0 0 3 0 27 25 0 45 69 0 9 13 0 7 19 1 5 0 0 0 0 0 0 0 0 0 0 0 0 0 0 0 0 0 0 0 4 0 0 1 0 0 0 0 0 1 0 0 3 0 2 0 0 0 0 0 2 0 0 0 0 3 1 0 1 0 0 0 0 0 0 0 0 0 0 0 0 0 0 3 0 2 0 0 0 1 0 
 1 61 0 2 6 0 0 0 0 0 0 0 0 0 0 0 0 0 0 0 0 0 0 0 2 0 3 5 0 0 0 0 0 0 0 1 2 0 2 0 52 338 83 190 225 100 33 122 184 90 381 130 263 247 92 0 268 304 319 49 52 0 0 0 3 0 51 0 4 0 0 16 0 0 1 0 0 0 51 50 0 0 0 0 0 0 0 0 0 0 0 0 0 0 0 0 0 0 0 0 9 0 0 0 6 9 9 0 1 0 0 0 0 0 0 0 0 0 0 0 0 8 1 21 0 0 0 6 21 10 0 27 0 7 4 14 19 11 9 0 21 0 0 0 0 4 21 0 0 0 0 0 58 10 0 0 0 0 19 0 0 0 0 0 0 0 0 0 0 0 0 0 0 0 0 0 0 0 0 0 0 0 0 0 0 5 0 0 0 0 0 6 0 0 0 0 5 0 0 0 10 0 0 22 62 0 0 0 1 7 6 9 0 0 0 0 0 0 0 0 30 1 0 0 0 0 4 0 0 0 0 0 3 0 22 16 0 0 14 51 0 0 0 0 0 0 0 0 0 0 0 10 0 0 1 0 0 0 0 2 0 0 3 0 68 4 0 0 0 0 19 0 0 0 0 0 0 0 0 0 0 0 0 0 10 13 0 7 0 0 
 3 2 2 2 2 2 0 2 2 2 2 2 2 0 2 2 0 0 1 1 2 2 2 1 0 0 1 2 4 0 2 2 0 2 3 1 1 1 2 2 50 140 318 185 99 125 31 124 42 116 88 160 38 29 41 268 0 158 57 246 54 0 0 0 0 8 64 8 0 0 4 1 55 0 81 2 4 0 51 0 0 0 0 0 0 0 0 0 0 0 0 0 6 0 0 0 0 0 0 0 0 0 0 0 0 0 2 0 0 0 0 0 0 0 0 0 0 0 0 0 0 0 0 0 36 0 0 0 4 19 6 0 0 0 0 8 0 8 0 0 17 0 1 0 0 0 10 45 16 0 0 0 10 11 0 0 2 0 16 0 0 0 0 0 0 0 0 0 0 0 0 0 0 0 0 5 0 0 0 0 0 0 0 0 0 0 0 0 0 0 0 0 0 0 18 0 0 0 0 0 0 0 0 35 11 34 0 0 0 0 0 0 0 0 0 0 0 0 0 0 19 11 0 1 0 5 32 18 0 0 0 0 9 0 10 14 0 0 0 120 0 0 0 0 0 0 2 0 0 2 0 2 0 0 0 2 0 2 0 0 0 1 65 62 61 1 0 0 0 0 20 0 0 0 0 0 0 0 0 0 0 0 0 3 27 5 0 16 0 0 
 26 1 0 0 0 0 0 52 0 0 0 2 0 0 2 2 0 1 0 0 2 4 2 2 2 2 2 2 2 2 5 2 2 3 2 4 4 2 127 2 299 171 350 499 127 70 37 95 35 41 79 172 168 118 61 304 158 0 42 44 1 0 0 2 4 0 1 3 13 0 0 30 52 0 62 20 3 5 0 2 0 0 0 0 0 0 0 0 6 0 0 0 0 0 0 0 0 0 0 0 0 0 0 0 0 0 0 0 0 0 0 0 0 0 0 0 0 0 0 0 0 0 12 12 26 21 0 0 11 10 21 0 0 0 0 10 0 21 0 0 4 0 0 0 0 0 16 14 19 0 0 0 0 75 0 0 0 0 11 11 0 0 2 0 0 0 0 0 0 0 0 0 0 0 0 5 0 0 0 0 0 0 0 0 0 0 0 0 0 0 0 0 0 0 0 23 0 0 0 0 0 12 0 21 16 28 0 0 3 0 1 16 0 0 0 0 15 11 0 0 0 5 0 0 0 0 6 18 0 0 0 0 10 0 0 37 3 0 13 48 0 0 0 0 0 0 0 0 0 0 0 0 0 2 0 0 0 0 0 0 2 1 66 102 0 4 1 0 0 0 11 0 0 0 1 0 0 0 0 0 0 0 0 0 13 9 0 1 0 0 
 2 0 0 3 3 0 2 2 1 0 3 0 9 2 6 2 0 2 0 0 63 0 62 63 123 1 0 0 62 0 62 65 62 1 21 55 0 0 0 0 177 118 35 82 75 149 55 446 95 74 246 33 111 147 232 319 57 42 0 374 0 0 0 0 5 0 14 0 0 0 0 0 0 3 0 0 0 0 0 10 0 0 0 0 0 0 0 0 0 0 0 0 0 0 0 0 0 0 0 0 0 0 23 0 7 42 0 0 19 10 0 10 0 0 0 0 17 0 0 0 0 11 7 0 0 0 0 19 0 43 0 0 18 10 13 10 66 3 6 0 0 0 0 3 0 0 0 0 0 0 1 0 0 0 0 0 0 20 7 0 2 0 0 0 26 4 0 0 0 12 0 0 0 0 0 0 0 0 0 6 0 0 0 9 10 0 0 0 0 5 0 0 0 0 0 10 5 0 0 0 10 0 0 0 0 0 0 42 1 0 0 0 7 0 8 0 0 26 11 0 0 0 0 0 0 0 0 0 0 0 0 0 0 0 0 0 0 0 0 0 0 0 12 0 0 0 0 0 0 0 0 6 0 1 0 0 0 69 0 2 0 0 1 0 0 0 2 64 0 0 0 0 0 0 0 0 0 0 0 0 0 0 0 0 0 0 0 0 1 0 
 0 0 0 0 0 0 0 0 0 0 0 0 0 0 0 0 0 0 0 0 2 29 63 0 105 20 0 2 26 7 111 0 0 2 2 1 0 0 2 0 73 38 384 122 74 40 139 34 58 73 73 36 232 73 165 49 246 44 374 0 0 0 0 0 0 1 0 0 0 6 0 4 0 0 0 0 0 0 0 3 0 0 0 0 0 0 0 0 0 1 0 0 0 0 0 0 0 0 0 0 0 0 0 15 18 9 0 11 0 30 13 20 0 0 0 1 1 0 0 0 15 0 8 0 11 0 26 0 0 10 1 0 8 15 10 0 21 3 26 23 0 0 0 1 0 0 0 0 0 0 0 0 5 0 0 0 0 0 3 0 2 0 0 0 0 0 0 0 0 0 0 0 0 0 0 0 0 0 0 0 0 13 10 0 19 2 0 0 14 0 1 0 0 0 0 0 0 20 0 0 1 7 14 0 0 0 29 32 0 10 39 20 36 25 32 62 0 24 0 0 0 0 0 0 0 0 0 0 0 0 0 24 0 0 0 0 0 0 0 0 0 0 0 0 0 0 0 0 0 0 0 11 0 0 0 0 0 0 62 0 0 0 0 0 3 0 2 1 0 0 0 0 0 0 0 0 0 0 0 0 0 0 0 0 0 0 0 0 0 4 
 1 0 0 2 0 0 0 0 0 0 0 0 0 0 0 0 0 3 3 0 0 0 3 0 0 0 0 0 0 0 0 0 49 0 0 0 0 0 0 0 0 0 0 2 0 50 0 0 4 0 0 2 0 3 0 52 54 1 0 0 0 90 227 146 33 28 275 334 48 157 98 255 80 51 108 74 57 97 86 73 0 0 0 0 0 0 0 5 0 0 0 0 0 3 0 0 0 0 0 0 0 0 0 0 0 0 0 0 0 0 0 0 0 0 0 0 0 0 0 0 0 0 0 0 0 0 0 0 0 0 0 18 0 0 0 0 0 0 0 0 15 48 0 0 14 0 2 1 0 14 1 10 7 0 27 9 19 0 0 0 0 1 0 0 0 0 0 0 0 0 0 0 0 3 0 0 0 0 1 0 0 0 0 0 0 0 0 0 0 0 0 0 0 0 0 0 0 0 0 0 0 0 0 18 6 0 0 0 0 0 0 0 0 0 0 0 0 0 0 0 33 17 14 0 1 3 18 0 0 9 1 8 0 29 23 28 0 0 0 24 0 0 0 0 0 0 0 0 0 0 0 0 0 0 14 0 0 0 0 0 0 0 0 0 22 0 0 0 0 0 12 0 60 1 0 1 0 0 0 0 0 0 0 0 13 0 0 14 0 0 
