 0 119 357 61 96 58 256 138 316 386 146 141 124 86 49 196 80 42 51 56 0 4 35 4 2 59 0 0 2 1 4 0 0 0 3 5 0 207 0 0 0 0 1 0 3 0 0 0 0 0 2 0 3 0 0 12 0 0 0 62 3 0 0 0 0 0 2 0 1 0 0 0 2 2 0 0 0 0 0 0 11 0 12 39 0 0 16 14 107 8 35 3 10 0 12 0 31 12 0 0 0 0 0 0 0 1 0 11 0 0 0 0 0 0 0 0 0 0 0 1 0 0 0 0 20 0 0 0 0 0 0 0 0 2 0 0 0 0 0 0 0 0 0 0 0 0 0 0 0 0 0 0 0 0 0 0 0 0 0 0 2 17 0 0 0 0 0 22 14 0 39 0 10 25 5 22 15 42 0 21 0 0 0 0 0 0 0 0 0 0 0 0 16 0 0 0 16 17 17 0 0 0 0 0 0 0 0 0 0 0 0 15 0 0 0 0 0 0 0 0 0 0 1 8 0 18 0 0 0 0 0 0 17 0 0 0 0 0 0 0 0 1 0 0 0 0 0 1 93 3 0 18 0 0 0 0 0 0 0 0 0 0 0 0 0 0 0 0 0 0 0 0 0 0 0 1 0 0 0 0 0 0 0 0 0 0 0 0 0 0 
 119 0 274 138 28 35 77 243 144 32 137 712 131 197 70 491 139 134 60 124 0 2 2 4 0 3 0 1 0 0 2 0 0 0 2 3 0 5 75 0 0 0 1 0 3 0 0 0 0 0 2 0 3 0 0 1 0 0 0 0 3 0 0 0 0 0 2 0 1 0 0 0 2 1 0 0 0 0 0 0 14 70 32 16 0 2 0 1 56 11 2 20 0 42 31 35 10 15 0 24 0 0 0 0 0 0 0 0 0 0 0 0 0 0 0 0 5 0 9 12 0 1 2 0 0 0 0 0 2 0 0 0 0 0 0 0 0 0 0 0 0 0 0 0 0 0 0 0 0 0 0 2 4 0 0 0 0 0 2 1 0 19 33 14 0 0 19 25 12 15 17 0 16 1 38 16 15 1 12 0 0 0 0 0 0 0 0 0 0 0 0 1 0 0 0 0 0 0 27 0 0 0 0 0 2 0 0 0 0 0 0 0 0 2 0 0 0 0 0 0 0 0 0 0 0 0 0 0 0 1 0 0 0 0 0 2 0 0 0 0 0 19 8 0 0 2 0 0 0 108 0 10 0 0 0 0 0 0 0 0 0 0 22 0 0 0 0 0 0 0 0 0 0 0 0 13 1 0 0 0 0 0 0 0 0 0 0 0 0 0 
 357 274 0 98 207 30 281 157 234 355 258 144 55 74 350 324 159 35 131 41 1 2 3 6 2 3 0 0 0 1 2 0 0 0 2 3 0 3 21 0 0 0 2 0 3 0 0 0 0 0 2 0 3 0 0 0 0 0 0 0 3 0 0 0 0 0 3 0 2 0 0 0 2 3 0 0 0 0 0 0 13 0 33 13 15 0 1 17 39 49 10 27 0 0 30 11 20 19 0 0 0 0 0 0 2 0 3 7 0 0 0 0 1 0 0 0 2 0 7 21 0 0 0 0 0 0 0 0 0 0 0 1 0 0 0 0 0 0 0 0 0 0 0 0 0 0 0 0 0 0 0 0 0 0 0 0 0 0 0 0 0 10 23 15 1 5 0 2 0 18 9 0 14 11 42 10 22 20 0 15 0 0 0 0 0 0 0 0 0 0 0 0 0 0 0 0 2 0 12 20 0 0 34 12 1 0 0 0 0 0 0 0 0 0 0 1 0 0 0 0 2 0 0 0 0 0 0 0 0 0 0 0 0 0 0 0 0 0 0 0 0 8 0 0 0 1 2 0 50 90 4 11 0 0 0 0 0 0 0 0 0 0 18 0 0 0 0 0 0 0 0 0 0 50 0 10 0 0 0 0 0 0 0 0 0 0 0 0 0 0 
 61 138 98 0 89 311 220 96 44 396 45 414 113 108 57 71 344 33 355 115 33 2 5 6 0 3 107 0 0 0 2 0 0 0 3 3 2 8 75 1 0 0 1 0 3 0 0 0 0 0 68 0 3 0 0 2 0 0 0 0 44 0 0 38 0 0 7 0 0 0 0 0 3 0 0 0 0 0 0 0 0 16 41 1 12 9 15 26 23 10 9 28 25 9 29 21 22 0 0 0 0 0 0 0 0 0 14 3 0 1 0 0 24 23 12 0 0 0 11 12 0 0 0 13 0 0 0 0 0 0 0 0 0 0 0 0 0 0 0 0 0 0 0 0 0 0 0 0 0 0 0 0 0 0 0 0 0 0 0 0 7 9 11 23 14 15 23 24 22 0 30 1 1 13 7 16 16 31 0 0 0 0 0 0 0 0 12 0 0 0 0 0 12 10 6 0 0 1 7 0 0 0 0 0 0 0 0 0 0 0 0 0 0 0 0 0 0 10 0 0 0 0 0 0 0 0 0 0 0 0 0 0 0 2 0 0 0 21 0 0 0 0 0 0 0 2 0 0 0 4 2 6 10 2 0 0 0 0 0 0 0 0 13 0 0 0 0 0 0 0 0 0 0 0 0 15 0 56 0 0 0 0 0 0 0 0 0 0 0 0 
 96 28 207 89 0 302 56 154 239 88 381 48 62 56 69 180 44 54 60 313 1 82 3 8 0 3 74 0 76 0 3 1 81 0 4 77 27 3 74 149 0 0 2 0 3 0 0 0 0 0 2 0 4 0 0 7 0 61 0 0 3 0 0 0 3 0 3 0 2 0 0 0 2 3 0 0 0 0 0 0 0 0 0 47 0 0 0 0 14 0 0 0 0 0 0 0 0 1 0 0 29 26 19 0 1 21 36 55 5 9 6 0 28 0 0 10 7 12 26 20 0 0 0 0 0 0 0 0 0 0 0 2 0 0 0 0 35 0 0 0 0 0 0 0 0 0 0 0 0 0 0 0 0 6 0 0 0 11 0 0 0 0 0 21 18 0 0 0 1 0 0 11 0 0 0 0 0 18 0 9 0 0 45 0 0 0 29 0 4 10 0 10 33 8 14 0 19 0 24 18 0 0 0 0 0 0 0 0 34 0 0 0 0 0 0 0 0 0 0 0 0 0 0 0 0 0 0 19 0 0 10 0 0 0 0 0 0 0 0 0 0 0 0 0 0 0 174 2 3 0 0 7 0 0 0 0 0 5 0 0 0 0 0 0 0 0 17 0 0 0 0 0 0 0 0 0 0 0 0 0 0 0 0 0 0 0 0 0 0 0 
 58 35 30 311 302 0 18 47 41 134 89 64 40 55 52 83 103 54 64 64 80 33 76 82 0 3 110 0 45 2 1 0 74 1 50 83 0 3 75 0 0 0 3 0 3 0 0 0 0 0 2 0 8 0 0 2 0 0 0 0 3 0 0 0 1 2 3 0 3 0 0 4 2 3 0 0 0 0 33 0 0 0 10 0 22 24 0 0 0 0 17 0 0 0 0 0 0 0 0 0 13 0 16 19 0 0 3 1 12 17 12 0 27 48 25 0 0 0 0 2 0 0 0 0 0 0 0 0 0 0 0 0 0 0 2 0 0 0 0 0 0 0 0 0 0 0 0 0 3 0 0 0 0 5 1 0 0 0 0 0 0 0 0 30 54 15 2 2 15 0 0 3 0 0 2 0 0 26 0 0 10 59 6 0 0 0 12 9 31 0 20 9 37 34 23 8 0 0 30 11 0 0 0 0 0 0 0 0 0 0 0 0 0 0 0 0 0 0 0 0 0 0 0 0 0 0 18 0 0 0 0 0 0 0 0 0 0 0 0 10 0 0 18 0 0 9 92 1 5 2 18 20 4 0 0 0 0 0 0 0 0 0 0 0 0 0 0 0 0 0 12 0 0 0 0 0 0 0 0 0 0 1 0 0 0 0 0 0 0 0 
 256 77 281 220 56 18 0 259 77 253 132 131 80 155 101 136 128 245 94 261 0 2 6 86 0 3 0 0 0 0 77 4 2 0 4 7 0 3 0 0 0 0 1 2 5 0 0 2 0 0 2 0 3 0 3 2 1 3 0 0 3 0 0 0 0 0 4 0 0 0 0 0 5 1 0 0 0 0 0 0 10 18 45 29 9 4 19 37 43 33 1 20 12 9 32 11 28 15 0 0 0 0 0 0 0 0 0 0 0 0 0 1 0 8 0 0 0 0 1 0 0 0 0 0 0 7 0 0 0 0 0 0 0 0 0 0 0 0 0 0 0 2 0 0 0 0 0 0 2 0 0 0 0 0 0 0 0 0 0 0 2 17 18 11 0 9 31 26 14 12 42 26 0 28 3 21 22 9 0 14 0 1 23 0 0 2 0 0 0 0 0 0 0 0 0 0 0 0 10 0 0 0 0 0 0 0 0 0 0 0 0 0 1 0 0 0 0 0 0 0 0 0 0 0 0 1 0 0 0 0 0 0 0 0 0 0 0 2 1 0 0 0 0 0 0 0 2 0 1 0 2 11 10 0 0 0 0 0 0 0 0 0 5 0 0 0 2 0 0 0 0 0 0 0 0 11 0 11 0 0 0 0 0 0 0 0 0 0 0 0 
 138 243 157 96 154 47 259 0 63 321 64 113 130 199 47 34 64 28 161 40 0 2 4 6 4 3 0 0 0 0 1 0 0 0 6 3 0 8 0 4 0 0 2 2 3 29 0 3 6 2 2 3 3 2 3 2 3 3 2 0 3 0 2 0 0 0 3 0 3 4 0 2 2 3 0 0 2 2 0 49 1 88 16 2 8 0 35 16 0 13 0 10 7 30 19 39 28 0 0 23 0 0 0 0 0 1 0 0 0 0 0 0 1 0 0 0 0 0 0 10 19 0 0 0 0 0 0 0 0 0 0 0 0 2 0 0 0 0 0 0 0 0 0 0 0 0 0 0 0 0 0 0 0 0 2 0 0 0 0 0 23 21 12 0 0 10 14 55 0 1 32 0 0 25 47 0 8 1 13 6 0 1 0 0 0 0 10 0 0 0 1 0 0 0 0 19 0 0 7 0 0 0 0 0 0 0 0 0 0 0 0 0 0 0 2 0 0 0 0 0 0 0 0 0 0 0 0 0 0 0 0 0 0 0 0 0 0 0 0 0 0 0 0 0 0 0 0 0 2 0 0 1 0 0 0 0 0 0 0 0 0 0 14 0 0 0 0 0 0 0 0 0 0 0 0 10 0 10 0 0 0 0 0 0 0 0 0 0 0 0 
 316 144 234 44 239 41 77 63 0 69 349 60 60 105 145 439 220 106 77 84 0 2 2 7 0 4 0 1 0 0 2 0 0 1 3 3 0 3 75 73 0 0 1 0 3 0 0 0 0 0 8 0 3 0 0 1 0 0 1 0 3 6 0 0 2 0 2 0 32 0 0 0 2 1 0 0 0 0 0 0 0 0 32 1 11 0 0 14 43 39 13 32 0 1 15 2 12 61 0 0 1 0 30 0 0 0 23 32 0 0 0 0 10 0 0 5 0 0 17 12 0 0 0 0 0 0 0 0 0 0 0 0 0 0 13 0 0 0 0 0 0 0 0 0 0 0 0 0 0 0 0 0 0 0 0 0 0 17 0 0 0 0 9 16 0 0 0 0 0 19 19 9 3 13 0 5 14 23 0 17 0 0 0 0 0 0 0 0 0 0 0 0 2 0 0 0 0 0 16 28 0 0 0 0 0 0 0 0 23 0 0 0 0 0 0 0 0 0 2 0 0 0 0 0 0 0 0 1 0 0 0 0 0 0 0 0 0 0 0 2 0 16 0 0 0 0 1 0 19 96 0 8 0 0 0 0 0 0 0 0 0 0 0 0 0 0 0 0 0 0 0 0 0 0 0 0 0 0 0 0 0 0 0 0 0 0 0 0 0 0 
 386 32 355 396 88 134 253 321 69 0 184 361 32 165 328 487 218 37 399 72 0 2 2 5 0 3 0 0 0 0 2 0 0 208 2 3 0 3 85 5 0 0 0 0 3 0 0 0 0 0 2 47 2 0 0 57 2 3 0 0 3 0 0 0 0 0 2 0 0 3 0 0 3 0 0 0 0 44 0 0 10 29 39 16 7 1 14 20 32 36 0 27 8 33 35 24 8 17 2 0 0 0 0 0 0 0 0 0 0 0 0 0 1 8 0 0 0 0 0 11 0 0 0 0 7 0 0 0 0 2 0 0 0 0 1 0 0 0 1 0 0 0 0 0 0 0 0 0 0 0 0 0 0 0 0 0 0 0 0 0 6 7 13 0 0 7 22 75 0 39 34 13 0 35 16 0 14 20 13 24 0 0 0 0 0 0 64 0 0 0 0 0 0 0 0 0 0 0 7 0 0 0 0 0 0 0 0 0 0 0 0 0 0 0 0 0 0 0 0 0 0 2 0 0 0 0 0 0 0 0 0 0 0 0 0 0 0 0 0 0 0 7 0 0 0 0 1 2 3 1 1 11 0 0 0 0 0 0 0 0 0 0 11 0 0 0 0 0 0 0 0 0 0 0 0 11 0 11 0 0 0 0 0 0 0 0 0 0 0 0 
 146 137 258 45 381 89 132 64 349 184 0 389 19 40 154 554 230 222 25 105 0 2 5 6 0 3 0 0 0 0 2 0 0 77 3 3 0 6 1 74 0 0 1 0 3 0 0 0 0 0 2 0 3 0 0 4 0 0 0 0 3 0 0 0 0 0 2 0 1 0 0 0 5 2 0 0 0 0 0 0 0 2 31 10 14 0 1 21 61 67 11 24 1 0 19 0 14 43 0 0 6 2 28 1 0 0 17 49 0 0 0 0 4 0 0 19 0 0 22 11 0 0 0 0 0 0 1 0 0 0 0 0 12 0 0 0 12 0 0 0 0 0 0 0 0 0 0 0 0 0 0 0 0 0 0 0 0 24 0 21 0 13 14 22 0 21 0 0 0 20 19 27 11 8 0 17 22 61 0 18 0 0 5 0 0 0 0 0 1 0 0 0 1 0 0 0 0 0 45 20 0 0 0 0 0 0 0 0 0 0 0 0 0 0 0 0 0 0 8 0 0 0 0 1 0 0 0 0 0 0 0 2 0 0 0 0 0 0 0 0 0 2 0 0 0 3 1 0 92 95 2 4 2 0 0 0 0 0 0 0 0 0 0 0 0 0 0 0 0 0 0 0 0 0 0 0 0 0 0 0 0 0 0 0 0 0 0 0 0 0 
 141 712 144 414 48 64 131 113 60 361 389 0 26 158 128 119 191 81 136 44 103 3 4 5 0 3 158 0 0 0 1 46 0 75 3 3 2 5 75 43 0 0 1 0 3 0 0 0 64 0 2 0 3 0 0 3 0 0 0 0 3 0 0 0 0 0 4 0 1 0 0 30 2 5 0 0 0 2 0 0 24 7 6 23 21 28 10 11 14 70 33 62 1 0 16 1 1 10 0 0 0 4 22 0 0 0 40 64 0 1 0 0 11 0 23 15 14 11 29 13 0 1 2 0 0 0 0 0 2 0 0 0 0 0 12 0 0 0 0 12 0 0 0 0 0 0 0 0 0 0 0 2 0 0 7 0 0 1 2 0 0 0 0 22 19 18 2 18 20 30 11 1 0 15 0 19 7 15 0 1 0 0 0 0 0 0 0 6 0 0 0 1 1 17 19 10 0 0 0 27 0 0 0 0 20 0 0 0 0 0 0 0 0 2 0 0 0 0 0 0 0 0 0 0 0 0 0 0 0 0 0 0 0 0 0 2 0 14 0 0 0 12 0 0 0 1 2 2 2 2 2 15 13 0 0 0 0 0 0 0 0 0 0 0 0 0 2 0 0 0 0 0 0 0 0 1 0 0 0 0 0 0 0 0 0 0 0 0 0 0 
 124 131 55 113 62 40 80 130 60 32 19 26 0 261 108 130 25 242 343 177 0 2 2 8 0 4 0 0 0 0 1 0 2 0 2 3 0 3 0 0 0 0 2 0 3 0 0 0 0 0 2 0 3 0 0 1 0 0 0 0 3 0 0 0 0 0 101 0 2 0 0 0 2 5 0 0 0 0 0 0 14 51 0 18 0 0 39 47 13 4 10 0 0 19 0 14 20 2 0 27 0 0 0 0 0 0 0 0 0 0 0 0 2 0 0 0 0 0 0 0 0 0 0 1 0 0 0 0 0 0 0 0 0 0 0 0 0 0 0 0 0 0 0 0 0 0 0 0 0 0 0 0 1 13 0 2 0 0 0 0 14 31 0 0 0 11 0 12 0 6 0 0 57 0 20 7 10 9 20 14 0 0 0 0 0 0 0 0 0 0 0 0 0 0 0 0 0 0 0 0 0 0 0 0 0 0 0 0 0 0 0 0 0 0 0 1 0 0 0 0 0 0 0 0 0 0 0 0 0 0 0 0 0 0 0 0 0 0 0 0 0 0 0 0 0 0 0 0 0 90 1 2 0 0 0 0 0 0 1 0 0 0 0 0 0 0 0 0 0 0 0 0 1 0 0 10 2 0 0 0 0 0 0 0 0 0 0 0 0 0 
 86 197 74 108 56 55 155 199 105 165 40 158 261 0 136 65 119 207 162 208 0 2 4 4 0 3 0 0 0 0 2 0 0 0 2 3 0 3 0 2 0 0 0 2 3 0 0 0 0 0 4 0 2 0 0 0 1 0 1 0 3 3 0 0 3 0 2 0 0 0 0 0 3 0 0 0 0 2 0 0 13 17 34 24 0 0 22 8 13 0 13 6 0 35 10 35 45 24 14 13 0 0 0 0 0 0 1 0 0 0 0 0 0 0 0 0 0 11 7 10 0 0 0 0 0 0 0 0 0 0 0 0 0 0 0 0 0 0 0 0 0 0 0 0 0 0 14 0 0 0 0 0 0 0 0 0 0 0 0 0 10 10 22 0 0 4 0 16 7 17 30 0 11 11 27 14 18 1 14 0 0 0 0 0 0 0 11 0 0 0 0 0 0 0 0 0 0 0 0 0 0 0 0 0 0 0 0 0 0 0 0 0 0 0 0 0 0 0 0 0 0 0 0 0 16 0 0 0 0 0 0 0 0 0 0 0 7 0 0 0 0 14 0 0 0 0 0 0 4 1 2 8 0 0 0 0 0 0 0 0 0 0 78 0 0 0 0 0 0 0 0 0 0 0 0 10 14 0 0 0 0 0 0 0 0 0 0 0 0 0 
 49 70 350 57 69 52 101 47 145 328 154 128 108 136 0 160 231 233 222 101 0 2 5 6 0 3 0 0 1 0 0 0 0 77 3 4 0 3 0 75 0 0 3 0 3 0 62 0 0 0 2 0 3 0 0 0 0 0 0 0 3 0 0 0 0 0 3 0 3 0 0 0 2 3 0 51 0 0 0 0 14 0 39 13 0 14 9 19 0 6 81 0 0 7 27 30 38 21 17 0 0 0 0 0 0 0 0 0 26 0 0 0 0 0 0 0 0 0 18 13 0 0 0 0 0 16 0 0 0 2 0 0 0 0 1 0 0 0 2 0 0 45 10 0 0 0 0 0 0 0 0 0 0 0 0 0 0 0 0 0 0 0 13 0 0 15 51 0 1 73 50 5 19 0 2 13 0 3 0 3 0 0 0 0 0 0 0 0 0 0 0 0 0 0 0 0 0 1 10 0 0 0 0 0 0 0 0 0 0 0 0 0 0 0 0 0 0 0 0 0 0 2 0 0 0 11 0 0 0 20 0 0 0 0 0 0 0 0 0 0 0 0 0 0 0 1 0 2 88 2 0 5 0 0 0 0 0 0 0 0 0 0 0 0 0 0 0 0 0 0 0 0 0 0 0 0 12 13 0 0 0 0 0 0 0 0 0 0 0 0 
 196 491 324 71 180 83 136 34 439 487 554 119 130 65 160 0 103 40 131 370 0 2 2 5 0 3 1 0 0 1 2 1 1 1 4 3 0 5 22 60 0 0 1 0 3 0 0 0 0 0 2 0 68 0 0 2 1 0 0 0 3 0 0 9 0 0 2 0 0 0 0 52 2 1 0 0 0 0 0 0 0 0 16 7 15 15 0 1 24 54 23 34 0 0 54 12 12 46 0 0 0 0 2 0 0 0 1 7 0 0 0 0 1 0 1 1 0 0 10 14 0 0 17 0 0 14 0 0 0 0 0 0 0 0 0 0 0 11 0 0 0 0 0 0 0 0 0 0 0 0 0 0 0 0 0 0 0 1 0 0 0 0 19 39 0 18 0 0 0 57 13 13 9 13 21 8 17 36 2 18 0 10 0 0 0 0 0 1 1 0 0 0 0 0 0 0 1 0 32 21 0 0 0 0 0 2 0 0 0 0 0 0 0 0 0 0 0 0 0 0 0 0 0 0 0 0 0 0 0 0 0 0 0 0 0 0 0 0 0 0 0 20 0 0 0 0 2 0 93 13 2 53 0 0 0 0 0 0 0 0 0 0 19 0 0 0 0 0 0 0 0 0 0 0 0 0 0 0 0 0 0 0 0 0 0 0 0 0 0 0 
 80 139 159 344 44 103 128 64 220 218 230 191 25 119 231 103 0 67 52 248 0 2 2 4 0 3 92 3 0 0 1 0 0 1 2 3 0 4 74 0 0 0 2 0 3 0 0 0 0 0 2 0 3 4 0 2 0 0 0 0 3 0 0 0 0 0 3 0 3 10 0 0 2 3 0 0 2 1 0 0 0 6 39 17 13 3 39 18 9 35 19 60 11 0 13 0 13 6 0 0 10 2 0 2 0 0 0 3 0 0 0 0 22 15 14 0 0 0 5 0 1 0 0 2 0 0 0 0 0 0 0 0 0 0 0 0 0 0 0 0 0 0 0 0 0 0 0 0 0 0 0 0 2 0 0 0 0 0 0 0 0 10 19 0 14 13 26 14 33 35 49 0 3 23 0 8 3 31 0 0 14 14 0 0 0 0 9 0 0 0 0 0 0 12 7 0 0 0 25 0 0 0 0 0 0 0 0 0 0 0 0 0 0 0 0 2 0 0 0 0 0 0 0 0 0 0 0 0 2 0 0 0 0 0 0 0 0 0 0 0 0 0 0 0 0 0 4 0 2 3 14 5 0 0 0 0 0 0 0 0 0 0 0 0 0 0 0 0 0 0 0 0 0 0 0 0 0 11 0 0 0 0 0 0 0 0 0 0 0 0 
 42 134 35 33 54 54 245 28 106 37 222 81 242 207 233 40 67 0 133 122 0 2 6 5 0 3 85 0 0 0 0 0 74 0 5 3 0 5 0 0 0 0 3 0 3 0 0 0 0 0 2 0 3 0 0 5 0 0 0 0 3 2 5 0 0 0 3 0 3 0 0 0 2 3 0 0 6 0 0 0 21 0 1 16 18 0 0 4 18 20 43 18 0 8 8 23 18 5 0 0 35 17 21 0 0 0 18 28 0 2 0 0 10 5 0 12 0 2 9 0 0 0 0 0 0 0 0 0 0 0 0 0 0 0 0 0 0 0 0 0 0 0 0 0 0 0 0 0 0 0 0 0 0 6 0 0 0 13 0 0 0 5 0 40 16 16 0 0 35 39 10 51 0 0 0 45 2 15 0 0 0 22 13 0 0 0 2 1 0 0 0 0 24 2 1 0 0 1 31 0 0 0 0 0 0 0 0 0 0 8 0 0 0 0 0 0 0 0 0 0 0 0 0 0 0 0 0 0 0 0 0 0 0 1 0 0 0 0 0 0 0 0 0 0 2 0 175 3 0 92 21 11 10 0 0 0 0 0 0 0 0 0 0 0 0 0 0 0 0 0 0 0 0 0 0 0 14 0 0 0 0 0 0 0 0 0 0 0 0 0 
 51 60 131 355 60 64 94 161 77 399 25 136 343 162 222 131 52 133 0 66 3 2 3 4 0 3 2 4 2 0 1 0 0 2 5 3 2 6 0 0 0 0 2 0 5 0 0 0 12 0 5 0 6 2 0 2 5 0 1 0 3 5 0 0 8 0 4 1 3 2 0 0 7 3 0 0 41 0 1 0 10 14 0 9 4 0 35 29 23 1 24 0 30 25 33 24 23 28 19 25 0 0 0 0 0 0 0 0 0 0 0 0 0 0 0 0 0 0 0 0 0 0 0 0 0 0 0 0 0 0 0 0 0 0 0 0 0 0 0 0 0 0 0 0 0 0 0 0 0 0 12 0 0 0 0 0 0 0 0 0 2 16 10 9 0 11 62 29 48 7 0 0 14 7 13 25 30 19 0 11 0 0 0 0 0 0 1 0 0 0 0 0 0 1 0 0 0 0 0 0 0 0 0 0 0 0 0 0 0 0 0 0 0 0 0 0 0 0 0 0 0 0 0 0 0 0 0 1 1 0 0 0 0 2 0 0 0 0 0 0 0 0 0 0 0 2 0 0 2 2 2 9 10 2 0 0 0 0 0 0 0 0 0 0 0 0 0 0 0 0 0 0 0 0 0 14 11 0 0 0 0 0 0 0 0 0 0 0 0 0 
 56 124 41 115 313 64 261 40 84 72 105 44 177 208 101 370 248 122 66 0 3 2 3 5 0 3 0 0 0 0 2 0 0 0 3 6 0 3 0 4 3 0 0 0 3 1 0 0 0 0 2 0 4 0 0 2 0 2 0 0 6 0 0 0 0 12 2 0 0 0 34 0 3 3 1 0 0 0 0 0 17 0 0 0 0 0 11 31 1 21 0 1 15 24 20 0 1 10 0 6 0 0 0 0 0 0 0 0 0 0 1 0 0 0 0 0 0 0 0 0 0 0 0 0 0 0 0 0 0 0 0 0 2 0 0 0 0 0 0 0 0 0 6 0 0 0 0 0 0 0 0 0 6 0 0 0 0 0 0 0 26 3 0 0 1 2 0 11 10 0 0 0 33 0 0 5 0 0 33 13 0 0 0 0 0 9 0 0 0 0 0 0 0 0 0 0 2 0 1 0 0 0 0 0 0 0 0 0 0 0 2 0 0 0 0 0 0 0 13 0 1 0 0 0 0 0 0 0 0 0 0 0 0 0 0 0 0 0 0 0 0 0 0 0 0 0 0 0 0 8 0 8 0 0 0 0 0 0 0 0 0 0 0 0 0 0 0 0 0 0 0 0 0 0 0 0 10 0 0 0 0 0 0 0 0 0 0 0 0 0 
 0 0 1 33 1 80 0 0 0 0 0 103 0 0 0 0 0 0 3 3 0 278 369 221 34 104 358 272 195 200 105 185 55 133 159 374 107 150 58 107 0 0 0 0 0 2 0 59 0 0 0 0 9 0 0 1 0 2 0 0 0 0 0 0 0 0 0 3 3 0 0 0 0 0 0 0 0 2 2 0 0 0 0 0 0 14 0 0 0 0 16 0 0 0 0 0 0 0 0 0 9 10 33 0 8 11 61 1 29 19 8 14 0 0 14 33 0 0 42 0 26 0 0 0 0 0 0 0 0 0 0 0 0 0 0 0 0 0 10 9 0 7 0 0 0 6 0 0 0 0 0 0 0 0 0 0 0 0 0 0 0 0 0 2 32 22 0 0 0 0 0 0 0 0 0 0 0 0 0 0 1 12 1 28 13 17 16 18 11 17 31 9 1 48 8 45 0 21 0 1 0 0 0 0 0 0 0 0 0 0 0 0 12 0 1 0 0 0 11 20 0 0 0 0 0 0 0 0 0 0 0 0 0 0 0 0 0 35 0 0 0 0 19 0 0 0 0 0 0 0 0 0 0 0 6 2 1 2 0 3 0 11 0 0 0 0 0 0 0 0 0 0 0 0 0 0 0 0 0 0 0 0 0 0 0 0 37 0 0 0 
 4 2 2 2 82 33 2 2 2 2 2 3 2 2 2 2 2 2 2 2 278 0 151 419 43 64 86 69 233 114 46 121 217 54 79 144 169 93 57 165 0 0 0 0 0 0 0 1 0 36 0 0 73 0 0 1 0 2 0 1 0 0 0 0 3 8 0 3 3 0 6 0 0 0 0 0 0 1 4 0 0 0 0 0 7 27 0 0 2 0 0 0 8 0 0 0 0 0 18 20 11 26 18 27 6 6 0 1 18 25 30 11 36 11 6 0 21 0 0 38 0 0 0 0 40 0 0 0 0 0 0 0 0 11 0 0 0 0 0 1 0 0 2 0 0 0 2 0 0 0 0 0 0 0 0 0 0 0 0 0 21 0 0 1 13 0 0 0 0 0 0 1 0 0 0 0 0 0 1 19 0 26 20 17 1 10 12 43 9 12 16 26 1 12 13 9 24 7 0 8 0 0 0 0 0 0 0 0 0 0 0 0 0 0 0 1 0 0 12 10 0 0 0 0 0 0 0 0 0 0 0 0 0 0 0 0 0 0 0 0 0 0 19 0 0 0 0 0 0 0 0 19 0 0 7 0 0 0 0 0 9 0 0 0 0 0 1 0 0 0 0 0 0 0 1 0 0 0 0 0 0 1 0 0 0 0 0 0 0 10 
 35 2 3 5 3 76 6 4 2 2 5 4 2 4 5 2 2 6 3 3 369 151 0 357 45 276 383 135 235 92 271 219 70 51 142 114 420 312 137 192 0 0 0 7 2 0 0 4 0 2 0 0 142 63 64 1 4 5 63 0 0 0 0 0 0 0 2 3 3 1 0 0 0 0 0 0 0 0 2 47 0 0 0 0 19 1 0 7 0 0 0 0 0 0 2 0 0 0 0 0 0 12 9 23 6 0 26 2 33 19 11 15 15 0 17 1 11 0 0 6 15 0 1 0 0 0 0 11 0 0 0 0 0 12 0 8 0 0 2 1 0 0 0 2 0 0 0 0 6 0 0 0 0 1 0 0 0 1 0 1 49 0 0 1 0 0 0 0 0 0 0 0 0 0 0 0 0 0 0 0 16 11 23 18 15 28 1 36 20 3 14 27 1 18 20 1 49 20 0 11 0 0 13 0 0 8 0 0 0 0 0 0 0 10 0 1 0 0 24 11 0 0 0 0 0 0 0 0 0 0 0 0 0 8 0 0 0 3 0 0 0 8 0 0 0 2 0 0 0 0 0 0 0 0 3 2 0 1 0 2 11 0 0 0 0 0 0 0 0 0 0 0 0 0 0 0 0 1 0 0 0 9 0 0 0 0 1 0 0 0 
 4 4 6 6 8 82 86 6 7 5 6 5 8 4 6 5 4 5 4 5 221 419 357 0 143 102 282 295 388 194 82 122 83 84 146 96 147 133 310 149 2 1 1 1 3 1 2 4 2 0 4 1 71 1 2 3 73 6 0 59 0 2 2 2 2 5 0 3 5 0 3 2 14 2 0 0 2 0 2 2 0 0 0 0 0 15 0 0 0 0 0 0 0 0 0 0 0 0 0 0 0 9 0 0 0 0 13 1 12 18 0 15 0 0 0 22 0 0 0 0 0 0 0 2 0 0 0 0 0 0 0 0 0 8 0 0 0 2 9 8 0 0 0 0 0 0 0 0 0 0 0 0 0 0 0 3 0 0 0 0 0 0 0 0 13 0 0 0 0 2 0 0 0 2 0 0 0 0 8 2 0 14 9 3 0 1 10 0 0 8 39 15 0 17 0 27 8 2 0 0 0 1 0 0 0 0 12 0 0 0 0 0 1 0 2 12 0 2 15 6 0 18 0 0 0 0 0 0 0 0 0 0 2 0 0 0 0 0 0 0 0 0 20 0 0 0 2 0 2 0 0 0 0 2 0 0 1 5 2 0 9 0 2 0 1 0 0 0 0 0 0 0 0 0 0 0 0 0 0 0 0 0 0 0 7 0 10 0 0 0 
 2 0 2 0 0 0 0 4 0 0 0 0 0 0 0 0 0 0 0 0 34 43 45 143 0 69 86 88 150 85 226 206 54 297 74 89 198 273 67 295 3 0 63 10 0 0 59 83 2 209 211 0 149 125 2 3 0 2 57 0 1 0 1 0 0 2 0 51 3 0 5 0 0 0 0 8 50 0 3 0 0 0 0 0 0 0 0 0 0 0 0 10 0 0 1 0 0 0 0 0 0 1 0 8 7 2 0 0 23 0 0 29 0 0 0 22 0 11 0 0 0 10 44 0 0 12 28 1 0 0 22 0 7 42 9 10 0 0 29 0 0 0 0 2 0 0 0 4 0 0 0 0 0 0 0 0 0 0 2 2 0 0 0 0 0 0 0 0 0 0 0 0 0 4 0 0 0 0 0 0 0 0 8 0 0 21 1 0 0 2 0 13 0 0 0 21 7 0 0 0 6 0 17 0 1 2 26 65 19 1 0 10 0 20 46 43 27 17 21 20 0 0 0 0 0 0 0 0 0 0 0 0 0 0 0 0 28 0 0 0 0 0 0 0 0 1 0 0 0 0 0 0 0 1 7 0 1 0 74 4 9 0 0 0 0 0 0 0 0 0 0 1 0 0 0 0 0 0 0 16 0 0 0 0 0 29 0 0 0 0 
 59 3 3 3 3 3 3 3 4 3 3 3 4 3 3 3 3 3 3 3 104 64 276 102 69 0 96 33 133 143 137 138 43 58 501 107 214 100 63 48 66 0 2 0 0 0 29 4 0 2 0 0 129 86 62 64 0 2 96 1 0 0 0 0 0 0 0 3 3 0 0 0 0 0 0 0 0 0 2 0 0 2 0 0 0 0 0 0 0 0 0 0 0 0 0 0 0 0 1 0 0 28 2 0 36 13 0 26 17 0 13 39 0 0 0 0 1 21 0 0 0 1 19 0 0 0 21 0 0 0 0 0 34 22 8 7 13 0 39 15 0 0 0 0 0 0 0 2 0 0 1 0 0 0 0 0 0 0 0 0 0 0 0 0 1 0 0 2 0 0 0 0 0 0 0 13 0 0 0 0 0 11 7 22 0 12 0 16 0 3 19 15 0 0 0 0 10 27 0 0 6 0 12 11 0 0 10 16 11 23 0 0 0 29 25 1 11 9 26 19 0 0 0 0 0 0 0 0 0 0 0 0 0 0 0 0 0 0 0 0 0 0 0 0 0 0 0 0 0 0 0 0 0 0 14 4 0 74 5 0 10 4 0 0 0 0 0 0 0 0 0 0 0 0 0 0 0 1 0 0 0 8 0 0 0 0 0 0 0 0 
 0 0 0 107 74 110 0 0 0 0 0 158 0 0 0 1 92 85 2 0 358 86 383 282 86 96 0 118 65 39 31 220 178 446 59 52 40 466 40 129 2 0 67 0 2 0 3 4 24 0 0 0 2 2 2 5 4 2 0 0 0 3 0 0 0 0 3 3 3 0 0 0 0 0 2 2 0 1 54 0 0 0 0 0 10 22 0 0 0 0 14 0 0 0 0 0 0 0 0 0 11 10 0 3 0 0 30 10 8 0 0 1 8 12 18 23 17 0 27 1 0 0 0 0 1 0 0 0 0 0 0 0 0 0 0 0 0 0 2 1 0 0 0 0 0 0 0 0 10 0 0 0 0 7 0 0 0 9 0 0 0 0 2 10 20 22 0 0 1 0 0 13 0 0 0 0 6 1 0 0 49 2 34 9 0 0 0 13 15 0 0 10 67 41 45 18 0 9 19 2 0 0 0 0 0 0 0 2 0 0 0 0 15 0 0 0 0 0 0 0 0 8 0 1 0 0 0 0 0 0 1 0 0 0 0 0 0 2 0 0 0 0 0 0 0 0 96 0 0 0 0 0 0 0 34 0 2 75 0 0 2 0 0 0 0 0 0 0 0 0 0 2 0 0 0 0 0 0 0 0 0 0 0 0 0 0 6 0 0 0 
 0 1 0 0 0 0 0 0 1 0 0 0 0 0 0 0 3 0 4 0 272 69 135 295 88 33 118 0 145 50 118 24 80 107 51 103 179 324 133 31 0 17 1 0 0 0 0 0 0 0 0 0 70 0 0 2 0 2 0 1 0 0 0 0 0 0 0 3 3 0 0 0 0 0 0 0 0 0 2 0 0 0 0 0 1 0 0 0 0 0 0 0 0 0 0 0 0 13 0 0 0 19 2 22 7 0 17 0 47 7 0 28 0 15 15 40 13 0 0 0 34 0 1 0 0 0 0 0 0 0 0 0 0 25 0 1 0 0 1 5 0 0 0 0 0 0 0 0 1 0 0 7 0 0 0 0 0 0 0 0 0 0 0 0 0 0 0 0 0 0 0 0 0 0 0 0 0 0 0 0 1 30 11 36 18 39 0 16 15 31 16 32 0 0 1 11 44 23 0 0 0 0 20 0 0 0 0 0 0 0 0 0 0 0 0 1 0 0 30 9 0 0 1 0 0 0 0 0 0 0 0 0 0 0 0 0 0 0 0 0 0 0 0 0 0 0 0 0 0 0 0 0 0 0 10 0 0 2 0 0 8 0 0 0 0 0 0 0 0 0 0 0 0 0 0 0 0 0 0 8 0 10 0 0 0 10 0 0 0 0 
 2 0 0 0 76 45 0 0 0 0 0 0 0 0 1 0 0 0 2 0 195 233 235 388 150 133 65 145 0 107 55 300 125 175 147 220 100 144 127 160 1 0 0 0 0 0 0 0 0 0 0 0 100 0 0 2 0 2 0 1 0 0 0 0 1 2 0 2 3 0 2 6 0 0 0 0 0 0 2 0 0 0 0 0 0 9 0 0 0 0 0 0 0 0 0 0 0 0 22 39 0 28 20 48 1 21 1 11 23 27 47 20 11 0 3 0 35 0 0 21 8 0 0 0 0 0 0 0 0 0 0 0 0 8 0 0 0 0 0 16 0 15 0 0 0 0 2 0 0 0 0 0 0 0 0 0 0 0 0 0 0 0 0 0 10 0 0 0 0 0 0 0 0 1 0 0 0 0 0 0 18 25 36 17 0 0 14 27 28 29 32 32 33 21 13 17 25 19 0 0 0 0 0 0 0 0 14 0 0 0 0 0 12 1 0 12 0 0 10 17 0 0 0 0 0 0 0 0 0 0 0 0 0 0 0 0 0 0 0 0 0 0 19 0 0 0 0 0 0 0 0 0 0 0 2 2 0 76 1 1 11 15 0 0 0 0 13 0 0 0 0 0 0 0 0 0 0 0 0 0 0 1 0 0 0 0 0 0 0 0 
 1 0 1 0 0 2 0 0 0 0 0 0 0 0 0 1 0 0 0 0 200 114 92 194 85 143 39 50 107 0 299 265 81 377 124 150 221 195 53 222 66 0 3 32 0 3 0 3 1 0 207 6 2 1 63 2 0 2 0 66 0 23 0 0 0 0 0 11 3 0 2 0 0 0 0 0 0 2 2 0 0 0 2 0 0 2 23 2 0 0 0 0 0 0 0 0 0 0 0 1 0 10 22 9 35 24 0 0 16 2 19 6 0 0 0 33 8 33 0 12 35 0 1 0 0 0 1 10 0 0 0 0 11 0 0 1 0 0 22 5 0 2 0 0 0 2 0 0 0 0 0 0 0 0 0 0 0 2 0 0 2 2 0 0 0 0 0 0 0 0 0 0 0 0 0 0 0 0 0 0 11 1 0 54 18 35 0 32 9 0 6 1 0 11 0 15 14 20 0 0 0 0 0 15 0 0 16 0 0 1 0 0 34 0 43 0 0 1 21 0 0 0 0 0 0 0 0 0 0 0 0 0 0 0 0 0 0 0 0 0 0 0 0 0 0 0 0 0 0 0 0 0 0 0 76 0 3 75 1 0 2 0 0 0 0 0 0 0 0 0 0 0 0 0 0 0 0 0 0 0 0 27 0 0 0 0 0 0 0 24 
 4 2 2 2 3 1 77 1 2 2 2 1 1 2 0 2 1 0 1 2 105 46 271 82 226 137 31 118 55 299 0 210 42 128 274 190 91 68 31 282 2 64 0 0 0 0 34 11 0 0 0 0 63 128 0 0 0 2 63 24 0 0 0 0 0 0 0 2 3 0 0 0 0 0 0 0 0 0 4 0 0 0 0 0 0 0 0 0 2 0 0 0 0 0 0 0 0 0 0 0 0 12 31 14 2 8 0 0 2 0 0 12 10 0 0 8 14 9 0 0 10 1 6 0 1 0 7 1 0 0 0 0 9 42 18 6 1 0 26 22 0 5 0 0 0 0 2 0 0 0 0 0 0 0 0 0 0 0 0 0 0 0 0 0 0 0 0 0 0 0 0 10 0 0 0 0 0 0 0 0 0 0 23 0 5 12 12 30 43 37 11 0 0 0 0 27 6 15 0 10 18 0 16 0 0 0 10 38 0 0 0 0 1 10 53 0 41 5 31 17 0 1 0 0 0 0 0 0 0 0 0 0 0 0 0 0 0 0 0 0 0 0 0 0 0 0 0 0 0 0 0 0 0 0 6 2 0 0 90 2 5 30 0 0 0 0 0 0 0 0 0 0 0 0 0 0 0 0 0 0 0 0 0 0 0 12 0 0 0 0 
 0 0 0 0 1 0 4 0 0 0 0 46 0 0 0 1 0 0 0 0 185 121 219 122 206 138 220 24 300 265 210 0 131 257 118 45 151 181 397 25 3 0 0 29 0 0 67 48 3 2 0 0 82 0 6 65 0 5 63 64 5 0 0 0 3 1 50 6 58 0 0 1 3 0 0 0 0 1 2 0 0 2 0 0 0 0 1 0 0 0 0 0 19 0 0 0 0 0 0 0 0 15 16 9 20 14 11 32 31 20 26 13 8 0 2 19 18 1 0 19 10 19 0 0 0 0 28 20 0 0 0 0 0 25 47 1 0 0 6 0 0 0 0 0 2 0 12 3 0 0 0 0 0 0 0 0 0 0 0 0 0 0 0 0 1 0 0 2 0 0 0 0 0 0 0 0 0 0 0 0 9 12 15 44 0 13 0 16 13 1 0 24 12 16 1 17 12 16 0 1 18 0 0 0 0 0 17 0 0 0 0 0 18 1 34 21 0 34 19 11 0 0 0 0 0 0 0 0 0 0 0 0 0 0 0 0 0 0 0 0 0 0 0 0 0 0 0 0 0 0 0 0 0 0 13 4 0 5 1 2 11 7 0 0 0 0 16 0 0 0 0 0 0 0 0 0 0 1 0 0 0 0 0 0 0 0 7 0 0 0 
 0 0 0 0 81 74 2 0 0 0 0 0 2 0 0 1 0 74 0 0 55 217 70 83 54 43 178 80 125 81 42 131 0 119 123 410 63 162 343 207 0 0 0 0 0 0 0 0 62 0 0 0 1 87 0 2 1 3 0 0 0 0 0 0 6 0 0 3 3 0 50 0 0 0 2 0 0 0 2 0 0 0 0 0 9 10 0 0 0 0 1 0 0 0 0 0 0 0 0 19 35 18 21 13 0 0 12 20 0 20 17 0 23 37 21 27 25 3 13 35 0 0 0 0 0 0 0 0 0 0 0 0 0 0 0 0 9 0 0 0 4 0 0 0 0 0 0 0 5 3 0 0 0 0 0 0 0 6 12 3 0 0 0 0 9 10 0 0 0 2 0 22 0 0 0 0 2 1 0 0 39 0 14 10 12 0 19 29 42 13 7 0 27 2 13 2 30 0 6 42 0 28 0 0 0 0 0 8 0 0 0 0 0 0 0 0 0 2 2 0 0 0 0 0 0 0 0 0 0 0 0 0 2 0 0 0 0 0 0 0 0 0 0 0 0 0 20 0 0 1 0 0 0 0 5 0 0 0 0 0 1 0 0 0 0 0 0 0 0 0 0 0 0 0 0 0 0 0 0 0 1 0 0 2 0 0 0 0 0 0 
 0 0 0 0 0 1 0 0 1 208 77 75 0 0 77 1 1 0 2 0 133 54 51 84 297 58 446 107 175 377 128 257 119 0 135 124 25 37 251 175 0 0 0 0 0 0 0 0 0 2 0 0 63 0 0 1 0 2 0 2 5 0 0 0 0 0 0 2 3 0 0 44 0 0 0 0 0 0 2 0 0 1 12 0 0 11 0 0 0 0 0 8 0 0 0 0 0 0 0 0 16 13 44 18 25 14 12 18 24 0 8 13 14 28 9 26 28 0 16 0 1 0 2 0 0 0 0 0 0 0 0 0 0 14 0 0 0 0 0 0 0 4 0 0 0 27 0 0 0 0 0 5 0 0 0 0 0 1 0 0 0 0 0 0 1 13 0 0 4 0 0 1 0 0 0 0 0 0 0 0 26 10 7 0 8 7 41 21 20 12 0 32 24 9 15 35 1 10 0 9 2 0 0 0 0 0 0 0 0 0 0 0 8 0 0 0 0 0 13 0 0 0 0 0 2 0 2 0 1 0 0 0 0 0 0 0 0 0 0 0 0 0 2 0 0 0 73 0 0 0 0 0 0 0 5 0 1 8 0 0 1 0 0 0 0 0 23 0 0 0 0 0 0 0 0 0 0 11 0 8 0 0 0 0 1 9 8 0 0 0 
 3 2 2 3 4 50 4 6 3 2 3 3 2 2 3 4 2 5 5 3 159 79 142 146 74 501 59 51 147 124 274 118 123 135 0 297 491 101 314 205 0 5 6 1 0 0 2 0 4 0 0 0 2 0 2 2 12 2 0 3 0 2 0 3 0 4 0 6 3 2 2 0 3 0 0 0 0 0 2 0 0 0 0 0 16 1 0 0 0 0 0 0 0 0 0 0 2 0 0 0 19 0 7 32 1 8 25 0 12 8 12 15 17 0 2 18 11 0 1 7 19 0 1 0 0 0 0 0 0 0 14 0 1 0 0 1 0 0 2 9 0 0 2 0 0 0 0 8 5 0 0 0 0 7 0 0 0 0 0 0 0 0 0 0 44 0 0 0 0 0 0 0 0 0 0 0 6 0 0 0 9 1 22 19 35 0 0 10 22 0 6 0 51 26 23 0 7 0 0 1 0 0 2 0 0 0 0 0 0 0 0 0 1 0 0 0 0 0 0 0 0 0 0 0 0 0 0 0 0 0 0 0 0 0 0 0 0 0 0 0 0 0 0 0 0 2 76 0 0 0 0 0 0 0 6 0 2 2 0 3 4 5 0 0 0 0 0 0 0 0 0 0 0 0 0 0 0 0 0 0 0 0 0 0 0 0 1 0 0 0 
 5 3 3 3 77 83 7 3 3 3 3 3 3 3 4 3 3 3 3 6 374 144 114 96 89 107 52 103 220 150 190 45 410 124 297 0 104 58 43 212 0 0 0 0 0 0 0 0 1 0 0 0 23 2 0 2 0 2 0 0 0 0 0 0 6 0 0 1 3 1 10 10 0 0 0 0 11 2 2 0 0 0 0 19 0 19 0 0 2 0 0 7 0 0 0 0 0 0 0 0 37 26 31 0 1 17 41 0 7 20 24 1 16 13 9 13 12 0 0 12 13 0 0 0 0 0 0 0 0 0 0 0 0 24 0 0 0 0 0 1 0 5 0 0 0 26 2 0 0 0 0 0 0 0 0 0 0 0 0 0 0 0 0 0 14 0 0 0 0 0 0 14 0 0 0 0 6 0 0 0 4 0 0 0 29 1 56 23 29 32 50 4 14 18 12 21 8 19 13 9 0 0 0 0 0 0 0 0 0 0 8 0 1 0 0 0 0 0 0 7 0 0 0 0 0 0 0 0 0 0 0 0 0 0 0 0 0 0 0 0 0 0 19 0 0 0 0 0 0 0 0 0 0 10 0 0 0 0 0 2 1 12 0 0 0 0 1 0 0 0 0 0 0 0 0 0 0 0 0 0 0 1 0 0 0 0 0 0 0 0 
 0 0 0 2 27 0 0 0 0 0 0 2 0 0 0 0 0 0 2 0 107 169 420 147 198 214 40 179 100 221 91 151 63 25 491 104 0 307 38 191 0 16 0 3 0 0 0 0 0 0 0 0 43 0 0 2 0 2 0 1 0 0 0 0 0 0 0 3 3 0 0 0 0 0 0 0 0 0 2 0 1 0 0 0 0 0 0 0 0 0 0 0 0 0 0 0 0 0 0 0 0 28 0 14 17 0 14 19 27 11 22 52 1 0 0 18 0 22 12 0 19 0 1 0 0 0 0 0 0 0 0 1 14 6 0 1 2 0 2 25 0 0 0 0 1 0 0 0 0 0 0 1 0 0 0 0 0 0 0 0 0 0 0 0 0 0 0 0 0 9 0 0 0 1 0 14 0 0 0 0 0 9 24 12 16 10 14 1 13 7 2 54 0 1 0 0 21 18 0 22 0 0 2 0 0 0 13 0 0 0 0 0 0 0 0 12 0 2 53 9 0 0 0 0 0 0 0 0 0 0 0 0 0 0 0 0 0 0 0 0 0 0 0 0 0 0 0 0 0 0 0 0 0 0 10 2 1 0 3 1 10 1 0 0 0 0 0 0 0 0 0 0 0 0 0 0 0 0 0 0 0 24 0 0 0 0 1 0 0 0 
 207 5 3 8 3 3 3 8 3 3 6 5 3 3 3 5 4 5 6 3 150 93 312 133 273 100 466 324 144 195 68 181 162 37 101 58 307 0 70 105 0 0 0 0 2 0 0 0 1 0 0 7 3 0 0 5 0 5 27 1 0 0 3 0 0 0 0 3 4 0 0 1 3 3 0 0 0 0 2 0 0 0 0 0 0 15 0 0 0 0 0 0 0 0 0 0 0 0 0 0 18 19 8 33 27 19 18 0 0 17 68 23 8 0 0 57 30 27 1 20 68 7 1 0 0 0 0 0 0 0 0 9 19 5 0 1 0 0 18 27 0 0 0 0 0 0 0 0 0 0 0 0 0 0 0 0 0 0 0 0 0 0 0 0 0 0 0 0 0 0 0 0 0 0 0 0 6 0 0 0 4 0 42 40 42 0 0 16 28 0 19 0 14 2 0 0 11 0 0 0 1 0 13 0 0 0 3 15 0 0 0 0 34 10 0 0 0 0 5 0 0 0 0 0 0 0 0 0 0 0 0 0 0 0 0 0 0 0 0 0 0 0 0 0 0 0 0 0 0 0 0 0 1 0 6 0 0 3 40 1 3 0 0 0 0 0 0 0 0 0 0 0 0 0 0 0 0 0 0 0 0 10 0 0 0 0 0 0 0 0 
 0 75 21 75 74 75 0 0 75 85 1 75 0 0 0 22 74 0 0 0 58 57 137 310 67 63 40 133 127 53 31 397 343 251 314 43 38 70 0 206 0 0 2 0 0 2 0 0 0 1 0 0 3 0 1 2 0 3 0 0 0 0 0 0 0 0 0 3 3 49 0 0 0 0 0 0 0 0 2 0 0 0 21 0 21 0 0 0 0 20 0 31 0 0 9 10 0 1 0 0 0 0 9 26 0 10 13 35 17 26 15 0 33 9 19 0 23 0 0 25 0 0 0 0 0 0 0 0 0 0 0 0 4 0 0 0 0 0 0 0 0 0 0 0 0 1 0 0 0 0 0 6 0 0 0 0 0 0 0 0 0 0 0 17 0 0 0 0 4 16 12 0 0 0 10 0 0 3 0 0 12 9 27 9 0 9 9 10 9 12 0 10 11 7 49 1 26 17 0 40 0 0 0 0 0 0 0 0 0 0 0 0 27 0 0 0 0 0 0 0 0 0 3 0 0 0 0 0 0 0 0 0 0 0 0 0 0 0 0 0 0 5 0 0 0 0 0 0 0 0 0 0 0 0 9 1 0 152 0 1 0 0 20 0 0 0 8 0 0 0 0 0 0 0 0 0 0 0 0 0 0 0 0 0 0 0 0 0 0 0 
 0 0 0 1 149 0 0 4 73 5 74 43 0 2 75 60 0 0 0 4 107 165 192 149 295 48 129 31 160 222 282 25 207 175 205 212 191 105 206 0 4 1 2 2 0 3 0 0 68 4 0 0 6 2 6 5 67 2 2 0 0 0 3 0 44 0 0 3 3 1 2 2 0 0 7 0 2 3 2 0 7 0 4 0 10 30 0 0 0 1 12 21 0 0 0 0 0 6 0 11 11 3 20 9 0 0 0 31 37 9 23 0 12 18 47 14 27 10 15 83 0 0 0 1 0 12 0 0 0 15 0 5 0 0 0 0 0 0 0 0 0 0 0 0 0 0 0 0 0 0 0 0 0 0 0 0 0 0 0 0 0 0 0 10 0 0 0 0 10 13 0 6 0 2 0 0 0 0 0 0 1 1 9 13 0 12 29 33 30 44 14 15 1 0 27 1 50 10 1 37 0 0 0 0 0 0 0 0 0 0 0 0 0 0 0 0 0 1 0 0 0 0 0 0 0 0 0 0 0 0 0 0 1 0 0 0 0 0 0 0 0 0 0 0 0 0 0 0 0 0 0 0 0 0 7 0 0 1 32 2 2 0 0 0 0 0 11 0 0 0 0 0 0 0 0 0 0 17 0 0 0 10 0 1 0 0 0 0 0 0 
 0 0 0 0 0 0 0 0 0 0 0 0 0 0 0 0 0 0 0 3 0 0 0 2 3 66 2 0 1 66 2 3 0 0 0 0 0 0 0 4 0 93 156 70 49 29 82 78 248 179 33 33 268 398 205 77 30 31 148 74 0 3 2 0 0 3 0 0 2 0 0 0 0 0 4 0 3 0 0 0 0 0 0 0 0 0 1 0 0 0 0 0 0 0 0 0 0 0 0 0 0 0 0 0 14 7 0 0 0 0 0 0 0 0 0 0 0 0 0 0 3 5 17 16 0 0 38 9 22 10 17 6 12 24 34 9 25 0 8 0 0 0 0 0 0 0 0 0 8 0 0 0 0 0 0 0 14 0 0 15 0 0 0 0 0 0 0 0 0 0 0 0 0 0 0 0 0 0 0 11 0 0 0 0 0 0 0 0 0 0 17 0 0 0 0 0 0 0 0 0 14 25 14 14 35 0 4 9 25 49 27 0 1 10 41 3 0 19 0 4 2 0 0 0 0 0 9 13 0 0 0 0 0 0 0 0 0 0 9 0 0 0 0 0 0 0 0 0 0 27 0 2 0 2 0 0 0 57 0 0 0 0 0 0 0 0 0 0 0 0 0 0 0 0 0 0 0 0 0 0 0 0 0 0 0 0 0 0 0 0 
 0 0 0 0 0 0 0 0 0 0 0 0 0 0 0 0 0 0 0 0 0 0 0 1 0 0 0 17 0 0 64 0 0 0 5 0 16 0 0 1 93 0 120 146 90 315 84 396 225 121 29 175 290 63 157 291 120 106 55 313 0 5 0 0 0 206 4 1 2 1 54 3 67 10 8 0 1 0 54 0 0 0 0 0 0 0 0 0 0 0 0 0 0 0 0 0 0 0 0 0 0 0 0 0 0 0 0 0 0 0 0 0 0 0 0 0 0 0 0 0 10 0 1 11 7 11 0 0 28 12 0 1 0 1 0 16 0 52 0 15 0 2 4 0 4 0 43 3 0 0 4 2 0 7 4 1 0 0 0 6 0 0 0 0 0 0 0 0 0 0 0 0 0 0 0 0 0 0 0 0 0 0 0 0 0 0 0 9 0 12 0 0 0 0 0 0 0 0 0 0 12 26 0 0 32 0 0 11 0 7 21 13 0 0 0 8 35 0 0 0 12 3 6 0 3 0 11 1 0 14 0 0 6 0 3 1 0 1 13 0 0 0 0 0 0 0 0 0 0 0 0 12 0 2 0 0 0 0 0 0 0 0 0 0 0 0 3 66 0 0 9 0 0 0 0 6 0 0 0 0 0 0 0 0 11 12 0 10 0 0 
 1 1 2 1 2 3 1 2 1 0 1 1 2 0 3 1 2 3 2 0 0 0 0 1 63 2 67 1 0 3 0 0 0 0 6 0 0 0 2 2 156 120 0 150 113 249 271 267 172 104 113 35 68 61 139 297 120 177 135 41 1 2 6 0 49 0 0 6 0 6 54 0 59 0 8 9 4 0 104 16 0 0 0 0 0 0 0 0 0 0 0 0 0 0 0 0 0 0 0 0 0 0 0 0 19 0 0 0 0 0 0 0 0 0 0 0 0 0 0 0 9 22 0 22 1 15 10 12 24 27 24 11 7 1 12 1 11 13 0 9 6 0 0 0 6 0 18 0 0 0 6 0 0 19 0 4 5 0 0 8 3 0 0 0 0 0 0 0 0 9 0 0 0 0 0 0 0 10 0 0 0 0 0 0 0 0 0 0 0 0 0 0 0 0 0 0 0 0 0 0 0 19 15 10 10 1 12 18 0 0 23 34 0 1 7 11 13 21 9 10 1 0 0 2 0 0 18 7 8 0 0 0 18 0 0 0 0 0 19 0 0 0 0 0 0 0 0 0 0 0 0 9 0 2 0 0 0 0 0 1 0 0 0 0 67 1 2 0 0 0 9 0 0 0 0 0 0 0 0 0 0 0 0 0 21 0 0 13 0 0 
 0 0 0 0 0 0 2 2 0 0 0 0 0 2 0 0 0 0 0 0 0 0 7 1 10 0 0 0 0 32 0 29 0 0 1 0 3 0 0 2 70 146 150 0 70 352 68 145 322 216 57 81 64 154 360 163 62 438 37 117 0 0 0 0 0 0 0 0 0 0 0 0 53 0 0 0 0 1 63 52 0 0 0 0 0 0 0 0 0 0 0 0 0 0 0 0 0 0 0 0 0 0 0 0 0 0 0 0 11 0 0 7 0 0 0 0 15 5 0 0 0 0 31 0 23 10 12 0 0 11 0 0 0 10 1 12 0 15 0 0 0 0 0 0 0 0 20 0 0 0 0 0 0 51 0 10 6 10 19 5 0 0 0 0 0 0 0 28 0 0 0 0 0 0 0 0 0 0 0 0 0 0 0 6 0 5 0 0 8 0 0 0 0 0 0 0 7 10 7 0 10 1 11 0 30 8 0 7 11 7 41 0 0 11 0 0 0 0 7 0 11 10 0 0 0 0 0 0 0 0 0 0 0 1 0 0 0 0 10 0 0 0 11 0 0 0 0 0 0 0 0 13 63 0 62 0 0 0 2 10 0 0 1 0 65 12 4 37 2 0 0 0 0 0 0 0 0 0 0 0 0 6 0 0 0 8 0 19 2 0 
 3 3 3 3 3 3 5 3 3 3 3 3 3 3 3 3 3 3 5 3 0 0 2 3 0 0 2 0 0 0 0 0 0 0 0 0 0 2 0 0 49 90 113 70 0 276 188 94 70 63 304 301 92 53 76 82 122 55 43 76 0 54 54 0 0 0 3 103 50 1 48 0 54 103 45 3 1 0 46 52 0 10 0 0 0 0 0 0 0 0 0 0 0 0 0 0 0 0 0 0 0 0 19 0 0 0 0 0 0 0 0 0 0 0 0 0 0 0 0 0 0 6 0 0 20 0 0 0 11 14 0 0 0 0 0 0 12 8 0 0 39 45 29 0 7 0 37 0 19 22 5 8 49 0 23 8 17 0 31 11 0 0 0 0 0 0 0 0 0 0 0 0 0 0 0 0 0 0 0 0 0 0 0 0 0 0 0 0 0 0 0 0 0 0 0 0 0 0 0 0 0 0 0 0 0 40 0 1 0 1 0 2 0 0 0 18 15 0 0 0 24 0 37 20 0 0 23 19 0 0 0 0 38 24 7 0 12 1 0 50 0 0 1 0 0 0 0 0 0 0 0 12 0 0 0 0 0 0 0 3 0 0 0 1 1 3 0 0 0 0 13 0 2 0 0 0 0 0 0 0 0 0 0 0 14 0 0 0 2 0 
 0 0 0 0 0 0 0 29 0 0 0 0 0 0 0 0 0 0 0 1 2 0 0 1 0 0 0 0 0 3 0 0 0 0 0 0 0 0 2 3 29 315 249 352 276 0 58 95 272 116 72 360 104 44 340 306 161 136 47 50 0 50 18 0 8 0 23 3 51 53 55 0 0 49 0 26 0 60 104 5 0 0 0 0 0 0 0 0 0 0 0 0 0 0 0 0 0 0 0 0 0 0 0 0 0 0 0 0 0 0 0 0 0 0 0 0 8 0 0 0 0 1 0 14 22 0 0 0 28 4 1 0 0 0 0 9 0 7 0 0 20 15 0 17 6 5 14 0 38 12 17 11 11 7 18 10 7 11 11 9 0 0 0 0 0 0 0 5 0 0 0 0 0 0 0 0 0 0 0 0 0 0 0 0 0 0 0 0 0 0 0 0 0 14 0 0 0 0 0 0 0 18 0 0 22 0 0 0 0 1 16 8 0 0 0 19 19 0 0 0 23 0 11 12 0 0 39 1 0 0 16 12 37 10 6 0 49 20 0 12 0 0 0 0 0 0 0 0 0 0 0 5 0 0 1 0 0 0 0 0 0 0 0 4 0 1 5 62 1 0 20 0 50 0 0 0 0 0 0 0 0 0 0 0 15 28 0 0 1 0 
 0 0 0 0 0 0 0 0 0 0 0 0 0 0 62 0 0 0 0 0 0 0 0 2 59 29 3 0 0 0 34 67 0 0 2 0 0 0 0 0 82 84 271 68 188 58 0 111 45 152 297 95 347 199 33 37 90 85 114 83 0 0 0 0 0 0 0 0 0 0 0 0 0 0 0 3 1 0 7 0 0 0 0 0 0 0 0 0 0 0 0 0 0 0 3 0 0 0 0 0 0 0 0 0 0 0 0 0 0 0 0 0 0 0 0 0 0 0 0 0 21 32 45 9 3 8 13 59 7 0 7 37 3 1 23 38 0 20 0 31 0 0 0 0 0 0 0 3 0 0 0 0 16 0 0 0 0 0 0 21 7 3 10 0 7 0 0 0 0 0 0 0 0 0 0 0 0 0 0 0 0 0 0 0 9 0 0 0 0 0 0 0 0 0 0 0 0 0 0 0 22 71 15 0 32 0 9 4 55 20 5 21 3 42 0 4 10 17 28 0 0 0 0 0 0 0 0 0 0 0 0 0 4 0 0 0 0 0 2 0 0 0 0 0 0 0 0 0 0 0 0 6 0 1 0 0 0 0 2 0 0 0 0 0 2 1 0 0 0 0 0 0 0 0 0 0 0 0 0 0 0 0 0 0 1 0 0 0 0 0 
 0 0 0 0 0 0 2 3 0 0 0 0 0 0 0 0 0 0 0 0 59 1 4 4 83 4 4 0 0 3 11 48 0 0 0 0 0 0 0 0 78 396 267 145 94 95 111 0 354 105 160 321 365 85 208 287 92 106 55 47 0 2 0 0 0 0 0 55 0 0 49 0 0 0 0 3 0 1 26 51 0 0 0 0 0 0 0 0 0 0 0 0 0 0 0 0 0 0 0 0 0 0 0 0 10 0 0 0 0 0 0 0 0 0 0 0 0 0 0 0 0 41 10 9 12 17 14 24 15 16 14 2 1 7 3 19 9 16 3 3 0 0 0 0 10 0 5 0 13 0 11 0 15 0 0 0 0 0 76 0 0 0 5 0 3 0 0 0 0 0 0 0 0 0 0 0 0 0 0 0 0 0 0 0 10 0 0 0 0 0 0 0 0 0 0 0 0 0 0 0 5 47 9 0 26 0 21 18 14 0 0 33 1 0 12 33 25 0 0 5 1 1 0 0 0 0 0 0 0 0 0 0 24 0 0 0 0 0 56 0 0 0 0 0 0 0 0 0 0 0 0 6 0 1 0 0 0 0 0 2 0 0 0 0 0 14 1 0 0 0 18 0 0 0 0 0 0 0 0 0 0 0 0 0 16 0 0 0 0 0 
 0 0 0 0 0 0 0 6 0 0 0 64 0 0 0 0 0 0 12 0 0 0 0 2 2 0 24 0 0 1 0 3 62 0 4 1 0 1 0 68 248 225 172 322 70 272 45 354 0 84 32 263 100 318 125 334 122 32 83 96 4 0 0 0 16 3 6 2 0 0 1 0 43 0 1 0 0 0 5 53 0 0 0 0 3 10 0 0 0 0 0 0 0 0 0 0 0 0 0 0 4 0 0 0 0 0 3 0 0 0 0 0 0 0 3 12 42 0 7 6 0 9 1 5 29 2 0 0 11 22 7 9 0 0 0 0 10 21 0 0 0 0 0 7 0 0 17 0 0 0 2 0 2 9 8 9 0 9 7 5 0 0 0 0 0 0 0 0 1 0 0 0 0 0 0 0 22 0 0 0 0 0 0 0 4 0 0 0 32 0 0 0 17 0 0 0 0 0 0 0 0 0 0 11 1 1 0 0 0 1 28 17 1 0 0 18 7 0 0 0 29 0 0 0 0 0 1 0 3 0 0 0 0 16 0 0 19 0 24 15 0 0 10 0 0 0 0 0 0 0 0 8 0 2 0 0 0 0 0 1 0 0 1 0 6 2 3 37 0 0 0 0 0 0 0 0 0 0 0 0 0 2 0 0 18 4 0 23 0 0 
 0 0 0 0 0 0 0 2 0 0 0 0 0 0 0 0 0 0 0 0 0 36 2 0 209 2 0 0 0 0 0 2 0 2 0 0 0 0 1 4 179 121 104 216 63 116 152 105 84 0 367 31 81 80 140 204 106 52 73 86 1 1 0 0 0 2 0 0 2 0 0 0 0 0 0 0 1 0 0 0 0 0 0 0 23 0 0 0 0 0 0 0 0 0 0 0 0 0 0 0 0 0 0 0 1 0 0 0 0 0 0 0 0 0 0 0 0 0 0 0 13 0 10 24 0 0 32 13 14 29 12 8 21 39 14 0 1 57 0 32 0 0 0 0 0 0 0 0 0 0 0 0 5 0 0 0 61 0 0 18 12 0 0 0 1 0 0 0 2 0 0 0 0 0 0 0 0 0 0 0 0 0 0 0 13 0 0 0 0 0 2 0 0 0 0 0 0 0 0 0 24 43 29 30 21 0 9 19 9 34 16 14 0 23 0 0 10 1 0 0 18 0 3 0 0 0 29 0 0 0 0 0 6 0 0 0 0 0 2 9 0 0 0 0 0 0 0 0 0 0 0 7 0 0 0 0 0 0 0 13 0 0 0 0 0 0 2 2 0 0 0 0 0 0 0 0 0 0 0 0 0 0 0 0 1 0 0 0 0 0 
 2 2 2 68 2 2 2 2 8 2 2 2 2 4 2 2 2 2 5 2 0 0 0 4 211 0 0 0 0 207 0 0 0 0 0 0 0 0 0 0 33 29 113 57 304 72 297 160 32 367 0 132 105 36 53 183 115 226 36 151 57 2 0 0 0 51 1 52 0 0 2 0 1 0 3 1 0 0 0 55 0 0 0 0 0 0 0 0 0 0 0 0 0 0 0 0 0 0 5 0 0 0 0 0 1 0 0 0 0 0 0 0 0 0 26 0 0 0 0 0 1 8 2 23 37 11 23 27 7 0 16 8 1 9 0 0 19 1 0 9 0 0 0 5 0 0 0 0 0 0 0 0 0 10 1 0 0 0 14 0 0 0 1 0 0 6 0 0 0 0 0 0 0 0 0 0 0 0 0 0 0 0 0 0 17 0 0 0 0 0 0 0 0 0 0 0 0 0 0 0 9 9 0 13 10 11 8 12 16 0 0 9 0 0 12 11 0 5 0 20 9 10 19 0 0 0 0 0 0 1 0 0 0 14 0 0 19 21 15 14 0 0 0 0 0 0 0 0 0 0 0 0 0 2 0 0 0 0 0 0 0 0 8 0 0 14 0 0 0 0 0 0 0 0 0 0 0 0 0 0 0 2 0 0 0 0 0 0 1 0 
 0 0 0 0 0 0 0 3 0 47 0 0 0 0 0 0 0 0 0 0 0 0 0 1 0 0 0 0 0 6 0 0 0 0 0 0 0 7 0 0 33 175 35 81 301 360 95 321 263 31 132 0 39 34 39 47 174 131 69 52 0 0 0 0 0 24 51 22 1 0 1 0 50 2 0 11 0 0 0 0 0 0 0 0 0 0 1 0 0 0 0 6 0 0 0 0 0 0 0 0 0 0 0 0 1 8 0 0 0 0 0 4 0 0 8 0 22 7 4 0 12 4 18 0 9 12 0 0 1 11 1 20 0 0 0 13 0 51 0 1 0 0 0 0 0 0 0 0 0 0 0 0 6 9 1 11 0 10 33 14 0 0 26 0 12 0 0 0 0 0 0 0 0 0 0 0 0 0 0 0 0 0 9 5 3 0 0 0 0 0 0 0 0 0 0 0 0 0 0 0 33 9 8 0 0 0 0 1 8 14 21 24 0 33 0 22 6 0 7 0 11 0 19 0 0 0 0 0 0 0 0 0 9 1 0 0 13 3 20 0 0 0 35 0 0 2 0 0 0 0 0 15 0 0 26 0 0 0 1 0 0 0 62 4 3 7 0 33 0 0 0 1 0 0 0 0 0 0 0 0 0 0 0 16 22 8 0 1 2 0 
 3 3 3 3 4 8 3 3 3 2 3 3 3 2 3 68 3 3 6 4 9 73 142 71 149 129 2 70 100 2 63 82 1 63 2 23 43 3 3 6 268 290 68 64 92 104 347 365 100 81 105 39 0 83 46 96 39 229 145 391 0 0 0 0 0 0 0 0 0 0 0 0 0 0 0 0 0 0 0 0 0 0 0 0 0 8 0 0 0 0 0 0 0 0 10 0 0 0 0 0 0 9 0 0 0 0 0 0 23 13 0 21 0 0 0 0 0 1 0 0 0 8 25 0 0 0 17 37 0 0 0 0 19 40 11 20 0 0 7 7 0 0 0 0 0 0 0 2 0 0 0 0 0 0 0 0 0 0 0 0 0 0 0 0 0 0 0 8 0 0 0 0 0 4 0 0 0 0 0 0 0 8 3 0 11 5 20 0 7 9 30 31 0 0 0 3 6 11 0 0 0 21 14 14 0 0 38 9 0 0 0 0 11 7 13 21 0 8 50 11 0 0 0 0 0 0 0 0 0 0 0 0 0 0 0 0 0 0 0 0 0 0 0 0 0 0 0 0 0 0 0 1 0 2 1 0 0 1 2 0 4 0 2 0 0 0 6 0 2 0 0 0 0 0 0 0 0 0 0 0 0 6 0 0 0 0 0 0 0 0 
 0 0 0 0 0 0 0 2 0 0 0 0 0 0 0 0 4 0 2 0 0 0 63 1 125 86 2 0 0 1 128 0 87 0 0 2 0 0 0 2 398 63 61 154 53 44 199 85 318 80 36 34 83 0 161 173 38 23 438 167 2 0 0 0 0 0 0 0 0 0 0 0 0 0 0 0 0 0 0 0 0 0 0 0 0 0 0 0 0 0 0 0 0 0 0 0 0 0 0 1 0 1 0 2 6 11 0 19 0 14 0 0 0 0 0 0 0 2 0 0 0 0 36 0 0 0 26 0 0 0 5 3 15 0 11 6 23 0 13 0 0 0 0 0 0 0 0 4 31 0 0 0 5 0 0 0 8 0 0 18 0 3 0 0 0 0 0 0 0 0 0 0 0 3 0 0 0 0 0 0 0 1 0 0 0 0 0 0 0 6 11 0 0 0 0 0 0 0 0 0 3 0 25 12 10 3 18 21 36 7 22 6 0 19 12 19 19 8 47 1 21 0 0 0 0 0 0 0 0 0 0 0 1 0 0 0 0 0 2 0 0 0 0 0 0 0 0 0 0 0 0 4 0 0 0 0 0 81 29 0 0 0 0 0 0 0 3 0 0 0 0 0 0 1 0 0 0 0 0 0 0 0 0 0 0 0 0 0 0 0 
 0 0 0 0 0 0 3 3 0 0 0 0 0 0 0 0 0 0 0 0 0 0 64 2 2 62 2 0 0 63 0 6 0 0 2 0 0 0 1 6 205 157 139 360 76 340 33 208 125 140 53 39 46 161 0 590 272 262 170 108 28 0 0 3 0 0 0 0 0 51 0 0 0 0 0 0 0 0 0 0 0 0 0 0 0 0 0 0 0 0 0 0 0 0 0 0 0 0 0 0 0 0 0 0 10 11 0 0 0 0 0 0 0 0 0 0 0 0 0 0 0 0 7 37 0 0 7 6 35 20 9 6 15 43 16 0 29 12 8 0 0 0 0 0 0 0 0 18 0 0 0 0 0 0 0 0 42 0 0 20 0 0 0 0 0 0 0 0 0 0 0 0 0 0 0 0 0 0 0 0 0 0 0 0 0 0 0 0 0 0 10 0 0 0 0 0 0 0 0 0 15 34 15 17 18 8 0 1 13 11 25 0 0 0 12 0 0 14 0 0 11 0 0 0 0 0 4 0 0 0 0 0 1 1 0 0 0 0 0 0 0 0 0 0 0 0 0 0 0 0 0 10 0 2 0 0 0 55 0 2 0 0 0 0 1 3 0 2 0 0 0 0 0 0 0 0 0 0 0 0 0 0 0 0 4 6 0 0 0 0 
 12 1 0 2 7 2 2 2 1 57 4 3 1 0 0 2 2 5 2 2 1 1 1 3 3 64 5 2 2 2 0 65 2 1 2 2 2 5 2 5 77 291 297 163 82 306 37 287 334 204 183 47 96 173 590 0 63 51 104 66 0 6 0 0 0 0 6 0 0 0 0 1 1 0 4 0 0 0 6 20 0 0 0 0 0 0 0 0 0 0 0 0 0 0 0 0 0 0 0 0 1 1 1 0 19 0 1 1 0 0 0 0 12 0 0 2 0 0 0 0 0 0 21 0 8 1 16 4 2 0 0 0 2 20 1 9 24 1 0 0 0 0 0 18 2 0 0 15 0 0 0 0 0 12 0 0 7 18 9 5 0 0 1 0 2 0 0 0 0 0 0 2 0 0 0 0 0 2 0 0 0 0 0 0 9 0 0 0 0 0 12 0 2 0 0 0 0 0 3 0 15 44 15 13 26 2 8 7 26 27 4 0 0 14 0 0 0 15 0 0 10 26 0 0 0 0 0 0 0 0 0 0 1 0 0 0 0 0 0 0 0 0 0 0 0 0 1 0 0 2 0 11 0 1 0 0 0 1 0 21 0 1 6 13 0 18 1 0 0 0 0 0 0 0 0 0 0 0 0 0 0 3 0 0 0 0 0 0 2 2 
 0 0 0 0 0 0 1 3 0 2 0 0 0 1 0 1 0 0 5 0 0 0 4 73 0 0 4 0 0 0 0 0 1 0 12 0 0 0 0 67 30 120 120 62 122 161 90 92 122 106 115 174 39 38 272 63 0 235 246 41 0 3 0 0 0 0 0 0 0 1 50 0 0 0 0 0 0 0 61 47 0 0 0 0 0 0 0 0 0 0 0 0 0 0 0 0 0 0 0 0 0 0 0 0 0 0 0 0 0 0 0 0 0 0 0 0 0 0 0 0 22 15 0 9 8 0 7 0 29 37 16 4 14 0 14 10 3 11 13 19 0 0 0 0 3 0 4 0 0 0 6 0 0 8 14 10 0 10 10 7 5 0 0 0 0 0 0 0 0 0 0 0 0 0 0 0 0 0 0 0 0 0 0 0 0 0 0 0 0 11 0 0 0 0 0 0 0 0 0 0 24 0 24 7 9 0 0 0 0 19 6 8 0 31 0 1 14 0 0 0 11 0 0 0 0 0 0 0 0 0 0 0 11 1 0 0 0 0 14 0 0 0 12 0 0 0 0 0 0 0 0 7 0 0 0 0 0 0 0 0 0 0 0 0 0 0 2 32 0 0 14 0 0 50 0 0 0 0 0 0 0 0 0 0 1 22 0 0 0 1 
 0 0 0 0 61 0 3 3 0 3 0 0 0 0 0 0 0 0 0 2 2 2 5 6 2 2 2 2 2 2 2 5 3 2 2 2 2 5 3 2 31 106 177 438 55 136 85 106 32 52 226 131 229 23 262 51 235 0 25 99 0 0 0 0 0 0 0 2 8 2 50 0 0 0 11 2 0 2 22 53 0 0 0 0 0 0 0 0 0 0 0 0 0 0 0 0 0 0 0 0 0 0 0 0 0 0 0 0 0 0 0 0 0 0 0 0 0 0 0 0 0 34 10 4 10 54 14 36 10 22 12 22 0 15 0 27 29 17 0 11 1 9 0 2 12 2 6 0 28 9 12 6 13 1 0 0 0 0 10 15 0 0 6 0 15 0 0 0 0 0 0 0 0 0 0 0 0 0 0 0 0 0 0 0 0 0 0 0 0 0 0 0 0 0 0 0 0 0 0 0 46 27 13 0 3 0 0 29 42 8 0 34 0 9 20 48 26 20 0 3 1 0 0 0 3 5 0 0 0 0 14 6 29 0 14 5 0 2 24 0 0 0 0 0 0 0 0 0 0 0 0 7 0 11 0 0 0 0 0 11 0 0 4 2 2 9 6 2 0 1 14 0 0 0 0 1 0 0 0 0 0 0 0 0 17 0 0 0 1 0 
 0 0 0 0 0 0 0 2 1 0 0 0 0 1 0 0 0 0 1 0 0 0 63 0 57 96 0 0 0 0 63 63 0 0 0 0 0 27 0 2 148 55 135 37 43 47 114 55 83 73 36 69 145 438 170 104 246 25 0 72 4 2 0 0 1 0 0 0 0 0 0 18 0 0 0 11 0 0 0 3 0 0 0 0 0 18 0 0 0 0 0 0 0 0 0 0 0 0 0 0 0 1 0 5 20 19 0 0 0 15 0 0 0 0 0 0 0 0 0 0 0 18 35 13 0 0 29 13 11 15 14 17 33 0 46 17 6 0 14 0 0 0 0 0 0 0 0 20 0 0 0 0 9 0 0 0 7 0 0 7 0 0 0 0 0 0 0 0 0 0 0 0 0 0 0 0 0 8 0 0 0 0 0 0 0 0 0 0 0 1 3 0 0 0 0 0 0 0 0 0 0 0 15 36 0 6 0 0 31 22 3 6 1 23 9 0 1 45 27 0 0 0 0 3 0 0 31 0 0 0 0 0 0 0 0 0 0 0 3 0 0 0 0 0 0 0 0 0 0 0 0 8 0 0 9 0 0 74 2 0 0 0 0 0 0 0 2 0 0 0 0 0 0 0 0 0 25 0 0 0 0 0 0 0 0 0 0 0 2 0 
 62 0 0 0 0 0 0 0 0 0 0 0 0 0 0 0 0 0 0 0 0 1 0 59 0 1 0 1 1 66 24 64 0 2 3 0 1 1 0 0 74 313 41 117 76 50 83 47 96 86 151 52 391 167 108 66 41 99 72 0 0 0 0 0 0 0 0 0 0 0 1 0 0 0 4 1 0 0 0 0 0 0 0 0 0 0 0 0 0 0 27 0 0 0 0 0 0 0 0 0 0 10 0 9 6 6 0 0 13 0 11 14 0 0 0 0 18 46 0 0 0 0 0 0 0 0 13 56 0 0 0 0 13 25 22 0 24 0 17 0 0 0 0 0 0 0 0 0 0 0 0 0 0 0 0 0 0 0 0 1 0 0 0 0 0 0 0 0 0 0 0 0 0 0 0 0 0 0 0 0 0 0 2 7 7 1 0 0 0 3 1 0 0 0 0 1 1 8 0 0 19 0 0 0 0 0 14 21 20 9 0 0 21 0 13 0 19 27 16 52 0 3 0 0 0 8 0 0 0 0 0 0 0 0 0 0 0 0 49 0 0 0 0 0 0 0 0 0 0 0 0 10 0 0 0 0 0 0 68 0 1 1 0 0 0 0 2 0 0 0 0 0 0 0 0 0 0 0 0 9 0 1 0 0 0 1 0 0 0 0 
 3 3 3 44 3 3 3 3 3 3 3 3 3 3 3 3 3 3 3 6 0 0 0 0 1 0 0 0 0 0 0 5 0 5 0 0 0 0 0 0 0 0 1 0 0 0 0 0 4 1 57 0 0 2 28 0 0 0 4 0 0 125 200 130 451 36 197 175 23 106 57 55 110 317 78 71 39 97 255 206 0 0 0 0 0 0 0 0 0 0 0 0 0 0 0 0 0 0 0 0 0 0 0 0 0 0 0 0 0 0 0 0 0 0 0 0 0 0 0 0 0 0 0 0 0 0 0 0 0 0 0 11 0 0 0 0 0 0 0 0 4 2 0 6 10 0 0 25 6 2 0 0 12 0 0 4 32 0 0 66 0 0 0 0 0 0 0 0 0 0 0 0 0 0 0 0 0 0 4 0 0 0 0 0 0 0 0 0 0 0 0 0 0 0 0 0 0 0 0 0 0 0 0 4 0 4 0 0 0 0 0 11 0 0 0 0 0 0 0 0 4 8 0 7 10 34 10 5 44 15 20 1 0 1 0 31 1 0 5 5 1 0 0 0 0 0 0 0 0 0 0 0 0 0 8 0 0 0 0 18 0 0 12 24 0 0 0 0 0 0 11 0 0 1 0 0 0 0 0 0 0 0 0 0 0 0 0 0 0 0 
