 0 323 103 120 24 30 145 207 304 17 82 134 239 222 234 116 38 122 27 91 3 3 5 3 1 3 0 2 0 0 2 0 5 0 2 0 1 0 0 0 0 2 0 0 0 3 3 1 0 0 0 1 4 0 0 66 68 0 3 0 0 0 0 4 0 0 0 0 0 4 2 0 0 0 2 0 0 3 0 3 10 19 50 13 24 0 45 12 14 7 0 24 33 0 0 22 23 40 29 12 0 0 0 0 0 0 0 0 0 0 0 0 0 0 0 0 0 0 9 0 0 0 0 0 1 0 0 0 0 0 0 0 0 0 19 0 0 0 0 0 0 0 0 0 0 0 0 1 0 0 0 0 0 0 0 0 0 0 0 0 16 22 14 1 14 0 11 13 19 12 0 0 19 25 0 1 10 15 25 21 0 0 0 0 0 0 0 0 0 0 0 0 0 0 0 2 0 0 0 7 0 0 0 0 0 0 0 0 2 0 0 0 0 0 0 0 0 0 0 0 0 0 0 0 0 0 0 0 3 0 0 2 0 0 0 0 2 0 0 0 0 0 0 0 0 0 0 0 2 2 0 12 0 0 0 0 0 0 0 0 0 0 0 0 0 0 0 0 0 1 0 0 0 0 0 0 0 0 0 0 0 0 0 0 0 0 0 0 0 0 
 323 0 230 370 244 34 82 264 74 36 124 43 272 554 417 134 190 31 133 126 3 5 5 3 0 3 0 0 0 0 1 0 2 0 2 0 0 0 0 0 0 2 0 0 1 3 3 1 0 0 0 0 33 0 0 48 64 3 3 0 0 0 0 5 0 0 0 2 0 2 0 0 0 0 3 0 28 2 0 3 58 17 13 10 17 0 24 24 13 0 43 8 6 0 60 16 33 0 17 12 0 0 0 0 0 0 2 0 0 0 0 0 0 0 0 0 0 19 14 0 2 0 0 0 0 0 0 0 0 0 0 0 12 0 0 0 0 0 0 0 0 0 0 0 0 0 0 0 0 0 0 0 0 0 0 0 0 0 0 11 13 17 0 2 24 0 0 20 0 10 13 20 28 3 15 0 0 26 37 54 0 0 0 0 0 0 0 0 14 0 1 0 14 0 0 0 0 0 15 0 0 0 0 0 0 0 0 0 0 0 0 0 0 0 0 0 0 1 0 0 0 0 0 0 0 1 0 0 0 0 0 0 0 0 0 0 0 0 0 0 0 0 0 0 0 0 0 0 0 2 0 4 0 0 0 0 0 0 0 0 0 0 0 0 0 0 1 0 0 0 0 0 0 0 0 0 0 0 0 0 0 0 0 0 0 0 0 0 0 2 
 103 230 0 156 87 31 69 190 394 73 76 525 68 475 39 179 211 256 44 130 4 3 4 3 0 3 0 3 1 0 3 0 24 0 2 0 1 0 95 154 0 5 0 0 1 3 3 0 0 0 0 0 0 0 0 0 0 0 3 0 0 0 3 0 0 0 0 55 0 9 2 0 0 0 8 0 0 3 0 3 20 20 37 15 1 0 0 0 29 25 0 28 0 18 25 1 25 9 0 2 0 0 0 0 0 0 0 0 0 0 0 0 0 1 0 0 0 0 19 0 0 0 0 0 0 0 0 9 0 0 0 0 0 0 0 0 0 0 0 0 0 0 0 0 0 46 1 0 0 8 0 0 0 0 0 0 0 0 0 0 19 42 2 6 29 51 0 15 67 12 11 23 0 0 0 5 42 39 0 0 0 1 0 0 0 0 0 0 10 0 0 0 17 0 0 0 0 0 27 0 0 0 0 0 0 0 0 0 0 0 0 0 0 0 0 0 0 0 0 1 0 0 0 0 0 0 2 0 0 0 0 0 0 0 0 0 0 0 0 0 0 0 0 0 0 3 93 2 0 1 0 7 0 0 1 0 0 0 0 0 0 0 0 0 0 0 0 0 0 0 0 0 0 0 0 0 0 0 0 0 0 0 0 0 0 0 0 0 0 0 
 120 370 156 0 61 189 157 73 252 89 47 165 288 83 320 170 34 88 175 57 3 3 5 4 0 7 0 9 1 6 10 0 77 0 2 0 4 0 2 64 0 2 0 0 5 6 3 2 0 5 0 0 0 0 87 2 0 1 3 0 0 0 0 0 4 3 0 0 0 2 0 0 2 0 2 2 0 2 6 3 2 14 17 14 0 0 0 0 10 47 17 0 11 0 0 11 17 0 15 10 13 0 16 15 0 0 0 1 0 1 0 0 13 10 0 30 0 0 0 0 0 0 0 0 0 21 0 4 0 0 0 0 0 0 0 0 0 0 0 0 0 0 0 1 0 0 0 0 0 11 0 0 0 0 0 0 0 0 0 0 15 48 0 36 34 26 0 17 14 26 12 34 0 0 12 0 17 7 0 0 0 10 0 10 0 1 2 0 0 0 0 0 15 0 9 0 0 0 11 20 0 0 0 0 0 0 0 0 0 0 0 0 0 0 0 0 0 0 0 0 0 0 0 0 0 0 0 2 0 0 0 0 0 0 0 0 0 0 2 12 0 11 0 0 0 0 0 1 0 0 0 11 13 0 0 0 0 0 0 0 0 0 0 0 0 0 0 0 0 0 0 0 0 0 0 9 21 0 0 0 0 0 0 0 0 0 0 0 0 0 
 24 244 87 61 0 118 34 85 497 86 86 130 306 80 111 140 55 45 66 100 76 202 25 3 0 3 247 93 0 74 0 0 75 127 78 74 21 1 148 95 0 2 0 42 1 46 62 0 0 0 14 0 0 0 0 0 0 0 62 0 0 0 0 0 0 0 45 0 0 2 0 0 0 0 3 0 0 2 0 3 0 0 19 0 24 22 0 0 0 0 0 0 0 0 14 0 0 9 0 1 14 20 33 0 1 0 1 13 31 20 0 0 11 31 9 24 0 19 23 38 0 0 1 0 0 0 0 0 0 13 0 0 0 0 0 0 0 0 0 0 0 0 0 0 0 0 7 0 1 0 0 0 20 0 0 8 0 0 0 0 0 11 5 9 10 25 0 1 0 0 0 13 0 0 0 5 10 0 0 0 19 1 0 48 0 0 30 29 31 0 0 0 7 16 13 19 1 0 20 11 0 0 0 0 0 0 0 0 0 0 0 0 1 0 0 0 0 0 0 0 0 0 0 0 0 0 0 15 0 0 0 0 0 0 0 0 0 0 0 0 0 0 0 0 0 5 90 0 2 3 0 6 0 0 2 0 0 0 0 0 0 0 0 0 0 0 0 0 0 0 0 0 0 1 0 0 0 0 0 0 0 42 0 0 0 0 0 0 0 0 
 30 34 31 189 118 0 37 26 484 61 162 137 30 38 345 298 51 57 33 49 76 129 77 3 2 3 167 73 0 75 1 0 77 65 2 77 2 0 74 114 0 2 0 1 0 3 0 2 0 0 17 0 0 0 0 0 0 0 3 0 0 0 0 0 0 0 0 0 0 2 0 0 0 0 2 0 0 2 0 3 0 0 8 0 30 23 0 0 2 6 0 0 2 0 0 0 0 0 0 0 17 9 130 20 1 0 18 13 8 13 7 0 24 11 33 35 0 0 3 19 0 0 2 0 0 0 0 0 0 0 0 0 5 0 0 0 0 0 0 0 0 0 0 2 0 0 0 0 0 3 0 0 0 0 0 0 0 0 0 0 13 0 7 10 0 0 0 1 8 0 1 7 0 0 0 0 14 0 0 0 12 0 0 23 0 0 35 6 32 0 0 0 25 16 21 19 5 0 32 0 0 0 0 0 0 0 0 0 0 0 0 0 0 0 0 0 0 0 0 0 0 0 0 0 0 0 0 15 0 0 0 0 0 0 0 0 0 0 1 0 0 0 0 0 0 10 88 0 3 1 0 20 5 2 0 0 0 0 0 0 0 0 0 0 0 0 1 0 0 0 0 0 0 0 0 0 0 0 0 0 0 33 0 1 0 0 0 0 0 0 
 145 82 69 157 34 37 0 751 59 28 251 172 253 204 152 33 22 25 145 254 81 4 3 3 75 3 0 0 5 0 2 0 2 5 2 56 1 0 0 0 0 3 0 1 2 3 1 2 65 0 0 0 0 0 0 0 64 2 3 0 4 0 0 1 0 0 4 0 0 2 4 0 0 1 3 0 0 2 0 5 27 12 14 0 18 0 34 19 1 0 26 0 10 0 18 11 12 27 0 35 0 0 0 1 0 0 0 0 0 0 0 0 0 0 0 0 0 0 0 0 2 0 0 0 0 0 1 0 0 0 0 0 0 0 0 0 0 0 0 0 0 0 0 0 0 0 0 0 0 0 0 0 0 0 0 0 0 0 0 0 13 0 13 0 13 0 17 30 10 45 0 15 41 25 6 21 8 0 10 0 0 0 0 0 0 0 0 0 0 0 0 5 0 0 0 0 0 0 0 0 0 0 0 0 0 0 0 0 0 0 0 0 0 0 0 0 0 1 0 0 0 0 0 0 0 0 0 0 0 0 0 0 0 0 0 0 0 0 0 0 0 0 0 0 0 3 2 0 2 3 0 14 0 14 0 0 0 0 0 0 0 0 73 1 0 0 0 2 0 0 0 0 0 25 0 3 0 0 0 0 0 0 0 0 0 0 0 0 0 2 
 207 264 190 73 85 26 751 0 173 179 251 197 205 246 220 227 347 106 360 448 3 3 3 5 0 3 0 0 0 0 0 2 4 0 2 0 1 0 0 0 0 6 0 0 2 3 1 2 0 0 0 2 4 0 0 0 1 0 3 0 1 0 2 5 2 0 0 0 30 2 0 4 3 0 3 0 0 2 0 47 14 18 12 23 7 8 23 11 31 0 11 30 36 0 19 28 64 1 0 34 0 0 0 0 0 17 0 11 0 0 0 0 0 0 0 0 0 0 0 0 0 0 0 0 0 0 0 0 0 0 0 0 0 0 0 0 0 0 0 0 0 0 0 0 0 0 0 0 0 0 0 0 0 8 0 0 0 19 0 0 12 19 26 10 11 21 23 30 37 72 13 0 28 29 0 15 0 13 52 14 0 0 0 0 0 0 0 0 0 0 0 0 0 0 0 0 0 0 0 13 0 0 0 0 0 0 0 0 0 17 0 0 0 0 0 0 0 0 0 0 0 0 0 0 0 0 0 0 0 0 0 0 0 0 0 0 0 0 0 0 0 0 0 0 0 3 0 0 0 89 19 9 0 0 0 0 0 0 0 0 0 0 16 0 0 0 0 0 0 0 0 0 0 0 0 10 8 7 0 0 0 0 0 0 0 0 0 0 0 0 
 304 74 394 252 497 484 59 173 0 418 241 91 88 148 306 423 233 50 52 180 3 3 3 3 0 3 1 0 0 0 0 0 2 0 2 0 1 0 67 0 0 3 3 0 2 3 1 2 0 0 0 0 1 6 0 0 0 2 5 0 0 0 3 0 0 0 0 0 0 2 0 0 0 0 3 0 0 4 0 2 0 6 15 7 1 1 18 0 23 14 0 11 25 24 13 11 31 21 0 19 0 0 0 0 0 0 0 9 0 0 0 0 0 0 0 0 0 0 27 0 0 0 0 0 18 0 0 10 0 0 0 0 0 0 0 0 0 0 0 0 0 0 0 0 0 0 0 0 41 0 0 0 0 0 0 0 0 0 0 0 0 14 33 26 0 21 0 0 14 10 0 14 0 1 0 17 51 0 0 21 0 0 0 0 0 0 0 0 0 0 0 0 22 15 0 0 0 0 0 13 0 0 0 18 0 0 0 0 0 0 0 7 0 0 0 0 0 0 0 0 0 0 0 0 0 0 0 0 0 0 0 0 0 0 0 0 0 0 0 0 0 0 0 0 0 0 0 1 0 0 1 10 86 0 0 0 0 0 0 0 0 0 0 0 0 0 0 0 0 0 0 0 0 0 0 1 14 0 0 0 0 0 0 0 0 0 0 0 0 0 
 17 36 73 89 86 61 28 179 418 0 248 223 264 167 219 387 156 46 35 288 79 3 3 3 0 3 1 5 0 0 2 0 93 1 2 2 0 0 95 1 0 3 0 3 2 3 3 2 0 0 0 0 0 0 0 0 0 0 3 0 2 0 0 0 0 0 0 54 0 2 2 0 0 0 3 0 0 2 0 2 1 0 0 8 17 40 0 0 42 39 35 25 0 0 13 0 1 11 0 2 16 0 0 0 0 0 14 17 16 14 0 0 0 12 0 1 8 0 0 3 0 0 0 0 0 10 0 0 0 0 0 0 0 0 0 0 0 0 0 0 0 0 0 0 0 4 1 0 0 8 0 0 0 0 0 0 0 0 0 0 0 0 9 36 0 33 0 0 10 0 43 1 0 0 0 0 12 14 0 0 0 0 0 0 0 0 33 0 22 0 0 0 47 0 0 0 0 0 34 64 0 0 0 0 0 0 0 0 0 0 0 0 0 0 0 0 0 0 0 0 0 0 0 0 0 0 0 0 0 0 0 0 0 0 0 0 0 0 0 0 0 0 0 0 0 1 176 0 2 3 20 15 0 0 0 0 0 0 0 0 2 0 0 0 0 0 0 0 0 0 0 0 0 0 0 9 25 0 0 0 0 0 0 0 0 0 0 0 0 0 
 82 124 76 47 86 162 251 251 241 248 0 254 39 129 488 183 541 176 266 91 84 3 3 5 0 3 1 2 1 0 0 2 2 2 2 0 1 0 156 10 2 3 0 7 2 3 1 0 0 0 2 0 0 0 0 0 0 0 3 0 0 0 0 0 0 0 0 0 0 2 0 0 0 0 3 0 0 2 0 2 0 5 28 12 18 39 0 0 39 21 50 20 0 0 28 0 15 11 0 0 21 0 0 0 0 0 40 7 0 14 0 0 2 9 0 0 18 0 21 9 0 0 0 1 0 11 0 0 0 0 2 0 0 0 0 0 0 0 0 0 0 0 0 0 0 0 0 0 0 2 0 0 0 0 0 0 0 0 0 0 5 49 18 38 19 17 0 15 16 0 1 12 0 2 0 1 2 0 0 0 0 0 0 0 0 0 16 0 0 0 0 0 20 0 0 0 0 0 57 29 0 0 1 0 0 0 0 0 0 0 0 0 0 0 0 0 2 0 2 0 0 0 0 0 0 0 0 0 1 1 0 0 0 0 0 0 0 0 0 2 0 0 0 0 0 4 99 2 2 0 0 20 0 0 0 0 0 0 0 0 0 0 0 0 0 14 0 0 0 0 0 0 0 0 0 0 21 17 0 0 0 0 0 0 0 0 0 0 0 0 
 134 43 525 165 130 137 172 197 91 223 254 0 60 142 41 95 159 505 51 30 3 3 3 3 1 3 0 0 0 0 0 4 2 0 4 0 1 0 0 0 0 3 0 0 6 3 4 1 0 63 0 0 0 0 0 8 4 2 3 0 35 0 0 3 0 0 0 1 0 2 0 0 0 0 3 0 0 2 0 2 0 39 36 39 19 11 14 0 23 28 6 19 0 15 0 0 13 0 0 13 0 0 0 0 0 0 8 8 0 0 0 0 14 15 0 0 0 0 19 0 0 0 0 0 0 13 0 10 0 0 0 0 0 0 0 0 0 0 0 0 0 0 0 0 0 1 1 0 0 0 0 0 0 0 0 0 0 0 0 0 23 2 14 21 9 21 0 7 11 10 0 2 14 10 0 0 5 9 0 0 0 2 0 0 0 0 8 0 0 0 0 0 0 9 0 0 0 0 0 0 0 0 0 0 0 0 0 0 0 0 0 8 0 0 0 0 0 0 0 0 0 0 0 0 0 0 0 0 0 0 0 0 0 0 0 0 0 0 0 0 0 8 0 0 0 0 3 2 2 48 24 13 0 0 0 0 0 0 0 0 0 0 0 0 0 0 0 0 0 0 0 0 0 0 0 0 0 0 0 0 0 0 0 0 0 0 0 0 0 0 
 239 272 68 288 306 30 253 205 88 264 39 60 0 95 96 34 41 35 312 250 3 3 3 4 0 3 0 0 2 0 1 0 4 1 2 0 0 0 0 0 0 2 0 2 1 3 0 0 0 0 0 0 18 0 0 0 1 1 3 30 0 0 0 0 0 50 0 0 0 2 0 0 0 0 3 0 0 2 0 2 0 0 28 0 13 0 30 0 3 16 14 0 32 0 18 46 15 34 0 42 0 0 0 0 0 0 0 0 0 0 0 0 0 0 0 0 0 0 0 0 0 0 0 0 0 0 0 0 0 0 0 7 0 0 0 0 0 0 0 0 0 0 0 0 0 0 0 0 0 0 0 0 0 0 0 0 0 0 0 0 0 11 11 0 11 0 86 13 21 28 0 1 25 58 25 11 7 0 9 63 0 0 0 0 0 0 0 0 0 0 0 0 0 0 0 0 15 0 0 0 0 0 0 0 0 0 0 0 0 0 0 0 0 0 0 0 0 0 0 0 0 0 0 0 0 0 0 0 0 0 0 0 0 0 0 0 0 0 0 0 0 0 0 0 0 2 1 0 0 0 2 4 0 0 0 0 0 0 0 0 0 0 22 0 0 0 0 0 0 0 0 0 0 6 0 12 0 0 0 0 0 0 0 7 0 0 0 0 0 0 
 222 554 475 83 80 38 204 246 148 167 129 142 95 0 437 414 140 36 180 98 4 2 2 205 1 4 1 0 0 0 3 0 2 0 3 0 0 1 0 3 0 3 4 2 4 1 4 2 1 2 3 1 4 5 2 64 86 4 1 3 4 6 2 8 1 31 3 2 0 0 2 0 0 0 0 0 2 0 3 0 48 37 13 28 15 0 25 24 22 0 0 28 13 0 9 25 38 17 19 8 0 0 0 0 0 2 0 0 0 0 0 1 0 0 0 0 0 0 19 0 0 0 0 0 0 0 0 0 0 0 0 0 0 0 0 0 2 0 0 0 0 0 0 0 0 0 0 0 0 2 0 0 0 0 12 0 0 0 0 0 10 0 16 21 0 3 0 7 22 35 0 2 39 32 0 15 0 13 28 7 0 0 0 0 1 0 0 0 0 19 0 0 0 0 0 0 1 0 0 0 0 0 0 0 0 0 0 10 0 0 0 0 0 0 0 0 0 0 0 0 0 0 0 0 0 0 0 0 0 0 0 0 0 0 0 0 0 0 0 0 0 0 0 0 0 2 0 1 1 89 2 4 0 0 0 0 0 0 0 0 0 2 47 0 0 0 0 0 0 0 0 2 0 0 0 0 0 0 0 0 0 0 0 0 0 0 0 0 0 0 
 234 417 39 320 111 345 152 220 306 219 488 41 96 437 0 410 46 134 347 180 3 3 3 3 213 3 0 0 0 74 3 0 3 2 2 0 4 0 0 79 0 2 0 0 5 3 0 1 0 0 0 1 6 0 0 0 0 1 3 0 0 0 0 4 0 4 0 0 0 2 0 0 0 0 2 0 0 2 3 3 11 0 36 0 12 13 33 12 11 13 15 9 23 0 0 19 28 1 0 56 0 0 0 0 0 0 1 0 0 0 0 0 0 0 0 0 0 0 0 0 0 0 0 0 0 0 0 0 0 0 0 0 0 0 0 0 0 0 0 0 0 0 0 0 0 0 0 0 0 10 0 0 0 0 0 0 0 0 0 0 28 35 31 23 14 0 9 14 18 36 0 18 37 21 0 0 0 23 33 25 0 1 0 0 0 0 1 0 0 0 0 0 0 0 0 0 0 0 3 9 0 0 0 0 0 0 0 0 0 0 0 0 0 0 0 0 0 0 0 0 0 0 0 0 10 0 0 0 0 0 0 0 0 0 0 0 0 0 0 0 0 0 0 0 0 0 0 0 0 5 1 11 0 0 0 0 0 0 0 0 0 0 21 0 0 0 0 0 0 0 0 0 0 0 0 0 10 19 0 0 0 0 0 0 0 0 0 0 0 0 
 116 134 179 170 140 298 33 227 423 387 183 95 34 414 410 0 298 36 70 192 4 3 3 4 0 4 0 0 2 1 0 0 5 1 2 0 1 0 73 26 0 2 0 0 3 4 0 0 1 1 0 0 0 0 1 4 0 2 3 0 0 0 0 0 0 0 0 0 0 2 0 3 0 0 2 0 0 2 0 3 14 12 37 10 0 1 0 0 26 41 0 11 0 0 46 1 18 11 0 0 0 0 0 0 0 0 0 3 0 0 0 0 0 0 0 0 0 0 17 0 0 0 0 0 0 0 0 0 0 0 0 0 0 0 1 0 0 0 0 0 0 0 0 0 0 0 0 0 0 21 0 1 0 17 0 0 0 0 0 0 2 51 29 40 56 4 0 25 22 0 19 27 0 31 13 21 28 1 0 0 0 0 0 0 0 0 0 0 13 0 0 0 21 0 0 0 0 0 11 0 0 0 0 1 0 0 0 0 0 0 12 0 0 0 0 0 0 0 0 0 0 0 0 0 0 0 0 0 0 0 0 0 0 0 0 0 0 0 0 0 0 17 0 0 0 0 1 0 2 2 1 12 0 0 0 0 0 0 0 0 0 0 0 0 0 0 0 0 0 0 0 0 0 1 0 0 0 1 0 0 0 0 0 0 0 0 0 0 0 0 
 38 190 211 34 55 51 22 347 233 156 541 159 41 140 46 298 0 190 251 34 3 5 3 3 0 3 0 0 0 0 0 0 3 0 2 5 0 1 77 6 0 2 3 0 0 3 0 0 0 0 0 3 0 0 5 14 5 0 6 0 0 4 0 0 6 0 0 0 6 2 0 0 0 2 3 4 0 2 0 3 3 9 30 15 0 34 0 0 30 0 20 13 6 0 38 0 10 12 28 1 0 0 0 0 0 0 8 8 0 0 0 0 14 13 0 0 0 0 8 0 0 0 0 0 0 12 0 0 0 0 0 0 0 0 1 0 0 0 0 0 0 0 0 0 0 0 0 0 0 0 0 0 0 0 0 0 0 0 0 0 14 38 23 6 46 0 29 46 7 15 16 21 0 0 13 21 14 0 0 0 0 0 0 0 0 0 8 0 11 8 19 0 33 10 0 0 0 0 18 0 0 0 0 2 0 0 0 0 7 0 0 0 0 2 0 0 0 0 0 0 0 0 0 0 0 0 0 0 0 0 0 11 0 0 0 0 0 0 0 0 0 0 0 0 0 0 1 0 0 1 0 16 0 0 0 0 0 0 0 0 0 0 0 0 0 0 0 0 0 0 0 0 0 0 0 0 0 14 0 0 0 0 0 0 0 0 0 0 0 0 
 122 31 256 88 45 57 25 106 50 46 176 505 35 36 134 36 190 0 44 57 82 3 3 5 0 5 0 0 0 0 0 18 1 0 2 0 0 5 106 2 0 5 0 5 5 4 1 0 0 3 0 0 0 1 0 3 0 4 4 0 0 0 0 0 2 0 0 0 0 2 3 0 5 0 3 0 0 2 10 2 0 0 1 0 23 22 0 0 11 9 11 0 21 0 17 0 0 46 0 0 13 0 10 0 0 0 16 1 0 19 0 0 0 0 0 1 10 0 0 0 0 0 0 0 0 0 0 0 0 0 0 0 0 0 0 0 0 0 0 0 0 0 0 0 0 0 0 0 0 0 0 0 0 0 0 0 0 0 0 0 14 17 20 9 0 0 14 15 0 15 0 0 0 0 0 14 0 8 0 0 0 9 0 0 0 0 0 24 0 0 0 0 0 0 0 0 19 0 14 32 0 0 0 0 0 0 0 0 0 0 0 0 0 0 0 0 0 0 5 0 0 3 0 0 0 42 1 5 0 0 0 0 0 0 0 0 0 0 0 0 0 0 0 0 0 0 92 0 87 5 12 25 0 0 0 0 0 0 0 0 0 0 0 0 0 1 0 0 0 0 0 0 0 2 0 0 24 14 0 0 0 0 0 0 0 0 0 0 0 0 
 27 133 44 175 66 33 145 360 52 35 266 51 312 180 347 70 251 44 0 516 3 3 3 3 0 3 0 0 0 0 1 0 3 0 2 0 1 0 0 0 0 2 0 0 0 3 0 62 0 0 0 0 2 0 0 0 1 77 3 0 0 0 0 0 0 0 0 0 0 2 0 0 0 0 3 0 0 2 0 3 23 0 7 0 0 0 1 17 23 0 0 0 0 70 0 14 1 0 10 0 0 0 0 0 0 0 0 0 2 0 0 0 0 0 0 0 2 0 0 0 0 0 0 0 0 0 0 0 0 2 1 0 0 2 0 0 0 0 0 0 0 16 8 0 0 0 0 0 2 0 0 0 0 0 0 0 0 0 0 0 14 0 15 0 0 0 10 0 10 0 2 1 9 11 7 14 15 0 44 17 0 0 11 0 0 0 0 0 0 0 0 0 0 0 0 0 0 0 0 0 0 0 0 0 0 0 0 0 0 0 0 0 0 0 0 0 0 0 0 0 0 0 0 0 0 0 0 0 2 0 0 0 0 0 0 0 0 0 0 0 0 0 0 0 0 0 0 0 0 1 2 2 0 0 0 0 0 0 0 0 0 0 9 0 0 0 0 0 0 0 0 0 0 0 0 0 0 0 0 0 0 0 0 0 0 2 0 0 0 0 
 91 126 130 57 100 49 254 448 180 288 91 30 250 98 180 192 34 57 516 0 4 6 6 3 0 3 0 3 0 0 2 0 5 3 2 1 2 2 0 1 0 2 2 0 1 3 2 0 2 1 62 0 5 3 3 0 0 3 3 0 3 2 0 2 4 5 0 0 2 4 0 0 0 0 3 2 0 2 0 3 20 0 18 0 12 0 24 13 20 18 0 0 12 44 10 52 28 0 6 11 0 0 0 0 0 0 0 0 0 0 0 0 0 0 0 0 0 0 0 0 0 0 0 0 0 0 0 0 0 0 0 0 0 0 0 0 0 0 0 0 0 0 5 0 0 0 0 0 0 0 0 0 0 0 0 0 0 0 0 0 31 23 12 0 0 0 31 0 18 0 0 0 12 44 22 0 7 14 22 26 0 0 0 0 0 0 0 0 0 0 0 0 0 0 0 0 0 0 0 0 0 0 0 0 0 0 0 0 0 0 0 0 0 11 0 0 0 0 0 0 0 0 0 0 0 0 0 0 0 0 0 0 0 0 0 0 0 0 0 0 0 0 0 0 0 2 2 0 2 0 0 6 0 0 0 0 0 0 0 0 0 0 0 0 0 0 0 0 0 0 0 0 0 1 0 0 0 0 0 0 0 0 0 0 0 0 0 0 0 0 
 3 3 4 3 76 76 81 3 3 79 84 3 3 4 3 4 3 82 3 4 0 657 131 141 46 72 220 55 132 170 114 338 51 480 139 172 96 26 33 120 1 0 0 3 0 3 3 1 0 2 5 0 0 0 5 0 0 1 0 1 44 0 0 0 3 0 0 0 0 0 0 7 0 0 3 0 0 4 2 0 0 0 0 14 19 3 0 0 0 0 0 5 1 0 2 0 0 20 0 0 12 9 2 27 19 26 0 8 20 32 0 28 48 30 0 30 26 32 67 0 0 0 0 0 0 0 0 0 0 0 0 0 58 0 0 0 0 0 0 4 0 0 0 0 0 0 0 6 4 0 8 0 7 0 0 4 0 0 0 0 0 0 5 15 0 0 0 0 0 0 0 0 0 0 0 0 0 0 0 0 10 22 45 29 0 9 0 31 36 4 13 0 0 40 63 35 1 11 10 24 0 0 0 0 10 0 0 0 0 0 0 0 19 0 0 0 0 0 3 0 0 0 0 0 0 0 0 0 2 0 0 0 0 0 0 0 0 0 0 0 0 0 0 0 0 0 30 0 2 24 0 0 0 0 9 0 0 111 0 2 4 0 0 0 0 0 0 0 0 0 0 0 0 0 0 0 0 0 0 0 0 0 0 0 0 0 14 0 0 0 
 3 5 3 3 202 129 4 3 3 3 3 3 3 2 3 3 5 3 3 6 657 0 255 284 119 109 272 196 59 134 134 261 356 172 72 220 128 34 125 284 0 0 0 1 0 65 4 2 0 2 13 1 0 0 3 13 0 0 0 0 0 0 0 0 3 0 0 0 0 0 0 2 0 0 3 0 0 3 2 0 0 0 0 0 24 15 0 0 0 2 1 27 0 0 1 0 0 0 0 0 16 42 14 20 1 0 0 25 8 12 1 19 3 11 17 32 19 10 19 17 0 0 1 2 0 0 0 0 0 0 0 0 0 0 0 0 0 0 0 8 0 0 0 1 0 0 1 3 0 0 0 0 9 0 0 6 0 0 0 0 0 0 24 0 0 15 0 0 0 0 0 0 0 0 0 0 0 0 2 0 19 0 12 34 0 8 14 42 40 0 0 2 7 43 14 19 0 0 28 13 0 10 0 0 2 0 0 0 0 0 0 0 8 0 0 0 1 0 11 0 0 0 0 0 0 0 2 0 0 0 0 0 0 0 0 0 0 0 0 0 0 0 0 0 0 0 74 0 0 74 0 0 0 0 4 0 2 42 0 2 2 0 0 0 0 0 0 0 0 0 0 0 0 0 0 0 0 0 0 0 0 17 0 0 0 0 12 0 0 0 
 5 5 4 5 25 77 3 3 3 3 3 3 3 2 3 3 3 3 3 6 131 255 0 183 96 274 51 144 195 301 77 178 73 81 53 195 143 113 50 325 0 75 0 0 0 3 33 2 0 2 8 1 63 64 3 0 0 1 65 62 0 0 0 0 3 0 0 0 0 5 0 2 0 0 3 0 20 0 2 0 0 0 0 0 0 17 0 0 0 0 0 0 0 0 0 0 0 0 0 0 15 32 17 11 23 0 17 11 44 11 1 33 7 11 14 10 2 16 14 11 0 0 0 0 0 0 10 0 7 1 0 0 0 0 0 0 0 0 41 34 0 0 0 0 0 0 0 3 2 0 0 0 22 0 0 1 0 1 1 0 0 0 0 0 0 0 5 0 0 0 0 0 0 0 0 22 1 0 0 0 20 27 29 23 0 50 15 19 0 7 42 14 14 34 2 20 0 25 0 0 24 10 0 0 0 0 0 0 0 1 0 1 15 0 0 0 8 0 26 25 0 0 0 0 0 0 0 0 0 0 0 0 1 0 0 0 0 0 0 0 0 0 0 0 0 0 0 0 0 0 0 0 0 0 5 0 0 0 2 1 17 0 0 0 0 0 0 0 0 0 0 0 0 0 0 0 0 0 0 12 0 15 0 0 0 13 0 0 0 0 
 3 3 3 4 3 3 3 5 3 3 5 3 4 205 3 4 3 5 3 3 141 284 183 0 176 453 61 251 396 186 84 272 373 86 357 304 111 202 84 151 0 1 0 0 5 3 3 2 0 2 6 0 0 0 3 1 1 3 0 5 0 0 0 0 3 0 0 0 0 0 0 6 0 0 3 0 0 1 2 0 0 0 0 0 0 0 0 0 0 0 0 0 0 0 0 0 0 2 0 0 0 0 14 20 38 11 0 0 38 17 14 35 7 0 7 10 10 12 0 6 9 0 0 0 0 0 12 0 0 1 0 0 0 0 18 0 0 0 18 39 0 0 0 0 0 1 0 0 0 2 0 0 0 3 0 0 0 0 0 0 0 2 0 0 0 0 10 0 0 0 0 0 0 0 1 7 0 0 0 31 12 34 18 0 20 57 0 11 13 33 27 31 7 25 31 28 0 1 1 2 0 0 0 0 0 0 0 0 0 0 0 0 0 15 23 0 0 0 31 26 0 0 0 0 0 0 0 0 0 0 0 0 0 0 0 0 0 0 0 0 0 0 11 0 0 0 0 0 0 0 0 0 0 0 9 2 4 3 0 2 2 18 0 0 0 0 0 0 0 0 0 10 0 0 0 0 0 0 0 0 0 0 0 0 0 0 1 0 0 0 
 1 0 0 0 0 2 75 0 0 0 0 1 0 1 213 0 0 0 0 0 46 119 96 176 0 178 36 80 222 154 266 202 113 76 111 177 75 129 82 79 21 65 0 0 0 3 65 65 62 2 3 0 0 0 65 1 1 0 6 73 0 0 0 0 3 0 0 0 0 0 0 2 0 0 3 0 9 0 2 0 0 0 0 0 2 0 0 0 0 0 2 0 0 0 0 0 0 0 0 0 0 0 10 7 26 35 0 0 0 10 0 12 0 0 0 0 0 8 20 22 12 16 14 0 0 0 0 29 56 15 0 13 22 13 16 12 11 9 69 18 0 0 0 0 0 0 0 0 0 0 0 0 0 0 0 0 0 0 0 0 13 0 0 0 0 0 0 0 0 0 0 0 0 0 0 0 3 8 0 0 0 0 0 0 2 0 0 0 0 20 24 23 0 0 0 0 0 0 0 0 0 10 0 0 0 0 16 30 37 4 0 0 13 1 29 11 0 12 23 40 0 0 0 0 0 0 0 0 0 0 0 0 0 0 0 0 0 0 0 0 0 0 0 0 0 0 0 0 0 0 0 0 0 2 12 0 0 2 44 4 2 14 0 0 0 0 0 0 0 0 0 0 0 0 0 0 0 0 0 0 0 0 0 0 0 0 0 16 0 2 
 3 3 3 7 3 3 3 3 3 3 3 3 3 4 3 4 3 5 3 3 72 109 274 453 178 0 61 88 135 120 250 139 44 53 139 211 64 171 64 61 0 0 0 0 0 3 3 1 0 2 3 0 0 61 3 1 1 1 33 23 0 0 0 0 3 0 0 0 0 0 0 6 0 4 3 0 0 4 2 0 0 0 0 0 0 0 0 0 0 0 0 0 0 0 0 0 0 0 0 0 0 0 14 0 41 84 0 4 52 37 0 35 0 0 18 0 0 33 0 0 80 10 8 0 0 0 10 0 0 0 0 0 9 1 77 0 20 0 14 89 0 0 14 0 0 0 0 0 0 0 0 0 0 2 0 0 0 0 0 0 0 0 0 0 0 0 5 0 0 0 0 0 0 0 0 39 1 0 0 0 0 38 25 0 43 52 0 12 22 20 53 3 0 7 0 17 0 49 0 10 0 0 0 0 0 0 22 0 0 4 0 24 0 0 23 9 0 20 46 54 0 0 0 0 0 0 0 0 0 0 0 0 0 0 0 0 0 0 0 0 0 0 0 0 0 0 0 0 0 0 0 0 0 0 4 0 1 73 1 7 12 11 0 0 0 0 0 0 0 0 0 0 0 0 0 0 0 0 0 13 0 1 0 0 0 14 13 23 0 0 
 0 0 0 0 247 167 0 0 1 1 1 0 0 1 0 0 0 0 0 0 220 272 51 61 36 61 0 157 200 108 104 47 173 466 65 122 379 244 167 317 0 0 0 0 65 3 43 1 0 2 8 0 0 0 3 0 0 0 0 0 0 0 0 0 3 0 0 47 53 0 0 2 0 0 3 0 0 7 2 0 0 0 0 5 59 14 0 0 0 0 0 35 0 0 0 0 0 0 0 0 0 37 16 0 4 11 0 18 8 52 1 23 12 2 11 23 14 27 40 39 0 0 0 0 0 0 10 0 0 0 0 0 0 0 0 0 0 0 0 0 0 0 0 10 0 0 13 0 0 2 0 0 0 0 0 4 0 0 0 0 0 0 3 0 0 17 0 0 0 0 0 0 0 0 0 0 0 13 0 0 9 0 2 0 14 0 39 34 56 0 0 0 13 33 0 33 0 19 5 24 0 0 0 0 0 0 0 0 0 0 0 0 0 0 0 0 0 0 1 0 0 0 0 0 0 0 0 0 0 0 0 0 0 0 0 0 0 0 0 0 0 0 0 0 0 0 162 0 0 75 0 0 0 0 0 0 2 76 0 0 2 0 0 0 0 0 18 0 0 0 0 0 0 0 0 0 0 0 0 0 0 12 0 0 0 0 15 0 0 0 
 2 0 3 9 93 73 0 0 0 5 2 0 0 0 0 0 0 0 0 3 55 196 144 251 80 88 157 0 225 200 144 252 191 108 200 273 292 25 69 126 0 1 4 0 0 3 70 2 0 2 3 0 0 0 3 0 0 0 0 1 0 0 0 0 3 0 0 0 0 0 0 2 0 0 3 0 0 0 2 0 0 0 0 0 14 0 0 0 0 0 0 0 0 0 0 0 0 2 0 18 1 10 22 37 10 0 13 0 15 24 18 13 18 26 1 42 0 25 15 17 0 0 0 0 0 0 8 1 0 0 0 0 0 1 0 0 0 0 0 13 0 0 0 1 0 0 3 0 0 2 13 0 3 0 0 4 0 0 0 0 0 2 0 0 0 8 23 0 0 0 0 0 0 0 1 5 0 0 0 0 30 34 20 24 14 0 26 10 28 0 13 13 8 21 26 0 7 0 6 12 0 0 0 0 0 0 0 0 0 0 0 0 0 0 1 0 0 0 0 0 0 0 0 0 0 0 15 15 13 0 0 0 0 1 0 0 0 0 0 0 0 0 10 0 0 0 0 0 0 0 0 0 0 0 8 2 0 0 1 0 13 0 0 0 0 0 0 0 0 0 0 0 0 0 0 0 0 0 0 0 0 0 0 0 0 0 0 0 0 0 
 0 0 1 1 0 0 5 0 0 0 1 0 2 0 0 2 0 0 0 0 132 59 195 396 222 135 200 225 0 148 194 301 81 298 665 138 128 552 175 491 0 2 3 0 0 5 66 1 3 4 4 0 3 0 3 0 4 5 0 1 0 40 0 0 3 2 0 1 0 0 0 3 1 0 5 0 4 0 2 0 0 0 0 0 0 0 0 0 0 0 0 0 0 0 0 0 0 1 0 0 0 0 0 21 42 33 0 0 21 29 100 32 4 0 21 1 40 16 11 8 1 0 0 0 0 0 0 0 0 0 0 0 49 0 0 0 0 0 34 16 9 2 0 0 0 0 0 0 0 2 1 0 0 8 0 0 0 0 0 0 0 1 0 0 0 0 35 3 7 0 0 0 0 0 2 0 0 0 0 0 15 18 57 1 21 34 1 0 8 55 21 11 14 0 14 26 47 8 0 0 13 0 0 0 0 0 0 0 12 0 0 0 0 24 4 0 0 0 13 1 0 0 0 11 0 0 0 0 0 11 0 0 0 0 14 0 15 0 0 0 0 0 3 0 0 2 0 0 0 1 0 0 0 0 2 0 0 76 0 4 1 12 0 0 0 0 0 2 0 0 0 0 0 0 0 0 0 0 0 0 0 0 0 0 0 0 0 0 0 0 
 0 0 0 6 74 75 0 0 0 0 0 0 0 0 74 1 0 0 0 0 170 134 301 186 154 120 108 200 148 0 87 122 92 72 199 192 83 347 102 177 0 1 3 5 0 3 65 1 3 5 3 0 0 0 5 2 0 2 1 92 0 3 3 3 6 0 0 3 3 3 3 2 0 6 6 3 7 0 2 1 0 0 0 0 41 0 0 0 0 0 0 0 0 0 0 0 0 0 0 0 12 0 0 29 33 0 0 9 9 21 10 4 9 9 20 12 27 13 0 10 12 0 0 0 0 0 20 0 8 0 0 0 0 22 0 26 0 0 10 0 0 3 0 0 0 0 0 6 3 0 23 0 2 0 0 0 0 0 0 0 0 0 0 2 0 0 0 0 0 0 0 0 0 0 2 3 0 0 0 0 10 16 24 0 8 0 31 0 11 17 1 22 4 30 17 13 0 12 11 0 8 11 0 0 0 27 0 0 0 0 0 0 19 7 0 0 0 0 16 9 0 0 0 0 0 0 0 0 0 0 0 0 0 0 0 0 0 0 0 0 0 0 45 0 0 2 0 0 0 0 0 0 0 0 6 0 0 3 1 0 5 0 3 2 0 0 0 0 0 0 0 0 0 0 0 0 0 0 0 0 0 14 0 0 0 0 0 0 0 0 
 2 1 3 10 0 1 2 0 0 2 0 0 1 3 3 0 0 0 1 2 114 134 77 84 266 250 104 144 194 87 0 195 33 55 60 243 106 69 238 355 0 0 0 0 0 3 73 2 0 8 3 0 0 0 5 1 1 2 5 63 0 0 0 0 3 0 0 0 0 0 0 9 1 0 3 0 0 6 9 0 0 0 0 0 0 0 0 0 0 0 0 0 0 0 0 0 0 0 0 0 0 9 0 0 20 18 0 10 11 4 17 18 1 1 16 0 13 17 1 0 0 17 0 0 0 0 0 12 0 2 0 0 7 19 11 0 0 2 13 19 0 3 0 0 0 0 0 3 5 0 3 0 2 13 0 0 0 0 0 0 5 0 0 0 0 0 0 0 8 0 0 0 0 0 0 0 3 1 0 0 1 26 11 1 1 18 13 1 13 7 9 15 0 4 14 21 15 7 0 3 8 0 0 0 0 0 3 20 0 21 0 0 22 0 14 0 0 0 11 29 0 0 0 0 0 0 0 0 0 0 0 0 0 0 0 0 0 0 0 0 0 0 0 0 0 0 0 0 0 0 0 0 0 1 7 1 2 43 74 0 8 0 0 0 0 0 0 0 0 0 0 0 0 0 0 0 0 20 0 0 0 10 0 0 0 0 15 0 0 0 
 0 0 0 0 0 0 0 2 0 0 2 4 0 0 0 0 0 18 0 0 338 261 178 272 202 139 47 252 301 122 195 0 256 44 383 110 77 87 30 86 62 90 6 0 0 5 36 5 0 5 5 0 0 1 66 0 6 1 0 62 0 0 0 0 3 2 2 0 0 0 0 3 3 0 6 3 3 0 2 0 0 0 0 0 0 0 0 0 0 0 0 0 0 0 0 0 0 0 0 0 12 0 0 22 0 8 0 11 0 0 7 0 69 1 0 9 24 0 0 0 16 2 38 0 0 0 5 24 23 26 7 0 16 15 12 0 12 10 18 0 0 1 0 0 0 1 0 9 4 0 4 0 3 9 0 0 0 0 0 0 11 0 0 1 0 2 0 0 0 0 0 0 0 0 0 0 32 4 0 0 2 31 22 5 21 0 12 0 0 0 0 82 0 9 26 12 8 17 0 0 0 21 0 0 0 0 11 57 10 6 0 0 23 0 23 14 0 16 4 25 0 0 0 0 0 0 0 0 0 0 0 0 0 0 0 0 0 0 0 0 0 0 41 0 0 0 0 0 0 0 0 0 0 0 14 1 0 4 39 4 0 0 0 0 0 0 0 0 0 0 0 0 0 0 0 0 0 0 0 0 0 11 0 0 0 0 0 10 0 0 
 5 2 24 77 75 77 2 4 2 93 2 2 4 2 3 5 3 1 3 5 51 356 73 373 113 44 173 191 81 92 33 256 0 177 534 67 192 124 177 149 0 62 10 0 0 3 3 0 0 2 3 0 0 0 8 0 0 2 0 0 0 0 0 0 39 0 0 65 0 0 0 2 0 0 3 0 0 0 2 0 0 0 0 10 13 18 0 0 9 9 9 7 0 0 0 0 0 1 0 0 23 0 1 29 12 0 22 0 17 10 24 4 0 10 44 0 7 0 13 23 0 0 0 0 0 0 0 0 0 0 0 0 0 14 0 0 0 0 10 0 0 0 0 0 0 5 1 0 0 8 0 0 0 0 0 0 0 0 10 0 0 2 1 0 0 0 0 19 0 0 12 1 0 0 0 0 12 13 0 0 23 40 50 11 32 39 12 0 19 11 0 26 108 25 3 9 10 24 34 0 0 0 0 0 0 0 0 0 0 0 0 0 2 0 2 0 0 0 0 0 0 0 0 0 0 0 0 1 0 0 0 0 0 0 0 0 0 1 0 0 0 0 0 0 0 2 73 0 0 0 0 0 9 0 2 0 1 0 17 0 1 0 0 0 0 0 0 0 0 0 0 0 0 0 0 24 0 0 0 0 0 0 0 0 11 0 0 0 0 0 
 0 0 0 0 127 65 5 0 0 1 2 0 1 0 2 1 0 0 0 3 480 172 81 86 76 53 466 108 298 72 55 44 177 0 194 47 107 31 213 166 0 0 0 0 0 3 65 2 0 2 9 0 0 0 70 0 0 2 0 0 0 0 0 0 3 0 0 0 0 0 0 2 0 0 3 0 0 0 2 0 0 0 0 0 28 14 0 0 0 0 0 1 0 0 0 0 0 2 0 0 13 30 29 0 0 20 0 23 0 29 21 1 21 17 25 8 0 31 77 35 0 0 0 0 0 0 0 0 0 0 0 0 12 0 0 0 0 0 0 1 0 0 0 4 0 2 3 0 4 2 0 0 2 0 0 7 0 0 0 0 0 2 0 1 0 8 0 2 0 0 0 0 0 0 0 0 0 0 0 0 17 12 12 41 23 0 14 9 11 11 0 0 8 0 9 24 11 13 0 17 0 0 0 0 0 15 0 1 18 0 0 0 0 0 1 0 0 27 0 0 0 0 0 0 0 0 0 13 0 0 0 0 0 11 0 0 0 0 0 0 0 0 0 0 0 0 97 0 0 1 0 0 0 0 5 0 0 76 0 3 0 0 0 0 0 0 18 0 0 0 0 0 0 0 0 0 0 0 0 0 0 12 0 0 0 0 0 0 0 0 
 2 2 2 2 78 2 2 2 2 2 2 4 2 3 2 2 2 2 2 2 139 72 53 357 111 139 65 200 665 199 60 383 534 194 0 313 121 114 105 142 0 1 7 0 0 208 31 2 0 2 3 0 0 0 3 0 0 1 1 0 0 0 0 0 6 0 0 48 0 0 3 6 0 0 3 0 0 0 2 0 0 0 10 0 0 0 0 0 0 0 0 60 0 0 11 0 0 1 0 3 13 15 14 6 33 0 0 1 38 1 37 0 12 0 44 17 4 47 43 21 0 0 0 0 0 0 1 0 0 0 0 0 0 0 0 0 0 0 0 6 0 0 0 0 0 1 8 0 0 3 0 0 0 0 0 4 0 0 0 0 0 0 0 2 0 17 0 5 0 0 0 1 0 0 2 0 0 15 0 0 16 18 31 40 54 13 0 60 13 8 11 17 41 19 14 44 37 19 0 14 0 0 0 0 0 19 0 0 0 0 0 0 0 0 0 0 0 0 6 0 0 0 2 9 0 0 0 14 0 0 0 0 0 0 0 0 0 0 0 0 0 0 0 0 0 0 80 0 0 0 0 0 0 0 6 0 2 2 78 1 3 0 0 0 0 0 0 0 0 0 0 0 0 0 0 0 0 0 0 0 0 0 0 0 0 0 0 0 0 0 
 0 0 0 0 74 77 56 0 0 2 0 0 0 0 0 0 5 0 0 1 172 220 195 304 177 211 122 273 138 192 243 110 67 47 313 0 139 125 241 62 0 2 3 0 0 3 5 1 0 2 3 0 0 0 3 0 1 2 0 1 0 0 0 0 3 0 0 0 0 0 0 7 0 0 3 0 0 4 2 0 0 0 0 0 13 0 0 0 0 0 0 0 0 0 0 0 0 0 0 0 0 0 1 15 57 9 0 2 55 21 40 47 0 15 19 0 20 1 0 10 1 0 0 0 0 0 12 0 0 0 0 0 12 0 0 0 0 0 9 11 0 11 0 0 0 0 0 2 0 0 3 0 0 3 0 0 0 0 0 0 0 0 0 0 0 0 3 0 0 0 0 0 0 0 0 2 0 0 0 0 9 10 16 1 21 28 37 35 26 23 11 23 20 28 23 71 29 17 9 11 8 0 0 0 0 0 0 0 0 0 5 0 0 23 0 0 0 0 9 1 0 0 0 0 0 0 0 0 0 13 2 0 0 0 0 0 0 0 0 1 0 0 3 0 0 0 1 0 0 0 0 0 0 0 6 2 2 76 0 0 1 0 0 0 0 0 0 0 0 0 0 0 0 0 0 0 2 0 0 0 0 10 0 4 0 0 14 0 0 0 
 1 0 1 4 21 2 1 1 1 0 1 1 0 0 4 1 0 0 1 2 96 128 143 111 75 64 379 292 128 83 106 77 192 107 121 139 0 189 35 163 0 41 5 4 8 3 71 4 0 2 5 0 4 0 16 208 10 2 0 2 0 10 4 0 9 5 6 0 6 3 0 2 0 0 3 4 3 1 6 0 0 0 0 0 0 0 2 18 0 0 0 11 0 0 0 0 0 0 0 0 11 24 0 3 9 8 13 24 18 1 14 19 15 29 44 3 4 66 63 19 0 0 0 1 0 0 0 0 0 0 0 0 13 0 0 0 0 0 1 20 0 0 0 3 0 0 7 0 1 0 0 0 7 0 0 34 0 0 2 0 0 0 0 0 2 11 9 4 0 2 0 0 0 0 0 1 0 0 9 0 36 29 15 46 44 45 2 37 5 37 20 26 2 18 7 19 14 56 0 18 0 0 0 0 0 0 0 0 0 0 0 2 0 2 0 0 0 0 0 0 0 0 0 0 0 0 19 0 0 0 0 0 2 0 0 0 0 1 0 0 0 0 0 0 0 0 27 0 0 0 0 0 0 0 11 3 4 74 78 0 0 0 0 0 0 0 18 0 0 0 0 0 0 0 0 0 0 0 0 0 0 0 0 0 0 0 0 0 0 0 
 0 0 0 0 1 0 0 0 0 0 0 0 0 1 0 0 1 5 0 2 26 34 113 202 129 171 244 25 552 347 69 87 124 31 114 125 189 0 39 113 0 62 68 1 0 3 32 2 69 2 3 0 0 64 3 0 0 2 0 85 0 0 0 0 3 0 0 0 0 0 1 2 6 0 3 0 3 1 2 0 0 0 0 0 0 0 0 7 0 0 0 0 0 0 0 0 0 9 0 0 0 0 14 17 51 20 14 0 49 14 0 28 0 0 17 1 0 0 11 0 28 0 0 0 0 0 0 0 8 1 0 0 1 0 30 0 0 0 15 44 0 1 0 0 0 0 0 0 1 1 0 0 0 0 0 0 0 0 10 0 0 0 0 0 0 0 9 3 0 0 0 0 0 0 0 6 0 0 0 0 12 66 21 0 87 59 0 1 0 27 39 77 0 19 0 14 14 67 0 1 18 10 0 0 0 0 2 0 0 9 0 0 0 0 13 0 0 0 13 32 0 0 0 0 0 0 0 0 0 0 0 0 0 0 0 0 0 0 0 0 0 0 0 0 0 2 0 0 0 0 0 0 2 0 7 0 0 0 3 3 2 17 0 0 0 2 0 0 0 0 0 0 0 0 0 0 0 0 0 11 0 0 0 0 0 11 0 1 0 0 
 0 0 95 2 148 74 0 0 67 95 156 0 0 0 0 73 77 106 0 0 33 125 50 84 82 64 167 69 175 102 238 30 177 213 105 241 35 39 0 334 0 0 0 4 0 3 6 2 0 4 101 0 0 0 68 0 0 2 0 0 0 0 0 0 3 0 0 53 0 0 2 2 0 0 3 6 0 1 2 0 0 0 2 0 30 1 0 0 10 0 9 9 0 0 8 0 0 41 0 0 16 3 26 7 0 0 12 7 0 22 24 0 10 0 12 12 14 1 40 5 0 6 0 0 0 0 1 0 0 0 0 0 0 0 0 0 0 0 0 0 0 0 0 0 0 6 1 0 0 8 0 0 0 0 0 0 0 0 0 0 0 11 10 20 0 13 0 3 2 0 11 12 0 0 0 18 27 19 0 0 0 0 1 9 28 0 0 10 8 0 0 0 27 0 0 14 24 23 10 13 0 0 0 0 9 0 0 0 0 0 0 0 0 0 0 0 0 0 0 0 0 0 0 0 0 0 0 26 0 0 0 0 0 0 0 0 0 0 0 0 0 0 0 0 0 0 111 0 72 0 1 0 0 0 12 2 0 0 0 4 2 0 0 0 0 0 0 0 0 0 0 0 0 0 0 0 0 0 0 0 0 0 0 0 0 0 0 0 0 0 
 0 0 154 64 95 114 0 0 0 1 10 0 0 3 79 26 6 2 0 1 120 284 325 151 79 61 317 126 491 177 355 86 149 166 142 62 163 113 334 0 0 33 4 0 2 3 5 1 0 2 5 0 0 5 3 0 3 2 2 0 5 5 0 3 5 0 0 2 0 3 0 2 0 0 3 0 2 3 2 0 0 0 30 0 12 4 0 0 0 10 0 1 0 0 0 0 0 0 0 0 73 11 22 0 0 10 14 9 15 7 0 12 0 10 35 10 0 12 23 7 0 0 0 0 0 0 0 0 0 0 0 0 0 0 0 0 0 0 0 0 0 0 0 11 0 1 0 0 0 6 0 0 0 0 0 0 0 0 0 0 2 0 7 19 0 2 0 1 27 0 1 22 0 0 0 0 13 0 0 0 25 10 3 21 16 10 13 35 35 0 0 0 15 16 15 10 14 19 76 16 0 1 0 0 0 0 0 0 0 0 0 0 0 0 0 0 0 0 0 0 0 0 2 0 0 0 0 15 0 0 0 0 0 0 0 0 0 0 0 0 0 0 0 0 0 0 1 0 74 0 0 0 0 0 10 0 0 122 105 2 2 0 0 0 0 0 12 0 0 0 0 0 0 0 0 0 0 0 0 0 0 0 0 4 0 0 15 0 0 0 
 0 0 0 0 0 0 0 0 0 0 2 0 0 0 0 0 0 0 0 0 1 0 0 0 21 0 0 0 0 0 0 62 0 0 0 0 0 0 0 0 0 136 170 71 519 123 38 332 127 69 37 239 49 91 139 59 239 52 116 43 0 0 0 0 0 3 0 2 0 0 0 0 2 0 0 2 0 3 51 0 0 0 0 0 0 0 0 0 0 0 9 0 0 0 0 0 0 4 0 1 0 0 0 0 0 0 0 0 0 0 0 0 0 0 0 0 0 0 0 0 10 5 16 0 8 0 4 8 0 0 22 28 10 9 50 25 10 33 0 0 0 0 0 3 0 0 0 0 0 0 0 0 0 0 0 0 0 0 0 0 0 0 0 9 0 0 0 0 0 0 0 0 0 3 0 0 0 0 0 0 0 0 0 0 0 0 0 0 0 0 0 0 0 0 0 4 0 0 0 0 17 20 0 7 8 10 20 17 0 0 8 10 57 5 20 16 12 13 0 11 0 0 0 0 0 0 0 0 0 0 0 0 0 0 0 0 0 0 2 0 0 0 0 0 0 0 0 0 0 0 0 0 0 0 0 0 0 0 0 0 0 0 0 37 1 21 2 0 0 0 3 0 0 0 0 0 0 0 0 0 0 0 0 0 10 0 0 11 0 18 
 2 2 5 2 2 2 3 6 3 3 3 3 2 3 2 2 2 5 2 2 0 0 75 1 65 0 0 1 2 1 0 90 62 0 1 2 41 62 0 33 136 0 164 283 52 44 273 169 189 39 38 147 79 55 90 116 177 46 64 49 0 0 0 1 0 0 0 2 3 7 0 0 1 0 26 5 0 0 12 5 0 0 0 0 0 0 0 0 0 0 0 0 0 0 0 0 0 8 0 0 9 0 0 0 0 13 14 0 7 0 0 0 0 0 28 0 0 0 0 0 9 9 13 45 0 0 6 53 5 16 0 13 1 1 0 39 11 6 7 0 0 0 0 7 0 0 0 0 0 0 0 0 0 0 0 0 0 3 0 0 0 0 0 0 0 0 0 0 0 0 0 0 0 0 0 0 3 4 0 0 22 0 2 10 0 23 0 19 0 0 0 0 0 20 1 10 0 35 0 0 0 6 13 19 0 0 16 21 32 41 11 11 24 1 12 9 25 0 19 22 0 0 0 0 0 0 14 0 0 0 0 0 7 0 0 0 11 0 8 11 0 0 0 0 0 0 0 0 0 0 0 8 0 2 0 0 0 0 125 0 0 0 0 0 3 4 2 0 2 0 6 0 0 0 0 1 0 0 0 0 0 0 0 0 13 11 0 0 2 0 
 0 0 0 0 0 0 0 0 3 0 0 0 0 4 0 0 3 0 0 2 0 0 0 0 0 0 0 4 3 3 0 6 10 0 7 3 5 68 0 4 170 164 0 429 66 181 83 180 84 160 256 109 286 43 283 335 66 783 485 37 0 0 2 0 0 50 0 0 4 0 0 0 73 0 0 0 0 0 32 1 0 0 0 11 0 0 0 0 0 0 0 0 0 0 0 0 0 0 0 0 0 0 0 7 0 0 0 0 7 0 4 0 0 0 8 0 0 0 0 0 0 0 35 30 0 2 0 0 0 0 12 13 0 0 9 3 0 8 0 0 9 0 0 0 0 7 0 0 0 2 0 0 1 0 21 0 1 0 16 0 0 0 0 0 0 0 0 0 0 0 0 0 0 0 0 0 0 0 0 0 10 4 18 6 7 0 5 0 0 0 0 6 0 0 10 0 18 0 0 0 1 34 7 32 8 14 0 0 7 21 18 9 0 9 8 2 33 0 0 0 6 2 71 0 0 0 47 0 0 0 0 25 32 14 8 7 31 0 8 12 0 0 3 0 0 0 0 0 1 0 0 6 0 1 0 0 0 0 25 2 0 0 65 66 0 23 3 0 2 0 0 0 0 0 0 0 0 0 0 0 0 0 0 0 2 22 0 0 0 0 
 0 0 0 0 42 1 1 0 0 3 7 0 2 2 0 0 0 5 0 0 3 1 0 0 0 0 0 0 0 5 0 0 0 0 0 0 4 1 4 0 71 283 429 0 115 166 74 61 74 130 185 124 284 53 73 38 23 52 85 46 7 0 3 0 0 3 51 1 0 21 0 0 50 2 13 0 0 0 52 24 0 0 0 0 5 0 0 0 0 0 6 0 0 0 6 0 0 9 2 0 0 0 0 0 0 0 0 1 0 6 0 0 1 0 0 1 13 0 1 1 0 0 0 70 7 22 0 0 0 5 18 0 0 0 19 9 0 0 0 0 0 16 1 0 0 0 0 7 0 2 0 3 11 36 34 9 15 43 11 16 0 0 0 8 0 0 0 0 0 0 0 0 0 0 0 0 0 0 0 0 0 0 0 0 0 0 0 0 0 0 0 0 0 0 0 0 0 0 5 6 6 19 0 9 0 19 0 0 0 0 0 3 0 11 9 6 0 0 0 0 19 11 11 0 0 0 0 24 0 3 0 0 9 14 18 6 15 3 6 14 0 0 0 0 0 0 3 0 0 0 0 10 0 0 0 0 0 0 0 10 0 0 64 4 2 7 2 0 0 2 0 0 0 0 0 0 0 0 0 0 0 0 0 0 0 0 0 0 0 0 
 0 1 1 5 1 0 2 2 2 2 2 6 1 4 5 3 0 5 0 1 0 0 0 5 0 0 65 0 0 0 0 0 0 0 0 0 8 0 0 2 519 52 66 115 0 69 255 102 131 148 157 176 69 116 211 172 53 63 83 108 0 0 0 0 0 0 0 17 0 0 0 0 1 49 0 0 0 0 0 2 0 9 0 11 0 0 0 0 0 6 0 0 0 0 0 0 0 0 0 0 0 0 0 0 0 0 0 0 0 0 0 0 0 0 0 0 6 0 0 0 0 0 23 9 6 4 10 3 0 0 14 2 0 0 0 26 1 10 0 0 10 37 0 1 0 0 14 0 0 33 0 7 11 0 1 0 14 0 3 34 3 0 0 21 1 5 0 0 0 0 1 5 0 0 20 0 0 12 0 0 0 0 0 0 0 0 0 0 0 0 0 0 0 0 0 0 0 0 0 0 0 0 11 2 31 7 0 0 7 15 11 12 0 12 0 15 10 0 0 0 0 13 0 0 0 0 0 19 1 15 0 0 7 6 1 26 9 34 18 10 0 7 0 0 0 0 0 0 0 0 0 8 0 1 0 0 0 0 0 2 0 0 1 0 0 3 0 68 3 0 0 0 0 11 0 0 0 0 0 0 0 0 0 0 11 0 0 0 0 0 
 3 3 3 6 46 3 3 3 3 3 3 3 3 1 3 4 3 4 3 3 3 65 3 3 3 3 3 3 5 3 3 5 3 3 208 3 3 3 3 3 123 44 181 166 69 0 233 304 273 47 107 287 39 57 52 58 298 64 40 54 50 0 0 51 0 0 57 1 1 50 0 2 27 49 9 0 51 55 103 73 0 0 0 0 11 0 0 0 0 0 0 0 0 0 0 0 0 0 0 0 0 0 0 0 0 0 0 0 0 0 0 0 0 0 0 0 0 0 0 0 0 0 9 14 7 21 0 0 0 20 27 17 0 0 8 9 0 1 0 0 2 1 0 0 0 0 0 7 0 0 1 0 4 47 24 14 0 3 16 8 0 0 0 0 0 0 0 0 0 0 0 0 0 0 0 0 0 0 0 0 0 0 0 0 0 0 0 0 0 0 0 0 0 0 0 0 0 0 0 0 12 20 19 6 1 10 0 0 0 33 0 9 0 5 16 7 0 5 0 0 28 16 0 0 25 0 1 29 1 0 0 0 0 15 27 0 18 0 7 15 0 0 0 0 0 0 0 0 0 0 0 8 0 0 0 0 0 0 0 1 0 0 0 34 2 22 4 2 0 0 0 0 0 0 0 0 0 0 0 0 0 0 6 0 0 13 0 0 0 0 
 3 3 3 3 62 0 1 1 1 3 1 4 0 4 0 0 0 1 0 2 3 4 33 3 65 3 43 70 66 65 73 36 3 65 31 5 71 32 6 5 38 273 83 74 255 233 0 157 121 300 242 83 146 79 317 110 27 33 108 312 0 0 0 0 0 0 0 50 0 0 0 0 0 0 0 0 7 203 0 0 0 0 0 0 0 0 0 0 0 0 0 11 0 0 0 0 0 0 0 0 0 15 0 0 40 4 0 1 0 0 0 0 0 0 0 0 18 23 0 19 0 4 0 0 0 0 6 20 26 23 0 12 9 4 0 11 0 6 19 0 0 0 0 7 0 0 10 0 0 3 0 0 0 0 0 4 0 0 0 0 6 0 0 0 0 18 0 0 0 0 0 0 0 0 0 0 3 21 0 0 0 0 1 0 0 0 0 23 0 10 10 28 0 0 0 0 0 0 0 14 0 16 0 10 0 0 0 34 33 0 1 0 13 0 12 0 10 0 0 21 0 0 0 0 0 0 0 0 0 0 9 0 0 0 0 5 0 0 0 0 0 0 0 0 0 0 63 0 0 0 0 5 0 1 0 0 0 0 31 1 0 0 3 0 2 0 2 0 2 0 0 0 0 0 0 0 0 0 0 0 0 0 0 0 11 0 0 0 1 0 
 1 1 0 2 0 2 2 2 2 2 0 1 0 2 1 0 0 0 62 0 1 2 2 2 65 1 1 2 1 1 2 5 0 2 2 1 4 2 2 1 332 169 180 61 102 304 157 0 202 129 66 35 178 61 104 47 17 157 68 52 0 0 0 0 0 0 0 0 0 0 0 0 4 0 0 0 0 0 53 1 0 0 0 0 0 0 0 0 0 0 0 0 0 0 0 0 0 0 0 0 0 0 0 0 0 0 0 0 0 0 0 0 0 0 0 0 0 0 0 0 0 0 9 16 7 4 45 8 28 1 8 18 0 19 9 40 4 33 0 1 0 24 0 15 0 0 0 0 1 2 0 0 0 0 0 0 0 0 8 0 0 0 0 0 0 0 0 0 0 0 0 0 0 0 0 0 0 0 0 0 0 0 0 0 0 0 0 0 0 0 0 0 0 0 0 0 0 0 0 0 13 7 0 19 3 12 0 3 13 0 0 1 13 12 58 12 19 0 0 0 0 0 0 0 0 0 0 0 0 0 0 0 1 0 0 1 0 0 0 0 0 0 0 0 0 0 0 0 0 1 0 14 0 0 0 0 0 2 0 0 0 0 1 8 66 6 2 0 0 0 0 0 0 0 0 0 0 0 0 0 0 0 0 0 24 13 0 0 0 0 
 0 0 0 0 0 0 65 0 0 0 0 0 0 1 0 1 0 0 0 2 0 0 0 0 62 0 0 0 3 3 0 0 0 0 0 0 0 69 0 0 127 189 84 74 131 273 121 202 0 169 39 36 201 144 255 141 44 59 158 118 0 0 0 0 0 0 0 0 0 0 0 0 0 0 0 0 0 0 50 0 0 0 0 0 0 0 0 10 0 0 17 0 0 0 0 0 0 0 6 0 0 0 0 0 0 0 0 0 0 0 0 0 0 0 0 0 0 0 0 0 0 2 8 0 34 1 40 25 0 1 56 30 0 25 12 15 14 15 0 0 0 0 0 12 0 0 0 0 9 0 0 0 0 10 0 0 0 0 0 0 0 0 0 0 0 0 0 0 4 0 0 0 0 0 0 0 0 1 0 0 0 0 0 0 0 0 0 0 0 0 0 0 0 0 0 0 0 0 0 0 12 0 11 0 7 9 6 17 10 0 7 20 22 0 15 16 9 9 0 0 10 0 0 0 0 0 0 0 0 0 0 0 0 0 0 0 0 0 0 1 0 0 0 0 0 0 0 0 0 31 0 12 0 20 0 0 0 0 0 0 0 0 66 1 64 0 0 65 0 0 49 0 0 0 0 0 0 0 0 0 0 0 0 0 31 0 0 0 1 0 
 0 0 0 5 0 0 0 0 0 0 0 63 0 2 0 1 0 3 0 1 2 2 2 2 2 2 2 2 4 5 8 5 2 2 2 2 2 2 4 2 69 39 160 130 148 47 300 129 169 0 96 37 340 144 461 177 246 75 317 369 0 0 0 0 2 0 0 0 0 0 0 0 0 0 0 0 0 0 3 0 0 0 0 0 0 0 0 0 0 0 0 0 0 0 0 0 0 0 0 0 0 0 0 0 0 0 26 0 0 0 0 0 0 0 0 0 0 0 0 0 24 20 32 1 29 0 19 0 6 0 40 15 11 0 19 10 13 29 0 0 0 0 0 0 0 0 11 0 0 1 0 4 10 0 0 0 0 0 0 0 0 0 0 0 0 0 0 0 0 0 0 0 0 0 0 0 52 0 0 0 0 0 0 0 0 0 0 0 0 0 0 0 0 0 0 0 0 0 0 0 17 4 0 0 10 10 26 18 0 0 9 20 11 18 1 7 31 0 0 11 0 0 0 0 0 0 12 0 0 0 0 0 48 4 0 0 0 0 0 0 0 0 0 0 0 0 0 0 0 0 0 14 0 2 0 0 0 0 0 2 0 0 3 3 0 2 25 1 0 1 0 0 0 0 0 0 0 0 0 0 0 0 0 0 12 0 0 0 1 0 
 0 0 0 0 14 17 0 0 0 0 2 0 0 3 0 0 0 0 0 62 5 13 8 6 3 3 8 3 4 3 3 5 3 9 3 3 5 3 101 5 37 38 256 185 157 107 242 66 39 96 0 49 53 48 129 315 162 68 47 65 0 0 3 0 0 2 0 56 0 19 1 0 54 0 8 0 0 0 51 54 0 0 0 0 2 10 0 0 0 0 0 0 0 0 0 0 0 0 0 0 7 9 8 0 0 0 0 22 0 4 0 0 18 0 0 11 0 0 11 6 0 19 0 21 14 19 0 0 9 5 0 20 0 0 13 8 0 1 0 8 0 0 1 0 0 0 24 7 0 0 0 4 19 15 34 9 0 52 13 14 0 0 0 2 0 0 0 0 0 0 0 0 0 0 0 0 0 0 0 0 0 1 0 0 0 0 9 3 0 0 0 0 0 0 0 4 0 13 0 2 7 37 0 16 6 8 0 1 0 0 9 18 0 10 1 7 1 0 0 0 19 11 16 0 0 0 11 0 0 0 0 0 11 14 28 2 1 0 0 0 0 0 0 0 0 0 2 0 0 0 0 17 0 0 0 0 0 0 0 1 0 0 6 34 0 20 0 0 0 0 0 0 0 0 0 0 0 0 0 0 0 10 0 0 0 0 0 0 0 0 
 1 0 0 0 0 0 0 2 0 0 0 0 0 1 1 0 3 0 0 0 0 1 1 0 0 0 0 0 0 0 0 0 0 0 0 0 0 0 0 0 239 147 109 124 176 287 83 35 36 37 49 0 104 91 106 71 363 300 57 35 0 0 0 0 0 0 0 55 1 0 1 0 0 97 0 0 0 0 55 102 0 0 0 0 0 0 0 0 0 0 0 0 0 0 0 0 0 0 19 0 0 0 0 0 0 0 0 0 0 0 0 0 0 0 0 0 0 0 0 0 0 16 21 11 7 25 23 0 22 20 3 0 0 0 0 12 1 0 0 0 1 62 0 14 0 0 60 0 0 12 18 27 21 5 21 9 0 0 18 5 0 0 0 19 0 0 0 0 0 0 0 0 2 0 8 0 0 0 0 0 0 0 0 0 0 0 0 0 0 0 0 0 0 0 0 0 0 0 0 0 0 0 0 40 22 3 0 0 27 11 16 17 0 20 10 0 32 1 0 0 13 19 0 0 0 0 1 2 0 0 0 0 24 30 14 17 12 30 24 30 0 0 0 0 0 0 0 0 0 0 0 8 0 0 0 0 0 0 0 9 0 22 3 0 64 3 0 1 0 0 0 0 0 8 0 0 0 0 0 0 0 3 14 0 17 1 0 0 0 0 
 4 33 0 0 0 0 0 4 1 0 0 0 18 4 6 0 0 0 2 5 0 0 63 0 0 0 0 0 3 0 0 0 0 0 0 0 4 0 0 0 49 79 286 284 69 39 146 178 201 340 53 104 0 154 101 246 21 36 281 516 0 0 58 0 0 0 0 0 0 0 0 0 0 0 0 0 0 51 0 0 22 0 5 0 0 0 1 0 0 0 0 0 1 0 0 4 8 0 0 6 0 0 0 0 0 0 0 0 0 0 0 0 0 0 8 0 0 45 0 0 12 16 21 8 42 1 19 26 7 10 0 26 23 27 11 22 18 16 0 0 0 0 0 12 0 0 17 0 0 1 0 0 0 0 0 0 23 1 0 0 0 9 5 0 7 0 10 0 19 0 0 0 4 6 0 0 17 0 3 5 0 0 0 0 0 0 0 0 0 0 0 0 0 0 0 0 0 0 0 0 11 0 32 20 6 9 6 8 8 0 10 0 13 9 3 33 30 23 0 0 0 0 22 0 0 0 0 0 0 0 0 0 16 0 0 0 0 0 0 11 0 0 0 0 0 0 0 0 0 0 0 4 0 2 0 0 0 30 0 0 0 0 4 0 31 3 1 68 0 0 0 0 0 0 3 0 0 0 0 0 0 0 0 0 13 0 0 0 2 0 
 0 0 0 0 0 0 0 0 6 0 0 0 0 5 0 0 0 1 0 3 0 0 64 0 0 61 0 0 0 0 0 1 0 0 0 0 0 64 0 5 91 55 43 53 116 57 79 61 144 144 48 91 154 0 160 98 93 118 414 61 3 0 0 0 2 0 0 0 0 0 0 0 0 0 0 3 0 0 6 0 0 0 0 0 0 0 0 0 0 0 0 0 0 7 0 0 0 0 0 0 0 0 0 0 0 0 1 0 0 6 0 0 0 0 0 0 0 0 0 0 45 0 19 16 11 23 18 0 0 0 0 0 0 0 12 5 7 37 1 48 0 0 0 0 0 0 0 0 0 2 0 0 0 0 0 0 0 0 0 0 0 0 0 0 0 0 0 0 0 0 0 0 0 0 0 0 0 0 0 0 0 0 0 0 0 0 0 0 0 0 0 20 0 0 0 0 0 11 0 0 13 0 23 1 14 7 6 19 9 61 19 15 0 3 0 18 1 0 18 7 0 10 0 0 0 0 0 7 0 0 0 0 9 0 0 0 0 0 11 2 0 0 0 0 0 0 0 0 0 0 0 12 0 2 0 0 0 0 0 0 0 0 0 0 0 0 2 64 0 0 0 0 0 2 0 0 0 0 0 7 0 0 0 0 0 9 0 0 2 0 
 0 0 0 87 0 0 0 0 0 0 0 0 0 2 0 1 5 0 0 3 5 3 3 3 65 3 3 3 3 5 5 66 8 70 3 3 16 3 68 3 139 90 283 73 211 52 317 104 255 461 129 106 101 160 0 160 43 124 300 102 0 0 0 0 3 0 0 2 1 0 0 0 1 0 0 0 0 0 0 203 0 0 0 0 0 0 0 0 0 0 0 0 0 0 0 0 0 0 0 0 0 0 0 0 0 11 0 0 0 0 0 0 0 3 0 0 0 0 0 0 0 13 7 0 18 20 19 10 4 8 4 0 0 14 4 10 10 14 2 3 0 0 0 0 0 0 9 0 0 2 0 0 10 0 0 0 0 0 9 0 0 0 0 0 0 0 0 0 0 0 0 0 0 0 0 0 0 4 0 0 0 0 0 0 0 0 0 0 0 0 1 0 0 0 0 0 0 0 0 0 0 20 30 19 13 5 7 15 5 7 7 3 4 22 0 21 37 0 18 18 0 0 0 0 0 0 20 0 0 0 0 0 9 3 0 1 0 0 0 0 0 0 0 0 0 0 0 0 0 0 0 6 0 2 0 0 0 0 63 2 0 0 4 0 1 4 0 3 0 0 0 0 0 0 0 0 4 0 0 0 0 0 0 0 3 0 0 0 2 0 
 66 48 0 2 0 0 0 0 0 0 0 8 0 64 0 4 14 3 0 0 0 13 0 1 1 1 0 0 0 2 1 0 0 0 0 0 208 0 0 0 59 116 335 38 172 58 110 47 141 177 315 71 246 98 160 0 230 322 336 48 0 3 2 0 3 2 4 2 1 2 2 2 0 0 1 0 0 1 2 0 28 10 0 13 10 0 9 10 3 1 3 0 0 0 3 16 22 0 20 0 12 6 0 0 0 14 0 0 0 0 0 0 0 0 0 0 0 0 0 0 11 10 21 2 24 20 11 12 8 12 14 1 0 9 7 29 28 8 0 0 0 0 0 11 0 0 0 0 0 0 0 0 0 0 0 0 19 0 0 0 0 0 0 0 3 0 0 3 0 0 15 7 12 0 5 0 0 2 0 0 0 0 0 0 0 0 0 0 3 0 0 0 13 0 0 0 0 0 10 0 7 32 22 4 20 17 0 1 12 6 0 13 1 17 10 33 17 0 0 0 1 0 0 0 0 0 0 0 0 0 0 0 16 1 0 0 0 0 0 0 0 1 0 0 0 0 0 0 0 0 0 7 0 1 0 0 0 1 0 0 0 0 2 4 65 6 2 4 3 0 0 0 0 0 0 0 0 0 0 0 0 0 0 14 11 0 0 0 0 0 
 68 64 0 0 0 0 64 1 0 0 0 4 1 86 0 0 5 0 1 0 0 0 0 1 1 1 0 0 4 0 1 6 0 0 0 1 10 0 0 3 239 177 66 23 53 298 27 17 44 246 162 363 21 93 43 230 0 277 32 40 3 0 0 0 1 13 1 1 5 0 43 2 0 0 19 0 0 0 9 0 10 10 0 6 0 0 0 58 0 0 0 0 0 0 0 10 6 0 7 0 0 0 0 0 0 0 25 0 0 0 0 0 0 0 0 0 0 0 0 0 12 0 49 77 8 0 0 0 1 1 0 0 0 0 0 5 3 6 0 0 19 0 0 0 5 0 9 0 0 0 0 0 9 0 1 0 0 0 10 0 0 0 0 0 0 0 0 0 0 0 0 0 9 0 0 0 0 1 0 0 0 0 0 0 0 0 0 0 0 0 0 0 0 0 0 0 0 0 0 0 1 18 18 17 9 58 0 0 12 38 25 9 0 1 0 1 42 0 0 0 0 0 0 0 0 0 27 0 0 0 0 0 35 1 1 0 20 0 10 8 0 0 0 0 0 0 0 0 0 0 0 8 0 1 0 0 0 1 0 0 0 0 67 5 1 0 0 0 0 0 0 0 0 0 0 0 0 0 0 0 0 0 0 0 0 22 0 0 1 0 
 0 3 0 1 0 0 2 0 2 0 0 2 1 4 1 2 0 4 77 3 1 0 1 3 0 1 0 0 5 2 2 1 2 2 1 2 2 2 2 2 52 46 783 52 63 64 33 157 59 75 68 300 36 118 124 322 277 0 521 282 18 0 6 0 22 7 29 0 0 1 3 3 3 0 0 0 0 8 0 55 15 0 0 0 0 0 0 0 0 0 0 0 0 0 0 0 0 0 0 0 0 0 0 0 0 0 0 0 0 0 0 0 0 0 0 0 0 0 0 0 15 5 0 0 31 1 1 14 0 1 0 11 0 12 11 0 43 1 25 0 0 0 0 0 8 0 0 0 0 1 21 0 0 21 0 0 0 0 21 0 0 0 0 0 0 0 0 0 0 0 0 0 0 0 0 0 0 0 0 0 0 0 11 0 0 0 0 0 0 0 0 0 0 0 0 0 0 0 36 0 11 0 11 0 1 9 11 22 0 4 8 15 0 0 0 14 0 0 0 0 9 1 0 0 0 36 0 0 0 4 0 0 0 0 0 0 0 0 21 1 0 0 0 0 0 0 0 0 0 0 0 15 0 2 0 0 0 1 0 5 0 2 2 2 1 0 0 64 1 15 0 0 0 0 0 0 0 0 0 0 0 0 0 0 0 0 0 0 0 1 
 3 3 3 3 62 3 3 3 5 3 3 3 3 1 3 3 6 4 3 3 0 0 65 0 6 33 0 0 0 1 5 0 0 0 1 0 0 0 0 2 116 64 485 85 83 40 108 68 158 317 47 57 281 414 300 336 32 521 0 174 0 0 1 0 4 0 0 0 0 0 0 1 0 0 0 0 0 0 6 0 0 0 0 0 0 2 0 0 0 0 0 0 0 0 0 0 0 0 0 0 0 14 0 0 6 25 0 0 0 0 0 7 0 0 0 0 0 10 0 0 17 48 20 8 13 0 0 38 0 0 0 22 30 25 24 21 13 9 15 3 0 0 0 0 0 0 0 0 0 1 0 0 0 0 0 0 8 0 0 0 0 0 0 0 0 0 0 0 0 0 0 0 0 0 0 0 0 0 0 0 0 0 0 0 0 0 0 0 0 1 40 0 0 0 0 0 0 0 0 0 26 6 21 0 7 1 22 3 23 0 3 0 1 12 3 17 15 29 0 9 0 0 0 0 0 0 0 0 0 0 0 0 16 0 0 0 0 0 0 9 0 0 0 0 0 0 0 0 0 0 0 4 0 2 0 0 0 71 0 0 0 0 0 0 2 3 0 7 1 0 0 0 0 0 0 0 0 0 0 0 0 0 0 0 0 0 0 0 2 0 
 0 0 0 0 0 0 0 0 0 0 0 0 30 3 0 0 0 0 0 0 1 0 62 5 73 23 0 1 1 92 63 62 0 0 0 1 2 85 0 0 43 49 37 46 108 54 312 52 118 369 65 35 516 61 102 48 40 282 174 0 0 0 47 0 0 2 0 11 0 0 0 0 0 0 15 0 4 0 11 0 0 0 0 0 0 0 0 24 0 0 0 0 0 0 0 0 0 0 0 0 0 0 0 1 22 8 0 0 0 10 0 11 0 0 0 0 0 29 19 0 39 28 0 0 0 0 8 16 15 10 0 0 45 37 3 4 0 0 5 1 0 0 0 0 0 0 0 0 0 1 0 0 0 0 0 0 29 1 0 0 1 0 0 0 0 0 0 0 5 0 0 0 0 0 0 0 2 0 0 0 0 0 2 0 0 1 0 0 0 66 53 7 0 0 0 0 0 0 0 0 0 11 0 0 0 0 0 9 4 0 10 0 8 17 6 0 0 8 12 6 0 0 0 0 0 0 0 0 0 0 0 0 0 0 0 0 0 0 0 11 0 0 2 0 0 0 0 0 0 17 0 16 0 2 0 0 0 30 1 2 11 0 0 0 0 3 0 0 1 0 0 0 0 0 0 0 0 0 0 0 0 0 0 12 0 0 0 0 2 0 
 0 0 0 0 0 0 4 1 0 2 0 35 0 4 0 0 0 0 0 3 44 0 0 0 0 0 0 0 0 0 0 0 0 0 0 0 0 0 0 5 0 0 0 7 0 50 0 0 0 0 0 0 0 3 0 0 3 18 0 0 0 124 144 59 260 38 174 90 101 88 37 30 259 197 107 49 134 128 310 170 0 0 0 0 0 0 0 0 0 0 0 0 0 0 0 0 0 0 0 0 0 0 0 0 0 0 0 0 0 0 0 0 0 0 0 0 0 0 0 0 0 0 0 0 0 0 0 0 0 0 0 1 0 0 0 0 0 0 0 0 7 10 0 0 0 10 26 8 57 4 41 0 0 20 0 1 0 1 22 0 0 0 0 16 0 0 0 0 0 0 0 0 0 0 0 0 0 0 0 0 0 0 0 0 0 12 0 0 0 0 6 0 0 0 0 0 8 0 0 0 0 0 0 0 0 0 0 0 0 0 10 1 0 0 0 30 0 2 0 0 63 19 9 2 16 8 0 23 5 0 13 3 0 0 0 9 6 7 2 0 13 0 0 0 0 0 0 0 0 0 0 0 2 29 8 0 0 0 0 21 0 0 0 0 0 0 8 0 0 0 8 2 0 0 0 0 0 0 0 0 0 0 0 0 0 0 0 0 0 0 
