 0 155 254 43 270 77 280 148 33 123 336 27 121 217 222 137 38 56 222 267 0 0 0 0 0 0 203 0 3 3 0 0 3 0 0 1 0 0 0 0 0 0 0 9 0 0 1 0 0 0 0 0 3 2 0 3 0 0 2 0 0 0 0 0 3 67 3 0 0 3 0 0 0 0 0 0 0 0 0 0 21 0 14 12 8 0 38 5 10 43 0 1 40 34 0 8 19 6 37 16 0 0 0 0 0 0 8 0 0 0 0 0 0 0 0 0 0 0 7 13 0 0 0 0 0 0 0 0 1 0 0 0 0 0 0 0 0 0 0 0 0 0 0 0 0 0 0 0 0 0 0 0 0 0 0 0 0 1 0 0 24 9 1 19 18 0 0 22 12 0 0 0 37 52 20 1 11 13 26 19 0 0 0 0 0 0 0 0 0 0 0 0 0 0 0 0 0 0 1 0 0 0 0 0 0 0 7 0 0 0 0 0 0 0 0 0 0 0 0 0 0 0 0 0 0 0 0 0 0 0 0 2 0 1 0 0 0 0 0 0 0 20 0 0 0 2 1 2 0 1 2 6 0 0 0 0 0 0 0 0 0 0 0 0 0 0 0 0 0 0 0 0 0 0 0 0 14 8 0 0 0 0 0 0 0 0 0 0 0 0 
 155 0 514 74 306 140 87 92 137 119 53 250 52 160 161 393 164 133 142 485 0 0 0 0 0 0 2 0 3 3 0 0 3 0 0 2 1 0 0 0 0 0 0 3 0 0 0 0 0 0 0 0 3 2 0 3 0 0 3 0 0 0 0 0 3 0 3 0 1 4 0 0 0 6 0 0 0 0 0 0 1 0 13 8 9 0 34 12 1 14 0 0 18 13 0 32 42 28 18 0 9 0 0 0 0 0 13 0 0 11 0 0 17 20 1 0 0 0 27 14 0 0 0 0 0 0 0 0 0 0 0 0 0 0 0 0 0 2 1 0 0 0 0 0 0 0 0 0 13 0 0 0 0 0 0 1 2 0 0 0 28 0 0 0 14 9 11 11 11 10 1 8 22 59 8 15 10 18 0 0 0 0 0 0 0 0 4 0 0 6 0 0 19 22 0 2 0 0 5 0 0 0 0 0 0 0 13 0 0 0 0 0 0 0 0 0 0 0 0 0 0 0 3 0 0 0 0 0 0 0 0 0 0 0 0 0 0 0 0 0 0 0 0 0 0 0 1 0 0 4 0 6 1 0 0 0 0 0 0 0 1 0 4 0 0 0 0 0 0 0 0 0 0 0 0 13 13 18 0 0 0 0 0 0 0 0 0 0 0 0 
 254 514 0 98 285 99 76 287 61 89 151 132 58 98 155 295 364 116 40 122 0 0 0 2 0 0 0 2 3 3 0 0 3 1 0 2 0 0 0 2 0 0 0 3 0 0 0 0 0 0 0 1 3 2 0 3 0 0 2 0 0 0 0 0 3 0 3 0 0 8 0 0 0 0 0 0 0 1 0 0 0 0 21 23 8 0 3 0 19 0 2 14 36 24 11 11 31 54 0 0 9 0 0 0 0 0 0 0 0 0 0 0 0 0 13 0 0 0 16 0 0 0 14 0 0 0 0 0 0 0 0 0 0 0 0 0 0 0 0 0 0 0 0 0 2 0 0 0 0 0 0 0 0 0 0 0 0 0 0 0 10 20 12 0 3 0 12 1 25 11 11 15 21 45 0 20 27 0 0 2 16 0 0 0 0 0 1 9 0 0 0 0 8 0 0 0 0 0 0 0 0 0 0 0 0 0 0 0 0 0 0 0 0 0 0 0 0 0 0 0 0 0 0 0 0 0 0 0 0 2 0 0 0 0 0 0 0 0 0 0 0 0 0 0 0 2 0 0 0 89 0 15 0 0 0 0 0 0 0 0 0 0 0 0 0 0 0 0 0 0 0 0 0 0 0 23 21 30 0 0 0 0 0 0 0 0 0 0 0 0 
 43 74 98 0 192 42 124 67 167 162 135 463 46 95 51 129 136 358 290 70 184 1 28 0 0 0 77 228 3 3 0 0 151 28 188 1 1 0 62 0 0 0 0 3 0 0 3 0 0 0 63 0 4 2 0 3 0 1 2 0 0 0 0 0 3 7 3 0 27 3 0 0 0 0 0 0 0 0 0 35 0 0 0 2 55 44 0 0 13 15 0 59 0 0 0 0 0 11 0 1 0 13 0 0 0 0 11 1 11 13 0 0 36 14 10 13 0 0 24 17 0 0 0 0 0 0 0 1 0 0 0 0 1 0 0 0 0 0 0 0 0 0 0 0 0 2 0 0 0 0 0 0 5 0 2 0 0 0 0 0 0 0 11 16 18 0 0 0 0 45 17 20 0 0 0 14 70 2 0 0 16 22 10 19 5 0 52 58 15 1 0 1 59 31 46 0 0 0 18 28 0 0 0 0 0 0 0 0 0 0 47 0 0 0 0 0 0 3 0 0 0 0 0 0 0 0 0 0 0 2 0 0 0 0 0 0 0 0 0 0 0 0 0 0 0 0 177 2 6 0 0 5 2 0 0 0 0 0 0 0 0 0 17 0 0 0 0 0 0 0 0 0 0 0 0 0 0 0 0 0 0 0 0 0 0 0 0 0 0 0 
 270 306 285 192 0 58 59 49 345 281 375 293 112 85 214 66 266 224 350 86 0 0 0 0 0 0 74 1 3 3 212 3 4 0 76 0 210 2 73 0 0 63 0 3 0 0 0 0 0 0 0 1 65 2 0 3 1 0 2 0 0 0 0 0 3 0 3 0 0 3 0 0 0 3 0 0 0 0 0 0 0 0 11 1 26 52 0 12 2 16 0 19 10 0 13 71 11 0 0 2 47 24 0 0 0 0 24 0 0 0 0 0 8 29 2 0 0 0 16 0 0 0 1 0 0 0 0 0 0 0 1 0 0 0 2 2 0 2 0 0 0 0 0 7 0 0 0 0 0 0 0 0 0 0 0 0 0 0 0 0 11 3 1 15 33 10 0 0 1 25 20 7 3 15 10 36 0 13 4 0 31 0 0 0 0 0 9 11 0 0 0 0 25 1 25 0 0 0 16 1 0 1 1 0 0 0 0 0 0 0 0 0 0 0 0 0 0 0 0 2 1 0 0 0 0 0 0 0 2 0 0 0 0 0 0 0 0 0 0 0 0 18 0 0 0 3 2 1 4 96 0 9 11 0 0 2 0 0 0 0 0 0 0 0 0 0 0 0 0 0 0 0 0 0 0 10 11 18 0 0 0 0 0 0 0 0 0 0 0 0 
 77 140 99 42 58 0 27 27 214 43 73 69 68 93 44 136 102 77 41 54 77 0 0 0 2 4 0 81 35 3 74 0 200 101 2 78 5 1 77 74 3 0 3 3 0 0 0 3 0 4 2 0 3 2 9 3 0 4 3 0 0 0 0 0 3 5 5 0 1 3 0 0 0 0 0 2 0 0 3 0 0 0 27 18 12 32 0 0 0 0 8 0 0 0 18 14 20 10 0 0 18 0 0 24 3 0 40 12 0 0 18 1 18 16 30 24 6 25 15 29 0 14 0 0 0 0 0 0 0 0 0 0 0 0 0 0 0 0 0 0 0 0 0 0 0 0 0 2 0 0 0 5 0 0 0 0 0 0 3 0 0 0 19 1 0 38 0 0 0 1 0 1 1 0 0 0 0 0 0 10 36 0 0 15 0 0 0 15 1 10 0 43 0 31 1 20 36 8 32 55 0 0 0 0 0 0 0 0 0 0 0 0 0 0 0 0 0 0 0 0 0 0 16 0 0 0 0 1 0 0 0 0 0 0 0 0 0 0 0 0 0 0 0 0 0 0 0 0 2 94 10 9 0 0 1 0 0 72 0 0 20 0 0 0 0 0 0 0 0 0 0 0 0 0 0 0 0 0 0 0 0 18 0 0 0 0 9 0 0 0 
 280 87 76 124 59 27 0 300 48 34 239 33 229 53 128 36 42 22 161 541 0 0 0 0 0 0 0 0 3 3 0 0 4 0 0 1 0 0 0 0 0 0 0 3 0 0 0 0 0 0 0 0 3 2 0 3 0 0 2 0 0 0 0 10 3 1 3 0 0 3 0 0 0 0 0 0 0 0 0 0 18 28 6 10 0 0 0 0 21 17 37 0 0 59 10 0 1 0 10 54 0 1 0 0 0 0 0 0 0 0 0 0 0 0 0 0 0 0 0 0 0 0 15 0 0 0 0 0 0 0 0 0 0 0 0 0 0 0 0 0 7 0 0 0 0 0 0 0 0 0 0 0 0 0 0 0 0 0 0 0 12 23 10 14 0 0 0 32 2 6 0 0 19 50 13 14 0 0 9 11 0 0 0 0 0 0 0 0 0 0 0 0 0 0 0 0 0 0 0 0 0 0 0 0 0 0 0 0 0 0 0 0 0 0 0 0 0 0 0 0 0 0 0 0 0 0 0 0 0 0 0 0 0 0 0 0 0 0 0 0 0 0 0 0 0 2 0 2 2 0 1 12 0 0 0 0 0 2 0 0 0 0 12 0 0 0 2 0 0 0 0 0 0 0 2 0 0 0 0 0 0 0 0 0 0 0 0 0 0 0 
 148 92 287 67 49 27 300 0 72 120 115 244 207 193 102 246 51 215 168 124 0 0 0 0 0 0 0 0 3 3 0 0 77 0 0 1 0 1 0 1 0 0 0 106 1 0 0 0 0 0 0 1 3 2 0 3 0 0 2 0 0 0 0 9 3 0 3 4 0 3 0 0 0 0 0 0 53 0 0 0 36 41 9 23 0 0 42 32 24 28 27 1 26 91 29 1 22 9 50 7 0 0 0 0 0 0 0 0 0 0 0 0 0 0 0 0 0 0 0 0 0 0 0 0 0 0 0 0 0 0 0 0 0 0 0 0 0 0 0 0 31 0 0 0 0 0 0 0 0 0 0 0 1 0 0 0 0 0 0 0 6 83 9 14 0 0 16 0 55 12 0 0 0 30 6 0 12 9 23 0 0 0 0 0 0 0 0 0 0 0 0 0 0 0 0 0 16 0 1 0 0 0 0 0 0 0 0 0 0 0 0 0 0 0 0 0 0 0 0 0 0 0 0 0 0 0 0 0 0 0 0 0 0 0 0 0 0 0 0 0 0 0 0 0 0 0 0 0 2 2 0 7 0 0 0 0 0 0 0 0 0 0 0 0 0 0 0 0 0 0 0 0 0 0 0 0 29 0 0 0 0 0 0 0 0 0 0 0 0 0 
 33 137 61 167 345 214 48 72 0 256 271 122 45 96 106 24 151 31 55 91 0 0 0 0 0 0 2 2 3 3 0 0 3 0 1 0 0 0 100 0 0 0 0 69 0 62 0 0 0 0 0 67 3 2 76 3 0 0 2 0 0 0 0 0 3 0 54 0 0 3 0 0 0 8 0 0 0 0 4 0 0 0 36 24 11 0 0 1 9 20 13 0 0 0 0 32 29 0 0 0 36 0 0 0 0 0 15 0 13 17 0 0 21 24 10 0 0 0 27 14 0 0 0 0 0 0 12 0 0 0 0 0 0 0 0 0 0 0 0 0 0 0 0 0 0 0 0 16 0 0 0 0 10 0 0 0 0 0 0 0 25 0 33 8 13 10 0 0 10 33 34 0 0 0 7 1 0 28 0 0 10 0 0 0 0 0 28 0 0 0 0 0 49 21 1 0 0 0 32 9 0 0 0 0 0 0 0 0 0 0 2 0 0 0 0 0 0 12 0 0 0 0 0 0 0 0 0 0 0 0 0 0 0 0 0 0 0 0 0 0 0 0 0 0 0 0 3 0 0 8 0 5 5 0 0 0 0 0 0 0 0 0 5 0 0 0 0 0 0 0 0 0 0 0 0 11 0 0 0 0 0 0 0 0 0 0 0 0 0 0 
 123 119 89 162 281 43 34 120 256 0 324 48 38 101 63 67 226 257 280 202 0 0 0 2 0 6 0 76 3 67 0 4 3 0 76 0 0 0 22 2 0 0 0 3 0 0 6 28 0 0 0 3 3 30 0 3 0 0 2 0 0 0 0 4 7 0 3 0 0 3 0 0 0 0 0 0 0 0 0 0 0 9 0 0 21 20 19 10 13 15 11 16 0 1 29 0 1 0 1 0 0 0 0 0 0 0 22 0 11 8 0 0 16 6 0 1 0 0 12 44 0 0 0 1 0 0 0 0 0 0 0 4 0 0 0 0 0 0 0 0 0 0 0 0 0 0 0 0 0 0 0 0 2 0 0 0 0 0 0 1 22 16 9 31 1 0 12 0 0 17 25 10 0 0 0 0 20 30 0 0 0 7 0 0 0 0 7 0 0 0 0 0 21 40 0 0 0 0 0 8 0 0 0 0 0 0 0 0 0 0 13 0 0 2 1 0 0 0 0 0 0 0 0 2 0 0 0 0 0 0 0 0 0 0 0 0 0 0 0 0 0 0 0 0 0 0 174 0 89 0 0 7 0 0 0 0 0 0 0 0 0 0 25 0 0 0 0 0 0 0 0 0 0 0 0 0 0 0 0 0 0 0 0 0 0 0 0 0 0 0 
 336 53 151 135 375 73 239 115 271 324 0 170 27 46 157 51 185 69 236 65 156 1 0 0 0 0 76 62 3 3 0 0 153 29 97 2 2 0 6 21 0 0 0 3 0 0 0 2 0 0 0 0 3 2 0 3 0 0 3 0 0 0 0 0 3 8 3 0 31 3 0 0 0 0 0 0 0 0 0 0 14 0 6 1 49 44 2 1 0 10 0 41 2 1 12 15 7 1 0 7 0 20 0 0 0 1 6 0 0 0 0 0 29 0 0 1 0 0 3 1 0 0 0 0 0 0 0 0 0 0 0 0 0 0 0 0 0 0 0 0 0 0 2 0 0 0 10 0 0 0 0 0 0 0 0 0 0 0 0 0 8 14 0 8 36 0 0 0 0 0 1 10 0 8 0 25 0 0 0 0 19 0 9 19 0 1 17 22 15 0 1 1 27 29 77 0 0 0 18 22 0 0 0 0 0 0 0 0 0 0 0 0 0 0 45 1 0 0 0 0 0 0 0 11 0 0 0 0 0 0 0 0 0 0 0 0 0 0 0 0 0 0 0 0 0 2 8 2 1 0 0 22 0 0 0 0 0 0 0 0 0 0 0 0 0 0 0 0 0 0 0 0 0 0 0 26 1 0 0 0 0 0 0 0 0 0 0 0 0 0 
 27 250 132 463 293 69 33 244 122 48 170 0 116 156 22 127 56 105 29 43 72 77 0 0 0 0 74 98 78 3 1 0 68 85 210 83 0 0 35 141 0 1 0 3 0 0 62 0 0 0 0 1 3 2 0 3 62 0 2 0 0 0 0 0 3 0 3 6 0 12 0 0 0 0 0 0 0 0 0 0 0 0 21 10 5 48 0 0 5 0 13 17 0 15 20 1 0 30 0 0 0 41 0 0 0 0 22 26 0 1 16 0 27 17 10 24 5 0 58 50 0 0 17 0 0 0 0 0 0 0 0 0 0 0 0 0 0 0 0 0 0 0 0 0 0 0 0 0 0 0 0 0 2 0 0 0 0 0 10 0 1 0 44 0 0 0 0 0 13 7 33 10 0 0 1 0 13 11 0 0 5 17 2 15 0 0 58 21 13 6 0 0 27 18 19 0 2 0 18 32 0 0 0 0 0 0 0 0 0 0 21 0 0 0 0 0 0 0 0 0 0 0 0 33 0 0 0 0 0 0 0 0 0 0 0 0 0 5 0 0 0 0 0 0 0 3 176 0 101 1 0 12 0 0 0 2 0 0 0 0 0 0 15 0 0 0 0 0 0 0 0 0 0 0 0 0 0 0 0 0 0 0 0 0 0 0 0 0 0 0 
 121 52 58 46 112 68 229 207 45 38 27 116 0 181 129 124 125 210 258 330 0 0 0 0 0 2 0 0 3 3 2 0 3 0 0 1 0 0 0 0 0 0 0 3 0 0 0 0 0 0 0 0 3 2 0 3 0 0 2 0 0 0 0 0 3 0 3 0 0 3 0 0 0 0 0 0 0 0 0 0 22 78 12 14 0 0 21 13 33 11 15 19 30 2 1 0 10 16 8 20 0 0 0 0 0 0 0 0 0 0 0 2 1 0 0 0 1 0 0 0 2 0 1 0 0 0 13 0 0 0 0 0 2 0 0 0 0 0 0 0 0 0 0 0 0 0 0 0 0 1 10 1 0 0 0 0 4 0 0 0 0 15 12 18 0 0 13 0 16 0 18 2 0 20 0 0 20 0 9 14 0 0 0 0 0 0 0 0 0 0 0 0 0 0 0 69 0 1 0 0 0 0 0 0 0 0 1 0 0 0 0 0 0 0 2 0 0 0 0 0 0 0 0 0 0 0 0 0 0 0 0 0 8 0 0 0 0 0 0 1 0 0 0 0 0 0 0 0 0 0 0 11 0 0 0 0 0 0 0 0 0 0 0 0 0 0 0 0 0 0 0 0 0 0 0 0 0 0 0 0 0 0 0 0 0 0 0 0 0 1 
 217 160 98 95 85 93 53 193 96 101 46 156 181 0 222 230 131 364 225 507 1 0 0 0 0 0 0 0 4 3 0 3 3 0 0 2 0 0 0 1 0 0 3 5 0 0 0 0 2 1 0 0 5 2 0 3 2 3 3 0 0 0 0 0 3 3 3 0 2 3 0 1 0 0 0 2 0 0 1 0 25 0 11 14 0 0 24 20 50 10 40 19 34 0 9 0 33 25 41 8 0 0 0 0 0 0 0 0 0 0 0 0 0 0 0 0 0 0 0 19 0 0 1 0 0 0 0 0 0 0 0 0 0 0 0 0 0 0 0 0 0 0 0 0 1 0 0 0 0 0 0 0 0 0 0 0 0 0 0 0 2 27 43 14 0 0 10 19 14 1 15 0 13 23 22 15 48 6 0 0 0 0 0 0 0 0 2 0 0 0 0 2 0 0 0 0 8 0 0 0 0 0 0 0 0 0 9 0 2 0 0 0 0 0 0 0 0 0 0 0 0 0 0 0 0 0 0 0 0 1 0 0 0 1 0 0 0 0 0 0 0 0 0 0 0 0 2 0 1 0 2 15 0 0 2 0 0 0 0 2 0 0 0 0 0 0 1 0 0 2 0 0 0 0 0 0 0 14 0 0 0 0 0 0 0 0 0 0 0 0 
 222 161 155 51 214 44 128 102 106 63 157 22 129 222 0 166 35 40 192 228 0 0 0 0 2 0 0 0 3 3 0 0 3 0 0 1 0 2 2 2 0 0 0 3 0 2 0 0 0 0 0 0 3 2 0 3 0 0 2 0 0 0 0 0 3 0 3 0 0 3 0 0 0 10 0 0 0 0 0 0 12 23 22 6 0 0 0 18 18 11 0 2 6 28 56 34 31 0 41 0 9 2 0 0 0 0 0 0 0 0 0 0 0 23 0 1 0 0 10 0 0 0 0 0 0 17 0 0 0 0 0 0 0 0 0 0 2 0 0 0 0 0 0 0 0 0 0 0 0 0 0 0 0 0 0 0 0 0 0 0 0 0 5 1 2 9 0 18 1 13 2 0 11 17 7 29 0 3 0 0 0 0 0 0 0 0 6 0 0 1 0 0 22 0 1 0 0 0 0 0 0 0 0 0 2 0 1 0 1 0 0 0 1 0 0 0 0 0 0 0 0 0 0 0 0 0 0 0 0 0 0 0 0 0 0 0 0 0 0 0 0 1 0 0 0 2 0 0 0 6 0 2 5 0 0 0 0 0 0 0 0 0 0 0 0 0 0 0 0 0 0 0 0 0 0 46 0 14 0 0 0 0 0 0 0 0 0 0 0 0 
 137 393 295 129 66 136 36 246 24 67 51 127 124 230 166 0 146 225 52 174 0 0 3 0 0 0 0 0 3 3 0 0 3 0 0 1 0 0 0 0 3 62 0 3 2 0 0 2 0 0 0 2 3 5 4 6 0 2 2 0 0 0 0 0 3 0 3 39 5 2 0 0 0 0 0 0 51 0 0 0 0 0 12 86 0 0 28 15 22 0 32 14 32 16 0 0 40 19 38 2 39 0 0 0 0 0 0 0 0 0 0 14 14 1 27 0 0 0 0 0 0 0 1 0 0 0 0 2 0 0 0 0 0 0 0 0 0 0 0 0 0 0 0 0 0 1 0 0 0 0 0 0 0 0 1 0 0 0 0 0 0 16 18 15 0 0 12 5 33 0 8 4 17 48 1 14 44 11 0 0 1 0 0 0 0 0 0 10 0 0 0 0 0 19 0 0 0 0 0 0 0 0 0 0 0 0 5 0 0 0 0 0 0 0 0 0 0 0 0 0 0 0 0 0 0 0 0 0 0 0 0 0 0 0 0 0 0 0 0 0 0 0 0 0 0 0 0 0 0 19 1 12 0 0 0 0 0 0 0 1 0 0 0 0 0 0 1 0 0 0 0 0 0 0 0 0 31 20 0 0 0 0 0 0 0 0 0 0 0 0 
 38 164 364 136 266 102 42 51 151 226 185 56 125 131 35 146 0 135 184 36 0 0 0 0 0 4 0 0 3 3 0 0 6 0 83 1 0 0 74 0 0 0 1 3 0 1 1 0 0 0 0 0 65 2 0 3 0 0 2 8 0 0 2 0 3 0 3 0 4 3 0 0 0 0 0 0 0 0 0 0 14 13 13 11 17 9 0 24 0 15 44 51 0 11 31 38 6 28 12 2 30 12 9 0 0 0 70 0 0 1 0 0 2 0 0 0 0 0 41 15 1 0 1 0 0 0 0 0 1 0 0 2 0 0 0 0 0 0 0 0 0 0 0 0 0 0 0 0 2 0 11 0 0 0 0 0 0 1 8 0 34 12 26 16 13 18 16 0 14 20 40 0 0 0 6 9 42 22 6 7 63 0 0 0 0 0 1 11 5 0 13 0 10 14 12 0 0 0 9 1 0 0 0 0 0 0 2 0 0 0 0 0 0 0 0 0 0 0 0 0 0 0 0 0 0 0 0 0 0 0 0 0 0 11 0 0 0 0 0 0 0 0 0 0 0 2 1 0 1 1 10 1 0 0 0 0 0 0 0 0 0 1 2 0 0 0 0 0 0 0 1 0 0 0 0 0 23 0 0 0 0 0 0 0 0 0 0 0 0 0 
 56 133 116 358 224 77 22 215 31 257 69 105 210 364 40 225 135 0 192 548 2 2 0 4 0 0 0 2 3 3 0 0 5 0 1 1 6 0 3 2 3 0 0 3 0 0 0 2 0 0 1 0 3 2 0 3 2 0 2 0 0 1 2 0 5 0 3 0 18 5 0 0 0 37 0 1 0 0 1 30 19 10 18 29 9 20 39 21 19 15 36 2 18 25 24 10 15 20 20 0 2 0 0 0 0 0 25 0 0 0 0 0 54 56 0 0 0 0 9 27 0 0 24 0 0 0 0 0 0 0 0 0 0 0 0 0 0 0 0 0 0 0 0 0 0 0 0 0 0 0 0 0 0 0 0 1 2 0 0 0 13 0 9 9 15 0 18 7 7 25 32 2 8 0 18 0 71 32 0 0 2 0 0 0 0 0 1 0 0 11 0 0 15 14 0 1 0 0 0 0 0 0 0 0 0 0 7 0 0 0 0 0 0 0 0 0 0 0 0 0 0 0 0 0 0 0 0 0 0 0 0 0 0 0 0 0 0 0 0 0 0 0 0 0 0 0 0 0 86 2 3 22 0 0 0 0 0 0 0 0 1 0 0 0 0 0 0 0 0 0 0 0 0 0 0 0 0 1 0 0 0 0 0 0 0 0 0 0 0 0 
 222 142 40 290 350 41 161 168 55 280 236 29 258 225 192 52 184 192 0 249 0 0 0 0 0 0 0 0 3 3 0 0 3 0 0 0 0 0 0 0 0 0 0 3 0 2 0 0 0 0 0 2 3 3 0 3 0 0 2 0 0 0 0 1 3 0 3 0 0 2 0 0 0 0 44 0 37 0 2 0 57 3 9 0 0 0 55 27 29 11 29 13 50 9 12 7 5 5 28 10 0 2 0 0 0 0 0 0 0 0 0 0 0 1 0 0 0 0 0 0 0 0 0 0 0 0 0 0 0 0 0 0 0 0 0 0 0 0 0 0 1 0 0 0 0 1 0 0 0 0 0 0 0 0 0 0 0 0 0 0 1 29 0 13 0 0 25 15 0 0 2 0 5 15 14 0 10 11 14 0 0 0 0 0 0 0 0 0 0 0 0 0 2 0 0 0 0 0 0 0 0 0 0 0 2 0 5 0 0 0 0 0 0 0 0 0 0 0 0 0 0 0 0 0 0 0 0 0 0 0 0 0 0 0 0 0 0 0 0 0 0 0 0 0 0 0 0 0 2 2 0 2 0 0 0 0 0 0 0 0 0 0 0 0 0 0 0 0 0 0 0 0 0 0 0 0 0 22 0 0 0 0 0 0 0 0 0 0 0 0 
 267 485 122 70 86 54 541 124 91 202 65 43 330 507 228 174 36 548 249 0 0 0 0 0 0 0 0 0 3 3 0 2 3 0 4 1 0 2 2 2 0 1 0 3 0 0 0 0 0 0 0 0 3 2 41 3 0 0 2 0 0 0 38 10 3 1 3 0 15 3 0 0 0 0 0 0 0 0 0 0 23 18 0 0 0 0 19 32 13 17 11 1 13 1 37 0 12 0 1 26 0 0 0 0 0 0 0 0 0 0 0 0 0 0 0 16 0 0 0 0 0 0 0 0 9 0 0 0 0 0 0 0 0 0 0 0 0 0 24 0 5 0 0 0 0 0 0 0 0 0 0 0 0 0 0 0 0 0 0 0 10 21 0 16 1 0 0 15 26 0 0 10 0 1 41 0 0 0 14 1 0 0 0 0 0 0 0 0 0 0 0 0 0 0 0 0 0 0 0 0 0 0 0 0 0 0 17 0 0 0 0 0 0 0 0 0 0 0 0 0 0 0 19 0 0 0 0 0 0 0 0 0 0 0 0 0 0 0 0 0 0 10 13 0 0 0 2 2 2 0 0 1 0 0 0 0 0 0 0 0 0 0 0 0 0 0 0 0 0 0 0 0 0 0 0 0 0 0 0 0 0 0 0 0 0 0 0 0 0 0 
 0 0 0 184 0 77 0 0 0 0 156 72 0 1 0 0 0 2 0 0 0 78 122 31 97 40 279 207 32 114 153 113 142 118 30 27 111 47 132 173 0 0 0 0 0 0 0 0 0 62 0 0 0 2 0 2 2 2 0 0 2 0 1 0 0 7 0 0 12 0 0 0 0 50 0 3 0 0 0 0 0 0 0 1 6 10 0 0 0 0 0 17 0 1 0 0 0 9 0 0 0 7 20 0 2 0 1 8 18 8 11 0 12 1 20 14 8 24 9 14 0 0 0 0 0 0 0 0 0 0 0 0 0 0 0 0 0 1 10 0 0 0 0 0 0 0 0 1 0 0 3 1 0 0 0 0 1 0 0 0 3 0 0 0 0 0 0 0 0 0 12 13 0 0 0 1 6 0 0 0 0 9 10 32 0 0 9 39 46 0 11 22 13 29 20 15 10 12 0 11 0 0 0 0 0 0 0 20 0 0 0 0 10 1 0 0 1 0 1 0 0 0 13 0 1 0 13 0 0 0 0 0 0 0 0 0 0 2 0 0 0 0 0 0 0 0 0 0 0 0 0 0 0 0 8 0 2 79 0 1 0 0 0 0 0 0 0 0 0 0 0 0 0 0 0 0 0 0 0 0 0 7 0 0 0 8 13 0 0 0 
 0 0 0 1 0 0 0 0 0 0 1 77 0 0 0 0 0 2 0 0 78 0 495 366 105 33 165 180 232 159 34 37 122 74 236 21 132 176 110 111 0 0 6 6 0 4 0 0 0 88 0 0 0 2 2 3 7 2 0 0 2 1 2 0 0 0 0 0 0 0 0 0 0 0 0 3 0 0 0 0 0 0 0 0 0 1 0 0 0 0 0 1 0 0 0 0 0 0 2 0 15 49 19 0 1 12 12 30 60 26 11 21 0 16 0 45 47 35 0 0 0 0 0 0 0 0 8 0 0 0 0 0 4 4 0 0 0 0 4 0 8 0 1 0 0 5 0 0 0 0 0 0 0 31 0 0 0 0 0 0 0 0 0 0 0 1 0 0 0 0 0 0 0 0 0 0 1 0 3 0 12 31 43 30 11 17 31 0 20 20 30 14 0 0 20 0 9 53 4 29 0 0 0 0 0 0 0 0 39 0 0 0 0 0 0 0 0 0 1 9 0 0 0 0 0 0 0 0 0 0 0 7 0 0 0 0 0 0 0 0 0 0 13 0 0 0 0 0 0 0 0 0 0 1 0 0 0 0 0 0 2 13 0 0 0 0 9 0 0 0 0 0 0 0 0 0 0 0 0 0 0 0 0 0 0 0 0 0 0 0 
 0 0 0 28 0 0 0 0 0 0 0 0 0 0 0 3 0 0 0 0 122 495 0 98 92 272 376 92 193 216 63 37 162 230 140 47 356 414 122 142 0 0 4 4 0 4 0 0 0 1 63 0 0 3 1 2 5 6 0 0 2 0 0 0 0 0 0 0 0 0 0 0 0 0 0 3 0 0 0 46 0 0 0 0 0 0 0 0 0 0 0 0 0 0 0 0 0 0 0 0 16 36 11 0 1 13 0 29 48 33 28 20 0 7 19 19 65 25 8 0 0 0 0 0 0 1 10 0 0 0 0 0 25 34 0 0 0 0 3 0 14 0 1 6 0 3 0 0 0 0 0 0 0 0 0 0 0 0 0 0 0 0 0 0 0 0 2 0 0 0 0 0 0 2 0 0 0 0 0 0 21 7 15 0 26 17 0 0 21 56 66 15 0 0 8 0 18 33 0 0 0 12 0 0 0 0 0 0 13 0 0 0 18 0 0 0 0 0 20 41 0 0 1 0 0 0 0 0 0 1 0 0 0 0 0 0 0 0 0 0 0 0 11 0 0 0 0 0 0 0 0 0 0 0 8 0 0 4 41 2 3 12 0 0 0 0 10 0 0 0 0 1 0 0 0 0 0 0 0 0 0 0 0 0 0 12 0 0 0 0 
 0 0 2 0 0 0 0 0 0 2 0 0 0 0 0 0 0 4 0 0 31 366 98 0 206 168 312 60 75 77 139 285 57 51 156 123 58 218 65 52 135 1 62 4 0 0 65 1 4 1 4 0 64 64 0 2 2 3 112 1 2 1 1 1 3 1 0 6 0 0 0 2 0 0 0 3 0 4 0 1 0 0 2 0 0 1 0 0 0 0 0 0 0 0 2 0 0 0 0 0 1 0 1 0 24 0 0 1 1 0 9 24 0 0 0 15 7 1 0 0 12 0 0 8 0 0 0 29 23 74 1 0 12 0 59 26 19 0 0 28 0 0 7 7 0 4 1 0 4 0 0 0 0 0 0 0 0 0 0 0 9 0 0 0 0 0 6 0 0 0 0 0 0 0 0 0 0 5 0 0 0 0 3 0 41 8 0 0 1 0 0 0 0 0 10 16 14 0 0 0 16 19 19 0 0 0 52 25 0 29 0 0 3 17 0 0 9 0 11 26 0 0 0 0 0 0 0 0 0 0 0 0 0 2 0 0 0 0 0 0 0 0 0 0 0 0 0 0 0 0 0 0 0 0 6 0 0 78 39 11 0 20 0 0 0 3 0 0 0 0 0 0 1 0 0 0 0 0 0 0 0 0 0 0 0 0 0 0 0 0 
 0 0 0 0 0 2 0 0 0 0 0 0 0 0 2 0 0 0 0 0 97 105 92 206 0 122 124 80 79 205 403 31 66 52 79 69 292 192 259 88 64 0 4 3 0 8 56 68 0 62 3 0 63 275 2 4 7 3 119 82 5 2 3 0 0 0 0 0 0 0 0 4 2 0 0 2 0 0 0 0 0 0 0 0 0 0 0 0 0 0 7 0 0 0 0 0 0 0 0 0 18 31 20 43 22 16 0 20 19 0 6 72 1 12 0 1 3 14 0 0 0 0 4 1 21 0 64 0 8 4 0 0 1 28 0 33 16 0 6 11 0 0 0 0 0 0 0 0 0 0 2 0 0 22 0 0 0 0 0 0 0 0 0 0 0 0 0 0 0 0 0 0 0 0 0 0 0 0 0 0 10 20 35 0 24 22 0 0 0 18 15 19 0 9 26 19 0 3 0 0 0 0 9 1 1 0 12 23 0 0 20 0 3 1 9 0 0 0 1 58 0 0 15 0 0 0 0 0 0 0 0 0 0 0 0 0 0 0 0 0 0 0 10 0 0 0 0 0 0 0 0 0 0 1 3 0 5 4 0 2 2 1 0 0 0 0 0 0 0 0 0 0 0 0 0 0 0 0 0 0 0 0 0 0 14 0 0 0 0 0 
 0 0 0 0 0 4 0 0 0 6 0 0 2 0 0 0 4 0 0 0 40 33 272 168 122 0 441 146 543 58 303 305 25 38 58 71 64 210 32 52 17 0 0 238 0 0 63 0 0 61 0 0 127 26 119 2 2 2 78 77 2 0 1 0 0 0 0 29 0 3 4 0 0 0 0 3 46 0 0 0 0 0 0 0 0 0 13 0 0 0 0 0 0 0 0 1 0 0 0 0 0 2 0 21 18 13 0 0 0 0 10 0 0 0 0 0 0 10 1 0 123 23 0 40 10 0 0 0 0 13 0 21 14 11 24 11 1 10 74 44 0 0 5 3 0 1 0 0 2 0 0 0 0 0 1 0 0 0 0 0 12 1 1 0 0 0 1 0 2 0 0 1 0 0 0 0 0 0 0 0 0 0 0 0 12 20 0 0 0 0 11 26 0 0 3 0 0 27 0 0 19 13 0 0 0 0 23 19 12 42 21 0 26 0 0 31 12 22 22 31 0 0 0 0 0 0 0 0 0 0 2 0 0 0 0 0 0 17 1 0 0 15 9 0 0 0 0 0 0 0 0 0 0 0 8 0 5 0 75 2 20 13 0 0 0 0 0 0 0 0 0 0 0 0 0 0 0 0 0 11 0 0 0 0 0 0 0 0 0 1 
 203 2 0 77 74 0 0 0 2 0 76 74 0 0 0 0 0 0 0 0 279 165 376 312 124 441 0 108 118 143 65 103 262 73 54 245 177 41 187 249 0 0 0 0 0 0 0 0 0 1 0 3 0 67 0 2 2 2 0 0 2 0 1 0 0 0 0 0 0 0 0 0 0 0 0 3 0 0 0 3 0 0 0 0 0 1 0 0 0 12 0 33 2 0 0 0 0 9 0 0 0 26 15 1 25 0 0 28 61 50 16 0 24 0 27 35 34 47 0 0 0 0 0 0 0 0 26 0 0 0 2 0 0 0 0 0 0 16 16 0 2 0 0 0 0 0 0 0 0 0 2 0 0 0 0 0 0 0 0 0 5 0 0 0 0 0 0 0 0 3 12 0 0 0 0 0 0 0 2 0 0 0 11 26 0 0 30 19 75 0 15 11 24 31 0 33 22 0 0 0 0 0 0 0 0 0 0 0 0 0 0 0 11 0 0 0 0 4 24 7 0 3 0 0 0 2 0 9 0 0 0 0 0 0 0 0 0 0 0 0 0 0 0 0 0 0 0 0 0 0 0 0 0 0 4 0 0 75 1 2 2 0 0 0 0 0 8 0 0 0 0 0 0 0 0 0 0 0 0 0 0 8 0 0 0 8 0 0 0 0 
 0 0 2 228 1 81 0 0 2 76 62 98 0 0 0 0 0 2 0 0 207 180 92 60 80 146 108 0 141 38 48 24 179 254 205 39 35 40 220 205 0 0 2 0 0 0 62 0 0 57 0 0 2 5 6 5 8 7 0 0 2 3 5 1 2 3 52 0 5 0 1 1 0 3 0 3 10 0 0 0 0 2 0 0 14 30 0 0 0 2 0 30 0 0 0 0 0 0 0 0 15 22 0 16 11 0 0 25 30 21 11 0 23 23 0 50 9 11 14 22 0 0 0 0 0 0 0 0 0 0 0 0 0 0 0 0 0 0 0 0 0 0 0 0 0 0 0 4 1 0 0 0 12 0 0 0 0 0 0 2 0 0 3 0 13 29 0 0 0 0 0 21 0 0 0 40 0 10 0 0 19 45 0 48 0 0 51 23 0 1 0 21 22 32 9 11 21 0 59 27 0 0 0 0 0 0 0 0 0 0 21 0 0 0 0 0 0 0 0 0 0 0 0 0 0 0 2 0 0 0 0 2 0 0 0 0 0 0 0 0 0 0 1 0 0 2 64 0 74 3 0 0 0 0 4 1 4 0 0 3 2 0 2 0 0 0 0 0 0 0 1 0 0 0 0 0 0 2 0 0 0 12 0 0 0 0 0 0 0 0 
 3 3 3 3 3 35 3 3 3 3 3 78 3 4 3 3 3 3 3 3 32 232 193 75 79 543 118 141 0 231 105 40 274 208 266 116 108 61 147 68 0 0 4 4 0 5 0 0 0 0 0 0 61 2 0 2 6 3 0 29 2 0 67 0 0 0 0 0 0 0 0 0 0 3 0 3 0 1 0 0 0 0 0 0 25 8 0 0 0 0 0 13 0 0 0 12 0 0 0 0 18 52 8 21 15 15 11 43 49 50 9 9 8 33 0 19 40 45 41 23 0 0 0 3 0 0 11 0 1 0 0 0 0 10 0 0 0 13 3 12 17 0 0 0 0 0 0 0 0 0 0 5 0 0 0 0 0 0 3 0 0 0 0 0 0 14 9 0 0 0 0 0 0 0 0 0 0 0 0 0 27 18 15 15 34 0 18 14 24 55 32 26 0 3 10 0 13 20 1 14 0 0 0 0 0 0 0 60 0 0 0 0 15 0 0 0 0 0 15 5 0 0 0 0 0 0 0 0 0 0 0 0 0 0 0 0 0 0 0 0 0 0 11 0 0 0 0 0 0 0 0 0 0 0 11 0 0 73 8 0 17 4 0 0 0 0 11 0 0 0 22 0 0 0 11 0 0 0 0 0 0 0 0 0 0 0 0 0 0 0 
 3 3 3 3 3 3 3 3 3 67 3 3 3 3 3 3 3 3 3 3 114 159 216 77 205 58 143 38 231 0 61 69 47 98 96 76 168 300 172 112 0 0 2 5 0 19 0 0 0 4 0 0 1 5 62 2 2 2 0 1 2 0 1 0 0 0 0 0 0 0 0 0 0 0 0 3 0 0 0 0 0 0 0 0 0 0 0 0 0 0 0 0 0 7 0 0 0 0 0 0 0 15 18 24 11 30 0 1 9 19 17 11 0 0 0 0 24 0 0 0 19 5 0 0 0 0 22 0 0 0 0 0 19 8 0 11 0 0 33 0 0 0 0 0 0 5 0 0 0 0 0 0 0 24 0 0 0 0 0 0 6 0 0 0 0 0 0 0 0 0 0 0 0 0 0 0 0 0 0 0 0 12 32 4 22 35 0 0 8 18 32 28 0 0 11 13 11 53 0 0 0 0 0 0 0 0 32 0 18 0 0 0 15 0 0 0 0 0 38 42 0 0 0 0 0 0 0 0 0 0 0 0 9 0 15 0 0 0 0 0 0 0 14 0 0 0 0 0 0 0 0 0 0 0 0 0 0 0 3 0 2 7 0 0 0 0 6 0 0 0 0 0 0 0 0 0 0 0 0 10 0 0 0 0 0 0 0 0 0 0 
 0 0 0 0 212 74 0 0 0 0 0 1 2 0 0 0 0 0 0 0 153 34 63 139 403 303 65 48 105 61 0 210 182 123 75 157 418 113 46 138 54 0 0 3 0 0 0 0 0 0 0 0 0 2 0 2 4 2 84 0 5 1 2 0 0 0 0 4 0 0 0 0 0 0 39 3 0 0 0 0 0 0 0 0 18 0 0 0 0 0 0 0 8 0 0 0 0 0 0 0 0 0 3 1 16 0 0 10 17 10 31 27 4 24 14 12 10 31 0 0 0 0 0 9 0 0 0 19 19 0 0 0 7 3 36 17 10 0 0 0 0 0 20 0 0 0 0 0 0 0 5 6 0 0 0 0 0 0 2 0 0 0 0 0 0 13 0 0 0 0 0 0 0 1 0 0 0 4 0 0 1 0 13 10 15 9 0 21 26 0 0 18 0 0 0 12 16 0 0 0 21 12 66 2 0 0 17 24 3 8 0 0 0 33 10 0 0 0 0 0 0 0 0 0 0 0 0 0 0 0 0 0 0 0 0 0 0 0 0 0 0 0 0 0 0 0 0 0 0 0 0 0 0 0 3 0 1 160 75 10 2 0 0 0 0 0 0 0 0 0 0 2 0 0 0 0 0 0 0 0 0 8 0 0 0 7 0 0 0 0 
 0 0 0 0 3 0 0 0 0 4 0 0 0 3 0 0 0 0 0 2 113 37 37 285 31 305 103 24 40 69 210 0 28 46 43 99 86 138 112 62 62 0 0 0 0 4 0 64 4 62 4 2 1 6 63 2 2 2 62 6 2 6 6 0 0 0 0 3 0 0 0 1 50 0 1 3 2 0 4 0 0 0 0 0 0 0 0 0 0 0 0 0 0 0 0 0 0 0 0 0 5 19 9 11 1 21 0 0 0 10 0 18 1 0 0 0 0 0 0 0 24 9 0 4 1 0 0 18 24 0 0 0 25 4 32 28 13 10 38 0 0 0 0 0 0 0 0 0 0 0 17 0 0 5 0 0 0 0 0 0 0 0 0 0 0 1 0 0 0 0 0 0 0 0 0 0 0 5 0 0 0 0 20 1 1 18 0 0 0 0 13 10 0 9 12 19 0 12 0 12 4 9 17 0 0 0 36 19 15 10 0 0 60 14 10 0 14 0 11 26 0 0 0 0 0 0 0 0 0 0 0 0 0 0 0 0 0 0 0 0 0 0 0 0 0 0 0 0 2 0 0 0 0 0 18 1 0 2 74 5 2 0 1 0 0 20 0 0 0 0 0 0 0 0 0 0 0 0 0 11 0 0 0 0 0 0 0 0 0 0 
 3 3 3 151 4 200 4 77 3 3 153 68 3 3 3 3 6 5 3 3 142 122 162 57 66 25 262 179 274 47 182 28 0 313 215 31 25 31 93 205 6 0 0 0 0 0 0 6 0 0 0 0 0 2 4 2 4 2 0 0 2 3 3 0 0 3 0 0 7 0 0 0 0 0 0 2 0 0 0 0 0 0 0 0 2 28 0 0 0 0 0 0 0 0 0 0 0 0 0 0 0 37 42 46 16 17 9 25 11 1 12 0 22 39 6 2 9 49 0 12 0 0 0 0 0 0 0 0 0 0 0 0 0 0 0 0 0 0 0 0 1 0 0 0 0 0 0 0 0 0 11 12 0 0 0 0 0 0 0 0 0 11 0 0 0 9 0 0 0 0 0 14 0 0 0 0 0 0 0 0 1 2 25 9 0 0 13 12 30 1 14 14 1 18 25 36 12 14 12 47 0 0 0 0 0 0 0 0 0 0 0 0 0 0 0 0 0 0 0 13 0 0 0 0 0 0 0 0 0 0 0 0 0 0 0 20 0 10 0 0 0 0 0 0 0 0 0 0 0 0 0 0 0 0 10 0 2 153 0 0 2 0 0 0 0 0 0 0 0 0 0 0 0 0 0 0 1 0 0 0 0 34 0 0 0 11 13 0 0 0 
 0 0 1 28 0 101 0 0 0 0 29 85 0 0 0 0 0 0 0 0 118 74 230 51 52 38 73 254 208 98 123 46 313 0 84 95 49 256 90 138 3 0 1 0 0 1 0 0 0 76 0 1 0 2 2 4 2 4 0 0 2 3 3 0 0 4 0 29 9 0 0 0 0 0 0 2 0 0 0 0 0 0 0 0 33 47 0 0 0 0 0 0 0 0 0 0 0 0 1 0 1 12 12 20 12 0 9 54 0 8 12 0 20 28 0 27 0 52 19 18 0 0 0 0 0 0 0 0 0 0 0 0 0 0 0 0 0 0 0 0 10 1 0 0 0 0 1 0 0 0 0 12 0 0 0 0 0 0 6 0 0 0 0 0 19 10 0 0 0 0 0 12 0 0 0 13 0 0 0 0 0 10 9 66 0 0 12 22 6 6 12 17 0 15 20 9 8 0 29 45 0 0 0 0 0 1 0 2 0 0 0 0 0 0 0 0 0 0 0 0 0 0 0 0 0 0 0 0 0 0 0 1 0 0 0 0 0 0 0 0 0 0 0 0 0 0 0 0 0 0 0 0 0 0 2 0 0 75 0 0 0 0 0 0 0 0 0 0 0 0 0 0 0 0 0 0 0 0 0 0 0 6 0 0 0 0 0 0 0 0 
 0 0 0 188 76 2 0 0 1 76 97 210 0 0 0 0 83 1 0 4 30 236 140 156 79 58 54 205 266 96 75 43 215 84 0 71 161 45 159 322 0 0 0 0 0 0 0 2 0 0 0 0 0 2 0 2 2 2 0 0 2 1 2 0 0 0 0 0 0 0 0 0 0 0 0 3 0 0 0 0 0 0 1 0 21 27 0 0 0 10 0 50 0 0 1 0 0 0 0 0 1 74 0 0 0 0 29 7 20 24 0 0 14 2 21 59 18 17 9 13 0 0 0 0 0 0 0 0 2 0 0 0 0 0 0 3 0 0 0 2 0 0 0 0 0 1 1 14 0 0 0 0 6 0 0 0 0 0 0 0 0 0 0 0 0 1 0 0 0 4 0 1 0 0 0 0 0 10 0 0 50 17 9 11 0 0 26 9 21 62 12 0 27 26 2 26 33 0 20 55 0 0 0 0 0 0 0 0 0 0 20 0 0 0 0 6 0 1 0 0 0 0 0 0 0 0 0 2 0 0 0 0 0 1 15 0 0 0 0 0 0 0 0 0 0 0 28 0 76 0 0 0 0 0 4 0 0 0 0 0 2 0 0 0 0 0 0 0 0 0 0 0 0 0 0 0 0 0 0 0 0 0 0 0 0 0 0 0 0 0 
 1 2 2 1 0 78 1 1 0 0 2 83 1 2 1 1 1 1 0 1 27 21 47 123 69 71 245 39 116 76 157 99 31 95 71 0 235 30 20 140 2 0 1 3 1 4 21 0 5 1 3 3 32 2 0 2 0 2 0 78 2 3 6 0 2 0 0 0 4 0 2 7 0 4 1 7 0 0 11 1 0 0 0 0 23 7 0 0 0 0 0 0 0 0 0 0 0 0 0 0 0 0 1 9 1 20 1 35 0 20 0 5 0 0 0 18 23 0 28 40 77 0 0 0 0 0 0 14 0 0 0 0 0 10 54 12 0 0 8 17 0 0 0 0 0 0 0 0 0 0 0 0 0 0 0 0 0 0 8 0 0 0 0 0 0 9 2 0 0 0 0 0 0 0 0 0 0 0 0 0 15 0 19 0 34 1 0 1 1 6 10 22 0 0 20 0 12 36 19 0 0 12 0 0 0 0 2 18 0 0 0 0 42 24 13 0 0 0 16 8 0 0 0 0 0 0 10 0 0 0 0 0 0 0 0 0 0 0 0 0 0 0 0 0 0 0 0 0 0 1 0 0 0 0 5 2 0 75 41 3 4 0 0 0 0 0 0 0 0 0 0 1 0 0 0 0 0 0 0 10 0 0 0 0 0 0 0 0 0 0 
 0 1 0 1 210 5 0 0 0 0 2 0 0 0 0 0 0 6 0 0 111 132 356 58 292 64 177 35 108 168 418 86 25 49 161 235 0 352 67 377 5 0 2 1 0 4 0 0 0 1 0 0 4 2 0 2 2 2 0 1 2 0 0 0 0 0 0 0 0 0 0 0 0 0 0 3 0 0 0 0 0 0 0 0 0 0 0 0 0 0 0 0 0 0 0 0 0 0 0 0 0 11 12 0 0 0 13 25 27 9 35 31 0 0 44 25 47 27 0 1 0 0 0 0 0 0 0 0 0 0 0 2 2 4 2 0 0 0 14 0 0 0 1 0 0 5 0 0 0 0 0 0 0 14 0 2 0 0 0 0 10 0 0 0 0 0 0 0 0 0 0 0 0 0 0 0 43 0 0 0 13 0 41 0 2 16 0 0 57 32 35 0 0 0 9 13 19 22 0 0 0 9 0 0 0 0 9 0 15 0 0 2 10 9 9 0 0 0 34 34 0 0 0 0 0 0 0 0 0 0 0 0 0 0 0 0 0 0 0 0 0 0 0 0 0 0 2 0 0 0 0 0 0 0 2 1 1 73 77 1 1 1 0 1 0 0 0 0 0 0 0 0 0 0 0 0 0 0 0 0 0 0 0 0 0 8 3 0 0 0 
 0 0 0 0 2 1 0 1 0 0 0 0 0 0 2 0 0 0 0 2 47 176 414 218 192 210 41 40 61 300 113 138 31 256 45 30 352 0 38 31 64 0 10 33 0 7 0 3 0 0 0 0 7 2 63 2 6 2 63 68 2 0 1 2 0 0 0 0 0 0 3 2 0 0 0 4 0 0 0 0 0 0 0 0 0 0 12 0 0 0 1 0 0 0 0 0 0 0 0 0 20 13 23 33 18 56 0 22 35 0 23 36 0 38 0 0 4 16 1 0 10 0 0 0 0 0 17 1 7 0 0 0 10 15 0 11 14 0 11 11 0 0 0 0 0 0 0 0 0 0 0 0 0 18 0 0 0 0 0 0 13 0 0 0 0 0 1 11 0 0 0 0 0 0 0 0 0 0 0 0 9 38 36 0 10 12 0 0 0 18 33 46 0 0 27 0 0 57 0 0 0 0 0 0 2 0 7 37 0 0 0 0 49 0 0 0 0 0 0 17 0 0 0 0 0 0 0 0 0 0 0 0 0 0 0 0 0 0 0 0 0 0 13 0 0 0 0 0 0 0 0 0 0 0 12 0 0 0 2 0 7 0 0 0 0 0 0 0 0 0 0 0 0 0 0 0 0 0 0 21 0 0 0 0 0 0 0 0 0 0 
 0 0 0 62 73 77 0 0 100 22 6 35 0 0 2 0 74 3 0 2 132 110 122 65 259 32 187 220 147 172 46 112 93 90 159 20 67 38 0 247 0 0 0 0 0 0 0 0 0 134 0 0 0 2 0 2 2 2 0 0 4 1 2 0 50 0 0 0 0 0 0 0 0 0 36 3 0 0 2 0 0 0 18 0 0 0 0 0 13 13 10 19 0 0 0 0 0 14 0 1 12 19 0 0 0 0 21 9 47 15 0 0 37 1 32 41 2 17 0 0 2 0 0 0 0 0 0 0 0 0 0 2 0 0 0 0 0 0 0 0 0 0 0 0 1 0 0 0 0 0 0 0 7 0 0 0 0 0 0 0 7 0 44 14 0 0 0 0 0 10 20 10 0 0 0 0 10 0 0 0 34 27 13 20 2 0 34 2 58 60 14 8 21 7 0 31 14 0 19 20 0 0 0 0 2 0 0 0 0 0 17 0 0 0 0 0 0 7 1 0 0 0 0 0 0 0 0 0 0 0 0 0 0 0 0 0 0 0 0 0 0 0 0 0 0 0 150 0 42 0 0 0 0 0 10 0 2 0 0 0 0 0 19 0 0 0 0 0 0 0 0 0 0 0 0 0 0 0 0 0 0 0 0 0 0 0 0 0 0 0 
 0 0 2 0 0 74 0 1 0 2 21 141 0 1 2 0 0 2 0 2 173 111 142 52 88 52 249 205 68 112 138 62 205 138 322 140 377 31 247 0 2 9 2 3 2 0 0 0 5 65 3 0 0 5 3 5 2 2 0 0 5 0 3 0 2 5 0 0 0 0 3 2 1 2 3 3 4 3 0 0 0 0 0 0 3 13 0 0 0 0 1 5 0 0 0 0 0 0 0 0 0 0 12 0 0 0 18 56 61 0 16 0 19 16 26 24 46 30 27 27 0 0 0 0 0 0 0 0 0 0 0 0 0 0 0 0 0 0 0 0 0 0 0 0 0 0 0 0 0 0 0 0 0 18 0 0 0 0 10 0 0 0 0 0 0 0 0 9 0 0 11 9 0 0 0 0 0 0 0 0 24 39 27 20 0 0 101 2 82 13 24 14 14 14 0 13 26 13 7 41 0 0 0 0 2 0 0 0 0 0 17 0 0 11 0 0 0 0 1 0 0 0 0 0 0 0 0 0 0 0 0 0 0 0 0 0 0 0 0 0 0 0 0 0 0 0 74 0 0 0 0 0 0 0 5 0 5 122 0 0 1 2 0 0 0 0 0 0 0 0 0 0 0 0 0 0 0 0 0 0 0 0 0 0 0 7 15 0 0 0 
 0 0 0 0 0 3 0 0 0 0 0 0 0 0 0 3 0 3 0 0 0 0 0 135 64 17 0 0 0 0 54 62 6 3 0 2 5 64 0 2 0 271 386 45 26 234 210 400 307 29 280 25 142 121 290 308 101 40 65 83 0 3 0 3 0 0 0 2 0 14 0 6 0 0 3 7 3 0 5 0 0 0 0 0 20 0 0 0 0 0 0 0 0 0 0 0 0 0 0 0 0 0 0 0 10 0 0 0 0 0 10 4 0 0 0 0 0 3 1 0 0 0 0 7 5 12 0 50 16 9 0 7 0 0 28 4 27 1 0 11 0 0 2 17 0 1 1 6 19 5 11 9 0 0 0 0 7 0 44 0 0 0 0 0 0 0 1 0 0 0 0 0 0 0 0 1 0 2 0 0 0 0 0 0 9 7 0 0 0 0 1 0 0 0 0 0 0 0 0 0 7 10 30 0 8 15 8 1 13 13 0 10 0 8 3 22 44 1 10 0 10 0 0 5 0 0 0 0 0 33 0 19 0 0 0 0 0 0 10 0 0 0 0 0 0 0 0 0 0 0 0 16 0 0 0 2 0 0 0 7 0 10 0 1 65 1 0 69 0 0 5 0 0 0 0 3 0 0 0 0 0 0 0 0 0 0 0 1 2 0 
 0 0 0 0 63 0 0 0 0 0 0 1 0 0 0 62 0 0 0 1 0 0 0 1 0 0 0 0 0 0 0 0 0 0 0 0 0 0 0 9 271 0 153 183 190 247 57 400 118 45 180 50 54 111 151 118 34 292 51 42 2 0 2 0 0 0 0 2 0 0 3 0 0 3 3 6 3 0 47 0 0 0 0 0 0 0 0 0 0 0 0 0 0 0 0 0 0 0 0 0 0 0 0 0 0 0 0 0 0 0 0 0 0 0 14 0 0 0 0 0 0 2 13 4 12 3 0 10 0 13 19 17 0 0 0 14 14 13 0 0 0 16 0 0 0 0 0 0 0 0 0 0 0 0 4 0 0 0 26 0 0 0 0 0 0 0 0 3 0 0 0 1 0 3 0 0 0 0 21 0 0 0 0 0 0 0 0 0 0 0 0 0 0 0 0 0 0 0 0 0 0 0 26 17 10 26 0 0 14 2 10 6 0 0 29 83 16 10 0 0 3 0 0 0 0 0 0 0 0 0 0 0 15 9 0 1 0 0 0 0 0 0 0 0 0 0 0 0 0 27 0 5 0 1 0 0 0 0 0 0 0 0 1 65 1 0 0 31 0 0 0 0 0 0 0 0 0 0 0 0 0 0 0 0 8 6 0 0 0 0 
 0 0 0 0 0 3 0 0 0 0 0 0 0 3 0 0 1 0 0 0 0 6 4 62 4 0 0 2 4 2 0 0 0 1 0 1 2 10 0 2 386 153 0 96 99 188 117 82 251 59 74 47 137 102 53 51 125 278 15 280 0 0 0 0 0 0 57 1 0 0 0 0 58 0 0 10 17 0 207 0 0 0 0 0 0 0 0 0 0 20 0 0 0 0 0 0 0 0 11 0 10 4 2 0 0 21 0 2 2 0 2 4 0 7 0 17 5 0 0 0 19 23 10 0 7 8 22 13 8 31 22 23 0 0 20 0 26 8 1 0 26 0 0 0 0 0 9 0 4 0 21 0 5 0 0 0 0 0 18 0 0 0 0 0 0 0 0 27 0 0 0 0 0 25 0 0 0 0 2 0 6 7 24 0 16 0 0 0 0 3 1 2 0 0 3 0 0 6 0 0 4 18 0 0 21 0 0 0 7 0 10 4 1 0 10 10 24 1 8 0 10 0 0 0 0 0 11 0 49 0 0 0 0 0 0 0 0 0 9 0 0 0 7 0 0 0 0 0 0 0 0 12 0 0 0 0 0 0 0 2 0 13 0 0 70 5 0 2 0 0 8 0 0 0 0 0 0 0 0 0 0 0 0 0 0 1 0 0 0 0 
 9 3 3 3 3 3 3 106 69 3 3 3 3 5 3 3 3 3 3 3 0 6 4 4 3 238 0 0 4 5 3 0 0 0 0 3 1 33 0 3 45 183 96 0 361 59 58 70 213 304 112 358 294 159 116 144 67 260 36 39 2 2 0 0 0 1 0 2 0 3 5 0 51 0 0 0 2 0 51 57 0 0 0 0 0 0 0 0 0 0 0 15 0 0 0 0 0 0 0 0 8 5 6 0 0 19 0 3 3 0 1 6 0 33 0 6 6 0 0 0 13 0 0 0 11 0 3 0 0 0 22 0 0 0 0 0 0 14 1 0 0 0 0 0 0 0 0 28 16 0 0 0 16 0 25 0 1 0 0 12 0 0 0 0 0 5 0 0 0 0 0 1 0 0 0 0 0 0 12 0 6 23 8 0 4 0 0 0 0 4 3 31 0 0 17 0 5 8 0 0 0 9 0 7 0 17 1 0 0 0 21 14 1 0 21 18 9 0 0 0 45 10 0 0 0 0 0 20 8 0 0 0 48 7 0 1 34 0 10 15 0 0 7 0 0 0 0 0 0 0 0 4 0 0 0 0 0 0 0 8 0 0 9 1 0 2 0 0 0 0 0 0 0 0 0 0 0 0 0 0 0 0 0 0 0 0 0 0 1 0 
 0 0 0 0 0 0 0 1 0 0 0 0 0 0 0 2 0 0 0 0 0 0 0 0 0 0 0 0 0 0 0 0 0 0 0 1 0 0 0 2 26 190 99 361 0 89 42 117 345 316 160 174 111 83 133 157 52 231 54 74 12 0 2 0 2 0 26 30 7 0 46 3 117 6 0 0 0 0 51 53 0 0 0 0 0 0 0 0 0 0 0 0 0 0 0 0 0 0 0 0 0 0 0 0 0 0 0 0 0 0 0 0 0 0 0 0 0 0 0 0 20 0 0 9 0 6 0 0 0 0 14 23 0 0 0 0 0 38 0 0 25 0 11 9 0 0 25 28 12 0 6 0 24 0 38 7 3 3 10 45 0 0 0 0 0 0 0 2 0 0 0 0 0 2 0 0 0 0 0 0 0 0 0 0 4 0 0 0 0 0 0 0 0 0 0 0 0 0 12 0 0 0 6 0 21 21 0 9 0 0 11 0 0 10 10 23 22 0 0 6 77 0 32 1 0 0 19 18 32 0 3 0 8 15 27 9 13 4 9 13 0 0 0 0 0 0 0 0 0 0 0 7 2 0 0 1 0 0 2 1 0 0 8 0 0 2 0 1 0 0 0 0 0 0 0 0 0 0 0 0 0 0 0 0 8 0 0 0 1 0 
 0 0 0 0 0 0 0 0 62 0 0 0 0 0 2 0 1 0 2 0 0 4 4 0 8 0 0 0 5 19 0 4 0 1 0 4 4 7 0 0 234 247 188 59 89 0 32 36 46 79 171 193 27 46 262 81 58 267 20 250 0 0 49 0 2 0 83 1 3 104 0 0 49 0 46 51 3 0 0 3 0 0 0 0 0 0 0 0 0 0 0 0 0 0 0 0 0 0 0 0 4 5 10 0 0 6 0 16 10 0 0 4 0 4 0 0 8 0 0 0 0 0 0 0 0 29 6 0 0 0 12 20 0 0 0 0 0 13 1 0 37 16 0 22 0 0 29 30 0 0 27 0 36 0 15 17 0 19 22 15 0 0 0 0 0 0 0 6 0 0 0 0 0 6 0 0 0 0 3 0 1 4 4 0 5 0 0 0 0 4 12 6 0 0 6 0 0 8 0 0 6 0 0 11 4 9 4 0 0 0 0 20 1 0 0 0 0 0 0 0 26 1 15 2 4 0 17 40 14 5 0 15 0 9 34 50 15 0 19 36 0 0 6 0 0 0 0 0 0 0 0 7 0 0 0 0 0 0 0 0 0 22 67 0 0 12 5 0 0 0 0 0 0 0 0 0 0 0 0 0 0 0 0 0 0 0 0 0 0 0 
 1 0 0 3 0 0 0 0 0 6 0 62 0 0 0 0 1 0 0 0 0 0 0 65 56 63 0 62 0 0 0 0 0 0 0 21 0 0 0 0 210 57 117 58 42 32 0 137 99 94 32 52 194 248 108 20 64 26 115 225 0 2 0 27 0 0 0 2 0 8 0 58 0 0 0 5 17 0 12 0 0 0 0 0 0 0 0 0 0 0 0 0 0 0 0 0 0 0 0 0 0 0 2 0 12 9 0 0 0 0 0 0 0 0 0 0 0 0 0 0 0 22 91 2 49 0 13 3 0 35 3 3 0 39 29 0 7 0 0 32 0 0 11 3 0 0 0 0 36 2 0 5 0 0 0 0 1 0 0 0 0 0 0 0 0 0 0 0 0 0 0 10 0 0 0 0 4 0 0 6 0 0 12 0 54 0 0 0 0 0 0 0 0 0 0 0 0 0 0 0 10 9 9 10 35 0 4 0 0 0 0 11 0 9 25 17 25 12 35 1 0 0 0 0 0 5 0 0 0 0 0 0 0 0 0 0 0 0 0 0 0 0 0 0 0 0 0 0 2 0 0 3 0 0 0 0 16 62 0 0 0 1 0 67 0 1 3 0 0 0 7 0 0 0 0 0 0 0 0 0 0 0 0 0 43 0 0 1 1 0 
 0 0 0 0 0 3 0 0 0 28 2 0 0 0 0 2 0 2 0 0 0 0 0 1 68 0 0 0 0 0 0 64 6 0 2 0 0 3 0 0 400 400 82 70 117 36 137 0 155 91 49 28 130 230 561 410 131 110 103 102 6 0 2 0 4 0 2 5 3 0 5 0 0 6 0 4 0 0 52 0 0 0 0 0 0 0 0 0 0 0 0 0 0 0 0 0 0 0 0 0 0 0 0 0 0 11 0 0 17 0 9 1 0 0 0 0 0 0 0 0 12 0 11 40 32 12 0 0 1 11 1 15 11 0 6 10 20 19 4 33 0 16 7 6 0 0 3 0 0 0 0 0 0 8 2 10 0 0 29 15 0 0 0 0 0 22 0 0 13 0 0 0 0 0 0 0 0 20 0 0 0 0 10 0 0 6 0 0 0 0 0 0 0 0 0 0 0 0 0 0 10 0 28 27 21 7 1 9 6 16 0 15 0 30 55 26 1 10 0 0 0 0 4 0 0 0 4 3 3 0 0 0 0 0 0 0 0 4 1 0 0 0 0 0 0 0 0 0 0 0 0 64 0 0 0 0 0 0 0 10 0 0 1 0 0 15 0 12 0 0 0 0 0 0 0 0 0 0 0 0 0 0 0 0 20 7 0 6 1 0 
 0 0 0 0 0 0 0 0 0 0 0 0 0 2 0 0 0 0 0 0 0 0 0 4 0 0 0 0 0 0 0 4 0 0 0 5 0 0 0 5 307 118 251 213 345 46 99 155 0 366 110 50 103 407 205 162 282 71 46 269 0 0 0 0 4 0 0 2 0 0 4 0 0 0 0 9 0 0 0 0 0 0 0 0 0 0 0 0 0 0 0 0 0 0 0 0 0 0 0 0 0 0 0 0 0 0 0 0 0 0 0 0 0 0 0 0 0 0 0 0 1 17 3 20 11 9 0 35 12 0 26 9 0 0 0 11 18 0 0 0 0 0 0 22 4 7 0 0 0 0 0 0 0 0 0 0 10 0 21 0 0 0 0 0 0 0 0 0 0 0 0 3 0 0 0 0 0 0 0 3 0 0 0 0 0 0 0 0 0 0 0 0 0 0 0 0 0 0 0 0 0 26 10 11 12 24 0 10 14 18 0 28 0 11 31 20 18 0 0 0 4 0 0 0 0 0 0 0 0 0 0 0 44 19 0 0 0 0 0 0 0 0 0 0 0 0 2 0 0 0 0 0 0 0 0 2 0 0 0 1 0 0 0 1 1 0 2 68 2 0 6 0 0 0 0 0 0 0 0 0 0 0 0 0 0 10 0 0 1 0 
 0 0 0 0 0 4 0 0 0 0 0 0 0 1 0 0 0 0 0 0 62 88 1 1 62 61 1 57 0 4 0 62 0 76 0 1 1 0 134 65 29 45 59 304 316 79 94 91 366 0 57 28 98 298 371 192 194 54 115 138 0 6 2 0 16 1 1 5 0 50 2 1 1 6 55 5 3 0 0 2 0 0 0 0 0 0 0 0 0 0 0 0 0 0 0 0 0 0 0 0 0 0 0 0 0 12 0 10 7 9 0 0 0 10 0 17 0 0 0 0 25 2 48 10 7 5 10 11 20 9 10 0 0 0 0 16 11 3 0 10 3 5 0 0 0 0 0 0 0 0 0 0 6 0 0 0 0 0 2 0 0 0 0 0 0 0 0 0 0 0 0 0 0 0 0 0 0 0 0 23 0 14 0 35 0 0 11 0 0 0 0 7 12 0 0 19 0 0 0 0 11 0 5 37 4 0 10 8 16 8 4 0 3 9 0 0 0 10 0 0 0 0 1 0 0 7 0 0 0 0 0 0 3 3 0 0 0 0 0 0 0 0 0 0 0 0 0 0 0 0 0 11 0 1 0 0 0 0 1 0 0 0 1 0 3 0 0 0 0 0 9 0 0 0 0 0 0 0 0 0 0 1 3 0 10 0 0 10 0 0 
 0 0 0 63 0 2 0 0 0 0 0 0 0 0 0 0 0 1 0 0 0 0 63 4 3 0 0 0 0 0 0 4 0 0 0 3 0 0 0 3 280 180 74 112 160 171 32 49 110 57 0 584 31 14 91 457 68 174 33 30 0 56 4 0 0 0 71 0 0 0 2 0 118 52 1 0 0 36 53 54 0 0 0 0 0 0 0 0 0 0 0 0 0 0 0 0 0 0 0 0 0 0 0 0 0 0 0 10 0 0 0 0 0 0 0 0 0 0 0 0 0 0 0 0 7 2 0 0 7 0 16 30 0 0 11 0 0 11 0 0 15 1 9 0 0 3 11 27 0 0 31 0 17 0 4 11 8 6 11 8 0 0 0 0 0 0 0 1 0 0 0 0 0 1 0 0 0 0 0 0 0 0 0 0 8 0 0 0 0 0 0 0 0 0 0 0 0 0 0 0 0 0 1 0 23 25 0 1 6 0 0 0 0 0 12 11 11 0 20 0 32 9 13 0 5 0 3 27 27 0 1 4 10 2 18 1 19 0 19 15 0 0 0 0 0 0 0 0 0 0 0 12 0 0 0 0 0 0 0 7 0 0 1 0 65 67 0 0 0 0 11 0 0 0 0 12 0 0 0 0 0 0 0 0 1 1 0 0 1 0 
 0 0 1 0 1 0 0 1 67 3 0 1 0 0 0 2 0 0 2 0 0 0 0 0 0 0 3 0 0 0 0 2 0 1 0 3 0 0 0 0 25 50 47 358 174 193 52 28 50 28 584 0 256 41 29 37 60 209 18 22 0 0 0 0 2 0 55 103 57 1 5 0 52 0 0 0 0 0 51 71 0 0 0 0 0 0 0 0 0 0 0 0 0 0 0 0 0 0 0 0 0 0 0 0 0 0 0 0 0 0 0 0 0 0 0 0 0 0 0 0 0 0 0 0 0 38 0 4 0 0 1 13 18 0 0 0 0 13 0 0 23 0 0 0 6 0 17 37 13 0 13 0 25 0 3 0 1 0 28 27 0 0 0 0 0 0 0 6 0 0 0 0 10 6 0 0 0 0 2 0 0 0 0 0 0 0 0 0 0 0 0 0 9 0 0 6 0 0 0 6 11 0 0 0 11 0 0 0 0 0 31 10 0 0 0 0 0 0 0 0 17 8 0 0 0 5 22 10 23 11 0 9 0 0 11 0 26 0 10 32 0 0 0 0 0 0 0 0 0 0 0 6 0 50 0 0 0 0 0 11 0 0 5 0 0 2 0 0 3 0 0 0 0 0 0 0 0 0 0 0 0 0 0 0 0 0 0 0 2 0 
 3 3 3 4 65 3 3 3 3 3 3 3 3 5 3 3 65 3 3 3 0 0 0 64 63 127 0 2 61 1 0 1 0 0 0 32 4 7 0 0 142 54 137 294 111 27 194 130 103 98 31 256 0 375 106 257 42 38 214 534 3 0 3 2 12 0 0 67 0 0 2 10 0 2 0 0 0 0 1 0 0 0 0 0 0 0 0 0 0 0 0 0 0 0 0 0 0 0 0 0 0 0 3 8 22 6 0 0 0 0 0 2 0 0 0 1 0 10 6 0 0 15 10 0 0 0 9 1 0 24 1 0 6 26 35 2 9 0 10 46 5 0 20 1 0 0 0 0 57 0 0 0 0 8 6 2 0 5 0 0 0 0 0 0 0 0 1 0 0 0 0 0 0 0 0 0 0 0 0 0 0 0 50 0 51 1 0 0 0 4 9 1 0 0 0 0 0 15 0 6 9 0 14 0 0 0 20 10 1 1 0 0 10 8 11 0 10 0 20 2 0 0 1 0 0 0 0 8 0 0 0 0 0 0 1 0 0 0 0 0 0 0 11 0 0 0 0 0 0 0 0 8 0 1 0 0 0 62 0 2 8 0 0 0 0 2 0 0 0 0 0 0 0 0 0 0 0 0 0 0 0 0 0 0 7 0 0 0 0 0 
 2 2 2 2 2 2 2 2 2 30 2 2 2 2 2 5 2 2 3 2 2 2 3 64 275 26 67 5 2 5 2 6 2 2 2 2 2 2 2 5 121 111 102 159 83 46 248 230 407 298 14 41 375 0 235 118 107 46 125 203 0 0 0 0 7 13 0 2 0 1 5 0 0 0 0 6 0 0 8 0 0 0 22 0 0 0 0 0 0 1 0 0 0 0 0 0 0 0 0 0 0 0 0 0 29 1 0 0 0 0 0 0 0 0 0 0 0 0 0 0 15 2 15 0 27 12 15 11 0 22 0 0 7 9 11 1 10 0 13 13 0 0 6 5 2 1 0 0 3 0 0 0 0 0 0 0 0 0 18 0 0 0 0 0 0 13 0 0 0 21 0 0 0 0 0 0 0 0 0 0 0 0 0 0 17 2 0 0 0 0 0 1 0 0 0 0 0 0 0 0 0 20 26 9 0 9 11 0 0 7 0 24 0 0 37 0 26 0 23 1 0 0 0 0 0 0 0 0 0 0 0 0 0 0 0 0 0 0 0 0 0 0 0 0 0 0 0 0 0 0 0 2 0 0 0 0 0 0 0 0 0 11 0 0 0 0 2 81 2 0 0 0 0 0 0 0 0 0 0 0 0 0 0 0 7 0 0 0 2 0 
 0 0 0 0 0 9 0 0 76 0 0 0 0 0 0 4 0 0 0 41 0 2 1 0 2 119 0 6 0 62 0 63 4 2 0 0 0 63 0 3 290 151 53 116 133 262 108 561 205 371 91 29 106 235 0 232 139 178 149 84 0 0 0 0 0 0 0 3 0 0 0 0 0 0 0 0 0 1 74 0 0 0 0 0 0 0 0 0 0 0 0 0 0 0 0 0 0 0 0 0 14 2 0 9 6 6 0 1 1 0 13 0 0 4 0 19 1 6 0 0 13 23 0 25 24 0 18 0 0 1 0 18 8 7 0 14 0 48 13 0 9 0 0 0 0 0 0 3 0 0 0 0 0 0 0 0 0 0 0 0 0 0 0 0 0 10 0 0 0 0 0 7 0 0 0 0 0 0 0 4 4 4 0 0 17 13 0 0 0 22 0 21 0 0 0 0 3 1 7 1 11 2 28 2 8 0 23 10 8 0 11 11 49 19 56 12 0 10 3 14 0 0 0 0 0 0 0 0 0 0 0 0 0 0 0 12 0 0 0 0 0 0 13 0 0 0 0 0 0 0 0 3 0 1 0 0 0 0 0 2 0 0 1 2 2 5 0 0 0 0 0 0 0 0 0 0 0 0 0 0 0 3 0 0 16 0 0 0 0 0 
 3 3 3 3 3 3 3 3 3 3 3 3 3 3 3 6 3 3 3 3 2 3 2 2 4 2 2 5 2 2 2 2 2 4 2 2 2 2 2 5 308 118 51 144 157 81 20 410 162 192 457 37 257 118 232 0 102 135 31 265 0 0 0 0 4 2 0 2 0 0 9 0 15 0 1 0 2 0 18 3 0 9 0 0 0 0 0 0 0 0 0 0 0 0 0 2 0 0 0 0 0 0 0 0 5 0 0 0 0 0 0 0 0 0 0 0 0 0 0 0 8 0 1 19 16 0 0 0 0 0 10 45 0 0 19 11 2 6 0 44 0 11 8 11 2 15 0 0 0 0 0 0 0 0 5 0 0 0 1 12 0 0 0 0 0 5 0 0 0 0 7 0 0 0 0 0 0 0 0 0 0 0 0 0 6 0 0 0 0 0 0 0 0 0 0 0 0 0 0 0 18 51 14 59 12 2 0 0 0 4 0 11 0 6 6 11 0 5 0 0 0 7 0 0 0 0 0 0 0 0 0 12 0 0 0 0 9 0 0 0 0 0 0 0 0 0 0 1 0 0 0 8 0 0 0 0 0 0 0 1 0 0 0 1 1 41 0 2 0 0 0 0 0 0 0 0 0 0 0 0 0 0 0 0 6 29 0 1 1 0 
 0 0 0 0 1 0 0 0 0 0 0 62 0 2 0 0 0 2 0 0 2 7 5 2 7 2 2 8 6 2 4 2 4 2 2 0 2 6 2 2 101 34 125 67 52 58 64 131 282 194 68 60 42 107 139 102 0 125 26 309 0 0 0 0 0 0 0 2 0 0 50 0 0 0 0 7 0 0 0 0 0 0 0 0 0 0 0 0 0 0 0 0 0 0 0 0 0 0 0 0 48 4 0 0 0 6 0 3 13 0 3 0 0 7 0 8 7 0 0 0 12 32 36 7 21 3 6 4 13 17 11 0 0 0 33 24 38 0 1 9 0 10 0 0 0 0 0 0 1 0 0 0 0 0 0 0 0 0 20 0 0 0 0 0 0 1 0 0 0 0 0 8 0 0 0 0 0 0 0 4 8 7 0 0 9 0 0 0 0 5 0 3 0 0 1 0 0 12 1 0 34 13 7 33 46 12 0 0 1 14 0 32 0 9 37 21 21 21 0 0 0 0 0 0 0 0 0 0 0 0 0 0 0 0 0 0 0 0 0 0 0 0 14 0 0 0 0 0 0 0 0 9 0 1 0 0 0 0 0 1 0 0 0 61 0 0 0 39 0 0 15 0 0 0 0 0 0 0 0 0 0 0 0 0 0 7 0 8 0 0 
 0 0 0 1 0 4 0 0 0 0 0 0 0 3 0 2 0 0 0 0 2 2 6 3 3 2 2 7 3 2 2 2 2 4 2 2 2 2 2 2 40 292 278 260 231 267 26 110 71 54 174 209 38 46 178 135 125 0 43 52 0 0 0 0 0 0 0 2 0 0 4 0 0 0 0 0 0 0 19 24 0 0 0 0 0 0 0 0 0 0 0 0 0 0 0 0 0 0 0 0 1 2 0 3 4 0 0 1 1 0 3 0 0 4 0 4 0 4 0 0 0 0 11 13 0 0 0 9 0 13 36 16 0 0 0 0 0 44 0 0 0 0 0 0 0 0 41 0 8 0 1 0 1 0 7 0 0 0 0 15 0 0 0 0 0 8 0 1 0 0 0 1 0 0 0 0 0 0 5 0 8 4 0 0 0 0 0 0 0 2 0 1 0 0 0 0 15 0 6 0 0 0 11 0 0 9 0 0 0 0 26 0 0 0 8 28 14 10 1 0 0 11 0 0 0 0 0 1 3 0 0 0 23 16 0 0 12 0 0 11 0 0 0 0 0 0 0 0 0 0 0 8 0 2 0 0 0 0 0 2 0 1 1 63 1 5 3 0 0 0 0 0 0 0 0 0 0 0 0 0 0 2 0 0 13 0 0 0 0 0 
 2 3 2 2 2 3 2 2 2 2 3 2 2 3 2 2 2 2 2 2 0 0 0 112 119 78 0 0 0 0 84 62 0 0 0 0 0 63 0 0 65 51 15 36 54 20 115 103 46 115 33 18 214 125 149 31 26 43 0 138 0 21 0 4 0 0 0 2 0 7 0 8 0 0 0 6 11 0 7 0 0 0 0 0 0 0 0 0 0 0 13 0 8 0 0 0 0 0 0 0 0 0 0 2 16 0 0 0 0 0 11 6 0 0 0 0 0 21 0 11 0 6 11 40 11 0 23 0 9 40 0 21 0 12 10 4 6 0 19 11 0 9 2 1 0 0 0 0 5 3 3 3 0 0 0 0 0 0 0 4 0 0 0 0 0 18 0 0 0 18 0 0 0 0 0 0 0 2 0 0 0 0 0 0 23 8 11 0 0 0 0 0 0 0 0 0 0 0 0 0 21 38 20 0 0 0 16 3 14 7 25 0 0 15 6 12 11 7 10 0 0 0 0 7 0 2 0 0 0 3 0 0 0 0 0 0 2 0 0 0 0 0 3 0 0 0 0 0 0 0 0 2 0 0 0 0 0 0 0 9 0 13 0 0 0 14 10 0 2 0 7 0 0 0 0 0 0 0 0 0 0 0 0 0 9 0 0 2 1 0 
 0 0 0 0 0 0 0 0 0 0 0 0 0 0 0 0 8 0 0 0 0 0 0 1 82 77 0 0 29 1 0 6 0 0 0 78 1 68 0 0 83 42 280 39 74 250 225 102 269 138 30 22 534 203 84 265 309 52 138 0 0 0 0 0 0 0 0 1 0 0 0 7 0 0 49 0 0 0 50 0 0 0 0 0 0 0 0 0 0 0 0 0 0 0 0 0 0 0 0 0 0 0 8 17 11 47 0 0 0 0 0 0 0 0 0 0 0 16 8 0 23 6 10 0 17 0 29 0 2 12 10 0 0 22 15 0 9 0 0 28 0 0 0 0 0 0 0 0 2 0 0 0 0 0 0 0 0 0 0 0 0 0 0 0 0 0 5 0 0 0 0 0 0 0 0 0 0 0 0 0 0 11 11 0 49 12 0 0 0 0 17 0 0 0 0 0 3 14 0 0 12 0 8 0 0 0 0 20 0 0 0 0 14 0 7 0 0 0 9 12 0 0 0 0 0 0 0 0 0 0 0 0 0 0 0 0 0 0 0 0 0 0 0 0 0 0 0 0 0 0 0 6 0 0 0 0 0 0 3 0 14 0 0 0 0 1 0 0 0 0 7 0 0 0 0 0 0 0 0 0 0 0 0 0 1 0 0 1 1 0 
 0 0 0 0 0 0 0 0 0 0 0 0 0 0 0 0 0 0 0 0 2 2 2 2 5 2 2 2 2 2 5 2 2 2 2 2 2 2 4 5 0 2 0 2 12 0 0 6 0 0 0 0 3 0 0 0 0 0 0 0 0 98 130 104 15 98 220 209 74 142 76 29 35 127 78 84 114 139 38 169 0 0 0 0 0 0 0 0 0 0 0 0 0 0 0 0 0 0 0 0 0 0 0 0 0 0 0 0 0 0 0 0 0 0 0 0 0 0 0 0 0 0 0 0 0 0 0 0 0 0 0 0 0 0 0 0 0 0 0 0 0 4 19 22 0 14 15 2 16 2 10 7 0 9 0 4 0 18 0 14 0 0 0 0 1 0 0 0 0 0 0 0 0 0 3 0 0 0 0 0 0 0 0 0 0 0 0 0 0 0 0 0 0 0 0 10 0 0 0 0 0 0 0 0 0 0 0 0 0 0 0 0 0 0 0 0 0 0 0 0 19 30 22 18 0 0 31 11 17 22 0 7 0 14 8 0 84 33 0 0 0 0 0 0 0 0 0 0 0 0 0 0 0 0 18 0 0 0 1 0 0 0 6 0 0 0 0 1 0 0 1 1 1 2 1 0 0 0 0 0 0 0 0 0 0 0 0 0 0 0 
