 0 106 357 137 330 31 473 163 265 34 67 139 126 82 268 122 242 202 98 224 0 3 1 3 1 3 4 4 1 0 0 2 1 0 0 3 5 0 0 0 2 0 0 0 4 0 0 0 0 0 55 9 0 0 5 0 9 3 0 2 0 0 0 2 1 0 8 2 0 6 3 0 0 1 0 0 3 0 0 1 10 14 10 10 41 7 0 11 9 26 8 13 0 40 33 22 2 0 16 21 0 0 0 0 0 0 0 0 0 0 2 0 0 10 0 0 0 0 8 0 0 0 0 0 0 0 0 0 0 0 0 0 0 0 0 0 0 0 0 0 0 0 0 0 0 0 0 0 0 0 5 0 0 0 0 0 0 0 0 2 12 22 25 0 28 15 5 11 9 3 17 34 0 74 13 20 1 16 10 25 0 0 22 0 0 0 0 0 0 0 0 0 8 0 0 0 0 0 20 0 0 0 0 0 0 0 0 0 0 0 0 0 0 0 0 0 0 2 0 0 0 0 2 2 0 0 0 0 0 0 0 2 16 0 0 0 0 2 0 0 0 0 0 0 1 2 0 2 4 0 0 11 0 0 0 0 0 0 0 0 0 0 11 0 0 0 0 0 0 0 0 0 0 0 0 2 13 0 0 0 0 0 0 0 0 0 0 0 0 0 
 106 0 339 162 136 87 248 180 369 133 252 183 143 269 94 222 127 686 593 243 0 3 0 3 0 8 0 2 2 0 0 0 2 1 0 0 3 0 146 0 2 2 0 0 0 0 0 0 0 0 0 0 0 0 7 0 3 3 0 6 0 0 0 0 0 0 7 2 0 0 0 0 0 0 0 0 0 0 0 0 11 11 10 0 12 0 31 36 25 3 14 10 18 25 0 15 21 0 0 13 0 0 0 0 0 0 0 2 8 1 0 0 0 0 0 0 0 0 11 0 0 0 0 0 0 0 0 0 0 0 0 0 0 0 8 0 0 0 0 0 0 0 0 0 0 5 0 0 0 0 0 0 4 1 0 0 0 0 0 0 15 0 15 19 16 0 38 23 10 0 0 23 0 28 8 14 28 68 27 15 14 0 0 0 0 0 0 0 0 0 0 0 1 0 0 0 0 0 12 4 0 0 0 0 0 0 0 0 0 0 0 0 0 0 1 0 0 0 0 0 0 0 1 0 0 0 0 0 0 0 0 0 2 0 0 0 1 0 0 0 0 0 0 0 0 2 0 0 2 0 7 14 0 0 0 0 0 0 0 0 0 0 0 0 0 0 0 0 0 0 0 0 0 0 0 2 0 1 0 0 0 0 0 0 0 0 0 0 0 0 
 357 339 0 101 56 45 266 85 74 46 273 257 114 42 38 158 255 123 250 62 82 4 0 8 2 6 0 2 3 3 3 5 4 3 1 0 3 0 3 161 2 0 2 2 0 0 0 5 0 0 0 15 0 0 5 0 4 3 0 2 0 0 2 0 3 0 0 2 0 0 0 2 2 3 0 0 0 1 0 0 19 0 0 19 32 46 14 9 4 0 21 34 12 12 26 26 30 19 0 23 23 0 0 0 0 0 0 0 0 0 0 0 0 1 0 0 0 0 0 31 10 2 21 0 0 0 0 0 0 0 0 0 0 0 0 2 0 0 0 0 0 0 0 0 0 2 0 0 0 0 0 0 0 0 0 0 0 0 8 2 35 10 33 14 1 0 0 19 0 0 0 0 0 0 39 17 13 15 12 9 0 0 0 0 0 0 1 0 0 0 0 0 18 0 0 40 0 0 0 34 0 0 0 0 0 0 0 38 0 0 0 0 0 0 0 0 0 0 0 0 0 0 0 0 0 0 0 0 0 0 0 0 0 0 0 0 0 0 0 0 0 0 0 0 0 0 1 0 1 9 8 28 0 0 0 2 0 0 0 0 0 0 1 0 0 0 0 0 0 0 0 0 0 0 0 14 12 0 0 0 0 0 0 0 0 0 0 0 0 0 
 137 162 101 0 106 167 91 221 406 64 154 301 155 175 153 47 155 237 131 280 75 3 0 3 0 2 0 2 1 1 0 2 360 0 0 209 3 0 222 356 2 0 0 5 7 0 0 0 4 0 0 0 2 0 0 1 3 3 0 6 0 0 0 0 1 0 0 2 0 0 2 0 0 0 0 0 0 0 0 0 17 0 1 29 0 22 0 0 18 26 57 11 0 1 0 7 4 21 0 0 0 16 0 0 0 0 7 0 0 0 1 0 12 10 0 16 0 0 28 0 1 0 2 0 0 2 0 0 2 0 0 0 0 0 0 0 0 0 0 0 0 0 0 0 0 7 0 0 0 0 0 0 3 0 0 0 0 1 0 0 0 9 0 25 0 17 0 1 38 35 51 20 0 0 0 1 1 3 0 11 44 0 0 0 0 0 5 0 0 0 0 0 0 0 0 14 2 0 19 17 0 0 0 0 2 0 0 1 2 0 0 0 0 0 0 1 0 0 0 0 0 0 0 0 0 0 0 0 0 0 0 0 0 0 0 0 0 0 0 0 0 18 0 0 0 2 3 2 0 44 2 9 0 0 0 0 0 0 0 0 0 0 0 0 0 0 0 0 0 0 0 0 0 0 0 0 0 0 0 0 0 0 0 0 0 0 3 0 0 0 
 330 136 56 106 0 82 288 151 69 306 212 53 83 186 107 86 48 100 88 124 0 81 43 3 2 1 0 20 2 0 0 0 74 76 24 75 38 2 21 27 2 1 0 0 6 9 0 0 60 0 0 0 0 0 0 0 3 3 0 69 0 0 0 0 0 0 2 2 0 0 0 0 0 0 0 0 0 0 0 0 0 16 11 0 27 9 0 14 1 15 1 0 0 10 13 0 0 0 0 9 0 11 10 0 0 0 44 32 18 20 0 0 26 13 21 1 47 0 14 42 0 0 0 0 0 16 0 0 0 0 0 0 0 0 0 0 0 0 0 0 0 0 2 0 0 0 0 6 0 0 0 0 0 1 0 0 0 0 0 1 0 0 0 15 11 10 18 0 22 0 6 16 0 12 0 0 0 0 3 15 12 31 0 5 0 0 7 30 25 1 0 0 12 8 70 0 13 0 0 39 0 0 0 0 0 0 0 9 0 0 0 0 0 0 1 0 0 0 12 0 12 0 0 0 0 0 0 0 0 0 0 0 2 18 0 0 1 0 0 0 0 0 17 0 0 0 2 0 5 2 0 15 0 0 0 0 0 0 0 0 0 16 0 0 0 0 0 0 0 0 0 0 0 0 0 1 0 0 0 0 0 2 0 0 0 0 0 0 0 0 
 31 87 45 167 82 0 236 119 48 66 64 247 70 152 49 374 50 140 150 61 78 78 0 3 0 2 73 19 1 0 0 0 44 73 22 191 3 0 92 37 9 1 0 0 4 0 0 0 1 0 0 21 0 0 1 0 3 3 0 66 0 3 5 0 5 0 0 2 3 0 0 0 0 0 0 0 0 0 0 0 15 0 0 0 28 49 0 0 13 0 19 2 0 25 12 15 0 17 0 0 32 0 16 0 16 0 36 1 0 0 0 0 10 46 0 17 6 0 43 14 0 0 0 0 0 1 0 0 0 0 0 0 0 0 0 0 0 0 0 0 7 0 0 0 0 0 0 18 0 0 0 0 0 0 0 0 0 4 0 4 3 10 0 0 10 0 0 0 2 14 1 10 0 0 19 12 0 0 0 1 29 10 0 26 0 0 31 0 0 15 0 0 1 13 10 0 11 0 5 14 0 0 0 0 1 0 0 2 1 0 0 0 0 0 0 0 0 0 0 0 0 0 0 0 0 0 0 0 0 0 0 0 0 0 0 0 0 0 0 0 0 0 0 0 0 4 3 1 5 86 0 14 0 0 0 2 0 0 0 0 0 0 2 0 0 0 0 0 0 0 0 0 0 0 0 12 0 0 0 0 0 0 0 0 0 0 7 0 0 0 
 473 248 266 91 288 236 0 310 53 28 45 43 166 251 95 49 133 184 40 219 0 5 0 3 6 1 4 4 4 0 0 8 8 3 6 0 6 3 4 1 5 3 6 0 0 0 0 0 0 0 4 0 3 2 7 0 3 3 2 2 0 0 0 0 0 0 2 2 0 0 3 0 0 0 0 0 51 0 0 0 1 41 39 37 16 0 14 32 3 16 11 9 37 29 53 15 15 0 0 11 0 0 0 0 0 0 0 0 0 0 0 0 0 0 0 0 0 0 0 0 0 0 0 1 0 0 0 0 0 0 0 0 0 0 0 1 0 0 0 0 0 0 1 0 0 0 0 0 0 0 0 0 4 0 0 0 6 0 0 0 8 0 0 11 0 0 14 11 15 0 6 0 23 23 14 0 14 32 1 29 0 0 0 0 0 0 0 0 0 0 0 0 0 0 24 0 0 1 0 0 0 0 0 0 0 0 0 0 0 0 0 0 0 0 0 0 0 0 0 0 0 17 0 0 0 0 0 0 0 0 0 0 0 0 1 0 0 0 0 0 0 0 0 0 0 0 2 0 0 0 2 15 0 0 0 0 0 0 0 0 0 0 0 0 0 0 0 0 0 0 2 0 0 0 0 0 0 14 0 0 0 0 0 0 0 0 0 0 0 0 
 163 180 85 221 151 119 310 0 84 29 131 129 290 413 648 298 546 220 92 152 0 3 0 3 0 0 4 2 4 0 0 0 1 0 0 0 3 0 0 1 2 0 0 5 0 0 0 0 12 2 0 4 0 0 2 0 3 3 0 2 0 0 0 2 2 4 0 2 0 0 2 0 0 1 0 0 0 0 0 1 35 22 0 44 16 28 9 14 0 15 0 23 15 29 10 49 3 8 0 29 0 1 0 0 0 0 1 0 0 0 0 0 0 2 0 0 0 0 37 0 0 0 11 0 0 1 0 0 1 0 0 0 0 0 0 0 0 0 0 0 0 0 0 0 0 0 0 0 0 0 0 0 11 0 0 0 13 0 0 0 0 10 7 10 0 9 0 14 44 13 46 25 0 25 15 28 14 8 0 10 1 0 0 0 0 0 0 0 0 0 0 0 0 0 0 0 1 0 0 2 0 0 0 0 16 0 0 2 1 0 0 0 0 0 0 0 0 0 0 0 0 0 0 0 0 0 0 0 0 0 0 0 0 0 0 0 0 0 0 0 0 20 0 0 0 2 0 0 0 0 0 12 6 0 0 0 0 0 0 0 0 0 0 0 0 0 0 0 0 0 0 0 0 0 0 0 0 11 0 0 0 0 0 0 0 0 0 0 0 0 
 265 369 74 406 69 48 53 84 0 209 125 121 204 218 159 139 210 304 85 116 74 3 0 3 0 1 35 2 3 0 0 0 79 0 0 1 3 0 148 74 2 3 0 5 0 0 0 0 7 0 0 0 0 0 66 0 3 3 0 2 9 0 0 0 0 0 0 2 0 0 0 0 0 0 0 29 0 0 0 4 18 0 0 11 0 0 16 0 19 40 17 17 3 0 2 20 0 5 0 2 1 11 0 0 0 0 9 0 0 0 0 0 10 0 0 0 0 0 0 0 0 0 0 0 0 0 0 0 0 0 0 0 2 0 0 0 0 0 0 0 0 0 0 0 0 3 0 0 0 0 0 10 15 0 0 0 0 0 1 14 0 0 9 21 0 10 0 0 27 19 19 14 0 2 0 21 0 1 0 13 19 13 0 0 0 0 0 0 0 0 0 0 5 13 2 0 0 0 18 18 0 0 0 0 0 0 0 0 0 0 0 0 0 0 0 0 0 0 0 0 1 0 0 0 0 1 0 0 0 0 0 0 0 0 0 2 0 0 0 0 0 18 0 0 0 0 3 0 88 1 0 11 9 0 0 0 0 0 0 0 0 0 0 0 0 0 0 0 0 0 0 0 0 0 0 0 15 0 0 0 0 0 0 0 0 0 0 0 0 0 
 34 133 46 64 306 66 28 29 209 0 127 334 71 129 302 97 232 134 95 441 77 3 0 3 0 1 85 2 1 2 0 0 1 75 1 0 3 2 1 77 5 0 0 0 1 0 0 0 0 0 1 1 0 2 12 0 3 3 0 3 0 0 3 2 0 0 0 2 0 0 0 0 1 0 0 0 3 0 0 0 0 25 0 54 89 25 15 14 18 10 40 27 0 10 0 17 14 30 0 18 0 0 0 0 0 0 27 0 0 2 0 0 2 34 0 0 0 0 2 29 0 0 0 0 0 0 0 0 0 0 13 0 0 0 0 0 0 0 0 0 0 0 0 0 0 0 0 0 0 0 5 0 2 0 0 0 8 0 0 0 0 11 36 30 14 0 17 29 0 0 4 0 0 10 16 0 29 21 25 20 0 52 0 0 0 0 51 0 0 14 0 0 36 21 47 18 0 0 12 22 0 0 0 0 0 0 0 22 0 0 0 0 0 0 2 0 0 0 0 1 0 0 0 0 0 0 0 0 0 0 0 0 0 0 0 0 2 12 0 0 0 0 0 0 0 0 0 0 18 17 2 10 0 0 0 1 0 0 0 1 0 0 0 0 0 17 0 0 0 0 0 0 0 0 0 14 14 19 0 0 0 0 0 0 0 0 0 0 0 0 
 67 252 273 154 212 64 45 131 125 127 0 166 62 33 188 163 187 145 264 128 156 3 0 3 0 78 0 3 1 2 1 1 2 75 0 1 3 4 79 92 2 0 0 8 0 0 0 0 78 0 1 0 0 0 2 0 3 3 0 2 0 0 0 0 0 0 0 2 0 0 0 0 60 0 0 0 0 0 0 0 14 2 0 45 26 36 5 0 0 12 57 30 0 32 0 32 0 40 11 0 2 33 0 0 0 0 13 21 0 0 0 0 24 26 2 0 1 0 18 50 0 0 0 0 0 0 0 0 0 0 0 1 0 0 0 0 0 0 1 9 26 0 0 0 0 0 0 2 0 0 7 0 1 0 0 0 31 0 0 0 1 13 18 28 1 0 18 11 8 20 15 0 0 9 19 10 34 0 22 19 0 43 0 0 0 0 19 18 22 1 0 2 18 0 33 34 0 0 14 33 0 0 1 0 0 1 0 13 0 0 0 18 0 0 0 0 0 0 0 0 0 1 0 0 0 0 0 0 0 0 0 0 0 0 0 0 0 0 0 0 0 31 0 0 0 0 2 0 86 57 0 21 2 0 0 0 0 0 0 0 0 0 0 0 0 0 1 0 0 0 0 0 0 0 0 14 0 27 0 0 0 0 0 0 0 0 0 0 0 0 
 139 183 257 301 53 247 43 129 121 334 166 0 704 45 135 43 74 73 142 68 17 3 0 4 1 1 73 2 2 0 0 3 2 0 3 0 79 2 2 110 11 0 3 0 0 0 6 0 0 0 2 13 0 0 2 0 3 4 0 2 0 0 0 0 0 5 0 2 0 0 0 0 0 0 0 50 0 0 0 0 31 0 0 35 43 39 0 0 6 25 8 15 0 17 33 2 2 11 0 14 20 0 2 0 0 0 0 0 0 0 0 0 13 22 0 0 0 0 10 15 0 0 0 0 0 0 0 0 0 0 0 0 0 0 0 0 0 0 0 0 0 0 0 0 0 1 0 0 0 0 0 0 1 14 0 0 0 0 4 5 16 12 1 1 24 11 0 0 10 19 10 14 0 0 39 0 0 0 0 4 2 0 0 0 0 0 0 0 0 11 0 0 17 15 0 11 0 0 26 14 20 0 0 0 0 0 0 0 0 0 0 0 0 0 0 0 0 2 0 0 0 0 0 2 0 0 0 0 0 0 0 0 0 0 0 0 14 2 0 0 0 0 0 0 0 0 1 0 8 87 0 21 0 4 0 0 0 1 0 0 1 0 11 0 0 0 0 0 0 0 0 0 0 33 0 0 29 0 0 0 0 0 0 0 0 0 0 0 0 0 
 126 143 114 155 83 70 166 290 204 71 62 704 0 180 411 253 116 50 144 536 0 3 4 3 0 0 1 2 1 0 0 2 0 0 1 0 3 0 0 0 3 0 0 0 0 0 0 0 0 0 69 0 0 0 1 0 3 3 0 3 6 0 0 0 1 0 0 34 0 0 0 0 0 0 0 0 0 0 0 4 6 27 29 14 0 10 11 38 0 31 0 23 56 11 36 6 13 8 11 18 0 0 0 0 0 0 0 0 0 0 0 0 0 0 0 0 0 2 0 2 2 0 0 0 0 0 0 0 0 0 0 0 0 0 0 0 0 0 0 0 0 0 0 0 0 0 0 0 0 0 0 0 0 0 0 0 0 0 0 0 0 7 18 0 0 1 10 1 0 17 8 15 0 0 0 21 20 0 0 10 0 0 0 0 0 0 0 0 0 0 0 0 0 0 0 0 0 0 0 0 0 0 0 0 0 0 2 0 0 0 0 0 0 0 0 0 0 0 0 0 0 2 0 0 0 0 0 1 0 0 0 0 0 0 14 0 0 0 0 0 0 0 0 0 0 2 0 2 1 1 5 26 8 0 0 0 0 0 0 0 0 0 0 0 0 0 0 0 0 0 0 0 0 0 0 0 0 0 0 0 0 0 0 0 0 0 0 0 0 0 
 82 269 42 175 186 152 251 413 218 129 33 45 180 0 187 50 427 436 295 333 62 5 0 3 1 0 5 4 4 1 2 1 80 3 2 2 6 4 0 0 5 2 0 0 0 0 0 0 62 0 0 0 3 2 7 0 3 3 2 2 1 58 0 0 0 0 0 2 0 0 2 0 0 0 0 54 0 0 0 0 0 45 13 0 13 0 20 31 0 37 3 0 0 22 11 0 59 0 18 21 0 2 0 0 0 0 0 0 0 0 0 0 0 1 0 0 0 0 0 0 0 0 0 0 0 2 0 0 2 0 0 0 0 0 0 0 0 0 0 0 0 0 4 0 0 0 0 0 0 0 0 0 0 0 0 0 0 0 0 0 11 0 25 0 0 0 11 10 0 0 5 0 15 37 0 18 1 27 9 19 0 0 0 0 0 0 0 0 0 0 0 0 10 0 0 0 0 0 0 1 0 0 0 0 2 0 0 0 2 0 0 0 0 0 0 0 0 0 0 0 0 0 0 9 0 0 0 0 0 0 0 7 0 0 0 0 0 3 0 0 0 0 0 0 0 1 0 0 0 0 2 2 10 0 0 0 0 0 0 0 1 0 0 0 0 0 0 0 0 0 0 0 0 0 0 0 14 0 0 0 0 0 0 0 0 0 0 0 0 0 
 268 94 38 153 107 49 95 648 159 302 188 135 411 187 0 89 292 258 209 393 0 3 0 3 0 4 0 2 2 2 1 0 2 0 0 0 3 2 0 0 4 2 2 0 0 0 34 0 0 0 1 1 16 0 5 0 3 3 0 2 12 0 0 0 0 3 0 3 0 0 0 0 0 0 0 0 0 0 0 0 18 12 1 15 16 11 38 30 1 20 13 0 42 23 33 0 25 4 0 1 0 0 0 0 0 0 0 0 0 0 0 0 0 10 0 0 0 0 17 0 0 0 0 0 0 0 0 0 0 0 0 0 0 0 0 0 0 0 0 0 11 0 0 0 0 0 0 0 0 0 2 0 0 0 0 0 1 1 0 0 0 13 18 0 15 10 29 0 6 9 17 14 0 0 1 27 13 20 21 13 0 0 0 0 0 0 0 0 0 0 0 0 11 19 0 0 0 0 30 0 0 0 0 0 0 0 0 0 0 0 0 0 0 0 0 14 0 0 0 0 0 0 0 0 0 0 0 0 0 0 0 0 0 0 0 0 0 0 0 0 0 0 0 0 0 2 2 0 2 0 0 7 7 0 0 0 0 0 0 0 0 0 0 0 0 0 0 0 0 0 0 0 0 0 0 0 15 14 0 0 0 0 0 0 0 0 0 0 0 0 
 122 222 158 47 86 374 49 298 139 97 163 43 253 50 89 0 493 133 34 97 0 3 0 3 0 1 77 63 2 0 74 0 3 0 0 0 3 0 0 2 2 0 0 4 0 0 0 0 3 0 0 1 0 0 1 0 3 3 0 2 0 0 0 0 0 0 1 2 0 0 0 0 0 0 0 0 0 0 0 0 58 0 8 79 23 12 0 33 18 0 1 43 0 16 2 38 31 12 0 21 0 0 0 0 0 0 16 0 0 0 0 0 0 16 0 0 0 0 10 0 0 0 17 0 0 0 0 0 0 1 0 0 0 0 0 0 0 8 0 0 0 0 0 0 0 0 0 0 0 0 0 0 4 0 0 0 6 7 0 0 0 0 0 29 28 2 0 11 51 2 30 9 0 14 14 13 27 28 0 0 12 0 0 0 0 0 1 34 0 0 0 0 25 18 0 0 0 0 26 10 0 0 0 0 0 0 0 0 0 0 0 0 0 0 0 0 0 0 0 0 0 0 0 0 0 0 0 0 0 0 0 0 0 0 0 0 0 0 2 0 0 14 0 0 0 0 0 0 2 0 0 5 0 0 0 0 0 0 0 0 0 0 0 0 0 0 0 0 0 1 0 0 0 0 0 14 21 13 0 0 0 0 0 0 0 0 0 0 0 0 
 242 127 255 155 48 50 133 546 210 232 187 74 116 427 292 493 0 71 131 124 0 3 1 3 0 3 1 5 2 0 0 0 2 0 1 2 3 0 0 2 2 3 1 1 0 0 0 0 4 0 1 0 0 0 5 0 4 3 0 2 0 0 1 0 0 0 0 6 0 0 0 26 4 3 0 42 49 6 5 0 12 10 0 0 1 0 12 13 37 16 0 22 0 0 0 33 19 1 0 0 0 0 0 0 0 0 0 0 0 0 0 0 1 1 0 0 0 0 0 20 0 0 44 0 0 0 0 0 0 0 0 0 0 0 0 0 0 2 0 0 0 0 0 0 0 9 0 0 0 0 0 0 4 0 0 0 0 0 0 0 0 0 1 27 20 0 31 0 6 0 0 15 0 1 0 0 29 48 18 6 0 0 0 0 7 0 0 0 0 0 0 0 25 0 0 0 0 0 10 5 0 0 0 0 0 0 0 0 0 0 0 0 0 0 0 0 0 0 0 0 0 0 0 0 0 0 0 0 0 0 0 0 0 0 0 0 0 0 0 0 0 0 0 0 0 4 0 0 0 2 0 4 0 0 38 0 0 0 0 0 0 0 0 0 1 0 0 0 0 0 0 0 0 0 0 10 51 0 0 0 0 0 0 0 0 0 0 0 0 0 
 202 686 123 237 100 140 184 220 304 134 145 73 50 436 258 133 71 0 120 118 27 3 0 3 0 0 74 2 4 0 2 0 2 0 74 0 3 0 29 0 2 2 0 0 0 0 0 0 68 0 0 0 0 0 4 0 3 3 0 2 0 32 0 0 0 0 6 2 0 0 0 0 0 0 0 52 0 0 0 0 9 27 55 0 4 0 9 19 39 37 7 21 0 18 14 1 11 0 0 19 0 28 0 0 0 0 14 1 0 0 0 16 6 0 9 0 0 0 0 2 0 0 1 0 0 0 0 0 0 0 0 0 0 0 0 0 2 0 0 0 0 2 0 0 0 6 0 0 0 0 0 0 3 0 0 0 0 0 0 0 21 2 27 8 0 0 0 12 4 0 10 3 0 19 1 1 0 30 17 21 0 3 0 0 0 0 0 22 1 0 0 0 36 0 2 0 0 0 0 1 2 21 0 0 0 0 0 0 0 0 0 0 0 0 0 0 13 0 0 0 0 0 0 0 2 0 0 0 0 0 0 16 0 0 0 0 0 0 0 0 0 0 0 0 0 0 4 0 44 4 0 22 0 0 0 0 0 0 0 0 0 0 18 0 0 0 0 0 0 0 0 0 0 0 0 0 14 1 0 0 0 0 0 0 0 0 0 0 0 2 
 98 593 250 131 88 150 40 92 85 95 264 142 144 295 209 34 131 120 0 612 0 3 0 5 2 60 0 2 1 0 0 0 2 0 0 1 3 0 0 0 2 1 1 0 0 0 0 0 2 0 0 0 0 0 15 0 3 3 0 2 0 0 0 0 0 0 0 3 0 1 0 0 0 0 0 0 0 0 0 0 0 19 6 0 0 0 11 14 1 0 0 0 26 0 0 0 10 0 24 27 0 0 0 0 0 0 0 0 0 0 0 0 0 0 0 0 11 0 0 0 0 0 0 0 0 0 0 0 0 0 0 0 12 0 0 0 0 0 0 0 0 0 8 0 2 0 0 0 0 0 0 0 0 0 0 0 0 0 0 0 13 0 20 0 0 0 0 9 0 0 0 0 1 5 0 0 9 9 9 0 0 0 0 0 0 0 0 0 0 0 0 0 0 0 0 0 0 0 0 1 0 0 0 0 0 0 0 0 0 0 0 0 0 0 0 0 0 0 0 0 0 0 0 0 0 0 0 0 0 0 0 0 0 0 0 0 0 0 0 0 0 0 0 0 0 0 0 0 2 0 1 11 0 0 0 0 0 0 0 0 0 0 0 0 0 0 0 0 0 0 0 0 0 0 0 0 0 0 0 0 0 0 0 0 0 0 0 0 0 0 
 224 243 62 280 124 61 219 152 116 441 128 68 536 333 393 97 124 118 612 0 0 3 0 3 0 0 0 4 1 0 0 0 6 2 74 2 3 0 5 2 2 0 0 0 0 0 0 0 0 0 1 66 0 0 6 2 4 3 0 2 0 0 0 0 0 3 20 2 0 0 0 0 0 0 0 0 0 0 0 3 0 77 11 17 3 57 27 51 0 28 14 1 0 59 39 16 20 0 15 34 0 0 0 0 0 0 0 0 0 0 0 1 0 0 0 0 0 0 0 0 0 0 0 1 0 0 0 6 0 0 0 0 0 0 0 0 0 0 0 0 0 0 1 0 0 0 0 0 0 0 6 0 0 2 0 0 4 0 24 0 0 14 27 1 0 0 28 22 0 0 23 1 2 62 14 4 17 33 23 31 0 0 0 0 0 0 0 0 0 0 0 0 0 0 0 0 0 1 0 0 0 0 0 0 0 0 0 0 0 0 0 18 0 0 1 0 0 0 0 0 0 0 0 0 0 0 0 0 0 0 0 0 0 0 0 0 0 0 0 0 0 0 0 0 0 0 0 0 1 0 0 21 0 0 0 0 0 1 0 0 0 0 0 0 0 0 0 0 0 0 0 0 0 0 0 1 0 9 0 0 0 0 0 0 0 0 0 0 0 0 
 0 0 82 75 0 78 0 0 74 77 156 17 0 62 0 0 0 27 0 0 0 180 91 124 129 46 250 389 203 269 124 362 164 137 55 130 47 277 131 315 2 2 5 3 8 3 0 6 68 0 0 0 0 0 0 2 0 0 0 5 0 51 0 0 0 3 0 0 0 3 0 0 5 3 0 0 0 0 0 14 0 0 0 6 0 13 0 0 36 18 17 7 0 0 0 1 0 7 0 0 4 27 12 1 17 11 16 6 21 11 29 0 18 7 9 18 9 39 0 31 0 0 0 0 0 0 0 0 0 0 0 0 0 1 0 0 0 0 14 0 0 0 0 0 0 0 0 0 0 0 0 0 0 0 0 0 0 0 0 0 0 1 0 10 0 11 0 0 0 13 0 10 0 0 0 0 0 0 0 0 20 2 2 2 0 0 14 47 17 32 10 11 1 4 1 21 0 30 0 7 0 0 0 0 0 0 0 0 0 0 0 0 0 0 0 0 0 0 1 0 0 23 0 0 0 0 0 0 0 2 0 0 0 0 0 0 0 0 0 0 0 0 0 0 0 0 38 0 36 78 0 0 0 0 0 0 0 0 51 2 0 2 2 0 0 0 0 0 0 0 0 0 0 9 0 0 1 0 0 0 0 0 0 0 0 0 0 0 0 0 
 3 3 4 3 81 78 5 3 3 3 3 3 3 5 3 3 3 3 3 3 180 0 244 195 66 77 164 254 355 65 98 50 152 135 203 62 322 177 120 148 1 2 0 0 2 5 0 2 1 0 0 0 0 0 0 2 61 0 0 14 0 0 25 0 1 3 0 0 1 5 3 0 50 3 0 0 0 0 0 0 0 0 0 0 0 0 0 0 0 0 0 0 0 0 0 0 0 0 0 0 31 2 64 0 27 20 23 14 23 27 53 1 18 14 15 16 7 40 0 6 0 0 0 0 14 0 0 0 0 0 0 0 0 0 1 16 0 0 0 0 0 0 0 0 0 0 0 3 0 0 1 0 0 2 0 0 0 0 0 0 0 0 0 0 5 12 0 0 1 0 1 0 0 0 0 0 0 0 0 0 75 11 12 13 0 2 36 40 40 48 21 28 13 26 13 1 15 14 0 10 0 0 0 0 0 0 0 0 0 0 0 0 0 0 1 0 0 0 19 0 0 0 0 0 0 0 0 0 0 0 0 0 0 0 0 0 0 0 0 0 0 0 14 0 0 0 0 0 0 0 0 0 0 0 2 2 2 77 77 0 3 11 0 0 0 0 14 0 0 0 0 0 0 0 0 0 0 0 0 0 0 10 0 0 0 0 0 0 0 0 
 1 0 0 0 43 0 0 0 0 0 0 0 4 0 0 0 1 0 0 0 91 244 0 101 62 36 82 194 222 353 111 115 166 73 244 262 365 262 285 40 2 1 0 0 8 4 65 3 0 0 0 0 0 0 0 2 0 0 0 196 0 0 0 0 3 3 0 0 0 7 1 0 3 3 0 0 0 0 0 0 0 0 0 0 0 0 0 0 0 0 0 0 0 0 0 0 0 0 0 0 2 0 23 18 0 1 29 1 30 41 0 12 31 0 20 0 18 10 12 8 0 0 0 0 0 0 50 2 0 0 0 0 5 0 12 0 0 3 16 0 0 0 0 0 0 0 0 21 0 0 0 28 0 0 0 0 0 0 0 0 13 0 0 13 11 13 0 0 0 0 0 6 11 0 0 0 0 0 0 0 11 14 62 4 0 0 6 8 38 1 33 37 7 10 21 0 37 43 0 25 0 0 0 0 0 0 0 0 1 0 0 4 10 0 0 1 0 0 14 11 0 0 0 0 0 0 0 0 0 0 13 0 0 0 0 0 0 0 0 0 0 0 16 0 0 0 0 0 0 0 0 0 0 0 5 2 0 1 1 0 0 12 0 0 0 0 8 0 0 0 0 0 0 0 0 0 0 0 0 0 0 3 0 0 0 0 0 0 0 0 
 3 3 8 3 3 3 3 3 3 3 3 4 3 3 3 3 3 3 5 3 124 195 101 0 105 24 176 70 155 254 81 145 174 303 123 259 45 56 315 50 72 0 0 0 2 0 0 25 0 0 0 0 1 0 1 2 0 0 0 69 0 0 0 0 0 3 0 0 0 3 0 0 3 3 0 0 0 0 0 0 0 0 20 0 0 0 0 0 0 0 0 0 0 0 0 0 0 0 0 0 1 0 19 12 39 19 4 4 12 1 25 30 0 7 1 14 0 35 0 0 1 0 12 0 0 0 27 0 22 0 14 0 12 0 0 1 0 26 2 0 2 0 0 0 0 0 14 0 0 0 0 0 0 0 0 17 0 0 0 0 0 0 0 0 0 0 0 0 0 0 1 0 0 0 0 0 0 0 0 0 0 0 0 0 10 14 11 10 60 27 15 46 0 31 18 7 18 5 0 2 0 0 3 0 0 0 0 0 0 0 0 0 10 13 0 0 15 0 37 20 0 0 0 0 0 0 0 0 0 0 0 0 0 0 0 0 0 0 0 0 0 0 0 0 0 0 0 0 0 0 0 0 0 0 1 0 1 1 75 2 2 0 0 0 0 0 0 0 0 0 0 0 0 0 0 0 0 0 0 0 0 23 0 0 0 0 0 0 0 0 
 1 0 2 0 2 0 6 0 0 0 0 1 0 1 0 0 0 0 2 0 129 66 62 105 0 53 44 104 240 70 154 141 360 65 79 94 68 132 246 58 154 2 28 0 2 0 70 3 0 0 1 0 49 0 0 2 2 0 27 67 0 0 0 0 0 3 0 4 0 3 0 0 8 32 44 0 0 0 0 0 32 0 0 0 0 0 0 0 0 0 0 0 0 0 0 0 0 0 1 0 0 0 9 31 52 16 0 11 1 9 21 11 0 0 0 48 0 28 0 0 0 2 10 10 0 0 27 25 22 0 10 0 4 0 30 5 28 38 43 0 0 0 0 7 0 0 0 0 0 0 0 0 0 0 0 0 1 2 0 0 0 0 0 0 0 0 0 0 0 0 0 2 0 0 0 0 0 0 2 0 0 0 9 0 14 9 0 11 13 19 0 9 1 25 0 0 11 13 0 0 0 32 0 0 2 1 0 84 0 0 0 2 26 0 22 42 30 6 0 34 0 0 0 0 0 0 0 0 0 7 0 0 2 0 0 0 0 1 0 4 0 0 0 0 0 0 0 0 0 0 0 0 0 0 0 0 1 4 153 2 2 0 0 0 0 0 0 0 0 0 31 0 0 0 0 0 0 1 0 0 0 0 0 0 11 0 0 0 0 1 
 3 8 6 2 1 2 1 0 1 1 78 1 0 0 4 1 3 0 60 0 46 77 36 24 53 0 80 47 66 263 315 189 33 93 40 173 84 60 137 349 65 3 3 2 4 2 0 9 2 0 0 8 6 0 2 4 8 7 0 213 0 0 0 0 0 8 0 0 0 3 0 0 2 3 0 0 0 0 0 0 0 0 0 0 0 0 0 0 3 0 0 0 0 0 0 0 0 0 0 4 0 6 0 0 6 9 0 0 11 14 15 0 9 0 0 16 7 19 0 0 0 0 0 17 0 0 12 32 38 0 10 0 0 1 0 0 0 0 1 49 0 0 0 0 0 0 0 0 0 0 0 0 0 26 0 9 0 0 0 0 0 0 0 0 0 0 1 0 0 0 0 0 0 3 0 1 4 0 0 0 0 0 0 11 26 12 0 34 12 9 0 0 0 0 0 7 0 40 0 0 1 0 2 2 0 0 16 0 0 0 0 0 37 10 0 10 0 0 16 34 0 13 0 0 0 0 0 1 0 0 0 0 0 0 0 0 0 0 0 0 0 0 0 0 0 1 0 0 0 1 0 0 0 0 8 3 1 4 5 1 33 0 0 2 0 0 0 0 0 0 0 0 0 0 0 0 0 0 0 0 0 1 0 0 0 0 0 0 0 0 
 4 0 0 0 0 73 4 4 35 85 0 73 1 5 0 77 1 74 0 0 250 164 82 176 44 80 0 329 140 29 37 316 311 238 126 43 266 109 205 107 5 1 0 0 3 0 3 3 0 0 0 0 0 1 0 3 8 1 0 4 0 0 1 0 19 5 0 0 7 3 0 2 2 2 0 0 0 2 0 52 0 0 0 0 0 0 0 0 11 0 11 14 0 0 0 13 0 0 0 0 0 62 12 0 19 0 26 0 0 0 1 0 28 14 80 13 20 21 0 0 0 0 0 0 0 0 0 0 0 0 0 0 0 0 0 0 0 0 0 0 0 0 0 0 0 0 0 0 9 0 2 0 0 0 0 0 0 0 0 0 0 3 0 8 0 40 0 0 0 0 1 0 0 0 0 0 0 0 0 0 13 28 19 7 0 0 25 2 0 27 12 0 0 65 0 6 8 12 12 0 0 1 0 0 0 0 0 1 0 0 0 0 0 0 2 0 0 0 0 0 2 19 0 0 0 0 0 0 0 0 0 0 0 0 0 0 0 0 0 0 0 0 0 0 0 0 0 0 88 0 0 0 0 0 0 0 3 1 0 2 10 19 0 0 0 0 0 0 0 0 0 0 0 50 0 0 0 0 0 0 0 0 0 0 0 0 8 0 0 0 
 4 2 2 2 20 19 4 2 2 2 3 2 2 4 2 63 5 2 2 4 389 254 194 70 104 47 329 0 94 59 106 82 475 417 319 119 156 404 145 79 3 4 0 3 8 0 12 3 2 2 3 2 0 1 0 3 0 205 0 66 0 0 5 0 0 5 0 0 0 3 4 0 2 2 0 0 0 7 2 0 0 10 17 2 0 0 0 0 0 12 0 2 0 0 0 0 0 1 0 0 31 10 23 13 12 10 8 28 12 21 37 36 11 3 8 16 6 9 29 36 0 0 0 0 0 0 0 0 0 0 0 0 42 0 16 0 0 0 19 0 0 0 0 0 0 0 0 3 0 0 0 0 1 0 0 0 0 0 0 0 0 0 2 17 2 19 0 0 3 0 1 14 2 0 0 0 0 0 0 0 39 9 23 8 0 1 11 24 4 51 11 0 12 7 12 0 12 32 11 18 0 0 13 0 0 0 0 0 0 0 0 0 17 0 0 0 0 1 0 0 0 0 1 0 0 0 0 0 0 0 0 0 0 0 0 2 0 0 0 0 0 1 0 0 0 0 19 0 0 0 0 0 0 0 5 2 0 1 86 0 4 14 8 0 0 0 0 0 0 0 0 0 0 0 0 1 0 0 0 0 0 0 0 0 2 0 0 0 0 0 
 1 2 3 1 2 1 4 4 3 1 1 2 1 4 2 2 2 4 1 1 203 355 222 155 240 66 140 94 0 318 53 245 349 200 82 38 487 118 346 73 5 1 0 0 66 2 37 3 0 2 0 3 64 0 2 2 0 0 6 27 0 0 0 7 0 3 7 0 2 7 2 0 4 5 0 0 0 3 0 1 0 13 0 0 0 0 0 0 0 0 0 0 0 0 0 0 0 0 1 0 0 12 32 13 8 63 0 0 11 15 7 13 18 0 0 1 0 14 0 1 27 0 0 0 0 0 47 19 0 0 0 0 35 0 14 0 0 29 0 0 0 0 0 0 2 0 0 0 0 0 0 0 0 0 0 0 0 0 0 0 0 0 0 6 0 9 0 0 0 0 0 0 0 1 0 0 0 0 2 0 10 0 25 0 11 32 11 0 0 24 15 11 0 0 11 1 6 65 0 0 23 0 0 0 0 2 0 0 14 0 0 2 22 13 0 0 0 0 12 5 0 1 0 0 0 0 0 0 0 0 0 0 2 0 0 0 0 0 1 0 0 0 0 0 0 0 1 0 0 0 0 0 0 0 4 0 0 3 0 3 1 15 0 0 0 0 1 0 0 0 0 0 0 0 0 0 0 1 0 0 0 0 0 0 0 0 0 0 0 2 
 0 0 3 1 0 0 0 0 0 2 2 0 0 1 2 0 0 0 0 0 269 65 353 254 70 263 29 59 318 0 294 143 163 96 105 422 71 352 272 135 2 0 0 0 2 0 72 69 0 0 4 0 0 0 1 2 0 0 62 24 0 0 2 3 0 3 0 0 0 3 3 0 2 3 0 0 0 4 1 53 0 0 0 0 0 0 0 12 0 0 0 0 0 0 0 0 0 0 0 0 25 1 29 36 0 15 0 18 5 0 9 46 0 0 1 0 0 46 13 0 15 0 0 0 0 0 0 0 2 0 0 0 15 2 0 0 15 9 0 0 0 0 13 0 0 0 0 1 0 0 0 0 0 0 0 5 0 0 0 0 0 17 0 0 0 1 0 1 4 0 4 0 0 0 0 0 0 0 0 0 9 10 0 1 9 1 0 16 18 4 46 46 0 21 13 29 9 39 0 0 19 19 34 0 1 0 10 8 0 1 0 0 3 0 25 0 0 0 0 11 0 0 0 0 0 0 2 0 0 0 0 0 0 0 0 0 0 0 0 0 0 0 0 0 0 0 0 0 0 0 0 1 0 0 4 0 0 1 3 4 0 2 0 0 0 0 0 0 0 0 0 0 0 0 0 0 0 0 0 10 0 0 0 0 0 0 2 0 0 0 
 0 0 3 0 0 0 0 0 0 0 1 0 0 2 1 74 0 2 0 0 124 98 111 81 154 315 37 106 53 294 0 202 104 127 74 192 201 197 43 58 65 1 0 0 3 0 23 3 0 0 1 0 63 1 0 3 0 50 1 33 0 0 0 0 0 3 0 0 0 3 0 0 2 2 4 0 0 0 0 0 0 0 0 0 0 0 0 0 0 0 0 0 0 0 0 0 0 0 16 2 0 15 18 40 27 14 0 0 27 38 24 1 0 0 0 16 7 19 0 0 0 9 0 0 0 0 50 17 8 0 0 0 10 1 54 0 0 37 10 8 0 0 0 0 0 0 1 2 0 0 0 0 0 43 0 0 0 0 0 0 0 0 0 11 0 0 0 2 0 0 0 0 44 0 0 0 7 0 0 0 15 0 18 11 22 23 28 33 12 22 41 0 0 0 1 7 0 110 0 0 18 6 0 0 0 0 26 11 9 0 0 0 20 10 0 1 0 36 16 29 0 13 0 0 0 0 1 0 0 0 0 0 0 0 0 0 0 0 0 0 0 0 0 0 0 0 0 0 0 0 0 0 0 0 5 0 0 35 3 0 0 0 0 0 0 0 0 0 0 0 0 0 0 0 0 0 0 0 0 0 0 1 0 2 0 0 0 0 0 0 
 2 0 5 2 0 0 8 0 0 0 1 3 2 1 0 0 0 0 0 0 362 50 115 145 141 189 316 82 245 143 202 0 43 43 40 123 242 141 36 55 37 1 65 0 3 0 22 3 0 0 0 0 1 1 66 3 0 0 62 68 0 0 0 0 0 3 0 0 0 3 0 0 6 2 0 0 0 0 0 0 0 0 0 0 0 0 0 0 0 0 0 0 0 0 0 0 0 0 0 0 0 1 0 3 11 21 2 0 11 26 33 0 0 0 11 34 11 20 0 0 22 0 0 0 0 0 9 0 8 0 0 0 35 1 12 0 0 0 28 28 0 0 0 0 0 0 0 0 0 0 1 0 0 54 0 0 0 0 0 0 0 1 0 5 2 0 0 0 0 0 2 0 0 0 0 0 0 0 0 0 0 0 36 12 10 20 0 44 14 17 43 0 0 0 0 41 0 23 0 0 0 14 9 0 0 0 23 1 0 0 0 0 38 1 16 12 0 0 7 34 0 19 0 0 0 0 0 0 0 0 0 0 0 0 0 0 0 0 0 0 0 0 0 0 0 0 0 0 0 0 0 0 0 0 2 0 0 3 77 2 0 0 0 0 0 0 0 0 0 0 0 0 0 0 0 0 2 0 0 2 0 2 0 0 0 10 0 0 0 0 
 1 2 4 360 74 44 8 1 79 1 2 2 0 80 2 3 2 2 2 6 164 152 166 174 360 33 311 475 349 163 104 43 0 519 621 144 201 105 320 62 3 2 0 1 3 0 0 4 1 2 0 0 0 0 3 5 3 0 0 3 2 0 2 3 5 3 0 0 3 3 0 3 3 3 3 1 0 0 0 0 0 0 2 1 0 0 0 0 0 10 12 0 0 1 0 0 0 29 0 0 20 14 49 0 10 0 55 17 14 0 0 0 22 14 20 44 1 9 0 34 0 0 0 0 0 0 0 0 0 0 0 0 2 0 0 0 1 0 0 0 0 0 0 2 1 9 0 13 0 8 0 7 0 0 20 2 8 8 0 0 0 2 0 11 1 30 0 0 0 35 1 13 0 0 0 0 0 0 0 0 18 0 0 0 0 0 64 0 14 12 12 24 13 7 0 0 43 1 14 0 0 0 0 0 0 0 0 0 0 0 0 0 0 0 0 0 0 0 0 0 0 0 7 0 0 0 6 0 7 8 0 0 0 0 0 0 0 0 0 0 0 0 0 0 0 0 73 0 59 74 0 0 0 0 5 0 1 0 1 2 2 39 0 0 0 0 0 0 0 0 8 0 0 0 0 0 0 0 0 0 0 0 0 0 0 0 9 0 0 0 
 0 1 3 0 76 73 3 0 0 75 75 0 0 3 0 0 0 0 0 2 137 135 73 303 65 93 238 417 200 96 127 43 519 0 274 191 31 358 307 277 3 2 0 2 8 0 0 3 1 0 0 0 1 4 0 2 0 0 0 5 0 0 2 0 0 3 0 0 2 3 8 0 2 2 0 0 0 27 0 0 0 0 0 0 0 30 0 0 0 0 0 0 0 0 0 0 0 0 0 0 21 29 12 23 9 0 3 13 13 0 33 13 0 18 1 0 8 24 22 12 0 0 0 0 0 0 0 0 0 0 0 12 0 0 0 0 0 0 0 0 0 1 0 0 0 0 0 0 0 0 0 0 0 0 0 1 0 0 1 0 0 6 0 0 0 1 10 0 0 0 0 0 0 0 0 2 0 0 5 0 30 18 0 13 0 0 28 12 10 16 16 0 0 0 0 8 0 47 2 51 2 0 0 1 0 0 0 10 0 0 0 0 0 0 0 0 0 0 0 0 0 14 0 0 0 0 0 2 0 0 0 0 0 0 0 0 0 0 0 0 0 0 0 0 0 2 0 0 0 74 0 0 0 0 1 3 1 75 0 1 2 2 0 0 0 0 0 0 0 0 0 0 0 0 0 0 0 0 0 0 0 0 0 0 0 0 0 0 0 0 
 0 0 1 0 24 22 6 0 0 1 0 3 1 2 0 0 1 74 0 74 55 203 244 123 79 40 126 319 82 105 74 40 621 274 0 359 113 125 87 91 2 1 0 0 2 4 0 3 3 0 0 35 0 0 0 2 0 0 0 66 0 0 2 0 1 3 0 0 3 3 0 0 2 3 0 0 0 4 0 0 0 0 0 0 0 0 0 1 0 0 0 0 0 0 2 0 0 1 0 0 32 9 39 25 26 1 28 5 1 13 11 1 21 10 17 2 10 35 31 23 0 0 0 0 0 0 0 0 0 0 0 0 0 0 0 0 0 0 0 0 0 0 0 0 0 0 0 3 0 0 0 0 0 0 0 0 0 0 0 0 0 16 0 1 3 20 0 0 23 0 3 9 0 0 0 0 0 0 0 0 20 9 0 18 0 0 45 7 29 14 0 7 9 45 20 11 51 1 4 22 0 1 0 0 0 0 0 0 0 0 0 0 12 0 0 0 0 0 6 0 0 0 0 0 0 0 0 0 0 0 0 0 0 0 0 0 0 0 0 0 0 0 19 0 0 0 1 0 0 0 0 0 0 0 0 0 0 1 1 0 2 11 0 0 0 0 2 0 0 0 0 0 0 0 0 1 1 0 0 0 0 8 0 0 0 0 8 0 0 0 
 3 0 0 209 75 191 0 0 1 0 1 0 0 2 0 0 2 0 1 2 130 62 262 259 94 173 43 119 38 422 192 123 144 191 359 0 87 143 344 146 3 1 0 0 2 0 0 3 1 0 0 0 0 0 0 2 0 0 0 4 0 0 0 0 3 8 0 0 4 3 0 0 2 3 0 0 0 0 0 0 0 0 0 0 0 14 0 0 2 1 0 0 0 0 0 0 0 0 0 0 44 45 0 0 0 0 14 28 13 11 7 0 0 36 20 32 34 16 0 27 0 0 0 0 0 0 2 0 0 0 0 0 0 0 0 0 0 0 0 0 0 0 0 0 0 0 0 0 0 0 0 0 0 3 1 0 0 0 0 0 0 10 0 0 0 11 0 0 4 1 6 0 0 0 0 0 0 0 0 0 3 0 0 24 0 0 8 9 27 1 1 0 0 11 14 13 12 20 9 34 0 0 0 0 0 0 0 0 0 0 0 0 0 0 0 0 0 0 12 12 0 14 0 0 0 0 0 0 0 0 0 0 0 0 0 0 0 0 0 2 0 0 0 0 0 0 0 0 0 1 0 0 0 0 3 0 1 0 1 3 10 0 0 0 0 0 0 0 0 0 0 1 0 0 0 0 0 0 0 0 0 0 0 0 0 0 13 0 0 0 
 5 3 3 3 38 3 6 3 3 3 3 79 3 6 3 3 3 3 3 3 47 322 365 45 68 84 266 156 487 71 201 242 201 31 113 87 0 271 74 40 66 1 0 0 2 0 65 3 0 0 3 0 0 0 0 2 0 0 0 126 0 0 1 0 0 3 0 0 0 5 8 0 2 3 0 0 0 0 0 0 0 0 0 0 0 0 0 24 0 0 0 0 0 0 0 0 0 0 0 0 12 0 12 30 1 32 10 13 1 57 0 16 19 0 22 11 16 0 18 6 13 0 0 0 0 0 41 1 0 0 0 0 15 0 11 0 0 0 13 0 0 0 0 0 0 0 0 5 0 0 0 0 0 0 0 0 0 0 0 1 2 0 0 5 0 9 0 0 0 0 0 10 0 0 0 0 0 0 0 0 16 51 60 0 7 0 0 12 41 10 17 26 20 9 9 0 43 29 0 0 0 0 0 10 0 0 0 0 0 0 0 0 5 0 1 0 0 0 0 0 0 0 0 0 0 0 0 0 0 0 0 0 0 0 0 0 0 0 0 0 0 0 0 0 0 0 0 0 0 0 0 0 0 0 0 2 1 4 2 0 3 18 0 0 0 0 14 0 0 0 0 0 0 0 0 0 0 0 0 0 0 0 0 0 0 0 0 0 0 0 
 0 0 0 0 2 0 3 0 0 2 4 2 0 4 2 0 0 0 0 0 277 177 262 56 132 60 109 404 118 352 197 141 105 358 125 143 271 0 234 54 3 1 3 3 3 0 64 6 0 0 0 1 29 1 0 3 0 0 62 74 0 0 5 0 0 3 0 0 0 3 8 0 4 2 0 0 0 7 0 0 0 0 0 0 0 0 0 0 0 0 0 0 0 0 0 0 0 0 0 1 3 3 9 25 9 12 0 24 23 18 58 16 0 6 1 12 30 31 0 13 0 0 0 0 0 0 18 9 0 0 0 0 0 3 0 0 0 10 0 2 3 0 0 0 0 0 0 0 0 0 0 0 0 6 0 0 0 0 0 0 0 1 0 0 0 0 0 1 0 0 0 0 0 0 0 0 0 0 0 0 11 0 20 11 0 8 28 30 24 0 49 17 0 14 14 14 4 36 0 0 0 0 1 0 0 0 29 2 8 0 15 0 2 11 0 10 0 0 46 7 0 13 0 0 0 0 2 0 0 0 0 0 0 0 0 0 0 0 0 0 0 0 0 0 0 0 0 0 0 0 0 0 0 0 2 0 3 79 0 0 4 3 0 0 0 0 0 0 0 0 0 0 0 0 0 0 0 0 0 0 0 16 0 0 0 0 0 0 0 0 
 0 146 3 222 21 92 4 0 148 1 79 2 0 0 0 0 0 29 0 5 131 120 285 315 246 137 205 145 346 272 43 36 320 307 87 344 74 234 0 99 3 1 0 3 2 0 0 2 80 0 0 0 2 0 1 2 0 0 0 65 0 0 0 0 5 3 2 0 3 5 0 0 3 3 0 0 0 0 0 0 0 0 0 1 12 2 0 0 29 11 21 7 0 0 0 0 0 9 0 0 7 12 10 0 0 0 57 8 1 2 0 0 30 11 25 32 0 0 25 24 0 0 0 0 0 0 0 26 0 0 0 0 0 0 0 0 0 0 0 0 0 0 0 0 0 0 0 33 0 0 0 0 0 0 0 8 0 0 0 0 0 1 2 24 0 26 0 0 0 25 0 15 0 0 0 0 0 0 0 0 26 7 0 0 6 0 27 20 2 1 6 0 8 7 20 0 41 1 13 14 2 0 0 0 0 0 0 0 0 0 0 0 0 0 0 0 0 1 0 0 0 0 0 0 0 0 0 0 0 0 0 0 0 0 5 0 0 0 0 0 0 0 0 0 0 2 76 0 35 76 0 0 0 0 4 1 0 0 0 4 1 12 0 0 0 0 0 0 0 0 0 0 0 0 0 0 0 0 0 0 0 0 0 0 0 0 7 0 0 0 
 0 0 161 356 27 37 1 1 74 77 92 110 0 0 0 2 2 0 0 2 315 148 40 50 58 349 107 79 73 135 58 55 62 277 91 146 40 54 99 0 68 2 0 0 9 3 0 3 1 0 0 0 0 1 0 3 0 0 0 3 0 0 0 0 0 3 0 0 0 3 0 0 2 2 0 0 0 0 0 0 9 0 0 17 10 15 0 0 13 0 18 0 0 2 0 0 1 18 0 0 5 13 12 0 12 0 44 0 18 16 0 0 19 56 11 1 31 0 1 34 0 0 1 0 0 0 0 0 0 0 0 0 0 0 0 0 11 0 1 0 0 0 0 0 0 6 15 0 0 0 0 2 0 0 0 0 0 0 0 0 0 4 0 0 10 0 0 0 0 23 0 0 0 0 0 0 0 0 0 0 10 21 0 30 0 0 33 8 20 11 0 0 2 1 0 27 0 0 10 33 0 0 0 0 0 0 0 1 0 0 0 0 0 0 0 2 0 0 0 0 0 0 0 0 0 0 0 0 0 0 0 0 0 0 0 0 0 0 0 0 0 0 15 0 0 0 1 0 0 82 0 0 0 2 5 0 0 1 0 1 10 0 0 0 0 0 0 0 0 0 0 0 0 0 0 0 0 0 0 0 0 0 0 0 0 0 1 0 0 0 
 2 2 2 2 2 9 5 2 2 5 2 11 3 5 4 2 2 2 2 2 2 1 2 72 154 65 5 3 5 2 65 37 3 3 2 3 66 3 3 68 0 103 183 49 44 33 224 170 248 101 45 55 128 113 53 107 38 118 329 60 2 0 3 0 0 0 53 3 0 0 0 5 7 7 0 0 10 3 13 0 0 0 0 0 0 0 0 0 0 0 0 0 0 0 0 0 0 0 0 0 0 0 0 0 53 0 0 0 0 0 0 0 0 0 0 0 0 0 0 0 28 35 0 0 3 9 13 7 1 26 0 9 9 26 4 10 32 0 95 14 0 4 0 6 5 0 0 4 0 1 0 3 0 0 0 3 3 6 0 0 1 2 0 0 0 0 0 0 0 0 0 0 0 0 0 0 0 0 0 0 0 0 0 0 2 0 0 0 0 5 0 0 0 0 0 0 0 0 0 0 3 21 0 0 16 0 0 23 0 0 0 0 19 40 48 37 22 0 0 28 5 0 21 0 0 0 0 0 0 50 0 0 0 0 0 0 13 9 0 25 0 0 0 0 0 0 0 0 0 27 0 4 0 2 0 0 0 1 0 9 0 0 2 0 0 2 1 0 2 0 13 0 0 0 0 0 0 0 0 0 0 0 0 0 35 0 0 0 0 0 
 0 2 0 0 1 1 3 0 3 0 0 0 0 2 2 0 3 2 1 0 2 2 1 0 2 3 1 4 1 0 1 1 2 2 1 1 1 1 1 2 103 0 244 74 103 492 84 222 141 97 607 100 39 400 149 351 104 50 59 272 0 0 5 0 0 0 0 0 0 2 5 0 0 0 0 10 0 0 0 3 0 0 0 0 0 0 0 0 0 0 0 0 0 0 14 0 0 0 0 0 0 0 0 0 0 0 0 0 0 0 0 0 0 0 0 0 0 0 0 0 0 11 0 1 0 0 9 12 18 1 22 1 0 0 0 23 35 0 0 0 0 0 0 0 0 0 10 0 0 6 7 0 6 0 0 0 0 0 10 33 0 1 0 0 0 0 9 0 0 0 0 0 0 0 26 0 0 0 0 0 0 0 11 0 0 0 0 0 0 0 0 0 0 0 0 0 0 0 0 0 0 19 22 15 22 42 0 0 25 3 0 1 0 0 0 19 0 40 0 0 13 0 12 0 31 0 12 0 0 0 0 0 10 0 0 10 0 0 9 36 0 0 0 0 0 0 1 0 0 0 0 5 0 0 0 0 0 0 0 0 0 0 0 0 67 13 0 0 0 0 0 0 0 0 0 5 0 0 0 0 0 0 0 0 0 17 0 0 0 8 
 0 0 2 0 0 0 6 0 0 0 0 3 0 0 2 0 1 0 1 0 5 0 0 0 28 3 0 0 0 0 0 65 0 0 0 0 0 3 0 0 183 244 0 251 65 155 158 307 241 68 333 129 275 69 111 122 72 132 39 112 0 11 0 1 0 5 50 2 11 9 1 0 7 53 0 0 0 0 20 53 0 0 0 0 0 0 0 0 0 0 0 0 0 0 0 0 0 0 0 0 0 0 0 0 0 0 0 0 0 0 0 0 0 0 0 0 0 0 0 0 0 14 0 14 0 32 14 0 25 26 0 28 4 0 20 0 10 16 41 0 0 0 0 0 3 24 0 0 0 0 0 0 10 0 0 0 0 0 10 52 0 2 0 0 0 0 0 0 0 0 0 0 0 0 4 0 0 0 0 14 0 0 0 0 0 0 0 0 0 0 0 0 0 0 0 0 0 0 0 0 0 26 0 20 12 10 0 23 0 8 2 24 10 0 20 14 4 7 0 19 20 0 0 3 11 4 32 3 5 0 6 5 7 6 11 40 0 0 9 9 0 0 0 0 0 0 0 0 0 0 0 1 0 0 0 0 0 0 0 13 0 0 0 0 61 1 1 0 2 0 0 0 0 0 0 0 0 0 0 0 0 0 0 0 0 8 0 0 0 0 
 0 0 2 5 0 0 0 5 5 0 8 0 0 0 0 4 1 0 0 0 3 0 0 0 0 2 0 3 0 0 0 0 1 2 0 0 0 3 3 0 49 74 251 0 68 96 93 127 108 224 138 250 121 133 94 54 137 166 58 71 0 0 0 0 0 0 50 50 0 0 0 0 1 24 0 2 0 0 1 0 3 0 0 15 0 4 0 0 0 1 7 0 0 0 0 4 0 14 0 5 0 3 0 0 0 0 0 0 0 0 0 0 0 0 0 0 0 0 12 0 0 13 0 1 0 8 0 0 10 1 0 9 0 0 0 0 12 0 0 0 0 9 0 1 0 0 0 0 25 0 0 0 25 0 3 0 0 0 6 13 0 1 0 0 0 3 0 0 3 28 3 4 0 5 3 5 0 0 0 0 1 0 0 0 0 0 0 0 0 0 0 0 0 0 0 0 0 0 4 0 0 10 0 18 7 16 0 0 0 1 11 6 0 0 0 7 0 10 0 0 11 0 0 20 0 0 0 11 0 0 0 0 8 1 14 23 1 0 20 10 0 8 20 0 0 0 0 0 0 0 0 0 0 0 1 0 0 0 0 2 0 16 0 0 69 13 0 91 2 0 0 0 0 0 0 0 0 0 0 0 0 0 0 0 0 0 0 10 0 0 
 4 0 0 7 6 4 0 0 0 1 0 0 0 0 0 0 0 0 0 0 8 2 8 2 2 4 3 8 66 2 3 3 3 8 2 2 2 3 2 9 44 103 65 68 0 415 59 126 163 130 130 148 164 76 368 198 96 258 71 311 0 0 3 2 0 0 1 54 4 0 0 0 23 0 51 2 54 62 27 110 0 0 0 0 0 0 0 0 0 1 0 0 0 0 0 0 0 0 0 0 8 3 0 0 0 0 3 6 8 2 0 0 2 0 0 0 8 0 0 5 11 58 0 0 0 13 0 42 0 12 4 28 0 0 0 50 33 0 0 0 11 26 0 26 2 8 25 5 0 0 14 0 12 42 0 6 0 0 8 0 0 0 0 7 15 0 0 0 0 0 0 0 0 0 0 16 0 0 0 0 1 0 0 12 0 0 0 3 0 0 0 0 6 0 0 0 0 0 0 2 0 0 0 47 0 16 8 0 10 8 13 11 0 0 0 0 0 13 0 0 0 12 0 14 0 0 17 23 0 0 0 0 8 29 10 0 6 0 16 10 0 0 6 0 0 0 5 0 0 0 0 11 0 0 0 0 0 0 0 0 0 0 76 1 0 0 0 0 0 0 0 0 0 0 0 0 0 0 0 0 0 0 0 0 0 4 0 0 0 1 
 0 0 0 0 9 0 0 0 0 0 0 0 0 0 0 0 0 0 0 0 3 5 4 0 0 2 0 0 2 0 0 0 0 0 4 0 0 0 0 3 33 492 155 96 415 0 53 33 82 166 359 61 47 60 276 158 157 67 106 266 0 0 0 50 0 3 0 2 2 0 0 0 0 26 0 2 15 0 52 70 0 0 0 0 0 0 0 0 0 0 0 0 0 0 0 0 0 0 0 0 1 0 4 0 0 0 20 1 0 11 2 0 6 5 0 0 11 1 0 0 1 0 0 0 17 0 0 2 5 19 34 0 0 0 1 18 0 0 0 0 1 9 0 45 3 0 14 4 19 0 14 0 5 21 10 3 0 0 10 5 0 0 0 1 13 0 0 0 0 0 0 0 0 0 0 8 0 0 0 0 0 0 0 5 0 0 2 5 4 0 0 0 3 1 34 1 0 0 0 4 0 12 0 0 7 17 0 0 2 16 20 13 0 0 0 0 0 0 11 0 14 0 1 37 0 0 15 13 0 0 0 0 20 36 8 10 44 0 8 3 0 0 42 0 0 0 0 0 0 0 0 9 0 0 0 0 0 0 0 1 0 0 2 27 63 2 2 31 0 0 0 0 0 0 0 0 0 0 0 0 0 4 0 0 0 0 0 0 0 0 
 0 0 0 0 0 0 0 0 0 0 0 6 0 0 34 0 0 0 0 0 0 0 65 0 70 0 3 12 37 72 23 22 0 0 0 0 65 64 0 0 224 84 158 93 59 53 0 82 50 113 38 43 174 52 183 75 22 14 155 133 0 0 0 2 0 2 0 8 0 0 0 0 5 0 49 0 0 0 0 4 0 0 0 0 0 0 0 0 0 0 0 0 0 0 0 0 0 0 0 0 0 0 0 17 1 0 0 0 0 16 0 1 3 0 0 0 0 0 0 0 12 0 5 10 7 6 22 34 1 2 1 6 46 6 44 14 27 52 53 0 11 0 8 0 0 0 0 0 19 0 0 0 9 9 21 0 0 0 2 7 0 0 0 6 0 0 0 0 0 0 0 0 0 0 0 0 0 0 0 0 0 0 19 0 7 22 0 0 0 0 27 0 0 0 1 21 0 18 0 0 11 19 8 0 34 8 0 43 23 1 0 0 39 4 30 25 24 0 0 9 0 0 0 0 0 0 9 0 0 0 0 0 4 9 0 0 0 0 9 8 0 0 0 0 0 0 0 0 0 0 0 0 0 0 0 0 0 0 0 0 0 0 0 0 0 0 9 0 0 0 11 0 0 0 0 0 0 11 0 6 0 0 5 0 1 10 0 0 0 0 
 0 0 5 0 0 0 0 0 0 0 0 0 0 0 0 0 0 0 0 0 6 2 3 25 3 9 3 3 3 69 3 3 4 3 3 3 3 6 2 3 170 222 307 127 126 33 82 0 227 67 109 312 578 273 139 196 56 119 79 52 2 0 2 3 0 0 0 0 2 2 0 3 0 0 3 0 0 0 0 6 0 0 0 0 0 0 0 0 0 0 0 0 0 0 0 0 0 0 0 0 0 0 0 15 0 0 0 0 0 0 0 13 0 0 0 0 0 0 0 0 14 46 7 39 8 0 0 27 15 45 25 0 13 11 14 2 30 21 12 1 0 0 0 0 0 0 19 0 0 0 0 0 9 0 0 5 0 0 11 9 0 2 0 0 0 0 0 0 0 0 0 0 0 0 28 0 0 0 0 0 0 0 0 0 0 1 0 10 0 0 0 3 0 0 0 0 0 0 0 0 0 4 10 12 12 31 1 7 15 1 0 0 8 14 0 5 10 31 0 5 0 0 0 0 0 0 0 0 0 0 0 0 9 3 0 0 0 1 7 1 0 0 0 0 0 0 0 0 0 19 0 19 0 1 0 0 0 1 0 0 0 0 2 0 0 1 1 0 0 0 0 0 0 0 0 0 0 0 0 0 0 0 0 0 10 9 0 0 0 6 
 0 0 0 4 60 1 0 12 7 0 78 0 0 62 0 3 4 68 2 0 68 1 0 0 0 2 0 2 0 0 0 0 1 1 3 1 0 0 80 1 248 141 241 108 163 82 50 227 0 144 62 322 80 148 420 359 169 37 97 73 0 0 0 0 0 0 0 1 0 0 0 3 0 4 0 3 0 51 52 25 2 0 0 8 0 9 0 0 5 0 15 9 0 0 0 21 0 6 0 0 1 14 0 0 0 0 1 9 1 0 0 0 13 0 11 0 0 0 5 2 0 26 21 1 0 0 0 0 10 9 0 0 0 0 0 11 12 0 0 0 0 3 0 0 3 0 4 0 0 0 0 0 6 0 1 0 0 0 7 22 0 1 0 13 0 0 0 0 5 3 4 1 0 0 4 18 0 0 0 0 0 24 0 11 0 0 0 4 14 0 0 0 0 0 11 0 0 0 2 2 0 10 26 8 8 11 0 0 26 10 10 22 0 0 0 7 0 49 0 0 0 0 0 0 0 0 11 2 0 0 0 0 16 10 1 0 0 0 34 10 0 5 0 0 0 0 0 0 63 0 0 10 0 1 0 0 1 0 0 0 0 0 1 0 0 10 0 0 0 0 0 0 0 0 0 0 0 0 0 0 0 0 0 0 0 0 0 11 0 5 
 0 0 0 0 0 0 0 2 0 0 0 0 0 0 0 0 0 0 0 0 0 0 0 0 0 0 0 2 2 0 0 0 2 0 0 0 0 0 0 0 101 97 68 224 130 166 113 67 144 0 199 48 72 83 114 81 431 83 66 121 0 0 0 4 0 2 0 0 0 1 5 0 0 53 0 2 1 0 0 54 0 0 0 0 0 0 0 0 0 0 0 0 0 0 0 0 0 0 0 0 0 0 0 0 0 0 0 0 0 0 0 0 0 0 0 0 8 0 0 0 13 0 14 0 7 51 0 3 8 3 6 27 0 31 0 25 0 0 19 14 0 10 0 0 4 0 15 1 0 0 0 0 2 0 28 0 0 0 2 12 0 1 0 0 2 0 0 0 0 0 0 0 0 0 0 0 0 0 0 0 0 0 0 0 0 0 0 0 0 0 0 0 0 0 0 0 0 0 0 0 0 0 8 29 0 5 0 0 54 0 11 48 0 0 2 0 5 19 0 6 0 0 0 11 0 0 24 1 0 0 0 0 22 0 1 4 0 0 8 16 0 0 0 0 0 0 0 0 0 0 0 21 2 0 0 0 0 0 0 34 0 0 63 0 35 2 2 2 0 0 0 0 0 0 0 0 0 0 0 0 0 0 0 0 17 8 0 0 0 0 
 55 0 0 0 0 0 4 0 0 1 1 2 69 0 1 0 1 0 0 1 0 0 0 0 1 0 0 3 0 4 1 0 0 0 0 0 3 0 0 0 45 607 333 138 130 359 38 109 62 199 0 145 302 81 147 162 95 132 55 299 0 0 0 0 0 0 0 1 0 64 0 0 24 101 0 1 0 0 0 10 0 0 11 0 0 0 0 17 0 0 0 0 0 0 10 38 0 0 0 0 0 0 0 13 0 5 0 0 0 0 0 12 0 0 0 0 0 0 0 0 0 11 0 13 12 10 0 8 6 33 46 18 2 0 0 12 6 6 0 0 13 7 0 0 0 0 5 15 0 0 0 0 0 0 0 0 0 0 0 10 0 2 17 0 0 6 0 0 0 10 0 0 10 0 7 14 0 0 0 0 0 9 0 0 3 8 0 0 0 7 0 4 0 0 0 0 10 2 0 0 14 0 0 21 0 30 18 0 0 25 0 10 0 0 5 12 13 1 0 0 0 0 0 0 0 0 20 2 0 0 0 0 12 11 0 11 0 0 0 71 0 0 0 0 0 0 0 0 0 0 0 6 0 0 0 0 0 0 0 8 0 0 0 61 3 3 0 0 0 0 0 0 0 0 0 0 0 0 0 0 0 0 0 0 0 41 0 0 0 0 
 9 0 15 0 0 21 0 4 0 1 0 13 0 0 1 1 0 0 0 66 0 0 0 0 0 8 0 2 3 0 0 0 0 0 35 0 0 1 0 0 55 100 129 250 148 61 43 312 322 48 145 0 30 171 113 459 123 148 37 52 0 0 0 0 0 4 46 8 0 0 0 0 0 0 0 0 0 1 51 6 2 0 0 0 8 15 0 0 4 0 0 9 0 17 16 2 0 0 0 4 0 0 0 29 0 0 0 0 0 0 0 0 0 0 0 0 0 0 2 0 4 30 0 2 1 7 0 31 20 54 10 29 0 20 5 0 42 26 9 0 0 0 0 0 0 0 0 0 0 0 0 0 17 0 0 0 0 6 3 0 11 10 0 0 0 0 0 0 0 0 0 0 0 0 20 4 0 0 0 9 0 0 0 0 0 0 0 0 0 0 0 0 0 0 0 0 0 0 0 0 0 20 0 53 77 36 3 7 0 23 0 0 0 21 0 0 33 49 0 0 14 0 0 0 0 0 2 0 0 1 0 0 0 19 21 3 1 0 23 9 0 0 0 0 0 1 0 0 0 0 0 3 0 0 0 0 0 0 0 2 0 28 11 0 4 12 0 0 0 0 0 0 0 0 0 0 0 0 0 0 0 4 0 0 21 11 0 2 0 0 
 0 0 0 2 0 0 3 0 0 0 0 0 0 3 16 0 0 0 0 0 0 0 0 1 49 6 0 0 64 0 63 1 0 1 0 0 0 29 2 0 128 39 275 121 164 47 174 578 80 72 302 30 0 142 101 110 268 40 156 194 0 0 0 0 0 0 0 7 0 0 0 0 0 0 0 0 0 0 0 8 0 0 0 0 0 21 0 0 15 0 1 0 0 0 0 0 0 0 0 0 0 0 0 18 6 1 0 0 0 0 0 1 0 0 0 0 0 0 8 0 0 0 15 5 0 10 60 62 5 9 28 19 2 11 0 12 43 35 9 2 0 0 16 0 0 0 3 0 0 0 0 0 0 0 0 0 0 0 0 0 0 1 0 2 0 0 0 0 0 0 12 0 0 0 0 0 0 0 0 0 0 0 0 0 54 14 0 0 0 0 0 1 0 0 0 0 0 0 0 0 13 0 19 19 18 16 34 10 8 13 0 0 32 40 3 14 25 0 16 4 0 0 0 0 0 0 0 0 0 0 0 0 0 0 0 0 0 10 0 2 0 0 0 0 0 0 0 0 0 0 0 17 0 2 1 0 0 0 0 0 0 0 0 0 0 3 2 0 0 0 10 0 0 0 0 0 0 0 0 4 0 0 0 0 6 55 0 0 1 0 
 0 0 0 0 0 0 2 0 0 2 0 0 0 2 0 0 0 0 0 0 0 0 0 0 0 0 1 1 0 0 1 1 0 4 0 0 0 1 0 1 113 400 69 133 76 60 52 273 148 83 81 171 142 0 318 92 46 34 74 90 0 0 0 0 0 1 2 3 0 0 3 0 0 0 0 0 3 0 0 10 0 0 0 0 0 0 0 0 0 0 0 0 0 0 0 0 0 0 0 0 0 0 0 0 0 0 0 0 0 0 0 0 0 0 0 0 0 0 0 0 12 85 0 37 34 16 0 23 20 71 12 36 9 23 26 11 41 7 16 2 0 9 0 0 1 0 0 0 0 0 0 0 17 9 0 0 0 0 3 1 0 2 0 0 0 0 0 0 0 0 0 0 0 0 5 0 0 0 0 0 0 0 0 0 0 0 0 0 0 0 0 0 0 0 0 0 0 0 0 0 38 20 0 72 32 83 32 6 15 12 36 0 0 24 0 8 1 38 0 0 0 0 0 0 0 0 0 0 0 0 0 0 1 0 0 0 0 0 29 22 0 0 0 0 0 0 0 0 0 0 0 10 0 1 0 0 0 0 0 2 0 0 65 0 0 8 0 0 2 0 0 0 0 0 0 0 0 0 0 0 0 0 0 0 4 15 0 18 0 0 
 5 7 5 0 0 1 7 2 66 12 2 2 1 7 5 1 5 4 15 6 0 0 0 1 0 2 0 0 2 1 0 66 3 0 0 0 0 0 1 0 53 149 111 94 368 276 183 139 420 114 147 113 101 318 0 170 36 22 254 198 0 0 0 0 0 0 0 0 0 0 0 0 1 0 0 2 0 0 0 6 0 11 0 0 0 0 9 3 6 0 0 4 0 0 0 0 5 0 0 10 0 0 0 0 0 0 0 0 0 0 0 9 0 0 0 0 0 0 0 0 49 85 10 18 8 0 0 18 18 1 12 15 0 0 11 4 41 0 1 0 0 0 0 0 0 0 9 0 0 0 0 11 13 0 0 0 0 0 8 29 4 0 6 0 0 0 0 8 0 0 0 0 0 0 7 0 0 7 7 0 0 0 0 0 9 7 0 0 0 0 0 0 0 0 0 12 0 0 0 0 39 18 21 22 42 46 0 2 18 2 0 2 8 10 23 9 0 60 0 0 0 0 0 0 0 0 0 0 0 0 0 0 10 0 0 0 0 0 24 72 0 0 0 0 0 0 0 0 0 0 0 10 0 1 0 0 0 0 0 1 0 0 6 0 3 21 2 0 2 0 3 0 0 0 0 0 0 0 0 36 0 0 0 0 0 71 0 0 0 8 
 0 0 0 1 0 0 0 0 0 0 0 0 0 0 0 0 0 0 0 2 2 2 2 2 2 4 3 3 2 2 3 3 5 2 2 2 2 3 2 3 107 351 122 54 198 158 75 196 359 81 162 459 110 92 170 0 73 160 68 85 0 3 13 0 0 207 51 0 2 2 11 0 51 0 0 5 0 0 59 53 0 0 0 0 0 0 0 0 0 0 0 0 0 0 0 0 0 0 0 0 0 0 0 0 0 0 0 0 0 0 0 0 0 0 0 0 0 0 0 0 23 23 0 20 8 0 0 25 0 42 25 14 3 11 10 22 8 0 0 1 0 0 0 0 8 15 0 0 0 0 12 0 0 0 0 0 0 0 0 24 0 0 5 0 0 3 0 0 0 0 0 0 0 0 3 0 0 0 0 0 0 0 0 6 0 0 0 0 0 0 0 0 0 0 0 0 0 0 0 0 0 10 1 12 7 13 7 3 3 33 0 0 0 11 0 9 33 8 0 0 24 0 0 15 0 0 11 0 9 0 27 0 26 20 31 4 0 0 0 38 0 0 0 0 0 0 0 0 0 0 0 13 0 1 0 0 0 0 0 2 0 0 2 1 0 17 0 0 2 0 0 0 0 0 0 8 0 0 0 0 0 0 0 0 5 17 0 0 0 0 
 9 3 4 3 3 3 3 3 3 3 3 3 3 3 3 3 4 3 3 4 0 61 0 0 2 8 8 0 0 0 0 0 3 0 0 0 0 0 0 0 38 104 72 137 96 157 22 56 169 431 95 123 268 46 36 73 0 130 20 37 0 0 0 0 0 0 0 0 0 0 0 0 0 51 0 0 0 47 0 61 0 0 0 0 0 0 0 0 0 0 0 0 0 0 0 0 0 0 0 0 0 0 0 0 0 0 0 0 11 0 0 0 0 0 0 0 0 0 0 0 10 9 15 4 1 39 0 0 17 12 5 17 0 10 2 5 0 0 2 0 0 20 0 0 4 0 54 0 0 0 0 0 1 0 0 0 0 0 0 25 0 2 0 0 0 0 0 0 0 0 0 0 0 0 0 0 0 0 0 0 0 0 0 0 0 0 0 0 0 0 0 0 0 0 19 0 0 0 0 8 0 1 12 31 8 8 0 0 33 0 18 28 4 4 9 9 0 40 0 60 0 0 0 0 0 0 37 1 10 0 0 0 32 0 0 15 0 0 17 13 0 0 0 0 0 0 0 0 0 0 0 6 0 0 0 0 0 0 0 10 0 1 62 0 9 2 1 0 2 0 0 0 0 0 0 0 0 0 0 0 0 3 0 0 0 0 0 0 0 26 
 3 3 3 3 3 3 3 3 3 3 3 4 3 3 3 3 3 3 3 3 0 0 0 0 0 7 1 205 0 0 50 0 0 0 0 0 0 0 0 0 118 50 132 166 258 67 14 119 37 83 132 148 40 34 22 160 130 0 28 38 0 0 0 0 0 0 46 0 0 0 0 0 21 51 3 4 1 0 50 14 0 0 0 0 0 0 0 0 0 0 0 0 0 0 0 0 0 0 0 0 0 32 0 0 0 0 0 0 0 0 0 0 0 0 0 0 0 0 0 0 61 19 16 25 21 0 0 10 5 54 40 0 0 12 11 10 0 0 0 1 0 13 0 0 0 0 8 1 0 0 0 0 0 1 9 0 0 0 12 0 0 2 11 0 0 20 0 6 0 0 0 0 0 0 0 0 0 0 0 0 0 0 0 0 0 0 0 0 0 0 0 0 0 0 0 0 0 0 0 0 0 10 7 0 7 0 0 0 0 33 7 11 7 46 0 9 30 1 0 5 25 17 0 0 0 0 9 6 0 1 0 0 19 25 37 0 1 0 10 0 0 0 4 0 0 0 0 0 0 0 0 24 0 0 0 0 0 0 0 11 63 0 0 62 0 3 5 2 0 0 0 0 0 0 0 0 0 0 0 0 0 0 0 0 6 15 0 0 0 0 
 0 0 0 0 0 0 2 0 0 0 0 0 0 2 0 0 0 0 0 0 0 0 0 0 27 0 0 0 6 62 1 62 0 0 0 0 0 62 0 0 329 59 39 58 71 106 155 79 97 66 55 37 156 74 254 68 20 28 0 123 0 0 5 0 0 1 0 5 0 0 5 0 50 0 0 3 2 0 1 0 11 0 0 0 0 0 0 11 0 0 0 0 0 14 0 0 0 0 0 0 0 0 0 1 1 9 0 0 0 0 0 10 2 0 0 0 0 0 0 0 0 0 0 31 1 4 14 14 17 0 0 0 17 12 19 0 0 48 19 16 0 0 0 1 0 3 0 0 0 2 5 0 0 1 0 17 0 0 0 8 0 0 0 0 0 0 0 0 0 0 0 0 0 0 0 0 0 0 0 0 0 0 26 0 23 15 0 0 0 1 0 0 0 0 0 0 0 0 0 0 9 26 11 0 13 0 42 28 52 8 24 0 8 12 19 20 0 0 24 19 2 0 0 10 0 0 0 0 3 0 3 0 0 0 0 0 0 1 0 0 0 0 0 0 0 0 0 0 0 0 0 14 0 0 0 0 0 63 0 0 0 0 0 0 1 0 0 0 0 0 0 0 0 0 0 5 0 0 0 0 0 10 0 0 0 0 0 31 0 0 
 2 6 2 6 69 66 2 2 2 3 2 2 3 2 2 2 2 2 2 2 5 14 196 69 67 213 4 66 27 24 33 68 3 5 66 4 126 74 65 3 60 272 112 71 311 266 133 52 73 121 299 52 194 90 198 85 37 38 123 0 0 2 0 0 3 0 2 9 55 0 1 0 11 0 0 0 0 1 0 0 0 0 0 0 0 12 0 0 1 0 0 0 0 0 0 0 0 19 0 0 0 0 0 14 0 0 14 17 0 14 0 1 0 14 15 0 0 11 29 6 0 0 30 9 0 6 33 17 0 0 0 2 19 6 74 0 0 42 20 0 0 0 10 0 0 0 0 7 0 0 0 0 0 0 0 0 0 0 0 1 0 0 0 12 14 0 0 0 0 0 0 4 0 0 0 0 0 0 0 0 2 3 18 0 0 7 0 0 0 0 25 12 22 2 6 10 14 32 7 0 0 39 0 0 27 0 0 22 7 1 0 0 12 1 62 22 16 0 0 13 0 0 0 0 0 0 0 0 0 0 0 0 0 0 0 0 0 0 0 0 0 0 0 0 0 0 63 0 0 0 0 14 0 2 0 0 0 2 0 0 0 1 1 0 0 2 0 0 0 0 0 0 0 0 0 20 0 0 0 13 0 0 0 0 0 0 0 0 0 0 
 0 0 0 0 0 0 0 0 9 0 0 0 6 1 12 0 0 0 0 0 0 0 0 0 0 0 0 0 0 0 0 0 2 0 0 0 0 0 0 0 2 0 0 0 0 0 0 2 0 0 0 0 0 0 0 0 0 0 0 0 0 139 109 102 159 113 412 344 106 90 133 521 81 110 348 88 39 77 152 61 6 1 0 0 0 0 0 0 0 2 0 0 9 0 0 0 0 0 0 0 0 0 0 0 0 0 0 0 0 0 0 0 0 0 0 0 0 0 0 0 0 0 0 0 0 0 0 0 0 0 0 0 0 0 0 0 0 0 0 0 0 0 2 26 37 29 0 4 3 12 0 27 0 0 9 2 44 65 0 0 0 2 3 0 0 0 0 0 0 0 1 0 0 0 0 2 0 0 0 1 0 0 0 0 0 0 0 0 0 0 0 0 0 0 0 0 0 0 0 0 0 0 0 0 0 0 0 0 0 0 0 0 0 0 0 0 0 0 0 0 0 6 16 1 26 0 0 8 25 10 32 0 0 0 0 0 9 20 0 0 0 0 0 0 0 0 0 0 0 0 0 0 3 0 0 0 20 0 0 0 0 0 0 1 0 0 0 0 0 0 17 0 0 6 0 0 0 0 0 0 0 0 0 0 0 1 0 0 0 0 
