 0 175 160 366 29 33 232 111 132 141 117 319 441 46 276 56 126 436 153 109 0 2 0 0 0 3 0 0 0 0 0 0 0 0 0 2 0 1 3 0 0 0 3 0 0 0 0 2 0 0 3 0 0 0 0 55 0 0 2 0 0 0 3 0 2 0 0 0 3 4 0 0 0 0 0 0 0 0 2 3 0 10 14 26 9 0 22 0 23 0 0 1 28 33 9 3 1 20 13 12 0 23 7 0 0 0 0 0 0 0 0 0 0 0 0 0 1 0 1 0 0 0 0 7 0 0 0 0 0 0 0 0 0 0 0 0 0 0 0 0 0 0 16 0 0 0 0 0 0 0 0 2 0 1 0 0 0 0 0 0 48 13 0 36 0 0 46 6 22 24 25 19 29 7 20 2 15 8 21 24 1 0 0 0 0 0 0 0 0 0 0 0 0 0 0 0 0 0 0 0 0 0 0 0 0 0 0 0 0 0 0 0 0 0 0 0 0 0 0 0 0 0 0 0 0 0 0 0 0 0 0 0 0 0 0 10 0 0 0 0 0 0 0 0 0 2 1 0 28 7 2 5 0 0 0 0 0 0 0 0 0 0 0 0 0 0 0 0 0 0 0 0 0 0 0 13 0 0 0 0 0 0 0 0 0 0 0 0 0 0 
 175 0 244 129 49 119 92 451 161 265 32 26 305 60 166 396 227 135 261 73 2 2 0 2 0 3 0 0 0 0 0 0 0 0 0 2 0 206 3 0 0 0 3 0 0 0 0 1 0 0 3 0 0 0 0 0 0 0 1 0 0 0 3 0 2 0 0 0 3 0 0 0 0 0 0 0 0 0 3 0 47 0 19 11 0 4 23 34 15 7 20 13 7 28 0 0 6 7 16 20 0 0 0 0 2 0 0 0 0 0 0 0 0 57 0 0 0 0 21 1 0 0 0 0 0 0 0 0 2 1 0 0 0 0 1 0 0 0 0 0 0 0 0 0 0 0 0 1 1 0 0 0 0 0 0 2 0 0 0 0 0 2 6 7 36 0 19 35 23 0 6 17 28 19 26 18 1 25 0 22 0 0 0 0 0 0 0 0 16 0 0 0 0 0 0 0 0 0 0 0 0 0 0 0 0 0 0 0 0 2 0 0 0 2 0 0 0 0 0 2 0 0 0 0 0 0 0 0 0 0 0 0 0 0 0 0 0 18 0 0 0 0 14 0 0 2 0 2 90 2 15 4 0 2 0 0 0 0 0 0 0 0 11 0 0 0 0 0 0 0 0 0 5 0 0 0 0 0 0 0 0 0 0 0 0 0 0 0 0 0 
 160 244 0 269 68 114 76 223 334 159 251 125 175 379 188 134 594 435 65 391 1 2 0 0 0 3 84 0 0 0 0 0 0 0 0 2 0 0 113 0 0 0 3 0 0 0 0 1 0 0 3 0 0 0 0 0 0 0 2 0 2 0 3 0 2 0 0 0 3 0 0 0 0 0 0 0 0 0 3 0 1 19 24 17 13 38 15 18 20 12 13 24 0 21 13 12 17 23 29 2 0 11 0 0 0 0 11 0 0 0 0 0 28 7 8 0 0 0 33 0 0 0 0 1 1 0 0 0 0 0 0 0 0 0 0 0 1 0 0 0 0 5 0 0 2 0 0 0 0 0 2 0 0 5 0 0 0 0 0 0 3 0 1 28 22 16 12 10 10 16 15 0 9 0 28 9 38 0 10 0 0 0 0 0 0 0 13 0 6 0 2 0 40 0 0 0 0 1 16 0 0 0 0 0 0 0 0 0 0 0 17 0 0 0 0 0 0 0 0 0 19 0 0 2 0 0 0 0 0 20 0 0 0 0 0 0 0 0 0 0 0 0 0 0 0 0 93 0 2 5 0 13 0 0 0 0 0 0 0 0 0 0 0 0 0 0 0 0 0 0 0 0 0 0 0 16 7 0 0 0 0 0 0 0 0 0 0 0 0 0 
 366 129 269 0 198 116 179 306 254 433 155 49 49 171 158 133 124 226 240 171 0 2 2 2 2 5 0 0 0 0 0 0 1 1 0 4 0 76 142 75 0 0 3 0 0 0 0 0 0 2 6 0 0 0 0 0 0 0 1 0 0 0 3 0 2 0 0 0 3 0 0 0 0 0 0 0 5 0 2 0 14 17 5 82 2 0 1 14 23 0 27 1 0 8 29 28 22 11 0 10 18 0 0 0 0 0 0 14 0 0 0 0 49 11 17 0 0 0 23 16 0 0 0 19 0 0 0 0 0 0 0 0 0 0 0 0 0 0 0 0 0 5 0 0 0 0 0 0 0 0 0 3 0 0 0 0 0 0 0 18 2 18 20 27 20 0 0 13 0 16 25 8 5 0 26 25 20 0 15 10 0 0 0 0 0 0 47 7 1 0 0 0 2 0 2 0 0 0 25 0 0 0 0 0 0 0 0 0 0 0 0 0 0 0 0 11 0 0 0 0 0 0 0 0 0 0 0 0 0 0 0 0 0 0 0 0 0 0 0 0 0 10 0 0 0 2 4 0 1 91 13 4 1 0 0 0 0 0 0 0 0 0 0 0 0 0 0 0 0 0 0 0 0 0 0 12 1 0 0 0 0 0 0 0 0 0 0 0 0 0 
 29 49 68 198 0 396 51 72 161 99 319 286 300 70 92 531 357 38 482 109 74 133 1 0 3 6 2 75 0 73 3 1 198 73 96 75 3 3 77 1 0 0 3 2 0 2 0 2 0 0 3 3 5 1 0 0 0 2 0 0 1 0 3 0 2 2 0 0 3 0 0 1 0 0 0 0 0 0 5 0 0 0 0 0 18 16 0 0 0 9 20 0 0 0 0 13 0 5 0 0 19 0 0 12 1 0 15 33 19 0 0 1 30 12 15 0 8 16 0 42 0 0 0 0 0 0 0 2 0 0 0 0 0 0 2 0 0 0 0 0 0 0 0 0 0 0 0 0 2 0 0 2 1 0 6 0 0 0 0 0 0 0 0 0 0 1 0 0 0 0 0 0 0 1 0 0 0 0 0 0 9 19 0 0 0 2 9 0 30 14 14 0 7 14 5 15 19 13 22 28 0 0 0 0 0 0 0 0 0 0 0 0 0 1 0 0 0 0 0 0 0 0 0 0 0 0 1 0 0 0 0 0 0 0 0 0 2 0 9 0 0 0 0 0 0 2 4 0 0 3 1 9 0 1 0 0 0 0 0 0 0 0 0 0 0 0 0 0 0 0 0 0 0 0 0 7 0 17 0 9 0 10 0 0 0 0 0 0 0 0 
 33 119 114 116 396 0 26 368 495 141 269 270 66 121 223 438 520 224 44 52 0 2 0 0 1 3 0 24 0 0 0 0 74 0 80 2 0 0 101 0 0 0 3 0 0 0 68 2 0 0 3 0 0 0 0 0 0 0 0 0 1 0 12 0 2 0 0 0 3 2 0 0 0 0 2 0 0 0 3 0 1 0 14 32 29 2 0 2 0 9 18 11 0 0 13 17 12 78 0 10 11 1 0 0 0 0 12 0 0 0 0 0 4 0 0 0 11 1 10 22 0 0 0 0 0 0 0 4 0 0 0 0 0 0 0 0 0 0 0 0 0 0 0 0 0 0 0 0 0 0 0 0 0 0 6 0 27 0 0 0 0 0 0 1 25 0 0 14 0 21 1 20 0 1 0 19 0 51 0 0 0 0 0 6 0 0 3 1 1 0 0 0 15 0 0 0 0 0 36 0 0 0 0 0 0 0 0 0 0 0 0 0 0 0 0 0 0 0 0 0 0 0 0 0 0 0 0 0 0 0 0 0 0 0 0 0 0 0 0 0 0 1 0 0 0 0 1 0 3 7 15 2 16 0 0 0 0 0 0 0 0 0 1 2 0 0 0 0 0 0 0 0 0 0 0 13 0 10 0 0 0 0 0 0 0 0 0 0 0 0 
 232 92 76 179 51 26 0 384 189 404 112 319 203 104 32 123 73 111 234 106 0 2 2 0 0 4 0 0 3 0 5 0 202 41 1 2 0 2 3 5 3 3 3 2 0 3 0 1 0 69 1 12 6 3 3 0 0 0 0 0 0 1 2 1 3 0 1 7 6 0 0 2 1 5 3 2 1 3 3 0 37 31 30 33 1 0 37 1 10 22 1 0 25 20 11 12 15 14 14 10 0 0 0 0 0 0 0 2 0 0 0 0 0 0 0 0 0 0 0 0 0 2 0 0 0 0 0 0 0 0 0 1 0 0 0 0 0 0 0 2 0 0 0 0 0 0 0 9 0 0 0 0 0 2 0 0 0 0 0 0 32 44 26 50 0 13 11 2 1 18 99 8 26 1 0 1 39 20 1 36 0 0 0 0 0 0 0 0 0 0 0 0 0 0 0 0 0 0 0 0 0 0 0 0 0 0 0 0 0 0 0 0 0 0 0 1 10 0 0 0 2 0 0 0 0 0 0 0 0 0 0 0 0 0 0 0 0 0 0 0 0 0 0 0 0 1 1 0 0 52 0 9 0 1 0 0 0 0 0 0 0 0 0 0 0 0 0 0 0 0 0 0 0 0 0 13 0 0 0 0 0 0 0 0 0 0 0 0 0 2 
 111 451 223 306 72 368 384 0 242 151 46 56 217 603 394 318 283 428 294 382 0 2 0 0 0 3 0 0 0 0 0 2 0 0 0 2 0 0 3 3 0 0 3 0 2 0 0 2 0 0 3 0 0 0 0 0 0 0 1 0 0 0 3 0 2 0 0 0 3 0 0 35 0 0 0 0 0 0 2 0 13 0 18 24 53 12 9 15 15 0 9 1 24 30 0 0 10 20 15 0 0 0 0 1 1 0 0 0 2 0 0 0 0 0 0 0 0 0 0 0 0 0 0 0 0 0 0 0 2 0 0 0 0 0 0 0 0 0 17 0 0 0 0 0 0 0 0 0 0 0 0 0 0 0 2 2 0 0 0 0 0 15 37 0 49 1 19 20 32 13 0 15 0 31 10 28 0 10 20 2 0 0 0 0 0 0 6 0 0 0 0 0 0 0 0 0 0 0 17 0 0 0 0 0 0 0 0 0 0 0 0 0 0 0 0 0 0 10 0 2 0 0 0 0 0 0 0 0 0 0 0 0 0 0 0 0 0 0 0 0 0 0 0 0 0 1 0 0 4 51 0 0 0 0 7 0 0 0 0 0 0 0 0 0 0 0 0 0 0 0 0 0 0 0 0 0 0 0 0 0 0 0 0 0 0 0 0 0 0 0 
 132 161 334 254 161 495 189 242 0 562 149 40 185 199 332 182 365 309 331 409 0 3 0 0 0 3 2 3 0 3 0 0 78 0 0 2 0 2 3 0 0 0 3 0 3 0 3 4 0 0 65 0 0 0 0 3 3 0 1 0 0 0 3 0 2 0 0 0 3 0 3 0 8 0 0 0 0 0 2 0 50 0 19 43 27 17 32 20 22 0 44 0 0 13 0 0 18 27 6 0 23 0 0 0 0 0 0 18 0 0 0 0 1 0 0 0 10 0 0 36 0 0 0 0 0 0 0 0 14 1 0 0 0 0 0 0 0 0 0 0 0 3 0 0 0 0 0 0 0 0 0 6 11 0 0 0 1 0 0 0 23 37 19 15 14 0 9 11 20 45 26 40 0 0 21 23 0 0 0 11 0 0 0 0 0 0 1 0 0 0 0 0 0 0 0 0 0 0 14 0 0 0 0 0 1 0 0 0 0 0 0 0 0 0 0 0 0 1 2 0 0 0 0 15 0 0 0 0 0 0 0 0 0 0 0 0 0 0 0 0 0 0 0 0 0 0 0 0 2 87 0 2 0 0 0 0 0 0 0 0 0 0 0 0 0 0 0 0 0 0 0 0 0 0 0 14 0 17 0 0 0 0 0 0 0 0 0 0 0 0 
 141 265 159 433 99 141 404 151 562 0 719 136 162 99 383 229 150 339 169 136 1 2 0 0 1 3 0 0 0 0 0 0 1 0 0 4 0 2 7 0 0 0 3 0 0 0 0 1 0 0 3 0 0 0 0 0 0 0 2 0 1 0 3 0 2 0 0 0 3 0 0 0 0 0 0 37 0 2 3 0 13 11 1 44 15 10 9 26 39 12 30 0 21 30 0 13 38 17 17 16 0 0 0 0 0 0 0 0 0 0 0 0 27 10 0 0 0 0 14 0 0 0 0 0 1 0 0 0 0 0 0 0 0 0 0 0 0 0 0 0 0 0 0 0 0 0 0 0 1 0 0 0 0 1 0 0 0 0 0 0 0 24 22 48 18 15 5 38 14 10 23 41 30 13 36 42 32 13 4 26 0 0 0 0 0 0 26 0 0 0 0 0 0 0 0 0 2 0 18 0 0 0 0 0 0 0 0 0 0 0 0 0 0 0 13 0 0 0 0 0 0 0 0 0 0 0 2 0 0 0 0 0 0 0 0 0 1 0 0 0 0 0 0 0 0 3 5 0 2 16 19 19 0 0 0 0 0 0 0 0 0 0 0 0 0 0 0 0 0 0 0 0 0 0 0 14 0 0 0 0 0 0 0 0 0 0 0 0 0 0 
 117 32 251 155 319 269 112 46 149 719 0 67 28 215 281 87 159 244 334 382 4 2 0 0 0 7 75 0 0 0 0 0 3 4 0 2 0 0 13 74 4 0 3 0 0 0 0 2 0 4 9 6 0 0 0 0 0 4 1 0 0 4 3 6 76 0 0 0 3 22 3 4 3 4 0 4 0 0 0 5 1 23 1 14 8 20 0 0 0 98 32 2 0 8 31 15 19 6 0 0 37 1 0 0 1 0 0 21 0 15 0 0 18 0 16 0 0 0 28 38 0 0 0 0 0 0 0 0 0 0 0 0 0 0 2 0 0 0 0 0 0 6 0 0 0 0 0 0 2 0 0 8 0 0 0 0 0 0 0 0 0 0 18 10 14 56 2 0 0 16 32 29 11 0 24 14 8 9 14 0 18 0 0 0 0 2 44 0 0 0 0 0 23 0 10 0 0 0 24 0 0 0 11 0 0 0 0 0 0 0 0 0 0 1 0 13 0 0 0 1 0 0 0 0 0 0 0 0 0 0 0 0 0 13 0 0 2 0 0 0 0 0 0 0 0 6 1 1 86 87 0 1 0 0 0 0 0 0 0 0 0 0 0 0 0 0 0 0 0 0 0 0 0 0 0 12 1 0 0 0 0 0 0 0 0 0 0 0 0 0 
 319 26 125 49 286 270 319 56 40 136 67 0 32 49 103 121 120 273 33 17 37 76 0 0 0 4 75 78 0 0 0 0 0 0 28 2 0 0 122 148 0 0 3 0 4 2 0 0 0 0 6 0 0 0 0 0 0 0 1 0 0 0 36 0 2 0 0 0 3 0 0 0 31 0 0 0 0 32 3 0 0 0 0 30 1 0 0 0 0 31 13 12 2 0 18 12 12 13 0 0 23 24 0 0 0 0 26 0 0 0 0 0 63 10 0 0 0 0 30 29 0 0 0 0 0 0 0 0 0 0 0 0 0 0 0 0 0 0 0 0 0 0 0 0 0 0 3 0 0 0 0 0 1 0 7 0 5 0 0 0 0 0 0 8 48 22 0 0 1 24 0 0 0 0 0 16 0 24 19 0 61 0 0 0 0 0 27 22 11 0 0 0 39 2 0 0 0 0 52 1 0 0 0 0 0 0 0 0 0 0 0 0 0 0 0 0 0 0 0 0 0 0 0 0 0 0 0 8 0 0 0 0 6 0 0 0 0 0 1 0 0 10 0 0 0 2 0 0 94 2 0 9 8 2 0 0 0 0 0 0 0 0 0 0 0 0 2 0 0 0 0 0 0 0 0 0 8 15 0 0 0 0 0 0 0 0 0 0 0 0 
 441 305 175 49 300 66 203 217 185 162 28 32 0 79 121 363 427 112 113 175 0 2 0 0 1 3 0 0 0 0 0 0 2 0 75 2 3 4 3 0 0 0 62 0 0 0 0 1 0 0 3 0 0 0 0 0 0 0 2 0 0 0 3 0 2 0 0 0 3 0 0 0 0 0 0 0 0 0 2 0 25 2 29 14 13 0 15 1 19 12 11 0 11 31 10 30 0 9 12 0 0 0 0 0 0 0 0 0 0 0 0 0 0 0 0 0 0 0 0 0 0 0 0 0 0 0 0 0 0 0 0 0 0 0 0 0 0 0 0 0 0 0 0 0 0 0 0 0 0 0 0 0 0 0 0 0 0 0 0 0 15 20 0 31 1 0 36 69 39 1 0 25 18 28 20 19 14 11 17 11 0 0 0 0 0 0 0 0 0 0 0 0 0 0 0 0 0 0 0 0 0 0 0 0 0 0 0 0 0 0 0 0 0 0 0 0 0 0 0 0 0 0 0 0 0 0 0 0 0 0 0 0 0 0 0 0 0 0 0 0 0 0 0 0 0 1 1 1 0 85 2 0 0 0 0 0 0 0 0 0 0 0 0 15 0 0 0 0 0 0 0 0 0 11 0 0 0 0 0 0 0 0 0 0 0 0 0 0 0 0 
 46 60 379 171 70 121 104 603 199 99 215 49 79 0 149 25 51 113 202 266 1 2 0 0 0 3 0 0 0 0 0 0 0 0 0 2 0 0 3 0 0 0 3 0 0 0 0 0 0 61 3 3 0 0 0 0 0 0 0 0 0 58 3 0 2 0 0 0 3 0 0 0 3 0 0 0 0 0 3 0 21 11 10 1 33 11 0 22 0 13 14 19 0 20 0 0 44 8 6 0 0 0 0 1 0 0 0 0 2 0 0 0 0 0 0 0 2 0 0 0 0 0 0 0 0 0 0 0 0 0 12 0 0 0 0 0 0 0 0 0 0 0 0 0 0 0 0 0 0 0 0 1 0 0 2 0 0 0 0 0 0 0 33 32 0 12 0 2 8 0 24 18 10 14 0 11 20 0 20 2 2 0 0 0 0 0 0 0 0 0 0 2 15 0 0 0 0 0 2 0 0 0 0 0 0 0 15 0 0 0 0 0 0 0 0 0 0 0 0 0 0 0 0 0 0 0 0 0 0 0 0 0 0 0 0 0 0 0 0 0 0 0 0 0 0 0 0 0 3 19 0 18 0 0 0 0 0 0 0 0 0 0 0 0 0 0 0 0 0 0 0 0 0 0 0 14 0 0 0 0 0 0 0 0 0 0 0 0 0 0 
 276 166 188 158 92 223 32 394 332 383 281 103 121 149 0 420 204 223 98 355 0 2 1 1 0 3 0 0 74 0 2 0 0 2 0 2 0 4 3 0 0 0 3 0 0 0 0 1 0 0 3 0 0 0 0 0 0 0 1 0 0 0 3 0 2 0 0 0 3 0 0 0 0 0 0 0 0 0 3 0 11 11 22 13 14 42 19 11 19 12 12 26 0 10 26 9 40 17 21 0 0 11 0 0 0 0 0 0 0 0 0 0 9 0 0 0 0 0 24 18 0 0 0 0 0 0 0 0 0 0 0 22 0 0 0 0 0 0 0 0 2 3 0 0 0 0 1 0 8 0 0 6 0 0 0 0 0 0 0 0 0 13 14 0 18 20 10 7 10 0 15 8 0 1 19 2 0 9 0 0 0 0 0 0 0 0 0 0 0 0 0 0 24 0 0 0 0 0 47 0 0 0 0 0 0 0 0 0 0 0 0 0 0 0 2 0 0 0 0 0 0 0 0 0 0 0 0 0 0 0 0 0 0 0 0 0 0 0 0 0 0 0 0 0 0 4 3 0 89 15 0 15 0 0 2 0 0 0 0 0 0 0 0 0 0 0 0 0 0 0 0 0 0 0 0 0 0 0 0 0 0 0 0 0 0 0 0 0 0 0 
 56 396 134 133 531 438 123 318 182 229 87 121 363 25 420 0 368 179 47 125 0 2 0 0 0 3 1 61 0 0 0 0 0 0 0 2 0 207 46 0 0 0 3 0 0 0 0 2 0 0 3 0 0 0 0 0 0 0 2 0 0 0 9 0 2 0 0 0 3 0 0 0 0 0 0 0 0 0 3 0 24 20 27 11 9 0 15 14 34 20 22 15 0 15 12 0 17 26 10 41 29 0 0 0 0 13 11 0 0 0 0 0 0 0 0 0 0 0 47 2 0 0 0 0 0 0 0 0 0 0 2 0 0 0 0 0 0 0 0 0 0 7 0 0 0 0 1 0 0 0 0 0 0 3 0 0 0 2 0 0 2 11 8 0 0 0 0 15 0 10 10 18 0 4 37 10 10 28 0 0 0 0 0 0 0 0 0 0 0 0 0 0 30 1 0 0 0 0 0 0 0 0 0 2 0 0 0 0 0 15 0 0 0 0 0 0 0 0 0 0 0 0 0 0 0 1 0 1 0 0 1 0 0 0 0 1 0 0 0 0 0 0 0 0 0 3 87 0 89 4 32 5 8 0 0 0 0 0 0 0 0 1 0 0 0 0 0 0 0 0 0 0 0 0 0 0 0 0 0 0 0 0 0 0 0 0 0 0 0 0 
 126 227 594 124 357 520 73 283 365 150 159 120 427 51 204 368 0 132 341 326 0 2 0 0 0 3 0 0 0 0 0 0 1 0 2 2 0 0 78 0 0 0 4 0 0 0 0 2 0 0 3 0 0 0 0 0 0 0 0 0 0 0 3 0 3 0 3 0 3 0 0 0 2 0 0 0 0 0 1 0 5 0 23 0 0 0 19 2 0 11 5 23 9 1 28 31 0 0 1 0 0 0 0 0 0 0 0 0 0 0 0 1 14 0 3 0 2 0 17 17 0 0 0 0 0 0 0 0 0 0 0 0 0 0 0 0 0 0 0 0 0 0 0 0 0 0 0 0 0 0 0 0 0 0 0 0 0 0 0 0 0 9 10 9 0 20 21 28 55 0 11 0 29 32 12 17 2 33 14 33 0 0 0 0 0 0 1 0 0 0 0 0 16 0 0 0 0 0 9 0 0 0 0 0 0 0 0 0 0 0 1 0 0 0 0 0 0 0 0 0 0 0 0 0 0 0 0 0 0 0 0 0 0 0 0 0 0 0 0 0 0 0 0 0 0 3 1 1 109 1 0 102 0 0 0 1 1 0 0 0 0 0 2 0 0 0 0 0 0 0 0 0 0 0 0 1 0 0 0 0 0 0 0 0 0 0 0 0 0 0 
 436 135 435 226 38 224 111 428 309 339 244 273 112 113 223 179 132 0 121 247 79 2 1 1 0 4 26 11 0 0 0 0 2 0 2 2 0 3 3 27 2 2 6 39 3 3 5 2 0 0 3 2 0 5 3 36 1 3 0 2 0 2 8 1 3 0 2 72 3 0 0 0 0 0 0 0 0 66 4 0 13 0 19 29 18 68 0 13 0 54 22 0 0 1 10 37 20 0 0 19 14 0 0 0 0 0 0 0 0 0 0 0 9 11 0 0 0 0 40 2 0 0 0 0 0 0 0 0 0 0 0 0 0 0 0 0 0 0 0 0 0 0 0 1 0 0 0 0 0 0 0 0 0 5 0 0 0 0 0 0 3 23 0 10 18 0 9 18 6 43 0 37 1 0 53 25 18 0 16 2 49 0 0 0 0 0 16 0 0 0 0 0 22 0 18 0 0 0 18 0 0 0 0 0 0 0 0 0 0 0 0 1 0 0 0 2 0 0 0 0 0 0 0 0 0 0 0 0 0 0 0 0 0 0 0 0 0 0 1 0 0 0 0 0 0 2 87 2 84 0 14 4 0 0 0 0 0 0 0 0 0 0 0 0 0 0 2 0 0 0 0 0 0 0 0 30 20 0 0 0 0 0 0 0 0 0 0 0 0 0 
 153 261 65 240 482 44 234 294 331 169 334 33 113 202 98 47 341 121 0 349 0 2 0 0 0 3 0 0 0 0 0 0 0 0 0 2 0 0 3 0 0 0 3 0 0 0 0 0 0 0 3 0 0 0 0 0 0 0 1 0 0 0 3 0 2 0 0 0 3 0 0 0 0 0 0 0 0 0 2 0 39 18 25 10 0 0 26 27 20 0 0 0 10 10 10 0 7 0 16 0 0 2 0 0 0 0 0 0 0 0 0 0 0 0 0 0 0 0 0 0 0 0 0 0 0 0 0 0 0 0 0 0 0 0 0 0 0 0 0 0 0 0 0 0 0 0 0 0 0 0 0 0 0 0 0 0 0 0 0 0 37 10 0 27 0 0 31 17 37 13 28 25 10 0 32 13 22 0 31 9 0 0 0 0 0 0 0 0 0 0 0 0 0 0 0 0 0 0 0 0 0 0 0 0 0 0 0 0 0 0 0 8 0 0 0 0 0 0 0 0 0 0 5 0 0 0 0 0 0 0 0 0 0 0 0 0 0 0 1 0 0 0 0 0 0 3 0 1 2 3 0 15 0 0 0 0 0 0 0 0 0 0 0 0 0 0 0 0 0 0 0 0 0 0 0 17 0 0 0 0 0 0 0 0 0 0 0 0 0 0 
 109 73 391 171 109 52 106 382 409 136 382 17 175 266 355 125 326 247 349 0 2 2 0 0 0 3 0 0 0 0 0 0 0 0 0 2 201 0 3 0 0 0 3 0 0 0 0 2 0 2 3 0 0 0 0 0 0 0 1 0 6 0 3 0 2 0 0 0 3 3 0 0 0 0 4 0 0 0 3 0 0 10 10 2 24 0 14 11 14 10 1 14 0 11 0 2 19 10 1 0 0 0 0 0 0 0 0 1 0 0 2 0 0 0 0 1 0 0 0 0 0 0 0 0 0 1 0 0 0 6 0 2 0 0 0 0 0 0 0 0 0 0 0 0 0 0 0 0 0 0 0 0 0 0 0 0 0 0 0 0 0 0 42 18 0 9 1 1 12 0 20 0 15 30 1 0 18 16 10 11 0 0 0 0 0 21 0 0 0 0 0 0 0 0 0 0 0 0 0 0 0 0 0 0 0 0 1 0 0 0 0 0 0 0 0 2 0 0 0 0 1 0 0 0 3 0 0 0 14 0 1 0 0 0 0 0 0 0 0 0 0 0 0 0 0 0 3 2 2 53 0 7 0 0 0 0 0 0 0 0 0 0 12 0 0 0 0 0 0 0 0 0 0 0 0 14 0 0 0 0 0 0 0 0 0 0 0 10 0 1 
 0 2 1 0 74 0 0 0 0 1 4 37 0 1 0 0 0 79 0 2 0 80 361 127 402 103 274 157 107 27 217 64 80 76 86 254 43 280 43 127 2 202 3 0 0 3 2 0 202 0 3 10 0 63 0 66 2 222 74 3 3 5 0 3 0 0 2 3 0 0 0 0 0 0 0 130 0 3 3 0 0 13 5 0 1 1 0 0 0 19 0 0 0 0 0 0 14 0 0 0 0 0 4 1 1 0 8 2 10 13 13 0 0 1 18 33 6 21 19 46 0 0 0 0 0 0 0 11 0 0 1 0 19 0 1 0 0 0 32 0 0 0 2 0 0 23 0 0 0 0 0 1 0 0 0 2 1 0 4 0 0 12 0 0 20 14 0 0 0 0 0 0 0 0 0 0 0 0 0 3 12 9 13 0 30 0 1 0 10 8 11 1 12 1 25 1 20 15 0 18 0 19 0 0 0 0 0 0 0 0 0 0 0 0 8 8 0 0 0 0 0 1 0 0 0 11 0 0 0 0 0 0 0 0 0 0 0 0 0 0 0 0 0 0 0 0 74 0 0 0 0 0 0 0 10 0 1 80 0 4 1 0 0 0 0 0 10 0 0 0 0 0 0 0 0 0 17 0 0 0 0 7 0 0 0 0 19 0 0 0 
 2 2 2 2 133 2 2 2 3 2 2 76 2 2 2 2 2 2 2 2 80 0 74 60 39 344 156 316 199 476 35 40 147 244 323 319 102 125 413 31 2 0 5 3 15 206 2 2 0 0 0 0 2 73 0 0 4 22 0 3 8 3 0 3 0 0 2 3 0 45 2 0 0 0 0 0 0 3 3 3 0 0 0 0 25 20 0 0 0 0 1 1 0 0 0 11 0 1 0 0 10 26 13 24 0 14 40 38 22 0 10 11 0 22 18 12 18 32 0 9 0 0 0 0 0 0 20 0 0 0 0 0 0 0 0 0 0 0 0 0 0 0 0 0 14 0 0 0 0 0 0 0 3 0 1 0 4 0 0 0 0 0 0 0 9 0 0 0 0 16 0 15 0 0 0 0 0 0 5 0 17 36 9 18 0 0 30 11 45 14 21 0 20 29 9 41 30 7 9 46 17 0 0 0 0 0 10 0 0 0 0 0 0 0 0 0 0 0 18 11 17 0 0 0 0 0 0 0 0 0 0 0 0 0 0 0 0 0 0 0 0 0 0 0 0 0 0 0 0 0 0 0 0 0 12 2 0 0 80 1 14 2 0 0 0 71 0 0 0 0 0 0 0 0 0 1 0 0 0 11 0 14 0 0 0 0 0 0 0 0 
 0 0 0 2 1 0 2 0 0 0 0 0 0 0 1 0 0 1 0 0 361 74 0 248 87 35 45 311 262 57 121 32 70 388 52 90 65 36 28 388 2 0 3 2 2 3 2 2 0 0 0 0 1 5 0 0 2 1 0 3 2 3 0 3 0 0 2 3 0 0 0 3 0 2 0 0 0 3 3 1 0 0 0 0 1 1 0 0 0 0 0 0 22 0 0 0 0 0 0 0 0 24 8 31 18 0 35 28 1 22 0 15 0 1 9 38 5 15 22 0 13 11 0 0 0 0 0 0 0 0 0 2 8 0 0 0 0 0 0 12 0 0 6 0 0 0 0 0 0 0 0 0 1 2 0 6 1 0 6 0 0 0 0 0 2 0 0 0 0 0 0 0 1 0 0 0 0 0 1 0 0 3 14 19 36 1 21 45 35 13 10 15 13 0 1 13 25 9 1 8 0 0 0 0 0 0 6 0 2 0 0 0 0 0 0 1 0 0 0 0 0 0 0 0 0 0 0 0 0 0 0 0 0 0 0 0 0 0 0 0 0 0 0 0 0 0 1 0 0 0 0 0 0 0 4 0 0 76 0 2 3 0 0 0 0 0 0 0 0 0 0 0 0 0 0 0 0 1 0 0 0 14 0 0 0 19 0 0 0 0 
 0 2 0 2 0 0 0 0 0 0 0 0 0 0 1 0 0 1 0 0 127 60 248 0 278 44 292 82 95 320 60 60 66 137 165 133 195 349 135 166 2 0 3 0 0 7 2 2 0 0 0 0 0 0 0 0 2 2 0 210 1 3 0 48 0 0 2 3 0 0 0 5 0 3 0 0 0 3 3 0 0 0 0 0 18 12 0 0 0 0 6 0 0 0 0 1 0 0 0 0 0 9 59 19 21 9 4 0 27 1 48 13 0 16 9 22 1 16 2 0 11 10 38 0 0 0 3 0 0 0 0 2 79 0 0 9 0 0 15 0 0 0 1 0 0 0 0 0 0 0 0 0 2 2 0 2 1 0 39 0 0 0 0 0 10 0 0 0 0 0 0 0 0 0 0 0 0 0 0 0 0 9 24 0 6 0 28 40 1 33 13 0 0 26 0 25 10 10 0 2 8 0 0 0 0 0 8 0 22 0 0 0 0 0 0 0 0 0 0 0 0 0 0 0 0 0 0 0 0 0 0 0 0 0 0 0 0 0 0 0 0 0 0 0 0 0 0 0 0 0 0 0 0 0 10 0 1 40 42 0 0 1 0 0 0 0 0 0 0 0 0 0 0 0 0 0 0 0 0 0 0 0 0 0 0 0 0 0 0 0 
 0 0 0 2 3 1 0 0 0 1 0 0 1 0 0 0 0 0 0 0 402 39 87 278 0 75 115 434 373 193 106 53 76 231 169 141 144 105 264 249 6 0 7 0 0 12 2 2 0 0 0 0 0 1 0 0 2 2 0 2 0 3 0 3 0 0 2 3 0 0 0 0 0 0 0 0 0 3 3 0 0 0 0 0 0 0 0 0 0 0 0 0 1 0 2 0 0 0 0 0 0 0 46 24 31 22 2 48 10 12 14 31 0 0 10 8 27 0 0 0 0 0 1 0 0 2 12 0 0 0 0 0 3 0 0 0 0 0 1 1 0 0 0 0 0 2 0 0 0 0 0 0 0 0 0 19 0 0 7 0 0 0 0 0 0 0 0 13 0 0 0 0 0 0 0 0 0 0 0 0 6 9 72 24 19 10 15 34 41 58 67 24 0 12 5 20 41 0 0 0 9 0 0 0 0 0 1 0 18 0 0 0 0 0 0 0 1 0 0 0 0 0 0 0 0 14 0 30 9 0 0 0 0 0 0 0 0 0 0 0 0 0 0 0 0 0 0 0 0 0 0 0 0 0 3 0 0 4 76 5 0 2 0 0 0 0 0 0 0 0 0 0 0 0 0 0 0 0 0 0 0 11 0 0 0 16 0 0 0 13 
 3 3 3 5 6 3 4 3 3 3 7 4 3 3 3 3 3 4 3 3 103 344 35 44 75 0 23 35 423 45 403 208 34 135 493 349 582 125 34 469 3 31 3 0 0 3 29 125 0 10 2 2 6 4 70 32 23 1 27 70 3 3 0 19 0 0 2 3 0 0 4 0 0 0 5 4 0 3 3 5 0 0 0 0 0 0 0 0 0 0 0 0 0 0 0 0 0 0 0 0 0 1 13 1 16 6 0 0 0 20 15 58 0 0 0 15 0 0 0 0 0 24 0 9 0 0 24 0 11 1 0 0 18 0 9 2 12 0 22 11 0 0 5 0 0 0 0 0 0 0 0 0 0 2 0 0 0 0 0 0 0 0 7 0 0 0 1 0 0 0 0 0 0 0 0 0 0 0 10 0 0 0 3 72 23 48 2 0 0 1 15 19 0 1 0 21 1 0 0 0 30 19 0 16 12 0 10 73 8 0 22 0 41 16 21 35 7 0 57 23 0 0 0 0 0 0 0 0 0 0 0 0 0 0 0 0 0 0 13 0 0 0 0 0 0 0 0 0 0 0 0 0 0 0 21 0 4 45 0 0 19 0 0 0 0 0 0 0 0 0 0 0 0 0 0 0 0 0 0 0 0 0 0 0 24 0 0 0 0 0 
 0 0 84 0 2 0 0 0 2 0 75 75 0 0 0 1 0 26 0 0 274 156 45 292 115 23 0 98 89 46 45 22 177 198 127 261 83 95 218 121 2 0 5 0 0 3 3 2 0 3 6 5 0 30 0 0 2 1 1 6 3 23 3 3 0 0 2 3 2 0 47 0 0 1 0 0 56 3 3 2 0 0 0 0 17 7 0 0 0 18 0 15 0 0 0 0 12 0 0 0 19 30 0 0 0 0 32 11 18 0 28 10 2 9 20 16 0 17 13 21 0 0 0 0 0 0 0 0 0 0 0 0 2 0 0 0 0 0 10 0 0 0 0 0 0 0 0 0 0 0 0 0 3 0 0 0 0 0 1 0 0 0 0 0 14 11 0 0 0 0 0 0 0 0 0 0 14 0 0 0 45 36 4 10 1 10 21 25 25 21 1 0 15 15 18 13 8 12 0 9 0 0 0 0 0 0 0 0 0 0 0 0 0 0 0 0 0 0 0 0 0 0 0 0 0 0 0 6 0 0 0 0 0 0 0 0 0 0 0 0 0 11 0 0 0 0 24 0 0 0 0 0 0 0 18 0 0 0 0 0 0 1 0 0 0 0 5 0 0 0 0 0 0 0 0 0 28 0 0 0 0 0 0 0 0 0 12 0 0 0 
 0 0 0 0 75 24 0 0 3 0 0 78 0 0 0 61 0 11 0 0 157 316 311 82 434 35 98 0 176 34 465 45 480 241 120 121 121 326 61 134 6 0 10 0 0 3 2 0 0 0 0 0 0 1 1 0 2 1 62 3 4 3 0 3 0 0 2 3 0 0 0 0 0 0 0 0 0 4 3 0 0 0 0 0 0 29 0 1 0 0 0 21 0 0 0 0 0 9 0 0 0 1 12 25 17 0 0 15 26 42 8 37 0 21 0 12 42 1 0 30 0 0 0 0 0 0 0 1 0 0 0 0 0 0 0 0 0 0 0 0 0 0 0 0 0 0 0 0 0 0 0 0 0 0 19 0 5 0 0 0 0 0 0 0 0 0 0 0 0 0 0 0 0 0 0 0 0 0 2 0 8 11 10 14 1 21 0 1 0 0 8 30 0 0 0 12 17 23 30 25 0 0 0 0 0 0 0 0 3 0 0 0 13 0 0 27 0 0 18 0 0 0 0 0 0 0 0 0 0 0 0 0 0 0 0 1 0 0 2 9 0 0 12 0 0 0 0 0 0 0 0 0 0 0 8 2 0 1 0 2 2 1 0 0 0 0 1 0 0 0 0 0 0 0 0 9 0 13 0 0 0 0 0 0 0 18 14 0 0 0 
 0 0 0 0 0 0 3 0 0 0 0 0 0 0 74 0 0 0 0 0 107 199 262 95 373 423 89 176 0 172 183 101 170 234 83 185 156 411 56 75 2 0 3 9 3 3 2 0 0 0 0 0 63 0 0 0 2 3 127 3 2 3 55 3 0 0 2 3 0 2 0 0 0 0 5 0 0 3 3 0 0 0 0 0 0 6 0 0 0 0 6 0 0 0 0 0 0 0 0 0 10 25 0 0 21 32 19 15 26 41 0 21 0 19 0 1 6 14 4 0 0 0 20 0 0 0 0 0 0 0 0 0 33 0 0 0 0 0 10 0 0 0 2 0 0 0 0 0 0 0 0 0 0 1 0 0 0 0 0 0 0 0 0 0 0 0 0 0 0 0 0 0 0 0 0 3 0 0 0 0 17 9 0 23 20 16 13 0 0 0 2 9 0 12 8 0 55 17 10 11 0 13 0 0 0 0 0 0 0 0 0 0 0 0 8 7 0 0 8 10 0 0 0 0 0 0 0 0 0 0 0 0 0 0 0 0 0 0 0 0 0 0 0 0 0 0 0 0 0 0 0 0 0 0 6 0 0 101 2 0 2 0 0 0 0 0 0 0 0 0 0 0 0 0 0 0 0 0 0 0 0 0 0 0 0 0 17 0 0 0 
 0 0 0 0 73 0 0 0 3 0 0 0 0 0 0 0 0 0 0 0 27 476 57 320 193 45 46 34 172 0 158 65 326 240 180 184 167 31 115 143 3 0 4 0 6 7 2 2 0 0 23 0 0 0 0 0 2 2 0 5 1 3 0 3 0 0 2 3 0 0 0 0 0 3 0 0 0 3 3 0 0 0 0 0 17 23 12 0 0 0 0 0 0 0 0 0 0 0 0 0 0 39 24 6 10 11 60 14 18 0 32 9 0 5 0 17 14 31 15 0 15 0 0 0 0 0 7 0 0 0 0 0 11 0 0 0 0 0 10 0 0 0 0 0 0 0 0 0 0 0 0 0 3 0 0 0 0 0 1 0 0 0 0 0 2 0 0 0 0 0 0 0 0 17 0 0 0 0 0 0 48 16 19 0 8 6 22 46 42 12 10 7 0 26 38 51 16 19 0 29 0 0 0 0 0 0 7 0 16 0 0 0 0 0 0 0 0 0 0 0 0 0 0 0 0 0 0 0 0 11 0 0 0 0 0 0 0 0 0 0 0 0 0 0 0 0 0 0 0 0 0 0 0 0 8 0 0 75 81 0 0 2 0 0 0 0 0 0 0 0 0 0 0 0 0 0 0 0 0 14 0 0 0 0 0 0 0 0 0 0 
 0 0 0 0 3 0 5 0 0 0 0 0 0 0 2 0 0 0 0 0 217 35 121 60 106 403 45 465 183 158 0 144 34 56 298 192 147 454 28 291 6 64 7 0 0 3 6 1 0 0 0 0 125 27 0 0 2 2 90 2 0 3 69 3 3 0 2 3 0 0 0 13 0 13 0 0 0 6 3 6 0 0 0 0 0 0 0 0 0 0 0 0 0 0 0 0 0 0 0 0 1 8 25 24 28 12 0 12 0 12 11 34 0 0 0 14 29 0 0 0 0 14 12 0 0 0 0 0 0 0 1 0 26 1 0 18 0 0 17 8 0 0 2 1 0 0 14 0 0 0 0 0 0 1 0 2 2 0 0 0 0 0 6 0 1 0 2 0 0 0 0 0 0 0 0 9 10 0 0 0 0 0 12 28 21 30 0 0 0 0 10 8 2 3 2 13 0 35 0 0 0 10 0 0 0 0 4 18 1 0 0 0 23 10 7 41 0 0 22 11 0 0 0 0 0 0 0 0 0 0 0 0 0 0 0 0 0 0 0 0 0 0 29 0 0 0 0 0 0 0 0 0 0 0 7 1 4 5 36 6 0 2 0 0 0 0 0 0 0 0 0 0 0 0 0 0 0 1 0 0 0 0 0 0 0 1 0 0 0 0 
 0 0 0 0 1 0 0 2 0 0 0 0 0 0 0 0 0 0 0 0 64 40 32 60 53 208 22 45 101 65 144 0 33 97 37 43 96 138 238 67 3 158 3 1 0 3 64 30 0 0 0 0 64 0 1 64 77 1 61 68 2 3 1 3 0 0 2 3 0 0 0 0 0 0 6 5 0 3 3 3 0 17 0 0 0 0 0 0 16 0 0 0 0 0 0 0 0 0 0 0 0 0 0 0 16 0 0 0 0 0 0 23 0 0 0 0 9 0 0 0 15 1 31 8 0 0 1 0 24 11 0 1 21 38 28 20 19 11 37 38 0 0 0 6 0 0 0 0 0 0 0 0 0 0 0 0 0 8 0 0 0 0 6 0 0 8 0 0 0 0 0 0 0 0 0 0 6 0 0 0 0 0 0 39 23 57 0 0 14 0 0 12 0 0 0 0 0 0 0 0 32 49 0 11 0 0 19 32 22 0 1 0 40 19 27 24 1 0 21 12 0 0 0 0 0 0 0 0 0 0 0 0 0 0 0 0 20 0 0 0 0 0 0 0 0 0 0 0 0 0 0 0 0 0 13 1 4 148 42 0 6 0 0 0 0 0 0 0 0 0 0 0 0 0 0 0 0 0 0 0 0 0 0 0 0 0 0 0 0 0 
 0 0 0 1 198 74 202 0 78 1 3 0 2 0 0 0 1 2 0 0 80 147 70 66 76 34 177 480 170 326 34 33 0 366 177 132 66 34 70 49 7 2 3 0 3 0 5 2 0 0 3 7 0 63 0 0 1 5 1 3 4 4 6 0 0 0 0 50 0 0 0 0 0 0 0 1 0 0 0 0 0 0 0 0 19 26 0 0 2 0 35 24 0 0 0 1 0 18 0 12 45 1 0 1 0 0 35 13 22 9 0 0 12 8 13 0 12 38 8 66 0 0 0 0 0 0 0 0 0 0 0 19 0 0 0 0 2 0 0 0 0 0 0 0 0 0 0 0 0 0 0 0 0 0 3 0 0 0 0 0 0 0 0 3 0 14 0 0 1 4 0 1 0 0 0 0 0 18 0 0 0 17 0 0 0 0 14 0 32 1 13 25 11 0 10 19 12 14 35 29 0 0 0 0 0 0 0 0 0 0 0 0 0 1 0 0 0 9 0 1 0 0 0 0 0 0 0 0 0 0 0 0 0 0 2 0 0 0 0 0 0 3 0 0 0 0 102 0 1 0 0 0 0 0 11 0 0 0 0 0 2 2 0 0 0 0 0 0 0 0 0 0 0 0 0 27 0 16 0 17 0 0 0 0 0 0 0 0 0 0 
 0 0 0 1 73 0 41 0 0 0 4 0 0 0 2 0 0 0 0 0 76 244 388 137 231 135 198 241 234 240 56 97 366 0 108 191 183 27 115 341 4 1 6 0 11 3 2 0 0 2 1 12 6 1 0 0 3 3 66 3 3 8 0 5 0 0 5 4 0 0 0 4 2 2 0 0 0 3 3 0 0 0 0 0 0 0 12 0 0 0 0 0 0 0 0 0 0 0 0 0 0 12 4 24 22 18 22 43 12 33 11 14 0 14 0 20 13 52 8 0 0 0 0 0 0 0 0 0 0 0 0 0 0 0 0 0 0 0 1 0 0 0 7 0 0 0 0 0 0 0 0 0 1 0 0 3 0 2 2 0 0 0 0 0 0 0 0 0 0 0 0 0 0 0 0 0 0 0 0 0 8 26 0 16 21 31 0 33 1 0 25 20 9 0 9 0 21 8 9 27 0 0 0 0 13 0 0 0 0 0 0 0 0 0 1 1 0 0 20 0 0 0 0 0 0 0 0 0 0 0 6 0 0 0 0 0 0 0 0 0 0 0 0 0 0 0 1 0 0 0 0 0 0 0 3 0 1 1 0 2 1 0 0 0 0 0 0 0 0 0 0 0 0 0 0 0 0 0 0 0 0 30 0 0 0 17 0 0 0 0 
 0 0 0 0 96 80 1 0 0 0 0 28 75 0 0 0 2 2 0 0 86 323 52 165 169 493 127 120 83 180 298 37 177 108 0 167 88 52 286 208 2 0 3 0 6 3 2 1 0 0 1 3 0 63 0 0 2 2 1 3 3 3 0 3 0 0 2 3 0 0 0 0 0 0 0 0 0 3 3 0 0 0 0 0 17 15 0 0 0 0 0 0 0 0 0 0 0 1 0 10 0 22 28 21 0 11 1 0 14 0 15 11 31 15 19 17 53 12 0 26 0 1 0 0 0 0 1 1 0 14 0 0 0 0 0 0 0 0 0 0 0 0 0 0 0 0 0 0 0 0 0 0 3 0 6 0 13 0 0 0 1 0 0 0 0 13 0 0 0 0 0 0 0 2 0 0 1 0 8 0 19 17 18 1 0 0 61 28 36 23 15 0 0 38 0 39 14 9 18 26 0 0 0 0 0 0 8 0 0 0 0 0 0 12 0 0 0 0 13 3 0 0 0 0 0 0 0 0 0 0 0 0 0 0 0 0 0 0 7 0 0 5 0 0 0 0 76 0 0 0 0 1 0 0 9 1 0 0 0 0 3 0 0 0 0 0 0 0 0 0 0 0 0 0 0 1 0 13 0 10 0 0 0 0 0 0 0 0 0 0 
 2 2 2 4 75 2 2 2 2 4 2 2 2 2 2 2 2 2 2 2 254 319 90 133 141 349 261 121 185 184 192 43 132 191 167 0 154 41 239 76 3 0 3 0 3 4 2 2 2 1 0 0 74 2 0 0 3 0 65 3 3 3 52 5 1 0 2 3 0 0 1 4 49 14 0 2 6 3 3 3 0 0 0 16 0 17 0 0 0 0 0 0 0 0 0 0 0 0 0 0 12 47 11 0 24 26 16 16 12 19 25 11 0 0 0 13 1 22 6 0 21 1 0 0 0 0 0 0 0 0 0 0 8 0 0 0 0 0 0 0 0 0 2 0 0 0 2 0 0 0 0 0 0 0 0 0 0 0 0 0 0 0 0 0 0 0 0 0 0 0 0 8 0 0 0 2 0 0 0 0 13 0 7 10 0 24 3 29 20 0 48 0 0 30 18 30 12 48 0 13 0 2 0 0 0 0 11 0 0 1 0 1 11 0 0 1 0 0 15 11 0 0 0 0 0 0 0 0 0 0 0 22 0 0 0 0 2 0 0 0 0 0 43 0 0 0 0 0 0 0 0 0 0 2 3 0 0 75 0 0 1 2 0 0 0 0 0 0 0 0 0 0 0 0 0 0 0 0 0 12 0 0 0 0 0 0 0 0 0 0 
 0 0 0 0 3 0 0 0 0 0 0 0 3 0 0 0 0 0 0 201 43 102 65 195 144 582 83 121 156 167 147 96 66 183 88 154 0 175 29 126 9 0 30 0 0 9 2 2 0 0 3 0 63 0 0 0 2 1 62 3 2 3 56 3 0 0 2 3 0 1 0 0 0 7 0 0 0 3 3 0 0 0 0 0 0 34 0 0 0 0 0 19 0 0 0 0 0 0 0 0 0 0 26 20 3 9 20 12 23 28 0 69 0 19 0 2 16 25 11 1 0 0 0 0 0 0 9 0 0 0 0 0 11 0 0 0 0 0 0 0 0 0 2 0 0 0 0 0 0 0 0 0 0 0 0 1 0 0 0 0 0 0 0 0 15 0 0 0 0 0 0 0 0 0 0 0 0 0 0 0 4 10 19 27 21 18 21 2 11 22 2 12 0 10 0 32 57 30 8 36 0 0 0 0 0 0 0 0 19 0 0 0 0 0 0 0 1 0 10 35 0 0 0 0 0 0 0 0 0 0 0 0 0 0 0 0 0 0 0 0 0 0 0 0 0 0 0 0 0 0 0 0 0 0 9 0 3 1 82 0 2 0 0 0 0 0 0 0 0 0 0 0 0 0 0 0 0 0 0 13 0 0 0 0 0 0 19 0 0 0 
 1 206 0 76 3 0 2 0 2 2 0 0 4 0 4 207 0 3 0 0 280 125 36 349 105 125 95 326 411 31 454 138 34 27 52 41 175 0 26 108 5 0 6 0 0 11 2 65 0 0 1 0 63 0 66 0 102 1 62 3 3 3 52 2 0 0 2 3 0 0 2 2 0 0 0 0 2 4 4 1 0 0 0 0 7 0 0 0 0 0 0 0 0 0 0 0 0 0 0 2 0 0 22 20 0 9 0 18 0 20 14 49 0 0 0 14 19 10 12 0 0 0 0 0 1 0 19 0 0 14 0 0 40 0 15 1 0 0 9 2 0 0 2 0 0 0 1 0 0 0 0 0 0 0 0 0 0 0 0 0 0 0 7 0 0 0 0 0 0 0 0 0 0 0 0 0 1 0 10 0 7 12 18 57 34 19 0 0 0 36 14 8 0 0 14 36 17 10 0 0 18 18 0 1 0 0 9 19 7 2 0 2 10 0 12 16 0 0 20 17 0 0 0 0 0 0 0 0 0 0 0 0 0 0 0 0 1 0 0 0 0 0 0 0 0 0 0 0 0 0 0 0 0 0 9 0 0 40 72 1 19 2 0 0 0 0 0 0 0 0 0 0 0 0 0 0 0 0 0 0 0 0 0 0 0 0 10 0 0 0 
 3 3 113 142 77 101 3 3 3 7 13 122 3 3 3 46 78 3 3 3 43 413 28 135 264 34 218 61 56 115 28 238 70 115 286 239 29 26 0 198 2 0 9 0 0 3 6 0 0 1 4 0 3 65 0 0 7 2 6 3 3 3 9 3 0 3 2 3 0 0 2 0 0 3 2 0 0 3 3 0 0 0 0 14 8 26 0 0 0 0 2 31 0 0 0 30 1 14 0 0 23 34 0 0 0 0 29 0 19 0 11 0 39 26 23 12 0 9 13 1 0 0 0 0 0 0 0 0 0 0 0 0 0 0 0 0 0 0 11 0 0 0 0 0 0 0 0 0 0 0 0 0 2 0 0 0 0 0 1 0 0 0 0 6 25 11 0 0 0 1 0 0 0 0 0 1 14 20 0 14 23 12 1 0 0 0 94 23 20 15 0 0 1 42 1 10 0 0 2 10 0 0 0 0 0 0 0 0 0 0 0 0 0 0 0 12 0 0 0 0 0 0 0 15 0 0 0 0 0 0 0 22 0 0 0 0 0 0 0 0 0 13 0 0 0 0 73 0 0 2 0 0 17 0 4 0 0 0 0 0 75 1 0 0 0 0 0 0 0 0 0 0 0 0 0 0 8 0 0 0 0 0 0 0 0 0 0 0 0 0 
 0 0 0 75 1 0 5 3 0 0 74 148 0 0 0 0 0 27 0 0 127 31 388 166 249 469 121 134 75 143 291 67 49 341 208 76 126 108 198 0 2 0 3 0 0 3 2 2 0 0 7 0 61 64 2 0 2 1 2 3 4 3 0 3 0 0 2 3 0 0 0 0 0 0 0 1 0 3 3 0 0 0 0 0 0 10 0 0 0 20 0 0 0 0 0 0 1 0 0 0 10 0 37 0 3 0 8 2 23 12 13 11 11 30 13 44 0 2 38 0 0 0 0 0 0 0 0 10 0 0 0 0 0 0 0 0 0 0 22 0 0 0 0 0 0 0 0 0 0 0 0 0 0 0 0 7 0 0 9 0 0 0 0 9 32 15 0 0 0 0 0 0 0 0 0 0 0 0 0 0 4 11 31 0 19 0 27 16 0 10 12 0 19 16 59 0 16 15 0 10 0 0 0 0 0 0 0 0 0 0 0 0 0 0 0 0 0 0 0 0 0 0 0 0 0 0 0 0 0 0 0 0 0 0 0 0 0 0 0 0 0 2 0 0 0 0 73 0 0 0 0 0 0 0 9 0 0 0 0 0 7 3 0 0 0 0 10 2 0 0 0 0 0 0 0 0 20 0 0 0 0 8 0 0 0 0 43 0 0 0 
 0 0 0 0 0 0 3 0 0 0 4 0 0 0 0 0 0 2 0 0 2 2 2 2 6 3 2 6 2 3 6 3 7 4 2 3 9 5 2 2 0 90 225 320 229 263 125 106 44 109 257 335 53 237 304 44 50 296 45 38 0 0 0 11 0 0 4 0 0 0 0 0 0 0 0 0 0 0 50 1 0 0 0 0 0 2 0 0 0 0 0 0 0 0 0 0 0 0 0 0 11 15 5 5 2 0 0 0 0 0 3 14 0 0 0 0 6 0 0 0 0 40 1 9 4 16 17 15 72 11 11 0 3 0 0 0 29 28 0 8 0 0 0 0 0 0 10 7 0 0 0 0 0 0 0 0 0 0 0 6 0 0 0 0 0 0 5 0 0 0 0 0 0 0 0 0 0 0 0 8 0 0 6 0 0 0 0 0 0 2 3 5 0 0 0 4 0 0 0 0 0 12 44 33 0 0 0 0 20 19 11 14 2 0 17 0 17 10 0 0 22 0 0 0 0 0 0 0 0 0 0 0 3 0 0 0 0 0 15 0 0 0 9 0 0 0 0 0 0 0 0 3 0 0 0 1 0 0 0 0 0 0 3 71 2 20 0 65 0 8 7 0 0 0 0 0 0 0 0 0 0 0 0 0 21 0 0 0 0 0 
 0 0 0 0 0 0 3 0 0 0 0 0 0 0 0 0 0 2 0 0 202 0 0 0 0 31 0 0 0 0 64 158 2 1 0 0 0 0 0 0 90 0 84 115 97 18 182 218 381 37 58 371 54 51 98 137 87 62 49 143 0 0 0 0 0 0 0 4 0 0 0 4 0 2 8 5 16 0 1 3 0 6 0 0 0 0 0 0 0 0 0 0 0 0 0 0 0 0 0 0 0 0 7 0 8 0 0 0 0 0 0 1 0 0 0 0 0 0 0 0 23 1 27 32 0 0 20 0 33 9 1 8 1 20 18 20 25 22 32 0 0 0 0 0 0 0 9 0 0 0 0 0 1 0 0 0 0 0 0 5 0 0 0 0 0 26 0 0 0 0 0 0 0 0 0 0 2 0 0 0 0 0 0 1 12 11 0 0 0 0 0 8 0 0 0 0 0 0 0 0 29 12 0 0 0 20 34 27 34 1 1 26 28 3 18 0 32 6 19 19 0 6 0 0 0 0 7 0 1 0 0 0 3 6 2 0 2 0 1 0 0 0 0 0 0 0 0 0 0 0 0 6 0 0 0 0 0 0 63 0 0 0 2 0 67 0 0 0 0 0 0 0 0 0 0 0 0 0 0 0 0 0 0 0 0 14 0 0 0 0 
 3 3 3 3 3 3 3 3 3 3 3 3 62 3 3 3 4 6 3 3 3 5 3 3 7 3 5 10 3 4 7 3 3 6 3 3 30 6 9 3 225 84 0 244 41 68 154 316 61 302 133 525 74 128 55 181 307 250 255 39 0 1 0 5 0 0 0 6 4 0 0 0 51 0 0 0 0 0 0 127 0 0 0 0 0 0 0 0 0 0 0 0 0 0 0 0 0 0 0 0 0 0 5 5 0 0 0 0 0 0 12 14 0 0 0 0 6 0 0 0 0 54 4 10 0 34 15 0 13 62 20 15 3 21 0 10 35 25 0 0 13 0 0 0 0 0 7 1 0 0 0 0 0 27 0 0 14 0 41 18 0 0 0 0 0 0 1 0 0 0 0 0 0 0 0 0 0 0 0 0 0 0 6 0 0 0 0 0 0 2 3 6 0 0 0 4 0 0 9 0 0 21 0 43 0 9 0 0 1 9 18 0 2 0 0 11 21 5 0 0 0 2 0 0 0 0 19 9 0 0 0 0 15 17 0 11 0 0 0 17 0 0 0 0 0 0 0 0 0 0 0 10 0 2 0 0 0 0 0 16 0 0 1 1 0 35 4 34 0 0 0 0 0 8 0 0 0 0 0 0 0 0 0 0 0 18 0 0 0 0 
 0 0 0 0 2 0 2 0 0 0 0 0 0 0 0 0 0 39 0 0 0 3 2 0 0 0 0 0 9 0 0 1 0 0 0 0 0 0 0 0 320 115 244 0 149 25 174 79 76 96 108 304 280 161 219 142 99 38 61 275 0 0 0 0 1 0 0 89 0 0 0 0 22 0 0 0 11 0 0 50 0 0 0 0 0 0 0 0 0 0 0 0 0 0 0 0 0 0 0 0 3 6 0 0 0 1 0 1 0 3 0 0 0 0 0 0 0 0 0 0 0 25 10 25 6 26 1 14 11 0 0 25 0 0 0 0 8 0 0 12 15 10 28 0 0 0 0 0 0 0 0 0 0 10 0 1 3 0 9 9 0 0 0 0 0 0 0 0 0 0 0 0 0 0 0 0 0 0 1 0 1 0 0 8 0 0 0 0 0 0 0 0 1 1 4 0 9 0 0 8 0 0 15 5 50 0 0 1 17 0 40 70 4 1 14 0 19 14 0 0 13 6 0 0 0 0 8 0 0 0 0 0 15 2 1 3 0 0 18 15 0 0 0 0 0 0 0 0 0 0 0 2 0 0 0 0 0 0 0 1 0 0 0 68 0 12 0 0 0 0 7 0 0 0 0 0 0 0 0 0 0 1 0 0 19 0 0 12 0 0 
 0 0 0 0 0 0 0 2 3 0 0 4 0 0 0 0 0 3 0 0 0 15 2 0 0 0 0 0 3 6 0 0 3 11 6 3 0 0 0 0 229 97 41 149 0 595 278 120 435 63 85 99 84 132 310 131 326 169 54 138 0 0 0 0 52 50 0 0 0 0 0 0 0 0 0 0 0 0 0 0 0 0 12 0 0 0 0 0 0 0 0 0 0 0 0 0 0 0 0 0 1 9 0 0 0 5 3 10 7 1 0 0 0 0 0 0 0 0 0 0 0 31 11 0 18 10 18 15 21 0 9 1 0 1 16 1 7 27 0 10 0 0 14 0 0 0 0 5 0 19 0 0 22 1 0 11 0 18 0 0 0 0 0 0 13 0 0 0 0 13 0 0 0 0 0 0 0 0 0 0 0 0 0 15 0 0 0 0 0 0 0 0 5 7 1 0 18 0 0 15 0 9 31 15 0 28 12 0 14 11 11 18 0 12 6 0 18 0 0 0 0 0 7 0 0 0 0 1 0 0 0 7 11 0 5 0 0 14 8 0 0 0 0 0 0 0 0 0 0 0 0 0 1 0 0 0 0 0 0 1 0 0 65 40 1 2 5 0 3 0 0 0 0 0 0 0 0 0 0 0 0 18 0 0 11 0 0 0 0 0 
 0 0 0 0 2 0 3 0 0 0 0 2 0 0 0 0 0 3 0 0 3 206 3 7 12 3 3 3 3 7 3 3 0 3 3 4 9 11 3 3 263 18 68 25 595 0 47 28 471 34 76 108 25 461 54 57 270 52 246 32 0 54 0 1 3 0 22 0 2 21 0 0 52 104 15 0 54 108 58 2 0 0 0 0 0 0 0 0 0 0 0 0 0 0 0 0 0 0 0 0 0 0 11 20 0 0 0 0 0 0 0 7 0 7 0 0 4 0 0 0 0 0 0 0 0 0 5 0 0 0 0 0 5 0 0 6 0 0 0 0 14 10 0 13 0 0 14 12 8 24 33 0 31 0 18 15 0 39 21 0 0 0 0 0 0 0 0 0 0 0 0 0 0 0 0 0 0 0 0 0 0 0 26 0 25 0 0 0 0 5 0 4 0 0 0 2 0 0 0 0 1 0 0 0 18 15 0 0 4 0 0 3 0 0 0 0 1 0 0 0 0 0 24 37 0 0 44 0 1 34 47 15 0 24 31 10 0 19 0 0 6 0 0 0 0 0 0 0 0 0 0 7 0 0 0 0 0 0 2 0 0 27 2 0 4 1 6 0 0 0 0 0 0 0 0 0 0 0 0 0 0 4 0 0 0 0 0 0 0 0 
 0 0 0 0 0 68 0 0 3 0 0 0 0 0 0 0 0 5 0 0 2 2 2 2 2 29 3 2 2 2 6 64 5 2 2 2 2 2 6 2 125 182 154 174 278 47 0 274 201 326 261 37 149 220 27 185 151 174 90 110 0 2 6 0 6 0 1 0 2 0 0 0 0 0 5 5 0 5 0 5 0 0 0 0 0 0 0 0 0 0 0 0 0 0 0 0 0 0 0 0 0 0 0 0 0 0 0 0 0 0 0 0 0 0 0 14 0 0 0 0 4 27 14 0 11 1 8 7 6 5 14 0 0 11 21 33 2 0 26 8 4 0 0 0 0 0 0 0 0 0 0 0 0 0 0 26 0 0 0 0 0 0 0 0 0 0 0 0 0 0 0 0 0 0 0 0 1 0 0 0 0 0 0 0 0 0 0 0 0 0 0 15 0 0 0 0 0 0 0 0 28 11 11 10 0 21 12 27 35 10 12 8 14 34 25 10 17 7 19 20 0 0 0 0 0 0 0 0 0 0 0 0 10 11 0 0 0 0 0 7 0 0 0 0 0 0 0 0 0 0 0 7 0 1 0 0 0 0 0 0 0 0 69 35 38 0 2 0 0 0 0 0 0 0 0 0 0 0 0 0 0 0 0 0 0 0 0 0 0 0 
 2 1 1 0 2 2 1 2 4 1 2 0 1 0 1 2 2 2 0 2 0 2 2 2 2 125 2 0 0 2 1 30 2 0 1 2 2 65 0 2 106 218 316 79 120 28 274 0 97 50 114 110 443 130 143 146 138 117 52 313 52 0 2 4 5 9 0 0 2 1 5 0 0 4 4 8 0 0 4 5 0 0 0 0 0 0 0 0 0 0 0 0 0 0 0 0 0 0 0 0 0 0 0 0 19 0 0 0 0 0 0 0 0 0 0 0 1 0 0 0 1 1 8 0 0 1 0 0 0 0 0 1 18 0 22 17 0 0 4 10 0 0 0 0 0 0 0 6 0 0 0 0 0 0 0 0 0 0 0 0 0 0 0 0 0 0 0 0 0 0 0 0 0 0 0 0 0 0 0 0 0 5 0 0 0 0 0 0 0 0 0 2 0 0 0 0 0 1 0 0 21 40 0 22 0 0 0 12 22 18 0 0 28 10 0 14 0 1 21 20 0 0 0 0 0 0 0 0 0 0 0 14 0 1 0 0 0 20 10 20 0 0 0 0 0 0 0 0 0 2 0 10 0 0 1 0 0 62 1 0 0 0 42 0 0 4 2 0 0 0 0 0 0 0 0 0 0 0 0 0 0 0 0 0 0 16 0 0 0 1 
 0 0 0 0 0 0 0 0 0 0 0 0 0 0 0 0 0 0 0 0 202 0 0 0 0 0 0 0 0 0 0 0 0 0 0 2 0 0 0 0 44 381 61 76 435 471 201 97 0 67 173 117 110 394 79 62 68 354 140 67 0 0 3 1 4 0 8 0 2 5 0 0 0 1 0 0 0 0 3 0 0 0 0 0 0 1 0 0 0 0 0 0 0 0 0 0 0 0 0 0 0 0 0 0 0 0 0 0 0 0 0 0 0 1 0 0 0 0 0 0 4 20 16 0 5 1 6 12 8 5 15 10 0 7 0 34 2 0 0 7 16 0 0 0 0 3 18 6 0 0 0 0 1 0 0 0 0 0 0 0 0 0 0 0 0 0 0 0 0 0 0 0 0 0 0 0 0 0 0 5 0 0 0 0 0 0 0 0 0 0 0 0 0 0 0 0 0 0 46 0 8 14 41 15 3 21 12 14 10 30 9 10 0 25 8 0 0 7 0 0 0 28 0 0 0 0 0 0 0 0 0 0 15 1 0 0 0 0 41 19 0 0 21 0 0 0 0 0 0 0 0 1 0 0 0 1 0 0 0 1 0 0 36 63 38 2 0 0 0 0 1 0 0 0 0 0 0 0 0 0 0 0 0 0 0 15 0 0 0 0 
 0 0 0 2 0 0 69 0 0 0 4 0 0 61 0 0 0 0 0 2 0 0 0 0 0 10 3 0 0 0 0 0 0 2 0 1 0 0 1 0 109 37 302 96 63 34 326 50 67 0 316 345 51 110 169 186 204 121 81 60 6 0 0 9 0 0 0 9 2 0 0 0 0 0 0 0 0 0 54 165 64 0 0 0 0 0 0 0 0 0 0 0 0 0 0 0 0 0 0 0 0 0 0 0 0 0 25 0 0 0 0 0 0 0 0 0 0 0 0 0 0 11 0 37 1 24 11 9 19 17 57 1 0 10 5 13 12 18 0 0 19 0 13 0 0 0 8 0 0 0 0 0 0 10 0 0 0 0 9 10 0 0 0 9 0 0 11 0 0 4 0 0 0 0 0 0 0 0 0 0 0 0 0 0 0 1 0 0 0 0 0 0 0 0 0 0 0 0 0 0 0 10 1 0 6 37 0 5 21 6 44 0 0 3 5 12 0 81 0 0 19 7 0 0 0 0 0 4 8 0 0 0 11 11 0 0 0 0 12 37 0 0 0 0 0 0 0 0 0 0 0 10 0 1 0 0 0 0 0 7 0 0 1 0 0 0 0 9 1 0 0 0 0 0 0 0 0 0 0 0 0 0 29 0 6 10 0 0 0 0 
 3 3 3 6 3 3 1 3 65 3 9 6 3 3 3 3 3 3 3 3 3 0 0 0 0 2 6 0 0 23 0 0 3 1 1 0 3 1 4 7 257 58 133 108 85 76 261 114 173 316 0 90 37 114 148 203 181 328 240 113 0 0 0 5 0 0 0 6 4 3 0 2 3 5 0 0 0 0 22 0 0 0 0 10 0 0 0 0 0 0 0 0 0 0 0 0 0 0 0 0 0 0 0 0 0 0 0 0 0 0 0 0 4 4 3 0 0 0 11 1 0 10 0 0 28 1 13 13 28 19 20 0 0 20 0 6 20 18 0 9 21 0 3 0 0 0 0 0 0 0 0 0 0 0 0 0 0 0 9 17 0 0 0 5 0 4 0 0 0 0 0 0 0 15 0 0 0 0 0 0 0 0 0 0 0 0 3 8 0 0 0 0 0 0 0 0 0 0 0 0 0 19 71 10 0 0 0 0 19 24 43 10 0 11 25 10 15 3 0 0 22 0 0 0 0 0 0 9 0 0 0 0 17 11 0 0 0 0 3 15 0 6 0 0 0 0 6 0 0 0 0 18 0 2 0 0 0 0 0 2 0 0 63 40 0 0 1 33 0 0 0 0 0 0 0 0 0 0 0 0 0 0 0 0 9 18 0 0 0 0 
 0 0 0 0 3 0 12 0 0 0 6 0 0 3 0 0 0 2 0 0 10 0 0 0 0 2 5 0 0 0 0 0 7 12 3 0 0 0 0 0 335 371 525 304 99 108 37 110 117 345 90 0 58 28 31 105 194 377 34 27 0 0 0 50 0 0 0 3 2 0 0 4 3 0 0 0 0 2 2 53 0 0 0 0 0 0 0 0 0 0 0 0 0 0 0 0 0 0 0 0 0 0 0 0 0 0 0 8 4 1 7 0 0 0 6 0 0 5 0 3 0 0 7 1 16 8 9 7 15 20 0 0 0 0 0 11 13 16 0 0 8 0 29 0 0 0 6 0 0 15 0 0 4 0 34 7 0 4 0 0 0 0 0 0 0 2 4 0 0 4 0 0 0 0 13 0 0 0 0 0 0 0 0 0 0 0 0 0 3 0 0 0 2 0 0 1 0 0 0 0 0 28 10 0 1 20 31 0 11 0 0 20 0 0 29 11 0 1 0 0 0 6 8 5 0 0 0 0 6 0 0 31 0 24 29 1 0 12 2 6 0 0 0 0 0 0 1 0 0 0 0 16 0 0 0 0 0 0 0 9 1 0 69 0 1 2 2 0 0 0 0 0 0 0 0 0 0 0 0 0 0 13 0 0 7 0 0 0 0 0 
 0 0 0 0 5 0 6 0 0 0 0 0 0 0 0 0 0 0 0 0 0 2 1 0 0 6 0 0 63 0 125 64 0 6 0 74 63 63 3 61 53 54 74 280 84 25 149 443 110 51 37 58 0 64 124 44 267 241 161 46 0 0 24 0 0 0 0 0 0 0 0 2 0 0 0 6 0 0 0 5 0 0 0 0 0 0 0 0 0 0 0 0 0 0 0 0 0 0 0 0 0 1 0 9 6 16 3 5 3 27 0 12 0 0 0 0 0 5 0 0 0 5 11 0 0 0 0 0 0 1 5 9 20 7 56 0 0 0 4 33 0 0 1 1 0 0 0 3 0 0 0 0 0 0 0 0 0 0 0 0 0 0 0 0 0 6 0 0 0 0 0 0 0 0 0 0 0 0 0 0 13 0 0 19 0 9 0 0 0 0 0 18 6 0 0 0 5 0 0 5 2 0 11 40 10 0 11 14 1 8 0 0 6 19 0 14 0 0 56 25 0 0 0 0 0 0 0 0 0 0 0 0 0 0 0 0 0 0 0 0 0 0 0 0 0 2 0 0 0 0 0 0 0 1 0 0 0 3 0 0 0 8 0 2 0 2 0 0 0 0 0 0 0 0 0 0 0 0 0 0 0 5 0 0 0 0 0 0 0 0 
 0 0 0 0 1 0 3 0 0 0 0 0 0 0 0 0 0 5 0 0 63 73 5 0 1 4 30 1 0 0 27 0 63 1 63 2 0 0 65 64 237 51 128 161 132 461 220 130 394 110 114 28 64 0 254 297 280 86 59 85 0 0 0 10 2 0 3 6 4 22 3 0 0 1 0 0 0 1 0 5 0 0 0 0 0 0 0 0 0 0 0 0 0 0 0 0 0 0 0 0 0 0 0 0 0 19 0 0 14 0 0 6 3 1 10 0 0 0 0 21 7 49 0 10 0 10 14 12 27 42 45 62 0 32 0 44 31 17 0 6 0 0 0 0 1 0 1 0 0 0 0 0 0 0 0 0 0 0 9 16 0 0 0 0 0 13 0 0 0 0 0 0 0 0 0 0 0 0 0 0 0 0 0 0 0 0 0 8 14 0 0 0 1 0 0 0 0 0 0 0 12 31 9 26 0 1 0 11 9 18 9 37 1 6 11 0 9 19 0 13 12 0 0 0 0 0 0 8 0 0 0 0 11 0 0 0 0 0 0 0 0 11 0 0 0 0 37 0 0 0 0 3 0 0 0 0 0 0 0 0 0 0 2 65 64 28 1 40 0 0 2 0 0 0 0 0 0 0 0 0 0 0 0 0 19 18 0 0 0 0 
 0 0 0 0 0 0 3 0 0 0 0 0 0 0 0 0 0 3 0 0 0 0 0 0 0 70 0 1 0 0 0 1 0 0 0 0 0 66 0 2 304 98 55 219 310 54 27 143 79 169 148 31 124 254 0 157 46 215 60 124 0 0 0 10 0 0 1 13 4 1 3 0 0 0 0 0 0 0 2 54 0 0 0 0 0 0 0 0 0 0 0 0 0 0 0 0 0 0 0 0 0 0 0 0 10 0 0 0 0 0 0 0 0 0 0 0 1 0 0 0 0 22 14 20 0 17 15 6 22 42 78 8 11 19 49 0 24 26 1 12 0 0 1 0 0 0 1 0 0 0 0 0 0 0 0 0 0 0 9 15 0 0 0 0 0 0 7 0 0 0 0 0 0 0 0 0 0 0 0 0 0 0 0 0 0 0 0 0 0 0 0 0 0 0 0 0 0 0 0 0 0 24 0 48 0 0 0 1 1 7 0 11 9 1 0 0 14 8 0 11 0 1 0 0 0 0 0 0 0 0 0 0 9 6 0 0 0 0 0 0 0 0 0 0 0 0 0 0 0 0 0 18 0 0 0 0 0 63 0 7 0 0 1 1 1 13 0 38 0 0 8 0 0 0 0 0 0 0 0 0 0 0 0 0 4 33 0 0 0 0 
 55 0 0 0 0 0 0 0 3 0 0 0 0 0 0 0 0 36 0 0 66 0 0 0 0 32 0 0 0 0 0 64 0 0 0 0 0 0 0 0 44 137 181 142 131 57 185 146 62 186 203 105 44 297 157 0 158 211 22 54 0 3 0 0 0 0 7 5 0 3 2 4 50 9 62 7 0 52 3 117 0 0 0 0 0 0 0 0 0 0 0 0 0 0 0 0 0 0 0 0 0 0 0 0 0 0 0 0 0 0 0 0 0 0 9 0 0 0 0 0 0 19 0 23 2 59 0 0 19 0 0 21 0 0 7 41 7 0 20 8 28 0 4 9 0 0 0 0 0 0 0 0 7 5 0 0 42 0 0 7 0 0 0 0 0 0 0 0 0 0 0 0 0 0 0 0 0 0 0 11 0 0 0 0 0 0 0 16 0 0 0 8 0 0 0 0 0 1 0 0 19 0 8 19 0 48 0 16 29 1 26 13 18 0 28 15 20 0 19 20 0 10 0 0 0 0 23 8 7 0 0 0 22 13 4 23 0 12 0 38 0 0 0 0 0 1 0 0 0 0 0 5 0 0 0 0 0 0 0 1 0 0 1 63 0 15 1 0 1 0 0 0 0 0 0 0 0 0 0 0 0 0 0 0 0 15 0 0 0 0 
 0 0 0 0 0 0 0 0 3 0 0 0 0 0 0 0 0 1 0 0 2 4 2 2 2 23 2 2 2 2 2 77 1 3 2 3 2 102 7 2 50 87 307 99 326 270 151 138 68 204 181 194 267 280 46 158 0 142 43 251 0 0 0 4 0 0 0 0 0 0 0 0 51 0 6 3 0 0 0 78 0 0 0 0 0 0 0 0 0 0 0 0 0 0 0 0 0 0 0 0 0 0 0 0 0 0 0 0 0 14 0 0 0 8 0 0 0 0 0 0 11 0 7 8 2 21 0 3 0 34 7 13 0 0 7 23 1 8 11 0 22 0 12 0 0 0 7 2 0 0 0 0 0 27 0 0 17 0 0 0 0 0 0 0 0 0 7 0 0 5 0 0 0 0 0 0 0 0 0 0 0 0 0 0 0 0 0 0 0 0 0 10 0 0 0 0 0 0 0 0 4 9 3 1 1 18 0 11 14 60 8 0 11 1 24 1 15 34 13 4 1 9 0 0 0 0 11 24 9 0 0 0 6 9 0 12 0 0 9 16 0 0 0 0 0 0 0 0 0 0 0 5 0 2 0 0 0 0 0 9 0 0 14 0 0 0 2 1 0 0 0 0 0 0 0 0 0 0 0 0 0 0 1 0 0 0 0 0 0 0 
 0 0 0 0 2 0 0 0 0 0 4 0 0 0 0 0 0 3 0 0 222 22 1 2 2 1 1 1 3 2 2 1 5 3 2 0 1 1 2 1 296 62 250 38 169 52 174 117 354 121 328 377 241 86 215 211 142 0 91 307 1 0 0 2 0 0 3 12 5 4 0 52 2 0 0 0 0 0 55 51 0 0 0 0 0 0 0 0 0 0 0 0 0 0 0 0 0 0 0 0 11 0 0 1 0 0 0 0 0 0 0 0 0 0 0 0 0 0 0 0 0 4 0 38 1 47 8 7 22 11 0 7 0 4 0 20 19 8 0 31 29 0 0 0 0 0 0 5 0 0 0 0 1 10 0 0 0 1 16 1 0 0 0 0 0 0 0 0 0 0 0 0 0 0 0 0 0 0 0 0 0 0 0 0 0 0 0 0 0 0 0 0 0 0 0 0 0 0 0 0 0 8 11 4 0 0 0 0 11 22 27 17 0 1 11 0 6 11 0 0 31 0 0 0 0 0 0 3 1 0 0 0 16 0 0 0 0 0 20 18 0 0 0 0 0 0 0 0 0 0 0 9 0 0 0 0 0 22 1 8 0 0 2 68 0 9 1 63 0 0 0 0 0 0 0 0 0 0 0 0 0 0 0 0 0 4 0 0 0 0 
 2 1 2 1 0 0 0 1 1 2 1 1 2 0 1 2 0 0 1 1 74 0 0 0 0 27 1 62 127 0 90 61 1 66 1 65 62 62 6 2 45 49 255 61 54 246 90 52 140 81 240 34 161 59 60 22 43 91 0 185 2 0 0 0 0 0 1 7 8 203 1 1 2 1 2 2 0 1 0 1 0 0 0 0 0 0 0 0 0 0 0 0 0 0 0 0 0 0 59 0 0 0 7 15 14 2 0 9 0 19 0 24 0 0 1 10 7 0 0 0 0 0 22 19 11 10 16 7 0 12 11 6 7 31 0 16 4 0 36 0 0 0 9 0 0 0 0 0 0 0 0 0 0 0 0 0 0 0 11 0 0 0 0 14 0 9 0 0 0 0 0 0 0 0 0 0 0 0 0 0 0 0 0 21 31 15 0 0 0 0 0 4 0 0 0 0 1 0 0 19 0 0 0 0 11 0 0 0 0 17 2 6 14 12 23 16 33 0 27 0 0 0 0 0 0 0 0 0 0 0 0 0 0 0 0 0 0 0 0 0 0 0 0 0 0 0 0 0 0 0 0 12 0 2 0 0 0 1 0 2 0 0 0 1 1 3 2 2 0 0 0 0 0 0 0 3 0 0 0 0 0 0 0 0 0 22 0 0 0 0 
 0 0 0 0 0 0 0 0 0 0 0 0 0 0 0 0 0 2 0 0 3 3 3 210 2 70 6 3 3 5 2 68 3 3 3 3 3 3 3 3 38 143 39 275 138 32 110 313 67 60 113 27 46 85 124 54 251 307 185 0 0 0 0 0 0 0 0 5 14 0 0 0 0 0 0 1 15 0 0 1 0 0 0 0 0 0 0 0 0 0 0 0 0 0 0 0 0 0 0 0 0 0 0 0 33 12 0 0 0 0 0 0 0 0 0 0 0 0 0 0 13 1 10 42 8 0 27 11 50 10 0 13 0 51 11 17 8 11 24 55 0 0 0 1 0 0 0 0 0 0 0 0 0 0 0 0 0 0 17 0 0 0 0 0 0 0 0 0 0 0 0 0 0 0 0 0 0 0 0 0 0 0 0 0 2 0 0 0 0 0 0 1 0 0 0 0 0 0 0 0 14 0 11 7 0 0 0 28 19 9 13 38 28 31 28 0 19 9 0 26 0 0 0 0 0 0 0 0 0 0 0 0 0 0 0 0 0 0 0 0 0 0 0 0 0 0 0 0 0 0 0 7 0 1 0 0 0 0 0 1 0 0 2 65 4 2 0 2 0 0 0 0 0 0 0 0 0 0 0 0 0 0 0 0 0 21 0 0 0 0 
 0 0 2 0 1 1 0 0 0 1 0 0 0 0 0 0 0 0 0 6 3 8 2 1 0 3 3 4 2 1 0 2 4 3 3 3 2 3 3 4 0 0 0 0 0 0 0 52 0 6 0 0 0 0 0 0 0 1 2 0 0 174 246 81 44 102 246 383 353 97 46 76 67 282 129 136 350 102 27 104 0 0 0 0 2 0 0 0 0 0 1 0 0 0 0 4 0 0 0 0 2 0 1 1 2 0 0 0 5 0 0 1 1 1 7 1 1 1 2 3 0 0 0 0 6 14 0 0 0 0 0 0 0 0 0 0 0 0 0 0 8 0 0 0 21 0 1 25 1 0 14 7 0 1 17 29 0 8 0 0 0 0 14 6 0 0 0 6 0 8 6 4 5 0 0 0 0 0 0 0 0 8 1 0 2 0 7 0 7 0 0 0 52 0 0 0 0 1 4 40 0 0 0 0 11 19 0 0 0 0 14 0 9 0 0 0 0 0 0 0 32 4 19 11 20 0 0 1 14 9 14 7 24 0 23 1 29 7 0 0 0 0 0 15 0 0 0 0 0 2 0 0 0 0 10 0 14 0 0 0 0 0 0 0 0 0 0 0 0 0 10 0 0 2 0 8 0 0 0 0 0 0 0 0 0 0 0 0 0 0 
