 0 93 254 229 270 139 295 230 213 32 30 135 171 321 56 42 119 115 322 39 3 0 0 0 0 0 2 0 0 1 2 2 3 0 6 0 2 2 23 0 3 5 3 2 1 3 37 3 0 1 2 3 0 4 0 0 0 0 1 0 0 0 0 1 0 0 3 0 0 2 0 1 3 3 2 0 0 0 0 0 2 10 10 23 11 0 30 24 26 13 1 22 21 0 1 18 11 0 9 30 0 0 0 0 0 0 0 0 1 0 0 0 0 0 0 0 0 0 0 0 0 0 0 0 0 0 0 0 1 0 10 0 0 0 0 0 0 0 0 0 0 0 0 0 0 0 0 0 0 0 6 0 0 0 10 0 0 0 0 0 1 1 14 12 0 0 11 2 0 14 27 0 19 12 0 0 10 18 2 26 0 0 0 1 0 0 0 14 0 0 0 0 0 0 0 0 0 0 13 10 0 0 0 0 0 0 0 0 0 0 0 0 0 0 0 0 0 2 0 0 0 0 1 0 0 0 0 0 0 0 0 0 0 1 0 0 0 0 0 0 0 0 0 0 0 0 0 0 91 0 0 2 0 0 0 0 0 0 0 0 0 0 0 0 0 0 0 0 0 0 0 0 0 0 0 12 5 0 0 0 0 0 0 0 0 0 0 0 0 0 
 93 0 246 209 166 188 92 150 230 103 116 373 154 179 49 249 142 104 39 40 3 2 0 0 0 0 0 0 0 3 2 0 2 0 3 0 0 2 0 0 3 3 2 2 0 0 0 29 0 2 0 3 0 66 0 0 0 0 0 0 0 0 0 0 0 0 3 34 0 2 0 0 3 3 2 0 0 0 0 0 0 18 14 15 24 0 11 16 0 9 55 7 14 0 0 7 13 11 0 2 8 2 0 0 0 0 21 0 0 2 0 0 0 15 0 0 7 0 18 8 0 2 0 0 0 0 0 0 0 0 0 0 0 0 0 0 0 0 0 0 0 0 0 0 0 0 0 0 0 0 4 1 0 0 0 0 0 0 10 2 14 89 2 29 0 23 0 35 0 0 12 14 0 0 24 0 38 7 0 25 13 0 0 0 0 0 29 0 0 0 0 0 0 0 1 0 7 0 45 30 0 0 0 0 0 0 0 0 0 0 0 0 0 0 0 0 0 0 0 0 0 2 0 0 0 0 0 0 1 0 13 0 0 0 0 0 0 0 0 29 0 8 0 0 0 1 92 0 3 2 0 6 0 0 0 0 0 0 0 0 0 0 0 0 0 0 0 0 0 0 0 0 0 0 0 0 0 0 0 0 0 0 0 0 0 0 0 0 0 0 
 254 246 0 301 49 268 152 171 120 49 73 223 274 65 163 254 152 57 211 139 2 0 0 0 0 0 79 0 64 0 2 0 3 0 3 0 0 1 0 0 3 3 3 2 0 0 0 3 0 0 1 2 0 5 0 0 0 0 0 1 0 0 0 0 0 0 2 2 0 2 0 0 3 3 2 0 0 1 0 0 14 23 0 17 12 4 0 0 2 19 0 72 10 0 0 41 3 0 12 10 0 2 0 0 0 0 0 1 0 0 0 0 0 2 0 0 0 0 34 1 0 0 0 1 0 0 0 0 0 0 0 0 0 0 1 0 0 0 0 0 0 0 0 0 0 0 0 1 0 0 9 0 0 0 0 0 2 2 0 0 0 14 0 37 0 31 11 32 0 9 29 15 20 10 2 0 11 22 0 0 0 0 0 0 0 0 42 6 0 0 0 0 0 0 11 0 0 0 15 32 0 0 0 0 0 2 0 10 0 0 0 0 0 0 0 0 0 0 0 0 0 0 0 0 0 0 0 0 0 0 0 0 0 0 0 0 0 0 0 0 0 0 0 0 0 26 90 0 45 88 0 2 0 0 0 0 0 0 0 0 0 0 17 0 0 0 0 0 0 0 0 0 0 0 0 0 10 0 0 0 0 0 0 0 0 0 0 0 0 0 
 229 209 301 0 310 35 98 158 215 468 400 74 106 532 206 77 58 48 358 72 3 37 2 2 0 2 0 1 2 42 2 0 4 0 3 4 0 2 92 2 3 2 35 2 0 0 2 5 0 2 2 2 0 67 2 2 0 4 1 0 0 0 0 0 0 2 2 1 0 3 0 0 3 3 3 0 0 0 0 0 0 2 0 18 13 2 17 41 18 0 21 21 0 0 0 0 0 0 13 21 1 0 0 0 0 0 14 0 0 11 0 0 0 0 0 0 0 2 0 0 0 0 0 0 15 0 0 0 0 0 0 0 0 0 0 0 0 0 0 0 0 2 0 0 0 0 2 0 1 0 0 0 0 0 0 0 0 0 0 0 13 15 0 15 0 7 5 14 2 19 0 0 0 3 19 1 31 0 0 0 19 0 0 0 0 0 0 0 0 0 0 0 0 2 0 0 0 0 15 30 1 0 0 0 0 0 0 0 0 0 0 0 0 0 0 0 0 0 0 0 0 0 0 0 0 17 0 0 0 0 0 0 0 0 0 0 0 0 0 0 0 9 0 0 0 1 87 0 90 0 2 4 0 0 0 0 0 0 0 0 0 0 1 1 0 0 0 0 0 0 0 0 0 0 0 0 18 0 0 0 0 0 0 0 0 0 0 0 0 0 
 270 166 49 310 0 292 44 66 288 479 193 290 65 70 101 250 265 144 265 77 84 76 0 0 0 0 88 0 1 1 4 0 138 0 3 74 0 1 189 0 3 3 4 2 0 0 0 3 0 1 0 3 4 4 0 0 7 0 0 0 0 0 0 0 0 0 3 6 0 33 0 0 3 3 2 0 0 0 2 0 2 0 0 0 20 9 12 0 0 35 36 17 0 0 0 12 9 6 0 0 13 0 10 0 19 0 14 1 1 20 0 10 0 13 5 0 0 0 17 11 0 0 0 0 0 0 0 0 0 0 7 0 0 0 0 0 0 0 0 0 0 0 0 0 0 0 0 20 0 0 0 15 0 0 0 0 0 0 0 0 7 0 0 0 16 3 0 0 15 13 0 21 2 0 11 21 0 0 1 0 9 1 0 0 0 0 66 27 43 0 0 0 27 0 27 29 15 22 1 0 2 0 0 0 0 0 0 0 0 0 0 0 0 0 0 0 0 0 12 0 0 0 2 0 0 0 0 0 0 0 0 0 0 17 0 0 0 0 0 0 0 0 0 0 0 6 9 5 2 90 12 0 0 0 0 0 0 0 0 0 0 0 0 0 0 0 0 0 0 0 0 0 0 0 0 0 0 10 0 0 0 0 0 0 0 7 0 0 0 0 
 139 188 268 35 292 0 44 44 28 368 407 55 29 44 40 318 191 309 37 148 6 0 0 0 0 0 149 77 2 4 76 0 2 0 3 0 0 0 34 0 3 3 64 3 0 1 0 3 0 2 0 3 0 4 6 0 0 3 0 0 0 0 0 0 0 0 3 0 0 2 0 0 3 27 2 0 0 4 0 0 0 0 11 51 5 21 10 0 0 14 7 24 0 0 0 14 0 0 0 0 18 0 0 7 0 0 25 0 0 0 0 16 18 56 0 0 0 0 51 9 0 0 0 0 0 0 0 0 0 0 0 0 0 0 0 0 0 0 11 0 0 0 0 0 0 0 0 0 0 2 0 0 2 0 0 0 0 0 0 0 20 24 0 14 17 27 0 18 0 0 19 0 0 0 26 0 0 16 0 0 14 10 15 0 0 0 27 5 0 55 0 0 9 9 16 0 0 8 55 28 0 0 0 69 0 0 0 0 0 0 16 0 0 0 0 0 0 0 0 0 0 0 0 0 0 0 0 0 0 0 0 0 0 0 0 0 0 0 0 0 0 0 0 0 0 4 87 0 0 2 0 13 0 0 0 0 0 0 0 0 0 0 16 0 0 0 0 0 0 0 0 0 0 0 0 14 0 0 0 0 0 0 0 0 0 0 0 0 0 0 
 295 92 152 98 44 44 0 228 139 59 256 139 330 342 47 44 134 60 160 58 3 5 0 0 8 0 0 0 3 1 2 0 2 0 3 8 0 204 0 0 3 6 2 2 0 2 0 3 0 2 0 3 0 3 0 0 0 0 0 0 0 0 0 0 2 0 3 0 0 4 0 0 3 3 2 0 0 0 0 0 29 15 22 34 1 0 1 35 36 7 13 33 26 15 0 21 9 17 31 36 0 0 0 4 0 0 15 0 0 0 0 0 0 0 0 0 0 0 0 0 0 0 0 0 0 0 0 0 0 0 0 0 0 2 0 2 0 0 0 0 0 0 0 0 0 1 0 0 0 0 0 0 0 0 1 0 0 0 0 0 1 13 10 11 0 2 2 13 11 28 83 10 16 0 14 0 0 35 20 11 0 0 0 0 0 0 0 5 0 2 0 0 0 17 0 0 0 0 0 0 0 0 0 2 0 0 1 0 0 0 0 0 0 0 0 0 0 0 0 0 1 0 0 0 0 0 2 0 0 0 1 0 0 0 0 0 0 0 0 0 0 0 0 0 0 1 0 0 2 0 0 3 2 0 0 0 0 0 2 0 0 0 2 0 0 0 0 0 0 0 0 0 0 0 0 8 0 0 0 0 0 0 0 0 0 0 0 0 0 0 
 230 150 171 158 66 44 228 0 205 122 334 255 206 329 258 233 123 172 166 47 3 0 0 0 0 0 1 0 2 2 2 0 2 0 3 4 0 1 3 5 3 3 6 51 3 0 0 3 0 2 0 7 0 65 3 0 0 3 0 0 0 3 0 0 0 3 3 0 0 2 44 0 3 3 2 2 0 0 0 0 10 40 17 30 37 1 6 28 29 20 64 38 0 29 0 32 26 21 0 13 0 0 0 0 0 0 0 0 0 0 0 0 0 0 0 0 0 0 18 0 0 0 0 0 0 0 0 0 0 0 0 0 0 0 0 0 0 0 0 21 0 0 3 0 0 0 0 0 0 0 0 0 0 0 0 0 0 0 0 0 20 19 16 9 0 5 10 29 3 8 20 0 0 11 10 0 14 9 9 0 0 0 0 0 0 0 0 0 0 0 0 0 0 0 0 0 0 0 0 1 0 0 0 0 0 0 4 0 0 0 0 0 0 0 0 0 0 0 0 0 0 0 0 0 0 0 0 0 0 0 0 0 0 0 0 0 0 0 0 0 0 3 0 0 0 1 0 1 1 2 0 22 0 0 0 0 0 0 0 0 0 0 1 0 0 0 0 0 0 0 0 0 0 0 0 0 17 0 0 0 0 0 0 0 0 0 0 0 0 0 
 213 230 120 215 288 28 139 205 0 61 125 210 89 87 372 135 142 34 73 53 0 0 2 0 0 0 1 1 0 0 0 0 0 0 0 2 3 2 207 1 0 0 0 0 0 0 0 2 0 0 0 0 0 72 0 0 1 0 0 0 0 0 0 0 0 0 0 0 0 0 0 0 0 0 0 0 0 0 3 0 0 23 29 60 22 0 11 46 20 39 27 7 1 1 0 18 1 11 0 12 0 0 0 0 0 0 0 0 0 0 0 0 0 0 0 0 0 0 13 0 0 0 1 0 0 0 0 0 0 0 0 0 0 0 0 0 0 0 0 0 0 0 0 0 0 0 0 0 0 0 1 0 23 0 0 0 0 0 5 0 17 59 21 38 0 15 12 49 1 20 12 26 1 12 33 0 36 1 0 0 0 0 0 0 0 0 0 0 0 2 0 0 0 0 1 0 0 0 45 41 0 0 0 0 0 0 2 0 0 0 0 0 0 0 0 0 0 0 0 0 0 0 0 0 0 0 1 0 0 0 2 0 0 0 0 0 0 0 0 0 0 9 0 0 0 2 107 0 38 0 0 13 1 1 0 0 0 0 0 0 0 0 1 0 0 0 0 0 0 0 0 0 0 0 0 0 19 0 0 0 0 0 0 0 0 0 0 0 0 0 
 32 103 49 468 479 368 59 122 61 0 94 212 164 192 156 175 198 125 72 209 78 76 0 0 0 0 76 0 0 0 2 2 93 0 3 0 0 1 0 0 3 3 3 4 0 0 0 3 0 2 1 2 0 3 0 0 0 0 2 0 0 0 0 0 0 0 3 0 0 3 4 0 4 5 2 0 2 1 0 17 3 11 5 15 1 7 4 1 23 23 23 1 15 7 15 0 24 0 0 10 0 2 0 0 0 0 31 0 24 11 0 0 0 9 16 0 0 0 0 10 0 0 0 0 0 0 0 0 0 0 0 0 0 0 0 0 0 0 0 0 0 0 0 0 0 0 0 1 0 0 0 0 0 0 0 0 0 0 0 0 20 0 35 0 0 6 1 1 23 33 0 1 8 1 26 22 17 18 0 0 10 0 13 0 0 0 0 0 20 0 0 0 1 0 0 10 0 0 26 0 0 0 0 0 0 0 0 0 0 0 0 0 0 0 0 0 0 0 0 0 0 0 0 0 0 0 17 0 0 0 0 0 0 0 0 0 0 0 0 0 0 0 0 0 0 2 85 0 3 47 1 11 9 0 0 0 0 0 0 0 0 0 0 0 0 0 0 0 0 0 0 0 0 0 0 0 1 0 0 0 0 0 0 0 0 0 0 0 0 13 
 30 116 73 400 193 407 256 334 125 94 0 309 266 124 385 126 177 189 33 69 4 3 3 0 2 0 79 1 0 0 2 5 3 20 18 0 0 3 3 2 3 5 66 2 0 0 2 3 0 6 1 26 6 35 2 3 2 5 0 3 0 0 0 32 0 0 2 0 0 2 2 4 3 6 2 0 5 6 0 0 0 0 0 2 36 20 0 12 9 0 18 0 0 0 0 0 10 10 0 0 11 17 0 0 0 0 17 9 0 0 0 5 2 52 0 0 0 0 30 14 0 0 0 0 0 0 0 0 0 0 0 0 0 0 0 0 0 0 2 0 0 0 0 0 0 0 0 0 0 0 0 0 0 0 0 0 0 0 0 0 11 0 0 1 0 0 0 1 10 7 0 0 0 0 16 11 14 15 0 0 2 11 22 0 0 1 11 15 8 0 0 0 17 0 22 7 19 0 32 19 0 0 0 0 0 0 0 0 0 0 0 0 0 0 0 2 1 0 2 0 0 0 0 0 0 0 0 0 0 0 0 0 0 0 0 0 0 0 0 0 0 14 0 0 0 1 2 0 4 3 1 7 0 0 0 0 0 0 0 0 0 2 0 0 0 0 0 0 0 0 0 0 0 0 0 18 0 38 0 0 0 0 0 0 0 0 0 0 0 0 
 135 373 223 74 290 55 139 255 210 212 309 0 148 91 307 132 226 266 198 248 3 0 0 1 0 0 0 0 3 1 3 0 2 73 78 0 2 0 0 0 4 5 2 2 0 0 0 3 0 2 0 7 0 67 0 2 0 0 1 2 0 0 1 0 1 0 4 0 0 4 0 3 3 3 2 1 3 5 0 1 14 28 46 57 43 1 10 18 2 10 46 10 0 0 0 9 50 13 0 0 19 27 0 0 0 0 14 11 0 0 0 0 0 0 0 2 0 0 22 19 0 0 0 0 0 0 0 0 0 0 0 0 0 0 0 0 0 0 0 0 0 0 0 0 0 10 0 0 0 0 1 0 17 0 0 0 0 0 0 0 17 19 0 0 19 11 7 21 7 60 18 0 0 4 21 1 27 10 0 0 17 7 0 0 0 0 24 0 13 0 0 0 1 0 11 6 0 1 12 2 0 0 0 0 1 0 0 0 0 0 0 0 0 0 0 0 0 0 0 0 0 0 0 1 0 0 0 0 0 0 0 2 0 0 0 0 0 2 0 0 0 0 0 0 0 0 3 0 89 7 0 23 0 0 0 0 2 0 0 0 0 0 1 0 0 0 0 0 0 0 0 0 0 2 0 0 6 0 0 0 0 0 0 0 0 0 0 0 0 0 
 171 154 274 106 65 29 330 206 89 164 266 148 0 168 134 125 531 35 410 249 3 0 0 0 0 0 0 1 1 1 2 0 10 2 3 0 0 1 0 0 8 3 3 2 0 0 0 3 0 0 0 3 19 3 0 0 0 0 0 0 0 0 0 0 0 0 3 0 0 2 0 0 3 3 2 0 0 0 0 3 23 6 20 26 3 0 12 60 64 0 0 34 24 0 11 3 9 0 19 34 0 0 0 0 0 0 0 2 0 0 0 3 0 0 0 0 0 0 0 0 16 0 0 2 0 0 0 0 0 0 0 0 0 0 0 0 0 0 0 0 0 0 0 0 17 0 0 2 0 0 2 0 0 0 0 0 0 1 0 0 1 0 15 29 0 1 0 0 11 22 15 35 11 0 10 10 0 46 11 1 0 0 0 0 0 0 0 0 19 0 0 0 0 0 0 0 0 2 23 11 0 0 0 0 0 0 0 0 12 0 0 0 0 0 0 0 0 0 0 2 0 0 0 0 0 0 0 10 0 0 0 0 0 0 0 0 0 0 0 0 0 0 0 0 0 2 0 2 1 0 0 10 0 0 0 1 0 0 0 0 7 0 0 0 0 0 0 2 0 0 0 0 0 0 0 0 10 0 0 0 0 0 0 0 0 0 0 0 0 0 
 321 179 65 532 70 44 342 329 87 192 124 91 168 0 500 44 147 120 336 176 3 0 0 0 0 0 0 0 0 2 2 0 2 1 4 0 0 2 2 0 5 3 2 2 0 0 0 3 0 3 0 5 0 66 0 0 0 1 0 0 3 0 0 0 0 0 3 0 0 2 0 0 3 3 2 2 0 0 2 0 11 25 25 20 38 0 23 69 90 19 19 10 0 25 15 28 16 0 8 3 9 0 0 0 0 0 0 0 0 0 0 0 0 0 0 0 0 0 0 0 0 0 0 0 0 0 2 0 0 0 0 0 0 0 0 0 1 0 0 0 0 0 4 0 0 2 0 0 0 0 0 0 0 0 0 1 0 0 0 0 15 0 10 12 18 0 15 12 69 10 16 0 0 24 69 0 35 1 0 10 0 0 0 0 0 0 0 0 0 0 0 0 0 0 0 0 0 0 0 0 0 0 0 0 0 0 0 0 0 0 0 0 0 0 0 0 0 0 0 0 0 0 0 0 0 0 0 0 0 0 0 0 0 0 0 0 0 0 0 0 0 1 0 0 0 0 0 0 6 0 1 3 0 0 0 0 0 0 0 0 0 0 0 0 0 0 0 0 0 0 0 0 0 0 0 0 22 0 0 0 0 0 0 0 0 0 0 0 0 0 
 56 49 163 206 101 40 47 258 372 156 385 307 134 500 0 73 35 45 270 348 5 0 3 0 6 0 1 2 0 1 2 0 7 6 3 84 0 37 0 0 3 3 3 2 0 0 0 3 4 6 0 3 6 65 0 4 0 0 0 0 0 0 0 0 0 0 3 0 0 2 0 0 3 3 2 0 4 0 0 6 0 31 34 0 37 0 5 32 31 42 33 10 0 11 18 9 19 22 0 10 0 0 0 0 0 0 24 0 0 0 0 0 0 0 2 0 0 0 16 0 0 0 0 0 0 0 0 0 0 0 0 0 0 0 0 0 0 0 0 0 0 0 0 0 0 0 0 0 0 3 0 0 3 0 0 0 0 0 10 0 15 48 26 28 2 12 3 34 20 13 26 1 12 0 35 2 53 9 0 0 0 0 0 0 0 0 0 0 0 0 0 0 0 0 2 0 0 1 45 42 0 0 0 0 0 0 0 0 0 0 0 0 0 0 0 0 1 0 0 1 0 0 0 0 0 0 0 0 0 0 0 0 0 0 0 0 0 0 0 0 0 9 0 0 0 2 91 0 1 2 0 4 0 0 0 0 0 0 0 0 0 0 0 0 0 0 0 0 0 0 0 0 0 0 0 0 22 0 0 0 0 0 0 0 0 0 0 0 0 0 
 42 249 254 77 250 318 44 233 135 175 126 132 125 44 73 0 368 74 48 376 3 0 0 0 0 0 64 0 0 1 2 0 2 0 5 0 0 2 74 0 3 3 3 2 0 0 0 3 0 1 1 3 0 5 0 0 2 0 0 0 0 0 0 0 0 0 2 0 0 2 0 0 3 3 2 0 0 0 0 5 1 0 10 2 13 10 0 1 9 16 0 17 0 8 11 9 0 7 1 0 9 0 2 0 0 0 0 0 0 0 0 0 0 10 0 0 0 0 34 6 0 15 0 0 0 0 0 0 2 0 1 0 0 0 0 0 0 0 0 0 0 0 0 0 0 0 0 11 0 0 16 0 0 0 0 0 0 0 6 0 0 9 0 13 17 11 0 0 19 2 18 13 6 0 1 22 14 12 0 20 0 0 0 0 0 0 27 13 0 0 0 10 18 0 33 0 15 0 33 2 0 0 0 0 0 0 0 0 1 0 0 0 14 0 2 0 0 0 0 0 0 0 0 2 0 0 0 0 0 2 0 0 0 0 0 0 0 0 0 0 0 0 0 0 0 2 1 0 1 2 4 0 20 2 0 0 0 0 0 0 0 0 23 0 0 0 0 0 0 0 0 0 0 1 0 0 0 0 0 0 0 0 0 0 0 1 0 0 0 0 
 119 142 152 58 265 191 134 123 142 198 177 226 531 147 35 368 0 284 378 296 3 0 0 0 0 0 0 0 0 1 111 0 2 0 3 0 0 2 2 0 3 5 2 2 0 0 0 3 0 2 0 3 0 3 0 0 0 0 0 0 0 0 0 0 0 0 3 0 0 2 0 0 3 3 2 0 0 0 0 5 1 0 7 46 12 0 10 32 17 0 6 17 59 22 16 0 10 33 0 20 0 0 0 0 0 0 17 0 0 0 0 0 0 14 0 0 16 0 17 8 0 0 0 0 0 1 0 0 0 2 0 0 0 0 0 0 0 0 0 0 0 0 0 0 0 0 0 0 0 0 6 0 0 0 0 0 0 0 1 0 0 1 16 45 0 6 21 0 0 19 15 2 29 0 24 4 0 42 0 13 42 0 0 0 0 0 4 0 0 0 0 0 0 0 0 0 0 0 75 0 0 0 0 0 0 0 0 1 0 2 0 0 0 0 0 0 0 0 0 0 0 0 0 0 0 2 0 0 0 0 0 0 1 0 0 1 0 0 0 0 0 0 0 0 0 0 1 1 0 1 0 14 17 0 0 0 0 0 0 0 0 0 0 0 0 0 0 0 0 0 0 0 0 0 0 12 0 0 0 0 0 0 0 0 0 0 0 0 0 0 
 115 104 57 48 144 309 60 172 34 125 189 266 35 120 45 74 284 0 128 34 4 41 0 0 0 0 21 0 0 2 2 1 2 0 3 0 62 1 0 0 3 3 3 2 0 0 0 3 0 0 1 2 0 3 0 0 49 0 0 0 0 30 0 0 0 0 2 0 0 2 0 0 3 3 2 0 0 4 0 0 15 7 5 20 15 8 0 10 24 0 18 13 11 15 0 7 11 14 0 12 9 0 0 0 0 0 14 0 0 0 0 0 0 36 0 0 0 0 13 6 0 0 0 0 0 0 0 0 0 0 0 0 0 0 0 4 0 0 0 0 0 0 0 0 0 0 0 0 0 0 0 0 0 0 0 0 0 5 0 0 2 0 0 0 0 0 0 0 10 11 56 0 16 0 1 11 0 47 9 10 0 0 0 0 0 0 23 0 0 0 0 0 17 0 0 0 41 0 31 8 0 0 0 0 0 0 0 0 0 0 0 0 0 14 0 0 0 0 0 0 0 0 0 0 0 0 0 0 0 0 0 0 0 0 0 0 0 0 0 0 0 0 0 0 0 5 4 0 0 88 3 0 0 0 0 0 0 2 0 0 0 0 0 0 0 0 0 0 0 0 0 0 0 0 0 16 0 0 0 0 0 0 0 0 0 0 0 0 0 0 
 322 39 211 358 265 37 160 166 73 72 33 198 410 336 270 48 378 128 0 95 3 0 0 2 0 0 0 0 0 1 2 0 2 0 3 0 1 2 0 2 3 3 3 2 0 0 0 3 0 0 0 5 0 3 0 0 0 0 0 0 0 0 0 0 0 0 3 0 0 2 0 0 3 3 2 0 0 0 0 0 28 5 0 21 2 0 32 12 46 10 0 39 32 27 20 21 0 12 13 46 0 0 0 0 0 0 0 0 0 0 0 0 0 0 0 0 0 0 0 0 0 0 0 0 0 0 0 0 0 0 0 0 0 0 0 0 0 0 0 0 0 0 0 0 0 16 0 0 0 0 7 0 22 0 0 0 0 0 0 22 20 0 19 21 0 0 20 9 1 0 24 0 30 9 0 0 22 9 0 13 0 0 0 0 0 0 0 0 0 0 0 0 0 0 0 0 0 9 0 0 0 0 0 0 0 0 0 0 0 0 0 0 0 0 0 0 0 0 0 13 0 0 0 0 0 0 0 0 0 0 0 0 0 0 0 0 0 24 0 19 0 0 0 0 0 0 0 0 1 0 0 0 0 0 0 0 0 0 0 0 0 0 0 0 0 0 0 0 0 0 0 0 0 0 0 9 22 0 0 0 0 0 0 0 0 0 0 0 0 0 
 39 40 139 72 77 148 58 47 53 209 69 248 249 176 348 376 296 34 95 0 9 0 0 0 0 0 1 0 2 3 77 0 7 2 4 3 0 1 6 3 6 5 4 2 3 0 0 3 0 2 0 8 0 3 3 0 0 0 0 0 0 3 0 0 0 2 3 0 0 10 0 0 3 4 2 6 0 0 1 5 19 10 0 3 1 0 19 28 9 0 0 23 19 38 8 24 0 14 31 30 0 8 0 0 0 0 0 0 0 0 0 0 0 0 0 0 0 0 0 0 0 0 0 0 0 0 0 0 0 0 0 0 0 0 0 13 0 0 1 0 0 11 3 0 0 0 0 0 2 0 0 0 0 0 0 0 0 0 0 0 0 0 2 1 0 0 0 2 0 29 0 1 77 15 13 19 0 0 20 13 0 0 0 0 0 0 0 0 0 0 0 0 0 15 0 0 0 0 0 0 0 0 0 0 0 0 0 0 0 0 0 0 0 0 0 0 0 0 0 0 0 0 0 0 0 0 0 0 0 0 0 0 0 0 0 0 0 0 0 0 0 0 0 0 0 0 2 2 3 0 0 4 12 0 0 0 0 0 0 0 0 0 0 1 0 0 0 0 0 0 0 0 0 52 0 0 0 0 0 0 0 0 0 0 0 0 0 0 0 0 
 3 3 2 3 84 6 3 3 0 78 4 3 3 3 5 3 3 4 3 9 0 160 454 168 657 46 201 94 176 83 87 14 228 183 123 134 33 17 345 379 3 0 79 1 3 0 0 0 0 2 0 2 0 0 3 0 0 0 0 6 0 3 2 0 0 2 5 2 0 13 0 0 0 3 0 0 0 0 0 0 0 0 0 0 0 13 0 2 0 15 12 2 0 0 0 29 0 10 0 0 22 54 34 2 0 0 12 43 39 29 0 15 24 1 45 0 27 10 0 1 0 0 0 0 0 0 2 0 0 0 0 0 0 0 0 0 0 0 39 0 0 0 0 0 0 0 0 0 0 2 1 0 2 0 0 0 0 0 0 6 4 0 0 0 12 1 0 0 0 0 0 1 0 0 0 0 0 0 0 0 23 53 52 0 1 0 29 19 51 3 0 0 32 22 18 38 10 15 0 1 0 0 0 0 0 0 0 0 0 0 0 0 0 0 0 0 2 0 11 0 0 0 6 5 0 0 0 0 0 0 0 0 0 0 0 0 0 0 0 0 0 0 0 0 0 0 0 0 0 73 0 0 0 0 17 1 0 0 0 0 0 2 0 0 0 0 0 0 0 0 0 0 1 0 0 0 0 0 0 10 0 0 0 0 0 0 0 0 0 0 
 0 2 0 37 76 0 5 0 0 76 3 0 0 0 0 0 0 41 0 0 160 0 385 61 105 112 54 67 207 293 26 40 184 168 130 182 159 67 276 161 3 0 3 1 3 0 0 0 0 2 0 2 0 0 3 0 0 0 18 33 0 3 2 0 6 2 3 2 0 11 0 0 0 10 0 0 0 0 0 0 0 0 0 0 0 0 0 0 0 2 0 0 0 0 0 0 0 0 2 0 0 19 47 13 44 24 14 37 0 59 43 0 38 0 2 20 62 24 8 0 0 29 0 0 0 0 24 8 0 0 0 0 13 0 1 0 0 0 7 12 0 0 0 0 0 0 0 0 0 0 0 0 0 0 0 0 0 0 0 0 0 0 0 0 15 0 0 0 2 0 0 0 2 0 6 0 0 0 0 4 17 17 12 12 8 0 19 13 22 34 52 0 14 9 0 23 19 53 0 0 0 0 1 0 0 0 11 0 0 0 0 0 2 0 0 0 0 0 42 16 0 0 0 0 0 0 0 0 0 0 0 0 0 0 0 8 0 0 0 0 0 0 0 0 0 0 0 0 0 0 0 0 0 0 13 0 0 1 0 0 0 25 0 0 0 0 0 0 0 0 0 0 0 0 0 0 2 0 0 1 0 25 0 0 0 0 0 0 0 0 
 0 0 0 2 0 0 0 0 2 0 3 0 0 0 3 0 0 0 0 0 454 385 0 175 366 37 53 71 78 198 134 61 83 135 165 175 189 203 240 57 3 0 2 1 3 3 0 0 4 4 2 2 6 0 3 4 0 0 62 0 0 3 2 0 0 1 3 2 0 0 0 0 0 3 0 0 4 0 0 6 0 0 0 0 0 0 0 0 0 0 0 0 0 0 0 0 0 0 0 0 0 1 23 1 4 12 0 0 40 36 38 19 10 13 19 16 34 70 9 14 20 4 0 0 0 0 2 0 0 0 0 0 0 7 0 0 12 0 11 13 0 0 0 0 0 0 0 0 0 0 0 0 0 0 0 0 0 0 0 5 0 0 0 0 0 0 0 0 5 0 0 0 0 0 0 0 0 0 0 7 16 26 0 0 13 1 1 20 20 3 44 13 0 0 0 11 0 1 0 0 15 0 0 7 0 0 0 0 0 0 0 0 6 0 0 0 10 0 29 16 0 0 0 0 0 0 0 0 0 0 0 0 0 0 0 0 0 0 0 0 0 0 20 0 0 0 0 0 0 0 0 0 0 0 3 0 0 1 0 0 0 0 0 0 0 0 14 0 0 0 0 0 0 0 0 0 0 0 0 11 0 9 0 0 0 0 0 0 0 0 
 0 0 0 2 0 0 0 0 0 0 0 1 0 0 0 0 0 0 2 0 168 61 175 0 109 100 93 121 375 329 267 231 152 238 241 68 498 122 280 106 72 0 36 13 3 4 64 97 0 1 0 2 0 64 3 0 0 0 69 0 0 3 2 0 0 2 2 2 0 0 0 0 0 3 0 0 0 0 0 0 0 0 0 0 0 0 0 0 0 0 0 0 0 0 0 0 0 0 0 0 0 5 75 58 0 0 0 0 38 14 4 35 14 0 26 0 35 21 0 0 0 0 0 0 0 0 27 26 1 0 0 0 28 1 0 0 4 1 23 26 0 0 0 2 0 0 0 0 0 0 0 0 0 0 2 0 0 0 3 22 0 0 0 0 0 0 0 0 0 0 2 0 1 0 5 0 2 0 0 1 2 54 12 24 24 47 34 18 18 17 1 0 0 12 0 0 2 33 0 0 7 0 0 0 0 0 25 12 10 0 0 0 25 0 0 0 0 2 31 24 0 0 0 0 0 1 0 0 0 2 0 0 0 0 0 0 0 0 2 0 0 0 14 0 0 0 0 0 0 0 0 0 0 0 0 2 1 0 4 2 1 0 0 0 0 0 0 0 0 0 0 1 0 0 0 0 0 0 0 9 0 0 0 0 0 2 0 0 0 0 
 0 0 0 0 0 0 8 0 0 0 2 0 0 0 6 0 0 0 0 0 657 105 366 109 0 421 57 40 260 204 243 359 80 339 165 114 422 124 295 221 70 3 2 2 3 3 201 64 6 1 24 66 0 67 3 0 0 0 1 0 0 4 3 0 2 54 4 3 2 0 0 1 0 3 0 1 60 0 0 0 0 0 0 0 0 1 0 0 0 0 0 0 0 0 0 0 0 0 0 0 0 1 11 31 12 29 0 0 0 0 21 0 0 0 0 13 0 19 0 0 15 11 0 0 0 0 35 59 15 0 0 0 29 22 0 1 11 0 6 15 0 9 0 0 0 0 0 0 0 0 0 0 0 0 0 0 0 0 0 0 0 0 0 0 0 0 0 0 0 0 0 0 1 0 3 0 0 0 0 0 0 0 28 42 19 54 0 0 0 26 9 20 0 0 0 0 0 12 0 0 0 0 21 0 0 0 38 0 9 0 0 0 61 0 0 0 0 0 12 25 2 0 0 0 0 0 0 0 0 0 0 0 0 0 0 0 0 0 0 0 0 0 0 0 0 0 0 2 0 0 0 0 0 0 23 1 4 7 13 0 2 24 0 0 2 0 0 0 0 0 0 0 0 0 0 0 0 0 0 0 0 0 0 0 0 3 0 0 0 0 
 0 0 0 2 0 0 0 0 0 0 0 0 0 0 0 0 0 0 0 0 46 112 37 100 421 0 35 45 57 273 322 162 31 34 132 141 156 330 257 254 2 0 2 8 3 0 140 67 64 4 0 4 1 0 3 69 64 0 64 61 0 3 2 0 0 4 2 2 0 0 0 0 0 3 0 0 0 0 6 0 0 0 0 0 0 0 0 0 0 0 0 0 0 0 0 0 0 0 0 0 0 0 16 0 16 35 0 0 0 0 10 0 0 0 0 0 0 20 0 0 0 25 0 29 1 0 11 21 0 8 0 4 11 6 0 18 14 12 12 8 0 0 0 0 11 0 0 0 0 0 0 0 0 0 0 0 0 40 11 0 0 0 0 0 0 0 0 0 0 0 0 0 5 0 3 0 5 0 0 0 0 0 0 35 0 15 0 0 0 14 9 0 0 0 0 0 0 18 0 0 12 52 11 8 0 0 6 0 12 2 0 0 38 8 27 9 12 14 28 13 0 0 0 0 0 0 0 0 0 0 0 0 0 0 0 0 0 0 0 0 0 0 0 0 0 0 0 0 0 0 0 0 0 0 8 0 0 0 73 6 6 0 0 0 0 0 0 0 0 0 0 0 0 0 0 0 0 0 0 0 0 0 7 0 0 0 0 0 0 0 
 2 0 79 0 88 149 0 1 1 76 79 0 0 0 1 64 0 21 0 1 201 54 53 93 57 35 0 165 121 47 37 37 228 59 261 282 49 39 282 205 3 2 2 1 5 0 0 2 0 0 0 2 0 2 3 0 3 0 0 1 0 5 2 0 0 1 3 2 0 0 0 0 0 3 0 0 2 9 0 0 1 22 0 0 11 46 0 0 0 30 11 12 0 0 0 9 7 1 0 0 22 57 0 9 0 0 55 7 2 0 0 0 4 12 0 17 0 0 23 1 0 0 17 0 0 0 0 0 0 0 0 0 0 0 0 1 0 0 1 0 0 0 0 0 0 1 0 0 0 0 0 0 1 0 18 0 0 0 0 0 0 2 0 0 22 8 0 10 16 8 12 9 10 0 30 13 0 1 0 0 45 8 4 0 16 0 15 19 0 0 0 0 13 10 30 14 0 0 2 28 0 0 0 0 2 0 0 0 0 0 0 0 2 0 0 0 0 0 0 0 0 0 0 0 0 0 0 0 0 0 0 0 0 0 0 0 0 0 0 0 0 0 0 0 0 0 22 0 0 74 0 0 0 0 10 2 0 0 0 2 0 0 13 0 0 0 0 0 0 0 0 0 0 8 0 7 0 11 0 0 0 0 0 0 0 10 0 0 0 0 
 0 0 0 1 0 77 0 0 1 0 1 0 1 0 2 0 0 0 0 0 94 67 71 121 40 45 165 0 109 40 91 30 240 220 282 185 37 38 190 301 3 0 3 1 3 9 0 0 0 2 0 2 0 0 3 0 0 1 0 0 0 3 2 0 2 3 3 2 0 0 0 0 51 7 0 42 0 0 0 0 0 0 0 1 0 13 0 0 0 0 0 0 0 0 0 0 0 0 0 0 28 21 0 33 0 1 24 24 56 11 54 6 26 16 30 0 0 2 0 9 0 0 0 0 0 0 0 0 2 0 0 0 0 0 0 0 0 0 65 2 1 0 0 0 2 0 0 0 0 0 0 0 0 0 0 0 0 0 0 3 0 0 0 0 10 13 0 0 0 0 0 1 0 0 0 0 0 0 0 0 39 32 23 0 1 0 23 20 11 34 7 32 13 42 5 55 18 30 0 12 0 0 0 0 0 0 0 0 0 0 0 0 0 0 0 0 0 0 14 0 0 0 0 0 0 0 0 1 0 0 0 0 0 0 0 0 0 0 0 0 0 0 10 0 0 0 0 0 0 0 0 0 0 0 8 0 0 0 0 0 0 0 0 0 0 0 0 0 0 0 0 0 0 0 0 0 0 0 0 0 0 0 0 0 0 1 2 0 0 0 
 0 0 64 2 1 2 3 2 0 0 0 3 1 0 0 0 0 0 0 2 176 207 78 375 260 57 121 109 0 165 94 165 130 145 201 113 196 136 76 162 3 0 3 2 3 0 70 5 0 2 0 2 0 0 3 0 0 0 63 0 0 3 2 0 31 1 3 2 27 0 0 0 0 14 0 0 0 0 0 0 0 0 0 0 0 0 1 0 0 0 2 0 0 0 0 0 0 0 0 0 4 1 21 0 13 47 0 18 12 7 26 0 18 0 36 1 13 23 1 4 0 16 0 0 8 0 0 12 0 0 0 0 12 0 0 0 0 0 0 0 0 0 0 0 0 2 0 0 1 1 0 0 2 0 0 0 0 0 0 8 0 0 0 0 2 0 0 0 0 0 0 0 8 0 2 0 4 0 9 0 0 16 1 37 13 10 2 0 0 37 33 15 0 18 0 0 11 33 0 0 0 0 10 0 1 0 5 0 0 0 0 0 30 0 0 0 0 0 50 5 0 0 0 0 0 0 0 0 0 0 0 18 0 0 0 0 0 0 0 0 0 0 0 0 0 1 0 0 0 0 0 0 0 0 170 0 0 1 75 1 2 0 0 0 0 0 0 0 0 0 0 0 0 0 0 0 0 0 0 0 0 22 0 0 0 0 2 0 0 0 
 1 3 0 42 1 4 1 2 0 0 0 1 1 2 1 1 1 2 1 3 83 293 198 329 204 273 47 40 165 0 297 256 71 78 114 290 235 272 54 174 4 0 2 2 3 1 63 1 0 1 0 2 0 0 3 0 0 0 2 0 0 3 2 0 1 2 2 2 0 0 0 0 0 3 0 0 0 0 0 0 2 0 0 0 0 0 1 0 0 0 2 0 0 0 0 0 0 0 0 0 0 0 8 21 3 35 0 1 14 11 29 0 9 13 11 10 23 53 9 14 21 11 0 0 0 0 20 4 20 0 0 0 12 0 0 0 8 0 0 33 11 0 0 0 0 2 0 0 1 0 0 0 2 0 0 0 0 0 0 3 0 0 0 0 0 0 0 0 4 0 0 0 0 0 0 0 0 0 0 16 10 10 21 39 1 11 13 26 0 1 10 0 0 0 0 0 9 1 0 0 14 0 9 0 1 0 0 11 0 0 0 0 31 0 0 0 0 0 0 9 0 0 0 0 0 0 0 0 0 0 0 0 0 0 0 0 0 0 0 9 0 0 1 0 0 0 0 0 0 0 0 1 0 0 6 0 3 3 2 0 2 1 0 0 0 0 20 0 0 0 0 0 0 0 0 0 0 0 0 0 0 0 0 0 0 0 0 0 0 0 
 2 2 2 2 4 76 2 2 0 2 2 3 2 2 2 2 111 2 2 77 87 26 134 267 243 322 37 91 94 297 0 188 113 266 165 86 255 367 341 258 66 2 2 1 3 0 63 63 3 3 14 2 0 66 3 3 0 1 1 0 0 5 3 0 0 2 3 23 5 3 0 0 0 3 0 0 0 0 0 8 0 0 0 0 0 10 0 0 0 0 0 0 0 0 0 0 0 0 0 0 20 0 13 55 0 0 0 6 12 0 0 5 11 14 0 0 0 0 0 0 21 0 0 0 0 0 10 19 12 0 0 0 21 11 0 0 7 0 39 1 0 0 0 0 0 0 0 0 0 0 0 0 0 0 0 0 0 0 0 0 0 0 1 0 9 9 0 0 0 0 0 0 26 0 1 0 19 0 0 0 9 17 29 34 15 43 20 20 1 32 0 0 13 31 0 1 9 38 0 14 0 0 2 0 0 0 9 12 8 0 0 0 35 0 0 0 0 0 13 13 0 0 0 0 0 0 0 0 0 0 0 2 0 0 0 0 0 0 0 0 0 0 0 0 0 0 0 0 0 0 2 0 0 0 19 0 2 0 157 0 2 0 0 0 0 0 0 0 0 0 0 0 0 0 32 0 0 0 0 0 0 0 0 0 0 1 0 0 0 0 
 2 0 0 0 0 0 0 0 0 2 5 0 0 0 0 0 0 1 0 0 14 40 61 231 359 162 37 30 165 256 188 0 53 32 245 35 166 455 27 34 23 0 2 2 3 0 93 88 5 63 7 2 2 53 3 0 0 0 1 0 0 3 3 0 0 55 41 3 0 0 0 0 0 3 0 0 0 0 0 0 0 0 0 0 0 0 0 0 0 0 0 0 0 0 1 9 0 0 0 2 0 6 34 16 9 18 0 0 1 0 15 1 0 0 0 13 19 0 0 0 1 15 0 0 0 0 26 34 20 0 0 0 38 21 0 0 25 0 8 13 0 5 0 0 0 0 1 0 0 0 0 0 0 0 0 0 0 0 0 0 0 9 1 0 0 0 0 0 0 12 0 0 5 0 0 0 4 2 0 0 0 0 24 59 20 47 0 0 0 18 0 9 0 0 6 0 0 6 0 0 0 0 1 1 0 0 19 14 9 1 0 0 40 0 1 0 7 1 10 12 0 0 0 0 0 0 0 0 0 0 0 0 0 0 0 0 0 0 0 0 0 0 0 0 0 0 0 0 0 0 0 0 0 0 9 0 4 85 148 0 11 16 0 0 0 0 0 0 0 0 0 0 0 0 0 0 0 0 0 0 0 6 0 0 0 16 0 0 0 0 
 3 2 3 4 138 2 2 2 0 93 3 2 10 2 7 2 2 2 2 7 228 184 83 152 80 31 228 240 130 71 113 53 0 167 100 188 37 49 79 358 4 5 65 3 3 3 0 0 2 6 3 8 3 0 3 5 6 3 3 31 0 3 2 2 0 1 3 2 1 10 4 0 2 3 0 0 2 0 1 9 0 0 0 0 9 21 0 0 1 20 26 0 0 0 0 1 18 0 0 0 14 47 36 18 1 1 48 21 18 17 1 4 19 0 29 0 32 13 20 0 0 8 0 0 0 0 0 0 0 0 0 0 0 0 0 0 0 0 23 0 0 0 0 0 0 0 0 0 0 0 0 10 0 0 0 0 0 2 0 0 0 0 0 0 11 0 0 0 20 12 0 2 0 1 9 2 0 0 0 0 24 58 43 0 1 0 12 46 31 6 0 0 44 27 27 38 1 18 0 27 0 0 0 0 0 1 2 0 0 0 0 0 0 0 0 0 0 0 2 0 0 0 0 0 0 0 0 0 0 0 0 2 0 0 2 0 0 0 0 0 0 0 0 0 0 0 37 0 2 0 0 0 0 0 5 0 2 0 0 1 2 0 0 0 0 1 0 0 0 0 0 0 0 1 0 0 0 9 0 0 0 0 0 0 0 0 0 0 0 0 
 0 0 0 0 0 0 0 0 0 0 20 73 2 1 6 0 0 0 0 2 183 168 135 238 339 34 59 220 145 78 266 32 167 0 452 157 314 93 100 174 3 0 4 1 3 0 0 0 0 1 1 2 0 0 3 0 0 2 0 4 0 3 2 0 1 1 3 2 0 51 0 0 0 4 0 0 0 0 0 0 0 0 0 0 9 0 0 0 0 0 15 0 0 0 0 0 0 0 0 0 17 42 61 35 12 13 14 25 17 23 1 7 18 0 40 2 29 24 51 16 0 0 0 2 0 0 13 0 0 0 0 0 0 0 0 0 0 0 0 8 0 0 0 0 0 0 0 0 0 0 0 0 19 0 0 0 0 0 0 0 0 0 0 0 0 0 0 0 0 0 0 0 0 0 3 8 0 0 0 9 0 8 8 0 0 0 6 35 13 8 12 14 1 28 15 10 9 13 0 0 3 0 0 0 0 0 0 0 0 0 0 0 10 0 0 0 0 0 22 0 0 0 0 0 0 0 0 0 0 0 0 0 0 0 0 0 0 0 0 0 0 0 0 0 0 0 0 0 0 0 0 0 0 0 13 2 3 17 0 0 0 0 0 0 0 0 0 0 0 0 0 0 0 0 0 0 0 9 0 25 0 7 0 2 0 0 23 0 0 0 
 6 3 3 3 3 3 3 3 0 3 18 78 3 4 3 5 3 3 3 4 123 130 165 241 165 132 261 282 201 114 165 245 100 452 0 257 270 110 63 124 2 0 4 2 3 25 0 0 0 1 0 2 0 0 3 0 0 0 0 0 0 3 2 0 6 2 3 2 0 0 0 0 0 3 0 0 0 0 0 0 0 21 0 0 6 13 0 0 0 0 53 1 0 0 0 0 0 0 0 0 17 19 15 39 12 10 0 26 12 14 14 0 1 0 24 1 17 18 23 17 0 0 0 0 0 0 3 0 0 0 0 0 0 0 0 0 0 0 28 11 0 0 0 0 0 0 0 0 0 0 0 0 0 0 0 0 0 0 0 0 0 0 0 0 0 0 0 0 0 0 0 0 0 0 5 0 0 0 0 6 10 10 16 0 0 0 8 21 15 0 22 38 0 27 24 26 0 46 0 15 0 0 0 0 0 0 0 0 0 0 0 0 9 0 0 0 0 0 9 0 0 0 0 0 0 0 0 0 0 0 0 0 0 0 0 0 0 0 0 0 0 0 0 0 0 0 0 0 0 0 0 0 0 0 7 2 1 2 1 3 3 0 0 0 0 0 0 0 0 0 0 0 0 0 0 0 0 9 0 0 0 8 0 0 0 0 13 0 0 0 
 0 0 0 4 74 0 8 4 2 0 0 0 0 0 84 0 0 0 0 3 134 182 175 68 114 141 282 185 113 290 86 35 188 157 257 0 159 180 148 81 5 0 4 3 5 11 0 0 0 1 1 211 0 3 3 0 2 0 61 0 0 3 9 0 50 1 3 2 0 2 0 0 0 4 0 0 1 0 0 0 0 0 0 0 0 0 0 0 0 11 0 0 0 0 0 0 0 0 0 0 8 0 8 16 0 28 0 0 37 8 44 0 44 0 28 50 39 30 3 7 0 0 0 0 0 0 11 0 0 0 0 0 0 0 0 0 0 0 27 21 0 0 0 0 0 0 0 0 0 0 0 0 0 0 0 0 0 0 0 5 0 0 0 0 0 0 0 0 8 0 0 16 1 0 17 0 0 0 0 7 14 13 0 0 14 0 1 19 21 0 12 33 0 12 10 37 0 0 0 0 0 0 0 0 0 0 0 0 0 0 0 0 0 0 0 0 0 0 12 0 0 0 0 0 0 0 0 0 0 0 0 0 0 0 0 0 0 0 0 0 0 0 22 0 0 0 0 0 0 0 12 0 0 0 7 3 0 2 0 0 2 0 0 0 0 8 0 0 0 0 0 0 0 0 0 0 0 0 0 0 0 7 0 0 0 8 27 0 0 0 
 2 0 0 0 0 0 0 0 3 0 0 2 0 0 0 0 0 62 1 0 33 159 189 498 422 156 49 37 196 235 255 166 37 314 270 159 0 275 33 64 3 0 2 1 3 1 0 0 5 1 5 3 0 0 3 0 0 0 0 0 0 4 2 0 0 47 7 2 0 0 0 0 0 3 0 0 0 0 0 0 0 0 0 0 0 0 0 0 0 0 0 0 0 0 0 0 0 0 0 0 0 0 29 30 10 11 0 0 2 0 30 1 0 0 0 17 0 40 9 0 13 12 0 0 0 0 52 38 29 0 0 0 46 20 0 0 12 2 10 24 0 10 0 0 0 0 0 14 0 0 0 0 0 0 1 0 0 0 0 0 0 0 0 0 0 0 0 0 0 0 1 0 0 0 6 0 0 0 0 9 0 0 28 48 0 18 0 0 0 20 16 23 0 0 0 0 0 1 0 0 66 0 0 0 0 0 10 16 0 0 0 0 53 13 1 0 0 0 13 21 0 0 0 0 0 2 0 0 0 0 0 0 0 0 0 0 0 0 0 0 0 0 0 0 0 2 0 0 77 0 0 0 0 0 7 0 3 44 73 0 4 12 0 0 0 0 13 0 0 0 0 2 0 0 0 0 0 0 0 0 0 0 0 0 0 0 0 0 0 0 
 2 2 1 2 1 0 204 1 2 1 3 0 1 2 37 2 2 1 2 1 17 67 203 122 124 330 39 38 136 272 367 455 49 93 110 180 275 0 30 453 67 3 3 2 4 1 119 134 0 1 0 2 0 64 3 0 0 0 1 0 0 3 4 1 1 3 2 3 3 0 0 0 0 3 0 0 7 0 0 3 0 0 0 0 0 0 0 0 0 1 0 0 0 0 0 0 0 0 0 0 0 0 0 34 9 43 0 0 0 0 18 0 0 0 0 0 35 21 3 0 9 15 0 10 0 0 29 48 15 0 0 0 23 1 0 0 5 0 0 41 0 0 0 0 0 7 0 0 0 0 0 0 0 0 0 0 17 0 0 0 0 0 0 0 0 0 0 0 25 0 0 0 1 0 21 0 0 0 0 7 1 0 14 39 25 23 0 19 0 25 0 1 0 0 0 0 0 0 0 0 0 0 0 0 0 0 21 12 8 0 0 0 32 0 0 0 0 1 0 24 0 0 0 0 0 0 0 0 0 0 0 0 0 0 0 0 0 0 0 0 0 0 0 0 0 0 1 0 0 0 0 0 0 0 14 2 0 78 2 0 0 2 0 0 0 0 0 0 0 0 0 0 0 0 0 0 0 0 0 0 0 0 0 0 0 1 0 0 0 0 
 23 0 0 92 189 34 0 3 207 0 3 0 0 2 0 74 2 0 0 6 345 276 240 280 295 257 282 190 76 54 341 27 79 100 63 148 33 30 0 691 3 0 3 0 3 0 0 0 0 2 0 2 8 1 3 0 3 0 0 0 0 3 2 0 6 0 3 2 0 11 0 0 0 10 0 0 0 0 56 0 0 0 0 0 0 2 0 0 0 0 0 20 0 0 0 19 0 1 0 0 0 21 14 24 18 1 22 23 22 30 20 8 41 22 16 19 0 0 0 10 0 0 0 0 0 0 0 0 0 0 10 0 0 0 0 0 2 0 0 0 0 0 0 0 0 0 0 0 0 0 0 0 0 0 0 0 0 0 0 0 0 0 0 0 37 10 0 0 0 0 8 14 0 0 0 2 0 0 0 0 23 16 18 0 1 0 27 1 24 34 9 14 25 21 25 45 9 33 0 13 0 0 0 0 0 0 0 0 0 0 0 0 0 0 0 0 0 0 13 0 0 0 0 0 0 0 0 0 0 0 0 0 2 0 0 0 0 0 0 0 0 0 2 0 0 0 0 0 0 0 18 0 0 0 19 0 0 0 0 2 3 0 0 0 0 0 0 0 0 0 0 0 0 0 0 0 0 0 0 0 0 0 0 0 0 3 0 0 0 0 
 0 0 0 2 0 0 0 5 1 0 2 0 0 0 0 0 0 0 2 3 379 161 57 106 221 254 205 301 162 174 258 34 358 174 124 81 64 453 691 0 6 0 4 1 4 63 0 0 0 1 0 5 0 0 3 63 0 0 3 4 0 48 2 6 4 2 5 2 3 3 1 0 0 8 0 0 0 0 0 1 0 0 1 0 2 20 0 0 0 0 0 0 0 0 0 0 0 0 0 0 57 46 25 25 45 1 32 39 35 55 21 22 51 0 48 15 2 21 0 19 0 0 0 0 0 0 0 0 0 0 0 0 2 0 0 0 0 0 3 0 0 0 0 0 0 0 0 0 0 0 0 0 0 0 2 0 0 0 0 11 0 0 0 0 19 0 0 0 0 0 0 2 0 0 0 0 0 0 0 0 13 62 11 0 10 0 38 2 0 20 65 3 1 63 6 22 16 36 0 15 0 0 0 0 0 0 0 1 0 0 0 0 0 0 0 0 0 0 1 0 0 0 0 2 2 0 0 0 0 2 0 0 0 0 0 0 0 0 0 2 0 0 0 0 0 1 0 0 0 2 0 0 0 0 8 2 2 2 0 0 3 0 0 0 0 0 22 0 0 0 0 0 0 0 1 0 0 0 0 0 0 8 0 0 0 1 0 0 0 0 
 3 3 3 3 3 3 3 3 0 3 3 4 8 5 3 3 3 3 3 6 3 3 3 72 70 2 3 3 3 4 66 23 4 3 2 5 3 67 3 6 0 226 148 312 48 242 127 251 30 279 30 74 49 147 143 178 70 99 49 138 0 0 0 2 0 1 0 0 0 2 0 51 2 0 0 0 0 0 0 3 0 0 0 0 0 0 0 0 0 0 0 0 0 0 0 0 0 0 0 0 0 0 11 5 0 16 0 0 0 0 0 3 13 0 0 0 0 0 0 0 29 21 32 11 0 0 0 24 34 10 0 1 30 0 12 5 13 21 0 76 0 0 0 0 0 0 7 10 0 0 0 0 10 0 0 0 19 0 5 0 0 0 0 0 0 0 0 0 0 0 0 0 0 0 0 5 0 0 0 0 0 0 0 0 14 22 0 0 0 0 0 0 0 0 0 0 0 0 0 0 0 9 29 27 4 9 22 27 45 0 38 0 0 0 1 50 7 0 0 0 13 0 0 0 0 2 0 4 0 0 0 4 10 0 0 0 0 0 3 10 0 0 0 0 0 0 0 0 0 0 0 15 0 9 0 2 0 0 0 0 0 0 4 20 67 10 0 0 2 0 0 0 0 0 0 0 0 0 0 0 0 0 0 0 8 10 0 0 0 0 
 5 3 3 2 3 3 6 3 0 3 5 5 3 3 3 3 5 3 3 5 0 0 0 0 3 0 2 0 0 0 2 0 5 0 0 0 0 3 0 0 226 0 219 143 119 102 136 218 202 48 80 60 69 173 160 357 321 111 301 342 0 0 4 0 0 0 0 0 9 0 2 0 0 0 0 0 0 0 50 4 0 0 0 0 0 0 0 0 0 0 0 0 0 0 0 0 0 0 0 0 0 0 0 19 0 0 0 0 0 0 19 0 0 0 0 0 0 0 12 0 0 10 14 19 9 4 10 0 10 12 0 13 14 1 34 18 12 12 0 20 0 0 0 0 0 0 13 8 7 0 0 0 11 0 0 0 0 0 23 11 0 0 0 0 0 0 0 0 0 0 0 2 0 3 0 8 0 3 0 7 7 0 0 0 0 0 0 0 0 0 0 0 0 0 0 0 0 0 0 0 0 24 11 15 26 11 1 23 21 0 21 0 0 12 23 37 0 17 0 0 11 0 0 0 0 0 0 0 0 0 0 0 7 0 0 0 0 0 0 12 0 0 0 0 0 0 0 0 0 31 0 14 0 1 0 0 0 0 0 7 0 0 10 65 66 14 0 2 1 0 0 0 0 0 0 0 0 0 0 0 0 0 0 0 9 0 0 0 0 0 
 3 2 3 35 4 64 2 6 0 3 66 2 3 2 3 3 2 3 3 4 79 3 2 36 2 2 2 3 3 2 2 2 65 4 4 4 2 3 3 4 148 219 0 551 488 252 330 107 64 95 127 228 126 51 143 83 113 34 109 62 0 0 0 0 0 2 0 4 2 10 0 0 55 0 0 0 0 3 52 13 0 0 0 0 0 0 0 0 0 0 0 0 0 0 0 0 0 0 0 0 0 0 1 0 0 0 19 0 0 0 0 6 4 18 0 0 0 0 0 0 20 6 30 2 22 14 19 15 13 0 65 34 16 0 10 0 0 2 0 0 20 0 4 0 0 0 0 0 0 2 0 0 0 0 3 0 3 2 11 0 0 0 0 0 0 0 0 0 0 0 1 0 0 5 0 0 0 0 1 0 0 7 21 0 0 19 0 7 25 0 0 0 1 0 7 4 0 0 0 0 8 9 10 17 13 0 8 42 0 15 49 5 0 17 9 8 9 1 0 0 28 4 0 0 0 0 10 34 0 0 0 0 4 1 7 8 0 0 48 12 0 0 0 0 0 0 0 0 0 29 0 5 1 1 0 0 0 1 0 1 0 0 4 0 9 3 0 1 0 0 0 0 0 3 0 0 0 0 0 0 0 0 0 0 0 0 0 0 0 0 
 2 2 2 2 2 3 2 51 0 4 2 2 2 2 2 2 2 2 2 2 1 1 1 13 2 8 1 1 2 2 1 2 3 1 2 3 1 2 0 1 312 143 551 0 198 124 120 133 139 347 226 157 102 184 213 261 49 183 111 57 3 0 0 0 0 1 0 0 2 0 0 4 0 0 0 0 0 52 51 0 0 0 0 0 0 0 0 0 0 0 0 0 0 0 0 0 0 0 0 0 0 0 0 0 0 0 0 0 0 0 0 0 0 0 0 0 0 0 0 0 37 24 28 14 20 13 0 0 1 27 13 25 16 0 0 10 32 21 0 0 23 0 0 0 0 0 21 21 0 0 0 0 13 17 42 0 0 0 29 0 0 0 0 0 0 0 0 0 0 0 31 0 0 2 0 6 0 0 0 0 0 0 0 0 0 0 0 0 0 0 0 0 0 0 0 0 0 0 0 0 24 10 30 4 20 25 3 7 29 41 0 13 0 18 8 11 42 26 0 28 34 10 0 0 0 0 31 0 0 0 0 0 19 0 0 0 0 0 8 24 0 0 13 0 0 0 0 0 0 0 0 2 0 0 0 0 0 0 0 2 0 0 7 35 0 22 0 71 43 0 0 0 0 0 0 0 0 0 0 0 0 0 43 0 12 0 0 40 0 0 
 1 0 0 0 0 0 0 3 0 0 0 0 0 0 0 0 0 0 0 3 3 3 3 3 3 3 5 3 3 3 3 3 3 3 3 5 3 4 3 4 48 119 488 198 0 306 47 353 310 165 73 332 28 281 79 71 109 28 102 49 50 51 0 3 0 5 102 0 0 0 5 0 4 29 0 2 0 1 17 61 0 0 0 0 0 0 0 0 0 0 0 0 0 0 0 0 0 0 0 0 0 0 0 0 0 0 0 0 0 0 0 0 0 0 0 0 0 0 0 0 0 0 0 15 51 7 0 0 0 0 0 10 0 0 0 17 0 11 0 0 10 0 7 0 0 0 11 17 0 6 10 9 0 0 10 0 0 11 0 0 0 0 0 0 0 0 0 0 0 0 1 5 0 0 0 2 0 4 0 0 0 0 0 0 0 0 0 0 0 0 0 0 0 0 0 0 0 0 0 0 14 0 0 0 18 7 0 0 9 6 0 15 0 0 0 0 0 0 0 0 44 8 0 0 7 4 18 0 0 0 10 1 43 6 13 9 0 0 0 19 0 0 0 0 0 0 0 0 0 0 0 9 0 0 0 0 0 0 0 12 0 0 0 2 2 56 3 0 3 0 9 0 0 0 0 0 0 0 0 0 0 0 0 0 11 0 0 0 0 0 
 3 0 0 0 0 1 2 0 0 0 0 0 0 0 0 0 0 0 0 0 0 0 3 4 3 0 0 9 0 1 0 0 3 0 25 11 1 1 0 63 242 102 252 124 306 0 656 32 74 52 130 67 37 35 127 74 142 41 256 54 4 75 0 0 0 0 50 0 54 0 1 2 0 52 2 0 1 0 0 0 0 0 0 0 0 0 0 0 0 0 0 0 0 0 0 0 0 0 0 0 0 0 0 0 0 0 0 0 8 0 10 0 0 0 0 0 0 0 0 0 0 0 13 0 27 10 0 0 0 12 0 0 0 0 0 20 0 25 10 5 6 11 14 10 0 0 0 0 0 46 17 22 4 0 14 12 0 0 1 3 0 0 0 0 0 0 4 0 0 0 0 0 0 0 0 0 11 0 0 0 0 0 0 1 0 0 0 0 5 0 0 13 0 0 0 0 0 0 0 0 12 0 10 0 25 6 0 0 11 39 10 13 0 2 0 17 1 0 0 0 14 9 0 10 0 0 44 13 29 7 19 13 0 10 6 0 16 0 0 0 0 0 5 0 0 0 0 0 0 0 0 20 0 1 1 0 0 0 0 1 0 21 0 0 1 1 1 68 0 0 11 0 0 0 0 0 0 0 0 0 0 0 0 0 9 0 0 0 0 0 
 37 0 0 2 0 0 0 0 0 0 2 0 0 0 0 0 0 0 0 0 0 0 0 64 201 140 0 0 70 63 63 93 0 0 0 0 0 119 0 0 127 136 330 120 47 656 0 420 124 63 468 27 79 78 54 94 101 26 86 158 0 2 0 0 5 1 0 0 0 3 0 1 0 1 7 0 0 4 0 0 0 0 0 0 0 0 0 0 0 0 0 0 0 0 0 0 0 0 0 0 0 0 0 19 25 34 0 0 0 0 0 15 0 0 0 0 11 0 0 0 6 11 1 0 0 0 0 38 7 11 0 0 12 8 0 0 27 0 12 7 0 0 0 0 3 3 0 1 2 1 0 0 0 2 0 0 0 0 0 0 0 0 3 0 0 0 0 0 0 0 5 0 0 0 0 0 1 0 0 0 0 0 0 22 33 33 0 0 0 13 10 8 0 0 0 0 11 0 0 0 0 0 13 1 0 0 24 0 3 3 0 3 14 10 18 0 14 0 0 24 0 0 0 0 1 0 0 0 3 7 1 6 0 0 0 0 2 0 0 0 0 0 0 0 0 0 0 0 0 17 0 17 0 2 0 0 0 62 0 2 31 0 1 0 0 2 6 0 0 0 0 0 0 0 0 3 0 0 0 0 0 0 0 0 0 23 0 0 0 0 
 3 29 3 5 3 3 3 3 2 3 3 3 3 3 3 3 3 3 3 3 0 0 0 97 64 67 2 0 5 1 63 88 0 0 0 0 0 134 0 0 251 218 107 133 353 32 420 0 126 32 275 30 145 170 152 40 327 57 286 101 0 0 0 0 0 2 0 0 0 0 0 0 1 0 0 0 0 0 115 0 0 0 0 0 0 0 0 0 0 0 0 0 0 0 0 0 0 0 0 0 0 0 0 5 11 1 0 0 0 0 14 0 0 0 0 0 13 0 0 0 0 1 0 13 0 17 0 9 25 1 0 0 19 10 20 16 29 7 0 2 8 0 0 0 0 0 12 8 0 0 0 0 4 0 0 0 0 0 0 0 0 0 0 0 0 0 0 0 0 0 0 2 0 0 0 7 0 2 0 0 0 0 0 1 20 11 0 0 0 6 0 0 0 0 0 0 0 0 0 2 0 45 33 23 24 11 14 5 28 0 17 0 17 0 0 10 0 0 0 1 11 0 0 0 0 0 9 0 0 0 0 0 6 0 0 0 0 0 0 21 0 0 0 0 0 0 0 0 0 0 0 7 0 0 0 0 0 19 0 7 0 0 0 65 0 15 0 0 0 0 0 0 0 0 0 0 0 0 0 0 0 0 0 0 2 10 0 0 0 0 
 0 0 0 0 0 0 0 0 0 0 0 0 0 0 4 0 0 0 0 0 0 0 4 0 6 64 0 0 0 0 3 5 2 0 0 0 5 0 0 0 30 202 64 139 310 74 124 126 0 153 149 42 80 382 216 100 253 97 99 50 7 0 0 47 0 1 50 0 8 0 0 3 5 0 0 0 0 0 55 79 0 1 0 0 0 0 0 0 0 0 0 0 0 0 0 0 0 0 0 0 0 0 0 0 68 0 0 0 0 0 0 0 0 0 0 0 0 0 0 0 24 0 20 58 9 9 3 3 4 16 23 10 4 6 1 12 22 15 0 0 0 0 0 0 0 0 1 21 0 0 0 0 7 0 13 0 0 0 0 0 0 0 9 0 0 0 0 0 0 0 0 5 0 0 0 27 0 5 0 0 0 0 4 0 0 0 0 0 0 0 0 0 0 3 0 0 0 0 0 0 9 0 15 0 14 31 9 0 8 43 9 10 11 0 0 21 1 6 0 8 10 2 0 0 0 0 13 1 0 0 0 0 16 0 0 0 0 0 0 16 0 0 0 0 0 0 0 0 0 0 0 7 0 1 0 0 0 0 73 11 0 0 1 1 0 25 2 64 0 0 0 0 0 0 0 8 0 0 0 0 0 0 0 0 8 0 0 3 0 0 
 1 2 0 2 1 2 2 2 0 2 6 2 0 3 6 1 2 0 0 2 2 2 4 1 1 4 0 2 2 1 3 63 6 1 1 1 1 1 2 1 279 48 95 347 165 52 63 32 153 0 174 137 37 293 288 414 77 135 114 90 22 0 0 0 0 1 82 0 0 0 0 0 102 54 0 0 0 1 55 51 0 0 0 0 0 0 0 0 0 0 0 0 0 0 0 0 0 0 0 0 0 0 0 0 0 4 0 0 0 0 0 5 0 0 0 0 0 0 0 0 0 0 0 17 0 4 0 16 0 8 9 13 0 0 0 5 0 14 0 0 13 0 3 0 0 0 7 7 0 17 0 0 2 16 14 0 0 16 0 22 0 0 0 0 0 0 0 0 0 0 0 0 0 0 0 0 0 4 0 0 0 0 0 9 0 0 0 0 0 0 0 0 0 0 0 0 0 0 0 0 6 9 4 0 0 25 0 0 1 0 0 0 0 0 2 3 11 9 4 0 14 26 1 1 0 0 0 61 0 10 0 0 15 19 32 0 0 0 41 8 0 0 0 0 0 0 0 0 0 2 0 7 0 1 0 0 0 1 0 3 0 1 0 0 0 5 0 0 1 0 4 0 10 0 0 0 0 0 0 0 0 4 3 7 0 0 0 7 0 1 
 2 0 1 2 0 0 0 0 0 1 1 0 0 0 0 1 0 1 0 0 0 0 2 0 24 0 0 0 0 0 14 7 3 1 0 1 5 0 0 0 30 80 127 226 73 130 468 275 149 174 0 363 100 91 148 272 184 172 37 130 0 0 0 0 0 1 0 0 37 0 0 0 0 0 0 0 0 0 24 0 0 0 0 0 0 0 0 0 0 0 0 0 0 0 0 0 0 0 0 0 0 0 0 0 0 4 0 0 0 0 0 0 0 0 0 0 0 0 0 0 42 25 26 0 32 6 4 10 19 32 21 0 16 5 27 4 0 2 0 0 0 0 0 0 0 0 0 0 0 0 0 0 29 0 19 0 0 0 0 10 0 0 0 0 0 0 0 0 0 0 0 0 0 3 0 0 0 0 0 0 0 0 5 0 0 3 0 0 0 0 0 0 0 0 0 0 1 0 0 0 10 6 3 10 7 4 22 15 39 10 12 13 12 55 6 19 7 13 0 0 0 13 16 0 0 0 59 0 14 0 0 0 0 0 0 0 0 0 0 14 0 0 0 0 0 0 0 0 0 0 0 6 0 0 0 0 0 0 14 9 0 0 34 4 0 0 2 2 2 0 0 0 0 0 0 0 0 0 0 0 0 0 0 0 17 0 0 18 0 0 
 3 3 2 2 3 3 3 7 0 2 26 7 3 5 3 3 3 2 5 8 2 2 2 2 66 4 2 2 2 2 2 2 8 2 2 211 3 2 2 5 74 60 228 157 332 67 27 30 42 137 363 0 31 93 284 112 112 122 39 264 56 3 1 3 0 3 0 0 1 0 0 16 50 0 0 5 0 0 2 0 0 0 0 0 0 0 0 0 0 0 0 0 0 0 0 0 0 0 0 0 0 0 0 0 0 0 0 0 0 0 0 0 0 0 0 0 0 0 0 0 4 8 31 24 20 6 0 14 27 20 39 17 0 0 11 1 3 10 0 0 11 0 0 0 0 0 22 0 0 6 0 0 18 11 0 0 0 0 11 0 0 0 0 0 0 0 0 0 0 0 0 0 0 6 0 3 0 0 0 0 0 0 0 0 0 0 0 0 0 0 0 0 0 0 0 0 0 0 0 0 10 80 13 17 0 7 7 34 6 0 12 18 0 13 7 25 30 22 0 19 10 0 0 0 0 0 6 7 0 0 0 0 11 1 11 0 0 0 21 0 0 0 9 0 0 0 0 0 0 0 0 13 0 0 0 0 0 0 0 15 0 0 2 0 65 1 1 63 1 0 10 0 0 0 0 0 0 0 0 0 0 0 26 0 0 0 0 0 0 0 
 0 0 0 0 4 0 0 0 0 0 6 0 19 0 6 0 0 0 0 0 0 0 6 0 0 1 0 0 0 0 0 2 3 0 0 0 0 0 8 0 49 69 126 102 28 37 79 145 80 37 100 31 0 132 135 597 72 303 105 162 0 0 0 0 0 1 0 0 0 56 0 0 0 0 0 0 0 1 0 0 0 0 0 0 0 0 0 0 0 0 0 0 0 0 0 0 0 0 0 0 2 0 0 0 0 0 1 0 0 0 1 0 0 7 0 0 21 1 0 57 14 20 51 7 33 0 1 16 15 20 9 0 11 9 10 12 6 0 12 11 0 0 0 0 0 0 2 0 0 0 0 0 26 0 0 0 0 0 1 7 0 0 0 0 9 0 0 0 0 0 0 8 0 7 0 1 0 0 0 0 0 0 0 0 17 21 0 0 0 0 1 0 4 0 0 0 0 0 0 0 10 16 12 26 1 4 11 40 28 17 0 0 1 16 7 11 17 31 0 0 0 0 0 0 0 0 0 0 0 0 0 0 0 0 0 0 0 0 0 0 0 0 0 0 0 0 0 0 0 0 0 15 0 0 0 0 0 71 0 0 42 0 32 1 0 2 0 0 0 0 0 0 0 0 0 0 0 0 0 0 0 0 0 0 59 0 0 0 2 0 
 4 66 5 67 4 4 3 65 72 3 35 67 3 66 65 5 3 3 3 3 0 0 0 64 67 0 2 0 0 0 66 53 0 0 0 3 0 64 1 0 147 173 51 184 281 35 78 170 382 293 91 93 132 0 217 111 166 38 216 68 0 0 0 202 0 2 0 0 0 0 0 0 0 0 0 0 0 202 0 0 1 0 0 0 25 0 0 26 8 6 20 0 0 0 0 0 8 0 0 0 0 0 0 19 0 0 0 0 0 0 0 0 0 0 0 0 0 0 0 0 26 0 47 11 0 0 18 21 16 38 0 7 8 1 12 0 41 1 0 0 0 0 5 0 0 0 4 9 9 0 0 0 13 0 0 0 0 0 9 0 20 0 0 6 0 0 14 3 13 13 0 0 0 1 8 3 12 0 0 0 0 0 0 0 14 20 0 1 0 0 0 0 10 0 0 0 0 0 10 6 12 1 4 23 4 4 14 21 8 7 20 0 7 12 11 5 41 14 0 0 10 0 0 11 0 0 0 0 0 0 0 0 9 0 0 0 0 0 6 10 0 15 0 0 0 2 16 0 0 0 0 5 0 2 0 0 0 0 0 0 0 0 68 2 5 10 1 0 0 0 0 0 0 0 0 0 0 0 0 0 0 0 0 0 0 30 0 0 1 0 
 0 0 0 2 0 6 0 3 0 0 2 0 0 0 0 0 0 0 0 3 3 3 3 3 3 3 3 3 3 3 3 3 3 3 3 3 3 3 3 3 143 160 143 213 79 127 54 152 216 288 148 284 135 217 0 128 117 26 91 76 9 0 0 0 0 2 4 0 8 2 0 5 2 1 3 0 0 0 0 0 0 0 0 0 0 9 0 0 0 0 0 0 0 0 0 0 0 0 0 0 0 6 0 0 0 0 0 0 13 0 0 0 0 29 0 0 0 0 0 0 22 0 33 12 0 12 23 0 0 49 36 5 3 0 0 7 32 6 0 14 0 0 0 0 0 0 23 21 0 0 0 0 13 0 1 0 0 0 0 7 0 0 0 0 0 0 0 0 0 0 7 0 0 2 0 6 0 0 0 0 0 0 0 0 0 0 0 0 0 0 0 0 0 0 0 0 1 0 0 0 3 19 43 0 23 32 10 29 25 28 32 8 7 3 5 12 95 14 0 0 10 0 0 0 0 0 25 0 0 0 0 0 23 0 0 2 0 0 19 12 0 0 34 0 0 0 0 0 0 0 0 12 0 0 0 0 0 0 0 0 0 0 65 64 68 17 0 9 0 0 0 0 0 0 0 0 0 0 0 0 0 0 0 0 2 0 0 0 0 0 
 0 0 0 2 0 0 0 0 0 0 3 2 0 0 4 0 0 0 0 0 0 0 4 0 0 69 0 0 0 0 3 0 5 0 0 0 0 0 0 63 178 357 83 261 71 74 94 40 100 414 272 112 597 111 128 0 79 370 65 271 0 0 0 20 0 2 0 0 0 0 0 0 18 0 0 0 0 0 36 0 0 0 0 0 0 0 0 0 12 0 0 0 0 0 0 0 0 0 0 0 0 0 0 0 0 0 0 0 0 0 0 0 0 0 0 0 0 0 0 0 0 65 37 25 12 11 12 31 8 10 38 0 14 10 9 16 18 1 1 0 0 0 0 0 0 0 10 0 0 0 0 0 14 0 13 0 0 0 10 0 0 0 0 0 0 0 0 0 0 0 0 0 0 12 0 5 0 0 0 0 0 0 0 0 0 1 0 0 0 0 0 0 0 0 0 0 0 0 0 0 0 0 15 29 23 31 9 13 24 3 21 15 0 31 1 20 18 11 0 8 2 2 0 0 0 0 13 2 0 0 0 0 0 0 0 0 0 0 0 17 0 0 0 0 0 0 0 0 0 29 0 8 0 1 0 0 0 0 0 0 0 0 64 74 1 1 2 0 0 0 0 0 0 0 0 0 0 0 0 0 0 0 3 0 13 12 0 3 0 0 
 0 0 0 0 7 0 0 0 1 0 2 0 0 0 0 2 0 49 0 0 0 0 0 0 0 64 3 0 0 0 0 0 6 0 0 2 0 0 3 0 70 321 113 49 109 142 101 327 253 77 184 112 72 166 117 79 0 75 240 135 0 0 0 0 0 1 68 0 5 0 0 0 0 0 0 0 0 0 57 51 0 0 0 0 0 0 0 0 0 0 0 4 0 0 0 2 0 0 0 0 0 0 0 0 16 21 0 0 0 0 0 0 0 6 0 0 2 0 0 11 18 0 7 0 0 0 0 0 22 21 0 18 0 0 24 30 20 2 0 0 0 0 0 0 0 0 0 20 0 0 0 0 0 3 0 0 0 7 21 7 0 0 0 0 8 0 0 0 0 0 0 14 0 15 0 2 0 11 0 0 0 0 0 0 0 0 3 0 0 0 0 0 2 0 2 0 0 0 0 0 10 1 2 7 20 0 0 49 0 14 15 0 9 2 12 42 11 9 0 17 9 0 0 0 0 0 0 0 0 0 0 0 20 0 0 0 0 0 9 13 0 0 0 0 0 0 0 0 0 0 0 19 0 2 0 0 0 0 0 16 0 0 3 1 67 15 3 0 0 0 0 0 0 0 0 0 0 0 0 0 0 0 0 0 0 0 0 0 0 0 
 0 0 0 4 0 3 0 3 0 0 5 0 0 1 0 0 0 0 0 0 0 0 0 0 0 0 0 1 0 0 1 0 3 2 0 0 0 0 0 0 99 111 34 183 28 41 26 57 97 135 172 122 303 38 26 370 75 0 39 46 0 0 0 0 0 2 52 0 0 0 51 5 112 0 0 2 0 0 54 49 0 0 0 0 0 0 0 0 0 0 0 0 0 0 0 0 0 0 0 0 0 0 0 0 0 0 0 0 0 0 0 0 0 0 0 0 0 0 0 2 0 20 12 0 2 19 0 0 1 14 21 29 14 0 1 7 0 3 0 0 23 9 0 0 0 0 0 17 0 0 0 0 12 17 15 0 0 15 0 9 0 0 0 0 0 0 0 0 0 0 0 0 0 0 0 0 0 6 0 0 0 0 0 0 0 0 0 0 0 0 0 0 0 0 0 0 5 12 0 0 0 1 0 24 1 25 19 23 6 0 24 7 0 0 0 20 26 0 0 0 0 25 0 0 0 0 21 7 14 13 0 0 0 0 2 0 0 0 15 11 0 0 7 0 0 0 0 0 0 0 0 9 0 2 0 0 0 0 0 1 0 2 74 0 1 0 2 1 0 0 0 0 0 0 0 0 0 0 0 0 0 1 0 0 3 0 0 12 0 0 
 1 0 0 1 0 0 0 0 0 2 0 1 0 0 0 0 0 0 0 0 0 18 62 69 1 64 0 0 63 2 1 1 3 0 0 61 0 1 0 3 49 301 109 111 102 256 86 286 99 114 37 39 105 216 91 65 240 39 0 350 0 5 3 3 4 8 0 0 0 0 0 5 0 3 0 3 9 0 4 2 0 0 0 0 0 0 0 0 0 0 0 0 0 0 0 0 0 0 0 0 0 0 0 0 16 0 0 0 0 8 0 0 0 0 0 9 10 0 0 0 0 14 16 38 0 0 30 0 8 2 0 2 15 11 19 0 0 4 8 14 0 0 0 0 0 3 0 0 0 3 0 7 0 0 0 0 0 0 16 0 0 0 3 0 0 0 0 0 0 0 4 0 0 0 0 0 0 0 14 0 0 0 9 0 16 0 0 0 0 0 20 0 0 0 0 0 0 0 7 0 16 25 0 22 0 0 11 21 0 14 33 2 0 7 7 10 1 26 11 1 0 0 0 0 3 2 0 0 0 1 0 0 0 0 29 0 0 0 0 0 0 10 0 0 0 0 0 0 0 0 0 6 0 0 0 1 0 1 2 0 0 10 0 0 63 2 0 0 0 0 0 0 0 0 0 0 0 0 0 0 0 8 0 0 0 11 0 0 0 0 
 0 0 1 0 0 0 0 0 0 0 3 2 0 0 0 0 0 0 0 0 6 33 0 0 0 61 1 0 0 0 0 0 31 4 0 0 0 0 0 4 138 342 62 57 49 54 158 101 50 90 130 264 162 68 76 271 135 46 350 0 0 0 0 0 0 50 0 0 5 56 0 0 0 0 0 0 0 0 0 0 0 0 0 0 0 0 0 0 0 0 0 0 0 0 0 0 0 0 0 0 4 4 19 0 27 9 8 7 0 4 11 18 3 0 0 0 40 12 0 0 19 0 0 8 14 0 2 18 0 0 0 0 0 13 36 0 14 0 25 26 0 0 0 0 0 0 0 0 0 0 0 0 10 0 11 0 0 0 0 16 8 0 6 0 0 0 0 0 0 0 1 0 2 0 0 0 5 0 2 0 0 8 0 8 10 9 0 0 0 10 49 19 5 10 19 0 41 1 0 0 14 19 0 0 16 0 0 17 0 14 10 0 0 46 9 24 4 6 0 69 0 0 0 0 0 0 0 1 0 0 0 0 0 0 0 0 0 0 0 0 0 0 0 0 0 0 0 0 0 0 0 14 0 0 0 0 0 63 2 2 9 0 3 0 1 2 0 0 0 0 0 0 0 0 0 0 0 0 0 0 0 5 0 0 0 0 0 0 0 0 
 0 0 0 0 0 0 0 0 0 0 0 0 0 3 0 0 0 0 0 0 0 0 0 0 0 0 0 0 0 0 0 0 0 0 0 0 0 0 0 0 0 0 0 3 50 4 0 0 7 22 0 56 0 0 9 0 0 0 0 0 0 71 47 51 36 45 133 156 36 106 52 50 52 75 72 90 89 45 49 44 0 0 0 0 0 0 0 0 0 0 0 0 0 0 0 0 0 0 0 0 0 0 0 0 0 0 0 0 0 0 0 0 0 0 0 0 0 0 0 0 0 0 29 26 0 16 0 0 0 71 33 1 0 0 12 0 0 3 0 0 5 0 17 0 13 0 43 0 0 26 0 24 0 1 0 0 7 4 0 0 0 0 0 11 0 0 0 0 0 0 0 0 0 0 0 5 0 0 0 0 0 0 0 8 0 0 0 0 0 0 0 0 0 0 0 0 0 0 12 0 0 0 12 0 0 45 0 0 0 10 14 17 0 0 0 0 4 0 0 0 14 32 0 6 14 1 3 18 0 0 0 6 39 23 17 6 4 1 66 0 0 0 5 0 0 0 0 0 0 0 0 0 0 0 0 0 0 0 0 0 0 0 15 0 0 0 0 3 0 0 10 0 55 0 1 0 0 0 0 0 0 0 0 0 33 1 0 0 0 0 
