 0 126 428 282 40 42 283 61 423 490 245 47 415 158 134 138 298 155 196 137 0 0 0 0 2 0 0 2 0 0 2 0 0 0 0 0 1 0 0 2 0 0 0 0 0 0 0 0 0 0 0 0 0 0 0 0 2 0 0 0 0 0 3 0 0 2 0 0 0 3 0 2 0 3 0 1 0 0 0 2 13 62 39 7 10 0 17 20 42 0 7 11 0 17 36 0 12 18 14 36 1 0 0 0 0 0 0 0 0 0 0 0 0 0 0 0 0 0 0 0 0 0 0 0 0 0 0 0 1 0 0 0 0 0 0 0 0 0 0 0 0 0 0 0 0 1 0 1 3 0 0 1 6 0 0 0 0 0 0 0 12 31 0 3 0 1 26 0 1 0 21 0 13 43 0 12 40 27 42 51 0 0 0 0 0 0 0 0 0 0 0 0 0 0 0 0 0 0 0 0 0 2 2 0 0 0 0 0 0 0 0 0 0 0 0 1 0 0 0 0 0 0 1 0 0 0 0 0 0 0 0 0 0 0 0 0 0 0 0 0 0 0 0 0 0 1 1 0 3 0 0 5 16 0 0 0 0 0 0 0 0 0 10 0 0 0 0 0 0 0 0 0 0 0 0 14 14 0 0 0 0 0 0 0 0 0 0 0 0 0 
 126 0 192 190 60 115 67 159 198 43 336 49 136 360 354 41 133 75 131 45 0 0 0 0 0 0 0 4 0 0 3 0 0 0 0 2 0 3 0 72 63 0 0 0 0 0 0 1 0 3 0 0 0 0 0 0 3 0 0 0 0 0 6 0 0 2 0 0 0 3 0 0 0 3 0 0 0 0 0 2 0 17 0 19 5 19 0 13 21 32 1 31 0 27 9 0 26 35 0 7 0 0 0 0 0 0 7 5 0 0 0 0 0 0 7 0 0 0 8 10 0 0 0 0 0 0 0 0 0 0 0 0 0 0 0 0 0 1 0 0 0 0 0 0 0 0 0 0 2 0 0 0 0 0 0 0 0 0 0 0 18 6 20 42 10 0 17 1 10 13 14 0 16 0 10 17 13 0 4 2 0 0 0 0 0 0 0 0 0 0 0 0 14 19 0 0 0 0 14 10 0 0 0 0 0 0 0 0 0 0 1 0 0 0 0 0 0 0 0 0 0 17 0 0 0 0 0 0 0 0 0 0 0 0 0 0 0 0 0 0 0 1 0 0 0 4 2 0 0 88 9 12 0 0 0 0 0 1 75 0 0 0 0 0 0 0 0 0 0 0 0 0 0 0 0 14 19 0 0 0 0 0 0 0 0 0 0 0 0 0 
 428 192 0 202 143 44 491 102 78 202 219 265 575 83 158 268 60 45 330 214 0 0 0 0 0 0 0 0 2 0 2 0 0 0 0 0 1 1 0 0 0 0 14 0 0 0 0 0 0 0 0 0 0 0 0 0 1 0 1 0 0 0 3 0 0 2 0 0 0 3 0 0 0 3 0 3 0 0 0 2 10 42 1 11 7 0 16 28 39 7 9 11 0 0 36 12 0 22 0 18 0 0 0 0 1 0 0 0 0 0 0 0 0 0 0 0 0 17 0 1 0 0 0 0 0 0 0 0 0 0 0 0 0 0 0 0 1 0 0 0 2 0 0 0 1 0 0 0 1 0 0 0 2 0 0 0 0 0 0 0 0 31 81 18 0 0 43 2 2 0 2 2 0 23 0 14 28 41 16 6 0 0 0 0 0 0 0 0 0 0 0 0 0 0 0 0 0 2 0 0 0 0 0 0 14 0 0 0 0 0 0 23 0 0 0 0 0 0 0 0 0 0 0 0 0 0 9 0 0 0 0 0 0 0 2 0 0 0 1 0 0 0 0 0 0 2 0 2 111 1 0 9 1 1 0 0 0 0 0 0 0 0 5 0 0 0 0 0 0 0 0 0 0 0 0 11 0 0 0 0 0 0 0 0 0 0 0 0 0 0 
 282 190 202 0 85 397 117 197 164 411 199 152 66 151 263 134 153 320 81 145 0 0 0 0 0 0 74 0 0 0 3 0 0 0 2 0 2 1 23 73 0 0 0 0 0 0 0 72 0 0 0 2 0 2 0 0 3 5 0 0 0 0 2 0 0 2 0 0 3 2 0 0 0 3 0 49 0 1 0 2 6 26 23 10 43 30 0 1 9 42 51 23 2 0 0 20 0 14 0 0 27 0 0 0 0 0 8 0 0 0 0 0 22 19 15 0 0 0 34 44 0 0 0 1 0 0 0 0 0 0 0 0 0 0 0 0 0 16 0 0 0 0 0 0 0 0 0 0 0 0 0 0 0 1 0 0 7 0 0 0 19 2 0 15 55 30 0 2 24 10 0 26 0 0 0 19 0 1 5 0 20 0 0 1 0 0 0 0 26 4 0 0 25 14 0 0 0 0 17 0 0 0 0 0 0 0 0 0 0 0 0 0 0 0 0 0 0 0 0 0 0 0 0 0 0 0 2 0 0 0 0 0 0 0 0 0 0 0 0 0 0 0 0 0 0 0 1 0 0 87 10 17 0 0 0 0 0 0 0 0 0 0 0 0 0 0 0 0 0 0 0 0 0 0 0 0 12 21 0 0 0 0 0 0 0 0 0 0 0 0 
 40 60 143 85 0 70 65 150 64 263 147 292 77 269 91 143 40 50 323 76 1 16 74 0 0 0 114 0 0 0 2 0 220 2 76 35 0 0 36 107 1 0 1 0 57 0 0 1 0 4 0 0 0 67 0 0 2 0 0 0 0 0 3 1 0 2 0 0 0 3 0 0 0 3 0 3 0 0 0 2 0 0 0 16 7 16 0 0 0 0 24 10 0 0 1 0 0 0 0 0 0 36 0 0 0 0 10 11 1 0 3 0 31 8 4 0 18 4 23 30 0 0 0 0 0 0 0 0 0 0 0 0 0 0 20 0 0 0 0 0 0 0 0 6 0 0 0 0 0 0 2 0 0 0 2 0 0 0 0 0 0 0 2 0 13 1 0 0 0 0 14 0 0 1 0 0 0 0 0 0 8 0 58 12 0 0 0 16 0 19 0 0 4 26 0 33 10 9 7 35 0 0 0 0 0 0 0 0 0 0 0 0 0 0 0 0 0 0 1 0 0 0 0 0 0 0 0 0 0 0 0 0 0 0 0 0 0 0 0 0 0 0 0 0 0 4 87 0 17 97 0 18 0 0 0 0 0 0 0 0 0 0 0 0 0 0 0 0 0 0 0 0 0 0 0 15 0 0 0 0 0 19 0 0 0 24 0 0 0 0 
 42 115 44 397 70 0 250 163 67 239 183 282 30 143 144 50 84 205 40 252 1 77 74 2 0 0 75 77 0 77 3 0 0 0 1 77 0 2 83 0 1 0 0 0 0 0 0 31 0 0 0 0 0 0 0 0 3 5 0 0 0 0 3 0 0 2 0 0 0 3 0 0 0 3 0 0 0 0 0 7 0 28 53 0 57 2 2 0 0 30 72 22 0 0 0 17 0 23 0 0 26 0 33 0 0 11 0 17 0 0 0 0 29 61 27 0 0 0 6 2 0 0 0 55 0 0 0 0 0 0 11 0 0 0 0 0 2 18 0 0 0 0 0 0 0 0 0 0 2 0 0 0 0 0 0 0 19 0 0 0 1 1 0 12 23 29 0 1 6 1 0 9 0 1 0 13 22 7 22 0 31 24 25 11 0 0 2 0 13 12 0 0 11 23 0 0 0 0 15 0 0 0 0 0 0 0 0 0 0 0 0 0 0 0 0 0 0 0 0 0 0 0 0 0 0 0 0 0 0 0 0 0 0 0 0 0 0 0 2 0 0 0 0 0 0 0 1 1 1 1 26 3 0 0 0 2 0 0 0 0 0 0 0 0 0 0 4 0 0 0 0 0 0 0 0 0 33 13 0 0 0 0 0 0 0 7 0 0 0 0 
 283 67 491 117 65 250 0 102 75 47 85 354 315 277 40 340 347 615 359 53 0 0 0 0 2 0 0 0 0 0 2 0 0 0 0 2 1 0 0 0 0 0 0 0 0 0 0 0 0 0 0 0 0 0 0 0 2 1 0 0 0 0 3 0 0 2 2 0 3 3 0 0 2 3 0 1 0 0 0 2 48 27 39 0 0 0 23 20 13 23 28 0 15 20 0 24 0 31 0 0 0 0 0 0 0 0 0 0 0 0 0 0 0 0 0 0 3 0 0 0 2 0 0 0 0 0 0 0 0 0 0 0 0 0 0 0 0 0 0 0 0 0 0 0 2 0 0 0 0 0 0 0 21 0 0 0 0 0 0 0 29 19 1 2 11 11 28 19 8 2 0 26 11 24 16 2 0 22 39 25 0 0 0 0 0 0 0 0 0 0 0 0 0 0 0 0 0 0 5 0 0 0 0 0 0 0 0 0 0 0 0 0 1 0 0 0 0 0 0 2 0 0 0 0 0 0 1 0 1 0 0 2 18 0 0 1 0 0 0 0 0 0 0 0 0 2 0 2 10 2 0 2 0 0 0 0 0 0 0 0 0 0 0 0 0 0 0 0 0 0 0 0 0 2 0 0 0 0 0 0 0 0 0 0 0 0 0 0 0 0 
 61 159 102 197 150 163 102 0 314 250 53 88 107 143 373 144 132 131 166 218 1 0 0 0 2 0 0 0 0 0 3 0 0 0 0 0 0 0 0 0 0 0 0 0 0 0 0 0 0 0 0 0 0 0 0 0 3 0 0 24 0 0 2 0 0 2 0 0 0 2 1 0 0 3 0 0 0 0 0 3 10 16 0 15 13 34 12 0 11 15 0 37 11 24 27 15 25 18 20 0 0 0 0 0 0 0 0 0 1 0 0 0 0 3 9 15 0 0 9 0 0 0 0 0 0 0 0 0 0 0 0 0 0 0 0 0 0 0 0 0 0 0 0 0 0 0 9 0 0 0 5 0 0 0 0 1 0 0 0 2 14 9 20 0 29 3 33 14 17 18 0 7 1 1 0 9 16 2 19 0 1 0 0 0 0 0 9 0 0 0 0 0 24 28 2 0 0 0 10 34 0 0 0 0 0 0 0 0 0 0 0 0 0 0 0 0 0 2 0 0 2 0 0 0 0 0 0 0 0 0 0 0 0 0 0 0 0 0 0 0 0 9 0 0 0 2 0 0 0 89 0 6 0 2 0 0 0 0 0 2 0 0 0 0 0 0 0 0 0 0 0 0 0 0 0 0 51 0 0 0 0 0 0 0 0 0 0 0 0 0 
 423 198 78 164 64 67 75 314 0 89 239 72 85 284 270 344 56 81 186 170 1 1 0 0 0 1 0 3 0 0 3 31 0 0 0 0 2 2 0 0 0 0 0 0 0 0 0 0 0 0 0 0 0 0 0 0 3 9 0 2 0 0 2 0 0 2 0 0 0 2 0 0 0 3 0 0 0 0 0 2 3 3 2 21 51 8 14 15 0 20 52 23 18 0 10 62 49 34 32 1 18 0 0 0 0 0 0 0 0 0 0 0 19 12 0 0 0 0 0 9 0 1 0 0 0 0 0 0 0 0 0 0 0 0 0 0 0 0 0 0 0 0 0 0 0 1 8 1 0 0 30 1 0 0 0 0 1 0 0 0 20 31 28 13 20 1 16 2 15 13 5 9 0 9 0 12 26 13 0 0 2 0 11 0 0 0 18 0 0 0 0 0 10 35 0 0 0 0 16 7 0 7 2 0 0 0 0 0 0 0 0 0 0 0 0 1 0 0 0 0 0 0 0 0 16 0 0 0 0 0 0 0 0 0 0 0 0 0 0 0 0 0 0 0 0 0 0 1 1 1 27 8 17 0 0 0 0 0 0 0 0 0 0 0 0 0 0 0 0 0 0 0 0 0 0 0 0 0 0 0 0 0 0 0 0 0 0 0 0 0 
 490 43 202 411 263 239 47 250 89 0 281 47 61 405 370 608 273 102 200 111 62 0 0 0 0 0 0 0 0 0 4 0 1 0 74 2 1 0 31 1 0 0 0 0 0 0 0 62 0 0 0 0 0 0 0 0 2 0 0 0 0 0 3 0 0 2 0 9 0 3 3 0 0 3 0 1 0 0 0 2 0 11 0 0 28 11 42 40 19 1 5 34 0 0 50 0 0 1 16 0 3 2 0 0 0 0 24 4 0 0 0 0 0 39 27 0 1 0 8 21 0 0 0 0 0 0 0 0 0 0 0 2 0 0 0 0 0 9 0 0 0 0 0 0 0 0 0 0 0 0 0 0 0 0 0 0 0 0 0 0 0 23 9 0 11 0 16 0 0 27 0 11 0 25 0 0 87 10 18 11 1 0 0 0 0 0 16 0 15 3 0 0 2 1 0 0 0 0 0 0 0 0 0 0 0 2 0 0 0 0 0 0 0 0 2 0 0 0 0 0 0 0 0 0 0 0 0 0 0 0 0 0 0 0 0 0 9 0 0 0 0 6 0 0 1 1 48 2 2 1 16 12 0 0 0 0 0 0 0 0 0 0 10 0 0 0 0 1 0 0 0 0 0 0 0 10 14 0 0 0 0 0 0 0 0 0 0 0 0 0 
 245 336 219 199 147 183 85 53 239 281 0 157 47 349 48 80 192 351 103 67 0 0 0 0 0 0 0 0 0 0 2 104 17 72 2 0 1 0 149 20 33 0 0 0 0 0 0 0 0 8 0 0 0 0 0 0 2 0 0 0 0 0 3 0 0 2 0 0 0 3 0 0 0 3 0 2 0 0 0 2 10 19 17 9 22 5 25 28 0 0 24 38 1 0 8 28 1 0 0 2 11 1 0 0 0 0 10 0 0 0 0 0 0 1 11 0 0 0 17 22 0 0 0 0 0 0 2 0 0 2 15 0 0 0 0 0 0 0 0 0 0 0 0 0 0 0 0 0 0 0 0 0 0 0 0 0 6 0 0 0 18 18 0 1 19 12 16 5 12 9 25 36 7 13 0 0 10 13 0 0 11 0 0 0 0 0 0 0 0 20 0 0 1 13 18 0 0 0 9 12 0 0 0 0 2 0 0 0 0 0 0 0 0 0 0 0 0 0 0 0 0 0 0 0 0 0 0 0 0 0 0 0 0 0 0 0 0 0 0 0 0 0 0 0 0 1 2 0 0 1 18 1 14 0 0 0 0 0 0 0 0 0 0 0 0 0 0 0 0 0 0 0 0 0 0 15 0 28 0 0 0 9 0 0 0 0 0 0 0 0 
 47 49 265 152 292 282 354 88 72 47 157 0 126 124 203 129 96 91 32 264 12 0 0 0 0 0 25 0 0 0 2 0 74 1 74 2 0 1 9 74 0 0 0 0 0 0 0 63 0 0 0 0 0 0 0 0 2 1 0 0 0 0 3 0 0 2 0 0 0 3 0 0 2 3 0 2 0 0 0 2 21 44 37 30 1 3 0 6 11 11 56 3 1 0 0 23 0 0 0 0 2 0 0 0 0 0 0 9 0 0 0 0 38 37 25 0 0 0 0 9 2 0 0 0 0 0 1 0 0 0 0 0 0 0 0 0 0 0 0 0 0 0 0 0 1 0 0 0 0 0 0 0 0 0 0 0 29 0 0 0 0 16 0 2 1 14 0 6 11 18 0 14 0 0 0 9 77 28 0 0 36 0 14 13 0 0 0 0 14 2 0 0 29 26 0 4 0 0 37 9 0 0 0 0 1 0 0 0 0 0 0 0 0 0 0 0 0 0 0 0 0 0 0 0 0 0 1 0 0 0 0 2 0 0 16 0 0 0 4 0 0 0 0 0 0 2 1 2 1 178 0 15 0 0 0 0 0 0 0 0 0 0 0 0 0 0 0 0 0 0 0 0 0 2 0 1 0 11 0 0 0 0 0 0 0 62 0 0 0 0 
 415 136 575 66 77 30 315 107 85 61 47 126 0 320 360 78 131 347 443 202 0 0 0 0 0 7 0 0 2 0 2 0 88 0 0 1 2 0 0 0 0 0 0 0 0 0 0 1 0 0 0 0 0 0 0 0 3 0 0 0 0 54 4 0 43 2 3 0 18 3 0 0 0 3 0 0 0 0 0 2 30 15 35 0 0 0 24 21 44 2 0 1 18 45 16 31 7 10 10 12 0 0 0 0 0 0 0 0 0 0 0 0 0 0 0 0 0 0 0 0 0 0 0 0 0 0 1 0 0 0 0 0 0 0 0 0 0 0 0 0 0 0 0 0 0 0 3 0 0 1 3 0 0 0 0 0 0 0 0 0 10 7 16 14 0 0 21 24 14 9 15 17 20 26 21 0 0 42 25 26 0 0 0 0 0 0 0 0 0 0 14 0 0 0 0 0 0 0 9 0 0 0 0 0 1 0 0 0 0 0 2 0 0 0 0 0 0 0 0 0 0 0 0 0 0 0 0 0 0 0 0 0 0 0 0 0 0 0 0 0 0 0 0 0 0 2 0 2 2 2 0 5 0 0 0 0 0 0 0 11 0 0 10 0 0 0 0 0 0 0 0 0 0 0 0 15 0 0 0 0 0 0 0 0 0 0 0 0 0 0 
 158 360 83 151 269 143 277 143 284 405 349 124 320 0 316 122 99 162 336 194 0 0 0 0 0 0 0 0 0 0 3 0 0 2 0 0 1 0 0 0 0 0 0 0 0 0 0 0 0 0 0 0 0 0 0 0 3 2 0 0 0 0 2 0 2 2 0 0 0 2 5 0 0 3 0 0 2 0 0 2 64 0 22 24 1 0 4 30 13 56 18 0 0 0 29 44 8 0 8 8 0 0 0 0 0 0 0 1 0 0 0 1 0 0 0 0 0 2 0 0 0 0 2 0 12 0 0 0 0 0 0 0 0 0 0 0 0 19 0 0 0 0 0 0 0 21 0 0 0 0 0 0 2 0 0 0 0 0 0 0 0 3 50 27 0 10 68 11 19 15 8 19 0 15 0 15 7 15 7 0 0 0 0 0 1 0 0 0 0 0 13 0 0 0 0 0 0 0 23 7 0 0 0 0 0 0 0 0 0 2 0 0 0 0 0 0 0 0 0 0 0 0 0 0 0 0 0 0 0 22 0 0 0 0 0 0 0 0 0 1 0 0 0 0 0 4 0 2 3 2 1 5 16 0 0 0 0 0 0 0 0 0 0 0 0 0 0 0 0 0 0 0 0 0 0 1 1 0 0 0 0 0 0 0 0 0 0 0 0 0 
 134 354 158 263 91 144 40 373 270 370 48 203 360 316 0 179 675 129 339 181 0 0 0 0 0 20 0 0 0 0 2 0 0 0 0 0 0 0 1 0 0 0 0 0 0 0 0 0 0 0 0 0 0 0 0 0 3 0 0 0 0 0 2 0 0 55 0 0 0 2 0 0 0 3 0 0 0 1 0 40 0 31 0 13 13 18 22 12 32 26 0 15 19 15 10 22 27 33 32 1 0 0 0 0 0 0 0 0 0 2 0 0 0 12 11 0 0 0 14 0 0 0 0 0 0 0 0 0 0 0 0 0 0 0 0 0 0 10 0 0 0 0 0 0 0 0 8 0 0 0 2 0 0 0 0 0 0 0 1 0 0 0 10 7 0 0 20 10 0 15 13 0 8 9 8 13 11 0 17 9 0 0 0 0 0 0 8 0 0 0 11 0 13 32 0 0 12 0 1 0 0 0 0 0 0 0 0 0 0 0 0 0 0 0 0 0 0 0 0 0 0 0 0 0 0 0 0 0 0 0 0 0 0 0 0 0 0 1 0 0 0 10 0 0 0 5 0 4 2 7 0 5 0 0 0 0 2 0 0 0 0 0 12 0 2 0 0 0 0 0 0 0 0 0 0 13 32 0 0 0 0 0 0 0 0 0 0 0 0 0 
 138 41 268 134 143 50 340 144 344 608 80 129 78 122 179 0 136 123 79 205 0 0 0 0 0 0 0 0 0 0 3 0 0 73 0 0 0 0 73 62 6 0 0 61 0 0 0 0 0 7 0 0 0 0 0 0 3 0 0 0 0 0 2 0 0 2 0 0 0 2 0 0 0 3 0 51 0 0 0 2 0 28 10 5 17 18 0 18 24 1 11 71 8 22 44 15 7 27 10 15 18 0 0 0 0 0 1 0 0 0 0 0 18 0 0 0 0 0 0 0 0 0 0 1 0 0 0 0 0 0 0 0 0 0 0 0 0 2 0 0 0 0 26 0 0 0 4 0 0 0 3 0 0 2 0 0 0 1 0 0 12 0 0 8 10 5 11 11 8 0 11 7 1 8 0 19 0 1 0 0 0 0 0 0 0 0 16 0 0 0 0 0 13 24 11 0 0 0 0 0 0 0 0 0 0 0 0 0 0 0 0 1 1 0 0 0 0 0 0 0 0 0 0 0 0 0 0 0 0 1 0 0 0 0 0 0 0 0 0 0 0 0 0 0 0 0 2 0 86 1 0 4 0 0 0 0 0 0 0 0 0 0 0 0 0 0 0 0 0 0 0 0 0 0 0 16 0 0 0 0 0 0 0 0 0 0 0 0 0 0 
 298 133 60 153 40 84 347 132 56 273 192 96 131 99 675 136 0 204 223 439 0 0 0 0 0 1 0 0 0 0 3 0 0 0 0 0 0 0 0 24 0 0 0 0 2 2 0 0 3 0 0 0 2 0 0 0 3 0 1 0 0 0 2 1 0 2 0 0 0 2 0 2 0 3 0 0 0 0 0 2 9 39 0 0 1 11 20 26 31 12 0 0 6 1 0 47 23 16 32 33 0 0 0 0 1 0 9 0 0 0 0 0 0 0 0 0 15 0 15 7 0 0 0 0 0 0 1 0 0 0 0 0 0 0 0 0 1 13 0 0 2 0 0 0 0 0 12 0 1 0 9 0 0 0 0 0 1 0 0 0 30 15 0 25 29 23 19 8 23 0 22 14 13 3 0 14 17 19 58 14 5 0 0 0 0 0 0 0 0 0 0 0 0 0 0 2 1 2 0 0 0 0 0 0 0 0 0 0 0 0 0 0 0 0 0 0 0 0 0 0 0 0 0 0 0 0 0 0 0 0 0 0 0 0 2 0 0 0 0 0 0 0 0 0 0 0 2 0 0 1 2 19 0 0 2 0 0 0 0 0 0 0 5 0 0 0 0 0 0 0 0 0 0 0 0 0 32 0 0 0 0 0 0 0 0 0 0 0 0 0 
 155 75 45 320 50 205 615 131 81 102 351 91 347 162 129 123 204 0 115 251 20 4 2 0 0 1 0 0 0 3 2 0 0 0 73 0 0 0 0 74 1 1 0 0 0 0 0 0 0 0 0 0 0 0 2 0 3 7 0 0 0 0 3 0 0 2 0 0 0 3 0 17 0 3 0 0 0 0 0 2 8 26 21 20 16 18 0 12 14 41 29 17 0 1 28 28 0 2 0 14 19 0 0 0 0 1 25 2 0 0 0 2 19 0 24 0 0 1 20 13 0 0 0 0 0 0 0 0 0 0 0 0 0 10 0 0 0 0 0 0 0 0 0 0 0 0 0 0 3 0 0 0 0 0 0 0 0 0 0 0 0 1 9 12 0 16 1 6 16 25 0 3 0 39 0 30 31 6 0 0 1 0 0 0 0 0 8 0 2 0 0 0 23 0 0 0 0 0 19 9 0 0 0 0 0 0 0 0 0 1 0 0 0 0 0 0 0 0 0 0 0 0 0 0 0 0 0 0 0 0 0 0 0 0 0 0 0 0 0 2 0 0 0 0 0 0 11 0 2 87 1 8 0 0 0 0 0 0 0 0 0 0 0 0 0 0 0 0 0 0 0 0 0 0 0 0 0 0 0 0 0 0 0 0 0 0 0 0 0 0 
 196 131 330 81 323 40 359 166 186 200 103 32 443 336 339 79 223 115 0 336 0 0 0 0 5 0 2 0 0 0 4 0 0 0 3 4 1 2 0 2 0 0 2 60 0 0 2 0 3 0 3 0 0 0 0 0 6 0 0 0 0 0 2 0 0 2 0 0 1 4 0 0 0 3 1 1 1 0 0 2 10 29 0 2 5 0 54 55 25 0 10 4 20 10 31 24 7 10 31 0 0 0 0 0 0 0 0 0 0 0 0 0 0 0 0 0 0 0 0 1 0 0 0 0 0 0 0 0 0 0 0 0 0 0 0 0 0 0 0 0 0 0 0 0 0 0 10 0 0 0 7 0 0 0 0 0 0 0 0 0 1 72 25 0 0 0 34 7 0 0 21 9 0 23 21 1 29 14 11 15 0 0 0 0 0 0 0 0 0 0 0 0 0 0 0 2 0 2 0 0 0 0 0 0 0 0 0 0 0 22 0 0 0 0 0 0 0 0 0 0 0 0 0 0 0 0 0 0 0 0 0 0 0 0 2 0 0 0 0 0 0 6 0 0 0 2 0 2 1 2 1 6 43 1 0 0 0 0 0 0 0 0 7 0 0 0 0 0 0 0 0 0 0 0 0 26 0 0 0 0 0 0 0 0 0 0 0 0 0 0 
 137 45 214 145 76 252 53 218 170 111 67 264 202 194 181 205 439 251 336 0 0 0 0 0 0 0 0 0 0 1 2 1 0 2 0 0 2 2 1 0 0 0 0 0 0 0 0 0 0 0 0 0 0 0 1 0 2 1 0 0 0 0 3 0 0 2 1 0 0 3 0 0 0 3 0 1 0 1 0 2 11 12 0 3 1 0 31 9 16 0 0 0 18 28 13 29 25 14 100 8 0 0 0 0 0 0 0 0 0 0 0 0 0 0 0 0 0 0 0 0 0 0 0 0 0 0 0 0 0 0 0 0 0 0 0 0 0 0 0 0 0 0 4 0 0 0 3 0 0 0 4 0 0 0 0 0 0 0 0 0 0 0 27 0 0 0 35 17 0 0 19 0 0 12 0 0 13 0 30 13 0 0 0 1 0 0 0 0 0 0 0 0 0 0 0 2 1 0 0 0 0 0 0 0 0 1 0 0 0 0 0 0 0 1 0 0 0 13 0 0 0 0 0 0 0 0 0 0 0 0 0 0 0 0 0 0 0 0 0 0 0 6 0 0 0 3 2 0 0 0 0 3 0 0 0 0 0 0 0 0 0 0 7 0 0 0 0 0 0 0 0 0 0 0 0 20 0 0 0 0 0 0 0 0 0 0 0 0 0 0 
 0 0 0 0 1 1 0 1 1 62 0 12 0 0 0 0 0 20 0 0 0 273 254 364 254 260 284 135 134 256 216 29 131 165 222 120 40 72 129 129 0 0 0 0 0 65 0 2 3 0 0 11 2 2 3 3 0 0 2 0 0 0 0 0 0 0 2 0 0 2 0 0 0 0 0 0 0 3 0 0 0 0 1 0 0 45 14 5 0 0 1 9 0 0 0 0 0 13 0 0 15 20 19 17 16 13 11 8 24 23 33 0 7 21 14 9 13 37 1 15 0 0 0 0 0 0 0 0 0 0 0 0 0 0 1 0 0 0 9 0 1 0 0 0 0 0 13 0 0 0 0 2 0 0 0 0 9 0 0 0 0 0 7 13 13 13 0 0 0 14 0 0 0 0 1 0 24 6 0 0 17 35 0 0 34 33 20 17 19 12 15 0 0 2 0 21 11 0 7 0 0 0 0 0 0 0 0 0 0 0 0 0 17 0 0 0 0 0 0 0 0 0 0 0 0 0 0 0 0 0 0 1 0 0 0 0 0 0 0 1 0 0 9 0 0 0 24 0 0 0 0 0 0 0 0 0 0 78 116 2 0 0 0 0 0 0 0 0 0 0 0 0 0 0 0 0 0 0 0 0 0 0 0 0 0 0 0 0 0 0 
 0 0 0 0 16 77 0 0 1 0 0 0 0 0 0 0 0 4 0 0 273 0 175 237 54 37 148 243 248 209 118 58 107 48 192 232 101 61 189 93 2 0 0 6 0 0 0 2 6 0 0 10 3 4 3 21 0 0 3 4 0 0 0 0 0 0 3 0 0 2 0 0 0 0 0 51 0 3 0 8 0 0 0 0 48 4 0 0 0 0 0 0 0 0 0 0 0 0 0 0 14 29 23 19 0 23 13 17 7 10 0 0 11 14 21 11 8 3 12 0 0 0 0 0 0 0 0 0 0 0 0 0 0 0 1 0 0 0 0 0 1 0 0 3 0 0 0 0 0 0 0 2 0 0 0 0 0 0 0 1 0 0 4 0 30 0 0 1 0 0 0 0 0 0 2 0 0 0 0 0 9 19 34 14 1 20 0 60 10 6 36 14 1 0 13 17 14 9 20 12 0 0 0 0 0 0 20 0 0 0 0 0 28 0 0 0 0 0 1 0 0 0 0 0 0 0 0 0 0 0 0 1 0 0 0 0 0 0 0 1 0 0 0 0 0 0 0 0 0 0 0 0 0 0 13 0 0 1 82 2 12 0 0 0 0 0 10 0 0 0 0 0 0 0 0 0 0 0 0 38 0 0 0 0 0 0 0 0 0 0 
 0 0 0 0 74 74 0 0 0 0 0 0 0 0 0 0 0 2 0 0 254 175 0 94 35 54 148 263 88 151 215 57 144 213 34 193 211 182 135 280 0 0 0 8 0 0 0 1 3 0 1 36 2 2 2 5 0 0 66 8 0 0 0 0 0 0 3 0 0 2 0 0 0 2 4 0 0 3 4 7 0 0 0 0 9 17 0 0 0 0 0 0 0 0 0 0 0 0 12 0 1 66 12 19 7 12 20 42 31 29 39 30 15 17 13 42 33 29 0 1 1 0 0 0 19 0 0 0 0 0 0 10 0 1 0 0 0 0 7 0 0 0 0 0 0 0 0 0 2 0 0 2 0 3 0 0 0 0 0 0 0 2 0 0 12 0 0 0 0 0 0 0 0 0 0 0 0 0 0 2 13 31 20 0 11 27 16 28 45 20 30 0 22 14 0 14 2 1 0 34 0 0 0 0 0 0 0 0 38 0 0 0 2 0 0 0 0 0 20 0 0 0 0 0 0 12 0 0 0 5 0 1 0 0 0 0 0 0 0 0 0 0 0 0 0 2 0 0 0 0 0 0 2 0 2 0 0 1 5 0 2 0 0 0 0 0 10 2 0 0 0 0 0 0 0 0 0 0 0 0 0 0 0 0 0 19 0 0 0 0 
 0 0 0 0 0 2 0 0 0 0 0 0 0 0 0 0 0 0 0 0 364 237 94 0 165 259 68 388 679 277 86 78 61 356 164 419 416 378 291 149 0 0 3 0 0 0 0 3 3 0 0 11 5 7 2 2 3 3 4 0 0 3 0 0 0 0 6 3 0 2 2 0 0 5 0 0 0 5 2 0 0 0 0 0 0 0 0 6 15 0 0 0 0 0 0 0 0 0 0 0 28 2 51 46 59 8 19 1 39 30 14 0 0 19 0 39 0 36 0 0 12 0 9 0 0 0 12 0 0 0 0 0 0 0 15 2 0 0 16 11 5 0 0 0 0 0 12 0 0 2 0 0 0 0 0 0 0 0 0 0 0 0 8 0 0 0 0 0 0 0 0 0 0 0 4 0 0 0 0 0 22 12 17 53 11 12 34 34 1 11 19 56 14 0 24 14 51 23 0 0 7 0 0 0 0 0 26 0 0 0 0 0 1 8 0 7 0 0 19 18 0 0 0 0 0 0 0 0 0 0 0 0 0 0 0 0 0 0 0 0 0 0 9 0 0 1 0 0 0 0 0 0 0 0 3 0 2 81 1 2 15 2 0 0 0 0 2 0 0 0 0 0 0 0 1 0 1 0 0 17 0 0 0 0 0 0 0 0 0 0 
 2 0 0 0 0 0 2 2 0 0 0 0 0 0 0 0 0 0 5 0 254 54 35 165 0 163 68 163 143 72 170 92 77 269 94 122 44 177 79 382 63 28 1 0 0 0 68 1 197 0 0 3 25 2 86 95 1 0 66 1 0 0 0 0 0 0 2 0 0 2 0 0 0 0 0 0 22 3 0 0 9 0 0 0 0 0 0 0 0 0 0 0 0 0 0 0 0 0 0 0 0 0 0 20 34 0 0 0 0 4 0 12 2 0 0 19 0 0 0 0 39 6 20 0 3 0 37 27 0 15 0 0 61 0 12 0 21 2 11 13 18 2 0 0 0 0 0 0 0 0 0 0 0 0 0 0 0 0 0 0 0 0 0 0 0 0 0 0 0 54 0 0 0 0 0 0 1 2 0 0 0 0 0 19 11 9 0 17 0 1 28 1 0 0 0 0 0 35 0 0 83 14 7 19 2 0 11 1 22 0 0 0 11 5 0 17 32 0 70 20 0 0 0 0 0 0 0 0 0 0 0 0 0 0 0 0 0 14 0 0 0 0 0 0 0 0 0 0 0 0 0 0 0 0 14 4 1 86 0 2 1 0 0 0 0 16 0 0 0 0 0 0 0 0 0 0 0 0 0 0 0 2 0 0 0 0 0 0 0 0 
 0 0 0 0 0 0 0 0 1 0 0 0 7 0 20 0 1 1 0 0 260 37 54 259 163 0 38 57 34 61 324 427 51 30 32 289 357 150 37 46 63 28 0 0 0 0 90 2 56 0 74 4 37 295 65 0 55 0 72 187 6 0 0 0 0 0 2 0 0 2 0 0 0 0 0 0 0 3 0 0 23 0 0 0 0 0 0 2 2 0 0 0 0 0 0 0 0 0 0 0 0 0 7 0 35 21 0 0 9 18 0 14 0 0 0 38 0 0 0 0 1 32 0 46 21 0 39 1 0 13 9 0 28 56 31 14 12 1 1 1 0 14 17 0 0 0 0 0 0 0 0 0 0 0 0 0 0 0 0 0 0 1 0 0 0 0 0 15 0 3 0 1 0 0 0 0 0 0 0 0 0 0 0 0 13 0 0 0 0 0 0 10 0 0 0 0 0 0 0 0 35 17 22 5 0 1 0 8 1 15 16 1 36 0 16 31 12 15 0 0 0 0 0 0 0 0 0 0 0 15 0 0 0 1 0 0 0 0 0 0 0 0 14 0 0 0 0 0 0 0 0 0 0 0 7 1 2 0 4 1 2 0 0 0 0 0 0 0 0 0 54 0 0 0 0 0 0 0 0 13 0 0 0 0 23 0 0 0 0 0 
 0 0 0 74 114 75 0 0 0 0 0 25 0 0 0 0 0 0 2 0 284 148 148 68 68 38 0 240 138 125 133 23 157 210 194 298 145 186 59 267 0 0 0 0 0 0 0 2 3 0 1 3 2 2 2 5 0 0 2 3 0 0 0 0 0 0 2 0 0 2 0 0 0 58 0 0 0 3 0 26 0 0 0 19 0 17 0 0 0 0 1 0 0 0 0 0 0 0 0 0 13 2 17 1 0 22 10 51 29 2 19 26 42 12 13 12 18 32 0 8 1 0 20 0 0 0 0 0 0 0 0 0 0 0 0 2 0 0 0 0 0 0 0 0 0 0 0 0 0 2 0 0 0 0 0 0 0 0 0 0 0 0 0 0 11 0 0 0 0 0 0 0 0 0 0 0 0 0 0 0 41 20 18 0 0 9 15 26 0 7 11 0 10 14 8 5 13 2 21 10 0 2 0 0 0 0 0 0 0 0 0 0 16 0 0 0 0 0 0 1 0 0 0 0 0 0 0 0 0 0 0 0 1 0 0 0 0 0 0 0 0 0 0 0 0 0 0 0 0 74 0 0 0 0 2 0 2 2 76 2 0 9 1 0 0 0 10 0 0 0 0 0 0 0 0 0 0 0 0 0 0 0 0 0 0 13 0 0 0 0 
 2 4 0 0 0 77 0 0 3 0 0 0 0 0 0 0 0 0 0 0 135 243 263 388 163 57 240 0 274 277 191 247 388 191 142 196 41 32 89 138 2 0 0 3 0 0 0 2 6 3 2 19 3 7 2 1 0 0 3 1 4 0 0 0 0 0 3 0 0 5 0 4 0 0 0 0 0 3 0 12 0 0 0 0 0 0 0 0 0 0 0 0 0 0 0 0 0 0 0 0 10 20 40 31 34 12 0 23 15 33 20 9 14 49 0 20 0 47 0 0 26 0 0 0 0 0 0 0 0 0 0 0 0 0 0 0 0 0 17 0 6 0 1 0 0 0 14 0 0 0 0 0 0 10 0 0 0 0 0 0 0 0 1 0 16 0 0 0 0 0 0 0 0 0 0 0 0 0 0 0 25 36 23 24 26 65 2 21 2 30 50 17 0 0 27 23 49 0 0 0 19 0 12 0 0 0 0 0 0 0 0 0 14 17 0 0 0 0 0 0 0 0 0 0 0 0 1 0 0 0 0 0 2 6 0 1 0 0 0 0 0 0 9 0 0 2 0 0 0 0 0 0 0 0 7 0 0 120 84 2 0 9 1 0 0 0 13 0 0 0 0 0 0 0 0 0 0 0 0 0 0 0 0 0 0 0 0 0 0 0 
 0 0 2 0 0 0 0 0 0 0 0 0 2 0 0 0 0 0 0 0 134 248 88 679 143 34 138 274 0 241 60 46 176 50 155 237 377 75 88 65 0 0 0 0 0 0 0 1 3 0 0 7 2 3 47 4 0 0 64 1 0 0 0 0 0 0 3 0 0 2 0 0 0 0 0 0 0 3 0 0 0 1 0 0 0 0 0 0 0 0 0 0 0 0 0 0 0 0 0 0 0 6 0 10 28 29 1 22 11 9 19 26 0 2 0 0 0 25 0 0 35 0 0 0 0 0 0 0 0 0 0 0 0 7 0 0 0 0 9 0 6 0 0 0 0 0 2 0 0 0 0 0 0 0 0 0 0 0 0 0 0 0 0 0 0 0 0 0 0 14 0 0 0 0 0 1 0 0 0 0 4 1 0 26 9 2 0 31 1 11 36 10 1 0 17 0 32 8 2 0 19 1 0 0 0 0 22 0 0 0 0 0 25 14 0 0 2 0 8 1 0 0 0 0 0 0 0 0 0 0 0 0 0 0 0 0 0 0 0 0 0 0 8 0 0 0 0 0 0 0 0 0 0 0 0 0 2 43 81 0 0 10 0 0 0 0 0 0 0 0 0 0 0 0 0 0 0 2 0 0 0 0 0 0 0 0 0 0 0 0 
 0 0 0 0 0 77 0 0 0 0 0 0 0 0 0 0 0 3 0 1 256 209 151 277 72 61 125 277 241 0 97 46 47 80 102 266 147 47 266 118 0 0 0 0 1 0 0 2 3 0 0 3 2 2 4 3 0 2 2 4 48 0 0 0 0 0 2 0 0 42 0 0 0 0 0 0 0 3 26 3 0 0 0 0 1 0 0 0 0 0 0 0 0 0 0 0 0 0 0 0 12 0 13 40 18 11 13 25 20 35 2 0 0 15 46 15 0 2 0 0 19 0 2 0 0 0 19 0 0 0 0 0 0 0 6 0 0 0 4 0 6 0 0 0 0 0 0 0 0 0 0 0 0 0 0 0 0 1 0 0 0 0 6 0 28 0 0 0 0 0 0 0 0 0 7 0 0 0 0 0 0 28 29 31 0 24 3 36 21 1 41 13 0 0 18 1 6 22 0 15 17 0 0 2 0 0 5 0 0 0 0 0 12 4 0 11 0 2 0 15 0 0 0 0 0 0 0 0 0 0 0 0 0 0 0 0 0 0 0 0 0 0 0 0 0 0 0 0 0 1 0 0 2 0 7 0 0 75 3 1 17 0 0 0 0 0 43 0 0 2 0 0 0 2 0 0 0 0 0 23 0 0 0 0 0 0 0 0 0 0 
 2 3 2 3 2 3 2 3 3 4 2 2 2 3 2 3 3 2 4 2 216 118 215 86 170 324 133 191 60 97 0 581 111 165 136 397 310 356 58 133 0 0 0 0 0 0 68 2 3 0 0 7 2 3 4 4 0 0 64 0 0 0 0 0 0 0 2 0 0 2 3 0 27 0 0 0 0 3 0 0 0 0 0 14 10 0 0 12 1 0 0 0 0 0 0 0 0 0 10 0 0 59 20 13 0 31 0 38 13 17 24 12 0 3 0 75 0 10 0 0 2 13 7 2 0 0 9 0 0 0 0 0 0 0 6 23 34 0 1 12 0 0 0 0 0 0 2 0 0 0 0 0 0 10 0 0 0 0 0 0 0 0 0 0 0 0 0 0 0 2 0 2 0 0 0 0 0 0 0 2 16 19 9 1 23 15 0 18 36 7 30 0 0 0 0 12 0 11 0 18 0 1 0 0 0 0 2 0 0 0 1 0 38 15 2 1 0 0 12 0 0 0 0 0 0 0 0 0 0 0 0 0 0 2 0 0 0 0 0 0 0 0 8 0 0 0 0 0 0 0 0 0 0 0 2 0 0 82 44 3 6 0 0 0 0 0 0 0 0 0 0 0 0 0 0 0 0 0 0 15 0 0 0 0 0 0 17 0 0 0 
 0 0 0 0 0 0 0 0 31 0 104 0 0 0 0 0 0 0 0 1 29 58 57 78 92 427 23 247 46 46 581 0 25 243 30 283 137 371 40 57 68 26 0 0 0 0 131 1 3 0 1 3 25 4 2 0 9 0 91 61 9 0 0 0 0 0 2 0 0 2 0 0 0 0 0 0 0 3 0 0 0 0 0 0 0 2 0 0 0 0 0 2 0 0 0 0 0 0 0 0 0 0 11 0 19 67 0 0 11 12 1 14 0 0 31 27 0 0 0 0 22 4 1 70 0 0 25 13 5 0 0 0 0 35 29 69 12 0 53 37 0 62 0 0 0 2 2 0 0 0 0 0 0 0 0 0 0 2 0 0 0 0 0 0 0 0 0 0 0 0 0 0 0 0 0 19 0 0 0 0 0 2 0 0 9 18 0 0 0 0 0 10 0 0 0 0 0 0 0 0 33 9 0 11 0 0 19 0 0 0 0 0 15 8 22 21 0 1 3 20 0 0 1 0 0 0 7 6 2 0 0 0 0 0 0 0 0 0 0 0 0 0 15 0 0 0 0 0 0 0 0 0 0 0 6 0 1 2 2 4 3 0 0 0 0 0 0 0 0 0 0 0 0 0 0 0 0 0 0 0 0 0 0 0 22 0 0 0 0 0 
 0 0 0 0 220 0 0 0 0 1 17 74 88 0 0 0 0 0 0 0 131 107 144 61 77 51 157 388 176 47 111 25 0 332 375 127 46 183 280 47 0 0 63 0 0 62 0 1 3 3 0 3 2 4 2 0 0 0 2 0 2 0 0 0 0 0 2 6 0 2 2 2 0 0 3 0 0 3 0 2 0 0 0 14 4 0 0 0 0 0 0 0 0 0 0 0 0 4 0 0 7 22 0 16 39 0 33 27 21 12 17 10 8 9 12 31 44 38 26 16 0 0 0 0 0 0 0 0 0 0 0 0 0 0 0 0 0 0 0 0 0 0 0 4 0 0 0 0 0 0 0 0 0 0 0 0 0 0 0 0 0 0 0 0 0 0 0 0 0 0 9 0 0 0 0 0 0 0 0 0 10 13 0 0 8 25 25 39 31 31 7 15 35 0 27 29 29 18 8 53 0 0 0 0 0 0 28 0 0 0 0 0 1 0 0 0 0 0 29 0 0 0 0 0 0 0 0 0 0 0 14 0 0 0 0 0 0 0 0 0 0 0 0 0 0 0 16 0 0 1 0 0 0 0 5 0 0 7 0 0 0 1 0 0 0 0 0 0 0 0 0 0 0 0 0 0 0 0 0 0 0 8 0 0 0 0 0 0 0 0 
 0 0 0 0 2 0 0 0 0 0 72 1 0 2 0 73 0 0 0 2 165 48 213 356 269 30 210 191 50 80 165 243 332 0 84 48 257 36 194 164 1 0 0 0 0 0 0 2 3 4 5 3 2 2 2 0 0 0 73 0 0 0 0 0 0 0 3 0 0 2 0 0 0 0 0 0 0 3 0 0 0 0 2 6 0 19 0 0 0 0 0 0 0 0 0 0 0 13 0 0 17 24 2 19 24 10 18 19 29 37 16 31 0 21 0 32 9 22 9 0 0 0 0 0 0 0 0 0 0 0 0 0 0 1 0 0 0 0 0 0 0 0 0 0 0 0 0 0 0 0 0 0 0 0 0 0 0 0 0 0 0 0 0 0 2 6 0 0 0 0 13 0 0 0 1 0 0 0 0 0 19 28 5 0 12 46 45 33 41 125 9 24 24 6 40 24 6 0 0 24 0 0 0 0 0 0 15 0 0 0 0 0 5 0 0 0 0 0 15 0 0 0 0 2 0 0 0 0 0 0 0 0 1 0 1 0 0 0 2 0 0 0 0 0 0 0 73 0 0 0 0 0 0 0 3 0 0 73 1 0 1 1 0 0 0 0 0 0 0 0 0 0 0 0 0 0 0 0 0 0 0 13 0 0 0 0 0 0 0 0 
 0 0 0 2 76 1 0 0 0 74 2 74 0 0 0 0 0 73 3 0 222 192 34 164 94 32 194 142 155 102 136 30 375 84 0 138 123 112 184 93 0 0 205 0 0 65 0 4 3 1 0 26 2 3 2 49 0 0 3 0 0 0 0 0 3 0 3 0 1 2 7 2 0 0 0 0 0 3 0 0 0 1 1 18 0 8 0 0 1 0 0 12 0 0 0 0 0 0 0 22 0 19 10 11 17 21 12 39 1 9 4 0 18 7 25 19 27 21 32 22 2 0 0 1 0 0 0 0 0 0 0 0 0 0 4 0 0 0 0 0 0 10 0 2 0 0 0 0 10 0 0 0 0 0 0 0 0 0 0 0 0 0 0 0 0 1 0 0 0 8 0 2 0 0 0 0 0 0 0 2 6 13 0 0 13 19 12 18 0 0 33 17 10 0 38 28 22 29 5 0 0 1 0 0 0 0 2 0 1 0 1 0 27 0 2 0 0 0 19 0 0 0 0 0 0 0 0 0 0 0 0 0 0 2 0 14 0 0 0 0 0 0 8 0 0 0 73 0 0 0 0 0 0 0 4 0 0 100 50 2 3 0 0 0 0 0 0 0 0 0 0 0 0 0 0 0 0 1 0 0 0 0 0 0 0 0 3 0 0 0 
 0 2 0 0 35 77 2 0 0 2 0 2 1 0 0 0 0 0 4 0 120 232 193 419 122 289 298 196 237 266 397 283 127 48 138 0 100 111 406 156 0 0 0 0 0 0 0 2 3 0 0 3 2 2 2 4 0 0 3 1 0 3 0 0 0 0 3 0 0 2 0 0 0 0 0 0 0 3 0 2 0 0 0 0 11 0 0 0 0 0 0 0 0 0 0 0 0 2 0 0 14 26 19 11 1 25 14 13 7 22 0 0 10 11 11 12 4 1 14 0 0 0 0 0 0 0 0 0 0 0 0 0 0 0 0 19 0 0 1 0 0 0 0 4 0 0 0 0 0 16 0 0 0 1 15 0 0 0 0 0 0 0 4 0 0 0 0 0 0 0 0 0 0 0 2 0 0 0 0 0 10 33 25 15 0 21 6 32 21 5 15 14 1 0 18 24 8 3 0 30 0 0 0 0 0 1 4 0 0 0 3 2 23 0 0 0 0 0 2 0 0 0 0 0 0 9 0 0 0 0 0 0 0 0 0 0 0 0 0 0 0 0 0 0 0 0 0 0 0 0 0 0 0 8 5 2 0 0 73 0 15 0 0 0 0 0 28 0 0 0 0 0 0 0 0 0 0 0 0 18 0 0 0 0 0 0 0 0 0 0 
 1 0 1 2 0 0 1 0 2 1 1 0 2 1 0 0 0 0 1 2 40 101 211 416 44 357 145 41 377 147 310 137 46 257 123 100 0 77 103 456 0 0 0 0 0 0 66 1 3 0 0 3 2 2 2 12 0 0 2 2 0 0 0 0 0 0 2 0 0 2 0 0 0 0 0 0 0 3 0 0 0 0 0 0 0 0 0 0 0 0 0 0 0 0 0 0 0 0 0 0 12 4 29 0 0 49 41 25 0 0 0 0 0 9 38 29 9 13 13 0 0 11 0 0 2 0 9 1 0 0 0 0 0 0 0 31 0 0 13 12 0 0 0 0 1 0 0 0 0 14 0 0 0 0 0 2 0 0 0 0 0 0 15 0 3 0 0 0 0 0 0 0 0 0 4 0 0 0 0 0 7 12 24 14 20 20 0 7 20 1 34 12 25 0 38 0 2 13 0 1 0 0 0 7 0 0 0 0 0 0 16 0 15 0 0 13 0 0 15 2 0 0 0 0 1 1 0 0 0 2 0 0 0 0 0 0 0 0 0 0 0 0 0 0 0 0 0 0 0 0 0 0 0 0 2 3 1 0 82 0 14 0 0 0 0 0 0 0 0 0 0 0 0 0 0 0 0 0 0 0 0 0 0 0 1 0 0 0 0 2 
 0 3 1 1 0 2 0 0 2 0 0 1 0 0 0 0 0 0 2 2 72 61 182 378 177 150 186 32 75 47 356 371 183 36 112 111 77 0 134 47 0 0 0 0 0 0 0 2 3 0 0 3 2 15 2 0 0 0 63 27 0 0 0 0 0 0 2 0 0 2 0 0 0 0 8 0 0 3 0 0 0 0 0 0 3 13 0 0 0 0 0 0 0 0 0 0 0 0 0 0 11 31 3 0 41 10 16 24 28 11 16 43 0 9 0 33 8 6 0 0 61 0 1 0 0 0 10 0 0 0 0 0 2 8 8 0 0 0 0 10 0 0 0 0 0 0 0 0 0 0 0 0 0 0 0 0 0 0 0 0 0 0 0 0 0 0 0 0 0 0 0 0 0 0 0 0 0 0 0 0 0 33 10 0 10 11 9 37 19 31 6 33 32 0 49 31 3 0 1 0 13 20 0 0 0 0 28 0 0 0 0 0 33 0 0 0 1 0 55 0 0 0 0 0 0 21 0 0 0 0 0 0 0 0 0 0 0 0 0 0 0 0 2 0 0 0 0 0 0 0 0 0 0 29 8 0 3 149 0 0 4 1 0 0 0 0 0 0 0 0 0 0 0 0 0 0 0 0 0 0 0 0 0 0 0 0 0 0 0 0 
 0 0 0 23 36 83 0 0 0 31 149 9 0 0 1 73 0 0 0 1 129 189 135 291 79 37 59 89 88 266 58 40 280 194 184 406 103 134 0 255 1 0 0 0 0 0 0 63 3 4 0 3 2 2 2 0 0 0 4 0 0 3 0 0 0 0 3 0 0 2 0 0 0 4 0 0 0 3 4 1 0 0 0 6 30 6 0 0 0 0 0 0 0 0 0 0 0 18 0 0 20 15 19 2 0 26 25 21 0 17 0 0 31 26 2 0 6 35 26 11 0 0 0 0 0 0 0 0 0 0 0 0 0 0 0 0 0 0 0 0 0 0 0 4 0 0 0 0 0 0 0 0 0 0 0 0 0 0 2 2 0 0 6 0 10 6 0 0 0 0 12 7 0 0 4 0 0 0 0 0 12 18 18 20 3 0 27 14 33 21 0 14 14 6 26 10 36 1 1 49 2 0 0 0 0 0 12 1 0 0 0 0 0 0 0 0 0 0 0 0 0 0 0 0 0 0 0 0 0 0 2 0 0 0 0 0 0 0 0 0 0 0 0 0 0 0 73 0 0 0 19 1 0 2 0 0 0 0 0 2 11 1 0 0 0 0 0 0 0 0 0 0 0 0 0 0 0 0 0 0 0 13 0 0 0 1 0 0 0 0 
 2 72 0 73 107 0 0 0 0 1 20 74 0 0 0 62 24 74 2 0 129 93 280 149 382 46 267 138 65 118 133 57 47 164 93 156 456 47 255 0 0 0 0 0 0 0 0 3 3 5 31 3 2 2 2 0 0 0 4 0 20 0 0 0 0 0 3 0 0 2 0 0 0 0 0 0 0 3 0 0 0 12 0 0 0 31 0 0 0 9 0 0 0 0 0 0 0 11 0 0 10 1 25 21 0 0 44 11 15 20 0 0 29 11 1 36 1 11 26 62 1 0 0 0 0 0 0 0 0 0 0 0 0 0 0 12 0 0 0 0 0 2 0 0 0 0 0 0 0 0 0 0 0 0 0 0 0 0 0 0 0 0 7 11 0 11 0 0 11 0 28 1 16 0 11 0 0 2 0 0 5 11 40 29 30 28 0 12 29 9 12 0 9 11 28 0 17 0 0 11 0 0 0 0 2 0 0 0 21 0 0 0 0 0 0 0 0 0 14 0 0 0 0 0 0 0 0 0 0 0 0 0 0 0 0 0 0 0 0 0 0 0 0 0 0 0 17 0 0 0 0 0 0 0 8 0 0 2 3 0 18 0 0 0 0 0 0 0 0 0 0 0 0 0 0 0 0 0 0 0 0 9 0 0 0 11 0 0 0 0 
 0 63 0 0 1 1 0 0 0 0 33 0 0 0 0 6 0 1 0 0 0 2 0 0 63 63 0 2 0 0 0 68 0 1 0 0 0 0 1 0 0 246 127 61 67 40 176 133 169 188 61 37 409 55 135 97 34 38 129 108 0 0 0 0 2 0 0 0 0 11 0 0 0 0 0 0 18 0 69 0 0 0 0 7 3 11 0 0 0 1 0 10 0 0 0 0 0 3 0 0 2 0 0 10 0 0 0 0 0 0 0 0 2 0 0 0 18 0 0 0 51 17 42 4 23 0 12 17 0 24 33 8 2 16 19 24 4 7 19 0 0 0 0 0 0 0 0 0 0 0 0 0 0 0 0 0 0 0 0 0 0 0 0 0 32 8 0 0 0 0 0 0 0 0 0 0 8 0 0 0 0 0 0 14 0 20 3 0 0 0 0 0 21 32 4 0 0 0 0 0 68 17 1 28 11 1 19 9 15 21 2 18 0 0 25 1 40 29 0 35 7 0 0 0 0 0 0 0 0 0 0 0 0 0 0 0 0 0 2 0 0 0 0 0 0 0 2 0 0 0 0 13 0 1 0 0 0 0 0 0 2 0 0 1 2 1 1 0 0 0 0 0 0 0 0 0 0 0 0 0 0 0 0 0 0 0 0 17 0 0 
 0 0 0 0 0 0 0 0 0 0 0 0 0 0 0 0 0 1 0 0 0 0 0 0 28 28 0 0 0 0 0 26 0 0 0 0 0 0 0 0 246 0 82 63 31 25 163 183 152 109 142 158 139 108 107 158 26 35 403 261 3 0 0 4 6 0 0 0 0 0 2 0 0 0 0 0 0 0 0 0 0 0 0 0 0 0 0 0 9 0 0 0 0 0 0 0 0 0 0 0 0 0 0 0 0 14 0 0 0 0 0 0 0 0 0 0 0 0 0 0 11 20 31 8 14 0 0 18 4 0 12 40 21 48 19 0 0 0 0 0 0 7 0 0 0 0 12 0 0 0 0 0 0 0 0 0 0 0 3 21 0 0 0 0 0 0 0 0 0 0 0 0 0 0 0 15 12 0 0 0 0 0 0 0 0 0 0 0 0 0 0 0 0 0 0 0 0 0 0 0 41 1 19 0 0 38 0 17 42 0 26 9 3 1 9 0 67 15 36 24 0 0 0 0 0 0 0 1 0 0 0 0 0 0 0 0 0 0 0 0 0 0 0 0 0 0 0 0 0 0 0 7 0 2 0 0 0 0 0 0 0 0 0 68 0 0 0 0 0 0 0 0 0 0 0 0 0 0 0 0 0 0 0 0 31 0 0 0 0 0 
 0 0 14 0 1 0 0 0 0 0 0 0 0 0 0 0 0 0 2 0 0 0 0 3 1 0 0 0 0 0 0 0 63 0 205 0 0 0 0 0 127 82 0 212 57 400 58 147 138 73 29 317 70 127 54 118 166 298 25 112 0 0 0 0 0 0 0 9 0 0 0 0 51 0 53 0 0 2 52 0 0 0 0 0 0 0 0 0 0 0 0 0 0 0 0 0 0 0 0 0 0 0 0 0 0 0 0 0 0 0 0 0 0 0 0 0 0 0 0 0 0 11 10 8 9 0 0 9 11 2 10 13 0 1 1 0 23 1 0 0 47 0 10 0 0 0 0 44 16 0 0 0 9 0 7 0 0 0 6 8 0 0 0 0 0 0 0 0 0 0 0 0 0 0 0 0 0 0 0 0 0 0 0 0 0 0 0 0 0 0 0 0 0 0 0 0 0 0 0 0 0 14 0 15 30 0 0 1 0 1 1 10 0 9 10 0 11 29 0 1 0 0 24 0 0 0 13 14 24 0 0 0 22 9 0 0 5 0 12 26 0 0 0 0 0 0 0 0 0 0 0 6 0 2 0 0 0 0 0 0 0 0 0 0 0 1 2 5 2 0 0 0 0 0 0 0 0 0 0 0 0 0 0 0 11 0 0 1 0 0 
 0 0 0 0 0 0 0 0 0 0 0 0 0 0 0 61 0 0 60 0 0 6 8 0 0 0 0 3 0 0 0 0 0 0 0 0 0 0 0 0 61 63 212 0 179 51 300 193 142 316 58 119 155 164 45 142 92 176 62 93 60 0 0 0 0 0 4 0 2 0 0 0 0 1 0 0 2 0 0 1 0 0 0 0 0 0 0 0 0 0 0 0 0 0 0 0 0 0 0 0 0 0 0 0 0 0 0 0 0 2 0 0 0 0 0 0 0 0 0 0 2 0 10 4 29 16 0 0 11 16 0 9 0 14 0 11 0 12 0 0 15 0 12 3 0 2 10 0 4 0 0 6 12 10 3 0 3 0 5 0 0 3 0 0 0 3 0 0 0 0 0 0 0 0 0 0 0 0 0 0 0 0 0 0 0 0 0 0 0 0 0 0 0 0 0 0 0 0 0 0 0 41 10 0 13 10 0 7 10 31 0 9 0 2 9 0 0 32 0 0 13 7 9 0 0 0 0 13 0 0 0 0 32 2 0 12 0 3 38 27 0 0 0 0 0 0 0 0 0 0 0 15 0 0 0 0 0 0 0 12 0 0 17 64 0 14 0 2 0 0 2 0 0 0 0 0 0 0 0 0 0 0 0 0 11 11 0 14 0 0 
 0 0 0 0 57 0 0 0 0 0 0 0 0 0 0 0 2 0 0 0 0 0 0 0 0 0 0 0 0 1 0 0 0 0 0 0 0 0 0 0 67 31 57 179 0 473 41 163 111 87 180 124 63 59 141 99 123 60 57 66 0 0 56 0 0 0 0 23 0 0 0 211 51 0 54 0 0 1 50 0 0 0 0 0 0 0 0 0 0 0 0 0 21 0 0 0 14 0 0 0 0 0 0 0 0 0 0 0 0 0 0 0 0 0 0 0 0 0 0 0 0 0 0 0 15 9 0 1 17 1 0 0 0 0 0 0 0 22 0 0 0 1 22 12 0 0 6 24 0 0 0 0 45 0 0 0 1 0 0 0 0 0 0 0 0 0 0 0 0 0 0 0 0 0 0 0 0 0 0 10 0 0 0 0 0 0 0 0 0 0 0 0 0 0 0 0 0 0 0 0 0 7 0 0 7 13 0 0 3 0 1 23 0 0 0 0 0 1 0 0 14 19 0 14 1 0 0 11 26 0 0 13 22 65 20 0 18 0 7 15 0 0 0 0 0 0 0 0 0 0 0 16 0 0 0 0 0 0 0 1 0 0 3 0 2 4 0 0 0 0 0 0 0 0 0 0 0 0 0 0 0 0 0 0 0 16 0 0 0 0 
 0 0 0 0 0 0 0 0 0 0 0 0 0 0 0 0 2 0 0 0 65 0 0 0 0 0 0 0 0 0 0 0 62 0 65 0 0 0 0 0 40 25 400 51 473 0 27 342 412 31 425 268 42 245 40 374 122 280 42 66 0 3 32 0 0 4 0 11 0 0 0 2 100 2 17 6 0 4 50 45 0 0 0 0 0 0 0 0 0 0 0 0 0 0 0 0 0 0 0 0 0 0 0 0 0 0 0 0 0 0 0 0 0 0 0 4 0 0 0 0 0 0 0 0 0 0 0 1 0 32 9 45 0 0 0 0 0 12 0 0 53 0 22 0 0 9 0 33 17 11 0 0 15 0 28 2 39 3 18 13 0 0 0 0 0 0 0 0 0 0 0 0 0 0 0 0 0 0 0 3 0 0 0 0 0 0 0 0 0 0 0 0 0 0 0 0 9 0 0 0 0 0 0 9 14 13 0 0 0 0 0 23 0 0 0 0 1 1 0 0 26 0 27 0 0 0 19 6 24 0 8 1 35 42 2 12 21 0 48 42 0 0 0 0 0 0 0 0 0 0 0 1 0 0 0 0 0 0 0 2 0 0 0 0 65 1 12 70 9 0 1 0 0 0 0 4 0 0 0 0 0 0 0 0 0 0 0 0 0 0 
 0 0 0 0 0 0 0 0 0 0 0 0 0 0 0 0 0 0 2 0 0 0 0 0 68 90 0 0 0 0 68 131 0 0 0 0 66 0 0 0 176 163 58 300 41 27 0 88 515 239 99 56 178 52 99 42 26 51 108 154 0 0 0 0 0 0 0 0 0 0 0 0 0 0 0 0 0 0 0 0 0 0 0 0 0 0 0 0 0 0 0 0 0 0 0 0 0 0 0 0 0 0 8 33 9 11 0 0 0 0 4 0 0 0 0 0 23 0 0 0 2 46 2 0 22 1 16 30 6 20 25 0 54 6 12 18 1 8 14 47 0 6 0 0 19 0 0 0 0 0 0 0 0 0 0 0 0 0 0 0 0 0 0 0 0 0 0 0 0 3 0 0 0 0 0 0 0 1 0 0 0 0 0 17 45 0 0 0 0 0 0 11 0 0 0 0 0 8 0 0 25 0 0 6 0 1 4 0 8 3 12 7 0 30 20 27 66 38 57 28 0 0 0 0 0 0 0 0 0 0 0 0 0 0 0 0 7 0 0 0 0 0 0 0 0 0 0 0 0 0 0 10 0 1 14 0 0 0 0 0 0 0 0 0 0 2 1 0 0 0 0 0 0 0 0 0 0 15 0 0 0 14 0 0 0 0 17 0 0 0 
 0 1 0 72 1 31 0 0 0 62 0 63 1 0 0 0 0 0 0 0 2 2 1 3 1 2 2 2 1 2 2 1 1 2 4 2 1 2 63 3 133 183 147 193 163 342 88 0 162 134 157 139 166 149 137 99 128 99 44 47 0 3 9 0 0 6 0 1 0 0 0 3 3 2 0 1 0 0 16 3 0 0 0 0 22 0 0 0 0 0 0 0 0 0 0 0 0 0 0 0 11 0 0 0 0 0 0 0 25 0 0 0 0 20 11 0 0 0 7 1 0 0 11 0 8 2 0 0 1 0 0 43 0 0 0 10 40 40 0 0 0 0 6 0 2 2 0 6 5 7 0 0 9 0 1 2 0 3 1 0 0 4 0 0 3 4 0 5 0 0 0 8 0 0 0 0 13 0 0 0 0 0 17 14 0 0 0 0 19 11 0 0 0 0 0 0 0 0 0 0 0 17 0 12 12 22 0 11 7 22 0 26 0 0 0 0 20 2 0 0 11 0 2 0 1 0 0 19 2 0 4 4 3 1 4 1 0 0 0 0 0 0 0 0 0 0 0 0 0 0 0 9 0 0 0 0 0 1 0 10 0 0 0 2 2 2 10 0 1 0 2 0 0 0 0 4 0 0 0 0 0 0 0 0 0 4 0 0 0 0 
 0 0 0 0 0 0 0 0 0 0 0 0 0 0 0 0 3 0 3 0 3 6 3 3 197 56 3 6 3 3 3 3 3 3 3 3 3 3 3 3 169 152 138 142 111 412 515 162 0 151 129 276 164 126 397 262 100 280 94 138 0 5 3 0 0 13 0 0 0 0 0 4 0 211 0 0 49 2 60 0 10 6 0 0 0 0 0 0 0 0 0 0 0 0 0 0 0 0 0 0 0 0 0 0 9 0 0 14 0 0 2 0 0 0 0 0 2 0 0 0 12 0 5 1 9 0 0 0 0 26 10 2 6 10 9 0 0 13 0 1 10 0 35 0 0 0 0 20 11 3 0 7 33 0 7 8 0 9 0 10 0 0 0 0 0 0 0 0 0 0 0 0 0 0 0 0 0 0 0 0 0 0 0 0 10 0 0 15 0 0 0 0 0 0 0 0 0 0 0 0 13 1 11 16 0 6 0 9 19 10 7 15 0 0 10 16 6 20 0 9 11 0 8 0 1 0 0 23 7 0 4 5 5 20 5 0 0 0 13 14 0 0 0 0 0 0 0 0 0 0 0 5 0 1 0 0 0 0 0 0 0 0 0 0 1 2 8 1 0 0 0 0 0 0 0 8 0 0 0 0 0 0 0 0 0 9 0 18 0 0 
 0 3 0 0 4 0 0 0 0 0 8 0 0 0 0 7 0 0 0 0 0 0 0 0 0 0 0 3 0 0 0 0 3 4 1 0 0 0 4 5 188 109 73 316 87 31 239 134 151 0 202 201 91 138 227 162 155 58 120 236 24 0 0 2 3 0 0 0 0 0 0 0 0 0 2 0 0 0 0 1 0 0 0 6 0 8 0 0 0 0 0 1 0 0 0 0 0 3 0 0 0 0 0 0 0 2 10 0 0 0 0 0 0 0 0 0 0 0 10 4 9 0 20 20 28 29 0 1 0 0 14 13 1 6 0 0 0 18 0 0 0 0 1 0 0 0 4 0 0 0 0 0 12 0 0 0 0 0 0 0 0 0 16 0 0 7 0 0 0 0 7 0 0 0 0 0 10 0 0 0 0 0 0 0 0 0 3 0 0 4 0 0 7 12 11 0 0 0 0 7 10 7 0 0 6 10 1 0 13 4 7 10 0 7 9 0 7 26 1 0 0 0 0 0 0 0 0 11 0 0 0 0 12 9 0 7 2 0 18 10 0 0 0 0 0 0 8 0 0 0 0 8 0 1 0 0 2 0 0 0 1 0 65 64 2 3 0 0 0 0 0 0 0 0 0 0 0 0 0 0 0 4 0 0 0 16 0 7 0 0 
 0 0 0 0 0 0 0 0 0 0 0 0 0 0 0 0 0 0 3 0 0 0 1 0 0 74 1 2 0 0 0 1 0 5 0 0 0 0 0 31 61 142 29 58 180 425 99 157 129 202 0 50 107 30 129 116 150 77 25 103 0 0 0 5 0 0 0 7 0 10 0 60 81 5 26 0 0 0 50 54 0 0 0 0 0 0 0 0 0 0 0 0 0 0 0 0 0 0 0 0 0 0 0 0 0 0 0 0 0 0 0 0 0 0 0 0 0 0 0 0 0 0 1 0 42 9 0 0 0 34 3 7 0 0 0 1 8 10 0 0 0 0 3 0 5 0 58 11 0 0 0 0 1 0 19 5 11 0 13 12 0 0 0 0 0 1 0 0 0 0 0 0 0 0 0 17 6 0 0 0 0 0 0 0 0 0 0 0 2 0 0 0 0 0 0 0 0 0 0 0 19 12 0 8 9 11 0 0 43 0 62 19 0 0 10 2 40 4 0 0 16 0 18 5 0 0 19 40 8 0 5 0 0 13 5 14 0 0 0 10 0 0 0 0 0 3 0 0 0 0 0 5 0 0 0 0 0 0 2 0 0 13 0 3 33 0 3 0 1 0 0 0 0 0 0 8 0 0 0 0 0 3 0 0 22 30 0 0 0 0 
 0 0 0 2 0 0 0 0 0 0 0 0 0 0 0 0 0 0 0 0 11 10 36 11 3 4 3 19 7 3 7 3 3 3 26 3 3 3 3 3 37 158 317 119 124 268 56 139 276 201 50 0 90 321 60 33 137 218 56 39 0 0 0 0 0 0 0 0 0 0 0 0 0 0 0 0 0 0 0 0 0 0 0 0 0 0 0 0 0 0 0 0 0 0 0 0 0 0 0 0 0 0 36 5 0 0 0 0 5 4 38 0 0 11 0 3 0 19 0 0 0 10 14 11 58 15 0 11 11 6 17 35 0 0 2 36 0 5 7 0 0 0 0 0 0 0 28 0 0 0 0 0 0 0 0 0 0 0 4 11 0 24 0 0 0 7 0 0 0 15 0 0 0 0 0 0 52 0 0 0 0 0 0 0 15 1 0 0 0 0 0 16 0 0 0 0 0 0 0 0 0 26 63 0 23 36 0 20 41 37 41 9 0 0 64 0 20 14 0 0 1 0 0 0 0 0 1 0 0 0 0 0 7 0 0 0 1 0 0 0 0 0 8 0 0 0 0 0 0 0 0 2 0 1 0 0 0 0 2 12 0 2 2 35 1 0 0 0 2 0 10 0 0 0 0 0 0 0 0 0 0 0 0 0 9 8 0 0 0 0 
 0 0 0 0 0 0 0 0 0 0 0 0 0 0 0 0 2 0 0 0 2 3 2 5 25 37 2 3 2 2 2 25 2 2 2 2 2 2 2 2 409 139 70 155 63 42 178 166 164 91 107 90 0 157 108 108 38 284 436 499 1 0 0 0 0 2 5 0 1 0 0 0 0 0 0 0 0 2 0 0 0 0 0 0 0 0 0 0 0 0 0 0 28 0 21 0 0 0 0 0 0 0 0 0 1 20 0 0 0 0 0 0 0 0 0 0 0 0 0 0 18 11 32 10 19 0 0 18 22 0 8 2 14 25 41 0 0 1 0 0 11 6 0 1 0 0 10 0 9 0 16 0 0 3 4 0 0 0 11 10 0 0 0 0 0 0 21 16 0 1 0 0 0 0 3 0 5 0 0 0 0 0 0 0 0 0 0 0 0 0 0 0 0 0 0 0 0 0 0 8 20 0 10 0 2 20 0 11 42 0 18 1 2 1 11 1 39 27 19 8 8 4 0 0 5 21 6 0 0 0 0 1 15 1 0 1 0 0 0 4 0 0 0 0 0 2 0 0 0 0 0 12 0 0 0 0 0 0 0 0 3 0 1 66 1 2 1 0 0 0 0 0 0 0 0 0 0 0 0 0 0 0 0 0 16 0 0 0 0 0 
 0 0 0 2 67 0 0 0 0 0 0 0 0 0 0 0 0 0 0 0 2 4 2 7 2 295 2 7 3 2 3 4 4 2 3 2 2 15 2 2 55 108 127 164 59 245 52 149 126 138 30 321 157 0 85 46 157 381 77 204 207 0 0 0 0 1 0 0 0 0 0 0 0 0 0 0 0 0 0 0 0 0 0 0 0 0 0 0 0 0 0 0 0 0 0 0 0 0 0 0 0 0 24 5 1 0 0 0 6 5 3 0 0 3 0 3 0 0 0 0 2 17 39 66 13 0 0 10 17 8 14 27 10 17 3 15 0 6 8 1 0 0 0 0 0 0 18 0 0 0 0 0 0 0 0 0 0 0 10 0 0 5 0 0 0 10 0 0 0 0 0 0 0 0 0 0 0 0 0 0 1 1 0 0 1 1 0 0 0 0 0 26 0 0 0 0 0 0 0 0 0 12 25 0 7 20 0 38 38 47 13 63 1 8 1 12 0 32 0 0 14 0 0 0 0 0 0 0 0 0 0 0 0 0 0 0 1 0 11 0 0 0 0 0 0 0 0 0 0 0 0 20 0 1 0 0 0 0 0 18 0 0 2 66 2 19 2 0 0 0 27 0 0 0 0 0 0 0 0 0 0 0 0 0 9 0 0 10 0 0 
 0 0 0 0 0 0 0 0 0 0 0 0 0 0 0 0 0 2 0 1 3 3 2 2 86 65 2 2 47 4 4 2 2 2 2 2 2 2 2 2 135 107 54 45 141 40 99 137 397 227 129 60 108 85 0 312 29 35 114 110 0 0 4 2 0 0 0 13 0 41 0 9 2 1 13 0 0 0 53 1 0 0 0 0 0 0 0 0 0 0 0 0 0 0 0 0 0 0 0 0 0 0 0 0 12 0 0 0 0 0 0 0 0 0 0 0 0 0 0 0 21 16 18 0 9 8 0 18 0 10 23 0 11 10 57 0 17 26 0 0 0 1 0 24 4 0 22 2 0 0 0 0 5 0 0 1 0 0 0 20 0 0 0 0 0 0 0 0 0 1 0 0 0 0 0 0 0 0 0 0 0 0 0 0 13 0 0 0 0 0 0 0 0 0 0 0 0 0 0 0 17 18 0 14 20 0 0 10 46 10 25 29 0 0 0 8 11 19 0 33 0 0 8 2 0 0 0 18 14 1 1 0 0 0 3 6 0 0 0 0 0 0 0 0 0 0 0 0 0 0 0 9 0 2 0 0 0 0 0 2 0 0 0 0 0 1 1 0 0 0 0 0 0 0 0 2 0 0 0 0 0 0 0 0 2 17 0 13 7 0 
 0 0 0 0 0 0 0 0 0 0 0 0 0 0 0 0 0 0 0 0 3 21 5 2 95 0 5 1 4 3 4 0 0 0 49 4 12 0 0 0 97 158 118 142 99 374 42 99 262 162 116 33 108 46 312 0 118 43 273 80 0 0 0 0 0 0 0 0 0 0 0 0 0 0 0 0 16 1 60 0 6 0 0 16 0 0 0 0 0 0 0 0 0 0 0 0 0 0 0 0 0 0 0 1 0 5 0 4 0 0 0 0 0 0 14 0 0 0 0 0 12 0 6 0 0 2 0 0 0 11 0 0 0 10 10 1 0 19 0 0 6 0 15 0 0 0 10 6 0 0 0 0 11 0 8 0 0 0 0 0 0 4 0 0 3 2 0 0 0 0 0 0 0 0 0 0 0 0 0 0 3 3 0 0 30 4 0 4 0 0 21 0 0 0 0 0 0 0 0 0 16 0 9 10 1 13 0 10 20 11 0 35 5 0 0 0 6 10 0 10 36 0 11 0 0 0 14 11 0 0 0 0 6 20 0 0 0 0 12 21 0 0 0 0 0 0 0 0 0 0 0 5 0 2 0 0 0 0 9 3 0 0 0 0 0 14 0 1 0 0 0 0 0 0 0 0 0 0 0 0 0 0 0 0 0 0 0 23 0 0 
 2 3 1 3 2 3 2 3 3 2 2 2 3 3 3 3 3 3 6 2 0 0 0 3 1 55 0 0 0 0 0 9 0 0 0 0 0 0 0 0 34 26 166 92 123 122 26 128 100 155 150 137 38 157 29 118 0 138 27 104 91 0 0 0 0 0 0 0 0 0 0 0 0 0 0 0 0 0 0 0 0 0 0 0 0 0 0 0 0 0 0 0 0 0 0 0 0 0 0 0 0 0 0 0 0 0 0 0 0 0 0 0 0 0 0 0 0 0 0 0 0 10 26 14 8 0 21 0 9 0 0 9 4 45 1 7 9 21 0 0 0 0 4 0 0 0 11 5 0 0 0 0 0 0 0 0 0 0 0 0 0 5 0 0 0 10 0 0 0 0 0 0 0 0 0 0 0 0 0 0 0 0 0 0 0 0 0 0 0 0 0 0 0 0 4 0 0 0 0 0 0 17 23 0 1 34 0 28 25 38 1 83 0 9 0 19 1 61 0 1 28 0 0 0 0 0 0 0 0 0 18 0 9 3 0 20 0 0 10 13 0 0 11 0 0 0 0 0 0 0 0 6 0 0 0 0 0 0 0 24 0 0 0 64 0 19 1 0 0 0 0 0 0 0 0 0 0 0 0 0 0 0 0 0 9 15 0 14 0 0 
 0 0 0 5 0 5 1 0 9 0 0 1 0 2 0 0 0 7 0 1 0 0 0 3 0 0 0 0 0 2 0 0 0 0 0 0 0 0 0 0 38 35 298 176 60 280 51 99 280 58 77 218 284 381 35 43 138 0 249 164 3 0 0 0 0 0 20 0 0 0 0 0 0 0 0 0 0 0 0 0 0 0 0 0 2 0 0 0 0 6 3 4 0 13 0 4 0 0 0 0 11 0 0 0 0 1 0 0 0 14 0 0 11 0 0 0 0 0 0 0 0 19 11 46 13 0 0 0 15 9 1 2 9 30 0 17 0 7 0 0 0 0 0 0 0 0 54 0 0 0 0 0 0 0 0 0 0 0 4 21 0 5 0 5 0 21 0 0 0 0 0 0 0 0 0 5 0 0 0 0 0 13 0 0 0 0 0 0 0 0 0 0 3 0 0 0 0 0 0 0 0 17 58 0 9 31 12 43 78 4 46 22 6 8 53 0 0 2 0 0 14 0 0 0 0 0 0 0 0 0 0 0 0 0 0 0 2 0 10 0 0 0 4 0 0 0 1 0 0 0 0 4 0 0 0 0 0 0 0 7 0 21 0 66 5 13 0 0 33 0 13 0 0 0 0 0 0 0 0 0 0 5 0 0 15 0 0 0 0 0 
 0 0 1 0 0 0 0 0 0 0 0 0 0 0 0 0 1 0 0 0 2 3 66 4 66 72 2 3 64 2 64 91 2 73 3 3 2 63 4 4 129 403 25 62 57 42 108 44 94 120 25 56 436 77 114 273 27 249 0 192 0 0 0 0 0 0 0 0 0 0 0 0 0 0 0 0 0 0 0 0 0 0 0 0 29 0 0 0 0 0 0 0 0 0 0 0 0 0 0 0 1 3 0 0 20 16 0 0 0 0 3 20 0 0 0 0 0 0 0 0 44 0 26 7 3 0 3 7 1 0 0 8 0 16 68 45 6 8 18 14 0 8 0 0 0 0 0 0 0 0 0 0 0 0 0 0 0 0 0 23 0 0 0 1 0 0 0 0 4 0 0 0 0 0 0 0 0 0 0 0 15 1 0 0 1 19 0 1 0 19 0 15 0 0 0 0 0 0 0 0 38 0 0 6 3 0 0 10 13 22 2 0 0 0 14 0 0 13 7 35 0 0 0 0 0 0 0 0 0 0 0 0 0 0 0 0 0 0 4 0 0 0 15 0 0 0 0 0 0 0 0 9 0 1 0 0 0 0 61 2 0 0 1 0 1 0 0 0 0 0 1 0 0 0 0 0 0 0 0 0 0 20 0 0 13 0 0 16 0 0 
 0 0 0 0 0 0 0 24 2 0 0 0 0 0 0 0 0 0 0 0 0 4 8 0 1 187 3 1 1 4 0 61 0 0 0 1 2 27 0 0 108 261 112 93 66 66 154 47 138 236 103 39 499 204 110 80 104 164 192 0 5 0 0 0 0 0 0 0 0 0 0 0 0 0 0 0 0 1 0 0 0 0 0 0 0 0 0 0 0 0 0 0 0 0 0 0 0 0 1 0 0 3 0 1 0 11 0 0 0 0 0 0 0 0 7 0 5 0 0 1 0 8 0 14 11 0 1 0 21 10 35 17 10 20 9 0 0 8 0 12 0 3 0 0 0 0 0 0 0 0 0 0 0 0 0 0 0 0 10 0 0 0 0 0 7 0 0 0 0 0 0 0 0 0 0 0 12 0 0 0 1 1 2 0 0 0 13 1 0 0 13 11 0 0 0 2 7 4 10 0 11 16 4 6 0 6 0 12 0 28 8 0 1 4 11 15 10 33 5 2 0 0 0 0 0 0 0 0 0 0 0 0 0 0 0 0 0 0 3 0 0 0 0 0 0 0 0 0 0 0 0 11 0 2 0 0 0 0 0 0 0 0 0 3 3 2 0 0 0 0 0 0 0 0 0 0 0 0 0 0 0 12 0 0 9 0 0 14 0 0 
 0 0 0 0 0 0 0 0 0 0 0 0 0 0 0 0 0 0 0 0 0 0 0 0 0 6 0 4 0 48 0 9 2 0 0 0 0 0 0 20 0 3 0 60 0 0 0 0 0 24 0 0 1 207 0 0 91 3 0 5 0 75 146 98 247 39 175 176 141 100 69 80 49 113 66 364 118 51 95 100 0 0 0 0 0 0 0 0 0 0 0 0 0 0 0 0 0 0 0 0 0 0 0 0 0 0 0 0 0 0 0 0 0 14 0 0 0 10 0 0 0 7 0 5 0 15 1 0 5 0 0 0 4 13 0 0 9 0 0 0 9 20 15 0 2 6 0 0 2 0 10 23 8 16 0 8 25 11 13 9 0 0 0 0 3 0 0 0 0 0 2 0 0 0 0 0 0 0 0 4 0 0 0 0 0 0 0 0 0 0 0 0 0 0 0 0 0 0 0 0 0 0 4 0 0 0 0 10 0 7 20 0 0 0 0 15 0 40 0 0 0 0 0 8 0 10 0 0 5 20 19 0 6 22 6 20 0 26 2 24 0 0 4 0 0 0 0 0 0 0 0 0 0 0 8 0 0 0 0 0 0 0 55 0 0 0 0 0 0 0 4 1 1 3 1 0 0 0 0 0 0 0 0 0 0 0 0 0 0 0 
