 0 90 159 156 84 249 350 171 52 93 37 434 549 234 42 233 45 36 167 66 0 2 0 0 0 2 0 3 0 0 0 2 3 3 0 0 0 0 0 0 0 3 0 0 47 0 0 3 0 0 0 0 2 3 0 3 2 0 3 0 3 0 0 3 0 0 0 3 0 0 0 0 0 2 0 0 2 0 0 0 9 53 1 12 0 1 12 9 21 0 14 27 33 15 16 2 1 1 24 0 0 0 0 0 0 0 0 2 0 0 0 0 0 0 0 0 0 0 0 0 0 0 0 0 0 0 1 0 0 0 0 0 0 0 0 1 0 0 0 0 0 0 6 2 0 2 0 0 0 0 2 0 0 0 0 0 0 0 0 0 21 21 21 13 12 0 16 27 0 0 25 1 19 0 0 23 26 0 0 22 12 0 0 0 0 0 0 0 0 0 0 0 7 0 0 0 0 0 13 0 0 0 1 0 0 0 0 0 0 1 0 0 0 0 0 0 0 0 0 0 0 0 0 0 0 0 0 0 0 0 0 0 0 0 0 0 0 0 0 0 0 0 0 0 0 2 1 0 0 107 1 1 0 0 0 0 0 0 0 0 0 0 0 0 0 0 0 0 0 0 0 0 0 0 0 0 0 0 0 0 0 0 0 0 0 0 0 0 0 0 
 90 0 504 148 39 156 196 260 53 30 131 112 153 46 373 376 77 169 65 82 0 2 0 3 2 0 78 4 0 0 0 6 8 5 0 0 3 2 3 1 0 4 0 0 4 0 0 57 0 0 0 0 2 3 0 3 2 5 5 0 3 0 0 5 0 0 51 3 0 0 0 0 0 5 1 0 3 0 0 0 11 38 16 60 0 20 20 14 56 13 11 10 0 0 1 14 0 20 0 0 0 0 2 0 0 0 4 0 0 0 0 0 1 1 0 0 0 0 17 6 0 0 0 0 2 0 0 1 2 0 0 0 0 0 0 0 0 0 0 0 0 0 3 0 0 0 0 0 0 0 0 0 0 0 0 0 0 0 0 0 12 0 9 1 9 0 0 13 1 46 20 27 0 17 35 12 37 71 9 28 16 0 0 0 0 0 23 0 0 0 0 0 10 17 0 0 0 0 18 0 0 0 0 0 0 0 10 0 0 0 0 0 0 0 0 0 0 0 0 0 19 0 0 0 0 0 0 0 0 0 0 0 2 0 0 0 9 0 0 0 0 0 0 0 0 0 9 2 2 1 0 4 0 0 1 0 0 0 0 0 0 0 0 0 0 0 0 0 0 0 0 0 0 0 0 20 0 0 0 0 0 0 0 0 0 0 0 0 0 0 
 159 504 0 198 166 141 514 432 188 208 87 145 85 509 360 131 108 524 44 56 0 2 0 0 0 0 0 3 0 0 0 3 3 3 0 0 1 2 0 0 0 6 0 0 3 0 0 3 0 2 0 0 2 3 0 3 2 0 83 0 3 0 7 3 0 0 0 3 0 0 0 0 0 2 0 0 3 0 0 0 13 30 9 57 22 39 11 18 44 0 36 1 0 14 14 30 14 10 0 0 2 2 0 0 0 0 0 0 0 0 0 0 0 0 0 2 0 0 3 25 2 2 0 0 0 0 0 0 0 0 0 0 0 0 0 0 17 0 0 0 0 0 0 0 0 0 9 0 0 0 0 0 0 0 0 0 0 0 2 0 0 44 19 10 19 1 1 3 0 17 11 10 0 10 22 32 22 22 0 0 16 0 0 0 0 0 36 1 0 0 2 0 4 0 0 0 0 2 47 0 0 0 0 0 0 0 0 1 0 0 0 0 0 0 0 0 0 1 0 0 0 0 0 0 0 0 0 0 0 0 0 0 0 0 0 0 0 0 0 0 0 1 0 0 0 2 88 0 2 1 0 6 0 0 0 0 0 0 0 0 0 0 60 0 0 0 0 0 0 0 0 0 0 0 0 21 29 0 0 0 0 0 0 0 0 0 0 0 0 0 
 156 148 198 0 177 438 176 368 324 116 125 188 63 178 162 215 123 154 80 161 1 2 3 0 0 0 0 5 2 0 0 2 31 3 0 0 0 1 30 73 0 0 0 0 3 0 1 3 0 2 0 0 2 3 0 3 2 0 2 0 3 0 0 4 0 0 0 3 0 0 0 0 0 2 0 0 2 0 0 0 0 0 23 18 16 18 0 0 44 28 32 11 0 13 24 33 18 19 0 0 11 0 0 0 0 0 1 16 0 0 0 0 17 0 0 0 0 20 0 11 0 23 0 0 0 0 0 0 0 0 0 0 0 0 0 0 0 0 0 0 0 0 0 0 0 0 5 0 0 0 0 0 0 0 0 0 0 0 0 1 6 17 2 8 1 11 12 10 0 15 11 30 1 0 37 2 0 16 16 1 0 1 2 0 0 1 14 0 0 0 15 0 0 16 0 0 0 0 21 10 1 0 0 0 0 0 0 10 0 32 0 0 0 1 0 0 0 0 0 0 0 0 0 0 0 0 0 2 0 0 0 0 0 0 0 0 0 0 0 2 0 25 0 0 0 0 0 0 90 89 0 11 0 0 0 0 0 0 0 0 0 0 6 0 0 0 0 0 0 0 0 0 0 0 0 18 0 0 0 0 0 0 0 0 0 0 0 0 0 0 
 84 39 166 177 0 90 152 201 482 191 302 145 77 197 223 270 237 63 63 79 152 2 0 0 0 0 76 3 0 0 73 3 111 3 1 0 1 0 151 1 0 70 0 0 2 0 63 3 0 0 0 0 2 3 0 3 2 0 2 0 3 0 0 3 0 1 0 3 0 0 0 0 0 3 0 0 3 0 0 0 0 1 6 60 19 28 5 26 48 14 53 32 0 19 19 0 15 10 0 0 0 10 21 0 0 0 47 0 0 0 0 0 23 25 0 0 8 0 16 0 0 0 0 0 0 1 0 0 0 0 0 0 0 0 0 0 0 0 0 0 0 0 0 0 4 0 0 0 15 1 0 1 0 0 0 2 0 0 0 0 0 11 12 13 1 0 0 0 16 28 21 1 0 1 27 15 23 1 0 1 20 0 29 0 0 0 15 0 19 2 0 0 13 18 29 10 16 0 43 0 0 0 0 0 0 0 0 0 2 0 0 0 0 0 0 1 0 0 0 0 0 0 0 0 0 0 0 0 0 0 0 0 0 0 0 0 0 0 0 0 0 0 0 0 0 2 60 1 86 2 0 16 0 0 0 0 0 0 0 0 0 0 0 0 0 0 0 0 0 0 0 0 0 0 0 34 0 40 0 0 0 0 0 0 0 0 0 0 0 0 
 249 156 141 438 90 0 45 196 75 52 441 187 39 363 299 141 157 221 38 48 311 4 0 0 0 2 0 3 0 0 0 2 191 7 75 1 0 0 176 76 0 0 0 0 3 40 0 57 0 0 0 5 2 3 0 3 2 0 2 0 3 0 0 3 0 0 0 30 3 0 0 0 0 2 0 0 0 0 0 0 0 11 0 35 55 50 0 0 25 1 16 44 0 0 13 30 21 0 0 0 10 21 19 19 0 0 14 20 1 0 0 0 42 0 0 0 14 2 0 20 0 0 0 0 0 0 0 0 0 0 0 0 0 0 0 0 0 0 0 0 0 0 0 0 14 0 0 0 8 0 0 0 0 0 0 0 1 0 0 0 0 21 20 1 3 17 0 4 0 17 0 0 0 0 22 0 0 6 0 0 7 0 21 0 3 0 17 19 16 8 1 0 0 2 12 19 14 0 17 8 0 2 0 2 0 13 0 0 0 0 0 0 0 0 0 0 0 0 0 0 0 0 0 0 0 0 0 0 0 0 0 0 0 0 0 0 0 0 0 0 0 0 0 0 0 2 52 0 1 3 4 14 0 0 0 0 0 0 0 0 0 0 0 0 0 0 0 0 0 0 0 0 0 0 0 21 10 11 0 0 0 33 0 0 0 0 0 0 0 0 
 350 196 514 176 152 45 0 260 76 213 20 209 233 273 37 48 156 41 462 154 0 4 3 0 2 0 0 3 2 3 0 2 3 3 2 3 2 0 0 0 0 0 0 2 3 0 0 3 3 0 1 0 2 4 0 3 2 1 2 0 3 0 0 4 0 0 0 6 0 0 6 1 0 2 0 0 0 0 0 0 4 16 5 14 0 0 13 25 0 1 11 18 10 18 37 7 80 26 27 0 0 0 0 0 0 0 0 0 0 0 0 0 0 0 0 0 0 1 15 0 0 0 0 0 0 0 0 0 0 0 0 0 0 0 0 0 0 0 0 0 0 0 18 0 0 0 0 0 0 0 0 0 0 0 0 0 1 0 0 0 47 9 72 0 0 0 3 17 33 13 9 1 18 1 15 19 9 1 0 22 2 0 0 0 0 0 2 0 0 0 0 0 0 0 0 0 0 0 0 0 0 2 19 2 0 0 0 0 0 0 0 0 0 0 0 0 0 0 0 0 0 0 0 0 0 0 0 0 1 0 0 0 0 0 0 0 0 0 0 0 0 0 0 0 0 0 1 1 3 92 0 9 0 0 0 0 0 0 0 0 0 0 11 1 0 0 0 0 0 0 0 0 0 0 0 0 10 14 0 0 0 0 0 0 0 0 0 0 0 0 
 171 260 432 368 201 196 260 0 551 280 133 110 168 435 411 220 143 350 201 50 205 2 0 0 0 1 0 3 1 0 0 2 3 32 0 0 0 0 0 0 57 0 0 0 3 0 0 3 0 0 0 0 2 3 0 3 2 0 2 0 3 0 0 3 0 0 0 3 0 0 0 0 0 2 0 0 1 0 0 0 0 38 14 41 59 12 14 26 20 40 21 0 0 1 81 26 65 22 0 0 0 0 0 0 0 0 0 0 0 0 0 0 0 0 0 0 0 0 10 11 0 0 0 0 0 0 0 0 0 0 0 0 0 0 0 0 0 0 0 0 0 0 16 0 0 2 0 0 0 0 0 0 18 0 0 0 0 0 0 0 46 21 56 0 4 63 27 4 16 13 7 0 14 10 15 0 0 21 32 17 0 0 0 0 0 0 25 0 0 0 0 0 1 20 0 0 0 0 5 0 0 0 1 0 0 0 0 29 0 1 0 0 0 2 0 0 0 0 0 0 0 0 0 0 0 0 0 2 0 0 0 0 0 0 0 0 0 0 7 0 0 18 0 0 0 4 0 0 117 1 2 14 14 0 0 0 0 0 0 0 0 0 11 0 0 0 0 0 0 0 0 0 0 0 0 3 11 0 0 0 0 0 0 0 0 0 0 0 0 0 
 52 53 188 324 482 75 76 551 0 86 96 274 297 233 102 194 182 70 119 598 3 2 0 3 0 77 5 6 0 0 65 6 78 6 2 0 3 0 76 77 0 0 0 0 3 0 2 4 0 4 0 0 2 5 0 3 2 0 2 0 3 0 0 5 0 0 0 9 0 0 0 0 0 10 1 0 1 0 0 6 13 0 39 16 11 21 7 11 47 66 46 1 1 0 14 20 12 28 9 10 1 0 0 0 0 0 0 0 0 0 0 0 26 0 0 0 0 0 14 0 0 0 0 0 0 0 0 0 0 0 0 0 0 0 9 0 0 0 0 0 0 0 0 0 0 0 2 0 0 0 0 0 0 0 0 0 0 0 1 0 0 24 10 10 0 14 16 11 18 16 24 9 0 0 34 7 0 18 18 0 0 0 0 0 0 0 2 0 0 0 0 0 0 10 0 0 0 0 27 2 13 0 0 0 14 0 1 18 0 0 0 0 0 0 0 0 0 0 0 0 0 0 0 0 0 0 0 0 0 0 0 0 0 0 0 0 0 0 0 0 0 10 0 0 0 1 0 0 47 0 2 6 7 0 2 0 0 0 0 0 0 0 0 2 0 0 0 0 0 1 0 0 0 0 0 20 0 0 0 0 0 0 0 0 0 0 0 0 0 0 
 93 30 208 116 191 52 213 280 86 0 272 43 152 85 200 144 153 463 87 121 0 2 1 0 0 0 61 3 0 0 0 2 73 3 1 0 0 0 0 0 0 24 0 0 5 0 2 3 0 2 9 0 2 3 0 3 2 1 5 0 3 0 0 3 0 0 0 3 0 0 0 0 0 2 0 0 0 0 0 0 83 0 9 29 0 0 1 0 15 14 30 0 17 11 0 1 0 22 43 0 0 3 11 0 0 0 0 0 0 0 0 0 0 0 0 0 0 0 10 24 0 0 0 0 0 0 0 0 0 0 0 0 0 0 0 0 0 0 0 0 0 0 0 0 0 0 4 0 0 0 0 0 0 0 0 0 0 0 0 1 0 13 0 0 17 0 0 28 13 1 0 7 0 9 0 52 20 27 8 11 40 1 0 0 0 0 16 0 0 0 0 0 28 17 24 0 20 0 43 0 2 0 0 0 0 0 0 0 0 0 0 0 0 0 0 0 0 0 0 0 0 2 0 0 0 0 0 0 0 0 2 0 0 0 0 0 0 0 0 0 0 0 0 0 0 0 5 0 1 0 0 6 0 2 0 0 0 0 0 0 0 0 0 0 0 0 0 0 0 0 0 0 0 0 0 0 3 0 0 0 0 0 0 0 0 0 0 0 0 0 
 37 131 87 125 302 441 20 133 96 272 0 177 32 122 49 311 225 230 39 282 95 3 0 0 0 0 72 3 0 1 0 3 160 69 4 3 0 0 0 74 0 2 0 0 3 0 0 3 0 2 0 0 2 3 0 3 6 0 7 0 3 0 0 3 0 0 0 3 0 0 0 0 0 2 0 0 3 0 0 0 0 0 0 8 97 29 0 0 8 32 9 25 0 0 8 0 0 0 0 0 23 12 9 0 0 1 0 0 4 0 0 0 0 24 0 0 9 0 17 0 0 0 0 0 0 0 1 0 0 0 0 0 0 0 0 0 0 0 0 0 0 0 0 0 31 0 0 0 3 0 0 0 10 0 0 0 0 0 1 0 0 0 60 21 0 22 0 0 15 14 0 1 0 0 14 0 0 29 0 1 0 14 4 0 0 0 8 0 0 16 1 0 0 0 26 0 16 0 48 1 0 0 0 0 0 0 2 0 0 0 0 0 0 0 0 0 0 0 0 0 0 0 0 0 0 0 0 0 0 0 23 0 0 0 0 0 1 0 0 0 0 0 0 0 1 2 174 1 0 0 17 13 0 0 0 0 0 0 0 2 0 0 0 0 0 0 0 0 0 0 0 0 0 0 0 14 0 13 0 0 0 0 0 0 0 0 0 0 0 0 
 434 112 145 188 145 187 209 110 274 43 177 0 384 414 61 138 103 168 50 45 0 77 43 0 0 2 0 30 85 0 0 2 3 95 74 1 0 0 46 27 3 7 0 0 3 0 43 3 0 0 0 0 2 3 0 3 62 0 3 0 3 0 0 3 0 0 0 18 0 0 0 0 0 2 0 0 3 0 5 0 0 34 0 17 34 0 11 28 91 0 17 54 0 15 0 0 20 0 0 0 24 0 0 0 0 0 30 0 14 0 0 0 27 19 29 0 12 0 15 37 0 0 0 0 0 0 17 0 0 0 0 1 0 0 0 0 0 0 0 0 0 0 7 0 0 0 0 0 0 0 0 13 0 0 0 0 0 0 0 0 20 17 11 40 3 12 24 0 0 0 9 0 0 12 0 14 24 0 0 57 22 1 0 0 0 0 0 1 0 55 0 0 38 0 4 0 1 0 37 24 0 0 0 0 0 0 0 0 0 0 0 0 0 0 0 0 2 0 0 0 0 0 0 0 0 0 0 0 0 0 0 0 2 0 0 0 0 0 0 0 0 0 0 0 0 2 1 0 0 44 38 6 0 0 0 0 0 0 0 0 0 0 0 0 0 0 0 0 0 0 0 0 0 0 0 0 0 0 0 0 0 0 0 0 0 0 0 0 0 0 
 549 153 85 63 77 39 233 168 297 152 32 384 0 413 67 42 111 20 209 150 0 2 0 0 2 0 0 3 0 0 0 2 5 5 0 0 0 0 0 0 0 0 0 0 3 0 3 3 0 0 0 0 2 3 0 3 2 0 2 44 3 32 0 3 0 0 0 3 0 0 0 0 45 2 0 0 0 0 0 0 20 12 0 0 0 0 13 18 0 0 0 12 11 1 14 10 5 0 33 16 13 12 0 0 1 0 0 0 0 0 0 0 0 0 0 0 15 10 0 0 0 0 0 0 2 0 0 0 0 0 0 0 0 0 0 0 0 0 0 0 0 0 9 0 0 0 0 0 0 0 0 0 0 0 0 0 0 0 0 0 40 10 18 14 1 0 12 38 23 0 0 0 18 0 0 0 10 0 8 12 0 0 2 0 0 0 0 0 0 0 0 0 1 0 0 0 0 0 0 0 0 0 0 0 0 0 0 0 0 0 1 0 0 2 0 0 0 0 0 0 0 0 0 0 0 0 0 2 0 0 0 0 0 0 0 0 0 0 0 0 0 0 0 0 0 2 2 0 2 90 0 2 0 0 0 0 0 0 0 0 0 0 0 0 0 0 0 0 0 0 0 0 0 0 0 0 0 16 0 0 0 0 0 0 0 0 0 0 0 0 
 234 46 509 178 197 363 273 435 233 85 122 414 413 0 193 139 34 125 174 96 209 2 0 3 0 0 3 4 2 0 0 3 3 9 77 1 5 0 0 0 2 3 4 0 5 3 1 5 0 2 0 0 2 3 3 3 7 0 5 0 4 3 2 5 0 0 0 3 0 1 1 0 2 12 0 0 2 0 0 1 26 0 0 23 27 15 2 27 20 11 44 13 32 0 20 0 48 47 0 1 0 0 0 0 0 0 0 0 0 0 0 0 0 0 0 0 0 0 0 15 0 0 0 1 0 0 0 0 0 0 0 0 0 0 2 0 0 2 0 0 0 0 0 0 0 0 7 0 2 0 0 0 0 0 0 0 0 0 50 0 22 12 19 0 0 20 31 19 0 11 0 6 10 21 14 75 17 14 20 16 0 14 0 0 0 0 0 0 0 0 0 0 7 0 0 4 0 0 18 0 0 0 0 0 0 0 0 4 0 0 0 0 0 0 1 0 0 0 0 0 0 0 0 2 0 0 0 0 0 0 0 0 0 2 0 0 0 0 0 0 0 0 0 0 0 3 0 0 3 56 2 6 14 0 0 0 0 0 0 0 0 0 3 0 0 0 2 0 0 0 0 0 0 1 0 3 11 0 0 0 0 0 0 0 0 0 0 0 0 0 
 42 373 360 162 223 299 37 411 102 200 49 61 67 193 0 289 104 233 77 104 7 2 0 4 0 8 5 6 0 0 1 2 84 6 0 4 0 7 76 0 4 7 3 0 7 4 0 6 0 7 2 0 3 3 0 3 2 0 3 6 3 0 1 3 0 0 3 3 46 0 39 0 0 6 3 31 1 0 2 0 14 25 21 46 0 16 11 10 15 20 19 30 0 15 6 91 33 25 0 3 0 0 0 0 0 0 0 0 0 0 0 0 3 0 0 0 0 0 53 27 0 0 0 0 0 0 0 0 0 0 0 0 0 0 0 0 0 1 0 0 0 0 0 16 0 0 2 0 0 0 0 0 0 0 0 0 0 0 0 0 0 95 2 15 2 0 0 5 62 46 25 8 12 27 0 27 49 12 0 0 42 0 0 0 0 0 34 0 0 0 0 0 40 12 0 0 0 0 21 0 0 0 21 0 0 0 0 0 0 0 0 0 0 0 0 0 0 0 0 0 0 0 0 17 0 0 0 0 0 0 0 0 0 0 0 0 0 0 0 0 0 0 0 0 0 1 2 2 52 1 0 7 0 0 0 0 0 0 0 0 0 0 0 0 0 0 2 0 0 0 0 0 0 2 0 0 16 0 0 0 0 0 0 0 0 0 0 0 0 0 
 233 376 131 215 270 141 48 220 194 144 311 138 42 139 289 0 109 176 52 361 8 57 0 0 0 0 0 3 55 0 0 2 78 3 2 0 0 3 74 77 0 0 0 0 3 0 0 3 0 2 2 0 2 3 0 3 2 0 2 0 3 3 32 3 0 0 0 3 0 0 0 1 0 2 0 0 0 0 0 0 1 22 39 22 0 15 13 27 2 22 35 15 0 17 9 49 36 18 0 0 0 0 0 0 0 0 0 0 0 0 0 0 0 0 0 0 0 0 14 12 0 0 0 0 0 0 0 0 0 0 0 0 0 0 0 0 0 0 0 0 0 0 0 0 0 0 5 0 0 0 0 1 0 0 0 0 0 0 0 0 17 28 13 20 3 28 0 33 14 0 35 15 1 3 9 12 15 75 0 10 0 0 13 0 0 0 31 0 0 0 0 0 0 10 0 0 0 0 28 0 0 0 0 0 0 0 0 0 0 0 0 0 0 0 0 0 0 0 0 0 0 17 0 0 0 0 0 0 0 0 0 0 0 0 0 0 0 0 0 0 0 0 0 0 0 2 1 2 12 2 1 11 10 0 0 0 0 0 0 0 97 0 0 0 0 0 0 0 0 0 0 0 0 44 0 0 14 0 0 0 0 0 0 0 0 0 0 0 0 0 
 45 77 108 123 237 157 156 143 182 153 225 103 111 34 104 109 0 127 130 60 60 2 0 0 3 0 4 6 0 0 3 4 162 7 0 1 3 2 76 149 62 6 0 2 7 1 3 3 0 4 0 2 2 6 2 6 4 0 8 0 3 6 2 8 2 0 0 3 2 2 1 0 0 4 0 0 0 2 0 2 9 0 30 13 5 0 4 12 25 46 0 9 17 0 19 15 15 14 72 1 0 0 0 0 0 0 0 0 0 0 0 0 3 2 0 0 0 0 18 0 0 0 0 0 0 0 0 0 0 0 0 0 0 0 0 0 0 0 0 0 0 0 0 0 25 0 1 0 2 0 0 0 0 0 0 0 0 5 0 0 22 60 0 10 0 0 0 10 16 0 18 0 0 0 0 24 11 58 1 10 18 0 0 0 0 0 22 1 0 0 0 0 11 12 10 0 0 0 14 0 0 0 0 0 0 0 0 0 0 0 0 0 0 0 0 0 0 0 0 0 0 0 0 0 0 0 0 0 0 0 0 0 0 0 0 0 0 0 0 0 0 0 0 0 0 0 139 1 22 0 0 9 0 0 0 0 0 0 0 0 0 0 0 0 0 0 0 0 0 0 0 0 0 1 0 0 0 2 0 0 0 0 0 0 0 0 0 0 0 0 
 36 169 524 154 63 221 41 350 70 463 230 168 20 125 233 176 127 0 29 72 1 2 0 0 0 0 73 3 0 0 0 3 6 101 0 0 0 0 3 0 0 20 0 0 3 0 2 3 0 1 0 0 2 3 0 3 3 0 5 0 3 0 0 3 0 0 0 3 3 0 0 1 0 2 0 0 3 0 0 0 3 14 22 43 26 16 0 0 23 18 10 28 0 0 3 39 2 32 0 0 18 0 0 0 0 0 0 0 10 0 0 0 45 0 0 0 11 0 8 30 0 0 0 0 0 0 0 0 0 1 1 0 0 1 0 0 0 0 0 0 0 0 0 0 0 0 4 0 0 0 0 0 0 0 0 0 0 0 0 0 1 17 0 15 3 52 1 8 1 82 10 14 0 3 32 26 64 38 0 0 44 0 0 0 0 0 31 0 0 41 0 0 28 14 0 0 0 0 28 9 0 0 0 2 0 0 0 0 0 0 0 0 0 0 0 0 0 0 0 0 0 0 0 0 0 0 0 0 0 0 0 0 1 0 0 0 0 0 0 0 0 1 0 0 0 4 6 0 0 2 49 6 0 0 0 0 0 0 0 0 0 0 0 0 0 0 0 0 0 0 0 0 0 0 0 23 0 0 0 0 0 0 0 0 0 0 0 20 0 0 
 167 65 44 80 63 38 462 201 119 87 39 50 209 174 77 52 130 29 0 176 2 75 0 0 0 0 0 3 1 0 1 3 3 3 0 0 0 0 0 2 0 0 0 0 7 0 0 3 0 0 0 0 2 3 0 3 2 2 2 0 3 0 0 3 0 0 0 3 0 0 0 0 0 2 0 1 3 0 0 0 60 17 16 0 0 0 10 35 14 0 0 0 9 14 31 0 0 0 34 13 0 0 0 0 0 0 32 0 0 0 0 13 0 0 0 0 0 0 0 0 0 0 0 1 0 0 0 0 0 0 0 0 0 0 0 0 0 1 0 0 0 0 2 0 0 0 1 0 0 0 0 0 0 0 0 0 0 0 0 0 2 0 16 0 0 0 0 14 0 18 0 0 1 15 0 0 0 0 10 21 0 0 0 0 0 0 0 0 0 0 0 0 0 0 0 0 0 0 0 0 0 0 0 0 0 0 0 0 0 0 4 0 0 0 2 0 0 0 0 0 0 0 0 0 0 0 0 0 0 0 0 0 0 0 0 0 0 1 0 0 0 0 0 0 0 0 0 0 0 0 2 8 0 0 0 0 0 0 0 0 0 0 1 0 0 0 1 0 0 0 0 0 0 0 0 0 0 0 0 0 0 0 0 0 0 0 0 0 0 0 
 66 82 56 161 79 48 154 50 598 121 282 45 150 96 104 361 60 72 176 0 0 2 0 0 2 0 0 3 0 0 0 3 3 3 0 0 0 0 0 0 0 0 0 0 3 0 0 3 0 0 0 0 2 3 0 3 2 5 2 0 3 0 0 3 0 2 0 3 0 0 0 0 0 2 0 0 3 0 0 0 53 21 20 0 0 0 35 48 0 14 22 43 54 71 7 12 0 0 23 11 0 0 0 0 0 0 0 0 0 0 0 0 0 0 0 0 13 0 0 0 0 0 0 0 1 0 0 0 0 0 7 0 0 0 0 0 0 0 0 0 0 0 0 0 0 0 0 0 0 0 0 0 0 0 0 0 1 0 0 0 0 12 0 14 0 0 34 16 1 20 0 15 0 27 32 10 68 0 18 21 0 0 0 0 0 0 0 0 0 0 0 0 0 0 10 0 0 0 0 0 0 0 0 0 0 0 0 22 0 0 0 0 0 0 0 0 0 0 0 0 0 0 0 0 0 0 0 0 0 0 0 0 0 0 0 0 0 0 0 0 0 14 0 0 0 4 0 0 0 0 0 17 0 0 1 0 0 0 0 0 0 0 0 0 0 0 0 0 0 0 0 0 0 0 0 0 0 0 0 0 0 0 0 0 0 0 0 0 0 0 
 0 0 0 1 152 311 0 205 3 0 95 0 0 209 7 8 60 1 2 0 0 116 87 117 49 43 196 36 177 228 26 31 299 126 291 242 184 102 58 292 3 0 1 0 2 0 2 3 3 2 2 6 0 2 2 0 64 0 0 0 0 0 4 0 3 3 6 0 2 0 0 0 0 0 0 0 0 18 0 0 0 0 0 0 39 8 1 0 19 9 0 18 49 0 1 0 0 0 0 0 14 0 68 33 15 0 36 55 0 33 0 18 14 30 1 26 8 26 0 0 0 0 0 0 0 0 0 0 0 0 0 0 0 0 0 0 0 0 0 7 0 0 2 0 7 0 0 0 22 0 0 0 0 0 0 0 0 0 0 0 0 0 0 9 6 16 0 0 0 0 0 0 0 0 1 0 0 62 0 0 13 12 49 0 0 12 0 23 16 11 10 0 32 0 37 0 43 0 9 0 11 0 0 0 0 0 13 0 0 0 0 0 0 0 0 0 0 0 11 0 0 0 0 0 0 0 0 0 0 0 0 0 1 0 0 0 0 0 0 0 0 0 0 0 0 0 74 0 0 0 0 0 0 0 2 0 0 1 0 2 2 2 0 0 0 0 0 0 0 22 0 0 0 0 0 0 0 11 0 0 0 20 0 0 0 0 5 0 0 0 
 2 2 2 2 2 4 4 2 2 2 3 77 2 2 2 57 2 2 75 2 116 0 574 283 27 122 260 230 129 111 96 56 43 504 198 90 118 117 284 137 3 0 0 0 0 0 0 0 3 2 3 0 0 0 5 0 0 1 54 36 0 2 2 0 3 2 0 0 0 0 0 0 0 0 0 0 0 0 6 0 0 0 0 0 0 0 0 0 0 0 0 0 0 1 0 0 0 0 0 0 15 18 14 0 13 14 30 25 19 6 28 33 12 31 27 19 16 15 0 13 18 0 0 0 0 0 19 13 0 0 0 0 14 0 0 0 0 0 0 0 0 0 0 0 0 0 0 0 0 0 0 0 0 0 0 0 19 0 13 0 0 9 0 11 1 0 0 0 0 0 0 5 0 0 0 0 0 0 0 5 30 54 14 7 0 13 13 0 9 1 28 17 22 10 18 2 1 34 0 19 0 0 0 1 0 0 25 0 0 0 0 0 19 1 0 23 0 0 20 0 0 0 0 0 0 0 0 0 1 0 0 0 0 0 0 0 0 0 3 0 0 0 13 0 0 0 0 0 0 74 0 0 0 0 0 0 2 1 90 0 2 0 0 0 0 0 0 0 0 0 0 0 0 0 0 0 0 0 0 0 0 12 0 0 0 0 0 0 0 0 
 0 0 0 3 0 0 3 0 0 1 0 43 0 0 0 0 0 0 0 0 87 574 0 173 49 104 153 206 175 129 228 128 46 57 280 218 52 134 33 273 3 2 0 0 2 2 5 1 3 6 13 0 0 0 4 0 0 1 67 0 0 1 3 0 3 2 0 0 0 0 0 0 0 0 1 0 0 0 9 0 0 0 0 0 0 0 0 0 0 0 0 0 0 0 0 0 0 0 0 0 1 24 0 11 43 0 37 17 9 6 22 10 11 0 12 15 0 14 0 19 15 0 0 0 10 0 0 0 0 0 0 0 24 0 0 0 0 0 0 10 0 0 0 0 0 0 0 5 0 1 0 0 0 0 0 0 0 0 13 0 0 0 0 11 13 0 0 0 0 1 0 0 0 0 0 0 0 0 0 2 54 33 0 25 0 14 15 1 54 7 1 20 0 12 0 22 0 3 0 2 0 0 0 0 0 0 38 0 0 0 0 0 35 0 0 16 0 0 14 18 0 0 0 0 0 0 0 0 2 0 0 0 0 0 0 0 0 0 0 0 0 0 12 0 0 0 0 0 0 0 0 0 0 1 0 1 4 1 1 0 0 0 0 0 0 0 0 0 0 0 0 0 0 0 0 0 0 0 0 0 0 19 0 0 0 21 0 0 0 0 
 0 3 0 0 0 0 0 0 3 0 0 0 0 3 4 0 0 0 0 0 117 283 173 0 84 123 190 153 254 97 130 79 128 607 352 190 123 181 75 282 3 0 0 0 0 0 64 2 3 3 3 0 0 0 4 0 0 2 64 0 0 1 3 0 3 2 13 0 0 0 0 0 0 0 0 0 0 2 0 0 0 0 0 0 0 0 2 0 0 0 2 0 1 0 2 0 0 0 0 0 18 16 65 37 18 9 24 32 14 20 20 57 0 31 10 23 9 29 0 7 11 0 0 0 0 0 1 0 0 0 0 10 33 0 1 0 0 2 47 6 4 0 1 10 2 0 0 3 0 0 0 0 0 0 0 0 0 0 0 0 0 0 0 0 0 1 0 0 0 0 0 0 0 4 0 0 0 0 0 6 19 20 31 1 0 33 0 0 19 12 48 11 18 1 9 9 8 2 0 0 0 0 0 0 0 0 45 0 0 0 0 0 11 0 0 11 0 0 57 0 0 0 0 0 0 0 0 0 0 0 0 0 0 0 0 0 0 0 0 0 0 0 11 0 0 0 0 0 0 0 0 0 0 0 3 1 2 14 4 2 1 14 0 0 0 0 0 0 0 0 0 0 0 0 0 0 0 0 0 0 1 0 0 0 0 0 0 0 0 0 
 0 2 0 0 0 0 2 0 0 0 0 0 2 0 0 0 3 0 0 2 49 27 49 84 0 241 74 55 81 310 160 82 80 105 106 350 112 29 66 91 3 55 65 0 0 0 153 138 3 2 2 0 44 0 126 0 0 1 29 17 0 2 3 0 3 2 0 0 0 0 0 0 0 0 0 0 0 0 49 0 0 0 0 0 0 0 0 0 0 0 0 0 0 0 0 0 0 0 0 0 0 0 14 0 0 43 0 0 0 0 0 13 0 0 0 0 0 9 0 0 32 0 0 0 0 0 28 22 37 0 0 1 32 31 15 0 0 4 28 15 0 0 0 0 0 0 0 0 0 0 0 0 0 0 0 0 17 0 0 0 0 0 0 0 0 0 0 0 0 0 0 0 0 0 0 0 0 0 5 0 0 0 0 6 3 26 0 0 0 20 0 20 0 0 0 0 0 31 0 0 0 33 0 33 0 0 9 2 38 2 0 0 38 22 28 0 22 16 37 14 0 0 0 0 0 0 0 0 0 30 0 0 0 0 0 0 0 0 0 0 0 0 0 0 0 2 0 0 0 0 0 0 0 0 6 3 2 48 154 2 0 11 0 0 0 1 0 0 0 0 0 0 0 0 0 0 0 0 0 15 0 0 0 0 0 0 0 0 0 0 
 2 0 0 0 0 2 0 1 77 0 0 2 0 0 8 0 0 0 0 0 43 122 104 123 241 0 263 27 61 120 222 153 19 87 91 215 73 199 46 52 3 63 24 0 0 0 120 5 116 1 5 0 0 65 10 0 0 0 127 67 0 3 4 0 3 2 3 4 4 1 1 0 6 2 0 0 0 9 0 1 0 0 0 0 0 0 0 1 0 0 1 0 0 0 0 0 0 0 0 0 0 0 11 14 9 24 13 2 0 11 34 1 0 0 0 1 0 1 0 7 25 0 0 0 0 0 16 0 1 0 0 0 33 18 0 15 1 0 12 35 3 0 0 0 0 0 0 0 0 0 0 0 2 0 0 0 0 0 1 1 0 0 0 2 0 0 0 0 0 0 1 0 0 0 1 0 0 0 2 0 0 6 0 12 26 25 0 0 28 17 12 38 0 1 1 24 0 9 0 0 3 0 0 0 0 0 3 16 0 0 0 0 0 0 12 19 0 14 17 0 0 0 0 0 0 0 0 0 0 0 0 0 0 0 0 0 0 0 0 0 0 0 11 0 0 0 1 0 0 0 0 0 0 0 14 0 1 74 1 1 5 2 0 0 0 16 36 0 0 0 0 1 0 0 0 0 0 0 0 0 0 0 0 0 0 4 18 0 0 0 
 0 78 0 0 76 0 0 0 5 61 72 0 0 3 5 0 4 73 0 0 196 260 153 190 74 263 0 93 134 44 98 28 396 307 182 101 118 28 263 252 3 65 0 0 0 0 0 1 3 0 1 4 1 0 0 0 1 1 0 0 0 0 2 0 3 2 0 0 0 0 0 0 0 0 0 0 0 1 0 0 0 0 20 1 0 7 0 0 0 7 8 11 0 0 0 1 7 23 0 0 13 37 59 26 37 0 11 85 12 33 10 1 0 7 28 25 8 14 35 0 0 0 0 18 0 0 0 0 0 0 0 0 0 0 0 0 0 0 0 0 0 0 0 14 0 0 0 2 0 0 1 0 0 0 0 0 0 0 8 0 0 0 0 0 64 0 0 0 0 0 8 12 0 0 0 0 0 1 0 0 0 24 18 39 0 2 2 12 0 0 15 16 23 41 16 0 30 11 20 13 0 0 0 0 0 0 0 0 0 1 0 0 0 0 0 0 0 0 11 25 0 0 0 0 0 0 0 0 0 1 0 0 0 0 0 0 0 0 0 0 0 0 0 0 0 1 0 2 0 0 0 0 0 0 4 2 3 0 0 0 2 2 0 0 1 0 0 0 0 0 46 0 0 0 0 0 0 0 0 0 0 30 0 0 0 0 0 0 0 0 
 3 4 3 5 3 3 3 3 6 3 3 30 3 4 6 3 6 3 3 3 36 230 206 153 55 27 93 0 157 150 38 118 84 417 219 112 41 133 59 48 65 0 0 0 0 0 0 1 3 2 0 0 0 3 0 0 4 1 64 0 0 0 3 2 3 2 0 0 0 0 0 0 0 0 0 0 0 0 4 0 0 0 0 0 11 11 0 0 0 14 0 0 1 0 0 0 9 1 0 0 9 1 0 0 1 0 18 9 9 1 36 0 9 47 30 0 14 41 39 21 0 0 0 0 0 0 11 0 1 0 0 0 10 0 1 0 0 0 0 0 0 0 0 0 0 0 0 0 0 0 0 0 0 0 0 4 0 0 4 0 0 0 13 9 8 0 0 0 26 0 0 0 0 0 0 2 0 1 0 1 39 22 0 16 0 13 13 14 3 0 1 0 28 11 13 19 17 7 0 22 0 0 0 0 0 0 27 0 0 0 0 0 19 0 0 0 0 2 0 0 0 0 0 0 0 0 0 0 0 1 0 0 0 0 1 0 1 2 0 0 0 0 0 0 0 0 0 0 0 35 0 0 0 2 6 2 1 8 0 0 2 0 4 0 0 0 0 0 0 0 0 0 0 0 0 0 0 0 0 0 0 0 0 0 0 0 0 0 0 0 
 0 0 0 2 0 0 2 1 0 0 0 85 0 2 0 55 0 0 1 0 177 129 175 254 81 61 134 157 0 93 484 268 105 349 157 507 171 277 197 375 3 2 0 0 0 5 3 1 3 2 67 5 88 0 18 0 5 1 0 1 0 0 3 0 3 2 3 0 0 0 6 0 0 0 0 0 0 0 0 3 0 0 0 0 0 0 0 0 0 0 0 0 0 0 0 0 0 0 0 0 11 15 16 9 87 13 14 9 33 27 19 43 0 9 45 60 14 12 0 13 1 0 0 0 0 0 10 22 0 1 0 0 0 0 22 0 0 0 10 13 0 0 0 0 0 0 0 1 0 1 0 0 0 0 0 0 0 0 0 0 0 0 0 0 7 0 0 0 0 0 0 0 0 44 0 0 0 0 0 7 1 20 0 9 0 0 18 41 24 0 49 16 0 16 0 21 8 19 0 44 47 0 0 0 0 0 1 0 0 0 0 0 1 20 15 0 0 0 30 0 0 0 0 0 0 0 0 0 1 0 4 0 0 0 0 0 0 0 0 0 0 0 0 0 0 0 0 0 0 0 0 0 0 0 0 0 0 76 1 2 2 1 0 0 0 0 0 0 0 0 0 0 0 0 0 0 0 0 0 0 0 22 0 0 0 0 0 0 0 0 
 0 0 0 0 0 0 3 0 0 0 1 0 0 0 0 0 0 0 0 0 228 111 129 97 310 120 44 150 93 0 179 204 252 96 345 278 106 32 53 103 3 0 0 2 0 0 1 0 3 2 0 0 65 0 1 2 0 1 1 0 0 0 7 3 3 2 0 0 0 0 0 0 7 0 3 3 0 2 0 0 0 0 0 0 1 6 0 0 0 0 0 1 0 0 0 0 2 0 0 0 1 0 0 31 15 36 0 10 15 11 59 11 0 10 10 0 19 21 13 0 34 0 0 0 0 0 19 8 0 0 0 0 36 15 0 14 0 0 31 23 0 0 0 1 0 0 0 0 1 0 0 0 0 0 2 6 0 0 0 0 0 0 0 0 1 0 0 0 0 0 0 0 0 0 0 0 0 0 0 0 12 15 0 34 28 27 20 14 0 0 15 26 11 9 1 0 13 33 0 5 3 62 0 0 0 0 10 9 2 0 0 0 23 0 19 30 0 0 20 15 0 2 0 0 0 0 1 0 7 0 0 0 0 0 0 0 0 0 1 0 0 0 0 0 0 0 1 0 0 0 0 0 0 0 2 0 0 75 35 0 1 0 2 0 0 0 0 0 0 0 1 0 0 0 0 0 0 0 0 8 0 0 0 0 0 0 0 0 0 0 
 0 0 0 0 73 0 0 0 65 0 0 0 0 0 1 0 3 0 1 0 26 96 228 130 160 222 98 38 484 179 0 260 30 145 81 298 189 134 45 67 3 0 207 0 0 0 9 38 61 0 6 0 62 0 19 0 0 1 0 0 0 1 3 0 7 2 52 0 0 0 0 0 0 0 0 0 0 0 0 0 0 0 1 0 4 0 0 0 0 0 0 0 0 0 0 0 0 12 0 0 17 10 0 9 12 0 25 52 0 22 1 27 8 5 12 45 0 11 0 5 0 0 0 1 1 0 0 11 0 0 0 0 15 0 0 0 0 19 14 10 0 0 0 0 0 0 2 0 0 0 0 0 0 0 0 0 0 0 5 0 0 0 0 0 0 0 0 2 0 0 0 0 0 0 0 4 0 0 0 0 3 21 0 48 0 0 1 27 70 0 30 18 0 8 1 11 0 23 0 0 0 13 13 0 0 0 9 0 0 11 0 0 8 0 0 0 0 0 17 21 0 0 0 0 0 0 0 0 0 0 0 0 0 0 0 0 0 0 0 0 0 0 10 0 0 0 0 0 0 0 0 0 0 0 0 1 2 75 0 0 14 0 0 0 0 0 0 0 0 0 0 0 0 0 0 0 0 0 0 0 0 6 0 1 0 9 0 0 0 0 
 2 6 3 2 3 2 2 2 6 2 3 2 2 3 2 2 4 3 3 3 31 56 128 79 82 153 28 118 268 204 260 0 58 120 327 398 526 147 25 42 3 0 0 0 0 0 65 63 3 2 0 0 2 0 72 0 0 0 0 0 0 2 6 0 7 3 0 0 0 0 0 0 0 0 0 0 0 0 0 0 0 0 0 0 0 0 0 0 0 0 0 0 0 0 0 0 0 0 0 0 0 2 15 49 12 15 18 5 2 19 0 0 0 3 17 14 0 19 0 0 0 0 0 0 14 0 44 10 0 0 1 0 0 2 0 0 0 0 11 9 7 0 0 0 0 0 0 3 0 0 0 0 0 0 0 0 0 0 0 0 0 1 0 0 0 0 0 0 0 0 2 0 0 0 0 7 0 0 0 0 0 16 0 17 0 29 0 33 26 23 7 0 0 0 1 11 0 38 0 0 0 0 7 12 0 0 8 0 8 18 13 0 55 1 0 0 8 0 2 1 0 0 0 0 0 0 0 0 0 0 0 0 0 0 0 0 0 0 0 0 0 0 0 0 0 0 0 0 0 0 0 0 0 0 0 0 0 82 73 0 29 10 0 0 0 0 0 0 0 0 0 0 0 0 0 0 0 0 0 0 0 0 0 0 0 14 0 0 0 2 
 3 8 3 31 111 191 3 3 78 73 160 3 5 3 84 78 162 6 3 3 299 43 46 128 80 19 396 84 105 252 30 58 0 57 54 30 39 120 400 73 5 0 0 0 0 0 0 3 3 0 94 8 0 202 0 0 0 1 0 0 0 0 3 0 3 2 6 0 0 0 0 0 0 0 0 0 0 0 0 0 0 0 0 3 9 5 0 0 23 30 15 1 0 0 10 25 17 14 0 0 19 22 49 22 18 11 19 19 1 0 16 24 45 1 0 11 5 10 6 9 0 0 0 0 0 0 0 0 0 0 0 0 0 0 0 0 0 0 0 21 0 9 0 0 6 0 0 0 4 0 0 0 0 1 0 0 0 2 0 0 0 19 0 0 2 17 0 6 0 0 0 0 0 0 1 0 0 0 0 0 0 0 20 11 2 11 12 31 22 9 9 0 1 47 35 21 28 0 11 18 0 0 0 0 0 0 0 0 0 2 0 0 0 0 0 0 0 0 9 0 0 0 0 0 0 1 0 0 0 0 0 0 0 0 0 2 0 0 0 0 0 0 0 0 0 0 27 0 76 0 0 0 0 0 3 0 1 0 0 0 2 0 0 0 0 0 0 0 0 0 0 0 0 0 0 0 0 9 0 0 0 20 0 0 0 0 0 0 0 0 
 3 5 3 3 3 7 3 32 6 3 69 95 5 9 6 3 7 101 3 3 126 504 57 607 105 87 307 417 349 96 145 120 57 0 222 156 42 181 180 131 3 0 204 0 0 0 0 0 3 2 0 0 0 0 0 0 6 2 64 1 0 0 2 0 3 2 0 4 0 0 0 0 1 0 0 0 0 10 0 0 0 0 0 0 57 14 0 0 1 18 0 16 0 0 0 0 0 0 0 0 18 0 2 19 0 0 10 34 27 14 20 23 22 19 0 58 33 25 26 0 0 0 0 0 0 0 8 0 0 0 0 0 0 2 0 0 0 0 0 19 0 0 0 0 0 0 0 0 1 0 0 0 0 0 0 4 0 0 0 0 0 0 13 12 10 24 0 0 16 0 0 0 0 0 0 5 0 0 0 0 18 18 12 2 0 0 19 30 26 38 12 0 11 9 1 7 60 13 45 2 0 0 0 0 0 0 10 0 17 0 1 0 0 0 0 0 0 0 10 0 0 0 0 0 0 0 0 0 0 0 0 0 0 0 0 0 0 0 0 0 0 0 0 0 0 0 1 0 0 0 31 0 0 0 2 0 2 0 0 2 17 0 0 0 0 0 38 0 0 0 0 0 0 0 0 0 0 0 0 0 0 0 0 0 0 0 16 0 0 2 
 0 0 0 0 1 75 2 0 2 1 4 74 0 77 0 2 0 0 0 0 291 198 280 352 106 91 182 219 157 345 81 327 54 222 0 175 107 49 266 337 3 0 0 0 0 0 0 0 4 1 2 8 0 0 0 0 0 0 63 3 48 0 0 8 3 3 0 0 0 0 1 67 0 0 0 0 0 0 3 0 0 0 0 0 1 5 0 0 2 0 0 0 0 0 0 0 0 0 0 0 0 76 52 32 17 20 13 40 17 28 27 0 24 15 15 8 29 22 0 8 0 0 0 0 0 0 0 0 0 0 0 0 6 0 0 0 0 0 0 0 2 2 0 0 0 0 0 8 0 0 0 0 0 0 0 0 0 0 3 0 0 0 0 11 0 17 0 0 0 0 0 0 0 0 0 0 0 0 0 6 11 20 35 11 0 13 0 12 0 20 22 13 17 16 8 12 19 10 0 14 0 0 0 0 0 0 18 0 0 0 1 0 36 0 2 0 0 0 10 13 0 0 0 0 0 0 0 0 9 0 0 0 0 0 0 0 0 0 0 0 0 0 0 0 0 0 0 0 0 74 0 0 0 0 0 0 0 2 0 2 4 2 0 0 0 0 0 0 0 0 0 0 0 0 0 0 0 0 0 0 0 21 0 0 0 0 0 0 0 0 
 0 0 0 0 0 1 3 0 0 0 3 1 0 1 4 0 1 0 0 0 242 90 218 190 350 215 101 112 507 278 298 398 30 156 175 0 355 253 36 71 3 0 0 0 0 0 2 2 3 3 3 0 62 0 20 0 0 2 60 0 0 2 3 0 3 2 0 1 0 0 0 0 7 0 0 0 0 0 0 0 0 0 0 0 1 29 0 0 0 0 0 0 0 0 0 0 0 0 0 0 0 10 14 0 0 27 11 13 45 18 52 0 0 11 13 8 38 16 15 0 18 0 0 0 7 0 20 0 0 2 0 0 13 0 0 0 0 0 16 0 13 0 0 0 0 0 0 0 0 2 0 0 0 0 0 9 0 0 0 0 0 0 1 0 0 1 0 0 0 2 0 0 0 3 0 0 0 0 0 12 14 14 16 22 15 9 14 8 14 3 1 5 23 11 2 17 22 32 15 21 0 31 0 0 0 0 40 0 0 0 0 0 29 0 7 29 0 0 17 0 0 0 0 0 0 0 0 0 0 0 0 0 0 0 0 0 11 0 0 0 0 0 23 0 0 0 3 0 0 0 1 0 0 0 8 0 0 76 78 0 77 0 0 0 0 0 0 0 0 0 0 0 0 0 0 0 0 0 0 0 0 0 0 0 0 1 0 0 0 0 
 0 3 1 0 1 0 2 0 3 0 0 0 0 5 0 0 3 0 0 0 184 118 52 123 112 73 118 41 171 106 189 526 39 42 107 355 0 207 332 82 3 0 4 0 0 0 0 1 3 2 0 2 0 0 0 0 0 1 0 0 0 0 29 0 4 3 6 0 0 0 3 1 0 0 0 0 0 0 0 0 0 0 0 0 7 2 0 0 0 0 0 0 0 0 0 0 2 0 0 0 20 22 31 11 42 0 0 10 11 3 0 53 12 29 16 46 0 8 0 0 21 0 0 0 0 0 42 0 0 0 0 0 14 0 1 0 0 0 0 43 0 0 0 1 0 0 0 4 0 0 0 0 0 0 2 0 0 0 21 0 0 0 0 0 2 0 1 0 0 0 0 0 1 0 0 1 0 0 0 0 21 20 9 10 0 33 0 25 2 17 9 36 7 0 7 13 9 39 0 0 3 0 0 8 0 0 10 0 0 0 0 0 9 0 0 20 9 0 30 20 0 1 0 0 0 0 2 0 0 0 0 0 0 0 0 0 0 0 0 0 0 0 0 0 0 0 0 0 0 0 0 0 0 0 8 0 4 7 40 0 0 1 0 0 0 0 0 0 0 0 0 0 0 0 0 0 0 0 0 0 0 19 0 0 0 0 0 0 0 12 
 0 2 2 1 0 0 0 0 0 0 0 0 0 0 7 3 2 0 0 0 102 117 134 181 29 199 28 133 277 32 134 147 120 181 49 253 207 0 53 25 3 0 0 0 0 3 61 0 3 2 8 0 0 0 15 0 0 1 29 0 0 1 2 0 3 2 4 0 0 0 0 0 0 0 0 0 0 2 0 0 0 0 0 2 8 0 0 0 0 1 0 0 0 0 0 0 0 0 0 0 23 0 28 28 20 8 41 21 0 31 0 25 15 7 12 42 0 24 0 7 13 0 0 0 0 0 19 7 0 0 0 0 11 0 0 0 0 0 9 6 0 0 0 0 0 0 0 0 1 0 0 0 0 0 0 0 1 0 2 0 0 0 0 0 0 0 0 0 0 0 0 0 0 0 0 5 0 0 0 0 37 2 10 1 0 8 0 31 85 13 40 3 2 0 8 0 9 24 0 0 0 0 0 0 0 0 14 0 0 0 0 0 0 9 0 4 0 0 13 0 0 0 0 0 0 0 0 0 0 0 0 0 0 0 1 0 0 0 0 0 0 0 13 0 0 0 0 0 0 0 0 0 0 0 5 0 5 113 1 0 14 9 0 0 0 0 0 0 0 0 0 0 0 0 0 0 0 0 0 0 0 0 0 0 0 0 1 0 0 0 
 0 3 0 30 151 176 0 0 76 0 0 46 0 0 76 74 76 3 0 0 58 284 33 75 66 46 263 59 197 53 45 25 400 180 266 36 332 53 0 191 3 0 0 1 0 0 56 0 3 2 0 7 0 0 0 0 0 0 0 0 0 0 1 0 3 2 13 0 0 0 0 0 0 4 0 0 0 1 0 0 0 0 0 0 18 9 0 0 12 21 0 9 1 0 11 19 16 0 0 0 31 69 101 26 24 0 17 19 0 0 0 1 29 0 0 0 29 0 0 9 0 0 1 0 0 0 0 0 0 0 0 0 0 0 0 0 0 2 1 0 0 0 0 0 7 0 0 0 4 0 0 1 0 0 0 0 0 0 1 1 0 18 0 16 19 14 0 0 1 0 0 1 0 0 0 0 1 0 0 0 9 0 4 0 0 0 51 39 28 14 12 0 0 55 10 3 26 0 0 8 0 0 0 0 0 0 0 0 0 0 0 0 0 0 0 0 0 0 6 0 28 0 0 0 0 0 0 0 0 0 0 0 0 1 0 0 1 0 0 0 0 0 0 0 0 0 75 0 76 0 0 0 0 0 1 2 0 0 0 0 0 0 0 0 0 0 0 0 0 0 0 0 0 0 0 0 2 0 0 0 0 22 0 0 0 0 0 0 0 0 
 0 1 0 73 1 76 0 0 77 0 74 27 0 0 0 77 149 0 2 0 292 137 273 282 91 52 252 48 375 103 67 42 73 131 337 71 82 25 191 0 3 0 3 0 0 0 0 0 3 0 0 6 0 0 0 0 0 1 3 0 0 0 1 0 3 2 0 0 0 0 0 0 0 0 46 0 0 0 4 0 0 0 0 0 19 25 0 0 0 17 0 0 0 0 0 0 9 1 0 0 9 19 29 17 0 0 57 31 1 0 15 0 43 24 10 14 6 0 14 23 0 0 0 0 1 0 0 0 0 0 0 0 0 0 0 0 0 0 0 0 0 0 0 0 0 0 0 0 0 0 0 0 0 1 0 0 0 0 10 0 0 0 0 29 0 26 0 0 0 0 26 1 0 0 6 0 0 8 0 0 11 23 38 8 0 0 0 40 0 28 2 0 49 8 3 10 8 0 13 11 0 0 0 0 0 0 0 0 0 0 0 0 0 0 0 0 0 0 0 0 0 0 0 0 0 0 0 0 0 0 2 0 0 1 0 0 0 0 0 0 0 0 0 0 0 0 0 0 0 31 0 2 0 0 0 1 4 0 2 2 2 0 0 0 0 0 0 0 0 0 0 0 0 0 0 0 2 19 0 0 0 19 0 0 0 0 0 0 0 0 
 0 0 0 0 0 0 0 57 0 0 0 3 0 2 4 0 62 0 0 0 3 3 3 3 3 3 3 65 3 3 3 3 5 3 3 3 3 3 3 3 0 99 129 209 76 46 145 128 95 301 128 118 128 151 98 113 373 33 107 376 0 2 0 0 0 0 0 0 0 0 0 0 0 0 0 52 0 0 0 0 0 0 0 0 0 0 0 0 0 0 0 0 0 0 0 0 0 0 0 0 0 0 0 0 0 0 0 0 0 0 0 0 0 0 0 0 0 0 0 0 32 10 7 36 0 0 32 12 30 12 23 25 41 24 0 20 3 0 0 0 0 0 0 0 0 0 0 0 0 0 0 0 13 0 0 0 0 0 0 0 0 0 0 0 0 0 0 0 0 0 0 0 0 0 0 0 0 0 1 0 0 0 0 0 33 0 0 0 0 0 0 0 0 0 0 0 0 0 0 0 11 0 10 0 0 3 10 23 3 27 6 6 0 1 0 0 18 0 0 25 0 0 0 0 0 0 0 0 0 0 0 6 7 0 0 0 0 0 0 0 0 0 13 0 0 0 0 0 0 0 0 10 0 0 0 0 0 0 0 0 0 0 2 0 0 18 0 0 0 0 0 0 0 0 0 0 0 0 0 0 0 0 0 0 11 0 0 4 0 0 
 3 4 6 0 70 0 0 0 0 24 2 7 0 3 7 0 6 20 0 0 0 0 2 0 55 63 65 0 2 0 0 0 0 0 0 0 0 0 0 0 99 0 289 67 103 251 142 339 128 274 199 45 141 57 123 35 93 68 334 281 0 0 0 0 0 0 0 0 5 0 0 0 0 0 0 2 0 1 0 0 0 5 0 6 0 0 5 10 6 0 0 0 0 0 14 0 0 0 0 0 0 0 0 0 0 0 0 0 0 0 0 0 0 0 0 0 0 0 0 0 10 2 0 43 21 0 0 0 13 25 5 56 0 11 0 0 0 63 0 10 0 2 0 30 0 0 0 9 0 0 0 0 1 0 0 0 0 0 7 16 0 12 0 0 0 0 0 0 0 0 5 0 0 0 0 5 0 0 2 0 6 0 0 0 2 6 3 0 5 0 0 0 13 0 0 0 0 0 8 0 6 3 68 36 28 0 0 5 19 21 0 0 0 0 0 11 31 53 0 0 2 0 0 0 0 0 0 27 0 0 0 0 7 0 0 0 0 0 10 0 0 0 0 0 0 0 2 0 0 0 0 7 0 2 0 0 0 0 63 0 0 0 37 0 2 3 0 67 0 0 0 0 0 0 0 0 0 0 0 0 0 0 0 0 3 0 0 0 2 0 
 0 0 0 0 0 0 0 0 0 0 0 0 0 4 3 0 0 0 0 0 1 0 0 0 65 24 0 0 0 0 207 0 0 204 0 0 4 0 0 3 129 289 0 107 36 38 160 149 172 39 154 48 128 185 60 60 201 28 80 459 0 0 0 3 0 0 0 0 3 0 0 0 0 2 0 50 1 0 0 0 0 0 0 0 0 0 0 0 0 0 7 0 0 0 0 0 0 0 0 0 0 0 0 0 0 0 0 0 0 0 0 0 0 0 0 0 0 0 0 0 0 0 7 67 0 0 0 1 10 25 87 22 0 14 9 9 11 0 0 34 0 2 7 0 0 0 0 7 0 0 0 0 15 0 3 0 0 0 13 7 0 0 0 0 0 0 0 0 0 0 0 0 0 0 0 0 0 0 2 0 0 0 0 0 49 0 0 0 0 0 1 0 0 0 0 0 0 0 0 0 18 0 15 7 8 11 11 19 0 15 0 16 0 1 9 10 36 33 0 0 0 0 0 0 0 0 5 12 0 0 0 10 0 0 0 0 0 0 7 0 0 0 0 0 0 0 0 0 0 0 0 9 26 1 0 0 0 0 0 0 0 0 0 0 1 12 4 34 0 0 0 0 0 0 0 0 0 0 0 0 0 0 0 0 11 0 0 18 0 0 
 0 0 0 0 0 0 2 0 0 0 0 0 0 0 0 0 2 0 0 0 0 0 0 0 0 0 0 0 0 2 0 0 0 0 0 0 0 0 1 0 209 67 107 0 122 114 131 76 188 258 54 178 63 100 311 127 134 325 348 184 0 0 20 13 0 1 0 0 8 0 0 0 2 28 0 2 0 0 0 3 0 0 0 0 0 0 0 0 0 0 0 0 0 8 0 0 0 0 0 0 0 0 0 0 0 12 0 0 0 0 0 0 0 0 0 0 0 0 0 0 11 6 7 0 11 0 7 0 15 10 11 1 8 11 0 0 9 12 0 0 0 0 0 11 0 7 0 16 0 0 0 6 8 24 0 0 0 0 0 0 0 0 0 0 0 4 0 0 0 3 0 8 4 0 0 23 0 0 0 0 0 0 0 0 0 0 0 0 0 0 0 0 0 0 0 0 0 0 0 0 10 11 1 11 0 0 0 0 0 1 21 23 0 9 0 13 10 13 0 11 18 0 0 0 8 0 0 7 0 0 0 11 20 0 0 0 0 0 18 14 0 0 43 0 0 0 0 0 0 0 0 9 0 0 0 0 0 0 0 25 0 0 0 65 0 0 0 0 0 0 0 0 0 0 0 4 0 0 0 0 0 0 0 0 10 1 0 11 0 0 
 47 4 3 3 2 3 3 3 3 5 3 3 3 5 7 3 7 3 7 3 2 0 2 0 0 0 0 0 0 0 0 0 0 0 0 0 0 0 0 0 76 103 36 122 0 287 62 72 129 89 232 109 269 163 53 43 126 150 68 267 0 0 0 4 0 0 109 72 30 0 0 0 73 99 81 1 45 0 56 0 0 0 0 0 0 0 0 0 0 0 0 0 0 0 0 0 0 0 0 0 0 0 16 0 0 0 0 10 0 0 0 0 0 0 0 0 0 0 0 0 0 0 0 23 0 8 0 0 0 15 17 1 0 0 14 10 0 9 0 0 12 14 21 1 0 0 11 8 4 3 0 9 2 0 26 2 10 4 57 0 0 0 0 0 8 0 0 0 0 0 0 0 1 0 0 0 0 0 0 0 0 0 0 0 0 0 0 0 0 0 0 0 0 0 0 0 0 0 0 0 0 0 0 2 50 10 0 0 0 0 0 8 0 0 0 20 0 0 0 0 37 0 0 0 0 0 20 39 0 26 0 0 2 16 27 5 0 0 12 0 0 7 0 0 0 0 0 0 0 0 1 5 0 0 0 0 0 0 0 1 0 0 1 1 0 3 0 5 1 0 0 0 0 0 0 0 0 0 0 0 0 0 0 0 0 0 0 0 0 0 
 0 0 0 0 0 40 0 0 0 0 0 0 0 3 4 0 1 0 0 0 0 0 2 0 0 0 0 0 5 0 0 0 0 0 0 0 0 3 0 0 46 251 38 114 287 0 462 325 106 95 175 105 35 59 32 133 153 344 39 30 52 0 0 0 0 0 50 2 0 0 0 0 0 50 0 2 0 0 2 0 0 0 8 0 0 0 0 0 0 0 0 0 0 0 0 0 0 0 0 0 0 0 0 0 0 0 0 0 0 0 0 0 0 0 0 0 0 0 0 0 0 7 0 1 15 29 0 0 3 0 0 1 0 0 0 0 1 11 0 0 14 20 0 2 0 0 0 2 0 0 0 11 18 14 0 10 0 0 0 6 0 0 0 0 0 1 0 0 0 4 0 44 4 0 0 0 0 0 0 0 0 0 0 0 0 0 0 0 0 0 0 0 0 0 14 0 0 0 0 0 0 5 0 12 13 15 0 0 1 0 13 36 0 0 0 11 0 0 0 0 17 24 2 0 0 0 33 0 0 9 0 0 5 12 15 0 8 12 28 22 0 0 0 0 0 0 0 0 0 0 0 10 0 0 0 0 0 1 0 12 0 18 2 41 66 4 0 3 2 0 10 0 0 0 0 0 0 0 0 0 0 0 28 0 5 0 0 0 0 0 
 0 0 0 1 63 0 0 0 2 2 0 43 3 1 0 0 3 2 0 0 2 0 5 64 153 120 0 0 3 1 9 65 0 0 0 2 0 61 56 0 145 142 160 131 62 462 0 247 97 69 43 96 144 187 109 91 40 105 121 117 0 0 0 0 0 0 0 0 0 0 0 0 0 0 0 0 0 7 0 3 0 0 0 0 0 0 0 0 0 0 0 0 0 0 0 0 0 0 0 0 0 0 7 5 0 24 0 0 0 0 0 10 0 0 0 0 0 0 0 0 28 28 5 32 0 27 30 11 12 12 43 1 13 23 16 10 0 28 15 18 2 1 0 0 0 0 0 0 0 0 0 0 4 0 0 0 0 0 0 0 0 0 0 0 0 0 0 0 0 0 0 0 0 0 0 0 0 0 5 0 0 0 0 0 14 22 0 0 0 7 8 0 0 0 0 0 0 0 0 0 6 12 6 0 1 0 1 22 6 1 6 0 12 6 15 0 43 40 8 16 10 0 0 0 0 0 4 0 0 0 0 0 0 0 0 0 0 0 4 0 0 0 9 0 0 0 0 0 0 0 0 0 0 0 0 0 0 64 62 0 0 16 0 0 4 1 0 0 0 1 0 0 0 0 0 0 0 0 0 0 0 0 0 0 0 1 0 0 0 0 
 3 57 3 3 3 57 3 3 4 3 3 3 3 5 6 3 3 3 3 3 3 0 1 2 138 5 1 1 1 0 38 63 3 0 0 2 1 0 0 0 128 339 149 76 72 325 247 0 153 54 133 46 488 143 205 329 243 102 63 184 0 0 0 0 1 0 0 0 0 0 0 0 0 0 0 1 0 0 0 0 0 0 0 0 0 0 0 0 0 0 0 0 0 0 0 0 0 0 0 0 0 0 0 0 18 0 0 0 0 0 0 0 0 0 0 0 0 0 0 0 8 9 8 26 0 42 0 30 5 4 29 13 0 1 18 1 0 7 20 17 0 1 0 0 0 0 0 0 0 0 0 0 4 1 0 0 0 0 0 5 0 0 0 0 0 0 0 0 0 0 0 0 0 4 0 0 0 0 5 0 0 0 0 18 0 2 0 0 0 0 0 0 0 0 0 0 0 0 0 0 11 23 36 10 0 0 0 0 10 46 4 14 21 19 15 0 40 31 0 2 0 0 0 0 0 0 13 0 0 0 0 15 15 0 0 0 0 0 6 0 0 0 0 0 0 0 0 0 0 0 0 16 0 2 0 0 0 63 22 2 0 0 65 0 0 1 4 0 2 0 7 0 0 0 0 0 0 0 0 0 0 0 0 0 20 0 0 24 1 0 
 0 0 0 0 0 0 3 0 0 0 0 0 0 0 0 0 0 0 0 0 3 3 3 3 3 116 3 3 3 3 61 3 3 3 4 3 3 3 3 3 95 128 172 188 129 106 97 153 0 153 178 336 52 222 142 370 178 178 93 69 0 0 3 0 3 1 0 0 6 1 0 0 10 1 0 2 1 4 55 6 0 0 0 0 0 0 14 0 0 0 0 0 0 0 0 0 0 0 0 0 0 0 0 0 0 0 0 0 0 0 0 0 0 0 0 0 0 0 0 0 0 37 21 31 18 2 10 5 14 12 20 6 0 17 10 11 32 19 1 3 0 7 0 6 0 0 0 23 0 0 0 0 10 18 0 0 0 0 10 16 0 0 0 0 0 0 0 0 0 0 0 0 0 0 0 0 0 0 0 0 0 0 0 0 11 0 0 0 0 0 0 0 0 0 0 0 0 0 0 0 0 3 4 30 4 25 0 10 7 7 45 64 0 0 21 8 0 0 0 1 10 0 0 0 0 0 14 8 0 0 0 0 46 0 0 0 0 0 14 0 0 0 0 0 0 0 0 0 0 0 0 3 0 0 0 0 0 0 0 1 0 0 1 0 1 9 1 1 0 1 3 0 0 0 0 0 0 0 0 0 0 0 4 0 10 14 0 0 0 0 
 0 0 2 2 0 0 0 0 4 2 2 0 0 2 7 2 4 1 0 0 2 2 6 3 2 1 0 2 2 2 0 2 0 2 1 3 2 2 2 0 301 274 39 258 89 95 69 54 153 0 310 322 281 123 69 370 72 406 87 142 64 0 18 3 0 0 0 1 6 0 0 0 0 1 0 0 0 0 0 0 0 10 0 0 0 0 0 0 0 0 0 0 0 0 0 0 0 0 0 0 0 0 0 0 0 0 0 0 0 0 0 0 0 0 0 0 0 0 0 0 11 6 12 0 0 0 7 0 10 13 0 0 6 10 0 0 0 14 0 0 0 7 0 7 46 7 0 0 0 0 0 0 47 7 1 0 2 46 0 0 0 0 0 0 0 5 0 2 0 0 0 2 0 0 0 0 0 0 0 0 0 0 5 0 0 0 0 0 0 0 0 0 0 0 0 0 0 0 0 0 1 6 13 29 17 0 0 0 1 0 0 0 0 14 0 10 1 0 0 10 20 0 10 0 0 0 0 0 0 0 0 0 17 1 0 0 0 3 22 33 0 0 11 0 0 0 0 0 0 0 0 3 0 0 0 0 0 2 0 25 0 0 1 2 64 2 0 0 2 0 0 0 0 0 0 5 0 0 0 0 0 0 0 0 0 16 0 0 0 0 
 0 0 0 0 0 0 1 0 0 9 0 0 0 0 2 2 0 0 0 0 2 3 13 3 2 5 1 0 67 0 6 0 94 0 2 3 0 8 0 0 128 199 154 54 232 175 43 133 178 310 0 66 80 142 182 140 83 141 73 328 0 66 3 1 3 0 0 3 20 0 4 0 0 3 0 1 0 0 0 0 0 0 0 0 1 0 0 0 16 0 0 0 0 0 0 0 0 0 0 0 0 0 0 0 4 42 10 0 0 0 0 16 0 0 0 12 0 0 0 9 10 9 1 33 0 7 0 12 18 20 26 30 1 0 6 2 0 6 17 0 0 0 0 0 0 0 0 3 0 0 0 0 1 1 0 0 0 5 45 18 0 0 0 0 0 0 0 0 0 0 0 0 0 5 0 0 0 0 1 0 0 0 0 0 0 7 0 0 10 0 3 6 0 0 0 0 0 0 0 0 10 6 6 24 19 0 0 0 11 46 0 17 0 5 7 19 23 19 16 0 0 0 0 0 0 0 10 4 0 0 0 15 17 0 0 0 0 0 20 0 0 0 6 0 0 0 0 0 0 0 0 2 2 5 0 0 0 0 62 0 0 1 63 1 4 0 2 78 0 0 7 0 0 0 0 2 0 0 0 0 0 0 0 0 20 0 0 25 1 12 
 0 0 0 0 0 5 0 0 0 0 0 0 0 0 0 0 2 0 0 0 6 0 0 0 0 0 4 0 5 0 0 0 8 0 8 0 2 0 7 6 118 45 48 178 109 105 96 46 336 322 66 0 34 50 25 332 77 80 265 42 55 0 0 0 0 0 60 2 54 0 0 0 46 51 52 1 0 1 50 0 0 0 0 0 0 8 0 0 0 0 0 0 0 0 0 0 0 0 0 0 0 4 18 2 0 0 0 3 1 3 29 1 11 0 3 0 8 0 0 0 4 22 10 0 0 22 8 0 12 0 0 1 26 0 0 0 0 7 0 0 0 13 7 3 0 0 15 1 3 7 0 10 0 0 29 0 15 0 22 20 0 0 0 0 0 4 0 0 0 0 0 0 0 0 0 0 0 0 0 0 0 0 4 7 0 0 1 4 0 4 0 0 0 8 0 4 0 0 0 0 10 0 11 1 28 23 0 10 0 0 7 6 0 6 0 0 1 0 0 0 2 0 19 0 0 0 23 18 11 0 0 10 11 15 22 0 1 0 0 0 0 0 12 0 0 0 0 0 0 0 0 18 0 1 0 0 0 0 0 2 0 2 0 2 0 1 2 0 0 2 20 0 0 0 0 0 0 0 0 0 0 3 0 0 0 0 0 0 0 0 
 2 2 2 2 2 2 2 2 2 2 2 2 2 2 3 2 2 2 2 2 0 0 0 0 44 0 1 0 88 65 62 2 0 0 0 62 0 0 0 0 128 141 128 63 269 35 144 488 52 281 80 34 0 155 180 36 40 42 353 132 4 0 3 0 0 2 0 0 0 0 0 0 4 0 0 5 4 7 0 0 0 0 0 0 0 0 0 0 0 0 0 0 14 0 0 0 0 0 0 0 0 0 0 0 4 19 0 0 5 0 0 11 0 0 2 0 0 0 0 0 11 0 24 20 22 0 0 43 12 0 18 20 0 22 25 20 13 0 37 28 24 4 1 0 0 0 0 1 3 0 0 0 0 0 35 0 0 0 5 0 0 0 0 0 0 0 0 0 0 0 0 0 0 30 0 0 0 0 6 2 0 0 0 20 0 7 0 0 0 0 0 9 0 0 0 0 0 9 0 0 56 16 40 0 3 22 0 0 0 5 0 9 24 4 23 17 33 9 12 1 27 0 0 0 0 0 0 22 4 0 5 10 0 9 0 0 10 0 0 21 0 0 0 0 0 0 0 0 0 0 0 8 0 0 0 0 0 29 62 0 0 0 5 0 0 0 9 0 2 0 0 0 0 0 0 0 0 0 0 0 0 0 0 0 10 0 0 44 0 0 
 3 3 3 3 3 3 4 3 5 3 3 3 3 3 3 3 6 3 3 3 2 0 0 0 0 65 0 3 0 0 0 0 202 0 0 0 0 0 0 0 151 57 185 100 163 59 187 143 222 123 142 50 155 0 82 56 312 237 185 359 0 2 0 0 0 0 0 0 0 0 0 0 0 49 0 56 0 0 0 0 0 0 0 0 0 0 0 0 0 0 0 0 0 0 0 0 0 0 0 0 0 0 0 0 0 0 0 0 0 0 0 0 0 0 0 0 0 0 0 0 0 47 0 73 0 19 25 0 12 28 71 37 0 42 17 11 11 27 0 9 0 0 0 0 0 0 4 0 0 8 0 0 0 3 0 3 0 16 1 5 0 0 0 11 0 0 13 0 0 0 0 0 0 0 0 0 0 13 16 0 0 0 0 0 35 0 0 0 0 0 0 0 0 0 0 0 0 0 0 0 19 0 10 0 18 13 9 36 0 35 0 0 0 0 0 10 0 14 0 0 8 0 3 0 0 0 0 0 0 0 0 8 8 0 0 8 0 0 0 0 0 0 1 0 0 0 0 0 0 0 0 0 0 0 0 0 0 0 0 0 0 0 0 0 2 22 0 0 2 0 0 0 0 0 0 0 0 0 0 0 0 0 0 0 2 0 0 0 0 0 
 0 0 0 0 0 0 0 0 0 0 0 0 0 3 0 0 2 0 0 0 2 5 4 4 126 10 0 0 18 1 19 72 0 0 0 20 0 15 0 0 98 123 60 311 53 32 109 205 142 69 182 25 180 82 0 87 44 90 294 242 0 0 0 0 2 0 0 0 0 0 0 0 1 0 0 2 0 0 0 0 0 0 0 0 0 0 0 0 0 0 0 0 0 0 0 0 0 0 0 0 0 0 0 0 10 0 3 0 0 0 1 0 0 0 0 0 0 0 0 17 21 16 0 0 22 0 0 27 12 0 23 10 3 0 10 0 16 7 11 55 0 2 0 0 0 0 0 0 0 0 0 0 0 0 0 0 0 0 0 26 0 0 0 0 0 0 0 0 0 0 0 0 0 6 0 0 0 0 5 0 0 0 0 16 0 9 0 0 12 0 0 19 0 0 0 0 0 4 0 0 21 18 45 20 0 0 0 0 19 27 20 13 7 29 13 9 62 11 5 0 0 0 0 0 0 0 0 0 0 0 0 15 2 0 0 0 0 0 0 0 0 0 34 0 0 0 0 0 0 26 0 4 0 2 0 0 0 64 56 0 0 0 45 0 1 0 2 0 0 0 0 0 0 0 0 0 0 0 0 0 0 0 0 0 30 1 0 22 2 0 
 3 3 3 3 3 3 3 3 3 3 3 3 3 3 3 3 6 3 3 3 0 0 0 0 0 0 0 0 0 2 0 0 0 0 0 0 0 0 0 0 113 35 60 127 43 133 91 329 370 370 140 332 36 56 87 0 274 174 48 68 2 0 0 0 0 0 0 0 0 0 0 0 0 0 0 2 0 0 0 0 0 12 0 0 16 0 0 0 0 0 0 0 0 0 0 0 0 0 0 0 0 0 0 0 0 0 0 0 0 0 0 0 0 0 0 0 0 0 0 0 5 32 20 8 14 24 9 0 58 15 0 7 11 1 0 1 31 0 0 0 0 22 0 13 0 0 2 0 0 5 0 0 63 14 0 9 0 0 0 18 0 0 0 0 0 5 0 0 0 0 0 0 0 0 0 0 0 0 0 0 0 0 0 0 0 0 0 0 0 0 0 0 0 0 0 0 0 0 0 6 12 11 6 53 4 5 0 10 10 0 9 19 0 10 0 0 0 0 0 0 24 0 1 0 0 0 11 0 0 0 0 0 43 0 1 0 0 0 21 32 0 0 13 0 0 0 0 0 0 0 0 5 0 0 0 0 0 0 0 1 0 0 2 0 30 1 2 0 1 0 8 0 0 0 0 0 0 0 0 0 0 0 0 0 6 5 0 0 0 0 
 2 2 2 2 2 2 2 2 2 2 6 62 2 7 2 2 4 3 2 2 64 0 0 0 0 0 1 4 5 0 0 0 0 6 0 0 0 0 0 0 373 93 201 134 126 153 40 243 178 72 83 77 40 312 44 274 0 42 48 121 0 0 0 0 17 0 51 0 6 0 0 0 0 51 0 16 0 0 0 0 0 0 0 0 1 0 0 0 0 5 0 0 0 0 0 0 0 0 0 0 6 0 0 10 0 0 0 0 1 0 0 0 0 7 0 0 0 0 7 0 0 13 5 11 30 10 0 0 25 17 23 33 0 11 0 0 26 9 0 11 0 0 0 0 0 0 0 2 0 0 0 0 4 11 16 0 0 0 21 15 0 0 8 0 18 2 0 0 6 5 0 4 8 0 0 0 0 3 0 0 0 12 0 0 31 0 5 0 0 0 0 0 0 0 0 0 2 0 0 0 0 0 0 16 18 18 11 23 0 12 25 23 0 0 7 45 9 27 0 0 20 0 0 0 0 0 1 13 0 16 0 14 27 14 16 0 0 0 29 2 0 0 0 0 0 0 0 0 0 0 0 7 0 1 0 0 0 0 0 23 0 13 1 10 0 2 1 62 2 12 0 0 0 0 0 0 0 0 0 0 0 0 0 0 11 0 0 18 0 0 
 0 5 0 0 0 0 1 0 0 1 0 0 0 0 0 0 0 0 2 5 0 1 1 2 1 0 1 1 1 1 1 0 1 2 0 2 1 1 0 1 33 68 28 325 150 344 105 102 178 406 141 80 42 237 90 174 42 0 238 44 3 2 0 0 0 0 0 54 7 0 2 0 10 3 0 6 17 3 0 2 0 0 0 0 0 0 0 0 0 0 0 0 0 0 0 0 0 0 0 0 0 0 0 0 0 0 0 0 26 0 0 0 0 0 0 0 0 0 0 0 0 18 10 34 31 15 0 0 8 4 17 13 2 0 11 5 0 22 0 0 2 10 1 0 0 0 0 0 8 1 0 0 42 19 3 0 0 0 61 4 0 0 0 0 0 12 0 0 0 1 18 4 3 0 0 0 0 0 0 0 0 0 0 0 0 0 0 0 0 0 0 0 0 0 0 0 0 0 0 0 15 29 32 59 24 1 0 9 6 0 0 1 0 0 0 32 8 0 0 0 24 0 4 0 0 0 0 7 5 0 3 0 38 0 0 0 9 0 12 21 0 0 0 0 0 0 0 0 0 0 0 14 0 0 10 0 0 0 0 25 0 0 3 3 2 2 6 2 0 0 0 0 0 0 0 0 0 0 0 0 0 0 0 0 13 15 0 0 0 0 
 3 5 83 2 2 2 2 2 2 5 7 3 2 5 3 2 8 5 2 2 0 54 67 64 29 127 0 64 0 1 0 0 0 64 63 60 0 29 0 3 107 334 80 348 68 39 121 63 93 87 73 265 353 185 294 48 48 238 0 415 0 0 0 0 0 0 0 12 0 0 0 0 14 0 0 0 0 3 0 0 0 0 0 0 1 0 0 1 0 2 0 0 0 0 0 0 0 0 0 0 0 0 14 21 0 67 0 15 10 20 29 0 0 5 6 0 40 9 2 0 21 0 1 20 0 0 14 9 0 0 26 13 64 0 0 0 0 0 8 0 0 0 0 0 0 0 0 1 0 0 0 0 0 1 0 0 0 8 0 0 0 1 2 0 0 0 0 0 3 0 0 1 0 0 0 0 0 3 0 2 0 8 8 0 23 6 7 0 0 19 5 0 0 0 0 14 0 7 0 0 3 0 5 0 0 0 21 0 0 21 0 14 13 51 3 0 14 0 0 0 0 0 0 0 0 0 0 0 5 0 0 15 1 0 0 0 0 0 0 0 0 0 0 0 0 0 3 0 0 0 0 13 10 0 0 0 0 25 0 0 0 16 0 0 2 0 8 0 0 0 0 0 0 0 0 0 0 0 0 0 0 0 0 0 18 0 23 22 2 0 
 0 0 0 0 0 0 0 0 0 0 0 0 44 0 6 0 0 0 0 0 0 36 0 0 17 67 0 0 1 0 0 0 0 1 3 0 0 0 0 0 376 281 459 184 267 30 117 184 69 142 328 42 132 359 242 68 121 44 415 0 7 7 0 0 0 0 0 0 0 0 0 2 44 0 0 16 0 3 0 0 0 0 0 0 0 0 0 0 0 0 0 6 0 0 1 6 0 0 0 0 0 0 0 0 0 0 0 0 0 0 0 0 0 0 0 0 0 0 0 0 15 28 1 16 0 10 8 0 36 4 32 10 12 28 0 0 12 0 0 25 5 0 0 0 0 0 6 0 6 0 0 0 0 5 4 0 0 0 6 0 0 0 0 0 0 0 0 0 0 0 0 8 0 0 0 0 0 0 7 0 0 0 0 0 10 10 0 0 0 0 0 0 0 0 0 0 0 0 0 0 16 0 15 0 0 13 11 24 0 25 1 7 0 25 7 0 49 21 1 0 6 0 9 0 0 0 0 5 4 0 10 7 7 3 9 7 8 0 0 11 0 0 14 0 0 0 0 0 0 0 0 4 0 2 0 0 0 0 68 0 1 0 0 0 2 7 14 0 0 0 0 0 0 0 0 0 0 0 0 0 0 0 0 0 15 0 0 9 2 0 
 3 3 3 3 3 3 3 3 3 3 3 3 3 4 3 3 3 3 3 3 0 0 0 0 0 0 0 0 0 0 0 0 0 0 48 0 0 0 0 0 0 0 0 0 0 52 0 0 0 64 0 55 4 0 0 2 0 3 0 7 0 277 82 50 24 241 64 335 293 29 95 52 437 44 68 273 51 533 163 306 0 0 0 0 0 0 0 0 0 0 0 0 0 0 0 0 0 0 0 0 0 0 0 0 0 0 0 0 0 0 0 0 0 0 0 0 0 0 0 0 0 0 0 0 0 7 0 0 0 0 0 0 0 0 0 0 0 0 0 0 4 9 0 0 0 0 18 7 5 2 0 8 10 13 0 0 2 0 26 28 0 0 0 0 0 0 0 0 0 0 0 0 0 0 0 0 0 0 1 0 0 0 0 0 0 0 0 0 0 0 0 0 0 0 0 0 0 0 0 0 0 0 0 0 15 2 0 0 0 0 0 0 0 0 0 0 0 0 0 0 63 0 73 0 20 13 0 9 55 26 19 12 0 21 13 7 28 0 19 26 0 0 0 0 0 0 0 0 0 0 0 0 0 0 0 0 0 0 0 0 0 0 0 1 0 0 9 1 0 0 1 0 0 2 0 1 0 0 0 0 0 0 0 0 0 2 0 0 0 0 
