 0 342 418 135 343 456 285 340 214 174 455 32 451 133 327 163 108 229 139 139 1 0 0 0 0 6 0 1 1 0 55 3 0 0 0 2 5 0 0 3 1 1 3 0 0 0 0 0 0 0 0 0 0 67 0 0 0 0 0 1 3 0 0 0 0 0 33 0 1 0 0 3 0 0 0 0 0 3 4 0 3 0 38 50 0 0 41 0 10 15 0 7 12 9 1 59 20 1 15 29 4 0 0 0 0 1 0 0 0 0 0 0 9 0 0 0 0 0 1 0 0 0 14 0 0 0 0 1 0 0 0 0 0 0 0 18 0 0 0 0 0 0 0 0 0 0 0 0 0 0 5 0 0 0 0 0 0 0 0 0 7 14 9 1 1 0 10 13 9 11 47 13 2 9 0 30 0 22 16 30 1 0 0 0 0 0 0 0 0 0 0 0 0 0 0 0 0 0 11 0 0 0 0 0 0 0 0 14 0 0 0 0 0 0 0 0 16 0 0 0 0 0 0 0 0 0 0 0 0 0 0 0 0 0 0 0 0 0 0 0 0 13 0 0 0 1 88 0 1 1 2 3 1 0 0 0 0 0 2 0 0 0 0 0 0 0 0 0 0 0 0 0 0 0 0 14 22 0 0 0 0 0 0 0 0 0 0 0 0 0 
 342 0 197 220 191 33 259 96 269 60 59 51 70 179 307 223 127 252 60 39 1 0 2 3 0 3 0 5 2 1 3 3 3 0 0 40 4 0 134 4 1 0 4 0 0 0 0 0 0 0 6 10 2 0 0 3 0 49 0 67 3 0 0 0 0 0 59 0 0 0 0 2 0 0 0 0 0 42 0 0 15 32 22 0 28 14 22 1 11 32 17 3 0 0 0 19 57 0 15 23 0 0 0 0 0 0 0 0 0 0 0 0 11 0 0 0 0 0 17 9 0 0 0 0 0 0 0 0 0 0 0 0 0 0 0 18 0 0 0 0 13 2 0 0 4 0 0 0 0 5 1 0 0 0 2 0 0 0 0 0 1 1 10 14 1 0 15 14 0 13 0 0 0 0 15 29 0 18 1 0 0 0 0 12 0 0 15 0 0 0 0 0 1 0 0 0 0 0 0 35 0 0 0 0 12 0 0 0 0 0 1 0 0 0 0 0 0 0 0 0 0 0 0 0 0 0 0 0 0 0 0 0 0 0 0 0 0 0 0 0 0 0 0 0 0 2 2 2 91 2 0 9 0 0 0 0 0 0 0 0 0 0 0 0 0 0 0 0 0 0 0 0 0 0 0 10 34 0 0 0 0 0 0 0 0 0 0 0 0 0 
 418 197 0 138 50 114 56 177 181 169 559 268 85 50 136 179 132 134 260 20 1 0 0 0 0 3 0 3 2 74 0 3 37 0 0 0 4 0 1 3 0 0 3 0 0 0 0 0 0 0 0 0 0 0 0 0 0 0 0 2 3 1 0 1 0 0 0 0 1 0 0 3 0 0 0 0 0 3 0 0 0 16 2 11 11 0 26 24 22 16 14 16 10 31 27 7 37 14 12 0 16 0 0 0 1 0 0 0 0 0 0 0 14 0 0 13 0 0 0 2 0 0 0 11 0 9 1 15 0 0 0 0 0 0 0 20 0 0 0 0 0 0 0 0 0 0 0 0 0 0 0 0 0 0 0 0 0 0 0 0 12 7 0 79 6 0 0 16 1 38 15 57 0 0 0 18 11 1 8 0 7 0 0 0 0 0 16 11 0 0 0 0 10 0 6 0 0 1 14 15 0 0 0 0 0 0 0 0 0 0 1 0 0 0 0 0 0 0 0 0 2 0 0 0 0 0 0 0 0 0 0 0 0 0 0 0 0 0 0 0 0 0 0 0 0 0 4 0 0 2 0 13 0 0 0 0 0 0 0 0 0 0 16 0 0 0 0 0 0 0 0 0 0 0 0 1 48 9 0 0 0 0 0 0 0 0 0 0 0 0 
 135 220 138 0 192 128 92 92 164 105 75 125 43 174 116 157 261 373 159 58 1 0 0 0 0 5 72 1 209 0 0 3 1 0 0 0 4 2 99 3 1 0 3 0 0 0 0 0 0 0 0 0 0 0 0 0 0 3 0 0 3 0 0 0 0 0 0 0 0 0 2 3 0 0 6 90 0 3 0 0 34 8 3 23 64 21 22 10 33 19 14 11 0 10 64 3 0 13 0 0 0 0 9 0 0 0 22 0 0 0 0 0 14 0 14 0 0 9 8 7 0 0 0 0 2 10 0 0 0 0 0 22 0 0 0 0 0 0 0 0 0 0 0 0 0 0 0 0 0 0 0 0 2 0 0 0 0 0 0 0 22 0 0 15 0 23 0 0 14 9 20 0 3 0 0 18 8 0 0 21 4 0 0 0 0 0 12 0 16 1 32 0 17 36 0 0 21 1 14 0 0 0 0 0 0 0 0 0 0 0 0 0 0 0 0 0 0 0 0 0 0 0 0 1 0 0 0 0 0 21 0 0 0 0 0 0 0 0 0 0 0 6 0 0 0 6 12 0 0 100 0 11 0 1 0 0 0 0 0 0 107 0 0 0 0 0 0 0 0 2 0 0 0 0 0 13 0 0 0 0 0 0 0 0 0 0 0 0 0 0 
 343 191 50 192 0 360 34 53 112 310 166 181 60 85 221 77 198 51 56 65 1 0 1 0 0 3 75 211 77 0 0 3 80 1 0 62 4 74 154 3 1 0 3 0 2 0 0 0 0 0 0 0 1 0 0 0 0 0 0 0 3 0 3 0 0 0 0 0 0 0 0 2 0 0 2 0 0 2 1 0 0 5 16 13 30 19 7 0 0 21 27 12 0 1 0 15 16 21 0 0 0 1 13 12 0 0 24 11 0 30 0 0 13 8 3 10 0 15 27 27 0 0 0 0 0 0 0 0 0 0 0 0 0 0 0 0 0 0 0 0 0 0 5 0 0 0 0 0 0 0 0 0 0 0 0 0 0 0 0 0 32 0 0 2 0 5 0 0 50 0 22 1 0 0 0 29 14 10 0 19 23 0 0 0 0 0 0 0 1 0 19 10 0 21 0 12 17 0 0 16 0 0 0 0 0 0 0 0 0 0 0 16 0 0 0 0 0 0 0 0 0 0 0 0 0 0 0 0 0 0 0 0 0 0 0 0 0 0 0 0 0 12 0 0 0 0 50 0 56 96 9 7 0 0 0 0 0 0 0 0 0 0 0 0 0 0 0 0 0 0 0 0 0 0 0 12 14 0 0 0 0 0 0 0 0 0 0 0 0 0 
 456 33 114 128 360 0 40 32 44 52 226 56 31 41 257 154 73 67 59 125 74 23 43 0 1 3 18 0 110 0 74 3 99 75 73 85 3 0 222 106 2 0 3 0 1 0 0 0 0 0 0 0 0 0 0 0 0 1 0 2 3 0 0 0 0 0 0 0 0 0 0 3 0 0 0 0 0 3 0 0 0 0 3 0 0 13 1 0 0 1 2 13 1 2 0 11 0 0 0 0 3 39 40 16 16 0 10 5 9 0 24 38 0 9 10 25 13 28 10 4 0 0 0 0 0 0 0 0 0 0 0 0 0 0 0 0 0 0 0 0 0 0 31 0 0 0 0 0 0 0 0 0 1 0 0 0 0 0 0 0 0 0 0 19 0 10 0 0 0 12 0 14 0 0 0 0 9 14 0 0 0 0 1 24 0 0 8 1 12 0 1 14 40 46 29 11 0 36 24 10 1 0 0 0 0 0 1 0 0 0 0 0 0 0 0 0 0 0 0 0 0 0 0 0 0 1 0 0 0 13 0 0 0 0 0 0 0 14 2 0 0 15 0 0 0 59 86 0 90 1 9 15 0 0 0 0 0 0 0 0 0 0 0 0 0 0 0 0 0 0 0 0 0 0 0 0 13 0 0 0 0 0 0 0 0 0 0 0 0 0 
 285 259 56 92 34 40 0 139 189 127 32 18 316 204 30 138 31 20 299 71 1 1 2 2 0 3 0 1 1 0 1 3 0 0 0 2 5 0 35 3 1 0 3 0 2 0 0 0 0 0 3 3 2 0 0 0 0 2 0 1 3 2 0 0 0 0 0 0 1 51 0 4 0 0 0 0 0 2 0 0 32 6 17 6 0 0 28 0 2 0 0 63 11 1 8 17 15 40 0 13 0 0 0 0 0 0 0 0 0 0 0 0 2 0 0 0 0 0 0 0 0 0 0 0 0 0 0 0 0 0 0 0 0 0 0 29 0 0 0 0 0 0 0 2 1 0 0 0 0 0 14 0 6 0 0 0 0 1 1 0 1 19 0 3 0 9 1 18 13 3 0 0 30 8 10 10 20 0 16 24 0 0 0 0 0 0 0 0 0 0 0 0 0 0 1 0 0 0 0 0 0 1 1 0 0 0 0 0 1 0 0 0 0 0 0 0 0 0 0 0 0 0 0 0 0 0 2 0 0 0 0 0 1 0 0 0 0 13 0 0 0 0 0 0 0 0 1 0 2 2 2 17 0 0 0 0 0 2 0 0 0 0 0 0 0 0 0 0 0 0 0 0 0 0 0 0 1 0 0 0 0 0 0 0 0 0 0 0 0 0 
 340 96 177 92 53 32 139 0 111 125 29 123 182 128 69 141 105 146 92 57 2 2 0 0 3 5 2 0 74 0 0 4 2 0 0 109 5 1 1 3 2 0 36 75 2 0 3 0 0 0 2 2 0 0 3 0 3 1 2 1 3 3 26 0 0 2 0 0 1 0 0 6 0 0 0 0 0 3 0 0 15 0 20 10 0 0 8 0 4 13 14 23 27 13 0 29 0 25 33 11 23 0 17 0 0 0 0 0 0 0 0 0 0 1 0 0 0 0 0 0 0 0 0 0 0 0 0 0 0 0 0 0 0 10 0 0 0 0 0 0 0 0 0 2 1 0 0 0 0 0 5 0 0 0 0 0 0 1 1 0 0 21 1 18 19 2 0 20 1 3 41 27 6 0 12 49 0 8 7 34 9 0 0 0 0 0 0 0 0 0 0 0 0 0 0 0 0 0 9 0 0 0 1 0 0 0 0 0 0 0 0 0 0 0 0 0 0 0 0 0 0 0 1 0 0 0 2 0 0 9 0 10 0 0 0 0 0 0 0 0 0 0 0 0 0 4 1 0 0 0 0 12 0 0 0 0 0 0 0 0 0 0 0 0 0 0 0 0 0 0 0 0 0 0 0 11 3 0 0 0 0 0 0 0 0 0 0 0 0 0 
 214 269 181 164 112 44 189 111 0 282 79 356 59 109 175 231 78 130 68 151 0 0 2 0 0 3 0 1 0 0 0 3 0 1 0 0 5 0 76 3 1 0 3 0 2 0 0 0 0 0 0 0 0 0 0 0 0 0 0 0 3 0 0 0 0 0 0 0 0 4 0 2 0 0 2 0 0 3 0 0 9 13 10 25 31 8 19 0 5 12 25 63 19 9 0 12 15 93 18 14 0 0 0 0 0 0 18 0 0 0 0 19 22 0 0 0 0 2 0 23 0 0 0 8 0 0 0 0 0 0 2 0 0 0 0 12 2 0 1 0 0 0 17 0 0 0 0 0 0 0 0 0 0 0 0 0 1 0 0 0 15 11 14 49 19 2 2 19 0 0 31 10 3 0 14 33 0 1 7 0 0 0 0 0 0 0 0 2 1 0 0 0 0 0 0 0 44 0 0 0 0 0 0 0 0 0 0 0 0 0 0 2 0 0 5 0 0 0 0 0 0 0 0 0 0 0 0 0 0 0 1 0 0 0 0 0 1 0 0 0 0 0 0 0 0 0 4 1 3 94 0 10 0 0 0 0 0 0 0 0 0 0 0 0 0 0 0 0 0 0 0 0 0 0 0 12 0 0 0 0 0 0 0 0 0 0 0 0 0 2 
 174 60 169 105 310 52 127 125 282 0 188 49 57 375 210 184 64 143 85 81 0 0 0 0 0 3 21 0 2 1 0 3 84 0 0 0 4 0 0 3 0 0 3 0 0 0 0 0 0 0 2 2 0 0 0 0 0 4 0 2 36 0 0 0 0 0 0 0 0 33 0 3 0 0 0 0 0 3 0 0 13 23 0 10 11 11 46 15 28 13 17 20 43 24 0 24 30 46 16 9 14 0 0 0 2 0 5 1 0 15 0 0 14 0 15 0 0 15 0 0 0 0 0 0 0 0 0 0 0 0 0 0 0 0 0 0 0 0 0 0 0 0 0 0 0 0 0 0 0 0 3 0 0 0 0 0 0 0 0 0 26 32 1 20 0 0 0 40 13 1 17 19 19 0 1 7 31 0 23 14 0 0 0 0 0 0 15 0 12 0 0 0 0 0 1 0 0 0 8 17 0 0 0 0 0 0 0 0 0 0 0 0 0 0 0 0 0 0 0 0 0 0 0 0 0 0 0 0 0 0 0 0 0 0 0 0 0 0 0 0 0 0 19 0 0 2 4 0 2 20 2 2 0 0 0 0 0 0 2 0 0 0 0 0 0 0 0 0 0 0 0 0 0 6 0 1 0 0 0 0 0 0 0 1 0 0 0 0 0 0 
 455 59 559 75 166 226 32 29 79 188 0 121 40 32 59 190 202 120 45 41 2 0 0 0 0 3 73 3 2 0 0 3 40 0 74 0 5 0 92 6 2 0 3 0 1 0 0 0 0 0 0 0 1 0 0 0 0 0 0 0 3 0 0 0 0 0 0 0 0 0 0 2 0 0 0 0 0 1 0 0 0 0 21 1 11 19 0 7 14 29 0 1 0 8 0 55 0 13 0 0 0 0 9 0 1 0 0 10 50 0 0 0 26 10 8 2 0 9 0 13 0 0 0 0 0 0 0 14 0 0 0 0 0 0 0 0 0 0 0 0 0 0 15 0 1 2 0 0 0 0 2 0 0 0 0 0 0 16 0 0 0 0 0 18 0 0 0 10 0 11 0 8 0 0 0 0 21 13 0 0 0 0 0 0 0 0 1 0 0 0 28 8 18 30 18 0 0 27 14 18 0 0 0 0 0 0 0 0 0 0 0 0 0 0 0 0 0 0 0 0 0 0 1 13 2 2 0 0 0 0 0 1 0 0 0 0 0 0 0 0 0 0 0 0 0 0 2 0 87 0 8 11 0 0 0 0 0 0 0 0 0 0 24 0 0 0 0 0 0 0 0 0 0 0 0 0 10 0 0 0 0 0 0 0 0 0 0 0 0 0 
 32 51 268 125 181 56 18 123 356 49 121 0 26 42 33 92 310 54 247 44 2 0 0 0 66 3 102 1 77 0 0 3 96 74 75 0 3 3 73 82 1 0 3 0 0 0 0 0 0 0 0 0 0 0 0 0 0 0 0 2 3 0 0 0 0 0 0 0 0 0 0 3 0 43 0 0 0 3 0 0 10 0 0 0 44 22 0 0 13 15 35 10 0 5 0 0 0 17 0 0 14 42 22 0 0 0 11 17 0 19 0 0 11 0 0 26 0 20 12 2 0 0 0 0 0 0 0 14 1 2 0 0 0 0 0 0 0 0 0 0 0 0 0 0 0 0 0 0 0 0 0 0 0 0 0 0 0 0 0 0 0 40 10 39 41 24 0 11 0 35 0 9 0 18 20 0 0 0 13 0 28 0 0 0 0 0 0 26 32 20 11 10 10 12 1 21 0 25 42 2 13 0 0 0 0 0 0 0 0 0 0 11 0 0 1 2 0 0 0 0 0 0 0 0 1 0 0 0 0 0 0 0 0 0 2 28 0 0 0 0 0 0 0 0 0 2 0 1 3 2 0 8 0 0 0 0 0 2 0 0 0 0 14 0 0 0 2 0 0 0 0 0 0 1 2 0 0 0 0 0 10 0 0 0 0 0 0 0 0 0 
 451 70 85 43 60 31 316 182 59 57 40 26 0 291 39 151 26 43 180 58 1 0 72 3 2 6 0 1 4 3 0 3 0 0 63 3 4 2 0 7 1 0 3 0 5 2 0 0 0 0 2 28 2 0 3 0 0 0 0 2 3 0 0 0 11 0 0 0 2 0 0 3 3 0 0 2 1 3 3 0 16 9 2 1 0 0 14 10 9 0 3 0 0 10 11 0 1 0 17 10 0 0 0 0 0 0 0 0 0 0 0 0 0 0 0 0 0 0 0 0 0 0 0 0 0 0 0 0 0 0 0 0 0 0 0 0 0 0 0 0 0 0 0 5 0 0 0 0 0 0 0 0 0 0 0 0 0 0 0 0 19 9 0 0 0 0 22 26 32 16 1 0 0 34 33 9 28 6 23 31 0 0 0 0 0 0 0 0 0 0 0 0 0 0 0 0 0 0 0 0 0 0 0 0 0 0 0 0 0 0 0 0 0 9 0 0 0 0 0 0 0 0 0 0 0 0 0 0 0 0 0 0 0 0 0 34 0 0 0 0 0 0 0 0 0 0 0 2 0 0 0 13 9 0 0 0 0 0 0 0 0 0 0 0 0 0 0 0 0 0 0 0 0 0 0 0 0 0 0 0 0 0 0 0 0 0 0 0 0 0 
 133 179 50 174 85 41 204 128 109 375 32 42 291 0 71 139 248 48 306 62 0 0 0 3 0 3 0 1 1 0 0 3 0 0 0 0 4 0 0 3 1 0 3 0 0 0 0 7 0 0 5 9 0 0 0 0 0 6 0 2 3 0 0 0 39 0 0 0 1 45 0 3 0 0 0 0 0 5 5 53 21 12 12 0 0 0 3 9 1 0 0 0 0 9 2 1 18 1 0 3 0 0 0 0 0 0 0 0 0 0 0 0 0 0 0 0 0 0 0 1 0 0 0 0 0 0 0 0 0 2 0 0 0 0 0 0 0 0 0 0 0 0 0 5 10 0 0 0 0 0 0 0 0 0 0 0 0 0 0 0 10 23 6 5 0 1 16 17 46 23 1 0 15 42 0 12 27 30 32 26 0 0 0 0 0 0 0 0 0 0 0 0 0 0 0 0 0 0 0 0 0 0 8 0 0 0 0 0 0 0 0 0 0 0 1 0 0 19 0 0 0 0 0 0 1 0 0 0 0 1 0 0 0 1 1 0 0 0 0 0 0 0 0 0 0 0 0 0 1 0 0 8 15 0 0 0 0 0 0 0 0 0 0 0 0 0 0 0 0 0 0 0 0 1 0 0 0 0 0 0 0 0 0 0 0 0 0 0 0 0 
 327 307 136 116 221 257 30 69 175 210 59 33 39 71 0 242 137 57 64 163 1 0 0 0 1 3 0 1 2 0 0 3 0 0 0 0 5 0 155 3 2 0 3 0 0 0 0 0 0 0 0 0 0 0 0 0 0 0 0 0 3 0 0 0 0 0 0 0 0 0 0 2 0 0 1 0 0 2 0 0 10 25 12 18 48 1 60 10 14 41 27 12 10 10 18 78 47 37 14 14 14 0 0 0 0 0 0 0 0 0 0 0 16 1 0 0 0 0 10 1 0 0 0 0 0 0 9 0 0 0 0 0 0 0 0 19 0 0 0 0 0 0 0 0 0 0 0 0 0 2 13 0 0 0 0 0 0 0 0 0 17 10 9 18 0 1 0 17 43 10 23 1 0 0 13 20 0 14 0 37 0 0 0 0 0 0 16 0 1 0 0 0 0 0 0 0 0 0 0 34 0 1 2 0 0 0 0 0 0 0 16 0 2 0 7 0 2 0 0 0 0 0 2 0 0 0 0 0 0 0 0 0 19 0 0 0 0 0 0 0 0 12 0 0 0 1 49 0 87 3 3 7 0 0 0 0 0 0 0 0 0 0 0 0 0 0 0 0 0 0 0 0 0 0 0 25 15 0 0 0 0 0 0 0 0 0 0 0 0 0 
 163 223 179 157 77 154 138 141 231 184 190 92 151 139 242 0 186 50 59 152 1 1 4 0 0 5 2 1 5 0 3 7 118 2 0 2 5 3 39 4 1 0 6 0 6 1 3 3 0 0 4 0 0 0 0 0 0 3 5 4 3 2 0 0 3 0 0 0 2 0 0 3 50 0 3 1 0 4 2 0 0 7 20 6 20 0 30 0 0 22 32 18 0 8 74 18 57 10 0 0 19 0 0 0 0 0 0 0 1 0 0 0 18 1 1 3 0 0 37 0 0 2 0 0 0 0 0 20 0 0 13 0 0 0 0 15 0 0 0 0 0 0 1 0 1 0 0 0 0 0 0 0 0 0 0 0 15 0 0 0 16 9 14 11 23 0 21 0 27 16 0 10 0 9 0 9 15 26 11 9 11 0 0 0 0 0 0 18 0 0 0 1 0 0 0 0 0 0 0 14 0 0 0 0 0 0 0 1 0 0 12 0 0 0 0 0 0 0 0 0 0 0 0 0 0 0 0 0 0 0 0 0 0 0 0 0 0 0 0 0 0 0 0 0 0 2 0 0 49 5 9 9 12 0 0 0 0 0 0 0 0 0 20 0 0 0 0 0 0 0 0 0 0 0 0 0 26 0 0 0 0 0 0 0 0 0 0 0 0 0 
 108 127 132 261 198 73 31 105 78 64 202 310 26 248 137 186 0 137 47 29 1 0 2 79 0 3 0 2 2 0 0 3 74 2 0 0 4 0 166 3 2 0 3 0 1 0 0 0 0 0 0 0 0 0 0 0 0 1 0 0 3 0 2 0 0 0 0 0 0 0 0 2 0 0 2 0 0 2 0 0 0 19 1 28 83 9 30 17 14 24 32 15 0 9 16 13 30 12 0 0 13 0 0 0 0 0 24 0 0 0 0 0 14 0 0 0 0 0 36 12 0 0 0 0 0 0 0 0 0 0 0 0 0 0 0 0 0 0 0 0 0 0 0 0 0 0 0 0 0 0 0 0 0 0 0 2 0 0 0 0 31 0 21 0 22 0 0 0 12 23 16 15 0 0 14 15 0 26 0 17 0 0 0 0 0 0 11 2 0 0 0 0 19 0 8 0 22 0 0 17 0 0 0 0 0 0 1 0 0 0 24 0 0 0 8 0 0 0 0 0 0 0 0 0 0 0 0 0 0 0 0 0 0 0 0 0 0 0 0 0 0 17 0 0 0 1 133 0 90 98 1 25 0 0 0 0 0 0 0 0 0 0 0 0 0 0 0 0 0 0 0 0 0 0 0 12 0 4 0 0 0 0 0 0 0 0 0 0 0 0 
 229 252 134 373 51 67 20 146 130 143 120 54 43 48 57 50 137 0 44 42 0 0 0 2 79 3 0 0 4 2 8 3 75 2 0 0 5 2 0 85 0 0 3 0 0 2 0 0 0 64 0 6 0 0 3 0 0 0 0 0 3 0 0 0 0 0 0 0 0 0 2 3 3 0 0 2 0 3 3 0 12 5 17 10 11 1 3 14 43 16 45 14 10 47 0 37 0 52 12 22 24 1 0 0 0 0 0 0 0 0 0 0 9 0 3 0 0 0 17 0 0 0 0 0 0 0 0 0 0 0 0 0 0 0 2 7 0 0 0 0 0 0 0 0 0 0 0 0 0 0 13 1 0 0 0 0 0 0 0 0 0 22 10 15 19 0 0 55 0 9 22 27 0 0 16 0 11 5 11 38 11 0 0 0 0 0 5 0 0 1 0 0 0 0 0 0 0 0 6 0 0 0 0 0 0 0 0 0 0 0 0 0 0 0 0 0 0 0 0 0 0 0 0 0 0 0 0 0 0 0 0 2 0 0 0 0 0 1 0 0 0 0 0 0 0 0 3 0 0 2 3 7 0 0 0 0 0 0 0 0 0 0 0 0 0 0 0 0 0 0 0 0 0 0 0 10 0 0 0 0 0 0 0 0 0 0 0 0 0 0 
 139 60 260 159 56 59 299 92 68 85 45 247 180 306 64 59 47 44 0 57 1 0 0 0 0 3 0 1 78 0 0 3 0 0 0 1 5 0 0 3 1 0 3 2 4 2 0 0 0 0 2 2 0 0 0 0 2 4 3 0 3 0 0 0 0 1 0 0 0 45 0 2 0 2 5 0 0 2 1 2 21 0 20 0 0 0 47 0 0 13 0 0 10 0 1 18 11 18 12 20 0 0 0 0 0 0 0 0 0 0 0 0 0 0 2 0 0 0 0 0 0 0 0 0 0 0 0 0 0 0 0 1 0 0 0 0 0 0 0 0 0 0 0 0 0 0 0 0 0 0 5 0 2 0 0 0 0 0 0 0 23 22 6 0 0 0 0 22 50 0 20 0 12 20 0 1 11 6 12 41 0 0 0 0 0 0 0 0 0 0 1 0 0 0 0 0 0 0 0 0 0 0 0 0 0 0 0 0 0 0 0 0 0 0 0 0 0 0 0 0 0 0 0 1 0 0 0 0 0 65 0 0 0 0 0 0 0 0 0 1 0 0 0 0 0 2 1 1 2 0 0 3 0 0 0 0 0 0 0 0 0 0 0 0 0 0 0 0 0 0 3 0 0 0 0 11 0 0 0 0 0 0 0 0 0 0 0 0 0 0 
 139 39 20 58 65 125 71 57 151 81 41 44 58 62 163 152 29 42 57 0 1 0 0 0 0 5 2 1 2 0 0 4 0 0 0 0 4 1 0 3 1 0 3 0 1 0 0 0 0 0 0 0 0 0 0 0 0 0 0 0 3 2 0 0 0 0 0 0 2 0 0 3 0 0 0 0 28 3 0 0 35 0 0 5 0 2 29 11 10 0 0 34 24 7 23 16 0 20 40 20 0 0 0 0 0 0 0 0 0 0 0 2 2 2 0 0 0 0 0 0 0 0 0 0 1 0 4 0 0 0 0 0 0 0 0 0 0 0 0 0 0 0 0 0 0 0 0 0 0 0 36 0 0 0 2 0 0 0 0 0 7 12 0 0 0 2 19 2 0 0 0 0 25 7 0 3 0 0 0 17 0 0 0 0 0 0 0 0 2 0 0 0 0 0 1 0 0 0 0 0 0 0 0 0 0 0 0 0 0 0 0 0 0 0 0 0 0 0 0 0 0 0 1 0 0 0 0 0 0 0 0 0 0 0 0 0 0 0 0 0 0 0 0 0 0 2 0 0 0 0 0 17 0 0 0 0 0 0 0 0 0 0 0 0 0 0 0 0 0 1 0 0 0 0 0 0 0 0 0 0 0 0 0 0 0 0 0 0 0 0 
 1 1 1 1 1 74 1 2 0 0 2 2 1 0 1 1 1 0 1 1 0 244 198 193 117 135 233 378 26 179 32 47 136 35 193 622 108 252 301 269 8 0 3 2 4 0 0 1 0 0 0 0 0 0 0 2 72 0 0 5 2 0 0 3 0 3 0 0 2 50 0 5 1 0 0 0 3 3 2 0 0 0 0 0 0 1 1 1 0 0 0 18 0 0 0 0 0 0 0 0 19 29 17 18 1 35 30 11 10 32 17 23 0 63 31 11 1 41 18 0 0 2 0 0 0 0 0 0 0 0 0 0 0 0 0 0 0 0 4 27 0 1 3 0 0 0 0 0 0 0 0 0 2 0 0 0 0 0 0 0 0 0 0 2 0 3 0 0 0 0 0 0 0 0 0 0 0 1 1 0 21 29 19 10 30 10 20 9 15 1 19 36 1 0 31 15 4 0 0 5 0 0 0 0 0 0 0 0 0 0 0 0 2 0 0 0 0 0 0 0 0 0 0 0 0 0 0 0 0 0 0 0 0 0 2 0 0 0 0 0 0 0 0 0 0 0 0 0 0 0 0 0 0 0 8 0 0 80 1 0 10 2 0 0 0 0 0 0 0 0 0 0 0 0 0 0 0 0 0 24 0 27 0 0 0 0 0 0 0 0 
 0 0 0 0 0 23 1 2 0 0 0 0 0 0 0 1 0 0 0 0 244 0 197 65 48 108 98 328 142 208 159 349 80 46 127 125 120 168 273 90 2 0 0 2 4 0 0 1 0 0 0 0 0 0 0 2 1 0 2 4 0 1 0 3 0 2 0 0 2 32 0 2 0 0 0 0 3 0 2 0 0 0 0 0 0 0 0 0 0 0 1 6 0 0 0 0 0 0 0 0 9 8 0 9 19 52 18 11 12 20 0 0 0 20 11 17 9 7 6 0 0 0 0 0 0 0 0 0 0 0 0 0 1 12 0 0 0 0 28 0 3 0 0 0 0 0 0 2 0 0 0 0 3 0 0 0 0 0 0 0 6 0 0 0 0 10 0 0 0 0 0 0 0 0 0 0 0 0 0 0 0 7 14 0 1 0 18 8 8 1 20 11 9 0 6 11 74 1 0 16 21 0 0 0 18 0 15 1 12 0 0 0 8 0 13 0 0 0 1 8 0 0 0 0 0 0 0 0 0 0 0 0 0 0 0 0 0 0 0 1 0 0 0 0 0 0 0 0 0 0 0 0 0 0 3 0 1 1 0 0 0 0 0 0 0 63 11 0 0 0 0 0 0 0 0 0 0 1 0 1 0 0 0 0 0 13 8 0 0 0 
 0 2 0 0 1 43 2 0 2 0 0 0 72 0 0 4 2 0 0 0 198 197 0 174 141 322 71 108 91 209 194 73 78 142 120 155 49 342 125 310 0 0 2 2 4 0 15 1 0 6 0 2 0 0 0 2 1 0 6 5 0 1 0 3 0 1 0 0 2 1 0 0 0 0 0 0 3 0 2 0 0 0 0 0 0 0 0 0 0 0 0 0 0 0 0 0 0 0 1 0 39 43 44 18 11 2 11 18 24 19 12 47 0 48 20 58 3 41 0 0 0 9 0 0 0 0 16 0 0 0 0 0 0 17 14 8 2 0 1 20 1 0 4 0 0 0 0 0 0 11 0 0 0 0 0 0 0 0 0 0 0 0 0 0 0 0 0 18 0 0 0 0 0 2 0 0 3 0 0 0 26 12 9 50 16 2 0 17 27 22 1 14 0 0 29 10 1 40 18 0 0 0 0 0 0 2 0 17 0 0 0 0 5 8 0 0 0 0 18 1 0 0 0 0 0 0 0 0 0 0 0 0 0 45 0 0 0 0 0 0 0 0 22 0 0 0 0 0 0 0 0 0 0 0 2 0 0 77 0 0 19 0 0 0 0 0 0 0 0 0 0 0 0 0 0 0 0 0 0 14 0 0 0 0 0 0 0 0 0 0 
 0 3 0 0 0 0 2 0 0 0 0 0 3 3 0 0 79 2 0 0 193 65 174 0 392 56 96 163 675 204 494 261 80 131 147 108 210 181 103 154 0 2 0 2 3 0 0 2 0 1 0 0 86 62 62 5 0 0 34 4 0 0 0 3 0 1 0 0 2 3 0 0 0 0 0 0 39 2 2 0 0 0 0 0 0 0 0 0 0 0 0 0 0 0 0 0 0 0 0 0 0 12 0 0 10 9 8 0 50 3 44 18 0 22 0 0 0 0 0 0 11 9 0 0 1 0 1 0 0 0 0 11 9 0 16 15 0 13 38 10 0 0 0 0 0 0 0 9 0 0 0 0 0 0 0 0 4 2 0 3 0 7 0 0 0 0 0 0 0 24 5 0 0 0 0 0 0 0 0 12 12 24 1 6 8 11 0 4 0 0 8 35 0 0 11 0 17 0 0 0 16 0 0 0 0 0 0 14 15 1 0 1 21 18 22 3 10 0 0 26 2 2 0 0 0 0 0 0 0 12 0 0 0 0 0 0 0 0 0 0 0 0 0 0 0 0 0 0 0 0 0 0 0 0 9 2 0 75 2 1 23 0 0 0 0 0 11 0 0 0 0 0 0 0 0 0 0 1 0 0 0 9 0 0 23 13 14 0 0 0 
 0 0 0 0 0 1 0 3 0 0 0 66 2 0 1 0 0 79 0 0 117 48 141 392 0 259 58 60 384 538 263 164 95 59 130 84 160 126 79 117 0 6 77 2 4 0 69 64 0 5 0 0 177 0 63 2 0 0 69 3 0 0 2 3 0 6 0 0 2 1 0 0 5 0 0 0 3 0 2 0 0 0 0 0 0 0 0 0 0 57 0 0 0 0 0 0 0 0 0 0 0 8 8 0 39 12 0 0 1 10 20 12 0 6 0 12 0 7 0 0 9 38 10 0 0 0 10 0 0 0 0 0 7 30 9 17 0 0 10 39 0 4 0 0 0 0 1 6 0 0 0 0 0 0 0 0 5 0 0 4 0 0 0 0 0 0 0 0 0 0 0 0 0 7 0 0 0 0 0 0 0 0 35 65 27 0 0 0 0 41 22 28 0 0 13 7 25 0 0 0 30 0 0 15 0 0 13 20 13 0 20 23 32 0 0 3 1 7 36 0 0 0 0 0 0 0 0 0 0 0 0 0 0 2 0 0 0 0 0 0 0 0 12 0 0 0 0 0 0 0 0 0 0 0 2 1 0 2 77 4 2 0 0 0 0 0 0 0 0 0 0 0 0 0 0 0 0 0 0 8 0 0 0 0 1 1 0 0 0 0 
 6 3 3 5 3 3 3 5 3 3 3 3 6 3 3 5 3 3 3 5 135 108 322 56 259 0 34 37 73 417 571 197 44 66 201 186 55 123 258 80 0 65 0 3 8 0 34 3 0 0 0 2 30 0 0 2 0 0 113 3 0 0 0 3 0 3 0 0 2 4 0 0 2 0 0 0 40 8 3 0 0 0 0 0 0 0 0 0 0 0 0 0 0 0 0 0 0 0 0 0 0 27 18 1 22 30 0 0 13 9 19 23 0 9 0 20 0 19 2 0 0 13 2 0 0 0 0 0 0 0 0 10 0 0 9 16 0 0 38 11 8 1 0 0 0 0 0 0 0 9 0 0 4 0 0 0 0 0 0 0 0 2 0 0 0 0 0 0 0 0 0 0 0 0 0 0 0 0 0 1 0 13 10 17 13 0 16 10 0 31 0 38 0 0 19 13 16 19 0 17 16 0 0 14 0 0 20 28 0 2 0 0 0 0 8 9 0 1 0 32 0 0 0 0 0 0 0 0 0 0 0 0 0 0 0 43 0 0 0 0 0 0 0 0 0 0 0 0 0 0 0 0 0 0 8 0 4 8 1 1 5 17 0 0 0 0 13 0 0 0 0 0 0 0 0 0 0 0 0 11 0 1 0 0 20 0 10 0 0 0 
 0 0 0 72 75 18 0 2 0 21 73 102 0 0 0 2 0 0 0 2 233 98 71 96 58 34 0 247 268 26 65 43 272 202 44 103 35 34 164 123 10 0 0 2 5 0 0 1 0 0 0 0 0 0 0 2 0 0 0 3 0 0 0 3 0 3 0 0 2 0 0 0 1 0 3 0 3 0 2 0 0 4 0 0 9 24 0 1 0 23 21 17 0 0 0 0 0 0 0 0 34 11 10 18 0 0 29 20 1 13 0 0 26 9 12 0 0 35 32 18 0 0 0 0 0 0 0 0 0 0 22 0 0 0 0 0 0 0 2 0 0 0 0 12 0 13 0 0 0 0 0 0 0 0 0 0 0 0 0 0 0 0 0 12 13 34 0 0 0 1 15 0 0 0 0 0 0 0 0 0 37 21 0 0 4 18 9 14 10 21 26 0 56 7 57 0 20 35 18 26 0 0 0 0 0 0 0 0 0 0 0 0 0 0 0 0 0 0 0 0 0 0 0 0 0 0 0 0 0 0 0 0 0 0 0 0 0 0 0 0 0 0 0 0 0 2 0 0 0 115 0 0 0 1 5 0 1 1 0 2 2 1 0 0 0 0 0 0 65 0 0 2 0 0 0 0 0 0 0 0 0 1 0 0 0 0 0 0 0 0 
 1 5 3 1 211 0 1 0 1 0 3 1 1 1 1 1 2 0 1 1 378 328 108 163 60 37 247 0 79 204 109 105 106 186 55 480 257 264 76 215 0 62 0 2 4 0 0 1 0 1 0 0 0 5 0 2 0 0 0 4 0 0 0 3 0 3 0 0 2 0 0 1 1 0 0 0 3 0 2 0 1 0 0 0 0 0 0 0 0 0 0 1 0 0 0 0 0 0 0 0 30 2 0 10 0 24 12 13 0 61 0 2 2 20 19 8 11 0 0 9 1 0 0 0 0 0 0 0 0 0 0 0 0 9 0 0 0 0 10 1 2 0 4 0 0 0 0 0 0 0 0 1 0 0 0 0 0 15 0 0 0 0 0 0 0 13 0 0 1 0 0 0 0 0 0 0 0 0 0 0 26 21 16 0 17 25 0 0 35 9 8 11 0 18 0 1 19 2 23 0 0 0 0 0 0 0 0 0 0 0 0 0 8 0 0 0 0 0 0 15 0 0 0 0 0 0 2 0 0 0 0 0 0 0 0 0 0 0 0 0 0 0 0 0 0 0 0 0 0 0 0 0 0 0 5 0 2 0 77 0 5 0 0 0 0 0 0 0 0 0 0 0 0 0 0 0 0 0 0 0 0 0 0 0 0 0 7 0 0 0 
 1 2 2 209 77 110 1 74 0 2 2 77 4 1 2 5 2 4 78 2 26 142 91 675 384 73 268 79 0 327 177 92 119 107 259 234 118 31 305 140 0 0 0 2 3 0 0 2 0 0 0 0 124 1 0 2 0 0 1 5 0 2 0 3 52 0 1 3 2 0 2 2 0 0 0 2 3 3 2 0 0 0 0 0 0 0 0 0 0 0 0 0 0 0 0 0 0 0 0 0 0 18 44 0 18 0 14 15 21 0 15 19 0 0 0 14 18 9 0 12 8 0 0 9 0 0 0 0 0 0 0 0 0 0 0 0 0 0 1 0 0 3 0 0 0 0 0 0 0 0 0 0 0 0 0 0 0 0 0 3 0 25 0 0 0 0 0 0 0 0 0 0 0 0 0 0 0 0 0 0 0 0 22 17 8 0 0 1 9 19 0 32 19 18 22 20 15 24 18 40 0 20 0 0 0 0 13 0 4 2 0 0 15 2 7 0 0 0 0 11 0 0 0 0 0 0 0 0 0 8 0 0 0 0 0 0 6 0 0 0 0 0 0 0 0 0 2 0 0 0 0 0 0 2 1 1 0 0 1 2 6 16 0 0 0 0 0 0 0 0 0 0 0 0 0 2 2 0 0 0 0 10 0 0 0 12 0 0 0 0 
 0 1 74 0 0 0 0 0 0 1 0 0 3 0 0 0 0 2 0 0 179 208 209 204 538 417 26 204 327 0 139 177 82 70 73 173 31 115 85 140 0 2 0 2 4 0 8 2 0 0 1 0 0 0 0 2 1 0 9 4 0 0 0 3 0 1 0 0 2 1 0 2 0 0 0 0 3 0 2 0 0 0 0 0 0 0 0 0 0 1 0 0 0 0 0 0 0 0 0 0 26 9 11 0 24 17 14 2 0 18 19 16 0 33 21 0 0 13 0 0 0 12 0 0 0 0 1 0 0 0 0 1 0 29 6 10 0 0 1 11 6 0 0 0 0 0 0 2 0 0 0 0 2 0 0 0 0 0 0 0 0 0 0 0 0 0 0 0 0 19 0 0 0 0 0 0 0 0 0 0 0 24 0 22 9 0 23 9 12 7 15 56 0 0 24 1 2 0 0 14 21 0 0 0 0 0 7 23 11 0 0 0 21 0 1 23 0 0 30 42 0 2 0 0 0 0 0 0 0 0 0 0 0 0 0 0 0 0 0 1 0 0 15 0 0 0 0 0 0 0 0 0 0 0 7 3 0 81 3 0 2 3 0 0 0 0 14 0 0 0 0 0 0 0 0 0 0 1 0 44 0 0 0 0 1 0 13 0 0 0 
 55 3 0 0 0 74 1 0 0 0 0 0 0 0 0 3 0 8 0 0 32 159 194 494 263 571 65 109 177 139 0 122 180 108 173 151 173 150 45 143 0 0 0 2 4 2 3 2 0 0 0 3 0 63 57 67 1 1 65 4 0 58 0 3 0 0 0 1 2 1 0 0 3 0 0 2 3 0 5 0 0 0 0 0 0 0 0 0 0 0 0 0 0 0 0 0 0 0 0 0 0 0 12 5 39 20 2 0 9 15 33 0 0 20 0 12 31 13 0 9 9 15 0 0 0 0 20 0 0 19 0 0 6 15 8 25 15 0 12 31 0 0 0 0 0 0 0 5 0 0 0 0 2 0 0 0 8 0 0 3 0 0 0 0 0 0 0 0 0 0 0 0 0 0 0 0 0 0 12 0 2 37 20 32 14 18 0 0 0 0 3 14 20 13 11 8 10 21 0 10 11 0 1 0 0 0 13 22 0 0 0 0 20 0 1 10 18 0 34 9 0 0 0 0 0 0 0 0 0 0 0 0 0 0 0 0 0 0 0 0 0 0 12 0 0 0 0 0 0 0 0 0 0 0 0 0 0 41 0 0 3 0 0 0 0 62 14 0 0 0 0 0 0 0 0 0 0 0 0 13 0 0 0 0 1 0 11 0 0 0 
 3 3 3 3 3 3 3 4 3 3 3 3 3 3 3 7 3 3 3 4 47 349 73 261 164 197 43 105 92 177 122 0 39 40 101 64 140 63 35 112 0 0 0 2 3 0 0 0 0 1 0 0 117 34 7 2 1 0 63 3 0 0 0 3 0 3 0 0 2 0 0 1 2 46 0 0 3 0 3 0 0 0 0 0 5 4 0 0 0 0 0 0 0 0 0 0 0 0 0 0 0 0 0 0 29 20 0 0 9 0 24 13 0 0 0 0 0 0 0 0 0 0 1 0 0 0 1 0 0 0 0 9 0 22 4 0 0 0 12 0 1 3 0 0 0 0 0 0 0 0 0 0 1 0 0 0 0 0 0 0 0 0 2 0 0 0 0 0 0 0 0 0 0 0 0 0 0 0 0 0 0 14 11 18 1 0 1 1 0 23 26 56 0 0 0 0 15 0 0 1 29 0 0 0 10 0 0 2 32 0 31 0 35 18 14 10 0 0 0 58 0 0 0 0 0 0 0 2 2 0 0 0 0 0 0 0 0 0 0 0 0 0 0 0 0 1 0 0 0 0 0 0 0 2 8 0 1 74 0 0 2 14 0 0 0 0 8 0 0 0 0 0 0 0 0 0 0 0 0 0 0 15 0 0 14 18 8 0 0 0 
 0 3 37 1 80 99 0 2 0 84 40 96 0 0 0 118 74 75 0 0 136 80 78 80 95 44 272 106 119 82 180 39 0 198 69 84 49 23 246 47 4 0 0 2 7 0 0 1 0 0 0 0 0 0 0 2 0 0 0 5 1 1 0 3 0 3 0 2 3 0 0 0 1 0 3 0 6 0 2 0 2 12 7 1 11 1 0 21 18 17 20 12 0 0 46 15 0 0 0 0 24 0 4 11 0 0 66 12 6 1 0 0 2 0 57 0 0 4 16 0 0 0 0 0 0 0 0 0 1 0 0 0 0 0 7 0 0 0 0 0 0 0 0 0 0 0 0 0 0 0 0 0 0 0 2 0 0 0 0 0 0 0 1 0 22 22 0 0 2 12 15 11 0 0 0 0 11 14 2 0 20 0 0 0 0 0 9 5 15 0 11 0 54 23 11 15 43 1 36 0 0 28 0 0 0 0 0 0 0 0 0 0 0 0 0 0 0 0 0 0 0 0 0 0 0 17 1 0 0 8 0 2 0 0 0 0 0 0 0 0 0 0 0 0 0 0 44 2 76 170 7 0 0 0 10 1 4 0 78 0 0 1 0 0 0 0 0 0 0 0 0 0 0 0 0 0 12 14 0 0 0 17 0 0 0 0 0 0 0 9 
 0 0 0 0 1 75 0 0 1 0 0 74 0 0 0 2 2 2 0 0 35 46 142 131 59 66 202 186 107 70 108 40 198 0 310 341 130 44 299 244 6 4 0 6 10 0 0 0 0 0 0 6 0 0 0 2 0 0 0 3 0 0 0 3 4 3 0 0 2 0 0 0 6 0 9 0 3 0 3 0 0 0 1 0 0 0 0 0 0 0 0 11 0 0 0 0 2 0 0 0 1 19 0 12 2 0 10 8 33 27 0 10 18 11 0 8 10 0 16 6 0 0 0 0 0 0 0 0 0 0 0 0 0 0 0 1 0 0 19 0 6 1 0 0 0 0 0 0 0 0 0 0 4 0 0 0 0 0 0 0 0 0 0 0 12 12 0 0 0 0 13 0 0 0 2 0 1 0 0 0 34 36 9 0 1 47 14 32 0 21 25 3 30 21 14 15 30 45 0 21 0 0 0 2 0 0 0 0 0 0 0 0 0 0 0 0 0 0 0 8 0 0 0 0 0 0 0 0 0 0 1 0 0 0 0 0 0 0 0 0 0 0 0 0 0 0 0 0 0 75 0 0 0 0 7 0 2 97 9 0 0 17 0 0 0 0 0 0 0 0 0 0 0 0 0 0 0 0 0 0 0 12 0 0 0 0 0 0 0 0 
 0 0 0 0 0 73 0 0 0 0 74 75 63 0 0 0 0 0 0 0 193 127 120 147 130 201 44 55 259 73 173 101 69 310 0 147 120 81 206 161 2 2 0 2 3 0 0 1 0 0 0 0 3 0 0 2 0 0 0 4 0 3 0 3 0 2 0 0 2 0 0 0 0 0 0 0 3 0 2 0 0 0 0 0 15 1 0 0 11 0 11 1 0 0 0 0 0 0 0 0 12 43 26 27 41 14 1 0 59 2 8 34 0 34 0 62 18 33 1 0 0 0 0 0 0 0 0 0 0 0 0 0 0 0 0 0 0 0 25 26 1 5 0 0 0 0 0 0 0 0 0 0 2 0 0 0 0 0 0 1 0 0 0 0 0 21 0 0 0 0 0 0 0 0 0 0 0 0 0 0 17 22 39 18 0 17 7 8 0 28 15 19 0 0 20 50 14 39 0 1 0 0 0 0 0 0 31 0 0 0 0 0 0 0 0 0 0 0 7 6 0 0 0 0 0 0 0 0 0 0 0 0 0 0 0 6 0 0 0 0 0 0 0 0 0 0 0 0 0 0 0 0 0 0 0 3 0 0 73 5 23 13 0 0 0 0 0 0 0 0 0 0 0 0 0 0 0 0 0 14 0 7 0 0 0 0 0 0 0 0 
 2 40 0 0 62 85 2 109 0 0 0 0 3 0 0 2 0 0 1 0 622 125 155 108 84 186 103 480 234 173 151 64 84 341 147 0 297 47 147 490 4 0 3 3 6 2 10 3 0 3 2 0 3 0 3 5 2 4 3 5 0 9 3 6 1 2 0 0 4 2 0 1 0 0 1 0 3 5 2 1 0 0 0 0 0 0 0 0 0 0 0 0 2 0 0 0 0 0 0 0 41 42 35 46 0 1 1 24 28 2 8 121 33 33 13 19 12 23 0 0 0 0 0 0 0 2 0 0 0 0 0 0 0 0 0 0 0 0 17 16 8 0 0 0 0 0 0 0 0 0 0 0 6 0 6 0 0 1 0 0 12 0 0 0 13 10 0 0 0 0 0 0 0 0 0 13 0 0 0 0 44 41 0 15 1 41 13 40 15 34 21 0 0 1 23 27 0 105 0 10 0 0 0 0 10 2 10 0 0 0 0 1 0 0 0 0 0 0 8 1 1 0 0 0 0 0 0 13 0 0 0 0 0 0 0 0 0 0 0 0 0 0 0 0 0 0 2 0 2 0 0 0 0 0 1 0 2 86 78 2 57 10 0 0 0 0 0 0 0 0 0 0 0 2 0 0 0 0 0 0 0 17 0 0 0 0 0 0 0 0 
 5 4 4 4 4 3 5 5 5 4 5 3 4 4 5 5 4 5 5 4 108 120 49 210 160 55 35 257 118 31 173 140 49 130 120 297 0 143 160 77 0 0 7 64 3 0 4 2 0 6 0 0 123 5 0 2 2 0 1 3 0 0 0 3 0 0 0 4 37 0 0 0 0 0 0 0 3 0 2 0 0 0 0 0 0 0 0 0 0 0 0 0 0 0 0 0 0 0 0 0 0 20 0 12 6 1 2 1 36 0 33 30 0 18 0 9 15 0 0 0 0 0 0 0 0 0 11 0 0 0 0 0 0 0 13 1 0 0 1 16 0 3 0 0 0 0 0 0 0 0 0 0 0 10 0 0 0 0 0 0 0 0 0 0 0 0 0 0 0 0 0 0 0 0 0 0 0 0 0 0 21 20 17 28 1 11 0 8 10 46 0 9 8 0 35 0 11 27 0 0 0 0 1 0 0 0 15 0 0 0 0 0 11 4 21 0 0 0 0 13 0 0 0 0 0 0 0 0 0 0 0 0 0 0 0 0 0 0 0 0 0 0 4 0 0 0 0 0 0 0 0 0 0 0 2 0 0 0 0 1 24 15 0 0 0 0 0 0 0 0 0 0 0 0 0 0 2 0 0 0 0 10 0 0 0 13 0 0 0 0 
 0 0 0 2 74 0 0 1 0 0 0 3 2 0 0 3 0 2 0 1 252 168 342 181 126 123 34 264 31 115 150 63 23 44 81 47 143 0 53 28 0 0 5 2 3 0 0 1 0 0 0 0 0 28 0 2 0 0 0 4 0 0 0 3 0 2 0 0 2 0 0 1 0 0 0 0 3 0 2 0 0 0 0 0 0 0 0 0 0 0 0 0 0 0 0 0 0 0 0 0 0 19 27 11 28 35 12 0 39 47 9 20 0 12 0 34 21 13 0 0 0 0 1 0 0 1 0 0 0 0 0 0 0 0 0 0 0 0 21 30 0 0 3 0 0 0 0 0 0 0 0 0 0 0 0 0 0 0 0 0 0 0 2 0 0 9 0 0 0 0 0 0 0 0 0 0 0 0 0 0 27 30 53 12 13 17 0 9 8 1 9 11 0 13 0 8 25 0 0 2 2 0 0 0 0 0 13 0 0 0 0 0 0 0 0 0 0 0 0 0 0 0 8 0 0 0 0 2 2 0 0 0 0 0 0 0 0 0 0 0 0 0 0 0 0 1 0 0 0 0 0 0 0 2 3 0 3 0 1 0 22 0 0 0 0 0 0 0 0 0 0 0 0 0 0 0 0 0 0 14 0 0 0 0 0 0 7 0 0 0 
 0 134 1 99 154 222 35 1 76 0 92 73 0 0 155 39 166 0 0 0 301 273 125 103 79 258 164 76 305 85 45 35 246 299 206 147 160 53 0 222 5 0 0 2 5 1 1 2 0 0 0 0 0 0 0 2 0 0 0 5 0 0 3 3 0 1 0 0 2 0 0 0 0 0 0 0 3 51 2 3 8 23 16 0 15 20 0 0 0 17 20 0 0 2 0 4 32 0 2 0 0 0 9 16 0 0 0 0 1 0 0 2 15 31 0 8 14 10 27 53 0 0 0 0 0 0 0 0 0 0 0 0 0 0 0 0 0 0 0 0 0 0 0 0 0 0 0 0 0 0 0 0 0 0 0 0 0 0 0 0 0 0 0 51 0 9 9 0 0 10 7 1 0 1 0 6 14 11 0 0 0 1 11 1 0 10 15 0 1 1 22 0 19 27 11 15 2 17 14 51 0 0 0 0 0 0 0 0 0 0 0 0 0 0 0 0 0 0 0 0 0 0 0 0 0 0 0 0 0 0 0 1 0 0 0 0 0 2 0 0 0 0 0 0 0 0 1 0 35 1 12 0 0 0 4 0 0 0 79 0 2 0 0 0 0 0 0 0 0 0 0 0 0 0 0 8 17 0 0 0 0 19 0 0 0 0 0 0 0 0 
 3 4 3 3 3 106 3 3 3 3 6 82 7 3 3 4 3 85 3 3 269 90 310 154 117 80 123 215 140 140 143 112 47 244 161 490 77 28 222 0 2 0 3 2 5 2 2 1 0 0 0 0 0 0 0 2 0 0 0 4 0 51 7 3 10 1 0 0 2 6 0 1 0 0 0 3 3 0 2 0 0 0 0 0 0 5 0 0 0 0 0 19 0 0 0 0 0 0 0 0 18 30 0 25 0 0 17 59 31 12 7 19 12 54 9 9 21 5 18 15 0 0 0 0 0 0 0 0 0 0 0 0 0 0 0 0 0 0 0 11 3 0 0 0 0 0 0 2 0 0 0 0 2 0 0 0 0 0 0 0 0 0 0 0 0 11 0 0 0 1 0 0 0 0 0 0 0 0 0 0 37 23 0 0 0 22 18 32 31 14 17 0 23 0 29 14 0 61 19 20 0 0 0 14 12 0 0 0 0 0 0 0 0 0 0 0 0 0 0 0 0 1 0 0 0 0 0 0 0 0 0 0 0 0 0 0 0 0 0 1 0 0 0 0 0 0 0 0 0 0 0 0 0 0 14 0 0 1 0 0 14 0 0 0 0 0 0 0 0 0 0 0 0 0 0 0 0 1 0 0 0 0 0 0 0 0 0 0 0 0 
 1 1 0 1 1 2 1 2 1 0 2 1 1 1 2 1 2 0 1 1 8 2 0 0 0 0 10 0 0 0 0 0 4 6 2 4 0 0 5 2 0 355 150 33 39 38 433 84 28 102 110 65 62 63 81 125 306 54 74 177 0 0 0 0 0 0 0 204 0 0 0 0 0 0 0 0 0 0 0 0 0 0 0 0 0 0 0 0 0 0 0 2 0 0 0 0 0 0 0 0 0 11 0 11 0 0 6 0 0 0 0 0 0 0 0 0 0 4 14 0 14 29 15 21 15 0 7 34 18 3 9 0 0 32 7 9 14 14 0 11 0 0 0 0 0 0 13 0 0 1 0 0 1 0 0 0 0 0 27 0 0 0 3 15 0 4 0 0 0 32 8 0 0 0 4 0 0 0 4 6 0 0 0 0 0 18 5 0 0 0 2 0 3 0 2 2 0 0 0 2 0 47 28 0 7 2 44 0 7 55 1 30 20 21 54 17 0 7 7 1 0 0 0 0 0 0 0 0 0 0 0 0 10 0 0 0 0 0 18 0 0 0 0 0 0 0 0 0 0 0 0 4 0 1 0 0 0 0 0 17 0 0 0 0 3 18 0 6 2 0 0 0 0 0 0 0 0 0 0 0 0 3 0 0 32 21 0 13 2 0 
 1 0 0 0 0 0 0 0 0 0 0 0 0 0 0 0 0 0 0 0 0 0 0 2 6 65 0 62 0 2 0 0 0 4 2 0 0 0 0 0 355 0 184 137 33 42 163 179 126 64 39 26 147 219 273 250 126 114 117 335 0 0 0 3 4 1 0 0 4 0 0 2 1 0 0 2 0 3 0 0 0 0 0 0 0 0 0 14 0 0 0 0 0 0 0 0 0 0 0 0 0 0 0 0 13 0 0 0 0 0 0 0 0 0 0 0 0 0 0 0 3 11 26 31 25 11 1 9 13 10 31 10 9 0 13 0 5 1 19 5 0 0 0 0 0 0 8 0 0 0 0 0 0 0 0 0 0 0 0 0 0 0 0 0 0 0 0 0 0 0 0 0 0 0 0 0 0 0 1 0 0 0 0 0 13 8 0 0 0 7 0 0 0 0 0 0 0 0 0 0 9 8 11 17 0 1 3 23 12 16 0 0 11 32 0 52 1 23 27 2 21 0 0 0 0 0 0 0 0 0 0 0 10 0 0 0 0 0 0 0 0 0 0 0 0 0 0 0 0 0 0 9 0 0 0 0 0 0 63 0 0 0 1 0 0 2 0 1 2 0 12 0 0 0 0 0 0 0 0 0 0 0 0 0 3 13 0 12 1 0 
 3 4 3 3 3 3 3 36 3 3 3 3 3 3 3 6 3 3 3 3 3 0 2 0 77 0 0 0 0 0 0 0 0 0 0 3 7 5 0 3 150 184 0 170 52 45 315 172 110 190 118 167 97 352 76 59 135 313 44 104 0 0 0 0 0 0 0 0 0 1 0 0 59 0 0 0 0 0 61 0 0 0 0 0 0 0 0 0 0 0 0 0 0 0 0 0 0 0 0 0 0 0 0 0 0 0 0 0 23 0 0 0 0 0 0 0 8 0 0 0 21 8 4 9 21 32 14 10 0 0 6 7 10 10 7 19 0 1 0 0 0 0 0 7 0 0 0 0 0 0 0 0 14 18 1 0 0 0 11 16 0 0 0 0 12 0 0 0 0 1 0 0 0 0 0 0 0 0 2 9 0 20 8 4 0 9 0 0 16 5 0 0 0 1 0 0 1 0 0 0 0 19 22 8 2 14 0 0 0 10 24 62 2 0 3 0 0 23 1 8 1 9 0 0 0 0 27 0 0 0 0 0 21 14 12 16 0 4 12 0 0 0 1 0 0 0 0 0 0 0 0 7 0 1 0 0 0 0 0 12 0 0 0 0 2 12 4 1 0 0 9 0 0 0 0 0 0 0 0 0 0 0 0 0 0 15 0 0 2 0 
 0 0 0 0 0 0 0 75 0 0 0 0 0 0 0 0 0 0 2 0 2 2 2 2 2 3 2 2 2 2 2 2 2 6 2 3 64 2 2 2 33 137 170 0 370 36 104 179 86 172 105 458 64 93 135 61 350 59 106 63 0 0 5 0 0 4 0 0 0 0 0 0 0 0 0 0 0 0 0 9 0 0 0 0 0 0 0 0 0 0 0 0 0 0 0 0 0 0 0 0 0 0 30 0 0 0 0 0 0 0 0 0 0 0 0 0 0 0 0 0 41 0 10 28 33 26 11 10 8 0 7 0 0 47 8 16 0 1 0 0 17 0 0 10 0 0 0 0 0 6 0 0 7 8 0 30 0 0 10 10 0 0 0 0 3 0 0 0 0 0 0 0 0 0 0 0 0 0 0 3 0 0 0 0 0 0 0 1 0 0 0 1 0 0 0 0 0 0 0 0 0 17 12 0 9 1 0 11 0 0 14 14 0 0 0 0 0 15 1 0 3 23 0 0 0 0 24 0 9 0 0 0 26 36 22 0 8 0 0 3 0 0 0 0 0 0 0 0 0 0 0 9 0 0 0 0 0 0 0 11 0 0 1 0 68 13 0 0 2 0 10 0 0 0 0 0 0 0 0 0 0 0 0 0 0 0 0 0 1 0 
 0 0 0 0 2 1 2 2 2 0 1 0 5 0 0 6 1 0 4 1 4 4 4 3 4 8 5 4 3 4 4 3 7 10 3 6 3 3 5 5 39 33 52 370 0 129 263 492 309 91 89 317 99 48 77 289 73 47 60 495 55 52 12 0 6 1 101 4 49 1 0 0 0 5 53 50 16 6 21 33 0 0 0 0 0 0 0 1 0 0 0 0 0 0 0 0 0 0 0 0 0 0 0 0 0 0 0 15 0 0 0 0 0 0 0 0 0 0 0 0 0 0 0 0 0 11 0 0 0 9 0 1 0 0 0 0 0 0 0 0 7 0 4 12 0 4 5 0 9 17 50 0 1 17 15 19 25 9 21 9 6 0 0 0 0 0 0 0 0 0 0 0 0 0 11 0 0 1 19 0 0 0 0 0 0 0 0 0 0 0 0 0 0 0 0 0 3 0 0 0 0 0 0 0 0 3 9 0 0 0 1 0 0 0 0 0 0 0 0 0 0 35 0 21 1 0 4 6 12 21 53 0 0 12 1 3 0 0 42 7 2 0 0 0 0 0 0 0 2 0 0 10 0 2 0 0 0 2 0 0 1 19 0 64 0 15 5 0 0 0 0 0 0 0 0 0 0 0 0 0 0 0 0 0 0 0 0 0 0 3 
 0 0 0 0 0 0 0 0 0 0 0 0 2 0 0 1 0 2 2 0 0 0 0 0 0 0 0 0 0 0 2 0 0 0 0 2 0 0 1 2 38 42 45 36 129 0 31 33 45 40 83 147 41 65 263 72 95 58 464 59 49 128 47 0 0 10 110 0 86 3 0 0 96 14 4 53 0 33 0 91 0 0 0 0 0 0 0 1 0 0 0 0 0 0 0 0 0 0 0 0 0 0 0 0 0 0 0 0 0 0 0 0 0 0 0 0 0 0 0 4 0 0 0 18 0 13 0 0 0 0 0 0 0 0 0 0 0 0 0 0 19 1 0 9 0 0 22 27 15 4 8 0 0 15 44 20 43 35 8 0 10 0 0 0 0 0 0 0 0 0 0 0 0 0 0 0 10 0 0 0 0 0 0 0 0 0 0 0 0 0 0 0 0 0 0 0 0 0 0 0 0 0 0 0 0 1 0 0 0 0 0 0 0 0 0 0 0 0 0 0 26 52 0 43 0 0 7 10 22 38 40 9 0 33 29 4 0 0 10 17 0 0 0 0 0 0 0 0 0 0 0 15 0 52 0 0 0 0 0 1 0 0 75 0 0 1 3 0 0 0 1 0 0 1 0 0 0 0 0 0 0 0 0 0 0 0 0 0 1 0 
 0 0 0 0 0 0 0 3 0 0 0 0 0 0 0 3 0 0 0 0 0 0 15 0 69 34 0 0 0 8 3 0 0 0 0 10 4 0 1 2 433 163 315 104 263 31 0 236 127 67 286 90 140 109 244 482 42 53 213 200 0 0 0 0 0 0 0 0 0 0 0 0 1 0 0 0 0 0 0 1 0 0 0 0 0 0 0 0 0 0 0 0 0 0 0 0 0 0 1 0 0 0 0 0 4 18 0 0 0 0 0 9 0 0 0 0 0 0 0 0 22 37 10 11 15 0 87 26 1 15 22 0 1 58 14 27 10 0 10 12 0 0 0 0 0 0 11 0 0 0 0 0 0 0 0 0 0 0 0 0 0 0 0 0 0 1 0 0 0 0 0 0 0 0 0 0 0 0 29 0 0 0 7 22 0 6 0 0 0 43 0 0 0 0 0 0 0 0 0 0 18 34 48 19 17 0 54 26 6 38 0 0 26 20 0 21 6 58 25 0 0 0 0 0 0 0 0 0 0 0 0 0 0 0 0 0 0 10 0 0 0 0 21 0 0 0 0 0 0 0 0 3 0 0 0 0 0 5 20 2 0 0 0 0 67 2 2 2 0 0 0 0 0 0 10 0 0 0 0 0 0 0 0 0 7 22 0 15 2 0 
 0 0 0 0 0 0 0 0 0 0 0 0 0 7 0 3 0 0 0 0 1 1 1 2 64 3 1 1 2 2 2 0 1 0 1 3 2 1 2 1 84 179 172 179 492 33 236 0 117 56 106 66 99 66 126 52 139 18 74 282 5 0 0 0 0 0 5 0 0 0 0 0 0 1 5 30 0 6 0 4 0 0 0 0 0 0 0 0 0 0 9 0 0 0 0 0 0 0 0 0 0 0 0 0 0 2 0 0 0 0 0 0 0 0 0 0 0 0 0 0 31 28 30 0 23 12 6 0 12 1 1 0 16 16 11 5 1 0 0 0 5 1 0 0 0 0 0 0 0 0 0 0 12 1 0 0 8 8 8 15 0 0 15 0 6 0 0 0 0 0 0 0 0 0 1 0 0 0 0 6 0 0 0 0 0 19 0 0 0 0 0 0 2 0 0 0 0 0 0 0 1 3 3 0 14 0 0 0 1 12 1 3 0 1 15 17 0 39 1 39 0 19 4 0 0 0 29 5 0 5 0 0 9 0 0 17 18 4 3 11 0 0 0 0 0 0 0 0 0 0 0 4 0 0 0 0 0 1 0 0 0 0 2 0 47 14 1 0 0 0 9 0 0 0 0 0 0 0 0 0 0 0 0 0 12 15 0 0 2 0 
 0 0 0 0 0 0 0 0 0 0 0 0 0 0 0 0 0 0 0 0 0 0 0 0 0 0 0 0 0 0 0 0 0 0 0 0 0 0 0 0 28 126 110 86 309 45 127 117 0 79 203 23 72 368 139 381 563 399 101 126 0 0 0 0 0 0 0 0 55 0 0 0 50 0 0 0 0 0 0 0 0 0 0 0 0 0 0 0 0 0 0 0 0 0 0 0 0 0 0 0 0 0 0 0 0 0 0 0 0 0 0 0 0 0 2 0 0 0 0 0 1 21 27 0 0 0 0 0 4 0 0 20 0 13 0 0 16 3 0 0 0 10 0 0 0 0 12 0 0 1 0 0 16 10 0 0 0 0 14 0 0 0 0 0 0 0 2 0 0 0 0 0 0 0 0 31 0 0 0 0 0 0 0 0 0 18 0 0 0 0 8 0 0 0 0 0 0 0 0 0 0 0 5 23 0 0 0 14 0 6 32 9 0 0 21 42 26 1 0 0 15 1 0 0 0 0 9 0 0 0 0 0 22 11 0 0 0 0 6 9 0 5 0 0 0 0 0 0 0 0 0 12 69 1 0 0 0 0 0 0 0 0 0 1 1 1 0 0 0 0 0 0 0 0 0 0 0 0 0 0 0 0 0 0 13 0 0 0 2 0 
 0 0 0 0 0 0 0 0 0 0 0 0 0 0 0 0 0 64 0 0 0 0 6 1 5 0 0 1 0 0 0 1 0 0 0 3 6 0 0 0 102 64 190 172 91 40 67 56 79 0 87 85 84 297 130 212 447 396 73 398 0 0 0 0 4 3 0 0 0 0 10 2 0 53 1 0 0 2 49 0 0 0 0 0 0 0 0 1 0 0 0 0 0 0 0 0 0 0 0 0 0 0 0 0 1 0 0 0 1 0 1 0 0 0 0 0 0 0 0 0 8 7 0 2 15 20 35 50 8 3 14 28 13 20 20 4 10 6 0 2 0 0 0 27 6 0 6 0 0 0 0 1 0 21 3 0 0 0 10 15 0 0 0 0 0 0 0 0 0 3 0 0 0 0 3 0 0 0 18 0 0 4 8 5 1 0 0 0 4 6 0 2 0 0 0 0 0 0 0 0 0 20 7 1 14 27 19 29 16 15 0 9 22 20 6 1 7 12 3 0 0 3 0 0 0 0 0 0 0 0 4 0 0 0 8 30 0 23 11 0 0 0 8 0 0 0 0 0 0 0 0 0 0 0 0 0 0 0 0 20 0 0 53 0 0 3 0 5 1 0 3 0 0 14 0 0 0 0 0 0 0 1 0 0 1 19 0 0 1 0 
 0 6 0 0 0 0 3 2 0 2 0 0 2 5 0 4 0 0 2 0 0 0 0 0 0 0 0 0 0 1 0 0 0 0 0 2 0 0 0 0 110 39 118 105 89 83 286 106 203 87 0 184 32 64 112 232 249 62 128 148 0 0 0 0 0 0 0 0 1 4 2 13 0 0 0 0 0 0 0 0 0 35 7 0 0 0 0 0 4 0 0 0 0 0 0 0 16 0 0 5 0 0 0 0 0 0 0 0 0 3 0 0 0 0 0 0 0 0 0 0 11 1 0 18 38 12 19 12 70 0 15 0 1 26 0 40 13 9 0 0 0 0 0 0 0 0 39 0 0 0 0 0 7 0 0 0 0 0 0 16 9 4 0 0 4 0 2 4 0 0 0 0 2 0 0 30 5 0 2 3 0 0 0 0 0 0 0 0 0 7 0 0 0 0 0 0 0 0 0 0 1 6 23 0 30 8 0 9 7 0 14 27 0 42 0 22 2 10 0 0 25 0 0 0 0 0 30 0 0 1 0 16 3 7 0 0 0 0 0 21 0 0 0 0 0 0 0 0 0 0 0 6 0 1 1 0 0 0 0 2 0 0 0 0 64 0 11 1 0 0 0 0 0 0 0 0 0 0 0 0 0 0 0 0 0 0 0 14 2 0 
 0 10 0 0 0 0 3 2 0 2 0 0 28 9 0 0 0 6 2 0 0 0 2 0 0 2 0 0 0 0 3 0 0 6 0 0 0 0 0 0 65 26 167 458 317 147 90 66 23 85 184 0 37 36 27 24 105 90 250 32 0 1 3 0 2 7 0 0 3 6 3 2 0 0 0 0 2 0 0 4 2 12 0 0 0 0 0 1 4 0 0 0 0 0 0 0 3 0 28 4 0 0 0 0 0 0 0 0 0 0 0 0 0 0 0 0 0 0 0 0 25 7 0 0 23 47 19 13 96 0 0 1 0 15 7 20 10 19 0 0 0 0 0 3 0 0 0 0 0 16 0 0 0 9 0 20 13 1 15 8 0 5 0 0 0 0 6 3 0 6 0 0 2 1 2 12 5 0 5 0 0 0 0 0 0 0 0 0 0 0 0 0 0 0 0 0 0 0 0 0 0 9 14 0 24 1 0 0 0 1 10 21 0 0 15 0 0 4 0 0 64 25 0 0 0 0 3 0 2 0 0 3 22 17 0 5 7 0 11 1 3 0 0 0 0 0 0 0 0 0 0 2 0 2 0 0 0 0 0 6 0 0 9 0 15 15 0 0 2 0 0 0 0 0 0 0 0 0 0 0 0 0 0 0 0 0 0 0 1 0 
 0 2 0 0 1 0 2 0 0 0 1 0 2 0 0 0 0 0 0 0 0 0 0 86 177 30 0 0 124 0 0 117 0 0 3 3 123 0 0 0 62 147 97 64 99 41 140 99 72 84 32 37 0 155 95 36 57 30 223 78 0 0 0 0 6 0 0 34 202 0 2 0 28 0 6 0 0 0 0 0 0 0 0 0 0 0 0 0 0 0 0 0 0 10 0 0 0 0 0 0 0 0 0 0 13 0 0 0 5 0 18 0 0 0 0 0 1 0 0 0 38 0 0 0 0 0 7 2 0 5 0 0 10 71 12 3 1 0 19 10 0 1 0 0 0 0 0 3 0 0 0 0 0 0 0 0 6 0 0 2 0 0 0 0 0 0 24 0 0 0 0 0 0 0 0 0 0 0 0 0 0 0 29 32 22 0 0 0 0 10 1 11 0 0 0 1 11 0 0 24 0 2 9 6 0 0 11 14 20 28 15 22 15 11 10 24 0 7 0 8 0 0 0 0 0 0 0 0 0 0 0 0 0 0 0 0 0 0 0 0 0 0 0 0 0 0 0 0 0 0 0 7 0 0 0 0 0 1 37 0 0 0 0 0 0 5 0 1 0 0 0 0 0 0 0 0 0 0 0 0 0 11 0 0 0 33 0 0 1 0 
 67 0 0 0 0 0 0 0 0 0 0 0 0 0 0 0 0 0 0 0 0 0 0 62 0 0 0 5 1 0 63 34 0 0 0 0 5 28 0 0 63 219 352 93 48 65 109 66 368 297 64 36 155 0 272 163 104 39 127 129 0 0 0 0 0 0 0 4 0 0 0 0 0 0 0 0 0 0 0 0 0 0 0 0 0 0 0 9 0 0 0 0 0 0 0 0 0 0 0 0 0 0 0 0 1 24 0 0 3 4 11 0 0 0 0 0 19 0 0 0 7 9 13 0 30 19 12 0 8 6 16 0 14 10 0 12 9 0 0 1 0 1 0 0 0 0 8 0 0 1 0 0 6 1 0 0 1 0 0 43 0 0 0 0 8 0 0 0 0 0 0 0 0 0 0 0 0 0 0 9 0 10 4 3 1 26 0 2 10 3 0 0 0 3 0 0 5 0 0 0 23 4 10 0 24 0 0 27 19 0 0 0 10 23 1 26 19 23 10 9 19 0 0 0 0 14 21 0 0 0 0 0 41 0 0 0 0 0 1 0 0 0 0 0 0 0 0 0 0 0 0 7 0 1 0 0 0 62 0 2 0 0 0 0 0 21 0 1 0 0 0 0 0 0 0 0 0 0 0 0 0 0 0 0 12 12 0 0 2 0 
 0 0 0 0 0 0 0 3 0 0 0 0 3 0 0 0 0 3 0 0 0 0 0 62 63 0 0 0 0 0 57 7 0 0 0 3 0 0 0 0 81 273 76 135 77 263 244 126 139 130 112 27 95 272 0 440 107 35 135 108 0 0 0 0 0 0 0 0 0 0 0 0 55 0 0 0 0 0 30 0 0 0 0 0 0 0 0 0 0 0 0 0 0 0 0 0 0 0 0 0 0 0 0 0 0 10 0 0 0 0 20 0 0 0 0 0 0 0 0 0 33 0 8 0 6 36 17 0 0 9 0 25 15 13 7 14 19 3 0 7 0 0 0 0 0 0 38 11 0 0 0 0 32 0 0 0 4 0 14 14 0 0 0 0 6 0 0 0 0 0 0 9 0 0 0 40 0 0 0 22 0 0 0 11 12 4 0 0 0 0 0 0 0 0 0 0 1 0 0 0 10 17 19 16 8 0 0 10 0 15 33 20 1 0 0 4 31 31 10 0 11 1 0 0 0 0 4 0 0 0 0 0 20 0 8 0 0 0 0 0 0 0 0 0 0 0 0 0 0 30 0 6 0 2 0 0 0 22 24 1 0 0 0 0 3 2 0 2 0 0 0 0 0 0 0 0 0 0 0 0 0 3 0 0 1 11 0 0 1 0 
 0 3 0 0 0 0 0 0 0 0 0 0 0 0 0 0 0 0 0 0 2 2 2 5 2 2 2 2 2 2 67 2 2 2 2 5 2 2 2 2 125 250 59 61 289 72 482 52 381 212 232 24 36 163 440 0 186 111 94 546 0 0 0 0 0 0 0 0 0 0 0 0 0 0 0 0 0 0 0 0 0 0 0 0 0 0 0 0 0 10 0 0 0 0 0 0 0 0 0 0 0 0 0 0 0 4 0 0 0 0 0 0 0 0 24 0 0 0 1 0 10 38 17 30 23 0 23 63 17 50 29 0 21 8 1 21 27 7 0 41 0 0 0 0 0 0 61 3 0 0 0 0 7 0 0 0 3 0 0 15 0 0 0 0 2 0 0 14 0 0 0 0 0 0 0 12 0 0 0 21 0 0 0 0 0 20 0 0 0 0 0 0 0 0 0 0 0 0 0 0 6 39 53 0 79 0 22 19 26 5 7 0 11 32 0 16 19 13 22 1 1 0 3 0 0 0 19 0 0 1 0 0 10 0 0 0 0 0 0 21 0 0 0 0 0 2 0 0 0 0 0 2 0 0 0 0 0 64 0 1 0 0 0 0 1 4 0 67 2 0 0 0 0 0 0 0 0 3 0 0 0 0 0 0 34 15 0 13 2 0 
 0 0 0 0 0 0 0 3 0 0 0 0 0 0 0 0 0 0 2 0 72 1 1 0 0 0 0 0 0 1 1 1 0 0 0 2 2 0 0 0 306 126 135 350 73 95 42 139 563 447 249 105 57 104 107 186 0 115 29 250 0 11 2 0 0 0 0 0 6 0 0 2 56 0 1 0 0 0 53 0 0 0 0 0 0 0 0 1 0 0 0 0 0 0 0 0 0 0 0 0 12 0 0 10 1 17 0 0 0 35 11 15 0 13 35 0 0 0 0 0 47 0 36 8 19 14 0 1 19 17 26 6 4 0 0 0 0 18 10 4 0 0 0 0 0 0 16 0 0 0 0 0 12 54 0 0 0 0 0 31 0 0 0 0 7 0 1 0 0 0 0 0 0 1 0 16 1 0 0 12 0 0 46 0 46 14 0 0 0 11 0 0 0 0 0 0 0 0 0 0 0 11 14 21 31 25 0 0 0 3 1 10 0 10 0 0 0 41 7 0 0 10 0 0 0 0 21 0 0 1 29 0 12 0 8 16 0 0 0 3 0 0 0 0 0 0 0 0 0 0 0 13 0 2 0 0 0 0 0 1 0 0 63 1 0 4 0 0 1 0 8 0 0 1 0 0 0 0 0 0 0 0 0 0 0 0 0 0 1 0 
 0 49 0 3 0 1 2 1 0 4 0 0 0 6 0 3 1 0 4 0 0 0 0 0 0 0 0 0 0 0 1 0 0 0 0 4 0 0 0 0 54 114 313 59 47 58 53 18 399 396 62 90 30 39 35 111 115 0 46 30 0 0 0 0 0 0 0 0 0 6 0 0 52 0 0 0 0 50 51 0 0 0 0 0 0 0 7 0 0 0 0 0 0 0 0 0 6 5 0 1 0 0 0 0 0 0 0 0 0 0 0 0 0 0 0 0 0 0 0 0 0 0 0 11 14 2 0 0 12 0 14 7 0 0 0 0 4 1 0 0 9 20 0 0 0 0 13 0 0 0 0 0 42 16 0 0 0 0 1 10 4 7 0 0 0 0 6 2 5 0 0 1 5 0 0 1 7 0 4 0 0 0 0 0 0 0 0 0 0 0 0 0 0 0 0 0 0 0 1 0 0 0 0 10 8 23 0 2 7 3 8 11 0 19 0 44 3 8 0 0 19 10 0 0 0 0 0 0 0 10 0 0 10 20 44 10 0 1 0 12 0 3 0 0 0 0 3 0 0 0 0 3 0 1 0 0 0 0 0 1 0 0 70 61 0 0 2 1 2 0 12 0 0 0 0 0 0 0 0 0 0 2 0 0 0 0 0 0 2 0 
 0 0 0 0 0 0 0 2 0 0 0 0 0 0 0 5 0 0 3 0 0 2 6 34 69 113 0 0 1 9 65 63 0 0 0 3 1 0 0 0 74 117 44 106 60 464 213 74 101 73 128 250 223 127 135 94 29 46 0 117 0 57 0 0 0 0 0 2 0 0 0 1 0 0 0 0 0 7 0 0 0 0 0 0 0 0 0 0 0 0 0 0 0 0 0 0 0 0 0 0 0 0 0 0 36 1 0 0 0 0 22 0 0 0 0 0 0 0 0 0 18 28 14 14 0 0 4 8 0 9 9 11 8 3 33 50 0 1 11 3 0 0 0 0 0 0 0 4 0 0 0 0 0 0 0 0 7 0 0 18 0 0 0 0 0 0 0 0 0 0 0 0 0 0 0 0 0 0 1 0 0 0 0 19 29 0 0 0 0 0 0 1 0 0 0 0 14 0 0 0 2 11 8 11 0 0 0 18 1 16 0 0 22 7 6 15 18 1 26 19 0 0 0 0 0 0 0 0 0 0 0 0 0 0 0 27 0 0 0 0 0 0 4 0 0 0 0 0 0 0 0 5 0 0 0 0 0 121 62 2 0 0 0 0 1 0 14 0 0 0 0 0 0 0 0 0 0 0 0 0 0 8 0 0 17 0 0 6 2 0 
 1 67 2 0 0 2 1 1 0 2 0 2 2 2 0 4 0 0 0 0 5 4 5 4 3 3 3 4 5 4 4 3 5 3 4 5 3 4 5 4 177 335 104 63 495 59 200 282 126 398 148 32 78 129 108 546 250 30 117 0 0 0 0 0 0 0 0 0 0 0 0 0 0 0 0 0 0 0 0 0 0 0 0 0 0 0 0 0 0 0 0 0 0 0 0 8 0 0 0 0 0 0 0 0 0 3 0 0 0 0 0 0 0 0 0 0 0 0 0 0 0 22 12 11 0 0 2 8 7 0 10 0 1 18 1 1 22 11 1 13 0 0 0 0 0 1 0 0 0 0 0 0 0 0 0 0 0 0 5 0 0 0 0 0 0 0 0 0 9 4 0 0 0 0 1 0 0 0 4 0 0 0 0 0 0 10 0 0 0 0 0 0 0 0 0 0 0 0 0 0 9 12 9 0 0 0 0 19 1 12 0 6 0 1 21 10 0 0 10 0 0 0 3 0 0 0 0 0 0 0 0 0 10 0 0 0 0 0 10 0 0 0 0 0 0 0 0 0 0 2 0 0 0 0 1 0 0 0 0 8 0 0 0 0 3 11 5 0 0 0 0 0 0 0 0 0 0 22 0 0 0 0 0 0 20 0 0 8 1 0 
 3 3 3 3 3 3 3 3 3 36 3 3 3 3 3 3 3 3 3 3 2 0 0 0 0 0 0 0 0 0 0 0 1 0 0 0 0 0 0 0 0 0 0 0 55 49 0 5 0 0 0 0 0 0 0 0 0 0 0 0 0 105 64 50 94 26 258 83 71 30 40 57 77 97 94 110 33 177 85 219 0 0 0 0 0 0 0 1 0 0 0 0 0 0 0 0 0 0 0 0 0 0 0 0 0 0 0 0 0 0 0 0 0 0 0 0 0 0 0 0 0 17 0 0 0 0 0 0 0 0 0 0 0 0 0 0 0 0 0 0 11 3 8 0 10 1 8 9 4 0 9 11 0 0 3 0 30 8 7 0 5 0 0 0 0 0 1 0 0 0 0 0 0 0 0 0 0 24 0 0 0 0 0 0 0 0 0 0 0 0 0 0 0 0 0 0 0 0 0 0 0 0 0 0 0 36 0 0 0 0 0 0 0 0 0 0 0 0 0 0 0 19 22 0 11 0 18 17 74 13 0 32 0 3 11 0 15 9 13 6 9 0 0 0 0 0 0 0 0 0 0 0 0 53 7 0 0 0 0 0 0 0 8 54 0 0 0 0 0 0 11 0 0 0 0 2 0 0 0 0 0 0 0 0 0 0 0 0 0 0 
