 0 279 180 148 81 40 152 136 93 115 110 155 157 38 136 127 124 128 140 38 0 2 0 1 3 4 3 3 1 3 0 0 3 1 2 3 4 3 2 0 2 2 2 0 1 1 10 4 2 1 0 2 5 3 0 0 0 4 0 0 6 0 3 0 3 0 3 0 3 3 0 0 0 5 0 2 3 3 0 0 34 15 17 37 0 10 39 10 47 43 24 28 29 22 19 36 29 13 0 0 0 0 0 0 0 0 0 0 0 0 0 10 1 0 0 0 0 0 0 0 0 0 0 0 0 0 0 0 0 0 0 0 0 0 0 0 0 0 0 0 0 7 0 0 0 0 0 0 0 0 0 0 0 0 0 0 0 0 0 0 16 10 11 1 8 3 26 38 22 62 0 22 17 14 0 34 61 34 0 7 0 0 0 0 0 0 1 0 0 0 0 0 0 0 0 0 0 11 0 1 0 0 0 0 0 0 0 0 0 0 0 0 0 0 0 0 0 0 8 0 0 0 0 0 0 0 0 0 0 0 0 0 0 0 0 0 0 0 0 0 0 0 0 0 0 2 53 0 2 90 14 6 0 0 0 0 0 0 0 0 0 0 16 0 0 0 0 0 0 0 0 0 0 0 0 0 0 1 0 0 0 0 0 0 0 0 0 0 0 0 
 279 0 144 176 154 90 293 180 58 83 208 215 146 329 507 275 161 54 64 76 2 0 0 0 4 4 3 0 0 3 3 0 1 0 2 0 3 3 2 0 3 51 0 0 0 0 3 0 2 0 0 2 0 0 0 0 0 2 0 0 0 0 0 0 3 0 0 0 3 0 0 0 0 32 0 0 3 0 0 0 36 32 70 36 15 8 0 12 18 0 18 22 0 15 1 19 41 3 0 2 13 0 0 0 0 0 0 0 0 0 0 10 25 0 0 0 0 0 0 22 0 0 0 0 0 0 0 0 0 0 0 0 0 0 0 0 0 12 0 0 0 0 0 0 0 0 0 0 0 0 0 0 0 0 0 0 0 0 0 0 38 0 0 27 0 14 10 10 0 10 0 0 24 1 17 25 19 27 0 1 0 0 0 0 0 0 2 0 0 0 0 0 15 0 0 0 0 11 16 1 0 0 0 0 0 0 0 0 0 0 0 0 0 0 0 0 0 0 0 0 0 0 0 0 0 0 0 0 0 0 0 0 0 0 0 0 0 0 0 0 0 18 0 0 0 4 3 0 0 100 13 7 0 0 0 0 0 0 0 0 0 0 0 0 0 0 0 0 0 0 0 0 0 0 0 21 0 1 0 0 0 0 0 0 0 0 0 0 0 0 
 180 144 0 189 146 65 368 115 228 45 55 38 58 148 378 173 128 73 47 140 0 1 0 0 2 5 1 5 0 3 0 0 4 2 2 75 3 3 2 0 4 0 0 0 2 2 8 0 2 2 0 2 0 0 0 0 0 6 0 0 2 0 0 0 4 4 0 0 3 0 0 0 0 0 0 59 3 1 0 4 10 0 2 0 10 0 19 0 10 27 10 49 13 11 21 34 0 24 0 6 0 0 0 0 0 0 15 0 0 0 0 0 0 0 0 0 0 2 12 0 0 11 0 0 0 0 0 0 0 0 0 0 0 0 0 0 0 0 0 0 0 3 0 0 0 0 0 0 0 0 0 0 0 0 0 0 11 0 1 0 17 26 26 0 11 15 11 33 9 1 10 16 13 20 11 16 0 20 5 9 1 3 0 1 0 0 0 0 0 0 0 0 0 0 0 0 0 0 0 18 0 0 0 0 0 0 0 0 0 0 0 0 0 0 0 0 0 0 0 0 0 0 0 0 0 0 0 0 0 0 0 0 0 0 0 0 0 0 0 0 0 20 0 0 0 0 89 0 2 184 0 20 18 0 0 0 0 0 0 0 0 0 0 0 0 0 0 0 0 0 0 0 0 2 0 0 10 0 0 0 0 0 0 0 0 0 0 0 0 0 
 148 176 189 0 243 141 231 492 65 369 330 132 70 495 55 351 143 146 71 77 1 74 0 0 2 3 2 75 75 3 0 0 2 0 74 0 3 3 2 73 3 0 0 0 0 0 3 0 2 8 0 2 0 0 0 0 0 4 0 0 2 0 0 0 3 0 0 0 3 0 0 0 0 3 0 0 3 0 0 0 0 75 64 10 25 23 0 0 14 18 11 15 13 0 0 20 26 0 0 0 15 0 10 19 0 26 19 0 0 0 0 0 10 10 15 0 0 0 10 22 0 0 17 0 0 0 0 0 2 0 0 0 0 0 0 0 0 0 17 18 22 0 0 1 0 7 0 0 0 0 0 0 0 0 0 0 0 0 0 4 5 13 0 24 0 20 0 15 24 0 12 5 0 2 29 0 18 25 0 21 0 12 0 0 0 0 9 0 0 0 0 0 0 20 1 7 0 17 34 8 0 0 0 0 0 0 0 0 8 0 0 0 0 0 0 0 0 0 0 0 0 0 0 0 0 0 0 0 0 0 0 0 0 0 0 0 0 0 0 0 0 0 0 0 0 0 0 0 1 6 2 14 5 0 2 0 0 0 2 0 0 0 14 0 0 0 0 0 0 0 0 0 0 0 0 15 0 0 0 0 0 0 0 0 0 0 0 0 0 0 
 81 154 146 243 0 72 147 122 401 172 166 195 292 141 399 310 423 234 86 75 2 0 0 1 2 6 0 0 0 3 0 75 3 85 2 0 3 3 2 0 2 0 0 0 1 0 3 0 2 0 0 2 65 0 0 0 66 3 0 0 3 0 0 0 3 0 0 0 3 0 0 0 0 8 0 0 3 0 0 0 14 62 36 26 0 0 0 0 41 1 12 13 0 0 17 18 76 4 0 3 9 0 0 0 0 0 19 0 2 0 0 0 22 0 11 0 0 0 23 46 0 0 0 0 0 2 2 0 0 0 0 0 0 0 0 0 0 2 0 0 0 0 0 5 0 0 9 0 0 0 6 0 0 0 0 0 0 0 0 1 19 0 19 10 28 12 12 0 0 2 0 1 0 0 2 40 53 20 0 5 21 10 0 0 0 0 18 9 0 1 0 0 33 0 0 19 0 25 10 0 0 1 0 0 11 0 0 0 0 0 0 0 0 0 0 0 0 0 0 0 0 0 0 0 0 0 0 0 0 0 0 0 0 0 0 0 0 0 0 1 0 22 0 0 0 0 0 2 6 96 0 15 2 0 0 0 0 0 0 0 0 0 0 0 0 0 0 0 0 0 0 0 0 0 0 5 0 0 0 0 0 0 0 0 0 0 0 0 0 0 
 40 90 65 141 72 0 46 109 55 153 162 166 53 57 151 80 280 170 43 284 74 30 149 76 3 12 20 144 21 3 4 0 73 4 23 0 78 43 175 105 5 0 7 0 0 3 8 0 7 2 0 5 5 0 2 0 0 6 0 0 1 2 0 0 3 0 2 0 8 0 8 0 0 2 0 1 3 5 0 2 0 12 0 13 18 17 0 0 8 0 0 1 1 0 0 1 9 0 0 0 27 0 4 17 8 2 9 0 25 0 0 0 7 36 12 0 23 11 8 0 16 0 1 0 0 0 0 0 0 0 0 0 0 0 0 0 0 0 0 0 0 0 0 0 0 5 0 0 0 0 0 0 2 0 0 0 0 0 0 1 0 0 0 0 0 0 0 0 0 0 1 0 2 0 1 14 0 15 0 0 9 1 0 0 0 0 30 15 14 30 47 0 39 34 24 7 0 10 8 34 0 0 0 0 0 0 0 0 0 0 0 0 0 0 0 0 0 0 0 0 2 0 0 0 0 10 1 0 1 0 0 0 0 0 0 0 0 1 0 0 0 15 0 0 1 8 1 1 5 0 0 2 0 0 0 0 0 0 0 0 0 0 0 0 0 0 16 0 0 0 0 0 0 0 0 0 0 0 0 1 0 0 0 0 0 0 11 0 0 0 
 152 293 368 231 147 46 0 98 146 41 35 110 241 323 41 139 66 475 237 453 1 0 0 201 2 4 4 0 1 3 0 0 2 0 2 0 3 4 2 0 2 0 0 0 0 0 5 4 2 4 0 2 0 0 0 0 0 3 0 0 1 0 0 0 3 0 0 0 3 0 0 0 0 0 0 0 3 0 0 0 18 1 15 0 0 0 15 0 19 29 14 30 62 17 26 12 0 23 13 0 0 0 0 0 0 0 0 0 0 0 0 0 0 0 0 0 0 0 0 0 0 0 0 0 0 0 0 0 0 0 0 0 0 0 2 0 0 0 0 0 0 8 0 11 0 0 0 0 0 0 0 0 0 0 0 0 0 0 0 0 9 14 3 0 19 7 4 23 33 0 0 0 0 10 1 17 23 0 0 10 0 0 0 0 0 0 0 0 0 0 0 0 0 0 0 0 0 0 0 0 2 0 0 0 22 0 0 0 0 0 0 2 0 0 0 0 0 0 0 0 0 0 0 0 0 0 0 0 0 0 0 0 0 0 0 0 0 0 0 0 0 0 0 0 0 3 26 0 0 0 0 7 0 0 0 0 0 0 0 0 1 0 10 0 0 0 0 0 0 0 0 0 0 0 0 0 10 0 0 0 0 0 0 0 0 0 0 0 0 0 
 136 180 115 492 122 109 98 0 269 93 30 333 320 669 225 35 100 88 59 233 0 2 0 0 2 4 3 2 3 4 3 0 3 3 2 0 3 3 2 2 4 4 0 0 5 3 3 2 2 0 0 4 0 0 0 0 2 3 2 0 3 0 0 0 3 2 0 0 3 3 7 0 3 3 0 0 4 0 0 0 4 0 65 34 0 2 24 34 6 17 1 0 1 45 64 14 31 0 0 14 11 0 0 0 0 0 2 3 0 0 0 2 11 0 0 0 0 0 0 0 0 0 0 0 0 0 0 0 0 0 0 0 0 0 0 0 0 0 0 0 0 0 0 0 0 0 0 0 0 0 0 0 0 1 0 0 0 0 0 0 11 15 16 0 10 2 10 12 0 21 12 0 11 32 18 45 0 61 10 0 0 0 0 0 0 0 11 0 0 0 0 0 16 0 0 0 0 0 17 0 0 0 0 0 13 0 0 0 0 1 2 0 0 0 0 0 0 0 0 0 0 1 0 0 0 0 0 0 0 0 0 0 0 0 0 0 0 1 0 0 0 18 0 0 0 2 1 2 2 1 2 0 0 0 0 0 0 0 0 0 0 2 0 0 0 0 0 0 0 0 0 0 0 0 0 2 1 0 0 0 0 0 0 0 0 0 0 0 0 0 
 93 58 228 65 401 55 146 269 0 56 48 339 308 327 162 178 115 137 406 137 0 0 0 0 2 78 1 1 0 4 0 0 3 0 2 2 3 3 2 0 2 0 0 0 0 0 6 0 2 8 0 42 0 0 0 0 1 3 0 0 2 0 0 0 3 0 0 0 3 0 2 2 0 25 0 0 3 0 0 0 48 23 1 0 0 1 44 22 29 51 25 10 0 31 29 35 0 12 0 0 0 0 0 0 0 28 1 0 0 0 0 1 10 0 0 0 0 0 18 0 0 0 0 0 0 0 0 0 0 0 0 0 0 0 0 0 0 0 0 0 0 6 0 1 0 0 0 0 0 0 9 0 0 2 0 0 0 0 0 0 26 17 51 0 12 2 9 23 29 33 7 0 42 24 0 11 32 22 9 10 0 0 0 0 0 0 0 0 0 0 0 0 0 0 0 0 0 11 0 0 0 0 0 0 0 0 0 0 0 2 1 0 0 0 0 0 0 0 0 0 0 0 0 0 0 0 0 0 0 0 0 0 0 0 0 0 0 0 0 0 0 0 0 0 0 0 1 0 0 2 0 5 0 15 0 0 0 0 0 0 0 0 3 0 0 0 0 0 0 11 0 0 0 0 0 0 0 0 0 0 0 0 0 0 0 2 0 0 0 0 
 115 83 45 369 172 153 41 93 56 0 65 218 52 77 159 112 428 87 50 91 0 2 4 0 2 4 0 0 0 3 2 0 87 0 4 1 3 3 2 27 2 0 2 0 2 6 68 0 4 2 1 2 0 0 0 4 1 3 0 0 2 0 0 0 3 0 0 0 6 0 3 52 0 0 0 0 3 2 0 5 0 10 19 52 0 10 0 0 18 0 18 1 12 0 0 3 55 3 0 0 11 0 0 0 0 0 0 0 0 0 0 0 30 1 0 0 15 0 25 18 0 0 0 0 0 0 0 0 0 0 0 0 0 0 0 0 0 0 0 0 0 0 0 4 0 1 0 0 0 0 0 0 0 0 0 0 0 0 0 0 0 11 0 38 0 29 1 9 30 0 0 11 0 0 1 14 8 27 0 10 0 6 0 0 0 0 13 0 0 0 0 0 15 12 0 9 0 1 48 10 0 2 0 0 0 0 0 0 0 0 0 0 0 0 0 0 0 0 0 0 0 0 0 0 0 0 0 0 0 0 0 0 13 0 0 0 0 0 0 0 0 15 0 0 0 2 3 2 9 93 0 4 16 0 0 0 0 0 0 0 0 0 0 0 0 0 0 0 0 0 0 0 0 0 0 0 0 0 0 0 0 0 0 0 0 0 0 0 0 0 
 110 208 55 330 166 162 35 30 48 65 0 140 37 33 148 100 334 364 34 63 0 77 0 2 2 131 79 100 74 3 0 0 5 74 4 1 6 3 2 0 2 16 2 0 1 0 3 0 2 0 0 2 0 0 0 0 0 3 7 0 53 0 40 0 3 0 0 0 3 0 0 0 0 0 0 0 3 0 0 0 4 15 15 6 51 85 20 0 0 7 25 35 0 0 0 0 12 1 0 0 9 0 23 30 0 0 59 0 0 0 0 0 0 9 23 0 0 0 18 17 0 0 0 0 0 0 0 0 0 0 0 0 15 0 0 0 0 0 0 0 0 0 0 0 0 4 0 0 0 0 0 0 0 0 0 0 0 0 0 1 3 0 0 1 15 0 0 0 2 0 30 10 0 0 0 21 0 0 0 19 2 43 0 9 0 0 3 10 0 0 0 0 0 9 0 2 13 16 31 16 0 0 0 13 0 0 0 1 0 0 0 0 0 0 0 0 0 0 16 0 0 0 0 0 0 0 0 0 0 0 0 0 0 0 0 0 0 0 0 0 0 0 0 0 0 2 4 0 0 3 68 7 0 0 0 0 0 0 0 0 0 0 0 0 0 0 0 0 0 0 0 0 0 1 0 0 0 0 0 0 0 0 0 0 0 0 0 0 0 0 
 155 215 38 132 195 166 110 333 339 218 140 0 248 339 45 180 369 100 254 107 0 0 1 1 8 5 33 2 5 3 0 0 45 85 4 8 4 3 2 2 2 0 0 0 6 0 3 0 2 2 0 2 0 0 0 0 4 3 7 0 2 0 0 1 3 2 2 0 9 0 0 0 0 0 0 0 3 2 4 0 0 0 0 9 11 17 0 0 10 14 22 15 9 0 7 32 21 15 0 0 6 0 0 0 2 0 13 1 0 0 0 0 22 10 0 0 16 0 10 17 0 0 0 0 0 0 19 0 0 0 0 0 0 0 0 0 2 0 0 0 0 6 0 0 0 0 0 0 2 0 0 2 0 0 0 0 20 0 0 0 0 15 13 40 16 0 11 17 70 0 19 18 0 0 0 21 21 20 0 0 0 10 1 19 0 0 14 0 0 0 0 0 13 0 0 9 0 12 40 19 0 0 0 0 1 0 0 0 0 0 0 0 1 1 14 0 0 0 0 0 0 0 0 0 0 0 0 2 0 0 2 0 0 0 16 0 0 0 0 0 0 0 0 0 0 6 87 0 0 3 22 9 0 0 0 0 0 0 0 0 0 0 0 0 0 0 0 0 0 0 0 0 0 0 0 0 0 0 0 0 0 0 0 0 0 0 0 0 0 0 
 157 146 58 70 292 53 241 320 308 52 37 248 0 397 52 51 41 47 69 338 0 0 0 0 2 83 1 0 0 5 0 0 3 0 2 0 3 4 4 0 63 0 0 0 2 0 3 0 2 0 0 2 0 0 0 0 0 3 0 0 3 0 0 0 3 0 0 0 3 0 0 48 0 0 0 1 2 0 0 6 0 12 21 0 0 1 19 48 36 0 1 0 24 13 32 14 0 0 17 22 0 0 0 0 0 0 0 0 0 0 0 0 0 0 0 0 0 0 0 0 0 0 0 0 0 0 0 0 0 0 0 0 0 0 0 0 0 0 0 0 0 0 12 0 1 0 0 0 0 0 0 0 2 0 0 0 0 0 0 0 0 13 3 0 41 1 2 0 0 21 0 1 30 4 0 0 1 6 0 0 0 0 0 0 0 0 0 0 0 0 57 0 0 0 0 0 0 0 0 0 0 0 0 0 0 0 0 0 0 0 1 0 0 0 0 0 0 0 0 0 0 0 0 0 0 0 0 0 0 0 0 0 0 0 0 0 0 0 0 0 0 0 0 0 0 0 0 2 1 0 1 4 0 0 0 0 0 0 0 0 0 0 1 0 0 0 0 0 0 0 27 0 0 0 0 10 22 0 0 0 0 0 0 0 0 2 0 0 0 0 
 38 329 148 495 141 57 323 669 327 77 33 339 397 0 229 43 288 38 243 340 0 1 0 1 5 7 2 2 0 7 0 0 4 0 4 0 6 6 4 0 4 63 0 0 0 0 6 0 4 7 0 4 0 0 0 0 2 7 0 0 0 0 0 0 3 0 0 0 3 0 0 0 0 9 0 0 3 6 0 0 36 11 48 0 0 1 1 7 23 58 34 3 3 60 14 36 11 10 11 0 0 0 14 0 0 0 1 15 0 0 0 1 0 0 0 0 0 0 0 15 0 0 0 0 0 0 0 0 0 0 0 0 0 0 0 0 0 0 0 0 0 0 0 0 0 0 0 0 0 2 3 0 0 2 0 0 0 0 0 0 51 0 14 11 0 24 16 16 0 0 8 0 10 52 12 1 27 12 7 0 0 0 0 0 0 0 0 0 0 0 0 0 0 0 0 0 0 12 0 0 0 0 0 0 16 0 0 0 0 2 1 0 0 22 0 0 0 0 0 0 0 0 0 0 0 0 0 0 0 0 0 0 0 0 0 0 0 0 0 0 0 0 0 0 0 0 2 0 2 0 1 4 0 0 0 0 0 0 0 0 0 0 11 0 0 0 0 0 1 0 0 0 0 0 0 17 9 2 0 0 0 0 0 0 0 2 0 0 0 0 
 136 507 378 55 399 151 41 225 162 159 148 45 52 229 0 98 455 36 63 296 2 0 3 31 8 5 1 0 0 3 1 0 2 0 2 6 3 3 2 0 2 0 0 0 5 0 3 0 2 0 0 2 0 0 0 0 5 5 0 0 0 0 0 0 3 3 0 0 9 0 0 0 0 6 0 0 3 2 5 0 14 28 24 21 38 10 34 15 16 0 32 35 0 0 10 37 53 2 0 1 9 0 0 0 0 0 0 0 0 0 0 0 0 0 0 0 0 0 0 0 0 0 0 24 0 0 0 0 0 0 0 0 2 0 0 0 0 0 0 0 0 0 0 0 0 0 2 0 0 0 0 0 0 0 0 0 0 0 1 0 26 15 0 0 30 2 2 0 0 3 1 9 10 18 34 49 16 34 1 12 0 1 0 0 0 0 1 0 0 0 0 2 3 1 0 0 0 2 23 1 1 0 0 0 0 0 0 0 0 0 0 0 0 0 0 1 0 0 0 0 0 0 0 1 0 0 0 0 0 0 0 0 0 0 0 0 0 0 0 0 0 25 0 0 0 0 1 0 0 97 16 20 0 0 0 0 0 0 0 0 0 0 0 0 0 0 0 0 0 0 0 0 0 0 0 19 0 21 0 0 0 0 0 0 0 0 0 0 0 0 
 127 275 173 351 310 80 139 35 178 112 100 180 51 43 98 0 179 439 257 165 0 0 0 0 2 5 75 0 0 3 0 1 2 74 2 0 3 3 2 7 2 2 0 0 0 0 3 0 2 0 0 2 0 0 0 0 0 3 0 0 0 0 0 0 3 0 0 0 3 0 0 0 0 0 0 0 3 0 0 0 8 0 15 23 0 10 0 0 13 18 9 19 10 12 40 14 10 18 0 9 0 0 14 0 0 0 0 0 0 0 2 0 19 0 1 0 0 0 1 31 0 0 0 2 0 0 0 0 0 1 0 0 16 0 0 0 0 10 2 0 0 7 0 1 0 0 0 0 0 0 0 0 0 0 0 0 20 0 1 0 3 37 26 25 42 34 28 18 35 0 11 0 0 0 0 6 0 0 0 12 0 0 0 0 0 0 12 0 0 0 0 0 21 11 0 16 0 0 20 0 0 0 0 0 0 6 0 0 0 0 0 0 0 0 0 14 2 0 0 0 0 0 0 0 0 0 0 0 0 0 0 0 0 0 0 0 0 0 0 0 0 0 0 0 0 1 93 0 5 173 0 3 14 0 0 1 0 0 0 0 0 0 0 1 0 0 2 0 0 0 0 1 0 0 0 0 17 0 0 0 0 0 0 0 0 0 0 0 0 0 
 124 161 128 143 423 280 66 100 115 428 334 369 41 288 455 179 0 159 43 31 0 0 0 0 2 4 40 0 3 3 0 0 3 2 2 0 5 7 2 79 2 0 0 0 1 1 3 0 2 2 21 2 0 0 0 0 0 3 0 0 3 0 0 0 3 0 0 0 3 0 0 0 0 9 0 0 3 0 0 0 17 34 15 63 0 12 0 0 40 14 23 0 0 0 14 16 41 0 0 0 13 2 0 0 0 0 0 0 0 0 0 0 26 0 0 0 0 0 17 15 0 0 0 0 0 0 0 0 0 0 0 0 0 0 0 0 0 0 0 0 2 3 0 0 0 0 0 0 0 0 0 0 0 0 0 0 0 0 0 0 31 2 20 20 8 21 9 10 41 0 0 11 0 1 12 13 32 33 0 0 0 1 0 0 0 0 19 0 0 0 0 2 15 14 0 34 0 12 31 8 0 0 0 0 0 0 15 0 0 0 0 0 0 0 0 1 0 0 0 0 0 0 0 0 0 0 0 0 0 0 0 0 0 0 0 0 0 0 2 0 0 15 0 0 0 1 2 1 1 1 1 17 41 0 0 0 0 0 0 0 0 0 0 0 0 0 0 0 0 0 0 0 0 0 0 17 0 0 0 0 0 0 0 0 0 0 0 0 0 0 
 128 54 73 146 234 170 475 88 137 87 364 100 47 38 36 439 159 0 38 348 0 0 0 0 2 134 23 76 0 3 0 2 2 72 2 5 3 3 2 71 2 4 0 0 0 0 5 2 2 0 0 2 0 0 0 0 0 3 0 0 1 0 0 0 3 0 0 0 3 0 5 0 0 0 0 0 3 0 0 0 0 10 0 0 0 34 16 12 23 16 10 0 0 27 8 1 0 14 0 0 0 1 0 0 0 0 22 0 0 0 0 0 12 0 25 0 0 0 67 11 0 0 0 0 0 0 0 0 0 0 0 0 21 0 0 0 0 0 0 0 0 0 0 4 0 1 0 0 0 0 0 0 0 0 0 3 0 0 0 0 0 0 13 56 30 12 13 14 54 22 10 49 0 16 0 18 6 18 8 0 13 13 0 0 0 0 32 0 0 0 0 0 20 44 0 17 0 0 11 10 0 0 0 0 0 0 0 0 0 0 0 0 0 0 0 0 0 0 0 0 0 0 0 0 0 0 50 0 0 0 0 0 0 0 0 0 0 0 0 0 0 0 0 0 0 2 89 0 89 6 0 7 0 0 0 0 0 0 0 0 0 0 0 0 0 0 0 0 0 0 0 0 0 0 0 0 0 0 0 0 0 0 0 0 0 0 0 0 0 0 
 140 64 47 71 86 43 237 59 406 50 34 254 69 243 63 257 43 38 0 197 0 0 0 0 3 5 1 0 0 3 0 0 1 0 2 1 3 3 2 2 2 0 0 0 0 0 3 2 2 37 0 2 0 0 0 0 0 3 0 0 0 0 0 0 3 38 0 0 3 0 1 0 0 0 0 0 3 0 0 0 10 0 15 0 0 0 22 22 0 16 9 14 52 15 13 0 0 0 22 7 0 0 0 15 0 0 0 0 0 0 1 1 0 0 0 0 0 0 0 0 0 0 16 0 0 0 0 0 0 0 0 0 0 0 0 0 0 0 0 0 0 0 0 0 11 21 0 0 0 4 0 0 0 0 0 0 0 0 0 0 0 0 2 0 0 0 0 9 0 19 0 0 15 8 0 5 10 0 20 2 0 0 0 0 0 0 0 0 0 0 0 0 0 0 0 0 0 0 1 0 0 0 0 0 0 0 0 0 0 0 0 11 0 0 0 0 0 0 0 0 0 0 0 0 0 2 0 0 0 0 0 0 0 0 0 19 0 0 0 0 0 0 0 0 0 1 0 0 0 0 2 10 0 0 0 0 0 0 0 0 0 0 17 0 0 0 1 0 0 0 0 0 0 0 0 0 0 0 0 0 0 0 0 0 0 0 0 0 0 0 
 38 76 140 77 75 284 453 233 137 91 63 107 338 340 296 165 31 348 197 0 0 2 0 0 2 3 2 0 0 3 0 0 5 74 2 0 3 3 2 2 2 0 0 0 0 0 3 0 2 0 0 2 0 0 0 0 0 3 0 0 2 0 0 30 3 0 0 1 5 0 0 0 0 5 52 0 3 0 44 0 22 0 13 3 0 0 15 70 31 11 0 0 12 29 44 14 0 7 52 33 0 0 0 23 0 0 0 2 0 0 0 0 0 0 0 0 0 0 0 2 0 0 0 0 0 0 0 0 11 0 0 0 0 0 0 0 0 0 0 0 11 0 0 0 0 0 0 0 1 0 0 1 0 0 0 0 0 0 0 0 23 8 0 0 11 5 41 22 0 33 0 0 11 8 10 17 115 23 9 0 0 0 2 0 0 0 0 0 0 0 0 0 0 0 0 0 0 28 0 0 0 0 0 0 2 0 0 0 0 0 0 0 9 2 0 0 0 0 0 0 0 0 0 0 0 10 0 1 0 0 1 0 0 0 0 0 0 0 0 0 0 0 0 0 0 2 0 0 2 2 0 12 0 2 0 0 0 0 0 2 0 0 0 0 0 0 0 0 0 0 0 0 0 0 0 11 48 1 0 0 0 0 0 0 0 0 0 0 0 0 
 0 2 0 1 2 74 1 0 0 0 0 0 0 0 2 0 0 0 0 0 0 181 99 247 256 19 155 131 131 68 175 94 336 60 383 38 143 113 82 42 0 0 0 1 0 0 4 0 0 0 3 12 0 2 0 3 0 0 3 0 8 0 0 0 0 0 5 0 0 0 0 0 0 2 0 25 0 0 3 0 0 0 0 0 0 0 0 0 0 0 0 0 0 0 0 0 0 0 0 0 16 28 31 14 4 0 17 40 33 20 0 39 0 21 0 4 17 18 0 0 0 0 0 2 0 0 41 0 41 0 0 0 1 0 0 0 0 0 10 0 8 0 0 0 0 0 0 0 0 0 0 2 0 0 0 0 0 18 0 0 0 0 0 0 0 0 0 0 0 0 0 0 0 30 0 0 0 15 2 0 38 24 62 19 47 22 0 4 67 40 35 14 0 0 30 19 19 2 0 19 1 0 0 0 0 0 10 0 0 13 0 0 9 0 0 2 0 0 22 1 3 0 0 0 0 0 0 1 0 0 6 0 0 0 0 0 0 0 0 0 0 0 0 0 0 0 0 0 0 0 0 2 0 0 19 2 0 38 1 1 4 25 0 0 0 0 0 0 0 0 0 0 0 0 0 0 0 0 0 0 0 35 0 0 0 0 0 0 0 0 
 2 0 1 74 0 30 0 2 0 2 77 0 0 1 0 0 0 0 0 2 181 0 173 431 125 35 110 458 217 269 334 39 34 192 216 141 104 48 208 125 0 0 0 0 0 1 5 2 0 3 3 0 3 2 0 5 0 0 53 63 8 1 0 1 0 0 0 0 0 0 0 1 0 53 1 1 1 0 3 0 0 0 0 0 18 0 0 0 0 0 0 0 0 0 0 0 0 0 0 0 18 26 31 30 11 21 39 51 20 27 57 1 0 21 17 26 31 1 0 0 16 0 0 0 0 0 0 0 0 0 0 0 0 0 0 0 0 0 0 4 0 0 0 0 0 3 0 0 0 0 0 0 0 0 0 0 0 0 0 0 0 0 0 0 0 0 0 0 0 0 0 0 0 0 17 0 0 0 0 0 22 16 9 0 18 20 0 0 0 0 12 17 10 0 6 0 44 33 27 0 1 0 0 0 0 0 10 0 0 0 0 0 10 7 0 0 0 0 10 9 0 0 0 0 0 0 0 0 0 0 1 0 0 0 0 0 0 0 0 0 0 0 0 0 0 0 0 0 0 0 0 0 0 0 12 1 2 2 74 0 0 0 0 0 0 0 0 0 0 0 0 0 0 0 0 0 0 0 0 0 0 0 0 0 0 18 0 0 0 0 
 0 0 0 0 0 149 0 0 0 4 0 1 0 0 3 0 0 0 0 0 99 173 0 84 67 25 261 188 159 200 218 120 361 55 114 116 85 217 386 212 0 0 0 0 0 0 3 0 0 0 3 0 0 2 0 3 0 2 2 0 0 8 0 0 0 0 2 0 1 0 0 0 50 2 0 0 0 0 3 0 0 0 0 1 24 7 0 0 2 0 0 0 0 0 0 2 0 0 0 0 17 13 16 18 16 7 13 22 14 28 14 20 0 1 23 0 20 7 0 2 9 0 20 0 0 0 0 0 0 0 0 0 0 0 10 0 0 0 18 23 0 0 0 0 0 3 0 0 0 0 0 0 0 0 0 0 0 0 13 1 0 0 0 0 8 0 0 0 0 0 1 15 0 0 0 0 19 0 0 0 11 1 8 1 9 12 1 19 0 13 10 1 1 22 25 10 19 16 0 0 10 0 0 0 0 0 10 33 0 0 0 0 6 19 0 0 0 0 32 0 0 0 0 0 0 0 0 0 0 2 0 0 0 0 0 0 0 0 0 0 0 0 14 0 0 0 0 0 0 0 0 0 0 0 16 0 3 1 157 4 2 0 0 0 0 0 8 0 0 0 0 0 0 0 0 0 0 1 0 9 0 0 0 0 0 6 7 0 0 0 
 1 0 0 0 1 76 201 0 0 0 2 1 0 1 31 0 0 0 0 0 247 431 84 0 146 26 254 125 208 104 60 117 358 194 264 53 45 221 199 35 1 0 0 3 6 5 65 0 0 2 4 4 53 43 0 3 5 3 2 0 5 2 0 0 0 0 5 52 5 0 0 2 0 43 0 3 0 4 6 0 0 0 0 2 0 0 0 0 1 0 0 0 0 1 0 0 0 0 0 0 32 42 38 11 20 10 5 28 19 3 12 32 0 24 0 2 11 13 1 1 9 0 0 9 2 0 0 0 36 1 0 0 0 37 0 14 1 0 31 19 0 0 0 0 0 0 0 0 0 0 1 0 2 0 0 0 33 0 0 0 0 0 0 0 0 0 9 0 0 0 0 0 0 3 0 0 0 0 1 0 47 20 27 0 52 0 0 1 51 14 24 29 0 0 19 29 13 11 0 9 18 0 18 0 0 2 0 0 17 16 0 0 53 1 0 9 0 0 1 0 0 0 0 0 0 0 0 0 0 0 0 0 0 0 0 0 0 0 0 0 0 0 0 0 0 0 0 0 2 0 0 0 0 0 7 0 1 95 1 2 4 0 0 0 0 2 0 0 0 0 0 0 0 0 4 0 0 0 0 0 0 13 0 0 0 0 0 0 0 0 
 3 4 2 2 2 3 2 2 2 2 2 8 2 5 8 2 2 2 3 2 256 125 67 146 0 356 56 68 155 86 119 85 367 81 172 95 95 70 562 71 80 0 2 1 0 0 3 33 0 0 65 6 66 2 0 70 72 0 79 76 5 0 0 0 0 0 5 0 0 0 0 0 0 2 0 3 0 0 3 31 0 0 0 0 0 0 0 0 0 0 0 0 0 0 0 0 0 0 0 0 0 21 23 18 12 11 0 10 14 0 0 23 0 17 0 2 28 0 2 0 0 11 9 17 0 0 11 10 16 11 0 0 7 0 1 86 0 9 0 11 0 0 0 0 0 0 0 1 0 0 0 0 0 0 0 0 0 1 0 0 0 0 0 0 0 0 0 0 0 0 0 1 0 0 0 0 0 0 0 0 16 18 29 32 20 2 0 0 47 0 24 24 0 0 0 50 13 4 0 0 0 0 0 2 0 0 0 0 12 0 0 0 66 0 2 47 13 1 2 10 0 0 2 0 0 0 0 0 0 0 0 0 0 0 0 0 2 0 0 0 0 0 0 0 0 0 0 0 0 0 0 0 0 0 9 0 6 119 1 0 5 1 0 0 0 0 0 0 0 0 0 0 0 0 0 0 0 0 0 0 0 21 0 0 0 0 0 0 0 0 
 4 4 5 3 6 12 4 4 78 4 131 5 83 7 5 5 4 134 5 3 19 35 25 26 356 0 48 35 119 68 266 123 57 64 350 282 63 284 61 43 126 63 272 63 1 0 65 2 0 0 3 0 25 65 63 12 1 0 68 0 2 0 3 0 0 0 0 0 0 7 0 8 0 6 0 5 0 0 3 0 0 0 0 0 0 0 0 0 0 0 0 0 0 0 0 0 0 0 0 0 0 0 0 12 23 0 0 0 0 1 0 0 0 0 0 0 0 0 0 0 1 3 21 27 10 0 27 8 10 24 0 0 17 22 0 27 57 20 22 34 0 0 0 0 0 0 0 0 0 0 0 0 0 0 0 2 0 0 20 0 0 1 0 0 0 0 0 0 1 1 0 0 0 0 0 0 0 1 0 1 0 0 0 21 6 9 0 0 0 0 17 21 0 0 0 0 0 0 2 0 18 11 0 0 0 0 0 3 12 35 0 0 0 0 0 0 11 0 32 11 0 0 0 0 0 0 0 0 0 0 0 1 0 0 0 0 0 2 0 0 0 0 14 0 0 0 1 0 0 0 0 0 0 7 5 0 0 73 20 0 5 0 0 0 0 0 0 0 0 0 0 1 0 0 0 0 0 0 0 0 0 0 0 0 1 0 0 0 0 0 
 3 3 1 2 0 20 4 3 1 0 79 33 1 2 1 75 40 23 1 2 155 110 261 254 56 48 0 348 138 98 403 256 136 47 140 24 36 96 154 30 0 8 0 3 1 0 7 0 0 0 50 0 0 2 0 3 2 4 2 0 0 5 0 0 0 0 10 0 0 0 0 0 0 2 0 4 0 0 3 0 0 0 0 0 16 4 0 0 0 0 0 0 0 0 0 0 1 13 0 0 31 23 0 0 25 11 21 30 74 0 33 0 0 10 4 9 0 16 20 0 0 9 0 0 0 0 2 0 0 0 0 0 17 2 0 0 0 16 0 0 0 1 0 0 0 0 0 0 0 0 0 0 41 0 0 0 3 0 18 0 0 0 0 14 11 0 0 0 9 0 22 15 0 0 0 0 0 0 0 2 0 7 0 0 33 0 73 18 19 20 7 0 18 9 15 21 22 0 0 13 0 0 0 8 0 0 0 0 0 0 0 0 0 0 0 0 0 0 0 0 0 0 0 0 0 0 2 0 0 0 0 0 0 0 0 0 0 0 0 0 0 0 0 0 0 0 83 0 0 0 1 0 0 0 8 0 0 1 0 0 2 2 0 0 0 0 21 0 0 0 0 2 0 0 0 0 0 0 0 1 0 0 0 0 0 0 0 0 0 1 
 3 0 5 75 0 144 0 2 1 0 100 2 0 2 0 0 0 76 0 0 131 458 188 125 68 35 348 0 223 120 100 53 253 130 124 46 37 127 318 347 0 3 0 0 0 0 3 0 0 0 3 0 0 2 0 3 3 0 18 0 0 23 0 0 0 0 2 0 0 0 0 0 0 2 0 0 0 1 3 0 0 0 0 0 20 24 0 0 0 0 0 0 0 0 0 13 0 0 0 2 13 35 29 9 0 9 58 26 26 14 26 0 0 50 16 11 22 7 7 11 2 0 1 0 0 0 0 0 0 0 0 2 13 0 0 0 0 0 0 7 0 0 0 0 0 2 1 0 0 0 0 0 0 1 0 0 0 0 0 0 0 0 0 0 16 0 1 0 1 0 1 9 0 0 10 0 1 0 0 0 31 11 0 0 8 1 15 22 5 15 11 0 1 23 19 0 43 44 1 0 0 0 0 0 0 0 11 1 0 0 0 0 0 0 0 0 0 0 7 8 2 0 0 0 0 0 0 0 0 0 0 0 0 0 0 0 0 0 0 0 0 0 0 0 0 0 19 0 0 0 0 0 0 0 6 0 0 0 0 0 3 2 0 0 0 0 6 0 0 0 0 0 0 0 0 0 0 0 0 0 0 0 0 0 0 10 7 0 0 0 
 1 0 0 75 0 21 1 3 0 0 74 5 0 0 0 0 3 0 0 0 131 217 159 208 155 119 138 223 0 276 132 106 112 396 173 131 117 199 263 64 206 0 0 1 0 0 3 0 206 0 3 0 0 2 2 3 0 1 2 0 2 0 0 0 0 0 0 0 0 0 0 0 0 2 0 0 0 0 3 0 0 0 0 0 33 0 0 0 0 0 0 0 10 0 0 0 0 0 1 0 52 26 39 17 16 17 12 0 0 36 14 34 9 21 22 20 26 0 0 10 1 0 0 0 0 9 0 0 0 0 0 1 0 0 0 0 0 0 7 12 0 0 0 0 0 42 0 0 0 0 0 0 0 0 0 0 0 0 0 0 0 0 0 1 0 1 0 0 0 0 0 0 0 0 0 0 2 0 1 0 9 0 19 1 12 2 0 19 0 15 0 0 12 1 25 0 37 22 0 0 0 0 0 0 0 0 0 2 0 0 0 0 41 0 0 0 0 1 17 0 1 0 0 0 0 0 0 0 0 0 0 0 0 0 0 0 0 0 0 15 0 0 10 0 0 0 0 0 0 0 0 0 0 0 5 2 0 79 0 2 2 2 0 0 0 0 0 0 0 0 0 0 0 0 0 0 0 0 0 9 0 0 0 0 0 5 0 0 0 0 
 3 3 3 3 3 3 3 4 4 3 3 3 5 7 3 3 3 3 3 3 68 269 200 104 86 68 98 120 276 0 276 58 50 137 319 187 346 64 463 146 0 0 0 0 0 0 4 0 0 0 3 0 0 2 0 3 0 0 64 64 6 0 0 0 0 0 0 0 2 0 0 0 0 2 0 0 0 0 3 0 0 0 1 0 0 0 0 0 0 11 1 0 0 0 0 0 0 0 0 0 19 25 11 0 17 29 0 83 4 19 30 0 52 0 9 13 32 0 0 0 18 0 0 0 0 0 22 8 0 0 0 0 0 0 0 0 0 0 0 0 18 0 0 0 0 0 0 0 0 0 0 0 0 0 0 0 0 0 0 0 0 0 0 0 0 0 0 0 0 0 0 0 0 0 0 0 0 0 0 0 0 0 0 20 13 36 0 7 49 62 0 32 1 1 16 14 36 2 7 0 29 0 0 1 0 0 15 0 0 0 0 0 11 13 0 0 0 0 18 6 0 0 0 0 0 0 0 0 2 0 0 0 0 0 0 0 0 0 0 0 0 0 13 0 0 0 0 0 0 0 0 0 0 0 4 0 0 1 1 1 2 17 0 0 0 0 0 0 0 0 0 0 0 0 0 0 0 0 0 0 0 55 0 0 0 18 0 0 0 0 
 0 3 0 0 0 4 0 3 0 2 0 0 0 0 1 0 0 0 0 0 175 334 218 60 119 266 403 100 132 276 0 180 84 276 498 127 170 324 115 327 3 0 4 2 6 0 3 0 0 0 4 0 0 2 0 13 0 2 7 61 6 0 0 1 2 0 0 0 0 4 0 0 0 2 0 1 0 0 5 44 1 0 0 0 0 0 0 0 0 0 0 0 0 0 0 0 0 0 0 0 18 33 22 0 24 43 12 28 1 33 23 1 1 0 0 53 0 11 0 8 14 0 13 0 0 0 1 10 0 0 0 0 13 15 0 12 1 12 0 0 0 0 0 0 0 0 0 1 0 0 0 0 0 0 0 0 0 0 0 0 0 0 2 0 0 0 0 0 0 0 0 1 0 0 0 0 0 0 1 0 8 18 10 11 31 47 0 0 2 0 6 11 12 0 22 0 2 13 0 6 37 0 0 0 0 0 11 17 0 1 0 0 10 9 2 0 0 0 0 30 2 0 2 0 0 0 0 0 0 0 7 0 0 0 0 2 0 0 0 0 0 0 0 0 0 0 0 0 0 0 0 0 0 0 10 0 1 9 0 0 2 2 0 0 0 0 0 0 0 0 0 0 0 0 0 0 0 0 0 0 0 10 0 0 0 1 0 0 0 0 
 0 0 0 0 75 0 0 0 0 0 0 0 0 0 0 1 0 2 0 0 94 39 120 117 85 123 256 53 106 58 180 0 251 108 121 114 478 295 114 51 89 0 0 0 0 0 3 0 0 0 65 2 134 2 0 3 0 29 22 157 6 0 2 0 0 0 0 0 2 6 1 0 0 2 0 0 2 34 3 0 0 0 0 0 0 0 0 0 0 2 0 0 0 1 0 0 4 0 0 0 21 23 0 13 14 0 0 10 2 13 8 22 0 9 0 12 0 10 0 19 12 27 7 0 2 0 24 10 2 0 0 0 18 16 0 71 0 0 16 22 0 0 0 0 0 0 0 0 0 0 0 0 0 0 0 0 0 0 0 0 0 0 0 0 0 0 0 0 0 0 0 0 0 0 0 0 0 0 0 0 0 0 40 22 0 45 0 2 0 0 28 20 18 0 17 0 0 0 0 42 8 0 8 0 11 0 9 0 12 0 0 0 9 7 0 0 0 0 0 20 0 0 0 0 0 0 0 0 0 0 0 0 0 0 0 0 0 0 0 0 0 0 3 0 0 0 0 0 0 0 0 0 1 0 8 2 0 6 1 2 0 2 0 0 0 0 0 2 0 0 52 0 0 0 0 0 0 0 0 14 0 11 0 0 0 0 0 0 0 0 
 3 1 4 2 3 73 2 3 3 87 5 45 3 4 2 2 3 2 1 5 336 34 361 358 367 57 136 253 112 50 84 251 0 159 185 56 310 48 480 89 0 0 0 1 0 9 3 0 0 0 3 0 0 2 2 3 0 0 2 0 0 0 0 0 0 0 0 0 2 50 0 0 0 2 0 1 0 0 3 0 0 0 0 0 1 3 0 0 0 0 11 0 0 0 0 0 0 0 0 2 39 0 0 0 9 1 0 9 37 0 2 5 9 38 0 9 23 30 0 29 0 0 0 0 0 0 0 0 0 0 0 0 0 0 0 0 0 0 0 0 0 2 0 0 0 0 0 0 0 0 0 0 0 0 0 0 0 0 0 0 0 0 0 0 0 0 0 0 0 0 0 0 2 0 0 0 0 5 0 0 2 0 12 20 0 0 29 20 4 25 29 0 39 24 31 0 0 13 11 41 0 0 0 0 2 0 0 0 0 0 6 0 0 0 0 0 4 0 0 0 0 0 0 0 0 0 1 0 0 0 0 0 0 0 0 0 0 0 0 0 0 0 0 0 0 0 0 0 0 0 0 0 0 1 6 0 0 0 0 0 2 2 0 0 0 0 25 0 0 0 0 0 0 0 0 0 0 0 0 0 0 9 0 0 0 0 6 0 0 0 
 1 0 2 0 85 4 0 3 0 0 74 85 0 0 0 74 2 72 0 74 60 192 55 194 81 64 47 130 396 137 276 108 159 0 151 29 144 132 112 146 0 0 0 1 0 0 3 0 0 1 3 10 1 2 0 3 0 0 2 0 2 0 0 0 0 1 0 0 0 0 0 0 0 2 0 0 0 0 3 0 0 0 0 0 0 0 0 0 0 0 0 0 0 0 0 0 0 0 0 0 30 0 21 2 0 12 33 12 25 0 62 1 0 37 9 24 4 11 19 33 0 0 0 0 0 0 0 0 13 0 0 0 0 0 0 0 0 0 0 15 0 0 0 0 2 2 0 0 0 0 0 0 0 0 0 0 0 0 0 0 0 0 0 0 23 0 0 0 0 0 13 1 0 0 0 0 0 0 0 0 28 47 25 19 16 1 21 21 17 0 28 14 43 9 10 15 27 2 4 15 0 0 0 0 0 0 0 23 0 0 0 0 0 2 0 0 0 0 2 0 0 0 0 0 0 21 0 0 0 0 0 0 0 0 0 0 0 0 0 0 0 0 0 0 0 0 0 0 4 0 0 0 0 0 20 2 2 0 1 2 1 0 0 0 0 0 0 0 0 0 0 0 0 0 0 0 0 0 0 0 0 21 0 0 0 0 0 0 0 17 
 2 2 2 74 2 23 2 2 2 4 4 4 2 4 2 2 2 2 2 2 383 216 114 264 172 350 140 124 173 319 498 121 185 151 0 153 298 504 317 194 0 0 0 2 0 0 3 0 0 0 3 0 0 2 0 5 0 2 2 0 7 0 0 0 3 0 0 0 0 0 0 0 3 2 0 3 0 0 2 0 0 0 0 0 0 0 0 0 0 0 0 0 0 0 0 0 0 0 1 0 13 27 22 0 40 30 14 35 39 1 24 13 3 11 10 15 4 21 0 13 1 0 0 0 0 0 0 0 0 0 0 2 1 0 0 0 0 0 0 0 0 0 3 0 5 0 1 0 2 0 0 0 0 0 0 0 0 0 0 1 0 0 0 0 1 0 1 0 0 0 0 0 0 0 0 0 2 0 0 0 7 11 28 13 13 3 17 1 8 48 6 0 0 0 21 16 15 0 0 25 0 0 0 0 0 0 18 0 0 0 0 0 11 0 0 0 0 0 18 0 1 0 0 0 0 0 0 0 0 0 0 0 0 0 0 0 18 0 0 0 0 0 0 0 0 0 0 0 0 0 0 0 0 0 8 0 0 74 2 0 2 14 0 0 0 0 0 0 0 0 0 0 0 0 0 0 0 0 0 1 0 14 0 0 0 0 0 0 0 1 
 3 0 75 0 0 0 0 0 2 1 1 8 0 0 6 0 0 5 1 0 38 141 116 53 95 282 24 46 131 187 127 114 56 29 153 0 62 53 32 70 0 0 0 2 0 0 69 0 0 0 3 7 0 9 0 44 1 2 21 63 7 0 0 0 0 0 0 0 0 0 0 0 0 2 0 0 1 2 3 0 0 0 0 0 0 0 0 0 0 0 0 0 0 0 0 0 0 0 0 0 0 20 18 0 7 24 0 22 0 66 40 17 0 0 1 18 12 0 0 0 61 11 2 0 0 0 0 11 11 1 0 0 17 46 11 0 0 0 28 28 0 0 0 0 0 0 0 0 0 0 45 0 0 0 0 0 0 0 20 0 0 10 0 0 0 0 0 8 0 0 0 21 0 0 0 0 0 0 0 0 0 19 1 5 0 10 0 0 10 0 9 9 7 0 0 13 10 11 0 0 32 0 1 0 0 0 32 3 0 3 0 0 59 45 0 0 0 0 47 17 0 0 0 0 0 0 0 0 0 0 0 0 0 0 0 0 0 0 0 0 0 0 0 0 0 0 0 0 0 0 0 0 0 0 15 0 2 3 13 2 1 0 0 0 0 0 0 0 0 0 0 0 0 0 0 0 0 0 0 0 0 52 0 0 0 9 0 0 0 0 
 4 3 3 3 3 78 3 3 3 3 6 4 3 6 3 3 5 3 3 3 143 104 85 45 95 63 36 37 117 346 170 478 310 144 298 62 0 297 136 181 0 0 0 2 0 0 3 0 0 0 3 4 0 3 0 3 0 0 5 0 2 0 24 0 0 0 0 0 0 0 0 0 0 2 0 0 0 0 2 0 0 0 0 0 0 7 0 0 0 0 0 0 0 0 0 0 0 0 0 0 42 16 20 13 13 0 0 13 52 17 2 14 0 15 0 0 33 14 0 16 4 0 0 0 0 13 0 0 0 0 0 0 0 0 11 0 0 0 39 34 0 0 0 0 2 2 0 0 0 0 0 0 0 0 0 0 0 0 22 0 0 0 0 0 0 0 0 0 0 0 0 5 0 0 0 0 0 0 1 0 13 11 41 18 0 3 6 1 10 15 18 13 8 30 6 0 2 12 6 21 11 0 0 0 0 0 18 3 0 0 0 0 17 16 0 0 0 0 42 0 0 0 0 0 0 2 0 0 0 0 0 0 0 0 0 0 0 0 0 0 0 0 0 0 0 0 0 0 0 0 0 0 0 0 3 0 0 0 6 0 13 19 0 0 0 0 0 0 0 0 0 0 0 0 0 0 0 0 0 8 0 14 0 0 0 0 9 0 0 0 
 3 3 3 3 3 43 4 3 3 3 3 3 4 6 3 3 7 3 3 3 113 48 217 221 70 284 96 127 199 64 324 295 48 132 504 53 297 0 263 42 0 0 0 2 0 0 4 0 0 0 3 0 63 3 0 3 0 0 2 2 5 0 0 0 0 0 8 0 0 0 0 0 0 2 0 3 0 0 5 0 0 0 0 0 0 0 0 0 0 0 1 1 0 0 0 0 0 0 0 0 0 40 13 34 17 0 9 31 33 14 3 21 0 9 10 11 0 23 0 0 0 0 0 0 0 0 0 1 0 0 0 0 0 0 0 0 0 0 2 0 0 0 0 0 0 0 0 0 0 0 1 0 0 0 1 0 0 0 0 0 0 0 0 0 0 0 6 0 0 0 0 0 0 4 0 0 0 0 3 0 19 6 17 0 42 12 16 1 33 68 26 0 20 5 35 38 24 0 0 21 0 0 0 0 0 10 1 17 0 0 0 0 12 0 0 0 2 0 0 0 0 0 0 0 0 0 9 0 0 0 0 0 0 0 0 0 15 0 0 2 0 0 11 0 0 0 0 0 0 0 0 0 2 0 11 1 0 45 6 3 4 3 0 0 0 0 0 0 0 0 0 0 0 0 0 0 0 0 0 0 0 0 0 0 0 0 0 0 0 0 
 2 2 2 2 2 175 2 2 2 2 2 2 4 4 2 2 2 2 2 2 82 208 386 199 562 61 154 318 263 463 115 114 480 112 317 32 136 263 0 149 0 0 0 0 0 0 4 0 0 1 3 0 0 2 0 3 0 1 2 0 0 1 0 0 0 0 0 0 0 0 0 0 0 2 0 0 1 0 3 0 0 0 1 0 12 8 0 0 0 0 1 5 0 0 0 0 0 20 0 0 44 1 35 18 6 25 23 56 41 0 13 14 0 14 53 10 13 19 0 0 0 0 0 0 17 0 0 1 0 0 0 0 0 0 0 0 0 0 17 1 0 0 0 0 0 0 0 0 0 0 1 0 0 0 1 0 0 0 0 0 0 0 0 0 0 0 0 0 0 0 0 0 0 0 0 1 0 0 0 0 13 7 4 0 20 10 12 22 44 29 31 1 31 19 24 14 32 14 0 31 0 0 0 0 0 0 1 12 0 0 0 0 0 0 0 0 2 0 0 0 0 0 0 0 0 0 0 12 0 0 0 0 0 0 0 0 0 0 0 2 0 0 9 0 0 0 0 0 0 0 0 0 0 0 14 0 1 0 77 1 2 0 0 0 0 0 62 0 0 0 0 0 0 0 0 0 0 0 0 0 0 0 0 0 0 0 22 0 0 0 
 0 0 0 73 0 105 0 2 0 27 0 2 0 0 0 7 79 71 2 2 42 125 212 35 71 43 30 347 64 146 327 51 89 146 194 70 181 42 149 0 0 0 0 1 0 0 3 0 0 0 3 0 0 2 0 3 0 1 2 0 0 1 0 0 0 1 0 0 0 0 0 0 0 2 0 0 0 0 7 2 0 0 0 0 0 20 0 0 16 0 10 0 0 11 0 0 0 0 0 0 12 0 18 0 0 8 0 19 22 0 0 0 0 16 0 12 15 10 18 13 0 0 0 0 0 0 12 0 0 0 0 0 0 0 0 0 0 0 0 0 0 0 0 0 0 0 0 4 0 0 0 0 0 0 0 0 0 0 20 0 0 0 0 0 0 0 0 0 0 0 0 0 0 0 0 0 0 0 0 0 15 0 34 20 2 18 18 19 0 12 35 13 35 19 27 25 0 0 7 25 0 0 0 0 0 0 0 0 0 0 0 0 0 0 0 0 0 15 0 0 0 0 0 0 0 0 0 0 0 0 0 0 0 0 0 0 0 0 0 0 0 0 2 0 0 0 1 0 0 0 0 0 0 0 3 1 0 0 7 0 3 3 12 0 0 0 12 0 0 0 0 0 0 0 0 0 0 0 0 0 0 14 0 4 0 0 9 0 0 0 
 2 3 4 3 2 5 2 4 2 2 2 2 63 4 2 2 2 2 2 2 0 0 0 1 80 126 0 0 206 0 3 89 0 0 0 0 0 0 0 0 0 136 107 54 34 28 130 183 77 33 316 26 119 367 103 31 250 266 43 109 1 0 15 0 0 0 0 0 0 9 0 0 0 0 0 0 0 0 0 0 0 0 0 0 0 0 0 0 0 0 0 0 0 0 0 0 0 0 0 0 0 0 0 26 0 10 0 0 0 0 0 0 0 0 0 0 0 0 0 0 0 24 25 15 1 3 14 11 8 0 0 0 29 26 0 20 3 7 9 17 0 0 5 0 0 0 0 9 0 0 0 0 0 0 0 0 0 0 4 0 0 0 0 0 0 0 0 0 0 0 0 0 0 0 0 0 0 0 0 0 0 0 0 14 10 0 0 0 0 0 16 17 0 0 0 0 0 0 0 0 42 10 20 0 2 8 9 0 24 0 0 4 12 0 8 9 14 7 0 15 0 0 0 0 0 0 19 0 0 1 0 0 0 0 0 0 0 0 0 7 0 0 19 0 0 0 0 0 0 0 0 10 0 0 0 0 0 60 0 0 0 0 3 3 0 4 0 0 0 0 1 0 0 0 0 0 0 0 0 0 0 0 0 0 8 0 0 0 1 0 
 2 51 0 0 0 0 0 4 0 0 16 0 0 63 0 2 0 4 0 0 0 0 0 0 0 63 8 3 0 0 0 0 0 0 0 0 0 0 0 0 136 0 180 103 311 51 116 343 75 31 95 73 100 150 361 163 370 54 520 261 0 0 5 0 0 0 0 0 0 1 0 1 20 0 2 2 0 0 51 0 0 0 0 0 5 5 0 0 0 0 0 0 0 0 0 0 1 3 0 0 1 1 0 7 0 0 40 0 0 0 0 0 0 0 1 0 0 0 1 1 1 55 0 10 0 7 13 48 17 1 11 13 3 10 18 13 27 9 2 10 0 0 0 0 0 0 0 0 0 0 0 6 24 0 0 0 0 3 9 0 0 0 0 3 4 0 0 0 6 0 8 1 0 0 0 0 0 0 0 0 0 0 0 0 0 0 2 0 0 0 0 0 0 3 0 0 0 0 0 0 14 18 18 7 0 0 6 24 3 27 8 0 10 1 9 0 0 19 10 0 0 0 0 0 0 0 0 0 0 0 0 0 15 10 1 0 25 0 13 0 0 0 11 0 0 0 5 0 0 0 0 7 0 1 0 0 0 0 0 2 0 0 0 85 0 13 0 0 0 0 16 0 2 0 0 0 0 0 0 0 0 0 0 0 20 0 0 0 0 0 
 2 0 0 0 0 7 0 0 0 2 2 0 0 0 0 0 0 0 0 0 0 0 0 0 2 272 0 0 0 0 4 0 0 0 0 0 0 0 0 0 107 180 0 136 52 33 183 171 110 444 91 116 264 345 143 145 67 163 135 59 0 0 2 0 0 0 1 0 0 0 0 3 15 0 0 0 0 0 19 1 0 0 0 0 0 0 0 0 0 0 0 0 0 0 0 0 0 0 0 0 0 0 0 0 0 0 0 0 0 0 0 0 0 0 0 0 0 0 0 0 4 4 42 9 43 34 12 12 0 21 10 19 12 34 27 0 38 13 0 17 0 0 4 6 0 7 0 7 0 0 0 0 15 0 0 0 0 0 21 0 0 0 0 0 0 0 0 0 0 0 7 7 10 0 0 0 0 0 0 0 0 0 0 0 0 0 0 0 0 0 0 0 0 0 0 0 0 0 0 0 0 5 14 20 60 12 0 13 14 14 4 48 0 0 17 22 14 15 9 11 24 10 0 0 0 0 9 0 0 0 10 0 14 0 0 9 0 10 19 15 0 0 0 0 0 0 0 0 0 0 0 2 0 1 0 0 0 0 0 9 0 0 40 0 3 1 2 4 1 0 0 0 0 0 0 0 0 0 0 0 0 3 0 0 48 21 0 10 0 10 
 0 0 0 0 0 0 0 0 0 0 0 0 0 0 0 0 0 0 0 0 1 0 0 3 1 63 3 0 1 0 2 0 1 1 2 2 2 2 0 1 54 103 136 0 380 65 99 118 160 260 374 40 58 137 135 611 117 113 174 113 0 0 0 0 0 0 258 0 0 53 0 0 22 0 0 0 0 0 0 0 0 0 0 0 0 0 0 0 0 0 0 0 0 0 0 0 8 0 0 0 0 0 0 0 28 0 0 0 0 0 0 0 0 0 0 0 0 0 0 0 0 15 14 0 18 0 0 1 21 7 29 13 0 0 9 22 93 38 4 7 1 0 0 6 0 0 26 1 0 0 0 0 0 0 0 7 11 8 0 11 0 0 0 0 0 0 0 0 0 0 3 0 0 0 0 0 0 0 0 0 0 0 0 0 0 0 0 0 0 0 0 0 0 0 0 0 0 0 0 0 0 19 3 18 0 16 3 6 0 22 13 8 13 5 0 9 9 1 0 0 0 19 0 14 0 0 0 0 0 1 0 0 2 1 14 8 0 15 0 9 0 0 0 0 0 0 0 0 0 0 0 4 0 0 0 0 0 0 0 16 0 0 1 1 2 0 2 1 2 0 8 0 0 2 0 0 0 0 0 0 0 0 0 0 0 0 0 0 2 0 
 1 0 2 0 1 0 0 5 0 2 1 6 2 0 5 0 1 0 0 0 0 0 0 6 0 1 1 0 0 0 6 0 0 0 0 0 0 0 0 0 34 311 52 380 0 211 260 203 118 136 157 343 59 282 67 176 386 41 57 359 4 23 0 0 0 0 261 1 28 3 0 0 0 1 60 2 57 0 0 54 0 0 0 0 0 34 0 0 0 0 0 0 0 0 0 0 0 0 0 0 0 0 0 0 3 0 0 0 0 0 0 0 0 0 0 0 23 17 0 0 3 8 1 0 0 3 1 3 0 0 24 0 0 0 12 6 24 0 1 5 0 0 20 8 0 0 21 0 3 10 9 0 0 0 9 2 1 30 1 29 0 0 0 6 0 0 0 0 0 0 0 0 0 0 3 0 0 0 0 0 0 0 0 0 0 1 0 0 0 0 0 0 0 0 0 0 0 0 0 0 0 0 0 43 2 12 4 0 0 16 0 2 0 5 13 0 0 2 0 0 0 0 2 0 0 0 24 7 0 7 0 0 6 7 0 16 0 15 19 46 0 0 0 0 0 0 0 0 0 0 0 2 1 0 0 0 0 0 0 0 0 0 19 0 0 2 0 2 3 0 19 0 0 0 0 0 0 0 0 0 0 0 0 0 12 0 0 0 0 0 
 1 0 2 0 0 3 0 3 0 6 0 0 0 0 0 0 1 0 0 0 0 1 0 5 0 0 0 0 0 0 0 0 9 0 0 0 0 0 0 0 28 51 33 65 211 0 36 309 129 82 135 286 238 58 55 131 81 342 41 259 0 53 4 0 0 0 49 83 109 0 0 0 53 51 60 46 101 0 57 76 0 0 0 0 0 0 0 0 0 0 0 0 0 0 0 0 0 0 0 0 0 0 0 0 0 0 0 0 0 0 0 0 0 0 32 0 0 0 0 0 0 0 0 0 0 8 14 0 0 0 45 0 0 0 0 0 0 0 0 0 0 0 39 8 0 1 12 0 2 5 3 16 2 0 7 14 22 24 0 22 0 0 0 0 0 0 0 0 19 0 0 0 0 0 10 0 0 0 0 0 0 0 0 0 0 0 0 0 0 0 0 0 0 0 0 0 0 0 0 0 0 0 0 2 37 0 0 0 0 0 0 0 0 0 0 1 0 0 0 0 23 32 30 0 0 0 32 23 0 8 14 1 9 22 1 54 0 16 8 34 9 0 0 0 0 0 0 0 0 0 0 0 0 0 0 0 0 0 0 0 0 0 28 0 1 0 2 0 0 2 0 0 52 0 0 0 0 0 0 0 0 0 0 0 0 0 0 0 0 0 
 10 3 8 3 3 8 5 3 6 68 3 3 3 6 3 3 3 5 3 3 4 5 3 65 3 65 7 3 3 4 3 3 3 3 3 69 3 4 4 3 130 116 183 99 260 36 0 349 50 63 87 31 225 194 156 30 52 25 113 226 0 0 2 0 0 0 0 0 0 0 0 30 0 0 0 0 0 0 0 0 0 0 0 0 0 0 0 0 0 0 9 0 0 0 0 0 0 0 0 0 0 0 0 0 0 11 0 0 1 1 9 2 0 0 0 0 0 0 0 0 57 18 41 3 15 0 40 46 10 41 0 69 29 55 25 12 17 29 10 70 0 0 0 0 0 0 0 1 0 22 4 0 0 0 0 0 1 0 8 0 0 0 0 0 0 0 0 0 0 0 7 0 0 0 0 0 0 0 0 0 0 0 0 0 0 8 0 0 0 0 0 9 0 0 0 2 0 0 0 0 33 26 25 3 10 0 0 0 17 15 4 11 0 0 12 0 7 16 8 16 0 0 0 0 0 0 0 0 0 0 0 0 11 0 0 16 0 0 4 0 0 0 0 0 0 0 0 0 0 0 0 6 0 0 0 0 0 61 0 0 0 0 2 0 0 2 2 1 0 0 0 0 0 0 0 0 0 0 0 0 0 0 0 0 15 23 0 13 2 0 
 4 0 0 0 0 0 4 2 0 0 0 0 0 0 0 0 0 2 2 0 0 2 0 0 33 2 0 0 0 0 0 0 0 0 0 0 0 0 0 0 183 343 171 118 203 309 349 0 92 174 91 91 95 140 170 138 186 41 144 123 0 0 0 0 0 0 0 0 0 0 0 0 0 0 10 0 0 0 0 0 0 0 0 0 0 0 0 0 0 0 0 0 0 0 0 0 0 0 0 0 0 0 0 9 0 2 0 0 0 0 0 0 0 0 0 0 0 0 0 0 0 24 8 5 0 0 14 9 12 0 53 0 8 21 10 2 7 1 0 0 0 0 0 0 0 0 7 0 0 0 0 0 9 0 0 0 0 10 0 0 0 0 0 0 0 0 0 0 0 0 4 0 0 0 0 0 0 0 0 0 0 0 0 19 0 7 10 0 0 0 1 0 10 11 0 0 0 0 0 0 0 0 0 16 0 0 0 10 0 0 0 0 32 0 0 10 21 13 0 8 0 0 0 0 0 0 5 0 0 0 0 0 10 77 0 0 0 0 10 20 0 0 0 0 0 0 0 0 0 1 0 6 0 0 0 0 1 63 0 0 0 0 2 0 0 0 0 0 0 0 12 0 0 0 0 0 0 0 0 0 0 0 0 0 0 0 0 0 2 0 
 2 2 2 2 2 7 2 2 2 4 2 2 2 4 2 2 2 2 2 2 0 0 0 0 0 0 0 0 206 0 0 0 0 0 0 0 0 0 0 0 77 75 110 160 118 129 50 92 0 207 45 240 107 117 89 77 213 213 99 78 0 0 0 0 0 4 0 0 0 0 0 0 28 0 1 0 0 0 0 17 0 0 0 0 0 0 0 0 0 0 0 10 0 0 0 0 0 0 0 0 0 0 0 0 14 0 0 0 0 0 0 0 0 0 19 0 0 0 0 0 0 0 10 10 0 12 0 0 0 13 15 12 0 0 2 0 0 9 0 0 0 0 4 0 0 0 8 6 1 0 0 0 11 0 20 11 7 0 4 5 0 0 0 0 0 0 0 0 0 0 0 0 0 0 0 0 0 0 0 0 0 0 0 0 0 0 0 0 0 0 0 0 0 0 0 10 0 0 0 0 0 0 10 48 27 20 0 0 0 9 23 27 0 0 20 10 12 0 0 0 0 0 0 0 0 0 10 0 0 0 0 0 3 33 0 0 11 0 0 10 0 0 0 0 0 0 0 0 0 0 0 0 0 0 0 0 0 0 0 1 2 0 50 67 28 13 0 0 2 0 0 0 0 0 0 0 0 0 0 0 0 0 0 0 10 13 0 0 2 0 
 1 0 2 8 0 2 4 0 8 2 0 2 0 7 0 0 2 0 37 0 0 3 0 2 0 0 0 0 0 0 0 0 0 1 0 0 0 0 1 0 33 31 444 260 136 82 63 174 207 0 248 172 28 101 103 244 153 48 93 292 46 0 0 2 0 0 53 0 0 0 0 0 51 20 6 0 0 0 0 55 4 0 6 0 0 0 0 0 0 4 3 12 14 8 8 15 0 0 0 0 0 0 0 0 0 0 0 0 0 0 0 0 0 0 0 0 0 0 0 0 0 0 7 0 18 0 0 0 39 20 44 9 8 1 0 0 7 0 0 0 0 0 0 0 0 0 2 0 0 0 0 6 0 0 11 9 13 0 1 19 7 2 0 0 0 7 0 6 0 1 5 0 0 6 2 0 7 0 0 0 0 0 0 0 0 0 0 0 0 0 0 0 12 0 0 3 0 0 0 0 0 9 0 12 1 29 0 0 0 0 22 26 0 0 0 22 48 0 0 1 0 15 0 0 0 0 11 1 0 0 0 14 11 41 0 0 0 0 20 19 0 0 0 0 0 0 0 0 0 0 0 2 0 2 0 0 0 0 0 17 1 1 8 1 66 4 0 0 1 0 0 0 0 0 0 0 0 0 0 0 0 1 0 0 0 0 0 0 0 0 
 0 0 0 0 0 0 0 0 0 1 0 0 0 0 0 0 21 0 0 0 3 3 3 4 65 3 50 3 3 3 4 65 3 3 3 3 3 3 3 3 316 95 91 374 157 135 87 91 45 248 0 226 27 58 136 327 183 184 92 109 51 0 0 2 0 2 0 0 0 2 4 5 51 51 5 1 0 0 23 0 0 0 0 0 0 0 0 0 0 0 0 0 0 0 0 0 0 0 0 0 0 0 0 0 13 0 0 0 0 0 0 0 0 0 0 0 0 0 12 0 0 38 0 14 4 9 23 9 0 0 10 21 30 26 0 0 0 9 0 0 0 0 2 2 0 0 6 0 0 0 0 12 11 0 0 0 0 5 15 5 0 0 1 0 0 0 0 0 0 0 0 0 0 0 0 0 0 0 0 0 0 0 0 0 0 0 0 0 0 0 2 14 0 0 0 0 0 0 0 0 0 0 0 20 12 0 0 10 33 14 24 1 0 0 0 0 3 16 0 5 0 0 0 5 5 0 0 0 0 5 0 25 14 10 0 33 0 0 12 0 0 0 0 0 0 0 0 0 0 1 0 3 0 0 0 0 0 1 0 10 0 0 7 2 0 1 5 0 0 0 10 0 0 0 0 0 0 0 0 0 0 0 0 0 12 5 0 0 2 0 
 2 2 2 2 2 5 2 4 42 2 2 2 2 4 2 2 2 2 2 2 12 0 0 4 6 0 0 0 0 0 0 2 0 10 0 7 4 0 0 0 26 73 116 40 343 286 31 91 240 172 226 0 25 27 44 225 215 69 17 49 51 0 0 0 0 0 0 0 0 0 209 0 103 52 12 1 0 2 49 51 0 0 0 0 0 0 0 0 0 0 0 0 0 0 0 0 0 0 0 0 0 0 0 5 0 0 0 0 0 5 0 12 0 2 0 7 7 0 12 0 0 0 0 23 3 8 0 0 13 14 27 24 0 4 0 0 0 17 0 0 0 0 2 0 0 0 11 0 0 0 0 7 13 1 19 0 0 0 12 20 0 0 0 0 0 0 0 0 0 0 0 0 0 0 0 17 0 0 3 0 4 8 1 10 0 0 0 0 15 0 3 0 14 0 0 0 0 5 0 0 0 0 14 71 16 0 0 0 0 23 29 16 7 0 8 0 5 0 19 0 0 1 0 0 0 0 14 1 0 0 0 16 25 41 0 39 23 0 0 37 0 0 0 0 0 1 0 0 1 0 0 2 0 1 0 0 0 0 1 1 0 1 0 64 92 18 3 0 0 0 0 0 0 0 0 0 0 0 0 0 0 9 0 0 49 0 0 0 0 0 
 5 0 0 0 65 5 0 0 0 0 0 0 0 0 0 0 0 0 0 0 0 3 0 53 66 25 0 0 0 0 0 134 0 1 0 0 0 63 0 0 119 100 264 58 59 238 225 95 107 28 27 25 0 429 103 38 42 10 174 113 0 0 10 0 0 0 0 0 3 53 0 3 0 0 0 0 0 1 2 0 0 0 0 41 0 0 0 0 0 0 0 0 0 0 0 0 0 0 0 0 0 0 0 25 7 0 0 0 0 0 9 0 0 0 0 0 0 0 0 0 6 20 0 4 21 7 19 8 14 1 4 0 0 11 5 48 21 0 20 26 0 0 0 0 0 19 31 4 16 0 0 0 0 4 0 0 0 0 10 0 0 0 0 0 0 0 0 0 0 0 0 0 0 0 0 0 0 0 0 0 0 0 0 0 0 0 0 0 0 0 8 43 0 0 0 0 0 0 0 0 27 31 26 0 0 0 9 0 19 11 0 0 0 0 6 2 3 0 0 0 2 0 0 0 0 0 0 0 0 0 0 0 0 0 0 0 0 0 0 0 0 0 18 0 0 0 0 0 0 0 0 5 0 0 0 0 0 19 0 0 0 0 1 0 0 1 2 0 0 0 0 0 0 0 0 0 0 10 0 0 0 0 4 0 0 0 0 21 0 3 
 3 0 0 0 0 0 0 0 0 0 0 0 0 0 0 0 0 0 0 0 2 2 2 43 2 65 2 2 2 2 2 2 2 2 2 9 3 3 2 2 367 150 345 137 282 58 194 140 117 101 58 27 429 0 227 115 55 36 321 89 0 0 17 0 0 0 0 0 0 0 0 0 0 0 0 0 0 0 0 0 0 0 0 0 0 0 0 0 0 0 0 0 0 0 0 0 10 0 0 0 0 0 0 14 10 1 0 0 0 0 14 0 0 0 0 0 0 0 0 0 5 29 26 0 16 0 38 21 49 33 10 0 5 52 11 23 32 0 26 62 0 0 0 0 0 0 0 0 0 0 1 15 35 0 0 0 0 0 0 0 0 0 0 0 0 0 0 0 0 0 4 0 0 0 0 0 0 0 0 0 0 0 0 0 0 0 0 0 0 0 0 19 0 0 0 0 0 0 0 0 33 26 56 21 0 10 0 11 31 22 0 9 0 1 9 22 0 8 9 0 0 0 0 0 0 0 0 0 0 0 0 0 1 0 0 0 0 0 26 0 0 0 19 0 0 0 0 0 0 0 0 4 0 0 0 0 0 36 0 12 0 0 0 0 0 2 1 0 0 0 0 0 0 0 0 0 0 0 0 0 0 0 0 0 0 0 0 0 1 0 
 0 0 0 0 0 2 0 0 0 0 0 0 0 0 0 0 0 0 0 0 0 0 0 0 0 63 0 0 2 0 0 0 2 0 0 0 0 0 0 0 103 361 143 135 67 55 156 170 89 103 136 44 103 227 0 72 44 48 145 263 0 0 11 3 0 30 0 0 0 5 2 7 0 0 1 0 0 0 0 0 0 0 0 0 0 0 0 0 0 0 0 0 0 0 14 0 0 0 0 0 0 0 0 0 0 0 0 0 0 0 0 0 0 0 0 0 0 0 0 0 8 43 23 2 18 0 42 38 1 20 11 60 25 28 36 0 35 25 0 14 0 0 0 5 0 0 0 0 0 6 0 3 0 0 11 0 0 2 10 11 0 0 0 0 0 0 0 0 0 0 24 0 0 0 0 0 0 0 0 0 0 0 0 0 0 0 0 10 0 0 0 2 0 0 0 0 0 0 0 0 1 14 8 10 11 11 0 2 15 8 0 11 0 0 41 1 7 40 8 30 0 0 0 6 5 0 0 0 0 6 0 10 0 0 0 0 0 0 0 0 0 0 0 0 0 0 0 0 0 0 0 2 0 0 40 0 0 0 0 0 0 0 2 0 0 1 2 2 2 0 20 0 0 0 0 0 0 0 0 0 0 0 0 0 15 17 0 0 2 0 
 0 0 0 0 0 0 0 0 0 4 0 0 0 0 0 0 0 0 0 0 3 5 3 3 70 12 3 3 3 3 13 3 3 3 5 44 3 3 3 3 31 163 145 611 176 131 30 138 77 244 327 225 38 115 72 0 175 115 481 139 0 0 0 0 0 0 2 0 2 0 3 0 0 1 7 0 0 2 17 0 0 0 0 0 0 0 0 0 0 5 0 0 0 0 0 0 0 0 0 0 0 0 0 0 17 0 0 0 0 0 0 0 0 0 0 0 0 0 0 0 0 0 11 0 11 2 1 2 26 17 28 0 0 0 0 12 39 9 5 10 0 0 0 0 0 0 18 0 0 0 0 0 22 0 1 0 0 5 10 0 0 0 0 0 0 0 0 0 0 0 1 0 0 0 0 0 0 0 0 0 0 0 0 0 0 26 0 0 0 0 0 0 0 0 0 0 0 0 0 0 0 4 1 50 15 17 6 27 10 21 0 18 6 14 0 26 15 13 0 0 0 0 0 0 0 0 4 0 0 0 0 0 17 22 15 0 0 0 16 21 0 0 0 0 0 0 0 0 0 0 0 0 0 2 0 0 0 0 0 14 0 0 0 1 1 4 0 0 0 0 13 0 0 0 0 0 0 0 0 0 0 0 0 0 23 0 0 0 0 0 
 0 0 0 0 66 0 0 2 1 1 0 4 0 2 5 0 0 0 0 0 0 0 0 5 72 1 2 3 0 0 0 0 0 0 0 1 0 0 0 0 250 370 67 117 386 81 52 186 213 153 183 215 42 55 44 175 0 303 69 136 0 0 0 0 0 0 1 0 0 0 0 0 50 0 6 2 0 0 50 25 0 0 0 0 0 0 0 0 0 0 0 0 0 0 0 0 2 0 0 0 0 0 0 0 0 0 0 0 0 0 0 0 0 0 0 0 0 0 0 0 0 1 0 4 8 1 0 0 0 20 89 8 0 0 1 0 21 0 0 0 19 0 0 0 0 0 2 6 15 0 5 0 0 2 4 7 8 7 6 19 0 0 0 0 0 0 0 0 0 0 0 0 0 0 2 0 0 0 0 0 0 0 0 0 0 10 0 0 0 0 0 0 0 0 16 0 0 0 0 0 0 1 1 37 12 10 0 0 5 0 39 8 12 8 1 4 6 8 0 0 0 0 0 0 0 0 8 9 0 0 0 0 16 22 15 8 20 0 5 18 0 0 0 0 0 0 0 0 0 0 0 2 0 0 0 0 0 0 0 0 0 0 1 1 35 16 0 0 0 0 36 0 0 2 0 0 0 0 0 0 0 0 1 0 9 14 0 0 2 0 
 4 2 6 4 3 6 3 3 3 3 3 3 3 7 5 3 3 3 3 3 0 0 2 3 0 0 4 0 1 0 2 29 0 0 2 2 0 0 1 1 266 54 163 113 41 342 25 41 213 48 184 69 10 36 48 115 303 0 38 56 51 0 0 0 0 0 0 0 0 0 0 0 7 0 0 0 0 0 73 50 0 0 0 0 0 0 0 0 0 0 0 0 0 0 0 7 0 0 0 0 0 0 0 0 0 0 0 0 0 0 0 0 0 0 0 0 0 0 0 0 0 0 18 9 1 21 20 0 0 16 12 2 0 0 0 0 0 1 0 0 19 0 5 0 0 0 0 6 13 0 3 0 7 13 21 0 0 0 19 1 0 0 0 3 0 0 0 0 0 0 0 0 0 0 19 0 0 0 0 0 0 0 0 0 0 0 0 0 0 0 0 0 0 0 0 0 0 0 0 0 0 0 0 15 35 10 0 10 15 11 7 19 0 0 18 13 1 21 6 0 0 1 0 0 0 0 19 7 0 8 0 0 21 0 14 0 19 0 22 29 0 0 0 0 0 0 0 0 0 0 0 1 0 0 0 0 0 0 0 7 1 0 24 2 63 14 3 67 3 0 0 0 0 41 0 0 0 0 0 0 0 0 0 0 31 16 0 0 0 5 
 0 0 0 0 0 0 0 2 0 0 7 7 0 0 0 0 0 0 0 0 3 53 2 2 79 68 2 18 2 64 7 22 2 2 2 21 5 2 2 2 43 520 135 174 57 41 113 144 99 93 92 17 174 321 145 481 69 38 0 266 0 0 0 0 1 0 0 0 0 0 0 7 50 0 0 0 0 0 0 55 0 0 0 0 0 0 0 0 0 0 0 0 0 0 0 0 0 0 0 0 0 0 6 0 0 0 0 8 0 11 6 0 0 0 0 10 9 0 0 0 0 15 6 6 13 12 13 43 0 20 0 7 15 4 9 9 10 7 0 11 0 0 0 0 0 4 0 0 0 0 0 0 0 0 0 0 0 3 6 0 0 0 0 0 0 0 0 0 0 0 0 0 0 0 0 0 0 0 0 0 0 0 0 0 0 9 0 0 0 0 17 12 0 11 0 0 4 10 0 0 0 0 0 9 11 0 10 0 28 9 0 22 6 9 7 0 9 19 6 28 0 0 0 0 0 13 0 52 0 0 0 0 0 0 0 7 0 0 11 0 0 0 0 0 0 0 0 0 0 0 0 3 0 0 0 0 0 0 0 2 0 0 2 0 0 4 0 66 0 0 11 0 0 0 0 0 0 0 0 0 0 0 0 0 0 12 0 0 0 0 
 0 0 0 0 0 0 0 0 0 0 0 0 0 0 0 0 0 0 0 0 0 63 0 0 76 0 0 0 0 64 61 157 0 0 0 63 0 2 0 0 109 261 59 113 359 259 226 123 78 292 109 49 113 89 263 139 136 56 266 0 0 0 0 0 0 0 0 0 0 17 0 0 0 0 0 0 0 0 2 0 0 0 0 0 0 0 0 0 0 0 0 0 0 0 0 0 0 0 0 0 0 0 35 1 10 6 0 0 0 6 0 0 0 0 0 0 0 0 0 0 15 18 1 0 15 0 6 13 8 9 10 0 8 10 10 13 4 0 10 0 0 0 0 0 0 0 0 0 0 0 15 0 0 0 0 0 0 6 0 0 0 0 0 0 0 0 0 0 0 0 0 0 0 0 0 0 0 0 0 0 0 0 0 0 0 13 0 0 0 0 0 29 0 0 0 0 0 0 0 0 0 0 14 10 0 0 7 1 10 0 0 0 10 8 0 8 0 12 0 12 0 0 0 0 0 0 0 0 0 0 0 0 0 0 0 0 0 0 0 0 0 0 0 0 0 0 0 0 0 0 0 4 0 2 1 0 0 1 0 3 0 0 1 0 0 0 0 0 0 0 13 0 0 0 0 0 0 0 0 0 0 0 0 0 0 0 0 19 0 0 
 6 0 2 2 3 1 1 3 2 2 53 2 3 0 0 0 3 1 0 2 8 8 0 5 5 2 0 0 2 6 6 6 0 2 7 7 2 5 0 0 1 0 0 0 4 0 0 0 0 46 51 51 0 0 0 0 0 51 0 0 0 429 284 55 305 116 70 103 31 82 249 85 225 331 246 104 53 236 119 524 0 0 0 0 0 0 0 0 0 0 0 0 0 0 0 0 0 0 0 0 0 2 3 0 6 10 0 1 0 3 0 4 0 0 0 6 0 0 0 1 9 0 3 2 9 3 0 0 2 0 2 3 0 3 2 2 0 3 3 0 22 29 27 0 0 0 18 0 41 25 25 2 4 10 8 1 0 8 0 8 0 0 11 8 0 0 0 0 0 0 0 0 0 0 3 0 0 0 0 0 0 0 5 0 1 3 0 0 0 0 0 3 0 0 0 1 5 0 11 0 0 0 0 0 0 4 0 0 0 0 8 0 7 3 0 0 9 0 0 0 0 19 0 0 0 0 19 10 7 9 15 10 9 12 9 0 17 27 8 14 0 0 0 0 0 0 0 0 0 1 0 0 0 56 19 0 0 4 0 0 0 0 0 0 0 2 0 0 0 0 2 0 0 5 1 1 0 0 0 0 0 0 0 0 0 1 0 0 0 0 
