 0 383 79 40 37 51 82 41 60 248 73 119 242 180 128 225 142 45 165 140 0 0 2 0 0 0 24 0 2 4 2 0 0 2 3 0 3 0 0 0 0 0 0 0 3 3 0 4 0 0 0 2 2 0 8 0 0 0 0 0 5 0 2 6 5 0 0 0 0 0 1 0 1 0 0 0 3 4 0 1 6 15 9 59 0 25 8 0 17 0 1 19 18 17 23 19 21 34 33 47 0 0 11 0 0 0 0 0 0 0 0 0 0 1 0 0 0 0 12 0 0 0 0 0 0 0 0 0 0 0 0 0 0 0 0 2 0 0 0 0 0 0 1 0 1 1 0 0 0 0 0 6 0 43 0 1 0 0 0 0 14 37 46 11 0 1 20 13 16 44 0 17 11 16 23 0 0 16 32 9 0 0 9 0 0 2 0 0 0 0 0 0 0 0 0 0 0 0 0 0 0 0 0 0 0 0 1 0 0 0 0 18 0 0 0 0 0 0 0 0 0 0 0 0 0 0 0 0 0 0 0 0 0 0 0 0 0 0 0 0 0 0 0 0 0 0 89 1 0 92 0 7 0 1 1 0 1 0 0 0 0 0 0 0 0 0 0 0 0 0 0 0 0 0 0 0 24 0 0 0 0 0 0 0 0 0 0 0 0 0 
 383 0 82 140 21 26 389 216 147 55 42 41 359 62 95 37 265 122 128 165 0 1 0 0 2 0 2 0 0 2 0 1 0 0 3 0 4 0 2 0 0 0 0 0 3 0 0 2 0 0 0 0 0 0 5 0 0 1 0 71 2 0 0 0 0 47 0 0 0 0 0 0 0 0 0 0 3 0 0 0 0 21 0 51 0 3 36 1 0 76 0 20 12 0 41 16 12 11 35 20 0 0 18 0 0 0 0 0 0 0 0 0 0 0 0 0 0 0 0 0 0 0 0 2 0 0 0 0 0 0 0 0 0 1 0 0 0 0 0 0 0 0 0 0 0 0 14 0 0 0 16 10 0 0 0 0 0 0 0 0 3 51 27 6 0 16 22 37 15 14 13 14 5 56 29 18 2 34 25 45 0 1 0 0 0 0 0 0 0 0 0 0 0 0 0 0 0 1 0 0 0 0 0 0 0 0 0 0 0 0 0 0 0 0 0 0 0 0 0 0 0 1 0 0 0 0 0 0 0 0 0 0 0 0 0 0 0 0 0 0 0 0 0 0 0 2 6 0 0 0 0 8 1 0 0 0 0 0 0 0 0 0 13 0 0 0 0 0 0 0 0 0 0 0 0 1 0 0 0 0 0 0 0 0 0 0 0 0 0 0 
 79 82 0 175 48 172 272 155 289 66 107 78 76 48 150 125 121 109 150 62 0 0 0 0 0 2 0 0 0 4 0 2 2 0 2 0 1 74 135 34 0 0 0 0 3 0 0 2 0 0 0 0 2 0 1 1 0 0 0 0 3 0 0 0 0 0 0 0 0 0 3 0 0 0 0 0 5 0 0 0 22 0 46 15 2 13 1 18 7 27 26 12 0 16 2 42 20 36 0 0 0 0 0 0 0 0 13 0 0 0 0 0 10 4 0 0 0 0 11 22 0 0 0 0 0 2 0 0 0 0 0 0 0 0 0 2 0 0 0 0 0 0 0 0 1 0 0 0 0 0 0 0 0 0 0 2 0 9 0 0 8 0 10 0 0 0 12 0 13 38 12 2 11 21 21 1 6 19 1 0 0 0 0 0 0 2 0 0 0 0 0 0 3 0 0 0 0 0 0 9 0 0 0 0 0 0 0 0 0 0 0 2 0 0 0 0 0 0 14 0 0 0 0 0 0 0 0 0 0 0 2 0 1 0 0 0 0 0 0 0 0 0 0 0 0 2 1 0 22 0 16 12 2 1 0 0 0 1 0 0 0 0 0 0 0 0 0 0 0 0 0 0 0 0 0 15 14 4 0 0 0 0 0 0 0 0 0 0 0 0 
 40 140 175 0 121 204 176 84 141 168 69 72 65 62 285 136 45 34 61 495 140 150 0 0 2 0 1 27 0 2 0 3 35 75 76 0 3 0 151 71 0 2 0 0 3 3 0 2 0 0 0 1 0 0 2 2 0 0 0 5 3 0 0 3 37 0 0 2 0 28 3 0 0 1 1 0 2 2 0 0 1 13 13 0 14 21 1 11 7 26 22 24 11 0 4 11 10 22 0 0 0 12 0 0 0 0 37 0 0 0 0 0 26 26 6 4 14 0 24 56 0 0 0 0 0 0 0 0 0 0 0 0 0 0 0 0 0 0 0 0 0 0 0 0 0 0 0 0 0 0 0 6 0 1 0 0 0 0 0 0 8 16 48 47 27 0 10 0 13 7 22 0 11 1 20 17 42 7 9 18 14 15 0 0 0 0 14 55 0 0 0 0 13 1 14 0 10 0 17 14 0 0 0 0 0 0 0 0 0 0 0 4 0 0 0 0 0 0 0 0 0 0 0 0 0 0 0 0 0 0 0 0 0 0 0 0 0 0 0 0 0 0 0 0 0 0 2 2 2 1 0 10 2 0 0 0 0 0 0 0 0 0 0 0 0 0 0 0 0 0 0 0 0 0 0 0 0 0 0 0 0 0 0 0 0 0 0 0 0 0 
 37 21 48 121 0 235 65 90 60 79 85 202 80 141 108 131 227 78 165 97 120 75 210 0 0 0 0 74 1 2 0 2 146 1 2 0 1 2 0 3 0 0 0 0 3 0 0 2 0 0 0 0 0 0 0 0 0 0 0 0 3 0 0 0 0 0 0 0 0 0 0 0 8 0 0 0 2 0 0 0 0 20 0 10 9 12 0 19 13 0 20 17 0 0 0 0 14 33 0 0 14 0 0 0 0 0 32 1 0 19 0 0 1 10 28 0 16 11 11 36 2 0 0 0 0 0 0 0 0 0 0 0 0 0 0 0 0 0 0 0 7 2 0 0 0 0 0 0 0 0 0 0 0 3 0 0 0 0 0 0 0 3 29 30 13 20 0 0 1 0 0 1 0 0 0 34 4 17 0 0 35 0 0 0 0 0 35 3 0 0 0 0 15 0 13 61 0 11 29 27 0 0 0 0 0 0 0 0 0 0 0 0 0 0 0 0 0 0 0 0 0 0 0 0 0 0 0 0 0 0 0 10 0 0 0 0 0 0 0 0 0 11 0 0 0 90 88 1 49 97 1 10 0 0 0 0 0 0 0 0 0 0 0 0 0 0 0 0 0 0 0 0 0 0 0 15 0 0 0 0 0 0 0 0 0 0 0 0 0 0 
 51 26 172 204 235 0 55 168 183 186 60 69 292 191 261 77 259 245 33 263 76 0 0 2 0 0 0 0 0 3 0 3 76 83 2 2 1 0 51 117 0 0 0 0 3 0 0 2 0 0 0 0 0 0 0 0 0 0 62 0 3 0 0 0 0 0 0 7 0 48 0 0 64 0 0 0 2 0 0 0 0 5 22 25 0 0 0 70 0 14 21 17 0 0 1 15 14 30 0 0 8 12 0 0 0 0 42 0 0 0 0 0 0 69 19 0 42 0 21 34 0 0 0 0 0 0 0 0 0 0 0 0 0 0 0 0 0 0 0 0 0 0 0 0 0 0 0 5 0 0 0 0 2 0 0 0 16 0 0 0 0 24 3 1 0 27 0 0 0 11 1 0 0 0 5 3 0 17 0 59 14 0 1 0 0 0 12 15 0 0 0 0 0 0 0 11 0 0 7 0 0 0 0 0 1 0 0 0 0 0 0 0 0 0 0 0 0 0 0 0 0 0 0 0 0 0 0 0 0 0 0 0 0 0 0 0 0 0 0 0 0 0 0 0 0 1 2 0 6 4 0 10 0 0 0 0 0 0 0 0 0 0 14 0 0 0 0 0 0 0 0 0 0 0 0 19 0 8 0 0 0 0 0 0 0 0 0 0 0 0 
 82 389 272 176 65 55 0 119 244 141 129 56 82 62 126 55 107 79 31 249 0 1 0 0 0 0 0 0 0 4 0 6 0 0 2 2 1 0 0 0 0 0 2 0 3 0 0 2 0 0 0 0 0 1 0 0 0 0 0 0 2 0 0 0 0 0 0 0 0 0 3 0 0 0 0 0 3 0 0 0 21 19 59 0 0 11 19 24 18 49 45 50 26 18 3 78 31 32 15 1 2 0 0 0 0 0 0 21 0 0 0 0 1 0 0 0 0 0 11 0 2 0 0 1 0 0 0 0 0 0 0 0 0 0 0 0 0 0 0 0 0 2 0 0 0 0 0 0 0 0 0 9 0 0 0 0 0 0 23 0 37 11 10 21 0 11 15 15 3 12 19 0 49 20 20 10 11 46 0 11 0 0 0 0 0 0 17 0 0 0 0 0 0 0 0 0 0 0 0 0 0 0 0 0 0 0 0 0 0 0 0 0 0 0 0 0 0 0 0 0 0 0 0 0 0 0 0 0 0 0 0 0 0 0 0 0 0 0 0 0 0 1 0 0 0 2 0 0 3 0 2 13 6 0 0 0 0 0 0 0 0 0 0 0 0 0 0 0 0 0 0 0 0 0 0 0 0 0 0 0 0 0 0 0 0 0 0 0 0 0 
 41 216 155 84 90 168 119 0 217 368 386 378 178 165 372 133 314 184 124 168 0 0 0 0 1 0 0 0 0 4 0 2 0 0 2 16 1 0 27 0 0 4 0 0 3 0 0 2 0 0 0 0 0 0 0 0 0 0 0 0 3 0 0 0 0 0 0 0 0 0 1 0 0 0 0 0 4 0 0 1 37 7 46 82 15 11 11 38 0 21 24 39 32 10 26 46 72 13 0 0 0 0 0 0 0 0 0 0 0 0 0 0 10 8 0 0 0 0 10 0 0 0 0 0 0 0 0 0 0 0 0 0 0 0 0 0 2 2 0 0 0 0 0 0 0 0 0 0 0 0 0 0 0 0 0 0 0 0 0 0 0 14 14 0 0 8 6 0 16 58 45 24 0 44 26 0 23 44 14 18 0 0 0 0 0 0 1 0 1 2 0 0 0 0 0 0 0 0 0 12 2 0 0 0 0 0 0 0 0 0 0 0 0 0 0 0 0 0 0 2 0 0 0 0 0 0 0 0 0 0 0 0 0 0 0 0 0 0 0 7 0 0 0 0 0 3 89 0 0 1 25 3 9 20 0 0 0 0 0 0 0 0 14 0 0 0 0 0 0 0 0 0 0 0 0 15 14 9 0 0 0 0 0 0 0 0 0 0 0 0 
 60 147 289 141 60 183 244 217 0 404 84 28 202 53 229 352 40 152 60 255 0 0 0 0 0 0 91 0 0 2 35 2 0 0 1 1 0 0 151 22 0 0 0 0 3 0 0 2 2 0 0 0 0 0 6 0 1 0 0 0 3 0 53 0 0 0 0 0 0 0 13 0 0 0 0 0 1 0 0 0 20 1 46 26 0 0 44 19 16 19 36 0 0 12 17 19 30 39 0 0 0 0 0 0 0 0 2 0 0 0 0 0 1 10 0 0 0 2 0 19 0 0 8 0 0 1 0 0 13 0 0 0 0 0 0 0 0 0 0 0 0 0 0 0 0 0 0 0 0 1 0 0 0 0 0 0 0 0 0 0 34 0 21 0 6 3 18 0 52 65 3 69 0 25 28 10 9 18 51 11 0 0 0 0 0 0 28 0 0 0 0 0 0 0 0 0 0 0 21 0 0 0 0 1 0 0 0 0 0 0 0 0 0 0 0 0 0 0 0 0 0 0 0 0 0 11 0 0 0 0 0 0 2 0 0 21 0 0 0 0 0 0 0 0 0 0 86 0 1 2 0 4 0 0 0 0 0 0 0 0 0 0 0 0 0 0 0 0 0 0 0 0 0 0 0 10 0 11 0 0 0 0 0 0 0 0 0 0 0 0 
 248 55 66 168 79 186 141 368 404 0 92 156 78 148 231 105 323 140 154 113 3 3 0 0 1 0 0 0 0 2 1 2 82 0 2 77 1 0 40 77 0 0 0 0 3 0 0 2 0 0 0 0 0 0 0 0 0 0 0 0 3 0 0 0 0 0 0 0 0 32 30 0 0 0 0 0 3 40 50 0 26 16 33 26 0 0 0 29 16 0 14 30 51 14 1 0 32 19 0 0 0 12 0 0 0 0 41 0 0 0 0 0 0 6 0 0 0 0 0 5 1 0 0 0 0 0 0 0 0 0 0 0 0 0 0 0 0 0 0 0 0 1 0 0 0 0 0 0 0 0 0 0 0 0 0 0 0 0 0 0 0 3 0 21 7 12 4 0 10 51 10 38 0 0 25 22 15 27 0 0 17 0 0 0 0 0 25 21 0 0 0 0 1 0 0 0 0 0 9 0 0 0 0 1 0 0 0 0 0 0 0 0 0 0 0 0 0 0 0 0 0 0 0 0 0 0 0 0 2 0 0 0 0 0 0 0 0 0 0 0 0 17 0 0 0 0 89 0 1 6 0 17 6 0 2 0 0 0 0 0 0 0 0 0 0 0 0 0 0 0 0 0 0 0 0 20 22 0 0 0 0 0 0 0 0 0 0 0 0 0 
 73 42 107 69 85 60 129 386 84 92 0 378 247 105 119 269 135 114 47 302 131 150 3 2 3 3 2 78 0 5 2 5 67 75 2 1 4 2 72 1 0 2 2 0 3 3 3 2 0 2 0 57 3 0 2 2 0 2 3 5 5 0 0 4 2 3 3 2 1 1 4 0 0 0 0 0 4 1 0 2 61 0 12 0 26 16 0 27 7 20 1 1 0 13 0 16 32 0 0 0 0 0 0 0 0 0 41 0 0 24 0 0 23 0 15 6 0 12 25 1 0 0 0 0 0 0 0 0 0 0 0 0 0 0 0 0 0 1 0 0 15 0 0 0 0 0 0 0 0 0 0 0 1 0 0 0 0 0 0 0 8 0 0 0 48 0 12 0 14 30 7 0 0 19 14 0 49 16 0 0 32 15 1 0 0 0 0 0 1 0 0 0 0 1 0 0 10 18 1 21 0 0 0 2 14 0 0 0 0 0 0 0 0 0 0 0 0 0 0 0 0 0 0 0 0 0 0 0 0 0 0 0 0 0 0 0 0 0 0 0 0 0 0 0 0 1 87 0 2 2 22 23 10 0 0 0 0 0 0 0 0 0 0 0 0 0 0 0 0 0 0 0 0 0 0 0 29 0 0 0 0 0 0 0 0 0 0 0 0 0 
 119 41 78 72 202 69 56 378 28 156 378 0 30 21 50 120 95 56 24 261 17 74 0 1 0 0 0 284 0 2 0 2 22 0 2 0 1 0 99 1 0 0 0 0 3 0 0 2 0 3 0 0 0 0 5 0 3 0 0 0 5 31 0 0 0 0 0 0 0 0 0 0 0 3 0 0 3 3 2 0 16 0 13 20 21 9 0 11 7 20 23 10 0 11 0 17 11 12 0 0 0 0 0 0 0 0 25 0 0 10 0 0 10 0 10 0 0 16 0 32 0 19 0 0 0 0 0 0 0 0 0 0 0 0 0 0 0 0 0 0 6 0 0 0 0 0 0 0 0 0 0 0 0 0 0 14 0 9 0 0 0 10 0 25 8 10 0 0 15 19 14 0 0 22 0 24 11 16 0 0 28 0 1 0 0 0 14 0 1 0 0 0 15 0 0 0 0 13 12 31 0 0 0 9 0 0 0 0 0 0 29 0 10 0 0 0 0 0 0 0 0 0 0 0 0 0 0 0 0 0 0 0 0 0 0 0 0 0 20 0 0 24 0 0 0 2 88 2 2 2 21 9 4 0 0 0 0 0 0 0 0 0 0 0 0 0 0 0 0 0 0 0 0 0 0 14 20 0 0 0 0 0 0 0 0 0 0 0 0 0 
 242 359 76 65 80 292 82 178 202 78 247 30 0 317 244 51 59 131 118 351 0 0 3 3 0 1 0 0 0 2 0 2 0 0 1 4 0 0 0 0 9 0 4 1 3 0 0 2 0 0 0 0 0 2 33 0 0 2 26 0 3 0 0 0 0 0 3 2 3 2 0 0 2 0 0 0 0 0 0 7 9 29 11 13 0 0 35 7 13 60 0 0 14 0 37 0 1 16 40 25 0 0 0 0 0 0 0 0 0 0 0 0 0 0 0 0 0 0 0 0 0 0 0 0 0 0 0 0 0 0 0 0 0 0 0 0 0 0 0 0 0 0 2 0 0 0 0 11 0 0 0 0 0 2 0 0 0 0 0 0 11 16 44 0 0 16 19 30 26 10 0 14 0 38 10 0 0 1 8 31 0 1 0 0 1 0 0 0 20 0 2 0 0 0 0 0 0 2 0 2 0 0 10 0 0 0 2 0 0 0 0 0 0 0 0 0 0 0 0 0 0 1 0 0 0 0 0 0 0 0 0 0 0 0 8 0 0 0 0 0 0 0 0 0 0 2 2 1 0 2 0 13 0 1 0 0 0 0 0 0 1 0 12 0 0 0 0 0 0 0 15 0 0 0 0 0 1 0 0 0 0 0 0 0 0 0 0 0 0 0 
 180 62 48 62 141 191 62 165 53 148 105 21 317 0 125 245 30 106 125 169 0 0 1 6 0 0 5 8 0 4 0 2 0 0 5 0 1 2 1 2 2 12 0 0 3 0 0 2 0 0 0 0 13 0 64 0 0 0 4 0 3 0 0 4 0 0 0 4 0 0 0 4 0 0 0 0 3 6 0 0 16 12 0 0 10 28 33 30 25 0 0 10 0 0 8 0 11 0 19 7 0 0 6 0 0 0 0 0 0 0 0 0 9 0 0 0 0 0 0 0 0 0 0 0 0 0 0 0 0 0 0 0 0 0 0 0 0 0 0 0 0 0 0 0 0 0 0 0 0 10 0 0 2 0 0 0 0 0 0 0 8 10 26 0 11 18 13 46 10 14 0 22 0 12 6 0 0 10 0 21 0 0 0 0 0 0 0 0 0 0 0 0 3 0 0 0 0 0 0 0 0 0 0 0 1 0 0 3 0 0 0 17 0 0 0 0 0 0 0 0 0 0 6 0 0 0 0 0 0 0 0 0 0 0 0 0 0 0 0 0 0 0 16 0 0 0 9 2 2 0 15 15 0 0 0 0 0 0 0 0 0 0 12 0 0 0 0 0 0 0 0 0 0 0 0 0 17 0 0 0 0 0 0 0 0 0 0 0 0 0 
 128 95 150 285 108 261 126 372 229 231 119 50 244 125 0 137 68 41 66 344 1 2 0 1 2 0 0 3 0 4 0 24 0 0 4 76 2 2 22 0 0 0 0 0 3 0 0 2 5 2 0 0 0 39 26 0 0 2 0 0 3 0 0 0 0 5 0 0 0 0 7 0 0 0 0 0 3 0 0 0 28 0 26 0 10 9 17 12 14 6 3 10 14 11 32 14 7 0 10 9 0 0 0 0 0 0 0 0 0 12 0 0 9 0 0 0 0 0 0 0 0 0 0 0 0 0 0 0 0 0 0 0 0 0 0 0 0 0 0 0 0 0 3 0 0 0 0 0 0 0 0 0 0 0 0 0 0 0 0 10 4 0 12 0 11 1 55 0 11 25 12 51 0 0 14 0 16 12 1 0 0 0 0 0 0 0 0 0 0 0 0 0 0 0 0 0 0 0 0 0 0 0 0 0 0 0 0 0 0 0 22 0 0 0 0 0 0 0 0 0 0 0 0 0 0 0 0 0 6 0 0 0 0 0 0 0 0 0 0 0 0 0 0 0 0 6 6 0 2 1 15 8 8 0 0 0 0 0 0 0 0 0 0 0 0 0 0 1 0 0 0 0 0 0 0 0 15 0 0 0 0 0 0 0 0 0 0 0 0 0 
 225 37 125 136 131 77 55 133 352 105 269 120 51 245 137 0 258 128 123 88 0 0 0 0 1 0 0 38 0 2 0 2 0 0 2 0 1 2 27 0 0 0 0 0 3 0 5 2 0 2 0 0 0 0 3 0 0 5 0 0 3 2 0 0 0 0 0 0 0 0 1 0 0 0 0 0 62 0 0 0 0 0 15 52 25 0 8 1 35 0 6 24 0 14 11 10 24 0 1 7 0 0 0 0 0 0 26 0 0 0 0 0 0 1 0 0 0 0 0 0 0 0 0 19 0 0 0 0 0 0 0 0 0 0 0 0 2 0 0 0 0 0 21 0 21 0 0 0 0 0 1 0 19 0 0 0 0 0 0 0 18 0 12 1 7 25 36 0 36 17 0 28 0 15 0 2 0 1 8 20 21 0 0 33 0 0 8 2 0 0 0 0 0 0 0 0 0 0 29 0 2 0 0 2 0 0 0 0 0 0 0 0 25 0 0 0 0 0 0 0 0 0 0 0 0 0 0 0 0 0 0 0 0 0 0 0 0 0 0 0 0 0 0 0 0 0 93 0 3 2 0 6 0 0 0 0 0 0 0 0 0 0 15 0 0 0 0 0 0 0 0 0 0 0 0 24 20 0 0 0 0 0 0 0 0 0 0 0 0 0 
 142 265 121 45 227 259 107 314 40 323 135 95 59 30 68 258 0 494 24 45 0 0 0 0 0 1 0 0 0 2 0 1 2 0 4 208 1 0 224 0 0 0 0 0 3 64 0 2 0 0 0 0 0 0 0 0 1 0 0 0 3 0 0 0 0 0 0 0 0 0 0 0 0 0 0 0 3 0 0 0 0 5 0 11 9 0 0 25 11 0 27 60 0 2 15 16 41 38 0 0 0 0 0 0 0 0 28 0 0 0 0 0 0 12 19 0 0 0 3 22 0 0 0 0 0 0 0 0 0 0 0 0 0 0 0 0 0 0 0 0 0 0 0 0 0 0 0 0 0 0 0 2 0 0 0 0 0 0 0 0 0 61 0 14 0 44 0 0 15 28 0 9 0 0 15 62 0 29 0 34 15 0 0 6 0 0 53 15 0 0 0 0 0 0 0 0 0 0 17 12 0 0 0 0 0 0 0 0 0 0 0 0 13 0 0 0 0 0 0 18 0 0 0 0 0 0 0 0 0 0 0 0 0 0 0 0 1 0 0 0 0 0 0 0 0 1 2 0 86 86 0 5 0 0 0 0 0 1 0 0 0 0 16 0 0 0 0 0 0 0 0 0 0 0 0 16 0 10 0 0 0 0 0 0 0 0 0 0 0 0 
 45 122 109 34 78 245 79 184 152 140 114 56 131 106 41 128 494 0 45 220 18 1 0 0 0 0 2 0 0 2 0 2 0 1 2 0 1 0 21 2 0 0 1 0 3 0 0 2 0 0 0 0 0 0 2 0 0 0 0 0 3 0 0 0 0 0 0 0 0 0 0 0 4 0 0 0 2 0 0 0 0 10 14 27 2 1 8 28 0 0 11 19 0 20 28 23 85 41 0 0 9 0 0 0 0 0 0 0 0 0 0 0 0 28 14 0 15 0 41 10 0 0 0 0 0 0 0 0 0 0 0 2 0 0 0 0 0 0 0 0 0 0 0 0 0 0 0 0 0 0 0 0 0 0 0 0 0 0 0 0 0 1 15 12 0 30 10 0 20 32 0 7 0 48 1 24 8 39 18 20 14 0 0 0 0 0 12 0 2 1 0 0 1 0 0 14 0 0 9 6 0 0 0 0 0 0 0 0 0 0 0 0 0 0 0 0 0 0 0 1 0 0 0 0 0 0 0 0 0 0 11 0 0 0 0 0 0 0 0 0 0 0 0 0 0 0 86 0 5 170 0 5 0 0 0 0 0 0 0 0 0 0 1 0 0 0 0 0 0 0 0 0 0 0 2 29 0 10 0 0 0 0 0 0 0 0 0 0 0 0 
 165 128 150 61 165 33 31 124 60 154 47 24 118 125 66 123 24 45 0 101 0 4 1 0 4 7 0 0 0 2 0 0 4 2 3 74 3 1 0 0 0 0 4 0 3 3 4 65 0 0 6 0 4 0 40 6 1 0 0 0 52 0 0 6 0 0 0 0 0 0 0 0 0 1 0 0 3 0 0 4 0 0 0 19 0 0 9 0 12 8 0 0 14 18 9 0 0 29 13 0 0 0 0 0 0 0 0 0 0 0 2 0 0 0 0 0 0 0 0 0 0 0 0 0 0 0 1 0 0 0 0 0 0 0 0 0 0 0 0 0 0 0 0 0 0 0 0 0 0 7 0 0 0 0 0 9 0 0 0 0 14 15 10 8 0 0 7 8 0 0 1 18 10 12 0 0 13 1 15 0 0 0 0 0 0 0 0 0 0 0 0 0 2 2 0 0 0 0 0 0 0 0 2 0 0 2 0 0 0 0 0 0 45 0 0 0 0 0 0 0 0 0 0 0 0 0 0 0 0 0 0 0 0 0 0 0 0 0 1 0 0 0 0 0 0 12 0 0 0 88 0 14 0 0 0 0 0 0 0 0 0 0 0 0 0 0 0 0 0 0 0 0 0 0 0 0 10 0 0 0 0 0 0 0 0 0 0 0 0 0 
 140 165 62 495 97 263 249 168 255 113 302 261 351 169 344 88 45 220 101 0 0 4 0 0 1 1 2 2 1 4 1 2 2 0 3 8 3 2 2 0 2 0 2 0 5 0 2 4 2 0 0 6 1 0 35 0 0 0 0 2 3 0 0 0 0 0 0 0 0 0 0 0 0 2 0 0 3 0 0 0 19 25 17 14 0 0 71 20 26 31 0 0 18 0 23 12 2 16 0 1 0 0 0 0 0 0 0 0 0 0 0 0 18 1 0 0 0 0 0 0 0 0 0 0 0 0 0 0 0 0 0 0 0 0 0 0 0 0 0 0 0 0 0 0 0 0 0 0 0 0 0 0 0 31 0 0 0 0 1 0 0 0 22 0 0 15 9 65 36 11 0 14 0 28 0 21 0 1 8 40 0 0 0 0 0 0 0 0 0 0 0 0 0 0 0 0 0 0 0 0 0 0 0 0 0 0 19 2 0 0 0 0 0 0 0 0 0 2 0 0 1 0 0 0 0 1 0 0 0 0 0 0 0 0 0 0 10 0 0 0 0 0 0 0 0 2 6 0 1 2 0 15 2 0 0 0 0 1 0 0 0 0 12 0 0 0 0 0 0 0 0 0 0 0 0 0 23 0 0 0 0 0 0 0 0 0 0 0 0 0 
 0 0 0 140 120 76 0 0 0 3 131 17 0 0 1 0 0 18 0 0 0 257 62 58 64 156 187 133 34 114 127 35 234 110 142 138 40 33 261 138 0 0 3 0 0 0 0 0 0 0 2 0 3 0 2 0 3 0 0 20 0 3 0 0 0 0 26 0 0 50 0 0 5 0 0 0 0 2 0 0 0 0 0 0 10 12 0 0 0 0 0 0 0 0 0 0 0 1 0 0 26 12 12 13 0 54 28 1 7 16 1 0 12 49 36 0 25 11 23 26 0 0 0 2 6 0 0 0 0 0 0 0 0 0 0 0 0 0 15 0 4 0 0 0 1 0 0 0 0 0 0 2 2 0 0 0 0 0 0 0 0 2 0 28 26 9 0 0 0 0 0 0 0 0 0 29 7 8 0 0 58 15 9 18 1 0 19 14 1 0 17 0 12 25 13 30 7 30 11 34 0 0 0 0 0 0 0 0 0 0 0 31 0 0 2 0 0 0 0 0 0 0 0 0 0 0 0 0 0 1 1 0 0 0 0 0 0 0 0 0 0 0 0 0 0 0 74 0 0 90 0 0 0 0 10 2 0 0 0 2 28 2 1 0 0 0 0 0 0 0 0 0 0 0 0 12 0 0 0 0 0 0 0 0 0 0 0 0 0 33 
 0 1 0 150 75 0 1 0 0 3 150 74 0 0 2 0 0 1 4 4 257 0 164 74 41 48 354 164 212 46 36 35 278 189 95 117 77 36 61 397 0 0 3 0 0 0 69 30 0 0 5 0 4 0 2 2 37 2 0 2 1 3 0 0 0 2 1 5 2 53 0 2 1 2 0 2 0 3 0 2 0 0 0 0 22 22 0 0 0 0 8 0 0 1 0 0 0 0 0 0 43 20 19 0 0 0 31 16 21 29 14 11 32 12 16 18 18 24 13 0 0 0 0 0 0 0 18 0 0 0 0 0 0 0 0 0 0 0 1 0 6 0 0 0 0 0 0 0 0 0 0 0 0 0 0 0 0 0 0 0 0 0 0 8 20 0 0 0 0 4 0 0 0 0 2 0 0 0 0 0 30 21 50 0 12 0 0 17 61 10 0 17 46 20 27 0 31 17 13 27 0 0 0 0 0 0 0 7 0 0 0 12 0 0 0 0 0 0 0 0 0 0 2 0 0 0 0 0 0 0 0 0 0 0 0 0 10 0 0 0 0 0 0 0 0 0 0 0 0 0 0 0 0 0 8 0 0 0 1 0 4 0 0 0 0 0 0 0 0 0 0 0 0 0 0 0 0 0 0 0 0 0 0 0 0 0 0 0 0 0 
 2 0 0 0 210 0 0 0 0 0 3 0 3 1 0 0 0 0 1 0 62 164 0 182 44 60 188 366 153 127 66 43 456 107 43 30 289 270 134 279 1 3 213 0 0 12 56 0 0 2 3 2 8 0 2 0 3 0 5 0 52 3 0 5 0 0 2 8 0 0 0 56 5 3 0 2 0 5 0 6 0 0 2 0 0 10 0 0 0 0 0 0 1 0 0 16 0 0 15 0 3 38 17 1 10 36 1 30 28 11 23 65 10 18 4 0 0 11 0 9 0 0 0 0 0 0 3 1 0 0 0 0 1 0 0 0 0 0 20 1 0 0 0 0 0 5 0 0 0 0 0 0 0 0 1 0 2 0 0 3 2 0 0 0 2 2 0 0 0 2 0 0 0 0 0 0 0 0 0 0 21 14 57 33 11 0 28 20 9 0 28 30 0 18 20 24 18 86 0 46 0 0 0 0 0 0 0 2 0 0 0 0 1 0 0 0 0 0 0 1 0 0 0 0 0 0 0 0 0 0 0 0 0 0 0 0 0 0 0 0 0 0 0 0 0 0 0 0 0 0 0 0 0 0 3 2 2 82 84 0 2 2 0 0 0 0 0 0 0 0 0 0 0 0 0 0 0 0 0 0 0 10 0 0 0 1 0 0 0 0 
 0 0 0 0 0 2 0 0 0 0 2 1 3 6 1 0 0 0 0 0 58 74 182 0 167 53 309 68 441 335 194 53 155 109 129 179 114 134 111 54 0 1 69 0 0 65 2 0 0 0 0 62 68 62 4 4 7 0 137 0 1 3 0 0 0 0 1 0 0 4 0 0 2 0 2 0 0 5 0 7 13 0 0 0 0 0 0 0 0 0 0 0 0 0 0 0 0 0 0 0 10 14 2 12 9 21 0 0 0 5 12 1 0 1 0 18 0 0 0 0 0 8 0 0 0 0 5 24 16 0 0 0 66 22 14 0 0 0 79 48 0 2 0 0 1 0 3 0 0 0 14 0 0 0 1 0 0 0 0 0 0 2 0 0 2 0 0 0 0 11 0 0 0 0 0 19 1 0 0 1 12 0 6 0 35 22 0 0 0 0 0 12 0 0 0 0 0 0 0 0 25 0 0 0 0 0 29 17 1 0 0 0 26 11 2 0 0 0 2 22 0 0 1 0 0 0 0 0 0 1 2 0 0 0 0 0 0 0 8 0 0 0 0 0 0 0 0 0 1 0 0 0 0 0 2 0 2 77 0 4 0 2 1 0 0 1 0 0 0 0 0 0 0 2 0 0 0 0 0 15 0 18 0 0 0 0 12 0 0 0 
 0 2 0 2 0 0 0 1 0 1 3 0 0 0 2 1 0 0 4 1 64 41 44 167 0 165 40 75 165 148 200 120 86 92 88 95 199 54 151 60 0 1 3 0 0 0 0 68 62 2 0 0 66 0 2 0 3 0 27 1 0 3 5 0 0 3 3 0 0 0 0 0 3 6 2 7 0 2 0 0 0 0 0 0 0 0 0 0 0 0 0 0 0 0 0 0 0 0 0 0 0 9 0 13 14 19 0 0 13 29 0 2 0 0 0 11 0 0 0 0 12 0 40 0 0 0 16 1 12 14 0 0 45 7 0 0 18 9 2 58 0 7 0 0 0 0 5 0 0 20 0 0 0 0 0 0 0 0 0 0 0 0 0 0 0 0 0 0 0 0 0 0 0 0 1 0 0 0 0 5 0 1 14 26 23 27 0 0 0 13 13 0 0 1 0 1 0 1 0 0 0 31 58 0 0 0 7 8 14 0 11 0 11 11 12 21 41 18 50 69 0 0 1 0 0 0 0 0 0 0 0 0 0 0 0 0 0 0 0 0 0 0 0 0 0 0 0 0 0 0 0 0 0 22 1 1 1 3 84 0 2 36 0 0 0 0 0 0 0 0 0 0 0 0 0 0 0 0 0 0 0 2 0 0 0 12 0 0 0 0 
 0 0 2 0 0 0 0 0 0 0 3 0 1 0 0 0 1 0 7 1 156 48 60 53 165 0 54 205 45 68 173 102 271 62 45 268 139 57 35 62 63 92 3 0 0 0 129 128 65 0 0 0 33 8 66 55 5 0 64 63 0 3 0 0 0 2 2 0 0 0 0 0 1 0 1 20 0 6 0 0 0 0 0 0 0 2 0 0 0 2 0 0 0 0 0 0 0 0 2 0 0 23 0 9 30 35 0 0 12 9 0 9 0 13 0 1 0 0 0 0 6 0 28 14 0 0 0 14 14 0 15 0 14 0 0 0 0 8 2 42 25 0 0 0 0 0 0 0 20 0 0 0 0 0 0 0 0 5 0 0 0 0 0 0 0 0 0 0 0 0 0 0 0 0 0 0 0 0 5 2 0 0 11 26 0 32 0 4 0 0 24 9 0 2 18 1 0 0 0 0 11 33 21 13 1 0 28 27 0 13 0 7 35 2 29 14 24 0 39 30 0 0 0 0 0 1 0 0 0 0 0 0 0 0 2 0 0 0 0 0 0 0 12 0 0 2 0 0 0 0 0 0 2 0 6 1 0 77 81 5 5 1 0 0 0 0 0 0 0 2 0 0 0 2 0 12 0 0 0 0 0 0 0 0 0 1 0 0 0 0 
 24 2 0 1 0 0 0 0 91 0 2 0 0 5 0 0 0 2 0 2 187 354 188 309 40 54 0 412 140 44 175 47 252 284 193 102 40 104 66 233 0 0 3 0 0 0 64 0 0 0 3 0 5 0 2 0 3 0 0 0 1 3 0 0 0 0 1 8 0 0 6 0 1 0 0 0 0 3 0 2 0 0 0 0 0 5 0 0 0 0 0 0 0 0 0 0 0 0 0 0 39 11 25 0 0 15 37 11 38 0 62 1 6 16 10 9 28 0 32 0 0 0 0 0 0 0 1 0 0 0 0 0 0 0 0 0 0 0 15 15 0 0 0 0 0 0 0 0 0 0 0 0 0 0 0 0 0 0 0 0 0 0 0 18 40 11 0 0 0 2 0 0 0 0 0 0 0 0 19 0 60 26 40 0 10 0 0 20 18 25 0 14 31 55 10 0 7 42 8 11 0 0 0 0 0 0 0 0 0 0 0 25 0 0 0 0 0 0 0 0 0 0 0 0 0 0 0 0 0 0 0 0 0 0 0 0 0 19 0 0 0 0 0 0 0 0 0 0 0 0 0 0 0 0 4 0 2 0 0 1 5 2 0 0 0 0 0 0 0 12 0 0 0 1 1 0 0 0 0 0 0 0 0 0 0 0 0 0 0 0 
 0 0 0 27 74 0 0 0 0 0 78 284 0 8 3 38 0 0 0 2 133 164 366 68 75 205 412 0 332 129 114 192 203 174 347 252 126 45 46 207 0 0 3 0 0 3 45 0 0 0 0 0 3 0 2 0 3 0 0 0 0 3 0 0 0 51 3 0 0 0 0 0 2 0 1 0 0 1 0 0 0 0 0 0 0 0 0 0 0 0 0 0 0 0 0 0 0 1 0 0 0 57 6 8 2 30 1 1 77 26 55 35 25 11 53 49 22 36 0 0 0 0 0 2 0 0 19 0 0 0 0 0 18 10 0 0 0 0 0 0 3 0 0 0 1 0 1 0 0 0 0 2 2 0 0 0 0 0 0 0 3 2 0 0 10 0 0 0 0 4 0 0 0 0 0 0 1 0 0 0 6 27 46 31 9 0 27 13 19 11 27 16 24 28 17 0 37 25 0 25 0 0 0 0 0 0 4 11 0 0 0 0 4 0 0 0 0 0 1 4 0 0 0 0 0 0 0 0 0 1 0 0 0 0 0 0 0 0 0 0 0 0 16 0 0 0 14 0 0 0 0 0 0 0 2 2 1 40 10 1 1 0 0 0 0 0 7 0 0 0 0 0 0 0 0 0 0 0 0 0 0 11 0 0 0 46 0 2 0 0 
 2 0 0 0 1 0 0 0 0 0 0 0 0 0 0 0 0 0 0 1 34 212 153 441 165 45 140 332 0 251 328 134 189 132 95 160 330 204 87 119 0 0 5 6 3 0 38 0 0 0 4 0 69 63 5 0 13 0 67 0 0 3 0 2 0 0 2 8 0 0 0 0 3 0 2 0 29 2 0 0 0 0 0 2 0 10 0 0 0 0 0 0 0 0 0 0 0 0 0 0 0 7 11 25 0 13 0 9 11 9 0 22 8 16 0 27 32 39 0 2 1 8 0 0 0 0 19 18 12 1 2 0 28 29 13 0 1 0 0 36 0 0 0 0 40 0 3 0 1 0 0 0 0 0 0 0 0 0 0 0 0 0 0 0 13 0 0 0 0 5 0 0 0 0 0 0 0 0 0 1 0 2 14 0 16 41 0 16 24 8 1 1 12 9 0 0 26 11 0 0 14 0 0 0 0 0 30 5 0 0 0 0 28 8 0 0 0 0 0 17 0 2 0 4 0 0 0 0 0 0 0 0 0 0 0 0 0 0 0 0 0 0 0 0 0 0 0 0 0 0 0 0 0 0 0 1 0 0 113 0 2 0 0 0 0 0 0 0 0 0 0 0 0 0 0 0 0 0 0 13 0 16 0 0 2 0 0 1 0 0 
 4 2 4 2 2 3 4 4 2 2 5 2 2 4 4 2 2 2 2 4 114 46 127 335 148 68 44 129 251 0 477 78 59 123 141 235 167 116 164 78 0 2 3 0 0 0 3 208 1 0 0 0 3 21 2 0 8 0 56 0 0 3 0 52 4 0 2 0 0 0 0 0 2 0 0 0 50 2 0 7 0 0 0 0 0 0 0 0 0 0 0 0 0 0 0 0 0 0 0 0 0 0 22 42 14 10 0 63 15 35 0 7 12 12 23 15 0 21 11 0 0 0 0 0 0 0 17 18 1 1 0 0 35 46 0 0 1 0 18 38 0 5 0 0 0 0 4 0 0 0 0 0 0 0 3 0 0 0 0 0 0 0 10 0 0 0 0 0 0 0 0 0 0 0 0 0 0 0 0 0 1 28 1 12 4 27 3 17 0 37 28 2 0 12 16 59 23 16 12 0 1 0 0 0 0 0 34 0 0 0 0 0 44 15 0 0 0 0 0 36 0 0 0 0 0 0 0 0 0 0 0 0 0 0 0 0 0 0 1 0 0 0 0 0 0 0 0 0 0 0 0 0 0 0 2 0 2 81 0 2 12 19 0 0 0 0 2 0 0 0 0 0 0 0 0 0 0 0 0 0 0 0 0 0 0 0 8 0 0 0 
 2 0 0 0 0 0 0 0 35 1 2 0 0 0 0 0 0 0 0 1 127 36 66 194 200 173 175 114 328 477 0 43 129 42 83 194 262 131 117 45 0 1 3 0 0 4 1 0 3 1 0 1 68 65 19 0 3 38 63 0 0 3 0 0 0 0 2 0 0 20 0 0 2 0 4 2 0 2 0 0 2 0 0 0 0 0 0 0 0 0 0 0 0 0 0 0 0 0 0 0 1 19 2 31 0 40 0 0 3 0 0 14 0 33 0 24 0 0 0 15 0 11 0 0 0 2 20 0 0 0 0 0 28 11 18 0 0 0 0 20 0 4 0 0 0 0 7 0 0 0 0 0 0 2 0 0 0 0 0 0 0 0 0 0 4 0 0 0 0 19 0 0 0 0 0 0 0 0 28 0 37 0 44 32 14 13 18 11 0 0 36 22 0 18 21 23 0 12 0 5 8 0 0 0 0 0 26 0 3 0 0 0 19 21 0 0 0 0 17 2 0 0 0 0 0 0 0 0 0 0 0 0 0 0 0 0 0 0 6 0 0 0 13 0 0 0 0 0 0 0 0 0 0 0 7 0 0 17 79 2 20 1 0 0 0 0 0 0 0 0 0 0 0 0 0 0 0 0 0 17 0 20 0 0 0 0 0 0 0 0 
 0 1 2 3 2 3 6 2 2 2 5 2 2 2 24 2 1 2 0 2 35 35 43 53 120 102 47 192 134 78 43 0 124 35 87 81 463 233 41 57 7 0 3 0 2 13 1 2 0 2 0 2 273 0 5 6 3 0 70 2 0 9 1 4 7 0 3 5 0 5 0 1 3 0 2 0 0 2 0 0 0 0 0 0 0 0 0 0 0 0 0 0 0 0 0 0 0 0 0 0 1 30 8 20 41 38 0 6 18 9 13 50 15 12 0 14 1 13 0 14 0 0 0 0 0 0 0 0 0 0 0 0 0 13 0 0 0 0 0 0 0 1 0 2 0 0 0 0 0 0 0 0 0 0 2 0 0 0 0 0 0 0 0 0 0 0 0 0 0 0 0 0 0 0 0 0 0 0 0 6 0 21 0 0 0 0 0 16 0 13 9 19 1 11 12 6 79 0 0 0 0 0 0 1 0 0 13 10 0 0 0 0 12 0 3 4 0 0 8 0 0 0 0 0 0 6 0 0 0 0 18 0 0 0 0 0 0 0 0 0 0 0 8 0 0 0 0 0 2 0 0 0 0 1 2 1 0 41 111 1 3 1 0 0 0 0 41 0 0 0 0 0 0 0 0 0 0 0 0 0 0 0 0 0 0 0 0 0 0 0 
 0 0 2 35 146 76 0 0 0 82 67 22 0 0 0 0 2 0 4 2 234 278 456 155 86 271 252 203 189 59 129 124 0 226 253 129 71 41 324 169 0 0 3 0 0 2 45 0 0 0 7 3 6 0 2 0 3 0 0 0 0 3 0 0 0 0 3 0 2 28 0 0 5 1 0 0 0 1 3 0 0 0 0 0 0 1 1 0 0 2 0 0 0 0 0 0 0 0 0 0 14 31 41 26 0 8 46 11 25 9 9 14 13 54 10 13 12 26 19 14 0 0 0 0 0 0 0 0 0 0 0 0 1 2 0 0 12 0 12 11 8 0 0 0 0 0 0 0 0 0 0 0 0 0 0 0 0 0 0 0 0 0 0 24 39 0 0 0 0 0 0 0 7 0 0 0 0 1 0 0 34 15 10 12 1 0 12 37 14 27 12 1 23 49 18 4 24 36 12 26 0 0 0 0 0 0 0 0 0 0 0 1 0 1 0 0 0 0 0 0 0 0 0 0 0 0 0 0 0 0 0 0 0 0 2 0 0 0 0 0 0 0 0 0 0 2 74 0 0 0 0 0 0 0 2 0 0 0 2 1 13 2 0 0 0 0 0 0 0 0 0 0 0 0 0 0 0 0 0 0 0 0 0 0 0 0 0 0 0 0 
 2 0 0 75 1 83 0 0 0 0 75 0 0 0 0 0 0 1 2 0 110 189 107 109 92 62 284 174 132 123 42 35 226 0 172 34 245 48 103 405 0 0 3 0 0 0 19 0 0 0 0 0 3 0 5 0 3 0 0 2 1 3 0 0 0 0 3 21 0 0 0 2 6 0 0 0 0 1 0 0 0 0 0 0 14 20 0 0 0 0 0 0 1 0 0 0 0 0 0 0 27 14 15 0 9 27 28 62 8 10 31 21 11 22 12 18 34 3 18 1 0 0 0 0 0 0 2 2 0 0 0 0 0 0 0 0 0 0 19 1 0 0 0 0 0 0 0 0 0 0 0 0 0 0 0 0 1 0 0 0 1 0 0 0 18 14 1 0 0 2 0 0 0 2 0 0 0 0 0 0 33 11 29 23 42 0 0 15 32 0 18 17 38 1 20 36 40 22 21 0 0 0 6 0 0 0 0 1 0 0 0 0 3 0 0 0 0 0 0 0 0 0 0 0 0 0 0 0 0 0 0 0 0 0 0 0 2 0 0 0 0 0 0 0 0 0 0 0 0 73 0 0 0 0 0 0 2 78 0 1 2 1 0 0 0 0 0 0 0 0 0 0 0 0 0 0 0 0 0 0 0 0 0 0 0 0 0 0 0 0 
 3 3 2 76 2 2 2 2 1 2 2 2 1 5 4 2 4 2 3 3 142 95 43 129 88 45 193 347 95 141 83 87 253 172 0 210 396 211 124 269 1 3 3 0 0 0 0 0 0 0 0 0 5 0 2 0 22 0 2 0 1 3 0 0 6 0 1 2 0 36 0 2 1 0 0 0 0 6 0 0 0 0 0 0 0 0 0 0 0 0 0 0 0 0 0 0 0 0 0 2 23 26 0 61 14 10 0 7 5 9 0 15 30 12 0 21 24 0 0 8 0 0 0 0 0 0 0 19 6 1 0 0 12 60 0 0 9 0 0 19 0 0 0 0 0 0 0 0 0 0 0 0 0 0 0 0 0 2 0 0 0 0 0 21 0 4 0 0 0 0 0 0 0 0 0 0 0 0 0 0 2 1 16 24 19 34 0 0 19 1 14 10 30 0 23 2 24 1 0 4 0 0 0 0 0 0 19 0 0 0 0 56 14 0 0 16 1 0 2 19 0 0 0 0 11 0 0 0 0 17 0 0 0 0 0 0 0 0 0 0 0 0 0 0 0 0 0 0 0 0 0 0 0 0 0 0 2 2 0 2 2 0 0 0 0 0 20 0 0 0 0 0 0 0 0 0 0 0 0 0 0 0 0 0 0 0 0 0 0 0 
 0 0 0 0 0 2 2 16 1 77 1 0 4 0 76 0 208 0 74 8 138 117 30 179 95 268 102 252 160 235 194 81 129 34 210 0 152 255 106 56 0 0 4 0 0 0 0 0 0 0 0 0 3 42 2 0 5 0 0 0 0 3 0 0 0 0 3 0 3 0 0 0 7 0 0 0 0 1 0 0 23 0 29 59 0 0 23 0 0 91 20 44 16 0 10 0 0 0 0 0 13 0 13 19 0 22 0 0 18 18 0 0 0 23 0 0 12 0 15 0 0 0 0 0 0 9 9 6 1 0 0 0 22 27 0 0 0 0 0 18 0 5 0 0 0 0 6 0 0 1 0 0 0 0 3 0 0 0 0 0 0 55 0 13 0 0 0 0 0 0 15 20 0 48 0 0 12 16 0 0 22 0 7 6 8 26 0 26 0 37 6 0 15 8 9 16 0 12 0 9 23 0 0 0 0 0 27 0 0 0 0 7 103 16 0 0 0 0 0 16 1 0 0 0 0 0 0 0 0 0 0 0 0 0 0 0 0 0 0 0 0 0 0 0 0 0 0 0 2 0 0 0 8 0 2 0 0 0 0 1 8 18 0 0 0 0 0 0 0 0 0 0 0 0 0 0 0 0 0 0 0 1 0 0 0 0 0 0 0 0 
 3 4 1 3 1 1 1 1 0 1 4 1 0 1 2 1 1 1 3 3 40 77 289 114 199 139 40 126 330 167 262 463 71 245 396 152 0 141 37 114 0 1 3 0 0 1 45 0 0 0 0 0 24 62 2 0 3 0 7 0 0 3 0 0 0 0 2 0 0 0 0 0 1 0 0 0 47 2 0 0 0 0 0 0 0 0 0 0 14 0 0 0 0 0 0 0 0 0 0 0 0 36 16 19 0 50 0 0 29 9 21 20 4 8 0 31 30 35 0 0 0 8 0 0 0 0 18 0 0 0 0 0 34 4 4 0 1 0 0 34 0 2 0 0 0 0 7 0 0 0 0 16 0 2 1 0 0 0 0 15 0 0 0 0 9 0 0 15 0 15 0 0 0 0 0 0 0 0 0 0 0 10 0 14 28 4 13 7 1 38 9 26 11 18 6 0 34 14 0 7 23 0 0 0 4 0 4 9 0 0 0 0 20 11 0 0 1 16 21 26 0 0 0 0 0 0 0 0 0 0 0 0 0 0 0 10 0 0 0 0 0 0 12 0 0 0 0 0 0 0 0 0 0 0 4 0 0 3 38 1 1 0 0 0 0 0 0 0 0 0 0 0 0 0 0 0 0 0 0 6 0 37 0 0 0 0 0 0 0 0 
 0 0 74 0 2 0 0 0 0 0 2 0 0 2 2 2 0 0 1 2 33 36 270 134 54 57 104 45 204 116 131 233 41 48 211 255 141 0 41 251 0 0 3 0 0 6 7 0 0 0 0 0 9 24 2 2 26 208 19 0 0 3 0 4 22 1 3 0 0 0 0 0 3 0 0 0 0 0 0 2 0 0 0 0 0 0 0 0 0 0 0 1 0 0 0 0 0 0 0 0 9 0 20 8 21 20 0 19 0 20 0 16 0 0 1 8 0 10 17 1 0 3 0 0 0 0 2 40 24 0 0 0 52 75 0 0 0 1 0 33 0 0 0 1 0 0 0 0 2 0 0 0 0 0 0 0 0 26 0 1 0 0 0 0 0 0 0 0 0 0 0 0 1 0 0 1 10 0 0 6 4 12 0 0 10 55 0 0 0 11 26 20 0 0 10 10 36 21 0 0 25 25 0 0 0 0 0 2 0 0 0 18 0 30 12 7 1 0 24 18 0 0 0 0 1 0 0 0 0 0 1 0 0 0 0 0 0 0 0 0 0 0 0 0 0 0 0 0 0 0 0 0 0 0 4 0 2 4 75 0 1 2 15 0 0 0 6 0 0 0 0 0 0 0 0 0 0 0 0 0 0 11 0 0 1 0 0 0 0 0 
 0 2 135 151 0 51 0 27 151 40 72 99 0 1 22 27 224 21 0 2 261 61 134 111 151 35 66 46 87 164 117 41 324 103 124 106 37 41 0 198 0 0 3 0 0 11 0 0 0 0 5 0 4 0 2 0 3 0 0 0 0 3 0 0 5 0 3 0 0 41 0 0 2 0 0 0 0 1 0 0 0 0 15 44 11 0 0 0 10 0 12 0 0 0 0 45 11 12 0 0 0 15 54 10 0 53 24 0 6 0 11 14 0 34 0 1 10 0 16 20 0 0 0 0 0 0 0 0 10 0 0 0 0 0 0 0 0 0 7 0 0 0 0 0 0 0 0 0 0 0 0 0 0 0 0 0 0 0 0 0 13 0 0 3 0 12 11 0 11 9 0 0 4 6 1 0 0 0 0 0 21 1 25 38 1 0 90 34 0 15 17 0 0 38 1 18 0 19 1 18 0 0 0 0 0 0 0 0 0 0 0 0 9 0 0 0 0 0 0 0 0 0 1 0 0 0 0 0 0 0 0 0 0 0 0 0 0 0 0 0 0 0 0 0 0 0 0 0 0 0 0 0 0 0 3 1 0 0 3 0 27 0 0 0 0 0 0 0 0 0 0 0 0 0 0 13 0 27 0 0 0 35 0 0 0 0 0 0 0 0 
 0 0 34 71 3 117 0 0 22 77 1 1 0 2 0 0 0 2 0 0 138 397 279 54 60 62 233 207 119 78 45 57 169 405 269 56 114 251 198 0 0 0 7 0 0 4 53 3 65 0 31 0 6 0 2 0 3 0 0 0 0 3 4 2 0 0 3 6 0 41 0 0 3 0 0 0 0 1 0 2 0 0 10 0 2 10 0 0 0 18 19 0 0 0 0 1 0 19 0 0 22 11 31 0 0 1 22 24 19 2 9 11 36 20 10 6 33 1 21 36 0 0 0 0 0 0 0 0 0 0 0 0 0 0 0 0 0 0 0 0 6 2 0 0 0 0 1 2 0 0 0 0 0 3 3 0 0 0 0 1 0 0 4 27 21 10 0 0 12 0 0 0 0 0 4 0 0 13 0 0 34 14 34 0 0 0 18 41 62 11 0 0 30 35 13 0 18 26 11 19 0 0 0 0 0 0 0 0 0 0 0 5 0 0 0 0 0 0 0 0 0 0 0 0 0 0 0 0 0 0 0 0 0 0 0 0 0 0 0 0 0 0 0 0 0 0 0 0 0 0 0 0 0 0 0 0 0 0 0 1 2 1 0 0 0 0 0 0 0 0 0 0 0 0 0 0 0 0 0 0 0 0 0 0 0 0 0 0 0 0 
 0 0 0 0 0 0 0 0 0 0 0 0 9 2 0 0 0 0 0 2 0 0 1 0 0 63 0 0 0 0 0 7 0 0 1 0 0 0 0 0 0 143 138 46 116 35 51 218 30 84 204 19 175 177 111 119 37 128 36 127 3 6 0 19 7 1 0 5 0 6 0 1 1 1 4 0 10 5 0 1 0 0 0 0 0 0 0 0 0 0 0 0 0 0 0 0 19 0 0 0 0 0 0 0 3 0 0 0 0 0 0 0 0 0 0 0 0 0 0 0 8 18 82 43 60 1 0 0 0 18 27 37 17 15 38 14 0 1 0 0 0 9 0 0 0 7 0 0 0 0 12 4 17 0 0 5 4 4 3 0 0 0 0 0 0 0 0 0 0 0 0 0 0 0 0 0 0 0 3 0 0 0 0 1 0 0 0 0 0 0 0 0 0 0 0 0 0 0 0 0 6 7 23 32 0 0 15 0 10 1 0 34 0 13 21 2 21 21 0 0 0 8 3 0 0 4 10 0 0 0 0 0 0 0 0 0 0 4 0 0 0 0 1 0 0 0 2 0 0 0 0 7 0 0 0 1 0 0 0 12 1 0 0 0 67 0 1 0 0 0 2 0 0 0 0 0 0 0 0 0 0 0 0 0 2 0 0 0 1 0 
 0 0 0 2 0 0 0 4 0 0 2 0 0 12 0 0 0 0 0 0 0 0 3 1 1 92 0 0 0 2 1 0 0 0 3 0 1 0 0 0 143 0 232 65 23 262 93 225 104 44 43 34 156 131 62 52 54 28 44 146 0 0 4 0 0 2 0 0 0 0 0 0 0 204 0 0 0 6 0 0 0 0 0 7 0 0 0 0 0 0 0 0 0 0 0 0 0 0 0 0 0 0 0 5 0 1 0 0 0 0 0 0 0 0 0 0 0 0 0 0 42 0 22 10 0 0 0 14 53 19 32 0 0 31 0 22 21 31 0 13 0 0 0 0 0 0 0 0 0 0 0 0 0 0 0 0 0 0 21 0 0 0 0 8 0 0 0 0 0 0 0 0 0 0 0 0 4 0 0 0 0 0 0 0 1 9 0 0 0 0 12 37 0 0 0 0 0 0 0 0 24 11 39 10 0 12 0 31 14 36 1 7 14 10 19 4 27 19 0 13 0 0 0 0 0 0 16 0 12 0 0 0 4 0 0 0 0 0 1 1 0 0 0 0 0 0 0 0 0 0 0 5 0 0 0 0 0 0 0 0 0 0 0 0 0 1 0 0 0 0 0 0 0 0 0 0 0 0 0 0 0 0 0 0 0 13 0 7 1 0 
 0 0 0 0 0 0 2 0 0 0 2 0 4 0 0 0 0 1 4 2 3 3 213 69 3 3 3 3 5 3 3 3 3 3 3 4 3 3 3 7 138 232 0 167 373 128 111 103 106 116 249 37 93 60 128 71 146 162 49 100 0 15 1 3 0 0 0 0 2 0 0 0 3 1 2 0 0 0 0 1 7 0 0 0 0 0 0 0 0 3 0 0 12 0 0 0 0 0 6 6 0 0 0 0 0 0 0 0 0 0 0 0 0 0 0 0 0 0 0 0 0 1 0 20 0 20 0 20 6 6 0 12 0 1 0 0 57 21 14 0 0 0 0 0 0 0 10 2 0 0 3 0 21 49 0 0 0 0 10 3 4 0 0 0 0 0 0 4 0 0 0 0 8 0 5 0 7 0 0 0 0 0 0 0 0 0 0 0 0 0 0 0 0 0 0 0 0 0 0 0 0 1 45 14 37 18 0 9 0 13 68 10 0 0 14 17 0 20 0 0 0 0 0 13 0 0 13 8 0 10 0 0 7 0 10 0 0 0 15 10 0 0 18 0 0 0 0 0 0 0 0 14 0 0 0 0 0 0 0 1 0 0 3 0 1 2 0 65 0 0 13 0 0 19 0 0 0 0 0 0 0 0 0 0 22 17 0 0 2 0 
 0 0 0 0 0 0 0 0 0 0 0 0 1 0 0 0 0 0 0 0 0 0 0 0 0 0 0 0 6 0 0 0 0 0 0 0 0 0 0 0 46 65 167 0 150 322 78 60 301 152 65 377 95 67 70 324 107 382 86 113 54 9 3 7 0 0 5 0 33 0 0 0 0 53 0 2 0 1 50 0 0 0 0 0 0 0 0 0 0 0 0 0 0 0 0 0 0 0 0 0 0 0 0 0 0 0 0 0 0 0 0 0 0 0 0 0 0 0 0 0 0 0 0 0 12 8 0 0 0 0 13 0 0 0 7 17 18 0 9 0 0 0 0 0 0 0 8 14 10 0 2 0 22 10 16 10 0 0 10 29 0 0 0 0 0 0 0 0 0 0 0 0 0 0 0 0 0 0 0 0 0 0 0 0 0 0 0 0 0 0 0 0 0 0 0 0 0 0 0 0 0 15 10 10 39 0 7 0 55 12 19 11 0 0 0 0 9 0 0 0 25 6 0 0 0 0 0 32 0 0 0 0 27 13 22 20 4 0 14 21 0 0 24 0 0 0 0 0 0 0 0 7 0 0 0 0 0 0 0 11 0 0 0 68 1 67 7 35 29 0 12 0 0 0 0 0 0 0 0 0 0 0 0 0 6 14 0 22 2 0 
 3 3 3 3 3 3 3 3 3 3 3 3 3 3 3 3 3 3 3 5 0 0 0 0 0 0 0 0 3 0 0 2 0 0 0 0 0 0 0 0 116 23 373 150 0 129 55 374 129 121 160 92 97 53 73 82 109 201 45 141 0 7 0 0 0 0 0 0 0 0 0 9 0 0 0 0 0 0 33 0 0 0 0 0 0 0 0 0 0 0 0 0 0 0 0 0 0 0 0 0 0 0 0 0 0 0 0 0 0 0 0 0 0 0 0 0 0 0 0 0 0 0 0 11 3 30 0 0 22 46 0 17 0 0 0 10 27 16 0 0 12 0 0 0 0 0 12 18 42 0 2 0 7 56 0 0 0 0 6 2 0 0 0 0 0 0 0 0 0 0 0 0 0 0 0 0 15 0 0 0 0 0 0 0 0 0 0 0 0 0 0 0 0 0 0 0 0 0 0 0 0 0 15 10 4 18 10 0 0 0 16 0 0 0 0 6 11 36 0 0 9 0 0 0 0 0 13 1 0 9 0 0 14 0 10 1 0 1 0 10 0 0 0 0 0 0 1 0 0 0 0 11 0 0 0 0 0 0 0 20 0 0 4 1 64 2 0 0 6 0 6 0 0 0 0 0 0 0 0 0 0 2 0 7 24 0 0 0 2 0 
 3 0 0 3 0 0 0 0 0 0 3 0 0 0 0 0 64 0 3 0 0 0 12 65 0 0 0 3 0 0 4 13 2 0 0 0 1 6 11 4 35 262 128 322 129 0 48 42 52 133 132 67 50 67 45 93 67 48 61 274 97 13 42 7 0 0 54 55 0 2 0 0 2 57 0 54 0 0 0 54 0 0 0 0 0 0 0 0 9 0 0 0 0 0 0 0 0 0 0 0 1 1 1 1 0 1 0 0 0 0 1 11 0 4 0 1 3 0 0 8 0 0 0 0 0 18 0 0 0 0 0 8 0 0 0 0 16 0 0 0 34 7 18 0 24 0 5 35 0 0 10 0 0 34 1 23 18 13 10 0 0 0 0 0 0 0 0 0 0 0 0 0 0 0 0 0 0 0 0 0 0 0 17 14 0 0 14 0 1 1 10 4 0 0 2 8 0 16 0 13 0 0 0 16 34 20 0 0 0 0 14 0 0 0 0 0 0 0 0 0 19 3 17 29 0 0 10 23 21 11 20 15 10 43 21 23 21 20 3 42 0 0 29 0 0 0 0 0 0 0 0 4 0 0 0 0 0 0 10 0 0 0 3 7 0 20 0 1 1 0 35 0 0 0 0 0 0 0 0 0 0 14 0 0 0 10 0 0 2 0 
 0 0 0 0 0 0 0 0 0 0 3 0 0 0 0 5 0 0 4 2 0 69 56 2 0 129 64 45 38 3 1 1 45 19 0 0 45 7 0 53 51 93 111 78 55 48 0 100 94 41 75 30 739 163 141 100 81 35 87 143 0 0 0 0 0 0 0 5 1 0 0 0 0 0 2 0 0 0 5 5 0 0 0 0 0 12 0 0 0 0 0 0 0 0 0 7 0 0 0 0 0 0 9 0 19 0 11 11 11 0 0 0 0 1 4 0 0 0 0 0 20 0 10 22 4 3 0 36 11 0 20 0 0 0 0 13 0 7 22 0 5 0 0 0 0 0 0 0 42 0 0 0 1 0 0 0 0 8 1 0 0 0 0 0 11 0 0 0 0 0 0 0 0 0 0 0 0 0 3 0 0 0 9 0 0 42 0 7 14 0 0 0 10 11 0 0 0 11 0 0 0 12 39 6 60 0 10 10 21 22 1 0 20 0 10 1 9 0 4 18 0 0 0 3 0 0 5 1 0 3 0 0 3 4 18 0 0 0 10 3 0 0 0 0 0 0 0 0 0 0 0 7 0 2 0 0 0 1 1 1 0 0 0 0 0 0 2 0 2 0 0 0 0 0 0 0 0 0 0 0 0 0 0 0 0 0 0 0 1 0 
 4 2 2 2 2 2 2 2 2 2 2 2 2 2 2 2 2 2 65 4 0 30 0 0 68 128 0 0 0 208 0 2 0 0 0 0 0 0 0 3 218 225 103 60 374 42 100 0 104 110 269 34 211 63 68 32 36 104 62 101 1 0 5 7 0 6 0 0 1 1 2 2 0 1 1 0 1 8 0 0 0 0 0 0 0 0 0 0 0 26 0 0 0 0 0 0 0 0 0 0 0 0 0 0 0 0 0 0 0 0 0 0 0 0 0 0 0 0 0 0 33 38 36 12 20 20 0 0 29 12 16 31 19 9 11 13 28 53 9 27 0 0 0 0 0 0 0 0 5 0 0 0 10 0 0 0 0 4 1 0 0 0 0 0 0 0 0 0 0 0 0 0 0 0 0 0 0 0 0 0 0 0 0 0 8 2 0 0 0 0 0 1 0 0 0 0 0 0 0 0 0 36 51 9 16 0 10 11 29 20 10 19 0 8 0 0 8 24 0 10 0 0 0 0 0 0 0 0 0 0 0 0 0 0 0 0 0 0 0 0 0 0 0 0 0 0 0 0 0 0 0 6 0 0 0 0 0 0 0 20 0 0 0 0 66 2 2 0 2 0 0 0 0 0 0 0 0 0 0 0 0 0 0 0 1 0 0 0 2 0 
 0 0 0 0 0 0 0 0 2 0 0 0 0 0 5 0 0 0 0 2 0 0 0 0 62 65 0 0 0 1 3 0 0 0 0 0 0 0 0 65 30 104 106 301 129 52 94 104 0 193 39 321 207 113 107 99 44 147 85 76 0 0 4 6 0 0 3 0 3 0 0 0 47 5 6 0 2 3 50 0 0 0 0 0 0 0 0 0 0 0 0 0 0 0 0 0 0 0 0 0 0 0 0 0 0 0 0 0 0 0 0 0 0 0 0 0 0 0 0 0 27 0 10 0 0 17 0 0 11 23 36 0 0 0 0 15 12 7 10 0 0 0 0 1 0 0 0 16 37 16 0 0 2 18 22 0 0 8 7 41 0 0 0 0 0 0 0 0 0 0 0 0 0 0 0 0 0 10 0 0 0 0 0 0 0 0 0 0 0 0 0 0 0 0 0 0 0 0 0 0 0 0 20 39 16 0 10 0 18 40 18 0 0 21 0 0 8 0 0 9 81 4 0 0 1 0 0 33 0 1 1 7 29 20 1 0 6 0 0 14 0 0 1 0 0 0 0 0 0 0 0 6 0 0 0 0 0 0 0 1 0 0 0 1 1 18 6 64 0 0 7 0 0 0 0 0 0 0 0 0 0 0 0 0 8 7 0 0 2 0 
 0 0 0 0 0 0 0 0 0 0 2 3 0 0 2 2 0 0 0 0 0 0 2 0 2 0 0 0 0 0 1 2 0 0 0 0 0 0 0 0 84 44 116 152 121 133 41 110 193 0 241 178 132 217 103 114 320 104 275 164 51 0 0 0 0 0 0 1 0 0 0 0 52 56 12 0 5 0 0 0 0 0 18 0 0 0 0 0 0 0 6 0 0 0 0 0 0 0 0 0 0 0 0 0 0 0 0 0 0 0 0 0 0 0 0 0 0 0 0 0 59 14 32 13 44 14 0 7 0 50 0 26 12 19 15 17 0 3 0 0 0 0 2 0 0 1 7 6 0 3 7 0 14 0 9 0 3 0 0 7 0 0 0 0 0 0 11 0 0 0 0 0 0 0 0 0 0 0 0 0 0 0 0 0 0 0 0 0 0 0 0 0 0 0 0 0 0 0 0 15 0 13 0 0 0 0 10 0 14 10 0 0 0 16 1 0 11 33 0 0 0 7 12 0 1 1 12 0 1 0 1 0 15 0 0 9 0 5 14 21 0 0 0 0 0 0 0 0 0 0 0 2 0 0 0 0 0 0 0 23 0 0 65 0 68 3 1 2 0 0 0 0 0 0 0 3 0 0 0 0 0 0 0 0 0 16 0 0 1 0 
 0 0 0 0 0 0 0 0 0 0 0 0 0 0 0 0 0 0 6 0 2 5 3 0 0 0 3 0 4 0 0 0 7 0 0 0 0 0 5 31 204 43 249 65 160 132 75 269 39 241 0 156 82 38 191 339 125 39 36 199 50 0 0 0 0 0 12 0 0 0 0 0 0 46 2 0 0 0 0 0 0 0 0 0 0 0 0 0 0 0 0 0 0 0 0 0 0 0 0 0 11 0 8 0 0 0 2 5 0 0 5 13 0 0 0 9 1 0 2 3 14 18 24 42 13 38 0 32 1 0 19 49 8 19 15 3 22 17 12 0 0 0 0 0 0 0 0 3 0 0 0 0 1 0 0 0 0 0 0 0 0 0 0 9 2 0 0 0 0 0 0 0 0 0 0 0 0 0 0 0 6 6 10 26 0 0 1 0 51 4 0 1 0 6 0 12 10 8 4 0 15 0 26 20 18 26 3 10 9 16 9 0 0 12 20 0 0 10 0 0 0 0 10 0 0 0 0 1 0 0 0 0 1 27 0 0 0 0 17 15 0 0 0 0 0 0 0 0 70 0 0 6 0 0 0 0 0 0 0 22 0 27 1 23 2 4 0 1 2 0 0 0 0 0 0 0 0 0 0 0 0 4 0 0 0 0 0 0 0 0 
 2 0 0 1 0 0 0 0 0 0 57 0 0 0 0 0 0 0 0 6 0 0 2 62 0 0 0 0 0 0 1 2 3 0 0 0 0 0 0 0 19 34 37 377 92 67 30 34 321 178 156 0 127 127 338 90 94 87 29 242 50 0 1 0 0 0 55 0 11 0 0 0 25 19 2 3 0 0 1 0 0 0 0 0 0 0 0 0 0 0 0 0 0 0 0 0 0 0 0 0 0 0 0 0 0 0 0 0 0 0 0 0 0 0 0 0 0 0 0 0 9 0 0 0 28 11 0 19 0 15 11 15 0 3 14 0 0 0 0 0 0 7 0 0 0 0 9 3 31 0 0 0 8 0 0 11 15 0 13 3 0 0 0 0 0 0 0 0 0 1 0 0 0 0 0 0 0 0 0 0 0 0 0 0 0 0 0 0 0 0 0 0 0 0 0 0 0 0 0 0 0 0 0 20 6 18 0 0 1 18 0 0 0 21 19 0 21 7 0 0 16 4 10 1 0 0 10 8 0 4 0 10 15 67 16 4 3 0 0 23 0 0 0 0 0 0 0 0 0 0 0 7 0 0 0 0 0 2 0 15 0 0 1 0 0 13 4 0 0 0 5 0 0 0 0 0 0 0 0 0 0 0 0 0 0 0 0 0 1 0 
 2 0 2 0 0 0 0 0 0 0 3 0 0 13 0 0 0 0 4 1 3 4 8 68 66 33 5 3 69 3 68 273 6 3 5 3 24 9 4 6 175 156 93 95 97 50 739 211 207 132 82 127 0 381 336 37 41 259 185 368 0 0 0 2 0 0 6 0 7 0 0 0 0 0 0 0 0 1 6 1 0 0 0 0 0 0 0 0 0 0 0 0 0 0 7 0 0 0 0 0 0 0 0 0 19 0 0 0 0 0 0 0 0 0 0 16 0 0 0 0 37 25 33 28 43 0 0 7 6 1 14 7 24 16 27 1 0 2 0 19 0 0 0 0 0 0 0 0 33 0 0 0 9 0 0 0 0 17 1 1 0 0 0 0 0 0 0 0 0 0 0 0 0 0 0 0 0 0 2 0 0 0 0 0 20 24 0 0 0 0 0 0 0 0 0 0 0 0 0 0 28 0 14 20 1 0 2 20 11 26 0 0 24 9 46 12 17 1 20 12 0 0 0 3 0 9 0 1 0 3 0 0 17 3 4 0 0 0 0 0 0 0 0 0 0 0 0 0 0 0 0 8 0 1 0 0 1 0 0 2 0 0 0 0 2 2 1 0 0 0 0 0 0 0 0 0 0 0 0 6 0 0 0 0 0 0 0 0 1 0 
 0 0 0 0 0 0 1 0 0 0 0 0 2 0 39 0 0 0 0 0 0 0 0 62 0 8 0 0 63 21 65 0 0 0 0 42 62 24 0 0 177 131 60 67 53 67 163 63 113 217 38 127 381 0 238 43 250 30 169 183 0 0 0 0 0 0 0 0 0 0 0 0 0 0 2 0 0 1 0 0 0 0 8 0 0 0 0 0 0 1 0 0 2 1 0 0 0 0 4 8 0 0 0 0 19 8 0 0 0 0 0 0 0 0 0 0 0 0 0 0 26 26 28 25 13 0 0 33 0 1 22 13 30 34 35 28 0 1 0 30 0 0 0 0 0 0 0 0 0 0 0 0 0 0 0 0 0 0 0 0 6 0 0 0 0 0 0 17 0 20 0 0 2 0 5 0 0 0 2 0 0 0 0 0 0 34 0 0 0 0 0 20 0 0 0 0 0 0 0 0 44 0 24 15 0 0 1 3 25 10 0 1 34 33 6 7 6 9 0 0 0 0 0 0 0 0 0 0 0 0 0 0 0 0 0 0 0 0 0 0 0 0 0 0 0 0 0 0 0 25 0 2 0 2 0 0 0 0 0 2 0 0 0 0 0 0 0 0 0 0 0 0 0 0 0 0 0 0 0 13 0 15 0 0 0 0 0 9 1 0 
 8 5 1 2 0 0 0 0 6 0 2 5 33 64 26 3 0 2 40 35 2 2 2 4 2 66 2 2 5 2 19 5 2 5 2 2 2 2 2 2 111 62 128 70 73 45 141 68 107 103 191 338 336 238 0 221 109 42 283 202 0 0 0 0 0 0 0 0 0 0 0 0 0 0 1 0 0 0 0 0 6 0 12 18 0 0 16 11 7 1 0 0 0 2 41 0 0 0 8 0 0 0 0 0 6 0 0 3 0 0 0 0 0 0 0 0 0 0 0 0 1 0 22 15 24 0 0 18 0 0 13 14 0 9 13 1 0 0 10 9 0 0 0 0 0 0 0 0 0 4 0 0 13 0 0 0 0 0 0 0 11 0 17 0 0 1 20 14 8 9 0 3 0 15 0 0 0 0 8 0 0 0 0 0 0 4 0 0 0 0 0 0 0 0 0 0 0 0 0 0 9 1 15 14 10 0 0 2 0 12 8 0 4 0 21 0 11 2 1 11 0 0 0 0 0 0 0 0 0 0 0 0 0 0 0 0 0 0 7 0 0 0 0 0 0 0 2 0 0 0 0 7 0 1 0 0 0 0 0 4 0 0 2 0 1 2 0 0 0 0 0 0 0 0 0 0 0 0 0 0 0 0 0 0 0 0 0 0 2 0 
 0 0 1 2 0 0 0 0 0 0 2 0 0 0 0 0 0 0 6 0 0 2 0 4 0 55 0 0 0 0 0 6 0 0 0 0 0 2 0 0 119 52 71 324 82 93 100 32 99 114 339 90 37 43 221 0 85 34 43 213 50 2 0 3 0 0 0 0 0 0 0 0 0 0 2 0 0 0 0 0 0 0 0 0 0 0 0 0 0 0 0 0 1 0 0 0 0 0 0 0 0 0 0 0 10 0 0 0 0 0 0 0 0 0 0 0 0 0 0 0 1 0 0 11 35 0 0 26 1 15 0 0 0 12 21 7 9 1 15 0 0 0 0 3 0 0 0 0 0 0 4 0 1 0 16 0 0 0 9 7 0 0 0 0 0 0 0 0 0 0 0 0 1 0 0 0 0 0 1 0 0 0 0 0 0 11 0 0 0 0 0 0 0 0 0 0 0 0 0 0 0 26 0 17 10 0 1 12 0 8 13 14 12 20 27 14 0 1 10 12 0 0 0 1 0 0 3 0 0 0 0 0 20 0 0 0 0 0 12 0 0 0 0 0 0 0 0 0 0 0 0 4 0 0 0 0 0 0 1 2 0 0 0 0 1 0 0 1 0 0 7 0 0 0 0 0 0 0 0 0 0 0 0 0 0 0 0 0 2 0 
 0 0 0 0 0 0 0 0 1 0 0 3 0 0 0 0 1 0 1 0 3 37 3 7 3 5 3 3 13 8 3 3 3 3 22 5 3 26 3 3 37 54 146 107 109 67 81 36 44 320 125 94 41 250 109 85 0 381 248 91 58 2 0 3 0 0 0 0 0 0 2 56 18 2 4 3 0 0 0 3 0 0 0 0 0 0 0 0 0 0 0 0 0 0 0 0 0 0 0 0 0 0 0 4 4 0 0 0 1 6 0 0 0 0 0 0 0 0 0 0 0 0 0 11 0 24 0 13 14 0 14 7 22 8 0 0 1 1 6 2 7 0 0 0 0 0 4 14 0 0 0 0 2 9 0 0 0 0 9 0 0 0 0 0 0 0 0 0 0 0 0 0 0 0 0 0 0 0 0 0 0 0 0 0 7 8 0 1 0 0 0 0 0 0 0 0 0 0 0 0 3 0 0 4 19 7 0 10 0 19 0 0 0 0 20 0 0 19 0 2 16 1 0 0 0 0 0 11 0 15 0 0 0 15 26 5 11 0 59 28 0 0 11 0 0 0 0 0 1 0 0 0 0 1 0 0 0 0 0 0 0 0 4 4 1 23 1 2 0 0 0 0 0 0 0 0 0 0 0 0 0 0 0 0 18 11 0 1 2 0 
 0 1 0 0 0 0 0 0 0 0 2 0 2 0 2 5 0 0 0 0 0 2 0 0 0 0 0 0 0 0 38 0 0 0 0 0 0 208 0 0 128 28 162 382 201 48 35 104 147 104 39 87 259 30 42 34 381 0 31 53 1 12 0 3 4 0 0 5 0 3 0 0 50 0 4 0 0 0 51 3 0 0 0 0 0 0 0 0 0 0 0 0 0 0 0 0 0 0 0 0 0 0 0 0 0 0 0 0 0 0 0 0 0 0 0 0 0 0 0 0 0 8 0 8 16 5 0 0 0 14 17 0 0 0 0 6 12 26 0 0 0 5 0 0 0 4 0 3 0 0 3 0 6 0 17 4 5 1 0 11 0 0 0 0 0 0 0 0 0 0 0 0 0 0 0 0 0 0 0 0 0 0 0 0 0 0 0 0 0 0 0 0 0 0 0 0 0 0 0 0 0 18 0 12 11 0 0 0 0 12 19 2 0 0 0 0 10 30 0 0 19 12 3 0 0 6 13 17 0 0 0 0 29 12 3 11 0 4 30 20 0 0 12 0 0 1 0 0 0 0 0 5 0 1 0 0 0 0 0 3 0 2 84 2 32 56 0 3 0 0 0 0 0 0 0 0 0 0 0 0 0 0 0 0 29 9 0 0 2 0 
 0 0 0 0 0 62 0 0 0 0 3 0 26 4 0 0 0 0 0 0 0 0 5 137 27 64 0 0 67 56 63 70 0 0 2 0 7 19 0 0 36 44 49 86 45 61 87 62 85 275 36 29 185 169 283 43 248 31 0 116 0 0 0 0 2 0 0 0 0 0 0 0 0 0 0 0 0 0 5 6 0 0 0 0 0 0 0 0 0 0 0 0 0 0 10 0 0 0 0 0 0 0 0 0 0 0 0 0 0 11 0 0 0 0 0 6 0 12 0 0 26 0 10 0 0 0 8 20 14 11 8 0 7 0 12 0 4 6 12 0 0 22 0 0 0 0 0 12 0 0 0 0 0 0 0 13 0 15 0 0 0 0 0 0 0 0 0 0 0 0 0 0 0 0 0 0 0 0 0 8 7 10 0 0 0 0 0 0 0 2 18 10 0 0 9 0 0 0 0 0 25 11 19 0 0 0 0 19 0 0 10 0 0 0 35 23 14 4 12 9 0 0 0 0 0 0 0 0 0 0 0 0 0 0 0 0 0 0 6 0 0 0 0 0 0 0 0 0 0 0 0 11 0 2 0 0 0 0 63 1 0 0 0 0 0 2 0 0 2 0 0 0 0 0 0 0 0 0 0 19 0 0 0 0 0 0 9 7 0 0 
 0 71 0 5 0 0 0 0 0 0 5 0 0 0 0 0 0 0 0 2 20 2 0 0 1 63 0 0 0 0 0 2 0 2 0 0 0 0 0 0 127 146 100 113 141 274 143 101 76 164 199 242 368 183 202 213 91 53 116 0 0 0 0 0 0 1 0 0 0 0 0 0 0 0 1 0 0 5 0 94 0 0 0 0 4 6 0 0 0 0 0 0 9 0 0 0 0 0 0 0 0 0 0 0 0 0 2 0 0 0 0 0 4 0 14 0 0 0 2 0 15 13 92 23 51 20 0 0 9 0 30 36 15 22 57 19 26 33 22 0 0 0 0 0 0 0 10 0 0 0 0 0 11 0 0 0 0 1 4 0 0 0 0 0 1 0 0 0 0 0 3 0 0 0 0 0 8 0 0 0 0 0 0 0 0 0 0 0 0 0 0 0 2 0 0 0 2 0 0 0 4 2 45 13 54 0 15 1 24 19 22 39 0 15 27 0 0 27 0 0 0 0 0 0 0 0 0 0 0 0 2 0 0 0 0 0 0 0 13 0 0 3 0 0 0 0 0 0 0 0 0 2 0 1 0 0 0 0 0 23 0 0 0 0 1 1 3 0 1 0 0 0 0 0 0 0 0 0 0 0 0 0 0 0 0 0 0 0 1 0 
 5 2 3 3 3 3 2 3 3 3 5 5 3 3 3 3 3 3 52 3 0 1 52 1 0 0 1 0 0 0 0 0 0 1 1 0 0 0 0 0 3 0 0 54 0 97 0 1 0 51 50 50 0 0 0 50 58 1 0 0 0 92 95 267 103 265 185 48 294 48 62 69 116 169 84 91 76 39 58 49 0 0 0 0 0 0 0 0 0 0 0 0 0 0 0 0 0 0 0 0 0 0 0 0 0 0 0 0 0 0 0 0 0 0 0 0 0 0 0 0 0 0 0 0 0 4 0 0 0 0 0 8 0 0 0 0 0 0 0 0 0 5 12 8 33 0 31 4 0 17 15 19 0 1 4 18 0 0 0 0 0 0 0 0 0 0 0 0 0 0 0 0 0 0 0 0 0 0 0 0 0 0 18 0 0 0 0 0 2 0 26 0 10 0 0 0 0 0 2 0 0 0 0 0 9 0 0 0 0 0 0 0 0 0 0 1 0 1 0 0 9 32 11 7 7 4 0 0 32 2 7 0 7 17 13 72 28 16 20 9 0 0 0 0 0 0 0 0 0 0 0 0 0 0 5 0 0 0 0 0 0 0 82 51 0 11 0 0 0 0 11 0 0 0 0 63 0 0 0 0 0 0 0 0 1 0 0 0 0 0 
