 0 194 80 49 28 37 351 121 28 436 31 252 154 226 185 242 149 144 125 365 0 0 2 0 4 0 0 2 1 0 1 0 0 3 2 0 0 0 0 0 0 0 0 3 2 0 0 5 0 0 0 2 4 0 0 0 0 0 0 0 0 0 0 0 59 0 0 3 0 2 0 0 0 0 0 0 3 0 3 0 50 25 11 22 0 0 31 0 0 56 13 0 11 5 14 20 25 19 6 12 0 0 0 0 0 0 0 0 0 11 0 0 0 0 0 0 2 0 0 0 0 0 0 0 0 0 0 0 0 0 0 0 0 0 0 0 0 0 0 0 0 0 0 0 0 0 0 0 0 0 0 0 0 0 0 6 0 0 2 0 22 0 2 19 6 0 11 10 10 12 13 26 1 42 27 11 0 10 0 2 0 0 0 0 34 0 0 2 0 0 0 0 0 12 0 0 0 0 10 0 0 0 0 0 0 0 0 0 0 0 0 0 0 0 0 0 0 0 0 0 0 10 0 0 0 11 0 0 0 0 0 0 0 0 0 0 0 0 0 0 0 0 0 0 0 0 0 2 47 1 2 5 0 0 0 0 0 0 0 0 0 0 33 0 0 0 0 0 0 0 0 0 0 0 0 0 14 0 0 0 0 0 0 0 0 0 0 0 0 0 
 194 0 187 187 109 230 292 59 105 165 78 162 51 164 473 124 75 41 20 53 0 0 0 2 5 1 1 3 0 0 0 0 9 3 2 0 0 0 73 0 0 0 0 3 3 0 0 2 0 0 0 3 0 0 0 0 0 0 0 0 0 0 0 0 51 3 0 2 2 2 0 0 2 28 2 0 3 0 3 0 0 22 2 11 18 35 25 9 7 18 0 7 0 0 25 15 15 41 0 13 13 13 0 0 2 0 0 0 0 0 0 0 8 0 20 0 0 0 1 0 0 0 0 0 0 0 0 0 0 0 0 0 0 0 0 0 0 0 0 0 0 0 0 0 0 0 0 2 0 0 0 0 2 0 0 4 0 0 0 0 0 0 0 2 9 21 0 15 28 2 16 1 0 55 41 10 8 34 0 0 0 0 1 0 0 0 12 0 0 0 0 0 16 11 0 39 0 0 19 1 0 2 0 0 0 0 0 0 0 0 0 2 0 3 0 0 0 0 0 0 0 0 0 0 0 0 0 0 0 0 0 0 2 0 0 0 0 2 0 0 0 0 0 0 0 2 93 0 2 2 0 9 0 0 0 0 0 0 0 0 0 0 10 0 0 0 0 0 0 0 0 0 0 0 0 1 1 0 0 0 0 0 0 0 0 0 0 0 0 0 
 80 187 0 147 159 41 162 89 79 150 154 47 86 183 159 135 167 346 28 279 2 0 76 75 110 2 2 5 0 2 1 1 5 5 4 0 1 1 77 0 2 9 2 6 3 4 0 2 0 2 0 13 0 7 0 0 2 0 2 46 0 0 0 2 1 4 0 3 3 4 0 0 0 0 0 0 3 0 3 0 19 1 0 1 0 18 17 0 0 24 8 11 0 33 7 27 11 23 9 16 0 0 0 0 2 0 0 0 0 0 0 0 0 0 2 0 0 0 0 0 0 0 0 0 0 0 0 0 0 0 0 0 0 0 0 0 0 0 0 0 0 0 0 0 0 0 0 2 0 0 0 0 0 0 0 3 0 0 0 0 19 0 0 12 0 0 0 37 14 0 16 0 19 0 0 22 0 0 0 17 0 19 1 0 0 0 3 0 0 0 0 0 0 0 0 2 0 9 0 19 0 2 0 0 0 0 0 0 9 0 0 2 0 0 0 0 0 0 0 0 0 0 0 0 0 0 0 0 0 0 0 0 2 8 0 0 0 2 0 0 0 0 0 0 0 2 0 0 0 1 0 11 0 0 0 0 0 0 3 16 0 0 58 2 0 0 0 2 0 0 0 0 0 0 0 9 0 0 0 0 0 0 0 0 0 0 0 0 0 0 
 49 187 147 0 94 273 191 167 191 126 56 161 161 409 352 482 209 119 101 558 75 96 0 2 3 0 0 5 0 0 0 0 0 3 2 0 2 0 103 2 0 0 0 3 3 61 5 2 0 0 0 4 0 0 0 0 0 0 1 0 0 0 0 0 0 0 0 2 0 3 0 0 0 0 0 0 2 0 3 0 18 33 30 2 31 1 15 12 8 19 24 31 0 0 36 11 0 11 0 23 19 13 0 11 2 0 16 0 0 23 0 0 10 7 2 1 0 0 35 23 0 0 0 0 0 0 0 0 0 0 0 10 0 0 0 0 0 0 0 0 0 0 0 0 0 0 21 2 0 0 0 0 1 0 0 6 0 0 0 0 0 0 31 28 33 0 0 0 37 0 1 15 3 22 0 10 9 6 0 0 0 0 1 0 0 0 0 0 0 0 10 0 19 27 0 2 0 0 0 14 14 2 0 0 0 0 0 0 0 0 0 2 0 1 0 0 0 0 0 0 0 0 0 0 0 0 0 0 0 0 0 0 2 13 0 0 0 2 0 0 0 1 0 0 0 0 0 0 0 2 5 9 0 2 0 0 0 0 0 0 0 0 0 0 0 0 0 0 0 0 0 0 0 0 0 7 0 0 0 0 0 0 0 0 0 0 0 0 0 0 
 28 109 159 94 0 357 85 54 133 79 177 560 268 291 81 148 53 352 86 156 74 87 0 0 3 67 1 66 0 1 0 1 30 157 23 96 3 0 211 0 0 0 9 3 3 12 5 2 1 0 22 4 2 0 0 0 1 0 12 0 0 0 0 0 0 5 0 2 36 3 0 0 26 5 9 0 2 0 3 0 0 0 11 24 0 41 0 11 25 0 24 21 0 9 0 19 24 30 0 0 32 39 14 0 1 1 0 0 11 0 0 0 50 10 32 41 20 2 13 36 2 0 0 0 0 1 0 0 0 0 0 10 0 0 0 0 0 2 0 0 0 0 0 0 0 0 0 0 0 0 0 0 0 0 0 0 20 0 0 0 0 0 0 0 25 13 34 12 10 0 15 0 3 0 19 0 0 0 0 0 0 0 24 0 0 0 11 0 46 7 0 0 37 27 10 17 0 28 2 45 19 0 0 0 0 0 0 0 0 0 0 0 0 0 0 0 0 0 0 0 0 0 0 0 0 0 0 0 0 0 0 0 0 0 0 0 0 0 0 0 0 11 0 0 0 5 0 2 4 94 6 14 0 0 1 0 0 0 0 0 0 0 0 0 0 0 0 0 0 0 0 0 0 1 0 6 20 0 0 0 0 0 0 0 0 15 0 0 0 0 
 37 230 41 273 357 0 131 41 372 67 231 59 31 166 113 174 164 135 57 266 2 75 0 0 3 4 0 118 49 0 2 0 1 125 3 18 167 0 277 74 2 2 3 3 3 7 0 2 3 0 3 3 2 0 2 3 0 0 1 0 0 0 0 3 11 20 0 2 4 3 0 0 0 9 10 3 7 0 3 1 0 0 11 0 0 35 37 3 6 12 0 43 0 36 0 17 27 23 0 0 5 14 15 0 7 0 7 11 19 8 65 2 16 0 10 28 14 41 18 24 0 0 0 0 0 0 1 0 0 0 0 0 0 0 0 0 0 0 2 0 0 0 0 0 0 0 0 0 0 0 0 20 0 0 0 1 0 0 0 21 0 1 0 1 0 0 1 0 3 0 11 15 0 0 0 16 1 0 0 1 20 0 10 14 0 0 17 8 29 53 0 0 28 23 10 36 22 15 43 20 0 0 0 0 4 0 2 0 0 0 0 0 0 0 0 0 0 0 1 0 0 0 0 5 0 0 0 1 0 0 2 0 0 0 0 0 0 0 0 0 0 0 0 0 0 1 0 0 4 9 1 13 0 0 0 0 0 102 2 0 0 0 0 0 0 0 2 0 0 0 0 0 0 0 0 11 0 0 0 0 0 0 0 0 0 0 0 0 0 0 
 351 292 162 191 85 131 0 269 41 137 37 59 221 81 223 144 125 31 48 73 1 0 0 0 3 1 2 3 0 0 0 0 0 34 2 0 0 1 0 0 0 0 0 8 3 2 0 2 0 0 0 4 0 0 0 0 0 0 0 0 0 0 50 8 0 0 0 2 3 3 0 0 0 0 0 0 17 0 3 0 7 14 0 13 0 22 26 12 0 17 10 0 0 27 14 36 30 16 0 53 0 2 2 0 0 0 0 0 0 0 0 0 0 0 0 0 2 0 0 0 0 0 2 0 0 0 0 0 0 0 0 0 0 0 0 12 0 0 0 0 0 0 0 0 0 0 0 0 0 0 0 0 0 0 0 5 0 0 0 0 0 0 0 0 7 16 10 22 13 14 0 15 6 15 23 9 2 11 15 13 0 0 0 0 0 0 10 0 0 0 0 0 0 0 0 0 0 0 0 2 0 0 0 0 0 0 1 0 0 0 0 0 0 0 0 0 0 0 0 0 0 0 11 0 0 0 0 0 0 0 0 0 0 0 0 0 0 0 4 0 0 0 0 0 0 0 1 0 0 0 0 3 0 0 0 0 0 0 0 0 86 0 23 0 0 0 0 0 0 0 0 0 0 0 0 0 0 0 0 0 0 0 0 0 0 0 0 0 0 0 
 121 59 89 167 54 41 269 0 263 154 32 245 296 126 311 84 122 47 48 115 0 0 0 1 3 1 0 3 0 0 0 0 0 3 2 0 0 0 0 1 0 0 3 3 3 0 0 2 0 0 0 2 2 2 0 0 0 0 1 0 0 0 0 0 0 0 0 2 0 3 0 0 0 0 0 0 2 0 3 0 19 38 26 0 7 29 0 24 18 8 43 2 17 18 15 1 0 0 1 13 0 0 0 0 0 0 0 0 0 2 0 0 0 0 0 0 0 0 25 0 0 0 0 0 0 0 0 2 0 0 0 0 0 0 0 0 0 0 0 0 0 19 0 2 10 2 0 0 0 0 0 0 0 0 0 13 0 0 0 2 11 13 8 25 18 25 0 0 29 0 1 12 6 29 11 0 34 20 0 0 0 0 0 0 2 0 0 0 0 0 0 0 0 0 0 0 1 0 1 0 0 0 0 0 0 0 0 0 0 0 0 0 0 0 2 0 0 0 0 0 0 0 0 0 0 0 0 0 0 0 0 0 0 0 0 0 0 0 0 0 0 0 0 0 0 0 88 0 7 0 0 15 0 0 0 0 0 0 0 0 0 0 12 0 0 0 0 0 0 0 0 0 0 0 0 6 21 0 0 0 0 0 0 0 0 0 0 0 0 0 
 28 105 79 191 133 372 41 263 0 106 226 203 79 122 197 92 108 464 103 303 0 2 3 26 6 1 0 2 2 0 3 0 27 3 2 0 0 0 176 155 0 0 0 3 3 0 3 3 0 0 0 2 2 0 0 0 0 6 0 0 0 2 0 43 0 31 0 2 7 2 0 0 6 5 62 0 44 0 3 0 0 2 38 14 22 43 0 13 27 13 30 32 0 0 8 9 25 26 0 0 40 27 0 1 0 0 30 0 1 0 0 0 28 0 36 14 0 0 15 9 0 0 0 0 0 0 0 0 0 0 0 0 0 0 0 0 0 0 0 2 0 0 0 0 0 0 0 0 0 0 0 0 0 2 0 0 0 0 0 0 0 13 13 0 0 27 0 0 10 7 45 28 7 0 0 10 38 5 0 0 3 0 0 0 0 1 0 20 0 0 0 0 54 26 0 0 1 0 3 18 0 0 0 0 0 0 0 0 0 0 0 0 0 0 0 0 0 0 0 2 0 0 0 0 0 0 0 0 0 0 0 0 0 0 0 9 0 0 0 0 0 0 0 0 0 0 2 0 2 125 18 4 0 0 0 0 0 0 0 0 0 0 0 0 0 0 0 0 0 0 0 0 0 0 0 5 15 0 0 0 0 0 0 0 0 0 0 0 0 0 
 436 165 150 126 79 67 137 154 106 0 98 204 52 438 302 98 188 181 83 356 0 0 0 0 3 0 0 4 2 0 0 0 0 3 2 0 55 0 74 0 0 0 0 3 3 0 0 2 0 0 0 2 0 0 0 0 0 0 1 0 0 0 0 0 0 0 0 5 2 3 0 0 2 1 1 4 3 0 3 0 29 45 24 24 26 2 16 3 9 28 24 7 0 15 38 0 7 36 0 10 16 15 0 0 0 0 0 0 0 0 0 0 0 13 18 0 0 0 13 0 22 0 0 0 0 0 0 0 0 0 0 0 0 0 0 0 0 0 0 0 0 12 0 0 0 0 0 1 0 2 1 0 0 0 0 8 0 0 0 0 25 0 0 17 6 0 16 11 22 31 10 16 20 31 1 29 15 3 0 0 0 0 2 0 0 0 0 15 8 0 0 0 0 1 21 1 0 0 4 7 0 1 0 0 0 0 0 0 0 0 0 0 2 0 0 0 0 0 0 0 0 0 0 0 0 0 0 0 0 0 0 0 0 0 2 0 0 1 1 0 0 0 0 0 0 2 0 0 3 45 0 6 24 0 1 0 0 0 0 0 0 0 0 0 0 0 0 0 0 0 0 0 0 0 0 0 24 0 0 0 0 0 0 0 0 0 0 0 0 0 
 31 78 154 56 177 231 37 32 226 98 0 439 43 265 84 186 113 353 52 108 74 74 0 0 3 0 0 3 2 0 2 0 0 3 2 0 0 0 156 27 0 0 0 3 3 0 0 2 0 0 0 4 2 0 0 0 0 0 1 0 0 0 51 0 0 3 0 2 2 3 0 0 2 14 2 0 2 0 3 0 0 1 32 10 0 33 1 13 7 15 18 47 0 9 1 18 24 28 0 0 28 30 0 0 0 0 21 0 0 11 0 0 31 1 35 1 0 11 1 11 0 0 0 0 0 0 0 0 0 0 0 11 0 0 0 0 0 0 0 0 0 0 0 0 0 0 0 0 17 0 0 0 0 0 0 0 0 0 0 0 0 0 20 1 15 28 0 0 14 8 16 1 3 1 0 0 13 10 0 0 0 0 0 0 0 0 10 0 0 0 0 0 32 40 0 0 0 0 18 19 0 0 0 0 0 0 0 0 0 0 0 0 0 0 14 0 0 0 0 0 0 0 0 0 0 0 0 0 0 0 0 0 0 0 0 0 0 0 0 0 0 0 0 0 0 1 87 0 0 89 2 4 0 0 0 0 0 0 0 0 0 0 0 0 0 0 0 0 0 0 0 0 0 0 0 12 21 0 0 0 0 0 0 0 0 0 0 0 0 0 
 252 162 47 161 560 59 59 245 203 204 439 0 33 134 127 116 308 249 16 255 2 0 2 0 5 97 1 3 0 2 2 1 200 5 89 0 2 2 195 150 17 1 0 3 3 69 6 88 2 0 0 5 0 6 0 0 2 2 31 0 0 0 0 0 0 3 0 2 6 2 2 0 5 2 5 0 3 3 4 0 0 17 10 14 63 19 0 0 14 10 53 53 0 27 16 14 0 62 0 0 42 32 0 0 0 1 19 0 5 0 0 0 47 8 12 9 0 0 44 20 0 0 0 0 0 0 0 0 0 0 0 0 0 0 0 0 0 0 0 0 0 0 0 0 0 0 2 0 0 0 0 0 0 0 0 0 0 0 0 0 0 5 0 0 12 21 0 0 0 20 38 46 3 0 0 22 15 20 0 0 9 0 0 0 0 0 20 4 14 17 0 0 26 16 9 0 0 2 11 51 0 0 0 0 0 0 0 0 0 0 0 0 0 0 0 0 0 0 0 0 0 0 0 0 0 0 0 0 0 28 0 0 0 0 0 0 0 0 0 0 0 18 0 0 0 1 2 0 0 89 11 14 11 0 0 0 0 0 0 1 0 0 0 0 0 0 0 0 0 0 0 0 0 0 0 12 0 0 0 0 0 0 0 0 0 0 0 0 0 0 
 154 51 86 161 268 31 221 296 79 52 43 33 0 265 59 115 126 23 360 195 0 0 0 0 3 2 1 2 1 0 1 0 0 5 2 0 0 0 0 0 0 0 0 6 2 0 0 31 0 0 5 3 6 0 0 0 0 0 0 0 0 0 0 0 0 0 0 3 0 2 0 0 0 0 0 0 3 3 3 0 8 31 0 0 0 0 16 34 20 9 0 0 41 15 0 0 9 0 0 3 0 0 0 11 0 1 0 0 0 0 0 0 0 0 0 0 0 0 0 0 0 0 0 0 0 0 0 0 0 0 0 0 0 0 0 0 0 0 0 0 0 0 0 0 0 3 0 0 0 0 0 0 0 0 0 0 0 0 10 0 15 36 9 9 0 0 0 15 0 0 0 0 2 29 10 12 15 8 22 9 0 0 0 0 0 0 0 0 0 15 0 0 0 0 0 0 0 0 0 0 0 0 0 0 0 0 0 0 0 0 0 0 0 0 0 0 0 0 0 0 0 0 0 0 0 0 2 0 0 0 0 0 0 0 0 0 10 0 0 0 0 0 0 0 0 1 0 0 2 0 0 18 0 0 0 0 0 0 0 0 0 0 0 0 0 0 0 0 0 12 0 0 0 0 0 12 0 0 0 0 0 0 0 0 0 0 0 0 0 0 
 226 164 183 409 291 166 81 126 122 438 265 134 265 0 284 140 104 387 78 203 0 0 1 0 3 205 1 3 0 2 0 0 0 3 2 3 0 0 0 0 0 0 0 3 3 0 0 2 0 0 0 2 2 0 0 0 0 0 1 0 0 0 0 0 0 0 0 2 3 3 0 0 0 0 0 0 2 0 3 0 14 60 54 2 15 20 9 38 6 64 32 0 1 17 0 15 24 70 12 22 0 7 0 0 0 0 0 0 2 0 0 0 0 2 0 0 0 0 31 0 0 0 0 0 0 0 0 0 0 0 0 0 0 0 0 1 0 0 0 0 0 0 0 0 0 14 0 0 0 0 0 0 0 0 0 3 0 0 0 0 16 5 11 18 7 0 0 10 32 0 14 14 22 61 1 20 23 10 1 0 0 0 0 0 3 0 12 0 0 0 0 0 1 0 0 0 0 0 0 1 0 0 0 0 0 1 12 0 0 0 0 0 0 0 0 0 0 0 0 0 0 0 0 0 0 0 0 0 0 0 0 0 0 0 0 0 0 0 0 0 0 0 0 0 0 0 0 2 3 88 0 7 0 0 0 0 0 0 0 0 0 0 0 0 0 0 0 0 0 0 0 0 0 0 0 7 19 0 0 0 0 0 0 0 0 0 0 0 0 0 
 185 473 159 352 81 113 223 311 197 302 84 127 59 284 0 184 230 145 292 355 0 0 0 0 3 58 0 2 0 0 1 1 0 3 2 0 2 1 31 0 0 0 3 3 3 64 0 3 0 0 0 4 0 2 0 0 0 0 0 0 3 0 0 1 0 0 32 3 0 2 0 0 0 0 0 0 3 0 6 0 43 14 38 21 29 21 19 0 6 7 47 12 19 14 40 12 15 11 0 22 0 0 0 0 0 0 0 0 0 0 0 0 0 0 0 2 0 2 11 0 1 0 0 0 0 0 0 0 0 0 0 0 2 0 0 0 13 1 0 0 0 0 0 0 0 0 24 0 0 0 0 9 0 0 0 2 0 0 0 0 18 16 0 29 12 13 12 11 29 30 13 27 1 12 13 31 8 28 9 8 10 0 0 0 0 0 0 0 2 0 2 0 0 0 0 0 0 0 1 1 0 0 0 0 0 2 0 0 0 0 0 0 0 0 0 0 0 0 0 0 0 0 0 0 0 0 16 0 0 0 0 0 0 0 0 0 0 0 0 0 0 0 0 0 0 1 2 2 1 0 2 13 0 0 0 0 0 0 0 0 0 0 11 0 0 0 0 0 0 0 0 0 0 0 0 0 0 0 0 0 0 0 0 0 0 0 0 0 0 0 
 242 124 135 482 148 174 144 84 92 98 186 116 115 140 184 0 91 56 139 295 0 0 0 0 0 0 3 0 0 0 2 0 1 0 0 0 2 2 94 75 0 0 0 0 0 2 9 0 0 0 2 1 2 0 3 0 0 2 0 0 0 0 0 0 0 0 0 0 0 0 0 54 0 1 0 0 0 4 0 0 10 3 36 12 10 17 14 16 8 8 11 35 16 12 1 28 13 59 2 28 5 0 0 0 0 0 18 0 0 0 0 2 7 0 0 5 0 0 19 1 0 0 0 0 15 0 0 0 0 0 0 0 0 0 0 0 0 0 1 0 0 0 0 0 0 0 0 0 0 0 0 0 0 0 0 0 0 0 0 0 0 1 17 8 0 0 0 20 0 0 4 15 0 12 28 1 41 0 0 1 0 0 0 0 0 0 12 0 0 0 0 0 42 17 0 0 0 0 1 14 0 0 0 0 2 0 0 0 0 0 0 0 0 0 0 0 0 0 0 0 0 0 2 0 0 0 0 0 0 0 1 0 10 0 0 2 0 0 0 0 0 0 0 0 0 0 1 2 4 2 0 14 0 0 0 0 0 0 0 0 0 0 0 0 0 0 0 0 0 0 0 0 0 0 0 31 0 0 0 0 0 0 0 0 0 0 0 0 0 0 
 149 75 167 209 53 164 125 122 108 188 113 308 126 104 230 91 0 175 36 438 0 0 0 0 3 2 0 3 0 0 0 0 4 3 2 0 0 0 0 1 0 0 0 3 3 3 3 2 0 0 0 2 2 0 0 0 0 0 1 4 0 0 0 0 0 0 0 2 0 3 0 0 0 0 0 0 2 1 3 0 4 17 47 0 0 115 14 19 0 36 18 0 9 0 8 31 71 28 9 13 0 0 0 0 0 0 0 0 0 0 0 0 4 1 17 0 11 0 19 0 0 0 0 0 0 0 0 0 0 0 0 0 0 0 0 2 0 0 0 0 0 0 0 0 0 0 0 0 0 0 0 0 0 0 0 4 0 0 0 0 0 3 6 6 8 29 2 13 19 1 3 16 9 26 10 11 18 21 0 0 2 14 0 25 0 0 12 0 0 0 0 0 2 2 0 0 0 0 1 20 0 0 0 0 0 0 0 0 0 0 0 0 0 0 3 0 0 0 0 0 0 0 0 0 0 0 0 0 2 0 0 0 0 0 0 0 0 0 0 0 0 0 0 0 0 2 85 0 5 96 0 12 1 0 0 0 0 0 0 0 0 0 17 0 0 0 0 0 0 0 0 0 0 0 0 13 22 0 0 0 0 0 0 0 0 0 0 0 0 0 
 144 41 346 119 352 135 31 47 464 181 353 249 23 387 145 56 175 0 50 51 0 0 0 0 3 1 0 3 2 0 0 0 0 3 2 0 0 0 73 36 0 0 0 3 3 0 0 2 0 0 0 4 0 0 0 0 0 0 1 0 0 0 0 0 0 0 0 13 13 3 0 0 30 1 2 0 58 0 3 0 1 25 12 20 1 42 10 16 0 50 9 44 0 0 7 18 34 22 0 25 20 22 1 0 0 0 10 0 0 0 0 0 7 22 15 0 1 0 0 0 0 0 1 0 0 0 0 0 0 0 0 0 0 0 0 0 0 0 0 0 0 0 0 0 0 0 0 0 0 0 0 0 0 0 0 4 0 0 0 0 0 6 5 0 7 22 0 0 13 15 54 52 6 15 0 44 1 40 9 0 14 0 0 0 0 0 12 16 21 0 0 0 0 0 5 1 0 0 0 21 0 0 0 0 0 10 0 0 0 0 0 0 0 0 0 10 7 0 0 0 0 0 0 0 0 0 0 0 0 0 0 0 0 0 0 0 0 0 0 0 0 0 0 0 0 0 5 0 3 83 9 9 9 0 0 0 0 0 0 0 0 0 0 0 0 0 0 0 0 0 0 0 0 0 0 0 1 0 0 0 0 0 0 0 0 0 0 0 0 0 
 125 20 28 101 86 57 48 48 103 83 52 16 360 78 292 139 36 50 0 406 0 0 0 0 81 1 19 3 1 0 0 0 0 3 2 0 0 0 0 0 0 0 0 10 3 0 0 3 0 0 0 3 2 0 0 0 0 0 0 0 0 0 0 0 0 0 0 3 43 2 0 0 0 0 0 0 3 0 3 0 0 0 0 0 0 0 24 0 0 0 0 0 0 0 0 7 2 0 10 15 0 2 0 0 0 0 0 0 0 0 0 0 0 0 0 0 2 0 0 0 0 0 2 0 0 0 0 0 0 0 0 0 0 0 0 0 0 0 0 0 0 0 0 0 1 0 0 0 1 1 0 0 0 0 0 2 1 0 0 0 6 0 5 0 0 0 26 0 0 0 0 10 0 0 13 0 18 12 30 3 0 0 0 0 0 0 0 1 0 0 0 0 0 0 0 0 0 0 0 0 0 0 0 0 0 0 0 0 0 0 0 0 0 0 0 0 0 0 0 0 0 0 0 0 1 2 0 0 0 0 0 2 0 0 0 0 0 0 0 0 0 0 0 0 0 0 0 2 2 0 2 5 0 0 0 0 0 0 0 0 0 0 0 0 0 0 0 0 0 0 1 0 0 0 0 0 0 0 0 0 0 0 0 0 0 0 0 0 0 1 
 365 53 279 558 156 266 73 115 303 356 108 255 195 203 355 295 438 51 406 0 43 0 0 0 3 1 2 2 1 0 1 0 0 3 2 0 0 0 0 0 0 0 0 3 2 0 0 3 0 0 0 4 0 0 0 0 0 0 0 0 0 0 0 0 0 0 0 3 0 2 0 0 0 0 0 0 3 0 3 0 64 68 0 12 35 1 0 27 24 18 0 21 43 0 17 33 53 1 10 13 0 2 2 0 0 0 0 0 0 0 0 0 0 0 0 0 0 8 0 0 0 0 0 0 0 0 2 0 0 0 0 0 0 0 0 0 0 0 0 0 0 0 0 0 0 0 0 0 0 0 0 0 0 0 0 1 1 0 0 0 14 36 13 27 0 0 11 0 0 0 0 10 10 28 0 17 16 6 23 4 0 0 0 0 0 0 0 0 0 0 0 0 0 0 0 0 0 0 14 0 0 0 0 0 0 0 0 0 0 0 0 0 0 0 12 0 0 0 10 0 0 0 0 0 0 0 0 0 0 0 0 0 0 0 0 0 0 0 0 0 0 0 0 0 0 0 1 0 180 2 0 14 0 0 0 0 0 0 0 0 0 0 0 0 0 0 0 0 0 0 0 0 0 0 0 32 1 0 0 0 0 0 0 0 0 0 0 0 0 0 
 0 0 2 75 74 2 1 0 0 0 74 2 0 0 0 0 0 0 0 43 0 218 72 43 104 31 285 349 75 261 133 47 114 328 55 210 114 55 40 114 0 2 0 3 0 0 0 0 1 3 0 1 5 0 0 3 0 0 1 0 0 7 0 31 0 3 0 0 0 0 0 2 0 3 5 3 0 0 0 0 0 0 0 0 13 0 0 0 0 0 0 1 0 0 0 0 0 0 0 0 26 10 3 16 0 0 24 35 11 13 15 0 7 49 11 24 17 9 0 33 0 0 0 0 0 0 0 0 0 0 5 12 0 0 0 0 0 6 12 0 0 6 0 0 0 0 0 0 0 0 0 0 0 0 0 0 0 7 0 0 0 0 10 0 13 14 0 0 0 0 0 0 3 0 0 0 0 0 0 0 20 12 0 0 30 18 24 0 22 0 32 0 6 14 0 20 0 41 35 0 0 0 0 0 0 0 0 0 0 0 0 0 0 1 0 0 0 0 17 12 0 0 0 0 0 0 0 0 0 0 0 0 0 0 0 0 0 0 0 41 0 0 0 0 0 0 0 0 0 0 0 0 0 0 5 0 4 0 78 2 3 13 0 0 0 0 0 0 0 0 0 0 0 0 0 0 11 0 0 0 0 1 0 0 0 0 0 0 0 0 
 0 0 0 96 87 75 0 0 2 0 74 0 0 0 0 0 0 0 0 0 218 0 40 65 30 122 180 308 128 196 191 103 39 126 59 190 118 46 78 85 0 2 0 3 0 0 0 1 0 3 0 1 4 0 0 3 0 0 2 0 11 2 0 54 0 3 0 0 0 0 0 3 0 3 0 3 0 0 0 0 2 0 0 2 0 0 0 0 0 0 0 1 0 0 8 0 0 0 0 0 25 9 19 2 0 0 8 2 22 40 11 11 9 19 0 32 2 29 13 34 0 0 0 0 0 0 0 0 0 0 0 1 14 0 0 1 0 0 39 0 0 6 6 0 2 0 0 0 0 0 0 0 0 0 0 0 0 0 2 0 0 0 11 2 19 0 0 0 0 0 0 0 1 0 0 0 0 0 0 2 8 43 0 32 9 15 1 0 15 1 15 0 10 25 3 19 0 0 18 0 0 0 0 0 0 0 0 0 0 0 0 0 0 0 0 1 0 0 6 17 0 0 0 1 0 0 0 0 0 0 1 0 0 0 0 0 0 0 0 0 0 0 0 0 0 0 0 0 0 0 0 0 0 0 14 0 0 1 42 0 4 9 0 0 0 0 0 0 0 0 0 0 0 0 0 0 0 0 0 0 0 38 0 0 0 0 9 0 0 0 
 2 0 76 0 0 0 0 0 3 0 0 2 0 1 0 0 0 0 0 0 72 40 0 216 53 128 141 63 204 284 36 280 61 261 262 186 120 210 44 45 73 2 2 3 0 0 30 2 0 3 0 2 3 0 0 3 0 0 2 63 3 0 0 6 4 3 0 0 0 0 1 1 0 5 0 2 0 1 0 0 0 0 0 0 0 0 0 0 0 0 0 0 0 0 0 0 0 0 0 0 0 0 1 25 43 9 0 5 22 15 45 9 0 0 0 1 34 16 0 0 0 0 0 0 0 2 11 0 0 18 0 0 28 11 0 30 0 7 0 19 0 0 0 1 0 0 0 0 0 0 0 0 2 0 1 8 4 0 0 1 0 0 0 0 0 0 0 0 0 0 0 0 0 0 6 0 2 0 10 0 0 1 12 38 19 35 0 0 0 14 18 19 0 0 0 9 0 17 0 0 47 0 19 2 0 0 22 0 0 0 0 2 0 5 0 5 0 0 22 27 0 0 0 0 0 1 1 0 0 0 0 1 0 0 0 0 0 0 0 0 0 0 0 0 0 0 0 0 0 0 0 0 0 1 14 0 0 1 3 0 0 0 3 0 0 0 0 0 0 0 0 0 0 0 0 0 0 0 0 0 0 20 0 0 0 20 11 0 0 0 
 0 2 75 2 0 0 0 1 26 0 0 0 0 0 0 0 0 0 0 0 43 65 216 0 181 323 128 82 101 309 145 122 69 60 49 255 142 281 89 65 130 2 0 3 0 0 64 5 1 3 0 0 129 65 19 3 0 3 4 126 3 5 0 50 7 3 1 3 2 0 0 3 0 4 2 5 0 0 2 0 0 0 0 0 0 0 0 0 0 0 1 0 0 0 0 0 0 0 0 0 0 56 0 19 4 29 0 18 14 0 19 0 0 0 0 0 33 1 0 0 0 7 9 0 0 9 24 0 0 6 0 0 22 1 15 18 0 0 1 17 0 0 0 0 0 0 2 0 0 0 0 0 0 0 1 7 4 0 0 0 0 0 0 0 0 0 0 0 0 2 0 0 0 0 5 2 0 0 0 0 0 0 14 0 23 32 0 0 2 8 25 18 0 1 0 1 11 7 0 0 44 0 0 0 0 0 37 18 0 12 0 0 30 10 11 20 1 0 5 22 0 0 0 0 2 0 0 0 0 0 0 0 0 0 0 0 0 0 0 0 0 0 8 0 0 0 0 0 0 0 0 0 0 0 10 0 0 80 1 0 13 4 0 0 0 0 0 0 0 0 18 0 0 0 0 0 0 0 0 8 0 0 0 0 0 0 0 0 0 0 
 4 5 110 3 3 3 3 3 6 3 3 5 3 3 3 0 3 3 81 3 104 30 53 181 0 37 75 154 400 97 249 37 177 84 203 151 37 47 54 101 1 27 68 3 0 0 0 0 86 4 0 1 32 28 8 69 0 63 64 25 0 0 0 3 1 3 12 0 52 0 0 1 0 3 0 14 0 0 0 0 0 0 0 0 0 0 0 0 0 0 0 0 0 0 0 0 0 0 0 0 13 23 9 0 12 9 0 0 33 12 0 36 0 0 1 11 17 11 0 1 0 8 19 0 0 0 0 0 0 1 0 0 26 0 0 0 0 0 49 0 0 0 0 0 0 0 0 0 0 16 0 0 0 2 0 0 0 0 0 0 0 0 0 1 5 0 0 0 0 0 0 0 0 0 4 0 0 0 0 0 0 26 20 1 0 31 0 18 0 0 40 15 13 0 26 28 43 0 1 0 23 11 0 0 2 2 12 15 0 14 0 0 14 10 15 23 14 0 6 11 0 0 0 0 0 0 0 0 0 0 0 0 0 0 0 0 0 0 0 0 0 0 0 0 0 0 0 0 0 0 0 0 0 0 9 6 0 1 44 0 6 0 0 0 0 0 0 0 0 0 12 0 0 0 0 0 0 0 0 0 0 1 0 0 0 0 0 0 0 0 
 0 1 2 0 67 4 1 1 1 0 0 97 2 205 58 0 2 1 1 1 31 122 128 323 37 0 30 63 66 49 165 88 333 124 174 58 49 41 51 64 62 4 6 3 0 9 31 61 64 4 18 15 62 24 124 4 65 2 22 0 40 0 0 3 0 3 1 0 0 0 0 3 1 3 0 3 0 0 10 0 0 0 0 0 0 0 0 0 0 0 14 0 0 0 0 4 0 0 0 0 0 11 0 0 1 1 0 0 35 0 0 0 15 7 0 40 28 42 11 0 3 10 14 0 0 0 0 0 0 0 0 11 10 0 1 0 0 0 0 13 0 0 0 0 0 25 0 0 0 0 0 0 0 0 0 0 0 0 0 0 0 0 0 0 15 0 0 0 1 12 0 0 0 0 0 0 0 0 0 0 0 17 13 11 19 20 0 0 10 26 0 12 2 0 10 0 0 11 0 23 8 9 0 6 0 0 0 0 1 25 0 0 18 33 0 7 19 0 18 16 0 0 0 0 0 0 0 0 0 0 0 34 0 0 0 0 0 0 0 0 0 10 0 0 0 0 0 0 0 0 0 0 0 0 10 2 2 0 81 0 1 0 0 0 0 0 0 0 0 0 0 0 0 0 0 0 0 0 0 12 0 0 0 0 0 0 10 0 0 0 
 0 1 2 0 1 0 2 0 0 0 0 1 1 1 0 3 0 0 19 2 285 180 141 128 75 30 0 219 257 460 136 42 398 275 23 86 177 292 120 39 0 2 64 3 0 6 0 0 2 3 2 0 5 2 0 3 0 0 2 0 0 18 2 3 0 3 0 0 0 4 0 2 0 3 0 3 0 2 0 0 0 0 0 0 0 0 0 0 0 0 0 0 0 0 0 0 0 0 0 0 17 0 49 15 38 0 13 17 1 1 10 11 0 0 14 10 20 25 17 27 0 0 0 0 0 0 0 0 0 0 0 0 0 0 0 0 0 0 21 1 0 1 12 4 7 2 0 0 2 0 0 2 1 0 1 0 0 0 5 0 0 0 0 1 0 0 0 0 0 0 0 0 0 0 0 0 1 0 0 0 19 0 2 34 17 19 18 0 0 8 28 19 0 11 46 3 40 5 13 0 0 0 0 1 0 0 0 0 0 0 0 1 0 0 0 2 0 0 10 0 0 0 0 0 2 14 2 0 1 0 0 2 0 2 0 0 0 0 0 0 0 0 0 0 0 0 0 0 0 0 0 0 0 0 9 0 0 5 5 0 0 0 0 0 0 0 0 0 0 0 1 0 0 0 0 0 0 2 0 0 0 9 0 0 0 0 1 0 0 0 
 2 3 5 5 66 118 3 3 2 4 3 3 2 3 2 0 3 3 3 2 349 308 63 82 154 63 219 0 81 65 66 236 131 462 335 199 110 42 194 132 29 2 0 5 0 0 0 2 0 3 0 4 5 1 0 4 0 0 1 0 48 10 0 3 0 3 0 0 2 0 0 1 1 29 0 2 0 0 0 4 0 0 0 0 0 0 0 0 7 0 0 0 0 0 0 0 0 0 0 0 0 11 2 21 0 0 21 12 51 4 40 0 0 0 11 24 22 49 9 22 0 0 0 0 0 0 0 0 0 0 0 9 0 18 0 0 0 0 1 0 0 0 0 0 0 0 0 0 0 0 0 0 0 0 0 0 0 0 11 0 0 0 0 1 0 12 0 0 0 16 0 15 0 0 0 0 0 0 0 0 17 21 0 5 0 0 1 13 12 0 23 0 0 14 0 6 0 11 18 0 0 0 0 0 0 0 2 0 0 0 0 0 0 0 0 0 0 0 0 1 1 11 0 0 0 0 0 0 0 0 0 0 0 0 0 0 0 0 0 0 0 0 0 0 0 0 69 0 0 0 0 0 0 2 2 0 2 1 0 0 0 0 0 0 0 0 0 0 0 0 0 0 0 0 0 0 0 7 0 0 0 0 0 0 0 0 1 0 0 0 
 1 0 0 0 0 49 0 0 2 2 2 0 1 0 0 0 0 2 1 1 75 128 204 101 400 66 257 81 0 176 211 177 350 107 139 333 126 41 282 181 0 2 0 3 0 0 28 0 1 3 2 1 3 0 0 3 0 0 85 76 2 0 0 4 0 3 2 25 0 1 1 2 2 3 0 3 0 6 4 0 0 0 0 0 0 0 0 0 0 0 0 0 0 0 0 0 0 0 0 0 0 0 0 32 16 7 28 24 21 17 17 20 0 38 0 0 26 14 0 4 0 0 0 0 0 0 11 0 2 0 0 0 27 17 0 12 0 19 0 0 0 0 0 0 0 0 0 0 0 0 0 0 0 0 0 0 0 0 0 2 19 2 0 0 11 11 0 0 2 0 0 0 0 0 0 0 0 0 0 0 19 27 28 15 0 0 0 13 0 0 22 19 0 0 19 9 53 0 0 11 13 2 0 0 0 0 1 0 0 0 0 0 0 9 2 0 1 0 0 8 0 0 0 0 0 0 0 0 0 0 0 0 0 0 0 0 0 0 0 0 0 0 0 0 0 0 0 0 0 0 0 0 0 0 19 0 0 0 77 2 2 0 0 0 0 0 21 0 0 0 0 0 0 14 0 0 2 0 0 0 0 22 0 0 0 0 0 0 0 0 
 0 0 2 0 1 0 0 0 0 0 0 2 0 2 0 0 0 0 0 0 261 196 284 309 97 49 460 65 176 0 195 64 109 234 299 323 273 401 191 178 34 3 0 3 0 0 0 2 0 3 0 1 5 0 0 2 0 0 64 0 0 37 0 3 0 3 61 0 0 0 0 3 0 3 0 3 0 0 0 0 0 0 0 0 13 0 0 0 0 0 0 0 0 0 0 0 0 13 0 0 7 0 10 30 14 0 6 0 20 15 15 72 0 0 0 0 13 24 14 22 0 0 0 0 0 0 2 0 0 0 0 0 12 16 0 0 0 0 3 0 0 1 6 4 0 0 0 0 0 0 0 0 0 0 0 0 0 0 1 0 0 0 0 1 1 0 0 0 0 0 0 0 0 0 0 0 2 0 0 0 15 2 6 19 2 0 20 0 0 8 11 20 0 20 47 2 64 10 1 0 23 0 0 2 0 0 1 0 0 0 0 0 0 1 0 0 0 0 0 0 0 0 0 0 0 1 1 0 0 1 0 0 0 0 0 0 0 0 0 0 0 0 0 0 0 0 0 0 0 0 0 0 0 0 3 0 2 76 1 0 0 3 0 0 0 0 0 0 0 0 0 0 0 0 0 0 0 0 0 0 0 28 0 11 0 0 0 0 0 0 
 1 0 1 0 0 2 0 0 3 0 2 2 1 0 1 2 0 0 0 1 133 191 36 145 249 165 136 66 211 195 0 197 35 111 198 358 127 42 47 72 65 3 1 3 0 0 0 49 2 3 0 2 65 125 0 3 0 0 24 64 2 7 0 3 0 3 0 0 0 0 0 2 0 3 0 2 0 0 0 0 0 0 0 0 0 0 0 0 0 0 0 0 0 0 0 0 0 0 0 0 12 0 10 15 14 20 0 1 10 12 1 10 0 0 0 6 16 21 0 0 10 19 11 0 0 4 0 0 2 1 11 0 7 1 0 17 0 11 14 0 0 0 0 0 0 0 0 0 0 0 0 0 0 0 0 0 5 0 0 2 0 2 0 0 2 0 0 0 2 0 0 0 0 0 0 0 0 0 0 0 0 42 27 2 2 13 0 0 0 0 25 21 0 0 0 1 0 9 0 0 20 8 0 0 0 0 19 19 0 0 0 0 37 27 15 4 0 0 9 9 0 0 0 0 0 0 0 0 0 0 0 0 0 0 0 0 0 0 0 0 0 0 0 0 0 0 0 0 0 0 0 0 0 0 11 1 0 0 81 0 0 0 0 0 0 0 0 0 0 0 19 0 0 0 0 0 2 0 0 0 0 1 0 0 0 14 0 0 0 0 
 0 0 1 0 1 0 0 0 0 0 0 1 0 0 1 0 0 0 0 0 47 103 280 122 37 88 42 236 177 64 197 0 27 43 174 208 108 234 34 28 1 3 65 3 0 0 62 65 63 85 0 1 32 29 0 3 0 0 3 23 56 0 0 3 0 3 0 0 0 0 0 3 0 3 0 3 0 0 0 0 0 0 0 0 0 0 0 0 0 0 0 0 0 0 0 0 0 0 0 0 0 0 0 10 9 19 2 0 31 17 11 11 0 0 0 2 16 12 0 0 1 0 32 0 0 0 0 0 0 7 0 1 10 11 0 0 0 4 0 21 0 0 0 0 0 0 0 0 0 2 0 0 0 0 0 0 0 0 0 0 0 0 0 0 0 15 0 0 0 0 0 0 0 16 0 0 0 0 1 0 0 14 0 50 1 1 0 0 8 0 30 44 0 0 0 0 0 8 0 0 47 9 0 0 0 0 42 14 0 0 0 0 34 23 17 18 0 0 13 39 0 0 0 0 0 0 0 0 0 0 0 0 0 0 0 0 0 0 2 0 0 0 0 0 0 0 0 0 0 0 0 0 0 0 15 0 0 1 77 0 0 0 0 0 0 0 0 0 0 0 12 0 0 0 0 0 0 0 0 0 0 41 0 0 0 10 29 0 0 0 
 0 9 5 0 30 1 0 0 27 0 0 200 0 0 0 1 4 0 0 0 114 39 61 69 177 333 398 131 350 109 35 27 0 340 95 102 195 126 80 48 0 7 7 3 1 6 66 0 6 3 9 6 5 2 0 3 0 0 51 0 2 5 0 3 0 3 0 0 0 28 0 3 0 3 0 3 0 0 0 0 0 0 0 0 14 0 0 0 13 0 16 12 0 0 0 1 0 0 0 0 62 31 23 23 2 11 0 19 3 9 0 12 30 10 13 68 22 26 13 31 0 0 0 0 0 0 0 0 0 0 3 0 0 0 0 0 0 0 6 0 0 0 0 0 0 0 0 0 0 0 0 11 0 0 0 0 0 0 0 0 0 0 0 1 16 1 10 0 0 0 24 8 0 0 0 0 22 0 0 0 13 9 24 0 0 0 35 32 11 27 10 14 18 0 86 10 20 31 21 51 0 0 0 0 0 0 0 0 0 0 0 0 0 0 0 0 0 0 0 0 0 0 0 0 0 0 0 0 0 10 0 0 0 0 0 0 0 0 0 0 0 15 0 0 0 0 0 0 0 0 0 0 0 0 16 0 0 82 0 1 0 0 0 0 0 0 1 0 62 0 0 0 0 0 0 2 0 0 0 0 0 0 0 0 0 0 0 0 0 2 
 3 3 5 3 157 125 34 3 3 3 3 5 5 3 3 0 3 3 3 3 328 126 261 60 84 124 275 462 107 234 111 43 340 0 519 46 218 72 93 197 0 2 14 3 0 9 0 2 5 3 9 1 4 0 0 3 4 0 11 3 1 3 0 3 0 4 0 0 0 0 0 3 0 3 0 3 3 0 0 0 0 0 0 0 0 0 0 0 0 0 0 2 0 0 0 0 0 0 0 0 10 18 40 32 1 0 1 14 13 2 13 44 23 0 0 73 18 42 12 14 0 0 0 0 0 0 0 0 0 0 0 0 11 0 0 0 0 0 14 0 0 0 9 2 0 0 0 0 0 0 0 0 0 0 0 0 0 0 1 0 0 0 1 2 2 0 0 0 0 0 0 0 0 0 0 0 0 0 0 0 0 11 7 13 0 0 30 12 17 30 11 7 12 36 26 47 17 27 0 0 0 0 0 0 0 0 0 0 0 11 0 0 1 0 0 0 0 0 0 0 0 0 0 0 0 0 0 0 0 0 2 0 0 0 1 0 0 0 0 0 0 13 1 0 0 0 0 0 0 0 0 0 0 0 13 0 0 154 0 1 2 2 0 0 0 0 1 0 0 0 0 0 0 0 0 0 0 0 0 0 0 8 0 0 0 0 0 0 0 0 
 2 2 4 2 23 3 2 2 2 2 2 89 2 2 2 0 2 2 2 2 55 59 262 49 203 174 23 335 139 299 198 174 95 519 0 191 43 125 89 124 2 2 6 3 0 5 5 1 2 3 8 2 4 0 3 3 0 3 61 0 6 2 0 3 0 4 0 0 0 1 0 2 1 3 6 3 2 0 0 0 0 0 0 0 1 0 0 0 0 0 4 0 0 0 0 0 0 0 0 0 11 22 18 0 13 0 0 0 1 0 0 42 19 30 0 52 57 26 14 42 0 0 0 0 0 0 0 0 0 0 0 0 0 0 0 0 0 0 6 0 0 6 17 0 0 2 0 0 0 0 0 0 0 0 0 0 0 0 0 0 0 0 0 0 17 0 0 10 0 0 1 0 0 0 0 0 0 0 0 0 2 33 37 35 32 0 11 8 10 12 0 27 9 0 57 9 0 26 24 36 0 0 0 0 0 0 0 2 0 0 0 0 0 0 0 8 0 0 0 16 0 0 0 0 0 0 0 0 0 0 0 3 0 0 0 0 0 0 0 0 0 15 0 0 0 1 0 0 0 0 0 0 0 0 13 0 0 2 0 0 0 12 0 0 0 1 0 0 0 0 1 0 0 0 0 0 0 0 0 0 0 8 0 0 0 59 8 0 0 0 
 0 0 0 0 96 18 0 0 0 0 0 0 0 3 0 0 0 0 0 0 210 190 186 255 151 58 86 199 333 323 358 208 102 46 191 0 276 38 249 146 6 2 0 3 0 0 18 2 0 3 0 1 3 0 6 3 0 6 2 62 4 6 0 3 0 6 0 0 0 2 0 3 0 3 0 3 0 0 0 0 0 0 0 0 0 0 0 0 0 0 0 0 0 0 0 0 0 0 0 0 12 0 73 26 7 3 0 19 23 9 0 23 0 22 1 24 14 23 0 17 0 0 0 0 0 0 17 0 0 0 0 0 17 10 0 9 0 7 3 0 0 6 0 3 0 0 0 0 0 0 0 0 0 0 15 6 0 0 0 0 0 0 0 0 0 0 0 0 0 0 0 0 0 0 0 0 2 0 0 0 13 21 0 19 8 12 34 0 26 13 64 0 0 9 0 13 1 27 34 44 0 0 0 2 0 0 7 0 0 0 0 0 0 10 0 1 1 0 3 3 0 0 0 0 0 1 1 0 0 1 0 0 0 0 0 0 0 0 0 0 0 0 0 0 0 0 0 0 0 0 0 0 0 0 15 1 2 76 80 0 3 5 0 0 0 0 0 0 0 0 0 0 0 0 0 0 0 0 0 0 0 11 0 0 0 0 0 0 0 0 
 0 0 1 2 3 167 0 0 0 55 0 2 0 0 2 2 0 0 0 0 114 118 120 142 37 49 177 110 126 273 127 108 195 218 43 276 0 129 22 25 0 2 0 3 0 5 65 1 6 79 0 67 3 0 0 3 0 2 2 29 1 10 0 3 0 3 0 0 0 0 0 29 0 3 0 2 0 0 0 0 0 2 0 0 0 0 0 0 0 0 0 0 0 0 2 0 0 0 0 0 0 0 18 44 31 22 0 52 1 0 12 0 2 0 19 12 14 28 0 17 8 0 1 0 0 0 2 15 0 0 0 0 19 0 0 0 0 0 0 2 0 0 6 3 3 0 0 1 0 0 0 0 0 0 0 0 0 0 2 0 0 0 0 0 0 0 1 2 0 0 0 0 0 0 0 0 0 0 0 0 8 7 0 52 12 19 30 25 24 20 37 0 0 0 16 18 16 14 10 12 0 0 0 0 0 0 0 0 0 0 0 0 0 0 0 11 0 0 0 24 0 0 0 0 0 0 0 0 0 0 0 0 0 0 0 0 0 0 0 0 0 0 0 0 0 0 0 0 0 0 0 19 0 0 5 0 0 104 1 0 12 1 0 0 0 0 0 0 0 0 0 0 0 0 0 0 0 0 0 0 0 6 0 0 0 0 1 0 0 0 
 0 0 1 0 0 0 1 0 0 0 0 2 0 0 1 2 0 0 0 0 55 46 210 281 47 41 292 42 41 401 42 234 126 72 125 38 129 0 248 62 65 2 2 3 0 0 63 2 17 3 0 0 6 0 107 3 1 0 41 0 0 0 0 3 11 3 0 0 0 0 44 3 0 5 0 3 48 0 0 0 0 0 0 0 0 0 8 0 0 0 0 0 0 2 0 0 0 0 0 0 16 0 2 21 17 10 0 0 14 55 18 11 0 0 0 14 1 5 18 0 12 0 0 0 0 0 0 0 0 4 0 0 22 13 0 13 0 1 23 18 0 0 1 1 4 0 0 12 0 0 0 0 0 0 1 0 0 0 11 3 0 0 0 2 3 0 0 0 0 0 0 0 0 0 1 0 0 0 0 0 0 14 0 38 45 21 1 20 0 16 9 34 14 23 30 16 14 13 0 0 32 0 0 0 0 0 28 17 0 7 0 0 12 36 0 5 2 0 20 0 0 0 0 0 0 0 0 0 0 0 0 0 0 0 0 0 0 0 0 0 0 0 0 0 0 0 0 0 0 0 0 0 0 0 5 0 0 116 0 2 0 0 0 0 0 0 0 0 0 0 0 0 0 0 0 0 0 0 0 15 0 14 0 0 0 0 0 0 0 0 
 0 73 77 103 211 277 0 0 176 74 156 195 0 0 31 94 0 73 0 0 40 78 44 89 54 51 120 194 282 191 47 34 80 93 89 249 22 248 0 99 0 3 0 3 0 0 5 0 0 3 0 1 4 0 0 4 0 0 0 0 0 0 0 3 0 79 0 0 6 0 0 3 5 8 36 3 0 0 0 0 0 0 12 5 11 16 0 0 0 0 12 35 0 16 0 21 23 14 0 0 37 29 0 0 0 0 20 0 29 15 20 2 14 9 13 12 0 0 31 24 0 0 0 0 0 0 0 0 0 0 0 12 0 0 0 0 0 0 0 0 0 0 0 0 0 0 0 0 0 0 0 0 0 0 0 0 0 0 0 0 0 0 31 2 26 0 0 0 0 16 0 0 0 0 0 0 0 0 0 0 10 1 2 1 26 0 19 0 75 1 0 0 25 55 7 32 0 0 8 19 0 0 0 0 0 0 0 0 0 0 0 1 0 0 0 2 0 0 0 0 0 0 0 0 0 0 1 0 0 0 0 2 0 0 0 0 0 0 0 0 0 1 0 0 0 0 0 0 0 73 0 0 14 0 9 0 0 0 0 2 0 0 0 0 0 0 0 0 0 0 0 0 0 0 0 12 0 2 0 0 0 0 0 0 0 0 0 0 0 0 
 0 0 0 2 0 74 0 1 155 0 27 150 0 0 0 75 1 36 0 0 114 85 45 65 101 64 39 132 181 178 72 28 48 197 124 146 25 62 99 0 1 2 3 8 3 0 3 3 3 6 0 4 4 0 1 5 0 0 1 25 2 0 0 3 2 3 0 14 0 0 5 4 0 3 0 3 6 3 0 0 0 0 17 0 21 14 0 0 0 7 18 30 0 0 13 0 0 28 0 0 1 0 0 0 0 0 69 16 10 28 9 24 0 22 0 0 0 10 0 25 0 0 0 0 0 0 0 0 0 0 0 0 0 0 0 0 0 0 0 0 0 38 7 0 0 0 0 0 0 0 0 0 0 0 0 0 0 0 0 0 0 17 6 0 14 52 0 0 0 12 18 17 0 0 19 13 19 19 0 0 24 0 10 10 10 0 7 0 0 0 0 0 1 33 0 11 21 0 32 0 0 11 0 0 0 0 0 0 0 0 0 0 0 0 0 0 0 0 0 0 0 0 0 0 0 0 0 0 0 0 0 0 0 0 0 0 0 0 0 0 0 0 0 0 0 0 74 0 0 0 7 0 0 0 12 2 0 4 0 0 0 23 0 1 0 0 19 0 0 0 0 0 0 0 0 0 0 0 0 0 0 7 0 0 0 0 0 0 0 0 
 0 0 2 0 0 2 0 0 0 0 0 17 0 0 0 0 0 0 0 0 0 0 73 130 1 62 0 29 0 34 65 1 0 0 2 6 0 65 0 1 0 352 169 128 21 65 178 53 44 36 93 235 127 42 288 303 64 101 304 47 203 0 0 2 55 57 27 0 0 0 7 0 0 0 2 0 0 0 2 3 0 0 0 0 0 0 0 0 0 0 0 0 0 0 0 0 0 0 0 0 0 0 0 0 0 3 0 0 0 0 0 0 0 0 0 0 0 0 0 0 5 0 0 0 0 1 10 18 1 15 12 0 23 0 8 0 0 0 23 0 0 0 0 0 0 0 0 0 0 0 0 0 0 0 0 0 5 0 0 0 0 0 0 0 0 0 0 0 12 0 0 0 0 0 0 0 0 0 0 6 0 0 6 0 0 12 0 0 0 0 10 22 0 0 0 0 0 0 0 0 32 3 15 0 18 0 4 15 0 27 9 0 63 0 29 7 27 4 0 6 0 0 0 0 0 0 0 0 0 0 0 0 0 0 0 0 0 0 0 1 0 0 0 0 0 19 0 0 0 0 0 2 0 0 0 0 22 62 0 0 0 0 0 0 0 0 2 0 1 0 9 0 0 0 0 0 0 0 0 0 0 0 0 0 0 0 0 0 0 0 
 0 0 9 0 0 2 0 0 0 0 0 1 0 0 0 0 0 0 0 0 2 2 2 2 27 4 2 2 2 3 3 3 7 2 2 2 2 2 3 2 352 0 147 80 33 128 295 316 130 260 37 27 261 51 247 340 140 170 293 45 0 0 0 0 1 5 8 0 0 50 0 0 0 0 1 1 0 0 0 0 0 0 0 0 0 0 0 0 0 0 0 0 0 0 0 0 0 0 0 0 0 0 0 0 0 0 0 0 0 0 0 7 0 0 0 0 0 0 0 0 4 18 15 9 9 0 0 0 15 25 9 20 19 2 0 0 5 0 26 16 0 0 0 0 0 0 0 0 0 0 0 0 0 0 0 0 0 37 0 0 0 0 0 0 0 0 0 0 7 0 0 0 0 0 0 0 0 1 0 0 0 0 0 0 0 0 0 0 0 0 0 0 0 0 0 0 0 0 0 0 13 37 29 45 43 12 3 26 9 39 10 23 0 7 6 10 28 1 18 0 0 0 0 0 0 3 43 0 0 0 0 0 9 0 0 9 0 0 11 0 0 0 0 0 0 0 0 0 0 0 0 0 0 1 0 0 0 1 0 0 0 0 2 0 0 4 0 0 0 0 0 0 0 0 0 0 0 23 0 0 0 0 0 0 0 9 0 0 0 0 
 0 0 2 0 9 3 0 3 0 0 0 0 0 0 3 0 0 0 0 0 0 0 2 0 68 6 64 0 0 0 1 65 7 14 6 0 0 2 0 3 169 147 0 130 59 34 147 346 433 145 66 27 153 193 110 57 196 100 64 182 5 0 1 0 0 0 0 0 0 1 0 0 0 0 0 0 0 0 0 0 0 0 0 0 0 0 0 0 0 0 0 0 0 0 0 14 0 0 0 0 0 4 0 0 0 13 0 0 0 0 7 0 6 0 0 6 4 0 0 2 15 0 15 6 0 23 30 7 0 12 37 18 0 18 12 0 0 9 29 15 0 9 0 0 0 0 0 0 0 0 0 0 0 0 0 0 0 0 0 30 0 0 0 0 0 0 0 0 8 0 0 0 0 0 0 20 0 0 0 0 0 0 18 2 0 0 0 0 7 8 7 19 21 0 15 0 1 5 0 0 8 1 18 19 19 3 13 18 10 6 13 0 1 7 6 12 31 0 12 11 0 0 0 0 0 0 14 24 0 0 0 0 12 0 0 0 0 0 8 2 0 3 0 0 0 0 0 0 0 0 0 10 0 1 0 0 1 0 0 2 0 0 1 0 0 2 2 1 0 0 0 0 0 0 0 0 0 0 0 0 0 3 0 0 0 0 0 0 2 0 
 3 3 6 3 3 3 8 3 3 3 3 3 6 3 3 0 3 3 10 3 3 3 3 3 3 3 3 5 3 3 3 3 3 3 3 3 3 3 3 8 128 80 130 0 136 44 152 293 307 142 125 159 56 72 284 136 130 49 148 55 0 0 6 0 54 0 0 0 0 0 0 0 51 0 0 0 6 0 0 50 0 0 0 0 0 0 0 0 0 0 0 0 0 0 0 0 0 0 0 0 0 0 0 0 0 0 0 0 0 0 0 0 0 0 0 0 0 0 0 0 13 6 0 35 0 23 20 18 19 1 24 17 0 7 20 28 15 25 8 0 41 10 0 0 0 0 8 0 2 0 0 0 15 0 11 0 0 0 0 8 0 0 5 0 0 0 0 0 0 0 0 0 0 0 0 0 0 0 0 1 0 0 0 0 0 0 0 0 0 0 0 0 0 12 0 0 0 0 0 0 0 0 21 0 4 8 0 0 1 14 0 1 8 15 0 0 23 23 0 0 0 10 13 0 14 1 11 8 0 0 0 7 19 0 5 0 0 15 12 27 0 0 1 0 0 0 0 0 0 0 0 0 0 1 0 0 0 0 0 2 0 0 9 0 64 4 1 1 0 0 0 0 0 0 0 4 0 0 0 0 0 0 0 0 0 0 0 0 2 0 
 2 3 3 3 3 3 3 3 3 3 3 3 2 3 3 0 3 3 3 2 0 0 0 0 0 0 0 0 0 0 0 0 1 0 0 0 0 0 0 3 21 33 59 136 0 256 43 142 60 140 94 342 84 164 94 90 69 42 304 100 0 0 0 0 0 0 0 0 0 0 2 0 98 0 0 0 0 52 5 99 0 0 0 0 0 0 0 0 0 0 0 0 0 0 0 0 0 0 0 0 0 0 0 0 0 0 0 0 0 0 0 0 0 0 0 0 0 0 0 0 0 0 0 14 0 13 0 45 8 0 0 1 0 0 10 3 14 0 0 0 9 10 2 0 0 0 22 1 0 0 0 0 40 11 59 0 0 0 0 0 0 0 0 0 0 0 0 0 0 3 0 0 0 0 0 0 0 0 2 0 0 0 0 0 0 0 0 0 0 0 0 0 0 0 0 0 0 0 0 0 0 0 8 17 29 6 0 0 23 0 10 5 0 0 0 0 0 19 0 0 25 0 10 11 10 0 4 6 0 0 9 0 8 11 10 0 51 7 18 18 12 0 7 0 0 0 0 0 0 0 0 10 0 0 0 0 0 0 0 13 0 0 0 64 2 0 0 0 0 0 0 0 0 0 0 0 0 0 0 0 0 0 8 0 4 0 0 16 2 0 
 0 0 4 61 12 7 2 0 0 0 0 69 0 0 64 2 3 0 0 0 0 0 0 0 0 9 6 0 0 0 0 0 6 9 5 0 5 0 0 0 65 128 34 44 256 0 28 108 49 154 171 78 23 49 337 125 68 64 62 52 1 52 64 1 1 2 135 24 85 27 2 1 101 52 1 2 2 0 53 2 0 0 0 0 0 0 0 0 0 0 12 0 0 0 0 0 0 0 0 0 0 6 0 0 8 0 0 1 0 0 8 0 9 2 7 12 6 0 3 4 0 0 0 0 11 12 0 0 0 0 11 0 0 0 0 0 10 0 0 0 0 0 22 11 0 0 46 0 10 16 0 0 21 17 36 0 30 37 1 10 0 0 0 0 14 0 0 0 0 3 38 0 0 0 0 0 0 1 0 0 1 0 22 5 1 0 0 0 36 10 0 0 0 0 11 1 7 7 4 5 0 0 0 9 23 20 0 0 6 11 0 34 0 0 0 0 0 58 0 0 8 8 0 46 0 0 54 11 11 0 11 34 6 29 0 20 29 5 0 1 0 7 0 0 0 0 0 0 0 0 0 9 0 0 0 0 0 2 0 7 0 0 14 1 0 16 0 1 1 0 0 0 0 0 0 2 0 0 0 0 0 0 0 0 0 0 0 0 0 0 
 0 0 0 5 5 0 0 0 3 0 0 6 0 0 0 9 3 0 0 0 0 0 30 64 0 31 0 0 28 0 0 62 66 0 5 18 65 63 5 3 178 295 147 152 43 28 0 90 142 265 35 37 594 41 104 26 116 34 132 339 0 0 0 0 2 1 0 0 0 51 0 0 0 0 0 0 0 0 0 0 0 0 2 0 10 0 0 0 0 0 11 4 1 0 0 37 0 0 0 0 0 0 0 14 2 32 1 0 0 0 0 0 3 7 0 13 14 0 25 0 21 0 1 19 0 0 27 6 0 1 0 15 35 1 0 38 6 11 12 0 0 0 0 0 0 0 0 0 0 0 0 0 0 0 0 0 0 0 0 0 0 0 0 0 39 0 7 0 0 11 0 0 0 0 0 0 0 0 0 0 0 0 0 16 21 21 0 0 1 5 22 0 18 1 0 0 0 0 0 4 0 4 0 0 0 0 11 12 1 10 0 0 12 15 0 0 31 0 1 11 0 0 0 0 0 0 0 0 0 0 0 0 0 0 0 0 0 0 0 0 0 4 0 0 0 0 0 0 0 0 0 4 0 2 0 0 0 63 2 0 0 0 64 0 0 1 0 0 0 0 0 0 0 0 0 0 0 0 0 8 0 0 0 0 0 0 0 0 0 0 
 5 2 2 2 2 2 2 2 3 2 2 88 31 2 3 0 2 2 3 3 0 1 2 5 0 61 0 2 0 2 49 65 0 2 1 2 1 2 0 3 53 316 346 293 142 108 90 0 333 34 30 37 131 282 166 93 278 120 66 57 2 0 2 6 2 3 0 1 0 1 3 0 0 0 0 2 3 4 0 3 0 0 0 0 0 0 0 0 0 0 0 0 0 0 9 0 0 0 0 0 0 0 0 3 0 12 0 8 0 0 0 0 0 0 0 0 0 0 0 0 23 51 22 34 7 0 1 7 23 8 1 0 0 0 19 18 31 10 0 0 0 0 0 0 0 0 0 0 0 0 0 0 0 4 0 0 0 0 0 0 0 0 0 0 0 0 0 0 0 0 0 0 0 0 0 0 0 0 0 0 0 0 0 0 0 0 0 0 0 0 0 13 0 0 0 0 0 0 0 0 1 23 22 31 19 10 0 13 13 41 3 22 35 27 0 19 0 7 0 0 0 0 0 0 0 0 0 0 0 20 0 0 0 0 5 0 9 0 40 0 0 0 29 0 0 0 0 0 0 0 0 9 0 0 0 0 0 0 29 0 0 0 2 1 2 0 2 0 2 0 0 0 0 0 0 0 0 0 0 0 0 0 0 0 0 16 0 9 2 0 
 0 0 0 0 1 3 0 0 0 0 0 2 0 0 0 0 0 0 0 0 1 0 0 1 86 64 2 0 1 0 2 63 6 5 2 0 6 17 0 3 44 130 433 307 60 49 142 333 0 140 52 244 161 313 149 65 407 119 195 231 0 0 0 0 1 0 7 0 0 0 0 0 0 0 0 1 49 0 0 0 0 0 0 0 0 0 0 0 0 0 0 0 0 0 0 0 0 0 0 0 1 4 0 0 4 18 0 2 0 0 11 0 0 0 18 24 3 0 0 25 27 29 13 9 0 0 19 0 0 1 7 10 19 28 0 15 2 4 66 37 0 0 0 0 0 0 0 0 0 0 0 0 0 0 0 0 0 0 0 0 0 0 0 0 0 0 0 0 0 0 0 0 0 0 0 0 0 0 0 0 0 0 5 26 1 0 0 0 24 4 1 1 0 1 19 2 2 6 1 14 24 29 3 10 0 0 30 12 8 15 0 0 20 13 1 1 40 0 12 9 0 0 0 0 0 0 0 0 0 0 0 0 0 0 0 0 0 0 0 0 0 0 0 0 0 0 0 0 0 0 0 2 0 1 0 0 0 1 0 2 0 0 1 0 0 0 1 0 0 0 2 0 0 0 0 0 0 0 0 0 0 3 0 0 22 0 0 0 2 0 
 0 0 2 0 0 0 0 0 0 0 0 0 0 0 0 0 0 0 0 0 3 3 3 3 4 4 3 3 3 3 3 85 3 3 3 3 79 3 3 6 36 260 145 142 140 154 265 34 140 0 430 36 136 95 195 129 51 117 319 312 14 2 0 0 0 0 32 5 0 14 18 5 47 2 0 12 0 0 52 23 0 0 0 0 0 0 0 0 0 0 0 0 0 0 0 0 0 0 0 0 0 0 0 0 0 0 0 0 0 0 0 0 0 0 0 0 0 0 0 0 0 8 1 0 7 0 19 0 0 8 7 9 0 16 0 0 10 0 0 0 1 0 0 0 0 0 9 3 0 0 16 6 21 14 19 4 8 9 22 4 0 0 0 0 0 0 0 0 0 1 7 0 0 0 0 0 0 0 0 0 0 0 0 0 0 0 0 0 1 0 0 0 0 0 0 0 18 0 0 0 7 0 0 0 16 16 0 0 0 9 2 0 0 11 14 0 0 24 0 0 0 0 2 14 21 0 24 2 0 6 2 0 18 10 9 11 7 8 0 10 0 0 0 0 0 0 0 0 0 0 0 7 0 2 53 0 0 0 0 2 0 0 0 1 2 15 0 0 0 0 6 0 0 0 0 0 0 0 0 0 0 1 0 0 10 0 0 11 1 0 
 0 0 0 0 22 3 0 0 0 0 0 0 5 0 0 2 0 0 0 0 0 0 0 0 0 18 2 0 2 0 0 0 9 9 8 0 0 0 0 0 93 37 66 125 94 171 35 30 52 430 0 85 57 61 286 293 111 74 63 59 3 0 2 0 0 0 6 0 0 0 0 0 53 1 52 0 0 0 57 28 0 0 0 0 0 0 0 0 0 0 0 0 0 0 0 0 0 0 0 0 0 4 0 0 0 0 0 0 0 0 9 0 9 0 0 8 4 0 0 1 0 0 0 0 11 20 0 0 0 0 1 0 0 0 0 0 10 8 0 0 20 0 40 0 0 0 20 0 0 0 0 0 23 18 13 10 21 0 21 9 0 0 0 0 0 0 0 2 0 2 4 0 0 0 0 0 0 2 0 0 0 0 9 1 0 0 0 0 28 14 0 0 0 0 5 0 0 6 0 0 0 0 0 0 1 13 0 0 0 1 0 22 0 0 0 0 0 9 0 0 0 25 13 0 0 0 16 1 0 0 0 0 45 16 27 0 10 20 0 26 0 5 0 0 0 0 0 0 0 0 0 9 0 1 0 0 0 0 0 0 0 0 0 0 36 14 2 3 0 0 0 0 0 0 0 0 0 0 0 0 0 4 0 0 18 1 0 0 2 0 
 2 3 13 4 4 3 4 2 2 2 4 5 3 2 4 1 2 4 3 4 1 1 2 0 1 15 0 4 1 1 2 1 6 1 2 1 67 0 1 4 235 27 27 159 342 78 37 37 244 36 85 0 45 29 246 112 83 66 447 58 1 0 0 0 45 0 0 0 0 0 0 0 0 0 0 0 0 0 59 0 0 0 0 0 0 0 0 0 19 0 0 0 0 0 0 3 0 0 0 0 0 0 0 1 0 9 0 0 0 0 0 0 0 0 0 0 0 0 0 0 0 8 0 0 13 36 3 17 11 0 18 0 0 0 10 0 0 9 0 0 1 8 0 0 0 0 0 0 0 0 0 0 1 0 0 0 0 0 0 18 0 0 0 0 0 18 0 0 0 0 0 0 0 0 0 0 0 0 3 0 0 0 51 0 0 0 0 0 0 0 0 0 0 0 0 0 0 0 0 0 0 0 0 3 0 3 0 1 0 2 0 15 5 0 0 8 0 7 0 3 2 13 9 0 1 0 14 22 0 0 0 0 64 32 0 0 2 0 8 28 0 0 6 0 0 0 0 0 0 0 0 16 0 0 0 0 0 2 0 17 0 0 0 0 2 6 0 4 2 0 0 0 0 0 0 0 0 0 0 0 0 0 0 0 8 0 0 0 0 13 
 4 0 0 0 2 2 0 2 2 0 2 0 6 2 0 2 2 0 2 0 5 4 3 129 32 62 5 5 3 5 65 32 5 4 4 3 3 6 4 4 127 261 153 56 84 23 594 131 161 136 57 45 0 150 156 43 109 25 152 193 0 0 0 2 2 0 2 1 0 9 26 0 4 5 0 7 0 0 1 1 0 0 0 0 0 0 0 0 0 0 0 0 0 0 0 0 1 0 0 0 0 0 0 0 0 70 0 0 0 0 1 0 0 0 0 0 0 28 0 0 0 8 4 0 0 0 79 16 46 14 1 7 13 22 4 0 0 0 1 0 2 0 0 0 0 0 9 0 0 0 0 1 0 0 0 0 3 1 20 0 0 0 0 0 0 0 0 0 0 0 0 1 0 0 0 0 0 0 0 0 0 0 0 0 15 29 0 0 0 0 10 9 0 0 0 0 0 0 0 0 19 0 0 29 0 0 22 35 22 15 8 0 31 23 29 11 5 7 0 32 0 0 0 2 0 0 0 0 0 0 8 0 0 0 0 0 0 0 0 0 0 0 20 0 0 0 0 0 0 0 0 21 7 0 0 0 0 0 0 0 24 0 0 0 0 2 0 0 2 0 19 0 0 2 0 0 0 0 0 10 0 0 0 0 0 0 0 0 0 0 
 0 0 7 0 0 0 0 2 0 0 0 6 0 0 2 0 0 0 0 0 0 0 0 65 28 24 2 1 0 0 125 29 2 0 0 0 0 0 0 0 42 51 193 72 164 49 41 282 313 95 61 29 150 0 295 112 68 267 119 142 34 0 0 4 2 0 0 1 2 0 8 0 0 0 4 0 0 0 0 7 0 0 0 0 0 0 0 0 0 0 0 0 0 0 0 0 0 0 0 0 0 0 0 0 0 20 0 0 0 0 0 0 0 0 0 0 0 0 0 0 6 19 11 0 0 0 23 20 13 6 8 18 0 10 17 21 7 14 13 20 0 0 0 0 0 0 0 0 0 0 0 0 0 0 0 0 3 0 1 0 0 0 0 0 0 0 0 0 1 0 0 0 0 0 0 0 0 0 0 0 0 0 0 0 0 1 0 12 2 0 8 8 0 0 0 0 0 0 0 0 50 9 13 12 0 0 40 20 18 0 12 0 47 19 19 7 26 12 9 6 0 0 0 0 0 0 1 0 0 0 0 0 0 0 0 0 0 0 0 0 0 0 9 0 0 0 0 0 0 0 0 8 0 0 0 0 0 0 62 0 0 0 0 0 0 2 0 0 0 0 19 0 1 0 0 0 0 0 0 0 0 0 0 0 11 0 0 0 0 0 
 0 0 0 0 0 2 0 0 0 0 0 0 0 0 0 3 0 0 0 0 0 0 0 19 8 124 0 0 0 0 0 0 0 0 3 6 0 107 0 1 288 247 110 284 94 337 104 166 149 195 286 246 156 295 0 101 114 44 170 187 0 0 5 1 0 0 1 0 0 6 5 0 5 0 0 31 11 0 3 1 16 0 0 0 0 0 0 0 0 0 0 0 0 0 0 0 8 0 0 0 0 0 0 0 0 0 0 0 0 0 13 0 0 0 0 0 0 0 0 0 10 22 0 0 3 33 8 0 22 30 0 28 11 60 0 0 1 0 0 21 0 0 0 0 0 0 0 0 0 0 0 0 1 0 0 0 7 12 12 0 0 0 0 0 0 0 0 0 0 0 0 0 0 4 0 0 0 0 0 1 0 0 0 0 4 5 0 0 0 0 2 0 6 0 0 0 0 0 0 0 21 17 2 29 15 1 21 16 17 10 18 7 0 13 12 0 13 7 3 7 0 0 0 0 6 1 26 0 0 0 0 30 21 0 0 23 0 0 0 0 0 0 12 0 0 0 0 0 0 0 0 4 0 0 0 0 0 0 0 0 0 0 2 0 0 0 3 0 2 0 0 0 0 0 0 5 0 0 0 9 0 0 0 0 1 17 0 0 2 0 
 0 0 0 0 0 3 0 0 0 0 0 0 0 0 0 0 0 0 0 0 3 3 3 3 69 4 3 4 3 2 3 3 3 3 3 3 3 3 4 5 303 340 57 136 90 125 26 93 65 129 293 112 43 112 101 0 89 133 459 74 0 0 0 0 81 5 48 0 0 0 2 0 92 0 0 5 23 0 51 78 0 0 0 0 0 0 0 9 0 0 0 0 0 0 0 0 0 0 0 0 0 0 0 0 0 0 0 0 0 0 0 0 0 0 0 0 0 0 0 15 0 0 0 0 13 7 0 34 63 1 22 0 0 0 25 0 3 0 0 0 0 0 0 0 0 0 18 0 0 18 0 0 22 0 15 0 0 3 0 2 0 0 0 0 0 0 0 0 0 0 0 0 0 0 0 0 0 0 0 1 0 0 0 0 0 4 0 0 0 0 0 0 0 0 0 0 0 0 0 0 0 0 4 13 39 21 0 0 20 12 1 1 0 0 0 0 0 40 0 0 0 0 0 0 0 3 13 2 0 0 0 0 26 0 9 19 0 0 0 20 0 0 8 0 0 0 0 0 0 0 0 13 0 0 0 0 0 0 0 1 0 0 1 1 4 1 0 0 2 0 0 0 0 0 0 0 0 0 0 0 0 0 0 0 11 15 0 18 2 0 
 0 0 2 0 1 0 0 0 0 0 0 2 0 0 0 0 0 0 0 0 0 0 0 0 0 65 0 0 0 0 0 0 0 4 0 0 0 1 0 0 64 140 196 130 69 68 116 278 407 51 111 83 109 68 114 89 0 210 143 53 0 0 0 2 0 4 0 0 0 0 0 2 0 2 0 48 0 1 0 2 0 0 0 0 0 0 0 0 0 0 0 0 0 0 0 0 0 0 0 0 0 0 0 0 0 0 0 0 0 0 0 0 0 0 0 0 0 0 0 0 2 1 1 19 0 29 39 22 0 10 32 21 0 13 12 0 6 9 1 50 0 9 14 0 0 0 0 0 0 0 0 0 0 0 12 0 0 0 0 22 0 0 0 0 0 0 0 0 2 0 0 0 0 0 0 0 0 0 0 0 0 0 0 0 0 0 0 0 0 0 0 0 0 0 0 0 0 0 0 0 33 1 12 7 24 3 14 9 0 8 10 0 0 2 7 0 51 0 9 9 0 0 0 0 0 0 14 21 0 0 4 0 15 0 0 0 0 0 8 3 0 0 0 0 0 0 0 0 0 0 0 6 0 0 0 0 0 0 0 0 0 0 61 0 1 1 0 0 0 0 0 0 0 0 0 0 0 0 0 3 0 0 0 0 0 15 0 0 2 0 
 0 0 0 0 0 0 0 0 6 0 0 2 0 0 0 2 0 0 0 0 0 0 0 3 63 2 0 0 0 0 0 0 0 0 3 6 2 0 0 0 101 170 100 49 42 64 34 120 119 117 74 66 25 267 44 133 210 0 481 189 0 0 0 0 54 0 10 3 0 9 6 0 69 0 0 7 0 0 0 0 0 0 0 0 0 18 0 0 0 0 0 0 0 0 0 0 0 6 0 0 0 0 0 0 0 0 0 0 0 0 0 0 0 0 0 0 0 0 0 0 0 13 15 12 0 17 9 2 31 10 15 14 0 54 10 76 11 18 11 36 0 0 0 0 0 0 0 0 0 0 0 0 0 5 0 0 0 0 36 0 0 10 0 0 0 0 0 0 5 18 0 0 0 0 0 0 0 0 0 5 0 0 0 0 0 0 0 0 0 0 0 0 0 0 0 0 0 0 0 0 3 40 27 14 22 0 27 15 18 2 30 0 20 16 30 0 0 7 0 0 0 0 0 0 0 0 0 0 6 0 0 19 0 8 0 0 0 0 42 17 0 0 1 0 0 0 0 0 0 0 0 3 0 0 0 0 0 0 0 13 0 0 4 0 0 7 3 0 0 0 0 0 0 0 0 0 0 0 0 0 0 0 0 0 6 0 0 0 0 0 
 0 0 2 1 12 1 0 1 0 1 1 31 0 1 0 0 1 1 0 0 1 2 2 4 64 22 2 1 85 64 24 3 51 11 61 2 2 41 0 1 304 293 64 148 304 62 132 66 195 319 63 447 152 119 170 459 143 481 0 355 0 0 0 0 0 0 0 0 0 0 0 0 0 0 52 5 0 0 0 0 0 0 0 0 0 0 0 0 0 0 14 0 0 24 0 3 0 0 0 0 0 3 0 0 15 0 0 0 0 0 13 4 11 5 0 22 17 0 4 0 19 23 0 32 0 10 11 14 0 13 10 21 0 9 10 10 43 11 6 20 0 0 0 0 0 0 0 0 0 0 0 0 0 0 0 0 0 0 0 0 9 0 0 0 8 0 0 0 10 0 0 0 0 0 0 0 0 0 0 0 0 23 18 14 1 6 0 0 11 19 0 37 1 0 16 0 0 3 0 16 16 0 56 14 50 0 2 19 0 64 0 0 0 11 7 0 27 0 9 0 0 0 0 0 0 0 0 0 0 0 0 0 0 0 0 0 0 0 0 0 0 6 0 0 0 0 0 0 0 1 0 11 0 1 0 0 0 2 0 0 0 0 39 0 0 2 2 1 2 0 0 0 0 0 0 1 0 0 0 0 0 0 0 0 0 10 0 0 0 0 
 0 0 46 0 0 0 0 0 0 0 0 0 0 0 0 0 4 0 0 0 0 0 63 126 25 0 0 0 76 0 64 23 0 3 0 62 29 0 0 25 47 45 182 55 100 52 339 57 231 312 59 58 193 142 187 74 53 189 355 0 2 0 0 0 0 7 8 0 0 6 23 0 0 0 0 7 0 0 7 2 0 0 0 0 0 0 0 0 0 0 0 0 0 0 0 0 0 0 0 0 0 0 0 29 6 19 0 18 0 0 0 0 0 0 0 0 14 0 0 0 0 9 22 5 0 5 55 18 15 10 10 21 20 91 7 17 1 10 21 11 2 0 2 0 0 0 3 0 0 0 0 0 0 0 5 0 0 0 28 0 0 0 0 0 0 0 0 0 0 0 0 0 0 0 0 0 0 0 0 0 0 0 0 20 0 19 0 0 53 0 50 11 0 0 0 0 0 9 0 0 20 1 0 0 0 8 4 16 11 0 33 22 22 38 27 45 42 0 0 27 0 0 0 0 0 0 6 0 0 0 0 0 0 8 0 0 0 0 27 0 0 0 0 0 0 0 0 0 0 0 0 4 0 0 0 0 0 0 1 0 8 0 3 0 0 2 2 0 0 0 10 0 0 0 0 0 0 0 0 0 0 0 9 0 31 0 0 6 0 0 
 0 0 0 0 0 0 0 0 0 0 0 0 0 0 3 0 0 0 0 0 0 11 3 3 0 40 0 48 2 0 2 56 2 1 6 4 1 0 0 2 203 0 5 0 0 1 0 2 0 14 3 1 0 34 0 0 0 0 0 2 0 238 134 161 90 96 333 114 109 330 179 80 49 149 105 141 151 49 77 249 0 0 0 0 1 0 0 0 0 0 0 0 0 0 0 0 0 0 0 0 0 0 1 0 0 0 0 0 30 0 0 0 0 0 0 2 2 23 0 0 0 0 0 0 0 0 0 0 0 0 0 0 0 0 0 8 0 0 0 0 0 0 1 0 14 22 39 15 33 7 12 51 0 10 0 5 12 10 0 0 0 0 0 0 0 0 0 0 0 0 0 0 0 0 0 5 0 0 0 0 0 9 0 7 0 0 0 0 0 0 2 3 0 0 0 0 0 0 0 0 0 0 0 0 0 0 0 0 0 0 0 0 0 0 0 4 0 0 0 5 0 0 34 4 7 15 0 12 36 15 10 0 0 0 4 0 14 0 0 0 0 0 0 0 0 0 0 0 0 0 0 0 0 1 15 0 0 1 0 0 0 0 0 0 0 0 0 0 0 0 22 0 63 0 0 0 0 0 0 0 0 0 0 0 0 0 6 0 0 0 
