 0 509 279 275 248 258 199 260 142 45 754 244 386 196 430 142 258 48 138 114 0 69 0 1 2 5 1 0 0 0 0 0 3 2 0 0 0 0 0 0 77 0 0 0 0 0 2 0 1 2 0 3 0 0 0 0 3 0 0 0 0 0 0 3 3 0 3 3 0 1 0 0 0 5 0 2 1 3 0 14 20 0 28 38 9 10 0 1 19 25 10 29 14 0 22 10 13 33 0 17 0 0 0 3 0 0 0 0 0 0 0 0 49 0 0 0 0 0 2 0 0 0 0 0 0 0 0 0 0 0 0 0 0 0 0 0 0 0 0 0 0 0 0 0 0 0 0 0 5 0 0 0 0 1 0 0 0 0 0 0 20 10 0 1 0 2 0 14 14 39 9 0 18 14 18 13 0 45 0 13 0 0 0 0 0 0 2 0 0 0 0 0 0 0 0 0 0 0 3 0 0 5 0 0 0 11 0 0 13 1 0 0 0 0 0 0 1 0 0 0 0 0 0 0 0 0 0 0 0 0 0 0 0 0 0 0 0 0 0 0 0 9 0 0 0 0 91 0 0 0 32 4 0 0 0 0 0 0 0 0 0 0 1 0 0 0 0 0 0 0 0 0 0 0 0 0 0 0 0 0 0 0 0 0 0 0 0 0 0 0 
 509 0 166 122 124 65 90 60 32 37 165 91 155 130 52 116 121 40 20 252 0 2 0 0 0 3 74 0 0 0 0 0 4 2 0 0 0 0 0 0 6 0 0 0 0 0 1 0 2 2 0 2 0 0 2 0 63 61 0 0 0 0 0 0 0 0 3 0 0 0 0 0 0 3 0 2 0 2 0 2 0 0 0 9 11 4 14 8 19 21 1 20 0 0 6 13 40 36 21 0 0 1 0 0 9 2 1 1 0 0 0 1 2 0 0 0 0 0 0 0 0 0 0 0 0 0 0 0 0 0 0 0 0 0 0 0 0 0 0 0 0 0 2 0 0 0 0 0 5 0 0 0 0 5 2 0 34 0 0 0 23 0 21 21 9 28 0 1 0 31 0 0 0 24 0 1 0 27 8 22 0 0 0 0 0 0 9 0 0 0 0 0 3 0 0 0 0 0 13 0 0 0 0 0 0 0 0 0 0 0 0 0 0 2 0 0 12 0 0 0 0 0 0 0 0 0 0 0 0 0 0 0 0 0 0 0 0 0 0 10 0 25 22 0 0 18 0 0 0 47 13 3 0 0 0 0 0 0 0 0 0 0 1 0 0 65 0 0 0 0 0 0 0 0 0 27 0 0 0 0 0 0 0 0 0 0 0 0 0 0 
 279 166 0 91 39 139 208 127 216 147 535 123 61 138 175 230 267 119 342 91 0 0 3 0 2 3 71 0 0 0 0 1 3 2 0 1 0 0 0 0 3 0 0 0 0 0 2 0 3 2 0 3 0 2 2 0 0 0 0 0 0 0 0 0 0 0 3 0 0 1 0 0 0 3 0 2 0 0 0 0 21 10 0 11 2 14 9 1 44 28 10 11 0 21 11 0 12 19 1 0 15 0 0 0 0 0 19 0 0 0 0 0 0 0 0 1 0 0 0 0 1 0 0 0 0 0 0 0 0 18 0 0 0 0 0 0 0 0 0 0 31 0 0 1 0 0 0 0 6 0 0 0 0 5 0 0 12 0 0 0 21 8 16 0 9 25 18 2 0 0 15 0 0 0 10 15 19 30 1 2 0 0 0 0 1 0 10 0 0 0 0 0 14 0 0 0 0 0 15 0 0 0 0 0 0 0 0 0 0 0 0 0 0 10 0 0 0 0 0 19 0 0 0 0 0 0 0 14 0 0 0 2 0 0 0 0 0 0 0 0 0 0 0 0 0 3 17 0 4 102 2 0 0 0 0 0 0 0 0 0 0 0 15 0 0 0 0 0 0 0 0 0 0 3 0 27 0 0 0 0 0 0 0 0 0 0 0 0 0 0 
 275 122 91 0 202 363 124 56 172 145 483 335 79 174 148 95 188 295 76 68 0 3 0 1 0 5 101 0 10 0 0 2 172 43 56 0 0 0 223 0 3 0 0 0 0 0 1 0 1 2 6 2 0 0 0 0 2 0 0 0 0 0 0 3 3 0 3 3 0 0 0 0 0 5 0 2 3 50 0 1 0 0 3 0 15 0 0 0 0 0 18 4 0 13 0 19 15 10 0 0 20 16 0 0 0 0 32 1 13 0 0 0 14 27 0 12 0 3 32 17 0 0 0 0 0 0 0 0 0 0 11 0 0 0 0 0 0 0 0 0 0 22 0 0 0 0 0 0 0 0 0 0 0 0 0 0 6 0 1 0 0 0 1 36 16 17 5 0 17 0 14 52 0 0 0 0 1 11 0 0 21 2 15 0 0 0 0 0 0 32 0 0 65 0 0 48 0 13 5 23 0 0 0 0 0 0 0 0 0 0 0 0 0 0 0 0 0 0 0 0 0 9 0 2 0 0 0 0 0 1 0 0 0 3 0 0 0 14 0 0 0 0 0 0 0 1 116 2 13 90 0 7 0 0 0 0 0 0 0 0 2 0 2 0 0 0 0 0 0 0 0 0 0 0 0 15 34 14 0 0 0 0 0 0 0 0 0 0 0 0 
 248 124 39 202 0 369 350 57 99 62 182 202 75 368 149 88 50 140 71 71 151 0 75 2 0 5 2 0 2 0 0 0 3 152 118 0 0 1 74 209 3 0 0 0 0 2 1 0 0 2 0 2 0 0 2 0 0 0 0 0 0 0 0 0 0 0 3 2 0 2 0 2 0 3 0 2 0 0 0 0 0 0 0 0 21 10 0 1 0 23 17 4 0 0 0 0 26 11 0 0 14 5 0 0 0 0 23 19 19 0 20 0 20 13 21 33 3 5 9 53 0 0 0 0 0 0 0 0 0 0 0 0 0 0 0 0 0 0 0 0 0 0 0 0 2 1 0 0 0 0 0 0 0 0 0 0 11 0 4 0 0 0 0 17 0 0 4 0 0 0 14 54 0 1 0 0 0 11 0 0 0 47 22 16 0 0 10 24 11 0 1 0 11 17 25 24 10 0 14 0 0 0 0 0 0 0 0 0 0 0 0 16 0 0 0 2 0 0 0 0 0 0 0 0 0 6 0 0 0 0 11 0 0 0 0 2 0 0 0 0 0 0 0 0 0 0 4 1 2 91 0 0 0 0 0 0 0 0 0 0 0 0 0 0 0 0 0 0 0 0 0 0 0 0 0 18 0 0 0 0 0 0 0 0 0 11 0 0 0 2 
 258 65 139 363 369 0 445 123 68 380 348 63 44 61 47 401 55 301 144 270 99 0 36 73 0 3 147 0 147 0 0 0 78 16 1 0 0 0 0 180 4 0 0 0 0 0 0 0 0 2 0 2 0 0 1 1 0 6 2 2 0 0 52 0 0 0 3 0 0 0 0 0 0 1 0 3 0 0 0 2 0 0 10 12 0 9 0 0 13 21 0 0 0 0 0 0 16 0 0 0 19 9 0 0 0 0 34 13 0 0 12 0 21 0 25 14 9 0 10 26 2 0 0 0 0 0 0 0 0 0 0 7 0 0 0 0 0 0 0 0 2 0 0 8 0 0 0 0 0 0 0 1 0 0 1 0 1 0 1 0 1 0 49 32 13 41 0 10 8 11 0 37 0 0 0 2 0 27 0 0 14 26 6 12 0 0 10 40 10 0 0 0 0 26 16 0 6 24 18 1 0 0 0 0 2 0 2 0 0 0 0 0 0 0 0 0 0 0 0 0 1 6 0 0 0 0 0 0 0 0 0 0 0 0 0 0 0 0 0 0 0 0 0 0 0 2 2 1 1 46 0 2 0 0 0 0 0 0 0 0 0 0 0 0 0 0 0 0 0 0 0 0 0 1 0 11 0 0 0 0 0 0 0 0 0 45 0 0 0 0 
 199 90 208 124 350 445 0 176 287 172 132 34 303 344 403 23 138 343 51 146 0 0 0 0 0 3 0 0 2 0 0 0 3 2 0 0 0 0 0 0 3 0 0 0 0 0 8 7 1 2 0 2 0 0 0 0 0 0 0 0 0 0 0 0 0 0 3 0 0 1 0 2 0 3 0 2 0 0 0 1 22 23 15 1 14 40 10 40 34 28 25 2 0 2 13 9 13 23 0 13 0 0 0 0 0 0 0 0 0 0 0 0 9 0 0 0 0 0 11 0 0 0 0 0 0 0 0 0 7 1 0 0 0 0 0 0 0 0 0 0 0 0 0 0 0 0 1 0 0 0 0 0 8 0 0 0 0 0 15 0 0 33 14 2 0 0 0 7 9 15 0 11 0 21 13 11 1 1 0 33 0 0 0 0 0 0 0 0 2 0 0 0 0 0 0 2 0 11 0 0 0 0 0 0 0 2 0 0 0 0 0 0 0 0 0 0 0 0 14 0 1 0 0 1 0 0 0 0 0 0 0 0 0 0 0 0 0 14 0 0 0 12 0 0 0 2 92 0 4 1 12 3 0 0 1 0 0 0 0 0 0 0 0 0 0 0 0 0 0 0 0 0 0 0 0 0 0 0 0 0 0 0 0 0 0 0 0 0 0 0 
 260 60 127 56 57 123 176 0 366 223 47 223 112 196 80 155 146 236 198 376 2 0 8 0 0 3 0 0 0 0 0 0 2 2 207 0 1 2 0 1 73 0 0 0 0 2 0 0 1 0 0 0 0 0 2 3 0 0 0 0 0 1 0 0 0 0 0 0 3 0 0 0 0 0 0 0 0 0 0 2 40 22 16 10 11 14 5 29 24 9 46 0 12 35 18 0 19 13 0 10 0 0 0 0 0 0 14 0 0 0 0 0 11 0 0 0 0 1 10 0 0 0 0 0 0 0 0 0 0 0 0 14 0 0 0 0 0 0 0 0 0 0 0 0 0 0 8 0 0 0 0 0 6 0 0 0 0 0 0 1 23 10 0 22 0 1 29 14 18 11 2 0 2 12 20 11 0 22 11 26 1 0 0 0 0 14 1 0 0 0 0 0 0 0 0 0 0 0 7 1 0 0 0 0 0 0 0 0 0 0 0 0 0 0 0 0 0 0 0 0 0 0 0 0 0 0 0 0 0 0 0 0 2 0 0 0 0 14 0 0 0 0 0 0 0 2 2 2 0 0 0 4 0 0 0 0 0 0 0 0 0 0 30 0 0 0 0 0 0 0 0 0 0 0 0 0 0 0 0 0 0 0 0 0 0 0 0 0 0 0 
 142 32 216 172 99 68 287 366 0 339 238 129 194 619 214 209 122 66 78 89 0 0 0 0 0 3 0 0 0 0 1 0 78 4 0 1 0 0 0 0 3 0 0 0 0 0 1 0 1 2 0 2 36 0 2 0 0 0 0 0 0 67 0 0 0 0 3 0 0 0 0 0 0 3 0 2 0 0 0 1 2 19 3 1 28 33 10 14 27 15 17 0 0 35 15 24 23 28 0 18 0 0 0 0 0 0 1 4 0 0 0 0 10 0 0 1 0 2 32 0 0 0 0 0 0 0 0 0 0 0 28 0 0 0 0 0 0 0 0 1 0 0 0 0 0 0 4 0 0 0 0 0 25 0 0 0 0 0 0 1 11 35 0 15 0 1 30 0 9 0 0 0 0 17 23 14 1 0 6 0 2 2 0 0 0 0 0 0 0 0 0 0 18 0 0 0 0 0 1 0 0 0 0 0 0 0 0 0 0 0 0 0 0 0 0 0 0 0 0 0 0 0 0 0 0 0 0 0 0 0 0 0 0 0 0 0 0 0 0 0 0 1 0 0 13 2 48 0 3 3 2 8 0 0 0 0 0 0 0 0 0 0 19 0 0 0 0 0 0 0 0 0 0 0 0 0 5 0 0 0 0 0 0 0 0 0 0 0 0 0 
 45 37 147 145 62 380 172 223 339 0 71 164 43 309 174 188 140 34 118 190 0 1 0 2 1 3 2 0 38 0 1 0 21 5 0 2 0 1 0 0 3 0 0 0 29 3 2 0 1 4 0 3 2 0 1 0 0 2 0 2 0 0 0 0 0 0 3 0 0 1 0 0 0 3 2 2 0 0 0 0 27 15 0 11 10 23 8 20 34 5 8 0 0 33 14 8 32 24 2 26 2 0 0 0 0 0 15 0 0 0 0 0 12 0 0 2 0 0 20 0 0 0 0 0 0 0 0 0 0 0 12 0 0 0 0 0 0 0 0 0 1 0 0 0 0 0 15 0 2 0 0 0 9 0 0 0 0 0 0 0 41 32 0 26 4 1 19 21 19 21 0 0 0 20 17 24 0 1 26 21 1 24 0 0 2 0 0 0 0 6 0 0 16 0 0 0 2 0 19 0 2 0 0 0 0 0 0 0 0 0 0 0 0 0 0 0 0 0 0 1 0 0 0 0 0 0 0 0 0 0 0 0 0 0 0 0 0 0 0 0 0 0 0 0 0 0 7 0 0 1 2 5 0 0 0 0 0 0 0 0 0 0 13 0 0 0 0 0 0 0 0 0 0 0 0 2 17 0 0 0 0 0 0 0 0 0 0 0 0 0 
 754 165 535 483 182 348 132 47 238 71 0 362 233 142 343 142 93 190 37 275 0 78 2 2 0 5 147 0 0 0 0 1 43 84 0 0 3 0 136 0 4 0 0 0 0 2 4 0 1 4 2 3 1 0 0 13 2 16 0 3 44 0 4 0 0 0 3 6 0 4 0 0 2 3 0 2 0 0 0 2 0 14 13 0 0 16 11 39 22 30 21 0 0 0 0 10 22 1 0 0 1 14 0 0 0 0 14 0 0 0 1 0 10 16 0 0 0 0 0 0 0 0 0 0 0 0 0 0 0 0 0 0 2 0 0 0 0 0 0 0 1 0 0 0 0 0 0 0 2 0 0 0 0 12 0 0 9 0 0 0 1 8 33 15 22 69 0 0 26 0 10 0 0 19 10 1 0 20 0 18 14 0 0 0 0 0 0 1 0 19 0 0 0 0 0 0 1 0 13 30 0 0 0 0 1 0 1 0 0 0 0 0 0 0 0 0 0 0 0 0 2 0 0 0 0 0 0 0 0 1 0 0 0 0 0 0 0 0 0 0 0 16 0 0 0 0 95 2 88 9 0 8 0 4 0 0 0 0 0 0 0 0 1 0 0 0 0 0 0 0 0 0 0 2 0 39 17 0 0 0 0 0 0 0 0 0 0 0 0 0 
 244 91 123 335 202 63 34 223 129 164 362 0 232 171 214 51 60 258 31 242 1 0 0 0 1 3 198 0 0 0 0 2 96 73 111 0 0 0 154 108 4 0 0 0 0 0 3 0 0 2 0 3 0 0 0 0 0 0 1 0 0 51 0 0 0 0 3 3 0 3 0 0 0 3 0 2 0 0 0 1 0 0 6 20 16 16 0 0 16 1 28 0 0 0 0 0 0 45 0 13 17 27 0 0 0 0 1 14 0 0 0 0 40 13 7 28 0 0 12 0 0 0 0 0 0 0 0 0 0 0 0 0 0 0 0 0 0 11 0 0 0 0 0 2 0 0 0 0 1 0 0 0 0 0 0 0 0 0 2 0 0 0 0 53 11 23 16 0 23 0 0 34 0 0 11 5 0 0 0 2 29 14 7 0 1 0 0 1 4 41 0 0 10 0 12 0 1 0 1 13 0 0 0 0 0 0 0 0 1 0 0 0 0 0 0 0 0 0 0 0 0 0 0 0 0 0 0 0 0 0 0 1 0 0 0 0 16 0 0 0 0 1 0 0 0 0 175 1 46 0 1 4 0 0 0 0 0 0 0 0 0 0 13 0 0 0 0 0 0 0 0 0 0 0 0 0 7 8 0 0 0 0 0 0 0 0 0 0 0 0 
 386 155 61 79 75 44 303 112 194 43 233 232 0 189 476 238 32 236 220 164 0 0 0 0 73 6 0 0 0 0 0 0 4 2 0 0 0 1 0 0 3 0 0 0 0 2 1 0 61 2 0 2 0 2 1 0 0 0 2 0 0 0 0 4 0 0 3 47 4 0 0 0 3 3 0 2 0 0 0 2 39 19 0 28 0 14 23 45 11 11 1 38 18 26 0 14 14 0 10 33 0 0 0 0 0 0 0 0 0 0 0 0 0 0 0 0 0 0 0 0 0 0 0 0 0 0 0 0 0 1 0 0 0 0 0 0 0 0 0 0 0 0 0 0 0 0 2 0 0 0 0 0 2 0 0 0 0 0 0 0 0 23 0 13 0 0 24 17 0 0 0 0 0 72 0 0 7 0 34 24 0 0 0 0 0 0 0 0 1 0 0 0 0 0 0 2 0 0 0 0 0 0 0 0 0 2 0 0 0 0 0 0 0 0 0 0 0 0 0 0 16 0 0 1 0 0 0 0 0 0 28 0 0 0 0 1 0 0 0 0 0 15 0 0 0 2 3 0 2 1 0 20 0 0 0 0 0 0 0 0 0 0 0 0 0 0 0 0 0 0 0 0 0 0 0 0 0 0 0 0 0 0 0 0 0 0 0 0 0 0 
 196 130 138 174 368 61 344 196 619 309 142 171 189 0 198 51 50 50 318 86 0 0 3 0 0 5 0 0 3 2 0 0 3 4 3 3 0 0 0 0 3 0 0 3 2 0 1 0 59 7 3 2 0 2 1 2 3 0 0 0 0 0 0 0 3 3 3 0 0 0 1 2 0 3 0 2 0 2 0 2 38 12 0 47 26 17 0 42 13 0 24 35 0 13 0 0 30 74 0 0 0 0 1 1 0 0 0 0 2 0 0 0 0 18 0 0 0 0 10 0 0 0 0 0 0 0 0 0 0 0 0 0 0 0 0 0 0 0 0 0 0 0 0 0 0 0 1 0 0 0 0 0 0 0 0 0 0 0 0 0 0 10 0 50 0 0 8 0 0 18 0 0 0 16 10 15 10 18 23 0 0 0 0 3 0 0 0 0 0 0 0 0 0 0 0 0 0 0 0 0 0 0 1 0 0 0 0 0 0 1 0 0 0 0 0 9 0 0 0 0 0 0 0 0 2 0 0 0 0 17 0 0 0 0 0 0 0 2 0 0 0 1 0 0 0 1 89 1 0 3 37 10 0 0 0 0 0 0 0 0 0 0 13 0 0 2 0 1 0 0 0 0 0 0 0 1 0 0 0 0 0 0 0 0 0 0 0 0 0 0 
 430 52 175 148 149 47 403 80 214 174 343 214 476 198 0 381 29 43 189 275 0 0 0 0 0 3 0 0 0 0 0 0 4 3 1 0 0 0 0 0 3 0 0 0 0 0 3 59 24 2 0 3 0 0 2 0 0 0 0 0 0 0 0 0 0 0 3 0 0 3 0 0 0 3 0 2 0 0 0 2 24 0 10 17 28 45 20 12 12 12 31 9 0 0 9 10 0 28 13 0 0 0 0 0 0 0 21 0 0 0 1 0 0 0 0 0 61 0 15 0 13 0 0 0 0 0 0 0 0 0 0 0 1 0 0 0 0 0 0 0 1 0 0 0 0 0 0 0 3 0 0 0 1 0 0 0 0 0 0 0 19 13 16 21 0 13 30 9 0 10 0 13 0 18 24 25 11 51 16 0 1 0 0 0 0 0 12 1 0 0 0 0 0 0 0 0 0 0 13 0 0 0 0 0 1 0 1 0 0 0 0 0 0 1 0 0 0 0 0 0 2 0 0 0 0 0 0 0 0 1 0 0 0 0 0 0 0 0 0 0 0 1 0 0 0 0 46 0 3 94 0 0 0 0 2 0 0 0 0 0 0 0 18 0 0 0 0 0 0 0 0 0 0 2 0 3 1 0 0 0 0 0 0 0 0 0 0 0 0 0 
 142 116 230 95 88 401 23 155 209 188 142 51 238 51 381 0 512 39 45 77 0 0 0 0 0 3 0 0 0 0 0 0 114 2 0 0 0 0 76 2 6 0 0 0 32 0 0 0 1 2 0 2 0 0 0 0 82 12 0 4 0 36 0 0 0 0 3 44 0 0 0 0 0 1 0 3 0 0 0 2 11 0 11 6 0 0 1 0 34 15 27 11 13 26 28 14 2 0 1 0 64 0 0 0 0 0 1 0 0 0 0 0 4 7 0 0 0 0 15 0 0 0 0 0 0 0 0 0 1 0 11 0 0 0 0 0 0 1 0 0 0 0 0 0 0 0 0 15 0 0 0 0 0 5 0 0 4 0 0 0 21 0 12 0 35 16 6 35 63 21 11 0 11 0 21 23 28 52 14 0 16 0 0 0 0 0 0 8 0 0 0 0 18 0 0 15 0 0 11 13 0 0 0 0 0 0 0 0 0 0 0 1 2 0 0 0 0 0 0 0 0 0 0 0 0 0 0 0 0 0 0 0 0 0 0 0 0 0 0 0 0 0 0 0 0 4 1 1 0 2 0 2 7 2 0 0 0 0 0 0 0 0 0 1 0 0 0 0 0 0 0 0 0 0 0 8 9 0 0 0 0 0 0 0 0 0 0 0 0 0 
 258 121 267 188 50 55 138 146 122 140 93 60 32 50 29 512 0 146 96 198 1 0 76 3 1 3 0 0 0 0 0 39 114 3 0 0 0 0 1 0 21 0 0 0 0 2 0 1 5 2 0 2 3 0 2 0 0 6 0 4 1 40 0 0 0 1 3 0 2 0 2 0 3 1 0 3 0 0 0 4 21 14 40 0 13 12 34 15 18 0 0 20 17 1 81 15 10 4 0 1 3 2 0 0 0 0 13 0 0 0 0 0 12 12 0 0 0 0 19 0 20 0 0 0 0 0 2 0 0 0 11 7 0 0 0 0 0 0 0 0 0 0 0 0 0 0 3 0 0 0 0 0 7 0 0 0 0 0 0 0 17 14 36 0 19 20 3 35 0 33 37 18 16 17 31 18 16 31 0 30 34 0 0 0 20 0 0 10 0 0 0 0 16 0 0 0 0 0 13 0 0 0 0 0 0 0 0 0 0 0 0 0 0 0 0 0 0 0 0 0 0 0 0 0 0 1 0 0 0 0 0 0 0 0 0 0 0 0 0 0 0 1 0 0 0 1 1 0 0 0 23 7 11 0 2 0 0 0 0 0 0 0 0 0 0 0 0 0 0 0 0 0 0 0 0 0 8 0 0 0 0 0 0 0 0 0 0 0 0 0 
 48 40 119 295 140 301 343 236 66 34 190 258 236 50 43 39 146 0 30 113 1 0 0 0 0 3 151 0 0 76 0 0 70 75 74 0 0 0 102 1 2 0 0 0 0 0 0 0 1 2 0 2 0 0 0 0 0 0 0 0 0 0 0 0 0 0 3 0 0 0 0 0 0 1 0 3 0 0 0 0 0 0 10 0 0 0 4 0 12 0 14 11 1 0 0 6 0 0 0 6 14 13 0 1 0 0 10 0 0 0 0 0 37 30 0 0 0 5 11 0 0 0 0 0 0 0 0 0 0 0 0 0 0 0 0 0 0 0 0 0 0 0 0 0 0 0 0 0 0 0 0 0 0 0 0 0 11 0 0 0 0 0 11 2 16 14 0 0 27 0 11 4 0 0 0 0 17 14 0 0 30 0 0 0 0 0 0 0 0 21 0 0 26 0 0 15 0 0 11 16 0 0 0 0 0 0 0 0 0 2 0 0 14 0 0 0 1 0 0 0 0 0 0 0 0 0 0 0 0 0 0 0 0 0 0 0 1 0 0 0 0 0 0 0 0 3 89 0 85 86 0 2 0 0 0 0 0 0 0 0 0 0 0 0 0 0 0 0 0 0 0 0 0 0 0 5 1 8 0 0 0 0 0 0 0 0 0 0 0 0 
 138 20 342 76 71 144 51 198 78 118 37 31 220 318 189 45 96 30 0 286 0 1 0 0 0 3 30 0 30 0 0 0 3 2 0 0 0 1 0 0 66 0 0 0 8 0 0 0 1 2 0 2 0 0 0 1 0 0 0 0 0 0 0 0 0 0 3 0 0 0 0 0 45 0 0 3 0 0 0 0 36 14 19 6 0 0 0 10 7 0 34 0 0 30 39 14 0 0 13 12 1 0 2 0 0 0 0 0 1 0 0 0 0 0 0 0 0 0 0 0 0 0 0 2 0 0 0 0 0 0 0 0 4 0 0 0 0 0 0 0 0 0 0 0 0 0 0 0 0 0 0 0 0 0 0 0 0 0 0 0 15 8 0 0 0 0 13 0 0 0 0 0 0 17 14 9 47 13 14 0 0 0 0 0 0 2 0 0 0 0 0 0 0 0 0 0 0 0 0 0 0 0 0 0 0 0 0 0 0 0 18 0 0 0 0 0 0 0 0 0 0 0 0 0 1 0 0 0 0 0 0 0 0 0 0 0 0 1 0 0 0 0 0 0 0 0 0 0 0 0 2 4 0 0 0 0 0 0 0 0 0 0 0 0 0 0 0 0 0 0 0 0 0 0 0 0 0 0 0 0 0 0 0 0 0 0 0 0 0 0 
 114 252 91 68 71 270 146 376 89 190 275 242 164 86 275 77 198 113 286 0 1 0 0 0 0 3 0 0 0 0 79 0 3 2 2 0 0 0 0 0 3 0 0 0 0 0 2 0 2 2 0 3 0 0 43 0 0 0 0 0 0 47 0 0 0 0 3 0 0 2 0 0 0 3 0 2 0 0 0 2 51 66 1 8 0 8 54 24 0 0 0 0 28 45 18 12 1 0 27 34 0 0 0 0 0 0 0 0 0 0 0 0 0 0 0 0 0 0 1 0 0 0 0 0 0 0 1 0 0 0 1 0 0 0 0 0 2 0 0 0 0 0 0 0 0 0 1 0 0 0 0 0 11 0 0 0 0 2 0 0 0 35 13 1 2 0 29 33 0 1 0 14 0 32 28 30 14 0 15 29 0 0 0 0 0 0 0 0 0 0 0 0 5 0 0 0 0 0 0 0 0 0 0 0 0 0 0 5 0 0 0 0 0 0 0 0 0 0 0 0 0 0 0 0 0 0 0 2 7 0 1 0 0 0 0 0 0 44 0 0 0 2 0 0 0 0 0 2 0 40 0 10 0 0 0 0 0 0 0 0 0 0 0 0 0 0 0 0 0 0 0 0 0 0 0 0 0 0 0 0 0 0 0 0 0 0 0 0 0 0 
 0 0 0 0 151 99 0 2 0 0 0 1 0 0 0 0 1 1 0 1 0 139 166 231 129 36 143 33 497 113 48 36 44 44 121 37 37 178 275 102 0 3 0 1 3 3 0 0 0 2 3 0 0 0 3 2 0 0 0 0 0 0 0 3 0 0 2 3 2 45 0 0 3 0 0 2 0 6 0 0 0 0 0 0 30 12 0 0 0 0 0 0 0 0 0 0 7 0 0 0 16 17 23 0 1 2 1 25 22 24 13 0 30 20 27 12 23 8 29 36 0 0 0 1 0 0 0 0 0 0 0 0 0 0 0 0 0 0 0 0 0 0 0 0 0 0 0 0 0 0 0 0 0 0 0 0 0 0 2 0 0 0 0 0 0 0 0 0 0 0 1 12 0 0 0 0 0 0 0 0 34 40 19 8 10 0 39 21 24 0 19 11 8 29 1 0 38 10 0 89 0 0 0 0 0 0 0 0 0 0 0 0 0 0 0 0 0 0 0 0 17 0 0 0 0 0 0 0 0 0 0 0 0 0 0 0 0 0 0 0 0 0 0 0 0 0 0 0 0 0 0 0 0 0 12 0 0 0 0 4 0 0 0 0 0 0 1 0 0 0 0 0 0 0 0 0 1 1 0 0 0 0 0 0 0 1 0 0 0 0 
 69 2 0 3 0 0 0 0 0 1 78 0 0 0 0 0 0 0 1 0 139 0 179 73 223 250 511 209 356 185 102 151 28 70 380 105 215 106 59 258 0 0 0 0 3 3 0 0 0 2 6 3 0 0 3 0 0 0 0 0 29 0 62 0 0 6 0 3 2 0 0 0 7 0 0 0 4 6 0 1 0 0 0 0 0 0 0 0 22 0 0 1 0 0 0 0 17 0 0 0 0 0 42 23 4 12 0 39 0 59 0 0 0 0 0 17 28 13 0 0 0 0 0 0 0 0 16 0 0 0 0 0 0 10 0 1 0 0 25 10 0 0 0 0 1 0 0 0 0 0 0 0 0 0 0 0 0 0 0 0 0 0 0 0 0 0 0 0 0 0 0 0 0 0 0 0 2 2 0 0 0 21 0 12 4 2 0 26 30 0 8 24 0 0 0 16 6 23 0 0 1 8 0 0 0 0 5 0 0 0 0 0 14 0 0 0 0 0 9 13 0 0 0 0 0 0 0 0 0 0 0 0 0 0 0 0 0 0 0 2 0 0 0 0 0 0 0 0 0 0 0 0 0 0 17 0 1 1 0 2 3 8 0 0 0 0 17 0 0 0 0 0 0 0 0 0 2 0 0 0 0 10 0 0 0 0 0 0 0 0 
 0 0 3 0 75 36 0 8 0 0 2 0 0 3 0 0 76 0 0 0 166 179 0 270 164 36 138 93 312 283 37 30 378 341 100 73 265 78 216 175 3 0 0 0 4 5 89 0 2 2 0 0 22 8 4 3 0 0 0 65 0 3 0 0 0 0 0 6 7 1 0 0 5 0 0 0 3 0 5 0 0 0 0 0 8 10 0 0 0 0 0 0 0 0 0 0 0 0 0 0 9 10 0 36 24 34 0 15 31 9 12 0 29 15 9 0 19 26 0 29 11 3 3 0 0 0 12 2 0 0 0 0 0 31 0 9 0 0 30 28 0 0 0 0 12 0 0 0 0 0 0 0 0 0 0 0 0 0 3 0 0 0 0 0 19 0 0 0 0 0 0 0 0 0 0 0 0 0 0 0 26 16 70 18 44 10 0 0 0 0 26 13 1 55 8 0 13 19 26 29 0 2 0 0 0 0 9 9 0 0 0 0 31 0 0 0 17 0 0 32 0 0 0 0 0 0 0 0 0 0 0 0 0 0 0 0 0 0 0 17 0 0 47 0 0 0 27 0 0 0 0 0 0 0 7 1 4 1 0 0 4 1 0 0 0 0 0 0 0 0 0 0 0 0 0 0 0 0 0 49 0 0 0 0 0 0 0 0 0 0 
 1 0 0 1 2 73 0 0 0 2 2 0 0 0 0 0 3 0 0 0 231 73 270 0 168 266 79 251 525 156 164 65 137 312 422 211 145 147 97 165 0 0 0 0 3 3 0 0 0 4 0 0 0 1 2 0 0 1 0 0 49 0 0 0 0 0 0 3 2 0 0 0 3 0 0 0 13 0 0 0 0 0 0 1 0 19 0 0 2 0 1 0 0 0 0 0 0 0 0 0 14 40 5 1 1 17 4 43 24 31 28 0 1 17 23 18 11 13 3 45 0 0 0 0 8 0 0 0 0 0 0 0 13 0 0 0 0 0 0 0 0 0 0 0 0 4 0 0 0 0 0 0 0 17 0 0 0 0 2 0 0 0 0 0 0 2 0 1 0 0 25 0 0 0 0 0 0 0 0 0 2 11 0 19 7 22 16 16 35 0 45 19 9 16 16 2 15 8 0 84 0 0 0 0 0 16 7 0 0 0 0 0 0 0 0 0 0 0 0 1 0 0 0 0 0 0 0 2 0 0 0 0 0 0 0 0 0 0 0 0 0 0 0 0 0 0 0 0 0 0 0 0 0 0 11 2 0 0 109 2 5 0 0 0 0 0 0 0 0 0 0 0 0 0 0 0 0 0 0 0 0 11 0 0 0 0 0 0 0 0 
 2 0 2 0 0 0 0 0 0 1 0 1 73 0 0 0 1 0 0 0 129 223 164 168 0 96 66 371 82 172 208 171 375 82 89 162 330 149 59 155 0 0 0 0 3 3 0 0 0 2 0 2 0 0 4 0 0 0 0 0 0 0 0 0 0 0 0 3 2 0 0 0 3 0 0 0 0 0 0 0 0 0 0 0 0 0 0 0 0 0 0 0 0 0 0 0 0 0 0 0 0 0 33 32 17 17 0 18 15 6 0 0 0 32 9 12 2 0 0 0 0 0 0 0 0 0 11 0 0 0 20 0 0 1 0 8 0 0 18 0 0 0 0 1 1 10 0 0 0 0 0 10 0 18 0 0 0 0 0 0 0 0 5 0 1 0 0 49 0 0 0 0 0 0 2 0 0 0 0 0 0 8 0 0 25 22 0 28 13 0 25 38 0 4 29 8 0 13 0 0 0 1 1 0 0 0 9 10 0 0 0 0 23 2 0 0 18 0 0 12 0 0 0 0 0 0 0 0 0 0 0 0 0 0 0 0 0 0 0 0 0 0 18 0 0 0 0 0 0 0 0 0 0 0 17 2 3 1 0 0 1 0 0 0 0 0 12 0 0 0 0 0 0 0 0 0 0 0 0 0 0 1 0 0 0 0 0 0 0 0 
 5 3 3 5 5 3 3 3 3 3 5 3 6 5 3 3 3 3 3 3 36 250 36 266 96 0 42 272 252 115 83 283 246 45 81 256 569 285 251 62 0 65 7 64 3 4 86 0 3 3 0 0 55 64 1 64 21 62 65 125 7 0 0 0 0 0 0 4 2 46 0 0 2 0 0 0 1 0 0 0 0 0 0 0 0 0 0 0 0 0 0 0 18 0 0 0 0 0 0 0 0 0 0 15 0 18 0 0 0 0 0 0 0 0 2 0 0 18 0 0 12 24 21 0 0 11 0 35 0 4 20 0 16 29 0 19 2 0 19 148 2 0 5 0 0 0 0 0 0 0 0 0 0 0 0 1 1 16 0 0 0 0 5 0 0 0 0 0 0 0 25 0 2 0 3 0 0 0 0 0 0 14 14 0 31 10 0 0 0 0 0 1 0 0 0 1 0 0 0 0 17 27 38 0 1 0 46 0 21 0 4 38 23 0 0 30 14 0 15 35 0 0 0 2 0 0 0 0 0 0 0 0 0 0 0 0 0 1 1 0 0 0 13 0 0 0 0 0 0 0 0 0 0 0 8 2 4 0 0 1 6 0 0 0 0 0 0 0 0 0 0 0 0 0 0 0 0 0 0 18 0 0 0 2 5 0 0 0 0 0 
 1 74 71 101 2 147 0 0 0 2 147 198 0 0 0 0 0 151 30 0 143 511 138 79 66 42 0 195 85 40 113 31 187 159 124 107 215 118 209 218 0 0 0 0 4 3 0 0 1 2 0 0 0 62 2 0 0 0 0 0 0 0 0 0 0 0 0 3 2 0 0 0 3 0 0 0 0 0 0 1 1 0 0 0 13 15 0 0 3 11 0 0 0 0 0 0 6 0 0 19 27 36 0 0 0 0 30 0 10 8 27 0 25 8 2 9 10 0 14 1 0 2 1 0 0 0 0 0 0 0 0 0 0 0 0 0 0 0 1 0 0 0 2 0 0 0 0 0 0 0 0 0 0 1 0 0 0 0 0 1 0 0 15 16 20 10 0 0 4 0 12 12 0 0 2 0 0 0 0 0 27 0 0 0 0 0 0 0 13 0 30 1 13 1 9 0 24 0 1 26 14 0 0 0 0 0 2 0 0 0 0 0 0 0 0 0 0 0 0 0 0 0 0 0 0 0 0 0 0 0 0 0 0 0 0 2 0 0 0 0 0 0 0 0 0 0 27 0 24 72 0 0 0 0 11 1 2 0 76 1 0 0 0 0 0 0 0 0 0 0 0 0 27 0 0 13 9 6 0 0 0 8 0 0 0 0 0 0 0 0 
 0 0 0 0 0 0 0 0 0 0 0 0 0 0 0 0 0 0 0 0 33 209 93 251 371 272 195 0 255 202 343 164 94 90 147 120 301 138 153 159 0 0 3 3 3 7 0 3 6 3 0 3 9 0 5 61 0 0 0 1 0 0 1 0 3 2 0 3 6 0 3 0 9 0 3 3 0 0 0 4 0 0 0 0 0 0 0 0 0 0 0 0 0 0 0 0 0 0 0 0 0 32 49 27 13 0 10 17 0 10 23 18 0 0 19 0 28 57 0 13 0 0 0 0 0 0 0 0 0 0 0 0 13 1 0 0 0 0 12 45 2 0 0 0 1 0 0 0 0 0 0 1 0 0 0 0 1 0 0 0 0 0 0 0 0 0 0 5 0 0 0 0 2 0 0 50 0 0 0 5 0 14 17 37 13 17 1 22 75 18 32 22 0 26 20 31 35 24 0 0 0 0 0 0 0 0 1 0 0 0 0 0 1 0 0 0 0 0 10 1 0 0 0 0 0 0 0 0 0 0 0 0 0 0 0 0 2 0 1 0 0 0 0 0 0 0 0 0 0 2 0 0 0 0 11 2 2 1 117 4 27 12 0 0 0 0 1 0 0 0 0 0 0 0 0 0 0 0 0 0 0 66 0 2 0 0 0 0 0 0 
 0 0 0 10 2 147 2 0 0 38 0 0 0 3 0 0 0 0 30 0 497 356 312 525 82 252 85 255 0 103 189 113 184 190 258 165 163 203 316 93 0 0 0 0 3 3 28 1 0 2 0 9 0 0 3 0 0 1 0 0 0 0 0 0 0 0 0 3 2 0 0 0 3 0 0 0 3 0 2 1 0 0 0 0 12 12 0 0 0 0 20 0 0 0 0 0 0 0 0 0 11 20 24 0 10 37 0 50 42 33 24 16 9 23 33 0 40 14 0 51 0 1 0 13 0 0 10 0 0 1 0 0 1 0 0 0 2 0 20 0 0 0 1 0 0 6 0 0 0 0 0 0 0 18 0 0 0 0 0 0 0 0 0 0 0 0 0 0 0 0 0 0 0 0 0 0 0 0 0 0 0 16 0 14 0 40 21 25 20 21 61 28 0 11 20 7 16 12 0 8 0 0 0 0 0 0 9 1 0 0 0 0 16 0 0 0 0 0 0 0 0 0 0 0 0 0 0 0 0 0 0 0 0 0 0 0 0 0 0 0 0 0 0 0 0 0 0 0 0 0 0 0 0 0 12 0 0 0 1 4 0 1 0 0 0 0 0 0 0 0 0 0 0 0 0 0 0 0 0 0 0 0 0 0 0 0 0 0 0 0 
 0 0 0 0 0 0 0 0 0 0 0 0 0 2 0 0 0 76 0 0 113 185 283 156 172 115 40 202 103 0 160 38 57 116 403 306 27 210 131 84 0 0 0 0 3 3 0 0 0 2 0 0 63 2 3 0 0 1 0 93 0 0 0 0 0 0 0 3 2 0 0 52 3 0 0 0 1 0 0 0 0 0 0 0 0 0 0 0 0 0 0 0 0 0 0 0 0 0 0 22 0 15 15 56 25 35 0 33 19 23 31 1 0 0 8 0 18 34 0 19 0 0 0 0 0 0 9 0 0 0 0 0 34 20 0 8 1 0 45 11 0 0 0 0 12 3 0 0 0 0 0 54 0 0 0 0 0 0 0 0 0 0 0 0 0 7 0 0 0 0 0 0 0 0 0 0 0 0 0 0 0 14 17 20 19 20 19 31 12 0 6 6 0 0 6 32 20 24 0 9 0 1 0 0 0 0 22 10 0 0 0 0 12 0 0 0 10 0 12 23 0 0 0 0 0 0 16 0 0 0 0 0 0 0 0 0 0 0 0 0 0 0 0 0 0 0 0 0 0 0 0 0 0 0 22 1 2 1 75 0 18 16 0 0 0 0 0 0 0 0 0 0 0 0 0 0 0 0 0 17 0 16 0 0 0 0 0 0 0 0 
 0 0 0 0 0 0 0 0 1 1 0 0 0 0 0 0 0 0 0 79 48 102 37 164 208 83 113 343 189 160 0 258 135 78 83 288 383 185 41 265 1 0 0 0 3 3 0 63 61 2 0 6 57 62 1 0 209 1 0 63 0 5 0 0 0 0 0 3 4 0 0 0 3 0 0 0 0 0 0 0 2 0 0 0 0 0 43 0 0 0 0 0 0 0 0 0 0 0 0 0 10 0 20 9 9 0 0 11 0 13 0 29 0 0 1 0 38 29 0 35 12 1 0 0 22 0 14 10 0 0 0 0 14 24 21 0 11 0 2 22 0 0 1 0 0 9 0 0 0 0 0 17 0 0 0 0 0 0 0 2 0 5 6 0 0 0 0 1 0 14 0 1 0 0 5 0 3 0 0 0 0 20 16 50 0 44 0 0 0 30 15 10 0 17 13 13 0 33 0 0 0 0 0 0 0 0 1 0 0 18 6 0 25 11 29 68 0 0 25 38 0 0 0 0 0 0 0 0 0 0 0 0 0 0 0 1 0 0 0 0 0 0 0 0 0 0 0 0 0 0 0 0 0 0 23 0 6 2 1 3 4 0 0 0 0 0 0 0 0 0 0 0 0 0 0 0 0 0 0 19 0 15 0 0 0 0 0 0 0 0 
 0 0 1 2 0 0 0 0 0 0 1 2 0 0 0 0 39 0 0 0 36 151 30 65 171 283 31 164 113 38 258 0 27 107 132 67 131 62 115 21 2 77 0 0 3 3 62 125 46 8 0 0 29 29 2 0 0 2 0 2 0 0 0 0 3 0 0 3 2 0 0 0 3 6 0 53 0 0 0 0 0 0 0 0 0 0 0 0 0 0 0 0 0 0 0 0 0 0 0 0 0 0 29 0 2 0 0 17 0 16 0 11 0 0 0 0 23 18 0 0 14 9 1 0 0 0 13 21 12 1 0 13 4 49 20 0 38 0 16 22 0 0 0 0 8 0 0 0 0 0 0 0 0 0 1 0 0 0 0 0 0 3 1 0 0 0 0 1 0 5 0 0 0 0 5 0 7 0 0 0 0 0 2 20 1 33 0 0 2 0 11 21 0 0 0 14 18 15 0 0 0 12 21 0 3 0 29 7 10 16 20 0 1 17 11 0 6 0 84 0 1 0 0 0 0 0 0 0 0 0 0 0 0 0 0 0 0 1 0 0 0 0 47 0 0 1 0 0 0 0 0 0 0 0 15 4 1 75 0 1 0 13 0 0 0 0 0 0 0 0 0 0 0 0 0 0 0 0 0 0 0 14 0 0 0 0 0 0 0 12 
 3 4 3 172 3 78 3 2 78 21 43 96 4 3 4 114 114 70 3 3 44 28 378 137 375 246 187 94 184 57 135 27 0 232 128 102 253 132 132 77 4 0 65 0 0 3 4 0 0 2 0 2 2 0 1 1 0 22 0 9 0 0 0 0 0 0 0 0 0 0 0 0 4 0 2 0 2 1 6 0 0 0 14 1 0 1 1 0 19 0 0 20 0 1 0 15 10 0 0 0 62 14 0 1 0 0 11 0 12 0 14 0 15 2 0 0 16 12 21 0 0 0 0 0 0 0 0 0 0 0 11 0 21 0 0 2 0 42 0 0 0 0 0 0 0 8 0 0 0 0 0 9 0 0 0 0 0 0 0 0 0 0 22 1 47 32 3 16 57 11 1 0 0 0 0 2 22 21 2 0 47 0 0 0 0 16 16 6 0 63 25 0 14 29 7 0 1 13 28 10 0 11 0 0 0 13 2 0 0 0 0 0 0 2 0 0 0 0 0 0 0 0 0 0 0 0 0 0 0 0 0 0 0 0 0 0 0 0 0 0 0 0 0 0 0 0 0 0 73 0 0 0 0 0 3 0 4 0 0 0 2 2 0 0 0 0 0 0 0 0 0 1 0 0 0 0 15 1 0 0 0 0 0 0 0 0 0 0 0 0 
 2 2 2 43 152 16 2 2 4 5 84 73 2 4 3 2 3 75 2 2 44 70 341 312 82 45 159 90 190 116 78 107 232 0 215 122 329 36 164 396 0 0 0 0 3 3 0 0 0 2 0 3 1 2 2 0 0 0 0 0 0 0 0 0 0 0 0 3 2 0 0 0 3 0 0 0 17 0 6 1 0 0 0 0 0 0 0 0 0 7 0 0 0 0 0 1 11 0 18 0 29 29 0 0 0 0 15 44 15 20 14 13 40 1 9 21 18 19 4 10 0 0 0 0 0 0 0 0 0 2 0 0 10 0 0 0 0 0 1 0 0 0 2 0 0 0 0 0 0 0 0 0 0 0 0 0 0 0 5 0 0 0 2 17 28 5 0 0 2 0 0 14 0 0 0 0 0 0 0 0 26 11 9 49 0 14 11 9 2 34 14 1 14 30 57 0 0 9 23 11 0 0 0 0 0 0 2 0 0 0 0 0 1 0 0 0 0 0 0 0 0 0 0 0 0 0 0 0 0 0 0 0 0 0 0 0 0 0 0 0 0 0 0 0 0 0 77 0 34 0 0 0 0 0 27 1 2 0 1 0 3 0 0 0 0 0 0 0 0 0 0 0 0 0 0 0 15 23 0 0 0 2 0 0 0 0 0 0 0 0 
 0 0 0 56 118 1 0 207 0 0 0 111 0 3 1 0 0 74 0 2 121 380 100 422 89 81 124 147 258 403 83 132 128 215 0 180 245 52 241 410 0 0 0 0 3 3 0 2 1 2 107 0 0 0 0 0 0 0 0 63 0 32 0 0 0 0 0 3 2 6 0 0 3 0 0 0 3 0 5 0 0 0 0 0 20 0 0 0 0 0 17 1 0 0 0 0 2 0 0 0 0 28 19 1 1 23 0 40 39 2 12 0 24 11 9 9 21 41 0 82 0 3 7 0 0 0 5 0 0 0 0 0 13 0 0 0 0 0 0 15 0 0 0 0 0 0 0 0 1 0 0 0 0 0 0 0 0 0 5 0 17 0 0 0 0 2 0 0 0 0 15 24 0 0 0 0 0 0 0 0 26 30 39 23 7 21 23 0 1 0 25 0 31 12 13 48 0 12 17 11 0 0 0 0 0 0 18 0 0 0 0 0 0 0 0 0 0 0 4 31 13 0 0 0 0 0 0 0 0 0 0 0 0 0 1 0 0 0 0 0 0 0 0 0 0 0 80 0 0 0 0 0 0 0 10 1 2 0 2 2 1 0 0 0 0 0 0 0 0 0 0 0 0 0 0 0 0 34 0 19 0 0 0 0 0 0 0 0 0 0 
 0 0 1 0 0 0 0 0 1 2 0 0 0 3 0 0 0 0 0 0 37 105 73 211 162 256 107 120 165 306 288 67 102 122 180 0 206 125 128 112 0 0 0 0 3 3 65 0 0 3 0 0 22 0 1 0 0 0 0 64 0 0 0 0 0 0 0 3 2 0 0 0 2 0 0 0 3 0 5 0 0 0 0 0 0 5 0 0 0 0 0 0 0 0 0 1 0 0 0 0 0 19 1 31 5 17 34 0 25 10 38 1 0 0 19 0 0 27 0 13 0 0 0 1 0 0 0 4 0 0 0 0 13 19 0 0 0 0 28 21 0 0 0 0 0 1 0 0 0 0 0 3 0 0 0 0 0 0 10 0 0 3 7 0 4 0 0 0 0 0 0 0 0 0 3 0 0 0 0 0 7 15 23 14 17 12 0 9 14 0 28 1 0 32 28 7 50 0 18 11 0 0 0 0 0 9 0 0 0 0 0 0 26 0 0 0 0 20 3 13 0 0 0 0 0 0 0 0 0 1 0 0 0 0 0 0 0 0 0 0 0 0 0 0 0 0 0 0 0 0 0 0 0 0 8 0 0 3 37 0 2 16 0 0 0 0 0 0 0 0 0 0 0 0 0 0 0 0 0 19 0 13 0 0 0 0 0 0 0 0 
 0 0 0 0 0 0 0 1 0 0 3 0 0 0 0 0 0 0 0 0 37 215 265 145 330 569 215 301 163 27 383 131 253 329 245 206 0 201 40 122 0 0 0 0 3 3 0 0 0 2 0 0 0 0 1 0 0 0 1 0 0 0 0 0 0 0 0 3 2 0 0 0 5 0 0 0 0 0 0 0 0 0 18 0 0 0 0 0 0 0 0 0 0 0 0 0 0 0 0 0 0 32 55 0 0 0 0 10 11 75 16 55 0 7 14 33 1 21 0 0 0 0 0 0 0 0 29 0 0 0 0 0 14 1 0 0 0 0 33 11 18 0 0 0 4 0 0 0 0 0 0 0 0 9 0 2 2 0 0 0 0 0 0 0 0 0 0 35 0 1 0 0 0 0 0 0 22 0 0 0 64 16 10 43 8 55 1 0 11 40 13 20 7 23 20 10 17 16 0 12 0 0 0 0 0 0 0 0 0 0 0 0 0 0 0 0 0 0 7 0 0 0 0 0 0 0 0 0 0 0 0 0 0 0 0 0 1 0 2 0 0 0 0 0 0 0 0 0 0 0 0 0 0 0 12 0 1 74 75 0 16 12 0 0 0 0 9 0 0 0 0 0 0 0 0 0 0 0 0 0 0 29 0 1 0 0 0 0 0 0 
 0 0 0 0 1 0 0 2 0 1 0 0 1 0 0 0 0 0 1 0 178 106 78 147 149 285 118 138 203 210 185 62 132 36 52 125 201 0 257 45 0 2 0 0 3 3 0 0 0 2 9 0 0 0 2 0 0 0 0 0 0 0 12 0 2 0 0 3 2 0 3 1 3 13 0 0 5 15 0 0 0 0 0 0 1 0 0 0 0 0 0 0 0 0 0 0 0 0 0 0 0 12 30 20 1 9 10 33 12 58 0 31 0 20 10 54 0 22 8 34 0 0 0 0 0 0 0 0 0 0 0 0 12 0 0 0 0 2 5 0 0 0 0 0 1 15 0 2 0 0 0 14 0 17 0 0 0 0 0 0 0 0 0 0 0 4 0 0 0 2 0 2 12 0 0 0 0 0 0 0 0 36 1 0 16 27 21 24 32 0 10 31 15 10 2 0 13 0 0 25 0 1 0 0 0 0 7 0 1 0 0 0 0 0 0 0 0 0 0 1 0 0 0 0 0 1 0 0 0 0 0 0 0 0 0 0 0 0 0 0 0 0 0 0 0 0 0 0 0 0 0 0 0 0 7 0 2 2 0 3 2 0 0 0 0 0 16 0 0 0 0 0 0 0 0 0 0 0 0 0 0 1 0 0 0 0 0 0 0 0 
 0 0 0 223 74 0 0 0 0 0 136 154 0 0 0 76 1 102 0 0 275 59 216 97 59 251 209 153 316 131 41 115 132 164 241 128 40 257 0 173 0 0 0 0 3 3 0 0 2 2 3 0 0 0 2 0 0 0 0 0 0 0 0 0 0 0 0 3 2 0 0 0 2 0 0 0 3 0 2 1 0 0 11 0 30 13 0 0 42 4 37 1 0 0 0 6 0 0 0 0 2 10 9 0 0 0 19 21 77 16 19 0 18 25 4 0 12 31 27 20 19 0 0 0 0 0 0 0 0 0 0 0 0 0 0 0 0 0 0 0 0 0 0 0 0 0 0 0 1 0 0 0 0 2 0 3 5 0 0 0 0 0 11 14 28 52 0 2 27 0 0 18 0 0 0 0 0 0 0 0 29 20 11 0 3 0 14 26 19 14 32 0 13 0 9 19 14 0 12 36 0 0 0 0 0 0 0 0 0 0 0 0 0 0 0 0 0 0 0 0 0 0 0 0 0 0 0 1 0 0 0 0 0 0 0 0 0 0 0 0 0 0 0 0 0 2 1 0 73 0 0 0 0 0 2 1 2 0 0 0 0 2 0 0 0 0 1 0 0 0 0 0 0 0 0 9 0 0 0 0 0 0 0 0 0 0 0 0 0 0 
 0 0 0 0 209 180 0 1 0 0 0 108 0 0 0 2 0 1 0 0 102 258 175 165 155 62 218 159 93 84 265 21 77 396 410 112 122 45 173 0 0 0 0 0 3 3 0 0 0 6 0 0 0 0 2 0 0 0 0 0 0 0 50 0 0 0 0 5 2 0 0 0 3 0 0 0 1 1 0 0 0 0 0 33 0 1 0 0 0 7 0 33 0 0 0 0 0 0 0 0 45 31 0 0 0 0 39 10 0 17 26 0 6 25 32 45 11 0 11 25 0 0 4 12 0 0 0 0 1 0 0 0 10 0 0 0 0 0 0 0 0 0 0 9 0 0 0 0 0 1 0 0 0 0 0 0 0 0 3 0 0 0 0 0 9 0 0 0 0 0 13 18 0 0 0 0 0 0 0 0 42 25 24 27 0 16 27 8 30 27 15 1 19 25 21 0 13 0 0 50 0 0 0 0 0 0 0 0 0 0 0 2 0 0 0 0 0 0 0 0 0 7 0 0 0 0 20 0 0 0 0 0 0 0 0 0 0 0 0 0 0 0 0 0 0 0 2 0 0 0 0 0 0 0 7 0 2 0 6 0 0 0 0 0 0 0 0 0 0 0 0 0 0 0 1 0 0 0 0 0 0 9 0 0 0 0 0 0 0 0 
 77 6 3 3 3 4 3 73 3 3 4 4 3 3 3 6 21 2 66 3 0 0 3 0 0 0 0 0 0 0 1 2 4 0 0 0 0 0 0 0 0 204 137 67 47 28 148 127 114 114 101 464 67 257 85 43 111 112 133 135 0 0 0 0 14 0 0 0 2 0 0 27 0 5 0 56 0 3 0 0 24 1 13 28 0 0 0 0 4 0 0 18 0 0 8 0 0 1 0 0 3 0 0 0 0 0 0 22 0 0 0 13 6 0 0 0 0 0 0 0 0 14 0 2 6 0 14 0 37 0 11 0 19 0 7 21 0 28 0 0 0 0 0 0 0 0 12 0 0 0 0 0 0 0 15 0 0 0 22 0 0 17 3 0 4 7 0 3 9 6 26 0 0 0 0 1 1 26 0 3 5 0 0 0 3 0 0 10 0 0 0 0 0 0 0 0 0 0 11 0 0 28 0 21 0 10 16 23 0 0 11 0 0 0 0 19 7 11 0 0 0 2 0 0 0 0 0 0 0 0 0 0 5 0 0 0 0 4 0 0 0 0 15 0 0 0 0 0 0 0 0 10 0 2 0 0 0 0 0 1 0 0 33 2 0 1 2 66 2 0 23 0 0 0 0 0 0 0 0 0 0 0 0 0 14 8 0 0 0 0 
 0 0 0 0 0 0 0 0 0 0 0 0 0 0 0 0 0 0 0 0 3 0 0 0 0 65 0 0 0 0 0 77 0 0 0 0 0 2 0 0 204 0 537 135 116 34 384 115 64 144 330 171 117 132 29 175 100 120 77 80 4 0 0 0 0 0 0 0 0 0 0 0 0 0 0 0 0 0 0 0 0 0 0 0 0 0 0 0 0 0 0 0 0 0 0 0 0 0 0 0 0 0 0 0 0 0 0 0 0 0 0 0 0 0 0 0 0 0 0 0 11 15 19 10 0 11 14 0 10 42 6 16 11 0 10 0 27 42 5 0 0 0 0 0 5 0 0 0 0 0 0 0 0 0 0 0 0 0 0 0 7 0 0 0 0 0 0 0 0 0 0 0 5 0 0 0 0 0 0 0 0 0 0 0 0 37 0 0 0 0 0 0 0 0 0 0 0 0 0 0 38 15 4 21 35 30 20 14 46 7 12 0 0 0 1 10 0 17 0 8 0 0 0 0 0 8 1 0 1 0 0 0 6 0 0 0 0 0 0 0 0 0 0 0 0 0 0 0 0 0 0 6 0 0 2 0 0 0 0 0 0 0 63 0 2 8 2 0 3 0 25 0 0 0 0 0 0 0 0 0 0 0 0 0 22 13 0 0 1 0 
 0 0 0 0 0 0 0 0 0 0 0 0 0 0 0 0 0 0 0 0 0 0 0 0 0 7 0 3 0 0 0 0 65 0 0 0 0 0 0 0 137 537 0 74 62 45 141 110 169 202 117 121 122 62 133 122 178 327 111 170 0 1 0 0 8 0 0 3 0 0 0 0 3 0 4 0 51 55 2 0 0 8 0 0 0 0 0 0 0 0 0 0 0 0 0 0 0 0 0 0 0 0 0 0 0 0 12 0 0 0 0 2 0 0 0 0 0 0 0 0 10 14 13 45 10 16 0 20 26 13 0 12 11 0 23 25 0 25 1 0 0 0 0 0 0 0 0 0 0 0 0 0 7 0 10 0 0 0 16 0 6 0 0 0 0 0 0 0 0 0 0 0 0 0 48 0 0 0 0 0 0 0 5 0 0 0 0 0 0 0 1 0 0 0 0 0 0 0 0 0 21 10 24 16 44 26 0 27 27 9 18 4 0 0 0 16 0 19 0 5 0 0 0 0 0 0 19 2 0 0 0 0 2 0 0 0 0 0 0 41 0 0 11 0 0 0 0 0 0 0 0 6 0 2 0 0 0 0 0 7 11 0 4 0 0 11 0 67 2 0 0 0 0 0 0 0 0 0 0 0 0 2 0 0 0 9 0 0 1 0 
 0 0 0 0 0 0 0 0 0 0 0 0 0 3 0 0 0 0 0 0 1 0 0 0 0 64 0 3 0 0 0 0 0 0 0 0 0 0 0 0 67 135 74 0 91 94 156 226 79 181 106 75 95 92 140 81 336 124 64 101 60 0 0 0 0 0 0 52 0 0 0 0 51 1 0 0 0 0 0 53 0 0 0 0 0 0 0 0 0 0 0 0 0 0 0 0 0 0 0 0 0 0 0 0 0 0 0 0 0 0 0 0 0 0 0 0 0 0 0 0 0 13 22 0 0 25 0 0 0 11 77 22 0 0 3 0 3 15 0 1 0 2 0 0 0 0 0 0 0 30 0 0 0 0 10 0 7 0 14 4 0 0 0 0 5 2 0 0 0 0 0 0 0 0 0 3 0 0 0 0 0 0 0 0 0 0 0 0 0 14 0 0 0 0 0 0 0 0 0 0 17 6 16 8 27 3 0 0 16 23 25 1 0 57 50 6 0 20 0 0 15 6 0 0 0 0 43 9 16 0 0 0 38 1 0 0 0 0 29 6 0 0 0 0 0 0 0 0 0 0 0 2 0 2 0 0 0 0 0 2 0 21 0 39 0 3 0 2 0 0 0 0 0 0 0 0 0 0 0 0 0 0 3 0 19 0 0 0 2 0 
 0 0 0 0 0 0 0 0 0 29 0 0 0 2 0 32 0 0 8 0 3 3 4 3 3 3 4 3 3 3 3 3 0 3 3 3 3 3 3 3 47 116 62 91 0 284 121 158 81 92 187 214 76 73 83 67 125 97 72 155 55 19 0 11 1 0 51 22 0 0 0 0 109 0 57 0 1 4 2 0 0 0 0 0 0 0 0 0 0 0 0 0 0 0 0 0 0 0 0 0 0 0 0 0 0 0 0 0 0 0 0 0 0 0 0 0 0 0 0 0 0 0 11 4 22 0 0 0 12 0 42 1 0 0 12 0 0 11 0 0 7 7 5 17 10 12 12 23 0 14 3 0 22 2 29 14 12 9 14 0 0 0 0 0 7 0 0 0 0 0 0 0 0 0 0 9 0 0 0 0 0 0 0 0 0 0 0 0 0 0 0 0 0 0 0 0 0 0 0 0 0 10 16 8 0 16 0 0 0 0 50 6 0 0 0 0 0 20 0 0 27 20 18 2 7 0 21 7 12 9 1 3 0 6 10 9 2 10 29 5 12 0 0 0 0 0 0 0 0 0 0 3 0 0 0 0 0 0 0 1 0 0 38 36 2 0 7 0 0 0 13 0 0 0 0 0 0 0 0 0 0 0 0 0 11 0 0 0 0 0 
 0 0 0 0 2 0 0 2 0 3 2 0 2 0 0 0 2 0 0 0 3 3 5 3 3 4 3 7 3 3 3 3 3 3 3 3 3 3 3 3 28 34 45 94 284 0 254 25 75 121 159 318 239 256 48 254 272 31 38 48 55 49 54 5 3 0 52 76 51 2 0 0 125 3 63 27 51 5 64 53 0 0 18 0 0 0 0 0 0 0 0 0 0 0 0 0 0 0 0 0 0 0 0 0 0 0 0 0 0 0 0 0 0 5 0 0 0 0 0 0 0 0 0 13 21 0 0 0 8 0 0 0 0 0 0 0 0 0 0 0 8 35 27 0 12 3 24 7 21 19 11 0 0 9 57 0 10 0 24 3 0 0 0 0 6 0 0 0 0 0 0 0 0 0 0 29 0 0 0 0 0 0 0 0 0 0 0 0 0 0 0 0 0 0 0 0 0 0 0 0 0 0 15 6 0 0 0 0 0 0 8 0 0 0 0 12 11 11 0 0 27 5 9 8 9 0 10 3 0 24 0 7 7 22 5 18 11 0 21 20 0 0 0 0 0 0 0 0 0 0 0 5 0 0 0 0 0 0 0 0 0 0 5 59 62 5 7 0 1 0 9 0 0 0 0 0 0 0 0 0 0 0 0 0 0 7 0 0 2 0 
 2 1 2 1 1 0 8 0 1 2 4 3 1 1 3 0 0 0 0 2 0 0 89 0 0 86 0 0 28 0 0 62 4 0 0 65 0 0 0 0 148 384 141 156 121 254 0 140 131 37 66 45 151 311 41 163 70 230 64 124 11 0 0 0 0 0 0 0 0 0 0 0 0 0 0 0 0 0 0 0 0 0 0 0 13 0 0 0 0 0 0 0 0 0 0 0 0 0 0 0 0 0 0 13 11 6 0 0 0 0 0 28 0 0 0 0 0 0 0 0 11 26 1 11 1 9 20 23 55 5 27 36 0 27 43 0 7 14 6 29 0 0 0 0 0 0 0 0 0 0 0 0 0 0 0 0 0 0 0 0 0 0 2 0 0 0 0 0 0 5 0 0 5 14 0 0 10 0 0 0 0 0 0 0 6 0 0 0 0 0 0 7 0 0 0 0 0 0 0 1 13 27 19 0 4 0 14 0 7 0 14 0 22 20 0 0 0 9 1 0 0 15 5 0 0 0 0 0 0 0 0 0 0 0 0 0 0 0 0 0 0 0 0 0 0 0 0 0 0 0 0 12 0 0 0 0 0 63 0 0 0 0 108 0 0 1 2 0 2 0 7 0 0 0 0 0 0 0 0 0 0 0 0 0 12 0 0 0 1 0 
 0 0 0 0 0 0 7 0 0 0 0 0 0 0 59 0 1 0 0 0 0 0 0 0 0 0 0 3 1 0 63 125 0 0 2 0 0 0 0 0 127 115 110 226 158 25 140 0 128 110 105 102 202 143 130 454 39 125 256 63 0 8 0 0 0 0 0 0 0 0 0 2 0 0 0 0 0 0 0 0 0 0 0 0 0 0 0 0 0 0 0 0 0 0 0 0 0 0 0 0 0 0 0 9 0 0 0 0 0 0 0 36 0 0 0 0 13 0 0 0 14 1 16 1 0 2 12 14 10 83 25 22 10 7 28 0 31 29 0 6 0 0 0 8 0 0 0 0 0 0 0 0 7 0 0 0 0 0 0 0 0 0 0 0 0 0 0 0 0 2 0 0 4 0 0 0 6 0 0 0 0 0 0 0 0 10 0 0 0 0 0 6 0 0 0 0 0 0 0 0 10 0 9 29 6 23 0 7 11 13 18 0 10 21 28 28 0 20 11 13 0 0 0 0 0 0 2 0 1 0 0 0 1 0 0 0 0 0 0 6 0 0 0 0 0 0 0 0 0 29 0 11 0 2 0 0 0 0 0 0 0 0 63 0 0 4 0 0 0 0 13 0 0 0 0 0 0 0 0 0 0 0 4 0 14 0 0 9 0 0 
 1 2 3 1 0 0 1 1 1 1 1 0 61 59 24 1 5 1 1 2 0 0 2 0 0 3 1 6 0 0 61 46 0 0 1 0 0 0 2 0 114 64 169 79 81 75 131 128 0 194 122 35 295 306 112 51 83 45 92 51 22 0 55 51 7 3 10 0 0 0 0 0 1 3 2 9 51 0 0 7 0 0 0 0 0 0 0 0 0 0 0 0 0 0 0 0 1 0 0 0 0 0 0 0 10 0 0 0 6 0 0 15 0 0 0 0 0 0 0 0 27 0 0 9 18 0 7 20 9 0 0 0 1 12 11 9 18 0 0 9 0 0 0 7 0 0 40 18 5 26 3 9 8 17 0 8 0 0 19 7 0 5 1 2 0 0 0 0 0 3 0 0 0 0 22 0 15 0 0 0 0 0 0 0 0 0 0 0 0 0 0 8 0 0 0 0 0 0 0 0 0 0 0 0 0 0 0 9 10 0 36 0 30 21 17 16 4 4 12 0 2 0 9 0 2 0 0 0 6 27 14 4 18 0 0 32 7 0 0 21 0 0 0 0 0 0 1 0 0 0 0 5 0 0 0 0 0 63 0 1 6 0 0 0 0 2 1 0 0 0 2 0 0 0 0 0 0 0 0 0 0 0 0 0 0 22 0 0 0 0 
 2 2 2 2 2 2 2 0 2 4 4 2 2 7 2 2 2 2 2 2 2 2 2 4 2 3 2 3 2 2 2 8 2 2 2 3 2 2 2 6 114 144 202 181 92 121 37 110 194 0 278 52 46 51 189 107 81 118 129 184 0 0 1 0 9 0 0 0 0 0 0 0 0 50 0 0 0 0 55 0 0 0 0 0 0 0 8 0 0 0 0 0 0 0 0 0 0 0 0 0 0 0 0 12 0 0 0 0 0 0 0 0 0 0 0 0 0 0 0 0 0 0 45 0 5 0 0 0 10 14 8 15 0 0 33 6 13 19 0 0 13 0 0 0 0 0 29 0 0 0 0 0 20 2 0 0 0 0 23 1 0 0 0 0 0 0 0 0 0 0 0 0 0 0 0 1 0 0 0 0 0 0 0 0 0 0 0 0 0 0 0 0 0 0 0 0 0 0 0 0 0 1 0 16 22 72 0 9 16 53 37 0 0 0 0 32 17 86 0 0 0 1 1 0 0 0 2 6 1 0 0 0 38 0 0 0 0 0 0 15 0 0 0 0 0 0 0 0 0 0 0 8 0 0 0 0 0 0 0 28 0 0 2 0 0 2 2 1 2 0 13 0 0 0 0 0 0 0 0 0 0 0 0 0 34 2 0 0 2 0 
 0 0 0 6 0 0 0 0 0 0 2 0 0 3 0 0 0 0 0 0 3 6 0 0 0 0 0 0 0 0 0 0 0 0 107 0 0 9 3 0 101 330 117 106 187 159 66 105 122 278 0 202 104 28 301 171 197 130 31 91 0 0 0 0 2 0 0 0 0 0 0 0 2 0 0 0 8 2 1 0 0 0 0 3 0 0 0 0 0 0 0 0 25 0 7 0 0 0 0 0 0 0 0 0 0 0 0 0 0 0 0 0 0 0 0 0 0 0 0 0 11 0 22 25 12 9 0 1 0 34 14 0 1 0 1 7 15 20 0 0 5 0 0 0 0 0 13 12 0 0 0 0 0 12 0 1 0 0 10 1 12 0 0 0 0 0 0 0 0 0 0 0 0 0 0 0 0 0 0 2 0 0 0 0 0 0 0 0 0 0 0 0 0 0 0 0 0 0 0 0 14 1 3 15 57 53 0 10 4 10 23 17 0 11 40 69 22 55 0 1 0 0 10 0 0 0 0 9 1 0 0 0 25 0 37 0 0 0 0 17 0 0 0 0 0 0 0 0 0 0 0 4 0 2 0 0 2 1 0 5 0 19 65 0 0 10 9 0 0 0 12 0 0 0 0 0 0 0 0 0 0 0 0 0 22 1 0 0 2 0 
 3 2 3 2 2 2 2 0 2 3 3 3 2 2 3 2 2 2 2 3 0 3 0 0 2 0 0 3 9 0 6 0 2 3 0 0 0 0 0 0 464 171 121 75 214 318 45 102 35 52 202 0 67 43 50 78 73 59 110 187 0 50 0 0 0 0 0 82 0 0 0 0 47 0 49 0 0 0 0 53 0 0 0 0 0 0 0 0 0 1 0 0 0 0 0 0 0 0 0 0 0 0 0 0 4 5 0 16 0 5 0 5 0 0 0 0 11 0 0 0 12 10 11 13 10 13 4 0 0 6 16 15 1 0 0 0 13 24 17 0 2 2 0 0 11 0 8 6 0 3 0 0 21 0 0 18 0 8 0 3 4 0 0 0 0 0 0 0 0 0 3 0 3 0 0 11 22 0 0 0 0 0 0 0 0 5 0 0 0 5 0 5 0 0 0 0 0 7 0 0 30 13 0 14 1 71 3 2 0 36 0 0 2 0 0 13 0 1 0 44 0 3 14 10 1 0 24 12 8 25 22 0 0 0 0 49 0 4 8 20 3 0 0 0 0 0 0 0 0 0 0 4 0 2 0 0 0 0 0 9 0 1 1 3 65 9 0 0 0 0 14 4 0 0 0 0 0 0 0 0 0 0 0 0 15 0 0 0 2 0 
 0 0 0 0 0 0 0 0 36 2 1 0 0 0 0 0 3 0 0 0 0 0 22 0 0 55 0 9 0 63 57 29 2 1 0 22 0 0 0 0 67 117 122 95 76 239 151 202 295 46 104 67 0 72 34 42 33 51 208 183 0 4 0 0 0 0 0 0 0 0 0 0 0 0 5 0 0 1 0 0 0 0 0 0 0 0 0 0 0 0 0 0 0 0 0 0 0 0 0 0 0 0 0 27 6 15 0 19 0 0 0 1 0 0 0 0 0 18 0 1 19 16 26 2 0 2 11 25 1 13 0 1 19 30 6 20 0 1 27 15 0 0 7 0 0 0 0 0 0 0 0 0 0 0 0 0 0 0 0 0 6 0 0 0 0 0 0 0 0 0 0 0 4 0 0 0 1 0 0 11 0 14 14 10 43 19 0 0 0 0 0 0 0 0 0 1 0 0 0 0 12 15 26 0 0 0 14 0 19 15 0 19 17 17 12 24 14 0 11 50 0 0 0 0 0 0 0 0 0 0 0 0 0 0 0 0 0 13 0 0 0 0 1 0 0 0 0 0 0 32 0 15 0 2 0 0 0 7 0 7 0 0 0 0 1 1 1 0 0 0 0 0 0 0 0 0 0 0 0 18 0 0 0 0 7 0 0 0 0 0 
 0 0 2 0 0 0 0 0 0 0 0 0 2 2 0 0 0 0 0 0 0 0 8 1 0 64 62 0 0 2 62 29 0 2 0 0 0 0 0 0 257 132 62 92 73 256 311 143 306 51 28 43 72 0 144 61 84 55 182 118 6 5 0 3 6 1 0 3 4 18 5 2 3 1 4 0 0 0 0 0 0 0 0 0 0 0 0 0 12 0 0 0 0 0 0 0 0 0 0 0 0 0 0 47 23 25 0 0 0 0 0 34 0 0 0 0 0 0 0 0 11 13 10 0 0 3 0 46 3 8 20 9 0 35 26 0 22 21 14 4 0 0 4 41 0 0 0 0 0 0 0 0 0 0 0 0 0 5 0 21 0 2 0 0 0 0 0 0 0 4 0 0 0 0 5 0 7 0 0 0 0 0 0 0 14 0 0 0 0 0 0 2 0 0 0 0 0 0 0 0 15 5 2 3 44 0 10 10 83 0 22 10 13 35 9 7 12 0 18 1 0 0 0 0 0 0 0 0 0 0 0 0 0 0 0 0 0 0 0 0 0 0 0 0 0 1 0 0 0 0 0 6 0 0 0 0 0 38 0 0 0 0 0 0 0 1 3 3 0 0 0 0 0 0 0 11 0 0 0 0 0 0 0 0 0 0 0 0 2 0 
 0 2 2 0 2 1 0 2 2 1 0 0 1 1 2 0 2 0 0 43 3 3 4 2 4 1 2 5 3 3 1 2 1 2 0 1 1 2 2 2 85 29 133 140 83 48 41 130 112 189 301 50 34 144 0 222 99 136 63 176 0 0 0 51 0 0 0 55 0 0 0 0 0 5 0 0 1 0 24 0 0 0 0 0 0 0 0 0 0 0 0 0 0 0 0 9 0 0 0 0 0 0 0 4 0 0 0 1 0 0 3 0 0 0 0 0 14 0 0 0 1 12 0 1 0 11 2 1 17 8 21 12 11 19 0 61 0 26 0 9 0 1 0 0 0 0 0 0 0 0 0 0 0 0 0 6 0 0 18 0 0 0 0 0 0 0 0 0 0 0 0 0 0 0 0 0 0 0 0 0 0 0 0 0 7 0 0 0 0 0 0 0 0 0 0 0 0 1 0 0 4 44 0 29 21 15 13 25 2 5 0 19 0 19 31 12 26 17 2 22 0 0 0 0 0 0 1 0 0 0 0 0 0 0 0 0 0 2 2 9 0 0 12 0 0 2 2 0 0 0 0 12 0 2 0 0 0 2 2 2 8 0 0 1 0 4 3 89 2 1 0 0 0 0 0 0 0 0 0 0 0 0 0 0 0 0 0 11 0 1 
 0 0 0 0 0 1 0 3 0 0 13 0 0 2 0 0 0 0 1 0 2 0 3 0 0 64 0 61 0 0 0 0 1 0 0 0 0 0 0 0 43 175 122 81 67 254 163 454 51 107 171 78 42 61 222 0 231 131 100 95 20 2 0 0 49 0 50 0 0 0 0 0 0 2 0 0 0 0 0 0 0 0 0 0 0 0 0 0 0 0 0 0 0 0 0 0 0 0 2 0 0 0 0 0 0 0 0 0 0 0 0 0 0 0 0 0 0 0 0 0 0 32 0 8 0 20 7 7 0 14 20 34 0 0 11 0 6 34 11 12 0 0 0 0 0 0 0 0 0 0 0 0 11 0 12 29 0 0 7 0 0 1 0 0 0 0 0 0 0 0 0 0 4 0 0 0 0 0 0 0 0 0 0 0 0 0 0 0 0 0 0 22 0 0 0 0 0 0 0 0 12 21 11 9 21 11 1 0 22 9 0 15 0 9 0 0 0 0 1 13 7 0 0 0 0 0 12 16 0 0 0 0 0 0 0 1 0 0 1 0 0 0 0 0 0 0 0 0 0 0 0 2 0 1 0 0 0 0 0 2 0 0 1 0 1 0 1 1 0 0 12 0 0 0 0 0 0 0 0 0 0 0 0 0 12 0 0 0 0 0 
 3 63 0 2 0 0 0 0 0 0 2 0 0 3 0 82 0 0 0 0 0 0 0 0 0 21 0 0 0 0 209 0 0 0 0 0 0 0 0 0 111 100 178 336 125 272 70 39 83 81 197 73 33 84 99 231 0 240 41 166 13 0 0 0 0 2 0 0 0 49 0 0 0 0 0 0 0 0 51 0 0 0 0 0 0 0 0 0 0 0 0 0 11 0 0 0 0 0 0 0 0 0 0 1 0 0 0 0 0 0 0 0 0 0 0 0 0 0 0 0 0 28 17 72 1 17 0 0 32 6 33 8 0 0 18 5 0 3 0 6 0 0 0 0 0 0 0 0 0 0 0 0 6 0 25 0 0 0 2 0 0 0 0 0 0 0 0 0 0 0 0 0 0 0 0 1 0 0 0 0 8 0 0 0 0 0 0 0 0 0 0 0 0 0 0 0 0 0 0 0 13 15 51 1 45 49 14 3 18 8 20 35 0 0 0 14 0 32 1 0 0 0 0 0 0 0 24 3 0 0 0 0 0 0 0 0 0 0 0 5 0 0 7 0 0 0 0 0 0 0 0 5 0 0 0 0 0 0 0 20 0 0 63 0 0 5 2 0 0 0 3 0 0 0 0 0 0 0 0 0 0 0 0 0 6 0 0 0 2 6 
 0 61 0 0 0 6 0 0 0 2 16 0 0 0 0 12 6 0 0 0 0 0 0 1 0 62 0 0 1 1 1 2 22 0 0 0 0 0 0 0 112 120 327 124 97 31 230 125 45 118 130 59 51 55 136 131 240 0 96 160 8 0 0 0 0 0 0 0 0 0 0 0 0 3 0 0 0 0 0 0 0 0 5 0 0 0 0 0 5 0 0 8 0 0 0 0 0 0 0 0 19 0 0 0 0 0 0 0 0 0 0 0 10 0 0 0 0 0 0 0 0 37 10 12 11 2 35 17 9 54 23 35 1 0 34 0 1 18 10 2 13 0 0 0 0 0 0 0 0 0 0 0 0 0 0 0 0 0 0 0 0 11 7 0 5 3 0 7 22 5 1 0 6 0 0 0 5 4 0 0 3 0 17 0 0 0 0 10 0 0 0 0 0 0 0 0 0 0 5 0 14 47 0 1 9 12 0 1 29 6 22 0 0 15 1 0 0 18 0 10 0 0 0 0 0 0 7 0 0 0 0 0 5 0 0 0 0 0 0 0 0 0 11 0 0 0 0 0 0 0 0 2 0 1 0 0 0 0 1 2 0 1 65 1 0 2 3 4 1 1 0 0 0 0 0 0 0 0 0 0 0 0 0 0 9 0 0 0 0 0 
 0 0 0 0 0 2 0 0 0 0 0 1 2 0 0 0 0 0 0 0 0 0 0 0 0 65 0 0 0 0 0 0 0 0 0 0 1 0 0 0 133 77 111 64 72 38 64 256 92 129 31 110 208 182 63 100 41 96 0 69 0 1 4 4 1 0 0 202 6 5 3 0 0 0 0 0 3 5 0 0 0 0 0 0 0 0 0 0 0 0 0 0 0 0 0 0 0 0 0 0 0 0 0 0 19 9 0 0 0 0 0 12 0 0 0 1 0 0 0 0 30 15 0 44 0 12 59 61 18 15 0 10 12 0 23 20 6 17 20 0 0 0 0 0 0 0 0 0 0 0 0 0 0 0 0 0 0 0 0 0 8 0 9 0 0 0 0 0 0 0 0 0 24 0 0 0 0 0 0 0 0 0 6 12 14 0 0 0 0 0 0 0 0 0 0 0 11 37 0 0 25 16 15 0 0 0 0 10 21 0 6 0 5 0 9 2 0 0 0 41 0 0 0 0 0 0 0 0 0 0 0 39 0 0 0 0 0 0 0 0 0 0 0 0 0 0 0 0 0 0 0 12 0 0 0 0 0 97 0 0 0 2 0 0 0 6 0 0 0 0 0 2 0 0 0 0 0 0 0 0 0 0 0 0 0 0 9 0 0 0 
 0 0 0 0 0 2 0 0 0 2 3 0 0 0 0 4 4 0 0 0 0 0 65 0 0 125 0 1 0 93 63 2 9 0 63 64 0 0 0 0 135 80 170 101 155 48 124 63 51 184 91 187 183 118 176 95 166 160 69 0 25 2 3 0 200 3 206 0 0 4 1 0 0 5 0 3 0 0 3 0 0 0 5 0 0 0 0 0 7 0 0 11 0 0 0 0 0 0 0 0 4 0 0 0 0 27 0 1 0 0 0 0 22 0 0 0 11 6 0 0 10 40 12 23 8 23 0 0 22 21 10 10 0 11 2 11 0 12 5 17 0 0 0 0 8 0 0 0 0 0 0 0 0 0 0 0 19 0 0 0 3 0 4 0 7 15 0 18 10 8 2 0 0 0 0 12 21 4 0 0 22 8 12 11 1 17 0 5 0 0 0 0 0 0 0 0 0 10 7 0 54 16 1 0 24 11 1 34 11 0 15 0 0 9 0 11 0 23 11 27 0 0 0 0 0 0 0 0 0 0 0 0 0 0 0 0 0 2 0 19 0 0 0 0 0 0 0 0 0 0 0 15 0 0 0 0 0 0 0 12 0 0 90 0 0 9 1 1 0 0 1 0 0 0 0 0 0 0 0 6 0 0 0 0 2 0 0 0 0 0 
 0 0 0 0 0 0 0 0 0 0 44 0 0 0 0 0 1 0 0 0 0 29 0 49 0 7 0 0 0 0 0 0 0 0 0 0 0 0 0 0 0 4 0 60 55 55 11 0 22 0 0 0 0 6 0 20 13 8 0 25 0 79 179 89 236 43 328 350 83 24 20 38 134 112 56 58 141 37 95 181 0 0 0 0 0 10 0 0 0 0 0 0 0 0 0 0 14 0 0 0 0 0 0 0 0 0 0 0 0 0 0 0 0 0 0 0 0 0 0 0 0 16 18 0 0 16 0 0 1 27 14 2 1 0 0 0 1 2 0 7 6 21 15 8 0 0 0 0 30 12 6 16 14 32 7 35 26 25 0 11 0 0 0 10 32 0 0 0 0 0 11 0 0 5 0 0 0 0 0 0 0 0 0 0 0 1 0 0 0 0 0 0 0 0 0 0 0 0 0 0 4 6 12 0 8 0 5 0 7 0 19 0 0 0 0 0 0 0 0 0 17 26 16 11 20 1 22 0 32 26 16 5 14 36 37 29 26 7 8 1 0 0 0 0 0 0 0 0 0 1 0 0 0 6 0 0 0 0 0 0 0 0 9 60 0 0 0 0 0 0 9 0 0 4 0 2 0 0 0 0 0 0 0 0 0 0 0 0 0 0 
