 0 110 242 99 34 38 374 237 217 126 54 34 56 51 194 431 226 251 247 164 0 0 2 0 2 0 0 0 0 0 0 1 0 0 0 105 0 0 0 0 2 0 0 2 0 0 0 0 2 0 0 1 4 0 2 0 5 0 0 0 2 0 3 2 0 3 0 3 0 0 0 0 0 0 0 0 0 0 0 0 20 0 0 0 0 0 46 30 25 5 2 6 2 18 37 25 30 19 12 0 0 0 0 1 0 0 0 0 0 0 0 2 0 0 0 0 0 0 10 0 0 0 0 0 0 0 0 0 0 0 0 0 0 0 0 0 0 0 0 0 0 0 0 0 0 0 0 0 0 0 0 0 0 0 0 0 0 0 10 0 10 0 19 13 35 0 0 16 46 35 0 8 0 25 21 10 24 2 11 1 0 0 0 0 0 1 0 0 0 0 16 0 0 1 8 0 0 0 0 0 0 0 0 0 2 0 0 0 0 1 0 0 0 0 0 0 0 0 0 0 0 0 0 0 0 0 0 0 0 0 1 0 0 0 0 0 0 0 12 0 0 0 0 0 0 2 2 2 0 1 0 10 0 0 0 0 0 0 0 0 0 0 0 0 0 0 0 0 0 0 0 0 0 1 0 0 0 0 0 0 0 0 0 0 0 0 0 0 0 0 
 110 0 346 146 260 30 163 65 255 133 40 52 56 350 375 72 101 86 301 166 0 0 4 0 2 0 0 0 0 1 0 1 0 0 0 1 0 2 76 0 2 0 0 2 0 0 0 75 0 0 54 0 2 0 64 0 0 0 0 0 2 5 3 2 0 3 0 3 0 0 0 0 0 0 0 0 1 0 0 0 8 27 19 0 0 0 13 8 10 49 13 32 0 0 0 51 4 13 4 14 9 0 0 0 0 0 17 0 0 0 0 0 0 0 1 0 0 8 0 19 0 0 0 0 0 0 0 0 0 0 0 0 0 0 0 0 0 0 0 0 0 0 13 0 0 0 0 0 0 0 0 0 0 0 0 0 0 0 0 0 46 15 25 15 0 0 2 0 0 0 0 0 17 0 22 0 22 16 1 0 0 0 0 0 0 0 0 0 0 0 0 0 0 0 0 0 0 0 11 0 0 0 0 0 0 0 7 0 0 0 0 0 0 0 0 0 0 0 0 0 0 0 2 0 0 0 0 0 0 0 0 0 0 0 0 0 0 0 0 0 0 0 0 0 0 1 1 0 1 0 13 13 0 0 0 0 0 0 0 0 0 0 0 0 0 0 0 0 0 0 0 0 0 0 0 0 8 0 0 0 0 0 0 0 0 0 0 0 0 0 
 242 346 0 188 41 30 48 74 232 111 146 47 362 63 338 323 212 129 573 57 206 0 2 67 2 0 0 0 0 0 0 5 75 0 0 0 0 0 151 0 8 0 0 2 0 0 0 74 0 0 3 0 3 14 3 0 0 0 0 0 4 0 4 2 0 3 0 3 0 0 0 0 0 0 0 0 0 0 0 0 19 23 33 10 28 13 11 0 28 41 23 40 0 0 49 30 24 10 0 0 12 0 0 0 0 0 0 0 0 0 0 0 0 13 17 0 0 0 10 35 0 0 0 0 0 7 0 0 0 0 0 0 0 0 0 0 0 0 0 0 0 0 0 0 0 0 0 0 0 0 0 0 0 0 0 0 0 0 0 0 7 6 13 18 13 17 4 10 1 8 0 16 24 0 41 18 5 37 9 0 0 0 0 0 0 0 14 0 0 0 0 0 0 11 25 20 0 0 12 14 0 0 0 0 0 0 0 0 0 0 0 0 0 0 0 0 0 0 0 0 0 0 0 0 0 24 0 0 0 0 10 0 0 0 0 0 0 0 0 0 0 0 0 0 0 1 0 1 0 2 12 8 0 0 0 0 0 0 0 0 0 0 10 0 0 0 0 0 0 0 0 0 0 0 0 24 12 0 0 0 0 0 0 0 0 0 0 0 0 0 
 99 146 188 0 108 39 79 251 174 172 314 137 274 77 71 158 75 136 68 283 78 73 2 0 5 0 151 0 0 4 0 2 26 3 3 0 3 1 0 2 2 3 3 4 0 0 0 0 2 0 0 0 3 0 6 11 2 0 0 0 5 1 8 2 0 4 0 3 0 0 0 0 0 0 0 0 2 0 4 0 14 0 0 24 8 20 0 1 10 0 7 11 0 16 14 0 29 68 0 0 20 9 0 0 0 0 0 0 14 0 0 0 0 11 0 14 0 0 25 0 20 0 0 0 0 0 0 0 0 0 0 0 0 0 0 0 0 0 0 0 0 0 0 0 0 0 0 0 0 0 6 0 0 0 0 0 0 0 0 1 6 0 0 3 30 12 11 0 24 1 8 2 0 10 0 0 14 6 0 0 11 0 0 0 0 0 0 0 0 0 0 0 28 0 8 9 0 3 10 10 0 0 0 0 0 0 0 0 0 0 0 13 0 0 0 0 0 0 0 0 0 0 1 0 0 0 0 0 0 0 0 0 0 0 0 0 0 0 0 0 0 0 0 0 0 2 89 0 52 2 2 12 0 0 2 0 0 0 0 0 0 0 3 0 0 0 0 0 0 0 0 11 0 0 0 0 0 0 0 0 0 0 0 0 0 0 0 0 0 0 
 34 260 41 108 0 75 37 142 161 81 160 78 79 72 75 183 65 344 65 85 77 2 6 2 2 2 148 2 2 0 3 3 245 148 1 0 0 0 108 75 2 0 0 2 0 3 0 1 1 0 0 0 26 0 3 1 0 2 0 2 2 0 3 2 1 5 1 6 0 0 0 0 0 0 1 3 0 2 0 0 0 0 0 11 13 15 0 0 0 17 50 5 0 27 0 0 0 14 0 0 6 0 9 0 0 0 1 13 22 0 0 0 36 0 15 0 16 0 8 14 0 0 0 0 0 0 0 0 0 0 0 0 0 13 0 0 0 0 0 0 0 0 0 0 0 4 0 0 0 0 0 0 0 0 0 0 0 0 0 0 0 7 0 22 0 0 1 0 0 14 36 25 0 0 3 20 0 0 0 0 10 10 10 0 0 0 17 0 40 15 0 0 19 24 10 20 0 0 27 10 0 0 0 0 0 0 0 0 0 0 14 0 21 0 0 0 0 0 0 0 0 0 0 14 0 0 0 0 7 0 19 0 0 0 0 0 0 0 0 0 0 0 0 0 0 0 4 0 7 1 0 1 9 14 0 0 0 0 0 1 0 0 0 0 0 0 0 0 0 0 0 0 0 0 0 0 10 30 0 0 0 0 0 0 0 0 0 0 0 0 
 38 30 30 39 75 0 38 117 136 91 270 224 47 61 268 174 85 171 85 60 17 84 3 75 2 0 191 138 227 0 0 81 76 0 4 3 3 43 98 61 2 0 0 5 0 0 5 2 0 0 0 0 1 3 3 2 0 0 0 0 2 0 4 2 64 3 0 3 0 0 0 0 1 0 0 0 4 0 3 0 0 6 0 9 0 32 1 0 0 0 7 0 0 0 0 0 0 14 0 0 22 47 2 0 24 0 45 27 1 17 10 18 0 1 17 0 0 0 0 12 0 0 0 0 0 0 2 0 0 0 0 0 0 0 0 0 0 0 2 0 0 0 0 0 0 0 0 0 0 0 1 0 0 0 1 1 0 0 0 0 0 2 0 0 10 0 12 0 9 8 16 0 0 0 3 5 22 0 0 0 0 0 22 9 0 0 23 31 18 18 0 17 8 0 11 6 11 15 16 64 0 0 0 0 0 0 0 0 0 0 0 0 0 0 0 0 0 0 0 0 0 0 0 10 0 0 0 0 0 0 0 0 0 0 0 0 0 0 0 0 0 0 0 0 0 5 85 0 3 5 1 11 1 0 0 0 0 76 0 0 0 0 0 0 0 0 0 0 0 0 0 0 0 0 0 0 0 0 0 0 0 0 0 0 0 0 13 0 0 0 
 374 163 48 79 37 38 0 58 50 36 213 216 159 372 125 23 124 52 337 100 1 2 2 1 2 2 0 0 0 3 0 2 0 0 0 0 0 0 1 0 5 0 0 2 0 0 2 4 0 0 0 0 0 0 2 0 0 0 0 0 2 6 5 2 0 3 0 3 1 0 2 0 1 0 0 0 1 1 0 0 51 2 14 17 0 2 1 0 0 11 0 0 0 11 11 40 20 34 23 50 0 0 0 0 2 1 2 0 0 0 0 0 0 0 0 0 0 0 0 0 0 0 0 0 0 0 0 0 0 0 0 0 0 0 0 0 0 0 0 0 0 0 0 0 0 0 2 0 0 0 0 0 0 0 0 0 0 2 0 0 21 13 28 0 0 0 9 26 0 29 0 0 0 11 15 0 1 0 0 39 0 0 0 0 0 0 0 0 0 0 0 0 19 0 2 0 0 0 1 0 0 0 1 0 0 0 0 0 0 0 0 0 0 0 0 0 0 0 0 0 1 0 0 0 0 2 0 0 0 0 0 0 0 0 0 2 0 0 0 0 0 0 17 0 0 0 0 2 0 3 0 14 0 0 0 0 0 0 0 0 1 0 0 0 0 0 0 0 0 0 0 0 0 0 0 0 1 0 0 0 0 0 0 0 0 0 0 0 0 0 
 237 65 74 251 142 117 58 0 227 144 41 214 226 91 144 187 206 290 62 144 0 0 3 4 2 0 0 2 0 2 0 1 0 0 0 0 0 3 2 0 2 0 0 2 0 2 0 0 0 0 0 28 2 0 3 0 0 0 0 5 2 5 3 2 0 3 0 3 4 0 0 0 0 0 0 0 0 0 0 0 9 14 12 16 0 7 1 23 46 3 45 56 14 35 14 44 13 20 0 0 0 0 0 0 0 0 0 0 0 0 0 0 0 1 12 0 0 0 0 0 0 0 0 0 0 0 0 0 0 0 0 0 0 0 0 1 0 0 0 0 0 0 0 0 0 4 16 0 0 0 0 0 0 0 0 0 0 0 7 0 2 38 0 9 28 13 39 10 28 17 28 36 0 31 0 22 2 26 14 0 14 0 0 0 0 0 0 0 0 0 0 0 0 54 21 0 0 0 0 11 0 0 0 0 0 0 0 0 0 0 1 0 0 0 0 0 0 0 0 0 0 0 0 0 0 0 0 0 0 0 0 0 0 0 0 0 2 0 0 0 0 17 0 0 0 2 2 0 0 1 0 4 0 0 0 0 0 0 0 0 0 0 0 0 0 0 0 0 0 7 0 0 0 0 0 5 9 1 0 0 0 0 0 0 0 0 0 0 0 0 
 217 255 232 174 161 136 50 227 0 309 92 123 115 113 155 289 343 242 181 118 75 0 3 60 2 2 0 0 0 0 0 1 150 74 0 0 6 1 75 0 2 0 0 2 0 0 39 51 0 0 0 2 1 0 3 0 0 0 0 0 2 0 3 2 0 3 0 3 0 0 0 0 0 0 0 0 0 0 0 6 19 26 0 27 17 30 6 11 27 13 30 76 10 0 11 45 18 20 0 0 0 0 0 0 0 0 1 1 0 0 0 0 0 0 45 0 0 0 1 50 0 0 0 0 0 0 0 0 0 0 0 0 0 0 0 0 0 0 0 0 0 0 0 0 2 7 0 0 0 0 0 0 0 0 0 0 0 0 0 0 0 20 11 10 0 28 73 23 0 0 46 44 17 1 1 63 1 16 14 38 16 4 0 0 0 0 5 2 0 0 18 0 0 13 18 20 0 0 0 2 1 0 0 0 0 0 0 0 0 0 0 0 0 0 0 0 0 0 0 0 0 0 2 0 0 0 0 0 0 0 0 0 20 0 0 0 0 0 0 0 0 7 0 0 0 0 1 1 0 2 9 17 0 0 0 0 0 2 0 0 0 0 0 0 0 0 0 0 0 0 0 0 0 13 0 21 0 3 0 0 0 0 0 0 0 0 0 0 0 0 
 126 133 111 172 81 91 36 144 309 0 270 155 190 73 401 500 191 246 72 106 0 0 2 0 2 1 0 0 0 2 0 4 0 0 2 0 0 0 0 0 2 0 0 68 0 0 0 0 0 0 2 0 0 9 2 1 0 0 0 0 3 2 3 2 0 3 0 3 0 0 0 47 0 0 0 49 0 0 0 0 20 9 45 0 16 23 88 28 17 0 22 20 0 64 13 0 57 10 1 0 1 0 0 1 0 0 0 0 0 0 0 2 0 4 0 0 0 0 17 0 0 1 0 0 0 0 0 0 0 19 0 0 0 0 0 0 0 0 0 0 0 0 0 0 0 0 0 0 0 0 0 0 0 0 0 44 0 0 0 0 8 14 1 9 8 0 11 0 4 44 5 49 0 0 13 5 18 21 11 0 0 0 0 0 0 0 0 0 0 0 0 0 0 10 0 8 0 0 0 33 0 0 0 0 2 20 0 12 0 0 0 0 0 0 0 0 0 0 0 0 0 0 0 0 0 0 2 0 0 0 0 0 0 0 0 0 0 0 0 0 0 0 0 0 0 0 4 2 0 47 0 3 0 0 0 0 0 0 0 0 0 0 48 0 0 0 0 0 0 0 0 0 0 0 0 0 13 0 0 0 0 0 0 0 0 0 0 0 0 0 
 54 40 146 314 160 270 213 41 92 270 0 159 681 140 477 186 318 248 239 169 0 1 2 0 2 0 0 0 0 0 0 1 77 0 0 0 2 2 78 0 2 0 0 2 0 0 0 0 0 0 0 1 0 3 3 0 0 0 0 0 2 5 3 2 0 3 0 3 0 0 0 0 0 0 0 0 0 0 0 0 0 7 49 57 21 22 16 5 1 30 9 14 1 8 9 0 8 19 0 17 30 0 0 0 0 0 0 0 15 0 1 0 23 10 0 0 0 0 7 0 0 0 17 0 0 0 1 0 0 0 0 0 0 0 0 0 0 0 1 0 0 0 14 0 0 3 0 0 0 1 0 0 0 0 2 2 0 0 0 0 5 23 26 29 27 15 30 0 1 18 24 13 7 0 0 16 14 0 0 0 24 0 0 0 0 0 0 0 0 0 0 0 38 0 0 0 0 0 15 25 0 0 0 0 0 0 16 0 0 0 0 13 0 0 0 0 0 0 0 0 0 0 0 0 0 0 0 0 0 0 0 0 0 0 0 0 0 0 0 0 0 3 0 0 0 2 3 0 86 178 0 8 0 0 0 0 0 0 0 0 0 0 0 0 0 0 0 0 0 0 0 0 0 0 0 0 13 6 0 0 0 0 0 0 0 0 0 0 0 0 
 34 52 47 137 78 224 216 214 123 155 159 0 62 54 68 352 323 218 54 46 1 0 2 0 2 0 2 0 0 0 2 2 80 0 0 0 2 0 149 0 2 0 0 2 0 0 0 0 61 0 0 0 0 0 2 22 0 0 0 0 3 0 2 2 0 3 0 5 0 0 0 0 0 0 0 0 0 0 0 0 0 10 60 50 1 9 0 18 0 20 11 20 0 1 0 0 0 20 0 0 32 10 0 0 0 2 0 12 21 2 0 0 0 1 0 0 16 0 1 14 0 0 0 0 0 0 0 0 0 0 0 0 0 0 0 0 0 0 0 0 0 0 0 0 0 0 0 0 0 0 14 0 0 0 0 0 0 11 0 0 24 13 2 1 10 0 15 2 18 1 14 14 27 0 1 2 22 10 0 0 0 0 0 0 0 0 17 0 1 0 0 0 50 0 1 42 0 0 26 14 0 0 2 0 0 0 0 0 0 0 0 0 0 0 0 0 0 0 0 0 0 0 0 0 0 0 0 0 0 0 0 0 0 0 0 1 0 0 0 0 0 0 11 0 0 0 85 0 7 92 0 16 9 0 0 0 0 0 0 0 0 0 22 0 0 0 2 0 0 0 0 0 0 0 0 0 13 0 0 0 0 0 0 0 0 2 0 0 0 0 
 56 56 362 274 79 47 159 226 115 190 681 62 0 522 119 280 235 42 183 257 2 1 0 0 0 0 1 2 0 0 0 1 0 0 0 0 0 64 0 0 0 0 0 0 0 0 0 0 0 0 0 14 0 0 0 0 0 0 0 0 0 7 0 0 2 0 0 0 0 0 0 0 0 0 0 0 0 0 0 0 0 18 24 0 0 0 22 0 16 25 9 10 51 0 0 32 7 0 10 28 0 0 0 0 0 0 0 0 0 0 1 0 0 0 0 0 0 0 0 0 0 0 0 0 0 0 0 0 0 0 0 0 0 0 0 0 0 0 0 0 0 0 0 0 0 0 0 0 0 14 0 0 0 0 0 0 0 0 0 0 30 23 23 0 9 9 23 0 16 1 0 4 0 9 0 0 0 44 27 0 0 0 0 0 0 0 0 0 0 18 0 0 0 0 0 0 0 0 0 0 0 0 0 0 21 0 0 0 0 0 0 0 0 0 0 0 0 0 0 0 0 0 0 0 0 0 0 0 0 0 0 0 0 0 0 0 0 0 0 0 0 16 0 0 1 0 91 0 0 0 0 21 0 2 0 0 0 0 0 0 0 2 0 0 0 0 0 0 0 0 0 0 0 0 0 0 0 0 0 0 0 0 0 0 0 0 0 0 0 0 
 51 350 63 77 72 61 372 91 113 73 140 54 522 0 115 53 40 38 737 465 0 0 2 0 2 0 2 204 0 0 74 1 204 0 0 0 1 4 0 0 2 0 0 2 3 0 0 11 0 0 0 0 0 0 2 0 0 0 0 0 2 9 3 2 0 3 0 3 0 0 3 0 8 0 0 0 0 0 0 0 17 20 34 1 0 0 1 0 0 21 0 13 24 8 0 16 0 7 26 89 0 0 0 0 0 0 0 0 2 0 0 0 0 0 7 0 0 0 0 0 0 0 0 2 0 0 0 0 0 0 0 0 0 0 0 0 0 0 0 0 0 0 0 0 0 0 6 0 0 42 0 0 0 0 0 0 0 0 0 1 16 11 23 2 7 0 7 40 0 33 0 4 0 18 13 0 1 0 0 29 0 0 0 0 0 0 0 0 0 0 0 0 0 0 0 0 0 0 0 0 0 0 0 0 0 11 0 0 0 0 0 0 0 0 0 0 0 0 0 1 0 0 0 2 0 0 0 0 0 0 0 1 0 0 0 0 0 2 0 0 0 0 0 0 8 1 2 0 0 1 0 7 43 0 0 0 0 0 0 0 0 0 0 0 0 0 0 0 0 0 0 0 0 0 0 0 0 0 0 0 0 0 0 0 0 0 0 0 0 0 
 194 375 338 71 75 268 125 144 155 401 477 68 119 115 0 105 85 32 92 242 0 0 2 1 2 1 2 0 0 0 0 1 0 0 0 1 0 0 0 1 2 0 0 2 0 0 0 0 0 0 0 0 0 5 2 0 0 0 0 64 3 5 2 2 0 3 0 3 0 0 0 0 0 0 0 0 0 0 0 0 0 10 24 15 3 21 15 23 6 22 0 0 0 67 35 14 41 7 19 10 0 0 0 0 0 0 0 0 0 0 0 0 0 9 0 0 0 0 9 0 0 0 18 0 0 0 0 0 0 0 0 0 0 0 0 0 0 0 0 0 0 0 0 0 0 0 0 0 0 0 0 0 0 0 0 0 0 0 0 0 8 11 43 47 11 0 7 0 0 36 0 12 0 0 49 0 29 1 0 0 0 0 0 0 0 0 1 0 0 0 0 0 0 0 0 0 0 0 0 17 0 0 0 0 0 0 0 0 0 0 0 0 0 0 0 0 0 0 0 0 0 0 0 0 0 0 1 0 0 0 0 0 0 0 0 0 0 0 0 0 0 0 0 0 0 1 8 0 1 2 3 2 0 0 0 0 0 0 0 0 0 0 0 0 0 0 0 0 0 0 0 0 0 0 0 0 0 0 0 0 0 0 0 0 0 0 0 0 0 0 
 431 72 323 158 183 174 23 187 289 500 186 352 280 53 105 0 187 151 50 162 0 0 2 0 2 0 0 0 0 3 0 1 0 0 0 0 3 0 0 0 5 0 0 2 0 0 2 0 0 0 0 0 0 0 2 0 4 0 0 0 2 0 5 2 0 3 0 3 0 0 0 0 0 0 0 0 0 0 0 0 0 0 27 15 4 26 27 25 16 18 0 26 0 20 28 0 19 0 20 0 9 0 0 0 15 0 0 0 0 0 0 0 18 11 0 0 0 0 10 2 0 0 0 2 0 0 2 0 0 0 0 0 0 0 0 0 0 0 2 0 0 0 0 0 0 0 0 0 0 1 0 0 0 0 0 12 0 0 0 0 11 0 1 45 30 9 0 1 1 3 23 19 0 11 11 14 46 2 3 0 2 0 0 13 0 0 0 0 0 0 0 0 0 0 0 10 0 0 0 17 0 0 0 0 0 0 0 0 0 0 0 0 0 0 0 0 0 0 0 0 0 0 0 7 0 0 0 0 0 0 0 0 0 0 0 0 0 0 0 0 0 0 0 0 0 1 3 0 1 93 0 17 0 0 0 0 0 0 0 0 0 0 17 0 0 0 0 0 0 0 0 0 0 0 0 0 0 0 0 0 0 0 0 0 0 0 0 0 0 0 
 226 101 212 75 65 85 124 206 343 191 318 323 235 40 85 187 0 74 69 72 0 0 2 0 2 0 80 0 0 0 1 1 1 2 3 2 6 3 73 0 2 0 0 65 3 3 0 62 12 3 3 0 1 7 3 2 0 5 3 0 2 0 7 2 0 3 0 4 0 0 0 5 0 0 0 0 0 2 0 2 1 24 29 14 24 25 0 0 11 10 32 33 0 11 40 10 54 14 0 0 10 0 0 2 0 0 0 1 0 0 0 1 0 12 0 0 0 0 18 16 0 1 17 0 0 0 0 0 0 0 0 1 0 0 0 0 0 0 0 0 0 0 10 13 0 7 0 0 0 0 0 0 0 0 0 0 0 0 0 0 2 8 23 7 21 0 3 0 16 56 17 2 8 10 11 12 12 3 0 0 29 0 0 0 0 0 0 0 0 0 0 0 8 0 0 0 0 2 10 71 0 0 0 0 1 0 0 0 0 2 0 0 0 0 17 0 0 0 0 0 0 0 0 0 0 0 0 0 0 0 2 0 0 0 0 0 0 0 0 0 0 0 0 0 0 3 2 0 1 1 1 9 0 2 0 0 0 0 0 0 0 0 0 0 0 0 0 0 0 0 0 0 0 2 0 0 10 19 0 0 0 0 0 0 0 0 0 0 0 0 
 251 86 129 136 344 171 52 290 242 246 248 218 42 38 32 151 74 0 46 46 2 0 5 80 5 0 4 0 0 0 0 2 0 0 0 0 1 0 8 75 5 0 0 2 0 0 0 0 3 0 0 0 3 2 67 5 0 0 0 3 2 0 3 2 1 3 0 3 0 2 0 0 0 0 0 2 0 0 2 2 0 9 14 26 16 9 0 17 1 40 24 26 0 2 0 32 0 27 10 0 11 21 0 0 0 0 0 0 0 0 0 0 5 0 10 0 1 12 0 0 0 0 0 0 0 0 0 0 0 0 0 0 0 17 0 0 0 0 0 0 0 0 0 0 0 0 0 0 0 0 1 0 0 0 0 0 0 0 0 0 5 3 0 20 10 14 37 16 62 1 58 50 0 1 0 35 11 21 0 0 0 0 0 0 0 0 0 0 0 0 0 0 19 23 11 9 0 0 2 12 0 0 0 0 0 0 0 0 0 0 0 0 0 0 0 0 0 0 0 0 0 0 2 0 0 0 0 0 0 0 0 0 0 0 0 0 0 0 0 0 0 0 0 0 0 3 88 0 4 1 0 5 0 0 0 0 0 0 0 0 0 0 12 0 0 0 0 0 2 0 31 0 0 0 0 18 9 0 0 0 0 0 0 0 0 0 0 0 0 0 
 247 301 573 68 65 85 337 62 181 72 239 54 183 737 92 50 69 46 0 540 0 0 3 1 2 0 1 0 0 0 0 2 0 0 0 2 0 0 0 0 2 0 0 2 0 0 0 4 0 0 0 0 1 0 3 0 0 0 0 0 2 0 3 3 0 3 0 3 0 0 0 0 0 0 0 0 0 0 0 42 52 10 0 0 0 0 0 17 17 0 1 0 27 8 4 11 0 8 41 33 0 0 0 0 0 0 0 0 0 0 0 0 0 0 0 0 0 0 0 0 0 0 0 0 0 0 0 0 0 0 0 0 1 0 2 0 0 0 0 0 0 0 0 0 0 0 7 0 0 16 0 0 0 2 0 0 0 0 7 0 37 5 6 0 8 0 0 11 0 0 0 4 11 3 48 0 12 0 0 26 0 0 0 0 0 0 0 0 0 0 0 0 0 0 0 0 0 0 0 0 0 0 0 0 0 0 0 0 0 0 0 0 0 0 0 0 0 0 1 0 0 0 0 0 0 0 0 0 0 0 0 0 0 0 0 0 0 0 3 0 0 0 0 0 0 3 2 1 0 1 8 11 0 0 0 0 0 0 0 0 0 0 0 0 0 0 0 0 0 0 0 0 0 0 0 0 0 0 0 0 0 0 0 0 0 0 0 0 0 0 
 164 166 57 283 85 60 100 144 118 106 169 46 257 465 242 162 72 46 540 0 0 0 3 0 4 0 0 0 0 1 0 2 0 4 0 0 0 0 2 0 2 3 1 4 0 0 0 2 0 0 3 2 1 0 3 78 2 0 0 2 14 6 14 15 2 13 3 3 0 1 1 3 17 10 0 7 0 0 2 0 1 0 20 2 0 0 27 30 20 41 1 0 10 12 13 33 0 9 22 48 0 0 0 0 0 0 0 0 1 0 0 0 0 0 0 0 0 0 1 0 0 0 0 0 0 0 0 0 0 0 0 0 0 0 0 0 0 0 0 0 2 0 0 0 0 0 0 21 0 0 0 0 0 0 0 0 0 0 0 2 0 2 7 0 3 10 35 17 0 21 0 4 0 20 1 14 14 0 24 1 0 0 0 0 0 0 0 0 0 0 0 0 0 0 0 0 0 0 0 0 0 2 0 0 0 0 0 0 0 0 0 0 0 0 0 0 0 0 0 0 0 0 0 0 0 0 0 0 0 0 0 2 0 0 0 0 0 0 0 0 0 7 0 0 0 50 1 0 0 4 3 13 0 0 0 1 0 0 0 0 0 0 0 10 0 0 0 0 0 0 0 0 0 0 0 0 0 0 0 0 0 0 0 0 0 0 0 0 0 1 
 0 0 206 78 77 17 1 0 75 0 0 1 2 0 0 0 0 2 0 0 0 275 75 76 29 242 166 81 132 32 107 53 190 141 135 48 109 49 45 337 0 0 0 0 0 3 204 62 0 0 2 0 3 2 0 3 2 0 0 0 0 2 1 0 0 0 0 51 0 1 0 0 3 0 0 0 3 1 0 0 0 1 0 0 33 30 0 0 0 0 20 20 0 0 0 0 0 0 0 13 64 9 12 0 0 0 32 32 32 0 19 30 0 5 33 12 16 13 36 39 0 0 0 0 0 0 0 2 2 0 0 0 9 0 0 0 0 0 0 0 0 0 0 2 0 0 0 3 0 0 0 0 0 9 0 0 4 0 0 0 0 0 0 0 25 0 0 0 0 0 0 0 1 0 1 0 0 0 0 0 72 20 27 37 0 0 25 9 24 7 12 0 14 5 1 12 23 77 26 11 0 0 0 0 0 0 0 0 0 0 0 6 0 0 0 0 0 0 14 0 0 0 0 9 0 0 0 0 0 0 0 0 0 0 0 8 0 0 0 0 0 0 12 0 0 2 0 0 74 0 0 0 2 0 8 10 4 80 2 0 46 1 0 0 0 0 0 2 0 0 0 0 0 28 0 0 0 0 0 0 0 13 0 6 0 0 10 0 0 0 
 0 0 0 73 2 84 2 0 0 0 1 0 1 0 0 0 0 0 0 0 275 0 265 294 142 85 99 108 418 78 25 29 117 56 53 325 55 208 48 151 0 0 1 0 0 3 0 1 0 0 0 0 25 2 6 4 3 6 66 15 12 3 3 0 0 0 0 106 4 0 0 0 0 0 38 0 3 6 16 2 0 1 0 1 17 0 0 0 0 0 0 0 0 0 0 0 0 0 0 4 25 34 4 5 32 0 44 14 36 75 18 19 0 9 18 35 17 22 6 11 0 0 0 0 0 0 2 0 0 0 0 0 9 12 0 0 0 0 0 0 0 0 0 0 0 0 0 5 0 0 0 0 0 0 0 0 3 0 0 0 0 0 0 0 11 0 0 0 0 2 0 0 0 0 0 0 1 0 0 0 7 44 22 24 18 0 63 0 0 14 0 17 12 36 10 0 32 1 9 10 0 0 0 0 0 0 0 0 0 0 0 0 0 1 0 0 0 0 61 0 0 0 0 10 0 0 0 0 0 0 0 0 0 0 0 0 0 0 0 0 0 0 0 0 0 0 0 0 95 0 0 2 0 0 9 0 0 81 0 2 0 0 0 0 0 0 0 0 0 0 0 0 0 0 0 0 0 0 0 0 0 9 0 0 0 0 0 0 0 0 
 2 4 2 2 6 3 2 3 3 2 2 2 0 2 2 2 2 5 3 3 75 265 0 175 165 47 152 263 184 289 72 321 70 416 207 256 230 165 43 55 0 0 0 0 0 3 4 0 0 0 0 0 35 2 0 3 4 6 133 0 4 3 49 0 0 0 0 0 0 0 0 0 3 0 0 0 0 0 4 0 0 0 0 0 0 0 0 0 0 0 0 0 0 1 0 0 0 0 10 0 0 45 0 17 48 20 0 21 8 28 33 9 13 2 0 46 4 45 2 0 0 1 0 0 0 0 34 0 0 0 0 0 10 39 0 0 0 0 9 0 0 0 0 5 0 0 0 0 1 0 0 0 0 0 0 0 0 0 0 0 0 0 0 0 0 0 0 0 0 0 0 1 0 0 0 11 0 0 0 2 16 9 9 19 50 1 0 0 1 11 33 0 0 14 26 0 14 35 0 0 8 0 0 0 0 0 0 0 9 0 0 0 0 0 0 0 0 0 25 36 0 0 0 0 0 0 0 0 0 0 0 0 0 0 0 0 0 0 0 0 0 0 0 0 0 2 0 0 0 0 0 0 0 0 13 2 0 87 2 0 12 12 0 0 0 0 0 0 0 0 0 0 0 0 0 0 0 0 0 23 1 11 0 0 0 17 0 0 0 0 
 0 0 67 0 2 75 1 4 60 0 0 0 0 0 1 0 0 80 1 0 76 294 175 0 242 40 82 196 108 426 190 34 329 295 273 147 281 216 163 260 0 0 0 2 3 8 0 3 0 3 6 0 3 7 2 6 3 6 11 3 1 52 2 12 0 1 1 0 0 0 0 0 8 0 0 0 3 0 3 0 0 12 0 10 7 0 0 0 0 0 0 0 0 0 0 12 0 0 0 0 5 13 20 0 15 8 10 10 20 38 14 0 0 0 40 16 2 22 0 14 0 13 0 0 0 0 10 23 0 0 21 0 0 21 0 0 0 0 21 0 0 0 0 0 0 0 0 0 4 0 0 0 4 0 0 0 0 0 0 0 0 0 0 11 9 8 0 10 2 0 0 13 0 0 0 8 0 13 0 0 0 43 30 0 0 7 48 34 30 0 12 0 0 27 22 20 0 10 0 19 0 0 0 0 0 0 12 12 0 0 0 0 0 51 13 2 11 0 20 0 0 0 0 1 0 1 0 0 0 0 0 2 7 0 0 0 0 0 0 0 0 0 0 0 0 1 0 0 0 0 0 0 0 2 1 2 0 1 1 0 1 0 0 0 0 0 0 0 0 0 0 0 0 0 0 30 0 0 0 0 0 10 0 0 0 0 0 0 0 0 
 2 2 2 5 2 2 2 2 2 2 2 2 0 2 2 2 2 5 2 4 29 142 165 242 0 144 81 195 134 146 148 142 73 99 146 149 265 104 46 57 63 0 38 0 0 3 2 30 0 0 0 4 127 73 124 3 64 0 132 0 13 3 1 0 0 2 0 0 0 4 0 0 3 0 6 0 0 0 17 0 0 0 0 0 0 0 0 0 0 0 0 19 0 0 0 0 0 0 0 0 0 0 0 44 2 0 0 0 2 0 0 0 0 21 0 18 0 24 0 0 55 1 0 0 0 0 15 27 0 11 0 0 11 1 26 0 0 20 32 52 0 0 0 0 0 0 0 0 7 0 0 2 9 0 0 0 0 0 0 0 0 0 0 0 0 0 0 0 0 0 0 7 0 0 0 0 32 0 0 0 20 0 0 0 62 10 0 0 4 0 26 3 1 0 2 0 0 0 0 0 14 18 20 0 0 0 14 0 11 32 0 0 7 37 32 14 10 0 23 32 0 0 0 0 0 18 0 0 0 0 0 0 0 0 0 0 2 0 1 0 0 0 0 0 0 0 0 0 0 0 0 0 0 0 2 2 4 2 77 2 2 4 1 0 0 0 0 0 0 0 0 0 0 0 0 0 0 0 0 0 0 0 0 0 0 0 0 0 0 0 
 0 0 0 0 2 0 2 0 2 1 0 0 0 0 1 0 0 0 0 0 242 85 47 40 144 0 259 29 53 139 68 270 37 76 70 148 134 270 43 44 206 0 56 1 0 3 0 0 0 0 0 0 195 64 98 3 66 0 126 63 7 3 1 0 0 0 0 0 0 0 0 0 3 0 31 0 52 0 5 0 0 1 0 0 0 0 0 0 0 0 0 0 0 0 0 0 0 0 0 0 0 0 0 9 0 26 0 0 0 2 12 0 0 0 0 0 0 12 0 0 32 58 19 16 0 0 2 0 5 7 0 22 14 0 47 22 13 23 0 47 0 0 0 0 0 0 0 0 0 21 0 2 0 0 0 0 0 0 0 0 0 0 0 0 0 3 0 0 0 0 0 1 0 0 0 0 1 0 0 0 0 0 0 0 30 11 0 0 0 13 0 19 0 0 0 0 0 0 0 0 0 78 31 7 1 0 0 9 10 18 14 0 15 11 19 17 0 9 11 5 0 0 0 0 0 0 9 0 0 0 0 0 0 0 0 0 0 0 0 0 0 0 0 0 0 0 0 0 0 0 0 0 0 0 21 0 2 5 0 1 5 1 0 0 0 0 0 0 0 0 0 2 0 0 0 0 0 8 0 0 0 0 13 0 0 0 0 0 0 0 
 0 0 0 151 148 191 0 0 0 0 0 2 1 2 2 0 80 4 1 0 166 99 152 82 81 259 0 128 190 21 41 267 141 296 46 36 62 82 149 152 0 0 0 0 0 3 0 1 0 0 0 0 6 2 0 80 3 0 0 0 0 7 4 0 0 0 0 0 0 0 2 0 0 0 0 0 9 0 0 0 0 0 0 0 6 23 0 0 0 0 0 12 0 0 0 14 0 9 0 0 56 35 10 0 0 0 16 34 23 10 1 30 0 11 0 34 0 0 23 33 0 0 0 0 0 0 0 0 0 0 0 0 2 0 0 0 2 0 0 0 0 0 0 0 0 40 2 0 0 0 0 0 1 0 0 0 0 0 0 0 0 14 0 0 16 0 0 0 0 10 33 12 0 0 0 18 0 0 0 0 36 0 15 9 0 0 47 2 23 11 0 17 25 20 36 25 35 24 48 14 0 0 0 0 0 0 0 0 0 0 0 0 0 0 0 0 2 0 0 2 1 11 0 0 0 0 0 0 0 0 0 0 0 0 0 0 0 0 0 0 0 0 0 0 0 0 0 0 74 0 0 0 0 0 22 0 0 88 0 1 2 0 0 0 0 0 0 0 0 0 0 0 0 0 0 24 0 21 0 0 0 0 0 0 0 0 10 0 0 0 
 0 0 0 0 2 138 0 2 0 0 0 0 2 204 0 0 0 0 0 0 81 108 263 196 195 29 128 0 424 157 321 103 321 206 67 109 29 160 154 346 0 0 1 0 0 3 0 1 0 0 0 0 3 2 0 3 3 8 79 0 0 3 4 0 0 0 3 0 0 0 0 0 5 0 0 0 1 0 0 0 0 0 0 0 0 0 0 0 0 0 0 0 0 0 0 0 0 0 0 0 1 24 13 20 44 0 40 21 17 36 8 11 0 13 35 10 0 28 0 45 0 19 0 0 0 0 0 0 0 0 0 2 0 10 0 0 0 0 1 0 0 0 0 2 0 0 0 1 0 0 0 0 0 2 0 0 0 0 0 0 0 0 0 0 0 0 0 0 0 0 0 0 0 0 1 1 0 0 0 0 7 21 1 0 53 10 29 37 30 0 8 23 0 13 29 0 11 0 11 20 0 0 0 0 0 0 0 0 0 0 0 0 0 0 2 0 0 0 32 9 2 0 0 0 1 0 0 0 0 0 0 0 0 0 0 0 0 0 0 0 0 0 0 0 0 0 0 0 0 0 0 0 0 0 13 2 0 2 0 0 2 13 0 0 0 0 14 0 0 0 0 0 0 0 0 0 0 0 0 0 0 9 0 0 0 0 0 0 0 0 
 0 0 0 0 2 227 0 0 0 0 0 0 0 0 0 0 0 0 0 0 132 418 184 108 134 53 190 424 0 79 337 121 294 190 420 67 503 192 79 309 0 0 28 0 0 3 33 0 0 0 0 0 3 2 1 3 3 0 5 0 0 3 10 0 0 0 0 0 0 0 0 0 0 0 0 0 13 0 0 0 0 16 0 0 1 30 0 10 0 0 0 0 0 0 15 0 0 0 0 0 2 67 24 26 34 22 81 1 0 47 24 27 0 0 13 5 11 15 1 1 23 0 0 0 0 0 10 11 0 0 0 6 8 1 0 8 0 0 31 8 0 0 0 7 0 0 0 0 0 0 2 0 0 0 0 0 0 0 0 0 0 0 0 0 0 0 0 0 0 0 0 0 0 0 0 0 0 0 0 8 1 0 25 9 18 13 11 7 54 35 2 21 0 26 8 10 46 30 0 30 1 0 0 0 0 0 0 0 0 0 0 0 12 15 6 0 0 0 0 0 0 0 0 0 0 0 1 0 0 0 0 0 0 0 0 0 0 0 0 13 0 0 0 0 0 0 0 0 1 0 0 0 0 0 7 1 0 91 16 0 1 13 0 0 0 0 3 0 0 0 0 0 0 0 0 0 0 0 0 0 0 1 0 0 0 0 8 0 0 0 
 0 1 0 4 0 0 3 2 0 2 0 0 0 0 0 3 0 0 0 1 32 78 289 426 146 139 21 157 79 0 174 59 40 97 171 408 60 272 48 165 0 2 0 0 0 8 2 67 1 2 0 0 24 4 0 6 2 5 131 4 8 3 31 0 0 0 0 0 0 2 0 0 3 0 0 2 0 0 12 0 0 0 0 0 0 0 0 0 0 0 0 0 0 0 0 0 0 0 0 0 0 0 0 0 6 19 0 8 20 10 23 0 0 0 14 11 21 43 0 0 0 0 1 0 0 0 22 12 0 0 0 0 0 10 0 0 5 0 15 1 0 0 0 0 0 0 0 0 5 0 0 0 6 0 0 0 2 0 0 0 0 0 0 2 0 0 0 0 0 0 0 1 0 0 0 0 0 0 0 0 6 7 15 52 19 6 8 10 0 1 25 1 1 0 6 0 33 25 0 0 11 0 0 0 0 0 0 9 0 1 0 0 0 41 0 2 9 0 24 36 0 0 0 0 0 2 0 0 0 0 0 0 0 0 0 0 0 0 0 0 0 0 1 0 0 1 0 0 0 0 0 0 0 0 4 0 0 78 76 0 1 1 0 0 0 0 0 0 0 0 0 0 0 0 0 0 0 0 0 62 0 10 0 0 0 2 0 0 0 0 
 0 0 0 0 3 0 0 0 0 0 0 2 0 74 0 0 1 0 0 0 107 25 72 190 148 68 41 321 337 174 0 348 110 131 494 153 273 66 119 494 0 0 0 0 0 3 0 0 0 0 1 0 4 2 0 3 3 0 5 0 0 3 10 0 0 0 0 0 0 0 0 0 1 0 0 0 5 0 0 0 0 0 0 0 0 0 0 0 0 0 0 0 0 0 0 0 0 0 0 0 0 0 0 23 49 8 8 17 0 15 23 7 20 21 2 29 25 17 0 9 0 12 0 0 0 0 19 26 0 0 0 0 12 12 0 0 0 0 33 0 0 0 0 0 0 0 0 0 2 0 0 0 4 0 0 0 0 0 0 0 0 0 0 0 0 8 0 0 0 0 0 1 0 0 0 0 0 0 0 0 52 2 6 27 10 0 0 18 0 14 7 22 0 7 0 14 11 0 0 0 0 0 0 0 0 0 0 0 0 0 0 0 0 15 13 0 0 0 25 19 0 0 0 0 0 0 0 0 0 0 0 0 0 0 0 0 0 0 0 0 0 0 11 0 0 0 0 0 0 0 0 0 0 0 8 0 0 84 5 0 13 0 0 0 0 0 20 0 0 0 0 0 0 0 0 0 0 0 0 0 0 0 0 0 0 0 0 0 0 0 
 1 1 5 2 3 81 2 1 1 4 1 2 1 1 1 1 1 2 2 2 53 29 321 34 142 270 267 103 121 59 348 0 38 119 149 155 158 97 65 156 1 1 0 0 0 3 0 0 1 0 0 0 65 112 66 3 2 0 0 0 57 3 36 0 1 0 0 0 0 0 0 0 3 0 3 0 4 0 4 3 0 1 0 0 0 16 0 0 0 0 0 0 0 2 0 0 0 0 0 1 0 0 0 0 0 23 1 0 0 10 0 9 0 0 0 1 19 0 0 0 19 0 1 0 0 0 0 13 0 0 0 0 10 0 11 0 0 16 0 25 0 0 0 0 3 0 0 0 0 0 0 0 0 0 0 0 0 0 0 2 0 0 0 0 0 0 0 0 0 0 2 1 0 0 0 7 0 0 0 0 0 13 13 23 0 13 0 9 21 6 16 25 0 0 11 0 20 51 0 5 8 14 27 0 0 0 12 0 1 8 0 0 12 0 0 0 0 0 0 11 0 0 0 0 0 7 0 0 0 0 0 0 0 0 0 0 0 0 0 1 0 0 0 0 0 0 1 0 0 0 0 0 0 0 16 0 0 167 1 0 2 0 0 0 0 0 14 0 0 0 0 2 0 0 0 0 0 0 0 25 0 0 1 0 0 1 9 0 0 0 
 0 0 75 26 245 76 0 0 150 0 77 80 0 204 0 0 1 0 0 0 190 117 70 329 73 37 141 321 294 40 110 38 0 347 114 44 254 28 220 282 0 0 0 0 0 3 0 63 0 0 0 0 3 2 0 3 2 0 0 2 0 3 1 0 1 4 0 0 0 6 0 0 3 0 0 0 0 0 0 0 0 1 0 22 42 20 0 0 0 0 13 14 0 0 0 0 0 0 0 0 6 0 14 2 0 0 18 1 33 8 13 54 19 23 17 11 11 1 30 93 0 0 0 0 0 0 0 13 0 0 0 0 0 0 1 22 0 1 0 0 0 0 0 0 0 1 0 0 0 2 0 0 0 0 0 0 0 0 2 0 0 30 1 2 8 41 0 0 0 0 0 10 0 0 0 15 0 0 0 0 10 20 0 0 0 0 14 0 28 14 0 0 40 0 29 11 19 0 40 0 0 0 0 0 0 8 0 0 0 0 1 0 0 0 0 0 0 0 0 0 0 0 0 0 0 0 0 0 0 0 0 0 0 0 0 0 0 0 0 0 0 0 6 0 0 0 0 0 71 1 0 0 11 0 7 1 1 0 0 0 1 1 0 0 0 0 1 0 0 0 0 0 0 0 0 14 2 0 0 0 0 1 0 0 0 0 0 0 0 0 
 0 0 0 3 148 0 0 0 74 0 0 0 0 0 0 0 2 0 0 4 141 56 416 295 99 76 296 206 190 97 131 119 347 0 604 230 142 362 141 573 1 6 0 102 1 23 1 63 1 0 9 0 4 3 105 3 3 2 1 0 4 4 42 52 0 0 0 0 6 0 0 3 3 0 2 0 4 0 4 4 0 0 0 0 8 17 0 0 0 16 19 18 0 0 0 0 0 0 0 0 14 21 28 16 2 21 36 0 0 21 5 47 11 21 12 39 43 1 40 84 0 0 1 0 0 0 15 0 0 0 0 0 0 0 0 0 0 0 0 0 0 0 0 28 0 0 0 3 0 0 0 0 0 0 0 11 3 0 0 0 0 0 0 1 0 0 1 0 0 0 0 0 0 0 1 0 0 0 0 0 41 24 19 33 7 10 0 5 9 28 10 22 0 15 6 0 57 22 20 1 0 0 0 0 0 0 0 1 0 0 0 0 2 0 0 0 0 0 0 0 0 0 0 0 0 0 0 0 0 0 0 0 0 0 0 0 0 0 0 0 0 0 7 0 0 0 0 0 0 0 0 0 0 0 30 2 0 155 0 2 2 0 0 0 0 0 14 0 0 0 0 0 0 0 0 0 1 0 0 23 0 0 0 0 0 2 0 0 0 0 
 0 0 0 3 1 4 0 0 0 2 0 0 0 0 0 0 3 0 0 0 135 53 207 273 146 70 46 67 420 171 494 149 114 604 0 76 54 37 319 620 4 0 2 0 0 3 0 1 0 0 0 0 3 2 0 3 2 0 0 0 0 3 65 0 0 0 0 0 0 0 0 52 3 0 0 0 18 0 0 0 0 0 0 0 9 20 0 0 0 0 0 0 0 0 0 0 0 0 0 0 7 0 11 0 3 2 4 22 12 38 35 59 23 28 9 0 33 20 14 10 0 0 0 0 0 0 0 0 0 0 0 0 0 0 0 0 0 0 8 0 0 0 0 0 0 0 0 0 0 0 0 0 0 0 0 0 0 0 4 0 0 0 0 2 0 7 0 0 0 0 0 0 0 0 0 0 0 0 2 0 36 16 14 11 1 0 0 13 19 35 12 37 10 21 20 10 21 18 12 8 0 0 0 0 0 0 0 2 0 0 0 0 0 0 0 0 0 0 0 0 0 1 0 0 0 0 0 0 0 0 0 27 0 0 0 0 0 0 0 0 0 0 14 0 0 0 0 0 0 0 0 0 0 0 0 2 2 132 0 2 0 0 0 0 0 0 23 0 0 0 0 0 0 0 0 0 0 0 0 0 0 1 0 0 0 0 10 0 0 0 
 105 1 0 0 0 3 0 0 0 0 0 0 0 0 1 0 2 0 2 0 48 325 256 147 149 148 36 109 67 408 153 155 44 230 76 0 344 95 40 180 0 0 0 0 0 4 7 0 0 2 4 1 64 5 0 3 3 6 3 0 6 3 55 0 0 0 0 0 0 0 0 2 2 0 0 0 1 0 12 0 0 0 0 0 0 0 0 0 0 1 0 0 0 0 0 0 0 1 0 0 1 35 11 34 69 15 16 7 16 90 27 0 0 0 0 16 49 12 0 0 0 0 0 0 0 0 11 0 0 0 0 0 0 44 0 0 23 1 8 0 0 0 0 4 5 0 0 17 0 2 0 4 0 0 0 0 0 4 0 0 0 0 1 0 0 0 0 0 0 9 0 0 0 0 0 0 0 0 0 0 0 14 25 0 25 23 3 13 12 14 12 0 0 11 9 10 1 34 0 0 14 0 0 0 0 0 0 7 0 0 0 0 0 20 0 0 0 0 17 21 0 0 0 0 29 1 0 0 0 0 0 0 0 0 23 0 0 0 0 0 0 0 0 0 0 0 0 0 0 0 0 0 0 0 6 0 2 95 34 0 2 14 0 0 0 0 0 0 0 0 0 0 0 0 0 0 2 0 0 0 0 12 0 0 0 0 0 0 0 0 
 0 0 0 3 0 3 0 0 6 0 2 2 0 1 0 3 6 1 0 0 109 55 230 281 265 134 62 29 503 60 273 158 254 142 54 344 0 230 19 498 205 0 2 0 0 5 9 0 0 0 0 11 71 2 0 5 9 0 4 0 0 3 11 0 0 0 0 0 0 0 0 0 3 2 1 0 3 0 1 2 0 0 0 0 0 18 0 0 18 0 0 0 0 0 0 0 0 0 0 0 9 34 1 27 6 14 18 2 22 43 11 10 8 0 0 33 32 0 1 0 0 1 28 0 0 0 39 2 0 1 0 0 7 32 0 0 0 0 27 0 0 0 0 0 0 0 0 4 0 0 0 0 0 0 0 0 3 0 0 0 0 0 0 0 0 1 0 0 0 0 0 0 0 0 0 0 0 0 0 0 1 19 18 25 26 0 0 32 19 32 0 38 1 16 0 0 18 51 0 0 7 0 0 0 0 0 18 0 0 0 0 0 0 35 13 0 0 0 9 0 0 0 0 0 0 0 0 0 0 0 6 3 0 0 0 0 0 0 0 0 0 0 0 0 0 0 0 0 0 0 0 0 0 0 4 0 0 148 147 1 14 0 12 0 0 0 14 0 0 0 55 0 0 0 0 0 0 0 0 0 0 9 0 0 0 0 10 0 0 0 
 0 2 0 1 0 43 0 3 1 0 2 0 64 4 0 0 3 0 0 0 49 208 165 216 104 270 82 160 192 272 66 97 28 362 37 95 230 0 102 133 4 0 0 0 0 3 10 0 0 0 2 0 4 2 1 3 3 6 0 2 0 3 3 0 0 0 2 0 0 0 0 0 1 0 0 0 16 0 4 0 0 0 0 0 0 16 0 0 0 0 0 0 0 0 0 0 0 0 0 0 25 29 29 22 40 19 31 29 12 15 11 10 0 0 18 16 12 0 2 9 0 0 0 0 0 0 9 12 0 0 0 0 0 8 0 0 0 0 0 0 0 0 0 23 0 0 0 0 0 0 0 0 0 0 0 0 0 0 0 0 0 0 0 0 0 0 0 0 0 0 0 1 0 0 0 0 0 0 0 0 0 6 26 11 12 74 10 20 26 20 15 0 0 8 0 0 10 40 20 35 24 0 0 0 8 0 16 13 0 0 0 0 1 24 0 0 1 0 0 0 0 0 0 0 0 0 0 0 0 0 0 0 0 0 0 0 0 0 0 0 0 0 0 0 0 0 0 0 0 0 0 1 0 0 11 0 1 171 1 1 3 48 0 0 0 0 0 0 0 0 0 0 0 0 0 0 0 0 0 0 0 2 0 0 0 0 10 0 0 0 
 0 76 151 0 108 98 1 2 75 0 78 149 0 0 0 0 73 8 0 2 45 48 43 163 46 43 149 154 79 48 119 65 220 141 319 40 19 102 0 229 0 3 0 0 0 3 0 0 0 0 22 0 3 2 0 3 3 0 0 0 0 3 3 0 0 0 0 0 3 1 0 0 1 0 0 0 2 0 1 0 13 14 11 41 17 0 0 0 2 4 7 0 0 0 0 0 0 0 0 0 5 15 14 0 14 0 14 0 22 12 21 15 35 18 25 0 12 12 8 12 0 0 0 0 0 0 0 0 0 0 0 0 0 0 0 0 0 2 7 2 0 0 0 0 0 0 0 1 0 1 0 0 0 0 0 0 0 0 6 0 0 17 2 1 0 20 5 6 0 0 2 10 6 0 0 12 0 0 0 0 1 10 14 0 0 0 14 9 9 15 0 0 21 4 21 26 2 0 55 26 0 0 0 0 0 0 0 0 0 0 0 0 0 0 0 0 0 0 0 0 0 0 0 0 0 0 0 0 0 0 0 0 0 0 0 0 0 0 0 0 0 0 0 0 0 0 0 0 0 0 0 0 11 0 8 1 2 1 0 0 0 0 0 0 0 0 0 0 0 0 0 0 0 0 0 15 4 0 0 0 0 1 0 0 0 0 0 0 0 0 
 0 0 0 2 75 61 0 0 0 0 0 0 0 0 1 0 0 75 0 0 337 151 55 260 57 44 152 346 309 165 494 156 282 573 620 180 498 133 229 0 0 0 0 0 0 3 0 2 0 0 0 0 63 2 0 3 3 0 3 0 0 3 64 0 55 0 0 0 0 0 0 0 0 0 0 0 7 0 0 0 0 0 0 0 0 18 0 0 0 0 0 0 0 0 0 0 0 0 0 0 9 32 30 0 2 0 25 0 0 88 24 30 10 0 1 11 27 13 0 15 0 0 1 0 0 0 0 0 0 0 0 0 0 0 0 0 0 0 7 0 0 0 0 1 0 0 0 1 2 0 0 0 13 0 0 0 2 0 0 0 0 0 0 0 0 0 0 0 0 0 0 0 0 0 1 0 0 0 0 0 0 10 32 17 0 0 9 8 20 69 13 20 1 12 26 10 24 20 19 12 22 1 0 0 0 0 0 0 0 0 0 0 0 0 0 2 0 0 0 0 0 0 0 0 0 1 0 6 0 0 0 0 0 0 0 0 0 0 0 0 0 0 1 0 0 0 0 0 0 0 0 0 0 0 20 2 0 193 0 1 4 0 0 0 0 0 14 0 0 0 0 0 0 0 0 0 0 0 0 0 0 0 0 0 0 0 10 0 0 0 
 2 2 8 2 2 2 5 2 2 2 2 2 0 2 2 5 2 5 2 2 0 0 0 0 63 206 0 0 0 0 0 1 0 1 4 0 205 4 0 0 0 287 224 57 39 82 346 128 257 36 251 126 176 134 220 34 156 111 115 118 3 2 0 0 0 1 0 0 0 0 0 0 0 0 0 0 0 0 0 0 0 0 0 0 0 0 0 0 0 0 0 0 0 0 0 0 0 0 0 0 0 0 0 0 0 40 0 0 0 0 0 0 0 0 0 0 0 0 0 0 18 12 12 15 12 0 0 7 23 34 0 16 12 0 29 1 24 35 0 27 0 0 0 14 0 0 19 0 12 4 0 4 0 0 11 0 0 0 0 14 0 0 0 0 0 2 0 0 0 0 0 0 0 0 0 0 0 7 0 0 0 0 0 0 6 0 0 0 0 0 0 0 0 0 0 0 0 0 0 0 0 22 17 9 0 0 0 0 11 24 17 19 0 9 13 7 0 21 0 15 0 0 0 0 0 0 0 8 0 0 0 0 0 0 0 0 0 0 0 0 0 0 0 0 0 0 0 0 0 0 0 6 0 0 0 0 0 0 0 0 0 0 1 0 0 0 0 66 2 0 0 0 0 0 0 0 0 0 0 0 0 0 0 0 0 20 0 0 0 0 
 0 0 0 3 0 0 0 0 0 0 0 0 0 0 0 0 0 0 0 3 0 0 0 0 0 0 0 0 0 2 0 1 0 6 0 0 0 0 3 0 287 0 363 79 69 320 456 296 143 175 98 98 257 253 115 127 99 112 118 371 0 29 0 0 0 0 0 0 4 0 0 0 0 0 1 0 14 0 0 2 20 0 0 0 0 0 0 0 0 0 0 0 0 0 0 0 0 0 0 0 0 0 0 0 0 0 0 0 0 0 0 0 0 0 0 0 0 0 0 0 10 13 15 17 2 30 7 9 9 14 40 0 10 0 7 17 9 37 10 0 8 0 0 0 0 0 10 0 44 4 0 0 0 0 0 0 0 2 24 14 0 0 0 0 0 0 0 0 0 0 0 2 0 0 0 0 0 1 0 4 0 0 0 0 0 9 0 0 0 0 0 0 0 0 0 0 0 0 0 0 18 19 4 4 12 0 12 0 10 0 59 11 10 6 0 30 12 17 0 6 0 0 0 0 0 0 13 0 0 0 0 0 17 2 37 0 0 0 10 6 0 0 0 0 0 0 0 0 0 0 0 4 0 0 0 0 0 0 0 7 0 0 1 74 0 2 1 0 0 0 0 0 0 0 0 0 0 0 0 0 0 0 0 0 10 0 0 0 0 0 
 0 0 0 3 0 0 0 0 0 0 0 0 0 0 0 0 0 0 0 1 0 1 0 0 38 56 0 1 28 0 0 0 0 0 2 0 2 0 0 0 224 363 0 65 41 243 105 165 75 50 29 91 142 244 187 40 255 71 115 50 0 0 0 1 0 0 0 0 0 1 0 0 0 0 0 3 1 0 0 0 0 0 0 0 0 0 0 0 0 0 0 0 0 0 0 0 0 0 0 0 0 0 0 7 0 3 0 1 1 0 0 0 0 0 0 1 0 0 0 0 27 5 0 0 0 0 4 4 42 26 25 9 24 0 29 0 0 36 3 39 0 0 0 18 0 0 0 0 0 0 0 0 0 0 0 0 0 2 0 0 0 0 0 0 0 2 0 0 0 0 0 0 0 0 0 0 0 0 0 0 0 0 1 0 16 9 0 0 4 0 0 0 10 0 0 0 0 5 0 0 37 13 35 14 0 0 0 9 8 31 0 4 6 6 23 15 9 0 20 13 0 0 0 0 0 0 20 0 0 0 0 0 0 0 4 0 0 0 2 0 0 0 0 0 0 0 0 0 0 0 0 9 0 1 0 0 0 0 3 0 0 0 1 0 0 3 0 1 0 0 0 0 0 0 0 0 0 0 0 0 0 0 0 0 1 33 0 0 0 0 
 2 2 2 4 2 5 2 2 2 68 2 2 0 2 2 2 65 2 2 4 0 0 0 2 0 1 0 0 0 0 0 0 0 102 0 0 0 0 0 0 57 79 65 0 210 35 158 58 296 99 82 84 268 124 266 466 37 97 76 92 0 1 0 0 0 0 53 0 0 0 0 0 0 0 51 24 0 5 76 108 0 0 0 0 0 0 0 0 0 0 0 0 0 47 0 3 0 0 0 0 0 0 0 0 0 0 0 0 0 0 0 0 0 0 0 0 0 0 0 0 0 0 0 0 13 6 0 0 7 0 8 9 0 0 0 8 1 13 0 0 0 0 5 0 0 0 9 0 0 0 0 0 21 9 8 12 0 8 15 8 0 0 0 0 0 0 0 1 0 0 0 0 0 0 9 0 0 0 0 0 0 0 0 0 0 0 0 0 0 0 0 0 0 0 0 0 0 0 0 0 0 0 0 7 26 50 0 25 0 18 8 20 0 0 0 0 20 22 0 0 25 0 10 0 0 0 25 0 0 14 0 0 8 1 1 0 0 9 32 6 0 0 0 0 0 0 0 0 0 0 0 6 0 0 0 0 0 0 0 0 0 1 1 0 2 13 2 0 0 2 0 0 0 0 0 0 0 0 0 0 0 0 0 0 4 0 0 13 21 0 
 0 0 0 0 0 0 0 0 0 0 0 0 0 3 0 0 3 0 0 0 0 0 0 3 0 0 0 0 0 0 0 0 0 1 0 0 0 0 0 0 39 69 41 210 0 65 36 269 142 143 142 332 74 185 91 217 57 262 53 85 52 0 2 0 0 18 55 56 56 0 0 0 0 0 19 52 0 4 54 101 0 0 0 0 0 0 0 0 0 0 0 0 0 0 0 0 0 0 1 0 0 0 0 0 0 0 0 0 0 0 0 0 0 0 0 0 0 0 0 0 0 0 12 0 22 33 0 0 0 0 0 17 0 0 0 0 0 15 0 0 0 9 7 0 0 0 12 8 15 0 7 0 0 10 0 14 0 4 0 36 20 0 0 0 0 0 0 9 0 0 0 0 0 0 0 1 0 0 0 0 0 0 0 0 0 0 0 0 0 0 0 0 0 0 0 0 18 0 0 0 22 0 0 0 0 27 0 0 2 0 37 0 0 0 0 0 0 14 0 0 11 0 23 20 0 0 0 36 12 14 0 0 14 36 34 11 0 0 0 27 0 0 16 0 0 0 0 0 0 0 0 4 0 0 0 0 0 0 0 0 0 1 0 0 0 8 3 64 0 0 0 0 0 0 0 0 0 0 0 0 0 1 0 0 0 0 0 0 0 0 
 0 0 0 0 3 0 0 2 0 0 0 0 0 0 0 0 3 0 0 0 3 3 3 8 3 3 3 3 3 8 3 3 3 23 3 4 5 3 3 3 82 320 243 35 65 0 171 18 96 52 104 118 107 251 63 134 56 262 480 123 0 0 0 46 0 0 1 3 0 2 56 0 0 2 1 0 53 55 0 1 0 0 0 0 0 0 0 0 0 0 0 0 0 0 0 0 0 0 0 0 0 0 0 0 0 0 0 0 0 0 0 0 0 0 0 0 0 0 0 0 0 8 7 0 0 7 25 0 8 15 0 10 0 10 4 31 39 8 0 0 0 0 2 0 0 0 8 0 0 0 0 0 47 12 0 14 0 0 12 7 0 0 0 0 0 0 0 0 0 0 0 0 0 0 0 0 0 7 0 0 21 0 0 0 0 1 0 0 0 0 0 0 0 2 0 0 0 0 0 4 0 0 1 1 54 10 0 8 20 27 19 52 1 0 0 4 1 15 0 0 0 0 2 0 41 0 37 9 0 0 3 16 24 2 0 0 0 8 7 21 7 0 0 0 0 0 0 0 0 0 0 2 0 0 0 0 0 0 0 17 0 0 1 1 0 5 1 0 0 0 0 0 0 0 0 0 0 0 0 0 0 0 0 0 5 0 0 9 23 0 
 0 0 0 0 0 5 2 0 39 0 0 0 0 0 0 2 0 0 0 0 204 0 4 0 2 0 0 0 33 2 0 0 0 1 0 7 9 10 0 0 346 456 105 158 36 171 0 85 336 100 104 121 145 366 45 77 96 94 61 302 0 0 0 0 0 0 0 1 7 0 0 0 0 0 0 0 0 2 0 0 0 0 0 0 0 0 0 0 0 0 0 0 0 0 0 0 0 0 0 0 0 0 0 12 0 15 0 0 4 7 0 0 0 0 0 0 0 18 0 0 2 21 3 31 0 15 8 1 0 16 0 8 18 22 0 18 0 16 20 0 0 0 0 0 0 0 0 0 1 7 0 0 0 0 0 0 0 0 9 0 0 0 0 0 0 2 0 0 10 0 0 2 0 0 0 0 0 6 0 0 0 23 9 0 4 3 0 0 2 0 22 15 0 0 0 0 0 9 0 0 4 0 0 1 16 1 0 8 14 30 2 18 18 11 13 24 24 19 9 20 0 0 0 0 0 5 0 0 0 0 2 0 9 0 0 0 0 0 2 0 0 0 0 0 0 0 0 0 0 0 0 12 0 0 0 0 0 0 4 0 0 0 0 64 2 2 3 0 0 0 0 0 0 0 0 0 0 0 0 0 0 7 0 0 20 0 0 0 0 0 
 0 75 74 0 1 2 4 0 51 0 0 0 0 11 0 0 62 0 4 2 62 1 0 3 30 0 1 1 0 67 0 0 63 63 1 0 0 0 0 2 128 296 165 58 269 18 85 0 318 45 39 269 113 170 190 22 267 86 62 41 0 0 0 0 0 0 0 0 0 0 0 0 0 0 0 0 0 0 1 4 0 13 0 0 0 19 0 0 0 0 23 37 0 0 0 0 0 0 6 15 0 0 0 0 0 0 1 0 0 0 0 0 0 0 22 0 0 0 1 22 15 0 11 13 8 0 0 13 0 94 0 30 74 0 29 22 20 1 0 27 0 0 0 12 0 0 0 0 0 0 0 0 0 0 0 0 0 0 0 0 0 5 0 0 9 0 0 0 0 0 0 0 0 0 3 0 0 0 0 0 0 3 0 0 13 14 0 0 0 0 0 0 0 0 0 0 0 0 0 0 0 11 39 7 3 0 3 29 25 28 14 9 9 0 17 22 13 0 27 0 0 0 0 0 0 0 0 0 0 0 0 0 0 0 0 0 0 0 10 0 0 0 0 0 0 0 1 0 0 0 0 5 0 1 0 0 0 0 0 2 7 0 65 0 0 2 1 0 0 0 22 0 0 0 0 0 0 0 0 0 0 0 0 0 0 1 0 0 2 0 
 2 0 0 2 1 0 0 0 0 0 0 61 0 0 0 0 12 3 0 0 0 0 0 0 0 0 0 0 0 1 0 1 0 1 0 0 0 0 0 0 257 143 75 296 142 96 336 318 0 433 285 204 325 173 149 259 134 35 73 105 0 4 0 0 1 47 1 13 6 0 0 0 0 0 1 5 0 1 118 27 0 0 0 0 0 0 0 0 0 0 0 0 0 0 0 0 0 0 0 0 0 0 0 0 0 0 0 0 0 0 0 0 0 0 0 0 0 0 0 0 0 0 18 0 31 29 12 0 25 0 38 16 0 0 0 13 1 70 0 0 0 0 0 0 0 7 14 1 9 0 0 0 10 0 37 15 0 8 0 11 0 0 0 0 0 0 0 0 0 0 0 2 0 0 0 0 20 0 0 6 0 0 0 0 16 0 0 0 0 0 0 0 9 0 0 0 0 0 0 0 0 0 0 10 8 40 0 13 8 0 56 37 0 0 0 0 21 40 0 0 1 0 0 0 0 0 21 9 0 15 4 0 0 0 0 0 0 0 29 15 0 0 25 0 0 0 0 0 0 0 0 12 0 0 0 0 0 0 0 1 0 0 0 0 0 7 0 64 1 0 0 0 0 0 0 1 0 0 0 0 0 0 0 0 19 17 0 40 0 0 
 0 0 0 0 0 0 0 0 0 0 0 0 0 0 0 0 3 0 0 0 0 0 0 3 0 0 0 0 0 2 0 0 0 0 0 2 0 0 0 0 36 175 50 99 143 52 100 45 433 0 227 109 49 516 185 174 66 126 76 111 0 8 0 1 0 0 50 3 49 0 0 1 0 1 51 26 0 0 99 101 0 0 0 0 0 0 0 0 0 0 0 0 0 0 0 0 0 0 0 0 0 0 0 0 0 0 1 0 0 0 0 0 0 0 0 0 0 0 0 0 7 14 9 9 0 0 2 31 9 13 26 0 0 9 10 19 28 0 1 8 0 0 0 0 0 2 0 13 15 0 0 0 10 0 0 2 0 8 12 2 0 0 0 0 0 1 0 0 0 0 0 0 0 0 0 0 0 6 0 0 0 0 0 0 0 0 0 0 0 24 0 0 0 0 0 0 0 0 0 0 3 14 0 22 50 5 7 0 2 0 14 28 1 5 5 13 32 1 0 10 0 0 0 0 2 1 1 0 0 25 9 1 7 0 16 12 0 3 21 53 0 0 0 0 0 0 0 0 0 0 0 10 0 0 0 0 0 0 0 29 0 0 0 6 40 4 1 0 2 0 0 0 0 0 0 0 0 0 0 0 0 0 0 0 0 8 0 0 0 0 
 0 54 3 0 0 0 0 0 0 2 0 0 0 0 0 0 3 0 0 3 2 0 0 6 0 0 0 0 0 0 1 0 0 9 0 4 0 2 22 0 251 98 29 82 142 104 104 39 285 227 0 165 25 29 72 164 88 275 68 84 0 0 1 5 1 17 21 0 0 6 0 0 3 0 0 0 2 0 49 51 0 0 0 0 0 12 0 0 0 0 0 0 0 0 0 0 0 0 0 0 0 0 0 0 0 0 0 21 0 0 0 0 0 0 0 0 0 0 16 0 0 23 36 48 17 5 0 0 0 36 8 39 0 10 0 15 54 5 0 5 0 14 0 0 0 0 0 0 0 0 0 0 1 9 0 0 0 0 3 32 0 0 0 0 0 0 0 1 0 0 0 0 0 0 0 0 0 7 0 0 0 0 0 0 0 0 0 0 0 0 0 0 0 0 0 0 0 0 0 0 0 8 16 17 20 10 2 26 23 0 44 18 0 0 0 3 0 10 0 0 0 0 14 0 0 0 1 8 0 0 0 0 3 0 4 20 0 0 0 27 0 0 10 0 0 0 0 0 0 0 0 2 0 0 0 0 0 0 0 25 0 0 62 2 104 4 2 63 0 0 21 0 0 0 0 0 0 0 0 0 0 0 0 0 0 15 0 0 0 0 
 1 0 0 0 0 0 0 28 2 0 1 0 14 0 0 0 0 0 0 2 0 0 0 0 4 0 0 0 0 0 0 0 0 0 0 1 11 0 0 0 126 98 91 84 332 118 121 269 204 109 165 0 39 103 34 229 86 218 21 153 0 0 0 0 0 2 0 0 0 0 0 0 0 0 0 0 0 0 0 0 0 0 0 0 0 0 1 7 22 0 3 1 8 0 0 55 0 0 0 0 0 0 0 0 0 0 0 0 0 0 0 0 0 0 0 0 0 0 0 0 0 0 21 20 14 17 0 0 39 10 12 30 0 13 0 6 1 103 0 0 0 0 0 0 0 0 0 0 3 0 0 0 1 0 0 0 0 4 10 6 0 1 0 0 0 7 6 0 1 0 0 2 0 3 0 0 0 11 16 0 0 0 0 0 0 0 16 0 6 0 0 0 0 0 0 0 0 0 0 0 52 0 6 11 19 11 0 16 48 0 57 67 0 0 0 10 19 24 5 0 0 0 13 0 0 0 2 0 0 0 0 0 10 0 8 0 0 0 30 40 0 14 0 0 0 0 0 0 0 0 0 14 0 0 0 0 0 0 0 2 0 1 0 62 0 0 0 4 0 0 0 0 0 0 0 0 0 0 0 0 0 0 0 0 12 17 0 39 0 0 
 4 2 3 3 26 1 0 2 1 0 0 0 0 0 0 0 1 3 1 1 3 25 35 3 127 195 6 3 3 24 4 65 3 4 3 64 71 4 3 63 176 257 142 268 74 107 145 113 325 49 25 39 0 533 89 98 300 58 235 215 8 0 1 0 0 3 0 0 0 0 0 0 0 0 0 0 0 21 6 0 0 0 0 0 0 0 0 0 0 0 0 0 0 0 0 0 0 0 0 0 0 0 0 8 0 9 0 0 0 1 20 0 0 0 0 0 0 13 0 0 30 30 31 14 0 0 1 1 6 0 0 0 3 0 14 2 38 21 0 42 0 0 0 0 0 3 1 0 0 3 0 3 0 0 0 0 0 0 0 0 0 0 0 0 0 0 0 0 1 0 0 2 0 0 0 0 0 0 0 0 0 1 0 0 23 0 0 1 0 20 1 2 0 0 0 0 0 0 0 0 4 19 17 6 0 9 1 0 11 11 19 0 8 12 20 10 1 20 8 9 0 0 0 0 0 19 0 0 0 0 2 0 0 0 0 1 0 0 0 0 0 0 0 0 9 0 0 0 0 0 0 3 0 0 0 0 0 0 0 2 0 0 1 0 0 4 0 0 2 0 0 0 0 0 0 3 0 0 0 0 0 0 0 0 0 0 0 0 0 0 
 0 0 14 0 0 3 0 0 0 9 3 0 0 0 5 0 7 2 0 0 2 2 2 7 73 64 2 2 2 4 2 112 2 3 2 5 2 2 2 2 134 253 244 124 185 251 366 170 173 516 29 103 533 0 127 55 308 25 307 261 0 0 0 2 0 0 0 0 8 0 0 0 0 0 3 0 0 0 0 0 0 10 5 7 5 5 0 0 0 0 0 0 0 0 24 0 6 0 0 0 0 0 0 0 0 10 0 0 0 0 0 0 0 13 0 0 0 0 15 0 28 42 5 12 0 10 3 2 12 0 0 9 13 9 3 11 0 80 14 21 0 0 0 0 0 0 0 0 0 6 0 0 0 0 0 0 0 0 0 0 0 0 10 10 20 0 0 0 1 8 0 3 0 0 0 0 0 0 0 0 0 0 0 0 0 6 0 0 0 0 0 16 0 0 0 0 0 0 0 5 5 20 3 1 9 1 7 34 0 24 23 18 20 6 30 15 15 12 2 30 0 0 0 0 0 19 0 0 0 0 0 0 0 0 0 0 0 0 0 0 0 0 0 0 0 0 0 0 0 25 0 9 0 2 27 0 0 0 0 0 0 0 2 0 0 0 1 0 0 0 0 0 0 0 0 0 0 0 0 0 0 0 0 0 10 0 0 12 1 0 
 2 64 3 6 3 3 2 3 3 2 3 2 0 2 2 2 3 67 3 3 0 6 0 2 124 98 0 0 1 0 0 66 0 105 0 0 0 1 0 0 220 115 187 266 91 63 45 190 149 185 72 34 89 127 0 296 225 39 149 257 0 10 0 203 0 0 0 0 2 0 0 0 0 0 0 0 0 0 0 0 0 0 0 0 0 0 26 0 0 0 0 0 0 0 0 0 0 0 0 0 0 0 0 0 0 9 9 0 0 0 0 0 0 0 23 0 0 0 0 0 34 32 0 17 0 0 0 26 8 17 19 6 17 18 24 17 21 37 0 32 0 0 0 0 0 0 0 0 0 6 0 5 0 0 0 0 0 0 9 0 0 21 0 0 0 1 0 0 1 0 0 2 0 0 0 0 0 0 0 0 0 0 0 0 1 13 0 0 0 0 0 0 0 0 0 0 0 0 49 0 0 56 10 7 0 16 14 10 1 34 15 0 20 0 32 2 19 22 6 11 0 0 0 0 0 19 0 0 0 0 0 0 0 0 0 0 0 0 0 0 0 0 0 0 0 0 0 0 0 0 0 7 0 0 0 0 0 0 2 0 0 0 4 0 0 3 0 0 2 0 0 0 1 0 0 0 0 0 0 0 0 0 0 0 0 0 0 0 0 4 
 0 0 0 11 1 2 0 0 0 1 0 22 0 0 0 0 2 5 0 78 3 4 3 6 3 3 80 3 3 6 3 3 3 3 3 3 5 3 3 3 34 127 40 466 217 134 77 22 259 174 164 229 98 55 296 0 134 111 24 130 0 0 3 0 0 5 0 0 0 0 0 0 0 0 0 0 0 5 105 27 0 0 0 0 0 0 0 0 0 0 0 0 0 0 0 20 0 0 0 0 7 9 0 0 0 0 0 0 0 0 0 0 0 1 0 0 0 0 1 0 0 0 0 22 33 31 0 0 9 0 19 25 0 0 0 9 0 21 0 0 0 0 0 0 0 0 42 0 0 0 0 0 9 19 9 19 0 13 11 0 0 0 0 1 1 0 0 0 0 0 2 2 0 0 0 0 1 0 0 31 0 0 0 0 0 1 0 0 0 0 0 0 19 0 21 12 9 0 0 0 0 0 0 8 28 29 0 8 9 20 32 20 0 0 0 0 4 39 0 0 1 0 0 0 0 0 21 10 0 8 0 0 0 0 3 0 0 4 17 22 0 0 14 0 0 0 0 0 0 0 0 3 0 0 0 0 0 0 0 1 0 1 4 0 2 8 0 1 0 0 0 0 0 0 0 0 0 0 0 0 0 0 0 0 12 0 0 0 16 0 
 5 0 0 2 0 0 0 0 0 0 0 0 0 0 0 4 0 0 0 2 2 3 4 3 64 66 3 3 3 2 3 2 2 3 2 3 9 3 3 3 156 99 255 37 57 56 96 267 134 66 88 86 300 308 225 134 0 340 106 73 0 0 6 0 0 0 0 5 0 0 0 0 0 0 0 0 0 1 0 50 4 0 0 0 0 0 5 1 0 7 0 0 0 5 0 0 0 23 0 0 0 0 0 1 0 15 0 0 0 0 0 0 0 0 0 0 0 0 0 0 11 1 1 0 0 1 0 9 0 41 6 0 27 1 39 14 13 3 0 31 0 0 0 19 5 0 19 0 0 5 0 3 29 0 6 0 0 0 9 0 0 0 0 0 0 0 0 3 0 0 0 0 0 0 0 19 0 0 1 11 0 0 0 0 1 11 0 0 0 0 0 15 0 0 0 8 0 0 0 0 0 10 2 23 0 0 1 2 1 14 12 20 10 0 12 9 14 71 5 0 0 0 0 0 0 0 18 0 0 0 0 0 0 0 0 0 0 0 7 18 0 0 0 0 0 0 0 0 0 0 0 7 0 2 0 0 0 0 0 15 8 0 2 1 0 22 0 0 0 0 0 0 0 0 0 0 0 0 0 0 0 0 0 0 0 9 0 0 0 0 
 0 0 0 0 2 0 0 0 0 0 0 0 0 0 0 0 5 0 0 0 0 6 6 6 0 0 0 8 0 5 0 0 0 2 0 6 0 6 0 0 111 112 71 97 262 262 94 86 35 126 275 218 58 25 39 111 340 0 112 71 0 0 0 0 0 1 21 0 0 0 0 0 0 0 0 0 0 0 48 57 0 0 0 0 0 0 0 0 0 0 0 0 0 0 0 0 0 0 0 0 0 0 0 3 13 0 0 16 6 6 0 0 12 0 51 42 0 5 0 0 0 0 13 20 2 0 2 0 34 21 24 19 0 15 1 0 0 19 0 0 0 12 0 13 0 0 0 0 0 0 0 0 0 9 0 0 0 15 0 21 0 0 0 0 0 5 10 0 8 0 0 1 0 0 0 0 0 7 0 0 0 8 5 0 0 0 6 0 0 0 0 12 0 0 0 0 0 2 0 0 13 0 8 18 12 0 0 8 0 1 1 20 0 0 0 0 0 0 8 0 0 0 14 0 0 0 11 0 0 0 0 0 0 0 16 20 0 0 11 0 0 0 0 0 0 0 0 0 0 0 0 13 0 0 0 2 0 0 0 3 0 1 1 0 74 0 3 0 0 3 0 0 0 0 0 0 0 0 0 0 0 7 0 0 2 16 0 0 0 0 
 0 0 0 0 0 0 0 0 0 0 0 0 0 0 0 0 3 0 0 0 0 66 133 11 132 126 0 79 5 131 5 0 0 1 0 3 4 0 0 3 115 118 115 76 53 480 61 62 73 76 68 21 235 307 149 24 106 112 0 229 10 0 0 0 0 0 0 0 0 0 0 0 0 3 0 0 2 57 21 1 0 0 0 0 0 0 0 0 0 0 0 0 0 0 0 0 12 0 0 0 0 0 0 33 23 0 0 0 0 1 0 0 0 13 0 10 0 19 0 0 1 20 15 31 0 0 0 4 7 10 0 6 4 0 4 0 10 7 1 18 3 0 0 4 0 0 0 0 0 0 0 0 9 0 0 0 0 0 6 2 0 0 0 0 0 9 0 0 4 0 0 2 0 13 0 0 0 3 0 0 16 0 0 0 84 24 0 1 10 3 6 0 0 0 0 0 0 0 0 0 0 14 8 0 0 0 0 0 4 40 6 0 11 1 12 0 28 11 35 18 0 0 0 0 0 0 0 0 0 0 0 0 0 4 3 0 0 0 0 0 0 0 0 0 0 0 0 0 0 0 0 5 0 2 0 0 0 3 0 2 0 11 0 0 0 2 6 0 0 0 0 0 0 0 0 10 0 0 0 0 0 0 0 0 0 0 0 0 1 0 
 0 0 0 0 2 0 0 5 0 0 0 0 0 0 64 0 0 3 0 2 0 15 0 3 0 63 0 0 0 4 0 0 2 0 0 0 0 2 0 0 118 371 50 92 85 123 302 41 105 111 84 153 215 261 257 130 73 71 229 0 0 0 0 0 0 8 0 2 11 0 0 0 0 0 0 0 0 6 0 0 0 0 0 0 0 0 0 0 0 0 0 0 0 0 0 0 0 0 0 0 0 0 0 0 0 24 0 0 0 0 0 0 0 0 0 0 0 0 0 0 28 0 7 10 0 1 0 7 1 0 5 11 10 13 17 16 0 0 0 18 0 0 0 0 0 6 0 0 0 3 0 1 1 0 0 0 0 0 19 0 0 0 0 0 0 1 0 0 3 0 0 0 0 0 0 0 17 4 0 0 0 0 0 11 0 0 0 0 0 0 0 10 0 0 0 0 0 0 0 8 0 12 0 5 1 0 10 2 0 8 10 0 0 0 0 9 10 28 0 21 0 0 0 2 0 0 0 0 0 0 2 0 0 0 0 0 9 0 0 0 0 0 0 0 0 0 0 0 0 0 0 0 0 0 0 0 0 0 0 0 0 0 0 2 0 75 0 0 0 0 0 0 0 0 0 4 0 0 0 0 0 0 0 0 17 0 0 0 0 0 
 2 2 4 5 2 2 2 2 2 3 2 3 0 2 3 2 2 2 2 14 0 12 4 1 13 7 0 0 0 8 0 57 0 4 0 6 0 0 0 0 3 0 0 0 52 0 0 0 0 0 0 0 8 0 0 0 0 0 10 0 0 123 165 137 25 49 158 346 48 62 154 157 60 91 82 134 95 38 99 41 0 0 0 0 0 0 0 0 3 0 0 0 0 0 0 0 0 0 0 0 11 9 0 2 5 0 0 0 0 0 6 0 0 0 0 0 0 2 0 0 0 0 0 0 14 2 0 0 0 0 0 0 0 0 0 0 4 0 0 0 0 16 6 2 10 0 25 0 0 2 8 19 0 0 8 10 3 7 0 6 0 0 10 3 0 0 0 0 0 5 0 0 0 0 0 11 0 0 5 0 0 0 0 0 3 0 0 0 0 0 0 0 0 0 0 0 0 0 0 0 0 0 0 0 0 0 0 0 0 0 0 0 0 0 0 0 0 0 9 0 0 46 0 29 13 8 0 30 11 9 2 22 6 9 10 19 1 1 12 0 0 0 0 0 0 0 0 0 0 2 0 0 0 0 8 0 0 0 0 0 0 0 0 33 0 0 10 0 0 0 0 0 0 1 0 0 0 0 0 0 0 0 0 0 0 1 0 1 0 0 
