 0 130 180 144 259 257 305 53 148 143 27 40 358 85 310 163 130 247 226 342 0 0 1 0 3 1 6 0 4 0 3 4 0 3 0 1 6 3 75 2 0 0 50 2 3 2 0 0 25 9 0 7 0 0 2 2 0 0 3 2 0 0 4 1 0 0 0 2 0 0 2 4 0 0 3 3 0 2 2 6 38 20 9 0 8 0 1 18 0 118 0 10 0 28 8 33 0 15 14 19 0 0 1 0 0 0 0 0 0 0 0 0 0 0 0 0 0 0 2 0 0 0 0 0 0 0 0 2 0 0 0 0 0 0 0 0 0 0 0 0 0 0 0 0 0 0 0 0 0 11 2 0 0 13 0 0 0 0 0 0 7 16 29 12 12 13 24 21 15 14 0 9 1 16 0 11 15 2 44 10 0 0 0 2 0 0 0 0 0 0 0 0 0 0 0 0 0 0 0 6 0 0 0 0 0 0 0 0 0 1 0 0 0 0 0 0 0 2 2 0 0 0 0 0 0 0 0 0 0 0 0 0 0 0 0 0 0 0 0 0 0 0 0 0 2 0 0 0 2 0 0 8 23 0 0 0 0 0 0 0 0 0 0 0 0 0 0 0 0 0 0 0 0 1 0 0 19 0 0 0 0 0 0 0 0 0 0 0 0 2 
 130 0 103 257 342 51 251 392 62 480 52 122 363 605 367 124 280 144 298 194 3 0 2 0 0 0 0 0 3 0 3 5 4 3 2 3 0 3 3 1 0 0 0 0 3 5 0 0 0 3 3 2 0 2 0 0 4 0 6 2 0 0 1 0 0 0 8 5 2 0 2 5 0 1 0 3 2 0 4 0 33 38 0 18 9 9 0 38 18 0 26 0 0 70 14 0 7 11 1 21 0 0 0 0 1 0 0 0 0 0 0 0 0 0 0 0 0 0 10 0 0 0 0 0 0 0 0 0 0 0 0 0 0 0 0 0 0 0 0 0 0 0 0 0 21 0 0 0 1 0 0 0 0 0 0 0 0 0 14 0 13 15 52 83 11 1 21 53 31 0 0 7 8 15 12 0 23 33 17 53 0 2 2 0 0 0 0 0 0 0 0 0 9 0 0 0 0 0 8 19 0 0 0 0 0 0 0 0 0 0 0 0 1 0 0 0 0 0 0 14 0 0 0 0 2 0 0 0 5 0 0 0 0 0 0 0 0 0 0 0 0 0 0 0 0 1 3 0 2 0 0 11 0 1 0 0 0 0 0 0 0 0 0 0 0 0 0 0 0 0 0 0 0 0 0 0 19 9 0 0 0 0 0 0 0 1 0 0 0 0 
 180 103 0 100 140 227 137 112 268 134 218 197 171 133 164 191 239 281 68 134 1 1 0 0 0 0 1 0 3 0 0 0 83 77 0 0 0 3 81 89 2 0 0 0 2 0 0 0 1 5 0 2 0 0 0 28 0 0 3 4 0 0 0 0 0 0 0 2 0 0 0 3 48 0 0 3 0 0 2 0 1 7 0 6 47 21 0 4 0 55 18 14 9 0 35 0 22 10 0 2 0 0 0 0 0 0 21 0 1 0 0 0 2 0 1 0 0 0 23 12 0 0 0 0 2 0 0 0 0 0 0 0 0 0 0 0 0 0 0 2 0 0 0 0 0 0 0 0 0 0 0 0 0 0 0 0 0 1 1 0 51 27 24 31 24 0 37 20 0 8 8 27 11 16 0 17 23 18 2 0 0 0 0 0 0 0 0 12 0 2 0 0 0 20 0 0 0 0 1 16 0 0 0 0 0 0 0 0 0 0 0 0 0 0 0 0 0 0 0 0 0 0 0 0 0 0 0 0 0 0 0 0 0 0 0 0 0 0 0 0 0 0 0 0 0 2 2 2 88 1 0 9 2 0 0 0 0 0 0 0 0 0 0 0 0 0 0 0 0 0 0 0 0 0 0 19 0 0 0 0 0 0 0 0 0 0 0 0 0 0 
 144 257 100 0 203 139 109 275 156 147 288 340 157 183 116 80 50 52 72 74 109 0 0 0 2 0 0 31 3 0 0 5 0 80 0 0 0 3 78 133 2 0 3 0 66 3 3 11 2 0 0 1 0 0 0 1 2 0 3 65 0 3 0 0 1 0 0 45 1 0 0 5 0 3 1 3 0 0 2 2 14 16 1 41 1 26 0 12 18 0 21 10 0 15 0 0 1 23 0 26 0 0 18 0 0 0 0 18 9 0 0 0 2 24 33 0 0 18 23 1 0 0 0 0 0 0 0 0 0 0 0 0 0 0 0 0 0 0 0 0 0 0 0 1 15 0 0 0 4 0 0 0 0 0 0 0 0 0 0 0 0 0 0 10 10 36 0 10 0 58 52 0 0 25 10 0 4 4 0 0 0 1 16 0 0 0 10 0 0 0 0 0 40 30 0 0 0 12 28 25 0 0 0 0 0 0 0 0 0 0 0 0 0 0 0 0 0 0 0 0 0 0 0 0 0 0 0 0 9 0 0 0 0 0 0 0 2 0 0 0 0 0 0 0 0 2 176 0 93 18 0 14 2 0 0 0 0 0 0 0 0 0 12 0 0 0 20 0 0 0 0 0 0 51 0 0 15 0 0 0 0 0 0 0 0 0 0 0 0 0 
 259 342 140 203 0 231 54 251 145 178 206 184 94 396 86 271 49 51 122 77 290 0 50 0 0 0 161 189 86 0 1 1 140 139 0 75 0 3 99 73 0 0 0 6 2 1 0 75 0 0 0 1 0 0 0 63 0 0 3 2 0 0 1 0 0 0 0 2 0 0 0 3 0 0 1 3 0 0 2 0 0 9 0 20 0 7 10 1 8 11 6 2 0 14 0 14 23 0 0 15 0 13 1 0 0 1 0 2 21 0 0 0 11 7 31 0 0 0 40 42 0 0 0 0 0 0 0 2 0 0 0 0 0 0 0 0 0 0 8 0 0 0 0 0 0 7 0 0 0 0 0 0 0 0 6 0 0 0 0 0 12 0 0 0 1 29 0 0 0 1 0 0 0 11 0 14 10 18 0 0 7 0 0 2 12 3 26 31 18 12 0 0 15 14 15 17 12 0 35 4 0 0 0 0 1 0 0 0 2 1 0 0 0 2 0 0 0 2 0 0 0 0 0 0 0 0 0 0 0 0 0 0 0 0 0 0 0 0 0 0 0 0 19 0 1 2 3 0 2 88 10 7 0 0 0 0 0 0 1 0 0 0 0 0 0 0 0 0 0 0 0 0 0 0 0 1 6 0 0 0 0 0 0 0 0 0 0 0 0 2 
 257 51 227 139 231 0 26 37 51 88 322 298 34 58 71 55 71 154 52 257 314 0 73 0 0 0 0 18 13 0 0 2 75 77 76 208 0 3 229 183 0 0 0 0 3 0 0 1 0 0 0 0 0 3 3 2 0 0 3 2 0 0 0 0 0 1 0 2 0 0 0 3 0 0 1 3 0 0 2 0 0 1 7 1 0 1 0 0 2 1 0 30 1 0 1 0 0 0 0 0 0 9 22 0 0 0 10 47 35 0 14 0 53 22 12 0 20 8 16 2 0 2 0 0 0 1 0 0 0 0 0 2 0 0 0 0 0 0 0 0 0 1 3 4 0 0 17 0 0 0 0 0 0 0 0 0 0 0 0 0 0 0 2 1 0 32 0 0 2 10 11 0 0 0 0 15 0 1 0 2 25 10 20 0 0 0 20 2 13 0 0 0 17 48 13 0 0 10 26 19 0 0 0 0 0 0 0 0 12 0 0 0 0 0 0 0 0 0 0 0 0 0 0 0 0 0 0 0 0 0 0 0 0 0 0 0 0 0 0 0 0 0 27 0 0 6 0 4 8 90 0 4 0 0 1 0 0 0 0 0 0 0 1 0 0 0 29 0 0 0 0 0 0 0 0 0 0 0 0 0 0 0 0 0 0 0 0 0 0 0 
 305 251 137 109 54 26 0 196 48 108 140 43 397 142 155 120 30 245 104 141 0 0 0 0 0 0 2 0 3 0 1 2 0 3 0 0 75 3 6 1 3 0 0 0 2 4 0 3 0 0 0 3 3 0 0 0 0 0 3 2 0 0 2 0 3 0 0 2 0 0 2 3 2 0 0 3 0 0 4 0 29 13 1 9 9 10 0 35 34 8 13 0 0 22 15 0 17 21 18 0 0 0 0 0 2 0 0 0 0 0 0 0 15 0 0 0 0 0 0 0 0 0 0 0 0 0 0 0 0 0 0 0 0 0 0 0 0 0 0 0 0 0 12 1 4 0 0 0 13 0 2 0 0 0 15 0 0 0 0 0 1 0 5 9 23 2 22 23 0 2 10 10 10 1 5 13 15 32 35 0 19 0 0 0 0 0 0 0 0 0 0 0 1 0 0 0 0 0 0 0 0 0 0 0 0 0 0 0 0 0 0 0 0 0 0 14 0 0 0 0 0 0 0 0 0 0 0 0 0 0 1 0 0 0 0 0 2 0 0 0 0 0 0 0 0 0 89 1 3 1 0 11 0 0 0 0 0 0 0 0 0 0 0 0 0 0 0 0 0 0 0 0 0 0 0 0 33 0 0 0 0 0 0 0 0 0 0 0 0 0 
 53 392 112 275 251 37 196 0 111 35 118 124 105 237 497 143 263 143 220 234 0 0 0 0 0 0 0 0 3 0 3 0 1 3 0 0 0 3 3 2 0 0 0 0 4 65 0 0 0 0 0 2 0 0 0 0 0 0 3 65 0 0 0 0 0 2 1 44 0 0 0 3 0 0 0 3 0 0 2 0 12 18 0 4 13 70 0 23 12 14 13 14 0 37 13 10 39 17 0 17 0 0 0 0 0 0 13 0 0 0 0 0 0 14 0 0 0 0 20 14 0 0 0 0 0 0 0 0 0 0 0 0 0 0 0 0 0 0 0 0 0 0 0 0 4 0 0 0 3 0 0 0 1 0 0 0 9 0 0 0 12 6 49 12 23 0 0 0 60 0 0 1 10 17 29 11 15 12 2 13 0 0 0 0 0 0 0 1 0 0 3 0 9 0 0 0 0 0 11 31 0 0 16 0 0 0 0 0 0 0 0 0 0 0 0 0 0 0 0 0 0 0 0 0 0 0 0 0 0 0 11 0 0 0 0 0 2 0 0 0 0 0 0 0 0 1 1 0 2 0 17 7 0 0 0 0 0 0 0 0 0 0 0 0 0 0 0 0 0 0 0 0 0 0 0 0 0 20 0 0 0 0 0 0 0 0 0 0 0 0 
 148 62 268 156 145 51 48 111 0 181 41 250 128 334 600 194 167 24 106 64 73 2 0 0 0 0 0 3 3 0 0 2 46 6 0 0 0 3 5 86 0 0 0 0 3 0 0 5 1 0 0 0 0 0 0 62 0 0 66 2 0 0 0 0 0 0 0 2 0 0 0 3 0 0 0 3 0 0 2 0 1 1 0 40 14 57 2 10 1 46 10 16 0 2 31 14 39 0 0 1 0 0 0 17 0 0 13 0 2 0 0 0 10 24 14 2 1 0 31 33 0 0 0 0 2 0 1 0 0 0 0 0 0 0 0 0 0 1 0 0 1 0 21 0 0 0 0 0 0 0 0 0 0 1 0 0 0 1 1 0 9 16 32 2 27 1 15 0 0 16 19 29 11 3 0 10 12 24 1 0 0 2 0 0 0 0 0 45 0 0 0 0 0 5 0 0 0 0 2 0 0 0 0 0 0 0 0 0 0 0 0 0 0 0 0 0 0 0 0 0 0 0 0 0 0 0 0 0 0 0 0 0 0 0 0 0 0 0 14 0 0 14 0 0 0 0 14 0 0 1 22 3 0 15 0 0 0 0 0 0 1 0 15 0 0 0 5 0 0 0 0 0 0 0 0 14 0 0 0 0 0 0 0 0 0 0 0 0 0 0 
 143 480 134 147 178 88 108 35 181 0 149 125 242 454 130 266 51 211 86 86 0 0 0 0 2 0 1 7 3 1 0 0 0 3 0 0 0 3 4 9 2 0 3 0 3 1 3 0 1 0 0 0 0 0 0 0 0 8 3 2 0 3 0 0 4 0 0 3 1 0 0 5 0 3 0 3 0 0 2 2 0 18 10 0 18 13 0 3 0 28 36 43 0 0 19 19 0 44 0 2 0 0 18 0 0 0 18 14 1 0 0 0 31 0 0 2 0 1 0 0 0 0 0 0 2 0 0 0 0 0 0 0 0 0 0 0 9 1 0 0 0 0 15 4 0 0 0 0 0 0 0 0 0 1 0 0 0 1 1 0 17 26 0 44 24 15 37 49 0 38 50 15 2 0 4 30 32 0 0 0 0 0 0 0 0 0 1 0 0 0 0 0 1 0 0 0 0 0 1 23 0 0 0 0 0 0 0 11 0 0 0 0 14 0 0 0 0 0 0 0 0 0 0 0 0 0 0 0 2 0 0 0 0 0 16 1 0 0 0 0 0 0 0 0 0 0 0 0 87 0 0 8 0 0 0 0 0 0 0 0 0 0 0 0 0 0 0 0 0 0 0 0 0 0 0 9 9 0 0 0 0 0 0 0 0 0 0 0 0 0 
 27 52 218 288 206 322 140 118 41 149 0 686 122 38 314 69 97 60 89 98 111 2 1 0 0 0 0 37 3 0 1 0 1 85 0 0 0 3 141 221 40 0 0 0 2 0 0 50 0 0 0 7 0 0 0 1 0 0 3 2 1 0 0 0 0 0 0 2 0 0 0 3 0 0 1 3 0 2 2 0 14 14 0 15 22 22 0 1 0 0 0 14 74 0 0 0 22 14 0 0 0 5 13 0 0 2 16 16 9 3 11 0 31 37 24 0 1 0 25 0 0 0 0 0 0 0 0 0 0 0 0 0 16 0 0 0 0 0 0 0 0 0 0 0 0 0 0 2 0 2 0 0 0 0 0 0 0 0 0 0 6 12 0 9 0 29 0 7 0 6 33 9 0 18 0 0 0 0 0 0 15 5 15 0 0 0 16 19 0 0 0 2 11 40 10 0 0 12 22 13 0 0 0 0 0 0 0 0 0 0 0 0 0 0 0 0 0 0 0 0 0 0 0 0 0 0 0 0 0 0 0 0 0 0 0 0 0 0 0 0 0 0 7 0 0 2 89 0 43 82 0 8 0 0 0 1 0 0 0 0 2 0 21 2 0 0 15 0 0 0 0 0 0 0 0 10 0 1 0 0 0 0 0 0 0 0 0 0 0 0 
 40 122 197 340 184 298 43 124 250 125 686 0 35 36 36 117 82 355 21 29 167 0 0 0 0 0 0 75 3 2 0 0 1 68 82 0 0 3 100 171 1 0 0 0 2 0 0 2 0 0 0 1 0 0 0 1 0 0 3 2 51 0 0 0 0 0 0 2 0 0 0 3 0 0 1 3 0 0 2 0 0 0 18 37 9 14 0 1 30 0 15 52 0 0 0 0 15 30 0 0 0 12 5 0 0 1 10 17 6 0 16 0 30 14 27 0 17 0 20 0 0 0 0 0 0 0 0 0 0 0 0 0 0 0 0 0 0 0 0 0 0 0 4 6 0 0 0 0 0 0 0 0 0 0 0 0 0 0 0 0 0 12 0 52 12 29 0 0 12 7 29 0 0 0 0 14 0 19 0 0 14 15 0 0 0 0 11 10 0 0 0 0 1 37 13 0 0 0 14 26 0 0 0 0 0 0 0 0 0 0 0 0 0 0 2 0 0 0 0 0 0 0 1 0 0 0 0 0 0 0 0 0 0 0 0 22 0 0 0 0 0 2 20 0 0 2 5 0 44 173 0 12 0 0 73 0 0 0 0 0 0 0 12 0 0 0 0 0 0 0 0 0 0 0 0 0 0 9 0 0 0 0 0 0 0 0 0 0 0 0 
 358 363 171 157 94 34 397 105 128 242 122 35 0 133 320 76 152 247 94 230 0 0 0 0 202 0 202 0 23 0 0 2 5 3 0 0 0 3 3 2 0 0 0 0 3 0 0 0 64 0 2 1 0 0 0 0 0 0 3 2 0 0 0 9 0 0 0 3 0 0 0 3 0 0 0 3 0 0 2 0 46 20 14 1 7 5 16 16 9 9 4 0 1 11 0 16 0 11 32 10 0 0 0 0 0 0 0 0 0 0 0 0 0 0 0 0 0 0 0 0 0 0 0 0 0 0 2 0 0 0 0 15 0 0 0 0 0 0 40 0 0 0 0 0 5 0 0 0 4 0 0 0 0 2 0 0 0 0 0 0 0 1 0 13 21 7 24 18 19 0 3 11 21 1 17 14 12 10 0 0 0 0 0 0 0 0 0 0 0 0 0 0 0 0 0 0 0 0 0 0 0 0 0 0 0 0 0 0 0 0 0 0 0 0 0 0 0 0 0 0 0 0 0 0 0 0 0 0 0 0 0 0 0 0 0 2 0 0 0 0 0 0 0 0 0 2 43 2 0 0 0 4 10 0 0 0 0 0 0 2 0 0 0 0 0 0 0 0 0 0 0 0 0 0 0 18 0 0 0 0 0 0 0 0 0 0 0 0 0 0 
 85 605 133 183 396 58 142 237 334 454 38 36 133 0 226 317 300 38 190 180 77 0 0 0 0 0 0 2 3 2 0 0 0 3 1 0 1 3 3 2 0 2 0 0 3 1 0 0 0 0 0 0 0 0 0 0 0 0 3 2 0 0 0 13 0 0 17 3 0 0 0 3 0 0 0 3 0 0 2 0 11 23 1 15 9 10 10 0 18 52 44 2 0 11 0 28 27 0 1 17 0 0 0 0 0 0 0 0 0 0 0 1 0 7 0 0 0 2 0 11 0 0 0 0 0 0 0 0 0 0 1 0 7 0 0 1 0 0 0 0 0 0 0 0 2 0 0 0 0 0 0 0 0 0 0 0 0 0 0 2 16 13 13 2 1 11 11 0 2 7 0 0 1 20 18 32 41 0 11 12 0 6 0 0 2 0 0 0 0 0 0 0 0 0 0 0 0 0 0 1 0 0 0 0 0 0 1 0 0 0 1 0 0 0 0 0 0 0 0 0 0 0 0 0 0 0 0 0 0 0 0 0 0 0 0 0 0 0 0 0 0 0 0 0 0 1 0 0 2 1 9 11 0 0 0 0 0 0 0 0 0 0 0 0 0 0 0 0 0 6 0 0 0 0 0 0 7 0 0 0 0 0 0 0 0 0 0 0 0 0 
 310 367 164 116 86 71 155 497 600 130 314 36 320 226 0 399 56 67 62 190 0 0 0 2 0 0 0 0 4 0 0 0 0 4 0 0 1 3 4 2 0 0 0 0 2 2 0 0 33 0 0 5 0 0 0 63 0 0 3 2 0 0 42 2 0 0 0 2 0 3 0 3 0 0 0 3 0 1 2 0 29 32 12 23 32 20 0 58 57 37 9 10 0 29 41 20 4 42 0 21 0 0 0 2 0 0 0 0 21 0 9 0 0 10 0 0 2 0 1 26 0 0 0 0 0 0 0 0 0 0 0 0 0 0 0 0 0 0 0 0 0 0 0 2 13 8 0 0 4 0 0 0 0 0 0 0 0 19 0 0 9 0 7 10 36 0 17 29 14 14 13 25 0 5 10 15 16 21 1 0 0 0 0 0 0 0 0 0 0 0 0 0 13 0 0 0 0 0 10 14 0 0 0 0 0 2 0 0 0 0 0 0 0 0 0 0 0 0 0 0 0 0 0 0 0 0 0 0 1 0 0 0 0 0 0 0 0 0 0 0 0 0 0 0 0 2 87 0 0 0 1 5 6 0 0 0 0 0 0 0 0 0 0 0 0 0 0 0 0 0 0 0 0 0 0 0 34 0 0 0 0 0 0 0 0 0 0 0 0 0 
 163 124 191 80 271 55 120 143 194 266 69 117 76 317 399 0 308 37 81 46 0 0 6 0 0 1 0 0 3 0 1 0 0 89 0 0 0 6 79 75 0 5 0 0 3 0 0 0 1 0 1 2 0 0 1 0 0 2 3 2 0 0 0 0 0 0 1 3 0 23 0 3 0 0 0 3 0 0 2 0 0 23 0 11 12 19 2 4 7 34 16 13 0 15 22 22 38 0 0 28 0 0 0 0 0 0 13 0 0 0 0 0 17 15 1 0 0 0 11 14 0 0 11 0 0 0 0 0 0 0 0 0 0 0 0 0 0 0 0 0 0 0 0 0 0 0 0 0 0 0 0 0 0 0 0 0 0 0 0 0 1 13 14 14 15 0 26 1 2 1 0 13 7 2 0 20 32 9 1 1 0 0 0 0 0 0 0 9 0 0 0 0 14 22 0 0 0 0 7 11 0 0 0 0 0 0 0 0 0 0 1 0 0 2 0 0 0 0 0 0 0 0 0 0 0 60 0 0 0 0 0 0 10 1 0 0 0 0 0 0 0 0 0 0 0 1 0 0 0 1 9 20 0 0 0 0 0 0 0 0 0 0 0 0 0 0 0 0 0 0 0 0 0 0 0 1 6 0 0 0 0 0 0 0 0 0 0 0 0 0 
 130 280 239 50 49 71 30 263 167 51 97 82 152 300 56 308 0 69 137 57 0 0 0 0 0 0 0 0 3 0 0 1 68 4 0 0 0 209 4 75 0 0 0 0 2 2 0 0 0 0 0 2 0 0 0 60 0 0 3 2 1 0 0 42 0 0 10 4 0 0 0 3 0 0 0 3 0 0 2 0 19 30 2 9 15 3 23 0 13 26 27 0 25 1 50 10 35 13 23 21 0 0 0 0 0 0 0 0 1 0 0 2 0 1 0 0 1 1 0 34 0 0 0 0 0 0 0 0 0 0 1 0 0 0 0 2 0 0 0 0 0 0 0 0 1 0 1 0 0 0 0 0 0 0 0 0 0 0 0 1 26 13 31 10 0 9 34 11 8 0 0 0 13 31 11 30 30 16 1 26 1 0 5 0 1 0 0 21 0 0 0 0 0 1 0 0 0 0 0 1 0 0 0 0 0 0 1 0 0 0 1 0 0 0 0 0 0 0 0 0 0 0 0 0 0 0 0 0 0 0 0 0 0 0 0 0 0 0 0 0 0 0 0 0 0 0 0 0 0 0 2 22 0 0 0 0 0 0 0 0 0 0 0 0 0 0 0 0 0 0 0 0 0 0 0 0 0 0 0 0 0 0 0 0 0 12 0 0 0 0 
 247 144 281 52 51 154 245 143 24 211 60 355 247 38 67 37 69 0 28 28 0 0 0 0 0 0 1 0 3 1 0 0 0 3 0 0 0 3 3 41 0 0 0 0 2 8 0 0 0 0 0 2 0 0 0 76 0 2 3 2 0 0 0 0 0 0 3 2 0 0 0 3 0 0 0 3 0 0 2 0 14 0 6 15 6 6 38 0 11 12 0 6 0 14 10 0 11 0 0 32 2 0 15 0 0 0 0 0 2 0 0 0 0 1 0 0 0 0 6 20 0 0 0 0 1 1 1 0 0 0 0 0 0 0 0 0 0 0 0 0 4 2 12 8 2 2 0 0 2 0 0 0 0 2 0 2 22 3 2 1 17 0 21 30 0 16 0 12 42 0 0 0 0 22 0 12 0 0 1 12 0 0 0 0 0 0 0 0 0 0 0 0 13 0 0 0 0 0 47 24 0 0 0 0 0 1 0 0 0 0 1 0 0 0 0 0 0 0 0 0 0 0 0 2 2 0 0 0 1 0 0 2 1 1 17 0 2 0 0 0 1 0 0 0 0 3 3 0 3 3 1 1 0 0 0 0 0 0 0 0 0 0 0 0 0 0 1 0 0 2 1 0 0 0 0 0 0 11 0 0 0 0 0 0 0 0 0 0 0 1 
 226 298 68 72 122 52 104 220 106 86 89 21 94 190 62 81 137 28 0 357 0 0 0 1 0 1 0 0 3 0 0 2 6 3 0 0 0 3 3 2 0 0 0 0 3 2 0 0 0 0 0 0 0 0 0 0 0 0 3 2 0 0 0 0 0 2 10 2 0 0 0 4 0 0 0 4 0 0 2 0 15 27 0 0 0 0 0 33 21 18 9 0 18 36 64 4 10 0 0 0 0 2 0 0 0 0 0 0 0 0 0 0 0 0 0 0 0 0 0 0 2 0 0 0 13 0 0 0 0 11 0 0 0 0 0 0 0 0 0 0 0 0 0 0 0 0 0 0 0 0 0 0 0 0 0 0 0 0 0 0 15 15 67 1 0 1 28 0 32 0 0 16 42 35 0 1 0 35 11 25 0 0 0 0 0 0 0 0 0 0 0 0 0 0 0 0 0 0 0 0 0 0 0 0 0 0 0 0 0 0 0 0 0 0 0 0 0 0 0 0 0 0 0 2 0 0 0 0 0 0 18 0 0 0 0 0 0 0 0 2 0 0 0 0 0 1 0 1 0 2 0 4 0 0 0 0 0 0 0 0 0 0 0 0 0 0 0 0 0 0 0 0 0 0 0 0 23 0 0 0 0 0 0 0 0 0 0 0 0 0 
 342 194 134 74 77 257 141 234 64 86 98 29 230 180 190 46 57 28 357 0 201 0 11 0 0 0 38 0 3 0 0 2 7 76 0 201 0 3 3 2 0 0 0 0 3 2 0 0 0 0 0 2 0 0 0 0 0 0 76 2 2 0 0 9 0 0 7 3 0 0 0 8 3 0 0 5 0 0 2 0 41 38 0 0 14 19 1 29 3 0 26 0 18 10 15 0 0 0 0 11 0 0 0 0 0 0 0 0 0 0 7 0 0 0 0 0 0 0 0 0 0 1 0 0 0 0 0 0 0 0 0 0 0 0 0 0 0 0 0 0 0 2 0 0 0 0 0 0 0 0 0 0 0 0 0 0 0 0 0 0 36 14 60 1 0 0 15 26 10 0 13 30 10 26 1 0 51 43 9 37 0 0 0 0 0 0 0 0 0 0 0 0 0 0 0 0 0 0 0 0 0 0 0 0 0 1 0 0 0 0 0 0 0 0 0 0 0 14 0 0 0 0 0 0 0 0 0 0 2 0 0 0 0 0 0 0 0 0 0 0 0 0 0 0 0 0 91 0 2 0 0 17 0 0 0 0 0 0 0 0 0 0 0 0 0 0 0 0 0 0 0 0 0 0 0 33 17 0 0 0 0 0 0 0 0 0 0 0 0 0 
 0 3 1 109 290 314 0 0 73 0 111 167 0 77 0 0 0 0 0 201 0 77 152 135 110 39 446 45 30 97 107 31 151 124 62 111 94 29 156 128 2 0 1 0 0 0 0 9 0 0 0 2 0 2 0 0 0 0 0 0 0 3 0 0 0 0 0 0 0 0 3 0 0 0 1 0 0 0 3 0 0 0 0 6 0 10 0 0 0 0 0 10 0 0 0 0 0 0 2 0 0 0 15 19 0 0 0 24 8 49 9 8 18 42 21 18 22 27 56 1 0 0 0 0 0 0 0 1 0 0 0 0 0 0 0 0 0 0 0 0 0 0 0 0 0 0 0 0 0 0 3 0 0 0 0 11 0 0 0 0 0 0 0 1 0 10 0 0 0 26 23 9 0 0 0 0 7 0 0 0 10 8 20 0 1 24 45 52 17 15 3 0 22 109 15 45 0 32 8 12 0 0 0 0 0 0 0 0 0 0 0 0 0 0 0 0 0 0 0 44 0 0 0 0 0 1 0 0 0 0 0 0 0 0 0 0 0 0 0 0 0 0 0 0 0 0 74 0 1 23 0 0 0 0 7 3 0 1 76 0 8 0 9 0 0 0 27 0 0 0 0 0 0 0 0 0 0 0 0 0 0 0 0 0 0 0 0 0 0 0 
 0 0 1 0 0 0 0 0 2 0 2 0 0 0 0 0 0 0 0 0 77 0 208 581 345 110 187 245 330 24 409 276 340 219 63 103 35 40 62 130 7 0 0 0 0 0 0 4 1 0 0 1 0 2 0 62 0 4 64 3 0 2 0 0 0 0 0 1 0 0 3 48 0 0 0 0 0 0 2 0 0 0 0 0 0 0 0 0 0 0 0 1 2 0 0 9 0 0 0 0 63 12 22 15 13 9 20 32 0 37 83 30 0 0 22 12 6 12 12 0 0 8 0 0 0 0 0 25 0 0 0 0 32 0 1 0 0 0 30 3 1 0 0 0 0 0 0 0 0 0 0 0 0 0 0 1 8 16 0 0 0 0 0 0 0 0 0 0 4 0 8 0 0 0 0 0 0 0 0 0 44 9 35 49 10 0 8 19 6 15 17 37 2 23 15 36 39 50 0 23 0 0 2 0 0 0 23 0 0 0 0 0 0 0 2 0 0 0 0 15 0 0 0 0 0 0 0 0 0 0 0 0 0 0 0 0 0 0 0 0 0 0 0 0 0 2 0 0 0 0 0 0 0 0 15 0 0 144 2 2 2 12 0 0 0 0 0 0 0 0 0 0 0 0 0 0 0 0 0 0 0 25 0 0 0 0 13 0 0 0 
 1 2 0 0 50 73 0 0 0 0 1 0 0 0 0 6 0 0 0 11 152 208 0 398 145 27 393 177 183 37 49 43 79 83 209 115 147 51 38 43 2 0 0 0 0 0 0 1 0 0 1 0 3 2 0 0 0 4 127 0 0 3 3 0 1 0 0 0 0 0 3 54 0 0 0 0 0 0 2 3 0 0 0 0 0 0 0 0 0 0 0 0 0 0 0 0 0 0 0 0 22 0 14 0 0 1 0 19 0 48 15 16 0 9 11 13 31 1 0 0 0 0 0 0 0 0 0 0 0 0 0 0 21 1 0 0 0 0 0 0 0 0 0 0 0 0 0 11 0 0 0 0 0 0 0 18 0 2 0 0 0 0 0 0 0 13 0 0 1 0 9 0 0 0 0 0 0 0 0 0 0 23 3 8 0 12 13 35 48 14 0 1 15 25 0 21 13 0 6 0 0 0 0 0 0 0 1 0 0 0 0 0 0 0 0 0 0 0 3 0 0 0 0 0 0 0 0 0 0 0 0 0 0 8 0 0 0 0 0 0 0 0 7 0 0 0 0 0 0 0 0 0 0 0 2 0 0 38 1 2 3 2 0 0 0 0 0 0 0 0 0 0 0 0 0 0 0 0 0 19 0 0 0 0 0 3 13 0 0 0 
 0 0 0 0 0 0 0 0 0 0 0 0 0 0 2 0 0 0 1 0 135 581 398 0 196 111 300 205 174 79 131 243 145 123 55 269 75 195 61 79 3 1 0 2 0 0 63 1 0 2 0 1 0 2 0 0 0 35 57 0 0 3 0 0 0 0 0 0 0 7 3 0 0 2 2 0 3 0 5 0 0 0 0 0 0 0 0 0 0 0 15 0 0 0 0 0 0 0 0 0 35 16 20 0 1 33 0 22 11 21 0 3 8 0 14 29 0 37 10 0 0 16 0 0 0 0 0 19 0 0 0 0 43 0 0 0 0 7 0 10 0 10 0 0 0 0 0 14 0 0 0 0 0 0 0 0 4 0 0 0 0 1 8 0 0 1 0 0 0 0 0 5 0 0 0 0 0 1 0 0 15 2 0 55 29 0 0 24 8 13 21 40 1 10 17 29 22 46 2 25 0 0 0 0 0 0 19 0 0 0 0 0 0 0 0 0 0 0 0 49 0 0 0 0 0 0 0 0 0 0 0 0 0 0 0 0 1 0 0 0 0 0 1 0 0 0 0 0 0 0 0 0 0 0 9 2 0 229 3 0 0 11 0 0 0 0 0 0 0 0 0 0 0 0 0 0 0 1 0 0 0 18 0 0 0 0 9 0 0 0 
 3 0 0 2 0 0 0 0 0 2 0 0 202 0 0 0 0 0 0 0 110 345 145 196 0 212 272 46 147 361 135 129 98 177 165 278 58 208 131 95 3 2 0 0 0 4 0 0 2 0 3 1 65 2 4 0 3 0 76 7 0 3 0 0 0 0 0 3 0 0 3 2 0 0 2 1 0 0 5 0 0 0 0 0 0 0 0 0 0 0 0 0 0 0 0 2 0 0 0 0 9 0 26 2 23 18 0 0 0 0 1 24 0 0 0 0 2 31 0 0 31 8 0 0 0 0 9 35 1 13 14 0 24 28 0 12 1 1 9 14 0 0 0 0 0 0 0 0 0 0 0 0 0 0 0 1 10 10 0 0 0 0 3 0 6 1 0 0 0 0 1 0 0 0 0 0 8 3 0 0 0 6 21 22 0 26 0 0 2 0 25 12 1 0 13 4 21 8 1 0 0 0 2 0 2 1 34 13 0 12 0 0 22 0 8 9 8 0 0 16 0 0 0 0 0 0 0 0 0 0 0 0 0 0 0 0 0 0 0 0 0 0 0 0 0 0 0 0 0 0 0 0 0 0 5 0 1 77 76 1 3 10 0 0 0 0 0 0 0 0 0 0 0 0 0 0 0 1 0 0 0 9 0 0 0 11 10 0 0 0 
 1 0 0 0 0 0 0 0 0 0 0 0 0 0 0 1 0 0 1 0 39 110 27 111 212 0 41 30 76 132 248 75 39 298 133 141 55 269 48 56 2 70 0 70 21 4 32 55 0 0 61 9 0 64 125 3 0 0 0 2 0 7 0 0 16 0 0 0 0 0 3 0 3 2 0 0 0 5 2 4 0 1 2 0 0 0 0 1 0 0 0 0 0 0 0 0 0 0 0 0 0 2 0 40 31 22 0 0 0 0 14 5 0 0 0 0 0 9 1 0 26 15 46 2 0 0 41 63 31 0 19 0 3 35 12 20 12 9 9 56 0 6 1 0 0 0 0 0 0 0 0 0 0 0 0 0 4 0 0 0 0 0 2 0 0 0 19 0 0 0 0 0 0 0 0 0 0 5 6 0 0 0 19 0 0 14 0 0 1 0 48 14 2 0 0 10 5 4 0 0 18 11 28 13 0 0 29 21 0 11 0 0 27 21 0 0 8 22 0 44 0 0 0 0 0 0 0 1 0 0 8 2 0 1 0 0 0 0 0 0 0 0 2 0 0 0 0 0 0 0 0 0 0 0 7 1 4 0 0 19 5 1 0 0 0 0 0 0 0 0 0 1 0 0 0 0 0 0 0 0 0 20 0 0 0 9 0 0 0 0 
 6 0 1 0 161 0 2 0 0 1 0 0 202 0 0 0 0 1 0 38 446 187 393 300 272 41 0 272 205 41 81 188 247 729 107 192 113 348 171 128 3 0 0 6 0 0 0 56 0 7 6 3 0 6 0 0 1 3 0 0 0 3 2 0 0 2 0 0 4 0 3 0 0 0 2 0 4 0 3 0 0 0 0 0 0 0 0 5 0 0 0 0 2 0 0 0 0 0 0 0 1 23 12 23 0 0 33 0 74 15 5 0 21 0 0 20 0 0 0 22 0 0 0 0 0 0 0 0 0 0 0 0 2 0 0 0 0 0 14 0 0 0 0 1 0 55 0 0 0 0 1 0 0 0 8 4 0 0 0 0 0 0 0 0 0 1 0 0 0 0 0 4 1 0 4 0 25 0 2 0 30 20 13 32 19 36 69 20 20 47 0 1 24 4 37 35 14 32 0 12 0 0 0 0 0 0 0 0 1 0 0 0 0 0 2 0 0 20 0 20 0 0 2 0 0 0 0 10 0 0 0 0 0 0 0 0 0 0 0 0 0 0 1 0 0 2 0 0 0 0 0 0 0 0 12 0 4 1 48 1 6 0 0 0 0 0 0 0 0 0 0 0 0 0 0 0 0 0 0 0 0 0 0 0 0 0 0 0 0 0 
 0 0 0 31 189 18 0 0 3 7 37 75 0 2 0 0 0 0 0 0 45 245 177 205 46 30 272 0 163 35 94 223 189 260 262 52 38 36 168 204 3 9 0 0 0 0 2 2 0 0 0 2 0 2 0 0 0 3 0 205 0 3 0 3 0 0 0 0 0 0 3 0 0 0 1 1 0 0 3 0 0 0 0 0 0 0 0 0 0 0 0 0 0 0 0 0 0 0 0 0 45 21 2 0 0 9 25 24 30 50 0 18 6 9 28 17 0 7 19 28 0 0 0 0 0 0 0 0 0 0 0 2 9 0 0 0 0 0 34 10 0 0 0 0 0 13 0 0 0 0 0 0 0 0 6 0 0 0 0 0 0 0 0 1 0 9 0 0 2 0 15 2 0 0 0 0 0 0 0 0 36 1 30 33 16 3 10 21 0 17 0 31 10 9 31 14 23 31 45 28 0 0 0 0 0 0 0 0 0 0 0 0 0 0 0 0 2 0 0 0 0 0 0 0 0 0 1 0 0 0 0 0 0 0 2 0 0 0 0 0 0 0 0 0 0 0 0 0 0 25 0 0 0 2 6 2 2 76 2 0 3 2 0 0 0 0 19 0 0 0 0 0 0 0 0 0 0 0 0 0 0 0 0 0 0 0 0 0 0 0 
 4 3 3 3 86 13 3 3 3 3 3 3 23 3 4 3 3 3 3 3 30 330 183 174 147 76 205 163 0 213 52 41 199 130 148 64 38 87 405 79 16 0 19 0 0 0 0 65 2 1 0 27 0 2 3 2 24 0 2 3 0 3 0 0 0 0 0 3 3 0 3 2 0 0 1 0 0 0 4 0 0 0 0 0 0 0 0 0 0 0 0 0 0 0 0 0 0 0 0 0 10 0 0 12 11 13 0 66 14 8 8 12 7 10 22 23 12 0 0 8 8 0 0 0 0 0 12 11 0 0 0 17 2 16 0 0 0 0 7 13 1 0 2 0 0 0 0 2 0 0 0 0 0 0 0 0 0 0 0 0 0 0 0 0 0 11 0 0 2 0 19 0 0 0 0 0 0 0 0 1 9 0 34 21 2 13 12 10 13 24 13 0 10 9 28 23 18 10 9 0 0 0 0 0 0 0 12 0 0 0 0 0 0 0 0 0 0 0 0 12 0 7 0 0 0 0 0 0 0 0 0 4 0 0 0 0 0 0 0 0 0 0 20 0 0 0 0 0 0 0 0 0 0 0 12 0 0 0 0 0 0 0 0 0 0 0 37 0 0 0 0 0 0 0 0 0 0 0 0 0 0 0 0 0 0 10 0 0 0 0 
 0 0 0 0 0 0 0 0 0 1 0 2 0 2 0 0 0 1 0 0 97 24 37 79 361 132 41 35 213 0 359 139 143 98 246 114 154 266 143 519 2 0 0 0 0 0 0 0 0 0 0 0 0 2 69 0 0 0 125 52 84 3 0 0 0 0 0 0 0 35 3 0 0 0 0 7 0 36 2 0 0 0 0 0 0 0 0 0 2 0 0 0 0 0 0 0 0 0 0 0 0 0 1 24 46 47 0 0 1 0 7 20 0 54 13 8 29 0 13 0 47 12 20 0 0 0 12 14 8 0 0 0 18 22 33 0 16 0 4 16 0 0 0 0 0 0 0 0 20 0 4 1 0 2 2 7 0 1 0 0 0 0 0 5 22 0 0 0 1 2 0 0 0 0 0 0 0 0 0 0 9 12 1 0 12 23 0 16 30 0 35 0 10 0 10 0 49 0 18 0 14 0 0 0 0 0 39 0 1 0 2 0 0 23 9 0 0 0 25 4 0 0 0 0 0 0 0 19 0 0 0 0 0 0 0 0 0 0 0 2 0 0 0 0 0 0 0 0 0 0 0 0 0 1 10 0 0 0 0 2 2 0 0 0 0 0 0 0 0 0 0 0 0 0 0 0 0 0 0 0 0 26 0 0 0 0 0 0 0 0 
 3 3 0 0 1 0 1 3 0 0 1 0 0 0 0 1 0 0 0 0 107 409 49 131 135 248 81 94 52 359 0 440 46 113 110 211 104 80 58 74 2 0 0 0 0 0 62 64 0 0 0 1 0 5 92 0 0 3 0 63 51 8 0 0 0 0 0 0 0 0 45 0 0 0 2 2 0 0 2 0 0 0 0 0 0 0 0 0 0 0 0 0 0 0 0 0 0 0 0 0 27 0 15 46 11 5 21 0 14 16 14 39 9 0 0 10 0 30 0 0 10 10 11 0 0 0 14 14 0 10 0 0 23 1 16 2 22 0 39 12 0 1 25 14 0 0 0 0 0 0 0 0 0 0 0 0 14 4 0 2 28 0 0 0 0 0 0 0 0 0 0 5 0 1 6 0 0 0 0 0 8 1 72 30 0 14 9 0 0 23 22 24 0 0 0 10 26 46 0 11 12 0 0 0 0 0 34 25 0 0 0 0 0 10 0 0 0 0 15 110 0 0 0 0 0 0 0 0 0 0 0 0 0 0 0 0 0 0 0 0 0 0 0 0 0 0 0 0 0 0 0 0 0 1 5 0 0 0 4 0 17 13 0 0 0 0 0 0 0 0 0 0 0 0 0 0 0 0 0 0 0 1 0 0 1 0 0 0 0 0 
 4 5 0 5 1 2 2 0 2 0 0 0 2 0 0 0 1 0 2 2 31 276 43 243 129 75 188 223 41 139 440 0 61 31 329 188 140 223 34 49 3 0 0 0 0 0 0 0 0 0 0 2 0 2 3 0 0 0 22 99 0 3 0 0 0 0 0 0 0 0 3 0 0 0 2 1 0 0 3 0 0 0 0 0 0 0 16 0 0 0 0 0 19 0 0 0 0 0 10 0 21 2 12 21 9 6 0 34 0 10 0 7 0 1 28 28 0 25 1 0 0 16 0 0 0 0 0 36 0 0 0 0 0 0 1 1 0 8 13 0 0 5 0 0 0 0 0 0 0 1 0 0 0 0 0 1 7 0 2 0 0 0 0 0 0 0 0 0 0 0 8 3 0 0 0 0 0 0 17 0 9 31 21 51 2 13 12 0 0 37 18 27 0 0 13 9 0 5 0 18 0 0 0 0 0 0 23 0 0 0 0 0 2 0 0 0 0 0 0 18 0 0 0 0 0 0 0 0 0 0 0 0 0 0 0 0 0 0 0 0 0 0 0 0 0 0 2 0 0 0 0 0 0 0 4 0 0 1 72 3 10 2 0 0 0 0 0 0 0 0 0 0 0 0 0 0 1 0 0 40 0 29 0 0 0 0 0 0 0 0 
 0 4 83 0 140 75 0 1 46 0 1 1 5 0 0 0 68 0 6 7 151 340 79 145 98 39 247 189 199 143 46 61 0 320 127 116 196 32 229 458 0 0 0 1 0 0 0 1 0 0 0 2 0 0 0 62 0 1 0 0 61 0 0 4 0 2 0 0 2 2 0 0 0 0 2 2 0 0 0 0 0 0 0 0 0 0 0 2 6 9 0 9 0 0 17 0 0 0 0 0 0 11 14 2 0 0 15 3 31 28 29 0 20 0 11 10 30 0 10 17 0 0 0 0 0 0 0 0 0 0 0 0 9 0 0 0 0 0 0 1 0 0 0 0 0 4 0 0 0 0 6 0 0 0 3 0 0 0 0 0 0 0 0 0 0 14 0 0 0 0 0 0 0 0 0 0 2 0 0 0 16 19 0 2 19 35 10 36 17 11 0 29 9 7 9 21 9 4 18 19 0 0 0 0 0 0 0 0 0 0 0 0 0 0 0 0 0 0 0 0 11 0 0 0 0 0 0 0 0 0 0 0 0 0 0 0 0 2 0 0 0 0 9 0 0 1 1 0 0 5 0 0 0 0 6 4 0 4 0 1 1 1 0 0 0 0 0 0 0 0 0 0 0 0 0 0 0 0 0 0 0 0 0 0 0 0 0 0 0 0 
 3 3 77 80 139 77 3 3 6 3 85 68 3 3 4 89 4 3 3 76 124 219 83 123 177 298 729 260 130 98 113 31 320 0 188 56 41 46 140 180 3 0 0 0 0 3 0 0 0 0 2 5 0 204 0 3 0 6 0 3 0 3 1 1 0 2 0 0 3 0 3 0 0 0 1 1 0 1 9 2 0 0 0 7 0 0 0 1 0 0 0 0 0 0 0 0 17 0 0 0 11 7 5 24 24 0 34 10 11 14 45 14 17 1 26 16 0 10 13 12 0 0 0 0 0 0 0 0 0 0 14 0 0 0 0 0 0 0 28 11 0 0 0 0 0 3 0 0 0 0 0 0 0 0 4 0 0 0 0 0 0 0 0 1 0 0 0 0 0 0 8 0 0 0 0 0 1 13 0 0 9 0 19 9 0 7 36 7 0 18 9 13 0 9 13 0 9 0 0 15 1 0 0 0 0 0 1 0 0 0 0 0 0 0 0 0 0 2 20 0 0 0 0 0 0 0 0 0 0 0 0 0 1 0 0 0 0 0 2 0 0 0 0 0 0 0 0 0 0 83 0 0 0 0 13 0 1 0 74 1 11 0 0 0 0 0 0 0 0 0 0 0 0 0 0 0 0 0 0 0 0 0 0 0 2 0 0 0 0 0 
 0 2 0 0 0 76 0 0 0 0 0 82 0 1 0 0 0 0 0 0 62 63 209 55 165 133 107 262 148 246 110 329 127 188 0 212 200 112 77 123 2 0 0 0 0 0 0 61 0 0 0 60 0 2 0 0 0 3 32 0 0 3 0 0 0 0 0 0 0 0 3 0 51 0 2 0 0 0 3 0 0 0 0 0 0 0 0 0 0 0 0 9 0 0 0 0 0 0 0 0 16 13 33 59 38 12 23 0 19 23 20 18 0 10 0 13 47 2 0 6 0 12 0 0 0 0 0 21 0 0 0 2 5 15 1 0 0 0 9 6 0 0 0 0 0 0 12 0 0 0 0 0 0 0 0 0 5 3 0 0 0 0 0 0 0 0 0 0 4 0 4 2 0 0 0 0 0 0 0 0 1 34 34 9 9 18 0 0 42 12 33 28 0 1 13 16 0 13 0 0 0 0 0 0 0 0 13 0 0 0 0 0 0 0 0 0 2 0 18 15 0 1 0 0 3 0 0 0 0 0 0 0 0 0 11 0 0 0 0 0 0 0 0 0 0 0 0 0 0 0 0 0 0 0 10 2 3 3 0 0 0 12 0 0 0 0 1 0 0 0 0 0 0 0 0 0 0 0 0 0 0 0 0 10 0 11 0 0 0 0 
 1 3 0 0 75 208 0 0 0 0 0 0 0 0 0 0 0 0 0 201 111 103 115 269 278 141 192 52 64 114 211 188 116 56 212 0 75 87 35 75 2 0 0 0 0 0 0 2 0 0 0 1 0 2 4 0 0 0 61 0 0 3 0 0 0 0 0 0 0 0 3 0 0 0 0 0 0 0 2 23 0 0 0 0 0 0 0 0 0 0 0 0 0 0 0 0 0 0 0 0 23 11 16 55 38 0 0 11 0 11 15 24 1 0 7 6 17 40 17 0 0 7 0 0 0 0 0 24 0 0 0 0 14 0 13 0 57 0 0 0 0 0 0 0 11 0 0 2 0 0 0 0 0 0 0 0 28 4 0 0 0 0 0 0 0 0 0 0 0 0 0 32 0 0 0 0 0 0 0 0 16 13 28 22 21 23 11 20 8 12 25 26 3 1 21 20 12 33 0 8 0 0 2 0 0 0 32 0 0 0 0 0 0 0 0 0 0 0 12 23 0 0 0 0 0 0 0 0 0 0 0 0 0 0 0 0 0 0 0 0 0 0 0 0 0 0 0 0 0 0 0 0 0 0 6 3 0 119 74 0 12 16 0 0 0 0 0 0 0 0 0 0 0 0 0 0 0 0 0 0 0 17 0 0 0 0 12 0 0 0 
 6 0 0 0 0 0 75 0 0 0 0 0 0 1 1 0 0 0 0 0 94 35 147 75 58 55 113 38 38 154 104 140 196 41 200 75 0 160 137 110 2 0 0 0 0 0 0 62 0 8 0 1 0 2 9 0 0 0 28 0 0 3 2 0 0 0 0 0 0 0 5 0 0 0 2 0 0 0 2 3 0 0 0 0 0 0 0 0 0 0 0 0 0 0 0 0 0 0 0 0 12 28 1 0 14 16 9 63 10 11 18 0 18 0 39 39 54 0 22 10 0 0 0 0 0 0 0 0 0 0 0 0 13 0 12 0 0 0 0 0 0 0 9 11 0 0 1 0 0 0 5 0 0 0 0 3 0 1 0 0 0 0 0 4 2 0 0 0 0 0 0 1 0 0 0 0 0 0 0 0 22 33 0 15 57 19 0 15 14 31 22 43 11 0 47 12 8 0 11 1 13 0 0 0 0 0 20 0 0 0 0 0 0 0 7 0 1 0 21 16 0 2 0 10 0 0 0 0 0 0 0 0 0 0 1 2 0 0 0 0 0 0 0 0 0 0 2 0 0 0 0 0 74 0 6 0 0 75 0 0 0 1 0 0 0 0 0 0 0 0 0 0 0 0 0 0 0 0 0 9 0 14 0 1 0 0 0 0 0 0 
 3 3 3 3 3 3 3 3 3 3 3 3 3 3 3 6 209 3 3 3 29 40 51 195 208 269 348 36 87 266 80 223 32 46 112 87 160 0 106 40 4 4 0 2 0 0 0 0 2 91 0 4 0 2 7 0 0 0 124 0 0 83 0 0 0 0 3 1 2 0 3 0 0 0 0 0 0 0 5 0 0 0 0 0 0 0 0 0 0 0 0 0 0 0 0 9 0 0 0 0 17 0 56 30 33 46 0 0 0 0 9 30 0 0 0 0 11 48 0 0 48 24 0 0 0 0 4 34 0 0 0 0 12 13 21 0 0 0 21 13 1 0 1 0 0 0 0 2 0 0 0 0 0 0 0 0 5 3 0 0 0 0 0 6 0 0 0 0 0 0 0 3 0 0 0 0 0 0 0 0 0 20 16 26 27 17 16 0 5 0 69 18 0 1 9 7 11 13 0 0 0 0 2 0 0 0 52 1 0 0 0 0 0 0 1 0 0 0 30 49 0 0 0 0 0 0 0 0 0 0 0 0 0 0 0 0 0 0 0 0 0 0 0 0 0 3 0 0 0 0 0 0 0 0 1 0 0 4 0 1 3 10 0 0 0 2 0 0 0 0 0 0 0 0 0 0 0 0 0 0 0 22 0 0 0 11 0 0 0 12 
 75 3 81 78 99 229 6 3 5 4 141 100 3 3 4 79 4 3 3 3 156 62 38 61 131 48 171 168 405 143 58 34 229 140 77 35 137 106 0 297 2 0 0 0 0 1 7 20 0 0 0 27 0 2 0 2 0 0 0 63 0 3 0 0 0 0 0 0 0 0 3 0 0 0 1 0 0 0 2 0 0 0 19 34 1 0 0 0 18 1 0 16 0 0 0 11 19 4 0 0 0 10 17 0 0 0 11 0 33 0 21 0 35 11 27 10 21 7 26 21 0 0 0 0 0 2 0 0 0 0 0 0 0 0 0 0 2 2 0 0 0 0 0 0 0 4 0 0 0 0 6 0 0 28 3 0 0 0 0 0 0 0 0 0 0 2 14 0 0 0 1 20 0 0 0 0 0 32 0 0 27 12 0 0 0 16 11 36 0 12 0 0 39 24 18 10 9 8 14 2 7 0 0 0 1 0 0 0 0 1 0 0 0 0 0 0 0 0 0 0 0 0 0 0 1 0 0 0 0 0 0 0 0 0 0 0 0 0 11 0 0 15 0 0 0 0 2 0 0 134 0 0 0 0 10 0 2 0 0 2 0 0 0 0 0 0 0 0 0 0 31 0 0 0 0 0 0 2 0 0 0 0 0 0 0 0 0 0 0 6 
 2 1 89 133 73 183 1 2 86 9 221 171 2 2 2 75 75 41 2 2 128 130 43 79 95 56 128 204 79 519 74 49 458 180 123 75 110 40 297 0 205 0 0 0 0 0 0 0 0 0 0 0 0 2 0 1 0 0 0 0 0 3 0 0 0 0 0 0 0 0 3 0 0 0 1 9 0 0 2 0 0 0 0 6 1 1 0 0 0 0 0 13 0 0 0 0 7 0 0 0 0 45 1 0 0 0 0 0 26 0 15 0 18 0 33 0 0 7 25 0 0 0 0 0 0 1 0 1 0 0 0 7 0 0 0 0 0 0 0 0 2 0 0 0 0 7 0 0 0 0 0 1 0 0 20 0 0 0 0 0 0 1 0 26 0 0 0 0 0 0 15 0 0 0 0 0 0 14 0 0 23 13 0 0 0 1 27 57 0 8 0 0 0 43 28 0 14 0 19 13 0 0 1 0 0 0 0 0 0 0 0 0 0 0 1 0 0 66 0 7 0 0 0 0 1 0 0 0 0 0 0 0 0 0 0 0 0 0 0 0 0 0 0 0 0 1 2 0 75 147 0 1 0 0 9 0 2 0 0 0 4 0 0 0 0 0 0 0 0 0 0 0 0 0 0 0 0 0 0 0 0 0 0 0 0 0 0 0 0 2 
 0 0 2 2 0 0 3 0 0 2 40 1 0 0 0 0 0 0 0 0 2 7 2 3 3 2 3 3 16 2 2 3 0 3 2 2 2 4 2 205 0 80 164 114 86 254 293 193 20 99 101 38 51 83 205 104 233 73 60 104 0 2 0 51 0 0 0 0 0 0 0 0 0 4 1 0 6 1 50 0 0 0 0 0 0 0 0 0 0 0 0 0 0 0 0 0 0 0 0 0 0 0 0 0 0 0 0 0 0 0 0 0 0 0 0 10 0 0 0 0 18 1 14 1 31 0 0 0 0 21 3 14 0 10 12 5 31 0 0 8 0 0 0 0 0 0 0 0 0 0 0 0 2 4 0 0 0 0 18 8 0 0 0 0 0 0 0 0 0 0 0 0 0 0 0 0 0 0 0 4 0 0 0 0 0 0 0 0 0 0 0 0 0 0 0 0 0 0 0 0 0 12 23 1 16 12 0 13 56 25 16 19 34 14 63 49 24 0 15 0 9 0 0 0 1 0 0 0 0 0 0 0 0 0 0 0 0 0 41 0 0 0 16 0 0 0 0 0 0 0 0 15 0 0 0 0 0 0 0 0 0 0 0 0 3 10 0 0 0 0 0 0 0 14 0 0 0 0 0 0 0 0 0 0 6 0 0 0 0 0 
 0 0 0 0 0 0 0 0 0 0 0 0 0 2 0 5 0 0 0 0 0 0 0 1 2 70 0 9 0 0 0 0 0 0 0 0 0 4 0 0 80 0 208 193 131 37 73 121 114 129 82 41 104 512 181 278 43 318 92 344 0 3 2 0 0 0 0 9 2 4 0 0 51 4 1 1 0 0 0 1 0 0 0 0 0 0 1 0 0 0 0 0 0 0 0 0 0 0 0 0 0 0 0 0 0 1 0 0 0 0 0 0 0 0 0 0 0 0 20 0 0 7 12 0 23 8 16 27 35 3 29 3 9 0 18 9 0 13 9 25 32 0 0 0 0 0 0 0 0 0 0 0 0 0 15 0 0 0 0 0 0 0 0 0 0 0 0 0 0 0 1 0 0 0 0 0 0 2 2 0 0 0 0 0 0 21 0 11 0 0 0 0 0 0 0 0 0 0 0 0 22 0 37 28 0 0 0 12 1 11 0 0 12 13 37 11 13 30 1 0 0 0 0 0 0 0 0 0 0 0 13 0 1 0 0 0 0 0 0 12 0 0 0 0 0 0 0 0 0 0 0 12 0 2 0 0 0 1 0 7 0 0 0 0 0 0 2 0 0 0 9 0 0 0 0 10 0 0 0 0 0 0 0 0 0 0 0 0 1 0 
 50 0 0 3 0 0 0 0 0 3 0 0 0 0 0 0 0 0 0 0 1 0 0 0 0 0 0 0 19 0 0 0 0 0 0 0 0 0 0 0 164 208 0 177 71 88 54 100 195 188 343 53 262 60 285 182 173 93 59 38 2 1 3 0 0 0 0 0 0 0 5 0 52 2 1 0 0 0 50 0 0 0 0 0 0 0 0 0 0 0 0 0 0 0 20 0 0 0 0 0 0 0 0 0 5 18 0 0 0 0 0 0 0 0 0 0 0 0 0 0 15 0 25 0 30 19 0 0 11 37 0 9 0 1 6 9 11 0 1 22 1 0 0 0 0 0 24 1 24 1 0 0 27 0 0 0 0 0 0 0 1 0 0 0 0 0 0 1 0 0 1 0 0 0 0 0 0 0 0 0 0 0 0 0 0 0 0 0 0 0 0 0 0 0 0 0 0 0 0 2 9 12 0 27 10 20 0 11 18 29 18 18 19 9 42 20 9 9 19 0 20 0 0 0 0 0 0 0 0 0 0 0 0 0 0 0 0 0 20 11 0 0 14 0 0 0 0 0 0 0 0 13 0 7 0 0 0 0 0 4 0 0 0 1 1 2 0 0 0 0 1 0 0 0 0 0 0 0 0 0 0 0 0 0 0 16 0 0 0 0 
 2 0 0 0 6 0 0 0 0 0 0 0 0 0 0 0 0 0 0 0 0 0 0 2 0 70 6 0 0 0 0 0 1 0 0 0 0 2 0 0 114 193 177 0 347 54 136 149 106 302 64 52 229 106 65 73 133 63 293 48 0 0 0 0 0 3 20 0 0 0 0 0 0 0 2 0 0 0 51 34 0 0 0 0 0 0 0 0 0 0 0 0 0 0 0 0 0 0 0 0 0 0 0 0 0 0 0 0 0 0 0 0 0 0 0 0 0 0 0 0 20 22 13 10 1 13 13 20 13 34 8 0 0 10 0 12 13 29 11 24 0 0 0 0 0 0 1 6 0 0 0 0 0 1 0 0 0 16 31 1 0 0 0 0 0 0 0 0 0 0 2 0 0 0 0 0 0 1 6 1 0 0 0 0 0 0 0 0 0 0 0 0 0 0 0 0 0 0 0 0 7 29 19 15 0 0 0 0 0 9 19 15 9 12 1 0 8 7 28 4 21 1 13 0 0 9 0 10 0 0 9 0 9 0 22 0 11 0 13 10 0 0 11 0 0 0 0 0 0 0 0 4 0 0 0 0 0 0 0 19 0 0 2 0 2 3 1 0 0 0 0 0 0 0 0 2 0 0 0 0 0 0 0 0 1 0 0 0 0 0 
 3 3 2 66 2 3 2 4 3 3 2 2 3 3 2 3 2 2 3 3 0 0 0 0 0 21 0 0 0 0 0 0 0 0 0 0 0 0 0 0 86 131 71 347 0 92 108 57 100 385 212 64 134 141 85 72 267 165 61 66 0 0 4 0 0 0 0 31 0 5 0 5 70 2 4 0 0 0 0 0 0 0 0 0 0 0 0 6 0 0 0 0 0 0 0 0 0 0 0 0 0 0 0 0 0 0 0 0 0 0 0 0 0 0 0 0 0 0 0 0 0 15 0 13 11 44 0 0 8 0 19 21 0 0 27 7 21 19 0 0 16 1 0 1 0 0 29 0 0 0 0 0 0 2 0 0 2 1 3 26 0 0 0 0 0 0 0 0 0 0 2 0 0 0 0 0 0 0 0 4 0 0 0 0 0 0 0 0 0 0 0 0 0 0 0 0 0 0 0 0 0 0 8 14 10 0 0 17 31 0 14 13 0 3 2 24 3 36 0 0 0 13 1 0 0 0 10 39 64 0 0 14 6 0 23 0 0 0 27 0 0 0 0 0 0 0 0 0 0 0 0 1 0 7 0 0 0 0 0 3 0 0 7 0 0 24 6 0 2 0 0 0 0 0 0 0 0 0 0 0 0 0 2 0 2 7 0 0 0 0 
 2 5 0 3 1 0 4 65 0 1 0 0 0 1 2 0 2 8 2 2 0 0 0 0 4 4 0 0 0 0 0 0 0 3 0 0 0 0 1 0 254 37 88 54 92 0 36 60 86 60 113 365 40 47 60 70 81 92 73 64 0 52 0 0 0 0 6 4 1 0 0 0 51 3 1 0 52 73 0 1 0 0 0 0 0 0 0 0 0 0 0 0 0 0 0 0 0 0 0 0 0 0 0 0 0 0 0 0 0 0 0 0 0 0 7 0 0 0 0 1 0 0 0 10 61 11 1 2 14 0 0 0 0 10 0 4 0 0 0 0 33 0 0 6 0 0 17 13 9 0 0 0 20 0 7 0 7 0 2 19 22 0 0 0 0 0 0 0 0 0 2 0 0 0 0 0 0 0 0 0 0 0 0 0 0 7 0 0 0 0 0 0 0 0 4 0 0 0 0 0 0 10 0 11 3 6 0 0 0 0 13 16 11 0 15 0 8 0 0 2 26 16 14 0 24 2 8 1 0 0 1 41 28 40 17 2 1 3 0 12 18 0 0 0 0 0 0 0 1 0 0 11 0 1 0 0 0 0 5 1 0 19 1 74 0 5 7 39 0 0 0 0 0 2 0 0 0 0 0 0 0 0 0 0 0 0 0 4 2 0 
 0 0 0 3 0 0 0 0 0 3 0 0 0 0 0 0 0 0 0 0 0 0 0 63 0 32 0 2 0 0 62 0 0 0 0 0 0 0 7 0 293 73 54 136 108 36 0 91 38 100 100 27 268 200 229 33 52 394 117 172 2 14 1 2 0 3 0 0 0 2 2 3 9 2 0 0 0 3 6 8 0 0 4 0 0 0 0 0 25 0 0 0 0 0 0 9 17 18 0 0 0 0 0 16 37 0 0 0 0 0 1 0 0 0 0 0 0 0 0 5 1 26 27 21 0 0 19 31 22 0 0 10 2 0 10 9 11 16 0 50 0 3 0 0 0 0 0 0 0 0 0 0 0 0 0 0 0 0 0 0 0 0 0 0 8 0 0 32 0 0 0 0 0 0 0 0 0 0 2 2 0 0 0 0 0 0 0 0 0 0 11 0 7 0 0 0 0 2 0 0 14 10 21 0 11 11 0 6 4 11 0 7 11 31 0 4 18 11 12 0 0 0 0 0 0 0 0 0 0 0 4 0 0 0 0 0 0 0 15 0 0 15 0 0 0 0 0 0 0 2 0 3 0 0 0 0 0 56 1 0 0 14 0 0 66 1 0 0 0 0 0 0 0 0 0 0 0 0 0 0 0 10 0 0 18 0 0 7 1 0 
 0 0 0 11 75 1 3 0 5 0 50 2 0 0 0 0 0 0 0 0 9 4 1 1 0 55 56 2 65 0 64 0 1 0 61 2 62 0 20 0 193 121 100 149 57 60 91 0 86 47 45 33 149 437 249 44 55 243 163 110 0 1 0 0 0 0 0 0 0 0 0 0 0 0 2 0 3 0 0 0 0 0 0 2 0 6 26 0 0 0 0 6 0 0 0 0 0 0 0 0 0 10 0 0 13 2 10 6 16 0 0 0 0 11 5 15 0 0 28 8 0 1 10 0 0 0 25 13 19 1 17 0 14 0 0 8 0 1 9 13 4 0 19 0 0 0 0 0 0 0 0 0 0 0 0 0 0 0 0 0 0 0 0 0 0 0 69 0 0 9 6 0 0 0 0 0 0 1 2 10 11 10 0 0 27 14 12 0 0 10 0 0 0 0 8 20 1 7 2 0 14 0 14 0 1 0 0 41 2 27 0 12 27 17 0 0 25 9 16 0 0 0 0 0 0 0 0 0 0 0 13 0 0 0 0 0 0 0 0 0 0 0 2 0 0 0 5 0 0 0 0 8 0 0 0 0 0 1 0 11 0 0 8 0 2 7 2 0 0 0 10 0 0 0 0 0 0 0 0 0 0 0 0 0 0 15 0 0 0 0 
 25 0 1 2 0 0 0 0 1 1 0 0 64 0 33 1 0 0 0 0 0 1 0 0 2 0 0 0 2 0 0 0 0 0 0 0 0 2 0 0 20 114 195 106 100 86 38 86 0 117 113 41 86 67 68 69 63 56 84 53 0 4 0 2 0 0 67 0 1 0 0 2 50 3 0 0 0 0 53 2 14 20 14 0 0 1 1 0 7 16 0 10 0 0 9 19 0 22 0 0 0 0 0 0 0 0 16 0 0 0 0 7 0 0 0 0 0 0 0 0 0 0 10 0 19 19 0 1 10 9 14 0 0 0 6 0 13 0 0 0 27 0 0 0 11 0 7 9 25 0 0 17 21 0 1 0 0 0 0 0 18 0 0 0 8 0 1 20 27 16 2 0 0 0 0 0 0 0 0 0 0 0 0 0 0 0 0 0 0 0 0 0 0 0 0 0 0 0 0 0 7 10 0 46 10 3 0 0 0 0 8 6 0 0 10 0 0 0 0 0 0 9 0 0 0 0 0 15 0 0 0 0 11 0 9 0 7 0 0 33 0 0 0 0 0 0 0 0 0 0 0 10 3 0 0 0 0 0 0 1 0 0 3 99 1 0 0 0 0 0 0 0 0 0 0 0 0 0 0 0 0 0 0 0 0 15 0 0 0 8 
 9 3 5 0 0 0 0 0 0 0 0 0 0 0 0 0 0 0 0 0 0 0 0 2 0 0 7 0 1 0 0 0 0 0 0 0 8 91 0 0 99 129 188 302 385 60 100 47 117 0 198 280 173 127 334 188 146 263 71 234 9 3 3 0 0 2 0 7 0 4 55 0 5 6 2 3 0 0 0 0 0 0 0 0 0 0 0 8 0 0 0 0 0 0 0 0 0 0 0 0 0 0 0 0 0 4 0 0 0 0 0 0 0 0 0 0 16 0 0 2 2 24 2 25 5 13 0 1 0 32 19 42 0 27 20 39 0 9 10 0 31 21 0 3 0 0 0 6 0 0 0 0 3 0 6 0 9 5 8 9 0 0 0 0 0 0 0 6 0 0 2 0 0 0 0 0 0 1 1 4 0 0 0 0 0 0 0 0 0 0 0 0 0 0 0 0 0 0 0 0 18 13 3 20 16 17 0 19 27 31 0 19 2 14 0 1 24 33 6 0 1 0 0 15 0 0 7 1 0 0 0 0 0 2 14 0 0 7 15 6 0 0 0 0 0 0 0 0 0 0 0 8 0 2 0 0 0 0 0 3 0 1 0 2 68 9 0 0 0 0 9 0 0 0 0 0 0 0 0 0 0 1 0 0 0 7 0 19 1 0 
 0 3 0 0 0 0 0 0 0 0 0 0 2 0 0 1 0 0 0 0 0 0 1 0 3 61 6 0 0 0 0 0 0 2 0 0 0 0 0 0 101 82 343 64 212 113 100 45 113 198 0 56 130 94 77 82 126 233 57 70 2 3 6 0 0 0 1 4 0 6 0 0 0 0 1 0 0 1 11 1 0 0 0 0 0 0 0 0 0 0 0 0 0 0 0 0 0 0 0 0 11 0 0 0 0 0 0 0 0 0 0 0 0 0 8 0 0 0 0 0 0 33 11 10 0 20 8 6 18 0 10 12 0 1 29 16 10 17 55 0 12 0 0 0 0 0 1 0 0 0 0 0 24 0 10 0 0 0 0 7 0 0 0 0 0 0 0 0 0 0 2 0 0 0 0 0 0 0 0 40 0 0 0 0 0 6 0 0 0 0 0 0 0 0 0 0 0 0 0 0 10 0 0 13 21 0 0 0 30 0 10 5 5 0 10 6 3 17 0 0 0 0 0 0 0 0 0 0 0 11 0 13 0 1 8 13 0 0 31 1 0 0 0 0 0 0 0 0 0 0 0 10 0 2 0 0 0 0 9 2 0 0 37 0 0 28 5 0 0 0 0 0 0 0 0 0 0 0 0 0 0 2 0 0 10 8 0 0 1 0 
 7 2 2 1 1 0 3 2 0 0 7 1 1 0 5 2 2 2 0 2 2 1 0 1 1 9 3 2 27 0 1 2 2 5 60 1 1 4 27 0 38 41 53 52 64 365 27 33 41 280 56 0 31 36 262 55 101 361 63 40 0 0 0 0 76 0 53 0 1 0 0 0 49 0 1 0 50 3 26 73 0 0 0 0 0 0 0 0 0 0 0 0 0 0 0 0 0 0 0 0 0 0 0 0 0 0 0 0 0 0 0 0 0 0 0 0 0 0 0 0 5 0 1 15 11 0 0 0 15 0 36 0 0 9 0 2 6 9 0 0 11 1 0 4 0 0 10 37 0 18 0 0 0 10 18 10 7 0 12 17 3 0 0 0 0 0 0 5 0 0 2 1 0 0 0 0 0 0 0 0 0 0 0 0 0 0 0 0 0 0 0 0 0 0 0 0 0 0 0 0 3 3 0 3 0 6 0 0 0 0 10 2 0 0 0 0 6 44 4 3 20 16 2 0 0 0 0 0 0 0 0 23 44 19 38 0 0 0 0 9 0 0 0 0 0 0 1 0 0 0 0 9 0 2 0 0 0 2 1 1 0 13 2 65 2 2 0 46 0 0 0 0 0 0 0 0 0 0 0 0 0 0 0 0 0 0 0 0 1 0 
 0 0 0 0 0 0 3 0 0 0 0 0 0 0 0 0 0 0 0 0 0 0 3 0 65 0 0 0 0 0 0 0 0 0 0 0 0 0 0 0 51 104 262 229 134 40 268 149 86 173 130 31 0 198 144 102 102 26 175 130 0 3 2 0 0 6 4 2 0 0 51 5 6 11 0 1 0 0 0 8 0 0 0 0 0 0 0 0 0 0 0 0 0 0 0 0 0 0 0 0 0 0 0 0 2 0 0 0 0 0 0 0 0 0 0 0 0 0 0 0 13 26 19 19 0 0 20 42 33 9 9 8 10 19 0 15 0 27 39 23 0 1 0 0 0 0 25 1 0 0 0 0 1 0 1 0 32 0 0 0 0 0 0 0 0 0 0 0 0 12 1 0 0 0 0 0 0 0 4 5 0 0 0 0 0 0 0 0 0 0 0 0 0 0 0 0 0 0 0 0 0 17 35 0 29 11 0 12 20 27 2 5 7 32 0 19 37 20 4 0 0 0 2 0 0 0 1 1 0 0 0 0 1 0 7 0 0 0 29 0 0 0 17 0 0 0 0 0 0 0 0 11 0 1 0 0 0 65 0 0 0 0 2 0 37 0 0 0 12 0 0 0 0 0 0 0 0 0 0 0 0 2 4 0 11 0 0 2 1 0 
 0 2 0 0 0 3 0 0 0 0 0 0 0 0 0 0 0 0 0 0 2 2 2 2 2 64 6 2 2 2 5 2 0 204 2 2 2 2 2 2 83 512 60 106 141 47 200 437 67 127 94 36 198 0 237 62 104 37 146 183 0 0 4 0 0 0 0 7 0 11 0 4 0 0 1 0 0 0 0 0 0 0 0 0 0 0 0 0 0 0 0 0 0 0 0 0 0 0 0 0 0 0 0 0 0 0 0 0 0 0 1 0 0 0 0 0 0 0 0 0 0 23 37 17 18 18 15 13 3 12 23 22 17 0 1 9 4 9 10 8 32 0 2 0 0 0 1 0 0 0 0 0 0 0 0 0 0 0 0 1 0 0 0 1 0 0 0 0 0 0 1 0 0 0 0 0 0 25 9 0 0 0 0 0 0 0 0 0 0 0 0 0 0 0 0 0 0 0 0 0 8 2 35 9 4 11 0 4 10 29 1 10 7 12 13 32 34 25 11 0 0 0 0 0 0 0 0 0 0 0 7 0 0 0 0 0 0 0 0 0 0 0 0 0 0 79 0 0 0 0 0 26 0 1 0 0 0 0 0 20 0 0 2 0 4 0 2 0 0 0 12 0 0 0 0 0 0 0 0 0 0 0 0 0 7 1 0 0 2 0 
 2 0 0 0 0 3 0 0 0 0 0 0 0 0 0 1 0 0 0 0 0 0 0 0 4 125 0 0 3 69 92 3 0 0 0 4 9 7 0 0 205 181 285 65 85 60 229 249 68 334 77 262 144 237 0 50 273 22 103 197 0 9 0 0 0 0 0 0 0 0 0 0 0 0 2 0 1 0 0 0 0 0 0 0 0 0 8 0 0 0 0 0 0 0 0 0 0 10 0 0 0 0 0 21 16 0 0 0 0 11 0 8 0 0 0 0 4 0 0 0 0 10 16 10 0 0 51 15 11 2 0 0 22 0 23 6 14 7 0 37 1 2 19 0 0 0 0 0 0 0 0 0 0 0 0 0 0 0 0 0 0 0 1 0 0 0 0 0 0 0 2 0 0 0 0 0 0 0 3 0 0 3 0 0 15 0 0 0 0 0 13 0 0 0 5 0 0 0 0 0 23 0 22 0 1 0 5 41 0 1 0 21 15 17 0 1 13 4 16 7 0 0 0 0 0 0 0 0 0 0 6 0 0 0 0 0 0 0 0 0 0 0 0 0 0 0 0 0 0 0 0 6 0 0 0 0 0 62 2 10 0 0 0 0 1 10 2 0 0 0 1 0 0 0 0 0 0 0 0 0 0 3 0 0 0 15 0 0 0 0 
 2 0 28 1 63 2 0 0 62 0 1 1 0 0 63 0 60 76 0 0 0 62 0 0 0 3 0 0 2 0 0 0 62 3 0 0 0 0 2 1 104 278 182 73 72 70 33 44 69 188 82 55 102 62 50 0 209 114 29 358 0 0 0 0 0 3 52 0 0 0 0 17 0 0 2 0 0 0 33 66 0 0 0 0 8 8 0 0 0 4 0 1 0 0 4 0 9 0 0 0 0 1 0 0 0 20 0 0 0 0 0 0 0 0 0 0 0 0 10 20 26 0 21 0 9 0 0 10 13 47 12 6 0 26 1 0 5 33 25 11 3 0 0 0 0 0 0 10 0 0 0 0 0 8 22 0 0 0 5 0 0 0 0 0 0 1 0 0 0 0 0 0 13 8 0 0 1 0 0 0 0 1 0 0 0 0 0 1 0 0 0 0 0 1 0 0 0 0 2 8 14 23 9 6 43 28 0 26 19 12 0 0 9 9 2 0 24 17 36 4 0 0 14 0 0 0 0 0 0 0 0 0 10 0 0 0 0 0 2 34 0 0 8 0 0 0 0 0 0 1 0 18 0 1 0 0 0 0 0 1 0 0 0 0 2 2 0 0 0 0 9 0 0 0 0 0 0 0 0 0 0 3 0 0 0 0 0 0 2 0 
 0 4 0 2 0 0 0 0 0 0 0 0 0 0 0 0 0 0 0 0 0 0 0 0 3 0 1 0 24 0 0 0 0 0 0 0 0 0 0 0 233 43 173 133 267 81 52 55 63 146 126 101 102 104 273 209 0 198 45 111 0 3 6 0 7 15 0 0 0 0 0 0 6 13 0 0 0 0 47 6 0 0 0 0 0 0 0 0 0 0 0 0 0 0 0 0 0 0 0 0 0 0 0 0 0 10 0 0 0 0 1 0 0 0 0 0 0 0 0 0 35 10 11 10 11 19 0 24 11 6 0 35 0 36 8 19 12 19 37 10 0 0 0 20 7 3 6 0 27 0 0 0 39 0 0 0 0 0 0 9 0 0 0 0 0 0 0 0 0 0 2 0 0 0 0 0 0 0 0 1 0 0 0 0 0 0 0 0 0 0 0 0 0 0 0 0 0 0 0 0 0 45 19 0 2 27 0 11 32 38 22 15 26 38 2 4 31 16 27 0 23 0 0 0 0 0 0 0 0 0 0 6 1 0 0 0 0 0 11 14 0 0 16 0 0 0 0 0 0 0 0 17 0 0 0 0 0 0 0 0 0 0 1 0 61 20 0 0 0 0 0 0 0 0 0 0 0 0 0 0 0 0 0 0 20 15 0 7 0 0 
 0 0 0 0 0 0 0 0 0 8 0 0 0 0 0 2 0 2 0 0 0 4 4 35 0 0 3 3 0 0 3 0 1 6 3 0 0 0 0 0 73 318 93 63 165 92 394 243 56 263 233 361 26 37 22 114 198 0 37 163 0 0 8 0 0 0 0 6 0 6 0 0 0 0 1 6 0 0 101 1 0 0 0 0 0 0 0 0 0 0 0 0 0 0 0 0 0 0 0 0 3 0 5 4 0 28 3 0 0 5 1 4 1 0 0 3 0 6 0 0 0 0 13 0 21 14 0 0 16 14 9 4 3 9 5 2 36 16 11 4 34 0 0 0 0 0 0 7 0 0 0 0 13 0 5 0 0 0 0 2 0 0 0 0 0 0 0 0 0 0 1 0 1 0 2 0 0 0 0 23 3 1 1 0 0 0 0 0 1 2 3 6 0 0 0 0 3 3 0 3 13 0 0 0 18 20 0 14 67 7 27 19 12 3 22 0 22 45 19 0 21 0 0 0 0 0 0 0 0 0 0 0 44 0 0 18 0 0 54 25 0 0 0 0 0 0 0 0 0 1 0 3 0 1 6 0 0 0 0 3 0 1 0 2 0 38 0 0 0 0 10 0 0 0 0 0 0 0 0 0 0 3 0 0 21 2 0 0 2 0 
 3 6 3 3 3 3 3 3 66 3 3 3 3 3 3 3 3 3 3 76 0 64 127 57 76 0 0 0 2 125 0 22 0 0 32 61 28 124 0 0 60 92 59 293 61 73 117 163 84 71 57 63 175 146 103 29 45 37 0 272 0 0 28 0 0 9 0 0 0 0 0 0 0 0 2 0 0 0 0 0 0 0 0 0 0 0 0 0 0 0 0 0 0 0 0 0 0 0 0 0 0 0 10 6 3 35 0 0 0 0 0 0 0 0 0 0 27 10 0 0 0 0 0 0 0 0 9 0 0 0 0 0 48 16 0 0 0 0 10 14 0 1 0 6 0 3 0 0 0 0 0 0 0 0 0 0 0 0 0 0 0 0 0 6 5 0 0 0 0 0 0 0 0 0 0 0 0 0 0 0 0 0 12 10 12 16 0 0 16 0 62 12 0 0 0 0 13 0 0 0 10 0 10 0 0 0 20 0 0 0 0 0 0 0 11 0 0 0 4 0 0 0 0 0 3 0 0 0 0 0 0 6 0 0 0 0 0 0 0 0 0 7 0 0 0 0 0 0 0 0 0 13 0 2 0 0 0 131 0 0 0 1 0 0 1 0 2 0 2 0 0 0 0 0 0 0 0 0 0 0 0 1 0 0 0 10 9 0 0 0 
 2 2 4 65 2 2 2 65 2 2 2 2 2 2 2 2 2 2 2 2 0 3 0 0 7 2 0 205 3 52 63 99 0 3 0 0 0 0 63 0 104 344 38 48 66 64 172 110 53 234 70 40 130 183 197 358 111 163 272 0 0 0 0 0 0 0 0 0 1 0 0 0 0 0 0 12 0 0 0 0 0 0 0 0 0 0 0 0 0 0 0 0 0 0 0 0 0 0 0 0 0 0 0 24 0 38 0 0 0 0 0 5 0 0 0 0 0 0 0 0 0 39 0 23 0 0 17 0 0 15 0 14 14 5 30 20 16 8 4 0 6 0 0 0 0 0 1 0 0 0 0 0 7 0 0 0 0 0 0 6 0 0 0 0 0 0 0 0 0 0 2 0 0 0 0 0 0 0 0 5 0 0 0 0 0 5 0 0 0 0 15 0 0 0 0 0 0 0 0 0 22 4 26 0 23 83 0 0 79 39 0 0 9 59 3 20 48 24 19 5 0 0 0 0 0 0 0 0 0 0 0 0 0 0 0 0 0 0 39 0 0 0 0 0 0 0 0 0 0 27 0 7 0 0 0 0 0 0 13 2 0 0 3 0 37 25 0 0 2 0 55 0 0 0 0 0 0 0 0 0 0 0 0 0 7 0 0 2 2 9 
 0 0 0 0 0 0 0 0 0 0 1 51 0 0 0 0 1 0 0 2 0 0 0 0 0 0 0 0 0 84 51 0 61 0 0 0 0 0 0 0 0 0 2 0 0 0 2 0 0 9 2 0 0 0 0 0 0 0 0 0 0 99 110 60 32 252 79 168 97 44 248 110 161 120 148 108 101 35 48 96 0 0 0 0 0 0 0 0 16 0 0 0 0 0 0 0 0 6 0 0 0 0 0 0 0 0 0 0 0 0 0 0 0 0 0 0 0 0 0 0 0 0 4 0 26 0 0 0 0 7 0 0 2 0 0 0 0 0 0 0 0 10 15 1 20 0 0 10 32 0 0 0 21 0 18 5 2 27 7 0 0 0 0 0 0 0 0 0 0 0 2 0 0 0 0 0 0 0 0 0 0 0 0 0 0 0 0 0 0 0 0 0 0 0 0 0 0 0 0 0 0 0 0 0 0 5 0 0 0 0 0 0 0 0 0 0 0 0 0 0 2 3 8 24 0 12 7 37 24 9 25 27 3 0 7 8 38 6 15 6 0 0 0 0 0 0 0 0 0 0 0 0 0 0 2 0 0 0 0 0 0 0 9 0 0 0 0 0 0 0 17 0 53 2 0 0 0 0 0 0 0 0 0 0 4 1 0 0 0 0 
