 0 160 211 140 20 29 236 115 168 196 262 18 432 127 168 109 192 216 66 24 5 0 0 0 0 3 3 5 2 0 0 2 0 0 1 3 1 3 109 3 0 0 0 0 0 3 0 3 7 0 0 0 0 1 3 0 52 0 0 3 1 0 3 1 0 3 3 0 0 0 0 0 0 0 0 0 0 0 0 0 0 16 1 19 23 1 0 29 9 12 2 20 9 12 23 21 25 3 0 0 0 0 0 0 0 0 0 0 0 0 0 0 19 0 0 0 0 0 24 1 0 0 5 0 0 0 0 0 0 0 0 0 0 0 0 0 0 0 0 0 0 0 10 1 0 0 0 0 0 0 0 0 0 0 0 0 0 0 0 0 1 0 30 0 16 17 4 0 7 0 22 17 1 14 30 24 33 0 30 0 0 0 0 0 0 0 8 0 0 0 0 0 12 0 9 0 0 0 0 14 0 2 0 0 0 2 0 0 1 0 0 0 0 0 0 0 0 0 0 0 0 0 0 0 0 0 0 0 0 0 0 0 0 0 0 0 0 0 0 0 0 13 0 0 0 0 90 0 2 89 0 7 0 0 0 0 0 0 0 0 0 0 0 0 0 0 0 0 0 0 0 0 0 0 0 20 1 12 0 0 0 0 0 0 0 0 0 0 0 0 
 160 0 126 243 41 104 296 156 56 45 55 31 554 151 122 207 238 120 123 147 3 1 0 0 74 3 2 0 2 0 0 2 0 0 2 3 3 3 35 3 0 0 0 0 0 0 0 3 0 0 0 0 0 2 3 0 1 0 0 3 0 0 3 0 0 3 1 0 0 0 2 0 0 0 0 0 0 0 0 3 30 24 3 0 9 17 21 37 6 30 24 10 12 39 0 2 8 1 10 21 0 0 0 0 2 0 0 0 0 0 0 0 14 9 0 0 0 0 8 35 0 0 10 0 0 0 0 1 0 0 0 0 0 0 0 0 0 2 0 0 0 0 0 0 0 0 0 1 0 0 0 0 0 0 0 0 0 0 1 0 0 0 10 20 14 6 0 0 24 31 1 26 0 33 2 0 18 32 11 21 0 0 1 0 0 0 6 0 0 0 0 0 0 0 0 0 0 0 22 3 0 0 0 0 0 0 1 0 0 0 0 0 0 0 1 0 0 0 0 0 0 0 0 0 0 0 0 0 0 0 0 0 0 0 0 0 0 0 0 0 0 0 0 0 0 0 46 0 0 0 0 20 0 0 0 0 0 0 0 0 0 0 0 0 0 0 4 0 0 0 0 0 0 0 0 0 8 0 0 0 0 0 0 0 8 0 0 0 0 0 
 211 126 0 520 38 34 59 135 138 509 140 38 158 229 147 54 187 220 23 54 4 3 0 3 0 10 5 1 2 0 0 4 85 5 2 6 4 4 36 4 3 0 2 0 2 6 0 3 0 0 3 0 3 5 3 3 4 1 3 3 0 3 3 2 1 3 0 0 0 0 7 5 2 0 4 5 8 0 6 2 0 27 0 22 62 2 0 0 24 0 33 35 9 11 36 31 42 10 0 15 9 0 2 2 0 0 14 0 18 0 0 0 38 1 13 0 1 1 24 19 1 0 1 0 0 0 0 0 0 0 0 2 0 0 0 0 0 0 0 0 0 0 20 0 0 0 0 0 0 0 0 0 0 0 17 0 0 0 0 0 18 26 0 7 17 23 0 0 20 14 14 0 0 0 15 12 26 0 6 0 15 1 0 0 0 0 6 10 0 0 0 0 26 7 24 0 18 0 21 81 0 0 0 0 0 0 0 0 0 0 2 0 1 0 0 0 0 0 0 0 0 0 0 0 2 0 0 0 0 0 0 0 0 0 2 0 0 0 0 0 0 0 0 0 0 2 41 2 106 0 9 13 0 1 0 0 0 0 0 0 2 0 0 0 0 0 0 0 0 0 0 0 0 0 0 50 0 8 0 0 0 0 0 0 0 0 0 0 0 0 
 140 243 520 0 159 71 395 71 253 204 671 51 131 310 338 153 98 376 99 81 8 1 0 0 0 3 2 2 2 0 0 2 75 0 2 3 3 3 3 3 0 0 0 0 0 2 0 0 0 0 0 0 2 0 3 0 0 0 0 3 0 0 31 0 0 3 1 0 0 0 0 0 0 0 0 0 0 0 0 0 0 11 0 58 66 0 12 15 0 12 14 48 1 21 24 8 30 21 0 2 0 0 0 0 1 0 9 0 11 0 0 0 30 0 0 0 0 3 28 0 0 0 0 0 0 0 0 0 0 0 0 0 0 0 0 0 0 1 0 0 0 0 6 0 0 0 0 2 0 0 0 0 0 0 0 0 0 0 2 0 18 21 10 0 4 24 0 1 20 48 30 8 0 0 37 39 26 0 23 0 10 1 2 0 0 0 22 6 0 0 0 0 30 6 0 0 17 0 25 50 0 0 0 0 0 0 2 0 0 0 0 0 0 0 2 0 0 16 0 0 0 0 0 0 0 1 0 0 1 0 0 0 0 0 0 0 0 0 0 0 0 25 0 0 0 0 2 2 93 1 4 12 0 0 0 0 0 0 0 0 0 0 1 0 0 0 7 0 0 0 0 0 0 1 0 2 0 14 0 0 0 0 0 0 0 0 0 0 0 0 
 20 41 38 159 0 259 44 131 76 121 192 438 74 66 103 159 67 54 99 97 282 128 75 0 1 3 286 149 2 0 0 2 68 3 185 93 196 3 221 78 0 0 0 0 0 0 0 3 0 0 1 1 0 0 3 0 2 0 0 3 0 0 3 0 0 3 0 0 0 0 2 0 0 0 2 4 4 0 0 50 0 0 14 0 0 26 2 0 0 0 0 0 2 0 0 0 0 0 0 1 19 23 29 15 1 0 6 16 0 15 7 0 32 29 15 34 0 13 14 49 0 0 0 0 0 0 0 0 0 0 0 0 0 0 0 0 0 2 0 0 0 0 0 0 0 0 0 1 0 0 3 0 0 0 0 0 0 0 1 0 0 0 0 15 0 4 0 0 0 0 1 10 0 0 2 0 0 0 0 3 19 40 21 0 0 0 15 33 13 22 14 0 21 32 0 0 82 31 19 27 0 0 0 0 0 0 1 0 0 0 0 0 0 0 0 0 0 0 0 0 0 0 0 0 0 2 0 0 0 0 0 0 0 0 0 0 10 0 0 0 0 0 0 0 0 2 0 0 3 108 0 15 27 1 0 0 0 0 0 0 7 0 0 51 0 0 0 0 0 0 0 0 0 2 0 0 0 0 0 1 0 0 0 0 0 19 0 0 0 0 
 29 104 34 71 259 0 34 37 47 59 296 260 40 40 62 68 377 42 57 36 77 158 73 0 0 12 104 309 2 75 3 4 74 3 26 81 113 5 3 91 3 63 8 0 0 5 0 6 0 0 1 2 2 0 3 0 2 0 0 3 1 3 3 1 0 6 2 0 1 0 2 0 0 0 0 0 0 0 0 4 0 1 0 0 0 45 0 0 0 0 0 0 0 0 0 1 0 11 0 0 40 43 27 26 0 0 5 1 14 10 8 0 0 13 0 5 12 0 0 36 0 0 0 0 0 0 0 0 0 0 0 0 0 0 0 0 0 0 0 0 0 0 21 0 0 0 0 0 0 0 0 0 0 0 0 0 0 0 0 0 0 0 0 19 36 0 12 0 0 0 0 16 0 0 0 0 0 0 0 0 17 71 9 7 0 0 3 33 9 20 0 9 0 18 0 0 13 15 0 12 0 0 0 0 0 0 0 0 0 0 0 0 0 0 0 0 0 0 0 0 0 0 0 0 0 0 0 0 0 0 0 0 0 0 0 0 0 0 0 0 0 11 0 0 0 0 0 0 4 0 1 8 0 0 0 0 1 1 0 0 10 0 0 0 0 0 0 0 0 0 0 0 0 0 0 0 0 0 0 0 0 0 0 0 0 18 0 0 0 0 
 236 296 59 395 44 34 0 112 36 101 156 26 178 85 71 53 52 117 210 233 3 2 0 0 0 5 2 2 5 0 3 2 1 0 3 3 2 3 1 4 0 3 0 3 0 0 4 5 0 0 1 0 0 1 6 0 3 3 0 3 0 0 3 0 0 39 8 0 38 2 2 0 0 0 0 1 0 0 0 3 18 34 11 25 18 0 60 39 12 10 0 11 0 17 12 16 1 25 11 8 0 0 0 0 0 0 0 0 0 0 0 0 0 2 0 0 0 0 7 0 0 2 0 0 0 0 0 0 2 0 0 0 0 0 0 0 0 0 0 0 0 0 0 0 0 0 0 0 0 0 0 7 0 0 2 0 0 0 0 0 24 0 9 0 21 2 0 13 0 28 17 1 8 12 18 30 0 8 36 82 0 0 0 1 0 0 11 0 0 0 0 0 0 0 0 0 0 0 0 1 0 0 2 0 0 0 0 0 0 0 0 1 0 0 0 0 0 0 0 0 0 0 0 3 0 0 0 0 0 0 0 0 0 2 0 0 0 0 0 0 0 15 0 0 0 2 2 0 1 0 1 2 0 0 0 0 0 1 0 2 0 2 0 0 0 0 0 0 0 0 0 0 0 0 0 10 0 0 0 0 0 0 0 0 0 0 0 0 0 0 
 115 156 135 71 131 37 112 0 159 216 132 39 179 413 165 45 124 129 79 64 3 0 0 2 0 3 3 0 33 0 0 2 2 0 3 3 1 3 38 4 0 0 0 0 0 3 0 3 0 0 0 0 0 8 3 0 1 0 0 3 2 0 3 1 0 3 0 0 0 0 0 3 0 0 6 0 0 49 0 0 11 41 0 1 20 0 43 44 57 22 18 2 34 11 7 37 58 35 0 10 0 0 0 0 0 0 30 0 0 0 0 0 21 0 0 1 0 0 11 14 0 0 0 0 0 1 0 0 0 0 0 0 0 0 0 0 0 0 0 0 0 1 0 0 1 0 0 12 0 0 0 0 0 0 0 0 0 0 0 0 42 23 26 13 17 17 0 28 26 27 18 2 0 27 14 4 14 15 16 11 0 0 0 0 0 0 6 0 0 0 0 0 0 0 19 0 0 0 14 0 0 0 0 0 0 0 0 0 0 0 0 0 0 0 0 1 0 0 0 0 0 0 0 0 0 0 0 0 0 0 0 0 0 0 0 0 0 0 0 0 0 0 0 0 0 0 64 0 0 110 0 7 0 0 0 0 0 0 0 0 0 0 0 0 0 0 0 0 0 0 0 0 0 0 0 0 7 0 0 0 0 0 0 0 0 0 0 0 0 0 
 168 56 138 253 76 47 36 159 0 354 87 36 188 193 106 352 295 216 119 137 26 2 0 0 0 4 3 0 7 0 2 3 0 81 0 3 1 3 0 65 0 0 3 0 0 2 0 3 0 0 0 7 0 5 3 0 2 0 0 7 0 0 3 0 0 3 0 0 2 0 0 0 0 0 0 3 0 0 0 0 0 29 2 72 23 0 0 0 14 0 47 0 24 0 11 35 52 0 0 0 0 0 0 0 0 0 13 0 14 0 0 0 25 0 0 0 0 0 13 18 0 0 0 0 0 0 0 0 0 0 0 12 0 0 0 0 0 0 0 0 0 0 3 0 1 0 0 0 0 0 0 2 0 0 0 0 0 0 0 0 6 54 0 11 0 27 0 16 25 22 0 0 0 0 16 10 7 0 0 0 0 0 0 0 0 0 4 9 0 0 0 0 15 0 0 0 0 0 42 20 0 0 0 0 0 0 0 0 0 0 0 0 0 0 0 0 7 0 0 0 2 0 0 0 0 0 0 0 0 0 0 0 0 0 0 1 0 0 0 0 0 0 0 0 0 2 2 0 1 89 11 11 0 0 0 0 0 0 0 0 0 0 0 0 0 0 0 0 0 0 0 0 0 0 0 14 1 9 0 0 0 0 0 0 0 0 0 0 0 0 
 196 45 509 204 121 59 101 216 354 0 298 41 159 225 128 79 374 103 309 85 21 1 0 0 0 3 2 0 2 0 0 2 0 0 3 5 2 3 0 3 2 0 0 1 0 1 0 3 0 0 0 0 0 0 3 0 0 0 0 3 0 0 3 0 0 3 0 0 0 0 1 0 0 0 3 0 0 0 0 1 13 25 0 38 31 0 55 23 58 28 36 18 47 15 25 65 55 14 0 15 1 1 0 0 0 0 10 0 2 0 0 0 16 0 0 0 0 0 1 0 0 0 0 0 0 0 0 0 0 0 0 0 0 0 0 0 0 0 0 0 0 0 0 0 0 0 0 0 0 0 0 0 0 0 0 0 0 0 0 0 10 31 16 22 22 6 0 11 11 14 20 0 2 0 11 25 0 17 0 6 0 0 0 0 0 0 8 0 0 0 0 0 14 0 0 0 0 0 2 22 0 0 0 0 0 0 0 0 0 0 0 0 0 0 0 0 0 0 0 0 1 0 0 0 0 0 0 0 1 0 0 0 0 0 0 0 0 0 0 0 0 10 0 0 0 3 2 0 1 48 1 7 2 0 0 0 0 0 0 0 0 0 0 0 0 0 0 0 0 0 0 0 0 0 0 9 12 15 0 0 0 0 0 0 0 0 0 0 0 0 
 262 55 140 671 192 296 156 132 87 298 0 141 277 105 188 352 319 149 335 250 89 1 0 0 0 3 102 0 2 0 0 2 3 73 1 3 2 4 36 5 0 0 0 0 0 1 0 1 0 0 0 0 0 0 3 0 2 0 0 3 0 0 6 0 0 3 0 0 0 0 6 0 0 0 0 2 6 0 0 32 20 0 17 19 27 19 3 38 35 33 29 35 31 51 3 0 34 12 13 0 0 0 0 0 0 0 41 14 17 0 0 1 0 1 0 0 0 0 12 0 0 1 13 0 0 0 0 0 1 0 0 0 0 0 0 0 0 0 0 0 0 0 0 0 0 0 0 0 0 0 0 3 0 0 1 0 0 0 0 0 13 21 10 0 17 6 23 13 1 10 46 14 11 0 10 22 31 18 0 0 25 0 0 2 0 0 18 0 8 0 0 0 1 8 0 1 0 0 0 8 0 0 1 0 2 0 0 0 0 0 0 1 0 0 0 0 0 51 0 0 0 0 0 1 0 0 0 0 0 0 0 0 0 0 0 0 4 0 0 0 0 16 0 0 0 0 89 1 11 39 60 13 8 0 0 0 0 0 0 0 0 0 0 0 0 0 0 0 0 1 0 0 0 0 0 0 7 0 0 0 0 0 0 0 0 0 0 0 0 0 
 18 31 38 51 438 260 26 39 36 41 141 0 247 34 59 144 198 523 450 61 66 74 0 0 0 3 71 151 2 0 3 3 223 76 111 158 2 3 211 139 1 0 0 0 0 3 0 4 0 0 0 33 0 3 5 4 0 0 0 7 0 0 3 0 0 3 0 0 0 0 6 0 0 0 0 2 4 0 4 3 0 16 24 0 13 19 0 0 0 1 10 18 0 0 13 0 0 0 0 2 0 0 2 0 1 0 10 0 0 9 0 0 28 26 27 1 0 13 45 43 0 0 0 0 0 0 0 0 0 10 0 0 0 0 0 0 0 1 0 0 0 0 0 0 0 0 0 2 0 0 7 0 0 0 0 0 0 0 2 0 0 0 0 0 5 73 0 0 11 0 20 0 0 0 1 0 0 0 0 24 29 24 8 0 0 0 16 22 23 0 23 0 34 21 0 5 0 0 51 21 0 0 0 1 0 0 2 0 0 0 0 0 0 0 2 0 0 0 0 0 0 0 0 0 15 1 0 0 0 0 0 0 0 0 0 0 0 0 0 0 0 0 1 0 0 3 3 0 89 85 0 18 14 0 0 0 0 0 0 0 1 0 0 0 0 0 0 0 0 0 0 0 0 1 0 0 0 0 0 0 0 0 0 0 0 0 0 0 0 0 
 432 554 158 131 74 40 178 179 188 159 277 247 0 78 222 245 29 80 112 93 3 2 0 0 0 3 70 0 2 0 0 2 0 200 1 3 201 3 2 3 0 1 0 0 0 2 0 3 0 53 0 0 0 0 3 0 1 0 0 3 0 0 3 0 0 3 0 0 0 0 0 0 0 0 4 0 0 0 0 0 23 0 10 19 29 21 4 72 21 20 0 16 40 27 17 17 0 12 6 14 0 0 0 0 0 0 0 0 0 0 0 0 0 0 0 0 0 0 0 0 0 0 11 0 0 0 0 0 0 0 0 0 0 0 6 0 0 0 0 0 0 0 0 0 0 0 0 0 0 0 0 0 0 0 0 0 0 0 0 0 0 83 8 0 3 6 1 0 0 0 42 10 26 8 12 32 1 18 14 16 0 0 0 0 0 0 1 0 0 0 0 0 0 0 0 0 0 0 0 0 0 0 0 0 0 0 0 0 0 0 0 0 0 0 0 0 0 13 0 0 0 0 0 0 0 0 0 0 0 0 0 0 0 0 0 0 0 0 13 0 0 17 0 0 0 0 2 0 1 1 1 5 0 0 0 0 0 0 0 0 0 0 0 0 0 0 0 0 0 0 0 0 0 0 0 0 11 0 0 0 0 0 0 0 0 0 0 0 0 0 
 127 151 229 310 66 40 85 413 193 225 105 34 78 0 96 63 167 57 692 206 7 2 2 2 0 6 6 0 4 2 0 6 5 2 4 9 3 8 0 6 0 0 0 0 0 2 5 6 0 5 0 17 6 0 6 5 1 2 5 5 0 0 2 2 2 9 20 0 0 3 6 6 0 0 1 8 5 4 64 3 0 0 0 54 10 0 23 29 38 8 33 0 22 2 25 57 45 15 0 0 0 0 1 0 0 0 14 1 13 0 0 0 0 0 0 0 0 0 0 0 2 0 0 0 2 0 0 0 0 0 0 0 0 0 0 0 1 0 0 0 0 0 0 0 0 0 0 13 0 0 0 0 0 2 0 0 0 0 0 0 49 12 11 10 0 11 11 50 11 19 10 10 30 22 11 23 7 11 32 11 0 0 0 0 0 0 0 0 0 2 6 0 2 0 0 1 1 0 0 0 0 0 19 0 0 0 0 0 0 0 0 0 0 1 0 0 0 0 0 0 0 0 0 0 0 0 0 0 0 0 0 0 0 0 0 0 0 0 0 0 0 0 0 0 0 0 2 0 2 8 10 18 0 1 0 0 0 0 0 0 0 0 14 0 0 0 0 0 0 13 0 0 0 0 0 0 0 0 0 0 0 0 0 0 0 0 0 0 0 0 
 168 122 147 338 103 62 71 165 106 128 188 59 222 96 0 165 259 165 95 208 3 3 1 0 0 3 43 0 2 3 0 2 0 0 1 5 2 3 0 43 63 0 1 0 0 1 7 3 3 0 0 0 0 0 3 0 5 0 0 5 3 0 3 0 0 9 7 0 3 3 0 2 0 0 2 0 0 0 0 0 1 24 13 12 23 0 40 1 32 18 0 0 6 1 33 32 17 43 5 0 0 0 2 0 0 0 0 0 0 0 0 0 1 0 0 0 0 0 13 0 0 0 0 0 0 0 0 13 0 0 0 1 0 0 0 0 0 0 0 0 0 0 5 0 0 0 0 0 0 0 0 0 0 0 0 0 0 0 0 0 17 18 23 14 0 16 18 0 11 0 10 11 8 0 38 32 18 14 20 0 0 0 0 0 0 0 0 0 0 0 0 0 0 0 0 0 0 0 0 9 0 0 0 0 0 0 0 0 0 0 0 0 0 0 0 0 0 13 0 0 0 0 0 0 0 0 0 0 0 0 0 0 0 0 0 0 0 0 5 0 0 1 0 0 0 4 94 0 3 0 0 2 0 0 0 0 0 0 0 0 0 0 16 0 0 0 0 0 0 0 0 2 0 0 0 0 7 0 0 0 0 0 0 0 0 0 0 0 0 0 
 109 207 54 153 159 68 53 45 352 79 352 144 245 63 165 0 117 57 68 92 77 1 0 1 0 5 93 0 10 0 0 3 74 77 3 3 2 3 21 64 0 0 0 0 0 1 0 5 0 0 0 0 0 0 3 0 1 0 0 3 0 0 4 0 0 3 0 27 0 0 2 1 5 0 0 0 1 0 0 2 7 0 20 35 44 19 10 16 0 16 15 45 15 20 16 0 0 4 8 0 0 0 0 0 0 0 21 0 0 0 0 0 11 27 11 0 0 0 66 25 0 0 8 0 0 0 1 0 0 0 0 0 0 0 0 0 0 0 0 0 0 0 0 0 0 0 0 0 0 0 0 0 0 0 0 0 0 0 0 0 1 10 9 19 1 14 2 1 15 0 24 10 7 0 1 6 11 8 0 0 10 1 0 0 0 0 0 0 0 0 0 0 38 8 0 5 0 0 24 20 0 0 0 0 0 0 0 0 0 0 0 0 0 0 0 0 0 9 0 0 1 0 1 0 0 0 0 0 0 0 0 0 0 0 0 0 0 0 0 0 0 1 0 0 0 0 2 0 87 3 0 16 3 0 2 0 0 0 0 0 0 0 27 0 0 0 0 0 0 0 0 0 0 0 0 0 6 0 0 0 0 0 0 0 0 0 0 0 0 0 
 192 238 187 98 67 377 52 124 295 374 319 198 29 167 259 117 0 214 38 30 3 2 0 0 0 3 2 0 2 2 0 2 74 0 2 3 2 3 80 81 0 63 0 0 0 2 0 3 0 0 0 0 0 8 3 0 2 0 0 3 0 0 3 0 3 3 10 0 0 2 0 0 0 0 0 0 0 0 0 2 0 33 24 54 12 19 0 19 0 12 48 23 9 18 10 2 33 12 0 9 27 24 0 0 0 0 19 0 15 0 2 0 12 0 1 0 0 0 19 19 0 0 0 0 0 0 0 0 0 0 0 0 0 0 0 0 0 0 0 0 0 0 0 2 0 0 0 0 0 0 0 0 0 0 0 0 0 0 0 0 0 26 10 10 9 7 0 24 14 27 0 0 0 0 6 14 44 7 1 0 8 0 0 0 0 0 9 0 0 0 0 0 0 0 0 0 0 0 21 18 0 1 0 0 0 0 0 0 0 2 0 20 0 0 0 0 0 0 0 0 0 9 0 0 0 0 0 0 0 0 0 0 0 0 0 0 0 0 0 0 0 0 0 0 0 0 88 0 86 2 64 6 0 0 0 0 0 0 0 0 0 0 0 0 0 0 0 0 0 0 0 0 0 0 0 33 13 1 0 0 0 0 0 0 0 0 0 0 0 0 
 216 120 220 376 54 42 117 129 216 103 149 523 80 57 165 57 214 0 51 34 3 0 0 0 0 80 3 0 2 0 0 2 2 0 1 3 1 4 0 3 0 0 0 0 0 2 0 0 0 0 0 0 0 0 3 0 0 0 0 3 0 0 3 0 0 53 1 0 0 0 0 0 0 0 1 0 0 0 0 0 15 10 9 23 0 15 7 14 21 9 10 0 9 41 30 62 20 18 0 18 28 5 0 0 0 1 0 0 0 0 1 0 14 0 0 1 0 0 0 0 0 0 0 0 0 0 0 0 0 0 0 6 0 0 0 0 0 0 0 0 0 0 2 0 1 0 0 0 0 5 0 0 0 0 0 0 0 0 0 0 17 10 0 7 29 8 0 0 1 0 10 11 5 0 32 39 0 3 26 1 0 0 0 0 0 0 0 2 0 0 0 0 14 0 0 0 0 0 0 14 0 0 0 0 0 0 0 0 0 0 10 0 1 0 0 0 0 0 0 0 0 0 0 0 0 0 0 0 0 0 0 0 0 0 0 0 0 0 1 0 0 0 0 0 0 0 0 0 2 2 0 5 2 0 0 0 0 0 0 0 0 0 0 0 0 0 0 0 0 0 0 0 0 0 0 25 8 18 0 0 0 0 0 0 0 0 0 0 0 0 
 66 123 23 99 99 57 210 79 119 309 335 450 112 692 95 68 38 51 0 323 3 1 0 0 0 3 76 2 2 0 6 2 0 0 1 3 2 3 0 3 0 0 0 0 0 1 0 3 0 0 0 0 0 3 3 0 6 0 0 3 0 0 3 34 2 3 0 40 0 0 1 0 0 0 4 0 0 0 0 2 34 0 11 0 0 28 21 86 0 18 0 2 14 19 13 3 0 1 10 0 0 0 1 1 0 0 0 0 1 0 0 0 0 0 0 0 2 2 0 0 2 0 2 0 0 0 0 0 0 0 0 0 0 0 0 0 0 0 0 11 0 0 0 0 0 0 0 10 0 0 0 0 10 0 0 0 0 0 0 0 29 0 10 0 0 7 21 25 0 0 1 0 7 21 0 1 3 10 0 9 0 2 0 0 0 0 0 0 0 0 0 0 0 0 0 0 0 0 0 0 0 0 0 2 0 1 0 0 0 0 1 0 2 0 0 0 0 0 0 0 0 0 0 0 1 0 0 0 0 0 0 0 0 21 1 0 0 0 0 0 0 0 0 0 0 0 2 2 1 0 0 9 0 2 0 0 0 0 0 1 0 0 0 0 0 0 0 0 0 0 0 0 0 0 0 0 43 0 0 0 0 0 0 0 0 0 0 0 0 0 
 24 147 54 81 97 36 233 64 137 85 250 61 93 206 208 92 30 34 323 0 6 1 2 0 0 5 4 0 2 0 0 4 3 0 1 3 2 3 0 3 0 0 2 0 0 0 0 2 0 0 2 0 0 2 3 66 1 0 3 3 0 0 3 42 2 4 0 0 0 0 3 2 2 26 0 0 0 0 0 3 24 11 0 0 0 0 45 1 11 18 1 11 40 0 9 17 10 18 23 0 0 0 1 0 0 0 15 1 0 0 0 1 0 0 0 0 0 0 0 0 0 0 15 0 2 0 0 0 0 0 0 0 0 0 0 0 1 0 0 0 0 0 0 0 0 0 0 0 0 0 0 0 0 2 0 0 0 0 0 0 27 2 30 13 0 0 13 28 13 20 19 10 42 19 0 14 0 33 1 0 0 0 0 0 0 0 0 0 0 2 0 0 2 0 0 0 1 0 0 0 0 0 0 0 0 0 0 0 0 0 0 0 0 1 0 0 0 0 0 0 0 0 0 0 0 0 0 0 0 0 0 0 0 0 0 0 0 0 0 0 0 0 0 0 0 0 1 0 1 0 2 11 0 0 0 0 0 0 0 0 0 0 0 0 0 0 0 0 0 0 0 0 0 0 0 0 7 0 0 0 0 0 0 0 0 0 0 0 0 0 
 5 3 4 8 282 77 3 3 26 21 89 66 3 7 3 77 3 3 3 6 0 186 130 63 95 48 189 250 38 251 100 106 198 426 227 175 310 39 133 361 4 2 2 2 2 0 0 0 0 0 5 8 4 2 0 0 4 4 2 3 0 3 0 3 1 5 0 3 0 4 3 1 2 0 3 0 10 0 3 1 0 0 12 0 0 29 0 0 0 0 0 0 0 0 0 0 0 0 0 0 0 15 16 1 0 0 17 7 0 10 0 0 24 13 1 22 15 33 26 19 0 0 0 0 0 0 0 0 0 10 0 0 0 0 0 0 0 0 0 0 0 2 0 0 0 2 0 0 0 0 9 14 0 0 0 0 0 0 2 0 0 0 0 6 2 7 0 0 0 0 0 11 0 0 0 0 0 0 0 0 36 30 15 0 0 0 34 19 32 10 14 0 15 21 0 2 45 15 46 10 0 0 0 0 0 0 0 0 0 0 0 1 0 1 0 0 0 0 11 0 0 0 0 0 0 0 0 0 0 0 1 0 0 0 0 0 0 0 0 2 0 0 0 0 0 0 1 0 0 75 0 0 12 0 14 0 0 0 0 3 28 2 0 0 0 0 0 0 0 0 0 2 0 0 0 0 0 0 0 11 0 0 0 0 0 0 0 0 0 0 
 0 1 3 1 128 158 2 0 2 1 1 74 2 2 3 1 2 0 1 1 186 0 92 79 112 263 404 178 262 419 47 74 72 101 187 79 549 124 122 173 0 0 0 0 0 0 0 0 0 0 4 0 2 63 0 0 4 0 0 2 2 0 0 3 0 0 0 3 0 3 3 1 0 0 0 0 3 2 0 2 0 0 0 0 1 16 2 2 0 0 0 0 0 0 0 0 0 0 0 0 37 11 32 6 0 0 0 9 1 17 59 17 0 57 33 32 0 0 0 14 0 0 0 0 0 0 59 0 1 0 2 0 15 0 0 0 0 0 10 16 0 0 0 0 0 0 0 0 0 0 4 0 0 0 0 1 0 0 0 0 0 0 0 0 0 0 0 0 0 0 0 16 1 0 2 0 0 1 0 0 9 16 22 14 30 0 0 1 18 10 38 29 14 0 20 11 83 30 24 10 0 0 0 0 0 0 14 0 0 0 0 0 0 0 0 0 0 0 0 0 0 0 0 0 0 0 0 0 0 0 0 3 0 0 2 0 0 0 1 0 0 0 21 0 0 0 0 0 0 0 0 0 0 0 18 2 2 88 0 2 13 0 0 0 0 0 12 0 0 0 0 0 0 0 0 0 1 0 0 0 0 0 0 0 0 0 22 0 0 0 
 0 0 0 0 75 73 0 0 0 0 0 0 0 2 1 0 0 0 0 2 130 92 0 158 110 181 70 190 204 133 196 109 87 133 41 275 190 130 28 46 66 0 0 0 0 1 0 0 0 0 0 0 0 0 0 0 3 0 1 63 0 3 0 3 0 7 0 3 0 3 10 1 0 0 0 0 5 0 0 3 0 0 0 0 0 0 2 2 0 0 0 0 0 0 0 0 0 0 0 0 0 18 0 33 23 12 0 36 37 37 0 0 10 0 0 15 24 17 0 0 0 1 0 0 0 0 13 0 0 0 2 0 0 17 1 0 0 0 2 1 0 0 0 0 0 0 0 0 0 0 0 0 0 0 0 1 0 0 1 0 0 0 0 0 11 0 0 0 0 3 0 0 1 0 2 0 0 0 0 0 16 10 14 39 23 19 28 1 37 1 25 22 0 39 26 10 14 25 0 8 20 0 0 0 0 0 0 0 0 0 12 0 13 0 0 2 0 0 11 8 2 0 0 0 0 0 0 0 0 0 0 1 0 0 0 0 0 0 0 0 0 0 15 0 0 0 0 0 0 0 0 1 0 0 15 0 0 0 94 0 0 0 0 0 0 0 0 0 0 0 0 0 0 0 0 0 0 0 0 16 0 0 0 0 0 0 0 0 0 0 
 0 0 3 0 0 0 0 2 0 0 0 0 0 2 0 1 0 0 0 0 63 79 158 0 260 105 163 116 348 62 464 136 77 292 143 129 55 200 77 58 152 63 0 0 0 1 0 50 1 0 0 0 63 62 0 106 4 0 133 1 0 0 9 5 0 0 0 3 0 3 3 5 3 0 0 0 3 0 51 6 0 0 0 0 0 0 0 0 0 1 0 0 0 0 0 0 0 0 0 0 0 1 1 22 17 24 0 0 0 0 19 43 0 2 0 3 11 1 0 0 21 12 31 0 0 0 4 40 0 8 1 0 39 0 1 11 0 1 16 9 0 0 0 1 0 0 0 0 0 0 0 0 0 0 0 0 0 0 0 0 0 0 1 5 0 0 0 0 0 0 0 0 0 0 0 0 0 0 0 0 0 0 0 0 26 21 0 0 0 22 0 12 11 0 13 0 0 1 0 0 36 10 29 0 0 0 39 21 0 0 0 0 16 0 13 1 0 0 28 11 0 0 2 0 0 0 0 0 0 0 0 1 0 0 0 0 2 0 0 0 0 0 0 0 0 0 0 0 0 0 0 0 0 0 6 2 2 2 2 0 2 2 0 0 0 0 0 0 0 0 0 0 0 0 0 0 0 2 0 0 0 43 0 0 0 0 0 0 0 0 
 0 74 0 0 1 0 0 0 0 0 0 0 0 0 0 0 0 0 0 0 95 112 110 260 0 53 285 294 206 79 265 163 172 72 311 482 273 277 140 295 24 0 0 0 0 0 0 63 0 0 0 0 0 0 0 0 3 0 84 18 0 0 0 3 0 0 0 3 0 2 3 0 0 0 0 0 3 0 0 1 0 0 0 0 0 0 0 11 0 0 0 0 0 0 0 0 0 0 0 0 0 0 19 81 14 25 0 0 25 15 61 26 0 9 0 0 1 0 0 0 1 19 0 0 0 0 67 30 0 0 0 0 51 26 0 22 0 0 80 9 0 0 0 0 0 0 0 0 0 0 0 0 0 0 0 0 0 13 4 0 0 0 0 2 0 0 0 0 15 12 0 1 0 0 0 0 0 0 0 0 16 0 25 10 30 0 0 0 0 10 10 5 0 0 12 19 5 0 0 0 30 0 0 13 0 0 11 18 8 0 0 1 17 31 9 0 0 0 1 23 0 0 0 0 0 0 1 0 0 0 0 0 0 0 0 0 0 0 0 0 0 0 0 0 0 0 0 0 0 0 0 0 0 0 14 0 3 77 75 0 7 3 0 0 0 0 14 0 0 0 0 0 0 0 0 0 0 0 0 0 0 18 0 0 0 0 19 0 0 0 
 3 3 10 3 3 12 5 3 4 3 3 3 3 6 3 5 3 80 3 5 48 263 181 105 53 0 47 353 196 459 172 258 54 58 185 163 130 78 41 127 49 2 5 1 0 0 19 96 0 0 0 0 25 0 0 65 65 0 0 55 27 0 3 12 0 0 0 6 0 3 3 5 1 0 0 0 3 0 2 3 0 0 0 0 0 0 0 0 0 0 0 0 0 0 0 0 0 0 0 0 0 0 0 15 0 11 0 14 0 83 14 9 0 0 0 2 15 9 0 0 2 12 2 13 17 0 15 28 23 1 43 0 20 9 0 16 0 0 1 12 0 0 0 0 0 4 0 0 0 0 0 0 0 0 0 0 0 2 0 0 0 2 0 7 0 1 0 0 0 6 0 0 0 7 0 0 0 0 4 0 0 0 16 33 35 9 0 0 11 0 25 33 0 0 39 13 0 14 0 0 0 27 2 0 0 0 21 23 0 40 0 20 11 0 0 0 26 0 20 11 0 2 0 0 0 0 0 8 0 0 0 0 0 0 0 0 0 0 0 0 0 0 0 0 0 0 0 0 0 0 0 0 0 0 9 0 1 76 127 0 0 0 0 0 0 0 0 0 0 0 10 0 0 0 0 0 0 0 0 0 0 0 0 0 0 0 0 3 0 0 
 3 2 5 2 286 104 2 3 3 2 102 71 70 6 43 93 2 3 76 4 189 404 70 163 285 47 0 508 348 37 54 246 351 156 480 111 284 65 181 145 0 0 0 0 0 1 0 0 0 0 4 0 0 0 0 0 2 0 0 0 0 0 0 3 0 3 0 3 0 6 3 0 0 0 0 0 8 0 0 3 0 0 12 0 10 49 0 21 0 0 18 18 0 0 2 0 0 0 0 1 12 11 11 6 0 0 17 0 0 12 0 0 18 31 15 4 0 6 31 13 2 0 0 0 0 0 0 0 0 0 0 0 0 0 0 0 0 0 0 0 0 0 0 0 0 0 0 0 0 0 3 0 0 2 0 0 0 2 0 0 0 0 0 0 5 20 0 0 0 0 14 22 0 0 0 0 0 0 0 0 22 41 18 0 0 0 13 40 1 10 20 0 48 7 0 4 20 21 34 30 0 0 0 0 0 0 0 0 1 0 0 0 0 0 0 0 0 0 0 0 0 0 0 0 2 0 0 0 0 0 0 0 0 0 0 0 0 0 18 13 0 0 13 0 0 0 0 0 75 73 0 0 12 0 17 2 0 0 0 0 6 1 0 0 0 0 0 0 0 0 0 0 0 0 0 0 0 0 0 0 0 0 0 0 0 0 0 0 0 0 
 5 0 1 2 149 309 2 0 0 0 0 151 0 0 0 0 0 0 2 0 250 178 190 116 294 353 508 0 181 246 247 267 117 125 582 156 314 51 207 41 0 0 0 0 0 0 0 0 0 0 4 0 4 0 0 0 4 0 0 0 0 3 0 3 0 3 0 3 0 2 5 0 0 0 0 0 3 0 0 1 0 0 0 0 0 37 0 0 0 0 0 0 0 0 13 0 0 0 0 0 43 22 15 18 0 0 0 2 13 22 8 2 0 39 22 9 16 19 20 51 0 0 0 0 0 0 0 0 0 0 0 0 0 0 0 0 0 0 0 0 0 0 0 0 0 0 0 2 2 0 4 1 0 0 0 0 0 0 0 0 0 0 0 1 20 12 0 0 0 0 12 25 0 0 0 0 35 0 0 0 47 68 14 7 0 0 1 14 21 18 20 0 31 0 0 0 28 28 20 10 0 0 0 0 0 0 0 2 0 0 0 0 0 0 0 0 0 0 0 0 0 0 0 0 0 0 0 0 0 0 0 0 2 0 0 0 0 0 0 0 0 0 15 0 0 0 0 0 0 0 0 74 0 0 8 0 2 2 0 0 9 2 0 0 0 0 0 0 0 0 0 0 0 0 0 0 0 0 0 0 0 0 0 0 0 21 0 0 0 0 
 2 2 2 2 2 2 5 33 7 2 2 2 2 4 2 10 2 2 2 2 38 262 204 348 206 196 348 181 0 103 192 173 441 129 300 136 303 127 70 165 63 0 3 3 1 0 0 0 0 0 7 0 66 63 0 5 3 0 69 126 0 0 0 4 0 3 0 3 0 3 47 0 0 0 0 0 3 0 0 2 11 0 0 0 0 2 0 0 0 0 2 0 0 0 0 0 0 0 0 0 16 10 14 54 35 16 0 9 10 11 34 0 0 0 17 39 9 15 0 0 1 1 1 0 0 0 37 36 3 0 0 0 0 17 0 0 1 0 1 30 0 0 0 0 0 0 0 0 6 0 0 0 0 0 0 5 3 0 0 4 0 0 0 5 0 0 0 0 0 5 0 0 0 0 0 0 0 0 0 2 0 0 1 21 18 18 0 0 10 9 24 8 6 0 22 14 0 0 0 0 15 0 0 0 0 0 0 0 0 0 0 0 0 0 2 0 0 0 10 0 0 0 0 0 0 0 0 0 0 0 0 0 0 0 0 22 0 0 0 0 0 0 23 0 0 0 0 0 0 0 0 0 0 0 0 1 0 17 8 0 0 2 0 0 0 0 0 0 0 0 0 0 0 0 0 0 0 0 0 0 0 1 0 0 0 0 0 0 0 0 
 0 0 0 0 0 75 0 0 0 0 0 0 0 2 3 0 2 0 0 0 251 419 133 62 79 459 37 246 103 0 151 58 272 437 207 131 149 257 58 166 0 0 0 0 0 1 0 0 0 0 0 0 68 0 0 0 3 0 97 15 4 0 0 3 0 0 0 3 0 3 4 0 0 0 0 0 3 0 0 3 0 0 0 0 0 0 0 0 0 0 0 1 0 0 0 0 0 0 0 6 10 33 1 11 3 21 0 23 31 78 0 21 0 8 7 0 56 46 0 0 1 0 29 0 0 0 0 0 7 0 0 0 20 0 0 0 0 29 8 73 0 0 0 0 0 0 0 0 0 0 0 2 0 0 12 12 13 0 0 0 0 0 0 0 0 0 0 0 11 0 0 0 0 0 0 0 0 0 0 0 0 8 35 50 0 20 0 16 22 38 34 53 0 0 24 44 4 28 3 0 0 0 0 0 1 0 0 0 0 0 0 0 0 0 0 0 0 0 23 0 0 0 0 28 0 0 0 0 0 0 0 0 0 0 1 0 0 0 2 0 0 0 1 0 0 0 0 0 0 0 0 0 0 0 7 0 1 84 43 0 4 0 0 0 0 0 0 0 0 0 0 0 0 0 0 0 2 0 0 0 0 0 0 0 0 0 0 0 0 0 
 0 0 0 0 0 3 3 0 2 0 0 3 0 0 0 0 0 0 6 0 100 47 196 464 265 172 54 247 192 151 0 207 25 241 246 219 179 220 36 102 21 0 0 0 0 1 0 118 0 0 0 0 0 2 0 0 4 0 64 1 3 0 0 6 3 0 3 3 0 3 3 1 0 0 0 0 3 0 3 3 0 0 0 0 0 0 0 0 0 0 0 0 0 0 0 0 0 0 0 0 16 13 0 32 1 21 0 0 40 1 0 6 0 9 12 0 11 0 0 0 0 23 3 0 0 0 13 5 1 12 0 0 3 1 0 31 0 9 34 15 0 0 0 0 0 0 0 2 2 0 0 0 0 0 0 2 0 0 0 0 0 0 0 3 0 1 0 0 0 3 0 0 0 16 0 0 0 0 0 0 0 0 0 14 29 0 0 14 0 13 36 10 0 0 15 0 0 10 0 0 14 0 0 0 2 0 40 21 0 0 0 0 59 9 0 1 0 1 0 25 0 0 0 0 0 0 0 0 0 0 0 0 1 0 1 0 0 0 1 0 0 0 2 0 0 0 0 0 0 0 0 0 0 0 15 0 0 23 74 0 0 61 0 0 0 0 2 0 0 0 0 0 0 0 0 0 1 0 0 0 0 29 0 0 0 0 0 0 0 0 
 2 2 4 2 2 4 2 2 3 2 2 3 2 6 2 3 2 2 2 4 106 74 109 136 163 258 246 267 173 58 207 0 26 312 25 419 117 185 34 117 3 0 0 0 0 1 0 126 0 0 0 0 0 1 0 0 3 0 88 94 0 0 0 3 0 0 0 3 0 3 3 0 0 0 0 0 3 0 0 3 0 0 0 0 0 0 0 0 0 0 0 0 0 0 0 19 0 0 0 0 0 0 9 69 29 15 1 8 7 15 0 37 0 9 13 1 11 12 0 0 19 1 0 0 0 2 68 27 0 0 0 0 15 27 0 14 0 0 52 22 0 0 0 0 0 0 0 0 0 0 0 7 0 0 0 12 3 0 0 0 0 0 0 0 0 0 0 0 4 11 2 0 0 0 0 0 2 0 0 0 0 0 17 10 30 20 0 1 16 22 19 8 0 0 9 28 16 0 0 0 32 0 0 0 0 0 41 0 1 1 0 0 27 0 0 0 0 0 10 12 0 0 0 0 11 0 0 0 0 0 0 0 0 0 0 0 0 0 0 0 0 0 0 0 0 0 0 0 0 0 0 0 0 0 6 2 1 5 75 0 2 0 0 0 0 0 8 0 0 0 0 1 0 0 0 0 0 0 0 0 0 26 0 0 1 0 12 0 0 0 
 0 0 85 75 68 74 1 2 0 0 3 223 0 5 0 74 74 2 0 3 198 72 87 77 172 54 351 117 441 272 25 26 0 95 137 114 468 37 327 267 0 3 0 0 7 3 3 1 2 3 6 3 2 0 5 2 6 0 0 65 0 0 0 5 6 0 5 3 0 6 3 0 0 19 0 2 3 0 0 5 0 0 0 13 18 2 0 0 0 0 14 17 0 0 0 0 0 0 0 0 15 13 23 0 0 8 0 1 34 0 26 37 1 29 50 24 0 56 1 18 0 8 0 0 0 0 13 0 10 0 0 0 23 0 0 0 0 0 0 0 0 0 0 0 0 0 0 0 0 0 4 0 0 0 0 0 0 0 0 0 0 9 0 0 0 0 0 0 0 0 0 0 0 0 3 6 12 0 0 0 53 18 5 0 13 1 0 1 28 0 18 9 19 17 8 10 18 20 36 22 0 53 0 0 0 0 10 0 0 0 0 0 0 0 15 0 0 0 0 0 0 0 0 0 0 0 0 0 0 0 0 0 0 0 0 0 0 0 0 0 0 0 24 0 0 0 0 0 80 0 12 0 0 0 12 0 2 2 0 0 12 0 0 0 0 0 0 0 0 0 0 0 0 2 0 0 0 0 0 0 0 0 0 0 0 0 13 0 0 0 
 0 0 5 0 3 3 0 0 81 0 73 76 200 2 0 77 0 0 0 0 426 101 133 292 72 58 156 125 129 437 241 312 95 0 334 119 103 103 164 158 2 2 11 3 0 1 0 0 0 0 3 3 3 9 0 0 4 0 67 2 0 11 0 3 2 6 0 54 0 3 7 0 7 0 4 2 60 0 8 3 0 1 18 0 0 0 0 0 0 0 0 0 0 0 0 0 0 0 0 0 1 4 23 0 3 17 15 35 2 25 0 10 1 9 9 6 16 0 0 1 0 0 0 0 0 0 0 0 0 0 0 0 0 21 0 0 0 0 20 0 0 0 0 0 0 0 0 0 0 0 0 0 0 0 0 1 34 0 0 0 0 0 0 11 1 9 0 0 12 0 0 0 0 0 0 0 0 0 0 0 12 0 10 9 1 0 11 13 6 22 1 0 0 13 0 14 25 33 14 0 0 10 0 0 0 0 0 0 0 0 0 0 0 0 0 0 0 0 0 0 0 0 0 0 0 0 0 0 0 0 0 0 0 0 0 0 0 0 0 0 0 0 0 0 0 34 1 0 0 90 0 0 18 0 10 0 0 1 34 2 4 0 0 0 0 0 0 0 0 0 0 0 0 0 0 0 0 0 0 0 0 0 0 0 0 0 0 0 0 0 
 1 2 2 2 185 26 3 3 0 3 1 111 1 4 1 3 2 1 1 1 227 187 41 143 311 185 480 582 300 207 246 25 137 334 0 169 137 280 153 79 0 0 3 2 2 5 0 2 1 0 2 4 3 0 2 0 9 2 0 205 0 0 0 3 0 0 1 3 0 3 3 0 0 0 0 0 3 0 0 5 0 0 0 0 0 12 0 0 0 0 0 1 0 0 0 0 0 0 0 0 11 0 15 0 0 0 0 0 0 26 1 5 0 28 22 9 6 21 10 24 0 0 0 0 0 0 0 0 0 13 0 0 38 0 0 0 0 0 0 1 0 0 0 0 0 0 0 0 5 0 4 0 0 0 0 0 0 0 0 0 0 0 0 0 19 0 0 0 0 0 0 0 0 0 0 0 0 0 0 0 29 45 15 18 0 9 18 21 9 0 20 0 0 1 0 1 45 27 30 1 0 0 0 0 0 0 0 0 0 0 0 0 0 0 0 15 0 0 16 0 0 0 0 0 0 0 0 0 14 0 0 0 0 0 0 0 0 0 0 0 0 0 0 0 0 2 2 0 0 1 0 0 0 0 4 0 1 1 75 1 2 2 0 0 0 0 0 1 0 0 0 0 0 0 0 0 0 0 0 1 0 0 0 0 0 26 0 0 0 0 
 3 3 6 3 93 81 3 3 3 5 3 158 3 9 5 3 3 3 3 3 175 79 275 129 482 163 111 156 136 131 219 419 114 119 169 0 178 113 126 66 66 0 0 0 0 0 0 0 0 1 0 0 0 0 0 0 4 0 0 63 0 3 0 3 0 3 0 3 0 3 6 0 0 0 0 0 3 0 0 3 0 10 0 0 0 0 0 6 0 0 0 0 0 0 0 0 0 0 0 0 0 13 13 45 14 0 0 31 15 28 0 0 13 24 47 21 2 0 0 2 0 0 0 0 0 0 32 15 0 0 0 0 2 22 0 46 0 0 8 8 0 0 0 0 0 0 0 0 0 0 2 0 0 0 0 5 0 0 0 0 0 0 0 13 9 0 0 0 0 11 0 0 0 0 0 0 0 0 0 0 17 21 19 0 14 0 20 31 22 1 12 0 0 20 0 0 14 22 12 13 0 1 0 0 0 0 15 0 0 0 0 0 24 10 0 0 0 0 0 12 0 0 0 0 11 0 0 0 0 0 0 0 0 0 0 0 0 0 0 0 0 0 0 0 0 0 0 0 0 4 0 0 0 0 8 1 0 3 39 0 4 2 0 0 0 0 0 0 0 0 0 0 0 10 0 0 0 0 0 16 0 13 0 0 0 0 0 0 0 0 
 1 3 4 3 196 113 2 1 1 2 2 2 201 3 2 2 2 1 2 2 310 549 190 55 273 130 284 314 303 149 179 117 468 103 137 178 0 295 45 218 0 0 0 0 0 0 0 0 0 0 0 0 2 0 0 0 2 0 0 0 6 0 0 3 0 0 0 3 0 3 3 0 0 0 0 0 3 0 0 2 0 0 0 0 0 0 12 0 0 0 1 2 0 0 0 0 0 0 0 0 8 17 35 10 1 9 0 15 27 36 37 0 0 0 15 16 8 11 0 50 0 0 0 0 0 0 1 0 0 0 0 0 0 2 0 0 0 0 0 25 0 0 0 0 0 0 0 0 0 0 3 0 0 0 0 0 4 0 0 0 0 0 0 0 0 0 0 0 0 2 0 1 0 0 0 0 0 0 0 0 70 7 35 23 21 1 0 20 27 8 46 35 0 11 45 15 5 90 23 0 0 0 0 0 0 0 0 0 0 0 0 0 51 0 0 0 0 0 3 1 0 0 0 0 0 0 1 0 0 0 6 0 0 0 0 0 0 0 0 0 0 0 0 0 0 0 0 0 0 0 0 0 0 0 4 0 0 148 2 1 6 0 2 0 0 0 0 0 0 0 0 0 0 0 0 0 0 0 0 0 0 0 0 0 0 0 0 0 0 0 
 3 3 4 3 3 5 3 3 3 3 4 3 3 8 3 3 3 4 3 3 39 124 130 200 277 78 65 51 127 257 220 185 37 103 280 113 295 0 36 107 32 0 0 0 0 0 0 123 0 0 0 0 1 0 0 0 3 0 92 2 15 0 0 3 0 0 0 3 0 4 3 58 0 1 0 0 4 3 0 2 0 0 5 0 0 0 0 0 0 22 0 0 0 0 0 0 0 0 0 0 0 0 7 22 23 13 0 7 14 1 0 49 0 0 31 0 7 12 0 0 14 0 1 0 2 0 19 0 0 0 0 0 0 0 0 0 0 0 26 35 0 0 0 0 0 0 0 0 0 0 0 0 0 0 0 4 4 2 0 0 0 2 0 4 0 1 0 0 0 3 0 0 0 0 0 0 0 0 0 0 0 0 21 0 30 19 0 0 10 25 17 0 0 1 13 29 0 21 1 0 12 0 0 0 0 0 44 1 1 0 0 0 6 0 0 0 0 0 11 0 0 2 0 0 0 0 0 0 0 0 0 0 0 0 0 0 0 0 0 0 0 0 0 0 9 0 0 0 0 0 0 0 0 0 13 3 3 72 73 3 3 3 0 0 0 0 15 0 0 0 0 0 0 0 0 11 0 0 0 0 0 0 0 0 0 0 28 0 0 0 
 109 35 36 3 221 3 1 38 0 0 36 211 2 0 0 21 80 0 0 0 133 122 28 77 140 41 181 207 70 58 36 34 327 164 153 126 45 36 0 84 0 2 0 0 0 0 0 0 0 0 0 1 0 5 0 0 2 0 0 0 0 0 0 3 0 0 0 3 0 3 3 0 0 0 0 0 6 0 0 3 0 33 4 0 13 7 0 0 11 0 9 18 0 0 0 0 32 2 0 2 0 0 1 0 0 0 9 41 0 10 0 0 18 28 20 3 0 23 65 48 0 0 0 0 0 22 0 0 0 0 0 0 0 0 0 0 0 0 0 0 0 0 3 0 0 0 0 10 0 2 5 19 0 0 0 0 0 0 0 0 0 0 0 0 45 17 0 0 12 10 28 0 0 0 0 0 25 0 0 0 53 32 9 0 0 0 41 12 12 0 11 0 20 23 0 4 0 0 52 23 0 0 0 0 0 0 0 0 0 0 0 0 0 0 0 0 0 1 0 0 0 0 0 0 0 0 0 1 0 0 0 0 0 0 0 0 0 0 0 0 0 0 0 0 0 0 27 0 77 26 3 0 24 0 2 1 0 0 0 2 3 0 0 0 0 0 0 0 0 0 0 0 0 0 0 0 0 0 0 0 0 0 0 0 0 0 0 0 0 0 
 3 3 4 3 78 91 4 4 65 3 5 139 3 6 43 64 81 3 3 3 361 173 46 58 295 127 145 41 165 166 102 117 267 158 79 66 218 107 84 0 0 1 79 0 1 0 0 0 4 1 0 5 0 6 3 3 6 0 0 6 11 0 0 3 2 2 0 3 1 9 6 5 0 0 0 0 13 3 0 3 0 16 28 0 0 13 0 0 0 0 21 0 0 0 0 0 2 0 0 0 7 0 13 0 0 0 21 21 12 11 15 16 27 26 0 11 22 27 13 28 0 0 0 0 0 0 0 0 0 0 0 0 0 0 0 0 0 0 0 22 0 0 0 5 0 0 0 0 0 0 0 0 0 0 0 9 9 0 0 0 0 0 58 37 0 16 0 0 37 0 0 0 0 0 0 0 15 0 2 2 0 0 0 16 13 19 0 17 14 0 0 0 7 0 2 18 0 31 20 0 0 0 0 0 0 0 0 0 0 0 0 0 0 0 0 0 0 0 14 0 0 0 0 0 0 0 0 0 0 0 0 0 0 0 0 0 0 0 0 0 0 0 0 0 0 0 1 0 0 0 0 0 1 0 20 0 2 2 0 0 10 18 0 0 0 0 0 0 0 0 0 0 0 0 0 0 0 0 0 0 0 11 0 0 0 0 0 0 0 2 
 0 0 3 0 0 3 0 0 0 2 0 1 0 0 63 0 0 0 0 0 4 0 66 152 24 49 0 0 63 0 21 3 0 2 0 66 0 32 0 0 0 129 549 133 25 34 167 118 113 25 104 131 96 60 195 31 185 89 41 54 0 12 6 4 0 0 0 4 6 3 0 8 3 3 3 1 27 0 55 4 0 0 0 0 0 0 0 0 0 0 0 0 0 0 3 0 0 0 0 0 0 0 0 21 1 8 0 0 4 0 15 0 0 0 0 0 0 0 0 0 3 14 35 15 0 1 28 0 0 11 30 1 27 1 0 18 1 0 0 0 0 0 5 3 0 0 23 0 0 0 5 9 1 0 1 0 0 12 30 7 0 0 0 5 0 1 0 0 0 3 0 0 0 0 0 0 0 0 0 0 0 0 9 0 8 0 0 0 0 0 7 0 0 0 0 0 0 0 0 0 15 7 0 0 0 0 26 11 0 5 14 0 15 0 7 41 30 0 10 24 0 1 0 12 14 0 0 0 0 0 0 0 0 5 2 43 1 0 1 4 0 0 0 0 0 0 0 0 0 0 0 9 0 1 0 0 0 62 62 0 0 0 0 0 0 2 3 0 1 0 30 0 0 0 0 1 0 0 0 0 0 0 0 0 12 0 0 10 1 0 
 0 0 0 0 0 63 3 0 0 0 0 0 1 0 0 0 63 0 0 0 2 0 0 63 0 2 0 0 0 0 0 0 3 2 0 0 0 0 2 1 129 0 91 332 106 42 178 57 323 27 162 48 63 214 158 344 193 40 266 81 0 0 5 5 0 0 0 0 0 0 0 20 0 0 0 0 0 0 8 0 0 0 0 0 0 0 0 0 0 0 0 0 0 0 0 0 0 0 0 0 0 0 0 0 0 0 0 0 0 0 21 0 0 0 0 0 0 0 0 0 15 29 13 6 0 1 0 0 3 49 23 19 0 4 34 12 23 3 0 0 0 6 10 1 0 0 0 0 0 0 0 0 0 0 0 0 0 0 27 36 0 0 0 0 0 1 33 4 0 0 0 0 0 0 0 0 0 0 0 0 0 0 0 0 0 0 0 0 0 0 0 0 0 0 0 0 0 0 0 0 0 22 21 0 26 15 0 0 12 0 21 0 0 12 23 25 0 6 9 7 0 1 0 0 0 0 0 0 1 0 0 0 21 1 34 0 0 0 0 19 0 0 0 0 0 0 0 0 0 29 0 17 0 0 0 0 0 0 0 0 0 0 1 0 0 2 0 0 0 0 0 0 0 0 0 0 0 0 0 0 0 0 0 0 8 0 0 1 0 0 
 0 0 2 0 0 8 0 0 3 0 0 0 0 0 1 0 0 0 0 2 2 0 0 0 0 5 0 0 3 0 0 0 0 11 3 0 0 0 0 79 549 91 0 320 360 124 161 179 280 49 241 269 268 116 191 302 150 212 39 79 0 5 22 0 0 0 28 3 0 0 22 34 19 0 5 2 4 0 31 4 0 0 0 0 0 0 0 0 0 0 0 0 0 0 0 0 0 0 0 0 0 0 0 0 0 0 0 0 0 0 0 0 0 0 0 0 0 0 0 0 0 0 0 3 13 14 0 21 0 13 12 12 14 10 30 31 3 4 0 0 0 23 0 17 0 0 16 0 0 6 3 36 0 29 35 0 0 0 9 52 0 0 0 0 5 1 0 0 0 0 0 0 0 5 0 0 0 0 10 0 0 0 0 0 0 0 2 0 0 0 0 0 0 0 0 0 0 0 0 0 0 19 21 42 26 10 0 0 45 22 26 22 0 40 26 31 0 13 0 3 6 6 0 3 3 0 11 2 9 0 0 0 16 14 13 0 18 0 1 32 0 0 16 0 0 0 0 0 0 0 0 1 0 2 0 0 0 0 0 2 0 0 20 1 0 6 0 0 0 0 12 0 0 0 0 0 0 0 0 0 0 4 0 0 0 0 0 0 2 0 
 0 0 0 0 0 0 3 0 0 1 0 0 0 0 0 0 0 0 0 0 2 0 0 0 0 1 0 0 3 0 0 0 0 3 2 0 0 0 0 0 133 332 320 0 97 66 159 87 181 65 498 119 87 87 142 57 306 418 286 95 18 0 0 0 0 0 0 3 0 0 0 0 5 0 0 2 0 1 70 0 0 0 0 0 0 0 0 0 0 0 0 0 0 0 0 0 0 7 0 0 0 0 0 0 0 0 0 0 0 0 0 0 0 0 0 0 0 0 0 0 0 2 11 0 7 17 0 0 0 34 31 11 0 4 5 17 10 9 0 0 0 11 0 10 0 0 22 0 0 6 0 0 4 43 24 1 0 0 17 36 0 0 0 0 10 1 2 0 0 0 0 0 0 7 0 0 0 0 0 0 0 0 0 0 0 0 0 0 0 0 0 0 0 0 0 0 0 0 0 0 0 20 0 24 2 19 0 0 16 19 26 0 0 10 0 43 11 17 0 0 0 21 0 0 0 0 10 6 23 0 0 0 15 10 19 0 2 0 1 36 0 0 0 0 0 0 0 0 0 0 0 2 101 2 0 0 0 0 0 9 0 0 64 0 0 3 0 0 0 0 0 0 0 0 0 0 0 0 0 0 0 0 0 0 27 0 0 10 2 0 
 0 0 2 0 0 0 0 0 0 0 0 0 0 0 0 0 0 0 0 0 2 0 0 0 0 0 0 0 1 0 0 0 7 0 2 0 0 0 0 1 25 106 360 97 0 134 130 66 132 164 113 55 74 120 151 123 121 120 61 109 19 0 0 0 0 0 53 0 0 0 0 0 0 0 0 3 0 1 51 3 0 0 0 0 0 0 0 0 0 0 0 0 0 0 0 0 0 0 0 0 0 0 0 0 0 0 0 0 0 0 0 0 0 0 0 0 0 0 0 0 0 0 3 33 8 15 0 9 13 0 3 23 0 9 14 0 16 30 0 0 61 0 0 0 0 0 0 0 0 0 0 0 0 3 11 0 15 23 0 0 0 0 0 0 0 2 4 0 0 0 0 0 10 0 0 0 0 0 0 0 0 0 0 0 0 0 0 0 0 0 0 0 0 0 0 0 0 0 0 0 0 9 1 7 14 9 0 0 14 0 11 26 0 13 0 11 0 9 0 0 0 0 11 0 0 0 11 21 11 7 23 0 18 11 11 0 0 0 22 0 0 0 13 0 0 0 0 0 0 0 0 13 0 2 0 0 0 0 0 11 0 0 0 2 64 8 0 0 0 0 0 0 0 0 0 0 0 0 0 0 0 4 1 0 0 0 0 0 2 0 
 3 0 6 2 0 5 0 3 2 1 1 3 2 2 1 1 2 2 1 0 0 0 1 1 0 0 1 0 0 1 1 1 3 1 5 0 0 0 0 0 34 42 124 66 134 0 40 85 162 274 146 106 40 259 94 77 62 136 58 56 0 0 1 0 0 0 67 0 0 2 3 0 0 52 0 53 0 0 51 49 0 0 0 0 0 0 0 0 0 0 0 0 0 0 0 0 0 0 0 0 0 0 0 0 0 0 0 0 0 0 0 0 0 0 0 0 0 0 0 0 0 0 0 11 15 18 0 1 2 10 11 22 0 1 1 9 1 13 0 0 0 23 1 1 0 0 10 18 0 8 0 0 3 22 10 44 4 0 14 10 0 0 0 0 4 0 0 0 0 0 0 0 0 2 0 0 0 0 0 0 0 0 0 0 0 0 0 0 0 0 0 0 0 0 0 0 0 0 0 0 1 1 11 20 0 10 0 0 2 24 10 9 0 10 0 17 13 13 0 0 16 4 11 0 0 0 35 0 10 0 22 12 25 31 24 3 11 0 25 6 0 0 11 0 0 0 0 0 0 0 0 4 2 0 0 0 0 0 0 1 0 0 1 0 0 9 0 0 1 0 0 0 0 0 0 0 0 0 0 0 0 0 4 0 0 0 0 0 1 0 
 0 0 0 0 0 0 4 0 0 0 0 0 0 5 7 0 0 0 0 0 0 0 0 0 0 19 0 0 0 0 0 0 3 0 0 0 0 0 0 0 167 178 161 159 130 40 0 78 108 47 53 27 83 165 70 151 101 243 80 106 0 0 0 1 0 0 0 18 0 0 0 17 0 0 0 0 0 0 6 0 0 0 0 0 0 0 0 0 0 0 0 0 0 0 0 0 0 0 0 0 0 0 0 0 0 0 0 0 0 0 0 0 0 0 0 0 0 0 0 0 0 10 6 10 0 5 0 15 30 18 34 17 0 80 36 26 25 35 0 0 6 5 0 7 0 0 7 5 0 7 0 0 3 0 0 0 0 0 25 15 0 0 0 0 0 8 0 0 0 0 0 0 0 0 0 0 0 0 0 0 0 0 0 0 0 0 0 0 0 9 0 0 0 0 0 0 0 0 0 0 0 15 0 14 38 6 10 34 22 27 11 24 10 18 0 3 13 13 0 7 0 0 0 0 0 12 0 0 0 0 6 0 0 0 0 0 0 0 0 0 0 0 0 0 0 0 0 0 0 0 0 7 0 0 0 0 0 0 0 8 0 0 76 65 0 0 0 0 0 0 12 0 0 0 0 0 0 0 0 0 0 0 4 0 6 0 0 13 2 0 
 3 3 3 0 3 6 5 3 3 3 1 4 3 6 3 5 3 0 3 2 0 0 0 50 63 96 0 0 0 0 118 126 1 0 2 0 0 123 0 0 118 57 179 87 66 85 78 0 158 53 42 263 171 65 224 352 40 45 148 95 3 0 3 10 40 2 0 3 0 0 3 8 0 0 0 6 0 0 0 2 0 0 0 0 0 0 1 0 0 0 0 0 8 0 0 53 0 0 0 0 0 0 23 17 6 11 0 0 0 0 0 12 0 0 0 0 0 0 0 0 0 43 9 0 5 19 0 10 20 0 34 9 1 8 0 10 0 19 22 0 0 0 0 5 0 4 0 0 0 0 0 0 0 0 0 3 1 0 0 0 0 0 0 4 0 1 0 0 0 0 0 0 0 0 19 0 0 0 0 0 0 0 0 0 0 0 0 0 0 14 0 0 0 0 0 0 0 0 0 0 18 0 12 0 1 1 28 32 0 34 0 35 0 9 14 9 24 2 0 0 0 2 0 0 0 5 9 0 5 2 0 0 0 39 0 1 0 0 20 15 0 0 2 0 0 0 0 0 0 0 0 10 0 0 0 0 0 0 0 0 0 0 0 0 0 2 6 0 0 0 11 0 0 0 0 2 0 0 0 0 0 0 0 0 0 0 0 0 2 0 
 7 0 0 0 0 0 0 0 0 0 0 0 0 0 3 0 0 0 0 0 0 0 0 1 0 0 0 0 0 0 0 0 2 0 1 0 0 0 0 4 113 323 280 181 132 162 108 158 0 212 92 54 171 153 160 178 29 87 105 366 5 0 0 9 7 0 19 0 0 0 0 3 0 0 0 6 0 4 55 0 0 0 0 0 0 0 0 0 0 0 0 0 0 0 0 0 0 0 0 0 0 0 0 0 0 0 0 0 0 0 0 0 0 0 0 0 0 0 0 0 16 13 16 0 23 12 0 0 7 27 0 22 8 20 39 0 19 14 0 15 0 0 0 0 0 0 7 0 2 0 0 0 0 0 2 4 0 0 14 11 0 0 0 11 0 1 55 0 0 0 0 0 0 0 10 0 0 0 0 0 0 0 0 0 0 11 0 14 0 0 0 0 0 0 0 0 0 0 0 0 8 21 40 19 32 0 1 0 13 20 0 10 5 15 11 69 1 11 0 12 0 3 2 0 0 6 11 2 29 6 0 3 0 25 0 0 0 0 1 0 0 0 13 0 0 0 0 0 0 0 0 0 0 0 0 0 0 0 0 1 0 0 0 0 0 2 4 0 0 0 0 0 0 0 0 3 0 0 0 0 0 0 0 0 10 9 0 0 2 0 
 0 0 0 0 0 0 0 0 0 0 0 0 53 5 0 0 0 0 0 0 0 0 0 0 0 0 0 0 0 0 0 0 3 0 0 1 0 0 0 1 25 27 49 65 164 274 47 53 212 0 129 432 51 266 87 119 41 126 95 99 1 0 0 0 1 0 102 3 0 8 0 0 26 0 0 0 0 0 68 0 0 0 0 0 0 0 0 0 0 0 0 0 0 0 0 0 0 0 0 0 0 0 0 0 0 0 0 0 0 0 0 0 0 0 0 0 0 0 0 0 10 7 31 20 26 11 6 0 4 3 15 40 33 4 20 0 5 5 0 0 10 0 1 6 0 20 7 0 0 0 0 0 13 2 1 0 12 0 13 0 0 0 0 0 0 1 0 0 23 0 0 0 0 0 0 0 0 0 0 0 0 0 0 0 0 6 0 0 0 0 0 0 0 0 0 0 0 0 0 0 7 17 18 32 2 19 0 4 11 0 17 14 19 0 0 0 23 0 28 7 0 8 10 0 0 0 0 13 4 1 10 0 13 17 19 4 0 0 11 39 0 0 0 0 0 0 0 0 0 0 0 16 0 0 0 0 0 0 2 1 0 0 0 1 64 2 0 48 0 0 0 0 0 0 0 0 0 0 0 0 0 0 1 0 9 18 0 13 2 0 
 0 0 3 0 1 1 1 0 0 0 0 0 0 0 0 0 0 0 0 2 5 4 0 0 0 0 4 4 7 0 0 0 6 3 2 0 0 0 0 0 104 162 241 498 113 146 53 42 92 129 0 89 22 137 201 353 392 241 53 269 0 2 0 0 0 0 6 0 0 0 0 3 52 0 0 31 0 0 67 0 0 0 0 0 0 1 0 0 0 0 0 12 0 0 0 0 0 0 0 0 6 4 0 15 0 0 0 0 1 0 3 8 0 0 4 7 0 0 0 0 0 0 22 24 13 30 0 0 0 9 13 21 0 27 44 15 18 21 0 0 0 17 0 3 0 0 6 0 0 2 0 0 10 0 0 0 0 0 9 31 0 0 0 0 16 2 3 0 0 0 0 1 0 0 0 0 0 0 0 0 0 1 0 0 0 0 0 0 0 0 0 0 9 0 0 0 1 0 0 0 0 9 0 10 14 10 18 1 31 22 24 0 0 10 0 18 6 13 0 0 0 10 0 0 0 0 11 0 13 0 0 0 10 15 6 0 8 0 0 41 0 0 2 0 0 0 0 0 0 0 0 12 0 2 0 0 0 0 0 0 0 0 70 0 1 22 2 3 2 0 0 0 0 0 0 0 0 0 0 0 0 4 0 0 25 0 0 11 2 0 
 0 0 0 0 1 2 0 0 7 0 0 33 0 17 0 0 0 0 0 0 8 0 0 0 0 0 0 0 0 0 0 0 3 3 4 0 0 0 1 5 131 48 269 119 55 106 27 263 54 432 89 0 247 98 17 245 82 64 36 38 49 0 0 0 12 0 0 59 0 4 0 0 59 1 0 0 0 0 96 58 0 0 8 0 0 0 0 0 0 0 0 0 0 0 0 0 0 0 0 0 0 0 2 0 0 0 5 0 0 0 0 0 0 1 0 0 0 0 0 0 0 0 5 29 0 42 0 0 0 5 23 9 0 0 0 7 0 0 0 0 0 0 0 37 0 0 29 7 0 0 1 0 34 24 12 9 43 0 13 14 0 0 0 3 0 67 0 0 0 0 0 0 0 8 0 0 6 0 0 0 0 0 17 0 0 0 0 8 0 1 0 0 0 0 0 0 0 0 0 1 0 0 0 15 0 12 0 0 0 18 44 0 0 0 0 0 13 0 0 0 0 27 17 0 0 0 12 23 21 2 8 0 9 15 15 40 0 0 21 43 0 0 0 0 0 0 0 0 0 0 0 7 0 1 0 0 0 0 0 0 0 0 0 2 5 0 2 2 0 15 0 0 0 0 0 0 0 0 0 0 0 0 0 0 8 8 0 7 0 0 
 0 0 3 2 0 2 0 0 0 0 0 0 0 6 0 0 0 0 0 0 4 2 0 63 0 25 0 4 66 68 0 0 2 3 3 0 2 1 0 0 96 63 268 87 74 40 83 171 171 51 22 247 0 79 40 41 349 252 355 322 0 0 7 21 0 0 0 0 0 0 0 3 0 0 0 0 0 0 3 0 0 0 0 0 0 0 0 0 0 13 0 0 0 0 0 0 0 0 0 0 0 0 10 3 24 0 0 0 0 2 0 0 0 0 0 0 0 0 0 0 33 37 7 28 4 0 26 16 22 1 20 0 0 0 12 23 0 2 6 0 0 0 0 0 0 0 0 0 0 0 0 0 0 0 0 0 0 14 3 0 0 0 0 5 0 2 0 0 0 0 0 0 0 0 0 0 0 0 0 0 0 0 0 0 0 9 0 0 0 0 13 14 0 0 29 17 0 0 0 0 17 7 22 4 0 0 12 16 2 0 0 0 28 0 22 0 12 0 2 25 0 0 0 29 0 5 0 0 0 1 0 0 0 0 0 0 0 0 0 0 0 0 0 0 0 0 0 0 0 31 0 8 0 0 0 0 0 129 0 1 0 0 0 0 1 4 2 0 0 0 0 0 0 0 0 0 0 0 0 0 0 0 0 0 1 0 0 0 0 0 
 1 2 5 0 0 0 1 8 5 0 0 3 0 0 0 0 8 0 3 2 2 63 0 62 0 0 0 0 63 0 2 1 0 9 0 0 0 0 5 6 60 214 116 87 120 259 165 65 153 266 137 98 79 0 228 116 95 156 103 191 0 0 53 1 3 0 0 0 0 0 2 0 1 0 0 0 0 0 53 2 10 3 4 0 0 0 0 0 6 1 5 1 0 1 0 0 2 0 0 0 0 0 0 0 19 0 6 0 0 0 19 0 34 0 0 9 0 16 13 3 14 1 42 16 0 1 0 29 23 10 10 23 0 1 20 0 0 7 0 0 6 6 0 5 0 0 8 0 0 6 0 0 0 0 0 0 0 0 67 12 0 0 0 0 1 2 5 0 33 0 0 0 0 0 1 0 2 0 0 0 0 0 1 0 0 1 0 0 0 0 0 0 0 0 0 1 0 0 3 0 13 47 0 0 11 2 1 0 17 7 16 0 0 0 9 32 11 35 0 0 0 0 0 0 0 0 0 0 0 0 0 0 0 0 0 0 0 0 0 15 0 0 0 0 0 0 18 0 0 0 0 16 0 0 0 0 0 0 2 15 0 0 63 7 1 6 1 0 1 1 1 0 0 2 0 0 0 0 0 0 0 0 0 0 26 0 0 10 0 0 
 3 3 3 3 3 3 6 3 3 3 3 5 3 6 3 3 3 3 3 3 0 0 0 0 0 0 0 0 0 0 0 0 5 0 2 0 0 0 0 3 195 158 191 142 151 94 70 224 160 87 201 17 40 228 0 495 103 68 85 192 45 0 0 4 2 2 0 1 0 1 0 0 0 0 0 3 0 11 2 0 0 0 0 0 0 0 0 0 0 0 0 0 0 0 0 0 0 0 0 0 0 0 0 0 0 0 0 0 0 0 0 0 0 0 0 0 0 0 0 0 0 12 0 5 2 23 0 2 10 32 1 31 0 12 58 10 37 31 0 0 0 12 0 1 0 0 0 0 5 2 0 0 0 0 12 8 1 3 0 44 0 0 0 0 1 1 6 0 0 0 0 0 0 0 0 0 0 0 0 0 0 0 0 0 9 0 0 0 0 0 5 0 0 0 0 0 0 0 0 0 0 30 19 0 42 27 0 0 4 21 15 39 0 12 24 27 1 22 16 16 0 6 6 0 1 4 8 7 35 10 0 11 15 9 20 1 0 4 20 27 0 0 23 0 0 0 0 0 0 0 0 4 0 0 0 0 0 0 0 0 0 0 2 0 0 33 2 1 0 0 0 0 0 0 0 6 0 0 0 0 0 0 0 0 13 0 0 0 2 0 
 0 0 3 0 0 0 0 0 0 0 0 4 0 5 0 0 0 0 0 66 0 0 0 106 0 65 0 0 5 0 0 0 2 0 0 0 0 0 0 3 31 344 302 57 123 77 151 352 178 119 353 245 41 116 495 0 234 38 59 158 0 0 13 17 0 0 0 0 0 0 0 2 0 0 0 0 0 0 3 0 0 0 8 0 0 0 0 0 0 0 0 0 0 0 0 0 0 0 0 0 0 0 0 0 1 0 0 0 0 0 12 0 0 0 0 0 0 0 0 0 12 10 11 13 14 0 0 10 15 30 31 13 0 21 40 37 8 12 0 0 0 7 0 3 0 1 0 0 0 1 0 0 0 0 0 0 0 0 9 13 7 0 0 0 0 0 4 1 0 0 0 0 0 0 0 0 0 0 0 0 0 0 0 0 20 1 9 0 0 0 0 0 0 0 0 0 0 0 0 0 1 22 19 0 31 0 11 17 5 11 28 6 0 7 11 10 11 3 14 14 0 0 0 0 0 0 0 0 6 0 0 0 10 0 10 0 0 0 0 10 0 0 0 0 0 0 0 0 0 0 0 17 0 0 0 0 0 0 0 0 0 0 1 0 2 16 0 0 1 0 17 0 0 0 0 0 0 0 0 0 0 0 0 0 0 13 0 0 1 0 
 52 1 4 0 2 2 3 1 2 0 2 0 1 1 5 1 2 0 6 1 4 4 3 4 3 65 2 4 3 3 4 3 6 4 9 4 2 3 2 6 185 193 150 306 121 62 101 40 29 41 392 82 349 95 103 234 0 59 39 317 0 5 77 6 1 0 0 7 0 17 0 8 4 4 6 0 4 0 6 6 0 0 0 0 0 0 0 0 0 0 0 0 0 0 0 0 0 0 0 0 0 0 0 16 0 0 0 0 0 0 0 0 0 0 0 0 0 0 0 0 0 7 10 11 0 0 0 2 8 18 9 13 1 10 21 25 14 7 0 0 0 0 3 42 0 16 6 0 15 0 15 21 0 0 1 2 0 0 0 9 0 0 0 0 0 0 2 0 0 0 0 0 0 0 0 0 0 0 0 0 0 4 0 0 0 0 0 0 0 0 0 0 0 0 0 0 0 0 0 0 0 20 32 1 36 0 0 10 0 0 9 20 1 8 23 0 13 8 15 19 0 1 0 4 5 0 0 0 0 0 0 0 9 8 11 5 0 0 0 7 0 0 0 0 0 0 1 0 0 0 0 3 0 2 0 0 1 4 5 8 0 0 1 4 0 10 2 0 0 0 5 0 0 0 0 4 0 0 0 0 0 0 0 0 0 0 0 0 2 0 
 0 0 1 0 0 0 3 0 0 0 0 0 0 2 0 0 0 0 0 0 4 0 0 0 0 0 0 0 0 0 0 0 0 0 2 0 0 0 0 0 89 40 212 418 120 136 243 45 87 126 241 64 252 156 68 38 59 0 29 39 5 0 0 0 5 0 0 3 0 0 0 0 51 0 0 3 0 0 68 0 0 0 0 0 0 0 0 0 0 0 0 0 0 0 0 0 0 0 0 0 0 0 0 0 0 0 0 0 0 0 0 0 0 0 0 0 0 0 0 0 0 13 2 17 5 50 11 0 1 25 53 26 0 5 1 8 10 32 0 0 0 29 0 2 0 0 36 0 0 0 0 0 17 20 10 1 11 0 2 35 0 0 0 0 8 1 2 0 0 0 0 0 0 6 0 0 0 8 0 0 0 0 0 0 0 0 0 0 0 0 0 0 0 0 0 0 0 0 0 0 0 17 8 28 8 11 0 6 17 59 27 20 0 10 0 23 21 11 0 0 0 20 0 0 0 0 8 0 37 3 0 0 14 13 19 0 1 0 20 39 0 0 3 0 0 0 0 0 0 0 0 6 0 1 0 0 0 0 0 0 0 21 5 0 1 0 0 6 0 0 0 0 0 0 0 0 0 0 0 0 0 1 0 0 21 0 0 31 1 0 
 0 0 3 0 0 0 0 0 0 0 0 0 0 5 0 0 0 0 0 3 2 0 1 133 84 0 0 0 69 97 64 88 0 67 0 0 0 92 0 0 41 266 39 286 61 58 80 148 105 95 53 36 355 103 85 59 39 29 0 559 0 0 2 1 6 0 0 0 2 0 0 3 0 0 0 20 0 0 0 0 0 0 14 0 0 0 0 0 0 17 0 0 0 0 0 0 0 0 0 0 0 19 8 21 62 12 0 0 32 15 25 9 0 1 0 10 15 9 0 0 34 0 1 0 0 0 23 36 29 0 0 0 8 22 0 0 0 2 53 0 0 0 0 0 0 5 0 0 0 0 0 0 0 0 0 0 0 8 3 0 0 0 0 0 0 0 0 0 18 0 0 0 0 0 0 0 0 0 10 0 0 0 0 10 0 20 0 0 0 16 0 16 0 0 0 15 0 0 0 0 27 0 2 0 0 0 21 11 1 0 0 0 9 0 18 0 3 0 0 0 0 0 0 0 0 0 0 0 0 0 0 0 0 0 0 0 0 0 0 0 0 0 0 0 0 0 0 0 0 0 0 9 0 0 0 0 0 65 3 2 0 0 0 0 1 3 6 0 0 0 0 0 0 0 0 1 0 0 0 0 0 0 0 0 0 0 0 0 0 0 
 3 3 3 3 3 3 3 3 7 3 3 7 3 5 5 3 3 3 3 3 3 2 63 1 18 55 0 0 126 15 1 94 65 2 205 63 0 2 0 6 54 81 79 95 109 56 106 95 366 99 269 38 322 191 192 158 317 39 559 0 0 0 0 0 0 0 0 0 0 0 22 36 2 0 0 2 0 0 0 0 0 0 4 0 0 0 0 0 0 0 0 0 0 0 0 2 0 0 0 0 0 0 62 26 43 10 4 0 3 15 0 0 0 9 0 12 0 16 0 0 0 0 0 0 13 0 20 19 30 10 13 0 0 47 7 2 9 8 11 0 0 0 0 0 0 4 0 0 0 0 0 0 0 0 0 0 0 0 59 0 0 0 0 15 0 7 0 0 4 12 0 0 0 0 0 20 0 0 0 0 0 0 0 17 6 20 0 6 0 2 6 12 0 0 0 0 0 0 0 2 14 47 0 0 10 0 10 12 0 8 0 11 0 0 30 13 22 19 7 0 0 0 0 0 0 0 0 0 0 0 0 0 0 0 0 0 0 0 0 0 0 0 0 0 0 0 0 0 0 0 0 10 0 0 9 0 0 0 78 0 0 0 1 0 0 3 3 0 1 0 9 0 0 0 0 0 0 0 0 0 0 0 0 0 0 0 0 0 0 0 
 1 0 0 0 0 1 0 2 0 0 0 0 0 0 3 0 0 0 0 0 0 2 0 0 0 27 0 0 0 4 3 0 0 0 0 0 6 15 0 11 0 0 0 18 19 0 0 3 5 1 0 49 0 0 45 0 0 5 0 0 0 335 119 104 250 59 162 87 50 27 78 30 93 46 73 53 267 370 58 110 0 0 0 0 0 0 0 0 0 0 0 0 0 0 0 0 0 0 0 0 7 8 0 11 0 0 0 0 7 0 0 0 0 0 6 0 7 0 0 0 0 0 0 1 0 22 0 0 0 0 9 0 0 0 0 0 0 0 6 8 9 0 0 2 0 0 10 8 9 0 4 0 11 31 46 16 33 19 0 9 0 0 0 0 0 0 0 0 0 0 0 0 0 4 0 0 9 0 0 0 0 14 0 7 0 0 0 7 0 9 12 0 0 0 3 0 0 10 0 0 0 0 0 9 0 32 0 0 0 1 0 0 0 0 0 0 0 0 0 0 0 5 9 0 0 8 27 35 13 45 0 9 7 8 0 32 0 4 40 1 18 0 0 7 0 0 0 0 0 0 0 0 0 0 0 0 0 2 0 0 0 0 0 0 51 0 1 0 0 0 1 2 0 1 0 5 0 0 0 0 0 0 0 0 0 0 0 2 0 0 
