 0 200 147 185 247 107 172 155 236 276 117 171 147 89 138 97 150 130 113 176 2 4 2 3 2 0 3 0 0 2 0 1 6 1 0 0 77 2 0 0 0 0 4 0 0 0 0 0 0 3 0 3 3 0 6 3 0 3 62 4 0 0 5 3 0 0 0 0 0 3 0 0 0 0 2 0 0 4 3 0 8 5 16 0 0 0 12 19 0 49 5 10 0 1 29 59 45 12 33 14 0 0 0 0 0 0 1 0 0 0 0 0 0 48 0 0 0 0 0 0 0 0 10 0 0 0 0 0 0 0 0 0 0 0 0 0 0 0 0 0 0 0 2 0 0 0 0 0 0 0 3 1 1 0 0 0 0 0 0 0 18 32 32 0 0 19 12 12 19 0 1 10 0 16 15 36 28 29 12 10 0 0 0 0 0 0 0 0 0 0 0 10 9 1 0 2 19 0 0 1 0 0 0 0 0 0 2 0 0 23 0 0 0 0 0 0 0 0 0 0 0 0 0 0 0 0 0 0 0 0 0 0 0 0 0 0 0 0 0 0 0 1 0 0 0 1 90 2 0 87 0 8 0 0 0 0 0 0 0 0 0 0 9 0 0 0 0 0 0 0 0 0 0 2 0 0 0 0 0 0 0 0 0 0 0 0 0 0 0 0 
 200 0 352 78 29 21 441 145 21 89 28 126 50 391 47 139 29 67 352 56 3 4 0 74 7 0 0 0 0 0 0 0 4 0 0 2 5 9 0 0 0 0 2 0 3 67 0 0 0 0 0 5 0 0 1 3 0 1 0 5 0 1 3 3 0 0 0 0 0 3 0 0 0 0 2 1 2 0 3 0 2 23 13 28 15 10 25 9 17 13 0 12 14 0 10 17 31 10 11 1 0 0 0 0 0 0 13 0 0 0 0 0 0 0 0 0 1 0 0 0 6 0 2 0 0 0 0 0 0 0 0 0 0 0 0 0 0 0 0 0 0 0 0 0 0 0 0 2 0 0 0 0 0 0 0 0 1 2 0 0 38 36 12 0 32 32 0 21 0 13 0 21 0 13 59 0 21 24 10 16 0 0 2 0 0 0 0 1 0 1 0 0 4 0 0 0 0 0 0 1 0 0 0 0 0 0 0 0 0 0 0 31 0 0 0 0 0 0 0 0 0 1 0 0 0 0 1 0 0 0 0 0 1 0 2 0 0 0 0 0 0 5 0 0 0 0 0 0 110 87 0 9 0 0 0 0 0 0 0 0 2 0 0 0 0 0 0 0 0 0 0 0 0 0 0 0 17 0 0 0 0 0 0 0 0 0 0 0 0 0 
 147 352 0 285 440 24 61 91 217 473 131 28 86 445 252 391 159 436 58 90 2 6 1 0 2 2 0 0 0 0 0 7 141 0 0 0 37 2 1 74 0 0 2 0 0 3 0 0 0 64 3 3 7 0 0 3 3 3 0 3 0 39 0 3 2 2 0 0 0 3 2 0 0 0 2 50 0 0 2 0 0 23 12 12 0 44 6 0 22 14 12 16 0 15 0 14 22 41 0 21 11 0 0 0 0 0 29 0 10 0 0 0 0 0 11 0 0 0 0 8 0 0 0 0 0 0 0 0 0 14 0 0 0 0 0 10 0 0 0 0 0 0 0 0 0 2 0 0 0 0 10 0 0 0 0 0 0 0 0 0 0 9 0 10 0 37 0 0 35 18 16 10 31 0 19 5 46 15 10 11 4 0 0 0 0 0 23 1 0 0 0 0 0 12 0 0 0 0 11 2 0 0 0 0 0 0 0 0 0 0 0 0 0 0 0 0 0 0 0 0 0 0 0 0 0 1 0 0 0 0 0 2 0 0 0 0 0 0 0 0 0 0 0 0 0 2 1 0 3 0 20 9 0 0 0 0 0 0 0 0 0 2 0 0 0 0 0 0 1 0 0 0 0 0 0 0 0 0 0 0 0 0 0 0 11 0 0 0 0 0 
 185 78 285 0 175 253 58 95 335 293 80 159 74 65 122 67 50 378 172 59 5 4 3 0 2 3 0 3 0 0 0 0 75 0 74 0 76 2 1 4 4 0 2 0 0 0 0 2 0 0 37 3 3 3 0 5 0 4 0 3 0 0 0 3 7 0 12 0 0 3 0 0 0 0 2 3 0 0 3 0 0 33 2 2 20 16 0 14 22 13 0 12 16 1 0 2 15 30 0 28 3 0 16 2 0 0 31 3 0 1 0 0 0 1 0 0 28 0 0 10 0 0 0 0 0 0 0 0 0 0 0 0 0 0 0 0 0 0 0 0 0 0 0 0 0 0 0 0 0 0 3 0 0 2 0 0 13 0 1 0 0 8 0 9 23 3 6 0 11 28 22 0 1 12 0 25 8 15 0 0 11 19 0 1 0 0 8 1 0 25 0 0 25 8 0 0 0 0 28 2 0 0 0 0 0 0 0 0 0 0 0 0 0 0 0 0 0 0 0 0 0 0 0 0 0 0 0 0 0 0 0 0 0 0 0 1 0 0 0 0 0 1 0 0 0 1 173 0 3 0 0 11 0 0 1 0 0 0 0 0 0 0 1 0 0 23 0 0 0 0 0 0 0 0 0 0 2 0 0 0 0 0 0 0 0 0 0 0 0 0 
 247 29 440 175 0 197 28 268 322 423 221 163 79 35 188 168 537 57 50 65 113 6 0 0 3 0 77 211 0 0 0 0 75 72 22 0 3 2 35 141 2 0 4 0 0 0 0 2 0 0 0 3 0 0 1 3 0 0 0 3 0 0 0 3 8 0 29 2 0 3 0 0 0 57 2 0 0 0 3 0 0 3 0 24 27 43 0 0 15 14 19 0 0 11 0 3 7 53 0 0 15 35 24 7 0 0 0 5 24 0 7 0 37 0 10 0 10 0 16 45 0 0 0 0 7 0 0 14 0 0 0 0 0 0 0 0 0 0 0 0 0 0 0 3 0 1 0 0 0 0 0 0 0 0 2 0 0 0 0 0 0 0 1 7 10 15 0 0 12 0 28 1 0 0 0 7 0 0 0 0 35 17 10 0 13 0 19 0 0 21 0 7 0 45 15 0 9 0 44 34 0 0 0 0 0 0 0 0 0 0 0 0 0 0 0 0 14 8 0 0 0 0 0 0 0 0 0 0 0 0 0 0 0 0 0 1 0 0 0 0 0 0 0 0 0 2 87 0 3 0 11 9 2 0 0 0 0 0 0 0 0 0 0 0 0 0 1 0 0 0 0 0 0 0 0 5 0 0 0 0 0 0 0 0 0 0 0 0 0 0 
 107 21 24 253 197 0 51 32 457 135 419 114 56 28 247 145 240 166 51 152 20 33 31 0 19 32 98 32 0 0 22 26 93 0 0 25 3 2 0 2 0 0 2 0 2 0 0 0 0 0 0 3 0 0 0 3 0 58 0 3 0 0 0 3 0 0 0 0 0 3 0 0 0 0 2 0 0 0 2 0 0 0 53 31 13 9 0 0 3 2 38 14 0 0 16 26 31 0 0 0 0 1 0 0 0 0 0 0 0 0 1 0 11 16 0 0 0 0 31 20 0 0 0 0 0 0 0 0 0 0 0 0 0 49 0 0 0 0 0 0 0 0 0 0 0 1 0 0 0 0 0 0 0 0 0 0 0 0 0 0 0 46 16 0 15 29 0 1 0 17 14 0 0 0 0 13 0 0 0 0 0 0 11 0 0 0 30 0 0 9 0 0 0 6 11 0 0 0 0 48 0 0 0 0 13 0 0 0 0 0 0 1 0 0 0 0 0 0 0 0 0 0 0 0 0 0 0 0 0 0 0 0 0 0 0 0 0 0 0 0 0 4 0 0 0 2 0 4 1 86 14 2 5 4 0 0 0 1 0 0 0 0 8 0 0 0 0 0 0 0 0 0 0 0 0 0 3 12 0 0 0 0 0 0 0 0 0 0 0 0 
 172 441 61 58 28 51 0 55 57 39 55 32 284 362 38 124 33 37 51 176 5 7 2 2 3 2 1 2 2 1 1 2 6 1 2 2 5 3 1 2 0 0 3 1 2 1 2 2 2 2 1 4 0 0 2 4 2 1 2 3 0 0 0 3 0 0 0 0 0 1 0 0 0 0 3 0 0 0 2 0 21 2 20 9 18 9 13 13 9 28 0 0 14 0 0 1 19 7 11 0 1 0 0 0 1 0 1 0 0 0 0 0 0 0 0 0 0 0 0 0 0 0 0 0 0 0 0 0 0 0 1 0 0 0 0 9 0 0 0 0 0 14 0 2 0 0 4 0 0 0 0 0 0 0 0 0 0 0 0 0 13 30 3 0 20 13 0 8 1 1 0 0 0 6 2 0 14 31 17 0 0 0 0 1 0 0 0 0 0 0 0 0 0 0 0 0 0 0 0 0 0 0 0 0 0 0 0 0 0 0 0 11 0 1 0 0 0 0 0 0 0 0 0 0 0 0 0 0 0 0 0 0 0 0 0 0 0 0 0 0 0 11 0 0 0 0 1 2 49 1 1 12 0 0 0 0 0 2 0 0 0 0 0 0 0 0 0 1 0 0 0 0 0 0 0 0 22 0 0 0 0 0 0 0 0 0 0 0 0 0 
 155 145 91 95 268 32 55 0 219 121 43 203 148 515 72 499 103 120 97 351 1 5 0 0 8 0 0 2 1 4 31 2 3 0 0 0 76 3 0 0 0 0 8 0 0 6 0 0 0 4 0 3 0 0 6 3 0 1 0 3 0 68 0 3 0 0 0 0 0 3 0 0 0 0 2 0 0 0 2 0 11 0 10 0 26 19 0 15 0 0 0 47 13 1 8 20 14 13 6 12 0 0 0 0 0 0 0 0 0 0 0 0 0 11 0 0 0 0 0 0 0 0 0 0 0 0 0 0 0 0 0 0 0 0 0 0 0 0 0 0 0 0 0 0 0 0 0 17 0 0 0 0 0 0 0 0 0 0 0 0 16 1 61 8 2 0 0 1 43 0 3 36 0 17 36 22 9 13 1 8 0 0 0 0 0 0 1 0 0 0 0 0 16 0 0 0 0 0 0 0 0 0 0 0 0 0 0 0 0 0 0 0 0 0 0 0 0 0 0 0 0 0 0 0 0 0 0 0 0 0 0 0 0 0 0 0 0 0 0 0 0 0 0 0 0 0 98 0 4 199 0 12 2 0 2 0 0 0 0 0 0 0 0 0 0 0 0 0 0 0 0 0 0 0 0 8 0 0 0 0 0 0 0 0 0 0 0 0 0 0 
 236 21 217 335 322 457 57 219 0 227 525 412 90 210 261 167 366 492 100 65 80 5 0 0 2 0 0 0 0 1 0 0 152 2 0 0 19 4 0 282 0 0 2 0 0 0 0 0 0 0 0 3 0 0 0 3 0 2 0 3 0 0 0 3 3 0 4 0 0 3 0 0 0 0 5 0 0 0 3 0 0 9 12 2 31 55 0 0 40 11 16 2 0 0 13 41 10 34 0 0 21 0 0 0 0 0 7 0 14 0 0 0 0 18 9 0 0 0 0 23 0 0 0 0 0 0 0 0 0 0 0 0 0 0 0 0 0 0 0 0 2 0 0 0 0 0 0 0 0 0 1 0 0 0 1 0 0 0 0 0 0 30 9 0 13 3 0 0 14 15 17 11 0 0 0 14 17 13 0 0 21 0 9 0 0 0 18 0 0 28 0 0 51 15 0 0 0 0 17 40 0 0 0 0 0 0 0 0 0 0 0 0 1 0 0 0 0 0 0 0 0 0 0 1 0 0 0 0 0 0 0 0 0 0 0 0 0 0 0 0 0 0 0 0 0 2 6 0 6 4 16 8 0 0 1 0 0 1 0 1 1 0 9 0 0 0 0 0 0 0 0 0 0 0 0 0 0 0 0 0 0 0 0 0 0 0 0 0 0 0 
 276 89 473 293 423 135 39 121 227 0 119 317 74 133 179 146 34 185 273 94 76 4 0 0 2 0 0 0 3 0 0 2 64 0 0 0 3 2 1 1 0 0 2 0 0 0 0 0 0 0 0 3 0 0 0 6 0 1 0 3 0 0 8 3 0 0 0 0 0 2 0 0 0 0 3 0 1 0 2 0 1 0 17 0 0 0 15 12 0 14 32 16 19 15 48 35 10 0 15 24 30 0 2 0 0 0 5 0 0 0 0 0 0 8 0 0 15 0 2 0 0 0 0 0 0 0 0 0 0 0 0 0 0 0 0 0 2 0 0 0 0 0 0 0 0 0 0 1 0 0 2 0 0 0 0 0 2 1 0 0 14 0 34 19 0 1 10 13 10 0 11 29 10 13 19 35 0 42 14 15 1 0 1 1 0 0 0 2 0 23 0 0 1 0 0 0 0 0 0 0 0 0 0 0 0 0 0 0 0 0 5 0 0 0 0 0 0 0 2 0 0 2 0 0 0 0 2 0 0 0 0 0 12 0 1 0 0 10 0 0 0 0 0 0 0 2 1 0 1 88 0 4 1 0 0 0 0 0 2 0 0 0 4 0 0 0 4 2 0 0 0 0 0 0 0 0 0 0 0 0 0 0 0 0 0 0 0 0 0 0 
 117 28 131 80 221 419 55 43 525 119 0 253 256 24 148 397 273 145 42 148 91 7 0 0 2 0 75 2 2 0 0 0 3 0 0 0 78 2 75 22 0 0 2 0 0 0 0 0 0 0 0 3 0 0 0 3 0 0 0 3 0 0 0 3 0 0 0 0 0 2 0 0 0 0 3 0 0 0 2 0 0 5 10 14 13 20 0 0 14 0 22 7 0 0 10 39 2 2 0 0 18 0 0 0 0 0 9 0 0 0 0 0 29 9 40 0 0 0 1 27 0 2 0 1 12 0 0 0 0 1 0 0 0 0 0 0 0 0 0 0 0 0 0 0 0 2 0 0 0 0 0 0 0 0 0 0 0 0 0 0 13 0 21 11 0 39 0 0 1 0 14 11 0 0 0 30 1 12 0 0 1 0 3 0 2 0 19 16 0 17 0 0 10 12 0 11 0 0 18 21 0 0 0 0 0 0 0 0 0 0 0 23 0 0 0 0 0 0 0 0 0 0 0 0 0 0 0 0 0 0 0 0 0 0 0 0 0 0 0 0 0 0 0 0 0 0 86 1 2 2 18 17 0 0 0 0 0 0 0 0 0 0 22 0 0 0 0 0 0 0 0 0 0 0 0 25 0 0 0 0 0 0 0 0 0 0 7 0 0 0 
 171 126 28 159 163 114 32 203 412 317 253 0 59 166 321 159 220 391 15 43 62 6 2 0 3 2 117 0 0 0 0 2 155 0 0 0 4 2 76 210 0 0 2 0 0 0 0 0 0 0 0 3 0 0 0 3 0 2 0 3 0 0 0 3 6 0 4 0 0 3 0 0 0 0 2 0 0 0 2 1 0 14 11 0 11 10 11 0 21 0 18 15 0 0 17 37 57 0 20 0 27 7 0 0 0 0 19 0 0 0 0 0 4 20 12 0 8 1 2 39 0 0 0 0 17 0 0 0 2 0 0 0 0 0 0 0 0 0 0 0 0 0 0 0 0 0 0 0 0 0 0 0 0 0 0 0 0 0 0 0 1 0 30 6 0 11 0 0 0 30 35 2 0 19 0 37 0 48 0 0 1 0 2 0 0 0 41 0 2 71 0 0 17 22 2 0 5 1 6 6 0 0 0 0 2 0 0 0 0 0 0 0 0 0 0 0 0 0 0 0 0 0 0 0 0 0 0 0 0 0 0 0 0 0 0 0 2 0 0 0 0 0 0 0 0 3 1 0 6 3 20 21 0 0 2 0 0 0 0 0 0 0 14 0 0 0 0 0 0 0 0 0 0 0 0 11 0 0 0 0 0 0 0 0 0 0 0 0 0 0 
 147 50 86 74 79 56 284 148 90 74 256 59 0 96 42 132 98 30 186 120 2 41 0 2 2 0 0 0 0 0 1 1 3 0 0 2 4 2 4 0 0 0 3 0 0 0 0 99 0 0 4 6 0 0 0 2 3 1 0 5 0 0 0 3 6 3 0 0 0 1 6 0 6 0 7 1 31 3 4 0 29 0 1 19 0 24 45 21 10 16 0 0 0 30 19 2 42 7 19 0 0 0 0 0 0 0 0 0 0 0 0 0 0 0 0 0 0 0 0 0 0 0 0 0 0 0 0 0 0 0 0 0 0 0 0 0 0 0 0 0 0 0 0 0 0 0 1 0 0 22 0 0 0 0 0 0 0 9 0 0 72 23 19 0 13 20 0 31 0 0 0 13 0 11 24 0 17 0 12 28 0 0 0 0 0 0 0 0 0 0 0 0 1 0 0 0 0 0 0 0 0 0 0 0 0 0 0 0 0 0 0 2 0 0 0 0 0 0 0 0 0 0 0 0 0 0 0 0 0 0 0 0 0 1 0 0 0 0 0 0 0 3 0 0 0 2 0 0 2 88 2 20 8 0 0 0 0 0 0 0 0 0 2 0 0 0 0 0 0 0 0 0 0 0 0 0 0 0 0 0 0 0 0 0 0 0 0 0 0 0 
 89 391 445 65 35 28 362 515 210 133 24 166 96 0 106 129 14 342 563 153 1 4 0 0 3 0 0 0 0 1 0 0 3 0 0 0 78 2 0 0 0 0 2 0 0 0 0 0 0 0 0 3 25 0 0 3 0 1 0 3 0 62 0 3 0 0 0 0 0 3 0 0 0 0 2 0 0 45 3 0 0 32 16 10 21 0 7 0 0 18 0 27 0 1 0 18 7 32 0 14 0 0 0 0 0 0 22 0 0 0 0 0 0 0 0 0 0 0 0 0 0 0 0 0 0 0 0 0 0 0 0 0 0 0 0 0 0 0 0 0 32 0 0 0 0 0 0 0 0 0 3 0 0 0 0 0 0 0 0 0 24 32 0 21 14 0 0 0 24 19 0 11 0 0 50 0 30 41 19 8 0 0 0 0 0 0 0 8 0 0 0 0 12 0 0 0 0 0 0 1 0 0 0 0 0 0 0 0 0 0 0 0 0 0 0 0 0 0 0 0 0 0 0 0 15 0 0 0 0 0 0 0 0 0 0 13 0 0 0 0 0 0 0 0 0 2 89 0 91 87 0 20 4 0 0 0 0 0 0 0 0 0 0 0 0 0 0 0 0 0 0 0 0 0 0 0 20 0 0 0 0 0 0 0 0 0 0 0 0 0 
 138 47 252 122 188 247 38 72 261 179 148 321 42 106 0 70 167 131 167 170 3 4 0 88 2 0 0 1 0 0 1 0 3 0 0 0 80 2 0 75 0 0 2 0 0 0 0 0 0 0 0 3 0 0 0 3 0 3 0 3 0 1 0 3 0 0 0 0 2 1 0 0 2 0 6 0 3 3 2 0 0 3 43 7 7 16 25 24 12 0 28 1 0 0 35 26 1 7 0 15 9 0 0 0 0 0 0 0 0 0 0 0 11 12 12 0 0 0 0 0 0 0 0 0 0 64 0 0 0 0 0 0 1 0 0 0 0 0 0 0 0 0 0 0 0 0 0 0 0 0 21 0 0 0 0 0 0 0 0 0 0 21 9 0 0 0 0 9 22 0 0 10 1 0 0 10 32 26 0 13 0 0 0 0 0 14 0 0 0 0 0 0 14 0 0 0 0 0 12 21 0 0 0 0 0 0 0 0 0 0 0 0 0 0 0 0 0 0 0 0 0 0 0 0 0 0 0 0 0 0 0 0 0 0 0 0 0 2 0 0 0 0 0 0 0 0 98 0 2 3 1 1 0 0 2 0 0 0 0 0 2 0 9 0 0 0 0 2 0 0 0 0 0 0 0 0 11 0 0 0 0 0 0 0 0 0 0 0 0 0 
 97 139 391 67 168 145 124 499 167 146 397 159 132 129 70 0 173 362 572 181 3 6 0 0 2 0 2 0 3 0 0 0 147 0 0 0 6 2 0 0 0 0 3 2 1 0 0 2 0 0 0 3 9 0 0 2 0 1 0 3 0 39 0 56 0 0 0 0 0 1 0 0 0 3 3 0 0 4 2 1 0 13 0 12 12 22 22 8 11 14 10 44 0 10 0 31 0 37 14 0 0 0 0 0 0 0 22 0 10 0 0 0 0 0 0 0 0 0 0 12 0 0 0 0 0 0 0 0 0 0 0 0 0 0 0 0 0 0 0 0 0 0 2 0 0 0 0 0 0 0 0 1 1 6 0 0 0 0 0 0 20 8 15 17 0 22 0 0 27 30 17 10 0 0 51 9 19 19 15 5 2 0 0 0 0 0 45 0 0 0 0 0 1 10 12 2 0 0 0 1 0 0 0 0 0 0 2 0 0 0 0 2 0 0 0 0 0 0 0 0 0 0 0 10 0 0 0 0 0 0 0 0 0 0 0 0 0 0 0 0 0 0 0 0 0 0 3 2 3 137 20 12 0 0 0 0 2 0 0 0 0 0 0 0 0 0 0 0 0 0 0 0 0 2 0 15 0 0 0 0 0 0 0 0 0 0 0 0 0 0 
 150 29 159 50 537 240 33 103 366 34 273 220 98 14 167 173 0 269 27 38 4 5 0 0 2 0 2 207 78 0 76 0 107 0 0 0 8 2 1 58 0 0 2 2 2 0 0 2 0 0 0 3 0 0 0 3 0 2 0 3 0 0 0 3 23 2 14 0 0 3 0 0 0 3 2 0 0 0 3 0 0 16 12 36 31 55 0 23 32 10 24 5 0 0 11 46 13 29 0 0 10 0 0 0 0 0 17 0 10 0 0 0 10 29 2 0 0 0 0 18 0 0 0 0 12 0 0 0 0 0 0 0 0 0 0 0 0 0 0 0 0 0 0 0 0 0 0 0 0 0 0 0 0 0 1 0 0 0 0 0 0 1 30 2 20 10 0 0 0 45 27 12 0 0 20 22 7 12 0 0 21 0 0 0 0 0 53 1 0 0 0 0 14 24 0 0 0 0 18 14 0 0 0 0 0 0 0 0 0 0 0 0 0 0 0 0 0 0 0 0 0 0 0 0 0 6 0 0 0 0 0 0 0 0 0 2 0 0 26 0 0 0 0 0 0 0 3 0 1 1 15 18 0 0 0 0 0 0 0 0 0 0 5 0 0 0 2 0 0 0 0 0 0 0 0 8 0 0 0 0 0 0 0 0 0 0 0 0 0 0 
 130 67 436 378 57 166 37 120 492 185 145 391 30 342 131 362 269 0 443 47 80 5 0 91 2 0 76 0 1 0 0 1 99 0 0 4 3 2 1 2 2 63 2 0 0 0 0 0 0 0 0 3 0 0 0 3 0 0 0 3 0 0 0 3 13 0 10 0 0 2 3 0 0 0 3 0 0 0 4 0 0 15 12 18 10 29 0 0 12 45 11 12 0 13 0 0 3 43 0 12 27 0 5 0 0 0 13 12 13 0 0 0 0 0 7 0 16 0 0 15 0 0 0 0 7 0 0 0 0 0 0 0 0 0 0 0 0 0 0 0 0 0 0 0 0 0 0 0 0 0 5 1 0 0 0 0 0 1 0 0 0 37 0 7 49 20 0 0 14 15 14 23 15 0 0 11 15 22 0 0 22 0 10 0 11 0 27 0 0 98 0 0 0 22 0 0 0 0 15 20 0 0 0 0 0 0 0 0 0 0 0 0 0 0 0 0 2 0 0 0 0 0 0 0 0 0 0 0 0 0 0 0 0 0 0 0 0 0 0 0 0 0 0 0 0 6 6 0 2 0 8 7 0 0 0 0 0 0 0 0 0 0 0 0 0 0 0 0 0 0 0 0 0 0 0 5 0 0 0 0 0 0 0 0 0 0 0 0 0 0 
 113 352 58 172 50 51 51 97 100 273 42 15 186 563 167 572 27 443 0 259 2 204 0 17 2 0 0 0 0 0 74 0 5 0 0 0 3 2 0 0 0 0 2 0 0 0 0 0 2 0 0 3 38 0 0 3 0 0 0 3 0 44 0 3 0 0 0 0 0 11 0 0 0 3 2 0 0 10 3 1 10 17 12 0 0 14 44 0 0 15 0 17 0 56 1 0 1 7 14 60 0 0 0 2 6 0 0 0 0 1 0 0 0 0 0 0 0 12 0 0 0 0 0 0 0 0 0 0 0 0 0 0 0 0 0 0 0 0 0 0 0 0 0 0 0 0 0 0 0 0 27 0 0 2 0 0 0 0 1 0 13 11 0 16 2 0 11 0 31 0 0 12 45 1 5 0 41 12 11 12 0 0 0 0 0 0 0 0 0 0 0 0 0 0 0 10 0 0 0 0 0 0 0 0 0 13 0 0 0 0 0 0 0 0 41 0 0 0 0 0 0 0 2 0 0 0 0 0 0 0 0 0 0 0 0 0 0 0 0 1 0 2 0 0 0 0 4 2 2 0 2 9 0 0 0 0 1 0 2 0 17 0 0 0 0 0 0 0 0 1 0 0 0 0 0 0 0 0 0 0 0 0 0 0 0 0 0 0 0 0 
 176 56 90 59 65 152 176 351 65 94 148 43 120 153 170 181 38 47 259 0 2 12 1 0 8 0 0 5 0 0 2 0 3 2 0 0 5 4 0 3 2 0 4 0 5 2 0 2 2 3 1 7 4 0 0 5 2 7 0 3 0 52 0 3 3 0 0 2 0 9 0 0 0 0 5 0 1 3 2 0 10 6 18 11 9 21 25 7 1 0 17 24 0 0 29 0 0 0 16 0 0 0 0 0 0 0 16 0 0 0 0 0 0 0 0 0 0 0 0 0 0 0 0 0 0 1 0 0 0 0 0 0 0 0 0 0 0 0 0 0 0 0 0 0 0 0 0 0 0 1 0 16 0 0 0 0 0 0 0 0 49 9 1 10 0 0 1 28 23 0 0 0 27 11 2 0 8 0 20 22 0 0 0 0 0 0 0 0 0 1 0 0 0 0 0 0 0 0 0 0 0 0 0 0 0 0 16 0 0 2 0 0 0 0 0 0 0 0 0 0 0 0 0 0 0 2 0 0 0 0 0 0 1 0 0 0 0 2 1 0 0 0 0 0 0 0 1 0 0 22 1 19 0 0 0 0 0 0 0 0 0 0 0 0 0 0 0 0 0 0 0 2 0 0 0 0 24 0 0 0 0 0 0 0 0 0 0 0 0 0 
 2 3 2 5 113 20 5 1 80 76 91 62 2 1 3 3 4 80 2 2 0 95 251 38 317 28 237 386 77 111 126 37 59 222 94 45 59 246 125 122 2 4 0 2 3 0 3 4 0 3 0 0 1 2 6 2 0 4 3 0 47 0 2 0 0 0 3 0 2 3 3 0 0 58 0 6 2 0 2 0 0 0 0 25 78 0 0 2 0 0 10 1 0 0 0 0 0 0 0 0 29 40 15 0 0 0 12 11 9 9 41 7 89 0 25 0 9 0 22 34 0 8 0 0 11 0 0 0 0 0 0 0 0 0 3 0 0 0 12 2 0 0 0 0 0 6 0 0 0 0 0 0 0 0 0 0 0 0 0 0 0 10 0 56 9 33 0 1 0 1 15 0 0 0 1 0 0 0 0 0 10 31 13 0 0 0 14 18 0 18 0 0 17 17 0 6 19 0 15 31 0 0 0 0 0 0 0 0 0 0 0 0 0 0 0 0 0 0 0 0 0 0 0 0 0 0 0 0 0 1 0 0 4 0 0 0 0 0 0 0 0 0 0 0 0 0 74 0 0 0 12 0 0 0 13 1 2 0 0 0 0 0 0 0 0 0 0 0 0 0 0 0 0 0 0 11 0 8 0 0 0 0 0 0 0 0 0 0 0 0 
 4 4 6 4 6 33 7 5 5 4 7 6 41 4 4 6 5 5 204 12 95 0 326 368 115 144 79 251 118 47 181 25 47 87 270 381 88 254 51 66 0 0 2 0 0 0 0 3 19 0 0 0 66 1 1 3 0 1 0 0 0 0 6 0 19 0 3 0 2 27 0 0 3 1 28 7 12 0 3 1 0 0 0 0 0 0 0 0 1 0 0 0 0 0 0 0 0 0 0 2 31 9 14 0 18 35 0 0 0 0 0 7 9 26 0 9 10 45 15 1 1 0 0 0 0 0 0 0 0 0 0 0 0 15 1 0 0 0 4 18 0 0 0 0 8 0 0 0 1 2 9 0 0 0 0 0 0 18 0 0 0 0 0 0 0 0 0 0 0 0 0 8 0 0 0 0 1 0 0 0 11 0 35 0 0 3 0 8 10 20 98 0 28 10 0 21 30 34 9 2 0 0 0 0 0 0 0 22 0 12 0 0 0 0 0 0 0 0 12 0 0 0 0 0 0 0 1 0 0 0 0 0 0 0 0 0 0 0 0 0 0 0 1 0 0 2 2 0 0 0 0 0 0 0 23 2 0 0 1 2 2 2 0 0 0 0 0 0 0 1 0 0 0 2 0 0 0 0 0 0 0 0 0 0 0 0 0 0 0 0 
 2 0 1 3 0 31 2 0 0 0 0 2 0 0 0 0 0 0 0 1 251 326 0 154 147 128 86 197 274 231 171 77 140 185 137 147 117 173 133 35 0 0 0 207 0 0 0 3 0 0 0 0 2 1 0 4 0 1 0 1 0 3 2 0 0 0 3 0 2 3 0 0 0 0 0 3 3 0 0 0 0 0 0 0 0 0 0 0 0 0 0 0 0 0 0 0 0 0 0 0 0 22 11 22 16 20 1 61 12 69 32 27 0 0 13 1 11 22 20 0 0 0 0 0 0 0 29 0 0 0 0 0 0 0 6 0 0 0 68 28 0 0 0 0 10 0 0 0 0 0 0 0 0 0 0 0 0 0 0 0 0 0 0 0 0 0 0 9 0 14 0 0 0 0 0 0 0 0 0 0 0 21 26 44 1 3 45 0 35 10 19 19 17 1 12 48 1 5 0 2 0 0 0 0 0 0 0 0 0 0 0 0 19 2 0 0 0 0 21 14 0 0 0 0 0 0 0 0 0 0 0 0 0 0 0 0 0 0 0 0 0 0 0 0 0 0 0 0 0 0 0 0 0 0 18 0 0 2 57 0 1 0 0 0 0 0 13 0 0 0 0 0 0 0 0 0 0 0 0 0 0 11 0 0 0 0 0 0 0 0 
 3 74 0 0 0 0 2 0 0 0 0 0 2 0 88 0 0 91 17 0 38 368 154 0 74 319 107 93 195 218 314 129 53 92 62 339 121 28 296 145 0 0 0 1 2 55 0 44 0 0 2 1 1 62 54 2 2 1 66 64 0 0 2 0 1 2 3 0 3 2 3 2 0 0 0 3 2 2 2 0 0 0 0 0 0 0 0 0 0 0 0 0 0 0 0 0 0 0 0 0 0 0 12 9 8 0 0 23 13 7 16 30 20 18 0 0 1 17 0 0 21 1 0 0 0 0 12 3 0 2 0 0 13 15 20 10 13 1 13 0 0 0 12 10 4 0 0 0 0 0 0 0 0 0 0 5 0 0 0 0 0 0 0 0 0 0 0 1 0 0 0 0 0 0 0 0 9 0 0 0 10 13 0 12 23 17 0 0 0 35 21 37 0 2 14 79 13 1 18 0 0 7 3 2 0 0 38 0 0 0 0 0 5 0 10 11 0 0 1 11 0 0 0 0 0 0 0 0 0 0 0 0 1 0 0 0 0 0 0 0 0 0 0 0 0 0 0 0 0 0 0 0 0 0 2 2 2 46 150 1 27 3 0 1 0 0 0 0 0 0 0 1 0 0 0 0 0 0 0 11 0 0 0 0 0 8 0 0 0 0 
 2 7 2 2 3 19 3 8 2 2 2 3 2 3 2 2 2 2 2 8 317 115 147 74 0 217 34 219 240 86 144 215 54 88 149 319 80 458 52 72 0 0 0 49 0 0 28 3 0 0 0 0 13 1 1 3 0 2 64 7 0 1 2 0 0 0 3 0 2 8 0 0 0 0 0 3 6 0 0 0 0 0 0 1 0 0 0 0 0 0 0 0 0 0 0 0 0 0 0 2 0 10 11 0 20 27 0 36 0 31 29 23 0 0 12 0 22 0 0 0 13 6 38 0 0 0 30 0 0 0 0 0 9 20 0 14 3 14 51 32 0 0 0 0 4 0 0 0 0 0 0 0 0 0 0 0 0 0 0 0 0 0 0 0 0 0 0 8 0 0 0 0 0 0 0 0 0 0 0 0 0 20 39 43 1 14 0 0 18 0 29 16 0 0 10 17 0 18 0 0 0 9 0 0 1 0 13 0 0 0 0 0 13 0 1 0 0 9 14 19 0 0 0 0 0 0 0 0 0 0 0 0 0 0 0 0 1 0 0 0 0 0 0 0 0 0 1 0 0 0 0 0 0 0 12 0 0 1 0 0 4 0 0 0 0 0 9 0 0 0 0 0 0 0 0 0 0 0 0 16 0 0 0 0 0 0 0 0 0 0 
 0 0 2 3 0 32 2 0 0 0 0 2 0 0 0 0 0 0 0 0 28 144 128 319 217 0 27 45 326 44 214 76 34 52 48 191 64 52 29 36 0 18 0 0 0 64 2 3 0 2 3 0 88 73 67 6 0 3 6 65 0 0 2 3 1 3 3 0 2 7 12 3 2 2 0 3 15 0 0 0 0 0 0 2 0 0 0 0 0 0 0 0 0 0 0 0 0 0 0 0 0 0 13 0 48 20 0 1 0 0 0 2 0 0 1 0 11 11 0 0 20 7 1 0 0 0 10 27 0 0 0 0 6 11 12 10 0 11 30 24 0 15 0 0 12 0 0 0 0 0 0 0 21 0 0 0 0 0 0 0 0 0 0 0 0 0 0 0 0 0 0 0 0 0 0 0 0 0 0 0 0 17 0 0 1 12 0 0 1 7 31 10 0 0 0 13 0 9 0 0 4 1 0 0 0 0 0 19 9 0 0 0 8 0 9 10 8 11 22 0 0 0 0 0 0 0 0 0 0 0 0 0 0 0 0 0 0 0 0 2 0 0 0 0 0 0 0 0 0 0 0 0 0 0 13 6 0 6 1 1 1 0 0 0 0 0 0 0 0 0 0 0 10 0 0 0 0 0 0 0 0 0 0 0 0 1 0 0 0 0 
 3 0 0 0 77 98 1 0 0 0 75 117 0 0 0 2 2 76 0 0 237 79 86 107 34 27 0 151 71 42 118 443 406 501 119 39 50 35 110 345 0 0 0 0 0 0 0 14 0 0 0 0 2 1 0 41 0 2 0 0 0 0 2 49 0 0 7 0 3 3 26 0 0 1 0 3 3 1 3 4 0 0 0 35 18 36 0 0 12 0 17 0 0 0 0 0 0 11 0 0 14 6 20 17 34 0 1 4 0 11 0 0 41 0 15 4 15 1 15 38 0 0 0 0 4 0 0 0 0 0 0 0 0 0 0 0 0 0 0 10 0 0 0 0 0 0 0 0 0 0 0 0 0 0 2 0 0 0 0 0 0 0 0 22 57 30 0 15 0 6 26 2 0 0 0 0 5 0 0 0 10 9 1 8 0 1 18 16 0 68 10 0 0 0 10 9 0 26 0 13 0 0 0 0 0 0 1 0 0 1 0 0 0 0 0 0 0 0 0 0 0 0 0 0 0 0 0 0 0 0 0 0 0 2 0 0 0 0 0 0 0 0 0 0 0 0 0 0 0 0 0 0 0 0 4 2 0 42 0 2 2 0 0 0 0 0 0 0 0 0 0 0 0 0 0 16 1 11 0 0 0 0 0 0 0 0 0 0 0 0 
 0 0 0 3 211 32 2 2 0 0 2 0 0 0 1 0 207 0 0 5 386 251 197 93 219 45 151 0 204 54 114 39 52 322 142 357 187 398 51 334 0 2 4 1 2 0 0 206 0 0 3 2 64 0 4 2 0 48 0 1 0 0 2 0 0 0 3 1 2 15 0 0 4 54 1 3 8 0 1 0 0 0 2 0 16 0 0 0 0 0 0 0 0 0 0 0 2 20 0 0 0 18 22 12 12 1 0 19 0 43 7 0 19 0 33 17 22 9 12 0 0 0 0 0 0 0 20 0 0 0 0 0 19 0 0 10 0 0 15 24 0 0 0 9 9 0 0 0 0 0 0 0 0 0 0 0 0 0 0 0 0 0 0 0 1 0 0 0 0 0 0 0 0 0 0 0 0 0 0 0 18 14 22 20 0 69 0 0 0 12 3 0 18 20 21 1 21 0 0 0 0 2 0 0 2 0 0 1 0 0 0 0 0 0 0 0 0 0 0 31 0 0 0 0 0 0 0 1 0 0 0 0 0 0 0 9 0 0 0 0 0 0 0 0 0 0 0 0 3 1 0 0 0 0 7 2 4 151 0 1 3 1 0 0 0 0 2 0 0 0 0 0 0 0 0 0 0 0 0 0 0 1 0 0 0 0 0 0 0 0 
 0 0 0 0 0 0 2 1 0 3 2 0 0 0 0 3 78 1 0 0 77 118 274 195 240 326 71 204 0 82 42 225 63 208 224 450 244 203 154 65 0 0 0 1 0 0 63 2 0 0 0 0 2 1 0 3 0 0 31 30 0 0 2 0 0 0 3 0 2 3 0 0 0 0 0 3 3 0 0 0 0 0 0 0 0 0 0 1 0 0 0 0 0 0 0 0 0 0 0 0 1 0 11 10 22 9 6 39 28 25 12 35 0 12 9 1 30 0 13 0 9 0 15 0 0 0 6 0 0 15 0 0 21 34 17 0 0 1 13 7 0 0 0 0 0 0 0 0 0 0 0 0 0 0 0 0 0 0 0 0 0 0 0 0 0 0 0 8 0 0 0 0 0 0 0 0 0 0 0 0 0 1 34 19 17 29 29 13 1 25 0 10 1 0 12 85 12 0 0 0 0 6 0 0 0 0 12 0 0 0 0 0 0 0 1 0 0 0 31 10 0 0 0 0 0 0 0 0 0 0 0 0 0 0 0 0 0 0 10 0 0 0 1 0 0 0 0 0 0 0 0 0 0 0 18 0 0 87 76 3 24 0 0 0 0 0 0 0 0 0 0 0 0 0 0 0 0 0 0 12 0 0 0 0 0 10 8 0 0 0 
 2 0 0 0 0 0 1 4 1 0 0 0 0 1 0 0 0 0 0 0 111 47 231 218 86 44 42 54 82 0 301 318 247 246 208 180 134 129 72 216 0 0 0 4 0 0 0 71 0 9 1 0 2 25 64 8 0 5 0 0 2 0 2 0 0 0 6 0 6 3 6 1 0 0 0 5 3 0 0 4 0 0 0 0 0 0 0 0 0 0 0 0 0 0 0 0 0 0 1 0 0 0 6 0 16 2 12 16 41 1 38 13 0 0 24 14 0 65 0 0 2 0 0 2 0 2 12 9 0 0 0 0 35 0 2 11 24 0 9 0 0 1 0 0 1 17 23 0 0 0 0 0 0 0 24 1 0 0 0 0 1 0 0 0 0 0 0 0 0 12 4 0 0 0 0 0 0 0 0 0 0 0 15 28 9 12 9 1 30 1 81 57 5 24 0 59 3 24 0 29 0 0 9 0 0 0 0 10 0 0 0 0 54 0 0 15 0 0 0 0 0 0 0 0 0 0 0 0 0 0 0 0 0 0 0 0 0 0 0 0 0 0 20 0 0 0 0 0 0 0 0 0 0 0 10 0 1 189 77 3 15 0 0 0 0 0 0 0 0 0 0 0 0 0 0 0 0 0 0 0 0 39 0 0 0 0 0 0 0 0 
 0 0 0 0 0 22 1 31 0 0 0 0 1 0 1 0 76 0 74 2 126 181 171 314 144 214 118 114 42 301 0 146 46 158 164 298 200 191 40 54 0 0 0 0 0 0 0 2 0 0 0 1 2 0 0 2 0 2 0 0 0 0 2 0 11 3 3 0 3 5 0 9 0 0 0 3 3 0 2 0 0 0 0 0 0 0 0 0 0 0 0 0 0 0 0 0 0 0 0 0 0 10 14 13 19 49 0 28 1 28 7 23 2 0 12 6 0 21 0 0 20 8 0 0 0 0 0 1 0 0 0 0 0 11 9 0 0 0 26 6 0 0 0 0 25 0 0 0 0 0 0 0 0 0 0 0 0 6 0 0 0 0 0 0 0 0 0 5 0 0 0 0 0 0 12 26 0 0 0 0 2 11 7 1 0 21 0 0 13 0 17 1 0 0 11 0 12 50 0 0 0 0 0 1 0 0 2 17 0 0 0 0 1 0 0 0 0 0 10 0 1 0 0 0 0 0 0 0 0 0 0 0 2 0 0 0 0 0 19 0 0 0 0 0 0 0 0 0 0 0 0 0 0 0 65 0 0 74 0 0 5 0 0 1 0 0 7 0 0 0 0 0 0 0 0 0 0 0 0 0 0 1 0 0 0 0 0 0 0 0 
 1 0 7 0 0 26 2 2 0 2 0 2 1 0 0 0 0 1 0 0 37 25 77 129 215 76 443 39 225 318 146 0 122 247 87 512 76 289 33 98 0 0 0 3 0 0 44 2 0 0 2 0 210 0 1 9 0 62 64 67 0 1 2 0 0 0 3 0 2 3 0 0 0 3 0 3 3 0 3 9 0 0 0 0 2 0 0 0 1 0 0 0 0 0 0 0 0 0 0 0 0 18 24 32 29 18 11 32 36 12 15 10 0 0 0 7 11 9 0 0 9 0 43 0 0 0 11 0 25 0 2 0 65 19 0 11 0 22 14 30 0 0 0 1 10 1 0 0 0 0 0 0 0 0 0 1 0 0 2 0 0 0 0 0 0 0 0 0 2 0 0 0 0 0 2 0 0 0 0 0 0 0 0 14 26 33 0 0 17 0 0 10 0 8 0 18 0 24 1 0 0 11 0 0 12 0 22 0 0 0 0 0 0 13 23 0 1 11 0 16 0 0 0 0 0 1 0 0 0 0 0 2 0 0 0 0 0 0 0 0 0 0 2 0 0 0 0 0 0 0 0 0 0 0 13 2 5 74 2 2 12 4 3 0 0 0 5 0 0 0 0 0 0 0 0 0 0 0 0 14 0 11 0 0 0 0 0 0 0 0 
 6 4 141 75 75 93 6 3 152 64 3 155 3 3 3 147 107 99 5 3 59 47 140 53 54 34 406 52 63 247 46 122 0 290 54 66 182 64 89 342 0 0 0 0 0 0 0 3 0 0 3 0 2 1 3 3 0 2 0 0 0 0 2 0 0 0 3 0 2 3 0 0 0 50 0 3 4 0 0 0 0 9 0 33 31 9 0 0 19 0 28 10 0 0 0 0 0 8 0 0 13 26 0 19 1 20 19 22 31 3 0 0 9 0 0 0 34 0 1 3 0 0 0 0 0 0 0 0 0 0 0 0 0 0 0 0 0 0 0 0 0 0 0 0 0 0 0 0 0 0 0 1 0 0 0 0 0 0 0 0 0 0 16 0 2 19 0 0 0 17 11 0 0 0 11 25 0 0 0 7 17 20 13 0 0 0 40 0 19 22 2 0 0 17 14 1 0 21 0 6 2 0 0 0 0 0 0 6 0 0 0 0 0 0 0 0 0 0 0 0 0 0 0 0 1 0 0 0 0 0 0 0 0 0 0 0 0 0 0 0 0 0 0 0 0 0 0 0 1 0 11 0 0 0 1 0 0 0 0 0 3 2 0 0 0 0 9 0 0 0 0 0 0 0 0 41 1 1 0 0 0 0 0 0 0 0 0 0 0 5 
 1 0 0 0 72 0 1 0 2 0 0 0 0 0 0 0 0 0 0 2 222 87 185 92 88 52 501 322 208 246 158 247 290 0 282 84 276 298 188 212 0 0 0 0 0 0 2 3 0 0 0 0 2 1 0 6 0 2 0 1 0 0 2 0 0 0 53 0 2 3 0 0 0 0 0 3 3 0 3 0 0 0 0 2 0 0 0 0 0 0 0 0 0 0 0 0 0 0 0 0 9 17 0 0 12 17 0 10 26 22 42 16 0 10 18 15 0 18 20 0 0 0 0 0 0 0 0 0 0 0 0 0 0 0 1 0 0 0 31 0 0 0 0 0 0 3 0 0 0 0 2 0 0 0 0 0 0 0 0 0 0 0 0 12 0 0 0 5 0 0 6 0 0 0 0 0 0 0 0 0 0 25 18 11 1 0 15 11 31 15 0 24 25 0 17 23 39 0 1 23 0 0 0 0 0 0 0 0 0 0 0 0 37 0 0 0 0 7 10 0 0 0 0 0 0 18 0 0 0 0 0 0 0 0 0 0 0 0 0 2 0 0 17 0 0 0 0 0 0 0 0 0 72 0 14 1 0 0 77 2 0 0 0 0 0 0 0 0 0 0 0 0 0 0 0 0 0 0 0 0 0 3 0 0 0 0 15 0 0 0 
 0 0 0 74 22 0 2 0 0 0 0 0 0 0 0 0 0 0 0 0 94 270 137 62 149 48 119 142 224 208 164 87 54 282 0 242 139 111 275 347 0 0 2 0 0 0 0 2 0 0 0 0 1 0 1 2 0 0 0 64 0 0 2 0 0 0 3 0 3 2 0 0 0 53 0 3 2 0 0 0 0 0 0 2 25 0 0 0 0 0 0 0 0 0 0 0 0 10 0 0 0 13 34 41 65 32 15 26 0 12 0 26 28 5 25 26 10 12 61 11 37 0 0 0 1 0 1 0 0 11 0 0 20 0 0 0 0 0 19 0 0 0 0 0 1 0 0 1 0 0 0 0 0 0 0 5 0 0 0 0 0 0 0 1 0 0 0 6 0 0 0 0 0 0 0 0 0 0 0 0 1 22 11 1 2 33 0 14 10 0 21 1 0 9 22 41 10 28 15 0 0 0 0 0 0 0 0 0 0 0 0 0 0 0 0 0 0 2 2 0 0 0 0 0 0 0 0 0 0 0 16 0 0 0 0 0 0 0 0 2 0 0 0 0 0 0 74 0 0 0 0 0 0 0 13 0 1 150 0 1 5 0 0 0 0 62 0 0 0 0 0 0 0 0 0 0 0 0 0 0 0 5 0 0 0 0 12 0 0 0 
 0 2 0 0 0 25 2 0 0 0 0 0 2 0 0 0 0 4 0 0 45 381 147 339 319 191 39 357 450 180 298 512 66 84 242 0 60 127 38 56 0 0 0 0 0 0 65 3 0 0 0 1 66 2 1 3 0 2 24 15 0 0 4 0 0 0 3 0 2 13 0 0 0 0 0 3 10 1 3 0 0 0 0 0 0 0 0 0 0 0 0 0 0 0 0 0 0 0 0 0 0 0 17 12 50 11 10 1 20 26 13 1 0 0 9 20 35 1 0 0 4 0 18 0 0 0 21 2 0 0 0 0 26 28 10 1 58 0 16 23 0 0 0 0 9 0 0 0 0 0 0 0 0 0 0 0 0 0 0 0 0 0 0 0 0 0 0 11 0 0 0 0 0 0 0 0 0 0 0 0 0 0 25 34 18 48 0 0 0 24 0 34 0 11 17 53 2 22 2 0 0 4 0 0 0 0 15 0 0 0 0 0 1 0 0 0 0 0 11 32 0 0 0 0 0 0 0 0 0 0 0 0 1 0 0 0 0 0 0 0 0 0 0 0 0 0 0 0 0 0 0 0 73 0 16 0 1 8 73 0 25 2 0 0 0 0 0 0 0 0 0 0 0 0 0 0 0 0 0 14 0 9 0 0 0 19 0 0 0 0 
 77 5 37 76 3 3 5 76 19 3 78 4 4 78 80 6 8 3 3 5 59 88 117 121 80 64 50 187 244 134 200 76 182 276 139 60 0 157 43 128 1 0 0 0 0 0 0 3 0 0 4 0 2 1 3 6 0 0 0 0 0 0 2 0 0 0 3 0 2 3 0 0 0 1 0 3 3 0 0 0 0 9 0 0 1 10 0 0 0 0 2 0 0 0 0 13 0 6 0 0 0 23 1 21 15 0 1 0 38 9 1 2 0 17 23 10 3 0 23 1 0 0 0 0 0 0 0 0 0 0 0 0 0 0 0 9 0 0 0 0 0 0 0 0 1 0 0 0 0 0 0 0 0 0 0 0 0 2 0 0 0 6 0 0 2 0 0 0 13 0 0 0 0 0 0 0 18 0 0 0 45 21 12 1 0 0 12 10 26 0 26 0 36 15 11 69 25 15 1 11 0 1 0 0 1 0 0 0 0 0 0 0 0 0 0 0 0 0 0 0 0 0 0 0 0 0 20 1 0 0 0 0 0 0 0 0 0 0 0 0 0 0 10 0 0 0 8 0 0 0 0 0 0 0 9 0 0 0 0 10 2 0 0 0 0 0 0 0 0 0 0 0 0 0 0 0 0 0 0 0 0 0 0 0 0 0 0 0 0 0 
 2 9 2 2 2 2 3 3 4 2 2 2 2 2 2 2 2 2 2 4 246 254 173 28 458 52 35 398 203 129 191 289 64 298 111 127 157 0 23 32 2 3 3 27 2 0 31 211 0 0 0 0 2 2 6 4 63 5 73 6 0 0 4 2 3 0 3 4 2 3 0 0 0 0 0 5 6 0 2 0 0 0 0 0 0 0 0 1 0 0 0 0 0 0 0 0 0 0 0 0 0 30 0 19 1 36 9 31 18 48 21 15 0 1 18 18 19 12 0 0 9 9 11 0 0 0 42 0 0 0 0 0 27 25 0 12 0 1 38 2 0 0 0 0 1 0 0 0 0 0 0 0 0 0 0 0 0 0 0 0 0 0 0 0 0 0 0 1 0 0 0 0 0 0 0 0 0 0 0 0 25 20 15 34 4 12 14 0 19 0 18 12 17 18 23 9 6 52 0 0 0 7 0 0 0 0 12 14 0 0 0 0 0 0 2 0 0 7 13 15 0 0 0 0 0 0 0 0 0 0 0 0 0 1 0 0 0 0 1 0 0 0 0 0 0 0 0 0 0 0 0 0 0 0 15 0 0 7 2 4 1 1 0 0 0 0 8 0 0 0 0 0 0 0 0 0 1 0 0 17 0 14 0 0 0 1 0 0 0 0 
 0 0 1 1 35 0 1 0 0 1 75 76 4 0 0 0 1 1 0 0 125 51 133 296 52 29 110 51 154 72 40 33 89 188 275 38 43 23 0 341 2 0 0 0 0 0 0 3 0 0 0 0 5 1 8 3 0 3 0 0 0 0 2 0 0 0 3 1 3 13 0 0 0 46 0 39 3 11 3 0 0 1 0 0 19 0 0 0 0 0 0 0 0 0 0 0 0 0 0 0 16 9 15 3 15 0 4 3 0 0 0 0 25 12 1 0 26 0 2 65 0 0 0 0 0 0 0 0 0 2 0 0 1 0 0 0 0 0 2 0 0 0 0 0 0 0 0 0 0 0 0 0 0 0 0 0 0 0 0 0 0 0 0 7 0 18 0 0 0 0 1 0 0 0 0 1 6 0 0 0 7 31 8 7 0 2 12 25 5 12 10 0 0 2 11 27 15 27 9 0 0 0 0 2 0 0 0 0 0 0 19 0 0 0 0 0 0 0 0 0 0 0 0 1 0 0 0 0 0 0 0 0 1 0 0 0 0 0 0 0 0 0 0 0 0 0 74 0 0 0 0 0 0 0 33 0 0 1 0 0 0 0 0 11 0 0 0 0 0 0 0 0 0 0 0 14 0 0 0 0 0 0 0 0 0 0 16 0 0 0 
 0 0 74 4 141 2 2 0 282 1 22 210 0 0 75 0 58 2 0 3 122 66 35 145 72 36 345 334 65 216 54 98 342 212 347 56 128 32 341 0 0 0 0 0 0 0 0 2 0 0 2 0 1 0 3 2 0 0 62 0 0 0 2 0 0 0 3 0 3 2 0 0 0 24 0 3 2 0 0 0 0 0 0 0 7 7 0 0 30 0 0 0 0 0 0 11 0 0 0 0 0 8 0 20 47 0 19 16 0 15 0 12 67 22 37 21 11 12 21 0 0 0 0 0 0 0 0 0 0 0 0 0 0 0 0 0 0 0 0 0 0 0 0 0 1 0 0 0 0 0 0 0 0 0 0 3 0 0 0 0 0 0 0 0 0 0 0 0 0 1 0 13 5 0 0 10 0 0 0 0 12 1 10 0 6 0 1 12 18 0 4 0 0 30 9 45 10 22 24 7 0 0 0 0 0 0 0 0 0 0 0 0 0 0 0 0 0 0 0 0 0 0 0 0 0 0 0 0 0 0 0 0 0 1 0 0 0 0 0 0 0 0 0 0 0 0 0 0 0 0 0 0 0 12 16 0 1 87 0 2 2 13 0 0 0 0 0 0 0 0 0 0 0 0 0 3 0 0 0 0 0 10 0 0 0 0 24 7 0 0 
 0 0 0 4 2 0 0 0 0 0 0 0 0 0 0 0 0 2 0 2 2 0 0 0 0 0 0 0 0 0 0 0 0 0 0 0 1 2 2 0 0 382 149 64 25 242 271 313 89 394 41 510 282 248 99 58 127 31 106 127 0 0 0 0 0 0 0 0 0 0 0 1 0 0 0 0 0 0 55 0 0 1 0 0 0 0 0 0 0 0 0 0 0 0 0 0 0 0 0 0 0 0 1 0 0 0 1 4 0 27 0 0 0 0 0 0 1 0 2 4 21 35 0 18 31 24 0 0 3 31 9 62 18 0 74 1 19 16 0 13 0 0 15 0 0 0 0 0 0 0 0 0 0 0 0 1 0 0 0 0 0 0 0 0 0 0 0 0 4 6 2 0 0 0 0 0 0 0 0 0 1 16 0 0 15 0 7 0 0 0 0 0 0 0 2 0 0 0 24 0 6 22 20 20 22 0 13 30 10 7 2 12 0 0 33 16 0 0 38 24 0 0 0 0 0 0 11 0 0 0 0 0 0 0 0 0 0 0 7 0 0 0 0 0 0 0 1 0 0 33 0 18 0 2 0 0 0 0 2 0 0 0 2 36 0 0 2 0 0 18 8 0 0 0 0 0 0 0 0 0 0 0 0 0 0 25 0 0 1 0 
 0 0 0 0 0 0 0 0 0 0 0 0 0 0 0 0 0 63 0 0 4 0 0 0 0 18 0 2 0 0 0 0 0 0 0 0 0 3 0 0 382 0 182 142 268 35 168 182 72 105 147 36 56 194 153 93 121 56 123 44 33 1 0 0 0 0 0 0 4 0 0 0 0 0 0 0 0 0 1 0 0 0 0 0 0 0 0 0 0 0 0 4 0 0 0 0 0 0 0 0 0 0 0 0 5 33 0 0 0 0 0 0 0 0 48 0 0 0 0 0 1 11 18 29 27 33 38 6 5 3 12 14 0 0 0 21 10 20 0 1 4 1 0 0 0 0 0 0 0 20 0 0 6 1 17 0 0 0 0 0 0 0 0 0 0 0 0 0 4 0 0 0 0 0 0 0 0 0 0 0 0 0 17 0 0 0 0 0 0 0 0 12 0 0 0 0 0 0 0 0 21 4 19 53 0 0 18 19 24 24 19 20 25 0 16 53 23 6 32 0 23 0 0 0 0 0 0 0 0 0 0 0 0 7 0 0 0 0 9 0 0 0 24 0 0 0 0 0 0 0 0 14 0 0 0 0 0 0 0 0 0 0 0 4 2 4 0 1 2 0 0 0 0 0 0 0 0 0 0 0 0 0 0 0 0 0 0 0 0 0 
 4 2 2 2 4 2 3 8 2 2 2 2 3 2 2 3 2 2 2 4 0 2 0 0 0 0 0 4 0 0 0 0 0 0 2 0 0 3 0 0 149 182 0 114 265 73 68 207 92 62 225 112 83 70 257 400 98 35 28 293 0 51 0 0 0 0 1 0 4 0 0 0 0 0 0 206 0 0 50 0 0 0 0 0 0 0 0 0 0 0 0 0 0 0 0 0 0 0 0 0 0 0 0 0 0 0 0 0 0 0 0 0 0 0 0 0 0 0 0 0 17 9 19 1 31 32 0 0 23 6 30 17 0 13 11 0 21 0 0 0 9 0 0 0 0 0 0 0 0 0 0 0 2 0 0 8 7 0 0 6 0 0 0 0 0 0 0 0 0 0 0 0 0 0 0 0 0 0 0 0 0 0 0 0 0 0 0 0 0 0 0 0 0 0 0 10 0 0 0 0 1 0 23 0 18 14 0 10 2 1 6 65 0 9 32 0 2 7 0 0 0 0 0 0 0 0 9 0 0 0 0 0 15 0 0 0 0 0 4 0 0 0 2 0 0 0 0 0 0 2 0 3 0 0 0 0 0 0 0 2 0 0 1 0 8 2 1 0 0 1 11 0 0 0 0 0 0 7 0 0 0 0 0 0 14 0 0 13 2 0 
 0 0 0 0 0 0 1 0 0 0 0 0 0 0 0 2 2 0 0 0 2 0 207 1 49 0 0 1 1 4 0 3 0 0 0 0 0 27 0 0 64 142 114 0 76 97 167 448 95 147 151 274 83 147 75 39 286 290 84 63 5 60 0 0 0 0 0 0 2 0 0 0 52 0 0 0 3 0 0 0 0 0 0 0 0 0 0 0 0 0 0 0 0 0 0 0 0 0 0 0 0 0 0 0 0 0 0 0 0 0 0 15 0 0 0 0 0 0 0 0 3 7 3 9 11 60 0 0 26 8 15 13 0 0 0 0 3 5 0 3 0 16 0 0 0 0 0 0 0 32 0 4 26 16 15 1 0 0 0 0 0 0 0 0 0 0 0 0 15 0 0 0 0 0 0 0 0 0 0 0 0 0 0 0 1 0 0 0 0 0 0 0 0 0 0 12 0 0 0 0 1 0 20 12 0 15 0 6 13 21 25 47 0 18 9 0 0 0 0 0 4 20 0 0 0 0 0 17 0 0 0 0 61 19 4 0 0 1 17 23 0 0 21 0 0 0 0 0 0 0 0 8 0 0 0 0 0 0 0 0 0 0 0 32 8 5 0 64 2 0 0 0 0 0 0 0 0 0 0 0 0 0 0 0 15 0 0 10 2 0 
 0 3 0 0 0 2 2 0 0 0 0 0 0 0 0 1 2 0 0 5 3 0 0 2 0 0 0 2 0 0 0 0 0 0 0 0 0 2 0 0 25 268 265 76 0 269 62 66 75 83 67 353 90 54 86 56 39 43 55 299 0 55 45 0 0 0 0 0 0 0 0 0 103 0 23 51 1 0 51 8 0 0 0 0 0 0 0 0 0 0 10 0 0 0 0 0 0 0 0 0 0 0 0 0 0 0 0 0 0 0 0 0 0 0 5 0 0 0 0 0 0 0 0 0 9 0 0 0 0 0 0 0 0 0 0 0 0 0 0 0 23 12 42 0 0 0 32 10 17 0 22 0 26 12 1 0 21 29 28 39 0 0 0 0 0 0 0 0 0 0 0 0 0 0 0 0 0 0 0 0 0 0 0 0 0 0 0 0 0 0 0 2 0 0 0 0 0 0 0 0 0 0 0 0 0 12 0 0 0 0 0 0 0 0 0 0 0 0 0 0 12 54 0 0 0 14 39 17 19 9 23 0 16 23 15 10 0 31 0 33 5 0 0 0 0 0 0 0 0 0 0 3 0 0 0 0 0 2 0 1 0 0 1 0 3 3 0 0 0 0 12 0 0 11 0 0 0 0 0 0 0 0 0 0 0 0 0 0 23 0 
 0 67 3 0 0 0 1 6 0 0 0 0 0 0 0 0 0 0 0 2 0 0 0 55 0 64 0 0 0 0 0 0 0 0 0 0 0 0 0 0 242 35 73 97 269 0 254 29 62 280 322 167 257 44 61 340 75 96 42 60 1 7 51 0 0 0 0 0 0 0 0 0 32 0 52 0 0 0 107 0 0 0 0 0 0 0 0 0 0 0 0 0 0 0 0 0 0 0 0 0 0 0 0 0 0 0 0 0 0 0 0 0 0 0 0 0 0 0 0 0 0 0 0 1 8 0 0 4 0 0 0 0 0 0 0 0 0 0 0 0 74 0 30 0 0 0 19 0 13 0 9 2 0 0 0 13 10 0 34 31 0 0 0 0 0 0 4 10 0 0 0 0 0 0 0 0 8 0 0 0 0 0 0 0 0 0 0 0 0 0 0 0 0 0 0 0 0 0 0 0 0 0 0 1 0 0 0 0 0 1 0 0 0 0 0 0 0 0 0 0 1 47 0 0 0 9 2 4 17 6 13 0 7 21 14 18 0 39 7 27 7 0 0 0 0 0 0 0 0 0 0 15 0 0 0 0 0 0 0 0 0 0 0 0 0 0 1 1 0 0 0 0 0 0 0 0 0 0 0 0 0 0 0 0 0 0 0 0 21 9 
 0 0 0 0 0 0 2 0 0 0 0 0 0 0 0 0 0 0 0 0 3 0 0 0 28 2 0 0 63 0 0 44 0 2 0 65 0 31 0 0 271 168 68 167 62 254 0 125 370 360 118 103 365 159 114 129 120 45 198 334 0 0 0 0 0 0 0 0 0 0 0 3 0 0 3 0 0 0 0 4 0 0 0 0 0 0 0 0 0 0 0 0 0 0 0 0 0 0 0 0 0 0 0 0 0 24 0 0 0 0 14 0 0 8 0 0 13 0 0 0 0 7 32 16 9 5 15 55 15 28 8 28 2 21 0 31 43 37 18 0 8 0 0 0 0 0 0 0 9 15 0 0 6 0 3 0 0 0 21 0 0 0 0 0 0 0 0 0 7 0 0 0 0 0 0 0 0 0 0 0 0 0 0 36 0 0 0 0 0 0 4 29 0 0 0 0 0 0 0 0 27 10 30 24 19 2 46 22 13 16 15 33 14 10 35 13 1 8 25 0 4 0 0 0 0 0 0 0 0 0 0 0 0 0 4 0 0 0 2 0 0 0 0 0 0 0 0 0 0 0 0 4 0 0 0 0 0 0 0 0 0 0 0 66 1 1 0 0 2 0 0 0 0 0 0 0 0 0 0 16 0 0 1 0 0 18 0 0 0 2 
 0 0 0 2 2 0 2 0 0 0 0 0 99 0 0 2 2 0 0 2 4 3 3 44 3 3 14 206 2 71 2 2 3 3 2 3 3 211 3 2 313 182 207 448 66 29 125 0 162 256 37 300 442 196 156 110 34 62 67 133 4 0 0 0 0 0 6 205 0 0 3 0 0 2 0 4 0 0 89 0 0 0 0 0 12 0 0 0 0 0 0 0 0 0 0 0 0 0 0 0 0 0 0 0 0 0 0 0 0 0 0 18 0 0 0 0 0 1 0 0 35 1 0 10 19 19 10 12 0 7 19 0 1 0 22 0 7 1 0 0 5 0 0 0 0 0 0 0 0 10 0 1 8 0 3 0 0 0 0 1 0 0 0 0 0 0 0 0 1 0 3 0 0 0 0 0 0 0 0 0 0 0 0 1 0 0 0 0 0 0 9 25 0 0 0 0 0 0 0 0 0 0 57 10 9 15 0 24 0 0 0 8 15 12 0 13 0 0 0 7 0 1 0 0 0 0 33 0 0 0 8 0 0 0 0 0 0 0 7 0 0 0 0 0 0 0 0 0 0 0 0 5 0 1 0 0 0 34 1 2 0 0 2 65 63 0 0 0 0 0 14 0 0 0 0 0 0 0 0 0 0 0 0 0 6 0 0 0 2 0 
 0 0 0 0 0 0 2 0 0 0 0 0 0 0 0 0 0 0 2 2 0 19 0 0 0 0 0 0 0 0 0 0 0 0 0 0 0 0 0 0 89 72 92 95 75 62 370 162 0 145 113 97 251 188 86 172 106 63 57 116 0 0 10 2 8 0 0 4 0 3 6 3 21 2 0 16 8 3 2 0 0 0 0 0 0 0 0 0 0 0 0 0 0 0 0 0 0 0 0 0 13 0 0 0 3 0 0 0 0 0 0 0 0 0 0 0 0 0 0 0 9 8 0 6 0 29 0 30 24 15 9 25 0 0 8 15 13 47 0 7 0 0 5 0 1 22 0 5 0 0 0 11 6 40 19 0 1 0 20 4 0 0 0 0 0 6 0 0 1 0 0 0 0 0 0 0 0 0 0 0 0 0 0 0 0 0 14 0 0 0 0 0 0 0 0 0 0 0 0 8 6 0 0 55 15 13 2 9 17 16 18 15 23 25 28 1 0 0 0 13 0 13 0 0 5 15 8 3 1 4 4 1 7 0 6 12 43 0 12 0 0 0 0 0 0 0 0 0 0 0 0 9 0 0 0 0 0 1 0 0 0 0 0 1 1 1 0 0 0 0 5 0 0 0 0 35 0 0 0 0 0 0 0 0 10 15 0 0 0 0 
 3 0 64 0 0 0 2 4 0 0 0 0 0 0 0 0 0 0 0 3 3 0 0 0 0 2 0 0 0 9 0 0 0 0 0 0 0 0 0 0 394 105 62 147 83 280 360 256 145 0 218 105 267 111 164 456 107 133 280 363 0 1 0 0 0 5 4 0 0 0 4 5 0 0 0 6 0 0 0 4 0 0 0 0 0 0 0 0 0 0 0 0 0 0 0 0 0 0 0 0 0 0 0 0 0 0 0 0 0 0 0 0 0 0 0 0 0 0 0 0 24 9 0 9 32 21 0 9 20 24 17 19 0 10 12 10 0 0 18 0 12 0 11 0 0 2 7 18 0 0 0 15 0 10 0 6 12 0 21 0 0 0 0 0 0 0 0 0 5 0 0 0 0 0 0 0 0 0 0 0 0 0 0 0 0 0 0 0 0 0 14 0 0 0 0 0 0 0 0 0 6 0 18 11 33 6 0 22 6 0 9 18 0 9 21 0 0 7 0 30 0 11 0 0 0 14 1 8 9 0 0 0 0 0 0 0 0 0 8 0 0 0 0 0 0 0 0 0 0 0 0 11 0 0 0 0 0 0 0 15 0 0 3 62 2 2 0 0 1 0 19 0 0 0 0 0 0 0 0 0 0 0 0 0 0 12 0 0 0 0 
 0 0 3 37 0 0 1 0 0 0 0 0 4 0 0 0 0 0 0 1 0 0 0 2 0 3 0 3 0 1 0 2 3 0 0 0 4 0 0 2 41 147 225 151 67 322 118 37 113 218 0 158 329 404 99 108 97 118 35 145 6 1 3 0 2 0 0 0 36 3 3 0 50 17 0 1 0 0 2 0 0 0 0 0 2 0 0 0 0 0 13 0 0 0 0 0 0 0 0 0 0 7 2 0 2 0 0 0 0 0 30 0 5 0 0 0 6 0 0 0 0 11 20 16 12 54 1 13 32 14 15 56 0 28 1 9 0 19 1 8 20 0 10 0 0 0 9 8 0 0 0 0 0 10 1 7 10 0 15 11 0 2 0 0 0 2 0 0 1 0 0 0 0 0 0 0 0 0 0 0 4 0 5 0 0 0 0 0 3 0 0 0 0 5 0 0 0 0 0 4 0 0 0 25 12 0 0 0 22 42 17 13 18 15 44 0 4 9 0 0 4 12 0 0 0 10 0 9 9 0 0 0 0 0 0 0 0 0 8 0 0 0 6 0 0 0 0 0 0 0 0 4 0 0 0 0 0 0 0 1 0 0 63 0 3 0 0 0 0 0 0 0 0 21 0 0 0 0 0 0 0 0 0 0 0 0 0 0 1 0 
 3 5 3 3 3 3 4 3 3 3 3 3 6 3 3 3 3 3 3 7 0 0 0 1 0 0 0 2 0 0 1 0 0 0 0 1 0 0 0 0 510 36 112 274 353 167 103 300 97 105 158 0 238 261 28 156 210 147 96 81 4 1 0 0 0 0 6 3 29 5 0 0 0 0 3 0 0 2 102 0 0 0 0 0 0 0 0 0 0 11 0 0 0 0 0 0 0 0 0 0 0 0 0 0 0 0 0 0 0 0 0 0 0 0 0 0 0 0 0 0 9 10 0 1 68 2 0 0 12 22 19 9 0 0 9 18 15 14 0 0 41 13 11 0 0 0 4 1 0 0 7 0 3 0 4 15 10 0 36 40 0 0 0 0 0 0 0 0 0 18 0 10 0 0 0 0 0 0 0 0 0 0 0 0 0 0 0 0 0 0 11 0 0 0 0 0 0 0 0 0 6 0 10 0 28 19 21 12 7 0 0 7 0 9 25 1 0 0 0 0 3 13 7 0 2 11 5 0 10 0 0 0 6 0 2 0 0 0 0 1 0 0 0 0 0 0 0 0 0 0 0 6 0 0 0 0 0 0 0 16 0 0 2 3 0 2 0 1 1 0 9 0 0 0 0 0 0 0 0 0 0 0 0 0 0 12 0 0 0 0 
 3 0 7 3 0 0 0 0 0 0 0 0 0 25 0 9 0 0 38 4 1 66 2 1 13 88 2 64 2 2 2 210 2 2 1 66 2 2 5 1 282 56 83 83 90 257 365 442 251 267 329 238 0 326 258 465 384 32 151 91 0 9 0 0 0 0 0 0 0 3 0 50 0 0 0 0 18 0 0 0 0 0 0 0 0 7 8 0 0 1 0 3 0 0 0 0 5 0 0 0 0 0 1 0 1 55 0 0 0 0 9 0 0 0 0 0 11 11 0 0 22 7 0 7 0 18 1 13 10 0 1 1 0 1 3 0 49 28 7 22 6 0 0 0 2 0 0 0 0 0 0 0 3 0 0 0 0 0 0 0 0 0 0 15 3 0 9 0 6 0 0 0 0 0 0 0 4 0 9 9 0 17 0 13 0 10 0 1 0 9 0 0 0 0 0 0 0 0 0 0 33 4 0 29 11 0 56 13 1 54 11 9 20 13 0 20 3 15 51 26 0 0 0 1 0 0 1 0 0 0 0 0 1 0 0 0 0 0 0 0 0 0 0 0 0 0 0 0 0 0 0 2 0 2 0 0 0 0 2 18 0 0 1 0 1 4 2 0 0 0 0 0 0 64 0 0 0 20 0 0 0 0 0 0 16 0 0 0 1 0 
 0 0 0 3 0 0 0 0 0 0 0 0 0 0 0 0 0 0 0 0 2 1 1 62 1 73 1 0 1 25 0 0 1 1 0 2 1 2 1 0 248 194 70 147 54 44 159 196 188 111 404 261 326 0 297 117 34 54 110 175 0 0 0 0 2 0 0 0 0 0 7 0 0 0 0 0 0 0 0 0 0 0 0 0 0 0 0 0 0 0 0 0 9 0 0 0 0 0 0 0 0 0 0 0 0 11 0 0 0 0 16 5 0 0 0 0 6 10 0 0 76 17 0 17 29 5 0 25 28 13 7 38 0 0 36 0 0 13 0 9 0 0 0 0 0 0 0 0 0 0 0 0 0 0 0 0 0 0 0 0 0 0 0 0 0 0 0 0 7 0 0 0 0 0 0 0 0 0 0 0 0 0 0 9 0 0 0 0 0 0 10 25 0 0 0 0 0 0 0 0 10 1 41 5 11 0 0 43 13 0 15 23 14 0 31 39 9 3 4 0 0 0 0 0 0 0 1 0 0 0 0 0 0 0 0 0 0 0 2 0 0 0 0 0 0 0 0 0 0 0 0 73 0 0 0 0 0 67 1 0 0 0 2 63 0 2 2 0 0 0 15 0 0 0 0 0 0 0 0 0 0 0 0 0 0 0 0 0 0 0 
 6 1 0 0 1 0 2 6 0 0 0 0 0 0 0 0 0 0 0 0 6 1 0 54 1 67 0 4 0 64 0 1 3 0 1 1 3 6 8 3 99 153 257 75 86 61 114 156 86 164 99 28 258 297 0 69 159 265 64 205 0 0 0 0 0 0 0 0 0 0 3 0 50 7 0 0 2 1 2 0 0 0 0 0 4 0 0 0 0 0 0 0 0 0 0 0 0 0 0 0 0 11 0 0 0 32 0 0 0 0 1 9 9 0 0 0 18 1 12 0 10 2 0 36 15 13 7 12 1 12 8 11 2 3 29 9 8 14 2 14 0 6 0 0 0 0 0 14 8 0 0 0 0 0 0 1 0 0 0 0 0 0 0 0 0 0 0 0 4 0 0 0 0 0 0 0 0 0 0 0 9 0 5 23 0 1 0 0 0 0 11 11 0 5 3 0 0 0 0 0 9 0 13 14 0 0 0 29 23 14 1 1 15 19 29 17 28 0 38 12 0 0 0 0 0 0 1 0 0 0 0 0 0 0 0 0 0 0 19 0 0 0 0 0 0 0 0 0 0 0 0 16 0 1 0 0 0 19 0 3 0 0 84 38 0 0 0 0 0 0 0 0 0 0 0 0 0 0 0 0 0 0 0 0 19 0 0 0 2 0 
 3 3 3 5 3 3 4 3 3 6 3 3 2 3 3 2 3 3 3 5 2 3 4 2 3 6 41 2 3 8 2 9 3 6 2 3 6 4 3 2 58 93 400 39 56 340 129 110 172 456 108 156 465 117 69 0 132 262 94 151 0 50 0 0 0 0 0 0 2 0 30 0 0 0 3 0 0 0 16 0 0 0 0 0 0 0 0 0 0 0 0 0 0 0 0 0 0 0 0 0 0 1 0 0 0 0 0 0 3 0 9 0 1 0 3 6 1 0 0 0 0 15 0 10 0 0 0 0 25 31 6 22 19 2 0 28 15 17 12 0 9 0 6 0 0 0 24 10 0 0 0 0 0 9 0 12 0 0 1 13 0 0 0 0 0 0 0 0 0 0 0 0 0 0 0 0 0 0 0 0 0 0 3 3 14 0 0 4 5 0 0 3 15 0 0 0 5 0 0 4 1 18 0 31 37 14 16 0 5 0 6 12 4 16 30 0 4 0 14 0 0 0 0 0 0 0 0 2 1 0 0 0 9 0 0 0 0 0 0 0 0 0 6 0 0 0 0 0 0 0 0 7 0 0 0 0 0 0 2 1 0 0 65 1 1 0 3 0 0 0 0 0 0 0 0 0 0 0 0 0 0 4 0 0 0 14 0 9 0 0 
 0 0 3 0 0 0 2 0 0 0 0 0 3 0 0 0 0 0 0 2 0 0 0 2 0 0 0 0 0 0 0 0 0 0 0 0 0 63 0 0 127 121 98 286 39 75 120 34 106 107 97 210 384 34 159 132 0 75 36 256 0 0 3 0 0 0 0 0 0 0 0 0 0 0 0 0 0 0 53 0 0 0 0 0 0 0 0 0 0 0 0 0 0 0 0 0 0 0 0 0 0 0 0 0 0 20 0 0 0 0 0 0 0 0 12 0 0 0 0 0 13 1 0 2 0 21 0 24 0 17 19 0 0 36 26 14 4 0 0 14 22 5 0 0 0 0 0 0 0 0 0 0 0 0 0 16 0 0 33 4 1 0 0 0 0 0 0 0 0 0 0 0 0 0 0 0 0 0 0 0 21 17 0 0 0 0 0 0 0 0 0 0 0 12 0 0 0 0 0 0 20 10 0 33 19 20 0 12 9 19 0 0 16 10 0 5 30 17 21 23 0 0 0 0 0 0 6 0 0 0 0 0 0 0 0 0 0 0 0 0 0 0 0 0 0 0 0 0 0 0 0 12 0 2 0 0 0 0 0 3 0 0 0 2 0 1 0 0 2 0 0 0 0 0 0 0 0 0 0 0 0 0 0 0 21 0 0 0 1 0 
 3 1 3 4 0 58 1 1 2 1 0 2 1 1 3 1 2 0 0 7 4 1 1 1 2 3 2 48 0 5 2 62 2 2 0 2 0 5 3 0 31 56 35 290 43 96 45 62 63 133 118 147 32 54 265 262 75 0 58 44 0 1 0 0 0 0 0 0 0 0 0 0 0 0 0 0 0 0 49 0 0 0 0 0 0 0 0 0 0 0 0 0 0 0 0 0 0 0 0 0 0 0 0 0 0 0 0 0 0 0 0 0 0 0 0 0 0 0 0 0 0 0 0 0 0 13 8 4 0 14 13 24 0 7 0 72 0 0 0 0 6 0 0 0 0 0 1 5 0 0 0 6 0 19 42 23 1 0 0 12 0 0 0 0 0 0 0 0 0 0 0 13 0 0 0 0 0 0 0 0 0 0 0 0 5 0 0 0 0 0 0 0 0 0 0 0 0 0 0 0 3 56 1 0 2 14 8 0 19 0 19 0 0 0 0 0 17 0 0 0 0 0 0 0 0 1 0 7 0 0 0 0 17 0 9 0 0 0 19 1 0 0 0 0 0 0 0 0 0 2 0 4 0 0 0 0 0 1 0 12 0 0 2 0 0 2 0 0 0 0 0 0 0 0 0 0 0 0 0 0 0 0 0 0 6 12 0 0 0 0 
 62 0 0 0 0 0 2 0 0 0 0 0 0 0 0 0 0 0 0 0 3 0 0 66 64 6 0 0 31 0 0 64 0 0 0 24 0 73 0 62 106 123 28 84 55 42 198 67 57 280 35 96 151 110 64 94 36 58 0 317 0 2 1 0 1 0 0 0 0 0 0 0 0 0 0 0 0 0 0 0 0 0 0 0 0 0 0 0 0 0 0 0 0 0 0 0 0 0 0 0 0 0 0 0 16 0 0 0 0 0 14 0 0 0 0 0 16 0 0 0 0 18 104 0 0 0 12 12 0 19 0 10 6 27 6 16 16 20 17 0 11 1 0 0 0 0 0 0 0 0 0 0 8 0 0 0 0 0 21 0 0 0 0 0 0 0 0 0 0 0 0 0 0 0 0 0 0 0 0 0 0 0 0 15 12 0 0 0 0 0 1 0 0 0 0 0 0 0 0 0 33 22 0 11 56 0 20 0 11 1 0 0 13 16 32 18 12 7 0 11 0 0 0 0 0 0 0 0 0 0 0 0 0 0 0 0 0 0 0 0 0 0 0 0 0 0 0 0 0 0 0 14 0 0 0 0 0 0 1 10 0 0 0 0 0 13 0 0 0 0 0 0 0 0 0 0 0 0 0 32 0 0 0 0 0 26 0 11 0 0 
 4 5 3 3 3 3 3 3 3 3 3 3 5 3 3 3 3 3 3 3 0 0 1 64 7 65 0 1 30 0 0 67 0 1 64 15 0 6 0 0 127 44 293 63 299 60 334 133 116 363 145 81 91 175 205 151 256 44 317 0 0 2 6 0 0 0 1 0 0 2 1 0 1 0 0 0 0 7 4 1 0 0 0 0 0 0 0 0 0 0 0 0 0 0 0 0 0 0 14 0 0 0 2 12 2 8 0 0 19 0 0 21 0 42 0 0 0 0 0 0 28 11 0 0 10 0 8 14 42 13 0 14 10 0 17 5 0 0 1 0 0 12 0 0 0 0 0 1 0 0 0 0 0 0 0 0 0 0 0 0 0 0 0 0 0 0 0 4 0 0 0 0 0 0 0 0 0 0 0 0 0 0 8 0 55 1 0 0 0 0 9 12 1 0 0 19 0 0 0 3 0 16 19 0 10 0 0 21 0 0 0 7 6 0 8 16 0 0 68 15 0 0 0 0 0 0 1 0 0 0 0 0 0 0 0 0 0 0 0 0 0 0 0 0 0 0 0 0 0 0 0 9 0 1 0 0 0 65 2 0 14 0 1 0 2 5 1 0 0 0 15 0 0 0 0 0 0 0 0 0 0 0 0 0 0 0 0 0 0 0 
 0 0 0 0 0 0 0 0 0 0 0 0 0 0 0 0 0 0 0 0 47 0 0 0 0 0 0 0 0 2 0 0 0 0 0 0 0 0 0 0 0 33 0 5 0 1 0 4 0 0 6 4 0 0 0 0 0 0 0 0 0 126 80 367 33 106 458 108 156 94 27 48 79 155 106 97 89 313 33 94 0 0 0 15 0 0 0 0 0 0 0 0 0 0 0 0 0 0 0 0 0 0 0 0 0 0 0 0 1 0 6 0 0 0 0 0 0 0 0 1 0 0 0 10 4 0 0 0 7 0 0 0 0 0 0 0 0 0 0 0 23 35 0 0 11 0 24 0 3 6 7 17 0 8 7 0 1 30 0 14 4 0 0 0 0 0 15 0 0 2 0 1 0 0 0 0 0 0 10 0 0 0 0 0 0 0 0 0 0 0 0 0 0 0 0 0 0 0 0 0 0 0 0 16 0 0 0 0 0 8 4 4 0 0 0 0 0 0 0 0 44 0 36 30 13 0 20 0 7 3 8 0 16 7 0 34 9 5 1 1 6 0 8 0 0 0 0 0 0 0 0 0 0 53 5 0 0 0 0 0 0 0 0 0 0 0 0 2 0 0 5 0 0 0 2 0 0 0 0 0 0 0 0 0 0 0 0 0 0 0 
