 0 279 300 312 42 40 246 205 127 231 50 80 430 328 280 113 48 199 142 29 2 2 0 0 0 0 0 0 0 2 0 1 1 3 4 0 0 0 5 3 3 0 0 0 0 0 0 5 2 0 12 1 3 0 0 0 1 1 1 0 0 0 48 0 0 0 0 0 0 0 0 0 0 0 2 7 3 0 0 0 0 17 26 17 0 0 17 19 0 17 11 0 48 33 49 31 0 19 10 23 0 0 0 0 0 0 0 4 0 0 0 0 0 0 0 0 0 0 0 0 0 15 0 0 0 0 0 0 2 0 0 0 2 0 0 0 0 0 0 0 0 0 0 0 0 0 0 0 0 0 0 0 0 0 0 0 0 0 0 0 0 18 0 20 0 0 23 6 0 19 0 0 10 9 0 32 46 20 0 24 0 0 0 0 0 0 3 0 0 0 0 0 0 0 0 0 0 0 1 2 0 0 0 0 0 0 0 0 0 0 0 0 0 0 0 0 0 0 0 0 0 0 0 0 0 0 0 0 0 0 0 0 0 0 0 0 0 0 0 0 0 0 0 0 0 0 0 0 0 3 1 6 10 0 0 0 0 0 0 0 0 0 1 0 0 0 0 0 0 0 0 0 0 0 0 0 11 0 0 0 0 0 0 0 0 2 0 0 0 0 
 279 0 544 177 155 260 222 151 360 521 125 40 124 488 204 137 233 207 75 295 5 2 2 1 2 0 2 0 1 1 4 0 1 4 6 0 2 1 5 3 5 2 2 2 2 4 2 6 4 6 4 2 4 0 8 2 2 3 0 2 0 0 2 0 0 0 0 2 0 1 0 2 0 0 2 0 3 0 0 3 2 27 11 41 0 0 0 25 0 0 10 0 18 19 7 12 10 25 0 32 0 1 0 0 0 0 0 0 0 0 0 0 0 0 0 0 0 0 2 0 0 0 0 0 0 0 0 0 0 0 0 0 0 19 0 0 0 0 0 5 0 0 0 0 1 0 0 3 0 0 2 0 0 0 0 6 0 0 0 0 1 16 9 23 0 0 35 0 11 11 0 0 10 0 19 23 1 0 20 14 0 0 0 0 0 0 1 0 0 8 0 0 0 0 0 0 0 0 1 10 0 0 0 0 0 0 0 0 0 0 0 0 0 0 0 0 0 0 0 0 0 0 0 0 0 12 0 0 12 0 0 0 0 0 11 0 0 0 0 0 0 0 0 0 0 0 1 0 2 1 2 10 10 0 0 0 0 2 0 0 0 0 0 0 2 0 0 0 0 0 0 0 0 0 0 0 0 9 0 0 0 0 0 0 0 0 0 0 0 0 
 300 544 0 392 133 225 177 104 358 244 52 35 333 92 128 365 331 140 259 154 1 2 0 1 0 0 0 0 0 0 0 0 0 3 3 0 0 0 4 2 3 0 0 0 0 1 0 5 2 0 10 0 2 31 0 0 0 3 0 0 0 0 0 0 68 0 3 0 0 0 0 0 0 0 2 0 3 0 0 0 23 27 20 59 62 14 12 25 7 18 41 11 0 0 11 11 1 12 14 14 0 0 0 0 0 0 0 2 0 0 0 0 16 50 0 0 0 0 52 27 0 0 0 0 0 2 0 0 0 0 0 0 0 0 0 0 0 0 0 0 0 0 0 0 0 0 0 1 0 2 8 1 0 0 0 0 0 0 0 0 33 30 32 15 21 7 5 15 34 25 16 1 0 0 19 0 24 18 60 0 0 0 0 0 0 0 23 0 0 0 0 0 27 9 0 1 0 0 0 9 0 0 0 0 0 0 0 0 10 0 0 0 0 0 0 0 0 0 0 0 0 0 1 0 0 0 0 0 0 0 0 0 0 0 0 0 0 0 0 0 0 0 0 0 0 93 2 2 0 91 0 5 0 0 0 0 0 0 0 0 0 0 0 0 0 0 0 0 0 0 0 0 0 0 0 10 0 0 0 0 0 0 0 0 0 0 0 0 0 0 
 312 177 392 0 536 36 209 252 310 405 176 183 332 162 58 49 94 184 283 61 0 3 0 0 0 0 79 83 0 0 0 0 74 94 5 2 0 16 5 2 3 0 0 0 0 0 0 8 2 0 7 0 3 0 0 0 0 2 0 0 0 0 0 0 0 0 1 0 0 0 0 0 0 0 2 0 3 0 0 0 0 21 10 0 25 2 10 0 25 9 28 15 11 14 14 22 10 40 0 0 0 20 0 9 0 0 0 29 0 16 0 0 30 1 20 10 0 0 0 1 0 0 0 0 0 0 0 0 0 0 11 0 0 0 15 0 0 0 0 0 7 0 0 9 0 4 0 0 0 0 0 1 0 0 0 0 0 0 0 0 0 15 0 24 18 22 10 0 8 20 20 14 7 0 0 0 16 31 1 11 18 19 10 0 0 0 30 41 3 0 0 0 1 0 0 0 14 0 31 14 0 0 0 0 0 0 0 0 0 0 0 0 0 0 0 0 0 0 0 0 0 0 0 0 0 0 0 0 0 0 0 0 0 0 0 0 0 0 0 0 0 0 0 0 0 2 0 0 96 8 17 18 1 0 0 0 0 0 0 0 1 0 0 0 0 0 0 0 0 0 0 0 0 0 0 0 17 0 0 0 0 0 0 0 0 0 0 0 0 0 
 42 155 133 536 0 157 138 349 360 158 148 347 304 72 113 54 399 21 63 57 0 89 0 0 0 0 3 0 75 76 0 0 1 76 77 0 0 0 79 83 2 0 0 0 0 2 0 7 0 0 7 2 2 0 0 0 0 3 0 0 0 0 0 0 0 0 0 0 0 0 0 0 0 0 2 3 50 33 0 0 0 1 8 10 12 32 0 0 22 0 17 0 0 0 6 3 8 1 0 3 17 0 0 1 0 0 62 27 0 12 0 0 11 16 0 15 0 2 0 0 0 0 0 0 0 0 0 0 0 0 0 0 0 0 0 0 0 9 0 0 0 0 2 7 0 7 0 0 0 0 0 0 0 0 0 0 1 0 0 0 0 0 0 11 44 18 10 0 10 19 11 8 0 2 0 1 38 10 0 2 69 17 5 1 0 0 45 1 21 2 2 0 0 21 0 17 7 0 11 21 0 0 0 0 0 0 10 0 0 0 0 0 0 0 0 0 0 20 0 0 0 0 0 0 2 0 0 0 1 0 0 0 0 0 0 0 0 0 0 0 0 0 0 0 0 4 4 0 13 0 1 4 0 0 0 0 0 0 0 0 12 1 1 0 0 0 0 0 0 0 0 0 0 0 0 0 0 0 0 0 0 0 0 0 0 0 0 0 0 0 
 40 260 225 36 157 0 39 35 171 67 293 63 58 140 46 167 378 72 219 59 76 24 74 0 3 0 77 27 30 27 0 0 1 3 80 3 0 0 3 77 3 0 0 0 0 62 0 3 2 64 2 0 5 3 0 0 0 5 0 0 0 1 0 0 0 0 0 0 2 0 0 6 1 0 3 0 3 0 0 0 1 0 0 9 20 29 0 0 9 8 56 49 0 0 0 0 0 10 0 0 13 64 0 5 15 0 40 12 8 32 0 0 3 20 5 40 2 6 47 22 2 0 20 0 0 0 2 0 0 0 0 0 0 0 2 0 0 3 0 0 0 0 0 0 0 1 0 0 0 5 2 0 0 0 0 0 0 0 0 7 0 27 2 0 0 10 0 31 48 0 12 8 0 8 0 0 45 0 0 1 16 40 9 31 15 0 20 23 5 14 12 0 30 23 0 35 0 20 0 21 2 0 0 0 0 0 0 0 0 0 0 0 0 0 0 0 0 0 0 0 0 0 0 0 0 0 0 0 0 0 0 0 0 0 0 0 0 0 0 0 0 0 0 0 0 6 92 0 7 0 0 30 0 0 0 0 0 78 0 0 0 0 0 0 0 0 2 0 0 0 0 0 0 2 0 2 0 0 0 0 0 0 0 0 0 21 0 0 0 0 
 246 222 177 209 138 39 0 278 158 135 146 29 315 113 108 156 219 118 144 59 2 2 0 0 2 74 2 0 0 0 2 0 3 3 4 3 1 1 31 2 3 0 0 0 3 0 1 5 2 0 8 0 6 0 1 0 0 2 3 0 0 0 0 0 0 0 8 0 0 1 4 0 0 0 5 0 3 0 0 0 19 27 47 59 0 0 0 5 0 0 10 0 0 28 28 25 31 25 12 24 0 0 2 0 0 0 1 0 0 0 0 11 9 0 0 0 0 0 0 0 0 0 0 0 2 0 0 1 0 2 0 0 0 0 2 0 0 0 0 0 0 0 0 0 0 2 0 2 0 0 0 0 0 0 0 7 16 0 0 0 8 17 0 14 0 0 27 1 11 13 0 0 38 0 26 0 7 9 24 25 0 0 0 0 0 0 0 0 0 0 0 0 0 0 0 21 0 0 2 11 11 0 0 0 0 0 0 0 0 0 1 0 0 0 11 0 0 0 0 0 0 0 0 0 0 0 1 0 0 0 2 0 0 0 0 0 0 0 11 0 0 0 0 0 0 0 0 2 4 0 0 8 0 0 0 0 0 0 22 0 1 0 0 0 0 0 0 0 0 0 0 0 0 0 0 0 0 0 0 0 0 0 0 0 0 0 0 0 0 0 
 205 151 104 252 349 35 278 0 66 225 196 134 149 260 233 112 441 347 84 50 1 2 2 0 0 0 2 0 0 0 2 0 0 3 4 0 0 6 4 1 3 0 0 0 0 0 0 7 9 1 9 7 66 0 0 0 0 1 0 0 0 0 0 0 0 0 0 0 0 0 0 0 0 0 2 0 6 0 0 0 19 47 39 27 0 0 0 10 0 1 20 14 7 18 21 39 96 21 0 30 0 0 0 0 0 0 0 7 0 0 0 0 0 0 0 0 0 0 0 0 0 0 0 0 0 0 0 0 0 0 0 0 0 0 11 0 0 0 0 2 0 3 0 0 0 0 0 3 0 0 0 0 0 0 0 4 0 2 0 0 0 43 9 76 0 14 21 18 12 9 27 2 39 2 20 13 59 11 9 24 0 0 0 0 0 0 30 0 0 0 0 0 0 0 0 0 0 0 11 9 0 0 0 0 0 0 0 0 0 0 0 0 0 0 0 0 0 0 20 0 0 0 0 0 0 0 0 0 0 0 0 0 0 0 0 0 0 0 0 0 0 0 0 0 0 0 0 0 1 1 10 2 10 0 0 0 0 0 0 0 0 0 0 0 0 0 0 0 0 0 0 0 0 0 0 0 1 29 0 0 0 0 0 0 0 0 0 0 0 0 
 127 360 358 310 360 171 158 66 0 84 115 114 72 280 195 336 146 35 304 179 1 2 0 0 2 0 0 3 0 2 0 0 0 3 3 0 0 0 81 76 4 1 1 0 0 2 0 0 3 0 2 0 2 80 1 0 0 3 0 0 0 0 6 0 0 0 0 0 0 8 0 0 0 0 2 1 56 0 0 0 9 12 0 20 15 20 8 23 16 25 45 22 0 16 0 0 0 59 18 0 0 0 0 0 0 0 1 0 0 0 0 0 18 3 0 0 0 0 87 30 0 0 0 0 0 0 0 0 0 0 8 0 0 0 0 0 0 11 0 0 0 0 0 0 1 1 0 0 0 6 2 0 0 0 0 0 0 0 0 0 39 43 33 0 0 15 1 35 48 13 16 0 0 0 0 16 78 7 10 0 0 0 1 0 0 0 12 8 0 0 0 9 0 14 0 0 0 0 6 15 0 0 1 0 2 0 0 0 0 0 0 0 0 0 0 0 1 0 0 0 0 0 0 0 0 0 0 0 0 2 0 0 0 0 0 0 0 0 0 2 0 0 0 0 0 0 183 0 0 0 0 9 0 0 0 0 0 0 0 0 0 0 14 0 0 0 0 0 0 0 0 0 0 0 0 2 0 0 0 0 0 0 0 0 0 0 0 0 0 0 
 231 521 244 405 158 67 135 225 84 0 534 59 210 147 397 189 157 104 163 310 1 2 1 2 0 0 0 0 0 2 0 0 0 3 5 0 0 0 5 3 3 0 0 0 0 7 0 0 4 0 2 64 3 0 0 0 0 2 0 0 0 0 0 0 0 1 2 0 0 0 0 0 0 0 2 50 3 0 0 0 11 22 13 35 24 1 0 48 6 9 56 14 0 0 0 13 14 33 0 11 0 8 0 0 0 0 7 12 0 0 0 0 14 14 0 13 0 0 27 16 0 0 0 1 0 0 0 0 0 0 0 0 0 1 32 0 0 0 0 0 1 0 0 9 0 4 0 0 2 0 0 0 0 0 0 0 0 0 0 0 32 25 27 10 17 0 10 0 27 10 14 13 11 15 9 18 0 22 7 0 15 9 8 0 0 0 58 11 0 0 0 0 9 0 0 0 9 1 11 0 0 0 0 0 0 0 0 0 0 0 0 1 0 0 0 0 0 0 0 0 9 0 0 0 0 0 0 0 0 0 0 2 0 0 0 0 0 0 0 0 0 0 0 0 0 2 0 0 6 104 10 21 0 0 0 0 0 0 0 0 0 0 0 0 0 0 0 0 0 0 0 0 0 0 0 0 13 14 0 0 0 0 0 0 0 0 0 0 0 0 
 50 125 52 176 148 293 146 196 115 534 0 204 240 56 131 138 466 51 32 134 3 4 2 0 2 2 2 0 0 0 5 0 2 41 5 0 3 3 9 0 64 0 0 0 0 4 0 1 5 14 2 4 2 0 0 3 0 3 3 0 0 0 0 5 0 2 3 4 0 2 0 1 3 0 3 3 3 1 0 0 22 21 11 9 23 1 0 23 3 1 16 35 0 0 7 9 19 47 1 0 1 0 0 0 0 13 0 11 0 13 0 0 64 16 1 2 0 13 16 22 0 0 0 0 0 0 0 0 0 0 0 0 0 0 18 0 0 0 0 0 0 0 0 0 0 0 0 1 0 0 1 0 0 0 5 2 0 0 0 0 16 13 25 24 46 15 7 0 0 0 26 31 0 0 0 7 0 52 6 2 10 0 0 0 0 0 14 22 13 0 0 0 12 30 0 2 0 0 31 7 0 0 0 0 0 0 0 0 0 0 0 0 0 0 0 0 0 0 0 13 0 1 0 0 0 0 0 0 0 0 0 0 0 0 0 0 0 0 0 0 0 10 0 0 0 3 90 0 90 1 18 11 0 0 0 0 0 0 0 0 7 0 12 0 0 0 0 0 0 0 0 0 0 0 0 0 1 11 0 0 0 0 0 0 0 0 0 0 0 0 
 80 40 35 183 347 63 29 134 114 59 204 0 91 140 23 57 85 253 252 30 1 2 4 0 3 1 67 24 0 0 2 0 1 3 5 0 0 6 78 1 5 2 0 0 0 65 0 3 4 0 2 0 2 0 60 0 0 3 0 3 0 0 0 0 0 0 3 0 0 0 0 0 0 0 2 0 3 0 0 0 12 15 7 0 53 0 10 1 33 27 35 30 14 14 0 37 7 22 0 0 0 16 1 0 0 0 3 10 0 23 0 31 13 11 3 14 0 0 11 17 0 0 0 0 1 0 0 0 0 1 66 0 0 0 13 0 0 0 0 0 8 0 0 1 0 5 0 0 0 0 0 0 23 0 0 0 0 0 0 0 0 14 0 31 25 24 0 0 0 11 30 35 1 0 0 0 0 8 1 12 18 0 0 0 0 0 54 44 0 0 0 0 9 18 0 0 0 0 62 0 0 0 0 0 0 0 0 0 0 0 2 0 0 0 0 0 0 0 0 0 3 0 0 0 0 0 0 0 0 0 1 0 8 0 0 0 0 0 2 0 0 19 0 0 0 2 5 1 85 121 8 4 0 0 0 0 0 0 0 0 0 10 3 0 0 0 0 2 0 0 0 0 0 0 0 0 0 0 0 0 0 0 0 0 0 0 0 0 0 0 
 430 124 333 332 304 58 315 149 72 210 240 91 0 508 52 523 603 353 348 64 1 2 0 0 0 0 0 0 0 0 0 0 0 4 5 0 0 0 78 1 3 0 0 0 0 0 0 10 2 0 35 0 2 0 0 0 0 3 0 0 0 0 0 0 0 0 3 0 0 0 56 0 0 0 2 0 3 0 0 0 26 6 13 22 0 0 25 24 7 21 11 0 7 59 44 46 12 21 1 34 0 0 0 0 0 0 0 0 0 0 0 0 0 4 0 0 2 0 0 0 2 11 0 0 0 0 2 0 0 0 0 0 0 0 2 0 0 0 0 0 0 0 0 0 0 0 0 5 0 0 44 0 0 0 0 2 0 0 0 0 0 14 9 18 1 0 25 22 22 19 0 15 25 22 14 17 10 1 32 40 0 0 2 0 0 0 0 2 0 0 0 0 0 0 0 0 0 0 8 14 2 0 0 0 0 0 0 0 0 0 0 0 0 0 0 0 2 0 0 0 0 0 0 0 0 0 0 0 0 1 0 0 0 0 0 0 0 0 0 1 0 0 0 0 0 2 0 0 4 47 1 10 0 0 0 0 0 0 0 0 0 0 0 0 0 26 2 0 0 0 0 0 0 2 0 0 10 10 0 0 0 0 0 0 0 0 0 0 0 0 
 328 488 92 162 72 140 113 260 280 147 56 140 508 0 243 203 129 205 113 87 2 2 0 1 0 0 0 0 0 0 0 0 0 3 5 3 0 0 40 4 3 0 0 0 2 0 0 0 2 0 2 0 3 0 0 0 0 6 0 0 0 0 0 6 0 0 0 0 2 0 2 0 0 41 2 0 3 0 0 0 0 68 17 0 0 26 15 0 17 10 49 21 7 37 41 26 1 85 13 0 0 0 0 0 0 0 0 0 19 0 0 0 1 0 1 0 8 0 19 0 0 0 0 1 0 0 0 0 0 0 0 0 0 1 15 0 0 0 0 0 0 0 0 2 0 0 0 0 2 1 6 0 0 0 0 0 0 0 0 0 1 49 1 9 1 10 0 11 5 23 42 0 0 32 0 19 0 31 0 5 0 0 0 6 0 0 17 0 0 0 0 0 14 13 0 0 0 0 0 2 0 0 0 0 0 0 0 0 0 0 0 13 0 0 0 0 0 0 0 0 0 13 0 0 0 0 0 0 0 0 0 1 0 0 0 0 0 0 0 0 0 0 0 0 0 0 49 0 0 94 14 18 0 0 0 0 0 0 0 0 0 0 0 0 0 0 0 0 0 0 0 0 0 0 0 9 14 0 0 0 0 0 0 0 0 0 0 15 0 0 
 280 204 128 58 113 46 108 233 195 397 131 23 52 243 0 80 148 178 260 206 3 2 0 0 0 0 0 3 0 0 0 0 0 3 5 0 0 1 87 2 4 0 3 0 0 2 0 0 0 0 2 0 2 0 3 0 0 5 0 0 0 0 0 0 0 3 0 0 0 28 0 0 0 0 4 0 4 0 0 1 14 48 15 16 0 0 0 23 0 0 22 17 0 27 25 46 15 34 0 15 0 10 0 0 0 0 0 0 0 0 2 0 0 0 0 0 0 0 0 0 0 0 0 0 0 0 0 0 0 0 0 0 0 0 14 0 0 0 0 1 0 0 0 0 0 0 0 4 0 0 0 0 0 0 0 4 0 0 0 0 2 35 32 13 0 0 19 51 0 0 18 2 18 34 11 60 0 13 32 13 0 0 0 0 0 0 15 0 0 0 0 0 0 0 0 0 0 0 0 0 0 0 0 0 0 0 0 0 0 0 0 0 0 0 0 0 0 2 13 0 0 0 0 0 0 3 0 0 0 0 0 0 0 0 0 0 0 0 0 0 0 0 0 0 0 2 0 1 3 3 13 14 2 0 0 0 0 0 0 0 0 0 0 0 0 0 0 0 0 0 0 0 0 0 0 0 12 11 0 0 0 0 0 0 0 0 0 0 0 0 
 113 137 365 49 54 167 156 112 336 189 138 57 523 203 80 0 158 75 241 58 4 2 0 0 0 0 0 0 0 0 0 0 0 3 4 0 0 0 29 3 3 0 0 0 0 0 0 0 2 0 2 0 2 0 0 0 0 3 0 0 0 0 0 0 0 0 4 0 0 0 0 0 0 0 2 0 3 0 0 0 9 61 30 29 24 16 6 24 69 27 62 24 9 20 46 0 26 27 19 19 0 0 0 0 0 0 0 0 0 0 2 0 19 10 0 0 0 0 66 20 0 17 0 0 19 0 0 0 0 0 0 0 0 0 0 0 0 0 0 0 0 0 0 0 0 0 0 0 0 2 2 0 0 0 0 14 0 1 0 0 85 29 34 0 18 7 10 34 28 51 18 15 3 0 14 0 0 17 42 0 0 0 0 0 0 0 0 0 0 0 0 0 24 0 0 0 0 0 11 0 0 2 0 0 0 1 0 0 0 0 0 0 0 0 0 0 0 2 0 0 0 0 0 0 0 0 0 0 0 0 0 0 0 0 0 0 0 0 0 0 0 0 0 0 0 2 20 1 0 4 2 7 0 0 0 0 0 0 0 0 0 0 0 0 0 0 0 0 0 1 33 0 0 0 0 10 0 0 0 0 0 0 0 0 0 0 0 0 0 0 
 48 233 331 94 399 378 219 441 146 157 466 85 603 129 148 158 0 133 45 132 1 2 0 0 2 0 0 0 0 0 2 1 0 3 5 0 0 0 79 1 3 0 0 0 63 0 0 17 2 0 8 0 2 0 0 0 1 3 0 0 0 0 0 0 0 5 0 0 0 0 0 0 0 0 4 1 4 0 0 0 12 0 0 5 8 22 8 20 0 10 33 0 11 0 111 14 14 12 18 9 0 0 0 1 0 0 5 0 0 0 0 0 18 0 0 0 0 0 18 19 0 16 0 0 0 0 0 0 0 0 1 0 0 0 0 0 0 19 2 0 0 0 0 0 0 0 0 3 0 0 12 0 0 0 1 6 0 0 12 0 36 1 38 80 0 0 23 13 15 29 20 24 1 1 0 10 34 27 61 0 0 0 0 0 0 0 77 0 0 0 0 0 1 4 1 1 0 0 0 4 0 0 0 0 0 0 0 0 0 0 0 0 0 0 0 0 0 0 0 0 0 0 0 0 0 0 0 0 0 0 0 0 0 0 0 0 0 0 0 0 0 0 0 0 0 3 1 0 0 2 0 11 0 0 0 0 0 0 0 1 0 0 1 0 0 0 0 0 0 0 0 0 0 0 0 0 0 8 0 0 0 0 0 0 0 0 0 0 0 0 
 199 207 140 184 21 72 118 347 35 104 51 253 353 205 178 75 133 0 19 119 1 5 3 0 3 1 1 0 2 0 0 1 74 3 4 0 1 0 5 26 3 0 0 0 0 0 0 5 2 0 13 0 3 0 2 0 1 2 0 0 0 0 0 0 0 0 0 0 0 1 0 0 0 0 4 0 3 0 0 0 9 15 17 8 0 2 26 19 16 19 17 9 9 12 50 54 10 4 1 5 0 0 0 0 0 0 0 0 39 0 0 0 1 8 2 0 0 0 0 12 0 10 0 2 0 0 0 0 0 0 0 0 13 2 0 0 0 0 0 0 0 0 0 1 0 0 0 1 0 0 1 0 0 0 0 2 0 0 0 0 2 21 8 23 0 0 17 16 0 16 0 16 0 19 0 22 43 25 6 7 0 0 0 0 0 0 0 0 0 0 0 0 20 0 0 0 0 0 0 2 0 0 0 0 0 0 0 0 0 0 0 2 0 0 0 0 0 0 0 0 1 0 0 0 0 0 0 0 0 0 0 1 0 0 0 0 0 0 0 0 0 0 0 0 0 3 0 0 2 87 0 18 0 0 0 0 0 0 0 0 0 0 1 0 0 0 0 0 0 0 0 0 0 0 0 0 53 11 0 0 0 0 0 0 0 0 0 0 0 0 
 142 75 259 283 63 219 144 84 304 163 32 252 348 113 260 241 45 19 0 193 1 2 0 0 0 0 0 0 0 0 0 0 2 5 3 0 0 0 5 1 3 62 0 0 0 1 0 0 2 0 2 0 2 0 0 0 0 3 0 0 0 0 0 0 0 0 0 0 0 0 0 0 0 6 2 0 3 0 2 0 1 1 53 0 0 0 37 9 0 0 0 0 13 22 0 0 35 0 20 2 0 0 0 0 0 0 0 0 0 0 0 0 0 0 0 0 0 1 0 0 0 0 0 0 0 0 0 0 0 0 0 0 0 0 0 0 0 0 0 0 0 0 2 0 0 0 0 1 0 0 0 0 0 0 1 0 1 0 0 0 46 1 18 12 0 0 36 7 11 0 0 0 16 29 12 31 18 0 30 32 0 0 0 0 0 0 0 0 0 0 0 4 0 0 1 0 0 0 0 0 0 0 0 0 0 0 0 0 0 0 0 0 1 0 0 0 0 0 0 11 0 0 0 0 2 1 0 0 0 0 0 0 0 0 0 0 0 0 0 0 0 0 0 0 0 0 0 1 0 2 0 14 12 0 0 0 0 0 0 0 0 0 0 51 0 0 0 0 0 0 0 0 0 0 0 0 0 0 0 0 0 0 0 0 0 0 0 0 0 0 
 29 295 154 61 57 59 59 50 179 310 134 30 64 87 206 58 132 119 193 0 0 3 1 1 1 0 1 1 1 1 0 1 1 4 3 1 1 2 7 1 4 3 1 1 1 1 2 2 9 1 3 1 3 1 1 7 1 6 2 1 0 0 0 0 0 9 0 0 1 11 0 0 10 0 2 0 14 0 10 2 0 48 1 12 0 17 0 20 0 1 8 0 0 49 9 0 28 0 19 1 0 0 0 0 0 0 0 0 0 0 0 0 0 0 0 0 0 0 2 0 0 0 0 0 0 0 0 0 0 0 0 1 0 0 0 0 0 0 0 0 0 0 0 0 0 1 1 0 0 0 6 0 0 0 0 2 0 0 0 0 48 14 54 21 0 0 13 28 12 49 17 19 36 18 9 20 16 6 36 0 0 0 0 0 0 0 0 0 0 0 1 0 16 0 0 0 0 0 0 0 0 0 0 0 0 0 0 0 0 0 0 0 0 16 0 0 0 0 2 0 0 0 0 0 0 0 0 0 0 0 0 0 0 0 0 0 0 0 0 0 0 0 0 0 0 1 12 0 3 1 0 4 0 0 0 0 0 0 2 0 0 0 0 2 0 0 0 0 63 0 0 0 0 0 0 1 0 16 0 0 0 0 0 0 0 0 0 0 0 0 
 2 5 1 0 0 76 2 1 1 1 3 1 1 2 3 4 1 1 1 0 0 106 144 139 34 117 432 271 110 117 38 241 38 341 37 40 118 131 100 172 0 5 4 0 2 0 3 0 2 27 0 0 3 0 4 2 0 0 0 2 3 0 0 0 0 6 3 0 0 0 0 0 0 0 5 2 0 5 2 0 0 0 0 0 0 0 0 0 0 0 0 10 0 0 0 0 0 0 0 0 1 21 0 34 24 33 0 0 0 38 8 14 0 16 23 11 3 29 2 0 0 19 0 0 0 0 18 9 0 0 0 1 0 0 0 0 0 2 0 0 2 0 0 1 0 0 0 0 0 0 0 9 0 0 0 0 0 0 0 0 0 0 0 0 13 2 0 0 0 0 0 1 0 1 0 0 0 0 0 0 0 24 17 24 0 13 0 1 19 0 10 0 8 29 0 49 26 7 18 13 0 0 0 0 0 0 0 0 0 0 0 0 0 0 0 0 0 0 0 0 0 0 0 0 1 0 0 0 0 0 0 0 0 0 17 2 0 0 0 0 0 1 0 0 0 0 2 0 0 2 0 0 0 0 6 0 1 0 0 1 4 11 4 0 0 0 0 0 0 0 0 0 0 0 0 0 0 0 0 0 14 0 0 0 0 0 0 0 0 0 
 2 2 2 3 89 24 2 2 2 2 4 2 2 2 2 2 2 5 2 3 106 0 197 265 53 58 186 90 209 91 115 42 120 359 256 133 112 105 347 73 0 2 0 0 0 0 0 0 0 0 0 0 29 0 0 2 0 0 0 0 3 0 0 0 0 40 2 0 0 0 0 0 0 4 0 2 0 3 6 0 0 0 0 13 7 17 9 0 5 0 0 0 0 0 0 0 0 0 0 0 49 7 52 54 36 16 42 24 10 12 24 0 15 15 2 29 18 9 12 3 13 0 0 0 0 2 13 0 7 0 0 0 0 0 0 0 0 0 15 0 0 0 9 0 0 0 0 0 0 0 0 6 0 0 0 2 0 0 0 0 0 0 0 0 0 0 0 0 0 0 0 13 0 5 0 0 7 0 0 1 13 0 24 12 31 0 0 1 12 17 10 34 0 31 12 37 16 29 0 12 0 0 0 0 0 0 10 0 0 0 0 0 14 17 12 0 0 0 21 15 0 0 2 0 0 1 0 0 0 0 0 0 0 8 0 0 0 0 0 0 0 0 12 0 0 0 0 0 0 0 0 0 0 1 0 0 0 0 78 2 1 2 3 0 0 16 0 0 0 0 0 0 0 0 0 0 0 0 0 0 0 0 0 2 0 0 7 0 0 0 
 0 2 0 0 0 74 0 2 0 1 2 4 0 0 0 0 0 3 0 1 144 197 0 169 265 38 359 186 176 478 112 96 150 297 266 59 238 126 116 54 0 2 0 0 0 0 0 0 0 0 0 0 144 0 0 2 0 0 62 0 3 0 0 0 0 5 3 11 0 1 0 0 0 7 5 2 0 8 11 6 0 1 0 0 1 0 0 0 2 0 0 0 0 0 0 0 0 0 0 0 0 4 14 15 36 11 15 0 9 1 15 13 0 11 0 32 49 0 0 9 22 0 0 0 0 0 19 0 8 0 0 0 9 18 0 0 0 0 21 7 2 0 0 0 0 0 0 0 0 0 0 6 0 19 0 0 0 0 0 0 0 0 0 0 0 0 0 0 4 0 0 1 0 0 0 0 0 0 0 2 0 6 31 10 43 10 7 19 7 0 0 33 14 35 63 25 18 13 13 1 8 0 0 0 0 0 14 10 0 0 0 0 17 3 23 0 0 0 21 9 0 0 0 0 0 0 2 0 0 0 0 0 2 0 0 0 0 0 0 0 0 0 0 0 0 0 0 0 0 0 0 0 0 0 0 0 3 5 42 0 4 10 0 0 0 0 0 0 0 0 0 0 0 20 0 0 0 0 0 11 0 0 0 0 0 20 8 0 0 0 
 0 1 1 0 0 0 0 0 0 2 0 0 0 1 0 0 0 0 0 1 139 265 169 0 76 166 209 86 206 203 200 422 305 186 189 45 106 36 71 418 2 0 0 0 0 0 63 63 0 0 7 0 0 39 0 0 0 0 63 91 0 0 0 0 0 0 0 0 0 0 0 0 0 0 0 0 0 0 0 0 0 0 0 0 0 0 0 0 1 0 0 0 0 0 18 0 0 0 0 0 0 12 0 0 31 0 0 0 13 11 32 5 0 0 1 0 22 1 0 0 7 8 0 41 0 0 0 0 0 0 0 0 14 40 0 38 8 0 14 12 0 0 2 0 0 0 0 0 0 0 0 0 1 3 3 0 0 0 0 0 0 18 0 0 0 0 0 0 9 0 0 0 0 0 1 0 0 0 0 2 0 20 0 29 17 1 0 7 0 0 8 4 0 0 0 0 0 31 0 6 27 9 16 0 0 0 2 14 0 0 0 0 20 22 7 0 1 0 127 2 0 0 0 0 0 0 0 0 0 0 0 0 1 0 0 0 0 0 0 0 0 9 0 0 0 0 0 0 0 0 0 0 0 0 3 0 0 1 6 2 2 0 0 0 0 0 0 0 0 0 0 0 0 0 0 0 0 0 0 0 0 0 0 0 0 0 0 0 0 0 
 0 2 0 0 0 3 2 0 2 0 2 3 0 0 0 0 2 3 0 1 34 53 265 76 0 280 78 60 65 140 59 172 97 69 82 296 71 59 79 307 81 54 8 0 4 0 29 64 0 1 0 1 24 62 0 131 0 3 62 125 3 0 0 0 0 0 3 0 2 0 1 0 0 0 0 2 0 3 3 0 0 0 0 0 0 0 0 0 0 0 0 0 0 0 0 0 0 0 0 0 0 13 14 0 16 0 0 0 9 0 7 14 0 0 0 0 0 0 0 0 13 0 4 14 0 0 0 31 0 15 0 0 14 58 22 4 0 11 38 44 0 0 0 0 0 0 0 0 0 0 0 0 0 0 0 0 0 0 0 1 0 0 0 0 0 0 0 0 6 0 0 0 0 0 0 0 0 0 0 2 0 6 17 0 0 25 0 0 0 0 0 13 0 0 0 0 0 0 0 0 34 19 0 0 0 1 21 23 14 14 17 0 11 1 19 10 19 0 11 31 0 0 0 0 0 0 0 0 1 0 0 0 0 0 0 0 0 0 0 0 0 0 0 0 0 0 0 0 0 0 0 0 0 0 7 5 2 1 0 3 2 2 0 0 0 0 0 1 0 0 0 0 0 0 0 0 0 0 0 0 0 17 0 0 7 0 0 0 0 0 
 0 0 0 0 0 0 74 0 0 0 2 1 0 0 0 0 0 1 0 0 117 58 38 166 280 0 22 271 138 51 64 207 341 94 103 133 58 132 260 49 88 74 13 7 4 0 63 125 0 66 0 0 3 30 0 26 0 0 133 54 3 1 0 0 4 0 2 0 5 0 6 0 0 0 0 2 0 3 2 4 0 0 0 0 0 0 0 0 0 0 0 0 0 0 0 0 0 0 0 14 0 0 2 7 0 0 0 0 0 0 11 9 0 0 0 0 8 0 0 1 17 10 9 12 0 0 22 27 0 11 0 0 31 20 0 33 0 2 20 34 0 0 0 0 0 0 0 0 0 0 0 0 5 6 0 0 0 0 0 2 0 0 0 0 0 0 0 0 10 0 0 0 0 0 0 0 0 0 0 2 0 21 18 33 15 0 0 0 5 2 19 34 0 0 0 0 0 1 0 0 80 13 12 11 0 0 0 40 0 0 22 0 6 12 19 19 0 0 0 27 0 0 0 0 0 3 0 0 0 0 0 0 0 0 0 0 0 0 0 0 0 0 0 0 0 0 0 0 0 0 0 0 0 0 2 0 4 0 4 1 0 5 0 0 0 0 0 0 0 0 0 0 0 0 0 0 0 0 0 0 0 18 0 0 18 0 0 0 0 0 
 0 2 0 79 3 77 2 2 0 0 2 67 0 0 0 0 0 1 0 1 432 186 359 209 78 22 0 451 151 249 46 34 233 461 103 66 54 105 31 62 0 9 0 1 0 5 0 5 0 0 0 1 3 0 202 2 0 1 0 5 3 0 0 0 0 0 3 0 0 0 0 0 0 0 0 2 19 3 2 26 0 0 0 0 12 0 0 0 0 0 0 0 0 19 0 21 0 0 0 0 0 17 6 6 0 0 13 13 39 23 11 12 0 0 26 40 17 12 11 23 0 0 0 0 0 0 0 0 0 0 0 0 0 0 0 0 0 0 0 0 3 0 0 0 0 2 0 0 0 0 0 0 0 0 0 0 0 0 0 0 0 0 0 0 10 0 0 0 0 0 0 9 0 1 0 0 0 0 0 2 18 4 0 1 15 0 9 42 0 0 0 0 17 0 12 0 3 62 11 30 0 0 0 0 0 0 0 0 0 0 0 0 1 0 13 0 0 0 31 0 0 0 0 0 0 0 0 0 0 0 0 0 0 0 0 0 0 0 0 0 0 0 9 0 0 0 0 1 0 0 0 0 0 0 2 0 2 2 152 1 4 7 0 0 1 0 0 0 0 0 0 0 0 0 0 0 0 0 0 1 0 0 0 0 0 1 0 0 0 0 
 0 0 0 83 0 27 0 0 3 0 0 24 0 0 3 0 0 0 0 1 271 90 186 86 60 271 451 0 303 21 21 47 149 95 132 129 53 55 62 104 0 2 1 0 0 8 0 0 0 0 0 0 3 2 0 2 0 6 0 0 3 0 0 0 0 0 3 4 0 0 0 0 0 0 6 6 0 9 2 0 0 0 0 0 42 14 0 0 0 0 0 2 0 0 0 0 0 0 0 0 27 56 12 0 0 0 29 17 24 28 12 24 27 18 18 35 0 0 18 49 0 0 0 0 0 0 0 0 0 0 0 0 16 0 0 0 0 0 0 0 6 0 0 1 0 5 0 0 0 0 0 0 0 0 0 0 0 0 0 0 0 0 0 3 31 23 0 0 0 0 0 0 0 0 0 0 0 0 0 2 47 22 12 2 12 10 27 37 46 25 0 12 8 0 45 0 7 27 19 0 0 0 0 0 0 0 0 0 0 0 0 0 22 0 0 0 0 0 5 11 0 0 0 0 0 0 0 0 0 0 0 0 0 0 0 0 0 0 6 0 0 0 11 0 0 0 0 0 0 0 0 0 0 0 10 1 3 90 1 2 1 8 1 0 0 0 0 0 0 0 0 0 0 0 0 7 8 0 0 0 0 0 0 0 0 11 0 0 0 0 
 0 1 0 0 75 30 0 0 0 0 0 0 0 0 0 0 0 2 0 1 110 209 176 206 65 138 151 303 0 144 25 99 195 119 289 129 109 120 88 162 0 2 101 0 0 0 0 0 0 0 0 0 71 0 0 2 0 0 65 0 3 0 16 0 0 0 3 0 0 0 0 0 0 1 0 2 0 3 5 0 0 0 0 13 0 14 0 0 0 0 0 0 0 0 0 0 0 0 0 0 10 0 2 11 30 2 9 11 0 15 18 10 0 0 0 11 49 0 0 0 22 0 0 0 0 0 24 0 0 0 0 0 17 3 0 0 0 0 37 0 0 0 0 0 0 1 0 0 0 0 0 0 0 6 0 0 0 0 0 0 0 0 0 0 0 0 0 0 0 0 15 11 0 9 0 0 6 0 0 1 1 2 12 44 43 1 0 0 0 14 31 12 0 11 2 27 14 21 0 5 4 1 32 0 0 0 17 0 0 0 0 0 1 66 3 0 0 2 16 22 0 0 0 0 0 0 0 0 0 0 0 0 0 0 0 0 1 2 0 0 0 0 0 0 0 0 0 0 0 0 0 0 0 2 3 0 0 0 6 0 0 0 0 0 0 0 0 0 0 0 0 0 0 0 0 0 0 0 0 0 0 0 0 0 0 0 0 0 0 0 
 2 1 0 0 76 27 0 0 2 2 0 0 0 0 0 0 0 0 0 1 117 91 478 203 140 51 249 21 144 0 68 14 121 225 199 124 107 106 166 111 0 2 0 5 0 0 0 0 0 0 0 3 3 0 0 2 0 0 0 0 3 0 0 0 0 0 3 0 0 0 0 0 0 0 0 2 0 3 2 0 0 0 0 0 1 12 0 0 0 0 0 0 0 0 0 0 0 0 0 0 22 1 9 17 52 33 39 25 32 31 43 0 18 20 1 3 26 12 1 12 0 0 0 0 0 0 0 0 0 0 0 0 0 0 0 0 0 0 0 0 0 0 0 0 2 0 0 0 0 0 0 2 0 0 0 0 0 0 0 0 0 0 0 0 0 0 7 0 0 0 0 6 0 6 0 0 7 0 0 3 3 8 11 25 24 0 0 9 18 12 13 7 0 23 48 39 0 27 0 45 0 0 12 0 0 0 0 0 13 0 0 0 0 0 0 0 0 0 29 0 0 0 0 0 0 0 0 0 0 0 0 1 0 0 2 0 0 0 0 0 0 0 12 0 0 0 0 0 0 0 0 0 0 0 0 1 1 76 81 0 3 0 0 0 0 0 1 0 0 0 0 0 0 0 0 0 0 0 0 3 0 0 0 0 0 18 0 0 0 0 
 0 4 0 0 0 0 2 2 0 0 5 2 0 0 0 0 2 0 0 0 38 115 112 200 59 64 46 21 25 68 0 119 32 75 125 138 113 198 45 76 5 4 0 0 0 0 124 64 0 0 0 0 91 96 0 2 0 2 63 46 3 0 3 0 28 5 2 3 0 0 0 0 0 3 0 2 0 3 4 0 0 0 0 0 0 0 0 0 8 0 0 0 0 0 0 0 0 0 0 0 10 0 22 16 16 47 0 0 11 0 56 28 48 0 0 0 14 10 0 0 9 6 2 84 0 0 0 4 8 29 0 0 1 20 0 32 8 0 24 18 0 0 0 0 0 0 0 0 0 0 0 0 0 6 0 0 0 0 0 0 28 0 0 0 0 0 0 0 13 0 0 0 0 0 0 0 0 0 0 2 0 0 0 40 20 0 0 0 0 20 48 18 0 0 12 0 10 18 0 0 10 0 14 0 0 0 36 28 18 0 0 0 35 29 25 19 0 0 17 25 0 0 0 0 0 0 0 28 0 0 0 14 0 0 0 0 0 0 0 0 0 0 0 0 0 1 0 0 0 0 0 0 0 0 0 0 1 2 5 0 4 4 0 0 0 0 0 0 0 0 0 0 0 0 0 2 0 0 0 0 0 0 0 0 0 0 8 0 0 13 
 1 0 0 0 0 0 0 0 0 0 0 0 0 0 0 0 1 1 0 1 241 42 96 422 172 207 34 47 99 14 119 0 29 20 31 175 87 258 28 235 0 4 0 0 0 0 62 56 0 0 2 0 67 65 64 64 3 2 90 125 3 0 2 0 4 4 2 0 55 1 7 0 0 1 2 2 0 3 3 0 0 0 0 0 0 0 0 0 0 0 0 0 0 11 1 0 0 0 0 0 15 0 12 0 16 20 0 0 13 0 4 28 0 0 0 0 1 0 0 0 7 8 0 12 0 0 11 17 0 0 0 0 50 14 22 5 0 0 43 17 0 0 0 0 0 19 0 0 0 0 0 0 0 0 0 8 0 0 0 19 0 0 0 0 0 0 0 0 9 0 0 0 0 0 0 0 0 0 11 0 0 11 0 28 16 21 0 0 0 8 41 23 9 0 1 6 8 0 0 0 41 11 46 2 0 0 24 11 0 0 3 0 1 23 20 15 1 0 40 11 0 0 0 0 0 0 0 0 0 0 0 0 0 0 0 0 0 0 0 0 0 0 0 0 0 0 0 0 0 0 0 0 0 0 2 1 6 79 0 4 0 0 0 0 0 0 0 0 0 0 0 0 0 0 0 0 0 0 0 0 0 11 0 0 0 0 0 0 0 0 
 1 1 0 74 1 1 3 0 0 0 2 1 0 0 0 0 0 74 2 1 38 120 150 305 97 341 233 149 195 121 32 29 0 190 175 63 52 38 221 162 0 2 0 0 0 0 0 3 26 2 0 0 3 2 0 2 0 0 3 0 5 0 1 2 2 7 6 0 3 0 0 3 0 1 0 2 4 5 27 0 0 0 0 12 7 7 0 0 9 0 0 6 0 0 0 13 7 0 0 11 7 20 8 0 0 0 13 11 8 8 11 0 12 7 0 0 9 19 14 10 0 0 0 0 0 0 1 0 0 0 0 0 0 0 0 0 0 0 0 0 0 0 0 0 0 0 0 0 0 0 0 0 0 0 0 0 0 0 0 0 0 0 0 0 8 0 0 0 0 0 0 14 0 0 0 0 0 4 0 2 10 7 0 10 7 12 0 14 2 0 0 1 0 7 12 0 0 39 10 35 0 0 0 0 0 0 0 0 0 0 0 0 0 0 0 0 0 0 76 0 0 0 0 0 0 0 0 0 0 0 0 0 0 0 0 0 0 1 0 0 0 0 10 0 0 0 0 0 0 0 0 0 1 0 4 0 3 78 75 0 2 2 0 0 0 0 0 0 0 0 0 0 0 0 0 0 9 0 0 0 0 0 0 0 0 0 0 0 0 0 
 3 4 3 94 76 3 3 3 3 3 41 3 4 3 3 3 3 3 5 4 341 359 297 186 69 94 461 95 119 225 75 20 190 0 309 186 108 31 136 256 0 3 0 0 2 0 3 0 0 0 0 0 4 0 0 2 0 0 0 2 3 0 0 0 0 0 2 0 0 0 46 0 0 0 0 2 0 5 2 0 0 0 6 10 0 10 0 0 6 0 0 0 0 0 0 0 6 0 0 0 22 9 11 13 0 0 0 6 28 8 28 0 35 6 0 0 13 21 1 0 0 0 0 0 0 2 0 0 0 0 0 0 0 0 2 0 0 0 0 0 0 0 2 0 0 0 0 0 0 0 0 0 0 9 0 1 0 0 0 0 0 0 0 0 9 0 0 19 0 0 0 2 0 0 0 0 0 0 0 2 11 11 0 10 16 17 0 16 39 11 8 1 0 13 17 0 0 58 9 51 1 0 0 0 0 0 0 0 0 0 0 0 0 0 0 0 0 0 26 0 0 0 2 0 5 1 0 0 0 0 0 7 0 0 0 0 0 0 0 2 0 0 0 0 0 0 0 0 73 0 0 0 0 0 0 0 2 77 13 2 15 0 0 0 0 0 1 0 0 0 0 0 0 0 0 0 0 0 0 0 0 0 0 2 0 0 0 0 0 0 
 4 6 3 5 77 80 4 4 3 5 5 5 5 5 5 4 5 4 3 3 37 256 266 189 82 103 103 132 289 199 125 31 175 309 0 94 167 41 381 109 0 2 0 0 0 2 0 0 0 2 2 0 3 0 0 2 0 2 0 1 3 0 2 0 0 0 3 0 0 0 0 0 0 0 0 57 0 3 3 2 0 0 0 10 0 11 0 0 0 0 1 10 0 0 0 0 0 0 0 0 55 0 15 0 0 0 31 22 0 10 15 0 0 0 0 0 52 0 1 0 0 0 0 0 0 0 0 0 0 0 0 0 0 0 0 0 0 2 1 0 0 72 0 0 0 0 0 0 0 0 0 0 9 6 13 0 0 0 0 0 0 0 0 0 0 26 0 0 0 0 0 4 0 0 0 0 5 0 0 2 19 0 0 0 13 0 4 0 15 49 19 0 0 0 10 6 0 31 0 6 9 0 0 10 0 0 0 0 0 0 0 0 0 0 0 0 0 0 13 0 0 0 0 0 0 0 0 0 0 0 0 0 0 0 0 0 0 0 0 0 0 0 5 0 0 0 0 0 1 0 0 0 0 0 0 0 0 0 49 0 12 0 0 0 0 0 1 0 0 0 0 0 0 0 0 14 0 0 0 0 0 0 0 20 0 0 0 0 0 0 
 0 0 0 2 0 3 3 0 0 0 0 0 0 3 0 0 0 0 0 1 40 133 59 45 296 133 66 129 129 124 138 175 63 186 94 0 149 153 126 305 1 2 3 0 0 0 63 0 0 0 0 0 3 0 3 2 0 0 30 0 6 0 0 0 1 44 2 0 0 0 0 0 0 0 2 2 0 3 2 0 0 0 0 0 0 0 0 0 0 0 0 10 0 0 0 0 0 0 0 0 29 0 23 30 0 9 0 69 15 22 34 9 10 0 33 17 4 61 0 7 0 0 0 15 0 1 0 0 0 0 0 0 24 15 22 0 1 0 23 0 0 0 0 0 0 0 0 0 0 0 0 0 0 1 0 1 0 0 0 0 0 0 0 0 0 6 0 0 0 0 0 0 0 4 0 0 0 0 0 2 0 9 16 25 7 30 0 0 19 33 20 31 0 2 27 16 38 26 0 0 11 9 1 0 0 0 9 0 1 0 0 0 1 0 0 0 0 0 0 1 2 0 0 0 0 2 0 0 0 0 0 0 0 0 0 0 0 0 0 0 0 0 0 0 0 0 0 0 0 0 0 0 0 0 5 1 2 1 76 2 0 0 0 0 0 0 10 0 0 0 0 0 0 0 0 15 0 0 0 0 0 0 0 1 0 0 0 0 0 0 
 0 2 0 0 0 0 1 0 0 0 3 0 0 0 0 0 0 1 0 1 118 112 238 106 71 58 54 53 109 107 113 87 52 108 167 149 0 159 26 33 61 2 0 59 0 0 76 1 0 3 0 0 67 0 0 2 0 0 0 0 3 0 0 0 4 5 2 0 0 0 0 0 0 4 0 2 0 3 8 0 4 0 0 0 0 0 0 13 0 0 0 0 0 0 0 12 0 0 0 0 9 41 18 15 10 43 13 9 78 0 34 8 6 0 7 0 38 28 0 0 12 0 0 0 0 0 1 0 9 0 0 0 23 0 0 0 0 0 14 0 0 0 0 0 0 0 0 0 0 0 0 0 0 5 0 0 0 0 0 0 0 0 0 0 0 5 0 0 0 0 0 0 0 1 0 0 0 0 0 2 0 8 30 0 17 11 0 0 0 13 18 20 0 0 48 0 7 25 11 0 10 0 0 0 0 0 9 0 0 0 0 0 22 12 8 10 0 2 12 24 0 0 0 0 0 0 0 0 0 0 0 5 0 0 0 0 0 0 0 0 0 0 9 0 0 0 0 0 0 0 0 1 0 0 0 0 0 3 73 0 0 0 0 0 0 0 0 0 0 0 0 0 0 0 0 0 0 0 0 9 0 0 0 0 0 2 9 0 0 0 
 0 1 0 16 0 0 1 6 0 0 3 6 0 0 1 0 0 0 0 2 131 105 126 36 59 132 105 55 120 106 198 258 38 31 41 153 159 0 64 27 1 2 0 34 0 0 56 64 0 0 0 0 3 1 0 4 1 2 0 64 3 0 0 0 16 5 2 0 3 0 4 0 0 5 0 2 0 3 2 0 0 0 0 0 0 0 0 0 0 0 0 0 0 1 0 0 0 0 0 0 0 0 0 8 19 39 0 0 22 5 0 17 0 12 11 12 7 12 0 8 38 0 0 15 0 0 0 25 9 0 0 0 50 35 20 2 8 0 24 0 0 0 0 0 0 2 0 0 0 0 0 9 0 0 0 0 0 0 0 0 9 0 0 0 0 0 0 0 0 0 0 0 8 4 0 0 0 0 2 0 0 10 0 65 7 15 0 0 4 24 8 74 2 48 1 10 14 0 0 0 19 9 14 14 0 0 10 0 0 0 0 0 33 6 19 2 0 0 32 2 0 0 0 0 0 0 0 0 0 0 0 0 0 0 0 0 1 0 0 0 0 0 0 0 0 0 0 0 0 0 0 26 0 0 4 0 1 1 56 0 2 0 0 0 0 0 0 0 0 0 0 0 0 0 0 0 0 0 0 0 0 0 0 0 0 0 9 0 0 0 
 5 5 4 5 79 3 31 4 81 5 9 78 78 40 87 29 79 5 5 7 100 347 116 71 79 260 31 62 88 166 45 28 221 136 381 126 26 64 0 144 0 2 0 0 0 0 0 4 0 0 0 0 3 66 61 2 0 0 0 0 3 0 0 0 0 0 3 0 0 49 0 0 0 0 0 6 0 3 2 0 0 19 10 16 1 7 0 0 55 0 0 1 0 20 19 0 11 15 0 0 38 1 0 1 0 16 0 64 0 0 15 0 9 44 11 0 0 0 0 14 0 0 0 0 0 0 0 0 0 0 0 0 0 0 0 0 0 0 0 0 0 0 0 0 0 0 0 0 0 0 0 9 8 0 0 0 0 0 0 0 0 0 0 0 17 20 0 0 0 0 0 1 0 0 0 0 0 0 0 0 0 0 0 16 0 0 0 0 30 25 0 15 0 11 15 12 0 0 0 0 0 0 12 0 18 0 0 0 0 0 0 0 0 0 0 0 0 0 0 0 0 0 0 0 0 0 0 0 0 0 0 0 0 0 0 0 0 0 0 0 0 0 0 0 0 0 1 0 74 0 0 73 2 0 8 0 0 0 0 2 2 0 2 0 0 0 0 0 0 0 0 0 0 0 0 8 0 0 0 0 0 0 0 0 0 0 0 0 0 0 
 3 3 2 2 83 77 2 1 76 3 0 1 1 4 2 3 1 26 1 1 172 73 54 418 307 49 62 104 162 111 76 235 162 256 109 305 33 27 144 0 0 3 0 0 0 4 0 0 0 0 0 0 3 0 0 2 2 0 0 0 3 0 0 0 0 0 3 0 0 0 0 0 0 34 0 2 0 3 2 0 0 42 9 38 1 18 0 0 33 7 1 0 0 0 1 0 9 11 1 0 11 7 8 0 5 0 20 27 18 22 1 0 19 39 6 25 0 0 12 12 0 0 0 0 0 0 2 3 0 0 0 0 0 0 0 0 0 0 0 0 0 0 0 0 0 0 0 0 0 4 0 0 0 0 0 0 0 0 0 0 0 1 0 1 32 7 0 11 0 0 0 0 0 0 0 1 11 1 0 0 10 17 0 2 0 0 14 22 9 0 0 0 0 4 14 0 0 19 0 47 0 0 0 0 0 0 0 0 0 0 1 1 0 0 0 0 0 0 22 0 0 0 0 0 0 0 0 0 0 0 0 0 0 0 0 0 0 0 0 1 0 0 12 0 0 0 1 0 78 2 0 0 0 0 3 2 2 1 1 2 2 2 0 0 0 0 0 0 0 0 0 0 0 0 2 13 0 0 0 0 0 0 0 0 0 0 0 0 0 0 
 3 5 3 3 2 3 3 3 4 3 64 5 3 3 4 3 3 3 3 4 0 0 0 2 81 88 0 0 0 0 5 0 0 0 0 1 61 1 0 0 0 141 62 54 71 35 246 165 29 39 317 14 56 80 169 146 43 37 66 131 0 0 0 0 0 0 0 0 2 0 1 0 0 0 0 0 0 0 0 0 0 0 0 0 0 0 0 14 0 0 0 0 0 0 0 0 0 0 0 0 0 0 0 0 14 17 0 0 0 0 0 9 0 0 0 0 0 0 0 0 1 1 11 15 11 15 20 4 9 0 0 11 9 34 17 18 0 19 41 0 0 0 0 0 0 0 0 0 0 0 0 0 0 0 0 0 0 0 0 3 0 1 0 0 0 0 0 0 0 0 0 0 0 0 0 0 0 0 0 2 0 0 0 0 0 19 0 0 0 0 0 0 0 0 0 0 0 0 0 0 0 20 16 14 10 0 26 0 0 1 36 0 0 14 29 0 11 0 8 0 0 0 0 0 0 0 0 0 0 15 0 0 0 0 0 0 0 0 0 0 0 0 0 0 0 0 0 0 0 0 0 3 0 0 0 0 0 62 0 0 0 0 0 0 0 9 1 2 1 0 0 0 0 0 0 0 0 0 0 0 0 18 0 0 14 0 0 0 0 0 
 0 2 0 0 0 0 0 0 1 0 0 2 0 0 0 0 0 0 62 3 5 2 2 0 54 74 9 2 2 2 4 4 2 3 2 2 2 2 2 3 141 0 380 90 57 109 367 197 287 38 92 38 279 149 290 208 168 72 37 122 0 1 0 0 0 0 0 2 3 0 2 0 0 0 3 2 0 3 52 0 0 0 0 0 0 0 0 0 0 0 0 0 0 0 0 0 0 0 0 0 0 0 0 0 0 37 0 0 0 0 0 11 0 0 0 0 0 0 0 0 17 0 32 27 1 0 19 21 20 11 7 0 2 13 13 48 0 48 49 20 0 0 8 0 0 0 0 0 0 0 0 0 2 0 8 6 0 0 0 4 0 0 0 0 0 0 0 0 0 0 0 0 0 0 0 0 0 0 0 10 0 0 0 0 0 0 0 0 0 0 0 0 0 0 0 0 0 0 0 0 0 0 28 2 14 0 0 13 29 39 5 18 0 6 0 33 54 19 22 0 0 0 0 0 0 0 10 9 0 0 0 0 6 0 0 0 0 0 9 0 0 0 0 0 0 0 0 0 2 0 0 5 0 0 0 0 0 0 0 0 2 0 0 3 2 9 2 0 0 0 0 0 0 0 0 0 0 0 0 0 0 0 11 0 4 0 0 0 2 0 
 0 2 0 0 0 0 0 0 1 0 0 0 0 0 3 0 0 0 0 1 4 0 0 0 8 13 0 1 101 0 0 0 0 0 0 3 0 0 0 0 62 380 0 166 124 49 83 396 420 55 52 176 64 204 319 71 199 446 47 65 0 0 0 0 2 0 46 73 0 0 0 2 0 0 1 1 0 0 51 68 0 0 0 0 0 0 0 0 0 0 0 0 0 0 0 0 24 0 0 0 0 0 0 0 0 10 0 0 0 0 0 0 0 0 0 0 0 0 0 0 14 0 0 0 8 0 1 6 0 44 21 13 0 0 10 12 13 38 0 2 0 0 0 0 0 0 1 13 50 0 0 0 22 12 13 0 15 0 0 0 0 0 0 0 0 0 0 0 0 0 0 0 0 0 0 0 0 0 0 1 0 0 2 0 0 0 0 0 0 0 0 0 0 0 0 0 0 0 0 0 10 0 9 12 53 0 11 0 21 19 0 21 6 6 0 28 0 9 0 3 18 0 0 0 0 0 13 0 0 0 0 0 8 0 0 0 0 9 20 0 0 0 6 0 0 0 0 0 0 26 0 2 0 1 0 0 0 0 0 0 0 0 0 0 1 29 0 65 0 0 11 0 0 0 0 0 0 0 0 0 0 2 0 0 7 0 0 5 0 1 
 0 2 0 0 0 0 0 0 0 0 0 0 0 0 0 0 0 0 0 1 0 0 0 0 0 7 1 0 0 5 0 0 0 0 0 0 59 34 0 0 54 90 166 0 92 41 368 100 100 221 194 104 63 112 84 65 71 138 76 76 0 0 0 0 0 0 71 0 0 0 0 3 0 51 0 0 0 0 11 122 0 0 0 0 0 0 0 0 0 0 0 0 0 0 0 0 0 0 0 0 0 0 0 0 0 0 0 0 0 0 0 0 0 0 26 0 0 0 0 0 20 0 0 0 16 10 0 0 8 8 29 7 0 0 0 0 0 0 0 0 6 12 10 2 0 0 4 12 0 0 0 0 11 0 18 13 10 0 0 0 5 0 0 1 0 0 0 0 0 0 0 0 0 0 0 0 0 0 0 0 0 0 0 0 0 0 0 0 0 0 0 0 0 0 0 0 0 0 63 0 0 0 0 1 1 0 0 0 0 0 0 58 0 0 0 0 0 28 0 0 22 35 10 0 0 0 11 24 55 0 0 0 29 30 70 0 7 1 10 3 17 0 0 0 0 0 0 0 0 0 0 12 0 2 0 0 0 0 0 0 0 0 0 0 3 0 0 0 0 0 11 0 0 0 0 0 0 0 0 0 0 0 17 0 0 0 0 8 0 0 
 0 2 0 0 0 0 3 0 0 0 0 0 0 2 0 0 63 0 0 1 2 0 0 0 4 4 0 0 0 0 0 0 0 2 0 0 0 0 0 0 71 57 124 92 0 154 280 273 117 533 243 144 68 78 79 80 82 89 84 67 6 0 0 0 0 0 0 0 0 0 0 0 52 0 12 0 0 0 74 0 0 0 0 0 0 0 0 0 0 13 0 8 0 0 0 0 0 0 0 0 0 0 0 0 0 0 0 0 0 0 0 0 0 0 0 0 0 0 0 0 5 0 0 12 25 13 1 4 9 18 7 20 0 6 2 3 0 18 2 8 7 12 13 19 0 0 0 0 14 1 19 0 0 0 0 1 2 0 31 20 0 0 0 0 0 0 0 0 0 0 0 0 0 0 0 0 0 0 0 1 0 0 4 0 0 8 0 0 0 0 0 0 0 0 0 0 0 0 0 0 13 0 0 5 14 23 1 0 8 1 0 9 24 0 0 13 0 9 0 6 0 0 3 4 0 0 16 14 33 9 18 14 15 8 2 0 15 21 0 0 15 0 0 0 0 0 0 0 0 0 0 0 0 0 0 0 0 0 0 3 0 26 0 2 2 3 3 3 3 0 19 0 0 0 0 0 0 0 0 0 0 5 0 0 0 0 0 0 16 0 
 0 4 1 0 2 62 0 0 2 7 4 65 0 0 2 0 0 0 1 1 0 0 0 0 0 0 5 8 0 0 0 0 0 0 2 0 0 0 0 4 35 109 49 41 154 0 34 37 216 128 146 208 35 127 36 296 134 143 45 315 0 1 1 1 0 3 0 1 0 1 52 3 0 53 0 0 50 0 74 0 0 0 0 0 0 7 0 0 0 0 0 0 0 0 0 0 0 0 0 0 0 56 4 5 0 0 1 3 0 7 0 0 6 3 4 5 1 5 7 6 0 0 0 0 0 11 0 0 1 20 0 3 0 0 9 6 0 8 0 0 35 22 2 1 14 0 20 16 0 0 20 0 14 12 0 0 0 0 0 40 0 0 0 0 0 0 22 0 0 0 0 0 0 0 0 0 0 0 0 1 7 26 0 0 0 0 7 15 9 0 0 0 0 0 2 0 0 0 0 0 0 7 0 23 8 2 0 0 24 6 15 0 0 0 0 13 15 1 0 0 11 0 9 10 29 0 14 18 29 0 9 13 69 24 63 20 22 24 10 28 14 0 3 0 0 0 0 0 0 0 0 5 0 12 0 0 0 0 0 15 0 0 19 67 4 0 2 1 0 0 24 0 0 0 0 0 0 0 0 0 0 0 0 0 0 0 0 0 0 0 
 0 2 0 0 0 0 1 0 0 0 0 0 0 0 0 0 0 0 0 2 3 0 0 63 29 63 0 0 0 0 124 62 0 3 0 63 76 56 0 0 246 367 83 368 280 34 0 283 272 32 108 35 667 127 161 100 46 52 98 185 0 0 0 2 3 3 1 0 2 0 9 0 0 2 0 51 0 0 17 2 0 0 0 0 0 0 0 0 0 0 0 0 0 0 0 0 0 0 0 0 0 0 1 0 16 9 0 0 0 0 0 0 0 0 22 4 0 0 0 0 10 9 20 3 22 13 9 17 9 0 1 16 10 20 34 13 0 0 20 0 0 0 0 0 0 0 0 0 0 0 0 0 0 0 0 12 6 0 2 0 0 0 0 0 0 0 0 0 3 0 0 0 0 0 0 0 0 0 0 1 0 0 0 0 0 0 0 0 0 0 11 10 0 0 0 0 0 0 14 0 12 19 0 13 6 1 15 0 0 0 13 0 11 0 30 11 0 0 0 14 9 0 0 0 0 0 7 7 8 0 0 0 7 3 0 0 0 8 0 3 0 0 0 0 0 0 0 0 0 27 0 7 0 1 0 0 0 0 0 2 0 0 4 0 2 4 2 0 1 0 0 0 0 0 0 0 0 0 0 0 0 7 0 0 3 0 6 0 0 0 
 5 6 5 8 7 3 5 7 0 0 1 3 10 0 0 0 17 5 0 2 0 0 0 63 64 125 5 0 0 0 64 56 3 0 0 0 1 64 4 0 165 197 396 100 273 37 283 0 331 92 140 27 89 215 243 109 55 365 76 164 0 0 0 0 4 3 0 6 3 0 53 0 4 1 2 6 0 0 0 53 3 0 0 0 1 0 0 0 0 3 26 0 0 0 22 25 0 5 0 0 0 0 0 1 21 7 0 0 0 0 0 10 0 0 0 0 0 0 0 0 1 6 10 12 0 0 19 13 12 8 0 11 14 25 25 6 0 12 10 4 0 0 0 0 0 0 0 35 0 0 0 0 27 0 0 0 0 0 0 0 0 0 0 5 2 0 5 0 0 6 0 0 0 0 0 0 6 13 0 1 0 0 0 0 0 9 0 0 0 0 13 1 0 0 0 0 0 0 0 8 11 13 0 11 2 0 10 0 0 0 11 0 1 18 18 11 0 12 0 0 14 0 0 0 0 0 0 0 0 0 0 0 0 0 0 0 0 0 0 0 0 0 0 0 0 0 0 0 0 0 0 0 0 2 0 0 0 60 0 0 0 0 1 0 2 3 0 0 2 0 0 0 0 0 0 0 0 0 0 0 0 10 0 0 9 0 11 0 0 0 
 2 4 2 2 0 2 2 9 3 4 5 4 2 2 0 2 2 2 2 9 2 0 0 0 0 0 0 0 0 0 0 0 26 0 0 0 0 0 0 0 29 287 420 100 117 216 272 331 0 182 167 67 80 170 294 74 127 188 70 54 3 1 0 0 5 0 19 1 0 3 0 0 6 0 3 0 8 2 5 52 0 0 0 0 0 0 0 0 0 0 0 0 0 0 0 0 0 0 0 0 0 0 0 0 0 0 0 0 0 0 0 0 0 0 0 0 0 0 0 0 0 10 34 9 0 26 3 0 6 59 11 39 0 0 0 16 54 0 0 9 7 0 0 0 0 0 9 0 5 0 0 0 13 20 0 0 24 0 8 0 0 0 0 0 0 0 7 0 14 4 0 0 0 10 0 0 0 0 0 1 0 0 0 0 0 0 0 0 23 0 0 0 0 0 0 0 0 0 0 0 0 38 32 12 29 34 0 14 3 31 11 18 0 8 0 20 27 27 0 0 7 0 0 0 0 0 13 0 0 0 0 0 0 0 0 2 0 0 49 3 0 0 3 0 0 0 0 0 0 0 0 6 0 1 0 0 0 0 0 2 0 0 0 4 2 2 0 0 0 0 19 0 0 0 0 0 0 0 0 0 0 0 0 0 0 12 0 9 0 0 
 0 6 0 0 0 64 0 1 0 0 14 0 0 0 0 0 0 0 0 1 27 0 0 0 1 66 0 0 0 0 0 0 2 0 2 0 3 0 0 0 39 38 55 221 533 128 32 92 182 0 224 46 69 82 108 89 75 212 339 96 0 0 0 0 0 0 0 0 0 0 0 4 0 0 0 0 0 0 0 101 0 0 0 0 0 0 0 0 0 1 0 4 0 0 0 0 0 0 0 0 0 0 0 2 0 0 0 0 0 0 0 0 0 0 2 0 0 2 0 0 0 32 19 13 8 14 0 0 1 25 0 17 0 0 2 5 9 3 0 0 11 9 0 0 0 0 9 0 1 0 0 0 41 1 0 0 0 0 18 0 0 0 0 0 5 0 11 0 0 0 7 3 0 0 0 0 0 0 0 3 0 0 0 0 0 0 0 0 0 0 0 0 4 0 0 7 0 0 0 0 0 7 6 0 0 17 0 0 0 0 16 0 8 0 1 7 52 28 0 0 21 0 1 0 0 0 13 20 2 0 0 0 1 15 0 10 0 0 18 13 0 5 0 0 0 0 6 0 0 0 0 8 0 1 0 0 0 0 0 10 0 0 89 69 0 0 2 2 0 0 0 0 0 5 0 0 0 0 0 0 0 0 0 0 1 0 0 0 0 0 
 12 4 10 7 7 2 8 9 2 2 2 2 35 2 2 2 8 13 2 3 0 0 0 7 0 0 0 0 0 0 0 2 0 0 2 0 0 0 0 0 317 92 52 194 243 146 108 140 167 224 0 65 55 66 134 144 198 128 243 51 0 0 0 1 0 0 0 0 0 0 0 5 0 0 0 0 0 2 57 52 0 0 0 0 0 0 0 0 0 0 5 0 0 0 5 4 0 24 0 0 0 0 0 0 0 0 0 0 1 0 0 0 0 0 0 0 0 0 0 0 0 0 0 0 23 23 0 0 22 9 10 10 0 0 0 0 0 23 0 0 8 14 0 0 0 0 10 0 0 0 0 0 13 12 0 0 0 0 18 0 0 0 0 4 0 0 7 0 0 4 0 0 0 0 0 0 6 4 0 1 0 0 0 0 0 0 0 0 0 0 0 0 0 0 0 0 0 0 0 3 0 7 0 9 13 0 0 0 9 0 9 9 0 0 0 6 8 26 0 0 12 1 13 0 0 0 29 28 2 0 0 0 1 35 0 13 0 0 8 10 7 0 0 0 0 0 0 0 0 0 0 5 0 2 0 0 0 0 0 13 0 0 6 63 0 8 0 2 1 0 0 0 0 0 0 0 0 0 0 0 0 0 0 0 0 0 0 0 0 0 
 1 2 0 0 2 0 0 7 0 64 4 0 0 0 0 0 0 0 0 1 0 0 0 0 1 0 1 0 0 3 0 0 0 0 0 0 0 0 0 0 14 38 176 104 144 208 35 27 67 46 65 0 32 296 35 286 96 90 254 53 0 0 0 0 0 0 0 0 0 0 0 0 20 0 35 0 0 0 0 1 0 0 0 0 0 0 0 0 0 0 0 0 0 0 0 0 0 0 0 0 0 0 0 0 0 0 0 0 0 0 0 0 0 0 0 0 0 0 0 0 0 2 12 0 0 53 0 0 18 14 0 21 0 0 0 8 61 0 0 0 18 13 10 10 0 0 12 0 21 0 0 0 22 0 12 0 11 0 27 0 0 0 0 0 0 0 0 0 0 0 0 0 0 0 0 0 0 0 0 1 0 0 0 0 0 0 0 12 0 0 0 0 0 0 0 0 8 0 0 0 0 5 9 17 27 33 0 1 40 9 11 11 0 3 0 32 23 8 0 0 34 0 10 0 0 0 13 0 4 0 3 0 0 13 0 0 0 0 0 1 10 0 0 0 0 0 0 0 0 0 0 0 0 0 0 0 0 0 0 36 0 0 0 0 37 2 4 0 0 0 5 0 0 0 0 0 0 0 0 0 0 0 0 0 0 0 0 3 2 0 
 3 4 2 3 2 5 6 66 2 3 2 2 2 3 2 2 2 3 2 3 3 29 144 0 24 3 3 3 71 3 91 67 3 4 3 3 67 3 3 3 56 279 64 63 68 35 667 89 80 69 55 32 0 101 255 19 27 238 232 44 0 0 0 0 0 2 4 0 0 0 0 44 0 4 23 3 0 1 5 15 0 0 10 0 0 0 0 0 0 0 0 0 0 0 0 0 0 0 0 0 0 0 19 11 14 0 0 0 0 0 7 0 0 0 0 11 8 0 0 0 31 52 19 24 9 9 23 12 7 0 0 0 39 13 1 1 9 0 32 20 0 1 0 0 19 2 0 0 1 0 0 0 0 0 0 4 7 0 6 0 0 7 0 0 0 0 0 0 4 0 3 2 0 0 0 0 0 0 0 2 0 6 31 0 23 9 0 0 0 0 0 20 0 0 0 10 14 0 0 0 8 0 6 0 0 17 38 10 0 26 0 18 20 15 12 0 40 0 34 14 6 0 0 1 0 0 9 0 12 1 0 0 0 5 0 0 0 6 8 6 0 0 0 0 0 0 0 0 0 0 0 0 0 2 0 0 0 0 0 2 0 0 64 0 0 3 0 0 2 0 0 0 0 19 0 0 0 0 0 0 0 0 0 0 2 0 7 0 0 0 
 0 0 31 0 0 3 0 0 80 0 0 0 0 0 0 0 0 0 0 1 0 0 0 39 62 30 0 2 0 0 96 65 2 0 0 0 0 1 66 0 80 149 204 112 78 127 127 215 170 82 66 296 101 0 379 250 106 33 155 184 1 0 0 0 48 0 0 0 2 0 0 0 6 51 0 0 0 0 0 0 0 0 0 0 0 0 0 0 0 11 0 0 0 0 0 0 0 0 5 0 0 0 0 0 0 0 0 0 0 0 7 1 0 0 0 0 0 0 0 0 0 5 32 25 0 0 0 0 0 35 6 7 0 28 17 83 35 6 7 31 0 0 0 0 0 0 0 0 17 0 0 0 39 0 0 0 0 0 0 0 0 0 0 0 0 0 0 0 14 0 0 0 0 0 0 0 0 0 0 2 0 0 0 0 0 0 0 0 0 0 0 1 0 0 0 0 0 0 0 0 0 0 30 9 30 14 0 27 8 20 0 9 11 2 21 33 18 0 11 29 9 0 0 0 0 0 0 0 0 0 0 0 7 0 0 0 0 0 0 0 0 0 10 0 0 62 0 0 0 0 0 2 0 0 0 0 0 0 0 0 0 0 1 0 0 0 0 1 0 0 19 0 0 0 0 0 0 0 0 0 0 0 0 0 8 15 0 0 1 1 
 0 8 0 0 0 0 1 0 1 0 0 60 0 0 3 0 0 2 0 1 4 0 0 0 0 0 202 0 0 0 0 64 0 0 0 3 0 0 61 0 169 290 319 84 79 36 161 243 294 108 134 35 255 379 0 332 101 160 74 308 18 0 0 13 0 15 0 0 0 0 0 0 53 0 0 0 0 0 0 52 0 0 0 0 0 0 0 0 0 0 0 0 0 0 0 0 0 0 0 0 0 0 0 0 21 29 0 0 0 0 0 0 0 0 0 0 0 0 0 0 0 0 21 11 0 0 22 6 0 8 10 25 3 3 49 16 0 14 22 25 0 0 0 0 0 0 0 11 0 0 0 0 31 12 11 0 0 0 0 0 0 0 0 0 0 0 0 0 0 0 0 0 0 22 0 0 0 0 0 2 0 0 0 0 0 3 0 0 0 0 0 0 0 0 0 0 0 0 0 0 0 21 8 0 19 0 0 7 11 7 0 0 1 15 0 0 0 9 8 0 17 0 0 0 0 0 0 0 0 0 0 0 9 0 0 0 0 0 0 0 0 0 5 0 0 0 0 0 0 0 0 6 0 2 0 0 0 30 0 2 0 0 0 0 0 18 2 70 0 0 0 0 0 0 0 0 0 0 0 0 0 20 0 0 0 0 0 0 0 0 
 0 2 0 0 0 0 0 0 0 0 3 0 0 0 0 0 0 0 0 7 2 2 2 0 131 26 2 2 2 2 2 64 2 2 2 2 2 4 2 2 146 208 71 65 80 296 100 109 74 89 144 286 19 250 332 0 311 65 107 92 0 0 0 0 24 0 0 0 5 0 6 0 0 0 0 0 0 0 52 21 0 0 0 0 0 0 0 0 0 0 0 0 0 0 0 0 0 0 0 0 0 0 0 0 0 7 9 0 0 0 0 2 0 8 0 0 0 0 0 0 2 0 0 0 13 13 0 29 21 0 0 39 24 33 9 0 15 21 0 0 0 0 0 0 0 0 0 0 0 0 0 0 23 0 0 0 0 0 0 0 0 0 0 0 0 0 0 0 0 0 0 0 0 0 0 0 0 0 0 1 0 0 0 0 0 0 0 0 0 0 0 0 0 0 0 0 0 0 0 0 0 0 0 58 3 0 14 0 7 22 47 0 10 0 7 7 1 0 0 9 9 0 0 0 0 0 0 0 0 0 0 0 0 0 0 0 7 0 10 0 0 0 0 0 0 0 0 0 0 0 0 5 0 0 0 0 0 0 0 10 0 0 63 1 0 1 0 0 0 0 0 0 0 0 0 0 0 0 0 0 0 0 0 0 8 14 0 0 1 0 
 1 2 0 0 0 0 0 0 0 0 0 0 0 0 0 0 1 1 0 1 0 0 0 0 0 0 0 0 0 0 0 3 0 0 0 0 0 1 0 2 43 168 199 71 82 134 46 55 127 75 198 96 27 106 101 311 0 460 36 30 0 14 1 0 2 0 19 0 0 2 0 0 2 0 4 0 5 0 22 110 0 0 0 0 0 0 0 0 0 0 0 0 0 0 0 0 0 0 0 0 0 0 0 0 0 0 0 0 0 0 0 0 0 0 0 0 0 0 0 0 0 0 0 0 0 1 0 0 25 28 19 20 0 0 5 0 0 7 0 0 0 0 0 0 0 0 11 27 0 0 12 0 40 29 45 9 9 0 0 0 0 0 0 7 0 0 4 0 0 0 0 0 0 0 0 0 0 0 0 0 0 0 0 0 0 0 0 0 0 0 0 0 0 0 0 0 0 0 0 0 0 11 0 12 40 0 0 0 27 22 0 34 0 0 0 21 2 37 0 0 23 9 1 0 0 0 25 0 1 0 0 0 2 0 0 8 0 0 4 12 0 0 20 0 0 0 0 0 0 0 0 2 0 0 0 0 0 0 0 2 0 0 0 66 0 1 1 63 1 0 0 0 0 0 0 0 0 0 0 0 0 0 0 0 0 9 0 8 1 0 
 1 3 3 2 3 5 2 1 3 2 3 3 3 6 5 3 3 2 3 6 0 0 0 0 3 0 1 6 0 0 2 2 0 0 2 0 0 2 0 0 37 72 446 138 89 143 52 365 188 212 128 90 238 33 160 65 460 0 38 31 0 0 0 0 0 0 53 0 0 0 3 2 0 0 0 0 0 0 23 101 0 0 0 0 0 0 0 0 0 0 0 0 17 5 0 0 0 0 5 0 0 0 0 0 0 0 0 0 0 0 0 0 0 0 0 0 0 0 0 0 0 0 0 0 10 0 0 0 6 31 13 0 0 0 8 1 1 13 0 0 0 0 0 0 0 0 10 27 1 0 0 0 36 24 21 15 0 0 19 0 0 0 0 5 0 0 8 0 0 0 0 0 0 1 0 0 0 0 0 18 0 17 0 0 0 0 21 0 0 0 0 0 0 0 0 0 0 0 0 0 0 7 1 11 69 0 0 0 15 18 0 20 16 0 0 19 0 58 0 0 33 17 2 0 0 0 25 1 0 0 0 0 8 0 0 8 0 0 11 10 0 0 24 0 0 1 0 0 0 0 0 4 0 16 0 0 0 0 0 2 0 2 0 63 1 4 1 8 0 0 0 0 0 0 0 0 0 0 0 0 0 0 0 0 0 0 0 12 0 0 
 1 0 0 0 0 0 3 0 0 0 3 0 0 0 0 0 0 0 0 2 0 0 62 63 62 133 0 0 65 0 63 90 3 0 0 30 0 0 0 0 66 37 47 76 84 45 98 76 70 339 243 254 232 155 74 107 36 38 0 226 0 3 0 0 0 1 0 0 0 0 0 0 0 0 0 23 4 1 0 0 0 0 0 0 0 0 0 0 0 0 14 0 0 0 0 0 0 0 0 37 0 0 9 9 0 0 0 0 0 22 6 0 0 0 18 0 0 0 0 0 0 39 15 24 0 4 0 0 7 0 0 0 16 2 0 23 16 0 0 17 0 0 0 0 0 0 0 0 0 17 0 0 0 0 0 0 0 0 0 6 0 0 0 0 0 0 0 0 10 0 0 0 0 0 0 0 0 0 0 0 0 9 0 0 0 15 0 0 9 0 10 0 0 0 0 10 20 0 0 0 21 20 0 0 3 17 8 38 3 0 4 1 11 7 24 0 9 0 13 9 0 0 0 0 0 0 0 0 0 0 0 0 0 0 0 0 0 0 27 0 0 0 0 0 0 0 0 0 0 0 0 0 0 2 0 0 0 0 0 2 2 0 34 0 0 2 2 0 0 0 1 0 0 0 0 11 0 0 0 0 0 0 0 0 0 0 0 0 0 0 
 0 2 0 0 0 0 0 0 0 0 0 3 0 0 0 0 0 0 0 1 2 0 0 91 125 54 5 0 0 0 46 125 0 2 1 0 0 64 0 0 131 122 65 76 67 315 185 164 54 96 51 53 44 184 308 92 30 31 226 0 0 0 0 0 4 0 0 0 5 0 6 52 0 0 0 0 0 0 0 0 0 0 0 0 0 0 0 0 0 0 0 0 0 0 0 0 0 0 0 0 0 0 0 0 0 2 0 0 0 0 13 11 0 0 0 0 0 0 0 2 0 37 1 9 0 0 0 22 0 0 0 0 40 52 8 16 7 0 0 10 0 0 0 0 0 0 0 0 0 0 0 0 3 0 3 0 0 6 0 0 0 0 0 0 0 0 0 0 6 0 0 0 0 0 0 0 0 0 0 2 1 1 0 18 0 2 0 0 0 0 0 9 0 0 0 0 0 0 0 0 2 25 14 28 5 1 17 50 35 0 39 0 29 17 35 7 8 6 21 11 0 14 0 0 0 0 0 0 0 0 0 0 0 0 0 2 0 0 9 0 0 0 0 0 0 0 0 0 0 0 0 7 0 0 0 0 0 0 0 0 0 0 63 0 0 0 0 0 0 0 0 0 0 0 0 0 0 0 0 0 0 0 0 0 12 0 0 0 0 0 
 0 0 0 0 0 0 0 0 0 0 0 0 0 0 0 0 0 0 0 0 3 3 3 0 3 3 3 3 3 3 3 3 5 3 3 6 3 3 3 3 0 0 0 0 6 0 0 0 3 0 0 0 0 1 18 0 0 0 0 0 0 109 178 104 302 37 83 97 174 130 41 98 133 67 151 247 300 65 105 59 0 0 0 8 0 0 0 0 0 0 0 0 0 0 0 0 0 0 0 0 0 0 0 0 0 0 0 0 0 0 0 0 0 0 0 0 0 0 3 0 0 7 2 5 0 0 0 0 0 4 3 1 0 0 0 3 3 0 0 5 0 0 17 19 26 6 21 0 18 90 30 0 0 0 0 5 1 47 7 13 0 0 0 0 0 0 0 0 0 0 0 0 0 0 0 0 0 0 0 0 0 0 0 0 0 0 0 0 0 0 0 0 0 6 0 0 0 0 0 0 0 3 3 0 0 21 0 6 0 0 0 5 0 0 0 0 0 0 0 0 16 19 0 1 15 40 0 16 15 34 11 7 19 0 0 12 8 4 7 0 0 0 0 0 0 0 0 0 0 0 0 0 0 0 14 0 0 0 0 0 0 0 16 0 0 0 8 0 0 0 11 0 0 0 0 54 0 0 0 0 0 0 0 0 0 3 0 0 0 0 
