 0 225 188 266 34 36 370 69 239 305 116 25 299 357 206 119 169 247 328 322 0 0 2 0 3 5 0 2 0 4 2 5 5 2 0 6 3 0 2 2 3 0 0 55 0 0 62 0 0 5 0 0 0 0 2 2 6 0 3 0 0 0 8 2 2 0 0 0 9 5 0 0 0 3 0 5 0 4 4 0 0 14 0 12 3 0 9 0 11 12 31 59 17 10 47 0 0 32 29 12 0 48 0 0 0 0 1 0 0 0 2 0 0 0 0 0 0 0 0 16 0 0 0 0 0 0 0 0 0 7 0 0 1 0 0 0 0 0 0 0 0 0 0 0 0 0 0 0 0 0 1 0 0 0 0 0 0 2 13 0 0 18 10 21 12 1 29 0 16 17 9 19 14 34 7 3 15 0 0 0 0 0 0 0 0 0 0 0 0 0 0 0 0 0 0 0 0 0 1 1 0 0 0 10 0 0 2 0 0 0 0 0 0 0 0 0 0 0 0 0 0 0 0 0 0 0 2 0 0 0 0 0 0 0 0 0 2 0 0 0 0 0 0 0 0 2 3 1 2 0 14 6 4 1 0 0 0 0 0 0 0 0 0 0 0 0 0 0 0 0 1 0 0 26 0 19 2 1 0 0 0 0 0 0 0 0 0 0 0 2 
 225 0 100 371 46 80 179 355 133 140 33 137 278 341 186 214 54 115 207 156 0 0 0 0 0 3 95 1 0 0 1 0 3 0 2 0 0 0 2 3 1 1 0 0 0 0 0 2 0 0 0 4 0 0 0 0 2 0 3 0 1 0 3 0 0 0 1 0 3 0 0 0 0 2 3 0 1 1 2 0 26 8 30 29 2 12 32 0 32 8 29 18 2 25 36 25 14 1 16 15 0 0 0 0 0 0 3 0 2 0 0 0 7 0 15 0 0 0 17 0 0 0 0 0 0 0 0 0 0 0 0 0 1 15 0 0 1 0 0 0 0 0 2 0 0 0 0 0 0 0 0 0 0 0 0 0 0 0 0 0 10 0 10 7 11 2 0 0 29 15 18 18 13 25 26 29 14 29 21 37 0 0 0 0 0 0 0 0 0 0 0 0 0 12 27 0 0 0 2 0 0 0 0 0 0 0 0 0 0 0 0 0 0 0 0 2 0 0 0 0 0 0 0 0 0 0 0 0 0 0 0 0 0 0 0 12 1 0 0 0 0 20 0 0 0 0 93 0 2 0 0 6 5 1 0 0 0 0 0 0 0 0 0 0 0 0 0 0 0 0 0 0 0 0 0 0 18 0 0 0 0 0 0 0 0 1 0 0 0 0 
 188 100 0 104 58 300 240 300 207 154 151 129 264 52 58 181 177 212 181 136 0 1 0 0 0 6 0 3 0 3 4 0 107 80 0 4 73 0 0 3 3 1 0 0 3 0 0 3 67 0 2 1 0 0 3 3 2 0 3 0 0 0 3 3 1 0 1 0 3 0 0 0 2 2 0 0 1 1 3 0 0 24 7 12 1 15 9 1 9 54 34 24 11 53 0 0 41 27 0 7 23 14 0 0 0 0 12 0 0 2 0 0 9 7 0 0 1 0 0 25 0 0 0 0 0 16 0 0 1 0 0 2 0 0 0 0 0 0 0 0 0 1 0 0 8 0 0 0 0 0 6 0 0 0 0 0 21 0 2 0 0 26 0 18 13 12 2 0 0 23 11 18 14 8 1 12 31 10 0 0 10 1 1 0 0 0 14 0 0 0 0 0 1 9 0 8 0 0 0 11 0 0 0 0 0 0 0 0 0 0 0 0 0 0 0 0 0 0 0 0 0 0 0 0 0 0 0 0 0 0 0 0 0 0 0 0 0 0 0 0 0 0 0 0 0 0 49 0 0 4 13 3 1 0 0 0 0 0 0 0 0 0 11 0 0 0 0 0 0 0 0 0 0 0 0 8 0 18 0 0 5 0 0 0 0 0 0 0 0 0 
 266 371 104 0 90 74 93 183 351 86 201 108 295 454 330 233 143 39 320 71 0 0 0 0 0 3 4 3 0 2 5 2 5 0 0 40 3 0 0 2 6 1 2 68 3 3 0 2 2 0 1 67 1 82 3 2 2 1 3 1 3 0 3 0 0 4 1 0 3 0 0 0 8 3 4 0 1 1 2 3 24 10 41 24 0 13 27 2 8 9 16 40 19 78 41 14 17 0 15 10 0 0 0 0 0 0 0 0 0 0 0 0 8 0 0 0 0 0 26 0 0 0 0 0 0 0 0 0 9 0 0 0 0 0 0 0 0 0 0 0 0 0 0 0 0 0 0 0 0 0 0 0 0 0 0 0 0 0 0 2 15 0 22 7 28 0 15 0 26 20 16 9 14 59 16 24 0 40 18 33 0 0 0 0 0 0 0 0 0 0 0 0 0 14 0 2 0 0 0 0 0 0 0 0 1 0 0 0 0 0 0 0 0 1 0 0 0 0 0 0 0 0 0 0 0 0 0 0 0 0 0 0 0 0 0 0 0 0 0 0 0 10 0 0 0 0 6 2 0 4 0 3 8 0 0 0 0 0 1 0 0 0 0 0 0 0 0 0 0 0 0 0 0 0 0 17 18 0 0 0 0 0 0 0 0 0 0 2 0 1 
 34 46 58 90 0 72 38 59 101 151 177 258 82 77 71 67 75 133 59 82 78 76 0 0 0 3 34 75 0 0 2 0 78 98 0 0 0 74 103 74 1 1 0 0 0 0 0 2 0 0 3 0 0 0 0 0 2 0 3 0 48 0 3 0 0 0 2 0 3 0 0 0 0 2 0 0 2 0 2 0 0 0 18 0 10 80 0 0 0 18 6 15 0 0 0 6 15 7 0 0 16 3 9 12 0 0 57 10 9 22 13 0 11 46 21 20 39 11 28 19 0 0 0 0 0 10 0 0 0 0 9 0 0 0 0 0 0 0 0 0 0 0 0 0 0 0 0 2 0 0 0 0 1 4 0 0 0 0 0 0 0 14 0 18 38 16 0 0 0 14 34 0 0 0 0 0 23 0 0 0 12 25 16 0 0 0 8 27 7 25 0 0 26 27 10 0 10 18 35 12 13 0 0 0 0 0 0 0 0 0 0 0 0 0 0 0 0 0 0 0 0 0 1 0 0 0 0 0 0 0 0 0 0 0 0 0 0 0 0 0 0 0 0 0 0 0 0 3 94 1 2 2 0 0 0 0 0 0 0 0 81 0 12 0 0 0 0 0 0 0 0 0 0 0 0 1 0 0 0 0 0 0 0 0 0 0 0 0 0 0 
 36 80 300 74 72 0 35 45 135 160 285 70 30 40 652 147 73 134 49 113 0 85 5 1 3 3 38 3 0 0 5 0 75 4 0 78 0 0 5 5 1 1 0 0 0 0 2 63 3 0 6 2 67 0 2 2 2 0 3 0 0 0 4 0 0 4 2 2 3 0 0 0 3 2 0 0 0 0 2 3 0 0 19 17 1 31 0 10 0 9 14 0 0 1 0 22 11 14 0 0 11 15 0 0 0 0 6 0 0 0 0 1 31 6 10 0 0 0 21 0 0 0 0 0 0 0 0 0 0 0 0 0 0 0 0 0 0 0 0 0 0 0 0 0 0 0 0 0 0 0 8 0 0 0 0 0 0 0 6 0 0 25 0 0 25 26 0 0 15 6 34 13 0 0 1 28 0 11 1 0 23 0 0 0 0 0 0 14 0 0 0 0 0 39 22 0 0 0 0 11 0 0 12 0 0 0 0 0 0 0 0 0 0 0 0 0 0 0 0 0 0 0 0 0 0 0 0 0 0 0 0 0 0 0 0 0 0 0 0 0 0 0 0 0 0 10 83 1 2 172 2 2 0 0 0 0 0 0 0 2 0 0 0 0 0 62 0 0 0 0 0 0 0 0 0 10 0 16 0 0 0 0 0 0 0 0 0 0 0 0 
 370 179 240 93 38 35 0 110 57 149 52 26 77 43 34 40 137 30 103 377 0 0 0 0 1 3 0 0 0 2 4 0 3 0 0 0 0 0 1 2 2 0 0 0 2 0 0 1 0 0 0 4 0 0 0 0 2 0 3 66 0 6 3 0 0 4 0 0 3 0 0 0 0 2 0 0 0 2 3 0 1 1 20 1 10 0 2 18 4 12 0 19 14 29 31 0 9 27 47 21 0 0 0 0 26 0 0 0 0 2 0 0 0 0 0 0 0 0 0 0 0 0 0 0 0 0 0 0 0 0 0 0 0 0 0 0 0 0 6 0 0 2 0 0 0 1 0 0 0 0 2 0 0 0 0 0 0 0 11 0 16 13 39 34 16 0 40 0 1 0 13 0 39 40 14 0 12 0 0 30 0 2 2 0 1 0 0 0 0 0 0 2 0 1 0 0 0 0 0 0 0 0 0 0 0 0 0 0 23 0 0 0 0 0 0 0 0 0 0 0 0 0 0 0 0 0 0 0 0 0 0 0 0 0 0 0 0 0 0 1 0 0 0 0 0 1 1 0 0 0 13 9 0 0 0 0 0 0 0 0 0 0 0 0 1 0 0 0 0 0 0 0 0 0 0 21 0 0 0 0 0 0 0 0 0 0 0 0 0 0 
 69 355 300 183 59 45 110 0 164 48 39 123 213 188 76 125 225 56 54 140 0 0 2 0 0 3 2 1 3 75 2 0 76 0 3 3 2 3 0 2 8 1 0 3 5 3 0 2 0 3 3 0 0 1 0 1 4 2 3 0 3 0 6 0 3 3 1 0 3 0 1 2 3 2 4 0 1 3 2 40 10 68 8 12 14 0 11 21 25 1 13 0 34 15 10 1 31 9 15 0 0 0 0 0 0 0 9 0 0 0 0 0 0 0 0 0 0 0 6 0 0 0 0 0 0 0 2 0 7 0 0 0 0 0 0 0 0 0 0 0 0 0 0 0 0 0 0 0 0 0 0 0 0 0 15 1 0 0 0 0 6 0 9 1 0 20 1 34 18 0 15 31 1 1 37 24 22 14 0 6 0 0 0 0 0 0 16 2 0 0 0 0 0 0 0 0 0 0 0 0 0 0 0 0 0 0 0 0 0 0 0 0 0 0 0 0 0 0 0 0 0 0 0 0 0 0 0 0 0 0 26 0 0 0 0 0 0 0 2 0 0 37 0 0 0 2 94 1 2 0 1 3 0 0 1 0 0 0 1 0 0 0 0 0 0 3 0 0 0 1 0 0 0 0 0 0 0 0 0 0 0 0 0 0 0 0 0 0 0 0 
 239 133 207 351 101 135 57 164 0 114 141 150 97 250 183 92 231 183 72 71 0 0 0 0 2 3 0 0 0 0 1 0 75 77 0 0 0 0 0 2 63 1 0 2 0 0 0 2 0 0 0 2 0 0 0 0 2 1 3 0 0 0 3 0 0 0 4 0 3 2 0 0 0 2 3 0 1 2 2 0 0 5 25 55 1 22 13 11 0 7 10 8 0 25 0 45 36 0 0 0 18 7 0 0 0 0 0 0 0 0 0 0 39 0 2 0 0 0 34 0 0 0 0 0 0 0 0 0 10 0 0 0 0 0 0 0 0 0 0 0 0 0 0 0 6 45 0 2 0 11 6 0 0 0 0 11 0 0 2 0 0 0 0 0 9 38 0 0 0 11 29 14 0 0 1 44 0 11 2 0 13 0 0 0 0 0 0 0 0 0 0 0 0 31 12 0 0 0 14 28 0 0 0 0 0 0 0 0 0 0 0 0 0 0 0 1 0 0 0 0 25 0 0 0 0 0 0 0 0 0 0 0 0 0 0 0 0 0 9 0 0 0 0 0 0 4 10 0 1 185 1 6 0 0 0 0 0 0 0 0 81 0 1 0 0 0 2 0 0 0 0 0 0 1 0 15 0 13 0 0 0 0 0 0 0 0 0 0 0 0 
 305 140 154 86 151 160 149 48 114 0 183 162 53 75 270 106 172 88 66 414 2 0 0 0 0 3 0 2 0 2 2 2 99 75 0 2 0 0 79 3 1 1 0 0 0 0 0 2 0 0 0 5 0 0 0 0 2 0 3 0 0 0 3 0 0 0 2 0 3 0 0 0 0 2 0 0 2 0 2 0 8 14 0 52 15 12 0 18 20 18 24 10 0 46 18 10 0 26 7 0 11 10 0 0 0 0 21 0 0 0 0 1 14 0 0 0 0 18 32 25 0 0 0 0 0 0 0 0 0 0 0 0 0 0 0 0 0 1 0 0 0 0 0 0 0 0 1 0 0 0 0 0 0 0 0 0 0 0 5 0 17 8 18 8 10 19 6 0 17 13 8 0 0 21 13 12 0 12 1 19 14 0 0 0 0 0 0 29 0 0 0 0 0 0 12 0 0 0 0 0 0 0 0 1 0 0 0 0 0 0 0 0 0 0 0 0 0 0 0 0 0 2 0 0 1 0 0 0 0 0 2 0 0 0 0 0 0 0 0 0 0 0 0 0 0 2 3 1 3 90 0 7 0 0 0 0 0 0 0 0 0 0 0 0 0 0 0 0 0 0 0 0 0 0 0 0 10 1 0 0 0 0 0 0 0 0 0 0 0 0 
 116 33 151 201 177 285 52 39 141 183 0 394 243 329 61 162 216 138 304 74 77 0 0 0 0 4 0 0 0 0 1 0 3 100 0 0 1 0 92 139 8 0 0 0 0 0 0 1 0 0 0 0 0 0 0 0 2 0 3 0 0 0 3 0 0 0 0 0 3 0 38 0 0 2 0 0 0 2 3 0 1 10 0 22 0 0 11 0 1 10 16 18 0 1 15 0 0 10 1 0 18 26 0 17 0 0 41 19 0 1 0 0 13 0 21 23 21 18 32 2 0 0 0 0 0 0 0 0 5 0 0 0 0 0 0 0 1 0 0 0 0 0 0 0 1 0 0 0 16 0 0 0 0 15 0 0 0 0 0 0 0 2 0 14 42 39 0 0 12 10 0 9 17 22 18 19 13 14 0 0 28 0 0 0 0 0 0 39 0 1 1 0 13 5 0 0 0 17 10 10 0 0 0 0 0 0 0 0 0 0 0 0 0 0 0 2 0 0 0 0 0 0 0 1 0 1 0 0 0 0 0 2 0 0 0 0 1 0 0 0 0 14 0 0 0 2 88 2 5 88 14 1 0 1 0 0 0 0 0 0 0 0 0 0 0 0 0 0 0 0 0 0 0 0 0 0 0 0 0 0 0 0 0 0 0 1 0 0 0 0 
 25 137 129 108 258 70 26 123 150 162 394 0 143 34 43 148 104 112 33 41 78 79 0 0 0 3 1 38 0 2 1 0 3 147 0 0 0 0 112 75 5 2 0 0 2 3 0 1 0 0 0 4 0 1 0 0 2 2 3 0 2 0 3 0 0 0 0 0 3 0 0 1 1 5 2 0 0 3 4 1 0 0 0 6 14 2 13 0 2 14 32 0 1 15 0 2 0 0 1 1 29 16 1 16 0 17 20 0 10 0 0 0 11 2 33 11 16 14 14 20 0 0 0 0 0 0 0 0 7 0 0 0 0 0 0 0 0 0 0 0 0 0 0 0 6 0 1 0 0 0 3 0 0 0 0 0 0 0 0 0 52 0 0 10 21 24 0 1 9 14 0 14 0 49 8 0 0 15 0 15 15 0 20 0 0 0 0 37 0 10 0 0 34 22 2 0 11 17 35 22 0 0 0 1 0 0 0 2 0 0 0 0 1 0 0 0 0 0 0 0 2 2 0 0 2 0 0 0 0 0 0 0 0 0 0 0 0 0 0 0 0 10 0 0 2 2 131 0 79 9 0 11 0 0 0 0 0 0 0 0 0 0 0 0 0 0 0 0 0 0 0 0 0 0 0 12 0 0 0 0 0 0 0 0 0 0 0 0 0 0 
 299 278 264 295 82 30 77 213 97 53 243 143 0 60 50 30 32 39 77 226 0 0 0 0 0 3 0 0 0 2 2 1 4 0 0 1 0 0 0 6 1 1 0 0 0 0 0 2 0 0 0 0 0 0 0 0 2 0 3 0 0 0 3 0 0 0 2 0 3 0 0 0 0 2 0 0 2 0 2 42 26 40 0 10 0 0 11 21 1 0 0 0 70 1 5 2 0 0 53 0 0 0 0 0 0 0 0 0 0 0 0 0 0 0 0 0 0 0 0 0 0 0 0 0 2 0 0 0 0 0 0 0 0 0 0 0 0 0 0 0 0 0 0 0 0 0 0 0 0 0 0 0 0 0 0 0 0 0 0 0 3 0 0 3 3 0 30 18 1 3 0 0 18 0 1 0 21 12 24 13 2 0 0 0 0 0 10 15 0 1 0 0 0 0 0 0 0 0 0 0 0 0 2 0 0 0 0 0 0 0 0 0 0 0 0 0 0 0 0 0 0 19 0 1 0 1 0 0 1 0 0 0 0 0 0 0 0 0 14 0 0 0 0 0 0 0 1 0 2 0 0 0 0 0 0 0 0 31 0 0 0 0 0 0 0 0 0 0 0 0 0 0 0 0 0 0 0 0 0 0 0 0 0 0 0 0 0 0 0 0 
 357 341 52 454 77 40 43 188 250 75 329 34 60 0 371 46 226 165 184 135 0 2 2 0 0 3 3 1 2 63 4 3 65 2 4 8 0 3 2 5 13 3 0 6 8 6 0 4 2 10 3 6 0 0 4 12 7 0 3 0 0 2 8 3 5 6 1 0 5 5 1 2 0 2 2 0 1 3 5 1 33 39 40 14 0 0 12 8 14 0 25 28 0 13 3 35 12 1 16 10 0 0 0 0 0 0 1 0 0 0 0 16 0 0 0 0 0 1 19 13 0 0 0 0 0 0 0 0 9 0 0 0 0 0 0 0 0 0 0 0 0 0 0 0 0 0 0 0 0 0 1 0 0 0 0 0 0 0 0 0 0 0 29 0 0 20 19 0 1 22 0 46 1 1 0 31 0 0 14 0 0 0 0 0 0 0 0 0 0 0 0 0 0 0 0 0 0 0 21 0 0 0 0 0 0 0 0 0 0 0 0 0 0 0 0 0 0 0 0 0 0 0 0 0 0 0 0 0 0 1 0 0 0 0 0 0 0 0 0 0 0 1 0 0 0 3 1 0 0 1 1 0 12 0 0 0 0 0 0 0 1 0 0 0 0 1 0 0 0 0 0 0 0 0 4 19 24 0 0 0 0 0 0 0 0 0 0 0 0 0 
 206 186 58 330 71 652 34 76 183 270 61 43 50 371 0 228 72 211 274 198 0 0 0 0 0 3 9 1 0 5 203 0 3 0 0 2 1 0 0 2 3 0 3 0 0 62 0 0 65 0 2 2 0 0 0 0 64 1 5 0 0 0 4 0 0 3 0 0 43 0 0 2 0 6 1 2 8 3 3 0 19 2 10 8 12 0 11 1 46 0 28 23 11 2 25 8 23 1 1 19 0 1 0 0 0 0 0 0 0 0 0 0 0 0 0 0 0 0 44 0 0 0 0 0 0 0 0 0 0 0 0 0 0 0 0 0 0 0 0 0 0 0 0 0 0 0 2 0 0 0 7 0 0 0 0 0 0 0 28 0 1 36 0 1 8 18 7 12 32 30 19 18 0 1 8 21 29 0 0 0 0 0 0 0 0 0 22 0 0 0 0 0 1 1 1 0 0 0 0 9 0 0 0 2 0 0 12 1 0 31 0 16 2 0 0 0 0 0 0 0 1 1 0 0 1 0 0 0 0 0 0 0 0 2 0 0 0 0 0 0 0 0 0 0 1 0 2 2 2 0 0 6 8 0 0 0 0 0 0 0 1 0 0 0 0 0 0 0 0 0 0 0 0 0 0 0 28 18 0 0 0 0 0 0 0 0 0 0 0 0 
 119 214 181 233 67 147 40 125 92 106 162 148 30 46 228 0 219 132 60 171 0 0 0 0 2 3 2 0 0 0 2 0 3 76 0 0 0 3 0 60 8 2 0 0 2 3 0 3 0 0 0 1 0 1 0 0 2 2 2 0 3 0 3 0 0 0 3 0 3 0 0 0 3 2 2 0 2 0 2 3 20 0 33 6 0 10 15 0 0 0 28 1 0 13 6 15 14 0 6 11 7 0 0 0 0 0 0 0 0 0 0 0 18 1 0 0 0 0 23 0 0 0 2 0 0 0 0 0 7 0 0 0 0 0 0 0 0 0 10 0 0 0 0 0 2 0 0 0 0 0 3 2 0 0 0 0 2 0 1 0 13 2 0 0 11 10 1 0 9 10 20 8 2 14 8 20 5 10 0 16 1 0 0 0 0 0 0 0 0 8 0 0 4 31 0 0 0 0 0 8 0 0 0 0 0 0 0 0 0 0 0 0 0 0 0 0 0 0 14 0 0 0 0 0 0 0 0 1 0 2 0 0 1 0 0 1 0 2 0 0 0 12 0 0 0 1 55 0 0 0 0 0 0 0 0 0 0 0 0 0 0 0 0 0 0 0 0 0 0 0 0 0 0 0 0 11 18 17 0 0 0 0 0 0 0 0 0 0 0 0 
 169 54 177 143 75 73 137 225 231 172 216 104 32 226 72 219 0 197 113 332 0 0 3 78 5 3 5 3 0 0 2 0 76 41 0 4 0 0 3 5 2 1 0 0 0 0 0 2 0 0 0 0 0 0 4 1 3 0 3 0 0 0 9 0 0 4 1 3 3 0 0 0 0 2 0 0 1 1 2 0 0 16 0 27 0 0 1 0 9 0 35 45 11 0 18 11 38 0 13 19 37 14 0 0 0 0 0 0 0 3 0 0 9 0 0 3 0 0 7 9 0 0 2 0 0 11 0 0 2 0 0 0 0 0 0 0 0 0 0 0 0 0 0 0 6 0 0 0 0 0 6 2 0 2 0 0 2 0 0 0 9 2 44 7 0 27 9 13 11 37 7 35 7 16 14 16 6 0 0 15 0 0 0 0 0 0 0 0 0 0 0 0 10 16 0 0 0 0 0 3 0 0 0 0 0 0 0 0 1 0 0 0 0 0 0 0 0 0 0 0 0 0 0 0 0 0 0 0 0 2 0 0 1 0 0 2 0 2 0 0 0 0 0 0 0 1 84 0 2 0 1 0 0 0 0 0 0 0 0 0 0 0 0 0 0 0 0 0 0 0 0 0 0 0 0 25 0 1 0 0 0 0 0 0 0 0 0 0 0 0 
 247 115 212 39 133 134 30 56 183 88 138 112 39 165 211 132 197 0 29 269 1 0 0 0 0 3 78 0 0 2 4 1 3 26 0 1 0 0 0 4 1 1 0 0 1 0 0 2 0 0 4 0 0 55 0 0 2 0 3 0 0 0 3 0 0 0 1 0 3 0 0 0 0 2 8 0 1 1 49 0 5 30 13 1 17 22 11 40 26 10 35 23 0 27 1 45 1 12 0 0 5 51 0 0 0 0 12 0 0 0 0 0 13 7 0 0 0 0 16 18 0 0 0 0 0 0 0 0 0 0 0 0 19 0 0 0 0 0 0 0 0 0 0 0 8 0 0 0 0 0 0 0 0 0 0 0 0 0 0 0 0 17 0 0 21 15 0 11 14 29 31 19 19 0 14 1 26 0 21 0 2 0 0 14 0 0 0 0 0 0 0 0 10 13 0 0 0 0 11 0 0 0 0 0 0 0 0 0 0 0 0 0 0 0 0 0 0 0 0 0 0 0 0 0 0 0 0 0 0 0 0 0 3 0 0 9 0 0 0 0 0 2 0 0 0 1 89 0 0 88 0 5 8 0 0 0 0 0 0 0 0 0 10 0 0 0 0 0 0 0 0 0 0 0 0 16 5 0 0 0 0 0 0 0 0 0 0 0 0 0 
 328 207 181 320 59 49 103 54 72 66 304 33 77 184 274 60 113 29 0 195 0 2 2 2 0 5 0 0 1 2 0 0 6 2 0 3 0 0 0 2 3 0 2 0 0 0 0 0 0 0 0 0 0 0 2 2 2 0 3 3 0 0 3 1 1 0 0 0 3 0 0 0 0 3 0 0 0 3 4 0 20 11 14 10 0 0 23 10 4 21 24 31 10 0 4 20 17 11 27 41 0 0 0 0 0 0 1 0 0 0 0 0 0 0 0 0 0 0 0 2 0 0 1 0 0 0 0 0 0 0 10 0 0 0 0 0 0 0 0 0 0 0 0 0 0 0 0 0 0 0 0 0 0 1 0 0 1 0 0 0 0 15 20 19 0 0 20 9 2 14 0 16 8 27 0 47 16 18 17 0 0 0 0 0 1 0 0 0 0 0 0 0 0 0 0 0 0 0 0 0 0 0 0 0 0 0 0 0 2 0 0 0 0 0 0 0 0 0 0 0 0 0 0 0 0 0 0 0 0 1 0 5 2 0 0 1 3 1 0 0 0 0 0 0 0 0 0 0 3 0 12 0 50 0 0 0 0 0 0 0 0 0 0 0 0 0 0 0 0 0 0 0 0 0 0 19 15 0 0 0 0 0 0 0 0 0 0 0 0 0 
 322 156 136 71 82 113 377 140 71 414 74 41 226 135 198 171 332 269 195 0 0 0 0 0 0 3 0 0 0 0 1 0 3 0 74 0 0 0 3 2 2 56 0 0 0 0 0 1 0 0 0 0 3 0 0 0 2 0 3 0 0 0 37 0 0 0 0 0 3 0 0 0 0 3 0 0 1 3 3 42 26 16 0 19 0 0 0 37 24 0 0 0 61 2 27 17 0 0 55 28 0 0 0 0 0 0 0 0 0 0 0 0 0 0 0 0 0 0 0 0 0 0 0 0 0 0 0 0 0 0 0 0 0 0 0 0 0 0 0 0 0 0 0 0 0 0 0 0 0 0 0 0 0 0 0 0 0 0 0 0 1 0 20 0 0 0 25 10 0 0 0 0 0 0 0 4 26 0 42 13 0 0 0 0 0 0 0 0 0 0 0 0 0 0 0 0 0 13 0 0 0 0 0 0 0 0 0 0 0 0 0 0 0 0 0 0 0 0 0 0 0 0 0 0 0 0 0 0 0 0 0 0 0 0 0 0 0 0 0 0 0 0 0 0 0 2 2 0 2 2 0 5 0 0 0 0 0 0 0 0 0 0 0 0 0 0 0 0 0 0 0 0 0 0 0 0 3 0 0 0 0 0 0 0 0 0 0 0 0 0 
 0 0 0 0 78 0 0 0 0 2 77 78 0 0 0 0 0 1 0 0 0 196 77 140 47 27 121 29 123 100 112 32 151 192 35 177 113 38 225 47 0 0 2 2 0 5 6 3 2 0 0 2 0 2 8 18 0 1 5 0 0 0 0 3 2 0 0 0 0 0 0 0 3 1 0 1 0 0 2 1 0 0 0 0 2 0 0 0 1 16 19 0 0 0 0 0 0 0 0 0 17 1 14 20 14 0 19 16 10 0 0 6 10 29 9 58 0 35 5 28 0 0 0 0 0 0 0 0 0 0 0 1 0 0 0 0 0 0 20 5 0 0 0 0 0 20 0 0 4 0 0 0 0 0 0 0 0 0 0 0 0 14 2 1 0 0 1 0 0 0 0 0 0 0 0 0 0 10 0 0 38 0 67 11 0 0 8 19 4 50 11 0 26 1 9 21 9 35 30 37 0 0 0 0 0 0 0 0 0 0 0 0 0 0 0 0 0 0 9 0 0 0 1 0 0 0 0 8 0 0 0 0 0 0 0 0 0 0 0 2 0 0 18 0 0 0 0 0 0 0 0 0 0 0 4 0 0 0 0 0 2 17 0 0 0 0 0 0 0 0 0 0 0 0 0 0 0 0 0 0 0 0 0 0 0 22 0 0 0 0 
 0 0 1 0 76 85 0 0 0 0 0 79 0 2 0 0 0 0 2 0 196 0 107 227 48 258 227 112 274 122 202 31 287 93 215 283 139 206 137 122 0 0 2 2 0 3 2 3 4 0 0 2 0 2 0 3 0 1 0 76 0 0 0 3 5 0 0 0 0 0 0 0 3 1 0 0 0 0 2 0 2 2 0 0 0 13 0 0 0 0 1 0 0 0 0 0 0 0 0 0 0 37 2 33 10 15 0 46 28 19 21 26 21 0 46 31 50 13 0 0 0 0 0 0 0 0 0 0 0 0 0 0 0 0 0 1 0 0 15 23 0 0 0 13 0 5 0 0 1 0 0 2 0 0 0 0 0 2 0 0 0 0 0 0 19 0 0 0 0 2 0 0 0 0 0 0 0 0 0 0 0 0 44 20 1 20 18 19 3 2 0 2 14 33 11 7 0 9 17 11 14 0 0 0 0 0 9 0 0 0 0 11 0 0 0 0 0 0 13 11 0 0 0 0 0 0 0 0 0 0 0 0 0 0 0 2 0 0 0 0 0 0 0 0 0 17 0 0 0 0 0 0 1 0 9 0 1 0 77 2 0 9 0 0 0 0 0 1 0 0 0 0 0 0 0 0 0 2 0 12 0 0 0 0 0 0 0 0 0 0 
 2 0 0 0 0 5 0 2 0 0 0 0 0 2 0 0 3 0 2 0 77 107 0 248 271 120 94 266 287 125 176 40 63 275 209 189 109 48 236 27 0 0 5 2 0 5 65 3 2 0 0 2 0 2 0 3 7 0 0 63 0 0 0 3 2 0 0 0 0 0 0 0 3 1 0 6 0 0 2 56 0 0 0 0 1 0 0 0 0 0 0 0 12 0 0 0 0 0 0 0 0 0 22 7 24 26 0 2 14 0 10 14 0 0 9 16 19 24 0 0 24 0 2 0 0 0 12 22 0 26 0 0 11 15 6 1 0 0 14 15 0 9 0 0 0 6 0 0 9 0 0 0 0 0 0 0 0 0 0 1 0 0 0 0 0 2 0 0 0 0 0 0 0 0 0 0 0 0 0 0 0 34 7 32 11 0 0 1 14 10 11 28 0 0 0 0 43 11 0 0 12 0 0 0 0 2 8 4 0 0 0 0 0 15 0 0 0 6 44 22 0 0 0 0 0 0 0 0 0 0 0 0 0 0 0 0 0 0 1 9 0 0 0 0 0 0 0 0 0 0 0 0 0 0 23 1 0 0 1 0 45 1 0 0 0 0 0 0 0 0 0 0 49 0 0 0 0 0 0 9 0 0 0 0 0 0 0 0 0 0 
 0 0 0 0 0 1 0 0 0 0 0 0 0 0 0 0 78 0 2 0 140 227 248 0 114 131 177 237 128 182 565 134 271 74 145 386 141 112 116 133 5 0 2 2 0 3 1 3 2 5 0 2 0 2 0 3 5 0 1 69 0 0 0 3 3 0 0 0 0 0 0 0 3 0 0 4 2 0 2 3 2 2 0 0 0 0 0 0 0 0 2 0 0 0 0 0 0 0 0 0 0 0 20 12 0 0 0 0 26 8 24 20 4 1 1 17 31 23 0 0 0 0 0 0 0 0 10 0 0 0 0 0 0 12 10 0 0 0 14 23 0 2 0 0 0 5 0 0 5 0 0 2 0 0 0 0 0 2 0 0 0 0 0 0 0 1 0 0 0 2 0 0 0 0 2 0 0 0 0 0 0 54 14 95 21 0 0 17 29 2 20 25 0 5 7 52 18 43 0 0 12 0 0 0 0 0 9 19 50 0 0 0 15 11 0 12 0 0 41 14 1 0 0 0 0 0 0 0 0 0 0 0 0 0 0 2 0 0 0 0 0 0 0 0 0 0 0 0 0 0 0 0 0 0 7 0 1 6 2 2 2 12 0 0 0 0 11 0 0 0 0 0 0 0 0 0 0 2 0 1 0 0 0 0 0 0 0 0 0 0 
 3 0 0 0 0 3 1 0 2 0 0 0 0 0 0 2 5 0 0 0 47 48 271 114 0 308 341 243 54 367 105 373 303 371 183 251 303 57 104 298 0 3 66 3 0 5 1 5 2 0 2 4 63 23 7 68 17 0 68 1 0 3 0 3 2 0 4 0 0 0 0 3 3 2 0 55 0 0 2 4 0 0 0 0 0 0 0 0 0 0 0 0 0 0 0 0 0 0 0 0 0 0 0 21 14 40 0 6 1 27 14 25 9 14 0 19 0 1 0 0 11 0 7 24 0 0 0 1 14 0 0 0 2 11 1 0 8 0 0 3 0 0 0 0 0 1 0 0 0 0 0 0 0 0 1 0 3 0 0 0 6 0 0 0 0 0 0 0 0 25 0 0 0 0 0 0 0 0 0 0 0 16 0 13 10 12 0 0 0 1 10 0 1 0 6 48 0 29 0 0 0 15 9 12 0 0 30 25 0 8 12 0 12 7 0 0 11 0 0 0 0 0 0 0 0 2 0 0 1 0 0 0 0 0 0 0 0 0 0 0 0 0 0 0 0 0 1 0 0 0 0 0 0 0 9 0 0 3 0 2 2 0 0 0 0 0 12 0 0 0 0 1 0 0 0 0 0 0 0 17 0 26 0 4 0 0 0 0 0 0 
 5 3 6 3 3 3 3 3 3 3 4 3 3 3 3 3 3 3 5 3 27 258 120 131 308 0 46 177 153 408 102 172 31 129 344 152 155 150 50 79 68 1 64 64 0 3 1 3 2 0 1 2 126 2 0 65 2 0 125 2 6 0 0 3 3 0 0 0 0 0 0 1 3 0 0 0 0 0 53 0 0 0 0 0 0 0 0 0 0 0 0 0 0 0 0 2 0 0 0 0 0 0 13 3 37 0 0 1 20 0 1 1 0 0 9 0 7 1 0 0 27 16 0 11 0 0 15 11 13 0 1 0 23 0 9 3 8 3 45 0 0 0 0 2 2 0 1 0 0 0 0 0 1 0 1 0 1 0 0 0 0 0 0 0 0 2 0 0 0 0 0 0 0 0 0 0 0 0 0 0 0 21 0 16 22 22 0 0 27 0 0 37 0 0 0 27 18 11 1 0 0 0 7 10 0 0 11 9 46 0 0 0 25 17 0 30 12 0 13 0 0 0 0 0 0 0 0 0 0 0 0 0 0 0 0 0 0 0 0 0 0 0 0 0 0 1 0 0 0 0 0 0 0 0 27 0 1 151 1 1 6 0 0 0 0 0 0 0 0 0 51 0 0 0 0 0 0 0 0 0 0 13 0 2 0 0 31 0 0 0 
 0 95 0 4 34 38 0 2 0 0 0 1 0 3 9 2 5 78 0 0 121 227 94 177 341 46 0 110 88 245 112 27 134 131 20 124 122 116 146 65 0 2 2 3 0 3 0 5 2 0 5 2 0 2 0 3 2 0 3 0 0 0 3 9 5 2 0 3 3 0 0 0 3 1 0 1 1 5 2 3 0 0 0 0 0 39 0 0 0 0 0 0 0 0 0 0 0 9 0 0 0 31 41 0 1 0 24 21 1 36 20 12 1 52 37 1 25 12 7 0 0 0 0 0 0 0 0 0 0 0 0 0 0 13 0 0 0 0 0 0 0 0 0 0 0 0 0 0 0 1 0 0 0 8 0 13 0 0 0 0 0 2 0 0 21 1 0 0 0 24 0 0 0 1 0 0 1 0 0 0 23 28 13 22 15 13 39 12 10 43 15 0 6 0 56 29 21 10 13 24 0 0 0 0 0 0 0 0 0 0 0 0 0 0 0 0 0 0 0 0 0 0 0 0 0 0 0 0 0 0 0 1 0 2 0 0 2 7 0 0 0 0 0 0 0 0 0 0 3 0 0 0 0 0 4 0 0 1 5 0 4 0 0 0 0 0 10 0 0 0 0 0 0 0 0 0 2 0 0 0 0 0 0 0 0 11 0 0 0 0 
 2 1 3 3 75 3 0 1 0 2 0 38 0 1 1 0 3 0 0 0 29 112 266 237 243 177 110 0 182 136 112 41 210 103 171 172 160 104 148 63 28 0 2 2 0 3 4 3 2 0 0 71 1 2 0 3 0 0 0 0 1 0 0 3 3 0 0 0 0 0 0 0 3 0 0 10 0 0 2 3 0 0 0 0 15 0 0 0 0 0 0 0 0 0 0 2 0 0 0 0 9 0 13 0 25 8 29 1 10 36 32 12 12 2 23 0 13 0 0 8 48 0 0 0 9 0 0 2 0 0 0 0 10 18 0 0 0 0 0 0 0 0 0 2 0 0 1 0 0 0 0 0 1 0 0 0 0 0 0 5 0 0 0 0 0 14 0 0 0 0 0 0 0 0 0 0 0 0 0 0 20 6 7 13 10 0 0 9 8 2 9 52 40 6 19 47 24 2 8 1 0 0 0 0 0 0 0 0 0 0 0 0 2 0 0 0 0 0 16 0 0 0 0 0 0 0 0 0 0 0 0 0 0 0 0 0 0 0 0 0 0 0 0 0 0 0 0 0 25 0 0 0 0 0 27 1 2 77 0 1 1 0 0 0 0 0 10 0 0 0 0 0 0 0 0 0 0 0 0 0 0 10 0 2 0 0 0 0 0 0 
 0 0 0 0 0 0 0 3 0 0 0 0 0 2 0 0 0 0 1 0 123 274 287 128 54 153 88 182 0 79 207 34 128 177 337 120 126 61 123 147 0 0 2 2 0 3 6 3 2 0 0 2 0 70 0 3 5 0 0 127 0 1 0 3 2 0 0 0 0 0 0 0 3 1 0 0 0 0 2 0 1 1 0 0 19 19 0 2 0 0 1 0 0 0 0 0 0 0 0 0 19 14 24 76 0 0 0 0 42 0 0 0 0 2 0 22 15 88 19 17 29 0 0 0 0 0 82 0 0 0 0 0 2 20 37 0 0 0 19 0 0 1 5 0 0 0 0 0 3 0 0 1 0 0 0 0 0 0 0 0 0 0 0 0 0 0 0 0 0 1 0 0 0 0 0 1 0 0 0 0 28 22 2 29 7 0 0 0 27 11 0 59 6 0 0 51 10 48 0 1 21 0 0 0 0 0 10 0 16 0 0 0 6 16 0 20 0 0 40 17 0 0 0 0 0 0 7 0 0 0 0 0 15 0 0 1 0 0 0 0 0 0 0 0 0 0 0 0 0 0 0 0 0 0 20 0 0 4 1 0 62 2 0 0 0 0 0 0 0 0 0 0 0 0 0 0 0 1 0 0 0 21 0 0 1 0 0 0 0 0 
 4 0 3 2 0 0 2 75 0 2 0 2 2 63 5 0 0 2 2 0 100 122 125 182 367 408 245 136 79 0 141 488 127 64 165 84 371 143 373 259 30 0 3 3 0 3 63 3 3 5 0 3 41 1 0 3 0 0 0 0 2 0 6 3 3 0 0 0 0 0 0 0 3 0 0 2 0 0 2 0 0 0 12 0 16 32 0 0 2 0 0 0 0 0 0 0 0 0 0 0 0 8 8 18 37 16 0 21 17 11 21 13 0 23 0 18 9 2 0 13 7 0 21 0 0 0 0 2 0 0 0 7 0 0 22 1 0 0 15 34 0 0 0 0 0 0 0 23 0 0 0 0 0 0 13 0 0 0 0 3 0 0 0 0 0 0 9 0 0 0 0 0 0 0 0 0 0 0 0 0 0 19 29 2 0 24 8 2 11 58 18 0 0 0 0 35 9 0 0 14 0 0 0 0 0 0 0 12 0 0 0 0 0 16 0 0 0 0 11 21 0 14 2 0 0 0 0 0 0 0 0 0 0 0 0 0 0 0 0 0 0 0 0 0 0 0 0 0 0 0 0 0 0 0 20 0 2 117 151 2 2 1 0 0 0 0 0 0 0 0 0 0 0 0 0 0 0 0 0 20 0 0 0 0 0 0 9 0 0 0 
 2 1 4 5 2 5 4 2 1 2 1 1 2 4 203 2 2 4 0 1 112 202 176 565 105 102 112 112 207 141 0 373 43 47 251 244 244 517 50 80 0 1 2 3 2 3 66 3 2 5 0 2 0 2 0 3 0 1 0 84 0 0 0 3 3 3 0 0 0 0 0 0 5 0 0 0 0 0 2 0 0 0 0 0 0 0 0 0 0 0 0 0 0 0 0 0 0 0 0 0 0 0 23 36 14 2 1 15 26 1 33 0 4 31 1 55 33 33 0 0 0 0 18 0 0 0 76 0 0 0 1 0 0 0 2 0 0 0 57 32 0 4 0 0 0 8 0 0 7 0 0 0 0 0 0 0 0 0 0 0 0 0 0 0 0 1 0 0 0 0 2 0 0 0 0 0 2 0 0 0 0 12 18 34 11 0 0 0 57 13 0 40 0 4 0 10 1 13 12 0 11 0 0 0 1 0 5 12 7 0 1 0 13 13 0 0 0 0 46 43 0 0 0 0 2 0 0 0 0 0 0 0 0 0 0 0 0 0 0 0 0 0 0 0 0 0 1 0 0 1 0 0 0 0 7 0 2 4 75 0 2 0 0 2 0 0 0 1 0 0 0 0 0 0 0 0 0 0 0 20 0 0 0 0 0 0 0 0 0 0 
 5 0 0 2 0 0 0 0 0 2 0 0 1 3 0 0 0 1 0 0 32 31 40 134 373 172 27 41 34 488 373 0 38 48 570 126 142 104 36 44 1 21 2 2 0 3 79 3 64 5 0 2 4 154 0 3 63 0 127 125 0 0 1 3 3 0 0 0 0 0 0 2 3 0 0 0 0 0 2 0 0 0 0 0 0 0 0 0 1 0 0 0 0 0 0 0 0 0 0 0 0 0 0 0 21 10 0 0 8 0 1 17 0 0 0 1 12 12 0 0 14 8 14 1 0 0 10 9 24 10 0 0 5 25 12 12 10 0 2 16 1 0 12 0 0 0 0 16 2 0 0 0 0 0 1 0 13 0 0 0 5 0 0 0 0 0 17 0 0 0 0 0 0 0 0 0 0 0 0 0 0 1 6 1 16 18 0 1 2 11 0 10 0 0 0 0 9 0 0 0 21 0 0 0 0 0 10 24 8 7 1 0 29 52 0 12 19 0 15 21 0 0 0 0 0 0 0 0 0 0 0 0 0 0 0 0 0 0 0 2 0 0 0 0 0 0 0 0 0 0 0 0 0 0 16 0 4 4 78 2 32 2 0 0 0 0 0 0 0 0 0 0 0 0 0 0 0 0 0 6 0 12 0 0 0 0 1 0 0 0 
 5 3 107 5 78 75 3 76 75 99 3 3 4 65 3 3 76 3 6 3 151 287 63 271 303 31 134 210 128 127 43 38 0 115 333 265 132 134 477 238 0 0 2 2 0 3 0 3 2 0 0 2 0 2 0 3 0 0 0 0 0 4 0 3 2 0 0 0 0 0 0 0 7 1 0 0 0 0 2 0 0 1 11 18 15 42 0 0 0 23 0 23 0 13 0 25 16 0 0 0 23 9 1 19 9 5 0 0 11 0 20 0 1 37 10 18 0 1 10 52 0 0 0 0 0 16 0 0 0 0 0 0 0 0 0 0 0 0 0 0 1 0 0 0 0 0 0 0 2 0 0 0 0 0 0 0 0 0 0 3 0 14 0 20 12 1 0 0 0 0 13 1 0 0 0 18 10 10 0 0 36 9 0 9 0 0 23 10 12 34 1 0 1 0 15 15 20 14 0 22 0 0 0 0 0 0 1 0 0 0 0 0 0 0 0 0 0 0 0 0 0 0 0 0 0 0 0 0 0 0 0 0 0 0 0 0 0 0 0 2 0 0 0 0 0 0 0 0 0 2 0 0 0 0 11 2 0 9 0 2 1 1 10 0 0 0 0 0 0 0 0 0 0 0 0 0 0 0 0 0 0 0 0 0 0 0 0 0 0 0 
 2 0 80 0 98 4 0 0 77 75 100 147 0 2 0 76 41 26 2 0 192 93 275 74 371 129 131 103 177 64 47 48 115 0 231 82 281 100 217 85 0 0 2 1 0 3 0 3 1 0 65 1 0 3 0 3 0 0 0 0 0 0 0 3 2 0 0 0 0 0 0 0 3 2 0 0 2 42 2 0 0 0 0 0 0 1 0 1 0 1 44 0 0 0 0 0 0 2 0 0 16 22 0 13 2 0 25 11 9 19 30 0 11 21 22 14 17 14 14 0 19 0 0 0 0 0 0 0 0 2 0 0 10 0 2 0 0 0 0 0 0 0 0 0 6 0 0 2 0 0 0 0 0 0 0 0 0 0 0 0 0 0 0 6 14 15 1 0 0 3 0 76 0 0 0 3 0 3 1 0 19 0 8 6 0 0 9 43 0 18 13 19 28 16 9 14 10 15 10 50 0 0 0 0 0 0 0 0 0 0 0 0 0 0 0 0 0 0 0 0 0 0 0 0 0 0 0 0 19 0 0 0 0 10 1 0 0 0 0 0 0 0 0 0 0 0 76 0 0 1 0 0 0 0 10 3 0 0 0 0 1 0 0 0 0 0 0 0 0 0 0 0 0 0 0 12 0 0 0 0 0 8 0 0 0 0 0 0 0 0 
 0 2 0 0 0 0 0 3 0 0 0 0 0 4 0 0 0 0 0 74 35 215 209 145 183 344 20 171 337 165 251 570 333 231 0 334 145 364 379 362 0 0 2 1 0 3 0 3 1 0 0 1 0 3 2 3 0 0 0 63 0 0 52 3 2 0 0 0 0 0 0 0 3 2 0 1 1 0 2 1 0 0 0 0 0 0 0 0 0 0 0 0 0 0 0 1 0 0 0 0 0 0 14 0 48 14 0 62 26 11 29 13 11 24 12 19 25 17 0 18 12 0 0 0 0 0 0 0 0 0 0 0 0 0 0 0 0 0 0 27 0 0 0 1 0 1 0 0 0 0 0 0 0 0 0 0 0 0 0 5 0 0 0 0 0 5 0 0 9 0 0 0 0 0 0 0 0 0 0 0 0 13 91 13 0 0 0 1 8 11 9 10 9 6 0 78 8 5 22 0 0 0 0 0 0 0 0 0 0 0 0 0 0 0 0 0 0 0 10 10 0 0 0 0 0 0 0 0 0 0 0 0 1 0 0 0 0 0 0 0 0 0 1 0 0 0 0 0 0 0 0 0 0 0 10 0 0 76 0 2 3 0 0 0 0 0 0 0 0 0 0 0 0 0 0 0 0 0 0 24 0 17 0 0 0 0 0 0 0 13 
 6 0 4 40 0 78 0 3 0 2 0 0 1 8 2 0 4 1 3 0 177 283 189 386 251 152 124 172 120 84 244 126 265 82 334 0 304 154 48 146 0 0 2 2 0 3 0 3 2 0 0 2 5 3 0 3 0 0 0 1 0 0 0 3 2 0 0 0 0 0 0 0 3 1 0 0 0 0 2 0 0 0 0 0 0 0 0 0 0 0 0 0 0 0 0 0 0 0 0 0 0 0 0 20 21 2 0 29 0 17 20 22 12 9 1 36 103 19 0 0 20 0 0 0 0 0 0 0 0 1 0 0 10 0 0 0 0 0 19 32 0 4 0 0 0 6 0 0 6 0 0 0 0 0 0 0 0 0 0 0 0 0 0 0 0 2 0 0 0 0 0 0 0 1 0 0 0 0 0 0 0 41 36 45 17 0 0 10 14 0 0 45 0 14 0 15 1 26 0 0 0 0 30 0 0 0 7 0 0 0 0 0 0 0 0 0 0 0 33 38 0 0 0 0 0 0 0 1 0 0 0 0 0 0 0 0 0 0 0 2 0 0 0 0 0 0 0 0 0 0 0 0 0 0 2 2 1 0 1 2 0 21 0 0 0 0 0 0 0 0 0 0 0 1 0 0 0 0 0 23 0 21 0 0 0 0 0 0 0 0 
 3 0 73 3 0 0 0 2 0 0 1 0 0 0 1 0 0 0 0 0 113 139 109 141 303 155 122 160 126 371 244 142 132 281 145 304 0 136 23 142 0 63 2 2 0 3 61 3 2 0 0 6 0 26 23 3 1 0 0 16 0 0 0 3 3 0 0 0 0 0 0 0 3 0 0 1 0 0 2 3 0 0 0 0 0 0 0 0 0 0 0 0 0 0 0 0 0 0 0 0 0 11 0 5 25 0 0 11 10 4 44 0 9 27 23 0 18 17 0 1 22 0 0 0 0 0 13 0 0 0 0 0 7 8 0 1 2 0 1 0 0 0 18 0 0 0 0 0 1 0 0 0 3 0 0 0 0 0 0 0 0 0 0 1 0 8 0 0 0 0 0 0 0 0 0 0 0 0 0 2 0 0 18 39 1 17 3 1 12 15 19 16 16 20 14 47 16 10 43 37 8 0 0 0 0 0 0 0 0 0 2 0 10 8 0 0 0 0 24 0 0 0 0 0 0 0 0 0 0 1 0 0 0 0 3 0 0 0 0 0 0 0 0 0 0 0 2 0 0 0 0 0 0 0 12 0 3 2 0 0 0 0 0 0 0 0 0 0 0 0 0 0 0 0 0 0 0 0 0 0 0 36 0 0 0 21 0 0 0 0 
 0 0 0 0 74 0 0 3 0 0 0 0 0 3 0 3 0 0 0 0 38 206 48 112 57 150 116 104 61 143 517 104 134 100 364 154 136 0 136 33 0 0 2 2 0 5 9 3 2 0 0 4 1 2 75 3 0 2 6 68 0 40 0 3 2 0 0 0 0 0 0 0 3 1 0 1 0 0 2 1 0 0 0 0 0 4 0 0 0 0 0 0 0 0 0 1 0 0 0 0 53 0 95 15 14 12 0 17 38 20 25 7 12 36 13 18 38 30 12 0 1 0 0 0 0 0 12 0 0 0 0 0 0 0 0 0 0 0 7 0 0 0 0 13 1 0 2 0 0 0 0 0 0 2 0 0 0 0 0 4 0 0 4 0 0 2 0 0 0 0 0 10 0 0 0 0 0 0 0 0 0 2 37 11 17 2 19 0 35 33 26 29 9 10 20 9 2 2 32 18 13 0 0 0 0 0 8 0 29 0 0 0 14 0 0 12 0 2 22 0 0 0 0 0 0 0 0 0 0 0 0 0 0 0 0 0 0 0 0 0 0 0 19 0 0 0 0 0 0 0 0 0 0 0 9 3 0 81 2 0 0 3 0 0 0 0 0 0 0 0 0 17 0 9 0 0 0 0 0 0 0 0 0 0 0 0 0 0 0 0 
 2 2 0 0 103 5 1 0 0 79 92 112 0 2 0 0 3 0 0 3 225 137 236 116 104 50 146 148 123 373 50 36 477 217 379 48 23 136 0 840 0 0 2 2 0 3 28 3 2 0 0 2 0 2 0 3 0 0 0 0 0 0 0 3 3 0 0 0 0 0 0 0 3 0 0 0 0 0 2 0 0 0 0 14 0 14 0 0 0 3 33 0 9 0 0 0 0 9 0 0 26 26 17 34 10 15 19 1 8 0 32 0 13 34 23 16 12 14 43 26 0 0 0 0 24 0 0 0 0 0 0 8 0 0 0 0 0 0 0 0 0 0 0 0 0 0 0 0 0 0 0 0 0 0 0 0 9 0 0 3 0 0 0 11 11 13 0 0 0 0 0 0 0 0 0 1 0 0 0 0 19 9 23 10 0 28 63 34 16 21 45 0 19 27 15 1 16 26 1 54 0 0 0 0 0 0 0 0 0 0 0 0 0 0 0 0 0 0 0 0 0 0 0 0 0 0 0 0 0 46 0 0 0 0 0 0 0 11 0 0 0 0 0 0 0 0 0 0 0 75 0 0 0 0 13 0 4 52 0 2 0 1 0 0 0 0 0 0 0 0 0 0 0 0 0 0 0 0 0 0 0 0 0 0 0 20 0 0 0 0 
 2 3 3 2 74 5 2 2 2 3 139 75 6 5 2 60 5 4 2 2 47 122 27 133 298 79 65 63 147 259 80 44 238 85 362 146 142 33 840 0 0 0 2 2 0 3 22 3 2 0 0 2 0 3 0 3 0 1 0 0 0 0 0 3 3 0 0 0 0 0 46 2 3 0 0 0 0 0 2 0 0 0 16 12 11 6 0 0 2 0 0 0 0 0 0 0 0 0 0 0 23 17 25 57 11 7 0 2 15 16 6 11 13 23 20 26 12 2 10 30 0 0 0 0 0 0 0 0 0 0 0 0 0 0 0 0 0 16 0 0 2 0 0 0 0 0 0 0 1 0 0 0 0 0 0 0 0 0 0 1 0 0 0 11 12 12 0 0 0 0 0 0 0 0 0 0 0 0 0 0 29 0 29 0 0 21 76 13 1 22 48 0 29 28 22 17 0 19 1 36 0 0 0 0 0 0 1 0 0 0 0 0 0 0 0 0 0 0 1 0 0 0 0 0 0 0 0 2 0 0 0 1 0 0 0 0 0 0 0 1 0 0 0 0 0 0 0 0 0 74 0 0 0 0 8 0 2 76 3 0 4 0 0 0 0 0 0 0 0 0 0 0 0 0 0 0 0 0 0 0 0 0 0 0 0 18 0 0 0 0 
 3 1 3 6 1 1 2 8 63 1 8 5 1 13 3 8 2 1 3 2 0 0 0 5 0 68 0 28 0 30 0 1 0 0 0 0 0 0 0 0 0 78 191 58 254 31 175 38 41 31 94 239 172 52 184 124 35 106 314 57 3 0 0 0 1 0 0 0 0 52 0 0 2 0 0 0 0 0 0 1 0 8 7 1 0 0 6 0 0 0 7 0 0 0 0 0 0 0 0 0 0 0 0 0 22 0 0 0 0 0 0 0 0 0 0 0 0 0 8 0 6 20 9 10 0 12 0 31 21 10 19 3 10 0 55 19 9 5 15 0 0 0 0 0 0 0 4 0 0 2 0 0 19 0 4 1 0 0 0 0 0 0 4 0 0 28 0 0 5 1 0 10 0 0 4 3 0 4 0 0 0 0 0 0 7 12 0 0 0 0 0 0 0 0 0 0 0 0 0 0 8 0 11 8 0 1 0 1 9 10 0 0 0 2 2 0 10 10 0 0 0 0 0 0 0 0 0 0 0 0 0 0 0 0 0 0 0 0 10 0 0 9 0 0 0 0 16 0 0 33 0 3 0 0 8 0 0 83 0 19 0 0 0 0 1 2 2 0 0 0 9 0 0 0 0 0 0 0 0 0 0 0 0 0 10 0 21 0 2 0 
 0 1 1 1 1 1 0 1 1 1 0 2 1 3 0 2 1 1 0 56 0 0 0 0 3 1 2 0 0 0 1 21 0 0 0 0 63 0 0 0 78 0 200 126 60 30 219 329 260 36 99 82 59 95 35 50 315 115 325 83 3 8 0 0 9 0 4 0 206 0 0 6 4 0 3 6 0 0 0 3 0 0 0 0 0 0 0 0 0 14 0 0 0 0 0 0 10 0 0 0 0 0 0 0 0 0 0 0 0 14 0 0 0 0 0 0 0 1 0 0 0 0 0 0 0 0 0 0 26 2 10 22 12 40 23 0 26 10 0 0 0 1 6 0 0 0 0 0 0 0 0 0 40 8 1 0 4 0 0 0 0 0 6 0 0 0 0 0 0 0 0 0 0 0 0 0 0 0 0 0 0 0 0 1 6 9 0 0 0 0 0 0 0 0 0 0 0 0 0 0 7 11 16 19 21 1 0 0 0 11 0 0 4 18 0 3 10 17 0 0 0 0 17 0 0 0 0 10 1 0 0 0 0 0 0 0 0 0 27 0 0 0 15 0 0 0 0 0 0 0 0 6 0 0 0 0 2 0 0 19 0 0 0 67 2 27 0 1 2 0 0 0 0 0 0 0 0 9 0 0 0 14 0 0 10 8 0 0 1 0 
 0 0 0 2 0 0 0 0 0 0 0 0 0 0 3 0 0 0 2 0 2 2 5 2 66 64 2 2 2 3 2 2 2 2 2 2 2 2 2 2 191 200 0 193 65 247 80 75 123 285 94 30 56 56 138 284 199 88 29 39 1 0 0 0 0 0 0 0 0 0 0 0 6 0 0 0 0 0 46 0 0 0 0 0 0 0 0 0 0 0 0 0 0 0 0 0 0 0 0 0 0 0 0 0 0 0 0 0 0 0 0 0 7 0 0 0 0 0 0 0 16 2 13 17 2 0 0 23 1 23 39 18 29 15 38 28 16 30 0 10 16 0 0 0 0 0 9 11 0 0 13 0 69 0 18 0 1 0 20 9 0 0 0 0 0 0 0 0 0 0 0 0 0 0 3 0 0 0 0 0 0 0 0 0 18 0 0 0 0 0 0 0 0 0 0 10 0 0 0 0 0 4 56 3 31 34 12 19 4 33 3 45 0 0 15 0 41 3 0 0 0 0 0 0 0 0 4 8 13 0 9 0 0 0 18 12 0 0 0 0 0 0 1 0 0 0 0 0 0 0 0 9 0 2 0 0 0 0 0 2 0 0 2 65 0 14 0 0 0 2 0 0 0 0 0 0 0 0 0 0 0 3 6 0 21 5 0 0 0 0 
 55 0 0 68 0 0 0 3 2 0 0 0 0 6 0 0 0 0 0 0 2 2 2 2 3 64 3 2 2 3 3 2 2 1 1 2 2 2 2 2 58 126 193 0 78 72 139 135 159 144 66 130 380 68 189 64 234 270 70 89 3 2 0 1 1 0 0 0 2 0 1 0 6 0 2 0 0 1 50 1 0 0 0 0 0 0 0 0 0 0 0 0 0 0 0 0 0 0 0 0 0 7 0 0 0 0 1 0 0 0 0 0 0 0 0 0 0 0 0 0 0 6 19 26 8 0 11 1 13 0 19 16 0 13 9 1 4 5 0 0 2 1 0 1 0 0 6 0 0 0 0 0 33 9 0 0 0 0 6 0 1 0 0 0 0 0 0 0 0 2 0 0 0 0 0 0 0 0 0 0 0 0 0 0 13 0 0 0 0 0 0 0 0 0 0 0 0 0 0 0 10 41 19 32 23 0 11 10 11 19 29 19 1 7 0 9 1 1 0 0 11 0 10 0 0 0 0 2 37 0 0 0 17 4 6 6 0 1 6 0 0 0 14 0 0 0 0 0 0 0 0 0 0 2 0 0 0 0 0 0 0 0 66 0 64 4 2 1 2 0 1 0 0 0 0 0 0 0 0 0 0 3 0 0 15 8 0 0 0 0 
 0 0 3 3 0 0 2 5 0 0 0 2 0 8 0 2 0 1 0 0 0 0 0 0 0 0 0 0 0 0 2 0 0 0 0 0 0 0 0 0 254 60 65 78 0 343 38 174 80 56 90 479 55 110 123 138 61 314 48 108 0 2 53 19 0 221 50 103 264 0 5 0 135 2 0 234 26 0 0 2 6 0 0 0 0 0 0 0 0 0 0 0 0 0 0 0 0 0 0 0 0 0 0 0 0 0 0 0 0 0 0 0 0 0 0 0 0 0 0 0 8 0 3 0 0 5 0 4 0 0 0 7 0 0 0 0 0 15 0 0 2 3 0 0 2 0 32 0 14 28 0 9 1 33 0 0 15 0 0 9 0 0 0 0 13 0 0 0 0 0 3 0 0 0 0 0 0 0 0 0 0 0 0 17 0 0 0 0 0 0 0 0 0 0 0 0 0 0 0 0 0 10 0 19 19 15 0 0 0 7 0 0 0 0 4 0 0 32 0 0 10 16 7 9 0 7 29 0 28 0 17 15 20 24 34 0 1 0 37 0 0 0 15 0 0 0 1 0 0 0 0 4 0 0 0 0 0 0 0 4 0 0 0 0 0 4 0 4 3 0 0 0 0 0 0 0 0 0 0 0 0 0 0 0 0 7 0 0 0 0 
 0 0 0 3 0 0 0 3 0 0 0 3 0 6 62 3 0 0 0 0 5 3 5 3 5 3 3 3 3 3 3 3 3 3 3 3 3 5 3 3 31 30 247 72 343 0 29 40 268 42 267 119 27 29 66 61 108 274 48 68 34 0 0 0 1 0 52 103 50 0 0 0 50 72 1 0 28 12 85 3 0 9 0 0 0 0 0 0 0 0 0 0 0 0 0 0 0 0 0 0 0 0 0 0 0 0 0 0 0 0 0 0 0 0 0 0 0 0 0 0 0 0 0 7 8 4 0 0 0 0 0 12 0 0 0 0 0 6 0 0 11 28 13 11 10 0 24 52 0 0 27 6 11 0 35 7 0 4 13 21 0 0 0 0 0 0 0 0 0 7 5 0 0 0 7 0 0 0 0 41 0 0 0 0 0 0 0 0 0 0 0 0 0 0 0 0 0 0 0 0 0 0 0 9 10 14 0 0 0 0 0 36 0 0 0 0 0 0 0 0 5 0 20 7 0 15 15 13 25 0 1 6 2 26 40 34 9 0 12 17 0 0 0 0 0 0 0 0 0 0 0 18 0 1 0 0 0 0 0 5 0 0 15 0 4 6 0 4 0 0 17 0 0 0 0 0 0 0 0 0 0 0 0 0 2 0 0 0 22 0 
 62 0 0 0 0 2 0 0 0 0 0 0 0 0 0 0 0 0 0 0 6 2 65 1 1 1 0 4 6 63 66 79 0 0 0 0 61 9 28 22 175 219 80 139 38 29 0 304 288 31 42 245 220 341 92 33 135 230 70 124 4 2 0 0 0 0 0 0 2 0 0 0 0 0 2 21 0 0 0 0 0 0 0 0 0 0 0 0 0 0 0 0 0 0 0 0 0 0 0 0 14 7 4 15 1 13 0 16 0 0 10 23 0 0 0 3 0 17 0 0 1 0 0 0 0 0 6 31 18 0 15 43 9 26 1 0 6 5 37 11 0 1 4 0 0 1 0 0 4 0 0 0 0 0 0 0 0 0 0 0 0 0 0 0 0 0 0 0 0 0 0 0 0 0 0 0 0 0 0 0 0 0 3 12 0 14 10 0 4 0 6 0 0 0 0 0 0 0 30 2 12 34 21 0 0 0 0 22 0 0 0 0 0 11 36 0 8 0 11 24 0 0 0 0 0 10 0 0 0 0 0 0 0 0 0 0 0 0 0 0 0 0 5 0 0 0 0 0 0 0 0 3 0 0 1 0 0 62 0 2 26 0 0 0 95 4 1 0 2 0 0 0 0 0 0 0 0 0 0 0 0 9 0 0 0 0 28 0 0 0 
 0 2 3 2 2 63 1 2 2 2 1 1 2 4 0 3 2 2 0 1 3 3 3 3 5 3 5 3 3 3 3 3 3 3 3 3 3 3 3 3 38 329 75 135 174 40 304 0 212 155 233 55 70 351 243 52 450 167 281 189 0 38 0 49 0 4 52 1 5 0 0 0 4 0 5 0 3 0 1 7 0 0 0 0 0 0 0 0 6 0 0 0 0 0 0 0 0 0 0 0 0 0 0 0 0 0 0 0 0 0 0 0 0 0 0 0 0 0 0 0 0 15 9 0 0 0 0 1 0 1 9 28 0 0 0 9 36 13 0 0 0 3 0 0 0 0 7 1 0 0 11 4 65 7 5 0 0 7 1 0 0 0 6 0 0 0 0 0 0 0 0 0 0 0 0 0 0 0 0 0 0 18 0 0 0 0 0 0 0 0 0 0 0 0 0 0 0 0 0 0 9 0 13 3 11 8 0 0 15 17 12 0 0 7 22 20 0 77 0 0 0 0 0 3 0 0 0 16 0 0 7 0 8 0 0 0 0 5 41 3 0 0 0 0 0 0 0 0 0 0 0 5 0 0 0 0 0 2 0 19 0 0 5 70 1 18 0 63 2 0 26 0 0 0 0 0 0 0 0 0 0 0 0 0 18 10 0 0 1 0 
 0 0 67 2 0 3 0 0 0 0 0 0 0 2 65 0 0 0 0 0 2 4 2 2 2 2 2 2 2 3 2 64 2 1 1 2 2 2 2 2 41 260 123 159 80 268 288 212 0 175 87 42 109 139 323 59 53 178 68 43 0 1 0 0 0 0 2 0 3 0 0 0 0 0 0 0 7 1 117 1 0 0 0 0 0 0 0 0 0 0 0 0 0 0 0 0 0 0 0 0 0 0 0 0 0 0 0 0 0 0 0 0 0 0 0 0 0 0 0 0 12 28 10 11 0 0 3 0 19 3 26 34 0 0 0 14 10 8 0 5 0 1 0 1 0 0 1 0 0 1 2 0 42 5 1 0 7 5 21 2 0 0 0 0 7 0 0 0 0 0 0 0 0 0 4 0 0 0 0 9 0 0 0 0 0 0 0 0 0 0 0 3 0 0 0 0 0 0 0 0 0 18 0 2 19 25 9 15 19 6 39 26 8 20 0 22 22 1 0 0 0 0 0 1 11 0 0 9 0 0 1 0 3 0 0 0 0 4 0 0 0 0 0 0 0 0 0 0 0 0 0 5 0 0 0 0 0 1 0 1 0 0 65 65 71 25 11 0 0 0 12 0 0 0 0 0 0 0 0 0 0 0 0 0 16 0 0 8 1 0 
 5 0 0 0 0 0 0 3 0 0 0 0 0 10 0 0 0 0 0 0 0 0 0 5 0 0 0 0 0 5 5 5 0 0 0 0 0 0 0 0 31 36 285 144 56 42 31 155 175 0 224 279 96 200 213 134 120 163 285 130 0 0 0 0 0 62 3 0 0 0 0 0 0 0 24 0 0 0 1 2 0 0 0 0 0 0 0 0 0 0 0 0 0 0 0 0 0 0 0 0 0 0 0 0 0 0 0 0 0 0 0 0 0 0 0 0 7 0 0 0 11 31 5 8 0 0 0 0 1 15 16 45 9 0 2 15 10 12 2 26 0 0 0 0 0 0 3 0 0 0 0 0 26 1 0 0 0 0 0 0 0 0 6 0 0 0 0 0 0 0 0 0 0 0 0 0 0 12 0 0 0 6 0 0 0 0 0 0 0 7 0 0 0 0 4 0 0 4 0 0 10 20 29 0 69 1 0 30 9 47 9 3 0 13 19 10 0 81 35 24 0 0 1 0 2 0 12 10 0 0 0 0 0 0 0 0 0 0 24 0 0 0 0 0 0 0 0 0 0 0 0 10 0 2 0 0 0 0 5 21 0 0 2 67 67 18 2 1 0 0 9 0 0 0 0 0 0 13 0 0 0 5 0 0 4 0 0 6 0 0 
 0 0 2 1 3 6 0 3 0 0 0 0 0 3 2 0 0 4 0 0 0 0 0 0 2 1 5 0 0 0 0 0 0 65 0 0 0 0 0 0 94 99 94 66 90 267 42 233 87 224 0 63 32 112 129 248 91 112 38 78 0 1 0 0 0 5 2 1 1 0 0 0 102 0 0 0 0 0 66 64 0 0 0 0 0 3 0 0 0 5 0 0 0 0 0 0 0 6 0 0 0 6 0 0 0 7 6 0 0 0 0 0 1 7 0 0 0 0 0 0 0 21 0 0 9 1 0 19 1 14 16 27 11 0 20 13 0 21 0 0 0 0 0 0 7 0 5 0 0 0 0 1 26 22 51 0 17 0 39 12 0 9 4 0 4 0 0 0 0 7 3 0 0 0 0 0 6 0 0 0 4 0 0 0 0 0 0 0 0 0 0 0 0 0 0 0 0 0 0 0 19 0 12 3 23 20 2 11 2 0 1 11 0 0 12 26 0 30 0 28 12 0 0 0 0 0 0 10 0 0 0 1 0 0 0 0 0 0 32 18 0 0 0 0 0 0 0 0 0 0 0 3 0 2 0 0 0 0 0 2 0 0 4 36 0 17 0 0 0 0 2 0 0 0 0 0 0 0 0 0 0 0 0 0 9 0 0 0 0 0 
 0 4 1 67 0 2 4 0 2 5 0 4 0 6 2 1 0 0 0 0 2 2 2 2 4 2 2 71 2 3 2 2 2 1 1 2 6 4 2 2 239 82 30 130 479 119 245 55 42 279 63 0 41 127 299 58 83 169 255 308 64 30 0 50 0 6 22 16 0 0 0 0 3 100 0 54 51 0 1 5 0 0 0 2 0 0 0 0 7 0 4 0 1 4 0 0 0 0 7 1 0 0 0 0 13 0 0 0 0 0 0 0 0 0 0 0 0 0 0 0 0 0 13 3 0 11 0 0 0 0 0 41 0 0 0 0 0 0 0 0 0 0 0 0 0 0 10 0 0 0 0 0 17 13 12 0 0 9 2 0 7 0 0 0 28 0 0 0 5 0 3 0 0 7 3 0 0 7 0 3 0 0 0 0 0 0 0 0 0 0 0 0 0 0 0 0 0 0 0 9 2 12 0 14 0 1 1 0 0 7 15 0 0 0 0 0 0 10 0 0 11 8 0 9 0 0 9 10 0 0 10 0 24 0 12 0 0 0 74 20 0 1 10 0 0 0 3 0 0 0 0 20 0 0 0 0 0 0 0 2 0 0 0 0 0 5 2 67 0 0 0 0 0 0 0 0 0 0 0 0 0 0 0 0 0 9 0 0 2 0 
 0 0 0 1 0 67 0 0 0 0 0 0 0 0 0 0 0 0 0 3 0 0 0 0 63 126 0 1 0 41 0 4 0 0 0 5 0 1 0 0 172 59 56 380 55 27 220 70 109 96 32 41 0 328 55 219 56 71 119 147 4 0 4 0 0 0 4 2 0 30 0 0 0 13 3 12 0 7 8 3 0 0 0 0 0 0 0 0 0 0 0 0 0 0 0 0 0 0 18 0 0 0 0 0 19 0 0 0 0 0 1 0 0 0 0 0 0 0 0 0 32 42 4 13 12 17 10 42 12 36 6 14 0 0 45 1 21 18 13 0 0 2 0 7 0 0 0 14 5 0 0 2 0 11 22 31 6 10 0 0 1 0 0 0 0 0 0 0 0 0 0 0 0 0 0 0 0 0 0 0 0 0 0 0 0 12 0 0 0 0 0 0 0 0 0 0 0 0 0 0 2 20 18 11 0 0 10 17 10 0 0 0 0 30 12 0 11 1 0 0 0 31 0 0 6 0 0 0 7 55 3 0 0 0 0 0 0 0 0 4 0 0 0 0 0 0 0 0 0 0 0 2 0 0 0 0 0 29 0 0 0 0 0 0 37 0 0 0 0 0 8 0 0 0 0 0 0 0 0 0 0 0 0 0 0 0 19 21 2 0 
 0 0 0 82 0 0 0 1 0 0 0 1 0 0 0 1 0 55 0 0 2 2 2 2 23 2 2 2 70 1 2 154 2 3 3 3 26 2 2 3 52 95 56 68 110 29 341 351 139 200 112 127 328 0 231 65 261 72 100 168 0 27 0 0 0 5 0 0 0 0 0 0 0 0 0 0 0 0 0 0 0 0 0 0 0 0 0 0 0 0 0 0 1 0 0 0 0 0 0 0 0 0 0 0 14 0 0 0 0 0 0 0 0 0 0 0 0 0 0 0 9 12 17 20 0 0 14 0 0 0 0 12 29 20 1 0 0 13 0 0 0 0 5 0 0 0 0 0 1 0 0 0 12 0 0 0 0 25 0 0 4 0 0 0 20 0 0 0 0 24 0 0 3 0 0 0 0 0 0 0 0 0 0 0 0 0 0 0 0 0 0 0 0 0 0 0 0 0 0 0 22 0 0 0 0 0 11 15 0 20 20 0 16 23 13 0 0 15 0 0 0 0 0 0 0 0 8 0 0 6 0 0 82 0 0 0 0 0 16 0 0 0 0 0 0 0 0 0 0 33 0 3 0 0 0 0 0 0 0 0 0 0 1 0 18 2 0 65 0 0 0 0 0 0 0 0 0 0 0 0 0 10 0 0 0 2 0 11 2 0 
 2 0 3 3 0 2 0 0 0 0 0 0 0 4 0 0 4 0 2 0 8 0 0 0 7 0 0 0 0 0 0 0 0 0 2 0 23 75 0 0 184 35 138 189 123 66 92 243 323 213 129 299 55 231 0 672 56 153 153 174 0 60 0 51 0 4 2 0 0 0 0 0 0 0 0 1 0 0 0 2 0 0 0 0 0 0 0 0 0 0 0 0 0 0 0 0 0 0 0 0 16 0 10 4 8 0 0 12 0 6 2 18 0 0 0 4 0 11 0 0 0 85 2 0 10 16 9 21 6 39 51 7 10 0 32 13 0 18 0 0 0 0 0 7 0 0 5 0 0 0 0 0 8 0 5 0 0 0 2 0 0 0 0 0 0 0 0 0 0 0 0 0 0 0 0 0 0 0 0 0 0 0 4 16 0 0 0 0 8 0 11 0 0 0 0 0 0 7 27 3 35 0 11 1 20 0 0 11 16 0 23 0 1 10 13 10 0 22 0 11 0 0 0 0 0 0 0 0 0 0 0 0 14 0 0 0 0 0 13 0 0 0 5 0 0 0 0 0 0 0 0 0 0 1 0 0 0 0 0 1 0 0 0 0 0 3 2 2 0 0 9 0 0 0 0 0 0 0 0 0 0 0 0 0 15 0 0 0 2 0 
 2 0 3 2 0 2 0 1 0 0 0 0 0 12 0 0 1 0 2 0 18 3 3 3 68 65 3 3 3 3 3 3 3 3 3 3 3 3 3 3 124 50 284 64 138 61 33 52 59 134 248 58 219 65 672 0 71 308 54 136 0 26 0 0 0 6 2 3 0 0 0 0 4 0 205 2 0 1 205 52 0 0 0 0 0 0 0 0 0 0 0 0 0 0 0 0 0 0 5 0 0 0 0 0 0 0 0 0 0 0 0 0 0 0 0 0 0 0 0 0 22 1 10 4 7 16 0 38 8 47 8 8 0 0 34 1 27 27 0 0 0 0 0 0 0 0 0 0 0 0 0 0 0 1 31 0 3 0 15 0 0 0 4 0 0 0 0 0 0 0 0 0 0 0 0 0 1 0 0 0 0 0 0 0 0 0 0 0 8 0 0 0 0 0 0 0 0 0 0 0 27 0 35 20 0 1 10 14 1 15 0 4 0 0 41 0 9 34 0 0 0 0 0 0 0 0 0 0 0 0 0 0 0 0 0 0 0 0 29 31 0 0 0 0 0 0 0 0 0 32 0 7 0 0 0 0 0 0 0 20 0 0 9 0 0 2 0 63 0 0 6 0 0 0 0 0 0 0 0 0 0 0 0 0 0 0 0 0 2 0 
 6 2 2 2 2 2 2 4 2 2 2 2 2 7 64 2 3 2 2 2 0 0 7 5 17 2 2 0 5 0 0 63 0 0 0 0 1 0 0 0 35 315 199 234 61 108 135 450 53 120 91 83 56 261 56 71 0 78 32 42 0 0 0 0 0 0 0 0 0 0 0 0 55 0 0 0 50 1 0 2 0 0 0 0 0 0 0 0 0 0 0 0 0 0 0 0 0 0 0 0 0 0 0 0 0 0 0 0 5 1 0 0 0 0 0 0 8 0 0 0 2 1 12 16 8 0 0 1 30 0 12 16 21 11 25 0 11 10 4 0 11 0 0 0 0 0 2 21 0 0 0 0 32 0 39 0 0 7 0 0 2 0 0 0 0 0 0 0 0 2 0 0 0 0 0 0 0 0 0 0 0 3 0 11 9 0 21 0 0 4 0 4 0 0 0 0 7 4 0 0 0 16 7 0 5 30 23 19 0 28 11 29 11 12 0 1 11 0 6 0 0 0 14 0 0 5 19 0 18 0 0 1 0 5 12 15 0 0 0 0 0 0 1 0 0 2 0 0 0 0 0 0 0 1 0 0 0 0 0 0 1 1 1 0 7 3 2 0 2 0 0 0 0 1 0 0 0 0 0 0 0 2 0 0 10 11 0 0 2 0 
 0 0 0 1 0 0 0 2 1 0 0 2 0 0 1 2 0 0 0 0 1 1 0 0 0 0 0 0 0 0 1 0 0 0 0 0 0 2 0 1 106 115 88 270 314 274 230 167 178 163 112 169 71 72 153 308 78 0 80 120 0 27 0 5 1 32 0 0 0 0 7 0 0 0 0 0 0 0 52 0 0 0 0 0 0 0 0 0 0 0 0 0 0 0 0 0 0 0 0 0 0 0 0 0 0 0 0 0 0 0 0 0 0 0 0 0 0 0 0 0 9 27 23 10 8 10 10 0 13 15 30 3 0 0 15 0 0 1 0 0 0 0 0 0 7 3 0 0 0 0 0 0 28 7 1 0 0 0 0 0 0 0 0 0 0 0 0 0 0 1 0 0 0 0 0 0 0 0 0 0 0 0 0 0 0 0 0 0 0 0 0 20 0 0 0 0 0 0 0 0 19 9 0 19 18 0 0 0 13 20 24 15 0 23 1 3 0 0 0 0 0 0 0 0 0 0 0 0 0 0 0 1 26 0 0 0 0 0 14 0 0 0 14 0 0 0 0 0 1 0 0 5 0 1 0 0 0 0 1 3 0 1 65 2 1 3 3 62 0 0 0 0 0 0 0 7 0 3 0 0 0 0 0 0 9 3 0 14 2 0 
 3 3 3 3 3 3 3 3 3 3 3 3 3 3 5 2 3 3 3 3 5 0 0 1 68 125 3 0 0 0 0 127 0 0 0 0 0 6 0 0 314 325 29 70 48 48 70 281 68 285 38 255 119 100 153 54 32 80 0 109 0 0 0 0 0 0 2 0 0 0 0 0 0 0 0 0 0 0 0 0 0 0 0 0 0 0 1 0 0 0 0 0 0 0 0 0 15 0 0 0 9 0 5 4 1 0 0 14 0 0 0 8 0 0 1 14 1 5 0 0 13 19 14 17 8 0 15 7 24 3 24 0 12 2 9 25 13 0 1 0 0 9 0 0 0 0 0 0 0 0 0 0 0 0 0 0 6 0 0 0 1 0 0 0 0 0 0 0 0 2 0 0 0 0 0 0 0 0 0 0 0 0 2 5 18 26 0 0 19 0 6 4 0 0 1 0 1 0 8 2 17 20 15 0 0 0 38 21 35 42 35 0 17 21 0 19 38 0 0 1 0 0 0 0 0 0 0 0 0 0 0 0 0 0 0 0 0 0 0 0 0 0 3 0 0 0 0 0 0 0 0 9 0 1 0 0 0 20 1 0 0 0 0 0 1 0 1 0 2 0 0 0 0 0 0 0 0 0 0 0 0 15 0 0 1 0 0 0 0 0 
 0 0 0 1 0 0 66 0 0 0 0 0 0 0 0 0 0 0 3 0 0 76 63 69 1 2 0 0 127 0 84 125 0 0 63 1 16 68 0 0 57 83 39 89 108 68 124 189 43 130 78 308 147 168 174 136 42 120 109 0 0 0 0 50 1 22 4 0 0 3 5 3 0 0 0 0 0 0 6 0 0 0 0 0 0 0 0 0 0 0 0 0 0 0 0 0 0 0 0 0 0 0 12 0 40 7 0 0 32 0 0 0 0 0 0 0 12 8 0 0 0 22 10 14 4 0 52 1 9 0 8 11 18 10 15 0 0 10 10 13 0 0 3 1 12 0 0 0 1 0 0 0 0 0 0 0 0 0 0 0 3 0 0 0 0 0 0 0 4 16 0 0 0 0 0 0 0 0 0 0 0 0 12 4 0 0 0 0 52 0 0 15 0 0 0 10 0 0 0 0 51 0 11 0 0 0 26 11 3 0 19 0 28 16 4 0 0 10 11 22 0 0 3 0 0 3 0 0 0 0 0 6 0 0 0 0 0 0 0 0 0 0 0 0 0 0 0 0 0 0 0 5 0 0 0 0 0 1 0 0 0 0 0 0 2 2 0 2 0 0 0 0 0 0 0 4 0 0 0 18 0 13 0 0 0 0 0 0 1 15 
 0 1 0 3 48 0 0 3 0 0 0 2 0 0 0 3 0 0 0 0 0 0 0 0 0 6 0 1 0 2 0 0 0 0 0 0 0 0 0 0 3 3 1 3 0 34 4 0 0 0 0 64 4 0 0 0 0 0 0 0 0 104 70 41 57 236 47 327 143 90 267 62 119 149 54 50 53 29 83 89 0 0 0 0 0 0 0 0 0 0 0 0 0 0 0 0 0 0 0 0 0 0 0 0 0 3 0 0 0 0 5 0 0 0 0 0 0 0 0 0 0 0 0 0 0 26 0 2 0 0 0 0 0 0 0 0 0 0 1 0 36 1 0 21 24 1 0 0 0 0 26 6 6 8 0 0 6 7 0 7 0 32 0 0 0 0 0 4 0 0 0 0 0 0 0 0 0 0 0 5 0 5 0 0 0 1 0 0 0 0 1 0 0 0 0 0 0 0 0 0 7 0 0 0 19 0 0 0 0 0 0 20 0 0 0 0 0 0 0 0 29 23 48 7 1 18 6 35 15 11 10 6 16 32 28 11 3 2 0 6 0 0 0 0 0 0 0 0 0 0 0 0 0 0 12 0 0 4 0 0 0 0 21 1 0 0 0 0 0 0 2 0 0 2 4 0 0 0 0 0 0 0 0 0 13 0 1 0 0 0 
