 0 195 391 144 67 41 153 286 212 215 73 41 70 134 116 356 243 179 186 445 73 0 0 5 0 4 3 0 0 2 4 0 1 0 0 3 0 1 78 5 0 0 1 0 0 0 2 0 3 0 0 0 0 0 0 0 0 0 0 0 0 0 0 0 0 0 0 0 0 0 29 0 0 2 0 1 0 2 0 0 18 12 51 3 0 16 0 10 39 11 14 0 26 11 0 28 7 1 14 0 0 0 0 0 0 0 0 2 0 0 0 0 0 0 0 0 1 2 2 0 0 0 1 0 0 1 0 0 0 0 0 0 0 1 0 0 0 0 0 0 0 0 0 0 0 0 0 0 0 0 0 0 0 0 0 0 0 0 0 0 23 21 24 22 12 0 0 19 1 31 16 0 8 13 27 11 8 22 10 0 0 0 0 14 0 0 0 0 0 0 0 0 0 0 7 0 0 0 63 0 0 0 0 0 0 0 0 0 0 0 0 0 0 0 0 0 0 0 0 0 0 0 2 0 0 0 0 0 0 0 0 0 0 0 0 10 0 0 0 0 0 0 0 0 0 0 0 0 0 2 0 13 0 1 0 0 0 0 0 0 0 0 0 0 0 0 0 0 0 0 0 0 0 0 0 19 0 0 0 0 0 0 0 0 0 0 0 0 0 0 
 195 0 242 171 438 154 353 166 133 187 133 55 64 34 223 255 343 216 54 49 0 0 0 0 0 3 4 0 0 2 6 76 3 0 3 5 3 0 141 3 0 0 2 2 2 45 1 2 4 1 0 0 61 0 2 0 0 0 0 0 0 0 0 0 0 0 0 0 2 0 0 0 0 2 0 2 0 2 0 0 46 20 24 9 11 17 21 26 30 0 14 15 0 2 3 0 15 28 0 19 0 0 0 0 0 0 0 0 0 0 1 0 0 0 3 2 0 0 10 0 0 0 0 0 0 0 0 0 0 0 0 0 1 0 0 2 0 0 0 0 0 0 0 0 0 0 0 0 2 0 2 0 0 0 2 0 0 0 1 0 0 0 10 4 17 0 0 0 19 0 58 12 2 0 25 9 15 18 0 0 0 0 8 0 0 0 0 0 0 0 0 0 1 1 0 0 0 0 106 7 0 1 0 0 0 0 0 0 0 0 0 0 0 0 0 0 0 0 0 0 0 0 0 0 0 0 0 0 0 0 0 0 0 0 0 0 0 0 0 0 0 0 0 0 0 2 1 2 3 0 2 8 0 0 0 0 0 0 0 0 0 0 19 0 0 0 0 0 0 1 0 0 0 0 0 10 0 1 0 0 0 0 0 0 0 0 0 0 0 0 
 391 242 0 315 414 53 62 77 162 286 190 314 93 155 155 54 152 268 239 114 0 2 0 0 0 4 3 3 0 2 3 0 60 0 3 3 4 0 2 3 0 0 0 1 0 8 38 0 5 0 0 0 0 2 0 0 0 0 2 1 0 0 0 0 0 0 0 0 0 0 27 0 0 4 2 2 2 2 0 2 0 37 20 47 9 44 0 2 22 46 24 23 18 0 15 38 2 0 0 0 0 20 2 0 0 2 17 2 0 0 1 0 1 66 27 10 0 0 9 0 13 0 0 0 0 0 0 0 2 0 0 0 0 0 0 0 0 0 0 0 0 0 14 0 0 0 0 0 2 0 0 0 0 0 2 0 0 0 1 1 0 18 11 17 1 10 0 0 20 45 14 2 2 0 0 17 9 38 0 0 39 0 5 0 0 0 2 0 16 0 0 1 17 2 4 10 0 13 34 40 0 19 1 0 0 0 0 0 0 0 0 0 0 0 0 0 0 0 0 0 0 0 0 0 0 0 0 0 0 0 0 0 0 0 0 0 19 0 0 0 0 0 1 0 0 2 5 2 2 135 0 22 0 0 0 0 0 0 0 0 0 0 16 0 0 0 0 0 0 0 0 0 0 0 0 0 16 11 0 0 0 0 0 0 0 0 0 0 0 0 
 144 171 315 0 469 49 77 200 295 118 161 148 106 70 254 79 138 181 84 299 75 0 0 0 1 5 3 144 0 2 5 0 78 0 0 3 2 4 75 3 0 0 0 0 0 3 0 0 11 30 0 0 0 0 0 0 0 0 4 0 0 0 3 0 0 0 0 0 0 0 0 2 0 2 0 9 0 2 0 0 28 0 56 12 4 34 15 12 24 33 39 10 0 38 1 0 10 14 0 10 0 1 0 0 0 0 11 7 0 0 0 0 0 10 32 0 1 0 19 1 0 0 16 0 33 0 0 0 0 2 0 0 0 0 0 0 0 0 0 0 0 0 0 0 0 0 0 0 0 0 0 0 5 4 8 0 0 0 0 0 8 0 11 22 13 0 11 0 8 0 15 0 6 38 9 67 40 0 0 2 0 0 1 0 0 0 0 21 0 19 0 1 0 17 0 9 0 0 12 1 0 0 0 11 0 0 0 0 0 0 0 0 0 0 0 0 0 0 0 0 0 0 0 0 0 0 0 0 0 0 0 0 0 0 0 0 0 0 0 0 0 1 0 0 0 1 0 0 0 88 13 175 7 0 0 0 0 0 0 0 0 0 13 0 0 1 0 0 0 0 0 0 0 0 0 12 45 0 0 0 0 0 0 0 0 0 0 0 0 0 
 67 438 414 469 0 94 270 136 287 181 304 322 184 239 290 164 296 360 278 100 1 0 0 3 0 3 77 0 0 2 4 0 95 0 3 3 1 3 76 3 0 0 2 3 0 2 2 2 5 0 0 0 0 0 2 0 0 0 0 0 0 0 6 0 0 0 0 0 1 0 0 0 0 2 0 3 0 16 0 0 37 19 54 38 22 49 1 10 58 23 14 0 0 33 0 37 16 0 0 5 0 0 0 1 0 0 14 0 0 0 0 0 14 0 19 0 0 0 0 0 2 0 14 0 0 0 0 0 0 0 2 0 0 0 0 0 0 0 0 0 0 0 0 0 0 0 0 0 0 0 0 11 0 3 5 0 0 2 0 0 9 0 1 11 15 10 19 0 19 2 29 0 3 0 10 30 1 10 0 0 10 0 0 0 1 0 0 15 0 2 0 0 10 0 0 0 0 0 48 25 0 0 0 0 0 0 1 0 0 0 0 0 0 0 0 0 0 0 0 0 0 0 0 0 0 1 2 0 0 0 0 0 0 0 0 0 0 0 0 0 0 0 0 0 0 0 7 2 3 2 19 17 0 0 0 0 0 0 0 0 0 0 10 0 0 0 21 0 0 0 0 0 0 0 0 19 14 0 0 0 0 0 0 0 0 0 0 0 0 0 
 41 154 53 49 94 0 133 23 45 44 155 34 60 49 61 70 231 46 42 59 108 74 0 2 4 3 177 74 0 2 4 5 36 74 80 4 10 0 94 4 0 1 0 62 0 0 3 1 3 48 21 0 0 0 0 0 0 6 0 0 2 0 0 0 0 0 0 18 0 0 0 0 2 4 0 3 0 2 0 0 0 0 0 0 0 14 15 0 0 0 9 19 0 8 15 0 0 15 18 14 6 9 5 32 2 0 28 29 0 0 1 0 28 22 30 0 10 10 57 19 0 0 0 0 0 0 0 0 0 0 0 0 0 0 0 0 0 1 0 0 0 0 0 2 0 0 2 0 0 15 0 0 4 0 4 0 0 10 0 0 0 0 0 0 0 16 0 0 0 0 0 27 0 0 0 1 0 0 0 0 19 16 1 10 0 0 32 31 32 14 21 14 15 25 2 0 16 13 34 15 0 0 0 0 0 0 0 0 0 0 0 0 0 0 0 0 0 0 0 0 0 0 0 0 0 0 0 20 14 0 0 0 0 0 0 0 0 0 0 0 0 0 0 0 0 4 0 0 85 7 0 0 0 0 0 0 0 0 0 0 0 0 0 0 0 0 0 0 0 0 0 0 0 0 0 0 0 0 0 0 0 0 0 0 0 0 0 0 0 0 
 153 353 62 77 270 133 0 76 342 42 30 41 143 161 129 219 56 37 153 145 0 0 0 0 0 3 3 0 0 2 5 2 0 0 0 4 1 2 4 3 0 0 1 0 0 0 1 0 4 28 0 0 0 0 0 0 0 0 0 0 17 0 0 0 0 0 0 0 0 0 0 0 6 2 5 2 0 2 0 0 15 27 17 0 0 0 11 10 0 0 16 0 25 0 36 16 14 16 28 26 0 0 0 0 0 0 0 0 0 0 1 0 0 0 0 0 0 0 0 0 0 0 0 0 0 0 0 0 0 0 0 0 0 0 0 2 0 0 0 0 0 0 0 0 0 0 0 0 2 0 2 0 0 0 0 0 0 0 1 0 0 50 0 37 0 0 0 20 0 22 0 1 17 0 5 2 2 0 21 26 0 0 0 2 0 0 0 19 0 1 0 0 0 1 1 0 0 0 0 14 0 1 0 6 0 0 0 0 0 0 0 0 0 0 0 0 0 0 0 0 0 0 0 0 0 0 0 0 0 0 14 0 0 0 0 0 0 0 0 0 0 1 0 0 0 0 0 2 2 0 0 14 0 0 0 0 0 0 0 0 0 0 0 0 0 0 0 0 0 0 0 0 0 1 0 0 0 0 0 0 0 0 0 0 0 0 0 0 0 0 
 286 166 77 200 136 23 76 0 127 30 111 22 112 90 313 28 34 25 59 224 0 0 2 2 0 3 3 0 0 75 6 0 0 2 0 3 0 0 2 3 0 3 4 0 0 8 2 0 4 0 0 0 4 0 0 0 60 0 0 0 0 2 0 0 0 0 23 31 4 3 0 0 0 2 3 0 4 3 4 0 34 9 22 1 0 20 0 13 29 10 20 0 0 1 0 0 20 0 9 0 0 0 0 0 0 0 0 0 0 0 0 0 0 0 0 0 0 0 0 30 0 0 0 0 0 0 0 0 0 0 0 0 0 0 0 0 0 0 0 0 0 0 0 0 0 3 0 0 0 0 0 0 0 0 0 0 0 0 0 0 0 0 25 0 12 36 0 6 1 35 20 0 0 11 16 16 20 11 0 0 0 0 0 0 0 0 0 16 0 0 0 0 0 0 0 0 0 0 10 0 0 0 0 0 0 0 0 0 0 0 0 0 0 0 0 0 0 0 0 0 0 0 0 0 0 0 0 0 0 0 0 0 0 0 0 0 0 0 0 0 0 0 0 0 0 2 0 0 2 2 1 5 13 0 0 0 1 0 0 0 0 0 0 0 0 0 0 0 0 0 0 0 0 0 0 18 0 0 0 0 0 0 0 0 0 0 0 0 0 0 
 212 133 162 295 287 45 342 127 0 129 42 123 185 294 215 201 128 308 158 323 4 0 0 2 0 14 5 0 0 2 4 0 3 0 3 3 1 0 77 3 0 0 4 0 3 2 1 0 5 0 0 0 0 0 1 2 0 0 0 2 2 0 0 0 0 0 2 0 2 0 0 0 2 2 0 2 0 2 0 2 13 0 12 22 12 7 17 0 20 4 15 8 0 6 15 10 35 8 0 0 0 0 14 20 1 0 0 0 0 0 0 0 21 0 0 0 0 0 0 15 0 0 1 0 0 0 0 0 0 0 0 0 0 0 0 1 0 0 0 0 0 0 0 0 0 0 1 0 0 0 7 0 0 0 0 0 0 0 0 0 6 3 20 24 7 2 27 0 30 1 1 1 10 12 15 30 15 0 0 0 0 0 1 0 0 0 0 0 0 0 0 0 0 0 0 0 0 0 10 0 0 0 0 0 0 0 0 18 0 0 0 0 0 0 0 0 0 0 0 0 0 0 0 0 0 0 0 0 0 0 0 0 0 0 0 0 0 0 0 0 0 0 0 0 0 0 40 2 1 0 0 1 0 0 0 0 0 0 0 0 0 0 0 0 0 0 0 21 0 0 0 0 0 0 0 0 20 0 0 0 0 0 0 0 0 0 0 0 0 0 
 215 187 286 118 181 44 42 30 129 0 629 312 275 66 293 53 74 140 65 196 0 0 0 0 0 3 3 0 0 2 4 0 2 0 0 3 0 0 20 3 0 0 2 0 0 0 3 0 1 0 0 1 0 0 0 0 0 0 0 0 0 0 0 1 0 1 0 0 0 1 0 0 2 3 0 1 1 5 0 0 0 14 6 9 15 3 0 18 27 2 11 0 1 24 28 13 19 0 0 0 0 0 0 0 0 0 0 0 0 0 0 0 0 0 0 0 0 1 0 0 2 0 0 0 0 0 0 0 0 0 0 0 0 0 0 0 0 0 0 0 0 2 0 0 0 1 0 0 0 0 0 0 12 0 0 0 0 0 0 0 1 8 23 0 19 0 0 0 0 34 64 4 0 0 0 21 0 2 3 0 1 0 0 0 0 0 0 0 0 0 9 0 0 0 0 0 0 0 13 9 0 0 0 0 0 0 0 0 0 0 0 1 0 0 0 0 0 0 0 0 0 0 0 0 0 0 0 0 0 0 0 2 8 0 0 0 0 0 0 0 0 0 0 0 0 2 0 2 0 0 0 0 0 0 0 0 0 0 0 0 0 0 0 0 0 0 0 0 0 0 0 0 0 0 0 0 0 12 0 0 0 0 0 0 0 0 0 0 0 0 
 73 133 190 161 304 155 30 111 42 629 0 366 262 39 59 84 187 165 37 93 78 74 0 0 0 3 27 155 0 2 4 0 263 0 74 3 0 0 81 3 0 0 2 3 0 6 2 1 4 63 0 0 2 0 0 0 0 0 0 0 0 0 0 0 0 0 0 0 0 0 0 0 0 2 1 0 0 3 0 0 17 16 38 31 0 10 0 9 1 27 25 1 1 9 0 9 0 18 0 0 0 13 0 0 0 0 14 35 0 0 0 0 8 7 63 0 0 0 0 0 0 0 14 19 2 0 0 0 0 0 0 0 0 0 0 0 0 0 0 0 0 1 0 32 14 0 0 0 0 1 0 0 5 8 4 0 0 0 0 0 0 0 12 1 10 19 0 0 0 0 10 24 0 0 6 9 0 9 1 0 30 18 0 17 0 2 14 23 0 32 2 0 9 11 20 0 0 0 18 24 0 0 0 2 0 0 0 0 0 0 0 0 0 0 0 0 17 0 0 0 0 0 0 0 0 0 0 0 0 0 1 0 2 0 0 0 0 1 0 0 0 0 7 0 0 0 3 4 53 86 0 5 1 0 0 0 0 0 0 0 0 0 0 0 0 0 0 0 0 0 0 0 0 0 0 16 11 0 0 0 0 0 0 0 0 0 0 0 0 0 
 41 55 314 148 322 34 41 22 123 312 366 0 38 192 32 28 179 78 33 338 0 0 0 0 0 5 81 35 0 2 3 79 173 0 46 3 1 2 2 3 0 0 1 0 0 6 1 3 3 28 0 0 0 0 0 0 0 0 0 0 0 1 0 0 0 0 0 0 0 0 11 0 0 2 0 2 0 2 2 0 0 11 0 23 15 73 2 19 27 12 27 18 0 1 10 17 17 3 0 0 0 8 1 0 0 0 2 26 0 0 10 0 29 0 2 9 0 0 22 0 0 0 0 13 0 0 0 0 0 0 0 0 0 0 0 0 0 0 0 0 0 0 0 0 0 0 0 0 0 0 0 0 0 0 0 0 0 2 0 0 0 2 14 28 12 19 0 0 0 29 14 13 0 0 0 0 1 62 0 0 59 11 0 12 1 0 8 6 13 12 0 0 13 8 32 5 0 13 20 10 1 0 0 9 0 0 0 0 0 0 0 0 0 4 0 0 0 0 0 0 0 0 0 0 0 0 2 0 0 0 0 0 0 0 0 0 0 0 0 0 0 0 9 0 0 2 91 1 85 88 0 13 2 0 0 0 0 0 0 1 0 0 0 0 0 0 0 0 0 0 0 0 0 0 0 0 0 9 0 0 0 0 0 0 0 0 0 0 0 0 
 70 64 93 106 184 60 143 112 185 275 262 38 0 360 38 132 32 52 133 385 0 0 0 0 1 3 3 0 0 2 4 0 1 4 3 3 1 0 4 3 0 0 2 0 0 0 1 2 3 20 0 0 0 0 2 0 0 0 0 0 2 0 0 0 0 0 0 0 2 0 0 0 0 4 0 3 0 2 3 9 34 20 46 12 0 0 36 10 6 12 0 0 1 0 31 0 24 0 0 12 59 0 0 0 0 0 0 0 0 0 0 0 0 0 0 0 2 0 1 0 0 0 2 0 6 1 0 0 0 2 0 0 0 0 0 0 0 0 0 0 0 23 0 0 0 0 0 0 0 0 0 0 0 0 0 0 0 0 0 0 20 0 0 4 9 0 21 13 18 4 0 0 5 15 0 4 14 0 0 2 0 0 0 0 0 0 0 0 0 0 1 0 0 0 1 10 0 0 0 1 0 0 32 0 0 0 0 0 0 0 0 0 0 0 1 0 0 0 0 0 0 0 0 0 0 0 0 0 0 0 0 0 0 0 0 0 0 0 0 0 0 0 0 0 0 0 0 1 2 0 27 82 0 0 0 0 0 0 0 0 0 0 0 0 0 0 0 0 0 0 0 0 0 0 0 0 11 0 0 0 0 0 0 0 0 0 0 0 0 0 
 134 34 155 70 239 49 161 90 294 66 39 192 360 0 62 174 82 171 169 105 0 0 0 0 0 3 3 68 0 2 5 1 1 0 0 5 1 0 2 4 0 0 0 5 0 0 1 0 38 0 0 0 5 0 0 0 0 0 0 0 0 0 0 0 0 0 0 0 0 0 0 52 0 2 0 3 0 2 0 3 45 59 14 22 1 25 16 12 39 22 9 17 1 0 11 14 27 0 0 13 0 0 0 0 0 0 0 0 0 2 0 2 0 0 0 0 0 0 0 16 0 0 0 6 0 2 0 0 0 0 0 0 0 0 0 0 0 0 0 0 0 0 0 0 0 0 0 0 0 1 0 0 0 2 0 0 0 0 0 0 7 0 19 21 16 0 20 9 9 0 13 0 21 25 0 11 24 0 17 0 0 0 0 0 0 0 0 0 0 17 0 0 0 0 1 0 0 0 16 0 0 0 0 0 0 0 0 0 0 0 0 0 0 0 0 0 0 0 0 0 0 0 1 0 0 0 0 0 0 0 0 0 0 18 0 0 0 0 2 0 0 10 0 0 0 1 2 2 2 0 32 6 0 0 0 0 0 0 0 0 0 16 0 0 0 0 0 0 0 0 0 0 0 0 0 0 10 0 0 0 0 0 0 0 0 0 0 0 0 0 
 116 223 155 254 290 61 129 313 215 293 59 32 38 62 0 194 36 46 268 241 2 0 0 0 0 3 3 0 0 76 4 0 0 0 0 3 0 0 2 1 0 0 0 0 0 11 2 0 4 0 0 0 64 0 0 0 0 0 0 0 0 0 0 0 0 0 0 0 0 0 0 0 0 2 0 0 0 3 0 0 38 7 30 15 0 41 30 10 67 32 36 0 13 43 15 8 0 11 16 13 0 0 0 0 0 0 0 0 0 0 0 0 0 0 0 0 0 11 0 15 15 0 0 0 0 0 0 0 0 0 0 0 0 0 0 0 0 0 0 0 1 0 0 0 0 0 0 0 0 0 0 0 0 0 0 0 0 0 0 0 0 12 37 0 13 0 15 1 10 30 0 2 0 19 16 20 39 23 0 0 0 0 0 0 0 0 0 0 0 0 0 0 0 0 2 0 0 0 10 0 0 0 0 0 0 0 0 0 0 0 11 0 0 0 0 0 0 0 51 0 0 0 0 0 0 0 0 0 0 0 0 0 0 0 0 0 0 0 0 0 0 0 0 0 0 2 2 0 2 2 0 0 6 0 0 0 0 0 0 0 0 0 0 0 0 0 0 0 0 0 0 0 0 0 0 74 1 4 0 0 0 0 0 0 0 0 0 0 0 0 
 356 255 54 79 164 70 219 28 201 53 84 28 132 174 194 0 51 132 258 88 0 0 0 3 3 5 4 0 0 2 4 16 1 0 0 3 1 0 2 4 0 0 0 0 3 0 1 0 4 0 4 2 0 0 0 0 0 4 0 0 0 0 0 0 0 0 1 0 0 0 0 2 0 2 0 2 0 2 0 4 21 29 47 33 7 1 18 0 12 34 0 0 18 13 20 27 32 10 0 18 0 0 0 0 0 0 0 0 0 0 0 0 0 0 0 0 0 0 0 0 0 0 0 0 0 0 0 0 26 0 0 0 0 0 0 0 0 0 0 0 0 0 0 0 0 0 0 0 0 0 0 0 0 0 0 0 0 0 0 8 11 11 1 29 9 0 28 4 26 2 0 4 27 26 10 1 16 10 9 0 0 0 0 0 0 0 0 0 0 0 0 0 0 0 7 0 0 0 0 1 0 0 0 0 0 0 0 1 0 0 1 0 0 1 0 0 0 0 0 0 0 2 0 1 0 0 0 0 0 0 0 0 0 0 0 0 0 0 0 2 0 0 0 0 0 2 0 0 0 0 24 11 0 0 0 0 0 0 0 0 0 0 0 0 0 0 0 0 2 0 0 0 0 0 0 0 11 0 0 0 0 0 0 0 0 0 0 0 0 0 
 243 343 152 138 296 231 56 34 128 74 187 179 32 82 36 51 0 177 66 59 1 2 0 3 2 5 3 0 3 5 4 0 76 2 0 3 0 0 44 3 0 0 2 0 0 6 2 0 3 0 0 0 0 0 0 0 0 0 0 0 0 0 0 1 0 2 0 0 0 0 3 0 0 5 3 0 0 3 0 0 25 38 6 36 3 36 0 0 30 28 1 20 0 0 0 0 0 32 0 0 0 0 0 0 0 0 16 45 19 0 0 0 0 0 24 0 0 0 12 0 0 0 2 0 0 0 0 0 0 0 0 0 0 0 0 0 0 0 0 0 0 0 0 0 0 0 26 0 0 0 0 0 0 1 0 0 0 0 0 0 0 0 9 23 13 9 0 0 19 0 16 20 0 0 34 27 23 17 0 0 29 0 14 0 0 0 15 0 0 0 0 0 9 0 0 0 0 0 86 16 0 0 0 0 0 0 0 0 0 0 0 0 0 0 0 0 0 2 0 0 0 0 0 0 0 0 0 0 0 0 0 0 0 0 0 0 0 0 0 0 0 0 1 0 0 2 93 0 1 1 1 17 0 0 0 0 0 0 0 0 0 0 16 0 0 0 0 0 0 0 0 0 0 0 0 13 0 0 0 0 0 0 0 0 0 0 0 0 0 0 
 179 216 268 181 360 46 37 25 308 140 165 78 52 171 46 132 177 0 19 74 0 0 0 0 0 3 3 0 0 2 4 0 88 0 0 5 1 2 31 3 0 0 0 0 0 48 3 1 5 0 0 0 0 0 0 0 2 0 0 0 0 0 0 0 0 0 0 0 1 0 0 0 0 2 0 2 0 2 0 0 20 37 26 56 1 50 45 2 36 45 0 9 0 0 0 0 12 0 0 10 0 0 0 0 0 0 16 0 0 0 0 0 9 0 35 2 0 0 0 0 0 0 40 0 0 0 0 0 0 0 0 0 2 0 0 0 0 0 0 0 0 0 0 0 0 0 0 0 1 0 0 3 0 2 0 0 1 0 2 0 10 0 9 2 20 10 10 0 17 0 17 2 0 14 18 24 16 10 0 0 0 0 0 1 0 0 0 2 0 2 0 0 10 2 0 0 0 0 45 19 0 0 0 0 0 0 0 0 0 0 0 0 0 0 0 0 0 0 0 0 0 0 0 0 0 0 0 0 0 0 0 0 0 0 0 0 0 0 0 0 0 0 1 0 0 2 92 0 1 4 23 9 0 0 0 0 0 0 0 0 0 0 18 0 0 22 0 0 0 0 0 0 0 2 0 0 10 0 0 0 0 0 0 0 0 0 0 0 0 0 
 186 54 239 84 278 42 153 59 158 65 37 33 133 169 268 258 66 19 0 187 0 2 0 4 0 13 3 2 4 6 5 0 0 0 0 3 2 0 4 3 0 0 2 0 0 0 0 0 4 0 0 0 0 0 0 0 0 0 1 0 0 0 0 0 0 4 0 0 0 0 4 0 0 6 6 3 0 2 0 0 12 18 14 0 0 0 0 1 0 54 4 0 9 3 1 20 23 16 27 0 0 0 0 0 0 0 0 0 0 0 0 0 0 0 0 0 0 0 0 0 0 0 0 0 0 0 0 0 0 0 0 0 0 0 0 0 0 0 0 2 0 0 0 0 17 1 0 2 0 11 0 0 2 10 0 0 0 0 0 0 0 1 18 34 0 0 1 31 4 8 0 0 33 14 18 8 27 12 42 0 0 0 0 0 0 0 0 0 2 0 0 0 0 0 2 0 0 0 2 0 44 0 0 0 0 0 0 0 0 0 0 0 0 0 0 0 0 0 0 0 0 0 0 0 0 0 0 0 0 0 0 2 0 0 0 0 0 0 2 0 0 0 0 0 0 2 0 0 2 0 0 10 9 0 0 0 0 0 0 0 0 0 0 0 0 0 0 0 0 0 0 0 0 0 0 0 0 0 0 0 0 0 0 0 0 0 0 0 0 0 
 445 49 114 299 100 59 145 224 323 196 93 338 385 105 241 88 59 74 187 0 3 0 0 4 1 6 3 0 0 2 5 0 4 0 5 6 2 0 2 4 0 0 4 2 3 0 2 0 2 0 4 2 0 0 0 4 0 0 0 3 0 0 0 0 0 0 0 0 0 0 6 0 0 2 0 0 0 3 0 0 30 0 1 12 0 0 53 12 12 20 27 0 37 10 12 13 14 6 0 0 0 0 0 0 0 0 0 0 0 0 0 0 0 0 0 0 1 0 1 0 0 0 1 0 0 0 1 0 0 2 0 0 0 0 0 0 0 0 0 0 0 0 0 0 0 0 0 0 0 5 0 0 0 0 0 0 0 9 0 0 0 49 10 0 0 0 0 9 29 23 0 0 14 13 8 15 10 7 0 2 0 0 0 0 0 0 0 0 0 0 0 0 0 0 1 0 0 0 0 0 0 0 0 0 0 0 0 0 0 0 0 0 0 0 0 0 0 0 0 0 34 0 0 0 0 0 0 0 9 0 0 0 0 19 0 0 0 0 0 0 0 0 0 0 0 3 1 2 0 0 2 85 11 0 0 0 0 0 0 0 0 0 0 0 0 0 0 0 0 0 0 0 0 0 0 25 0 7 0 0 0 0 0 3 0 0 0 0 0 0 
 73 0 0 75 1 108 0 0 4 0 78 0 0 0 2 0 1 0 0 3 0 92 107 267 46 116 135 89 271 147 52 58 127 331 282 38 493 205 124 59 61 0 4 4 2 0 3 6 3 1 0 3 2 3 0 2 0 0 0 0 68 0 0 0 0 0 0 0 0 0 1 3 0 0 0 1 0 0 34 2 0 0 0 0 0 0 0 0 0 0 0 1 0 0 0 0 0 0 0 0 0 10 20 49 22 0 2 17 38 0 12 0 18 22 15 7 23 67 26 29 0 0 1 0 0 0 25 0 0 0 0 0 1 0 0 0 0 0 13 32 0 0 0 0 0 0 0 0 0 0 0 0 5 2 3 0 0 0 0 0 0 0 0 0 0 7 0 0 0 0 0 0 0 0 0 0 0 0 0 0 8 30 23 1 1 29 14 15 15 8 7 0 1 0 0 0 15 14 0 0 0 0 0 0 0 0 0 0 0 4 0 0 0 0 0 0 19 0 0 11 0 0 0 0 0 0 0 0 0 0 0 0 0 0 0 0 0 0 0 0 0 0 0 0 0 0 0 0 0 0 0 0 0 0 0 0 2 0 77 0 0 0 0 0 0 0 0 0 0 0 0 0 0 0 0 0 0 0 0 0 0 0 0 0 0 2 0 0 0 0 
 0 0 2 0 0 74 0 0 0 0 74 0 0 0 0 0 2 0 2 0 92 0 191 292 50 77 65 158 232 43 276 266 48 102 62 415 342 261 303 35 1 4 5 3 60 0 5 5 5 0 0 3 0 4 0 2 0 0 0 0 0 0 0 0 1 0 2 3 0 0 4 3 0 0 0 3 2 4 0 2 0 0 0 0 0 2 0 0 0 0 21 0 0 0 0 0 0 0 0 0 0 42 17 31 0 0 24 8 0 21 12 14 0 20 0 0 0 9 8 21 0 6 0 0 0 0 6 11 0 0 0 2 14 0 0 0 0 0 0 12 0 0 1 0 0 0 0 0 0 0 0 0 3 0 1 0 0 0 0 0 0 0 0 0 0 18 0 0 0 2 0 0 0 0 1 0 0 0 3 0 32 0 0 22 3 11 33 0 26 1 0 19 43 33 0 22 36 0 0 0 12 0 1 0 0 0 48 18 0 0 12 0 12 0 0 0 0 0 12 15 0 0 0 0 0 0 0 0 0 0 0 0 0 0 0 0 0 0 0 0 0 0 0 0 0 0 0 0 0 0 0 0 0 0 5 0 0 0 77 4 9 1 0 0 0 0 11 0 0 0 0 0 0 0 0 0 0 1 0 0 0 0 0 0 0 0 12 0 0 1 
 0 0 0 0 0 0 0 2 0 0 0 0 0 0 0 0 0 0 0 0 107 191 0 324 161 163 148 187 159 222 134 408 41 43 154 97 142 143 33 50 0 1 4 3 1 0 3 3 1 0 0 3 66 8 0 2 0 0 62 63 0 0 0 0 0 0 0 0 0 0 2 2 0 0 0 0 0 0 0 2 0 2 0 0 0 0 0 0 0 0 0 1 0 0 0 0 0 0 0 0 8 0 9 0 19 16 0 0 33 22 23 18 1 0 0 18 0 1 0 0 12 0 0 0 0 0 11 32 0 0 0 0 0 12 0 0 18 0 19 33 0 0 0 4 3 0 0 0 0 0 0 0 0 0 2 0 0 18 0 0 0 0 0 0 0 0 0 0 0 0 0 0 0 0 13 0 0 0 0 0 0 25 10 13 12 21 0 0 3 21 11 12 11 0 12 23 0 18 0 0 0 1 0 0 0 0 14 0 0 0 0 0 14 0 0 0 0 0 12 33 0 0 0 0 0 0 0 0 0 0 0 0 0 0 0 0 0 0 0 2 0 0 2 0 0 0 0 0 0 0 0 0 0 0 5 0 2 147 77 0 2 1 0 0 0 0 0 0 0 0 0 0 0 0 0 0 0 0 0 13 0 20 0 0 0 26 0 0 0 0 
 5 0 0 0 3 2 0 2 2 0 0 0 0 0 0 3 3 0 4 4 267 292 324 0 140 260 91 131 157 484 137 181 52 73 58 361 345 280 215 306 63 2 6 6 66 0 3 3 0 0 2 5 0 73 0 2 2 0 0 76 0 0 2 0 1 2 0 0 0 0 1 3 2 11 1 3 5 7 0 2 0 0 0 0 0 0 0 0 0 0 0 0 0 0 0 0 0 0 2 0 10 17 40 0 16 0 0 0 17 2 0 9 0 0 0 0 13 15 0 11 3 23 0 0 0 0 27 0 0 0 0 0 15 25 0 0 0 0 43 45 0 0 0 0 0 0 0 0 5 10 25 0 0 0 0 0 0 0 0 0 0 0 0 0 0 0 0 0 0 0 0 0 3 0 0 0 0 0 5 0 0 2 1 13 22 11 19 0 23 0 0 38 18 0 20 0 24 0 0 0 0 12 0 1 0 0 28 0 0 0 0 0 0 0 0 1 0 0 0 1 0 0 0 0 0 0 0 0 0 0 0 0 0 0 0 0 0 0 0 0 0 0 0 0 0 1 0 0 0 0 0 0 0 0 10 1 3 0 80 0 11 18 0 0 0 0 10 0 0 0 1 0 0 0 0 0 0 0 0 0 0 0 0 0 0 0 19 0 0 0 
 0 0 0 1 0 4 0 0 0 0 0 0 1 0 0 3 2 0 0 1 46 50 161 140 0 132 58 56 117 80 144 237 55 88 159 97 139 129 44 95 30 65 3 5 1 3 164 3 67 0 0 3 3 30 67 62 0 2 69 58 6 3 0 2 1 3 0 0 0 0 3 3 3 3 3 2 3 4 0 4 1 0 0 0 0 0 0 0 0 0 0 0 0 9 2 0 0 0 0 0 0 46 31 16 13 3 0 0 38 0 75 1 0 0 0 0 25 3 0 51 27 4 0 0 0 0 49 0 0 0 0 0 36 18 16 0 0 0 18 30 0 0 0 0 0 0 0 0 14 2 0 0 0 0 0 0 0 0 0 0 0 0 0 0 0 0 0 0 0 0 0 0 0 0 0 0 0 0 2 0 0 0 0 6 35 12 2 0 0 0 8 0 0 0 0 0 0 52 0 0 19 11 0 1 0 0 21 22 11 21 9 0 1 16 0 1 0 15 18 28 0 0 0 0 0 0 0 0 0 0 0 0 0 0 0 0 0 0 0 0 0 0 0 0 0 0 0 0 0 0 0 2 0 0 10 0 2 76 80 0 3 0 0 0 0 0 0 0 0 0 0 0 0 0 0 0 0 0 0 0 0 0 1 0 2 0 0 0 0 0 
 4 3 4 5 3 3 3 3 14 3 3 5 3 3 3 5 5 3 13 6 116 77 163 260 132 0 52 453 197 165 63 69 25 113 174 144 110 128 25 118 0 1 36 3 4 0 40 74 40 1 0 3 3 4 101 33 2 0 1 63 2 0 3 0 0 0 10 3 0 0 2 5 0 0 0 8 4 15 0 2 0 1 12 0 0 0 0 0 0 0 0 0 0 0 0 0 0 0 0 0 9 10 10 14 31 13 0 0 41 8 13 9 0 15 0 12 0 32 0 0 15 0 12 8 0 0 46 0 0 52 0 0 28 17 14 0 19 7 19 0 0 0 0 0 0 0 0 0 0 0 0 0 0 1 0 0 0 0 0 6 0 0 0 0 0 0 0 0 0 0 0 0 0 0 0 0 0 0 0 0 0 0 2 13 0 0 20 0 14 1 0 0 0 2 0 1 18 0 0 0 11 6 24 12 0 0 10 11 8 14 0 0 12 8 0 12 1 17 0 0 0 0 12 0 0 0 1 0 0 0 0 0 0 0 0 0 0 0 0 0 0 0 1 0 0 0 0 0 0 0 0 0 0 2 6 5 1 10 1 4 5 0 0 0 0 0 9 0 0 0 0 0 0 0 0 0 0 0 0 0 0 2 0 0 2 26 24 0 0 0 
 3 4 3 3 77 177 3 3 5 3 27 81 3 3 3 4 3 3 3 3 135 65 148 91 58 52 0 178 159 456 24 54 138 45 214 51 110 40 128 565 0 2 5 3 0 0 3 3 2 1 0 4 0 3 0 2 0 0 5 0 0 0 0 0 0 0 0 0 41 0 1 3 0 0 0 3 0 0 0 2 0 0 0 0 0 0 0 0 0 0 8 11 1 0 1 0 0 19 0 0 47 8 5 22 0 11 20 19 0 20 12 6 7 24 21 27 36 32 13 3 0 0 0 0 0 0 0 1 0 0 2 0 0 0 0 0 2 0 0 0 0 0 0 0 9 0 0 0 0 0 0 0 0 11 0 0 0 0 6 0 0 0 0 2 0 20 0 0 0 0 15 25 0 0 7 0 0 0 0 0 29 43 25 1 0 0 15 48 0 0 28 26 17 34 23 27 24 26 0 14 0 0 0 0 0 16 0 0 0 0 0 0 0 0 0 0 0 0 9 0 0 0 0 2 0 0 13 0 0 0 0 0 0 0 0 0 0 0 0 0 0 0 1 0 0 0 0 0 34 0 0 0 2 0 12 0 2 0 0 0 0 0 0 0 0 0 0 0 0 0 0 0 0 0 0 0 0 0 0 0 0 8 0 0 0 0 0 0 0 0 
 0 0 3 144 0 74 0 0 0 0 155 35 0 68 0 0 0 0 2 0 89 158 187 131 56 453 178 0 70 202 122 32 80 261 84 77 103 270 55 196 0 2 4 6 0 0 3 6 66 3 0 3 0 8 0 2 0 0 1 2 4 2 0 2 0 0 0 0 0 0 3 10 0 0 5 0 8 0 0 2 0 0 0 0 0 0 0 0 0 1 4 0 0 0 0 0 0 0 0 0 29 8 4 0 4 1 13 3 24 19 11 8 37 13 11 27 21 0 8 20 0 0 0 0 0 0 0 0 2 0 0 0 5 0 0 0 0 0 0 0 0 0 0 0 0 0 0 0 0 2 0 0 9 1 4 0 0 0 0 0 0 0 0 0 0 11 0 0 0 0 0 0 2 0 3 0 0 0 0 0 1 43 14 11 14 10 9 31 3 61 2 1 15 19 22 0 20 18 0 0 0 0 0 0 0 0 9 0 0 0 0 0 1 0 0 0 0 0 0 0 0 0 0 0 0 0 0 0 0 0 0 0 0 0 0 0 0 0 0 0 0 0 0 0 0 1 0 0 75 0 0 0 0 0 12 0 0 0 0 0 0 2 0 0 0 0 0 0 0 0 0 0 0 0 0 0 0 0 0 0 0 9 0 0 0 0 0 0 0 0 
 0 0 0 0 0 0 0 0 0 0 0 0 0 0 0 0 3 0 4 0 271 232 159 157 117 197 159 70 0 307 125 119 79 166 248 83 107 44 68 181 1 2 4 5 1 0 3 3 0 0 2 3 62 6 1 3 0 2 2 0 0 0 0 0 0 0 0 0 0 0 1 3 4 0 0 0 22 0 3 2 0 0 3 0 2 0 0 0 0 0 0 0 0 0 0 0 0 0 0 0 10 2 0 4 35 21 0 4 23 46 40 38 38 0 0 9 21 33 0 45 0 0 0 0 0 3 0 12 0 0 0 0 1 14 0 0 12 0 29 38 0 0 0 14 9 0 0 0 0 0 0 0 0 0 0 0 0 2 7 1 0 0 0 0 1 0 0 0 0 0 0 0 0 0 0 0 0 0 0 0 0 0 33 1 16 10 11 42 0 11 1 32 0 0 0 25 19 22 0 0 0 19 0 0 0 0 17 0 0 0 0 0 53 0 0 0 0 0 21 14 0 0 0 0 0 0 0 0 2 0 0 0 0 0 0 0 0 0 0 0 0 0 0 0 0 0 0 0 0 2 0 0 0 1 11 0 0 75 76 2 2 2 0 0 0 0 4 0 0 0 0 2 0 0 0 0 0 0 0 44 0 0 0 0 0 10 1 0 0 0 
 2 2 2 2 2 2 2 75 2 2 2 2 2 2 76 2 5 2 6 2 147 43 222 484 80 165 456 202 307 0 161 130 47 68 99 228 150 116 43 383 0 1 4 3 1 0 3 3 2 0 0 3 63 26 0 2 0 29 1 62 0 0 0 1 0 0 0 0 0 0 52 2 0 0 0 1 2 1 48 53 0 0 0 0 0 0 0 0 0 0 0 0 0 0 0 0 0 0 0 0 0 6 10 0 38 12 0 42 25 22 0 32 18 0 0 0 0 7 0 0 0 10 0 0 0 0 6 13 0 0 0 0 12 18 0 0 12 0 29 40 0 0 0 0 0 0 0 0 0 3 4 0 0 0 0 0 0 0 0 0 0 0 0 0 0 0 0 0 0 0 0 0 0 0 0 0 0 0 0 0 0 0 9 26 32 0 13 16 7 10 9 17 0 0 0 0 31 14 0 0 0 16 0 0 0 0 7 0 0 0 0 0 25 0 0 0 0 0 15 13 0 0 0 0 0 0 0 0 0 0 0 0 0 0 0 0 0 0 0 0 0 0 0 0 0 0 0 0 0 0 0 0 0 0 6 0 0 76 38 0 0 8 0 0 0 0 9 0 0 0 0 0 0 0 0 0 0 0 0 13 0 13 0 0 0 10 16 13 0 0 
 4 6 3 5 4 4 5 6 4 4 4 3 4 5 4 4 4 4 5 5 52 276 134 137 144 63 24 122 125 161 0 199 17 76 137 113 337 82 24 145 76 22 3 5 1 0 56 3 1 0 0 3 97 86 0 2 0 0 24 67 0 0 0 0 0 0 0 0 0 0 2 57 0 0 0 0 1 0 0 2 0 0 0 0 0 0 0 0 0 0 0 0 0 0 0 0 0 0 1 0 10 0 0 0 21 20 0 9 11 20 0 20 22 0 0 9 2 1 0 1 1 0 1 0 0 0 31 0 0 0 0 0 0 14 0 0 14 0 15 20 0 0 29 6 11 0 0 1 0 0 0 0 0 0 0 11 0 0 1 0 0 0 0 0 0 0 0 0 0 0 0 0 0 0 0 0 0 0 0 0 0 7 16 25 10 1 0 18 0 10 26 14 0 0 0 12 35 19 0 0 22 13 0 0 0 0 11 4 0 22 0 0 1 0 0 0 0 2 0 0 0 0 0 0 0 0 0 0 0 0 0 0 0 0 0 0 0 0 0 0 0 0 0 0 0 0 0 0 1 0 0 0 0 0 15 0 0 150 78 0 0 0 0 0 0 0 0 0 0 0 0 0 0 0 0 0 0 0 0 10 0 2 0 0 0 0 0 0 0 0 
 0 76 0 0 0 5 2 0 0 0 0 79 0 1 0 16 0 0 0 0 58 266 408 181 237 69 54 32 119 130 199 0 26 240 143 59 175 259 12 47 0 1 6 3 2 0 66 3 4 0 0 7 26 28 1 2 3 0 0 133 0 48 0 0 0 0 0 0 3 0 1 6 0 0 0 0 0 0 3 2 0 0 0 0 0 0 0 0 0 0 1 0 0 0 0 0 2 0 0 0 0 11 24 26 1 35 0 0 34 0 37 15 0 13 1 0 23 12 0 18 30 10 0 0 0 0 25 12 1 0 0 0 2 31 0 0 22 0 25 24 0 0 0 0 0 1 0 0 0 3 4 0 0 0 0 0 0 0 0 0 0 0 0 0 0 0 0 0 0 0 0 1 0 0 0 0 0 10 1 0 0 0 10 12 74 22 0 3 0 10 2 0 0 0 0 0 1 18 0 0 0 21 0 0 0 0 19 1 0 3 1 0 6 0 0 0 0 1 0 44 0 0 0 0 1 0 10 0 0 0 0 0 0 0 0 0 0 0 0 0 0 0 0 0 0 0 0 2 0 0 0 0 0 0 6 2 2 39 76 0 0 6 0 0 0 0 0 0 0 0 0 0 0 0 0 0 0 0 0 1 0 14 0 0 10 13 0 0 0 0 
 1 3 60 78 95 36 0 0 3 2 263 173 1 1 0 1 76 88 0 4 127 48 41 52 55 25 138 80 79 47 17 26 0 162 125 14 134 45 303 121 0 1 3 4 2 7 3 4 2 62 0 4 0 3 0 1 0 0 0 0 0 0 0 2 0 0 0 0 0 0 3 1 46 0 1 6 0 3 0 2 0 15 11 39 0 39 0 0 1 37 0 20 0 0 0 11 0 19 0 0 0 7 0 0 9 0 13 55 1 0 1 0 21 7 84 0 0 7 9 13 0 0 22 13 0 0 0 0 0 0 0 0 12 0 0 0 0 0 0 0 2 1 0 0 0 0 1 2 0 0 0 0 0 6 4 0 0 0 0 1 0 0 0 1 0 9 0 0 0 0 0 13 0 0 0 16 0 9 0 0 27 20 9 25 0 0 26 26 23 30 0 0 9 1 9 4 12 0 16 26 0 0 0 0 0 0 0 0 0 0 0 0 0 0 0 0 0 0 1 0 0 0 0 0 0 0 0 0 2 0 0 0 0 0 0 18 0 0 0 0 0 0 7 0 0 0 18 0 76 73 0 0 0 0 11 0 0 0 0 0 0 0 0 0 0 0 10 0 0 0 0 0 0 0 0 0 10 0 0 0 0 0 0 0 0 0 18 0 0 0 
 0 0 0 0 0 74 0 2 0 0 0 0 4 0 0 0 2 0 0 0 331 102 43 73 88 113 45 261 166 68 76 240 162 0 237 324 191 196 78 488 0 0 4 3 1 0 65 3 2 1 0 3 6 3 2 1 0 0 0 0 0 63 0 2 0 0 0 0 0 0 3 1 2 0 1 0 0 0 1 2 0 0 0 0 0 1 0 1 0 0 0 0 0 2 0 0 11 0 0 0 1 9 11 20 47 0 10 48 25 38 45 28 27 57 17 30 21 10 14 32 0 0 0 16 0 0 9 0 0 3 0 1 9 0 0 0 0 0 13 31 0 48 0 0 0 0 0 0 0 0 0 0 4 0 1 0 0 0 0 0 0 0 0 0 0 18 0 0 0 0 0 0 0 0 0 0 0 0 0 0 23 18 28 23 14 0 33 20 8 12 22 0 23 36 0 0 61 14 0 0 0 0 2 0 0 0 0 0 0 0 0 0 0 0 0 0 0 0 7 0 0 0 0 0 0 0 0 0 0 0 0 0 2 2 0 0 0 0 0 0 0 0 0 0 0 0 0 0 0 0 0 0 0 0 17 18 0 0 0 3 1 0 0 0 0 0 0 0 0 0 0 0 0 0 0 0 0 2 0 0 0 0 0 0 0 1 0 0 0 0 
 0 3 3 0 3 80 0 0 3 0 74 46 3 0 0 0 0 0 0 5 282 62 154 58 159 174 214 84 248 99 137 143 125 237 0 155 129 78 62 268 0 1 4 3 1 3 3 8 0 57 0 3 0 3 0 1 0 0 0 0 0 0 0 1 0 0 0 0 0 0 2 2 0 0 0 0 0 0 0 2 0 0 0 0 0 0 0 0 0 0 0 0 0 0 0 0 0 0 0 0 9 31 6 43 43 0 7 63 23 17 42 20 35 22 11 0 35 43 51 26 0 0 0 11 0 0 14 4 0 0 0 0 0 1 0 0 20 1 23 10 0 0 0 0 0 0 0 0 0 0 0 1 0 0 0 0 0 0 3 0 0 1 0 0 0 15 0 0 0 0 0 5 0 0 0 0 0 2 0 0 15 14 10 17 2 1 28 16 11 12 19 4 1 12 10 0 14 30 0 0 0 0 0 0 0 0 0 0 0 0 0 0 0 0 0 0 0 0 0 12 0 0 0 0 0 0 0 0 0 2 0 0 0 0 0 0 0 0 0 0 0 0 7 0 0 0 81 0 0 0 0 0 0 0 10 0 2 1 2 2 0 3 0 0 0 0 0 0 0 0 0 0 0 0 0 0 0 0 0 0 0 0 0 0 22 8 0 0 0 0 
 3 5 3 3 3 4 4 3 3 3 3 3 3 5 3 3 3 5 3 6 38 415 97 361 97 144 51 77 83 228 113 59 14 324 155 0 86 52 343 230 64 2 4 3 64 0 3 3 0 0 0 3 0 5 0 2 0 0 0 0 0 2 0 0 0 3 0 0 0 0 2 2 0 0 2 1 4 4 0 2 0 0 1 0 0 0 0 13 0 0 2 0 0 0 0 0 0 0 0 0 10 10 51 21 0 0 36 18 1 22 9 13 0 2 0 15 0 62 1 9 0 21 0 0 0 0 0 10 0 0 0 0 1 0 0 0 0 0 28 33 0 0 0 0 0 2 0 0 0 0 0 0 0 0 0 1 0 0 0 1 0 0 0 0 0 0 0 0 0 0 0 2 0 0 0 0 11 0 5 0 12 0 0 26 9 21 20 0 14 8 0 56 34 15 0 26 21 7 0 0 0 1 0 0 0 0 49 2 0 0 2 0 18 0 0 0 0 0 22 13 0 0 0 0 0 0 0 0 0 0 0 0 15 0 0 0 0 0 0 9 0 0 0 0 0 0 0 0 0 0 0 0 0 0 10 1 2 0 77 2 15 2 0 0 0 0 0 0 0 0 0 0 0 0 0 0 0 0 0 0 0 0 0 0 0 0 0 0 0 0 
 0 3 4 2 1 10 1 0 1 0 0 1 1 1 0 1 0 1 2 2 493 342 142 345 139 110 110 103 107 150 337 175 134 191 129 86 0 230 113 347 0 1 10 3 4 0 3 3 3 2 0 4 3 19 0 3 0 2 35 63 0 0 6 0 1 0 0 6 0 0 0 3 1 0 0 4 1 3 0 3 0 0 0 0 0 0 0 0 0 0 0 0 0 0 0 0 0 0 0 0 26 14 45 47 30 0 0 16 2 0 13 1 0 16 19 0 7 34 0 21 0 70 0 0 0 0 26 12 0 0 0 0 15 11 0 0 1 0 16 36 0 0 0 0 0 0 0 0 0 3 5 0 0 0 0 0 8 0 0 0 0 0 0 0 0 0 0 0 0 0 16 0 0 2 0 0 0 0 10 0 9 43 45 14 14 10 21 0 9 0 0 0 0 10 0 0 27 0 0 0 0 0 0 0 0 0 0 0 10 0 0 0 6 0 0 0 0 0 0 65 0 0 0 0 0 0 0 0 0 0 0 0 0 0 0 0 0 0 0 0 0 0 0 0 0 0 0 0 0 1 0 78 0 0 10 2 2 1 7 1 11 6 0 0 0 0 9 0 0 0 0 0 0 0 0 0 0 0 0 0 0 25 0 0 0 11 21 0 0 0 
 1 0 0 4 3 0 2 0 0 0 0 2 0 0 0 0 0 2 0 0 205 261 143 280 129 128 40 270 44 116 82 259 45 196 78 52 230 0 101 175 1 2 4 3 63 0 3 3 1 0 0 7 0 69 0 1 0 0 0 0 0 0 0 1 0 0 0 0 0 0 2 2 0 0 0 16 0 3 0 2 0 0 2 0 0 0 2 0 0 0 0 0 0 0 0 0 0 0 0 0 14 20 20 14 9 1 11 17 21 7 29 0 0 15 13 23 1 23 0 22 0 12 0 0 0 3 15 30 0 0 0 0 12 0 0 0 0 0 2 6 0 0 0 3 0 0 0 0 0 9 2 0 0 0 0 2 0 0 0 0 0 0 0 0 0 0 0 0 0 0 0 1 0 0 2 0 0 0 5 0 1 14 11 12 11 27 13 0 18 0 0 41 21 1 0 25 15 0 0 0 0 0 0 0 0 0 17 0 0 0 0 0 8 0 0 0 0 0 1 82 0 0 0 2 0 0 0 0 0 0 0 0 0 0 0 0 0 0 0 0 0 0 16 0 0 0 0 0 0 0 0 0 2 0 19 3 5 87 41 1 10 22 0 0 0 0 10 0 0 0 0 0 0 0 0 0 0 0 0 0 0 19 0 0 0 0 35 0 0 0 
 78 141 2 75 76 94 4 2 77 20 81 2 4 2 2 2 44 31 4 2 124 303 33 215 44 25 128 55 68 43 24 12 303 78 62 343 113 101 0 102 0 0 5 3 20 0 3 3 2 1 0 3 0 3 0 3 0 0 0 0 0 4 0 0 0 0 0 0 0 0 0 3 1 0 0 0 0 0 0 3 0 12 6 7 34 0 0 0 25 0 0 22 0 0 0 0 0 25 0 0 55 1 11 18 0 0 27 0 0 0 1 0 0 14 0 29 20 20 18 9 0 0 0 0 0 0 0 2 1 0 0 0 0 0 0 0 0 0 0 0 0 0 0 0 0 0 0 0 0 0 0 0 0 1 0 0 0 0 0 0 0 0 9 6 11 0 0 1 12 0 14 9 0 0 20 2 12 0 0 0 6 34 25 0 16 12 1 10 11 0 9 18 30 36 26 29 30 0 23 0 0 0 0 16 0 0 1 0 0 0 0 0 0 0 0 0 0 0 0 0 0 0 0 0 0 0 0 0 0 0 0 0 0 0 0 0 0 0 0 0 0 0 0 0 0 0 81 0 0 0 0 0 0 0 12 2 0 0 0 0 1 1 0 0 0 0 0 0 0 0 0 0 0 0 0 14 0 0 0 0 0 10 0 0 2 0 0 0 0 0 
 5 3 3 3 3 4 3 3 3 3 3 3 3 4 1 4 3 3 3 4 59 35 50 306 95 118 565 196 181 383 145 47 121 488 268 230 347 175 102 0 0 4 8 6 69 0 3 3 5 1 3 7 0 3 3 4 0 0 0 2 0 0 0 0 5 0 10 3 0 0 6 2 0 0 0 0 0 0 0 2 0 0 0 0 0 0 0 0 0 0 32 0 0 0 0 36 0 0 0 0 16 2 19 6 41 0 22 17 23 17 32 30 13 40 33 10 53 12 1 32 0 0 0 0 0 0 0 1 0 0 0 0 1 0 0 0 0 0 24 0 0 0 0 0 0 0 0 0 0 0 0 0 0 0 0 0 0 0 4 0 0 0 0 0 0 1 0 2 0 0 0 0 0 0 0 0 0 0 0 0 14 6 69 1 10 2 35 11 15 0 42 22 17 21 0 9 30 15 0 0 0 0 0 0 0 0 1 0 0 0 0 0 0 0 0 0 2 0 0 0 0 0 0 0 0 0 0 0 11 0 0 0 0 0 0 0 0 0 0 0 0 0 0 0 0 0 0 0 0 0 0 0 0 0 5 0 0 0 1 3 2 0 0 0 0 0 0 0 2 0 0 0 0 0 0 0 0 0 0 0 0 7 0 0 0 0 0 0 0 0 
 0 0 0 0 0 0 0 0 0 0 0 0 0 0 0 0 0 0 0 0 61 1 0 63 30 0 0 0 1 0 76 0 0 0 0 64 0 1 0 0 0 260 77 104 69 31 366 43 54 32 29 34 131 89 497 104 177 164 176 40 0 1 0 50 3 8 59 58 4 3 4 0 0 0 8 4 8 0 0 0 0 0 0 0 0 0 0 0 0 8 0 0 0 0 0 0 0 0 0 0 0 0 1 0 0 0 0 0 0 0 0 0 0 0 0 10 0 0 0 0 0 15 5 2 0 15 13 26 7 31 0 0 35 6 11 9 0 0 19 1 22 0 2 4 0 0 0 0 0 8 0 3 0 1 0 0 0 0 0 2 0 0 0 0 0 0 0 0 0 0 0 2 0 0 0 2 0 0 0 0 0 0 0 18 0 0 0 23 0 0 7 9 0 0 0 0 0 9 0 0 59 24 25 10 0 0 37 25 15 36 7 5 19 6 14 6 0 6 33 12 0 0 0 0 0 0 0 9 0 3 0 0 0 0 3 0 0 0 0 0 0 0 0 0 0 0 0 0 0 0 0 10 0 0 0 0 22 0 0 0 0 0 2 0 0 1 2 0 0 0 2 0 0 0 0 2 0 0 0 0 0 0 0 0 48 0 0 0 2 0 
 0 0 0 0 0 1 0 3 0 0 0 0 0 0 0 0 0 0 0 0 0 4 1 2 65 1 2 2 2 1 22 1 1 0 1 2 1 2 0 4 260 0 96 89 51 39 96 96 116 259 33 252 56 150 192 45 136 45 77 130 6 0 2 1 0 2 0 3 0 2 0 2 0 1 0 0 0 0 6 5 0 0 0 0 0 0 0 0 0 0 0 0 0 0 0 0 6 0 18 0 0 0 0 0 0 20 0 0 0 0 0 0 0 0 0 0 0 0 0 0 37 0 36 0 0 5 19 57 0 6 0 15 10 40 38 3 2 7 24 0 9 4 4 0 0 0 0 0 0 0 1 3 4 10 4 4 0 0 0 5 0 10 5 0 0 0 0 0 0 0 0 0 0 0 0 0 0 0 0 0 0 0 0 19 0 0 0 0 0 0 12 0 0 0 0 0 13 2 0 0 15 19 51 8 1 4 0 29 27 15 1 20 44 2 9 5 17 9 8 0 0 4 1 0 11 0 0 5 0 0 0 0 0 0 0 0 10 0 9 0 0 0 0 0 0 0 0 0 0 0 0 15 0 0 0 0 0 1 0 0 0 0 4 2 2 0 2 0 0 0 0 0 0 0 0 0 0 0 0 0 0 0 0 0 14 0 0 0 2 0 
 1 2 0 0 2 0 1 4 4 2 2 1 2 0 0 0 2 0 2 4 4 5 4 6 3 36 5 4 4 4 3 6 3 4 4 4 10 4 5 8 77 96 0 345 287 36 111 130 145 139 152 46 66 49 122 71 95 86 32 152 4 2 0 0 1 0 47 3 207 0 0 5 0 0 3 0 7 0 0 0 0 0 2 0 0 0 0 0 0 0 0 0 0 0 0 0 0 0 0 0 0 0 0 0 0 14 0 0 0 0 0 0 0 0 0 0 0 0 0 0 14 0 20 31 0 10 0 0 0 12 25 21 21 1 14 0 8 9 0 0 0 0 0 0 0 12 0 0 7 0 0 13 0 7 0 0 0 0 17 0 0 0 0 0 0 0 0 0 8 0 0 0 0 5 0 0 0 0 0 0 0 0 0 0 0 0 0 0 0 0 0 0 0 0 0 0 0 0 0 0 3 13 14 0 22 1 0 5 0 0 10 0 13 14 0 0 39 0 0 0 6 3 0 0 0 0 14 0 0 0 0 0 0 27 0 0 0 0 0 9 0 0 1 0 0 1 0 0 2 0 0 6 0 0 0 0 0 1 0 11 0 0 1 0 0 2 2 0 0 0 21 0 0 0 0 0 0 0 0 0 0 0 0 0 0 22 0 0 2 0 
 0 2 1 0 3 62 0 0 0 0 3 0 0 5 0 0 0 0 0 2 4 3 3 6 5 3 3 6 5 3 5 3 4 3 3 3 3 3 3 6 104 89 345 0 389 313 471 378 114 103 128 129 95 295 194 170 263 132 99 54 0 0 0 0 0 0 10 0 3 0 0 0 2 0 3 0 0 0 2 0 0 0 0 0 0 0 0 0 0 0 0 0 0 0 0 0 0 0 0 0 0 0 0 0 0 0 0 0 0 0 0 0 0 0 0 0 0 0 0 0 27 28 28 17 2 16 0 15 22 19 0 22 0 24 21 51 20 30 0 0 0 0 0 0 0 0 0 0 0 0 0 4 0 0 10 0 0 0 0 0 0 16 52 0 0 0 0 0 0 0 0 0 3 0 9 0 0 0 0 4 0 0 0 0 0 0 0 0 0 0 0 0 0 0 0 0 0 0 0 0 54 0 67 18 24 0 16 22 1 5 6 0 1 24 16 22 13 12 0 24 0 0 0 0 0 0 10 0 0 0 0 0 8 0 0 0 0 0 0 0 0 0 8 0 0 0 0 0 0 0 0 0 0 2 0 0 0 0 0 2 0 0 2 0 0 2 2 63 0 0 0 0 0 0 0 0 0 0 0 0 0 0 0 0 16 0 0 19 0 0 
 0 2 0 0 0 0 0 0 3 0 0 0 0 0 0 3 0 0 0 3 2 60 1 66 1 4 0 0 1 1 1 2 2 1 1 64 4 63 20 69 69 51 287 389 0 195 61 132 116 64 374 264 97 91 115 151 131 118 280 91 77 54 7 0 0 0 2 50 40 6 0 0 15 54 1 6 0 0 7 2 0 0 0 0 0 0 0 0 0 0 0 0 0 0 0 0 0 0 0 0 11 0 10 0 0 0 17 0 0 0 0 0 0 9 0 0 0 0 0 12 1 19 4 9 6 22 0 0 19 0 11 7 0 13 0 21 10 11 0 0 10 0 16 0 0 0 0 5 10 0 0 2 0 0 28 0 0 0 0 2 0 0 0 0 0 0 0 0 0 0 0 0 0 6 0 0 0 0 0 0 0 0 0 0 8 11 0 0 14 0 0 6 4 0 0 6 7 0 0 0 29 9 0 1 6 0 12 28 0 4 0 0 0 15 10 1 0 16 0 0 12 0 0 0 0 0 26 0 11 0 0 0 6 7 0 7 0 0 17 26 0 0 11 0 0 0 0 0 0 0 0 17 0 1 0 0 0 2 0 2 0 0 4 68 0 4 3 63 0 0 0 0 0 0 0 0 0 0 0 0 0 0 0 0 11 0 0 0 2 0 
 0 45 8 3 2 0 0 8 2 0 6 6 0 0 11 0 6 48 0 0 0 0 0 0 3 0 0 0 0 0 0 0 7 0 3 0 0 0 0 0 31 39 36 313 195 0 306 245 199 211 99 367 111 525 260 76 42 50 47 110 0 76 2 1 2 1 1 2 55 73 1 3 58 2 53 2 232 21 54 2 0 0 4 4 0 0 0 0 7 4 0 0 0 0 0 0 13 0 0 0 0 0 0 0 0 13 4 6 0 0 0 0 0 0 4 0 0 0 0 0 0 7 10 8 9 3 0 0 5 1 25 15 0 0 0 21 11 4 0 0 14 0 0 0 0 0 0 0 16 0 0 0 11 0 14 0 0 0 8 20 0 0 0 7 11 4 0 0 0 0 0 0 0 0 0 0 0 4 0 0 0 0 0 1 0 0 0 0 0 0 0 0 4 0 6 0 0 0 5 4 0 0 0 0 23 7 0 17 0 0 32 1 0 21 10 8 41 40 0 0 0 0 9 26 1 0 16 20 1 2 0 0 2 8 21 0 0 1 19 14 0 0 9 0 0 0 6 0 0 0 0 13 0 0 0 0 0 0 0 0 0 0 19 2 69 16 1 21 1 0 0 0 0 0 0 2 0 0 0 0 0 0 0 0 0 0 0 0 0 2 
 2 1 38 0 2 3 1 2 1 3 2 1 1 1 2 1 2 3 0 2 3 5 3 3 164 40 3 3 3 3 56 66 3 65 3 3 3 3 3 3 366 96 111 471 61 306 0 407 236 27 108 62 257 374 339 306 104 38 57 383 3 0 0 0 1 14 9 0 8 4 3 0 2 0 5 71 5 1 2 0 0 0 0 0 0 0 0 0 0 0 0 0 0 0 0 0 0 0 0 0 0 20 0 0 1 23 0 0 0 0 0 6 0 0 6 0 0 0 0 0 10 9 24 15 0 0 0 0 15 7 0 7 32 1 16 10 31 17 0 0 0 0 1 17 0 12 0 0 0 6 1 0 0 0 10 0 0 0 0 22 0 0 0 0 0 0 0 0 0 0 0 0 0 0 0 0 0 0 0 0 0 0 0 8 0 0 0 0 0 0 7 0 0 0 20 0 0 9 0 0 40 15 18 24 14 0 15 23 4 18 0 0 11 18 0 24 1 21 0 0 0 0 0 0 15 0 10 0 0 7 0 0 10 0 0 0 0 1 0 0 0 0 8 0 0 0 0 0 0 0 0 2 0 0 0 0 0 62 0 0 0 0 0 0 0 3 2 64 2 0 1 0 0 0 0 0 0 0 0 9 0 0 0 0 0 0 0 0 0 0 
 0 2 0 0 2 1 0 0 0 0 1 3 2 0 0 0 0 1 0 0 6 5 3 3 3 74 3 6 3 3 3 3 4 3 8 3 3 3 3 3 43 96 130 378 132 245 407 0 246 74 161 71 135 163 243 238 97 51 111 73 1 0 0 0 0 0 2 0 33 0 0 0 9 0 0 0 0 0 0 0 0 0 0 0 0 0 0 0 0 0 0 0 0 0 30 0 0 0 0 0 0 0 0 0 0 0 0 1 0 0 0 0 4 0 0 0 0 1 4 0 18 40 4 11 0 34 0 0 35 3 23 28 21 6 19 11 23 11 0 0 14 0 0 0 0 0 14 0 0 0 0 3 0 0 19 0 0 0 0 3 0 0 0 0 7 0 0 0 0 0 0 7 0 0 0 0 0 0 0 0 0 0 0 2 0 0 4 3 3 4 3 0 8 0 1 0 0 3 0 0 21 0 15 19 15 8 0 15 70 19 0 42 0 14 37 24 1 10 0 0 0 0 0 18 0 0 10 0 0 0 0 0 16 7 13 0 0 0 27 9 0 0 18 0 0 0 0 0 0 0 0 6 0 0 0 0 0 2 0 2 0 0 0 0 1 14 2 66 2 0 0 0 0 0 2 0 0 0 0 0 0 0 0 0 11 0 0 0 0 0 
 3 4 5 11 5 3 4 4 5 1 4 3 3 38 4 4 3 5 4 2 3 5 1 0 67 40 2 66 0 2 1 4 2 2 0 0 3 1 2 5 54 116 145 114 116 199 236 246 0 264 93 115 119 73 93 92 86 86 76 59 0 0 0 0 0 1 0 3 5 0 0 50 0 50 0 0 204 0 0 0 0 0 0 0 0 0 0 0 0 0 0 0 0 0 0 0 0 0 0 0 0 0 0 0 0 1 0 0 0 0 0 0 0 0 0 0 0 0 0 0 18 15 1 6 2 52 0 0 2 23 12 26 23 1 21 10 17 1 0 0 13 2 2 0 0 0 16 2 3 1 0 0 11 2 13 1 1 2 29 0 0 0 0 0 6 0 0 0 0 0 0 0 0 0 0 0 0 0 0 0 0 0 0 0 1 0 0 0 0 8 0 0 0 0 0 0 0 0 0 0 1 0 17 21 0 38 0 1 23 24 4 31 0 8 0 24 5 39 0 0 1 0 2 2 1 1 10 3 2 2 2 1 9 7 5 2 2 0 26 2 0 1 0 0 0 0 2 0 0 0 0 12 0 0 0 0 0 1 2 7 0 0 1 0 3 17 2 65 2 0 1 0 0 0 0 0 0 0 0 0 0 0 2 0 3 16 0 0 0 0 
 0 1 0 30 0 48 28 0 0 0 63 28 20 0 0 0 0 0 0 0 1 0 0 0 0 1 1 3 0 0 0 0 62 1 57 0 2 0 1 1 32 259 139 103 64 211 27 74 264 0 77 115 56 165 165 155 168 126 52 81 2 0 3 0 0 0 50 5 6 0 0 2 3 3 0 0 0 0 5 3 0 0 0 1 0 0 0 0 0 1 0 0 0 0 0 0 0 0 0 0 0 0 0 0 0 0 1 9 0 0 0 0 11 0 0 0 0 0 9 0 0 42 0 32 17 11 0 0 14 37 63 16 0 0 13 85 0 7 0 0 0 0 0 0 0 0 10 0 0 10 0 0 4 1 10 0 0 0 1 0 0 0 0 0 11 1 0 0 0 0 0 12 0 0 0 0 0 1 12 0 0 0 0 4 0 0 7 0 10 6 0 0 10 0 8 0 0 9 1 13 0 0 22 7 20 4 0 2 3 0 14 11 0 5 9 0 41 14 0 21 9 10 0 0 0 0 32 0 0 0 0 0 0 10 8 7 0 0 0 13 0 0 17 0 0 0 65 0 0 0 0 16 0 0 0 0 0 0 0 10 0 0 0 0 0 10 1 68 1 0 13 0 0 0 0 0 0 0 0 0 0 0 0 0 0 8 0 24 2 0 
 0 0 0 0 0 21 0 0 0 0 0 0 0 0 0 4 0 0 0 4 0 0 0 2 0 0 0 0 2 0 0 0 0 0 0 0 0 0 0 3 29 33 152 128 374 99 108 161 93 77 0 63 27 37 62 119 134 198 29 60 52 0 15 0 51 0 56 0 0 0 4 0 67 60 0 0 0 0 23 0 0 0 0 0 0 0 0 0 0 0 0 0 0 0 0 0 0 0 0 0 0 0 0 0 0 0 0 0 0 0 0 0 0 0 0 0 0 8 0 0 0 0 20 1 17 10 0 5 5 0 11 17 0 0 15 0 16 14 0 0 22 2 42 0 0 0 0 12 0 12 0 0 0 0 17 1 0 0 12 0 3 0 0 0 0 0 0 0 0 0 0 0 15 74 0 0 0 0 0 27 0 0 0 0 0 1 0 0 0 0 0 0 0 0 0 0 0 0 0 0 20 0 13 11 11 14 0 27 0 20 25 40 20 34 7 21 6 1 0 0 53 14 7 0 0 0 54 0 11 0 0 0 35 25 2 15 0 0 26 6 0 0 8 0 0 0 0 0 0 0 0 11 0 2 0 0 0 2 0 33 0 12 0 67 0 20 2 8 0 0 10 0 0 0 0 0 0 0 0 0 0 0 0 0 0 0 0 0 1 0 
 0 0 0 0 0 0 0 0 0 1 0 0 0 0 0 2 0 0 0 2 3 3 3 5 3 3 4 3 3 3 3 7 4 3 3 3 4 7 3 7 34 252 46 129 264 367 62 71 115 115 63 0 51 305 107 99 123 155 34 24 0 57 0 2 9 10 1 2 51 2 2 0 0 0 7 0 9 1 0 0 0 0 0 0 0 0 0 0 0 0 0 0 0 0 0 0 0 18 0 0 0 0 0 0 0 2 0 0 0 0 0 0 0 0 0 0 0 0 0 0 0 11 0 12 64 13 8 0 20 19 5 4 0 0 9 4 0 6 22 0 0 0 29 9 0 0 18 0 12 7 0 0 0 20 0 0 1 0 0 0 0 0 0 0 9 0 0 0 0 0 0 0 0 0 0 0 0 0 0 0 0 0 0 0 0 0 0 0 0 0 0 8 0 0 0 8 0 0 0 0 0 0 10 0 19 6 0 0 18 22 0 15 0 11 7 0 1 0 0 5 8 0 0 9 0 0 0 0 0 13 0 0 0 1 16 9 0 10 0 36 4 0 0 0 0 0 0 0 2 0 0 26 0 0 0 0 0 0 0 12 0 0 0 2 5 19 0 0 1 0 0 0 0 0 0 4 0 0 0 0 0 0 0 0 0 6 0 11 2 0 
 0 61 0 0 0 0 0 4 0 0 2 0 0 5 64 0 0 0 0 0 2 0 66 0 3 3 0 0 62 63 97 26 0 6 0 0 3 0 0 0 131 56 66 95 97 111 257 135 119 56 27 51 0 144 167 39 130 31 407 72 3 2 0 2 3 9 3 0 0 4 0 0 5 0 9 4 9 0 0 0 0 0 0 0 0 0 23 0 0 0 0 0 0 0 0 0 0 0 0 15 0 0 0 0 0 14 0 0 0 0 0 5 0 0 0 0 0 0 0 0 14 0 20 0 0 0 24 23 0 0 0 15 0 75 8 5 18 8 20 0 0 0 5 8 0 0 0 0 0 9 0 0 0 3 0 0 0 3 0 0 28 12 5 0 0 0 0 8 0 0 0 0 0 0 0 0 0 0 0 10 0 0 0 76 0 0 0 0 0 0 1 0 0 0 0 0 0 8 0 0 1 27 19 0 2 0 15 1 20 7 0 20 1 4 8 10 39 6 0 0 0 0 0 0 0 0 0 0 0 4 0 0 0 0 2 0 0 1 0 0 0 0 0 0 0 0 2 0 0 0 0 21 0 0 0 0 0 31 0 0 0 0 2 0 0 4 9 0 0 0 2 0 0 0 0 1 0 0 0 4 0 0 0 0 0 13 0 0 2 0 
 0 0 2 0 0 0 0 0 0 0 0 0 0 0 0 0 0 0 0 0 3 4 8 73 30 4 3 8 6 26 86 28 3 3 3 5 19 69 3 3 89 150 49 295 91 525 374 163 73 165 37 305 144 0 93 76 42 38 134 214 3 2 2 5 2 4 2 0 2 1 0 2 0 1 2 0 203 1 0 0 0 0 0 0 0 0 0 0 0 0 0 0 0 0 0 0 0 0 0 0 1 0 10 0 0 6 0 0 1 0 0 0 0 0 0 1 0 0 0 0 0 10 3 0 10 0 19 43 14 0 11 0 13 4 0 0 0 0 16 18 0 0 0 0 0 0 0 0 0 4 4 0 12 0 0 0 0 0 0 0 0 0 0 0 15 0 0 0 0 0 0 0 0 0 0 0 0 0 0 0 0 0 1 19 9 0 0 0 0 0 15 14 0 0 0 1 0 9 0 0 10 15 0 0 9 0 11 31 3 20 10 1 15 12 10 0 0 28 11 11 0 0 0 16 0 0 0 0 0 0 0 0 0 0 0 0 0 0 0 9 0 0 0 0 0 0 2 0 0 26 0 11 0 0 0 0 2 4 22 0 0 5 0 0 0 10 0 0 0 0 0 0 0 0 0 0 0 0 0 2 0 12 0 0 3 0 0 0 0 0 
 0 2 0 0 2 0 0 0 1 0 0 0 2 0 0 0 0 0 0 0 0 0 0 0 67 101 0 0 1 0 0 1 0 2 0 0 0 0 0 3 497 192 122 194 115 260 339 243 93 165 62 107 167 93 0 387 99 111 197 313 0 0 0 0 0 0 1 0 49 0 0 0 0 0 0 0 0 0 0 0 0 0 0 0 0 0 0 10 0 0 0 0 0 0 0 0 0 0 0 0 0 0 0 0 0 3 0 0 0 0 0 0 0 0 0 0 0 0 0 0 17 8 22 60 14 0 0 31 10 24 0 1 20 43 16 65 0 24 19 1 0 0 0 0 0 0 20 0 0 0 0 2 0 0 0 0 0 0 0 5 0 3 7 0 11 0 0 0 0 0 0 0 0 0 0 0 0 0 0 0 0 0 0 0 0 0 0 0 0 0 0 0 0 0 0 0 0 0 0 0 9 37 35 0 0 0 12 17 28 0 0 0 0 10 3 31 16 0 0 24 0 0 0 0 0 0 0 0 0 0 0 14 15 0 0 0 0 0 7 0 0 0 0 0 0 0 0 0 0 26 0 5 0 0 0 0 0 62 0 1 0 0 71 0 0 5 0 0 0 0 2 0 0 0 0 0 0 0 0 0 0 0 0 0 0 0 0 9 0 0 
 0 0 0 0 0 0 0 0 2 0 0 0 0 0 0 0 0 0 0 4 2 2 2 2 62 33 2 2 3 2 2 2 1 1 1 2 3 1 3 4 104 45 71 170 151 76 306 238 92 155 119 99 39 76 387 0 53 196 71 283 4 2 0 35 0 0 3 43 2 0 0 6 18 0 4 0 4 0 0 0 0 0 0 0 0 0 0 0 0 0 0 0 0 0 0 0 0 0 0 0 0 0 0 0 1 0 0 0 0 0 0 0 0 0 0 0 0 0 0 0 39 22 29 47 25 0 0 30 17 12 15 0 6 0 61 0 32 18 0 0 0 0 0 0 0 0 0 0 2 0 0 0 0 0 0 0 0 0 0 0 0 0 0 0 5 0 0 0 0 0 0 0 0 0 0 0 0 0 0 0 0 0 0 0 0 0 0 0 0 0 0 0 0 0 0 0 0 0 0 0 24 0 12 20 28 0 0 11 8 36 16 2 24 29 8 11 0 26 0 1 0 0 0 0 0 0 0 25 0 0 0 0 8 0 0 0 0 0 0 13 0 0 14 0 0 0 0 0 0 0 0 11 0 1 0 0 0 0 0 0 0 0 2 1 0 23 0 1 0 0 0 0 0 0 0 0 0 0 0 0 0 0 0 0 8 0 0 22 0 0 
 0 0 0 0 0 0 0 60 0 0 0 0 0 0 0 0 0 2 0 0 0 0 0 2 0 2 0 0 0 0 0 3 0 0 0 0 0 0 0 0 177 136 95 263 131 42 104 97 86 168 134 123 130 42 99 53 0 88 124 48 0 0 0 0 0 0 0 0 0 0 0 0 0 0 0 48 0 0 0 0 0 0 0 0 0 0 0 0 0 0 0 0 0 0 0 0 0 0 0 0 0 0 0 0 0 17 0 0 0 0 0 0 0 0 0 0 0 0 0 9 21 0 1 0 21 9 17 22 18 27 0 21 0 52 2 22 11 2 20 0 0 0 0 0 0 0 0 0 0 0 0 5 0 0 0 0 0 0 0 0 0 26 4 0 0 0 0 0 0 0 0 0 0 0 0 0 0 0 0 0 0 0 0 0 0 0 0 0 0 0 0 0 0 0 0 0 0 0 0 0 25 16 85 10 2 8 12 13 28 0 9 31 2 45 51 23 11 32 0 12 0 0 0 0 0 0 0 0 0 0 0 0 0 0 0 0 0 0 3 1 0 0 0 0 0 0 0 0 0 0 0 6 0 0 0 0 0 0 0 0 0 0 0 0 0 1 1 0 1 0 0 0 0 0 0 0 0 0 0 0 0 0 0 0 26 0 0 0 2 0 
 0 0 0 0 0 6 0 0 0 0 0 0 0 0 0 4 0 0 0 0 0 0 0 0 2 0 0 0 2 29 0 0 0 0 0 0 2 0 0 0 164 45 86 132 118 50 38 51 86 126 198 155 31 38 111 196 88 0 22 33 51 0 0 0 0 0 10 2 1 0 0 0 21 54 0 0 57 0 47 5 0 0 0 0 0 0 0 0 0 0 0 0 0 0 0 0 0 0 0 0 0 0 0 0 0 1 0 0 0 0 0 0 0 0 0 0 0 0 0 0 0 21 7 36 20 19 14 50 19 15 0 0 0 0 17 27 0 26 0 0 10 0 10 0 4 0 1 0 0 0 8 21 5 0 8 10 0 0 32 3 0 0 0 0 0 0 0 0 0 0 0 0 0 5 0 0 0 0 0 0 0 0 0 0 0 0 0 0 0 0 0 0 0 1 0 0 0 0 0 0 22 19 3 3 8 38 10 13 9 22 2 19 20 29 1 0 0 0 0 20 0 0 0 9 2 0 24 4 35 0 1 1 17 6 0 10 7 0 31 0 0 0 0 0 0 0 0 0 0 0 0 3 0 0 0 0 0 0 0 16 0 0 61 64 2 0 0 2 0 0 0 0 0 0 0 0 0 0 0 0 0 0 0 0 0 9 0 21 2 0 
 0 0 2 4 0 0 0 0 0 0 0 0 0 0 0 0 0 0 1 0 0 0 62 0 69 1 5 1 2 1 24 0 0 0 0 0 35 0 0 0 176 77 32 99 280 47 57 111 76 52 29 34 407 134 197 71 124 22 0 296 0 0 0 2 0 0 0 0 0 0 2 0 1 0 2 0 200 0 0 56 0 0 0 0 0 0 0 0 0 0 0 0 0 0 0 0 0 0 0 0 18 0 1 0 0 25 0 0 39 0 0 2 0 0 0 7 3 0 19 0 23 7 26 1 0 0 23 20 3 6 0 9 6 31 14 18 1 13 44 0 0 0 0 9 6 0 0 0 0 0 0 0 0 0 0 0 0 0 1 0 0 5 4 0 0 0 0 0 0 0 0 0 0 0 0 0 0 0 0 0 0 3 9 0 0 5 0 0 0 0 6 0 0 0 0 11 0 0 0 0 12 19 26 8 27 0 0 11 64 11 6 25 17 1 12 22 16 17 4 0 0 0 0 0 0 0 0 0 0 0 0 0 0 0 19 0 0 0 0 0 0 0 0 0 0 0 0 0 0 0 0 11 0 2 0 0 0 64 0 2 0 0 0 0 1 0 0 0 0 0 0 0 0 0 0 0 0 0 0 0 0 11 4 0 7 0 0 0 0 0 
 0 0 1 0 0 0 0 0 2 0 0 0 0 0 0 0 0 0 0 3 0 0 63 76 58 63 0 2 0 62 67 133 0 0 0 0 63 0 0 2 40 130 152 54 91 110 383 73 59 81 60 24 72 214 313 283 48 33 296 0 0 0 0 1 0 0 0 0 2 1 0 0 51 0 0 0 0 0 0 0 0 0 0 0 0 0 0 0 0 0 0 0 0 0 0 0 0 0 0 0 0 0 3 10 10 16 0 0 18 0 22 0 0 0 0 0 0 0 1 0 10 14 10 11 0 0 7 0 0 38 0 42 33 1 0 0 9 0 13 34 0 0 0 0 0 0 0 0 3 7 11 0 0 0 0 0 0 0 0 0 0 0 0 0 0 0 0 0 13 0 0 0 0 18 0 0 0 0 0 0 0 0 0 12 27 18 0 0 0 10 9 44 0 0 0 0 0 8 0 0 46 16 12 0 0 0 14 28 0 54 0 0 9 0 0 0 0 9 31 16 0 0 0 0 0 6 0 0 0 0 13 63 0 0 0 0 0 0 0 0 0 0 0 0 12 0 0 0 0 0 0 3 0 13 0 0 0 64 0 0 0 10 0 0 2 6 1 0 0 0 0 0 0 0 0 0 0 0 0 0 0 1 0 0 0 0 0 0 2 0 
 0 0 0 0 0 2 17 0 2 0 0 0 2 0 0 0 0 0 0 0 68 0 0 0 6 2 0 4 0 0 0 0 0 0 0 0 0 0 0 0 0 6 4 0 77 0 3 1 0 2 52 0 3 3 0 4 0 51 0 0 0 317 205 44 92 93 74 163 35 79 84 73 333 175 136 60 61 32 168 205 0 0 0 0 0 0 0 0 0 0 0 0 4 0 10 0 0 0 11 10 0 0 0 0 0 0 0 0 0 0 0 5 0 0 0 0 0 0 0 0 0 0 0 0 0 24 0 0 0 0 0 13 0 0 0 0 21 0 0 0 25 26 11 0 0 8 0 16 0 0 13 0 21 3 52 11 0 0 0 8 0 4 0 0 0 0 0 0 0 0 0 0 0 9 0 0 0 0 0 19 0 0 0 0 0 0 0 0 2 0 0 0 0 0 0 0 0 0 0 0 0 0 0 0 0 34 0 0 0 0 0 0 0 0 0 0 0 0 0 0 11 14 18 1 49 11 16 13 14 0 1 2 21 3 11 3 10 4 34 0 0 0 0 0 0 0 0 0 0 0 0 0 0 0 12 0 0 0 0 2 0 0 12 29 0 0 0 0 0 0 8 0 0 2 2 1 0 0 0 0 0 0 0 0 0 0 0 0 0 0 
