 0 344 89 140 354 104 310 42 126 85 257 103 122 329 172 23 72 113 31 278 79 3 31 3 0 0 0 0 0 0 0 0 0 3 2 0 0 1 1 3 0 0 0 0 0 2 0 3 0 0 0 0 2 2 6 3 0 0 0 0 0 0 0 0 0 0 0 0 5 3 6 0 0 3 0 0 0 0 0 47 14 30 49 19 11 0 27 20 50 0 0 4 11 16 11 0 15 0 11 25 0 0 0 0 0 0 0 0 0 0 15 0 0 0 0 0 0 0 0 0 0 0 0 0 0 0 0 0 0 0 0 0 0 0 0 0 0 0 0 0 0 0 0 0 0 0 0 4 0 0 0 5 23 0 0 0 0 0 0 0 0 19 16 2 27 0 6 21 23 19 21 13 0 6 22 26 9 6 0 1 0 0 0 0 0 0 0 0 0 0 0 0 0 0 0 0 0 0 17 11 0 14 0 0 0 0 0 0 0 0 0 0 0 0 0 0 0 0 0 0 0 0 0 0 0 0 0 0 0 0 0 0 0 0 0 24 0 0 0 0 0 0 0 0 0 2 0 2 2 4 0 7 0 0 0 0 0 0 0 0 11 0 0 0 0 0 0 0 0 0 0 0 0 0 0 10 0 0 0 0 0 0 0 0 0 19 0 1 0 0 
 344 0 270 137 123 37 179 86 265 34 114 343 57 307 412 444 304 201 109 339 2 3 0 3 0 0 0 0 0 0 0 0 147 1 1 2 0 2 0 6 0 0 0 0 0 2 0 3 0 0 0 0 16 2 3 3 0 0 0 0 0 0 0 0 0 0 0 0 0 4 6 49 0 3 0 0 0 0 0 5 0 7 0 51 10 16 0 51 0 11 28 23 8 26 15 10 22 32 43 11 0 0 0 0 0 0 0 19 0 0 0 0 14 0 0 0 0 0 0 0 0 0 0 0 0 0 0 0 0 0 0 0 0 0 0 0 0 0 0 0 0 0 0 0 0 0 0 38 0 0 0 0 0 0 0 0 10 0 0 0 13 1 10 5 10 0 20 1 27 23 0 9 0 10 13 31 10 13 15 11 0 0 0 0 0 0 0 0 6 0 0 0 0 7 0 0 0 0 23 37 0 9 0 0 0 0 0 0 0 0 0 0 0 0 0 0 0 0 0 0 0 0 0 0 0 0 0 0 0 0 16 0 0 0 0 11 0 0 0 0 0 0 0 0 0 3 0 0 0 0 16 2 0 0 0 0 0 0 0 0 0 0 0 0 0 0 0 0 0 0 0 0 0 0 0 0 7 15 0 0 0 0 0 0 0 0 0 0 0 0 
 89 270 0 271 158 281 64 167 208 48 331 134 109 48 68 364 340 402 129 46 3 3 0 3 0 0 0 0 0 2 0 0 74 2 1 0 0 2 72 0 0 0 0 0 0 2 0 3 1 0 0 1 2 2 3 56 0 0 0 0 0 0 0 0 0 50 0 0 0 3 0 0 0 51 0 0 0 0 0 0 0 6 1 30 12 13 0 0 0 0 8 14 0 0 38 8 0 48 0 72 0 0 0 0 0 0 0 0 0 0 0 0 9 17 10 10 0 10 32 0 0 0 0 0 0 0 0 0 0 0 0 0 0 0 0 0 0 0 0 0 0 0 0 0 0 0 0 9 0 0 0 0 0 0 0 0 0 0 0 0 32 36 11 15 19 6 5 22 17 1 29 65 11 19 12 28 1 0 0 14 0 0 0 0 0 0 0 0 0 0 0 0 0 0 0 0 0 0 1 11 0 11 0 0 0 0 0 0 0 0 0 0 0 18 0 0 0 0 9 0 0 0 0 0 0 0 0 0 0 0 0 0 0 0 0 0 0 0 0 0 0 11 0 0 0 0 2 2 3 1 0 10 0 0 0 0 0 0 0 0 0 0 1 0 0 0 0 0 0 0 0 0 0 0 0 0 31 11 0 0 0 0 0 0 0 0 0 0 0 0 
 140 137 271 0 413 20 408 158 480 57 153 85 133 198 294 146 257 136 75 61 2 5 0 3 0 2 75 78 0 0 0 2 78 1 3 2 0 0 1 27 1 1 0 2 0 2 0 3 0 2 0 0 2 7 2 3 1 1 0 0 0 0 0 0 0 0 0 0 0 4 0 50 0 3 0 0 0 0 0 9 0 6 0 44 9 11 0 0 13 0 8 17 0 0 10 12 0 13 0 0 17 36 0 0 0 0 0 0 0 0 0 0 20 22 12 20 0 17 29 9 0 0 0 0 0 0 0 0 0 0 0 0 0 0 0 0 0 0 0 0 0 0 0 0 0 0 0 4 2 0 0 0 4 0 0 0 0 0 0 0 15 10 0 3 9 18 5 9 17 0 0 52 0 1 0 23 0 15 0 0 1 11 0 0 0 0 21 16 0 0 0 0 6 0 0 0 0 0 24 0 0 11 0 0 0 2 10 0 0 2 0 2 0 0 0 0 0 0 0 0 0 0 0 0 0 0 0 0 0 0 0 0 0 0 0 0 0 0 0 0 0 2 0 0 0 6 0 0 95 4 2 12 0 0 0 0 0 0 72 0 3 0 0 0 0 0 0 0 0 0 0 0 0 0 0 13 19 15 0 0 0 0 0 0 0 0 0 0 0 0 
 354 123 158 413 0 365 310 176 166 162 137 431 129 155 438 263 82 44 70 141 3 3 0 212 0 0 0 0 0 61 0 0 73 2 2 0 0 1 0 0 0 0 0 0 0 2 0 3 0 0 0 2 2 4 2 3 0 0 0 0 9 0 0 0 0 0 0 0 0 3 5 0 0 3 0 60 0 0 0 0 32 16 9 1 11 0 1 12 81 13 22 21 0 37 0 19 1 18 0 1 0 0 0 0 0 0 0 0 0 0 1 0 24 18 9 9 0 9 20 0 0 0 0 2 0 0 0 0 0 0 14 0 0 0 2 1 0 0 0 0 0 0 0 0 0 0 0 4 0 0 0 0 6 0 0 0 0 0 0 0 0 20 9 19 59 6 8 32 0 18 37 13 0 12 0 18 22 7 2 0 0 0 0 0 0 0 0 0 7 0 0 0 0 0 0 0 0 0 36 26 0 9 0 0 0 0 0 0 0 0 0 0 0 18 0 0 12 0 0 0 0 0 0 0 0 0 0 0 8 0 0 0 0 0 0 0 0 0 0 0 0 0 0 0 0 3 1 0 4 93 1 15 0 0 0 0 0 0 0 0 0 0 9 0 0 0 0 0 0 0 0 0 0 0 0 9 43 0 0 0 0 0 0 0 0 0 0 0 0 0 
 104 37 281 20 365 0 39 26 139 138 84 62 20 45 60 72 75 230 75 341 154 3 73 78 0 0 75 75 1 94 0 0 0 2 2 1 77 2 147 0 0 0 0 0 0 3 0 2 0 0 0 0 2 2 2 3 0 0 0 0 0 0 0 1 0 0 0 0 43 3 3 0 0 3 0 0 0 0 0 44 0 14 0 29 0 18 50 0 10 12 0 8 0 10 17 15 23 17 0 0 1 0 1 0 0 0 10 16 0 19 22 0 13 17 0 11 9 11 26 16 0 0 0 0 0 0 0 0 0 0 0 0 0 0 0 0 0 0 0 0 0 0 0 0 1 0 0 0 0 0 5 10 0 15 0 0 0 0 0 0 0 13 31 3 47 1 0 13 0 14 4 17 0 0 16 8 22 0 0 3 50 12 14 1 34 0 32 0 32 0 0 0 9 0 31 0 0 10 6 20 0 8 0 0 0 0 0 0 19 0 0 0 0 0 0 27 0 0 39 0 0 0 0 0 0 0 0 0 0 0 0 0 0 0 0 17 0 0 0 0 0 20 0 0 0 94 85 1 1 1 0 10 0 0 0 0 0 0 0 0 7 0 0 0 0 0 0 0 0 0 0 0 0 0 0 0 0 0 0 0 0 0 0 0 0 0 0 0 0 0 
 310 179 64 408 310 39 0 82 153 54 23 45 173 258 135 253 111 50 355 259 2 5 0 3 0 0 0 0 1 0 0 0 0 2 1 0 0 0 0 0 0 0 0 0 0 2 0 3 0 0 0 0 2 2 2 3 0 0 0 0 0 0 0 2 0 0 0 0 0 3 0 0 3 3 0 0 26 0 0 0 0 10 9 2 10 0 0 6 21 0 0 0 27 0 13 0 18 0 3 0 0 0 0 0 0 0 0 0 0 0 0 0 0 0 0 0 0 1 0 0 0 0 1 0 0 0 0 0 9 0 0 0 0 0 0 0 10 0 0 2 0 1 0 0 0 0 0 1 1 0 0 0 49 0 0 0 0 2 0 0 2 18 20 1 13 0 29 7 16 0 16 13 0 0 0 12 0 10 28 1 2 0 0 0 0 0 0 26 0 0 15 0 0 0 0 0 0 0 10 0 0 0 0 0 0 0 0 0 0 0 0 1 0 0 2 0 0 0 0 1 0 0 0 0 0 0 0 0 0 0 0 0 2 6 0 0 0 0 0 0 0 1 0 0 0 1 2 0 0 0 0 3 0 0 0 0 0 0 2 0 0 0 0 0 0 0 0 0 0 0 0 0 55 0 0 11 0 2 0 0 0 0 0 0 0 0 0 0 0 0 
 42 86 167 158 176 26 82 0 76 341 62 250 75 266 254 173 33 39 126 122 3 6 4 3 2 0 0 1 5 0 5 3 75 2 2 4 0 2 72 0 0 0 3 2 5 3 3 1 0 0 2 0 2 4 2 8 2 0 0 3 0 0 12 1 1 2 1 0 0 14 3 0 0 3 4 1 10 8 0 3 27 21 8 34 1 0 0 14 5 26 21 14 0 2 1 40 0 70 0 15 0 0 0 0 0 0 0 0 0 0 0 0 22 2 0 0 0 0 2 0 0 0 0 0 0 0 0 0 0 0 14 0 0 0 0 0 0 0 0 0 0 0 0 0 0 12 0 0 0 0 0 0 0 0 0 0 0 0 0 0 0 17 0 8 13 27 3 24 0 11 95 0 0 15 15 21 20 0 0 0 0 0 0 0 0 0 26 0 0 0 0 0 18 0 0 0 0 0 28 22 2 9 0 0 0 0 0 0 0 0 0 0 0 24 0 0 0 0 0 0 0 0 0 0 0 0 0 0 0 0 0 0 0 0 0 0 0 0 0 0 0 0 0 0 0 0 87 0 2 102 0 17 0 0 0 0 0 0 0 0 0 0 12 0 0 0 0 0 0 0 0 0 0 4 4 16 9 0 0 0 0 0 0 0 0 0 0 0 0 0 
 126 265 208 480 166 139 153 76 0 263 53 215 82 83 586 152 41 177 160 304 2 3 0 3 0 0 0 0 0 4 0 0 74 2 1 0 0 1 0 0 0 0 0 0 0 5 3 3 0 0 0 3 4 2 2 3 3 0 0 0 0 0 3 0 0 0 0 0 2 3 0 0 0 52 0 8 0 0 1 0 3 17 1 59 21 23 8 19 28 0 32 29 14 34 8 24 48 46 15 41 0 0 0 0 0 0 0 0 0 2 0 1 15 0 0 0 0 0 0 8 0 0 0 3 0 0 0 0 0 0 0 0 2 4 0 0 0 0 0 0 0 0 0 0 0 0 0 11 0 0 0 0 0 0 0 0 0 0 0 0 36 22 8 5 19 0 59 32 28 7 1 18 0 43 1 19 0 38 0 10 0 0 1 0 0 0 1 0 0 0 0 0 0 7 0 0 0 0 0 45 0 9 0 0 0 0 0 0 0 0 0 0 0 0 0 0 0 15 0 0 0 0 12 0 10 0 8 0 0 0 0 0 0 0 14 0 0 12 0 0 0 0 0 0 0 2 0 0 0 89 0 6 1 0 0 0 0 0 0 0 0 0 0 0 0 0 0 0 0 0 0 0 0 0 0 0 7 12 0 0 0 0 0 0 0 1 0 0 0 0 
 85 34 48 57 162 138 54 341 263 0 474 359 61 68 211 377 229 157 66 97 2 5 0 3 1 1 0 0 0 0 0 0 73 25 3 1 2 1 66 61 0 0 0 62 0 2 0 60 0 0 0 0 2 2 2 3 0 0 0 0 0 0 0 0 0 0 0 0 5 3 6 0 0 3 0 0 0 0 0 0 14 24 21 24 18 18 26 11 30 1 33 28 0 26 10 9 47 5 0 0 10 0 0 0 0 0 1 2 1 0 0 0 0 39 0 0 0 0 34 66 0 0 0 0 0 0 0 0 0 0 0 2 0 0 0 0 0 0 2 0 0 0 0 7 0 0 2 0 0 0 5 0 0 0 0 0 0 0 0 0 0 18 7 17 26 0 2 28 0 41 0 1 0 9 10 12 60 0 11 0 24 0 20 0 0 0 35 0 0 3 0 0 39 14 0 0 0 23 21 24 0 0 13 0 0 0 0 0 0 0 18 0 0 0 0 17 0 0 0 0 2 0 0 0 0 0 0 0 0 0 0 0 0 0 0 2 0 0 2 0 0 0 0 0 0 0 1 0 1 7 10 10 0 0 0 0 0 0 0 0 0 0 16 0 0 0 0 0 0 0 0 0 0 2 0 0 11 0 0 0 0 0 0 0 0 0 0 0 0 0 
 257 114 331 153 137 84 23 62 53 474 0 143 42 31 57 179 146 265 28 143 2 3 0 5 0 0 0 3 0 0 0 209 134 75 76 0 0 3 93 149 0 0 0 0 0 4 0 2 0 0 0 0 2 2 2 3 0 0 0 0 0 0 0 0 0 0 0 0 0 51 4 0 0 3 0 0 0 0 0 8 0 1 1 0 5 19 0 0 0 34 7 7 0 0 2 1 1 9 0 0 6 0 10 0 0 0 20 0 9 0 1 0 15 47 16 0 0 0 32 50 0 0 0 0 0 0 1 0 0 18 0 0 0 0 0 0 0 0 0 0 0 0 0 5 0 0 0 0 0 0 6 0 0 2 0 0 0 0 0 0 0 1 1 18 0 0 0 8 0 14 16 8 6 0 0 21 17 15 3 1 29 1 19 0 0 0 16 28 45 0 0 0 45 0 0 0 16 10 13 8 1 0 0 0 0 0 0 0 0 0 0 0 0 13 0 14 9 0 1 0 0 0 0 0 0 0 0 0 0 0 0 0 0 0 0 0 0 0 0 0 0 10 0 0 0 0 86 0 4 0 0 2 0 0 0 0 0 0 0 0 0 0 1 0 0 0 0 0 0 0 0 0 0 0 0 0 0 0 0 0 0 0 0 0 0 0 0 0 0 0 
 103 343 134 85 431 62 45 250 215 359 143 0 59 123 146 49 159 266 229 41 113 3 0 3 0 0 0 0 2 0 0 0 93 75 0 0 0 1 77 73 0 0 0 32 0 6 0 3 0 0 0 0 2 2 3 3 3 0 0 0 0 0 0 0 0 0 0 0 1 3 8 0 0 3 0 0 0 0 0 0 0 23 8 28 62 9 15 0 11 32 2 17 0 27 0 14 28 1 0 0 11 15 13 10 0 0 0 1 0 0 0 0 1 37 9 9 0 4 38 24 2 1 0 0 0 0 0 0 0 1 0 0 0 0 0 0 0 0 0 0 0 0 0 0 8 0 0 0 0 0 0 0 16 0 0 0 0 0 0 0 0 0 7 31 37 26 6 10 0 15 15 15 0 0 0 10 12 2 0 0 15 0 0 0 1 0 35 18 0 0 0 0 0 14 0 0 0 3 1 47 0 0 0 0 0 0 0 0 0 0 0 0 0 0 0 2 0 2 0 0 0 0 0 0 0 1 0 0 0 0 0 0 0 0 0 0 0 0 0 0 0 5 0 0 0 0 88 0 85 5 0 0 0 0 0 0 0 0 0 0 0 0 2 0 0 0 0 0 0 0 0 0 0 0 0 12 12 0 0 0 0 0 0 0 0 0 0 0 0 0 
 122 57 109 133 129 20 173 75 82 61 42 59 0 257 269 49 146 49 294 320 2 3 1 3 0 0 0 0 0 0 0 0 2 2 2 0 0 4 0 0 0 0 0 0 0 3 0 2 61 0 0 0 2 2 2 3 0 0 0 0 0 0 0 0 0 0 0 50 0 3 0 0 0 3 0 0 0 0 0 0 28 8 33 2 0 0 28 33 10 8 0 3 4 10 2 0 17 0 32 33 0 0 0 0 0 2 0 0 0 0 0 0 0 0 0 0 0 0 1 0 0 0 0 0 0 0 0 0 0 0 13 0 0 2 0 2 1 0 0 0 0 0 0 0 0 2 0 0 0 11 0 0 0 0 0 0 9 0 0 18 0 0 4 0 0 0 0 0 33 0 0 0 33 25 14 16 0 0 13 36 0 0 0 0 0 0 0 0 0 0 0 0 0 7 0 0 0 0 0 0 0 0 0 2 0 0 0 0 0 0 0 0 0 0 0 0 0 0 0 0 0 0 0 0 0 0 7 0 0 0 0 0 0 0 0 0 0 0 0 0 0 0 0 0 0 0 0 0 1 87 1 9 0 18 0 0 0 0 0 0 0 0 0 0 0 0 0 0 0 0 0 0 0 0 0 0 0 8 0 0 0 0 0 0 0 0 0 0 0 1 
 329 307 48 198 155 45 258 266 83 68 31 123 257 0 153 240 58 245 196 158 4 3 0 3 0 42 0 0 2 2 0 0 3 3 6 0 0 2 0 0 0 0 0 3 0 2 2 3 1 0 0 3 2 5 3 3 0 3 1 2 0 0 0 0 2 0 0 0 0 5 0 0 0 3 0 2 11 0 0 0 22 9 6 0 0 0 20 0 28 0 0 0 0 3 1 0 14 0 0 21 0 0 0 0 0 1 0 0 0 0 0 0 0 0 0 0 0 0 2 0 0 0 0 0 0 0 0 0 0 0 0 0 0 0 0 0 0 0 0 0 0 0 0 0 0 1 0 0 0 0 10 0 44 0 0 0 0 0 0 0 0 0 22 23 10 20 9 0 24 0 17 7 0 0 0 12 0 11 23 1 0 0 0 13 0 0 0 0 0 0 0 0 0 0 0 0 0 0 18 0 0 0 2 0 0 0 0 0 0 0 0 0 0 0 0 0 0 0 0 0 0 0 0 0 2 0 0 0 0 0 0 0 0 0 1 0 0 0 0 0 0 0 0 0 0 0 2 0 2 0 2 4 0 0 0 0 0 0 0 0 0 2 0 0 0 0 0 0 0 0 0 0 0 0 0 4 0 0 0 0 0 0 0 0 0 0 0 0 0 0 
 172 412 68 294 438 60 135 254 586 211 57 146 269 153 0 376 161 134 74 355 2 3 0 3 0 1 0 0 2 0 0 0 1 1 1 0 74 2 72 0 0 0 0 0 0 2 0 3 0 0 0 0 2 2 2 3 0 1 0 0 0 0 0 0 0 0 0 0 2 3 4 0 0 3 0 2 0 0 0 0 13 28 14 124 0 0 16 44 27 0 25 8 0 22 2 30 14 15 46 0 0 0 0 0 0 0 11 2 0 0 0 0 11 0 0 0 0 0 0 2 0 0 0 3 0 0 0 0 0 0 0 2 0 0 0 0 0 0 2 0 0 0 0 0 0 0 2 0 0 0 0 0 1 0 0 0 0 0 0 0 0 14 8 14 23 20 76 43 0 14 11 1 0 17 33 11 21 20 0 11 0 0 0 0 0 0 2 0 0 0 0 0 0 0 0 0 0 0 25 10 0 12 0 0 0 0 0 0 0 0 0 0 0 0 0 0 0 0 0 0 2 0 0 0 0 0 0 0 0 0 0 0 0 0 0 2 0 0 2 0 0 0 0 0 0 1 2 0 1 20 15 7 0 0 0 0 0 0 0 0 0 0 11 0 0 0 0 0 0 0 0 0 0 2 0 45 9 0 0 0 0 0 0 0 0 0 0 0 0 0 
 23 444 364 146 263 72 253 173 152 377 179 49 49 240 376 0 118 223 31 282 2 3 2 3 0 0 0 0 0 1 0 0 101 76 0 1 0 2 158 148 0 0 0 0 0 2 0 3 0 0 0 0 2 2 2 3 0 0 0 0 0 0 0 0 0 0 0 0 0 3 4 0 0 3 0 0 0 1 1 11 15 0 0 23 12 9 0 0 0 61 8 16 0 0 0 29 25 25 0 1 0 0 0 0 0 0 0 18 0 0 0 0 14 70 0 2 0 0 111 32 0 0 0 0 0 0 0 0 0 0 0 0 0 0 0 0 0 0 0 0 0 0 2 0 0 0 0 0 0 0 36 0 0 0 0 0 0 0 0 0 0 16 2 20 9 10 18 7 0 0 16 10 0 19 16 16 14 12 0 0 16 1 0 0 0 0 19 60 12 0 10 0 13 55 0 0 0 4 32 64 0 0 0 0 0 0 0 0 0 0 0 0 0 23 0 14 0 0 0 0 0 0 0 0 0 0 0 0 0 0 0 0 0 0 0 0 0 0 0 0 0 0 0 0 0 0 88 0 1 0 0 17 0 0 13 0 0 0 0 0 0 0 3 0 0 0 0 0 0 0 0 0 0 0 0 0 0 0 0 0 0 0 0 0 0 0 0 0 0 0 
 72 304 340 257 82 75 111 33 41 229 146 159 146 58 161 118 0 84 327 49 3 5 3 3 0 0 1 6 3 6 4 2 35 2 2 1 81 10 0 74 7 7 0 13 0 2 11 15 0 0 0 3 2 2 3 3 0 0 0 0 0 0 0 0 0 6 0 0 0 3 2 3 0 3 4 0 9 0 0 5 0 46 30 29 7 0 13 33 32 27 24 11 28 6 20 33 16 0 36 0 0 0 1 0 0 0 0 0 0 0 0 0 13 29 0 4 0 0 27 21 0 0 0 0 0 0 0 0 0 0 0 0 0 0 0 0 0 0 0 0 0 17 0 0 0 0 0 0 0 0 14 0 0 0 0 0 0 0 0 0 0 19 0 12 1 0 0 0 0 10 12 10 0 0 16 0 9 46 21 9 15 0 0 0 0 0 17 15 10 0 0 0 14 0 0 0 0 0 12 10 12 0 0 0 0 0 0 0 0 0 0 0 0 0 0 14 0 0 9 0 0 0 0 1 0 0 1 0 0 0 0 0 0 0 0 0 0 0 0 0 0 0 7 0 0 3 85 0 1 1 18 7 0 0 0 0 0 0 0 0 0 0 0 0 0 0 0 0 0 0 0 0 0 2 0 0 0 0 0 0 0 0 0 0 0 0 0 0 0 0 
 113 201 402 136 44 230 50 39 177 157 265 266 49 245 134 223 84 0 27 34 1 3 0 3 0 0 0 9 0 2 76 0 235 47 1 0 2 1 18 17 0 0 0 0 0 3 16 1 0 0 0 0 2 2 2 3 0 2 0 0 0 0 0 1 0 0 0 0 0 3 3 0 0 3 0 0 0 0 0 0 0 1 0 0 24 63 0 0 13 74 0 56 0 16 30 1 15 41 0 8 7 0 0 0 0 0 1 0 0 0 0 0 0 14 0 0 13 0 27 8 0 0 0 0 0 0 0 0 2 0 0 0 0 0 0 0 0 0 0 0 0 0 2 0 0 0 0 7 0 0 0 0 0 0 0 0 10 0 0 0 15 34 33 20 12 0 1 31 16 19 31 50 0 27 0 34 22 0 2 0 14 2 13 0 0 0 35 26 7 0 0 0 15 8 0 0 0 17 4 35 0 0 0 0 0 0 0 0 0 0 0 0 0 22 0 0 0 15 18 0 35 0 0 0 0 0 0 0 7 0 0 0 0 0 0 0 0 0 0 0 0 5 0 0 0 3 1 0 2 0 1 31 0 0 0 0 0 1 0 0 0 0 0 0 0 0 0 0 0 0 0 0 0 0 0 0 0 17 0 0 0 0 0 0 0 0 0 0 0 0 
 31 109 129 75 70 75 355 126 160 66 28 229 294 196 74 31 327 27 0 305 8 3 0 74 2 37 1 0 3 0 0 2 0 1 2 0 0 3 4 0 0 0 0 0 0 0 0 0 0 0 0 0 0 0 0 0 0 0 0 0 0 0 0 0 0 0 0 0 0 3 3 0 0 0 0 0 5 0 0 1 0 10 0 0 0 0 13 9 33 0 2 6 31 19 19 0 0 25 0 59 0 0 0 0 0 0 0 0 0 0 0 0 0 0 0 0 0 0 0 0 0 0 0 0 0 0 0 0 0 0 0 0 0 0 0 0 0 0 0 0 0 0 0 1 0 0 0 0 0 0 0 0 0 9 0 0 3 0 0 0 37 0 0 0 15 0 1 0 1 4 0 0 15 23 0 1 1 17 25 24 0 0 0 0 0 0 0 0 0 0 0 0 0 0 0 0 0 0 0 0 0 0 5 0 0 0 0 0 0 0 2 14 0 0 0 0 0 0 0 0 0 0 0 0 0 0 0 0 0 0 0 0 0 0 0 0 0 0 0 0 0 0 0 0 0 0 2 2 0 2 0 7 0 2 0 0 0 0 0 0 0 2 1 0 0 0 0 0 0 0 0 0 0 0 0 0 0 1 0 0 0 0 0 0 0 0 0 0 0 0 
 278 339 46 61 141 341 259 122 304 97 143 41 320 158 355 282 49 34 305 0 1 3 0 3 0 0 1 0 2 201 0 0 0 0 2 0 0 2 2 0 0 0 0 0 0 4 0 2 0 0 0 0 2 2 2 3 2 0 0 0 0 0 4 1 0 0 0 0 48 3 0 0 0 3 0 0 13 0 0 0 12 0 13 0 0 0 26 26 38 0 0 0 22 8 8 0 10 0 10 10 0 0 0 0 1 0 0 0 0 0 0 0 0 0 0 0 0 0 0 0 0 0 0 0 0 0 0 0 0 0 0 0 0 0 0 0 0 0 0 0 0 0 0 0 0 0 0 0 0 0 0 0 2 0 0 0 2 0 0 0 0 0 22 0 0 0 11 0 15 0 0 0 0 1 9 13 0 0 16 14 0 0 0 0 0 0 0 0 0 0 0 0 0 0 0 0 0 0 0 0 0 0 0 0 0 0 0 0 0 9 0 0 0 11 0 0 0 0 0 0 0 0 0 0 0 0 0 0 0 0 0 0 0 0 0 0 0 0 0 0 0 0 0 0 0 0 0 0 3 0 0 11 0 0 0 0 0 0 0 0 0 0 0 1 0 0 0 0 0 0 0 0 0 0 0 0 0 0 0 0 0 0 0 0 0 0 0 0 0 0 
 79 2 3 2 3 154 2 3 2 2 2 113 2 4 2 2 3 1 8 1 0 134 339 304 127 47 335 494 330 409 203 58 65 136 279 106 146 59 53 62 0 0 0 0 0 7 3 0 0 0 0 3 1 0 7 0 0 2 66 0 0 2 3 0 0 3 0 0 2 3 3 0 0 0 0 3 5 0 2 43 0 0 0 0 44 27 0 0 0 19 0 0 0 0 0 0 0 0 0 0 12 1 13 60 0 0 33 15 12 20 38 32 11 0 61 20 0 37 0 18 0 0 1 0 0 0 0 0 0 0 0 0 21 0 0 0 0 0 24 14 14 0 0 0 0 0 0 0 3 0 0 21 0 0 0 0 0 0 1 0 0 0 0 2 0 68 0 0 0 1 0 0 0 0 2 0 0 0 0 0 3 47 16 70 0 0 2 54 25 0 25 14 0 20 36 36 4 2 0 8 0 19 0 0 0 0 0 0 0 0 0 0 0 18 0 0 0 0 40 0 0 0 0 0 0 0 0 2 0 0 0 0 0 11 21 12 0 0 0 0 0 0 0 0 0 0 72 0 0 0 0 0 0 0 5 0 2 1 1 0 35 20 0 0 0 0 15 0 0 16 0 2 0 0 0 14 0 0 0 0 0 0 0 0 0 0 0 8 0 0 
 3 3 3 5 3 3 5 6 3 5 3 3 3 3 3 3 5 3 3 3 134 0 190 157 331 49 57 104 250 200 35 24 38 95 393 256 210 118 240 167 0 0 0 0 0 3 66 0 0 0 0 3 67 0 0 0 4 0 126 0 0 2 3 0 0 1 0 0 0 0 0 0 0 0 0 3 2 0 2 0 0 0 0 0 0 0 0 0 0 0 0 0 0 0 0 0 0 0 0 0 0 14 0 3 27 31 0 17 21 79 9 9 0 0 0 30 7 19 0 0 20 0 0 0 0 0 10 0 1 0 0 0 19 13 0 0 1 0 34 30 4 0 0 0 0 0 11 0 0 0 0 0 0 1 0 0 0 0 5 0 0 0 0 0 2 0 0 0 0 0 0 0 0 0 0 0 0 0 0 0 7 0 0 8 0 12 0 43 0 18 73 30 0 12 17 43 19 27 0 0 64 13 0 0 0 2 0 0 0 0 0 0 0 10 0 2 13 0 20 16 0 0 0 0 0 0 0 0 0 0 0 0 0 0 0 1 0 0 0 0 0 0 0 0 0 0 0 0 0 0 0 0 0 0 9 0 0 95 77 0 5 54 0 0 0 0 0 0 0 0 0 0 0 0 0 0 0 0 0 13 0 1 0 0 0 21 0 0 0 0 
 31 0 0 0 0 73 0 4 0 0 0 0 1 0 0 2 3 0 0 0 339 190 0 183 73 38 267 149 221 96 142 21 126 69 316 133 38 37 213 117 0 0 0 0 4 3 3 0 0 0 0 3 0 0 0 2 0 0 0 0 0 2 3 0 2 33 0 0 0 0 0 0 0 0 0 3 2 0 2 0 0 0 2 0 0 0 0 0 0 0 0 0 0 0 0 0 0 0 0 0 28 14 32 0 26 0 12 18 1 75 7 27 0 0 15 23 47 12 0 18 0 0 0 0 0 0 10 0 0 38 0 0 0 0 0 0 0 0 11 30 0 15 0 0 0 0 0 0 0 0 0 0 0 0 0 0 9 0 0 0 0 0 10 0 0 0 0 0 0 0 0 0 3 0 0 0 0 0 22 2 25 32 11 18 9 22 0 21 7 16 15 9 19 27 16 34 22 27 11 0 20 0 0 0 0 11 0 9 0 0 0 0 0 0 0 0 0 0 4 0 0 0 0 0 0 0 0 0 0 0 0 0 0 0 0 0 0 0 0 0 0 0 9 0 0 0 0 0 38 0 0 0 0 0 2 0 2 84 4 0 0 0 0 0 0 0 0 0 0 0 0 0 0 0 0 0 0 0 0 0 0 65 0 0 0 16 0 0 0 0 
 3 3 3 3 212 78 3 3 3 3 5 3 3 3 3 3 3 3 74 3 304 157 183 0 162 349 57 84 238 109 171 125 64 155 104 203 193 211 296 148 0 0 0 0 0 3 3 0 0 0 1 2 0 0 0 69 0 0 146 0 0 3 3 0 0 0 4 10 0 0 0 0 0 0 0 3 2 0 2 0 0 0 0 0 0 0 0 0 12 0 0 0 2 0 0 0 0 0 0 0 17 10 13 1 25 43 0 8 10 66 23 1 0 0 1 31 20 18 0 13 17 25 0 1 0 0 10 8 27 0 1 0 1 11 17 23 0 1 13 12 3 0 0 0 2 0 6 0 0 0 0 0 0 0 0 0 0 0 4 0 0 1 4 0 0 0 0 0 0 37 0 0 0 0 0 0 0 0 0 4 1 15 0 42 17 30 0 10 0 34 11 11 0 0 18 13 9 16 0 0 17 18 0 0 0 0 0 0 0 9 0 12 30 24 0 2 13 3 56 24 0 0 0 0 2 0 0 0 0 0 0 0 0 22 0 0 0 0 0 0 0 0 0 0 0 2 0 0 0 0 0 0 0 0 2 0 2 1 78 0 2 15 0 0 0 0 0 0 0 0 0 0 0 0 0 0 0 0 0 0 0 0 0 0 0 10 0 0 0 0 
 0 0 0 0 0 0 0 2 0 1 0 0 0 0 0 0 0 0 2 0 127 331 73 162 0 211 487 129 162 164 149 107 64 271 86 348 255 236 54 154 1 0 62 0 0 3 3 190 0 0 0 3 1 0 32 63 0 0 62 66 0 3 2 0 0 3 4 21 0 0 0 0 0 0 0 4 2 0 3 0 0 0 0 0 0 0 0 7 0 0 0 0 0 0 0 0 0 0 0 0 0 0 9 8 29 24 0 10 14 0 0 11 0 0 0 0 1 0 0 0 65 12 13 1 1 0 14 13 19 7 10 22 45 36 35 18 19 0 43 5 0 0 0 4 0 0 0 0 0 3 0 0 2 0 0 0 0 0 0 0 0 0 0 0 0 0 0 0 0 0 0 0 0 0 0 0 0 0 0 0 0 0 0 0 21 42 0 18 0 31 20 2 0 0 0 17 0 0 0 0 13 11 44 0 13 0 38 0 1 20 0 0 12 13 22 8 7 8 11 67 0 0 15 0 0 0 0 14 0 0 0 0 0 0 0 0 0 0 0 0 0 0 0 0 0 0 0 0 0 0 0 0 0 0 16 1 3 0 2 2 6 0 0 0 0 0 0 0 0 0 1 0 0 0 0 0 0 0 0 0 0 0 12 0 12 0 0 0 0 0 
 0 0 0 2 0 0 0 0 0 1 0 0 0 42 1 0 0 0 37 0 47 49 38 349 211 0 140 263 57 150 95 53 36 260 50 154 142 153 52 71 63 0 2 0 0 3 68 0 0 0 62 5 148 0 0 75 102 0 90 95 0 1 3 0 0 2 4 7 0 3 3 0 0 0 0 3 5 0 2 1 0 0 0 0 0 0 0 0 0 2 0 0 0 0 0 0 0 0 0 0 0 0 0 0 32 47 0 0 0 0 12 9 0 0 0 0 0 24 0 0 20 1 14 0 13 0 0 1 21 19 12 0 46 24 1 63 17 0 0 0 0 0 0 0 0 0 0 0 0 0 0 0 2 0 0 0 0 0 0 0 0 0 0 0 0 0 0 0 0 1 0 19 3 0 0 0 2 0 14 0 0 0 0 0 0 34 0 0 0 47 34 0 0 0 0 0 0 0 0 0 23 0 0 1 45 0 47 0 20 0 0 0 2 33 14 12 13 10 23 57 0 0 13 0 0 0 0 0 0 0 0 0 0 0 0 0 0 0 0 0 0 0 0 0 0 0 0 0 0 0 0 0 0 0 5 0 0 123 0 2 1 5 0 0 0 18 0 0 0 0 0 0 0 0 0 0 0 0 0 11 0 0 19 0 8 0 0 0 0 0 
 0 0 0 75 0 75 0 0 0 0 0 0 0 0 0 0 1 0 1 1 335 57 267 57 487 140 0 262 130 201 90 49 150 57 53 29 101 46 119 307 0 0 0 0 0 3 3 0 0 0 0 3 22 0 0 57 0 0 0 0 0 1 3 0 0 48 0 0 0 0 0 0 0 0 0 3 2 0 2 1 22 0 0 0 0 11 0 0 0 0 0 0 0 0 0 21 0 9 2 1 13 23 66 6 0 0 42 27 12 41 12 0 28 7 17 1 2 0 13 66 0 0 0 0 0 0 0 0 0 0 0 0 1 0 0 0 0 2 0 11 0 29 0 0 0 0 0 0 1 19 0 0 0 0 0 0 0 0 0 26 0 0 1 10 1 23 0 9 0 5 0 0 0 0 0 0 1 7 0 0 22 52 8 26 29 32 0 27 0 2 1 9 21 0 25 6 0 18 5 0 0 0 0 0 0 1 0 0 0 0 0 0 0 0 0 0 0 0 8 0 0 0 0 0 0 0 0 0 1 0 0 0 0 13 12 0 0 0 0 1 0 0 0 0 0 0 0 0 0 0 0 0 0 2 16 1 1 89 0 0 46 1 0 0 0 0 0 0 0 0 0 0 0 0 0 11 0 1 0 0 0 14 0 0 0 0 0 0 0 0 
 0 0 0 78 0 75 0 1 0 0 3 0 0 0 0 0 6 9 0 0 494 104 149 84 129 263 262 0 369 47 40 14 170 293 61 42 134 56 152 348 0 0 0 0 0 3 3 0 0 0 0 3 0 0 0 0 0 0 0 0 0 1 3 0 0 31 0 0 0 0 0 0 0 0 0 3 2 0 2 1 0 0 0 0 2 15 0 0 0 0 1 0 0 0 2 0 1 2 0 0 0 38 14 0 0 0 20 23 0 24 20 0 31 36 23 29 11 18 14 11 0 0 0 0 0 0 0 0 0 0 0 0 0 0 0 0 0 0 1 20 0 9 0 0 0 0 0 0 0 0 0 0 0 0 0 0 0 0 0 0 0 0 12 13 0 4 0 0 0 0 0 23 12 0 0 0 0 11 0 4 35 53 31 0 0 10 27 13 30 0 0 0 45 21 19 18 18 14 4 0 0 0 0 0 0 0 0 0 0 0 7 0 0 0 0 0 0 0 0 0 0 0 0 0 0 0 0 0 0 0 0 0 0 0 0 0 0 0 0 0 0 0 0 0 0 0 0 0 81 0 0 0 0 0 16 0 0 80 0 1 2 2 0 0 0 0 0 0 0 0 0 0 0 0 0 3 0 0 0 0 0 13 0 0 0 0 0 0 0 0 
 0 0 0 0 0 1 1 5 0 0 0 2 0 2 2 0 3 0 3 2 330 250 221 238 162 57 130 369 0 223 39 48 81 102 213 151 186 201 263 149 0 0 0 0 1 3 3 0 0 0 0 3 0 0 0 0 6 1 63 0 0 2 3 0 0 1 0 0 0 0 0 0 0 0 0 3 2 0 2 0 0 0 0 0 9 0 0 0 0 0 0 0 0 0 0 0 0 0 0 0 23 0 16 8 10 11 18 22 25 39 18 17 0 0 0 19 15 17 0 8 0 0 0 0 0 5 0 0 0 1 0 0 5 29 0 0 0 0 0 23 9 0 0 0 0 0 7 0 0 0 0 0 0 0 0 0 0 0 29 0 0 0 0 0 0 0 1 0 0 0 0 0 0 0 0 0 0 0 2 0 20 1 10 30 19 16 0 34 0 2 49 27 0 0 27 23 11 22 0 0 24 20 0 0 0 0 0 2 0 0 1 0 0 36 0 0 22 0 18 16 0 0 0 0 0 0 0 0 0 0 0 0 0 0 0 0 1 0 0 0 0 4 0 0 0 0 2 0 0 0 0 0 0 0 22 0 2 0 1 2 0 20 0 0 0 0 8 0 0 0 0 0 0 0 0 0 2 0 0 0 0 1 0 0 0 14 0 0 0 0 
 0 0 2 0 61 94 0 0 4 0 0 0 0 2 0 1 6 2 0 201 409 200 96 109 164 150 201 47 223 0 152 51 41 87 185 244 129 422 173 110 0 0 0 0 5 3 3 0 0 0 0 3 77 0 3 7 3 0 4 64 0 2 3 0 0 2 0 0 0 0 0 0 0 0 0 36 2 0 2 0 0 0 0 0 0 11 0 0 0 0 0 0 0 0 0 20 0 0 0 0 11 0 9 10 27 11 17 11 16 9 0 23 14 0 1 1 8 20 0 0 32 0 1 2 1 0 12 0 0 0 0 1 42 0 21 0 3 0 9 25 0 0 0 1 0 0 0 0 0 5 0 0 0 12 0 0 0 0 0 0 1 0 0 0 0 0 0 0 0 0 0 0 0 0 0 0 0 0 0 0 12 1 0 1 10 10 0 18 13 23 42 3 0 1 6 36 9 12 0 0 22 0 0 0 0 0 17 11 0 0 0 0 0 0 10 0 0 0 0 0 0 0 21 0 0 0 0 0 0 0 0 0 0 0 0 0 0 0 0 0 0 0 11 0 0 0 0 0 0 0 0 0 0 0 8 0 2 0 3 2 2 0 0 0 0 0 0 0 0 0 7 0 0 0 0 0 0 0 0 0 0 21 0 0 0 0 15 0 0 0 
 0 0 0 0 0 0 0 5 0 0 0 0 0 0 0 0 4 76 0 0 203 35 142 171 149 95 90 40 39 152 0 244 42 31 74 184 172 123 32 93 1 0 4 6 0 4 67 4 0 0 0 7 1 0 66 5 1 0 15 0 0 3 2 0 6 5 8 7 0 6 0 0 0 0 0 3 7 0 6 54 0 0 0 0 0 0 0 0 0 2 0 0 0 0 0 2 0 0 0 0 0 15 8 35 16 30 0 11 12 0 14 91 0 0 21 0 29 0 0 0 1 23 10 0 12 0 10 8 21 0 1 1 3 0 14 23 1 0 61 9 6 3 0 1 0 0 0 0 3 0 0 0 1 0 0 0 0 0 0 0 0 0 0 0 0 0 0 0 0 5 0 16 0 0 0 0 0 0 0 0 0 41 0 30 27 54 0 18 11 19 16 6 0 0 4 0 10 1 0 0 17 1 0 0 2 0 19 17 0 9 0 0 35 20 0 2 0 29 32 1 0 0 0 0 0 0 0 0 0 0 0 0 0 0 0 0 0 0 0 0 0 0 0 0 0 0 0 0 0 0 0 0 0 0 7 0 0 79 76 0 31 0 0 0 0 0 0 2 0 0 0 0 0 0 1 0 0 0 0 0 0 0 0 0 0 0 9 0 0 0 
 0 0 0 2 0 0 0 3 0 0 209 0 0 0 0 0 2 0 2 0 58 24 21 125 107 53 49 14 48 51 244 0 44 133 62 26 74 295 39 25 0 0 2 0 0 3 65 0 0 0 0 2 1 61 32 8 0 0 143 0 0 0 3 0 0 1 0 0 0 0 0 0 0 4 0 3 2 6 2 0 0 0 0 0 0 0 11 0 0 0 0 0 0 0 0 0 0 0 0 0 1 11 0 51 0 0 0 11 13 20 26 54 0 0 40 28 0 11 0 0 0 13 16 0 0 0 12 18 8 0 0 0 14 0 9 12 0 0 33 0 11 0 0 0 0 0 0 0 3 0 0 0 0 0 0 0 0 0 3 0 0 3 0 0 0 0 0 0 0 0 0 0 0 0 0 0 6 0 0 0 0 0 0 0 0 0 12 9 33 1 27 28 0 0 34 0 1 3 0 0 0 2 0 0 11 0 45 14 9 9 0 0 26 32 1 35 6 0 21 1 19 0 0 0 0 0 0 0 0 0 0 0 0 0 0 0 0 0 0 0 0 0 0 0 0 0 0 0 0 0 0 0 0 0 10 2 1 7 1 0 5 22 0 0 0 0 0 0 0 0 0 0 0 0 0 0 0 0 0 0 0 0 0 0 1 0 0 0 0 0 
 0 147 74 78 73 0 0 75 74 73 134 93 2 3 1 101 35 235 0 0 65 38 126 64 64 36 150 170 81 41 42 44 0 142 250 103 40 237 235 472 0 1 0 0 0 18 3 0 0 0 0 3 0 0 0 0 0 0 0 0 0 2 3 0 0 54 51 0 0 0 4 0 0 0 0 3 2 0 2 11 0 0 0 11 30 7 0 0 0 37 1 16 0 0 0 0 6 7 0 0 15 13 19 11 0 0 10 29 0 0 0 0 22 57 0 0 0 0 31 45 0 0 0 0 0 0 0 0 0 0 0 0 0 0 0 0 0 0 0 0 0 4 0 0 0 0 0 0 0 0 0 0 0 0 0 6 0 0 0 0 0 0 0 19 10 11 5 1 0 2 7 18 11 0 2 12 7 19 0 0 1 9 17 0 0 4 1 40 13 12 0 0 9 21 0 11 0 1 11 24 0 5 0 0 0 0 0 0 0 0 0 0 0 8 0 0 0 0 0 0 0 0 0 0 0 0 0 0 0 0 0 0 0 0 0 0 0 0 0 0 0 9 0 0 0 0 85 0 0 1 0 0 0 0 17 0 0 1 0 0 0 0 0 0 0 0 0 0 0 0 0 0 0 0 0 0 1 0 0 0 0 12 0 0 0 0 0 0 0 0 
 3 1 2 1 2 2 2 2 2 25 75 75 2 3 1 76 2 47 1 0 136 95 69 155 271 260 57 293 102 87 31 133 142 0 395 318 49 27 115 115 0 0 0 0 0 3 3 0 0 0 0 3 0 0 0 203 0 203 61 0 0 17 4 3 0 14 1 10 10 11 0 11 0 0 1 3 3 0 2 0 0 0 0 0 20 18 0 0 0 0 0 19 0 0 0 0 18 0 0 0 8 0 0 23 12 0 11 1 1 0 0 22 0 12 16 0 19 0 12 4 0 0 0 0 0 0 0 0 0 10 0 0 0 0 0 0 0 0 0 18 0 3 0 0 0 0 0 0 6 0 0 0 0 0 0 0 0 0 0 0 0 0 0 6 0 0 2 0 0 0 0 0 0 7 0 0 0 0 5 0 0 0 20 0 0 28 33 21 12 11 0 6 0 9 1 11 24 16 0 9 0 2 0 0 0 0 24 1 0 0 0 0 0 0 0 0 0 0 20 0 0 0 0 0 0 0 0 0 0 0 0 0 0 0 0 0 0 0 0 0 0 0 0 0 0 0 0 0 0 1 0 0 0 0 6 2 2 153 0 1 3 0 0 0 0 0 0 0 0 0 0 0 0 0 0 0 1 0 0 9 0 0 0 0 0 15 0 0 0 1 
 2 1 1 3 2 2 1 2 1 3 76 0 2 6 1 0 2 1 2 2 279 393 316 104 86 50 53 61 213 185 74 62 250 395 0 188 133 266 165 373 2 0 1 2 1 3 207 0 2 0 1 3 0 0 2 2 4 3 0 0 2 2 5 2 0 0 0 2 2 2 46 2 2 2 0 3 4 0 2 0 0 0 0 0 0 10 0 0 0 2 7 0 0 0 0 2 0 0 19 0 31 27 19 0 43 0 19 27 40 10 0 8 7 10 11 11 6 23 0 18 0 0 0 0 0 0 0 0 0 0 0 0 0 0 0 0 0 0 11 3 0 0 0 4 0 0 0 0 0 0 2 0 0 0 0 2 0 0 0 0 0 22 0 0 0 0 0 2 0 9 0 0 0 0 0 0 0 0 0 0 1 0 0 19 0 1 9 18 0 24 19 56 13 11 14 29 20 0 0 0 6 0 0 0 0 0 0 0 0 0 0 0 2 0 0 20 0 0 23 0 0 0 0 0 0 0 0 0 0 0 0 0 0 0 0 0 0 0 0 0 0 0 0 0 0 0 0 0 0 1 0 0 0 0 11 1 2 9 2 2 2 0 0 0 0 0 0 0 0 0 0 0 2 0 0 19 0 0 0 0 0 1 0 0 0 11 0 0 0 0 
 0 2 0 2 0 1 0 4 0 1 0 0 0 0 0 1 1 0 0 0 106 256 133 203 348 154 29 42 151 244 184 26 103 318 188 0 152 292 33 156 9 0 0 0 0 3 3 64 0 0 0 5 64 2 0 1 45 3 62 0 0 4 3 5 3 2 0 0 5 0 0 0 50 0 6 3 2 0 4 0 0 0 0 0 0 12 0 0 0 0 0 0 0 0 0 0 1 0 0 0 8 8 20 8 34 34 8 14 39 12 0 55 8 1 0 0 19 14 1 0 7 0 0 0 0 0 9 0 0 0 0 0 37 0 17 0 0 0 25 19 0 0 0 0 0 0 0 0 0 0 1 0 0 0 0 4 0 0 0 0 0 0 0 0 0 0 0 0 0 0 0 0 0 0 0 0 1 0 0 0 1 7 1 0 0 19 0 18 6 40 36 16 0 10 9 61 46 0 0 0 30 0 0 0 0 0 0 0 1 0 0 0 0 0 0 1 8 0 20 0 0 0 0 0 0 0 0 0 1 0 0 0 0 0 0 0 0 0 0 10 0 0 0 0 0 0 1 0 0 0 0 0 0 0 3 3 0 41 2 0 2 2 0 0 0 0 0 0 0 0 0 0 0 0 0 0 0 0 0 2 0 10 0 0 0 0 0 0 0 0 
 0 0 0 0 0 77 0 0 0 2 0 0 0 0 74 0 81 2 0 0 146 210 38 193 255 142 101 134 186 129 172 74 40 49 133 152 0 98 124 33 5 5 0 5 0 5 8 8 0 0 0 3 64 2 2 3 23 0 0 63 0 2 3 0 0 6 0 0 0 4 0 0 0 2 4 3 8 0 2 0 0 0 0 0 9 7 0 0 0 0 0 0 0 0 0 0 0 0 0 0 10 13 2 2 12 11 37 37 10 14 12 1 11 12 1 0 0 29 0 0 0 0 0 0 0 0 0 0 0 0 0 0 0 7 0 0 0 1 0 1 0 0 0 0 0 0 2 0 0 0 0 0 0 0 0 0 0 0 1 0 0 0 0 0 0 9 0 0 0 6 0 0 0 0 0 0 0 0 0 0 9 30 9 47 27 2 0 0 13 0 23 10 0 22 13 4 0 12 0 0 22 9 0 0 0 0 0 0 0 0 0 0 12 0 0 0 6 0 26 9 0 0 0 0 0 0 0 0 0 0 0 0 0 0 0 0 0 0 0 0 0 0 9 0 0 0 0 0 0 0 0 0 0 0 1 0 1 1 1 1 12 0 0 0 0 0 8 0 0 0 0 0 0 0 0 3 0 0 0 0 0 0 0 0 0 0 0 0 0 0 
 1 2 2 0 1 2 0 2 1 1 3 1 4 2 2 2 10 1 3 2 59 118 37 211 236 153 46 56 201 422 123 295 237 27 266 292 98 0 52 33 0 0 6 0 0 3 167 0 64 0 0 5 149 1 1 0 0 0 62 65 0 2 3 0 1 5 2 4 0 0 2 6 0 0 0 3 2 6 2 0 0 0 1 0 0 0 0 0 0 0 0 0 0 0 0 0 0 0 0 0 0 0 0 4 34 38 0 0 0 0 31 52 0 0 0 0 31 15 0 0 19 27 14 0 0 0 11 0 0 0 0 0 28 29 12 1 5 0 23 14 5 0 0 0 0 0 6 2 0 1 0 0 0 0 0 0 0 0 7 0 0 0 0 0 0 0 0 0 0 0 0 0 2 2 0 0 0 0 0 0 0 0 0 14 0 32 0 0 0 18 37 16 0 0 0 20 0 14 1 0 28 9 0 0 0 0 0 1 0 0 0 0 0 11 0 0 24 7 26 12 0 0 2 0 0 0 0 0 0 0 0 0 0 0 0 0 0 0 0 0 0 0 0 0 0 0 1 0 0 0 0 0 0 0 10 0 0 73 80 2 1 0 0 0 0 0 0 0 0 0 0 0 0 0 0 0 0 0 0 10 0 0 0 0 0 0 14 0 0 0 
 1 0 72 1 0 147 0 72 0 66 93 77 0 0 72 158 0 18 4 2 53 240 213 296 54 52 119 152 263 173 32 39 235 115 165 33 124 52 0 244 0 4 8 0 0 3 4 2 4 2 0 2 0 0 2 1 0 0 0 2 0 5 3 2 3 49 0 0 0 0 3 1 0 0 0 3 5 3 2 0 12 0 2 10 21 58 0 0 0 0 0 12 0 0 12 6 13 12 0 0 33 9 22 0 0 0 24 17 8 9 0 0 12 17 0 0 1 0 58 20 0 0 0 0 0 0 0 0 0 0 0 0 0 0 0 0 0 0 0 0 1 0 0 1 0 1 0 0 0 0 0 9 0 0 0 7 0 0 0 0 0 8 11 25 0 15 17 6 0 1 11 13 0 0 9 0 6 0 17 0 19 37 29 31 0 0 13 0 0 13 0 7 1 24 11 0 1 38 12 11 0 0 0 0 0 0 0 0 0 0 0 0 0 0 0 23 0 0 12 0 0 0 0 0 0 0 0 0 0 0 9 0 0 0 0 0 0 0 0 2 0 0 0 0 0 0 0 0 0 0 0 0 0 0 8 0 0 0 0 2 1 0 9 0 0 0 15 0 0 0 0 0 0 0 2 12 0 0 0 0 0 10 0 0 0 0 0 0 0 0 
 3 6 0 27 0 0 0 0 0 61 149 73 0 0 0 148 74 17 0 0 62 167 117 148 154 71 307 348 149 110 93 25 472 115 373 156 33 33 244 0 0 0 0 0 0 3 3 0 0 0 0 3 0 0 0 0 2 0 0 0 0 1 3 0 5 49 50 0 5 0 2 0 0 0 0 3 2 3 2 5 0 0 0 0 9 23 0 0 0 11 1 12 0 0 0 0 19 0 0 0 40 14 43 0 2 0 11 46 0 17 2 2 20 35 4 8 11 0 22 45 0 0 0 0 0 0 0 0 0 0 0 14 0 0 0 0 0 0 0 21 0 5 0 2 0 0 2 0 0 0 0 0 0 0 0 5 0 0 0 0 0 0 1 6 4 10 0 0 0 1 0 9 0 0 0 0 1 4 2 0 11 29 98 18 0 5 16 57 1 10 0 5 17 42 18 23 1 21 42 31 3 0 0 0 0 0 0 0 0 0 0 0 1 0 0 0 0 0 1 0 0 0 0 0 0 0 0 0 0 0 0 0 0 0 0 9 0 0 0 0 0 0 0 0 0 0 0 0 0 0 0 0 0 0 18 0 0 5 0 0 0 0 0 0 0 1 0 0 0 0 0 0 0 0 0 9 0 0 0 0 0 2 0 0 0 26 0 0 0 0 
 0 0 0 1 0 0 0 0 0 0 0 0 0 0 0 0 7 0 0 0 0 0 0 0 1 63 0 0 0 0 1 0 0 0 2 9 5 0 0 0 0 453 52 211 29 41 138 43 132 100 95 38 55 52 542 188 395 114 112 188 0 0 0 2 0 0 3 1 0 0 0 44 0 0 0 0 0 0 0 0 0 0 0 0 0 0 0 0 0 0 0 0 0 0 0 0 0 0 0 0 0 0 0 0 0 0 0 13 0 0 0 0 0 0 0 0 0 0 0 0 18 7 6 19 16 20 0 0 48 18 9 20 16 2 15 44 28 12 0 0 0 0 0 0 0 0 0 0 0 0 0 0 6 0 0 0 0 0 0 0 0 0 0 0 0 0 0 0 3 0 0 2 0 0 0 0 0 0 0 0 0 0 0 0 11 0 0 0 0 0 0 0 0 0 0 0 0 0 0 0 22 3 3 14 16 14 1 0 39 23 21 21 0 0 28 0 9 1 8 11 0 0 0 0 0 0 0 0 0 0 0 0 0 0 0 0 0 0 21 0 0 0 0 0 0 0 0 0 0 33 0 8 0 2 0 0 0 0 0 0 0 0 67 84 5 16 0 0 0 0 0 0 0 0 0 0 0 0 0 0 0 0 0 0 0 4 0 0 0 0 
 0 0 0 1 0 0 0 0 0 0 0 0 0 0 0 0 7 0 0 0 0 0 0 0 0 0 0 0 0 0 0 0 1 0 0 0 5 0 4 0 453 0 93 350 95 29 276 133 182 49 82 95 293 355 133 97 331 257 68 60 0 0 0 0 2 8 0 16 1 4 0 11 0 8 0 0 0 0 20 1 0 0 0 0 0 0 0 0 0 0 0 0 0 0 0 0 0 0 0 0 0 0 0 0 11 0 0 0 0 0 0 0 0 7 0 0 0 0 0 0 0 7 10 27 21 19 0 22 13 18 14 29 9 22 0 23 16 51 0 0 0 0 0 0 18 6 0 26 0 0 3 7 13 0 10 4 0 0 0 0 0 0 0 0 0 0 7 0 7 0 0 0 0 0 0 0 0 0 0 0 0 0 0 0 0 0 0 0 0 0 0 0 0 0 0 0 0 0 0 0 0 0 15 0 0 15 2 24 14 0 0 9 13 0 14 0 0 45 0 0 15 33 6 0 0 0 25 0 0 0 8 0 2 0 0 4 6 0 33 27 0 0 7 0 0 0 0 0 0 0 0 9 0 0 2 0 0 0 0 0 0 0 28 5 0 0 1 1 0 0 0 0 0 0 0 1 0 0 0 0 0 0 0 0 14 35 0 0 0 0 
 0 0 0 0 0 0 0 3 0 0 0 0 0 0 0 0 0 0 0 0 0 0 0 0 62 2 0 0 0 0 4 2 0 0 1 0 0 6 8 0 52 93 0 363 121 53 148 232 144 27 274 208 68 176 123 54 39 160 13 54 0 0 0 0 0 2 0 0 3 0 0 13 0 8 0 0 49 0 24 85 0 0 0 0 0 0 0 0 0 0 0 0 0 0 0 0 0 0 0 0 0 0 0 0 0 0 0 0 0 0 0 0 0 0 0 0 0 0 0 0 0 19 33 24 12 0 44 18 12 15 19 15 0 6 12 0 2 4 11 0 0 1 0 0 0 0 12 16 0 27 0 0 0 0 0 0 0 0 20 7 0 0 0 0 0 0 0 0 0 0 0 0 0 0 0 0 0 0 0 0 0 0 0 0 29 0 0 0 0 0 0 0 0 0 0 0 0 0 0 0 0 13 41 5 0 0 0 0 1 26 22 17 0 0 9 6 7 76 0 4 19 1 0 0 0 0 26 0 0 0 0 0 1 0 0 0 0 0 33 35 0 0 13 0 0 0 0 0 0 0 0 15 0 2 0 0 0 0 0 1 0 29 2 3 0 0 2 3 0 0 18 0 0 0 0 0 0 0 0 0 0 3 2 0 30 0 0 0 0 0 
 0 0 0 2 0 0 0 2 0 62 0 32 0 3 0 0 13 0 0 0 0 0 0 0 0 0 0 0 0 0 6 0 0 0 2 0 5 0 0 0 211 350 363 0 94 42 292 191 372 421 35 175 73 196 68 142 143 57 276 284 0 0 0 0 2 14 0 0 0 1 0 1 0 0 0 0 0 4 0 0 0 0 0 0 0 0 5 0 0 0 0 0 0 0 0 0 0 0 0 0 0 0 0 0 0 0 0 0 0 0 0 0 0 0 0 0 0 0 0 0 7 17 34 47 1 1 10 0 30 4 0 2 0 0 14 24 0 0 0 0 1 0 27 13 5 0 7 0 0 15 0 6 32 0 0 0 0 0 0 2 0 0 0 0 0 0 0 0 0 0 0 0 0 0 0 0 0 0 0 0 0 0 0 0 6 0 0 0 0 0 0 0 0 0 0 0 0 0 0 0 23 0 9 10 29 28 0 10 12 7 51 40 0 0 0 12 14 28 0 0 1 0 0 0 0 13 13 0 0 0 0 0 10 10 20 1 1 0 43 2 0 0 0 0 0 0 0 0 0 0 0 7 0 0 0 0 0 0 0 8 0 0 1 65 68 3 0 1 2 0 0 0 0 0 0 3 18 0 0 0 0 0 0 0 1 0 0 0 0 0 
 0 0 0 0 0 0 0 5 0 0 0 0 0 0 0 0 0 0 0 0 0 0 4 0 0 0 0 0 1 5 0 0 0 0 1 0 0 0 0 0 29 95 121 94 0 198 274 68 83 60 247 55 94 138 137 86 69 44 78 168 105 121 0 0 0 2 50 0 0 0 1 4 85 54 0 0 56 0 0 0 0 0 0 0 0 0 0 0 0 0 0 0 0 0 0 0 0 0 0 17 0 0 0 0 0 1 0 0 7 1 0 6 0 0 0 0 0 1 0 0 0 0 0 1 11 13 0 4 0 12 1 0 0 1 0 0 0 21 12 0 5 11 0 0 0 0 0 0 0 37 21 0 11 0 0 18 13 17 10 0 0 0 0 0 0 0 7 0 0 0 0 0 0 0 0 1 0 0 0 0 0 0 0 4 4 10 0 0 0 6 0 0 0 0 0 2 5 5 0 0 0 9 0 0 0 43 9 27 0 0 1 0 1 3 1 7 0 0 0 0 12 0 12 10 0 0 0 20 19 25 2 0 0 0 28 9 10 13 0 12 0 0 27 0 0 0 0 0 0 0 0 16 0 0 0 0 0 0 5 2 0 0 0 0 0 0 0 64 0 0 0 0 0 0 0 0 0 0 0 0 0 6 0 0 0 1 0 0 0 0 
 2 2 2 2 2 3 2 3 5 2 4 6 3 2 2 2 2 3 0 4 7 3 3 3 3 3 3 3 3 3 4 3 18 3 3 3 5 3 3 3 41 29 53 42 198 0 36 246 55 98 59 113 473 43 258 59 101 60 85 49 52 24 0 21 0 1 49 51 64 4 0 0 71 52 62 0 71 0 59 51 0 0 0 0 10 0 0 0 0 7 0 0 0 0 0 0 0 0 0 0 6 0 10 6 0 0 4 0 0 0 0 0 0 0 3 0 0 0 0 4 0 0 0 0 0 1 0 0 10 0 0 11 0 0 0 0 0 0 0 0 0 24 6 0 0 36 0 7 0 1 34 0 0 12 8 13 0 9 22 0 0 0 0 0 0 5 0 0 0 0 0 0 0 0 0 0 0 0 0 0 0 0 0 0 0 0 0 4 0 0 0 0 0 0 0 0 0 0 0 3 0 0 15 0 9 16 0 0 0 12 18 5 0 0 0 0 0 0 0 0 22 26 25 18 0 0 12 32 4 71 11 0 25 0 21 18 11 13 10 28 13 0 0 0 0 0 20 0 0 0 0 0 0 0 0 0 0 0 0 27 0 0 1 0 0 4 0 5 7 0 0 0 0 0 0 0 0 0 0 0 0 0 0 0 0 0 0 0 0 0 
 0 0 0 0 0 0 0 3 3 0 0 0 0 2 0 0 11 16 0 0 3 66 3 3 3 68 3 3 3 3 67 65 3 3 207 3 8 167 4 3 138 276 148 292 274 36 0 163 55 242 45 50 337 143 241 55 111 92 78 114 0 10 1 0 0 1 0 0 0 80 2 0 6 0 6 4 6 7 0 0 0 0 0 0 0 0 0 0 0 0 19 0 0 0 0 0 0 0 0 0 0 0 0 8 24 34 0 0 0 0 12 28 0 0 0 0 0 0 0 0 12 13 26 11 4 0 56 19 12 0 9 10 35 41 0 3 13 19 17 4 6 0 11 0 0 0 6 0 5 5 0 0 0 8 0 0 5 0 0 6 0 0 0 0 0 0 0 0 0 0 0 0 0 0 0 0 0 0 0 0 0 0 0 0 14 0 0 0 0 13 0 6 0 0 0 2 0 0 0 0 12 0 8 0 8 0 0 10 12 7 1 0 19 0 11 1 0 0 0 0 0 0 0 0 0 0 0 0 0 0 0 4 0 0 0 0 0 8 0 0 0 0 0 0 0 0 0 0 0 0 0 6 2 0 0 0 0 0 57 0 0 0 0 0 1 3 2 0 0 0 14 5 0 0 0 0 0 0 0 0 0 0 0 0 6 9 0 0 0 0 
 3 3 3 3 3 2 3 1 3 60 2 3 2 3 3 3 15 1 0 2 0 0 0 0 190 0 0 0 0 0 4 0 0 0 0 64 8 0 2 0 43 133 232 191 68 246 163 0 197 343 45 324 378 208 66 56 28 100 59 40 0 0 2 14 0 3 44 5 8 0 22 1 0 1 0 0 0 0 21 52 0 15 0 0 0 0 0 0 0 0 0 0 0 11 0 0 0 0 0 0 0 0 13 0 0 0 0 7 0 0 0 0 0 0 0 0 0 0 0 0 0 20 26 18 7 0 12 1 13 3 0 12 0 0 26 0 1 0 23 0 0 0 7 0 0 0 10 18 0 2 0 0 0 0 1 0 0 4 11 13 0 0 0 0 0 0 0 0 0 0 0 0 0 0 0 0 0 0 0 0 0 0 0 0 15 0 0 0 0 0 0 0 0 0 0 0 0 0 0 0 0 11 46 10 0 0 1 0 0 11 6 16 0 0 16 9 9 30 0 0 15 0 6 0 2 0 18 5 0 0 0 0 1 0 0 5 0 5 16 11 0 0 15 0 0 0 0 0 0 0 0 0 0 0 0 0 0 0 0 0 0 0 0 1 0 2 0 64 0 0 10 0 0 0 0 0 0 0 0 0 0 0 0 0 35 0 0 0 0 0 
 0 0 1 0 0 0 0 0 0 0 0 0 61 1 0 0 0 0 0 0 0 0 0 0 0 0 0 0 0 0 0 0 0 0 2 0 0 64 4 0 132 182 144 372 83 55 55 197 0 354 97 157 104 172 622 145 178 90 66 68 0 0 0 0 0 4 0 0 0 0 0 0 0 0 0 0 0 2 57 60 0 0 0 0 0 0 0 0 0 0 0 0 0 0 0 0 0 0 0 0 0 0 0 0 0 0 0 0 0 0 0 0 0 0 0 0 0 0 0 0 5 22 11 34 2 12 7 0 24 9 18 10 0 3 33 0 5 16 0 0 2 0 0 0 0 0 48 0 0 29 0 0 15 0 0 0 0 0 1 9 0 0 0 0 0 0 0 0 0 0 0 0 0 0 0 0 0 0 0 0 0 0 0 0 0 7 0 0 0 0 20 0 0 0 0 0 0 0 0 0 16 4 14 51 7 18 0 0 57 0 16 15 0 0 4 20 14 19 0 0 0 6 0 0 0 0 13 0 0 0 0 0 38 0 9 0 0 0 33 2 0 0 0 0 0 0 0 0 0 0 0 6 0 11 0 0 0 0 0 2 0 0 65 65 66 1 0 1 2 0 0 0 0 11 0 0 0 0 0 0 0 0 0 0 0 0 0 0 0 0 
 0 0 0 2 0 0 0 0 0 0 0 0 0 0 0 0 0 0 0 0 0 0 0 0 0 0 0 0 0 0 0 0 0 0 0 0 0 0 2 0 100 49 27 421 60 98 242 343 354 0 120 129 116 87 106 176 196 209 69 87 1 0 3 1 0 1 8 3 6 0 12 0 4 0 4 0 0 0 127 107 0 38 0 0 0 0 0 0 0 0 0 0 0 0 0 0 0 0 0 0 0 0 0 1 0 0 0 0 0 0 0 0 0 0 0 0 0 0 0 0 0 12 0 10 0 0 9 0 29 0 28 23 6 9 0 0 9 10 0 0 3 23 0 0 0 0 0 0 0 0 0 0 9 3 2 0 0 4 5 0 0 0 0 0 0 0 0 0 0 0 0 0 0 0 0 2 0 0 0 0 0 0 0 0 0 0 0 0 0 0 0 0 34 0 0 0 9 0 0 0 0 0 31 14 31 0 0 0 16 25 23 20 11 0 10 5 0 8 0 19 0 23 0 0 5 0 23 4 0 0 0 0 21 4 1 5 0 12 9 0 0 0 0 0 0 0 0 0 8 0 0 0 0 0 0 0 0 0 0 23 0 0 0 0 2 0 2 0 2 0 0 0 0 0 0 0 0 0 0 0 0 0 0 0 11 24 0 0 0 0 
 0 0 0 0 0 0 0 2 0 0 0 0 0 0 0 0 0 0 0 0 0 0 0 1 0 62 0 0 0 0 0 0 0 0 1 0 0 0 0 0 95 82 274 35 247 59 45 45 97 120 0 168 47 103 179 259 146 540 22 118 3 0 0 0 0 2 0 50 0 0 0 3 0 12 0 0 0 0 46 51 1 0 0 0 0 0 0 0 0 0 0 0 0 0 0 0 1 0 0 0 0 0 0 0 0 0 0 0 0 0 0 0 0 0 0 0 0 0 0 0 0 0 15 15 19 5 0 15 0 31 22 29 0 11 0 9 19 29 65 0 0 0 0 0 0 0 0 55 0 0 0 0 1 0 4 0 0 0 6 4 0 0 0 0 0 0 0 22 4 0 0 7 0 0 0 0 0 0 0 0 0 0 0 0 0 0 0 0 0 0 0 0 0 0 0 0 0 0 0 0 0 0 14 59 0 4 8 5 0 0 4 33 15 23 23 0 0 18 0 18 22 24 0 0 0 0 17 0 0 0 0 0 55 10 0 0 0 0 10 0 0 0 7 0 0 0 0 0 0 0 0 0 0 0 0 0 0 0 0 1 0 0 1 1 0 13 0 1 0 0 9 0 0 0 0 0 0 0 0 0 0 0 0 0 14 14 0 0 0 0 
 0 0 1 0 2 0 0 0 3 0 0 0 0 3 0 0 3 0 0 0 3 3 3 2 3 5 3 3 3 3 7 2 3 3 3 5 3 5 2 3 38 95 208 175 55 113 50 324 157 129 168 0 43 40 84 45 204 331 27 42 6 0 0 0 0 7 82 0 2 0 0 4 0 4 1 0 5 2 53 159 0 6 0 0 0 0 0 0 0 0 0 0 0 0 0 0 0 0 0 0 0 0 0 0 0 0 0 0 0 0 0 0 0 0 0 0 0 0 0 0 0 0 5 0 24 33 1 0 8 6 13 39 10 7 20 0 0 35 1 0 18 21 0 0 0 0 17 0 0 1 0 0 0 0 6 1 0 0 38 20 0 0 0 0 0 0 20 0 0 0 0 0 0 0 0 0 0 0 0 0 0 0 0 0 0 0 0 0 0 0 0 0 0 0 0 0 0 0 0 0 0 10 14 36 2 1 0 0 21 29 44 63 0 0 0 10 10 0 0 3 0 41 0 19 0 0 0 14 11 0 11 0 0 0 0 0 3 1 8 0 0 0 7 0 0 0 1 0 0 0 0 5 0 0 0 0 1 0 0 13 0 0 85 0 2 1 2 63 0 0 0 0 0 0 0 0 0 0 0 0 0 0 2 0 3 0 0 8 0 0 
 2 16 2 2 2 2 2 2 4 2 2 2 2 2 2 2 2 2 0 2 1 67 0 0 1 148 22 0 0 77 1 1 0 0 0 64 64 149 0 0 55 293 68 73 94 473 337 378 104 116 47 43 0 305 231 154 80 29 248 165 0 0 3 39 0 5 3 5 20 65 1 10 0 0 0 6 5 0 0 0 0 0 0 0 0 0 0 0 0 0 0 0 0 0 0 0 0 0 0 0 0 0 1 7 26 38 0 0 4 0 11 21 0 0 0 0 0 15 0 0 28 8 11 0 0 0 20 0 20 0 0 0 52 20 0 19 12 5 21 0 0 0 0 0 1 6 0 0 0 8 2 0 0 0 0 0 0 9 0 9 0 0 0 0 0 0 0 0 0 0 0 0 0 0 0 0 0 0 0 0 0 0 0 0 0 20 0 0 0 14 41 20 0 0 0 0 1 0 0 0 11 0 0 0 4 0 37 1 20 14 0 0 0 0 0 3 11 0 3 39 0 0 11 0 0 0 0 9 0 0 5 0 0 0 0 3 15 0 0 10 0 0 0 0 0 0 0 0 0 0 0 5 0 0 0 0 0 62 29 0 21 0 0 0 0 2 3 0 2 0 0 0 0 0 0 0 0 0 0 10 0 0 0 0 0 17 0 0 0 0 
 2 2 2 7 4 2 2 4 2 2 2 2 2 5 2 2 2 2 0 2 0 0 0 0 0 0 0 0 0 0 0 61 0 0 0 2 2 1 0 0 52 355 176 196 138 43 143 208 172 87 103 40 305 0 188 93 51 404 179 74 0 0 0 0 0 1 0 0 0 51 0 4 0 6 0 0 0 1 0 0 0 0 0 0 0 0 0 0 0 0 0 0 0 0 0 0 0 0 0 0 0 0 0 0 6 17 0 0 0 12 0 0 0 0 0 0 0 0 0 0 1 12 14 0 24 0 63 70 18 3 0 0 0 13 20 1 0 0 9 0 0 0 0 0 0 0 0 0 0 0 0 0 40 0 0 0 0 0 19 7 0 4 0 0 0 0 0 0 0 2 0 0 0 0 0 0 4 0 0 0 0 0 0 0 13 0 0 0 0 11 0 0 0 0 0 0 9 0 0 0 2 15 26 1 13 0 40 48 16 0 0 0 19 0 0 20 14 9 0 0 0 0 0 0 0 0 0 0 12 0 0 0 14 0 0 0 0 0 0 0 0 0 2 0 0 0 0 0 0 0 0 3 0 0 0 0 0 0 1 0 0 0 0 0 2 2 0 63 2 0 15 0 0 0 0 0 0 0 0 0 0 0 0 0 16 0 0 0 0 20 
 6 3 3 2 2 2 2 2 2 2 2 3 2 3 2 2 3 2 0 2 7 0 0 0 32 0 0 0 0 3 66 32 0 0 2 0 2 1 2 0 542 133 123 68 137 258 241 66 622 106 179 84 231 188 0 112 289 85 127 175 0 0 0 0 0 2 0 0 0 0 0 4 0 6 0 0 0 0 1 4 0 0 0 0 0 0 0 0 0 0 0 0 0 0 0 0 0 0 0 0 0 0 0 0 0 0 0 0 0 0 0 0 0 0 0 0 0 0 0 0 0 1 0 0 19 4 0 37 13 15 8 31 0 19 13 14 19 14 0 0 0 0 0 0 0 0 0 0 0 0 0 0 0 0 0 0 0 0 19 1 0 6 0 0 0 0 0 0 0 0 0 0 0 0 0 0 6 0 0 0 0 0 0 0 37 0 0 0 0 0 0 0 0 0 0 0 0 0 0 0 4 27 0 5 0 15 29 43 33 3 0 0 38 7 8 46 27 0 0 8 0 19 0 0 0 0 0 0 0 0 0 0 1 0 0 20 0 0 20 0 0 0 2 0 0 0 0 0 0 0 0 14 0 1 0 0 0 0 0 0 0 0 38 0 6 2 1 63 3 0 0 0 0 0 0 0 0 0 0 0 0 0 0 0 0 0 0 0 0 0 
 3 3 56 3 3 3 3 8 3 3 3 3 3 3 3 3 3 3 0 3 0 0 2 69 63 75 57 0 0 7 5 8 0 203 2 1 3 0 1 0 188 97 54 142 86 59 55 56 145 176 259 45 154 93 112 0 306 243 98 154 3 0 0 0 1 2 8 5 0 0 0 3 0 0 0 0 0 0 0 2 0 0 0 0 0 0 0 0 0 0 0 0 0 0 0 6 0 0 0 0 0 0 0 0 12 1 0 0 2 0 0 2 0 0 0 0 0 0 0 0 20 27 0 12 0 0 5 4 51 21 0 0 1 0 1 23 10 0 0 0 0 0 0 0 0 0 0 1 0 0 0 0 28 0 0 0 0 0 0 0 0 0 0 0 0 0 0 0 0 0 0 6 0 0 0 0 2 0 0 0 0 0 0 3 4 20 0 0 0 44 0 0 0 0 0 2 5 0 0 0 11 0 18 4 22 15 0 30 30 12 21 23 4 35 21 21 0 37 11 32 0 0 0 0 0 0 0 0 0 0 0 0 18 0 0 0 0 0 20 0 0 0 13 0 0 0 0 0 0 0 0 6 0 0 0 0 0 0 4 1 0 0 1 0 1 17 0 0 0 0 0 0 0 0 0 0 0 0 0 0 0 3 0 0 16 9 0 0 0 0 
 0 0 0 1 0 0 0 2 3 0 0 3 0 0 0 0 0 0 0 2 0 4 0 0 0 102 0 0 6 3 1 0 0 0 4 45 23 0 0 2 395 331 39 143 69 101 111 28 178 196 146 204 80 51 289 306 0 179 101 103 0 0 0 0 0 2 23 1 2 0 0 0 0 0 0 1 0 0 0 17 0 0 0 0 0 0 0 0 0 0 0 0 0 0 0 0 0 0 0 0 0 0 0 0 3 0 0 7 0 6 0 1 0 4 0 0 0 12 0 0 15 18 10 18 14 18 0 0 34 0 0 19 17 0 0 76 30 70 11 0 24 0 0 0 0 0 11 0 0 0 0 0 0 0 0 0 0 0 7 18 0 0 0 0 8 0 0 0 1 0 0 0 0 0 0 0 0 14 0 0 0 0 0 1 0 0 0 0 0 1 4 5 0 0 0 0 0 0 0 0 4 0 0 0 10 15 1 23 35 14 23 0 0 4 0 0 0 18 1 31 0 21 0 17 0 0 27 11 12 0 16 0 1 0 0 0 0 0 20 9 0 0 0 0 0 0 0 0 0 0 0 8 0 0 0 0 0 0 0 0 0 0 39 6 1 2 4 0 0 0 0 0 0 0 0 0 0 0 0 0 0 0 0 0 0 7 0 11 0 0 
 0 0 0 1 0 0 0 0 0 0 0 0 0 3 1 0 0 2 0 0 2 0 0 0 0 0 0 0 1 0 0 0 0 203 3 3 0 0 0 0 114 257 160 57 44 60 92 100 90 209 540 331 29 404 85 243 179 0 41 164 4 0 0 0 0 0 0 0 0 0 0 2 0 31 0 0 0 0 84 32 0 0 0 0 0 0 0 0 0 0 0 0 0 0 0 0 0 0 0 0 0 0 0 0 0 0 0 14 0 0 0 0 0 0 0 0 0 0 0 0 0 21 6 13 29 10 11 0 13 0 10 39 10 8 0 25 8 29 0 0 0 0 0 0 0 1 0 8 0 1 0 0 33 0 5 0 0 0 4 6 0 0 0 0 0 0 0 0 3 0 0 2 0 0 0 0 0 0 0 0 0 0 0 9 0 0 0 0 0 0 0 0 0 0 0 0 0 0 0 0 0 0 18 0 14 19 7 9 26 14 4 11 9 0 23 12 0 5 0 4 6 30 1 0 0 0 4 0 0 4 0 0 19 2 6 0 0 0 21 0 0 0 0 0 0 1 0 0 0 0 0 15 0 1 0 0 0 0 1 1 0 1 65 61 3 11 1 0 0 0 5 0 0 0 0 0 0 0 0 0 0 1 0 0 9 7 0 0 0 0 
 0 0 0 0 0 0 0 0 0 0 0 0 0 1 0 0 0 0 0 0 66 126 0 146 62 90 0 0 63 4 15 143 0 61 0 62 0 62 0 0 112 68 13 276 78 85 78 59 66 69 22 27 248 179 127 98 101 41 0 89 0 0 0 0 0 1 3 6 0 31 0 0 0 0 0 0 0 1 0 0 0 0 0 0 0 0 0 0 0 0 0 20 0 0 0 0 0 0 17 0 0 0 0 11 17 34 0 0 9 10 15 11 0 0 10 5 9 0 15 0 14 16 0 0 0 0 22 11 21 0 0 0 16 8 3 21 12 7 4 0 7 0 0 0 0 0 7 0 0 0 0 0 0 0 0 0 0 0 3 0 0 6 0 0 0 0 0 0 0 0 0 0 0 0 0 0 5 0 0 0 0 0 0 18 4 26 0 15 0 58 0 0 0 0 17 11 20 23 0 0 13 10 0 0 7 0 0 49 38 4 0 0 26 35 0 23 22 7 51 4 0 0 0 0 0 0 0 0 0 0 0 0 0 0 0 0 0 0 0 0 0 0 13 0 0 0 0 0 0 0 0 6 0 2 0 0 0 29 84 0 0 5 0 0 0 2 2 0 0 0 0 0 0 0 0 0 0 0 0 16 0 2 0 0 0 0 1 0 0 0 
 0 0 0 0 0 0 0 3 0 0 0 0 0 2 0 0 0 0 0 0 0 0 0 0 66 95 0 0 0 64 0 0 0 0 0 0 63 65 2 0 188 60 54 284 168 49 114 40 68 87 118 42 165 74 175 154 103 164 89 0 0 0 0 0 0 4 0 0 0 32 0 7 0 0 0 0 0 1 0 0 0 0 0 0 0 0 0 0 0 0 0 0 0 0 0 0 0 0 0 0 0 0 0 13 12 23 0 0 0 0 0 0 0 0 0 0 0 40 0 0 0 10 10 10 0 0 0 10 40 12 10 17 16 60 0 29 86 17 9 0 0 0 0 6 3 1 2 0 0 0 0 4 0 0 0 0 0 0 0 0 0 0 0 0 0 0 5 0 2 0 0 2 0 0 0 0 0 0 0 0 0 0 0 0 0 0 0 0 0 0 31 0 0 0 0 0 0 0 0 0 44 6 0 12 12 0 70 0 10 28 0 0 18 13 20 0 20 0 0 32 0 0 24 0 0 4 0 0 0 0 0 0 0 0 0 0 14 0 0 0 0 0 0 0 0 0 0 0 0 0 0 18 0 0 0 0 0 0 0 0 0 0 0 2 4 6 2 0 0 0 1 0 0 0 0 4 0 0 0 0 0 0 0 0 0 23 0 0 0 0 
 0 0 0 0 9 0 0 0 0 0 0 0 0 0 0 0 0 0 0 0 0 0 0 0 0 0 0 0 0 0 0 0 0 0 2 0 0 0 0 0 0 0 0 0 105 52 0 0 0 1 3 6 0 0 0 3 0 4 0 0 0 72 97 92 44 45 568 256 286 68 83 33 151 59 146 95 94 119 102 283 0 0 0 0 0 0 0 0 0 0 0 0 0 0 0 0 0 0 0 0 0 0 0 0 0 0 0 0 0 12 0 0 0 0 0 0 0 0 0 0 0 0 0 0 0 6 0 0 0 0 0 0 0 0 0 0 0 0 0 0 0 35 16 22 0 11 17 24 9 40 20 64 0 14 0 21 36 9 4 20 2 2 0 0 0 0 0 0 0 0 0 0 0 0 0 0 0 0 0 0 0 0 0 0 0 0 0 0 0 0 0 0 0 0 0 10 0 0 0 0 0 0 0 0 0 20 0 0 0 0 0 15 0 0 0 0 0 9 0 16 16 1 25 9 0 17 15 7 1 80 6 0 27 61 42 14 17 28 1 41 0 0 0 0 0 0 0 0 0 0 0 0 0 0 11 0 0 0 0 0 0 0 0 0 0 0 0 0 0 0 18 0 7 2 2 0 0 0 0 0 0 0 0 0 0 2 0 0 0 0 
