 0 225 97 238 21 24 85 346 124 58 208 36 183 141 247 280 29 248 135 38 2 0 0 2 0 74 0 0 0 0 0 3 0 3 0 1 0 0 2 0 0 0 2 0 3 0 0 0 0 0 3 0 0 0 0 0 0 2 0 0 0 0 0 0 0 0 3 0 6 0 0 0 0 0 0 0 0 0 2 0 46 0 17 6 14 0 24 28 9 13 36 11 17 0 9 9 0 2 1 19 0 0 0 0 0 0 1 0 0 0 0 0 16 0 0 17 0 0 0 0 0 0 0 0 0 0 0 0 0 0 0 0 0 0 0 0 0 0 0 0 4 0 0 0 0 0 0 0 0 0 0 0 0 0 0 0 0 0 0 0 31 13 35 9 7 0 23 0 13 13 0 0 0 0 3 23 1 0 15 0 0 0 0 0 0 0 0 0 0 0 0 0 0 0 0 0 0 0 0 0 0 0 16 0 0 0 0 0 0 0 0 0 0 0 0 0 0 0 0 0 0 0 0 0 0 0 0 0 0 0 0 0 0 0 0 0 10 0 0 0 0 0 0 0 0 0 0 0 1 89 2 4 0 0 0 0 0 0 0 0 0 0 0 0 0 0 0 0 0 0 0 0 0 0 0 0 20 0 0 0 0 0 0 0 0 0 0 0 0 0 
 225 0 194 84 136 27 86 114 85 238 38 214 53 169 140 287 254 124 141 47 0 0 0 2 0 0 0 0 3 0 0 5 0 3 0 0 0 0 75 0 0 0 3 0 3 0 0 0 0 0 3 0 64 0 0 0 0 3 0 0 0 0 0 0 0 0 3 0 0 0 0 0 1 0 0 0 0 0 2 0 22 10 47 25 0 0 6 89 35 32 28 15 3 0 37 14 6 19 0 15 0 0 0 0 0 13 59 0 0 0 0 0 13 0 0 0 0 0 0 29 0 9 0 0 0 2 0 0 0 0 0 0 0 0 0 0 0 0 0 0 0 0 0 0 0 0 0 6 0 0 0 0 0 2 0 0 0 0 0 0 0 0 16 43 23 25 16 14 14 19 18 13 22 64 15 0 39 42 17 9 0 0 0 0 2 0 10 0 0 0 0 0 17 10 0 0 0 0 0 0 0 0 0 0 0 0 0 0 0 0 0 0 0 2 0 38 0 0 0 0 0 9 0 0 2 0 0 0 0 0 0 0 0 0 0 0 0 0 0 0 0 0 0 0 0 2 1 0 2 39 0 9 0 0 0 0 0 0 0 0 0 0 0 0 0 0 0 0 0 0 0 0 0 0 0 0 17 0 0 0 0 0 0 0 0 0 0 0 0 0 
 97 194 0 123 192 130 117 172 142 247 129 183 62 148 449 34 223 253 158 29 1 0 0 2 0 4 0 1 2 0 1 3 76 3 0 0 0 74 0 0 64 0 3 0 4 0 0 0 0 0 3 0 0 0 0 0 0 5 0 0 0 39 0 0 0 0 2 0 0 0 0 0 0 0 0 37 0 2 2 0 27 0 2 29 23 0 0 32 27 16 30 20 10 0 16 13 24 23 0 0 0 0 0 0 26 0 27 0 22 0 0 2 0 0 0 0 4 2 11 0 2 0 0 0 2 0 0 0 0 0 2 0 6 0 0 1 0 1 2 0 0 0 0 0 0 0 0 0 0 0 0 0 0 0 0 0 0 0 0 0 18 15 44 22 14 6 16 0 8 17 13 24 1 0 0 66 11 21 20 15 1 0 10 0 0 0 10 0 0 0 0 0 17 33 0 0 0 2 26 0 0 0 0 0 0 0 0 0 0 0 0 0 0 0 0 1 28 0 0 0 0 2 0 0 0 0 0 0 10 0 0 0 0 0 2 0 0 0 0 0 0 0 0 0 0 0 90 1 0 3 0 5 0 0 0 0 0 0 0 0 0 0 0 0 0 0 0 0 0 0 0 0 0 0 0 10 0 0 0 0 0 0 0 0 0 0 0 0 0 0 
 238 84 123 0 313 45 118 106 176 177 213 134 116 133 65 784 133 132 295 55 1 0 0 2 0 0 0 0 0 0 0 3 0 3 0 0 0 0 0 0 0 0 3 0 3 0 0 0 0 0 9 0 0 0 0 0 0 2 0 0 0 0 0 0 0 0 2 0 0 0 0 0 0 2 51 0 0 0 2 0 19 40 17 15 0 21 12 12 17 0 17 6 0 0 39 1 10 0 0 15 19 1 0 0 13 0 9 21 0 0 0 0 54 0 0 0 0 0 18 0 0 0 0 0 0 0 0 0 0 18 0 0 0 0 0 0 0 0 0 0 11 20 0 0 0 0 0 0 0 31 0 0 0 0 0 0 0 0 0 0 1 10 21 22 9 0 19 0 11 31 0 8 0 0 1 7 10 9 1 22 16 0 0 0 0 0 0 0 0 0 0 0 0 0 0 0 0 0 9 0 0 0 0 0 0 0 0 0 0 0 0 0 0 0 0 0 0 0 0 0 0 0 0 0 0 0 0 0 0 0 0 0 0 0 0 0 0 0 0 0 0 0 0 0 0 0 13 2 2 10 1 7 0 0 0 0 0 0 0 0 0 0 7 0 0 0 0 0 0 0 0 0 0 0 0 1 17 9 0 0 0 0 0 0 0 0 0 0 0 0 
 21 136 192 313 0 360 126 67 158 343 287 184 95 50 99 81 370 219 81 88 0 2 0 2 3 3 0 74 0 0 0 3 0 3 0 0 35 0 154 1 1 0 3 0 3 6 0 0 1 0 3 0 0 49 0 0 0 2 7 0 0 0 4 0 24 0 2 0 0 0 0 0 0 0 0 0 0 0 2 0 6 1 0 11 26 2 0 0 58 15 16 32 28 0 0 0 10 16 0 0 19 0 1 0 15 2 38 0 29 15 0 0 62 2 0 15 19 7 17 13 0 0 0 0 0 0 0 0 0 0 0 0 0 0 0 0 1 0 0 0 0 0 0 0 0 0 0 0 0 0 0 17 2 0 0 0 0 28 0 0 0 21 0 0 21 1 11 0 33 9 21 25 0 16 0 35 0 0 0 20 21 0 14 0 15 0 0 0 0 2 14 0 12 10 0 16 0 0 0 0 0 0 0 0 0 0 0 0 0 0 0 0 0 0 0 0 0 0 0 0 0 1 0 0 0 0 0 0 0 0 0 0 0 0 0 0 0 0 0 0 0 0 0 0 0 1 88 0 26 4 9 13 3 1 0 0 0 0 0 0 0 0 0 0 0 0 0 0 0 0 0 0 0 0 0 10 14 0 0 0 0 0 0 0 0 0 0 0 0 0 
 24 27 130 45 360 0 20 247 259 65 117 87 32 43 103 62 51 202 281 283 0 77 77 80 0 0 2 98 0 3 2 3 26 79 1 0 73 0 202 81 1 1 2 0 3 0 0 0 72 0 3 0 0 0 0 0 0 2 2 0 38 0 0 0 0 0 3 0 0 31 3 1 0 0 4 0 0 0 2 0 0 0 0 0 21 0 0 0 28 28 0 19 0 0 0 0 2 0 0 0 34 3 0 0 28 0 7 10 35 12 0 0 35 28 0 36 28 5 33 52 0 0 0 0 0 0 0 0 0 0 0 0 0 0 0 0 0 0 0 0 0 0 8 0 0 3 0 0 0 0 0 0 0 0 0 0 0 0 0 0 0 0 0 0 18 14 0 0 24 0 6 14 0 0 0 7 0 0 0 0 16 18 10 0 0 0 38 0 51 51 0 0 20 0 18 13 23 19 0 18 0 0 0 0 0 0 0 0 0 0 0 0 0 0 0 0 0 0 0 0 0 7 0 0 0 0 0 0 0 0 0 0 0 0 0 0 0 0 0 0 0 16 0 0 10 0 1 0 3 10 11 11 0 0 0 0 0 0 0 0 0 0 0 0 0 0 0 0 0 0 0 0 0 0 0 0 16 0 0 0 0 0 0 0 0 0 0 0 0 0 
 85 86 117 118 126 20 0 211 151 32 285 109 203 130 183 32 328 306 52 307 2 2 0 2 3 0 0 0 0 0 2 5 0 3 0 0 0 0 0 1 0 0 2 0 3 2 0 2 2 0 66 0 0 0 63 2 0 2 0 0 0 2 0 1 0 0 3 0 0 0 0 0 0 0 0 0 0 0 2 0 10 20 22 0 5 0 0 1 10 0 1 12 3 0 0 33 22 17 36 36 25 0 0 0 0 0 0 0 0 0 0 0 0 0 0 0 0 0 0 1 0 0 0 0 0 0 0 0 0 0 11 0 0 0 0 0 0 0 0 1 1 0 0 0 0 0 0 0 0 0 0 0 0 0 0 13 0 0 0 0 36 14 0 0 15 15 16 35 5 0 0 7 14 14 49 20 2 10 0 20 0 0 0 0 1 0 0 0 0 0 0 0 0 0 2 0 0 0 0 0 0 0 0 0 0 0 0 0 0 0 0 0 0 0 0 0 0 0 0 0 0 0 0 0 1 0 0 0 0 0 0 0 0 0 0 0 0 0 0 0 0 0 0 0 0 1 21 1 2 1 0 0 101 0 0 0 0 2 2 0 0 0 0 0 0 0 0 0 0 0 3 0 0 0 0 0 0 12 0 0 0 0 0 0 0 0 0 0 0 0 
 346 114 172 106 67 247 211 0 110 151 401 118 177 115 199 454 215 255 286 40 1 0 0 2 1 2 4 0 1 0 0 3 0 3 0 1 0 0 0 0 2 62 1 0 3 0 0 0 0 0 3 2 0 0 0 0 0 2 0 0 0 5 0 0 0 6 3 0 3 0 0 0 0 0 41 0 0 0 2 0 32 39 6 32 0 0 22 13 1 0 36 5 13 17 41 20 0 50 17 0 0 0 0 0 0 0 0 0 0 0 0 0 2 0 0 0 0 0 0 0 0 0 0 0 0 0 0 0 0 0 0 0 0 0 0 0 0 0 0 0 0 0 0 0 0 0 0 2 0 20 1 0 0 0 0 0 0 0 0 0 20 10 8 3 9 0 0 13 11 28 0 0 11 0 1 16 0 1 10 0 0 0 0 0 0 0 0 0 0 0 0 0 0 0 0 0 0 0 0 0 0 0 2 0 0 0 0 0 0 0 0 0 0 0 2 0 0 0 6 0 0 0 0 0 0 0 0 1 0 0 0 0 0 0 0 0 0 1 0 0 0 0 0 0 0 2 1 0 2 6 1 5 0 0 0 0 0 0 0 0 0 0 0 0 0 0 0 0 0 0 0 0 0 0 0 0 16 29 0 0 0 0 0 0 0 0 0 0 0 0 
 124 85 142 176 158 259 151 110 0 109 390 34 257 300 418 327 531 228 216 260 11 0 0 4 3 1 0 0 0 0 2 2 73 3 0 0 0 0 0 0 63 0 0 0 3 6 0 0 0 0 3 0 0 0 0 0 2 2 0 2 0 0 0 0 0 51 3 0 0 0 0 0 0 0 0 2 3 0 2 0 17 17 0 7 1 9 1 29 1 14 35 10 10 0 32 26 35 27 0 12 0 0 0 0 0 0 0 0 0 0 0 0 3 0 0 0 0 0 23 0 0 0 0 0 0 1 0 0 0 0 0 0 0 0 0 0 0 0 0 0 2 0 0 0 0 0 0 1 0 0 0 0 0 0 0 0 0 0 0 0 4 49 3 13 6 9 0 13 13 40 25 16 26 38 5 25 33 12 16 11 0 0 0 0 0 0 10 0 0 0 0 0 8 8 0 14 12 0 34 0 0 0 0 0 0 0 0 0 0 0 0 0 0 0 1 0 0 0 0 0 0 0 0 0 0 0 0 2 0 12 0 0 0 0 0 2 0 0 0 0 0 3 0 0 0 0 93 0 2 8 0 4 0 0 0 0 0 2 0 0 0 0 9 0 0 0 2 0 0 0 0 0 0 0 0 15 0 5 0 0 0 0 0 0 0 0 0 0 0 0 
 58 238 247 177 343 65 32 151 109 0 152 162 37 145 128 291 174 164 86 100 0 105 0 2 2 0 0 73 0 0 0 2 1 3 0 0 0 0 118 76 0 0 1 0 3 0 0 0 0 0 3 0 0 0 0 0 0 2 0 0 0 0 0 0 0 0 3 0 0 0 0 0 0 0 0 0 0 0 2 0 18 0 0 23 7 0 14 10 27 111 36 57 0 0 26 18 8 32 0 9 15 0 0 0 18 0 14 0 27 0 0 19 14 0 0 0 0 35 24 10 0 0 0 0 0 0 0 0 0 0 22 0 0 0 0 0 0 0 0 2 0 0 0 0 0 8 0 0 0 0 0 16 0 0 0 0 0 0 0 0 0 0 0 7 35 16 0 0 12 10 23 1 14 14 26 8 32 22 18 0 0 0 0 0 0 0 0 0 0 0 0 0 0 12 0 0 0 0 0 0 0 0 0 0 0 0 0 0 0 0 0 0 0 0 0 0 0 0 0 0 0 17 0 0 0 0 0 0 0 0 0 0 0 0 0 0 0 0 0 0 0 16 0 0 0 1 1 0 3 91 1 2 0 0 0 0 0 0 0 0 0 0 0 0 0 0 0 0 0 0 0 0 0 0 0 0 20 0 0 0 0 0 0 0 0 0 0 0 0 0 
 208 38 129 213 287 117 285 401 390 152 0 152 258 127 78 391 178 59 141 569 1 209 0 2 0 0 0 0 0 0 0 3 64 3 0 0 1 0 29 75 63 0 3 0 3 0 0 0 0 0 3 0 0 0 0 65 0 2 0 0 0 0 0 0 0 0 52 0 0 0 0 0 0 0 0 0 0 0 2 0 25 20 0 19 40 15 0 13 39 19 9 0 1 0 10 11 0 25 0 20 20 0 0 0 1 0 12 0 19 0 0 0 17 0 0 0 0 0 1 11 0 0 0 0 0 0 0 0 0 0 0 0 0 0 0 0 0 0 8 0 4 0 0 1 0 0 0 0 0 0 0 1 0 0 0 0 0 0 0 0 6 23 9 0 33 17 11 1 32 21 0 9 1 0 20 25 0 15 2 14 0 0 1 0 0 0 15 0 0 0 1 0 6 21 0 0 0 0 0 2 0 0 0 0 0 0 0 0 0 0 0 0 0 0 0 0 2 1 0 0 0 0 0 0 0 0 2 0 0 0 0 0 0 0 0 0 0 0 0 0 0 20 0 0 0 2 4 0 3 1 2 8 0 0 0 0 0 0 0 0 48 0 0 1 0 0 0 0 0 0 0 0 0 0 0 0 0 11 0 0 0 0 0 0 0 0 0 0 0 0 
 36 214 183 134 184 87 109 118 34 162 152 0 35 109 140 43 212 69 43 263 1 47 0 2 0 0 110 76 0 0 1 3 38 3 0 3 0 0 78 75 0 0 3 0 3 0 0 0 0 0 3 0 0 0 0 0 35 2 0 0 0 0 0 0 0 0 2 44 0 0 0 0 0 0 0 0 0 0 2 3 17 6 18 15 73 0 0 19 75 32 0 20 0 21 13 10 0 0 0 0 32 0 0 0 1 0 30 16 11 11 0 0 35 9 0 1 15 8 47 0 0 0 0 0 0 0 0 0 0 0 0 0 2 0 0 0 0 0 0 0 0 0 0 0 0 5 0 0 1 0 4 0 0 0 0 0 0 0 0 0 0 41 21 6 27 0 11 2 11 0 4 19 0 0 0 43 18 19 0 19 20 1 1 0 0 1 0 0 0 0 2 0 6 18 0 2 0 12 0 35 0 0 0 0 0 0 0 0 0 1 0 1 0 0 0 0 0 0 0 0 0 0 0 0 0 0 0 0 0 0 0 0 0 0 0 0 0 0 0 0 0 0 0 0 0 2 2 0 6 99 0 14 0 0 0 0 0 0 0 0 0 0 0 0 0 0 0 0 0 0 0 0 0 0 0 0 18 0 0 0 0 0 0 0 0 0 0 0 0 0 
 183 53 62 116 95 32 203 177 257 37 258 35 0 113 344 147 120 134 351 72 1 0 0 2 0 0 0 0 0 1 0 3 0 3 0 0 0 0 0 0 0 0 2 0 3 0 0 0 0 0 3 7 0 0 0 0 0 2 0 0 0 0 0 0 0 0 4 0 7 0 0 0 0 0 0 4 0 0 2 0 15 15 0 13 1 14 0 13 0 0 9 0 44 0 49 0 32 19 2 0 0 10 0 0 0 0 0 0 0 0 0 0 0 0 0 0 0 0 0 0 0 0 17 0 0 0 0 0 0 9 0 0 0 0 0 0 0 0 0 0 0 0 0 0 0 0 0 0 0 0 0 0 0 0 0 0 0 0 0 0 17 20 0 14 0 0 0 14 14 35 0 22 16 0 4 1 21 9 19 16 0 12 0 0 0 0 0 0 0 0 0 0 0 0 0 0 0 0 32 0 0 0 0 0 0 0 16 0 0 0 0 0 0 0 0 0 0 0 0 0 0 0 0 0 1 0 0 0 0 0 0 0 0 0 3 0 0 0 0 0 0 0 0 0 0 0 11 0 0 0 0 8 0 0 0 0 0 0 0 0 0 0 14 0 0 0 0 0 0 0 0 0 0 0 0 0 0 0 0 0 0 0 0 0 0 0 0 0 0 0 
 141 169 148 133 50 43 130 115 300 145 127 109 113 0 109 144 110 327 175 295 1 1 0 2 0 0 0 0 2 2 203 3 0 3 0 0 0 0 0 0 1 0 3 0 34 0 0 0 0 0 3 0 0 0 0 0 0 3 0 0 0 0 0 0 0 0 2 0 0 0 0 0 1 0 0 0 0 0 2 0 33 10 28 6 80 19 10 42 20 33 10 0 0 26 39 2 20 13 0 13 0 1 0 0 1 0 0 0 0 0 0 0 14 0 0 0 0 0 0 19 0 19 0 0 2 0 0 0 0 0 0 0 0 0 0 0 0 0 0 0 0 0 0 0 0 0 0 0 0 0 0 0 0 0 0 0 1 8 0 0 4 17 0 10 25 32 55 0 38 48 25 7 0 0 26 1 0 20 14 22 0 1 0 0 0 0 20 0 2 0 0 2 18 0 0 0 0 0 2 17 0 0 0 0 0 0 0 0 0 0 0 0 0 0 0 0 0 0 0 14 0 49 0 0 0 0 11 0 0 0 0 0 0 0 0 0 0 0 0 0 0 22 0 0 0 1 3 0 0 89 2 12 0 0 0 0 0 0 0 0 0 0 14 0 0 0 0 0 0 0 0 0 0 0 52 0 0 0 0 0 0 0 0 0 0 0 0 0 0 0 
 247 140 449 65 99 103 183 199 418 128 78 140 344 109 0 275 70 39 94 237 10 0 1 7 2 1 2 6 1 0 2 4 2 3 4 2 0 1 2 0 0 0 3 2 3 0 0 0 1 29 3 0 0 0 3 6 4 2 0 0 0 5 2 0 2 3 2 3 10 0 3 6 0 5 4 0 3 2 2 0 36 14 12 17 8 0 13 15 0 75 0 0 88 11 29 14 0 59 29 14 0 0 0 0 0 0 8 0 9 0 0 0 0 0 0 0 0 0 0 0 0 0 0 0 0 0 0 0 0 0 0 0 0 0 0 0 0 11 0 0 0 0 12 0 0 9 0 0 0 0 0 0 0 0 0 0 0 0 0 0 30 6 23 7 1 0 0 10 0 12 0 2 20 0 2 24 16 57 6 0 0 0 0 0 0 0 0 0 0 0 0 0 0 0 0 0 0 0 0 0 0 0 0 0 0 0 0 0 0 0 0 0 0 0 0 0 0 0 0 0 0 0 0 0 0 0 0 0 0 0 0 0 0 0 0 0 0 0 0 0 0 14 0 0 0 0 2 2 5 3 2 9 0 0 0 0 1 0 0 0 0 0 0 0 0 1 0 0 0 0 0 0 2 0 2 0 0 10 0 0 0 0 0 0 0 0 0 0 0 0 
 280 287 34 784 81 62 32 454 327 291 391 43 147 144 275 0 73 136 128 67 2 0 0 2 0 0 83 0 0 0 0 3 5 3 0 66 0 0 0 0 0 1 3 0 3 0 0 0 0 0 3 0 0 0 0 0 0 2 0 0 0 0 0 0 0 0 2 0 0 0 1 0 0 0 1 0 1 0 2 0 26 36 2 13 14 14 10 10 0 11 17 0 1 1 23 11 12 0 0 19 4 21 0 0 0 0 1 11 0 0 0 0 3 0 0 0 0 0 0 0 0 0 0 0 0 0 0 0 0 0 0 0 0 0 0 0 0 0 0 0 6 0 0 0 0 0 0 0 0 0 0 0 0 0 0 0 0 0 0 0 0 13 56 51 1 0 0 0 14 32 0 11 0 0 9 14 19 7 0 22 0 0 0 0 0 0 0 0 0 0 0 0 0 0 0 0 0 0 8 0 0 0 0 0 0 0 0 0 0 0 0 0 0 0 0 0 0 0 0 0 0 0 0 0 1 0 0 0 0 0 0 0 0 0 0 13 0 0 0 0 0 14 0 0 0 4 7 0 3 4 2 7 1 0 0 0 0 0 0 0 0 0 12 0 0 0 0 0 0 0 0 0 0 0 0 17 0 16 0 0 0 0 0 0 0 0 0 0 0 0 
 29 254 223 133 370 51 328 215 531 174 178 212 120 110 70 73 0 164 44 22 0 0 0 2 0 0 0 2 0 0 0 3 1 3 0 2 2 1 74 0 0 2 4 0 5 0 0 0 0 1 3 0 0 0 0 0 0 2 0 0 0 0 0 0 0 0 3 0 0 0 0 0 0 0 0 0 0 0 2 0 0 39 14 34 7 14 0 14 27 35 1 46 19 14 80 24 21 29 0 13 0 0 0 0 0 0 9 0 2 0 0 0 0 0 0 0 15 0 0 0 0 0 0 0 0 0 2 0 0 0 0 0 0 0 0 0 0 0 0 0 0 0 0 1 0 0 0 0 0 0 0 2 0 0 0 0 0 1 2 0 10 3 0 18 20 10 10 9 7 29 17 17 9 1 16 0 30 48 17 15 0 0 0 0 0 0 0 0 0 0 0 0 0 12 0 0 0 0 9 33 1 0 0 0 0 0 0 0 0 0 0 0 0 0 0 0 0 1 0 0 7 0 0 0 0 0 2 0 0 0 0 0 0 0 0 0 0 0 0 0 0 0 0 0 0 3 1 1 3 173 1 5 0 0 0 0 0 0 0 0 0 0 7 0 0 0 0 0 0 0 0 0 0 0 0 0 34 31 0 0 0 0 0 0 0 0 0 0 0 0 
 248 124 253 132 219 202 306 255 228 164 59 69 134 327 39 136 164 0 44 35 0 71 0 2 2 0 0 208 0 0 0 3 99 3 0 2 0 0 77 78 0 0 3 0 3 0 0 0 0 0 3 0 0 0 0 0 0 2 0 0 0 1 0 0 0 0 2 0 0 0 0 0 0 0 0 0 0 0 2 0 0 0 0 16 21 9 50 10 0 45 16 18 0 1 16 13 64 55 0 21 0 0 0 0 15 0 18 0 10 3 0 2 23 10 0 0 0 2 59 41 2 0 0 0 0 0 0 0 0 0 2 17 14 0 0 0 19 1 2 0 0 0 0 0 0 0 0 0 0 1 0 0 0 0 0 0 0 0 0 0 0 7 0 16 14 0 0 0 0 37 44 42 10 12 10 9 26 18 15 18 1 1 0 0 0 0 28 0 14 0 2 0 1 21 0 0 0 2 31 5 0 0 0 0 2 14 0 0 0 0 0 0 0 0 0 0 0 0 0 0 17 2 0 14 0 0 0 0 0 0 1 0 0 0 0 0 0 0 0 0 0 0 0 0 0 6 95 2 86 88 5 0 0 0 0 0 0 0 0 0 0 0 15 0 2 0 0 0 0 0 0 0 0 0 0 0 13 0 0 0 0 0 0 0 0 0 0 0 0 0 
 135 141 158 295 81 281 52 286 216 86 141 43 351 175 94 128 44 44 0 86 4 0 41 2 0 0 1 0 73 0 35 3 0 5 1 0 1 0 1 0 0 0 4 3 3 0 4 0 1 2 3 0 0 0 0 2 2 2 0 0 0 4 1 0 4 1 3 0 2 0 3 3 0 0 2 0 1 2 2 0 44 16 2 15 0 0 10 33 0 13 42 17 14 3 28 17 0 12 6 0 0 0 0 0 0 0 0 0 0 0 0 0 0 0 0 0 0 0 0 0 0 0 0 0 0 0 1 0 0 0 0 0 0 1 0 0 0 0 0 1 0 0 0 0 0 0 0 0 0 0 0 0 0 0 0 0 0 0 11 0 49 25 0 0 9 0 0 1 15 0 0 0 14 2 18 13 9 10 22 1 0 0 0 0 0 0 0 0 3 7 0 0 0 0 0 0 0 0 0 0 0 0 0 0 0 0 0 0 1 2 0 0 0 0 0 0 0 0 0 0 0 0 0 0 0 0 1 0 0 0 1 0 0 0 0 0 0 0 0 0 0 1 0 0 0 0 9 0 2 89 1 16 0 0 0 1 0 0 0 0 0 0 2 0 0 0 2 0 0 0 0 0 0 0 0 0 19 0 0 0 0 0 0 17 0 0 0 0 0 0 
 38 47 29 55 88 283 307 40 260 100 569 263 72 295 237 67 22 35 86 0 1 0 0 2 0 1 0 42 0 104 2 3 0 3 0 0 0 0 0 1 0 0 3 4 3 0 0 0 0 0 3 5 0 0 0 0 0 2 0 0 0 6 0 0 1 0 2 0 8 0 0 0 0 2 0 0 0 5 7 0 0 0 16 0 0 0 24 0 0 4 0 9 0 24 1 22 20 22 70 10 0 1 0 0 1 0 0 0 0 0 0 0 0 0 0 0 0 14 0 0 0 0 0 0 2 0 0 0 1 0 0 0 0 0 0 0 0 0 0 0 0 0 0 0 0 0 0 0 0 0 0 7 0 20 0 0 16 0 0 0 26 0 0 0 0 0 10 49 0 0 5 0 1 35 44 0 0 1 19 0 0 1 0 0 0 0 0 0 2 0 0 2 0 0 0 0 0 0 2 0 0 0 0 0 0 0 0 0 0 0 0 0 0 0 0 0 0 0 0 2 0 0 0 0 0 0 0 0 0 0 0 0 0 0 0 0 0 0 47 0 0 0 0 0 0 3 2 0 0 1 0 9 0 0 1 0 0 0 0 0 0 0 0 0 0 0 0 0 0 0 0 0 0 1 0 0 0 0 0 0 0 0 0 0 0 0 0 0 0 0 
 2 0 1 1 0 0 2 1 11 0 1 1 1 1 10 2 0 0 4 1 0 204 149 72 204 39 101 76 36 114 66 253 62 432 724 97 138 49 71 276 3 0 0 0 63 0 0 0 0 5 0 0 2 0 0 3 0 0 3 0 0 2 0 3 0 0 0 0 0 3 0 0 0 0 4 0 0 0 0 0 0 0 0 0 0 0 0 0 0 0 0 0 0 0 0 0 0 0 0 0 0 33 21 10 15 10 0 15 24 1 8 25 0 15 23 7 12 37 0 0 0 0 0 0 0 0 0 0 0 0 0 0 0 0 1 0 0 0 20 32 0 0 0 0 0 0 0 0 0 0 0 0 0 0 8 0 0 0 0 0 0 0 0 0 0 0 0 0 0 0 0 0 0 0 0 5 0 0 14 0 7 13 26 19 11 13 0 12 56 33 20 34 0 7 36 30 1 0 0 0 0 0 0 0 0 0 0 0 0 0 0 0 26 0 0 0 0 0 4 0 0 0 0 0 13 0 0 0 0 0 0 0 0 0 0 0 19 0 0 0 0 0 0 0 0 0 0 0 0 0 0 0 0 0 1 2 3 0 88 2 2 38 0 0 0 67 0 0 0 0 0 0 0 0 0 19 0 0 0 0 0 0 0 0 0 0 0 0 0 12 
 0 0 0 0 2 77 2 0 0 105 209 47 0 1 0 0 0 71 0 0 204 0 186 150 252 109 134 292 357 250 40 42 106 108 121 147 133 47 401 135 3 2 0 0 0 0 0 0 0 0 0 0 92 0 0 0 0 0 3 2 0 2 0 3 0 0 0 0 0 3 0 0 0 0 0 0 0 2 0 0 0 0 0 0 9 4 0 0 0 0 0 1 0 0 0 0 0 0 0 0 41 40 0 0 18 11 13 44 29 25 0 12 0 19 18 0 6 35 24 10 0 1 0 0 0 0 0 0 0 0 0 0 0 0 2 0 6 0 0 11 0 0 1 0 0 8 0 0 14 0 4 0 0 2 0 0 0 0 0 0 0 0 0 0 7 14 0 0 1 0 2 0 0 0 0 29 0 0 0 1 27 37 21 7 11 3 8 22 11 0 31 1 17 8 8 23 1 23 9 28 2 0 0 0 0 2 0 0 0 0 0 0 0 0 1 0 0 0 22 0 0 0 0 0 0 0 0 0 0 0 1 0 0 13 0 0 0 0 0 0 0 0 0 0 0 0 0 0 0 0 0 0 0 0 4 14 2 0 3 0 2 0 0 0 0 0 0 0 0 0 0 0 0 0 0 0 0 0 0 0 0 0 0 0 0 0 4 0 0 0 
 0 0 0 0 0 77 0 0 0 0 0 0 0 0 1 0 0 0 41 0 149 186 0 178 139 111 70 126 383 217 245 322 75 144 179 50 338 746 136 142 3 2 0 0 0 0 0 0 0 0 0 0 2 0 0 5 0 0 3 0 0 2 0 3 0 0 0 51 0 3 0 0 0 0 0 0 0 0 0 0 0 0 0 0 0 13 0 0 0 0 1 0 0 0 0 0 0 0 0 0 14 27 27 3 14 1 0 10 7 1 3 18 0 27 25 27 27 0 0 2 0 0 0 0 0 0 1 4 0 0 0 0 0 0 0 0 0 23 0 2 0 6 0 9 0 0 0 0 0 0 0 0 0 0 1 0 0 0 23 0 0 0 0 0 10 0 0 0 0 0 0 0 0 0 0 5 0 0 0 0 40 24 10 18 1 0 12 30 40 35 11 29 9 23 39 1 36 34 1 0 0 0 2 0 2 0 8 0 0 0 0 0 17 0 0 2 0 0 7 2 0 0 0 0 19 0 0 0 0 0 0 0 0 17 2 0 0 0 0 0 0 0 0 0 0 0 0 0 0 0 0 0 0 0 8 0 0 191 3 0 4 0 0 0 0 0 17 0 0 17 0 0 0 0 0 0 0 0 0 0 0 0 0 0 0 0 0 0 0 0 
 2 2 2 2 2 80 2 2 4 2 2 2 2 2 7 2 2 2 2 2 72 150 178 0 64 127 389 167 366 122 62 192 62 596 131 181 83 120 71 82 3 1 0 0 0 0 0 0 7 0 0 0 20 0 5 0 0 0 3 0 0 2 0 3 26 0 0 0 0 3 0 1 0 0 0 2 0 0 0 0 0 0 0 0 0 1 0 0 0 0 0 0 0 0 0 0 0 0 0 0 50 12 51 28 17 18 0 25 0 23 15 0 0 16 36 0 10 21 0 0 16 9 0 0 0 0 0 7 0 0 12 0 0 0 24 0 10 0 0 0 0 0 0 0 7 0 0 0 0 0 0 0 0 0 2 0 0 0 0 0 0 0 0 0 0 12 0 0 1 0 0 0 12 0 0 6 0 0 0 0 12 30 35 32 11 18 0 45 0 12 0 0 0 9 31 33 31 12 14 0 1 0 0 0 0 0 0 0 0 0 0 0 0 12 13 0 0 13 7 18 0 0 0 0 1 0 0 0 0 0 0 0 0 0 0 0 0 0 0 0 0 0 13 0 2 0 0 0 0 0 0 0 0 0 0 0 0 3 0 0 1 15 0 0 0 0 0 0 0 0 0 0 0 0 0 0 0 0 0 11 0 0 17 0 0 0 12 0 0 0 
 0 0 0 0 3 0 3 1 3 2 0 0 0 0 2 0 0 2 0 0 204 252 139 64 0 110 49 78 84 291 415 244 74 453 124 103 65 253 80 172 65 1 0 0 0 3 0 29 0 0 0 0 2 96 3 4 0 0 32 62 0 2 0 3 0 0 0 0 0 3 0 0 0 0 0 0 0 6 29 1 0 0 0 0 2 0 0 0 0 0 0 0 0 0 0 2 0 0 0 0 0 28 14 10 0 0 0 1 22 0 31 20 0 16 14 13 1 6 0 0 7 7 4 0 0 0 25 2 0 23 0 0 25 0 0 0 10 0 27 7 0 0 0 0 2 0 0 0 0 0 0 0 0 0 0 0 0 0 0 2 0 0 0 0 0 0 0 0 0 0 10 0 0 0 0 7 0 0 0 0 13 0 0 11 32 10 0 15 23 22 0 17 0 0 0 31 8 13 0 0 16 0 17 0 0 0 8 10 11 0 0 1 7 18 0 11 0 0 21 0 0 0 0 0 29 0 0 0 0 0 0 0 0 0 0 0 9 0 0 1 0 0 0 0 0 1 0 0 0 0 0 0 0 0 3 0 2 77 92 3 2 1 0 0 0 0 0 0 0 0 0 0 0 0 0 0 0 0 0 0 0 11 0 0 0 0 0 0 0 0 
 74 0 4 0 3 0 0 2 1 0 0 0 0 0 1 0 0 0 0 1 39 109 111 127 110 0 40 111 166 128 104 44 34 34 67 95 68 150 54 127 4 70 1 3 0 2 1 1 37 5 0 0 5 0 61 0 0 1 75 59 1 2 0 54 0 0 0 0 2 50 0 0 0 0 0 6 0 0 0 0 0 0 0 0 0 0 0 0 0 0 6 0 0 0 0 0 0 0 0 0 0 0 2 31 14 34 2 0 8 18 14 60 0 0 0 13 33 12 0 2 16 36 13 14 0 0 12 0 0 0 20 0 2 0 17 0 0 0 2 24 0 4 0 0 0 12 0 7 0 2 0 0 0 0 0 0 0 0 10 0 0 0 0 18 0 0 10 0 0 0 0 0 0 7 0 0 0 0 0 0 0 0 12 0 12 20 0 0 0 13 9 28 0 16 6 7 0 0 0 0 16 0 1 16 0 0 0 12 0 0 9 1 24 10 19 0 0 0 1 14 0 0 0 0 0 1 0 0 0 1 0 0 0 0 0 0 0 0 11 0 0 0 3 0 0 0 0 0 0 0 0 0 0 0 3 0 6 41 0 1 0 1 0 0 0 0 0 0 0 0 0 0 0 0 0 0 0 0 0 0 0 0 27 0 0 1 0 0 0 0 
 0 0 0 0 0 2 0 4 0 0 0 110 0 0 2 83 0 0 1 0 101 134 70 389 49 40 0 156 259 105 109 39 188 303 131 33 109 27 177 138 20 63 0 0 1 0 0 0 0 0 0 0 2 0 203 0 0 0 3 13 0 2 0 3 0 0 3 0 0 3 0 0 0 4 0 48 0 0 3 0 1 9 0 0 7 0 0 0 0 0 0 8 0 0 0 0 0 0 0 0 15 20 12 8 17 0 1 58 11 29 12 0 0 20 25 1 14 3 33 0 0 0 2 0 0 0 0 0 0 1 0 0 0 0 0 0 0 0 0 0 0 0 0 0 0 10 0 0 0 0 7 0 0 0 0 0 0 0 0 0 4 0 12 2 8 7 0 0 0 0 1 0 0 0 0 0 0 4 0 0 10 0 20 11 0 0 0 0 0 0 0 0 28 0 12 1 8 52 20 40 0 0 0 1 0 0 0 0 0 0 0 0 0 0 0 15 0 0 13 8 0 0 0 0 0 0 0 0 1 0 0 0 0 0 0 0 0 0 0 0 0 0 2 0 0 0 0 0 0 0 0 0 10 0 6 2 0 76 0 2 4 0 0 0 0 0 0 0 0 0 0 2 0 0 0 15 0 0 0 17 0 0 0 0 0 0 0 0 0 0 
 0 0 1 0 74 98 0 0 0 73 0 76 0 0 6 0 2 208 0 42 76 292 126 167 78 111 156 0 143 28 464 33 283 135 71 134 345 252 212 131 4 61 0 61 0 0 0 0 0 0 1 0 2 0 0 6 0 0 3 0 0 4 0 3 0 0 0 0 0 3 4 0 0 0 5 0 0 0 0 0 0 0 0 0 6 8 0 0 1 0 0 0 0 0 0 0 0 19 0 0 46 24 0 0 11 0 1 52 0 24 1 6 0 21 63 18 9 14 1 18 0 0 0 0 0 0 0 0 0 0 0 0 0 0 0 0 0 0 0 0 0 0 0 0 0 4 2 0 2 0 4 0 1 30 0 0 0 0 0 0 0 0 0 0 9 0 0 0 11 0 2 0 0 0 0 0 0 0 0 0 69 22 13 0 0 0 0 12 19 24 0 0 26 21 26 47 24 33 28 23 1 0 0 0 0 0 0 0 0 0 0 0 0 0 0 0 0 0 0 0 0 0 1 0 0 0 0 0 0 0 0 0 11 36 0 0 1 0 1 0 0 0 0 0 0 0 0 0 0 0 0 0 11 13 5 2 0 0 2 0 3 2 0 0 0 0 0 0 0 0 0 0 0 0 0 0 0 0 0 0 0 0 0 0 0 0 0 0 0 0 
 0 3 2 0 0 0 0 1 0 0 0 0 0 2 1 0 0 0 73 0 36 357 383 366 84 166 259 143 0 219 434 247 317 189 297 98 112 410 74 293 3 2 0 0 0 0 0 63 5 2 0 0 64 0 1 0 0 0 82 128 0 2 0 3 0 0 35 0 0 3 0 0 0 0 0 0 0 0 0 0 0 0 0 0 0 7 1 0 0 0 0 0 0 0 0 0 0 0 0 0 1 23 21 58 0 28 1 28 0 14 29 22 0 0 0 37 9 0 0 1 8 4 0 0 0 0 17 9 0 0 0 0 7 0 1 0 0 0 42 24 0 6 0 0 0 1 0 5 0 16 0 0 0 0 0 0 0 0 6 0 0 12 0 0 0 12 24 0 0 0 0 33 0 0 0 0 1 0 0 0 0 8 1 18 15 29 0 0 0 19 0 19 12 0 1 9 0 0 8 19 0 0 0 0 0 0 1 0 1 0 0 0 10 0 0 0 0 0 30 9 0 0 0 0 0 0 0 0 0 2 0 2 0 0 0 0 0 0 0 0 0 0 0 0 0 0 0 0 0 0 0 0 0 0 10 0 2 85 0 0 1 0 0 0 0 0 0 0 0 0 0 0 0 0 0 0 0 0 0 0 0 6 0 0 0 0 8 0 0 0 
 0 0 0 0 0 3 0 0 0 0 0 0 1 2 0 0 0 0 0 104 114 250 217 122 291 128 105 28 219 0 352 35 54 317 209 457 133 47 166 216 69 2 0 0 0 0 0 0 0 5 0 0 2 62 0 0 2 0 3 0 0 2 0 3 2 0 51 0 0 3 0 0 0 0 2 0 0 0 0 0 0 0 0 0 0 8 0 0 0 0 0 0 0 0 0 0 0 0 0 0 12 0 46 17 21 9 0 19 18 24 32 23 0 20 12 8 0 0 0 1 0 2 0 0 0 0 11 0 0 0 0 0 20 0 0 0 0 0 21 19 0 0 0 0 0 0 0 7 0 3 0 44 0 0 0 0 0 0 0 0 9 0 0 0 0 0 0 0 0 0 0 0 0 0 0 1 0 0 0 0 11 13 8 21 37 14 7 13 1 1 0 20 0 0 0 1 39 24 0 0 0 0 1 0 0 0 0 0 1 0 0 0 10 0 0 0 0 0 22 43 0 0 0 0 0 0 0 0 0 2 0 2 0 0 7 0 9 0 0 0 0 0 0 0 0 0 0 0 0 0 0 0 0 0 10 0 0 80 75 0 2 0 0 0 0 0 14 0 0 0 0 0 0 0 0 0 0 0 0 10 0 23 0 0 0 0 0 0 0 1 
 0 0 1 0 0 2 2 0 2 0 0 1 0 203 2 0 0 0 35 2 66 40 245 62 415 104 109 464 434 352 0 60 246 118 426 373 517 56 114 216 3 2 0 1 0 0 1 0 0 1 0 0 2 3 2 5 0 0 72 59 0 2 0 4 4 0 0 0 3 3 0 0 0 0 0 0 0 0 1 0 0 0 0 0 0 10 0 0 0 0 0 0 0 0 0 0 0 0 0 0 39 10 25 35 15 10 0 21 0 16 11 2 0 27 1 19 1 20 0 0 15 0 3 0 0 0 11 0 0 0 0 0 0 0 0 0 0 0 1 5 0 0 0 0 0 0 0 0 1 0 1 0 0 0 0 0 0 0 0 0 0 0 0 0 0 0 13 0 0 0 0 0 0 7 0 0 0 0 1 0 17 23 20 1 0 11 8 79 0 11 0 1 0 18 10 24 48 20 9 1 2 0 1 0 0 0 0 0 0 0 0 0 2 0 0 9 0 0 0 9 0 0 2 0 0 0 0 0 0 0 0 0 9 0 0 0 0 0 0 0 0 0 0 0 0 0 0 0 0 0 0 0 0 0 8 4 5 1 73 3 1 12 0 0 0 0 25 0 0 0 0 0 0 0 0 0 0 0 0 19 0 0 0 19 0 0 0 0 0 0 
 3 5 3 3 3 3 5 3 2 2 3 3 3 3 4 3 3 3 3 3 253 42 322 192 244 44 39 33 247 35 60 0 49 113 47 40 66 196 243 24 101 63 0 0 4 0 0 29 0 0 0 0 4 127 5 0 0 0 33 0 0 2 0 3 0 0 0 0 0 3 0 0 0 0 0 0 0 0 0 0 0 0 0 0 0 0 0 0 0 0 0 0 0 0 0 0 0 0 0 0 0 15 0 0 12 10 0 4 16 0 25 0 0 12 8 0 0 0 0 0 7 43 32 19 0 0 39 0 0 39 9 0 15 0 0 0 11 0 34 7 0 0 0 0 0 0 0 0 0 0 0 0 0 0 0 0 0 0 0 0 0 0 0 0 0 0 0 0 0 0 0 0 0 0 0 17 0 0 0 0 0 0 0 8 40 0 0 17 13 13 0 10 0 0 0 0 0 2 0 0 47 12 12 9 0 0 27 27 16 0 7 0 16 30 0 13 13 13 12 1 0 0 0 0 9 0 0 0 0 0 0 0 0 6 0 0 8 0 0 0 0 0 1 0 0 0 0 0 0 0 0 0 0 0 0 2 0 1 76 0 1 0 0 0 0 0 0 0 0 0 0 0 0 0 0 0 0 0 0 0 0 12 11 0 11 0 0 0 0 0 
 0 0 76 0 0 26 0 0 73 1 64 38 0 0 2 5 1 99 0 0 62 106 75 62 74 34 188 283 317 54 246 49 0 213 83 50 264 53 197 430 22 36 0 0 0 0 0 0 0 0 0 0 2 0 0 0 0 1 67 1 0 2 0 3 0 0 0 0 0 3 6 0 0 0 2 0 0 0 0 0 0 0 0 11 3 11 0 0 1 0 0 0 0 0 0 0 1 14 0 0 6 23 0 0 0 0 16 28 0 12 0 0 40 29 22 12 0 3 45 23 0 0 0 0 0 0 0 0 0 0 2 0 0 0 0 0 0 0 0 0 0 0 0 0 0 12 0 0 0 2 7 0 0 0 0 0 0 0 0 0 0 0 18 37 8 18 0 0 0 5 0 12 0 0 0 0 0 0 0 0 0 8 6 0 0 0 38 11 22 0 8 0 27 15 0 3 0 3 18 53 0 0 0 0 0 0 0 0 0 0 0 0 0 0 0 0 0 0 0 2 0 0 0 0 0 0 0 0 0 0 0 0 0 12 0 0 0 0 1 0 0 0 0 0 0 0 0 0 17 0 10 0 25 0 402 2 0 0 2 0 11 0 0 0 0 0 0 0 0 0 0 0 0 0 0 21 13 0 0 0 0 0 0 0 0 0 0 0 0 0 
 3 3 3 3 3 79 3 3 3 3 3 3 3 3 3 3 3 3 5 3 432 108 144 596 453 34 303 135 189 317 118 113 213 0 262 225 159 190 322 107 3 69 0 0 0 0 0 0 0 5 0 2 2 0 0 4 0 0 205 1 0 2 0 2 6 0 0 0 0 3 4 0 0 0 4 0 0 0 0 0 2 0 0 0 0 1 0 0 0 0 0 0 0 0 0 0 0 0 0 0 0 58 43 33 10 0 0 30 27 10 20 78 0 10 50 7 12 18 0 13 0 0 1 0 0 0 0 0 0 2 0 0 0 0 20 0 0 1 22 34 0 5 0 0 0 0 0 2 0 1 0 0 0 0 8 0 0 0 7 0 0 0 2 14 0 0 0 0 1 0 2 0 0 0 0 0 0 0 0 0 20 2 19 30 18 2 0 0 41 28 11 30 19 0 23 19 37 25 13 7 0 0 0 0 0 0 0 0 0 0 0 0 36 0 0 0 0 0 17 12 0 0 0 0 22 0 0 0 2 0 0 0 0 0 0 0 5 0 0 0 0 0 1 0 0 0 0 0 0 0 0 0 38 0 6 1 0 79 10 1 2 1 0 0 0 0 0 0 0 0 0 0 0 0 0 1 2 0 0 12 0 0 0 0 0 0 0 0 0 0 
 0 0 0 0 0 1 0 0 0 0 0 0 0 0 4 0 0 0 1 0 724 121 179 131 124 67 131 71 297 209 426 47 83 262 0 194 43 32 61 155 3 1 0 0 0 0 0 0 0 0 0 0 2 0 0 0 0 0 3 71 0 2 0 3 0 0 0 0 0 3 0 0 0 0 0 0 0 0 0 0 0 0 0 0 0 13 0 0 0 0 0 0 0 0 0 0 0 0 0 0 12 12 21 7 22 0 18 21 12 55 17 8 0 53 56 0 0 1 0 0 0 8 0 0 0 0 7 9 0 0 0 0 0 0 0 0 0 0 0 0 0 0 0 0 0 0 0 0 0 0 0 0 0 0 0 0 0 0 0 0 0 0 0 0 0 9 0 0 0 0 0 0 0 0 0 4 0 0 0 0 14 49 32 28 12 17 18 48 16 28 20 35 0 17 17 50 16 23 40 14 0 0 0 0 0 0 0 0 0 0 0 0 0 0 0 0 0 0 0 7 0 0 0 0 8 0 0 0 0 0 0 0 0 26 0 0 9 0 0 0 0 0 0 0 0 0 0 0 0 0 0 0 0 0 3 0 2 2 79 2 3 12 0 0 0 0 10 0 0 0 0 0 0 0 0 0 0 0 0 9 0 0 0 0 0 0 0 0 0 0 
 1 0 0 0 0 0 0 1 0 0 0 3 0 0 2 66 2 2 0 0 97 147 50 181 103 95 33 134 98 457 373 40 50 225 194 0 205 103 52 94 3 2 1 0 0 0 0 0 4 8 0 0 75 0 1 0 0 0 5 73 0 2 0 4 0 0 0 0 102 3 0 0 0 0 0 0 0 0 0 0 0 0 0 0 0 8 0 0 0 0 0 0 0 0 0 0 0 0 0 0 6 10 40 12 14 23 0 47 22 24 31 8 0 0 29 57 0 0 2 0 8 0 0 0 0 0 0 18 0 7 0 0 8 0 1 0 0 0 47 16 2 1 0 0 0 0 0 0 0 0 0 0 0 0 8 2 0 0 0 0 0 0 0 0 0 0 13 0 0 0 0 0 0 0 2 1 0 2 0 0 33 22 21 35 36 55 0 0 19 23 12 25 12 0 3 0 3 17 0 0 0 0 0 1 0 0 0 1 2 0 0 0 3 0 0 0 0 8 20 0 0 0 0 0 0 0 0 1 0 0 0 0 0 0 0 0 9 0 0 0 0 0 0 0 0 2 0 0 0 0 0 0 0 0 0 0 2 75 78 9 0 19 0 0 0 0 0 0 0 0 0 0 0 0 0 0 0 0 0 12 0 8 0 0 0 0 14 0 0 0 
 0 0 0 0 35 73 0 0 0 0 1 0 0 0 0 0 2 0 1 0 138 133 338 83 65 68 109 345 112 133 517 66 264 159 43 205 0 366 25 244 4 1 0 0 0 0 0 110 8 5 0 0 3 0 1 0 0 0 3 0 0 53 0 3 0 0 0 0 0 3 0 0 0 0 0 0 0 0 0 0 0 0 0 0 0 0 0 0 0 0 2 0 0 0 0 0 0 0 0 0 0 12 48 11 8 18 0 15 19 36 7 25 9 0 12 26 28 20 0 12 0 0 0 0 0 0 0 0 0 0 0 0 21 0 0 0 0 0 19 41 0 3 0 0 0 0 0 0 0 0 0 0 0 0 3 0 0 0 5 0 0 0 0 0 0 0 0 0 4 0 0 0 0 2 0 0 0 0 0 0 31 0 47 40 17 9 0 15 8 15 40 24 1 10 24 21 14 1 2 0 0 0 1 0 1 0 12 0 0 0 0 0 12 0 1 1 0 0 11 16 0 0 0 0 0 0 0 0 0 0 0 0 0 0 1 0 0 0 0 6 0 0 0 0 0 0 0 0 0 0 0 0 0 0 3 1 0 47 0 0 4 0 0 0 0 0 0 0 0 0 0 0 0 0 0 0 0 0 0 0 0 17 0 0 0 0 0 0 0 0 
 0 0 74 0 0 0 0 0 0 0 0 0 0 0 1 0 1 0 0 0 49 47 746 120 253 150 27 252 410 47 56 196 53 190 32 103 366 0 245 250 40 1 4 0 2 0 0 0 5 2 0 0 25 3 14 0 0 0 23 91 3 2 3 2 0 1 3 0 0 5 0 0 0 0 0 30 0 2 0 6 0 0 0 0 0 0 0 0 0 0 0 0 0 0 0 0 1 0 0 0 1 24 0 10 19 31 0 1 11 19 7 14 0 13 7 18 10 0 0 0 13 26 7 0 3 0 21 6 0 11 1 0 8 2 18 0 0 0 16 13 0 7 0 0 0 0 0 3 0 0 0 0 0 0 4 0 0 0 11 0 0 0 0 0 0 0 2 0 0 0 0 0 0 0 0 4 0 0 0 0 40 1 9 13 13 21 0 11 31 27 23 37 0 0 1 0 0 0 0 0 4 0 1 0 0 0 1 8 7 0 0 0 1 56 29 0 0 0 0 9 1 0 0 0 6 0 0 12 0 0 0 0 0 0 0 0 7 0 0 0 0 0 2 0 0 0 0 0 0 0 0 0 0 0 10 0 1 111 73 0 2 0 0 0 0 0 0 0 0 0 0 0 0 0 0 0 0 0 0 0 0 0 10 0 0 8 12 0 0 0 
 2 75 0 0 154 202 0 0 0 118 29 78 0 0 2 0 74 77 1 0 71 401 136 71 80 54 177 212 74 166 114 243 197 322 61 52 25 245 0 165 3 1 0 2 0 0 0 0 75 0 0 0 2 0 0 0 0 0 3 0 0 2 0 3 0 0 0 0 0 3 0 0 0 0 0 0 0 0 0 17 0 0 0 0 24 19 0 0 47 18 0 0 0 0 0 0 0 7 0 0 41 21 11 2 10 0 11 71 13 26 0 0 29 31 7 9 0 15 2 12 0 0 0 0 0 0 0 0 0 0 0 0 0 0 0 0 0 2 0 0 0 0 0 0 0 6 12 0 0 0 4 0 0 0 0 0 0 0 0 0 0 0 0 0 36 0 0 0 15 0 12 0 0 0 1 7 0 0 0 0 12 19 13 7 0 0 10 16 13 13 0 0 2 22 8 32 13 34 12 14 0 0 0 0 0 0 0 2 0 0 0 0 0 0 0 0 0 0 0 0 9 0 0 0 0 0 0 0 2 0 0 0 0 0 0 0 0 0 0 0 0 20 0 0 0 0 0 0 2 0 11 0 1 1 0 0 1 0 0 0 1 1 0 0 0 0 13 0 0 0 0 0 0 0 0 0 24 0 0 0 0 0 0 0 0 0 0 0 0 0 
 0 0 0 0 1 81 1 0 0 76 75 75 0 0 0 0 0 78 0 1 276 135 142 82 172 127 138 131 293 216 216 24 430 107 155 94 244 250 165 0 65 1 1 0 2 0 0 0 0 0 2 0 2 2 0 210 2 0 3 0 0 2 0 3 0 0 0 0 0 3 0 0 0 32 0 56 11 0 0 0 0 0 0 10 36 22 0 0 0 0 0 36 0 0 0 0 9 0 0 0 10 11 11 10 23 0 33 1 19 58 0 9 27 55 0 13 6 33 18 1 0 0 0 0 0 0 0 0 0 0 0 0 0 0 0 0 0 0 0 0 0 0 0 19 0 7 0 0 0 0 4 0 0 0 0 0 0 0 0 0 0 0 0 0 0 0 0 0 1 1 10 0 0 0 0 10 0 0 0 0 17 10 24 0 0 0 0 46 0 0 25 23 10 19 18 31 3 32 0 21 0 0 0 0 0 0 0 0 0 0 0 0 4 0 0 0 0 0 0 2 0 0 0 0 0 0 0 0 0 0 0 0 0 0 0 0 0 0 0 0 0 0 0 0 0 0 1 0 0 0 0 0 0 0 5 2 0 0 75 0 10 4 0 2 0 0 21 0 0 0 0 0 0 0 0 0 0 0 0 0 0 1 0 0 0 0 0 0 0 0 
 0 0 64 0 1 1 0 2 63 0 63 0 0 1 0 0 0 0 0 0 3 3 3 3 65 4 20 4 3 69 3 101 22 3 3 3 4 40 3 65 0 116 286 286 266 75 183 427 51 103 545 52 318 288 329 327 157 33 405 150 0 0 0 0 0 0 2 0 0 0 0 0 0 0 0 0 0 0 6 0 0 0 0 9 0 9 0 0 0 0 0 0 0 15 0 1 1 12 0 0 0 0 0 12 0 9 10 0 6 0 18 0 0 0 0 0 1 0 0 0 0 27 0 2 3 3 7 0 26 0 0 3 24 19 8 28 0 8 13 14 0 0 0 0 0 0 0 11 0 1 0 0 0 0 0 5 0 0 18 0 0 0 0 0 0 0 0 0 0 3 0 0 0 0 0 0 0 0 0 0 0 0 0 0 10 0 13 1 0 0 9 8 8 13 0 0 0 0 1 0 0 0 27 0 8 0 7 19 0 9 0 23 0 21 3 9 0 0 6 10 0 0 0 0 0 9 0 3 12 20 0 0 0 0 0 0 0 0 28 1 0 0 0 0 0 0 0 0 0 0 0 15 0 2 0 0 0 0 0 2 7 0 0 0 2 2 2 0 0 0 0 0 0 0 0 0 0 0 0 0 0 10 0 0 0 17 0 0 0 0 
 0 0 0 0 0 1 0 62 0 0 0 0 0 0 0 1 2 0 0 0 0 2 2 1 1 70 63 61 2 2 2 63 36 69 1 2 1 1 1 1 116 0 199 122 25 40 597 86 348 32 29 45 57 106 250 331 110 57 67 302 0 0 0 0 20 0 0 9 0 0 10 0 0 0 6 0 0 0 0 0 0 0 0 0 0 0 0 0 0 0 1 0 0 0 0 0 0 0 0 0 2 44 0 0 0 0 0 0 0 0 0 0 0 0 14 0 0 0 0 9 0 11 20 0 18 0 9 35 0 0 30 22 0 20 40 9 0 30 0 0 0 0 0 0 0 0 0 0 0 0 0 0 10 0 0 1 0 0 0 0 0 0 35 15 0 0 0 0 0 0 0 0 0 0 0 0 0 0 0 0 0 0 0 0 9 7 0 0 16 0 0 0 49 0 0 0 0 1 6 1 23 15 0 18 0 0 0 1 8 0 12 25 2 0 10 8 0 0 0 0 0 0 0 0 0 0 0 0 0 0 0 0 0 0 0 0 0 0 0 10 0 0 0 0 0 0 0 0 0 0 0 12 31 0 0 0 0 1 0 0 0 0 3 65 0 0 3 0 0 0 0 0 0 0 0 13 0 0 0 0 0 0 0 0 0 14 0 0 2 0 
 2 3 3 3 3 2 2 1 0 1 3 3 2 3 3 3 4 3 4 3 0 0 0 0 0 1 0 0 0 0 0 0 0 0 0 1 0 4 0 1 286 199 0 283 118 252 274 172 83 126 211 25 134 53 70 150 226 71 55 127 0 0 29 0 0 3 51 3 0 0 0 0 0 8 3 0 0 0 17 0 0 0 1 0 0 0 0 0 0 0 0 0 0 0 0 0 0 0 0 0 10 0 0 0 0 16 0 0 0 0 0 0 0 0 0 0 0 0 0 0 10 0 23 23 24 26 18 15 7 0 29 0 9 15 39 7 32 23 0 0 0 0 0 0 8 0 50 0 0 6 0 9 0 48 7 0 0 0 23 0 0 0 0 0 0 0 0 0 0 0 0 0 0 0 0 0 0 0 0 0 0 0 0 0 0 8 0 0 0 0 0 0 0 0 0 0 0 0 0 0 15 16 12 29 44 6 1 21 6 37 8 21 1 0 15 16 20 26 0 26 0 0 0 0 0 1 0 0 0 0 0 0 8 0 0 0 8 0 0 6 0 0 1 0 0 0 0 0 0 0 1 4 0 0 0 0 0 0 0 4 0 0 2 0 2 20 2 0 2 0 9 0 0 0 0 0 0 0 0 0 0 0 0 0 22 16 0 0 1 0 
 0 0 0 0 0 0 0 0 0 0 0 0 0 0 2 0 0 0 3 4 0 0 0 0 0 3 0 61 0 0 1 0 0 0 0 0 0 0 2 0 286 122 283 0 293 250 69 61 75 91 68 40 57 54 175 59 114 329 510 63 0 0 0 5 4 0 0 0 0 0 0 0 0 0 0 0 0 0 0 0 0 0 0 0 0 1 0 0 0 0 0 0 0 0 0 0 0 0 0 13 0 0 0 0 0 0 0 0 0 0 0 0 0 0 0 0 0 0 0 0 20 0 42 0 34 0 2 0 1 0 20 12 0 21 5 7 11 18 0 0 11 6 15 0 9 0 4 0 0 0 0 4 10 0 1 15 9 0 0 21 0 0 0 6 11 9 14 0 5 0 0 0 0 0 2 0 0 0 9 0 0 0 0 0 0 4 0 0 0 0 0 0 0 0 0 0 0 0 0 0 22 0 0 0 18 0 0 0 1 20 16 10 10 0 15 0 0 14 0 0 21 0 0 9 0 0 0 11 0 9 1 0 0 20 0 0 1 0 20 9 0 0 0 0 0 0 0 0 0 0 0 0 0 10 1 0 0 0 0 0 0 0 0 0 0 2 0 9 0 0 2 0 0 0 0 0 0 0 0 0 0 0 0 0 2 0 0 0 1 0 
 3 3 4 3 3 3 3 3 3 3 3 3 3 34 3 3 5 3 3 3 63 0 0 0 0 0 1 0 0 0 0 4 0 0 0 0 0 2 0 2 266 25 118 293 0 368 46 280 139 129 199 233 56 49 124 140 281 175 71 67 49 0 0 0 0 0 37 0 0 0 0 0 5 0 0 0 0 0 102 0 0 0 0 0 0 0 0 0 0 0 0 0 0 0 0 0 0 0 0 0 0 0 0 0 0 0 0 0 0 0 0 0 0 0 0 0 0 0 0 0 7 5 28 9 12 39 0 37 18 12 7 14 0 3 1 18 38 10 0 0 4 2 1 0 0 0 55 0 0 12 0 0 21 11 43 0 3 0 0 0 0 0 0 0 0 0 0 0 0 0 0 0 0 0 0 0 0 0 0 0 0 0 0 0 0 0 0 0 0 0 0 0 0 0 0 1 0 0 0 0 3 10 1 2 38 12 8 14 31 22 12 13 0 0 0 15 6 34 0 0 0 13 0 0 0 0 0 0 10 0 1 0 24 11 0 0 0 0 27 14 0 0 0 0 0 0 0 0 0 0 0 12 0 0 0 0 0 0 0 1 0 0 0 0 34 1 2 2 0 2 0 0 0 0 0 0 0 0 0 0 0 0 0 0 9 1 0 7 1 0 
 0 0 0 0 6 0 2 0 6 0 0 0 0 0 0 0 0 0 0 0 0 0 0 0 3 2 0 0 0 0 0 0 0 0 0 0 0 0 0 0 75 40 252 250 368 0 98 177 47 244 405 103 22 112 112 373 152 52 54 244 3 0 51 0 0 0 50 18 0 0 0 0 0 51 50 0 76 21 0 1 0 0 0 0 0 0 0 0 0 0 0 0 0 0 0 0 0 0 0 0 0 0 0 0 0 0 0 0 0 0 0 0 0 0 0 0 0 0 0 0 0 0 0 0 0 20 0 0 31 0 0 0 0 51 9 25 1 19 0 0 1 0 15 0 0 0 0 10 0 0 0 0 15 0 0 3 0 0 31 1 0 0 0 0 0 0 0 0 0 16 0 0 0 0 0 0 0 0 0 0 0 0 0 0 0 0 0 0 0 0 0 0 0 0 0 0 0 0 0 0 0 11 36 0 9 44 0 0 13 9 1 23 0 0 0 23 23 1 0 0 1 10 15 8 0 0 14 29 0 0 0 9 0 0 4 0 0 0 11 0 0 0 0 0 0 0 0 0 0 0 0 14 0 0 0 0 0 0 0 0 0 0 63 4 0 0 0 0 0 0 0 0 0 0 0 0 0 0 0 0 0 0 0 0 0 9 0 0 2 4 
 0 0 0 0 0 0 0 0 0 0 0 0 0 0 0 0 0 0 4 0 0 0 0 0 0 1 0 0 0 0 1 0 0 0 0 0 0 0 0 0 183 597 274 69 46 98 0 344 54 138 72 30 123 133 106 260 85 172 66 105 1 0 0 0 0 0 6 0 2 4 0 0 0 0 0 0 6 0 0 0 0 0 0 0 0 0 0 0 0 0 0 0 0 0 0 0 0 0 0 0 0 0 0 0 0 2 0 0 0 0 0 0 0 0 0 0 0 0 0 0 26 0 9 30 1 24 0 24 9 19 0 0 15 11 2 12 29 22 27 10 0 0 0 0 6 0 7 0 0 0 0 0 0 0 0 0 9 0 38 0 0 0 0 0 0 0 0 0 0 0 0 0 0 0 0 0 0 0 0 0 0 0 0 0 0 0 0 0 0 0 0 0 0 0 0 0 0 0 0 0 12 28 19 4 19 0 10 1 37 0 1 20 1 0 16 29 22 35 10 9 0 0 0 0 0 0 0 0 0 0 0 0 0 0 0 0 9 0 0 0 0 0 0 0 0 0 0 0 0 0 0 20 0 2 0 0 0 0 0 37 0 0 0 1 0 1 0 0 0 0 1 0 0 0 0 0 0 0 0 0 0 0 0 0 4 2 0 0 0 0 
 0 0 0 0 0 0 2 0 0 0 0 0 0 0 0 0 0 0 0 0 0 0 0 0 29 1 0 0 63 0 0 29 0 0 0 0 110 0 0 0 427 86 172 61 280 177 344 0 96 52 89 101 113 150 37 261 56 97 83 71 0 0 0 0 0 0 0 0 0 0 0 0 0 0 0 0 0 0 0 0 0 0 0 0 0 0 0 0 0 0 0 0 0 0 0 0 0 0 0 0 0 0 12 0 0 0 0 0 0 0 0 0 0 21 0 0 0 0 0 0 28 0 0 35 0 16 25 10 9 39 0 2 11 27 14 13 0 22 40 7 0 0 37 0 0 0 34 0 0 0 0 0 0 0 9 0 0 0 4 0 0 0 0 0 0 0 0 0 0 0 0 0 0 6 0 0 0 0 0 0 0 0 0 0 3 0 0 0 0 0 0 0 0 0 0 0 0 0 0 0 2 10 53 3 15 11 4 63 30 10 6 15 0 0 0 46 24 0 24 3 0 0 0 0 0 6 0 0 0 0 0 0 7 0 0 0 0 0 0 0 0 0 0 0 0 0 0 0 0 19 0 12 0 2 0 0 0 2 0 1 0 0 2 0 1 0 2 0 0 0 0 0 0 0 2 0 0 0 0 0 0 12 0 0 0 11 0 0 0 0 
 0 0 0 0 1 72 2 0 0 0 0 0 0 0 1 0 0 0 1 0 0 0 0 7 0 37 0 0 5 0 0 0 0 0 0 4 8 5 75 0 51 348 83 75 139 47 54 96 0 74 48 100 104 114 145 139 388 319 101 262 0 0 0 7 3 2 19 3 3 0 0 1 8 0 0 3 0 0 1 2 0 0 0 0 0 0 0 0 0 0 0 0 0 0 0 0 0 0 0 0 0 0 0 0 0 6 0 0 0 3 10 0 0 0 0 9 0 0 0 0 0 20 0 17 19 19 0 27 3 15 7 26 6 19 6 10 0 0 0 0 2 0 7 0 0 0 42 0 18 0 0 1 31 0 26 1 0 0 0 0 0 0 0 0 0 0 0 0 0 0 0 0 0 0 0 0 0 0 0 0 0 0 0 29 3 16 0 0 0 5 0 0 0 0 0 0 0 0 0 0 0 14 0 18 11 0 0 0 7 48 8 25 0 1 3 14 19 23 0 6 0 10 1 0 0 0 0 1 0 1 1 0 7 1 0 0 0 0 2 11 0 0 11 0 12 0 0 0 0 0 0 9 0 1 64 0 0 0 0 1 0 22 2 1 35 21 0 1 0 0 0 0 0 0 2 0 3 0 0 0 0 3 1 0 0 0 0 8 2 0 
 0 0 0 0 0 0 0 0 0 0 0 0 0 0 29 0 1 0 2 0 5 0 0 0 0 5 0 0 2 5 1 0 0 5 0 8 5 2 0 0 103 32 126 91 129 244 138 52 74 0 280 93 51 85 75 169 277 101 84 93 53 0 0 0 2 0 20 0 0 0 0 0 0 0 0 0 0 0 54 0 0 0 0 0 0 0 0 0 0 0 0 0 0 0 0 0 0 0 0 0 0 0 4 0 0 6 0 3 0 1 6 3 0 0 0 0 0 0 0 0 0 0 0 15 0 22 0 18 36 0 47 0 22 21 14 33 9 32 10 2 0 0 4 0 0 0 20 0 0 0 0 0 0 1 8 0 0 0 16 0 0 0 0 0 0 0 0 0 0 0 0 0 0 0 0 0 0 0 0 0 1 0 0 2 7 1 0 0 0 1 0 5 0 0 0 0 0 1 0 0 21 28 9 0 1 13 9 1 10 5 7 0 5 0 0 17 1 43 15 5 6 0 14 0 0 0 32 0 0 0 0 0 0 21 0 0 0 0 12 0 0 0 0 0 0 0 0 0 0 0 0 12 0 0 0 0 0 0 0 24 0 0 1 3 2 0 4 0 2 0 0 0 0 0 0 0 0 0 0 0 0 3 0 0 37 19 0 0 2 0 
 3 3 3 9 3 3 66 3 3 3 3 3 3 3 3 3 3 3 3 3 0 0 0 0 0 0 0 1 0 0 0 0 0 0 0 0 0 0 0 2 545 29 211 68 199 405 72 89 48 280 0 346 63 131 123 119 238 52 253 263 52 0 0 1 3 0 103 0 0 0 3 0 0 1 0 0 0 0 18 0 0 0 0 2 0 0 0 0 0 0 0 0 0 0 0 0 0 0 0 21 0 0 0 0 0 0 0 11 0 0 0 0 0 0 0 0 0 0 0 0 11 0 19 22 27 32 7 11 5 0 1 6 0 3 4 16 7 27 0 0 0 0 2 0 0 0 23 5 0 6 0 0 4 14 4 0 0 0 30 0 0 0 0 0 0 0 0 0 0 0 0 0 0 0 0 0 0 0 0 0 0 0 0 0 0 0 0 0 0 0 0 0 0 0 0 0 0 0 0 0 0 18 8 0 20 32 1 0 2 21 0 19 0 0 0 19 79 12 0 0 7 0 6 0 0 45 8 14 0 2 0 0 8 0 0 0 0 0 21 6 0 0 1 0 0 0 0 0 0 0 0 9 31 0 0 0 0 0 0 8 0 0 64 0 2 19 2 0 0 0 0 0 0 0 0 0 0 0 0 0 0 0 0 0 12 8 0 0 1 6 
 0 0 0 0 0 0 0 2 0 0 0 0 7 0 0 0 0 0 0 5 0 0 0 0 0 0 0 0 0 0 0 0 0 2 0 0 0 0 0 0 52 45 25 40 233 103 30 101 100 93 346 0 30 176 82 27 77 40 20 243 53 10 6 5 2 4 0 0 1 0 0 0 6 0 4 5 7 0 52 0 0 0 11 0 0 0 8 0 0 0 0 0 0 0 0 0 0 0 0 0 0 0 0 0 0 0 0 0 0 0 0 0 0 0 0 0 0 0 0 0 0 38 0 0 0 0 0 11 7 0 32 12 0 12 0 0 1 0 0 0 1 2 0 4 1 2 19 3 2 0 0 0 19 0 8 4 21 5 0 5 0 0 0 0 0 0 0 0 0 0 0 0 0 0 0 0 0 0 0 0 0 0 0 0 0 0 0 0 0 0 0 0 0 0 0 0 0 0 0 0 0 15 49 7 0 6 3 0 25 0 42 0 0 0 13 17 11 26 0 0 0 19 13 0 19 0 0 0 21 1 7 0 0 17 11 1 0 0 0 0 0 0 0 0 0 0 0 0 0 0 0 5 0 0 0 0 0 0 0 12 0 0 2 63 0 4 7 0 0 0 0 0 0 0 0 0 0 0 0 0 0 0 0 0 2 0 0 0 2 0 
 0 64 0 0 0 0 0 0 0 0 0 0 0 0 0 0 0 0 0 0 2 92 2 20 2 5 2 2 64 2 2 4 2 2 2 75 3 25 2 2 318 57 134 57 56 22 123 113 104 51 63 30 0 56 110 67 25 98 120 205 0 0 0 0 0 0 0 0 0 0 0 0 0 0 0 0 0 0 0 0 0 0 0 0 0 0 0 0 0 13 0 0 0 0 0 0 0 0 0 0 0 0 0 13 0 36 0 0 0 0 0 0 0 0 0 0 11 10 0 0 22 11 14 14 23 0 0 32 8 0 4 0 15 20 11 14 0 7 17 12 0 0 0 0 6 0 18 0 0 0 0 6 0 0 0 0 6 0 0 0 0 0 0 0 0 0 1 0 0 0 0 0 0 2 0 0 0 0 0 0 0 0 0 10 12 0 0 0 0 4 10 9 0 0 0 0 0 0 0 0 2 0 10 0 13 0 0 31 20 26 17 10 13 28 33 0 0 14 17 0 0 0 0 0 0 0 0 1 0 0 10 11 0 0 0 0 0 0 0 0 0 0 0 0 0 0 0 0 0 0 0 6 0 0 0 0 0 0 0 1 0 0 0 0 0 0 0 0 0 0 7 0 0 0 0 0 0 0 0 0 0 0 0 9 7 13 12 0 2 0 
 0 0 0 0 49 0 0 0 0 0 0 0 0 0 0 0 0 0 0 0 0 0 0 0 96 0 0 0 0 62 3 127 0 0 0 0 0 3 0 2 288 106 53 54 49 112 133 150 114 85 131 176 56 0 110 41 137 97 250 107 0 0 0 0 0 0 0 10 0 0 0 0 0 2 0 0 0 4 0 7 0 0 0 0 0 0 0 0 0 0 0 0 9 0 0 9 0 0 0 0 0 0 0 23 0 0 0 0 0 0 32 0 0 0 0 0 0 0 0 0 2 20 0 0 0 12 22 17 0 0 7 15 23 8 0 9 10 1 19 1 4 1 3 0 0 0 2 5 0 5 0 0 13 7 0 0 0 0 10 2 0 0 20 0 0 0 0 0 0 0 0 0 0 11 0 0 0 0 0 0 0 0 0 0 10 0 0 0 0 0 4 0 0 0 0 0 0 0 0 0 12 12 6 11 1 8 47 6 29 0 4 0 11 13 13 16 11 11 15 16 4 10 0 5 0 0 5 0 7 0 0 5 0 0 14 0 0 10 0 5 0 53 11 0 0 0 0 0 0 0 0 4 0 2 0 0 0 2 0 2 0 0 0 1 0 12 2 0 0 0 4 0 0 0 0 4 0 0 0 0 0 15 0 0 10 0 0 0 0 0 
 0 0 0 0 0 0 63 0 0 0 0 0 0 0 3 0 0 0 0 0 0 0 0 5 3 61 203 0 1 0 2 5 0 0 0 1 1 14 0 0 329 250 70 175 124 112 106 37 145 75 123 82 110 110 0 164 167 33 87 83 0 0 0 0 0 0 0 2 0 0 0 0 0 0 0 0 0 3 0 2 0 0 0 0 0 0 0 0 0 0 0 0 0 0 0 0 0 0 0 0 0 0 0 0 5 4 0 0 0 13 1 13 0 0 0 0 0 0 0 0 17 25 4 11 4 1 9 19 30 0 28 10 0 6 22 40 27 10 0 0 0 0 0 0 0 5 27 0 0 0 0 1 17 0 0 1 0 0 17 0 0 0 0 11 0 0 0 0 0 0 0 0 0 0 0 0 0 0 0 0 0 18 0 0 0 18 0 0 15 45 0 0 0 0 0 0 0 0 0 0 0 0 0 18 17 0 0 0 9 14 15 11 4 9 5 12 36 74 0 22 0 0 0 0 0 0 0 0 0 0 0 0 0 0 0 0 0 0 8 0 0 0 8 0 0 0 0 0 0 0 0 4 0 0 0 0 0 0 0 0 0 0 1 1 0 25 1 0 0 0 9 0 0 0 0 0 0 0 0 0 0 0 8 0 21 0 0 0 0 0 
 0 0 0 0 0 0 2 0 0 0 65 0 0 0 6 0 0 0 2 0 3 0 5 0 4 0 0 6 0 0 5 0 0 4 0 0 0 0 0 210 327 331 150 59 140 373 260 261 139 169 119 27 67 41 164 0 163 42 26 75 6 0 0 0 0 0 50 0 0 0 0 0 0 0 0 0 0 0 0 0 0 0 0 0 0 0 0 0 0 0 0 0 0 0 0 0 0 0 0 0 0 28 1 17 0 0 0 0 0 0 0 2 0 4 0 52 0 8 0 0 35 0 19 0 0 22 3 0 26 0 21 0 5 0 7 39 10 42 7 0 0 0 6 0 0 0 28 0 0 0 0 0 0 0 0 19 0 0 0 0 0 0 0 0 0 0 0 0 0 0 0 3 0 6 0 0 0 0 0 0 8 0 0 0 0 3 0 0 0 0 0 4 0 4 4 5 14 31 0 0 22 0 9 0 0 19 0 15 1 4 38 0 19 0 0 3 8 20 15 0 0 0 36 0 0 0 6 16 0 0 0 0 0 0 0 0 0 0 16 0 0 0 0 0 0 0 0 0 0 0 0 11 0 2 0 0 0 0 3 1 0 1 66 0 1 0 2 0 0 0 0 0 0 0 0 0 0 0 0 0 0 0 0 0 0 0 0 0 0 0 
 0 0 0 0 0 0 0 0 2 0 0 35 0 0 4 0 0 0 2 0 0 0 0 0 0 0 0 0 0 2 0 0 0 0 0 0 0 0 0 2 157 110 226 114 281 152 85 56 388 277 238 77 25 137 167 163 0 49 44 20 6 1 0 2 0 0 51 29 9 2 0 2 0 0 0 2 31 7 55 5 0 0 0 0 0 0 0 0 0 0 0 0 0 0 0 0 0 0 0 0 0 0 0 0 0 0 0 0 0 0 0 0 0 0 0 0 0 0 0 0 9 20 32 25 1 46 11 1 0 0 6 10 0 13 22 0 7 22 0 0 0 6 6 0 0 5 25 0 0 13 0 0 16 15 8 3 4 1 4 5 0 0 0 0 0 0 0 0 0 0 0 0 0 0 0 0 0 0 0 0 0 0 0 0 0 9 0 0 0 0 0 0 0 0 0 0 0 0 0 0 10 10 22 0 24 19 0 0 0 0 6 5 6 0 0 13 40 0 0 0 31 0 22 7 0 0 4 15 16 0 0 4 6 1 0 1 0 0 2 0 0 0 0 0 0 0 0 0 1 0 0 10 0 2 0 0 0 0 0 0 2 0 65 0 0 23 4 0 0 0 0 0 0 0 2 6 0 0 0 0 0 0 0 0 0 11 0 0 0 0 
 2 3 5 2 2 2 2 2 2 2 2 2 2 3 2 2 2 2 2 2 0 0 0 0 0 1 0 0 0 0 0 0 1 0 0 0 0 0 0 0 33 57 71 329 175 52 172 97 319 101 52 40 98 97 33 42 49 0 36 97 0 0 0 6 7 0 51 0 8 0 1 0 13 0 0 0 0 0 0 4 0 0 0 0 0 0 0 0 0 3 0 0 0 0 0 0 0 0 0 0 0 0 0 0 0 7 0 0 0 11 0 0 0 0 0 0 0 0 0 0 1 0 11 21 1 6 0 9 26 11 25 13 25 5 1 4 14 0 2 2 7 0 0 0 2 0 55 0 0 0 0 2 11 0 4 0 10 0 0 1 0 0 0 0 0 0 0 0 0 0 0 0 0 0 0 0 0 0 0 0 0 0 0 0 0 0 0 0 0 0 0 0 0 0 0 0 0 0 0 0 30 4 16 21 9 1 4 0 7 21 19 10 0 0 16 1 12 37 14 7 0 0 0 9 0 0 0 0 0 5 0 0 12 0 0 0 0 0 17 0 0 0 0 0 0 0 0 0 0 0 0 8 0 1 0 0 0 0 0 14 0 0 0 62 62 2 0 0 0 0 10 0 0 22 0 0 0 0 0 0 0 0 0 0 10 0 0 0 0 0 
 0 0 0 0 7 2 0 0 0 0 0 0 0 0 0 0 0 0 0 0 3 3 3 3 32 75 3 3 82 3 72 33 67 205 3 5 3 23 3 3 405 67 55 510 71 54 66 83 101 84 253 20 120 250 87 26 44 36 0 318 0 0 0 0 0 0 0 0 0 0 0 0 0 7 0 0 0 0 0 0 0 0 0 0 0 0 0 0 0 0 0 0 0 0 0 0 0 0 0 0 0 0 11 4 0 20 0 0 0 0 5 1 0 0 0 0 0 0 0 0 8 13 0 0 0 0 40 2 0 20 0 0 4 5 0 1 0 1 31 28 0 0 0 0 0 0 1 0 0 0 0 0 0 0 0 0 0 0 0 0 0 0 0 0 0 0 34 0 0 0 0 0 0 0 0 0 0 0 0 0 0 0 0 0 7 7 3 1 0 8 9 9 0 0 0 0 0 0 0 0 0 0 1 18 6 7 18 10 28 0 5 16 10 14 19 56 0 0 13 16 0 0 0 0 0 0 0 0 0 0 0 0 0 0 0 0 0 0 0 0 0 0 13 0 0 2 0 0 0 0 0 1 0 0 0 0 0 1 2 0 0 0 0 0 0 2 0 1 0 0 0 0 0 0 0 0 0 0 0 0 0 4 0 0 0 12 0 0 0 0 
 0 0 0 0 0 0 0 0 2 0 0 0 0 0 0 0 0 0 0 0 0 2 0 0 62 59 13 0 128 0 59 0 1 1 71 73 0 91 0 0 150 302 127 63 67 244 105 71 262 93 263 243 205 107 83 75 20 97 318 0 0 0 0 0 0 0 0 0 0 0 0 0 0 0 0 0 0 0 0 0 0 0 0 0 0 0 0 0 0 0 0 0 0 0 0 0 0 0 0 0 0 0 1 20 0 28 7 0 0 0 1 0 0 0 0 0 37 0 8 0 33 10 26 23 0 0 21 33 0 34 2 0 18 0 0 0 9 0 20 42 0 0 0 0 18 0 2 0 0 0 0 0 0 0 0 0 0 0 0 0 0 0 0 0 0 5 5 0 0 0 3 0 0 3 0 0 0 0 0 0 0 3 4 9 0 23 8 0 5 9 18 13 0 1 1 0 0 0 0 3 11 0 7 12 1 0 0 0 19 1 0 0 1 11 25 23 0 10 0 0 0 0 0 0 0 1 0 0 0 0 0 0 0 0 0 0 1 0 0 0 0 0 0 0 0 0 0 0 0 0 0 8 0 2 0 0 0 25 1 0 0 0 0 0 0 2 1 0 0 0 0 0 0 0 0 0 0 0 0 0 0 0 0 12 0 8 22 7 0 0 
 0 0 0 0 0 38 0 0 0 0 0 0 0 0 0 0 0 0 0 0 0 0 0 0 0 1 0 0 0 0 0 0 0 0 0 0 0 3 0 0 0 0 0 0 49 3 1 0 0 53 52 53 0 0 0 6 6 0 0 0 0 361 154 114 140 85 127 45 110 39 45 235 139 32 68 84 33 45 56 131 0 0 0 8 0 0 0 0 0 0 0 0 0 0 0 0 0 0 0 0 0 0 0 0 0 0 0 0 0 0 0 0 0 0 0 0 0 0 0 0 0 0 0 0 0 1 0 0 0 0 0 0 0 0 0 0 0 0 0 0 10 19 10 4 21 0 1 0 17 1 31 0 0 0 8 14 25 30 0 1 0 0 14 0 0 0 0 0 0 0 13 1 0 0 0 0 4 0 0 0 0 0 0 1 0 0 0 0 0 0 0 0 0 0 0 0 0 0 0 0 0 0 0 0 0 0 0 0 0 0 7 0 0 0 0 0 0 0 0 0 0 11 14 0 0 55 1 0 0 0 9 0 0 6 6 0 18 0 0 0 0 0 0 0 0 0 0 0 0 2 0 0 0 11 9 0 0 0 0 0 0 0 4 0 0 0 8 2 0 0 15 1 54 6 0 0 0 0 0 0 0 0 0 0 0 0 0 0 0 9 
