 0 104 278 57 37 29 198 73 118 31 164 48 124 378 262 65 56 79 93 201 2 0 3 0 3 0 4 0 3 0 2 5 0 2 0 0 2 0 0 0 0 0 0 0 0 0 2 0 3 3 2 0 7 6 0 3 0 3 0 0 3 0 3 0 0 0 0 0 27 2 0 0 0 0 30 0 0 0 2 0 0 11 5 0 0 0 24 13 13 19 0 0 13 0 17 0 1 13 13 24 0 0 0 0 0 1 0 0 0 0 0 0 0 14 18 2 0 0 29 0 0 0 0 0 0 0 0 0 0 0 0 0 0 0 0 0 0 0 0 0 5 0 0 0 0 0 0 0 0 0 0 0 3 0 0 0 0 0 0 0 25 10 0 18 15 0 1 0 0 0 1 0 5 19 0 14 0 24 14 3 0 0 0 0 0 0 0 0 0 0 0 0 15 0 0 0 0 0 0 0 0 0 0 0 10 0 0 0 0 18 0 0 0 0 0 1 0 0 0 0 0 0 0 0 0 0 0 0 0 0 0 0 0 0 0 0 0 0 0 0 0 0 0 0 0 0 0 1 0 2 10 9 0 0 0 0 0 2 0 0 0 0 15 0 0 0 0 0 0 0 0 0 0 0 0 0 11 0 0 0 0 0 0 0 0 0 0 0 0 0 
 104 0 379 544 54 87 178 167 219 71 366 89 152 134 60 234 33 60 119 46 0 0 0 0 1 0 1 0 0 0 0 0 74 0 0 0 2 0 65 79 0 0 0 0 0 0 0 0 3 3 2 0 0 2 0 3 0 0 0 0 2 0 3 0 0 0 0 0 0 2 0 0 0 0 0 0 0 0 0 0 7 22 20 17 12 14 1 15 46 0 0 43 15 0 11 2 27 30 1 0 0 13 0 0 0 0 9 2 0 0 0 0 11 14 0 0 0 0 0 12 0 0 17 0 0 0 0 11 0 0 0 0 0 0 0 0 0 0 0 0 0 0 0 0 0 0 0 0 0 0 1 0 0 1 0 0 0 0 0 0 54 18 29 11 24 0 0 10 11 9 1 14 0 9 0 25 21 33 16 15 0 0 0 0 0 0 7 10 0 1 0 0 25 0 0 13 0 0 14 0 0 0 0 15 0 0 0 0 0 0 0 0 0 0 0 0 2 2 0 0 0 0 0 0 0 0 0 0 2 0 0 0 0 0 0 0 0 16 1 0 0 9 0 0 0 0 1 0 2 3 9 12 0 2 0 0 0 0 0 0 0 0 14 0 0 0 0 0 0 0 0 0 0 0 0 0 21 0 0 0 0 0 0 0 0 0 0 0 0 15 
 278 379 0 143 253 29 54 326 91 57 343 20 122 142 246 45 194 282 257 280 0 0 0 0 2 0 1 0 0 1 0 0 1 0 0 0 0 0 74 0 0 0 0 0 0 0 0 0 2 3 2 0 0 2 0 2 0 0 0 0 2 0 20 0 0 0 0 0 0 2 8 0 0 0 0 0 0 0 4 0 1 0 15 7 0 0 14 22 0 0 0 29 0 0 23 32 15 34 1 12 0 0 0 0 0 2 0 0 1 0 1 0 16 11 0 0 0 0 10 0 0 0 22 0 0 0 0 0 1 0 0 0 0 0 0 28 0 0 0 0 0 0 0 0 0 0 0 0 1 0 0 0 0 0 0 2 0 0 0 1 19 28 51 0 0 10 0 21 12 49 11 8 0 59 31 10 0 11 0 12 0 0 0 0 0 0 10 0 0 0 0 0 58 16 0 0 0 0 0 0 0 0 2 0 0 0 0 0 0 0 0 0 0 0 0 1 0 0 0 14 0 0 0 0 0 0 0 0 0 0 0 0 0 0 0 0 0 0 0 0 0 0 0 0 0 1 3 0 1 0 0 6 5 0 0 0 0 0 0 0 0 0 35 0 0 0 0 0 0 0 0 0 0 0 0 8 0 0 0 0 0 0 0 0 0 0 0 0 0 2 
 57 544 143 0 308 48 244 456 234 497 144 234 39 375 253 123 145 248 379 96 0 0 73 0 2 0 1 0 0 0 0 1 62 0 0 0 0 0 105 23 0 0 0 0 0 0 0 0 3 3 2 0 0 2 0 3 0 0 0 0 46 0 3 0 0 0 0 0 0 3 0 0 0 0 1 0 0 0 6 0 0 0 9 19 8 0 0 21 49 5 31 17 0 0 11 27 32 11 0 0 1 0 0 0 0 0 11 0 0 0 0 0 30 0 0 0 0 0 0 9 0 0 15 0 0 0 0 0 0 0 0 0 1 0 0 1 0 0 1 2 0 0 0 0 0 0 0 0 0 0 7 0 0 6 0 0 0 0 0 0 0 6 25 15 8 0 0 42 16 6 11 0 0 14 0 29 27 0 0 17 2 1 1 0 0 0 0 0 0 0 0 1 17 0 1 15 0 1 29 13 0 1 0 0 0 0 2 0 0 0 0 0 0 0 30 0 0 0 0 22 0 0 0 0 10 0 0 0 0 0 0 0 6 0 18 0 0 0 0 0 0 12 0 0 0 5 5 2 0 88 1 7 0 0 0 0 0 0 0 0 0 0 0 0 0 0 0 0 0 2 0 0 0 1 0 0 10 0 0 0 0 0 0 0 0 0 0 0 0 0 
 37 54 253 308 0 211 145 215 342 184 197 143 47 89 233 197 221 112 52 68 0 1 0 0 3 3 0 0 1 0 4 3 73 0 2 0 3 3 74 33 0 0 0 0 0 2 0 0 2 3 2 9 0 2 0 2 0 2 0 0 2 0 3 1 0 2 0 0 0 3 7 1 0 0 0 0 0 0 0 0 0 0 3 11 19 25 0 0 30 43 22 12 0 0 0 16 6 0 0 0 2 0 0 0 0 0 1 1 0 0 0 0 15 0 0 0 0 0 7 0 2 0 0 0 0 0 0 0 0 0 0 0 0 0 0 0 0 0 0 0 0 0 0 1 0 1 0 0 0 0 9 3 0 11 0 0 0 0 0 0 0 0 0 0 6 2 0 20 0 0 1 1 0 12 0 19 11 0 0 7 0 1 1 0 0 0 0 0 9 0 0 0 22 1 15 1 0 11 11 9 0 0 0 0 0 0 0 0 0 0 0 0 0 0 0 0 0 0 0 0 0 0 0 0 0 0 0 0 0 0 0 0 0 0 0 0 0 0 0 0 0 11 0 0 0 2 88 1 2 89 1 9 0 0 0 0 32 0 0 0 0 0 0 0 0 0 0 0 0 0 0 0 0 0 0 0 0 0 0 0 0 0 0 0 0 0 0 0 0 2 
 29 87 29 48 211 0 56 108 151 58 151 68 113 114 129 88 52 47 55 69 149 74 0 0 5 1 2 107 3 21 0 3 135 6 26 0 0 67 73 77 0 6 0 0 0 19 0 0 7 3 2 0 0 2 67 7 0 0 0 0 3 0 3 1 0 0 0 0 0 3 0 0 0 0 3 0 0 0 0 0 0 27 0 2 10 7 3 34 0 0 0 52 0 0 10 0 0 11 0 0 1 19 22 1 0 0 33 5 1 7 0 0 22 40 2 8 0 19 42 31 1 0 0 0 0 0 0 19 0 0 0 0 0 0 0 0 0 0 0 0 0 1 0 0 0 0 0 0 0 1 0 0 0 0 0 3 0 0 0 0 9 4 0 0 34 1 0 0 18 0 17 0 0 0 0 0 0 0 0 0 11 14 9 11 0 0 0 35 29 0 0 14 9 26 22 0 5 8 0 2 0 0 0 0 0 0 0 0 0 0 0 0 0 0 0 0 0 0 0 0 0 0 0 0 0 2 0 16 0 2 14 0 0 0 0 0 0 0 0 0 0 1 0 0 0 8 89 0 0 2 0 15 0 0 0 0 0 0 0 0 0 0 0 0 0 0 0 0 0 0 0 0 0 0 0 10 9 0 0 13 0 0 0 0 0 0 0 0 0 0 
 198 178 54 244 145 56 0 281 176 129 27 41 55 444 269 128 39 50 437 214 2 35 0 2 2 130 4 0 0 2 0 2 2 0 0 0 0 0 0 0 0 0 62 0 0 0 0 0 6 6 2 0 2 6 0 3 0 0 26 0 52 3 3 6 2 0 0 0 0 2 0 0 0 0 0 0 0 2 1 0 26 10 10 2 16 0 2 39 1 23 10 0 27 19 29 86 0 22 3 11 0 0 0 0 0 0 0 0 0 0 0 0 14 0 1 0 0 0 0 0 1 0 0 0 0 0 0 0 0 14 0 0 0 0 0 1 0 0 0 0 8 1 0 0 0 0 0 0 0 0 0 0 0 0 0 0 0 0 0 0 0 30 0 0 0 0 0 11 8 1 10 32 32 0 31 0 33 0 24 21 0 0 0 0 0 0 0 0 0 0 0 0 0 2 0 0 0 0 0 1 0 0 0 0 0 0 0 0 0 0 0 0 0 0 0 0 0 0 0 16 0 0 0 0 0 0 0 0 0 0 0 1 0 0 0 0 0 0 0 0 0 0 0 0 0 2 0 0 1 1 0 12 0 0 0 0 0 0 0 0 0 0 0 0 0 0 0 0 0 0 0 0 0 0 0 0 10 0 0 0 0 0 0 0 0 0 0 0 0 0 
 73 167 326 456 215 108 281 0 410 64 29 49 59 187 74 58 43 145 48 131 3 2 0 0 1 0 3 0 0 4 2 2 84 74 0 0 0 0 55 80 6 0 6 1 0 0 0 0 6 6 2 3 0 4 0 3 0 4 0 0 3 3 3 0 1 0 0 0 0 4 0 0 2 0 1 0 0 1 3 0 0 7 8 15 0 0 6 15 32 35 37 16 14 0 0 1 21 11 2 11 0 0 0 0 0 0 0 2 0 0 0 0 22 14 18 0 0 0 14 0 0 0 48 0 0 0 0 0 0 1 0 0 0 0 0 0 0 0 0 0 14 0 0 0 0 0 0 0 0 0 0 0 0 0 0 0 0 1 0 15 80 51 21 0 50 0 0 20 0 5 6 15 0 17 18 14 22 14 41 17 0 0 0 0 0 0 0 0 0 0 0 0 60 0 0 10 0 0 49 5 0 0 0 0 0 0 0 0 1 0 0 0 0 0 0 0 1 2 0 0 0 0 0 0 0 0 0 0 1 0 0 0 0 0 0 0 0 0 16 0 0 11 0 0 0 2 2 0 2 3 12 9 0 0 0 0 0 0 0 0 0 0 16 0 2 1 0 0 0 0 0 0 0 0 0 0 15 0 0 0 0 0 0 19 0 0 0 0 0 0 
 118 219 91 234 342 151 176 410 0 379 191 276 134 263 374 180 37 47 188 99 0 0 0 0 1 6 0 82 2 0 3 0 2 0 0 0 0 4 0 0 0 0 0 0 0 0 61 0 1 3 2 0 0 2 0 2 0 0 0 0 2 0 8 0 38 0 0 0 0 2 0 3 0 0 3 0 0 0 3 0 13 0 39 0 21 1 37 16 29 13 44 22 17 11 15 36 0 6 0 0 0 0 0 0 0 1 0 0 0 0 2 0 0 1 0 0 0 0 0 0 0 10 0 0 0 0 0 0 0 0 0 0 0 0 0 0 0 0 0 0 0 0 0 0 0 0 0 0 2 0 3 0 0 2 8 0 0 0 0 2 50 16 0 0 19 0 0 27 1 0 14 35 0 18 0 14 49 0 18 40 0 0 0 0 0 0 0 0 0 0 0 0 0 0 0 0 0 0 10 0 0 0 1 0 0 0 0 0 0 0 0 0 0 0 0 2 0 0 0 0 0 0 0 0 0 0 0 0 0 5 0 0 0 0 0 0 0 0 0 0 0 0 0 0 0 0 1 2 2 0 15 2 0 0 0 0 0 0 0 0 0 0 0 0 0 0 0 0 0 0 0 0 0 0 0 0 20 0 0 0 0 0 0 0 0 0 0 0 0 0 
 31 71 57 497 184 58 129 64 379 0 202 425 45 162 105 321 42 214 108 121 0 2 1 0 2 0 1 0 0 0 0 0 150 0 0 0 0 0 22 159 0 0 0 0 0 0 28 0 3 3 2 0 0 2 0 3 0 0 0 0 3 0 3 0 0 0 0 0 0 2 0 0 0 0 1 0 0 2 0 6 19 0 42 28 18 18 14 0 15 21 35 43 0 6 0 0 26 10 0 0 0 16 0 0 0 0 10 0 0 0 0 0 26 0 0 0 0 0 0 18 0 0 0 0 0 0 0 13 0 0 0 0 0 0 0 11 0 0 0 0 0 0 0 0 0 0 0 0 0 0 0 0 0 0 0 0 0 0 0 0 0 0 22 28 0 12 0 0 17 22 0 29 0 4 40 26 7 30 0 7 0 0 0 0 0 0 11 15 0 0 0 0 13 0 0 14 0 0 30 0 0 0 0 0 0 0 0 0 0 0 0 0 0 0 0 0 0 0 0 0 0 0 0 0 0 0 0 0 0 0 0 0 0 0 0 0 0 0 0 0 0 0 0 0 0 0 1 1 4 51 0 6 0 0 0 0 0 0 0 0 0 0 0 0 0 0 0 0 0 0 0 0 0 0 0 0 0 0 0 0 0 0 0 0 0 0 0 0 0 0 
 164 366 343 144 197 151 27 29 191 202 0 108 32 224 265 372 178 154 254 152 75 0 1 0 1 0 3 2 0 0 2 0 0 3 0 0 0 0 74 0 0 0 2 0 0 0 0 0 3 3 2 0 0 2 0 3 0 0 0 0 3 0 3 0 0 0 0 0 0 2 0 0 0 0 0 7 0 0 0 0 0 1 18 0 0 11 34 17 10 0 29 15 16 1 10 8 19 17 0 0 0 12 0 0 0 0 0 0 0 1 0 0 0 21 0 0 0 0 1 13 0 0 0 0 0 0 0 0 0 0 0 0 0 0 0 0 0 0 0 0 0 0 0 36 0 0 0 0 0 0 0 0 0 10 0 0 0 0 0 0 26 0 22 43 0 0 11 17 0 23 0 1 0 20 0 38 4 15 0 0 0 0 1 0 0 0 0 2 0 0 0 0 19 0 0 0 0 0 21 0 0 0 0 0 0 0 0 0 0 0 0 0 0 0 0 0 0 0 0 0 0 0 2 0 0 0 0 0 0 0 0 0 0 11 0 0 0 0 0 0 0 0 0 0 0 0 4 0 89 2 0 7 0 0 0 0 0 0 0 0 0 0 78 0 0 0 0 0 0 0 0 0 0 0 0 0 8 30 0 0 0 0 0 0 0 0 0 0 0 0 
 48 89 20 234 143 68 41 49 276 425 108 0 29 332 271 84 64 184 125 41 159 73 0 0 2 0 1 0 0 0 0 2 172 49 74 74 0 3 74 149 0 0 0 0 0 1 0 0 3 3 2 0 0 2 67 3 3 0 0 0 3 0 3 0 0 0 0 0 0 3 0 0 0 0 1 0 0 0 0 0 0 0 30 39 0 14 0 0 7 6 13 33 0 0 0 0 38 0 0 0 12 40 5 0 0 0 28 15 7 0 14 0 38 14 1 0 0 27 32 32 0 0 0 0 0 0 0 0 0 0 0 0 0 0 0 0 0 0 0 0 0 0 0 0 0 0 0 0 0 2 0 0 0 0 0 3 0 0 0 2 0 0 46 10 14 17 0 0 0 0 12 0 0 1 0 22 10 10 0 3 11 0 0 0 0 0 9 0 14 0 0 11 0 0 2 28 0 0 44 0 0 0 0 0 0 0 0 0 0 0 0 0 0 0 0 0 0 0 0 14 0 0 0 0 0 0 0 0 0 0 0 0 0 0 0 0 0 0 0 0 0 0 0 0 0 2 92 1 89 46 2 14 0 0 2 0 0 0 0 0 0 0 0 0 0 0 0 0 0 0 0 0 0 0 0 9 0 0 0 0 0 7 0 0 0 0 0 0 0 0 
 124 152 122 39 47 113 55 59 134 45 32 29 0 55 107 33 33 122 73 119 0 1 77 0 2 0 2 0 0 0 4 0 1 2 0 0 4 0 0 0 0 1 0 0 0 0 0 0 3 3 2 4 0 2 0 3 0 0 0 0 3 0 3 8 0 4 0 4 0 3 31 0 0 2 2 1 6 0 4 4 15 0 10 0 0 6 24 22 0 0 0 15 0 22 16 16 0 12 0 0 0 0 0 0 0 0 0 0 0 0 0 0 0 0 0 0 0 0 1 0 0 0 0 0 0 0 0 0 0 0 0 0 0 0 0 0 0 0 0 0 0 0 0 0 0 0 0 0 0 0 0 0 0 0 0 0 0 14 0 0 2 1 0 0 0 0 11 21 0 16 0 0 12 0 0 0 0 0 0 0 0 0 0 0 0 0 0 0 0 0 0 0 0 0 0 0 0 0 0 0 0 0 0 0 0 0 0 0 0 0 0 0 0 0 0 0 0 0 0 0 0 0 0 0 0 0 0 0 0 0 0 0 0 0 0 0 0 0 0 0 0 0 0 0 0 0 4 0 0 0 0 18 9 0 0 0 0 0 0 0 0 0 0 0 0 67 0 0 0 0 0 0 0 0 0 14 15 0 0 0 0 0 0 0 0 0 0 0 0 0 
 378 134 142 375 89 114 444 187 263 162 224 332 55 0 383 125 113 504 284 248 0 0 0 0 2 0 1 0 3 0 0 0 2 0 0 0 0 0 0 0 0 0 0 0 0 0 0 0 3 3 2 0 0 2 0 3 0 0 0 0 38 0 48 0 0 0 0 0 0 2 5 0 0 0 1 0 0 0 1 0 20 0 19 0 20 4 16 25 12 10 20 0 16 0 10 25 0 52 18 0 0 0 0 0 0 0 0 0 0 0 0 0 7 1 1 0 0 0 0 0 1 0 0 0 0 0 0 13 0 0 0 0 0 0 0 0 0 0 0 0 0 1 0 0 0 0 0 0 0 0 7 0 5 6 0 0 0 0 0 0 0 18 0 12 0 0 0 45 2 0 18 8 8 28 9 20 17 1 0 27 0 0 0 0 0 0 18 0 0 0 0 0 1 10 0 0 0 0 0 2 0 0 0 0 0 0 0 0 0 0 0 0 0 0 0 0 0 0 0 15 0 0 0 6 0 1 0 0 0 0 0 1 0 0 0 0 0 0 0 0 0 0 0 0 0 2 0 0 2 2 0 13 10 0 0 0 0 0 0 0 0 0 8 0 0 0 0 0 0 0 0 0 0 0 0 13 10 0 0 0 0 0 0 0 0 0 0 0 0 0 
 262 60 246 253 233 129 269 74 374 105 265 271 107 383 0 201 166 282 279 176 0 1 0 0 6 130 2 2 0 2 0 6 3 1 203 1 0 0 0 0 0 0 0 0 0 4 0 0 3 3 2 0 0 2 0 3 0 0 0 0 3 0 3 4 0 6 0 0 4 3 0 2 0 0 2 0 4 0 0 4 0 0 16 22 0 0 26 20 7 1 22 33 9 0 17 22 0 9 0 8 0 0 0 0 0 0 0 0 0 0 0 0 11 14 0 0 0 0 14 0 0 0 0 2 0 0 0 2 0 0 0 0 0 0 0 11 0 0 0 0 0 13 0 0 0 0 0 0 0 0 0 0 0 4 0 0 0 0 0 0 23 0 0 26 0 20 6 8 4 33 12 26 15 16 14 15 0 13 0 1 0 2 0 0 0 0 10 0 0 1 0 0 13 19 1 0 0 0 8 0 0 0 0 0 0 0 14 0 0 0 0 0 0 0 0 0 0 2 0 29 0 0 0 0 0 0 0 0 0 0 0 0 0 0 2 0 0 0 0 0 0 0 0 0 0 33 0 0 2 1 0 7 0 0 0 0 0 0 2 0 0 0 13 0 0 0 0 0 0 0 0 0 0 0 0 0 7 14 0 0 0 0 0 0 0 0 0 0 0 0 
 65 234 45 123 197 88 128 58 180 321 372 84 33 125 201 0 80 119 98 80 84 0 0 0 1 0 2 0 0 0 0 0 76 0 0 0 0 0 82 84 0 0 64 0 0 0 0 0 7 3 2 0 0 2 3 3 0 0 0 0 3 0 3 0 0 0 0 0 0 2 0 0 0 0 1 0 0 0 0 0 16 0 31 12 17 22 15 1 0 21 40 0 0 9 0 1 42 0 1 0 2 8 0 0 0 0 0 2 0 0 0 0 14 0 0 0 0 0 10 0 12 0 0 0 0 0 0 0 0 2 0 0 0 0 0 1 0 0 0 0 0 0 0 0 0 0 0 0 0 0 9 0 0 0 0 0 0 0 0 0 0 0 33 13 0 0 0 0 0 0 0 32 0 5 0 34 13 10 0 7 1 0 0 0 0 0 0 0 0 0 11 0 10 0 0 0 0 0 53 0 0 2 0 0 0 0 16 0 0 0 0 0 2 0 0 0 0 0 0 0 0 0 0 0 0 1 0 0 0 0 0 0 0 0 0 0 0 0 0 3 0 0 0 0 0 0 2 2 90 47 0 4 0 0 0 0 0 0 0 0 0 0 0 0 0 0 0 0 0 0 0 0 0 0 0 0 0 0 0 0 0 0 0 0 0 0 0 0 0 0 
 56 33 194 145 221 52 39 43 37 42 178 64 33 113 166 80 0 322 62 117 0 0 0 0 2 0 1 0 1 0 0 0 73 0 0 0 0 2 0 76 0 0 0 0 0 0 0 0 3 3 2 0 0 2 5 3 0 0 0 0 3 0 3 8 73 0 0 0 0 2 8 0 0 0 1 0 0 0 0 0 14 0 0 70 0 10 10 32 3 10 44 15 4 0 26 71 14 10 7 0 10 0 0 0 0 0 18 0 0 29 0 0 31 0 0 0 0 20 0 2 0 0 0 0 0 0 0 14 0 0 0 0 0 0 0 10 0 0 0 0 0 14 0 0 0 0 0 0 0 12 0 0 0 11 0 0 0 0 0 0 9 4 0 11 0 22 5 45 17 64 26 12 14 11 37 0 1 0 0 5 0 0 0 0 0 0 7 0 0 0 0 0 0 8 20 0 0 0 18 18 0 0 0 0 0 0 0 0 0 0 0 0 0 0 0 0 0 0 0 15 0 0 0 0 0 0 0 0 0 0 0 0 0 0 0 0 0 0 0 0 0 0 0 0 0 3 11 0 1 50 1 5 10 0 0 0 0 0 0 0 2 0 0 0 0 0 0 0 0 0 0 0 0 0 0 14 1 17 0 0 0 0 0 0 0 0 0 0 0 0 
 79 60 282 248 112 47 50 145 47 214 154 184 122 504 282 119 322 0 44 191 2 0 0 2 5 0 1 0 0 75 0 0 60 0 0 73 0 0 97 23 0 0 0 0 0 0 0 0 3 3 2 0 0 2 0 3 0 0 63 0 3 0 3 0 0 0 38 0 0 2 9 0 0 0 2 0 33 0 0 0 2 0 13 20 0 8 19 13 9 5 35 10 0 1 8 28 10 39 0 0 0 0 0 0 0 0 0 0 0 0 0 2 12 24 0 0 0 0 0 0 0 0 0 0 0 0 0 0 0 0 0 0 0 15 0 15 0 0 0 0 0 0 0 0 0 0 0 0 0 0 19 0 1 3 0 2 3 0 0 0 10 16 0 14 0 9 0 25 8 25 1 9 0 31 25 52 15 15 0 2 0 1 1 0 0 2 8 0 0 0 0 1 58 15 0 0 0 0 2 0 1 0 0 0 0 0 0 0 0 0 0 0 0 0 0 0 0 0 0 1 0 0 0 0 0 0 0 0 0 0 0 0 0 0 0 0 0 0 0 0 0 0 0 0 0 6 2 0 3 94 0 7 9 0 0 0 0 0 0 0 0 0 16 0 0 0 0 0 0 0 0 0 0 0 0 9 0 0 0 0 0 0 0 0 0 0 0 0 0 0 
 93 119 257 379 52 55 437 48 188 108 254 125 73 284 279 98 62 44 0 268 0 0 0 0 2 0 1 2 1 0 0 0 5 0 0 0 0 0 0 0 0 0 0 2 0 0 0 0 3 3 2 0 0 2 62 3 0 1 0 0 3 0 3 11 0 0 0 0 0 2 0 0 57 0 1 0 0 0 0 0 8 21 23 0 18 0 38 13 19 11 19 0 16 35 13 2 0 4 21 19 0 0 0 0 0 0 0 0 0 0 0 0 0 0 2 0 29 0 0 0 0 0 0 0 0 0 0 0 0 0 0 0 0 0 0 0 0 0 0 0 2 0 1 1 0 0 0 0 0 0 0 0 0 0 0 0 0 0 0 0 40 11 17 15 19 0 2 5 9 0 1 46 33 14 0 0 37 0 18 27 0 0 2 0 0 0 0 0 0 0 0 0 0 0 0 0 0 0 0 0 0 0 0 0 2 0 0 0 0 0 0 0 0 0 0 0 0 0 0 0 0 0 0 0 0 0 0 0 0 0 0 1 0 0 0 1 0 0 0 0 0 0 0 0 0 0 0 0 2 2 13 6 0 0 0 0 0 0 0 0 0 0 0 0 0 0 0 0 0 0 0 0 0 0 0 0 15 0 0 0 0 0 0 0 0 0 0 0 0 0 
 201 46 280 96 68 69 214 131 99 121 152 41 119 248 176 80 117 191 268 0 0 0 0 0 2 39 2 0 0 1 0 0 0 0 0 0 0 2 0 0 0 0 0 0 0 0 0 0 2 3 2 0 0 2 0 2 0 0 0 0 30 0 3 0 0 0 0 0 0 2 9 0 0 0 0 0 0 2 0 0 10 0 1 0 1 6 12 2 9 0 18 0 18 14 27 29 0 21 39 19 0 0 0 0 0 1 0 0 1 0 0 0 0 0 0 2 0 0 0 0 0 0 0 0 0 0 0 0 2 2 0 0 0 0 0 0 0 0 0 0 0 0 0 0 0 0 0 0 2 0 7 0 0 6 14 0 0 0 0 0 0 22 0 0 0 0 24 47 0 18 0 21 14 20 14 19 9 1 10 15 0 0 0 0 0 0 0 0 0 0 0 0 0 0 0 0 1 0 0 0 9 0 0 0 0 0 0 0 0 0 0 0 0 0 0 2 0 0 0 0 0 0 0 0 0 0 0 0 0 0 0 0 0 0 0 0 0 0 0 0 0 0 0 0 0 0 0 0 0 0 0 2 4 0 0 0 0 0 0 0 0 0 0 0 0 0 0 0 0 0 0 0 0 0 0 9 0 0 0 0 0 0 0 0 0 0 0 0 0 0 
 2 0 0 0 0 149 2 3 0 0 75 159 0 0 0 84 0 2 0 0 0 131 508 149 258 27 402 125 108 38 40 235 334 124 197 484 109 318 38 197 3 58 3 0 0 4 0 0 7 0 0 0 0 0 0 5 0 0 0 0 0 3 4 2 2 0 3 2 0 0 2 0 0 0 0 0 0 3 3 0 0 0 0 14 0 0 0 0 0 0 21 11 0 0 0 0 16 0 0 0 0 9 12 10 12 0 12 0 0 24 1 0 2 19 0 27 12 11 13 0 0 0 0 0 0 0 13 0 0 0 0 0 11 0 0 0 0 0 8 0 0 0 0 0 0 0 0 0 0 0 0 0 0 0 0 5 0 0 0 0 0 0 21 9 7 0 0 8 0 0 13 0 0 0 0 5 0 0 0 0 24 13 42 0 0 6 23 11 8 0 23 23 11 30 0 21 11 0 26 22 0 0 0 0 0 0 0 0 0 0 0 0 0 0 0 0 0 0 11 0 0 0 0 0 0 0 0 0 0 0 0 0 0 0 0 0 0 0 0 0 0 0 0 0 0 0 23 0 27 0 0 0 0 0 9 0 0 0 0 2 31 0 0 0 0 0 0 0 0 0 0 0 0 0 0 14 0 0 0 0 0 0 0 0 0 0 0 0 0 0 
 0 0 0 0 1 74 35 2 0 2 0 73 1 0 1 0 0 0 0 0 131 0 333 174 289 60 378 306 301 61 124 313 86 128 333 37 351 177 245 44 16 3 2 68 0 5 2 0 2 0 0 3 1 1 0 0 0 0 0 63 0 5 0 2 5 0 2 2 0 0 2 0 2 0 0 0 0 6 7 6 0 0 0 0 0 3 0 0 0 0 0 0 0 0 0 0 0 0 0 0 26 18 20 40 48 14 0 0 0 39 35 20 12 22 0 18 0 9 16 23 63 0 0 0 0 1 13 1 31 0 0 0 5 0 0 0 0 0 12 11 0 0 0 0 0 0 0 0 0 0 0 0 0 0 0 0 0 0 0 0 0 0 0 0 0 18 0 0 0 0 0 1 0 1 0 0 2 4 0 0 12 28 19 0 18 8 17 17 15 4 18 30 1 16 0 47 18 33 1 14 0 12 0 0 0 0 0 0 0 0 0 0 1 0 0 0 0 0 15 0 0 0 17 0 0 0 0 0 0 0 2 0 0 0 6 0 0 0 0 0 0 0 0 0 0 0 0 0 0 0 0 0 0 0 14 0 0 1 0 0 16 1 0 0 0 0 14 0 0 0 0 0 0 0 0 0 0 0 0 0 0 0 0 0 1 26 0 0 0 0 
 3 0 0 73 0 0 0 0 0 1 1 0 77 0 0 0 0 0 0 0 508 333 0 471 59 34 260 178 83 160 94 406 80 253 55 84 135 56 51 57 68 0 3 0 0 0 0 0 0 0 0 0 1 0 0 0 0 0 0 35 0 3 5 2 2 0 9 2 0 0 4 0 0 0 0 0 1 3 3 0 0 0 0 0 24 0 0 0 0 0 0 0 0 0 0 16 0 0 0 0 0 0 2 14 47 19 0 0 0 21 8 0 0 7 0 0 17 12 1 2 33 14 0 0 0 2 48 0 8 0 1 0 20 15 23 0 0 0 24 25 0 0 0 0 0 0 0 0 0 0 0 0 0 0 0 0 0 0 0 0 0 0 0 0 0 3 0 0 0 0 0 0 0 0 0 0 0 4 0 0 10 0 0 8 14 10 0 5 0 16 8 38 0 11 0 9 12 29 1 0 11 17 1 0 0 0 19 1 2 0 0 0 51 0 12 1 0 1 18 16 0 0 0 0 0 0 0 0 0 0 1 0 0 0 0 0 0 0 0 0 0 0 12 0 0 0 0 0 0 0 0 0 0 0 10 2 0 78 0 2 1 0 0 0 0 0 0 0 0 0 0 0 0 0 0 0 0 0 0 0 0 0 0 0 2 14 0 0 0 0 
 0 0 0 0 0 0 2 0 0 0 0 0 0 0 0 0 0 2 0 0 149 174 471 0 308 117 189 171 351 154 376 76 491 41 387 72 316 100 70 59 69 0 3 0 0 0 0 0 0 0 0 2 0 0 0 0 0 1 0 39 0 3 1 2 2 0 3 2 0 0 51 0 0 0 0 0 0 3 3 6 0 0 0 0 0 0 0 0 0 0 0 0 0 0 0 0 0 0 0 0 19 1 35 11 14 1 0 13 33 0 12 24 0 1 0 47 2 16 0 0 25 0 0 0 0 0 11 0 1 0 1 0 1 0 1 0 0 0 32 12 0 0 0 0 0 0 0 0 0 0 0 0 0 0 0 0 0 0 16 0 0 0 0 0 0 18 0 6 0 0 0 0 0 0 1 6 0 0 0 0 0 0 19 0 38 61 46 11 0 7 12 13 0 1 0 22 4 37 0 14 0 0 0 0 0 0 1 0 1 0 0 0 2 0 10 0 0 1 24 21 0 0 0 0 0 0 0 0 0 0 0 0 0 0 0 0 0 0 0 0 0 0 0 0 0 0 0 0 0 0 0 0 0 0 6 0 3 76 79 2 2 1 0 0 0 0 16 0 0 0 0 0 0 1 0 0 0 0 0 0 0 4 0 0 0 11 0 0 0 0 
 3 1 2 2 3 5 2 1 1 2 1 2 2 2 6 1 2 5 2 2 258 289 59 308 0 316 290 71 201 159 144 118 92 57 63 166 141 126 77 98 3 65 65 1 0 0 196 1 81 0 0 0 0 0 57 1 0 5 0 65 28 3 1 2 2 0 3 2 0 2 2 0 6 0 7 0 1 3 5 0 0 0 0 0 0 23 0 0 2 0 0 1 0 0 0 0 0 0 0 0 0 0 0 0 30 18 0 28 13 38 0 23 0 9 4 23 16 0 0 0 0 52 0 8 0 0 0 20 0 0 19 0 12 7 15 14 9 16 31 0 0 0 0 0 0 0 1 18 0 0 1 0 0 0 2 0 0 0 0 1 1 0 11 0 17 0 0 1 0 0 4 0 0 0 0 0 0 0 0 0 1 13 0 8 27 1 14 0 0 24 0 30 8 0 0 0 0 0 1 16 17 0 0 0 15 0 1 0 20 0 0 0 14 0 8 8 12 23 18 0 0 0 0 0 0 0 0 0 0 0 0 0 17 0 0 0 0 0 0 0 0 0 0 0 0 1 0 0 2 1 0 29 0 0 89 2 1 3 77 12 4 3 0 0 0 0 0 0 0 0 0 0 0 0 0 0 0 0 0 0 0 0 0 0 0 0 21 0 0 0 
 0 0 0 0 3 1 130 0 6 0 0 0 0 0 130 0 0 0 0 39 27 60 34 117 316 0 99 240 475 43 226 296 57 57 37 94 93 74 49 63 3 0 8 0 0 5 142 69 71 0 0 3 7 65 198 4 1 83 168 81 1 5 0 4 11 3 3 2 2 0 2 1 0 0 0 0 3 5 3 2 0 0 0 0 0 0 0 0 0 0 0 0 0 0 0 0 0 0 0 0 0 0 0 0 20 0 0 18 14 0 0 9 0 0 9 0 0 18 27 0 2 26 10 39 0 1 9 0 0 11 0 0 17 0 15 27 18 27 0 16 0 0 0 0 0 1 0 2 1 13 0 0 0 0 8 0 0 0 0 0 0 0 0 0 5 0 0 0 0 0 3 0 0 0 0 0 0 0 0 0 0 0 0 3 47 0 7 0 0 2 0 19 0 0 0 0 0 0 0 0 52 13 2 0 12 0 45 0 0 19 26 10 31 45 41 32 27 12 11 0 0 0 0 0 0 2 0 0 0 0 0 0 0 0 0 0 0 0 0 0 0 0 0 0 0 0 0 0 0 0 0 0 0 0 19 0 1 0 8 29 0 4 0 0 0 0 0 0 0 0 0 0 0 0 0 0 0 0 0 0 0 9 0 0 13 0 0 0 0 0 
 4 1 1 1 0 2 4 3 0 1 3 1 2 1 2 2 1 1 1 2 402 378 260 189 290 99 0 264 297 392 122 62 231 173 115 224 110 103 42 315 3 0 30 0 0 0 0 0 4 61 0 0 0 0 0 28 0 0 0 0 0 3 1 1 2 2 3 2 0 0 2 0 0 0 0 0 0 3 3 6 0 0 15 0 0 6 0 0 0 0 0 0 0 0 0 0 0 0 0 1 28 1 33 0 0 0 0 27 24 24 24 21 0 0 69 53 8 18 0 0 0 0 0 0 0 0 0 0 0 10 0 0 9 0 0 0 0 0 13 17 0 0 11 0 0 0 0 0 0 0 0 0 0 0 0 0 0 0 0 0 0 0 0 0 0 6 0 3 0 0 0 0 0 0 0 15 0 0 0 0 16 4 11 0 8 26 51 18 11 18 8 0 0 1 0 1 23 6 10 18 0 0 0 0 0 0 0 0 0 0 0 0 0 0 0 0 0 0 10 0 2 0 0 0 0 0 0 0 0 0 0 0 0 0 0 0 0 1 0 0 0 0 0 0 0 0 0 0 0 0 0 0 0 0 9 2 0 0 78 2 6 24 0 0 0 0 10 0 0 0 0 0 0 0 0 0 0 0 0 1 0 0 0 0 0 0 0 0 0 0 
 0 0 0 0 0 107 0 0 82 0 2 0 0 0 2 0 0 0 2 0 125 306 178 171 71 240 264 0 676 47 52 128 176 88 312 191 81 119 77 151 3 5 2 0 0 29 0 53 9 0 0 0 0 0 0 4 0 0 0 0 0 3 6 2 2 0 2 2 0 0 2 0 0 61 0 0 0 3 3 4 0 0 0 0 0 2 0 0 0 0 0 0 2 0 0 0 0 0 0 0 14 18 33 14 39 8 0 19 10 45 24 23 0 0 18 59 13 30 0 0 32 0 0 0 0 0 7 0 13 0 0 0 3 0 1 0 0 0 15 10 0 0 14 0 0 0 0 0 0 0 0 0 0 0 11 0 0 0 0 0 0 0 2 0 0 12 0 0 2 0 0 0 2 0 0 0 0 17 0 0 0 12 65 0 8 0 7 43 33 25 24 15 0 42 13 31 38 1 56 19 0 12 0 0 0 22 0 0 0 0 0 0 0 0 0 0 0 0 2 0 0 0 0 0 0 0 0 0 0 0 0 0 0 0 0 0 0 0 0 0 0 0 0 0 0 0 0 0 0 0 0 0 0 2 18 0 0 1 2 2 16 0 0 0 0 0 13 0 0 0 0 0 0 0 0 0 0 0 0 0 0 0 0 0 0 13 0 0 0 0 
 3 0 0 0 1 3 0 0 2 0 0 0 0 3 0 0 1 0 1 0 108 301 83 351 201 475 297 676 0 150 203 184 437 179 85 337 343 71 90 150 3 1 3 0 0 0 0 1 22 0 2 0 0 0 0 2 0 2 0 0 0 3 2 2 2 0 3 2 0 0 2 0 3 0 0 0 0 3 5 11 0 0 0 0 0 0 0 0 0 0 0 0 0 0 0 0 2 0 0 0 25 31 15 1 0 10 0 19 12 44 39 10 0 36 10 65 15 19 0 0 7 0 0 1 0 0 7 0 12 0 0 0 1 0 0 0 0 0 0 22 0 1 4 0 0 0 0 0 0 0 0 0 0 0 0 0 0 0 0 0 0 0 0 0 0 12 0 0 0 0 0 0 0 0 0 0 0 5 0 7 8 15 23 0 0 16 12 25 1 8 1 24 0 14 0 11 56 14 0 13 0 13 0 0 0 0 0 0 0 0 0 2 1 0 1 0 0 0 3 0 0 0 0 2 1 0 0 0 0 0 0 0 0 0 0 0 0 0 0 0 0 0 0 0 0 0 0 0 0 0 0 0 1 0 19 0 2 0 1 1 4 13 0 0 0 0 35 0 0 0 0 0 0 0 0 0 1 0 0 10 0 0 0 0 0 0 0 0 0 0 
 0 0 1 0 0 21 2 4 0 0 0 0 0 0 2 0 0 75 0 1 38 61 160 154 159 43 392 47 150 0 147 42 129 58 139 142 217 82 81 89 3 0 3 0 0 1 29 0 0 0 0 0 0 0 0 0 0 0 0 0 0 3 0 0 2 0 53 2 4 0 2 0 6 0 0 0 0 3 3 0 0 0 0 0 0 0 0 0 0 0 0 0 0 0 0 0 1 0 1 0 9 12 2 20 10 10 10 0 0 7 0 18 0 9 1 15 0 21 19 10 3 23 0 0 0 0 0 19 0 2 0 0 0 0 27 0 0 1 43 34 0 0 4 0 0 0 5 0 0 0 0 0 0 0 0 1 0 0 0 0 0 0 1 2 2 1 0 7 0 2 0 0 0 0 0 2 0 0 0 0 1 38 0 39 29 22 11 0 8 47 38 0 0 0 0 11 11 0 1 1 1 0 0 3 0 0 15 19 0 0 0 0 12 0 0 2 19 0 37 34 0 0 0 0 0 0 0 0 0 0 0 0 0 0 0 0 0 0 0 0 0 0 17 0 0 0 0 0 0 0 0 0 0 0 19 2 0 76 0 0 14 8 0 0 0 0 0 0 0 0 0 0 0 0 0 0 0 0 0 8 0 0 0 0 0 0 21 0 0 0 
 2 0 0 0 4 0 0 2 3 0 2 0 4 0 0 0 0 0 0 0 40 124 94 376 144 226 122 52 203 147 0 164 63 25 286 476 245 182 17 45 86 1 3 0 0 0 242 23 5 0 0 0 0 1 22 1 2 0 0 26 0 3 2 2 2 1 3 2 0 0 2 0 5 6 0 0 0 3 3 6 0 0 0 0 0 0 0 0 0 0 0 0 0 0 0 0 0 0 0 0 9 2 2 9 34 4 0 27 32 48 0 15 0 7 12 38 27 20 0 0 11 0 1 2 0 0 12 33 1 0 3 0 0 1 5 14 10 0 13 0 0 0 0 0 0 0 0 0 2 1 0 0 0 0 0 0 0 0 0 0 0 0 0 0 0 0 0 0 0 0 0 0 0 0 0 0 0 0 0 0 6 11 1 31 8 1 8 1 26 9 9 16 2 1 0 17 0 12 0 0 4 14 0 0 0 0 0 0 4 18 0 0 35 0 10 8 20 0 21 10 0 0 0 0 0 2 0 0 0 0 0 0 0 0 0 0 0 0 0 0 0 0 1 0 0 0 0 0 0 0 0 0 0 0 8 0 5 75 73 0 8 0 0 0 0 0 0 0 0 0 0 0 0 0 1 0 0 0 0 0 0 0 0 0 0 0 13 0 0 0 
 5 0 0 1 3 3 2 2 0 0 0 2 0 0 6 0 0 0 0 0 235 313 406 76 118 296 62 128 184 42 164 0 30 66 420 119 244 174 223 38 4 0 2 0 0 0 62 64 6 0 0 0 1 66 92 0 1 7 65 67 0 3 0 1 6 0 1 2 10 0 2 0 0 0 0 0 0 2 3 0 0 0 0 0 0 0 0 0 0 0 0 0 0 0 0 0 0 0 0 0 0 0 0 10 42 30 0 20 11 22 13 12 0 0 5 19 0 40 10 0 35 18 26 0 0 0 10 0 12 9 12 0 17 4 47 5 16 36 18 11 0 0 0 1 0 0 0 11 0 15 0 0 0 0 1 0 0 0 0 0 0 0 0 0 0 0 2 0 0 0 0 0 0 0 0 0 0 2 0 0 0 1 0 0 31 8 8 7 0 0 0 22 0 0 0 12 1 15 0 0 44 26 13 0 12 0 0 0 14 18 0 0 31 13 0 11 3 28 21 2 0 1 0 0 0 0 0 0 0 0 0 0 0 0 0 0 0 0 0 0 0 0 0 0 0 0 0 0 0 0 0 0 0 0 13 3 2 2 73 0 0 1 0 0 0 0 0 0 0 0 0 0 0 0 0 0 0 0 0 0 0 0 0 0 0 12 0 0 0 0 
 0 74 1 62 73 135 2 84 2 150 0 172 1 2 3 76 73 60 5 0 334 86 80 491 92 57 231 176 437 129 63 30 0 169 344 101 66 398 82 205 7 5 2 0 6 6 0 0 7 0 0 2 12 0 1 8 0 0 0 0 0 3 0 0 2 2 6 2 0 8 2 0 0 4 0 0 0 3 3 0 0 0 3 10 0 0 0 0 10 15 13 0 0 0 0 14 30 0 0 1 13 40 37 9 0 0 19 24 17 17 3 2 34 11 8 37 14 34 13 21 0 0 0 2 0 0 0 0 0 0 0 0 0 0 0 0 0 0 0 0 0 2 2 0 0 0 0 0 0 1 0 0 0 1 0 0 0 0 0 0 0 0 38 14 15 0 0 0 13 0 0 0 0 6 0 9 6 2 0 11 0 20 2 13 0 0 1 11 0 8 0 11 12 35 16 14 12 0 34 0 0 0 0 0 0 0 0 0 0 0 0 2 0 11 0 0 0 0 0 0 0 0 0 2 1 0 0 0 0 0 0 0 0 0 0 0 0 0 0 0 0 0 0 0 0 0 0 0 0 148 0 0 0 0 13 0 1 0 0 2 6 2 0 0 0 0 0 0 0 0 0 0 0 0 0 0 1 30 0 7 0 1 0 0 0 0 0 0 0 0 
 2 0 0 0 0 6 0 74 0 0 3 49 2 0 1 0 0 0 0 0 124 128 253 41 57 57 173 88 179 58 25 66 169 0 143 30 56 46 106 252 3 203 3 0 0 2 0 0 0 0 0 2 0 0 0 1 0 0 0 0 0 3 0 1 2 2 3 5 0 3 2 0 0 1 0 0 3 3 3 2 0 0 0 18 12 8 0 0 0 0 0 11 0 0 0 0 12 0 0 0 33 59 7 7 0 0 13 13 15 7 33 0 19 8 15 0 11 25 16 32 2 0 0 0 0 0 0 0 0 0 0 0 0 0 0 0 0 0 0 11 0 0 13 0 0 1 0 0 0 0 0 16 0 0 0 0 0 0 0 20 0 0 13 14 17 38 0 0 0 0 13 0 0 0 5 0 6 12 0 0 22 18 10 0 0 8 0 35 20 8 0 0 14 0 35 30 25 0 22 21 0 0 2 13 0 0 0 4 0 0 0 33 0 0 0 0 0 0 0 0 0 0 0 0 0 1 0 0 0 0 0 0 0 0 0 0 0 0 0 0 0 0 0 0 0 0 4 0 75 20 0 0 0 0 6 0 0 0 102 0 1 13 0 0 0 0 0 0 0 0 0 0 0 0 0 0 0 0 0 0 0 0 0 0 0 0 0 0 0 0 
 0 0 0 0 2 26 0 0 0 0 0 74 0 0 203 0 0 0 0 0 197 333 55 387 63 37 115 312 85 139 286 420 344 143 0 207 332 47 143 160 3 6 3 0 0 8 0 0 2 0 0 0 0 0 0 4 0 0 0 0 0 3 0 2 2 0 3 2 0 0 2 0 0 0 0 0 0 3 3 5 9 0 0 0 0 0 0 0 0 0 0 30 0 0 0 0 0 0 0 0 15 19 25 71 8 22 13 0 28 17 28 37 13 1 1 21 0 11 26 8 17 0 0 0 0 0 18 0 12 0 0 0 1 0 0 0 0 0 29 14 0 0 0 0 0 0 0 0 0 4 1 0 0 0 0 5 0 0 0 1 2 0 0 0 7 25 0 2 0 0 0 0 0 0 0 2 0 0 1 0 0 2 57 13 14 26 35 45 45 9 31 70 15 31 1 7 10 3 0 25 0 15 0 0 0 0 0 0 0 0 0 0 0 0 0 0 0 12 32 0 0 0 0 0 0 0 0 0 0 0 0 14 14 0 0 0 0 0 0 0 0 0 0 0 0 1 1 0 0 0 0 0 0 0 10 0 2 0 0 0 11 0 0 0 0 0 16 0 0 0 0 0 0 0 0 2 0 0 0 0 0 59 0 0 0 0 0 0 0 0 
 0 0 0 0 0 0 0 0 0 0 0 74 0 0 1 0 0 73 0 0 484 37 84 72 166 94 224 191 337 142 476 119 101 30 207 0 200 129 305 138 3 3 3 0 0 2 0 0 6 0 0 1 0 0 0 3 0 0 64 0 0 3 6 2 2 0 3 2 0 0 2 0 0 2 0 0 0 3 3 0 0 0 0 0 0 0 0 0 0 0 0 1 0 0 0 0 0 0 0 0 1 22 22 11 32 1 20 36 53 40 26 49 0 8 10 42 31 19 11 18 5 0 0 0 0 0 9 0 1 0 0 0 11 0 0 0 0 0 21 0 0 13 0 0 0 0 0 0 0 5 0 0 0 0 0 6 11 0 0 0 0 0 0 0 0 12 0 10 0 0 0 0 0 0 0 8 0 0 0 0 22 0 39 15 23 21 33 23 17 0 11 33 0 40 0 14 0 0 5 13 0 0 0 1 0 17 0 0 0 44 0 0 0 0 0 0 0 0 24 0 0 0 0 0 0 0 0 0 0 0 0 0 0 11 0 0 0 0 0 0 0 0 0 0 0 0 0 0 0 0 0 0 0 0 3 2 0 0 3 0 1 0 0 0 0 0 0 0 0 0 0 0 0 0 0 0 0 0 0 1 0 18 0 0 0 0 0 0 0 0 
 2 2 0 0 3 0 0 0 0 0 0 0 4 0 0 0 0 0 0 0 109 351 135 316 141 93 110 81 343 217 245 244 66 56 332 200 0 174 38 40 23 0 3 0 0 0 63 0 0 0 0 0 0 0 0 0 0 0 0 129 0 3 1 2 2 0 3 2 4 0 2 0 7 0 0 0 0 3 3 0 0 0 0 0 0 0 0 0 0 0 0 0 0 0 0 0 0 1 0 0 2 18 13 45 10 24 7 31 39 45 13 57 0 0 27 6 0 0 0 0 39 0 0 0 0 0 0 14 0 0 0 2 0 0 0 0 7 11 36 0 0 0 0 0 0 0 0 0 0 0 2 0 0 0 0 0 0 0 0 0 0 0 0 0 0 0 0 2 0 0 0 0 0 0 0 2 16 0 0 0 1 17 0 8 24 27 21 39 14 1 8 1 0 0 1 14 0 18 0 0 11 0 24 0 0 0 0 0 0 0 0 0 0 2 0 1 0 0 13 8 0 0 0 0 0 0 0 0 0 0 0 0 1 0 0 0 0 0 0 0 0 0 0 0 0 0 0 0 0 0 0 0 0 0 6 0 1 4 66 0 2 0 0 0 0 0 0 0 0 0 0 0 0 0 0 0 0 0 0 0 0 7 0 1 0 2 13 0 0 0 
 0 0 0 0 3 67 0 0 4 0 0 3 0 0 0 0 2 0 0 2 318 177 56 100 126 74 103 119 71 82 182 174 398 46 47 129 174 0 34 117 89 1 3 0 0 0 0 4 4 0 0 0 0 0 0 4 0 0 0 30 1 3 12 2 2 0 8 2 1 1 2 0 0 0 0 0 0 3 6 0 0 0 0 0 0 0 0 0 0 0 0 0 0 0 0 0 0 0 0 0 0 15 0 17 13 1 17 16 29 30 0 11 0 20 7 8 14 28 24 30 10 0 0 0 0 0 6 0 0 0 2 0 8 0 5 0 0 0 0 0 0 0 0 0 0 1 0 0 2 0 0 0 0 0 0 0 0 0 0 0 0 0 0 0 0 0 0 0 0 0 0 0 0 0 0 0 0 0 0 1 11 11 9 13 0 0 0 43 0 9 0 68 0 40 0 44 0 12 0 1 0 0 2 0 0 0 0 0 2 0 0 0 10 0 11 0 0 0 3 11 0 0 0 0 0 2 0 0 0 0 0 0 0 0 0 0 0 0 0 0 0 0 0 0 0 0 0 0 0 0 0 0 0 0 13 0 0 78 0 2 3 0 0 0 0 0 0 0 0 0 0 0 0 0 0 0 0 0 0 7 0 0 0 0 0 0 0 0 0 0 
 0 65 74 105 74 73 0 55 0 22 74 74 0 0 0 82 0 97 0 0 38 245 51 70 77 49 42 77 90 81 17 223 82 106 143 305 38 34 0 378 3 0 3 0 0 0 0 0 0 0 0 1 0 0 0 26 0 0 74 0 0 3 0 2 2 0 3 3 2 0 2 0 0 0 0 0 0 3 6 0 0 0 4 0 36 7 0 0 32 0 12 16 0 0 0 0 9 0 6 0 0 0 0 0 0 0 3 15 48 0 10 14 0 12 6 23 15 2 8 18 0 0 26 0 0 0 28 0 13 0 0 0 0 0 0 9 0 0 0 0 0 0 0 0 0 0 0 0 0 3 0 0 0 0 0 0 3 0 0 0 9 23 10 1 7 14 10 0 0 35 0 0 0 0 14 31 0 14 0 7 7 4 23 33 0 0 35 0 41 0 0 0 28 50 25 0 0 25 45 8 0 0 0 0 0 0 0 0 0 0 0 0 0 0 0 0 21 0 0 0 0 0 0 0 0 29 0 0 0 0 0 0 0 0 0 0 0 0 0 0 0 10 0 0 0 0 0 0 0 0 0 0 0 1 12 0 1 0 0 0 0 1 14 0 0 0 0 0 0 0 0 0 0 0 0 0 0 0 0 0 0 16 0 0 0 0 0 0 0 0 
 0 79 0 23 33 77 0 80 0 159 0 149 0 0 0 84 76 23 0 0 197 44 57 59 98 63 315 151 150 89 45 38 205 252 160 138 40 117 378 0 3 5 3 0 0 6 0 0 37 0 0 0 0 0 0 5 0 0 0 0 0 3 0 0 2 0 3 3 0 6 2 0 50 0 0 0 0 3 3 0 0 0 0 13 16 0 0 0 11 12 2 0 0 0 0 0 43 0 0 0 0 47 21 10 0 0 56 20 0 37 11 14 25 0 22 73 10 11 0 10 0 0 0 21 0 0 0 0 0 0 0 2 0 0 0 0 0 0 0 0 0 26 0 0 0 0 0 0 0 0 0 0 0 0 0 0 0 0 0 0 0 0 33 15 24 9 0 0 0 0 0 0 0 7 0 9 4 1 0 3 0 50 34 19 0 0 0 20 6 22 0 2 15 40 22 12 37 0 48 23 0 0 0 0 0 0 15 0 0 0 0 0 0 2 0 0 0 0 0 0 0 0 0 0 0 0 0 0 0 0 0 0 1 0 0 0 1 0 0 0 0 0 0 0 0 0 0 0 75 158 0 0 0 0 12 0 0 0 1 4 1 4 0 0 0 0 0 0 0 18 0 0 0 0 0 0 0 0 0 0 0 0 0 0 0 0 0 0 0 0 
 0 0 0 0 0 0 0 6 0 0 0 0 0 0 0 0 0 0 0 0 3 16 68 69 3 3 3 3 3 3 86 4 7 3 3 3 23 89 3 3 0 70 79 142 100 247 76 261 51 129 52 105 125 170 60 36 153 27 53 101 2 0 0 2 3 0 0 1 0 0 0 1 0 0 0 0 0 0 0 0 0 0 0 0 0 0 0 0 0 0 0 0 0 0 0 0 0 0 0 0 0 0 0 20 0 10 0 0 0 0 0 0 7 0 0 0 0 0 0 5 12 0 22 0 15 14 0 8 21 18 19 22 0 0 12 0 1 0 10 0 0 0 0 0 0 25 0 6 0 0 0 0 0 0 0 0 0 0 21 19 0 0 0 0 0 0 0 0 0 0 0 4 0 0 0 0 0 0 1 0 0 0 0 0 8 0 0 0 0 0 0 0 0 0 0 0 0 10 0 0 0 0 0 10 13 15 1 24 40 16 22 0 12 0 31 0 9 23 0 13 0 0 0 0 0 3 13 0 0 8 0 0 0 0 0 0 0 0 1 13 0 0 0 0 0 0 0 0 0 0 0 4 0 2 0 0 0 22 0 0 0 0 2 1 0 11 4 0 0 0 0 0 0 0 0 3 0 0 0 0 0 3 0 0 1 0 0 19 0 0 
 0 0 0 0 0 6 0 0 0 0 0 0 1 0 0 0 0 0 0 0 58 3 0 0 65 0 0 5 1 0 1 0 5 203 6 3 0 1 0 5 70 0 155 75 116 105 533 126 57 283 67 19 118 132 65 168 47 75 57 72 2 4 0 1 0 0 0 0 0 0 0 3 62 0 0 0 0 0 88 0 0 0 0 0 0 8 0 0 0 0 0 0 0 0 0 0 0 0 0 0 0 12 6 9 0 0 0 0 0 1 0 0 4 0 0 1 0 0 3 0 0 20 0 10 36 0 9 16 23 0 10 17 0 10 0 0 0 0 0 0 10 0 0 3 0 0 0 10 0 0 0 0 0 32 17 13 0 0 0 8 0 0 0 0 0 0 0 1 0 0 0 0 0 0 0 0 0 0 0 0 0 6 5 0 0 0 0 4 10 0 0 5 0 5 0 0 6 0 0 17 1 14 21 11 21 0 0 13 0 37 21 11 0 10 0 10 2 7 0 0 0 0 0 0 0 0 0 0 0 0 0 0 11 6 0 0 0 0 11 22 0 0 1 0 0 0 0 0 0 0 0 9 0 2 1 0 0 0 0 1 0 0 102 39 0 12 1 0 0 0 0 0 0 0 0 0 0 0 0 0 0 0 0 0 0 0 0 0 0 0 
 0 0 0 0 0 0 62 6 0 0 2 0 0 0 0 64 0 0 0 0 3 2 3 3 65 8 30 2 3 3 3 2 2 3 3 3 3 3 3 3 79 155 0 227 62 65 69 155 190 138 42 262 60 122 304 180 79 119 126 111 2 0 2 2 0 4 3 4 0 3 1 0 51 0 0 0 5 0 1 0 0 0 0 0 0 0 0 0 0 0 0 0 0 0 0 0 0 0 8 0 0 0 0 0 0 0 0 0 0 0 0 0 0 0 0 0 0 0 0 0 0 26 3 26 0 24 15 0 0 5 41 7 11 3 10 4 23 0 0 0 19 0 0 0 41 1 5 21 0 1 0 1 1 0 16 0 0 0 38 27 0 0 5 0 6 0 0 0 0 0 10 0 0 0 0 0 0 0 0 0 0 0 0 0 0 0 0 0 0 0 0 0 0 3 0 0 0 20 0 0 0 32 27 31 24 25 9 5 14 22 58 4 0 0 7 1 36 1 0 0 0 0 0 0 0 0 2 4 0 0 0 0 12 22 0 0 0 0 1 2 0 0 0 0 0 0 0 0 0 0 0 4 0 0 0 0 2 0 0 18 0 0 66 0 1 5 0 0 0 0 0 0 0 0 0 0 0 0 0 0 0 0 0 0 13 0 0 0 0 0 
 0 0 0 0 0 0 0 1 0 0 0 0 0 0 0 0 0 0 2 0 0 68 0 0 1 0 0 0 0 0 0 0 0 0 0 0 0 0 0 0 142 75 227 0 147 39 101 129 397 236 349 76 165 350 143 337 199 151 109 132 1 6 0 1 53 2 0 1 0 0 1 3 2 0 1 1 4 1 0 0 0 0 0 0 0 0 0 0 0 0 0 0 0 0 0 0 0 0 0 0 0 0 0 0 0 0 0 0 0 0 0 0 0 0 0 0 0 0 0 0 0 15 33 6 18 26 14 0 16 25 9 18 9 17 11 13 20 0 0 0 0 0 0 2 8 2 5 0 0 0 0 0 0 0 0 0 0 0 7 17 0 0 1 0 1 0 0 0 0 0 2 0 0 0 0 0 0 0 2 0 0 0 0 0 0 0 0 0 0 0 0 0 0 0 0 0 0 0 0 0 0 12 22 14 0 7 16 25 13 65 0 11 0 11 6 2 21 2 0 16 0 0 0 0 0 0 10 0 0 0 0 0 7 0 0 0 0 0 24 9 0 0 0 0 0 0 0 0 0 0 0 3 0 2 2 0 0 0 0 0 0 0 84 0 2 0 0 0 0 0 0 0 0 0 0 0 0 0 0 0 0 4 0 0 7 1 0 4 0 0 
 0 0 0 0 0 0 0 0 0 0 0 0 0 0 0 0 0 0 0 0 0 0 0 0 0 0 0 0 0 0 0 0 6 0 0 0 0 0 0 0 100 116 62 147 0 120 45 130 132 79 168 188 64 62 80 63 196 96 60 89 1 50 0 1 0 2 2 2 0 0 0 2 5 21 3 0 7 0 50 52 0 0 0 0 0 0 0 0 0 0 0 0 0 0 0 0 0 0 0 0 0 0 0 0 0 0 0 0 0 0 0 0 0 0 0 0 0 0 0 0 0 11 11 1 15 0 0 0 71 12 0 0 0 0 0 0 18 0 0 0 0 22 0 1 5 8 24 9 0 0 0 0 0 26 0 35 1 0 19 0 0 0 0 0 0 0 0 0 0 0 0 0 0 0 0 0 0 0 0 0 0 0 0 0 0 0 0 0 0 0 0 0 0 0 0 0 0 0 0 0 0 0 0 0 0 24 0 9 12 29 0 0 0 0 11 0 1 0 0 0 13 28 9 0 15 0 0 0 29 30 1 7 23 0 13 0 23 11 24 0 0 0 0 0 0 0 0 0 0 0 0 2 0 0 0 0 0 0 0 1 0 0 0 0 1 2 0 7 3 0 2 0 0 0 0 0 0 0 0 0 0 0 0 0 0 0 0 10 0 0 
 0 0 0 0 2 19 0 0 0 0 0 1 0 0 4 0 0 0 0 0 4 5 0 0 0 5 0 29 0 1 0 0 6 2 8 2 0 0 0 6 247 105 65 39 120 0 22 42 30 55 97 279 34 40 71 155 120 54 291 279 1 1 0 2 0 0 97 2 52 0 0 212 1 52 0 0 0 0 101 1 0 0 0 0 0 0 0 0 0 0 0 0 0 0 0 0 0 7 0 44 0 4 11 9 0 0 0 0 0 3 0 0 16 0 0 1 0 0 5 0 0 0 1 0 1 0 0 0 13 0 17 17 0 1 0 0 0 0 0 0 25 3 0 9 0 0 15 1 0 18 0 0 19 0 0 0 0 0 23 21 0 0 0 1 0 0 0 0 0 0 0 0 0 0 0 0 0 0 0 0 0 20 6 0 0 0 0 9 5 0 0 14 0 13 0 0 6 0 0 0 0 0 0 0 11 20 0 0 1 0 9 1 0 0 0 0 0 0 0 0 7 41 1 0 8 0 28 33 6 11 0 1 16 8 12 9 11 20 27 22 0 0 0 0 0 0 0 0 0 0 0 4 0 0 0 0 0 0 0 2 0 14 0 0 63 1 5 1 0 0 18 0 51 0 0 0 0 0 0 0 0 0 0 0 0 1 0 0 0 0 
 2 0 0 0 0 0 0 0 61 28 0 0 0 0 0 0 0 0 0 0 0 2 0 0 196 142 0 0 0 29 242 62 0 0 0 0 63 0 0 0 76 533 69 101 45 22 0 189 55 267 45 42 191 75 224 34 250 101 146 73 1 5 0 1 0 0 0 0 5 19 4 18 13 0 3 0 0 1 1 51 0 0 0 0 0 0 0 0 0 0 0 0 0 0 0 0 0 0 0 0 0 0 0 8 80 0 0 0 12 0 0 23 0 0 0 0 0 16 0 0 1 21 17 1 0 0 27 20 0 0 0 0 9 0 10 13 18 15 28 27 21 0 0 46 0 0 0 2 0 28 0 3 0 0 7 7 10 6 0 0 0 0 0 0 14 0 0 0 0 0 0 0 0 0 13 0 0 0 0 0 0 26 0 3 33 22 0 0 0 40 0 18 0 0 0 0 11 0 0 0 22 0 0 19 13 0 21 0 0 18 0 7 10 4 9 31 6 14 25 15 4 0 0 0 0 0 0 0 0 6 0 0 0 44 0 5 0 0 0 0 0 0 0 0 0 0 0 0 0 0 0 0 0 2 0 0 0 62 0 12 0 0 2 0 0 0 5 0 1 0 0 0 0 0 0 0 0 0 0 0 0 0 0 0 9 0 28 0 0 0 
 0 0 0 0 0 0 0 0 0 0 0 0 0 0 0 0 0 0 0 0 0 0 0 0 1 69 0 53 1 0 23 64 0 0 0 0 0 4 0 0 261 126 155 129 130 42 189 0 382 75 50 30 91 196 50 107 91 29 70 49 0 0 5 2 0 0 0 3 4 0 0 0 0 0 0 0 10 0 0 0 0 0 0 0 0 0 0 0 0 0 0 0 0 0 0 0 0 0 0 0 0 0 0 0 24 0 0 0 0 0 0 0 0 0 0 0 0 21 0 0 0 11 27 0 1 31 9 0 7 26 0 1 0 1 0 58 20 0 0 0 16 0 0 0 4 12 14 0 0 4 8 0 0 0 0 22 0 0 11 14 0 0 0 0 0 0 0 0 0 0 0 0 0 0 0 0 0 0 0 0 0 0 0 0 8 0 0 0 0 0 0 0 0 0 0 0 0 0 0 0 7 10 21 9 23 0 0 26 34 45 10 0 14 0 24 8 38 0 0 0 0 0 0 0 0 0 0 0 0 0 8 4 0 40 0 0 0 13 1 1 0 0 0 0 0 1 0 0 0 0 0 3 0 0 0 0 0 0 0 0 0 0 64 0 0 0 2 1 2 0 0 0 0 0 10 0 0 0 0 0 0 0 0 0 8 11 0 20 0 0 
 3 3 2 3 2 7 6 6 1 3 3 3 3 3 3 7 3 3 3 2 7 2 0 0 81 71 4 9 22 0 5 6 7 0 2 6 0 4 0 37 51 57 190 397 132 30 55 382 0 180 83 84 215 162 83 44 131 96 122 134 52 0 0 2 7 0 2 0 0 2 0 0 0 0 0 0 0 0 0 0 0 0 0 0 0 1 0 0 0 0 0 0 0 0 0 0 0 0 0 0 0 4 1 1 0 0 0 6 4 15 0 5 0 0 5 47 0 0 0 0 0 0 21 20 1 22 0 0 12 14 7 41 10 18 3 47 31 9 0 18 0 0 0 0 6 32 19 0 0 0 0 0 0 0 0 0 0 0 0 2 0 0 13 0 4 0 0 0 0 0 7 0 0 0 0 0 0 0 13 0 0 18 14 0 0 0 1 13 0 0 0 8 0 4 0 0 33 0 0 0 0 0 4 0 0 0 12 9 0 27 14 20 0 27 12 0 40 13 0 10 0 0 0 0 0 0 0 0 0 0 0 0 6 0 0 0 0 0 0 7 0 0 0 0 0 0 0 0 0 0 0 60 0 1 0 0 0 0 1 1 0 0 1 0 1 1 0 0 2 0 0 0 0 0 0 0 0 0 0 0 0 4 0 0 24 0 0 0 0 0 
 3 3 3 3 3 3 6 6 3 3 3 3 3 3 3 3 3 3 3 3 0 0 0 0 0 0 61 0 0 0 0 0 0 0 0 0 0 0 0 0 129 283 138 236 79 55 267 75 180 0 366 66 206 258 122 124 442 120 94 68 2 2 2 2 5 0 7 2 0 5 5 2 58 0 6 0 2 0 4 0 0 0 0 0 0 0 0 0 0 0 0 0 0 0 0 0 0 0 0 0 0 0 0 0 0 0 0 0 0 0 0 0 14 0 0 0 0 0 0 0 0 15 21 30 2 40 8 0 11 12 20 49 0 10 2 18 21 0 0 0 0 0 0 2 13 4 8 14 0 1 0 3 1 0 20 5 3 9 14 7 0 0 0 0 0 11 0 0 0 0 0 0 0 0 0 0 0 0 4 0 0 0 0 0 0 0 0 0 0 0 0 0 0 0 0 0 0 0 0 0 0 14 15 15 39 30 9 21 3 32 30 25 12 18 11 0 32 0 0 8 2 0 0 0 0 0 0 4 0 30 0 0 10 20 0 4 0 0 0 1 0 0 0 0 0 0 0 0 0 0 0 8 0 0 0 0 0 0 0 13 0 0 67 1 2 67 1 0 0 0 0 0 0 0 0 0 0 0 0 0 0 0 0 0 13 0 0 0 1 0 
 2 2 2 2 2 2 2 2 2 2 2 2 2 2 2 2 2 2 2 2 0 0 0 0 0 0 0 0 2 0 0 0 0 0 0 0 0 0 0 0 52 67 42 349 168 97 45 50 83 366 0 103 107 350 71 77 209 458 35 73 1 51 0 29 9 0 3 0 4 3 1 5 106 0 1 0 3 6 49 51 0 0 0 0 0 0 0 0 0 0 0 0 0 0 0 0 0 0 0 32 0 0 0 0 0 0 0 0 0 0 0 0 0 0 0 0 0 0 0 0 0 11 19 12 7 7 0 0 34 1 7 35 0 13 0 13 0 1 0 0 0 11 0 1 0 0 9 16 0 6 8 0 8 4 0 0 0 0 0 7 0 0 32 1 0 0 0 0 0 0 0 0 0 0 0 0 0 0 0 0 0 0 0 0 0 0 0 0 0 0 0 0 0 0 0 0 0 0 0 0 0 0 0 0 0 30 9 11 6 19 0 0 0 0 13 0 11 0 0 0 0 19 10 0 0 0 0 36 0 1 6 3 10 6 7 1 0 5 28 0 0 0 0 0 0 0 0 0 0 0 0 7 0 1 0 0 0 0 0 9 0 0 0 0 0 0 1 0 0 0 61 0 0 0 0 0 0 0 0 0 0 0 0 0 0 0 0 1 0 0 
 0 0 0 0 9 0 0 3 0 0 0 0 4 0 0 0 0 0 0 0 0 3 0 2 0 3 0 0 0 0 0 0 2 2 0 1 0 0 1 0 105 19 262 76 188 279 42 30 84 66 103 0 37 16 38 131 145 72 255 244 3 35 1 1 3 0 0 2 1 6 8 210 57 103 1 1 0 2 49 48 0 0 0 0 0 0 0 0 0 0 0 0 3 0 0 0 0 0 0 0 0 0 0 0 0 0 0 0 0 0 0 0 0 0 0 0 0 0 0 0 0 0 0 19 0 21 0 0 14 0 12 10 0 0 0 0 0 0 0 0 0 33 1 3 1 1 17 10 11 4 0 3 10 10 25 3 1 3 38 0 0 0 0 3 0 0 0 0 0 0 0 0 0 0 0 0 0 0 0 0 0 0 0 0 0 0 0 0 0 0 0 0 0 0 0 0 0 0 0 0 0 0 0 40 20 97 0 0 0 0 0 2 0 0 0 0 0 0 0 0 5 29 5 0 1 0 0 57 9 34 0 1 34 43 2 5 26 12 20 0 0 0 11 0 0 1 0 0 0 0 0 2 0 2 0 0 0 0 0 2 0 2 0 0 0 2 1 66 0 0 10 0 0 0 0 0 0 0 0 0 0 3 0 0 0 1 0 0 0 0 
 7 0 0 0 0 0 2 0 0 0 0 0 0 0 0 0 0 0 0 0 0 1 1 0 0 7 0 0 0 0 0 1 12 0 0 0 0 0 0 0 125 118 60 165 64 34 191 91 215 206 107 37 0 359 187 119 95 113 464 127 2 0 0 1 0 0 0 0 0 0 0 0 0 0 0 0 0 0 2 0 0 0 1 0 0 0 21 0 0 0 0 0 0 0 0 0 0 0 0 0 0 0 0 38 0 10 0 0 0 0 0 0 0 0 0 0 0 0 0 0 0 15 9 10 24 22 13 11 13 8 30 13 1 14 13 0 1 16 0 0 0 0 0 4 0 0 0 0 7 0 0 0 3 3 2 0 0 0 5 3 0 0 0 0 0 0 0 0 0 0 1 0 0 0 0 0 0 0 3 0 0 0 0 0 1 0 0 0 0 0 0 1 0 0 0 0 0 0 0 0 0 25 38 21 0 0 22 9 18 14 23 10 2 36 0 26 0 0 0 11 0 4 4 9 1 0 16 5 3 0 0 0 1 0 3 19 0 0 0 1 0 0 0 0 0 0 0 0 0 0 0 4 0 2 0 0 0 62 0 0 0 0 63 0 0 0 0 0 1 0 0 0 0 0 0 0 0 0 0 0 0 0 4 0 4 0 0 0 0 0 
 6 2 2 2 2 2 6 4 2 2 2 2 2 2 2 2 2 2 2 2 0 1 0 0 0 65 0 0 0 0 1 66 0 0 0 0 0 0 0 0 170 132 122 350 62 40 75 196 162 258 350 16 359 0 240 33 193 105 111 145 0 0 0 1 0 0 0 0 0 0 0 2 0 0 0 0 0 0 0 4 0 0 0 0 0 0 7 0 0 0 0 0 0 0 0 0 0 0 0 0 0 0 0 0 0 0 0 0 0 0 0 0 0 0 0 0 0 0 0 0 0 8 16 24 20 32 27 0 8 17 8 14 0 13 0 10 35 5 0 20 0 0 0 2 1 0 4 0 19 0 0 0 0 2 0 0 0 0 8 5 0 0 10 0 0 0 0 0 0 0 0 0 0 0 0 0 0 0 4 0 0 0 0 0 0 0 0 0 0 0 0 0 0 0 0 0 0 0 0 0 0 10 9 62 2 2 0 14 15 20 10 12 0 35 0 34 10 19 0 10 0 3 3 0 0 0 13 15 0 0 0 0 1 0 0 0 0 0 0 7 0 0 0 0 0 0 0 0 0 0 0 6 0 0 0 0 0 0 0 0 0 0 7 0 0 1 0 0 2 0 0 0 0 0 0 0 0 0 0 0 0 0 4 0 27 17 0 0 0 0 
 0 0 0 0 0 67 0 0 0 0 0 67 0 0 0 3 5 0 62 0 0 0 0 0 57 198 0 0 0 0 22 92 1 0 0 0 0 0 0 0 60 65 304 143 80 71 224 50 83 122 71 38 187 240 0 91 254 267 120 128 0 0 0 2 1 0 0 2 0 0 4 9 0 21 0 0 1 4 55 0 0 0 0 0 0 0 0 0 0 14 0 0 0 0 0 0 0 0 0 0 0 0 0 0 30 10 0 0 0 1 0 0 0 0 0 0 0 19 0 0 0 0 2 0 17 0 29 0 14 0 23 13 15 1 10 14 16 13 9 14 0 0 0 0 0 2 0 15 0 2 2 0 0 0 1 0 0 0 36 19 0 0 0 0 0 0 0 0 0 9 0 0 0 0 0 0 0 1 0 0 0 0 0 0 32 0 0 1 0 0 1 19 0 0 0 0 0 0 0 0 14 0 1 11 10 0 0 0 34 20 0 0 25 8 1 10 15 78 9 0 0 0 0 0 0 9 13 1 0 0 0 0 0 0 0 0 0 0 1 0 0 0 0 0 0 0 0 0 0 0 0 11 1 0 0 0 0 0 0 0 2 0 0 0 0 4 1 0 0 0 0 0 0 0 0 4 0 0 0 0 0 0 0 0 35 10 0 0 0 0 
 3 3 2 3 2 7 3 3 2 3 3 3 3 3 3 3 3 3 3 2 5 0 0 0 1 4 28 4 2 0 1 0 8 1 4 3 0 4 26 5 36 168 180 337 63 155 34 107 44 124 77 131 119 33 91 0 85 403 101 87 1 0 7 1 0 0 0 5 0 0 0 0 101 0 0 0 0 0 21 0 0 0 8 0 0 0 0 0 0 0 0 0 5 0 0 0 0 0 0 0 0 3 3 4 0 0 0 0 0 1 0 1 0 0 0 1 0 0 0 0 0 0 0 15 21 9 0 0 0 0 69 23 0 8 0 0 0 0 0 0 14 0 0 2 0 0 0 29 0 1 0 0 1 20 22 20 0 0 9 8 0 0 0 13 0 0 0 0 0 0 0 0 0 0 0 0 0 0 0 0 0 5 6 0 0 0 0 3 0 0 0 4 0 3 0 0 5 0 0 0 0 1 0 0 23 9 10 0 0 0 18 34 0 9 0 10 29 8 0 0 0 0 0 0 0 0 3 11 0 11 0 0 12 20 57 0 0 0 28 10 0 0 1 0 0 0 0 0 0 0 0 0 0 1 0 0 0 0 0 2 0 0 2 63 1 0 0 1 2 0 0 0 0 0 2 0 0 0 0 0 0 4 0 0 0 0 0 0 0 0 
 0 0 0 0 0 0 0 0 0 0 0 3 0 0 0 0 0 0 0 0 0 0 0 0 0 1 0 0 0 0 2 1 0 0 0 0 0 0 0 0 153 47 79 199 196 120 250 91 131 442 209 145 95 193 254 85 0 106 44 47 2 0 3 5 3 3 2 0 4 3 0 5 0 2 0 0 3 2 26 3 0 0 0 0 0 0 0 0 0 0 0 0 0 0 0 0 0 0 0 0 0 0 0 0 0 0 0 0 0 0 0 0 0 0 0 0 0 0 0 0 0 0 17 14 1 48 0 6 51 17 8 33 0 2 0 13 30 10 0 1 0 0 0 0 0 2 0 0 0 0 0 0 0 0 0 0 0 0 0 0 0 0 0 0 7 0 0 0 0 24 0 0 0 0 0 0 0 0 10 0 0 0 0 0 0 0 0 0 0 0 0 0 0 0 0 0 0 0 0 0 0 0 0 11 21 10 43 14 27 17 46 0 1 0 37 0 11 1 0 0 0 0 0 0 0 0 0 0 0 0 0 0 6 0 8 0 0 0 12 19 0 0 0 0 0 0 0 0 2 0 0 11 0 0 0 0 0 0 0 0 0 0 3 0 2 28 0 0 0 0 0 0 0 2 0 0 0 0 0 0 0 0 0 0 1 0 0 19 0 0 
 3 0 0 0 2 0 0 4 0 0 0 0 0 0 0 0 0 0 1 0 0 0 0 1 5 83 0 0 2 0 0 7 0 0 0 0 0 0 0 0 27 75 119 151 96 54 101 29 96 120 458 72 113 105 267 403 106 0 92 32 6 0 5 2 6 54 2 6 18 0 0 0 75 15 0 2 4 0 53 11 0 0 0 0 0 0 0 23 0 0 0 0 0 0 0 0 0 0 0 0 0 0 0 0 9 0 0 0 0 0 0 0 0 0 0 0 0 0 0 0 0 20 3 24 27 14 0 0 22 0 24 60 0 3 0 14 0 13 0 0 0 0 2 2 3 0 0 30 0 0 0 2 6 24 22 21 6 0 0 3 0 0 0 5 0 0 0 0 0 0 0 0 0 0 0 0 0 0 0 0 0 0 0 0 23 0 0 0 0 0 0 0 0 0 0 0 0 0 0 0 15 0 0 0 11 0 15 22 2 24 18 9 0 4 18 0 9 0 0 0 0 0 0 21 6 0 17 0 1 0 0 0 10 22 2 0 0 0 13 0 0 0 0 0 0 0 0 0 0 0 0 7 0 0 0 2 0 0 0 11 0 0 3 1 2 0 4 1 0 0 0 0 0 0 0 0 0 0 0 0 0 0 0 0 0 0 0 0 0 0 
 0 0 0 0 0 0 26 0 0 0 0 0 0 0 0 0 0 63 0 0 0 0 0 0 0 168 0 0 0 0 0 65 0 0 0 64 0 0 74 0 53 57 126 109 60 291 146 70 122 94 35 255 464 111 120 101 44 92 0 233 0 0 0 2 11 0 2 0 0 0 0 0 49 0 0 0 0 0 0 0 0 0 0 0 0 0 0 0 0 0 0 0 0 0 0 0 0 0 0 0 0 0 0 0 8 0 0 0 0 0 0 0 0 0 0 4 12 0 0 0 0 19 0 52 0 0 21 0 0 10 0 0 9 11 33 15 7 14 0 27 0 0 0 22 0 0 0 0 0 0 0 0 0 0 5 0 10 0 0 0 0 0 1 0 1 1 0 0 0 0 2 0 0 0 0 0 0 0 6 0 0 0 0 0 9 7 0 0 0 6 0 0 0 0 0 0 0 0 0 0 15 14 11 21 16 0 49 0 0 0 16 22 38 31 44 33 12 17 0 12 0 0 0 0 0 0 0 0 11 0 0 0 0 0 0 0 0 0 0 0 0 0 0 0 0 0 0 0 0 0 0 2 0 0 0 0 0 0 0 0 1 0 0 0 0 2 0 0 0 0 0 0 0 0 0 0 0 0 0 0 0 0 0 0 12 0 0 0 0 0 
 0 0 0 0 0 0 0 0 0 0 0 0 0 0 0 0 0 0 0 0 0 63 35 39 65 81 0 0 0 0 26 67 0 0 0 0 129 30 0 0 101 72 111 132 89 279 73 49 134 68 73 244 127 145 128 87 47 32 233 0 2 0 0 1 0 0 0 0 6 0 0 0 0 0 0 0 0 0 0 0 0 0 0 0 0 0 0 0 0 0 0 0 0 0 0 0 0 0 0 0 3 0 0 12 0 25 0 0 0 0 0 0 0 0 0 0 0 0 0 0 43 31 0 15 0 0 37 0 0 0 1 0 69 9 34 0 17 22 1 12 0 0 0 0 0 0 0 0 0 0 0 0 0 0 0 0 0 0 0 7 0 0 5 0 4 0 0 0 0 0 6 0 0 0 0 0 0 0 0 0 0 0 0 1 31 15 9 0 0 1 0 0 0 0 0 9 0 19 0 0 22 46 58 11 0 0 12 0 1 0 0 0 38 39 16 45 0 20 1 65 0 0 0 0 0 0 0 0 0 0 0 0 0 0 0 0 0 0 0 0 0 0 9 0 0 0 0 0 0 0 0 4 0 0 0 0 0 127 7 15 0 0 0 0 1 3 0 0 0 0 0 0 0 0 0 0 0 0 0 0 0 9 0 0 16 0 0 0 0 0 
 3 2 2 46 2 3 52 3 2 3 3 3 3 38 3 3 3 3 3 30 0 0 0 0 28 1 0 0 0 0 0 0 0 0 0 0 0 1 0 0 2 2 2 1 1 1 1 0 52 2 1 3 2 0 0 1 2 6 0 2 0 138 93 40 48 19 113 104 34 153 84 42 138 132 50 70 241 29 36 109 0 0 0 0 0 20 0 0 0 0 0 0 6 0 0 0 0 0 8 0 0 0 0 0 0 0 0 0 0 0 0 0 0 0 0 0 0 0 0 0 0 0 0 0 0 0 0 0 0 0 0 0 0 0 0 0 1 3 0 0 0 0 16 0 4 0 0 8 4 0 19 49 0 0 18 41 18 6 1 0 0 0 0 0 6 0 0 0 0 0 0 0 2 0 0 0 0 0 0 0 0 0 0 0 0 0 0 0 0 0 0 0 0 0 0 0 0 0 0 0 0 0 0 0 0 0 0 0 0 0 0 0 0 0 20 0 0 0 1 0 0 6 14 19 22 0 1 0 24 19 9 0 0 18 2 12 0 7 0 4 0 0 0 11 0 0 0 0 0 0 0 32 0 0 5 0 26 0 0 0 0 0 0 2 0 0 0 0 0 0 0 0 0 0 7 0 0 0 0 0 10 0 0 0 0 0 0 0 0 0 
