 0 149 103 45 69 132 149 275 90 44 130 130 177 170 153 68 43 31 59 94 0 1 0 5 8 1 0 0 2 2 4 4 4 0 2 1 0 0 0 2 60 0 0 62 3 4 0 0 3 0 2 2 0 0 0 0 0 2 0 0 2 0 0 2 0 0 0 0 0 3 0 0 37 0 0 3 7 0 3 0 9 7 0 5 0 19 52 36 1 10 13 64 10 14 7 14 12 0 0 21 0 11 0 0 0 0 0 0 0 0 0 0 0 0 0 9 0 0 1 0 0 0 0 0 0 0 0 0 2 0 0 0 0 9 0 0 0 0 0 0 0 0 0 58 0 0 1 0 0 0 4 0 0 0 0 0 0 0 1 0 11 14 15 17 4 1 10 14 0 0 6 8 26 20 0 0 0 0 15 16 0 0 0 0 0 13 0 0 0 0 0 0 0 0 0 0 0 0 0 0 0 0 1 0 0 0 0 13 0 0 0 0 0 0 0 0 0 0 0 0 0 0 0 0 0 0 0 0 0 0 0 0 0 0 0 0 0 0 0 0 0 0 0 0 0 0 2 0 1 87 0 6 0 0 0 0 0 0 0 0 0 0 0 0 0 0 0 0 0 0 0 0 0 0 0 0 27 0 0 0 0 0 0 0 0 0 0 0 0 0 
 149 0 317 305 263 51 147 249 137 115 122 41 153 59 89 40 116 123 33 317 0 0 0 3 3 0 0 0 0 2 2 1 0 0 0 0 0 0 0 0 0 0 1 0 14 14 0 0 3 1 0 21 0 0 2 0 0 21 0 0 2 0 0 2 0 0 0 11 0 3 0 0 0 0 0 3 0 0 4 1 68 10 10 10 0 0 23 0 10 10 0 10 0 0 34 11 0 0 0 0 0 0 0 0 0 0 0 0 0 0 0 0 9 0 0 0 20 0 18 0 0 0 0 0 0 0 0 0 0 0 0 0 0 11 0 0 0 0 0 0 0 0 0 0 0 0 2 0 0 0 1 0 0 0 0 0 0 0 0 5 34 21 22 31 0 0 19 18 10 72 10 18 0 1 19 0 18 0 31 0 0 0 0 0 0 0 0 0 0 0 0 0 1 0 0 0 0 0 36 0 0 0 0 0 0 0 0 0 0 0 0 0 0 0 0 0 0 0 0 0 0 0 0 0 0 0 0 0 0 0 0 0 0 0 0 0 0 0 0 0 0 17 0 0 0 0 0 0 0 5 0 1 0 0 0 0 0 0 0 0 0 0 0 21 0 0 0 0 0 0 0 0 0 0 0 16 16 0 0 0 0 0 0 0 0 0 0 0 0 0 
 103 317 0 161 156 135 169 283 483 295 224 85 156 110 60 181 70 55 205 114 4 4 2 4 40 0 0 4 0 2 2 0 0 58 0 0 0 0 62 0 0 0 0 77 4 3 2 68 1 1 0 0 0 1 0 0 0 5 0 0 2 0 0 2 0 0 0 0 0 7 0 2 0 0 0 3 0 0 7 0 0 0 24 90 31 48 0 0 0 0 25 23 0 23 21 24 2 32 0 0 21 1 20 0 0 0 11 0 0 0 0 0 14 27 0 0 0 0 9 17 0 0 0 0 0 0 0 0 2 0 0 1 0 0 0 0 0 0 0 0 0 0 0 0 0 0 2 0 0 0 0 0 0 0 0 0 0 0 0 0 22 25 8 33 12 21 10 11 13 19 3 47 0 0 0 0 36 20 5 0 26 10 0 0 0 0 0 27 0 0 0 0 16 27 0 28 0 0 1 0 0 0 1 0 0 0 0 0 0 0 0 0 1 0 0 0 0 0 0 0 0 0 0 0 0 0 0 0 0 0 0 0 0 0 0 0 15 0 0 0 0 26 0 0 0 2 1 0 2 87 0 8 0 1 0 21 0 0 0 0 0 0 0 0 0 0 0 0 0 0 0 0 0 0 0 0 20 3 0 0 0 0 0 0 0 0 0 0 0 0 
 45 305 161 0 194 346 207 465 389 79 194 670 153 391 359 534 92 241 140 281 0 0 0 5 3 0 1 1 0 2 2 0 0 0 0 0 0 0 0 0 0 0 0 0 22 2 5 1 2 6 0 0 0 0 0 0 0 0 0 0 2 0 0 2 0 0 0 0 0 3 0 0 5 0 0 3 0 0 3 0 0 17 38 20 1 15 0 43 0 34 1 22 0 26 0 7 44 27 0 10 0 0 0 0 0 0 0 0 0 0 0 0 0 0 0 0 0 0 20 0 0 10 0 0 0 0 0 0 0 0 0 0 33 0 0 0 0 0 0 0 0 0 0 0 0 0 0 0 0 0 0 0 0 0 0 0 0 0 0 0 0 0 42 17 11 23 0 25 26 23 0 0 0 15 21 32 8 26 0 0 0 0 0 0 0 0 0 1 4 0 0 0 5 5 0 0 10 0 0 1 0 0 0 0 0 0 0 16 0 0 0 0 11 0 0 0 0 0 0 0 0 0 0 0 0 0 0 0 0 0 0 0 0 0 0 0 0 0 0 0 0 0 0 0 0 4 4 0 3 1 0 8 15 0 0 0 0 0 0 0 0 0 0 0 0 0 0 0 0 0 0 0 0 0 0 0 0 0 0 0 0 0 0 0 0 0 0 0 0 0 
 69 263 156 194 0 323 70 94 71 164 84 185 64 68 146 64 152 90 72 82 32 74 0 3 3 0 91 74 0 4 2 1 1 74 0 0 0 0 219 75 0 0 0 30 5 2 0 0 2 3 0 0 0 0 0 0 0 0 0 0 2 0 0 2 0 0 0 0 0 3 0 0 0 0 31 3 0 0 3 0 0 0 0 0 29 0 0 0 1 16 0 28 0 0 2 10 0 14 0 0 0 0 18 10 13 0 10 0 0 0 0 0 27 12 0 28 0 0 15 31 0 2 0 0 0 0 1 1 0 0 0 0 0 0 0 0 0 0 0 0 0 0 2 0 0 0 0 0 0 0 0 14 0 0 0 0 2 0 0 0 0 0 0 0 0 14 0 0 8 0 10 0 0 8 5 0 0 24 1 0 14 0 10 15 0 0 11 16 0 20 0 0 54 42 35 0 14 0 25 0 0 0 0 0 0 0 2 0 0 0 0 0 0 0 0 0 1 0 0 0 0 0 0 0 0 0 0 0 0 0 1 0 0 0 0 0 0 0 0 0 0 0 0 0 0 4 1 1 2 0 0 2 0 3 0 0 0 0 0 0 0 0 0 0 0 0 0 0 0 0 0 0 0 1 0 7 0 10 0 0 0 0 0 0 0 0 0 0 0 0 
 132 51 135 346 323 0 47 42 45 49 355 67 32 143 71 204 81 37 45 61 8 0 101 3 6 0 101 149 0 19 4 0 123 85 36 75 0 0 74 76 0 0 2 1 2 2 0 0 1 2 0 0 9 0 0 0 0 0 0 0 8 0 2 2 1 0 0 0 0 3 0 0 0 0 1 3 0 3 3 0 0 0 10 10 14 22 0 0 0 40 0 0 0 0 0 0 0 77 0 0 4 24 0 0 0 0 39 36 6 0 0 2 0 12 7 10 7 0 15 14 0 0 0 0 0 14 0 0 0 0 0 0 0 14 0 0 0 0 0 0 0 0 0 0 0 0 0 0 0 0 0 0 0 0 8 0 0 5 0 1 0 0 0 0 0 15 0 0 0 0 9 0 0 0 0 12 0 0 0 0 22 22 17 18 0 0 32 11 12 1 1 0 0 36 14 30 13 3 34 0 7 0 0 0 0 0 0 0 0 0 0 0 0 0 0 0 0 0 0 0 0 0 0 2 0 0 0 0 0 0 0 0 0 0 0 0 0 0 0 0 0 2 0 0 0 0 51 2 0 1 0 1 0 0 0 0 0 0 0 0 0 1 21 0 0 0 0 0 33 0 0 0 0 0 0 10 0 0 0 0 0 0 0 0 0 0 0 0 0 0 
 149 147 169 207 70 47 0 104 294 117 228 175 236 310 226 30 136 259 143 53 1 0 82 130 5 0 2 0 3 6 2 3 0 0 4 0 0 2 0 0 0 0 0 0 5 4 0 3 3 2 3 0 0 0 3 0 0 0 0 7 2 0 0 2 2 30 0 3 1 3 0 0 5 0 0 3 0 0 3 0 11 6 0 10 0 0 9 17 14 9 0 20 0 68 24 33 11 0 19 10 0 0 0 0 0 0 0 0 0 0 13 0 26 2 0 0 0 0 21 0 0 0 0 0 0 0 0 0 0 0 0 2 0 10 0 0 0 0 0 0 0 0 0 0 0 0 0 0 0 0 0 0 0 0 0 0 0 0 0 0 16 11 8 15 21 4 1 0 1 28 10 0 0 0 18 14 0 11 6 7 0 0 0 0 0 0 0 0 1 0 0 0 11 0 0 0 0 0 0 0 0 0 0 0 0 0 0 0 0 0 0 0 2 0 0 0 0 0 0 9 0 1 0 0 0 14 0 2 0 0 0 0 0 0 0 0 0 0 0 0 0 1 0 0 0 1 2 1 2 41 0 5 0 0 0 0 0 0 0 2 0 0 0 0 0 0 0 0 0 0 0 0 0 0 0 0 42 0 0 0 0 0 0 0 0 0 0 0 0 0 
 275 249 283 465 94 42 104 0 263 134 34 81 135 98 99 41 258 181 70 181 2 0 0 3 3 0 0 0 0 2 2 2 0 0 0 0 0 0 0 77 0 0 0 0 5 2 0 0 3 3 0 0 0 0 0 0 0 0 0 0 2 0 30 2 0 0 0 0 0 3 0 0 3 0 0 3 0 2 3 0 22 18 19 0 17 0 3 18 10 16 12 0 0 0 26 24 29 15 12 0 21 0 0 0 0 8 0 0 0 0 0 0 20 0 0 0 0 0 0 0 0 0 0 0 0 0 0 0 0 0 0 0 10 9 0 0 0 0 0 0 0 0 0 0 0 0 0 0 0 0 0 0 0 0 0 0 0 0 0 1 10 16 0 1 0 11 45 1 24 0 29 17 14 13 19 6 0 15 23 0 4 0 0 0 0 0 0 19 0 0 0 0 10 41 0 0 0 0 1 0 0 0 0 0 0 0 0 0 0 0 0 7 0 0 0 0 0 0 0 0 0 0 0 0 0 0 0 0 0 0 0 0 0 0 0 0 0 0 0 0 0 0 0 0 0 0 5 0 3 0 1 1 18 0 0 0 0 0 0 0 0 0 0 0 0 0 0 0 0 0 0 0 0 0 0 0 10 0 0 0 0 0 0 0 0 0 0 0 0 0 
 90 137 483 389 71 45 294 263 0 101 124 108 231 242 330 332 350 221 233 80 0 2 0 4 3 74 1 0 0 2 2 1 2 1 0 1 0 0 0 0 0 0 0 0 13 4 0 1 3 0 0 0 0 0 0 1 1 0 0 0 2 0 0 3 0 0 24 0 0 3 0 0 0 0 0 3 0 0 3 0 0 12 33 26 0 9 21 47 0 22 46 37 0 26 43 24 48 0 0 3 1 15 0 0 0 0 0 0 0 0 0 0 36 0 0 0 0 0 11 0 0 0 0 0 0 1 0 0 0 0 0 0 11 0 0 0 0 2 0 0 0 0 0 0 0 0 0 1 0 0 3 0 0 0 0 0 0 0 0 0 47 1 26 20 17 34 13 26 43 31 0 34 23 2 10 1 16 25 38 19 15 0 0 0 0 0 0 11 0 0 0 0 0 12 0 0 0 5 0 0 0 0 0 0 0 0 0 0 0 13 0 0 0 0 0 0 0 0 0 0 0 0 0 0 0 0 0 0 0 0 0 2 0 0 0 0 0 0 20 0 0 19 0 0 1 0 1 0 0 108 2 2 12 0 0 0 0 0 0 0 0 0 0 0 0 0 0 0 0 0 0 0 0 0 0 0 21 0 0 0 0 0 0 0 0 0 0 0 0 0 
 44 115 295 79 164 49 117 134 101 0 76 47 59 196 348 126 123 152 189 128 0 0 0 5 3 0 0 0 0 2 2 1 0 0 4 0 0 0 95 0 63 0 42 126 6 2 0 0 3 0 0 0 0 0 0 0 0 1 0 0 2 0 0 2 0 0 46 0 0 3 0 0 0 0 2 3 0 0 3 0 0 0 19 47 20 15 9 0 0 12 13 51 0 12 18 17 43 19 14 0 18 21 0 0 0 0 16 0 0 0 0 0 29 31 0 0 0 0 21 23 0 0 0 0 0 0 0 0 0 0 0 0 0 0 0 0 0 0 0 11 0 19 0 0 0 0 0 0 0 0 0 0 0 0 0 0 0 0 21 0 8 17 14 24 20 26 25 0 12 6 43 19 0 12 0 11 22 0 0 0 11 8 0 0 0 15 0 32 0 0 0 0 28 14 11 0 0 0 1 11 0 0 1 0 0 0 0 0 0 0 0 0 0 0 0 0 0 0 0 0 0 0 0 0 0 0 0 0 0 0 0 0 0 0 0 0 0 0 0 0 0 14 0 0 0 1 2 0 11 1 14 4 0 0 0 0 0 0 0 0 0 0 0 0 0 0 0 0 0 1 0 0 0 0 0 0 0 18 0 0 0 0 0 0 0 0 0 0 0 0 
 130 122 224 194 84 355 228 34 124 76 0 289 73 225 191 230 122 127 345 83 0 0 0 3 3 209 80 2 0 5 2 3 2 0 63 2 0 0 76 3 0 0 0 1 8 2 0 0 3 0 0 0 0 0 0 0 0 2 0 0 2 0 2 2 0 0 8 0 3 4 0 0 2 0 10 3 0 0 7 0 0 0 25 38 0 26 16 26 0 22 3 21 0 34 13 0 40 25 0 22 0 18 0 0 0 0 10 0 0 0 0 0 57 0 10 0 1 0 0 32 0 0 0 0 0 0 0 0 0 0 0 0 0 0 0 0 0 0 1 0 3 0 0 2 0 0 0 0 0 0 12 0 0 0 0 0 0 0 0 0 22 1 27 42 60 0 13 13 27 31 0 8 1 12 11 20 1 10 0 0 11 0 0 0 0 0 0 1 2 9 0 37 16 1 29 0 0 0 1 11 0 0 0 0 0 0 0 0 0 0 0 0 8 0 0 0 0 0 0 0 2 2 0 0 0 0 0 0 0 0 0 0 1 0 0 0 0 0 0 0 0 43 0 0 0 0 0 0 3 2 0 6 0 0 0 0 0 0 0 0 0 0 0 0 0 0 10 0 0 0 0 0 0 0 0 0 0 0 0 0 0 0 0 0 0 0 0 0 0 0 
 130 41 85 670 185 67 175 81 108 47 289 0 58 126 90 345 174 401 139 34 0 2 1 3 5 0 21 16 0 2 2 19 79 24 76 208 0 75 1 0 0 0 0 0 3 2 0 0 3 1 0 0 0 0 0 0 0 0 0 0 2 0 0 3 0 0 5 0 0 3 0 34 0 0 41 3 0 0 3 0 0 1 0 83 29 3 45 11 8 37 10 30 0 58 0 15 3 23 0 18 20 0 0 0 0 0 5 0 0 0 0 0 9 3 14 1 9 0 17 30 0 0 0 0 0 13 0 0 1 0 0 2 0 0 0 0 0 0 0 0 0 0 0 0 0 0 1 0 0 0 3 0 0 0 0 0 0 9 0 0 11 0 0 1 18 2 0 2 0 12 0 18 0 0 13 45 0 35 0 0 1 0 3 0 0 0 7 0 0 21 0 10 11 7 24 18 0 0 30 11 0 0 0 0 0 0 0 0 0 0 0 0 27 0 0 0 0 0 0 11 0 0 0 0 0 0 1 0 0 0 0 0 0 0 0 0 0 0 0 0 0 0 0 0 0 2 1 1 0 1 2 7 0 0 0 0 0 0 0 0 0 0 0 0 0 0 12 0 0 0 0 0 0 0 0 0 0 0 0 0 0 0 0 0 0 0 0 0 0 0 
 177 153 156 153 64 32 236 135 231 59 73 58 0 258 183 142 24 269 595 121 3 0 2 6 6 0 21 0 33 3 2 4 33 31 22 0 19 2 0 4 0 0 3 0 6 8 3 0 3 2 3 0 0 2 0 2 2 0 0 0 2 3 1 2 0 0 1 0 1 6 0 0 8 0 2 3 11 0 3 0 1 1 8 14 0 0 22 41 0 16 0 67 0 52 45 0 11 11 10 17 0 0 0 0 0 0 3 7 0 0 0 0 0 0 0 0 0 0 0 0 0 0 0 0 0 1 0 0 0 0 0 0 0 2 0 0 0 2 0 0 0 0 0 0 2 0 0 0 0 0 4 0 0 0 0 0 0 0 0 0 27 41 0 16 16 0 31 20 21 29 0 30 0 13 15 14 3 9 0 26 0 0 18 0 0 2 0 0 0 0 0 0 0 0 0 0 0 0 0 49 0 0 16 0 0 0 0 0 0 0 0 0 0 0 0 0 0 0 0 0 0 0 0 0 0 0 0 0 0 0 0 0 0 0 0 0 2 0 0 0 0 23 0 0 0 0 2 0 6 1 11 0 0 0 0 0 0 0 0 0 0 0 0 0 0 0 0 0 0 16 0 0 0 0 0 0 0 0 0 0 0 0 0 0 0 0 0 0 0 0 
 170 59 110 391 68 143 310 98 242 196 225 126 258 0 507 94 225 56 385 94 0 1 0 3 5 0 0 2 0 2 2 1 0 0 0 0 0 0 0 0 0 0 0 64 10 2 0 1 3 4 0 0 0 0 0 0 0 0 1 0 2 0 0 2 0 0 0 0 0 3 0 0 0 33 0 3 0 0 3 0 0 0 0 83 0 14 20 23 2 10 12 48 16 24 30 0 23 3 0 1 0 0 0 0 0 0 0 0 0 0 0 0 14 0 0 1 6 0 0 0 0 0 0 0 0 0 0 0 0 0 0 0 0 0 0 0 0 0 0 0 0 0 0 0 0 2 0 0 0 0 3 0 0 0 0 0 5 0 0 0 34 10 23 47 2 0 0 12 0 0 2 9 15 0 11 1 0 0 2 21 0 0 0 0 0 0 0 0 0 0 0 0 9 0 0 0 0 0 0 0 0 0 0 0 0 0 0 0 0 0 0 0 0 0 0 0 0 0 0 0 0 0 0 2 0 2 0 0 1 0 2 0 0 0 0 0 0 1 0 0 0 0 0 0 0 1 1 2 1 89 0 5 0 0 0 0 0 0 0 0 77 0 0 0 0 0 0 0 0 2 0 0 0 0 0 0 14 0 0 0 0 0 0 0 0 0 0 0 0 0 
 153 89 60 359 146 71 226 99 330 348 191 90 183 507 0 275 195 182 301 437 0 0 0 3 9 0 0 1 0 2 3 1 0 0 0 0 0 1 0 2 0 0 0 0 3 2 0 0 2 1 0 0 0 0 0 0 0 0 0 0 2 0 0 2 0 0 0 0 0 3 0 0 0 0 0 3 0 0 3 0 0 0 0 9 13 0 24 14 0 37 0 11 1 40 6 14 35 23 0 14 0 0 0 0 0 0 0 0 0 0 0 0 14 0 0 0 0 1 9 0 1 0 0 0 0 0 0 0 0 0 0 0 0 0 0 0 0 0 0 0 0 19 0 0 0 0 0 0 0 0 1 0 0 1 0 0 0 14 0 0 16 3 0 10 17 11 0 0 0 35 0 31 0 12 24 15 0 21 4 12 0 0 0 0 0 0 0 0 0 0 0 0 9 7 0 0 0 0 0 0 0 1 10 0 0 0 0 0 0 0 0 0 0 0 0 0 0 18 0 0 0 0 0 0 0 0 0 0 0 0 0 0 0 0 0 0 0 0 0 1 0 0 0 0 0 3 4 0 88 2 14 2 0 0 0 0 1 0 0 0 0 0 0 0 0 0 0 0 0 0 0 0 0 0 0 0 1 0 0 0 0 0 0 0 0 0 0 0 0 0 
 68 40 181 534 64 204 30 41 332 126 230 345 142 94 275 0 80 64 36 86 0 0 0 3 3 1 34 0 0 2 2 1 0 0 1 0 0 0 78 1 0 0 0 0 3 2 0 0 3 0 0 0 0 46 0 0 0 0 0 0 2 0 0 2 0 0 0 0 0 3 0 0 0 0 3 3 0 0 3 0 0 0 47 38 20 50 19 31 0 44 39 35 0 17 0 0 25 49 0 1 19 22 0 0 0 0 19 0 0 0 0 0 19 16 0 0 0 0 0 29 0 0 0 0 0 0 0 0 0 0 0 0 0 0 0 0 0 0 0 0 0 0 0 0 0 0 0 0 0 0 5 0 0 0 0 0 0 0 0 13 2 0 12 26 22 1 0 31 15 1 10 31 14 11 11 20 31 1 0 11 21 0 11 0 0 0 0 18 0 0 0 0 30 21 9 0 0 0 35 11 0 0 0 0 0 0 0 0 0 0 0 0 9 0 0 1 0 0 0 0 0 0 0 0 0 0 0 0 0 0 0 0 0 0 15 0 0 0 0 0 0 0 0 0 0 1 2 0 1 0 0 5 0 0 0 0 0 1 0 2 0 2 8 0 0 0 0 0 0 0 0 0 0 0 0 0 0 0 0 0 0 0 0 0 0 0 0 0 0 0 
 43 116 70 92 152 81 136 258 350 123 122 174 24 225 195 80 0 370 174 88 0 0 0 77 3 0 2 6 1 2 2 2 0 0 0 0 0 0 0 0 0 0 0 0 8 4 0 2 4 3 0 0 0 0 0 0 0 0 0 0 2 0 52 2 2 5 30 0 0 3 0 0 1 0 0 3 0 3 3 0 0 0 0 3 2 0 26 0 19 0 14 0 14 29 17 15 26 28 0 1 0 0 0 0 0 0 0 0 0 0 0 0 36 27 0 2 0 0 11 0 0 10 0 0 0 0 9 0 0 0 14 0 0 0 1 0 0 0 0 0 0 0 0 0 0 0 0 0 0 0 0 0 0 0 0 0 0 0 0 0 4 0 24 15 17 7 0 11 0 0 17 4 41 12 38 27 0 10 13 15 0 0 0 0 0 0 0 0 0 0 0 0 11 0 0 13 0 0 0 0 0 0 0 0 0 0 0 0 0 0 0 0 0 0 0 0 0 0 0 0 0 0 0 0 0 0 0 19 0 0 0 0 0 0 0 0 0 0 0 0 0 0 0 0 0 1 4 1 2 0 0 2 0 0 0 0 0 0 0 0 0 0 0 0 0 0 0 0 0 2 0 0 0 0 0 1 2 0 0 0 0 0 0 0 0 0 0 0 0 0 
 31 123 55 241 90 37 259 181 221 152 127 401 269 56 182 64 370 0 117 510 3 3 0 6 3 0 2 3 2 4 2 1 0 0 0 1 0 0 0 0 0 0 0 2 3 2 0 0 5 1 0 0 0 0 0 0 0 0 0 0 2 0 1 5 0 3 0 0 0 3 2 0 0 0 0 6 0 0 3 2 11 11 0 38 13 0 8 34 0 46 0 18 0 85 8 54 24 13 2 10 0 1 0 0 0 0 0 0 0 0 1 0 21 0 0 0 1 0 20 0 0 4 0 0 0 0 0 0 0 0 0 0 2 9 0 0 0 0 0 0 0 0 0 0 0 1 0 0 0 2 0 0 0 0 0 0 0 0 0 0 9 14 18 4 16 56 10 0 6 24 7 8 0 0 8 82 56 33 22 0 0 0 0 2 16 0 0 0 36 0 0 0 9 7 0 0 0 0 1 0 1 0 0 0 0 0 0 0 0 0 0 0 0 0 0 0 0 0 1 0 0 0 0 0 0 0 0 0 0 0 0 0 0 0 2 0 0 2 0 0 0 0 0 0 0 4 0 0 2 2 3 11 17 0 0 0 0 0 0 1 0 0 0 0 0 0 0 0 0 0 0 0 0 0 0 0 14 0 0 0 0 0 0 0 0 0 0 0 0 0 
 59 33 205 140 72 45 143 70 233 189 345 139 595 385 301 36 174 117 0 193 1 0 2 3 3 0 0 0 0 2 3 1 0 0 1 0 0 0 1 81 0 0 0 0 3 2 0 0 6 0 0 0 0 0 0 0 0 0 0 0 2 0 0 2 0 0 0 0 0 54 0 0 0 0 0 3 0 0 3 0 15 0 11 3 0 0 34 18 39 10 13 36 29 10 11 14 12 10 20 9 19 12 0 0 0 0 0 0 0 0 0 0 14 2 0 0 0 0 9 0 0 0 0 0 0 0 0 0 1 0 0 2 0 0 0 0 0 0 0 0 0 0 0 0 0 0 0 0 0 0 4 0 0 0 0 0 0 18 0 0 6 25 10 12 4 9 1 22 1 0 7 40 20 0 11 8 11 0 4 57 0 0 0 0 0 0 0 0 1 0 0 0 0 0 0 0 0 0 0 0 0 0 18 0 0 0 0 0 0 0 0 0 36 0 0 0 0 0 0 0 0 0 0 0 0 0 1 2 0 0 0 0 0 0 0 0 0 0 0 0 0 0 0 0 0 0 0 3 1 3 0 0 0 0 0 0 0 0 0 0 0 0 0 0 0 0 0 0 0 0 0 0 0 0 0 0 1 0 0 0 0 0 0 0 0 0 0 0 0 0 
 94 317 114 281 82 61 53 181 80 128 83 34 121 94 437 86 88 510 193 0 0 2 0 4 5 1 0 0 0 2 3 0 0 0 0 0 3 0 0 0 0 62 0 0 3 2 0 3 7 0 0 3 0 0 0 3 3 0 2 0 2 0 0 2 0 0 0 0 0 3 0 3 0 0 0 3 0 0 3 0 24 9 19 0 0 0 0 8 11 0 13 12 0 0 36 37 11 0 8 0 0 0 0 0 0 0 0 0 0 0 0 0 0 0 0 0 0 0 0 0 0 0 0 0 0 0 0 0 0 0 0 0 0 10 0 0 0 0 2 0 0 0 0 0 0 0 0 0 0 0 0 0 0 0 0 0 0 0 0 1 40 33 7 7 0 0 63 20 17 15 48 10 14 17 8 0 14 0 21 27 0 0 0 0 0 0 0 0 0 0 0 0 0 0 1 0 0 7 0 0 0 0 0 0 0 0 0 0 0 0 0 0 0 0 0 0 0 0 0 0 2 0 0 0 0 3 0 0 0 0 0 0 0 0 0 0 0 0 0 12 0 24 0 0 0 0 0 2 8 0 3 2 0 0 0 0 0 23 0 0 0 0 0 30 0 0 0 0 0 0 0 0 0 0 0 0 10 0 0 0 0 0 0 0 0 0 0 0 0 0 
 0 0 4 0 32 8 1 2 0 0 0 0 3 0 0 0 0 3 1 0 0 188 164 61 131 24 262 173 124 128 314 45 382 151 46 413 30 39 199 218 0 3 3 2 0 3 0 0 6 0 3 0 0 0 2 0 0 3 2 3 0 3 0 3 0 0 0 0 3 0 0 0 5 3 51 2 0 0 0 58 14 0 0 0 0 0 0 0 2 0 0 0 0 0 0 0 0 0 0 0 13 12 48 47 0 0 1 20 40 40 11 11 0 0 5 22 1 18 3 20 0 2 0 0 1 0 2 0 0 0 0 0 0 0 0 0 0 0 20 20 1 0 0 0 0 0 0 0 0 0 0 0 0 0 23 0 2 14 0 0 0 0 0 0 0 0 6 0 0 0 0 0 0 0 0 0 0 0 1 0 19 46 18 23 17 0 49 18 28 4 70 0 33 0 23 8 15 31 0 49 0 0 0 0 0 0 0 2 0 0 1 0 0 0 0 0 1 0 0 2 0 0 2 0 0 0 5 0 7 0 0 0 0 0 0 0 0 0 0 1 0 0 10 0 0 0 0 0 0 0 0 0 0 0 12 0 1 9 76 0 0 8 0 0 0 0 0 0 0 0 0 0 0 0 0 0 0 0 0 8 0 11 0 0 0 0 0 0 0 0 
 1 0 4 0 74 0 0 0 2 0 0 2 0 1 0 0 0 3 0 2 188 0 421 296 80 100 73 156 364 33 51 144 128 365 128 205 139 121 51 128 0 3 3 0 0 0 66 0 2 0 65 0 0 0 1 0 0 2 64 3 0 3 0 1 0 0 0 0 3 0 0 0 11 3 0 3 0 0 0 0 0 0 1 0 0 0 0 0 0 0 9 0 0 0 0 0 0 0 0 0 0 0 65 34 18 0 0 12 0 30 59 29 0 0 28 3 46 0 0 12 0 0 1 0 0 0 0 8 0 0 0 0 29 0 0 0 0 0 48 49 0 4 0 0 0 0 0 0 0 0 0 0 0 0 0 0 0 0 0 0 0 0 0 0 0 0 0 0 0 0 0 0 0 0 0 0 0 20 0 0 13 6 1 13 20 9 2 1 0 25 35 28 0 0 33 0 13 0 0 11 1 0 0 0 0 0 0 0 0 0 0 0 0 0 0 2 0 0 0 2 0 0 0 0 2 2 0 0 0 0 0 0 0 0 1 0 0 0 0 0 0 0 0 0 0 0 0 0 0 0 0 0 0 0 14 0 4 101 1 1 0 1 0 0 0 0 0 0 0 0 0 0 0 0 0 0 0 0 0 0 0 13 0 0 0 17 0 0 0 0 
 0 0 2 0 0 101 82 0 0 0 0 1 2 0 0 0 0 0 2 0 164 421 0 217 146 113 286 234 108 142 55 187 237 117 72 116 138 114 253 20 0 3 3 1 0 0 26 0 7 0 3 0 0 0 1 0 0 2 0 3 7 3 0 2 0 0 0 0 3 0 0 0 31 3 32 3 0 0 49 0 2 0 0 1 0 9 0 0 0 0 0 0 0 0 0 0 0 0 0 0 0 2 18 10 87 17 0 38 37 0 4 15 0 0 0 22 4 21 0 0 0 0 19 0 0 15 93 11 0 0 0 0 17 0 0 0 2 0 0 14 0 0 0 0 0 0 0 1 0 0 0 0 0 0 7 0 0 9 0 0 2 0 0 12 0 0 0 0 0 0 0 0 2 0 0 0 0 6 0 17 9 11 3 2 8 1 22 12 13 12 17 107 0 0 0 34 10 11 0 0 0 0 0 0 0 0 0 0 10 0 0 0 0 0 1 11 0 0 31 0 0 0 0 0 0 0 0 0 0 0 0 0 0 0 0 0 0 0 0 0 0 0 0 0 0 0 0 0 0 0 0 0 0 0 25 0 2 40 80 0 12 0 0 0 0 0 0 0 0 0 0 0 0 0 0 0 0 0 0 0 0 8 0 0 0 0 0 0 0 0 
 5 3 4 5 3 3 130 3 4 5 3 3 6 3 3 3 77 6 3 4 61 296 217 0 483 103 88 429 318 82 148 72 109 285 99 155 72 271 288 160 64 67 1 2 0 0 103 0 3 0 2 0 61 56 62 0 0 65 22 3 0 0 33 0 0 0 0 4 0 0 0 7 0 2 1 3 0 11 0 0 0 0 0 0 0 0 0 0 0 0 0 0 0 0 13 0 0 0 1 0 0 0 19 10 34 15 0 14 22 14 11 32 0 0 14 23 35 0 0 1 0 29 23 0 0 0 26 33 0 0 2 0 40 0 0 21 0 0 13 29 0 4 0 0 0 0 0 0 0 0 0 0 0 0 0 0 0 0 0 0 0 19 0 14 0 0 0 4 0 0 0 0 0 0 0 0 0 9 0 0 0 62 0 19 56 36 15 55 59 0 13 42 0 0 1 0 20 0 0 1 0 20 0 0 0 0 0 3 10 0 0 0 0 1 0 10 0 0 25 0 0 0 0 0 0 0 1 0 0 0 0 0 0 0 0 0 0 0 0 0 0 0 10 0 0 0 0 0 0 0 0 0 0 0 9 1 1 80 77 2 1 2 0 0 0 0 0 0 0 0 0 0 0 0 0 0 2 0 0 0 0 9 0 0 2 1 0 0 0 0 
 8 3 40 3 3 6 5 3 3 3 3 5 6 5 9 3 3 3 3 5 131 80 146 483 0 159 44 600 158 179 162 103 372 65 142 513 50 101 47 77 94 128 231 1 0 0 62 34 2 0 3 0 0 61 142 56 0 3 1 3 0 3 0 2 0 0 0 0 3 0 0 0 0 3 0 3 0 2 0 0 0 0 0 0 0 0 0 0 0 0 0 0 1 0 0 0 0 0 0 0 0 0 7 0 27 0 0 11 21 0 25 36 0 0 15 0 75 6 0 0 1 37 9 0 0 4 53 14 0 11 0 12 28 0 34 9 17 12 14 25 0 1 0 0 0 0 0 0 0 0 0 0 0 0 0 0 0 0 0 0 0 0 1 0 0 0 0 24 0 0 0 0 0 7 0 0 0 2 0 0 0 41 0 1 18 0 14 9 22 6 13 37 0 0 12 0 70 13 0 0 12 35 2 2 0 0 26 20 0 0 6 21 10 19 0 0 12 11 20 0 0 0 0 0 0 0 0 0 0 0 0 0 0 0 0 0 1 0 0 0 0 0 17 0 0 0 0 0 0 0 0 0 0 0 7 0 1 39 86 0 9 0 0 0 0 0 0 0 0 0 0 0 0 0 0 0 0 0 0 0 0 14 0 0 0 23 0 0 0 0 
 1 0 0 0 0 0 0 0 74 0 209 0 0 0 0 1 0 0 0 1 24 100 113 103 159 0 125 51 132 41 116 132 249 66 103 139 118 124 52 39 0 128 3 0 0 0 101 0 65 0 66 0 1 65 6 62 62 37 237 67 0 3 0 4 0 0 0 5 7 0 0 0 0 3 1 7 0 0 0 0 0 0 0 0 0 0 0 2 0 0 2 0 0 0 0 10 0 0 0 0 0 16 6 0 0 11 0 0 0 1 24 21 0 0 0 11 0 0 0 0 22 0 15 50 1 0 21 7 9 12 15 12 0 49 4 33 26 12 30 0 0 0 0 8 0 0 0 0 0 0 0 0 2 0 0 0 0 0 0 0 0 0 0 0 0 2 0 1 0 0 2 18 0 1 0 0 0 0 0 0 0 0 0 0 40 32 0 1 0 10 16 0 0 0 0 0 0 12 0 0 7 19 11 8 3 0 14 24 16 29 12 20 1 24 0 25 38 0 10 22 0 0 0 0 0 0 0 1 0 0 0 0 2 0 0 0 0 0 0 0 0 0 13 0 0 0 0 0 0 0 0 0 0 0 4 2 2 73 6 1 1 1 0 0 0 0 0 0 0 0 15 0 0 0 0 0 0 2 0 0 0 0 0 0 0 25 0 0 0 0 
 0 0 0 1 91 101 2 0 1 0 80 21 21 0 0 34 2 2 0 0 262 73 286 88 44 125 0 61 331 56 25 33 434 124 150 30 29 235 56 125 0 3 3 61 0 0 0 0 2 0 3 0 0 0 1 0 0 2 3 3 0 3 0 1 0 0 4 0 3 0 0 0 0 3 14 3 2 0 47 0 0 0 0 0 17 8 0 0 0 14 0 0 0 0 0 13 0 13 0 0 27 38 3 0 0 0 20 5 20 33 0 0 1 12 28 15 0 42 49 25 0 0 0 0 0 11 0 11 0 0 0 0 0 0 0 0 0 0 0 0 0 2 0 0 0 0 0 0 0 0 0 0 0 0 0 0 0 0 0 0 0 0 0 5 1 0 1 8 0 0 12 0 0 0 0 11 0 8 0 0 28 14 2 0 0 0 52 37 0 16 0 10 42 66 29 15 12 4 29 15 0 0 0 0 0 0 0 0 0 1 0 0 0 0 0 0 0 0 1 0 0 0 0 0 0 0 0 0 0 0 0 0 0 0 0 0 0 0 0 0 0 0 0 0 0 2 35 0 0 0 0 0 0 0 6 0 0 0 0 0 2 0 17 0 0 0 9 0 0 0 0 0 0 0 0 4 0 0 0 0 0 0 0 0 0 0 0 0 0 0 
 0 0 4 1 74 149 0 0 0 0 2 16 0 2 1 0 6 3 0 0 173 156 234 429 600 51 61 0 393 366 38 250 272 179 185 194 465 281 411 134 0 3 4 1 0 0 0 0 2 0 3 0 0 0 2 0 0 3 8 3 5 3 0 3 0 0 0 0 4 0 0 3 1 3 0 2 0 0 0 0 0 0 0 0 0 9 0 0 0 0 0 7 0 0 0 0 0 0 0 0 1 16 20 3 13 22 11 47 23 30 6 17 8 10 0 17 14 0 0 0 7 0 0 0 0 0 10 18 0 0 0 0 1 0 0 0 0 0 0 11 0 0 0 0 0 0 0 0 0 0 0 0 0 0 5 0 0 3 0 0 0 0 1 5 0 8 0 1 0 0 1 0 0 0 0 0 0 4 0 0 16 17 11 12 0 0 29 19 29 16 11 20 0 1 19 28 13 1 14 0 0 0 0 0 0 0 0 0 0 0 0 0 0 0 0 0 0 0 8 3 0 2 0 0 0 0 0 0 1 0 0 0 0 0 0 0 0 0 0 0 0 0 14 0 0 0 0 0 0 0 0 0 0 0 6 2 0 1 2 0 1 0 0 0 0 0 0 0 0 0 0 0 0 0 0 25 0 1 0 0 0 13 0 0 0 0 3 0 0 0 
 2 0 0 0 0 0 3 0 0 0 0 0 33 0 0 0 1 2 0 0 124 364 108 318 158 132 331 393 0 642 55 91 405 161 149 214 148 24 163 149 0 3 3 0 0 2 19 0 2 0 3 2 0 1 4 0 0 6 13 3 0 3 0 3 0 2 0 5 8 0 2 3 9 3 0 7 3 3 0 0 0 0 0 0 0 0 0 0 0 0 0 0 0 0 0 0 0 0 0 0 1 11 26 28 35 17 0 19 1 45 24 21 0 0 11 18 20 0 0 0 0 0 17 0 0 0 0 3 0 0 0 0 32 0 0 0 0 0 30 30 0 4 0 0 0 0 0 0 0 0 0 0 0 0 0 0 0 0 0 0 0 0 0 6 0 0 0 3 0 0 0 0 0 0 0 0 0 3 0 0 0 13 0 12 9 5 36 15 38 15 34 16 0 1 16 12 23 0 0 0 3 0 0 0 0 0 0 0 10 0 0 0 0 0 0 11 0 0 14 10 0 0 0 0 0 0 0 0 0 0 0 0 0 0 0 0 6 0 0 0 0 0 0 0 0 0 0 0 0 0 0 0 0 0 6 0 0 186 1 2 2 0 0 0 0 0 0 0 0 0 0 0 0 0 0 0 0 0 0 0 0 6 0 0 0 0 0 0 0 0 
 2 2 2 2 4 19 6 2 2 2 5 2 3 2 2 2 2 4 2 2 128 33 142 82 179 41 56 366 642 0 467 124 187 452 125 186 74 50 68 296 0 3 3 2 65 0 0 2 23 0 3 0 0 0 1 0 0 2 68 3 0 3 0 1 0 6 0 0 3 0 28 0 4 3 0 3 0 0 0 0 0 0 0 0 0 0 0 0 0 0 0 0 0 0 0 0 0 0 0 0 46 26 0 27 8 0 10 42 48 27 11 9 0 20 34 12 0 7 38 19 0 0 0 0 0 0 0 0 0 0 0 0 0 13 0 0 0 0 18 18 2 0 0 0 0 0 0 0 0 0 0 0 0 0 5 0 0 10 0 0 0 0 0 0 0 0 6 0 0 0 0 0 0 0 0 0 0 0 2 0 0 29 9 41 20 23 47 18 21 0 55 0 33 16 13 20 9 15 12 10 18 0 0 0 0 0 0 0 0 0 0 0 15 0 0 0 2 0 0 0 0 0 1 0 0 0 0 0 0 0 0 0 0 0 0 0 0 0 0 0 0 0 21 0 0 0 0 0 0 0 0 0 0 0 7 0 2 1 98 2 3 7 0 0 0 0 0 0 0 0 0 0 0 34 0 0 0 0 0 0 0 8 0 0 0 0 0 0 0 0 
 4 2 2 2 2 4 2 2 2 2 2 2 2 2 3 2 2 2 3 3 314 51 55 148 162 116 25 38 55 467 0 62 566 251 49 252 164 59 46 44 62 73 5 1 0 0 30 1 3 0 3 61 61 66 67 0 0 3 58 67 0 3 0 3 2 0 0 0 3 0 0 0 5 3 0 2 0 58 0 0 0 2 0 0 0 0 0 0 0 0 0 0 0 0 0 0 0 0 0 0 2 0 0 0 28 22 0 14 12 0 31 39 0 0 0 0 0 7 0 2 21 17 22 0 0 0 16 0 0 0 0 0 0 12 23 15 19 35 9 0 0 0 0 0 0 2 0 0 0 0 0 0 0 0 0 2 0 0 1 0 0 0 0 0 0 0 0 0 0 0 0 0 0 5 0 0 0 0 0 0 0 12 0 0 20 22 11 18 28 6 15 14 0 0 9 0 3 35 0 0 38 8 14 0 0 0 0 35 12 14 10 0 16 22 3 28 27 12 20 0 0 0 4 0 0 0 0 0 0 0 0 0 0 0 0 0 0 0 0 0 0 0 16 0 0 0 0 0 0 0 0 1 0 0 12 0 2 2 3 1 3 0 0 0 0 0 0 0 0 0 0 0 0 0 0 0 0 0 0 0 0 0 0 2 0 0 0 0 0 0 
 4 1 0 0 1 0 3 2 1 1 3 19 4 1 1 1 2 1 1 0 45 144 187 72 103 132 33 250 91 124 62 0 31 38 74 216 319 285 48 38 0 2 2 0 0 0 40 0 7 0 3 0 60 1 0 0 0 3 27 3 0 3 4 0 0 0 0 0 3 0 0 28 1 3 0 3 0 0 1 0 0 0 0 0 0 0 0 0 0 0 0 0 0 0 0 13 0 0 0 0 0 0 14 1 61 12 0 0 47 0 50 21 0 0 0 9 0 27 0 0 12 0 17 0 0 0 78 28 0 0 0 0 20 1 12 0 27 0 14 16 0 0 0 0 0 0 0 0 0 0 2 0 0 0 0 0 0 0 0 0 0 0 0 0 1 0 0 0 0 0 0 9 0 7 0 0 0 7 0 0 0 13 0 12 10 22 0 8 10 23 1 32 0 0 2 20 31 27 0 0 11 18 0 0 0 0 0 0 11 0 1 0 8 0 1 22 1 0 0 0 0 0 0 0 0 0 0 0 0 0 0 0 0 0 0 0 0 0 0 0 0 0 0 0 0 0 0 0 0 0 0 0 0 0 6 0 2 44 5 2 18 0 0 0 0 0 0 0 0 0 0 0 0 0 0 0 0 0 0 0 0 0 0 0 0 1 0 0 0 0 
 4 0 0 0 1 123 0 0 2 0 2 79 33 0 0 0 0 0 0 0 382 128 237 109 372 249 434 272 405 187 566 31 0 408 125 148 307 52 144 127 0 4 205 3 0 3 2 1 2 0 3 0 0 1 1 0 2 2 5 3 0 3 0 1 0 0 6 0 4 0 0 61 2 3 0 50 0 0 2 0 0 0 0 0 0 5 2 0 0 0 0 27 0 1 0 2 0 0 0 0 14 38 0 0 2 1 14 47 30 18 8 7 0 18 43 11 16 44 23 23 1 0 0 0 0 11 0 0 10 0 0 0 0 2 0 0 0 0 0 0 0 0 0 0 0 0 0 0 0 0 0 2 0 0 9 0 0 5 0 0 0 0 0 0 0 0 3 5 0 0 0 0 0 0 0 0 0 0 0 0 1 26 9 1 0 0 93 12 12 0 10 30 17 77 28 40 10 18 16 15 0 0 0 0 0 1 0 0 0 0 0 0 0 0 0 0 0 0 0 0 0 0 0 0 0 0 0 20 0 1 18 0 0 0 0 0 0 0 0 0 0 0 0 0 0 0 0 0 0 0 0 0 0 0 7 0 1 0 92 1 4 1 0 0 0 0 12 0 0 0 0 1 0 0 1 9 0 0 0 0 0 10 0 0 0 0 0 0 0 0 
 0 0 58 0 74 85 0 0 1 0 0 24 31 0 0 0 0 0 0 0 151 365 117 285 65 66 124 179 161 452 251 38 408 0 149 52 116 36 253 193 0 2 2 2 0 2 0 0 2 0 3 0 0 0 1 0 2 4 7 3 5 3 0 0 0 0 0 0 3 0 0 0 2 3 0 3 0 0 1 0 0 0 0 14 14 6 0 0 0 0 0 9 0 0 0 0 0 0 0 0 28 24 19 0 0 12 14 90 0 8 10 17 9 29 17 11 25 0 12 6 0 0 0 0 0 0 0 0 2 0 10 0 0 0 0 0 0 2 1 0 0 0 0 0 0 0 2 0 0 0 0 0 0 0 12 0 0 15 0 0 0 0 0 0 13 2 3 26 0 0 0 0 0 0 0 0 0 14 0 0 9 0 0 0 0 0 28 0 0 14 22 0 0 13 0 61 25 0 15 14 0 0 0 0 0 0 0 0 0 0 0 0 1 0 0 0 0 0 0 0 0 0 0 2 0 0 0 2 0 0 0 0 0 0 0 0 0 0 0 0 0 0 0 0 0 0 0 0 0 0 0 0 0 0 11 0 1 1 0 2 2 0 0 0 0 0 0 0 0 0 0 0 0 0 0 0 0 2 0 0 0 38 0 0 0 0 1 0 0 0 
 2 0 0 0 0 36 4 0 0 4 63 76 22 0 0 1 0 0 1 0 46 128 72 99 142 103 150 185 149 125 49 74 125 149 0 71 92 43 293 326 1 3 5 29 0 0 0 3 2 0 6 3 0 0 2 0 0 6 2 8 0 5 0 1 2 0 23 3 3 0 0 0 0 3 4 3 0 0 0 0 0 0 0 0 2 38 0 0 0 1 9 18 0 0 0 0 0 1 0 0 49 52 17 9 3 0 19 14 0 13 11 8 16 13 35 0 14 0 33 37 0 0 0 0 0 0 0 0 0 0 0 0 8 0 0 0 0 0 10 6 0 3 0 0 0 0 0 0 1 0 0 0 0 0 0 0 18 0 0 0 0 0 0 6 22 30 0 23 0 0 0 1 0 0 0 1 0 0 0 0 10 15 19 10 0 0 0 12 20 8 0 19 10 14 14 8 21 1 1 19 0 0 0 0 0 0 0 0 0 2 0 0 0 0 0 0 0 0 0 0 0 0 0 0 0 0 0 0 0 0 0 0 1 0 0 0 0 0 0 0 0 0 0 0 0 0 1 0 0 0 0 0 0 2 12 1 0 75 0 1 0 0 1 0 0 0 21 0 0 0 0 0 0 0 0 0 0 0 0 0 0 0 0 0 0 0 0 0 0 0 
 1 0 0 0 0 75 0 0 1 0 2 208 0 0 0 0 0 1 0 0 413 205 116 155 513 139 30 194 214 186 252 216 148 52 71 0 77 172 43 269 0 5 208 2 0 0 0 0 2 0 3 0 0 18 1 0 0 2 97 28 0 3 0 1 0 0 0 0 3 0 3 0 3 3 0 3 0 0 0 0 0 0 0 0 2 6 0 0 0 1 0 0 0 0 0 0 0 0 0 0 1 11 14 37 12 36 0 21 6 0 26 8 0 0 0 22 7 10 0 0 0 0 0 0 0 0 14 6 0 0 0 0 0 2 0 0 0 0 27 29 0 0 0 0 0 0 0 0 0 0 0 0 0 0 14 0 0 4 0 0 1 0 0 1 0 0 0 0 0 0 0 0 0 0 0 0 0 7 0 0 9 21 0 0 0 21 29 25 27 32 47 24 0 0 20 10 20 15 0 0 16 0 0 0 0 0 0 0 0 6 0 0 15 14 0 0 0 0 12 0 0 0 0 0 0 0 2 0 12 0 0 0 0 0 0 0 0 0 0 0 0 0 0 0 0 0 0 0 0 0 0 0 0 0 5 0 1 17 164 0 9 0 0 0 0 0 0 0 0 0 0 0 0 0 0 0 0 0 0 9 0 17 0 0 0 16 0 0 0 0 
 0 0 0 0 0 0 0 0 0 0 0 0 19 0 0 0 0 0 0 3 30 139 138 72 50 118 29 465 148 74 164 319 307 116 92 77 0 258 39 100 0 3 3 0 0 0 27 0 3 0 3 0 0 1 2 0 0 3 2 3 16 3 0 3 0 0 0 0 57 0 0 0 1 3 0 2 0 0 0 0 0 0 0 0 0 0 0 0 0 0 0 0 0 0 0 0 0 0 0 0 9 2 43 12 20 54 0 22 12 18 0 32 0 0 0 10 0 13 0 0 0 0 20 0 0 0 8 10 0 0 0 0 10 0 9 1 0 0 0 1 0 0 0 0 0 0 0 0 0 0 0 0 0 0 0 0 0 23 0 0 0 2 0 3 0 0 0 7 0 0 0 0 0 0 0 0 0 0 8 0 0 0 0 11 5 14 1 6 0 13 2 0 0 14 0 44 0 10 0 0 0 18 0 0 0 0 0 0 35 0 0 0 0 0 0 30 0 0 1 0 0 0 0 0 0 0 0 0 0 0 0 0 0 0 0 0 0 0 0 0 0 0 0 0 0 0 0 0 1 0 0 0 0 0 16 0 2 44 1 1 1 0 0 0 0 0 0 0 0 0 0 0 0 0 0 0 0 0 0 0 0 0 0 0 0 0 1 0 0 0 
 0 0 0 0 0 0 2 0 0 0 0 75 2 0 1 0 0 0 0 0 39 121 114 271 101 124 235 281 24 50 59 285 52 36 43 172 258 0 24 106 0 2 2 0 0 0 0 0 2 0 3 0 0 0 0 0 0 64 25 3 6 3 0 0 0 0 0 0 3 0 0 55 1 3 51 3 0 2 0 0 0 0 0 0 0 0 0 0 0 0 0 0 0 0 0 14 0 16 0 0 0 0 71 28 46 15 0 23 53 0 34 28 0 0 0 9 0 29 0 0 19 0 0 0 0 0 27 22 0 0 0 0 16 1 21 15 24 0 29 31 0 0 0 0 0 0 0 0 0 0 1 0 0 0 0 0 0 0 0 0 0 0 0 0 0 0 0 0 0 0 0 0 0 22 0 0 0 6 0 0 0 20 0 13 0 4 0 0 0 27 28 12 0 0 10 11 5 38 0 0 0 0 7 0 0 0 0 0 0 24 1 0 3 26 7 13 0 0 12 0 0 0 1 0 0 0 0 0 0 0 0 0 0 0 0 0 0 0 0 0 0 0 0 0 0 0 0 0 0 0 0 0 0 0 5 0 4 6 8 1 8 0 0 0 0 0 0 0 0 0 0 0 0 0 0 0 0 0 0 47 0 0 0 0 0 14 17 0 0 0 
 0 0 62 0 219 74 0 0 0 95 76 1 0 0 0 78 0 0 1 0 199 51 253 288 47 52 56 411 163 68 46 48 144 253 293 43 39 24 0 147 0 3 3 126 0 0 0 0 2 0 3 0 0 0 3 0 0 32 9 3 0 3 0 1 0 0 2 0 3 0 0 0 0 3 10 3 0 0 0 52 0 0 3 13 22 13 0 0 0 0 10 18 0 0 0 13 0 10 0 0 26 96 36 5 0 0 26 2 0 22 0 0 37 59 17 2 11 0 21 38 0 0 0 0 0 0 0 0 0 0 4 0 0 0 0 0 2 0 0 0 0 0 0 1 0 0 0 0 0 0 0 0 0 0 0 0 0 23 0 0 0 0 0 0 20 23 0 0 0 0 14 10 0 0 0 0 18 0 0 0 23 7 11 12 0 0 0 26 8 27 0 1 34 1 12 0 8 0 13 40 0 0 0 0 0 0 0 0 0 0 0 1 0 0 0 0 0 0 0 0 0 0 0 0 0 0 0 0 0 0 0 0 0 0 0 0 0 0 0 0 0 0 0 0 0 0 1 0 0 0 0 0 0 0 7 2 0 0 0 0 0 0 0 0 0 0 0 0 0 0 0 0 0 0 0 0 0 29 0 0 0 0 0 0 0 0 0 0 0 0 
 2 0 0 0 75 76 0 77 0 0 3 0 4 0 2 1 0 0 81 0 218 128 20 160 77 39 125 134 149 296 44 38 127 193 326 269 100 106 147 0 0 3 3 22 0 2 2 0 2 0 3 0 0 0 1 0 2 10 2 3 0 3 33 1 0 0 0 0 3 0 0 0 1 3 0 3 0 0 1 0 0 0 0 0 0 0 0 0 0 0 10 0 0 0 0 0 0 0 0 0 25 12 37 12 0 17 33 26 27 49 10 38 18 85 62 16 56 7 24 58 0 0 0 0 0 0 0 0 0 0 0 0 14 0 0 0 0 0 5 1 0 3 0 0 0 0 0 0 0 0 0 0 0 0 0 9 0 0 0 0 0 0 0 0 4 14 8 0 0 0 2 0 0 0 0 0 0 0 0 0 0 20 33 53 0 0 12 12 18 1 28 11 23 19 8 0 8 20 0 4 0 0 0 0 0 0 0 0 0 0 0 10 17 0 0 0 0 0 0 10 0 0 0 0 0 0 0 0 0 0 0 0 0 0 0 0 0 0 0 0 0 10 0 0 0 0 0 0 0 0 0 0 0 0 5 2 2 76 0 0 0 6 0 0 0 0 0 0 0 0 0 0 0 0 0 0 0 0 0 0 0 0 0 0 0 0 9 0 0 0 
 60 0 0 0 0 0 0 0 0 63 0 0 0 0 0 0 0 0 0 0 0 0 0 64 94 0 0 0 0 0 62 0 0 0 1 0 0 0 0 0 0 250 117 33 37 261 412 127 51 34 40 23 58 172 247 134 36 29 49 166 0 16 0 0 0 2 0 0 0 0 0 0 0 0 0 0 0 53 0 0 0 0 0 0 0 0 0 0 0 0 0 0 0 0 0 0 0 0 0 0 0 0 21 0 0 6 0 1 0 0 0 1 0 0 0 0 0 8 0 0 0 18 25 0 0 0 14 0 7 0 0 0 26 11 12 22 0 29 0 10 0 0 0 0 0 2 0 0 0 0 0 0 0 0 0 0 0 0 0 0 0 0 0 0 0 0 0 0 0 0 4 0 0 1 0 0 0 0 0 0 0 0 0 0 13 17 0 0 0 14 0 0 0 0 0 0 0 0 0 0 32 7 13 0 0 0 55 41 0 13 34 4 28 34 32 17 39 20 49 31 0 0 0 0 0 7 0 0 0 0 0 0 0 0 0 0 0 0 0 0 0 0 7 0 0 0 0 0 0 0 0 6 0 0 0 0 0 0 0 0 0 0 0 0 0 9 1 0 0 0 0 0 0 0 0 0 0 0 0 0 0 0 0 0 0 11 0 0 1 0 
 0 0 0 0 0 0 0 0 0 0 0 0 0 0 0 0 0 0 0 62 3 3 3 67 128 128 3 3 3 3 73 2 4 2 3 5 3 2 3 3 250 0 234 66 58 92 232 166 158 51 44 25 167 183 226 166 137 144 201 40 1 0 2 0 0 0 0 5 0 0 0 0 11 50 3 0 0 18 0 0 0 0 0 0 0 0 0 0 0 0 0 0 0 0 0 0 0 0 0 0 0 0 0 0 1 1 0 0 0 0 2 1 0 0 0 0 30 0 0 0 104 11 55 16 0 0 1 14 0 14 8 0 20 24 10 18 30 18 18 11 1 3 0 22 0 0 1 5 0 7 0 0 0 4 0 0 1 0 0 0 0 0 0 0 0 0 0 0 0 0 2 0 0 1 0 0 0 0 0 0 0 0 0 0 23 10 0 2 0 0 0 0 0 0 0 0 0 6 0 0 7 26 6 0 10 0 22 23 1 7 13 22 11 12 11 2 14 34 2 0 9 5 15 0 0 0 37 0 0 0 0 0 0 12 4 0 8 10 0 0 0 0 7 0 0 2 0 0 0 0 0 4 0 0 0 0 0 0 0 0 0 0 0 0 0 0 0 1 2 0 11 0 0 0 0 0 0 0 0 0 0 0 0 0 0 19 0 0 0 0 
 0 1 0 0 0 2 0 0 0 42 0 0 3 0 0 0 0 0 0 0 3 3 3 1 231 3 3 4 3 3 5 2 205 2 5 208 3 2 3 3 117 234 0 149 338 105 91 138 166 58 41 100 69 136 127 176 280 136 36 270 0 0 2 2 4 6 0 1 0 51 3 1 50 0 0 9 0 2 34 92 0 7 0 0 0 0 0 0 0 0 0 0 0 0 0 0 0 0 0 0 0 0 0 0 0 0 0 0 0 0 0 0 0 0 0 0 0 0 0 0 0 10 0 10 6 0 11 13 24 0 0 21 12 0 7 0 14 31 0 11 7 1 2 0 1 27 0 4 3 0 0 0 4 0 0 11 0 0 6 0 0 3 0 0 0 0 0 0 1 3 0 0 2 0 0 0 0 0 0 0 0 0 0 0 0 0 0 0 0 0 0 1 0 0 0 0 0 0 0 0 20 13 10 34 0 10 11 11 14 26 40 0 5 25 4 0 14 23 32 0 0 0 0 0 0 4 9 7 1 0 0 0 0 0 13 0 0 0 1 9 0 0 0 0 0 0 0 0 0 0 0 18 0 0 0 0 0 0 0 1 62 0 3 65 2 9 2 35 0 0 0 0 0 0 0 0 0 0 0 0 0 0 0 0 20 11 0 0 2 0 
 62 0 77 0 30 1 0 0 0 126 1 0 0 64 0 0 0 2 0 0 2 0 1 2 1 0 61 1 0 2 1 0 3 2 29 2 0 0 126 22 33 66 149 0 293 29 114 91 85 303 62 102 117 73 285 71 319 63 116 314 11 0 6 0 8 0 0 4 0 0 0 0 38 0 4 0 0 0 61 69 0 1 1 0 0 0 2 0 0 0 8 0 0 0 0 21 0 0 0 0 15 2 17 0 0 0 2 0 0 0 0 0 11 27 8 1 0 0 18 25 4 0 0 9 4 0 0 0 39 9 26 0 0 0 0 1 46 0 0 0 11 0 0 0 0 0 9 12 0 0 0 0 10 0 1 8 0 0 11 0 0 3 0 0 3 16 0 0 3 0 10 0 6 0 0 0 0 0 0 5 0 0 0 0 0 0 0 13 0 1 0 0 14 20 15 0 0 0 18 4 0 19 8 19 9 9 0 16 0 3 10 0 0 0 20 0 0 8 0 0 6 0 0 0 0 0 7 0 0 0 0 0 0 0 35 0 0 0 1 7 0 0 0 0 0 0 1 0 0 0 0 1 0 1 0 0 15 0 2 1 0 0 0 2 0 12 2 1 0 0 0 0 0 0 0 23 0 9 0 0 0 0 0 0 0 0 0 3 0 0 
 3 14 4 22 5 2 5 5 13 6 8 3 6 10 3 3 8 3 3 3 0 0 0 0 0 0 0 0 0 65 0 0 0 0 0 0 0 0 0 0 37 58 338 293 0 65 45 151 290 384 75 193 306 62 336 429 47 169 77 151 0 0 57 4 0 13 5 60 0 55 12 0 103 57 0 11 0 0 0 0 0 0 0 7 0 0 0 0 0 0 0 0 0 7 12 0 10 0 0 0 0 14 0 0 0 0 0 0 0 0 0 0 10 0 0 0 0 0 0 0 0 0 0 17 2 31 0 44 1 3 0 10 0 0 0 0 0 24 0 0 7 20 0 0 0 0 11 0 0 0 0 0 12 10 0 0 0 0 1 0 15 3 3 5 0 0 0 0 2 6 0 0 0 0 2 6 0 2 0 0 0 0 0 0 0 0 0 0 0 0 0 0 6 0 0 0 0 0 0 0 0 0 19 20 19 9 0 0 32 21 35 11 0 19 22 0 21 0 0 0 0 6 15 0 0 0 1 22 0 11 0 0 17 2 5 0 52 0 19 31 42 0 0 0 0 0 0 0 0 0 0 0 0 0 0 0 0 0 0 2 0 0 1 76 38 3 3 65 0 0 0 0 0 10 0 0 0 0 0 0 0 0 0 0 4 0 0 0 2 0 
 4 14 3 2 2 2 4 2 4 2 2 2 8 2 2 2 4 2 2 2 3 0 0 0 0 0 0 0 2 0 0 0 3 2 0 0 0 0 0 2 261 92 105 29 65 0 52 46 42 443 135 141 81 52 61 145 326 114 33 146 0 0 0 0 0 7 23 105 0 4 0 0 0 51 0 0 57 0 51 50 0 0 0 0 0 0 0 0 0 0 0 0 0 0 0 0 0 0 0 0 0 0 0 0 0 0 0 0 0 0 0 0 0 0 0 0 0 0 0 0 3 0 0 0 0 0 0 0 0 0 36 18 0 0 0 0 0 0 0 0 12 18 16 0 3 3 0 12 13 15 10 0 0 13 0 19 15 6 0 10 0 0 0 0 0 0 0 0 0 2 0 0 0 0 0 4 0 0 0 0 0 0 0 0 0 0 0 0 0 0 0 0 0 0 0 0 0 0 0 0 0 12 18 13 9 1 20 0 0 13 0 0 0 0 0 0 0 0 0 0 11 13 12 0 0 3 0 71 0 21 0 0 49 13 7 7 0 0 0 11 0 0 0 0 6 0 0 0 0 0 0 0 0 0 0 0 0 0 0 0 64 0 11 63 0 1 1 0 2 0 11 0 0 11 0 0 0 0 0 0 0 0 0 0 37 0 0 0 2 4 
 0 0 2 5 0 0 0 0 0 0 0 0 3 0 0 0 0 0 0 0 0 66 26 103 62 101 0 0 19 0 30 40 2 0 0 0 27 0 0 2 412 232 91 114 45 52 0 104 78 32 57 33 56 438 67 118 35 31 125 126 0 0 0 2 0 0 2 2 3 0 0 1 3 0 1 4 0 14 0 0 0 0 0 0 0 0 0 0 0 0 0 0 0 0 0 0 0 0 0 0 0 0 18 0 8 19 18 0 0 0 27 26 1 0 0 8 0 7 0 0 48 39 40 34 14 0 0 3 2 0 17 0 0 18 4 32 25 35 15 0 8 0 7 0 0 0 0 0 0 0 0 0 0 0 0 7 0 0 7 0 0 8 0 0 0 0 0 0 0 0 20 0 0 5 0 0 0 0 0 0 0 0 0 0 36 8 1 0 0 1 0 0 0 0 0 0 17 15 0 0 9 40 14 0 2 7 21 20 17 14 0 11 7 7 16 30 35 31 15 5 0 0 0 0 0 0 0 1 0 0 0 0 4 0 0 0 0 0 0 10 0 0 22 0 0 0 0 0 0 0 0 5 0 0 0 1 0 35 0 1 3 0 2 0 0 2 1 0 0 0 0 0 0 0 0 1 0 0 0 0 17 0 6 0 3 6 0 0 0 0 
 0 0 68 1 0 0 3 0 1 0 0 0 0 1 0 0 2 0 0 3 0 0 0 0 34 0 0 0 0 2 1 0 1 0 3 0 0 0 0 0 127 166 138 91 151 46 104 0 443 95 40 40 169 374 254 248 101 248 522 132 4 0 0 4 0 7 55 6 0 4 13 0 0 0 0 5 0 0 14 0 0 0 0 0 0 0 0 0 0 0 0 0 0 0 0 0 0 0 0 1 0 0 19 0 0 0 0 0 0 0 0 0 0 0 0 0 0 0 0 4 33 15 1 16 8 15 34 35 0 2 3 16 31 13 37 14 0 19 1 10 0 0 9 0 0 0 4 0 2 0 0 0 22 11 6 0 7 0 0 4 0 0 0 0 0 0 0 0 0 0 3 0 0 0 0 0 0 0 0 0 0 0 0 0 8 1 0 0 0 0 0 0 0 0 0 0 0 0 0 0 21 1 64 0 38 0 30 61 20 20 30 19 32 48 29 25 38 37 7 3 0 0 0 0 0 0 0 4 0 0 0 0 0 0 0 0 12 0 6 6 0 0 1 0 0 0 0 0 0 0 0 20 0 1 0 0 0 0 1 2 0 0 0 0 0 1 4 2 0 0 1 0 0 0 0 0 0 0 0 0 0 0 0 0 0 1 0 0 0 0 
 3 3 1 2 2 1 3 3 3 3 3 3 3 3 2 3 4 5 6 7 6 2 7 3 2 65 2 2 2 23 3 7 2 2 2 2 3 2 2 2 51 158 166 85 290 42 78 443 0 97 371 309 89 72 582 460 259 120 87 193 51 0 0 0 0 0 0 3 0 0 2 1 0 0 2 0 0 0 0 46 0 0 0 0 0 0 0 0 0 0 0 0 0 0 0 0 0 0 0 0 1 0 0 0 3 0 0 0 3 0 0 0 0 0 0 0 0 6 0 0 10 0 1 0 19 0 9 0 0 26 22 23 6 22 19 26 0 54 7 0 7 0 0 0 0 4 9 0 0 0 0 0 0 10 0 7 0 0 44 0 0 0 0 0 0 0 0 0 0 0 5 0 0 0 0 0 0 0 1 0 0 0 0 0 6 1 0 0 0 0 10 0 0 0 0 5 0 10 0 0 0 3 37 10 10 8 16 33 0 32 27 47 0 60 19 53 27 9 12 10 30 0 0 0 0 0 0 0 0 0 0 0 0 0 0 0 0 3 11 0 0 0 12 0 0 0 0 0 0 0 0 9 0 2 0 0 0 0 0 2 0 0 2 0 2 2 2 0 0 0 0 0 0 0 0 0 0 0 0 0 0 0 0 0 21 0 0 0 0 0 
 0 1 1 6 3 2 2 3 0 0 0 1 2 4 1 0 3 1 0 0 0 0 0 0 0 0 0 0 0 0 0 0 0 0 0 0 0 0 0 0 34 51 58 303 384 443 32 95 97 0 235 106 369 127 322 126 87 152 61 83 0 0 0 0 0 0 4 104 0 0 0 0 21 0 0 0 1 0 50 58 0 0 0 0 0 0 0 0 0 0 0 0 0 10 0 0 3 0 0 0 0 0 0 0 0 0 0 0 0 0 0 0 0 0 0 0 0 0 0 0 0 15 0 0 10 8 8 0 33 7 18 0 0 0 0 11 0 0 0 0 1 6 4 0 0 0 0 0 5 26 1 0 8 21 0 17 10 0 0 7 0 0 2 0 1 0 0 0 0 1 0 0 0 0 3 0 0 3 0 0 0 0 0 0 0 0 0 0 0 0 0 0 12 0 0 0 0 0 0 0 0 10 8 8 13 13 0 0 15 12 1 0 0 0 0 0 0 0 0 0 0 10 0 0 0 0 0 11 0 0 0 0 2 28 1 14 0 0 10 16 0 0 0 0 0 0 0 0 0 0 0 7 0 2 0 0 0 0 0 9 0 0 2 0 66 3 2 0 0 0 0 0 0 0 0 0 0 0 0 0 0 0 0 0 27 0 0 0 0 0 
 2 0 0 0 0 0 3 0 0 0 0 0 3 0 0 0 0 0 0 0 3 65 3 2 3 66 3 3 3 3 3 3 3 3 6 3 3 3 3 3 40 44 41 62 75 135 57 40 371 235 0 130 196 154 132 90 500 134 313 267 0 7 4 0 0 0 4 5 0 1 0 0 1 1 0 2 37 0 0 14 0 0 0 0 0 0 0 0 0 10 8 0 0 0 0 0 0 0 0 0 0 0 0 0 0 0 0 0 0 0 0 0 0 0 0 0 0 0 0 0 11 14 9 4 10 0 0 11 32 20 35 8 0 11 0 20 11 0 0 0 33 24 52 1 0 0 1 18 0 16 16 6 0 29 0 0 10 0 13 3 0 0 0 0 0 0 0 0 0 0 0 0 0 0 0 0 0 0 0 0 0 0 0 0 0 0 0 0 0 0 0 0 0 0 7 0 0 0 0 0 0 4 7 0 0 0 0 16 17 13 9 0 0 10 0 0 0 11 0 0 0 7 0 0 11 0 4 16 0 12 9 0 16 0 9 7 4 0 12 0 0 0 0 0 0 0 0 0 0 0 0 10 0 1 0 0 0 0 0 10 0 0 1 4 0 0 1 0 0 0 7 0 0 0 0 2 0 0 0 0 0 0 0 0 0 0 0 1 0 0 
 2 21 0 0 0 0 0 0 0 0 0 0 0 0 0 0 0 0 0 3 0 0 0 0 0 0 0 0 2 0 61 0 0 0 3 0 0 0 0 0 23 25 100 102 193 141 33 40 309 106 130 0 34 39 45 38 188 113 33 38 0 0 61 1 6 0 0 72 3 2 0 0 29 71 54 0 3 0 52 57 0 0 0 0 0 0 0 0 0 0 11 0 0 0 0 0 0 0 0 0 0 0 0 0 0 0 0 0 0 0 0 0 0 0 0 0 0 0 9 0 0 0 0 0 0 4 0 0 22 6 20 65 0 0 0 6 0 0 0 0 29 0 0 0 0 27 12 16 0 10 0 0 10 24 0 0 0 0 17 0 0 4 0 0 0 0 0 0 0 5 0 0 6 0 0 13 0 0 0 0 0 0 0 0 0 0 0 0 0 0 0 0 0 0 0 0 0 0 0 0 0 0 6 12 0 13 0 0 0 6 11 5 0 0 0 0 0 1 0 0 2 0 0 0 0 0 28 30 7 0 0 0 14 0 10 0 19 21 13 7 5 0 0 0 0 0 0 0 0 0 0 17 0 0 0 0 0 0 0 17 0 0 65 35 2 7 0 0 0 0 0 0 0 0 0 1 0 0 0 0 0 0 0 0 0 0 0 0 0 0 
 0 0 0 0 0 9 0 0 0 0 0 0 0 0 0 0 0 0 0 0 0 0 0 61 0 1 0 0 0 0 61 60 0 0 0 0 0 0 0 0 58 167 69 117 306 81 56 169 89 369 196 34 0 194 406 26 373 65 172 334 0 0 0 0 2 0 0 0 3 0 2 0 0 0 0 0 1 7 0 0 0 0 0 0 2 0 0 0 0 0 0 0 0 0 0 0 0 0 0 0 0 0 0 0 0 0 0 0 0 0 0 0 0 0 0 0 0 0 0 0 28 1 0 32 12 9 32 13 28 0 17 0 18 0 0 17 27 0 0 16 0 0 0 0 0 0 0 0 0 0 0 0 0 40 0 0 11 0 0 0 0 0 0 0 0 0 0 20 0 0 0 0 0 0 0 0 0 0 0 0 0 0 0 0 10 11 0 0 0 0 0 0 0 0 0 0 0 0 0 0 30 20 1 0 12 0 17 20 11 0 42 10 11 0 20 0 23 13 0 0 0 0 0 0 0 0 0 0 0 0 0 0 0 0 0 0 0 7 0 0 0 0 0 0 0 0 0 0 0 0 0 2 0 0 0 0 0 0 66 12 0 0 0 0 0 3 0 0 0 0 13 0 0 0 0 0 0 0 0 0 0 0 0 0 0 0 0 10 1 0 
 0 0 1 0 0 0 0 0 0 0 0 0 2 0 0 46 0 0 0 0 0 0 0 56 61 65 0 0 1 0 66 1 1 0 0 18 1 0 0 0 172 183 136 73 62 52 438 374 72 127 154 39 194 0 264 273 62 172 203 114 0 0 0 0 0 0 0 0 4 0 5 5 1 4 0 0 0 4 0 0 0 0 0 0 0 0 0 0 0 0 0 0 0 0 0 0 0 0 0 0 0 0 0 0 1 3 0 0 0 0 1 0 0 0 0 0 0 0 13 0 25 22 24 21 24 0 6 30 7 43 22 0 1 38 8 7 18 13 0 0 0 0 0 3 6 0 9 0 6 0 1 0 0 7 0 13 1 10 0 0 0 1 0 0 0 0 0 0 0 0 0 4 0 0 0 0 0 0 0 4 0 0 0 0 17 1 0 0 0 0 0 11 0 0 0 0 0 0 0 0 10 9 0 0 0 0 0 28 5 0 34 0 10 33 0 2 1 32 27 0 7 0 0 0 0 0 0 0 0 9 0 7 0 0 0 0 0 9 11 1 0 0 0 0 0 0 0 0 0 0 0 13 0 2 0 0 0 0 0 1 0 0 0 0 0 0 6 0 0 0 17 0 0 0 0 8 0 0 0 0 0 0 0 0 0 0 0 0 0 0 
 0 2 0 0 0 0 3 0 0 0 0 0 0 0 0 0 0 0 0 0 2 1 1 62 142 6 1 2 4 1 67 0 1 1 2 1 2 0 3 1 247 226 127 285 336 61 67 254 582 322 132 45 406 264 0 261 353 68 704 314 65 0 0 0 0 0 0 9 0 0 0 0 27 0 3 0 3 8 0 0 0 0 0 0 0 0 0 0 0 0 0 0 0 0 0 0 0 0 0 0 0 0 0 0 0 0 0 0 0 0 0 0 0 0 0 0 0 0 0 0 20 38 3 33 0 17 36 14 0 2 14 0 0 0 5 35 0 13 16 0 0 3 2 16 0 0 0 9 0 11 0 0 0 12 0 0 20 0 0 0 0 0 1 0 0 0 0 0 0 0 1 0 0 0 0 0 0 0 0 0 0 0 0 0 19 0 0 0 0 0 0 13 0 0 0 0 0 0 0 0 11 21 9 0 2 0 27 60 10 0 46 42 22 81 2 11 2 32 2 10 8 0 5 3 0 0 18 0 5 0 0 0 0 6 3 0 0 0 0 0 0 0 7 0 0 0 0 0 0 0 0 9 0 0 0 0 0 0 2 14 0 0 2 0 3 6 0 0 0 0 20 0 0 0 0 0 0 0 0 0 0 0 0 0 0 7 0 0 2 0 
 0 0 0 0 0 0 0 0 1 0 0 0 2 0 0 0 0 0 0 3 0 0 0 0 56 62 0 0 0 0 0 0 0 0 0 0 0 0 0 0 134 166 176 71 429 145 118 248 460 126 90 38 26 273 261 0 93 257 242 72 0 0 0 0 0 0 0 1 0 1 0 0 22 0 0 0 0 0 51 101 0 0 0 0 0 0 0 0 0 0 0 0 0 0 0 0 0 0 0 0 0 0 0 0 0 0 0 0 0 0 0 0 0 0 0 0 0 0 0 0 1 14 17 14 1 7 0 0 0 11 14 0 0 0 14 7 0 23 0 0 28 0 2 0 0 1 17 20 3 0 0 0 30 11 0 15 0 0 41 0 0 9 0 0 0 0 0 0 23 0 0 0 6 0 0 0 0 0 0 7 0 0 0 0 0 0 0 0 0 0 0 0 0 0 0 0 0 0 0 0 1 27 0 19 3 50 11 8 0 18 15 20 0 1 0 0 0 0 11 0 27 0 0 0 0 0 9 10 1 0 0 0 7 0 0 0 0 1 2 15 0 0 8 0 0 0 0 0 0 0 0 2 0 0 0 0 0 0 0 1 0 0 0 3 63 3 2 0 0 0 0 0 0 0 0 0 0 0 0 0 0 0 2 0 62 20 0 1 2 0 
 0 0 0 0 0 0 0 0 1 0 0 0 2 0 0 0 0 0 0 3 0 0 0 0 0 62 0 0 0 0 0 0 2 2 0 0 0 0 0 2 36 137 280 319 47 326 35 101 259 87 500 188 373 62 353 93 0 194 99 399 18 3 0 1 0 0 0 3 0 8 0 51 0 0 2 0 0 8 0 3 0 0 0 0 0 0 0 0 0 0 0 0 0 0 0 0 0 0 0 0 0 0 0 0 0 0 0 0 0 0 0 0 0 0 0 0 0 0 0 0 32 0 8 26 9 9 0 20 25 26 33 9 0 16 0 21 36 0 0 1 6 6 0 3 4 0 0 0 0 12 0 0 0 56 0 0 27 0 16 12 0 0 0 0 0 0 0 0 0 0 3 0 0 0 0 0 0 0 0 0 0 0 0 0 2 0 0 0 0 0 0 0 0 0 0 0 0 0 0 0 3 18 11 0 0 0 15 43 16 28 15 19 0 33 18 34 0 27 0 9 0 15 0 0 0 1 0 0 0 0 0 9 0 0 0 0 0 7 18 1 0 0 0 0 0 0 0 2 0 0 0 6 0 0 0 0 0 0 0 13 0 0 0 0 2 1 8 0 0 0 19 0 0 0 0 0 0 0 0 0 0 0 0 0 0 10 0 9 2 0 
 2 21 5 0 0 0 0 0 0 1 2 0 0 0 0 0 0 0 0 0 3 2 2 65 3 37 2 3 6 2 3 3 2 4 6 2 3 64 32 10 29 144 136 63 169 114 31 248 120 152 134 113 65 172 68 257 194 0 79 43 0 4 3 0 0 7 0 2 0 0 5 0 0 0 0 6 0 0 56 50 0 0 0 0 0 0 0 0 0 0 3 0 0 0 0 0 0 0 0 0 3 26 8 0 0 0 0 0 0 3 0 0 0 18 14 0 9 0 6 8 0 0 5 42 10 0 0 19 14 9 24 17 0 14 0 7 34 7 0 0 19 0 0 10 0 0 0 21 0 0 0 0 18 1 0 0 0 0 20 0 0 7 0 0 17 16 0 0 0 4 0 0 7 0 0 28 0 0 0 0 0 0 0 0 9 0 0 0 0 3 0 0 0 0 0 0 0 0 0 17 0 0 24 17 0 0 0 0 27 24 17 1 0 41 0 15 15 7 8 0 0 0 8 0 0 0 19 22 0 0 0 0 22 0 20 0 0 0 8 7 0 0 0 0 0 0 0 0 0 0 0 1 0 0 0 0 0 0 0 0 0 29 0 3 0 0 1 1 0 0 15 0 0 0 0 0 0 0 0 0 0 4 0 0 0 0 0 0 0 0 
 0 0 0 0 0 0 0 0 0 0 0 0 0 1 0 0 0 0 0 2 2 64 0 22 1 237 3 8 13 68 58 27 5 7 2 97 2 25 9 2 49 201 36 116 77 33 125 522 87 61 313 33 172 203 704 242 99 79 0 268 0 4 0 3 0 0 0 0 53 0 0 0 2 3 0 3 0 0 0 0 0 0 0 0 0 0 0 0 0 0 1 0 0 0 0 0 0 0 0 0 0 0 21 20 10 0 0 6 0 7 54 15 0 1 0 23 8 1 1 3 20 0 19 11 0 0 0 0 0 9 9 0 0 16 0 16 29 16 36 6 0 0 0 5 0 0 0 0 0 0 0 0 0 0 0 0 0 0 0 0 0 0 0 0 0 0 0 0 0 0 0 9 0 15 0 0 0 0 0 0 0 1 0 1 21 14 0 1 10 9 20 6 0 0 17 0 3 27 0 0 15 3 14 0 0 0 0 0 8 14 0 0 7 11 1 11 29 1 12 1 0 0 0 0 0 0 0 0 0 0 0 0 0 6 0 0 0 0 0 0 0 0 0 0 0 0 0 0 0 0 0 8 0 0 0 0 0 0 2 1 0 0 2 0 1 4 0 0 0 0 9 0 0 0 0 1 0 0 0 7 0 6 0 0 0 13 0 0 0 0 
 0 0 0 0 0 0 7 0 0 0 0 0 0 0 0 0 0 0 0 0 3 3 3 3 3 67 3 3 3 3 67 3 3 3 8 28 3 3 3 3 166 40 270 314 151 146 126 132 193 83 267 38 334 114 314 72 399 43 268 0 2 4 29 0 10 1 15 0 12 0 13 0 0 3 1 13 58 0 3 9 0 0 0 0 0 0 0 0 0 0 0 0 0 0 0 0 0 0 0 0 0 29 0 0 0 5 18 0 0 0 0 0 0 0 0 0 0 20 0 0 30 6 11 26 19 0 12 9 10 7 30 10 11 23 11 7 5 18 8 0 0 0 0 1 0 0 0 0 5 0 0 15 0 0 0 18 5 6 1 0 0 0 0 0 0 0 0 0 0 0 3 20 0 0 0 0 0 0 0 0 0 0 0 0 24 9 0 0 0 0 0 0 0 0 0 0 0 0 0 0 8 12 69 0 20 0 2 1 17 16 11 2 10 12 31 26 31 0 16 3 0 0 0 0 5 0 0 0 0 4 0 7 0 0 0 48 0 5 0 0 0 0 0 0 0 0 0 0 0 0 0 17 0 0 0 0 0 0 0 0 0 0 0 0 0 1 0 1 0 0 4 0 0 0 0 7 0 0 0 0 0 0 0 0 0 0 0 11 1 0 
 2 2 2 2 2 8 2 2 2 2 2 2 2 2 2 2 2 2 2 2 0 0 7 0 0 0 0 5 0 0 0 0 0 5 0 0 16 6 0 0 0 1 0 11 0 0 0 4 51 0 0 0 0 0 65 0 18 0 0 2 0 72 106 296 103 46 92 123 103 74 242 17 56 62 174 94 106 37 31 130 0 0 0 0 0 0 0 0 0 0 0 0 0 0 0 0 0 0 0 0 0 1 1 0 1 5 1 5 9 1 1 8 1 0 1 1 8 0 1 1 0 0 0 0 14 7 0 0 0 0 0 16 0 0 0 0 0 7 0 0 0 6 28 0 0 5 17 9 0 0 35 1 20 26 15 33 0 0 0 33 0 0 0 0 0 0 0 0 0 0 0 0 0 0 0 0 0 0 0 0 0 0 28 0 0 0 6 0 0 0 0 0 0 0 0 5 0 6 0 0 0 0 0 0 0 11 0 0 0 0 6 4 0 0 0 13 0 13 0 0 27 15 27 19 14 10 26 25 40 26 8 46 9 0 0 1 0 8 14 0 0 0 0 3 0 0 0 0 0 0 0 0 0 0 4 0 20 0 0 0 0 0 52 0 0 0 0 0 0 0 1 0 0 0 0 1 0 0 0 0 0 0 0 0 0 0 5 0 0 0 
