 0 113 314 359 170 463 178 176 469 336 42 29 97 451 347 243 133 134 204 93 0 0 0 0 0 2 0 0 0 0 0 0 20 2 1 0 0 0 0 3 3 0 0 0 0 0 0 0 1 62 0 0 0 0 2 0 3 0 4 0 0 0 6 0 0 12 0 0 0 0 4 0 0 0 4 0 1 0 3 0 1 7 10 0 25 9 24 28 0 42 8 25 1 0 0 10 85 9 1 19 0 0 0 0 0 0 15 0 0 0 0 0 0 0 0 0 0 0 0 0 0 0 1 0 0 0 0 0 0 0 0 0 0 0 0 1 0 0 0 0 0 0 0 14 0 0 2 0 0 0 0 0 0 0 0 0 0 0 0 0 15 25 10 0 13 11 19 0 18 26 10 13 1 0 0 0 26 42 19 0 1 0 15 0 0 0 0 14 2 0 0 0 28 0 0 0 0 0 12 0 0 0 0 0 1 0 0 0 0 0 0 0 0 1 1 0 0 0 0 0 0 0 0 2 0 0 0 0 0 0 0 0 0 0 0 0 19 0 0 0 0 0 0 0 0 0 1 0 0 1 8 3 0 0 0 0 0 0 0 0 0 0 0 0 0 0 0 0 0 0 0 0 0 0 0 14 0 0 0 0 0 0 0 0 0 0 0 0 0 0 
 113 0 186 287 32 38 351 254 141 210 252 107 206 193 153 150 122 23 224 62 0 0 0 0 0 2 0 0 0 0 0 0 0 2 0 0 0 0 0 3 4 0 0 0 0 0 0 0 4 0 0 0 0 2 0 0 3 0 3 0 0 0 6 0 0 11 0 0 0 0 0 0 0 0 4 0 33 0 3 33 11 0 13 12 23 0 19 12 10 13 27 12 9 7 16 33 12 0 3 0 0 0 0 0 0 0 0 0 0 0 0 0 0 0 0 0 12 0 5 0 0 0 0 0 0 0 17 0 0 0 0 0 0 0 0 1 0 0 0 0 0 0 0 0 0 0 7 0 0 0 0 0 0 0 4 0 0 0 0 0 0 79 2 28 21 0 20 13 0 0 0 0 38 22 0 6 0 12 0 0 0 0 0 0 0 0 0 0 0 0 0 0 1 1 0 0 0 0 0 16 0 0 0 0 0 0 0 0 0 0 0 0 0 0 0 0 0 0 0 0 0 0 0 0 0 0 0 0 0 0 0 0 0 0 0 0 0 0 0 0 0 0 0 0 0 0 92 0 0 89 0 6 0 0 0 0 0 0 0 0 0 0 0 0 0 0 0 0 0 0 0 0 0 0 0 13 0 12 0 0 0 0 0 0 0 0 0 0 0 0 
 314 186 0 187 136 25 72 222 181 148 393 36 254 62 176 172 56 81 21 100 0 0 0 0 0 2 0 0 0 0 1 0 0 2 1 0 0 0 2 3 3 0 0 0 0 0 0 0 2 0 0 0 0 0 1 0 3 0 3 0 0 0 0 0 0 0 0 0 0 0 0 0 0 0 0 0 0 0 3 20 11 8 12 11 9 0 11 48 13 4 0 10 18 0 17 31 23 56 0 11 17 0 0 0 0 0 0 0 0 0 0 0 16 0 8 0 0 0 8 0 0 0 0 0 0 0 0 0 0 0 0 2 0 0 2 0 0 0 0 0 0 0 0 0 0 0 0 0 7 1 2 0 0 0 4 2 0 0 0 0 3 31 10 13 9 0 11 67 21 11 0 0 9 24 0 25 31 10 2 0 1 0 0 0 0 0 0 0 11 0 0 0 0 16 1 0 0 0 2 24 0 0 0 0 0 0 1 0 0 0 12 0 0 0 0 0 0 0 0 0 0 0 7 0 0 0 0 0 0 0 0 0 0 0 0 0 0 0 2 0 0 0 0 0 0 0 90 2 1 0 0 11 1 0 0 0 0 0 0 0 0 0 0 0 0 0 0 0 0 0 0 0 0 0 0 0 23 24 0 0 0 0 0 0 0 1 0 0 0 0 
 359 287 187 0 189 135 84 369 297 250 169 135 163 411 144 110 152 409 99 164 93 0 5 0 2 2 0 0 0 0 0 0 77 2 39 0 0 0 2 4 3 0 0 0 0 0 0 0 2 0 0 0 0 0 0 0 3 0 3 0 0 0 0 0 0 0 0 0 0 0 0 0 0 0 0 0 0 0 3 0 12 15 29 0 17 25 0 44 0 10 9 73 0 13 6 1 3 18 0 1 22 0 0 0 0 0 10 20 2 11 0 0 9 18 1 27 0 0 0 2 0 0 1 0 0 0 0 0 0 0 0 0 0 0 0 0 0 0 0 0 0 0 0 0 0 0 2 0 0 7 0 0 0 0 0 0 0 0 0 0 0 0 6 4 63 40 0 19 0 9 0 14 0 0 0 0 0 1 0 0 9 0 20 0 0 0 27 7 9 8 0 0 20 0 0 0 43 0 0 10 0 0 0 0 0 0 5 0 0 0 0 0 0 19 0 0 0 0 0 0 0 0 0 0 0 0 2 0 0 0 0 0 0 0 0 0 20 0 0 0 0 0 0 0 0 0 0 0 48 179 0 15 0 0 0 0 0 0 0 0 0 0 0 0 0 0 0 0 0 0 0 0 0 0 0 0 0 0 0 0 0 0 0 0 0 0 0 0 0 0 
 170 32 136 189 0 319 47 295 302 305 103 146 100 174 275 271 130 202 265 80 22 0 13 0 0 2 2 77 0 77 0 2 85 79 80 12 0 73 182 152 3 2 0 0 0 0 0 0 2 0 0 0 0 2 3 0 3 0 3 0 0 0 0 0 0 0 0 0 0 0 3 2 0 0 4 0 39 0 3 0 0 0 13 31 0 10 0 0 0 0 0 17 0 0 0 9 0 13 0 0 57 20 0 1 0 0 13 21 10 2 0 0 0 6 0 10 13 14 14 23 0 0 0 0 0 0 0 0 0 2 0 0 0 0 1 0 0 0 0 1 0 15 22 0 0 0 0 0 0 7 0 0 0 0 0 0 0 0 0 0 0 0 18 0 31 10 0 0 26 24 14 12 0 0 0 0 1 1 0 1 35 0 0 8 10 0 9 26 0 9 0 0 39 0 22 0 17 0 35 0 0 0 0 0 0 0 6 0 0 0 0 0 0 0 0 13 0 0 0 0 0 0 11 0 0 0 0 0 0 0 0 0 0 0 0 0 0 0 0 0 0 0 0 0 0 1 3 0 4 5 2 31 0 0 0 0 0 0 0 0 0 0 0 0 0 0 0 0 0 0 0 0 0 0 0 0 17 0 0 0 0 0 0 0 0 0 0 0 0 0 
 463 38 25 135 319 0 37 264 328 130 83 185 253 51 262 92 87 796 50 273 107 0 77 0 0 2 0 155 4 74 0 0 88 34 161 73 0 2 169 96 5 0 0 0 0 0 0 0 2 0 0 0 0 0 16 63 3 0 3 0 0 0 0 0 0 0 0 0 0 0 0 1 0 3 0 0 0 0 3 0 0 0 11 9 5 27 0 18 1 1 2 17 0 0 0 0 16 0 0 1 0 30 9 23 0 0 23 13 18 1 0 0 26 31 0 14 13 13 25 49 0 0 0 0 16 2 0 0 0 2 0 0 0 0 0 0 0 0 0 2 0 0 0 0 0 0 0 0 0 0 0 0 0 0 0 0 0 0 2 0 0 0 37 14 17 3 1 0 14 19 11 18 0 3 0 0 20 21 0 0 52 0 0 8 0 0 0 41 0 25 0 0 45 36 16 20 53 0 22 0 0 0 0 2 0 0 0 0 0 0 0 0 0 0 0 15 0 0 0 0 0 0 0 0 0 0 0 1 0 0 0 1 0 0 0 0 0 0 0 0 0 0 0 0 2 1 1 1 3 4 9 17 0 0 0 0 0 0 42 0 10 0 0 0 0 0 19 0 0 0 0 0 0 0 0 10 0 0 0 0 0 0 0 0 0 0 0 0 0 0 
 178 351 72 84 47 37 0 260 147 374 119 39 280 168 205 25 37 43 134 331 0 0 0 0 0 68 0 0 0 1 0 0 0 2 0 1 0 74 0 3 4 0 0 0 0 0 0 0 2 0 0 0 0 0 0 0 3 1 3 0 0 0 6 0 0 8 0 0 0 0 0 0 0 0 15 0 0 0 3 0 11 39 0 0 10 0 30 17 11 1 0 0 58 10 34 8 1 0 12 14 0 0 0 0 0 0 0 0 0 0 0 0 0 0 0 0 0 0 10 0 0 0 0 0 0 0 0 0 0 0 0 0 0 0 0 1 0 1 0 0 0 0 0 10 1 0 0 0 0 0 0 0 0 0 2 0 0 0 0 0 5 44 0 19 11 0 27 52 14 0 0 0 16 35 26 10 13 10 2 0 0 0 0 1 0 0 0 0 0 0 0 0 0 0 0 0 0 0 0 15 0 0 0 0 0 0 0 0 0 0 0 0 0 0 26 0 0 0 0 17 0 0 0 0 0 0 0 0 0 0 0 0 0 0 0 0 0 0 0 0 0 0 0 0 0 0 88 0 1 0 0 9 0 0 0 0 0 0 0 0 0 0 0 0 0 0 0 0 0 0 0 0 0 0 0 9 0 13 0 0 0 0 0 0 0 12 0 0 0 6 
 176 254 222 369 295 264 260 0 289 186 218 250 517 189 176 129 226 506 84 303 0 2 0 1 0 2 0 2 17 0 0 0 0 2 1 0 0 74 0 3 3 0 0 0 0 1 0 0 3 0 0 0 0 0 1 0 3 0 3 0 0 0 6 0 0 3 0 0 0 0 0 0 0 0 14 0 0 0 2 0 0 9 30 0 31 1 22 36 0 6 0 45 11 38 0 1 40 39 10 26 0 0 0 0 0 0 0 0 0 0 0 0 0 0 0 0 0 0 0 0 0 0 0 0 0 0 0 0 0 0 0 0 0 0 0 0 0 0 0 0 0 0 0 3 0 0 0 0 0 14 0 0 0 0 3 13 0 0 0 10 0 9 10 7 0 0 35 31 18 14 0 0 15 0 29 15 7 1 42 0 1 0 0 0 0 0 0 0 0 2 0 0 0 0 0 0 0 0 0 0 0 0 0 0 0 0 0 0 0 0 0 0 2 34 8 0 0 0 0 0 0 0 0 0 0 2 0 0 0 0 0 0 0 0 0 0 0 0 0 0 0 0 0 0 0 2 2 2 0 90 0 19 0 1 0 0 0 0 0 0 0 0 0 0 0 0 0 0 0 0 0 24 0 0 0 0 0 8 0 0 0 0 0 0 0 0 0 0 0 12 
 469 141 181 297 302 328 147 289 0 279 251 44 104 206 328 291 144 151 76 167 0 0 0 0 0 2 0 0 2 0 0 0 0 2 2 0 0 0 12 77 3 0 0 0 0 0 0 0 3 0 0 0 0 0 0 0 3 0 3 0 0 0 0 0 27 0 0 0 0 0 0 0 0 0 0 0 0 0 3 0 22 0 13 33 36 31 14 1 26 4 7 17 0 0 13 30 10 1 0 0 0 0 0 0 0 0 13 0 1 0 0 0 15 1 20 0 0 0 14 11 0 0 0 0 0 0 0 19 0 0 0 0 0 0 0 0 0 0 0 0 0 0 0 0 0 1 0 0 0 0 0 0 0 0 0 0 0 2 0 0 0 0 14 18 13 11 3 8 0 12 13 30 0 15 0 16 0 87 0 0 15 0 0 0 0 0 0 0 19 0 0 0 0 14 0 1 0 0 10 21 0 0 0 0 0 0 0 0 0 0 0 1 0 0 0 0 0 0 0 0 0 0 0 0 0 0 0 0 0 0 0 2 0 0 0 0 0 0 0 0 0 15 0 0 0 1 128 0 2 103 10 5 21 0 13 0 0 0 0 0 0 0 10 0 0 0 0 0 0 0 0 0 0 0 0 0 19 0 0 0 0 0 0 0 0 0 0 0 0 16 
 336 210 148 250 305 130 374 186 279 0 147 119 56 295 130 187 88 41 91 185 0 0 0 0 2 6 0 4 6 0 3 0 1 5 2 0 3 4 2 78 0 0 0 0 0 3 4 0 2 0 0 3 0 0 4 0 3 1 3 0 2 0 0 0 6 0 0 1 0 2 5 0 0 0 0 3 2 2 38 2 17 16 10 34 18 19 17 10 24 19 34 56 0 0 28 78 40 12 13 1 0 0 0 0 2 2 11 0 0 0 0 0 0 0 0 0 0 0 11 10 0 0 5 0 0 0 0 0 0 0 2 0 0 0 0 0 0 0 0 0 0 0 0 0 0 0 0 0 0 0 0 0 2 0 0 0 0 0 0 0 8 0 27 1 38 12 0 5 1 10 11 22 0 28 14 3 0 31 0 24 17 0 0 0 0 0 27 10 0 0 0 0 17 0 0 0 0 0 31 44 0 0 0 0 0 0 0 0 2 0 0 0 1 7 0 0 0 0 0 0 0 0 0 0 0 1 0 0 0 0 0 0 0 0 0 0 0 0 0 0 0 0 0 0 0 0 16 1 2 4 9 13 0 1 0 0 1 0 0 0 0 0 0 0 0 0 0 0 0 0 0 0 0 0 0 0 20 0 0 0 0 0 0 0 0 0 0 0 0 0 
 42 252 393 169 103 83 119 218 251 147 0 361 46 129 150 530 163 366 243 150 0 0 0 0 0 2 0 0 0 0 0 0 0 3 4 0 0 0 5 3 5 0 0 0 0 0 0 0 3 0 0 0 0 0 0 0 3 0 3 0 5 0 0 0 0 0 0 0 0 0 50 0 0 0 0 0 0 0 3 0 42 11 29 52 8 0 0 41 50 8 57 12 0 20 35 16 0 15 25 75 0 0 0 0 0 0 14 0 0 2 9 0 15 0 15 0 0 0 0 7 0 0 0 0 0 0 0 0 0 0 0 0 0 0 0 0 0 0 0 0 0 0 0 0 0 0 0 0 0 0 0 0 0 0 1 0 0 0 1 0 14 11 10 25 0 0 8 25 32 8 0 6 14 9 9 19 17 0 0 0 0 0 0 0 0 0 0 0 19 0 0 0 3 20 1 0 0 0 1 14 0 0 0 1 0 0 0 0 0 0 0 0 0 16 0 0 4 0 11 0 0 0 0 0 0 0 0 0 0 0 0 0 0 0 0 0 0 0 2 0 0 0 0 0 0 3 89 1 0 45 2 6 15 0 0 0 0 0 0 0 0 0 0 0 0 0 0 0 0 0 0 0 0 0 0 9 0 1 0 0 0 0 0 0 0 1 0 0 0 0 
 29 107 36 135 146 185 39 250 44 119 361 0 41 27 19 134 288 142 27 256 32 74 0 0 0 76 31 90 0 84 0 0 1 74 195 2 0 0 139 128 5 0 35 0 0 0 0 0 2 0 0 0 0 0 0 0 3 0 3 0 0 0 0 0 0 0 0 0 0 0 0 0 0 0 0 0 0 11 3 0 0 13 46 14 10 25 0 13 30 0 25 0 12 0 0 0 10 10 0 0 3 17 1 0 0 0 10 1 0 24 14 0 43 21 0 0 18 37 13 80 0 0 0 0 0 0 0 0 0 0 0 0 0 0 0 10 0 0 0 0 0 0 0 0 0 0 0 0 0 0 0 0 0 0 0 0 0 0 0 0 8 0 34 12 5 0 29 3 1 0 29 10 0 0 9 0 0 3 0 0 0 40 18 0 0 0 34 0 0 0 0 0 23 74 24 7 14 0 99 16 0 0 0 0 0 0 0 0 0 0 0 0 0 0 0 6 0 0 0 0 0 0 0 0 0 0 0 0 0 0 0 0 0 0 0 0 0 0 0 0 0 0 0 0 0 9 2 0 106 1 0 14 0 2 2 0 0 0 0 0 11 0 0 0 0 0 0 0 0 0 0 0 0 0 0 11 0 0 0 0 0 0 0 0 0 0 0 0 0 0 
 97 206 254 163 100 253 280 517 104 56 46 41 0 266 55 50 27 29 301 187 0 0 0 0 0 2 0 0 75 0 0 0 0 2 1 0 0 0 0 3 4 0 0 0 0 0 0 0 3 0 0 0 0 0 0 0 3 0 3 0 0 0 4 0 0 4 0 0 0 0 0 52 0 0 20 2 0 0 2 0 11 10 0 0 14 0 28 13 0 0 0 14 19 32 1 14 2 0 0 0 0 0 0 0 0 0 0 0 0 6 0 0 18 0 0 0 0 0 8 0 0 0 0 0 0 0 0 0 0 0 0 0 0 0 0 0 0 2 0 0 0 0 0 0 0 0 0 0 0 0 0 0 0 0 5 0 0 0 0 0 12 32 0 0 21 0 27 10 0 0 0 0 0 10 31 9 0 14 2 1 0 0 0 31 0 0 0 0 0 0 0 1 0 0 0 0 0 0 0 1 0 0 2 0 0 0 0 0 0 0 0 0 0 0 0 0 1 0 0 0 0 0 0 0 0 0 0 0 0 0 0 0 0 0 0 0 0 0 0 0 0 0 0 0 0 1 2 0 2 2 1 11 0 0 0 0 0 0 0 0 0 0 0 0 0 0 0 0 0 0 0 0 0 0 0 7 0 10 0 0 0 0 0 0 0 0 0 0 0 0 
 451 193 62 411 174 51 168 189 206 295 129 27 266 0 407 44 118 253 474 273 202 202 0 0 0 2 2 0 0 0 0 3 0 7 1 0 0 2 0 3 5 0 0 0 0 0 0 9 4 0 0 0 0 0 12 2 5 0 4 3 0 0 0 0 0 1 0 0 3 0 0 3 3 3 5 40 2 0 6 0 16 12 14 0 15 0 1 33 1 0 0 53 0 56 28 12 10 0 12 1 0 0 0 0 0 0 0 0 0 0 0 0 0 0 0 0 0 0 9 0 0 0 0 0 0 0 0 0 0 0 0 0 0 0 0 0 13 0 0 0 0 0 0 0 0 0 0 0 0 0 0 0 0 0 2 0 0 0 0 0 0 7 11 9 22 2 4 23 0 12 0 0 0 12 14 0 0 19 10 2 26 0 0 0 0 0 0 21 0 0 0 0 15 0 0 0 0 0 0 50 0 0 0 0 0 0 0 0 0 0 0 0 0 24 0 0 0 0 0 0 0 0 0 0 0 0 0 0 0 0 0 0 0 0 0 0 5 0 0 0 0 0 0 0 0 2 91 0 1 87 0 15 0 0 0 0 0 0 0 2 0 0 0 0 0 0 1 0 0 0 0 0 0 0 0 0 0 6 0 0 0 0 0 0 0 0 0 0 0 0 
 347 153 176 144 275 262 205 176 328 130 150 19 55 407 0 55 47 45 68 291 0 0 0 0 0 2 0 2 0 0 0 0 0 2 0 0 0 0 1 3 5 0 0 0 0 0 0 34 2 3 0 0 0 0 0 0 3 0 3 0 0 0 1 0 52 4 3 0 0 0 0 0 0 0 0 0 0 0 3 0 10 9 29 1 26 13 0 26 11 50 9 18 22 12 15 14 22 13 1 16 0 19 0 0 0 0 0 0 0 0 0 0 0 0 0 10 0 0 7 0 0 0 0 0 8 0 0 0 0 0 0 0 0 0 0 9 0 0 0 0 0 0 0 0 0 0 0 0 0 0 0 0 0 0 5 0 0 0 0 0 6 28 10 0 15 0 17 19 38 0 8 12 0 10 13 0 0 31 0 0 0 0 0 0 0 0 0 0 0 0 0 0 0 0 0 0 0 0 10 3 0 0 0 0 0 11 0 0 0 0 0 0 0 0 0 0 0 0 0 0 0 0 0 0 0 0 0 0 0 0 0 0 0 0 0 0 0 0 0 0 0 0 0 0 0 1 2 0 2 0 7 9 0 0 0 0 0 0 0 0 0 0 0 0 0 9 0 0 0 0 0 0 0 0 0 10 15 9 0 0 0 0 0 0 0 0 0 0 0 0 
 243 150 172 110 271 92 25 129 291 187 530 134 50 44 55 0 259 342 34 68 94 2 0 0 0 2 0 0 0 0 1 0 0 2 1 0 0 0 18 37 4 0 0 0 0 0 0 0 1 0 0 0 57 0 1 0 3 0 3 0 0 0 0 0 0 0 0 0 0 0 0 0 0 0 0 0 0 0 3 32 11 1 16 21 4 13 10 4 9 0 1 20 10 12 8 19 0 0 0 0 0 0 0 0 0 0 30 14 0 0 0 0 16 10 15 0 0 0 7 0 0 0 0 0 0 0 0 0 0 0 0 0 0 0 0 0 0 0 0 0 0 0 0 0 1 0 0 0 0 0 0 0 0 0 21 9 0 0 0 0 0 27 0 36 1 0 0 11 8 6 11 9 9 0 0 51 11 14 0 0 10 0 0 0 0 0 1 13 8 0 0 0 27 16 11 0 8 8 9 0 0 0 0 0 0 0 0 0 0 0 1 0 1 16 0 0 0 0 0 0 0 0 0 0 0 0 0 0 0 0 0 0 0 0 0 0 0 0 0 0 0 0 0 0 0 2 2 2 0 88 1 9 22 0 0 0 0 0 0 0 0 0 23 0 0 0 0 0 0 0 0 0 0 0 0 16 0 0 0 0 0 0 0 0 0 0 0 0 0 0 
 133 122 56 152 130 87 37 226 144 88 163 288 27 118 47 259 0 184 36 225 0 0 1 0 2 2 0 0 2 2 0 0 74 2 2 2 0 2 79 79 1 0 2 3 0 0 0 2 0 0 0 0 0 2 8 0 3 2 3 2 0 0 0 1 0 6 0 2 0 0 0 0 3 1 0 0 1 5 3 2 0 20 21 26 9 11 0 18 0 14 30 46 0 15 0 20 18 18 0 16 0 0 0 14 0 0 7 0 8 0 0 0 0 0 0 0 0 14 9 0 0 0 0 0 0 0 0 1 0 0 0 0 0 1 0 0 0 10 0 0 0 0 0 5 0 0 2 0 0 0 0 0 0 0 0 0 0 11 0 0 8 0 25 0 0 0 23 0 1 34 2 8 2 16 26 9 26 36 37 0 60 0 0 0 0 0 17 1 60 0 1 0 1 0 0 0 0 2 8 3 19 0 0 0 1 0 0 0 0 0 0 0 0 24 0 0 0 0 13 0 0 2 0 2 0 0 0 0 7 0 0 0 0 0 0 0 0 0 0 0 0 13 0 0 0 0 86 2 0 2 2 100 1 0 2 0 0 0 0 0 0 0 10 0 0 0 0 0 0 0 0 0 0 0 0 0 0 0 0 0 13 0 0 0 0 0 0 0 0 0 
 134 23 81 409 202 796 43 506 151 41 366 142 29 253 45 342 184 0 40 432 37 0 0 0 0 4 1 0 0 0 0 0 1 2 101 0 0 0 80 4 5 0 0 0 0 0 0 0 3 0 0 0 0 0 0 0 3 0 3 0 0 0 0 0 0 0 0 0 2 0 0 0 0 0 0 0 0 0 3 0 10 10 23 13 17 14 14 15 1 11 0 0 0 0 1 0 10 8 2 12 0 1 0 0 1 0 12 18 0 17 0 0 19 36 1 0 0 0 0 0 0 0 0 0 0 0 2 0 0 1 0 0 0 0 2 0 0 0 0 0 0 2 0 0 0 0 0 0 0 8 0 7 0 0 0 0 0 0 0 0 0 0 12 1 0 12 8 10 20 0 29 0 0 0 1 1 1 0 0 0 0 20 0 0 0 0 8 0 7 0 0 0 15 0 21 0 14 0 15 8 0 0 0 0 0 0 7 0 0 0 0 0 0 0 0 0 0 0 0 0 0 0 0 0 0 0 0 0 0 0 0 0 0 1 0 0 0 0 0 0 0 2 0 0 0 0 2 2 113 3 2 5 18 0 0 0 0 0 0 0 0 0 0 0 0 0 0 0 0 0 0 0 0 0 3 1 0 0 0 0 0 0 0 0 0 0 0 0 0 2 
 204 224 21 99 265 50 134 84 76 91 243 27 301 474 68 34 36 40 0 303 0 0 3 2 3 5 0 73 0 0 77 0 0 4 5 0 0 0 0 3 3 0 0 0 4 2 3 0 2 0 0 0 0 0 0 0 3 3 3 0 0 0 3 7 3 6 0 0 0 6 0 1 0 0 14 5 1 0 3 0 0 25 0 14 1 0 40 1 2 20 23 12 16 11 0 6 20 0 20 0 0 0 0 1 0 0 0 0 0 0 0 1 0 0 0 0 0 1 0 0 0 0 0 0 1 0 0 0 0 0 0 0 0 0 0 0 0 0 1 0 0 0 12 0 0 0 0 0 0 0 0 2 0 2 0 0 0 0 0 0 5 0 0 0 0 1 24 0 0 0 0 0 10 0 1 13 0 0 0 10 0 0 0 0 0 0 0 0 11 0 1 0 0 0 0 0 0 0 0 0 0 0 0 0 0 0 0 0 0 2 0 0 0 0 0 0 0 0 0 0 0 1 0 0 0 0 0 0 0 0 0 0 0 0 11 0 0 0 0 0 0 0 0 0 0 3 0 0 2 1 2 12 0 0 0 0 0 0 0 0 0 0 0 0 0 0 0 0 0 1 2 0 0 0 0 0 0 0 0 0 0 0 0 0 0 0 0 0 0 0 
 93 62 100 164 80 273 331 303 167 185 150 256 187 273 291 68 225 432 303 0 1 0 2 0 2 4 0 2 0 0 0 0 0 4 4 3 0 0 0 3 3 0 0 0 1 5 0 0 3 3 0 0 0 0 1 4 3 2 3 0 0 0 0 0 6 0 0 0 0 0 2 3 4 0 4 0 0 35 48 0 0 13 11 0 9 0 20 29 0 37 0 2 13 26 0 9 33 26 2 28 0 0 0 0 0 0 0 0 1 0 0 0 0 0 0 0 0 0 0 2 0 0 0 0 0 0 0 0 0 0 0 2 0 0 0 2 0 0 0 0 0 0 0 6 0 0 0 0 0 1 2 0 0 0 4 2 0 0 0 0 0 9 10 0 0 0 14 41 18 14 0 0 0 0 21 20 0 1 31 0 1 1 0 0 0 0 1 0 0 0 0 0 0 0 0 0 0 0 0 0 0 0 0 0 0 0 0 0 0 0 1 0 0 0 0 0 0 0 0 0 0 0 0 0 0 0 0 0 0 0 0 0 1 0 0 0 0 0 0 0 0 0 0 0 0 0 1 3 0 0 2 8 0 0 1 0 0 0 0 0 0 0 0 0 0 0 0 0 2 0 0 0 0 0 0 1 0 9 0 0 0 0 0 0 0 0 0 0 0 0 
 0 0 0 93 22 107 0 0 0 0 0 32 0 202 0 94 0 37 0 1 0 369 362 56 94 43 60 162 337 193 117 33 57 109 120 119 41 474 327 56 1 0 0 0 0 0 5 0 0 0 0 0 68 3 0 1 6 0 0 0 0 0 0 3 4 3 0 9 0 0 0 0 0 0 3 0 0 0 0 0 0 0 0 13 0 9 0 0 0 0 0 0 0 0 0 0 0 0 0 0 0 24 32 2 24 0 15 43 14 10 15 0 25 23 0 17 33 0 1 19 12 7 0 0 0 0 43 13 0 0 0 0 15 13 0 0 0 0 13 7 0 0 0 0 0 0 0 0 0 6 0 0 0 0 0 0 0 0 0 0 0 0 0 0 8 0 0 0 2 0 14 0 0 0 0 0 0 0 0 0 0 1 11 19 16 38 0 0 0 18 13 9 18 10 14 0 47 15 27 0 0 0 0 0 0 0 18 0 0 0 0 0 24 11 0 13 0 0 10 8 0 0 0 0 4 0 0 0 0 0 0 0 0 0 0 0 0 0 0 0 0 0 1 0 0 0 0 0 0 0 0 0 0 0 4 0 0 18 1 0 8 0 0 0 0 0 0 0 0 0 0 0 0 0 0 3 0 0 0 4 0 43 0 0 0 1 0 0 0 0 
 0 0 0 0 0 0 0 2 0 0 0 74 0 202 0 2 0 0 0 0 369 0 229 148 39 52 140 160 140 35 330 306 31 59 75 270 262 313 116 41 1 0 0 0 0 0 0 0 0 0 0 0 61 3 0 2 2 0 0 1 50 3 4 3 0 3 0 5 0 0 0 0 0 0 10 0 0 0 1 0 0 0 0 0 2 0 0 0 0 0 10 0 0 0 0 1 0 0 0 0 0 5 18 10 8 22 1 11 34 0 19 16 0 18 1 11 39 25 0 18 10 35 0 0 0 0 20 33 0 0 0 0 0 23 0 9 0 0 0 8 0 0 0 0 0 0 0 0 5 0 0 5 0 0 0 0 0 0 0 0 0 0 0 0 0 1 0 0 0 0 11 0 0 0 0 0 0 0 0 1 0 37 33 17 0 13 19 0 1 1 14 11 0 5 0 30 1 34 0 20 0 0 0 0 0 0 0 0 0 0 0 0 13 10 1 0 16 0 8 50 0 0 0 0 0 0 0 0 0 0 0 0 0 0 0 0 0 0 0 0 0 14 0 0 0 0 74 0 0 0 0 0 0 0 13 0 1 77 0 0 1 0 0 0 0 0 0 0 0 0 0 0 0 0 0 0 0 0 0 0 0 11 0 0 0 0 0 0 0 0 
 0 0 0 5 13 77 0 0 0 0 0 0 0 0 0 0 1 0 3 2 362 229 0 151 51 41 125 328 374 85 418 327 498 155 94 150 274 47 85 423 6 0 0 0 0 0 0 0 0 3 3 0 0 3 0 1 2 0 0 0 0 0 0 3 3 3 0 2 0 0 1 2 0 0 3 0 0 2 0 50 0 0 0 0 0 0 0 0 0 0 0 0 0 0 0 0 0 0 0 0 14 24 37 15 0 0 0 0 29 0 0 57 0 1 11 24 18 0 30 16 40 0 20 0 0 0 12 19 0 0 2 18 20 11 0 0 0 0 0 0 1 0 0 0 0 21 2 2 3 0 0 9 0 12 0 0 0 0 0 0 0 0 2 0 27 13 0 0 1 0 0 13 0 0 0 0 0 0 0 0 13 0 0 8 16 43 3 56 6 15 0 5 13 0 16 0 25 23 0 0 21 0 1 0 0 0 0 10 0 0 0 0 14 10 0 11 14 0 18 21 0 0 0 0 0 0 0 0 0 0 2 0 0 0 0 0 0 0 0 0 0 0 18 0 0 4 0 0 1 0 0 0 0 0 10 0 2 77 0 2 2 7 4 0 0 0 0 0 0 0 0 0 0 0 0 0 0 0 0 0 0 4 0 0 0 0 0 0 0 0 
 0 0 0 0 0 0 0 1 0 0 0 0 0 0 0 0 0 0 2 0 56 148 151 0 105 157 151 72 71 100 75 283 243 170 64 34 202 115 45 63 1 0 0 85 0 0 63 63 0 0 0 0 0 3 0 2 2 0 0 0 0 0 0 3 0 4 0 2 0 0 0 0 0 0 3 0 0 2 0 0 0 0 0 0 0 0 0 0 0 0 0 0 0 0 0 0 0 0 0 0 0 14 0 15 10 16 0 10 38 23 25 38 0 0 4 0 24 10 0 1 11 0 21 17 0 0 46 0 0 0 0 0 19 30 16 13 1 0 19 0 0 0 0 0 0 0 0 0 0 0 0 1 0 0 0 0 0 6 0 0 0 6 0 0 0 0 0 0 0 0 0 0 0 0 0 0 0 16 0 0 18 16 14 0 24 26 9 39 3 31 0 15 0 0 0 26 2 1 0 0 0 0 2 0 0 0 0 0 0 0 0 0 0 10 0 10 0 0 0 22 0 0 0 0 0 0 0 0 0 0 0 10 0 0 0 8 0 0 0 0 0 0 0 0 0 0 0 0 0 0 0 0 0 0 14 0 2 80 48 2 0 2 0 0 0 0 2 0 0 0 0 0 0 0 0 0 0 0 0 0 0 7 0 0 0 0 7 0 0 0 
 0 0 0 2 0 0 0 0 0 2 0 0 0 0 0 0 2 0 3 2 94 39 51 105 0 125 51 77 235 104 157 113 92 81 106 113 48 110 53 83 1 63 56 7 3 0 132 22 0 0 2 0 118 110 118 1 2 0 126 63 0 0 2 3 15 3 3 8 0 0 0 0 1 0 3 0 0 3 0 2 0 0 0 0 0 0 0 10 0 0 0 0 0 0 0 0 1 0 0 0 0 13 1 0 1 26 0 0 29 0 0 0 0 0 0 0 0 0 0 1 20 12 12 13 0 0 11 44 21 11 0 0 63 0 12 0 14 30 49 10 6 1 0 0 0 0 0 0 0 0 0 1 0 0 0 0 0 0 0 16 0 0 0 0 0 0 0 0 0 0 0 0 0 14 0 0 0 0 0 0 0 0 0 0 13 0 0 0 0 0 14 17 0 0 0 0 0 0 0 0 45 15 37 0 0 17 38 9 32 0 0 0 47 9 26 10 0 24 1 25 0 0 0 2 0 2 0 0 0 0 0 0 0 0 0 0 0 0 1 0 0 0 0 0 0 0 0 0 0 0 0 0 0 0 3 3 3 1 0 0 0 11 0 1 0 3 0 0 0 0 0 0 0 0 0 0 0 0 0 0 0 0 0 0 0 0 0 0 0 0 
 2 2 2 2 2 2 68 2 2 6 2 76 2 2 2 2 2 4 5 4 43 52 41 157 125 0 22 468 119 80 98 239 69 86 51 101 129 223 27 323 1 0 0 0 2 0 89 63 35 0 64 0 91 3 2 1 2 1 29 63 0 0 0 3 14 3 0 6 0 0 0 0 0 0 3 0 0 0 0 0 0 0 0 0 0 0 0 0 0 0 0 0 0 0 0 0 0 0 0 0 0 0 10 0 0 23 0 0 1 17 0 0 0 0 0 11 0 0 0 0 13 21 6 0 0 10 33 14 23 0 0 1 13 31 1 28 0 14 19 6 0 0 0 0 0 3 0 0 0 0 0 0 0 11 0 0 0 0 0 0 0 0 0 0 0 0 0 0 0 0 0 0 0 0 0 0 0 0 0 0 0 12 1 0 11 0 4 11 0 21 12 0 0 0 0 10 0 1 0 0 0 0 9 12 0 0 27 0 0 0 8 8 24 25 0 28 27 0 0 8 0 0 0 0 0 0 0 0 0 0 0 0 0 0 0 0 0 0 0 0 0 0 0 0 0 0 0 0 0 0 0 0 0 0 5 0 1 5 84 6 7 0 0 0 0 0 0 0 0 0 20 0 0 0 0 0 0 0 0 0 0 0 0 0 1 11 0 0 0 0 
 0 0 0 0 2 0 0 0 0 0 0 31 0 2 0 0 0 1 0 0 60 140 125 151 51 22 0 388 67 130 223 41 106 201 197 43 288 39 175 178 2 0 0 0 0 0 0 0 0 0 0 0 0 3 0 62 2 0 0 0 0 1 0 3 0 3 0 2 0 0 0 0 0 0 3 0 0 2 0 0 0 0 1 0 10 0 0 0 0 0 13 0 0 0 0 0 0 0 0 0 33 10 25 21 9 0 15 0 0 20 52 31 30 35 38 0 12 57 12 52 0 0 0 0 1 0 0 0 0 0 0 0 0 0 0 0 0 0 2 0 0 0 0 0 0 0 0 0 0 1 22 0 2 0 0 0 2 3 0 0 0 0 0 0 4 1 0 0 0 0 14 7 0 0 0 0 0 1 7 0 0 24 19 21 10 22 17 11 20 19 1 0 10 25 35 37 35 7 21 10 0 0 0 0 0 0 0 0 0 0 0 0 0 0 0 0 0 5 1 0 0 0 0 0 0 0 0 0 0 0 0 23 0 0 0 0 0 0 0 0 0 0 0 0 0 0 0 0 0 0 0 0 0 0 15 0 0 77 0 0 13 1 0 0 0 0 11 0 0 0 0 0 0 0 0 0 0 0 0 0 0 0 0 0 0 0 4 0 0 0 
 0 0 0 0 77 155 0 2 0 4 0 90 0 0 2 0 0 0 73 2 162 160 328 72 77 468 388 0 88 150 151 32 490 264 117 131 34 267 77 230 1 0 0 0 2 1 3 0 0 0 0 2 0 3 0 31 6 0 0 2 2 0 0 3 0 6 0 3 0 0 0 2 0 2 3 2 0 0 0 0 0 0 0 0 0 47 0 0 0 0 11 0 0 0 0 0 0 8 0 0 17 14 27 33 21 0 10 20 7 20 13 13 21 1 0 23 27 8 25 28 13 0 0 0 0 0 19 0 0 1 0 0 1 0 0 0 0 0 0 9 4 1 0 0 0 0 0 0 0 3 1 0 0 0 0 0 36 0 4 0 0 0 0 0 5 18 0 0 5 0 0 0 1 0 0 0 0 0 0 7 31 0 11 27 20 43 9 29 0 19 0 10 12 0 8 17 18 47 27 0 0 0 0 0 1 0 1 0 0 0 0 0 9 0 0 4 0 0 8 30 0 0 0 0 0 0 0 0 0 0 0 1 0 0 0 0 0 0 0 0 0 0 1 0 0 0 0 0 0 0 0 0 0 0 22 0 1 0 1 0 1 2 0 0 0 0 16 0 0 0 0 0 0 0 0 0 23 0 0 1 0 36 0 0 0 1 8 0 0 0 
 0 0 0 0 0 4 0 17 2 6 0 0 75 0 0 0 2 0 0 0 337 140 374 71 235 119 67 88 0 160 162 123 148 102 117 62 57 116 139 63 2 0 0 0 0 0 4 0 0 0 0 0 19 3 0 1 4 2 0 0 0 1 0 3 0 3 0 8 0 0 0 0 0 0 3 0 0 0 0 0 0 0 0 0 7 0 0 0 0 0 0 0 0 0 0 0 0 0 2 0 25 12 9 16 9 0 10 33 2 0 1 0 30 25 23 13 13 16 0 0 0 11 0 0 0 0 13 9 0 0 0 0 10 37 0 0 0 0 15 0 6 0 0 0 0 0 0 0 2 0 0 6 0 0 0 0 0 0 0 0 0 1 0 0 4 0 0 0 0 0 0 22 0 7 0 0 0 0 0 0 3 9 17 12 0 13 0 0 30 1 46 0 1 51 22 0 20 26 1 8 2 0 20 0 0 0 1 0 0 0 0 0 24 11 13 2 0 0 6 45 1 0 0 0 0 0 0 13 0 0 0 0 0 0 0 0 0 0 0 1 0 0 0 0 0 0 0 0 0 0 0 0 0 0 7 0 1 157 73 2 12 15 0 0 0 0 0 0 0 0 0 0 0 0 0 0 0 0 0 18 0 0 0 0 0 8 0 0 0 0 
 0 0 0 0 77 74 1 0 0 0 0 84 0 0 0 0 2 0 0 0 193 35 85 100 104 80 130 150 160 0 273 64 142 173 284 213 361 61 82 147 21 0 0 2 0 0 118 0 21 1 0 0 0 223 2 1 4 2 0 0 0 2 0 3 0 5 2 2 0 2 2 3 0 3 6 1 0 0 0 0 0 0 0 0 0 16 0 0 0 0 0 0 0 0 0 0 0 0 0 0 16 23 31 16 24 6 0 14 33 6 39 33 0 1 0 0 34 10 11 9 0 0 22 0 0 0 0 3 0 0 0 0 61 0 0 0 1 0 12 10 8 0 0 0 0 0 0 0 0 0 0 1 7 0 0 0 0 0 0 2 1 0 0 0 4 0 0 0 5 0 0 0 0 0 0 0 0 0 0 0 0 0 16 15 22 73 0 1 0 0 19 0 8 18 0 15 57 14 11 0 45 0 17 0 0 0 0 12 0 0 0 0 75 12 8 18 0 0 23 10 1 0 0 0 0 0 0 0 0 0 0 6 0 0 0 0 0 0 0 0 0 0 18 0 0 0 0 0 0 0 0 0 0 0 4 2 1 2 0 0 6 16 0 0 0 0 0 0 0 0 0 0 0 0 0 0 52 0 0 15 0 0 0 0 0 10 7 0 0 0 
 0 0 1 0 0 0 0 0 0 3 0 0 0 0 0 1 0 0 77 0 117 330 418 75 157 98 223 151 162 273 0 77 113 33 97 135 243 134 39 217 9 0 0 0 0 29 0 2 4 3 2 0 0 7 2 1 3 2 0 0 5 2 0 3 0 3 4 4 0 0 0 0 0 7 3 1 0 0 0 1 0 0 0 1 0 0 11 0 0 0 0 0 0 0 0 0 0 0 0 14 11 12 3 13 33 0 0 0 2 23 21 30 0 4 0 45 29 10 0 0 0 0 0 0 0 0 21 15 0 0 0 0 8 21 1 0 0 0 0 7 6 0 16 0 0 0 0 0 1 0 0 4 0 0 0 0 0 0 0 2 0 0 0 0 0 34 0 0 0 1 0 0 0 0 0 0 0 0 0 0 0 0 12 1 7 41 0 0 0 0 10 21 0 0 13 15 10 17 0 58 18 0 12 0 0 0 0 0 0 0 0 0 26 1 0 12 9 0 0 25 0 0 0 0 0 0 0 1 0 0 0 10 0 0 0 0 0 0 0 0 0 0 13 0 0 0 0 0 0 0 0 0 0 0 4 0 0 5 0 4 3 20 0 0 0 0 2 0 0 0 0 1 0 0 0 0 0 0 0 1 0 17 0 0 0 0 7 0 0 0 
 0 0 0 0 2 0 0 0 0 0 0 0 0 3 0 0 0 0 0 0 33 306 327 283 113 239 41 32 123 64 77 0 40 21 273 350 430 592 182 32 1 0 1 3 11 2 32 29 0 0 2 0 80 3 277 2 2 0 0 2 0 3 36 3 0 6 0 5 0 0 0 0 0 0 3 2 0 0 2 26 11 0 0 0 0 0 0 0 0 0 0 0 0 0 0 0 0 0 0 2 0 6 0 5 10 31 0 11 9 0 9 13 0 0 0 0 21 9 0 0 18 14 0 8 0 0 22 18 68 11 0 0 0 30 16 14 14 43 17 7 0 0 0 0 0 0 0 0 2 0 2 13 0 78 0 0 0 0 0 0 0 0 0 0 12 2 0 0 0 0 0 0 0 0 19 0 0 0 0 0 0 24 17 0 7 2 0 0 0 12 12 81 0 0 0 0 2 6 0 0 1 0 14 2 0 0 26 0 0 0 0 0 21 26 14 30 1 0 20 49 0 0 0 4 0 0 0 0 4 0 0 0 0 0 0 10 0 16 0 0 0 0 0 0 0 0 0 0 0 0 0 0 0 0 17 0 1 45 0 3 4 2 0 0 0 0 0 0 0 0 0 0 0 0 0 0 0 0 0 0 0 9 0 0 0 0 0 0 0 0 
 20 0 0 77 85 88 0 0 0 1 0 1 0 0 0 0 74 1 0 0 57 31 498 243 92 69 106 490 148 142 113 40 0 79 123 53 63 53 207 60 4 0 0 0 0 0 5 2 0 3 1 0 0 6 2 61 3 64 0 0 0 1 0 3 0 76 3 2 0 0 0 1 0 0 3 0 0 0 0 0 0 0 17 0 0 12 0 0 0 0 11 0 0 0 0 0 1 0 0 0 14 0 26 21 8 0 21 13 0 32 13 11 1 1 34 15 0 22 0 13 0 0 0 0 0 0 0 0 0 0 0 0 0 0 0 0 0 0 8 0 0 0 0 0 0 0 0 0 0 7 0 0 0 0 0 0 0 0 0 0 0 15 6 0 0 13 0 0 11 10 0 1 0 0 0 0 15 4 0 0 26 8 38 0 0 14 11 1 36 6 12 0 21 0 12 26 33 11 2 0 0 0 0 0 0 0 3 0 0 0 0 0 0 0 0 0 0 0 1 0 0 0 0 0 0 0 0 0 0 0 0 20 0 0 0 0 0 0 0 0 0 0 0 0 0 0 0 0 0 0 2 0 0 0 1 0 0 2 150 0 2 0 0 0 0 0 9 0 0 0 0 0 0 0 0 0 0 0 0 0 0 0 0 0 0 0 4 0 0 0 
 2 2 2 2 79 34 2 2 2 5 3 74 2 7 2 2 2 2 4 4 109 59 155 170 81 86 201 264 102 173 33 21 79 0 290 176 103 81 234 223 62 0 0 0 0 0 0 5 0 0 0 0 0 3 0 63 2 0 0 1 0 51 0 3 0 3 32 2 0 0 0 0 0 0 3 0 0 0 0 0 0 0 0 0 11 0 0 0 0 0 12 0 0 0 0 1 0 0 0 0 11 23 32 59 8 1 2 26 49 40 18 0 18 11 3 42 0 24 12 30 0 0 0 0 0 0 0 0 0 0 0 0 9 0 0 0 0 0 0 4 0 0 0 0 0 0 0 0 0 0 10 0 2 0 0 0 2 1 3 0 0 0 0 0 0 0 0 0 0 0 12 0 1 0 0 0 0 1 0 0 24 13 8 21 12 23 39 52 1 37 19 0 10 15 5 20 30 22 0 0 0 0 0 0 0 0 0 0 0 0 0 0 0 0 0 0 0 0 5 16 0 0 0 0 0 0 0 0 0 0 0 0 0 0 0 0 0 0 0 0 0 14 1 0 0 0 73 0 0 0 0 0 0 0 6 0 1 1 81 2 4 1 0 0 0 0 11 0 0 0 0 0 0 0 0 0 0 0 0 14 0 0 0 0 0 9 0 0 0 0 
 1 0 1 39 80 161 0 1 2 2 4 195 1 1 0 1 2 101 5 4 120 75 94 64 106 51 197 117 117 284 97 273 123 290 0 120 48 27 41 320 1 0 0 0 0 0 0 0 0 0 0 0 0 3 203 32 2 0 0 0 0 0 1 8 1 3 0 2 0 0 0 0 0 0 3 0 0 3 0 0 0 0 0 0 0 12 0 0 0 0 0 0 0 0 0 0 0 10 0 0 43 25 20 21 0 0 0 0 0 21 12 24 19 1 12 1 13 0 54 25 0 0 0 0 0 0 0 0 0 0 0 0 0 0 0 0 0 0 0 0 0 1 0 0 28 0 0 0 0 0 3 0 0 0 0 0 0 6 0 0 0 0 0 0 27 9 0 0 3 0 0 0 0 0 0 0 0 0 0 2 26 0 9 58 33 24 9 35 13 13 0 0 34 0 11 32 31 13 8 0 0 0 0 0 0 0 0 0 0 0 0 0 0 0 2 16 0 0 0 0 0 0 9 0 0 0 0 0 0 0 0 2 0 0 0 0 0 0 0 0 0 0 0 0 0 0 1 0 41 0 0 0 0 0 20 0 4 1 0 2 2 2 1 0 0 0 40 0 0 0 0 0 0 0 0 0 13 0 0 0 0 0 0 0 0 0 10 0 0 0 
 0 0 0 0 12 73 1 0 0 0 0 2 0 0 0 0 2 0 0 3 119 270 150 34 113 101 43 131 62 213 135 350 53 176 120 0 124 135 97 149 26 0 0 0 0 2 0 3 0 3 0 5 6 3 0 0 2 2 0 0 9 0 2 3 0 3 2 51 0 1 0 0 1 0 3 3 3 3 0 2 0 0 0 0 0 0 0 0 0 0 0 1 0 0 0 0 0 0 0 0 14 37 9 10 20 3 0 13 37 19 26 25 0 0 1 9 16 0 13 11 22 0 10 0 0 0 21 3 0 0 0 0 1 0 0 0 0 0 1 22 0 0 0 0 0 0 0 0 0 0 0 0 0 0 0 0 0 6 0 0 1 0 0 0 13 0 0 0 0 0 0 12 0 13 0 0 0 0 0 0 10 0 22 19 15 29 1 30 0 8 0 48 0 0 9 0 10 32 0 0 16 0 1 0 0 0 0 2 0 0 0 0 11 1 0 0 11 0 10 49 1 0 0 0 0 0 0 0 0 0 10 0 0 0 0 0 0 0 0 0 0 0 15 0 0 1 0 0 0 0 0 0 0 0 3 0 2 81 0 0 0 0 11 0 0 1 0 0 0 0 0 0 0 0 0 0 0 0 0 0 0 17 0 0 0 0 0 0 0 0 
 0 0 0 0 0 0 0 0 0 3 0 0 0 0 0 0 0 0 0 0 41 262 274 202 48 129 288 34 57 361 243 430 63 103 48 124 0 187 21 58 2 0 0 0 0 0 4 64 0 0 0 0 0 3 0 1 4 0 0 2 0 2 0 3 0 3 0 2 0 0 0 0 0 0 3 0 0 0 0 0 0 0 0 0 1 0 8 0 0 0 0 0 0 0 8 0 0 0 0 0 25 1 21 16 17 13 0 21 23 27 14 45 6 7 30 12 25 11 12 12 0 0 0 0 0 0 12 0 0 0 0 0 0 0 0 0 0 0 0 0 0 0 0 0 0 0 0 0 0 0 25 0 0 0 0 3 0 3 0 0 0 0 0 0 0 0 0 0 0 0 0 0 0 0 0 0 0 0 0 0 0 12 23 0 0 10 6 25 10 0 17 9 0 1 19 0 0 34 3 2 0 0 0 0 0 0 0 0 0 2 0 0 3 0 0 2 0 0 7 13 0 0 0 0 0 0 0 0 0 0 0 14 0 0 0 2 0 0 0 0 0 0 0 0 0 0 0 0 0 0 0 1 0 0 3 0 2 256 72 1 0 0 0 0 0 0 0 0 0 0 0 0 0 0 0 0 0 0 0 0 0 9 0 0 0 0 0 0 0 0 
 0 0 0 0 73 2 74 74 0 4 0 0 0 2 0 0 2 0 0 0 474 313 47 115 110 223 39 267 116 61 134 592 53 81 27 135 187 0 25 28 11 1 3 0 0 0 0 0 0 0 0 0 1 3 63 0 5 2 63 1 0 0 0 47 4 3 0 5 0 0 0 1 0 0 3 0 0 0 0 0 0 0 0 0 0 0 0 0 9 18 0 0 0 0 0 0 2 0 0 0 0 27 20 12 17 1 0 12 44 27 16 13 0 0 0 9 16 0 0 0 0 0 0 0 0 0 18 0 0 0 22 0 25 18 0 0 10 0 13 0 0 2 7 0 0 0 0 0 4 0 0 8 0 21 0 0 0 0 0 0 0 0 0 0 2 0 0 0 0 0 0 0 0 0 0 0 0 0 0 0 0 0 0 30 4 31 4 11 0 0 19 41 0 16 8 1 35 11 0 0 17 0 1 0 0 0 8 0 0 0 0 0 36 1 0 21 0 0 4 27 0 0 0 1 0 1 0 0 0 0 0 0 0 0 0 0 0 0 2 0 0 0 12 0 0 0 0 0 0 0 0 0 0 0 12 0 0 99 75 0 1 0 0 0 0 0 0 0 0 0 0 0 0 0 0 0 0 0 0 15 0 8 0 0 0 34 0 0 0 0 
 0 0 2 2 182 169 0 0 12 2 5 139 0 0 1 18 79 80 0 0 327 116 85 45 53 27 175 77 139 82 39 182 207 234 41 97 21 25 0 229 0 0 0 1 2 0 2 0 0 0 0 0 0 3 2 0 2 3 0 0 2 0 0 3 1 3 1 2 0 4 1 2 2 2 3 0 0 2 0 2 1 0 13 8 9 0 0 0 1 0 12 0 0 1 0 0 0 0 0 0 25 51 0 1 0 0 24 24 17 1 21 0 10 20 11 17 0 28 17 17 0 0 0 0 0 0 0 0 0 0 0 0 0 0 0 0 0 0 12 0 0 0 0 0 0 0 0 0 0 0 0 0 0 0 0 0 0 0 0 0 0 3 6 12 19 0 0 0 0 20 33 18 0 0 0 0 10 0 2 0 26 20 12 22 0 0 18 21 7 29 11 0 7 16 46 8 2 2 21 44 0 0 2 0 0 0 1 0 0 0 0 0 0 0 0 0 0 0 0 0 0 0 0 0 1 0 0 0 0 0 0 0 0 0 0 0 0 0 0 0 0 0 0 0 0 0 1 0 0 0 0 0 0 0 9 2 1 0 1 0 0 0 0 0 0 0 0 0 0 0 0 0 0 0 0 11 0 0 0 0 0 0 0 0 0 0 0 0 0 0 
 3 3 3 4 152 96 3 3 77 78 3 128 3 3 3 37 79 4 3 3 56 41 423 63 83 323 178 230 63 147 217 32 60 223 320 149 58 28 229 0 2 0 0 3 0 3 0 0 0 0 0 0 1 5 4 64 5 43 0 0 0 0 0 3 0 3 2 2 0 0 0 0 0 0 3 2 0 2 0 0 0 0 0 17 1 37 0 0 0 0 0 0 0 0 0 5 0 0 0 0 22 23 13 56 0 1 13 0 13 11 18 24 39 27 26 13 15 10 36 44 0 0 0 0 0 0 0 0 0 0 0 0 0 0 0 0 0 0 0 0 0 0 0 0 0 0 0 0 0 0 5 0 0 0 0 0 0 1 4 0 0 0 0 0 7 6 59 0 2 0 0 9 0 0 0 19 0 17 0 0 32 0 11 13 2 1 0 50 0 67 3 0 24 11 29 11 49 4 14 0 0 0 0 0 8 0 0 24 0 0 0 0 0 0 0 10 0 0 0 0 0 0 0 0 0 0 12 0 0 0 0 0 0 0 0 0 0 0 0 0 0 0 0 0 0 0 1 0 0 0 0 2 0 0 6 0 0 85 0 0 17 0 15 0 0 0 12 0 0 0 0 0 0 0 0 0 0 0 0 0 0 0 0 0 0 0 0 0 0 0 
 3 4 3 3 3 5 4 3 3 0 5 5 4 5 5 4 1 5 3 3 1 1 6 1 1 1 2 1 2 21 9 1 4 62 1 26 2 11 0 2 0 189 115 172 84 165 96 393 206 116 145 106 45 45 95 99 257 66 267 41 3 0 0 0 2 0 3 0 0 0 2 0 0 0 0 0 5 0 6 1 0 0 0 0 0 0 0 0 0 0 0 0 0 0 0 0 0 0 0 0 0 0 0 7 4 0 0 7 3 44 0 5 0 0 0 0 0 0 0 0 0 6 19 6 21 10 9 38 0 19 43 11 1 8 0 15 29 0 0 0 0 0 0 0 0 1 0 0 14 0 0 0 3 0 0 0 0 0 7 0 0 0 0 0 0 0 0 0 0 0 2 0 0 11 1 0 0 0 0 0 0 0 0 0 1 7 0 0 0 0 0 11 0 0 0 0 15 0 0 0 15 18 7 0 0 0 0 33 0 0 0 33 4 5 6 0 11 9 6 0 0 0 0 0 0 0 0 0 0 0 0 0 10 0 0 0 0 0 0 1 0 0 3 0 0 0 0 0 0 2 0 13 0 2 0 0 0 1 0 13 0 0 11 1 3 0 2 0 2 6 0 0 0 0 0 0 0 0 0 0 0 4 0 0 1 0 0 0 0 0 
 0 0 0 0 2 0 0 0 0 0 0 0 0 0 0 0 0 0 0 0 0 0 0 0 63 0 0 0 0 0 0 0 0 0 0 0 0 1 0 0 189 0 147 46 99 109 72 84 58 298 58 116 99 119 59 230 88 159 104 97 0 0 0 0 0 0 0 0 0 0 2 28 0 0 0 0 0 0 1 0 0 15 0 0 0 0 0 0 0 0 0 0 13 0 0 0 0 0 0 0 0 0 0 0 0 0 0 0 0 0 0 0 0 0 0 0 0 0 0 0 0 14 10 10 57 36 0 37 14 26 42 33 0 12 0 42 16 1 18 0 0 6 0 0 0 0 0 0 0 0 0 0 6 14 0 0 0 0 10 9 0 0 0 0 0 0 0 0 0 0 7 0 0 0 0 0 0 0 0 0 0 0 0 0 0 0 0 0 0 0 0 0 13 0 0 0 0 0 0 0 13 23 39 0 0 1 0 17 18 22 41 17 15 0 0 0 0 23 0 0 0 0 0 0 0 0 1 7 0 0 0 0 33 0 11 0 7 15 7 2 0 0 10 0 0 0 0 0 0 0 0 4 0 0 0 0 0 0 0 27 0 0 2 1 1 2 0 0 1 0 0 0 0 0 0 0 0 0 0 0 0 0 0 0 17 16 0 0 1 0 
 0 0 0 0 0 0 0 0 0 0 0 35 0 0 0 0 2 0 0 0 0 0 0 0 56 0 0 0 0 0 0 1 0 0 0 0 0 3 0 0 115 147 0 186 43 93 164 316 61 124 41 48 56 92 111 113 103 111 177 45 0 0 0 5 0 0 0 8 0 0 0 0 0 0 0 0 0 0 0 18 0 0 0 0 0 0 0 0 0 0 0 0 0 0 0 0 0 0 0 0 0 0 0 0 3 18 0 0 0 0 0 0 0 0 0 0 0 0 0 0 40 20 0 79 0 0 0 0 53 10 14 0 7 0 24 0 9 17 0 11 0 0 0 0 0 0 0 0 0 0 0 0 0 0 0 0 0 0 0 0 0 0 0 0 0 0 0 0 0 0 0 0 0 5 0 0 10 0 0 0 0 0 0 0 16 0 0 0 0 0 0 0 0 0 0 0 0 9 0 0 17 11 5 0 0 12 7 9 7 33 8 22 29 0 19 2 16 32 10 0 0 0 0 4 0 0 10 0 0 0 0 0 0 0 0 0 0 0 0 0 0 0 0 0 0 0 0 0 0 0 0 13 0 0 0 0 0 0 0 4 0 0 67 0 15 0 0 0 2 0 0 0 0 0 0 0 0 0 0 0 0 0 0 0 8 13 0 0 2 1 
 0 0 0 0 0 0 0 0 0 0 0 0 0 0 0 0 3 0 0 0 0 0 0 85 7 0 0 0 0 2 0 3 0 0 0 0 0 0 1 3 172 46 186 0 127 35 85 189 109 300 198 134 84 157 58 224 398 76 61 59 0 2 0 2 0 1 27 1 1 3 0 1 3 1 0 211 0 5 1 52 0 0 0 0 0 0 0 0 0 0 0 0 20 0 0 0 0 0 0 0 0 14 0 0 0 1 0 0 10 0 0 10 0 0 0 0 0 0 0 0 21 0 5 47 9 0 0 2 1 42 17 0 3 1 20 10 17 0 9 0 0 0 0 1 0 0 0 0 0 0 0 0 0 1 0 0 0 0 0 0 2 0 0 0 0 0 5 0 0 0 0 0 0 0 0 41 0 0 1 0 0 0 0 0 33 0 15 0 0 0 0 0 0 0 0 0 0 0 0 0 27 5 1 14 1 6 0 22 6 26 7 41 0 0 5 0 11 4 0 8 9 0 0 10 0 0 2 7 13 0 0 15 0 0 10 0 0 0 18 0 0 0 0 0 0 0 1 0 0 0 0 8 0 2 0 0 1 0 0 2 0 0 3 0 2 0 0 0 0 0 0 0 0 0 0 0 0 0 0 0 0 0 0 0 0 0 0 0 0 0 
 0 0 0 0 0 0 0 0 0 0 0 0 0 0 0 0 0 0 4 1 0 0 0 0 3 2 0 2 0 0 0 11 0 0 0 0 0 0 2 0 84 99 43 127 0 64 37 159 89 138 210 109 66 71 63 98 137 271 72 71 104 50 0 0 0 1 0 0 53 0 0 0 116 51 0 24 1 0 75 17 0 0 0 0 0 0 0 0 0 0 0 0 0 0 0 0 0 0 0 0 0 0 0 0 0 3 0 0 0 0 0 0 0 0 0 0 0 0 0 0 6 0 5 4 21 0 0 0 10 10 23 0 0 4 2 0 22 0 8 1 0 0 0 14 0 0 0 0 0 0 0 22 20 34 6 7 0 0 0 2 0 0 10 1 0 0 6 0 0 13 0 0 0 20 0 0 0 0 1 0 0 0 0 0 0 0 0 0 0 0 0 0 0 0 0 0 0 0 0 0 0 0 13 0 1 0 6 23 0 0 13 23 0 0 20 9 14 0 0 4 0 8 12 24 0 0 16 32 14 0 1 2 13 0 26 0 1 40 4 12 0 0 6 0 0 0 0 0 0 0 0 1 0 0 0 0 0 0 0 1 0 0 5 0 2 3 0 0 2 0 0 0 0 0 0 0 0 0 0 0 0 0 0 0 0 0 0 0 2 0 
 0 0 0 0 0 0 0 1 0 3 0 0 0 0 0 0 0 0 2 5 0 0 0 0 0 0 0 1 0 0 29 2 0 0 0 2 0 0 0 3 165 109 93 35 64 0 42 82 57 58 154 192 34 117 79 235 380 131 51 57 8 26 0 3 0 0 6 0 23 0 0 0 53 54 0 54 56 9 52 108 0 0 0 0 0 0 2 0 0 0 0 0 0 0 0 0 0 0 0 0 0 0 0 0 0 0 0 0 0 0 0 0 0 0 0 12 0 0 0 9 0 14 9 10 36 0 0 10 0 21 1 9 0 13 0 47 15 6 0 0 11 22 0 0 0 0 29 12 19 12 14 0 24 0 10 10 0 10 13 20 0 0 0 0 0 0 0 0 0 0 6 0 0 0 0 0 0 0 0 0 0 0 0 0 0 0 0 0 0 0 0 0 0 0 0 0 0 0 0 16 0 34 19 48 24 1 0 6 26 25 20 0 0 3 16 0 0 8 0 0 13 2 0 8 0 0 8 0 10 12 13 0 5 18 23 0 10 1 11 39 0 0 0 0 0 0 0 0 0 0 0 6 0 0 0 0 0 0 0 20 0 0 15 62 0 2 0 64 0 0 21 0 0 0 0 0 0 0 0 0 0 0 0 0 1 0 0 0 0 0 
 0 0 0 0 0 0 0 0 0 4 0 0 0 0 0 0 0 0 3 0 5 0 0 63 132 89 0 3 4 118 0 32 5 0 0 0 4 0 2 0 96 72 164 85 37 42 0 169 48 201 108 29 287 111 278 31 247 28 84 106 0 0 0 0 46 0 0 0 0 0 6 0 0 0 2 0 0 0 0 0 0 0 0 0 0 0 0 0 0 0 0 0 0 0 0 0 0 0 0 0 0 0 5 17 9 1 0 9 0 0 0 0 0 0 0 5 8 0 0 0 11 1 0 11 0 1 10 9 3 0 0 1 34 28 36 33 14 25 15 11 4 0 0 0 13 0 0 4 0 0 0 0 0 0 0 0 0 0 0 6 0 0 0 0 0 0 0 0 0 0 0 0 0 8 0 0 0 0 0 0 0 1 9 13 0 0 0 0 0 28 9 18 0 0 0 0 0 8 0 0 38 0 12 0 0 27 28 22 24 2 0 34 0 8 9 5 0 7 41 0 0 0 0 0 0 0 0 0 0 0 0 0 0 0 0 0 0 0 0 0 0 0 0 0 0 0 0 0 0 0 0 8 0 1 0 0 0 0 22 0 0 11 0 0 1 16 0 0 0 0 0 0 0 0 0 0 0 0 0 0 0 0 0 0 0 0 0 0 0 0 
 0 0 0 0 0 0 0 0 0 0 0 0 0 9 34 0 2 0 0 0 0 0 0 63 22 63 0 0 0 0 2 29 2 5 0 3 64 0 0 0 393 84 316 189 159 82 169 0 93 50 33 101 89 147 209 140 94 294 123 51 0 0 0 9 0 0 5 0 0 4 0 0 52 0 0 0 0 0 0 54 0 0 0 0 0 19 1 0 0 0 0 0 0 0 0 0 0 0 0 0 0 0 0 0 0 30 0 0 0 0 0 0 0 0 0 0 0 0 0 0 16 1 0 22 9 0 8 0 11 22 5 0 23 9 35 41 0 38 0 20 0 1 2 0 0 0 0 0 0 0 0 0 5 0 0 0 0 0 1 1 0 0 0 0 0 0 5 0 0 0 0 0 0 7 0 0 0 13 0 0 7 0 1 0 4 0 0 0 0 13 0 14 0 0 0 0 0 0 0 0 14 21 20 4 0 3 22 1 0 28 11 19 10 7 26 4 16 28 0 0 0 20 0 0 0 0 2 0 0 0 0 0 0 0 0 0 0 0 0 8 0 0 0 0 0 0 0 0 0 0 0 3 0 1 0 0 0 0 0 1 0 0 2 0 0 4 2 0 0 0 0 0 0 0 0 0 0 0 0 0 0 0 0 0 1 0 0 0 0 0 
 1 4 2 2 2 2 2 3 3 2 3 2 3 4 2 1 0 3 2 3 0 0 0 0 0 35 0 0 0 21 4 0 0 0 0 0 0 0 0 0 206 58 61 109 89 57 48 93 0 200 266 28 112 86 100 28 308 37 119 119 0 3 0 1 0 2 1 0 2 2 0 2 0 2 2 3 4 0 69 0 0 0 0 0 0 0 0 0 0 0 0 0 0 0 0 0 0 0 0 0 11 0 0 0 0 0 0 11 0 0 0 0 0 0 0 0 0 7 0 0 31 13 19 11 20 21 13 0 18 11 0 23 0 0 11 0 0 25 0 4 28 0 20 0 0 5 2 0 0 0 0 0 0 6 51 0 0 0 8 27 0 0 0 0 0 14 0 0 0 0 3 0 1 0 0 1 0 0 2 0 0 0 0 0 0 0 0 0 0 0 0 0 0 0 0 0 0 0 0 0 7 0 2 16 33 17 1 8 8 2 28 27 0 43 0 1 19 2 2 0 1 0 1 0 9 0 0 0 0 13 0 0 15 10 21 0 0 0 0 0 0 0 0 0 0 0 0 0 0 0 0 6 0 2 0 1 0 0 0 2 0 0 0 1 0 2 0 0 1 0 28 0 0 0 0 0 0 0 0 0 0 0 2 0 12 0 0 0 0 0 
 62 0 0 0 0 0 0 0 0 0 0 0 0 0 3 0 0 0 0 3 0 0 3 0 0 0 0 0 0 1 3 0 3 0 0 3 0 0 0 0 116 298 124 300 138 58 201 50 200 0 116 52 44 107 82 93 71 74 172 105 60 5 3 7 0 0 0 0 0 0 0 4 54 6 3 7 6 0 5 0 0 0 0 0 0 0 0 0 0 0 0 0 0 0 0 0 0 0 0 0 0 0 0 0 1 0 0 7 0 0 0 0 0 0 0 0 0 14 0 0 23 2 9 38 9 9 0 0 21 11 10 9 1 0 15 0 0 68 0 0 0 0 9 7 0 0 10 0 0 15 0 9 0 10 0 4 0 10 0 0 0 0 0 0 0 0 0 0 0 0 0 0 0 1 0 0 0 0 0 0 0 0 0 0 0 0 0 0 0 0 0 0 0 0 0 0 0 0 0 0 5 0 18 0 46 39 1 9 6 0 10 1 0 0 14 0 1 8 1 0 0 0 10 5 3 8 18 0 0 0 11 0 19 0 9 0 0 0 1 7 0 0 1 0 0 0 0 0 0 0 0 12 0 1 0 0 0 0 0 0 0 0 69 0 0 13 8 0 0 0 6 0 0 0 0 5 0 0 0 0 0 3 0 0 0 0 0 0 0 0 
 0 0 0 0 0 0 0 0 0 0 0 0 0 0 0 0 0 0 0 0 0 0 3 0 2 64 0 0 0 0 2 2 1 0 0 0 0 0 0 0 145 58 41 198 210 154 108 33 266 116 0 129 160 44 136 102 99 76 145 64 1 0 6 7 0 3 3 0 1 0 6 1 0 0 0 9 6 0 1 0 0 0 0 24 0 0 0 0 0 0 0 0 0 0 0 0 0 0 0 0 0 0 0 0 0 0 0 0 0 0 0 0 0 0 0 0 0 0 0 0 0 14 15 7 34 40 0 0 0 18 21 60 0 13 0 31 14 0 0 0 0 3 14 0 3 1 26 0 0 0 0 0 0 27 0 10 0 0 23 10 0 0 0 0 0 0 0 0 0 0 4 0 0 0 0 0 0 0 0 0 0 0 0 0 0 0 0 0 0 0 0 0 0 0 0 0 0 0 0 0 0 14 21 6 10 15 0 10 3 1 13 22 0 45 10 0 0 0 0 0 0 0 0 0 9 6 0 0 0 0 0 4 9 0 21 0 20 3 6 0 0 0 9 0 0 0 0 0 0 0 0 8 0 0 0 0 0 0 0 28 0 0 0 1 1 5 0 0 2 0 9 0 0 0 0 8 0 0 0 0 0 0 0 0 7 13 0 0 2 0 
 0 0 0 0 0 0 0 0 0 3 0 0 0 0 0 0 0 0 0 0 0 0 0 0 0 0 0 2 0 0 0 0 0 0 0 5 0 0 0 0 106 116 48 134 109 192 29 101 28 52 129 0 66 83 107 132 240 227 105 29 0 0 0 0 0 0 2 0 0 0 4 1 0 0 0 2 0 5 1 1 0 0 0 0 0 0 0 0 0 0 0 0 0 0 0 0 0 12 0 0 0 0 0 0 0 0 0 0 0 0 0 0 0 0 0 0 0 0 0 0 0 35 2 27 23 51 0 8 0 25 29 73 0 13 0 55 31 9 0 0 0 2 0 0 0 0 3 7 14 15 0 0 6 0 0 0 0 27 26 5 0 0 0 0 0 0 0 0 0 0 4 0 0 0 0 0 0 0 0 0 0 0 0 11 0 0 0 0 0 0 0 1 0 0 0 0 0 0 0 0 0 35 21 15 7 1 0 16 6 21 4 6 14 0 5 0 15 20 0 0 0 0 0 1 0 0 0 0 0 0 0 0 12 3 0 0 15 0 0 18 0 0 0 0 0 0 0 0 0 0 0 4 0 0 0 0 0 0 0 34 0 0 0 0 2 0 2 63 0 0 0 0 0 0 0 0 0 0 0 0 0 0 0 0 8 10 0 0 0 0 
 0 0 0 0 0 0 0 0 0 0 0 0 0 0 0 57 0 0 0 0 68 61 0 0 118 91 0 0 19 0 0 80 0 0 0 6 0 1 0 1 45 99 56 84 66 34 287 89 112 44 160 66 0 129 132 30 57 37 140 173 0 33 7 4 1 2 6 15 3 3 0 2 2 0 2 3 3 6 0 25 0 0 0 9 0 0 0 0 0 0 0 0 0 0 0 0 0 0 0 0 0 0 0 0 12 11 0 26 0 0 12 0 0 0 0 0 1 0 0 0 30 23 8 0 0 13 31 9 24 10 0 0 0 11 1 1 0 26 17 8 0 0 0 0 0 3 0 0 0 0 0 0 0 0 1 0 0 0 0 1 0 0 0 0 0 0 0 0 0 0 0 0 0 0 0 0 0 0 0 0 0 9 0 0 10 0 0 0 0 1 11 24 0 0 0 1 0 11 0 0 7 9 4 15 0 0 13 0 4 1 7 21 18 33 10 2 8 9 25 9 0 0 0 0 0 0 0 0 0 0 0 0 0 0 0 0 0 0 0 0 0 0 0 0 0 0 0 0 0 0 0 2 0 0 0 0 0 70 0 0 0 0 0 0 0 2 0 0 0 0 19 1 0 0 0 0 0 0 0 0 0 0 0 0 0 0 0 0 0 0 
 0 2 0 0 2 0 0 0 0 0 0 0 0 0 0 0 2 0 0 0 3 3 3 3 110 3 3 3 3 223 7 3 6 3 3 3 3 3 3 5 45 119 92 157 71 117 111 147 86 107 44 83 129 0 274 69 163 99 297 124 0 0 0 1 4 3 4 8 4 45 0 0 21 0 3 0 0 2 0 0 0 0 0 0 0 0 0 0 0 0 0 0 0 0 0 0 0 0 0 0 0 0 0 0 8 65 0 0 0 0 0 0 0 0 0 0 0 0 0 1 13 0 0 2 11 0 0 43 21 16 0 8 23 0 2 4 28 17 18 1 3 0 0 4 0 4 0 8 0 0 1 0 1 0 0 0 9 0 0 0 0 0 0 0 0 0 0 0 0 0 0 0 0 13 0 0 0 0 0 0 0 0 0 0 2 0 0 0 0 0 0 19 0 0 58 0 0 0 0 0 33 46 21 0 0 0 13 12 19 28 0 2 25 0 26 8 14 41 1 0 0 0 0 0 0 0 8 22 0 4 0 0 2 0 0 20 2 0 0 0 0 0 0 0 0 0 0 0 0 0 0 9 0 0 0 0 0 0 2 0 0 0 1 0 3 5 0 2 0 0 0 0 0 0 0 0 0 0 0 0 0 0 0 0 33 0 0 0 1 0 
 2 0 1 0 3 16 0 1 0 4 0 0 0 12 0 1 8 0 0 1 0 0 0 0 118 2 0 0 0 2 2 277 2 0 203 0 0 63 2 4 95 59 111 58 63 79 278 209 100 82 136 107 132 274 0 113 47 50 143 126 0 0 0 0 13 0 0 0 0 7 2 0 0 0 0 0 0 0 0 73 0 1 0 1 0 0 0 0 0 1 0 2 0 0 0 4 0 0 0 0 0 0 0 0 1 12 4 0 0 0 0 0 0 0 0 0 0 0 0 0 12 0 0 10 14 0 2 50 17 42 0 0 16 30 12 86 14 30 9 0 0 2 0 0 0 0 0 0 0 0 9 0 6 0 0 0 0 0 0 0 0 0 0 0 3 5 0 0 0 8 0 0 0 8 0 0 0 7 0 0 7 0 0 0 0 0 0 7 0 12 0 25 3 0 0 0 0 0 0 0 27 30 32 0 0 0 44 11 11 7 8 11 8 3 14 23 0 10 1 0 0 0 0 0 0 0 1 0 0 0 0 0 0 0 0 0 0 0 0 0 0 0 0 0 0 1 0 0 0 0 0 7 0 2 0 0 0 0 0 2 0 0 2 0 0 3 0 0 0 0 0 0 0 0 0 0 0 1 0 0 0 0 0 0 0 0 0 0 0 0 
 0 0 0 0 0 63 0 0 0 0 0 0 0 2 0 0 0 0 0 4 1 2 1 2 1 1 62 31 1 1 1 2 61 63 32 0 1 0 0 64 99 230 113 224 98 235 31 140 28 93 102 132 30 69 113 0 441 122 101 85 0 0 0 0 0 0 0 0 0 0 0 2 0 0 0 0 0 2 1 1 0 0 0 0 0 0 0 0 0 0 0 0 0 0 0 0 0 0 0 0 0 0 3 13 0 0 0 0 0 0 0 19 0 0 0 0 0 1 17 30 0 28 3 16 34 27 0 15 0 14 36 29 0 12 0 42 35 3 0 0 0 2 0 0 0 0 43 0 0 0 0 0 5 0 0 0 0 0 20 8 0 0 0 0 0 0 0 0 4 0 6 0 0 0 0 0 0 0 0 0 9 0 0 10 0 16 0 20 0 0 1 0 3 0 12 21 20 0 0 0 0 26 20 1 6 1 0 23 26 10 1 18 11 0 15 0 9 24 0 0 0 0 0 7 0 0 0 0 0 0 0 2 10 0 0 0 0 0 0 1 0 0 0 0 0 0 0 0 0 0 0 11 0 0 0 0 0 2 0 27 0 0 0 1 36 2 5 0 0 0 0 0 0 0 0 0 0 0 0 0 0 0 0 0 12 13 17 0 2 0 
 3 3 3 3 3 3 3 3 3 3 3 3 3 5 3 3 3 3 3 3 6 2 2 2 2 2 2 6 4 4 3 2 3 2 2 2 4 5 2 5 257 88 103 398 137 380 247 94 308 71 99 240 57 163 47 441 0 74 257 32 0 0 4 0 0 0 0 0 0 4 0 1 0 0 0 0 0 0 53 0 0 0 0 0 0 0 0 0 0 0 0 0 0 0 0 0 0 0 0 0 0 11 2 9 0 5 0 4 0 0 0 0 0 0 0 3 3 0 0 0 0 10 0 12 36 0 0 14 9 11 20 10 1 0 0 34 30 2 0 20 7 16 0 0 0 0 0 0 0 0 0 0 17 0 0 0 0 8 13 5 0 19 0 0 0 4 0 0 0 0 6 0 0 0 0 0 0 0 1 0 0 0 8 28 11 0 0 0 0 11 0 18 0 0 0 0 0 30 0 0 0 17 2 19 10 2 0 39 22 12 25 36 0 0 14 0 19 0 0 0 0 0 0 0 0 0 0 0 0 0 0 0 10 4 0 0 0 0 1 20 0 0 1 0 0 0 0 0 0 0 0 11 0 1 0 1 0 0 4 17 0 0 2 2 66 0 0 0 0 0 0 0 0 0 0 0 0 0 0 0 0 0 0 0 14 0 0 0 0 0 
 0 0 0 0 0 0 1 0 0 1 0 0 0 0 0 0 2 0 3 2 0 0 0 0 0 1 0 0 2 2 2 0 64 0 0 2 0 2 3 43 66 159 111 76 271 131 28 294 37 74 76 227 37 99 50 122 74 0 30 88 53 0 0 0 0 15 7 0 0 2 4 0 54 2 0 0 0 5 2 2 0 31 0 0 0 0 0 0 0 0 0 0 0 0 0 0 0 0 0 0 0 0 0 0 0 0 0 0 0 0 0 0 0 0 0 0 0 0 0 0 0 36 3 30 42 23 0 0 1 3 55 18 0 12 0 22 13 2 0 0 4 0 0 0 0 0 2 0 0 0 0 0 4 0 0 0 0 1 6 0 0 0 0 0 0 0 0 0 0 0 17 0 0 0 0 0 0 0 0 0 0 0 0 0 19 0 0 9 0 0 0 0 0 0 0 0 0 0 8 0 0 17 20 6 10 14 0 13 0 28 10 11 13 0 0 0 0 33 0 0 0 0 10 0 0 0 10 30 1 0 0 0 32 20 0 0 2 14 1 29 0 0 0 0 0 0 1 0 0 0 0 5 0 0 0 0 1 0 0 21 0 1 67 0 65 1 0 3 0 0 0 0 0 0 0 0 0 0 0 0 0 2 0 0 12 3 0 0 0 0 
 4 3 3 3 3 3 3 3 3 3 3 3 3 4 3 3 3 3 3 3 0 0 0 0 126 29 0 0 0 0 0 0 0 0 0 0 0 63 0 0 267 104 177 61 72 51 84 123 119 172 145 105 140 297 143 101 257 30 0 302 1 6 2 0 10 0 0 0 0 14 0 0 0 6 0 10 2 0 0 0 0 0 0 0 0 0 0 0 0 0 0 0 0 0 0 0 0 0 0 0 0 0 0 0 1 0 0 0 0 0 0 0 0 0 0 0 0 0 0 0 11 27 7 43 0 21 10 0 14 1 2 1 64 2 8 0 17 34 1 0 0 0 0 7 0 3 0 0 0 14 9 10 0 0 0 3 0 10 0 0 0 0 0 0 0 0 0 0 0 0 0 0 0 6 0 0 0 0 0 0 0 0 0 0 0 0 0 0 0 0 0 11 0 0 0 0 0 0 0 0 17 31 0 10 0 0 33 18 0 19 0 24 21 15 0 11 8 21 7 0 0 0 0 4 2 7 0 0 0 0 12 0 0 0 10 0 0 1 0 0 0 0 0 0 0 0 0 0 0 0 0 17 0 0 0 0 0 0 0 0 0 0 0 0 72 18 5 0 1 0 21 0 0 0 0 6 0 0 0 0 0 0 0 0 3 0 0 0 1 0 
 0 0 0 0 0 0 0 0 0 0 0 0 0 3 0 0 2 0 0 0 0 1 0 0 63 63 0 2 0 0 0 2 0 1 0 0 2 1 0 0 41 97 45 59 71 57 106 51 119 105 64 29 173 124 126 85 32 88 302 0 2 1 0 3 0 0 0 0 0 3 0 0 6 11 4 0 2 0 6 0 20 0 0 0 0 0 0 0 0 12 0 0 0 0 1 0 0 0 1 0 14 0 0 0 0 0 0 0 0 0 0 0 0 0 0 0 0 0 0 0 30 17 12 10 0 40 12 10 37 0 13 10 0 0 7 0 0 52 22 1 0 3 0 1 0 8 0 6 0 1 5 1 0 0 0 0 0 0 0 4 0 0 0 0 0 0 0 0 0 0 0 0 17 0 0 0 0 0 0 11 0 0 0 0 0 0 0 0 0 0 0 0 0 0 0 0 0 0 0 0 9 6 9 1 10 0 2 7 27 14 0 35 9 33 1 0 3 5 10 0 7 0 0 0 0 0 0 0 4 0 0 0 4 4 1 0 0 52 0 0 0 0 0 0 0 0 0 0 0 0 0 11 0 1 0 0 0 0 0 0 0 0 0 0 1 9 1 2 0 0 1 0 0 0 0 0 0 0 0 0 0 0 0 0 8 0 0 2 2 0 
 0 0 0 0 0 0 0 0 0 2 5 0 0 0 0 0 0 0 0 0 0 50 0 0 0 0 0 2 0 0 5 0 0 0 0 9 0 0 2 0 3 0 0 0 104 8 0 0 0 60 1 0 0 0 0 0 0 53 1 2 0 202 141 60 35 31 158 345 31 45 33 249 430 153 158 143 32 26 478 109 0 0 0 0 0 0 0 0 0 0 0 0 0 0 0 0 0 0 0 0 0 0 0 0 0 0 0 0 0 0 0 0 0 0 0 0 0 0 0 0 0 0 0 0 0 0 0 0 0 0 0 9 0 0 0 0 0 0 0 5 0 12 0 18 8 0 9 6 5 25 12 22 15 3 15 11 0 3 4 0 0 0 2 0 0 0 0 0 0 0 0 0 0 0 0 0 0 0 0 0 0 0 0 0 0 0 0 0 0 0 0 0 0 0 0 0 0 0 0 0 0 0 0 10 17 1 0 0 0 0 0 0 0 0 0 0 0 0 0 0 8 8 13 12 1 8 8 0 12 9 27 11 10 4 23 2 1 15 0 12 0 0 0 0 0 0 0 0 0 0 0 0 0 54 2 0 0 0 0 0 0 0 3 0 0 0 8 4 0 0 10 1 52 0 2 2 0 0 0 0 0 0 0 0 0 0 0 0 0 0 
