 0 387 473 347 64 29 299 191 137 457 56 57 151 61 148 130 121 267 425 141 1 0 2 0 3 0 2 0 0 0 0 5 2 0 0 0 3 0 2 1 3 3 0 3 0 3 0 6 3 0 2 0 0 2 8 3 3 0 3 1 2 0 1 3 0 0 0 1 0 0 0 0 0 0 3 1 0 0 0 2 48 23 0 10 0 4 26 10 13 12 14 0 21 25 28 9 59 13 20 0 0 0 0 0 0 0 0 0 32 12 0 0 0 0 0 0 0 0 0 0 0 0 0 0 0 0 0 0 0 0 0 0 0 13 0 0 0 0 0 0 0 0 2 0 0 0 0 31 0 0 0 0 0 0 0 0 0 0 1 0 9 25 0 25 0 0 7 8 26 29 0 26 16 15 6 10 24 9 13 0 0 0 0 8 0 0 15 0 0 2 1 0 0 0 2 0 0 10 0 4 17 0 0 0 0 0 0 0 0 0 0 6 0 0 0 0 0 0 0 0 0 0 2 1 0 0 0 0 0 0 0 0 0 0 0 0 0 0 0 0 0 0 0 0 0 0 0 0 0 2 0 6 13 0 0 0 0 0 0 0 0 0 0 0 0 0 0 0 0 0 0 0 0 0 0 10 0 0 0 0 0 0 0 0 0 0 0 0 0 0 
 387 0 86 177 55 122 285 169 401 208 419 116 39 58 202 206 88 108 29 132 1 0 0 2 3 0 4 0 3 0 0 3 2 0 0 0 8 0 65 0 3 3 0 0 0 3 0 3 3 2 2 2 0 0 0 3 3 5 0 3 0 1 1 3 0 0 0 1 3 0 2 1 2 0 0 2 0 1 0 0 3 20 25 25 1 7 20 16 30 29 27 16 25 0 15 0 0 18 0 0 18 10 0 0 0 0 0 0 0 0 0 0 0 0 0 0 0 0 24 0 0 0 0 0 0 0 0 0 0 0 0 0 0 0 0 0 0 0 0 0 0 3 1 0 0 0 0 0 0 0 0 0 0 11 0 0 0 0 2 0 10 5 25 0 0 17 0 16 0 15 15 11 0 2 12 13 20 24 2 0 0 0 0 3 1 0 14 1 0 0 0 0 29 0 1 0 0 0 27 22 0 0 0 0 0 0 0 0 0 0 0 0 0 0 0 0 0 0 0 1 0 0 0 0 0 0 0 0 0 0 0 0 0 0 0 0 0 0 0 0 0 0 0 0 0 1 87 0 0 1 0 9 12 0 0 2 0 0 0 0 0 0 9 0 0 0 0 0 0 0 0 0 0 0 0 1 5 0 0 0 0 0 0 0 0 0 0 0 0 0 
 473 86 0 302 49 43 234 166 391 366 146 43 363 287 228 136 36 576 36 470 0 2 1 0 3 0 2 0 0 95 0 3 0 0 7 0 4 0 2 2 3 2 2 0 0 3 60 3 2 0 2 0 0 0 4 3 3 2 0 0 0 0 0 0 0 0 0 6 0 0 0 0 0 0 0 1 0 0 0 0 5 37 14 66 0 26 12 15 29 39 0 27 0 38 1 22 12 13 0 52 1 0 0 0 0 0 0 0 0 0 0 0 6 0 0 0 0 0 0 0 0 0 0 0 0 0 0 0 0 0 0 0 0 0 0 0 0 0 0 0 0 7 0 0 0 0 0 0 0 0 0 0 0 2 19 0 0 0 0 0 21 12 10 29 0 9 29 40 39 32 0 45 18 8 0 0 10 12 16 14 0 0 0 0 0 0 0 0 0 0 0 0 0 0 0 2 0 0 3 20 0 0 0 0 0 0 0 0 0 0 0 0 0 0 0 0 0 0 0 0 0 0 0 0 0 0 38 0 0 0 1 0 0 0 0 0 0 0 0 0 0 0 14 0 0 8 9 0 0 48 1 4 0 0 0 0 0 0 0 0 0 0 0 0 0 0 0 0 0 0 0 0 0 0 0 0 21 2 0 0 0 0 0 0 0 0 0 0 0 0 
 347 177 302 0 349 102 90 85 115 233 151 277 103 165 50 287 145 189 299 386 63 0 0 0 126 0 2 75 0 0 0 3 77 0 0 0 7 0 77 1 3 2 1 2 5 3 0 3 6 0 2 0 0 0 0 21 3 1 0 0 0 4 0 1 0 7 0 0 0 0 0 0 0 0 0 6 0 0 0 0 0 16 10 14 0 0 30 0 0 9 30 30 0 0 16 45 0 18 0 11 0 0 0 3 0 0 0 0 0 37 0 18 12 0 6 0 0 0 1 14 0 0 11 0 0 0 0 0 0 0 0 0 0 0 0 0 0 0 0 0 0 9 0 0 0 0 0 0 0 0 0 0 0 0 32 0 0 0 0 0 0 0 50 10 20 7 0 19 0 9 19 0 0 16 1 0 25 24 11 13 0 0 2 0 0 0 14 13 17 2 3 0 21 0 16 0 0 0 87 0 0 0 0 0 0 0 0 0 7 0 0 0 0 0 0 0 0 0 0 0 0 0 2 1 0 0 0 0 0 0 0 0 0 0 0 0 0 0 0 0 0 14 0 0 0 2 90 0 6 139 16 10 0 0 0 0 0 0 0 0 0 0 0 0 0 0 0 0 0 0 0 0 0 0 0 0 35 0 0 0 0 0 0 0 0 0 0 0 0 0 
 64 55 49 349 0 159 204 64 249 274 256 290 164 223 248 181 129 140 58 178 91 1 0 1 3 3 79 27 89 1 215 4 62 153 0 74 13 80 79 0 6 3 3 0 4 3 0 5 2 5 2 3 0 0 3 3 3 2 0 2 0 11 0 0 0 3 0 0 0 0 0 0 0 1 0 2 3 0 0 0 0 65 30 0 0 36 0 9 20 28 0 54 0 0 0 12 0 30 0 2 12 0 11 18 0 0 0 0 0 14 2 0 12 15 26 0 16 1 14 15 0 0 1 0 0 2 0 0 0 0 0 2 0 0 0 0 0 0 0 0 0 6 0 0 0 0 2 0 0 0 0 0 0 0 7 0 0 0 0 0 0 0 3 0 0 22 15 0 0 18 33 1 0 7 0 0 3 0 0 21 0 13 0 9 0 0 17 0 10 0 14 0 89 11 13 0 38 0 20 15 0 0 0 0 2 0 0 0 0 0 0 0 0 0 9 0 1 0 1 0 0 0 0 0 0 0 0 0 0 12 0 0 0 0 0 0 0 0 0 0 0 0 0 0 0 2 9 0 90 88 14 5 0 0 0 0 0 0 0 0 0 0 0 0 16 0 0 0 0 0 0 0 0 0 0 0 0 0 0 0 0 0 0 0 0 0 0 0 0 0 
 29 122 43 102 159 0 38 335 169 131 79 260 48 46 50 176 130 155 45 43 76 0 7 8 4 0 196 75 80 72 0 3 1 40 0 0 7 0 28 77 3 65 1 0 1 3 0 3 1 4 2 4 0 0 2 3 3 4 0 0 0 0 0 0 0 0 0 0 0 0 4 2 0 0 0 0 0 0 0 0 0 0 0 12 56 15 0 0 2 0 16 1 0 0 0 0 7 1 0 0 26 0 16 8 0 0 33 21 0 14 0 7 14 23 19 25 0 48 44 8 0 0 0 0 0 0 0 2 0 0 0 0 0 0 0 0 0 0 0 0 0 0 0 3 0 6 0 0 0 0 0 0 0 0 0 0 1 0 0 0 0 0 15 5 26 0 0 0 19 0 15 0 0 0 0 22 0 0 0 0 12 0 0 2 0 0 16 10 5 11 14 1 9 23 1 34 46 1 0 17 0 0 2 0 0 1 0 0 0 0 1 0 0 0 0 0 0 0 0 0 0 0 0 0 0 0 0 0 0 0 0 0 0 0 0 0 0 0 0 0 0 4 0 0 0 10 51 1 3 5 0 15 0 2 0 0 0 0 0 0 0 0 2 0 0 0 0 0 0 0 0 0 0 0 0 1 0 11 0 0 0 0 0 0 0 12 0 0 0 0 
 299 285 234 90 204 38 0 198 535 112 288 37 210 365 26 18 102 138 159 225 0 2 0 0 3 2 2 0 0 0 0 3 0 0 0 1 4 0 2 1 3 68 2 0 0 3 0 3 2 0 2 0 0 0 2 3 3 0 0 0 6 0 0 0 0 0 0 0 51 0 0 0 0 0 0 0 0 0 0 0 38 0 45 0 0 0 30 11 44 30 0 0 13 10 0 0 1 5 0 0 0 0 0 0 0 1 0 0 1 0 0 0 0 0 0 0 0 0 19 0 0 0 0 0 2 0 0 0 0 0 0 0 0 0 0 0 0 0 0 0 0 0 0 0 0 0 0 19 0 0 0 0 0 0 0 0 0 0 0 0 15 21 0 13 0 13 1 20 15 0 0 0 0 18 19 0 0 0 0 26 0 2 0 8 0 1 0 0 0 0 0 0 27 0 0 11 0 0 10 9 0 0 0 0 0 0 31 0 0 0 0 0 0 0 0 0 0 0 0 0 0 0 0 0 0 0 0 0 0 0 0 0 22 0 0 0 0 0 0 13 0 0 0 0 0 1 0 0 1 93 0 5 0 0 0 0 0 0 0 0 0 0 0 0 0 0 0 0 0 0 0 0 0 0 0 0 0 0 0 0 0 0 0 0 0 0 0 0 0 0 
 191 169 166 85 64 335 198 0 146 57 36 58 550 200 277 170 49 135 48 133 0 82 0 37 3 3 2 0 0 0 0 6 0 2 0 0 4 0 164 0 3 3 2 0 0 3 0 3 3 0 2 0 0 0 0 3 3 2 1 0 33 0 0 2 0 0 0 0 0 0 5 0 3 0 0 0 0 45 0 0 10 9 20 14 0 56 0 0 20 0 58 4 32 42 13 34 26 0 25 0 0 1 0 0 0 0 0 19 0 0 0 0 0 0 0 23 20 0 10 0 0 0 0 0 0 0 0 0 0 0 1 0 0 0 0 2 0 0 0 0 0 0 0 11 0 7 0 0 0 0 0 0 0 1 0 0 0 0 0 0 24 10 14 46 0 21 32 36 24 18 10 19 16 0 34 0 14 0 11 12 0 0 0 0 23 0 11 2 0 0 0 0 0 0 0 0 0 0 0 0 0 0 0 0 0 0 0 0 0 0 0 0 0 1 0 0 13 0 0 0 0 0 0 1 13 0 0 0 0 0 0 0 0 0 0 0 0 0 0 0 0 0 0 0 0 2 3 0 0 1 0 11 24 0 0 0 0 0 0 0 0 0 0 0 0 0 0 0 0 0 0 0 0 0 0 0 1 6 0 0 0 0 0 0 0 0 0 0 0 0 
 137 401 391 115 249 169 535 146 0 84 272 34 58 289 273 243 103 258 68 60 0 0 0 0 8 0 2 3 0 1 0 3 0 2 0 0 4 0 2 0 3 2 0 2 3 3 2 3 3 0 2 0 0 3 0 5 3 3 0 0 1 0 2 0 0 0 0 3 0 0 0 0 0 0 0 0 0 0 0 1 39 0 26 43 0 2 14 19 38 25 0 0 18 28 33 16 1 37 0 8 1 0 0 0 0 0 0 0 0 0 10 8 0 0 0 0 0 0 10 0 0 4 0 0 0 0 0 0 0 0 0 0 0 0 0 0 0 0 0 0 0 0 0 0 0 0 0 0 0 0 0 0 0 0 0 0 0 0 0 0 26 0 0 26 0 0 17 40 30 1 0 34 18 11 11 9 12 17 0 0 1 0 0 4 0 0 0 0 0 0 0 0 10 0 0 0 0 0 14 20 0 0 0 0 0 0 0 0 0 0 0 0 0 0 0 0 0 0 0 0 0 0 0 0 0 0 0 0 0 0 0 0 0 0 0 0 0 0 0 0 0 0 0 0 0 2 0 0 2 1 1 17 0 0 2 0 0 0 0 0 0 0 0 0 0 0 0 0 0 0 0 0 0 0 0 10 0 0 0 0 0 0 0 0 0 0 0 0 0 0 
 457 208 366 233 274 131 112 57 84 0 156 205 103 69 405 88 215 148 311 108 72 0 0 0 3 0 2 0 0 0 0 3 152 0 2 0 3 0 80 75 3 2 2 0 0 3 0 2 0 61 2 0 0 0 0 3 3 1 0 0 0 27 0 0 0 3 0 0 0 0 0 0 0 0 0 0 0 0 0 0 0 19 10 10 5 7 21 0 10 10 19 12 0 0 15 66 0 18 0 2 0 2 0 10 0 0 0 0 0 0 2 0 12 1 7 0 0 0 12 28 0 0 0 0 0 1 0 0 0 0 0 2 0 0 0 0 0 0 0 0 0 8 0 0 0 0 0 0 0 0 0 0 0 0 33 0 0 0 0 0 5 0 36 0 15 0 0 23 0 25 48 5 0 14 0 15 25 46 0 13 14 0 0 0 0 0 0 10 2 0 10 0 9 11 0 0 0 0 27 25 0 11 0 0 2 0 0 0 0 0 0 13 0 0 0 0 1 0 1 0 0 15 0 0 0 0 0 0 0 0 0 0 0 0 0 0 0 0 0 0 0 0 0 0 0 2 175 0 5 90 14 22 0 0 0 0 0 0 0 0 0 0 10 0 0 0 0 0 0 0 0 0 0 0 0 0 27 0 0 0 0 0 0 0 0 0 0 0 0 0 
 56 419 146 151 256 79 288 36 272 156 0 238 56 40 242 218 426 241 118 270 20 1 0 0 3 0 81 75 0 0 0 79 0 0 2 0 3 0 4 73 3 2 1 0 0 3 0 3 1 0 2 0 0 0 2 3 3 2 0 0 0 4 0 0 0 6 0 0 0 0 0 0 0 48 0 0 0 0 0 0 0 18 35 0 6 10 14 11 1 9 14 0 0 0 0 11 17 22 0 0 32 0 13 13 0 0 0 0 0 0 0 0 11 0 10 0 0 0 11 11 1 0 0 0 1 0 0 0 0 0 0 0 0 0 0 0 0 0 0 0 0 0 0 0 0 1 0 0 0 0 0 0 0 0 0 0 0 0 0 11 1 16 11 1 17 11 0 15 38 31 1 7 0 3 0 12 20 9 0 0 30 14 5 5 0 0 13 22 0 0 13 0 1 0 0 11 0 0 33 18 0 0 0 0 0 10 0 0 5 0 0 0 0 0 22 0 0 0 0 0 0 0 0 0 0 0 0 0 0 0 2 0 0 0 0 0 0 0 0 11 0 0 0 0 0 1 0 0 0 9 1 16 0 0 0 0 0 0 0 0 0 0 0 0 0 0 0 0 0 0 0 0 0 0 0 12 11 0 0 0 0 0 0 0 0 0 0 0 0 0 
 57 116 43 277 290 260 37 58 34 205 238 0 40 39 46 42 165 99 69 38 148 26 76 0 4 0 286 33 0 0 0 3 76 72 1 20 3 1 39 1 3 2 2 0 1 3 0 3 1 0 2 0 0 0 0 5 3 0 0 0 0 2 0 0 0 10 0 0 0 0 0 0 0 0 0 0 0 0 0 6 0 8 1 0 1 44 0 15 0 0 45 17 0 0 0 11 0 19 0 0 10 0 19 12 0 0 10 4 1 12 1 0 15 0 23 0 12 0 1 19 0 0 0 0 0 0 0 0 0 0 0 0 0 0 0 0 0 0 0 0 6 0 0 0 2 0 0 1 0 0 0 0 0 0 2 0 0 0 0 0 2 0 29 8 0 4 0 0 16 0 14 34 0 2 0 1 6 0 0 0 22 0 0 14 0 0 14 0 15 0 13 0 81 9 13 0 13 11 27 24 0 0 0 0 0 0 0 2 0 0 15 0 0 0 0 0 11 0 0 0 0 0 0 0 0 0 0 0 0 0 0 0 0 0 0 1 0 0 0 0 0 4 0 0 0 0 0 1 3 84 16 2 0 3 0 0 0 0 0 0 0 0 0 0 0 0 0 0 0 0 44 0 0 0 0 0 54 0 0 0 0 0 0 0 0 0 0 0 0 0 
 151 39 363 103 164 48 210 550 58 103 56 40 0 60 99 32 29 304 173 423 0 0 0 0 3 2 2 0 0 0 0 6 2 2 0 0 3 0 3 0 5 66 1 0 1 3 0 3 3 0 2 0 0 0 0 3 3 1 2 1 22 1 0 7 0 0 3 0 0 0 0 0 3 0 0 0 0 6 0 0 0 20 18 0 0 9 43 13 0 5 27 1 10 11 52 15 28 10 24 8 0 0 0 0 0 0 0 0 0 0 13 0 0 9 2 0 0 0 0 0 0 0 0 0 0 0 0 0 0 0 0 0 0 0 0 0 0 0 0 0 0 32 0 0 1 0 0 1 0 0 0 0 0 0 9 0 0 0 0 0 17 0 11 0 0 0 0 46 15 16 0 20 0 10 26 1 15 15 24 41 0 0 0 0 0 0 2 0 0 0 0 0 0 0 0 0 0 2 0 0 0 0 0 0 0 0 0 1 0 0 2 0 0 0 0 0 9 0 0 11 0 0 0 0 0 0 0 0 0 0 0 0 0 0 0 1 0 0 0 0 0 0 0 0 0 0 87 2 1 2 1 2 0 0 0 0 0 0 0 0 0 2 0 0 0 0 0 0 0 0 0 0 0 0 0 0 0 0 0 0 0 0 0 0 0 0 0 0 0 0 
 61 58 287 165 223 46 365 200 289 69 40 39 60 0 78 72 27 40 198 142 0 0 0 3 3 0 2 0 0 2 0 4 0 0 0 2 4 0 2 2 3 2 2 3 3 4 1 3 1 0 2 0 62 0 3 66 3 4 0 0 0 0 3 0 0 0 0 10 0 2 0 0 0 0 0 0 0 4 0 3 6 38 0 53 0 13 3 47 12 0 0 17 1 29 40 0 10 11 0 36 0 0 0 0 0 0 0 0 0 0 0 0 0 0 0 0 0 0 0 0 0 0 0 0 0 0 0 0 0 0 0 0 0 0 0 0 14 0 0 0 0 0 0 21 0 0 0 12 0 0 0 0 0 0 0 0 0 0 0 0 0 11 9 21 0 6 32 13 2 0 2 24 0 18 0 13 14 17 19 13 0 0 0 0 0 0 0 0 0 0 0 0 2 0 0 0 0 0 0 0 0 0 0 0 0 0 0 0 0 0 0 0 0 0 0 0 0 0 0 0 0 0 0 0 0 0 0 0 0 0 0 0 0 0 0 0 0 0 0 0 0 0 0 0 0 2 90 1 0 48 0 2 0 0 0 0 0 0 0 0 0 0 0 0 0 0 0 0 0 0 0 0 0 0 0 0 22 7 0 0 0 0 0 0 0 0 0 0 0 0 
 148 202 228 50 248 50 26 277 273 405 242 46 99 78 0 197 236 138 166 228 0 2 0 0 3 0 2 0 0 0 0 3 1 0 0 0 3 0 2 0 3 2 2 0 0 3 2 3 1 0 2 0 0 0 2 3 3 1 0 0 0 0 0 0 3 0 0 0 0 0 0 0 0 0 0 0 0 0 0 0 1 40 33 0 0 11 28 8 19 37 21 15 0 14 47 11 15 44 0 6 11 0 0 0 0 0 0 0 0 0 0 2 0 0 0 0 0 0 18 1 0 0 0 0 0 0 0 2 0 0 0 0 0 0 0 0 0 0 0 0 0 6 0 0 0 0 0 0 0 0 0 0 0 0 5 0 2 0 0 1 1 11 20 25 1 12 7 12 41 21 0 42 0 5 0 16 123 37 0 12 0 0 2 5 0 0 0 0 2 0 0 21 18 0 0 0 0 0 38 15 0 15 0 0 0 2 0 0 0 0 0 0 0 0 0 0 0 0 0 0 0 0 0 1 0 0 0 0 0 0 0 0 0 0 0 0 0 0 0 0 0 0 0 0 0 1 88 0 1 0 0 3 0 2 0 0 0 0 2 0 0 0 0 0 0 0 0 0 0 0 0 0 0 0 0 47 10 0 0 0 0 0 0 0 0 0 0 0 0 0 
 130 206 136 287 181 176 18 170 243 88 218 42 32 72 197 0 205 144 45 165 1 0 0 0 3 0 2 0 0 0 0 3 0 0 0 0 5 0 2 1 3 3 64 0 0 3 0 3 3 0 2 0 0 0 4 3 3 1 0 0 0 0 5 2 0 0 0 0 0 0 0 0 0 0 34 0 27 0 0 0 0 25 23 10 2 26 1 10 52 14 30 0 0 15 21 0 1 34 0 12 7 0 0 0 0 0 0 0 0 0 0 0 0 0 0 1 0 0 34 2 0 2 0 0 0 0 0 0 0 0 0 0 0 0 0 0 0 0 0 0 0 0 0 5 0 1 0 0 0 0 0 0 0 0 2 0 0 0 0 0 0 0 58 22 0 12 20 0 17 0 14 14 0 19 0 17 26 26 0 0 0 0 0 13 1 0 15 1 0 0 0 0 23 0 0 0 0 0 55 37 0 0 0 0 0 0 0 0 0 0 0 0 0 0 0 0 0 0 0 1 0 0 0 0 0 0 0 3 0 0 0 0 0 0 2 0 0 0 0 0 0 1 0 0 0 0 192 2 3 0 2 11 0 0 0 0 0 0 0 0 0 0 14 0 0 0 0 0 0 0 0 0 0 0 0 9 22 11 0 0 0 0 0 0 0 0 0 0 0 0 
 121 88 36 145 129 130 102 49 103 215 426 165 29 27 236 205 0 111 46 388 0 0 0 0 3 0 37 0 0 0 0 3 1 0 1 0 6 0 86 31 3 3 0 63 2 3 0 3 70 0 2 0 0 0 2 3 3 2 66 87 0 4 0 0 0 7 0 0 0 0 0 0 1 0 0 0 0 0 0 0 0 51 30 0 9 0 16 6 30 54 60 14 0 0 0 0 28 42 0 0 11 25 0 0 0 0 0 0 0 0 0 0 12 0 0 0 0 0 33 25 0 0 0 0 0 0 0 0 0 0 0 0 0 0 0 0 0 0 0 0 0 0 0 0 0 5 0 0 0 0 0 0 0 0 0 0 0 0 0 0 1 0 57 15 84 1 0 0 33 40 19 0 0 5 0 14 5 24 0 0 14 10 0 17 0 0 15 36 0 0 0 0 33 0 0 14 0 0 49 28 0 0 0 0 0 0 0 0 0 0 0 0 0 0 0 0 0 17 7 0 0 0 0 0 0 0 0 0 0 0 0 0 0 0 0 0 0 0 0 0 0 0 0 0 0 1 0 0 0 0 0 11 0 0 0 0 0 0 0 0 72 0 11 0 0 0 0 0 0 0 0 0 0 0 33 15 14 0 0 0 0 0 0 0 0 0 0 0 0 0 
 267 108 576 189 140 155 138 135 258 148 241 99 304 40 138 144 111 0 37 254 0 0 55 0 3 0 2 0 1 0 0 3 0 0 0 1 4 0 3 0 3 2 0 0 0 3 0 3 1 0 2 0 0 3 0 3 3 3 0 0 0 3 0 0 0 4 0 0 0 0 0 0 0 0 0 0 0 0 0 0 0 14 29 25 2 1 80 0 10 38 0 36 1 0 16 13 0 10 2 15 10 6 0 0 0 0 0 0 0 0 0 14 10 0 0 0 0 0 13 14 0 0 0 0 0 0 0 0 0 0 0 0 0 0 0 0 0 0 0 0 0 12 0 0 0 0 0 0 0 0 0 0 0 0 7 0 0 0 0 0 15 0 16 0 9 21 0 60 15 18 26 0 0 0 0 15 15 43 0 19 0 0 0 0 0 0 0 37 0 0 0 0 0 0 0 0 0 0 17 40 0 0 0 0 0 0 0 0 0 0 0 0 0 0 0 0 0 0 0 0 0 0 0 0 0 0 0 0 0 0 0 0 0 0 0 0 0 0 0 14 0 0 0 0 0 7 174 0 0 9 0 14 0 0 1 0 0 0 0 0 0 0 10 0 0 0 0 0 0 0 0 0 0 0 0 0 25 0 0 0 0 0 0 0 0 0 0 0 0 0 
 425 29 36 299 58 45 159 48 68 311 118 69 173 198 166 45 46 37 0 211 0 0 0 0 3 0 2 0 0 0 0 5 0 0 0 0 4 0 2 0 3 4 2 0 0 4 0 3 2 0 2 2 67 0 10 3 3 3 0 0 0 0 0 1 0 0 0 1 0 0 0 0 0 0 0 0 0 0 0 0 11 21 9 0 0 0 27 1 20 15 0 0 15 7 0 2 7 0 1 0 0 0 0 1 0 0 0 0 0 0 0 0 0 0 0 0 0 0 0 0 0 0 0 0 19 0 0 0 0 0 0 0 0 0 0 0 17 0 0 0 0 0 0 0 0 2 0 0 0 0 0 0 0 0 0 0 0 0 0 0 0 25 0 0 0 0 32 37 14 26 4 8 2 19 1 18 13 30 14 37 0 0 0 0 0 1 0 0 0 0 0 0 0 0 0 0 0 14 0 2 0 0 0 0 0 0 0 0 0 0 0 0 0 0 0 0 0 0 0 0 0 1 0 0 0 0 0 0 0 0 0 0 2 0 0 0 0 0 0 0 0 0 0 0 0 1 0 0 2 0 2 14 0 0 0 0 0 0 0 0 0 0 0 0 0 0 15 0 0 0 0 0 0 0 0 0 0 0 0 0 0 0 0 0 0 0 0 0 0 0 
 141 132 470 386 178 43 225 133 60 108 270 38 423 142 228 165 388 254 211 0 0 0 0 0 3 0 2 0 0 0 0 3 0 0 0 0 4 0 2 0 3 2 0 0 0 3 0 3 1 0 2 0 1 0 3 3 3 1 0 0 0 0 0 0 0 0 0 0 0 0 0 0 0 0 0 0 0 32 0 0 0 57 12 16 0 12 65 1 0 21 0 32 0 0 64 11 20 22 0 39 0 0 0 0 0 0 0 0 0 0 0 0 0 0 0 0 12 0 0 0 0 0 0 0 0 0 0 0 0 0 0 0 0 0 0 0 0 0 0 0 0 14 2 0 0 0 0 0 0 0 0 0 0 0 5 0 0 0 0 0 17 7 10 0 0 2 8 11 21 19 0 6 0 1 0 15 67 24 1 15 0 0 0 0 0 0 17 0 8 0 0 0 0 0 2 0 0 0 1 0 0 0 0 0 0 0 0 0 0 0 0 0 0 0 27 0 0 0 0 1 0 0 0 0 0 0 0 0 0 0 0 0 0 0 0 0 0 0 0 0 0 0 0 0 0 0 87 0 0 3 1 1 10 0 0 0 0 0 0 0 0 0 0 0 0 0 0 0 0 0 0 0 0 0 0 48 17 0 0 0 0 0 0 0 0 0 0 0 0 6 
 1 1 0 63 91 76 0 0 0 72 20 148 0 0 0 1 0 0 0 0 0 165 139 49 117 20 113 308 111 41 46 164 429 122 199 194 26 261 321 194 0 0 1 3 0 0 0 2 1 0 0 0 2 0 0 0 0 2 0 0 44 15 3 0 3 6 74 0 0 0 0 2 0 0 2 0 0 0 0 0 0 0 0 0 12 0 0 0 0 0 0 0 0 0 0 1 0 0 0 0 12 21 2 17 17 9 7 21 15 0 9 0 33 2 12 15 0 0 0 15 0 0 0 0 0 0 0 0 0 0 0 0 0 0 0 0 10 0 27 1 11 0 0 0 0 0 0 0 0 0 0 0 0 0 0 0 0 0 0 0 0 0 0 0 0 56 0 0 0 0 0 0 0 0 0 0 0 0 0 7 2 10 11 14 24 0 1 14 0 8 24 10 23 10 0 28 23 12 18 16 0 0 0 0 0 0 0 0 0 0 33 0 0 0 0 1 0 0 48 27 0 0 0 0 0 0 0 0 0 0 0 0 0 0 0 0 0 0 0 0 0 0 0 0 0 0 0 0 0 20 0 0 0 0 4 0 0 21 0 1 0 11 0 0 0 0 0 0 0 0 0 0 0 0 0 0 0 0 0 0 0 0 0 0 0 0 0 0 0 0 
 0 0 2 0 1 0 2 82 0 0 1 26 0 0 2 0 0 0 0 0 165 0 241 54 179 27 320 128 137 132 64 248 35 48 149 128 112 111 277 37 0 0 1 3 0 0 0 2 1 0 0 0 2 0 0 0 0 0 62 0 58 5 3 0 3 0 0 0 0 0 51 2 0 0 14 0 0 0 0 0 0 0 0 0 0 0 0 0 0 0 0 0 0 0 0 0 0 0 0 0 0 10 53 0 0 9 12 4 21 10 30 43 0 0 8 0 35 18 0 0 0 0 0 0 1 0 0 0 0 0 0 0 0 1 7 0 0 0 27 0 10 1 0 0 0 0 2 3 0 0 0 0 0 2 0 0 0 0 0 2 0 11 0 0 0 5 0 0 0 15 0 0 0 0 20 3 2 0 0 0 0 0 23 53 7 0 0 0 0 0 1 18 22 0 13 20 2 20 0 12 7 0 0 0 0 0 0 10 1 0 0 0 7 0 7 1 0 0 20 4 0 0 24 0 11 0 2 0 0 0 0 0 0 0 0 0 0 0 0 17 0 0 0 0 0 0 0 0 0 0 0 0 0 0 8 2 1 38 2 2 2 4 0 0 0 0 0 0 0 0 0 0 0 0 0 0 0 0 0 0 0 8 0 0 0 0 11 0 0 0 
 2 0 1 0 0 7 0 0 0 0 0 76 0 0 0 0 0 55 0 0 139 241 0 270 128 115 247 222 387 30 195 147 255 150 126 161 51 49 18 326 98 1 1 3 3 0 0 2 1 3 0 0 2 69 0 0 0 36 1 0 0 54 3 1 3 5 45 0 6 0 0 6 0 36 2 0 1 0 0 2 0 1 0 0 0 1 0 0 0 0 0 0 0 0 0 0 0 2 1 0 8 7 3 0 25 9 13 24 10 0 2 9 1 2 0 19 39 7 0 25 0 11 0 0 0 0 0 12 9 0 15 0 0 0 7 0 0 0 0 18 17 0 0 0 0 0 0 0 0 0 0 0 0 9 0 0 0 0 0 0 0 0 0 6 8 14 0 0 0 14 0 0 0 0 1 0 0 0 0 4 13 11 12 15 10 21 0 0 14 19 18 11 20 1 6 20 8 31 0 35 0 0 0 0 0 0 0 0 0 0 10 0 8 9 0 12 0 0 0 22 0 0 0 0 0 0 0 0 0 0 0 0 0 0 0 0 0 0 0 0 0 0 0 0 0 0 0 0 0 0 0 0 0 0 9 0 0 0 0 0 0 11 0 0 0 0 8 0 0 0 0 0 0 0 0 0 0 0 0 0 0 0 0 0 0 0 0 0 0 0 
 0 2 0 0 1 8 0 37 0 0 0 0 0 3 0 0 0 0 0 0 49 54 270 0 213 127 126 315 214 89 211 167 252 260 200 122 277 386 144 227 0 31 1 9 6 0 2 2 1 0 0 0 7 62 129 0 0 1 62 21 0 3 3 0 3 0 0 0 0 4 0 5 0 0 4 0 4 56 0 6 0 0 0 0 1 2 0 5 0 0 0 0 0 0 0 0 0 0 0 0 7 9 16 0 16 14 26 32 0 0 20 9 3 19 0 27 35 14 1 1 0 11 0 0 0 0 0 0 6 0 0 0 10 0 1 0 0 0 1 26 0 0 0 0 0 0 4 0 1 0 0 0 0 0 0 21 2 0 0 0 0 0 0 5 9 25 0 0 0 2 0 0 0 0 0 0 0 0 10 5 35 22 12 26 18 31 7 16 18 22 14 1 1 11 16 10 1 26 0 0 0 0 8 0 2 2 11 0 0 0 0 0 0 8 10 0 0 0 10 35 0 0 0 0 0 0 0 0 0 0 0 0 1 0 0 0 0 0 0 0 0 0 0 0 0 0 0 0 0 0 0 0 0 0 19 0 0 77 0 0 4 0 0 0 0 0 0 0 0 0 0 0 0 0 0 0 0 0 0 12 0 0 0 1 0 0 0 0 0 0 
 3 3 3 126 3 4 3 3 8 3 3 4 3 3 3 3 3 3 3 3 117 179 128 213 0 78 343 231 149 75 168 181 82 117 250 162 161 390 506 72 0 64 2 5 3 0 7 32 84 3 0 1 131 3 31 2 0 2 0 3 1 6 6 0 7 1 0 3 2 0 0 4 5 0 6 6 0 0 0 1 0 0 0 0 0 13 0 0 0 0 0 0 0 0 0 0 0 1 2 0 0 0 11 10 8 1 0 18 26 13 12 27 0 0 12 0 1 10 0 0 28 23 0 0 0 0 23 1 11 1 0 11 33 12 0 1 21 0 11 24 0 0 0 0 0 0 0 0 0 0 0 0 0 10 0 0 0 0 0 0 0 0 1 0 0 0 0 0 2 0 0 0 0 0 3 12 0 0 2 0 19 0 44 11 0 0 15 1 0 0 12 12 0 1 34 39 6 64 0 0 28 10 3 0 0 0 1 24 27 9 1 0 27 12 0 0 11 0 38 38 0 0 0 0 0 0 0 0 0 0 0 0 0 0 0 0 0 0 0 0 0 0 0 0 0 0 0 0 0 0 0 0 0 0 17 2 0 76 75 2 3 0 0 0 0 0 0 0 0 0 0 0 1 0 0 0 0 0 0 0 0 12 0 0 0 0 0 0 0 0 
 0 0 0 0 3 0 2 3 0 0 0 0 2 0 0 0 0 0 0 0 20 27 115 127 78 0 42 60 58 55 77 139 26 266 73 172 82 39 51 127 0 24 4 0 0 0 3 21 0 32 0 0 61 105 30 64 0 2 121 144 0 0 0 0 0 0 0 0 0 0 0 5 0 7 0 0 2 0 0 5 0 0 0 0 0 0 0 0 0 0 0 1 0 0 0 0 0 0 0 0 0 0 0 0 14 8 0 0 0 13 0 7 0 0 0 0 0 0 0 0 30 69 11 11 0 0 14 17 10 1 0 0 0 11 0 6 13 0 6 0 0 0 0 0 0 0 4 0 0 0 0 0 0 0 0 0 0 0 0 0 0 0 0 0 0 9 0 0 4 0 0 0 0 0 0 0 0 0 0 0 0 17 3 0 8 35 0 0 0 11 0 9 0 0 20 14 0 0 0 0 7 15 0 0 0 0 11 11 0 3 14 0 40 0 47 14 30 8 0 12 0 0 0 0 0 0 0 0 0 0 0 0 0 0 0 0 0 0 0 0 0 0 0 0 0 2 0 0 0 0 0 0 0 0 15 0 5 1 2 9 3 1 0 0 0 0 9 0 0 0 0 0 0 0 0 6 0 0 0 0 0 0 0 0 8 0 9 0 0 0 
 2 4 2 2 79 196 2 2 2 2 81 286 2 2 2 2 37 2 2 2 113 320 247 126 343 42 0 258 272 134 45 250 189 157 99 57 37 71 142 143 114 0 1 3 0 0 0 2 1 0 0 0 2 0 0 0 0 2 0 0 0 4 3 0 4 0 0 0 0 0 0 2 3 34 2 0 0 0 0 0 0 0 0 0 14 17 0 0 0 0 18 18 0 6 0 0 13 0 0 0 0 29 16 3 0 0 24 26 0 53 10 19 2 11 10 1 0 12 6 40 0 0 0 0 0 0 0 0 0 2 0 0 0 0 0 0 0 0 0 0 0 0 0 0 0 7 0 0 0 0 0 0 0 2 0 0 0 0 0 0 0 0 9 10 18 0 0 0 31 0 9 0 0 0 0 10 0 0 0 0 19 54 23 1 6 0 10 22 14 20 68 19 21 4 33 65 28 16 0 0 0 0 0 0 0 0 0 0 0 0 0 0 0 0 0 0 0 0 10 8 0 0 0 0 0 0 0 0 0 0 0 0 0 0 0 0 0 0 0 0 0 0 0 0 0 0 0 0 74 0 0 0 0 0 6 2 4 0 76 4 3 0 0 0 0 0 0 0 0 0 0 0 0 0 0 39 0 1 0 0 0 0 0 0 0 11 0 0 0 0 
 0 0 0 75 27 75 0 0 3 0 75 33 0 0 0 0 0 0 0 0 308 128 222 315 231 60 258 0 177 329 122 185 436 464 121 188 25 243 52 365 1 0 2 3 0 3 0 3 0 2 0 0 2 0 0 0 0 0 3 2 33 6 3 0 3 6 0 2 3 2 0 2 0 0 2 0 1 0 0 0 0 0 0 0 0 0 0 0 0 0 0 0 0 0 0 0 0 0 0 0 0 55 62 25 9 10 10 21 10 7 10 13 1 1 27 24 0 2 0 10 1 0 0 0 0 0 0 0 0 0 0 0 0 0 0 0 0 2 7 0 3 0 0 0 0 0 2 0 0 0 0 0 0 0 0 0 0 0 0 0 0 0 6 0 0 2 0 0 0 0 0 0 0 0 0 3 0 0 0 0 0 13 20 1 13 0 0 2 1 12 41 11 37 76 31 42 22 19 0 0 0 0 0 0 0 0 0 2 0 0 0 0 0 0 0 0 0 0 29 28 0 0 0 0 0 0 0 0 0 0 0 0 0 0 0 0 0 0 0 0 0 0 0 0 0 0 0 0 0 74 0 0 0 2 4 0 0 40 82 0 1 18 0 0 0 2 0 0 0 0 0 0 0 0 0 0 0 1 0 0 0 0 0 0 0 0 0 0 0 0 
 0 3 0 0 89 80 0 0 0 0 0 0 0 0 0 0 0 1 0 0 111 137 387 214 149 58 272 177 0 142 136 327 110 271 154 227 81 329 139 154 0 0 0 3 1 0 0 3 207 0 0 0 2 2 0 0 0 0 12 0 22 3 3 0 3 0 0 0 0 1 0 2 0 66 8 0 1 0 0 0 9 0 0 0 0 10 0 0 0 0 0 1 0 0 0 0 0 0 0 0 25 6 9 0 0 1 38 20 8 0 43 17 26 51 32 36 13 3 20 5 0 4 0 0 0 0 0 0 12 1 0 0 2 0 0 0 0 0 9 0 6 0 0 0 0 0 0 0 0 0 0 0 0 1 0 0 0 0 0 0 0 0 1 0 0 19 0 0 0 0 0 0 0 0 0 0 11 0 0 0 44 37 31 1 21 0 29 24 3 23 2 37 25 23 30 19 17 10 0 0 15 0 0 0 0 0 0 0 0 0 0 0 0 0 0 0 0 12 25 24 0 0 0 0 0 0 0 0 0 0 2 0 0 0 0 0 0 0 0 0 0 0 0 0 0 2 0 0 0 0 0 0 0 0 4 0 4 75 1 1 13 8 0 0 0 0 0 0 0 0 0 0 0 0 0 0 0 0 0 15 0 1 0 0 0 0 0 0 0 0 
 0 0 95 0 1 72 0 0 1 0 0 0 0 2 0 0 0 0 0 0 41 132 30 89 75 55 134 329 142 0 437 54 48 389 153 172 53 200 158 150 0 0 1 3 0 0 0 2 1 0 0 0 3 0 3 0 0 1 64 0 0 3 3 0 3 2 0 0 0 1 0 2 0 0 7 0 0 0 0 0 0 0 0 0 4 0 0 0 0 0 0 0 0 0 0 0 0 0 0 0 0 22 8 48 23 12 31 22 14 77 26 58 28 32 9 9 13 19 0 9 0 19 0 0 0 0 5 0 0 0 0 0 0 26 0 0 8 3 13 7 0 0 0 0 0 0 0 0 0 0 3 3 0 0 0 0 2 0 0 0 0 14 9 0 9 0 0 0 0 0 0 0 0 0 0 2 0 0 0 0 0 11 82 18 24 8 0 22 0 13 71 38 0 14 12 0 1 0 0 0 0 0 0 0 0 0 14 4 22 0 0 0 0 0 11 0 0 0 11 0 0 0 0 0 0 0 18 0 0 0 0 0 0 0 0 0 0 0 0 0 0 0 17 0 0 0 0 0 0 0 0 0 0 0 18 0 0 10 115 1 11 0 0 0 0 0 0 0 0 0 0 0 0 0 0 0 0 0 0 17 0 18 0 0 0 15 9 0 0 0 
 0 0 0 0 215 0 0 0 0 0 0 0 0 0 0 0 0 0 0 0 46 64 195 211 168 77 45 122 136 437 0 109 40 468 210 156 413 147 54 147 0 78 2 3 0 0 0 3 0 16 0 0 2 25 63 0 0 1 0 0 0 3 5 0 3 24 0 0 0 3 0 11 0 1 2 0 0 0 0 0 0 0 0 0 0 0 0 0 0 0 0 0 0 0 0 0 0 0 0 0 5 1 6 6 42 0 19 28 16 29 30 6 48 22 0 22 33 82 0 11 1 24 0 0 0 0 51 0 7 0 0 0 10 0 0 0 0 1 1 8 0 0 6 0 0 0 0 0 0 10 7 0 0 0 0 0 0 0 0 0 0 0 0 1 10 0 0 0 0 0 0 0 0 0 0 0 0 0 0 2 33 2 14 32 7 9 13 9 13 24 16 34 0 12 29 16 44 33 0 0 51 0 7 0 0 0 3 11 1 0 0 0 2 6 1 0 0 0 29 19 0 0 0 0 0 0 0 0 0 0 0 0 0 0 0 0 0 0 0 0 0 0 0 0 0 0 0 0 0 0 0 0 0 1 18 0 2 1 3 3 1 0 0 0 0 0 43 0 0 0 0 0 0 0 0 0 0 0 0 22 0 19 0 0 0 2 0 0 0 0 
 5 3 3 3 4 3 3 6 3 3 79 3 6 4 3 3 3 3 5 3 164 248 147 167 181 139 250 185 327 54 109 0 98 37 80 35 297 131 277 181 2 0 0 3 0 0 0 64 22 0 0 0 2 87 186 0 0 63 74 31 0 3 3 0 3 72 0 0 0 0 0 2 0 0 2 0 0 0 0 0 0 0 0 1 0 0 0 0 0 0 0 0 0 0 0 0 0 0 0 2 0 25 0 0 34 12 1 22 9 0 5 13 3 0 0 0 0 1 0 1 0 26 0 0 0 0 49 0 11 0 0 0 20 0 0 10 5 0 0 9 0 0 0 1 0 0 6 0 0 0 0 0 0 0 0 0 1 0 0 1 0 0 0 20 14 0 0 0 0 3 0 0 1 0 0 0 0 0 2 10 36 11 43 14 22 28 13 0 0 13 1 0 0 0 1 21 8 22 0 0 0 0 10 0 0 0 10 16 24 0 0 0 0 19 18 0 0 0 6 102 0 0 0 0 0 0 0 0 0 0 0 0 0 0 0 0 0 0 0 0 0 0 0 0 0 0 0 0 0 0 0 0 0 0 11 4 4 145 4 0 4 2 0 0 0 0 0 0 0 0 0 0 0 0 0 0 0 0 0 1 0 0 0 0 0 0 0 0 0 0 
 2 2 0 77 62 1 0 0 0 152 0 76 2 0 1 0 1 0 0 0 429 35 255 252 82 26 189 436 110 48 40 98 0 89 126 145 170 40 291 245 0 61 2 3 10 0 0 3 0 0 0 0 2 0 0 6 5 1 2 0 0 5 5 2 3 2 0 0 1 1 6 13 2 35 2 3 2 7 0 2 0 0 0 0 16 0 0 2 0 1 1 11 0 0 0 0 0 11 0 0 21 12 12 2 17 0 0 10 0 7 22 0 21 41 13 62 12 26 0 0 0 2 0 0 0 0 0 0 0 0 0 0 0 0 0 0 0 0 0 0 0 0 3 0 0 0 0 0 0 1 0 0 0 0 0 0 0 0 0 0 3 0 1 0 0 0 0 0 0 0 6 17 0 0 0 0 0 0 0 0 21 0 0 10 0 0 0 0 38 35 0 10 13 12 33 16 17 14 2 0 0 0 0 2 0 0 0 0 0 0 0 0 0 0 1 0 0 0 32 0 0 0 0 0 10 0 0 0 0 0 0 0 0 0 0 1 0 0 0 0 0 0 0 0 0 0 2 0 81 0 8 1 0 0 5 0 2 0 0 1 0 1 0 0 0 0 8 0 0 0 0 0 0 0 0 0 1 0 0 0 0 33 0 0 0 0 0 0 0 0 
 0 0 0 0 153 40 0 2 2 0 0 72 2 0 0 0 0 0 0 0 122 48 150 260 117 266 157 464 271 389 468 37 89 0 222 304 115 155 72 106 0 62 1 6 3 0 0 1 2 0 0 0 4 0 0 0 1 1 0 0 0 3 6 0 5 0 0 2 1 0 0 2 0 0 3 0 1 2 0 0 0 0 0 0 0 9 0 0 2 0 0 0 0 0 0 0 0 0 0 0 9 24 18 0 18 0 27 15 7 9 36 41 36 32 18 12 25 30 0 0 0 0 0 0 0 0 0 0 0 0 0 0 0 0 0 0 1 0 0 0 0 0 6 0 9 0 0 0 0 4 10 0 0 0 0 0 0 0 0 0 0 0 4 2 0 11 0 0 0 0 0 0 0 0 1 0 0 2 0 0 34 36 0 9 27 0 28 8 0 23 1 17 6 11 1 7 13 11 0 0 0 0 0 0 0 0 0 0 0 0 0 0 0 0 0 0 0 0 54 13 0 0 0 0 0 0 0 0 0 0 0 0 0 0 0 0 0 0 0 0 0 0 0 0 0 0 0 0 0 0 0 0 0 0 6 0 1 75 74 0 11 1 0 0 0 0 0 0 0 0 0 0 0 0 0 0 0 0 0 0 0 27 0 0 0 0 0 0 0 0 
 0 0 7 0 0 0 0 0 0 2 2 1 0 0 0 0 1 0 0 0 199 149 126 200 250 73 99 121 154 153 210 80 126 222 0 220 78 210 60 167 0 1 2 3 0 0 0 2 1 0 0 0 2 0 0 0 0 2 1 0 0 3 3 0 3 0 0 0 0 0 0 6 0 8 2 0 0 0 50 4 0 0 0 0 0 0 0 0 0 0 2 0 0 0 0 1 0 0 0 0 0 24 10 20 35 0 0 19 74 29 39 36 10 16 0 2 1 23 0 0 0 0 0 0 2 17 0 0 0 0 0 0 0 2 0 0 0 0 0 0 0 0 29 0 0 0 0 0 0 3 1 0 0 0 0 0 1 0 0 0 0 0 4 0 0 0 0 0 0 0 0 0 0 0 0 5 1 0 0 12 18 18 19 15 8 13 14 0 14 32 10 27 0 1 37 57 56 26 0 0 4 0 0 0 0 0 0 0 0 0 0 0 0 0 54 0 0 0 35 30 0 0 2 0 0 0 0 0 0 0 0 0 0 2 2 0 0 0 0 0 0 0 0 0 0 0 0 0 0 0 0 0 0 0 8 0 0 80 149 0 0 0 0 0 0 0 9 0 0 0 0 0 0 0 0 0 0 0 0 0 0 62 0 0 0 0 8 0 0 0 
 0 0 0 0 74 0 1 0 0 0 0 20 0 2 0 0 0 1 0 0 194 128 161 122 162 172 57 188 227 172 156 35 145 304 220 0 47 78 34 111 4 3 1 5 0 4 206 7 7 2 2 0 2 0 0 3 3 0 0 0 0 5 4 2 3 2 0 0 2 0 4 8 0 12 2 0 0 2 1 2 0 0 0 0 0 19 0 0 1 0 0 0 8 0 0 0 0 0 0 0 16 34 26 12 33 11 9 12 7 20 19 32 22 13 19 23 30 25 0 0 0 0 0 0 0 0 2 0 0 0 2 0 0 0 0 10 0 1 22 0 6 0 0 0 0 0 1 0 0 0 0 0 0 0 0 0 0 0 0 0 0 0 7 0 0 13 0 0 0 0 0 0 0 0 0 8 0 0 0 0 20 22 0 13 17 12 0 18 14 12 13 23 36 0 16 31 0 12 0 11 0 0 0 0 0 0 0 1 0 0 0 0 0 0 0 0 0 0 11 4 0 0 0 0 0 0 0 0 0 0 0 0 0 0 22 0 0 0 0 0 0 0 0 0 0 0 0 0 0 0 0 0 0 1 11 0 1 79 75 0 4 0 0 0 0 1 9 0 0 0 0 0 0 0 0 0 0 0 0 0 0 0 0 0 0 0 0 0 0 0 
 3 8 4 7 13 7 4 4 4 3 3 3 3 4 3 5 6 4 4 4 26 112 51 277 161 82 37 25 81 53 413 297 170 115 78 47 0 147 21 20 0 29 2 3 0 0 0 2 4 3 0 0 2 0 6 0 0 2 0 208 0 4 3 0 3 3 0 0 0 0 0 4 0 0 2 0 0 0 0 4 0 0 0 0 0 0 0 0 0 0 0 0 2 0 0 2 0 0 0 0 7 9 9 1 16 0 21 26 14 4 20 20 17 27 20 10 23 44 0 1 0 0 0 0 0 0 0 0 0 0 0 1 0 1 36 0 0 0 0 0 0 12 5 0 0 0 0 0 0 2 0 0 0 0 0 0 0 0 0 0 0 0 0 0 0 0 0 0 0 3 0 0 0 0 5 2 0 0 0 0 11 0 34 10 0 0 0 0 29 15 2 32 1 0 9 26 21 53 0 0 5 0 1 0 0 0 0 11 1 0 0 0 0 0 0 0 14 0 25 10 0 0 0 0 0 0 0 0 1 0 0 2 0 0 0 0 0 2 0 0 0 0 0 0 0 0 0 0 0 0 0 0 0 0 12 2 2 0 100 1 0 3 0 0 0 0 0 0 0 0 0 0 0 0 0 0 0 18 0 0 0 34 0 0 0 0 0 0 0 0 
 0 0 0 0 80 0 0 0 0 0 0 1 0 0 0 0 0 0 0 0 261 111 49 386 390 39 71 243 329 200 147 131 40 155 210 78 147 0 119 307 0 0 0 3 0 0 0 2 0 1 0 0 2 0 0 0 0 1 21 0 0 3 3 0 3 0 0 3 0 0 0 2 0 0 9 0 0 0 0 0 0 0 0 0 0 9 0 0 0 0 0 36 0 0 0 0 0 0 0 0 9 22 22 12 12 1 19 0 33 23 84 24 25 29 26 39 23 13 0 2 0 0 0 0 0 0 0 0 10 0 0 0 0 0 0 0 0 0 9 0 0 0 13 0 0 0 0 0 0 0 0 0 0 0 0 0 0 9 0 0 0 0 13 0 0 34 0 0 0 0 0 0 0 0 0 3 0 0 0 0 28 21 39 2 61 0 16 9 10 22 14 0 8 22 46 40 73 6 2 0 9 0 0 0 0 0 0 0 0 0 0 0 0 0 0 0 0 10 46 31 5 0 0 0 0 0 0 0 0 0 0 0 0 0 0 0 0 0 0 0 0 0 0 0 0 0 0 0 0 0 0 0 0 0 5 0 1 77 74 1 5 6 0 0 0 0 0 0 0 1 0 0 0 2 0 0 0 0 0 14 0 14 0 0 0 0 0 0 0 0 
 2 65 2 77 79 28 2 164 2 80 4 39 3 2 2 2 86 3 2 2 321 277 18 144 506 51 142 52 139 158 54 277 291 72 60 34 21 119 0 176 0 0 0 3 65 0 0 3 0 0 0 0 2 0 0 4 0 0 0 0 0 3 3 0 3 0 0 0 0 2 0 2 0 0 2 0 2 0 0 0 0 18 0 0 55 11 0 0 0 13 39 19 0 0 0 0 5 0 0 0 9 7 6 6 0 0 50 11 11 13 11 0 49 7 20 35 10 11 27 20 0 0 0 0 0 0 0 0 0 0 0 0 0 0 0 0 0 0 0 0 0 0 0 18 0 6 0 0 0 0 0 0 0 0 0 0 0 0 0 0 44 10 22 30 39 9 0 0 26 0 5 5 0 0 0 14 0 12 0 0 13 0 16 11 0 0 54 8 29 5 28 1 10 15 18 0 1 20 4 0 0 0 0 0 0 0 11 0 0 0 0 0 0 0 0 0 0 0 0 0 0 0 0 0 0 21 0 0 16 0 0 0 0 0 0 0 0 0 0 0 0 0 0 0 0 0 0 0 0 0 0 0 9 0 4 1 2 0 0 0 2 0 0 0 0 0 0 0 0 0 0 0 0 0 0 1 0 11 0 32 0 0 0 0 0 0 0 0 0 0 
 1 0 2 1 0 77 1 0 0 75 73 1 0 2 0 1 31 0 0 0 194 37 326 227 72 127 143 365 154 150 147 181 245 106 167 111 20 307 176 0 0 1 1 6 0 0 0 2 6 0 0 0 2 0 0 0 0 2 0 0 0 3 3 0 4 0 3 3 0 0 2 16 0 5 2 3 0 0 0 8 0 0 0 0 21 0 0 0 0 0 18 0 0 0 0 0 9 0 2 0 9 10 14 30 26 0 9 13 0 5 25 0 13 20 0 42 18 12 2 6 0 0 0 0 15 17 0 0 0 0 0 0 0 0 0 0 0 0 0 0 0 0 0 0 0 6 0 0 0 0 0 2 0 0 0 0 0 0 0 0 3 0 0 8 30 1 0 0 18 0 8 5 0 0 0 2 0 0 0 0 60 39 10 10 17 29 52 29 16 44 13 5 0 37 27 43 0 10 0 0 0 0 0 0 0 0 0 0 0 0 0 0 0 0 0 0 0 2 0 0 0 0 0 0 1 2 0 0 0 0 0 0 10 0 0 0 0 0 0 0 0 0 0 0 0 0 0 0 0 0 0 0 0 0 5 0 0 2 0 0 2 3 0 0 0 0 4 0 0 0 0 0 0 0 0 20 0 0 0 9 0 0 0 0 0 0 0 0 0 0 
 3 3 3 3 6 3 3 3 3 3 3 3 5 3 3 3 3 3 3 3 0 0 98 0 0 0 114 1 0 0 0 2 0 0 0 4 0 0 0 0 0 178 226 52 96 263 255 394 383 62 123 25 64 292 36 335 413 166 248 74 0 0 0 0 0 3 0 20 11 0 0 0 2 0 0 0 4 3 0 0 6 0 0 0 0 0 0 0 0 0 0 0 0 0 0 0 0 0 0 0 0 0 0 0 0 0 0 0 0 0 0 0 0 0 0 0 0 0 0 0 22 0 11 44 8 0 16 17 0 30 58 54 0 9 45 8 10 28 0 9 0 0 0 0 0 0 0 0 0 0 0 0 13 0 1 0 21 3 0 0 0 0 0 0 0 0 0 0 0 0 0 0 0 0 0 0 0 0 0 0 0 0 0 0 0 0 0 0 0 0 0 0 0 1 0 0 0 0 0 0 0 11 6 33 20 0 18 0 9 22 0 18 0 1 0 19 27 5 0 0 0 0 0 0 0 0 10 0 0 0 0 0 0 27 33 0 0 0 0 14 0 0 0 0 0 0 0 0 0 0 0 5 0 22 0 0 0 0 0 0 0 0 66 68 2 2 1 0 1 0 8 0 0 0 0 0 0 0 0 0 0 0 0 0 0 9 0 9 0 0 
 3 3 2 2 3 65 68 3 2 2 2 2 66 2 2 3 3 2 4 2 0 0 1 31 64 24 0 0 0 0 78 0 61 62 1 3 29 0 0 1 178 0 198 289 65 23 180 242 125 175 51 51 96 76 111 142 40 73 133 133 0 0 0 3 0 2 0 0 0 0 0 7 0 0 0 0 0 0 0 0 0 0 0 0 0 0 0 0 0 0 0 0 0 0 0 0 19 0 0 0 12 0 0 1 2 14 39 4 0 0 23 0 0 24 17 13 20 21 0 0 15 41 0 21 0 0 10 0 0 5 9 36 32 1 9 9 30 0 54 39 0 0 0 0 6 0 0 0 0 0 0 0 0 0 0 0 0 0 0 0 0 0 0 0 0 0 0 0 1 0 0 1 0 0 0 0 0 0 20 2 34 0 0 4 0 12 0 0 16 0 0 0 0 0 0 1 6 14 0 0 10 22 33 10 1 0 6 19 63 8 0 0 23 7 28 3 7 0 0 0 0 0 0 0 17 0 0 0 0 0 0 0 0 0 0 0 0 0 0 0 0 0 0 0 0 0 0 0 0 0 0 4 0 0 5 0 0 0 0 0 0 0 0 0 0 2 1 2 2 0 0 0 0 0 0 0 0 0 0 0 0 0 0 0 8 0 0 10 2 0 
 0 0 2 1 3 1 2 2 0 2 1 2 1 2 2 64 0 0 2 0 1 1 1 1 2 4 1 2 0 1 2 0 2 1 2 1 2 0 0 1 226 198 0 93 261 93 203 84 133 158 182 113 56 284 48 160 117 79 106 100 0 0 0 0 4 1 60 0 0 0 0 0 0 51 0 2 0 0 0 0 0 0 0 0 0 0 0 0 0 0 0 0 0 0 0 0 0 0 0 3 0 0 0 0 0 65 0 0 0 0 0 0 0 0 0 0 0 0 0 0 15 26 10 19 41 0 0 0 0 10 22 11 1 0 20 9 14 36 0 3 0 0 0 0 1 0 0 0 0 0 0 23 7 0 0 0 0 0 0 0 0 0 0 0 0 0 0 0 0 0 0 0 0 0 0 0 0 0 0 0 0 0 0 0 0 3 0 0 8 0 0 0 0 0 0 0 0 0 0 0 0 8 0 12 11 4 33 0 3 19 0 12 0 0 8 0 0 16 0 0 0 0 0 1 0 0 0 0 0 0 20 0 0 9 0 0 0 0 2 0 0 0 0 0 0 0 0 0 0 1 0 8 0 0 0 0 0 1 0 1 0 0 0 37 2 0 0 0 0 0 0 0 0 0 0 10 0 0 0 0 0 0 0 0 3 0 0 10 0 1 
 3 0 0 2 0 0 0 0 2 0 0 0 0 3 0 0 63 0 0 0 3 3 3 9 5 0 3 3 3 3 3 3 3 6 3 5 3 3 3 6 52 289 93 0 418 327 298 285 74 153 202 239 262 291 282 303 118 131 84 62 26 0 2 0 0 0 1 0 1 0 5 0 77 49 58 2 1 1 102 259 0 0 0 0 0 0 0 0 0 0 0 0 0 0 0 0 0 0 0 0 0 0 0 0 0 0 0 0 0 0 0 0 0 0 0 0 0 0 0 0 1 0 1 0 34 17 0 7 11 2 0 1 0 0 17 0 0 0 0 0 0 32 63 0 6 0 54 23 9 10 0 0 1 7 1 0 0 0 0 52 0 0 0 0 0 0 0 0 0 0 21 0 0 0 0 0 0 0 0 0 0 0 0 0 0 0 0 0 0 0 0 0 0 0 0 0 0 0 0 0 0 8 0 0 13 51 0 0 0 3 0 5 0 12 0 2 0 0 0 0 0 0 9 0 0 0 19 16 13 20 0 0 61 21 14 15 22 0 0 5 0 0 0 0 0 0 0 0 0 0 0 11 0 0 0 0 0 0 0 10 0 0 0 0 68 11 4 68 2 0 20 0 0 0 0 0 0 0 0 0 0 0 4 0 0 9 0 0 0 2 
 0 0 0 5 4 1 0 0 3 0 0 1 1 3 0 0 2 0 0 0 0 0 3 6 3 0 0 0 1 0 0 0 10 3 0 0 0 0 65 0 96 65 261 418 0 226 350 84 145 86 69 62 127 81 87 303 159 190 58 128 3 3 1 3 1 0 0 0 0 16 0 0 54 53 4 2 3 1 69 51 0 0 0 0 0 2 0 0 0 0 3 4 6 0 0 0 0 0 15 0 2 0 0 0 0 0 0 0 0 12 1 0 10 0 24 10 2 0 0 2 0 0 0 0 0 1 1 2 1 51 0 0 18 4 9 8 0 0 0 0 0 41 35 0 0 0 69 5 0 10 9 0 14 24 0 0 0 5 9 30 0 0 0 7 21 4 0 0 0 0 6 0 0 0 0 0 0 0 0 0 0 0 0 0 0 0 1 0 7 0 0 0 4 0 2 0 0 0 9 0 0 1 33 20 6 15 0 0 0 6 19 5 0 1 0 0 0 0 0 0 0 0 0 0 1 0 1 0 10 20 9 8 19 6 27 12 0 0 1 46 0 3 0 0 0 0 0 0 0 0 0 6 0 1 0 0 0 0 0 3 0 0 5 0 76 3 2 0 2 2 42 0 0 0 0 0 0 0 0 0 0 0 0 0 15 0 0 0 9 0 
 3 3 3 3 3 3 3 3 3 3 3 3 3 4 3 3 3 3 4 3 0 0 0 0 0 0 0 3 0 0 0 0 0 0 0 4 0 0 0 0 263 23 93 327 226 0 27 42 50 74 121 189 25 260 62 71 104 124 46 257 111 13 3 0 3 0 53 3 4 0 0 0 72 26 0 24 0 1 54 22 0 0 0 0 0 0 0 0 0 0 0 0 0 0 0 0 0 0 0 0 0 0 0 0 0 0 0 0 0 8 0 0 0 17 0 0 0 0 0 0 0 0 0 0 19 4 0 0 0 12 0 0 0 0 0 0 2 18 0 0 8 24 9 10 6 2 22 1 1 12 0 0 10 11 4 0 0 0 0 6 0 0 0 0 0 0 0 0 0 0 4 0 0 0 0 0 0 0 1 0 0 0 0 0 0 0 0 0 0 0 0 0 0 0 0 0 0 0 0 0 0 0 1 0 11 22 0 0 10 0 14 24 0 0 0 0 0 0 0 3 6 0 0 2 0 34 6 7 0 26 0 2 10 17 11 21 13 0 19 7 0 0 0 0 0 0 0 0 0 0 0 7 0 0 0 0 0 0 0 0 0 0 0 3 4 10 0 5 0 0 2 0 0 0 0 0 0 0 0 0 0 0 0 0 19 0 0 0 0 0 
 0 0 60 0 0 0 0 0 2 0 0 0 0 1 2 0 0 0 0 0 0 0 0 2 7 3 0 0 0 0 0 0 0 0 0 206 0 0 0 0 255 180 203 298 350 27 0 172 186 187 109 50 228 357 69 201 161 28 61 196 0 3 0 5 0 0 52 0 0 0 0 0 19 8 1 5 9 2 0 0 0 0 0 0 0 0 0 0 0 0 0 0 0 0 0 0 0 0 0 0 0 19 0 0 0 0 0 0 0 0 0 0 14 0 0 0 0 0 0 0 21 11 1 13 7 0 11 12 0 22 31 44 7 40 7 48 10 29 0 34 0 0 3 0 27 0 0 2 5 0 0 0 17 0 0 0 9 4 0 0 0 0 0 0 0 0 0 0 0 0 0 0 0 0 0 0 0 0 0 0 0 0 0 0 0 0 0 0 0 0 0 0 0 0 0 0 0 0 0 0 1 1 6 32 20 20 37 0 7 28 25 7 9 1 1 0 10 5 13 0 3 0 6 0 0 0 0 1 10 5 3 0 0 0 0 0 0 0 40 8 0 0 14 0 0 0 0 0 0 0 0 0 0 0 0 0 1 0 0 0 0 0 65 3 0 2 27 0 0 0 1 0 0 0 0 0 0 0 0 0 0 0 0 10 0 0 0 14 0 0 
 6 3 3 3 5 3 3 3 3 2 3 3 3 3 3 3 3 3 3 3 2 2 2 2 32 21 2 3 3 2 3 64 3 1 2 7 2 2 3 2 394 242 84 285 84 42 172 0 401 183 41 33 238 137 289 66 254 43 98 343 0 40 0 0 0 0 0 0 0 0 0 0 0 0 0 0 0 0 0 205 0 0 0 0 0 0 0 0 0 0 0 0 0 0 0 0 0 0 0 0 0 0 0 0 0 12 0 0 0 0 1 2 5 0 0 0 0 0 0 0 32 30 28 12 0 0 44 7 18 1 9 21 23 0 25 41 23 17 13 21 0 0 0 0 0 0 0 0 0 0 0 0 0 0 0 0 0 0 0 0 0 0 0 0 0 0 0 0 6 0 0 0 0 0 0 0 0 0 0 0 0 0 0 0 0 0 0 0 0 0 0 0 0 0 0 0 0 0 0 0 21 17 0 10 0 0 0 53 26 0 0 0 32 34 13 2 36 38 0 0 0 0 0 0 0 0 0 0 0 0 2 0 0 0 0 0 0 0 0 0 0 0 0 0 0 0 0 0 0 0 0 5 0 0 0 0 0 0 0 18 0 0 1 0 0 2 0 0 1 0 0 0 0 0 0 0 0 0 0 0 0 0 0 0 0 0 0 15 0 6 
 3 3 2 6 2 1 2 3 3 0 1 1 3 1 1 3 70 1 2 1 1 1 1 1 84 0 1 0 207 1 0 22 0 2 1 7 4 0 0 6 383 125 133 74 145 50 186 401 0 193 80 43 83 106 371 187 109 148 84 70 8 15 0 0 0 0 0 0 0 0 4 2 0 2 0 5 1 4 2 0 0 0 0 0 0 13 0 0 0 0 0 0 0 0 0 0 0 0 0 0 0 0 0 0 0 0 1 0 0 0 0 0 0 0 0 0 0 0 19 0 14 10 24 9 3 0 27 6 0 15 24 74 26 9 29 53 40 32 0 0 4 0 5 6 0 14 0 7 3 0 0 0 1 0 2 0 4 3 0 0 0 0 0 0 0 0 0 0 0 0 0 0 0 0 0 0 0 0 1 0 0 0 0 0 0 0 0 0 0 0 0 0 0 0 0 0 0 0 0 0 0 0 6 24 13 0 0 18 4 8 0 15 0 49 0 10 13 31 0 10 1 0 7 8 0 40 9 1 0 0 0 9 0 0 7 15 14 0 1 6 0 0 0 0 0 0 0 0 62 0 0 8 0 0 0 0 0 0 0 1 0 0 65 66 1 0 6 0 1 0 6 0 0 0 0 0 0 0 0 0 0 0 0 0 0 0 0 12 0 0 
 0 2 0 0 5 4 0 0 0 61 0 0 0 0 0 0 0 0 0 0 0 0 3 0 3 32 0 2 0 0 16 0 0 0 0 2 3 1 0 0 62 175 158 153 86 74 187 183 193 0 126 81 185 149 72 161 134 180 125 372 0 0 0 0 0 0 4 0 1 0 0 0 4 0 0 0 2 0 0 0 0 0 0 0 0 0 0 0 0 0 0 0 0 0 0 0 0 0 0 0 0 0 0 0 0 15 0 0 0 0 0 0 0 0 0 0 0 0 0 0 20 0 3 21 1 0 36 20 0 1 27 14 22 2 18 12 51 42 0 69 0 0 0 0 0 0 5 0 0 0 0 0 0 3 0 0 0 1 4 0 0 0 0 0 0 0 0 0 9 0 0 0 14 0 0 0 0 0 0 0 0 0 0 0 0 29 0 0 0 0 0 0 0 0 0 0 14 0 0 0 13 9 19 13 4 8 26 20 6 7 13 1 20 9 12 11 29 13 0 0 0 2 0 0 0 0 0 0 0 0 0 0 1 0 0 0 0 0 5 0 0 0 0 0 0 0 0 0 0 0 0 4 0 0 1 0 0 0 0 23 0 0 3 1 1 4 0 0 0 0 0 0 0 0 0 0 0 0 0 0 0 0 0 0 0 29 0 12 2 0 
 2 2 2 2 2 2 2 2 2 2 2 2 2 2 2 2 2 2 2 2 0 0 0 0 0 0 0 0 0 0 0 0 0 0 0 2 0 0 0 0 123 51 182 202 69 121 109 41 80 126 0 432 69 28 84 131 103 215 32 116 7 3 3 3 2 2 18 0 0 0 7 0 23 105 0 0 0 58 65 0 0 0 0 0 0 0 5 0 0 0 0 0 0 9 0 0 0 0 0 0 0 0 10 0 0 0 0 0 0 0 0 0 0 0 0 0 0 0 0 0 0 0 10 22 27 10 3 1 0 10 17 15 0 1 0 25 9 24 0 0 0 0 0 0 0 0 6 11 24 0 0 0 36 0 0 0 0 0 28 8 0 0 0 0 0 0 0 0 0 0 0 0 0 0 0 0 0 0 1 0 0 0 0 0 0 0 0 0 0 0 0 0 0 0 0 0 0 0 0 0 0 0 0 0 12 9 0 0 0 0 5 24 0 0 0 9 0 7 0 0 1 0 13 7 0 0 19 24 0 0 0 0 7 17 10 0 13 0 9 1 0 0 15 0 0 0 0 0 0 0 0 7 0 0 0 0 0 0 0 9 0 0 1 66 1 1 0 58 2 0 0 0 0 0 0 0 0 0 0 0 0 0 0 0 12 9 0 0 0 0 
 0 2 0 0 3 4 0 0 0 0 0 0 0 0 0 0 0 0 2 0 0 0 0 0 1 0 0 0 0 0 0 0 0 0 0 0 0 0 0 0 25 51 113 239 62 189 50 33 43 81 432 0 43 23 29 47 82 131 21 29 0 0 2 9 0 0 77 2 0 0 15 2 29 53 1 7 1 1 50 0 0 0 0 0 0 0 0 0 0 0 0 0 0 0 0 0 0 0 0 0 0 0 0 0 24 0 0 0 0 0 0 0 0 0 0 0 0 0 0 0 0 0 5 22 50 0 0 0 0 7 27 0 0 0 0 0 3 24 0 0 0 20 34 2 7 0 22 20 29 22 0 2 19 10 35 0 0 9 19 49 0 0 0 0 0 0 0 0 0 0 6 0 0 0 0 0 0 0 8 0 0 0 0 0 0 0 0 0 0 0 0 0 0 0 0 0 0 0 0 0 0 13 0 0 13 26 0 0 8 0 0 19 0 0 21 8 0 6 0 0 16 0 56 7 5 0 86 13 6 17 3 0 38 0 62 18 18 0 23 1 0 0 0 0 0 0 0 0 2 0 0 0 0 0 0 0 0 0 0 13 0 0 1 0 3 8 6 64 2 0 0 0 0 0 0 2 0 0 0 0 0 0 0 0 6 15 0 0 2 0 
 0 0 0 0 0 0 0 0 0 0 0 0 0 62 0 0 0 0 67 1 2 2 2 7 131 61 2 2 2 3 2 2 2 4 2 2 2 2 2 2 64 96 56 262 127 25 228 238 83 185 69 43 0 164 85 107 105 64 153 146 0 0 1 0 2 2 0 0 58 3 1 4 9 0 0 0 2 3 0 3 0 0 0 1 0 0 0 13 0 0 0 0 0 2 0 1 0 0 0 0 0 0 21 0 0 0 0 0 0 0 0 0 0 0 0 0 0 0 0 0 28 0 6 0 0 0 21 9 10 0 0 25 1 8 0 0 0 1 12 28 0 0 0 0 0 0 0 0 0 0 0 0 0 0 0 0 0 0 0 0 0 0 0 0 0 0 19 0 10 0 0 0 0 13 0 19 0 33 18 81 0 0 0 0 0 0 0 0 0 0 0 0 0 0 0 0 0 0 0 0 29 11 19 0 0 13 11 51 12 30 0 0 8 15 8 1 36 11 24 8 0 0 0 0 0 0 0 0 0 0 0 0 0 0 0 0 0 17 0 0 0 0 0 0 0 0 0 0 1 0 0 3 0 0 0 0 0 0 0 10 0 0 2 1 2 1 2 0 0 0 0 0 0 0 0 0 0 0 0 0 0 0 0 0 0 0 0 0 0 0 
 2 0 0 0 0 0 0 0 3 0 0 0 0 0 0 0 0 3 0 0 0 0 69 62 3 105 0 0 2 0 25 87 0 0 0 0 0 0 0 0 292 76 284 291 81 260 357 137 106 149 28 23 164 0 241 126 39 28 270 230 0 0 0 0 0 0 0 0 0 0 0 0 3 0 3 0 0 0 0 0 0 11 0 0 0 0 0 0 0 0 0 0 0 0 0 0 0 0 0 0 0 0 0 0 17 10 0 0 0 0 0 9 0 0 0 0 1 0 0 0 10 38 0 1 0 9 0 9 7 0 0 6 9 22 1 0 0 0 1 33 0 0 0 0 0 0 5 0 0 0 0 0 0 0 0 0 1 0 0 0 0 0 0 6 10 0 0 0 0 1 0 0 0 0 0 0 0 0 0 4 0 0 0 0 7 36 0 0 0 0 0 0 0 0 0 0 0 0 0 0 0 7 11 0 0 8 17 0 0 7 0 0 7 7 22 14 0 0 11 21 0 0 0 0 0 0 0 0 0 0 0 0 0 0 0 0 0 0 9 0 0 0 0 0 0 0 0 0 0 0 0 3 0 1 0 0 0 61 0 0 0 0 2 0 1 0 2 0 2 0 0 0 0 0 0 0 0 0 0 0 0 0 0 0 0 0 0 0 0 0 
 8 0 4 0 3 2 2 0 0 0 2 0 0 3 2 4 2 0 10 3 0 0 0 129 31 30 0 0 0 3 63 186 0 0 0 0 6 0 0 0 36 111 48 282 87 62 69 289 371 72 84 29 85 241 0 98 52 29 212 161 2 0 0 0 0 1 0 2 0 3 46 0 9 2 0 0 0 0 1 1 0 2 0 0 0 0 12 0 0 1 0 0 0 0 0 0 0 0 0 0 0 0 0 1 0 0 0 0 8 0 0 7 0 0 0 0 0 0 0 0 24 49 1 0 0 0 20 1 10 0 0 6 21 9 1 0 8 0 21 8 0 0 0 0 0 0 6 0 0 0 0 5 0 0 0 0 0 0 0 0 0 10 0 0 2 0 4 8 2 2 0 8 1 0 40 0 7 5 0 5 0 0 1 0 0 21 0 0 0 0 0 0 0 0 0 0 0 1 0 0 2 11 3 0 0 0 7 16 11 6 0 0 25 0 3 9 9 1 19 21 0 0 19 0 0 0 0 2 0 0 0 0 0 0 0 0 0 0 0 0 0 0 0 0 0 0 0 0 0 17 0 52 0 0 0 0 0 41 0 0 0 0 0 0 0 0 0 0 0 0 0 0 0 0 0 0 0 0 0 0 0 0 0 0 0 0 0 0 0 0 
 3 3 3 21 3 3 3 3 5 3 3 5 3 66 3 3 3 3 3 3 0 0 0 0 2 64 0 0 0 0 0 0 6 0 0 3 0 0 4 0 335 142 160 303 303 71 201 66 187 161 131 47 107 126 98 0 322 100 91 156 0 0 0 0 0 0 0 0 0 0 0 1 5 0 0 0 0 0 0 0 0 0 0 0 2 0 0 0 0 0 12 5 0 0 0 0 0 0 0 0 0 0 0 0 0 0 14 0 0 2 0 0 0 0 0 0 0 0 0 3 21 24 0 23 8 0 0 13 0 18 11 18 10 45 11 15 14 7 0 20 0 0 0 0 0 0 0 0 0 0 0 9 8 0 0 0 0 6 0 0 0 29 0 9 14 0 0 0 0 0 0 0 0 0 0 0 0 0 0 0 0 0 0 0 0 13 2 3 7 0 0 0 4 39 3 0 0 0 4 0 0 3 17 21 27 10 29 0 9 23 34 10 10 0 4 0 0 7 17 0 0 0 0 0 0 5 1 0 0 0 0 0 0 9 0 0 0 0 14 8 0 7 0 0 0 0 0 0 0 17 0 4 0 0 0 0 0 0 0 2 0 0 32 63 0 0 0 1 1 0 13 0 0 0 0 0 0 0 0 0 0 0 0 0 0 0 0 0 0 0 
 3 3 3 3 3 3 3 3 3 3 3 3 3 3 3 3 3 3 3 3 0 0 0 0 0 0 0 0 0 0 0 0 5 1 0 3 0 0 0 0 413 40 117 118 159 104 161 254 109 134 103 82 105 39 52 322 0 137 478 117 0 0 0 0 0 0 8 0 6 0 0 1 9 0 0 0 11 0 51 23 0 0 0 0 0 0 0 0 0 0 0 0 0 0 0 0 0 0 4 0 0 0 0 0 0 0 0 0 0 0 0 0 0 0 0 0 0 0 0 0 17 0 20 2 2 1 0 27 0 33 9 16 10 11 13 45 6 7 0 1 0 11 0 0 0 0 54 0 0 0 0 0 0 19 0 0 0 2 15 12 0 0 0 0 0 0 0 0 1 0 0 0 0 0 1 0 0 0 0 0 0 0 0 0 0 0 0 0 0 15 0 0 0 0 0 0 0 0 0 0 8 0 11 26 25 1 12 4 0 26 23 35 0 0 0 2 10 0 0 0 0 9 0 1 0 0 0 0 0 0 0 0 12 14 1 0 19 0 21 12 0 12 0 0 0 0 0 0 0 0 0 4 0 2 0 0 0 0 68 5 0 0 31 72 44 0 2 0 0 0 10 0 0 0 0 0 0 0 0 0 0 0 0 0 9 2 0 0 0 0 
 0 5 2 1 2 4 0 2 3 1 2 0 1 4 1 1 2 3 3 1 2 0 36 1 2 2 2 0 0 1 1 63 1 1 2 0 2 1 0 2 166 73 79 131 190 124 28 43 148 180 215 131 64 28 29 100 137 0 26 105 0 0 0 0 0 3 7 0 5 2 3 0 61 1 0 0 9 4 20 123 0 0 0 0 0 0 0 0 0 0 0 0 0 0 0 0 0 0 0 0 0 0 0 0 0 0 0 0 0 0 0 0 0 0 0 0 0 0 0 0 0 0 19 0 73 15 0 16 0 33 17 5 0 1 5 11 6 22 0 0 0 0 0 0 0 0 31 9 0 0 0 0 7 1 0 0 0 0 8 11 0 0 0 0 0 0 0 0 0 0 0 0 0 0 0 0 0 0 0 0 0 0 0 0 0 13 0 0 0 0 0 0 0 0 0 0 0 0 11 0 0 0 0 31 14 0 7 0 1 1 17 49 1 0 0 4 9 0 0 6 0 1 0 0 0 0 0 19 0 0 0 0 0 1 0 0 6 0 19 0 0 0 0 0 0 0 2 0 0 0 0 11 0 0 0 0 0 2 0 9 0 0 1 1 81 0 2 0 0 0 0 0 0 0 0 0 0 0 0 0 0 0 0 0 2 16 0 0 2 1 
 3 0 0 0 0 0 0 1 0 0 0 0 2 0 0 0 66 0 0 0 0 62 1 62 0 121 0 3 12 64 0 74 2 0 1 0 0 21 0 0 248 133 106 84 58 46 61 98 84 125 32 21 153 270 212 91 478 26 0 233 0 0 0 0 0 0 0 0 0 0 0 0 0 1 6 0 0 0 0 1 0 0 0 0 0 0 0 0 0 0 0 0 0 0 0 0 0 0 0 3 0 19 0 0 0 8 0 0 8 1 19 55 0 0 0 0 0 0 0 0 17 37 12 27 0 0 15 7 34 0 1 0 0 14 1 5 20 0 12 9 0 0 0 0 0 0 9 0 0 0 0 0 0 0 0 0 0 0 0 0 0 0 0 0 1 0 0 0 4 0 0 0 0 0 0 0 0 0 0 0 0 0 14 0 1 31 0 0 0 0 0 0 0 0 0 0 0 0 0 0 13 7 0 0 0 0 31 18 6 7 0 0 22 4 30 0 40 15 6 30 0 0 0 0 0 0 0 0 0 0 0 0 0 0 0 0 0 0 0 0 0 0 0 0 0 0 0 0 0 32 0 4 0 2 0 0 0 84 0 10 0 0 0 0 0 2 1 0 0 0 0 0 0 0 0 0 0 0 0 0 0 0 0 0 0 0 0 0 0 0 
 1 3 0 0 2 0 0 0 0 0 0 0 1 0 0 0 87 0 0 0 0 0 0 21 3 144 0 2 0 0 0 31 0 0 0 0 208 0 0 0 74 133 100 62 128 257 196 343 70 372 116 29 146 230 161 156 117 105 233 0 0 0 0 0 0 4 6 6 0 0 4 2 0 0 0 0 12 0 0 0 0 0 0 0 0 0 0 0 0 0 0 0 0 0 0 0 0 0 1 0 0 0 0 1 0 25 0 0 0 0 0 31 0 0 0 0 0 0 0 0 14 25 9 32 0 0 12 17 0 0 7 1 0 14 16 0 30 7 0 27 0 0 0 0 0 0 9 0 0 0 0 0 0 0 0 0 1 0 0 0 0 0 0 0 0 0 0 0 9 0 0 0 0 0 0 0 0 0 0 0 0 0 1 0 15 34 0 0 10 5 0 0 0 0 0 0 0 0 0 0 10 4 11 3 0 16 40 29 8 7 0 0 15 0 33 12 9 7 0 22 0 0 0 0 0 0 0 0 0 0 7 0 0 0 0 0 0 0 10 0 0 0 0 0 0 0 0 0 0 0 0 5 0 0 0 0 0 62 0 19 0 0 0 1 2 6 2 0 0 0 0 0 0 0 48 0 0 0 0 0 0 0 0 0 0 10 0 3 0 0 
 2 0 0 0 0 0 6 33 1 0 0 0 22 0 0 0 0 0 0 0 44 58 0 0 1 0 0 33 22 0 0 0 0 0 0 0 0 0 0 0 0 0 0 26 3 111 0 0 8 0 7 0 0 0 2 0 0 0 0 0 0 103 393 81 38 20 85 98 134 42 74 39 76 99 113 127 96 379 137 55 4 0 9 0 0 0 8 0 1 0 0 0 4 0 0 0 1 0 0 0 0 0 0 0 0 0 0 0 0 0 0 0 0 0 0 0 40 0 0 0 0 0 0 0 0 17 3 0 0 13 0 0 0 0 0 0 0 1 0 0 10 1 12 12 17 5 0 26 8 16 9 0 0 0 28 7 12 21 10 0 0 15 0 0 0 0 0 8 0 0 0 0 0 0 4 0 0 0 0 7 0 0 0 0 0 0 0 0 0 0 0 0 0 0 0 0 0 0 0 0 0 0 0 0 0 0 0 0 0 0 0 0 0 0 0 0 0 0 9 0 0 14 13 6 34 27 12 0 7 18 14 15 10 27 0 3 15 7 2 0 0 0 0 15 0 0 0 0 0 2 0 0 0 53 7 0 25 0 0 0 0 0 0 0 0 0 0 0 0 0 16 0 0 0 0 2 0 0 0 0 0 0 0 0 0 2 0 0 0 0 
