 0 331 252 153 125 46 174 140 45 261 40 29 143 129 61 26 127 328 366 71 0 0 2 0 2 203 1 3 0 2 0 3 0 3 0 0 6 0 3 0 0 0 2 3 0 0 0 0 0 2 3 0 2 0 0 0 0 0 30 5 37 0 0 0 4 17 3 0 4 0 4 0 0 0 0 0 3 0 3 55 32 29 11 23 0 0 25 25 18 0 0 0 25 32 29 33 5 0 15 0 0 0 0 0 0 0 0 0 0 0 0 0 0 0 0 0 0 0 0 0 2 2 0 0 0 0 0 0 0 0 0 0 0 1 0 0 0 0 0 0 2 0 0 0 0 0 0 0 0 0 0 2 0 0 0 0 0 0 0 0 14 22 12 0 0 0 2 19 0 16 7 0 3 9 0 0 7 7 18 24 0 0 0 0 0 0 0 0 0 0 0 0 2 0 0 0 0 0 0 0 0 0 0 0 0 2 0 0 0 0 0 0 0 0 0 0 0 0 0 0 0 0 0 0 0 0 0 0 0 0 7 0 0 0 0 0 3 0 0 0 0 2 0 0 0 0 0 0 2 0 1 89 10 0 0 0 0 0 0 0 0 0 0 0 0 0 0 0 0 0 0 0 0 1 0 8 0 0 0 0 0 0 0 0 0 0 0 0 0 0 
 331 0 438 68 194 138 195 540 165 96 331 256 172 226 64 64 122 209 318 34 3 0 11 2 4 2 0 5 0 79 0 9 0 6 0 3 6 0 77 0 1 3 2 69 8 1 0 0 0 3 3 5 2 0 1 0 0 3 0 6 20 2 0 0 5 7 9 0 7 9 6 0 0 4 0 3 4 4 0 5 14 14 57 19 13 38 14 11 20 5 31 46 0 13 0 19 0 53 0 0 0 0 0 0 0 0 7 0 1 0 0 0 12 1 0 0 0 0 39 40 0 1 0 0 0 0 0 0 0 0 0 0 0 0 0 0 0 0 0 0 0 0 0 0 0 0 0 0 2 0 0 2 0 0 0 0 0 0 0 0 0 13 67 13 41 33 13 0 11 25 17 27 0 0 0 7 16 20 0 0 0 0 0 0 0 0 0 0 0 0 0 0 16 0 9 0 0 0 23 10 0 0 0 0 0 0 0 0 0 0 0 0 0 0 0 0 0 0 0 0 0 0 0 0 0 0 0 0 3 11 0 0 0 0 0 0 1 0 0 0 0 0 0 0 0 2 1 0 1 1 0 50 0 0 2 0 0 0 0 0 0 0 11 0 0 0 1 0 0 0 0 0 0 2 0 0 12 0 0 0 0 0 0 0 0 0 0 0 0 0 
 252 438 0 314 100 23 185 253 86 63 402 40 206 51 278 79 150 327 37 259 0 0 2 0 2 0 0 3 0 3 0 3 82 3 0 0 7 0 3 78 0 0 0 3 0 0 0 0 0 2 3 0 2 0 0 0 0 0 36 2 0 0 0 0 2 6 3 0 3 0 9 0 0 0 0 0 3 0 0 3 53 56 0 16 11 0 24 22 19 14 21 27 20 18 19 14 50 0 16 0 0 0 0 0 0 0 1 0 0 0 26 22 0 0 0 0 0 0 48 0 0 0 0 0 0 0 0 0 0 0 0 0 0 0 0 0 0 0 0 0 0 0 0 0 11 0 0 0 0 0 0 2 0 0 1 0 0 0 0 0 22 46 31 20 33 8 0 18 5 20 19 22 0 34 0 0 20 25 0 18 0 0 0 0 0 0 0 0 0 0 0 0 23 0 0 0 23 0 2 0 0 0 0 0 0 0 0 0 0 0 0 0 0 4 0 0 0 0 0 0 0 0 0 0 0 0 0 0 0 0 0 0 0 0 0 0 0 0 0 0 0 0 0 0 0 3 0 2 2 2 0 6 11 0 1 0 0 0 0 0 0 0 3 0 0 0 0 0 0 0 0 0 0 0 0 36 0 0 0 0 0 0 0 0 0 0 0 0 0 0 
 153 68 314 0 168 68 168 207 84 90 229 30 304 167 97 308 224 126 72 71 29 0 3 0 3 0 0 4 0 1 0 2 171 103 0 0 7 0 82 25 0 0 0 3 0 0 0 0 0 3 3 1 2 0 0 0 0 0 0 2 0 0 0 0 2 3 3 1 3 0 3 0 0 0 0 0 3 0 0 3 2 14 0 19 0 0 0 0 35 11 32 38 0 0 11 10 20 16 0 0 26 0 1 0 0 0 0 0 1 0 0 0 1 8 0 0 0 0 22 1 14 0 0 2 0 0 0 0 0 0 0 0 0 0 0 0 0 1 0 0 0 0 0 0 6 0 0 0 0 0 0 0 4 6 0 0 0 0 0 0 0 8 11 31 24 0 0 0 9 3 0 20 0 10 0 19 1 0 0 0 0 32 0 0 0 0 1 0 1 2 2 0 18 0 23 0 8 0 24 0 0 0 0 0 0 0 0 0 0 0 0 0 0 0 0 0 0 0 0 0 0 0 0 0 0 0 1 8 0 0 0 0 0 0 0 0 0 0 0 0 0 0 0 0 0 4 58 2 0 95 10 10 2 0 0 0 0 0 0 0 0 0 34 0 0 0 0 0 0 0 0 0 0 13 0 19 0 0 0 0 0 0 0 0 0 0 0 0 0 0 
 125 194 100 168 0 369 126 124 113 79 199 45 274 262 184 58 46 130 49 69 62 1 76 0 2 51 98 80 0 2 0 3 135 180 75 2 4 78 157 87 0 0 0 3 0 6 0 0 0 2 3 0 2 64 0 0 0 0 2 3 0 0 0 2 7 3 3 37 2 0 0 0 0 0 0 0 3 0 8 3 18 22 0 17 0 0 0 0 12 2 5 41 0 0 0 0 28 0 0 0 44 15 35 0 1 1 22 39 10 18 0 23 33 51 59 0 8 9 81 21 0 0 0 0 0 0 0 0 0 0 2 0 0 0 0 0 0 0 0 0 0 0 0 0 5 1 0 0 0 0 1 0 0 0 0 0 0 0 0 5 18 15 9 12 4 0 7 0 1 23 0 22 0 47 0 0 0 19 0 0 12 23 26 18 0 0 47 2 38 19 0 0 0 0 10 53 0 0 43 0 1 0 0 0 0 0 0 0 0 0 0 0 0 0 0 0 0 0 3 0 0 0 0 0 0 0 0 0 0 0 0 0 0 0 0 0 0 0 0 0 0 0 0 0 0 2 3 1 1 2 12 3 3 0 0 0 0 0 0 0 0 2 2 0 0 0 0 0 0 0 0 0 0 0 0 0 0 0 0 0 0 0 0 0 0 0 12 0 0 0 
 46 138 23 68 369 0 34 34 207 108 173 163 282 32 259 53 154 150 44 261 74 0 30 2 3 0 0 150 1 76 78 2 73 78 30 0 5 0 125 99 0 0 0 3 0 0 0 0 0 3 3 3 2 0 1 0 0 0 0 2 0 0 0 0 25 3 2 0 3 0 0 0 0 0 0 0 3 0 5 3 0 9 12 0 7 9 0 0 0 0 0 13 0 0 0 10 0 44 0 0 30 11 45 0 0 0 18 28 37 15 0 1 26 20 22 0 0 2 11 66 0 0 0 1 1 0 0 0 0 0 0 0 0 0 0 0 0 0 0 0 0 0 0 0 0 0 0 0 0 0 0 0 6 2 0 0 0 0 0 0 0 0 30 0 15 36 0 0 0 0 0 11 0 0 0 11 25 9 0 0 1 49 0 11 2 0 30 21 37 0 21 0 48 0 27 26 0 9 19 32 0 0 0 0 0 0 0 0 0 0 0 0 0 0 0 0 21 0 29 0 0 0 0 0 0 0 0 0 0 0 0 0 0 0 0 0 0 18 0 0 0 0 0 0 0 2 86 0 1 5 1 12 0 0 0 0 0 0 0 0 0 0 0 0 0 0 0 0 0 0 0 0 0 0 0 0 10 0 0 0 0 0 0 0 0 20 15 0 0 0 
 174 195 185 168 126 34 0 534 64 36 147 389 345 173 69 91 221 100 60 89 0 0 2 0 1 0 4 5 0 3 0 3 0 5 0 0 6 0 3 0 0 0 0 3 0 0 0 0 0 2 3 0 2 0 25 0 0 0 1 3 48 2 0 0 5 3 3 0 2 0 1 0 34 0 0 0 3 0 0 3 55 28 20 42 0 6 31 32 23 31 18 1 0 17 14 0 38 19 1 0 0 0 0 0 0 0 20 0 2 1 0 0 0 0 0 0 0 0 0 2 0 0 0 0 0 0 1 0 2 0 0 0 0 0 0 0 0 0 0 0 0 0 0 0 0 2 0 0 0 0 0 0 0 0 0 0 0 0 0 0 51 10 9 16 0 0 11 18 0 0 9 63 0 23 1 13 2 30 0 4 0 0 0 0 0 0 0 0 0 0 0 0 1 0 0 0 0 0 10 0 0 0 0 0 0 0 0 0 16 0 1 0 0 0 0 0 0 0 0 0 0 0 0 0 0 0 0 0 0 0 0 0 0 0 0 0 0 0 0 0 0 0 0 0 0 4 0 0 2 88 0 11 0 0 2 0 0 0 0 27 0 0 9 0 0 0 0 0 0 0 0 0 0 0 0 17 14 19 0 0 0 0 0 0 0 0 0 0 0 0 
 140 540 253 207 124 34 534 0 275 160 240 34 309 82 600 123 48 208 56 146 0 0 3 0 3 3 0 3 0 1 0 2 0 3 0 0 6 0 8 1 0 0 0 2 0 0 0 0 9 3 3 0 2 0 65 0 8 0 2 2 33 0 0 0 2 3 1 0 3 0 0 0 0 0 0 0 3 0 0 3 23 11 17 31 0 0 0 44 23 14 27 41 21 0 13 1 14 0 13 21 0 0 0 0 0 0 0 0 0 0 0 25 0 0 16 0 0 0 14 13 0 0 0 0 0 0 0 0 0 0 56 0 0 0 0 0 0 0 0 0 0 0 0 0 0 0 0 0 0 0 0 0 0 0 0 0 0 0 0 0 36 14 12 24 12 28 0 2 17 36 12 20 0 16 0 15 0 35 0 0 0 0 0 0 0 0 0 0 0 0 0 0 0 0 0 0 15 1 14 0 0 0 0 0 0 0 0 0 0 13 0 0 0 0 0 0 0 0 0 0 0 0 0 0 0 0 0 0 0 0 0 0 0 0 0 0 0 0 0 0 0 0 0 0 0 0 2 2 2 90 2 17 0 0 0 0 0 0 0 0 0 0 12 0 0 0 0 0 0 0 0 0 0 0 0 0 0 2 0 0 0 0 0 0 0 0 0 0 0 0 
 45 165 86 84 113 207 64 275 0 290 159 124 129 293 129 331 129 144 77 123 2 0 208 0 2 0 1 3 0 2 0 3 36 3 0 0 6 0 4 113 0 0 0 3 0 0 0 0 0 2 3 2 2 0 1 0 0 2 1 2 0 0 0 0 2 3 14 0 2 0 52 0 0 0 0 0 3 0 0 3 0 7 0 38 10 65 7 18 1 8 43 13 29 1 49 33 0 59 15 10 19 14 1 0 0 0 8 0 11 0 0 0 20 10 0 0 9 0 1 8 0 0 0 0 0 0 0 1 0 0 0 0 0 0 0 0 0 0 0 0 0 1 0 0 0 13 1 0 0 0 0 0 0 0 0 16 0 0 0 0 0 0 0 9 21 4 16 12 17 33 20 11 0 18 0 0 16 0 0 0 0 0 0 0 0 0 0 11 0 0 0 0 10 22 14 35 0 0 11 26 0 0 0 0 0 9 0 0 0 9 2 0 0 0 0 0 0 0 0 0 0 0 0 0 2 0 0 0 0 0 0 0 0 0 0 0 0 0 0 0 0 0 0 0 0 4 89 0 0 90 0 14 0 0 0 0 0 0 0 0 0 0 0 0 0 0 0 0 0 2 0 0 0 0 0 0 0 0 0 0 0 0 0 0 0 0 0 0 0 0 
 261 96 63 90 79 108 36 160 290 0 152 248 278 364 317 243 139 332 56 97 0 0 5 0 3 0 0 3 0 1 0 2 0 4 0 0 5 0 3 76 0 0 0 3 0 0 0 0 0 69 3 2 2 0 1 0 0 0 1 2 26 0 0 0 2 3 5 0 3 0 0 0 0 0 0 0 3 0 0 3 0 14 0 44 20 59 0 0 0 24 87 11 14 0 15 33 1 26 12 8 24 10 22 0 0 0 16 0 11 0 0 0 25 9 0 0 10 0 2 34 0 0 0 12 0 0 0 0 0 0 0 0 0 0 0 0 0 0 0 0 0 0 0 0 0 0 0 0 0 0 0 0 0 0 0 0 0 0 1 0 0 16 0 12 15 1 0 13 9 2 24 28 0 8 0 0 39 9 0 0 13 0 0 0 1 0 0 30 0 19 0 0 26 11 12 19 0 0 77 25 0 16 0 0 0 0 0 2 0 0 0 0 0 0 0 0 0 0 0 0 0 0 0 0 0 0 0 0 0 0 0 0 0 0 0 0 0 0 0 0 0 0 0 0 0 0 89 0 9 107 2 2 0 0 0 0 0 0 0 0 0 0 0 0 0 0 0 0 0 0 0 0 0 0 0 1 10 0 0 0 0 0 0 0 0 0 0 0 0 0 
 40 331 402 229 199 173 147 240 159 152 0 61 45 86 159 468 84 54 30 64 1 2 6 0 3 0 4 4 0 2 0 3 74 3 0 6 6 0 81 0 0 0 2 3 0 0 5 4 0 2 3 0 2 0 1 2 0 0 0 4 1 0 0 4 2 66 7 0 3 0 8 0 0 0 0 0 3 2 0 3 11 12 10 17 29 13 0 11 12 7 9 10 0 20 0 11 24 10 17 0 0 0 1 0 0 0 0 0 0 0 0 17 0 0 0 0 0 0 35 20 0 0 0 0 0 0 0 0 0 0 0 0 0 0 0 0 0 0 0 0 0 0 0 0 0 0 0 0 0 0 0 0 4 0 0 0 0 0 0 0 15 2 17 19 17 28 4 22 13 11 10 46 0 29 1 11 33 18 0 10 14 0 0 0 0 0 0 0 0 0 0 0 35 0 0 0 0 0 10 16 0 0 2 0 0 0 0 0 0 0 0 0 0 0 0 0 2 0 0 2 0 0 0 0 0 0 0 0 0 0 0 0 0 0 0 0 0 0 0 1 0 0 0 0 0 2 1 0 3 4 0 5 0 0 0 0 0 0 0 0 0 0 10 0 0 0 0 0 0 0 0 0 0 0 0 18 0 0 0 0 0 0 0 0 0 0 0 0 0 0 
 29 256 40 30 45 163 389 34 124 248 61 0 58 334 48 39 321 178 143 37 91 0 2 0 3 5 0 78 5 5 0 3 81 4 4 24 7 2 155 83 0 4 0 71 0 0 0 3 4 2 9 2 2 0 63 0 1 10 0 5 15 0 0 0 2 7 7 0 2 4 3 50 0 8 4 0 3 0 0 3 12 0 36 27 12 79 16 13 0 8 31 14 0 18 0 16 0 26 9 0 15 17 21 0 13 22 27 25 1 0 0 0 19 2 0 0 22 0 15 20 0 0 0 0 0 0 0 0 0 0 1 0 0 0 0 0 0 0 0 0 0 0 0 0 0 0 0 0 0 0 0 0 4 0 0 0 2 0 0 0 1 20 6 11 16 37 4 0 13 29 12 27 0 0 0 14 15 21 0 0 16 0 0 15 2 0 16 1 0 0 0 0 19 30 17 0 5 0 13 25 2 14 0 0 0 0 0 0 0 0 0 0 11 0 0 0 0 0 0 0 0 1 0 0 0 0 0 0 13 0 0 17 0 0 0 18 0 0 0 0 0 0 0 0 0 1 9 0 1 10 0 14 0 2 0 0 0 0 0 0 0 0 0 0 0 0 0 0 0 0 0 0 0 0 0 0 13 0 0 0 0 12 0 0 0 0 0 0 0 0 
 143 172 206 304 274 282 345 309 129 278 45 58 0 418 478 474 138 183 213 229 0 0 7 2 2 0 1 6 0 5 2 9 0 3 0 0 13 5 7 0 0 0 0 6 4 0 0 0 0 2 8 3 2 0 0 0 9 3 35 3 38 0 3 3 2 3 3 0 2 8 5 0 0 3 4 4 8 0 2 3 47 0 0 13 0 0 0 41 1 0 0 3 20 20 32 29 0 0 0 0 0 0 1 0 0 0 0 0 0 0 0 25 0 2 0 0 0 0 0 0 0 0 0 0 0 0 0 0 0 0 0 0 0 0 0 0 0 2 0 0 0 0 0 0 0 0 0 0 0 0 0 2 0 9 1 0 0 0 0 0 0 25 0 4 0 3 3 9 2 19 0 20 14 3 74 0 1 8 0 9 0 1 0 0 0 0 0 0 0 0 0 0 0 0 0 0 0 0 0 0 0 0 0 0 0 0 2 0 0 0 0 0 0 0 0 0 0 0 0 0 0 0 2 0 0 0 0 0 0 0 0 0 0 0 2 0 0 0 0 0 0 0 0 0 0 2 1 1 2 0 0 11 0 0 0 0 0 0 0 0 0 0 0 0 0 36 0 0 0 0 0 0 0 2 0 16 0 0 0 0 0 0 0 0 0 0 0 0 0 0 
 129 226 51 167 262 32 173 82 293 364 86 334 418 0 112 256 18 32 404 222 0 0 2 0 1 0 0 13 0 3 0 3 0 79 0 0 7 0 3 0 0 3 0 3 0 0 23 0 0 7 3 3 2 0 0 2 0 0 0 3 3 0 0 0 2 3 3 0 2 0 0 0 0 32 0 0 6 2 0 3 1 35 29 20 0 21 65 0 0 16 0 0 10 15 17 22 0 11 0 0 0 0 0 0 0 0 0 0 0 0 0 0 0 0 1 0 0 0 0 0 0 0 0 0 0 0 0 0 0 0 0 0 0 0 0 0 0 0 0 0 0 0 0 0 0 0 0 0 0 0 0 5 0 0 0 0 0 0 2 0 6 29 1 2 0 0 19 15 0 39 0 0 23 0 10 0 10 25 67 18 0 0 0 13 0 0 0 0 0 15 0 0 0 0 0 1 0 0 0 0 0 0 0 0 0 0 0 0 0 0 0 0 0 0 0 0 18 0 0 0 0 0 0 0 0 0 0 2 0 0 0 0 0 0 0 0 0 0 0 0 0 0 0 0 0 0 0 0 93 0 0 10 1 0 2 0 0 0 0 0 0 0 0 0 0 0 0 0 0 0 0 0 0 0 0 0 15 0 0 0 0 0 0 0 0 0 0 0 0 0 
 61 64 278 97 184 259 69 600 129 317 159 48 478 112 0 89 126 102 185 236 0 0 3 0 1 0 0 5 0 3 0 3 0 3 0 0 5 0 3 0 0 0 2 3 0 0 0 0 0 2 3 0 3 0 1 0 0 0 1 6 0 0 0 0 2 14 3 0 48 0 4 0 0 0 0 0 3 0 0 3 29 13 0 63 0 0 11 15 7 1 21 23 23 16 14 12 6 0 26 9 0 0 0 0 0 0 1 0 0 0 0 33 0 0 0 0 0 0 0 21 0 0 2 0 0 0 0 0 0 0 0 0 2 0 0 0 0 0 2 0 0 0 0 0 0 0 0 0 0 0 0 0 0 0 0 0 0 0 0 0 20 11 21 1 0 9 6 52 8 14 10 25 0 19 3 0 7 51 22 7 0 0 0 0 0 0 0 0 0 0 0 2 16 0 2 0 0 0 10 0 0 0 0 0 0 0 0 0 0 0 0 0 0 0 0 0 0 0 0 0 0 0 0 0 0 0 0 0 0 0 0 0 0 0 0 0 0 2 0 0 0 0 0 0 0 0 0 0 0 93 0 5 10 0 0 0 0 0 0 0 0 0 10 0 0 0 0 0 0 0 0 0 0 0 0 0 0 0 0 0 0 0 0 0 0 0 0 0 0 0 
 26 64 79 308 58 53 91 123 331 243 468 39 474 256 89 0 243 65 40 289 0 0 3 0 3 0 0 5 0 1 0 2 0 3 0 0 6 0 3 25 0 0 0 3 0 0 0 0 0 3 3 2 2 0 2 0 0 0 1 2 0 0 0 0 2 3 2 0 3 0 3 0 0 0 0 0 3 0 0 3 2 10 3 13 9 0 0 0 0 35 28 38 16 0 28 32 29 23 12 9 10 0 0 0 0 0 1 0 1 0 0 15 10 0 0 0 0 0 0 11 0 0 0 0 0 0 0 19 0 0 0 0 0 0 2 0 0 0 0 0 0 0 0 0 0 0 0 0 0 2 0 0 0 0 0 0 0 0 0 1 14 1 16 1 14 6 3 33 41 0 33 19 0 54 0 21 31 2 0 1 18 0 0 0 0 0 0 2 0 0 0 0 34 0 2 17 2 0 0 10 0 0 0 0 0 0 0 0 0 0 0 1 0 1 2 10 0 0 0 0 0 0 0 0 0 0 0 0 0 0 0 0 0 0 0 1 0 0 0 0 0 0 0 0 1 0 87 0 92 173 0 6 0 0 2 0 0 0 0 0 0 0 0 0 0 1 1 0 0 0 0 0 0 0 0 20 0 0 0 0 0 0 0 0 0 0 0 0 0 0 
 127 122 150 224 46 154 221 48 129 139 84 321 138 18 126 243 0 91 82 46 73 0 3 0 3 0 0 5 0 1 1 2 1 77 0 0 6 0 78 0 0 0 2 3 0 0 0 0 0 3 3 0 2 0 0 0 0 0 0 2 49 2 0 3 2 6 3 4 33 3 7 0 1 2 0 0 3 0 0 3 32 0 15 15 0 11 20 14 17 6 0 0 0 28 11 0 11 17 14 0 0 0 0 0 0 0 14 0 0 0 0 12 0 0 0 0 1 0 14 15 0 0 1 0 0 0 0 0 16 0 0 0 0 0 0 0 0 0 1 0 0 0 0 0 0 0 0 0 0 0 0 0 4 5 0 0 0 0 0 0 14 0 0 0 0 16 14 10 0 0 0 24 0 5 0 9 1 1 0 14 0 9 0 0 0 0 0 11 0 0 20 0 21 0 0 12 0 0 13 11 0 0 0 0 0 0 0 0 0 0 0 0 0 0 0 0 0 0 2 0 0 15 0 0 0 0 0 0 0 0 0 0 0 0 0 19 0 0 0 0 0 0 0 0 0 0 85 0 3 42 0 16 0 0 0 0 0 0 0 0 0 0 0 0 0 0 0 0 0 0 0 0 0 0 0 21 36 0 0 0 0 0 0 0 0 0 0 0 0 0 
 328 209 327 126 130 150 100 208 144 332 54 178 183 32 102 65 91 0 123 43 75 0 3 0 3 0 0 77 0 209 1 2 0 77 0 0 7 0 76 0 0 0 0 3 0 1 0 0 0 3 3 0 2 0 0 0 0 0 0 2 57 0 0 32 2 3 5 0 3 0 0 0 29 0 0 0 3 0 0 3 40 1 70 29 7 36 15 74 20 5 16 13 0 16 11 0 18 45 0 0 0 6 21 0 0 0 18 36 0 1 0 0 0 9 0 2 4 0 31 95 0 0 0 0 0 0 0 0 0 0 0 0 0 0 0 0 0 0 0 0 0 0 0 0 0 0 0 0 0 0 0 0 6 5 0 1 0 0 0 0 39 12 10 0 10 75 27 15 10 14 0 32 0 15 0 24 0 25 0 0 0 10 0 0 0 0 0 0 0 0 0 0 0 1 5 0 0 0 33 19 0 1 2 1 0 0 0 0 0 0 0 0 0 0 0 0 0 0 10 2 0 0 0 0 0 0 0 0 0 0 0 0 0 0 0 0 0 0 0 2 0 0 0 0 0 0 91 2 0 110 2 10 0 0 0 0 0 0 0 0 0 0 12 0 0 0 0 0 0 0 0 0 0 0 44 0 28 0 0 0 0 0 0 0 0 0 0 0 0 0 
 366 318 37 72 49 44 60 56 77 56 30 143 213 404 185 40 82 123 0 233 0 2 2 0 2 0 1 3 0 2 0 3 0 5 0 0 5 0 3 0 0 2 0 4 0 0 0 0 0 2 3 0 2 0 2 0 0 0 0 2 66 2 0 0 2 18 5 0 5 0 1 0 0 0 0 3 4 0 55 5 14 22 47 16 0 0 56 19 13 0 0 0 3 41 34 23 7 10 2 0 0 0 0 0 0 0 0 0 0 0 0 0 0 0 0 0 0 0 0 0 0 0 0 0 0 0 0 0 0 0 0 0 0 0 0 0 0 0 0 0 0 0 0 0 0 0 0 0 0 0 0 0 0 0 0 0 0 0 0 0 8 11 16 0 0 0 14 0 1 8 9 0 15 0 12 0 6 8 42 0 0 0 0 0 0 0 0 0 0 0 0 19 0 0 0 0 0 0 0 0 0 0 0 0 0 0 0 0 0 0 0 0 0 8 0 0 0 0 33 0 0 0 0 0 0 0 0 0 6 0 0 0 0 0 0 0 0 0 0 0 0 0 0 0 13 2 2 0 0 0 0 5 10 0 0 0 0 0 0 0 0 0 0 0 0 0 0 0 0 0 0 0 0 0 0 0 10 0 0 0 0 0 0 0 0 0 0 0 0 0 
 71 34 259 71 69 261 89 146 123 97 64 37 229 222 236 289 46 43 233 0 0 3 5 0 0 2 0 3 0 3 0 2 2 74 0 5 1 0 0 0 0 0 0 2 8 0 4 0 0 1 0 2 0 0 2 0 0 2 0 0 0 0 0 45 0 5 1 4 0 3 5 3 0 0 0 0 1 2 0 0 1 1 2 29 33 0 12 6 0 7 0 7 12 12 11 12 0 15 14 20 0 0 0 0 0 0 0 0 0 0 0 0 39 0 0 0 0 0 0 0 0 0 0 0 0 0 0 0 0 0 0 0 1 0 0 0 0 0 1 0 0 0 0 0 0 0 0 0 0 0 0 3 0 0 1 0 0 0 0 0 4 7 1 0 0 0 1 0 8 29 13 0 22 0 13 0 9 16 65 14 0 0 0 0 0 0 0 0 0 0 0 1 0 10 0 0 0 0 0 0 0 0 0 0 0 0 0 0 0 0 0 0 0 0 0 0 0 0 0 0 0 0 0 0 0 0 0 0 0 0 0 0 0 0 0 0 0 0 0 0 0 13 0 0 0 0 0 0 3 0 0 11 1 0 2 0 0 0 0 0 0 0 0 0 0 0 0 0 0 0 0 0 0 0 0 0 0 0 0 0 0 0 0 0 0 0 0 0 0 0 
 0 3 0 29 62 74 0 0 2 0 1 91 0 0 0 0 73 75 0 0 0 137 144 37 49 250 515 275 40 42 36 41 176 125 341 125 45 113 175 44 0 0 2 0 0 0 2 42 0 0 2 0 0 0 0 0 0 4 0 0 0 1 0 1 1 3 0 1 2 0 0 0 0 3 0 0 0 0 0 0 0 0 0 0 10 0 0 0 0 0 0 19 0 0 0 0 0 0 0 0 21 0 6 12 42 17 13 44 0 22 6 0 39 14 0 9 18 20 14 11 0 0 12 0 0 0 0 0 0 0 2 0 0 0 0 0 0 0 0 0 0 0 0 0 12 0 2 0 0 0 0 0 4 8 0 0 0 0 0 0 2 0 3 0 21 1 0 0 0 33 0 0 0 0 0 0 0 0 0 0 23 35 0 23 9 0 22 32 17 33 0 14 3 23 25 2 29 9 6 0 0 3 0 0 10 0 2 0 0 0 0 0 0 0 0 0 0 0 0 22 0 0 0 0 0 0 0 0 0 0 0 0 0 0 0 0 0 2 0 0 0 0 0 0 0 78 65 0 0 0 10 0 0 0 4 0 0 40 0 0 4 2 0 0 0 0 9 0 0 0 0 0 0 0 0 0 0 0 0 0 0 15 0 0 0 0 0 0 0 0 
 0 0 0 0 1 0 0 0 0 0 2 0 0 0 0 0 0 0 2 3 137 0 159 263 113 48 263 128 209 314 210 49 27 49 157 22 62 177 50 48 3 3 2 67 2 3 2 0 0 0 2 2 62 3 3 2 0 2 127 3 7 1 2 4 3 4 2 51 4 2 1 0 3 3 4 1 0 2 1 5 0 0 0 0 0 0 0 0 0 0 0 0 0 0 0 0 0 0 0 0 0 22 0 0 35 1 21 11 1 33 0 0 0 21 25 47 25 0 0 0 13 0 0 0 0 0 0 0 0 0 0 0 9 0 2 0 0 20 12 7 0 0 0 0 0 0 1 0 0 0 0 0 0 0 2 0 0 0 0 0 0 0 0 11 0 0 0 0 0 0 0 0 2 0 26 0 0 0 0 0 0 11 9 0 31 0 0 0 114 2 70 24 0 6 10 12 0 28 0 0 0 14 0 0 0 0 0 0 0 37 0 0 0 0 0 0 0 0 1 0 0 0 0 0 0 0 0 0 0 2 0 8 0 0 0 0 0 0 0 0 0 0 0 0 0 0 0 0 1 0 0 0 0 0 12 0 0 5 90 2 3 0 0 0 0 0 10 0 0 0 0 0 0 0 2 0 0 0 0 0 0 0 0 0 0 0 0 0 0 0 
 2 11 2 3 76 30 2 3 208 5 6 2 7 2 3 3 3 3 2 5 144 159 0 520 129 250 78 227 107 389 102 260 64 295 154 381 425 59 42 49 0 0 3 0 0 0 2 0 0 0 2 0 25 5 0 0 0 0 0 0 0 0 0 0 0 3 0 0 2 0 0 1 0 3 1 0 0 0 0 0 0 0 0 0 0 0 0 0 0 0 0 0 0 0 0 1 0 0 1 0 11 0 18 1 15 0 6 4 28 11 64 0 12 19 0 31 9 1 0 6 0 0 0 0 0 0 0 0 0 0 0 0 0 9 0 0 0 0 0 21 0 0 2 0 0 2 0 0 0 4 0 0 0 0 0 4 4 0 0 0 0 0 12 0 0 17 0 0 0 0 0 0 10 0 7 0 0 0 0 0 17 0 34 11 19 14 9 20 39 0 13 0 0 10 18 0 9 7 0 3 0 0 0 0 0 0 42 0 0 0 0 0 0 0 0 0 0 0 0 1 12 0 0 0 0 0 0 0 0 0 2 0 0 0 0 0 0 0 0 1 0 0 16 0 0 0 0 0 0 0 0 0 0 0 13 0 1 0 80 1 2 9 0 0 0 0 0 0 0 0 0 0 0 0 0 0 0 0 0 0 0 0 0 0 0 21 0 0 0 0 
 0 2 0 0 0 2 0 0 0 0 0 0 2 0 0 0 0 0 0 0 37 263 520 0 197 33 107 104 149 281 99 108 85 96 208 215 78 174 72 47 0 2 2 0 0 0 3 0 0 0 2 0 28 5 0 0 1 2 64 62 0 2 0 5 1 5 0 0 2 2 48 0 0 3 0 0 0 0 0 0 0 0 0 0 0 0 0 0 0 0 0 0 0 0 0 0 0 0 0 0 0 0 0 8 30 0 19 44 11 1 11 12 0 0 1 34 16 1 0 1 0 0 0 0 0 0 0 0 0 0 0 0 11 0 0 0 0 0 28 10 0 0 0 0 0 3 0 17 0 0 0 0 0 0 0 4 3 0 0 0 0 0 0 0 0 0 0 0 0 0 0 0 4 0 9 0 0 0 0 0 0 0 20 30 11 12 0 0 31 0 17 20 0 19 21 2 7 21 0 1 0 0 0 0 0 0 13 0 0 0 0 0 0 0 3 0 0 0 3 0 0 1 0 0 0 0 0 0 0 0 0 0 0 0 0 0 0 0 0 0 0 0 22 0 0 0 0 0 0 0 0 0 0 0 11 0 2 42 114 0 0 11 6 0 0 0 9 0 0 0 0 19 0 0 0 0 0 0 0 0 0 0 0 0 0 0 0 0 0 0 
 2 4 2 3 2 3 1 3 2 3 3 3 2 1 1 3 3 3 2 0 49 113 129 197 0 329 91 146 156 310 223 267 92 87 174 133 114 223 274 48 0 0 2 0 0 0 64 53 4 77 2 0 63 4 62 0 1 0 1 62 0 2 50 3 0 50 0 0 2 0 0 0 0 3 0 0 0 0 0 0 0 0 0 0 0 0 0 0 0 0 0 0 0 0 0 0 0 0 0 0 0 0 10 10 62 10 6 0 0 12 0 0 0 0 0 25 27 14 0 0 8 13 21 0 0 22 26 0 0 0 1 0 20 13 0 14 0 14 10 7 0 0 0 3 0 0 0 0 48 0 0 2 2 0 0 2 0 0 0 0 0 0 0 0 0 0 0 0 0 1 0 0 2 0 4 0 0 0 0 0 0 0 13 72 11 0 0 0 15 0 2 24 0 20 0 0 0 27 0 0 1 10 11 6 0 0 9 0 10 6 0 1 21 14 0 32 7 0 12 0 0 0 0 0 0 0 0 0 0 0 9 0 0 0 0 0 0 0 1 0 0 0 0 0 0 0 0 0 0 0 0 0 0 1 185 0 2 2 79 0 0 0 0 0 0 0 0 0 0 0 0 0 0 0 0 0 0 0 0 0 0 11 0 0 0 0 0 0 0 0 
 203 2 0 0 51 0 0 3 0 0 0 5 0 0 0 0 0 0 0 2 250 48 250 33 329 0 243 254 52 58 162 208 69 67 49 402 404 62 49 39 1 0 65 0 3 3 175 30 4 2 2 3 155 25 128 0 4 0 0 62 0 3 0 2 0 3 0 1 17 0 1 5 0 3 0 0 0 0 0 0 0 0 0 0 0 0 0 0 0 0 0 0 0 0 0 0 2 0 0 0 0 0 2 12 9 26 0 3 0 0 0 1 0 1 0 0 0 13 0 10 3 15 7 0 13 0 31 51 18 0 0 0 19 3 19 16 1 33 43 0 11 0 0 3 0 0 0 0 0 0 0 1 1 0 0 0 0 0 0 0 0 0 0 0 0 0 0 0 0 2 0 0 0 0 0 0 0 0 0 0 0 0 0 0 19 49 0 0 0 0 0 0 0 0 0 0 0 15 22 0 21 37 0 0 0 0 20 3 14 6 8 0 58 7 12 32 0 0 12 21 0 0 0 0 0 0 0 0 0 0 0 0 0 0 0 0 0 0 1 0 0 0 0 0 0 0 0 0 0 0 0 0 0 3 19 2 1 168 0 3 5 0 0 0 0 1 0 0 0 0 0 0 0 0 0 0 0 0 0 0 0 0 0 0 0 0 0 0 0 0 
 1 0 0 0 98 0 4 0 1 0 4 0 1 0 0 0 0 0 1 0 515 263 78 107 91 243 0 79 116 48 112 145 293 96 214 158 29 48 345 300 0 0 6 0 0 0 2 0 0 0 2 0 0 0 0 0 0 2 1 2 0 5 3 5 0 4 2 44 2 0 0 0 0 3 0 0 0 0 2 0 0 0 0 0 7 1 0 0 0 0 0 0 0 0 0 0 0 0 0 0 10 0 0 31 21 15 13 21 2 2 18 21 33 24 39 14 23 1 28 0 1 0 0 0 0 0 19 0 0 0 2 0 11 0 1 0 0 0 1 0 0 0 0 0 8 0 0 0 0 0 26 0 0 0 0 0 0 0 0 0 42 0 0 3 9 0 0 0 0 10 0 1 2 0 0 0 0 0 0 0 56 8 0 14 19 0 36 14 1 67 3 7 25 28 0 1 25 25 2 1 0 0 0 0 0 0 0 0 0 0 0 0 0 0 0 0 0 0 0 21 0 0 0 0 0 0 0 0 0 0 0 0 0 2 0 0 0 0 0 0 0 0 0 0 0 2 0 0 0 0 0 0 0 0 4 0 2 0 0 0 2 2 0 0 0 0 0 0 0 0 0 0 0 0 0 0 0 0 0 0 0 1 0 0 0 0 19 0 0 0 
 3 5 3 4 80 150 5 3 3 3 4 78 6 13 5 5 5 77 3 3 275 128 227 104 146 254 79 0 235 88 24 39 85 168 222 49 39 61 220 27 0 0 2 0 0 0 2 0 0 0 2 0 0 3 0 64 0 0 35 0 0 1 0 2 0 3 0 0 2 0 0 0 0 3 0 0 0 0 0 0 0 30 0 0 12 21 0 0 0 28 13 15 0 6 0 0 0 0 0 0 15 18 50 20 1 2 0 26 0 20 28 1 10 18 0 51 10 17 0 18 0 0 0 1 0 2 0 0 0 0 0 0 0 13 0 0 0 0 0 12 0 0 0 0 2 0 0 0 4 1 0 0 0 0 0 0 0 0 1 0 0 0 1 0 1 0 0 0 0 0 0 0 0 1 0 16 0 0 0 0 1 0 39 24 0 12 0 24 10 26 13 22 0 4 42 23 19 0 1 13 0 0 0 0 0 0 0 0 0 0 0 0 0 0 5 0 0 0 12 0 0 0 0 0 0 0 0 0 0 0 0 0 0 0 0 0 0 0 0 0 0 0 10 0 0 0 0 0 0 0 12 0 0 0 21 2 0 11 75 0 0 2 0 0 0 0 19 0 0 0 0 0 0 0 0 0 7 0 0 0 0 13 0 0 0 0 0 0 0 0 
 0 0 0 0 0 1 0 0 0 0 0 5 0 0 0 0 0 0 0 0 40 209 107 149 156 52 116 235 0 494 205 39 83 165 375 454 147 201 69 46 0 0 2 0 0 0 2 1 0 0 2 0 0 1 0 26 0 1 163 0 0 0 0 1 0 3 0 0 2 0 0 11 0 3 0 2 0 0 0 0 0 1 0 0 0 0 0 0 0 0 0 0 0 0 0 0 0 0 0 0 0 9 0 35 21 11 10 0 1 22 19 26 0 24 12 30 52 34 0 0 12 1 0 0 0 0 0 0 0 0 0 0 12 0 0 0 1 0 14 13 0 0 0 0 0 0 0 4 2 3 0 0 0 0 0 1 9 0 0 0 0 0 0 0 2 0 1 0 0 8 0 0 0 0 0 0 0 0 0 0 21 4 39 11 17 2 0 35 5 11 38 21 0 23 13 22 9 0 0 0 1 0 1 0 0 0 1 0 0 8 0 0 0 0 0 0 0 0 12 4 0 0 0 0 0 2 0 0 0 0 0 0 0 0 0 0 0 0 0 0 0 0 0 0 0 0 0 0 0 0 0 0 0 0 11 1 0 0 2 0 15 0 0 0 0 0 0 0 0 0 0 0 0 0 0 0 1 0 0 0 0 0 0 0 0 0 0 0 0 0 
 2 79 3 1 2 76 3 1 2 1 2 5 5 3 3 1 1 209 2 3 42 314 389 281 310 58 48 88 494 0 314 329 72 85 211 146 181 146 99 103 0 0 2 65 0 0 57 0 0 0 2 0 133 5 0 0 0 0 74 0 0 0 0 0 3 3 1 0 2 44 0 0 0 3 1 0 0 0 0 0 0 0 0 0 0 0 0 0 0 0 0 0 0 0 0 0 0 0 0 0 0 0 14 7 3 10 19 0 42 29 20 0 2 1 17 30 8 12 0 0 0 0 2 0 0 0 32 6 0 0 0 0 0 0 0 0 0 0 8 10 8 0 0 3 0 0 0 0 0 0 0 0 0 0 0 0 0 0 0 0 0 0 0 0 0 13 0 0 0 0 0 0 7 0 3 0 0 1 0 0 1 0 41 17 15 93 20 0 4 0 32 26 0 0 1 0 0 39 11 8 10 2 0 0 0 0 1 0 0 21 0 0 0 0 1 0 0 0 11 6 0 0 0 5 0 0 0 0 0 0 0 0 17 0 0 0 0 0 0 0 0 0 14 0 0 0 0 0 0 0 1 0 0 0 26 0 4 78 160 2 5 0 0 0 0 0 0 0 0 0 0 0 0 0 0 0 0 0 0 0 0 1 0 0 0 13 0 0 0 0 
 0 0 0 0 0 78 0 0 0 0 0 0 2 0 0 0 1 1 0 0 36 210 102 99 223 162 112 24 205 314 0 125 39 36 194 200 235 145 143 32 0 0 2 0 0 0 66 0 0 0 3 0 94 0 0 0 0 0 7 0 0 3 0 3 2 3 0 0 2 0 0 0 0 3 0 0 0 3 0 0 0 1 0 0 0 0 0 0 0 0 10 0 0 1 0 0 0 0 0 0 0 10 12 8 12 1 25 1 8 46 2 5 0 12 13 11 14 3 0 1 15 0 0 0 0 0 19 20 0 0 0 0 11 0 0 0 1 0 6 20 15 0 0 8 0 0 0 0 0 0 0 0 0 0 0 0 0 0 1 0 0 0 0 0 2 8 0 0 0 0 0 0 20 0 3 0 0 0 20 0 0 8 10 16 16 7 0 0 10 0 31 7 0 15 0 1 0 48 0 1 15 20 1 0 0 0 14 0 0 1 10 0 0 0 1 0 0 0 12 13 0 0 0 0 0 2 0 0 0 0 0 0 0 0 0 0 0 0 0 0 0 0 0 0 0 0 0 0 0 0 0 0 0 0 7 2 0 7 39 0 12 0 0 0 0 0 0 0 0 0 0 0 0 0 0 0 1 0 0 0 0 0 0 0 0 0 0 0 0 0 
 3 9 3 2 3 2 3 2 3 2 3 3 9 3 3 2 2 2 3 2 41 49 260 108 267 208 145 39 39 329 125 0 37 37 48 41 199 250 51 24 0 0 68 0 0 0 201 62 1 0 2 0 2 62 19 0 2 0 62 70 0 1 0 0 0 3 1 0 2 0 0 0 0 3 1 0 0 0 0 0 0 0 0 0 13 0 0 0 0 0 0 0 0 0 0 0 0 0 0 0 0 8 19 7 20 9 12 0 0 0 0 0 0 0 0 11 18 23 0 0 22 8 2 0 0 1 34 9 25 0 0 0 26 49 24 21 1 11 24 10 0 0 0 3 10 0 0 0 2 1 0 0 0 0 0 1 0 0 0 0 0 2 0 0 0 0 0 11 0 0 0 0 0 0 0 0 0 1 0 0 0 3 1 0 19 20 0 1 0 2 0 7 0 8 0 13 5 6 0 0 28 47 0 7 0 0 0 2 9 9 0 0 10 7 35 24 7 0 22 16 0 0 0 0 2 0 0 0 0 0 0 0 0 0 0 0 0 0 0 0 0 0 1 0 0 0 0 0 0 0 0 0 0 0 7 0 1 0 3 0 0 2 0 0 0 0 0 0 0 0 0 0 0 0 0 0 0 0 0 0 0 11 0 0 1 38 0 0 0 0 
 0 0 82 171 135 73 0 0 36 0 74 81 0 0 0 0 1 0 0 2 176 27 64 85 92 69 293 85 83 72 39 37 0 453 302 244 233 49 106 210 0 4 2 0 0 0 2 0 0 2 4 3 0 0 0 2 3 3 1 5 2 5 4 2 2 52 0 51 2 2 0 0 0 6 2 0 2 0 5 4 2 0 0 0 51 12 0 0 8 0 13 0 0 0 0 0 12 15 0 0 17 0 11 11 7 12 39 17 1 11 11 1 33 19 18 1 0 0 29 6 0 0 0 0 0 0 0 0 0 0 0 0 0 0 0 0 0 1 0 0 0 0 0 0 7 0 0 0 0 0 0 0 0 2 1 0 0 0 0 0 0 0 12 11 36 10 0 0 11 5 17 0 0 0 0 0 14 0 1 0 42 11 0 23 0 0 49 0 0 31 1 0 40 28 10 14 30 0 13 0 0 0 0 0 0 0 0 0 0 0 0 0 0 0 12 0 0 2 0 15 1 0 0 0 0 0 0 0 0 8 0 0 0 0 0 0 0 0 0 0 0 0 0 0 0 0 173 0 0 0 0 1 0 0 18 2 1 0 0 2 3 0 0 0 0 0 0 0 0 0 0 3 0 0 0 0 0 0 0 0 0 10 0 0 0 0 8 0 0 0 
 3 6 3 103 180 78 5 3 3 4 3 4 3 79 3 3 77 77 5 74 125 49 295 96 87 67 96 168 165 85 36 37 453 0 191 31 21 333 220 169 0 0 2 0 7 0 2 0 2 0 2 0 0 5 0 0 0 0 0 0 0 1 0 1 0 3 0 1 2 0 0 0 0 3 0 0 0 0 5 0 0 0 0 0 23 1 0 0 0 1 1 20 0 0 13 0 0 1 0 0 41 35 20 0 0 10 0 1 8 12 0 10 0 70 66 0 1 0 20 9 0 23 0 0 0 0 0 0 0 0 0 0 0 0 0 0 0 10 0 0 0 0 0 0 3 0 0 0 2 0 0 0 45 11 0 0 0 0 0 0 5 0 8 0 21 1 0 0 0 0 0 25 0 8 0 17 0 0 0 0 2 65 24 0 20 11 26 59 41 0 37 0 9 2 4 11 9 1 22 4 0 0 0 0 0 0 0 2 0 0 0 0 0 0 0 0 0 0 0 0 0 0 0 0 2 0 23 4 0 0 0 0 0 0 0 0 0 0 0 0 0 0 0 0 0 0 63 0 0 0 1 0 0 0 10 1 1 0 88 0 4 0 0 0 0 0 0 0 0 0 0 0 0 0 0 0 1 0 0 0 0 0 0 0 0 0 17 0 0 0 
 0 0 0 0 75 30 0 0 0 0 0 4 0 0 0 0 0 0 0 0 341 157 154 208 174 49 214 222 375 211 194 48 302 191 0 145 93 218 303 154 0 0 2 0 0 0 3 0 0 0 3 0 0 0 0 0 0 0 67 0 0 3 0 3 0 3 1 0 2 0 0 0 0 3 0 0 0 0 0 0 0 0 0 0 0 0 0 0 0 0 0 13 0 0 0 0 0 0 0 0 17 29 18 9 18 0 38 31 11 10 40 12 0 21 86 64 53 15 0 7 0 0 0 0 0 0 0 0 0 0 0 0 0 0 0 0 2 0 0 0 0 0 0 0 0 3 21 0 0 0 0 0 0 0 0 2 3 0 0 0 0 0 6 0 0 1 0 0 0 0 0 0 0 0 0 0 0 0 7 0 0 54 39 0 39 1 8 0 67 7 38 18 0 1 39 0 26 67 20 13 0 0 2 0 0 0 0 0 0 0 0 0 0 0 0 0 0 0 0 0 0 0 0 2 0 0 0 0 0 0 0 0 0 15 0 0 0 0 0 2 0 0 0 0 0 0 0 0 0 0 0 0 0 0 9 0 3 77 1 0 3 12 0 0 0 0 18 0 0 0 0 0 0 0 0 0 9 0 0 0 0 0 0 0 0 0 0 0 0 0 
 0 3 0 0 2 0 0 0 0 0 6 24 0 0 0 0 0 0 0 5 125 22 381 215 133 402 158 49 454 146 200 41 244 31 145 0 441 58 164 37 0 0 2 0 0 0 12 0 2 0 2 2 331 4 0 72 0 8 64 4 0 2 3 3 3 3 2 0 5 0 0 16 0 5 3 0 0 1 0 0 0 0 0 1 8 29 0 0 1 0 0 10 0 0 0 0 0 0 0 0 0 1 0 18 11 0 31 21 18 13 26 20 0 0 0 13 32 2 0 10 2 1 0 1 0 0 1 7 1 0 0 0 0 9 0 0 0 21 18 27 0 0 0 0 0 8 0 0 0 1 0 0 0 2 0 4 10 0 0 0 0 0 0 0 0 16 0 0 0 0 0 0 2 0 3 0 0 0 0 2 39 19 27 48 8 1 22 0 10 16 20 12 0 31 27 9 13 10 0 0 43 0 0 0 0 0 21 0 0 13 0 0 11 10 0 2 13 0 0 29 0 0 0 0 0 0 0 0 0 0 0 0 2 0 0 0 0 0 0 0 0 0 0 0 0 0 0 0 0 0 0 0 0 0 13 2 2 1 75 1 2 11 0 1 0 0 0 0 0 0 0 0 0 0 0 0 0 0 0 12 0 1 0 15 0 0 0 0 0 10 
 6 6 7 7 4 5 6 6 6 5 6 7 13 7 5 6 6 7 5 1 45 62 425 78 114 404 29 39 147 181 235 199 233 21 93 441 0 333 37 40 2 0 3 2 2 2 2 0 0 2 2 1 0 0 2 0 2 0 0 0 0 17 49 1 3 3 2 0 3 11 2 0 0 3 2 0 0 0 0 0 0 0 0 0 0 0 1 0 0 0 19 0 0 0 0 0 0 0 0 0 0 0 19 9 0 0 4 19 1 0 1 40 14 0 0 33 0 8 0 0 0 0 1 0 0 0 0 12 0 0 0 0 0 9 22 0 0 0 0 1 0 0 0 0 0 5 0 0 0 0 0 0 0 0 0 2 5 0 0 3 0 2 0 0 0 0 0 0 0 0 0 0 0 0 0 4 0 2 0 0 1 16 2 0 0 2 0 0 6 17 9 27 0 0 20 8 9 0 0 0 0 0 0 0 0 0 0 0 0 0 0 0 14 9 19 17 0 0 1 31 0 0 0 0 0 0 0 0 0 0 0 0 0 0 0 0 13 5 0 0 0 0 17 0 0 0 0 0 1 3 0 0 0 0 15 0 0 0 3 2 3 1 0 0 0 0 0 0 0 0 0 0 0 0 0 0 0 0 0 15 0 0 0 0 0 0 0 1 0 11 
 0 0 0 0 78 0 0 0 0 0 0 2 5 0 0 0 0 0 0 0 113 177 59 174 223 62 48 61 201 146 145 250 49 333 218 58 333 0 299 199 0 0 5 0 0 0 4 3 0 1 6 0 0 2 0 0 0 3 36 0 0 5 0 3 1 3 0 0 2 6 0 0 0 5 0 6 6 0 6 0 0 0 0 0 0 0 0 0 0 0 0 0 0 0 0 0 0 0 0 0 12 13 17 17 34 0 1 1 26 13 0 12 11 0 14 35 6 9 7 0 12 0 0 0 0 0 1 0 0 0 0 0 13 24 30 0 0 0 8 1 0 0 0 0 0 0 0 0 12 1 0 0 1 0 0 0 0 0 0 12 3 0 3 0 0 20 0 0 0 2 0 0 0 3 0 0 0 0 0 0 10 26 11 23 11 0 32 12 43 13 44 38 0 12 0 28 0 10 9 0 0 0 0 0 0 0 0 0 0 0 0 0 0 0 20 0 0 0 29 19 0 0 0 0 0 0 0 0 0 0 0 0 0 0 0 0 0 0 2 0 0 0 13 0 0 0 0 0 0 0 0 0 0 2 9 2 3 79 0 0 4 0 0 0 0 0 0 0 0 0 0 0 0 0 0 0 0 0 0 8 0 10 0 0 0 0 0 0 0 0 
 3 77 3 82 157 125 3 8 4 3 81 155 7 3 3 3 78 76 3 0 175 50 42 72 274 49 345 220 69 99 143 51 106 220 303 164 37 299 0 237 0 0 2 0 0 0 2 17 0 0 3 0 0 0 1 0 0 7 2 2 0 3 0 3 3 3 0 0 2 0 0 0 0 3 0 0 0 0 0 0 0 1 13 0 70 9 20 0 0 0 0 20 0 16 0 0 0 12 0 0 53 12 47 0 9 0 34 36 13 52 0 0 0 13 20 0 11 0 8 11 0 0 0 0 23 0 0 0 0 0 0 0 0 0 0 0 2 0 0 0 0 0 0 0 0 0 0 0 0 0 0 0 5 1 0 0 0 0 0 0 0 0 8 0 29 10 0 0 0 0 0 13 0 3 0 13 2 23 0 0 27 31 0 35 8 0 26 10 19 3 40 0 3 22 17 2 23 24 1 14 0 0 2 0 0 0 0 0 0 0 0 0 0 0 0 0 0 0 11 0 0 0 0 2 0 1 0 0 0 0 0 0 0 0 0 0 0 0 0 0 0 0 0 0 0 0 0 0 0 0 11 0 0 0 23 0 0 1 0 0 2 2 0 0 0 0 0 0 0 0 0 0 0 0 0 0 11 0 0 0 0 10 0 0 0 0 0 0 0 1 
 0 0 78 25 87 99 0 1 113 76 0 83 0 0 0 25 0 0 0 0 44 48 49 47 48 39 300 27 46 103 32 24 210 169 154 37 40 199 237 0 0 0 2 0 0 0 2 0 0 0 2 2 0 0 0 0 0 0 1 64 0 2 0 3 0 3 3 25 2 0 0 0 0 3 0 0 0 2 1 0 0 0 26 0 20 20 0 0 16 0 17 15 0 0 0 10 0 36 0 0 54 42 1 0 0 1 0 14 13 0 0 14 31 11 35 0 0 0 29 21 0 0 0 0 0 0 0 0 0 0 0 0 0 0 0 0 0 0 0 0 0 0 0 0 7 1 0 0 0 0 0 0 0 0 0 0 3 0 0 0 9 0 10 30 32 1 0 0 11 0 17 5 0 4 0 0 11 0 13 0 0 19 0 0 0 0 8 58 18 17 0 0 19 12 15 25 19 0 30 12 0 0 0 0 0 0 0 0 0 0 0 0 0 0 0 0 0 0 0 0 0 0 0 0 0 0 0 0 0 0 0 0 0 0 0 0 0 0 0 0 0 0 0 0 0 0 75 0 0 0 10 0 0 0 12 0 0 0 0 0 3 0 0 0 0 0 0 0 0 0 0 0 0 0 0 0 0 0 0 0 0 0 0 0 0 0 0 0 0 0 
 0 1 0 0 0 0 0 0 0 0 0 0 0 0 0 0 0 0 0 0 0 3 0 0 0 1 0 0 0 0 0 0 0 0 0 0 2 0 0 0 0 158 355 50 255 462 69 191 56 123 47 42 122 200 106 99 93 135 50 73 0 0 0 0 0 0 0 0 4 0 0 0 0 0 0 0 0 0 0 17 0 0 0 0 0 0 0 0 0 0 0 0 0 0 0 0 0 0 0 0 0 0 0 0 0 27 0 0 0 0 0 0 0 0 0 0 0 0 0 0 1 23 31 27 11 10 42 11 23 32 0 11 18 0 19 11 9 0 0 1 5 0 0 0 0 0 0 0 0 1 0 0 4 0 20 0 0 0 8 0 0 0 0 0 0 0 0 0 0 0 0 0 24 0 0 0 0 0 0 0 0 0 0 0 0 0 0 0 1 0 0 0 0 0 0 0 0 0 0 0 11 11 46 0 0 0 21 26 10 21 0 25 19 7 33 26 0 0 22 0 0 0 1 0 0 0 0 0 0 0 0 0 0 6 0 0 0 0 5 0 0 0 0 0 0 0 0 0 0 27 0 2 0 1 0 0 0 0 0 2 0 0 1 66 0 0 0 86 0 0 0 0 0 0 0 0 0 0 0 0 0 0 2 0 6 0 0 0 0 0 
 0 3 0 0 0 0 0 0 0 0 0 4 0 3 0 0 0 0 2 0 0 3 0 2 0 0 0 0 0 0 0 0 4 0 0 0 0 0 0 0 158 0 123 310 100 33 142 86 127 637 63 44 77 49 134 163 229 119 44 202 0 14 0 0 0 0 0 1 1 0 0 2 2 0 0 0 3 7 0 6 0 0 0 0 0 0 0 0 0 0 0 0 0 0 0 0 0 0 0 0 0 0 0 0 0 0 0 0 0 0 0 0 0 0 0 0 0 0 0 0 35 23 1 8 13 23 5 13 10 63 2 29 36 0 56 5 36 0 0 4 0 0 0 0 0 0 0 0 0 4 0 0 24 0 13 5 1 0 0 0 0 0 0 0 10 0 0 0 0 0 0 0 0 0 0 21 0 0 0 0 0 0 0 0 0 0 0 0 0 0 0 0 0 0 0 0 0 0 0 0 16 0 0 12 0 0 0 0 21 0 2 20 10 18 40 17 0 44 0 0 0 5 0 0 0 0 32 1 0 0 0 0 18 0 0 0 0 0 39 7 0 0 0 0 0 0 0 0 0 0 0 0 0 1 0 0 0 0 0 0 0 0 10 1 70 12 0 1 0 0 0 0 0 0 0 0 0 0 0 0 0 3 5 0 6 19 0 8 0 0 
 2 2 0 0 0 0 0 0 0 0 2 0 0 0 2 0 2 0 0 0 2 2 3 2 2 65 6 2 2 2 2 68 2 2 2 2 3 5 2 2 355 123 0 88 40 275 70 154 152 176 42 19 66 147 55 268 205 41 52 50 0 0 3 0 0 0 0 0 6 0 0 0 0 0 0 0 0 0 0 55 0 0 0 0 0 0 0 0 0 0 0 0 7 0 0 0 0 0 0 0 0 0 0 0 0 0 0 0 0 0 0 0 0 0 0 0 0 0 0 0 21 1 15 20 0 19 0 23 25 18 0 0 41 14 10 19 0 10 14 0 0 0 0 0 0 0 0 0 0 0 0 0 0 0 0 14 0 0 25 0 0 0 0 0 0 0 20 0 0 0 0 0 0 0 0 0 0 0 0 0 0 0 0 0 0 22 0 0 0 0 0 0 0 0 0 0 0 0 0 45 0 0 8 30 0 0 0 63 29 27 0 17 27 28 29 0 26 21 14 0 0 14 0 0 0 0 0 0 0 0 0 0 0 0 0 0 0 0 0 5 0 0 0 0 0 0 0 0 0 1 0 1 0 0 0 0 0 0 0 1 0 0 1 0 2 16 4 70 0 0 0 0 0 0 0 0 0 0 0 0 0 0 0 0 34 15 0 0 1 0 
 3 69 3 3 3 3 3 2 3 3 3 71 6 3 3 3 3 3 4 2 0 67 0 0 0 0 0 0 0 65 0 0 0 0 0 0 2 0 0 0 50 310 88 0 161 119 101 150 164 267 136 49 74 153 109 63 109 194 65 279 208 32 0 0 0 0 0 0 0 0 0 0 4 1 0 0 0 0 103 52 0 0 1 0 0 0 0 0 0 0 0 0 1 9 0 0 0 0 0 0 0 0 0 0 0 1 0 0 0 0 0 0 0 0 0 0 0 0 0 0 0 4 14 0 9 17 0 0 15 1 49 19 0 0 0 0 17 9 0 0 14 0 0 0 0 0 13 1 0 1 0 0 25 1 34 28 0 0 19 0 0 0 0 14 0 0 10 0 0 0 0 0 0 0 0 0 0 0 0 0 0 0 0 0 0 0 0 0 0 0 0 0 0 0 0 0 0 0 0 0 0 9 16 9 31 14 0 0 2 0 24 0 0 10 0 8 30 20 0 0 0 11 10 11 0 10 6 12 0 0 0 21 8 0 0 12 11 0 18 12 0 0 0 0 0 0 0 0 0 0 0 11 0 0 0 0 0 0 0 5 0 13 1 65 0 0 1 0 3 0 0 0 0 0 0 0 0 0 0 0 0 0 0 0 18 0 0 0 0 0 
 0 8 0 0 0 0 0 0 0 0 0 0 4 0 0 0 0 0 0 8 0 2 0 0 0 3 0 0 0 0 0 0 0 7 0 0 2 0 0 0 255 100 40 161 0 137 53 84 142 129 274 405 76 80 89 92 42 53 71 136 11 51 55 5 0 0 168 54 0 0 0 0 52 7 49 1 0 0 56 13 0 0 0 0 0 0 0 0 0 0 0 0 0 0 0 0 0 0 0 0 0 0 0 0 0 0 0 0 0 0 0 0 0 0 0 0 0 0 0 0 0 15 0 9 8 1 0 1 10 10 7 15 0 0 7 6 23 0 0 0 8 11 0 0 0 0 1 16 0 13 10 0 6 0 0 1 0 7 28 14 0 0 6 0 0 0 0 0 0 0 0 0 0 0 0 0 4 0 0 5 0 0 0 0 0 0 0 0 0 0 0 0 0 0 0 0 0 0 0 0 0 1 1 1 8 13 0 1 0 0 7 0 0 3 0 16 0 34 0 0 0 1 8 34 0 0 21 0 9 12 18 0 0 50 17 1 10 0 22 4 0 0 0 0 0 0 0 0 0 0 0 8 0 0 1 0 0 0 0 0 0 0 63 0 0 2 2 0 0 0 1 0 0 0 0 0 0 0 0 0 0 0 0 0 0 0 0 0 12 0 
 0 1 0 0 6 0 0 0 0 0 0 0 0 0 0 0 0 1 0 0 0 3 0 0 0 3 0 0 0 0 0 0 0 0 0 0 2 0 0 0 462 33 275 119 137 0 64 38 184 100 313 348 49 109 39 81 58 68 47 323 1 15 50 0 0 0 100 0 51 0 0 0 0 54 69 0 1 5 25 101 0 0 0 0 0 0 0 0 0 0 0 0 0 0 0 0 0 0 0 0 0 0 0 0 0 0 0 0 0 0 0 0 0 0 0 1 0 0 0 0 32 0 4 12 9 1 0 10 20 0 10 0 7 26 0 0 10 14 2 0 0 4 13 0 0 0 0 11 0 1 0 0 0 1 14 0 0 0 17 14 0 0 0 0 0 0 0 0 0 0 0 0 0 17 0 0 0 0 0 0 0 0 0 0 0 0 0 0 0 0 0 0 0 0 0 0 0 0 0 0 7 10 7 17 0 37 8 14 16 0 20 26 2 0 22 0 18 35 0 0 19 19 0 6 0 0 14 0 1 0 31 0 15 2 14 0 1 0 22 19 0 0 0 0 0 0 0 0 0 0 0 4 0 1 0 0 0 0 0 0 0 21 0 0 9 3 1 1 1 0 0 0 0 0 0 0 0 0 0 0 0 0 0 0 11 19 0 0 0 0 
 0 0 0 0 0 0 0 0 0 0 5 0 0 23 0 0 0 0 0 4 2 2 2 3 64 175 2 2 2 57 66 201 2 2 3 12 2 4 2 2 69 142 70 101 53 64 0 87 139 20 49 49 310 138 107 43 37 104 66 294 9 0 0 4 0 2 10 4 0 0 4 22 0 0 16 4 1 0 3 0 0 11 0 0 0 0 0 0 0 0 0 0 0 0 0 0 0 0 0 0 0 0 0 0 0 18 0 0 0 0 0 0 0 0 0 0 0 48 0 0 0 10 8 0 0 0 6 31 26 21 0 13 0 14 8 62 14 10 35 8 16 2 0 1 0 0 0 1 41 0 0 0 0 0 0 0 0 3 0 0 0 0 0 0 0 0 0 0 0 0 0 0 0 0 13 0 0 0 0 0 0 0 0 10 20 32 0 0 0 0 0 0 0 0 0 0 0 15 0 0 29 36 0 0 0 0 24 16 30 11 0 7 0 1 18 13 1 0 41 27 12 0 0 0 0 3 0 0 1 0 0 9 0 0 0 0 5 3 15 0 0 0 0 0 0 0 0 0 0 0 0 4 0 0 0 0 0 67 8 0 0 0 1 0 6 1 2 0 0 0 3 0 0 0 0 0 0 0 0 0 0 0 0 0 17 0 0 0 1 0 
 0 0 0 0 0 0 0 0 0 0 4 3 0 0 0 0 0 0 0 0 42 0 0 0 53 30 0 0 1 0 0 62 0 0 0 0 0 3 17 0 191 86 154 150 84 38 87 0 107 100 46 36 143 211 123 99 81 243 260 126 0 0 0 2 0 5 2 0 0 5 5 0 0 0 0 0 0 7 0 0 0 0 0 0 0 0 0 0 0 0 0 0 0 0 0 0 0 0 0 0 0 4 0 0 0 25 0 0 0 0 0 0 0 0 0 0 0 0 0 45 10 32 37 0 1 11 36 0 0 19 14 7 1 11 3 23 17 0 0 1 0 0 0 0 0 0 15 0 0 0 0 0 20 7 0 0 0 0 1 0 0 6 0 0 0 0 0 0 0 0 0 0 0 0 0 0 0 0 0 0 0 0 0 0 0 0 0 0 0 1 0 0 0 0 0 0 0 0 0 0 8 17 38 16 0 0 19 10 58 37 2 1 11 1 15 19 26 0 20 0 0 0 0 0 0 0 0 0 0 0 0 0 20 9 0 0 0 0 0 19 0 0 0 0 0 0 0 0 0 27 0 7 0 1 0 0 0 1 0 8 0 0 0 1 0 0 2 0 2 0 0 0 0 0 0 0 0 0 0 0 0 0 0 0 15 0 0 6 0 0 
 0 0 0 0 0 0 0 9 0 0 0 4 0 0 0 0 0 0 0 0 0 0 0 0 4 4 0 0 0 0 0 1 0 2 0 2 0 0 0 0 56 127 152 164 142 184 139 107 0 56 99 119 95 120 105 118 99 221 290 87 0 3 0 0 2 0 0 4 0 0 4 6 19 0 0 0 0 2 52 3 0 0 0 0 0 0 0 0 0 0 0 0 0 0 0 0 0 0 0 0 0 0 0 0 6 0 0 0 0 0 0 0 0 0 0 0 0 0 0 0 0 10 6 46 17 13 3 0 44 30 16 15 0 0 16 8 0 29 6 0 0 0 0 0 0 0 27 0 0 0 0 0 12 7 0 0 0 0 12 0 0 4 0 0 0 0 0 0 22 0 0 0 0 0 0 0 0 0 0 0 0 0 0 0 0 0 0 0 0 0 0 3 0 0 0 0 24 0 0 0 0 0 45 4 0 0 0 7 19 0 10 13 6 29 3 10 24 10 0 0 0 0 0 0 0 0 11 0 0 0 0 0 56 14 13 0 0 0 22 33 0 0 10 0 0 0 0 0 0 0 0 2 0 2 0 0 0 0 0 7 0 0 0 3 75 1 0 0 0 0 22 0 0 0 0 0 0 0 0 0 0 0 0 0 0 0 0 0 0 0 
 2 3 2 3 2 3 2 3 2 69 2 2 2 7 2 3 3 3 2 1 0 0 0 0 77 2 0 0 0 0 0 0 2 0 0 0 2 1 0 0 123 637 176 267 129 100 20 100 56 0 518 55 54 105 107 147 108 122 85 382 0 5 0 2 0 5 2 0 0 7 7 0 6 5 0 0 0 4 25 0 0 0 0 0 0 0 0 0 0 0 0 0 0 0 0 0 0 0 0 0 0 0 0 0 0 0 0 0 0 0 0 0 0 0 0 0 0 0 0 0 35 11 6 19 17 48 30 36 8 13 19 11 26 7 0 0 20 2 0 0 0 0 7 0 0 0 7 2 0 1 0 0 0 7 15 20 5 0 0 0 0 0 0 0 0 0 0 0 0 14 0 0 0 0 0 0 0 0 0 0 0 0 0 0 0 19 0 0 0 0 0 0 0 0 8 0 0 0 0 0 0 1 16 14 19 7 0 0 3 1 17 0 21 40 0 10 8 14 0 0 14 14 21 0 6 0 15 4 2 0 7 2 13 0 0 6 0 0 0 1 0 0 0 0 0 0 0 0 0 0 0 4 0 2 0 0 0 0 0 3 0 1 65 1 0 13 0 2 2 0 0 0 0 0 0 0 0 0 0 0 0 1 0 0 1 0 0 0 0 0 
 3 3 3 3 3 3 3 3 3 3 3 9 8 3 3 3 3 3 3 0 2 2 2 2 2 2 2 2 2 2 3 2 4 2 3 2 2 6 3 2 47 63 42 136 274 313 49 46 99 518 0 121 259 41 60 66 177 63 43 116 0 14 0 0 0 0 0 0 207 0 0 46 0 207 26 0 0 3 47 0 0 10 0 0 0 0 0 0 6 0 0 0 0 0 0 0 0 0 0 0 0 0 10 0 0 0 0 0 0 0 0 0 0 0 0 0 0 0 0 0 0 17 0 0 4 6 0 0 0 22 21 24 18 0 7 0 4 0 0 0 2 0 0 0 0 0 1 10 0 0 0 0 6 7 28 18 0 0 7 10 0 1 0 0 0 0 0 0 0 0 0 0 0 0 0 0 0 0 0 0 0 0 0 0 0 0 0 0 0 0 0 9 0 0 0 0 0 0 0 0 0 0 0 2 29 9 0 0 12 0 31 35 10 9 18 0 0 16 0 0 10 9 5 11 0 0 14 0 0 0 7 0 16 0 17 0 0 0 4 7 0 0 16 0 0 0 0 0 0 0 0 2 0 0 0 0 0 0 0 6 0 0 8 2 0 3 0 0 0 0 0 0 0 0 0 0 0 0 0 0 0 0 0 0 0 16 0 0 0 0 
 0 5 0 1 0 3 0 0 2 2 0 2 3 3 0 2 0 0 0 2 0 2 0 0 0 3 0 0 0 0 0 0 3 0 0 2 1 0 0 2 42 44 19 49 405 348 49 36 119 55 121 0 257 242 33 43 61 123 244 263 62 8 53 48 0 0 54 0 0 0 0 0 0 0 86 0 0 16 19 56 0 1 0 0 2 3 0 0 0 0 0 0 0 0 0 0 0 3 0 0 5 0 0 0 0 0 0 0 2 0 0 0 6 0 0 0 0 0 0 6 0 0 0 0 0 3 0 0 0 0 0 29 0 0 0 0 0 0 0 0 15 11 1 0 0 0 1 21 0 8 0 0 0 7 15 14 0 0 13 14 0 0 0 1 0 1 0 0 0 1 0 0 0 0 0 0 2 0 0 0 0 0 13 0 0 0 0 4 0 0 0 0 4 0 2 3 2 0 0 2 0 0 0 0 45 19 0 0 0 0 20 21 0 0 0 0 1 0 0 0 10 1 1 3 0 0 28 0 0 0 37 1 1 12 14 0 1 0 22 7 0 0 3 0 0 0 5 0 0 0 0 2 0 0 0 0 0 0 0 3 0 14 0 0 2 2 0 0 0 0 0 0 0 0 0 0 0 0 0 0 0 2 0 0 0 0 0 0 0 0 
 2 2 2 2 2 2 2 2 2 2 2 2 2 2 3 2 2 2 2 0 0 62 25 28 63 155 0 0 0 133 94 2 0 0 0 331 0 0 0 0 122 77 66 74 76 49 310 143 95 54 259 257 0 187 41 114 90 29 128 379 0 0 0 0 0 2 0 0 0 0 0 7 0 0 55 0 0 202 0 0 0 0 0 0 0 0 0 0 0 0 0 0 0 0 0 0 0 0 0 9 0 0 0 31 0 27 0 0 0 0 0 35 0 0 0 0 0 0 0 0 9 12 11 2 0 1 29 7 0 0 0 1 0 0 22 0 1 21 29 8 29 0 0 0 0 1 0 0 0 0 0 0 9 0 0 0 0 0 2 0 0 0 0 10 0 0 8 0 0 0 0 0 12 0 8 0 0 0 0 0 0 0 8 11 0 16 0 0 0 0 13 0 0 0 0 0 0 11 0 0 24 29 5 0 0 0 50 0 0 24 0 0 0 1 12 7 0 0 6 38 0 0 0 0 0 0 0 0 0 0 0 0 0 0 0 0 0 0 0 0 0 0 0 0 0 0 0 0 0 0 0 0 0 0 0 0 0 57 22 0 0 0 0 0 0 1 2 0 0 0 0 0 0 0 0 0 0 0 0 0 0 1 0 0 0 0 0 7 1 0 
 0 0 0 0 64 0 0 0 0 0 0 0 0 0 0 0 0 0 0 0 0 3 5 5 4 25 0 3 1 5 0 62 0 5 0 4 0 2 0 0 200 49 147 153 80 109 138 211 120 105 41 242 187 0 226 55 31 32 99 90 0 0 0 0 0 0 0 0 0 0 0 5 0 0 0 0 0 0 0 31 0 0 0 0 0 0 0 0 0 0 0 0 0 0 0 0 0 0 0 19 0 0 0 1 0 12 0 0 0 0 8 7 0 0 0 2 2 0 0 0 0 30 33 19 10 0 0 0 14 9 18 31 20 0 60 27 0 19 15 1 0 0 0 0 0 0 0 0 12 0 0 0 0 0 0 0 0 0 7 0 0 0 0 0 0 0 0 0 0 0 0 0 0 0 0 0 0 0 0 0 0 0 4 0 0 4 0 0 0 0 0 0 0 0 0 1 0 0 0 0 20 2 6 0 0 0 29 26 36 21 0 23 11 1 22 29 4 0 0 13 0 0 0 0 0 0 1 0 0 0 0 0 0 0 0 0 0 0 14 9 0 0 1 0 0 0 0 0 0 0 0 2 0 2 0 0 0 0 4 7 0 0 1 4 65 2 1 0 0 0 0 0 0 0 0 0 0 0 0 0 0 0 0 0 13 0 0 1 0 17 
 0 1 0 0 0 1 25 65 1 1 1 63 0 0 1 2 0 0 2 2 0 3 0 0 62 128 0 0 0 0 0 19 0 0 0 0 2 0 1 0 106 134 55 109 89 39 107 123 105 107 60 33 41 226 0 152 37 309 75 111 0 0 0 2 3 3 0 0 1 1 1 1 0 0 0 0 0 0 0 3 0 9 0 12 0 0 0 0 52 16 9 1 0 0 23 7 7 0 7 1 0 0 0 0 6 9 0 0 0 0 0 0 0 0 0 0 9 0 0 19 0 26 39 27 3 1 28 0 0 0 1 17 0 10 12 10 8 0 0 0 0 0 0 0 0 0 0 0 0 0 0 0 0 0 0 0 0 0 0 0 0 0 0 5 0 0 0 0 1 0 33 0 0 2 0 0 1 0 0 0 0 0 0 0 0 14 0 3 0 0 0 0 1 0 0 0 0 0 0 0 1 7 9 7 0 0 2 13 9 9 0 0 14 8 2 14 7 0 0 0 0 0 0 0 0 0 0 0 0 0 0 0 0 0 0 0 0 0 0 0 0 0 0 0 0 0 0 0 0 0 0 2 0 3 0 0 0 24 0 1 0 0 2 63 0 2 0 0 3 0 0 0 0 0 0 0 0 10 0 0 0 0 0 0 0 0 0 0 0 0 
 0 0 0 0 0 0 0 0 0 0 2 0 0 2 0 0 0 0 0 0 0 2 0 0 0 0 0 64 26 0 0 0 2 0 0 72 0 0 0 0 99 163 268 63 92 81 43 99 118 147 66 43 114 55 152 0 158 169 102 109 0 0 0 2 0 0 0 0 0 0 0 6 50 0 0 0 0 2 50 0 0 0 0 0 0 0 0 0 0 0 0 0 0 0 0 0 0 0 0 0 0 0 0 19 0 0 0 0 0 0 4 11 0 0 0 0 0 18 0 0 35 13 1 29 34 11 20 28 0 14 6 11 4 2 10 11 15 9 2 13 0 0 2 0 0 0 0 0 0 0 0 0 25 0 0 0 0 0 6 0 0 0 0 0 0 0 0 0 0 0 0 0 0 10 0 0 0 0 0 0 0 0 20 0 0 42 0 0 0 7 0 0 0 0 0 3 9 0 0 0 14 40 38 18 0 0 18 3 9 15 2 6 3 9 3 20 5 17 18 2 0 0 0 5 0 0 0 9 0 0 0 0 8 0 10 0 0 0 1 6 0 0 0 0 0 1 0 0 0 0 0 0 0 2 0 0 0 0 0 0 0 0 0 2 1 19 0 0 0 0 6 0 0 0 0 0 0 0 0 0 0 0 0 0 0 0 0 9 0 0 
 0 0 0 0 0 0 0 8 0 0 0 1 9 0 0 0 0 0 0 0 0 0 0 1 1 4 0 0 0 0 0 2 3 0 0 0 2 0 0 0 93 229 205 109 42 58 37 81 99 108 177 61 90 31 37 158 0 209 12 107 0 0 3 2 3 2 0 0 19 2 0 29 52 0 0 3 0 5 4 0 0 0 0 0 0 0 0 0 0 0 0 0 0 0 0 0 0 0 0 0 0 0 0 0 10 0 0 0 0 0 0 0 0 0 0 0 0 0 0 0 35 3 1 21 38 11 12 17 19 24 0 15 25 3 0 13 51 10 9 9 0 0 2 0 0 0 0 0 0 0 0 0 14 0 0 0 0 0 1 0 0 0 0 0 0 0 0 0 0 0 0 0 0 0 0 0 0 0 0 0 0 0 0 0 0 5 0 0 0 0 0 0 0 0 0 0 0 0 0 0 0 8 39 27 0 7 0 6 0 7 0 0 14 35 10 2 1 16 19 0 0 0 0 0 0 0 0 9 0 0 0 0 7 0 11 0 0 0 2 7 0 0 0 0 0 0 0 0 0 0 0 4 0 0 0 0 0 0 0 0 0 0 0 0 0 6 2 34 0 0 11 0 0 0 0 0 0 0 0 0 0 0 0 0 0 19 0 7 2 0 
 0 3 0 0 0 0 0 0 2 0 0 10 3 0 0 0 0 0 0 2 4 2 0 2 0 0 2 0 1 0 0 0 3 0 0 8 0 3 7 0 135 119 41 194 53 68 104 243 221 122 63 123 29 32 309 169 209 0 238 117 0 0 0 0 0 0 0 1 0 0 0 0 52 0 0 0 0 4 23 0 0 0 0 0 6 7 0 0 0 0 0 0 0 0 0 0 0 0 0 0 0 0 0 0 0 0 54 4 0 2 0 0 0 0 0 0 8 0 0 0 19 9 0 48 12 0 20 19 57 22 7 8 0 0 59 14 43 11 0 11 8 0 1 0 0 0 11 0 0 0 0 0 30 0 9 0 0 0 1 0 0 0 0 0 0 9 0 0 0 0 0 0 0 0 0 0 0 0 0 0 6 0 0 2 0 0 5 0 0 0 0 0 0 4 5 0 7 15 0 0 8 1 35 16 19 5 0 0 1 41 12 1 0 8 0 57 14 31 0 0 0 0 0 0 0 0 1 8 0 0 0 0 0 0 14 8 20 0 65 6 0 0 1 0 0 0 0 0 0 0 0 4 0 1 0 0 0 1 0 0 0 1 3 0 62 13 0 0 0 0 6 0 0 0 0 0 0 0 0 0 0 7 0 0 0 0 0 8 0 0 
 30 0 36 0 2 0 1 2 1 1 0 0 35 0 1 1 0 0 0 0 0 127 0 64 1 0 1 35 163 74 7 62 1 0 67 64 0 36 2 1 50 44 52 65 71 47 66 260 290 85 43 244 128 99 75 102 12 238 0 332 1 200 0 0 0 0 0 0 0 0 0 0 0 0 0 0 0 0 0 0 19 0 0 0 0 0 0 9 0 0 0 0 22 0 25 24 0 0 0 1 0 3 0 4 18 0 0 14 0 15 9 19 0 0 0 42 0 21 0 0 13 0 0 0 0 0 0 0 0 0 0 0 18 22 0 0 0 0 32 13 0 0 0 0 0 0 0 0 0 0 0 2 0 0 1 0 0 0 0 0 0 20 0 1 0 0 0 26 0 2 0 0 2 0 0 0 0 0 0 16 0 6 18 0 0 0 0 20 0 23 25 34 0 18 12 65 18 1 0 0 0 0 0 0 0 0 0 0 0 21 0 0 0 1 0 0 0 0 0 12 0 0 0 0 0 0 0 0 0 10 0 0 0 0 0 0 0 0 0 0 0 0 0 0 0 0 0 0 0 0 0 7 0 0 0 0 0 22 0 1 19 0 8 0 1 2 23 0 0 0 0 0 0 0 0 22 0 0 0 6 0 0 0 0 0 0 0 0 0 0 
 5 6 2 2 3 2 3 2 2 2 4 5 3 3 6 2 2 2 2 0 0 3 0 62 62 62 2 0 0 0 0 70 5 0 0 4 0 0 2 64 73 202 50 279 136 323 294 126 87 382 116 263 379 90 111 109 107 117 332 0 54 54 3 0 0 0 0 0 4 0 0 0 0 0 0 64 0 1 0 0 0 0 0 0 4 5 19 0 0 0 0 0 0 0 0 0 0 3 0 0 1 0 0 0 0 0 2 4 0 0 0 0 1 0 0 0 2 0 0 1 5 12 2 7 0 0 0 2 41 32 8 25 11 18 11 43 30 0 34 12 0 0 0 0 0 0 0 18 0 0 0 0 14 0 0 0 0 0 0 0 0 0 0 0 0 4 0 0 0 0 0 0 0 0 19 0 0 0 0 0 2 0 0 11 20 22 3 0 0 0 0 0 1 4 4 3 6 0 0 2 0 29 18 0 0 0 14 17 9 8 8 10 10 12 40 4 0 26 41 0 0 0 0 0 0 0 0 0 0 0 0 0 7 0 0 0 0 0 0 0 0 0 0 0 0 0 1 0 0 0 0 8 0 0 0 0 0 0 0 1 0 0 31 0 2 0 2 64 2 0 0 16 0 0 0 0 0 0 0 0 0 3 0 0 0 4 0 2 0 0 
 37 20 0 0 0 0 48 33 0 26 1 15 38 3 0 0 49 57 66 0 0 7 0 0 0 0 0 0 0 0 0 0 2 0 0 0 0 0 0 0 0 0 0 208 11 1 9 0 0 0 0 62 0 0 0 0 0 0 1 54 0 170 79 97 33 43 117 96 145 115 39 62 102 96 43 88 33 31 262 103 22 0 0 9 0 0 0 20 0 0 0 0 8 19 5 1 0 0 0 6 0 0 0 0 0 0 0 0 0 0 0 0 0 0 0 0 0 0 0 0 0 0 0 0 0 0 0 0 0 14 0 0 0 0 0 0 0 0 0 0 0 9 13 13 15 0 0 3 19 11 7 13 0 0 0 12 5 11 0 0 0 7 0 0 0 0 10 5 0 18 0 0 0 0 3 0 0 1 5 0 0 18 0 0 0 0 0 0 0 8 0 0 0 0 0 0 0 0 0 32 0 19 0 19 24 0 0 0 0 0 0 12 0 0 0 0 0 0 0 0 15 0 0 1 0 8 0 27 14 12 0 6 1 5 10 2 10 8 0 0 0 0 0 0 0 0 0 0 2 0 0 0 0 0 14 0 0 0 0 0 0 0 1 0 0 0 0 0 0 0 24 0 56 2 0 1 0 0 0 0 0 0 0 0 0 0 0 0 0 0 
