 0 85 70 267 55 40 144 60 128 310 59 52 148 48 118 48 31 128 136 78 2 2 0 0 0 1 4 0 0 5 2 6 48 0 0 0 0 81 2 0 0 2 4 0 6 2 0 3 2 0 2 2 0 0 6 2 2 2 0 2 0 3 0 2 2 2 0 0 0 0 2 0 0 0 0 0 3 3 4 0 12 10 0 0 0 0 1 0 3 0 14 0 0 0 0 0 14 0 2 0 0 0 0 0 0 1 0 0 0 0 0 0 0 0 0 0 0 0 0 0 0 0 0 0 0 0 0 0 0 0 0 0 1 0 0 0 0 0 0 0 0 0 0 0 0 0 0 2 0 0 0 0 0 0 0 0 0 0 11 0 0 4 12 7 11 0 1 16 18 11 0 2 0 5 0 0 1 0 0 0 0 0 0 0 0 0 1 0 0 0 2 0 0 0 0 0 0 0 0 1 1 1 0 0 0 0 0 0 0 0 0 0 0 0 0 0 0 0 0 0 0 0 0 0 0 0 0 0 2 15 0 2 13 15 0 0 0 0 1 0 0 2 0 0 0 0 0 0 91 2 0 17 0 0 0 0 0 0 1 0 0 0 0 2 0 0 0 0 0 0 0 0 0 0 0 0 0 0 0 0 0 0 0 0 0 0 0 0 0 0 
 85 0 299 177 33 253 169 270 107 38 19 123 149 91 149 190 124 30 43 100 0 2 0 2 0 0 0 4 0 0 0 0 0 2 0 0 0 2 0 0 0 0 0 1 2 9 0 2 0 0 0 0 0 0 5 0 0 0 0 3 0 2 1 0 0 0 6 0 0 3 0 0 0 0 0 0 3 0 0 0 14 20 29 1 11 7 0 16 41 0 0 51 7 17 1 0 13 0 10 36 0 0 8 0 0 0 0 0 0 0 0 0 0 0 0 0 0 0 0 0 0 0 0 0 0 20 0 0 0 0 0 0 0 0 0 0 0 0 0 0 0 0 0 0 0 0 0 0 0 0 0 0 0 0 0 0 0 0 0 0 11 49 18 32 6 0 1 16 20 7 57 0 11 18 1 15 18 11 0 13 0 0 0 0 0 0 19 0 0 0 0 0 0 0 0 0 0 0 0 0 0 0 0 0 0 0 0 0 0 0 0 0 0 0 0 0 0 0 0 0 0 0 0 0 0 0 0 0 0 0 0 0 0 0 0 0 0 0 0 0 0 12 0 0 0 1 0 0 0 0 0 4 0 0 0 0 0 0 0 2 0 0 0 0 0 0 0 0 0 0 0 0 2 0 0 0 0 0 0 0 0 0 0 0 0 0 0 0 0 0 
 70 299 0 252 44 27 62 214 163 78 144 573 203 274 272 427 355 300 40 40 0 88 0 0 0 2 0 75 0 0 0 0 0 0 0 0 0 0 0 1 0 0 0 1 2 1 1 2 0 0 0 0 1 3 6 0 0 0 0 3 0 2 0 0 0 29 0 0 0 3 0 0 0 0 0 0 3 0 0 0 40 10 11 0 39 2 10 10 20 10 9 36 10 20 12 46 28 25 26 17 0 0 0 0 0 0 0 0 0 0 0 0 0 0 0 0 0 2 0 2 0 0 0 0 0 0 0 0 0 0 0 0 0 0 0 0 0 0 0 2 0 0 0 0 0 0 0 0 0 0 0 0 0 0 0 30 0 0 0 0 0 0 0 25 0 9 0 0 3 39 0 17 0 22 9 34 1 20 0 2 0 0 0 0 8 0 0 0 0 0 0 0 1 0 0 0 0 0 0 1 0 0 0 1 0 0 0 11 0 0 0 0 2 0 0 2 0 1 0 0 0 0 0 0 0 0 0 0 0 0 0 0 0 0 0 0 0 0 0 0 0 14 0 0 0 2 3 0 87 8 32 3 12 0 0 0 0 0 0 0 0 0 0 0 0 0 0 0 0 0 0 0 0 0 0 0 0 23 0 0 0 0 0 0 0 0 0 0 0 0 
 267 177 252 0 357 250 104 163 83 189 132 554 65 150 197 152 67 291 133 85 0 77 2 0 0 3 0 79 5 2 2 0 0 0 0 3 5 3 3 6 0 2 2 3 3 0 5 3 2 0 1 0 0 0 8 3 0 0 3 5 0 6 0 0 3 0 0 0 1 8 4 0 0 7 0 0 3 0 49 2 0 21 11 10 46 0 10 14 22 26 18 38 9 15 0 20 26 17 0 59 0 0 0 0 0 0 14 0 0 0 0 0 0 0 9 0 0 0 1 15 0 0 0 0 0 0 0 0 0 0 0 8 0 0 0 0 0 0 0 0 0 0 0 0 0 0 0 0 0 0 0 0 0 0 0 3 0 0 0 0 0 15 26 16 22 14 0 12 0 0 41 17 6 12 2 15 45 0 0 12 3 0 1 0 0 0 14 0 0 0 0 0 0 0 13 1 0 9 0 31 0 0 0 0 0 0 0 0 0 0 0 0 0 0 0 0 0 0 0 0 0 0 0 0 0 0 1 2 0 0 0 0 2 0 0 0 0 0 0 0 0 16 0 0 0 3 85 0 3 10 3 10 15 0 0 0 0 0 0 0 11 0 0 0 0 0 0 0 0 0 0 0 0 0 0 0 0 0 0 0 0 0 0 0 0 0 0 0 0 0 
 55 33 44 357 0 156 252 68 90 481 202 482 78 90 64 285 51 357 65 72 101 149 0 0 0 0 73 146 73 0 0 0 0 0 80 0 75 0 1 0 0 19 1 0 4 0 0 3 0 0 0 0 0 0 2 2 1 0 0 1 0 3 0 0 31 0 0 0 0 2 0 0 0 0 0 0 3 0 0 0 1 0 0 11 11 17 0 0 0 0 19 20 0 15 0 10 0 22 0 0 37 2 29 1 0 0 31 11 10 0 24 0 22 35 25 0 20 0 41 9 0 0 0 0 0 0 22 0 0 0 0 0 0 0 2 0 0 0 0 2 0 0 0 0 0 0 0 0 0 0 0 0 5 0 0 0 0 0 0 1 0 16 3 0 10 20 0 0 0 66 8 9 0 0 0 0 13 0 0 0 1 0 19 0 0 0 0 27 0 0 0 0 11 0 30 1 0 15 32 28 0 0 0 1 5 0 0 0 0 0 0 0 2 0 0 2 0 0 0 0 0 0 1 0 0 0 0 0 0 0 0 0 0 0 0 0 0 0 0 41 0 0 0 0 0 12 4 0 2 9 0 12 0 0 0 0 0 0 0 0 9 0 0 0 0 0 0 0 0 0 0 0 0 0 0 0 0 0 0 10 0 0 0 0 0 0 0 0 0 0 
 40 253 27 250 156 0 23 43 251 50 120 136 32 55 48 68 76 133 45 112 221 3 211 0 0 0 74 75 17 0 0 0 149 0 1 0 0 93 224 2 0 0 2 0 4 0 0 3 0 0 4 0 0 0 2 4 2 0 0 0 0 3 0 0 0 0 0 50 0 1 33 0 0 0 0 2 3 0 0 54 0 0 14 0 10 14 0 0 0 19 3 1 0 5 0 0 0 13 0 0 35 12 17 0 1 0 30 15 0 34 28 5 11 43 1 9 18 0 20 10 0 0 0 0 0 0 0 0 0 0 0 0 0 0 0 0 0 0 0 0 0 1 0 0 0 0 2 0 0 0 0 0 0 0 0 0 0 0 1 0 14 5 0 8 0 14 0 0 14 0 0 13 0 0 0 0 0 0 0 10 14 0 0 0 42 0 10 0 0 16 12 0 13 1 29 0 0 37 27 28 0 0 0 0 16 0 0 0 0 0 0 0 0 0 0 0 0 0 0 0 0 2 0 0 0 0 0 0 0 1 0 0 0 0 0 0 0 0 0 0 0 0 0 0 0 6 0 0 2 6 0 6 0 0 0 0 0 0 0 0 0 0 0 2 0 0 0 0 0 0 0 0 0 0 0 1 14 0 0 6 0 7 0 0 0 0 0 0 0 0 
 144 169 62 104 252 23 0 97 55 466 26 259 163 317 132 116 253 117 444 129 0 4 0 0 0 3 0 0 0 0 0 0 1 1 0 74 0 0 0 3 0 0 3 0 4 5 1 6 0 0 0 0 0 1 7 3 0 0 0 6 3 2 0 0 0 0 0 0 0 3 0 0 0 0 0 0 4 1 0 0 7 27 0 10 14 0 0 26 15 0 0 14 28 30 9 0 9 0 9 1 0 0 0 0 0 0 0 0 0 0 0 1 0 0 0 0 0 0 2 0 0 0 11 0 0 0 0 0 0 0 0 2 0 0 0 0 2 0 0 0 0 0 0 0 3 0 0 0 0 0 0 0 0 0 0 0 0 0 0 0 17 1 0 16 10 0 40 0 0 2 36 2 17 0 44 0 20 0 10 39 0 0 0 0 0 0 0 0 0 0 16 0 0 0 0 0 0 0 0 1 0 0 0 0 0 0 0 0 0 0 0 0 0 0 0 0 0 0 0 0 0 0 0 0 2 0 0 0 0 0 0 0 0 0 0 0 0 0 10 0 0 16 0 0 0 0 2 0 4 0 2 0 0 0 1 0 0 0 0 0 0 0 0 0 0 0 0 0 0 0 0 0 0 0 0 0 0 0 0 0 0 0 0 0 0 0 0 0 0 0 
 60 270 214 163 68 43 97 0 467 59 47 85 200 285 137 136 38 167 166 82 0 2 0 0 0 0 0 0 0 0 0 0 0 0 0 0 0 0 0 75 0 0 0 0 2 1 0 2 1 0 0 0 6 0 3 0 0 0 0 3 0 2 0 2 0 0 0 0 0 3 0 0 0 0 0 0 3 0 0 5 10 14 27 14 31 19 0 0 32 18 0 10 0 13 0 12 10 58 0 18 1 0 0 0 0 0 0 0 0 0 0 0 14 1 0 0 0 0 0 0 0 0 0 0 0 0 0 0 0 0 0 0 0 0 0 0 0 0 0 0 0 0 0 0 0 0 0 0 0 0 0 0 0 0 0 0 11 0 0 0 0 28 0 14 0 0 28 13 1 9 0 30 0 19 29 10 1 13 0 17 0 3 0 0 0 0 0 0 0 0 0 0 0 0 0 0 0 0 0 0 0 0 0 0 0 0 0 0 0 0 0 0 0 0 0 0 0 0 0 0 0 0 0 1 0 0 0 0 0 0 1 1 0 0 0 0 0 0 0 0 0 16 0 0 0 4 0 0 1 88 0 10 21 0 0 0 0 0 0 11 0 0 0 0 0 0 0 0 0 0 0 0 0 0 0 14 15 0 0 0 0 0 0 0 0 0 0 0 0 1 
 128 107 163 83 90 251 55 467 0 336 306 119 346 93 306 400 216 76 168 161 149 2 0 0 0 0 74 0 0 0 0 2 74 1 0 0 1 0 92 0 0 0 0 2 2 1 3 2 0 0 0 0 2 10 3 8 0 0 0 4 0 2 0 0 0 0 1 2 0 3 0 0 0 0 0 0 3 3 0 0 26 11 22 0 1 39 0 34 48 1 11 0 0 0 0 63 7 28 0 11 0 0 0 0 0 0 19 0 18 0 0 0 14 0 0 0 0 0 10 0 0 0 0 0 0 0 0 0 0 0 0 0 0 0 0 0 0 0 0 0 0 0 3 0 0 0 0 0 0 0 0 0 0 0 0 0 0 0 0 0 4 13 14 38 9 16 0 19 49 14 1 0 25 32 1 37 0 14 0 1 0 12 0 0 0 0 2 3 0 0 0 0 14 0 0 0 0 0 10 0 0 0 0 0 0 0 0 0 0 0 0 0 0 0 0 0 0 0 0 3 0 0 0 0 0 0 0 0 0 8 0 0 0 0 0 0 11 0 0 0 0 0 0 0 0 2 104 0 45 0 18 5 0 0 0 0 0 0 0 0 0 0 0 0 0 0 0 0 0 0 0 0 0 0 0 0 0 0 0 0 0 0 0 0 0 0 0 0 0 0 
 310 38 78 189 481 50 466 59 336 0 213 186 135 69 86 107 138 267 303 61 46 86 0 5 3 0 12 0 0 3 0 0 5 0 5 5 0 0 79 0 0 15 6 0 6 3 0 10 2 0 0 5 3 3 5 10 0 2 4 3 48 9 0 0 34 0 4 0 0 3 0 0 0 0 0 2 9 36 0 0 10 0 19 0 1 29 2 2 0 2 5 14 0 0 0 14 14 15 0 0 35 0 19 0 0 0 12 0 16 0 1 0 33 1 0 0 4 0 0 0 0 0 0 0 0 0 0 0 0 0 0 0 0 0 0 0 0 0 0 0 0 0 0 0 0 0 0 0 0 0 16 0 10 0 0 9 0 0 0 0 0 1 21 12 5 13 0 1 19 21 17 0 0 1 0 5 10 5 0 0 0 8 0 0 0 0 17 0 0 0 0 0 13 0 0 0 0 0 10 3 0 0 0 0 0 0 0 0 0 0 0 0 0 0 0 0 0 0 4 0 0 12 0 1 0 0 0 0 0 0 0 0 0 0 0 2 0 0 0 0 0 0 0 0 0 7 92 0 90 0 1 23 0 0 0 0 0 0 0 0 0 0 0 0 0 0 0 0 0 0 0 0 0 0 0 0 52 0 0 0 0 0 0 0 0 0 0 0 0 0 
 59 19 144 132 202 120 26 47 306 213 0 135 363 52 218 292 94 297 38 47 74 3 0 0 0 2 0 75 3 2 209 0 74 0 0 0 3 2 150 0 0 2 1 6 3 1 3 3 0 0 1 0 4 8 66 1 0 0 0 1 2 3 0 0 0 3 0 0 0 2 0 0 0 0 0 0 3 0 0 0 10 0 3 8 1 26 1 0 1 15 39 10 0 0 0 12 14 29 0 0 45 13 0 0 0 0 9 0 22 16 0 2 25 0 0 0 2 0 11 2 0 2 0 0 0 0 0 0 0 0 0 0 0 0 0 0 1 0 0 0 0 0 0 0 0 0 0 0 0 0 2 0 0 0 0 19 0 0 0 0 0 1 2 6 14 54 0 0 48 14 1 11 0 1 0 20 16 7 0 0 0 8 0 2 0 0 0 9 0 1 0 7 28 0 0 0 0 1 1 2 0 0 0 0 0 19 0 0 0 0 0 0 0 0 0 0 0 0 0 0 0 0 0 0 1 0 0 0 0 0 0 0 0 0 0 0 0 0 0 0 0 0 0 0 0 3 183 2 86 3 1 5 0 0 0 0 0 0 0 0 0 0 0 0 0 0 0 0 0 0 0 0 0 0 0 0 19 0 0 0 0 0 0 0 0 0 0 0 0 0 
 52 123 573 554 482 136 259 85 119 186 135 0 114 260 142 328 285 195 252 59 100 18 0 0 3 0 1 35 0 0 0 2 3 0 1 0 0 0 4 0 0 0 6 2 7 0 0 3 2 0 0 1 0 0 2 4 0 4 0 1 0 3 3 0 32 0 3 4 0 2 2 0 0 0 2 0 3 2 0 2 0 0 31 0 15 1 11 11 0 0 27 23 0 0 0 21 0 9 0 2 0 0 0 0 0 0 0 0 0 0 0 0 0 0 8 0 0 0 0 1 0 0 0 0 0 0 0 0 0 0 0 0 0 9 0 0 0 0 0 0 0 0 0 0 0 0 0 0 0 0 0 0 5 0 0 4 0 0 1 0 0 10 31 22 0 0 0 18 0 32 1 3 0 52 0 0 25 0 0 0 9 0 0 0 0 0 10 1 0 0 0 0 0 14 0 0 0 18 0 10 0 0 0 0 0 0 0 0 0 0 0 0 0 0 0 0 0 0 0 0 0 0 0 0 0 0 0 14 0 0 0 0 0 0 0 0 0 0 0 0 0 0 0 0 0 0 1 0 1 86 17 4 0 1 0 0 0 0 0 0 9 0 0 0 0 0 0 0 0 0 0 0 0 0 0 0 0 0 0 0 0 0 0 0 0 0 0 0 0 0 
 148 149 203 65 78 32 163 200 346 135 363 114 0 65 40 168 48 115 198 50 0 2 0 0 0 0 0 0 1 0 0 0 0 47 0 0 0 0 0 0 0 57 0 1 2 1 0 2 0 0 0 0 0 0 3 0 0 0 0 8 0 2 0 0 0 0 1 0 0 3 0 0 0 0 0 0 3 0 0 0 26 28 10 0 10 0 16 43 17 20 21 0 80 0 10 43 15 37 38 18 0 0 0 0 0 0 0 0 0 0 0 0 0 0 0 0 0 0 0 0 0 0 0 0 0 0 0 0 0 0 47 0 0 0 0 0 0 0 0 0 0 0 0 0 41 0 0 0 0 0 0 0 0 0 0 0 0 0 0 0 0 12 21 7 9 0 10 12 1 14 2 49 0 25 12 16 0 0 0 0 20 0 0 0 0 0 1 10 0 0 0 0 0 0 0 0 0 0 0 0 0 8 0 0 0 0 0 0 0 0 0 0 0 0 0 0 0 0 0 0 0 0 0 0 0 0 0 0 0 0 0 0 0 0 0 0 0 0 0 7 0 0 0 0 0 0 0 5 2 6 13 5 12 0 0 0 0 0 0 0 0 1 14 0 0 0 0 0 0 0 0 0 0 0 0 0 0 0 0 0 0 0 0 0 0 0 0 0 0 0 
 48 91 274 150 90 55 317 285 93 69 52 260 65 0 241 326 280 38 82 288 0 4 0 0 0 89 0 0 2 0 0 0 0 0 1 0 0 1 0 0 0 0 0 0 3 0 0 3 0 0 0 0 0 0 4 0 0 0 0 69 0 3 0 0 0 0 0 0 0 3 0 0 0 0 0 2 39 3 0 2 53 44 2 39 0 0 29 36 20 42 0 11 23 43 48 13 22 0 0 51 0 1 0 0 0 0 0 2 0 0 0 0 0 0 0 0 0 0 0 0 0 0 0 0 0 0 0 0 0 0 0 0 0 2 0 0 0 0 0 0 2 0 0 0 0 0 0 0 0 0 0 0 0 0 0 0 0 0 0 0 57 10 0 0 7 0 22 21 11 0 11 25 18 10 23 9 40 0 14 37 0 0 24 0 0 0 0 0 0 0 0 0 0 1 0 0 0 0 0 0 0 0 2 0 0 0 0 0 0 0 0 0 0 0 0 0 0 0 8 0 0 0 0 0 0 0 0 0 0 0 0 0 0 0 0 0 0 0 0 0 0 0 0 0 0 2 0 0 1 0 0 11 0 0 0 0 0 0 0 0 0 0 17 0 0 0 0 0 0 0 0 0 0 0 0 0 0 0 0 0 0 0 0 0 1 0 0 0 0 0 
 118 149 272 197 64 48 132 137 306 86 218 142 40 241 0 161 211 117 87 437 0 2 2 0 0 0 0 1 0 0 0 0 0 0 0 0 0 0 1 1 0 0 1 1 2 0 2 3 0 0 0 0 4 28 2 1 0 1 0 1 0 3 35 0 0 0 0 0 0 2 0 0 0 0 0 0 3 0 0 1 0 26 26 15 12 7 17 24 0 22 35 5 7 2 54 0 14 17 15 8 2 0 0 0 0 0 0 0 0 0 0 0 0 0 0 0 0 1 0 21 0 0 0 0 0 0 0 0 0 0 0 0 0 0 0 0 0 0 0 1 0 0 0 0 0 0 0 0 0 0 0 0 0 0 0 6 0 0 0 0 19 0 0 19 0 18 12 23 15 61 1 4 1 0 11 12 17 29 10 7 0 0 0 0 0 0 2 0 0 0 0 0 2 0 0 0 0 0 0 3 0 0 0 0 0 0 0 0 0 0 0 0 1 0 2 1 0 2 0 0 0 0 2 0 0 0 0 0 0 0 0 0 0 0 0 0 0 0 0 0 0 0 0 0 0 0 46 2 0 0 0 12 0 0 0 0 0 0 0 0 0 0 0 0 0 0 0 0 0 0 0 0 0 0 0 0 1 32 0 0 0 0 0 0 0 0 0 0 0 0 
 48 190 427 152 285 68 116 136 400 107 292 328 168 326 161 0 97 367 449 109 0 2 0 0 0 0 0 0 1 60 0 0 0 0 0 0 1 0 0 0 0 0 67 0 2 0 0 3 0 0 0 1 0 0 4 2 0 0 0 0 0 3 0 0 0 0 0 0 0 0 0 0 0 0 0 0 3 0 0 9 40 35 0 29 18 0 27 40 20 10 0 39 7 17 10 9 16 8 46 26 0 0 0 0 0 0 0 0 0 0 0 0 0 0 0 0 0 0 0 0 0 0 0 0 0 0 0 0 0 0 0 0 0 1 0 0 0 0 0 0 1 0 0 0 0 14 0 0 0 0 0 0 0 0 0 0 0 0 0 0 19 31 0 18 6 0 14 43 10 7 2 0 12 28 11 12 42 0 12 11 0 0 0 0 0 0 0 19 0 0 0 0 0 2 0 0 0 0 0 0 0 1 1 0 0 0 0 0 0 0 0 0 0 0 0 0 0 0 0 0 0 0 0 0 0 0 0 0 0 14 2 0 0 0 0 0 0 0 0 0 0 12 0 0 0 4 0 0 88 3 11 13 1 0 0 0 0 0 0 0 0 0 0 0 0 0 0 0 0 0 0 0 0 0 0 15 0 0 0 0 0 0 0 0 0 0 0 0 0 0 
 31 124 355 67 51 76 253 38 216 138 94 285 48 280 211 97 0 212 41 134 3 2 0 0 0 0 0 0 0 0 0 0 0 0 0 0 0 0 73 0 0 0 0 1 2 2 3 61 0 0 5 0 3 5 4 0 0 0 0 3 0 4 0 0 0 0 8 0 0 3 0 0 0 0 0 0 3 0 0 0 0 0 25 9 0 37 0 18 45 31 55 30 0 0 19 26 12 18 0 0 42 0 0 0 0 0 1 0 26 0 0 1 21 1 0 0 0 0 12 19 0 0 0 0 0 0 0 0 0 0 0 2 0 0 0 10 2 1 0 0 0 0 0 0 0 0 0 0 0 0 0 0 0 0 0 1 27 0 0 0 0 0 18 5 2 53 0 0 18 2 49 20 1 0 2 6 2 30 0 11 0 11 0 0 0 0 12 0 0 0 0 0 16 17 4 0 0 0 16 2 0 0 0 0 0 0 0 0 0 0 0 0 0 0 0 0 0 0 0 0 0 0 0 0 2 0 0 0 0 0 0 1 0 0 0 0 0 0 0 0 0 0 0 0 0 87 170 0 0 1 1 11 0 0 0 0 0 0 0 0 0 0 0 0 0 0 0 0 0 0 0 0 0 0 0 0 9 18 0 0 0 0 0 0 0 0 0 0 0 0 
 128 30 300 291 357 133 117 167 76 267 297 195 115 38 117 367 212 0 224 33 0 6 0 0 0 0 0 0 0 0 0 0 0 0 0 0 0 0 3 0 0 0 0 2 2 1 9 2 0 0 0 0 7 5 3 0 0 0 0 3 0 2 0 0 0 0 0 0 0 3 0 51 0 0 0 3 3 2 0 3 24 14 22 14 24 11 15 11 2 39 17 12 0 0 0 52 10 39 0 9 14 0 0 0 0 0 5 0 0 0 0 0 0 18 4 0 0 0 27 14 0 0 0 0 0 0 0 0 0 0 0 0 0 0 0 2 0 2 2 0 0 0 0 0 0 0 0 0 0 0 0 0 0 20 0 3 0 0 0 0 1 28 15 19 7 10 0 20 20 27 0 17 0 43 22 20 2 25 13 0 10 1 0 0 0 0 0 0 0 0 0 0 1 0 16 9 0 9 0 2 0 0 0 0 0 0 0 0 0 15 0 0 0 0 0 0 0 0 0 0 0 0 0 0 0 0 0 0 0 0 13 0 0 0 0 0 0 0 0 1 0 1 0 0 1 2 1 0 12 180 31 2 13 0 0 0 0 0 0 0 0 0 0 0 0 0 0 0 0 0 0 0 0 0 0 14 0 18 0 0 0 0 0 0 0 0 0 0 0 0 
 136 43 40 133 65 45 444 166 168 303 38 252 198 82 87 449 41 224 0 275 0 2 0 0 0 0 74 2 0 0 4 0 4 0 0 0 0 0 0 2 4 0 1 0 3 0 0 3 0 0 0 0 6 0 2 5 10 6 0 2 0 3 0 0 0 3 0 0 0 2 4 0 0 0 0 0 3 0 0 4 40 10 0 10 0 0 46 0 1 11 0 0 0 8 5 0 29 16 32 19 0 0 0 0 0 0 0 0 0 0 0 0 4 0 0 0 0 2 0 2 0 0 0 0 0 0 0 0 0 0 0 0 0 8 0 0 0 0 0 2 0 0 0 0 7 0 0 0 0 0 0 0 0 0 0 0 0 0 0 0 37 9 18 5 5 0 10 31 18 10 2 0 0 19 5 15 19 0 14 1 0 0 0 0 0 0 0 8 0 0 0 0 0 0 0 0 0 0 0 0 0 0 0 0 0 0 0 0 0 0 0 0 2 0 0 2 0 0 0 0 0 0 1 0 0 0 0 0 0 0 0 0 0 0 0 0 0 0 0 0 0 0 0 0 0 0 2 2 88 1 1 4 0 0 0 0 1 0 0 0 0 0 3 0 0 0 9 0 0 0 0 0 0 0 0 10 0 0 0 0 0 0 0 0 0 0 0 0 0 0 
 78 100 40 85 72 112 129 82 161 61 47 59 50 288 437 109 134 33 275 0 1 4 1 1 1 2 0 2 1 1 2 2 1 3 2 0 1 1 33 1 0 0 0 1 2 2 0 2 0 0 0 0 0 0 3 0 0 0 0 3 2 2 0 0 2 1 0 0 0 5 0 0 1 47 0 2 3 2 0 32 29 48 20 21 7 19 5 37 14 12 10 0 12 10 1 9 0 2 0 40 0 0 0 0 0 0 0 0 0 0 10 1 15 1 0 0 0 0 2 0 0 0 0 0 0 0 0 0 0 0 0 0 0 0 0 0 2 0 0 0 0 0 0 0 0 0 0 0 0 0 0 1 0 0 0 0 0 0 0 0 32 37 0 0 2 0 10 52 10 2 1 0 11 13 12 23 17 0 15 0 0 0 0 0 19 0 0 0 0 0 0 0 0 0 0 0 0 0 5 1 0 0 0 0 0 0 0 0 0 0 0 0 0 0 0 0 0 0 1 0 0 0 0 0 2 0 0 0 0 0 0 0 0 0 0 0 0 0 0 0 0 0 0 0 0 0 1 0 2 0 0 0 0 0 0 0 0 0 1 0 0 0 0 0 0 0 0 0 0 0 0 0 0 0 0 27 0 0 0 0 0 0 0 0 0 0 0 0 0 0 
 2 0 0 0 101 221 0 0 149 46 74 100 0 0 0 0 3 0 0 1 0 155 159 52 27 23 80 464 12 250 24 15 43 21 180 33 24 24 172 332 0 14 3 1 10 0 0 3 0 64 3 3 6 0 0 5 0 2 4 7 39 1 3 0 4 1 0 0 0 2 0 1 0 0 0 4 6 3 3 4 0 0 0 0 11 44 0 0 0 0 19 28 0 2 0 0 0 0 0 0 33 0 31 0 0 0 33 22 59 14 10 0 13 4 17 0 23 0 24 0 0 0 0 0 0 0 0 0 0 0 0 0 0 0 0 0 7 0 0 0 0 0 0 0 0 0 0 0 0 0 0 0 0 0 0 0 0 0 8 0 0 7 0 0 24 29 0 0 31 22 0 10 0 0 0 0 0 0 0 0 2 4 19 0 0 0 46 37 0 0 0 0 34 26 15 10 26 13 40 0 0 0 0 0 9 0 0 0 16 0 0 0 0 0 0 0 0 0 0 0 0 0 0 0 0 0 0 0 0 0 0 0 0 0 0 0 0 0 0 0 0 0 0 0 0 0 76 0 0 0 0 0 0 0 6 0 0 0 0 0 7 0 0 0 0 0 0 0 0 0 0 0 0 0 0 10 0 0 0 19 0 0 0 0 0 0 0 0 0 0 
 2 2 88 77 149 3 4 2 2 86 3 18 2 4 2 2 2 6 2 4 155 0 268 162 31 88 368 152 217 253 112 90 48 145 157 155 81 186 49 120 2 0 6 65 2 0 0 25 0 0 0 0 0 0 0 0 0 64 0 1 0 0 3 0 0 52 0 0 0 0 0 0 0 52 0 2 3 3 3 0 0 0 0 0 1 0 0 0 0 2 0 10 0 0 0 0 8 0 0 0 0 21 0 17 0 0 9 10 0 14 0 0 9 35 26 48 23 113 0 0 0 0 0 0 0 0 0 0 0 0 0 0 1 1 0 0 0 0 1 0 0 0 0 0 0 3 11 2 0 0 0 0 0 0 0 2 0 0 0 0 0 14 2 0 0 14 0 0 0 0 0 0 0 0 0 0 0 0 0 1 12 0 0 17 18 15 0 10 22 56 10 2 12 14 10 64 28 20 2 0 0 0 0 0 0 16 13 13 0 0 0 0 10 23 0 0 0 0 20 12 0 0 0 0 0 0 0 0 0 0 0 0 0 0 0 0 0 1 0 0 0 0 0 0 0 0 0 0 0 78 0 0 0 0 13 0 0 98 0 2 9 2 0 0 0 0 0 0 0 0 0 0 0 0 0 0 0 0 0 0 0 0 0 0 0 0 0 0 0 2 
 0 0 0 2 0 211 0 0 0 0 0 0 0 0 2 0 0 0 0 1 159 268 0 195 207 248 151 167 64 200 385 63 333 141 138 167 528 374 144 268 5 0 6 2 1 0 0 8 1 0 0 0 92 67 0 0 0 2 77 63 2 2 3 3 0 0 4 0 0 0 0 0 3 6 0 3 3 3 55 0 0 2 0 0 0 0 16 0 0 0 0 0 0 0 0 0 0 0 0 0 0 15 12 28 17 33 0 12 19 33 1 19 0 1 14 31 20 36 0 0 0 0 0 0 0 0 10 0 0 0 0 0 18 7 8 0 0 0 30 13 0 0 0 0 0 6 0 0 0 0 0 0 0 0 0 0 0 0 0 0 0 1 0 0 0 0 0 0 0 0 0 0 0 0 0 0 0 0 0 0 0 0 0 16 10 13 0 0 14 30 16 35 0 0 1 9 28 0 2 0 0 0 0 0 0 0 0 1 0 0 1 0 45 21 0 17 0 0 53 40 2 0 0 0 0 0 0 0 0 1 0 0 0 0 0 0 1 0 0 0 0 0 0 0 0 0 0 0 0 0 0 0 0 0 6 0 2 80 48 0 3 9 0 0 0 0 2 0 0 0 0 2 0 0 0 0 0 0 0 0 0 20 0 0 0 0 11 0 0 0 
 0 2 0 0 0 0 0 0 0 5 0 0 0 0 0 0 0 0 0 1 52 162 195 0 178 121 151 86 75 137 482 251 84 138 150 259 101 101 90 213 5 0 3 2 2 4 118 6 0 0 0 0 92 0 0 0 0 2 126 2 3 1 5 0 0 6 27 0 0 0 0 0 0 2 2 0 3 3 2 0 1 0 0 0 0 0 0 0 0 0 0 0 0 0 0 0 0 2 0 0 0 0 31 16 39 19 0 18 0 0 18 26 0 18 37 22 30 11 0 2 0 2 30 0 0 0 1 0 0 0 0 0 24 39 1 0 11 0 14 24 5 0 2 0 0 0 0 0 0 2 0 0 0 0 8 0 0 0 0 0 0 1 0 0 0 0 0 4 0 0 0 2 0 0 0 0 0 0 0 0 1 13 6 38 37 4 0 0 14 3 11 54 0 0 0 0 0 13 0 0 0 0 0 0 0 0 24 12 0 0 0 0 16 3 0 12 19 0 16 26 0 0 0 0 0 0 0 0 0 0 0 0 0 0 0 0 0 0 0 0 0 0 0 0 0 0 0 0 0 0 0 0 0 2 2 0 4 2 1 2 0 0 0 0 0 0 0 0 0 0 0 0 0 0 0 0 0 0 0 0 0 0 0 0 0 0 10 0 0 0 
 0 0 0 0 0 0 0 0 0 3 0 3 0 0 0 0 0 0 0 1 27 31 207 178 0 235 99 80 160 97 96 59 96 103 253 239 146 59 62 82 0 0 3 2 2 0 68 0 9 25 74 0 172 0 0 0 1 2 124 1 0 0 3 0 0 0 0 0 10 0 0 2 0 0 4 0 3 3 3 0 0 0 0 0 0 0 0 0 0 0 0 0 0 0 0 0 0 0 0 0 0 0 20 38 11 17 0 0 0 0 0 17 0 0 10 0 101 5 0 0 0 0 15 12 0 0 28 1 0 0 1 1 43 12 1 0 0 1 68 2 0 0 11 0 0 43 2 0 0 0 0 0 9 0 0 0 0 0 0 0 0 1 0 0 0 0 0 6 0 0 0 0 3 0 0 0 0 0 0 16 23 17 4 0 10 11 0 0 29 1 23 44 0 0 0 15 0 0 0 0 4 0 0 0 14 0 38 0 17 0 0 0 40 44 12 7 0 22 0 15 0 0 0 0 0 0 0 0 21 0 0 0 0 0 0 0 0 0 0 0 0 0 0 0 0 0 0 0 0 0 0 0 0 0 0 0 0 154 1 0 2 21 0 0 0 0 0 0 0 0 0 0 0 0 0 0 0 0 0 0 0 0 0 0 9 0 10 0 0 0 
 1 0 2 3 0 0 3 0 0 0 2 0 0 89 0 0 0 0 0 2 23 88 248 121 235 0 58 33 255 64 79 489 25 127 63 64 257 52 37 73 69 122 80 1 1 0 66 0 68 0 1 0 5 0 63 73 198 73 63 3 0 0 3 0 0 0 0 0 0 0 4 0 0 0 0 2 3 4 3 0 0 0 0 0 0 0 0 0 0 0 0 0 0 0 0 0 2 0 0 0 0 0 10 0 9 40 0 0 2 0 12 2 0 0 0 14 8 0 0 0 34 20 44 10 0 0 77 27 59 23 9 0 31 17 50 15 11 34 0 10 0 0 0 0 0 0 0 0 0 0 2 0 0 0 0 0 0 0 0 0 0 1 0 0 0 0 1 13 0 0 42 0 0 0 0 0 0 0 0 0 0 12 10 0 10 9 0 0 0 6 0 12 0 0 0 0 0 0 0 0 69 20 56 2 0 0 32 1 79 8 0 0 0 22 66 14 22 48 0 7 0 0 0 0 0 0 0 0 0 0 0 0 0 0 0 2 0 0 0 0 0 0 0 0 0 2 0 0 0 0 0 0 0 10 7 0 2 0 85 0 5 0 0 0 0 0 0 0 0 0 0 0 0 0 0 0 0 0 0 0 0 0 0 0 2 0 0 10 0 0 
 4 0 0 0 73 74 0 0 74 12 0 1 0 0 0 0 0 0 74 0 80 368 151 151 99 58 0 75 130 36 28 124 291 203 45 50 23 119 123 48 0 4 24 22 1 0 1 1 0 0 0 0 1 12 1 3 2 4 0 21 2 2 3 0 0 0 0 0 0 0 0 0 0 0 0 0 3 3 2 0 0 0 0 0 0 14 0 0 0 0 0 1 0 0 0 0 0 0 0 0 10 26 23 17 12 8 26 1 14 11 31 15 24 15 24 27 34 30 0 9 5 0 0 0 0 0 0 0 0 0 0 0 0 0 0 0 0 0 0 0 1 0 22 0 9 0 2 0 0 0 0 6 0 0 0 0 0 0 0 0 0 0 0 0 0 12 24 0 13 0 0 0 0 0 0 0 0 0 0 0 0 0 6 31 18 0 0 13 29 32 16 0 12 0 9 0 29 22 24 0 0 0 0 0 0 0 0 0 0 31 0 0 1 0 0 0 0 0 5 0 0 0 0 0 0 0 0 0 0 13 0 0 0 0 0 0 0 0 0 0 0 0 0 0 0 0 73 0 0 0 0 0 0 0 4 0 0 2 77 2 4 2 0 0 0 0 11 0 0 0 0 0 0 0 0 0 0 0 0 9 0 0 0 0 0 0 0 0 0 0 
 0 4 75 79 146 75 0 0 0 0 75 35 0 0 1 0 0 0 2 2 464 152 167 86 80 33 75 0 287 44 29 21 359 317 59 59 38 32 134 226 0 0 4 207 3 6 206 0 0 0 0 0 0 0 0 205 0 3 0 205 0 1 4 0 0 4 0 0 0 0 0 0 0 0 0 0 3 3 55 0 0 0 0 0 11 13 0 0 0 0 16 4 0 0 0 0 0 0 0 0 11 21 0 0 0 0 18 0 18 1 0 0 8 0 5 0 1 0 17 0 0 0 0 0 0 0 0 0 0 0 0 0 0 0 0 0 0 0 0 0 0 2 0 1 0 0 0 0 2 0 2 0 0 0 0 0 0 0 6 0 0 14 6 0 20 10 0 0 12 11 0 0 0 0 0 0 0 0 0 0 31 0 0 0 0 0 7 16 10 8 0 0 25 59 18 0 48 54 17 2 0 0 0 0 0 0 0 0 0 2 0 19 9 0 0 0 0 0 0 0 0 0 1 0 0 0 0 0 2 0 0 0 0 0 0 0 0 0 0 0 0 0 0 0 0 0 0 0 0 74 0 1 0 0 4 0 2 42 0 2 18 1 1 0 0 0 0 0 0 0 0 0 0 0 0 16 0 0 0 0 0 0 0 0 0 0 0 1 0 0 
 0 0 0 5 73 17 0 0 0 0 3 0 1 2 0 1 0 0 0 1 12 217 64 75 160 255 130 287 0 460 55 40 376 289 118 81 86 183 133 239 1 0 3 2 1 0 0 0 0 0 0 0 0 0 0 0 0 2 0 0 4 1 3 0 0 0 0 0 0 0 0 0 5 0 0 2 3 3 2 0 0 0 0 0 0 0 1 0 0 0 0 0 0 0 0 0 0 0 0 0 0 67 0 22 0 27 8 9 12 9 2 0 18 37 2 55 4 37 9 5 0 2 0 0 0 0 0 0 0 23 0 0 40 0 0 0 0 0 2 0 0 0 2 0 0 7 4 0 11 0 0 10 0 0 0 0 0 0 0 0 0 1 0 0 0 14 0 0 0 0 2 2 0 0 0 0 0 0 0 2 0 0 0 11 0 2 0 28 16 37 12 0 9 1 15 29 34 19 0 26 0 0 0 0 0 0 19 0 0 0 0 0 2 22 0 0 0 0 7 0 0 0 0 0 0 0 0 0 0 0 0 0 0 0 0 0 0 2 0 0 0 0 0 0 0 0 0 0 0 0 0 0 0 0 9 0 0 108 41 0 2 9 0 0 0 0 0 0 0 0 0 0 0 0 43 0 0 0 0 0 0 0 0 0 0 15 0 0 0 0 
 5 0 0 2 0 0 0 0 0 3 2 0 0 0 0 60 0 0 0 1 250 253 200 137 97 64 36 44 460 0 197 35 277 178 166 219 211 289 282 100 0 10 29 2 13 3 126 7 0 6 0 2 67 0 0 0 5 2 108 1 11 0 5 0 3 1 2 0 3 4 3 0 2 0 0 5 12 7 2 4 0 0 0 0 0 0 0 0 0 0 0 0 0 0 0 0 2 0 0 0 0 3 0 14 0 20 0 0 2 0 0 22 0 13 14 8 9 56 0 10 9 0 12 0 0 0 0 1 0 0 0 0 32 0 13 0 0 0 26 0 0 0 0 0 0 9 0 0 0 0 0 0 0 0 0 0 0 0 0 0 0 1 0 0 0 0 0 1 0 0 0 0 0 0 0 0 0 0 0 3 0 0 0 14 17 15 0 2 6 14 5 44 0 14 11 36 12 12 21 13 0 0 0 2 0 0 19 8 0 0 0 0 21 22 0 0 11 0 19 14 0 0 0 0 0 0 0 0 0 0 0 0 0 0 12 2 0 0 0 0 0 0 1 0 0 2 0 0 0 0 0 0 0 0 14 2 0 76 4 0 2 3 0 0 0 0 0 0 0 0 0 0 2 7 0 0 0 0 0 0 0 0 0 0 1 0 0 0 0 0 
 2 0 0 2 0 0 0 0 0 0 209 0 0 0 0 0 0 0 4 2 24 112 385 482 96 79 28 29 55 197 0 452 85 107 86 305 315 53 31 89 64 0 16 1 1 0 70 2 0 0 0 0 133 0 0 0 0 2 37 0 0 1 3 0 0 0 0 0 0 0 3 0 0 3 47 1 3 3 2 3 0 0 0 0 0 0 0 0 0 0 0 0 0 0 0 0 0 0 0 0 0 12 44 14 37 29 0 11 0 21 8 28 0 10 32 11 28 0 0 9 10 17 33 0 0 0 11 0 1 0 0 0 34 25 16 0 14 0 26 43 1 0 0 2 0 0 2 0 1 0 1 2 0 0 0 0 0 0 0 0 0 2 0 0 0 0 0 0 0 0 0 0 0 0 0 0 0 0 0 5 0 14 6 22 18 31 16 27 19 9 0 0 0 0 9 12 10 13 0 0 2 0 1 0 0 0 13 0 0 0 0 0 12 13 0 24 6 0 14 14 0 0 2 0 0 0 0 0 0 0 0 0 0 0 0 0 0 0 0 0 0 0 7 0 0 0 0 0 0 0 0 0 0 0 3 0 0 6 2 1 1 0 0 0 0 0 0 0 0 0 0 0 0 0 0 0 0 0 0 0 0 8 0 0 0 0 26 0 0 0 
 6 0 0 0 0 0 0 0 2 0 0 2 0 0 0 0 0 0 0 2 15 90 63 251 59 489 124 21 40 35 452 0 340 99 25 28 343 80 246 123 55 0 5 0 2 0 0 0 0 0 0 2 64 0 3 0 0 2 1 0 0 1 3 0 0 0 0 0 42 0 0 0 0 3 0 2 3 3 2 0 0 0 0 0 0 0 0 0 0 0 0 0 0 0 0 0 0 0 0 0 0 0 20 9 31 37 0 14 0 7 29 10 0 18 12 11 11 0 0 12 0 0 0 20 0 0 4 0 0 11 20 0 12 14 7 0 0 0 0 39 15 0 0 0 0 0 5 0 0 15 0 0 0 0 0 0 2 0 0 0 0 0 0 0 0 0 0 0 0 0 11 0 0 0 2 0 0 0 0 0 40 30 6 42 9 9 9 12 12 0 0 2 0 12 0 19 3 19 0 0 0 15 0 1 0 0 2 0 10 0 1 0 9 13 68 9 10 8 10 10 0 0 0 0 0 0 0 0 0 0 0 1 0 0 0 0 0 0 0 0 0 0 12 0 0 0 0 0 0 0 0 0 0 0 2 3 0 0 2 1 6 0 0 0 0 0 0 0 0 0 0 0 0 0 0 0 0 1 0 0 0 2 0 0 0 0 7 15 0 0 
 48 0 0 0 0 149 1 0 74 5 74 3 0 0 0 0 0 0 4 1 43 48 333 84 96 25 291 359 376 277 85 340 0 165 45 65 29 654 315 279 0 0 3 2 1 0 0 0 0 0 0 3 3 0 0 0 0 5 0 0 0 0 3 0 3 0 0 0 0 0 0 0 0 0 1 0 3 8 3 0 0 0 0 0 0 13 0 0 0 0 16 0 0 0 0 0 0 0 0 0 35 42 0 11 0 0 21 12 31 56 3 19 23 0 0 4 0 17 1 0 0 0 0 0 0 0 0 0 0 0 0 0 0 0 0 0 0 0 0 12 0 0 0 0 0 0 0 0 0 0 0 0 0 0 0 0 0 0 1 0 0 1 0 0 14 0 0 0 17 13 0 0 0 0 0 10 0 0 0 0 33 24 0 32 20 0 9 17 12 11 56 0 0 7 0 18 64 0 0 11 0 0 0 0 0 0 0 0 0 0 0 0 15 0 0 0 0 0 7 0 0 0 0 0 0 0 0 0 0 0 0 0 0 0 0 0 0 0 0 0 0 0 0 0 0 0 0 0 0 0 0 0 0 0 4 2 0 0 45 0 44 2 0 0 0 0 0 0 0 0 0 0 0 0 0 1 0 0 0 0 0 10 0 0 0 18 0 0 0 0 
 0 2 0 0 0 0 1 0 1 0 0 0 47 0 0 0 0 0 0 3 21 145 141 138 103 127 203 317 289 178 107 99 165 0 255 146 26 324 132 224 61 63 3 2 2 0 1 3 0 0 0 0 0 61 0 0 0 2 0 0 5 1 3 0 0 0 0 2 0 10 0 0 1 0 0 3 3 3 2 0 0 0 0 0 0 0 0 1 0 2 0 0 0 0 0 0 0 0 0 0 0 13 7 31 8 9 0 14 23 0 7 1 0 13 33 29 32 27 0 3 0 0 0 0 0 0 0 0 0 0 0 0 1 1 0 0 0 0 0 1 1 0 0 0 0 0 8 2 0 0 0 0 0 0 2 2 0 0 0 0 0 1 0 0 0 0 12 0 0 0 1 0 2 0 0 0 0 0 0 1 17 18 9 48 0 0 1 8 42 30 0 1 2 15 3 13 31 10 12 20 0 8 0 0 0 0 54 0 0 0 0 0 12 21 0 0 0 0 7 0 0 0 0 0 0 0 0 0 0 0 0 0 0 0 0 0 0 0 0 0 0 0 0 0 0 0 0 0 0 0 0 0 1 0 37 0 0 121 4 1 0 0 0 0 0 0 9 0 0 0 0 0 0 0 0 0 1 0 0 0 0 0 0 0 0 0 0 0 0 2 
 0 0 0 0 80 1 0 0 0 5 0 1 0 1 0 0 0 0 0 2 180 157 138 150 253 63 45 59 118 166 86 25 45 255 0 296 107 56 153 107 0 4 7 2 1 0 0 0 0 0 1 0 63 0 0 0 0 2 34 0 0 1 3 0 0 0 0 0 0 27 0 0 0 0 25 2 3 3 2 0 0 0 0 9 0 0 0 0 0 0 0 3 0 0 0 0 0 2 0 0 15 14 10 33 10 33 0 27 14 27 7 0 0 9 54 13 65 11 26 1 0 2 0 0 0 0 0 0 0 0 0 0 16 8 1 0 0 0 35 26 0 0 2 0 0 30 34 10 0 2 0 0 0 0 0 0 0 0 0 0 0 0 0 0 0 15 0 0 0 0 0 16 0 0 0 0 0 0 0 0 17 30 21 0 11 44 18 19 49 7 26 8 16 37 22 39 10 0 0 0 0 0 0 0 9 0 42 0 0 0 0 0 8 22 0 0 0 0 0 31 0 0 0 0 0 0 0 0 0 0 41 0 0 0 0 0 0 0 0 0 0 0 10 0 0 0 0 0 0 2 0 0 0 2 23 0 2 117 2 2 0 32 0 0 0 0 0 0 0 0 0 0 0 0 0 0 9 0 0 0 0 8 0 0 0 0 7 0 0 0 
 0 0 0 3 0 0 74 0 0 5 0 0 0 0 0 0 0 0 0 0 33 155 167 259 239 64 50 59 81 219 305 28 65 146 296 0 94 288 38 371 0 0 3 3 1 1 0 4 0 3 0 0 62 1 0 4 0 4 2 63 0 0 3 4 0 0 0 1 5 3 0 0 3 3 0 4 3 3 2 2 0 0 0 0 0 0 0 0 0 0 0 2 0 0 2 0 0 0 0 0 0 0 17 15 10 26 0 0 0 16 13 19 0 0 0 14 19 23 0 0 0 0 17 0 0 0 11 0 1 0 0 0 26 0 7 1 0 1 15 8 0 0 0 0 0 10 0 0 0 0 0 0 0 1 0 0 0 0 0 0 0 2 0 0 0 0 6 2 0 0 0 0 0 0 0 0 0 0 2 0 0 0 11 0 18 1 0 0 0 9 10 35 0 0 0 9 0 0 0 0 0 0 0 0 0 0 9 9 0 0 0 0 22 12 0 10 0 0 22 22 0 0 0 0 0 0 0 0 0 0 0 0 0 0 0 0 0 0 0 0 0 0 0 0 0 0 0 0 0 0 0 0 2 0 9 0 0 34 1 0 2 12 0 0 0 0 0 0 0 0 50 0 0 0 0 0 0 0 0 0 0 0 0 0 0 0 6 0 0 0 
 0 0 0 5 75 0 0 0 1 0 3 0 0 0 0 1 0 0 0 1 24 81 528 101 146 257 23 38 86 211 315 343 29 26 107 94 0 216 255 123 0 0 8 2 1 0 78 0 0 0 0 0 114 0 0 0 0 2 63 63 0 0 3 0 0 0 0 0 0 0 0 0 0 0 0 0 3 3 3 0 0 0 2 0 0 0 0 0 0 0 1 0 0 0 0 0 0 0 0 0 0 12 0 0 21 49 8 0 0 0 31 11 8 8 23 12 12 20 0 12 9 0 23 0 0 0 0 22 0 0 0 0 28 12 10 2 10 0 43 39 0 0 0 0 0 6 1 0 0 0 0 0 0 0 0 0 0 1 0 0 0 1 0 0 1 12 0 1 0 2 0 0 0 0 0 0 0 1 0 3 0 16 0 26 0 17 5 4 15 18 0 17 13 5 1 40 40 25 0 1 0 0 0 0 0 0 0 0 0 0 0 0 4 0 0 0 21 0 0 0 0 0 0 0 0 2 0 0 0 0 0 0 0 0 0 0 0 10 0 0 0 0 2 0 0 0 0 0 0 0 0 0 0 0 6 2 2 1 3 1 0 9 0 0 0 0 0 0 0 0 0 0 0 0 0 0 0 0 0 0 0 21 0 0 0 0 0 0 0 0 
 81 2 0 3 0 93 0 0 0 0 2 0 0 1 0 0 0 0 0 1 24 186 374 101 59 52 119 32 183 289 53 80 654 324 56 288 216 0 101 34 0 0 30 2 2 0 62 11 0 0 0 0 0 62 0 0 0 2 0 22 27 0 3 0 0 0 0 0 0 0 0 0 0 0 0 2 69 3 3 0 0 0 0 0 0 32 1 0 0 0 0 0 0 0 0 0 0 0 0 2 0 14 15 9 0 0 19 24 20 22 18 23 39 30 12 15 21 62 0 12 0 0 0 0 0 0 0 7 0 0 0 0 0 0 9 9 0 21 13 0 0 0 0 0 0 4 0 0 0 0 6 0 0 0 0 0 0 0 0 0 0 0 0 0 0 0 3 0 0 0 0 0 0 0 0 0 0 0 0 0 0 0 0 29 42 0 0 0 18 14 54 21 0 23 12 19 47 30 37 12 0 0 0 0 0 21 0 26 0 0 0 0 19 0 0 0 0 1 50 44 0 0 13 0 0 0 0 0 0 0 0 0 0 0 0 0 0 0 0 0 0 0 0 0 0 2 0 0 0 0 0 0 0 0 9 3 2 4 3 3 0 0 0 0 0 1 7 0 0 0 0 0 0 0 0 0 0 0 0 11 0 0 0 0 1 1 0 0 0 0 
 2 0 0 3 1 224 0 0 92 79 150 4 0 0 1 0 73 3 0 33 172 49 144 90 62 37 123 134 133 282 31 246 315 132 153 38 255 101 0 167 0 0 3 0 1 0 3 0 0 0 0 0 5 4 0 6 0 2 0 0 0 0 3 0 0 0 0 0 0 0 0 0 0 0 0 2 3 3 3 0 0 0 17 1 6 53 0 0 0 0 28 0 0 0 0 0 0 19 0 0 22 33 15 0 0 2 36 0 58 22 11 18 34 0 0 0 20 13 26 0 0 0 0 0 0 0 0 0 0 0 0 1 0 0 0 0 2 0 0 0 0 0 0 0 0 0 1 0 0 0 0 0 0 0 0 0 0 0 5 11 0 0 0 23 7 17 1 0 26 10 0 0 0 0 0 11 0 9 0 0 16 0 0 0 35 0 25 29 23 12 59 0 30 0 1 12 40 13 20 15 0 0 0 0 3 8 2 0 0 0 0 0 1 0 0 0 0 0 1 0 0 1 0 0 20 0 0 0 0 0 0 0 0 0 0 0 0 0 0 0 0 0 0 0 0 0 37 0 0 0 0 0 0 0 7 1 2 0 91 2 0 0 0 0 0 0 0 0 0 0 0 0 0 0 0 0 0 0 0 13 0 7 0 0 0 3 0 0 0 0 
 0 0 1 6 0 2 3 75 0 0 0 0 0 0 1 0 0 0 2 1 332 120 268 213 82 73 48 226 239 100 89 123 279 224 107 371 123 34 167 0 0 0 3 0 2 0 63 0 0 0 0 0 0 0 0 0 0 2 0 0 4 0 3 0 0 0 0 0 0 0 0 1 0 0 0 0 3 3 3 0 0 0 0 1 13 8 0 0 0 0 0 0 0 0 0 0 0 0 0 0 10 8 0 0 0 0 14 0 12 11 0 12 48 13 12 8 2 17 0 9 0 0 0 0 0 0 0 0 0 0 0 0 0 0 0 0 0 0 0 0 0 0 0 2 0 0 0 0 0 0 1 0 2 0 0 0 0 0 3 0 0 0 0 0 14 1 0 0 0 1 0 0 0 0 0 0 5 0 0 0 18 0 0 21 0 0 7 12 0 11 13 0 9 25 14 19 35 15 12 12 0 1 0 0 0 0 0 0 0 0 0 0 10 19 0 0 0 0 0 0 0 0 2 0 0 0 0 0 1 0 0 0 0 0 0 0 0 0 0 0 0 0 0 0 0 0 0 0 0 0 0 0 0 0 15 0 3 2 0 0 5 1 0 0 0 0 0 0 0 0 0 0 0 0 0 7 0 0 0 0 0 0 0 0 0 10 0 0 0 0 
 0 0 0 0 0 0 0 0 0 0 0 0 0 0 0 0 0 0 4 0 0 2 5 5 0 69 0 0 1 0 64 55 0 61 0 0 0 0 0 0 0 250 207 122 35 48 173 199 67 42 180 68 51 63 84 126 94 206 265 236 0 0 0 0 0 0 0 0 0 0 0 0 0 0 0 0 5 0 5 0 0 3 0 0 0 0 0 0 0 0 0 0 0 0 0 0 0 0 0 0 0 0 0 0 0 11 0 0 0 0 0 0 0 0 0 0 0 0 0 0 18 17 42 33 9 0 9 37 38 21 28 54 0 23 10 5 17 4 0 9 0 0 0 0 0 0 4 0 0 0 0 0 7 0 0 0 0 0 0 16 0 1 0 0 0 0 0 0 0 0 0 0 4 0 0 0 0 0 0 0 0 0 0 21 0 9 0 0 0 0 0 0 0 8 0 0 0 0 0 0 1 40 12 0 3 37 18 25 14 61 25 14 0 0 22 0 39 24 0 10 0 0 0 0 0 0 0 0 0 0 0 0 0 9 0 0 0 0 10 12 0 0 19 0 0 0 0 0 0 0 0 4 0 1 0 0 0 0 0 0 0 0 0 0 0 9 2 0 0 0 0 0 0 2 0 0 0 0 0 0 0 0 1 0 0 0 0 11 0 0 
 2 0 0 2 19 0 0 0 0 15 2 0 57 0 0 0 0 0 0 0 14 0 0 0 0 122 4 0 0 10 0 0 0 63 4 0 0 0 0 0 250 0 324 142 292 101 84 243 282 110 33 329 39 487 451 146 106 78 125 246 0 3 0 0 0 0 0 1 0 3 0 0 52 4 0 0 0 0 0 0 0 0 6 0 0 0 0 0 1 0 0 4 0 0 0 0 0 0 0 0 14 1 10 0 21 19 5 0 0 0 0 0 11 3 0 0 0 0 29 0 1 1 1 0 12 0 33 33 14 18 9 17 0 24 0 21 18 33 0 10 0 0 0 0 0 0 18 0 0 0 17 0 16 0 0 0 0 0 0 19 0 2 0 0 0 0 0 0 0 0 0 0 5 0 0 0 0 0 0 0 0 0 0 0 10 0 10 0 0 0 0 0 0 0 2 0 0 1 6 6 31 5 19 9 0 10 0 8 9 0 9 21 17 2 13 0 3 15 1 18 21 0 0 0 0 0 0 23 0 0 0 0 0 0 0 0 0 0 0 0 0 0 0 0 0 0 0 0 0 0 0 11 0 2 0 0 0 0 0 0 0 0 2 0 3 11 0 0 2 0 0 0 0 0 0 0 0 0 0 0 0 0 0 0 11 0 0 0 0 0 
 4 0 0 2 1 2 3 0 0 6 1 6 0 0 1 67 0 0 1 0 3 6 6 3 3 80 24 4 3 29 16 5 3 3 7 3 8 30 3 3 207 324 0 213 49 33 201 211 209 116 128 34 136 191 81 194 141 345 34 166 0 0 0 0 0 0 0 0 0 0 1 0 52 0 0 0 0 0 3 0 0 0 0 0 0 19 0 0 0 0 0 0 0 0 0 0 0 0 0 0 0 0 0 0 5 4 0 3 0 0 7 0 0 0 6 0 5 0 0 0 31 59 1 43 5 9 0 3 10 15 10 13 0 20 1 7 0 0 2 5 0 0 0 0 0 40 0 0 0 0 0 1 0 0 0 0 0 0 0 6 0 2 0 0 0 0 0 0 0 1 17 0 0 0 0 0 0 0 0 0 0 18 0 3 9 2 6 0 7 4 0 0 0 0 0 5 3 0 0 0 20 4 30 4 15 1 0 11 0 47 34 16 0 0 31 56 0 27 7 29 0 0 0 0 0 0 0 0 0 0 8 0 6 0 0 0 0 0 21 24 0 0 24 0 0 0 0 0 0 0 0 0 0 2 0 0 0 0 1 0 0 0 0 0 0 0 0 0 2 0 0 0 0 0 0 0 0 0 0 0 0 4 0 0 1 0 0 0 0 0 
 0 1 1 3 0 0 0 0 2 0 6 2 1 0 1 0 1 2 0 1 1 65 2 2 2 1 22 207 2 2 1 0 2 2 2 3 2 2 0 0 122 142 213 0 141 285 451 151 130 134 156 93 131 139 77 43 66 280 89 131 0 1 0 0 0 0 0 0 0 0 1 0 23 0 0 0 0 0 0 0 0 0 0 0 0 0 0 0 0 0 0 0 0 0 0 0 0 0 0 0 0 0 0 0 0 0 0 0 0 0 0 0 0 0 0 0 0 0 0 0 31 21 1 40 12 0 0 0 0 8 10 19 0 12 0 0 0 1 0 0 0 0 0 0 0 0 13 0 0 0 0 0 1 0 0 0 0 0 0 9 0 0 0 0 0 0 0 0 0 0 0 1 0 0 0 0 0 0 4 0 0 0 0 0 0 0 0 0 0 0 0 0 0 0 0 0 0 0 0 0 0 9 25 0 15 13 0 10 0 0 11 15 0 0 24 10 0 0 0 0 33 0 0 0 0 0 0 10 0 0 0 0 0 0 9 0 0 0 0 10 0 0 18 0 0 0 0 0 0 0 0 0 0 0 0 0 0 0 2 13 0 0 0 0 66 1 2 0 2 0 0 0 0 0 0 0 0 0 0 0 0 0 0 0 0 15 0 0 0 0 
 6 2 2 3 4 4 4 2 2 6 3 7 2 3 2 2 2 2 3 2 10 2 1 2 2 1 1 3 1 13 1 2 1 2 1 1 1 2 1 2 35 292 49 141 0 235 49 163 80 56 319 175 80 57 186 90 129 65 59 121 2 2 2 23 5 2 0 1 2 16 7 2 103 2 3 2 1 10 6 0 0 0 0 0 0 0 10 0 0 0 0 0 0 9 0 27 0 0 0 0 0 0 0 0 0 10 0 0 0 0 0 0 0 0 0 0 0 0 0 0 0 0 0 0 0 17 0 0 0 0 0 0 0 0 0 1 0 11 0 0 0 0 6 0 0 0 30 0 0 0 0 0 19 0 0 1 0 0 51 14 0 1 0 0 0 0 0 0 0 5 0 0 0 0 0 0 0 0 0 0 0 0 0 0 0 0 0 0 0 22 0 0 0 0 0 0 1 0 0 0 0 0 0 13 15 38 0 0 4 9 0 14 0 8 0 0 0 0 0 0 9 0 0 0 0 0 0 4 0 0 0 0 9 0 0 0 0 0 0 3 0 0 0 0 0 0 0 0 0 0 0 5 0 0 0 0 0 1 0 1 1 0 2 3 4 8 0 1 0 0 0 0 0 0 0 0 0 0 0 0 0 0 0 0 8 7 0 0 0 0 
 2 9 1 0 0 0 5 1 1 3 1 0 1 0 0 0 2 1 0 2 0 0 0 4 0 0 0 6 0 3 0 0 0 0 0 1 0 0 0 0 48 101 33 285 235 0 43 251 103 125 315 63 22 41 297 82 49 57 57 82 3 0 0 3 0 0 0 11 0 0 0 0 22 23 27 0 1 0 4 0 0 0 0 1 0 0 0 0 0 0 0 0 0 0 0 0 0 0 0 0 0 0 0 0 0 0 0 0 0 0 0 0 0 0 0 0 0 0 0 0 0 0 0 9 10 14 0 0 0 0 0 22 0 0 0 0 0 0 0 0 5 8 10 7 0 0 18 3 10 1 0 2 14 0 1 26 0 0 3 8 0 1 0 0 0 0 0 0 0 3 0 0 12 0 0 0 0 0 0 0 0 0 0 0 0 0 0 0 0 0 0 0 0 0 0 0 0 0 0 0 0 0 0 0 11 18 0 0 8 0 0 23 0 0 0 0 0 0 0 0 24 0 0 3 0 18 36 21 0 0 0 0 4 15 19 1 1 0 7 5 0 0 0 0 0 0 0 0 0 0 0 2 0 0 0 0 0 0 0 8 0 0 68 7 66 5 0 68 1 0 10 0 0 0 0 0 0 0 0 0 0 0 0 0 0 10 0 0 0 0 
 0 0 1 5 0 0 1 0 3 0 3 0 0 0 2 0 3 9 0 0 0 0 0 118 68 66 1 206 0 126 70 0 0 1 0 0 78 62 3 63 173 84 201 451 49 43 0 196 54 42 92 25 381 77 132 330 36 258 130 337 0 0 0 0 0 0 0 0 0 0 0 0 0 0 0 4 22 0 0 0 0 0 3 0 0 4 0 0 0 0 4 0 0 0 0 0 0 4 0 0 0 0 0 0 11 9 24 0 1 0 0 9 0 0 0 1 0 0 0 0 18 12 24 5 9 0 14 0 0 10 12 30 11 11 19 0 15 0 11 18 0 0 0 0 0 0 0 0 0 0 0 0 0 0 0 0 0 0 0 0 0 2 0 0 0 1 0 4 4 1 0 0 0 0 0 3 1 4 1 8 0 0 19 9 0 0 0 0 0 1 9 21 1 0 0 0 0 0 1 0 0 7 11 0 9 0 0 3 9 23 16 10 0 0 0 4 10 0 0 0 0 0 0 0 0 0 0 0 0 0 0 0 0 13 0 0 0 0 1 0 0 0 9 0 0 0 1 0 0 0 0 4 0 2 0 0 0 0 0 0 0 0 0 0 1 4 0 0 0 0 0 0 0 0 0 0 0 0 0 0 0 0 0 0 0 0 0 0 2 0 
 3 2 2 3 3 3 6 2 2 10 3 3 2 3 3 3 61 2 3 2 3 25 8 6 0 0 1 0 0 7 2 0 0 3 0 4 0 11 0 0 199 243 211 151 163 251 196 0 139 54 87 125 392 188 369 121 48 210 83 320 0 0 0 0 0 2 0 3 0 0 2 0 0 0 0 45 2 0 1 3 0 0 0 0 0 0 0 0 0 0 0 0 0 0 0 0 0 0 0 13 0 0 0 0 0 0 0 8 0 4 0 5 0 0 0 3 0 44 0 0 11 23 3 5 35 0 0 11 10 19 63 39 1 69 0 0 12 21 0 0 0 0 0 0 0 0 1 0 0 0 0 0 12 0 0 0 1 0 0 11 0 1 0 0 0 0 0 0 0 0 0 0 8 0 0 0 0 0 0 0 0 0 0 0 8 2 0 0 0 53 12 11 0 0 0 0 0 0 3 0 1 45 54 0 12 38 0 36 11 18 21 30 9 13 32 7 0 0 8 58 7 0 0 0 0 0 0 1 0 0 0 2 0 0 0 0 0 0 0 0 0 0 4 0 0 0 0 0 0 0 0 7 0 0 0 0 0 0 0 0 0 0 0 0 3 9 1 0 2 0 0 0 0 0 0 0 0 0 0 0 0 0 0 0 27 0 0 0 0 0 
 2 0 0 2 0 0 0 1 0 2 0 2 0 0 0 0 0 0 0 0 0 0 1 0 9 68 0 0 0 0 0 0 0 0 0 0 0 0 0 0 67 282 209 130 80 103 54 139 0 112 107 35 101 88 391 266 207 250 160 363 0 0 0 0 0 0 0 0 0 0 0 0 51 5 0 0 0 0 0 0 0 0 0 0 0 0 0 0 0 0 0 0 0 0 0 0 0 0 0 0 0 0 0 0 19 21 0 0 0 0 0 0 0 0 0 0 0 0 0 0 41 32 7 11 0 11 21 19 8 1 3 3 3 4 5 21 9 21 0 0 0 0 8 0 0 0 11 0 0 0 1 0 0 0 0 0 0 0 4 2 0 1 0 0 0 0 0 0 0 3 0 0 0 0 0 0 0 0 0 0 0 0 0 0 1 1 0 0 0 0 0 0 0 0 0 0 0 0 0 0 52 10 32 2 21 5 0 47 32 35 21 0 0 11 12 100 3 72 4 10 0 0 0 0 0 9 0 8 0 0 0 0 6 0 0 0 0 0 0 0 0 0 0 0 0 0 0 0 0 0 0 2 0 1 1 0 0 0 0 2 0 0 0 1 2 0 0 0 2 0 0 0 0 0 0 0 0 0 0 0 0 0 0 0 0 0 0 0 0 0 
 0 0 0 0 0 0 0 0 0 0 0 0 0 0 0 0 0 0 0 0 64 0 0 0 25 0 0 0 0 6 0 0 0 0 0 3 0 0 0 0 42 110 116 134 56 125 42 54 112 0 127 37 63 80 178 122 53 113 293 217 0 0 0 5 0 0 66 7 0 0 0 0 6 0 0 0 0 0 2 0 0 0 0 0 0 0 0 0 0 0 0 0 0 9 0 0 0 0 0 0 0 0 0 0 0 0 0 0 0 10 0 0 0 0 0 0 0 0 0 0 0 15 0 0 17 23 0 37 0 11 6 9 0 0 10 19 20 4 0 0 3 0 1 6 0 0 4 9 9 2 0 0 0 4 1 15 0 0 6 0 0 1 0 4 0 0 0 0 0 0 0 0 4 0 0 0 0 0 0 0 0 0 0 0 0 0 0 0 0 0 0 0 0 0 0 0 0 0 0 0 18 0 25 17 0 0 0 10 0 25 4 28 4 20 9 11 0 0 7 20 14 0 10 0 0 0 27 0 0 0 0 0 4 0 0 10 0 0 0 12 0 0 0 0 0 0 0 0 0 0 0 7 0 0 0 0 0 0 0 34 0 0 38 0 0 66 7 65 0 0 0 0 0 0 0 0 0 0 0 0 0 0 7 0 0 16 0 0 0 0 
 2 0 0 1 0 4 0 0 0 0 1 0 0 0 0 0 5 0 0 0 3 0 0 0 74 1 0 0 0 0 0 0 0 0 1 0 0 0 0 0 180 33 128 156 319 315 92 87 107 127 0 125 101 43 156 212 324 55 37 345 1 0 0 0 0 0 0 0 8 0 0 0 3 78 18 0 3 0 53 1 0 0 0 0 0 0 0 0 0 0 0 0 3 0 0 0 0 0 0 0 0 0 0 0 0 0 0 0 0 0 0 0 0 0 0 0 0 0 8 0 14 32 8 7 14 10 0 8 2 12 35 40 0 18 1 0 16 0 0 0 19 15 17 0 0 0 21 7 0 1 0 1 15 14 0 10 0 0 7 0 0 1 0 0 0 0 0 0 0 0 0 0 0 0 0 0 0 0 0 0 0 0 0 0 0 0 0 0 0 0 0 0 0 0 0 0 0 0 0 0 0 5 11 0 30 0 0 41 20 0 1 16 0 0 19 7 0 0 0 0 0 0 10 0 0 0 0 6 0 0 10 0 7 10 29 0 11 0 0 1 0 0 6 0 0 0 0 0 0 0 0 0 0 0 0 0 0 0 0 12 0 0 0 6 62 0 4 0 0 0 0 0 0 0 0 0 0 0 0 0 0 0 0 0 1 15 0 0 0 0 
 2 0 0 0 0 0 0 0 0 5 0 1 0 0 0 1 0 0 0 0 3 0 0 0 0 0 0 0 0 2 0 2 3 0 0 0 0 0 0 0 68 329 34 93 175 63 25 125 35 37 125 0 36 103 238 36 76 72 43 44 53 0 0 0 0 0 52 5 4 1 0 0 0 22 22 0 9 1 22 2 0 0 0 0 0 0 0 0 0 0 0 0 0 0 0 0 0 0 0 0 0 0 0 0 0 0 0 0 21 0 0 0 0 0 6 0 0 0 0 0 0 0 0 0 0 1 0 0 0 0 0 0 0 0 0 0 0 37 0 0 5 8 9 13 0 0 0 1 12 5 11 0 21 11 20 34 0 1 1 0 0 1 0 0 0 0 0 0 0 2 0 0 0 0 0 0 0 0 0 0 0 0 0 0 0 6 0 0 0 0 0 0 0 0 0 0 0 0 0 0 0 0 0 0 21 22 0 0 3 1 0 3 0 13 0 0 0 19 0 0 20 11 16 0 0 0 1 15 0 0 5 0 18 10 12 13 1 11 8 0 0 18 0 0 0 0 1 0 0 0 0 3 0 0 0 0 1 0 0 19 0 0 2 4 0 0 0 71 0 3 0 0 0 0 0 0 0 0 0 0 0 0 0 0 19 2 0 0 0 0 
 0 0 1 0 0 0 0 6 2 3 4 0 0 0 4 0 3 7 6 0 6 0 92 92 172 5 1 0 0 67 133 64 3 0 63 62 114 0 5 0 51 39 136 131 80 22 381 392 101 63 101 36 0 98 242 549 303 244 345 471 0 0 0 1 3 0 0 0 0 0 0 0 23 0 8 0 3 16 2 0 0 0 6 0 0 3 0 0 0 0 16 0 0 0 0 0 0 2 0 0 0 0 6 36 16 0 0 0 0 0 0 21 0 0 10 0 5 0 0 0 6 10 31 0 1 0 0 0 0 0 1 0 37 21 0 0 25 0 27 31 0 0 0 0 0 0 0 0 0 0 0 0 0 0 0 0 0 0 0 0 0 1 0 0 0 0 0 1 2 1 0 0 0 0 0 4 0 4 0 2 0 18 0 8 4 18 0 0 19 0 0 23 1 0 0 0 0 0 1 0 22 7 11 0 0 0 13 1 13 0 0 0 17 16 6 46 8 0 0 6 0 0 0 0 0 0 0 0 0 0 0 0 0 0 0 1 0 0 0 0 0 0 0 0 0 0 0 0 0 31 0 0 0 1 0 0 0 0 0 21 0 0 0 0 0 2 1 0 0 0 0 0 0 0 0 0 0 0 0 0 0 0 0 0 0 0 5 0 1 0 
 0 0 3 0 0 0 1 0 10 3 8 0 0 0 28 0 5 5 0 0 0 0 67 0 0 0 12 0 0 0 0 0 0 61 0 1 0 62 4 0 63 487 191 139 57 41 77 188 88 80 43 103 98 0 167 102 61 157 96 218 0 0 0 0 0 0 60 0 0 0 7 0 0 0 3 0 0 2 1 0 0 0 4 0 0 13 29 0 0 0 7 0 0 0 0 0 0 9 0 0 0 0 0 0 0 0 3 0 1 0 0 0 0 0 0 0 0 0 0 0 2 2 1 0 8 0 26 29 34 24 0 1 0 3 14 44 1 45 0 9 0 0 0 0 0 0 0 0 0 0 20 0 11 0 0 0 0 0 0 10 0 0 0 0 0 2 0 0 5 5 0 0 0 0 0 8 0 15 0 0 0 0 0 0 0 0 0 0 0 0 0 0 7 0 0 3 0 0 1 0 0 12 9 1 0 18 0 9 0 0 2 22 1 16 1 10 0 16 1 16 0 0 0 0 0 0 1 0 0 0 0 2 0 0 0 0 0 0 4 9 0 0 0 0 0 0 5 0 0 0 0 8 0 0 0 0 0 0 0 0 0 0 2 0 2 4 0 0 0 0 0 0 0 0 0 0 0 0 0 0 0 0 0 0 22 0 0 0 0 8 
 6 5 6 8 2 2 7 3 3 5 66 2 3 4 2 4 4 3 2 3 0 0 0 0 0 63 1 0 0 0 0 3 0 0 0 0 0 0 0 0 84 451 81 77 186 297 132 369 391 178 156 238 242 167 0 144 375 136 99 181 0 1 0 0 0 0 0 0 0 0 0 0 0 0 0 0 10 0 0 0 0 1 0 2 1 0 0 2 1 0 0 5 1 3 0 0 7 0 0 0 0 0 0 0 0 0 0 0 0 0 0 0 0 0 0 0 0 0 0 0 26 27 11 12 0 0 7 3 17 13 19 8 10 10 0 0 29 22 12 12 0 0 0 0 0 0 3 0 0 0 0 0 8 0 0 0 0 0 0 1 0 2 0 3 8 1 0 0 0 3 2 0 11 0 0 0 3 0 0 5 0 0 0 0 23 0 0 0 0 0 0 0 0 0 0 0 0 0 0 0 30 15 7 10 0 43 0 0 22 6 0 9 10 26 11 25 3 0 0 1 7 0 0 0 0 0 0 1 0 0 0 0 0 0 0 0 10 0 0 0 0 1 16 0 0 0 0 0 0 17 0 0 0 2 0 0 0 0 0 5 0 0 2 0 4 3 0 0 3 0 0 0 0 0 0 0 0 0 0 0 0 0 0 0 34 0 0 0 2 0 
 2 0 0 3 2 4 3 0 8 10 1 4 0 0 1 2 0 0 5 0 5 0 0 0 0 73 3 205 0 0 0 0 0 0 0 4 0 0 6 0 126 146 194 43 90 82 330 121 266 122 212 36 549 102 144 0 144 321 82 117 0 0 0 0 0 49 0 0 0 0 0 0 0 0 0 0 5 0 18 0 0 0 0 0 0 2 0 0 0 0 0 0 0 0 0 0 0 0 0 0 5 0 1 0 0 1 8 0 2 0 0 0 5 3 0 0 0 0 0 0 27 54 25 11 1 0 0 17 29 34 27 16 0 31 14 30 23 1 0 3 0 0 0 0 0 0 0 0 0 0 0 0 0 0 0 0 0 0 0 8 0 0 0 0 0 12 0 1 0 0 0 16 0 0 0 0 0 10 0 0 0 0 0 0 14 0 0 0 0 0 0 0 7 0 0 0 0 1 5 0 19 22 25 7 0 14 0 25 38 27 20 2 0 11 35 37 0 24 8 0 0 0 0 0 0 0 7 0 0 0 0 0 3 0 0 0 0 0 19 6 0 0 10 0 0 0 2 0 0 0 0 0 0 12 0 0 0 0 0 2 0 0 0 0 0 2 0 0 2 0 0 0 0 0 0 0 0 0 0 0 0 0 0 0 3 0 0 0 0 0 
 2 0 0 0 1 2 0 0 0 0 0 0 0 0 0 0 0 0 10 0 0 0 0 0 1 198 2 0 0 5 0 0 0 0 0 0 0 0 0 0 94 106 141 66 129 49 36 48 207 53 324 76 303 61 375 144 0 147 83 41 0 0 0 0 0 0 207 0 0 0 0 0 52 0 0 0 2 0 0 0 0 0 0 0 0 0 34 0 0 0 0 0 0 6 8 0 0 0 0 0 0 0 0 0 0 12 0 0 0 0 0 0 0 0 0 9 0 0 0 0 24 35 6 13 11 7 2 1 25 12 22 0 0 20 0 12 13 12 0 2 0 0 7 0 0 0 8 0 0 0 0 0 0 0 0 0 0 0 11 1 0 1 0 0 0 0 1 0 0 5 0 0 0 4 0 2 0 0 0 0 0 0 0 0 14 13 0 0 0 0 0 0 0 0 0 0 0 0 0 0 36 35 29 7 9 0 1 11 56 36 1 0 0 0 37 32 0 37 7 21 0 0 0 0 0 0 0 9 0 0 0 0 8 0 0 0 0 0 0 0 0 0 0 0 0 0 0 0 0 0 0 2 0 0 0 0 0 0 0 2 0 1 0 0 0 2 1 0 1 0 0 0 0 0 0 0 0 0 0 0 0 3 0 0 0 0 0 11 0 0 
 2 0 0 0 0 0 0 0 0 2 0 4 0 0 1 0 0 0 6 0 2 64 2 2 2 73 4 3 2 2 2 2 5 2 2 4 2 2 2 2 206 78 345 280 65 57 258 210 250 113 55 72 244 157 136 321 147 0 63 137 0 0 0 0 0 0 0 0 0 0 0 0 0 0 0 0 12 0 0 0 0 0 0 0 0 0 0 0 0 0 0 0 0 0 0 0 0 0 0 0 0 0 0 0 0 19 0 0 0 0 0 0 0 0 0 0 0 0 0 0 21 1 34 17 0 1 0 15 33 72 11 11 0 9 22 52 11 21 0 0 0 0 0 0 0 0 0 0 0 0 0 4 1 0 0 0 0 0 0 15 0 2 0 0 0 0 0 0 0 0 0 0 2 0 0 0 0 0 0 0 0 0 0 0 0 0 0 0 0 0 0 0 0 0 0 0 0 0 0 0 0 14 0 4 0 18 0 8 14 28 40 14 0 22 0 0 11 8 0 0 1 0 0 7 0 0 0 0 0 0 0 0 0 9 0 0 0 0 25 0 0 0 0 0 0 0 0 0 0 0 0 3 0 1 0 0 0 0 0 0 0 1 3 2 0 7 2 0 0 0 10 0 0 0 0 0 0 0 0 0 0 0 0 0 31 0 0 0 0 0 
 0 0 0 3 0 0 0 0 0 4 0 0 0 0 0 0 0 0 0 0 4 0 77 126 124 63 0 0 0 108 37 1 0 0 34 2 63 0 0 0 265 125 34 89 59 57 130 83 160 293 37 43 345 96 99 82 83 63 0 103 13 4 2 54 4 2 0 50 4 4 0 0 0 5 16 0 2 10 1 2 0 0 0 0 0 0 0 0 0 0 0 0 0 0 0 0 0 0 0 0 0 0 25 23 1 0 0 0 0 0 1 15 0 0 0 0 10 0 0 0 23 10 4 0 0 0 10 0 3 0 0 0 20 23 8 0 8 0 25 1 0 0 0 0 0 0 0 0 0 7 8 7 0 0 0 6 0 0 0 0 0 2 0 0 0 0 0 5 0 0 0 0 0 0 55 0 0 0 0 12 21 19 13 0 22 11 0 0 28 0 20 72 0 0 0 0 0 0 0 0 23 0 6 0 0 0 4 0 13 0 0 0 7 0 11 36 0 0 0 12 0 0 4 0 0 6 0 0 0 0 0 0 21 0 0 0 0 0 0 0 0 0 0 0 0 0 0 0 0 0 0 0 0 3 0 0 0 62 0 0 1 1 0 0 0 0 3 0 0 0 4 0 0 0 0 4 0 0 0 0 0 0 0 0 0 0 7 0 0 0 
 2 3 3 5 1 0 6 3 4 3 1 1 8 69 1 0 3 3 2 3 7 1 63 2 1 3 21 205 0 1 0 0 0 0 0 63 63 22 0 0 236 246 166 131 121 82 337 320 363 217 345 44 471 218 181 117 41 137 103 0 7 0 2 0 0 6 0 0 1 5 0 1 0 0 0 0 52 58 1 0 14 6 0 7 0 0 0 3 0 2 0 2 6 0 1 7 6 0 6 0 0 1 0 1 0 4 0 0 0 0 0 0 0 0 11 0 0 1 0 0 0 42 0 10 9 0 0 17 0 16 3 10 8 1 14 33 23 19 28 19 0 0 1 0 0 4 0 0 0 0 4 0 0 0 0 0 0 0 0 0 0 5 8 0 2 0 0 3 0 0 2 6 7 0 6 0 0 0 0 2 0 0 18 0 9 1 0 0 0 0 0 9 0 0 0 8 0 0 0 0 21 0 17 18 0 0 0 9 3 17 30 16 18 19 11 19 0 1 14 6 0 0 0 0 0 0 0 0 0 0 0 0 0 0 0 0 0 0 0 11 0 0 10 0 0 0 0 0 0 0 0 0 0 2 0 0 0 0 0 25 0 1 4 0 1 3 4 0 2 0 0 0 0 0 0 0 0 0 0 0 0 0 0 0 1 0 0 0 2 0 
 0 0 0 0 0 0 3 0 0 48 2 0 0 0 0 0 0 0 0 2 39 0 2 3 0 0 2 0 4 11 0 0 0 5 0 0 0 27 0 4 0 0 0 0 2 3 0 0 0 0 1 53 0 0 0 0 0 0 13 7 0 255 97 47 72 49 163 172 45 155 92 51 58 181 96 43 497 74 88 369 0 0 0 0 0 0 0 9 0 0 0 0 0 0 0 0 0 0 0 0 1 1 0 1 1 0 0 22 12 9 0 1 0 0 3 15 1 10 0 0 0 0 0 0 1 1 0 0 0 0 0 0 3 0 0 0 0 0 0 0 1 7 8 10 23 7 1 18 28 38 15 10 0 1 12 9 1 17 1 1 0 0 0 0 0 1 0 0 0 0 0 0 0 0 0 0 0 0 0 0 0 0 0 5 0 0 0 0 0 8 0 0 0 5 7 7 5 6 6 3 1 0 0 0 0 0 0 0 0 0 0 0 0 0 0 0 0 9 0 0 4 1 1 20 7 11 2 0 0 14 14 0 13 0 10 3 31 56 9 7 0 0 0 0 0 0 0 0 0 0 0 0 0 0 7 0 0 0 0 0 0 0 0 34 0 0 18 2 0 0 32 0 0 5 0 30 0 0 0 0 0 0 0 0 0 0 0 0 0 0 
