 0 134 199 177 124 29 437 240 164 55 139 56 70 241 171 248 336 193 47 43 4 0 17 1 0 2 1 0 3 2 4 2 0 3 4 5 0 4 0 0 5 0 3 3 0 0 3 69 0 4 2 2 0 3 0 0 0 2 0 0 0 0 2 5 3 4 0 0 1 2 2 35 0 11 0 1 3 0 51 0 17 17 39 25 11 17 18 32 5 15 16 21 0 27 31 14 28 1 0 0 0 2 0 0 0 0 0 0 0 0 0 0 20 0 0 0 0 0 9 1 0 0 0 0 0 0 0 2 2 0 0 0 0 0 9 0 0 0 0 0 0 0 0 0 0 0 0 0 0 3 0 5 0 0 0 0 0 0 0 0 11 11 8 10 18 10 11 44 16 24 0 8 15 0 0 16 1 18 11 8 0 0 0 0 0 0 0 0 0 1 0 0 0 1 0 0 0 0 15 1 0 0 0 0 0 0 0 0 0 0 0 0 0 0 0 0 0 0 2 0 0 0 0 2 0 0 0 0 0 0 0 0 0 0 1 0 0 0 0 0 0 13 0 0 0 2 3 0 4 0 0 10 0 0 0 0 0 0 0 0 0 0 13 0 0 0 0 0 0 0 0 0 0 0 0 31 28 0 0 0 0 0 0 0 0 0 0 0 0 0 
 134 0 189 177 129 131 177 226 363 256 439 254 27 146 147 30 129 127 305 80 0 0 0 0 0 2 0 0 0 4 1 2 74 1 0 0 0 1 76 0 0 0 3 0 0 0 3 6 0 4 0 3 0 0 0 0 0 2 0 0 0 0 0 0 3 2 0 0 0 2 6 0 0 3 0 0 3 0 0 3 1 0 10 12 21 2 0 1 0 16 72 11 0 5 13 0 11 12 13 0 11 0 0 0 0 0 0 0 0 0 0 0 13 38 0 13 0 0 28 27 0 0 0 0 0 0 0 0 0 0 0 0 0 0 0 0 0 0 0 0 0 0 0 0 0 0 0 0 0 0 0 0 0 0 0 0 0 0 0 5 12 11 45 1 10 38 14 41 10 0 5 10 0 0 0 0 0 11 0 0 0 0 0 0 0 0 2 0 6 0 0 0 28 12 0 0 0 0 7 20 0 0 0 0 0 0 0 0 0 0 0 0 0 0 0 0 0 0 0 0 0 0 0 0 0 0 0 0 0 0 0 0 0 0 0 0 0 0 0 0 0 0 0 0 0 2 2 0 2 160 0 5 13 0 0 0 0 0 0 0 0 0 0 0 0 0 0 0 0 0 0 0 0 0 0 25 0 0 0 0 0 0 0 0 0 0 0 0 0 0 
 199 189 0 203 60 35 165 119 181 156 346 46 58 165 269 113 119 77 32 133 0 0 0 4 0 2 0 0 0 2 0 2 0 2 0 0 0 0 75 0 0 0 3 0 0 0 3 0 0 65 0 1 0 0 0 0 0 2 0 0 0 0 0 0 2 2 0 0 3 2 2 0 0 1 0 0 2 0 34 0 14 26 23 0 15 0 24 17 0 33 0 11 0 0 25 18 0 0 0 0 0 0 0 0 0 0 0 0 0 1 15 0 20 5 0 0 24 0 11 0 0 0 0 0 0 0 0 0 0 16 0 0 0 0 0 0 0 0 0 0 0 0 0 0 0 0 0 0 0 1 0 0 0 0 0 0 0 6 0 0 0 0 0 0 0 0 7 11 1 9 14 6 10 0 0 32 0 33 0 0 0 0 0 0 0 0 0 0 0 0 0 0 24 0 0 0 0 0 0 0 0 0 0 0 0 0 0 0 0 0 0 0 12 0 0 0 0 14 0 0 0 0 0 0 0 0 0 0 0 0 0 0 0 0 0 0 0 0 0 0 0 24 0 0 0 1 182 2 2 11 0 20 0 1 0 0 0 0 0 0 0 0 0 0 0 0 0 0 0 0 0 0 0 0 0 0 0 0 0 0 0 0 0 0 0 0 0 0 0 0 
 177 177 203 0 179 55 185 84 86 304 57 77 103 390 465 206 242 167 298 86 0 0 0 0 0 2 0 0 0 2 117 2 114 0 0 0 0 0 1 0 0 0 3 0 0 0 3 0 0 4 0 2 0 0 0 60 0 2 0 0 37 0 0 0 3 2 0 0 1 2 10 0 0 3 0 0 3 0 2 7 13 0 40 0 11 1 1 10 11 18 13 19 0 9 9 49 20 11 0 30 16 0 0 0 0 0 0 0 0 0 0 0 15 10 1 0 0 0 12 1 0 2 0 0 0 0 0 0 0 0 0 0 0 0 11 0 0 0 0 0 0 0 0 0 0 0 0 0 0 5 0 0 0 1 0 1 0 1 0 0 29 10 12 15 1 9 6 21 23 6 0 29 0 0 0 0 0 18 0 10 0 2 0 0 0 0 0 1 0 0 0 0 0 0 0 0 0 0 9 10 0 0 0 0 0 0 0 0 0 0 0 0 0 0 0 0 0 0 0 1 0 0 0 0 0 0 2 0 0 0 0 2 0 0 0 0 0 0 0 0 0 0 0 0 0 1 2 0 3 182 0 7 41 0 0 0 0 0 0 0 0 0 0 0 0 0 0 0 0 0 0 0 0 0 0 10 22 10 0 0 0 0 0 0 0 0 0 0 0 0 
 124 129 60 179 0 244 281 76 77 395 70 148 172 295 184 94 221 52 75 290 80 30 2 0 5 2 77 75 1 2 3 2 1 1 107 0 0 0 46 152 0 0 3 0 50 0 3 29 0 3 0 2 2 0 2 0 0 2 0 2 0 0 1 6 3 2 1 0 1 2 2 0 0 42 0 2 3 0 0 0 0 19 15 20 15 37 10 23 0 14 9 20 0 19 9 0 15 0 0 0 5 0 1 0 0 0 1 22 13 20 0 0 0 16 4 7 0 0 29 0 0 0 0 0 0 0 0 0 0 0 0 0 0 0 0 0 0 0 0 2 0 0 1 0 3 8 0 0 0 0 4 0 0 0 0 12 0 0 0 2 12 2 4 12 5 8 3 21 9 1 18 18 1 0 3 0 0 0 20 0 23 9 0 0 0 0 0 18 26 0 0 10 18 26 0 21 14 0 19 19 0 0 0 0 0 0 0 0 0 0 0 0 0 0 0 0 0 0 0 0 0 2 0 0 0 0 0 2 0 0 12 0 0 0 0 11 0 2 0 0 0 0 0 0 0 3 86 0 4 3 4 12 0 0 0 0 0 0 0 0 0 0 0 0 1 0 0 0 0 0 0 0 38 0 0 9 21 0 0 0 0 0 0 0 0 0 0 1 0 0 
 29 131 35 55 244 0 28 108 228 141 238 171 26 333 52 72 159 122 57 62 24 76 0 0 0 2 29 0 0 2 0 2 232 0 80 0 0 1 221 138 0 0 3 0 0 0 3 43 0 3 0 4 0 0 0 0 0 2 0 5 0 0 0 0 2 2 0 0 3 2 11 0 0 47 0 0 2 0 0 7 0 0 10 18 15 0 0 0 11 21 0 13 0 0 0 0 0 14 0 0 56 18 0 0 1 0 39 20 4 9 0 0 9 1 43 0 0 0 19 0 0 14 0 0 0 0 0 0 0 0 0 0 0 0 0 0 0 0 0 0 0 0 0 0 19 0 0 0 0 0 8 1 0 0 0 0 0 0 0 0 0 2 0 13 0 9 0 0 2 17 23 16 0 0 0 36 3 10 0 0 19 26 2 0 0 0 42 22 35 0 0 6 25 10 0 20 14 0 18 53 1 0 0 0 0 0 0 0 0 0 0 0 0 0 0 0 0 0 0 0 0 0 0 0 0 2 0 0 0 13 2 0 0 0 0 1 0 0 1 0 0 0 0 0 0 4 95 1 88 88 16 1 18 0 0 0 0 0 0 0 0 0 0 0 0 0 0 0 0 0 0 0 0 0 0 0 0 0 0 0 0 0 0 0 0 0 1 0 0 0 
 437 177 165 185 281 28 0 530 159 482 271 125 183 252 50 45 52 273 116 567 0 0 1 0 0 2 0 1 1 2 1 2 0 1 0 0 0 0 0 0 62 0 3 0 0 0 3 0 0 5 0 3 2 0 0 0 0 5 0 0 0 0 0 5 3 2 0 0 1 2 2 0 0 3 0 0 3 0 0 0 22 1 0 13 5 17 76 25 19 0 12 18 1 66 29 11 39 15 12 9 22 0 0 0 0 0 0 0 15 0 0 0 15 0 0 0 0 0 9 0 0 0 0 0 0 0 0 0 0 7 0 0 0 0 0 0 0 0 0 0 0 1 0 0 0 0 0 0 0 0 0 0 0 0 0 0 0 11 2 0 12 17 27 0 3 10 9 19 23 0 0 0 0 21 26 0 35 2 26 0 0 0 0 0 0 0 0 0 0 0 0 0 0 0 0 0 0 0 29 1 7 0 0 0 0 0 0 0 0 0 0 0 2 0 0 0 0 0 0 0 0 0 0 0 0 0 0 0 0 0 0 0 0 0 0 0 0 2 0 0 0 0 0 0 0 0 1 0 2 0 2 13 0 0 0 0 0 0 0 0 0 0 19 0 0 0 0 0 0 0 0 0 0 0 0 12 0 0 0 0 0 0 0 0 0 0 0 0 0 0 
 240 226 119 84 76 108 530 0 207 97 266 110 144 506 142 42 45 78 205 46 0 0 3 0 2 5 2 0 0 3 0 4 81 0 0 2 2 0 1 0 0 0 3 0 3 0 3 0 0 67 0 0 0 63 0 0 0 2 0 0 0 0 0 1 2 2 0 0 3 5 9 0 0 0 2 0 2 3 9 14 12 0 1 2 13 0 0 4 10 17 30 18 0 77 26 18 10 10 0 0 37 0 0 0 0 0 0 0 0 0 0 0 0 16 0 2 0 0 11 0 0 0 0 0 0 0 0 20 0 0 0 0 0 0 0 0 0 0 2 0 0 0 0 15 0 0 0 0 0 0 0 0 0 0 0 0 0 0 0 0 0 0 29 14 3 55 5 24 17 14 0 0 15 2 0 4 20 34 0 12 0 0 0 0 0 0 0 0 0 0 2 0 0 0 0 0 0 0 40 10 0 0 0 0 0 2 0 0 0 0 1 0 0 1 7 0 0 0 0 0 0 0 0 0 0 0 0 0 0 0 0 0 2 0 0 0 0 0 0 0 0 0 0 0 0 1 0 2 2 91 0 6 17 0 0 0 0 0 0 0 0 0 18 0 0 0 0 0 0 0 0 0 0 0 0 36 0 0 0 0 0 0 0 0 0 0 0 0 0 0 
 164 363 181 86 77 228 159 207 0 387 177 249 103 94 79 347 175 122 188 74 0 0 0 0 2 2 0 0 0 2 0 2 37 1 1 3 0 3 2 0 0 0 5 0 3 2 3 62 0 3 0 1 5 0 0 0 0 2 0 0 0 0 1 1 27 2 0 0 3 7 2 0 0 1 2 0 2 3 0 3 6 13 13 17 0 0 0 1 21 36 62 0 0 0 32 40 4 1 8 15 22 0 0 0 0 0 0 0 0 0 0 0 11 32 39 0 0 0 11 22 0 0 0 0 0 0 0 0 0 0 0 10 0 0 0 0 0 0 0 0 0 0 0 0 0 0 0 0 0 0 0 0 0 0 0 0 0 0 0 0 0 14 16 13 10 20 44 12 2 10 76 13 10 0 24 0 38 13 0 0 0 0 0 0 0 2 1 0 0 0 0 0 37 9 0 2 0 0 0 16 0 0 0 0 2 0 0 0 0 0 0 0 0 0 0 0 0 0 0 0 0 0 0 0 0 0 0 0 1 0 0 0 0 0 0 0 0 0 0 0 0 2 0 0 0 0 0 1 3 91 22 4 0 0 0 0 0 0 0 0 0 0 8 0 0 0 0 0 0 0 0 0 0 0 0 17 1 0 0 0 0 0 0 0 0 0 0 0 0 0 
 55 256 156 304 395 141 482 97 387 0 260 505 65 288 326 529 382 314 385 194 0 0 0 0 0 2 0 72 0 2 0 2 0 35 0 0 0 0 74 2 0 0 3 0 0 0 3 7 0 63 0 1 1 0 0 0 0 2 0 0 0 0 0 0 2 2 0 0 3 2 2 0 0 1 0 0 2 0 33 0 0 14 3 6 19 0 9 23 14 46 41 29 0 19 11 0 18 13 18 0 10 10 2 0 0 0 42 0 0 0 0 0 12 18 9 0 0 0 0 24 0 0 0 0 0 0 0 0 0 0 2 0 0 0 0 0 0 0 0 0 0 0 0 0 0 0 0 0 0 0 0 0 0 0 16 0 2 2 0 1 9 25 2 17 3 1 19 15 0 13 44 10 0 0 16 34 24 0 15 0 0 0 0 0 0 0 10 0 3 0 0 0 33 7 0 0 0 0 0 15 0 0 0 0 0 0 0 0 0 11 0 1 0 0 0 0 0 0 0 0 0 0 0 0 0 0 0 0 0 0 0 0 0 0 0 0 0 0 0 0 0 21 0 0 0 2 7 0 3 1 2 15 0 0 0 0 0 0 0 0 0 0 0 0 0 0 0 0 0 0 0 0 0 3 0 0 0 0 0 0 0 0 0 0 0 0 0 0 0 0 
 139 439 346 57 70 238 271 266 177 260 0 73 31 327 287 124 298 280 59 61 0 0 0 0 0 2 0 0 0 2 0 2 25 148 64 0 0 1 24 0 0 0 2 0 0 0 3 64 0 3 0 0 2 0 0 0 0 3 0 0 0 0 1 0 2 2 0 0 3 2 8 0 0 0 0 0 2 3 30 0 0 20 23 17 28 0 0 11 18 25 35 19 0 0 14 29 1 0 1 0 32 0 0 0 0 0 5 13 9 0 0 0 26 33 59 0 2 0 19 40 0 0 0 0 0 0 0 0 0 0 0 1 0 0 0 0 0 1 0 0 1 0 0 0 2 0 0 0 0 0 0 0 0 0 0 0 0 0 0 0 0 2 19 13 0 40 53 15 11 10 23 1 10 1 0 10 17 17 0 0 1 0 0 0 0 0 21 11 0 15 0 0 85 5 0 0 0 0 0 14 0 0 0 0 0 0 0 0 0 0 0 0 0 0 0 0 0 0 0 0 1 0 0 0 0 0 0 0 0 0 0 0 0 0 0 0 0 0 0 0 0 11 0 0 0 4 86 1 2 114 13 18 0 0 0 0 0 0 0 0 0 0 1 0 0 0 0 0 0 0 0 0 0 0 0 0 0 0 0 0 0 0 0 0 0 0 41 0 0 0 
 56 254 46 77 148 171 125 110 249 505 73 0 86 47 48 39 168 219 37 25 28 152 3 2 2 2 26 2 2 4 1 2 97 0 5 77 2 0 164 93 9 0 3 0 2 0 3 70 0 4 0 2 2 0 1 0 2 66 2 25 0 0 1 0 2 2 0 0 4 2 15 0 0 2 0 4 3 0 0 6 7 0 0 23 26 20 0 1 27 2 6 11 0 6 1 0 10 13 0 0 25 40 18 0 2 0 32 2 0 11 0 0 7 0 48 0 0 12 5 0 0 0 0 0 0 0 0 0 0 0 0 0 0 0 0 0 0 0 0 0 0 0 0 0 10 0 0 0 0 0 8 0 0 0 0 0 0 0 0 0 0 0 22 2 0 20 20 2 2 11 0 14 0 0 0 2 2 11 1 0 5 23 0 0 0 0 19 15 14 0 0 0 17 12 0 7 14 0 49 30 0 0 0 0 0 0 0 0 0 0 0 0 0 0 0 0 0 0 0 0 0 0 0 0 0 0 0 0 0 0 0 0 0 0 0 0 0 0 0 0 0 0 0 0 0 4 1 0 0 87 0 6 18 1 0 0 0 0 0 0 0 0 0 0 0 0 0 0 0 0 0 0 0 0 0 1 0 0 0 0 0 0 0 0 0 0 1 0 0 0 
 70 27 58 103 172 26 183 144 103 65 31 86 0 107 49 33 257 36 529 50 0 0 0 0 0 2 0 0 0 4 0 2 0 0 0 1 2 2 0 0 0 0 3 0 0 0 3 63 0 3 0 59 1 0 0 0 0 2 0 0 0 0 0 0 2 2 0 0 3 2 2 0 2 0 0 0 2 0 0 0 26 1 12 0 0 0 0 0 4 0 0 0 13 0 14 43 0 3 7 59 0 0 0 0 0 1 0 0 0 0 0 0 0 0 0 0 0 0 0 0 0 0 0 0 0 0 0 0 0 0 0 0 0 0 0 0 0 0 0 0 0 0 0 2 0 2 0 0 0 0 0 0 0 0 0 1 10 0 0 0 50 22 7 0 0 0 1 0 41 1 18 1 29 18 37 0 1 0 15 11 0 0 0 1 0 0 0 2 0 0 0 0 29 0 0 0 0 0 0 0 0 0 1 0 0 0 0 0 0 0 0 0 0 0 0 0 0 2 0 0 0 0 0 0 0 0 0 0 0 0 0 0 0 0 0 0 0 0 0 0 0 0 0 0 0 0 0 0 3 0 0 6 0 0 0 0 0 0 0 0 0 0 0 0 0 0 0 0 0 0 0 0 0 0 0 0 0 0 0 0 0 0 0 0 0 0 0 0 0 0 
 241 146 165 390 295 333 252 506 94 288 327 47 107 0 485 249 128 209 140 321 0 0 0 0 0 2 0 0 2 2 2 2 0 0 0 0 0 0 0 0 0 1 3 0 0 0 3 10 0 4 0 1 0 64 0 0 0 2 0 0 0 0 0 6 2 2 0 0 3 2 21 0 0 1 0 0 2 0 31 0 2 22 28 10 22 37 0 44 13 32 3 13 0 7 2 3 10 21 0 0 21 0 0 0 0 0 0 0 0 0 0 0 22 0 1 0 0 0 16 1 0 2 0 0 20 0 0 0 0 0 0 0 0 0 0 0 0 0 0 0 0 0 0 0 0 0 0 0 0 8 0 0 0 1 0 1 0 0 0 0 3 19 34 10 25 9 0 44 7 11 16 10 0 0 0 13 0 8 0 6 0 2 0 0 0 0 16 18 0 0 0 0 16 2 0 0 0 0 5 16 0 0 0 0 0 0 0 0 0 0 0 0 0 0 0 0 0 0 0 1 0 12 0 19 0 0 2 0 0 0 0 2 0 0 0 0 0 0 0 0 0 13 0 0 0 0 3 0 2 5 0 10 0 0 0 0 0 0 0 1 0 0 0 0 0 0 0 0 0 0 0 0 0 0 0 16 30 0 0 0 0 0 0 0 0 0 0 0 0 0 
 171 147 269 465 184 52 50 142 79 326 287 48 49 485 0 259 395 126 102 644 0 0 0 0 0 2 0 0 0 5 1 9 0 0 0 0 0 0 0 0 0 1 3 0 0 0 3 8 2 4 0 3 2 0 0 0 0 2 0 0 0 2 0 5 3 2 0 0 0 2 2 0 0 3 0 0 3 0 0 0 15 29 37 13 14 18 15 27 0 76 48 21 13 19 18 17 18 2 0 0 0 0 0 0 0 0 1 0 0 0 0 0 30 0 0 0 0 0 9 14 0 2 1 0 13 0 0 0 0 0 0 0 0 0 0 0 0 0 0 0 0 0 0 0 0 0 0 0 0 3 0 0 0 0 0 1 0 0 0 0 36 9 7 1 7 9 0 19 34 8 18 40 1 0 0 8 46 28 12 1 0 2 0 0 0 0 18 0 0 0 0 0 18 9 0 0 0 0 13 1 0 0 0 0 0 0 0 0 0 0 0 0 0 0 0 0 0 0 0 1 0 0 0 0 0 0 2 0 0 0 0 2 0 0 0 0 0 0 0 0 0 0 0 0 0 0 177 0 0 3 1 8 0 0 0 0 0 0 0 0 0 0 0 0 0 0 0 0 0 0 0 0 0 0 0 14 32 12 0 0 0 0 0 0 0 0 0 0 0 0 
 248 30 113 206 94 72 45 42 347 529 124 39 33 249 259 0 168 41 43 143 0 0 1 0 0 2 0 0 0 2 1 4 0 0 0 1 0 0 0 0 5 0 3 0 0 0 3 5 0 4 0 2 2 0 0 0 0 2 0 0 0 0 0 0 6 2 0 0 1 2 2 0 0 3 0 0 4 0 34 0 6 34 58 8 18 0 0 20 10 53 40 9 0 0 30 28 2 0 6 16 0 0 0 0 0 0 0 0 0 0 0 0 45 0 0 0 0 0 2 14 0 0 0 2 0 0 0 0 0 0 0 0 0 2 0 0 0 0 0 0 0 0 0 0 0 0 0 0 0 5 0 0 0 0 0 0 0 0 0 0 3 21 0 1 1 7 34 12 0 22 71 30 10 10 25 25 40 40 0 2 0 0 0 0 0 0 0 0 0 0 0 0 19 1 0 0 0 0 0 0 0 0 0 0 0 0 0 0 0 0 0 0 2 0 0 0 0 0 0 0 0 0 0 0 0 0 0 0 0 0 0 0 0 0 0 0 0 0 0 0 0 16 0 0 0 0 198 1 0 2 2 21 0 0 0 0 0 0 0 0 0 0 0 0 0 0 0 0 0 0 0 0 0 0 0 0 16 4 0 0 0 0 0 1 0 0 0 0 0 0 
 336 129 119 242 221 159 52 45 175 382 298 168 257 128 395 168 0 112 48 35 0 0 0 0 0 2 0 74 0 2 1 3 0 34 0 0 0 0 153 0 0 0 2 0 0 0 3 4 0 4 0 0 2 0 0 0 3 2 0 0 0 0 0 0 2 2 0 0 3 9 2 0 2 0 0 0 2 0 0 0 15 13 29 20 8 0 2 0 13 25 71 9 0 2 0 28 5 33 11 23 10 10 0 0 0 0 7 0 0 0 0 0 28 55 8 0 0 0 12 56 0 0 0 0 0 0 0 0 0 0 0 0 0 0 0 0 2 0 0 0 2 0 0 0 0 0 0 0 0 0 0 0 0 0 2 0 0 0 0 0 0 41 1 0 22 24 46 0 1 1 29 21 0 0 19 0 21 8 0 0 0 0 0 15 0 0 9 0 0 0 0 0 40 17 0 2 5 0 0 15 0 0 0 0 0 0 0 0 0 0 0 0 0 0 0 0 0 0 0 0 2 0 0 0 0 0 0 0 0 0 0 0 0 0 0 0 0 0 0 0 0 0 0 0 0 0 1 0 3 64 12 4 0 0 0 0 0 0 0 0 0 0 0 0 0 0 0 0 0 0 0 0 0 0 0 0 3 0 0 0 0 0 0 0 0 0 0 0 0 0 
 193 127 77 167 52 122 273 78 122 314 280 219 36 209 126 41 112 0 46 23 0 5 0 0 0 2 0 0 0 2 0 5 78 0 0 0 0 0 39 0 0 0 3 0 0 0 3 0 0 4 0 1 2 0 0 0 0 2 0 0 0 0 0 0 2 2 0 0 3 2 10 0 0 0 0 0 2 0 3 25 0 10 10 24 0 13 0 2 7 50 43 0 0 11 0 13 0 0 0 0 7 0 1 2 0 0 11 0 0 0 0 0 9 2 15 0 0 0 1 13 0 0 0 0 0 0 0 0 0 0 0 0 0 0 0 0 0 0 0 0 0 0 0 0 0 0 0 0 0 14 0 0 0 0 0 0 1 1 0 0 0 6 16 36 72 44 0 15 10 24 0 8 0 2 0 19 14 17 2 7 0 0 0 0 0 0 35 0 0 14 0 0 0 0 49 0 0 0 14 0 0 0 0 0 1 0 0 0 0 0 0 2 0 0 0 0 0 0 0 0 6 0 0 0 0 0 0 0 2 0 0 0 0 0 42 26 0 0 0 0 0 1 0 0 0 0 0 0 2 89 0 8 17 1 0 0 0 0 0 0 0 0 0 0 0 0 0 0 0 0 0 0 0 0 0 11 11 0 0 0 0 0 0 0 0 0 0 0 0 0 
 47 305 32 298 75 57 116 205 188 385 59 37 529 140 102 43 48 46 0 570 0 0 2 0 0 2 85 3 3 2 1 2 0 0 0 0 0 1 5 0 0 3 6 0 0 0 3 0 0 66 80 2 1 3 0 0 0 4 0 3 0 0 0 0 3 70 0 0 1 2 5 6 0 3 0 0 3 2 0 0 1 13 28 0 0 0 5 11 16 0 0 0 32 0 21 1 19 51 29 16 0 0 0 0 0 0 0 0 0 0 0 0 0 0 0 0 0 0 0 0 0 0 0 0 0 0 0 0 0 0 0 0 0 0 0 0 0 0 0 0 0 0 0 0 0 7 0 0 0 0 0 0 0 0 0 0 1 0 0 0 0 0 1 0 0 0 41 12 0 6 9 0 25 62 45 9 11 2 19 0 0 0 0 12 0 0 0 0 0 0 0 0 0 0 0 0 0 0 0 0 0 0 0 0 0 0 0 0 0 0 0 0 0 0 0 0 0 0 0 0 0 0 0 0 0 0 0 0 0 0 0 0 0 0 0 0 0 0 0 0 0 0 0 0 0 2 1 0 4 0 2 6 0 0 0 0 0 0 0 0 0 0 15 0 0 0 0 0 0 0 0 0 0 12 0 0 0 0 0 0 0 0 0 0 0 0 0 0 0 0 
 43 80 133 86 290 62 567 46 74 194 61 25 50 321 644 143 35 23 570 0 0 2 0 0 0 2 1 0 0 2 116 2 0 0 0 0 0 0 5 0 0 0 3 0 0 0 3 0 0 33 0 1 2 0 0 0 0 2 0 0 0 0 0 0 2 2 0 0 3 4 2 0 0 0 0 0 2 1 2 0 25 10 13 0 0 0 12 20 38 0 0 0 1 0 33 11 20 49 38 37 0 0 0 0 0 0 0 0 0 0 0 0 0 0 0 0 0 0 10 0 0 0 0 3 0 0 0 0 0 0 0 0 0 0 0 0 0 0 4 0 0 1 1 0 2 1 0 0 0 1 0 1 0 0 2 0 0 4 0 1 44 0 1 0 0 0 11 11 25 10 59 15 15 8 10 30 20 11 7 0 0 0 0 0 0 0 0 0 0 0 0 0 3 1 0 0 0 0 0 0 0 0 0 0 0 0 0 0 0 0 0 0 0 0 0 0 0 0 0 0 0 0 1 0 2 0 0 0 1 0 1 0 0 0 0 0 0 1 0 0 0 0 0 0 0 1 11 0 5 2 0 3 0 0 0 0 0 0 0 0 0 0 0 0 0 0 0 0 0 0 2 0 0 2 0 0 0 11 0 0 0 0 0 0 0 0 0 0 0 0 
 4 0 0 0 80 24 0 0 0 0 0 28 0 0 0 0 0 0 0 0 0 180 558 142 57 40 255 101 109 339 263 106 126 322 354 107 113 26 345 158 0 0 17 1 3 0 0 0 0 0 0 0 3 0 0 0 0 0 0 0 0 0 1 0 3 0 3 0 0 0 0 0 3 2 0 0 0 0 0 1 0 2 0 0 2 0 0 0 0 0 0 0 0 0 0 0 0 10 0 0 16 57 0 16 16 0 68 33 23 24 18 14 14 20 0 18 34 44 15 28 1 0 0 0 0 0 0 0 0 0 0 0 0 5 0 0 0 0 0 0 0 0 0 0 4 0 0 0 0 0 9 0 0 0 0 0 0 11 0 0 0 0 0 0 0 0 0 0 2 0 8 0 0 0 5 0 0 0 0 0 28 29 11 25 18 0 37 12 7 12 27 36 14 7 73 3 30 18 2 32 0 0 1 0 0 0 0 0 0 0 0 0 0 0 2 2 0 0 8 0 0 0 0 0 2 0 1 0 0 0 0 0 0 0 0 0 0 0 0 0 0 0 0 0 0 0 0 0 0 0 0 0 0 0 14 0 0 0 0 0 1 2 0 0 0 0 12 0 0 0 0 0 0 0 0 0 0 0 0 0 0 0 0 0 0 0 0 0 0 0 
 0 0 0 0 30 76 0 0 0 0 0 152 0 0 0 0 0 5 0 2 180 0 158 153 209 49 225 93 149 211 104 121 132 73 247 84 56 320 59 692 1 7 1 0 3 3 33 7 2 6 6 0 7 0 2 6 0 3 61 66 2 0 0 4 3 0 4 0 0 0 0 3 2 2 0 0 4 0 3 6 0 0 0 0 18 31 0 0 0 0 0 0 0 0 0 5 0 1 0 0 0 12 5 11 25 32 30 43 10 42 0 25 0 0 0 0 28 4 0 1 10 17 12 0 0 0 0 14 0 0 0 0 0 16 0 0 0 0 19 0 0 0 0 0 5 0 0 0 0 0 46 0 0 17 0 0 0 0 0 2 0 0 0 1 1 0 0 0 2 0 0 0 0 0 0 0 0 0 0 0 12 52 15 9 0 18 8 67 36 14 14 14 0 9 8 91 16 28 23 1 11 0 0 0 0 0 0 0 0 0 0 0 14 0 0 0 0 0 10 0 0 0 0 0 0 0 0 0 0 0 0 0 0 0 0 0 0 0 0 0 0 0 0 0 0 0 0 0 0 0 0 0 0 0 7 0 4 1 0 0 0 0 0 0 0 0 0 0 0 12 0 0 0 0 0 0 0 0 0 5 0 11 0 0 0 12 0 0 0 0 
 17 0 0 0 2 0 1 3 0 0 0 3 0 0 0 1 0 0 2 0 558 158 0 94 82 40 202 137 340 282 482 272 154 87 381 241 123 119 39 43 64 1 0 1 3 0 0 1 0 0 0 0 3 0 0 0 0 0 62 0 0 0 0 0 3 0 3 0 0 0 0 0 3 2 0 0 0 0 0 2 0 0 0 0 0 0 2 0 0 1 0 0 0 0 0 0 0 0 0 0 0 55 65 47 2 2 53 11 33 5 49 27 10 0 0 27 31 36 18 7 1 0 0 0 0 0 2 0 2 0 0 0 20 14 21 0 0 0 0 15 0 0 8 0 0 0 0 0 0 0 0 6 0 0 0 0 0 0 2 0 0 0 2 0 0 0 0 0 1 0 0 0 0 0 0 0 3 0 0 0 12 0 40 0 47 0 31 6 22 55 13 11 0 1 50 2 31 1 0 0 1 1 0 0 0 0 0 0 0 0 0 0 19 1 0 0 1 0 0 12 0 0 0 0 0 0 11 2 0 0 0 0 0 0 0 0 0 0 0 0 0 0 0 0 0 0 0 0 0 0 0 0 0 0 6 0 0 76 76 2 2 0 0 0 0 0 0 2 0 0 0 0 0 0 0 0 0 0 0 0 0 3 0 0 0 0 0 0 0 5 
 1 0 4 0 0 0 0 0 0 0 0 2 0 0 0 0 0 0 0 0 142 153 94 0 191 398 274 426 166 159 650 142 72 174 70 41 229 144 298 390 62 2 2 1 3 0 109 0 0 3 0 0 66 0 0 0 0 2 67 1 0 0 0 4 6 4 3 0 0 3 4 4 4 5 2 0 0 0 0 3 0 0 0 2 0 0 0 0 8 0 0 0 0 0 0 11 0 0 0 0 0 14 0 0 14 16 0 0 2 33 1 17 0 0 0 29 33 10 0 0 0 26 15 1 0 0 5 9 16 0 0 0 17 31 13 12 15 0 10 28 0 0 0 0 0 0 0 0 0 0 0 2 2 0 0 0 0 0 0 0 3 0 0 0 0 0 0 0 0 0 2 0 0 0 0 0 0 0 0 0 1 0 2 23 3 13 0 2 1 2 22 17 0 0 18 6 1 26 0 2 0 1 10 0 2 0 24 6 12 0 0 0 0 0 41 0 0 0 24 6 0 0 0 0 0 0 0 0 0 2 0 0 0 0 0 0 0 0 0 0 0 0 0 0 0 0 0 0 0 0 0 0 0 0 6 0 0 78 0 1 17 1 0 0 0 0 14 0 0 0 0 0 0 0 0 0 0 0 0 0 0 0 0 0 0 0 0 0 0 0 
 0 0 0 0 5 0 0 2 2 0 0 2 0 0 0 0 0 0 0 0 57 209 82 191 0 151 448 56 97 243 257 162 421 75 115 116 415 214 52 264 64 3 3 53 3 0 34 1 0 3 3 1 8 0 0 0 0 2 63 30 0 0 0 3 6 3 3 0 0 8 3 3 2 5 4 0 2 0 0 7 0 0 0 2 0 0 0 0 0 0 0 0 0 0 0 0 0 0 0 0 0 0 0 33 0 19 0 0 9 13 26 7 11 2 0 0 53 0 0 0 30 9 12 0 0 0 12 1 12 0 0 0 24 20 26 14 0 0 1 32 0 0 0 0 0 0 0 0 0 0 0 0 0 0 0 0 0 0 0 0 0 0 0 0 0 0 0 0 0 0 3 0 0 0 0 1 13 0 0 0 11 9 14 24 12 9 0 0 0 10 12 7 0 1 0 2 9 13 0 12 4 8 0 8 0 0 0 0 0 0 0 0 0 12 19 0 0 0 10 1 0 0 0 0 0 0 0 0 0 0 0 0 0 0 0 0 0 0 0 0 0 0 0 0 0 0 0 0 0 0 0 0 0 0 9 2 0 191 0 1 17 0 0 0 0 0 0 0 0 0 0 0 0 0 0 0 0 0 0 9 0 0 0 0 0 12 0 0 0 0 
 2 2 2 2 2 2 2 5 2 2 2 2 2 2 2 2 2 2 2 2 40 49 40 398 151 0 50 31 44 51 139 287 263 43 351 58 60 48 47 83 77 79 0 2 5 2 64 1 64 4 3 0 31 64 100 64 0 49 64 67 0 2 0 1 3 0 3 2 1 2 0 0 3 2 0 0 0 0 0 3 0 0 0 0 0 0 0 0 0 0 0 0 0 0 0 0 0 0 0 0 11 0 0 0 14 12 0 1 1 0 0 0 0 0 0 1 0 0 0 0 15 13 55 0 0 0 29 46 16 19 14 0 0 23 10 65 13 40 21 21 0 0 11 0 0 0 0 0 0 0 0 0 0 0 0 0 0 0 0 12 0 4 0 0 0 0 0 0 2 1 0 0 0 0 0 0 0 0 0 0 0 0 1 27 0 21 0 0 0 0 0 0 0 7 0 0 0 0 0 0 0 63 0 0 20 0 14 60 14 38 7 0 13 1 32 7 10 23 13 32 0 0 0 0 0 0 1 0 0 0 0 0 0 24 0 0 27 0 0 0 0 0 11 0 0 0 0 0 0 0 0 0 0 0 17 5 6 2 75 1 6 0 0 0 0 0 0 0 0 0 14 0 0 0 0 0 0 0 0 0 0 0 0 0 14 23 0 0 0 0 
 1 0 0 0 77 29 0 2 0 0 0 26 0 0 0 0 0 0 85 1 255 225 202 274 448 50 0 211 280 214 126 72 209 273 217 214 38 255 270 399 0 0 26 1 6 0 0 1 0 0 0 3 4 0 0 0 0 0 8 87 0 0 3 0 3 0 3 0 0 0 0 0 3 2 0 0 0 0 51 1 0 0 0 0 0 2 0 0 0 0 0 0 0 0 0 0 0 14 0 0 10 66 9 56 44 9 29 12 16 10 3 13 12 5 5 22 18 23 0 11 0 0 0 0 0 0 0 0 0 0 0 0 1 0 0 0 0 0 25 0 0 0 0 0 16 0 0 0 0 0 10 0 11 0 0 0 0 0 0 0 0 0 0 0 0 0 0 0 0 0 10 0 0 0 0 0 0 0 0 0 16 11 14 0 33 9 5 0 0 10 0 18 11 0 20 15 54 0 8 25 0 0 0 0 0 0 0 0 0 0 0 0 16 0 0 0 0 5 20 1 1 0 0 1 0 0 0 0 0 0 0 0 2 1 0 0 0 0 0 0 0 0 20 0 0 0 0 0 0 0 0 0 0 0 9 1 2 2 0 3 20 0 0 0 0 0 17 0 0 0 0 0 0 0 0 0 0 0 0 0 0 14 0 0 0 0 0 0 0 0 
 0 0 0 0 75 0 1 0 0 72 0 2 0 0 0 0 74 0 3 0 101 93 137 426 56 31 211 0 133 216 33 114 86 143 289 80 117 114 162 386 0 0 0 1 3 0 0 1 0 0 0 0 2 0 0 0 0 0 18 0 0 0 0 50 3 0 3 0 0 51 0 0 3 2 0 0 0 0 0 2 0 0 0 25 0 24 0 0 0 0 0 0 0 0 0 0 0 0 0 0 0 49 31 41 32 37 0 24 9 17 0 26 14 29 3 29 24 4 9 9 1 0 0 0 0 0 0 0 0 0 0 0 5 0 0 0 0 0 0 0 0 0 1 0 0 0 0 0 0 0 0 3 0 0 0 0 0 0 0 0 0 0 0 1 9 0 0 0 1 11 0 0 0 0 0 0 0 0 0 0 35 0 1 27 18 11 13 45 22 4 50 2 13 4 31 31 27 9 27 0 0 0 0 0 0 0 0 0 0 10 0 0 9 0 0 0 0 0 30 11 0 0 0 0 0 0 0 0 0 0 0 0 0 0 0 0 0 0 0 0 0 0 21 0 0 0 0 0 75 0 0 0 0 0 24 0 2 0 0 4 0 30 0 0 0 0 11 0 0 0 0 0 0 0 0 0 1 0 0 0 0 14 0 0 0 0 0 0 0 0 
 3 0 0 0 1 0 1 0 0 0 0 2 0 2 0 0 0 0 3 0 109 149 340 166 97 44 280 133 0 191 216 109 296 389 162 145 269 89 85 600 62 1 0 1 3 2 2 0 0 0 0 0 65 0 0 206 0 0 120 0 0 0 0 1 3 0 3 0 0 0 0 0 3 2 0 0 0 0 0 2 1 0 1 0 0 0 0 0 0 0 0 0 0 0 0 0 0 0 28 0 0 19 12 22 0 0 16 2 13 18 48 24 0 0 0 12 40 19 0 0 0 42 0 0 0 0 0 0 0 0 0 0 53 12 16 0 0 0 10 19 0 0 2 0 0 0 0 0 0 0 0 5 0 0 0 0 0 0 0 0 3 0 1 0 0 20 0 0 0 0 2 0 0 0 0 0 0 0 1 0 0 0 27 18 8 13 4 0 6 10 39 20 0 1 20 0 2 35 0 1 0 1 1 0 0 0 0 0 0 0 0 0 28 0 0 0 0 0 0 19 0 0 0 0 0 0 14 0 0 0 0 0 0 0 0 0 0 0 0 15 0 0 1 0 0 0 0 0 0 0 0 0 0 0 3 2 4 96 4 3 14 10 0 0 0 0 0 0 0 0 0 0 0 0 0 0 0 0 0 0 0 0 0 0 0 0 0 0 0 0 
 2 4 2 2 2 2 2 3 2 2 2 4 4 2 5 2 2 2 2 2 339 211 282 159 243 51 214 216 191 0 492 332 272 416 227 181 194 494 290 288 0 0 0 1 3 0 72 1 0 0 0 0 3 0 0 0 0 0 68 0 0 0 0 0 3 0 3 0 0 5 0 0 2 2 0 0 0 0 0 1 0 0 0 0 0 0 0 0 0 0 0 0 0 0 0 0 0 0 0 0 0 30 9 40 44 20 0 9 24 28 1 55 0 0 4 13 10 9 0 0 0 0 0 0 0 0 1 0 0 0 0 0 24 0 0 0 0 0 19 13 0 0 0 0 1 0 0 0 0 0 0 0 0 0 0 0 0 0 0 0 0 0 0 0 0 0 0 0 0 0 10 0 0 0 0 2 0 0 0 0 25 9 0 35 38 11 0 11 0 29 17 20 0 0 12 9 12 22 0 3 0 0 0 0 0 0 0 0 0 0 0 0 11 0 10 0 0 0 30 7 2 0 0 2 0 0 0 0 0 0 0 0 1 2 0 0 0 0 0 0 0 0 20 0 0 0 0 0 0 0 0 0 0 0 13 0 2 3 1 0 27 2 0 0 0 0 12 0 0 0 0 0 0 0 0 0 0 0 0 12 0 15 0 0 0 18 0 0 0 0 
 4 1 0 117 3 0 1 0 0 0 0 1 0 2 1 1 1 0 1 116 263 104 482 650 257 139 126 33 216 492 0 61 121 197 492 138 288 205 240 600 126 1 0 1 3 0 58 3 0 0 0 0 3 0 0 0 0 0 71 0 0 0 0 0 3 0 3 0 0 0 0 0 3 2 0 0 0 0 0 2 1 0 0 0 0 0 0 0 0 5 0 0 0 0 0 0 0 0 0 0 0 0 9 26 0 16 0 9 11 0 19 23 0 0 0 9 18 1 0 0 29 1 0 1 0 0 32 11 0 0 0 0 9 8 0 0 0 26 0 29 0 0 0 0 0 0 0 0 0 0 0 1 0 0 0 0 0 0 0 0 0 0 0 0 0 0 0 0 2 0 22 0 0 0 0 0 0 0 1 0 0 0 19 14 16 20 0 0 39 10 20 28 0 11 0 4 16 0 0 16 1 13 9 0 0 0 10 0 0 0 0 0 9 0 7 0 0 1 19 33 0 0 0 0 0 0 9 0 0 0 0 0 0 0 0 0 0 0 0 0 0 0 18 0 0 0 0 0 0 0 0 0 0 0 10 5 0 225 77 0 14 2 0 0 0 0 0 0 67 0 0 0 0 0 0 0 0 0 0 0 0 0 0 0 0 0 0 0 0 0 
 2 2 2 2 2 2 2 4 2 2 2 2 2 2 9 4 3 5 2 2 106 121 272 142 162 287 72 114 109 332 61 0 62 160 52 109 138 147 37 48 3 7 0 0 9 0 0 0 0 0 0 69 12 2 3 0 0 0 126 1 0 0 0 0 3 0 3 0 0 0 0 0 1 2 0 0 0 0 0 0 0 0 0 0 0 0 0 0 16 0 0 0 0 0 0 0 0 0 1 0 0 14 13 30 14 21 12 0 8 9 31 3 0 0 0 0 43 25 0 0 2 15 12 0 0 0 32 20 0 9 0 0 34 26 18 26 0 11 12 1 0 0 4 0 0 0 0 0 2 0 0 6 0 0 0 0 0 0 0 0 0 4 0 0 0 0 0 0 2 0 0 0 0 0 0 0 0 0 0 1 0 6 40 22 11 0 0 1 0 17 0 11 0 1 10 1 0 47 0 0 2 1 0 0 0 0 0 0 1 10 0 0 39 0 20 0 0 13 13 34 0 0 0 0 0 0 0 0 0 0 0 0 0 0 0 0 0 0 0 0 0 0 0 0 0 0 0 0 0 0 0 0 0 2 10 0 2 80 84 0 5 9 0 0 0 0 0 0 0 0 0 0 0 0 0 0 0 0 0 0 0 3 0 0 0 1 0 0 0 0 
 0 74 0 114 1 232 0 81 37 0 25 97 0 0 0 0 0 78 0 0 126 132 154 72 421 263 209 86 296 272 121 62 0 92 55 221 21 37 102 115 0 3 0 55 3 0 0 66 0 0 0 0 4 0 0 0 0 0 0 0 0 0 0 0 3 0 3 0 0 0 6 0 3 2 0 0 0 0 5 15 0 11 0 30 12 0 0 0 9 26 39 0 0 0 0 22 0 19 0 0 53 0 29 12 0 0 26 0 0 0 11 19 32 15 58 4 10 70 41 32 0 0 0 0 0 0 0 0 0 0 0 0 0 0 0 0 2 0 0 0 0 0 17 0 0 0 0 0 0 0 1 3 0 0 0 0 2 14 0 0 0 0 0 36 12 0 0 0 1 20 0 3 0 1 0 11 14 0 0 0 0 16 41 7 13 0 46 67 1 26 0 8 0 0 30 11 9 1 25 40 0 0 1 0 0 0 0 0 0 0 0 0 0 25 0 2 0 0 0 0 0 1 0 0 0 0 1 0 15 0 0 0 0 0 0 0 0 0 0 0 0 0 0 0 0 1 0 0 1 21 18 0 64 0 10 0 2 0 0 1 4 0 0 0 0 0 1 1 0 0 0 0 0 0 0 0 1 0 0 0 0 2 0 0 0 0 0 0 0 0 
 3 1 2 0 1 0 1 0 1 35 148 0 0 0 0 0 34 0 0 0 322 73 87 174 75 43 273 143 389 416 197 160 92 0 187 184 198 245 206 137 0 0 0 1 3 0 0 1 0 0 0 0 3 0 1 0 0 0 5 0 0 0 0 0 3 0 3 0 0 0 0 0 3 2 0 0 0 0 0 2 0 0 0 2 3 0 0 0 0 15 20 3 0 0 0 0 0 8 25 0 23 16 26 28 0 4 25 33 29 1 35 6 0 20 52 0 17 23 0 18 0 0 0 0 0 0 0 0 0 0 2 0 0 0 0 0 0 0 0 0 0 0 16 0 0 0 0 0 0 0 0 0 0 0 0 0 11 0 0 0 0 0 0 0 0 0 0 0 1 1 4 0 0 0 0 0 0 0 0 0 11 10 9 0 42 4 24 0 0 0 19 17 19 10 12 19 10 0 0 31 0 0 0 0 2 0 0 0 0 0 0 0 0 0 0 0 0 0 45 0 0 0 0 0 0 0 0 0 0 0 0 0 0 0 0 0 0 0 0 0 0 0 36 0 0 0 0 0 0 0 0 0 0 0 11 0 4 0 1 0 11 0 0 0 0 0 0 0 0 0 0 0 0 0 0 0 1 0 0 0 0 0 0 0 0 0 12 0 0 0 
 4 0 0 0 107 80 0 0 1 0 64 5 0 0 0 0 0 0 0 0 354 247 381 70 115 351 217 289 162 227 492 52 55 187 0 291 254 59 105 259 0 0 66 1 4 1 0 5 0 0 0 4 4 3 4 8 3 0 1 5 0 0 0 1 4 0 3 1 0 3 7 3 2 2 0 2 0 11 0 2 0 3 0 8 0 22 0 0 0 0 0 0 0 0 0 0 0 0 0 0 0 29 1 31 10 12 22 23 42 9 0 1 13 12 20 7 41 0 38 3 0 0 12 0 0 0 0 0 0 0 0 0 0 33 0 0 9 0 0 0 0 0 0 0 14 0 0 0 0 0 7 0 0 0 0 0 0 0 0 14 0 0 0 13 0 15 0 0 3 0 0 0 0 0 0 0 0 0 0 0 33 10 0 2 21 2 21 10 71 23 19 10 0 11 20 19 0 0 1 16 0 0 1 0 0 0 0 0 0 0 0 0 1 0 2 0 0 0 2 0 0 0 2 0 2 0 0 0 0 0 0 0 0 0 0 0 0 0 0 0 0 0 0 0 0 0 0 1 14 0 1 0 0 0 15 0 1 0 0 2 3 2 0 0 0 0 0 0 0 0 0 0 0 0 0 0 0 0 0 0 0 9 0 0 0 0 1 0 0 0 
 5 0 0 0 0 0 0 2 3 0 0 77 1 0 0 1 0 0 0 0 107 84 241 41 116 58 214 80 145 181 138 109 221 184 291 0 294 548 22 272 86 3 0 0 6 0 2 3 0 2 3 0 5 0 65 6 0 0 68 0 0 2 0 0 3 0 3 0 0 2 0 0 6 2 0 0 1 0 2 4 0 0 0 0 14 24 0 0 4 0 0 0 0 0 0 0 0 0 0 1 0 31 47 42 15 10 76 24 35 0 60 27 16 0 11 7 20 35 12 0 0 0 0 0 0 0 0 0 0 0 0 0 13 16 17 0 1 0 0 32 0 0 0 0 1 3 0 0 0 0 0 0 0 0 0 0 1 0 0 1 0 5 0 0 0 0 0 0 3 0 0 0 0 0 0 0 0 0 0 0 1 12 11 2 61 7 14 15 56 21 0 41 1 0 27 44 0 19 14 0 0 0 3 0 0 8 0 0 0 0 0 0 10 0 0 1 0 0 11 0 0 0 0 0 1 0 2 0 0 0 0 0 13 0 0 0 0 2 0 0 0 0 11 0 0 0 0 0 0 0 0 0 0 0 8 0 1 82 23 0 2 0 0 0 0 0 0 0 0 0 0 0 0 0 0 0 0 0 0 0 0 24 0 2 0 0 0 0 0 0 
 0 0 0 0 0 0 0 2 0 0 0 2 2 0 0 0 0 0 0 0 113 56 123 229 415 60 38 117 269 194 288 138 21 198 254 294 0 252 37 59 0 0 0 0 3 1 129 2 0 0 0 0 71 0 0 0 0 0 64 65 0 0 0 0 3 0 3 0 0 0 0 0 1 2 0 0 0 0 0 0 0 11 0 0 0 0 0 0 0 0 0 0 0 0 0 0 0 0 0 0 0 19 15 15 3 1 15 24 13 32 19 46 0 0 5 12 59 15 0 0 13 11 0 0 0 0 2 0 0 0 0 0 20 0 21 0 0 0 1 37 2 0 0 0 0 0 0 0 0 0 0 0 0 0 0 0 0 0 0 0 7 0 0 0 1 0 0 0 2 0 0 0 0 1 0 0 0 0 0 0 0 0 56 25 0 17 3 9 0 2 58 1 0 11 20 25 0 38 1 0 13 0 0 0 0 24 25 0 7 0 0 0 9 35 11 0 0 0 32 20 1 0 0 0 0 0 13 0 0 0 0 0 0 0 0 0 0 0 0 0 0 0 24 0 0 0 0 0 0 0 0 0 0 0 10 0 0 0 74 0 1 0 0 0 0 0 0 0 0 0 0 0 0 0 0 0 0 0 0 0 0 0 0 0 0 0 0 0 0 0 
 4 1 0 0 0 1 0 0 3 0 1 0 2 0 0 0 0 0 1 0 26 320 119 144 214 48 255 114 89 494 205 147 37 245 59 548 252 0 86 111 0 0 0 1 3 0 94 1 0 0 0 0 66 0 0 0 0 0 26 100 0 0 8 0 48 0 39 0 0 0 0 0 3 2 0 0 0 0 0 2 0 0 0 0 0 0 0 0 0 0 0 0 0 0 0 0 0 0 0 0 0 9 0 12 19 20 1 13 0 44 0 5 17 8 11 0 31 0 0 1 25 14 2 0 0 0 5 1 0 0 0 0 10 0 12 0 0 1 45 0 1 0 0 0 0 0 0 0 0 0 0 2 0 0 0 0 0 0 0 0 6 1 0 0 0 0 0 0 2 0 0 0 0 0 0 0 0 9 0 0 22 14 5 29 11 10 0 0 12 10 7 0 14 0 37 9 0 36 0 12 0 0 0 0 0 0 4 6 17 0 0 0 36 19 0 0 0 0 2 8 0 13 0 0 0 0 0 0 0 0 0 0 0 0 0 0 0 0 0 0 0 0 2 0 0 0 0 0 0 0 0 0 0 0 9 0 1 2 2 0 0 6 0 0 0 0 9 0 0 0 0 0 0 0 0 0 0 0 0 2 0 29 0 0 0 11 18 0 0 0 
 0 76 75 1 46 221 0 1 2 74 24 164 0 0 0 0 153 39 5 5 345 59 39 298 52 47 270 162 85 290 240 37 102 206 105 22 37 86 0 507 0 0 0 2 3 0 0 63 0 0 0 0 4 0 0 3 0 0 0 201 0 0 7 0 3 0 3 0 0 0 0 0 40 2 0 0 0 4 0 3 0 0 12 31 10 20 0 0 13 0 17 9 0 0 0 0 1 4 0 0 14 4 34 0 0 0 5 33 3 0 1 0 41 35 25 9 0 0 16 31 0 0 0 0 0 0 0 0 0 0 0 0 0 0 0 0 0 0 0 0 0 0 0 0 0 0 0 0 0 0 0 0 0 0 0 0 0 0 0 1 0 0 0 21 13 14 8 0 2 0 10 0 0 0 0 0 0 0 0 0 34 22 3 0 0 0 48 17 3 21 0 1 26 21 13 27 15 0 27 51 0 0 0 0 0 0 0 0 0 0 0 0 0 0 0 0 0 0 0 0 0 0 0 0 0 0 0 0 0 0 0 0 11 0 11 0 0 0 0 0 0 0 0 0 0 0 0 0 34 81 0 0 0 0 5 2 0 0 0 0 1 1 0 0 0 0 1 0 0 0 0 0 0 0 0 0 0 11 0 0 0 0 0 0 17 0 13 0 0 0 
 0 0 0 0 152 138 0 0 0 2 0 93 0 0 0 0 0 0 0 0 158 692 43 390 264 83 399 386 600 288 600 48 115 137 259 272 59 111 507 0 3 2 1 5 3 0 0 68 0 0 0 0 5 1 9 0 3 2 0 1 0 6 0 0 3 0 3 0 28 0 0 0 3 2 0 0 6 0 3 3 2 0 0 20 12 22 0 0 11 0 5 8 0 0 0 0 0 10 0 0 23 37 30 21 30 1 20 52 0 30 0 14 16 20 14 20 1 30 12 1 11 0 0 0 0 0 0 0 0 0 0 0 0 0 16 0 0 0 0 0 0 0 0 0 71 0 0 0 0 0 5 0 4 0 0 0 0 0 0 0 0 0 0 0 9 0 0 0 1 0 0 0 0 0 0 0 0 0 2 0 55 20 0 7 20 1 2 51 27 0 16 2 12 2 7 30 29 0 44 30 0 0 0 0 0 0 0 0 0 11 0 0 0 0 0 0 0 2 12 0 0 0 0 0 0 0 0 0 0 0 0 0 0 0 0 0 0 5 0 0 0 0 0 0 0 0 0 0 85 0 1 0 0 0 0 2 4 0 2 4 4 2 0 0 0 0 11 0 0 0 0 0 0 0 0 0 0 0 0 0 0 13 0 0 0 0 0 0 0 0 
 5 0 0 0 0 0 62 0 0 0 0 9 0 0 0 5 0 0 0 0 0 1 64 62 64 77 0 0 62 0 126 3 0 0 0 86 0 0 0 3 0 98 56 43 322 252 205 65 275 38 36 36 348 88 120 46 245 52 280 135 4 0 0 1 0 0 49 0 2 0 1 4 1 1 2 0 0 2 2 4 0 0 0 0 0 0 0 0 0 0 0 0 0 0 0 0 0 0 0 0 0 0 11 0 0 8 0 0 32 0 5 5 0 0 0 0 0 0 0 0 33 0 0 0 9 0 22 10 0 12 10 4 9 1 15 0 14 48 0 40 9 0 0 0 0 1 0 0 0 0 0 0 0 0 0 0 0 0 0 0 0 1 0 2 0 0 0 4 2 0 0 0 0 0 0 0 0 1 0 0 0 0 0 0 22 0 0 0 10 0 1 9 0 0 0 0 0 46 0 0 11 6 14 5 0 7 59 24 0 0 10 0 22 10 11 0 0 0 0 0 0 0 0 0 0 0 0 0 0 0 0 0 43 13 0 0 0 0 0 0 0 0 0 0 0 0 0 0 0 0 0 0 0 2 0 0 0 41 0 8 0 0 0 35 0 12 2 0 0 0 0 0 0 0 0 0 0 0 0 0 0 0 0 0 0 0 0 0 1 0 
 0 0 0 0 0 0 0 0 0 0 0 0 0 1 1 0 0 0 3 0 0 7 1 2 3 79 0 0 1 0 1 7 3 0 0 3 0 0 0 2 98 0 221 124 45 45 77 76 209 377 305 108 72 51 194 259 35 115 260 99 1 0 0 0 51 0 0 0 0 0 1 0 101 1 0 0 0 0 51 0 0 0 0 0 0 0 0 0 0 0 0 0 0 0 0 0 0 0 0 0 0 0 0 0 0 0 0 0 0 0 0 0 0 0 0 0 1 0 0 0 2 5 22 20 5 0 13 0 22 7 26 0 14 17 4 6 33 6 11 6 4 0 0 0 0 0 14 0 0 0 0 0 14 12 37 0 0 0 3 8 0 0 0 0 0 0 0 0 2 0 0 0 0 0 0 0 0 0 0 6 0 0 0 0 9 11 0 0 0 0 0 0 0 0 0 0 0 0 0 0 9 38 9 0 17 15 0 2 33 10 0 23 0 20 29 18 68 26 0 18 0 0 0 0 0 0 9 1 0 0 0 0 0 0 0 0 25 0 6 0 0 0 8 0 0 0 0 0 0 0 0 3 0 1 0 0 0 0 0 2 0 0 1 0 0 4 1 0 0 0 0 0 0 0 0 0 0 0 0 0 0 0 0 0 21 10 0 21 2 0 
 3 3 3 3 3 3 3 3 5 3 2 3 3 3 3 3 2 3 6 3 17 1 0 2 3 0 26 0 0 0 0 0 0 0 66 0 0 0 0 1 56 221 0 113 134 317 283 194 603 303 109 134 53 140 60 86 114 109 255 89 4 0 0 0 50 0 1 0 0 0 2 0 30 0 6 0 6 51 51 4 0 0 0 0 0 0 0 0 0 0 0 0 0 0 0 0 0 0 0 0 0 0 0 0 0 1 0 0 0 0 0 0 1 0 0 0 0 0 0 0 0 7 13 34 13 5 0 0 0 4 12 16 0 0 0 45 14 20 0 0 4 2 5 0 0 0 12 0 20 0 0 0 8 15 3 0 15 0 8 0 0 0 0 0 0 0 0 0 1 0 0 0 0 0 3 0 0 0 0 4 0 0 0 0 0 0 0 0 0 0 0 0 0 0 0 0 0 0 0 0 8 0 21 0 7 14 0 1 20 16 52 12 0 14 0 20 35 8 0 13 0 3 0 0 0 0 11 8 9 0 3 0 26 0 0 0 0 0 26 3 0 0 0 0 0 0 0 0 0 0 0 0 0 0 0 0 0 0 0 11 0 0 1 0 1 4 0 0 0 0 3 0 0 0 0 0 0 0 0 0 0 0 0 0 19 13 0 0 0 0 
 3 0 0 0 0 0 0 0 0 0 0 0 0 0 0 0 0 0 0 0 1 0 1 1 53 2 1 1 1 1 1 0 55 1 1 0 0 1 2 5 43 124 113 0 133 62 165 176 174 178 195 629 37 153 278 90 116 79 76 73 125 53 0 0 1 0 8 0 51 0 2 0 50 83 79 0 1 0 50 54 0 0 0 8 0 0 0 0 0 0 0 0 0 0 0 0 0 0 0 0 0 0 0 0 0 0 0 0 0 0 0 0 0 0 0 0 0 0 0 0 0 0 0 0 26 17 4 2 2 0 0 0 0 0 0 0 10 0 0 0 9 11 0 35 0 0 7 17 6 0 0 0 36 2 15 9 2 23 3 20 0 0 0 0 0 0 0 0 0 0 0 2 0 0 0 0 0 0 0 0 0 0 0 0 0 0 0 0 0 0 0 0 0 0 0 0 0 0 0 0 0 0 0 2 11 19 0 9 0 0 0 19 0 7 0 29 0 0 0 0 0 0 0 0 0 0 7 29 0 11 0 0 1 0 0 12 47 20 52 26 0 0 0 0 0 0 0 0 0 0 0 4 0 2 0 0 0 0 0 0 0 0 10 0 0 0 2 68 0 0 0 0 0 0 0 0 0 0 0 0 0 0 0 0 0 0 0 0 0 0 
 0 0 0 0 50 0 0 3 3 0 0 2 0 0 0 0 0 0 0 0 3 3 3 3 3 5 6 3 3 3 3 9 3 3 4 6 3 3 3 3 322 45 134 133 0 298 103 96 126 156 116 91 131 191 327 140 133 71 277 187 53 0 0 0 0 0 1 0 0 0 0 4 0 0 0 0 0 0 0 44 0 0 0 0 0 0 0 0 0 0 0 0 0 0 0 0 0 0 0 0 0 0 0 0 0 0 0 0 0 0 0 0 0 0 0 0 0 0 0 0 2 9 0 2 36 0 2 44 19 0 21 37 0 0 0 0 16 16 6 3 28 5 0 0 0 0 0 0 0 0 0 0 42 0 0 0 0 9 9 0 0 0 0 0 0 0 0 4 2 0 0 0 0 0 0 0 0 0 0 0 0 0 0 0 0 0 0 0 0 0 0 0 0 0 0 0 0 0 0 0 6 11 3 31 58 0 4 15 7 0 14 40 0 3 0 13 0 1 0 0 0 19 0 0 0 0 19 0 0 0 0 0 5 0 0 10 0 20 0 7 0 0 0 0 0 2 0 0 0 0 0 10 0 0 0 0 0 0 0 11 0 0 2 66 64 2 0 1 0 0 0 0 44 0 0 0 0 0 0 0 0 0 0 0 5 0 0 0 1 0 
 0 0 0 0 0 0 0 0 2 0 0 0 0 0 0 0 0 0 0 0 0 3 0 0 0 2 0 0 2 0 0 0 0 0 1 0 1 0 0 0 252 45 317 62 298 0 22 65 306 50 316 222 36 67 64 56 93 145 68 48 153 79 0 10 59 4 0 0 54 0 3 12 60 111 117 50 0 51 1 57 0 0 0 0 0 0 0 0 0 0 0 0 0 0 0 0 0 0 0 0 0 0 0 0 0 0 0 0 0 0 0 0 0 0 0 0 0 0 0 0 0 0 0 26 8 57 0 0 0 0 1 0 0 0 0 0 0 0 0 0 12 0 0 9 0 10 25 1 62 0 0 0 14 17 4 25 9 8 2 1 0 0 0 0 0 0 0 0 1 0 0 10 0 0 0 2 0 0 0 6 0 0 0 0 0 0 0 0 0 0 0 0 0 15 0 0 0 0 0 0 0 0 0 0 3 0 0 0 0 0 0 0 0 0 0 14 0 0 0 0 0 11 1 6 0 2 8 1 16 11 1 1 49 37 1 8 19 19 22 44 7 0 0 0 0 0 0 0 0 0 0 20 0 0 0 0 0 0 0 0 0 0 0 0 1 1 0 6 0 0 0 0 0 0 0 0 0 0 0 0 0 0 0 0 0 0 0 0 0 0 
 3 3 3 3 3 3 3 3 3 3 3 3 3 3 3 3 3 3 3 3 0 33 0 109 34 64 0 0 2 72 58 0 0 0 0 2 129 94 0 0 205 77 283 165 103 22 0 111 41 83 67 44 194 363 123 315 84 261 305 164 0 0 0 2 0 0 0 0 0 0 1 0 0 0 0 0 0 0 0 19 0 0 0 0 0 0 0 0 0 0 0 0 0 0 0 0 0 0 0 0 0 0 0 0 0 0 0 0 3 27 0 0 0 2 0 0 0 0 0 0 33 30 0 0 4 0 52 8 17 0 0 10 4 11 11 0 0 10 9 33 0 0 7 0 0 0 0 0 0 0 0 0 0 0 0 0 0 0 0 0 3 0 0 0 0 0 0 0 0 0 0 0 0 0 0 0 0 0 0 0 0 0 9 24 0 2 0 0 0 0 10 0 0 0 0 0 0 13 0 0 0 10 0 9 0 0 16 17 13 0 0 20 1 7 3 0 0 7 0 0 0 15 13 0 0 0 0 0 0 0 0 0 0 6 0 0 0 0 20 1 0 0 0 0 0 0 0 0 0 0 0 6 0 0 0 0 0 64 1 0 0 0 0 0 0 0 0 39 0 0 0 0 0 0 0 0 0 0 0 0 0 0 0 0 0 0 0 2 2 0 
 69 6 0 0 29 43 0 0 62 7 64 70 63 10 8 5 4 0 0 0 0 7 1 0 1 1 1 1 0 1 3 0 66 1 5 3 2 1 63 68 65 76 194 176 96 65 111 0 107 51 88 60 374 160 288 175 317 53 303 259 5 5 0 0 3 0 11 0 4 0 0 0 1 14 8 0 11 0 0 1 0 0 14 0 6 1 0 0 5 5 4 5 0 0 0 0 0 0 0 0 23 0 0 0 18 6 12 0 0 0 0 0 10 0 2 0 0 0 26 0 1 0 0 2 5 0 0 9 13 0 0 0 0 0 10 9 27 16 0 0 0 0 0 0 0 0 0 0 0 0 0 0 15 0 0 0 0 0 0 0 0 7 2 0 0 5 2 1 2 0 6 8 0 0 0 0 0 0 0 0 0 38 0 0 0 9 0 6 0 0 0 0 11 8 0 0 0 0 10 0 6 0 0 1 0 0 14 1 0 11 57 9 0 6 0 11 0 0 9 0 5 33 0 0 0 0 0 0 9 0 0 0 2 0 0 0 0 0 0 7 0 3 0 0 0 0 5 0 0 0 0 7 0 2 0 0 0 1 0 0 0 0 0 0 0 2 0 1 2 0 0 0 0 0 0 0 0 0 0 0 0 0 0 0 0 0 0 0 1 0 
 0 0 0 0 0 0 0 0 0 0 0 0 0 0 2 0 0 0 0 0 0 2 0 0 0 64 0 0 0 0 0 0 0 0 0 0 0 0 0 0 275 209 603 174 126 306 41 107 0 127 321 149 137 335 136 284 177 126 503 97 107 2 0 32 50 0 0 0 9 18 2 0 70 51 51 0 0 1 68 47 0 0 0 0 0 0 0 0 0 0 0 0 0 0 0 0 0 0 0 0 0 0 0 0 0 0 0 0 0 0 0 15 0 0 0 0 0 0 0 0 0 2 24 0 28 0 0 0 0 21 17 79 0 0 0 12 21 0 8 0 12 2 0 0 0 0 15 0 6 0 0 0 36 7 4 35 0 6 12 3 0 0 0 0 0 0 0 0 1 0 0 3 0 0 0 0 0 0 0 3 0 9 0 0 0 22 0 0 0 0 0 0 0 0 0 0 4 0 0 0 0 0 9 2 80 29 0 0 23 8 2 1 0 0 0 11 20 18 0 61 0 19 3 0 0 0 35 27 0 0 0 0 0 1 0 7 15 20 44 14 0 0 15 0 0 1 0 0 0 0 0 7 0 30 0 0 0 0 0 2 0 0 64 0 67 2 1 0 0 0 0 0 0 0 0 0 0 0 0 0 0 0 1 0 1 20 0 0 2 0 
 4 4 65 4 3 3 5 67 3 63 3 4 3 4 4 4 4 4 66 33 0 6 0 3 3 4 0 0 0 0 0 0 0 0 0 2 0 0 0 0 38 377 303 178 156 50 83 51 127 0 135 116 38 137 168 164 113 58 86 112 0 0 0 0 0 0 0 0 0 0 0 0 0 0 0 0 0 0 1 0 0 0 0 0 0 0 7 11 0 0 0 0 2 0 6 0 24 13 32 0 0 0 0 0 0 0 0 0 0 0 7 0 0 0 0 0 11 0 0 0 0 22 10 12 80 0 30 7 7 0 21 0 0 0 0 0 0 27 0 0 14 0 0 0 0 0 0 0 0 0 0 0 31 17 4 0 0 0 2 0 18 0 0 0 0 0 13 16 8 3 4 0 0 0 0 15 0 0 8 2 0 0 0 0 0 0 0 0 0 0 0 0 23 0 0 0 0 0 0 0 0 9 11 6 0 18 0 12 0 0 0 23 0 0 0 22 13 10 0 0 0 0 0 0 0 0 9 0 0 0 0 0 9 0 0 0 0 0 20 0 0 0 0 0 0 0 0 0 0 0 0 10 0 2 0 0 0 0 0 2 0 1 2 1 0 3 0 3 2 0 0 0 0 0 0 0 0 0 0 0 0 3 0 0 0 0 0 0 1 0 
 2 0 0 0 0 0 0 0 0 0 0 0 0 0 0 0 0 0 80 0 0 6 0 0 3 3 0 0 0 0 0 0 0 0 0 3 0 0 0 0 36 305 109 195 116 316 67 88 321 135 0 166 43 64 81 140 232 113 318 69 101 0 0 9 9 2 0 0 3 0 1 8 23 50 23 0 0 0 17 16 0 0 0 0 0 0 1 0 0 0 0 0 0 0 0 0 0 0 0 0 0 0 0 0 0 0 0 0 0 0 0 0 0 0 0 0 0 0 0 0 0 32 0 0 56 10 17 7 7 0 36 0 0 0 0 0 0 2 0 0 1 31 0 0 0 8 15 11 0 0 0 0 11 7 1 0 0 7 15 4 0 0 22 0 0 0 4 0 0 0 0 14 0 0 0 0 0 0 0 0 0 0 0 0 0 0 0 0 0 0 0 0 23 0 0 0 0 0 0 0 0 0 9 23 9 10 0 10 0 0 13 20 0 8 0 13 0 10 19 0 0 16 0 4 8 2 67 20 0 10 0 0 0 0 0 7 35 10 30 10 0 0 0 0 0 0 0 0 0 0 0 7 0 0 1 0 0 0 0 8 72 0 62 0 72 3 2 42 0 0 0 0 0 0 0 0 0 0 0 0 0 0 0 0 0 4 0 0 0 0 
 2 3 1 2 2 4 3 0 1 1 0 2 59 1 3 2 0 1 2 1 0 0 0 0 1 0 3 0 0 0 0 69 0 0 4 0 0 0 0 0 36 108 134 629 91 222 44 60 149 116 166 0 20 46 253 110 200 82 34 47 22 0 0 0 1 4 0 0 0 1 0 4 3 23 57 0 3 0 0 0 0 0 0 0 0 0 0 0 0 0 0 0 0 0 0 0 0 0 0 0 0 0 0 0 0 0 0 0 0 0 0 0 0 0 0 0 0 0 0 0 0 0 17 9 25 12 0 27 12 6 22 24 0 0 0 0 24 38 0 0 4 0 0 0 9 0 16 37 19 1 0 0 14 14 12 0 0 0 20 14 0 0 0 0 0 0 0 0 0 0 0 5 0 0 0 0 0 0 0 1 0 0 0 0 0 0 0 0 0 0 0 0 9 0 0 0 0 0 0 0 0 0 8 4 10 0 0 3 7 19 31 22 0 0 0 18 47 41 0 0 0 21 0 0 0 0 36 0 0 0 0 0 3 0 2 0 0 0 36 36 0 0 0 0 0 0 0 0 0 0 0 7 0 0 0 0 0 0 0 12 0 0 2 2 61 4 0 1 2 0 0 0 0 0 0 0 0 0 0 0 0 0 5 0 0 0 0 0 0 0 
 0 0 0 0 2 0 2 0 5 1 2 2 1 0 2 2 2 2 1 2 3 7 3 66 8 31 4 2 65 3 3 12 4 3 4 5 71 66 4 5 348 72 53 37 131 36 194 374 137 38 43 20 0 170 111 37 23 65 118 419 0 0 0 2 0 0 0 0 0 0 0 0 0 0 0 0 3 0 2 5 0 0 0 0 0 0 0 0 0 0 0 0 0 0 0 0 0 0 0 0 0 0 0 0 0 0 0 0 0 12 0 10 0 0 0 0 0 0 0 0 0 19 19 0 0 0 0 7 7 0 14 12 0 1 19 10 0 0 29 10 0 16 0 0 0 2 0 0 0 43 0 0 0 0 0 0 0 0 10 7 2 0 0 0 20 0 0 0 2 0 0 0 2 0 0 0 0 0 0 0 0 0 12 0 1 45 0 0 0 0 0 0 0 0 0 0 0 31 0 0 0 18 0 43 27 0 46 15 35 8 32 0 1 49 14 22 10 6 0 19 0 0 0 0 0 0 0 0 0 0 0 0 0 0 0 0 0 0 0 0 0 0 13 0 0 0 1 0 2 0 0 5 0 0 0 0 0 1 0 0 0 0 0 0 0 0 1 0 0 0 2 0 0 0 0 0 0 0 0 0 0 0 0 0 12 28 0 0 1 2 
 3 0 0 0 0 0 0 63 0 0 0 0 0 64 0 0 0 0 3 0 0 0 0 0 0 64 0 0 0 0 0 2 0 0 3 0 0 0 0 1 88 51 140 153 191 67 363 160 335 137 64 46 170 0 268 320 110 107 182 172 6 0 0 2 3 0 11 0 0 0 1 0 0 9 0 0 0 0 0 0 0 0 0 0 0 0 0 0 0 0 0 0 0 0 0 0 0 0 0 0 0 0 0 0 0 0 0 0 0 0 8 0 0 0 0 0 0 0 8 0 0 28 1 1 20 7 28 20 21 6 39 39 12 10 2 18 25 2 10 1 26 0 3 0 0 0 0 0 0 0 5 0 0 8 0 0 11 0 0 0 0 0 0 10 0 0 0 8 2 0 0 0 0 12 0 0 0 0 0 0 0 0 0 0 0 13 0 0 0 0 0 0 0 0 0 0 0 0 0 0 24 1 0 30 22 0 0 18 11 8 28 25 0 23 1 13 8 0 0 10 0 2 0 0 0 0 0 9 7 0 0 0 11 0 1 0 0 0 20 1 0 0 0 0 0 0 0 0 0 1 0 9 0 0 1 0 0 0 0 3 0 0 0 4 2 14 0 39 0 0 15 0 0 0 0 0 0 0 0 0 0 0 0 0 19 0 0 1 1 0 
 0 0 0 0 2 0 0 0 0 0 0 1 0 0 0 0 0 0 0 0 0 2 0 0 0 100 0 0 0 0 0 3 0 1 4 65 0 0 0 9 120 194 60 278 327 64 123 288 136 168 81 253 111 268 0 218 78 45 172 131 4 0 0 0 0 0 2 0 0 0 2 4 0 0 0 0 0 0 0 2 0 0 0 0 0 0 28 0 0 0 0 0 0 6 0 0 0 0 0 5 0 0 7 0 2 0 0 0 0 0 0 10 0 0 0 0 0 0 0 0 0 0 0 10 7 0 12 6 13 15 21 12 24 25 8 26 30 8 16 12 10 0 0 0 0 0 0 0 0 0 0 0 12 0 0 0 0 0 0 0 0 0 0 2 0 0 0 2 2 0 0 0 0 0 0 0 0 0 0 7 0 0 0 0 0 0 0 0 0 0 0 0 0 0 0 0 0 0 0 0 7 40 10 11 1 0 30 47 7 26 35 12 0 22 24 19 8 11 0 44 0 0 0 0 0 0 0 0 0 0 0 0 11 12 0 0 0 0 0 0 0 0 11 0 0 0 0 0 0 19 0 7 0 1 0 0 0 0 0 21 0 0 0 77 2 11 0 0 0 0 4 0 0 0 0 0 0 0 0 0 0 0 0 0 18 1 0 14 2 0 
 0 0 0 60 0 0 0 0 0 0 0 0 0 0 0 0 0 0 0 0 0 6 0 0 0 64 0 0 206 0 0 0 0 0 8 6 0 0 3 0 46 259 86 90 140 56 315 175 284 164 140 110 37 320 218 0 95 93 308 74 0 0 0 0 0 0 0 0 0 0 2 0 0 0 0 0 21 0 0 0 0 0 0 0 0 0 0 0 0 0 0 0 0 0 0 0 0 0 0 0 0 0 0 0 11 11 0 0 0 0 0 0 0 0 0 0 0 0 0 0 0 1 0 2 11 0 14 8 37 14 13 0 30 23 11 15 71 0 0 0 0 0 0 0 0 0 0 0 18 0 0 0 0 0 0 0 0 0 0 0 0 0 0 6 0 0 0 2 2 0 0 0 0 0 0 0 0 21 0 0 0 0 0 0 0 7 0 0 0 0 0 0 0 0 0 0 0 0 0 0 35 13 6 2 0 0 7 10 0 17 14 16 0 28 17 16 0 19 23 44 0 0 0 0 0 0 0 0 0 0 0 0 0 0 0 0 0 0 11 0 0 0 0 0 0 0 0 0 0 0 0 5 0 0 0 0 0 0 0 4 0 0 0 3 2 19 0 64 0 0 10 0 0 0 0 0 0 0 0 0 0 0 0 0 23 13 0 21 0 0 
 0 0 0 0 0 0 0 0 0 0 0 2 0 0 0 0 3 0 0 0 0 0 0 0 0 0 0 0 0 0 0 0 0 0 3 0 0 0 0 3 245 35 114 116 133 93 84 317 177 113 232 200 23 110 78 95 0 146 32 64 126 26 0 2 52 0 3 0 0 8 8 2 104 51 0 0 0 32 49 68 0 0 0 0 0 0 0 0 0 0 0 0 0 11 0 0 0 0 0 0 0 0 0 0 0 0 9 0 0 0 0 0 0 0 0 0 0 0 0 17 0 0 0 0 18 0 2 1 1 0 10 0 0 0 0 0 9 0 0 0 0 12 0 10 0 2 15 4 4 0 0 0 27 13 0 34 2 12 10 3 0 0 0 0 0 0 0 0 1 0 0 2 0 0 0 0 0 0 0 3 0 0 0 0 0 0 0 0 0 9 0 0 0 0 0 0 0 0 0 0 0 0 1 11 25 45 7 9 0 0 0 19 0 0 0 22 3 1 0 0 0 11 6 8 0 30 21 43 0 10 2 7 0 0 0 7 35 23 31 11 0 0 0 0 0 0 0 0 0 0 0 3 0 0 0 0 0 0 0 0 0 21 35 0 64 0 1 65 0 0 0 0 0 0 0 0 0 0 0 0 0 4 0 0 0 0 0 0 1 0 
 2 2 2 2 2 2 5 2 2 2 3 66 2 2 2 2 2 2 4 2 0 3 0 2 2 49 0 0 0 0 0 0 0 0 0 0 0 0 0 2 52 115 109 79 71 145 261 53 126 58 113 82 65 107 45 93 146 0 251 239 3 0 0 0 48 17 0 0 77 0 23 0 26 0 0 0 0 0 0 0 0 0 0 0 0 0 0 0 0 0 0 0 0 0 0 0 2 0 0 0 0 0 0 0 2 0 0 0 0 0 0 0 0 0 0 0 14 0 0 0 0 17 1 11 0 0 0 6 6 6 0 11 0 6 8 35 16 0 6 0 0 0 0 0 0 0 19 4 29 5 0 0 0 22 17 25 6 0 0 1 0 0 0 0 0 0 0 8 1 0 0 0 0 0 0 0 0 0 0 5 0 0 0 0 0 0 0 0 0 0 0 0 0 0 0 0 0 0 0 0 10 1 0 0 10 14 0 55 4 26 10 0 0 10 1 23 32 0 0 18 0 0 0 0 0 0 0 0 0 0 1 0 12 0 0 0 0 0 21 0 0 0 0 0 0 0 0 0 0 0 0 7 0 0 1 0 0 0 0 8 0 0 1 2 2 26 3 0 0 0 5 0 0 0 0 0 0 0 0 0 0 0 0 0 27 13 0 0 0 0 
 0 0 0 0 0 0 0 0 0 0 0 2 0 0 0 0 0 0 0 0 0 61 62 67 63 64 8 18 120 68 71 126 0 5 1 68 64 26 0 0 280 260 255 76 277 68 305 303 503 86 318 34 118 182 172 308 32 251 0 127 0 0 0 0 0 60 0 0 0 0 0 1 0 0 0 0 0 0 0 0 0 0 0 0 0 0 0 0 0 0 0 0 0 0 0 0 0 0 0 0 0 0 24 23 0 0 0 5 0 0 8 7 0 0 8 0 39 0 0 0 9 0 7 1 0 0 34 0 40 0 18 20 37 15 11 0 29 4 0 13 14 0 0 0 0 0 0 0 20 0 0 2 0 0 0 0 0 0 0 0 0 0 0 5 0 0 0 6 2 0 0 0 0 0 0 0 0 3 0 0 0 0 19 11 2 6 0 0 22 9 13 10 0 8 0 12 0 34 0 0 44 8 40 20 0 0 0 13 0 0 15 0 16 0 1 0 0 8 3 9 0 0 0 0 0 0 0 0 0 0 0 0 0 21 0 0 0 0 0 0 0 0 4 0 0 0 0 0 0 0 0 7 0 2 1 0 0 27 0 10 0 6 0 66 0 12 0 0 1 47 0 0 0 0 0 0 0 0 0 0 0 0 0 0 0 0 0 9 1 0 
 0 0 0 0 2 5 0 0 0 0 0 25 0 0 0 0 0 0 3 0 0 66 0 1 30 67 87 0 0 0 0 1 0 0 5 0 65 100 201 1 135 99 89 73 187 48 164 259 97 112 69 47 419 172 131 74 64 239 127 0 8 0 4 0 0 0 0 0 30 10 4 0 10 0 4 3 3 5 2 8 0 0 0 0 0 0 0 0 0 0 0 0 0 0 0 0 0 0 0 0 0 0 0 0 0 0 0 0 0 39 0 8 9 0 0 0 0 0 0 0 37 46 22 0 0 5 14 37 30 13 0 71 0 21 50 17 0 0 24 0 5 4 9 0 0 0 0 0 0 0 0 0 4 0 0 0 4 0 0 0 6 1 0 0 0 0 0 0 0 0 0 0 0 0 0 0 0 0 0 0 0 15 3 17 0 46 0 0 0 0 0 0 0 0 0 0 0 19 3 0 0 0 0 11 29 0 6 11 30 4 9 7 0 23 0 10 0 35 13 18 3 6 0 0 0 0 0 5 6 0 0 0 8 3 0 5 0 0 0 0 0 0 14 0 0 0 0 0 0 0 0 3 0 0 0 1 0 0 1 0 0 0 0 0 2 0 7 1 0 0 5 0 0 0 0 0 0 0 0 9 0 0 0 3 14 33 0 0 1 0 
 0 0 0 37 0 0 0 0 0 0 0 0 0 0 0 0 0 0 0 0 0 2 0 0 0 0 0 0 0 0 0 0 0 0 0 0 0 0 0 0 4 1 4 125 53 153 0 5 107 0 101 22 0 6 4 0 126 3 0 8 0 154 98 42 43 34 277 39 27 41 20 30 83 192 138 48 103 110 47 114 0 0 0 0 0 0 0 0 0 0 0 0 0 0 0 0 0 0 0 0 0 0 0 0 0 0 0 0 0 0 0 0 0 0 0 0 0 0 0 0 0 0 0 0 12 58 0 0 0 0 0 0 0 0 0 0 0 0 0 0 17 26 7 9 0 0 1 12 16 1 0 2 10 22 0 0 3 9 0 31 0 0 0 0 0 0 0 0 0 0 0 4 0 0 0 0 0 0 0 0 0 0 0 0 0 0 0 0 0 0 0 0 0 0 0 0 0 0 0 0 0 0 0 9 37 0 0 0 0 0 0 7 0 0 0 1 1 0 0 9 34 9 6 8 0 4 17 11 17 0 0 0 18 21 0 14 1 4 18 14 0 0 0 0 0 0 0 0 0 0 0 0 2 0 5 0 0 0 0 0 0 0 0 0 0 0 0 0 0 0 9 2 0 0 0 1 0 0 0 0 0 0 0 0 0 0 0 0 0 11 
