 0 196 441 47 136 232 114 579 658 617 200 342 137 367 391 43 209 38 109 142 3 0 0 0 4 0 0 0 3 2 0 0 0 0 0 0 0 11 0 3 1 1 3 0 2 0 3 3 2 0 3 3 0 0 3 3 0 5 0 0 0 0 0 0 0 0 0 2 3 0 0 0 0 0 33 0 0 0 10 0 22 38 0 0 1 2 16 41 14 1 19 19 34 1 23 0 9 9 15 16 0 0 0 0 0 0 0 0 0 0 0 0 0 0 0 0 0 0 0 0 0 0 0 0 0 0 0 0 0 0 0 0 0 0 0 0 0 0 0 0 6 15 0 0 0 0 0 0 1 0 0 0 1 0 0 0 0 46 0 0 0 11 2 0 4 0 0 11 18 56 19 8 0 56 33 0 0 2 34 0 0 0 0 0 0 0 9 0 0 0 0 0 13 0 0 0 0 10 0 0 0 0 0 0 0 0 0 0 0 0 0 0 0 0 0 0 0 0 0 0 0 0 0 0 0 0 0 0 0 0 0 0 0 0 0 0 0 0 0 0 0 0 0 0 0 2 0 0 0 49 0 8 0 0 0 0 0 0 0 0 0 0 0 0 0 0 0 0 0 0 0 0 0 0 0 0 0 8 0 0 0 0 0 0 0 0 0 0 0 0 
 196 0 478 65 145 220 60 236 521 273 144 46 202 41 84 217 46 134 133 207 3 1 0 0 3 0 0 0 2 0 4 206 77 0 1 0 0 0 0 3 2 2 4 0 2 2 3 3 2 0 3 0 2 0 3 3 0 5 0 0 0 0 0 0 1 0 0 2 5 6 0 0 0 0 0 56 2 0 3 0 0 11 12 14 13 42 24 21 21 19 0 22 0 18 25 16 0 26 0 18 1 0 0 0 0 0 50 0 0 0 0 0 16 1 0 0 0 0 29 7 0 0 0 0 2 0 0 0 6 0 0 0 0 0 0 0 0 0 0 0 0 0 0 0 31 32 1 0 0 21 0 0 0 0 0 0 0 0 0 0 0 24 0 17 9 0 10 0 40 32 45 17 0 15 7 16 7 41 0 0 16 2 0 0 0 0 13 0 0 0 0 0 8 4 0 0 2 0 8 38 0 0 0 0 0 0 0 0 0 0 0 0 0 0 0 0 0 0 0 0 0 0 0 2 0 2 0 0 0 0 0 0 1 0 0 0 0 0 0 0 0 0 0 0 0 0 1 0 2 182 1 2 0 0 0 0 0 0 0 0 0 0 11 0 0 0 0 0 85 0 0 0 0 0 0 16 0 0 0 0 0 0 0 0 0 0 0 0 0 0 
 441 478 0 219 152 127 80 87 323 241 513 127 37 130 178 222 317 115 31 289 79 3 7 0 4 0 0 0 5 0 0 0 3 0 0 0 0 0 73 3 2 1 2 7 5 0 33 5 5 0 3 0 0 0 6 3 0 6 0 0 0 0 0 0 0 0 3 2 3 7 0 0 0 0 0 43 0 49 3 0 29 20 44 73 18 30 18 14 0 18 37 23 0 7 34 9 56 8 0 22 9 0 0 0 0 0 14 22 0 0 0 0 4 0 0 18 1 0 38 17 0 0 0 0 0 1 2 0 0 0 0 0 0 0 27 0 0 0 0 0 0 1 0 0 0 0 0 0 0 0 0 0 0 0 0 0 3 0 0 0 6 53 19 27 1 12 25 0 1 3 2 27 0 0 13 21 20 13 0 0 0 0 0 0 0 0 1 0 0 1 2 0 18 0 0 0 0 0 0 51 0 0 0 0 0 1 0 0 0 0 0 57 0 11 0 0 0 0 0 0 0 0 0 0 0 0 0 0 0 0 0 0 0 0 0 0 0 0 0 1 0 0 0 0 0 3 100 0 2 92 0 0 0 0 0 0 0 0 0 0 0 0 0 0 0 0 0 0 2 0 0 0 0 0 0 49 0 0 0 0 0 0 0 0 0 0 0 0 0 0 
 47 65 219 0 189 52 87 566 404 100 317 138 256 301 149 34 89 342 57 70 78 0 74 0 2 0 0 0 6 0 0 0 75 0 0 74 0 0 130 5 2 0 3 7 2 33 3 4 2 0 3 0 2 2 3 3 0 5 0 2 0 0 4 0 39 0 0 2 3 0 0 0 0 0 0 1 0 1 3 0 14 0 0 55 11 12 22 0 9 17 1 0 0 8 10 58 46 0 0 0 0 0 0 0 0 18 0 2 15 0 0 0 1 0 0 0 0 0 7 0 0 0 0 0 0 0 0 0 0 0 0 2 0 0 27 0 0 0 0 0 2 18 4 0 0 0 0 0 0 0 0 0 0 9 0 0 0 0 0 2 14 0 26 6 7 18 0 13 9 26 10 12 0 0 59 9 5 23 0 0 1 0 0 0 0 0 14 17 0 0 0 0 1 31 10 0 0 0 39 0 0 0 0 0 0 0 0 0 0 0 0 17 0 0 0 0 0 0 0 0 0 0 0 0 0 0 0 0 0 0 0 0 0 0 0 0 0 0 0 0 0 3 0 0 0 1 2 2 0 1 2 6 0 0 0 0 0 0 0 0 0 0 0 0 0 0 0 0 0 0 0 0 0 0 0 27 0 0 0 0 0 0 0 0 0 0 0 0 0 0 
 136 145 152 189 0 271 37 157 174 66 144 344 37 376 219 317 61 42 162 108 3 1 2 0 2 0 23 0 2 0 0 0 97 24 0 0 0 0 0 3 0 5 2 0 2 0 3 12 2 0 3 0 0 0 3 3 0 3 0 0 0 0 0 0 64 0 0 5 5 9 0 0 3 0 0 31 0 0 3 4 14 0 21 14 17 30 11 0 1 9 14 0 0 30 18 24 14 12 0 0 0 0 0 0 0 0 8 1 1 0 0 0 14 0 1 0 0 0 0 0 1 0 0 0 0 0 0 0 0 0 0 0 0 1 2 0 0 0 0 0 0 0 0 0 0 0 0 0 0 0 0 0 0 0 0 0 0 0 0 0 0 5 21 20 0 16 3 0 1 19 4 21 0 18 9 0 10 0 0 0 0 0 0 0 0 0 13 24 4 0 0 0 14 29 10 16 0 0 7 30 0 0 0 0 0 0 0 0 0 0 0 13 0 0 0 0 0 0 0 1 0 0 0 11 0 0 0 0 0 0 0 0 0 0 0 0 0 0 0 0 0 10 0 0 0 0 0 0 0 14 0 7 0 0 0 0 0 0 0 0 0 0 0 0 0 0 0 0 0 0 0 0 0 0 0 1 0 0 0 0 0 0 0 0 0 0 0 0 0 0 
 232 220 127 52 271 0 130 122 275 259 68 125 126 54 352 391 88 273 93 140 8 0 74 0 2 0 23 95 3 74 0 2 0 2 36 0 0 0 2 120 0 1 2 0 2 0 3 5 2 0 3 0 0 0 3 3 0 8 0 0 0 0 0 0 0 0 0 2 3 7 0 0 0 0 0 1 0 1 3 0 10 2 20 10 0 16 10 0 0 5 0 1 0 16 0 5 0 21 2 0 10 8 10 0 0 1 13 1 10 0 7 0 0 24 25 10 38 0 43 0 0 0 0 0 0 0 0 0 0 0 0 0 0 0 0 0 2 0 0 0 0 0 0 0 0 0 0 0 2 0 15 0 0 0 0 0 2 0 2 0 0 19 0 20 19 11 0 0 2 11 28 32 0 0 0 19 0 32 0 0 27 9 7 0 0 0 25 0 23 12 47 2 52 13 15 2 18 21 27 28 0 0 0 0 0 0 0 0 0 0 0 0 0 21 1 0 18 0 0 0 0 0 0 0 0 0 0 0 0 0 0 0 0 0 9 1 15 0 0 0 0 0 0 0 0 2 92 0 2 4 0 1 0 0 0 0 0 0 0 0 0 0 0 0 0 0 0 0 0 0 0 0 0 0 0 10 0 0 0 0 0 0 0 0 0 10 0 0 0 0 
 114 60 80 87 37 130 0 273 57 67 235 136 408 57 118 41 232 165 144 47 3 6 1 3 3 0 0 1 2 5 0 5 0 2 4 0 0 0 0 3 5 63 2 2 2 0 3 4 2 2 6 3 0 0 8 3 2 5 0 7 0 0 0 0 3 2 0 2 3 0 3 2 0 33 2 0 1 6 3 0 13 0 0 3 0 0 11 21 30 3 16 14 19 10 16 8 17 10 0 43 0 0 0 0 0 0 0 0 0 0 0 0 0 1 7 0 0 0 0 0 20 0 0 0 0 0 0 0 0 0 0 0 0 0 0 0 0 0 0 0 0 0 3 0 0 0 18 0 0 7 0 0 40 6 0 0 0 0 0 0 15 12 21 19 0 0 67 26 20 2 14 12 1 17 3 30 6 0 1 22 0 0 0 0 0 0 0 0 0 0 0 0 0 0 0 15 0 0 0 0 0 0 0 0 0 0 0 0 0 0 0 1 0 0 0 0 0 0 0 0 0 0 0 0 0 0 0 0 0 0 0 0 0 0 0 0 0 0 0 0 0 0 0 0 0 2 2 0 1 0 0 4 17 0 0 0 0 0 0 0 0 0 0 0 0 0 0 0 1 0 0 0 0 0 0 0 17 0 0 0 0 0 0 0 0 0 0 0 0 0 
 579 236 87 566 157 122 273 0 121 304 28 168 221 76 222 292 51 120 212 196 3 0 0 0 2 0 0 0 3 0 0 0 0 0 0 0 0 0 0 3 0 1 3 0 2 0 3 5 2 0 3 0 0 0 3 3 0 3 0 0 0 0 0 0 0 0 0 2 3 0 0 0 0 47 0 51 0 0 35 0 1 9 1 15 0 14 37 15 0 23 0 0 18 8 35 17 55 1 0 39 0 0 0 0 0 0 7 0 0 0 0 10 0 1 0 0 0 0 0 0 0 0 0 0 2 0 6 0 0 0 0 0 0 0 0 0 0 0 0 0 0 3 3 0 0 22 1 0 0 0 0 0 1 18 0 0 0 0 0 0 10 23 25 19 9 0 54 40 0 0 9 25 0 13 9 15 11 1 24 0 0 0 0 0 0 0 0 0 0 0 0 0 0 0 0 0 2 0 1 0 0 0 0 0 0 0 22 0 0 0 0 14 0 0 0 0 0 0 0 0 0 0 0 2 0 2 0 0 0 0 0 0 1 0 0 0 0 0 0 0 0 0 0 0 0 3 0 0 1 89 0 8 54 0 0 0 0 0 0 0 0 0 0 0 0 0 0 0 64 0 0 0 0 0 0 0 0 0 0 0 0 0 0 0 0 0 0 0 0 0 
 658 521 323 404 174 275 57 121 0 364 263 102 346 249 318 347 128 179 289 98 77 3 0 0 3 0 0 2 3 1 0 0 0 0 0 0 0 0 136 3 2 0 3 2 65 0 66 3 2 0 3 0 35 6 3 3 0 4 1 0 0 0 0 0 0 0 0 2 3 0 3 0 0 0 0 51 0 0 39 0 0 18 22 20 67 12 17 21 33 15 18 27 20 0 12 21 0 15 2 0 8 0 0 0 0 0 7 22 0 0 0 0 22 0 0 25 0 0 27 5 0 0 0 0 0 0 0 0 0 4 0 0 0 0 0 0 2 0 0 0 0 11 0 0 0 0 0 0 0 0 0 0 0 0 0 0 3 0 0 0 0 3 21 1 18 26 13 37 0 13 2 27 0 52 0 14 16 0 0 0 0 0 0 0 0 0 1 0 0 1 0 0 14 0 0 1 0 0 19 13 0 0 0 0 0 0 0 0 0 0 0 0 0 0 1 0 0 0 0 0 0 0 0 0 0 0 0 0 0 19 0 0 0 0 0 1 0 0 0 0 0 9 0 0 0 0 1 0 2 88 0 20 0 0 0 0 0 0 0 0 0 0 0 0 0 0 0 0 0 0 0 0 0 0 0 15 40 0 0 0 0 0 0 0 0 8 0 0 0 0 
 617 273 241 100 66 259 67 304 364 0 178 225 269 403 111 169 219 167 41 208 41 0 0 0 3 0 1 74 3 0 0 0 2 1 0 0 0 0 85 3 0 1 2 19 2 0 3 4 2 0 3 0 2 2 3 3 0 6 0 0 0 0 0 0 0 0 0 2 3 0 0 0 0 0 0 0 0 1 7 0 14 4 13 30 10 1 23 30 17 10 29 23 0 0 17 5 0 0 0 17 17 1 0 0 0 0 0 10 0 0 0 0 0 2 0 10 13 0 17 0 0 0 0 0 1 0 0 0 0 0 0 9 0 0 17 0 0 0 0 0 2 0 0 0 0 0 2 0 0 0 0 0 0 0 0 0 13 0 0 19 14 6 0 6 46 11 16 13 1 23 15 17 0 29 2 21 6 19 0 0 0 0 0 0 0 0 12 0 0 17 0 0 2 21 0 1 0 0 20 11 0 0 0 0 0 0 0 0 0 0 0 0 0 0 0 0 0 0 0 10 0 0 0 0 0 0 0 0 0 0 0 0 2 0 0 0 0 0 0 0 0 0 0 0 0 5 88 0 3 94 0 0 0 0 0 0 0 0 0 0 0 0 0 0 0 0 0 0 0 0 0 0 0 0 0 1 10 0 0 0 0 0 0 0 0 0 0 0 0 0 
 200 144 513 317 144 68 235 28 263 178 0 134 29 47 179 93 212 401 239 68 80 1 4 0 2 36 2 0 2 0 0 0 36 2 0 77 0 210 104 4 0 3 4 2 2 0 3 5 6 0 3 35 14 45 3 3 0 6 3 0 0 0 2 0 0 3 0 2 3 0 40 3 0 0 35 0 2 2 5 1 20 9 26 17 43 13 0 0 19 8 26 31 0 10 0 42 19 7 0 0 20 0 0 1 0 0 0 5 19 0 0 0 47 0 0 22 0 0 12 0 0 0 0 0 0 0 0 0 0 0 0 0 0 0 0 0 0 0 0 0 0 0 0 0 0 0 0 0 0 0 0 0 0 0 0 0 0 0 0 0 0 0 25 0 10 39 0 0 0 22 0 17 0 0 25 11 16 0 0 0 1 0 0 0 0 0 0 0 0 0 0 0 11 2 0 0 0 0 48 11 0 0 0 0 0 0 0 0 0 0 0 15 0 0 0 0 0 0 0 0 0 0 0 0 0 0 0 7 0 0 0 12 0 0 0 0 0 0 0 0 0 10 0 0 0 1 1 0 1 94 2 2 0 0 0 0 0 0 0 0 0 0 0 0 0 0 0 0 0 0 0 0 0 0 0 19 0 0 0 0 0 0 0 0 0 0 0 0 0 0 
 342 46 127 138 344 125 136 168 102 225 134 0 119 80 116 132 86 68 39 60 77 6 3 0 2 0 111 39 2 0 0 0 27 35 75 0 4 0 147 3 2 2 2 0 2 3 6 4 2 0 3 0 0 0 3 3 1 5 0 0 0 0 0 0 32 0 0 2 3 0 0 0 0 0 0 45 0 1 15 0 1 11 1 24 26 31 33 0 0 11 8 10 0 41 32 22 10 10 0 0 12 0 0 0 0 0 10 21 0 0 0 0 13 32 1 4 18 0 33 0 0 0 0 0 0 0 0 0 0 0 0 0 0 0 0 0 0 0 0 0 0 0 0 0 0 0 0 0 9 0 0 0 0 0 0 0 4 0 0 0 13 1 23 0 23 13 15 20 0 0 17 22 0 13 13 0 6 0 0 0 14 0 0 0 0 0 38 20 1 9 0 0 27 30 13 9 0 18 5 12 0 0 0 0 0 0 0 0 0 0 0 12 0 0 0 0 0 0 0 0 0 0 0 0 0 0 0 0 0 0 0 0 0 0 0 0 0 0 0 0 0 9 0 0 0 0 48 0 3 85 0 1 0 0 0 0 0 0 0 0 0 0 0 0 0 0 0 0 0 0 0 0 0 0 0 0 0 0 0 0 0 0 0 0 0 0 0 0 0 0 
 137 202 37 256 37 126 408 221 346 269 29 119 0 152 123 49 180 119 191 259 3 0 0 0 4 0 0 1 3 0 3 0 3 2 0 3 0 0 0 3 0 0 5 0 64 2 3 4 2 0 3 62 2 0 3 3 61 4 0 0 0 0 0 0 1 0 0 2 5 0 0 1 0 0 0 0 2 0 10 0 9 1 14 0 0 9 11 33 1 10 1 19 0 26 32 6 0 0 0 15 28 0 0 0 0 0 0 0 0 0 0 1 0 0 0 0 0 0 0 0 0 0 0 0 0 0 0 0 0 0 0 0 0 2 1 0 0 0 0 0 0 10 0 0 0 0 0 0 0 0 0 0 0 0 0 0 0 0 0 0 0 13 0 6 1 1 19 11 9 0 21 0 7 76 0 0 42 14 0 14 0 0 0 0 0 0 0 0 0 0 17 0 0 0 0 0 0 0 0 0 0 0 0 0 0 0 0 0 0 0 0 0 0 0 0 0 0 0 0 0 0 0 0 0 0 0 0 0 0 0 0 0 0 0 0 0 0 0 0 7 0 0 0 0 0 0 2 1 0 2 0 6 0 0 0 0 0 0 0 0 0 0 14 0 0 0 0 0 0 0 0 0 0 1 0 0 34 0 0 0 0 0 0 0 0 0 0 0 0 0 
 367 41 130 301 376 54 57 76 249 403 47 80 152 0 97 368 141 32 196 290 5 0 0 0 2 6 0 0 3 0 0 1 0 0 2 0 1 0 0 3 0 1 2 0 2 0 3 3 2 0 3 0 0 1 3 3 0 6 0 0 0 0 0 0 0 0 46 2 3 0 0 0 32 0 0 52 0 52 6 0 13 0 29 0 0 31 23 14 0 8 15 12 33 3 33 0 23 0 13 10 0 0 0 0 0 0 8 0 0 0 0 0 0 0 0 0 0 0 0 11 15 0 0 0 0 0 0 0 0 0 0 0 0 0 0 0 0 0 0 0 0 0 0 0 0 0 0 0 0 0 0 0 1 0 0 0 0 0 0 0 32 22 0 4 14 0 21 21 10 0 1 13 3 25 0 12 0 0 13 5 0 0 0 0 13 0 0 0 0 0 0 0 0 14 0 0 0 0 0 0 0 0 0 0 0 0 0 0 0 0 0 0 0 0 0 0 0 0 0 0 0 0 0 0 0 0 0 0 0 0 0 0 0 0 5 0 0 0 0 0 0 0 0 0 0 0 3 0 0 96 2 19 0 0 0 0 0 0 0 0 0 13 12 0 0 0 0 0 0 0 0 0 0 0 0 0 0 0 0 0 0 0 0 0 0 0 0 0 0 0 
 391 84 178 149 219 352 118 222 318 111 179 116 123 97 0 483 56 123 128 286 3 0 2 0 2 0 0 0 3 0 0 0 0 0 0 0 0 2 0 3 2 1 2 0 2 0 3 5 2 0 3 0 0 0 3 3 0 3 0 0 0 0 0 0 0 0 0 2 3 4 0 0 0 0 0 50 0 0 3 0 24 8 9 29 1 34 24 13 16 8 18 0 22 26 16 33 28 30 0 0 1 0 0 0 0 0 6 5 0 0 0 0 13 0 23 0 0 0 10 0 0 0 0 0 0 0 0 0 0 0 0 0 0 0 0 0 0 0 0 0 0 0 0 0 0 0 0 0 0 0 0 0 0 0 0 0 0 17 0 0 0 33 11 8 0 0 11 0 14 24 0 18 0 0 33 14 8 15 14 1 1 0 0 0 0 0 0 0 0 0 4 0 1 0 0 0 1 0 8 13 0 0 0 0 0 0 0 0 0 0 0 14 0 0 0 0 0 0 0 0 0 0 0 0 0 1 0 0 0 0 0 0 0 1 0 0 0 4 0 0 0 0 0 0 0 0 1 0 2 88 0 10 0 0 0 0 0 0 0 0 0 0 0 0 0 0 0 0 0 0 0 0 0 0 0 16 0 0 0 0 0 0 0 0 0 0 0 0 0 0 
 43 217 222 34 317 391 41 292 347 169 93 132 49 368 483 0 204 43 134 129 3 1 0 0 2 2 0 0 4 0 0 2 4 0 0 0 0 2 0 3 2 65 7 20 2 0 25 3 2 0 16 0 12 0 75 25 0 3 0 22 0 0 0 0 0 0 0 2 3 66 0 0 0 0 0 29 0 44 5 0 1 1 24 0 0 36 38 25 0 6 10 9 1 2 24 8 0 11 0 24 0 0 0 0 0 0 5 0 0 0 0 0 12 0 0 0 0 0 0 17 0 0 0 0 0 0 0 0 0 0 0 0 0 10 0 0 15 0 0 0 0 0 2 0 0 0 0 0 0 0 0 1 5 5 0 0 0 0 0 0 57 7 12 35 0 0 32 11 10 12 0 31 0 36 0 13 0 0 0 0 0 1 0 0 0 0 0 0 0 0 0 0 0 0 0 0 0 0 0 10 0 0 0 0 0 0 0 14 0 0 2 0 0 0 0 0 0 0 0 0 0 0 0 0 0 0 0 0 0 0 0 0 0 0 0 0 0 0 0 0 0 0 0 0 0 2 45 0 1 5 0 0 0 0 0 0 0 0 0 0 0 0 13 0 0 0 0 0 0 0 0 0 0 0 0 1 0 0 0 0 0 0 0 0 0 0 0 0 0 0 
 209 46 317 89 61 88 232 51 128 219 212 86 180 141 56 204 0 305 29 360 0 6 3 2 0 0 3 0 4 6 0 2 6 0 3 0 3 81 2 0 5 0 1 14 0 2 2 3 0 0 0 3 1 1 6 0 0 1 0 2 0 5 0 0 5 0 0 0 0 0 0 0 0 0 1 0 0 36 11 0 18 0 31 31 1 22 11 31 25 24 23 19 0 1 0 26 17 8 0 16 1 1 20 0 0 0 10 2 0 0 0 0 16 0 0 0 0 0 1 44 0 0 0 0 0 0 0 0 0 0 0 2 0 0 16 0 0 0 0 0 0 5 0 0 0 0 0 0 0 0 0 0 0 0 0 0 0 0 0 2 12 15 1 10 10 0 39 18 26 13 20 16 0 15 15 0 34 14 0 0 0 0 1 0 0 0 0 3 0 0 6 0 0 3 1 27 0 0 16 14 0 0 0 0 0 0 0 0 0 0 0 0 0 0 0 0 0 0 0 0 0 0 0 0 0 0 0 0 1 0 0 0 0 0 0 0 0 0 0 0 0 0 0 0 0 2 87 1 0 1 0 1 2 2 0 0 0 0 0 0 2 0 2 0 0 9 0 0 0 0 0 0 0 0 0 19 22 0 0 0 0 0 0 0 0 0 0 0 0 0 
 38 134 115 342 42 273 165 120 179 167 401 68 119 32 123 43 305 0 22 36 36 1 0 0 2 0 0 0 2 0 0 0 0 0 0 0 0 208 142 3 58 3 2 2 2 0 3 4 3 0 3 0 40 6 3 12 0 5 0 0 0 0 0 0 1 0 0 2 3 0 0 1 42 0 0 45 0 0 3 0 0 0 14 23 17 11 11 15 14 35 15 0 0 0 10 23 0 7 0 0 19 0 12 0 0 0 12 0 17 1 0 0 35 0 0 9 0 0 7 15 0 0 0 0 2 0 18 0 0 0 0 0 0 0 0 0 0 0 0 0 0 0 0 0 0 19 0 16 0 0 0 0 0 0 0 0 0 0 0 0 14 0 12 7 8 34 11 0 1 19 2 14 0 15 2 7 27 18 0 0 13 0 0 0 0 0 10 0 0 0 0 0 19 9 1 0 2 0 33 24 0 0 0 0 0 0 0 0 0 0 0 0 0 0 0 0 0 0 0 0 0 0 0 2 0 1 0 0 0 0 0 0 0 0 0 0 0 0 0 0 0 9 0 0 0 4 0 3 0 2 2 8 0 0 0 0 0 0 0 0 0 0 5 0 0 0 0 0 0 0 0 0 0 0 0 27 40 0 0 0 0 0 0 0 0 0 1 0 0 0 
 109 133 31 57 162 93 144 212 289 41 239 39 191 196 128 134 29 22 0 341 0 0 8 0 0 0 0 0 0 0 79 0 0 0 0 0 0 0 0 0 1 1 0 0 0 0 0 30 0 0 0 0 0 0 0 0 0 3 0 0 0 0 0 0 0 0 0 0 1 0 0 0 35 0 54 0 0 0 0 0 10 26 0 0 0 0 10 13 12 0 0 0 69 15 14 10 21 60 14 9 0 0 0 0 0 0 0 0 0 0 0 2 0 0 0 0 0 0 0 0 0 0 1 0 0 0 0 0 65 0 0 0 1 0 0 0 0 2 0 0 4 0 0 0 0 0 0 0 0 0 0 0 1 0 0 2 0 16 0 0 13 45 0 0 0 0 0 9 0 0 0 0 2 20 9 34 0 0 52 16 0 0 0 0 0 0 0 0 0 0 0 0 0 0 0 0 0 0 0 0 0 0 0 0 0 0 0 0 0 0 0 0 0 0 0 0 0 0 0 0 0 0 0 0 0 0 0 0 0 0 0 0 0 0 9 0 0 0 0 0 0 0 0 0 0 1 0 0 0 0 2 4 0 0 0 0 0 0 0 0 0 0 0 0 0 0 0 0 0 0 0 0 0 2 0 0 0 8 0 0 0 0 0 0 0 0 0 0 0 2 
 142 207 289 70 108 140 47 196 98 208 68 60 259 290 286 129 360 36 341 0 3 0 0 0 2 0 0 0 3 1 0 0 0 0 3 3 0 0 0 3 0 0 3 2 2 0 3 3 2 3 3 0 0 0 3 3 3 4 0 0 0 0 0 0 3 3 1 2 3 0 2 0 0 0 0 0 0 2 3 24 73 11 28 0 2 0 44 36 0 0 0 0 2 30 11 6 2 0 10 12 0 0 0 0 0 0 0 0 0 0 2 0 0 0 0 0 0 0 0 0 0 0 0 0 0 0 1 0 0 0 0 0 0 0 0 0 0 0 0 0 0 0 0 0 0 0 10 0 0 0 0 0 0 0 0 0 0 0 0 0 30 37 7 0 0 0 0 11 0 0 0 0 28 14 13 0 2 15 54 11 0 0 0 0 0 4 0 0 0 0 1 0 0 0 0 0 0 2 0 0 0 0 0 0 0 2 0 0 2 0 0 0 0 0 0 2 0 0 0 0 0 0 0 0 0 0 0 0 0 0 0 0 0 0 0 0 0 0 0 0 0 0 0 0 0 2 0 0 2 3 0 11 0 0 1 0 0 0 0 0 0 0 0 0 0 0 0 0 2 0 0 0 0 0 0 0 15 0 0 0 0 0 0 0 9 0 0 0 0 0 
 3 3 79 78 3 8 3 3 77 41 80 77 3 5 3 3 0 36 0 3 0 411 207 145 31 34 265 213 39 116 107 244 253 102 154 70 26 21 413 103 0 0 0 0 0 0 1 4 203 5 3 0 0 5 2 0 3 3 0 2 3 0 0 2 0 2 0 0 2 3 0 0 3 0 0 2 0 3 0 0 0 0 13 28 10 1 0 0 0 0 10 4 15 0 0 0 0 0 0 0 31 1 16 0 0 0 0 11 26 27 30 52 0 13 45 25 32 34 36 18 0 0 0 0 0 0 0 16 0 0 0 0 17 0 0 0 0 0 2 13 0 0 0 0 0 0 0 0 2 0 0 0 0 0 0 0 9 0 0 2 0 0 0 0 15 26 0 0 0 0 0 0 0 0 0 0 0 33 0 0 13 1 38 1 10 39 34 27 0 45 0 11 20 11 0 34 21 8 31 9 0 0 0 0 0 1 14 0 0 0 0 0 1 0 0 0 0 0 0 0 0 0 0 18 0 0 0 0 0 0 0 0 11 0 0 5 0 0 0 0 0 0 3 0 0 0 73 0 0 0 0 48 0 0 8 1 2 0 0 1 2 0 0 0 0 0 0 0 0 0 0 0 0 0 0 9 0 0 0 0 0 0 0 0 0 11 1 0 0 0 
 0 1 3 0 1 0 6 0 3 0 1 6 0 0 0 1 6 1 0 0 411 0 320 364 37 175 281 171 180 95 108 107 127 128 133 222 130 34 123 139 1 0 0 0 1 0 0 3 0 4 3 0 0 0 2 0 0 2 0 0 3 0 0 0 0 2 0 0 2 0 5 0 2 0 0 0 0 5 0 0 0 0 0 0 0 0 0 0 0 0 2 0 0 0 0 0 0 0 0 0 12 24 12 22 15 0 0 0 0 12 4 16 0 0 27 0 0 18 11 16 0 0 0 0 0 0 0 0 0 0 0 0 0 0 0 0 0 0 1 0 0 0 0 0 0 12 0 0 0 0 0 0 0 0 2 0 0 0 8 0 0 0 0 0 0 0 2 0 0 0 0 0 5 0 0 0 0 0 13 0 21 12 12 31 0 19 0 20 14 19 19 38 0 0 33 12 8 12 0 0 1 4 0 0 0 0 0 0 0 0 0 0 22 0 0 0 0 0 9 0 0 0 0 0 0 0 0 0 0 0 0 0 0 0 0 0 0 0 0 0 0 0 19 0 0 0 0 0 0 0 0 0 0 0 5 0 0 3 84 4 2 0 0 0 0 0 0 0 0 0 0 0 0 0 0 0 0 0 0 0 0 14 0 0 0 0 14 0 0 0 
 0 0 7 74 2 74 1 0 0 0 4 3 0 0 2 0 3 0 8 0 207 320 0 222 207 56 110 112 232 176 78 79 78 335 164 322 166 434 198 50 2 1 2 3 1 0 34 3 0 4 5 0 133 0 2 0 3 2 0 0 3 0 0 0 0 2 3 2 5 0 0 0 6 0 1 0 2 9 0 0 0 0 0 0 0 0 10 0 0 0 0 0 0 0 2 0 0 0 0 0 17 18 0 28 0 23 0 8 0 0 24 9 0 76 0 22 0 14 20 20 1 0 0 0 0 0 0 13 0 0 0 0 13 7 12 0 0 19 0 9 0 0 0 0 0 0 0 0 0 0 0 0 0 0 5 0 0 0 0 5 0 0 0 0 0 4 3 0 10 0 0 0 5 0 0 0 0 0 0 1 2 1 0 23 0 1 0 0 2 0 27 28 0 0 0 41 13 0 20 0 2 0 0 0 0 0 13 0 0 0 0 0 27 0 17 0 0 0 3 0 0 0 0 0 0 0 7 0 0 0 0 0 0 0 0 0 0 0 2 12 0 0 15 0 0 0 0 0 0 0 0 0 0 0 8 0 1 78 78 2 0 0 1 0 0 0 0 0 0 0 0 0 0 0 0 0 0 0 0 0 0 0 0 0 0 4 0 0 0 0 
 0 0 0 0 0 0 3 0 0 0 0 0 0 0 0 0 2 0 0 0 145 364 222 0 238 125 206 211 309 448 265 370 171 72 360 104 137 179 67 143 63 0 0 0 0 0 1 4 0 4 212 0 48 0 2 0 0 1 63 0 3 0 0 0 0 2 0 0 2 0 0 0 3 0 0 2 44 3 0 0 0 0 0 1 2 1 0 0 1 0 0 0 0 0 0 0 0 0 1 0 8 14 7 7 13 1 6 2 13 38 14 17 0 21 11 9 0 28 0 0 0 0 0 0 0 0 15 11 0 14 0 0 19 11 0 0 0 0 20 0 0 0 0 0 0 2 0 0 0 0 0 0 0 0 4 0 0 0 0 3 0 2 0 0 0 0 0 0 0 0 0 0 0 0 0 0 3 4 0 0 1 11 15 19 0 0 10 23 0 27 2 15 0 0 1 42 18 21 0 0 13 0 14 0 0 0 31 0 0 0 0 0 20 0 0 0 0 0 20 13 0 0 9 0 0 0 0 0 0 0 0 10 0 0 0 0 0 0 0 0 0 0 1 0 0 0 0 0 0 0 0 0 0 0 4 2 0 1 77 5 10 0 0 0 0 0 7 0 0 0 0 0 0 0 0 0 0 0 0 1 0 13 0 0 0 0 0 0 0 0 
 4 3 4 2 2 2 3 2 3 3 2 2 4 2 2 2 0 2 0 2 31 37 207 238 0 201 47 297 159 122 81 286 99 42 80 85 34 73 261 53 100 1 211 0 0 0 129 3 0 3 3 1 32 0 2 40 0 1 0 0 3 0 0 0 0 2 0 0 2 0 1 0 2 0 0 0 0 3 0 2 0 0 1 0 0 0 0 0 0 0 0 0 0 0 0 0 0 0 0 5 0 0 0 30 15 56 0 0 0 6 0 6 5 0 0 0 0 18 0 0 11 1 7 0 0 0 26 37 2 2 1 0 21 16 44 35 0 0 0 7 0 0 0 0 0 0 2 8 0 0 0 0 0 0 0 0 0 0 0 54 0 0 0 0 0 0 0 0 0 0 0 0 0 0 0 0 6 23 0 0 0 0 0 16 13 27 0 0 0 11 13 11 0 0 0 12 0 0 0 0 29 64 33 0 0 0 13 0 11 0 0 0 32 11 61 0 0 0 11 32 0 0 1 0 0 2 0 0 0 0 0 0 0 0 0 0 0 0 0 0 0 0 0 0 0 0 0 0 0 0 0 0 0 0 8 4 1 120 11 2 6 2 0 0 0 0 0 0 0 0 0 0 0 0 0 0 0 0 0 0 0 0 0 0 1 0 0 2 0 0 
 0 0 0 0 0 0 0 0 0 0 36 0 0 6 0 2 0 0 0 0 34 175 56 125 201 0 28 28 132 63 74 204 293 119 68 117 41 275 40 37 66 63 62 0 0 0 8 2 0 27 4 0 8 0 67 24 25 58 62 67 3 0 0 0 0 2 0 0 13 0 0 0 3 0 0 0 1 5 0 5 0 0 2 0 0 0 0 0 0 0 0 0 0 0 0 21 0 0 0 0 0 0 19 12 28 28 0 0 0 15 0 4 13 59 0 0 0 0 0 0 12 19 24 14 0 0 38 19 0 14 0 1 14 28 9 23 0 9 44 13 0 0 0 1 0 6 0 2 0 0 0 0 0 0 0 0 0 0 4 0 0 0 0 0 0 2 0 2 0 0 0 0 0 0 0 1 6 11 0 0 0 0 0 45 33 29 0 12 0 11 1 0 0 1 18 0 21 0 0 0 9 11 40 0 19 0 14 1 27 10 0 0 19 14 0 0 0 0 19 11 1 0 14 18 0 0 0 0 0 0 0 0 4 2 0 0 0 0 0 2 0 0 0 0 0 0 0 0 0 0 0 1 0 0 6 0 0 3 18 1 6 1 0 2 0 0 0 0 0 0 0 0 0 0 0 0 0 0 0 0 0 20 0 0 0 12 0 0 0 0 
 0 0 0 0 23 23 0 0 0 1 2 111 0 0 0 0 3 0 0 0 265 281 110 206 47 28 0 254 382 48 97 31 86 236 72 123 84 34 143 110 0 0 0 0 0 0 0 3 0 2 3 0 0 0 2 0 0 2 0 0 3 0 0 0 0 2 0 0 2 0 41 0 2 0 0 1 0 2 0 1 0 0 4 0 13 0 1 1 0 0 0 1 0 0 0 18 0 11 0 0 1 1 0 0 10 0 11 1 23 22 0 20 16 34 37 10 64 25 0 19 0 0 0 0 0 0 0 0 0 0 0 0 0 0 0 0 0 0 21 0 0 0 0 0 0 0 0 12 0 0 0 0 0 0 2 0 2 1 0 0 0 0 9 0 20 15 0 0 0 0 0 0 0 0 0 0 11 0 0 0 44 31 29 10 12 20 14 28 52 37 29 18 29 15 9 43 12 26 1 10 0 0 0 0 0 0 0 11 6 0 0 0 0 0 10 0 0 0 0 0 0 0 0 0 0 0 0 0 0 0 0 0 0 0 2 0 0 2 0 0 0 11 0 0 0 0 76 0 0 0 0 0 0 0 12 2 2 0 0 0 4 0 0 0 0 0 36 0 0 0 0 0 0 0 0 0 0 0 0 0 0 0 0 0 0 1 0 0 0 0 
 0 0 0 0 0 95 1 0 2 74 0 39 1 0 0 0 0 0 0 0 213 171 112 211 297 28 254 0 74 108 44 112 106 225 127 41 267 26 128 102 2 0 205 0 0 0 56 2 0 2 3 0 0 0 2 0 0 68 0 0 8 0 0 0 0 2 0 0 2 0 8 0 2 0 0 1 47 2 0 0 0 0 0 18 90 0 0 0 0 0 0 26 0 0 0 0 0 0 0 0 0 0 0 0 1 0 0 21 29 48 0 16 0 37 29 32 57 24 19 0 0 0 0 0 0 0 0 0 2 0 0 0 0 0 0 0 0 0 20 0 0 0 0 0 0 0 1 0 0 0 0 0 0 0 0 0 6 0 0 0 0 0 0 0 12 0 0 0 0 0 0 0 0 0 0 7 0 0 0 0 36 54 30 0 9 23 22 14 21 10 1 20 41 19 33 26 32 73 0 15 0 2 0 0 0 0 0 0 0 0 0 0 9 0 0 0 2 0 0 0 0 0 0 0 0 0 0 0 0 0 0 0 0 0 0 0 0 0 0 0 0 0 0 0 0 0 31 0 0 0 0 0 0 0 5 0 2 0 0 0 2 2 0 0 0 0 6 0 0 0 0 0 0 0 0 0 0 0 0 0 0 0 0 0 2 0 0 0 0 0 
 3 2 5 6 2 3 2 3 3 3 2 2 3 3 3 4 4 2 0 3 39 180 232 309 159 132 382 74 0 560 61 101 186 111 243 201 366 108 90 252 2 1 70 0 0 0 0 3 3 3 3 2 31 0 2 0 0 2 60 0 3 3 2 0 0 2 2 1 2 0 0 0 2 0 0 1 1 2 0 5 0 0 0 0 45 0 0 0 0 0 0 0 0 0 0 0 0 0 0 0 10 13 0 47 1 19 0 6 10 25 21 7 0 0 0 0 0 13 0 12 0 0 0 0 0 0 12 24 0 0 0 0 34 29 0 0 0 0 0 22 0 0 0 0 0 0 0 0 0 0 0 0 0 0 4 0 0 0 0 5 0 0 0 0 0 2 0 2 0 0 0 0 0 0 0 0 8 5 0 0 0 0 0 19 0 0 0 0 8 63 14 41 0 0 0 24 29 25 21 0 10 0 0 0 0 0 20 0 0 0 0 0 23 0 0 0 0 0 13 1 1 0 0 0 0 0 0 0 0 0 0 0 0 2 0 0 0 0 0 2 0 0 13 0 0 0 0 0 0 0 0 0 0 0 6 0 1 1 77 0 9 0 0 0 0 0 0 0 0 0 0 0 1 0 0 0 0 0 0 19 0 13 0 0 0 0 11 0 0 0 
 2 0 0 0 0 74 5 0 1 0 0 0 0 0 0 0 6 0 0 1 116 95 176 448 122 63 48 108 560 0 326 125 68 238 199 185 65 102 207 171 63 1 0 0 5 0 66 2 0 4 3 0 26 0 2 0 0 2 0 0 3 0 0 0 49 2 0 0 2 0 0 0 2 0 0 1 0 5 0 1 0 0 0 0 0 0 0 0 0 0 0 0 0 0 0 1 0 0 0 0 6 13 21 21 28 2 1 2 23 0 17 19 0 16 0 14 11 0 7 19 0 1 0 0 0 0 26 20 0 0 0 0 14 0 0 0 0 2 0 8 0 0 0 0 1 4 0 0 0 0 0 0 0 0 0 0 0 0 0 0 0 0 0 0 0 3 2 0 0 2 2 1 0 0 0 0 6 6 0 0 0 21 12 25 32 21 0 2 1 12 15 0 5 2 25 24 10 0 17 0 32 0 23 0 0 0 7 0 0 0 0 0 32 1 12 0 0 0 29 17 0 0 1 0 0 0 0 0 0 0 0 0 0 0 0 0 0 0 0 0 0 0 0 0 0 0 0 0 0 0 0 0 0 0 7 0 4 9 95 4 7 19 0 0 0 0 1 0 2 0 0 0 0 0 0 0 0 0 0 0 0 0 0 0 0 15 0 0 0 0 
 0 4 0 0 0 0 0 0 0 0 0 0 3 0 0 0 0 0 79 0 107 108 78 265 81 74 97 44 61 326 0 439 225 48 392 136 228 256 168 73 67 62 1 0 0 0 57 3 0 3 3 1 0 0 2 0 0 3 58 0 3 0 0 0 1 52 0 0 2 0 0 0 2 0 0 0 0 1 0 0 0 0 0 0 1 0 0 0 0 0 0 0 0 0 0 0 0 0 0 0 21 28 38 41 33 0 9 0 11 26 0 1 0 12 11 9 0 2 0 0 0 8 0 0 0 0 0 0 17 0 0 0 12 18 1 7 0 0 42 0 0 0 0 0 0 6 0 0 2 0 0 0 1 0 0 0 0 0 4 2 4 0 0 0 0 0 0 0 0 1 0 0 0 0 0 0 0 0 0 0 0 0 17 17 0 0 9 13 6 41 15 15 0 0 18 0 70 31 0 0 10 13 20 0 0 1 16 0 0 0 0 0 0 16 12 0 0 0 1 18 0 0 0 0 0 0 0 21 0 0 0 0 0 0 13 0 0 0 0 0 0 0 0 0 0 0 0 0 0 0 0 0 0 0 9 0 3 1 1 3 0 0 0 0 0 0 0 0 0 0 0 0 0 0 0 0 0 0 0 19 0 19 0 0 0 0 14 0 0 0 
 0 206 0 0 0 2 5 0 0 0 0 0 0 1 0 2 2 0 0 0 244 107 79 370 286 204 31 112 101 125 439 0 26 25 121 325 76 441 47 32 2 23 0 0 4 0 63 2 0 3 3 0 63 0 27 0 0 0 0 0 3 0 0 0 1 2 0 0 2 0 0 0 2 0 28 0 0 2 0 2 0 0 0 3 0 0 1 0 0 0 0 0 0 0 0 0 0 0 0 0 0 0 0 0 43 21 0 0 0 14 0 13 0 42 0 17 9 18 0 0 11 28 5 0 0 0 0 73 12 2 0 0 0 16 0 47 0 0 38 19 0 0 0 0 0 4 0 0 0 0 19 0 0 0 23 0 0 1 4 0 0 0 0 0 0 0 0 0 0 0 0 26 0 0 0 0 0 0 0 0 0 29 0 22 45 38 0 32 0 0 13 0 0 0 19 5 11 0 0 0 14 28 0 14 0 0 17 0 0 0 0 0 32 15 17 0 0 0 84 29 0 0 0 0 0 0 0 6 0 0 0 0 0 0 2 0 0 2 0 0 0 0 0 0 0 0 0 0 0 0 0 0 0 0 0 4 0 80 3 2 0 0 0 0 0 0 11 0 0 0 0 0 0 0 0 0 0 0 0 0 0 27 0 0 0 0 0 0 0 0 
 0 77 3 75 97 0 0 0 0 2 36 27 3 0 0 4 6 0 0 0 253 127 78 171 99 293 86 106 186 68 225 26 0 112 43 40 160 230 226 146 0 4 1 0 0 3 1 4 0 66 3 0 2 0 72 0 0 1 0 0 3 0 0 0 42 2 0 0 2 1 0 3 3 0 0 2 2 4 0 6 0 12 0 0 12 49 0 0 13 0 0 8 0 0 0 0 0 0 0 0 46 23 27 11 0 0 19 41 0 22 0 11 6 16 0 11 0 1 9 10 0 0 0 0 0 0 0 0 0 0 0 0 13 0 0 0 0 0 17 0 0 0 0 0 0 0 0 0 4 0 0 0 1 0 0 0 0 0 0 2 0 0 0 13 11 0 0 0 0 13 7 0 0 0 0 0 0 21 0 0 20 10 0 0 0 0 31 29 6 12 0 0 13 21 13 0 0 13 4 10 0 0 0 0 0 1 0 0 0 0 0 0 0 0 0 0 0 0 0 0 0 0 0 0 0 0 0 0 0 0 0 0 0 0 0 10 0 0 0 0 0 0 0 0 0 0 0 0 0 0 0 0 0 12 3 0 2 0 0 0 80 0 0 0 0 0 0 0 0 0 0 0 0 0 0 0 0 0 0 0 0 0 0 0 0 0 8 0 0 0 
 0 0 0 0 24 2 2 0 0 1 2 35 2 0 0 0 0 0 0 0 102 128 335 72 42 119 236 225 111 238 48 25 112 0 250 91 118 22 102 157 2 2 0 0 2 1 2 4 0 2 3 0 0 0 3 0 3 1 0 1 3 0 0 0 0 2 0 0 2 0 0 0 4 0 0 0 2 6 0 0 0 0 0 0 13 0 0 0 0 0 0 1 0 0 0 24 0 12 0 0 17 8 0 7 11 0 2 1 21 9 29 67 16 18 23 14 50 13 14 20 0 0 0 0 0 0 0 0 0 0 0 0 0 0 0 0 0 0 18 0 0 2 0 0 0 0 0 0 0 0 0 0 0 1 0 0 0 0 0 0 0 0 10 0 0 24 0 0 0 0 2 0 0 0 0 0 13 0 0 0 0 21 25 9 56 12 0 24 3 0 3 34 17 36 34 36 9 10 15 21 0 0 0 0 0 0 0 0 0 0 0 0 16 0 0 0 0 0 22 0 0 0 0 0 0 0 0 17 0 0 2 1 0 0 0 0 0 0 0 0 0 13 0 0 0 0 0 0 0 0 0 0 0 0 2 1 1 77 0 0 1 17 0 0 0 0 11 0 0 0 0 2 0 0 0 0 0 1 0 0 0 0 0 0 0 13 0 0 0 0 
 0 1 0 0 0 36 4 0 0 0 0 75 0 2 0 0 3 0 0 3 154 133 164 360 80 68 72 127 243 199 392 121 43 250 0 302 56 41 72 75 0 0 2 0 0 2 5 4 0 5 3 0 2 0 2 0 0 1 65 0 3 0 0 0 1 2 0 0 4 0 0 0 2 0 0 0 2 2 0 0 0 9 0 0 1 0 0 0 0 0 0 0 0 0 0 0 0 0 0 0 0 0 0 71 13 0 10 14 26 16 29 48 0 4 44 20 37 9 1 0 0 2 0 0 0 0 1 0 0 0 0 0 12 0 0 0 0 0 0 14 0 0 0 0 0 0 0 0 0 0 0 1 0 0 0 0 3 0 0 0 0 0 0 0 13 0 0 0 0 0 0 0 0 0 0 0 4 40 0 0 4 0 29 45 41 3 19 0 10 44 30 34 18 0 22 15 47 34 0 0 0 0 0 0 0 0 0 0 0 0 1 0 43 0 0 0 0 0 29 1 0 0 0 0 1 30 0 0 0 0 0 0 0 0 0 0 0 0 0 0 0 0 15 0 0 0 74 0 0 0 0 0 0 0 6 0 2 5 6 2 1 0 0 0 0 0 5 0 0 0 0 0 0 7 0 0 1 0 0 29 0 0 0 0 0 0 0 0 0 0 
 0 0 0 74 0 0 0 0 0 0 77 0 3 0 0 0 0 0 0 3 70 222 322 104 85 117 123 41 201 185 136 325 40 91 302 0 210 83 123 60 1 0 2 0 66 2 1 5 0 4 3 0 25 0 2 0 0 1 0 0 4 0 2 0 1 4 0 2 4 1 0 0 4 1 2 1 3 3 0 7 0 0 24 0 2 0 0 0 0 0 2 0 0 0 0 0 0 0 0 0 16 21 0 0 0 0 0 27 2 22 8 12 0 3 8 1 0 10 9 18 0 0 0 0 0 0 0 9 0 0 0 0 0 19 0 0 0 0 0 0 0 0 0 0 0 0 0 0 0 0 0 0 0 0 7 0 0 0 0 5 0 0 0 0 0 6 3 0 0 0 0 0 5 0 0 0 0 0 0 0 37 20 0 0 0 0 0 11 37 0 17 1 0 11 0 26 0 0 12 0 0 0 0 0 0 0 15 0 0 0 0 0 16 0 0 0 0 0 0 0 0 0 0 0 0 0 0 0 0 0 0 0 0 0 0 0 0 0 0 0 0 0 0 0 0 0 0 0 0 0 0 0 0 0 1 1 2 0 0 1 1 0 0 0 0 0 0 0 0 0 0 0 0 0 0 0 0 0 0 0 0 18 0 0 0 11 0 0 0 0 
 0 0 0 0 0 0 0 0 0 0 0 4 0 1 0 0 3 0 0 0 26 130 166 137 34 41 84 267 366 65 228 76 160 118 56 210 0 67 252 116 1 0 0 0 2 0 1 6 0 67 3 0 0 0 24 0 0 7 67 0 3 2 0 0 0 2 2 0 2 0 0 0 3 0 0 1 1 3 0 5 0 0 0 0 9 0 0 0 0 0 0 0 0 0 0 0 0 0 0 0 15 84 21 10 14 0 17 63 13 16 0 86 0 1 12 1 27 8 0 29 0 2 0 0 0 0 0 0 0 0 0 0 19 0 0 0 0 0 4 0 0 0 0 0 0 0 0 0 0 0 0 1 0 0 0 1 0 0 0 0 0 0 0 0 0 0 7 0 0 0 0 0 6 0 0 12 1 0 0 0 37 29 0 13 13 0 3 33 48 9 67 52 0 0 1 12 11 19 1 0 0 0 0 0 0 0 1 0 28 0 0 0 13 0 0 0 0 0 0 1 0 0 0 0 1 0 0 0 0 0 0 0 0 0 0 0 0 0 0 0 0 0 0 0 0 0 0 0 0 0 0 0 0 0 14 0 2 1 0 1 0 13 0 0 0 0 0 0 0 0 0 0 0 0 0 0 1 0 0 12 0 0 0 0 0 0 12 0 0 0 
 11 0 0 0 0 0 0 0 0 0 210 0 0 0 2 2 81 208 0 0 21 34 434 179 73 275 34 26 108 102 256 441 230 22 41 83 67 0 48 310 89 3 0 0 2 0 66 71 0 4 0 0 58 0 4 0 0 1 0 0 0 0 0 0 0 49 0 2 0 0 4 0 0 0 1 0 0 3 0 1 0 0 0 1 1 2 0 8 2 0 0 0 0 0 0 0 0 0 0 0 0 0 0 36 0 1 0 0 0 15 1 0 0 0 0 0 0 0 0 0 14 2 0 1 0 0 17 45 0 0 2 0 34 12 0 0 0 0 0 10 0 0 0 0 5 1 0 0 0 0 0 0 0 5 6 0 0 0 1 5 0 0 0 0 0 0 0 0 0 0 0 0 0 0 0 0 8 7 0 0 0 0 1 17 0 0 0 0 0 16 26 10 0 0 0 27 0 15 0 0 38 10 21 0 0 10 10 0 0 0 0 0 37 0 14 0 0 0 21 34 0 0 0 0 0 0 0 0 0 0 0 0 0 0 0 0 0 0 0 0 0 0 2 0 0 0 0 0 0 2 0 0 0 0 0 0 2 87 73 3 3 3 0 0 0 0 0 0 0 0 0 0 0 0 0 0 0 8 0 0 0 37 0 0 0 0 0 0 0 0 
 0 0 73 130 0 2 0 0 136 85 104 147 0 0 0 0 2 142 0 0 413 123 198 67 261 40 143 128 90 207 168 47 226 102 72 123 252 48 0 93 0 0 0 0 1 0 1 4 0 2 3 0 3 3 2 0 0 1 0 0 3 0 0 0 0 2 0 0 2 0 0 0 3 0 0 1 2 4 2 1 0 0 12 6 33 0 0 0 7 8 6 9 0 0 0 13 0 1 2 0 77 21 0 1 0 0 0 15 19 27 10 17 40 12 9 13 12 0 37 8 0 0 0 0 1 0 2 0 0 0 0 0 0 0 0 0 0 0 0 0 0 0 0 0 0 2 0 0 0 0 0 0 0 0 0 0 4 0 0 0 0 2 7 0 22 62 2 0 0 12 0 13 12 0 0 10 26 0 0 0 0 8 0 0 0 0 26 23 0 12 1 0 0 1 0 14 0 0 27 9 0 0 0 0 0 0 0 0 0 0 14 0 0 0 0 0 0 0 2 0 2 0 0 0 0 0 0 0 0 0 0 0 0 0 0 0 0 0 0 0 0 24 0 0 0 0 74 0 0 0 0 0 0 0 4 0 0 0 0 0 3 0 0 0 0 0 0 0 0 0 0 0 0 0 0 3 0 0 0 0 0 0 0 0 0 54 0 0 0 0 
 3 3 3 5 3 120 3 3 3 3 4 3 3 3 3 3 0 3 0 3 103 139 50 143 53 37 110 102 252 171 73 32 146 157 75 60 116 310 93 0 2 0 0 0 0 0 1 2 0 9 4 0 0 0 2 0 0 15 0 0 3 0 0 0 0 2 0 0 2 0 0 0 3 0 0 1 0 4 0 0 0 0 0 0 0 18 0 0 0 0 0 0 0 0 0 0 0 0 0 0 10 42 2 32 2 0 1 0 67 21 0 7 0 16 27 19 28 14 0 12 0 0 0 0 0 0 0 0 0 0 0 0 0 0 0 1 0 0 2 0 0 1 0 0 0 0 0 0 0 0 0 0 1 1 0 0 0 0 1 0 0 0 0 0 0 0 0 0 0 0 0 21 0 0 0 0 0 0 0 0 24 47 45 0 22 19 0 1 48 17 1 34 15 28 15 1 10 30 0 14 0 0 0 0 0 0 0 0 0 0 0 0 2 0 0 0 0 0 1 0 0 0 0 0 0 0 0 2 0 0 1 2 0 0 0 0 0 0 8 0 0 0 0 0 0 0 0 0 88 0 9 0 0 0 3 0 4 76 0 0 2 9 0 0 0 0 0 0 0 0 0 0 0 0 0 0 5 0 0 0 0 0 0 2 0 0 14 0 0 0 
 1 2 2 2 0 0 5 0 2 0 0 2 0 0 2 2 5 58 1 0 0 1 2 63 100 66 0 2 2 63 67 2 0 2 0 1 1 89 0 2 0 130 93 57 36 37 199 126 51 21 71 34 282 153 334 43 37 310 41 28 13 0 0 0 0 0 0 0 1 0 2 0 1 0 12 0 2 0 0 0 0 0 0 0 0 0 0 0 0 0 0 0 0 0 0 0 0 0 0 0 0 0 0 29 10 0 0 0 0 5 1 0 0 0 0 0 0 6 18 0 0 1 11 0 0 0 21 22 16 5 0 11 0 0 1 31 0 0 0 0 0 0 0 0 0 0 10 0 0 0 0 0 0 0 0 0 0 0 0 0 0 0 0 0 0 0 0 0 0 0 0 0 0 0 0 0 0 0 0 0 0 0 0 13 0 0 0 0 0 11 1 0 0 0 0 0 0 0 0 0 32 12 6 8 0 0 19 0 0 0 6 0 0 29 12 14 11 37 0 32 0 0 0 0 0 0 0 0 0 0 0 0 0 0 0 0 0 0 0 0 0 0 0 0 0 0 2 0 0 0 0 19 0 0 0 0 0 63 63 0 6 0 0 0 2 2 0 0 2 0 0 0 0 0 0 0 0 0 0 0 0 0 0 0 0 0 0 0 0 0 
 1 2 1 0 5 1 63 1 0 1 3 2 0 1 1 65 0 3 1 0 0 0 1 0 1 63 0 0 1 1 62 23 4 2 0 0 0 3 0 0 130 0 404 67 42 37 375 115 162 162 35 254 82 47 124 46 209 314 57 80 10 0 0 0 1 0 0 0 5 0 0 1 2 0 1 0 5 1 0 0 0 2 0 0 0 0 0 10 10 0 0 0 11 0 0 0 0 0 0 9 0 0 0 0 21 13 0 0 0 0 0 0 0 15 0 0 0 0 0 0 7 26 15 0 0 0 0 20 21 5 3 33 0 20 2 7 5 19 20 19 11 0 0 0 0 0 0 15 0 12 0 0 7 0 7 0 0 3 13 10 0 0 0 10 0 0 9 0 0 0 0 18 0 11 0 9 0 0 10 0 0 0 0 0 0 0 0 0 0 0 0 0 0 0 0 0 0 0 0 0 24 17 6 19 39 7 1 7 28 0 3 0 0 32 18 36 26 7 0 40 0 0 0 0 0 0 0 0 0 0 0 4 13 0 0 0 0 0 10 11 0 0 0 0 0 0 0 0 0 0 0 5 0 0 0 0 0 0 1 0 1 0 0 0 5 0 2 0 2 0 0 0 0 0 0 0 0 6 0 0 0 0 3 0 0 24 0 7 0 0 
 3 4 2 3 2 2 2 3 3 2 4 2 5 2 2 7 1 2 0 3 0 0 2 0 211 62 0 205 70 0 1 0 1 0 2 2 0 0 0 0 93 404 0 356 64 41 62 154 93 199 247 332 86 63 73 138 153 340 125 298 70 0 0 0 1 0 0 0 5 0 1 0 0 0 0 0 6 0 57 0 0 0 0 0 0 0 0 0 0 0 0 0 0 0 0 0 0 0 0 0 0 0 0 0 0 13 0 0 0 0 0 0 0 0 0 0 0 0 0 0 0 19 19 18 2 5 0 33 5 24 0 83 0 1 19 0 4 9 1 11 0 0 0 4 0 0 0 9 0 9 0 0 20 0 19 0 21 0 16 25 0 0 0 0 0 0 0 0 0 5 0 5 0 0 0 0 0 0 0 0 0 0 0 0 0 0 0 0 0 1 0 0 0 0 1 0 0 0 0 0 0 0 1 80 40 14 0 0 27 31 19 10 0 7 0 10 4 24 0 16 0 0 0 0 0 0 0 0 0 0 0 13 20 0 0 0 0 0 22 9 0 0 0 0 0 0 0 0 0 0 0 4 0 1 0 0 0 0 0 2 0 0 0 0 65 2 0 0 2 0 0 0 0 0 0 0 0 0 0 0 0 4 1 0 19 14 0 20 2 0 
 0 0 7 7 0 0 2 0 2 19 2 0 0 0 0 20 14 2 0 2 0 0 3 0 0 0 0 0 0 0 0 0 0 0 0 0 0 0 0 0 57 67 356 0 198 150 137 84 448 298 142 195 142 133 89 82 38 97 88 145 64 53 0 0 2 0 7 0 0 0 0 0 1 0 2 0 4 8 0 1 10 0 0 8 0 4 0 0 51 3 6 15 0 0 0 0 0 0 0 0 0 0 0 0 0 0 0 0 0 0 0 0 0 0 0 0 0 0 3 0 0 0 15 11 22 33 0 0 4 0 31 0 12 0 17 0 22 0 0 0 1 19 1 0 0 0 11 10 9 15 20 0 16 6 0 0 20 0 9 18 0 0 0 8 6 0 11 0 0 2 1 21 0 0 0 3 0 0 0 0 0 0 0 0 0 0 0 0 0 0 0 0 12 0 0 0 0 0 3 0 0 0 0 0 10 15 0 21 0 0 29 5 0 13 17 14 0 19 0 0 20 4 9 0 0 0 0 19 0 0 0 0 43 0 17 2 0 0 17 30 0 0 0 0 0 0 0 0 0 0 0 4 0 0 0 0 0 0 0 21 0 26 0 0 0 0 0 64 0 0 23 0 0 0 0 0 0 0 0 0 0 0 0 0 0 0 0 0 2 0 
 2 2 5 2 2 2 2 2 65 2 2 2 64 2 2 2 0 2 0 2 0 1 1 0 0 0 0 0 0 5 0 4 0 2 0 66 2 2 1 0 36 42 64 198 0 126 250 59 65 63 86 137 63 48 70 364 279 77 88 144 63 53 0 0 1 0 6 0 55 0 0 0 2 89 0 51 52 0 18 32 0 0 0 0 0 0 0 0 0 0 0 0 0 0 0 0 0 8 0 0 0 0 0 0 1 0 0 0 0 0 1 0 0 0 0 0 0 1 0 0 0 0 0 0 28 18 8 4 0 0 9 0 0 0 0 0 14 0 0 0 0 34 19 5 0 0 10 0 23 4 0 32 35 12 0 0 29 0 0 0 0 0 0 0 0 0 0 0 0 0 3 0 0 0 11 0 0 0 0 0 0 0 0 0 1 2 0 0 0 0 4 0 0 0 0 0 0 0 0 0 3 10 6 0 0 2 0 0 0 12 0 0 0 9 0 0 0 0 8 10 0 19 23 9 0 0 20 20 0 20 11 11 1 11 26 32 6 0 21 26 0 0 0 0 0 0 0 0 0 0 0 6 0 0 0 0 0 0 0 3 0 0 4 0 0 2 0 45 2 0 0 0 0 0 0 0 0 0 0 0 0 4 0 0 0 0 0 0 0 0 
 0 2 0 33 0 0 0 0 0 0 0 3 2 0 0 0 2 0 0 0 0 0 0 0 0 0 0 0 0 0 0 0 3 1 2 2 0 0 0 0 37 37 41 150 126 0 36 27 172 116 367 348 49 57 141 326 111 175 54 71 2 2 12 0 0 0 6 0 0 0 0 4 2 208 1 54 59 0 98 22 0 0 0 0 0 0 0 0 0 0 0 0 0 0 0 0 0 0 0 0 0 0 0 0 0 0 0 0 2 7 0 0 0 0 0 0 0 0 0 0 0 1 17 9 29 54 0 2 0 19 12 0 0 0 0 0 14 13 0 0 0 0 0 13 0 0 0 5 14 0 13 15 16 15 0 0 0 0 6 0 0 0 0 0 0 0 0 0 0 0 0 0 0 0 0 0 0 0 0 0 0 0 0 0 0 0 0 0 0 3 0 0 0 0 0 0 0 0 0 0 0 0 0 9 17 19 0 9 0 21 12 11 7 0 0 8 0 1 0 0 13 44 24 8 0 10 23 40 0 0 14 18 6 14 14 0 0 0 32 18 0 0 0 0 0 0 0 0 0 0 0 5 0 0 0 0 1 0 0 0 0 0 25 64 1 13 1 37 1 0 12 0 0 0 0 0 0 0 0 0 0 0 0 0 0 0 0 0 0 0 
 3 3 33 3 3 3 3 3 66 3 3 6 3 3 3 25 2 3 0 3 1 0 34 1 129 8 0 56 0 66 57 63 1 2 5 1 1 66 1 1 199 375 62 137 250 36 0 112 71 22 315 47 247 111 85 66 34 75 61 262 0 0 1 0 1 0 1 0 0 0 0 0 2 2 1 1 0 2 50 0 0 0 0 0 0 0 0 0 0 0 0 0 0 0 0 0 0 0 0 0 0 0 0 38 6 24 0 0 0 0 14 0 0 0 0 0 0 8 0 0 0 7 0 9 0 8 1 0 32 0 10 0 42 25 30 27 14 0 11 5 1 0 0 0 6 0 0 0 0 0 0 0 0 0 0 0 0 0 0 2 0 0 0 0 0 0 0 0 0 0 0 0 0 0 0 0 0 0 0 0 0 0 0 11 0 10 0 0 0 0 19 12 0 0 0 0 27 0 0 0 11 9 62 0 0 10 1 11 1 0 13 0 0 29 54 13 0 0 0 5 0 0 0 0 0 0 0 0 0 0 0 0 0 0 0 0 0 0 0 0 0 0 0 0 0 0 0 0 0 0 0 18 0 0 0 0 0 73 17 0 0 0 4 0 0 5 0 0 0 0 0 0 0 0 0 0 0 0 0 0 0 0 0 0 0 0 0 0 1 8 
 3 3 5 4 12 5 4 5 3 4 5 4 4 3 5 3 3 4 30 3 4 3 3 4 3 2 3 2 3 2 3 2 4 4 4 5 6 71 4 2 126 115 154 84 59 27 112 0 226 26 330 36 129 189 215 109 32 144 207 97 0 0 55 0 0 2 2 0 0 0 0 0 2 0 2 0 2 0 1 0 0 0 0 0 0 0 0 0 0 0 0 0 0 0 0 0 0 0 0 0 0 0 0 0 0 2 0 0 0 0 0 0 0 0 0 0 0 0 0 0 11 0 0 0 11 8 0 4 31 11 0 29 0 0 0 22 8 20 15 21 0 0 0 0 0 0 34 0 0 0 0 0 1 0 0 0 0 0 6 0 0 0 0 0 0 0 0 0 0 0 0 0 0 0 0 0 0 0 0 0 0 0 0 0 0 0 0 0 0 0 0 0 0 0 0 0 0 0 0 0 11 1 0 43 0 16 13 35 18 1 30 11 0 0 0 23 24 17 11 10 0 0 0 0 0 0 0 0 0 0 0 0 0 0 0 0 0 0 9 0 0 0 0 0 0 0 0 0 2 30 0 10 0 1 0 0 0 1 0 1 0 0 63 63 1 0 2 0 0 0 0 0 0 0 2 0 0 0 0 0 0 0 0 0 0 0 0 0 2 2 
 2 2 5 2 2 2 2 2 2 2 6 2 2 2 2 2 0 3 0 2 203 0 0 0 0 0 0 0 3 0 0 0 0 0 0 0 0 0 0 0 51 162 93 448 65 172 71 226 0 127 168 304 92 296 115 422 271 124 95 144 1 0 0 0 2 0 5 0 0 0 0 0 0 0 1 0 1 0 50 0 0 0 0 0 0 0 0 0 0 0 0 0 0 0 0 0 0 0 0 0 0 0 1 0 0 0 0 0 0 0 0 0 0 0 0 0 0 0 0 0 0 0 6 6 13 41 0 41 0 26 19 21 1 0 0 18 26 13 0 0 7 0 0 0 0 0 19 16 1 0 0 0 15 10 10 0 0 0 36 5 0 0 0 0 0 0 0 0 0 0 0 0 0 0 0 0 0 0 0 0 0 0 0 0 0 0 0 0 0 0 0 0 0 0 0 0 0 0 0 0 0 0 14 19 48 31 10 15 16 20 9 11 0 1 12 5 18 9 0 0 0 12 1 0 0 0 0 0 0 0 0 0 30 0 19 0 0 0 3 12 0 0 0 0 0 0 0 0 0 0 0 2 0 0 0 0 0 0 0 1 0 0 0 81 63 1 0 1 1 0 11 0 0 0 0 0 0 0 0 0 0 0 0 0 0 15 0 10 0 0 
 0 0 0 0 0 0 2 0 0 0 0 0 0 0 0 0 0 0 0 3 5 4 4 4 3 27 2 2 3 4 3 3 66 2 5 4 67 4 2 9 21 162 199 298 63 116 22 26 127 0 99 233 52 153 169 98 122 74 151 192 1 54 0 0 1 0 1 1 7 0 0 1 52 0 5 4 0 0 25 47 0 0 0 0 0 0 0 0 0 0 0 0 0 0 0 0 0 0 0 0 9 14 1 0 0 0 8 4 9 55 0 0 0 0 9 10 0 0 0 0 0 14 21 29 8 11 9 21 0 38 34 20 2 19 24 0 11 6 7 0 4 0 0 0 0 0 0 16 0 1 0 0 0 0 12 0 0 0 0 5 0 0 0 0 12 14 0 0 0 0 0 0 13 6 0 0 0 0 6 0 7 0 0 0 0 0 20 0 0 0 0 0 0 0 10 0 10 9 0 0 0 0 15 11 52 31 0 0 25 9 14 0 0 0 11 0 31 10 0 15 0 0 0 0 0 0 0 0 0 0 0 0 9 0 0 1 0 0 0 11 0 0 0 0 0 0 0 0 0 0 0 13 0 0 0 0 0 0 1 5 0 0 1 0 101 16 2 0 0 0 14 0 0 0 0 0 0 0 0 0 0 2 0 0 7 14 0 37 1 0 
 3 3 3 3 3 3 6 3 3 3 3 3 3 3 3 16 0 3 0 3 3 3 5 212 3 4 3 3 3 3 3 3 3 3 3 3 3 0 3 4 71 35 247 142 86 367 315 330 168 99 0 183 53 152 138 197 138 158 48 126 11 0 0 0 0 0 0 0 0 0 2 0 1 0 2 0 2 0 0 0 0 0 0 0 0 0 0 0 0 0 11 0 0 5 0 0 0 0 0 0 0 0 0 0 0 0 0 0 0 0 0 0 0 0 0 0 0 0 0 0 0 1 24 11 13 26 10 0 22 9 24 11 11 0 12 24 0 13 0 0 0 0 0 0 0 0 10 4 0 6 0 0 0 0 0 0 0 0 3 0 0 0 12 0 0 0 0 0 0 0 0 0 0 0 0 0 0 0 3 0 0 0 0 0 0 1 0 0 0 0 0 0 0 0 0 0 0 0 0 0 0 0 0 8 30 19 11 21 1 27 30 5 0 22 0 29 11 29 1 0 0 6 0 0 0 0 0 0 0 0 0 0 13 0 0 0 0 0 16 0 0 0 0 0 0 0 0 0 0 0 0 12 0 0 0 0 0 0 0 11 0 0 0 64 3 11 0 0 0 0 13 0 0 0 0 0 0 0 0 0 0 0 0 0 0 0 0 0 0 12 
 3 0 0 0 0 0 3 0 0 0 35 0 62 0 0 0 3 0 0 0 0 0 0 0 1 0 0 0 2 0 1 0 0 0 0 0 0 0 0 0 34 254 332 195 137 348 47 36 304 233 183 0 35 66 39 157 123 139 39 34 0 2 0 0 2 0 16 0 0 0 0 0 53 0 1 0 0 0 53 51 0 0 0 0 0 0 0 0 0 0 0 0 0 0 0 0 0 0 0 0 0 0 0 0 0 0 0 0 0 0 0 0 0 0 0 0 0 0 0 0 0 2 10 15 6 19 0 0 0 11 16 9 1 0 1 0 15 10 0 0 24 21 0 0 0 0 46 16 7 14 0 0 11 9 4 0 0 0 9 47 0 0 0 7 33 0 0 0 0 0 0 0 0 7 0 0 0 0 6 0 0 0 0 0 0 0 3 0 0 0 3 0 0 0 0 0 0 0 0 0 0 0 9 21 9 1 0 1 11 0 8 11 0 0 1 0 32 24 0 0 10 11 13 0 0 0 0 6 0 0 0 0 21 0 10 0 0 0 18 27 0 0 0 0 0 0 0 0 0 0 0 16 0 0 2 0 0 0 0 36 0 0 0 0 0 6 5 5 0 0 7 0 0 53 0 0 0 0 0 0 0 0 0 0 0 0 0 4 0 0 
 0 2 0 2 0 0 0 0 35 2 14 0 2 0 0 12 1 40 0 0 0 0 133 48 32 8 0 0 31 26 0 63 2 0 2 25 0 58 3 0 282 82 86 142 63 49 247 129 92 52 53 35 0 106 32 103 22 42 183 112 0 4 0 0 66 0 0 0 0 0 0 0 1 0 0 0 0 2 0 50 1 0 0 0 4 0 0 0 11 9 0 0 0 0 0 2 0 3 0 0 0 0 0 0 0 13 0 0 0 16 0 0 1 0 0 0 0 0 8 0 14 8 0 11 6 8 12 9 34 2 0 29 51 19 16 10 20 0 0 78 0 0 0 0 0 0 0 0 0 0 0 0 0 0 7 0 0 0 3 5 0 0 7 0 10 1 0 0 0 22 2 7 0 0 0 8 4 0 0 0 0 0 0 6 0 0 0 0 0 0 18 4 0 0 0 19 2 0 7 0 0 11 0 34 0 1 13 20 10 0 27 15 17 11 14 8 0 0 0 0 0 0 0 0 0 0 0 0 0 0 0 0 0 0 0 0 0 0 1 0 0 3 22 0 0 0 0 0 0 0 0 11 0 1 0 0 0 29 0 2 0 0 15 0 0 1 1 0 1 0 0 0 0 0 0 0 0 0 0 0 0 18 0 0 0 0 0 0 2 0 
 0 0 0 2 0 0 0 0 6 2 45 0 0 1 0 0 1 6 0 0 5 0 0 0 0 0 0 0 0 0 0 0 0 0 0 0 0 0 3 0 153 47 63 133 48 57 111 189 296 153 152 66 106 0 215 226 90 301 132 488 6 0 2 0 0 0 0 0 0 0 0 0 2 0 0 14 1 1 0 0 0 0 0 0 6 0 0 11 6 17 1 11 0 0 0 1 0 27 0 0 0 0 0 0 0 0 0 0 0 0 0 0 1 0 0 0 0 0 21 0 0 0 0 0 13 18 0 0 80 0 7 5 0 0 0 10 26 36 11 24 10 0 0 0 0 0 7 0 0 0 0 0 3 0 0 0 0 0 10 0 0 0 7 0 6 1 1 0 0 5 0 3 0 0 0 5 3 0 0 0 0 0 0 0 0 0 0 0 0 0 0 8 0 0 0 0 0 0 3 0 0 11 8 11 14 28 11 49 15 20 11 1 0 18 8 15 16 37 13 10 0 0 0 0 0 0 0 0 0 0 0 16 3 0 1 0 0 0 27 0 0 3 0 0 0 0 0 0 0 28 0 2 0 1 0 0 0 0 0 2 0 0 4 65 1 11 2 0 0 0 0 0 0 0 0 0 0 0 0 0 0 0 0 0 0 0 0 0 2 0 
 3 3 6 3 3 3 8 3 3 3 3 3 3 3 3 75 6 3 0 3 2 2 2 2 2 67 2 2 2 2 2 27 72 3 2 2 24 4 2 2 334 124 73 89 70 141 85 215 115 169 138 39 32 215 0 78 29 45 104 158 5 0 0 0 2 0 0 0 0 0 0 0 53 2 0 0 1 0 0 51 0 0 0 0 0 0 0 0 0 0 0 0 0 0 0 0 0 0 0 0 0 0 0 0 0 13 0 0 0 0 0 0 0 0 0 0 0 0 0 0 25 19 27 0 0 0 0 21 14 0 0 10 0 3 0 10 8 4 10 20 0 0 0 0 0 0 10 0 0 0 0 0 0 0 0 0 0 0 11 0 0 0 0 0 7 0 0 0 0 0 0 0 0 0 0 0 0 0 3 0 0 0 0 0 0 18 0 0 0 0 0 0 0 0 0 8 0 0 0 0 0 55 1 8 12 0 21 18 0 53 7 0 0 16 0 10 21 25 24 12 0 0 0 0 0 0 0 0 0 0 0 0 32 0 0 0 0 0 0 0 0 0 0 0 0 0 0 0 0 0 0 11 0 0 0 0 0 63 0 0 0 0 7 4 0 25 2 0 0 0 0 0 0 0 0 0 0 0 0 0 0 0 0 0 0 13 0 0 0 9 
 3 3 3 3 3 3 3 3 3 3 3 3 3 3 3 25 0 12 0 3 0 0 0 0 40 24 0 0 0 0 0 0 0 0 0 0 0 0 0 0 43 46 138 82 364 326 66 109 422 98 197 157 103 226 78 0 60 68 51 236 0 1 0 0 2 0 19 0 0 0 2 3 1 1 2 3 0 0 77 0 0 0 11 0 0 0 0 0 0 0 0 0 0 0 11 0 0 0 0 0 0 0 0 0 0 13 0 0 0 0 0 0 0 0 0 0 0 0 0 0 3 13 15 22 46 27 10 11 6 28 58 33 8 0 17 6 18 7 0 0 0 0 0 0 0 0 1 12 0 0 0 0 13 21 0 0 0 0 18 0 0 0 0 0 0 0 0 0 0 0 0 0 0 0 0 0 0 0 0 0 0 4 0 0 0 1 0 0 0 0 0 0 0 0 0 0 0 0 0 0 0 0 5 34 11 59 0 36 10 41 40 1 0 35 14 37 7 0 0 0 0 0 18 0 0 0 0 9 0 0 0 3 35 4 6 0 0 0 46 18 0 0 0 0 0 0 0 0 0 0 0 0 0 2 0 0 0 1 0 2 0 0 0 10 0 2 0 65 1 0 13 0 0 0 0 0 0 0 0 0 0 0 0 0 6 0 0 0 0 0 
 0 0 0 0 0 0 2 0 0 0 0 1 61 0 0 0 0 0 0 3 3 0 3 0 0 25 0 0 0 0 0 0 0 3 0 0 0 0 0 0 37 209 153 38 279 111 34 32 271 122 138 123 22 90 29 60 0 89 99 182 52 0 0 0 2 0 0 0 8 0 0 0 49 0 0 0 0 0 0 49 0 0 0 0 0 0 0 0 0 0 0 0 0 0 0 0 0 0 0 0 0 0 0 0 0 0 0 0 0 0 0 0 0 0 0 0 0 0 0 0 0 7 0 33 1 3 17 19 3 15 0 23 0 19 10 0 0 24 0 0 0 0 0 4 0 0 2 13 0 0 0 0 11 0 14 0 1 0 24 4 0 0 0 0 4 0 0 0 0 0 0 0 0 0 0 0 0 0 3 0 0 0 0 0 0 0 0 0 0 0 0 0 0 7 0 0 0 0 0 0 0 10 6 6 46 2 0 0 24 59 0 1 0 10 0 6 57 18 0 34 0 0 0 0 0 0 9 0 0 0 0 0 16 10 0 0 0 0 27 9 0 0 0 0 0 0 0 0 0 0 0 2 0 0 0 0 0 0 0 0 0 0 3 4 69 13 2 0 0 0 0 0 0 0 0 0 0 0 0 0 0 0 1 0 25 15 0 17 0 0 
 5 5 6 5 3 8 5 3 4 6 6 5 4 6 3 3 1 5 3 4 3 2 2 1 1 58 2 68 2 2 3 0 1 1 1 1 7 1 1 15 310 314 340 97 77 175 75 144 124 74 158 139 42 301 45 68 89 0 78 170 0 0 0 0 2 0 0 0 9 0 0 0 3 0 2 0 0 0 0 0 0 0 0 0 0 0 0 0 0 0 0 0 0 0 0 0 0 0 0 0 1 1 0 0 0 0 1 2 4 1 0 0 0 0 4 2 6 0 12 0 0 9 12 26 14 20 9 35 0 27 8 0 0 17 10 0 0 23 1 0 0 0 0 0 0 1 0 48 0 2 0 0 0 0 0 0 7 0 25 0 0 0 0 0 0 0 0 0 0 0 0 0 0 0 0 0 1 0 0 0 1 4 0 0 0 1 1 0 2 6 0 0 0 0 14 0 6 32 0 0 1 0 1 0 49 21 0 2 22 32 38 28 0 0 0 4 0 0 0 7 9 12 0 0 0 0 0 0 0 0 0 0 29 15 0 0 0 0 3 0 0 0 1 0 0 0 0 0 0 0 0 21 0 0 0 0 0 0 0 2 0 2 1 34 0 2 2 0 5 0 38 0 0 0 0 0 0 0 0 0 0 0 0 0 0 10 0 0 1 0 
 0 0 0 0 0 0 0 0 1 0 3 0 0 0 0 0 0 0 0 0 0 0 0 63 0 62 0 0 60 0 58 0 0 0 65 0 67 0 0 0 41 57 125 88 88 54 61 207 95 151 48 39 183 132 104 51 99 78 0 304 6 0 0 0 2 0 0 64 5 0 0 0 0 0 0 0 11 0 0 4 0 0 0 0 0 0 0 0 0 0 0 0 0 0 0 0 0 0 0 0 0 0 0 28 0 0 0 1 6 0 0 14 0 0 0 0 13 0 0 0 0 8 15 0 0 1 0 33 19 10 0 5 0 0 15 0 20 23 13 6 0 0 0 0 0 0 0 0 0 0 0 0 0 0 0 0 13 0 0 0 0 0 0 0 0 0 0 0 0 1 0 0 0 0 0 0 0 0 0 0 0 9 0 4 1 0 0 0 0 11 11 14 0 0 0 0 13 30 0 0 1 20 26 0 28 1 0 6 24 0 6 30 1 18 0 11 18 57 0 29 0 24 0 0 0 0 0 0 0 0 0 0 0 0 0 0 0 0 0 0 0 0 0 0 0 0 0 0 0 0 0 9 0 1 0 0 0 0 0 0 0 0 37 1 0 1 2 0 1 0 0 0 0 0 0 0 0 0 0 11 0 0 0 0 0 14 0 0 2 0 
 0 0 0 2 0 0 7 0 0 0 0 0 0 0 0 22 2 0 0 0 2 0 0 0 0 67 0 0 0 0 0 0 0 1 0 0 0 0 0 0 28 80 298 145 144 71 262 97 144 192 126 34 112 488 158 236 182 170 304 0 2 0 0 0 0 0 0 0 2 2 0 0 49 0 2 0 38 0 0 0 0 0 1 0 0 0 0 0 0 0 0 0 0 0 2 0 0 0 6 2 0 0 0 0 8 0 0 0 0 0 0 0 0 0 0 0 0 0 0 0 0 6 11 9 16 39 7 38 40 16 12 22 9 0 35 0 19 37 0 9 1 0 0 4 0 0 0 0 0 0 0 0 0 0 0 0 0 0 0 0 0 0 0 0 0 0 0 1 0 0 0 0 9 0 0 0 0 0 0 0 0 0 0 0 10 0 0 10 0 0 0 0 0 0 0 0 0 3 0 0 0 4 10 0 8 33 1 34 22 3 53 18 0 31 10 57 0 11 0 12 0 0 0 0 0 0 8 0 0 0 0 0 0 0 0 0 6 0 9 0 0 0 0 0 0 0 0 0 0 30 0 0 0 1 0 0 0 0 0 2 0 0 65 71 1 4 0 0 0 0 0 0 0 0 0 0 0 0 0 0 0 0 0 0 0 10 0 0 2 0 
 0 0 0 0 0 0 0 0 0 0 0 0 0 0 0 0 0 0 0 0 3 3 3 3 3 3 3 8 3 3 3 3 3 3 3 4 3 0 3 3 13 10 70 64 63 2 0 0 1 1 11 0 0 6 5 0 52 0 6 2 0 234 256 48 36 343 112 82 81 320 44 295 181 56 183 92 40 72 46 45 0 0 0 0 0 0 0 0 0 7 0 0 0 9 0 0 0 17 0 0 0 0 0 0 0 0 0 0 0 2 0 0 0 0 0 0 0 0 0 0 0 1 4 0 0 0 0 2 18 0 11 13 0 0 7 3 0 28 0 0 0 18 0 0 0 0 35 10 9 24 0 0 8 0 1 0 67 0 11 35 0 0 0 0 0 0 0 16 0 0 0 0 0 0 0 0 0 0 0 0 0 0 0 0 0 0 0 0 0 0 0 0 0 0 0 0 0 0 0 0 0 0 0 1 2 0 5 0 0 14 1 0 0 11 0 18 13 25 0 0 9 1 0 29 0 0 0 23 17 11 11 0 9 18 11 14 14 0 15 21 0 0 0 0 0 0 0 0 0 0 0 0 0 2 4 0 0 0 0 10 0 0 0 2 0 0 0 0 0 0 0 0 0 0 0 0 0 0 0 0 0 0 0 0 8 0 0 0 0 0 
