 0 185 287 357 250 33 272 145 138 240 116 242 59 282 133 239 57 104 272 87 0 0 2 2 0 0 0 0 0 0 0 0 0 3 0 0 1 0 0 0 0 0 0 0 0 0 0 0 0 0 0 3 0 0 0 0 0 0 0 0 2 0 0 3 0 1 0 0 0 0 0 0 0 0 62 0 0 2 0 0 16 0 0 0 0 0 22 7 20 8 16 0 1 41 16 36 11 37 10 0 0 0 0 0 0 0 0 0 0 0 0 0 0 0 0 0 0 0 0 0 0 2 0 0 0 41 0 0 0 0 0 0 0 0 0 0 0 0 0 0 0 0 1 0 0 0 0 0 0 0 0 0 0 0 0 7 0 0 0 0 12 27 11 18 0 10 1 0 1 30 28 15 18 14 18 11 9 28 0 14 1 0 0 0 0 0 18 0 0 0 0 0 0 0 0 0 0 0 0 0 0 0 0 2 0 0 0 0 0 0 0 0 0 1 0 0 0 12 0 0 0 0 0 0 0 0 0 0 0 0 0 0 0 0 0 0 0 0 0 1 0 0 0 0 0 0 1 0 4 0 2 2 0 0 0 0 0 0 0 0 0 0 14 0 0 0 0 0 0 0 0 0 0 0 0 5 0 0 0 0 0 0 0 0 0 0 0 0 0 0 
 185 0 107 111 45 123 237 165 50 141 125 223 178 150 361 58 416 31 61 254 0 0 2 2 0 0 0 2 0 0 0 0 1 3 0 0 0 0 0 0 0 0 0 0 0 0 0 35 0 0 0 5 18 0 0 0 0 0 0 0 2 0 0 2 0 3 0 0 0 0 0 6 1 0 0 0 0 2 0 0 0 127 17 0 1 23 29 7 8 33 9 16 0 17 0 16 0 24 0 22 0 0 0 0 0 0 22 0 0 0 0 0 28 0 0 0 0 0 29 34 10 0 0 0 0 1 2 0 0 0 0 0 0 10 0 0 0 0 0 0 0 0 0 0 0 0 0 0 0 0 0 0 1 0 0 0 0 0 2 0 1 12 16 0 0 2 9 25 25 0 16 16 16 0 0 54 0 18 0 0 0 0 0 0 0 0 18 0 0 0 0 0 0 0 0 20 0 0 2 0 0 0 0 0 0 0 0 0 0 0 0 0 0 0 0 0 0 0 0 0 0 0 0 52 0 0 0 0 0 0 2 1 0 0 0 0 0 0 0 0 0 2 0 0 0 2 0 0 130 90 7 6 9 0 0 0 0 0 0 0 0 0 2 0 0 0 0 0 0 0 0 0 0 0 0 0 30 0 0 0 0 0 0 0 0 0 0 0 0 22 
 287 107 0 237 97 43 56 174 125 207 262 146 266 152 382 156 36 241 33 126 3 0 4 5 3 0 5 0 0 0 0 0 77 3 1 3 5 2 43 0 0 0 0 0 0 0 0 62 0 0 0 3 0 0 6 0 0 0 0 3 2 0 0 3 0 10 3 6 0 55 0 98 0 0 0 0 4 2 0 2 11 11 35 45 0 1 24 12 29 11 0 7 4 13 15 9 35 1 0 17 0 0 0 0 0 0 20 0 0 0 12 0 15 0 0 1 0 0 14 0 0 1 0 0 0 0 0 0 0 0 0 0 0 0 0 0 0 0 0 0 0 0 0 0 0 0 0 0 0 0 0 0 0 0 0 1 0 0 0 0 5 1 9 1 0 8 0 13 8 20 29 13 19 38 0 19 14 24 10 0 0 0 0 0 0 0 0 0 0 0 0 0 0 10 0 0 0 0 0 5 0 0 0 0 0 0 0 0 0 7 9 0 0 2 0 0 0 0 0 0 0 0 0 0 0 0 0 0 0 0 0 0 16 0 0 0 0 16 0 2 0 9 0 0 0 4 11 0 2 1 0 15 10 0 0 0 0 0 0 0 0 0 0 0 0 0 0 0 0 0 0 0 0 0 0 37 0 8 0 0 0 0 0 0 0 0 0 0 0 0 
 357 111 237 0 308 60 183 247 163 200 100 40 151 137 75 88 108 407 107 104 74 3 3 2 3 0 4 1 3 1 0 2 77 3 77 2 1 0 0 0 3 0 5 0 71 5 2 3 0 2 0 6 0 2 0 0 0 1 2 0 3 2 0 5 2 0 1 3 0 0 0 3 0 0 0 0 0 4 0 0 66 55 32 11 1 8 0 0 47 17 9 16 0 41 16 65 17 12 0 0 0 0 0 0 0 0 0 0 0 0 0 0 19 0 13 0 0 0 15 36 0 0 0 0 0 1 1 0 0 0 0 0 0 0 0 0 0 0 0 0 0 10 0 0 0 0 0 0 0 0 0 0 1 0 0 0 0 0 2 0 0 10 25 0 1 15 0 0 10 35 40 43 18 15 0 56 13 7 0 0 0 0 0 0 0 0 5 0 0 0 0 0 1 0 0 0 0 0 2 14 0 0 0 0 0 0 0 0 0 0 0 0 0 0 0 0 0 0 0 0 0 0 0 0 0 0 0 0 0 0 2 0 0 0 0 0 0 0 0 0 0 10 0 0 0 2 9 0 88 2 9 7 0 0 0 0 0 0 0 0 0 0 0 0 0 0 0 0 0 0 0 0 0 0 0 0 9 1 0 0 0 0 0 0 0 0 0 0 0 0 
 250 45 97 308 0 122 41 52 93 102 239 214 96 84 56 95 100 50 253 61 72 0 2 2 0 0 73 150 73 66 1 0 160 72 0 93 76 0 67 151 0 0 0 0 0 0 0 0 0 0 0 3 0 0 0 0 0 0 0 0 2 0 0 5 0 2 0 0 0 0 0 4 0 0 0 0 0 2 0 0 0 0 0 38 33 3 0 0 0 14 0 0 0 0 0 0 0 0 0 0 38 2 14 0 1 0 28 0 19 29 0 0 66 26 8 7 21 0 9 11 0 0 0 0 0 0 0 0 0 0 0 0 0 0 0 0 0 0 0 0 0 0 0 0 0 0 0 0 0 0 0 0 0 0 0 0 0 0 3 0 0 0 0 23 7 14 0 12 7 5 0 0 0 0 0 0 0 13 0 0 34 0 8 12 0 0 26 11 39 1 0 20 21 36 50 0 9 11 8 22 0 0 0 0 0 0 0 0 0 0 0 0 0 0 0 0 0 0 0 0 0 0 0 0 0 0 0 0 0 0 0 0 0 0 0 0 0 0 0 0 0 0 0 0 0 3 1 3 5 3 1 8 9 0 73 0 0 0 0 0 0 2 0 0 0 0 0 0 0 0 0 0 0 0 0 39 0 0 0 0 0 0 0 0 0 0 0 0 0 0 
 33 123 43 60 122 0 19 74 54 134 78 183 34 56 59 188 255 49 44 48 222 76 27 87 2 2 151 77 1 73 3 0 153 100 75 2 24 38 127 254 0 0 2 0 0 0 0 0 3 4 0 3 0 0 3 2 0 0 0 0 2 3 3 3 0 1 0 0 0 6 0 2 2 5 0 0 3 4 0 0 0 0 0 10 36 12 0 0 0 10 16 0 0 0 0 0 0 0 0 0 23 0 17 0 0 0 12 66 26 1 24 1 20 0 40 19 6 1 31 16 0 0 0 0 0 0 0 0 2 0 0 0 0 0 2 0 16 0 0 0 0 0 0 0 0 0 0 0 0 0 0 0 0 0 0 0 20 0 4 0 0 0 0 21 26 0 0 0 0 0 0 0 0 0 0 0 0 0 0 0 49 21 7 19 23 0 10 24 28 11 8 2 9 1 34 11 6 2 22 24 0 0 0 0 0 0 0 0 0 0 0 0 0 0 0 0 0 13 0 0 0 0 0 0 0 0 0 0 0 0 0 0 0 0 0 0 2 0 0 0 0 0 0 0 0 0 2 0 0 2 1 10 4 4 0 0 0 0 0 0 0 0 0 0 0 0 0 0 2 0 0 0 0 2 0 0 18 0 0 0 0 0 0 0 0 0 0 0 0 0 
 272 237 56 183 41 19 0 144 229 58 69 24 109 147 112 121 64 210 212 124 0 0 2 2 1 0 5 0 3 3 10 0 0 5 2 2 0 6 7 0 0 0 0 0 67 0 1 6 3 0 0 3 0 0 0 3 0 0 0 0 3 0 0 3 2 0 7 0 0 0 3 0 35 0 0 0 0 3 0 0 15 0 19 0 10 0 16 0 29 0 34 10 1 25 0 67 6 27 21 0 0 0 0 0 0 0 0 0 0 0 0 0 0 0 0 0 0 0 2 0 0 0 0 0 0 15 0 0 0 0 0 0 0 1 0 0 0 0 0 0 0 0 0 0 0 1 0 0 0 0 0 0 0 0 0 0 0 0 0 0 9 15 16 9 0 27 12 1 0 15 36 42 13 30 21 1 0 12 0 15 0 0 0 0 0 0 0 0 1 0 0 0 0 0 0 0 0 0 0 0 0 0 0 1 0 0 36 0 0 0 0 0 0 0 0 0 0 0 0 0 18 0 2 0 0 0 0 0 0 0 0 0 1 0 0 12 0 0 2 0 0 9 0 0 13 0 5 0 0 0 0 4 0 0 0 0 0 0 0 0 2 0 14 0 0 0 0 0 0 1 0 0 0 0 0 0 0 0 0 0 0 0 0 0 0 0 0 0 0 0 
 145 165 174 247 52 74 144 0 414 29 41 121 236 188 318 218 23 345 142 74 0 0 5 3 0 0 2 0 0 0 0 0 1 3 1 76 0 0 0 0 0 0 1 0 0 9 0 0 0 1 0 4 0 0 0 0 1 1 0 0 2 0 0 2 0 3 0 0 0 0 0 3 0 0 0 0 0 2 8 2 16 25 31 0 0 0 21 11 25 0 0 0 47 14 34 23 29 39 0 19 0 18 0 12 0 16 0 1 1 0 0 0 0 0 0 0 0 0 16 0 0 0 0 0 0 0 0 0 0 0 0 0 0 0 1 0 0 0 0 0 0 0 0 0 0 0 0 0 0 0 0 0 0 0 0 0 0 0 3 0 0 22 11 0 0 28 0 0 0 40 14 15 42 46 0 12 67 2 10 0 2 0 0 0 0 0 0 0 0 0 0 0 24 0 0 0 0 0 0 10 0 0 0 2 0 0 0 0 0 0 0 0 0 0 0 0 0 0 0 7 0 0 0 0 0 0 0 0 0 0 0 0 0 0 0 0 0 0 0 0 0 0 0 0 0 0 2 0 4 0 0 5 0 0 0 0 0 0 0 0 0 0 0 0 0 0 0 0 0 0 0 0 0 0 0 0 0 0 0 0 0 0 0 0 0 0 0 0 0 0 
 138 50 125 163 93 54 229 414 0 257 582 36 121 549 74 168 111 117 283 64 0 0 2 2 0 0 0 0 0 0 0 0 0 3 0 0 1 2 0 20 0 0 21 0 0 0 0 2 3 1 0 18 0 16 21 0 0 78 37 0 2 0 34 3 0 2 0 0 0 0 0 0 0 0 0 0 0 2 0 0 12 23 9 4 8 0 0 20 27 0 10 0 0 40 27 25 30 15 0 0 0 1 0 0 0 0 0 0 0 0 0 0 0 0 0 0 0 0 19 17 0 0 0 0 0 0 0 0 0 0 0 0 0 0 0 0 0 0 0 0 0 0 0 2 0 0 0 0 0 1 0 0 0 0 7 0 0 0 0 2 1 2 29 15 0 21 9 0 11 39 75 13 13 20 0 44 21 11 0 1 0 0 4 0 0 0 0 0 0 0 0 0 0 2 0 0 0 9 0 1 0 0 0 0 0 0 0 1 0 0 0 0 1 0 2 0 0 0 0 0 0 0 0 0 0 0 0 0 0 0 0 0 0 0 0 0 0 0 0 0 0 6 0 0 0 2 2 0 2 2 0 9 1 1 0 0 0 0 0 0 0 0 0 12 0 0 0 0 0 0 0 0 0 0 0 15 0 10 0 0 0 0 0 0 0 0 0 0 0 0 
 240 141 207 200 102 134 58 29 257 0 230 212 60 102 159 327 245 46 72 76 0 0 2 2 2 0 0 206 3 0 2 0 76 69 3 0 3 0 26 22 0 0 0 0 0 3 3 0 15 0 3 3 2 3 0 0 3 0 0 0 2 0 0 3 0 1 0 0 0 0 2 31 1 0 0 2 0 2 0 0 14 14 1 35 13 19 0 11 28 10 15 1 0 0 6 20 52 8 0 0 0 0 1 0 0 0 20 3 0 0 0 9 15 0 0 0 0 0 0 9 0 0 0 0 0 0 0 0 0 0 0 0 0 0 0 0 0 0 0 0 0 0 0 0 2 0 0 0 0 0 0 0 0 0 0 0 0 0 0 0 13 1 0 1 0 33 0 15 25 17 22 16 0 0 12 12 1 38 0 0 0 0 0 0 0 0 12 0 2 0 0 0 0 10 0 0 0 0 0 0 0 0 0 0 0 0 0 0 0 0 1 11 0 0 0 1 0 0 0 81 0 0 0 0 0 0 0 0 0 0 0 0 1 0 0 0 0 0 1 0 0 9 0 0 0 0 6 2 3 90 1 14 10 0 0 0 0 0 0 0 0 0 14 0 0 0 0 0 0 0 0 0 0 0 0 28 20 22 0 0 0 0 0 0 6 0 0 0 0 0 
 116 125 262 100 239 78 69 41 582 230 0 51 172 87 156 161 220 156 78 169 0 0 2 2 2 0 4 75 0 1 0 60 0 28 1 1 0 0 74 0 0 0 0 0 0 5 0 0 0 65 0 3 0 4 0 0 0 0 0 0 2 0 0 3 0 2 0 0 0 0 0 8 0 0 0 0 0 8 0 3 21 0 7 16 0 0 0 12 13 8 0 0 15 1 15 20 12 0 0 17 4 0 0 0 0 10 22 0 0 7 0 0 20 13 0 0 0 0 40 0 0 0 0 0 0 0 0 0 0 0 0 0 0 0 0 0 0 0 0 0 0 0 0 0 0 0 0 0 0 0 0 0 0 0 0 2 0 0 0 2 25 18 16 1 0 11 0 9 56 19 35 15 18 18 24 4 10 32 0 17 11 1 1 0 0 1 0 0 0 0 0 0 0 0 0 0 0 0 0 17 0 0 0 0 0 0 0 0 0 0 0 0 0 0 0 0 0 0 0 0 0 0 0 0 0 0 0 0 2 0 0 0 0 0 0 0 0 0 0 0 0 12 0 0 0 0 12 0 0 0 0 9 3 0 0 0 0 0 0 0 0 0 16 0 0 0 0 0 0 0 0 0 0 0 0 53 0 20 0 0 0 0 0 2 0 0 0 0 0 0 
 242 223 146 40 214 183 24 121 36 212 51 0 43 38 24 32 329 181 24 34 98 0 2 2 0 0 43 41 0 0 0 0 91 117 2 0 0 1 184 0 0 0 0 0 0 0 0 0 0 0 0 3 0 0 0 0 0 0 0 0 2 0 0 2 0 3 0 0 0 51 0 6 0 0 0 0 0 2 0 0 0 0 8 26 14 50 0 0 16 32 0 20 0 0 14 0 8 0 0 0 0 2 14 0 0 1 58 15 9 0 0 0 21 0 42 0 0 0 58 0 0 0 0 0 0 0 0 0 0 0 0 0 0 0 0 0 0 0 0 0 0 0 0 0 0 0 0 0 0 0 0 0 0 0 0 0 13 0 2 0 0 0 8 14 8 0 0 9 11 13 19 17 0 14 0 11 0 20 0 0 10 1 9 0 0 0 0 23 44 0 0 0 0 5 25 0 1 26 16 0 0 0 0 0 0 0 0 0 0 0 0 0 0 0 0 0 0 0 0 0 0 0 0 0 0 0 0 0 13 0 0 0 0 0 0 0 0 0 0 0 0 6 0 0 0 0 54 2 4 100 3 12 2 0 2 0 0 0 0 0 0 0 0 0 0 0 0 0 0 0 0 0 0 0 0 21 2 0 0 0 0 0 0 0 0 0 0 0 0 0 
 59 178 266 151 96 34 109 236 121 60 172 43 0 108 69 244 24 43 285 161 0 0 2 4 2 0 0 0 0 2 0 0 0 3 2 0 0 0 0 0 0 0 0 0 0 60 0 0 3 2 0 6 0 0 3 0 0 3 11 0 2 0 0 4 6 43 3 21 2 2 0 1 2 29 0 0 0 2 2 0 51 27 38 0 0 4 12 46 32 1 15 18 15 24 16 34 12 2 31 32 0 0 0 0 0 0 0 0 0 0 1 0 0 0 0 0 0 0 0 0 0 0 0 0 0 0 0 0 0 2 0 0 0 0 0 0 0 0 0 0 0 0 0 0 0 12 1 2 0 0 7 0 0 0 0 0 0 1 0 0 15 43 0 0 0 0 31 23 15 0 0 0 11 1 23 0 0 0 48 2 0 0 0 1 0 0 0 0 0 0 0 0 0 0 0 0 0 0 16 0 0 2 0 0 0 1 0 0 0 0 0 0 0 0 0 0 1 1 0 0 0 0 0 0 0 0 0 0 0 0 0 0 0 2 0 0 0 0 0 0 0 0 0 0 0 2 2 2 2 1 0 5 0 0 0 0 0 0 1 0 0 0 0 0 0 0 0 0 0 0 0 0 0 0 0 0 0 0 0 0 0 0 0 0 0 0 0 0 0 2 
 282 150 152 137 84 56 147 188 549 102 87 38 108 0 220 69 52 111 100 160 1 0 4 4 1 1 0 2 1 1 2 2 0 3 1 1 1 1 1 0 0 2 0 2 2 2 4 2 0 2 0 5 2 2 2 0 0 0 2 2 2 0 2 3 5 5 0 0 0 2 0 0 36 0 0 0 0 2 1 0 27 33 0 0 8 0 24 12 48 23 36 0 0 31 7 53 27 14 0 1 0 0 0 0 0 0 0 0 0 0 2 0 0 0 0 0 0 0 0 24 0 0 0 0 0 0 0 0 0 1 0 0 0 0 0 0 0 0 0 0 0 0 0 0 0 0 2 0 0 0 0 0 0 0 0 0 0 0 0 0 41 1 29 10 0 23 0 0 19 44 28 0 45 0 10 28 4 0 0 14 0 0 0 1 0 0 0 0 0 0 0 0 1 0 0 0 0 16 0 0 0 1 0 0 0 2 0 0 0 0 0 0 0 0 0 0 8 2 0 0 0 0 0 0 0 2 0 2 0 3 0 0 0 0 0 0 0 0 0 0 0 1 0 0 0 2 1 2 0 2 0 8 1 0 0 0 0 0 1 0 0 0 16 2 0 0 0 0 0 0 0 0 2 0 0 9 0 17 0 0 0 0 0 0 0 0 0 0 0 0 
 133 361 382 75 56 59 112 318 74 159 156 24 69 220 0 53 29 109 220 81 0 0 2 2 0 0 0 0 0 0 0 0 0 3 0 0 0 0 0 1 0 0 0 0 0 0 2 2 0 0 0 4 0 0 27 0 0 0 0 0 2 0 0 2 0 3 0 0 0 0 0 0 0 1 0 0 0 2 0 0 23 24 25 8 0 0 26 53 28 1 29 0 83 21 58 0 58 27 1 24 0 0 1 0 0 0 0 0 0 0 0 0 0 0 0 0 0 0 0 0 0 0 0 0 0 3 1 0 0 0 0 12 0 0 0 0 0 0 0 0 0 0 0 0 2 0 0 0 3 0 0 0 2 0 0 0 0 0 0 0 17 41 0 0 0 10 18 12 21 12 17 12 16 5 0 0 44 0 15 0 0 0 0 0 0 0 1 0 1 0 0 0 0 0 0 0 0 0 0 1 0 0 0 0 0 0 15 0 0 0 1 0 0 0 0 1 0 0 0 0 0 0 0 0 0 0 0 0 0 0 0 0 0 0 0 0 0 0 0 0 0 1 0 0 0 2 0 2 0 0 0 4 0 0 1 0 0 0 0 0 0 0 0 0 0 0 0 0 0 0 0 0 0 0 0 15 0 9 0 0 0 0 0 0 0 0 0 0 0 0 
 239 58 156 88 95 188 121 218 168 327 161 32 244 69 53 0 45 38 154 188 0 0 3 3 0 0 54 0 2 0 2 0 102 3 0 0 0 2 0 58 0 0 0 0 0 27 0 0 0 0 0 3 0 0 0 0 0 0 0 0 2 0 11 5 0 3 3 1 0 0 0 0 0 10 0 1 0 2 10 0 22 10 9 19 13 0 0 0 18 15 14 0 10 11 0 14 18 1 0 11 0 0 0 0 0 0 16 10 13 0 0 0 8 1 0 0 0 0 0 73 0 0 0 0 0 0 0 0 27 0 0 0 0 0 0 0 0 0 0 0 0 0 0 0 0 0 0 0 0 0 0 0 0 0 0 0 0 0 0 0 0 15 17 0 0 25 0 0 0 20 19 0 22 10 14 21 26 14 14 0 5 0 0 0 0 0 46 0 0 0 0 0 22 0 24 0 0 0 5 11 0 0 0 0 0 0 0 0 0 0 0 0 0 0 0 0 0 0 0 2 0 0 0 0 0 0 0 0 0 0 0 0 0 0 0 0 0 0 0 0 0 0 0 0 0 0 0 0 0 0 1 5 2 0 0 0 0 0 0 0 0 0 0 0 0 0 0 0 0 0 0 0 0 0 0 0 19 0 0 0 0 0 0 0 0 0 0 0 0 0 
 57 416 36 108 100 255 64 23 111 245 220 329 24 52 29 45 0 158 52 44 0 3 3 4 0 5 2 0 0 4 9 0 75 3 0 3 0 0 27 3 5 0 0 0 1 0 8 61 3 0 3 3 3 0 4 0 0 3 0 6 2 0 0 2 2 3 3 5 0 3 0 6 0 0 0 2 2 2 5 0 0 26 0 10 22 17 28 1 47 74 17 0 0 30 0 35 0 0 0 0 0 0 0 0 0 0 42 2 0 0 0 0 15 0 0 0 0 0 0 6 1 0 0 0 0 0 0 3 4 0 0 0 0 1 4 0 0 0 0 0 0 0 0 2 3 0 0 0 0 0 2 1 0 0 0 7 2 3 0 0 1 1 0 1 2 13 1 14 17 0 13 13 2 14 7 34 0 43 0 0 0 0 0 0 0 0 31 0 0 0 0 0 0 21 0 0 0 0 0 0 0 0 1 1 0 0 0 0 0 0 0 0 0 0 0 0 0 0 0 0 0 0 0 0 0 0 0 0 13 0 18 0 0 0 0 0 0 0 0 0 0 9 0 0 0 1 42 0 0 13 0 7 10 0 0 0 0 0 0 0 0 0 14 0 1 0 0 0 0 0 0 0 0 0 0 17 0 0 0 0 0 0 0 0 0 0 0 0 0 0 
 104 31 241 407 50 49 210 345 117 46 156 181 43 111 109 38 158 0 177 88 75 0 2 2 0 0 0 0 0 0 2 0 78 3 0 0 0 0 0 0 0 0 0 0 2 6 0 0 0 0 0 3 0 0 0 0 0 0 5 0 2 0 0 3 0 2 0 0 0 0 0 0 0 0 0 0 0 2 0 0 7 6 11 29 0 10 10 10 17 17 42 0 27 11 11 32 33 50 0 2 0 0 0 0 0 0 0 0 3 0 0 0 0 0 16 0 0 0 11 0 0 0 1 0 0 0 0 0 0 0 1 0 0 0 0 0 0 0 0 0 0 0 0 0 0 0 0 0 0 0 0 7 0 0 0 0 2 0 1 0 9 39 27 14 0 1 0 0 0 36 1 66 20 18 11 10 60 13 0 12 0 0 0 0 0 0 0 0 0 0 0 0 37 0 0 0 0 0 0 18 0 0 0 0 2 0 0 0 0 0 0 0 0 0 0 0 0 0 0 2 0 0 0 0 0 0 0 0 0 0 0 0 0 0 0 0 0 0 0 0 0 0 0 0 1 0 4 3 3 4 0 10 0 0 0 0 0 0 0 0 0 0 0 0 0 0 0 0 0 0 0 0 0 0 0 0 0 0 0 0 0 0 0 0 0 0 0 0 0 0 
 272 61 33 107 253 44 212 142 283 72 78 24 285 100 220 154 52 177 0 187 1 0 2 2 15 0 74 200 0 0 0 0 0 3 0 2 0 0 0 81 0 0 0 0 0 0 0 0 0 4 0 3 0 0 0 0 0 0 3 0 3 0 0 3 0 0 0 0 0 27 0 0 0 0 0 0 0 3 0 0 4 18 2 0 0 0 27 16 25 0 19 0 25 18 24 30 11 4 11 22 0 0 0 0 1 0 0 0 0 0 0 0 0 0 0 0 0 0 0 0 0 0 0 0 0 20 0 0 0 0 0 0 0 0 0 0 0 0 0 0 0 0 1 0 0 0 0 0 0 0 0 0 0 0 0 8 1 1 0 0 27 37 19 0 0 0 0 10 17 10 6 10 37 34 10 10 18 25 0 38 0 0 0 0 0 0 1 0 0 0 23 0 0 0 0 0 0 1 0 0 0 0 0 0 0 0 0 0 0 1 0 0 0 0 0 0 0 0 0 0 0 2 0 0 2 0 0 0 0 0 0 0 0 0 0 0 0 0 0 0 0 0 0 0 0 1 2 0 1 0 1 0 0 0 0 0 0 0 0 0 0 0 0 0 0 0 0 0 0 0 0 0 0 0 0 1 0 0 0 0 0 0 0 0 0 0 0 0 0 13 
 87 254 126 104 61 48 124 74 64 76 169 34 161 160 81 188 44 88 187 0 1 0 2 2 0 0 0 0 2 0 2 0 1 3 0 1 0 0 0 0 0 56 0 0 0 11 3 0 0 2 0 3 0 0 0 0 3 0 5 0 2 0 0 2 0 3 0 0 0 0 0 0 0 0 0 0 0 2 0 0 21 0 23 0 0 0 23 11 15 0 6 27 10 21 7 41 0 67 11 0 0 0 0 0 0 0 0 0 0 0 0 0 0 0 0 0 0 0 0 0 0 0 0 0 0 0 0 0 0 0 0 0 0 0 1 0 0 0 0 0 0 0 0 0 0 0 0 0 0 0 0 0 0 0 0 8 0 0 18 0 18 19 50 14 0 4 37 0 0 17 0 0 0 31 25 9 10 30 11 46 2 0 0 0 11 0 0 0 0 0 0 0 0 0 0 0 0 0 0 0 0 0 0 2 0 0 0 0 0 0 0 0 0 0 0 0 0 0 0 0 0 0 0 0 0 0 0 0 0 0 0 0 0 0 0 0 0 0 0 0 0 0 0 0 0 0 2 0 2 4 0 4 0 0 0 0 0 0 0 0 0 0 0 0 0 0 0 0 0 0 0 0 0 0 0 0 0 0 0 0 0 0 0 0 0 0 0 0 0 0 
 0 0 3 74 72 222 0 0 0 0 0 98 0 1 0 0 0 75 1 1 0 299 81 65 28 39 244 181 101 49 135 251 479 317 53 335 43 119 416 40 0 0 9 0 0 0 0 0 6 0 0 0 0 0 0 6 6 68 2 0 7 7 0 0 0 0 1 6 15 0 6 0 2 25 2 0 7 0 0 1 0 0 0 27 18 16 0 0 0 31 9 19 2 0 0 2 0 0 0 0 19 0 23 32 0 0 0 23 21 22 9 25 0 1 49 0 9 19 36 0 0 0 0 0 0 0 0 0 0 0 0 0 19 0 0 0 0 0 46 0 0 0 0 0 0 1 0 2 2 0 0 0 0 4 0 0 5 0 0 0 0 13 2 13 23 0 0 0 0 2 0 10 0 0 0 0 0 0 0 0 57 7 16 11 12 0 0 32 21 42 59 19 0 11 26 47 2 23 24 14 0 0 0 0 0 0 0 0 0 0 0 0 0 0 0 0 0 11 1 0 0 0 0 0 0 0 0 0 0 0 0 0 0 0 0 0 0 0 0 0 0 0 0 0 0 0 82 0 0 0 7 0 0 0 18 0 2 0 0 2 0 0 0 0 0 0 0 0 0 0 0 0 0 0 0 0 2 0 0 0 0 0 0 0 1 0 0 0 0 0 
 0 0 0 3 0 76 0 0 0 0 0 0 0 0 0 0 3 0 0 0 299 0 153 302 59 96 398 131 117 148 56 252 152 40 56 51 216 179 135 200 0 0 5 0 0 0 0 0 0 0 0 0 0 0 0 0 13 6 2 0 0 2 0 99 0 0 0 3 3 0 8 0 12 2 0 0 2 6 0 0 0 0 0 0 0 0 0 0 0 0 0 0 0 0 1 0 0 0 0 0 45 40 40 22 13 12 23 0 22 38 28 0 0 47 44 40 3 46 1 0 0 0 0 0 0 0 0 1 0 0 0 0 63 0 0 0 0 0 0 0 0 0 0 0 5 0 0 0 0 0 0 0 6 2 14 0 0 0 0 0 0 0 0 0 7 0 0 0 0 0 0 0 0 0 0 0 0 0 0 0 50 45 20 14 20 0 22 12 10 37 19 24 0 11 12 55 24 12 15 12 0 0 0 0 0 0 0 0 0 0 0 0 0 0 0 0 0 0 10 0 0 0 0 0 0 0 0 0 0 0 0 0 0 0 0 0 0 0 0 0 0 0 0 0 0 0 0 0 0 0 0 0 0 2 17 0 0 77 0 0 2 2 0 0 0 0 0 0 0 0 0 0 0 0 0 0 0 0 0 12 0 0 0 0 0 0 0 0 0 0 
 2 2 4 3 2 27 2 5 2 2 2 2 2 4 2 3 3 2 2 2 81 153 0 384 93 207 88 71 56 157 161 118 71 34 151 161 137 46 135 125 127 2 0 0 0 0 3 0 0 0 0 0 1 1 0 0 0 0 2 72 0 3 0 0 0 0 4 4 3 0 0 0 0 0 0 0 0 0 3 5 0 0 0 0 0 0 0 0 0 0 0 0 0 0 0 1 0 0 0 0 1 10 1 7 0 11 14 30 9 1 17 10 0 0 1 45 18 16 0 10 31 0 0 0 0 0 1 2 0 8 0 0 18 0 0 0 5 0 1 33 0 0 0 0 0 0 0 0 0 0 0 0 0 0 0 0 0 5 0 0 0 0 0 0 0 0 0 22 0 0 0 0 0 0 8 2 0 0 0 0 13 24 0 2 84 13 0 0 13 8 28 8 0 1 0 0 7 17 1 0 0 0 0 0 1 0 11 0 0 0 0 0 42 21 0 0 0 0 2 7 0 0 0 0 0 0 0 0 0 0 0 0 0 0 0 0 0 0 0 0 0 0 0 0 0 0 0 0 0 0 0 0 0 0 11 0 2 153 0 0 12 15 0 0 0 0 14 0 0 0 0 0 0 0 0 0 0 0 0 0 0 9 0 0 0 0 1 0 0 0 
 2 2 5 2 2 87 2 3 2 2 2 2 4 4 2 3 4 2 2 2 65 302 384 0 67 49 108 160 140 311 234 188 170 146 66 48 143 102 97 74 0 0 0 0 0 0 0 0 0 0 0 0 0 0 0 0 0 0 66 64 0 2 0 0 0 0 53 3 3 0 0 0 24 0 0 0 0 0 0 0 0 0 0 1 0 0 0 0 0 0 0 0 0 0 0 0 0 0 0 0 0 55 2 34 29 0 11 30 1 12 49 38 31 27 1 2 9 6 0 0 0 0 0 0 0 0 55 19 0 0 0 0 12 0 0 9 0 0 0 32 0 0 8 0 10 0 0 0 0 1 0 0 0 4 0 0 0 0 0 0 0 0 0 0 0 0 2 1 0 0 0 0 0 0 2 7 1 0 0 0 22 19 7 9 26 14 0 0 0 22 7 43 0 26 0 5 3 0 0 0 0 0 0 0 0 0 0 0 0 0 9 0 0 0 0 0 0 0 3 0 0 0 0 1 0 0 0 0 0 0 0 0 0 0 0 0 0 0 0 0 0 0 0 0 0 0 0 0 0 0 0 0 0 0 16 0 6 6 48 0 4 0 0 0 0 0 0 0 0 0 0 0 0 0 0 0 0 0 0 12 0 0 0 0 0 1 0 0 0 0 
 0 0 3 3 0 2 1 0 0 2 2 0 2 1 0 0 0 0 15 0 28 59 93 67 0 156 62 49 54 90 165 66 81 56 77 284 258 76 76 91 65 63 0 0 3 0 64 64 34 0 0 0 61 0 0 92 84 0 127 33 0 2 0 0 2 0 0 3 3 36 0 0 0 0 10 0 0 0 1 0 0 0 0 0 0 0 0 0 0 0 0 0 0 0 0 0 0 0 0 0 0 2 8 0 11 58 0 8 0 0 0 0 0 0 1 0 1 0 0 0 44 39 14 0 0 0 23 14 14 1 0 0 0 34 38 9 0 0 30 23 0 3 0 0 0 0 0 0 0 0 0 0 0 0 0 0 0 0 0 0 0 0 0 0 0 14 6 0 0 0 0 0 0 40 0 0 0 0 2 2 0 0 0 0 0 10 0 2 7 0 6 0 0 0 23 0 0 0 0 0 10 0 18 0 0 0 12 18 0 28 1 1 35 43 0 9 30 18 26 13 0 0 0 0 0 0 0 0 0 0 0 0 0 0 0 0 0 0 0 0 0 0 0 0 0 0 0 0 0 0 0 0 0 0 6 0 2 75 3 13 0 2 0 0 0 7 0 0 0 0 0 0 0 0 0 0 0 0 0 0 0 0 0 0 0 0 0 0 0 0 
 0 0 0 0 0 2 0 0 0 0 0 0 0 1 0 0 5 0 0 0 39 96 207 49 156 0 29 41 227 164 245 210 46 34 87 263 197 114 120 56 23 0 0 0 0 0 0 0 0 0 0 4 0 63 0 63 0 0 2 127 0 2 0 0 3 0 0 3 3 0 0 0 0 0 0 0 0 0 1 0 0 0 1 0 0 0 0 0 0 0 0 0 0 0 0 0 0 3 0 0 0 11 15 7 0 21 1 0 15 17 2 18 0 0 0 21 13 1 0 0 0 2 10 0 0 0 27 7 0 10 0 0 11 0 16 11 0 0 11 2 0 2 3 0 0 0 11 0 0 2 9 0 0 0 46 0 0 0 0 0 0 0 0 0 0 0 16 0 0 0 0 0 0 0 0 4 0 0 0 0 0 1 9 12 0 33 0 11 21 1 9 17 0 0 1 16 19 25 0 0 17 0 0 0 0 0 0 0 0 2 0 0 34 18 0 0 0 0 22 27 0 0 0 0 0 0 0 0 0 0 0 0 0 0 0 0 2 0 0 0 0 0 11 0 0 0 0 0 0 0 0 0 0 0 25 1 0 3 2 0 1 0 0 0 0 0 1 0 0 0 0 0 0 0 0 0 0 0 0 0 0 8 0 0 0 9 0 0 0 0 
 0 0 5 4 73 151 5 2 0 0 4 43 0 0 0 54 2 0 74 0 244 398 88 108 62 29 0 169 55 126 39 104 566 76 46 34 108 35 166 107 0 4 0 0 3 3 0 0 0 2 15 0 0 6 0 0 3 208 2 2 0 2 0 0 6 3 7 5 3 3 0 0 0 0 2 0 7 0 0 5 0 0 0 14 31 10 0 0 0 1 0 7 0 0 0 0 0 0 0 0 8 0 12 0 0 10 26 0 18 0 0 0 47 2 59 8 52 14 10 2 0 0 0 0 0 0 1 0 2 0 0 0 0 0 0 0 0 0 2 3 0 0 0 0 13 0 0 0 0 0 0 0 0 31 0 0 8 0 2 0 0 0 0 20 16 15 0 0 0 1 0 0 0 0 0 0 21 0 0 0 1 14 9 18 0 0 13 48 50 28 0 0 24 10 58 0 0 21 27 30 0 0 0 0 0 0 0 0 0 0 0 0 0 0 0 0 0 0 0 0 0 0 0 0 0 0 0 0 0 0 0 0 0 0 0 0 0 0 0 0 0 0 0 0 0 0 66 0 0 36 1 2 0 0 4 1 0 0 0 0 10 0 0 0 0 0 0 0 0 0 0 0 0 0 0 0 1 0 0 0 0 0 0 0 0 0 0 0 0 0 
 0 2 0 1 150 77 0 0 0 206 75 41 0 2 0 0 0 0 200 0 181 131 71 160 49 41 169 0 161 38 22 133 182 202 72 104 108 123 392 46 0 0 2 0 0 0 0 0 0 0 0 0 0 0 0 0 17 0 2 0 0 2 0 0 0 0 0 3 3 0 0 0 0 1 0 0 0 0 0 0 0 0 0 0 13 24 0 9 1 0 0 27 0 0 0 0 0 0 0 0 21 6 27 13 8 0 0 18 0 16 41 0 34 38 46 1 0 24 43 0 10 0 0 0 0 0 5 0 0 0 0 0 24 0 0 0 0 0 9 0 0 0 1 0 11 0 0 0 0 0 0 0 24 0 0 0 0 0 0 0 0 0 0 7 11 2 0 0 0 1 0 0 0 9 0 0 1 2 0 0 39 18 67 11 0 1 11 23 36 2 28 1 0 15 20 64 0 19 9 36 0 0 0 0 0 0 0 0 0 0 0 0 0 0 13 0 0 0 10 0 0 0 0 0 0 0 0 5 0 4 0 0 0 0 0 0 0 0 0 0 0 0 4 0 0 0 0 0 0 17 0 0 0 0 13 0 0 81 1 0 1 0 0 0 0 0 0 0 0 0 0 0 0 0 0 0 1 0 0 0 0 0 0 0 0 0 0 0 0 0 
 0 0 0 3 73 1 3 0 0 3 0 0 0 1 0 2 0 0 0 2 101 117 56 140 54 227 55 161 0 160 213 34 107 162 109 112 137 65 120 170 66 0 6 0 0 0 0 0 0 0 0 0 0 0 0 0 4 0 66 63 0 2 0 0 0 0 4 3 2 0 0 0 0 0 0 0 0 0 4 5 12 0 0 0 11 0 0 0 0 0 0 0 0 0 0 0 0 2 2 0 31 0 27 15 6 0 6 9 0 25 6 17 15 0 7 0 26 10 0 0 1 0 0 0 0 0 19 6 0 12 0 0 38 0 0 7 0 0 34 32 0 0 0 0 0 1 0 0 0 0 0 0 0 0 0 0 0 0 1 0 0 0 2 11 0 0 0 0 0 2 0 0 0 0 0 0 0 0 0 0 13 6 0 49 9 10 0 5 14 9 22 46 11 10 11 26 9 28 0 0 0 0 0 0 0 0 0 0 0 0 0 0 0 0 0 0 0 0 0 13 0 0 0 0 0 0 0 0 0 0 0 0 0 0 0 0 0 0 0 0 0 0 0 0 0 0 0 0 0 0 0 0 0 0 17 0 0 78 2 0 2 0 0 0 0 0 18 0 0 0 0 0 0 0 0 0 0 11 0 0 0 0 0 0 1 11 0 0 0 7 
 0 0 0 1 66 73 3 0 0 0 1 0 2 1 0 0 4 0 0 0 49 148 157 311 90 164 126 38 160 0 251 127 51 92 206 92 109 161 172 222 53 0 0 0 0 2 0 0 0 1 2 0 0 129 0 2 0 0 69 125 0 2 0 6 9 0 0 3 3 0 0 0 0 0 0 0 0 0 4 0 0 0 13 0 0 0 0 0 0 0 0 0 0 0 0 0 0 0 0 0 17 29 0 18 7 0 15 16 21 32 10 19 0 17 0 27 0 8 0 0 0 0 0 0 0 0 20 6 0 9 0 0 7 2 0 7 0 0 11 7 0 0 8 0 0 0 6 0 0 13 0 0 0 3 0 0 0 0 0 0 0 0 0 0 11 0 0 0 0 0 0 0 0 0 0 1 0 0 0 2 0 12 0 39 21 61 2 0 0 11 10 15 0 21 0 0 9 18 0 9 12 0 0 0 0 0 0 0 0 2 0 0 0 9 0 0 2 0 3 21 0 0 0 0 0 0 0 0 0 0 0 0 0 0 0 0 2 0 0 0 0 0 0 0 0 0 0 0 0 0 0 0 0 0 8 1 3 2 4 2 0 0 11 0 0 0 2 0 0 0 0 0 0 0 0 0 0 0 0 8 0 0 0 0 0 0 0 0 0 0 
 0 0 0 0 1 3 10 0 0 2 0 0 0 2 0 2 9 2 0 2 135 56 161 234 165 245 39 22 213 251 0 66 26 67 94 136 133 119 28 67 121 0 4 0 3 0 5 3 0 0 0 0 0 0 0 3 2 54 20 63 0 2 0 0 51 0 21 3 3 0 0 0 0 0 0 0 0 0 4 5 0 0 0 0 0 0 0 0 0 0 0 0 0 0 0 0 0 4 2 0 12 0 21 14 19 0 0 14 0 1 0 46 0 0 11 27 11 12 0 9 17 0 0 0 0 0 16 0 0 2 1 0 24 0 0 4 0 0 11 90 0 0 0 0 0 0 0 0 0 0 0 0 0 0 0 0 0 7 0 0 0 0 0 0 0 0 1 0 0 0 0 0 0 0 6 0 0 0 0 0 11 12 0 4 35 12 0 0 6 22 33 10 0 0 0 0 1 17 0 0 0 7 1 0 0 0 15 8 0 0 0 0 20 19 0 0 1 0 1 10 0 0 0 0 0 0 0 0 0 0 0 0 0 0 0 1 0 0 0 0 0 0 0 0 0 0 0 0 0 0 0 0 0 0 22 0 2 82 75 2 7 18 1 0 0 0 19 0 0 0 0 0 0 0 2 0 0 0 0 0 0 4 0 0 0 1 0 0 0 0 
 0 0 0 2 0 0 0 0 0 0 60 0 0 2 0 0 0 0 0 0 251 252 118 188 66 210 104 133 34 127 66 0 289 28 110 25 297 158 35 40 64 0 1 0 0 0 0 0 0 86 4 0 0 0 0 65 3 2 6 3 0 11 0 2 1 0 4 3 3 0 0 0 0 0 0 0 0 0 3 5 0 0 0 0 0 0 0 0 0 0 0 0 0 9 0 0 0 0 0 0 1 24 1 3 12 25 33 0 23 26 32 17 0 34 18 0 24 46 0 0 1 0 0 0 0 0 20 0 0 7 10 0 52 0 0 0 0 0 14 19 0 0 0 0 10 0 0 0 0 0 0 0 18 0 0 0 0 0 0 0 0 0 0 0 0 0 0 0 0 0 0 0 0 0 0 0 0 0 0 2 0 34 60 14 0 0 2 21 29 14 15 0 0 19 11 45 17 41 0 0 11 0 0 0 0 0 0 0 0 2 0 0 0 0 0 0 0 0 10 9 0 0 0 0 0 0 0 0 0 0 0 0 0 0 0 0 0 0 0 0 0 0 14 0 0 0 0 0 0 0 0 0 0 0 19 0 2 151 74 2 12 1 0 0 0 0 14 0 0 0 0 0 0 0 0 0 0 0 0 1 0 7 0 0 0 0 1 0 0 0 
 0 1 77 77 160 153 0 1 0 76 0 91 0 0 0 102 75 78 0 1 479 152 71 170 81 46 566 182 107 51 26 289 0 145 426 244 328 126 500 98 0 0 0 0 0 28 0 0 0 0 0 0 0 0 0 0 2 0 2 0 0 2 0 0 0 0 0 3 4 0 0 1 0 0 0 0 0 0 16 0 0 0 0 45 11 19 0 0 0 27 21 7 0 0 0 0 0 0 0 0 0 22 2 0 9 0 32 12 35 14 7 10 19 30 34 0 0 9 12 26 0 0 0 0 0 0 0 0 0 0 0 0 0 0 0 0 0 0 0 0 0 0 0 0 0 0 0 0 0 0 0 0 0 0 0 0 10 0 0 0 0 13 17 8 31 12 0 8 0 4 0 12 5 0 0 0 0 1 0 0 0 21 1 0 0 0 22 13 0 1 0 0 0 23 27 0 6 1 19 13 0 0 0 0 0 0 0 0 0 0 0 0 0 0 0 0 0 0 0 0 0 0 0 0 0 0 0 0 0 0 0 5 0 0 0 0 0 0 8 0 0 0 0 0 0 0 80 0 0 76 0 0 8 0 5 1 2 0 0 2 2 0 0 0 0 62 0 0 0 0 50 0 0 0 0 13 21 0 0 11 0 0 0 0 0 0 0 0 0 0 
 3 3 3 3 72 100 5 3 3 69 28 117 3 3 3 3 3 3 3 3 317 40 34 146 56 34 76 202 162 92 67 28 145 0 57 47 39 324 123 64 0 0 6 0 0 0 0 0 0 0 0 0 0 0 0 0 3 61 2 0 0 2 0 0 2 0 0 3 2 0 0 1 0 11 0 0 7 1 0 0 0 0 0 12 38 19 0 0 0 9 0 8 0 2 0 0 0 0 0 0 21 0 36 28 0 0 9 26 18 11 0 0 73 9 43 12 2 16 17 0 0 0 0 0 0 0 0 0 0 0 0 0 0 0 0 0 0 0 0 0 0 0 0 0 0 0 0 0 0 0 0 1 0 0 0 0 3 0 4 0 0 0 0 32 18 0 0 0 0 5 28 21 0 1 0 0 0 0 0 0 67 19 0 0 21 0 0 1 26 15 33 21 0 2 32 19 0 1 6 20 0 0 0 0 0 0 0 0 0 30 0 0 0 0 1 0 0 11 0 14 0 0 2 0 0 0 0 0 0 0 0 0 0 0 0 0 0 0 0 0 0 0 14 0 0 0 47 0 79 0 6 0 0 0 7 0 0 0 0 0 2 0 0 0 0 67 0 0 0 0 0 0 0 0 0 0 9 0 0 0 0 0 0 0 9 0 0 0 0 0 
 0 0 1 77 0 75 2 1 0 3 1 2 2 1 0 0 0 0 0 0 53 56 151 66 77 87 46 72 109 206 94 110 426 57 0 92 374 120 73 139 0 0 0 2 44 0 0 0 2 2 0 12 0 9 2 3 3 2 2 81 0 2 0 3 3 5 0 5 3 0 23 4 5 2 0 0 6 10 0 2 1 0 0 0 0 0 0 0 0 0 0 0 0 0 0 0 0 0 0 0 5 33 0 7 0 9 0 17 17 0 20 23 0 0 0 67 0 1 0 12 0 0 14 0 0 0 26 8 0 0 0 0 0 0 0 2 0 0 2 0 0 0 0 0 1 0 0 1 0 0 0 0 0 0 0 0 0 7 0 0 9 0 0 10 0 0 0 0 0 8 0 1 0 0 0 5 0 0 0 0 25 0 9 1 14 11 21 10 17 27 29 25 0 0 0 27 78 10 0 20 8 0 0 0 0 0 17 0 0 0 0 0 12 0 0 0 0 0 12 0 0 0 0 0 0 0 0 0 0 0 1 0 0 0 0 0 0 2 0 0 0 0 45 0 0 1 0 0 0 0 0 0 0 0 10 0 4 0 21 2 1 19 0 0 0 0 0 1 0 0 0 0 0 0 0 0 0 0 0 0 0 19 0 0 0 0 0 0 0 0 
 0 0 3 2 93 2 2 76 0 0 1 0 0 1 0 0 3 0 2 1 335 51 161 48 284 263 34 104 112 92 136 25 244 47 92 0 153 55 222 312 61 0 0 0 0 0 0 0 0 0 0 1 0 0 0 0 0 0 2 30 0 2 0 0 0 0 0 3 3 0 14 29 2 0 0 6 0 2 0 0 0 0 0 0 30 42 0 0 0 0 0 0 0 0 0 0 0 0 0 0 9 23 50 0 0 9 14 0 1 54 29 0 34 37 0 15 38 0 66 15 29 0 2 0 0 0 9 0 0 0 0 0 0 0 0 0 0 0 0 10 0 0 0 0 0 0 0 0 0 0 0 0 0 0 0 0 0 0 4 0 0 0 0 37 0 0 0 0 0 0 0 0 0 0 0 0 0 0 0 0 0 6 5 0 0 14 18 0 30 0 13 61 9 34 22 11 58 0 13 11 0 0 0 0 0 0 27 0 0 0 0 0 25 31 0 0 0 0 1 0 0 0 0 0 0 0 0 0 0 0 0 0 0 0 0 0 0 0 0 0 0 0 0 0 0 0 0 0 0 0 0 0 0 0 16 1 0 75 0 0 0 0 0 0 0 0 0 0 0 0 0 0 0 0 0 0 0 0 0 0 0 0 0 2 0 0 15 0 0 0 
 1 0 5 1 76 24 0 0 1 3 0 0 0 1 0 0 0 0 0 0 43 216 137 143 258 197 108 108 137 109 133 297 328 39 374 153 0 46 123 115 0 0 0 0 0 0 0 0 0 0 0 1 0 0 0 0 0 0 2 0 0 2 0 0 0 0 0 3 3 0 10 0 2 0 0 0 0 1 0 0 0 0 0 0 0 1 0 0 0 0 0 0 0 0 0 14 0 0 0 0 8 27 0 0 16 11 22 17 26 1 51 23 0 19 28 42 28 39 2 0 1 0 0 0 0 0 11 11 0 0 0 0 8 0 0 0 0 0 0 0 0 0 0 0 1 0 0 0 0 0 0 0 4 0 0 0 0 1 0 0 0 0 0 1 0 0 0 0 0 0 0 0 0 0 0 0 0 0 0 0 0 34 0 13 22 0 6 3 0 2 10 21 1 2 0 11 25 5 0 31 8 0 0 0 0 0 13 0 0 0 0 0 13 1 0 0 0 0 0 0 0 0 0 0 0 0 0 0 0 0 0 2 1 0 14 0 0 0 0 0 0 0 0 0 0 0 0 0 0 0 0 0 0 0 11 0 1 1 1 0 4 0 0 0 0 0 0 0 0 0 0 0 0 0 0 0 0 0 0 10 0 0 0 0 0 14 0 0 0 0 
 0 0 2 0 0 38 6 0 2 0 0 1 0 1 0 2 0 0 0 0 119 179 46 102 76 114 35 123 65 161 119 158 126 324 120 55 46 0 42 34 0 0 0 0 2 5 0 0 3 0 0 10 0 0 5 3 3 2 66 63 0 2 0 0 1 10 20 3 3 1 2 0 2 6 0 0 8 2 0 1 0 0 0 0 2 0 0 0 0 0 0 0 0 18 0 0 0 0 0 0 11 30 0 29 36 11 9 15 27 33 0 44 0 20 9 2 1 8 0 0 4 1 16 0 0 0 37 9 8 0 0 0 11 0 0 9 0 0 0 25 0 0 7 0 0 0 5 0 0 5 0 0 0 18 0 0 2 0 0 0 0 0 0 0 1 0 0 0 0 0 0 0 0 0 0 11 0 0 0 0 20 0 0 13 5 42 0 0 0 22 25 28 0 7 0 1 8 0 9 16 10 0 0 0 0 0 0 1 0 0 0 0 0 11 0 0 0 15 12 0 0 0 0 2 0 0 1 0 0 0 0 1 2 0 0 0 0 0 0 2 0 0 0 0 0 0 0 0 0 0 0 0 0 0 18 0 0 3 40 0 0 0 0 0 0 0 0 0 0 0 0 0 0 0 0 0 0 0 0 13 0 1 0 0 0 0 0 0 0 0 
 0 0 43 0 67 127 7 0 0 26 74 184 0 1 0 0 27 0 0 0 416 135 135 97 76 120 166 392 120 172 28 35 500 123 73 222 123 42 0 273 3 0 0 0 0 0 1 0 0 0 2 0 0 0 4 2 0 0 10 0 0 2 0 4 2 0 1 3 3 51 0 60 0 0 0 0 0 1 0 0 0 1 0 24 34 13 0 0 0 10 1 0 0 0 0 0 0 0 0 0 21 1 20 0 0 0 29 20 25 0 45 0 34 1 33 11 1 1 20 1 0 0 0 0 0 0 0 0 0 9 0 0 0 1 0 0 0 1 0 0 0 0 0 0 9 0 0 0 0 0 0 0 0 0 0 0 5 0 6 0 0 0 0 35 54 0 0 13 0 0 0 0 0 0 0 0 0 13 0 0 31 10 17 37 6 12 0 18 40 19 0 1 2 40 54 17 0 17 31 11 7 0 0 1 0 0 0 0 0 0 7 0 0 0 0 0 0 0 0 0 2 0 0 0 0 0 0 0 0 0 0 0 0 0 0 0 0 0 0 0 0 0 0 0 0 0 24 0 0 1 0 0 25 0 12 0 0 0 0 1 2 0 0 0 0 0 0 0 0 0 0 0 0 0 0 17 0 0 0 0 0 0 0 0 0 0 0 0 0 2 
 0 0 0 0 151 254 0 0 20 22 0 0 0 0 1 58 3 0 81 0 40 200 125 74 91 56 107 46 170 222 67 40 98 64 139 312 115 34 273 0 0 0 0 61 0 0 0 0 0 0 0 0 0 0 0 0 0 0 2 0 0 2 0 0 0 0 51 3 3 0 5 0 12 0 0 0 0 3 0 0 0 24 0 0 22 3 2 0 0 8 23 0 1 0 0 0 0 0 0 0 68 17 14 0 0 0 3 35 6 15 18 0 0 9 19 25 14 0 0 22 0 0 12 0 0 0 0 0 0 0 0 0 2 0 0 0 0 17 0 0 0 0 0 0 0 0 0 0 0 0 0 0 0 0 0 0 0 1 0 0 0 0 0 4 4 0 0 0 1 2 0 0 0 0 0 0 0 0 0 0 0 1 11 18 1 0 19 48 0 17 0 22 24 26 1 1 18 9 11 19 0 0 0 0 0 0 11 0 0 0 0 0 0 0 0 0 0 0 0 0 0 0 0 0 0 0 0 0 0 0 0 0 0 0 0 0 0 0 0 0 0 0 0 0 0 0 0 0 0 0 0 0 0 0 8 0 3 0 0 0 2 13 0 0 0 0 0 0 0 0 0 0 0 0 0 0 15 2 0 0 0 0 0 0 0 0 0 0 0 0 
 0 0 0 3 0 0 0 0 0 0 0 0 0 0 0 0 5 0 0 0 0 0 127 0 65 23 0 0 66 53 121 64 0 0 0 61 0 0 3 0 0 241 86 58 35 25 185 365 32 140 37 118 101 188 58 33 109 104 53 252 0 0 0 0 40 1 0 0 0 0 0 0 0 0 0 0 4 2 2 0 4 0 0 0 0 0 0 0 0 0 0 0 0 0 0 0 0 0 0 0 0 0 0 10 0 9 0 0 0 13 0 12 0 0 0 0 0 0 0 0 9 27 2 27 16 0 0 10 14 10 13 3 0 4 10 5 19 9 0 30 1 0 0 0 0 0 0 0 0 0 0 0 0 0 0 0 0 0 0 0 0 0 11 0 0 0 0 0 0 0 0 0 0 7 0 0 0 0 9 6 0 0 0 15 0 19 0 0 0 0 0 0 0 0 0 0 0 10 0 0 0 21 0 0 7 0 21 34 0 10 21 25 0 12 22 3 25 7 32 11 0 0 0 0 0 0 0 0 0 0 0 0 0 0 0 0 0 0 4 0 0 0 0 0 0 0 0 0 0 0 0 10 0 2 0 0 0 69 1 26 0 0 0 0 0 0 0 0 0 0 0 0 0 0 0 0 0 0 0 0 0 0 2 0 26 0 0 0 0 0 
 0 0 0 0 0 0 0 0 0 0 0 0 0 2 0 0 0 0 0 56 0 0 2 0 63 0 4 0 0 0 0 0 0 0 0 0 0 0 0 0 241 0 115 262 112 42 81 324 123 96 120 104 116 86 115 55 123 44 56 53 0 0 1 0 3 0 0 0 4 0 3 0 0 5 0 0 0 0 0 7 0 0 0 0 0 0 0 0 0 0 0 0 0 0 0 0 0 0 0 0 0 0 0 0 0 0 0 0 0 0 0 0 0 0 0 0 0 0 0 0 13 20 32 21 14 5 0 0 17 20 27 11 0 9 0 0 26 26 0 0 3 0 7 0 0 0 4 1 5 0 0 0 0 6 2 0 0 0 0 9 0 18 0 0 0 0 4 0 0 0 0 0 0 0 0 0 0 0 0 2 0 0 0 0 0 1 0 0 0 1 0 0 0 0 0 0 0 0 0 0 15 22 49 19 44 9 1 27 26 0 0 0 0 0 58 4 14 27 2 0 0 0 0 0 0 0 13 0 0 0 0 0 0 5 43 0 0 0 7 27 0 0 0 0 0 9 0 2 0 0 0 6 0 0 0 0 0 0 2 1 0 0 1 0 3 25 0 65 0 0 0 0 0 3 0 0 0 0 0 0 0 0 0 0 9 21 0 19 0 11 
 0 0 0 5 0 2 0 1 21 0 0 0 0 0 0 0 0 0 0 0 9 5 0 0 0 0 0 2 6 0 4 1 0 6 0 0 0 0 0 0 86 115 0 93 121 100 345 79 150 177 94 273 122 114 114 39 181 153 184 135 0 0 11 0 0 0 0 0 0 0 59 0 0 0 0 0 0 0 0 0 0 0 0 0 0 0 0 0 0 0 0 0 0 0 0 0 0 0 0 0 5 0 4 4 0 0 0 19 0 12 0 0 0 0 3 0 5 6 0 0 19 19 5 50 21 0 0 12 0 25 35 23 16 11 86 23 6 12 31 18 28 14 0 0 0 0 0 0 0 0 0 0 26 12 0 0 0 0 11 0 0 0 3 0 0 0 0 2 0 0 0 0 0 0 0 0 0 0 1 0 4 0 2 13 0 0 0 2 1 5 5 6 0 0 0 2 0 2 0 0 0 21 8 0 7 17 0 12 0 0 42 45 0 0 20 3 10 2 0 9 0 0 0 0 0 0 17 0 0 0 0 0 0 0 0 11 0 0 17 0 0 0 11 0 0 0 0 0 0 0 0 11 0 1 0 0 0 0 2 0 0 0 0 68 0 3 0 0 0 0 0 0 0 0 0 0 0 0 0 0 0 3 0 0 9 0 0 1 0 0 
 0 0 0 0 0 0 0 0 0 0 0 0 0 2 0 0 0 0 0 0 0 0 0 0 0 0 0 0 0 0 0 0 0 0 2 0 0 0 0 61 58 262 93 0 154 262 244 329 71 113 106 102 73 107 140 135 108 449 175 162 4 0 5 0 53 14 1 0 3 13 6 0 50 0 5 1 0 0 0 50 0 0 0 0 0 0 0 0 0 0 0 0 0 0 0 0 0 0 0 0 10 0 2 0 0 0 0 0 0 0 0 0 0 0 0 0 0 0 0 0 16 19 18 34 7 0 0 9 32 0 0 7 0 20 9 0 0 0 0 30 3 2 5 0 0 0 0 0 0 6 0 0 0 0 0 0 13 6 16 0 0 0 0 0 12 0 0 6 0 0 0 0 0 0 1 0 0 0 0 0 0 0 0 0 0 0 0 0 0 0 0 0 0 0 0 0 0 0 0 0 23 49 8 10 14 0 0 1 45 0 24 31 10 0 1 17 0 6 0 0 0 1 14 3 0 0 4 0 14 0 0 13 0 28 0 8 0 0 10 0 0 0 0 0 0 0 0 0 0 0 0 12 0 0 0 0 0 0 0 10 0 0 0 1 0 4 4 4 2 0 0 0 0 0 0 0 0 0 0 0 0 0 0 0 10 19 0 0 0 0 
 0 0 0 71 0 0 67 0 0 0 0 0 0 2 0 0 1 2 0 0 0 0 0 0 3 0 3 0 0 0 3 0 0 0 44 0 0 2 0 0 35 112 121 154 0 81 46 60 173 147 376 138 348 220 73 66 49 36 60 309 24 0 6 0 0 0 0 49 0 0 0 0 18 0 0 0 0 0 52 52 0 0 0 0 0 0 0 0 0 0 0 0 0 0 0 0 0 0 0 0 0 0 0 0 5 1 0 0 0 0 0 0 0 0 0 4 0 0 0 0 1 0 1 0 0 0 16 0 5 11 24 0 0 0 0 0 0 23 0 0 9 15 26 0 0 0 0 0 0 0 10 0 0 4 0 0 0 0 44 0 4 0 0 2 2 0 0 0 4 0 0 0 0 0 0 0 0 0 0 0 0 0 0 0 0 1 0 0 0 0 0 0 0 0 0 0 0 0 0 0 0 0 0 31 13 28 0 10 25 8 0 29 0 0 0 13 14 2 0 0 29 31 55 0 0 0 10 7 0 0 0 0 11 1 20 38 0 0 28 11 0 0 0 0 0 0 0 0 0 0 0 3 0 0 0 0 0 0 0 3 0 0 1 0 3 0 2 0 3 1 0 0 0 0 0 0 0 0 0 0 0 0 0 0 0 0 0 0 0 0 
 0 0 0 5 0 0 0 9 0 3 5 0 60 2 0 27 0 6 0 11 0 0 0 0 0 0 3 0 0 2 0 0 28 0 0 0 0 5 0 0 25 42 100 262 81 0 32 39 289 142 99 117 54 69 113 119 287 351 57 51 0 0 5 52 0 0 70 50 0 0 0 0 24 69 0 55 52 0 96 59 0 0 0 0 0 0 0 0 0 0 0 0 0 0 13 0 8 0 0 0 0 0 0 0 17 0 6 0 2 0 0 0 6 0 0 0 0 0 13 0 0 0 0 0 13 11 0 0 0 0 10 11 0 0 0 0 0 10 0 0 18 14 0 0 0 0 0 5 1 0 0 0 0 11 0 0 0 0 25 14 0 0 22 0 0 1 0 7 1 5 0 0 0 12 8 0 5 0 0 0 0 0 0 0 0 0 1 0 0 0 0 0 4 0 0 0 0 0 11 8 0 0 1 6 0 10 0 0 25 0 0 25 0 0 0 0 0 8 0 0 19 1 0 1 0 0 18 0 14 0 19 0 34 19 0 0 0 0 22 0 0 0 0 0 0 0 0 0 0 0 0 11 0 2 0 0 0 0 1 2 0 17 0 1 64 1 0 4 0 0 0 0 0 0 0 0 0 0 0 0 0 2 0 0 0 0 0 0 0 0 
 0 0 0 2 0 0 1 0 0 3 0 0 0 4 2 0 8 0 0 3 0 0 3 0 64 0 0 0 0 0 5 0 0 0 0 0 0 0 1 0 185 81 345 244 46 32 0 384 76 152 65 31 238 46 171 104 39 25 310 78 0 9 0 0 0 7 4 0 2 0 55 1 13 0 0 2 0 0 2 0 0 0 0 0 0 0 0 0 0 0 0 0 0 0 0 0 0 0 0 0 0 0 0 4 0 39 0 0 0 16 0 0 0 0 0 0 0 0 0 0 19 72 34 27 26 0 0 24 22 0 0 24 0 22 18 0 25 0 50 6 19 1 0 0 0 0 0 0 0 0 0 0 1 1 0 0 0 0 9 0 0 0 23 0 0 0 0 0 0 0 0 0 0 3 0 0 0 0 21 16 0 0 0 0 0 0 0 0 0 0 0 0 0 0 0 0 0 0 0 0 9 42 27 26 34 1 13 15 37 12 25 24 10 9 7 33 10 3 54 0 0 0 0 0 0 0 0 0 0 0 0 0 7 0 0 0 0 0 0 0 0 0 0 0 0 0 0 0 0 29 0 3 0 1 0 0 0 62 2 40 0 0 65 0 0 5 0 65 0 0 0 0 0 2 0 0 0 0 0 0 0 0 0 0 28 28 0 0 0 0 
 0 35 62 3 0 0 6 0 2 0 0 0 0 2 2 0 61 0 0 0 0 0 0 0 64 0 0 0 0 0 3 0 0 0 0 0 0 0 0 0 365 324 79 329 60 39 384 0 140 258 41 169 147 196 86 60 177 410 65 103 1 6 17 0 4 0 10 1 0 0 0 0 0 0 1 4 12 7 7 0 0 0 0 0 0 0 0 0 0 0 0 0 0 0 0 0 0 0 0 0 0 0 0 0 0 0 0 0 0 0 0 0 0 0 0 0 0 0 0 0 11 0 15 27 13 0 0 1 7 11 27 1 1 9 7 6 12 10 0 0 0 13 0 4 1 0 0 0 0 1 2 8 0 0 0 6 0 10 0 17 0 0 0 0 0 0 2 0 0 0 0 0 0 0 0 0 0 0 0 0 0 0 0 0 0 1 0 0 0 0 0 0 0 0 0 7 0 0 0 0 24 22 38 19 24 1 6 34 14 1 19 0 14 0 33 9 1 32 0 1 0 15 0 1 0 7 14 24 6 0 5 0 0 0 0 7 1 30 0 10 0 0 0 0 0 0 0 0 0 0 0 13 0 2 0 0 0 0 1 2 0 0 0 0 1 14 1 41 0 0 0 0 0 0 0 0 0 0 0 0 0 0 0 0 10 22 0 10 0 0 
 0 0 0 0 0 3 3 0 3 15 0 0 3 0 0 0 3 0 0 0 6 0 0 0 34 0 0 0 0 0 0 0 0 0 2 0 0 3 0 0 32 123 150 71 173 289 76 140 0 188 334 100 157 99 153 54 94 266 298 69 0 0 0 1 0 0 46 0 18 0 2 0 2 0 0 2 0 0 51 47 0 0 0 0 0 0 0 0 0 0 0 0 0 0 0 0 7 0 0 0 7 0 0 16 0 0 0 0 0 0 0 2 0 0 0 0 0 0 0 0 15 43 25 0 3 21 0 1 29 15 21 8 0 18 0 3 15 23 0 4 13 20 0 0 0 19 0 0 0 22 0 0 19 22 3 0 0 0 0 1 0 0 3 0 0 0 4 0 0 0 0 0 0 6 0 0 0 0 29 47 0 4 0 0 0 0 0 0 0 0 0 0 0 0 0 0 0 0 0 0 6 0 21 23 22 34 22 30 21 17 5 23 5 14 12 0 28 27 30 1 0 0 0 0 0 0 25 0 0 0 0 0 9 0 9 0 0 0 31 27 0 0 3 0 0 0 0 0 0 0 0 15 0 2 0 0 0 0 1 40 0 0 1 0 65 37 2 0 0 0 0 0 0 0 0 0 0 1 0 0 0 0 1 0 0 0 0 0 0 0 
 0 0 0 2 0 4 0 1 1 0 65 0 2 2 0 0 0 0 4 2 0 0 0 0 0 0 2 0 0 1 0 86 0 0 2 0 0 0 0 0 140 96 177 113 147 142 152 258 188 0 230 364 40 101 174 92 120 334 350 233 0 0 6 0 0 0 20 0 0 0 0 0 0 0 0 0 0 0 50 0 3 4 0 0 0 0 0 0 0 1 0 0 4 1 0 0 0 0 0 6 0 0 0 0 0 0 0 0 0 0 0 0 0 0 0 0 0 0 0 0 15 29 40 30 19 11 0 9 0 3 6 1 0 27 10 10 2 7 0 19 17 6 13 0 0 0 0 0 0 0 0 0 12 16 0 0 0 0 52 3 1 0 9 0 0 0 2 0 1 0 0 0 1 3 0 0 0 0 9 5 0 0 0 0 0 0 0 0 0 0 0 0 0 0 0 0 0 0 0 0 0 42 9 4 0 6 0 22 12 1 39 62 0 0 10 15 0 17 0 0 0 0 0 0 0 0 6 0 0 0 0 0 10 0 0 0 0 0 37 0 0 0 50 0 0 0 0 0 0 0 0 3 0 2 0 0 0 0 1 2 0 0 2 4 65 0 0 0 2 0 0 0 0 0 0 0 0 0 0 0 0 0 0 0 10 0 0 0 0 0 
 0 0 0 0 0 0 0 0 0 3 0 0 0 0 0 0 3 0 0 0 0 0 0 0 0 0 15 0 0 2 0 4 0 0 0 0 0 0 2 0 37 120 94 106 376 99 65 41 334 230 0 143 182 119 96 77 96 72 246 66 0 6 0 1 0 6 0 2 2 0 0 6 25 0 3 12 3 0 5 54 0 0 0 0 0 0 0 0 0 0 0 0 0 0 0 0 0 0 0 0 0 0 0 0 0 0 0 0 12 0 0 0 0 0 0 0 0 0 0 0 0 41 19 15 16 0 0 0 29 4 40 8 0 0 10 3 14 56 0 0 2 20 0 0 0 0 0 0 0 2 0 0 19 12 0 0 0 0 12 0 0 0 8 0 0 0 0 0 0 0 0 0 0 7 0 0 0 0 7 6 0 1 0 0 0 0 0 0 0 0 0 0 0 0 0 0 0 0 0 0 1 3 19 10 22 31 19 42 20 17 20 42 0 8 12 19 22 0 21 0 0 1 25 0 0 0 18 0 0 0 0 0 0 18 13 9 0 0 63 22 0 0 3 0 0 0 0 0 0 0 0 0 0 0 0 0 0 0 0 29 0 0 0 4 0 4 0 0 0 0 1 0 0 0 0 5 0 0 0 0 0 0 0 0 0 0 0 0 0 0 
 3 5 3 6 3 3 3 4 18 3 3 3 6 5 4 3 3 3 3 3 0 0 0 0 0 4 0 0 0 0 0 0 0 0 12 1 1 10 0 0 118 104 273 102 138 117 31 169 100 364 143 0 26 256 256 38 90 455 46 87 0 0 12 0 0 0 2 0 0 0 0 0 0 0 0 0 4 1 55 0 0 0 0 0 0 0 0 0 0 0 0 0 1 0 0 0 0 0 0 0 0 0 0 0 4 16 0 0 0 0 0 9 0 0 0 0 0 0 0 0 31 2 33 12 0 12 7 0 2 38 23 10 0 0 0 14 14 31 0 0 25 12 0 0 0 0 0 0 0 0 0 0 12 11 0 0 0 0 10 12 0 0 0 0 0 0 0 9 0 0 0 0 0 0 0 0 0 0 0 0 0 0 0 0 0 7 0 0 0 0 0 0 0 0 0 0 5 0 0 0 10 25 6 0 0 6 0 0 0 0 10 22 0 0 18 52 0 11 6 0 0 0 0 0 0 0 6 0 0 0 0 0 23 2 0 0 0 0 26 11 0 0 15 0 0 0 0 0 0 0 0 4 0 2 0 0 0 0 8 2 0 2 1 34 65 8 0 4 0 0 0 0 0 0 0 0 0 0 0 0 0 8 0 0 11 8 0 10 0 0 
 0 18 0 0 0 0 0 0 0 2 0 0 0 2 0 0 3 0 0 0 0 0 1 0 61 0 0 0 0 0 0 0 0 0 0 0 0 0 0 0 101 116 122 73 348 54 238 147 157 40 182 26 0 86 36 112 168 109 85 302 2 2 3 0 3 4 8 0 0 0 0 0 0 0 2 9 0 0 0 50 0 0 0 0 0 0 0 0 0 0 0 0 0 0 0 0 0 0 0 0 0 0 0 0 0 0 0 0 0 0 0 0 0 0 0 0 0 0 0 0 0 10 14 7 54 3 0 0 39 12 3 20 5 30 37 4 0 18 0 0 0 4 3 0 0 0 0 0 0 2 0 23 15 0 0 4 1 0 0 33 0 0 42 0 0 0 1 0 0 0 0 0 0 4 0 0 0 0 16 14 0 0 0 0 0 0 0 0 0 0 0 0 0 0 0 0 0 0 0 0 29 9 0 13 41 15 9 23 25 27 11 2 10 11 0 11 19 10 6 18 0 0 3 2 0 5 0 5 2 0 4 4 0 0 11 6 0 6 26 24 0 0 0 0 0 0 0 0 0 0 0 8 0 0 0 0 0 0 0 25 0 0 4 0 2 56 0 4 57 0 0 0 0 0 0 0 0 0 0 0 0 0 0 0 0 9 0 0 0 0 
 0 0 0 2 0 0 0 0 16 3 4 0 0 2 0 0 0 0 0 0 0 0 1 0 0 63 6 0 0 129 0 0 0 0 9 0 0 0 0 0 188 86 114 107 220 69 46 196 99 101 119 256 86 0 314 87 21 105 299 166 0 0 3 0 31 0 0 0 0 0 0 0 0 0 0 0 0 0 0 2 0 0 0 0 0 0 0 0 0 0 0 0 0 0 0 0 0 0 0 0 0 0 0 2 0 0 0 0 10 7 0 12 2 0 0 0 0 0 0 0 10 32 12 3 0 0 0 9 37 40 33 17 0 22 5 7 16 35 11 7 0 0 0 0 0 0 0 0 0 0 0 0 0 0 0 0 0 0 0 1 0 0 0 0 0 0 0 10 0 0 0 0 0 0 0 6 0 0 1 0 0 0 0 0 0 7 0 0 0 8 0 0 0 0 0 0 0 1 0 0 8 17 0 1 28 15 14 15 31 17 16 10 5 4 39 1 22 48 9 5 0 0 0 0 0 0 0 0 0 0 0 0 0 0 12 0 0 0 17 0 0 0 0 0 0 0 0 0 0 0 0 23 0 2 0 0 0 0 0 2 0 0 7 35 0 2 0 0 0 0 0 0 0 0 0 0 0 0 0 0 0 0 5 0 17 0 0 0 0 0 
 0 0 6 0 0 3 0 0 21 0 0 0 3 2 27 0 4 0 0 0 0 0 0 0 0 0 0 0 0 0 0 0 0 0 2 0 0 5 4 0 58 115 114 140 73 113 171 86 153 174 96 256 36 314 0 75 113 351 97 200 3 0 3 0 0 4 0 0 3 6 4 0 52 1 6 0 0 2 0 0 0 0 0 0 0 0 0 0 0 0 0 0 0 0 0 0 0 0 0 0 0 0 0 12 0 1 0 0 0 0 0 0 0 0 0 0 0 0 0 0 2 43 65 12 0 0 0 7 15 21 71 39 0 11 0 21 40 1 10 0 0 33 4 0 0 0 0 0 0 6 0 0 9 1 0 0 11 1 0 0 0 0 0 0 0 0 0 6 0 0 0 0 0 0 0 0 0 0 0 0 0 0 0 0 0 0 0 0 0 0 0 0 0 0 0 0 0 0 0 0 0 0 6 1 1 10 10 8 30 1 11 85 0 0 11 7 0 8 10 0 0 0 4 3 0 0 10 0 0 0 0 4 0 16 0 0 0 0 11 11 0 0 14 0 0 0 0 0 0 17 0 8 0 3 0 0 0 0 1 0 0 0 0 64 2 3 2 0 0 0 0 0 0 0 0 0 0 0 0 0 0 0 0 0 19 0 0 0 0 0 
 0 0 0 0 0 2 3 0 0 0 0 0 0 0 0 0 0 0 0 0 6 0 0 0 92 63 0 0 0 2 3 65 0 0 3 0 0 3 2 0 33 55 39 135 66 119 104 60 54 92 77 38 112 87 75 0 62 105 208 67 0 0 0 0 0 0 0 0 0 0 0 0 52 50 7 0 0 0 0 24 0 0 0 0 0 0 0 0 0 0 0 0 0 0 0 0 0 0 0 0 0 0 0 0 0 40 0 0 0 0 0 0 0 0 0 0 0 0 0 0 0 24 14 0 13 0 0 14 40 0 0 0 7 33 32 19 0 0 33 12 0 3 0 0 0 0 0 0 0 0 8 0 12 0 0 0 0 9 0 9 0 0 0 6 0 0 0 0 0 0 0 0 0 0 4 0 0 0 0 0 0 0 0 0 0 0 0 0 0 0 0 0 0 0 0 0 0 0 0 0 8 0 10 0 0 9 11 0 12 14 35 1 21 21 0 3 2 0 5 11 0 0 0 0 0 0 10 0 7 12 0 0 0 10 0 0 0 0 0 0 0 0 0 0 0 0 0 0 0 0 0 22 0 2 0 0 0 0 1 0 0 0 0 0 0 1 0 1 0 0 0 0 0 0 0 0 0 0 0 0 0 0 0 0 0 0 0 0 0 0 
 0 0 0 0 0 0 0 1 0 3 0 0 0 0 0 0 0 0 0 3 6 13 0 0 84 0 3 17 4 0 2 3 2 3 3 0 0 3 0 0 109 123 181 108 49 287 39 177 94 120 96 90 168 21 113 62 0 138 103 81 2 0 0 2 0 2 0 0 0 0 0 0 0 12 7 2 2 0 5 1 3 0 0 0 0 0 0 0 0 0 0 0 0 0 0 0 0 0 0 0 4 0 41 5 0 14 0 0 0 2 0 1 22 0 36 1 1 8 0 0 22 45 18 37 26 0 0 0 10 1 20 49 11 25 27 8 9 0 18 0 13 0 0 0 0 0 0 0 0 0 0 0 6 0 0 0 0 0 0 0 0 0 0 0 0 0 3 0 0 0 0 0 0 3 0 0 0 0 1 9 14 0 4 3 0 0 0 3 33 1 5 3 0 0 0 26 1 3 0 0 8 9 7 0 7 10 10 9 0 19 30 10 20 29 31 16 13 17 15 15 0 0 0 0 0 0 10 0 0 2 0 0 0 0 0 0 0 0 0 1 0 0 21 0 0 0 0 0 0 0 0 15 0 0 0 0 0 0 0 15 0 0 0 0 1 10 4 5 0 0 0 0 0 0 0 0 0 0 0 0 0 0 0 0 11 15 0 1 0 0 
 0 0 0 1 0 0 0 1 78 0 0 0 3 0 0 0 3 0 0 0 68 6 0 0 0 0 208 0 0 0 54 2 0 61 2 0 0 2 0 0 104 44 153 449 36 351 25 410 266 334 72 455 109 105 351 105 138 0 113 81 0 0 0 0 0 0 0 0 2 0 0 0 57 1 1 0 0 0 3 0 0 0 0 0 0 0 0 0 0 0 0 0 0 0 0 0 0 0 0 0 0 0 0 0 0 1 0 0 0 0 0 0 0 0 0 0 0 0 0 0 11 0 9 31 9 0 0 1 10 49 37 4 0 13 13 0 19 31 0 0 1 0 0 0 0 0 0 0 0 0 0 0 0 0 6 0 0 1 0 10 0 0 0 0 0 0 0 6 0 0 0 0 0 0 0 0 0 0 0 0 0 0 1 0 0 0 0 0 0 0 0 0 0 0 0 0 0 0 0 0 8 17 20 0 9 0 0 17 43 1 16 14 6 11 30 34 0 13 0 0 0 0 0 0 0 0 8 0 0 0 0 0 0 17 0 0 0 0 0 14 0 0 0 0 0 0 0 0 0 0 0 13 0 2 0 0 0 0 2 2 0 2 2 63 2 4 1 65 3 0 0 0 0 0 0 0 0 0 0 0 0 0 0 0 15 5 0 19 0 0 
 0 0 0 2 0 0 0 0 37 0 0 0 11 2 0 0 0 5 3 5 2 2 2 66 127 2 2 2 66 69 20 6 2 2 2 2 2 66 10 2 53 56 184 175 60 57 310 65 298 350 246 46 85 299 97 208 103 113 0 108 0 0 0 0 1 0 7 0 0 0 0 0 0 0 7 0 0 0 0 0 5 3 0 0 0 0 0 0 0 0 0 6 9 0 0 0 0 0 0 3 0 1 0 0 18 33 10 0 0 0 0 18 0 0 0 0 0 0 0 0 24 28 9 9 22 0 0 3 0 0 1 23 7 19 29 5 0 0 23 33 4 10 0 0 0 0 0 0 0 0 0 0 21 0 0 0 0 0 0 0 0 0 0 0 0 0 6 0 0 0 0 0 0 0 0 1 0 0 0 2 0 0 0 0 9 4 0 0 0 0 9 0 0 0 0 0 1 8 0 0 13 13 4 0 0 3 0 0 1 21 41 21 31 39 6 13 8 0 7 24 0 0 0 0 0 0 0 0 0 0 0 0 0 0 0 0 0 0 0 0 0 0 0 0 0 0 0 0 0 0 0 8 0 0 0 11 0 0 64 0 0 0 0 0 0 2 3 1 0 0 0 0 0 0 0 1 0 0 0 0 0 0 0 0 1 0 0 0 0 0 
 0 0 3 0 0 0 0 0 0 0 0 0 0 2 0 0 6 0 0 0 0 0 72 64 33 127 2 0 63 125 63 3 0 0 81 30 0 63 0 0 252 53 135 162 309 51 78 103 69 233 66 87 302 166 200 67 81 81 108 0 0 0 0 0 6 0 0 0 0 0 63 0 0 5 0 0 0 0 2 1 0 5 0 0 0 0 0 0 0 0 0 13 0 0 0 0 0 0 0 0 0 10 0 3 24 9 0 0 0 12 0 26 0 0 0 0 0 0 0 0 47 0 66 3 0 5 3 1 0 34 0 0 0 5 0 0 14 0 23 36 8 0 0 0 0 0 3 0 32 0 0 0 0 12 9 0 0 0 0 0 0 0 0 7 0 0 0 0 0 0 0 0 0 0 6 5 0 0 0 0 0 0 0 0 12 22 0 0 8 0 17 20 0 0 0 0 25 0 0 0 0 9 0 0 0 0 0 0 0 0 14 14 20 20 22 13 17 36 15 11 0 0 0 0 0 0 5 0 0 1 0 0 0 23 8 0 0 0 1 1 0 0 0 0 0 0 0 0 0 0 0 2 0 0 0 0 0 61 65 0 0 0 3 0 3 1 0 0 2 0 0 0 0 0 0 0 3 2 0 0 0 0 0 0 5 0 0 0 0 0 
 2 2 2 3 2 2 3 2 2 2 2 2 2 2 2 2 2 2 3 2 7 0 0 0 0 0 0 0 0 0 0 0 0 0 0 0 0 0 0 0 0 0 0 4 24 0 0 1 0 0 0 0 2 0 3 0 2 0 0 0 0 136 137 91 80 278 191 157 45 86 86 75 75 74 92 100 291 38 115 49 0 0 0 0 0 0 0 0 0 0 0 0 9 0 0 0 7 0 0 0 0 0 0 0 0 0 0 0 0 0 0 0 0 0 0 0 0 0 0 0 0 0 0 0 10 4 0 0 0 0 0 9 0 0 0 0 0 0 0 0 0 28 47 18 1 14 1 9 23 16 24 1 0 0 1 25 17 2 7 0 4 0 0 2 38 0 0 0 4 0 0 0 0 0 0 0 0 0 0 0 0 0 0 0 0 0 0 0 0 0 0 0 0 0 0 0 0 0 0 0 0 0 0 10 11 8 0 0 0 0 0 0 0 6 0 0 0 0 0 0 41 21 29 29 0 21 0 24 48 22 13 13 21 10 20 16 0 3 0 1 14 0 0 0 0 0 0 0 0 0 0 0 0 1 1 0 0 0 0 0 0 0 51 0 0 0 0 0 0 0 7 0 0 0 0 1 0 0 0 0 0 0 0 0 0 0 0 0 0 0 
