 0 124 278 74 46 80 49 137 263 27 76 114 150 113 527 47 33 95 147 55 0 7 0 0 0 1 0 0 0 0 1 0 0 0 0 0 0 0 0 3 0 0 2 0 1 0 0 0 28 0 0 0 0 0 65 0 0 0 0 0 0 2 0 0 0 9 0 4 0 0 0 0 0 3 0 3 0 0 0 2 57 46 0 1 1 12 22 36 27 57 30 10 4 1 0 13 16 10 21 13 0 0 0 0 0 0 0 0 0 0 0 0 0 0 2 0 2 1 0 0 0 0 0 0 0 0 0 0 0 0 0 0 0 0 0 0 0 0 0 0 0 0 2 0 0 0 0 0 0 0 0 0 0 0 0 0 0 0 0 0 10 51 0 0 0 0 0 9 14 23 15 1 24 17 40 34 11 25 0 21 0 0 0 0 1 0 0 0 0 0 0 0 1 0 0 0 0 0 0 0 1 0 0 0 0 0 0 0 0 1 0 0 0 0 0 0 0 0 0 0 0 0 0 0 0 0 0 0 0 0 0 0 0 0 0 0 19 0 0 0 0 0 0 0 0 2 0 0 0 94 1 13 0 0 0 0 0 0 0 0 0 0 0 0 0 0 0 0 0 0 0 0 0 0 0 0 20 0 0 0 3 0 0 0 0 0 0 0 0 0 
 124 0 584 162 254 36 299 152 142 148 263 129 129 95 282 443 382 237 50 261 0 3 0 0 0 0 0 1 0 3 2 0 2 2 0 2 43 5 0 5 63 0 3 0 2 3 0 0 0 0 0 0 0 0 0 0 0 0 0 0 0 2 0 0 0 13 40 5 0 0 0 0 0 3 0 3 0 0 0 2 9 76 13 9 5 0 10 20 11 38 1 19 33 37 9 0 1 0 15 52 0 0 0 0 0 0 0 0 0 0 0 0 0 0 0 0 0 3 0 0 0 0 0 0 0 0 0 2 2 0 1 0 0 0 0 0 0 0 0 1 0 0 6 0 0 0 0 0 0 0 0 0 0 0 0 0 0 0 0 0 3 29 3 0 0 2 0 33 25 15 31 36 0 11 11 22 37 40 2 0 0 0 0 0 0 0 0 0 0 0 0 0 1 0 0 0 0 0 1 0 0 0 0 0 0 0 0 0 0 0 0 0 0 0 0 0 0 0 0 1 0 1 0 0 0 1 0 0 2 2 0 0 0 0 0 0 0 0 0 0 0 0 0 0 0 0 91 0 2 89 14 4 0 0 0 0 0 0 1 0 0 0 0 0 0 0 1 0 0 0 0 0 0 0 0 21 0 0 0 0 0 0 0 18 0 0 0 0 0 0 
 278 584 0 170 510 194 158 91 92 161 130 143 302 263 273 831 436 70 41 288 0 6 0 0 0 0 0 2 2 0 2 0 74 0 0 0 1 2 98 12 0 0 2 0 1 0 0 67 64 0 0 0 0 0 0 0 0 20 0 0 0 4 0 0 0 5 0 3 0 0 0 0 0 3 0 3 0 0 0 2 3 14 29 28 2 0 4 1 19 32 33 0 12 20 12 30 19 33 46 22 1 2 0 0 0 0 16 0 0 0 0 0 0 0 0 0 0 0 6 5 2 0 0 0 0 0 2 1 1 0 2 0 0 0 0 0 0 0 0 1 0 0 0 0 0 0 0 0 0 0 0 19 0 0 0 0 0 10 11 0 23 2 11 18 34 11 0 0 1 8 72 26 0 0 0 32 16 0 13 14 0 20 0 0 0 0 15 15 0 0 0 0 2 1 10 14 3 0 11 0 0 0 0 0 0 2 0 0 0 0 0 0 0 0 16 0 0 0 0 2 0 2 3 0 0 0 0 0 1 1 0 0 0 0 0 0 0 0 0 0 0 0 2 0 0 2 187 0 7 0 3 0 6 0 0 0 0 0 0 0 0 0 75 0 0 0 2 0 0 0 0 0 0 0 0 18 0 0 0 0 0 0 0 0 0 0 0 0 0 0 
 74 162 170 0 96 136 159 54 148 224 66 48 180 280 569 130 53 298 78 62 0 9 0 0 0 0 0 36 6 0 0 1 0 0 74 0 2 0 1 75 4 0 1 6 0 4 0 0 0 0 0 2 0 0 0 0 0 7 0 0 0 2 6 0 0 3 2 3 0 0 0 0 0 3 0 2 0 0 0 2 21 0 10 10 5 75 29 5 2 0 80 9 21 18 9 24 0 20 0 32 1 0 0 0 0 0 8 0 0 0 0 0 11 0 17 0 0 0 18 0 0 0 0 0 0 0 0 0 0 0 0 1 0 0 0 0 0 0 0 0 0 0 2 0 0 0 0 0 0 0 0 0 0 0 0 0 0 0 0 0 20 10 32 11 1 8 0 32 0 1 2 35 2 0 0 10 23 24 0 0 0 0 0 0 0 1 0 0 0 14 0 0 10 0 1 1 0 0 10 12 0 0 0 0 0 0 0 0 0 0 0 3 0 0 0 0 0 0 0 0 0 0 0 21 0 0 0 0 0 0 0 0 0 0 0 0 0 0 0 0 0 0 0 0 0 3 90 2 1 4 0 6 0 0 0 0 0 0 2 0 0 0 20 0 0 0 0 0 0 0 0 0 0 0 0 21 22 0 0 0 0 0 0 0 0 0 0 0 0 0 
 46 254 510 96 0 138 26 155 172 95 168 142 67 82 259 286 145 67 64 93 0 7 0 0 1 0 2 44 0 0 0 0 4 2 50 7 0 78 27 76 0 2 2 4 3 3 0 0 0 1 0 0 0 0 0 0 0 0 0 0 1 2 0 0 2 4 0 5 0 0 0 0 0 3 37 4 3 0 0 3 1 41 9 44 0 23 0 0 1 27 11 13 0 1 1 16 20 24 0 0 15 14 0 0 0 0 19 0 18 0 1 0 1 15 9 0 0 7 25 11 0 0 1 1 1 0 0 0 0 0 0 0 0 0 0 0 0 0 0 0 2 0 0 0 0 0 0 0 0 0 0 0 0 0 0 0 1 0 6 0 2 17 0 11 23 18 0 0 0 8 24 11 0 1 0 16 5 0 0 0 0 1 10 0 0 0 8 3 0 25 0 0 14 28 0 0 13 0 1 0 0 1 0 0 0 0 0 0 0 0 0 0 0 0 0 0 0 0 0 0 0 0 0 0 0 0 0 0 0 0 0 0 0 1 0 1 0 0 0 0 0 0 0 0 0 3 5 0 96 52 0 2 10 0 0 0 0 0 0 0 0 0 0 0 0 0 0 0 0 0 0 0 0 0 0 0 36 0 0 0 0 0 0 0 0 0 0 0 0 0 
 80 36 194 136 138 0 35 127 191 96 114 137 31 138 337 81 92 111 38 253 1 3 0 1 0 0 66 0 73 62 212 0 79 73 73 0 0 3 299 3 31 0 2 0 1 0 3 0 0 0 0 0 0 0 0 0 0 5 0 0 0 6 0 0 0 3 0 3 0 36 0 0 0 3 0 2 0 0 0 2 16 0 19 28 3 74 24 0 0 19 21 10 0 0 0 23 0 30 0 0 32 34 0 0 0 0 0 0 0 9 0 17 14 1 2 35 1 4 1 11 0 0 0 0 0 2 0 0 0 0 0 0 0 0 0 0 0 0 1 0 0 0 0 0 0 2 0 0 0 0 0 0 0 0 0 0 0 0 10 0 0 0 0 24 27 24 0 0 0 5 36 9 0 0 0 1 0 0 0 1 25 9 15 2 0 0 0 3 19 0 17 19 59 0 17 13 0 0 26 18 0 0 0 0 0 0 0 0 0 0 0 0 0 0 0 0 0 0 0 0 0 0 41 0 0 23 0 0 0 0 0 2 0 0 7 0 0 0 2 0 0 2 0 0 0 2 1 0 10 6 0 4 0 0 0 0 0 0 0 0 0 0 0 0 0 0 0 0 0 2 0 0 0 0 0 0 20 0 0 0 0 0 0 0 0 0 0 0 0 0 
 49 299 158 159 26 35 0 326 126 30 400 99 198 65 426 109 43 46 43 36 0 3 0 0 0 0 88 0 1 0 0 75 0 0 0 0 0 0 0 4 35 0 3 0 2 0 0 0 0 0 0 0 0 0 0 0 0 0 0 0 0 3 0 0 0 7 0 3 0 1 0 0 1 3 0 3 0 0 0 3 4 47 0 27 5 0 0 28 11 8 12 15 34 34 22 0 0 0 0 14 0 0 0 0 2 0 18 2 0 0 0 0 0 0 0 0 0 0 8 0 0 11 0 0 0 0 0 0 0 0 0 0 0 0 0 0 0 0 0 0 0 0 0 0 0 0 0 0 0 2 0 0 0 0 1 0 0 0 0 2 1 16 15 2 2 0 0 14 1 14 24 42 0 0 9 30 39 25 0 4 0 0 0 0 0 0 0 0 0 0 0 0 1 0 0 0 0 0 0 17 0 0 2 0 0 0 0 0 0 0 0 0 0 0 0 0 0 0 0 0 0 0 0 0 1 0 0 0 0 0 0 0 1 0 0 0 0 0 0 1 0 0 0 0 0 0 89 0 90 89 0 0 0 0 0 0 0 0 0 0 0 0 0 0 0 0 0 0 0 0 0 0 0 0 0 20 0 0 0 0 0 0 0 0 0 0 0 0 0 0 
 137 152 91 54 155 127 326 0 65 118 124 29 103 81 140 113 141 41 51 150 0 3 0 0 0 1 0 1 0 0 0 0 0 0 0 0 0 0 76 3 0 0 2 0 1 0 0 0 0 0 0 0 0 0 2 0 0 0 0 0 0 2 0 0 0 3 0 3 0 0 0 0 0 3 0 3 0 0 0 2 18 28 36 11 0 0 0 15 9 5 0 0 0 0 34 11 1 20 22 0 0 0 0 0 0 0 0 0 0 0 0 12 0 0 0 0 0 0 0 0 0 0 0 0 0 0 0 0 0 0 0 0 0 0 0 0 0 0 0 0 0 0 0 0 0 0 0 0 0 0 0 0 0 0 0 0 0 0 4 0 0 0 4 15 9 19 67 11 23 7 15 14 0 16 7 15 19 7 15 33 0 0 0 0 0 0 0 0 0 0 0 0 1 0 0 9 0 0 0 0 0 0 0 0 0 0 0 0 0 0 0 0 0 0 0 0 0 0 0 0 0 0 0 0 0 0 0 0 0 0 0 0 0 0 0 0 0 0 0 0 0 0 0 0 0 1 90 0 1 0 0 8 0 0 0 0 0 0 0 0 0 0 0 0 0 0 0 0 0 0 0 0 0 0 0 14 0 0 0 0 0 0 0 0 0 0 0 0 0 0 
 263 142 92 148 172 191 126 65 0 163 119 59 175 323 217 164 230 263 258 99 0 3 0 0 0 2 0 77 0 0 3 0 71 0 0 0 2 0 73 3 0 0 0 0 0 0 0 0 0 0 0 0 0 0 0 0 0 0 0 0 0 2 0 0 0 9 0 11 0 0 3 0 0 3 0 2 0 0 0 2 27 15 23 1 0 30 15 13 13 20 12 34 0 12 0 37 9 42 6 0 0 0 0 0 0 0 0 0 12 0 0 2 0 0 0 0 0 0 0 0 0 2 0 0 0 0 0 0 13 0 0 0 0 0 0 0 0 0 2 0 0 0 0 0 0 3 0 0 0 0 0 0 0 0 0 0 0 0 5 0 36 10 0 0 1 10 0 2 28 27 29 13 0 25 20 1 13 40 0 16 0 0 0 0 0 6 0 0 0 0 0 0 24 0 0 10 0 0 0 0 0 0 0 0 0 0 0 0 0 0 0 0 0 0 0 0 0 0 0 0 0 15 0 0 0 0 0 0 0 0 0 0 0 0 0 0 0 0 0 0 0 0 0 0 0 0 0 1 5 105 22 0 0 0 0 0 0 0 0 0 0 0 0 0 0 0 0 0 0 0 0 0 0 0 0 11 17 11 0 0 0 0 0 0 0 0 0 0 0 0 
 27 148 161 224 95 96 30 118 163 0 315 150 73 72 90 65 125 146 78 103 73 5 2 0 0 0 151 150 0 0 2 20 76 0 2 0 0 0 102 23 0 0 2 0 1 0 2 0 0 0 0 0 1 0 4 0 0 0 0 0 0 2 0 0 0 3 0 3 0 0 0 0 0 3 0 3 0 0 0 2 0 0 62 76 78 26 13 16 0 19 46 18 19 9 30 15 35 32 0 15 0 0 0 0 0 0 8 13 21 0 0 0 11 0 0 0 0 0 48 15 0 0 1 0 1 0 0 0 0 0 0 0 0 1 0 0 0 0 0 0 0 0 0 0 0 0 0 0 0 0 2 0 0 0 0 0 0 0 7 0 0 0 0 52 32 31 0 14 0 19 13 4 0 0 0 0 5 0 0 0 19 0 0 0 1 0 21 4 0 0 0 0 16 35 0 0 0 0 14 8 0 0 0 0 0 0 0 0 0 0 0 0 0 0 0 0 0 0 0 0 0 0 2 0 0 0 0 0 0 0 0 0 0 0 0 0 0 0 0 0 0 15 0 0 0 0 16 0 2 2 3 0 0 0 1 0 0 0 0 0 0 0 1 0 0 0 0 0 0 0 0 0 0 9 0 0 0 0 0 0 0 0 0 0 0 0 0 0 0 10 
 76 263 130 66 168 114 400 124 119 315 0 217 46 264 166 146 173 364 42 63 73 3 0 0 0 2 79 1 0 1 73 0 73 0 0 0 0 3 23 3 43 0 2 0 1 0 0 1 0 0 0 0 0 0 0 0 0 0 0 0 4 2 0 0 0 10 0 5 0 0 0 0 37 3 0 3 84 0 0 2 0 17 29 27 48 14 12 27 0 22 0 8 0 14 14 28 0 13 0 8 0 0 0 0 0 0 0 0 0 0 0 0 9 0 0 0 0 0 47 14 0 0 0 0 0 0 0 0 0 0 0 1 0 0 0 0 0 0 0 0 0 0 0 0 0 0 0 0 0 0 0 0 0 0 0 0 0 0 13 0 18 3 39 33 64 26 0 1 0 29 28 1 1 0 0 21 36 14 0 0 0 0 0 0 0 2 24 0 0 0 0 2 15 9 0 0 0 2 1 7 0 0 0 0 0 0 0 0 0 0 0 1 0 0 0 0 0 0 0 0 0 0 0 0 0 0 0 0 0 0 0 0 0 0 0 0 2 0 0 0 0 9 0 0 0 5 4 0 4 183 0 6 0 0 0 0 0 0 0 0 0 0 18 0 0 0 0 0 0 0 0 0 0 0 0 6 0 0 0 0 0 0 0 0 0 0 0 0 0 0 
 114 129 143 48 142 137 99 29 59 150 217 0 22 22 60 31 525 93 30 41 67 213 0 0 1 0 98 154 74 2 0 0 212 2 0 0 6 1 98 134 0 0 0 0 0 0 0 0 0 0 0 0 32 0 0 0 0 29 0 0 10 2 0 0 0 10 0 4 0 0 0 0 0 3 0 2 0 0 0 2 1 10 11 0 19 0 0 6 1 15 13 0 0 1 0 0 19 50 0 0 13 3 1 0 0 0 23 14 41 2 0 0 26 19 17 0 0 3 64 24 0 0 1 0 0 0 0 0 11 0 0 0 0 0 0 0 0 0 0 0 0 0 0 0 19 0 0 0 0 0 11 0 0 0 0 0 0 0 0 0 1 10 0 7 20 58 0 0 0 0 0 9 0 0 0 29 30 0 0 0 28 20 11 31 0 0 37 106 11 1 0 0 1 12 11 40 22 0 15 11 0 0 0 0 0 0 0 0 0 0 0 0 0 0 0 0 0 0 0 0 13 0 2 0 0 0 0 0 0 0 0 0 0 0 0 0 0 0 0 0 0 0 0 0 0 0 86 0 4 2 0 10 22 0 0 0 0 0 0 0 0 21 0 0 0 0 0 0 0 0 0 0 0 0 0 0 0 0 0 0 0 0 0 0 0 0 0 0 0 0 
 150 129 302 180 67 31 198 103 175 73 46 22 0 199 55 40 112 112 587 164 0 4 0 0 0 0 0 0 0 0 1 0 0 1 0 1 0 0 0 2 0 0 3 0 3 0 0 0 0 0 0 0 0 0 2 0 0 2 0 0 0 3 0 0 0 3 0 10 0 1 0 0 1 3 0 3 0 0 0 3 28 0 39 0 7 0 0 0 50 0 14 8 0 10 2 45 25 32 23 28 0 0 0 0 0 0 0 0 1 0 0 0 0 0 0 0 0 0 0 0 0 0 0 0 0 0 0 0 0 0 0 0 0 0 0 0 0 2 0 16 0 0 0 0 0 0 0 0 0 0 0 2 0 0 0 0 0 0 0 0 42 0 0 0 0 0 34 0 1 3 1 1 11 0 13 0 0 10 0 13 0 1 0 0 0 0 0 0 0 0 0 0 0 0 1 0 0 0 10 0 0 0 0 0 0 0 0 0 0 0 0 0 0 0 0 2 0 0 0 0 16 0 0 0 0 0 0 0 0 0 0 0 0 0 0 0 0 0 0 0 0 0 0 0 2 0 1 0 0 1 0 0 0 0 0 0 0 0 0 0 0 0 0 0 0 0 0 0 0 0 0 0 0 0 0 18 0 0 0 0 0 0 0 0 0 0 0 0 0 0 
 113 95 263 280 82 138 65 81 323 72 264 22 199 0 206 218 122 205 468 94 2 3 0 0 0 0 3 0 0 0 2 0 0 75 0 0 0 3 0 2 0 2 3 0 2 0 0 0 35 3 0 2 0 0 4 0 0 0 1 0 0 2 1 1 0 3 3 7 0 1 1 2 0 3 1 4 0 1 2 2 47 0 65 0 5 1 22 13 60 29 0 27 27 33 9 27 66 17 14 18 0 0 0 0 0 0 0 0 0 2 0 0 0 0 0 0 0 0 0 0 0 1 0 0 0 0 0 0 0 0 0 0 0 0 0 0 0 0 1 0 0 0 0 0 0 0 0 0 0 0 0 5 0 0 0 0 0 27 0 0 13 5 0 0 0 0 54 38 14 2 7 20 2 28 0 20 23 21 42 13 0 0 0 0 0 0 0 0 0 0 0 0 1 0 0 0 0 0 0 0 22 0 0 0 0 0 0 0 0 0 10 0 0 0 0 0 0 0 0 0 0 0 12 0 0 0 0 0 0 0 0 0 0 0 0 0 0 0 0 0 0 0 0 0 0 1 87 0 2 3 18 8 0 0 0 0 0 2 0 0 0 0 0 0 0 0 0 0 0 0 0 0 0 2 0 40 0 0 0 0 0 0 0 0 0 0 0 0 0 0 
 527 282 273 569 259 337 426 140 217 90 166 60 55 206 0 368 267 471 95 313 0 3 0 0 0 0 0 0 0 0 0 0 0 25 0 0 0 1 1 3 0 0 2 0 1 0 0 0 0 0 0 0 0 0 5 0 0 0 0 0 0 2 0 0 0 12 0 3 0 0 0 0 0 3 0 2 0 0 0 2 43 25 17 20 13 13 5 17 20 33 3 14 20 23 7 20 0 0 8 0 0 0 0 0 0 10 14 0 0 0 0 0 0 0 0 0 0 0 10 51 0 0 0 1 0 0 0 0 0 0 0 0 0 0 0 0 0 0 0 0 0 0 28 0 0 0 0 0 0 0 0 0 0 0 0 0 0 0 11 0 2 15 2 9 19 0 0 17 54 0 14 44 0 26 3 54 27 18 20 15 6 0 0 0 0 0 13 0 0 0 0 0 0 1 0 0 0 0 0 0 0 0 0 0 0 0 0 0 0 0 0 0 0 0 0 0 0 0 0 0 0 0 0 0 0 0 0 0 0 0 0 0 0 0 0 0 0 0 0 0 0 0 0 0 0 2 9 0 5 92 20 9 10 0 0 0 0 0 0 0 0 0 0 0 0 0 0 0 0 0 0 0 0 0 0 26 31 0 0 0 0 0 0 0 0 0 0 0 0 0 
 47 443 831 130 286 81 109 113 164 65 146 31 40 218 368 0 61 35 24 78 0 4 0 0 0 0 0 2 0 0 1 0 1 2 0 2 1 0 4 2 0 43 3 0 2 0 0 0 0 0 0 0 0 0 0 0 0 0 0 0 0 3 0 0 0 3 0 3 0 1 0 0 43 3 0 3 0 0 0 3 37 0 27 25 7 39 7 0 0 11 13 0 0 3 12 15 0 1 0 2 0 0 0 8 19 0 0 0 0 0 0 0 0 0 0 0 0 0 12 0 0 0 0 0 0 0 2 0 0 0 0 0 0 0 0 0 0 0 0 0 0 0 0 1 1 0 0 0 0 0 0 0 0 0 0 0 0 0 1 0 1 7 0 12 56 1 0 16 12 0 15 8 0 21 25 0 24 14 1 0 0 0 0 26 0 0 0 0 0 0 0 0 0 13 0 0 0 0 0 0 0 0 0 0 0 0 0 0 0 0 0 0 0 1 0 0 0 0 0 2 0 0 0 0 2 1 0 0 0 0 1 2 0 0 0 0 0 0 0 0 0 0 0 0 0 0 96 0 0 46 10 13 0 0 0 0 0 0 0 0 0 0 0 0 0 0 2 0 0 0 17 0 0 0 0 11 41 0 0 0 0 0 0 0 0 0 0 0 0 1 
 33 382 436 53 145 92 43 141 230 125 173 525 112 122 267 61 0 92 281 114 0 2 0 1 0 0 0 0 1 0 1 0 2 0 0 0 0 0 61 76 0 0 0 0 0 0 0 0 0 0 0 0 0 0 0 0 0 0 0 0 0 2 0 0 0 3 0 6 0 0 0 0 0 3 0 2 0 2 0 2 11 35 5 60 0 10 0 34 8 32 1 35 24 21 0 41 25 31 15 15 0 0 0 0 1 0 33 0 0 0 0 0 0 0 1 0 0 0 0 42 0 0 0 0 0 0 0 0 0 0 0 0 0 0 2 0 0 0 0 0 0 0 0 0 0 0 0 0 0 1 0 0 0 0 0 0 0 0 6 1 11 19 0 28 11 2 0 15 1 19 45 8 0 0 17 2 10 13 0 0 0 0 0 0 0 0 15 0 0 0 0 0 20 0 0 0 0 0 0 0 0 0 2 0 0 0 0 0 0 0 0 0 0 0 0 0 0 0 0 0 1 0 0 0 2 0 0 0 0 0 0 0 1 0 0 0 0 0 0 0 0 0 0 0 0 2 4 0 91 85 0 3 0 0 0 0 0 0 2 0 0 0 0 0 0 0 1 1 0 0 0 0 0 0 0 11 44 0 0 0 0 0 0 0 0 0 0 0 0 0 
 95 237 70 298 67 111 46 41 263 146 364 93 112 205 471 35 92 0 89 49 0 6 0 2 0 1 2 82 0 1 3 1 106 0 0 2 2 1 0 22 12 4 3 0 6 6 0 0 0 2 0 0 0 0 0 0 0 0 0 0 0 2 0 0 2 3 0 3 0 0 0 0 0 3 0 3 6 0 0 2 21 0 21 12 59 52 31 1 0 30 31 30 0 2 18 9 0 2 0 1 0 0 0 0 0 0 23 29 0 0 0 0 10 21 0 0 0 0 45 0 0 0 0 0 0 1 0 0 0 0 0 0 16 0 0 0 0 0 0 0 0 0 0 0 0 2 0 0 0 0 20 0 0 0 0 0 0 0 2 0 25 10 20 15 14 57 0 13 13 0 0 0 0 12 11 1 0 20 0 0 0 0 0 0 0 0 0 0 2 1 0 0 34 21 0 6 0 1 13 6 0 0 0 0 0 0 0 0 0 0 0 0 0 0 0 0 0 0 0 0 0 0 0 0 0 0 0 0 0 0 0 2 0 0 0 0 0 0 2 0 0 21 0 0 0 2 2 0 5 2 15 9 0 0 0 0 0 0 0 0 0 0 18 0 0 0 0 0 0 2 0 0 0 0 0 0 16 18 0 0 0 0 0 0 0 0 0 0 0 0 
 147 50 41 78 64 38 43 51 258 78 42 30 587 468 95 24 281 89 0 226 0 4 0 0 0 2 0 0 0 1 0 0 0 0 0 0 0 0 0 3 0 0 2 0 1 0 0 0 0 0 0 0 0 0 1 0 0 0 0 0 0 2 0 0 0 8 3 14 0 43 0 0 0 3 0 2 0 0 0 2 1 16 0 0 0 1 0 12 20 0 17 10 12 3 37 11 6 24 0 13 0 0 0 0 0 0 0 0 14 2 0 0 0 0 0 0 0 0 0 0 0 0 0 0 0 0 0 0 0 0 0 0 0 0 0 0 0 0 0 0 0 0 0 0 0 0 0 0 0 0 0 0 0 0 0 0 0 0 0 0 10 0 2 0 0 0 28 10 0 18 16 0 0 18 21 19 0 32 14 27 0 0 0 0 0 0 0 0 0 0 1 0 0 0 0 0 0 0 0 0 0 0 0 0 0 0 0 0 0 0 0 0 0 0 0 0 0 0 0 0 0 0 0 0 0 0 0 0 0 0 0 0 0 0 13 0 0 0 0 0 0 0 0 0 0 3 2 1 2 93 0 10 0 0 0 0 0 0 0 0 0 0 0 0 0 0 0 0 0 0 0 0 0 0 0 11 0 0 0 0 0 0 0 0 0 0 0 0 0 0 
 55 261 288 62 93 253 36 150 99 103 63 41 164 94 313 78 114 49 226 0 0 5 0 0 0 0 0 0 0 0 2 3 0 1 0 1 0 2 0 6 0 0 3 0 2 0 0 0 0 0 0 0 0 0 0 0 0 0 0 0 0 5 0 0 0 8 2 3 2 0 0 0 0 3 0 4 0 0 51 2 0 41 0 0 1 0 6 21 15 38 20 0 13 22 33 5 10 0 42 75 0 0 0 0 0 0 0 0 0 0 0 0 0 0 0 0 0 0 0 0 0 0 1 0 1 0 0 11 0 0 0 0 0 0 0 0 0 0 0 0 0 0 0 0 0 38 0 0 0 0 1 0 0 0 11 0 1 0 0 20 3 21 0 0 0 0 11 19 8 0 0 1 46 16 27 17 0 0 0 2 0 0 0 0 0 0 0 2 0 0 0 0 14 0 0 0 0 0 0 0 0 0 7 0 0 0 0 0 0 0 0 0 0 0 0 0 0 0 0 1 0 0 1 0 0 0 0 0 0 0 0 23 0 0 0 0 0 0 0 0 0 0 0 0 0 2 0 0 1 0 2 3 0 0 0 0 0 0 0 0 0 0 0 0 0 0 0 0 0 0 0 0 0 0 0 0 0 0 0 0 0 0 0 0 0 0 0 0 0 0 
 0 0 0 0 0 1 0 0 0 73 73 67 0 2 0 0 0 0 0 0 0 176 321 146 106 301 258 69 253 216 189 35 80 329 117 27 202 321 389 56 0 2 0 0 0 3 0 3 0 3 3 0 24 0 0 0 0 0 0 0 1 0 6 2 0 0 0 2 0 2 0 50 0 0 2 2 1 2 2 0 0 0 0 0 6 0 0 0 0 0 0 0 0 0 0 0 0 0 0 0 0 1 34 0 12 1 1 45 20 0 0 11 19 0 0 26 65 18 6 18 27 0 0 0 0 0 0 0 0 0 0 0 52 0 0 0 0 0 28 0 0 0 0 0 3 0 0 0 0 0 0 5 0 0 0 0 0 0 0 3 0 0 0 0 11 29 0 0 0 0 0 0 0 0 0 0 9 8 0 0 10 21 0 0 0 35 16 1 42 0 7 19 6 0 22 37 0 17 0 13 21 0 0 0 0 0 0 0 0 0 0 0 0 0 0 0 0 0 14 0 0 0 0 0 0 0 0 0 0 0 0 0 0 0 0 0 0 0 0 0 0 0 0 0 0 0 0 0 0 0 0 0 0 0 5 2 0 0 147 2 3 0 0 0 0 0 4 0 0 0 0 0 0 0 0 0 0 0 0 0 0 13 0 0 0 0 0 0 0 0 
 7 3 6 9 7 3 3 3 3 5 3 213 4 3 3 4 2 6 4 5 176 0 187 88 156 90 72 121 208 225 58 37 221 159 54 448 82 46 123 110 0 6 0 0 0 3 0 3 74 9 2 6 2 0 0 2 0 0 6 0 2 4 3 2 0 1 0 6 0 2 1 4 0 4 6 6 0 0 3 0 0 0 0 0 0 0 7 8 0 0 0 0 0 0 0 0 0 0 0 0 14 0 22 34 0 19 11 0 12 20 37 13 0 10 14 14 0 14 0 10 21 0 0 0 0 0 0 11 0 0 0 0 15 0 10 1 0 0 3 0 0 0 11 1 0 1 0 0 0 0 1 3 0 0 0 0 0 2 0 2 0 1 0 0 0 0 0 0 0 0 0 0 0 0 0 0 0 0 0 0 0 0 12 22 25 33 0 0 31 11 22 0 13 0 0 0 33 0 6 11 8 0 0 0 0 0 0 0 17 0 0 0 21 6 0 0 0 0 0 0 0 0 0 0 0 0 0 0 0 0 0 18 0 0 0 0 0 1 0 0 0 0 33 0 0 0 0 0 0 0 0 1 0 0 7 1 0 0 1 0 1 2 0 0 0 0 0 0 0 0 0 0 0 0 0 0 0 0 0 0 0 0 0 0 0 0 0 0 0 2 
 0 0 0 0 0 0 0 0 0 2 0 0 0 0 0 0 0 0 0 0 321 187 0 304 142 103 72 108 568 195 345 31 38 148 327 77 131 352 44 90 0 2 0 0 0 3 0 3 1 3 3 0 9 0 0 1 0 0 0 0 0 1 6 2 0 0 0 2 0 2 52 0 0 0 6 2 0 0 4 0 0 0 0 0 0 0 1 0 0 2 0 0 0 0 1 0 0 0 0 0 1 12 0 12 14 13 2 9 65 41 10 6 2 24 18 1 16 11 0 0 16 0 0 0 0 0 0 0 0 0 0 0 29 0 0 0 0 0 14 0 0 0 4 0 0 0 0 0 0 0 0 4 16 0 0 0 0 0 0 2 1 0 0 0 0 6 0 0 0 0 0 0 0 0 0 0 0 8 2 0 1 2 0 15 21 27 1 30 105 0 34 15 0 16 16 2 19 16 1 10 3 0 0 0 0 0 1 0 0 1 0 0 21 24 0 0 0 0 1 0 0 0 0 0 0 0 0 0 0 0 0 0 0 0 0 2 0 0 0 0 0 0 0 0 0 0 0 0 0 0 0 0 0 0 16 0 1 0 81 1 0 2 0 0 0 0 0 0 0 0 0 0 0 0 0 0 0 0 0 0 0 0 0 0 0 0 0 0 0 0 
 0 0 0 0 0 1 0 0 0 0 0 0 0 0 0 0 1 2 0 0 146 88 304 0 128 346 102 190 440 74 250 191 64 301 43 74 154 231 278 148 0 2 0 0 0 3 0 3 0 3 54 0 3 0 0 209 0 0 63 62 0 1 0 2 0 0 0 2 0 2 0 0 0 0 2 2 0 3 2 0 0 0 0 0 0 0 0 0 0 0 0 0 0 0 0 0 0 0 0 0 0 0 0 0 32 22 0 1 15 15 4 18 0 9 13 0 45 1 0 0 0 10 11 0 0 0 10 27 0 0 0 0 0 1 11 15 3 0 56 2 1 0 0 0 0 0 3 1 0 0 0 13 0 0 0 2 0 0 0 0 0 0 0 0 3 13 0 0 0 0 0 0 0 0 0 0 0 0 11 0 28 6 12 1 0 59 0 26 0 42 0 3 0 20 12 4 35 14 0 12 7 33 0 0 0 0 21 12 0 0 0 0 22 0 26 10 0 0 13 0 0 0 0 0 0 0 0 0 0 0 0 10 0 1 0 0 0 0 0 0 0 0 0 0 0 0 0 0 0 0 0 0 0 0 34 0 2 83 0 0 10 0 0 0 0 0 9 0 0 0 0 0 0 0 0 0 0 0 0 13 0 3 0 0 0 0 0 0 0 0 
 0 0 0 0 1 0 0 0 0 0 0 1 0 0 0 0 0 0 0 0 106 156 142 128 0 76 67 156 156 367 190 194 156 204 285 141 609 283 264 117 0 2 0 0 0 3 62 3 2 3 2 0 48 62 0 1 0 0 65 61 0 0 0 2 0 0 0 2 0 2 1 0 18 0 5 2 0 0 3 0 0 0 0 0 0 0 0 0 0 0 0 0 0 0 0 0 0 0 0 0 0 5 15 1 52 13 0 0 0 32 49 20 0 0 12 32 47 6 0 0 0 9 0 0 0 0 0 1 0 0 0 0 22 10 0 0 0 0 9 3 0 0 0 0 0 0 4 0 0 0 0 0 0 0 0 0 0 0 0 0 2 0 0 0 0 2 0 0 0 0 0 0 0 0 0 0 0 6 0 0 11 0 67 0 11 25 0 14 32 34 25 17 0 18 0 0 45 74 0 13 0 20 0 0 0 0 17 0 1 0 0 0 10 24 24 0 0 0 0 0 0 0 0 0 0 0 0 0 0 0 0 0 0 0 11 0 0 0 0 0 0 0 1 0 0 2 0 0 0 0 0 0 0 0 1 0 0 85 79 1 16 2 0 0 0 0 0 0 0 0 0 0 0 0 0 0 0 0 0 12 0 11 0 0 0 0 0 0 0 0 
 1 0 0 0 0 0 0 1 2 0 2 0 0 0 0 0 0 1 2 0 301 90 103 346 76 0 88 32 53 56 69 52 34 45 54 136 93 139 64 57 110 69 6 0 0 3 62 4 68 3 65 0 64 0 0 8 0 0 66 133 0 0 34 2 0 2 0 2 0 2 1 0 2 1 2 44 1 0 0 1 0 0 0 0 0 0 0 0 0 0 0 0 0 0 0 2 0 0 0 0 0 0 14 22 0 23 0 0 32 23 0 21 0 0 18 0 9 0 0 0 28 13 11 1 7 0 27 12 15 19 20 0 0 8 51 12 0 42 11 26 0 0 0 0 0 0 0 3 0 0 0 0 0 0 0 3 0 0 0 12 0 0 0 0 0 0 9 0 0 0 0 0 0 0 0 0 0 0 0 0 0 9 0 0 0 2 0 0 0 0 5 0 0 0 0 12 1 0 0 0 22 13 42 0 1 0 14 24 61 12 0 0 13 27 18 8 0 14 6 15 0 0 0 0 19 0 0 0 0 0 0 0 0 0 0 0 0 0 0 0 0 0 29 0 0 0 0 0 0 0 0 0 0 0 6 2 0 74 6 0 4 0 0 0 0 0 0 0 0 0 0 0 0 0 0 0 0 0 0 0 0 0 0 0 0 1 0 7 0 0 
 0 0 0 0 2 66 88 0 0 151 79 98 0 3 0 0 0 2 0 0 258 72 72 102 67 88 0 312 127 134 49 35 129 217 93 46 105 60 211 107 0 2 0 0 0 4 4 3 0 3 2 0 89 0 0 1 0 0 0 0 0 2 0 2 0 0 0 2 0 2 1 0 0 0 2 2 0 0 0 0 1 0 14 0 34 0 0 0 0 0 0 0 0 10 0 0 6 9 0 0 13 62 6 1 1 4 0 0 10 11 0 12 17 2 0 24 13 32 18 14 3 0 0 0 0 0 19 0 1 0 0 0 1 0 0 0 0 0 7 0 0 0 0 0 4 0 0 0 0 0 0 14 0 0 0 0 0 0 18 3 2 0 0 5 20 18 0 0 0 0 0 0 0 0 0 0 11 0 0 1 25 9 13 11 0 12 14 15 32 8 16 54 29 0 20 0 15 6 0 29 0 0 0 2 0 0 0 0 0 0 0 0 0 0 0 0 0 0 3 0 0 0 0 0 0 0 0 0 0 0 16 0 0 0 0 0 0 0 0 0 0 0 0 0 0 0 0 0 0 0 0 0 0 0 1 0 0 0 76 0 4 0 0 0 0 0 0 0 0 0 0 0 0 0 0 0 0 0 0 0 0 11 0 0 0 0 0 0 0 0 
 0 1 2 36 44 0 0 1 77 150 1 154 0 0 0 2 0 82 0 0 69 121 108 190 156 32 312 0 135 29 112 135 81 167 128 59 286 354 93 395 0 4 0 0 0 3 0 3 2 6 2 3 66 0 0 5 2 0 274 1 1 2 0 4 2 0 0 4 4 6 1 2 0 2 2 49 2 3 0 0 0 0 12 10 12 2 0 0 0 0 12 0 0 0 0 0 10 14 1 0 19 20 11 0 6 16 12 2 28 9 10 0 31 20 49 0 0 33 7 11 0 0 0 0 0 0 0 0 15 0 0 0 0 0 0 0 0 0 24 0 0 0 0 1 0 0 0 0 0 0 0 0 0 0 0 0 0 0 33 0 2 0 0 19 0 28 0 0 0 0 2 0 0 2 0 0 0 0 0 0 20 0 20 9 0 0 0 26 3 75 1 0 0 33 0 0 35 32 10 1 0 0 1 0 17 0 0 0 1 0 0 0 0 0 16 0 0 0 0 3 0 0 0 21 0 0 0 0 0 0 0 2 2 0 0 0 0 0 0 0 0 0 0 0 0 0 2 0 0 0 0 0 0 0 12 1 3 0 78 2 2 10 0 0 0 0 0 0 0 0 0 0 0 0 0 0 0 0 0 11 0 0 0 0 0 0 0 0 0 0 
 0 0 2 6 0 73 1 0 0 0 0 74 0 0 0 0 1 0 0 0 253 208 568 440 156 53 127 135 0 233 125 114 235 97 146 132 70 118 162 360 0 2 0 0 3 5 0 3 0 3 7 3 69 0 0 0 6 3 66 0 0 17 0 17 3 0 0 2 1 3 6 0 2 0 5 2 0 0 0 0 8 0 7 1 1 0 0 0 0 0 1 0 0 0 0 0 0 0 0 0 22 1 21 26 0 27 29 10 13 7 28 10 9 27 39 12 18 49 0 0 14 0 0 0 0 0 0 9 0 0 1 0 0 0 0 0 0 0 8 0 0 0 3 5 0 0 0 0 0 0 0 0 0 0 0 0 0 0 0 1 1 0 0 1 0 1 0 0 0 0 0 0 0 0 0 0 0 0 0 0 1 0 22 32 18 33 0 12 19 39 18 18 11 1 14 0 35 16 12 9 0 0 0 0 0 0 0 0 0 0 0 0 10 0 8 0 0 0 0 6 0 0 0 0 0 0 0 0 0 0 0 0 0 0 0 0 0 0 0 0 0 0 0 0 0 0 0 0 0 0 0 0 0 0 6 0 0 1 0 4 0 2 0 0 0 0 0 0 0 0 0 0 1 0 0 0 0 0 0 9 0 1 0 0 0 0 0 0 0 0 
 0 3 0 0 0 62 0 0 0 0 1 2 0 0 0 0 0 1 1 0 216 225 195 74 367 56 134 29 233 0 207 264 80 284 103 425 97 285 151 343 2 2 0 0 0 3 1 3 22 6 2 0 3 0 0 8 0 2 0 3 0 2 0 5 0 0 0 2 0 2 1 0 0 0 2 2 0 0 2 0 0 0 0 0 0 0 0 0 0 0 0 0 0 0 0 0 0 0 0 9 21 24 35 71 3 15 6 51 19 53 1 13 9 33 28 63 55 46 0 1 11 0 0 0 0 0 0 0 0 0 0 0 14 0 0 0 0 0 21 0 0 0 8 5 0 0 0 0 0 0 2 1 0 1 0 0 0 0 0 1 2 0 0 0 1 1 0 0 0 0 0 9 0 0 2 0 0 0 0 0 0 16 13 50 29 0 28 12 29 9 48 48 33 16 13 0 3 0 19 23 0 0 0 0 0 0 0 0 0 0 0 0 17 0 0 0 0 0 0 9 0 0 0 0 0 0 0 0 0 0 0 0 0 0 0 0 0 0 0 0 0 0 20 0 0 0 0 0 0 0 0 0 0 0 10 3 2 1 10 2 2 2 0 0 0 0 0 0 0 0 0 0 0 0 0 0 9 0 0 0 0 14 0 0 0 0 0 0 0 0 
 1 2 2 0 0 212 0 0 3 2 73 0 1 2 0 1 1 3 0 2 189 58 345 250 190 69 49 112 125 207 0 126 33 97 47 399 229 456 191 68 0 2 0 0 0 3 0 3 62 65 2 0 3 0 0 0 5 2 49 29 0 0 8 9 0 0 0 5 4 2 1 0 0 0 2 2 0 0 0 0 0 0 0 0 0 0 2 0 0 0 0 0 0 0 0 0 0 0 0 0 0 1 39 1 26 12 0 12 12 19 17 6 3 0 50 2 24 1 0 9 12 0 0 0 0 5 0 6 26 0 0 0 0 0 0 0 0 0 11 0 0 0 0 0 0 0 2 0 0 0 0 0 0 0 0 0 0 0 0 0 1 0 0 0 0 7 0 0 0 0 0 0 0 0 0 0 0 0 0 0 0 15 8 0 1 14 20 19 1 8 2 1 10 15 34 40 14 5 0 10 27 11 0 16 0 0 1 0 0 0 0 0 10 0 11 0 0 0 0 2 0 12 0 0 0 0 0 0 0 0 0 0 0 0 0 0 0 0 0 0 0 0 0 0 0 2 0 0 0 0 0 0 0 0 6 0 0 33 73 4 4 0 0 0 0 0 0 0 0 0 0 0 0 0 0 0 0 0 0 16 0 10 0 0 0 0 0 0 0 0 
 0 0 0 1 0 0 75 0 0 20 0 0 0 0 0 0 0 1 0 3 35 37 31 191 194 52 35 135 114 264 126 0 40 52 44 208 245 216 170 26 63 2 0 0 0 3 31 3 1 3 2 17 2 26 0 0 0 0 72 32 0 0 0 2 0 0 0 2 0 2 1 0 4 0 2 2 0 0 1 0 0 0 0 2 0 2 0 1 8 0 0 0 0 0 0 0 0 0 0 0 0 0 16 0 33 36 0 0 0 3 32 11 0 0 0 14 1 15 0 0 8 0 1 0 0 0 35 52 2 8 0 0 35 16 0 1 10 0 15 10 0 0 0 4 11 2 3 0 0 0 0 0 0 0 0 0 0 0 0 0 2 0 0 0 13 0 0 0 0 0 0 0 0 0 0 0 2 0 0 0 0 0 10 0 25 16 0 0 0 0 13 0 0 0 0 0 12 23 0 6 21 27 0 0 0 0 20 30 0 0 0 0 19 15 33 0 7 0 43 32 0 2 0 0 0 0 0 0 0 0 0 0 0 0 1 0 0 0 0 0 0 0 0 0 0 0 0 0 0 0 0 0 0 0 15 0 4 120 0 1 10 0 0 0 0 0 0 0 0 0 0 0 0 0 0 0 0 0 0 14 0 10 0 0 0 9 7 0 0 0 
 0 2 74 0 4 79 0 0 71 76 73 212 0 0 0 1 2 106 0 0 80 221 38 64 156 34 129 81 235 80 33 40 0 258 31 34 40 284 345 246 0 2 0 0 0 3 0 3 0 3 4 0 63 0 0 0 1 3 1 0 0 3 0 2 0 0 0 2 0 2 2 0 1 0 2 2 0 0 0 0 0 0 0 0 18 10 0 0 0 20 0 7 0 0 0 0 0 0 0 0 35 25 4 12 1 0 16 14 0 11 2 17 17 23 4 22 0 21 19 18 0 18 0 0 0 0 0 0 0 0 0 0 0 0 0 0 0 13 0 0 0 0 0 0 0 0 0 2 0 0 0 0 0 0 0 1 0 13 0 0 3 0 0 9 14 18 0 0 0 1 0 0 0 0 0 0 12 0 0 0 0 9 31 13 0 0 31 39 17 22 21 15 27 19 20 25 19 0 26 19 0 0 0 0 0 0 0 0 0 0 2 0 0 0 0 0 0 0 0 0 0 0 11 2 0 0 0 0 0 0 0 0 0 0 0 0 0 0 12 0 0 0 0 0 0 0 59 0 0 0 0 0 0 2 0 0 0 0 0 0 0 0 0 0 0 0 0 0 0 0 0 0 0 0 0 0 0 6 0 0 0 0 0 0 0 0 0 0 0 0 
 0 2 0 0 2 73 0 0 0 0 0 2 1 75 25 2 0 0 0 1 329 159 148 301 204 45 217 167 97 284 97 52 258 0 237 213 62 26 336 272 1 2 0 0 0 3 0 3 40 4 2 0 3 0 1 6 0 0 0 0 0 18 0 2 0 0 0 2 0 2 2 0 1 0 2 2 0 0 0 0 0 0 0 1 0 16 0 0 0 0 2 0 0 0 0 0 0 0 0 0 26 14 27 22 0 0 1 46 3 30 1 0 27 11 19 48 20 29 0 29 0 0 0 0 0 0 0 0 9 0 1 2 1 0 2 7 0 0 32 0 0 0 0 0 3 0 0 0 0 0 0 0 2 0 0 0 0 0 0 0 0 0 0 0 0 1 0 2 0 0 0 0 0 0 0 2 0 0 0 0 24 34 15 51 2 0 9 12 0 37 5 35 56 1 49 0 0 6 14 0 8 0 0 0 0 0 0 0 0 2 0 0 11 1 0 0 0 0 0 0 0 0 0 0 0 0 0 0 0 0 0 0 0 0 12 0 0 0 0 0 0 0 21 0 0 0 0 0 0 0 0 0 0 0 7 0 0 0 7 0 0 13 0 0 0 0 0 0 0 0 0 0 0 0 0 0 0 0 0 1 0 18 0 0 0 0 0 0 0 0 
 0 0 0 74 50 73 0 0 0 2 0 0 0 0 0 0 0 0 0 0 117 54 327 43 285 54 93 128 146 103 47 44 31 237 0 94 205 402 55 408 3 2 0 0 0 3 0 3 5 3 3 0 4 0 0 0 0 0 2 2 0 2 0 2 6 0 0 2 0 2 0 0 0 0 5 2 0 0 0 2 0 0 0 0 0 21 2 0 0 0 0 0 0 0 0 0 0 0 0 0 30 75 0 0 0 0 1 1 28 18 14 9 13 32 23 6 0 1 0 0 0 0 0 0 0 0 0 0 0 0 0 0 19 0 0 0 0 0 0 1 0 0 0 0 27 0 0 0 0 0 0 5 0 0 0 0 0 0 0 3 2 0 0 19 0 2 0 0 0 0 0 0 0 0 0 0 0 6 0 0 6 22 23 1 14 0 1 0 26 38 27 44 29 14 20 27 16 16 12 7 0 0 0 0 0 0 0 0 0 1 0 0 0 16 0 0 0 0 11 0 0 0 0 0 0 0 0 0 0 0 0 0 0 0 0 2 0 0 0 0 0 0 0 0 0 2 0 0 0 0 0 0 0 0 14 0 2 0 1 2 9 5 0 0 0 0 0 0 0 0 0 0 0 0 0 0 0 0 0 0 0 0 0 0 0 0 0 0 0 0 
 0 2 0 0 7 0 0 0 0 0 0 0 1 0 0 2 0 2 0 1 27 448 77 74 141 136 46 59 132 425 399 208 34 213 94 0 298 183 26 182 1 6 0 0 0 3 62 3 0 3 2 0 2 60 0 2 0 0 61 62 50 0 1 2 0 0 0 2 0 2 2 0 6 0 4 2 0 0 1 0 0 0 0 0 0 0 0 0 0 0 1 0 0 0 0 0 0 0 0 0 0 0 1 10 18 0 0 6 9 28 44 5 0 13 2 22 53 0 0 0 1 1 1 0 0 0 1 4 0 0 1 2 8 0 2 0 0 0 0 9 0 0 0 3 0 0 0 0 0 0 0 0 2 0 0 0 0 0 0 0 0 0 0 0 0 0 0 2 0 0 0 0 0 0 0 2 0 0 0 0 9 1 9 13 22 31 0 20 9 4 15 5 0 20 0 1 10 7 0 13 0 1 0 0 0 0 0 0 0 0 0 0 20 13 1 0 0 0 0 9 0 0 0 0 0 0 0 0 0 0 0 0 0 0 0 0 0 0 0 0 0 0 7 0 0 0 0 0 0 0 0 0 0 0 15 0 2 76 76 2 0 0 0 0 0 0 0 0 0 0 0 0 0 0 0 0 0 0 0 0 0 0 0 0 0 0 0 0 0 0 
 0 43 1 2 0 0 0 0 2 0 0 6 0 0 0 1 0 2 0 0 202 82 131 154 609 93 105 286 70 97 229 245 40 62 205 298 0 307 302 44 0 2 0 0 1 3 0 3 1 3 2 3 3 207 0 19 0 5 66 0 0 0 6 2 0 2 70 2 0 2 2 2 6 0 6 2 0 1 4 0 0 0 0 0 0 0 0 0 0 0 0 21 0 0 0 0 0 0 0 0 0 50 34 28 0 14 0 0 0 30 24 13 0 0 15 6 18 71 0 0 10 0 0 0 0 0 0 1 0 0 0 0 8 0 0 0 0 0 23 1 0 0 0 0 15 0 0 0 0 0 0 7 0 0 0 0 0 0 0 3 1 0 0 0 5 0 0 0 0 0 0 0 0 0 0 0 0 4 0 0 11 13 0 0 16 28 0 0 12 24 31 24 0 0 10 1 34 32 0 18 9 21 0 0 0 0 0 0 1 0 0 0 8 14 16 0 1 0 2 1 0 0 0 0 0 0 0 0 0 0 0 0 0 0 20 0 0 0 0 0 0 0 11 0 0 2 0 0 0 0 0 0 2 0 9 2 1 2 36 1 6 1 0 0 0 0 0 0 0 0 0 0 0 0 0 0 0 0 0 8 0 13 0 0 0 0 0 0 0 0 
 0 5 2 0 78 3 0 0 0 0 3 1 0 3 1 0 0 1 0 2 321 46 352 231 283 139 60 354 118 285 456 216 284 26 402 183 307 0 59 64 0 2 1 0 0 3 0 3 1 3 2 0 3 0 0 0 0 0 62 30 50 0 0 2 0 2 4 2 0 2 2 0 1 0 2 2 0 4 1 0 0 0 0 8 0 0 0 1 0 0 0 0 0 0 0 0 0 0 0 0 0 9 27 0 26 20 23 9 27 19 30 17 0 19 29 4 22 11 0 0 0 0 0 0 0 0 0 6 0 0 0 0 0 0 0 0 0 0 21 0 0 0 0 0 0 0 4 0 0 0 0 0 0 2 0 0 0 0 0 0 1 0 0 0 7 0 0 0 0 0 0 0 0 0 1 0 0 4 0 0 9 10 13 8 0 34 0 25 0 22 18 16 2 0 0 16 24 19 0 3 0 12 0 0 0 0 1 1 0 0 21 0 0 12 23 0 0 0 23 1 0 0 0 0 0 0 0 0 23 0 0 0 0 0 0 0 0 0 0 0 0 0 2 0 0 2 0 0 0 0 0 0 0 0 13 0 0 41 3 0 5 3 0 0 0 0 13 0 0 0 0 2 0 0 0 0 0 0 0 10 0 10 0 0 0 0 0 0 0 0 
 0 0 98 1 27 299 0 76 73 102 23 98 0 0 1 4 61 0 0 0 389 123 44 278 264 64 211 93 162 151 191 170 345 336 55 26 302 59 0 304 0 2 0 0 0 3 0 3 31 3 3 0 4 0 0 0 0 7 0 0 0 3 0 2 0 0 0 2 0 2 0 51 0 0 2 2 0 3 0 0 0 0 22 13 24 17 0 0 0 28 15 1 0 0 0 13 0 30 0 0 51 30 20 10 14 8 0 16 1 31 0 12 52 18 17 25 0 18 19 17 0 0 0 0 0 0 0 0 0 0 0 0 0 0 0 0 0 0 0 0 0 0 0 0 0 0 0 0 0 0 0 0 0 0 19 0 0 0 5 0 2 0 0 10 42 26 0 0 0 9 14 0 0 0 0 0 2 0 0 0 19 34 1 11 0 0 32 32 4 12 3 0 17 0 28 20 0 0 57 13 0 0 0 0 0 0 0 0 0 0 0 0 0 0 0 0 0 0 0 0 0 0 6 0 0 0 0 0 0 0 0 0 0 0 0 0 0 0 0 0 0 0 0 0 0 76 81 0 0 0 0 0 0 0 7 2 0 0 2 0 4 0 0 0 0 0 11 0 0 0 0 0 0 0 0 0 0 0 0 0 0 0 0 0 0 0 0 0 0 0 
 3 5 12 75 76 3 4 3 3 23 3 134 2 2 3 2 76 22 3 6 56 110 90 148 117 57 107 395 360 343 68 26 246 272 408 182 44 64 304 0 4 5 0 3 0 6 0 3 0 3 2 1 84 0 0 0 0 4 133 0 0 0 4 4 0 8 5 5 0 3 8 0 2 0 2 7 0 4 3 0 0 0 0 24 14 11 0 0 0 0 9 2 0 0 0 0 20 16 0 0 36 16 1 0 0 0 18 27 35 45 0 0 1 15 22 1 12 2 0 21 0 0 0 0 0 0 0 0 0 0 0 0 2 0 0 0 0 0 10 0 0 0 0 0 0 0 1 0 0 0 0 0 0 0 0 0 0 0 0 0 0 0 0 15 1 10 0 0 0 0 0 0 0 0 0 0 0 0 0 0 16 13 22 40 10 0 9 107 0 24 0 10 1 49 13 16 39 20 28 20 0 0 0 0 0 0 0 1 0 0 17 0 7 0 1 0 0 0 0 0 0 0 0 0 0 0 0 0 0 0 0 0 0 0 0 0 0 0 0 0 0 0 0 0 0 0 75 0 0 0 0 0 0 0 18 0 3 0 0 2 3 12 0 0 0 0 0 0 0 0 0 0 0 0 0 0 0 0 0 0 0 0 0 0 0 0 0 0 0 0 
 0 63 0 4 0 31 35 0 0 0 43 0 0 0 0 0 0 12 0 0 0 0 0 0 0 110 0 0 0 2 0 63 0 1 3 1 0 0 0 4 0 123 336 137 36 33 134 518 110 52 85 314 336 57 42 30 38 45 350 60 0 0 3 2 0 0 1 0 0 0 0 0 0 0 0 0 0 0 0 0 0 0 2 0 6 2 0 0 0 0 5 0 0 0 6 7 0 2 0 0 0 0 0 11 0 19 0 0 0 0 0 0 0 0 0 1 0 0 13 0 14 25 25 1 6 8 35 0 27 24 31 9 12 20 52 42 6 80 0 47 0 0 0 0 0 0 0 7 0 0 0 0 9 0 0 6 0 0 0 0 6 29 5 0 3 0 5 0 0 0 0 0 0 0 0 0 0 0 0 0 0 0 0 0 0 19 0 0 0 0 0 0 7 0 0 0 0 0 2 18 9 26 34 0 0 0 0 16 19 6 8 4 0 14 34 8 0 55 10 13 0 0 0 0 0 0 0 0 0 0 0 1 0 17 0 0 0 0 0 0 0 3 7 0 0 0 0 0 0 0 0 5 0 0 0 0 0 0 0 0 0 0 4 0 0 0 0 1 0 0 0 0 0 0 0 0 0 0 0 0 0 0 0 15 0 0 0 18 0 0 
 0 0 0 0 2 0 0 0 0 0 0 0 0 2 0 43 0 4 0 0 2 6 2 2 2 69 2 4 2 2 2 2 2 2 2 6 2 2 2 5 123 0 162 160 99 101 87 128 413 256 111 369 45 191 405 128 247 100 62 53 12 0 5 47 6 0 0 0 0 0 3 0 0 32 0 0 0 3 1 4 0 0 0 0 0 0 0 0 0 0 0 0 0 0 0 0 0 0 0 0 0 0 0 0 7 0 0 0 0 0 0 0 0 0 0 0 0 0 0 0 0 0 0 20 10 19 0 0 26 12 8 0 0 0 0 13 8 0 0 0 0 44 0 0 0 4 11 0 0 0 0 0 0 0 0 8 0 7 5 13 0 0 0 0 0 0 0 0 0 5 0 0 0 0 0 0 0 0 0 0 0 0 0 0 0 0 0 0 0 0 0 0 0 0 0 0 5 0 0 0 0 0 0 24 24 10 2 0 9 7 16 8 0 0 0 41 44 14 0 0 0 0 0 4 0 0 12 0 0 0 0 0 11 1 0 0 0 0 24 10 0 0 0 0 0 0 0 0 0 0 0 5 0 0 0 0 0 0 0 0 0 0 1 67 65 13 22 0 0 0 0 0 0 0 0 0 0 0 0 0 0 0 0 0 18 44 0 0 0 0 
 2 3 2 1 2 2 3 2 0 2 2 0 3 3 2 3 0 3 2 3 0 0 0 0 0 6 0 0 0 0 0 0 0 0 0 0 0 1 0 0 336 162 0 128 340 85 133 396 308 151 38 110 82 111 48 276 278 34 59 130 0 0 0 0 0 0 0 0 0 0 0 0 0 0 0 0 0 35 98 1 0 0 0 0 0 0 0 0 0 0 0 0 0 0 0 0 0 0 4 0 0 0 0 0 0 2 0 0 0 0 0 0 0 0 0 0 0 0 0 0 6 0 22 7 0 13 0 0 11 1 24 21 0 20 32 22 27 12 0 1 0 27 0 0 0 0 12 0 1 0 0 0 19 0 0 0 0 0 17 14 0 0 0 0 0 0 2 0 0 0 0 0 0 0 0 0 0 0 0 0 0 23 0 0 0 0 0 0 0 0 0 0 0 0 0 0 0 0 0 0 0 3 0 14 13 0 0 0 26 16 25 20 0 0 0 16 13 35 2 1 0 7 0 0 0 0 0 0 0 0 0 0 39 16 11 0 0 0 2 12 0 0 6 0 0 0 2 0 0 0 0 8 1 0 0 0 0 0 0 1 0 0 66 0 0 0 0 1 2 0 3 0 0 0 0 0 0 0 0 0 0 0 0 0 0 14 0 0 2 0 
 0 0 0 6 4 0 0 0 0 0 0 0 0 0 0 0 0 0 0 0 0 0 0 0 0 0 0 0 0 0 0 0 0 0 0 0 0 0 0 3 137 160 128 0 86 58 146 377 83 518 48 45 142 121 121 206 75 157 82 152 16 0 0 0 0 0 0 0 0 0 0 26 0 0 0 0 1 0 51 3 0 0 0 0 0 0 0 0 0 0 0 0 0 0 0 0 0 0 0 0 0 0 11 0 0 0 0 0 0 0 0 0 0 0 0 0 0 0 0 0 33 0 20 6 2 0 7 0 44 0 49 15 8 21 30 4 28 14 0 0 0 13 0 0 1 0 4 3 5 2 0 0 0 7 12 0 0 0 0 68 0 0 0 0 0 0 2 0 0 0 0 0 0 0 0 0 0 0 0 0 0 0 0 0 0 5 0 0 0 0 0 0 0 0 0 0 0 0 0 0 1 11 22 21 2 11 0 0 0 13 1 15 0 0 0 0 0 0 0 0 15 0 1 0 0 0 12 8 0 0 14 0 0 0 3 1 0 0 5 16 0 0 0 0 0 0 0 0 0 0 0 6 0 2 0 0 0 0 0 2 0 4 66 0 1 2 2 0 2 0 12 0 0 0 0 0 0 0 0 0 0 0 7 0 15 18 0 7 0 0 
 1 2 1 0 3 1 2 1 0 1 1 0 3 2 1 2 0 6 1 2 0 0 0 0 0 0 0 0 3 0 0 0 0 0 0 0 1 0 0 0 36 99 340 86 0 57 53 81 114 205 71 124 67 124 156 130 114 93 69 276 3 0 0 0 0 0 8 0 0 0 0 0 1 0 0 0 0 0 51 7 0 0 0 0 0 0 0 0 0 0 0 0 0 0 0 0 0 0 0 0 0 0 0 0 33 0 0 0 0 0 0 0 0 0 0 0 0 0 0 0 0 0 0 29 29 12 0 0 0 3 9 19 0 0 0 6 31 0 0 0 3 24 0 0 0 0 18 10 0 0 36 0 0 10 6 0 0 1 32 16 0 0 0 0 0 0 0 0 14 6 0 0 0 0 0 0 0 0 0 0 0 0 27 0 0 0 0 0 0 0 0 2 0 0 0 0 0 0 0 0 0 0 0 15 14 8 10 0 0 4 44 0 0 0 0 6 58 24 0 0 1 34 14 0 0 0 0 27 0 0 0 0 11 0 10 0 0 0 36 16 0 0 0 0 0 0 0 0 0 0 0 0 0 2 0 0 0 0 0 3 0 0 3 2 0 12 0 0 2 0 21 12 0 0 0 0 0 0 0 0 0 0 0 0 55 0 0 0 2 0 
 0 3 0 4 3 0 0 0 0 0 0 0 0 0 0 0 0 6 0 0 3 3 3 3 3 3 4 3 5 3 3 3 3 3 3 3 3 3 3 6 33 101 85 58 57 0 47 91 84 241 129 47 42 157 51 73 72 177 58 67 4 0 1 3 4 0 26 50 52 0 1 0 51 0 66 20 0 0 53 10 0 0 0 0 22 0 0 0 0 0 0 0 0 0 0 0 0 0 0 0 0 0 0 0 0 0 0 0 0 10 0 0 0 0 0 0 0 0 0 0 0 0 0 0 0 0 0 0 1 1 9 38 0 0 0 0 18 0 0 0 0 12 22 0 0 0 17 0 0 2 0 15 12 0 4 15 0 0 0 29 0 0 0 0 0 0 0 0 0 2 5 0 0 0 0 0 0 0 0 0 0 0 0 0 0 0 0 0 0 0 0 0 0 24 0 0 0 0 0 0 0 0 0 15 0 10 0 0 0 0 9 21 0 0 0 0 0 0 0 0 30 0 3 0 0 0 18 24 14 21 0 21 26 0 0 14 8 1 0 41 0 0 0 0 0 0 0 0 0 0 0 13 0 0 0 0 0 0 0 17 0 0 64 72 0 4 1 0 0 0 0 0 0 0 0 0 0 0 0 0 0 0 0 0 0 6 0 0 1 0 
 0 0 0 0 0 3 0 0 0 2 0 0 0 0 0 0 0 0 0 0 0 0 0 0 62 62 4 0 0 1 0 31 0 0 0 62 0 0 0 0 134 87 133 146 53 47 0 98 55 47 288 306 136 229 113 115 305 41 74 58 0 0 6 3 2 0 0 7 0 0 0 0 8 4 0 3 0 17 2 0 0 0 0 0 0 0 0 0 0 0 0 0 0 0 0 0 0 31 0 0 0 0 0 0 0 19 0 0 0 0 0 0 0 0 0 0 0 0 0 0 6 14 21 19 34 0 5 10 18 13 23 0 9 1 29 0 7 13 0 10 0 4 0 0 0 4 0 0 0 0 0 0 0 0 3 4 0 19 0 0 0 0 0 0 0 0 7 0 0 0 0 0 19 0 0 0 0 0 0 0 0 0 0 0 16 0 0 0 0 0 21 0 0 0 0 0 0 5 0 0 9 6 0 13 29 0 0 12 7 15 0 0 22 0 45 3 25 0 7 14 0 0 0 4 0 0 0 0 0 0 0 0 0 0 0 0 0 0 14 0 0 0 0 0 0 0 0 0 0 0 0 15 0 0 0 0 0 62 0 0 0 0 0 0 1 3 3 0 0 0 0 0 0 0 0 1 0 0 0 0 0 0 0 0 24 0 26 0 2 0 
 0 0 67 0 0 0 0 0 0 0 1 0 0 0 0 0 0 0 0 0 3 3 3 3 3 4 3 3 3 3 3 3 3 3 3 3 3 3 3 3 518 128 396 377 81 91 98 0 161 126 48 118 299 160 80 315 330 119 158 93 0 0 0 0 0 0 0 0 0 3 0 0 0 7 0 12 0 1 54 0 10 0 0 0 0 0 0 0 0 0 0 0 0 0 0 0 0 0 0 0 0 0 0 0 0 0 0 0 0 0 0 0 0 0 0 0 19 0 0 0 0 20 19 36 13 19 0 26 13 0 10 20 0 26 0 23 8 6 0 1 0 0 0 0 0 0 49 0 0 0 0 0 0 0 0 0 0 0 0 0 0 0 0 0 0 0 0 7 0 0 0 0 0 0 0 0 0 0 0 0 0 0 0 0 0 0 0 0 0 0 0 0 0 0 0 0 0 0 0 0 4 4 6 5 29 20 37 8 9 16 10 20 0 11 0 12 20 23 0 0 0 0 0 0 0 0 11 0 0 0 0 0 8 0 0 7 0 0 20 20 0 0 0 0 0 0 0 0 0 31 0 14 0 0 0 0 0 0 0 0 0 0 67 0 70 1 0 7 1 0 2 0 0 0 0 0 0 0 0 0 0 0 0 0 0 0 0 0 0 0 
 28 0 64 0 0 0 0 0 0 0 0 0 0 35 0 0 0 0 0 0 0 74 1 0 2 68 0 2 0 22 62 1 0 40 5 0 1 1 31 0 110 413 308 83 114 84 55 161 0 399 68 127 281 41 165 89 62 101 323 50 5 0 0 0 0 0 0 2 0 199 0 0 3 4 1 2 4 47 0 1 0 0 0 0 0 0 0 0 0 0 0 0 0 0 0 0 0 0 0 0 10 0 19 8 0 0 0 19 0 0 0 0 13 10 19 9 0 0 22 2 0 0 16 0 2 6 0 0 0 4 9 0 0 0 16 14 0 17 0 0 6 12 0 0 0 0 0 20 0 0 0 2 0 0 0 0 0 0 0 26 1 0 0 0 0 0 0 0 0 0 0 0 0 0 0 0 0 3 0 5 0 10 0 0 0 0 8 0 3 9 0 26 7 0 2 0 0 0 19 0 3 0 5 18 16 10 0 17 22 0 0 11 0 49 0 0 2 26 0 0 0 0 1 0 0 0 9 0 0 0 0 0 0 0 0 0 0 19 1 11 0 0 0 0 0 0 0 0 0 0 0 3 0 2 0 0 0 0 1 2 0 0 0 0 3 3 4 0 0 0 0 0 0 0 0 0 0 0 0 0 0 0 0 0 23 6 0 0 2 0 
 0 0 0 0 1 0 0 0 0 0 0 0 0 3 0 0 0 2 0 0 3 9 3 3 3 3 3 6 3 6 65 3 3 4 3 3 3 3 3 3 52 256 151 518 205 241 47 126 399 0 118 43 53 60 308 154 116 183 114 69 8 0 0 0 0 0 1 0 0 0 0 50 0 0 0 0 0 0 80 0 0 0 0 0 0 0 0 0 0 0 0 0 0 0 0 0 0 0 0 0 0 0 0 0 6 13 0 0 0 0 0 0 0 0 0 1 0 0 0 0 0 0 13 0 10 7 1 0 0 0 11 32 0 5 0 0 5 4 0 0 8 6 0 0 0 0 3 0 13 2 0 0 11 19 11 0 0 23 20 40 0 0 0 0 0 0 0 0 0 0 0 0 0 0 0 0 0 8 0 0 0 0 0 0 4 0 0 0 0 0 0 0 0 0 0 0 0 0 0 0 0 4 0 26 0 13 4 0 8 0 32 15 0 0 9 1 22 18 2 15 13 8 20 0 0 0 23 39 0 0 0 0 18 0 9 13 42 9 0 28 0 0 0 0 0 0 0 0 0 0 0 1 0 1 0 0 0 0 0 9 0 27 18 2 2 3 2 0 0 0 22 0 0 0 0 0 0 0 0 0 0 0 0 0 0 15 0 0 0 0 
 0 0 0 0 0 0 0 0 0 0 0 0 0 0 0 0 0 0 0 0 3 2 3 54 2 65 2 2 7 2 2 2 4 2 3 2 2 2 3 2 85 111 38 48 71 129 288 48 68 118 0 260 54 100 164 213 391 90 75 46 0 0 0 0 0 0 11 8 0 6 17 0 4 0 0 0 0 0 1 2 0 0 0 0 0 9 0 0 0 0 0 0 0 0 0 0 0 0 0 0 0 9 0 0 0 0 0 0 0 0 0 0 0 0 0 0 0 0 0 0 0 3 14 0 36 0 24 13 6 45 0 7 0 4 16 12 20 7 0 0 0 10 5 0 0 3 11 3 0 3 0 0 37 0 24 1 0 13 13 0 0 0 0 0 0 0 0 0 0 0 0 0 0 0 0 0 0 0 0 0 9 0 0 0 0 0 0 0 0 0 0 0 0 0 0 0 0 0 0 0 27 15 12 0 31 5 0 11 7 8 2 11 0 11 0 8 0 11 0 0 15 7 0 0 0 0 10 11 0 5 0 0 0 29 0 13 15 16 0 0 0 0 6 0 0 0 0 0 0 0 0 10 72 0 0 0 0 0 0 16 0 0 0 2 1 1 0 0 0 0 8 0 0 0 0 6 0 0 0 0 0 0 0 0 18 0 0 0 2 0 
 0 0 0 2 0 0 0 0 0 0 0 0 0 2 0 0 0 0 0 0 0 6 0 0 0 0 0 3 3 0 0 17 0 0 0 0 3 0 0 1 314 369 110 45 124 47 306 118 127 43 260 0 17 27 27 111 140 64 326 25 0 0 0 0 0 0 0 51 0 0 10 0 8 0 0 0 0 0 0 0 0 0 0 0 0 0 0 0 7 0 0 0 14 0 0 0 0 0 0 0 0 0 0 0 0 0 0 0 0 0 0 0 0 0 0 0 0 0 0 0 0 0 42 9 9 20 0 0 10 18 0 0 0 3 24 0 11 12 0 0 14 18 0 0 0 0 10 0 0 22 0 5 5 11 0 0 0 28 0 24 0 0 0 0 0 0 0 0 0 0 0 0 0 17 0 0 0 0 0 0 0 13 0 0 0 0 0 0 0 0 0 0 0 0 15 0 0 0 0 0 12 9 10 16 10 10 0 0 19 14 11 25 0 0 0 33 17 19 0 0 2 0 8 0 0 0 8 0 0 0 0 1 0 12 0 1 18 12 13 14 0 0 8 0 0 0 0 0 0 0 0 8 0 0 0 0 0 0 0 13 0 0 2 0 1 4 1 1 2 0 0 0 0 0 0 0 0 0 0 0 0 0 1 0 6 0 0 0 0 0 
 0 0 0 0 0 0 0 0 0 1 0 32 0 0 0 0 0 0 0 0 24 2 9 3 48 64 89 66 69 3 3 2 63 3 4 2 3 3 4 84 336 45 82 142 67 42 136 299 281 53 54 17 0 148 59 108 32 40 329 690 0 0 0 0 49 0 0 0 0 0 0 0 1 0 0 1 0 0 54 0 0 0 2 0 5 3 0 0 0 0 0 0 0 0 0 0 20 15 0 0 0 0 1 0 0 0 20 6 20 0 0 0 0 0 1 1 12 11 0 1 0 42 0 0 7 0 58 13 2 15 0 0 0 6 12 19 8 0 1 27 0 0 0 0 10 0 2 5 0 0 0 0 0 0 0 5 0 0 0 0 1 0 0 7 0 0 0 0 0 0 14 0 0 0 0 0 0 0 0 0 9 0 8 17 0 16 0 20 5 0 0 9 0 0 0 0 26 21 0 7 14 9 0 0 15 1 14 32 4 17 15 0 16 15 15 0 6 14 9 17 0 0 0 0 0 0 0 0 0 0 0 0 0 0 0 0 0 0 0 0 0 0 0 0 0 0 0 0 0 0 0 3 0 0 0 0 0 67 1 2 0 18 1 0 1 2 0 0 0 0 0 0 0 0 0 0 0 0 0 0 0 2 0 0 8 0 8 0 0 0 
 0 0 0 0 0 0 0 0 0 0 0 0 0 0 0 0 0 0 0 0 0 0 0 0 62 0 0 0 0 0 0 26 0 0 0 60 207 0 0 0 57 191 111 121 124 157 229 160 41 60 100 27 148 0 126 632 86 26 106 83 0 0 1 0 3 0 0 1 0 4 0 0 5 1 1 0 0 1 2 0 0 0 0 0 0 0 0 0 0 0 0 0 0 0 0 0 0 0 0 0 0 25 0 0 0 0 0 0 0 0 0 0 0 0 0 0 0 0 0 0 0 9 0 13 18 14 20 0 0 10 0 1 27 14 2 24 14 0 0 0 0 1 0 0 0 42 10 0 0 0 0 0 0 0 3 1 0 8 37 1 0 0 0 0 0 0 0 0 0 18 0 0 0 0 0 0 0 0 0 0 0 0 0 0 31 18 0 0 0 0 0 0 0 0 0 0 0 8 0 0 22 2 0 18 0 0 11 15 0 6 0 0 14 0 15 8 33 16 9 18 0 3 0 3 1 0 0 0 0 0 0 0 19 6 0 0 0 0 22 22 0 0 0 0 0 0 0 0 0 31 0 8 0 0 0 0 0 62 0 0 0 0 1 1 0 10 2 0 0 0 1 0 0 0 0 0 0 0 0 0 0 0 0 0 2 0 7 0 0 0 
 65 0 0 0 0 0 0 2 0 4 0 0 2 4 5 0 0 0 1 0 0 0 0 0 0 0 0 0 0 0 0 0 0 1 0 0 0 0 0 0 42 405 48 121 156 51 113 80 165 308 164 27 59 126 0 280 95 108 134 85 6 0 0 0 0 0 0 0 0 0 0 0 0 9 0 8 0 0 2 0 3 0 4 0 0 0 0 0 6 9 0 0 0 0 0 0 5 0 4 0 0 0 0 9 0 0 0 0 0 0 0 0 0 0 0 0 0 0 0 0 0 15 9 42 32 15 5 29 0 23 0 9 0 22 20 26 17 38 0 0 0 0 0 0 0 0 14 0 0 0 0 0 0 0 0 0 0 0 9 0 0 0 0 0 0 0 4 0 0 2 0 0 8 3 0 11 0 0 11 2 0 0 0 0 0 0 0 0 0 0 0 0 0 0 0 0 0 0 0 0 15 6 60 15 10 5 18 0 15 32 2 0 0 33 0 7 23 45 9 0 0 0 0 0 0 0 0 1 0 0 0 0 10 0 0 0 0 0 24 0 0 0 1 0 0 0 0 0 0 0 0 4 0 1 0 0 1 0 0 2 0 0 0 2 2 13 0 34 0 0 0 0 0 1 0 0 0 0 0 0 0 0 0 0 16 0 0 0 0 0 
 0 0 0 0 0 0 0 0 0 0 0 0 0 0 0 0 0 0 0 0 0 2 1 209 1 8 1 5 0 8 0 0 0 6 0 2 19 0 0 0 30 128 276 206 130 73 115 315 89 154 213 111 108 632 280 0 100 159 57 129 4 1 0 2 0 1 58 1 0 0 0 0 0 1 0 1 0 0 2 2 0 0 0 1 0 0 0 0 0 0 0 0 0 0 0 0 0 0 0 0 0 0 1 10 0 0 1 1 0 2 5 2 0 0 0 4 5 1 0 0 0 14 2 28 26 10 11 1 0 3 22 1 12 24 9 27 21 0 1 0 0 23 0 0 0 0 24 0 0 1 0 0 0 0 0 0 0 0 0 12 0 0 0 0 0 0 0 19 0 0 0 0 0 0 0 0 0 0 0 0 5 0 0 1 0 10 0 0 0 0 8 1 0 0 0 0 0 0 0 0 10 12 0 32 15 10 5 0 0 16 0 0 6 2 0 6 25 10 0 0 0 0 1 0 0 0 0 2 0 0 0 0 1 0 0 0 0 0 39 2 0 0 2 0 0 0 0 0 0 0 0 3 0 1 0 0 0 0 6 0 0 0 2 0 2 1 2 0 0 0 0 0 0 0 0 0 0 0 0 0 0 1 0 0 34 11 0 0 0 0 
 0 0 0 0 0 0 0 0 0 0 0 0 0 0 0 0 0 0 0 0 0 0 0 0 0 0 0 2 6 0 5 0 1 0 0 0 0 0 0 0 38 247 278 75 114 72 305 330 62 116 391 140 32 86 95 100 0 152 62 61 3 3 0 0 0 0 1 2 0 0 6 21 0 1 25 0 0 0 75 8 0 0 0 0 0 0 0 0 0 0 0 0 0 0 0 0 0 0 0 0 0 0 0 0 0 9 0 0 0 0 0 0 0 0 0 0 0 0 0 0 0 0 0 0 13 18 0 12 28 48 10 33 0 0 0 14 33 0 0 0 12 16 2 0 0 0 4 0 28 0 2 8 34 14 12 0 7 0 20 19 0 0 0 0 0 0 0 0 0 5 0 0 0 0 0 0 0 0 0 0 0 0 0 0 0 0 0 0 0 0 0 0 0 0 0 0 0 0 0 0 0 0 0 2 6 20 1 0 8 8 12 47 0 0 0 15 0 9 0 0 0 0 0 0 0 0 23 0 5 6 15 0 24 7 0 0 4 0 0 20 0 0 22 0 0 0 0 0 0 0 0 7 0 0 0 0 0 0 0 0 0 0 68 64 37 8 2 2 1 0 14 0 0 0 0 0 0 0 0 0 0 0 0 0 0 14 0 0 2 0 
 0 0 20 7 0 5 0 0 0 0 0 29 2 0 0 0 0 0 0 0 0 0 0 0 0 0 0 0 3 2 2 0 3 0 0 0 5 0 7 4 45 100 34 157 93 177 41 119 101 183 90 64 40 26 108 159 152 0 29 31 17 0 3 0 0 0 3 2 0 0 0 23 0 1 50 0 0 0 53 0 0 0 6 0 0 0 0 0 0 0 5 0 0 0 0 0 0 12 0 0 1 2 0 0 0 0 0 0 0 0 0 0 0 0 0 0 0 0 0 8 0 0 0 0 11 11 0 8 10 14 18 26 0 0 0 0 7 0 0 0 6 0 0 0 0 0 0 0 7 0 0 0 8 8 8 0 0 15 0 21 0 0 0 9 0 0 0 0 0 0 0 0 0 1 0 0 0 0 0 0 0 4 2 0 0 0 6 4 0 2 0 0 2 0 6 8 0 0 6 0 0 0 0 9 30 20 0 0 7 9 2 56 0 0 0 13 0 0 0 0 14 13 24 0 0 0 37 33 1 0 25 0 0 0 0 4 19 15 1 22 0 0 0 0 0 2 7 0 0 0 0 7 0 2 0 0 0 0 0 9 0 2 67 1 2 0 0 0 1 0 17 0 0 0 0 0 0 0 0 0 0 0 0 0 0 23 0 0 1 0 
 0 0 0 0 0 0 0 0 0 0 0 0 0 1 0 0 0 0 0 0 0 6 0 63 65 66 0 274 66 0 49 72 1 0 2 61 66 62 0 133 350 62 59 82 69 58 74 158 323 114 75 326 329 106 134 57 62 29 0 110 202 0 0 0 0 0 0 0 0 1 0 1 5 3 1 0 0 34 64 0 16 0 0 0 0 0 0 0 0 0 0 0 0 0 0 0 0 0 0 0 0 0 12 0 8 28 0 0 0 0 10 7 0 0 1 0 0 15 0 0 0 44 19 6 15 2 15 13 0 21 16 0 7 19 9 10 0 14 25 2 0 0 0 0 0 0 0 15 0 0 0 0 0 0 0 0 0 0 0 0 1 0 0 0 1 0 5 0 0 0 0 16 0 0 0 0 0 0 0 0 0 0 0 0 22 0 0 0 0 5 10 0 0 0 0 0 14 13 0 0 36 20 23 0 14 0 24 62 15 0 8 0 13 10 55 12 45 16 26 26 0 0 0 0 0 0 0 0 0 0 0 0 0 0 0 0 0 0 1 0 0 0 0 0 0 0 0 0 0 0 0 3 0 2 0 0 0 66 0 2 0 0 0 0 2 4 3 0 0 0 0 0 2 0 0 0 0 0 0 10 0 0 0 0 10 20 11 0 2 0 
 0 0 0 0 0 0 0 0 0 0 0 0 0 0 0 0 0 0 0 0 0 0 0 62 61 133 0 1 0 3 29 32 0 0 2 62 0 30 0 0 60 53 130 152 276 67 58 93 50 69 46 25 690 83 85 129 61 31 110 0 0 0 0 0 0 1 51 0 8 0 6 2 0 0 0 13 6 0 2 0 0 0 0 0 0 0 0 0 0 0 0 0 0 0 0 0 0 0 0 0 0 0 8 14 20 1 0 0 0 0 19 10 0 0 0 0 0 0 0 0 0 18 10 10 0 0 14 31 0 0 0 1 0 22 0 2 0 21 0 28 0 0 1 3 18 0 13 0 0 0 0 0 0 0 0 0 0 0 0 0 0 0 0 0 0 0 0 0 0 0 0 0 0 0 0 0 0 0 0 0 0 0 2 0 0 19 0 0 1 0 13 0 0 0 0 0 2 0 0 0 0 20 6 11 12 0 26 13 18 29 0 0 1 0 20 0 11 0 20 47 0 0 1 0 1 0 0 0 0 0 22 6 0 0 0 0 0 0 15 0 0 0 0 0 0 0 0 0 0 0 0 5 0 1 0 0 0 52 0 0 0 0 0 0 0 0 2 4 0 0 0 0 0 0 0 0 0 0 0 0 0 23 0 0 0 8 0 0 2 0 
 0 0 0 0 1 0 0 0 0 0 4 10 0 0 0 0 0 0 0 0 1 2 0 0 0 0 0 1 0 0 0 0 0 0 0 50 0 50 0 0 0 12 0 16 3 4 0 0 5 8 0 0 0 0 6 4 3 17 202 0 0 220 195 116 118 43 57 121 83 20 37 40 82 93 158 86 148 127 87 73 0 0 0 0 0 0 0 0 0 0 0 0 0 0 0 0 0 0 0 0 0 0 0 0 0 0 0 0 0 0 0 0 0 0 0 0 0 0 0 0 0 0 0 0 3 0 0 0 0 0 9 0 0 0 0 0 0 0 0 0 13 6 0 0 27 0 2 1 20 0 20 18 8 5 0 0 21 0 1 17 0 0 1 0 0 0 0 4 0 0 0 0 0 0 0 5 0 0 0 0 0 0 0 0 0 0 0 0 0 0 0 0 0 14 0 0 0 0 0 0 0 0 0 8 0 13 0 0 0 0 0 0 0 0 0 0 0 0 2 0 5 10 4 1 9 20 0 1 22 8 21 20 13 7 36 0 4 10 1 0 0 0 0 0 0 0 0 0 0 2 0 0 0 1 7 0 0 0 0 0 0 0 0 0 0 0 0 0 0 0 4 2 0 7 0 0 0 0 0 0 0 0 0 0 1 40 0 0 0 0 
