 0 209 162 119 58 29 140 160 37 131 105 42 150 235 221 123 137 132 171 468 3 1 2 0 2 0 0 0 0 0 1 5 4 1 2 0 0 1 0 2 0 3 3 0 7 0 3 7 6 35 3 0 0 3 0 0 3 0 0 0 0 32 1 3 0 0 3 2 0 0 0 0 0 0 0 3 0 0 0 125 0 0 0 0 1 0 9 11 11 1 5 0 46 21 15 14 11 15 0 28 0 0 0 0 0 1 0 0 0 0 0 0 0 0 2 0 0 0 0 0 0 1 0 0 0 0 0 0 0 0 0 0 0 0 0 0 0 0 2 0 0 2 0 0 0 0 0 0 0 0 0 0 0 0 0 0 0 0 0 0 11 15 0 24 0 20 0 9 18 0 0 0 37 0 25 8 10 12 10 0 0 0 0 0 0 0 0 0 0 0 0 0 18 0 0 0 0 0 6 0 0 0 0 0 2 2 0 0 0 0 0 0 0 0 0 0 0 0 1 0 2 0 0 0 0 0 0 0 31 0 1 0 0 0 0 0 0 0 0 0 0 0 0 0 0 2 2 0 1 0 0 11 0 0 0 0 0 0 0 0 0 0 0 0 0 0 0 0 0 0 0 0 0 0 0 10 0 0 0 0 0 0 0 0 0 0 0 0 0 0 
 209 0 229 138 117 143 110 186 263 98 105 456 147 40 168 169 148 62 62 328 3 1 2 0 2 0 0 0 0 0 0 8 2 2 0 0 0 0 2 83 0 0 3 0 0 0 0 0 3 0 3 0 0 70 0 0 2 0 0 0 0 0 3 3 0 0 3 0 0 0 0 0 15 0 0 3 0 0 0 2 23 27 36 0 27 3 0 17 74 18 56 0 29 2 19 0 12 28 0 9 7 0 2 1 0 0 0 0 0 0 0 0 14 0 0 0 0 0 11 0 0 0 0 0 0 0 0 0 1 0 0 0 0 0 0 0 0 0 0 0 0 0 0 0 0 0 0 0 0 0 0 0 0 0 0 0 2 2 0 0 11 6 45 0 24 45 2 0 24 16 44 0 0 0 0 0 0 1 0 0 0 16 2 0 0 0 11 7 2 0 0 1 55 0 0 0 0 0 59 41 20 0 0 0 0 0 0 0 0 0 0 0 10 0 0 1 0 0 0 0 0 0 1 0 0 0 0 0 21 0 0 0 0 0 1 0 0 0 8 2 0 25 0 0 0 1 1 0 0 4 19 10 1 0 0 0 0 0 0 0 1 0 0 0 0 0 0 0 0 0 0 0 0 0 2 8 0 0 0 0 0 0 0 0 0 0 0 0 0 2 
 162 229 0 313 225 76 61 105 186 181 209 267 131 43 58 178 446 243 38 37 4 1 5 0 2 0 72 0 0 3 2 214 74 2 4 1 0 5 1 77 1 0 5 0 2 0 4 3 6 0 3 0 0 66 2 0 2 0 0 2 0 0 0 3 8 0 3 2 0 0 0 0 13 0 3 3 3 0 0 2 10 26 23 29 51 42 76 0 19 32 23 0 12 7 20 0 2 47 0 0 10 0 13 0 0 0 24 0 0 0 0 0 0 0 0 0 0 0 9 0 0 0 0 0 0 0 0 0 0 0 0 0 3 0 0 6 0 0 0 0 0 0 0 0 0 0 0 0 0 0 0 0 0 0 0 0 0 0 0 0 0 11 0 1 12 0 0 0 10 54 16 0 0 0 0 0 21 47 0 0 0 17 2 0 0 0 15 10 9 0 0 0 21 0 0 13 0 0 10 19 19 0 0 0 0 4 0 0 0 0 0 0 24 0 0 0 0 0 0 0 0 0 0 0 0 0 0 0 0 0 0 0 0 0 0 0 0 0 0 0 0 3 0 0 0 0 61 0 5 97 0 12 0 0 0 0 0 0 0 0 0 0 0 0 0 0 0 0 0 0 0 0 0 0 0 0 14 0 0 0 0 0 0 0 0 0 0 0 0 0 
 119 138 313 0 112 213 190 292 194 160 167 130 165 70 61 132 619 369 58 71 42 2 2 0 2 0 7 18 1 0 2 3 75 0 0 0 1 0 50 3 0 0 13 0 2 1 1 0 17 0 5 0 0 30 0 0 2 0 0 0 0 0 4 3 2 0 3 0 4 0 0 0 0 0 0 3 2 6 0 7 8 28 1 24 55 28 5 6 2 14 5 7 15 25 12 20 16 45 0 0 0 0 0 0 0 0 10 7 0 0 0 0 12 12 0 0 0 0 0 0 0 0 0 0 0 0 0 0 0 0 0 0 0 0 0 0 0 0 0 0 0 0 0 0 0 0 0 0 0 0 0 1 0 0 0 0 0 0 0 0 0 0 0 0 28 13 0 3 15 0 0 11 0 0 20 18 5 11 0 0 0 0 0 0 0 0 0 1 0 0 0 0 0 0 0 0 9 0 0 0 0 0 0 0 0 0 0 0 0 0 0 0 45 0 0 0 0 0 7 0 0 0 0 0 0 0 0 0 0 0 0 0 0 0 0 0 0 0 0 0 0 0 0 0 0 1 95 2 3 2 0 16 0 0 0 0 0 0 0 0 0 0 0 0 0 0 0 0 0 0 0 0 0 0 0 21 18 0 0 0 0 0 0 0 0 0 0 0 0 1 
 58 117 225 112 0 177 259 171 286 173 71 147 259 302 149 140 74 178 51 80 6 75 5 0 3 3 49 1 0 0 2 3 108 0 38 3 3 0 9 4 9 0 16 0 0 0 0 8 3 3 3 0 0 0 1 0 2 0 0 1 2 0 0 3 0 5 3 8 6 3 0 3 6 0 0 3 5 0 2 4 18 20 0 25 6 19 0 0 1 29 13 8 0 7 8 19 10 15 0 0 0 0 8 0 2 0 18 13 11 0 0 0 76 15 7 0 0 0 107 2 0 0 0 0 0 0 0 0 1 0 0 0 0 0 0 0 0 0 0 18 0 0 0 2 0 0 0 0 0 2 0 0 0 0 0 0 10 4 0 0 0 0 9 0 28 39 2 2 0 0 12 2 0 0 16 1 30 21 0 0 8 0 0 21 0 2 1 28 0 0 1 0 14 0 0 14 1 0 13 0 0 0 0 0 0 0 0 0 0 0 0 0 0 0 0 0 1 0 10 0 0 0 0 0 0 0 0 0 1 0 0 0 0 0 0 0 0 0 0 0 0 0 0 0 0 4 91 0 109 4 3 6 89 0 0 0 1 0 0 0 1 0 0 0 0 0 0 0 0 0 0 0 0 0 0 0 27 0 0 0 0 0 0 0 0 0 0 0 0 0 
 29 143 76 213 177 0 53 241 324 242 212 52 41 41 66 160 124 351 54 63 107 1 2 0 4 2 101 77 2 72 0 4 85 76 0 148 89 1 76 39 1 0 3 2 0 0 0 0 14 0 3 0 0 2 0 0 2 0 2 0 0 0 0 6 5 0 3 1 2 0 0 0 7 0 0 3 0 0 3 2 4 32 10 17 20 81 0 0 1 16 3 8 0 0 0 0 34 1 0 0 0 33 32 9 15 0 24 28 18 6 10 14 41 0 3 7 10 9 27 19 0 0 0 0 0 0 74 0 1 0 0 0 0 0 0 0 0 10 0 0 0 0 0 2 0 0 0 0 0 7 0 0 0 0 0 0 0 2 0 0 1 0 4 12 1 2 2 6 0 5 14 15 0 0 0 0 0 0 0 0 47 34 36 2 0 2 44 6 8 0 1 0 21 40 0 2 25 10 9 7 0 0 0 0 0 0 0 0 0 0 0 0 0 0 0 0 0 0 0 0 0 0 0 0 0 0 0 0 1 0 0 0 0 0 0 0 0 0 0 0 0 0 0 0 0 6 0 0 0 95 0 13 0 0 0 0 0 0 0 0 0 0 0 0 0 0 0 0 0 0 0 0 0 0 0 0 12 0 0 0 0 10 0 0 0 0 0 0 0 0 
 140 110 61 190 259 53 0 266 389 159 117 322 245 245 149 83 407 268 161 417 3 1 77 0 2 4 0 0 0 0 4 5 2 1 0 0 0 0 0 2 3 0 5 0 0 0 1 0 3 4 6 1 0 63 2 0 2 0 0 0 0 49 0 3 0 2 3 0 0 4 3 0 3 0 0 3 0 2 3 9 0 23 31 19 9 0 15 15 29 10 17 10 38 0 0 18 2 37 0 8 0 0 0 0 0 0 0 0 0 0 0 0 0 0 0 0 0 0 0 0 0 0 0 0 0 0 0 0 24 0 0 0 0 0 0 0 0 0 0 0 0 1 0 0 0 0 0 8 0 0 0 2 0 0 0 0 0 0 0 0 21 10 0 17 0 0 9 28 20 0 16 0 39 33 54 21 4 1 1 0 0 0 0 0 0 0 0 0 0 0 0 0 0 0 0 0 0 0 0 0 0 0 0 0 0 0 0 0 0 0 18 0 12 0 2 0 0 0 0 0 0 0 0 0 0 2 0 0 0 0 0 0 0 0 0 0 0 0 0 0 0 0 0 0 0 0 1 0 1 0 2 10 0 2 0 0 0 0 0 0 0 0 0 0 0 0 0 0 0 0 0 0 0 0 0 9 0 0 0 0 0 0 0 0 0 0 0 0 0 0 
 160 186 105 292 171 241 266 0 83 28 126 321 103 68 188 200 90 109 64 70 3 0 2 0 2 0 0 0 0 74 0 3 2 2 0 0 0 0 85 2 39 0 3 0 3 0 1 3 3 0 6 0 0 1 0 0 2 0 0 0 0 0 13 3 0 0 3 0 0 0 0 0 0 0 2 3 0 0 0 2 0 7 28 0 14 18 16 13 65 25 14 2 0 21 1 22 50 0 0 0 15 0 0 0 0 0 10 0 0 0 0 0 0 0 0 0 0 0 0 0 0 0 0 0 0 0 0 0 15 0 0 0 0 0 0 12 0 0 0 0 0 0 0 0 0 0 0 2 0 0 0 1 0 0 0 0 0 0 0 0 20 42 0 30 38 32 0 16 16 40 0 1 0 20 0 15 9 21 18 0 0 0 0 0 0 0 19 13 0 0 0 0 36 0 0 0 0 0 6 7 3 0 0 0 0 0 0 0 0 0 0 0 0 0 0 0 0 0 0 0 0 0 0 0 0 0 0 0 25 0 0 0 0 0 0 0 0 0 0 0 0 1 0 0 0 2 90 0 0 0 2 4 0 0 0 0 0 0 0 0 0 0 12 0 0 0 0 0 0 0 0 0 0 0 0 0 1 27 0 0 0 0 0 0 0 0 0 0 0 0 
 37 263 186 194 286 324 389 83 0 174 299 98 89 91 154 528 129 168 249 102 3 0 2 0 3 0 0 0 4 0 1 6 2 2 0 0 0 9 73 107 0 0 3 0 0 0 4 3 3 0 3 0 63 2 0 54 2 0 0 0 0 0 0 3 0 0 3 0 0 52 0 0 3 0 0 3 0 0 0 3 10 19 60 12 13 14 0 0 31 21 43 8 0 0 12 0 24 13 0 22 10 0 0 10 0 1 3 0 0 0 0 0 25 0 0 0 0 1 24 0 0 2 0 0 0 0 0 1 0 0 0 0 5 0 0 0 0 0 0 0 10 0 0 0 0 0 0 21 0 0 0 9 0 0 0 0 1 0 0 0 18 20 12 12 22 47 0 25 11 21 55 10 0 0 21 12 0 0 0 0 0 10 6 0 0 0 10 11 0 0 0 0 30 0 17 0 0 0 67 47 35 0 1 0 0 0 0 0 0 0 0 0 0 0 0 0 0 0 0 1 0 0 0 0 0 0 0 0 0 0 0 0 0 0 0 0 0 0 0 15 0 24 0 0 0 2 0 2 1 3 18 12 0 0 0 0 0 0 0 0 0 0 0 0 0 0 0 0 0 0 0 0 0 0 0 1 10 20 0 0 0 0 0 0 0 0 0 0 0 0 
 131 98 181 160 173 242 159 28 174 0 313 408 214 326 109 197 471 48 184 235 3 1 2 0 2 0 0 80 0 0 0 3 2 2 0 0 0 2 0 75 0 0 5 0 0 5 1 0 3 0 3 0 0 66 0 0 2 0 0 0 0 0 0 3 5 0 3 0 0 0 0 0 6 0 0 3 0 0 0 2 21 1 62 33 29 3 21 0 18 30 19 15 14 8 18 1 1 54 0 0 9 3 0 0 0 0 9 0 0 15 0 0 0 0 26 0 1 0 1 11 0 0 0 0 1 0 0 0 0 0 0 0 0 0 0 0 0 0 0 0 0 0 0 0 0 0 0 1 0 0 1 0 0 0 19 0 0 0 0 0 10 11 13 0 33 0 13 11 9 20 26 0 0 50 45 1 12 2 0 0 0 10 0 0 0 0 10 1 24 0 0 0 0 0 20 0 0 0 10 9 17 0 0 0 0 14 0 0 0 0 1 0 12 0 0 0 0 0 0 0 0 0 0 2 0 0 0 0 9 0 0 0 0 0 0 0 0 0 0 0 0 1 0 0 0 0 4 0 4 47 21 5 19 0 0 0 0 0 0 0 0 0 2 0 0 0 0 0 0 0 0 0 0 0 0 0 0 0 0 0 0 0 0 0 0 2 0 0 0 0 
 105 105 209 167 71 212 117 126 299 313 0 247 133 38 144 163 128 90 45 240 3 1 2 0 2 0 0 73 0 0 0 3 2 1 0 2 0 0 0 39 0 0 3 0 0 0 1 0 3 0 3 0 0 3 0 0 2 0 0 0 0 0 0 3 0 0 30 0 0 0 0 0 0 0 0 3 0 0 0 6 30 14 29 49 20 0 26 19 1 37 8 20 2 2 7 24 19 28 0 6 13 0 0 0 0 0 0 1 0 0 0 0 10 0 0 0 0 0 13 1 0 0 0 0 0 0 0 0 1 0 0 0 0 0 0 0 0 0 0 0 0 0 0 0 0 0 0 0 0 0 0 2 0 0 0 2 0 0 0 0 11 14 7 10 14 0 12 33 14 1 25 13 0 7 10 14 24 22 0 0 0 15 13 0 0 0 0 0 0 0 0 0 0 13 0 0 0 0 8 11 17 0 0 1 0 0 0 17 0 0 0 2 3 0 0 0 0 0 0 0 0 0 0 0 0 0 0 0 0 3 0 0 0 0 0 0 0 2 0 0 0 10 0 0 0 5 90 0 0 1 15 19 0 0 33 0 0 0 0 0 0 0 1 0 0 0 0 0 0 0 0 0 0 0 0 12 15 0 0 0 0 0 0 0 0 0 0 0 0 0 
 42 456 267 130 147 52 322 321 98 408 247 0 136 47 41 170 602 98 235 118 3 3 2 2 2 0 0 104 0 2 0 75 2 1 23 0 0 0 8 2 0 3 6 0 0 0 4 4 6 0 3 3 2 71 0 0 3 0 0 0 0 0 0 3 3 1 3 2 3 0 0 0 0 0 0 3 3 0 0 2 27 14 21 28 17 1 19 0 1 14 0 17 19 24 15 15 18 32 0 15 19 37 0 0 0 0 0 6 0 0 0 0 0 19 15 0 10 0 0 13 0 0 10 0 1 0 0 0 0 0 0 0 0 0 0 0 0 0 0 0 0 0 0 0 0 0 0 0 0 0 1 0 0 0 0 2 0 0 0 0 9 0 15 0 45 1 0 14 0 0 14 2 0 7 24 10 34 35 0 0 0 0 25 0 0 0 0 0 0 0 0 0 22 0 19 7 1 1 31 4 0 21 0 1 0 13 0 0 0 0 1 1 11 0 0 0 0 0 0 0 0 0 0 0 0 0 0 0 0 0 0 0 0 0 0 0 0 2 0 0 0 0 0 0 0 0 61 0 1 7 10 13 18 0 0 0 0 0 0 0 0 0 2 0 0 0 41 0 0 0 0 0 0 0 0 0 0 0 0 0 0 0 0 0 0 0 0 0 0 0 
 150 147 131 165 259 41 245 103 89 214 133 136 0 183 126 110 93 116 66 239 3 3 3 0 2 3 2 2 0 0 2 3 2 1 0 0 0 0 0 4 0 0 3 1 0 3 1 0 3 4 3 0 0 30 73 0 3 0 0 0 0 31 33 3 0 0 3 0 0 4 0 0 0 0 0 3 0 0 0 11 24 6 0 10 8 0 18 20 1 2 0 0 29 11 22 10 2 9 0 11 0 0 0 0 0 0 0 0 0 1 0 0 0 0 0 0 1 0 1 0 0 0 0 0 0 0 0 0 0 0 0 0 0 0 0 2 0 0 0 0 0 0 0 0 0 0 0 0 0 0 0 0 0 0 0 0 0 0 0 2 10 0 0 0 0 1 0 0 14 0 0 0 10 0 17 19 11 20 0 7 0 12 0 0 0 0 0 0 0 1 0 0 0 0 0 0 0 0 0 0 0 0 0 0 0 0 19 0 0 0 0 0 11 0 0 10 0 0 0 0 0 0 9 0 0 0 0 0 0 0 2 0 2 0 0 0 0 0 0 0 0 0 0 0 0 1 87 2 2 0 1 8 0 0 0 0 0 0 0 0 2 0 0 0 0 0 0 0 0 0 0 0 0 0 0 8 0 0 0 0 0 0 0 0 0 0 0 0 0 0 
 235 40 43 70 302 41 245 68 91 326 38 47 183 0 147 134 383 254 103 214 3 1 2 0 2 1 0 0 0 0 0 6 2 2 0 0 74 0 0 2 0 0 3 0 0 0 0 0 3 0 3 0 0 0 0 0 2 0 0 0 0 0 9 3 0 1 3 0 0 0 0 0 0 0 2 3 0 0 0 2 0 16 20 1 0 0 9 10 37 1 10 0 21 16 31 21 43 22 4 23 0 0 0 0 0 0 0 0 0 0 0 0 12 0 0 0 0 0 0 2 0 0 0 0 1 0 0 0 15 0 0 0 0 0 0 0 0 0 0 0 0 4 0 0 0 0 0 0 0 0 1 25 0 0 16 1 0 0 0 0 28 47 9 17 0 0 0 30 0 0 0 0 48 25 15 32 7 0 18 51 0 0 0 0 0 0 0 0 0 0 0 0 0 0 0 0 0 0 1 0 0 0 0 0 0 22 0 0 0 0 1 0 0 0 0 0 0 0 0 0 0 0 0 2 0 0 0 0 0 0 0 16 0 0 0 0 0 0 0 0 0 0 0 0 0 0 2 0 2 1 1 10 0 0 0 0 0 0 0 0 73 0 0 0 0 0 0 0 0 0 0 0 0 0 0 0 0 0 0 0 0 0 0 0 0 2 0 0 0 0 
 221 168 58 61 149 66 149 188 154 109 144 41 126 147 0 183 33 138 68 406 5 2 2 3 5 1 0 0 0 0 2 5 2 4 0 2 2 0 75 4 3 0 3 0 2 0 2 0 3 0 3 2 0 0 0 0 2 0 0 0 0 0 0 3 0 0 3 0 0 0 0 4 3 0 0 3 0 0 0 3 21 12 12 0 0 15 0 3 2 20 33 0 24 10 15 16 0 22 0 0 0 0 0 0 0 0 0 0 0 0 2 0 12 0 0 0 0 0 8 0 0 0 0 0 0 2 0 0 0 0 0 0 0 0 0 0 0 0 0 18 2 0 0 0 0 0 0 14 0 0 0 12 0 0 0 27 0 0 1 0 0 11 19 0 18 22 0 0 0 0 32 0 0 0 31 3 23 0 0 0 0 0 0 0 2 0 1 7 0 11 0 0 25 0 0 0 0 0 19 0 0 1 11 0 0 0 0 0 2 0 0 0 0 0 0 0 0 0 0 0 0 0 0 0 2 0 0 0 0 0 0 30 0 0 0 1 18 0 0 0 0 0 17 0 0 0 1 0 4 1 0 7 0 0 0 0 0 0 0 0 0 0 0 0 0 0 0 0 0 0 0 0 0 0 53 0 0 0 0 0 0 0 0 0 0 0 0 0 0 0 
 123 169 178 132 140 160 83 200 528 197 163 170 110 134 183 0 313 259 29 252 3 1 2 0 2 0 0 0 0 0 0 3 2 10 1 0 0 0 3 83 0 0 3 0 0 0 2 0 3 28 3 0 0 63 0 0 2 0 0 0 0 0 3 3 0 0 3 0 0 0 0 0 0 0 0 3 0 0 0 6 4 28 54 14 11 0 20 2 55 63 26 20 10 10 10 14 8 13 0 33 6 0 0 0 0 0 0 12 0 1 0 0 11 58 0 0 0 0 0 0 0 0 0 0 0 0 0 0 10 0 0 0 0 0 0 2 1 0 0 0 0 0 0 0 0 0 0 1 0 0 0 0 2 0 0 0 0 0 0 1 10 26 6 21 6 13 0 48 9 22 36 0 0 21 0 6 10 1 0 0 1 0 0 6 0 0 0 0 0 1 0 0 33 0 0 0 0 16 7 22 22 0 0 0 0 0 0 0 0 0 0 0 10 0 0 0 0 0 9 0 0 0 0 0 0 0 1 0 30 0 0 0 2 0 0 0 12 0 0 0 0 9 0 0 0 0 13 0 2 2 14 4 0 0 0 0 0 0 0 0 0 0 0 0 0 0 0 0 0 0 0 0 0 1 0 0 19 0 0 0 0 0 0 0 0 0 0 0 0 0 
 137 148 446 619 74 124 407 90 129 471 128 602 93 383 33 313 0 182 137 234 78 2 2 0 2 0 0 76 0 2 0 6 3 0 1 0 2 0 73 5 2 0 3 0 0 2 3 0 10 0 2 0 0 38 0 0 2 0 2 3 0 0 2 3 8 0 3 0 0 0 0 3 0 3 1 3 3 0 0 2 66 10 47 19 20 28 12 0 25 27 10 0 2 8 13 0 40 18 0 10 0 0 0 0 0 0 10 0 0 0 0 0 0 0 0 0 0 0 19 0 0 0 0 0 0 0 0 0 17 0 0 0 2 0 0 0 0 0 0 0 0 1 0 0 0 0 0 0 19 0 0 0 0 0 0 0 0 0 0 0 27 15 15 22 2 36 0 14 44 1 0 14 0 10 1 0 3 37 14 0 0 14 19 0 0 0 0 0 0 0 0 19 23 14 0 0 11 0 29 0 0 0 1 0 0 0 0 0 0 0 0 0 16 0 0 0 0 0 0 0 0 0 0 0 0 1 0 0 21 0 1 0 0 0 0 0 0 0 0 0 0 1 0 0 0 2 87 0 1 86 19 3 0 0 0 0 0 0 0 0 0 0 0 0 0 0 0 0 0 1 0 0 0 0 0 34 0 18 0 0 0 0 0 0 0 0 0 0 0 0 
 132 62 243 369 178 351 268 109 168 48 90 98 116 254 138 259 182 0 59 134 3 1 2 0 2 0 3 0 0 0 0 3 2 1 0 0 0 0 2 2 0 0 3 0 0 0 1 0 3 0 3 0 0 68 3 0 4 0 0 0 0 0 0 3 0 0 3 0 0 0 0 0 12 0 0 3 0 3 0 2 32 48 0 10 43 15 0 24 26 13 27 21 15 1 0 0 12 16 0 8 0 0 0 0 0 0 16 0 0 0 0 0 41 0 0 2 0 1 25 0 0 0 0 0 0 0 0 0 0 0 0 0 0 0 0 0 0 0 0 0 0 0 0 0 0 2 0 0 0 0 0 2 0 0 0 0 0 0 0 0 0 13 28 16 14 20 29 13 24 9 13 0 0 24 0 3 38 15 1 11 0 19 0 0 0 0 32 5 0 0 0 0 21 0 0 2 0 0 21 13 0 0 0 0 0 0 0 0 0 0 0 0 10 5 2 0 0 0 0 0 0 0 0 0 0 0 0 0 0 0 12 0 0 0 0 0 0 0 0 0 0 0 0 0 0 8 2 0 3 18 0 10 1 2 0 0 0 0 0 0 0 0 0 0 0 0 0 0 0 0 0 0 0 0 0 8 30 0 0 0 0 0 0 0 0 0 0 0 0 0 
 171 62 38 58 51 54 161 64 249 184 45 235 66 103 68 29 137 59 0 296 5 1 2 0 2 2 0 0 0 0 0 3 2 6 0 0 0 0 0 2 0 0 3 0 0 0 2 0 3 0 3 0 0 1 0 0 7 2 0 0 0 0 0 3 0 0 3 0 0 1 0 0 0 0 0 3 0 0 0 4 12 0 64 16 0 0 24 9 9 0 11 13 31 7 14 0 9 28 14 25 0 0 0 0 0 0 0 0 0 0 0 0 0 1 0 0 0 0 0 0 0 0 0 0 0 0 0 10 0 0 0 0 1 0 0 0 0 2 14 0 0 4 0 0 0 0 0 0 0 0 0 0 15 0 0 0 0 0 0 0 20 1 18 0 0 0 38 38 13 0 10 0 11 44 39 1 21 0 1 22 0 0 0 0 0 0 0 0 0 15 0 0 18 0 0 0 0 0 1 0 0 0 0 0 0 0 0 0 0 0 0 0 0 0 11 0 0 0 0 0 0 0 0 0 0 0 11 2 0 0 0 0 0 2 0 0 0 0 0 0 0 0 0 0 0 0 2 0 0 1 15 22 0 0 0 0 0 0 0 0 0 0 0 0 0 0 0 0 0 1 0 0 0 0 0 0 0 0 0 0 0 0 0 0 0 0 0 0 0 0 
 468 328 37 71 80 63 417 70 102 235 240 118 239 214 406 252 234 134 296 0 6 2 2 0 3 202 0 0 0 0 0 3 2 2 2 22 0 0 0 2 0 1 3 0 8 0 4 0 3 0 3 1 0 0 0 0 2 0 0 0 0 32 0 3 0 0 3 0 0 0 0 0 0 0 0 3 1 0 0 5 1 11 66 0 0 0 11 23 11 1 3 0 3 0 0 14 42 1 0 44 1 0 0 0 0 0 0 0 0 0 0 0 0 0 0 0 0 0 0 0 0 0 0 0 0 0 0 0 15 0 0 0 0 0 0 0 0 0 0 0 0 3 0 0 0 0 0 0 0 0 0 0 0 0 0 0 0 0 0 0 30 12 25 0 0 5 0 26 30 2 14 0 16 4 80 0 1 1 12 0 0 0 0 2 0 0 0 0 0 0 0 31 5 0 0 0 0 0 3 0 0 0 0 0 0 0 0 0 0 0 0 0 0 0 0 0 0 0 0 0 0 0 0 0 0 0 0 0 0 0 0 0 0 0 0 0 0 0 0 0 0 0 0 0 0 0 1 2 4 0 17 13 0 0 0 0 0 0 0 0 0 0 0 0 0 0 0 0 0 0 0 0 0 0 0 19 0 0 0 0 0 0 0 0 0 0 0 0 0 0 
 3 3 4 42 6 107 3 3 3 3 3 3 3 3 5 3 78 3 5 6 0 84 153 48 30 29 148 404 110 518 113 258 280 222 94 411 115 22 182 374 1 0 1 11 0 0 0 0 8 0 3 68 7 0 0 0 0 0 2 6 0 0 0 3 0 0 0 0 0 0 0 0 0 2 3 0 0 0 2 0 0 0 0 0 20 6 0 0 0 3 0 0 0 0 0 0 0 0 0 0 17 26 28 20 27 12 6 36 57 41 11 2 2 41 35 1 29 0 8 40 0 13 0 0 0 0 0 0 0 0 0 0 0 0 0 0 0 1 0 7 0 0 0 0 0 0 2 0 0 5 0 0 0 0 6 0 0 0 0 0 0 0 0 0 19 16 0 0 0 0 0 4 0 0 0 0 0 2 0 0 24 13 17 0 10 7 27 3 0 7 0 0 0 19 0 0 33 22 0 0 0 0 0 0 0 0 0 0 0 0 0 0 0 0 0 0 0 0 37 0 0 0 0 13 0 0 0 0 0 0 0 0 0 0 0 0 0 0 0 0 0 0 0 0 0 0 0 0 74 0 0 0 0 0 11 0 4 0 1 0 14 0 0 0 0 0 0 0 0 0 0 0 0 0 0 0 0 0 0 0 0 11 0 0 0 0 0 0 0 0 
 1 1 1 2 75 1 1 0 0 1 1 3 3 1 2 1 2 1 1 2 84 0 100 386 132 132 372 61 115 151 128 52 130 339 278 51 59 246 182 132 1 25 11 0 0 0 1 61 1 2 4 89 2 3 2 0 1 2 0 3 37 0 0 4 0 0 0 0 52 0 0 3 47 3 3 0 0 0 3 2 0 0 0 0 0 1 0 0 0 0 0 0 0 0 0 0 0 0 0 0 0 9 18 9 14 13 1 11 48 8 0 25 19 20 40 26 1 1 0 40 0 0 0 0 0 0 0 0 0 0 0 0 10 0 0 0 0 0 0 0 0 0 0 0 0 0 0 0 0 1 0 0 0 0 0 0 18 0 0 15 0 0 0 0 17 0 0 0 0 2 0 7 0 0 0 6 0 1 1 0 19 9 1 2 0 10 22 9 0 0 0 0 0 0 25 1 17 9 0 0 1 0 0 0 0 0 0 0 0 0 0 0 0 0 22 0 0 0 0 0 0 0 0 0 0 0 0 0 0 0 0 0 0 0 0 0 0 0 0 0 0 0 0 0 0 0 1 0 76 0 0 0 0 0 12 0 0 0 0 2 1 0 0 0 0 0 11 0 0 0 0 0 0 0 0 0 0 0 0 0 0 0 0 0 0 0 0 0 0 0 
 2 2 5 2 5 2 77 2 2 2 2 2 3 2 2 2 2 2 2 2 153 100 0 238 124 117 107 297 145 53 106 564 503 70 350 147 68 471 57 205 3 0 0 0 0 0 0 0 0 0 3 0 2 3 0 0 0 0 0 3 0 0 0 3 0 0 0 0 0 0 0 0 0 2 3 0 0 0 2 0 0 4 0 2 0 0 0 0 1 0 0 0 0 0 0 0 0 0 0 0 26 40 17 17 10 11 0 0 1 54 10 0 0 11 13 11 13 0 12 13 0 0 0 0 0 20 0 0 0 0 0 0 0 0 0 0 0 0 11 9 0 0 0 0 0 3 0 0 0 0 0 0 0 0 0 0 0 0 0 0 0 0 0 0 0 0 0 1 3 0 0 3 0 0 0 0 0 8 0 0 28 21 8 2 46 0 14 9 11 32 48 19 0 10 18 10 11 20 0 0 0 0 0 0 0 0 0 0 0 0 0 0 0 0 0 0 0 0 2 0 0 0 0 0 0 2 0 0 0 0 0 0 0 0 0 5 0 0 0 0 0 0 2 0 0 0 0 0 0 0 0 0 0 0 11 2 0 123 76 4 15 3 0 0 0 0 0 0 0 0 0 0 0 0 0 0 0 0 0 8 0 0 0 0 2 0 0 0 0 0 
 0 0 0 0 0 0 0 0 0 0 0 2 0 0 3 0 0 0 0 0 48 386 238 0 218 43 165 156 108 251 78 138 142 143 167 244 76 31 71 156 4 0 1 0 0 0 0 0 0 64 3 0 34 64 0 0 2 0 62 3 0 0 1 3 0 0 0 0 0 0 0 0 0 2 3 0 0 2 2 0 1 0 0 0 0 0 0 0 0 0 0 0 0 0 0 2 0 0 0 0 0 0 0 8 8 31 0 0 10 1 13 25 0 1 11 0 10 21 0 13 0 26 0 0 1 0 10 0 11 0 0 0 12 12 11 0 19 0 19 0 0 0 46 0 0 0 0 0 0 0 0 0 0 0 0 0 0 4 0 0 0 0 1 0 2 0 0 0 12 0 0 0 0 0 0 0 0 0 0 0 23 0 0 25 11 35 25 0 20 0 12 20 0 11 10 2 1 34 0 0 23 0 0 0 1 0 0 13 1 9 0 0 23 0 2 0 3 0 30 0 0 0 0 0 0 0 2 0 0 0 0 0 0 0 0 0 0 0 0 0 0 0 0 0 0 0 0 0 2 0 0 0 0 0 6 0 4 77 0 1 4 9 0 0 0 0 0 0 0 0 0 0 0 0 0 0 0 0 0 16 0 0 0 0 0 0 0 0 0 0 
 2 2 2 2 3 4 2 2 3 2 2 2 2 2 5 2 2 2 2 3 30 132 124 218 0 281 252 126 86 557 392 124 72 297 174 90 126 346 62 77 66 61 65 0 0 24 62 1 0 0 4 0 67 66 0 65 65 0 68 136 0 3 1 3 0 0 50 0 7 0 0 0 0 2 3 4 0 0 2 0 0 0 0 22 0 0 0 0 0 0 0 0 0 0 0 0 0 0 0 0 0 0 9 0 6 0 0 0 0 8 20 18 0 2 0 9 10 10 0 0 21 7 0 15 0 0 28 2 13 0 0 0 0 27 0 0 19 0 27 17 0 0 0 11 0 2 0 0 0 0 0 0 0 0 0 1 0 0 0 0 0 0 0 0 0 0 0 2 0 0 0 0 0 0 0 0 0 0 0 1 0 0 0 1 51 20 0 0 15 25 9 44 0 0 13 0 0 20 0 0 15 0 11 0 0 0 33 0 31 10 0 0 69 14 0 0 0 0 16 30 0 0 0 0 0 0 0 0 0 0 20 0 0 0 0 0 0 20 0 0 0 0 0 0 0 0 0 0 0 0 0 0 0 0 15 0 4 155 76 0 5 0 9 0 0 0 0 0 0 0 15 0 0 0 0 0 0 2 0 9 0 14 0 0 18 0 1 0 0 0 
 0 0 0 0 3 2 4 0 0 0 0 0 3 1 1 0 0 0 2 202 29 132 117 43 281 0 55 48 133 272 62 199 45 38 54 317 60 140 52 49 2 64 0 0 0 0 133 63 0 0 2 0 25 129 0 0 1 0 63 146 0 0 0 3 0 50 0 0 0 0 0 0 0 2 3 8 0 0 2 0 0 0 0 0 0 0 0 0 0 0 0 0 0 0 2 0 0 0 0 0 18 0 2 0 20 21 0 0 15 50 9 0 0 0 0 1 1 0 0 0 58 18 19 0 0 0 0 14 12 0 0 0 30 18 10 13 0 17 15 20 0 0 0 0 0 0 0 0 0 0 0 0 0 0 0 0 0 2 0 1 0 0 0 0 0 0 0 0 0 0 0 44 0 0 0 9 2 0 0 0 0 0 0 0 35 20 0 0 15 10 20 20 0 0 0 3 0 0 2 0 0 10 11 12 0 0 0 40 16 11 0 2 10 0 29 0 3 0 59 0 11 0 0 0 0 0 0 0 0 0 0 0 0 0 0 0 0 0 0 23 0 0 0 0 0 0 0 0 0 0 0 0 0 0 11 0 1 1 4 0 0 10 0 0 0 0 0 0 0 15 0 0 0 0 0 0 2 0 0 0 0 0 0 16 0 43 0 0 0 2 
 0 0 72 7 49 101 0 0 0 0 0 0 2 0 0 0 0 3 0 0 148 372 107 165 252 55 0 302 45 121 50 57 309 128 73 67 55 39 234 203 2 0 3 21 0 0 0 0 0 0 3 0 2 1 1 0 0 0 0 3 0 0 0 3 0 0 0 0 0 0 0 0 0 2 3 0 0 1 4 0 0 14 0 0 2 12 0 2 0 11 10 12 0 0 0 0 0 0 0 0 0 0 19 0 0 10 11 49 35 0 0 13 15 33 7 0 8 0 31 8 2 0 0 0 0 18 0 0 0 0 0 0 2 1 0 0 0 0 0 0 0 0 0 0 0 0 0 0 0 8 1 0 6 0 0 0 15 0 0 0 6 0 0 0 1 12 0 0 8 0 0 0 0 0 0 0 23 12 0 0 30 0 51 2 0 7 27 12 0 0 0 0 1 7 0 42 9 27 0 21 0 0 0 0 0 0 0 43 1 0 0 0 0 0 0 0 0 0 6 0 0 0 0 0 0 0 0 0 0 0 0 0 0 0 0 12 0 0 0 0 0 0 0 0 0 0 0 0 74 0 0 0 0 0 5 2 0 0 0 2 0 0 0 0 0 0 0 0 0 0 0 0 0 0 0 0 13 0 0 0 0 0 0 0 0 0 0 0 0 0 
 0 0 0 18 1 77 0 0 0 80 73 104 2 0 0 0 76 0 0 0 404 61 297 156 126 48 302 0 48 38 103 125 197 39 147 117 227 107 101 55 2 0 1 0 0 2 0 0 6 0 3 0 3 0 0 0 1 0 0 3 0 0 0 3 4 0 0 0 0 0 50 0 3 2 3 0 0 0 2 0 0 0 0 11 10 21 0 0 0 0 0 21 0 0 0 0 0 0 0 0 22 40 0 9 28 12 26 18 0 31 0 0 0 11 9 0 0 0 1 2 0 0 0 0 0 0 1 0 0 0 0 0 0 0 10 0 0 0 21 7 0 0 11 0 0 0 0 0 0 0 1 22 0 0 0 0 0 1 0 0 0 0 0 11 0 16 0 0 4 0 0 11 0 0 0 0 0 1 2 0 12 12 18 13 47 0 0 14 49 31 40 0 0 12 27 16 30 15 1 11 0 0 0 0 0 10 0 0 0 0 0 0 0 0 0 0 0 0 28 0 0 0 0 0 0 0 0 0 0 0 0 0 0 0 0 0 0 0 0 0 0 0 0 0 0 0 0 0 0 74 0 0 16 0 10 2 2 35 6 0 17 10 0 0 0 0 4 0 0 0 0 0 0 0 0 0 0 0 0 4 0 0 0 0 0 0 0 0 0 0 
 0 0 0 1 0 2 0 0 4 0 0 0 0 0 0 0 0 0 0 0 110 115 145 108 86 133 45 48 0 393 69 115 125 93 162 238 29 38 98 59 10 0 2 0 0 0 66 0 62 0 3 0 2 0 1 25 0 0 0 66 0 5 0 3 0 0 0 0 3 0 0 0 0 9 3 0 0 0 2 0 0 0 0 0 0 0 0 2 0 0 0 0 0 0 0 0 0 0 0 0 9 19 19 10 1 10 9 0 19 11 28 15 0 0 35 30 18 0 29 13 10 0 0 0 0 0 29 11 0 0 0 0 12 44 10 0 0 0 31 0 0 0 0 0 0 0 0 0 0 0 1 0 1 0 0 0 0 4 0 0 1 0 0 0 0 0 0 0 0 0 0 0 0 0 0 0 0 6 0 0 13 0 0 27 9 1 28 0 12 1 14 11 9 2 0 30 0 4 0 0 0 0 0 0 0 0 36 12 0 0 0 0 0 0 0 0 0 0 26 0 0 0 11 0 0 0 0 0 0 0 0 0 0 0 0 0 0 0 0 0 0 0 0 0 0 0 0 0 0 0 0 0 0 0 6 0 0 90 0 2 0 9 0 0 0 0 0 0 0 0 0 0 0 0 0 0 0 0 0 0 11 0 0 0 0 19 18 0 0 0 
 0 0 3 0 0 72 0 74 0 0 0 2 0 0 0 0 2 0 0 0 518 151 53 251 557 272 121 38 393 0 163 327 78 144 105 202 259 39 87 147 152 0 0 0 0 0 0 0 0 0 3 0 2 2 2 2 0 0 0 3 0 0 0 5 3 0 0 0 0 0 0 0 0 2 3 0 0 0 2 3 0 0 0 0 0 0 0 0 0 0 0 0 0 0 0 0 0 0 0 0 1 0 8 0 0 18 0 0 10 0 32 57 16 12 0 32 0 12 0 0 10 0 0 14 0 0 40 0 0 0 0 0 17 0 0 0 10 2 1 11 0 0 0 4 0 0 0 0 0 0 0 0 0 0 0 0 0 2 0 0 0 0 0 0 0 0 0 0 0 0 0 0 0 0 0 6 0 0 0 0 13 0 12 0 18 8 9 17 1 12 36 16 0 48 13 1 6 26 0 0 0 0 1 0 0 0 12 11 25 0 0 0 12 11 16 0 0 0 2 8 0 0 0 23 0 0 0 0 0 0 0 0 0 0 0 0 0 0 0 0 0 0 0 0 0 0 0 0 3 0 0 0 0 0 8 0 2 2 84 0 6 2 0 0 0 0 0 0 0 0 11 0 0 0 0 0 0 19 0 0 0 15 0 0 0 0 0 0 0 0 
 1 0 2 2 2 0 4 0 1 0 0 0 2 0 2 0 0 0 0 0 113 128 106 78 392 62 50 103 69 163 0 117 13 97 134 211 129 116 35 70 56 0 0 0 21 0 0 0 0 3 66 21 2 65 0 0 0 0 4 65 0 3 0 3 0 0 0 0 7 0 0 0 0 2 13 11 11 0 2 1 0 0 0 0 0 0 1 0 0 2 0 0 0 0 0 0 0 0 0 0 11 0 28 8 12 52 1 0 0 25 73 12 0 0 14 11 0 6 18 0 1 1 0 0 0 0 19 0 0 0 0 0 23 4 0 0 4 0 8 38 8 0 0 18 0 0 0 0 0 10 0 0 0 0 0 1 0 0 0 0 2 0 0 0 0 0 0 0 0 0 0 10 0 0 0 0 0 5 0 0 1 14 1 4 48 13 0 0 0 27 0 18 1 13 9 0 20 10 0 11 1 0 11 0 0 0 13 18 28 1 0 0 13 11 0 0 0 0 0 10 0 0 0 0 0 0 1 0 0 0 0 0 0 0 0 0 0 0 0 0 0 0 2 0 0 0 0 0 2 0 0 0 0 0 10 4 0 75 147 1 7 2 0 0 0 0 0 0 0 0 12 0 0 0 0 0 0 0 0 0 0 14 0 0 2 0 1 0 0 0 
 5 8 214 3 3 4 5 3 6 3 3 75 3 6 5 3 6 3 3 3 258 52 564 138 124 199 57 125 115 327 117 0 449 38 49 105 213 474 43 104 8 0 0 0 0 0 0 0 4 2 3 0 2 0 0 0 32 0 1 3 0 2 2 3 0 0 0 0 0 0 0 0 0 2 3 0 0 0 4 0 0 4 0 0 0 0 0 0 0 0 0 0 0 0 0 0 0 1 0 0 19 0 0 44 28 35 0 0 1 1 0 37 1 4 18 26 1 38 0 1 0 0 0 0 0 0 1 0 0 0 0 0 14 0 0 0 0 18 19 24 1 0 0 0 2 9 0 0 0 0 0 0 0 0 0 0 0 0 0 0 0 0 0 9 0 1 0 0 0 0 0 1 0 2 0 0 0 0 0 0 0 21 0 42 14 3 0 13 0 13 36 32 0 24 22 1 38 19 0 0 1 5 1 0 0 0 14 52 33 7 1 1 0 12 13 0 0 0 2 0 0 0 0 0 0 0 0 0 1 0 0 0 0 0 0 0 0 0 0 0 0 0 0 0 0 0 0 0 0 0 0 0 0 0 8 2 0 38 79 0 1 0 0 0 0 0 0 0 0 0 0 0 0 0 0 0 0 0 0 0 0 11 0 0 0 0 10 0 0 0 
 4 2 74 75 108 85 2 2 2 2 2 2 2 2 2 2 3 2 2 2 280 130 503 142 72 45 309 197 125 78 13 449 0 178 116 84 112 105 490 132 25 0 8 0 2 0 0 0 2 2 3 0 2 2 0 0 0 0 3 3 0 0 0 3 0 0 0 0 0 0 0 0 0 2 3 49 0 0 2 17 0 0 0 0 0 20 13 0 0 20 6 0 0 0 0 0 0 0 0 0 1 21 11 7 8 11 10 36 7 0 0 10 14 25 12 0 0 27 17 6 0 0 0 0 0 0 0 0 0 0 0 0 0 0 0 0 0 0 0 0 0 0 0 0 0 2 0 0 0 0 0 0 0 0 8 0 12 0 0 0 9 0 0 0 1 12 0 0 1 0 0 1 0 0 0 0 14 12 0 0 53 7 35 10 0 8 15 12 0 0 0 0 1 11 0 23 27 11 0 12 0 0 0 0 0 0 0 0 0 0 0 0 0 0 0 0 0 0 31 0 0 0 0 9 0 0 0 0 0 0 0 0 0 0 0 0 0 0 0 0 0 0 0 0 0 0 0 0 79 0 0 0 0 0 4 3 2 1 0 4 3 2 64 0 0 0 0 0 0 0 0 0 0 0 0 0 12 0 0 0 0 8 0 0 0 0 0 0 0 0 
 1 2 2 0 0 76 1 2 2 2 1 1 1 2 4 10 0 1 6 2 222 339 70 143 297 38 128 39 93 144 97 38 178 0 84 89 113 156 231 193 1 0 0 0 3 0 0 0 0 0 3 0 2 4 0 0 0 0 0 3 0 0 0 3 0 0 2 0 0 0 0 0 0 2 3 0 1 1 2 4 0 0 0 0 0 0 0 0 0 0 11 0 0 0 0 0 0 1 0 0 0 21 0 25 8 47 0 21 24 11 0 11 1 48 28 0 0 31 0 27 0 0 0 0 0 0 0 0 0 0 0 0 0 0 0 0 0 0 0 0 1 0 0 0 0 2 0 0 0 0 0 0 0 0 0 0 0 0 0 0 4 0 0 0 28 0 2 17 7 0 0 3 0 15 0 0 0 0 0 0 30 15 32 7 0 33 25 3 0 0 0 0 2 12 0 5 29 32 0 18 0 0 0 0 0 0 0 0 0 0 0 0 0 0 0 0 0 0 0 0 0 0 0 0 0 0 0 0 2 0 0 0 0 0 0 0 0 0 0 0 0 0 0 0 0 0 1 0 74 0 0 0 0 0 14 0 0 1 0 2 2 0 0 0 0 0 0 0 0 0 0 0 0 0 0 0 0 0 0 0 0 8 0 0 0 0 0 0 0 0 
 2 0 4 0 38 0 0 0 0 0 0 23 0 0 0 1 1 0 0 2 94 278 350 167 174 54 73 147 162 105 134 49 116 84 0 192 29 32 80 74 2 0 5 0 0 2 0 0 0 1 3 0 2 3 0 0 0 0 0 3 0 0 1 3 3 0 0 0 0 0 40 0 1 3 3 0 0 0 3 0 0 0 0 0 0 0 0 0 0 0 0 1 0 0 0 0 0 0 0 0 33 20 25 0 7 67 0 14 20 13 12 0 19 19 31 0 39 11 6 10 0 0 0 0 0 0 1 0 0 0 0 0 0 0 0 0 11 0 0 7 0 0 0 0 0 0 5 0 0 0 0 0 0 12 1 0 17 0 0 0 0 0 0 0 0 15 0 0 0 0 0 3 0 0 0 0 11 4 0 0 10 1 16 0 32 0 8 2 0 7 0 0 0 0 19 2 0 37 0 1 0 0 0 0 0 13 0 0 0 0 0 0 11 0 0 0 1 9 10 0 0 0 0 0 0 0 0 0 0 0 0 0 0 0 0 0 0 0 0 0 0 0 0 0 0 0 0 0 0 0 0 0 11 0 5 2 0 1 2 2 18 0 0 0 0 0 10 0 0 0 0 0 0 0 0 0 0 0 0 10 0 0 0 0 0 0 0 0 0 0 
 0 0 1 0 3 148 0 0 0 0 2 0 0 0 2 0 0 0 0 22 411 51 147 244 90 317 67 117 238 202 211 105 84 89 192 0 139 129 61 317 1 0 0 0 0 0 1 0 0 0 3 68 2 2 0 0 0 0 0 3 0 0 0 3 0 0 0 0 0 0 0 0 0 2 3 0 1 0 2 0 0 0 0 0 0 0 0 0 0 0 0 0 0 0 0 0 0 0 0 0 11 33 45 49 14 78 0 8 23 59 21 24 20 0 53 2 18 53 19 39 0 0 0 0 0 0 0 0 0 0 0 0 0 0 2 0 0 0 0 4 0 0 0 0 0 3 0 0 0 0 0 0 0 0 0 0 0 0 0 0 0 0 0 0 0 0 0 0 0 0 0 4 0 0 0 0 0 5 0 0 26 30 19 51 11 1 42 9 0 15 26 31 0 26 0 0 54 54 0 0 0 0 0 0 0 2 2 0 0 0 0 0 0 0 0 0 0 0 0 0 0 0 0 0 0 0 0 0 0 0 0 0 0 0 0 0 0 0 0 2 0 0 0 0 0 0 0 0 3 0 0 0 0 0 11 0 1 2 76 0 6 0 0 0 0 0 0 0 0 0 0 0 0 0 0 0 0 0 0 1 0 6 0 0 0 0 11 0 0 0 
 0 0 0 1 3 89 0 0 0 0 0 0 0 74 2 0 2 0 0 0 115 59 68 76 126 60 55 227 29 259 129 213 112 113 29 139 0 67 159 122 0 0 0 0 0 1 0 0 0 0 2 0 2 2 0 0 0 1 0 3 0 34 0 3 0 0 0 0 2 0 0 0 0 2 3 0 0 0 2 0 0 0 0 0 0 0 0 0 0 0 0 10 0 0 0 0 0 0 0 0 0 8 18 18 25 22 2 17 35 16 20 42 18 10 2 11 43 0 11 22 2 0 0 18 0 0 11 0 0 0 0 0 10 0 0 0 0 0 0 0 0 0 0 0 0 0 0 0 0 6 1 0 2 0 0 0 0 0 0 0 0 0 0 1 1 0 0 0 0 0 0 0 0 0 0 7 0 1 1 0 14 17 11 10 12 7 11 8 0 0 23 0 0 24 7 0 31 11 2 0 0 0 2 0 0 0 12 0 20 0 0 0 12 0 10 0 0 0 0 0 0 0 0 0 0 0 0 0 0 0 0 0 8 0 0 0 0 0 0 19 0 0 0 0 0 2 0 0 3 0 0 0 0 0 9 0 0 3 180 0 2 1 0 0 0 0 0 0 0 0 0 0 0 0 0 0 0 0 0 0 0 14 0 0 0 0 0 0 0 9 
 1 0 5 0 0 1 0 0 9 2 0 0 0 0 0 0 0 0 0 0 22 246 471 31 346 140 39 107 38 39 116 474 105 156 32 129 67 0 19 103 1 0 0 1 0 0 65 0 0 6 3 0 69 33 0 2 1 0 3 85 1 1 0 0 0 0 7 6 4 0 0 3 0 0 8 0 0 19 0 3 0 0 0 0 0 0 0 0 0 0 0 0 0 0 0 0 0 0 0 0 2 18 14 26 36 27 0 0 0 0 12 34 0 8 8 55 0 14 0 0 8 0 0 0 0 0 40 11 0 0 0 0 10 24 0 0 0 0 6 0 0 0 0 0 0 3 0 0 0 0 0 0 0 0 0 0 0 0 0 0 0 0 0 0 0 0 0 0 0 0 0 0 0 0 0 0 0 0 0 0 7 17 0 38 7 15 0 19 0 35 11 0 0 9 33 0 25 0 0 0 0 0 14 0 0 0 0 0 1 0 0 0 23 0 23 0 0 0 63 1 15 0 0 0 0 0 0 0 0 0 0 0 0 12 0 0 0 0 0 0 0 0 0 0 0 1 0 0 0 0 0 0 0 0 5 1 0 99 159 4 3 3 0 0 0 0 0 0 0 0 0 0 0 12 0 0 0 0 0 0 0 18 0 0 0 19 0 0 0 0 
 0 2 1 50 9 76 0 85 73 0 0 8 0 0 75 3 73 2 0 0 182 182 57 71 62 52 234 101 98 87 35 43 490 231 80 61 159 19 0 96 1 3 6 0 0 0 3 0 12 0 3 85 2 3 0 0 0 0 0 3 0 0 2 3 0 0 0 2 0 0 0 0 0 2 3 0 1 0 48 0 0 0 8 0 0 31 0 0 0 0 1 0 0 0 0 14 0 0 0 0 14 20 0 10 0 0 17 23 16 7 0 0 6 51 10 0 11 0 0 11 0 0 0 0 0 0 0 0 0 0 0 0 0 0 0 0 0 0 0 0 5 0 8 0 0 0 0 3 0 0 0 3 0 0 0 0 0 0 0 0 1 9 0 0 20 35 0 0 2 0 0 17 0 0 0 12 0 0 0 0 14 7 36 0 0 0 0 12 0 0 0 0 7 0 0 17 9 0 0 0 0 0 0 0 0 0 0 0 0 0 0 0 0 0 0 16 0 0 10 0 0 0 53 0 0 0 0 0 0 0 0 0 0 0 0 0 0 0 0 0 0 0 0 0 0 1 0 0 74 0 0 0 0 0 11 0 2 0 0 0 3 0 0 0 0 0 10 0 0 0 2 0 0 0 0 0 0 0 0 0 0 0 0 0 0 0 0 0 0 0 
 2 83 77 3 4 39 2 2 107 75 39 2 4 2 4 83 5 2 2 2 374 132 205 156 77 49 203 55 59 147 70 104 132 193 74 317 122 103 96 0 3 0 0 2 0 0 1 0 26 2 3 0 2 2 0 0 0 2 3 3 0 0 0 3 0 0 0 0 0 2 0 0 0 2 3 0 0 2 3 0 0 2 28 10 10 0 0 0 1 13 27 2 0 0 14 0 9 2 10 0 33 11 12 18 27 0 0 43 29 17 11 21 8 50 24 9 9 17 28 35 0 0 0 0 0 0 0 0 0 0 0 0 0 0 0 0 0 0 1 0 0 0 0 0 0 5 0 0 0 0 0 0 0 0 0 0 0 0 0 0 18 0 0 10 1 1 0 3 10 4 13 16 0 0 0 0 11 0 0 0 18 63 41 9 3 0 0 9 0 1 15 0 0 40 1 35 76 0 40 56 34 0 0 0 0 0 0 0 0 0 0 0 0 0 0 0 0 0 0 0 0 0 0 0 0 1 0 0 0 0 0 0 0 0 0 0 0 0 0 0 0 16 1 0 0 0 0 0 0 0 0 0 0 0 7 0 2 7 0 0 0 0 0 0 0 0 10 0 0 0 0 0 0 0 0 0 0 0 0 0 0 0 0 0 1 0 0 0 0 0 
 0 0 1 0 9 1 3 39 0 0 0 0 0 0 3 0 2 0 0 0 1 1 3 4 66 2 2 2 10 152 56 8 25 1 2 1 0 1 1 3 0 274 264 51 23 50 315 128 180 103 29 42 53 265 94 118 46 50 329 480 2 2 2 1 2 1 0 2 0 2 0 0 0 0 5 3 1 9 9 6 0 0 9 0 0 0 0 0 0 0 0 0 2 0 0 0 0 0 0 0 0 0 0 0 13 11 0 0 0 0 11 0 0 0 0 0 0 0 0 0 36 14 15 9 2 6 28 9 0 15 32 2 22 0 9 7 5 0 8 18 9 0 0 4 0 0 3 0 0 0 6 0 3 0 0 0 0 0 0 0 0 0 0 0 0 0 0 0 0 0 0 0 0 0 0 0 0 0 0 4 0 0 0 0 0 0 0 20 0 0 0 4 0 0 0 0 0 0 0 0 0 13 0 0 0 0 0 0 6 1 9 2 0 6 0 12 11 0 9 18 0 0 0 0 0 0 0 0 0 0 0 0 0 4 0 0 0 0 0 11 0 0 0 0 0 0 0 0 0 0 0 2 0 2 0 0 0 1 0 8 0 0 0 0 4 10 0 0 0 0 6 0 0 0 0 0 0 19 0 0 0 0 10 0 9 11 0 0 2 0 
 3 0 0 0 0 0 0 0 0 0 0 3 0 0 0 0 0 0 0 1 0 25 0 0 61 64 0 0 0 0 0 0 0 0 0 0 0 0 3 0 274 0 190 67 46 30 123 161 139 63 56 46 109 261 117 120 184 122 124 147 0 0 1 0 0 0 1 0 50 0 0 0 27 18 1 8 1 5 0 0 0 0 0 0 0 0 0 0 0 0 0 0 0 0 0 0 0 0 0 0 0 0 0 0 20 0 0 0 0 0 0 0 0 0 0 0 0 0 0 0 18 65 3 0 18 9 9 0 2 7 15 28 0 7 0 0 26 0 2 0 5 1 11 0 0 0 8 0 0 0 8 0 5 0 34 5 0 0 4 34 0 0 0 0 0 0 0 0 0 0 0 0 0 0 0 0 0 0 0 6 0 0 0 0 0 11 0 0 0 0 0 0 0 0 0 0 0 0 0 0 26 8 0 0 0 58 11 0 0 14 0 0 8 0 0 20 17 48 21 3 0 2 0 0 0 0 21 0 0 0 0 0 0 6 0 0 0 0 37 49 0 0 0 0 0 0 0 0 0 0 0 8 0 0 0 0 0 0 0 0 0 0 66 0 5 9 1 0 0 0 0 0 0 0 0 0 0 0 0 0 0 0 0 0 33 42 0 0 2 0 
 3 3 5 13 16 3 5 3 3 5 3 6 3 3 3 3 3 3 3 3 1 11 0 1 65 0 3 1 2 0 0 0 8 0 5 0 0 0 6 0 264 190 0 180 83 112 106 90 145 95 43 277 295 38 280 110 419 122 45 327 1 0 0 0 0 0 60 0 0 2 0 5 127 103 3 3 0 0 54 53 0 0 0 0 0 6 0 12 0 0 15 0 0 0 0 0 0 0 0 0 0 0 3 2 0 0 2 12 5 0 0 0 15 3 6 0 0 0 0 1 8 23 0 11 3 20 24 1 6 6 14 52 15 31 1 0 25 0 24 14 0 0 0 0 8 0 20 0 0 3 0 0 0 0 0 0 3 0 31 14 0 0 0 0 0 5 0 0 0 0 0 0 0 0 0 0 0 0 0 20 7 0 0 0 0 0 1 14 0 0 18 0 0 0 0 0 1 0 0 0 10 37 0 15 0 9 0 11 16 9 0 9 58 0 0 20 16 0 32 30 9 0 0 0 0 0 21 0 0 0 0 0 0 0 0 10 0 0 27 0 0 0 9 0 0 0 0 0 0 0 0 5 0 0 0 0 0 0 0 1 0 21 0 0 79 12 0 0 0 0 0 0 0 0 0 0 0 0 0 0 0 0 0 0 13 0 0 0 2 0 
 0 0 0 0 0 2 0 0 0 0 0 0 1 0 0 0 0 0 0 0 11 0 0 0 0 0 21 0 0 0 0 0 0 0 0 0 0 1 0 2 51 67 180 0 159 64 80 159 80 115 136 139 102 69 120 124 29 131 68 61 1 0 2 0 0 0 52 52 0 0 0 2 50 0 1 3 0 0 3 50 0 0 0 0 0 0 0 0 0 0 0 0 0 0 0 0 0 0 0 0 0 0 0 0 0 0 0 0 0 0 0 0 0 0 0 0 0 0 0 0 0 6 22 35 34 9 0 0 0 7 0 10 0 0 0 28 5 0 0 0 4 75 0 0 0 0 44 14 0 0 0 0 24 0 22 0 0 0 13 0 0 0 0 0 0 0 0 0 0 0 0 0 0 0 13 0 0 0 0 0 0 0 0 0 0 0 0 0 0 0 0 0 0 0 0 0 0 0 0 0 0 23 1 53 0 0 0 0 0 0 0 46 0 0 0 18 1 26 0 0 0 0 6 0 0 0 23 0 0 0 0 0 0 24 16 0 0 0 0 8 0 0 0 0 0 0 0 0 3 0 0 4 0 0 0 0 0 0 0 9 0 0 1 63 1 4 2 0 0 0 0 0 0 0 0 0 0 0 0 0 0 0 0 0 0 0 0 1 0 0 
 7 0 2 2 0 0 0 3 0 0 0 0 0 0 2 0 0 0 0 8 0 0 0 0 0 0 0 0 0 0 21 0 2 3 0 0 0 0 0 0 23 46 83 159 0 211 63 81 68 151 200 109 86 70 143 96 44 68 88 91 0 0 0 0 0 0 0 0 0 0 0 0 1 0 20 0 7 0 51 2 0 0 0 0 0 0 0 0 0 0 3 0 0 0 0 0 0 0 0 0 0 0 0 0 0 0 0 0 0 0 0 0 0 0 0 0 0 0 0 0 0 0 18 12 11 40 0 0 0 11 0 12 0 0 0 18 0 13 0 0 0 8 0 14 0 0 0 13 0 22 0 0 19 37 4 0 8 0 15 29 0 0 0 18 0 0 0 0 0 0 0 0 0 0 0 0 0 0 0 0 0 0 0 6 0 0 0 0 0 0 0 0 0 0 0 0 0 0 0 0 0 9 10 9 20 32 0 13 1 0 38 30 0 0 0 0 0 14 0 0 0 1 41 0 0 0 12 23 0 0 0 0 26 47 0 0 0 19 25 11 7 0 0 0 0 0 0 0 3 0 0 3 0 0 0 0 0 0 0 1 0 0 0 0 0 7 0 65 2 0 0 0 0 0 0 0 0 0 0 0 0 0 0 0 7 0 0 0 0 0 
 0 0 0 1 0 0 0 0 0 5 0 0 3 0 0 0 2 0 0 0 0 0 0 0 24 0 0 2 0 0 0 0 0 0 2 0 1 0 0 0 50 30 112 64 211 0 63 83 81 78 104 67 29 255 61 105 319 369 294 265 2 51 0 0 0 0 112 53 54 52 1 0 49 50 55 20 1 51 2 118 0 0 0 0 0 0 0 0 0 0 0 0 0 0 0 0 0 0 0 0 0 16 0 0 0 0 0 0 0 0 0 0 0 0 0 0 0 0 0 0 0 0 0 0 0 31 0 0 0 0 0 47 0 0 0 0 0 0 0 0 10 25 0 15 0 0 42 26 0 0 0 0 18 0 13 0 3 0 1 20 0 0 0 0 0 0 0 0 0 0 0 0 3 0 4 0 0 0 0 0 0 0 0 0 0 0 0 0 0 29 0 0 0 0 0 0 0 0 0 0 0 0 0 0 0 13 0 1 0 0 16 0 0 0 0 0 8 0 0 14 3 9 44 10 0 0 19 38 0 0 0 0 7 58 10 8 9 0 8 9 1 0 0 0 0 0 0 0 0 0 0 16 0 0 0 0 0 0 0 5 0 0 0 113 3 5 1 40 0 0 0 0 0 0 0 0 0 0 0 0 0 0 0 0 0 0 0 0 2 0 
 3 0 4 1 0 0 1 1 4 1 1 4 1 0 2 2 3 1 2 4 0 1 0 0 62 133 0 0 66 0 0 0 0 0 0 1 0 65 3 1 315 123 106 80 63 63 0 112 125 106 19 253 310 101 249 45 118 23 48 212 0 0 2 0 0 0 0 0 0 0 0 0 0 0 1 19 0 0 0 3 0 0 0 0 0 0 0 0 0 0 0 0 0 0 0 0 0 0 0 0 0 0 0 0 20 2 0 0 0 0 0 0 0 0 0 18 1 1 0 0 37 32 3 0 0 3 26 21 11 14 13 0 0 30 3 17 18 28 2 19 0 0 0 0 0 0 0 0 0 0 0 0 0 0 0 1 0 0 0 0 0 0 0 0 0 0 0 0 0 0 0 0 0 0 0 0 0 0 0 6 4 0 0 19 1 19 0 0 0 0 0 6 0 0 0 0 0 0 0 0 18 4 22 1 11 11 0 0 0 13 14 3 9 3 7 34 15 17 38 11 1 0 0 0 13 0 0 0 0 0 0 0 12 0 0 0 0 0 0 37 0 0 0 0 0 0 0 0 0 0 0 14 0 0 0 0 0 0 0 0 0 0 2 0 2 11 0 0 2 0 0 0 0 0 0 0 0 0 0 0 0 0 2 0 0 36 0 0 0 0 
 7 0 3 0 8 0 0 3 3 0 0 4 0 0 0 0 0 0 0 0 0 61 0 0 1 63 0 0 0 0 0 0 0 0 0 0 0 0 0 0 128 161 90 159 81 83 112 0 90 119 96 97 175 77 122 346 114 128 175 128 0 0 2 0 4 0 4 6 0 6 0 31 17 0 1 30 2 0 205 51 0 0 0 0 0 0 0 0 0 0 0 0 0 0 0 0 0 0 0 0 0 0 0 0 19 0 0 0 0 0 1 0 0 0 0 0 0 0 0 0 14 21 3 0 0 0 0 0 0 0 8 6 3 16 18 14 22 0 0 0 9 0 4 4 0 0 0 6 0 3 0 0 1 3 0 11 0 8 0 0 0 0 0 0 0 0 0 0 0 0 0 0 0 0 12 0 0 0 0 0 0 0 0 0 0 11 0 0 0 0 0 0 0 0 0 0 17 0 0 0 10 25 19 17 29 0 7 0 0 8 0 6 1 0 0 24 1 0 3 0 0 0 0 0 0 0 1 0 0 13 10 0 0 9 13 0 0 0 0 32 0 0 0 0 0 0 0 0 0 0 0 15 0 2 0 0 0 0 0 2 0 0 66 1 0 3 8 0 0 0 0 0 0 0 0 0 0 0 0 0 0 0 0 0 13 14 0 7 0 0 
 6 3 6 17 3 14 3 3 3 3 3 6 3 3 3 3 10 3 3 3 8 1 0 0 0 0 0 6 62 0 0 4 2 0 0 0 0 0 12 26 180 139 145 80 68 81 125 90 0 233 154 50 156 103 168 205 127 108 420 152 0 0 2 57 0 0 0 0 0 0 0 9 0 0 2 0 0 0 0 0 0 0 0 7 4 12 0 0 0 0 1 0 25 0 0 0 4 1 0 0 0 0 3 0 0 0 26 4 0 0 0 0 0 1 0 0 0 0 6 0 0 9 1 31 0 16 32 37 8 37 22 0 11 11 32 0 23 0 10 6 0 0 2 0 0 0 0 0 0 0 0 0 0 0 0 3 0 0 0 0 0 0 0 4 0 2 0 0 0 0 0 7 0 0 0 0 0 0 0 23 0 3 11 0 0 0 0 0 0 0 0 0 0 3 0 0 8 0 10 13 9 6 23 0 15 0 38 12 20 27 10 7 0 22 11 24 10 10 4 7 0 0 0 0 0 0 0 0 0 0 0 0 10 0 0 0 0 0 20 0 0 0 7 0 0 0 9 0 0 0 0 5 0 0 0 2 0 0 0 5 0 0 67 0 0 10 2 0 1 0 0 0 0 0 0 0 0 0 0 0 18 0 0 0 0 5 0 18 0 0 
 35 0 0 0 3 0 4 0 0 0 0 0 4 0 0 28 0 0 0 0 0 2 0 64 0 0 0 0 0 0 3 2 2 0 1 0 0 6 0 2 103 63 95 115 151 78 106 119 233 0 220 366 101 125 194 321 128 49 85 142 43 0 1 0 0 0 0 0 3 0 0 0 0 0 0 0 0 0 0 51 0 0 0 0 0 0 0 0 0 0 0 0 0 0 0 0 0 0 0 0 0 4 0 1 14 5 0 0 0 1 0 2 0 0 0 5 0 8 0 0 1 0 9 56 14 25 18 13 1 48 23 0 0 0 29 25 2 14 4 0 0 0 3 0 0 0 11 0 0 0 0 0 0 0 0 0 0 0 13 0 0 0 0 0 0 0 0 0 0 0 0 0 0 0 0 0 0 0 0 12 0 0 0 6 0 9 0 0 4 9 0 8 0 0 55 5 0 0 0 0 20 0 3 7 13 14 27 0 11 0 30 20 0 31 2 12 11 16 0 1 0 0 0 0 0 0 10 0 0 0 0 0 9 10 0 0 0 0 0 9 0 0 5 0 0 0 0 0 1 0 0 15 1 0 0 0 0 0 3 13 0 22 0 0 0 11 4 1 0 0 0 0 0 0 0 0 0 0 0 0 0 0 0 0 0 0 0 1 2 0 
 3 3 3 5 3 3 6 6 3 3 3 3 3 3 3 3 2 3 3 3 3 4 3 3 4 2 3 3 3 3 66 3 3 3 3 3 2 3 3 3 29 56 43 136 200 104 19 96 154 220 0 73 94 88 114 143 294 86 78 91 0 0 1 0 0 213 0 0 1 0 18 0 1 0 0 0 0 1 51 0 0 0 0 0 0 0 0 0 0 0 0 0 0 0 0 0 0 0 0 0 0 7 0 0 0 0 0 0 0 0 0 0 0 0 0 0 0 0 0 0 0 0 19 24 12 35 0 0 0 27 7 11 0 0 10 19 29 14 0 0 0 0 0 0 0 0 0 10 0 0 0 0 60 0 0 0 33 0 28 9 0 0 0 0 0 0 0 0 0 0 0 0 0 0 0 0 0 0 0 0 0 0 0 0 0 0 0 0 0 0 0 0 0 0 0 0 0 0 0 0 11 10 22 21 23 37 20 18 2 0 92 41 0 18 0 1 9 22 0 0 0 0 11 0 0 0 28 15 0 0 0 0 19 17 0 0 0 0 1 7 0 0 0 0 0 0 0 0 2 0 0 8 0 0 0 0 0 2 0 7 0 0 1 0 4 1 4 14 1 0 0 0 0 0 0 0 0 0 0 0 0 0 0 0 0 2 0 20 0 0 
 0 0 0 0 0 0 1 0 0 0 0 3 0 0 2 0 0 0 0 1 68 89 0 0 0 0 0 0 0 0 21 0 0 0 0 68 0 0 85 0 42 46 277 139 109 67 253 97 50 366 73 0 39 22 143 197 142 187 37 68 0 0 0 0 3 4 63 6 0 19 0 7 84 25 24 3 0 0 76 3 0 0 0 0 60 0 0 0 1 0 0 0 0 0 0 0 0 0 0 0 0 0 0 0 0 0 0 0 0 0 0 0 0 0 0 0 0 0 0 0 0 0 0 0 23 6 0 10 1 1 21 78 1 0 6 9 7 11 0 0 0 12 0 22 10 3 10 19 0 27 0 0 11 8 0 4 0 4 69 8 0 0 0 0 0 1 0 0 0 0 0 0 0 0 0 0 0 0 0 0 0 0 0 0 0 0 0 0 0 0 0 0 0 0 0 0 0 0 0 0 7 20 0 53 1 0 0 21 0 12 0 23 0 1 0 0 1 58 0 0 0 0 11 1 0 0 24 10 14 0 4 0 21 12 21 5 1 5 12 10 0 0 0 0 0 0 0 0 0 0 0 19 0 0 0 0 0 0 0 1 0 12 5 1 3 2 16 2 4 0 0 0 0 0 0 0 0 0 0 0 0 0 0 0 0 0 0 0 0 0 
 0 0 0 0 0 0 0 0 63 0 0 2 0 0 0 0 0 0 0 0 7 2 2 34 67 25 2 3 2 2 2 2 2 2 2 2 2 69 2 2 53 109 295 102 86 29 310 175 156 101 94 39 0 256 103 113 23 90 322 391 0 0 2 0 0 44 0 0 0 0 0 0 202 0 0 4 0 0 0 0 0 0 0 0 0 0 0 0 0 0 0 0 0 0 0 0 0 0 0 0 0 0 0 6 23 0 0 0 0 0 9 0 0 0 0 0 0 0 0 0 23 23 9 1 0 11 0 34 33 13 15 0 0 45 11 10 28 0 0 0 0 0 3 0 0 4 0 0 0 0 0 0 3 0 0 7 0 0 0 0 0 0 0 0 0 0 0 0 0 0 0 0 0 0 0 0 0 0 0 0 0 0 0 0 0 19 0 0 0 0 0 19 0 0 0 0 0 0 0 0 21 0 88 7 30 0 1 0 0 22 1 18 74 1 3 62 2 11 46 0 0 0 0 0 0 0 0 0 0 0 0 0 10 0 0 0 0 0 0 25 0 0 0 0 0 0 0 0 0 0 0 20 0 0 0 0 0 0 0 0 0 0 66 0 2 2 2 0 0 0 0 0 0 0 0 0 0 0 0 0 0 0 0 0 0 19 0 8 2 0 
 3 70 66 30 0 2 63 1 2 66 3 71 30 0 0 63 38 68 1 0 0 3 3 64 66 129 1 0 0 2 65 0 2 4 3 2 2 33 3 2 265 261 38 69 70 255 101 77 103 125 88 22 256 0 219 111 28 20 175 359 0 0 2 0 0 0 0 0 1 0 0 0 0 0 1 0 3 0 0 0 6 11 0 12 3 0 0 0 0 0 0 0 6 0 0 0 0 14 0 20 0 0 20 0 2 0 0 0 0 0 4 0 0 0 0 0 0 0 0 0 2 2 0 1 1 1 0 0 15 1 13 1 0 44 13 9 10 1 0 0 1 2 1 2 2 0 1 2 2 2 1 2 3 2 0 2 0 2 2 0 0 0 0 0 0 0 0 0 49 0 0 0 0 0 0 3 0 9 0 0 0 0 0 0 8 21 0 0 0 14 0 23 0 0 0 0 0 0 0 0 1 2 28 20 12 2 1 1 0 0 1 16 9 2 2 15 2 1 10 0 2 2 0 0 1 1 0 0 0 0 2 2 0 1 2 2 0 0 0 2 0 0 0 0 0 0 64 0 0 0 0 0 1 0 0 0 0 0 0 0 0 0 3 0 1 1 2 0 0 0 2 0 0 0 0 7 0 0 0 0 0 0 2 0 1 0 0 8 2 0 
 0 0 2 0 1 0 2 0 0 0 0 0 73 0 0 0 0 3 0 0 0 2 0 0 0 0 1 0 1 2 0 0 0 0 0 0 0 0 0 0 94 117 280 120 143 61 249 122 168 194 114 143 103 219 0 111 37 65 110 132 0 0 1 0 0 2 0 3 0 4 0 0 0 0 0 0 0 0 64 0 0 0 0 0 0 0 1 0 0 0 0 0 0 0 0 0 0 0 0 0 0 0 0 0 0 0 0 0 0 0 0 0 0 0 0 0 0 0 0 0 0 0 42 43 22 24 0 1 0 28 7 0 0 1 14 45 10 14 1 0 0 0 0 0 0 0 8 3 0 0 0 0 5 0 0 0 0 0 23 6 0 0 14 0 0 0 0 0 0 0 0 0 0 0 0 0 0 0 0 0 0 0 0 0 0 0 0 0 0 0 0 0 0 0 0 0 0 0 0 0 12 9 13 14 11 25 13 20 1 0 37 51 0 22 0 1 0 16 0 0 0 0 0 0 0 0 19 0 0 0 0 0 19 7 0 0 0 0 0 12 0 0 0 0 0 0 0 0 0 0 0 15 0 0 0 0 0 0 0 1 0 0 0 0 2 2 0 1 0 0 0 0 0 0 0 0 0 0 0 0 0 0 0 0 0 0 0 9 0 0 
 0 0 0 0 0 0 0 0 54 0 0 0 0 0 0 0 0 0 0 0 0 0 0 0 65 0 0 0 25 2 0 0 0 0 0 0 0 2 0 0 118 120 110 124 96 105 45 346 205 321 143 197 113 111 111 0 144 118 35 152 0 0 1 0 0 3 0 0 0 0 0 0 51 85 1 0 4 4 73 8 0 0 0 0 0 0 0 0 0 0 0 0 0 0 0 0 0 0 0 0 0 0 0 0 0 0 0 0 9 0 0 0 0 0 0 0 0 0 0 0 21 20 0 27 10 32 7 11 0 24 27 5 0 16 37 1 39 5 14 0 4 0 0 0 5 0 9 0 0 0 0 20 5 0 0 0 0 0 12 0 0 0 0 0 0 0 0 0 0 0 0 0 0 0 0 0 0 0 0 7 0 0 0 0 0 0 0 0 0 0 0 0 0 0 0 0 0 0 0 0 52 7 9 8 13 1 14 0 1 23 35 28 7 26 7 7 9 5 16 4 0 0 0 0 0 0 15 9 0 0 0 0 0 2 0 0 0 0 14 1 0 0 0 0 0 0 0 0 0 0 0 7 0 0 0 0 0 0 0 1 0 0 2 0 2 21 2 0 0 0 0 0 0 0 0 0 0 0 0 0 10 0 4 0 4 6 0 5 0 0 
 3 2 2 2 2 2 2 2 2 2 2 3 3 2 2 2 2 4 7 2 0 1 0 2 65 1 0 1 0 0 0 32 0 0 0 0 0 1 0 0 46 184 419 29 44 319 118 114 127 128 294 142 23 28 37 144 0 369 56 101 0 0 0 0 0 4 19 0 0 0 0 0 5 26 0 0 0 0 0 14 6 0 0 0 0 0 2 0 0 0 0 0 0 0 0 0 0 0 0 9 0 0 0 0 0 0 0 0 0 0 0 0 0 0 0 0 0 0 0 0 8 10 0 26 10 1 16 24 0 0 82 14 0 5 19 0 1 8 8 0 0 10 28 13 0 0 19 0 0 0 0 0 0 1 0 0 0 0 40 15 0 0 8 14 0 0 6 4 0 0 0 0 0 6 0 0 4 0 0 15 0 0 0 0 0 33 0 0 0 0 0 1 0 0 0 0 0 0 0 0 12 4 0 0 0 11 20 0 0 5 0 11 4 14 7 0 13 0 0 11 9 0 12 0 0 0 11 0 0 0 0 0 0 0 0 12 0 0 12 0 0 0 0 0 0 0 1 0 2 26 0 9 0 1 0 0 0 0 0 8 0 0 1 0 8 10 0 0 0 0 0 0 0 0 0 0 0 0 0 0 0 0 0 0 14 0 0 0 0 0 
 0 0 0 0 0 0 0 0 0 0 0 0 0 0 0 0 0 0 2 0 0 2 0 0 0 0 0 0 0 0 0 0 0 0 0 0 1 0 0 2 50 122 122 131 68 369 23 128 108 49 86 187 90 20 65 118 369 0 249 105 0 0 1 0 3 7 16 51 0 1 0 3 20 24 1 0 0 6 5 69 0 0 0 0 0 0 0 0 0 0 0 0 0 0 0 0 0 0 0 0 0 0 0 0 0 0 0 0 0 0 7 0 7 0 0 0 0 0 0 0 0 10 0 0 13 1 1 15 19 14 27 24 0 15 6 0 9 19 13 1 15 10 4 16 9 0 19 6 0 0 0 0 6 0 0 4 0 0 2 14 0 0 0 0 0 0 0 0 0 0 0 0 0 0 9 0 0 0 0 0 0 0 0 0 0 0 0 0 0 6 0 1 0 0 0 0 0 0 0 0 7 18 15 10 19 45 18 21 15 21 10 0 0 4 8 0 0 0 0 7 10 0 16 0 0 0 13 0 0 0 0 0 0 18 9 11 0 0 32 17 0 0 7 0 0 0 0 0 0 0 0 14 0 2 0 0 2 0 0 0 1 2 1 0 3 0 0 4 0 0 1 0 0 8 0 0 0 0 0 0 0 3 6 0 5 0 0 0 1 0 
 0 0 0 0 0 2 0 0 0 0 0 0 0 0 0 0 2 0 0 0 2 0 0 62 68 63 0 0 0 0 4 1 3 0 0 0 0 3 0 3 329 124 45 68 88 294 48 175 420 85 78 37 322 175 110 35 56 249 0 236 0 0 2 1 4 4 0 0 10 0 3 11 0 2 3 3 2 1 0 6 0 0 0 0 0 0 0 0 0 0 0 0 0 0 0 0 0 0 0 0 0 0 0 0 0 0 0 0 0 0 0 0 0 0 0 0 0 0 0 0 0 19 0 18 0 0 14 0 15 0 15 0 14 60 20 0 17 0 16 14 0 0 1 7 0 0 0 0 2 0 0 7 0 0 0 0 0 0 0 0 0 0 0 0 0 0 0 0 0 0 0 0 0 2 0 3 0 0 0 0 0 0 0 0 0 51 0 0 0 0 0 30 0 0 0 0 0 0 0 0 24 13 18 0 13 0 36 11 16 1 14 20 0 18 1 44 0 0 4 17 0 0 0 0 0 0 0 0 0 0 0 0 0 0 0 0 0 0 0 1 0 0 9 0 0 0 0 0 0 0 0 4 0 0 0 0 2 0 0 0 0 0 1 0 0 2 0 0 0 0 0 0 0 0 0 0 0 0 0 0 0 0 0 0 16 0 0 3 0 0 
 0 0 2 0 1 0 0 0 0 0 0 0 0 0 0 0 3 0 0 0 6 3 3 3 136 146 3 3 66 3 65 3 3 3 3 3 3 85 3 3 480 147 327 61 91 265 212 128 152 142 91 68 391 359 132 152 101 105 236 0 0 0 2 0 0 0 7 0 0 0 0 2 0 1 0 0 1 6 5 4 0 0 12 0 0 0 0 0 0 0 0 0 0 0 0 0 0 0 0 0 0 0 31 0 0 1 0 0 0 0 11 0 0 0 0 11 0 0 0 0 35 3 0 10 0 0 18 24 0 10 11 0 1 41 13 0 43 14 21 14 0 5 4 0 0 0 0 15 8 0 0 5 0 0 1 6 0 0 9 0 0 0 0 0 11 0 0 0 0 0 0 0 0 1 0 0 0 0 0 5 0 0 0 12 6 18 0 0 0 27 0 15 0 0 0 0 0 0 0 0 12 0 30 0 9 0 21 3 0 9 0 0 12 19 0 0 11 1 12 23 0 7 12 0 0 0 4 2 22 0 0 0 3 0 0 0 0 0 6 0 0 0 0 0 0 0 0 0 0 0 0 12 0 0 0 0 0 0 0 11 2 0 73 0 2 11 0 0 12 0 0 0 0 0 0 0 0 0 0 0 0 0 0 0 15 10 0 0 2 0 
 0 0 0 0 2 0 0 0 0 0 0 0 0 0 0 0 0 0 0 0 0 37 0 0 0 0 0 0 0 0 0 0 0 0 0 0 0 1 0 0 2 0 1 1 0 2 0 0 0 43 0 0 0 0 0 0 0 0 0 0 0 209 134 106 31 29 122 153 38 99 113 82 39 41 138 81 56 77 120 115 0 0 0 0 0 0 0 0 0 0 0 0 0 0 0 0 0 0 0 0 0 0 0 0 0 0 0 0 0 0 0 0 0 0 0 0 0 0 0 0 0 0 0 0 7 0 0 0 0 0 0 0 0 0 0 0 0 0 0 0 0 0 18 18 11 14 7 15 14 4 18 0 0 4 0 0 2 33 7 0 0 0 0 0 0 8 0 0 0 0 7 7 0 0 0 0 0 0 0 0 0 0 0 0 0 0 0 0 0 0 0 0 0 0 7 0 0 0 7 0 0 0 0 0 0 0 0 0 0 0 0 0 0 7 0 0 0 0 0 0 21 0 0 0 33 7 0 16 0 1 0 1 0 0 0 1 0 34 18 18 0 0 0 0 0 0 0 0 0 0 0 0 0 0 8 0 0 0 0 0 0 0 0 53 0 7 0 0 2 0 33 0 0 0 2 2 0 0 0 0 0 0 0 0 0 0 0 0 2 0 
