 0 195 181 138 89 118 84 114 336 83 32 86 127 27 133 38 56 30 103 406 0 0 0 0 0 4 0 0 0 2 0 5 0 0 37 2 0 0 0 0 0 2 0 0 0 0 3 0 0 4 0 0 0 0 0 0 6 1 0 3 0 3 0 53 1 0 3 0 2 1 2 0 0 0 0 0 0 0 0 0 13 0 14 0 12 0 12 21 14 0 11 0 0 0 27 13 22 37 15 40 0 0 0 0 0 0 0 0 0 0 0 0 0 0 0 0 1 0 2 9 0 0 1 0 0 1 15 0 0 0 0 0 0 0 0 0 0 0 0 0 0 0 0 0 0 0 0 0 0 0 0 0 0 0 0 0 0 0 0 0 7 20 1 0 9 0 14 12 30 8 28 15 0 33 24 15 10 23 13 25 0 0 0 0 0 0 0 12 0 0 0 0 0 0 0 0 1 0 0 0 0 0 0 0 0 0 0 0 0 0 0 2 0 0 0 0 0 0 0 0 0 0 0 0 0 0 0 0 0 0 0 0 0 0 0 0 0 0 0 0 0 0 3 0 0 0 93 0 0 2 0 5 2 0 0 0 0 0 0 1 0 0 0 0 0 0 0 0 0 0 0 0 0 2 0 12 17 14 0 0 0 0 0 0 0 0 0 0 0 0 
 195 0 176 71 84 54 181 289 65 160 28 134 278 162 263 43 229 108 88 52 0 0 0 0 0 3 0 0 5 0 0 3 0 0 0 4 0 0 0 0 0 2 0 0 0 0 2 0 0 3 0 0 0 0 0 0 0 0 0 3 3 3 0 0 3 0 0 0 3 0 3 0 0 0 46 0 0 0 0 0 55 6 20 30 3 0 0 44 0 2 8 0 4 13 10 20 0 27 0 44 0 0 0 0 0 2 0 2 0 0 0 0 8 0 0 0 0 0 0 7 0 0 0 0 0 0 0 0 0 2 0 0 0 0 0 0 0 0 0 0 0 0 0 0 0 0 0 0 0 0 0 0 0 0 0 0 0 0 0 0 10 29 34 6 0 18 16 1 6 10 9 98 0 21 4 10 42 28 0 34 0 0 0 10 0 0 0 0 0 0 0 0 0 0 0 0 0 0 0 0 0 0 0 0 0 0 0 0 0 0 0 0 18 0 0 0 0 0 0 0 0 0 0 0 0 0 0 0 0 16 0 0 0 0 0 0 0 0 0 0 0 0 0 0 0 1 59 0 0 0 1 7 0 0 0 2 0 0 0 0 0 0 0 0 0 0 0 0 0 0 0 0 0 13 0 14 0 11 0 0 0 0 0 0 0 2 0 0 0 0 
 181 176 0 256 374 196 58 62 592 57 304 162 144 59 198 229 115 145 137 45 0 0 2 0 0 3 77 0 2 0 0 3 23 2 74 2 0 0 2 0 0 2 0 0 0 3 2 0 9 3 1 0 3 0 0 24 3 2 0 3 2 5 0 0 1 0 3 0 2 3 12 0 0 0 0 0 0 0 1 0 4 0 25 20 27 12 0 0 0 0 54 0 0 0 11 0 26 25 0 0 0 1 0 0 0 0 0 32 0 0 0 0 6 0 0 0 0 0 37 8 0 0 0 0 0 0 0 0 0 0 5 0 0 0 0 0 0 0 0 0 1 0 0 0 0 0 0 0 0 0 1 0 0 0 0 0 0 0 0 0 3 15 23 9 22 5 14 0 1 8 6 15 1 15 46 14 0 11 0 6 12 1 0 0 0 0 17 0 0 0 0 0 27 17 0 15 0 0 0 3 0 0 0 0 0 0 0 0 0 0 0 0 0 0 0 0 0 0 0 0 0 0 0 0 0 0 0 0 0 0 0 0 0 0 0 0 0 0 0 0 0 15 0 0 0 0 176 0 88 1 10 2 0 0 0 0 0 0 0 0 0 0 1 0 0 0 0 0 0 0 0 0 0 0 0 9 13 14 0 0 0 0 0 0 0 10 0 0 0 0 
 138 71 256 0 206 138 186 166 345 364 53 115 75 287 84 138 146 289 66 271 0 0 0 0 0 5 10 2 0 0 0 3 2 0 0 2 0 0 0 0 0 2 0 0 0 0 2 0 0 3 0 0 0 0 0 0 15 0 62 6 3 3 0 0 3 0 0 0 3 0 3 0 0 0 0 3 0 0 0 0 1 26 11 0 29 1 0 0 36 20 0 14 0 0 61 32 15 12 0 0 0 9 0 0 0 0 0 0 0 0 27 0 13 0 33 0 0 0 0 9 0 0 0 0 0 0 0 0 0 0 0 0 0 0 0 0 0 0 0 0 0 0 5 0 0 0 0 0 0 0 0 0 2 0 0 0 0 0 0 0 16 9 0 14 2 5 12 4 23 22 33 26 0 18 0 0 17 14 0 10 18 0 0 0 0 0 38 0 0 0 0 4 17 0 8 0 0 0 0 0 2 0 0 0 0 0 0 0 0 0 0 0 5 0 0 0 0 0 13 2 0 0 0 0 0 0 0 2 0 0 0 0 0 0 0 0 0 0 0 0 0 0 0 0 0 6 6 0 4 96 12 15 14 0 0 0 0 0 0 0 0 0 0 0 0 0 0 0 0 0 0 0 0 0 0 1 0 0 0 0 0 2 0 0 0 0 0 0 0 0 
 89 84 374 206 0 100 44 419 333 189 160 349 64 155 100 59 156 140 80 283 60 3 0 1 58 4 31 28 4 1 0 7 75 0 1 30 26 0 3 20 0 3 2 0 0 2 2 0 0 5 0 2 0 0 0 0 0 2 60 118 3 4 0 0 5 3 0 0 3 0 39 0 0 3 0 0 0 3 34 0 0 9 37 12 31 14 0 14 22 18 18 10 0 12 18 60 0 17 0 0 54 0 0 0 0 0 0 14 10 0 0 0 10 1 0 0 0 0 0 0 0 0 0 0 0 0 0 0 0 0 0 0 0 0 0 0 0 0 0 0 0 0 2 0 0 0 0 0 0 2 0 0 0 0 0 0 0 0 9 0 15 10 8 20 0 26 0 22 0 10 7 20 0 0 0 12 28 0 0 8 0 0 0 0 2 0 0 0 1 0 0 0 17 0 0 0 0 0 0 0 0 0 0 0 0 0 0 0 0 0 0 0 0 0 0 0 0 0 0 0 0 0 0 0 0 0 0 0 0 0 0 0 0 0 0 0 0 0 28 0 0 0 0 0 0 1 3 0 2 91 0 2 0 0 0 0 0 1 2 0 0 0 0 0 0 0 0 1 0 0 0 0 0 0 0 16 9 0 0 0 0 0 0 0 0 1 0 0 0 0 
 118 54 196 138 100 0 110 31 51 135 143 162 46 167 156 71 65 219 47 35 0 3 0 74 2 3 1 0 74 78 0 6 75 0 76 2 0 4 80 1 0 2 0 0 41 0 2 0 3 67 0 0 0 0 0 0 0 65 0 3 3 3 0 0 3 1 0 0 3 1 3 1 0 34 3 0 2 0 0 3 0 0 52 21 12 6 0 0 16 0 1 0 0 1 10 5 27 31 0 0 7 0 0 0 0 1 0 29 0 9 0 0 8 0 0 12 0 17 40 28 0 0 0 0 0 10 0 0 0 0 0 0 0 0 0 0 0 0 0 0 0 0 0 0 0 0 0 0 0 0 0 0 7 0 0 0 0 0 0 0 0 12 7 0 1 34 0 0 0 0 13 0 0 0 7 0 0 9 0 0 23 15 0 0 0 0 44 2 0 18 21 0 14 27 0 9 10 19 10 15 0 0 0 0 0 0 0 0 0 0 0 0 0 0 0 0 0 0 0 0 0 0 0 0 0 0 0 0 0 0 0 0 0 0 0 0 0 0 0 0 0 17 0 0 0 5 88 1 5 111 0 2 0 0 0 0 0 0 0 0 0 0 0 0 0 0 0 0 0 0 0 0 0 0 0 0 0 0 0 0 0 0 0 0 0 1 20 0 0 0 
 84 181 58 186 44 110 0 88 60 35 119 34 75 92 77 43 48 132 39 134 2 0 0 5 5 84 0 0 3 0 6 5 0 0 2 5 1 5 0 3 3 2 3 5 0 0 6 0 0 5 3 0 0 0 1 8 3 3 2 3 0 3 2 2 1 0 3 1 56 0 4 0 0 1 1 6 3 4 33 5 39 0 0 0 1 0 15 0 26 26 0 60 0 0 0 7 35 38 48 0 0 0 0 0 0 0 0 0 0 0 0 0 7 0 0 0 0 0 0 0 0 0 0 0 0 0 0 0 0 0 8 9 0 0 0 0 0 0 0 0 0 0 0 4 0 0 0 0 0 0 0 0 0 0 0 0 0 0 0 0 6 0 12 4 0 0 0 7 42 17 10 78 0 11 0 23 15 9 0 20 0 0 0 0 0 0 0 0 0 0 0 0 0 0 0 0 0 0 0 14 6 0 0 0 0 0 0 0 0 0 0 0 0 0 0 0 0 0 0 0 0 0 0 0 0 0 0 0 0 0 0 0 0 0 0 0 0 0 0 0 0 0 0 0 0 0 142 1 2 0 0 9 15 0 0 0 0 0 0 0 0 0 0 0 0 0 0 0 0 0 0 0 0 3 0 21 0 16 0 0 0 0 0 0 0 0 0 0 0 0 
 114 289 62 166 419 31 88 0 111 89 134 36 232 261 147 150 107 110 125 104 0 0 2 25 0 3 0 0 0 0 0 3 0 0 0 3 0 0 0 0 0 2 0 0 0 0 2 0 0 3 0 0 0 0 0 0 0 1 128 3 3 61 0 0 3 0 0 0 3 0 3 0 0 0 0 0 0 0 0 0 25 54 18 0 9 13 22 43 20 17 21 7 4 13 0 36 14 0 18 53 0 0 0 0 0 0 0 0 0 0 0 0 0 0 0 0 0 0 0 0 0 0 0 0 0 0 0 0 0 0 0 13 0 0 0 0 0 0 0 0 0 0 0 1 0 0 0 0 0 0 0 0 0 0 0 11 0 0 0 0 1 12 0 30 0 0 14 13 9 30 10 17 0 32 10 0 39 17 0 0 0 0 0 19 0 0 0 0 0 0 0 0 0 0 0 0 0 0 0 0 0 0 0 0 0 0 0 0 0 0 0 0 0 0 0 0 0 12 0 0 0 0 0 0 0 0 0 0 0 0 0 0 0 0 0 0 0 0 0 0 0 0 0 0 0 2 0 0 2 0 0 0 0 0 0 0 0 0 0 0 77 0 0 0 0 0 0 0 0 0 0 0 0 0 0 15 20 0 0 0 0 0 0 0 0 0 0 0 0 0 
 336 65 592 345 333 51 60 111 0 491 95 257 54 83 155 194 199 214 205 323 2 0 0 76 0 3 41 0 2 0 0 3 152 0 0 2 72 0 76 0 0 2 0 39 0 11 2 0 0 3 0 33 0 0 0 0 0 0 0 3 3 3 0 0 3 3 0 0 3 0 3 0 1 0 0 0 0 0 0 0 1 8 0 16 0 10 11 0 0 0 19 10 0 0 14 0 24 0 0 0 23 13 0 0 0 0 0 19 0 0 0 0 1 0 9 0 0 0 17 0 0 9 0 0 9 0 0 0 0 0 0 0 0 0 0 0 0 0 15 0 1 0 0 0 0 0 0 0 0 0 1 0 0 0 0 0 0 0 0 0 19 0 12 14 37 2 25 0 10 6 42 10 25 24 9 0 6 0 0 20 14 0 11 0 0 0 1 0 0 0 0 0 39 7 0 0 1 0 0 11 0 0 0 0 0 0 0 0 0 0 0 0 0 0 0 0 0 0 0 0 0 0 10 0 0 0 0 0 0 0 0 0 0 0 0 0 0 0 0 0 0 0 0 0 0 0 1 0 9 103 14 6 0 0 0 0 0 0 0 0 0 0 0 0 0 0 0 0 0 0 0 0 0 0 0 0 11 0 0 0 0 0 0 0 0 18 0 0 0 0 
 83 160 57 364 189 135 35 89 491 0 334 104 253 106 207 277 31 199 56 323 2 4 0 3 2 3 151 0 0 0 3 5 97 0 75 2 6 0 30 14 0 2 0 0 2 0 2 0 0 3 7 0 6 4 3 5 0 2 62 3 0 3 0 6 8 0 2 4 2 0 3 0 0 0 0 0 0 0 3 3 1 0 43 1 29 14 0 0 21 27 0 34 2 0 19 19 10 34 0 0 0 10 0 0 0 0 24 0 0 0 0 0 0 1 6 0 0 13 16 9 0 0 0 0 0 0 0 0 0 0 0 0 0 0 0 0 0 0 0 0 0 0 0 1 0 0 0 0 0 0 0 0 0 0 0 0 0 0 0 0 16 13 8 33 25 17 0 11 0 10 16 16 0 0 15 16 14 13 0 3 1 15 0 0 0 0 0 0 0 14 0 0 31 16 0 20 0 0 0 1 0 0 0 0 2 0 0 0 0 0 0 0 0 0 0 0 1 0 1 0 0 0 0 0 0 0 0 0 0 0 0 0 0 0 0 0 0 0 10 0 0 14 0 0 2 0 90 0 89 3 3 0 0 0 0 0 0 0 0 0 1 0 15 0 0 0 0 0 0 0 0 0 2 0 0 28 30 14 0 0 0 0 0 0 0 0 0 0 0 0 
 32 28 304 53 160 143 119 134 95 334 0 41 211 302 182 439 155 190 37 65 0 0 0 2 0 4 37 2 3 3 0 3 76 0 1 2 0 0 0 0 2 2 0 0 0 0 2 3 0 3 2 0 65 2 0 0 0 1 53 3 2 3 0 0 5 0 1 0 3 0 5 0 31 0 0 0 0 0 0 0 75 39 10 9 18 17 10 15 1 53 19 14 0 0 18 50 16 8 0 0 19 10 0 0 0 0 0 1 0 0 0 0 2 1 12 0 0 0 14 1 0 1 1 0 0 0 0 0 0 0 0 0 0 0 0 0 0 0 0 0 0 0 0 19 0 0 0 0 19 0 0 0 7 0 0 0 0 0 0 0 18 0 16 43 0 4 0 2 6 20 8 1 0 1 0 2 0 26 0 47 14 0 0 0 0 0 9 0 0 0 0 0 37 1 0 0 0 1 0 0 0 0 0 0 0 0 0 0 0 0 0 0 0 0 0 0 0 0 0 0 0 0 0 0 0 0 0 0 0 0 0 0 0 0 22 0 0 0 0 0 0 0 14 0 0 0 5 0 10 86 20 2 0 0 0 0 0 0 0 0 0 0 0 0 0 0 0 0 0 0 0 0 0 2 0 26 9 0 0 0 0 0 0 0 0 0 0 0 0 0 
 86 134 162 115 349 162 34 36 257 104 41 0 42 25 50 254 69 76 34 23 75 0 0 0 0 3 2 0 76 68 0 3 7 0 74 2 76 0 75 0 0 49 0 0 0 0 2 0 0 3 0 0 0 0 0 0 0 0 0 3 3 3 0 0 3 0 1 0 3 0 3 0 0 0 0 0 0 0 1 0 0 0 33 28 87 0 0 0 0 0 16 1 2 0 3 0 20 24 0 0 14 8 11 0 0 0 2 22 11 0 0 13 44 12 16 0 14 16 15 19 0 0 0 0 0 0 8 14 0 0 0 0 0 0 0 0 0 0 0 0 0 0 0 0 0 0 0 0 0 0 0 0 0 0 0 0 0 0 0 0 2 19 0 18 0 7 0 13 0 0 2 39 0 1 0 19 18 2 0 0 15 0 0 0 0 0 0 0 26 0 0 0 64 2 9 15 0 0 11 20 0 0 0 0 2 0 0 0 0 0 0 0 0 0 0 0 0 0 0 0 0 0 0 0 0 1 0 0 0 0 0 0 0 0 0 0 0 0 1 0 1 0 8 0 2 1 87 0 0 0 15 2 0 0 0 0 0 0 0 0 0 0 0 0 0 0 1 0 0 0 0 0 0 0 0 17 0 26 0 0 0 0 0 0 0 0 0 0 0 0 
 127 278 144 75 64 46 75 232 54 253 211 42 0 123 169 249 123 32 199 131 0 0 0 0 0 3 0 0 2 0 0 3 0 0 75 3 0 0 0 0 0 2 0 0 0 0 2 0 0 3 0 0 0 0 60 0 0 1 0 3 0 22 0 0 1 0 3 0 2 0 9 0 0 0 0 0 0 0 0 0 36 38 7 0 0 19 55 44 0 27 26 20 10 10 0 17 0 0 73 21 0 0 0 0 0 0 0 0 0 0 0 0 1 0 0 2 0 0 0 0 0 0 0 0 0 0 0 0 2 0 0 2 0 0 0 0 0 0 0 42 0 0 0 13 0 0 0 0 0 0 0 0 0 0 0 0 1 0 0 0 1 15 0 0 0 0 14 0 23 30 13 18 0 45 14 8 11 17 1 6 0 0 0 0 0 0 0 19 0 0 0 0 0 0 0 0 0 0 0 0 0 0 0 0 0 0 0 0 0 0 0 2 0 0 0 0 0 0 0 0 0 0 0 0 0 0 0 0 0 0 0 0 0 0 0 0 0 0 0 0 0 0 0 0 0 0 0 2 0 0 0 0 0 0 0 0 0 0 0 0 0 0 0 0 0 0 0 0 0 0 0 0 0 0 0 0 15 0 0 0 0 0 0 0 0 0 0 0 0 0 
 27 162 59 287 155 167 92 261 83 106 302 25 123 0 310 35 193 112 90 189 0 1 0 0 0 3 0 0 0 0 0 3 0 0 0 4 0 0 0 0 0 2 0 0 0 1 2 0 0 3 0 0 0 0 0 0 0 0 0 3 1 54 0 0 0 0 3 0 2 1 2 0 0 0 0 0 0 0 0 0 11 6 19 19 0 4 0 100 29 9 11 18 17 10 0 19 36 35 1 33 0 0 0 0 0 0 0 0 0 0 0 0 0 0 0 0 1 0 0 0 0 0 0 0 0 0 0 0 0 0 0 0 0 0 0 0 0 0 0 0 0 0 0 0 0 0 0 0 0 0 0 0 0 0 0 0 0 0 0 0 32 23 10 0 1 6 1 9 9 15 22 32 9 16 25 0 48 21 0 10 0 0 0 0 0 2 0 0 0 0 0 0 14 0 0 0 0 0 0 0 0 0 0 0 0 10 0 0 0 0 0 0 0 0 0 0 0 16 0 0 0 0 0 0 0 0 0 0 0 0 0 0 0 4 0 0 0 0 0 0 0 0 0 0 0 1 0 0 1 2 1 5 11 0 0 0 0 0 0 0 0 0 0 0 0 0 2 0 0 0 0 0 0 0 0 0 0 0 0 0 0 0 0 0 0 0 0 0 0 0 
 133 263 198 84 100 156 77 147 155 207 182 50 169 310 0 97 164 24 367 318 1 0 0 0 0 5 0 0 2 0 78 7 0 0 0 9 0 0 79 75 0 4 0 0 0 0 5 0 0 3 0 0 0 0 0 0 0 3 0 3 2 3 0 0 3 1 1 0 3 0 3 51 0 0 0 2 0 0 0 0 42 46 20 1 0 34 12 11 0 32 49 17 1 0 0 22 3 16 0 6 0 0 0 0 0 0 14 0 3 0 0 0 0 0 0 0 0 0 27 0 0 0 0 0 0 0 0 0 0 0 0 0 0 0 0 0 0 0 0 0 0 0 0 8 0 0 0 0 0 0 0 0 0 0 0 0 20 0 0 0 0 5 13 1 13 23 56 10 34 13 1 0 10 20 75 17 0 18 0 18 0 16 0 0 0 0 0 0 0 0 0 0 0 10 0 0 0 0 0 0 0 0 0 0 0 0 0 0 0 0 0 0 0 2 0 0 0 0 0 0 0 0 0 0 6 0 6 0 0 0 0 0 0 0 0 0 0 0 8 0 0 10 0 0 0 4 3 2 3 0 0 4 0 0 0 0 0 0 0 0 1 0 12 0 0 42 0 0 0 0 0 0 0 0 0 0 19 0 0 0 0 0 0 0 0 0 0 0 0 0 
 38 43 229 138 59 71 43 150 194 277 439 254 249 35 97 0 52 207 47 146 0 0 0 3 0 3 26 0 2 0 0 3 75 1 1 3 0 0 2 3 0 2 0 0 2 0 2 3 0 3 0 1 0 0 0 0 0 3 1 3 1 3 0 0 3 0 1 0 3 3 3 0 0 2 0 0 2 1 0 0 2 33 15 20 0 23 2 10 0 11 20 9 0 0 18 18 15 0 0 0 25 11 0 0 0 0 0 1 0 0 0 0 2 2 9 0 1 0 3 0 0 0 0 0 0 0 0 0 0 0 0 0 0 0 0 0 14 0 0 0 0 0 0 5 0 0 0 0 0 0 0 0 0 0 0 0 0 0 0 1 22 0 1 34 0 2 12 0 35 29 8 5 0 12 1 0 0 2 0 15 18 0 0 0 0 2 3 0 0 0 0 0 35 0 0 2 0 0 22 0 0 0 0 0 0 0 0 0 0 0 0 0 0 0 0 0 0 0 0 6 0 0 0 0 9 0 0 0 0 0 0 0 0 0 0 0 0 0 0 0 0 0 0 0 0 3 100 0 4 91 10 0 0 0 0 0 0 0 0 0 0 0 12 0 0 1 0 0 0 1 0 0 0 0 0 14 21 0 0 0 0 0 0 0 0 0 1 16 0 0 
 56 229 115 146 156 65 48 107 199 31 155 69 123 193 164 52 0 32 130 201 0 0 1 0 0 3 0 0 1 0 0 3 0 0 0 5 22 0 0 0 0 2 0 0 0 0 2 0 0 3 0 4 0 0 0 0 0 2 0 3 1 3 1 0 51 0 2 0 2 0 3 0 0 0 0 0 0 0 0 3 46 16 15 1 0 15 16 10 0 9 20 19 6 26 0 9 13 17 0 15 0 0 0 0 0 0 0 0 0 0 0 0 1 0 2 0 0 0 0 0 0 0 0 1 0 0 0 0 0 0 0 0 0 0 0 0 0 0 0 0 0 11 0 0 0 0 0 0 0 0 0 0 2 0 0 0 0 0 2 0 22 18 11 2 9 7 10 9 15 12 20 26 0 29 18 12 11 25 0 36 0 0 0 12 0 0 0 0 0 0 0 0 0 0 0 12 0 0 0 0 0 0 0 0 0 0 0 0 0 0 0 0 0 1 0 0 0 0 0 0 0 0 0 0 0 0 0 2 0 0 0 0 0 0 0 0 0 0 0 0 0 0 0 0 0 0 0 0 0 0 0 2 0 0 0 0 0 0 0 0 0 0 0 0 0 0 0 0 0 0 0 0 0 0 0 0 0 0 0 0 0 0 0 0 0 0 0 0 0 0 
 30 108 145 289 140 219 132 110 214 199 190 76 32 112 24 207 32 0 42 32 0 0 0 0 2 3 77 0 0 0 0 3 63 0 0 4 1 0 82 1 0 2 0 0 0 0 2 0 0 3 0 41 0 0 0 0 0 2 63 3 1 3 0 0 2 1 2 0 2 0 3 0 0 0 0 0 0 0 0 0 13 0 1 33 14 19 0 0 20 25 0 37 2 0 1 27 11 11 0 0 22 2 0 0 0 0 15 0 0 0 0 15 7 1 4 0 0 0 34 1 0 0 0 0 0 1 0 0 0 0 0 0 0 0 0 0 0 0 0 0 0 0 1 0 0 0 0 0 0 0 0 0 0 0 0 0 0 17 0 0 21 0 0 0 35 0 2 8 9 14 15 24 0 0 3 0 11 1 0 0 0 0 10 12 0 0 0 0 0 0 0 0 19 17 0 0 1 0 0 0 0 0 2 0 0 0 0 0 0 0 0 0 0 0 0 1 1 0 0 0 0 0 0 0 0 0 0 0 0 0 0 0 0 0 0 0 0 0 0 0 0 0 0 0 2 3 44 0 87 0 9 8 15 0 0 0 0 0 0 0 0 0 0 0 0 0 0 0 0 0 0 0 0 0 0 1 0 0 0 0 0 0 0 0 0 0 0 0 0 0 
 103 88 137 66 80 47 39 125 205 56 37 34 199 90 367 47 130 42 0 254 0 3 0 0 2 3 2 5 3 0 0 3 0 3 3 6 0 2 0 2 0 2 2 5 2 2 2 0 2 5 0 0 0 0 2 5 1 3 0 6 3 3 0 0 5 1 0 5 3 34 6 5 0 0 0 2 1 3 0 0 22 0 0 0 0 0 13 10 2 0 15 0 18 0 0 1 27 13 35 17 0 2 0 0 0 0 0 0 0 11 0 0 0 0 0 0 0 0 0 0 0 0 0 0 0 0 0 0 0 0 0 0 0 0 0 2 0 0 0 0 0 1 0 0 0 0 18 0 0 0 0 0 0 26 0 0 0 0 0 0 7 8 0 7 13 0 30 1 14 13 17 10 1 46 33 0 7 23 0 46 0 13 0 0 0 0 0 0 0 0 0 0 0 0 0 0 0 0 0 0 0 1 0 0 0 0 0 0 0 0 0 0 0 0 0 0 0 0 0 0 0 0 0 0 0 11 0 0 0 17 0 0 0 0 0 0 0 0 0 0 0 0 0 0 0 2 0 0 0 0 0 0 22 0 7 0 0 0 0 0 0 0 0 2 0 0 0 0 0 0 0 0 0 0 0 0 24 0 0 0 0 0 0 0 0 0 0 0 0 0 
 406 52 45 271 283 35 134 104 323 323 65 23 131 189 318 146 201 32 254 0 0 0 0 0 1 3 0 2 1 0 0 3 0 0 0 4 0 0 0 0 0 2 0 0 0 0 2 0 1 3 0 0 0 0 0 0 0 1 0 3 0 58 0 0 1 0 3 0 2 1 2 0 28 0 0 0 0 0 0 0 5 20 26 0 0 17 11 33 3 0 31 0 33 18 0 52 31 11 38 13 0 0 0 0 0 0 0 0 0 0 0 0 0 0 0 0 0 0 0 0 0 0 0 0 0 0 0 0 0 0 0 0 0 0 0 38 0 0 20 0 0 0 0 0 0 0 0 0 0 0 0 0 0 0 0 0 0 0 0 0 20 9 10 0 37 1 0 11 10 1 35 9 26 3 12 9 10 52 8 19 0 1 0 0 0 0 0 0 0 0 0 0 0 1 0 0 0 0 0 0 0 0 0 0 0 0 0 0 15 0 0 0 0 0 0 0 0 0 0 0 0 0 0 0 0 0 0 0 0 0 0 0 0 0 0 0 0 0 0 0 0 0 0 0 0 0 0 0 2 2 0 6 20 0 0 0 0 1 0 0 0 0 0 0 0 0 0 0 0 0 0 0 0 0 0 0 0 14 0 0 0 0 0 0 0 0 0 13 0 0 
 0 0 0 0 60 0 2 0 2 2 0 75 0 0 1 0 0 0 0 0 0 157 226 129 72 237 81 222 60 84 116 101 57 247 103 40 355 104 186 133 0 0 0 1 23 2 1 2 0 1 6 3 0 0 0 0 0 6 0 3 0 0 0 0 0 0 0 0 2 0 51 0 0 61 0 2 0 3 55 5 0 0 1 0 11 0 0 15 0 1 14 12 0 0 0 0 2 0 0 0 66 32 9 3 21 0 13 23 25 15 9 32 17 0 24 28 34 19 0 34 0 0 0 0 0 0 3 6 0 0 0 0 35 0 0 10 0 0 0 0 0 0 0 0 2 0 0 0 0 0 0 0 0 0 0 0 0 0 0 0 1 0 1 1 0 1 0 21 0 0 0 1 0 0 1 7 0 0 0 0 21 22 25 0 0 0 0 0 32 47 2 25 3 0 10 20 7 0 24 22 24 0 0 0 0 0 0 0 0 0 0 0 11 0 2 2 0 0 10 1 0 0 0 0 0 0 0 0 2 0 0 0 2 0 0 0 8 0 14 0 0 0 0 0 0 2 0 0 0 0 0 0 0 0 8 0 2 76 0 1 2 0 0 0 0 0 0 0 0 0 0 0 0 0 0 0 0 0 0 0 0 0 0 1 0 16 0 0 0 0 
 0 0 0 0 3 3 0 0 0 4 0 0 0 1 0 0 0 0 3 0 157 0 152 261 324 90 365 163 129 269 38 113 62 114 115 132 129 139 113 82 0 0 0 0 2 0 62 2 0 0 0 3 0 1 0 12 0 7 0 65 0 1 0 0 0 0 1 0 3 18 0 0 0 3 0 2 0 3 3 0 0 0 0 0 0 0 0 0 0 0 0 1 0 0 0 0 0 0 0 0 0 2 17 13 18 0 15 43 11 89 23 20 12 1 10 18 29 11 0 23 0 0 0 0 0 0 0 19 0 0 0 0 9 11 0 7 0 2 13 0 0 0 0 0 0 0 0 0 7 0 0 0 0 0 0 0 0 0 0 0 0 1 0 0 0 7 0 0 33 0 0 0 0 0 0 6 6 0 0 0 7 47 8 11 11 15 16 30 24 3 3 0 25 5 14 14 23 16 11 38 0 0 0 0 0 0 11 0 0 0 0 0 0 0 0 0 0 0 0 21 0 0 0 0 0 0 0 0 0 0 0 0 0 0 0 0 0 0 0 2 0 0 16 0 0 0 0 0 0 0 0 0 0 0 6 0 2 130 1 0 18 7 0 0 0 0 1 0 0 0 0 0 0 0 0 0 0 0 0 11 0 0 0 0 0 12 0 0 0 0 
 0 0 2 0 0 0 0 2 0 0 0 0 0 0 0 0 1 0 0 0 226 152 0 131 86 191 150 213 178 26 112 129 80 496 113 200 163 99 118 95 0 0 0 0 1 0 0 2 64 0 0 5 2 0 0 1 0 5 0 6 0 1 29 0 0 0 2 0 3 3 2 0 0 0 4 4 0 7 4 1 0 0 0 0 11 0 0 0 0 0 0 0 1 0 0 0 0 0 0 0 12 24 0 15 8 24 12 61 0 0 12 7 0 23 13 41 0 13 0 10 0 0 0 0 0 0 0 0 0 0 0 0 31 9 0 7 0 0 12 0 0 0 6 0 0 0 0 0 0 0 0 0 0 18 0 0 0 0 0 0 0 0 0 0 0 0 0 13 0 0 0 0 0 0 0 3 0 0 0 0 33 15 23 8 33 0 10 12 0 44 38 0 12 12 15 29 8 10 6 8 15 0 0 0 0 0 0 0 39 15 0 0 0 0 0 0 0 0 26 7 0 0 0 0 0 2 0 0 0 0 0 0 0 0 0 0 0 0 0 22 0 0 0 0 0 0 0 0 0 0 0 0 0 0 12 0 0 1 39 0 2 0 0 0 0 0 12 0 0 0 0 0 0 0 0 0 0 0 0 10 0 30 0 0 0 10 0 0 0 0 
 0 0 0 0 1 74 5 25 76 3 2 0 0 0 0 3 0 0 0 0 129 261 131 0 198 45 106 66 189 118 61 126 71 49 66 124 134 148 92 66 0 270 1 79 46 208 62 2 0 8 0 4 93 0 0 1 0 4 0 66 0 4 0 0 0 0 2 11 3 0 0 0 0 0 4 2 0 3 2 4 0 0 0 0 0 0 0 0 0 0 0 0 0 0 0 0 0 0 0 0 8 0 4 7 0 25 0 0 2 1 0 0 0 0 0 11 0 13 0 9 8 0 12 0 0 0 24 0 0 13 0 12 35 22 34 36 0 0 6 0 0 0 6 0 0 0 2 0 0 0 0 0 0 4 0 0 0 0 0 0 0 0 0 0 0 0 0 0 0 0 0 0 0 0 0 0 0 0 0 0 0 1 16 1 44 20 9 0 4 0 16 1 0 10 7 15 16 4 14 9 8 8 0 1 0 0 0 6 15 0 0 2 19 14 19 0 1 11 12 0 0 0 0 0 0 0 0 0 0 0 0 3 0 0 0 0 0 0 0 0 0 0 0 0 0 1 0 0 0 0 0 0 0 0 8 0 1 0 3 0 3 0 0 0 0 0 0 0 0 0 0 0 0 0 0 0 0 0 0 0 0 9 0 0 0 0 0 0 0 0 
 0 0 0 0 58 2 5 0 0 2 0 0 0 0 0 0 0 2 2 1 72 324 86 198 0 146 63 120 270 54 130 52 79 74 63 162 55 33 280 67 20 92 14 0 0 0 1 68 2 2 2 4 68 31 63 140 0 6 0 104 0 4 0 0 2 0 3 5 3 2 2 2 0 0 5 2 1 3 2 1 0 0 0 0 0 0 0 1 0 0 18 0 0 0 0 0 23 0 0 0 0 1 0 10 0 29 0 0 12 41 31 0 0 0 0 0 6 0 0 0 0 15 26 0 0 0 10 0 0 0 8 0 11 0 0 22 0 21 1 34 2 0 4 0 0 0 0 0 0 0 0 0 0 2 0 0 0 0 4 0 0 0 0 0 0 1 0 0 0 0 0 0 0 0 0 0 0 0 0 0 0 0 0 17 47 24 0 0 8 0 18 35 0 0 1 0 0 6 0 0 0 8 0 12 0 0 53 16 7 14 0 0 0 28 0 0 12 7 1 0 0 0 0 0 0 0 0 1 0 0 0 0 0 0 0 0 0 0 0 4 0 0 0 0 0 2 0 0 0 0 0 0 0 0 5 0 3 0 79 0 2 2 0 0 0 0 0 0 0 0 0 0 0 0 0 0 0 0 0 0 0 0 10 0 0 0 0 0 0 0 
 4 3 3 5 4 3 84 3 3 3 4 3 3 3 5 3 3 3 3 3 237 90 191 45 146 0 109 182 49 128 220 139 33 268 39 80 160 60 38 58 126 1 130 6 2 0 73 27 0 1 0 3 0 62 43 64 0 71 65 132 0 1 0 0 0 0 0 0 2 0 0 0 0 0 0 2 0 3 2 1 0 0 0 0 0 0 0 0 0 0 0 0 0 0 0 0 0 0 0 0 0 0 0 11 7 9 0 15 0 1 0 5 0 11 16 14 0 12 0 0 4 0 0 11 10 0 19 10 1 15 12 0 32 27 11 9 16 11 9 0 0 0 0 7 0 3 0 0 0 0 0 0 0 0 0 0 0 0 0 0 0 0 0 0 0 2 0 0 0 0 0 0 0 0 0 0 0 0 0 0 0 0 13 32 21 10 0 0 0 9 12 30 0 1 1 0 0 0 0 0 0 14 9 0 0 1 21 19 25 1 0 0 2 17 10 9 9 5 1 8 0 0 0 0 0 0 0 0 0 0 0 0 13 0 0 0 0 0 0 0 0 0 0 0 0 0 0 0 0 0 0 0 0 0 20 0 7 1 78 0 5 0 0 0 0 0 0 0 0 0 0 0 0 0 0 0 0 0 0 7 0 43 0 0 0 24 0 0 0 0 
 0 0 77 10 31 1 0 0 41 151 37 2 0 0 0 26 0 77 2 0 81 365 150 106 63 109 0 342 263 268 41 108 173 194 156 131 335 84 77 181 256 0 4 0 0 0 0 2 0 0 0 8 3 0 2 6 1 10 0 3 0 1 2 3 1 2 1 0 3 2 3 7 0 0 0 2 0 3 2 0 0 0 0 0 0 0 0 0 0 0 0 26 0 0 18 0 0 0 0 0 0 19 0 13 42 9 8 37 0 0 14 0 1 16 40 25 11 23 7 0 0 0 0 0 0 0 0 0 0 0 0 0 13 0 0 0 0 0 45 0 0 0 0 0 0 0 0 0 43 0 0 0 0 0 0 0 0 0 0 0 24 0 0 0 8 4 0 12 0 0 15 0 3 0 0 0 0 0 0 0 23 11 0 3 0 0 31 23 0 17 23 0 68 0 14 50 14 0 14 27 0 0 0 0 0 0 2 0 0 0 0 0 1 0 1 0 0 0 14 0 0 0 0 0 0 0 0 0 0 0 0 0 0 0 0 0 0 0 0 0 0 0 0 0 0 0 0 0 0 99 0 0 0 0 14 0 0 1 7 5 5 1 0 0 0 0 20 0 0 0 0 0 0 0 0 0 10 0 0 0 0 10 0 0 0 0 0 0 0 0 
 0 0 0 2 28 0 0 0 0 0 2 0 0 0 0 0 0 0 5 2 222 163 213 66 120 182 342 0 296 149 70 225 129 262 155 55 172 105 60 118 0 0 0 0 1 0 0 2 0 0 0 3 0 0 0 0 1 5 0 3 51 1 0 0 0 0 1 0 3 0 0 0 0 3 0 2 0 3 4 0 0 0 0 0 0 0 0 0 0 0 0 0 0 4 0 0 5 0 1 0 15 18 9 15 59 7 0 12 38 0 41 11 0 11 32 39 9 1 4 15 0 0 0 0 35 0 11 7 0 0 0 0 15 5 0 6 0 0 12 23 0 0 1 0 0 0 0 3 0 0 0 0 0 0 0 0 0 0 7 18 0 0 0 0 0 0 1 0 0 0 0 0 0 0 0 6 28 0 1 0 30 12 17 29 14 0 11 32 18 23 11 11 0 0 32 11 9 1 10 0 63 2 0 0 12 0 0 0 0 0 0 0 0 0 0 0 0 10 52 7 0 0 0 0 0 16 0 0 0 0 0 0 0 0 0 0 0 0 2 0 0 0 0 0 0 0 0 0 0 0 0 0 0 0 4 1 0 1 46 2 6 3 0 0 0 0 0 0 0 0 0 0 0 0 0 0 0 0 0 10 0 11 0 0 2 8 0 0 0 0 
 0 5 2 0 4 74 3 0 2 0 3 76 2 0 2 2 1 0 3 1 60 129 178 189 270 49 263 296 0 148 41 121 107 72 85 360 272 198 303 49 0 0 0 0 47 0 62 2 0 2 4 4 63 0 0 70 0 12 0 3 0 0 0 0 0 1 0 0 1 0 0 0 0 0 0 2 0 4 3 0 0 0 0 0 21 0 0 0 0 0 0 0 0 0 0 0 0 0 0 0 25 0 0 61 0 25 0 0 12 33 16 20 8 0 0 16 39 64 0 30 0 0 0 0 0 6 0 31 0 0 0 0 28 7 0 0 0 0 7 27 0 0 5 0 0 0 0 0 0 0 10 0 0 18 0 0 0 0 2 0 0 9 0 0 0 0 0 0 0 0 0 0 0 0 0 0 0 0 0 0 0 1 0 6 13 17 50 0 15 0 14 7 13 13 9 23 57 32 9 60 8 0 0 0 0 0 10 0 0 0 0 1 8 0 14 0 2 0 3 0 0 0 0 2 0 0 0 0 0 0 0 0 0 0 0 0 0 0 0 0 0 0 5 0 0 2 0 0 0 0 0 0 0 0 6 0 2 0 4 3 2 0 0 0 0 0 0 0 0 0 0 0 0 0 0 0 0 0 0 0 0 0 0 1 0 1 0 0 0 0 
 2 0 0 0 1 78 0 0 0 0 3 68 0 0 0 0 0 0 0 0 84 269 26 118 54 128 268 149 148 0 202 137 72 290 72 275 293 344 79 159 0 0 0 0 45 0 0 2 0 0 0 4 0 0 0 0 0 5 0 3 0 1 0 0 0 0 1 0 3 4 0 0 0 2 0 2 0 3 2 0 0 0 0 0 0 0 0 0 1 2 0 0 0 0 0 0 0 0 0 0 4 20 13 17 9 6 31 0 0 23 1 0 10 21 22 47 0 38 0 42 0 0 0 0 0 0 0 0 0 2 0 0 11 0 0 0 0 0 15 1 0 0 0 0 0 0 0 0 34 0 17 0 0 0 0 0 0 0 21 0 0 0 0 0 0 7 0 0 0 2 0 0 0 0 0 3 4 0 0 0 0 37 22 26 0 35 72 31 0 0 41 0 10 18 24 34 44 0 0 26 1 0 0 0 0 0 1 1 0 0 0 0 3 0 1 0 0 0 10 33 0 0 0 0 1 0 0 0 0 0 0 0 0 0 0 0 0 0 0 2 0 0 0 0 0 0 0 0 0 0 0 0 0 0 3 2 1 116 1 0 12 5 0 0 0 0 12 0 0 0 0 0 0 0 0 0 0 0 0 0 0 0 0 0 0 1 0 0 0 0 
 0 0 0 0 0 0 6 0 0 3 0 0 0 0 78 0 0 0 0 0 116 38 112 61 130 220 41 70 41 202 0 186 68 212 59 225 295 254 74 134 0 0 0 0 1 6 2 2 0 0 4 25 6 0 31 2 4 4 0 3 4 7 0 0 0 1 2 0 3 4 0 33 0 0 0 2 0 3 3 0 0 0 0 0 0 0 0 0 0 2 0 0 0 0 0 0 0 0 0 0 13 0 5 68 36 17 0 0 14 0 2 26 0 0 9 9 2 26 0 14 0 2 0 0 0 0 12 8 20 0 0 1 3 13 12 8 0 0 0 64 0 0 0 0 0 0 0 0 0 0 0 0 0 0 0 0 0 0 0 0 0 0 0 0 2 0 0 0 0 1 0 0 0 0 0 5 8 0 0 0 12 12 30 11 26 19 1 20 30 20 33 19 0 0 13 0 9 1 9 0 36 0 11 0 0 0 9 12 13 0 0 8 40 10 8 30 12 3 27 0 0 0 0 0 1 0 3 0 0 0 0 0 0 0 0 2 13 0 0 0 0 0 0 0 0 0 0 0 0 0 0 0 0 0 9 0 0 0 1 1 6 2 0 0 0 0 0 0 0 0 0 0 0 0 0 0 0 0 0 1 0 10 0 0 0 0 0 0 0 0 
 5 3 3 3 7 6 5 3 3 5 3 3 3 3 7 3 3 3 3 3 101 113 129 126 52 139 108 225 121 137 186 0 240 189 38 265 194 235 57 214 0 208 3 0 0 0 0 64 68 1 0 4 0 0 0 3 1 5 0 26 0 0 0 0 0 0 0 0 2 3 0 0 0 0 0 2 0 31 2 0 0 0 0 0 2 0 0 0 4 0 0 0 0 15 0 0 0 0 0 0 0 9 24 40 6 9 8 0 25 12 14 2 23 9 17 13 0 25 0 7 9 0 2 0 0 0 0 0 0 13 1 0 23 7 16 0 0 0 19 21 0 0 6 0 0 0 0 2 0 0 0 0 0 5 0 0 0 2 14 0 0 0 0 0 0 2 0 2 0 0 0 0 0 0 0 0 0 0 0 0 0 12 0 19 0 21 0 14 28 20 40 9 0 0 16 13 8 0 4 6 13 12 0 0 0 0 0 0 0 0 0 0 9 0 0 0 0 15 21 11 0 0 0 0 0 0 0 0 0 0 0 0 0 0 0 0 0 0 0 0 0 0 2 0 0 0 0 0 0 0 0 0 0 0 4 0 2 77 74 4 1 0 0 0 0 0 12 0 0 0 0 0 0 0 0 0 0 0 0 0 0 19 0 0 0 1 0 0 0 0 
 0 0 23 2 75 75 0 0 152 97 76 7 0 0 0 75 0 63 0 0 57 62 80 71 79 33 173 129 107 72 68 240 0 100 129 63 58 74 266 112 61 1 0 16 0 0 0 2 21 1 24 30 21 0 0 1 0 32 1 3 1 3 0 0 0 0 0 0 2 0 51 0 4 0 0 24 0 3 53 0 0 0 0 6 2 13 0 0 10 8 12 12 0 0 0 0 0 0 0 0 13 40 0 0 0 0 13 0 0 0 0 0 1 0 2 0 0 0 38 0 0 0 0 0 0 0 0 0 0 0 0 0 0 0 0 0 0 0 0 0 0 0 0 0 0 0 0 0 0 0 0 0 0 0 0 0 0 0 0 0 4 14 0 12 19 15 0 0 0 0 44 0 0 0 0 18 0 0 0 0 12 10 7 0 0 0 0 0 0 17 0 0 27 8 0 19 0 12 21 1 10 0 0 0 0 0 0 0 0 0 0 0 0 0 0 0 0 0 0 9 0 0 0 0 0 0 0 0 0 0 0 0 0 0 0 0 0 0 12 0 0 0 0 0 0 0 0 0 0 23 0 0 0 0 1 2 1 0 0 0 2 2 9 0 0 0 0 0 0 0 0 1 0 0 0 0 13 0 0 0 0 0 0 0 0 0 8 0 0 0 
 0 0 2 0 0 0 0 0 0 0 0 0 0 0 0 1 0 0 3 0 247 114 496 49 74 268 194 262 72 290 212 189 100 0 171 33 191 139 315 74 0 0 0 0 2 0 0 2 0 1 0 3 0 0 0 2 0 7 0 3 0 0 0 0 0 0 0 0 3 5 0 0 0 36 0 2 0 3 2 0 0 0 0 0 0 0 0 0 12 0 0 18 0 0 0 0 0 0 0 0 15 7 8 13 25 8 14 46 22 13 0 9 27 10 22 33 18 14 0 27 0 0 0 0 0 0 0 1 0 0 0 0 25 0 0 10 0 0 23 0 0 0 0 0 0 0 0 0 7 0 0 0 0 0 0 0 0 0 0 0 0 0 0 0 0 0 0 0 0 0 0 0 0 0 0 8 14 0 0 0 47 31 3 12 0 11 0 20 12 27 24 7 0 1 32 36 18 1 22 20 11 0 0 0 0 0 0 0 0 0 0 0 10 0 0 0 0 0 8 14 0 0 0 0 0 0 0 0 0 0 0 0 0 0 0 0 0 0 0 0 0 0 0 0 0 0 0 0 0 0 0 0 0 0 4 0 2 4 76 2 0 1 0 0 0 0 0 0 0 0 0 1 0 0 0 0 0 0 0 0 0 24 0 0 0 13 0 0 0 0 
 37 0 74 0 1 76 2 0 0 75 1 74 75 0 0 1 0 0 3 0 103 115 113 66 63 39 156 155 85 72 59 38 129 171 0 264 24 94 85 79 0 0 0 0 45 0 0 2 0 0 0 4 0 0 0 1 0 6 0 3 0 1 0 46 0 0 1 0 3 0 0 0 0 7 0 2 0 3 2 0 11 0 0 19 1 0 0 0 0 0 0 12 0 0 0 0 0 0 0 0 7 0 0 23 33 0 0 19 24 8 9 0 0 21 40 55 5 17 11 12 0 0 0 0 0 0 21 8 0 0 0 0 0 0 0 9 0 0 16 10 0 0 0 0 0 0 0 0 16 0 0 0 0 0 0 0 0 0 0 0 1 0 0 0 0 0 0 0 0 0 3 0 0 0 0 0 0 0 0 0 28 10 1 0 0 8 66 55 10 22 1 16 26 15 30 53 28 0 13 32 29 0 0 0 0 0 0 0 0 0 0 0 0 0 0 0 0 0 48 0 0 0 0 0 0 0 0 0 0 0 0 0 0 0 0 0 0 0 0 0 0 0 0 0 0 0 0 0 0 0 0 0 0 0 3 0 0 3 76 0 2 0 0 0 0 0 0 0 0 0 0 0 0 0 0 0 0 0 0 0 0 14 0 0 0 1 0 0 0 0 
 2 4 2 2 30 2 5 3 2 2 2 2 3 4 9 3 5 4 6 4 40 132 200 124 162 80 131 55 360 275 225 265 63 33 264 0 81 272 189 131 1 0 0 0 0 0 2 2 0 3 0 3 0 0 0 64 0 7 2 3 0 0 0 0 0 2 0 0 2 8 0 0 0 0 0 2 0 3 2 3 0 0 0 0 0 0 0 14 0 0 0 0 0 0 0 0 0 0 0 0 11 35 21 35 0 0 16 0 37 31 34 0 16 13 1 1 0 30 0 24 0 0 0 0 0 0 0 0 0 0 0 0 0 1 0 1 0 0 34 22 0 0 1 0 0 0 0 8 0 0 0 0 0 12 0 3 0 0 6 0 0 0 0 0 0 0 0 0 0 0 0 0 0 0 0 0 0 0 0 0 13 0 0 13 0 63 32 28 37 0 19 9 0 10 63 35 65 8 10 28 2 0 0 0 0 0 0 0 0 0 0 0 8 0 0 0 0 0 28 15 0 0 0 0 0 1 0 0 0 0 0 0 0 0 0 0 0 0 0 0 0 0 6 0 0 0 0 0 0 0 0 0 0 0 5 0 5 1 1 2 4 2 0 0 0 0 18 0 0 0 0 0 0 0 0 0 0 0 0 0 0 0 0 0 0 0 0 0 0 0 
 0 0 0 0 26 0 1 0 72 6 0 76 0 0 0 0 22 1 0 0 355 129 163 134 55 160 335 172 272 293 295 194 58 191 24 81 0 101 54 226 62 206 0 0 1 206 0 2 0 1 0 3 3 0 0 2 4 6 3 3 0 0 3 0 0 2 0 0 4 2 1 0 0 7 0 5 0 3 2 0 0 0 0 26 8 0 0 0 0 0 0 0 0 0 0 0 0 0 0 0 2 36 16 9 13 33 45 11 16 9 0 0 14 37 20 34 0 87 0 12 0 0 0 0 0 0 0 0 0 2 0 0 11 2 0 7 0 1 28 4 0 0 0 0 0 0 0 9 0 0 0 0 0 0 0 0 0 0 0 0 0 0 0 0 0 21 0 7 0 0 0 0 0 0 0 1 0 0 0 0 0 6 16 9 16 11 0 15 19 99 43 0 0 0 85 0 9 0 0 4 23 0 0 0 0 0 0 1 0 0 0 0 7 0 0 0 0 0 34 19 0 1 0 0 0 0 0 0 0 0 0 0 0 0 0 0 0 0 0 2 0 0 0 0 0 0 0 1 0 0 0 0 0 0 4 0 2 115 76 0 1 10 0 0 0 0 0 0 0 0 0 0 0 0 0 0 0 0 0 9 0 13 0 0 0 11 0 0 0 0 
 0 0 0 0 0 4 5 0 0 0 0 0 0 0 0 0 0 0 2 0 104 139 99 148 33 60 84 105 198 344 254 235 74 139 94 272 101 0 118 69 0 0 0 0 0 0 0 2 0 2 0 4 0 0 0 2 0 7 0 66 0 1 0 0 0 0 1 2 3 13 0 0 0 3 0 2 0 3 2 0 0 0 0 0 0 0 0 0 0 0 0 0 0 0 0 0 0 0 0 0 7 2 25 16 33 16 14 0 22 15 16 0 13 9 12 23 8 22 0 31 8 0 0 0 0 0 0 0 0 0 0 0 22 8 0 14 0 1 23 2 0 0 3 0 0 0 0 0 12 0 0 0 0 1 0 0 0 0 0 0 0 0 0 0 0 0 0 0 0 0 0 0 0 0 0 18 41 0 0 0 0 11 0 11 14 27 0 39 12 9 13 9 0 5 24 1 7 16 9 29 0 0 0 0 0 0 5 2 11 0 0 0 48 1 0 0 0 0 1 13 0 0 0 0 0 0 0 0 0 0 0 0 0 0 0 0 0 0 0 1 0 0 0 0 0 0 0 0 0 0 0 0 0 0 0 0 0 42 76 0 21 0 0 0 0 0 1 0 0 0 0 0 0 0 0 0 0 0 0 0 0 25 0 0 0 0 0 0 0 0 
 0 0 2 0 3 80 0 0 76 30 0 75 0 0 79 2 0 82 0 0 186 113 118 92 280 38 77 60 303 79 74 57 266 315 85 189 54 118 0 381 0 0 0 0 45 0 3 2 0 1 6 87 0 0 0 0 0 4 0 5 0 0 0 0 0 0 0 0 2 1 0 0 0 0 0 3 0 3 3 0 0 0 11 33 11 12 0 0 0 8 0 11 0 0 0 0 10 13 0 0 14 36 0 11 0 0 18 24 0 0 0 0 26 36 13 27 14 63 16 12 0 0 8 0 0 0 2 0 0 0 0 0 0 0 0 0 0 0 0 0 0 0 0 0 0 0 0 0 0 0 0 0 0 0 2 1 0 0 0 8 0 0 11 11 60 14 0 8 0 0 1 0 0 0 13 1 2 0 0 0 3 12 15 10 0 8 12 0 18 21 12 0 13 57 25 33 20 13 1 35 0 0 0 0 0 0 0 0 1 0 0 0 0 0 0 0 0 0 0 0 0 0 0 0 8 0 3 0 0 0 0 0 0 0 2 0 0 0 0 0 0 13 0 0 0 0 0 0 0 0 0 0 0 0 0 1 1 0 0 0 0 1 14 0 0 0 19 0 0 0 0 0 0 0 0 0 0 0 0 0 0 0 0 0 0 1 0 0 0 0 
 0 0 0 0 20 1 3 0 0 14 0 0 0 0 75 3 0 1 2 0 133 82 95 66 67 58 181 118 49 159 134 214 112 74 79 131 226 69 381 0 0 0 0 0 18 0 0 2 0 0 2 4 0 0 5 0 0 7 0 3 0 1 0 0 0 0 1 0 3 5 0 0 0 11 0 2 0 3 3 0 0 0 17 0 3 0 0 0 0 7 0 10 0 0 0 0 23 17 0 0 17 43 11 10 10 0 54 0 14 31 0 10 14 24 1 33 11 18 9 27 0 2 0 0 0 10 0 1 0 0 0 1 0 0 0 11 0 0 33 3 0 0 0 0 0 0 0 6 0 0 0 0 0 0 0 0 0 0 1 0 0 0 6 13 29 14 0 8 0 0 0 0 0 0 6 0 0 0 0 0 21 48 0 7 0 27 0 14 19 34 17 0 0 12 43 0 59 7 11 8 0 0 0 0 0 0 0 0 0 0 0 0 0 0 0 0 0 0 14 15 0 0 0 0 0 0 0 0 0 0 0 0 0 0 0 0 0 0 0 0 0 17 0 0 0 0 0 0 0 0 0 0 0 0 0 0 3 6 0 0 0 0 11 0 0 0 0 0 0 0 0 0 0 0 0 0 0 0 0 0 0 0 0 0 0 0 0 0 0 0 
 0 0 0 0 0 0 3 0 0 0 2 0 0 0 0 0 0 0 0 0 0 0 0 0 20 126 256 0 0 0 0 0 61 0 0 1 62 0 0 0 0 142 82 57 32 40 108 179 62 67 55 29 43 161 310 75 91 134 50 122 0 1 0 0 0 5 0 21 0 0 0 0 0 0 3 0 0 0 0 0 0 0 0 0 0 0 0 0 0 0 0 0 0 0 0 0 0 0 0 0 0 0 2 6 6 0 0 0 3 0 0 0 0 0 0 0 0 0 0 0 7 0 32 39 14 0 7 8 13 16 1 1 0 33 32 0 8 10 0 0 0 0 0 0 0 0 0 0 0 0 0 0 0 0 0 0 0 2 0 0 0 0 0 0 0 0 0 0 0 0 0 0 0 0 0 0 0 0 0 0 0 0 0 0 0 11 0 0 0 0 0 0 0 0 0 0 0 0 0 0 0 24 28 3 1 0 30 59 2 21 0 10 9 8 0 18 13 47 0 19 0 0 0 0 0 0 0 0 0 0 0 0 0 0 0 0 0 0 0 0 0 0 0 0 0 0 0 0 0 0 0 6 0 0 0 0 0 0 0 0 0 0 0 1 0 1 0 0 0 0 0 0 0 0 0 0 0 0 0 0 0 0 5 0 14 0 0 0 0 0 
 2 2 2 2 3 2 2 2 2 2 2 49 2 2 4 2 2 2 2 2 0 0 0 270 92 1 0 0 0 0 0 208 1 0 0 0 206 0 0 0 142 0 258 75 21 46 299 154 168 248 31 88 140 180 115 148 174 113 54 112 0 5 0 0 0 0 0 5 0 0 0 0 0 0 41 0 0 0 1 5 0 0 0 0 0 0 0 0 0 0 0 0 0 0 0 0 0 0 0 0 0 0 0 0 0 22 0 0 0 0 0 0 0 0 0 0 0 0 0 0 4 20 60 21 0 10 27 1 12 0 43 7 0 7 13 23 11 30 0 42 0 0 0 0 0 0 0 0 0 0 0 0 0 0 0 0 0 6 5 0 0 0 0 0 0 0 0 0 0 0 0 0 0 4 0 0 0 0 9 0 0 0 0 0 3 0 0 0 0 0 0 0 0 0 0 0 0 0 0 0 7 47 3 11 3 3 0 4 11 13 0 1 23 5 8 21 45 10 0 49 0 0 0 0 0 0 4 0 0 0 0 0 8 0 0 0 0 11 0 0 0 0 0 0 0 0 0 0 0 0 0 16 0 1 0 0 0 0 0 3 0 0 2 19 0 2 0 0 2 0 17 0 0 0 0 0 0 0 0 0 0 0 0 0 9 0 0 0 0 0 
 0 0 0 0 2 0 3 0 0 0 0 0 0 0 0 0 0 0 2 0 0 0 0 1 14 130 4 0 0 0 0 3 0 0 0 0 0 0 0 0 82 258 0 100 50 44 128 161 139 156 31 53 126 103 252 155 329 207 118 36 0 5 0 12 0 5 0 2 0 0 0 2 37 0 5 0 0 0 0 1 0 0 0 0 0 0 0 0 0 0 0 0 0 0 0 0 0 0 0 0 0 0 7 0 0 1 0 0 0 0 0 0 0 0 0 0 0 0 0 0 0 1 30 22 4 0 19 9 7 0 2 5 0 5 2 0 29 10 0 1 0 0 0 2 1 3 0 0 0 0 0 0 0 0 0 0 0 4 8 0 0 0 0 0 0 0 0 0 0 0 0 0 3 0 0 0 0 0 0 14 0 0 0 0 0 0 0 0 0 0 0 0 0 0 0 0 0 0 0 0 9 4 0 0 0 0 9 0 0 0 30 0 1 0 10 26 24 0 0 0 0 0 0 0 0 2 0 0 0 0 0 3 0 0 2 16 0 0 0 0 0 0 0 0 0 0 0 0 0 0 0 13 0 0 0 0 0 0 0 1 0 0 0 2 3 0 0 0 0 0 12 0 0 0 0 12 0 0 0 0 0 0 0 0 0 13 0 12 0 0 
 0 0 0 0 0 0 5 0 39 0 0 0 0 0 0 0 0 0 5 0 1 0 0 79 0 6 0 0 0 0 0 0 16 0 0 0 0 0 0 0 57 75 100 0 156 31 354 113 171 150 144 50 148 65 54 42 53 127 55 93 3 1 3 0 6 0 55 3 0 0 0 0 55 3 2 0 1 0 51 53 0 0 0 0 0 0 0 0 0 0 14 0 0 0 0 0 0 0 0 0 0 0 0 0 0 0 0 0 0 0 0 0 0 0 0 0 0 0 0 0 13 2 1 0 9 19 0 12 15 1 18 7 13 0 0 0 19 1 0 8 14 0 0 0 0 0 0 0 0 0 0 0 0 0 11 0 0 0 0 0 0 0 0 0 6 20 0 0 0 39 0 0 14 0 0 0 0 0 0 0 0 0 0 0 0 0 0 6 0 0 0 0 0 0 0 0 0 0 0 0 0 7 19 4 32 17 0 19 40 0 13 43 0 8 30 0 27 13 0 0 0 6 8 0 0 0 4 8 10 0 6 0 1 0 0 8 0 0 61 48 0 0 0 0 0 0 0 0 0 0 0 4 0 0 0 0 0 0 0 13 0 0 7 0 2 6 0 39 0 0 0 0 0 0 0 0 0 0 0 0 0 0 0 0 0 22 0 0 0 0 
 0 0 0 0 0 41 0 0 0 2 0 0 0 0 0 2 0 0 2 0 23 2 1 46 0 2 0 1 47 45 1 0 0 2 45 0 1 0 45 18 32 21 50 156 0 206 34 49 69 329 112 56 83 61 60 276 51 45 63 79 4 1 19 0 0 0 47 24 14 0 0 0 69 5 68 3 58 55 53 4 0 0 0 0 0 11 0 11 0 0 0 0 0 0 0 0 0 0 0 0 0 0 0 0 0 0 0 0 0 44 0 0 0 13 0 22 11 0 8 0 0 1 0 0 0 15 9 0 10 0 11 4 0 0 0 0 0 0 0 0 28 0 2 11 0 0 0 37 0 0 23 0 10 0 17 0 0 12 0 4 0 0 0 0 0 0 0 0 0 4 0 0 0 0 0 0 0 0 0 10 0 11 0 0 0 8 11 0 0 0 0 0 0 12 0 14 13 10 0 2 0 0 10 0 9 10 0 1 10 1 14 19 0 1 0 1 1 0 0 0 0 11 0 0 16 0 9 5 10 1 31 0 26 0 14 10 10 0 10 15 0 0 0 0 0 0 0 0 0 0 0 10 0 0 0 0 0 1 0 2 0 0 66 1 2 18 3 0 0 0 0 0 0 0 0 0 0 0 0 0 0 0 0 0 0 0 0 0 0 0 
 0 0 3 0 2 0 0 0 11 0 0 0 0 1 0 0 0 0 2 0 2 0 0 208 0 0 0 0 0 0 6 0 0 0 0 0 206 0 0 0 40 46 44 31 206 0 32 31 118 56 134 70 27 35 57 74 125 64 44 43 0 1 0 0 0 0 24 0 3 0 0 1 3 52 54 0 2 0 117 51 0 0 0 0 6 0 0 0 0 0 0 0 0 0 0 0 0 0 0 0 0 0 0 0 17 0 0 0 0 0 0 0 0 0 0 0 0 0 0 0 0 0 0 0 5 0 0 0 8 18 0 4 0 0 0 0 18 26 0 0 11 0 8 10 0 3 6 9 0 0 12 0 10 0 21 0 4 0 0 9 0 0 0 0 0 0 0 0 7 16 0 0 0 0 0 0 0 0 0 0 0 0 7 0 0 0 0 0 0 0 0 0 0 0 0 0 0 0 0 0 0 0 0 4 0 75 0 0 0 0 0 0 0 9 0 0 0 0 0 0 27 6 0 0 0 0 0 14 27 1 10 0 19 0 10 0 20 1 24 26 0 0 0 0 0 0 2 0 0 0 0 7 0 0 0 0 0 0 0 0 0 0 0 0 64 0 2 0 4 0 60 0 0 0 0 0 0 0 0 0 0 0 0 0 0 0 0 0 0 0 
 3 2 2 2 2 2 6 2 2 2 2 2 2 2 5 2 2 2 2 2 1 62 0 62 1 73 0 0 62 0 2 0 0 0 0 2 0 0 3 0 108 299 128 354 34 32 0 149 126 247 36 40 133 90 38 66 106 53 150 158 0 0 0 0 4 0 16 0 0 0 0 0 0 0 0 0 0 3 0 0 0 0 0 0 0 0 0 0 0 0 0 0 11 0 0 0 0 0 0 0 0 0 0 8 0 10 0 1 0 12 0 0 0 0 0 0 0 0 0 0 29 19 20 0 10 6 30 1 0 5 0 0 3 13 23 0 5 0 15 0 0 0 0 0 0 0 0 0 0 0 0 0 0 0 2 0 0 0 0 0 0 0 0 0 0 0 0 0 0 0 0 0 0 0 0 0 0 0 0 0 0 0 13 21 8 0 0 0 0 0 23 1 0 0 0 0 0 0 0 0 13 17 0 12 16 7 6 11 0 1 4 21 5 0 13 13 1 36 6 10 0 0 0 0 3 0 2 0 0 0 0 0 0 0 0 0 0 0 6 38 0 0 0 0 0 0 0 0 0 0 0 1 0 0 0 0 0 63 68 0 0 0 0 0 0 0 1 105 2 0 25 2 0 0 0 0 0 0 0 15 0 0 0 0 9 0 0 0 1 0 
 0 0 0 0 0 0 0 0 0 0 3 0 0 0 0 3 0 0 0 0 2 2 2 2 68 27 2 2 2 2 2 64 2 2 2 2 2 2 2 2 179 154 161 113 49 31 149 0 173 38 30 53 161 358 64 178 92 110 118 410 0 2 6 0 14 0 0 8 8 0 0 0 34 0 5 41 8 0 0 0 0 0 0 0 0 0 0 0 0 0 0 0 0 0 0 0 0 10 0 2 0 0 0 0 0 10 0 0 0 0 0 9 0 0 0 0 0 0 0 0 30 56 7 9 0 19 19 26 0 14 32 0 3 17 0 11 31 56 30 0 0 0 3 0 0 13 9 0 9 0 0 0 0 2 10 1 6 47 0 8 0 0 0 0 0 0 0 0 0 0 0 0 0 0 0 0 0 0 0 0 0 0 0 0 0 0 0 0 0 0 0 0 0 0 0 0 0 0 0 0 1 15 0 13 11 2 0 12 0 13 18 26 1 12 2 0 0 9 0 0 23 51 0 1 0 0 9 0 0 0 0 0 0 9 10 0 5 8 7 7 0 0 0 0 0 0 0 0 0 0 0 2 0 0 0 0 0 19 0 0 0 0 2 0 0 2 0 64 0 0 0 0 0 0 0 0 0 0 0 0 0 0 0 0 19 23 0 0 0 0 
 0 0 9 0 0 3 0 0 0 0 0 0 0 0 0 0 0 0 2 1 0 0 64 0 2 0 0 0 0 0 0 68 21 0 0 0 0 0 0 0 62 168 139 171 69 118 126 173 0 477 196 52 87 158 314 329 161 308 46 300 3 2 9 0 5 0 0 12 3 0 0 0 40 3 7 1 0 61 23 0 0 0 0 0 0 0 0 0 5 0 0 0 0 0 0 0 0 0 0 0 0 15 0 0 0 0 0 0 0 0 0 0 0 0 0 0 0 0 0 17 0 11 2 0 10 37 0 15 8 38 23 37 0 0 11 5 39 17 0 2 0 0 1 0 0 6 12 0 0 0 19 0 0 0 4 0 9 0 7 12 0 0 25 0 0 0 0 0 0 0 0 0 0 0 0 0 0 0 21 0 0 0 0 0 0 0 0 0 0 0 0 0 0 0 0 0 0 0 0 0 0 4 17 44 36 0 0 26 0 9 0 32 0 7 20 11 22 2 0 0 15 0 0 0 0 0 34 15 0 0 8 0 0 0 3 9 0 0 29 36 0 0 0 0 0 0 0 0 0 0 0 3 0 0 0 0 0 0 0 11 0 0 2 67 0 2 0 10 0 0 0 0 0 26 0 0 0 0 0 0 0 0 0 0 12 13 0 0 0 0 
 4 3 3 3 5 67 5 3 3 3 3 3 3 3 3 3 3 3 5 3 1 0 0 8 2 1 0 0 2 0 0 1 1 1 0 3 1 2 1 0 67 248 156 150 329 56 247 38 477 0 190 94 38 102 161 290 140 277 66 106 0 1 0 0 0 0 0 0 0 0 3 0 0 0 0 0 1 0 121 51 0 0 0 0 0 0 0 0 0 0 0 0 0 0 0 0 0 0 0 0 0 0 0 2 0 0 0 0 0 0 0 0 0 0 0 0 0 0 0 0 0 22 0 2 26 17 6 0 0 32 7 10 0 0 11 32 18 12 0 0 0 0 0 0 0 21 6 0 0 0 26 0 0 0 1 0 5 0 0 23 0 0 0 0 0 0 0 0 0 0 0 0 0 0 0 0 0 0 7 0 0 0 0 0 5 8 0 0 0 0 0 0 0 0 0 0 0 0 0 0 0 3 13 40 8 3 0 5 9 1 10 25 0 9 1 34 1 0 0 0 12 6 0 0 0 0 26 16 0 0 0 0 14 19 0 8 0 0 20 0 0 0 13 0 0 0 0 0 0 0 0 2 0 0 0 0 0 0 0 16 0 0 3 1 1 12 5 0 1 0 0 0 0 0 0 0 0 0 0 0 0 0 2 0 19 6 0 0 0 0 
 0 0 1 0 0 0 3 0 0 7 2 0 0 0 0 0 0 0 0 0 6 0 0 0 2 0 0 0 4 0 4 0 24 0 0 0 0 0 6 2 55 31 31 144 112 134 36 30 196 190 0 71 72 291 69 74 215 87 28 84 0 1 0 0 0 0 0 0 0 0 3 0 0 0 0 0 0 0 106 50 0 0 0 0 0 0 0 0 0 7 3 8 0 0 0 0 0 0 3 0 0 5 0 0 0 0 14 0 0 0 0 0 1 0 0 0 9 0 0 0 0 6 0 0 11 6 21 4 42 36 11 21 0 0 1 10 10 14 0 0 0 0 0 0 0 0 7 0 0 0 4 0 1 0 0 0 1 0 0 21 0 0 0 3 3 4 0 0 0 0 0 0 0 0 9 3 0 0 5 0 0 4 0 0 0 0 0 0 0 0 0 0 0 0 0 0 0 0 0 0 0 11 6 27 16 11 0 4 15 0 7 34 0 0 23 4 4 0 0 0 6 7 0 0 0 0 6 21 0 0 0 0 21 6 0 9 0 0 30 0 0 0 8 0 0 0 0 0 0 0 0 2 0 2 0 0 0 0 0 5 0 0 11 1 0 9 0 0 0 0 0 0 1 0 0 0 0 0 0 0 0 0 0 0 11 0 0 0 2 0 
 0 0 0 0 2 0 0 0 33 0 0 0 0 0 0 1 4 41 0 0 3 3 5 4 4 3 8 3 4 4 25 4 30 3 4 3 3 4 87 4 29 88 53 50 56 70 40 53 52 94 71 0 37 59 89 44 531 92 30 39 4 4 0 0 0 5 0 0 0 0 0 0 54 50 50 0 0 0 4 4 0 0 0 20 0 13 0 0 0 0 0 0 0 0 0 0 0 0 0 0 22 0 0 0 0 0 0 0 0 0 0 0 16 0 0 0 0 0 8 0 3 4 0 7 12 3 0 0 5 8 14 8 0 0 6 0 19 5 0 0 24 1 21 0 0 0 30 8 0 0 0 0 1 2 0 0 0 15 26 10 0 0 0 0 38 19 0 0 45 0 15 0 0 0 0 0 0 0 0 9 0 0 10 0 0 0 0 8 0 0 0 0 0 17 0 0 1 0 0 0 0 17 8 9 0 15 0 0 3 0 8 10 0 0 0 10 8 4 0 0 22 0 16 0 17 0 4 10 9 0 0 0 30 5 0 19 10 0 0 18 0 0 8 0 0 0 0 0 0 0 0 6 0 0 0 0 0 3 0 2 0 36 6 0 2 3 0 0 2 0 0 0 0 0 0 3 0 0 0 0 0 3 0 0 19 0 0 0 1 0 
 0 0 3 0 0 0 0 0 0 6 65 0 0 0 0 0 0 0 0 0 0 0 2 93 68 0 3 0 63 0 6 0 21 0 0 0 3 0 0 0 43 140 126 148 83 27 133 161 87 38 72 37 0 162 82 32 241 97 109 155 3 7 0 0 0 0 4 3 0 0 0 0 0 18 15 0 0 0 0 8 0 0 0 0 0 0 0 0 0 0 0 0 0 0 0 0 0 6 0 0 0 0 0 8 0 37 0 0 0 38 0 0 0 0 0 0 0 0 0 0 7 0 24 10 0 0 10 4 23 1 0 1 10 36 34 0 0 1 8 1 12 0 0 0 0 0 0 0 4 0 0 0 0 0 0 0 0 2 0 0 0 0 0 0 0 0 0 0 0 0 0 0 0 0 0 0 0 12 0 0 0 0 13 0 12 0 0 0 0 0 26 16 0 0 0 0 0 0 0 0 24 30 6 8 14 0 18 4 0 0 0 26 60 0 41 10 18 12 7 13 0 6 0 0 0 10 0 6 0 0 3 0 0 0 0 5 0 0 17 3 0 0 0 0 0 0 0 0 0 17 0 0 0 2 0 0 0 0 67 2 0 0 0 0 0 0 1 0 1 0 9 0 0 0 0 0 0 0 0 0 0 0 0 0 11 0 0 0 2 0 
 0 0 0 0 0 0 0 0 0 4 2 0 0 0 0 0 0 0 0 0 0 1 0 0 31 62 0 0 0 0 0 0 0 0 0 0 0 0 0 0 161 180 103 65 61 35 90 358 158 102 291 59 162 0 312 56 29 70 151 150 0 11 0 20 16 3 0 5 0 0 1 0 0 0 13 0 0 4 52 2 0 0 0 0 1 0 0 0 0 0 0 0 0 0 0 0 0 0 0 0 0 0 0 0 11 0 0 0 0 0 0 0 0 0 0 0 0 0 0 0 15 20 16 23 10 25 1 0 12 8 3 14 30 0 6 18 0 11 0 0 0 0 0 1 11 0 0 0 0 7 4 0 5 0 29 0 0 16 0 13 0 0 0 0 0 0 0 0 0 0 0 0 0 0 0 0 0 0 7 0 0 0 0 0 0 0 0 0 0 0 0 0 0 0 0 0 0 0 0 0 0 25 7 9 7 0 21 1 9 12 0 25 9 2 10 31 26 15 0 6 0 0 6 0 0 0 20 13 0 0 0 3 0 0 0 0 0 0 1 0 0 0 15 0 0 0 0 0 0 0 0 6 0 0 0 0 0 0 0 1 0 0 0 2 0 7 19 0 0 0 3 0 0 0 0 0 0 0 0 0 0 0 0 0 12 3 0 0 0 0 
 0 0 0 0 0 0 1 0 0 3 0 0 60 0 0 0 0 0 2 0 0 0 0 0 63 43 2 0 0 0 31 0 0 0 0 0 0 0 0 5 310 115 252 54 60 57 38 64 314 161 69 89 82 312 0 208 180 335 135 143 2 7 0 0 0 0 4 0 0 4 48 4 54 0 4 0 0 0 1 0 0 0 0 0 0 18 0 0 0 0 0 0 0 0 0 0 0 0 0 0 0 0 0 3 0 0 0 0 0 0 0 2 0 0 0 0 0 0 0 0 2 0 11 14 19 0 11 7 1 20 10 20 10 1 41 8 10 20 0 2 0 0 0 0 0 0 0 0 0 0 0 0 1 0 0 0 0 0 0 0 0 0 0 0 0 0 0 0 0 0 0 18 0 0 0 0 0 0 2 0 0 0 0 0 25 9 0 0 0 0 0 0 0 0 0 0 0 0 0 0 0 12 16 2 0 1 21 87 82 15 47 1 1 24 10 11 24 1 0 0 0 0 0 0 0 0 0 0 0 0 0 0 0 9 1 0 0 0 0 1 0 0 0 0 0 0 0 0 0 0 0 11 0 0 0 0 0 0 0 10 0 0 0 66 2 2 0 2 0 0 0 0 0 0 0 0 0 0 0 0 0 13 3 0 0 10 0 10 0 0 
 0 0 24 0 0 0 8 0 0 5 0 0 0 0 0 0 0 0 5 0 0 12 1 1 140 64 6 0 70 0 2 3 1 2 1 64 2 2 0 0 75 148 155 42 276 74 66 178 329 290 74 44 32 56 208 0 100 47 39 71 4 8 2 0 0 0 0 10 5 2 0 0 5 2 9 4 6 0 1 2 0 0 0 0 0 0 0 0 0 0 0 0 0 0 0 0 0 0 0 0 0 0 0 2 0 8 0 0 0 20 0 23 0 0 0 0 35 0 0 22 0 36 50 0 0 16 14 52 0 0 27 0 1 1 0 15 1 19 19 10 0 0 0 0 0 1 0 0 0 0 0 0 0 0 3 0 2 0 0 0 0 0 0 0 0 0 0 0 0 0 0 0 0 0 0 0 0 0 4 0 0 0 0 0 0 0 0 0 10 1 0 0 14 0 0 0 12 38 21 20 18 20 0 23 11 8 24 12 10 41 19 19 0 11 0 20 13 27 0 0 1 0 0 0 0 0 0 0 0 0 0 0 0 0 0 0 0 0 41 0 0 0 9 0 0 0 0 0 0 0 0 5 0 2 0 0 0 0 2 14 0 0 0 29 0 2 1 0 0 0 8 0 0 74 0 0 0 0 0 0 0 0 0 0 19 0 0 0 2 0 
 6 0 3 15 0 0 3 0 0 0 0 0 0 0 0 0 0 0 1 0 0 0 0 0 0 0 1 1 0 0 4 1 0 0 0 0 4 0 0 0 91 174 329 53 51 125 106 92 161 140 215 531 241 29 180 100 0 102 29 107 0 2 0 0 46 6 0 0 0 0 0 0 50 0 0 0 0 13 29 0 0 0 0 0 0 0 0 0 0 0 0 0 0 0 0 0 0 0 0 0 0 0 0 0 0 0 0 0 0 0 0 0 0 0 0 0 0 0 0 0 21 4 31 12 43 54 0 11 0 11 30 20 14 38 0 19 36 34 0 0 0 0 0 0 0 7 2 0 0 0 4 0 1 0 1 0 10 0 10 0 0 0 0 0 0 0 0 0 0 0 0 0 0 0 0 0 0 0 6 0 0 0 0 0 0 0 0 0 0 0 0 0 0 0 0 0 0 0 0 0 0 0 3 10 4 66 0 11 27 2 9 58 0 17 9 0 6 2 13 0 11 0 0 0 0 0 12 10 0 0 0 0 0 14 10 0 0 0 22 28 0 0 0 0 0 0 0 0 0 0 0 0 0 2 0 1 0 0 0 2 0 0 0 1 62 1 1 35 0 0 0 0 0 0 0 0 0 0 0 0 0 0 0 3 0 9 0 9 2 0 
 1 0 2 0 2 65 3 1 0 2 1 0 1 0 3 3 2 2 3 1 6 7 5 4 6 71 10 5 12 5 4 5 32 7 6 7 6 7 4 7 134 113 207 127 45 64 53 110 308 277 87 92 97 70 335 47 102 0 115 258 0 2 0 0 0 0 0 0 0 0 0 0 0 0 0 0 0 0 0 0 0 0 0 0 0 0 0 0 0 0 0 0 0 0 0 0 0 0 0 0 0 0 0 1 7 0 0 0 0 0 7 1 0 0 0 0 0 5 38 0 8 1 19 18 0 1 19 3 2 0 0 0 0 0 0 2 17 0 0 0 0 0 0 0 0 0 0 0 0 0 0 0 0 0 0 0 0 4 0 0 0 0 0 0 0 8 0 0 0 0 0 0 0 0 0 0 0 0 0 0 12 0 0 1 1 0 16 10 0 20 0 0 0 0 0 0 0 51 14 0 0 13 0 0 0 0 1 14 1 18 0 0 1 1 6 1 15 18 0 19 0 0 0 0 0 0 0 2 0 0 0 0 0 0 0 0 0 0 0 0 0 0 0 0 0 0 0 0 0 41 0 6 0 0 0 0 0 3 0 14 0 0 4 0 0 0 1 0 0 0 0 0 0 0 0 0 0 0 0 0 0 1 0 0 0 6 28 0 0 1 
 0 0 0 62 60 0 2 128 0 62 53 0 0 0 0 1 0 63 0 0 0 0 0 0 0 65 0 0 0 0 0 0 1 0 0 2 3 0 0 0 50 54 118 55 63 44 150 118 46 66 28 30 109 151 135 39 29 115 0 237 0 3 0 8 1 5 0 0 0 0 0 8 0 0 0 0 0 0 0 0 0 0 14 0 4 9 0 0 17 10 0 6 0 0 0 6 0 0 0 0 0 0 0 0 0 12 0 1 0 0 0 6 0 0 0 0 0 0 0 0 9 0 21 27 0 0 49 9 8 0 0 0 1 13 0 0 8 0 17 0 0 0 0 7 12 0 0 0 0 1 0 0 0 0 0 0 0 6 0 0 0 0 0 21 0 0 0 10 0 6 1 1 0 0 0 0 13 0 0 0 0 0 0 19 0 0 0 0 0 0 0 0 0 0 0 0 0 0 0 0 7 14 0 0 0 0 9 0 0 0 0 0 7 1 13 21 24 0 0 34 0 0 0 0 0 0 0 0 0 0 0 6 0 0 0 0 0 0 0 0 0 0 0 0 0 0 0 0 0 1 0 6 0 0 0 0 0 23 0 0 42 0 0 1 0 2 9 0 0 0 29 0 0 0 0 13 0 0 0 1 0 0 0 0 0 0 0 0 2 0 
 3 3 3 6 118 3 3 3 3 3 3 3 3 3 3 3 3 3 6 3 3 65 6 66 104 132 3 3 3 3 3 26 3 3 3 3 3 66 5 3 122 112 36 93 79 43 158 410 300 106 84 39 155 150 143 71 107 258 237 0 0 2 0 0 5 0 0 0 0 0 0 0 0 0 0 0 6 0 0 0 0 0 0 0 0 0 0 0 0 0 0 0 0 0 0 0 0 0 0 0 0 0 0 1 11 1 0 0 0 1 0 0 0 0 0 0 0 0 0 0 38 9 0 17 9 10 21 0 3 15 10 0 11 11 13 0 9 0 3 0 0 0 0 0 0 0 0 5 26 0 0 0 0 0 0 0 0 7 0 0 0 0 0 0 0 0 36 0 0 0 0 0 0 0 0 3 0 0 1 0 0 0 10 5 9 1 0 0 0 0 0 0 0 0 0 0 0 0 0 0 0 21 0 0 8 0 11 10 12 19 0 5 2 7 18 0 17 51 7 29 0 0 0 0 0 0 0 0 0 0 0 0 0 0 0 0 0 0 8 31 0 0 0 0 0 0 0 0 0 0 0 2 0 2 0 27 0 62 0 0 0 0 2 0 0 4 0 16 0 1 0 0 0 0 0 0 0 0 0 9 0 0 0 0 0 9 0 0 2 0 
 0 3 2 3 3 3 0 3 3 0 2 3 0 1 2 1 1 1 3 0 0 0 0 0 0 0 0 51 0 0 4 0 1 0 0 0 0 0 0 0 0 0 0 3 4 0 0 0 3 0 0 4 3 0 2 4 0 0 0 0 0 394 119 110 142 71 200 138 36 92 46 34 49 100 147 98 94 96 23 26 0 0 0 0 0 0 0 0 0 0 0 0 0 0 0 0 0 0 0 0 0 0 0 0 0 0 0 0 0 0 0 0 0 0 0 0 0 0 0 0 0 0 0 0 0 0 0 0 0 0 0 0 0 0 0 0 0 0 0 0 9 0 0 19 12 7 0 0 16 0 0 8 0 0 0 0 0 0 0 0 0 0 0 0 0 10 0 0 0 0 0 0 0 26 0 0 0 0 0 0 0 0 0 0 0 0 0 0 0 0 0 0 0 0 0 0 0 0 0 0 0 0 0 0 1 0 0 0 0 19 0 5 0 0 0 0 0 10 0 0 0 13 3 15 11 7 0 12 1 22 18 0 23 21 0 10 0 12 0 8 0 0 0 0 0 0 0 0 0 0 0 0 0 53 5 0 0 0 0 0 0 0 0 0 0 0 0 0 0 0 1 0 54 7 0 0 0 0 0 0 0 0 0 0 0 0 0 0 0 7 
