 0 194 256 44 29 38 495 133 47 57 32 38 142 46 46 129 124 18 404 234 3 0 0 3 0 2 0 2 0 0 5 2 0 0 0 0 0 0 0 0 0 0 3 3 0 0 0 0 0 3 0 0 1 0 3 3 5 0 0 1 0 54 0 0 3 3 0 0 2 3 0 0 0 2 0 0 0 2 0 0 27 17 10 15 0 0 11 14 17 28 12 1 34 12 0 0 26 0 14 25 0 0 0 0 0 0 0 0 0 0 0 0 0 0 1 0 0 0 0 0 0 0 0 0 0 0 0 0 0 0 0 0 0 0 5 0 0 0 0 9 0 0 0 0 0 29 0 0 0 0 0 0 24 0 0 0 2 0 0 0 0 0 29 19 0 0 1 16 8 27 0 0 0 57 10 0 11 3 0 2 0 0 0 0 0 0 0 0 0 0 0 0 0 0 0 0 0 0 0 0 0 0 0 0 0 2 0 0 0 0 0 0 0 0 0 0 0 0 6 0 0 0 0 0 0 0 0 3 0 0 0 3 0 0 0 0 0 0 0 0 0 0 0 0 0 0 1 2 0 3 0 14 0 2 0 0 0 0 0 0 0 0 0 0 0 0 0 0 0 0 0 0 0 0 0 0 0 0 0 0 0 0 0 0 0 0 0 0 0 0 
 194 0 471 227 33 38 118 284 197 129 86 110 249 228 176 267 53 45 318 154 3 0 0 3 0 3 1 2 0 0 3 3 0 0 0 0 1 0 1 1 0 0 2 3 0 0 0 0 0 3 0 0 1 65 3 5 3 0 0 0 0 0 0 0 11 3 0 0 1 3 0 0 0 2 0 0 0 2 0 0 8 30 43 41 0 25 0 27 21 1 0 30 25 36 8 10 18 29 15 45 0 0 10 0 0 0 0 0 0 1 10 0 22 0 0 0 0 0 16 21 0 0 0 0 0 1 0 0 0 0 2 0 0 0 0 0 0 0 0 0 0 0 2 0 0 0 0 0 1 0 0 0 10 0 1 0 0 0 0 0 1 17 2 0 11 0 25 12 29 28 19 1 7 3 19 22 1 26 2 16 3 2 0 0 15 0 0 0 0 0 0 0 15 2 0 0 0 0 0 21 0 0 0 0 0 0 0 2 0 0 0 0 0 0 0 0 0 2 0 0 0 0 0 9 0 0 0 0 0 0 0 0 0 0 0 0 0 0 0 2 0 0 0 0 0 0 6 0 44 92 0 6 0 0 0 0 0 0 0 0 0 0 0 0 0 0 0 0 0 0 0 0 0 0 0 15 9 0 0 0 0 0 0 0 0 0 0 20 0 11 
 256 471 0 152 33 34 85 182 100 386 412 208 267 197 453 184 234 131 116 41 3 1 0 3 0 2 2 2 76 1 3 22 0 0 0 0 0 0 76 0 0 0 3 3 0 0 0 0 0 3 0 8 1 0 3 3 3 0 62 1 0 0 0 3 3 3 0 0 2 3 0 0 0 2 0 0 0 2 0 0 1 24 19 40 0 9 29 13 0 1 0 13 13 33 6 0 44 41 0 15 0 0 0 8 10 0 0 0 0 0 0 0 1 0 0 0 0 0 0 17 0 0 0 0 0 0 0 0 0 0 0 0 0 0 19 1 0 0 1 0 0 0 0 0 0 0 0 0 0 0 0 0 0 1 3 0 0 0 0 1 0 31 21 9 6 0 9 19 31 9 9 0 6 1 0 0 9 7 0 0 0 0 0 0 0 0 10 0 0 0 0 0 10 0 0 0 0 0 0 19 0 0 0 0 0 0 0 0 0 0 0 0 0 0 0 0 0 0 0 0 0 0 2 0 0 0 0 0 0 0 0 0 0 0 0 0 0 0 0 0 0 1 0 0 0 0 88 0 0 89 0 11 0 0 1 0 0 0 0 0 0 0 0 0 0 0 0 0 0 0 0 0 0 0 0 9 10 11 0 0 0 0 0 0 0 0 0 0 0 0 
 44 227 152 0 102 26 123 159 127 95 279 132 44 97 153 34 75 151 75 171 3 0 0 3 0 5 74 2 0 0 3 0 1 150 3 0 0 0 2 0 0 0 4 16 0 0 0 0 0 4 0 0 2 0 3 3 62 0 0 1 0 0 0 0 7 3 0 5 16 3 4 0 10 2 2 0 0 2 11 0 0 22 16 10 0 1 0 0 0 12 12 0 12 19 1 27 18 21 0 0 1 15 0 0 0 0 23 12 0 0 0 0 10 12 0 0 0 0 0 11 0 0 0 0 18 2 0 0 1 0 0 0 0 0 0 0 0 0 0 0 3 0 0 0 0 0 0 0 0 0 0 0 0 0 0 0 0 21 0 2 16 10 13 1 0 12 14 10 0 0 5 10 0 10 0 23 16 0 0 0 10 20 0 0 2 0 0 0 0 0 0 0 11 0 0 21 0 0 19 18 0 0 16 0 0 0 0 1 0 0 0 0 0 0 0 0 0 0 0 0 0 0 0 0 0 0 0 0 0 0 5 0 0 0 0 0 0 0 0 0 0 0 0 0 0 3 90 0 0 3 0 6 1 0 0 0 0 0 0 0 0 0 0 0 0 0 0 0 0 0 0 0 0 0 0 16 0 0 0 0 0 0 0 0 0 0 0 0 0 0 
 29 33 33 102 0 443 286 52 44 270 88 264 272 158 75 67 131 402 46 228 3 0 0 3 3 4 74 42 114 155 4 0 187 78 147 1 74 0 79 152 0 57 2 3 0 0 0 0 1 3 0 0 0 0 3 6 3 2 2 3 0 0 0 0 3 2 0 2 0 2 0 0 0 2 0 0 2 4 0 0 0 0 0 11 42 24 0 0 8 0 14 13 10 0 0 0 0 32 0 0 7 21 0 0 13 0 46 18 10 0 0 0 36 9 28 38 1 16 29 0 0 0 0 0 0 0 0 0 0 0 0 0 0 0 0 0 0 0 0 0 0 0 0 0 0 0 0 0 0 0 0 0 0 0 1 0 0 0 0 0 0 0 0 13 11 23 0 5 0 2 9 0 0 0 1 16 16 12 0 0 50 18 9 0 10 0 22 6 24 13 13 0 32 30 9 0 9 18 15 19 0 0 0 2 0 0 0 0 0 0 0 0 0 0 0 0 0 0 0 0 0 0 0 0 0 0 0 0 0 0 0 0 0 0 0 0 0 0 0 0 0 0 0 0 0 4 0 3 2 4 14 10 0 0 2 0 0 0 0 0 9 0 3 0 0 0 0 0 0 0 0 0 0 0 0 0 11 0 0 0 0 0 0 0 0 0 0 0 0 1 
 38 38 34 26 443 0 42 33 139 203 144 180 49 67 91 185 107 145 55 256 150 2 2 3 0 2 76 151 72 51 88 0 100 1 60 0 0 0 141 149 0 0 2 3 0 0 0 0 0 3 0 0 0 0 3 3 3 0 0 0 0 0 1 0 3 3 0 0 1 3 0 0 0 2 0 4 0 2 0 0 0 0 15 0 23 9 0 0 25 0 53 2 1 0 14 0 0 43 0 0 2 18 10 0 0 0 50 33 15 1 42 0 2 0 23 25 0 13 49 12 0 0 0 0 0 0 0 0 0 0 0 0 0 0 0 0 0 0 18 0 0 2 0 0 1 0 30 0 0 0 0 3 0 0 0 0 0 11 0 0 14 0 0 17 23 5 1 0 0 0 22 26 0 0 0 1 1 16 0 0 14 59 10 0 0 1 21 36 26 10 38 0 48 17 26 0 13 1 1 22 0 0 0 0 1 0 0 0 2 0 0 0 0 0 0 0 0 0 0 0 0 0 0 0 0 0 0 0 0 0 0 0 0 0 0 0 0 0 0 0 0 0 11 0 0 0 2 0 0 0 11 10 0 0 0 0 0 0 0 1 0 15 0 0 0 0 0 0 0 0 3 0 0 0 0 0 13 0 0 0 0 16 0 0 0 0 0 0 0 0 
 495 118 85 123 286 42 0 329 65 114 251 150 279 55 229 60 99 47 382 92 3 0 0 8 13 3 3 3 0 0 4 3 0 0 0 0 0 3 1 0 0 0 3 3 0 0 0 0 0 3 2 0 0 0 3 3 3 0 0 1 0 0 0 3 5 9 3 1 2 5 0 0 0 2 1 2 3 2 51 0 29 12 15 2 0 0 19 0 0 25 0 0 16 24 1 0 28 0 16 40 2 2 0 0 0 2 0 0 0 0 0 0 1 0 0 0 0 0 0 0 0 0 0 0 0 0 0 0 0 0 0 0 0 0 0 1 0 0 1 0 0 10 0 0 0 0 0 0 2 0 0 0 0 0 0 0 0 0 0 0 9 18 22 0 4 0 0 9 0 18 0 0 3 8 31 0 27 15 10 0 0 1 0 0 0 0 0 0 0 0 0 0 0 0 0 0 0 0 0 0 0 0 0 0 0 0 0 0 0 1 0 0 0 0 0 0 0 0 0 0 0 0 0 0 0 0 0 0 0 0 0 0 0 0 0 0 0 0 0 0 0 0 0 0 0 3 88 2 1 2 0 7 0 0 0 0 0 0 0 0 0 0 0 0 0 0 0 0 0 2 0 0 0 0 0 0 0 0 0 0 0 0 0 0 0 0 0 0 0 0 
 133 284 182 159 52 33 329 0 193 365 73 34 100 178 110 175 129 30 119 201 3 2 0 3 72 2 0 2 0 0 3 2 1 0 0 0 0 0 0 0 0 0 3 3 0 0 0 0 0 3 0 0 1 0 3 3 3 55 0 1 0 0 0 0 4 3 0 0 2 3 0 0 0 2 0 0 0 2 0 0 9 20 14 30 0 0 0 14 8 27 1 11 36 34 14 43 39 0 1 0 0 0 0 0 0 0 0 0 0 0 0 0 0 0 0 0 0 0 16 10 0 0 0 0 0 0 0 0 0 0 0 0 0 0 0 0 0 0 0 0 0 0 0 0 0 0 0 0 0 0 0 0 4 0 0 0 0 0 0 0 20 17 20 0 0 0 10 11 17 1 16 8 0 26 13 19 20 10 0 0 0 0 0 0 0 0 0 0 0 0 0 0 0 0 0 0 0 0 0 0 0 0 0 0 0 0 0 0 0 0 0 0 0 0 0 0 0 0 0 0 0 0 0 0 0 0 0 0 0 0 0 0 0 0 0 0 15 0 0 0 0 0 0 0 1 0 1 0 6 87 1 18 7 0 0 0 0 0 0 0 0 0 0 0 0 0 0 0 0 0 0 0 0 0 0 11 0 0 0 0 0 0 0 0 0 0 0 0 0 0 
 47 197 100 127 44 139 65 193 0 282 132 36 380 267 175 208 212 203 165 210 3 0 71 3 0 2 64 2 0 0 3 0 79 0 0 0 0 2 0 0 0 0 3 3 0 0 0 0 0 3 0 0 2 0 3 3 3 0 0 2 0 0 0 0 6 3 0 0 3 3 0 0 0 2 0 0 0 3 0 0 0 16 33 33 9 26 16 18 11 47 20 11 14 67 0 75 0 0 0 0 0 16 0 1 0 0 13 1 0 0 0 0 18 0 0 2 0 0 21 18 0 0 0 0 0 9 0 0 0 0 0 0 0 0 0 0 0 0 0 0 4 0 0 0 0 0 2 0 0 0 0 0 0 0 2 0 0 1 0 0 32 1 0 3 0 0 15 6 11 0 19 16 5 7 55 44 0 33 0 0 1 0 0 0 15 0 1 0 11 0 0 0 5 0 0 0 0 1 0 0 0 0 0 0 0 0 0 4 0 0 0 2 0 0 2 0 0 0 0 0 0 0 0 0 0 0 0 0 0 0 0 0 0 14 0 0 0 0 0 0 0 20 0 0 0 0 1 0 11 1 0 8 0 0 0 0 0 0 0 0 0 0 0 0 0 0 0 0 0 0 0 0 0 0 0 15 0 0 0 0 0 0 0 0 0 0 0 0 0 0 
 57 129 386 95 270 203 114 365 282 0 91 59 52 162 182 93 457 139 87 102 3 0 0 4 3 2 22 5 0 0 3 0 78 0 0 0 0 0 2 0 0 0 2 3 34 3 0 3 0 3 0 3 5 3 3 3 3 0 2 0 3 2 0 2 3 3 0 0 1 3 0 0 0 2 0 5 0 2 0 3 0 0 38 14 10 36 27 16 12 49 10 21 2 0 4 52 1 23 0 0 0 10 0 0 12 0 1 0 0 0 0 0 14 0 0 0 0 0 6 15 0 0 0 0 0 0 0 0 0 0 0 0 0 0 0 0 0 0 0 0 1 0 0 0 2 12 0 0 0 0 0 0 0 0 0 0 21 0 0 0 48 14 23 0 14 0 2 0 0 14 40 11 0 19 20 24 0 45 0 2 35 0 0 0 14 0 20 2 10 0 1 0 0 0 0 0 0 0 0 15 0 0 0 0 2 0 0 0 1 0 0 0 0 0 0 0 0 0 0 0 0 0 0 0 0 1 0 0 0 0 0 0 0 0 0 0 0 0 0 13 0 9 0 0 0 0 0 0 89 2 1 2 0 0 0 0 0 0 0 0 0 0 0 0 0 0 0 0 0 0 0 0 0 0 0 0 0 0 0 0 0 0 0 0 0 0 0 0 0 0 
 32 86 412 279 88 144 251 73 132 91 0 359 164 233 64 89 333 305 37 422 39 0 0 3 2 3 19 3 0 2 3 75 74 74 1 0 2 0 1 75 3 0 3 3 0 0 0 0 0 3 0 0 5 62 6 3 3 0 0 1 0 0 0 0 4 3 2 0 5 5 2 0 0 2 0 0 2 2 3 0 0 37 19 23 1 9 15 0 0 12 7 15 0 68 28 66 18 42 0 0 0 26 0 0 0 0 19 0 13 0 5 0 14 0 0 0 0 0 1 21 0 0 0 0 0 0 0 0 0 0 0 0 0 0 0 0 46 0 0 0 0 0 0 0 0 0 0 0 0 0 0 0 0 0 6 0 0 0 0 0 13 43 0 16 12 8 12 10 20 10 39 16 16 9 2 23 4 13 0 0 0 0 0 0 14 0 0 0 0 0 13 0 13 18 0 13 0 1 21 26 0 0 0 0 0 0 0 0 0 0 0 0 0 0 0 0 0 0 0 0 0 0 0 0 0 0 0 0 0 0 0 0 8 0 0 0 0 0 0 0 0 0 0 0 0 0 5 2 1 84 1 11 7 0 0 0 0 0 0 0 1 0 0 0 0 0 0 0 0 0 0 0 0 0 0 23 0 3 0 0 0 0 0 0 0 0 0 32 0 0 
 38 110 208 132 264 180 150 34 36 59 359 0 128 127 143 51 183 372 242 64 20 74 0 3 0 2 0 2 0 0 3 0 99 76 63 0 0 0 1 90 0 0 2 3 0 0 0 0 0 3 0 0 2 64 3 3 3 0 0 0 0 0 0 0 3 3 0 0 1 3 0 26 0 2 0 0 0 2 0 0 0 9 7 0 31 19 0 0 5 0 17 25 0 26 27 0 14 29 3 15 9 7 0 0 4 0 0 14 17 0 0 0 0 0 38 19 0 0 13 30 0 0 0 0 0 0 0 0 0 0 0 0 1 0 0 0 0 0 0 0 0 0 0 0 0 0 0 0 0 0 2 0 0 12 13 0 0 0 0 0 0 11 21 23 68 14 13 25 8 17 16 0 8 1 0 18 56 15 0 15 25 14 0 1 17 0 0 13 11 0 0 0 30 16 10 11 0 16 27 56 0 2 0 0 0 0 0 0 0 0 0 0 0 0 0 2 0 0 0 7 0 0 0 0 0 0 0 0 0 0 0 0 0 0 0 0 0 0 0 0 0 0 0 0 0 2 98 0 0 0 6 6 0 1 0 0 0 0 0 0 0 0 0 0 0 0 0 0 0 0 0 0 0 0 0 12 2 10 0 0 0 0 0 0 0 0 0 0 0 9 
 142 249 267 44 272 49 279 100 380 52 164 128 0 66 314 270 29 106 162 248 3 0 0 3 0 2 0 2 0 0 3 1 0 0 0 1 0 0 1 2 0 0 2 4 0 0 0 0 0 3 0 0 2 0 3 3 3 0 0 0 0 0 0 0 3 12 0 0 0 3 0 0 0 2 0 0 0 2 0 0 44 2 0 18 0 0 47 27 17 14 0 12 24 10 12 0 9 0 9 28 0 0 0 0 0 0 0 0 0 0 2 0 0 0 0 0 0 0 0 0 0 0 0 0 0 0 0 0 0 0 0 0 0 11 0 0 0 0 0 0 0 0 0 0 0 0 0 0 0 0 0 0 2 0 0 0 0 0 0 0 0 20 10 0 32 2 6 4 0 14 0 0 20 0 27 0 56 0 12 15 0 0 0 0 0 0 0 0 0 0 0 0 1 0 0 1 0 0 0 0 0 0 0 0 0 14 1 0 0 0 0 0 1 0 0 0 0 0 0 0 0 0 0 0 0 0 0 0 0 0 0 0 0 0 0 0 0 0 0 0 0 0 0 0 0 0 195 0 0 5 2 2 0 0 0 0 0 0 0 0 0 0 0 0 0 0 0 0 0 0 0 0 0 0 0 0 32 0 0 0 0 0 0 0 0 0 0 0 0 0 
 46 228 197 97 158 67 55 178 267 162 233 127 66 0 479 104 125 113 68 157 3 0 0 7 0 2 0 2 4 0 3 3 0 203 2 2 0 3 79 2 0 6 2 7 0 2 0 2 0 3 0 2 0 0 3 5 8 5 0 0 0 0 0 9 3 57 0 0 0 3 0 0 0 2 0 4 45 4 0 0 0 17 18 11 0 16 10 0 0 2 0 11 0 13 18 13 28 53 18 0 0 0 0 0 0 0 0 0 0 0 0 0 0 0 0 0 0 0 9 52 0 0 0 0 0 0 0 0 0 0 0 0 0 0 0 0 0 0 0 0 0 0 11 0 0 0 2 0 0 0 0 0 0 0 6 0 0 0 0 0 0 23 23 11 0 0 0 0 31 0 14 3 0 0 32 13 21 4 0 0 14 0 0 0 5 0 0 0 0 0 0 0 11 0 0 0 0 0 0 33 2 0 0 0 1 0 0 0 0 0 0 2 0 0 2 0 0 0 0 0 0 0 0 0 0 2 0 0 0 0 0 0 0 0 0 0 0 0 0 0 0 0 0 0 0 0 90 0 88 92 1 5 15 0 0 0 0 0 0 0 0 0 1 0 0 0 0 0 0 0 0 0 0 0 0 0 0 10 0 0 0 0 0 0 0 0 0 0 0 0 
 46 176 453 153 75 91 229 110 175 182 64 143 314 479 0 394 27 35 275 441 6 0 0 6 0 2 2 3 0 0 3 3 2 0 0 2 0 0 3 3 0 0 2 4 0 0 0 0 0 4 0 0 2 0 3 4 3 0 0 0 0 0 0 0 4 3 0 0 0 2 0 0 2 2 0 0 0 2 0 0 0 30 8 23 0 0 7 59 73 0 0 34 14 62 16 12 17 1 28 43 0 0 0 0 0 0 0 0 0 0 2 0 0 0 0 0 0 0 18 12 0 0 0 0 0 0 0 1 0 0 0 0 0 0 0 0 0 0 0 0 0 0 0 16 0 0 0 0 0 0 0 0 0 0 1 0 0 0 0 0 3 24 12 0 16 2 12 7 25 31 0 0 23 0 20 8 31 12 12 10 2 0 1 0 1 0 0 0 0 0 0 0 14 1 0 0 0 0 0 15 0 0 0 0 0 0 0 0 0 0 0 0 0 0 0 0 0 0 0 0 0 0 0 0 0 0 0 0 0 0 0 0 0 0 0 0 0 0 0 0 0 0 0 0 0 0 9 0 55 11 0 14 0 0 0 0 0 0 0 0 0 0 0 0 0 0 0 0 0 0 0 0 0 0 0 10 11 0 0 0 0 0 0 0 0 0 0 0 0 0 
 129 267 184 34 67 185 60 175 208 93 89 51 270 104 394 0 244 52 36 280 5 0 2 3 6 8 12 4 2 1 3 1 80 75 3 2 0 5 77 0 2 0 5 3 3 0 0 0 0 71 0 1 2 0 6 12 3 9 6 6 0 0 0 3 3 5 0 4 1 3 0 0 0 2 0 0 4 2 0 0 0 0 0 94 10 12 11 28 1 57 10 13 14 0 20 35 11 1 0 0 0 0 0 0 0 0 0 15 0 0 0 0 40 13 0 0 0 0 0 25 0 0 0 13 0 0 0 0 0 0 0 0 0 1 0 2 3 7 1 0 13 1 0 0 0 0 0 0 0 0 0 0 0 0 0 2 0 0 0 0 1 9 16 36 0 16 1 2 10 15 28 26 0 22 5 24 1 29 0 0 0 0 0 0 14 0 0 0 10 0 1 0 0 0 0 0 1 0 7 0 0 0 0 0 0 0 0 0 0 0 0 0 0 2 0 0 0 0 0 0 2 13 1 0 0 0 0 0 0 0 0 0 0 0 0 0 0 0 0 0 0 7 0 0 0 0 0 0 88 109 0 10 14 0 0 0 0 0 0 0 0 0 0 0 0 0 0 0 0 0 0 0 0 0 0 2 24 0 0 0 0 0 0 0 0 0 0 0 0 36 
 124 53 234 75 131 107 99 129 212 457 333 183 29 125 27 244 0 322 120 37 77 0 2 6 2 2 149 2 0 0 5 1 35 7 0 0 2 3 26 0 0 0 5 3 0 0 0 2 0 6 2 0 0 0 3 4 3 0 0 0 0 0 0 7 6 2 1 0 3 5 12 3 0 2 0 6 2 2 3 0 0 0 10 3 6 57 10 1 31 21 13 42 0 5 0 2 35 30 0 0 19 0 0 0 0 0 7 0 0 0 0 0 0 0 0 0 11 0 0 15 0 0 0 0 0 0 0 0 0 0 0 0 0 0 0 0 0 0 0 0 0 0 0 0 0 0 0 0 0 0 0 0 0 0 10 0 0 0 0 0 0 0 9 19 7 11 0 1 2 0 17 22 0 1 20 18 0 9 0 0 0 11 0 0 0 0 15 0 10 0 0 0 0 9 0 0 0 0 0 14 0 0 0 0 0 0 0 0 0 0 0 0 0 0 0 0 0 0 0 0 0 0 0 0 0 0 0 0 0 0 0 0 0 0 0 0 0 0 0 0 0 19 0 0 0 1 0 0 0 1 13 11 2 0 0 0 0 0 0 0 0 0 21 0 0 0 0 0 2 0 1 0 0 0 0 0 23 11 0 0 0 0 0 0 0 0 0 0 0 0 
 18 45 131 151 402 145 47 30 203 139 305 372 106 113 35 52 322 0 26 55 3 0 1 5 0 25 20 2 0 0 3 0 152 0 4 2 0 0 0 4 0 0 3 3 0 0 0 0 0 3 0 0 0 0 3 3 3 0 0 1 0 0 0 0 3 3 0 0 3 3 0 0 0 2 0 0 0 2 0 0 0 0 12 18 12 51 17 20 12 34 52 0 0 0 0 43 0 36 0 0 0 33 0 0 6 0 3 7 0 0 0 0 15 0 0 0 0 0 11 14 0 0 0 0 0 0 0 0 0 0 0 0 0 1 0 2 0 10 1 0 3 1 0 0 0 0 0 0 0 0 0 0 0 0 2 2 0 0 0 0 7 3 16 24 16 9 1 2 0 0 32 10 0 0 54 50 11 39 0 0 26 0 0 0 14 0 15 0 10 0 1 0 11 16 0 12 0 0 0 24 0 0 0 0 0 0 0 0 0 0 0 0 0 2 0 0 0 0 0 0 2 0 1 0 0 0 0 0 0 0 0 0 0 0 0 0 0 0 0 4 0 8 0 0 0 0 0 0 0 1 7 6 0 0 0 0 0 1 0 0 0 0 1 0 0 0 0 0 0 0 0 0 0 0 0 0 7 1 0 0 0 0 0 0 0 0 0 0 0 0 
 404 318 116 75 46 55 382 119 165 87 37 242 162 68 275 36 120 26 0 210 3 2 0 3 0 2 0 2 0 2 3 2 0 0 2 0 0 0 1 0 0 0 2 3 0 0 0 0 0 3 0 0 1 2 3 3 3 1 0 0 0 0 0 0 3 2 0 0 0 2 0 0 0 2 0 0 0 2 0 0 20 16 0 14 0 0 13 47 39 13 0 2 68 17 0 0 13 0 32 24 0 0 0 0 0 0 0 0 0 0 0 0 0 0 0 0 0 0 0 0 0 0 0 0 0 0 0 0 0 0 0 0 0 0 0 0 0 0 0 0 0 0 0 0 0 11 0 0 0 0 0 0 3 0 0 0 0 0 0 0 14 13 0 0 37 0 23 8 0 8 0 0 1 6 0 0 18 15 0 18 0 0 0 0 0 0 0 0 0 0 0 0 0 0 0 0 0 0 0 0 0 0 0 0 0 0 0 0 0 0 0 0 0 0 0 0 0 0 0 0 0 0 0 0 0 0 0 0 0 0 0 9 0 0 0 0 0 0 0 0 0 0 0 0 0 3 98 0 1 3 0 8 0 0 1 0 0 0 0 0 0 0 0 0 0 0 0 0 0 0 0 0 0 0 0 0 0 0 0 0 0 0 0 0 0 0 0 0 0 0 
 234 154 41 171 228 256 92 201 210 102 422 64 248 157 441 280 37 55 210 0 77 0 0 3 0 5 2 6 2 4 3 2 2 0 0 0 2 2 4 0 0 0 2 3 0 0 0 0 0 6 3 0 0 0 3 4 3 0 0 0 0 2 0 2 8 1 0 0 0 1 0 0 0 2 0 1 0 2 0 0 39 37 14 5 0 2 26 11 21 3 17 19 19 13 20 5 0 0 57 32 0 0 0 0 0 0 0 0 0 0 0 0 0 1 0 0 0 0 0 0 0 0 0 0 2 0 0 0 0 0 0 0 0 0 1 0 0 0 0 0 2 0 12 0 0 0 0 0 0 0 0 0 6 0 0 0 0 0 0 0 11 27 1 15 13 0 18 14 11 5 20 5 0 6 0 30 14 0 0 15 0 0 0 0 0 0 0 0 0 0 0 0 0 0 0 0 0 1 0 0 0 0 2 0 0 44 0 0 0 0 0 0 0 0 0 0 0 0 0 0 0 0 0 0 0 0 0 0 0 1 1 0 0 0 0 0 0 0 1 0 0 0 0 0 0 0 85 2 2 91 0 2 10 0 0 0 0 0 0 0 0 0 0 0 0 0 0 0 0 0 0 0 0 0 0 11 0 0 0 0 0 0 0 0 0 0 0 0 0 0 
 3 3 3 3 3 150 3 3 3 3 39 20 3 3 6 5 77 3 3 77 0 175 145 63 40 48 231 152 88 185 37 46 182 58 280 409 254 279 43 568 0 0 0 0 0 0 0 0 0 3 0 0 2 0 0 0 0 0 0 0 0 0 5 3 3 0 0 0 0 0 0 0 2 0 0 0 0 2 0 0 0 0 0 0 0 9 0 0 0 0 9 0 0 0 0 0 0 14 0 0 6 26 21 55 2 14 59 26 57 10 12 22 0 33 14 22 3 8 0 11 0 0 0 0 0 0 0 0 0 0 0 0 20 0 0 0 0 0 0 0 0 8 0 0 0 0 0 0 0 0 0 0 0 0 0 0 2 0 0 0 0 1 0 18 7 14 0 0 0 0 0 17 0 0 0 0 0 0 0 2 2 0 0 15 0 33 0 17 0 40 53 33 2 45 15 61 5 1 19 1 0 0 0 0 0 0 0 10 0 0 11 0 0 0 0 0 0 0 0 0 0 0 0 0 0 0 0 0 0 0 0 1 0 2 0 2 0 0 2 1 0 0 12 0 0 0 0 0 0 0 0 0 0 0 13 0 0 42 41 0 2 0 0 0 0 0 0 0 0 0 0 0 0 0 0 0 0 0 0 0 0 0 0 0 0 0 0 0 0 0 
 0 0 1 0 0 2 0 2 0 0 0 74 0 0 0 0 0 0 2 0 175 0 310 354 43 45 118 527 541 253 150 60 52 209 439 155 121 116 394 114 0 0 0 0 0 0 1 0 0 3 0 0 2 0 0 0 0 0 0 65 0 0 3 3 3 0 0 3 0 0 0 0 3 0 0 0 0 3 0 0 0 0 0 0 0 0 0 0 0 0 0 0 0 0 0 0 0 0 0 0 1 61 19 31 11 1 2 12 16 43 51 13 0 2 13 29 26 0 0 0 0 0 0 0 0 0 0 14 0 0 0 25 23 12 0 0 0 2 57 28 0 0 0 0 0 0 0 0 0 0 0 0 0 3 0 0 3 42 20 3 1 0 0 0 0 6 0 0 0 0 0 0 0 2 0 0 0 0 0 5 9 13 7 75 31 7 9 94 24 9 41 19 0 18 17 23 9 22 0 0 0 7 0 0 0 2 50 9 0 2 0 0 20 0 17 0 1 0 19 7 0 0 0 0 0 0 1 0 0 0 16 0 0 0 0 0 0 10 0 0 0 0 9 0 0 0 0 0 0 0 0 15 0 0 5 0 0 78 1 2 4 0 0 0 0 0 0 0 0 0 0 0 0 0 0 0 0 0 0 14 0 0 0 0 0 18 0 0 0 0 
 0 0 0 0 0 2 0 0 71 0 0 0 0 0 0 2 2 1 0 0 145 310 0 584 347 37 155 444 264 57 112 158 39 64 85 398 122 115 179 38 0 0 2 0 3 1 103 0 9 3 63 0 63 61 0 3 0 3 122 1 0 0 3 4 6 0 0 0 0 0 0 0 1 0 0 0 47 5 0 0 0 0 0 0 0 0 1 0 0 0 0 0 2 0 0 0 0 0 0 0 0 12 20 34 41 4 0 2 0 10 14 23 0 0 0 13 31 26 0 0 0 0 0 0 0 0 0 20 0 0 0 2 23 11 0 0 0 0 6 57 0 0 0 0 0 0 0 0 0 0 0 0 0 0 0 9 0 0 0 6 0 0 0 0 0 1 1 0 0 0 0 0 0 1 0 0 0 0 0 0 0 0 13 27 31 18 5 1 7 12 1 0 0 11 15 12 13 9 1 0 0 0 0 0 0 0 30 23 0 0 0 0 15 0 12 0 1 0 4 12 0 0 0 10 0 0 1 0 0 1 0 0 0 3 0 0 0 0 0 0 0 0 0 0 0 0 0 0 0 0 0 0 0 0 21 1 0 76 18 2 1 2 0 0 0 0 0 0 1 0 0 2 0 0 0 0 0 0 0 0 0 14 0 0 0 0 0 0 0 0 
 3 3 3 3 3 3 8 3 3 4 3 3 3 7 6 3 6 5 3 3 63 354 584 0 336 51 63 176 162 405 93 118 64 464 132 213 358 183 155 132 0 0 0 0 0 0 77 0 6 3 0 4 70 4 0 0 0 0 22 0 0 4 3 3 3 0 0 0 0 0 0 0 1 0 3 0 0 0 0 6 0 0 2 0 0 0 0 0 0 0 0 0 0 0 0 0 0 0 0 0 0 0 13 21 45 5 0 13 0 25 17 17 0 0 0 17 47 32 0 0 0 0 0 0 0 0 0 37 0 0 1 0 38 1 7 0 0 0 24 49 0 0 0 0 0 0 0 0 0 0 0 0 0 0 0 0 0 0 0 6 0 0 0 0 0 7 0 0 0 0 0 0 0 0 0 0 0 0 0 0 1 1 15 18 63 14 0 0 0 10 0 13 0 9 11 33 13 9 0 0 0 0 1 0 0 0 52 5 0 0 0 0 12 0 10 0 0 0 13 6 0 0 0 0 4 0 0 0 0 0 0 0 0 0 0 0 0 0 0 0 0 0 0 0 0 0 0 0 0 0 0 0 0 0 9 2 0 44 40 2 2 0 0 0 0 0 0 0 0 0 0 0 0 0 0 0 0 0 0 0 0 12 0 0 0 0 0 0 0 0 
 0 0 0 0 3 0 13 72 0 3 2 0 0 0 0 6 2 0 0 0 40 43 347 336 0 368 46 170 189 189 128 159 74 357 113 165 56 196 74 66 1 0 0 0 0 0 71 62 91 3 0 1 65 63 94 67 0 0 58 17 0 0 3 3 6 0 0 0 0 0 0 0 2 2 0 0 0 3 0 0 0 0 0 0 0 0 0 0 0 0 0 0 0 0 0 0 1 0 0 0 0 1 23 12 12 2 0 32 0 16 12 0 0 0 0 12 0 11 0 0 0 30 0 0 0 0 0 0 42 0 21 0 12 11 34 0 7 6 14 19 0 0 0 0 0 0 0 0 0 0 0 6 0 0 0 0 0 0 0 0 0 0 0 0 0 0 0 0 0 0 0 0 0 0 0 0 0 0 0 0 0 3 0 15 15 29 0 0 0 8 0 0 0 6 12 9 0 11 0 0 25 12 0 0 21 1 16 26 0 17 0 0 18 14 13 0 2 0 27 18 0 0 2 0 0 0 0 0 0 0 0 0 0 0 0 0 0 0 0 0 0 0 0 0 0 0 0 0 0 0 0 0 0 0 10 0 5 0 57 2 48 0 0 0 0 0 0 0 0 0 0 0 0 0 0 0 0 0 0 0 0 0 0 1 31 0 0 0 0 0 
 2 3 2 5 4 2 3 2 2 2 3 2 2 2 2 8 2 25 2 5 48 45 37 51 368 0 50 50 75 158 101 302 91 73 54 298 80 71 50 55 47 0 0 2 0 0 93 14 62 3 0 0 1 126 61 68 0 0 81 81 0 0 3 3 3 0 0 0 0 0 0 0 5 0 35 0 86 3 0 2 0 0 0 0 0 0 0 0 0 0 0 0 0 0 0 0 0 0 0 0 0 0 0 0 0 21 0 0 0 0 13 0 0 0 0 0 0 0 0 0 16 57 8 9 0 0 22 9 44 9 0 0 6 19 30 5 0 7 18 7 0 0 0 0 0 0 0 0 6 0 0 7 0 0 0 0 0 0 0 0 0 0 11 0 0 0 0 0 8 0 0 0 0 0 0 0 0 0 0 0 0 0 5 3 0 21 0 0 0 0 2 0 0 0 0 0 0 0 0 0 69 29 33 0 0 1 8 18 18 0 1 0 14 24 10 12 0 5 70 11 0 0 0 0 0 0 0 0 0 0 0 2 0 0 0 1 1 0 0 0 0 0 0 0 0 0 0 0 0 0 0 0 0 0 6 0 1 4 15 0 21 1 0 0 0 0 12 0 0 0 0 0 0 0 0 0 0 0 0 0 0 0 0 0 18 0 0 0 0 0 
 0 1 2 74 74 76 3 0 64 22 19 0 0 0 2 12 149 20 0 2 231 118 155 63 46 50 0 69 57 489 61 26 153 134 123 282 39 93 135 128 0 1 0 1 1 0 0 0 0 98 0 0 29 0 0 0 0 0 0 0 0 50 3 3 3 3 0 0 0 0 0 0 3 0 0 0 0 3 0 0 14 0 0 13 0 30 0 0 0 22 57 0 0 0 0 0 0 12 0 0 1 33 20 14 0 9 18 0 12 5 0 0 33 0 0 31 21 4 1 0 0 0 0 0 0 0 0 0 0 0 0 0 0 0 0 0 0 0 23 2 0 0 0 0 0 0 0 11 0 0 0 0 11 0 0 0 0 0 0 0 0 0 0 13 10 6 0 3 0 0 31 49 0 0 0 8 0 14 0 0 18 12 7 0 34 19 15 1 16 0 30 0 31 24 8 10 29 0 24 10 0 0 0 0 0 0 0 0 0 0 0 0 0 0 0 0 0 0 9 9 0 0 0 1 0 0 0 0 0 0 0 0 0 0 17 0 0 0 0 3 0 7 0 0 0 0 0 0 0 0 0 0 0 0 0 0 0 2 1 1 0 1 0 0 0 0 0 0 0 0 0 0 0 21 0 0 0 0 0 0 0 0 0 0 0 0 0 0 0 0 
 2 2 2 2 42 151 3 2 2 5 3 2 2 2 3 4 2 2 2 6 152 527 444 176 170 50 69 0 326 252 34 39 76 278 368 143 37 45 162 131 0 0 0 0 0 0 0 0 0 3 3 0 2 0 0 3 0 0 18 0 0 3 3 5 5 0 0 0 0 0 0 0 2 0 0 3 0 0 0 0 0 0 0 0 21 0 0 0 0 0 0 0 0 0 0 0 0 0 0 0 20 13 29 11 14 9 19 20 0 4 15 0 0 14 22 5 18 34 17 8 0 0 0 0 0 0 0 0 0 0 0 0 56 11 7 0 0 0 56 13 0 0 0 0 0 0 0 0 0 0 0 0 0 0 0 0 0 0 0 0 0 0 0 0 0 18 0 0 0 0 0 0 0 0 0 0 0 0 0 5 0 10 11 13 11 0 9 17 26 9 21 21 0 20 1 9 4 0 19 0 0 0 0 0 0 0 20 0 0 0 0 0 12 0 0 0 0 0 8 6 0 0 0 0 0 0 0 0 0 0 0 0 0 0 0 0 0 0 0 0 0 0 0 0 0 0 0 0 0 0 0 0 0 0 11 0 0 52 78 2 6 11 0 0 0 0 0 0 0 0 0 0 0 0 0 0 0 0 0 11 0 17 0 0 0 19 0 0 0 0 
 0 0 76 0 114 72 0 0 0 0 0 0 0 4 0 2 0 0 0 2 88 541 264 162 189 75 57 326 0 342 131 328 180 401 112 151 169 209 481 83 0 0 0 0 97 0 0 0 0 4 4 0 57 0 0 2 0 0 127 0 0 0 13 3 3 0 0 0 50 0 0 0 2 0 0 0 0 3 1 0 0 0 0 0 16 9 0 0 0 0 0 0 0 0 0 0 0 0 0 0 28 47 37 17 11 31 33 0 45 5 10 37 16 46 15 50 0 0 15 14 0 0 0 0 0 0 0 0 0 0 0 0 21 2 0 0 0 0 13 0 0 6 0 0 0 0 0 0 0 0 0 0 0 0 0 0 0 0 0 0 0 0 0 0 0 18 0 9 0 0 0 0 0 0 0 0 0 0 0 0 0 0 0 14 15 17 18 23 13 51 29 52 0 11 0 14 0 1 39 0 0 0 0 2 0 0 0 8 0 0 0 0 0 0 2 0 0 0 0 1 0 0 0 0 0 0 0 0 1 0 0 0 0 0 0 0 0 0 0 0 0 0 0 0 0 0 0 0 0 0 0 0 0 1 10 0 2 35 0 0 17 0 0 0 0 0 0 0 0 0 0 0 0 0 0 0 0 0 0 0 0 0 0 0 0 0 0 0 0 0 
 0 0 1 0 155 51 0 0 0 0 2 0 0 0 0 1 0 0 2 4 185 253 57 405 189 158 489 252 342 0 225 51 145 226 237 100 134 47 341 167 0 0 1 0 4 0 0 1 3 3 0 1 0 0 0 0 0 2 2 3 0 0 9 3 3 0 1 5 0 3 3 0 10 0 0 2 0 3 0 0 0 0 0 0 0 0 0 0 0 0 0 0 0 0 0 0 0 0 0 0 45 0 31 11 0 6 34 22 15 13 8 13 2 45 20 56 16 12 24 0 0 0 0 0 0 0 0 0 0 0 0 0 0 0 0 0 0 2 1 3 0 0 0 0 0 0 0 0 0 0 0 0 0 0 0 0 0 1 0 0 1 0 0 0 0 0 10 10 0 0 0 0 0 0 0 0 0 0 0 0 0 25 19 15 0 2 35 35 40 29 63 31 16 5 8 1 38 1 0 14 0 0 0 0 0 2 0 0 0 2 0 0 0 0 0 0 0 0 0 0 0 0 0 0 0 0 1 0 0 0 0 1 0 0 0 0 0 0 0 0 0 0 34 0 0 0 0 0 0 0 0 0 0 0 24 0 0 7 1 3 10 15 0 0 0 0 0 0 0 0 0 0 0 0 0 0 0 0 0 17 0 21 0 0 0 31 0 0 0 0 
 5 3 3 3 4 88 4 3 3 3 3 3 3 3 3 3 5 3 3 3 37 150 112 93 128 101 61 34 131 225 0 67 105 183 268 164 153 214 120 152 0 0 0 3 0 0 0 0 0 3 0 0 77 63 62 0 0 0 66 1 0 0 3 3 51 0 0 0 0 0 1 0 3 0 0 0 0 3 0 0 0 12 0 0 0 0 2 0 0 0 0 0 0 0 0 0 0 0 0 0 60 0 14 26 24 7 4 1 0 27 74 0 0 12 29 60 13 14 13 0 0 10 8 7 0 0 0 11 0 10 0 0 0 0 0 0 0 0 55 10 0 0 0 0 0 0 0 0 0 0 0 0 0 0 0 0 0 0 0 0 0 0 3 0 0 0 0 0 0 0 0 0 0 0 0 0 2 0 0 0 8 0 0 19 30 9 0 3 28 3 38 19 0 41 0 34 8 10 0 0 0 2 12 24 0 0 10 0 0 0 0 0 0 0 0 0 11 0 15 17 0 0 0 0 0 0 0 0 12 0 0 0 0 0 0 0 0 0 0 0 0 0 3 0 0 0 0 0 0 0 0 0 0 0 15 2 2 1 0 0 2 11 0 0 0 0 0 0 0 0 0 0 0 0 0 0 0 0 0 0 0 13 0 0 0 0 0 0 0 0 
 2 3 22 0 0 0 3 2 0 0 75 0 1 3 3 1 1 0 2 2 46 60 158 118 159 302 26 39 328 51 67 0 37 27 39 122 110 136 103 49 61 0 1 1 103 3 63 70 75 3 0 0 0 62 65 0 2 2 169 94 0 5 3 3 3 0 0 0 0 0 2 0 9 0 4 4 0 3 0 0 13 0 0 1 2 0 0 0 0 0 0 0 0 0 0 6 0 0 0 0 0 0 10 43 41 18 0 0 0 1 0 3 0 13 10 0 0 14 11 2 0 23 0 0 0 0 15 14 9 0 15 0 13 26 23 0 0 7 0 9 0 0 0 0 0 1 0 0 0 0 0 14 0 0 12 0 0 0 0 0 0 0 0 0 0 0 0 0 0 0 2 0 0 0 0 0 0 0 0 0 0 0 15 14 7 1 0 0 0 2 0 34 0 2 0 4 0 0 0 0 18 27 25 0 0 0 0 12 18 0 0 0 18 13 15 0 0 0 6 0 0 0 0 0 0 0 0 0 0 0 0 0 0 0 0 0 0 0 0 0 0 0 0 0 0 2 0 0 0 1 0 0 0 0 9 0 0 0 2 2 0 2 1 0 0 0 0 0 0 0 0 0 0 0 0 0 0 0 0 0 0 38 0 0 0 0 0 0 0 2 
 0 0 0 1 187 100 0 1 79 78 74 99 0 0 2 80 35 152 0 2 182 52 39 64 74 91 153 76 180 145 105 37 0 234 83 63 44 60 115 82 0 3 4 5 0 0 0 5 6 3 0 0 2 2 3 2 0 0 3 0 0 0 8 5 8 0 0 6 0 0 4 2 40 0 0 0 2 6 0 0 0 0 10 0 26 26 0 12 10 23 3 0 0 0 0 16 0 15 0 0 21 13 28 0 0 0 43 0 17 1 0 13 7 19 21 26 0 0 4 9 0 0 0 13 0 0 0 0 0 0 0 0 0 0 0 0 15 0 0 0 8 0 0 0 0 0 0 0 0 0 0 0 10 0 0 0 0 0 0 0 0 0 0 39 8 35 0 4 0 0 19 28 0 0 21 13 7 3 0 0 2 1 0 13 17 0 7 25 11 14 1 37 0 24 0 16 1 41 74 0 0 2 0 1 0 0 0 0 0 0 0 0 0 0 2 0 0 0 0 0 0 27 0 0 0 0 0 0 0 0 0 0 0 0 0 0 0 0 0 0 0 0 0 0 0 0 0 0 1 0 10 0 0 0 5 0 0 0 0 0 0 0 0 0 0 0 0 0 0 0 0 0 2 0 0 0 10 0 0 0 0 0 0 0 0 0 0 0 0 0 
 0 0 0 150 78 1 0 0 0 0 74 76 0 203 0 75 7 0 0 0 58 209 64 464 357 73 134 278 401 226 183 27 234 0 396 46 263 74 113 160 0 68 0 0 0 0 0 0 0 6 0 0 0 0 0 0 0 0 63 0 0 0 3 3 3 0 0 0 0 0 44 0 1 0 0 3 0 0 0 0 0 0 0 0 67 0 1 0 0 0 8 48 0 0 0 0 0 0 0 0 23 10 18 0 0 0 0 17 0 18 0 0 0 16 0 22 23 1 13 0 5 0 0 0 0 0 0 0 0 0 0 0 1 0 0 0 0 0 17 10 5 0 0 0 0 0 0 0 0 0 0 0 6 0 0 0 0 0 0 0 0 0 0 16 0 21 15 0 0 0 13 10 0 0 0 0 3 0 0 0 10 9 0 0 45 0 11 4 22 12 0 0 0 0 0 21 13 12 33 0 0 0 0 14 0 0 39 0 0 0 0 0 0 0 0 0 0 0 12 8 0 0 0 0 0 1 0 0 0 0 0 0 0 0 7 0 0 0 0 0 0 0 0 0 0 0 0 0 0 0 0 0 0 0 7 2 0 77 0 0 2 0 15 0 0 0 0 0 0 0 0 0 0 0 0 0 0 0 0 0 0 0 0 0 0 19 0 0 0 0 
 0 0 0 3 147 60 0 0 0 0 1 63 0 2 0 3 0 4 2 0 280 439 85 132 113 54 123 368 112 237 268 39 83 396 0 159 52 320 170 66 1 0 0 1 1 2 0 0 1 3 0 1 2 0 0 1 0 2 67 1 0 0 12 3 3 0 0 0 0 0 0 29 0 0 1 0 0 3 0 0 0 0 0 0 9 10 0 1 0 0 0 0 0 0 0 0 0 0 0 0 10 0 16 20 0 0 9 14 14 11 18 6 0 26 39 19 13 22 8 0 0 0 0 0 0 0 0 0 0 0 0 0 0 0 0 12 0 0 8 10 0 0 0 0 0 0 0 0 0 0 0 0 0 0 0 11 0 0 0 0 0 0 0 8 0 0 1 0 0 0 0 0 0 0 0 0 4 0 0 0 28 12 23 12 22 6 25 29 58 0 13 15 13 1 0 21 24 27 9 0 0 0 0 1 2 0 14 0 0 0 0 0 0 0 1 0 0 0 0 8 0 0 0 0 0 0 0 0 2 0 0 0 0 0 0 0 0 0 0 0 0 0 0 0 0 0 0 0 0 0 0 0 0 0 10 0 0 150 0 0 3 11 0 0 0 0 0 0 0 0 0 0 0 0 0 0 2 0 0 12 0 13 0 0 0 0 0 0 0 0 
 0 0 0 0 1 0 0 0 0 0 0 0 1 2 2 2 0 2 0 0 409 155 398 213 165 298 282 143 151 100 164 122 63 46 159 0 163 157 51 130 0 0 1 9 3 0 0 1 0 5 0 2 3 2 1 4 0 0 69 0 0 0 3 3 5 0 0 0 0 0 0 46 3 0 4 0 0 3 0 1 0 0 0 0 12 0 0 0 0 0 0 2 0 0 0 0 0 0 0 0 0 14 32 18 16 16 0 12 21 37 0 7 12 26 9 0 59 29 0 0 5 0 0 0 0 0 0 11 0 0 0 0 33 0 5 0 0 0 0 11 0 9 0 0 0 0 0 0 0 0 0 1 0 25 0 0 0 0 0 17 0 0 0 0 0 0 0 0 0 0 0 2 0 0 0 2 0 0 0 0 11 34 15 51 0 45 11 0 0 21 13 31 12 17 21 20 19 47 9 15 0 0 0 0 0 0 19 9 0 0 0 0 1 0 0 0 0 2 0 0 7 0 0 0 0 2 0 3 0 0 0 0 0 0 0 0 0 0 0 0 0 0 0 0 0 0 0 0 0 0 0 0 0 0 7 1 0 153 77 2 0 2 0 0 0 0 0 0 0 0 0 0 0 0 0 0 0 0 0 0 0 3 0 0 0 0 21 0 0 0 
 0 1 0 0 74 0 0 0 0 0 2 0 0 0 0 0 2 0 0 2 254 121 122 358 56 80 39 37 169 134 153 110 44 263 52 163 0 370 334 39 0 2 1 0 0 0 64 0 25 3 0 1 65 71 62 1 0 0 64 0 0 0 3 3 3 0 0 0 0 0 0 0 0 0 1 0 0 3 0 0 1 2 0 1 13 9 0 0 0 0 0 0 0 0 0 0 0 0 0 0 9 0 10 49 56 14 0 0 15 11 15 4 24 14 40 15 18 28 0 2 0 1 8 0 0 9 0 9 0 0 11 0 9 10 0 0 0 0 0 21 0 0 0 0 0 0 0 0 0 0 0 0 0 0 0 0 0 0 0 6 0 0 0 0 0 0 0 8 0 0 1 0 0 0 0 0 0 0 0 0 0 0 16 13 60 0 0 14 16 5 4 14 0 1 4 9 0 9 0 0 0 0 0 0 0 0 14 17 0 0 0 0 7 0 9 0 0 0 13 0 0 0 0 2 0 0 0 0 0 0 2 0 0 0 0 0 0 0 0 0 0 0 0 0 0 2 0 0 0 0 0 0 0 0 3 0 3 0 2 2 6 1 0 0 0 0 0 0 0 0 0 0 0 0 0 0 0 0 0 0 0 21 0 0 0 0 0 0 0 0 
 0 0 0 0 0 0 3 0 2 0 0 0 0 3 0 5 3 0 0 2 279 116 115 183 196 71 93 45 209 47 214 136 60 74 320 157 370 0 235 110 0 3 4 3 0 3 0 0 0 5 0 28 1 0 0 0 0 0 0 3 0 2 7 3 3 0 0 0 0 0 1 0 2 0 0 3 0 3 0 3 0 0 0 0 0 0 0 11 0 0 0 0 0 0 0 0 0 0 0 0 40 4 51 23 3 0 37 10 12 17 37 22 9 46 0 0 13 9 0 9 0 0 0 0 0 0 0 9 0 0 0 0 5 0 0 0 0 0 72 12 0 7 0 0 0 0 0 0 0 0 0 0 0 0 0 0 0 0 0 0 1 0 0 0 0 17 0 0 0 0 0 0 0 15 0 17 0 0 0 0 11 7 0 39 6 36 12 11 1 46 9 83 0 62 8 84 10 33 13 13 0 0 0 0 0 0 12 0 0 12 0 0 0 0 0 0 0 0 16 0 0 0 0 0 0 0 0 0 0 0 0 0 0 0 0 0 0 0 0 0 0 0 0 0 0 0 0 0 0 0 0 0 0 0 3 0 0 108 73 3 3 0 0 0 0 0 0 0 0 0 0 0 0 0 0 0 0 0 0 1 0 4 0 0 0 13 0 0 0 0 
 0 1 76 2 79 141 1 0 0 2 1 1 1 79 3 77 26 0 1 4 43 394 179 155 74 50 135 162 481 341 120 103 115 113 170 51 334 235 0 209 0 0 0 0 0 0 3 0 0 3 0 0 0 0 0 0 0 0 0 0 0 0 3 7 3 0 0 0 0 0 0 0 3 0 0 0 0 3 0 3 0 0 0 0 13 8 0 0 0 0 0 0 0 0 0 0 9 3 0 0 0 0 8 1 0 19 24 22 10 50 55 6 32 52 29 41 36 15 10 0 0 2 0 0 0 0 0 0 0 0 0 0 0 0 0 0 0 0 0 0 0 0 0 0 0 0 0 0 0 0 0 0 0 0 0 0 0 0 0 0 0 0 10 5 0 0 0 13 2 0 16 0 0 0 0 0 0 0 0 0 0 28 16 17 0 2 41 21 13 2 45 1 26 0 10 0 22 9 0 11 2 0 0 0 0 0 0 0 1 0 0 0 0 12 0 2 0 0 0 0 0 0 0 0 0 0 0 17 0 0 0 0 0 0 0 0 1 0 0 0 0 0 11 0 0 0 0 0 0 0 0 0 1 0 11 2 0 2 0 0 16 11 0 0 0 0 0 0 0 0 0 0 0 0 0 0 0 0 0 0 0 21 0 0 0 0 0 0 0 0 
 0 1 0 0 152 149 0 0 0 0 75 90 2 2 3 0 0 4 0 0 568 114 38 132 66 55 128 131 83 167 152 49 82 160 66 130 39 110 209 0 0 0 0 0 0 0 0 0 0 3 0 0 2 0 0 0 0 0 0 0 0 0 3 3 3 0 0 0 0 0 0 34 3 0 0 0 0 3 0 0 0 0 0 0 22 11 0 0 0 0 13 12 0 0 0 0 0 0 0 11 32 26 9 1 3 0 22 47 39 10 30 9 0 0 57 17 1 0 11 1 0 0 0 0 0 0 0 2 0 0 0 0 1 0 0 0 0 0 10 0 0 0 0 0 0 0 0 0 0 0 0 2 1 0 0 0 0 0 0 0 0 0 0 0 20 0 1 0 0 0 0 29 0 0 0 0 7 11 0 0 24 22 0 0 11 0 0 24 10 3 49 5 12 23 38 24 16 12 9 29 0 0 0 0 0 0 0 0 0 0 0 0 0 0 0 0 0 2 0 0 0 0 0 0 0 1 0 1 0 0 0 0 0 0 0 0 0 0 0 0 0 0 8 0 0 0 0 0 0 0 0 0 0 0 12 0 0 2 0 0 2 14 0 0 0 0 0 0 0 0 0 0 0 0 0 0 0 0 0 0 0 14 0 0 0 0 0 0 0 0 
 0 0 0 0 0 0 0 0 0 0 3 0 0 0 0 2 0 0 0 0 0 0 0 0 1 47 0 0 0 0 0 61 0 0 1 0 0 0 0 0 0 79 103 323 46 236 133 98 73 44 103 99 111 56 96 253 274 40 50 75 0 2 1 0 0 2 0 4 0 0 0 5 3 0 11 0 4 0 1 0 0 0 0 0 0 0 0 0 0 0 0 0 0 0 0 0 0 15 0 0 0 0 0 0 0 0 0 0 0 0 18 0 0 0 0 0 0 34 0 0 20 22 33 12 46 1 14 8 3 4 2 19 0 0 20 30 30 29 0 0 0 0 0 0 0 0 0 5 0 1 7 0 0 8 2 3 0 0 4 0 0 6 0 0 0 0 0 0 9 0 0 0 0 0 0 0 0 0 0 0 0 0 0 0 0 34 0 0 0 0 0 41 0 0 0 0 0 0 0 0 48 37 0 3 0 3 0 0 8 23 30 0 28 27 0 12 53 2 0 4 0 0 0 0 0 4 0 0 0 0 0 0 13 0 0 0 0 0 8 0 0 0 0 0 0 0 0 0 0 0 0 12 0 0 0 0 0 0 0 8 1 0 0 66 0 1 13 0 1 0 0 0 0 0 0 0 0 0 0 0 0 0 5 0 7 0 0 0 2 0 
 0 0 0 0 57 0 0 0 0 0 0 0 0 6 0 0 0 0 0 0 0 0 0 0 0 0 1 0 0 0 0 0 3 68 0 0 2 3 0 0 79 0 161 144 499 35 83 387 33 253 112 229 163 82 391 337 49 267 45 59 6 4 0 0 10 0 0 0 0 5 0 0 5 17 0 0 0 24 9 0 0 0 0 0 0 0 0 0 0 0 0 0 0 0 0 0 0 0 0 0 0 0 0 10 0 0 0 0 0 0 0 0 0 0 0 0 0 0 0 0 0 0 0 20 0 21 16 0 0 30 9 0 0 15 0 0 22 43 0 0 10 0 0 0 5 7 20 0 6 5 0 0 10 0 0 0 0 0 14 31 0 0 0 10 0 0 0 0 0 0 0 0 0 0 0 0 0 0 0 0 0 0 0 0 0 0 0 0 0 0 0 0 13 0 0 0 0 0 0 0 0 7 0 18 21 11 0 15 16 10 9 23 0 11 0 10 52 7 0 10 0 0 0 0 0 0 0 0 0 19 0 20 13 0 10 0 0 0 24 4 0 0 1 0 0 0 0 0 0 0 0 12 0 0 0 0 0 0 0 0 0 0 0 70 1 5 1 6 0 0 0 0 0 0 0 15 0 0 0 0 0 0 0 0 11 0 0 0 2 6 
 3 2 3 4 2 2 3 3 3 2 3 2 2 2 2 5 5 3 2 2 0 0 2 0 0 0 0 0 0 1 0 1 4 0 0 1 1 4 0 0 103 161 0 151 67 48 295 99 112 150 65 272 59 87 48 601 102 121 269 42 205 0 0 0 0 0 205 0 3 4 0 0 50 51 0 0 0 0 1 50 0 0 0 0 0 0 0 22 0 0 0 0 0 0 0 0 0 0 1 0 0 0 0 0 0 0 0 0 0 0 0 0 0 0 0 0 0 0 0 0 0 0 12 0 42 0 0 0 3 13 0 24 0 0 16 9 34 44 2 0 19 0 0 0 0 0 15 23 0 1 0 0 2 0 0 19 0 7 41 15 0 6 0 0 0 0 0 0 0 0 0 0 0 0 0 3 0 0 0 0 0 0 0 0 0 0 0 0 0 0 0 0 1 0 0 0 4 0 0 0 11 0 0 8 0 0 0 0 34 0 38 23 0 16 0 7 0 7 0 0 25 0 0 0 0 0 3 9 0 0 0 0 0 0 0 1 0 0 16 28 0 0 0 0 0 0 0 0 0 0 0 11 0 2 0 0 0 0 0 10 0 0 66 65 0 1 2 0 2 0 21 0 0 0 0 0 0 0 0 0 0 0 0 0 0 13 0 15 0 0 
 3 3 3 16 3 3 3 3 3 3 3 3 4 7 4 3 3 3 3 3 0 0 0 0 0 2 1 0 0 0 3 1 5 0 1 9 0 3 0 0 323 144 151 0 348 228 79 94 275 99 238 62 64 79 268 126 122 131 112 53 25 0 0 0 3 0 0 46 2 3 2 3 65 1 22 6 0 0 54 59 0 0 0 0 0 0 0 0 0 0 0 0 0 0 0 0 0 0 0 0 0 0 0 0 0 0 0 0 0 0 0 0 0 0 0 0 0 0 0 0 8 0 39 0 30 1 18 0 0 1 19 10 0 0 0 0 1 0 0 0 6 0 16 0 0 0 1 35 0 1 27 0 14 7 0 12 10 16 0 6 0 0 0 1 0 0 0 0 0 14 0 0 0 0 0 0 0 0 0 0 0 0 0 16 0 0 0 0 0 0 0 0 0 0 0 0 0 0 0 0 0 18 9 18 21 9 0 0 11 19 0 0 0 0 0 2 6 9 0 1 23 8 0 7 0 0 6 35 0 0 20 0 0 42 0 0 2 10 9 3 0 0 0 0 0 16 0 0 0 0 0 10 0 0 0 2 0 0 0 10 0 0 2 0 0 3 12 0 2 0 0 0 0 0 0 0 0 0 0 0 0 0 0 0 0 12 0 15 1 0 
 0 0 0 0 0 0 0 0 0 34 0 0 0 0 0 3 0 0 0 0 0 0 3 0 0 0 1 0 97 4 0 103 0 0 1 3 0 0 0 0 46 499 67 348 0 199 48 64 90 97 115 78 54 71 103 207 314 82 302 82 0 0 0 11 4 6 25 4 0 214 219 1 0 46 0 0 0 4 50 49 0 0 0 0 0 0 0 0 0 0 0 0 0 0 0 0 0 0 0 0 0 0 0 0 0 12 0 0 0 0 0 0 0 0 0 0 0 0 0 0 0 0 0 0 21 0 0 0 3 11 0 6 0 0 9 0 11 18 0 0 2 11 25 0 6 0 11 1 8 5 0 0 9 1 0 0 21 14 6 0 0 22 0 0 0 0 0 0 0 0 0 0 0 0 0 0 0 0 0 0 0 0 0 0 0 0 0 0 0 0 0 0 0 0 0 0 0 0 0 0 9 0 1 0 0 5 0 1 6 0 18 0 0 9 1 2 0 1 1 0 18 25 7 1 0 0 14 16 0 6 12 10 0 19 25 1 0 0 24 19 0 0 0 0 0 0 0 0 0 0 0 12 0 0 0 0 1 0 0 8 0 0 67 64 0 4 0 2 2 0 0 0 0 0 0 1 0 0 0 0 0 0 0 0 0 0 0 0 1 0 
 0 0 0 0 0 0 0 0 0 3 0 0 0 2 0 0 0 0 0 0 0 0 1 0 0 0 0 0 0 0 0 3 0 0 2 0 0 3 0 0 236 35 48 228 199 0 55 113 72 71 155 259 32 35 271 65 137 61 290 52 0 47 101 0 0 0 101 1 45 0 50 0 54 1 47 101 51 48 50 0 0 0 0 0 0 0 0 0 0 0 0 0 0 0 0 0 0 0 0 0 0 22 0 0 0 0 0 0 0 0 0 0 0 0 0 0 0 0 0 0 0 0 0 4 1 62 20 0 0 0 0 0 0 0 0 7 0 0 0 0 18 3 15 10 10 0 1 0 15 0 0 0 0 0 0 0 26 9 10 0 0 0 0 0 0 0 0 0 0 0 0 0 1 0 0 0 9 0 1 0 0 0 0 0 0 0 0 0 0 0 0 13 0 9 0 0 0 0 0 0 0 0 0 0 10 26 0 0 10 0 0 12 0 0 6 0 0 7 17 0 0 17 20 21 0 0 19 7 38 11 0 8 38 0 14 0 18 9 0 7 0 0 0 0 0 0 0 0 0 0 0 16 0 0 0 0 0 0 0 0 0 0 0 4 20 2 1 0 1 20 0 0 0 0 0 0 0 0 0 0 0 0 0 0 0 0 0 0 2 10 
 0 0 0 0 0 0 0 0 0 0 0 0 0 0 0 0 0 0 0 0 0 1 103 77 71 93 0 0 0 0 0 63 0 0 0 0 64 0 3 0 133 83 295 79 48 55 0 68 172 24 53 30 73 75 105 111 85 32 47 409 0 15 3 0 0 0 0 0 5 0 0 0 4 0 0 0 0 0 5 3 0 0 0 0 0 0 0 0 0 0 0 0 0 0 0 0 0 0 0 0 0 0 0 12 1 11 0 0 0 11 0 0 0 0 0 0 1 0 0 0 10 27 10 14 19 0 0 39 32 0 14 0 9 8 9 0 12 15 2 33 0 0 0 0 0 0 0 0 0 0 0 0 0 0 0 0 0 0 0 20 0 7 0 0 0 0 0 0 0 0 0 0 0 0 0 0 0 0 0 0 21 0 0 9 21 22 0 0 0 0 0 0 0 0 7 0 0 0 0 0 29 35 18 0 0 5 16 7 21 2 16 0 32 32 35 0 0 0 18 20 0 0 0 0 0 0 0 0 0 0 0 10 1 0 0 5 0 0 10 0 0 0 0 0 0 0 0 0 0 0 0 8 0 2 0 0 0 0 2 30 0 0 14 85 0 2 0 10 0 0 0 0 0 0 0 0 0 0 0 0 0 0 0 0 12 0 0 0 0 0 
 0 0 0 0 0 0 0 0 0 3 0 0 0 2 0 0 2 0 0 0 0 0 0 0 62 14 0 0 0 1 0 70 5 0 0 1 0 0 0 0 98 387 99 94 64 113 68 0 210 110 42 101 126 158 58 111 34 45 348 127 2 1 0 0 0 0 0 3 0 0 0 0 3 50 0 0 0 0 44 0 0 0 0 0 0 0 0 0 0 0 0 0 0 0 0 0 0 0 0 0 0 0 0 0 0 6 0 0 0 0 0 0 0 19 0 0 0 0 0 0 0 6 0 21 0 9 4 0 11 4 0 0 0 18 22 0 10 1 0 0 1 0 0 0 0 0 0 0 0 60 0 7 0 0 0 0 0 0 31 18 0 0 0 4 0 0 0 0 0 0 0 0 0 0 0 0 0 0 0 0 0 0 0 0 0 1 0 0 0 0 0 0 0 0 0 0 0 0 0 0 24 0 10 14 11 8 0 11 62 19 25 20 0 20 11 16 11 8 10 3 0 1 0 0 0 0 0 7 0 0 0 0 9 0 20 0 0 0 17 10 0 0 0 0 0 0 0 0 0 0 0 23 0 0 0 0 0 0 0 1 0 0 0 65 72 10 0 4 0 0 0 0 0 0 0 0 0 0 0 0 0 0 0 0 0 0 0 0 1 0 
 0 0 0 0 1 0 0 0 0 0 0 0 0 0 0 0 0 0 0 0 0 0 9 6 91 62 0 0 0 3 0 75 6 0 1 0 25 0 0 0 73 33 112 275 90 72 172 210 0 61 99 29 87 340 163 184 103 34 119 124 0 0 0 0 0 0 0 0 0 0 0 0 5 0 0 0 0 0 1 0 0 0 0 0 0 0 0 0 0 0 0 0 0 0 0 0 0 0 0 0 0 0 0 0 15 2 0 0 0 0 0 6 0 0 0 0 0 34 0 0 0 31 0 7 11 0 0 6 46 0 24 0 6 11 17 7 11 18 0 6 0 0 0 0 0 0 0 0 0 1 0 4 0 0 0 0 0 0 10 2 0 5 0 5 0 0 0 0 0 0 0 0 0 0 0 0 0 0 0 0 0 0 5 0 0 12 0 0 0 0 0 5 0 0 0 6 0 0 0 0 39 0 0 0 18 9 0 0 16 9 10 10 26 15 25 1 0 7 1 10 0 0 0 0 0 0 0 0 0 0 0 0 21 0 0 0 0 0 14 1 0 0 0 0 0 0 0 0 0 0 0 12 0 1 0 0 0 0 0 27 0 0 0 67 22 1 0 0 0 0 0 0 0 0 0 0 0 0 0 0 0 8 0 0 9 0 0 0 0 0 
 3 3 3 4 3 3 3 3 3 3 3 3 3 3 4 71 6 3 3 6 3 3 3 3 3 3 98 3 4 3 3 3 3 6 3 5 3 5 3 3 44 253 150 99 97 71 24 110 61 0 71 214 127 151 89 394 160 44 88 100 4 0 0 0 0 0 0 0 0 0 0 0 51 50 0 0 0 0 48 52 0 0 0 0 0 0 0 0 0 0 0 0 0 0 0 0 0 0 0 0 0 0 0 0 0 0 0 0 0 0 0 0 0 14 0 0 0 0 0 0 1 0 1 1 24 5 11 0 0 42 0 0 0 0 0 10 18 24 0 0 4 0 0 0 0 0 23 47 0 13 8 0 11 1 0 0 0 4 14 18 9 0 0 7 0 0 0 19 0 0 0 0 12 0 0 0 0 0 1 4 0 0 0 0 0 0 0 0 9 0 0 0 0 0 0 0 0 0 13 0 0 0 0 21 6 1 0 10 10 19 42 43 0 1 0 25 11 7 0 0 8 0 0 0 0 0 3 10 0 0 0 0 29 0 23 0 0 0 37 10 0 0 7 0 0 0 0 0 0 0 0 17 0 2 0 0 0 0 0 2 0 0 86 74 0 2 3 67 0 0 19 0 0 0 0 0 0 0 0 0 0 0 0 0 0 0 0 12 0 0 
 0 0 0 0 0 0 2 0 0 0 0 0 0 0 0 0 2 0 0 3 0 0 63 0 0 0 0 3 4 0 0 0 0 0 0 0 0 0 0 0 103 112 65 238 115 155 53 42 99 71 0 149 66 127 124 97 241 220 48 131 51 1 0 0 0 0 0 0 0 1 0 0 0 0 0 0 0 0 0 20 0 0 0 0 6 0 0 0 0 0 0 0 0 0 0 0 0 0 0 0 0 0 0 0 0 0 0 0 0 0 0 0 0 0 0 0 0 0 0 0 10 0 20 20 13 0 11 0 0 0 28 14 0 0 0 15 0 0 0 0 0 0 0 0 0 0 0 9 0 0 10 0 10 20 0 25 0 0 0 0 0 0 0 0 0 0 0 0 0 0 0 0 0 0 0 0 0 0 0 0 0 0 0 0 0 0 0 0 0 0 0 0 0 0 0 0 0 0 0 0 0 12 12 20 23 9 0 0 11 19 11 15 0 0 15 0 9 12 0 0 6 15 0 0 0 0 0 0 0 0 0 0 37 6 0 0 0 0 0 0 0 0 8 0 0 0 0 0 0 0 0 9 0 0 0 0 0 0 0 23 0 0 0 0 64 26 3 2 0 0 0 0 0 0 0 0 0 0 0 0 0 0 0 0 0 14 0 0 1 0 
 0 0 8 0 0 0 0 0 0 3 0 0 0 2 0 1 0 0 0 0 0 0 0 4 1 0 0 0 0 1 0 0 0 0 1 2 1 28 0 0 99 229 272 62 78 259 30 101 29 214 149 0 47 42 46 221 339 70 261 61 4 2 0 0 0 0 0 0 0 0 2 3 93 53 0 2 0 0 51 0 0 0 0 0 0 0 0 0 0 0 0 0 0 0 0 0 0 0 0 0 0 0 0 0 0 3 0 0 0 1 0 0 0 0 0 0 0 0 0 0 6 0 10 0 28 19 14 0 4 3 1 9 0 10 0 64 27 19 0 0 25 0 0 0 0 0 13 20 0 10 23 0 5 11 0 0 0 1 15 32 0 0 0 6 0 0 0 0 0 0 0 0 0 7 0 0 0 0 0 0 0 0 0 0 0 0 0 0 0 9 0 0 0 0 0 0 0 0 0 0 1 15 10 19 24 6 0 1 0 6 20 15 0 0 5 20 1 10 6 0 0 0 0 0 0 0 0 10 0 0 0 0 28 17 26 0 0 0 37 20 0 0 1 0 0 57 0 0 0 0 0 19 0 2 0 0 0 0 7 2 0 2 0 1 0 12 2 5 0 0 0 0 0 0 0 0 0 0 0 0 0 3 0 0 0 0 0 15 0 0 
 1 1 1 2 0 0 0 1 2 5 5 2 2 0 2 2 0 0 1 0 2 2 63 70 65 1 29 2 57 0 77 0 2 0 2 3 65 1 0 2 111 163 59 64 54 32 73 126 87 127 66 47 0 75 255 28 58 237 191 44 7 1 2 0 0 0 0 0 0 0 0 0 55 0 0 1 0 0 0 1 0 0 0 0 13 0 0 0 0 0 0 0 0 0 0 0 0 0 0 0 0 0 0 0 11 0 0 0 0 0 11 0 0 0 0 10 0 0 0 0 6 0 9 16 19 31 51 0 1 33 0 0 0 12 0 2 9 0 26 1 1 0 5 0 15 0 0 1 0 0 14 0 0 7 0 0 0 0 0 18 0 0 0 0 0 0 0 0 0 0 0 0 0 0 0 0 0 0 0 0 0 0 0 0 0 0 0 0 0 11 0 0 0 0 0 1 0 1 0 0 1 14 0 32 15 8 1 6 0 0 2 0 0 10 0 23 7 0 0 0 4 0 0 0 0 0 0 7 0 3 8 0 0 2 23 0 0 26 11 2 0 0 0 0 0 0 0 0 0 2 0 0 0 0 0 0 0 0 2 0 0 0 0 0 1 2 8 34 0 0 0 0 0 0 0 0 0 0 0 0 0 0 0 0 0 0 0 0 0 0 
 0 65 0 0 0 0 0 0 0 3 62 64 0 0 0 0 0 0 2 0 0 0 61 4 63 126 0 0 0 0 63 62 2 0 0 2 71 0 0 0 56 82 87 79 71 35 75 158 340 151 127 42 75 0 409 110 31 456 103 123 71 0 0 0 0 0 0 0 0 0 0 0 0 0 0 2 0 0 0 0 0 0 0 0 0 0 0 0 0 0 0 0 21 0 0 0 0 0 0 0 0 0 0 6 20 11 0 0 0 0 21 0 0 0 0 0 0 0 0 0 60 15 9 2 0 21 66 0 31 3 9 0 0 23 10 30 0 0 14 24 0 0 0 0 0 0 0 0 0 0 15 4 0 7 0 0 0 0 0 0 0 0 4 0 0 0 0 0 17 0 0 0 0 0 0 0 0 0 0 0 0 0 0 0 0 0 0 0 0 8 0 0 0 0 0 0 11 0 0 0 9 0 32 3 23 0 0 8 0 0 22 6 0 15 4 20 0 20 1 16 0 0 0 0 0 0 0 0 0 0 0 0 25 18 0 0 0 42 8 0 0 0 7 0 0 0 0 0 0 0 0 11 0 2 64 0 0 0 0 0 0 0 0 0 0 2 4 1 0 0 0 0 0 0 0 0 0 0 0 0 0 0 0 22 8 0 0 19 0 11 
 3 3 3 3 3 3 3 3 3 3 6 3 3 3 3 6 3 3 3 3 0 0 0 0 94 61 0 0 0 0 62 65 3 0 0 1 62 0 0 0 96 391 48 268 103 271 105 58 163 89 124 46 255 409 0 89 113 31 140 153 0 1 0 0 0 0 0 0 0 0 0 0 0 0 0 0 0 0 0 0 0 0 0 0 0 0 0 0 0 0 0 0 0 0 0 0 0 0 0 0 0 0 0 0 19 0 0 0 0 0 7 0 0 0 0 0 0 0 0 0 7 25 8 16 0 0 6 2 31 3 47 11 0 0 11 13 0 13 6 6 0 0 0 0 0 0 0 0 0 0 0 0 0 0 0 0 0 1 0 1 0 0 18 0 0 0 0 0 5 0 0 0 0 1 0 0 0 0 0 0 0 0 0 0 0 10 0 0 0 0 0 0 0 0 0 0 0 0 0 0 26 17 3 0 19 0 0 0 0 21 12 0 20 12 23 20 13 7 0 32 0 0 0 0 0 0 0 0 0 0 0 0 9 0 0 0 0 0 0 0 0 0 0 0 0 0 0 0 0 0 0 2 0 0 0 0 0 0 0 0 0 0 0 0 3 0 1 2 0 0 0 0 0 0 0 0 0 0 0 0 0 0 0 0 36 0 0 0 1 0 
 3 5 3 3 6 3 3 3 3 3 3 3 3 5 4 12 4 3 3 4 0 0 3 0 67 68 0 3 2 0 0 0 2 0 1 4 1 0 0 0 253 337 601 126 207 65 111 111 184 394 97 221 28 110 89 0 197 169 344 82 0 1 0 0 0 0 0 0 0 25 0 0 0 0 0 0 0 0 53 0 0 0 0 0 0 0 0 0 0 0 0 0 0 0 0 0 0 0 0 0 0 0 0 0 0 0 0 0 0 0 0 0 0 0 0 0 0 0 0 0 10 7 27 0 9 0 0 20 21 0 12 24 9 1 1 0 15 0 5 0 0 0 0 0 0 0 0 0 0 19 0 0 0 0 0 0 0 0 39 0 0 2 0 5 0 0 0 0 0 0 0 0 0 0 0 0 0 0 0 0 0 0 0 9 0 22 0 0 0 0 0 0 0 0 0 0 0 0 0 0 70 55 6 0 12 0 5 4 16 0 16 1 22 39 0 0 0 0 5 31 0 1 0 0 0 0 0 1 0 0 0 0 1 0 20 0 0 0 2 21 0 0 0 0 0 0 0 0 0 0 0 18 0 0 0 0 0 0 0 22 0 0 0 34 0 18 1 0 4 0 0 0 0 0 0 0 0 0 0 0 0 0 0 0 11 23 0 0 1 0 
 5 3 3 62 3 3 3 3 3 3 3 3 3 8 3 3 3 3 3 3 0 0 0 0 0 0 0 0 0 0 0 2 0 0 0 0 0 0 0 0 274 49 102 122 314 137 85 34 103 160 241 339 58 31 113 197 0 165 42 102 2 2 0 0 0 3 0 0 0 0 0 5 0 0 0 0 0 0 1 53 0 0 0 0 0 0 0 0 0 0 0 0 0 0 0 0 0 0 0 0 0 0 0 0 0 0 0 0 0 0 0 0 0 0 0 0 0 0 0 0 0 3 0 22 11 9 6 0 10 14 12 0 0 7 6 19 28 22 0 0 0 0 0 0 0 0 0 9 0 1 0 0 0 0 0 0 0 4 1 13 0 7 0 9 0 0 0 0 63 8 0 0 0 0 0 0 0 0 0 0 0 0 0 0 0 0 0 0 0 0 0 0 0 0 0 0 0 0 0 0 10 0 0 4 21 11 0 12 7 10 29 28 0 20 12 20 12 7 0 0 8 1 0 0 0 3 3 0 0 0 0 0 8 0 0 0 0 0 39 0 0 0 0 0 0 0 0 0 0 0 0 7 1 0 0 0 0 0 0 19 0 0 73 66 63 0 0 12 0 0 19 0 0 0 0 0 0 0 0 0 0 0 0 0 0 35 0 0 2 0 
 0 0 0 0 2 0 0 55 0 0 0 0 0 5 0 9 0 0 1 0 0 0 3 0 0 0 0 0 0 2 0 2 0 0 2 0 0 0 0 0 40 267 121 131 82 61 32 45 34 44 220 70 237 456 31 169 165 0 53 44 0 2 0 0 0 0 0 3 0 5 2 0 3 18 1 0 0 1 0 51 0 0 0 0 0 0 0 0 0 16 0 0 0 0 0 0 0 0 0 0 0 0 0 0 0 0 0 0 0 0 0 0 0 0 0 0 0 0 0 0 0 0 9 1 20 5 0 0 0 1 7 70 0 0 20 11 0 16 0 0 0 0 0 10 11 0 1 1 0 17 15 0 24 0 0 1 3 0 12 0 0 5 0 0 0 0 0 0 0 0 0 0 0 0 0 0 0 0 0 0 0 0 0 0 0 9 0 0 0 0 0 0 0 0 0 0 0 0 0 0 11 0 11 0 41 2 0 9 13 4 16 1 0 0 9 15 10 11 9 9 6 3 0 0 0 0 0 0 3 0 0 0 17 20 0 3 0 0 10 1 0 0 0 0 0 0 0 0 1 0 0 7 0 6 0 0 0 0 0 20 0 0 65 0 2 3 0 0 0 0 0 0 0 0 0 0 0 0 0 0 0 0 0 0 6 21 0 0 2 0 
 0 0 62 0 2 0 0 0 0 2 0 0 0 0 0 6 0 0 0 0 0 0 122 22 58 81 0 18 127 2 66 169 3 63 67 69 64 0 0 0 50 45 269 112 302 290 47 348 119 88 48 261 191 103 140 344 42 53 0 170 0 5 2 0 0 2 0 6 0 0 201 0 6 13 5 0 0 0 0 0 0 0 0 0 0 0 0 0 0 0 0 0 0 0 0 0 0 0 0 0 0 0 0 6 9 12 0 0 0 1 8 15 0 0 0 1 9 10 0 0 0 11 38 0 0 0 14 6 15 0 10 0 10 23 29 0 0 0 11 11 0 0 0 0 0 0 0 0 0 0 0 14 0 0 0 0 0 16 0 0 0 0 2 0 0 0 0 0 0 0 0 0 0 1 0 0 0 0 0 0 0 0 0 0 9 0 0 0 0 17 0 10 0 0 0 9 0 0 0 0 13 7 14 0 16 0 7 8 27 0 0 0 0 6 0 0 6 0 0 16 0 0 0 0 0 0 0 0 0 0 0 0 0 0 0 0 0 0 0 5 0 0 0 0 0 0 0 0 0 0 0 4 0 0 0 0 0 57 0 2 0 0 3 0 0 3 0 0 0 0 0 0 0 0 0 0 0 0 0 0 0 0 0 0 12 0 0 0 0 0 
 1 0 1 1 3 0 1 1 2 0 1 0 0 0 0 6 0 1 0 0 0 65 1 0 17 81 0 0 0 3 1 94 0 0 1 0 0 3 0 0 75 59 42 53 82 52 409 127 124 100 131 61 44 123 153 82 102 44 170 0 2 3 3 2 2 1 2 0 0 0 0 0 5 17 34 0 0 0 0 0 0 0 0 0 0 0 0 0 0 0 0 0 0 0 0 0 0 0 0 0 0 0 0 12 11 1 0 0 0 3 0 16 0 0 0 0 0 0 0 0 0 30 0 2 0 0 0 15 14 1 14 10 1 18 30 7 0 9 0 0 0 0 0 0 0 0 0 0 0 0 0 6 0 6 0 0 1 6 0 2 0 0 0 0 0 0 0 0 0 0 0 0 0 3 0 0 0 0 0 7 0 0 0 0 8 13 0 9 0 0 0 7 0 0 0 0 0 0 0 0 19 12 3 0 10 0 8 0 3 13 10 0 30 0 23 6 25 0 19 0 6 0 5 0 0 0 0 0 0 6 9 0 9 0 4 0 4 0 0 0 0 0 0 0 0 0 0 0 0 0 0 12 0 2 0 0 0 0 0 0 0 0 0 0 2 2 0 1 2 0 3 0 0 49 0 0 0 0 0 0 0 0 0 0 6 0 0 0 0 0 
 0 0 0 0 0 0 0 0 0 3 0 0 0 0 0 0 0 0 0 0 0 0 0 0 0 0 0 0 0 0 0 0 0 0 0 0 0 0 0 0 0 6 205 25 0 0 0 2 0 4 51 4 7 71 0 0 2 0 0 2 0 96 121 55 42 44 68 148 167 66 82 50 256 39 65 46 493 101 102 395 0 2 0 0 0 0 0 0 0 0 0 0 0 0 0 0 0 0 0 0 0 0 0 0 0 0 0 0 0 0 0 0 0 0 0 0 0 0 0 0 0 0 0 2 0 5 5 0 0 5 8 0 1 2 0 2 11 0 0 0 0 20 26 0 0 0 0 9 0 20 5 0 9 17 7 22 0 9 0 1 0 0 0 0 0 0 0 0 0 0 0 0 0 0 0 0 0 0 0 0 1 18 1 2 1 0 1 2 1 0 2 1 1 1 2 1 2 2 1 1 0 0 0 18 3 1 0 8 0 0 4 6 0 0 0 3 5 0 0 0 20 31 29 14 0 2 24 34 19 83 7 0 9 11 1 23 21 20 5 4 11 0 5 0 0 0 0 0 0 2 0 0 0 0 6 0 21 0 0 0 0 0 0 76 0 0 12 3 0 0 11 0 0 2 2 0 0 0 0 0 0 0 0 0 0 1 0 23 0 0 
