 0 190 117 76 47 31 295 62 40 353 132 133 277 131 37 40 152 220 316 46 0 4 0 2 2 0 2 2 0 0 0 0 0 3 1 2 0 0 2 3 0 0 0 0 0 0 3 0 0 2 0 0 3 0 0 0 3 3 85 0 0 0 0 4 3 0 2 0 39 0 0 0 0 3 0 0 0 0 0 0 14 10 26 16 2 0 13 35 59 2 1 0 71 0 38 15 14 38 0 12 0 0 0 0 0 0 0 0 0 0 0 0 0 17 0 0 0 0 12 0 0 0 0 1 0 0 0 0 0 0 0 0 0 0 0 0 1 0 0 0 0 0 0 0 0 0 0 0 0 0 2 0 0 0 0 2 0 0 0 0 0 22 32 7 0 13 0 0 8 14 10 7 12 15 0 0 0 11 9 0 0 0 0 0 2 0 0 0 0 0 0 0 0 26 0 0 0 0 8 17 0 0 0 0 0 0 0 0 0 0 0 0 0 0 0 0 0 0 0 0 0 0 0 0 0 0 1 0 0 0 0 0 0 0 0 0 0 0 0 0 0 0 0 0 0 2 91 0 2 61 0 13 0 0 0 0 0 0 0 0 0 0 0 0 0 0 0 0 0 0 0 0 0 1 0 0 13 0 0 0 0 0 0 0 0 0 0 0 0 0 
 190 0 95 441 133 53 214 269 48 50 192 249 113 350 120 42 337 127 146 258 1 2 0 6 2 0 2 2 0 0 1 0 0 0 1 4 0 0 1 0 0 0 0 1 0 0 3 0 0 5 0 0 3 0 0 0 3 2 3 0 10 0 0 2 3 0 1 0 0 0 0 0 0 3 0 0 0 0 40 0 30 33 0 1 9 11 0 23 14 22 35 24 8 16 21 20 44 27 0 7 0 0 0 0 0 0 0 0 0 0 0 0 44 0 0 0 0 0 9 11 0 0 0 0 0 0 0 0 0 0 0 0 0 19 0 0 0 0 0 0 0 3 0 0 0 0 0 6 0 0 0 0 1 0 0 0 0 1 0 0 0 29 0 36 9 19 2 0 30 2 0 6 0 0 36 20 16 49 16 0 11 2 0 0 0 0 1 0 0 0 0 0 0 0 2 0 0 0 10 11 0 0 0 1 0 0 0 0 0 0 0 0 0 0 0 0 0 0 6 0 0 0 0 13 0 0 0 2 0 0 0 0 0 0 0 0 0 0 0 0 0 13 0 0 0 0 100 0 0 89 0 3 0 0 0 0 0 0 0 0 0 0 1 0 0 0 0 0 0 0 0 0 0 0 0 10 15 6 0 0 0 0 0 0 0 0 0 0 0 0 
 117 95 0 58 50 132 84 137 239 155 28 37 61 156 50 133 29 127 30 42 1 0 75 2 0 0 25 2 0 0 0 0 2 75 1 3 0 1 76 0 0 0 0 1 0 0 3 0 0 5 0 0 3 0 0 0 3 2 3 63 0 0 0 0 3 0 1 0 6 0 43 0 0 3 0 0 0 0 0 0 0 0 1 5 0 31 0 0 19 19 11 0 11 15 0 22 36 25 11 0 0 0 0 0 0 0 7 0 0 0 0 0 10 1 0 1 0 0 0 0 0 0 0 0 0 0 0 0 0 0 3 0 0 0 0 2 0 0 0 0 0 2 0 0 0 0 0 0 0 0 0 0 0 0 0 6 0 0 0 0 0 0 21 40 0 11 10 13 0 13 21 0 0 14 0 5 0 0 14 0 14 13 0 0 0 0 14 0 0 0 0 2 31 3 0 0 0 0 0 0 0 0 0 0 0 0 0 18 2 0 0 0 2 0 0 0 0 0 0 0 0 0 0 0 0 0 0 0 1 0 0 0 0 0 0 0 0 13 0 0 0 0 0 0 0 0 90 0 103 43 1 18 0 0 0 0 0 0 0 0 2 0 0 0 0 0 0 0 0 0 0 0 0 0 0 0 18 1 0 0 0 0 0 0 0 0 0 0 0 0 
 76 441 58 0 260 123 309 58 90 392 361 444 260 136 48 48 52 236 115 49 80 74 0 2 0 1 32 79 0 0 2 0 0 160 77 3 1 0 148 75 0 0 0 0 24 0 2 0 0 2 0 0 3 0 65 0 3 2 3 0 0 0 0 3 3 0 0 0 0 0 0 0 0 3 0 0 0 0 47 0 28 2 38 15 41 0 0 0 12 37 10 26 1 0 0 20 0 0 0 0 0 0 0 0 0 24 21 4 0 0 0 0 13 14 21 0 6 0 30 43 0 0 0 2 0 0 0 0 0 0 0 0 0 0 0 13 2 0 1 0 0 4 0 0 0 0 0 10 0 0 0 0 0 0 0 0 0 0 0 0 0 12 0 0 0 11 0 0 19 0 0 0 0 0 16 0 0 49 0 0 11 0 13 1 0 0 20 31 17 0 6 0 49 31 0 19 18 0 7 9 0 0 0 0 0 0 0 0 0 0 0 0 0 0 0 0 0 0 0 0 0 0 0 0 2 0 2 0 0 0 0 0 0 0 0 0 1 0 0 0 0 3 0 0 0 0 4 0 0 49 0 7 0 0 0 0 0 0 0 0 20 0 0 0 0 0 0 0 0 0 0 0 0 0 0 9 0 10 0 0 0 0 0 0 0 0 0 0 0 0 
 47 133 50 260 0 169 64 50 187 257 86 142 493 181 87 91 146 353 272 82 291 0 0 2 3 3 6 3 0 1 3 66 62 164 78 3 3 53 159 72 0 0 0 0 3 2 3 0 0 2 0 2 3 0 0 0 2 5 3 0 0 0 0 52 3 2 3 0 0 5 0 3 0 3 0 0 0 0 88 37 0 26 13 0 30 24 0 0 24 2 16 14 0 19 0 5 0 0 0 0 0 0 0 0 16 0 9 16 13 0 0 0 26 0 63 1 12 0 29 43 2 0 0 0 0 0 0 0 0 0 0 0 0 0 0 0 0 6 0 0 0 0 0 0 0 0 0 8 0 0 0 0 0 0 0 0 0 0 0 0 48 20 26 25 27 20 0 21 1 12 10 19 0 0 45 17 26 19 0 0 2 0 13 0 0 0 23 0 0 12 1 0 0 11 0 2 2 0 0 2 0 1 16 1 0 1 0 0 23 0 1 0 0 2 0 0 0 1 0 0 0 0 0 0 0 0 0 0 0 0 0 0 2 0 0 0 0 0 0 0 0 0 0 0 0 0 1 0 2 5 58 13 0 2 0 0 0 0 0 0 13 0 10 0 0 0 0 0 0 0 0 0 0 0 0 15 0 5 0 0 0 0 0 0 0 0 11 0 0 0 
 31 53 132 123 169 0 32 55 48 114 433 251 19 92 47 98 69 123 49 121 80 0 211 41 0 0 24 288 0 0 1 0 431 36 1 10 37 0 20 198 0 0 0 2 37 0 3 6 0 2 0 7 3 0 0 0 2 3 3 63 0 0 0 0 3 6 3 0 0 0 0 0 0 3 0 0 0 0 51 0 0 0 1 8 39 31 0 0 1 51 14 24 0 16 0 0 39 1 0 0 0 12 0 21 0 0 21 10 0 0 0 0 18 0 15 24 10 1 25 11 0 0 0 0 0 0 0 0 0 0 0 0 0 0 10 2 0 0 0 0 0 6 0 0 0 0 0 0 0 0 0 0 0 0 0 0 0 0 0 0 0 0 15 42 35 14 0 0 8 13 34 1 0 0 6 9 10 0 0 1 44 2 10 0 16 0 20 12 0 0 0 2 24 3 16 25 0 0 45 17 0 0 0 0 0 0 0 0 1 0 0 0 2 0 0 0 0 0 0 0 0 0 0 0 0 0 0 0 2 0 10 0 0 0 0 0 0 0 0 0 0 11 0 0 0 2 89 0 3 0 4 14 0 0 0 0 0 0 0 0 15 0 1 0 0 0 0 0 0 0 0 0 0 0 0 0 0 0 0 0 0 0 0 11 0 0 0 0 0 0 
 295 214 84 309 64 32 0 331 158 122 357 58 422 243 146 252 204 28 152 65 1 0 0 2 1 0 4 5 1 0 0 2 0 2 1 4 0 0 2 3 0 4 0 3 0 4 5 0 0 8 4 14 63 59 0 0 3 2 3 0 0 2 0 1 3 0 1 0 0 1 0 0 0 3 2 0 0 0 0 2 15 28 4 9 0 0 0 0 0 0 59 0 28 25 30 21 14 15 33 11 0 2 0 0 0 0 0 0 0 0 0 0 0 0 0 0 0 0 0 0 0 0 0 0 0 0 0 11 0 0 0 0 0 0 0 0 0 2 0 0 0 0 0 0 0 0 0 0 0 0 0 0 0 0 0 2 0 0 1 3 3 19 6 0 2 20 10 32 2 26 42 0 10 24 0 0 3 20 18 0 0 0 0 0 0 5 0 0 0 0 0 1 0 0 0 0 0 0 0 0 0 0 0 0 0 0 0 0 1 0 0 1 0 0 0 0 2 0 0 0 0 0 0 0 0 0 18 0 0 0 0 0 0 0 0 0 0 0 0 0 0 1 0 0 0 0 98 0 3 0 0 7 0 0 0 0 0 0 0 0 0 0 0 0 0 0 0 0 0 0 0 0 0 0 0 0 0 0 0 0 0 0 0 0 0 0 0 0 0 1 
 62 269 137 58 50 55 331 0 167 45 349 148 402 155 169 56 39 296 120 147 6 0 0 2 2 0 4 5 0 0 0 203 0 1 1 3 0 0 65 12 0 0 0 0 0 2 5 0 0 5 2 0 79 61 0 0 3 2 3 0 0 2 0 1 3 0 0 0 0 4 0 0 0 3 2 0 0 0 0 2 19 0 16 12 11 33 12 9 74 9 0 13 16 25 0 20 27 9 0 16 0 0 0 0 1 0 0 0 0 0 10 0 18 0 0 0 0 0 15 0 0 0 0 0 0 0 0 11 0 0 0 0 0 0 0 0 0 0 6 0 0 0 0 0 1 0 0 0 0 0 0 0 0 0 0 1 0 0 0 0 0 0 14 19 21 13 0 0 8 30 10 24 0 14 16 9 13 0 0 0 0 0 0 0 0 0 2 1 0 0 0 0 0 0 0 0 0 0 8 10 0 0 0 0 0 0 0 0 0 0 0 0 0 0 0 0 0 0 9 0 0 0 0 0 0 0 0 0 0 0 0 0 0 0 0 0 0 0 0 0 0 11 0 0 0 1 180 2 89 1 10 9 24 0 0 0 0 0 0 0 0 0 1 0 0 0 0 0 0 0 0 0 0 0 0 15 15 0 0 0 0 0 0 0 0 0 0 0 0 0 
 40 48 239 90 187 48 158 167 0 549 77 43 203 127 104 102 176 127 194 55 2 0 3 5 3 0 2 3 0 0 0 6 2 0 2 3 0 0 2 2 3 0 0 2 0 0 2 0 0 2 0 14 3 0 0 1 5 2 3 0 0 0 0 1 2 0 0 1 0 0 3 0 0 3 0 0 0 2 0 0 13 22 0 0 0 18 15 1 35 13 11 14 0 29 0 29 48 1 17 11 0 0 0 0 0 0 9 0 0 0 0 0 0 20 0 0 0 0 0 0 2 0 0 0 0 0 0 0 0 0 0 0 0 2 0 0 0 23 0 1 0 0 0 0 0 0 0 0 0 0 0 2 0 0 0 0 0 1 0 0 27 6 33 52 0 18 5 48 0 3 38 1 0 0 24 29 7 25 17 0 19 1 0 0 0 0 10 0 0 0 0 0 13 0 0 0 0 0 0 0 0 0 0 0 0 0 0 0 0 0 0 2 0 0 0 0 0 0 0 0 0 0 0 0 0 0 0 0 0 0 0 0 0 0 0 0 0 0 0 1 0 0 0 0 0 3 2 0 3 1 0 11 0 0 0 0 0 0 0 0 0 0 0 0 0 0 0 0 0 0 0 0 0 0 0 0 3 9 0 0 0 0 0 0 0 0 0 0 0 0 
 353 50 155 392 257 114 122 45 549 0 296 68 581 628 330 244 145 53 134 103 1 0 0 52 1 0 92 75 0 0 1 0 149 52 1 3 2 0 12 96 0 0 0 2 0 0 3 0 0 2 0 9 3 0 0 0 10 3 3 0 0 0 0 5 3 0 0 0 0 0 0 0 0 3 0 0 2 0 0 2 0 0 16 27 11 26 0 0 10 18 10 22 0 0 0 33 19 1 0 2 0 0 1 2 0 0 2 20 0 0 0 0 29 17 0 13 14 0 37 30 0 0 0 0 0 0 0 0 0 0 11 0 2 0 0 0 0 0 0 0 0 3 0 0 0 0 0 0 2 0 0 0 0 0 0 0 0 0 0 0 13 14 34 0 1 3 0 16 5 21 23 1 1 14 0 0 0 5 0 0 10 1 0 0 0 0 31 0 0 0 0 0 24 10 0 9 0 0 16 13 0 0 0 0 0 0 0 0 0 0 0 0 0 0 0 1 0 0 0 0 2 0 0 0 0 2 0 0 0 0 0 0 0 0 0 0 0 0 0 0 0 0 0 0 0 2 2 2 2 173 0 16 0 2 0 0 0 0 1 0 10 0 0 0 0 0 1 0 0 0 0 0 0 0 0 0 0 0 0 0 0 0 0 0 0 0 0 0 0 0 
 132 192 28 361 86 433 357 349 77 296 0 286 123 133 161 92 104 189 52 60 2 0 0 80 0 0 77 2 0 0 0 0 2 75 81 4 0 0 149 84 0 0 0 0 0 1 3 0 0 2 0 0 3 0 63 0 2 3 66 0 0 0 0 4 3 0 2 0 40 0 0 0 0 3 0 0 0 0 0 0 21 34 20 23 26 0 0 18 12 48 28 13 0 16 0 48 13 0 0 0 0 0 0 0 0 0 8 12 0 0 0 0 14 2 0 16 12 0 35 27 0 0 0 0 0 0 12 0 0 0 0 0 0 0 0 0 0 0 0 0 0 8 0 0 0 0 0 16 0 0 0 0 2 0 0 0 0 0 0 0 9 15 14 0 5 0 2 22 0 30 1 15 0 11 7 10 0 8 0 0 2 0 0 0 0 0 15 1 13 0 0 0 24 30 2 22 0 0 0 3 0 0 0 0 0 0 0 27 0 0 0 0 0 0 0 0 0 0 0 0 0 0 1 0 0 0 0 1 0 0 0 0 0 0 0 0 0 0 0 0 0 0 0 0 0 1 84 0 4 90 0 4 2 0 0 0 0 0 0 0 16 0 0 0 0 0 0 0 0 0 0 0 0 0 0 13 0 0 0 0 0 0 0 0 0 0 0 0 0 0 
 133 249 37 444 142 251 58 148 43 68 286 0 260 158 129 43 91 338 36 60 25 17 1 39 0 0 117 78 0 1 0 0 74 76 19 79 74 0 28 57 54 0 0 2 2 0 2 0 0 2 0 0 3 0 34 2 5 2 3 0 0 0 0 2 2 2 0 0 0 5 0 0 0 33 0 0 0 0 27 8 10 0 0 8 50 0 0 15 7 39 1 13 0 0 1 13 1 1 0 0 18 24 7 19 0 15 13 10 1 0 0 0 11 68 11 56 10 0 33 34 0 0 0 0 0 0 0 0 0 0 0 0 12 0 0 0 0 0 0 1 0 5 0 0 0 0 2 0 0 0 0 0 0 0 0 1 0 0 0 0 0 13 0 1 0 0 1 7 0 1 0 12 0 0 0 0 0 2 24 0 45 1 9 15 0 0 13 38 17 1 12 0 31 10 0 21 7 0 35 54 0 0 0 0 0 0 0 0 0 0 0 0 0 0 0 0 0 0 0 0 0 0 0 0 0 0 0 0 0 0 0 0 0 0 0 0 0 0 0 0 0 0 0 0 0 2 2 0 0 86 1 12 1 0 0 0 0 0 0 0 21 0 0 0 0 0 0 0 0 0 0 0 0 0 1 2 0 0 0 0 0 0 0 0 0 0 0 0 0 0 
 277 113 61 260 493 19 422 402 203 581 123 260 0 168 408 114 16 449 536 78 1 0 0 2 1 0 2 2 2 0 0 1 1 2 1 77 0 2 0 2 2 0 0 0 0 33 3 0 0 2 0 6 3 0 0 0 3 2 3 0 0 0 0 0 3 0 1 0 0 0 0 0 0 3 0 0 0 0 0 0 0 13 0 11 0 0 28 30 13 0 18 0 6 3 20 18 0 33 15 70 0 0 0 12 0 0 0 0 0 0 0 0 0 0 0 0 0 0 0 0 0 0 0 0 0 0 0 0 0 0 0 0 0 0 0 0 0 0 0 0 0 0 0 0 0 0 0 0 0 0 0 0 0 0 0 0 0 0 0 0 16 0 10 0 0 0 1 29 0 16 19 0 37 28 21 16 0 10 1 19 0 0 0 0 0 0 0 0 0 0 0 0 0 0 0 0 0 0 0 0 0 0 0 0 0 0 0 0 0 0 0 0 0 0 0 0 0 0 0 0 0 0 0 0 0 0 0 0 0 0 0 0 0 0 0 0 0 0 0 0 0 1 0 0 0 0 1 2 1 2 0 2 0 0 0 0 0 0 0 0 0 0 0 0 0 0 0 0 0 0 0 0 0 0 0 0 16 0 0 0 0 0 0 0 0 0 0 0 0 0 
 131 350 156 136 181 92 243 155 127 628 133 158 168 0 134 82 180 215 89 120 2 0 1 2 1 0 2 3 0 0 0 0 0 2 2 5 0 0 0 0 0 0 0 2 0 0 2 0 0 2 0 7 3 0 0 0 3 2 3 0 0 0 0 4 3 0 0 0 0 0 0 0 0 3 0 0 0 0 0 0 23 21 44 31 0 20 1 0 54 20 12 26 0 39 0 66 0 0 0 1 0 0 0 0 0 0 0 0 0 0 0 0 44 20 14 12 0 0 11 0 0 0 0 0 0 0 0 0 0 0 0 0 0 2 0 0 0 0 0 1 0 0 0 0 0 0 0 0 0 0 0 2 0 0 0 0 0 0 0 0 33 19 34 12 4 35 0 62 28 5 10 1 2 9 21 17 25 51 0 0 0 1 0 0 0 0 2 13 0 0 0 0 4 17 1 0 0 0 12 12 0 0 0 0 0 0 0 14 0 0 28 0 0 0 0 0 0 0 0 0 0 0 0 0 0 0 0 1 0 0 0 0 0 0 0 11 0 0 0 0 0 0 0 0 0 1 2 0 57 5 0 15 0 0 0 0 0 0 0 0 0 0 0 0 0 0 0 0 0 0 0 0 0 0 0 0 15 10 0 0 0 0 0 0 0 0 0 0 0 0 
 37 120 50 48 87 47 146 169 104 330 161 129 408 134 0 288 108 125 273 234 76 0 2 3 1 0 2 3 2 0 1 0 0 2 1 2 0 0 0 0 0 0 1 1 3 0 3 0 0 2 0 11 3 0 1 0 5 3 3 0 0 0 0 0 3 0 2 0 35 0 4 0 0 3 0 0 0 0 4 6 20 0 8 0 14 0 2 41 23 12 17 1 25 0 34 67 0 16 0 23 0 0 0 2 0 0 0 0 0 0 0 0 0 0 0 0 0 0 2 0 0 0 28 0 0 0 0 0 0 0 0 0 2 0 0 0 0 0 0 0 0 0 0 0 0 0 5 0 0 0 2 0 0 0 0 0 0 0 0 3 16 5 34 0 0 0 11 17 9 16 18 21 15 0 8 0 3 0 0 10 0 0 0 0 2 0 0 0 0 0 0 0 0 0 0 0 0 0 0 23 0 30 0 0 0 0 0 0 0 0 0 0 0 0 0 0 0 0 0 0 0 0 0 0 0 0 14 0 0 0 0 0 0 0 0 0 0 0 0 0 0 0 0 0 0 0 2 2 0 3 0 14 13 0 0 0 2 0 0 9 0 0 0 0 2 0 0 0 0 0 0 0 0 0 0 16 17 0 0 0 0 0 0 0 0 0 0 0 0 0 
 40 42 133 48 91 98 252 56 102 244 92 43 114 82 288 0 199 35 34 50 0 0 3 5 3 0 41 2 0 0 1 2 0 74 0 6 0 0 76 76 3 0 0 1 0 0 3 0 0 2 0 6 3 0 0 3 2 3 3 0 0 0 0 0 3 0 2 0 0 0 0 0 0 3 0 0 0 2 0 0 15 51 1 9 0 20 0 0 0 13 41 1 12 1 13 21 102 25 5 0 0 0 0 0 0 0 13 0 0 0 8 0 10 0 0 0 0 0 0 0 0 0 0 0 0 0 0 0 0 0 11 0 0 0 0 0 0 0 10 0 0 0 0 0 0 0 0 0 0 0 0 0 2 0 0 13 0 0 0 8 15 16 15 36 0 0 1 19 11 35 36 0 0 20 0 1 0 62 10 0 26 0 0 0 0 0 7 0 0 0 0 0 28 0 0 0 0 2 0 0 0 0 0 0 0 0 0 14 0 0 0 0 0 0 0 0 0 0 0 0 0 2 0 0 0 0 0 15 0 0 0 0 0 32 0 0 0 2 0 0 0 0 0 0 0 0 89 0 0 5 0 7 0 0 2 0 0 0 0 0 0 0 0 0 0 0 0 0 0 1 0 0 0 0 0 0 0 0 0 0 0 0 0 0 0 0 0 0 0 0 
 152 337 29 52 146 69 204 39 176 145 104 91 16 180 108 199 0 147 137 37 2 0 0 4 2 2 2 2 3 0 0 1 3 77 1 3 0 0 0 1 0 0 0 1 0 0 2 2 0 2 0 12 3 0 0 0 3 2 3 0 0 0 3 0 3 0 0 0 31 0 0 0 0 3 0 0 0 0 0 0 7 28 14 1 0 8 11 6 60 0 54 7 11 21 44 10 19 22 24 32 0 0 0 0 0 0 0 0 0 0 0 0 0 0 0 0 0 0 0 1 0 0 0 0 0 0 0 0 0 0 0 0 0 8 0 0 0 0 0 0 0 0 0 0 0 0 0 39 0 0 0 0 0 0 0 0 0 0 0 0 10 32 38 7 0 0 4 25 10 6 42 2 20 17 13 10 21 20 10 0 0 0 0 0 0 0 0 0 0 0 0 0 0 10 0 0 0 0 0 0 0 0 0 0 0 0 0 0 0 0 0 0 0 0 0 0 0 0 1 0 0 0 0 0 0 0 0 0 0 0 0 0 0 0 0 0 0 0 0 0 0 0 0 0 0 2 1 0 1 1 0 12 0 0 36 0 0 0 0 0 0 0 0 0 0 0 0 0 0 0 0 0 0 0 0 2 13 7 0 0 0 0 0 0 0 0 0 0 0 0 
 220 127 127 236 353 123 28 296 127 53 189 338 449 215 125 35 147 0 42 26 1 0 0 2 0 0 2 2 0 0 1 0 77 28 1 3 2 0 74 73 0 0 0 2 0 0 3 0 32 2 0 0 3 0 0 0 3 2 3 0 0 0 0 4 3 0 2 0 0 0 0 0 0 3 0 0 0 0 0 0 24 39 18 1 19 20 2 18 37 28 11 33 0 39 0 31 21 0 0 0 0 1 1 0 0 0 0 9 0 0 0 0 18 6 0 0 9 0 31 10 0 0 0 0 0 0 0 0 0 0 16 0 0 0 0 0 0 0 0 0 0 0 0 0 0 0 0 0 0 0 0 0 0 0 0 0 0 0 2 0 31 53 38 31 5 21 0 65 33 41 30 26 0 0 55 52 59 2 1 0 0 0 0 0 0 0 16 0 0 0 0 0 18 27 0 9 0 0 16 2 0 0 0 0 0 0 0 17 0 0 0 2 0 0 0 0 1 0 0 0 0 0 0 0 0 0 0 0 0 0 0 0 0 3 0 0 0 0 0 0 0 6 0 0 0 5 110 0 0 86 0 20 1 0 0 0 0 0 0 0 0 0 1 0 0 0 0 0 0 0 0 0 0 0 0 0 0 0 0 0 0 0 0 0 0 0 0 0 0 0 
 316 146 30 115 272 49 152 120 194 134 52 36 536 89 273 34 137 42 0 184 1 0 3 2 1 0 2 2 1 2 0 1 0 2 0 2 0 0 0 0 0 0 0 0 0 0 3 0 0 4 0 0 3 0 0 0 2 3 3 0 0 0 0 0 3 0 2 0 4 0 0 0 0 3 0 0 0 0 0 0 18 0 21 0 0 0 45 60 33 0 23 0 16 11 16 0 0 20 23 47 0 0 0 0 0 2 0 0 0 0 0 0 0 0 0 0 0 0 0 0 0 0 0 0 0 0 0 0 0 1 0 0 0 0 0 0 0 0 0 0 0 0 0 0 0 0 4 0 0 0 0 0 0 0 0 0 0 0 0 6 17 9 28 0 0 0 16 17 6 5 0 0 65 36 19 0 11 0 20 4 0 0 0 0 0 16 0 0 0 0 0 0 0 0 0 0 0 0 0 0 0 0 0 0 0 0 0 0 0 0 0 0 0 0 0 0 0 0 0 0 0 0 17 0 0 0 0 0 0 0 0 0 0 1 0 0 0 0 0 0 0 0 0 0 0 0 1 2 0 0 0 7 0 0 0 0 0 0 0 0 0 0 0 0 0 0 0 0 0 0 0 1 0 0 0 1 5 0 0 0 0 0 0 0 0 0 0 0 0 0 
 46 258 42 49 82 121 65 147 55 103 60 60 78 120 234 50 37 26 184 0 2 9 0 2 1 1 2 2 0 0 0 0 1 2 1 3 0 7 0 0 1 0 0 0 0 0 2 4 0 2 0 3 5 0 0 0 5 2 3 2 0 0 6 1 3 0 8 0 2 0 0 0 3 3 0 0 0 0 0 0 23 0 0 0 13 0 65 64 0 11 0 21 0 0 11 0 0 21 12 24 0 0 0 0 0 0 0 0 0 0 0 0 0 0 0 0 0 0 0 0 0 0 1 0 0 0 0 0 0 8 0 0 0 0 0 0 0 0 0 0 0 0 0 0 0 0 0 0 0 0 0 0 0 0 0 1 0 0 0 0 39 2 0 0 0 0 17 0 0 16 0 18 34 28 13 0 14 2 22 0 0 0 0 0 0 0 0 0 0 0 0 0 0 0 0 0 0 0 0 3 0 0 0 0 0 0 0 0 0 0 0 0 0 0 0 0 0 0 1 0 0 0 0 0 0 0 0 0 0 11 0 0 0 0 0 0 4 0 0 0 0 0 0 0 0 0 0 2 1 3 0 12 17 0 0 0 0 0 0 0 0 0 0 0 0 0 0 0 0 0 0 0 0 0 0 29 0 9 0 0 0 0 0 0 0 0 0 0 0 0 
 0 1 1 80 291 80 1 6 2 1 2 25 1 2 76 0 2 1 1 2 0 101 207 53 60 88 59 218 279 160 86 25 556 79 178 411 106 48 40 270 0 0 0 2 3 2 2 2 0 5 0 0 3 0 5 0 3 2 3 0 0 50 0 0 9 0 3 0 0 3 9 9 1 1 4 3 0 6 37 0 0 0 0 0 21 0 0 0 9 0 0 0 0 0 0 0 0 0 0 0 6 58 15 14 26 10 6 17 8 9 15 28 0 20 41 46 44 19 13 45 14 0 0 0 0 0 14 0 0 0 0 0 0 0 0 0 0 0 0 15 1 0 0 0 0 0 0 0 4 0 0 0 1 0 0 0 0 0 0 0 0 2 0 5 5 9 0 2 0 0 0 7 0 0 0 0 0 0 0 0 33 31 77 1 0 13 0 39 16 12 5 2 21 18 33 32 12 0 43 19 0 0 0 0 0 0 9 0 0 0 0 0 0 0 0 0 0 0 0 0 0 0 0 0 0 0 0 0 0 0 2 0 0 0 0 0 0 0 0 0 0 0 0 0 0 0 0 0 0 0 0 0 0 2 17 0 0 8 0 6 23 0 0 0 0 0 0 0 0 0 0 0 0 0 0 0 0 0 0 14 0 0 0 0 0 0 0 0 0 0 
 4 2 0 74 0 0 0 0 0 0 0 17 0 0 0 0 0 0 0 9 101 0 282 142 88 111 162 194 224 137 58 52 40 135 118 46 114 296 97 130 0 0 0 2 3 65 62 1 9 5 0 0 64 2 8 2 2 2 0 131 6 0 2 0 4 0 50 2 2 4 0 2 13 2 3 2 1 3 1 4 0 0 0 0 0 0 0 0 0 19 0 0 0 0 0 0 0 1 0 2 0 1 1 1 41 13 0 12 31 27 11 17 0 0 0 0 9 19 0 0 16 0 0 0 0 0 27 0 0 0 0 0 35 12 16 0 0 0 0 22 25 0 0 0 0 2 0 0 0 0 0 0 0 1 0 0 0 0 46 0 0 0 0 0 0 3 0 0 0 0 0 0 0 0 0 0 0 0 0 0 13 28 0 75 0 17 0 16 0 15 18 3 9 0 0 12 19 0 0 33 10 10 0 0 0 1 12 0 0 0 0 0 1 10 0 1 0 0 11 1 0 0 0 0 0 0 0 0 2 0 0 0 0 0 0 0 5 0 0 0 0 0 0 0 0 0 0 0 0 0 0 0 0 20 12 0 0 2 11 3 1 0 0 0 0 0 0 0 0 0 0 0 0 0 0 0 0 0 0 0 0 11 0 0 0 0 0 0 0 0 
 0 0 75 0 0 211 0 0 3 0 0 1 0 1 2 3 0 0 3 0 207 282 0 209 123 229 244 194 337 427 138 47 68 54 412 233 269 210 132 44 0 0 0 0 3 28 35 8 66 3 0 0 65 0 4 0 0 0 0 30 15 0 0 0 0 0 2 0 0 0 0 0 4 0 0 3 0 7 2 0 0 0 0 0 0 0 0 0 0 0 2 0 0 0 0 0 0 0 0 0 24 8 17 3 4 9 0 4 26 23 25 63 0 32 19 9 50 0 0 0 12 0 0 0 0 0 12 0 0 0 0 0 28 7 9 0 7 0 0 3 4 0 0 0 0 4 0 0 0 0 0 0 0 0 0 0 0 0 6 0 0 4 0 0 0 0 3 0 3 0 0 0 23 0 0 0 0 0 0 0 54 1 24 8 10 0 0 0 10 32 0 9 10 0 33 3 24 24 5 27 22 2 0 0 0 0 10 0 0 0 0 0 15 0 0 0 0 0 22 0 0 0 0 0 0 0 0 0 0 0 0 0 0 0 0 0 0 12 0 0 0 0 0 0 0 0 0 0 0 1 0 0 0 0 14 2 0 77 7 2 1 0 0 0 0 0 0 0 0 0 0 0 0 0 0 0 0 0 0 17 0 0 0 0 0 0 0 0 0 0 
 2 6 2 2 2 41 2 2 5 52 80 39 2 2 3 5 4 2 2 2 53 142 209 0 283 36 138 232 452 96 106 181 128 269 64 55 59 52 110 152 81 0 1 1 3 3 0 2 0 5 0 0 63 3 3 0 0 2 26 55 0 9 0 2 0 0 9 0 2 50 0 48 0 0 0 9 0 0 1 0 0 0 0 3 12 0 0 0 0 20 0 0 0 0 0 0 0 0 0 0 12 0 10 21 0 53 0 1 0 8 6 14 14 19 0 16 21 0 0 0 0 20 1 0 0 0 4 26 0 0 18 0 8 10 0 0 9 0 56 6 0 5 0 0 0 0 0 3 0 0 0 0 0 0 4 0 0 0 0 0 0 0 0 9 0 0 0 0 0 0 0 0 18 0 0 0 0 0 0 0 9 3 0 18 25 3 0 0 7 7 2 1 9 0 0 7 12 22 10 33 43 0 0 0 0 0 14 12 0 0 0 0 17 17 0 26 0 0 34 4 0 0 0 0 0 0 0 0 0 0 0 0 0 0 0 0 0 0 0 0 0 0 0 0 0 0 0 0 52 0 0 0 0 0 9 0 1 2 41 0 0 0 0 0 0 0 0 0 0 0 0 0 0 0 0 0 0 0 0 0 0 0 0 0 0 0 0 0 0 1 
 2 2 0 0 3 0 1 2 3 1 0 0 1 1 1 3 2 0 1 1 60 88 123 283 0 83 114 62 118 144 387 421 273 207 70 238 135 94 53 315 0 63 0 2 3 2 125 2 15 3 0 0 0 84 29 0 62 0 95 62 3 0 8 0 0 0 2 0 1 0 0 51 3 2 0 3 0 3 6 0 0 0 0 0 0 0 0 0 0 0 0 0 0 0 0 0 0 0 0 0 0 1 0 13 30 23 0 0 0 6 0 0 0 0 0 0 0 0 0 0 0 0 0 0 0 0 23 0 0 0 0 0 11 0 0 13 18 16 33 12 0 0 0 49 5 0 0 0 0 0 0 0 6 0 0 0 0 2 0 0 0 0 0 6 0 0 0 0 0 0 3 0 0 0 0 0 0 0 3 1 0 0 1 33 11 16 0 0 0 0 0 11 0 0 0 0 0 0 0 0 1 16 25 0 0 0 11 5 9 0 0 0 13 14 1 0 41 0 43 39 0 0 0 0 0 0 0 0 0 0 0 0 0 0 0 0 0 0 0 0 0 0 0 0 0 0 0 0 0 0 0 0 0 0 21 2 0 1 0 4 2 2 17 0 0 0 0 0 0 0 0 0 0 0 0 0 0 0 0 0 0 0 0 0 0 0 0 0 0 0 
 0 0 0 1 3 0 0 0 0 0 0 0 0 0 0 0 2 0 0 1 88 111 229 36 83 0 31 230 354 244 190 39 45 78 130 85 77 216 55 43 0 1 0 2 0 2 55 0 273 4 2 0 1 0 0 0 63 0 0 22 5 2 0 1 7 0 69 0 0 1 18 0 0 0 6 0 0 7 0 2 0 0 0 0 0 0 0 0 0 0 0 0 0 2 0 0 0 0 0 0 12 14 22 27 19 0 0 26 4 10 65 45 0 0 13 10 45 17 0 0 0 0 0 0 0 0 28 0 17 0 0 0 1 19 28 0 9 0 0 37 0 0 0 0 0 0 0 0 0 0 0 0 0 10 0 0 9 0 0 0 0 0 0 0 0 0 0 0 0 0 0 0 6 0 0 0 0 0 0 0 0 20 39 0 10 16 0 11 13 11 11 4 0 1 3 12 7 9 12 0 1 0 0 0 0 0 22 4 0 0 0 0 5 0 0 13 0 0 20 26 0 0 0 0 0 0 0 0 2 0 0 0 0 0 0 0 0 0 0 0 0 0 1 0 0 0 0 0 0 0 0 0 0 0 15 2 5 7 3 2 1 0 0 0 0 0 0 0 0 0 0 0 0 0 0 0 0 0 0 0 0 10 0 0 0 23 0 0 0 0 
 2 2 25 32 6 24 4 4 2 92 77 117 2 2 2 41 2 2 2 2 59 162 244 138 114 31 0 266 44 97 18 35 136 129 108 48 34 19 333 153 0 0 34 2 8 3 0 1 41 3 38 1 0 0 5 0 0 0 0 0 2 1 0 0 0 0 2 0 0 8 0 0 0 0 0 2 0 0 0 1 0 0 0 12 14 41 0 0 0 72 18 4 0 0 0 0 0 0 0 0 6 9 0 0 0 44 9 0 23 8 8 0 24 0 0 17 0 0 2 14 0 0 0 0 13 0 0 0 0 12 4 0 0 0 0 0 0 0 0 0 0 5 0 0 13 0 0 0 0 0 0 0 0 0 0 0 0 0 0 0 0 0 5 18 19 0 0 2 0 0 18 1 0 0 0 0 0 0 0 0 46 13 0 6 0 0 20 11 0 14 6 0 72 0 12 40 17 0 29 42 0 0 0 0 0 0 0 18 0 0 0 0 0 0 0 0 0 0 0 0 0 0 0 0 0 0 0 0 0 0 0 0 0 0 0 0 0 0 0 0 0 0 0 0 0 0 0 0 0 37 0 0 0 0 19 2 0 12 0 0 3 0 0 2 0 0 0 0 0 0 0 0 0 0 0 1 0 3 0 19 0 0 0 0 0 0 0 0 0 0 
 2 2 2 79 3 288 5 5 3 75 2 78 2 3 3 2 2 2 2 2 218 194 194 232 62 230 266 0 128 278 48 23 164 93 289 154 112 46 251 218 0 0 0 1 3 2 1 1 0 3 0 0 0 0 4 0 0 2 0 0 0 1 0 0 5 0 2 0 0 0 0 5 0 0 7 2 0 1 0 0 0 0 0 6 10 0 0 0 0 1 0 1 0 0 0 1 0 0 0 0 9 39 12 49 10 8 18 10 9 6 12 20 7 25 24 23 22 28 10 16 0 2 0 0 0 0 0 0 0 0 2 0 0 0 0 0 0 0 18 11 0 3 0 0 0 0 0 0 0 0 0 0 0 0 0 0 0 0 0 0 0 0 0 1 20 0 0 0 48 0 0 11 0 0 0 0 0 0 0 0 0 32 14 0 0 0 0 7 0 0 6 0 16 20 60 19 17 12 14 29 0 0 0 0 0 0 0 0 0 0 1 2 0 0 0 0 0 0 11 0 0 0 0 0 6 0 0 0 0 1 0 0 0 0 0 0 1 0 0 0 0 0 12 0 0 0 0 0 0 0 0 1 0 0 9 0 0 74 190 6 5 1 0 0 0 0 10 0 0 0 0 0 0 0 0 0 0 1 0 0 0 13 0 0 0 0 0 3 0 0 
 0 0 0 0 0 0 1 0 0 0 0 0 2 0 2 0 3 0 1 0 279 224 337 452 118 354 44 128 0 646 287 32 69 105 840 480 101 415 54 274 0 0 0 2 3 2 0 3 0 3 0 0 0 0 3 0 1 0 63 0 0 0 0 0 0 0 35 0 1 2 0 0 0 0 0 3 0 0 3 0 0 0 2 6 0 0 0 0 0 0 0 0 0 0 0 0 0 0 0 0 0 0 9 22 3 0 18 6 11 7 12 48 0 11 9 0 28 9 0 0 5 0 0 0 0 0 40 0 0 0 0 0 5 6 13 2 0 0 46 1 0 0 0 0 0 0 0 0 0 0 0 0 0 2 0 0 0 0 6 0 0 0 0 0 0 0 0 2 0 0 0 0 3 0 0 0 0 0 0 0 0 20 0 21 0 25 0 0 8 18 8 21 0 4 1 0 9 20 0 17 1 16 0 0 0 0 4 0 0 0 0 0 0 1 0 0 0 0 12 12 0 0 0 0 0 0 0 0 16 0 2 0 0 0 0 0 0 0 0 0 0 0 1 0 0 0 0 0 0 0 0 0 0 2 3 0 2 0 77 4 1 1 0 0 0 0 0 0 0 0 0 1 0 0 0 0 0 0 0 0 0 36 0 0 0 0 0 0 0 0 
 0 0 0 0 1 0 0 0 0 0 0 1 0 0 0 0 0 0 2 0 160 137 427 96 144 244 97 278 646 0 525 66 39 64 103 265 180 327 104 85 0 0 0 2 3 2 1 2 0 3 0 0 0 63 71 0 0 0 0 0 0 0 0 0 2 0 42 0 0 0 0 0 0 0 1 3 0 0 1 0 0 0 0 1 0 0 0 0 0 0 2 0 0 0 0 0 0 0 0 0 9 10 8 13 11 16 1 8 18 4 20 11 0 13 24 11 24 13 0 11 2 0 0 0 0 0 12 10 13 0 0 0 9 0 10 0 11 0 41 3 1 0 0 0 0 5 0 0 0 0 0 0 8 2 0 0 0 0 6 0 0 0 0 0 0 0 0 0 0 0 3 0 0 0 0 0 0 0 5 0 16 36 0 1 0 0 0 0 11 51 44 9 11 8 38 0 36 21 43 24 15 0 0 1 0 0 14 0 0 0 0 0 15 0 2 0 0 0 0 11 0 0 0 0 0 0 0 0 0 0 0 0 0 0 0 0 0 0 0 13 0 0 11 0 0 0 1 0 0 0 0 0 0 0 4 0 0 41 1 2 2 0 0 0 0 0 15 0 0 0 0 0 0 0 0 6 0 0 0 38 0 2 0 0 0 0 31 0 0 1 
 0 1 0 2 3 1 0 0 0 1 0 0 0 0 1 1 0 1 0 0 86 58 138 106 387 190 18 48 287 525 0 677 35 46 67 109 387 76 42 58 1 6 0 1 6 2 66 2 0 3 0 2 124 1 4 5 8 1 3 63 4 4 0 0 2 0 52 2 2 0 7 0 6 2 3 48 0 10 1 6 0 0 0 0 0 0 0 0 0 0 0 0 0 0 5 0 1 0 0 1 0 23 0 23 30 0 0 0 22 1 10 22 0 0 0 0 9 26 0 0 31 0 0 0 19 0 24 28 30 0 0 0 46 11 74 1 0 0 19 17 1 2 0 0 0 1 0 0 0 0 0 0 0 1 0 0 0 0 11 0 0 0 0 0 0 0 0 0 0 0 16 0 0 0 0 2 0 2 4 0 0 0 15 12 9 18 0 6 0 18 0 38 0 0 2 8 12 0 0 2 33 0 0 0 0 0 21 30 2 1 0 0 35 11 15 12 0 0 1 25 0 0 17 0 0 0 2 0 0 0 0 0 0 0 0 0 0 0 0 0 0 0 0 0 0 0 0 0 0 0 0 0 0 0 13 0 1 0 0 0 2 0 0 0 0 0 0 0 0 0 0 0 0 0 0 0 0 1 0 0 0 10 0 0 1 19 0 0 0 0 
 0 0 0 0 66 0 2 203 6 0 0 0 1 0 0 2 1 0 1 0 25 52 47 181 421 39 35 23 32 66 677 0 21 26 41 110 71 85 69 38 7 1 4 5 4 5 67 1 0 5 0 0 0 66 130 3 68 0 62 24 0 0 0 0 0 0 2 0 0 0 2 0 0 0 0 2 0 2 1 38 0 0 0 0 0 0 0 0 0 0 0 0 0 0 0 0 0 0 0 0 0 0 18 0 8 10 0 1 0 14 19 0 1 0 0 10 0 0 0 1 0 13 0 0 0 0 0 18 19 14 0 0 16 0 18 0 15 0 15 0 0 0 0 7 11 1 0 0 0 0 6 0 2 0 0 0 0 2 0 0 0 0 2 0 18 0 0 0 0 0 6 0 1 0 0 0 2 0 7 0 0 0 14 0 48 0 0 0 1 3 0 0 0 0 0 0 0 14 0 0 2 0 0 0 0 0 21 11 14 0 3 0 17 12 6 22 0 2 13 3 0 0 0 0 0 1 0 0 1 0 0 0 0 0 0 2 1 0 0 0 0 0 0 0 0 0 0 0 0 0 0 0 0 0 7 0 0 0 0 1 4 0 0 0 0 0 0 0 0 0 0 0 0 0 0 0 0 0 0 0 0 0 0 0 0 18 0 0 0 1 
 0 0 2 0 62 431 0 0 2 149 2 74 1 0 0 0 3 77 0 1 556 40 68 128 273 45 136 164 69 39 35 21 0 176 234 240 314 54 339 208 3 0 0 60 19 2 0 1 0 3 0 0 0 0 3 3 0 0 0 0 0 0 50 0 0 0 2 0 0 0 5 0 0 0 0 2 0 2 1 0 0 0 15 6 29 10 0 0 16 0 0 1 0 0 0 0 0 9 0 0 11 13 0 12 0 9 13 19 0 0 0 0 7 2 8 24 0 0 57 8 0 0 2 0 0 0 0 0 0 0 0 0 0 0 0 0 0 0 0 0 0 2 0 0 0 2 0 0 0 0 0 7 1 0 0 0 0 2 0 0 0 0 18 43 37 18 0 0 0 13 29 25 0 0 0 0 11 0 1 0 36 12 1 0 0 0 27 10 0 15 0 0 11 18 7 41 11 0 24 19 0 0 0 0 0 26 0 0 0 0 0 0 0 2 0 19 0 0 0 0 0 0 0 0 0 0 0 0 0 0 0 0 0 0 0 0 0 0 0 0 0 0 0 0 0 0 0 0 0 0 11 0 0 0 6 0 0 0 1 2 2 1 11 0 0 0 0 0 0 0 0 2 0 0 0 0 0 0 0 0 0 0 0 0 0 0 0 0 0 0 
 3 0 75 160 164 36 2 1 0 52 75 76 2 2 2 74 77 28 2 2 79 135 54 269 207 78 129 93 105 64 46 26 176 0 83 44 185 115 96 246 0 0 3 2 3 2 0 2 0 3 0 0 0 0 3 4 0 32 0 3 0 0 0 0 2 0 2 0 0 2 3 3 0 0 1 3 0 5 1 0 0 0 0 10 8 15 0 0 0 0 1 16 0 0 0 0 0 0 0 0 11 24 1 11 11 0 18 12 17 1 8 6 25 0 0 0 12 8 35 28 0 0 0 0 0 0 12 0 0 0 31 0 0 0 0 7 0 0 0 12 0 0 0 0 0 0 0 0 0 35 6 0 0 0 0 0 0 0 0 0 0 0 24 0 0 0 0 0 0 15 14 0 0 2 0 0 0 0 0 0 38 0 11 19 0 31 24 6 0 0 1 11 8 0 0 16 1 2 0 0 8 1 0 0 0 0 7 0 0 0 0 0 0 0 1 0 0 0 0 0 2 0 0 0 0 1 0 0 0 0 0 0 0 0 0 0 0 0 0 0 0 0 0 0 0 0 3 0 0 94 0 0 0 0 6 0 0 19 1 0 3 0 0 0 0 0 0 0 0 0 0 0 0 0 0 0 0 0 0 0 0 0 0 0 0 0 0 0 0 0 
 1 1 1 77 78 1 1 1 2 1 81 19 1 2 1 0 1 1 0 1 178 118 412 64 70 130 108 289 840 103 67 41 234 83 0 187 43 53 178 287 0 0 0 2 3 2 0 2 0 3 0 0 0 0 33 0 0 0 0 0 0 0 0 0 0 0 2 0 0 0 0 6 0 0 0 3 0 0 2 0 0 0 0 1 17 0 0 0 0 2 0 34 0 0 0 0 11 0 1 0 13 39 17 0 10 9 9 55 10 0 0 22 17 56 79 28 49 41 2 10 0 0 0 1 0 0 0 0 0 0 0 0 0 4 0 0 0 0 6 0 0 0 0 0 0 0 0 0 6 0 0 0 0 0 0 0 0 0 0 0 0 0 0 0 30 13 0 0 0 0 0 3 3 0 0 0 0 0 0 0 2 34 30 0 0 0 36 11 31 40 2 0 13 46 36 28 13 8 20 42 0 0 0 0 0 0 0 0 0 0 0 0 0 0 1 0 0 0 15 0 0 0 0 0 0 0 0 0 0 0 0 7 0 0 0 0 0 0 0 0 0 0 15 0 0 0 0 0 0 0 1 0 0 0 5 0 2 1 42 2 2 0 0 0 0 0 0 0 0 0 0 0 0 0 0 0 0 0 0 0 0 2 0 0 0 0 0 0 0 0 
 2 4 3 3 3 10 4 3 3 3 4 79 77 5 2 6 3 3 2 3 411 46 233 55 238 85 48 154 480 265 109 110 240 44 187 0 142 121 257 86 0 0 0 1 3 2 3 2 0 3 0 0 69 1 3 0 0 6 22 0 0 0 0 0 5 3 2 0 2 0 0 0 0 2 27 3 0 0 1 0 0 0 0 0 10 0 0 0 0 0 0 0 0 0 0 0 0 0 0 0 10 53 24 36 13 0 28 10 25 4 1 7 0 24 21 15 16 31 9 13 19 0 0 0 0 0 9 11 0 0 0 0 8 0 14 0 0 0 39 0 0 0 9 0 1 0 0 0 6 0 0 0 0 0 0 0 0 0 0 0 0 0 0 0 10 34 0 14 0 0 4 12 0 0 0 0 0 0 3 0 0 30 31 35 0 5 19 11 1 0 20 7 1 23 27 14 8 0 11 19 38 0 0 0 0 0 17 0 23 0 0 2 14 0 0 3 1 0 1 17 0 0 0 0 0 0 0 0 0 0 0 0 0 0 0 0 0 0 0 0 0 0 11 0 0 0 0 0 0 0 0 0 0 0 20 0 1 2 1 1 2 0 0 0 0 0 10 0 0 0 0 0 0 0 0 0 0 0 0 0 0 18 0 0 0 4 0 0 0 0 
 0 0 0 1 3 37 0 0 0 2 0 74 0 0 0 0 0 2 0 0 106 114 269 59 135 77 34 112 101 180 387 71 314 185 43 142 0 398 44 125 0 0 1 2 3 2 29 2 0 3 0 0 0 2 4 2 2 0 0 29 3 0 0 0 1 0 82 0 0 0 0 0 11 0 1 2 0 0 45 0 1 0 0 0 19 0 0 0 0 0 0 0 0 0 22 0 2 0 0 0 41 25 0 25 12 0 21 0 11 37 14 2 1 0 15 45 34 6 0 0 0 0 0 0 0 0 1 0 0 0 0 0 8 7 0 0 7 0 0 19 0 1 0 0 0 0 0 0 0 0 0 0 0 10 0 3 0 0 0 0 0 0 0 4 0 0 0 0 0 0 0 0 0 0 0 0 0 1 0 0 37 39 10 21 10 0 1 2 0 14 0 0 0 0 21 8 7 8 17 0 0 11 0 0 0 0 8 2 1 2 0 0 0 0 0 2 0 0 12 51 0 0 0 0 0 0 1 0 0 0 0 0 0 0 0 0 0 0 0 0 0 0 0 0 0 0 0 0 0 0 0 0 0 0 3 0 2 4 75 0 20 1 0 0 0 0 0 0 0 0 0 0 0 0 0 0 0 2 0 0 0 28 0 0 0 0 0 0 0 0 
 0 0 1 0 53 0 0 0 0 0 0 0 2 0 0 0 0 0 0 7 48 296 210 52 94 216 19 46 415 327 76 85 54 115 53 121 398 0 94 39 1 0 0 2 3 2 65 2 0 6 0 2 0 3 3 1 0 0 0 63 12 2 0 1 0 0 52 0 0 4 0 0 7 1 4 3 0 3 2 41 0 0 0 0 0 0 0 0 0 0 0 0 0 0 0 0 0 0 0 0 51 18 6 1 30 16 12 18 21 26 34 8 0 20 21 11 10 10 0 0 0 0 2 0 0 0 22 11 0 0 0 0 15 20 30 1 0 0 1 60 0 0 0 0 0 2 0 0 0 0 0 0 0 4 0 0 0 0 2 0 0 0 0 0 0 0 0 0 0 0 0 0 2 0 0 0 0 0 0 0 24 19 14 45 0 21 0 13 1 16 13 0 7 0 12 0 24 19 10 7 18 0 0 0 0 0 10 0 18 0 0 0 1 0 0 0 0 0 0 9 0 0 0 0 0 0 0 0 0 0 0 1 0 0 0 1 0 0 0 6 0 0 0 0 0 0 0 0 0 0 0 0 0 0 8 1 0 1 74 3 0 3 0 0 0 0 0 0 0 0 0 0 0 0 0 0 0 0 0 14 0 29 0 0 2 0 0 0 0 0 
 2 1 76 148 159 20 2 65 2 12 149 28 0 0 0 76 0 74 0 0 40 97 132 110 53 55 333 251 54 104 42 69 339 96 178 257 44 94 0 333 0 52 0 2 8 2 56 2 2 7 0 0 0 0 4 2 0 0 0 0 0 0 0 0 0 0 2 0 0 0 0 5 0 0 0 3 0 0 2 0 0 0 19 17 11 19 0 0 0 46 5 21 0 0 0 16 14 0 0 0 8 9 9 0 0 40 2 41 12 0 3 5 24 28 9 27 0 2 0 7 0 0 0 0 0 0 0 0 0 0 9 0 0 0 0 0 0 0 0 0 0 7 0 0 0 0 0 1 0 0 0 0 0 0 0 0 0 0 0 2 0 0 4 0 17 0 0 6 6 2 0 12 0 0 15 0 0 0 0 0 26 0 8 0 0 0 35 35 10 42 16 0 37 0 22 16 24 0 27 31 0 0 0 0 0 0 0 17 0 0 0 2 2 0 0 0 0 0 1 0 41 0 0 0 0 0 0 0 0 0 0 0 0 0 0 0 0 0 0 0 0 0 0 0 0 0 0 0 0 74 0 0 0 0 10 2 0 1 0 1 0 1 14 0 0 0 0 0 0 0 0 0 0 0 0 4 0 1 0 25 0 0 0 0 0 0 1 0 0 0 
 3 0 0 75 72 198 3 12 2 96 84 57 2 0 0 76 1 73 0 0 270 130 44 152 315 43 153 218 274 85 58 38 208 246 287 86 125 39 333 0 0 0 1 0 8 5 0 7 0 3 2 0 0 2 3 21 0 0 0 3 3 0 3 0 0 2 2 0 0 2 0 5 1 0 0 3 4 1 2 0 0 0 14 9 1 0 0 0 14 44 0 9 0 0 0 0 0 0 0 0 19 21 1 11 52 19 0 21 11 0 0 0 26 3 0 30 0 0 20 2 0 0 0 0 0 0 0 0 0 0 0 0 0 0 0 2 0 0 0 0 0 3 0 0 0 1 0 0 0 0 0 0 0 0 0 0 0 0 0 0 61 0 17 4 23 0 0 0 0 11 12 14 0 0 0 0 0 0 0 0 42 2 0 16 0 0 1 25 1 10 12 0 14 0 19 39 23 5 29 34 0 0 0 0 0 13 0 0 0 0 0 0 0 0 0 0 12 0 0 0 0 0 0 0 0 0 0 7 0 0 0 1 0 0 0 0 0 0 0 1 0 0 0 0 0 0 0 0 0 0 10 0 0 0 16 0 0 0 3 2 78 3 0 0 0 0 0 0 0 0 0 0 0 0 0 0 0 0 0 0 0 0 0 0 1 0 11 0 0 0 
 0 0 0 0 0 0 0 0 3 0 0 54 2 0 0 3 0 0 0 1 0 0 0 81 0 0 0 0 0 0 1 7 3 0 0 0 0 1 0 0 0 519 86 46 44 55 227 41 46 49 321 46 151 111 286 72 32 313 106 114 202 13 0 0 0 0 0 0 2 0 0 0 0 2 0 8 0 0 0 0 0 0 0 0 0 0 0 0 0 17 0 0 0 0 0 0 0 8 0 0 0 0 0 0 0 14 0 0 0 4 5 0 0 0 0 0 0 0 0 0 15 18 20 21 11 29 0 27 6 0 16 0 0 19 0 12 41 0 0 0 3 0 0 0 0 0 0 1 0 0 0 0 0 0 0 0 0 0 0 0 0 0 0 0 0 21 0 0 0 0 0 0 0 0 0 0 1 0 0 5 0 0 0 0 21 0 0 0 0 8 0 0 0 0 0 0 0 5 0 0 25 29 10 8 19 30 0 23 40 7 28 21 14 12 36 38 41 27 20 6 0 0 0 0 0 0 0 0 0 0 0 0 7 0 0 0 0 0 11 0 0 0 0 0 0 0 0 0 0 33 0 14 0 1 0 0 0 62 0 11 0 0 1 0 2 3 0 0 0 0 0 0 0 0 0 0 0 0 0 0 0 0 0 0 16 0 0 8 1 0 
 0 0 0 0 0 0 4 0 0 0 0 0 0 0 0 0 0 0 0 0 0 0 0 0 63 1 0 0 0 0 6 1 0 0 0 0 0 0 52 0 519 0 82 68 109 109 310 151 98 62 48 252 50 183 62 121 72 118 140 77 4 0 4 0 0 0 0 0 8 0 55 3 52 2 0 4 5 5 0 49 0 0 0 0 0 0 0 0 0 0 0 0 0 0 0 0 0 0 0 0 0 0 0 0 0 0 0 0 0 0 0 0 0 0 0 0 0 0 0 0 5 11 29 0 0 18 0 12 23 1 0 36 1 10 0 18 0 13 20 0 0 9 10 7 1 0 0 8 2 0 0 19 2 14 0 0 4 1 0 69 6 0 0 0 0 0 0 0 0 0 0 0 0 0 0 0 0 0 0 0 0 0 0 0 0 0 0 0 0 0 0 0 0 0 0 0 0 0 0 0 0 10 5 0 0 11 0 2 0 17 12 12 1 23 10 0 14 7 18 0 3 4 0 0 0 10 0 10 14 4 0 0 4 10 23 0 2 8 28 14 0 0 1 0 0 0 0 0 0 19 0 12 0 2 0 0 0 0 0 2 0 0 65 0 0 4 2 8 0 0 0 0 0 0 0 0 0 0 0 0 0 0 0 0 0 9 0 7 2 0 
 0 0 0 0 0 0 0 0 0 0 0 0 0 0 1 0 0 0 0 0 0 0 0 1 0 0 34 0 0 0 0 4 0 3 0 0 1 0 0 1 86 82 0 211 347 27 71 178 193 215 143 80 57 393 90 100 216 224 29 90 54 3 3 15 1 16 0 3 0 8 3 6 2 2 2 0 2 2 0 80 0 0 0 0 0 0 0 0 0 0 0 0 0 0 0 1 0 0 0 0 10 0 0 0 0 0 0 0 0 0 0 0 0 0 0 0 0 0 0 0 33 12 0 4 0 2 0 12 18 25 0 3 13 2 0 8 10 38 0 13 0 42 0 0 0 0 0 0 0 12 0 0 17 0 0 0 0 0 0 18 7 0 0 0 0 0 0 0 0 1 0 0 0 0 0 0 15 0 0 0 0 0 0 0 13 0 0 0 0 0 0 0 0 0 19 0 0 0 0 0 0 10 0 0 32 1 0 4 1 18 37 0 0 10 21 0 29 0 0 0 6 0 0 12 6 17 0 9 0 0 7 7 0 0 0 0 15 0 1 48 0 0 0 0 0 0 0 0 0 0 0 10 0 0 0 0 0 0 0 1 0 0 0 0 2 31 12 6 0 0 8 0 0 0 0 10 0 0 0 0 0 0 0 0 0 18 0 0 0 0 
 0 1 1 0 0 2 3 0 2 2 0 2 0 2 1 1 1 2 0 0 2 2 0 1 2 2 2 1 2 2 1 5 60 2 2 1 2 2 2 0 46 68 211 0 197 221 109 81 107 203 125 315 54 171 129 96 154 168 363 62 52 0 2 0 0 35 0 0 50 4 0 6 54 1 0 0 1 0 209 104 0 0 0 0 0 0 0 0 0 0 0 0 0 0 0 0 0 0 0 0 0 0 0 0 0 0 0 0 0 0 0 0 0 0 0 0 0 0 0 0 26 0 12 11 19 6 8 1 14 22 3 10 0 0 81 0 0 25 0 0 0 7 1 0 0 0 0 0 0 5 0 0 1 0 0 0 0 0 3 16 0 0 0 0 0 0 0 0 0 0 0 0 0 0 0 0 0 0 0 0 0 0 0 0 0 0 0 0 12 0 3 0 0 0 0 0 0 8 0 0 0 6 22 0 19 12 8 0 25 30 1 33 0 0 15 13 2 32 0 0 20 0 0 0 0 0 0 1 0 0 0 0 0 0 0 0 15 0 13 21 0 0 0 0 0 0 0 0 2 0 0 4 0 0 0 0 0 2 0 0 0 0 2 3 1 3 2 67 0 0 12 0 0 0 0 0 0 0 0 0 0 3 11 0 17 1 0 0 0 0 
 0 0 0 24 3 37 0 0 0 0 0 2 0 0 3 0 0 0 0 0 3 3 3 3 3 0 8 3 3 3 6 4 19 3 3 3 3 3 8 8 44 109 347 197 0 430 56 212 197 369 175 122 135 180 166 95 368 63 123 99 50 52 0 0 0 0 0 52 2 0 5 0 72 1 0 0 0 56 4 52 0 0 0 0 5 0 0 0 0 3 10 0 0 0 0 0 0 0 0 0 0 0 0 0 0 18 0 0 0 0 0 0 0 0 0 0 0 0 0 9 5 0 0 25 23 8 0 0 8 19 0 0 0 0 36 0 0 46 0 0 0 1 20 0 0 0 0 8 0 0 0 0 8 1 0 0 0 0 0 3 0 0 0 0 0 0 0 0 0 0 0 2 0 0 0 0 0 0 0 0 0 0 0 0 0 0 2 9 0 0 5 0 4 0 0 5 15 0 1 0 0 0 19 11 0 26 0 0 46 14 12 16 0 0 33 11 22 27 0 0 20 0 0 16 42 0 1 0 0 6 8 12 0 10 0 12 0 7 8 1 0 0 0 0 0 0 0 0 0 0 0 14 0 0 0 0 0 0 0 3 0 0 2 2 64 4 2 94 0 0 0 0 0 0 0 0 0 0 0 0 0 0 0 0 8 0 0 0 0 0 
 0 0 0 0 2 0 4 2 0 0 1 0 33 0 0 0 0 0 0 0 2 65 28 3 2 2 3 2 2 2 2 5 2 2 2 2 2 2 2 5 55 109 27 221 430 0 41 35 49 56 60 63 54 51 60 71 86 83 34 49 268 0 1 0 0 0 0 76 0 4 0 0 44 1 0 0 0 22 104 98 0 0 0 0 0 0 0 0 0 0 0 0 0 0 0 0 0 0 0 0 0 0 6 28 0 0 0 0 0 3 1 0 0 0 1 4 1 0 0 0 0 0 1 0 0 0 0 0 12 0 41 19 0 0 0 0 0 0 0 0 21 17 19 0 0 0 0 0 0 0 0 0 0 15 0 0 0 74 3 3 0 0 0 0 0 0 0 0 0 0 0 0 0 0 0 0 0 0 0 0 0 0 3 0 0 0 0 0 0 5 0 0 0 0 0 0 0 2 0 0 0 0 0 1 1 7 0 1 0 8 0 68 1 0 0 0 0 1 0 0 12 10 0 14 11 0 0 0 1 10 17 7 18 0 7 0 1 48 12 12 0 0 0 0 0 0 19 0 0 0 0 9 0 0 0 0 0 0 0 0 0 0 0 6 4 11 0 0 0 0 0 0 0 0 0 0 0 0 0 0 0 0 0 0 0 0 0 0 0 0 
 3 3 3 2 3 3 5 5 2 3 3 2 3 2 3 3 2 3 3 2 2 62 35 0 125 55 0 1 0 1 66 67 0 0 0 3 29 65 56 0 227 310 71 109 56 41 0 309 122 42 36 117 176 145 326 41 717 259 168 134 14 0 3 0 0 0 1 0 8 0 0 0 6 0 0 3 2 7 0 0 0 0 16 0 0 0 0 0 0 0 0 0 0 0 0 0 0 0 0 0 0 0 0 0 6 0 0 0 0 18 0 0 0 0 0 0 0 0 0 0 0 0 6 20 0 11 0 2 4 0 10 0 22 14 4 36 41 0 0 1 0 0 0 0 0 0 0 6 1 0 0 0 0 0 0 0 4 0 0 1 0 0 0 0 0 0 1 0 0 0 3 0 0 0 0 0 0 0 4 6 0 0 0 19 44 0 0 0 0 0 0 0 0 0 0 0 0 0 0 0 0 1 15 20 0 0 0 11 10 0 11 0 9 0 1 23 0 16 0 3 4 0 0 0 0 0 0 0 1 10 0 0 9 0 11 0 1 6 0 0 0 0 0 0 0 0 0 0 0 0 0 13 0 0 0 0 0 0 0 13 0 0 67 0 2 2 2 0 2 0 0 0 0 0 0 0 0 0 0 0 0 0 0 0 1 10 0 0 0 0 
 0 0 0 0 0 6 0 0 0 0 0 0 0 0 0 0 2 0 0 4 2 1 8 2 2 0 1 1 3 2 2 1 1 2 2 2 2 2 2 7 41 151 178 81 212 35 309 0 249 73 175 162 76 95 69 324 305 190 83 138 0 0 11 0 0 0 6 0 6 1 44 0 20 2 0 5 2 8 0 0 0 0 0 0 0 0 0 0 0 0 0 0 0 0 0 0 0 0 0 0 0 0 0 0 0 3 0 0 0 0 0 0 0 0 0 0 0 0 0 0 11 9 0 19 31 47 0 7 19 12 0 10 0 0 0 0 0 0 0 8 0 0 0 9 0 0 0 24 6 0 0 1 16 5 0 0 3 1 0 19 0 20 0 0 0 0 0 0 0 0 0 0 0 0 0 0 4 0 0 0 0 0 0 0 0 0 0 0 0 0 0 0 0 0 0 0 0 0 0 0 0 39 15 10 0 1 0 0 11 9 27 13 0 23 7 0 23 9 0 0 2 7 1 0 0 0 0 20 7 0 0 0 21 0 33 0 3 20 12 14 0 0 0 0 0 0 0 0 0 0 0 11 0 0 0 0 0 0 0 0 0 0 1 0 67 0 0 7 0 0 7 0 0 0 0 0 0 0 0 0 0 0 0 0 18 8 0 1 0 0 
 0 0 0 0 0 0 0 0 0 0 0 0 0 0 0 0 0 32 0 0 0 9 66 0 15 273 41 0 0 0 0 0 0 0 0 0 0 0 2 0 46 98 193 107 197 49 122 249 0 237 185 145 488 335 394 101 247 101 590 169 0 0 0 0 0 0 0 0 1 0 0 0 0 2 0 0 0 0 0 0 0 0 0 0 0 0 0 0 0 0 0 0 0 0 0 0 0 0 0 0 0 0 0 0 0 0 0 0 0 0 0 0 0 0 0 0 0 0 0 0 41 12 29 57 22 8 0 0 0 36 0 1 0 9 18 0 1 36 13 12 0 0 0 4 0 0 9 14 0 0 0 0 22 0 15 0 0 8 6 11 2 0 0 0 0 0 0 0 0 0 0 0 0 0 0 0 1 0 0 0 0 0 0 0 0 0 0 0 0 0 0 0 0 0 0 0 0 0 0 0 0 11 53 2 0 40 0 0 40 21 18 13 0 0 7 0 33 33 1 0 6 0 0 0 0 0 0 1 0 0 0 0 10 0 14 0 0 0 1 4 0 0 0 0 0 0 0 0 0 0 0 10 0 0 0 0 0 0 0 1 0 0 49 0 33 10 0 71 1 0 0 0 0 0 0 0 0 0 0 0 0 0 0 0 10 8 0 1 0 0 
 2 5 5 2 2 2 8 5 2 2 2 2 2 2 2 2 2 2 4 2 5 5 3 5 3 4 3 3 3 3 3 5 3 3 3 3 3 6 7 3 49 62 215 203 369 56 42 73 237 0 157 71 52 189 86 210 182 133 266 140 53 0 0 1 0 0 1 0 1 0 2 0 5 1 0 3 0 0 0 57 0 0 0 0 0 0 0 0 0 0 0 0 0 0 0 0 0 0 0 15 0 0 0 0 0 0 0 0 0 0 0 0 0 0 0 0 0 0 0 0 37 33 0 0 8 30 0 19 14 0 6 0 12 0 0 6 13 20 0 14 0 0 0 0 0 0 0 0 0 13 0 0 1 0 0 0 0 0 7 15 0 0 0 0 0 0 0 0 0 0 0 0 19 0 0 0 3 0 0 0 0 0 0 0 12 0 0 45 0 0 0 0 7 0 0 0 14 0 0 0 0 10 0 0 14 0 23 6 0 18 20 0 0 17 8 0 4 17 0 0 7 0 0 0 0 15 0 0 0 0 0 0 0 0 0 0 10 0 1 24 0 0 0 0 0 0 0 0 0 0 0 0 0 0 0 0 0 0 0 2 0 22 0 0 0 1 0 6 0 0 7 0 0 0 1 0 0 0 0 0 0 0 23 0 12 10 0 1 0 0 
 0 0 0 0 0 0 4 2 0 0 0 0 0 0 0 0 0 0 0 0 0 0 0 0 0 2 38 0 0 0 0 0 0 0 0 0 0 0 0 2 321 48 143 125 175 60 36 175 185 157 0 261 32 46 79 181 210 101 43 67 0 0 1 0 2 0 0 0 2 5 0 0 0 2 0 0 0 0 0 2 0 0 0 0 0 0 0 0 0 0 0 0 0 0 0 0 0 0 0 0 0 10 0 0 0 0 3 0 0 0 0 0 0 0 0 0 0 0 0 0 39 8 15 40 89 16 0 3 2 20 18 7 0 0 21 9 18 25 0 11 14 0 0 0 0 0 0 15 0 0 0 0 11 0 0 0 0 0 0 0 2 0 0 0 0 0 0 0 0 0 0 0 0 0 1 0 2 0 0 1 0 0 0 0 0 0 0 0 0 0 0 0 0 0 0 0 0 0 0 0 0 26 25 10 0 1 0 0 55 32 37 14 0 1 10 0 42 54 0 0 0 0 0 0 0 0 0 0 0 0 0 0 0 0 0 0 0 0 16 0 0 0 0 0 0 0 0 0 0 0 0 32 0 0 0 0 0 0 0 10 0 0 2 1 63 12 0 1 0 0 0 0 0 0 0 0 0 0 0 0 0 0 0 0 21 7 0 0 0 0 
 0 0 0 0 2 7 14 0 14 9 0 0 6 7 11 6 12 0 0 3 0 0 0 0 0 0 1 0 0 0 2 0 0 0 0 0 0 2 0 0 46 252 80 315 122 63 117 162 145 71 261 0 28 28 257 547 106 59 259 169 0 0 0 0 0 2 0 3 1 0 20 0 0 1 0 0 0 0 0 1 15 3 0 2 0 0 0 0 0 0 4 0 0 0 0 12 0 0 0 0 0 0 0 0 0 0 0 0 15 0 0 0 0 0 0 0 0 0 10 0 16 7 11 14 0 25 0 9 6 11 2 4 0 0 0 11 19 7 0 13 0 0 9 0 0 0 15 17 0 0 0 0 36 0 10 0 11 0 22 0 6 0 6 0 0 0 0 5 0 1 9 0 0 2 0 0 6 3 0 0 0 10 0 0 0 0 0 0 0 0 0 0 0 0 0 0 0 0 0 0 0 36 7 11 0 0 0 0 23 0 16 19 0 15 2 0 2 53 0 0 10 0 0 0 0 0 0 45 0 0 0 10 8 4 10 0 0 0 9 0 0 0 11 0 0 0 0 0 0 0 0 8 0 2 0 0 0 0 1 4 0 2 1 0 0 2 0 9 1 0 0 0 0 0 22 0 0 0 0 0 0 4 0 0 22 0 0 0 0 2 
 3 3 3 3 3 3 63 79 3 3 3 3 3 3 3 3 3 3 3 5 3 64 65 63 0 1 0 0 0 0 124 0 0 0 0 69 0 0 0 0 151 50 57 54 135 54 176 76 488 52 32 28 0 89 85 299 62 27 264 341 4 6 0 0 0 3 6 0 3 0 0 0 0 0 0 6 6 0 0 26 0 0 0 0 0 0 0 0 0 0 0 0 0 0 0 0 0 0 0 0 0 1 12 0 0 0 0 0 4 0 0 7 0 0 0 0 0 0 0 0 7 0 17 9 1 11 15 10 0 0 19 0 5 0 12 20 0 0 0 0 32 0 0 0 0 2 19 0 0 0 0 0 0 0 0 0 0 0 3 8 0 0 0 0 0 0 0 0 0 0 0 0 0 0 0 0 7 0 0 5 0 1 0 27 0 39 0 0 0 6 0 19 0 0 0 0 0 0 0 0 67 0 13 19 22 0 10 24 4 0 0 0 24 35 25 37 0 2 41 12 0 0 0 0 0 0 5 0 0 6 0 0 47 0 0 0 0 4 0 5 0 0 0 0 0 0 0 0 0 0 0 5 0 0 0 0 0 0 1 36 0 0 0 0 0 0 0 0 1 0 0 0 0 0 0 0 0 0 0 0 0 0 0 0 0 27 0 0 0 0 
 0 0 0 0 0 0 59 61 0 0 0 0 0 0 0 0 0 0 0 0 0 2 0 3 84 0 0 0 0 63 1 66 0 0 0 1 2 3 0 2 111 183 393 171 180 51 145 95 335 189 46 28 89 0 134 45 109 112 184 84 209 0 0 4 0 0 5 0 5 0 0 0 0 2 0 0 3 0 0 5 0 0 0 0 0 0 0 0 0 0 0 0 0 0 0 0 0 0 0 0 0 0 0 0 0 0 0 0 0 3 0 0 0 0 0 0 0 0 0 0 22 11 7 1 0 12 1 17 12 1 0 0 9 21 0 7 7 47 12 0 4 0 0 9 0 0 9 0 0 0 0 0 0 0 0 0 1 0 0 40 0 0 0 0 0 0 0 0 0 0 4 0 0 0 0 0 0 0 2 0 0 0 0 0 7 0 0 0 0 1 0 0 0 12 0 0 0 0 0 0 0 0 8 0 4 29 1 0 0 10 12 0 12 21 16 0 10 0 13 7 0 0 0 0 0 11 15 0 0 7 0 0 5 0 2 0 1 0 0 56 0 0 0 0 0 0 0 0 0 0 0 5 0 2 0 0 0 0 0 2 0 0 64 0 0 18 0 49 0 0 0 0 0 0 0 0 0 0 0 0 0 0 0 0 0 11 0 0 2 0 
 0 0 0 65 0 0 0 0 0 0 63 34 0 0 1 0 0 0 0 0 5 8 4 3 29 0 5 4 3 71 4 130 3 3 33 3 4 3 4 3 286 62 90 129 166 60 326 69 394 86 79 257 85 134 0 160 278 65 113 120 0 0 0 1 4 9 0 2 0 0 1 0 0 2 1 0 0 1 4 4 0 0 0 0 7 0 0 0 0 0 0 14 0 0 0 0 0 0 0 0 1 0 6 0 20 9 2 9 0 0 0 0 0 27 0 13 9 0 1 8 19 21 19 13 25 0 22 2 0 42 0 0 2 0 20 2 9 19 5 0 17 4 0 0 6 3 0 0 0 7 6 0 9 0 0 0 0 9 0 0 0 0 0 0 0 0 0 0 0 0 3 0 0 0 0 0 0 0 3 0 0 0 4 0 9 0 14 20 21 0 0 0 0 13 0 7 0 0 0 0 9 0 1 0 0 26 17 2 20 22 0 0 45 2 23 14 0 38 13 9 0 0 0 8 0 10 0 1 0 0 1 13 0 0 0 0 0 0 0 1 0 0 0 0 0 0 0 0 0 0 0 11 0 0 0 0 0 2 0 0 0 0 0 0 2 2 7 2 0 0 0 0 0 0 0 6 0 0 0 0 0 0 0 0 0 0 0 0 0 0 
 0 0 0 0 0 0 0 0 1 0 0 2 0 0 0 3 0 0 0 0 0 2 0 0 0 0 0 0 0 0 5 3 3 4 0 0 2 1 2 21 72 121 100 96 95 71 41 324 101 210 181 547 299 45 160 0 161 97 352 98 51 1 0 0 0 0 0 0 2 0 0 0 0 2 0 10 0 0 0 63 0 0 0 0 0 0 0 0 0 0 0 0 0 0 0 0 0 0 0 0 4 4 0 0 0 0 0 0 4 0 0 0 0 0 0 0 0 0 0 1 79 2 18 13 60 20 0 0 0 21 0 0 0 18 26 0 0 20 1 14 14 0 0 0 0 0 0 6 0 8 0 0 19 0 0 0 0 0 0 4 4 0 0 0 0 0 0 0 0 0 0 0 0 0 0 0 3 0 0 0 4 0 0 5 0 0 0 0 0 0 0 0 9 0 0 0 0 0 0 0 0 4 8 0 50 21 0 18 38 13 20 5 0 1 14 0 39 23 0 8 7 0 0 0 0 10 0 0 0 0 0 0 0 0 0 10 11 0 7 15 0 0 0 0 0 0 0 0 0 0 0 8 0 2 0 0 0 0 1 2 0 0 0 0 0 9 0 0 0 0 6 0 0 0 0 0 0 0 0 0 0 0 0 0 0 0 0 3 2 0 
 3 3 3 3 2 2 3 3 5 10 2 5 3 3 5 2 3 3 2 5 3 2 0 0 62 63 0 0 1 0 8 68 0 0 0 0 2 0 0 0 32 72 216 154 368 86 717 305 247 182 210 106 62 109 278 161 0 423 105 167 3 0 0 0 0 0 0 3 2 0 0 0 0 1 0 0 207 0 0 0 0 0 0 0 0 0 0 0 0 0 0 0 0 0 0 0 0 0 1 0 0 0 0 0 0 0 0 0 0 0 0 0 0 0 0 0 0 0 0 0 38 38 9 0 0 53 0 4 36 0 0 0 13 7 27 6 3 42 11 53 16 0 0 5 1 0 0 0 0 0 0 0 2 0 0 0 0 0 0 18 0 0 0 0 0 0 0 0 0 0 0 0 0 0 0 44 5 0 0 0 0 0 0 0 7 0 0 0 0 0 0 0 0 0 0 0 0 0 0 0 0 9 5 0 0 0 0 18 21 18 27 0 7 22 21 0 4 0 18 0 0 0 0 0 0 1 0 0 0 0 2 0 1 0 0 0 0 0 1 16 0 0 0 0 0 0 0 0 0 0 0 6 0 0 0 0 2 0 15 0 0 0 66 0 0 3 0 9 1 0 0 0 0 0 0 0 0 0 0 0 0 0 0 0 0 19 0 0 0 0 
 3 2 2 2 5 3 2 2 2 3 3 2 2 2 3 3 2 2 3 2 2 2 0 2 0 0 0 2 0 0 1 0 0 32 0 6 0 0 0 0 313 118 224 168 63 83 259 190 101 133 101 59 27 112 65 97 423 0 262 52 51 0 0 1 6 13 0 0 0 1 0 0 23 1 0 0 206 0 0 17 0 0 0 0 0 0 0 0 0 0 0 0 18 0 0 0 0 0 0 0 0 0 0 0 0 0 0 0 0 0 0 21 0 0 0 0 0 0 0 0 0 10 0 1 8 0 11 16 23 0 0 7 3 0 0 9 8 2 0 0 0 13 9 0 0 0 7 0 0 36 27 0 1 12 0 0 0 0 15 12 0 0 0 0 0 0 0 0 0 0 0 0 0 0 0 0 0 0 0 0 0 0 0 0 8 0 0 0 0 0 0 7 0 0 0 0 0 0 0 0 11 10 0 1 0 7 12 0 1 13 15 10 0 6 0 1 9 1 0 0 9 0 0 9 0 21 0 11 0 0 1 13 5 5 55 0 0 0 30 30 0 0 1 0 0 0 0 0 0 0 0 9 0 0 0 0 0 0 0 9 0 0 1 1 2 0 4 1 0 0 1 0 0 0 0 6 0 0 0 0 0 0 0 0 0 25 0 1 0 0 
 85 3 3 3 3 3 3 3 3 3 66 3 3 3 3 3 3 3 3 3 3 0 0 26 95 0 0 0 63 0 3 62 0 0 0 22 0 0 0 0 106 140 29 363 123 34 168 83 590 266 43 259 264 184 113 352 105 262 0 78 0 0 0 0 0 0 51 0 2 0 0 0 0 2 0 0 0 0 0 0 0 0 0 0 0 0 0 0 0 0 0 0 0 0 0 0 0 0 0 0 0 0 0 22 18 9 0 0 0 0 0 0 0 0 0 0 0 0 0 0 19 0 15 17 39 1 6 0 0 8 0 0 0 0 19 14 41 32 21 0 15 0 0 26 5 0 0 0 0 0 0 0 6 0 0 1 0 2 0 0 0 0 0 0 0 0 0 0 0 0 0 0 0 0 0 0 0 0 0 5 0 0 0 29 12 29 0 0 0 0 0 9 0 0 0 0 0 0 0 0 43 0 32 21 8 5 9 6 31 25 0 0 1 16 21 24 23 23 38 8 0 0 0 0 0 0 0 0 0 0 0 0 0 0 0 0 0 0 0 0 0 0 0 0 0 0 0 0 0 0 0 9 0 0 0 0 0 0 0 4 0 0 9 0 2 1 0 1 0 0 0 0 0 0 0 2 0 0 0 0 0 0 0 0 0 4 0 0 0 0 
 0 0 63 0 0 63 0 0 0 0 0 0 0 0 0 0 0 0 0 2 0 131 30 55 62 22 0 0 0 0 63 24 0 3 0 0 29 63 0 3 114 77 90 62 99 49 134 138 169 140 67 169 341 84 120 98 167 52 78 0 11 0 3 0 0 0 1 2 4 0 0 0 8 2 0 3 2 4 0 0 0 0 0 0 9 0 0 0 0 0 0 0 0 0 0 0 0 0 0 9 0 0 0 0 0 1 0 0 0 37 0 0 0 0 0 0 0 0 0 0 6 10 7 8 0 24 0 0 23 9 10 1 12 14 19 7 28 8 1 14 0 0 0 10 0 0 0 3 1 0 0 0 10 0 0 0 4 0 0 0 2 0 0 0 0 0 0 0 0 0 0 0 0 0 0 0 1 0 0 0 0 0 0 27 25 0 0 0 0 0 0 0 0 0 0 0 11 0 0 0 22 11 1 0 0 0 0 2 9 0 20 0 1 0 0 7 9 9 0 0 2 3 0 0 0 0 0 0 0 7 0 0 9 0 44 0 1 23 0 0 0 0 0 0 0 0 0 0 0 0 0 6 0 0 0 0 0 0 0 0 0 0 67 0 0 11 0 0 0 2 0 0 0 2 0 0 0 0 0 0 0 0 0 0 0 18 0 0 0 0 
 0 10 0 0 0 0 0 0 0 0 0 0 0 0 0 0 0 0 0 0 0 6 15 0 3 5 2 0 0 0 4 0 0 0 0 0 3 12 0 3 202 4 54 52 50 268 14 0 0 53 0 0 4 209 0 51 3 51 0 11 0 83 122 63 229 41 86 57 76 81 36 94 123 262 107 74 78 96 54 128 0 2 0 14 0 0 0 0 0 0 0 0 0 0 0 0 0 0 0 0 0 0 0 0 5 0 0 0 0 2 5 0 0 0 0 0 0 0 0 0 0 0 0 1 18 6 4 0 0 0 0 0 4 2 0 0 2 0 0 8 19 19 30 0 0 8 7 0 0 6 0 3 0 27 0 0 50 10 20 20 0 0 0 0 0 0 0 0 0 0 10 0 0 0 0 0 0 0 0 0 0 0 0 4 2 57 0 0 0 0 0 0 0 0 0 0 0 0 0 0 0 0 0 7 11 5 5 0 0 0 0 20 0 0 0 0 0 0 0 0 38 9 5 0 0 0 34 0 45 4 11 0 10 18 8 1 11 14 10 31 0 0 0 0 0 0 0 0 0 0 0 0 0 54 1 0 0 0 0 0 0 0 10 54 0 0 0 0 0 0 4 2 0 2 0 0 0 0 0 0 0 0 0 0 0 1 0 0 0 0 
