 0 267 169 74 132 81 203 238 125 36 44 36 170 58 354 118 122 24 121 45 3 0 0 2 0 0 3 0 2 0 3 0 0 0 0 0 0 0 0 1 2 2 0 0 3 3 0 0 2 2 0 0 0 0 0 0 3 0 3 0 0 0 44 0 2 0 3 0 2 0 0 0 0 2 0 0 3 0 0 0 36 13 0 25 1 0 1 12 0 0 40 0 17 10 7 0 17 33 10 31 0 0 0 0 0 0 0 0 0 0 0 0 21 0 0 0 0 0 7 11 0 0 0 2 0 0 0 0 0 0 0 0 0 0 0 0 0 0 0 0 0 0 0 0 0 0 11 8 0 0 0 0 4 0 0 0 0 0 0 9 0 6 0 11 29 0 2 0 41 0 0 1 1 12 0 10 10 8 9 1 4 0 0 0 0 0 14 0 0 0 0 11 15 0 0 0 0 0 39 0 0 0 0 0 0 0 0 0 0 0 0 0 0 23 0 0 0 0 0 11 0 0 0 0 0 0 0 0 0 0 0 0 0 0 0 0 0 0 0 0 0 0 0 0 0 2 2 2 95 2 1 15 0 0 0 0 0 0 0 0 0 0 0 0 0 0 0 0 0 0 0 0 0 0 0 0 1 0 0 0 0 0 0 0 0 0 0 0 0 0 
 267 0 385 77 383 131 184 520 366 35 238 253 92 46 209 220 53 128 53 49 3 1 0 0 0 0 77 0 2 0 5 1 75 0 0 0 0 0 0 0 2 2 3 5 3 2 0 0 0 2 0 0 0 0 0 0 3 0 3 0 0 0 0 0 2 0 3 47 0 0 0 1 0 2 0 0 3 0 0 0 38 18 0 53 60 0 0 1 0 30 22 21 11 26 12 0 24 27 22 0 0 0 0 0 0 0 0 0 2 0 1 0 43 15 0 0 0 0 1 0 0 0 0 0 0 0 0 0 0 48 0 0 0 0 0 0 0 0 0 0 0 5 0 0 0 0 0 0 0 0 0 0 0 0 0 0 0 0 0 0 0 22 0 0 28 19 10 0 21 15 11 24 10 15 0 1 11 0 6 0 17 0 1 0 0 0 21 0 0 0 0 0 0 0 7 0 0 0 17 23 0 0 0 0 0 0 0 0 0 0 0 0 0 0 0 0 0 0 0 0 0 14 0 0 0 0 0 0 0 0 0 0 0 0 0 0 0 2 0 0 0 0 0 0 0 2 5 2 3 0 0 19 0 0 0 0 1 0 0 0 0 0 7 0 2 0 0 0 0 0 0 0 0 0 0 0 0 17 0 0 0 0 0 0 0 0 0 0 0 0 
 169 385 0 203 164 58 116 221 442 243 39 136 260 53 201 55 236 134 348 227 211 0 209 5 2 0 1 3 4 1 3 0 0 0 2 3 3 0 4 2 4 4 0 0 3 4 2 0 1 2 0 4 0 0 2 0 6 3 3 0 0 2 2 9 9 0 3 5 3 0 0 0 2 2 33 0 3 2 2 0 0 6 0 72 31 0 5 35 24 15 15 21 1 0 12 22 0 16 0 6 0 0 0 0 0 14 0 0 0 0 0 0 17 0 0 0 0 0 0 15 0 0 0 0 0 0 0 2 0 0 0 1 0 0 0 0 0 0 0 2 0 10 0 0 0 0 0 0 0 0 0 0 0 0 0 0 0 0 1 0 18 47 27 23 7 43 6 47 26 4 22 0 16 19 14 0 35 9 24 22 2 0 0 0 0 0 1 0 0 0 0 0 0 0 0 0 0 0 0 0 0 0 0 1 0 0 0 0 0 0 0 0 0 0 0 0 0 0 0 0 0 0 0 0 0 0 0 0 0 0 0 0 0 0 0 0 0 0 0 0 0 7 0 0 0 3 1 2 6 3 0 33 3 0 0 0 0 0 0 0 0 0 0 0 0 2 0 0 0 0 0 0 0 1 0 35 25 11 0 0 0 0 0 0 0 0 0 0 0 1 
 74 77 203 0 124 271 368 254 98 174 310 172 98 172 166 138 136 179 71 517 3 0 0 0 0 0 77 0 4 0 3 0 72 20 0 0 0 0 1 0 2 2 0 0 3 3 0 0 0 2 0 1 0 0 5 0 3 0 3 0 0 0 0 0 2 0 3 0 0 0 0 0 0 2 0 0 3 7 0 0 11 1 17 49 0 0 0 16 8 23 18 36 6 0 10 25 23 18 0 11 13 0 0 0 2 0 13 0 0 11 0 0 35 9 0 13 0 0 2 13 0 0 0 0 1 0 0 0 0 0 0 0 1 0 0 6 0 0 0 0 0 0 0 0 0 0 2 0 0 0 0 0 0 0 0 0 0 0 0 1 0 24 8 11 18 16 0 0 17 44 9 12 0 0 0 19 0 38 5 0 0 0 3 0 0 0 27 1 10 0 0 0 0 13 11 0 0 0 30 36 0 0 25 0 0 0 0 0 0 0 0 0 13 0 0 0 0 0 0 0 0 0 0 0 1 0 0 0 0 0 0 0 0 0 0 0 0 0 0 0 0 0 0 0 0 0 0 2 3 14 2 6 13 0 0 0 0 0 0 0 0 0 0 0 0 0 0 0 0 0 0 0 0 0 0 0 17 0 0 0 0 0 0 0 0 1 0 0 0 0 
 132 383 164 124 0 186 154 177 207 194 109 88 79 88 190 150 59 319 68 105 3 0 0 0 0 74 76 1 2 122 2 0 152 23 0 0 0 0 80 0 2 2 0 0 3 1 0 0 0 2 0 0 0 0 0 0 3 0 3 1 0 0 0 0 2 0 3 58 0 0 0 0 0 2 0 0 3 0 0 0 0 12 15 43 12 12 0 15 18 24 47 0 1 0 13 0 3 37 0 0 14 0 0 14 0 1 47 0 2 1 0 0 42 11 20 0 0 0 0 25 0 0 0 0 0 0 0 0 1 0 0 0 0 0 0 2 0 0 10 0 0 12 0 0 0 0 0 0 0 0 0 0 0 0 1 0 0 0 0 0 0 33 0 20 19 21 6 1 14 54 13 0 0 0 0 3 2 10 0 0 0 13 1 0 0 0 29 12 23 0 0 0 20 29 20 0 9 0 8 26 0 0 0 0 0 0 0 0 0 0 0 0 0 0 0 1 0 0 2 0 0 0 1 0 0 0 0 0 0 0 0 0 0 0 0 0 0 1 0 0 0 1 0 0 0 1 1 0 6 8 1 7 0 0 0 0 0 0 0 0 0 0 0 0 0 0 0 0 0 2 0 0 0 0 0 0 0 8 0 0 0 0 0 0 0 0 0 0 0 0 
 81 131 58 271 186 0 41 340 295 287 131 54 44 45 66 77 102 47 57 81 76 147 0 84 1 0 7 73 77 1 11 2 5 2 74 0 0 0 4 2 2 2 0 0 3 24 0 0 1 7 0 2 0 0 0 0 10 2 3 75 0 0 9 0 2 0 3 0 0 10 7 0 11 13 0 0 14 0 0 1 0 42 14 0 29 10 0 11 0 21 6 39 10 0 26 5 10 17 0 0 1 0 0 0 1 0 32 11 0 14 0 0 10 13 38 24 13 0 85 10 0 0 0 0 0 0 0 0 7 0 0 0 0 1 0 0 0 0 0 0 11 0 0 0 0 0 1 0 0 0 0 0 0 0 0 0 0 0 0 2 0 0 6 0 9 8 0 0 0 8 0 1 0 0 0 59 9 0 1 0 19 16 0 0 0 0 1 0 11 0 13 0 44 1 0 15 14 5 25 19 0 0 0 0 0 0 0 0 1 0 0 0 0 0 0 0 0 0 0 0 0 14 0 0 0 0 0 0 0 0 0 0 0 0 0 0 0 0 0 0 0 0 0 0 0 2 0 0 87 0 1 2 6 0 0 0 0 0 0 0 0 0 0 0 0 0 0 0 0 0 0 0 0 0 0 0 0 0 0 0 0 0 0 0 0 2 4 0 0 0 
 203 184 116 368 154 41 0 416 79 429 50 246 173 62 144 201 105 51 325 233 3 0 0 0 0 0 3 0 2 0 3 0 0 0 0 0 3 0 0 2 2 2 0 0 3 3 0 0 2 2 0 0 0 0 0 0 3 0 3 0 0 0 0 0 2 0 3 0 0 0 0 0 32 2 0 0 3 0 0 0 11 0 0 0 0 0 67 10 32 0 0 1 0 14 0 0 1 14 31 0 0 2 0 0 0 0 0 0 0 0 0 0 0 0 0 0 0 0 0 16 0 0 2 0 0 1 0 0 0 0 0 0 2 1 1 0 0 0 0 0 0 0 0 0 0 0 0 0 0 0 0 0 1 0 0 1 0 0 0 0 20 5 0 10 0 0 7 0 0 0 10 10 8 15 21 0 4 11 0 14 0 0 0 0 0 0 1 0 0 0 0 0 0 0 0 0 0 0 0 0 0 0 0 0 0 0 0 0 0 0 0 0 0 0 0 0 0 0 0 0 0 0 0 0 0 0 0 0 0 0 0 0 0 0 0 1 0 0 19 0 0 10 0 0 0 0 2 0 2 1 0 1 1 0 0 0 0 0 0 0 0 0 0 0 0 0 0 0 0 0 0 0 0 0 0 0 0 0 0 0 0 0 0 0 0 0 0 0 0 0 
 238 520 221 254 177 340 416 0 255 306 319 15 187 489 227 261 247 74 273 76 3 204 0 0 0 1 2 0 2 0 2 0 0 0 0 0 2 0 0 4 2 2 3 0 3 3 0 16 5 2 0 0 0 0 0 2 3 0 3 0 1 0 0 2 4 0 3 0 1 0 2 2 0 2 0 0 4 0 0 0 1 6 11 30 32 0 0 9 9 25 11 9 13 34 27 13 2 48 55 29 0 0 0 0 0 0 0 0 0 0 0 0 27 0 0 0 1 0 6 0 0 0 0 0 0 0 0 0 0 0 0 0 0 0 0 0 0 0 0 0 0 5 0 2 0 0 0 0 0 0 0 0 0 0 0 0 0 0 0 0 0 22 17 0 0 25 2 0 0 9 0 27 10 10 0 27 0 0 0 28 0 0 0 0 0 1 0 0 0 0 0 0 17 0 0 0 0 0 30 8 0 0 0 0 0 0 0 0 0 0 0 0 0 0 0 0 0 0 0 1 0 0 0 0 0 0 0 0 0 0 0 0 0 0 0 0 0 0 0 0 0 0 0 0 0 0 0 0 7 88 20 5 10 2 0 0 0 0 0 0 4 0 0 0 0 0 0 0 0 0 0 16 0 0 0 0 0 26 0 0 0 0 0 0 0 0 0 0 0 5 
 125 366 442 98 207 295 79 255 0 163 46 323 75 215 297 49 132 143 61 72 4 0 0 2 1 2 1 75 5 55 3 1 1 76 2 0 3 0 82 1 6 2 0 4 3 3 0 6 0 2 0 19 0 0 0 0 6 0 66 0 37 0 0 0 2 0 3 4 0 0 0 0 0 5 0 4 61 6 0 2 0 11 13 54 29 0 0 14 21 16 29 41 26 9 37 2 28 20 0 0 6 2 0 0 0 0 1 0 0 0 0 0 25 0 2 0 0 0 11 12 0 0 2 0 0 1 0 0 0 0 0 0 0 0 0 0 0 0 0 0 0 5 0 0 0 0 0 0 0 0 0 0 0 0 0 0 0 1 0 0 0 15 3 6 33 21 7 0 24 0 6 39 0 0 15 45 23 32 0 13 33 12 0 0 0 0 36 0 27 0 0 0 12 4 0 0 1 0 26 0 32 0 0 0 0 0 0 0 0 0 0 0 0 0 0 0 0 0 2 0 0 0 0 0 0 0 0 0 0 0 0 0 0 0 0 0 0 0 1 0 0 0 0 0 0 4 4 0 54 95 10 13 0 0 0 0 0 1 2 0 0 0 5 0 0 0 0 0 0 0 0 0 0 0 0 35 0 8 0 0 0 0 0 0 0 0 0 0 0 0 
 36 35 243 174 194 287 429 306 163 0 268 350 273 168 189 171 118 111 82 113 3 0 0 0 0 1 2 0 2 0 3 0 39 75 74 0 3 0 77 73 4 2 0 0 3 3 0 3 2 2 0 3 0 0 0 0 3 0 3 0 2 0 0 0 2 0 4 2 0 0 0 0 2 2 0 2 6 1 0 2 0 11 12 61 0 0 16 27 12 9 37 5 19 15 0 44 15 14 19 23 10 0 0 0 0 0 1 0 0 0 0 0 7 1 11 0 2 0 18 34 0 16 0 0 0 0 0 0 1 0 0 0 0 0 0 0 0 0 0 0 0 0 0 0 0 0 0 0 0 0 0 0 0 0 0 8 0 0 0 0 0 24 34 38 14 0 0 13 26 2 3 14 14 13 0 9 9 18 10 0 0 13 22 0 0 0 31 0 8 0 0 0 0 0 0 0 11 4 0 0 0 0 0 0 0 0 0 0 0 0 0 0 0 0 0 0 0 0 0 0 2 0 0 0 0 0 0 0 0 2 0 0 0 0 0 0 0 0 0 0 0 1 0 0 1 1 2 0 4 181 2 18 9 0 0 0 0 0 0 0 0 0 0 0 0 0 0 0 0 0 0 0 0 0 0 15 7 0 0 0 0 0 0 0 0 0 0 0 0 14 
 44 238 39 310 109 131 50 319 46 268 0 278 92 140 69 87 177 87 247 80 4 0 0 0 0 0 75 102 2 0 3 0 73 65 115 0 0 0 67 74 2 2 0 4 3 3 0 0 3 2 0 0 0 0 0 0 3 0 3 1 0 0 0 0 2 0 3 0 0 0 0 0 0 2 0 0 3 0 0 79 9 1 13 9 27 18 0 0 1 19 8 35 6 0 1 11 20 0 0 25 21 0 0 0 0 0 0 1 0 7 0 0 26 29 39 20 0 9 1 0 0 0 0 0 0 0 0 15 0 0 0 0 0 0 0 0 0 0 0 0 0 0 0 0 0 0 0 0 0 0 0 0 0 0 0 6 11 0 0 0 0 0 0 19 18 17 0 0 0 16 3 11 0 0 0 20 13 29 4 0 2 0 0 0 2 0 11 0 32 0 0 0 13 14 25 0 15 35 13 30 0 0 0 0 0 0 0 0 0 0 0 0 0 0 0 0 0 0 0 0 0 0 0 0 0 0 0 0 0 2 0 0 14 0 0 0 0 0 0 0 0 0 0 0 0 2 92 0 1 8 0 5 9 0 0 0 0 0 1 0 0 0 0 0 0 0 0 0 0 0 0 0 1 0 0 17 14 0 0 0 0 0 0 0 0 0 0 0 0 0 
 36 253 136 172 88 54 246 15 323 350 278 0 40 21 182 78 154 448 34 32 5 2 0 1 1 0 2 0 2 0 2 0 2 24 1 0 0 0 82 0 2 2 0 8 3 3 0 0 2 2 0 0 0 0 0 0 3 0 3 1 0 0 0 0 2 0 3 0 3 0 0 0 0 2 0 0 3 5 0 0 0 16 33 19 3 0 0 26 26 14 47 28 13 0 14 12 54 9 0 0 25 0 0 7 0 0 15 37 16 6 0 0 13 11 22 0 0 0 15 30 0 0 0 0 0 0 0 17 0 0 0 0 0 0 0 0 0 0 0 0 0 0 0 0 0 0 0 0 0 0 0 0 0 0 0 5 0 0 0 0 19 21 28 28 27 25 32 0 30 11 1 62 0 0 10 4 27 7 0 0 36 5 25 16 0 0 31 10 26 0 0 0 0 12 17 10 38 0 11 9 0 0 0 11 0 0 12 0 0 0 0 0 0 0 0 0 0 0 0 0 0 0 0 0 0 0 0 0 0 0 0 0 0 0 0 0 0 2 0 0 0 0 0 0 0 4 1 2 1 8 5 7 0 0 0 0 0 0 0 0 1 0 8 0 0 0 0 0 0 0 0 0 0 0 4 35 0 0 0 0 0 0 0 0 0 0 0 0 0 0 
 170 92 260 98 79 44 173 187 75 273 92 40 0 467 34 62 108 232 81 306 3 0 0 0 0 0 2 0 4 74 3 0 0 2 0 0 0 0 0 1 2 2 0 0 3 3 0 0 2 2 0 0 0 0 0 0 3 34 3 0 0 0 0 0 2 0 4 0 0 0 0 0 0 2 0 0 3 0 0 0 10 0 1 31 23 0 26 1 8 1 0 16 0 24 0 20 10 10 16 19 0 0 0 0 0 0 0 0 0 0 0 0 0 0 0 0 0 0 0 0 0 0 12 1 0 0 0 0 0 0 0 2 0 11 0 0 0 0 0 0 3 0 15 0 0 0 0 0 0 0 0 0 1 0 0 0 0 0 0 10 6 7 12 0 0 17 9 59 27 10 12 21 25 30 2 2 0 26 39 45 0 0 0 0 0 0 0 0 2 14 0 0 0 1 0 0 0 0 18 0 0 0 0 0 0 0 0 2 0 0 0 0 0 0 0 0 0 0 0 0 0 0 0 0 0 2 0 0 0 0 0 1 39 0 0 0 0 0 0 0 0 8 0 0 0 0 88 0 1 1 10 5 0 0 0 0 0 0 0 0 0 0 10 0 0 0 0 0 0 0 0 0 0 0 0 0 18 0 0 0 0 0 0 3 0 0 0 0 0 0 
 58 46 53 172 88 45 62 489 215 168 140 21 467 0 332 41 134 43 96 480 3 0 0 0 0 0 1 0 2 0 4 0 0 0 2 0 0 0 0 2 2 2 0 0 3 3 0 0 3 2 0 0 0 1 0 0 3 0 3 0 0 0 0 0 2 0 3 0 0 0 0 3 0 2 0 0 3 0 0 0 23 29 10 19 7 0 18 0 0 19 0 34 27 1 8 37 51 0 12 17 0 0 0 0 0 0 0 2 0 0 0 0 19 0 0 0 0 0 7 0 0 18 0 0 0 0 0 0 0 0 0 0 0 0 15 0 0 0 0 0 0 0 0 0 0 0 0 0 0 0 0 0 0 0 0 0 0 0 0 0 38 0 54 0 0 9 11 29 0 0 53 29 36 1 18 25 0 23 5 10 0 0 0 0 24 0 0 0 0 0 0 0 12 0 0 0 0 0 27 0 0 0 0 0 0 0 0 0 0 0 0 0 0 0 0 0 0 0 0 2 1 0 0 0 0 0 0 0 0 0 0 0 0 0 0 0 0 0 0 0 0 0 0 0 0 2 18 0 91 47 14 1 15 2 0 0 0 0 0 0 0 0 0 0 0 0 1 0 0 0 0 0 0 0 0 0 22 1 0 0 0 0 0 0 0 11 0 0 0 0 
 354 209 201 166 190 66 144 227 297 189 69 182 34 332 0 114 137 421 129 346 5 76 0 0 0 2 2 0 2 0 3 0 0 0 0 0 1 0 0 1 2 2 0 0 3 3 0 0 0 3 0 0 0 0 2 0 5 0 3 0 0 0 0 0 2 0 3 0 0 0 0 0 0 2 0 0 2 1 0 0 0 13 0 35 18 0 1 42 28 57 20 3 17 0 28 0 2 23 15 1 0 0 0 0 0 0 0 0 0 0 0 0 18 0 0 0 0 0 0 19 0 0 2 0 0 1 0 0 0 0 0 0 0 0 1 0 0 0 0 0 0 5 0 0 0 0 0 0 0 0 0 0 0 0 0 0 0 0 0 0 14 79 11 25 25 50 6 0 29 0 6 22 1 0 10 0 18 29 0 0 20 0 0 0 0 0 28 0 0 1 0 0 0 0 2 0 0 0 0 0 0 0 0 0 0 0 0 0 0 0 0 0 0 0 0 0 0 0 0 0 0 5 0 0 0 0 0 0 0 0 0 0 0 0 0 1 0 0 0 0 0 0 0 0 0 5 4 1 0 2 0 4 0 0 0 0 0 0 0 0 0 0 14 0 0 0 0 0 0 0 0 0 0 0 0 24 0 11 0 0 0 0 0 0 0 0 0 0 0 0 
 118 220 55 138 150 77 201 261 49 171 87 78 62 41 114 0 74 54 61 79 3 0 0 2 0 0 3 0 2 0 2 0 0 0 1 1 0 0 0 1 2 2 0 0 3 2 0 0 2 2 0 0 2 0 4 0 3 0 3 8 0 0 0 0 2 0 3 0 0 0 0 0 0 2 0 0 3 0 0 0 17 11 12 23 0 2 0 75 29 1 0 11 0 38 43 6 20 19 56 10 0 0 0 0 0 0 0 0 0 2 0 0 0 0 0 0 0 0 19 13 0 0 0 0 0 0 0 0 0 0 0 0 0 0 0 0 0 0 0 0 0 0 0 0 2 0 3 0 0 0 0 0 0 0 3 0 0 0 0 0 0 7 41 0 2 0 0 6 0 30 0 17 18 19 0 13 12 0 0 14 0 0 20 0 0 0 0 0 0 2 0 0 0 0 0 0 1 0 37 16 0 0 0 0 0 0 0 0 0 0 0 0 0 0 0 0 1 0 0 0 0 2 1 1 0 0 0 0 0 0 0 0 0 0 0 0 1 0 0 0 0 0 0 0 0 2 0 0 57 1 0 13 0 0 0 0 0 0 0 0 0 0 0 0 0 0 0 0 0 8 0 0 0 0 0 0 0 0 0 0 0 0 0 0 0 0 0 0 0 0 
 122 53 236 136 59 102 105 247 132 118 177 154 108 134 137 74 0 51 38 133 3 0 0 0 2 0 1 0 2 0 3 0 0 0 0 0 0 0 0 1 2 2 0 0 3 3 0 0 0 2 0 0 0 0 0 0 3 0 3 0 0 0 0 0 2 0 3 0 0 0 0 0 0 2 0 0 3 7 0 0 14 63 0 0 0 0 13 24 35 22 0 52 0 27 24 26 13 4 0 30 0 0 0 0 0 0 0 0 0 0 0 0 0 0 0 0 0 0 0 2 0 0 0 0 0 0 0 0 0 0 0 0 0 0 0 0 0 0 0 16 0 0 0 0 0 0 0 0 0 0 0 0 3 0 0 0 0 0 0 4 8 22 1 2 9 0 0 20 11 12 21 0 0 36 15 16 11 21 23 0 0 0 0 0 0 0 0 0 0 0 0 0 0 0 0 0 0 0 0 0 0 0 0 0 0 0 0 0 0 0 0 0 0 0 0 0 0 0 0 0 10 0 0 0 0 0 0 0 0 0 0 0 0 0 0 0 0 0 0 0 0 12 0 0 0 0 1 0 3 1 1 7 0 0 0 0 0 0 0 0 0 0 0 0 0 0 0 0 0 0 0 0 0 0 0 24 57 0 0 0 0 0 0 0 0 0 0 0 0 0 
 24 128 134 179 319 47 51 74 143 111 87 448 232 43 421 54 51 0 21 34 3 0 0 0 0 0 75 0 2 0 2 0 121 74 0 0 2 0 77 3 2 2 3 0 3 1 0 0 5 2 0 0 70 0 2 2 3 1 3 0 0 0 39 2 5 0 4 0 0 0 0 0 0 2 0 0 3 6 3 2 0 7 43 16 14 0 1 18 79 24 9 27 0 15 26 0 10 15 14 9 24 0 0 0 0 0 4 0 0 10 0 0 54 13 1 9 0 0 0 10 0 0 0 0 0 0 0 0 0 0 0 0 0 0 0 0 0 0 0 0 0 5 0 0 0 0 0 0 0 2 0 0 0 0 0 0 0 0 0 0 0 22 17 5 10 14 0 0 0 45 2 2 1 12 15 27 9 31 0 10 0 71 1 0 0 0 19 1 8 0 0 0 0 3 13 0 0 0 0 34 0 0 0 0 0 0 19 0 0 0 0 0 0 0 0 0 0 0 0 0 0 0 0 0 0 0 0 0 0 0 0 0 0 0 0 0 0 0 0 0 0 16 0 0 0 2 3 3 0 89 0 6 0 2 0 0 0 0 0 0 0 0 0 0 0 11 0 0 0 0 0 0 0 0 0 19 0 27 0 0 0 0 0 0 0 0 0 0 0 0 
 121 53 348 71 68 57 325 273 61 82 247 34 81 96 129 61 38 21 0 114 3 0 0 0 0 0 2 0 2 0 2 0 0 0 0 0 35 201 0 1 2 2 0 0 3 3 0 0 1 2 0 0 0 0 0 62 3 0 3 0 0 0 0 0 2 0 4 0 0 0 0 0 0 2 0 0 3 0 0 0 14 21 20 0 0 1 83 15 10 0 0 0 0 17 2 25 12 0 49 28 0 0 0 0 0 0 0 0 0 0 0 0 0 0 0 0 0 0 0 2 0 1 0 0 0 0 0 0 0 0 0 0 0 0 18 0 0 2 0 0 0 0 0 0 0 0 0 0 0 0 0 0 0 0 0 0 0 0 0 0 28 9 1 0 1 0 18 33 0 0 0 0 9 9 50 12 4 0 9 34 0 0 0 0 0 0 0 0 0 1 0 0 0 0 0 0 0 0 0 0 0 0 0 0 0 0 0 0 0 0 0 0 0 0 0 0 2 0 0 0 0 1 0 2 0 0 0 0 0 2 0 0 0 0 0 0 2 0 0 0 0 0 0 0 0 0 2 0 2 0 2 14 0 0 0 0 0 0 0 0 0 0 0 0 0 0 0 0 0 0 0 0 0 0 0 0 0 0 0 0 0 0 0 0 0 0 0 0 0 0 
 45 49 227 517 105 81 233 76 72 113 80 32 306 480 346 79 133 34 114 0 3 0 0 3 0 0 3 0 2 1 2 0 0 0 0 0 0 0 0 1 2 9 0 0 3 3 0 0 11 69 0 0 0 0 0 0 3 0 3 0 0 0 0 0 2 2 3 0 0 0 0 0 0 2 0 0 3 0 0 0 17 0 36 28 39 21 30 0 10 1 0 16 0 26 0 19 9 10 0 36 0 0 0 3 0 0 0 0 0 0 0 0 0 0 0 0 0 0 0 0 0 0 0 0 0 0 0 0 0 0 0 0 0 2 0 0 0 0 1 0 0 0 0 0 0 13 0 0 0 0 0 0 0 0 0 0 0 0 0 0 9 8 12 0 0 15 0 28 3 20 32 21 14 41 2 0 1 18 32 40 0 0 0 0 0 0 0 0 0 0 0 1 0 7 31 0 0 15 28 0 0 0 0 0 0 0 0 0 0 0 0 0 0 0 0 0 0 0 0 0 0 0 0 0 0 0 0 0 0 0 0 0 0 0 0 0 0 0 0 0 0 20 0 0 5 4 2 0 2 2 10 8 0 0 0 0 0 0 0 0 0 0 0 0 0 0 0 0 0 0 0 0 0 0 0 0 35 0 0 0 0 0 0 0 0 0 0 0 0 0 
 3 3 211 3 3 76 3 3 4 3 4 5 3 3 5 3 3 3 3 3 0 187 463 392 250 87 131 130 56 576 109 263 92 116 206 146 316 95 45 266 0 0 0 3 0 1 3 2 2 4 0 0 0 0 0 3 8 2 63 61 3 2 0 0 0 0 0 0 0 0 0 0 3 0 0 0 2 0 0 0 0 0 0 0 0 23 0 0 0 0 0 0 0 24 0 14 0 0 0 0 22 41 40 0 0 0 18 13 37 0 19 8 0 33 5 18 12 22 22 2 0 0 1 0 0 0 3 0 0 0 0 12 19 1 0 0 1 0 0 14 8 0 0 0 3 0 0 0 0 0 5 0 0 0 0 0 0 0 0 1 0 0 0 0 11 15 0 0 0 0 0 0 0 0 0 0 0 0 0 0 0 15 2 0 44 0 18 42 0 51 13 18 39 14 9 5 14 1 15 21 0 0 0 0 9 0 0 20 0 0 0 2 10 0 0 0 0 0 0 0 0 2 0 0 0 21 0 0 0 0 0 0 2 0 0 0 0 0 0 0 0 0 0 0 0 0 0 0 0 0 0 0 0 0 0 0 0 82 1 0 14 9 0 0 0 0 14 0 0 0 0 0 0 0 0 0 0 0 0 0 0 29 0 0 0 8 3 0 0 0 
 0 1 0 0 0 147 0 204 0 0 0 2 0 0 76 0 0 0 0 0 187 0 161 168 320 30 46 73 285 238 114 190 141 251 127 272 178 105 66 189 0 0 0 3 0 0 3 0 1 2 205 0 0 0 0 3 0 2 63 2 0 2 0 0 0 0 0 0 0 0 0 0 2 0 0 0 2 0 0 0 0 0 0 0 0 1 0 0 0 0 0 0 0 0 0 0 0 0 0 0 0 1 38 0 37 0 0 29 17 0 0 0 0 0 13 19 17 18 7 0 2 0 0 0 0 0 26 0 0 0 0 0 14 5 0 0 1 0 1 24 2 0 0 0 2 0 0 0 0 0 0 0 0 0 0 0 2 0 0 0 0 0 0 0 0 0 0 0 0 0 0 0 0 0 0 0 0 0 0 0 8 13 14 24 80 0 10 0 30 6 30 12 10 0 1 18 0 19 0 0 0 9 0 0 0 12 29 0 9 0 0 0 5 0 0 0 0 0 1 21 0 12 0 0 0 0 0 0 14 0 0 0 0 0 0 0 0 0 0 0 0 0 1 0 0 0 0 0 0 0 0 0 0 0 7 0 2 77 1 2 5 1 0 0 0 0 0 0 0 0 0 0 0 0 0 0 0 0 0 12 0 20 0 0 0 0 11 0 0 0 
 0 0 209 0 0 0 0 0 0 0 0 0 0 0 0 0 0 0 0 0 463 161 0 179 445 50 175 369 113 172 65 94 141 126 54 148 118 273 33 40 0 0 0 0 1 0 0 0 2 1 2 0 63 0 0 0 1 0 0 136 0 0 0 0 0 0 0 0 0 0 2 0 0 0 0 0 0 0 0 0 0 0 0 1 0 0 0 0 0 0 0 0 0 0 0 1 0 0 0 2 14 32 29 0 0 9 0 1 25 0 35 36 0 0 19 4 0 18 0 0 0 0 0 0 0 0 21 4 0 0 0 0 1 13 9 0 0 0 18 5 0 0 0 1 0 0 0 0 0 0 0 0 0 0 0 0 41 9 0 0 0 0 0 0 0 0 0 0 0 0 0 0 0 0 0 0 0 0 0 0 0 24 41 0 3 0 0 29 0 24 38 9 0 23 0 9 19 12 0 0 0 6 0 0 0 0 12 0 8 0 0 0 21 0 8 0 0 0 0 9 0 0 0 0 0 0 0 2 13 0 0 0 0 7 0 1 0 0 0 0 0 0 0 0 0 0 0 0 0 0 0 0 0 0 4 4 0 82 56 0 0 2 0 0 0 0 19 0 0 0 0 0 0 0 0 0 0 0 0 0 0 4 0 0 0 4 0 0 0 0 
 2 0 5 0 0 84 0 0 2 0 0 1 0 0 0 2 0 0 0 3 392 168 179 0 172 177 85 79 162 382 169 191 168 381 138 47 488 62 111 356 4 0 0 5 0 0 12 73 1 0 0 0 67 2 19 3 0 4 61 0 0 2 0 0 0 0 0 5 0 0 6 0 3 0 0 4 8 0 0 2 0 0 0 0 0 0 0 0 0 2 0 0 0 0 0 1 0 0 0 0 1 0 38 55 2 15 8 17 0 0 42 0 0 0 19 17 21 13 11 0 32 18 1 0 2 0 12 9 0 2 2 0 11 0 15 0 0 5 1 0 1 0 0 0 5 0 0 0 0 0 1 0 0 0 0 0 0 0 0 0 0 0 0 1 0 6 0 0 0 22 0 0 0 0 2 0 0 0 0 0 21 38 0 21 12 57 9 0 7 0 28 7 1 1 1 11 1 9 0 0 9 2 1 0 0 0 13 20 17 0 1 0 19 0 0 0 0 26 2 17 0 17 0 0 0 0 0 0 0 0 0 0 0 0 0 0 0 0 0 0 0 0 0 0 0 0 0 0 2 0 0 0 0 0 11 2 0 3 2 0 2 6 0 0 0 0 0 0 0 0 0 0 0 0 0 0 0 0 0 0 0 8 0 0 0 8 30 0 0 0 
 0 0 2 0 0 1 0 0 1 0 0 1 0 0 0 0 2 0 0 0 250 320 445 172 0 336 86 145 264 261 179 171 377 299 110 174 355 169 281 73 0 0 7 3 0 0 67 2 1 0 0 0 61 1 0 3 0 2 6 77 0 2 0 0 0 0 0 0 0 0 0 2 3 0 0 0 2 0 0 0 0 0 0 0 3 0 0 1 0 0 0 0 0 0 0 0 0 0 0 0 0 0 28 0 15 2 0 37 0 13 29 4 0 0 0 14 10 1 0 2 2 0 0 0 0 0 14 21 0 0 0 0 0 1 18 0 17 0 11 14 0 0 0 0 3 0 0 0 13 0 0 0 0 0 0 0 16 0 0 0 0 0 0 0 0 0 0 0 0 0 0 0 0 0 0 0 2 0 0 0 0 16 43 0 16 10 0 1 3 38 39 9 0 18 0 9 3 22 0 0 0 10 0 0 0 0 21 15 12 0 0 2 19 1 9 0 24 0 27 38 0 2 0 0 0 0 0 0 0 0 0 0 2 0 0 0 0 0 0 0 0 0 0 0 0 0 0 0 0 0 0 0 0 1 12 0 1 116 79 0 7 2 0 0 0 0 0 0 0 0 0 0 0 0 49 0 0 0 0 21 0 19 0 0 0 0 0 0 0 0 
 0 0 0 0 74 0 0 1 2 1 0 0 0 0 2 0 0 0 0 0 87 30 50 177 336 0 33 29 260 360 554 64 518 83 96 145 275 141 83 108 1 0 31 3 0 0 68 3 2 0 0 0 62 0 22 3 0 3 67 129 0 2 0 0 51 0 0 0 0 0 0 0 2 0 0 0 2 0 0 0 0 0 0 0 1 0 0 0 0 0 0 0 0 0 0 0 0 1 0 0 5 24 7 4 33 3 1 10 21 0 14 3 0 0 0 10 8 20 0 0 12 17 12 0 0 0 0 21 28 0 16 0 19 0 24 13 14 19 0 15 26 1 0 0 3 0 0 0 0 0 4 1 0 0 0 0 0 0 11 10 8 0 0 0 0 0 0 0 0 1 0 7 0 1 0 0 0 0 0 0 0 0 17 9 28 33 18 0 0 13 10 1 1 1 2 0 72 0 0 0 0 12 12 14 0 0 12 11 0 0 11 1 0 13 6 12 42 0 18 2 0 0 0 0 0 0 0 0 0 0 0 0 0 0 0 0 0 0 19 0 0 0 0 0 0 0 0 0 0 0 0 0 0 0 20 0 1 91 0 48 1 30 0 0 0 0 0 0 0 0 0 0 0 0 0 0 0 0 0 0 0 14 0 0 0 0 0 0 0 0 
 3 77 1 77 76 7 3 2 1 2 75 2 2 1 2 3 1 75 2 3 131 46 175 85 86 33 0 156 34 36 36 21 490 31 54 34 115 62 187 33 0 4 2 3 0 2 5 0 2 2 2 2 2 2 0 3 3 4 0 4 0 3 0 0 0 0 0 1 0 0 0 1 3 0 0 2 2 2 0 0 0 25 0 0 0 0 0 0 0 14 3 0 0 0 0 0 26 0 0 0 2 9 0 13 0 0 0 0 0 8 31 0 14 24 13 11 0 1 9 0 0 0 0 0 2 0 0 0 0 0 2 0 0 0 0 0 0 0 0 0 0 0 0 0 0 0 0 0 0 0 1 0 0 0 0 0 0 5 0 13 0 0 0 1 7 0 1 0 0 18 0 0 0 0 2 0 10 0 0 1 10 25 38 0 0 0 11 23 19 22 13 0 0 24 4 29 0 23 8 10 0 0 1 0 0 0 0 0 0 0 0 0 0 0 0 0 1 0 3 0 0 0 0 2 0 0 0 0 0 0 0 0 0 0 0 0 0 0 0 0 0 0 0 0 0 0 0 0 0 1 0 0 0 0 2 0 2 1 77 2 0 0 0 0 0 0 0 1 0 0 0 0 0 0 0 0 0 0 0 0 0 0 0 0 0 0 0 0 0 0 
 0 0 3 0 1 73 0 0 75 0 102 0 0 0 0 0 0 0 0 0 130 73 369 79 145 29 156 0 146 116 49 30 169 228 158 29 536 183 68 167 0 0 0 3 0 0 3 0 3 0 64 2 0 0 2 3 0 2 0 29 0 2 0 0 0 0 0 0 0 0 0 0 2 0 0 0 2 0 0 0 0 10 0 0 0 47 0 0 0 0 11 0 0 0 0 0 0 0 0 0 0 34 0 49 0 18 14 0 0 11 22 0 0 2 31 2 0 14 19 3 0 0 0 0 0 0 0 0 0 0 0 0 0 0 0 0 0 0 7 0 0 0 0 0 0 22 0 0 6 0 0 0 0 0 0 1 0 0 0 0 0 0 0 45 0 0 0 0 0 10 0 0 0 0 0 0 0 0 0 0 26 38 1 0 0 0 0 11 0 10 22 6 10 7 8 9 13 13 0 43 0 0 0 0 0 0 0 0 0 9 0 0 0 0 0 0 0 0 0 0 0 16 0 0 0 0 0 0 2 0 0 0 0 0 0 0 0 0 1 0 0 0 0 0 0 0 0 0 0 0 0 0 0 0 1 0 1 76 9 1 8 2 0 0 0 0 0 0 0 0 0 0 0 0 0 0 0 0 0 0 0 0 0 0 0 0 0 0 0 0 
 2 2 4 4 2 77 2 2 5 2 2 2 4 2 2 2 2 2 2 2 56 285 113 162 264 260 34 146 0 393 40 482 188 181 466 262 144 111 91 63 0 0 0 3 0 0 4 0 0 0 0 0 0 0 3 65 0 2 62 1 0 2 0 0 0 1 0 0 0 0 0 0 2 0 0 0 2 1 0 0 0 0 6 0 0 0 0 0 0 16 0 0 0 0 0 0 0 0 0 0 0 0 0 0 36 0 10 19 24 18 0 34 0 0 10 33 39 16 15 0 1 0 0 4 0 0 31 0 0 0 0 0 24 21 0 0 0 0 19 32 0 0 0 0 3 0 0 0 0 0 0 0 0 0 0 0 8 0 1 0 0 0 0 0 0 2 6 0 0 0 0 0 0 0 0 0 0 0 0 0 11 6 0 23 69 0 0 10 20 37 10 11 0 0 0 12 0 19 0 18 0 29 0 0 0 0 29 3 20 0 0 0 21 0 0 0 0 0 20 51 0 9 0 0 0 0 0 0 6 0 0 0 0 0 0 0 0 0 2 0 0 0 25 0 0 0 0 0 0 0 0 0 0 15 4 0 1 1 4 0 1 0 0 0 0 0 0 0 0 0 0 0 0 0 0 0 0 0 0 35 0 6 0 0 0 0 0 0 0 0 
 0 0 1 0 122 1 0 0 55 0 0 0 74 0 0 0 0 0 0 1 576 238 172 382 261 360 36 116 393 0 122 198 338 92 382 301 208 430 95 136 67 0 0 3 0 0 60 1 0 0 0 0 0 0 0 3 0 3 27 3 0 2 0 0 0 0 0 0 0 0 0 0 3 0 0 0 2 0 0 0 0 0 0 0 0 1 0 0 0 0 0 0 0 0 0 0 0 0 0 0 0 8 55 0 54 0 1 0 0 0 3 15 0 0 14 0 31 0 10 0 9 0 0 0 0 0 29 19 0 0 0 0 26 21 14 0 0 0 9 0 1 1 0 0 3 0 0 0 0 1 0 0 0 0 0 1 5 0 0 0 0 0 0 0 0 0 0 0 0 0 0 0 0 0 0 0 0 0 0 0 0 15 11 0 14 2 0 23 0 53 10 27 10 16 8 20 17 17 7 11 0 17 0 0 0 0 15 10 18 0 0 0 18 10 0 1 18 0 15 23 0 0 0 0 0 0 0 0 0 0 0 0 0 0 0 0 0 0 0 0 0 0 0 0 0 1 0 0 3 0 0 0 0 0 18 0 0 99 73 2 5 1 0 0 0 0 0 0 0 0 0 0 0 0 0 0 0 0 0 0 0 0 0 0 0 0 0 0 0 0 
 3 5 3 3 2 11 3 2 3 3 3 2 3 4 3 2 3 2 2 2 109 114 65 169 179 554 36 49 40 122 0 161 99 103 61 90 166 450 61 149 0 0 0 3 0 0 3 1 1 0 0 0 62 0 23 211 0 2 26 63 6 2 0 53 0 0 0 1 0 0 0 0 3 0 0 0 2 0 0 0 0 0 0 0 0 0 0 0 0 0 0 0 0 0 0 0 0 0 2 0 20 37 16 0 1 32 11 16 11 17 22 7 0 10 0 14 33 33 2 0 0 0 0 0 0 0 22 1 0 0 10 0 0 11 0 2 14 0 11 47 26 0 2 0 0 0 0 0 0 0 4 2 0 0 0 0 0 0 0 0 0 0 0 0 0 0 5 0 0 0 0 0 1 0 0 0 0 0 0 0 16 0 34 27 27 4 19 1 25 3 31 0 12 12 16 0 0 9 0 2 10 2 0 0 0 2 68 23 0 0 0 0 11 6 0 8 0 0 33 7 0 0 0 0 0 0 0 0 0 0 1 0 0 0 0 0 0 0 0 0 0 0 0 0 0 0 0 0 2 0 0 0 0 0 3 1 3 3 9 1 2 32 0 0 0 0 0 0 0 0 0 0 0 0 0 0 0 0 0 0 0 10 0 0 0 0 12 0 0 2 
 0 1 0 0 0 2 0 0 1 0 0 0 0 0 0 0 0 0 0 0 263 190 94 191 171 64 21 30 482 198 161 0 25 28 65 158 117 143 38 23 0 0 0 65 0 0 66 24 1 0 0 0 69 0 0 3 0 2 65 63 34 2 0 2 0 0 0 0 0 0 0 0 2 0 0 0 2 0 0 0 23 0 0 0 0 0 0 0 0 0 0 0 0 0 0 0 0 0 0 0 0 0 20 0 23 1 0 18 1 10 13 1 0 0 0 10 9 17 0 0 13 13 7 0 0 0 30 48 0 0 12 0 2 1 23 34 12 20 12 34 0 0 0 15 7 0 0 0 0 0 0 0 0 0 0 0 2 0 0 0 0 0 0 0 0 3 0 0 0 0 0 0 0 0 0 0 0 0 13 0 0 0 72 0 17 36 0 0 14 28 42 18 0 0 0 6 26 16 0 0 0 38 0 13 0 0 46 11 30 0 0 0 8 12 6 0 30 13 18 50 0 0 0 0 0 0 0 0 0 0 0 0 0 0 0 0 0 0 0 0 0 0 17 0 0 0 0 0 0 0 0 0 0 0 14 2 2 93 2 0 9 0 0 0 0 0 0 0 0 0 0 0 0 0 0 0 0 0 0 10 0 18 0 0 0 0 0 0 0 0 
 0 75 0 72 152 5 0 0 1 39 73 2 0 0 0 0 0 121 0 0 92 141 141 168 377 518 490 169 188 338 99 25 0 78 320 278 315 122 376 134 0 0 0 3 0 0 3 1 1 2 0 0 0 0 0 3 0 2 0 62 8 2 0 0 0 0 0 0 0 37 1 0 3 0 0 0 2 0 0 0 0 13 0 2 0 9 0 0 2 11 12 0 0 0 0 1 9 0 0 0 16 49 2 23 0 11 53 13 1 12 25 0 8 30 47 27 11 0 28 0 0 0 0 0 0 0 0 0 0 13 0 12 0 0 0 0 0 0 0 0 0 0 0 0 0 0 0 0 0 0 2 10 0 0 0 0 0 1 0 0 0 0 0 0 6 0 0 0 0 8 0 0 0 0 0 0 9 0 1 0 27 13 0 19 0 0 14 20 56 22 24 0 20 39 21 13 9 3 1 9 0 0 0 0 0 0 0 0 0 0 0 0 0 0 0 0 0 0 0 0 1 0 0 0 0 0 0 0 0 0 0 0 0 0 0 0 0 3 0 0 0 0 2 0 0 0 0 0 0 1 0 0 0 0 5 2 2 0 4 0 14 0 0 0 0 0 0 0 0 0 0 0 0 0 0 0 0 0 0 0 0 0 0 28 0 0 27 0 0 0 
 0 0 0 20 23 2 0 0 76 75 65 24 2 0 0 0 0 74 0 0 116 251 126 381 299 83 31 228 181 92 103 28 78 0 246 109 414 40 226 186 0 0 0 8 0 0 3 0 2 3 0 1 1 0 0 3 0 2 0 1 5 2 0 0 0 39 0 0 1 0 0 62 2 0 0 4 2 0 52 0 0 0 6 0 13 11 0 0 63 0 10 0 0 0 0 0 0 0 0 0 40 10 11 10 0 0 35 23 67 1 0 8 12 25 21 36 11 42 0 9 0 0 0 0 0 0 0 1 0 0 0 0 0 0 0 0 0 0 0 22 4 0 0 0 5 0 0 0 0 0 5 0 0 0 8 0 9 0 1 0 0 0 0 6 0 8 0 0 0 0 0 0 0 0 0 8 0 1 0 0 19 1 21 9 31 0 30 0 21 1 25 19 11 9 16 0 11 13 0 18 0 0 0 0 0 0 0 2 0 0 0 0 1 0 0 0 0 0 0 0 0 0 0 0 0 0 0 0 1 0 0 0 0 0 0 0 0 0 0 0 0 0 0 0 0 0 79 0 0 31 0 0 0 0 13 0 2 78 0 1 4 5 1 0 0 0 24 0 0 0 0 1 0 0 0 0 0 0 0 0 0 18 0 0 0 0 0 0 0 0 
 0 0 2 0 0 74 0 0 2 74 115 1 0 2 0 1 0 0 0 0 206 127 54 138 110 96 54 158 466 382 61 65 320 246 0 131 67 139 167 179 0 0 0 2 0 0 3 2 1 4 0 0 63 0 0 3 8 2 69 65 0 2 0 0 0 0 0 1 0 0 0 0 3 0 0 0 2 0 0 0 0 0 0 0 26 31 0 0 0 0 8 0 0 0 0 1 0 0 0 0 28 0 29 0 10 0 12 15 22 8 0 8 11 0 19 9 21 26 0 0 0 0 0 1 0 0 10 0 0 0 0 0 68 0 0 0 0 0 16 16 0 0 0 0 0 0 0 0 2 0 0 0 0 0 0 5 15 1 0 0 0 0 0 11 10 30 11 0 0 0 0 4 0 0 0 0 0 0 0 0 0 0 16 24 22 0 3 21 5 39 0 0 3 0 0 0 26 116 0 0 1 0 0 2 0 0 0 0 0 0 0 0 0 0 12 0 0 0 19 19 0 0 0 0 0 0 0 0 0 0 0 0 0 7 0 0 0 0 0 0 0 0 0 0 0 0 9 0 0 0 0 0 0 21 7 3 3 2 40 0 1 2 0 0 0 0 20 0 0 0 0 0 0 0 0 14 0 0 0 4 0 0 0 0 15 0 0 0 0 0 
 0 0 3 0 0 0 0 0 0 0 0 0 0 0 0 1 0 0 0 0 146 272 148 47 174 145 34 29 262 301 90 158 278 109 131 0 102 270 260 47 21 0 1 2 0 0 6 0 0 0 0 0 63 0 0 3 0 2 2 65 50 3 0 0 0 0 0 1 0 0 0 1 3 0 0 0 2 0 0 0 2 0 0 0 0 0 0 0 0 0 0 0 0 0 1 0 0 0 0 0 26 2 1 8 20 0 0 28 33 9 2 78 0 16 0 5 10 37 0 0 18 0 0 0 0 0 39 1 0 0 0 0 5 23 1 0 16 0 33 47 0 0 0 1 3 0 0 0 0 0 0 0 0 0 0 0 18 0 0 0 0 0 0 9 1 0 11 0 0 20 0 0 0 0 0 0 0 0 0 0 0 0 20 35 54 18 0 18 1 21 0 11 2 0 0 0 0 31 0 0 1 17 0 0 0 0 23 0 19 0 0 0 20 0 7 0 0 0 18 27 0 0 0 0 0 0 0 0 0 2 0 0 0 0 0 0 0 2 0 0 0 0 10 0 0 0 0 0 3 0 0 0 0 0 19 0 0 9 40 1 13 16 0 0 0 0 12 0 0 0 0 0 0 0 0 0 0 0 0 17 0 0 0 0 0 0 0 0 0 0 
 0 0 3 0 0 0 3 2 3 3 0 0 0 0 1 0 0 2 35 0 316 178 118 488 355 275 115 536 144 208 166 117 315 414 67 102 0 75 263 122 2 0 0 2 0 0 79 2 1 0 0 0 74 0 2 65 0 2 0 64 0 3 0 0 0 0 0 2 0 0 0 0 3 0 0 0 2 0 0 0 0 0 0 0 0 15 0 0 0 0 0 0 0 0 0 1 0 0 0 1 19 43 19 7 7 0 31 0 12 0 9 0 0 0 22 0 8 83 0 1 12 0 0 0 0 0 12 18 0 0 0 0 0 0 11 0 0 0 9 0 4 0 0 2 0 0 0 0 0 0 4 7 0 0 0 0 1 0 0 0 0 0 0 0 0 0 0 0 0 0 0 0 0 0 0 0 0 0 0 0 10 3 25 11 26 19 18 0 0 22 13 19 20 14 20 5 40 0 0 12 0 0 0 0 0 0 0 4 0 0 0 0 0 1 12 0 19 0 1 0 0 0 0 0 0 0 0 0 0 1 0 0 0 0 0 2 0 1 0 0 0 0 9 0 0 0 0 0 3 0 0 0 0 0 11 0 0 114 0 3 2 8 0 0 0 0 0 0 0 0 0 0 0 0 0 0 0 0 0 0 0 0 0 0 0 0 0 0 0 0 
 0 0 0 0 0 0 0 0 0 0 0 0 0 0 0 0 0 0 201 0 95 105 273 62 169 141 62 183 111 430 450 143 122 40 139 270 75 0 93 78 0 1 0 3 0 0 3 0 0 0 207 0 1 0 64 210 0 2 0 64 7 2 0 0 0 0 0 0 0 0 0 0 2 0 0 0 2 0 0 0 0 0 1 0 0 8 0 0 0 0 0 0 0 13 0 0 0 0 0 0 8 38 29 0 16 2 0 19 12 12 11 52 0 9 0 0 9 8 22 0 0 0 0 0 0 0 20 0 1 0 0 2 21 17 0 0 8 0 17 33 0 0 0 0 0 0 0 0 0 0 0 0 0 0 0 0 4 0 0 0 0 0 0 0 0 0 2 0 0 0 0 0 0 0 0 0 0 0 0 0 2 14 16 0 10 9 0 0 7 0 8 25 16 18 6 0 0 2 0 10 0 22 0 0 0 0 31 0 22 0 2 0 1 0 0 0 0 0 31 43 0 0 0 0 0 0 0 0 0 0 0 0 0 0 0 0 0 0 0 0 0 0 0 0 0 0 0 0 0 0 0 0 0 0 0 1 6 0 75 6 12 0 0 0 0 0 12 0 0 0 0 0 0 0 0 0 0 0 0 23 0 0 0 0 0 0 0 0 0 0 
 0 0 4 1 80 4 0 0 82 77 67 82 0 0 0 0 0 77 0 0 45 66 33 111 281 83 187 68 91 95 61 38 376 226 167 260 263 93 0 259 0 0 0 3 0 0 3 0 1 0 64 0 0 0 0 3 0 2 0 62 0 2 0 59 0 0 0 1 0 0 0 0 3 0 0 0 2 1 0 0 0 1 27 0 20 26 0 0 8 0 12 1 0 0 3 0 0 0 0 0 54 10 0 40 14 0 21 12 13 62 9 0 22 24 44 21 0 0 0 35 0 0 0 0 0 0 0 0 0 0 12 0 0 0 0 0 0 0 0 0 1 0 0 0 0 0 0 0 0 0 13 6 6 0 0 0 10 6 0 0 0 0 0 11 1 8 0 0 0 10 0 0 0 0 0 3 0 8 1 0 11 12 12 11 0 0 13 43 26 14 0 0 43 41 51 27 11 18 6 31 0 0 0 0 0 0 0 1 0 0 0 0 0 0 0 0 0 0 0 0 0 0 0 0 0 0 0 0 2 0 0 0 0 0 0 0 0 0 0 0 0 0 0 0 0 0 77 0 0 63 0 0 0 0 2 0 3 0 0 2 1 0 0 0 0 0 0 0 0 0 0 0 0 0 0 0 0 0 0 0 0 0 0 0 0 0 0 0 0 0 
 1 0 2 0 0 2 2 4 1 73 74 0 1 2 1 1 1 3 1 1 266 189 40 356 73 108 33 167 63 136 149 23 134 186 179 47 122 78 259 0 0 0 0 18 0 0 3 1 2 0 0 0 0 0 0 3 0 2 0 61 6 2 0 0 0 0 0 1 0 0 0 0 3 0 0 0 2 0 0 0 16 0 0 0 0 11 0 0 0 0 0 16 0 0 0 0 0 0 0 0 55 32 10 0 0 0 18 17 7 0 0 2 0 40 0 18 13 3 16 0 0 0 0 0 0 0 0 0 0 0 0 0 0 0 0 0 0 0 0 0 0 0 0 0 0 0 0 0 0 0 3 5 0 0 0 0 16 0 0 0 0 0 0 0 0 0 0 0 0 0 20 0 0 0 0 0 0 0 0 0 15 2 0 18 0 0 15 12 17 9 12 11 36 8 25 3 0 13 0 18 0 0 0 0 0 0 0 0 0 0 0 0 0 0 0 0 0 0 0 0 0 0 0 0 0 0 0 0 6 0 0 0 0 0 0 0 0 0 10 0 0 0 0 0 0 0 61 0 1 0 0 0 0 0 6 0 0 1 0 2 14 0 0 0 0 0 1 0 0 0 0 0 0 0 0 0 0 0 0 0 0 0 0 0 0 0 22 0 0 10 
 2 2 4 2 2 2 2 2 6 4 2 2 2 2 2 2 2 2 2 2 0 0 0 4 0 1 0 0 0 67 0 0 0 0 0 21 2 0 0 0 0 242 300 109 36 33 337 265 109 131 26 269 62 99 94 169 75 96 322 53 0 0 0 0 0 0 0 0 0 0 0 0 0 0 0 0 0 0 2 0 0 0 0 0 0 0 0 1 0 0 0 0 0 0 0 0 0 0 0 0 0 0 8 0 26 0 0 0 0 0 8 0 0 0 0 0 0 0 0 0 4 8 2 20 10 8 0 8 9 8 18 22 1 0 1 22 10 14 0 0 0 0 0 0 0 0 7 1 0 0 0 0 0 0 0 12 0 0 47 0 0 0 0 0 0 0 0 1 0 0 0 0 0 0 0 0 0 0 0 0 0 0 0 0 0 8 0 0 0 18 0 3 0 0 0 0 1 0 0 0 1 11 6 1 14 9 10 13 5 9 0 9 6 1 22 37 28 10 12 0 0 0 0 0 0 0 0 1 1 0 0 0 18 19 1 0 0 0 37 0 0 0 0 0 0 0 0 0 0 0 0 2 0 1 0 0 0 0 2 0 15 0 2 0 4 1 2 0 0 0 0 0 0 0 0 0 0 0 0 0 0 0 0 0 9 0 0 0 0 0 
 2 2 4 2 2 2 2 2 2 2 2 2 2 2 2 2 2 2 2 9 0 0 0 0 0 0 4 0 0 0 0 0 0 0 0 0 0 1 0 0 242 0 163 131 464 33 302 180 91 115 96 55 104 64 107 175 62 63 255 157 0 0 0 3 33 3 0 0 0 0 6 0 0 0 0 5 6 2 18 0 0 0 0 0 0 0 0 11 0 0 0 0 0 0 0 0 0 0 0 0 0 0 0 0 19 42 0 0 0 0 0 0 0 0 0 0 0 0 0 0 25 0 11 97 45 0 0 29 16 12 9 42 0 8 1 27 6 14 11 0 1 1 3 0 0 0 0 0 0 0 0 0 0 0 0 0 13 0 1 0 0 0 0 0 0 0 0 0 11 0 0 0 0 0 0 0 0 0 0 0 0 0 0 0 0 0 0 0 0 0 0 31 0 0 0 0 0 0 0 7 2 0 1 13 25 10 2 1 10 12 12 0 0 0 0 26 0 0 17 0 0 0 0 0 0 0 0 0 0 0 0 0 9 9 0 0 0 0 9 0 0 0 0 0 0 0 0 0 0 0 0 14 0 0 0 0 0 0 0 0 0 0 0 0 0 7 0 0 2 0 0 0 0 0 0 0 0 0 0 0 0 0 0 0 10 0 0 0 0 0 
 0 3 0 0 0 0 0 3 0 0 0 0 0 0 0 0 0 3 0 0 0 0 0 0 7 31 2 0 0 0 0 0 0 0 0 1 0 0 0 0 300 163 0 441 168 64 53 154 85 63 113 101 50 44 288 142 195 102 89 32 0 3 5 22 52 0 0 1 3 0 0 5 2 2 1 0 0 3 3 0 0 0 0 0 0 0 6 0 0 0 0 4 0 0 0 0 0 6 0 0 0 0 0 0 25 0 0 0 0 0 0 0 0 0 0 0 0 0 0 0 0 13 26 16 1 0 0 2 13 0 19 7 20 0 0 14 0 21 0 0 15 0 6 0 6 0 0 0 0 13 0 35 79 0 0 17 0 0 18 1 0 0 0 0 0 0 0 0 0 0 0 6 0 18 0 0 0 0 0 0 0 0 0 0 0 24 0 0 0 0 0 0 0 0 0 0 0 0 0 0 0 16 7 28 1 0 0 0 0 7 12 31 2 0 0 0 9 1 0 0 0 13 0 0 0 1 0 11 0 0 0 3 0 42 9 0 0 6 42 4 0 0 0 0 0 0 0 0 0 0 0 8 0 0 0 0 1 0 0 15 0 0 0 0 2 0 2 0 1 0 0 0 0 0 0 0 0 0 0 0 0 0 0 0 14 12 0 1 0 0 
 0 5 0 0 0 0 0 0 4 0 4 8 0 0 0 0 0 0 0 0 3 3 0 5 3 3 3 3 3 3 3 65 3 8 2 2 2 3 3 18 109 131 441 0 177 89 141 60 94 231 206 194 60 136 68 197 118 575 74 58 0 0 2 3 52 0 0 0 9 0 1 0 0 1 0 0 0 0 0 0 7 0 0 0 0 0 0 0 0 4 0 7 2 0 0 0 0 0 0 0 3 0 0 0 0 0 0 0 0 0 0 0 0 6 0 3 0 0 0 0 0 0 0 16 18 12 0 4 1 0 0 1 0 0 0 22 0 0 0 0 14 0 6 0 0 0 0 7 0 0 0 0 26 0 1 11 0 0 20 0 0 0 0 0 0 0 0 2 0 0 0 8 0 0 0 0 0 0 0 0 3 0 0 0 0 0 0 0 0 0 0 0 9 0 2 0 0 3 0 6 0 0 1 20 2 37 0 0 0 29 26 15 0 0 15 0 1 2 0 0 0 26 0 1 0 0 0 1 0 0 0 0 15 9 17 14 2 0 13 0 0 0 0 0 0 0 11 0 3 0 0 0 0 2 0 1 0 0 1 1 0 0 5 2 2 9 0 7 0 0 0 0 0 0 0 4 0 0 0 0 0 4 0 0 15 0 0 0 6 0 
 3 3 3 3 3 3 3 3 3 3 3 3 3 3 3 3 3 3 3 3 0 0 1 0 0 0 0 0 0 0 0 0 0 0 0 0 0 0 0 0 36 464 168 177 0 275 65 84 281 101 181 426 65 271 78 63 180 181 55 63 0 0 1 0 49 0 76 3 0 0 6 15 46 0 104 4 61 0 56 104 0 0 0 0 0 0 0 0 0 16 0 0 0 0 0 0 0 0 0 0 0 0 0 0 0 0 0 0 0 0 0 0 0 0 0 0 0 0 0 0 0 10 0 0 10 30 0 0 0 0 0 9 0 0 0 0 0 7 0 0 32 0 0 16 0 0 9 0 17 0 0 0 18 8 1 13 0 1 30 10 0 0 0 0 0 0 0 0 0 0 0 0 0 0 0 0 0 0 0 0 0 0 0 0 0 0 0 0 0 0 0 0 0 11 0 0 0 0 0 0 0 0 17 0 8 12 0 0 0 7 0 21 0 0 0 0 0 0 0 0 0 9 22 1 0 9 18 40 10 14 1 0 20 42 23 9 2 0 75 36 0 0 10 0 0 0 0 0 3 0 0 6 0 0 0 0 0 0 0 1 0 0 0 67 2 2 0 0 1 0 0 0 0 0 0 0 0 0 0 0 0 0 0 0 0 0 0 8 0 1 
 3 2 4 3 1 24 3 3 3 3 3 3 3 3 3 2 3 1 3 3 1 0 0 0 0 0 2 0 0 0 0 0 0 0 0 0 0 0 0 0 33 33 64 89 275 0 15 97 75 65 94 212 44 50 74 58 381 89 37 38 0 0 58 2 60 6 59 0 0 30 52 7 51 2 50 0 4 5 0 56 0 0 0 0 0 0 0 0 0 0 0 0 0 0 0 0 0 0 0 0 0 0 0 0 0 0 0 0 0 0 0 0 0 17 0 0 0 0 0 0 0 0 0 10 0 39 0 0 0 1 0 11 0 0 0 0 0 1 0 0 26 0 0 1 3 0 0 0 11 0 0 0 34 0 0 17 0 0 49 1 0 0 0 0 0 11 0 0 0 0 0 0 0 0 0 0 0 0 0 0 0 0 0 0 0 0 0 0 0 0 0 0 0 0 0 0 0 0 0 0 43 0 19 0 0 0 0 1 0 0 0 21 0 0 0 0 0 0 0 0 11 0 10 0 14 78 0 34 3 11 0 30 0 30 24 10 0 0 24 54 0 0 0 0 0 0 0 0 0 0 0 8 0 2 0 0 0 0 1 0 0 0 0 39 5 10 0 0 1 0 0 0 0 0 0 4 0 0 0 0 0 0 0 0 0 0 0 2 0 0 
 0 0 2 0 0 0 0 0 0 0 0 0 0 0 0 0 0 0 0 0 3 3 0 12 67 68 5 3 4 60 3 66 3 3 3 6 79 3 3 3 337 302 53 141 65 15 0 116 75 115 111 244 91 245 113 290 152 304 106 239 0 0 0 0 0 0 0 0 0 0 0 0 0 0 0 0 0 0 0 0 0 0 0 0 0 0 0 0 0 0 0 0 0 0 0 0 0 0 0 10 0 0 0 7 21 0 0 0 30 0 12 0 0 0 0 0 0 0 0 0 23 28 9 0 5 35 3 12 8 7 8 10 0 0 20 12 0 10 0 1 0 0 0 0 0 0 0 0 0 0 0 0 13 0 0 0 0 0 0 0 0 8 0 0 0 0 0 3 0 0 0 0 0 0 0 0 0 0 0 0 0 0 1 35 6 22 0 0 0 6 0 11 0 0 0 0 11 14 0 0 20 29 9 21 9 7 0 40 29 18 9 24 8 21 13 10 19 0 9 0 0 0 0 0 0 0 0 0 1 0 0 0 9 0 0 30 0 0 0 0 0 0 0 0 0 0 0 0 0 29 0 1 0 1 0 0 0 64 2 0 0 0 65 0 68 1 0 0 0 0 0 0 0 0 0 0 0 0 0 0 0 0 0 0 0 0 0 0 0 0 
 0 0 0 0 0 0 0 16 6 3 0 0 0 0 0 0 0 0 0 0 2 0 0 73 2 3 0 0 0 1 1 24 1 0 2 0 2 0 0 1 265 180 154 60 84 97 116 0 58 31 104 38 143 120 117 254 31 89 254 139 0 3 1 0 0 0 0 0 0 0 2 3 0 0 3 0 0 2 0 0 0 0 0 0 0 0 0 0 0 0 0 0 0 0 0 0 0 0 0 0 0 0 0 0 9 38 0 0 0 0 0 2 0 0 0 0 18 0 0 0 38 41 13 10 0 45 0 19 6 12 15 8 0 11 5 29 0 68 0 8 0 0 0 0 0 0 0 0 0 0 0 0 0 14 0 0 0 0 10 0 0 0 0 0 0 3 0 0 0 0 0 0 0 0 0 0 0 0 0 0 0 0 0 0 0 19 0 0 0 0 0 0 0 0 0 0 0 0 0 0 9 18 16 13 0 0 9 15 10 0 0 0 0 0 0 1 23 5 9 22 0 0 0 0 0 0 0 10 0 0 0 0 0 10 0 0 0 0 8 0 0 0 10 0 0 0 0 0 0 0 0 0 0 0 0 0 0 0 0 0 0 0 62 0 0 2 0 0 0 0 16 25 0 0 0 0 0 0 0 0 0 0 0 0 0 0 0 0 0 0 
 2 0 1 0 0 1 2 5 0 2 3 2 2 3 0 2 0 5 1 11 2 1 2 1 1 2 2 3 0 0 1 1 1 2 1 0 1 0 1 2 109 91 85 94 281 75 75 58 0 107 29 24 83 215 303 321 55 166 224 256 1 0 5 5 2 0 0 6 7 0 57 0 2 3 5 0 3 0 50 0 0 0 0 0 0 0 0 0 0 0 0 0 8 0 0 0 0 0 0 0 0 0 0 0 0 13 0 0 0 0 0 0 0 0 0 0 0 0 0 5 1 17 1 17 51 14 0 0 7 12 9 11 0 0 1 0 6 10 0 0 0 0 6 1 0 0 0 0 0 11 0 4 4 0 0 0 0 2 11 0 0 0 0 0 0 0 0 0 0 0 0 0 0 0 0 0 0 0 0 0 0 0 0 0 0 0 0 0 0 0 0 0 20 0 0 0 0 0 0 0 0 0 1 0 15 10 0 0 0 1 21 18 0 0 0 0 13 3 0 0 0 2 0 0 0 7 0 10 0 0 0 0 5 0 6 0 0 1 0 1 0 0 10 0 0 0 0 0 0 0 0 3 0 2 0 0 0 1 1 0 0 0 0 1 65 0 3 0 0 0 0 0 0 0 0 0 0 0 0 0 0 0 0 0 2 4 0 0 0 1 
 2 2 2 2 2 7 2 2 2 2 2 2 2 2 3 2 2 2 2 69 4 2 1 0 0 0 2 0 0 0 0 0 2 3 4 0 0 0 0 0 131 115 63 231 101 65 115 31 107 0 188 36 139 119 185 251 83 95 57 516 0 0 6 5 0 0 0 0 11 0 0 0 0 0 0 0 0 0 0 0 0 0 0 0 3 8 0 0 0 0 0 0 0 0 0 0 0 0 0 0 0 2 0 0 0 0 7 0 0 0 1 0 2 0 5 0 0 0 6 0 11 0 43 25 4 44 0 45 0 0 12 12 0 0 21 10 2 20 0 0 0 0 0 0 0 0 0 1 0 0 0 0 9 0 0 0 1 0 0 0 0 2 24 0 0 2 1 19 0 0 0 8 0 0 0 0 0 0 0 0 0 0 0 0 0 0 0 3 0 3 0 0 0 0 0 6 5 0 7 0 2 11 24 15 35 21 0 12 8 21 10 14 8 0 15 12 0 0 0 0 0 0 0 0 0 0 0 0 0 0 0 0 15 7 4 20 0 0 3 0 0 0 0 0 0 0 0 0 1 0 0 7 0 2 0 0 0 0 1 2 0 0 0 0 5 0 0 65 0 0 0 0 0 0 0 0 0 0 0 0 0 0 0 0 1 0 0 0 0 0 
 0 0 0 0 0 0 0 0 0 0 0 0 0 0 0 0 0 0 0 0 0 205 2 0 0 0 2 64 0 0 0 0 0 0 0 0 0 207 64 0 26 96 113 206 181 94 111 104 29 188 0 174 521 29 283 101 159 78 46 55 0 24 8 5 0 0 56 0 8 0 0 1 51 0 51 0 2 0 0 0 0 0 0 0 0 0 0 0 0 0 0 0 0 0 0 0 0 0 0 0 0 0 0 0 0 0 0 0 0 0 0 0 0 0 0 0 0 0 0 0 8 0 7 30 1 0 0 4 0 1 7 2 0 0 7 6 0 7 0 0 10 0 9 1 0 0 0 1 7 0 0 1 27 0 0 0 0 0 10 0 0 13 0 0 0 0 0 0 0 3 0 0 0 0 0 0 0 0 0 0 0 0 0 0 0 0 0 0 0 0 0 0 0 0 0 0 0 0 0 0 8 0 10 28 12 19 0 1 12 25 22 0 0 0 0 0 0 11 0 0 0 8 10 0 0 12 0 10 0 0 0 0 0 20 6 20 13 0 0 12 0 0 0 0 0 0 0 0 2 0 0 6 0 0 0 0 0 0 0 8 0 0 2 73 0 1 0 91 2 0 0 0 0 0 0 0 0 0 0 0 0 0 0 0 11 15 0 0 0 0 
 0 0 4 1 0 2 0 0 19 3 0 0 0 0 0 0 0 0 0 0 0 0 0 0 0 0 2 2 0 0 0 0 0 1 0 0 0 0 0 0 269 55 101 194 426 212 244 38 24 36 174 0 36 235 249 48 357 159 38 22 7 35 0 2 47 0 79 0 7 0 1 0 21 7 65 3 55 0 55 52 0 0 0 0 0 0 0 0 0 0 0 0 0 8 0 0 0 0 0 0 0 0 0 0 0 0 0 0 0 0 0 0 0 0 0 0 0 0 0 0 0 0 0 0 20 10 0 0 0 0 0 0 0 0 0 0 0 1 0 0 40 0 0 11 0 0 19 29 19 0 4 0 17 17 4 16 0 0 29 31 0 0 0 0 0 0 0 0 0 0 0 0 0 0 0 0 0 0 0 0 0 0 0 0 0 0 0 0 0 0 0 0 0 0 0 0 0 0 0 3 0 0 0 0 1 37 0 0 0 0 0 23 0 0 0 0 0 11 0 0 5 10 17 5 0 25 33 4 28 3 13 1 43 33 16 0 13 0 5 41 0 0 0 0 0 0 0 0 0 0 0 5 0 0 0 0 0 0 0 15 0 0 0 66 1 3 8 62 4 0 2 0 0 0 0 0 0 0 0 0 0 0 0 0 0 0 0 11 1 0 
 0 0 0 0 0 0 0 0 0 0 0 0 0 0 0 2 0 70 0 0 0 0 63 67 61 62 2 0 0 0 62 69 0 1 63 63 74 1 0 0 62 104 50 60 65 44 91 143 83 139 521 36 0 65 315 25 39 25 59 103 0 0 0 0 11 9 0 0 0 0 0 6 0 0 0 0 0 6 0 0 0 0 0 0 0 9 0 0 0 0 0 0 0 0 0 0 0 0 0 0 0 1 0 0 9 35 0 0 19 0 5 8 0 1 0 0 2 0 0 0 34 0 36 9 0 0 13 41 6 17 7 0 19 14 29 13 0 12 0 9 0 0 0 0 0 0 0 0 0 0 0 0 0 0 0 0 0 0 7 0 0 0 0 0 0 4 0 0 0 0 0 0 0 0 12 0 0 0 0 0 0 0 15 2 29 13 0 0 0 9 0 0 0 0 0 0 10 0 0 0 14 0 33 31 12 0 9 26 34 9 7 0 0 22 9 0 1 9 9 0 0 0 0 5 6 0 0 0 0 0 0 0 0 0 0 0 9 0 0 0 0 0 0 0 0 0 0 0 0 0 0 1 0 0 0 0 0 67 0 0 0 0 0 0 0 0 29 0 0 0 21 0 0 0 0 6 0 0 0 0 0 0 0 0 0 0 0 0 0 0 
 0 0 0 0 0 0 0 0 0 0 0 0 0 1 0 0 0 0 0 0 0 0 0 2 1 0 2 0 0 0 0 0 0 0 0 0 0 0 0 0 99 64 44 136 271 50 245 120 215 119 29 235 65 0 296 178 84 157 211 152 0 3 0 0 13 6 0 2 0 0 0 7 2 52 0 2 6 5 0 1 0 0 0 0 0 0 0 0 0 0 0 0 12 0 0 0 0 0 0 0 0 2 0 0 0 0 0 0 0 0 0 0 0 0 0 0 0 0 0 0 22 43 0 0 28 65 7 0 23 46 7 70 12 0 0 19 10 10 0 0 0 0 0 0 0 0 0 0 0 0 0 0 0 2 0 0 0 0 0 0 0 0 0 0 8 0 0 3 0 0 0 7 0 0 0 0 0 0 0 0 0 0 0 0 0 0 0 0 0 0 0 0 0 0 0 0 0 0 0 0 3 46 4 30 10 9 0 27 0 19 15 32 8 5 14 10 40 17 1 0 0 0 0 0 5 0 0 0 0 0 0 0 16 0 0 0 0 0 0 0 0 0 1 0 0 0 0 0 0 0 0 9 0 0 0 0 0 0 0 2 0 0 63 0 9 0 2 0 0 0 0 0 0 0 0 4 0 0 0 0 0 0 0 0 11 10 0 0 0 0 
 0 0 2 5 0 0 0 0 0 0 0 0 0 0 2 4 0 2 0 0 0 0 0 19 0 22 0 2 3 0 23 0 0 0 0 0 2 64 0 0 94 107 288 68 78 74 113 117 303 185 283 249 315 296 0 113 318 93 78 153 8 0 0 0 3 37 0 0 0 0 0 0 0 0 4 0 0 4 0 0 0 0 0 0 0 0 0 0 0 0 0 0 0 0 0 0 0 0 0 0 0 0 0 0 0 8 0 0 0 0 0 4 0 0 0 0 0 0 0 0 0 11 5 0 13 9 6 1 18 10 8 0 3 0 7 1 20 9 0 17 0 0 0 0 2 0 0 0 0 0 0 0 0 4 0 0 0 0 7 0 0 17 0 0 0 0 0 3 0 9 0 2 0 0 0 0 0 0 0 0 0 2 0 7 0 28 0 0 0 0 0 0 0 0 0 0 0 0 0 0 0 5 11 1 0 0 9 4 0 0 12 17 8 0 20 32 2 0 30 0 0 0 0 0 10 0 0 0 0 0 0 4 0 0 0 0 0 0 11 0 0 0 10 0 0 0 0 0 0 0 0 2 0 0 0 0 0 0 0 7 0 0 1 0 0 0 5 0 0 0 4 0 0 0 0 3 0 0 0 0 0 0 0 0 0 4 0 0 0 0 
 0 0 0 0 0 0 0 2 0 0 0 0 0 0 0 0 0 2 62 0 3 3 0 3 3 3 3 3 65 3 211 3 3 3 3 3 65 210 3 3 169 175 142 197 63 58 290 254 321 251 101 48 25 178 113 0 170 108 75 71 0 0 0 0 2 1 0 0 0 0 2 0 0 0 0 0 2 0 51 0 0 0 0 0 0 0 0 0 0 0 0 0 0 0 0 0 0 0 0 0 0 0 0 0 0 0 0 0 0 0 0 0 0 0 0 0 0 0 0 0 0 8 6 0 26 9 2 19 7 13 17 0 26 14 6 0 6 0 0 0 0 0 4 0 0 0 0 0 0 0 0 0 0 0 0 0 0 0 0 0 0 0 0 0 0 0 0 0 0 0 0 0 0 0 0 0 0 0 0 0 0 0 0 19 0 0 0 0 0 0 0 0 0 0 0 0 0 0 0 0 28 34 17 51 44 25 0 4 41 53 42 10 8 0 15 6 0 14 0 11 0 0 0 0 0 0 0 0 0 0 0 0 9 9 0 0 0 0 9 0 0 0 0 0 0 0 0 0 0 0 0 0 0 15 0 0 0 0 0 2 0 0 1 2 63 12 2 0 0 0 0 0 0 0 0 0 0 0 0 0 0 0 0 0 10 15 0 0 0 0 
 3 3 6 3 3 10 3 3 6 3 3 3 3 3 5 3 3 3 3 3 8 0 1 0 0 0 3 0 0 0 0 0 0 0 8 0 0 0 0 0 75 62 195 118 180 381 152 31 55 83 159 357 39 84 318 170 0 203 112 337 0 0 10 3 50 0 0 3 0 0 3 4 0 0 5 2 4 0 0 2 0 0 0 0 5 5 0 0 0 0 0 0 0 0 0 0 0 0 0 17 24 0 0 0 0 0 5 0 0 0 1 0 11 0 7 0 0 0 5 0 12 65 0 0 4 33 0 9 0 0 4 54 0 0 0 11 1 20 0 0 9 0 0 0 0 0 0 0 0 0 0 0 10 0 0 23 6 0 22 0 0 0 0 0 0 17 0 3 0 0 0 0 0 0 0 0 0 0 0 9 1 0 0 0 0 0 0 0 0 0 0 0 0 0 0 7 5 0 29 0 12 0 0 0 3 0 0 29 0 9 0 32 8 19 3 10 13 0 2 0 0 0 0 0 0 0 0 11 0 0 0 0 10 10 7 27 0 0 19 0 0 0 48 0 0 0 0 0 2 0 0 5 0 0 0 0 0 1 0 11 0 0 63 0 1 1 2 1 3 0 0 0 0 0 0 0 0 0 0 0 0 0 0 0 0 21 0 0 0 0 
 0 0 3 0 0 2 0 0 0 0 0 0 34 0 0 0 0 1 0 0 2 2 0 4 2 3 4 2 2 3 2 2 2 2 2 2 2 2 2 2 96 63 102 575 181 89 304 89 166 95 78 159 25 157 93 108 203 0 42 23 24 4 0 4 57 0 2 0 4 0 0 4 3 0 7 1 0 0 29 4 0 8 0 0 0 0 0 0 0 0 0 0 0 0 0 0 9 0 0 0 0 0 0 0 0 0 0 0 0 0 0 0 0 0 0 0 0 0 0 0 0 12 0 1 32 3 0 11 1 13 20 32 0 0 0 0 20 8 0 0 11 0 0 0 10 0 0 4 1 0 0 0 15 5 0 11 0 0 19 0 0 0 0 0 0 0 0 0 0 0 0 0 0 0 0 0 0 0 0 0 0 0 0 0 0 0 0 0 0 0 0 0 0 0 0 0 5 0 0 0 8 0 0 0 23 9 0 0 0 35 1 25 0 12 0 7 0 1 0 0 3 0 0 0 0 0 0 9 6 1 0 0 27 5 7 0 0 0 48 0 0 0 19 0 0 0 0 0 0 0 0 0 0 1 0 0 0 0 2 3 0 1 40 2 0 6 8 0 0 0 0 0 0 0 0 0 0 0 0 0 0 4 0 0 1 18 0 0 0 0 
 3 3 3 3 3 3 3 3 66 3 3 3 3 3 3 3 3 3 3 3 63 63 0 61 6 67 0 0 62 27 26 65 0 0 69 2 0 0 0 0 322 255 89 74 55 37 106 254 224 57 46 38 59 211 78 75 112 42 0 141 46 0 3 2 0 0 0 0 4 2 1 0 0 0 0 2 4 0 0 0 0 0 0 0 0 0 0 0 0 0 0 0 0 0 0 0 0 0 0 0 0 0 60 0 28 0 0 0 0 0 0 0 0 0 0 0 39 0 0 0 23 35 15 0 0 0 22 8 1 13 8 0 81 11 13 35 2 22 13 8 0 0 0 0 0 0 0 0 0 8 0 0 0 16 0 9 0 0 0 0 0 0 0 0 0 3 0 5 0 0 0 0 0 0 0 0 0 0 0 0 0 0 0 0 13 21 0 0 0 13 0 0 0 53 0 0 0 14 0 0 28 29 13 31 5 0 0 16 1 11 20 18 10 30 0 0 19 31 0 44 0 0 0 0 0 0 0 0 0 0 0 0 1 0 0 0 0 0 1 0 0 0 0 0 0 0 0 0 0 0 0 2 0 0 0 0 0 0 1 0 0 0 37 0 2 1 0 0 1 0 0 0 0 0 0 0 0 0 0 0 0 0 0 0 0 1 0 0 1 0 
 0 0 0 0 1 75 0 0 0 0 1 1 0 0 0 8 0 0 0 0 61 2 136 0 77 129 4 29 1 3 63 63 62 1 65 65 64 64 62 61 53 157 32 58 63 38 239 139 256 516 55 22 103 152 153 71 337 23 141 0 0 0 0 0 0 0 3 0 0 0 0 36 3 0 8 0 1 4 0 0 0 0 0 1 0 2 0 15 1 0 0 0 0 0 0 0 1 0 0 0 0 4 1 19 0 43 0 0 12 0 0 23 1 0 0 0 0 0 12 0 6 8 0 0 0 0 0 12 0 0 0 0 0 17 13 6 0 1 0 19 0 0 0 0 0 0 0 0 0 0 0 0 0 4 0 0 0 0 0 0 0 0 0 0 0 0 0 0 0 1 0 0 0 0 0 1 0 0 0 0 7 1 10 0 10 8 0 0 0 1 0 0 9 0 6 0 11 0 0 0 10 0 0 0 0 0 4 43 0 0 0 7 0 34 8 3 11 0 18 0 0 0 0 0 0 0 0 0 0 0 0 0 0 0 0 18 0 0 0 0 0 0 9 0 0 0 0 0 0 1 0 10 0 0 0 0 0 63 2 0 27 0 5 0 1 4 10 0 0 0 0 0 0 0 0 0 0 0 0 0 0 0 0 0 0 0 0 0 0 0 
 0 0 0 0 0 0 0 1 37 2 0 0 0 0 0 0 0 0 0 0 3 0 0 0 0 0 0 0 0 0 6 34 8 5 0 50 0 7 0 6 0 0 0 0 0 0 0 0 1 0 0 7 0 0 8 0 0 24 46 0 0 219 139 45 41 27 348 160 44 47 28 46 110 88 53 154 179 90 45 56 19 0 0 0 0 0 0 0 0 0 0 0 0 0 0 0 0 0 0 0 3 10 15 0 0 0 0 0 0 0 0 0 0 5 0 0 0 3 0 0 0 0 0 0 0 0 0 0 0 0 0 0 0 0 0 0 0 0 0 0 18 0 19 16 24 8 0 29 0 8 0 0 0 6 15 0 0 1 0 0 0 0 0 0 0 0 0 0 0 5 0 0 0 0 0 0 0 0 3 0 0 0 0 43 0 0 6 0 0 0 0 0 0 0 0 0 0 6 0 0 9 0 0 0 0 0 0 0 0 0 0 0 0 0 0 0 0 0 0 0 32 10 2 0 12 22 0 15 11 28 9 0 1 22 0 37 9 45 0 0 7 0 0 12 0 0 0 0 0 1 0 0 0 1 6 0 0 0 0 0 0 0 0 35 0 0 13 1 0 0 15 0 52 18 2 0 0 0 0 0 0 0 0 0 0 0 4 0 0 0 
