 0 136 186 61 47 41 190 32 163 59 54 49 117 166 169 75 31 90 268 123 0 1 5 3 0 3 2 0 0 0 0 2 0 0 4 3 3 0 97 0 3 0 4 0 2 0 1 2 0 1 3 1 0 4 11 0 0 1 0 20 3 0 0 2 1 0 0 0 0 0 2 0 0 0 0 3 0 0 0 0 9 22 11 0 0 0 7 6 1 0 0 0 32 18 0 0 1 26 1 18 0 0 0 1 0 0 19 0 0 0 0 0 0 0 0 0 0 0 0 1 0 0 0 0 0 0 0 0 0 1 0 0 0 0 0 0 0 0 0 0 0 0 0 7 0 0 0 0 0 5 0 0 0 18 0 0 1 0 0 0 14 0 20 0 0 0 31 0 0 0 3 0 10 1 0 0 16 9 12 32 0 0 0 0 0 16 0 0 0 0 0 0 0 0 0 0 0 13 0 0 0 0 0 0 0 0 0 1 0 0 0 0 0 0 0 0 0 0 0 0 0 0 0 0 0 0 2 0 0 0 0 0 0 0 0 0 0 0 2 0 0 24 0 0 0 3 0 0 0 1 0 7 0 0 0 0 0 0 0 0 0 0 0 0 0 0 0 0 0 0 0 0 0 0 0 0 0 0 0 0 0 0 0 0 0 0 0 0 0 0 
 136 0 392 216 144 85 208 229 166 46 112 129 118 44 118 127 281 79 370 110 0 0 3 3 1 0 2 0 0 0 0 2 0 0 0 0 89 0 24 0 3 0 3 0 2 0 0 0 0 0 3 0 0 3 25 0 0 0 0 4 3 0 0 2 0 0 0 0 0 0 2 0 0 0 3 3 0 0 0 0 10 31 2 20 6 43 18 20 18 15 24 30 0 20 10 13 47 15 0 5 0 0 0 0 0 0 0 3 3 0 0 0 29 0 0 0 1 0 11 18 0 0 0 0 0 0 0 0 0 0 0 0 0 0 0 0 2 0 0 0 0 0 0 0 11 0 0 5 0 0 0 0 0 0 0 0 0 0 0 0 23 17 29 0 0 0 0 1 0 14 1 18 16 0 11 10 0 11 2 0 0 0 0 0 0 12 0 0 2 0 0 0 14 0 0 0 0 0 0 33 0 0 0 0 0 0 0 0 0 0 0 0 0 0 0 0 0 0 0 0 0 0 0 0 0 0 0 5 0 0 0 0 0 0 0 0 0 0 0 0 0 14 0 0 0 2 0 2 91 89 2 6 0 0 0 0 0 0 0 0 0 0 0 0 0 0 0 0 0 0 0 0 0 0 0 24 11 0 0 0 0 0 0 0 0 0 0 0 0 0 
 186 392 0 112 51 113 149 118 77 52 112 347 295 101 316 138 228 55 236 224 0 0 3 3 0 0 4 0 0 0 0 0 0 0 0 1 4 0 85 75 3 31 3 2 2 3 0 61 0 0 3 3 0 3 3 3 0 0 0 10 3 0 0 2 3 2 0 0 0 0 2 0 0 33 0 3 2 0 0 0 3 0 6 25 30 1 18 1 1 20 0 20 0 39 13 15 21 23 0 28 24 0 0 0 0 0 0 0 0 0 0 0 0 1 2 0 0 0 10 0 0 0 0 11 2 0 0 0 0 0 0 0 0 0 0 0 0 0 0 0 0 0 0 0 0 0 0 0 0 0 0 0 0 0 0 0 0 0 0 0 1 0 2 13 55 12 10 0 36 0 23 30 8 0 38 17 18 17 0 0 0 0 0 12 0 16 18 2 0 0 0 0 27 10 0 11 0 0 0 23 0 0 0 0 0 0 0 0 0 0 0 0 15 0 0 0 0 0 0 0 0 0 0 0 0 0 0 0 0 0 0 0 0 0 0 0 1 0 0 0 0 16 0 0 0 2 33 0 0 5 0 2 0 0 0 0 0 0 0 0 0 0 0 0 0 0 0 0 1 0 0 0 0 0 2 28 9 0 0 0 0 0 0 0 0 0 0 0 0 0 
 61 216 112 0 186 141 75 107 255 115 359 50 128 68 148 213 136 239 77 48 0 0 3 3 0 0 36 105 0 0 0 0 29 0 0 0 3 0 185 0 3 0 3 0 2 0 0 0 0 0 3 0 0 3 2 0 9 0 0 0 3 5 0 44 0 0 0 0 0 0 2 0 0 0 0 3 0 0 0 0 0 0 19 2 0 32 0 36 33 5 17 12 0 1 15 14 16 46 0 0 28 0 0 0 0 0 13 38 0 0 0 0 2 12 26 0 0 0 0 83 0 0 0 0 0 0 0 0 0 0 0 0 0 0 0 0 0 0 0 0 0 0 0 0 0 0 5 0 0 0 0 0 0 0 25 0 0 0 0 0 7 41 19 3 50 24 0 1 0 34 14 30 4 0 2 0 0 19 0 0 11 0 0 0 0 0 0 15 0 0 0 0 16 17 0 0 0 0 0 11 0 0 0 0 0 0 0 0 0 0 0 0 0 0 0 0 0 0 0 0 0 0 0 0 0 0 0 0 0 0 0 0 0 0 0 0 0 0 0 0 0 0 0 0 0 2 91 0 91 55 0 7 0 0 0 0 0 0 0 0 0 0 0 0 0 0 0 0 0 0 0 0 0 0 0 0 2 11 0 0 0 0 0 0 0 0 0 0 0 0 
 47 144 51 186 0 100 49 93 163 610 293 236 55 58 503 253 140 230 51 163 36 0 3 3 2 3 117 77 0 6 5 3 49 20 2 4 6 9 1 77 3 9 35 2 17 0 1 0 0 0 6 0 0 3 6 0 1 0 0 9 3 8 0 4 0 1 0 2 2 48 5 3 0 0 0 5 2 6 4 6 22 1 14 23 41 17 0 9 0 0 0 0 0 0 0 0 0 11 0 0 1 1 14 0 0 0 0 29 13 15 0 0 25 22 24 10 14 1 3 29 0 0 0 0 0 0 0 0 0 0 0 0 0 0 0 0 0 0 0 0 0 2 0 0 0 0 1 0 1 0 18 0 0 0 0 0 0 0 0 0 0 17 0 0 23 16 0 0 21 9 30 0 0 0 27 2 0 20 0 0 1 0 0 0 0 0 0 13 0 2 0 0 72 0 0 2 0 0 12 9 0 0 0 0 0 0 0 0 0 0 0 0 0 0 0 0 0 0 0 0 0 0 0 0 2 0 0 0 0 0 2 0 0 0 0 0 0 0 0 2 0 0 0 0 0 3 1 0 0 8 0 3 2 0 0 0 0 0 0 0 0 0 0 0 0 0 0 0 0 0 0 0 0 0 0 6 0 0 0 2 0 0 0 2 0 0 0 0 0 0 
 41 85 113 141 100 0 20 41 360 134 130 278 42 56 356 320 293 242 110 58 75 1 77 77 70 2 26 0 74 2 74 0 78 149 61 38 6 0 211 169 3 1 3 0 2 59 0 0 0 0 3 47 0 3 3 0 0 0 0 0 3 0 0 2 0 7 0 0 0 0 2 0 0 0 0 3 0 0 0 1 0 0 14 0 28 8 0 16 15 16 15 24 0 0 0 14 11 0 0 0 14 24 0 0 0 0 0 11 14 0 6 0 24 0 6 15 10 6 20 27 0 0 0 0 0 0 0 0 31 0 0 0 0 0 0 0 2 0 0 0 0 13 0 0 0 0 1 0 29 0 0 0 0 0 0 0 0 0 0 5 4 0 4 10 13 0 0 7 11 0 0 50 4 0 2 8 0 0 0 0 16 3 34 0 0 0 56 15 2 0 0 9 74 19 10 1 24 4 37 20 0 0 0 0 0 0 0 0 0 0 0 0 0 0 0 0 0 0 0 0 0 0 0 0 0 0 0 0 0 0 0 0 0 0 0 0 0 0 0 0 0 0 9 0 0 10 88 0 2 86 1 12 0 0 0 0 0 1 0 0 0 0 0 0 0 0 0 0 0 0 0 0 0 0 0 0 0 0 0 0 0 0 0 0 0 0 18 0 0 0 
 190 208 149 75 49 20 0 187 104 27 42 41 159 225 167 216 122 37 267 155 2 0 3 3 0 0 2 0 0 2 0 2 0 0 0 96 5 1 0 0 3 2 3 0 2 0 0 0 0 0 3 0 0 65 2 0 5 0 0 10 3 0 0 3 0 0 0 0 0 0 2 0 2 0 0 3 0 0 0 0 40 0 17 10 1 10 41 2 26 0 9 0 2 24 12 11 25 0 0 10 0 0 0 0 0 0 0 0 0 0 0 0 0 9 0 14 0 0 0 0 0 0 0 0 0 0 0 0 2 0 0 0 2 0 0 0 0 0 0 0 0 0 0 45 0 0 0 0 0 5 0 0 0 0 2 0 0 0 0 0 12 5 1 3 0 0 19 16 1 14 31 14 10 9 1 27 19 0 0 23 0 0 0 0 0 12 0 0 0 0 0 0 0 0 0 0 0 0 0 0 0 0 0 2 0 0 0 0 0 0 0 0 0 0 0 0 0 0 0 0 0 0 1 0 0 0 0 0 0 1 0 0 10 0 0 0 0 0 0 0 0 15 0 0 0 0 0 2 90 1 0 21 18 0 0 0 0 0 0 0 0 0 0 0 0 0 0 0 0 0 0 0 0 0 0 19 2 0 0 0 0 0 0 0 0 1 0 0 0 0 
 32 229 118 107 93 41 187 0 187 48 30 42 256 82 80 160 210 51 68 152 0 0 3 3 1 2 2 0 0 0 0 2 0 0 2 0 3 34 0 1 3 0 3 0 2 0 0 0 0 63 3 0 0 3 2 2 5 0 0 2 2 0 0 2 0 0 0 0 0 0 2 0 1 0 0 3 0 0 0 0 17 39 9 0 34 1 13 0 24 0 15 18 37 36 37 21 29 14 24 28 0 0 0 0 0 0 25 1 0 0 0 0 8 0 0 0 0 0 0 0 2 0 0 0 0 0 0 0 0 0 0 0 0 0 0 0 0 0 16 0 0 0 0 0 7 0 0 3 0 0 0 0 0 0 0 0 0 0 0 0 0 0 0 34 0 10 10 11 0 14 16 0 16 18 22 27 16 1 0 0 0 0 1 2 0 2 0 0 0 0 0 0 0 0 0 0 0 0 0 0 0 0 0 0 0 0 0 0 0 0 0 0 0 0 0 0 0 0 0 0 0 0 0 0 0 0 0 0 0 0 0 0 0 0 0 0 0 0 0 0 0 0 0 0 0 0 2 1 1 2 11 10 0 42 0 0 0 0 0 0 0 0 0 0 0 0 0 0 0 0 0 0 0 0 0 0 11 0 0 0 0 0 0 0 0 0 0 8 0 0 
 163 166 77 255 163 360 104 187 0 412 159 141 140 64 280 275 227 290 358 162 0 0 3 3 25 2 79 1 59 74 0 0 0 0 0 0 3 2 1 0 3 0 3 0 7 0 0 0 0 0 3 0 0 3 2 0 0 0 0 0 1 1 0 2 0 0 0 0 0 0 2 0 0 0 0 3 0 0 0 1 19 11 1 1 13 36 38 14 30 8 61 17 23 16 0 0 38 10 26 8 1 1 0 13 0 0 2 36 0 0 0 0 11 3 0 0 0 0 0 20 0 0 0 0 0 0 0 0 0 2 0 0 0 0 0 0 0 0 0 0 0 0 0 0 0 0 0 1 19 0 0 0 0 18 0 0 2 0 0 0 16 24 7 0 16 17 0 0 8 40 23 0 11 30 0 17 0 0 0 0 15 0 0 0 0 1 0 0 2 0 0 0 14 46 0 2 0 0 0 10 0 0 0 0 0 0 0 1 0 0 0 0 0 0 0 0 0 0 0 0 0 0 0 17 0 0 1 0 0 0 0 0 0 0 0 0 0 0 1 0 0 0 0 0 0 2 2 0 87 88 0 14 0 0 0 0 0 0 1 0 1 0 11 0 0 0 0 0 0 0 0 0 0 0 0 0 12 0 0 0 0 0 0 0 0 0 0 0 0 0 
 59 46 52 115 610 134 27 48 412 0 212 54 172 47 225 400 72 251 79 80 0 0 3 3 0 0 5 0 0 0 0 3 0 80 0 0 3 0 79 105 3 0 5 2 2 2 2 0 5 1 5 0 2 4 5 0 6 1 2 1 3 0 0 2 2 0 0 0 0 0 2 1 0 0 0 3 0 2 2 0 1 0 18 14 11 10 0 15 30 14 22 0 0 0 7 15 0 10 0 0 0 0 0 0 0 0 13 44 10 0 0 0 14 9 16 0 16 0 0 1 0 0 0 0 0 0 0 0 0 0 0 0 0 0 0 0 0 0 0 0 0 0 0 0 0 0 0 0 0 0 1 0 2 0 4 0 0 0 0 0 3 29 17 0 41 24 2 28 32 10 10 0 1 4 40 5 1 13 0 0 0 7 0 0 0 1 14 1 0 0 0 2 19 20 1 0 0 0 0 10 0 0 0 0 0 0 0 0 0 0 0 0 0 0 0 0 0 0 0 1 0 0 0 2 0 0 0 0 0 0 0 0 0 0 0 0 0 0 0 0 0 0 0 0 2 0 0 0 87 5 0 2 0 0 0 0 0 0 0 0 0 1 0 0 0 0 0 0 0 0 0 0 0 0 0 0 0 8 0 0 0 0 0 0 0 0 0 0 0 0 
 54 112 112 359 293 130 42 30 159 212 0 72 71 104 68 294 218 58 75 166 0 0 3 3 0 0 3 0 0 0 0 0 156 0 0 0 3 0 155 75 3 18 3 0 5 0 0 0 0 0 3 0 1 3 2 0 0 0 0 0 2 0 0 2 0 0 0 0 0 0 2 0 7 0 0 3 0 0 0 0 1 0 18 67 15 13 14 1 32 20 29 39 0 41 14 28 13 18 0 14 37 2 0 0 0 0 16 16 0 0 1 0 0 9 32 0 0 0 2 10 0 0 0 0 0 0 0 0 0 0 0 0 0 2 0 0 0 0 0 0 15 14 0 11 0 0 0 0 0 0 0 0 0 0 7 0 0 0 0 0 16 16 21 1 39 10 8 15 53 10 0 14 0 5 13 7 0 0 0 0 18 0 0 0 0 0 18 37 20 0 0 0 1 20 0 0 0 0 0 37 0 0 0 0 0 0 0 0 0 0 0 0 0 0 0 0 0 0 0 0 0 0 0 0 0 0 0 0 0 0 0 0 0 0 0 0 0 0 0 0 0 0 0 0 0 0 88 0 89 1 0 2 0 0 0 0 0 0 0 0 0 0 4 0 0 0 0 0 0 0 0 0 0 0 0 16 9 4 0 0 0 0 0 0 0 0 0 0 0 0 
 49 129 347 50 236 278 41 42 141 54 72 0 50 34 311 36 169 387 26 322 0 0 4 3 0 0 26 1 0 213 0 0 1 74 210 0 3 0 1 17 3 3 3 0 9 4 0 0 0 2 3 2 2 3 2 7 1 2 0 0 2 0 0 2 0 1 0 0 0 0 2 0 0 0 0 3 0 0 0 1 3 0 0 10 28 13 0 14 0 11 29 8 0 20 1 0 0 0 0 15 15 0 11 0 0 0 0 0 0 0 0 0 0 1 11 0 0 0 24 0 0 0 0 0 0 0 1 0 0 0 9 0 0 0 0 1 0 0 0 0 2 0 0 0 0 0 0 0 0 0 0 0 0 0 0 0 0 1 0 0 0 0 17 12 14 15 58 0 26 0 52 15 0 13 34 7 17 25 0 0 14 0 0 1 0 0 0 1 0 0 0 0 44 11 0 11 1 18 1 38 0 0 0 15 0 2 0 0 0 10 0 0 0 0 0 0 16 0 0 0 0 0 0 0 0 0 0 0 0 1 0 0 0 0 0 1 0 0 0 0 0 0 0 0 0 0 2 2 2 6 0 15 0 0 0 0 0 0 0 0 1 0 0 0 0 0 0 0 0 0 0 0 0 0 0 9 0 0 0 0 0 0 0 0 0 0 0 0 0 0 
 117 118 295 128 55 42 159 256 140 172 71 50 0 505 82 284 74 191 126 122 0 0 3 3 0 0 2 0 0 0 0 0 0 0 0 0 3 0 0 0 3 0 3 0 2 0 0 0 0 0 3 0 1 3 2 0 69 0 0 0 1 0 0 2 0 0 0 0 0 0 2 0 0 0 0 55 0 0 0 0 17 6 42 10 18 0 18 0 30 1 0 6 15 23 59 13 3 0 19 35 0 0 22 0 0 0 0 2 0 0 0 0 0 0 0 0 0 0 0 0 0 0 0 0 0 2 0 2 0 0 0 0 0 0 0 0 0 0 0 0 0 0 0 5 0 0 0 0 0 8 0 0 0 0 0 0 0 0 0 0 0 15 8 1 0 12 36 14 9 0 0 27 14 13 58 32 1 0 0 9 0 0 0 0 0 0 0 0 1 16 2 0 0 0 0 0 0 0 0 21 0 0 0 0 2 14 0 0 0 0 0 0 0 0 0 0 2 0 0 0 1 0 0 0 0 0 0 0 12 0 0 0 0 0 0 0 0 0 0 0 0 1 0 0 0 0 0 0 0 0 0 5 0 0 0 0 0 0 0 0 0 0 0 0 0 0 0 0 0 0 0 0 0 0 0 30 12 0 0 0 0 0 0 0 0 0 0 0 0 0 
 166 44 101 68 58 56 225 82 64 47 104 34 505 0 185 132 301 25 288 175 0 0 5 3 74 2 2 2 0 0 0 0 0 0 0 0 3 0 0 0 3 0 3 0 2 0 0 0 0 3 3 0 0 3 2 0 3 3 0 3 3 1 3 2 0 0 0 0 2 0 2 0 0 0 0 4 0 0 0 0 34 18 49 6 14 0 0 11 8 2 0 0 39 21 29 16 1 35 15 8 0 0 0 0 0 0 0 0 0 0 0 0 1 0 0 0 0 0 0 0 0 0 0 0 0 0 0 0 0 0 0 0 0 0 0 0 0 0 0 0 0 0 0 12 0 0 0 0 0 43 0 0 0 0 0 0 18 0 0 0 20 0 13 0 6 0 6 11 0 0 0 0 0 0 0 0 25 20 46 32 0 0 0 0 0 0 0 0 0 0 0 0 1 0 0 0 15 0 0 0 0 0 0 16 0 0 0 0 0 0 0 0 0 0 0 0 0 0 0 0 0 0 0 0 0 0 0 0 0 0 0 0 0 0 0 0 0 0 0 0 0 0 0 0 0 0 0 0 1 2 0 0 17 0 0 0 0 0 0 0 0 0 0 0 0 0 0 0 0 0 0 0 0 0 0 9 11 0 0 0 0 0 0 0 0 0 0 0 0 0 
 169 118 316 148 503 356 167 80 280 225 68 311 82 185 0 180 261 485 222 146 0 0 3 3 0 0 2 0 0 0 1 39 74 2 0 0 3 0 76 0 3 0 3 0 2 0 0 0 0 0 3 1 0 3 2 0 0 0 0 0 3 0 0 2 0 56 0 0 0 0 2 0 0 0 0 3 0 0 0 0 12 31 8 15 28 13 1 10 45 1 0 0 15 2 0 0 1 21 11 32 10 0 0 0 0 0 9 16 2 0 0 0 0 5 14 0 0 0 0 11 0 0 0 0 0 0 0 0 0 0 0 0 0 0 0 0 2 0 0 0 0 0 0 0 0 0 0 0 0 0 0 0 0 0 10 0 0 0 0 0 3 9 24 9 18 13 0 26 0 0 7 1 0 0 9 0 15 22 8 31 0 0 0 1 0 0 0 20 0 0 0 0 0 0 0 0 0 0 0 0 0 0 0 0 0 0 0 0 0 0 0 0 0 0 0 0 0 0 0 0 0 0 0 0 0 0 0 0 0 0 0 0 0 1 0 0 0 0 0 0 0 0 0 0 0 2 1 2 1 0 3 10 17 0 0 0 0 0 0 0 0 0 0 0 0 0 0 0 0 0 0 0 0 0 0 0 16 4 0 0 0 0 0 0 0 0 0 0 0 0 
 75 127 138 213 253 320 216 160 275 400 294 36 284 132 180 0 178 172 38 468 1 2 3 3 2 3 82 5 0 11 3 0 0 3 0 0 3 4 3 8 3 0 67 0 8 3 0 2 4 0 6 0 1 3 64 0 4 0 0 0 3 3 0 7 4 0 4 3 6 6 6 4 2 0 0 3 5 2 2 0 13 11 28 10 39 39 27 18 62 20 4 3 21 23 20 25 23 10 18 25 0 0 0 0 0 0 0 12 0 0 0 0 0 0 0 0 0 0 0 0 0 0 2 0 0 0 0 0 0 0 0 0 0 0 0 0 0 0 0 0 0 0 0 3 2 0 0 0 0 0 0 0 0 0 0 0 0 0 0 0 10 26 0 10 0 92 13 22 0 28 37 0 29 25 0 9 14 1 0 1 0 0 0 0 0 0 0 0 0 0 0 0 0 20 0 0 0 0 0 20 0 0 0 0 0 0 0 1 0 0 0 0 0 0 0 0 0 0 0 0 1 0 14 0 0 0 0 0 8 0 0 0 0 0 0 0 0 0 0 0 0 0 0 0 0 1 0 2 44 87 0 11 0 0 0 0 0 0 0 0 0 0 0 0 0 0 0 0 0 0 0 0 0 0 0 0 14 0 0 0 0 0 0 0 0 0 0 0 0 0 
 31 281 228 136 140 293 122 210 227 72 218 169 74 301 261 178 0 54 50 163 0 0 3 3 2 1 2 1 0 0 0 1 76 2 0 0 3 0 0 0 3 0 3 0 4 0 0 0 0 0 3 0 0 3 3 0 0 0 0 0 3 0 0 2 28 3 0 2 0 0 2 0 0 0 0 61 0 0 0 0 9 15 10 38 38 18 41 2 1 0 15 7 0 37 18 38 30 13 10 38 14 0 0 0 0 0 1 0 0 0 0 0 19 4 15 0 0 0 0 12 0 0 0 0 0 0 0 0 0 0 0 0 0 0 0 0 0 0 0 0 0 0 0 0 0 0 0 5 0 0 0 0 0 0 0 0 0 0 0 0 1 63 15 2 8 0 11 0 16 23 0 30 1 2 41 10 0 15 0 0 22 0 0 0 0 0 0 0 14 0 0 0 3 18 0 0 0 0 0 36 0 0 0 0 0 0 0 0 0 0 0 0 0 0 0 0 0 0 0 0 0 0 0 0 0 0 0 0 0 0 0 0 0 0 0 0 0 0 0 0 0 0 0 0 0 3 84 1 4 0 21 5 0 0 0 0 2 0 0 0 0 0 17 0 0 0 0 0 0 0 0 0 0 0 0 64 42 0 0 0 0 0 0 0 0 0 0 0 0 0 
 90 79 55 239 230 242 37 51 290 251 58 387 191 25 485 172 54 0 36 48 3 8 5 3 81 0 81 1 0 3 0 0 0 2 208 1 8 0 113 77 4 2 4 2 2 4 4 3 3 0 3 0 1 3 2 0 10 3 0 54 8 1 0 2 0 0 0 0 0 3 48 0 0 6 0 3 0 0 0 3 0 0 19 0 0 23 16 93 13 43 23 71 10 32 12 1 9 11 0 0 10 0 0 0 0 0 0 22 0 0 0 0 43 0 0 0 2 0 12 14 0 0 2 0 0 0 0 0 0 0 0 0 0 3 0 0 0 0 0 0 0 0 0 0 2 0 0 1 0 0 0 0 0 0 0 0 0 0 0 0 18 75 4 0 21 38 0 1 11 29 19 25 14 7 2 15 0 19 0 0 0 0 0 0 0 0 15 1 0 0 0 0 53 83 0 12 0 0 0 10 0 0 0 0 0 0 0 0 0 0 0 0 0 0 0 0 0 0 25 0 1 16 1 0 0 0 0 8 0 0 0 0 0 0 0 0 0 0 0 0 0 0 0 0 0 2 2 1 2 171 2 14 0 2 1 0 0 0 0 0 34 0 0 0 0 0 0 0 0 0 0 0 0 0 0 0 0 0 0 0 0 0 0 0 0 0 0 0 0 2 
 268 370 236 77 51 110 267 68 358 79 75 26 126 288 222 38 50 36 0 164 0 0 3 3 4 3 2 0 0 0 0 0 0 2 0 0 5 0 1 0 3 0 3 0 2 0 0 0 0 0 3 0 0 3 5 0 0 0 0 8 3 0 0 2 0 0 1 0 0 0 2 0 0 0 0 3 0 0 0 0 9 18 59 7 0 0 26 0 7 0 0 0 31 33 0 0 0 38 0 8 0 0 0 0 0 0 0 0 0 0 0 0 0 0 0 0 0 0 0 0 0 0 0 15 20 0 0 5 0 0 0 0 0 0 0 0 0 0 0 0 0 0 0 8 0 0 0 0 0 24 0 0 0 0 0 46 0 0 0 0 34 0 0 2 0 0 24 0 0 0 5 37 18 2 0 7 5 0 13 14 0 0 0 0 0 15 0 0 0 0 0 0 0 0 0 0 0 0 0 0 0 0 0 0 0 0 0 0 0 0 0 0 0 0 0 0 0 0 0 0 0 0 0 0 0 0 0 0 0 0 0 0 0 0 0 0 0 0 0 0 0 19 0 0 0 0 0 0 2 0 0 0 15 0 0 0 0 2 0 0 0 0 0 0 0 0 0 0 0 0 0 0 0 0 0 22 0 0 0 0 0 0 0 0 0 0 0 0 0 0 
 123 110 224 48 163 58 155 152 162 80 166 322 122 175 146 468 163 48 164 0 0 0 3 3 0 2 2 0 0 0 0 1 0 1 0 0 3 2 0 0 3 0 3 0 2 0 0 0 0 0 3 0 0 3 73 0 0 0 0 4 3 0 0 2 0 0 0 0 0 0 2 0 0 0 45 3 0 0 0 0 25 10 0 14 0 0 23 20 1 15 15 40 10 45 0 10 20 13 0 21 0 0 0 0 0 0 0 0 0 0 0 0 0 0 0 0 0 0 0 0 0 0 0 0 0 0 0 0 0 0 0 0 0 0 1 0 0 0 0 0 0 0 0 1 0 0 0 1 0 0 0 0 0 2 0 10 0 0 0 0 13 0 7 10 0 0 10 15 0 17 25 11 23 22 8 25 22 11 0 8 0 0 0 0 0 10 2 2 0 0 0 0 0 0 1 0 0 2 0 2 0 0 0 0 0 0 28 0 0 0 0 0 0 0 0 0 0 0 0 0 0 0 0 0 0 0 0 0 0 0 0 0 0 0 0 0 0 0 0 0 0 14 0 0 0 0 0 0 0 0 0 5 0 0 0 0 0 0 0 0 0 0 0 0 0 0 0 0 0 0 0 0 0 0 0 10 0 0 0 0 0 0 0 0 0 0 0 0 0 0 
 0 0 0 0 36 75 2 0 0 0 0 0 0 0 0 1 0 3 0 0 0 219 579 66 66 30 247 288 186 62 107 41 105 71 507 194 187 321 24 34 0 5 0 0 2 1 0 0 0 0 0 0 0 0 0 0 3 3 0 3 0 6 0 0 0 7 0 3 3 0 0 2 0 0 0 3 34 2 0 0 0 0 0 0 1 0 0 0 0 0 0 14 11 0 0 0 0 0 0 0 30 50 3 26 13 1 32 18 21 0 29 38 0 23 10 18 11 31 36 14 5 0 0 0 0 0 0 0 0 0 0 0 19 0 0 0 0 0 0 0 1 0 0 0 0 0 0 0 0 0 0 0 0 0 0 0 0 0 0 0 0 0 0 0 11 0 0 0 0 0 0 14 0 0 0 0 9 0 5 0 0 17 48 49 0 14 36 1 23 22 11 14 22 3 17 1 15 12 4 0 0 0 0 0 0 0 25 0 0 0 0 0 0 0 0 0 0 0 2 0 0 0 0 0 0 0 0 0 0 0 10 0 0 0 0 0 0 0 0 0 0 0 1 0 0 0 0 0 0 0 0 0 0 0 4 0 2 0 0 0 0 2 0 0 0 0 0 0 0 0 0 0 0 0 0 0 0 0 0 0 0 0 0 0 0 0 21 0 0 0 
 1 0 0 0 0 1 0 0 0 0 0 0 0 0 0 2 0 8 0 0 219 0 103 129 325 197 338 204 139 155 45 110 381 83 231 171 178 27 130 121 3 0 0 0 2 0 68 0 11 0 0 0 0 0 0 2 3 3 0 2 0 0 0 0 0 0 0 3 2 3 0 2 0 0 0 3 0 2 0 0 0 0 0 0 13 0 0 0 0 0 0 0 0 0 0 0 0 0 0 0 10 10 7 0 36 18 29 9 10 11 18 7 0 23 1 1 0 0 0 0 0 0 1 0 0 0 20 0 0 0 0 0 23 2 0 0 0 0 11 0 4 0 0 0 0 0 0 15 0 0 0 0 0 0 0 0 0 0 0 0 0 0 0 0 1 0 0 0 0 0 0 0 0 0 0 0 9 0 6 0 10 27 26 18 21 37 23 10 0 12 52 0 1 9 10 0 23 2 29 0 0 0 0 0 0 0 16 0 0 0 0 0 0 0 0 19 0 0 12 32 0 0 0 0 0 0 0 0 0 0 0 0 0 0 0 0 0 0 0 0 0 0 0 0 0 0 0 0 0 0 0 0 0 0 7 2 0 101 76 0 22 0 0 0 0 0 0 0 0 0 0 0 0 0 0 0 0 0 0 0 0 11 0 0 0 28 1 0 0 0 
 5 3 3 3 3 77 3 3 3 3 3 4 3 5 3 3 3 5 3 3 579 103 0 192 58 29 301 169 239 123 128 125 53 70 340 292 116 81 26 97 44 0 0 0 2 0 0 0 0 0 0 16 148 0 0 0 3 3 0 27 0 0 0 0 0 0 0 3 3 0 0 5 0 0 0 2 0 2 0 0 0 0 0 0 0 0 0 0 0 0 0 0 0 0 0 0 9 0 0 0 0 25 1 13 16 0 39 0 2 38 19 20 26 11 0 16 24 16 27 15 0 0 0 0 0 0 1 0 0 0 9 0 9 0 0 0 0 0 0 16 4 5 0 0 0 0 0 0 0 0 0 0 0 0 0 0 0 0 0 7 0 0 0 30 0 0 0 0 0 0 0 0 0 0 0 0 0 0 3 0 22 0 3 36 14 14 10 0 14 23 12 0 0 0 28 12 17 33 20 0 0 0 0 0 0 0 0 0 1 0 0 0 0 0 0 0 0 10 0 0 0 0 0 0 0 0 0 0 0 0 0 0 0 0 0 0 0 0 0 0 0 0 1 0 0 0 2 0 0 0 0 0 0 0 7 2 0 0 0 0 9 0 0 0 0 0 0 0 0 0 0 0 0 0 0 0 0 0 0 12 0 0 0 0 0 0 0 0 0 0 
 3 3 3 3 3 77 3 3 3 3 3 3 3 3 3 3 3 3 3 3 66 129 192 0 164 33 188 290 379 88 101 83 212 145 319 59 103 123 60 81 0 0 0 0 2 67 1 5 0 0 0 8 2 0 4 0 3 3 0 106 0 0 0 0 0 0 0 7 3 5 0 5 0 0 0 3 0 5 1 0 0 0 0 0 0 0 1 0 0 0 0 2 0 0 0 0 0 0 0 0 14 0 0 19 1 21 13 1 7 29 68 1 15 38 0 20 46 15 0 0 0 0 20 0 0 0 8 0 0 0 15 0 0 0 23 0 16 0 20 5 0 0 0 0 4 0 0 0 0 0 0 0 0 0 0 0 0 0 0 0 0 0 0 0 0 0 0 0 0 0 0 0 5 0 0 0 6 0 21 0 11 3 37 13 20 15 16 0 11 0 23 21 0 0 13 36 0 64 25 0 22 0 1 0 0 0 10 0 0 0 0 16 2 0 0 1 0 0 16 0 0 0 0 0 0 0 0 0 0 0 0 0 0 0 0 2 0 0 0 0 0 0 20 0 0 0 0 0 0 0 0 0 0 0 6 0 1 0 2 0 8 0 0 0 0 0 0 0 0 0 0 0 0 2 0 0 0 0 0 0 0 0 0 0 0 0 0 0 0 0 
 0 1 0 0 2 70 0 1 25 0 0 0 0 74 0 2 2 81 4 0 66 325 58 164 0 240 175 65 100 181 194 213 50 62 157 74 83 375 46 71 90 0 61 0 2 0 0 2 0 1 0 0 35 65 1 0 3 3 67 26 0 0 4 0 0 0 0 3 5 0 0 11 0 0 1 5 6 4 0 0 1 0 0 0 0 0 0 0 0 0 0 0 0 1 0 0 0 0 0 0 0 0 19 13 1 31 0 9 9 0 0 22 0 0 1 0 8 38 0 0 8 10 13 2 0 0 29 10 0 0 20 0 57 55 0 13 0 0 35 10 0 2 0 0 0 0 0 0 13 0 1 0 3 0 0 0 0 3 0 0 0 0 0 0 0 0 15 0 0 0 0 0 0 0 2 0 0 3 0 12 0 15 13 10 18 27 0 0 21 56 1 0 23 0 8 12 6 11 0 0 0 22 11 0 0 0 14 19 0 8 0 0 12 54 0 14 12 8 65 53 0 0 0 0 0 0 0 0 0 0 0 1 0 0 0 0 0 0 0 0 0 0 0 0 0 0 0 0 0 30 0 0 0 0 2 0 1 77 89 1 6 2 0 0 0 0 0 0 0 0 0 0 0 2 0 10 0 0 0 0 0 11 0 0 0 0 0 0 0 0 
 3 0 0 0 3 2 0 2 2 0 0 0 0 2 0 3 1 0 3 2 30 197 29 33 240 0 26 93 50 239 80 57 43 128 39 163 231 294 37 64 0 1 3 0 2 0 0 55 1 0 0 60 0 62 62 0 3 3 0 3 0 0 0 0 3 0 0 4 3 0 0 2 0 0 0 3 0 2 0 0 0 0 0 0 0 0 0 0 0 0 0 0 0 0 0 0 0 0 0 0 0 29 14 0 2 33 0 1 0 0 0 18 0 0 9 23 0 39 19 0 53 0 3 0 16 0 19 2 19 0 0 0 46 29 1 0 14 0 13 5 0 0 0 0 0 0 0 0 0 0 0 0 0 0 20 0 0 0 0 0 0 0 0 0 0 0 0 0 11 0 0 0 0 0 0 0 0 0 0 0 0 20 1 0 65 12 0 10 0 30 16 5 0 0 0 8 7 0 2 0 0 9 0 0 0 0 35 10 0 25 0 0 9 20 23 18 29 10 32 55 0 0 0 0 0 0 0 0 0 0 0 0 0 0 0 0 0 0 0 0 0 0 0 0 0 0 0 0 0 2 0 0 0 0 16 0 0 164 13 0 0 0 0 0 0 0 8 0 0 0 0 0 0 0 0 0 0 0 0 0 0 10 0 0 0 21 0 0 0 0 
 2 2 4 36 117 26 2 2 79 5 3 26 2 2 2 82 2 81 2 2 247 338 301 188 175 26 0 262 399 45 256 100 65 502 260 108 108 31 117 143 0 0 0 0 3 60 0 0 0 62 0 3 0 0 0 0 3 65 0 3 0 8 0 0 0 0 0 3 3 0 0 2 0 0 0 3 0 53 0 0 12 0 0 0 0 12 0 0 0 0 0 14 0 0 0 0 0 1 0 0 0 0 5 12 0 0 18 33 22 1 32 14 36 2 41 1 17 10 15 15 0 0 0 0 0 0 0 0 0 0 0 0 0 0 0 2 0 0 0 0 17 0 0 0 0 0 0 1 0 0 0 0 14 0 0 0 0 0 0 0 0 0 0 0 10 16 0 0 0 10 18 13 0 0 0 0 0 0 0 0 0 17 44 21 0 0 27 0 27 0 13 0 0 0 18 1 15 47 40 0 0 2 0 3 0 0 0 0 0 0 0 1 0 0 0 0 0 0 1 0 0 0 0 0 17 0 0 0 0 0 0 0 0 0 0 0 0 0 0 0 0 0 11 0 0 0 0 0 0 35 0 0 0 0 4 0 0 0 0 0 1 0 0 0 0 0 0 0 0 0 0 0 0 0 0 0 0 0 0 0 0 0 0 0 0 0 0 0 0 0 
 0 0 0 105 77 0 0 0 1 0 0 1 0 2 0 5 1 1 0 0 288 204 169 290 65 93 262 0 159 115 104 129 111 189 132 146 60 286 114 142 2 0 0 0 2 0 0 0 0 0 0 7 0 0 0 0 3 3 4 2 0 2 0 0 0 1 0 3 2 0 0 2 0 0 0 3 0 2 0 0 0 0 0 0 0 13 0 0 0 0 0 0 0 0 0 0 0 13 0 1 19 0 1 17 24 16 21 10 32 13 6 32 10 8 23 19 15 40 1 23 0 0 0 0 0 0 24 0 0 0 0 0 16 0 0 0 0 0 0 21 2 0 0 0 1 0 1 0 0 0 0 0 0 0 0 0 0 0 0 0 2 0 0 0 61 13 0 0 0 2 26 0 0 0 0 2 3 0 3 0 0 0 24 11 0 28 22 0 24 3 45 0 8 10 6 18 0 11 15 0 0 0 0 0 0 0 0 0 0 0 0 0 0 0 0 0 0 0 0 40 0 0 0 0 0 0 0 0 0 0 1 0 0 0 0 0 0 0 0 0 0 0 8 0 0 0 0 0 0 72 0 0 0 0 1 2 2 98 0 2 9 0 0 0 0 0 0 0 0 0 0 0 0 0 0 0 0 0 0 0 0 0 0 0 0 1 1 0 0 0 
 0 0 0 0 0 74 0 0 59 0 0 0 0 0 0 0 0 0 0 0 186 139 239 379 100 50 399 159 0 142 283 371 64 304 192 390 105 149 68 168 0 0 0 0 2 62 0 0 0 0 0 3 0 0 0 0 3 3 0 3 0 0 0 0 0 0 0 3 3 0 0 20 0 0 0 3 0 2 0 0 0 0 0 0 0 0 0 0 0 0 0 1 0 0 0 0 0 0 0 0 0 32 11 36 3 23 24 1 1 0 21 40 11 2 1 27 48 16 14 0 17 0 0 0 0 0 7 0 0 0 0 0 14 0 0 0 0 0 10 10 5 3 0 2 0 0 0 0 0 2 0 0 0 2 0 0 0 0 0 11 1 0 0 0 0 0 0 0 0 2 0 0 0 0 0 0 0 0 1 0 14 25 13 30 0 12 28 8 14 83 15 0 0 0 31 27 25 29 22 0 0 0 0 0 1 0 19 0 0 8 0 0 0 0 20 0 0 0 26 0 0 0 0 0 0 0 0 0 0 0 0 0 0 0 0 0 0 0 0 0 0 0 10 0 0 0 0 0 0 0 0 0 0 0 2 0 3 0 0 0 2 1 0 0 0 0 0 0 0 0 0 1 0 0 0 0 0 0 0 15 0 0 0 0 0 0 0 0 0 0 
 0 0 0 0 6 2 2 0 74 0 0 213 0 0 0 11 0 3 0 0 62 155 123 88 181 239 45 115 142 0 250 192 56 82 156 385 218 127 74 322 4 0 3 0 2 0 0 0 6 0 0 0 30 62 0 81 3 3 63 68 0 0 0 0 0 0 0 3 52 0 0 2 0 0 0 3 0 2 0 0 0 40 0 0 0 0 0 0 0 0 2 0 0 0 0 0 0 0 0 5 0 0 27 48 28 10 1 9 1 1 7 0 1 8 0 0 0 1 0 0 0 8 0 0 0 0 42 0 0 0 0 0 48 16 0 11 0 0 13 15 1 0 0 0 0 0 0 0 0 0 0 0 0 20 0 0 0 0 0 0 0 0 18 0 0 0 14 0 0 0 0 0 0 0 0 0 0 0 0 7 0 11 7 0 51 13 6 1 0 18 21 15 0 0 0 1 16 11 0 0 12 28 2 0 0 0 26 16 19 0 0 0 1 0 0 0 0 0 15 13 0 0 0 16 0 0 0 0 0 0 0 0 0 0 0 0 0 0 0 9 0 0 0 0 0 2 0 0 0 0 0 0 0 0 0 2 3 78 164 2 3 2 0 0 0 0 42 0 0 0 0 0 0 0 0 0 0 0 0 0 0 1 0 0 0 7 0 0 0 0 
 0 0 0 0 5 74 0 0 0 0 0 0 0 0 1 3 0 0 0 0 107 45 128 101 194 80 256 104 283 250 0 119 44 79 138 86 214 121 72 85 0 0 0 0 2 62 0 0 0 0 0 2 61 68 1 0 3 3 131 4 0 0 0 0 0 0 0 3 3 0 0 2 0 0 0 2 0 2 0 0 0 0 0 0 0 0 0 0 0 0 0 0 0 0 0 0 1 2 0 0 0 14 30 27 37 0 24 0 0 3 21 0 8 0 1 23 27 22 0 0 0 13 0 0 0 0 21 0 2 0 0 0 12 0 0 12 19 0 0 25 0 0 0 0 29 0 0 0 0 0 0 0 2 0 0 0 0 1 0 0 0 0 0 14 0 0 7 0 0 0 0 0 0 0 0 0 0 0 0 6 14 40 19 28 3 0 0 0 24 22 0 22 0 0 19 0 56 7 19 0 22 0 1 1 0 0 9 9 0 0 0 0 10 0 0 0 1 0 21 0 0 0 0 0 2 0 0 0 0 0 0 0 0 0 0 0 10 0 0 0 0 0 8 0 0 0 0 0 0 0 0 0 0 0 0 0 6 78 74 2 2 4 0 0 0 0 0 0 0 0 0 0 0 0 0 0 0 0 0 15 0 1 0 0 0 0 0 0 0 0 
 2 2 0 0 3 0 2 2 0 3 0 0 0 0 39 0 1 0 0 1 41 110 125 83 213 57 100 129 371 192 119 0 50 60 45 107 177 291 72 243 0 0 0 0 2 0 0 0 0 0 0 0 63 21 0 0 3 3 29 204 0 0 0 0 0 0 0 3 3 0 0 12 0 0 0 3 0 4 0 0 0 0 0 2 0 2 0 0 0 0 0 0 0 0 0 0 0 0 0 0 0 0 10 19 44 21 0 0 18 0 12 13 0 0 0 11 11 19 0 15 0 9 0 0 0 0 14 19 0 0 10 3 0 55 13 12 2 0 27 2 0 0 0 0 4 0 0 0 0 0 0 0 0 0 0 0 0 0 0 0 0 0 0 0 0 0 4 0 12 0 0 0 0 2 0 0 0 0 0 3 0 1 10 2 10 12 0 0 12 10 33 42 0 0 0 7 0 46 0 18 26 20 12 0 0 0 64 8 14 0 0 0 11 28 10 15 0 13 27 29 0 0 0 0 0 0 0 0 0 0 0 0 0 0 0 0 0 0 0 0 0 0 0 0 0 0 0 0 0 0 0 0 0 1 0 4 0 4 1 1 2 1 0 0 0 0 0 0 0 0 0 0 0 0 0 0 0 0 0 0 0 0 0 0 0 21 0 0 0 0 
 0 0 0 29 49 78 0 0 0 0 156 1 0 0 74 0 76 0 0 0 105 381 53 212 50 43 65 111 64 56 44 50 0 358 281 32 60 38 169 152 0 4 0 0 5 3 61 0 1 2 2 1 0 0 0 2 8 6 0 3 2 0 0 3 4 6 0 3 4 6 5 3 0 3 0 5 2 2 0 1 0 0 0 68 8 0 2 0 0 0 0 0 0 11 0 0 0 11 0 0 23 20 1 0 0 0 33 18 0 39 1 2 42 80 42 22 1 7 27 31 0 0 0 0 0 0 0 0 0 0 0 0 0 0 0 0 0 0 0 0 0 0 0 0 0 0 12 0 0 0 0 0 0 0 8 0 0 0 0 0 0 13 14 0 1 0 0 0 1 7 12 15 0 0 0 0 4 0 4 0 24 14 21 17 0 11 15 41 34 6 17 10 14 20 18 1 15 0 49 23 0 0 2 0 0 0 0 0 0 0 0 0 1 0 0 0 0 0 0 0 0 0 0 0 0 0 0 0 0 0 0 0 0 0 9 0 0 0 0 0 0 0 0 0 14 0 111 0 0 0 0 0 0 0 13 2 0 0 0 0 10 0 12 0 0 0 0 0 0 0 0 0 0 0 0 0 0 9 0 4 0 0 0 0 0 0 15 0 0 0 
 0 0 0 0 20 149 0 0 0 80 0 74 0 0 2 3 2 2 2 1 71 83 70 145 62 128 502 189 304 82 79 60 358 0 424 129 256 75 213 336 0 0 0 0 3 65 0 0 5 0 0 11 0 0 0 0 3 3 0 2 0 1 0 0 0 1 0 3 2 7 0 2 0 0 0 3 0 2 0 0 0 0 0 0 14 0 0 0 0 0 0 0 20 0 0 0 0 0 0 0 0 24 11 7 2 9 7 57 29 19 15 11 6 21 38 9 44 11 13 1 0 0 0 0 0 0 19 0 0 0 0 0 15 0 0 0 0 0 0 0 8 5 0 1 0 0 0 0 0 1 0 0 0 0 0 0 0 0 0 9 0 0 0 18 0 0 0 0 0 1 0 1 0 0 0 2 0 14 0 0 10 10 41 0 0 14 2 10 11 0 10 1 0 1 9 0 13 17 39 0 0 0 0 0 0 0 3 0 0 0 0 0 0 0 0 0 0 0 0 15 0 0 0 2 0 0 0 0 0 0 11 0 0 0 0 0 0 0 0 7 0 0 13 0 0 0 0 0 0 0 0 0 0 0 0 2 4 75 0 3 3 0 0 0 0 0 0 0 0 0 0 1 0 0 0 0 0 0 0 0 0 0 0 0 0 0 0 0 0 0 
 4 0 0 0 2 61 0 2 0 0 0 210 0 0 0 0 0 208 0 0 507 231 340 319 157 39 260 132 192 156 138 45 281 424 0 61 103 282 153 593 0 1 0 0 3 24 0 0 2 1 0 0 2 0 0 0 4 3 0 3 1 0 0 0 0 0 0 3 3 5 0 2 0 1 0 3 0 2 0 0 0 0 0 0 0 0 0 0 0 0 0 12 0 0 0 0 0 0 0 0 8 2 10 13 0 1 17 7 14 9 34 5 10 19 9 0 25 2 19 0 0 0 0 0 0 0 9 0 0 0 0 0 0 0 0 0 0 0 1 0 5 3 0 0 0 0 0 0 0 0 0 0 0 0 0 0 0 0 0 19 26 0 0 0 0 0 0 0 0 21 0 12 0 0 0 0 5 0 6 0 3 45 35 27 0 12 35 6 12 0 33 0 0 14 58 17 1 23 40 0 0 0 0 0 0 0 0 0 9 0 0 0 1 0 0 0 0 0 38 3 0 0 0 0 0 0 0 0 0 0 0 0 0 0 2 0 0 0 0 0 0 0 7 0 0 0 0 0 0 0 0 0 0 0 2 0 2 2 0 0 8 0 0 0 0 0 0 0 0 0 0 0 0 0 0 0 0 0 0 0 0 0 0 0 0 0 0 0 0 0 
 3 0 1 0 4 38 96 0 0 0 0 0 0 0 0 0 0 1 0 0 194 171 292 59 74 163 108 146 390 385 86 107 32 129 61 0 148 126 42 358 4 0 0 22 2 205 0 0 0 204 0 4 62 0 0 0 3 3 0 36 0 0 0 0 0 0 0 3 3 0 0 7 8 0 0 3 0 2 0 0 0 0 0 0 0 13 0 1 0 0 0 0 0 0 0 0 0 0 0 0 1 33 9 26 21 13 26 0 0 4 18 78 0 1 1 11 41 7 29 0 11 0 0 0 0 0 0 0 0 0 0 0 21 0 0 0 0 0 2 30 0 12 0 0 0 0 3 0 0 0 0 0 0 0 0 0 0 0 0 9 0 0 0 23 0 0 0 0 0 0 0 13 0 0 0 0 1 0 1 0 23 37 1 43 0 19 0 0 14 38 0 0 0 20 54 1 15 18 9 9 0 0 0 0 21 0 11 0 16 0 0 0 0 0 0 0 0 0 13 0 0 0 5 0 0 0 0 0 0 0 0 15 0 0 0 0 0 0 0 0 0 0 0 0 0 0 92 0 0 0 0 0 0 0 12 0 4 0 0 0 5 1 3 0 0 0 0 0 0 0 0 0 0 0 0 0 0 0 0 15 0 0 0 1 0 0 0 0 0 0 
 3 89 4 3 6 6 5 3 3 3 3 3 3 3 3 3 3 8 5 3 187 178 116 103 83 231 108 60 105 218 214 177 60 256 103 148 0 250 48 38 5 0 0 0 2 2 0 0 3 0 0 0 29 0 0 0 4 3 0 64 0 0 0 0 5 0 0 3 5 0 0 2 0 0 1 9 0 2 35 2 0 0 0 0 0 0 0 0 0 0 0 0 0 0 0 0 0 0 0 0 0 7 23 0 10 21 0 15 42 0 12 17 0 0 3 16 0 10 0 0 13 0 0 0 16 0 19 0 0 0 0 0 51 0 0 0 0 0 12 1 3 0 0 1 0 0 0 0 0 0 0 0 0 0 0 0 0 0 0 0 0 0 0 0 0 0 0 0 0 0 0 1 0 0 0 0 0 0 0 14 0 22 18 6 15 14 18 11 11 9 10 0 0 49 13 18 7 27 0 0 19 10 0 0 0 0 22 2 9 0 0 0 1 0 0 0 0 21 7 15 0 0 0 0 0 0 0 0 0 0 0 0 0 0 0 0 0 0 0 0 0 0 0 0 0 0 0 0 0 0 0 0 0 0 2 0 1 74 0 1 2 0 0 0 0 0 10 0 0 0 0 0 0 0 0 0 0 0 0 0 0 20 0 0 0 0 0 0 0 0 
 0 0 0 0 9 0 1 34 2 0 0 0 0 0 0 4 0 0 0 2 321 27 81 123 375 294 31 286 149 127 121 291 38 75 282 126 250 0 23 32 3 2 1 0 5 2 0 3 0 2 0 0 62 0 0 3 3 3 0 52 0 0 0 0 0 0 0 3 2 3 0 4 0 0 2 6 0 2 3 0 0 0 0 0 0 0 0 0 0 0 1 0 0 0 0 0 0 0 0 0 0 20 12 0 9 28 0 31 18 11 5 39 0 0 11 14 8 19 0 0 22 0 0 0 0 0 21 0 0 0 0 0 40 0 9 0 0 0 1 19 0 0 0 0 3 0 0 0 0 0 0 0 0 0 0 0 0 0 0 0 0 0 0 0 0 0 0 0 0 0 0 0 0 0 0 13 3 0 0 0 0 32 13 15 19 62 0 2 35 54 0 0 1 22 0 16 12 12 0 0 0 0 0 0 0 0 88 0 20 0 0 0 9 21 9 16 0 0 0 16 0 0 0 0 0 0 0 0 0 0 0 0 0 0 0 0 3 0 0 0 0 0 0 0 0 1 0 0 0 0 0 0 0 0 4 0 5 74 76 1 6 12 1 0 0 0 0 0 0 20 0 0 0 0 0 0 0 0 0 0 0 12 0 0 0 4 0 0 0 0 
 97 24 85 185 1 211 0 0 1 79 155 1 0 0 76 3 0 113 1 0 24 130 26 60 46 37 117 114 68 74 72 72 169 213 153 42 48 23 0 186 0 0 0 0 2 62 0 0 0 0 0 2 0 0 0 0 3 3 0 2 0 0 0 0 0 40 28 3 3 9 0 4 0 0 0 3 0 2 0 0 0 0 12 2 22 12 0 18 0 17 21 14 0 0 0 34 6 20 0 0 18 2 0 1 2 0 37 12 1 0 3 1 27 8 13 41 12 12 14 34 0 0 0 0 0 0 0 0 0 0 0 0 2 0 2 0 0 0 0 0 0 0 0 0 0 0 2 0 0 0 0 0 0 0 8 0 0 0 0 0 7 12 17 1 16 3 0 7 14 0 0 64 4 0 0 7 0 0 0 0 32 19 30 0 0 0 23 19 0 0 0 28 55 27 10 1 14 7 36 20 0 0 0 0 0 0 0 1 0 0 0 0 0 0 0 0 0 0 0 0 0 0 0 0 0 0 0 0 0 0 0 0 0 0 0 0 0 0 2 0 0 0 8 0 0 0 75 0 0 74 0 0 0 0 9 0 0 0 0 0 2 0 0 0 0 0 0 0 0 0 0 0 0 38 0 0 0 6 0 0 0 0 0 0 0 0 19 0 0 0 
 0 0 75 0 77 169 0 1 0 105 75 17 0 0 0 8 0 77 0 0 34 121 97 81 71 64 143 142 168 322 85 243 152 336 593 358 38 32 186 0 2 0 2 4 5 65 0 2 5 0 5 2 0 0 2 75 7 3 0 5 2 0 4 0 0 3 0 7 4 7 0 2 0 2 0 3 0 7 9 0 0 0 27 0 27 0 0 0 0 13 0 3 0 0 0 13 2 21 0 0 0 23 1 1 1 0 6 26 66 19 28 0 23 20 0 11 86 0 11 0 0 0 0 0 0 0 0 0 0 0 0 0 0 0 0 0 0 0 0 0 6 4 0 0 0 0 0 0 0 0 0 0 0 0 0 0 0 0 0 8 3 0 0 14 8 0 0 11 14 0 0 30 0 0 0 12 2 1 0 0 11 13 25 0 0 0 17 11 0 0 10 0 12 25 49 1 25 18 64 10 2 0 0 0 0 0 0 0 0 0 0 0 0 0 0 0 0 0 0 0 1 0 0 0 0 0 0 0 0 0 0 0 0 0 0 0 2 0 0 0 0 0 8 0 0 0 1 0 3 0 0 0 0 0 12 0 3 0 0 2 0 1 0 0 0 0 0 0 0 0 0 0 0 0 0 0 0 0 0 0 0 0 0 0 0 0 0 0 0 0 
 3 3 3 3 3 3 3 3 3 3 3 3 3 3 3 3 3 4 3 3 0 3 44 0 90 0 0 2 0 4 0 0 0 0 0 4 5 3 0 2 0 290 206 266 47 51 440 55 340 21 37 45 188 124 101 148 162 221 60 109 0 0 0 0 0 0 0 0 52 0 0 0 0 0 2 0 0 0 0 0 0 0 0 0 0 0 0 0 0 0 0 0 0 0 0 0 0 0 0 0 0 0 2 2 5 0 10 0 0 4 0 2 0 0 0 1 0 6 0 0 0 0 0 1 0 0 0 12 10 36 25 18 3 30 7 32 25 10 13 1 0 1 0 0 0 14 0 0 2 0 0 0 1 14 0 0 0 0 4 0 0 0 0 0 0 21 21 0 0 0 0 0 0 0 0 0 0 6 0 0 0 6 0 23 0 0 0 0 0 0 0 0 17 0 12 23 5 0 0 0 0 30 43 4 12 10 0 44 10 7 15 4 26 53 13 35 7 15 6 19 0 0 0 0 0 0 15 0 0 0 0 0 0 7 0 0 0 0 10 8 0 0 0 0 0 0 0 0 0 31 0 8 0 1 0 0 0 0 0 24 0 0 0 0 0 2 4 1 2 0 0 0 0 0 0 0 0 0 0 0 0 4 0 0 8 18 0 0 0 0 
 0 0 31 0 9 1 2 0 0 0 18 3 0 0 0 0 0 2 0 0 5 0 0 0 0 1 0 0 0 0 0 0 4 0 1 0 0 2 0 0 290 0 192 203 42 53 203 197 128 263 59 25 69 77 176 334 55 61 60 277 2 0 0 0 20 0 0 0 2 0 0 0 4 0 4 0 1 0 6 5 0 0 0 1 0 0 0 0 0 0 0 5 0 0 0 0 0 0 0 0 0 7 0 0 0 0 0 6 5 0 4 0 0 8 4 0 0 0 5 0 5 8 24 26 29 0 0 68 6 3 0 14 0 17 13 2 0 16 0 0 0 6 15 0 0 0 0 47 0 0 0 0 0 0 0 0 0 17 21 12 0 0 0 0 0 0 0 4 7 4 0 1 0 0 0 0 0 0 0 0 0 0 0 0 23 0 3 50 1 0 0 5 0 0 0 0 0 0 2 0 0 0 0 0 8 0 0 0 1 1 30 0 0 8 15 26 15 1 0 4 15 1 0 0 0 0 0 0 0 0 0 0 17 4 0 6 0 0 0 0 0 0 2 0 0 0 2 0 0 0 0 9 0 1 0 0 0 0 0 2 0 0 1 0 1 1 0 0 0 0 0 0 0 0 0 0 0 0 0 0 0 0 0 0 0 0 0 21 0 0 
 4 3 3 3 35 3 3 3 3 5 3 3 3 3 3 67 3 4 3 3 0 0 0 0 61 3 0 0 0 3 0 0 0 0 0 0 0 1 0 2 206 192 0 84 340 261 353 111 172 132 268 60 170 59 139 70 186 192 130 60 0 4 9 0 6 0 1 4 10 0 0 0 0 0 4 7 0 6 0 34 0 0 0 0 0 0 0 0 0 0 0 0 0 0 0 0 0 0 0 0 0 0 0 0 0 4 0 0 0 0 0 0 0 0 0 0 0 0 0 0 7 22 10 12 45 0 0 28 53 19 14 1 0 12 12 1 26 11 0 0 0 7 4 0 0 0 17 0 2 3 13 0 23 15 8 6 0 24 1 0 0 0 0 0 0 4 0 1 0 0 0 0 0 0 0 0 0 5 0 1 0 0 0 0 26 0 0 0 0 0 0 0 0 0 0 0 0 0 0 0 0 24 1 30 31 5 0 10 33 34 13 51 9 15 29 35 8 38 6 20 0 0 4 10 0 0 12 0 5 8 0 0 0 0 0 9 0 0 0 37 0 0 6 0 0 0 0 0 0 0 0 5 0 0 0 0 0 0 0 25 0 0 0 0 0 2 6 4 0 0 0 0 0 0 0 0 0 0 0 0 0 0 0 0 0 26 0 0 2 0 
 0 0 2 0 2 0 0 0 0 2 0 0 0 0 0 0 0 2 0 0 0 0 0 0 0 0 0 0 0 0 0 0 0 0 0 22 0 0 0 4 266 203 84 0 158 138 64 140 150 136 299 183 69 77 74 143 394 186 93 73 1 1 1 0 0 0 8 0 0 0 7 2 0 0 0 1 0 0 0 53 0 0 19 0 0 0 0 0 0 0 0 0 0 0 0 0 0 0 0 0 0 0 0 0 0 0 0 0 0 0 0 0 1 0 0 0 0 0 0 0 0 0 17 26 4 28 0 0 10 7 0 25 0 0 0 0 1 4 0 0 20 7 12 1 0 0 1 26 0 0 0 0 12 0 8 0 0 26 0 9 0 0 0 0 0 0 0 18 1 0 0 0 0 0 0 10 6 1 0 0 0 0 0 0 0 0 0 0 0 0 0 0 0 0 0 0 0 0 0 0 10 0 0 38 7 0 0 0 0 1 40 16 1 0 0 0 0 0 14 0 42 12 0 0 0 0 22 3 10 0 0 0 4 14 29 0 20 0 2 0 0 0 0 0 0 0 0 0 0 0 0 0 0 0 0 1 0 0 0 10 0 0 6 0 69 0 2 1 2 0 20 0 0 0 0 0 0 0 0 0 0 0 0 0 16 0 0 14 2 0 
 2 2 2 2 17 2 2 2 7 2 5 9 2 2 2 8 4 2 2 2 2 2 2 2 2 2 3 2 2 2 2 2 5 3 3 2 2 5 2 5 47 42 340 158 0 437 63 77 159 388 210 233 75 71 97 279 55 91 108 80 0 49 26 1 0 0 63 51 24 0 4 53 0 82 4 0 16 53 25 0 0 0 0 1 8 7 0 0 0 0 7 0 0 0 0 0 0 0 0 0 0 1 0 0 0 0 0 0 0 0 0 0 0 0 0 0 0 0 0 7 0 0 0 29 0 18 0 0 0 0 10 0 0 0 0 0 0 26 0 0 28 3 0 0 0 23 6 7 0 7 0 0 0 10 30 0 8 6 11 0 0 0 16 0 7 0 0 0 53 0 0 0 19 0 0 0 0 0 0 0 4 0 0 0 0 0 0 0 1 0 0 0 8 5 0 0 0 0 0 10 0 0 12 20 3 32 0 0 0 0 20 20 0 0 0 0 0 22 0 0 0 12 0 15 6 0 11 36 3 14 10 0 25 17 19 11 0 11 16 21 0 0 18 0 0 0 1 0 0 0 0 12 0 0 0 0 0 0 0 2 0 0 6 82 1 13 0 64 2 0 0 0 0 0 24 0 0 0 0 0 0 0 0 0 0 0 0 0 1 0 
 0 0 3 0 0 59 0 0 0 2 0 4 0 0 0 3 0 4 0 0 1 0 0 67 0 0 60 0 62 0 62 0 3 65 24 205 2 2 62 65 51 53 261 138 437 0 46 108 45 343 88 140 93 54 112 73 78 84 51 41 2 54 48 1 2 0 61 50 22 3 111 0 1 26 13 1 52 52 26 1 0 0 0 13 0 0 0 0 0 0 0 11 0 0 0 0 0 0 0 0 0 2 0 0 0 0 0 7 10 0 16 0 9 0 0 0 4 0 0 0 0 0 1 1 21 60 0 0 0 0 0 0 0 0 0 0 0 15 0 7 21 19 0 0 0 14 13 9 2 0 10 21 3 3 0 0 53 0 9 0 0 0 0 0 0 0 0 0 11 0 0 10 0 0 0 0 8 0 0 0 0 0 5 0 0 0 10 0 0 0 0 0 0 0 0 0 0 10 6 0 0 0 0 0 0 23 0 0 0 0 0 6 0 0 0 0 7 10 0 0 10 18 25 17 17 1 0 27 5 23 1 0 58 34 33 2 0 26 11 56 0 0 11 0 0 0 0 0 0 0 0 0 1 0 0 0 0 0 0 5 1 0 0 0 0 10 1 0 0 0 0 0 0 0 0 0 0 0 0 0 0 0 0 0 0 0 0 0 2 0 
 1 0 0 0 1 0 0 0 0 2 0 0 0 0 0 0 0 4 0 0 0 68 0 1 0 0 0 0 0 0 0 0 61 0 0 0 0 0 0 0 440 203 353 64 63 46 0 92 117 63 26 85 506 250 58 163 101 151 76 35 0 2 7 0 3 0 1 19 2 5 0 0 0 0 0 7 0 2 0 3 0 0 0 0 0 0 0 0 0 0 0 0 0 0 0 0 0 1 0 0 0 0 1 0 0 0 0 0 0 0 0 1 0 0 0 17 0 0 0 0 6 51 7 10 21 0 0 18 38 28 11 28 0 0 16 27 19 1 0 0 8 0 3 1 0 14 6 0 16 6 0 0 32 3 0 0 5 5 7 0 0 0 0 0 1 0 0 3 1 0 0 0 0 0 0 0 16 0 0 0 0 0 0 0 0 0 0 0 0 0 0 0 0 0 0 0 0 0 0 0 9 1 14 0 16 19 0 18 10 8 25 13 0 14 39 10 33 0 0 0 0 4 0 1 0 0 0 8 6 7 0 0 1 10 0 3 0 0 1 32 0 0 0 0 0 0 0 0 0 0 0 9 0 0 0 0 0 0 0 1 0 0 0 0 0 2 3 0 0 0 0 0 0 0 0 0 0 0 0 0 0 0 0 0 1 0 0 0 2 0 
 2 0 61 0 0 0 0 0 0 0 0 0 0 0 0 2 0 3 0 0 0 0 0 5 2 55 0 0 0 0 0 0 0 0 0 0 0 3 0 2 55 197 111 140 77 108 92 0 386 63 36 138 73 161 56 71 110 33 66 26 0 0 0 0 1 0 0 0 0 0 0 0 1 21 0 0 0 0 32 0 0 0 0 0 0 0 0 0 0 0 0 0 0 0 0 0 0 0 0 0 0 0 0 0 0 0 0 0 8 0 0 0 0 0 0 0 0 0 0 0 32 10 7 22 20 16 0 0 4 22 5 19 0 0 0 1 0 59 0 0 0 12 2 0 0 2 0 0 5 0 0 0 5 0 0 0 0 0 21 1 0 0 0 0 0 0 0 0 15 0 0 0 0 0 0 0 0 0 0 0 0 0 0 0 0 0 0 0 0 0 0 0 0 0 0 0 0 0 0 0 1 1 11 13 0 13 1 61 1 19 25 13 6 13 0 0 28 13 0 10 21 0 0 0 0 0 0 0 0 0 0 0 11 17 0 0 1 2 18 1 0 0 0 0 0 0 0 0 0 31 0 2 0 1 0 0 0 64 0 0 0 0 0 0 0 37 2 0 0 0 8 0 0 0 0 0 0 0 0 0 0 0 0 0 16 0 0 0 0 0 
 0 0 0 0 0 0 0 0 0 5 0 0 0 0 0 4 0 3 0 0 0 11 0 0 0 1 0 0 0 6 0 0 1 5 2 0 3 0 0 5 340 128 172 150 159 45 117 386 0 100 135 167 97 92 359 220 119 181 64 56 0 0 0 0 0 0 11 0 0 0 0 0 0 0 3 0 0 1 0 55 0 0 0 0 0 0 0 0 0 0 0 0 13 0 0 0 0 0 0 0 0 0 3 2 0 0 6 0 4 0 0 0 0 0 0 0 0 0 0 0 0 0 0 51 3 20 0 7 12 13 19 33 3 1 0 14 11 14 13 0 0 10 13 0 0 4 1 21 7 0 0 1 3 13 9 0 0 21 0 10 0 0 0 0 0 2 0 8 0 0 0 0 0 0 0 0 0 0 0 0 0 9 0 8 11 0 0 0 0 0 0 0 0 0 4 13 7 0 0 0 11 0 7 32 21 1 0 10 22 11 43 20 0 1 0 1 1 11 9 1 13 0 0 0 0 0 23 0 0 0 0 0 0 10 14 0 0 0 9 0 0 0 18 0 0 0 0 0 0 0 0 6 0 1 0 0 0 0 0 2 0 0 0 0 64 2 0 46 2 0 11 0 0 0 0 0 0 0 0 0 0 9 0 0 0 13 0 14 0 0 
 1 0 0 0 0 0 0 63 0 1 0 2 0 3 0 0 0 0 0 0 0 0 0 0 1 0 62 0 0 0 0 0 2 0 1 204 0 2 0 0 21 263 132 136 388 343 63 63 100 0 290 502 118 149 85 408 324 401 62 104 0 4 2 5 8 0 78 4 5 0 5 37 14 79 0 4 0 6 1 50 0 0 0 0 0 0 0 0 21 0 0 0 1 0 0 0 0 0 0 0 0 0 0 0 0 0 0 0 0 0 0 0 0 0 0 0 0 0 0 0 7 16 0 0 0 13 0 18 18 0 64 0 0 0 0 0 0 0 0 0 49 7 1 0 1 0 0 1 0 0 8 6 54 0 19 7 0 7 24 0 0 4 0 0 0 0 0 0 0 0 0 9 0 0 0 0 0 0 0 0 0 10 0 0 0 0 0 0 0 0 0 0 0 0 0 0 0 0 0 0 0 0 0 28 19 68 0 1 0 8 13 29 0 14 0 0 24 1 0 0 26 25 5 4 17 0 31 10 22 0 5 3 2 1 15 29 18 0 33 51 0 0 1 0 0 0 0 0 2 0 0 8 0 1 0 0 0 0 0 2 1 0 41 69 0 2 2 7 0 0 1 0 0 0 0 0 0 0 0 0 0 2 0 0 0 0 0 0 0 0 
 3 3 3 3 6 3 3 3 3 5 3 3 3 3 3 6 3 3 3 3 0 0 0 0 0 0 0 0 0 0 0 0 2 0 0 0 0 0 0 5 37 59 268 299 210 88 26 36 135 290 0 157 25 42 71 137 118 130 43 57 52 0 0 7 2 2 127 0 3 1 7 32 0 60 2 10 2 3 52 84 0 7 0 0 0 0 0 0 0 0 0 0 0 0 0 0 0 0 0 0 0 0 0 0 0 0 0 0 0 0 0 0 0 0 0 0 0 0 0 0 0 0 0 35 19 56 0 0 0 0 11 0 0 0 16 0 0 9 9 8 18 0 10 0 6 3 11 19 0 11 1 32 29 0 12 0 0 11 0 13 0 1 0 0 0 0 0 0 0 0 0 0 0 0 0 0 0 0 0 0 0 0 0 0 0 0 0 0 0 0 0 0 0 0 0 0 0 0 0 0 0 0 0 12 0 13 0 0 0 0 0 7 0 0 0 0 0 2 0 0 11 16 20 0 2 3 22 19 17 0 5 2 19 7 22 6 4 0 34 0 0 0 0 0 0 0 0 0 0 0 0 14 0 0 0 0 0 0 0 9 0 0 61 8 3 4 1 0 2 0 3 0 0 0 0 5 0 0 0 0 0 0 0 0 58 0 0 12 2 0 
 1 0 3 0 0 47 0 0 0 0 0 2 0 0 1 0 0 0 0 0 0 0 16 8 0 60 3 7 3 0 2 0 1 11 0 4 0 0 2 2 45 25 60 183 233 140 85 138 167 502 157 0 68 61 58 64 232 157 247 44 0 0 52 0 0 0 7 0 0 0 4 31 0 53 0 0 0 0 0 1 0 0 0 0 0 0 0 0 0 0 0 1 0 0 0 0 0 0 0 0 0 0 0 7 6 0 9 1 1 4 0 1 16 0 11 8 10 4 17 0 11 12 0 13 0 0 0 0 3 8 0 1 0 0 0 0 0 9 0 1 9 6 0 0 0 5 15 9 4 12 0 1 45 0 20 0 0 6 17 0 0 1 0 0 0 0 0 0 3 0 0 0 0 0 0 0 0 0 0 0 0 0 0 2 0 0 0 0 0 0 0 0 0 0 0 5 0 0 0 0 0 0 16 27 18 36 0 0 0 0 10 14 0 8 0 0 17 0 0 0 4 23 0 0 0 0 13 18 22 0 0 0 8 17 8 5 0 0 27 13 0 20 13 0 0 0 0 0 0 0 0 6 0 2 0 0 0 0 0 2 0 2 0 16 4 6 12 5 0 0 21 0 0 0 0 0 0 0 0 0 0 3 0 0 17 0 0 0 0 0 
 0 0 0 0 0 0 0 0 0 2 1 2 1 0 0 1 0 1 0 0 0 0 148 2 35 0 0 0 0 30 61 63 0 0 2 62 29 62 0 0 188 69 170 69 75 93 506 73 97 118 25 68 0 181 114 112 91 302 312 166 2 0 0 0 1 3 0 0 1 2 3 5 0 0 0 0 3 0 0 0 0 0 0 0 0 0 0 0 0 0 0 0 0 0 0 0 8 0 0 0 0 0 8 0 7 0 0 0 0 0 0 0 0 0 0 0 1 0 0 0 0 52 10 0 13 0 0 4 18 10 23 1 2 15 18 20 0 0 17 0 0 0 0 0 0 0 0 0 0 0 0 0 39 0 0 0 0 1 0 0 0 0 0 0 0 0 10 0 0 0 0 0 0 0 0 0 0 2 0 3 0 0 0 0 20 0 0 0 0 0 0 0 0 0 0 0 0 0 0 0 15 32 15 0 23 9 9 20 50 9 8 12 12 5 15 18 2 11 8 7 0 0 0 23 0 0 0 0 0 0 0 0 0 0 0 0 0 0 0 12 0 0 0 0 0 0 0 0 0 0 0 7 0 0 0 0 0 0 63 0 0 0 0 0 0 1 9 0 0 0 0 0 0 0 0 1 0 0 0 0 0 0 0 0 1 0 0 0 1 0 
 4 3 3 3 3 3 65 3 3 4 3 3 3 3 3 3 3 3 3 3 0 0 0 0 65 62 0 0 0 62 68 21 0 0 0 0 0 0 0 0 124 77 59 77 71 54 250 161 92 149 42 61 181 0 105 39 48 53 114 165 25 0 0 0 0 0 4 0 0 3 0 0 8 8 10 0 6 0 0 0 0 0 0 0 0 20 0 0 0 0 0 0 0 0 0 0 0 0 0 0 0 0 0 0 20 39 0 0 0 0 0 0 0 0 0 0 0 0 0 0 5 28 0 0 0 0 11 16 0 4 11 6 0 10 0 31 28 1 23 0 5 0 0 4 0 0 6 8 0 0 0 0 15 11 0 0 3 2 32 10 0 0 0 0 0 0 6 0 0 0 0 0 2 0 0 0 0 0 0 4 0 0 0 0 32 0 0 0 0 0 0 12 0 0 0 0 0 0 0 0 19 14 44 0 25 30 0 8 0 0 0 18 18 28 0 0 38 0 19 13 5 2 0 0 0 0 10 4 10 4 0 0 0 0 3 0 11 2 0 30 0 0 0 0 0 0 0 0 0 0 0 8 0 0 0 2 0 59 23 0 0 0 0 0 0 0 0 3 0 0 0 0 0 0 0 0 0 0 0 0 0 0 0 0 0 11 0 0 1 0 
 11 25 3 2 6 3 2 2 2 5 2 2 2 2 2 64 3 2 5 73 0 0 0 4 1 62 0 0 0 0 1 0 0 0 0 0 0 0 0 2 101 176 139 74 97 112 58 56 359 85 71 58 114 105 0 152 344 162 60 119 0 0 0 0 1 0 0 0 0 0 0 0 0 0 0 0 0 0 0 0 1 2 0 0 0 0 0 0 0 0 0 0 0 5 0 0 17 4 0 2 0 0 0 0 0 0 0 0 0 0 0 0 0 0 0 0 0 0 0 0 13 10 14 0 10 0 0 44 26 0 0 19 0 0 12 19 8 12 4 0 0 0 0 0 0 0 0 0 0 0 0 0 0 0 0 8 0 0 0 0 4 0 0 0 0 6 1 2 0 0 1 0 8 1 0 0 0 0 0 0 0 0 0 0 4 5 0 0 0 0 0 0 0 0 0 0 0 0 0 19 17 8 9 17 22 0 24 21 24 17 8 0 19 1 10 23 0 0 0 14 0 0 0 0 0 0 0 0 0 0 0 0 0 0 0 0 0 0 1 0 0 1 0 0 0 0 0 0 0 0 0 8 0 2 0 0 0 66 0 12 0 0 40 0 0 0 9 0 2 0 0 0 0 0 0 0 0 0 0 0 0 0 0 0 7 0 0 0 0 0 
 0 0 3 0 0 0 0 2 0 0 0 7 0 0 0 0 0 0 0 0 0 2 0 0 0 0 0 0 0 81 0 0 2 0 0 0 0 3 0 75 148 334 70 143 279 73 163 71 220 408 137 64 112 39 152 0 320 123 97 74 1 5 0 0 6 0 5 3 8 0 4 6 33 2 6 0 0 0 5 59 0 0 0 5 0 0 0 0 0 0 0 0 0 0 0 0 0 0 0 0 0 2 0 0 0 20 0 0 0 0 0 0 0 0 0 0 0 0 0 0 1 15 16 15 14 9 0 26 17 7 6 42 0 0 52 39 19 1 0 0 12 0 7 0 0 0 0 9 0 0 0 0 0 0 7 0 0 7 7 24 0 0 0 0 0 3 0 12 0 0 0 0 0 0 0 0 0 1 0 0 0 0 0 0 0 17 0 0 0 0 0 0 0 0 0 0 0 0 0 0 3 0 2 18 14 13 0 20 18 18 24 5 1 12 23 14 7 0 0 0 10 0 0 0 0 0 19 0 0 0 0 0 6 0 14 0 3 3 11 3 0 0 0 0 0 0 0 0 0 0 0 12 0 2 0 0 0 0 0 2 0 0 0 0 63 3 0 0 0 0 0 0 0 0 0 0 0 0 0 0 0 3 0 0 0 0 0 10 0 0 
 0 0 0 9 1 0 5 5 0 6 0 1 69 3 0 4 0 10 0 0 3 3 3 3 3 3 3 3 3 3 3 3 8 3 4 3 4 3 3 7 162 55 186 394 55 78 101 110 119 324 118 232 91 48 344 320 0 350 96 40 13 0 0 0 0 0 5 0 2 0 3 0 0 0 4 0 0 0 5 31 4 0 4 0 0 0 0 1 23 0 0 0 0 0 10 17 0 0 0 0 0 0 0 0 0 0 0 0 0 24 0 0 0 0 0 0 0 0 0 1 0 0 0 45 0 0 0 30 34 30 18 18 0 0 0 33 17 13 0 0 19 11 0 0 0 20 0 6 13 0 0 0 4 0 3 0 0 2 1 0 0 6 0 0 0 8 4 8 0 0 0 0 0 4 5 7 0 1 0 0 0 0 0 0 0 0 0 0 0 0 0 0 0 0 0 0 0 0 0 0 23 2 10 31 39 0 0 34 48 18 13 19 0 0 3 8 0 45 0 0 0 0 0 0 0 0 0 6 0 0 0 0 6 15 15 0 0 0 6 2 0 0 18 0 0 0 0 0 0 0 0 8 0 0 0 0 0 0 0 0 0 0 1 0 2 3 0 63 0 0 10 0 0 0 0 0 0 0 0 0 0 0 0 0 66 15 0 0 2 0 
 1 0 0 0 0 0 0 0 0 1 0 2 0 3 0 0 0 3 0 0 3 3 3 3 3 3 65 3 3 3 3 3 6 3 3 3 3 3 3 3 221 61 192 186 91 84 151 33 181 401 130 157 302 53 162 123 350 0 116 50 0 0 0 0 0 0 5 0 0 0 2 0 0 0 2 0 0 3 0 0 0 0 0 22 0 0 0 0 0 0 0 0 0 0 0 0 0 0 0 0 0 0 0 0 0 0 0 0 0 0 0 0 0 0 0 0 0 0 0 0 0 0 0 9 0 0 0 34 23 28 11 18 0 3 0 41 20 11 2 0 12 8 0 0 0 16 0 7 5 0 0 0 16 0 8 0 0 8 0 0 0 0 0 0 0 5 0 0 0 0 0 0 0 4 0 0 0 8 0 0 0 0 0 0 0 0 0 0 0 0 0 0 0 0 0 0 0 0 0 0 0 23 22 33 59 1 0 17 50 22 24 32 16 1 8 21 0 37 0 4 0 0 0 0 0 0 0 7 0 0 0 0 7 15 10 0 1 0 15 19 0 0 18 0 0 0 0 0 0 0 0 2 0 0 0 0 0 0 0 32 0 0 2 0 2 2 3 66 4 0 1 0 0 0 0 0 0 0 0 0 0 0 0 0 2 0 0 0 0 0 
 0 0 0 0 0 0 0 0 0 2 0 0 0 0 0 0 0 0 0 0 0 0 0 0 67 0 0 4 0 63 131 29 0 0 0 0 0 0 0 0 60 60 130 93 108 51 76 66 64 62 43 247 312 114 60 97 96 116 0 222 0 4 9 0 13 0 0 5 3 17 0 0 0 0 0 8 1 4 0 22 0 0 0 0 0 0 0 0 0 0 0 0 0 0 0 0 0 0 0 0 0 0 22 17 22 0 0 0 0 10 0 0 0 0 0 0 0 0 0 0 0 17 6 0 0 0 41 31 12 5 27 0 53 12 10 35 0 0 61 7 5 0 4 0 2 0 31 0 5 9 0 0 6 6 0 0 7 5 0 12 0 0 0 0 0 0 11 0 0 0 0 0 0 0 0 0 0 0 0 13 0 20 0 2 24 0 0 0 24 8 0 2 0 0 0 0 39 0 0 0 3 10 17 0 0 0 0 16 6 10 0 0 2 17 20 20 0 11 3 16 0 5 0 2 0 0 0 6 7 20 0 0 0 0 0 4 0 0 0 0 0 0 0 0 0 0 0 0 0 0 0 3 0 0 0 0 0 0 31 0 0 9 0 0 0 0 0 0 0 0 0 0 0 0 0 0 0 0 0 0 0 15 0 0 54 0 0 0 2 0 
 20 4 10 0 9 0 10 2 0 1 0 0 0 3 0 0 0 54 8 4 3 2 27 106 26 3 3 2 3 68 4 204 3 2 3 36 64 52 2 5 109 277 60 73 80 41 35 26 56 104 57 44 166 165 119 74 40 50 222 0 0 2 0 0 0 0 0 0 0 0 0 3 0 0 3 0 0 0 2 0 1 3 0 0 0 0 0 0 0 0 0 0 0 5 0 0 2 8 0 2 0 0 13 9 31 0 0 0 0 2 0 14 0 0 0 0 4 0 0 0 0 17 1 0 0 0 5 0 0 8 13 0 16 11 11 64 11 0 21 28 0 0 0 0 0 0 0 8 0 0 0 0 0 0 0 0 0 0 0 0 0 0 0 5 0 1 6 0 0 0 2 0 8 0 0 0 0 3 0 1 0 1 0 18 10 34 0 0 14 11 0 18 0 0 17 0 4 34 0 0 18 11 6 0 0 0 11 6 13 0 0 0 20 8 0 1 0 0 9 12 0 0 3 0 0 0 0 0 0 7 0 0 0 0 0 0 0 0 0 0 0 36 0 0 0 0 0 0 0 0 0 4 0 2 0 0 0 0 62 1 62 2 2 0 0 2 3 0 0 0 0 0 0 0 0 0 0 0 0 0 0 1 0 0 0 0 0 0 0 0 
 3 3 3 3 3 3 3 2 1 3 2 2 1 3 3 3 3 8 3 3 0 0 0 0 0 0 0 0 0 0 0 0 2 0 1 0 0 0 0 2 0 2 0 1 0 2 0 0 0 0 52 0 2 25 0 1 13 0 0 0 0 390 292 180 39 88 227 284 38 144 250 27 145 372 120 41 128 96 39 132 0 0 0 0 0 0 0 0 0 0 0 0 0 0 0 14 0 0 0 0 0 1 0 0 0 0 0 0 0 0 0 0 0 0 0 0 0 0 0 0 0 0 0 0 15 21 0 0 0 0 1 0 0 0 0 0 0 0 0 0 41 1 0 14 2 9 0 10 12 0 0 0 0 14 1 0 0 0 10 16 0 0 0 0 0 0 0 0 0 0 0 0 0 0 0 0 0 0 0 0 0 0 0 0 0 0 0 0 0 0 0 0 0 0 2 0 0 2 0 1 0 0 0 0 0 9 0 0 0 1 0 0 0 0 0 0 0 0 0 0 8 0 11 34 2 5 22 0 0 58 15 0 4 0 28 16 9 19 16 11 0 0 0 0 0 0 0 0 0 0 0 0 0 0 9 0 0 0 0 0 0 0 0 0 58 0 0 11 0 0 2 1 8 19 2 0 0 0 0 0 0 0 0 0 0 0 0 0 0 0 
