 0 354 195 103 48 29 215 110 221 139 48 125 267 59 253 126 165 311 138 138 0 0 5 0 0 3 1 0 0 0 0 0 0 0 3 3 1 6 2 0 3 0 0 0 62 0 0 0 0 0 0 0 0 0 1 0 0 0 0 2 0 0 0 2 2 3 3 2 0 0 1 0 0 3 0 2 3 0 0 0 10 18 76 12 7 0 14 0 20 1 6 0 34 32 71 28 34 11 19 7 0 1 0 0 0 0 0 0 0 0 0 0 0 0 0 0 0 0 12 0 0 0 0 0 0 0 0 0 0 0 0 0 0 0 0 0 0 0 0 0 0 0 0 0 0 0 0 0 0 0 19 0 1 0 0 0 0 0 1 0 10 0 12 44 0 12 12 18 12 32 9 13 20 19 0 0 6 15 1 43 0 0 0 0 0 0 0 0 0 0 0 0 0 0 0 0 0 0 30 1 0 0 0 0 0 0 0 0 21 0 0 0 0 0 0 9 0 0 0 0 15 0 0 2 0 0 0 0 0 0 0 0 1 0 0 1 0 0 0 0 0 0 0 0 0 2 5 0 4 0 1 6 0 0 0 0 0 0 0 0 0 0 0 0 0 0 0 0 0 0 0 0 0 0 0 27 11 22 0 0 0 0 0 0 10 0 0 11 0 0 
 354 0 292 72 65 330 73 306 154 303 124 351 238 201 159 133 233 137 52 208 0 0 4 2 0 3 0 0 0 0 0 0 24 73 3 0 0 3 0 0 3 0 0 0 0 0 0 0 0 0 0 0 0 0 0 0 0 0 0 2 0 0 0 2 3 1 3 2 0 0 0 0 0 2 0 2 3 0 0 0 11 11 32 14 10 19 0 23 43 22 36 13 41 22 31 28 30 9 0 13 1 0 0 0 0 0 0 0 0 0 0 0 0 0 0 0 0 0 2 2 1 0 0 0 0 0 0 0 0 0 0 0 0 0 0 0 0 0 0 0 0 0 0 0 0 0 0 0 0 2 0 0 0 25 2 0 0 0 0 21 10 0 26 28 0 13 26 38 41 37 2 0 2 1 1 2 0 1 0 22 0 0 0 0 0 0 0 0 1 0 0 0 0 0 0 0 1 0 27 11 0 0 0 0 0 0 0 0 14 0 0 0 0 0 0 0 0 9 0 0 0 0 0 0 0 2 0 0 1 0 0 0 0 0 0 0 0 0 0 0 0 0 0 0 0 4 4 0 2 0 0 6 0 0 0 0 0 0 0 0 0 0 0 0 0 0 0 0 0 0 0 0 0 0 0 15 23 0 0 0 0 0 0 0 0 0 0 0 0 0 
 195 292 0 191 99 73 170 97 156 206 45 68 231 41 232 259 67 125 129 131 0 0 4 0 0 3 61 1 0 0 0 1 75 6 4 5 0 3 78 62 3 1 0 0 0 0 0 0 0 0 0 0 0 0 3 0 0 0 0 2 2 0 0 2 3 3 3 2 0 0 0 0 0 4 0 2 3 0 0 0 0 1 29 29 38 26 0 0 0 18 19 21 0 0 8 21 25 20 1 0 0 0 0 0 0 0 0 0 0 0 0 0 32 10 13 11 0 0 2 9 0 0 0 0 0 0 0 0 0 0 0 0 0 0 9 0 1 0 0 0 0 4 0 0 0 0 0 0 0 0 0 0 0 0 0 0 0 0 0 0 0 0 0 0 9 15 1 0 0 17 36 14 0 11 0 25 14 21 7 0 20 0 0 0 0 0 1 0 0 0 0 0 40 0 3 16 0 0 0 28 0 0 0 0 0 0 8 0 0 0 0 0 0 0 0 0 0 0 0 0 0 0 0 0 0 0 0 0 0 0 0 0 0 0 16 0 0 0 0 0 0 1 0 0 0 0 3 1 3 5 21 5 0 0 0 0 1 0 0 0 0 0 31 0 0 0 1 0 0 0 0 0 0 0 0 8 0 0 0 0 0 0 0 0 0 0 0 0 0 0 
 103 72 191 0 195 74 78 496 221 272 367 365 272 353 223 50 87 278 62 243 0 2 216 4 0 3 0 59 0 3 2 1 0 63 31 0 3 3 207 3 3 6 0 0 0 0 0 2 0 3 0 4 0 0 0 0 0 19 0 2 0 0 0 4 1 7 3 3 0 5 2 0 0 3 0 2 8 5 0 3 12 26 29 11 27 1 0 0 9 21 0 15 0 0 38 12 15 14 0 12 20 13 4 0 0 0 0 19 3 0 0 1 16 56 12 0 1 0 10 0 0 0 0 1 20 0 0 0 0 0 0 0 0 0 0 0 0 0 0 0 0 0 0 5 0 0 2 0 0 0 0 0 0 0 2 0 0 0 0 0 1 0 1 21 66 26 0 10 46 15 1 0 0 0 0 16 0 23 0 12 6 0 0 0 0 0 0 0 5 0 0 2 9 20 0 2 3 0 34 10 0 0 0 0 0 0 0 0 43 0 0 0 0 0 0 0 0 0 0 0 0 0 0 0 0 0 0 0 0 0 0 2 0 0 0 0 0 0 0 0 0 21 0 0 0 2 0 2 93 0 21 15 0 0 0 0 0 0 0 0 0 0 0 0 0 0 0 0 0 0 0 0 0 0 0 14 0 0 0 0 0 0 0 0 0 0 0 0 0 0 
 48 65 99 195 0 125 120 70 373 64 382 287 58 232 270 179 68 163 353 50 0 0 4 0 0 3 0 20 0 0 0 2 96 1 7 0 0 3 157 114 7 0 3 0 0 0 0 0 0 0 0 0 0 0 0 0 0 0 0 2 0 0 0 2 3 2 3 2 0 0 0 0 0 3 0 54 3 0 0 0 5 0 11 0 16 42 0 24 23 16 17 19 0 0 0 0 14 10 0 0 18 11 0 52 0 0 0 10 16 2 0 4 25 21 0 0 0 1 1 8 0 2 0 0 0 0 0 0 0 0 0 0 0 0 0 0 0 0 0 0 0 0 1 0 0 15 0 0 0 0 0 0 0 0 0 1 0 0 0 0 0 0 0 0 0 10 0 0 0 24 9 15 2 18 6 19 0 8 0 0 0 0 0 0 0 0 25 10 0 1 1 0 22 13 9 20 4 1 57 65 0 0 0 0 0 0 0 0 0 0 0 0 0 0 0 0 0 0 0 0 0 0 0 0 0 0 0 0 0 0 0 0 0 0 0 0 0 0 0 0 0 0 0 0 0 0 6 2 1 4 12 22 0 0 0 0 0 0 0 0 0 0 0 0 0 0 0 0 0 0 0 0 0 0 0 0 0 0 0 0 0 14 0 0 0 0 0 0 0 0 
 29 330 73 74 125 0 113 135 117 151 263 104 36 355 115 266 60 91 245 65 0 0 4 0 2 3 21 25 0 2 2 0 96 78 79 0 0 3 416 0 3 0 0 0 0 0 2 0 0 0 0 0 0 0 3 0 52 0 0 2 2 0 0 2 0 3 3 3 0 3 2 1 0 3 0 2 3 0 0 0 27 32 0 13 34 27 0 13 22 19 9 0 0 0 0 9 77 47 0 0 0 39 0 0 0 0 21 0 1 0 0 1 31 0 19 7 0 0 15 15 0 0 0 0 0 0 0 0 0 0 0 1 0 0 10 0 0 0 0 0 0 0 1 4 0 0 0 0 0 0 0 0 0 0 15 0 0 0 0 3 0 10 0 0 33 15 0 0 14 14 15 11 0 6 0 1 21 33 0 0 13 0 0 0 0 0 10 19 0 0 0 0 13 22 20 2 0 0 0 20 0 0 0 0 0 0 0 0 0 0 0 0 0 0 6 0 0 0 0 0 0 0 0 0 0 0 0 0 0 0 0 0 0 0 0 0 0 0 0 0 0 0 0 0 0 1 88 0 86 88 0 8 0 0 0 0 0 0 0 0 0 0 7 0 0 0 0 0 0 0 0 0 0 0 0 0 0 0 0 0 0 0 0 0 0 0 0 0 0 0 
 215 73 170 78 120 113 0 74 42 48 140 22 165 59 136 141 74 32 132 124 0 0 3 0 0 3 0 2 0 0 0 0 0 0 3 0 0 4 0 2 3 0 0 0 0 0 0 0 0 0 0 0 62 0 0 0 0 0 0 2 0 0 0 2 0 3 3 6 0 0 2 0 3 3 0 5 3 0 5 4 10 10 15 27 2 0 0 13 0 16 0 14 0 15 47 14 35 13 8 0 0 0 0 0 0 0 0 0 0 0 0 0 0 0 0 0 0 2 33 0 0 0 0 0 0 0 0 0 0 0 0 0 0 0 0 0 0 0 0 0 0 0 2 0 0 0 0 0 0 0 0 0 0 0 0 2 0 0 0 0 6 39 1 10 1 2 0 0 9 0 31 14 1 16 0 26 52 23 0 0 0 0 0 0 2 0 0 0 0 2 2 0 0 9 0 0 13 0 0 0 0 0 5 0 0 1 10 0 0 0 0 0 0 0 0 0 0 0 11 0 0 0 9 0 0 0 2 0 0 0 0 0 0 0 0 0 0 0 0 0 0 0 0 0 0 0 0 0 5 0 0 2 14 0 0 0 0 0 0 0 0 0 0 0 0 0 0 0 0 0 0 0 0 0 0 39 0 0 0 0 0 0 0 0 0 0 0 0 0 0 
 110 306 97 496 70 135 74 0 404 48 110 324 193 388 218 52 254 193 106 42 0 0 5 2 0 3 0 2 0 0 0 0 0 0 3 0 0 3 0 0 3 0 0 4 0 0 0 4 0 0 0 0 0 0 1 0 1 16 0 5 0 0 0 3 0 8 16 3 0 0 3 0 0 3 1 3 3 0 0 0 0 49 14 56 17 0 39 15 14 18 1 26 40 14 13 0 1 16 17 27 0 0 0 0 0 0 0 0 0 0 0 0 0 0 0 0 0 0 0 0 0 0 0 0 0 0 0 0 0 0 0 0 0 0 0 0 0 0 0 0 0 0 0 0 0 0 0 0 0 0 0 0 0 0 0 0 0 1 0 0 0 21 14 0 22 0 43 0 43 0 0 1 0 21 14 21 0 19 0 17 2 0 0 0 0 0 0 16 0 0 0 0 2 11 0 0 0 0 15 0 0 0 0 0 0 0 0 0 0 0 0 0 0 0 0 0 0 0 0 0 0 0 0 0 0 0 0 0 0 0 0 0 0 0 0 0 0 0 0 0 0 0 0 0 0 0 0 0 9 0 3 5 0 0 0 0 0 0 0 0 0 0 0 0 0 0 2 0 0 0 0 0 0 0 0 0 0 20 0 0 0 0 0 0 0 0 0 0 0 0 
 221 154 156 221 373 117 42 404 0 356 131 291 124 212 251 469 83 103 85 250 0 0 5 0 0 3 76 0 0 0 2 2 102 0 6 0 2 3 0 74 3 66 0 0 0 0 0 0 0 3 0 3 0 0 0 0 0 0 0 2 0 0 0 2 3 34 3 4 0 0 0 0 2 2 0 2 3 3 0 53 0 23 37 34 22 0 0 12 0 20 43 21 0 10 30 10 0 12 0 16 0 0 0 10 0 0 0 0 0 0 0 0 0 0 0 0 0 0 11 12 0 0 0 0 0 0 0 0 0 0 0 0 0 0 0 0 0 0 0 0 0 0 0 0 0 0 0 0 0 0 0 0 0 0 0 0 0 0 0 5 12 0 12 32 0 0 28 30 7 67 4 0 0 0 0 18 0 10 0 0 0 0 0 0 0 0 1 0 0 0 12 0 20 0 0 0 0 0 19 0 0 0 0 0 0 0 0 0 20 0 0 0 0 0 0 0 0 0 10 0 0 0 0 0 0 0 0 0 0 0 0 0 0 0 0 0 0 0 0 8 0 10 0 0 0 0 86 0 2 0 0 7 0 0 0 0 0 0 0 0 0 0 0 0 0 0 0 0 0 0 0 0 0 0 0 26 16 0 0 0 0 0 0 0 0 0 0 0 0 0 
 139 303 206 272 64 151 48 48 356 0 149 42 127 194 322 186 67 146 180 175 0 0 5 0 0 5 73 76 0 0 0 0 164 0 3 1 0 3 37 0 3 0 0 6 0 0 0 0 0 0 0 30 0 0 5 0 0 0 0 2 0 0 0 2 2 3 3 2 0 0 1 0 0 3 0 2 3 0 0 0 0 0 30 36 1 14 0 2 6 13 39 16 0 3 18 16 25 0 0 20 0 7 1 0 0 0 0 0 0 0 0 1 0 0 21 9 0 0 12 25 0 0 0 0 0 0 0 0 0 0 0 0 0 0 0 0 2 0 0 0 0 0 0 21 0 0 0 0 0 0 0 0 0 0 4 0 0 0 0 13 10 0 5 0 25 19 0 16 0 71 0 0 20 0 0 0 15 14 0 19 8 1 0 0 0 0 0 0 0 0 0 0 32 0 16 1 0 0 9 9 0 0 0 0 0 0 0 17 12 0 0 0 0 0 0 0 0 0 0 0 0 0 0 0 1 0 0 0 0 0 0 0 0 0 0 0 0 0 0 0 0 0 0 0 0 2 187 0 0 2 0 2 0 0 0 0 0 0 0 0 0 0 21 0 0 0 0 0 0 0 0 0 0 5 0 0 11 0 0 0 0 0 0 0 0 0 0 0 0 0 
 48 124 45 367 382 263 140 110 131 149 0 153 193 94 175 308 173 270 58 126 0 0 5 0 0 4 0 149 0 0 2 0 1 77 124 0 0 3 93 1 3 0 0 0 0 0 0 0 0 0 0 4 0 0 0 0 0 4 6 2 0 0 0 2 3 3 3 2 0 0 6 0 0 3 0 8 3 1 0 0 2 17 0 0 64 18 0 5 17 0 47 4 0 22 19 16 7 42 0 0 1 14 28 0 0 0 12 31 12 0 1 0 55 32 14 8 0 0 7 9 0 0 0 0 0 2 0 0 15 0 0 0 0 0 0 0 0 0 0 0 0 0 0 7 0 0 0 0 0 0 0 0 0 0 30 0 0 0 0 1 7 20 0 22 44 0 16 16 15 0 8 9 0 0 0 10 25 35 0 17 0 0 0 0 0 0 14 9 7 0 0 0 39 36 9 0 0 0 0 15 0 0 0 0 0 0 0 0 0 0 0 2 0 0 0 1 0 0 0 19 1 15 0 0 0 0 0 0 1 0 0 0 0 0 0 0 0 0 0 0 0 32 0 0 0 0 1 0 87 95 2 13 0 1 0 0 0 0 0 0 0 0 0 1 0 0 0 0 0 0 0 0 0 0 0 0 8 0 0 0 0 0 0 0 0 0 0 0 0 12 
 125 351 68 365 287 104 22 324 291 42 153 0 44 535 121 468 145 279 36 44 0 0 4 1 0 3 21 113 5 73 0 0 74 150 159 0 0 3 61 77 3 63 3 0 4 0 2 0 0 0 0 2 0 0 2 0 0 0 0 2 0 0 0 2 0 3 3 3 0 0 2 0 0 3 0 53 3 0 0 0 0 21 0 0 38 17 0 0 0 23 14 2 0 0 7 24 14 32 0 0 0 14 21 0 0 0 32 27 33 0 0 0 39 24 13 8 27 0 64 51 2 0 0 0 0 0 0 0 0 0 0 0 0 0 0 0 10 0 0 0 0 0 0 0 0 0 0 0 0 0 9 0 0 0 0 0 0 0 0 2 0 0 0 8 0 34 4 0 0 43 16 53 0 0 6 0 1 12 0 1 1 0 0 0 0 0 19 14 0 0 0 1 32 9 16 8 0 0 11 4 0 0 1 0 15 0 0 0 0 0 0 0 0 0 0 0 0 0 0 6 0 0 0 0 0 2 0 0 0 0 0 2 0 2 0 0 0 0 0 0 0 1 0 0 0 5 87 0 4 186 0 10 0 0 2 0 0 0 0 0 0 0 0 0 0 0 0 0 0 0 0 0 0 0 0 7 8 0 0 0 0 0 0 0 0 0 0 0 0 0 
 267 238 231 272 58 36 165 193 124 127 193 44 0 88 100 46 107 38 180 144 0 0 3 0 0 4 0 55 0 1 0 2 0 0 3 0 1 5 0 0 3 2 0 0 0 0 0 0 0 0 0 0 0 0 0 0 0 0 0 2 0 0 0 2 2 3 3 2 0 0 1 0 35 3 0 2 3 1 0 0 10 23 15 12 0 0 15 0 10 1 0 10 34 13 0 0 0 0 12 16 0 0 0 0 0 0 0 0 0 0 1 0 0 0 0 0 0 0 0 0 0 0 0 0 0 2 0 0 0 0 0 0 0 0 0 0 0 0 0 0 17 23 0 0 0 0 0 0 0 0 0 0 0 0 0 0 0 0 0 0 7 41 0 0 0 0 0 14 37 0 0 0 0 51 8 0 11 0 0 0 0 0 0 0 0 0 0 0 0 0 0 0 0 0 0 0 1 0 0 0 0 0 0 0 0 0 0 0 0 0 0 2 0 0 0 0 0 0 0 0 0 0 0 0 0 0 0 0 1 0 0 0 0 0 0 0 0 0 0 0 0 0 0 0 0 2 2 0 0 0 2 13 2 0 1 2 0 0 0 0 0 0 0 0 0 0 0 0 0 1 0 0 0 0 0 0 0 0 0 0 0 0 0 0 0 0 0 0 0 12 
 59 201 41 353 232 355 59 388 212 194 94 535 88 0 221 97 82 345 343 214 2 0 12 0 0 3 0 0 3 6 81 1 3 0 7 81 0 3 0 0 6 1 0 3 2 3 4 11 0 3 3 4 0 0 0 2 3 0 0 2 0 0 0 2 3 2 7 2 0 1 0 0 6 3 0 2 3 0 0 0 29 10 18 0 0 0 12 15 16 59 0 12 16 0 16 14 39 8 0 9 1 0 0 0 2 0 0 0 0 0 0 0 2 0 0 0 0 0 10 0 0 0 0 0 0 0 0 0 0 2 0 0 0 0 0 0 0 0 0 0 0 0 0 0 0 0 0 0 0 0 0 0 0 0 0 0 0 7 0 0 0 11 18 26 0 48 21 17 0 13 1 0 19 17 34 63 0 11 38 13 2 0 0 1 0 0 0 0 0 0 0 0 0 0 0 0 0 0 19 12 0 0 0 0 0 0 0 0 28 0 0 0 0 0 0 0 0 0 0 0 0 0 0 0 0 0 0 0 0 0 1 0 0 0 0 0 0 0 0 2 0 16 0 0 0 1 2 0 0 0 0 79 0 0 0 0 0 0 0 0 0 0 0 0 0 0 0 0 0 0 0 0 0 0 0 18 0 38 0 0 0 0 0 15 0 0 0 0 0 0 
 253 159 232 223 270 115 136 218 251 322 175 121 100 221 0 114 28 183 215 220 0 0 6 0 0 4 73 0 0 0 1 2 74 0 3 75 0 5 0 0 3 0 0 0 0 0 0 0 0 0 0 0 0 0 21 0 0 1 0 2 7 0 0 2 1 3 3 3 0 0 2 0 0 3 0 2 3 0 0 0 0 0 50 30 7 0 0 0 10 15 28 42 0 10 14 49 54 13 0 17 0 0 0 0 0 2 0 2 0 0 0 0 6 6 11 0 0 0 16 0 0 0 0 0 0 0 0 0 1 0 2 0 2 0 0 0 0 0 0 0 0 0 20 0 0 0 0 0 0 0 2 0 0 0 0 0 0 0 0 0 0 0 19 17 0 32 57 63 7 62 29 45 0 0 19 19 15 54 0 0 0 0 0 0 0 0 0 2 0 0 0 0 25 2 25 0 0 0 16 11 0 0 2 0 0 0 0 0 18 0 0 0 0 0 18 0 0 0 0 0 0 0 0 17 0 0 0 0 0 0 0 0 0 1 0 0 0 0 0 0 0 0 0 0 10 1 3 0 0 0 0 7 0 0 0 0 0 0 0 0 0 0 0 0 0 0 0 0 0 0 0 0 0 0 0 0 16 0 0 0 0 0 0 0 0 0 0 0 0 0 
 126 133 259 50 179 266 141 52 469 186 308 468 46 97 114 0 184 134 39 352 0 0 5 0 0 3 73 0 0 0 0 2 74 0 3 0 0 3 0 17 3 0 0 0 0 0 0 0 0 4 0 0 0 0 3 0 0 68 0 2 0 0 0 2 37 3 3 2 0 0 1 0 0 3 0 2 3 0 0 0 11 7 29 16 91 0 0 7 18 71 15 0 0 9 18 31 47 29 0 0 0 0 0 0 2 0 0 0 21 0 0 0 18 7 10 4 0 0 10 7 0 0 0 0 0 0 0 0 0 2 0 0 0 0 0 0 0 0 0 0 0 0 0 0 0 0 0 0 0 0 0 0 0 0 0 0 0 0 0 0 0 0 52 15 0 12 20 10 2 32 30 25 0 7 0 0 14 34 0 1 2 0 0 0 0 0 0 0 0 0 0 0 15 1 10 0 0 2 2 28 0 0 0 0 0 0 0 0 1 0 0 0 0 0 0 0 0 0 0 0 19 0 0 0 0 0 0 0 0 0 1 0 0 0 0 0 0 0 0 2 0 0 0 0 0 0 1 0 2 1 2 0 0 0 0 0 0 0 0 0 0 0 0 0 0 0 0 0 0 0 0 0 0 0 0 17 15 0 0 0 0 0 0 0 0 1 0 0 0 0 
 165 233 67 87 68 60 74 254 83 67 173 145 107 82 28 184 0 90 32 46 4 0 5 1 3 5 4 0 1 1 3 2 77 0 3 1 2 4 79 0 5 0 0 2 7 2 2 0 2 0 5 4 2 2 2 2 3 5 0 2 1 0 2 3 6 3 3 3 0 2 3 0 0 3 1 2 3 2 40 2 1 10 20 19 35 0 14 0 15 29 8 0 13 26 28 10 0 11 0 42 0 8 0 0 0 0 0 0 14 0 0 0 17 0 0 0 0 0 12 12 19 0 0 0 0 0 0 0 0 0 0 0 0 0 0 0 0 0 0 0 0 0 0 0 0 0 0 0 0 0 0 0 0 0 0 0 0 0 0 5 12 14 12 8 0 0 17 4 22 14 1 1 0 40 0 19 9 1 0 21 0 0 0 0 0 0 0 0 0 0 0 0 7 11 20 0 0 0 15 0 0 0 0 0 0 0 0 0 0 0 0 0 0 0 0 0 0 0 11 0 0 0 0 0 0 0 13 0 4 0 0 0 0 0 0 0 0 0 0 0 0 0 0 0 0 2 86 0 2 2 1 5 24 0 0 0 0 1 0 14 0 0 0 0 1 0 0 0 0 0 0 0 0 0 0 13 0 0 0 0 0 0 0 0 0 0 0 0 0 0 
 311 137 125 278 163 91 32 193 103 146 270 279 38 345 183 134 90 0 44 191 0 1 211 0 0 4 1 85 0 0 0 0 0 77 114 0 0 5 0 74 3 65 0 0 0 0 0 0 0 0 0 0 0 0 0 0 0 0 0 2 0 0 0 2 3 3 3 2 0 0 0 0 0 3 0 2 3 0 0 2 1 2 56 37 0 18 14 15 16 32 1 30 10 23 16 0 0 0 0 20 0 0 0 0 0 0 8 0 0 0 0 0 1 0 7 0 0 0 1 23 0 0 0 0 0 0 0 0 0 0 0 0 0 0 1 0 14 0 0 0 0 0 0 0 0 0 0 0 0 0 0 0 0 0 0 0 0 4 0 2 0 0 21 0 0 0 27 2 16 2 15 1 0 16 17 18 0 1 0 16 0 0 0 0 0 0 1 0 0 0 0 0 16 0 0 5 0 0 12 10 0 0 0 0 0 0 0 0 0 0 0 0 0 0 0 0 0 0 0 2 0 0 2 0 0 0 0 0 0 0 0 0 0 0 0 0 0 0 0 0 0 0 0 0 0 5 0 0 5 1 15 15 0 0 0 0 0 0 0 0 0 0 0 0 0 0 0 0 0 0 0 0 0 0 0 0 0 21 0 0 0 0 0 0 0 0 0 0 0 1 
 138 52 129 62 353 245 132 106 85 180 58 36 180 343 215 39 32 44 0 101 0 87 3 0 0 3 3 0 0 0 0 2 0 0 3 0 0 5 4 0 3 3 3 5 2 0 2 4 1 0 1 1 27 3 5 0 3 0 1 2 0 0 0 2 2 4 3 2 0 0 1 0 0 5 0 2 3 0 0 0 0 14 5 14 0 0 24 11 0 0 0 4 16 30 0 0 2 0 19 20 0 2 0 2 0 0 0 0 0 0 0 0 0 0 0 0 0 2 0 0 0 0 0 0 0 0 0 0 0 0 0 1 0 0 0 0 0 0 0 0 19 0 2 0 0 0 0 0 0 0 0 0 2 0 0 2 0 5 2 0 0 0 0 0 0 0 19 1 0 0 0 3 16 12 55 33 6 3 1 0 0 0 0 0 0 0 0 0 0 2 0 0 0 0 2 0 0 0 0 2 0 0 0 0 0 0 0 0 0 0 0 0 0 0 0 0 0 0 0 0 0 0 0 1 0 0 0 0 0 0 0 0 2 21 0 0 0 0 0 0 0 0 0 0 0 2 1 0 1 0 0 10 0 0 0 0 0 0 0 0 0 0 0 0 0 0 0 0 0 0 0 0 0 0 0 0 0 49 0 0 0 0 0 0 0 0 0 0 0 0 
 138 208 131 243 50 65 124 42 250 175 126 44 144 214 220 352 46 191 101 0 0 0 6 0 0 6 0 2 0 3 0 0 1 0 3 0 3 3 0 3 3 0 0 0 2 2 0 0 0 2 0 3 1 0 0 0 1 2 0 3 0 0 0 2 0 44 3 3 0 0 3 0 1 3 0 2 3 0 4 0 20 1 17 11 0 0 1 33 32 1 8 47 1 32 21 13 27 0 14 22 0 0 0 8 0 0 2 0 0 0 0 0 1 0 0 0 0 0 0 0 0 0 0 0 0 0 0 13 0 0 0 0 0 0 0 0 0 2 0 0 0 0 0 0 0 0 8 0 1 0 0 0 0 22 2 0 0 0 0 0 31 1 12 26 0 13 16 42 16 0 5 0 18 10 0 24 19 0 0 89 0 0 2 0 0 0 0 0 0 0 0 0 0 0 0 1 0 0 0 0 1 0 0 0 0 0 0 0 0 0 0 0 1 0 0 0 0 0 2 0 0 0 0 0 0 0 0 0 0 0 0 0 0 0 0 0 0 0 0 0 0 16 0 0 0 2 0 0 4 3 0 7 1 0 0 0 0 0 2 0 0 0 0 0 0 0 0 0 0 0 0 0 0 0 0 8 0 0 0 0 0 3 0 0 0 0 0 0 0 0 
 0 0 0 0 0 0 0 0 0 0 0 0 0 2 0 0 4 0 0 0 0 175 344 121 132 52 95 112 241 52 153 33 342 81 77 630 47 47 100 192 0 2 2 0 0 0 65 0 3 0 3 2 0 9 0 3 3 0 3 0 0 82 0 0 0 0 4 1 3 12 0 0 8 2 0 0 2 3 6 0 0 0 0 0 0 0 0 0 0 0 0 0 0 0 0 0 0 0 0 0 11 21 19 1 6 0 0 12 45 28 0 42 13 0 0 11 14 89 2 0 0 0 0 0 0 0 0 0 0 2 0 0 13 0 0 0 1 0 19 0 1 0 0 0 0 0 0 0 0 0 0 0 0 0 2 0 1 0 3 0 0 0 0 0 14 0 0 0 0 0 0 13 0 0 0 0 20 0 0 0 62 0 32 9 0 2 0 13 56 15 28 31 0 6 8 13 7 21 0 0 68 0 0 0 0 0 0 0 0 0 0 0 0 0 0 2 0 0 17 1 0 0 0 0 0 0 0 0 0 0 0 0 0 0 19 0 0 0 0 0 0 0 22 0 0 0 0 0 0 0 0 0 0 0 15 2 1 1 87 2 2 0 0 0 0 0 0 0 0 0 0 0 0 0 0 0 0 2 0 0 0 0 0 0 2 0 0 0 0 0 
 0 0 0 2 0 0 0 0 0 0 0 0 0 0 0 0 0 1 87 0 175 0 279 452 69 37 76 90 217 324 311 51 162 113 54 174 107 29 103 261 0 0 2 0 0 0 1 0 3 0 3 3 0 3 0 3 4 0 1 63 0 0 0 0 0 0 0 0 23 0 0 0 2 2 0 0 2 3 2 0 0 0 0 0 0 12 0 0 0 0 0 0 0 0 0 0 0 0 2 0 45 0 3 26 39 1 43 12 24 33 23 12 0 0 21 24 22 0 0 0 0 0 0 0 0 0 0 0 0 0 0 0 50 0 0 0 0 0 13 11 0 0 0 0 0 7 0 0 0 0 0 0 0 0 0 0 0 0 0 0 0 0 0 0 0 0 0 0 0 1 0 0 0 0 0 0 0 0 0 0 19 46 30 48 24 0 25 10 44 26 12 36 0 0 9 6 22 32 0 14 0 0 0 0 0 0 0 0 0 0 0 0 23 12 0 0 0 0 9 1 0 0 0 0 0 0 0 0 0 0 0 0 0 0 0 0 0 0 2 0 0 0 5 0 0 0 1 0 0 0 0 0 0 0 4 2 0 13 0 0 15 0 0 0 0 0 18 0 0 0 0 0 0 0 0 0 0 0 0 0 0 0 0 3 0 0 10 0 0 0 
 5 4 4 216 4 4 3 5 5 5 5 4 3 12 6 5 5 211 3 6 344 279 0 422 160 46 147 100 86 183 106 48 434 47 499 174 412 287 373 351 0 3 2 0 0 8 0 0 3 0 3 2 0 3 0 3 3 0 2 28 0 0 3 52 51 3 0 3 3 0 0 0 2 2 0 0 2 3 2 0 0 0 0 0 0 9 0 0 0 0 0 0 0 0 0 0 0 0 0 0 30 0 42 0 15 11 32 0 4 31 0 0 0 10 0 19 4 11 0 9 28 0 0 0 0 0 0 0 0 0 0 0 0 24 0 1 0 0 0 2 0 0 22 0 0 0 0 0 0 0 0 0 0 0 0 0 0 0 0 0 0 0 0 0 0 0 2 0 0 0 0 2 0 0 0 0 0 0 0 0 23 9 10 30 63 0 0 15 0 52 0 37 0 0 20 5 15 8 10 0 17 0 0 0 0 0 13 0 0 0 0 2 5 24 0 0 11 0 4 0 0 0 0 0 0 0 0 0 0 1 0 0 0 0 0 0 0 0 0 0 0 0 0 0 0 0 1 0 0 0 0 0 0 0 0 2 3 77 0 1 17 0 0 0 0 0 0 0 0 0 0 0 0 0 0 0 1 0 0 0 0 0 0 0 2 0 0 0 0 0 
 0 2 0 4 0 0 0 2 0 0 0 1 0 0 0 0 1 0 0 0 121 452 422 0 168 48 242 67 164 386 277 28 181 55 144 127 187 343 104 72 3 5 2 0 2 65 2 0 3 0 3 3 0 118 0 3 6 0 1 30 0 0 0 0 2 0 0 0 3 0 0 0 5 2 0 0 2 3 2 0 0 0 0 0 0 1 0 0 2 0 0 0 0 0 0 0 0 0 0 0 2 0 61 2 13 10 33 21 0 56 0 14 0 21 11 23 30 33 0 2 11 0 0 0 0 0 0 0 0 0 0 0 1 12 24 0 0 0 18 9 0 0 0 0 0 0 0 0 0 0 0 0 0 0 0 0 0 0 4 13 0 0 0 0 0 0 0 0 0 2 0 0 0 0 0 0 0 0 0 0 17 1 25 42 109 28 43 38 15 58 26 57 0 0 19 11 47 15 16 0 28 0 0 0 7 0 22 7 0 0 0 19 9 14 0 0 0 0 73 0 0 0 0 0 0 0 0 0 0 0 0 0 0 0 0 0 0 0 0 0 0 0 0 0 0 0 0 0 0 0 0 2 0 0 6 0 2 12 3 0 15 0 0 0 0 0 1 0 0 0 0 0 0 0 2 0 2 0 0 0 0 0 0 0 0 0 9 0 0 0 
 0 0 0 0 0 2 0 0 0 0 0 0 0 0 0 0 3 0 0 0 132 69 160 168 0 215 50 59 116 249 74 322 249 63 69 75 307 104 263 87 0 3 4 0 0 0 1 58 3 3 27 2 63 3 4 214 6 2 32 124 0 0 3 0 0 0 0 0 5 0 0 0 2 2 0 0 2 3 2 2 1 11 0 0 2 0 0 0 0 0 0 0 0 0 0 0 0 2 0 0 0 0 0 18 12 32 0 0 0 0 22 7 0 0 0 8 27 13 0 0 46 0 16 1 0 0 0 10 0 0 0 0 21 10 6 0 2 1 22 11 0 11 0 0 0 0 2 0 0 0 0 2 0 0 0 0 0 0 0 0 0 0 0 0 0 0 0 0 0 0 0 0 0 0 0 2 0 0 0 0 0 12 0 17 9 30 0 6 0 10 21 20 0 0 0 0 21 8 0 0 11 33 0 0 0 0 35 24 0 26 1 0 65 27 32 14 0 0 15 9 0 0 0 0 0 0 1 0 0 0 0 0 0 0 0 0 0 0 0 2 0 0 0 0 0 0 0 0 0 0 0 0 0 0 13 3 2 44 4 4 4 5 0 0 0 0 20 0 0 0 0 0 0 0 0 0 0 0 0 0 0 10 0 0 0 0 8 9 0 0 
 3 3 3 3 3 3 3 3 3 5 4 3 4 3 4 3 5 4 3 6 52 37 46 48 215 0 108 41 45 46 231 79 31 47 63 76 356 58 31 58 2 1 66 0 7 0 2 62 3 1 3 3 55 6 0 6 8 3 131 133 3 0 0 6 5 0 0 6 3 0 2 0 2 13 0 46 2 3 2 0 0 0 0 2 0 0 4 0 0 0 0 0 0 0 0 0 0 18 0 0 0 0 11 24 30 11 0 0 0 0 14 1 0 0 0 9 1 13 0 0 2 21 10 0 0 1 14 22 0 0 0 10 30 25 0 13 11 23 7 0 11 0 0 1 0 0 0 0 0 0 0 0 0 0 0 0 0 0 5 0 0 0 0 0 0 0 0 0 0 0 5 0 0 0 14 0 0 0 0 0 0 26 55 1 6 14 0 0 0 16 34 4 0 0 0 0 0 21 2 0 0 1 1 13 0 0 19 39 0 1 0 9 1 28 28 40 19 0 17 41 0 2 0 0 0 0 0 0 0 0 0 0 0 0 0 0 0 0 0 0 0 0 0 0 0 0 0 0 0 0 0 0 0 0 5 1 1 0 0 5 0 0 1 0 0 0 24 0 0 0 0 0 0 0 0 0 0 0 0 0 0 9 8 0 0 0 11 5 0 0 
 1 0 61 0 0 21 0 0 76 73 0 21 0 0 73 73 4 1 3 0 95 76 147 242 50 108 0 161 78 43 219 122 154 127 119 289 36 37 130 231 0 64 2 30 0 0 0 0 3 0 3 3 0 3 5 3 3 0 2 0 0 0 0 0 0 0 0 4 2 2 0 0 2 14 0 0 2 3 11 3 0 0 0 11 13 15 0 0 0 2 0 1 0 0 0 13 10 17 0 0 1 0 13 0 15 4 28 32 10 23 0 13 31 8 23 14 11 12 9 14 0 0 0 0 0 0 0 0 0 0 0 0 1 2 0 2 11 0 23 0 9 0 0 0 0 0 0 0 0 0 0 0 0 0 1 0 0 0 3 0 0 0 0 0 7 20 0 0 0 0 17 11 0 0 0 1 13 2 0 0 32 1 30 21 14 0 22 8 21 26 20 0 24 1 12 0 13 33 11 9 0 0 0 0 0 0 0 1 0 0 0 0 0 0 0 0 0 0 2 3 0 0 0 0 0 0 0 0 0 0 0 0 0 0 0 0 0 0 0 0 0 0 0 0 0 1 1 0 0 0 0 0 0 0 9 0 0 0 0 0 20 0 7 0 0 0 0 0 0 0 0 0 0 0 0 0 0 0 0 0 0 0 0 0 0 0 0 0 0 0 
 0 0 1 59 20 25 2 2 0 76 149 113 55 0 0 0 0 85 0 2 112 90 100 67 59 41 161 0 81 32 247 43 101 223 305 98 529 42 134 92 5 43 5 0 0 0 18 0 3 3 5 9 0 3 1 6 3 0 0 4 0 0 0 0 0 2 2 3 3 0 0 0 51 2 6 0 2 8 2 0 0 0 0 0 0 72 0 0 0 38 0 15 1 0 0 0 0 15 0 0 12 61 9 13 0 0 29 21 5 0 0 2 19 23 9 0 1 7 13 11 0 0 0 0 0 0 0 0 1 0 0 0 1 0 0 0 31 0 14 0 0 12 0 1 4 2 0 0 2 0 0 0 0 0 0 0 0 0 0 0 0 0 0 0 9 19 0 0 0 1 0 26 0 0 0 0 0 0 0 0 11 0 12 0 0 17 31 29 22 0 0 0 21 30 8 22 0 13 21 1 10 0 0 0 0 0 0 0 0 0 0 0 0 0 0 0 0 0 9 14 0 0 0 0 0 0 0 0 0 0 0 0 0 1 0 0 0 0 0 0 0 0 0 0 0 0 11 1 0 78 0 0 0 0 11 0 1 0 74 0 0 1 0 2 0 0 0 0 0 0 0 0 0 0 0 0 0 0 0 0 0 42 0 0 0 0 0 0 0 0 
 0 0 0 0 0 0 0 0 0 0 0 5 0 3 0 0 1 0 0 0 241 217 86 164 116 45 78 81 0 212 121 22 147 146 80 121 196 114 105 239 0 11 2 0 1 35 53 0 6 3 3 3 2 9 0 3 3 3 2 0 0 49 0 0 0 2 0 0 3 9 0 0 3 2 0 0 4 5 9 1 0 0 0 0 0 26 0 0 0 0 0 0 0 0 0 0 0 0 0 0 8 21 19 12 60 0 31 4 47 19 48 0 0 0 19 1 0 4 0 0 31 0 9 0 0 0 0 0 0 0 0 0 13 0 1 0 0 0 25 11 0 0 0 0 0 0 0 0 0 0 0 0 10 0 0 0 0 0 0 0 0 0 0 0 17 0 0 0 0 0 0 0 0 0 0 0 0 0 0 0 3 6 16 10 11 1 15 0 30 12 6 11 14 19 9 22 40 22 0 0 13 11 2 0 0 0 0 0 0 7 0 0 32 0 6 12 0 0 14 6 0 0 0 0 0 0 0 2 0 0 0 0 0 0 0 0 0 0 0 0 0 0 38 0 0 0 0 0 0 0 0 0 0 0 8 0 1 16 0 1 12 8 0 0 0 0 0 0 0 0 0 0 0 0 0 0 0 0 0 1 0 6 0 0 0 19 0 0 0 0 
 0 0 0 3 0 2 0 0 0 0 0 73 1 6 0 0 1 0 0 3 52 324 183 386 249 46 43 32 212 0 143 50 349 82 324 162 465 194 342 589 0 4 2 0 0 0 0 66 3 0 3 4 0 4 0 8 8 0 2 73 0 0 0 0 50 0 0 0 2 31 0 0 2 2 0 0 3 3 2 0 0 0 0 0 2 10 0 0 0 0 0 0 0 0 0 0 0 2 0 0 0 1 12 15 14 3 13 0 0 10 25 0 0 1 30 0 19 10 0 0 47 16 0 0 0 0 0 0 14 0 0 0 15 15 36 0 2 0 45 23 0 0 0 0 0 0 2 0 1 0 0 0 0 0 0 0 0 0 0 8 0 0 0 0 0 0 0 0 0 0 0 0 0 0 0 1 0 0 0 0 0 9 15 23 27 14 14 0 18 22 7 0 2 0 0 1 41 38 1 0 46 20 0 0 0 0 74 0 0 14 0 0 27 2 19 0 0 0 1 7 0 0 0 0 0 0 0 0 0 0 0 0 0 0 0 0 0 0 0 2 0 0 13 0 0 0 0 0 0 0 0 0 0 0 4 0 2 152 2 5 15 10 0 0 0 0 0 0 0 0 0 0 0 0 0 0 0 0 0 1 0 0 0 0 0 26 0 0 0 0 
 0 0 0 2 0 2 0 0 2 0 2 0 0 81 1 0 3 0 0 0 153 311 106 277 74 231 219 247 121 143 0 232 81 45 193 163 185 117 55 100 0 2 5 0 4 3 1 0 6 0 3 3 69 3 0 3 3 44 67 0 0 0 1 0 0 0 3 37 0 1 0 3 3 11 0 0 2 5 8 0 0 0 0 0 0 12 2 0 0 0 0 0 0 0 0 0 0 0 0 0 4 0 1 53 24 13 20 13 0 11 13 30 0 0 12 22 0 40 0 0 16 8 0 0 0 0 28 11 9 0 0 1 38 9 9 1 10 0 31 0 0 0 0 0 0 0 0 0 0 0 0 0 1 0 0 0 0 22 16 0 0 0 2 0 0 0 1 0 16 0 0 0 0 2 0 0 0 0 0 0 1 51 5 3 29 34 10 15 10 29 11 0 0 0 0 11 12 5 0 0 0 9 18 0 0 0 10 0 0 19 0 2 6 14 17 10 0 0 31 1 22 0 0 0 0 0 0 0 0 0 0 0 0 0 0 0 0 0 0 0 0 0 0 0 0 0 0 0 0 0 0 21 0 0 16 3 1 0 75 0 31 0 0 0 0 0 0 0 0 0 0 0 0 0 0 0 0 0 0 0 0 0 0 0 0 0 0 0 0 0 
 0 0 1 1 2 0 0 0 2 0 0 0 2 1 2 2 2 0 2 0 33 51 48 28 322 79 122 43 22 50 232 0 27 55 399 67 188 71 33 41 0 2 2 0 0 0 2 1 3 0 3 3 0 3 0 3 3 63 83 67 0 0 0 0 0 0 0 6 3 0 0 0 2 9 0 0 2 3 2 0 0 0 0 0 0 0 0 0 0 0 0 0 0 2 0 0 0 0 20 0 0 0 13 37 10 31 0 0 0 0 25 38 2 2 0 10 10 16 0 0 11 0 0 0 0 0 15 29 0 0 0 0 33 1 9 0 0 0 18 0 0 0 0 0 0 0 0 0 0 0 0 0 0 0 0 0 0 0 6 0 0 0 0 0 0 0 0 0 0 0 1 0 0 0 1 0 0 0 0 0 0 24 10 0 2 23 0 10 3 21 63 3 0 0 0 0 0 10 0 0 0 13 0 0 0 0 0 0 1 20 0 16 1 27 1 17 0 0 16 8 0 0 0 0 0 0 12 2 0 0 0 0 0 0 0 0 0 0 0 0 0 0 0 0 0 74 2 0 0 0 0 0 0 0 27 0 0 2 3 0 1 0 0 0 0 0 22 0 0 0 0 0 0 0 0 0 0 0 0 0 0 9 0 0 0 0 9 0 0 0 
 0 24 75 0 96 96 0 0 102 164 1 74 0 3 74 74 77 0 0 1 342 162 434 181 249 31 154 101 147 349 81 27 0 172 186 107 124 95 118 248 0 4 2 0 0 0 0 0 3 3 3 3 0 3 0 3 3 0 62 0 0 0 0 0 0 4 0 0 3 2 0 54 2 2 0 0 4 5 2 1 0 14 0 0 12 32 0 0 0 20 29 0 0 0 0 0 0 2 0 0 48 0 8 21 13 0 9 11 0 22 16 10 4 9 8 7 0 14 2 11 0 0 0 0 0 0 0 0 0 1 0 0 0 0 0 0 0 0 2 0 1 1 0 0 0 0 0 0 0 0 0 0 0 0 3 0 0 1 0 6 0 0 0 18 0 0 0 0 0 36 0 0 0 0 0 0 0 0 0 0 9 32 18 33 17 0 15 21 13 37 10 14 22 0 8 19 33 0 23 1 0 0 0 0 0 0 0 12 20 0 0 0 0 0 0 0 0 0 7 1 0 0 0 0 2 0 0 0 0 0 0 0 0 0 0 0 0 0 0 0 0 0 0 0 0 0 29 0 0 0 0 0 0 0 15 0 0 63 0 0 11 0 0 0 0 0 0 0 0 0 36 0 0 0 0 0 0 0 0 0 0 20 0 0 0 0 0 0 0 0 
 0 73 6 63 1 78 0 0 0 0 77 150 0 0 0 0 0 77 0 0 81 113 47 55 63 47 127 223 146 82 45 55 172 0 465 50 573 35 179 348 0 46 2 0 0 0 63 0 3 0 3 3 0 3 0 205 3 0 1 0 59 0 0 0 0 0 2 0 2 2 0 0 2 2 0 0 2 3 82 0 0 0 0 0 0 31 0 0 0 13 2 18 0 0 0 1 0 0 0 0 42 20 22 1 4 12 17 26 14 7 11 0 15 30 10 19 1 10 42 27 0 0 0 0 0 0 0 0 0 0 0 0 0 2 1 0 10 0 13 0 0 0 0 1 0 0 0 0 0 0 0 0 0 0 4 0 0 0 0 11 0 0 0 0 21 27 2 0 0 0 0 1 0 0 0 0 0 5 0 0 7 21 13 37 0 0 33 43 15 18 0 7 29 18 11 22 7 0 35 1 0 0 0 0 0 0 0 0 0 0 0 0 0 0 2 0 0 0 0 3 0 0 0 0 0 0 0 0 0 0 0 0 0 0 0 0 0 0 0 0 0 0 0 0 0 0 0 0 0 75 0 0 0 0 1 0 0 0 0 1 0 0 0 0 0 0 0 0 0 0 0 0 0 0 0 0 47 0 0 0 0 1 0 0 0 0 0 0 0 0 
 3 3 4 31 7 79 3 3 6 3 124 159 3 7 3 3 3 114 3 3 77 54 499 144 69 63 119 305 80 324 193 399 186 465 0 71 539 45 363 493 0 26 8 0 0 0 2 62 3 0 3 5 0 3 0 3 3 3 3 0 0 0 0 0 0 0 0 0 1 0 2 0 2 2 0 2 2 3 2 0 1 0 0 0 19 64 0 0 0 18 0 18 48 0 0 0 0 5 0 0 50 13 3 15 19 7 70 23 2 0 33 1 43 64 18 0 2 0 19 40 0 0 0 1 0 0 0 0 0 0 0 0 0 0 0 0 8 0 0 0 0 0 0 7 0 0 1 0 0 0 0 1 0 0 2 0 0 0 0 0 0 0 0 0 22 29 0 0 0 0 10 9 0 0 0 1 0 9 0 0 1 23 6 27 20 0 27 30 4 31 0 0 12 20 0 39 48 0 49 25 0 0 0 0 0 1 0 4 0 0 0 15 0 0 0 0 0 0 1 10 0 0 0 0 0 0 0 0 0 0 0 0 0 0 0 0 0 0 0 1 0 0 0 0 0 33 0 0 0 42 0 0 0 0 8 3 0 0 0 3 18 0 0 0 0 0 0 0 0 0 0 0 0 0 0 0 19 0 0 0 0 14 0 0 0 0 0 0 0 0 
 3 0 5 0 0 0 0 0 0 1 0 0 0 81 75 0 1 0 0 0 630 174 174 127 75 76 289 98 121 162 163 67 107 50 71 0 81 34 154 79 0 1 2 0 0 0 2 0 3 0 3 3 0 3 0 3 3 0 0 0 0 0 0 0 0 0 0 6 3 0 0 0 2 10 0 0 2 3 2 0 0 0 0 0 0 0 0 0 0 0 0 0 0 0 0 0 0 0 0 0 2 1 29 21 0 0 13 20 0 46 29 14 0 0 11 9 1 18 0 0 0 0 0 0 0 0 0 0 0 0 0 0 0 0 0 0 0 0 11 1 0 0 25 0 0 0 0 0 0 0 0 0 0 0 0 0 0 0 0 0 0 0 0 13 0 6 0 0 0 7 0 0 0 0 0 0 0 0 2 0 6 21 43 35 17 12 13 24 18 18 23 31 0 0 11 0 0 31 0 0 0 0 0 0 0 0 0 0 0 0 0 0 1 2 0 0 0 0 23 0 0 43 0 0 0 0 0 0 0 0 0 0 0 0 0 0 0 0 0 0 0 0 0 0 0 0 0 0 0 0 0 0 0 0 4 0 5 7 1 0 1 0 0 0 0 0 22 0 0 0 0 0 0 0 0 0 0 0 0 0 0 0 0 0 0 0 8 0 0 0 
 1 0 0 3 0 0 0 0 2 0 0 0 1 0 0 0 2 0 0 3 47 107 412 187 307 356 36 529 196 465 185 188 124 573 539 81 0 361 25 147 0 1 2 0 0 0 0 0 3 0 3 3 0 5 0 3 10 0 125 35 0 0 3 0 0 0 0 0 0 0 0 0 3 2 0 0 2 3 2 0 0 0 0 0 0 11 0 0 0 0 0 0 0 0 0 0 1 0 0 35 12 21 20 17 35 13 12 0 1 0 29 0 0 13 19 16 19 14 0 12 17 0 0 0 0 0 9 0 0 0 0 0 14 22 12 0 0 0 22 21 0 1 0 0 0 0 0 0 0 0 0 0 0 0 0 0 0 0 1 1 0 0 0 0 0 0 0 0 0 0 0 0 0 0 0 0 0 0 0 0 0 19 0 34 44 7 0 0 1 65 27 14 0 0 0 11 26 26 13 0 29 12 0 0 0 0 21 0 0 0 0 0 33 20 54 8 0 0 10 9 0 0 0 0 0 0 0 0 0 0 0 0 0 0 0 0 0 0 0 0 0 18 15 0 0 0 0 0 0 0 0 0 0 0 5 1 2 77 0 0 12 8 0 0 0 0 3 0 0 0 0 0 0 0 0 0 5 0 0 16 0 8 0 0 0 19 0 0 0 0 
 6 3 3 3 3 3 4 3 3 3 3 3 5 3 5 3 4 5 5 3 47 29 287 343 104 58 37 42 114 194 117 71 95 35 45 34 361 0 91 119 0 4 5 0 0 0 61 1 3 0 3 3 0 3 0 3 6 0 28 0 38 0 3 0 0 0 0 1 3 8 0 0 2 2 0 0 6 3 6 0 0 0 0 8 0 13 11 0 0 0 0 0 0 0 0 0 2 0 0 0 48 19 0 19 65 2 26 12 12 0 28 19 0 11 0 0 10 41 0 12 12 0 0 0 0 0 38 0 0 0 0 0 0 0 25 0 0 0 18 10 0 2 0 0 0 0 0 0 0 0 0 0 0 0 0 0 0 0 0 2 0 0 0 0 18 0 0 0 0 0 0 0 0 0 0 0 0 0 0 0 6 19 0 19 32 13 0 0 26 21 15 0 0 6 0 22 38 9 10 0 20 35 0 0 0 0 12 33 0 7 0 0 9 0 9 15 0 0 28 7 0 0 0 0 0 0 0 0 0 0 0 0 0 0 0 0 0 0 0 0 0 0 0 0 0 0 2 0 0 0 0 0 0 0 18 2 0 3 5 0 18 16 0 2 0 0 0 0 0 0 0 0 0 0 0 0 2 0 0 12 0 27 0 0 0 22 0 0 0 0 
 2 0 78 207 157 416 0 0 0 37 93 61 0 0 0 0 79 0 4 0 100 103 373 104 263 31 130 134 105 342 55 33 118 179 363 154 25 91 0 180 3 0 2 0 0 0 59 0 5 0 3 4 0 3 0 3 3 0 0 0 0 0 0 0 0 0 0 0 48 0 0 0 3 2 0 0 2 3 2 0 11 0 0 38 20 15 0 2 0 0 1 0 0 0 0 0 2 11 0 0 0 12 1 0 0 0 26 0 87 74 0 9 27 1 1 3 14 12 11 21 0 0 0 0 0 0 0 0 0 0 20 0 0 0 0 0 0 0 0 0 0 2 0 0 0 5 0 0 0 0 0 0 0 0 0 0 0 0 0 2 0 0 0 0 4 0 0 0 0 0 1 45 0 57 0 0 13 0 0 0 33 0 14 6 0 1 13 12 0 0 0 26 39 9 31 11 14 0 0 60 0 0 0 0 0 0 0 0 0 0 0 0 0 0 0 0 0 0 0 0 0 0 0 0 2 0 0 0 0 0 0 0 0 0 0 0 0 0 0 0 0 0 0 0 0 1 77 0 0 84 0 0 0 0 14 0 0 1 0 0 2 2 7 0 0 0 0 0 0 0 0 0 0 0 0 0 0 0 0 0 0 0 0 0 0 0 0 0 0 0 
 0 0 62 3 114 0 2 0 74 0 1 77 0 0 0 17 0 74 0 3 192 261 351 72 87 58 231 92 239 589 100 41 248 348 493 79 147 119 180 0 0 23 2 0 0 0 202 0 3 0 3 3 0 5 0 3 3 0 0 0 0 0 0 0 0 0 0 0 3 0 0 0 2 2 0 0 2 3 2 0 0 0 0 0 11 27 0 0 0 14 14 21 0 0 0 0 0 0 0 0 10 0 0 0 13 0 50 0 14 45 20 6 10 17 31 0 1 0 8 36 0 0 0 0 0 0 0 0 0 0 0 0 0 0 0 0 1 0 1 0 0 0 0 7 0 7 0 0 0 0 0 0 0 0 0 0 5 0 0 0 0 0 0 0 0 23 0 0 1 13 32 1 0 0 0 6 0 7 0 0 0 12 19 21 18 0 31 0 3 39 0 51 59 0 11 31 19 0 10 18 0 0 0 0 0 0 0 0 0 0 0 0 0 0 0 0 2 0 0 2 3 0 0 0 0 1 0 0 0 0 0 0 0 1 0 0 0 0 0 0 0 0 0 0 0 0 0 0 0 1 0 0 0 0 5 0 2 0 0 4 16 0 0 0 0 0 0 0 0 0 0 0 0 0 0 0 0 0 0 0 0 0 0 0 0 0 0 0 0 0 
 3 3 3 3 7 3 3 3 3 3 3 3 3 6 3 3 5 3 3 3 0 0 0 3 0 2 0 5 0 0 0 0 0 0 0 0 0 0 3 0 0 159 246 77 38 246 81 367 41 81 107 36 40 162 162 259 23 52 45 274 0 0 0 13 3 0 0 0 0 0 0 0 6 0 0 0 0 0 2 0 0 0 0 0 0 9 0 0 0 0 0 0 0 4 0 0 0 0 0 0 0 10 0 2 0 0 0 9 0 0 0 0 0 8 0 0 0 0 0 3 22 6 6 0 14 13 10 2 26 63 32 22 0 0 15 15 8 60 0 22 7 0 4 0 0 0 19 0 7 0 0 0 2 16 0 2 6 0 17 9 0 0 0 0 0 0 0 0 0 0 0 8 0 0 0 0 0 0 0 0 0 0 0 0 0 0 4 4 0 0 0 0 0 8 0 6 0 0 0 0 0 33 35 0 12 26 0 34 15 0 36 0 0 0 6 14 1 30 0 0 0 0 0 0 0 0 16 0 0 0 0 0 4 0 0 0 10 11 12 11 0 0 12 0 0 0 5 0 0 0 0 12 0 1 0 0 0 0 0 0 0 0 1 0 0 9 2 1 0 0 0 0 0 0 0 0 0 0 0 0 0 1 0 0 10 0 0 0 0 0 
 0 0 1 6 0 0 0 0 66 0 0 63 2 1 0 0 0 65 3 0 2 0 3 5 3 1 64 43 11 4 2 2 4 46 26 1 1 4 0 23 159 0 120 69 240 46 215 464 53 45 101 45 139 170 69 153 195 46 98 139 0 0 0 0 0 0 3 2 0 0 0 0 4 0 0 0 16 0 4 17 0 0 0 0 0 19 0 0 0 14 0 18 0 0 0 0 0 0 0 0 0 0 0 0 0 0 18 0 0 0 0 0 0 7 0 0 2 7 14 20 28 20 2 18 8 0 20 0 43 0 23 0 14 0 2 21 17 0 0 25 0 0 0 0 0 0 0 0 0 0 0 0 7 2 0 0 7 0 18 0 0 0 0 0 0 20 0 0 0 0 0 0 0 0 0 0 0 0 9 0 0 0 0 0 12 26 10 0 0 0 0 0 12 0 0 8 4 8 9 0 16 16 25 0 43 2 4 8 0 25 22 35 1 18 2 0 1 20 2 25 0 0 0 0 0 0 22 0 0 0 0 0 0 0 0 0 0 0 0 28 0 0 0 0 0 0 0 0 0 0 0 2 0 1 0 0 0 63 5 3 0 0 6 0 0 0 2 0 0 0 0 0 0 0 0 0 0 0 0 0 0 0 0 0 15 0 0 0 0 0 
 0 0 0 0 3 0 0 0 0 0 0 3 0 0 0 0 0 0 3 0 2 2 2 2 4 66 2 5 2 2 5 2 2 2 8 2 2 5 2 2 246 120 0 343 321 99 214 137 154 108 320 162 126 51 63 120 104 68 29 318 53 1 0 7 0 2 0 6 0 0 0 0 1 0 0 1 0 3 1 19 0 0 0 0 0 0 0 0 0 0 0 0 0 0 0 14 0 0 0 0 0 0 8 0 0 0 0 0 0 0 0 0 0 0 0 0 0 0 0 0 21 14 10 14 14 42 3 0 5 43 0 4 0 14 2 0 9 19 0 21 29 0 0 0 0 0 1 0 4 10 0 0 0 0 0 6 10 4 1 0 0 0 0 0 0 0 0 0 0 0 0 0 0 7 0 0 0 0 0 0 0 0 0 0 0 0 0 0 0 0 0 0 0 0 0 0 0 0 0 0 0 14 9 24 0 28 21 42 8 11 29 57 0 0 0 23 37 0 0 0 7 0 8 0 0 0 0 1 2 0 0 0 16 20 16 73 0 0 37 31 0 0 1 0 0 0 0 0 0 0 0 2 0 2 0 1 0 1 0 0 0 0 0 1 0 5 0 0 0 0 0 0 0 0 0 0 0 0 0 0 0 3 0 0 0 0 0 9 0 0 
 0 0 0 0 0 0 0 4 0 6 0 0 0 3 0 0 2 0 5 0 0 0 0 0 0 0 30 0 0 0 0 0 0 0 0 0 0 0 0 0 77 69 343 0 325 169 67 88 81 120 73 102 128 278 321 26 164 321 65 61 55 5 4 0 1 5 0 0 4 0 8 0 12 0 10 1 0 17 190 0 0 12 0 0 0 0 0 0 0 0 0 0 0 0 0 0 0 0 0 0 0 0 0 0 0 0 0 0 0 0 0 0 0 0 0 0 0 0 0 0 0 0 13 21 17 0 0 57 1 0 7 40 0 0 0 0 20 0 0 8 22 16 18 2 1 0 1 0 2 10 13 0 11 2 2 19 0 13 1 0 0 0 0 0 0 0 0 13 0 0 0 0 0 1 0 0 0 0 0 0 8 0 0 0 0 0 0 0 0 0 0 0 0 9 0 8 0 0 0 0 0 14 16 65 48 0 0 7 0 20 9 13 0 0 38 0 22 15 0 0 0 5 0 5 6 0 17 21 3 2 0 16 10 0 0 13 6 3 2 25 0 0 0 0 0 0 0 0 0 0 0 7 0 0 0 0 0 0 0 23 0 0 2 0 67 1 1 65 0 0 2 0 0 0 0 0 0 0 0 0 0 0 0 0 0 24 0 0 2 0 
 62 0 0 0 0 0 0 0 0 0 0 4 0 2 0 0 7 0 2 2 0 0 0 2 0 7 0 0 1 0 4 0 0 0 0 0 0 0 0 0 38 240 321 325 0 187 93 300 94 501 174 299 117 260 75 77 116 138 71 70 52 0 0 4 0 0 51 0 0 0 0 0 49 0 0 0 0 0 51 0 0 11 0 0 0 0 0 0 0 0 0 0 0 0 0 0 0 0 0 0 0 0 0 0 12 0 0 0 0 0 0 0 0 11 0 0 0 0 0 0 0 2 10 7 0 30 8 13 0 25 0 30 0 0 0 3 25 2 0 0 6 6 1 0 0 0 20 18 2 5 29 34 35 0 20 0 0 0 8 27 0 0 0 0 6 0 0 0 0 0 0 0 0 0 0 0 0 5 0 0 0 0 0 0 0 0 0 0 0 0 0 0 0 0 0 0 0 0 0 0 0 0 1 18 14 40 0 0 0 0 1 11 0 17 7 38 24 0 0 0 1 0 21 0 0 0 31 24 0 0 0 0 15 15 0 12 0 0 0 7 0 0 0 0 0 0 0 0 0 0 0 11 0 0 0 0 0 0 0 4 0 0 1 2 4 2 1 0 0 0 0 0 0 0 0 0 0 0 0 0 0 0 15 0 0 0 0 0 0 0 
 0 0 0 0 0 0 0 0 0 0 0 0 0 3 0 0 2 0 0 2 0 0 8 65 0 0 0 0 35 0 3 0 0 0 0 0 0 0 0 0 246 46 99 169 187 0 248 32 50 48 71 359 37 55 63 56 122 80 41 45 75 0 0 0 0 3 50 6 0 0 0 0 55 0 1 0 0 0 52 12 0 0 0 0 18 0 0 0 0 0 0 0 0 0 0 0 0 0 0 0 0 0 0 0 0 19 0 0 0 0 0 3 0 0 0 0 1 0 0 0 0 2 0 0 11 11 0 0 11 0 0 15 0 0 0 0 0 0 1 0 14 13 15 0 0 0 39 0 21 8 13 2 6 2 20 31 29 12 0 22 6 0 0 0 8 0 0 0 0 0 0 0 11 0 0 0 0 3 0 0 0 0 0 0 0 4 0 0 0 0 0 0 0 0 0 0 0 1 0 0 0 0 7 10 0 0 0 6 0 0 0 30 3 10 0 0 0 0 4 6 26 0 6 19 0 0 10 5 20 12 0 0 22 14 23 18 1 0 0 0 0 0 0 0 0 0 0 0 0 0 0 13 0 0 0 0 0 0 6 1 0 27 0 0 64 0 5 0 0 0 0 0 0 0 0 0 0 0 0 0 0 0 0 0 0 0 0 0 2 0 
 0 0 0 0 0 2 0 0 0 0 0 2 0 4 0 0 2 0 2 0 65 1 0 2 1 2 0 18 53 0 1 2 0 63 2 2 0 61 59 202 81 215 214 67 93 248 0 368 123 92 47 289 171 143 34 44 27 34 53 188 0 0 0 33 0 0 0 0 0 5 0 3 0 0 0 0 0 0 12 0 0 0 0 0 0 32 0 0 0 0 0 0 0 0 0 0 0 1 0 6 7 15 0 0 10 0 0 5 11 0 0 0 0 0 0 0 0 12 0 0 27 12 7 9 3 0 41 0 68 33 19 12 0 0 0 0 1 12 0 29 0 0 0 0 0 0 9 0 0 1 0 7 3 6 0 0 0 0 21 0 0 0 0 0 7 0 0 0 0 0 0 0 0 0 0 0 0 0 0 0 8 0 0 0 0 0 1 0 0 0 0 0 0 11 7 8 17 0 0 0 19 0 9 0 0 7 0 33 39 2 30 11 0 23 7 12 14 36 0 0 0 0 0 0 0 30 0 0 0 1 18 0 0 0 0 0 0 0 29 6 0 0 0 0 0 0 0 0 0 0 0 5 0 0 0 0 0 0 0 0 0 0 72 0 1 14 2 0 0 0 11 0 0 0 0 0 0 0 0 0 0 0 0 0 29 0 0 0 2 0 
 0 0 0 2 0 0 0 4 0 0 0 0 0 11 0 0 0 0 4 0 0 0 0 0 58 62 0 0 0 66 0 1 0 0 62 0 0 1 0 0 367 464 137 88 300 32 368 0 412 93 100 26 152 93 56 49 116 453 142 283 0 0 0 3 2 0 0 11 0 1 2 0 7 0 0 8 9 2 10 6 0 0 0 0 0 0 0 0 0 0 0 0 0 0 0 0 0 3 0 0 0 0 0 0 11 21 0 0 0 0 0 0 28 0 0 0 0 0 0 0 54 19 34 37 0 0 20 14 4 0 0 0 49 35 0 7 0 0 1 42 21 0 0 10 0 3 7 0 0 0 0 0 0 10 0 4 10 5 7 0 0 0 4 0 9 0 0 0 0 0 0 0 0 0 0 0 0 0 0 2 0 0 0 1 18 30 0 0 0 0 0 0 0 0 0 0 0 0 0 0 24 21 0 0 19 13 41 37 11 33 13 10 0 2 17 0 1 14 0 8 6 0 6 0 0 0 0 0 13 0 0 0 5 0 23 6 0 0 1 18 0 0 0 0 0 0 0 0 0 0 0 9 0 1 0 0 0 25 0 3 0 0 1 0 2 4 2 0 0 0 9 0 1 0 0 0 9 0 0 0 0 0 0 0 0 0 0 7 0 0 
 0 0 0 0 0 0 0 0 0 0 0 0 0 0 0 0 2 0 1 0 3 3 3 3 3 3 3 3 6 3 6 3 3 3 3 3 3 3 5 3 41 53 154 81 94 50 123 412 0 198 93 100 227 97 185 114 187 44 84 148 0 0 0 0 0 0 0 0 0 0 5 7 5 0 8 0 0 0 52 0 0 0 0 0 0 0 0 0 0 0 0 0 0 0 0 0 0 0 0 0 0 0 0 0 0 0 0 0 0 0 0 0 0 7 0 0 0 0 0 0 0 0 21 19 18 30 8 33 29 19 8 0 0 2 9 0 25 0 0 16 0 0 0 0 7 15 0 6 0 0 0 0 9 6 0 1 0 0 1 11 0 0 0 0 0 0 0 0 0 0 0 0 0 0 0 0 0 0 0 0 0 0 0 0 0 0 0 0 0 0 0 0 0 0 0 0 0 0 0 14 21 1 4 1 20 18 21 40 5 0 34 1 0 55 18 0 0 16 0 0 0 0 0 0 0 0 14 0 0 0 0 0 14 0 0 0 0 0 1 7 0 0 0 0 0 0 0 0 0 0 0 25 0 0 0 0 0 0 0 1 0 0 1 0 0 9 2 64 0 0 2 0 0 0 0 0 0 0 0 0 0 0 0 0 1 33 0 0 2 0 
 0 0 0 3 0 0 0 0 3 0 0 0 0 3 0 4 0 0 0 2 0 0 0 0 3 1 0 3 3 0 0 0 3 0 0 0 0 0 0 0 81 45 108 120 501 48 92 93 198 0 179 104 100 151 177 234 272 399 67 141 4 6 0 5 0 5 0 0 3 1 0 0 0 0 12 0 1 9 54 0 0 0 0 0 0 0 0 0 0 0 0 0 0 0 0 0 0 0 0 0 0 0 0 0 0 0 0 0 0 0 0 0 0 0 0 0 0 0 0 0 0 0 9 24 58 32 0 18 27 74 19 4 0 0 0 12 0 11 0 3 52 10 11 0 0 1 0 0 2 11 12 0 7 6 0 1 0 0 36 4 0 0 0 0 0 0 0 0 0 0 0 0 0 0 0 0 0 0 0 0 0 0 0 0 0 0 0 0 0 0 0 0 0 0 0 0 0 35 0 0 50 0 11 0 14 22 0 13 0 0 0 0 0 20 0 9 25 17 0 0 8 2 0 10 3 0 28 19 0 0 0 3 25 1 0 0 3 6 22 52 0 0 0 0 0 0 0 0 0 0 0 10 0 0 0 0 0 0 0 10 0 0 2 2 0 0 8 0 0 0 3 0 0 0 0 0 0 0 0 0 0 0 0 0 0 0 0 0 0 0 
 0 0 0 0 0 0 0 0 0 0 0 0 0 3 0 0 5 0 1 0 3 3 3 3 27 3 3 5 3 3 3 3 3 3 3 3 3 3 3 3 107 101 320 73 174 71 47 100 93 179 0 59 36 172 114 306 170 152 35 77 0 0 0 0 0 0 0 0 0 55 0 0 0 0 0 0 0 0 56 0 0 0 0 0 0 0 0 0 0 0 0 16 0 0 0 0 0 0 0 0 0 0 0 0 0 0 0 0 0 0 0 0 0 0 0 0 0 0 0 0 19 0 10 0 0 30 8 0 9 23 1 6 0 0 0 19 7 27 0 21 0 23 9 0 0 0 0 0 9 1 0 0 17 0 0 6 4 0 41 51 0 0 0 0 0 0 0 0 0 0 0 0 0 0 0 0 0 0 0 0 0 0 0 0 0 0 0 0 0 0 0 0 0 0 0 0 0 0 0 17 0 1 21 11 10 37 0 18 0 0 44 26 0 0 12 0 24 23 0 0 13 0 0 0 0 0 10 12 0 0 0 0 13 7 0 2 0 0 0 8 0 0 0 0 0 0 0 0 0 0 0 13 0 0 0 0 0 0 0 12 0 0 0 0 0 11 4 0 0 0 0 0 0 0 0 0 0 0 0 0 0 0 0 0 0 0 0 0 2 0 
 0 0 0 4 0 0 0 0 3 30 4 2 0 4 0 0 4 0 1 3 2 3 2 3 2 3 3 9 3 4 3 3 3 3 5 3 3 3 4 3 36 45 162 102 299 359 289 26 100 104 59 0 43 254 130 38 87 103 38 91 53 0 0 0 0 0 0 0 0 51 2 0 4 50 4 0 0 0 2 26 0 21 0 7 1 0 0 0 0 4 0 0 0 0 0 2 2 2 0 0 0 0 0 0 0 0 0 0 0 0 0 0 1 0 2 0 0 0 6 0 0 2 1 2 11 63 0 6 16 29 27 24 0 0 7 1 1 25 0 1 7 0 0 20 0 0 20 1 4 16 1 0 24 9 0 0 0 0 18 1 0 0 0 3 0 0 0 0 0 6 1 0 0 0 0 5 0 6 0 0 0 0 0 0 0 0 0 0 0 0 0 0 0 0 1 0 0 0 0 0 8 0 21 24 10 15 0 20 11 0 3 60 0 0 1 4 56 18 0 0 4 0 0 0 0 10 0 0 10 0 0 0 12 20 0 8 0 10 9 0 0 4 10 0 0 0 0 0 0 0 0 7 0 1 0 0 0 0 0 2 0 2 0 62 0 2 0 38 0 0 0 0 0 0 0 0 0 0 0 0 0 1 0 0 19 11 0 0 0 0 
 0 0 0 0 0 0 62 0 0 0 0 0 0 0 0 0 2 0 27 1 0 0 0 0 63 55 0 0 2 0 69 0 0 0 0 0 0 0 0 0 40 139 126 128 117 37 171 152 227 100 36 43 0 176 133 41 119 279 68 206 0 0 0 0 0 0 0 0 0 0 203 0 0 0 3 0 3 0 0 0 9 0 0 0 0 0 0 0 0 0 0 0 0 0 0 0 0 0 0 0 0 0 0 0 13 7 0 0 0 0 1 0 0 0 0 0 0 0 0 0 1 12 12 0 2 0 6 40 19 3 29 2 22 33 0 20 7 36 0 18 0 0 0 0 0 0 0 0 0 0 0 0 3 6 0 0 0 0 1 0 0 0 0 0 0 0 0 0 0 0 5 0 0 0 0 0 0 0 0 0 0 0 0 0 0 0 0 0 0 0 0 0 0 0 0 0 0 0 0 0 19 3 0 26 9 0 25 64 1 3 9 22 13 40 18 7 42 17 0 18 0 0 0 0 0 0 0 0 0 0 0 0 0 0 0 0 0 0 0 6 0 0 0 0 0 0 0 0 0 0 0 8 0 0 0 0 0 0 0 0 0 0 69 0 1 0 0 1 0 0 7 0 0 0 0 0 0 0 0 0 0 0 1 0 14 9 0 36 0 0 
 0 0 0 0 0 0 0 0 0 0 0 0 0 0 0 0 2 0 3 0 9 3 3 118 3 6 3 3 9 4 3 3 3 3 3 3 5 3 3 5 162 170 51 278 260 55 143 93 97 151 172 254 176 0 370 104 46 132 169 82 0 0 0 0 0 0 0 0 0 0 0 0 0 0 0 0 5 0 0 0 0 0 0 0 0 0 0 0 0 0 0 0 0 0 0 0 0 0 0 0 0 0 6 0 0 0 0 0 2 0 0 0 0 0 0 0 4 0 0 0 10 18 60 10 0 1 20 0 11 31 27 11 4 0 0 43 25 23 5 19 0 0 8 0 0 0 10 0 11 0 0 0 4 0 0 6 8 0 10 10 0 0 0 0 0 0 0 0 0 0 2 0 0 0 0 1 0 0 0 0 0 0 0 0 0 63 0 0 2 0 2 0 0 0 0 0 0 0 0 0 0 12 26 7 11 51 0 4 10 10 45 34 0 0 94 0 7 11 0 0 0 0 0 0 0 0 26 0 0 0 0 0 0 0 0 0 0 0 1 14 0 0 5 0 0 0 0 0 0 0 0 5 0 2 0 0 0 1 0 10 0 2 1 0 0 1 3 0 0 0 0 0 0 0 0 0 0 0 0 0 0 0 0 0 22 0 0 0 0 0 
 1 0 3 0 0 3 0 1 0 5 0 2 0 0 21 3 2 0 5 0 0 0 0 0 4 0 5 1 0 0 0 0 0 0 0 0 0 0 0 0 162 69 63 321 75 63 34 56 185 177 114 130 133 370 0 111 359 100 75 101 1 0 0 0 0 0 0 0 0 2 3 0 2 0 3 0 0 0 88 2 0 0 0 0 3 0 0 0 0 2 0 0 0 0 0 7 4 8 0 0 0 0 0 0 0 1 0 0 0 0 0 0 5 0 8 0 0 0 10 0 0 8 11 8 0 34 0 16 1 4 11 0 14 18 3 26 28 25 0 8 3 0 7 0 0 0 0 0 20 0 0 0 10 0 0 20 5 0 0 12 0 0 0 0 0 13 0 0 0 0 5 0 0 0 0 1 5 2 0 0 0 0 17 0 0 0 0 0 0 0 0 0 0 0 20 0 10 0 0 3 0 0 16 9 27 34 28 11 6 1 35 14 0 1 11 0 41 7 0 15 0 0 0 0 0 0 14 0 0 0 0 0 63 0 0 0 0 0 0 7 0 0 0 0 0 0 0 0 0 31 0 8 0 3 0 0 0 1 0 0 0 0 2 0 0 0 2 64 1 0 0 0 0 0 0 0 0 0 0 0 0 0 0 0 0 4 0 0 0 0 
 0 0 0 0 0 0 0 0 0 0 0 0 0 2 0 0 2 0 0 0 3 3 3 3 214 6 3 6 3 8 3 3 3 205 3 3 3 3 3 3 259 153 120 26 77 56 44 49 114 234 306 38 41 104 111 0 74 151 20 66 0 0 0 8 0 0 0 0 0 0 0 0 0 0 0 0 0 6 0 0 0 0 0 0 0 0 0 0 0 0 0 0 0 0 0 0 0 0 0 0 0 0 0 0 0 0 0 0 0 0 0 0 0 0 0 0 0 0 0 0 4 22 4 8 24 9 0 9 10 21 36 11 14 17 29 53 22 12 0 0 7 0 3 0 0 0 10 0 0 0 0 0 4 21 0 7 5 0 10 10 0 0 0 0 0 0 0 0 0 0 0 0 0 0 0 0 0 0 0 0 0 0 0 0 0 0 0 0 0 0 0 0 0 0 0 0 0 0 0 0 0 38 32 13 0 15 10 0 27 4 0 0 0 0 0 19 0 6 0 32 0 0 0 0 0 0 40 8 0 0 0 0 0 0 0 0 0 0 16 19 0 0 11 0 0 0 0 0 0 0 0 12 0 0 0 0 0 0 0 1 0 0 65 0 0 0 0 1 1 0 0 0 0 0 0 0 0 0 0 0 0 0 0 0 24 13 0 0 2 0 
 0 0 0 0 0 52 0 1 0 0 0 0 0 3 0 0 3 0 3 1 3 4 3 6 6 8 3 3 3 8 3 3 3 3 3 3 10 6 3 3 23 195 104 164 116 122 27 116 187 272 170 87 119 46 359 74 0 55 90 49 50 0 0 0 0 0 1 0 0 0 0 4 0 0 0 0 8 0 22 0 0 0 0 0 0 0 0 0 0 0 0 0 0 0 0 0 0 0 0 0 0 0 11 0 0 0 0 0 0 1 0 0 0 0 0 0 6 6 0 0 0 36 14 10 0 19 19 8 2 0 0 0 12 15 30 36 35 0 6 12 10 0 0 0 0 0 0 0 1 3 0 0 32 0 0 1 0 0 0 0 0 0 0 0 0 0 0 0 0 0 0 0 0 0 0 0 0 30 0 0 0 0 0 0 10 17 0 0 0 0 7 1 0 0 0 6 5 20 0 0 3 0 0 32 12 10 16 8 10 0 6 29 0 0 23 0 10 0 0 21 0 0 0 0 0 0 0 0 0 0 0 0 11 5 0 36 0 0 0 10 0 0 1 0 0 0 0 0 1 0 0 1 0 2 0 0 0 0 2 1 0 0 0 0 1 4 0 0 0 0 0 0 0 0 0 0 0 0 0 0 0 0 0 0 0 0 0 0 0 0 
 0 0 0 19 0 0 0 16 0 0 4 0 0 0 1 68 5 0 0 2 0 0 0 0 2 3 0 0 3 0 44 63 0 0 3 0 0 0 0 0 52 46 68 321 138 80 34 453 44 399 152 103 279 132 100 151 55 0 46 54 0 0 0 0 0 0 0 0 0 0 0 0 0 51 0 0 0 0 2 0 0 0 0 0 0 0 0 0 0 0 0 0 0 16 0 0 0 0 0 0 0 0 0 0 0 0 0 0 0 0 0 0 0 0 0 0 0 0 0 0 1 0 3 0 12 11 5 0 14 64 12 35 0 1 0 38 8 13 0 0 1 0 12 0 0 0 19 1 10 13 0 0 34 0 0 2 8 0 33 12 0 0 0 0 0 0 0 0 0 0 0 0 0 0 0 0 0 1 0 0 0 0 0 0 0 0 0 0 0 0 0 0 2 0 0 0 0 0 0 0 0 3 20 14 2 20 0 0 14 3 14 1 0 1 0 16 0 8 0 0 11 0 1 0 0 0 17 13 9 0 0 0 10 8 0 0 0 11 6 1 0 0 0 0 0 0 0 0 0 0 0 92 0 0 0 0 0 0 0 0 0 26 3 61 3 6 0 0 3 0 0 0 0 0 0 0 0 0 0 0 0 0 1 0 45 0 0 0 1 0 
 0 0 0 0 0 0 0 0 0 0 6 0 0 0 0 0 0 0 1 0 3 1 2 1 32 131 2 0 2 2 67 83 62 1 3 0 125 28 0 0 45 98 29 65 71 41 53 142 84 67 35 38 68 169 75 20 90 46 0 139 0 0 0 4 0 2 0 1 0 0 0 3 0 0 0 1 5 0 0 0 0 0 0 0 0 0 8 0 0 0 0 0 0 0 0 0 0 0 0 0 0 22 0 30 10 7 0 0 0 0 69 25 0 0 0 8 8 11 0 0 1 6 0 0 0 0 30 0 11 0 0 0 23 17 9 9 1 0 0 0 0 0 0 0 0 0 0 0 0 0 0 3 0 0 0 0 0 0 8 0 0 0 0 0 0 0 0 0 0 0 0 0 0 0 0 0 0 0 0 0 0 8 0 6 16 27 0 11 0 11 13 3 0 0 0 0 0 0 0 0 9 0 0 0 0 0 2 0 0 10 0 11 5 39 1 11 0 0 9 16 0 0 0 0 0 4 0 0 0 0 5 0 0 0 0 0 0 0 0 0 0 0 0 0 0 0 0 0 0 0 0 10 0 2 0 0 0 69 0 2 0 0 1 0 0 2 0 1 0 0 0 0 0 0 0 0 0 0 0 15 0 7 0 0 0 33 0 0 0 0 
 2 2 2 2 2 2 2 5 2 2 2 2 2 2 2 2 2 2 2 3 0 63 28 30 124 133 0 4 0 73 0 67 0 0 0 0 35 0 0 0 274 139 318 61 70 45 188 283 148 141 77 91 206 82 101 66 49 54 139 0 0 0 0 0 0 0 0 4 0 0 202 0 0 0 0 0 0 6 0 0 0 0 0 0 0 0 0 0 0 0 0 0 0 0 0 0 0 0 0 0 0 0 0 2 4 13 0 0 0 0 13 19 0 0 0 18 3 0 0 0 28 7 7 10 1 0 0 0 23 0 23 1 1 50 0 1 1 36 0 33 0 0 0 0 0 0 0 0 0 0 0 0 3 9 0 0 0 0 0 0 0 0 0 0 0 0 0 0 0 0 48 0 0 0 0 0 0 0 0 0 4 0 0 14 19 6 0 0 0 16 11 23 2 0 0 1 0 0 0 0 35 0 1 0 0 0 18 60 0 0 6 15 12 46 0 21 22 9 0 0 10 0 0 0 0 0 0 0 0 0 0 0 0 0 0 0 0 0 10 11 0 0 0 0 0 0 0 0 0 0 0 6 0 0 0 0 0 0 0 0 0 0 63 0 1 2 0 0 0 0 10 0 0 0 0 0 0 0 0 0 0 0 0 0 18 0 1 10 0 0 
 0 0 2 0 0 2 0 0 0 0 0 0 0 0 7 0 1 0 0 0 0 0 0 0 0 3 0 0 0 0 0 0 0 59 0 0 0 38 0 0 0 0 53 55 52 75 0 0 0 4 0 53 0 0 1 0 50 0 0 0 0 360 59 49 469 39 79 348 104 260 465 39 268 52 126 272 29 53 97 150 0 0 0 15 0 0 0 0 0 0 0 0 0 0 0 0 0 0 0 0 0 0 0 0 0 0 0 0 0 0 0 0 0 0 0 0 0 0 0 0 0 2 0 0 0 4 3 0 1 7 1 10 2 3 2 3 2 0 3 3 10 20 53 0 5 8 13 18 0 23 35 11 0 24 2 0 13 1 0 0 7 0 0 0 26 0 0 0 0 0 0 0 0 0 0 0 0 1 0 0 0 0 0 0 0 0 0 0 0 0 0 0 0 0 0 0 0 0 0 0 0 9 0 5 0 3 0 0 0 0 0 2 0 0 0 0 0 0 0 0 0 18 19 24 14 0 0 15 0 0 0 2 0 25 10 11 22 1 0 0 0 0 0 0 8 0 0 0 0 0 0 0 0 1 6 0 0 0 0 0 0 0 0 0 0 0 8 0 0 0 16 0 0 9 2 2 0 0 0 0 0 0 0 0 0 1 0 0 0 0 
