 0 207 182 349 355 124 220 250 143 42 583 60 247 137 621 31 526 245 48 258 0 0 9 0 1 5 7 0 1 0 0 86 0 0 3 0 4 0 2 0 0 0 0 0 4 5 0 0 2 0 0 3 0 8 0 0 0 0 0 0 0 0 0 4 59 0 0 3 3 4 1 0 0 0 2 0 3 7 6 0 13 24 12 0 9 39 12 20 5 2 31 14 12 14 23 16 37 0 16 34 0 0 0 0 0 0 0 0 0 0 0 0 0 0 0 0 1 0 0 0 0 0 0 15 0 0 0 0 0 0 0 0 1 0 0 0 0 0 0 0 0 0 0 0 0 0 0 0 0 0 0 0 0 0 0 5 0 0 0 0 0 14 0 10 1 8 2 9 1 16 22 0 15 15 43 14 28 9 0 0 0 0 0 1 0 0 0 0 0 11 0 0 72 0 0 20 0 0 0 26 0 0 0 0 0 0 0 0 0 0 0 0 0 0 0 0 0 0 0 0 0 0 0 0 0 0 0 0 2 0 0 0 0 0 0 0 0 0 0 0 0 15 0 0 0 0 90 2 2 4 2 16 0 0 0 0 0 0 0 0 0 0 1 0 0 0 0 0 0 0 0 0 0 0 0 24 0 0 0 0 0 0 0 0 0 0 0 0 0 0 
 207 0 498 74 469 285 183 326 116 148 557 269 64 495 372 194 137 135 45 156 0 0 2 1 1 0 0 2 0 0 0 5 0 2 1 0 2 0 0 82 3 0 0 0 0 0 1 0 2 0 0 3 0 3 0 0 0 0 0 0 0 0 0 3 43 0 0 2 2 0 3 0 0 0 2 0 3 2 42 0 10 24 20 0 10 39 12 85 10 18 14 51 0 18 10 14 29 10 0 12 15 0 0 0 0 0 15 0 0 0 0 0 3 0 1 2 11 0 1 1 0 0 0 0 0 0 0 0 0 0 0 0 0 15 0 0 0 0 0 0 0 0 0 0 0 0 0 0 0 0 0 0 0 0 0 6 0 0 0 0 0 24 0 10 10 6 0 14 9 1 3 0 13 13 16 8 32 0 11 0 10 0 0 0 0 0 0 0 0 0 0 0 32 0 0 0 0 0 0 42 0 0 0 0 0 0 0 0 0 0 0 0 0 0 0 3 0 0 0 0 0 0 0 0 0 0 0 0 0 0 60 0 0 2 0 0 0 0 2 0 0 0 0 0 0 0 7 0 0 0 0 16 0 0 0 0 0 2 0 0 0 0 22 0 0 0 0 0 0 0 0 0 0 0 0 0 0 0 0 0 0 0 0 0 0 0 0 0 0 0 
 182 498 0 114 289 151 103 250 120 143 38 115 119 88 82 218 205 37 123 145 0 0 1 0 2 1 0 0 0 0 3 3 1 4 0 0 4 0 1 76 0 0 3 0 1 0 0 0 6 0 0 3 3 2 0 0 2 0 2 0 0 0 1 2 4 3 0 3 3 0 1 0 0 0 2 2 6 2 0 0 14 1 15 11 1 17 23 10 30 34 0 33 1 0 0 0 9 42 0 11 72 4 0 0 15 1 40 0 0 0 0 0 1 0 1 0 0 0 0 0 0 0 0 0 0 0 0 0 0 0 0 0 0 0 0 0 0 0 0 0 0 0 0 0 0 0 0 0 0 0 1 0 0 0 0 0 0 0 12 0 0 102 8 0 16 37 11 26 27 27 2 0 27 20 2 17 20 13 28 16 29 0 0 0 0 0 0 0 0 0 0 0 0 0 0 0 0 0 0 26 2 0 0 0 0 0 0 0 0 0 0 0 0 0 0 0 0 0 0 0 0 0 0 0 0 0 0 0 0 13 0 0 0 2 0 0 0 0 2 0 0 0 0 0 0 0 0 0 2 0 1 4 0 0 0 0 0 0 0 0 0 0 9 0 0 0 0 0 0 0 0 0 0 0 0 1 0 10 0 0 0 0 0 0 0 0 0 0 0 0 
 349 74 114 0 106 44 76 356 181 134 597 215 76 208 428 31 120 348 173 64 3 0 4 0 1 2 3 74 3 0 0 5 74 3 3 0 2 0 0 2 0 0 3 0 1 0 0 0 2 3 0 3 0 6 0 0 2 3 0 3 0 0 0 2 0 0 0 3 3 0 1 0 0 0 2 0 3 2 0 0 5 32 3 36 10 0 12 1 47 31 57 0 0 20 42 42 0 15 0 18 13 0 0 0 0 0 2 0 0 0 0 0 1 0 0 0 0 17 14 0 0 0 0 1 0 0 0 0 0 0 0 2 0 0 0 0 0 0 0 0 1 0 0 0 0 0 0 0 0 0 0 0 0 0 0 0 0 0 0 0 23 0 10 20 21 8 16 0 28 10 35 47 0 0 24 8 0 57 2 0 51 0 0 11 0 0 0 0 1 0 0 0 0 0 13 11 0 0 0 0 0 0 0 0 0 0 0 0 14 0 2 0 0 0 0 0 0 0 0 0 0 0 0 0 0 0 0 0 0 0 0 0 0 0 0 0 0 0 0 1 0 0 0 0 0 0 0 2 4 91 0 18 14 0 0 0 0 0 0 0 0 0 0 0 0 0 0 0 0 0 0 0 0 0 0 14 27 0 0 0 0 0 0 0 0 0 0 0 0 0 
 355 469 289 106 0 377 41 270 192 395 192 148 145 462 581 98 142 76 73 83 0 0 5 0 1 0 0 0 0 2 0 1 0 0 0 2 0 0 0 0 0 3 2 0 1 0 0 4 0 2 0 2 0 4 0 0 0 0 0 0 0 0 0 0 50 0 0 45 0 2 0 0 0 0 0 0 0 0 39 0 15 5 10 19 0 26 0 2 59 0 48 22 0 18 16 8 18 25 0 25 2 1 0 0 2 0 0 0 0 0 0 0 2 0 0 0 0 0 14 0 0 0 0 1 0 0 0 0 0 0 0 0 0 0 0 0 0 0 0 0 0 0 0 0 0 0 0 0 0 0 0 0 0 0 0 8 0 0 0 0 41 32 33 4 14 11 0 1 21 55 38 9 0 13 37 39 46 14 0 1 0 0 0 0 0 0 12 0 0 0 0 0 54 0 0 0 0 0 0 23 1 0 0 0 0 0 2 0 0 0 0 0 0 0 0 1 1 0 0 0 0 0 2 0 0 0 0 0 0 0 0 0 0 0 0 11 0 0 0 0 0 0 0 0 0 0 87 2 0 2 2 12 0 10 0 0 0 0 0 0 0 0 0 0 0 0 0 0 0 0 0 0 0 0 0 21 1 0 0 0 0 0 0 0 0 0 0 0 0 0 
 124 285 151 44 377 0 41 84 49 237 108 234 150 258 78 537 109 38 45 70 107 0 0 0 1 0 84 81 0 0 5 41 78 0 148 0 2 0 194 146 1 0 0 0 0 0 0 3 2 0 0 3 3 4 0 35 0 2 1 5 0 31 0 2 34 0 0 3 3 0 2 51 3 0 2 0 3 2 1 0 13 0 14 11 23 10 0 29 15 13 21 10 0 0 16 11 9 0 0 0 38 2 0 0 0 0 16 17 0 0 0 0 1 23 13 0 0 0 32 12 15 0 0 11 0 2 0 0 0 0 0 0 0 0 0 0 0 0 0 0 0 0 0 0 0 0 15 0 0 0 0 0 0 0 0 6 0 0 0 9 1 17 0 16 36 12 0 22 21 0 19 0 1 0 0 19 28 0 0 0 12 41 17 0 0 0 0 0 0 1 0 0 99 0 19 1 1 0 1 21 0 0 2 0 0 0 0 0 0 0 0 0 0 0 0 1 0 0 0 0 0 2 0 0 2 0 0 0 0 0 0 0 0 0 0 0 0 0 0 0 0 21 0 0 0 0 134 0 129 4 1 11 0 0 2 0 0 0 0 0 0 0 0 0 0 0 0 0 0 0 0 0 0 0 0 0 0 0 0 0 0 0 0 0 0 0 0 0 0 0 
 220 183 103 76 41 41 0 421 183 244 114 46 256 173 140 34 141 121 235 357 0 0 1 0 3 0 0 74 0 76 0 3 0 0 0 0 3 0 0 0 3 0 0 0 0 0 4 0 2 0 70 66 0 3 0 0 0 0 0 0 0 0 0 3 0 0 0 3 2 0 3 0 0 0 2 0 1 2 3 0 50 15 13 14 0 14 15 31 15 13 0 6 50 0 7 33 13 7 0 0 0 0 0 0 0 0 0 0 0 0 0 0 0 0 0 0 0 0 0 0 0 0 0 0 0 0 0 0 0 0 1 0 0 0 0 0 0 0 0 0 0 0 0 0 0 0 0 0 0 0 0 0 0 0 0 0 0 0 0 0 18 43 1 0 1 21 9 28 0 4 2 20 19 18 22 0 0 10 45 17 0 0 0 0 0 6 0 0 0 0 0 0 0 0 0 0 0 0 0 0 16 0 0 0 0 0 0 0 1 0 0 0 0 0 0 0 0 0 0 0 0 0 0 0 0 0 0 0 0 0 0 0 0 0 0 0 0 0 2 0 0 0 0 0 0 2 0 0 2 140 12 5 21 0 0 0 0 0 0 0 0 0 21 0 0 0 0 0 0 0 0 0 0 0 0 20 0 7 0 0 0 0 0 0 0 0 0 0 0 0 
 250 326 250 356 270 84 421 0 280 420 138 199 186 312 157 36 259 246 74 215 0 0 4 0 2 0 0 0 5 2 0 3 0 0 3 3 2 0 0 0 1 0 0 4 5 0 0 4 2 3 3 3 0 6 0 1 2 0 0 0 0 0 0 2 53 3 0 3 3 0 33 2 0 0 2 1 3 4 3 0 30 52 32 13 8 1 19 10 48 0 10 8 0 1 42 37 9 29 0 19 0 0 0 0 0 0 0 0 0 0 0 0 0 0 0 0 0 0 9 0 0 0 0 11 0 0 0 0 0 1 0 0 0 0 0 0 0 0 3 0 0 0 0 0 0 0 0 0 0 0 8 0 0 0 0 3 0 0 0 0 17 43 20 0 23 7 0 16 33 27 41 24 0 0 16 45 21 10 0 0 0 0 0 0 0 0 0 0 0 0 0 0 16 0 0 0 0 0 0 12 0 0 0 6 0 0 0 0 0 0 0 2 18 0 0 0 0 0 0 0 0 0 0 0 0 0 0 0 0 0 0 1 0 0 0 0 0 0 0 0 0 0 0 0 0 3 91 2 0 36 0 21 0 0 0 0 0 0 1 0 0 0 1 0 0 3 2 0 0 2 0 0 0 0 0 0 29 0 0 0 0 0 0 0 0 0 0 0 0 0 
 143 116 120 181 192 49 183 280 0 188 41 263 176 348 213 155 278 220 273 683 2 0 2 0 0 0 0 0 0 0 0 3 0 0 0 0 3 0 2 0 2 0 0 0 0 0 0 2 2 0 0 3 0 6 0 0 0 0 0 0 2 0 0 3 0 0 0 5 2 0 3 0 3 0 2 0 4 2 4 0 9 12 5 9 3 1 25 17 28 1 15 2 19 0 36 53 36 15 1 17 0 0 0 0 0 0 0 0 0 0 0 0 18 17 0 0 0 0 19 0 0 0 0 1 0 0 0 0 0 0 0 0 1 8 0 0 0 0 0 0 0 2 0 0 0 0 0 0 0 0 0 0 0 0 0 0 0 0 0 0 0 0 0 19 3 0 0 0 1 59 19 7 0 11 3 11 1 2 1 15 0 0 0 0 0 1 0 0 0 0 0 0 0 1 29 0 0 0 28 0 0 0 0 0 0 1 0 0 0 0 16 0 0 0 0 0 0 0 0 0 0 0 0 0 0 0 0 0 0 0 0 0 2 0 0 0 0 0 0 0 0 0 0 0 1 2 0 0 94 93 0 6 1 0 0 0 0 0 0 0 0 0 0 0 0 0 0 0 0 0 0 0 0 0 0 2 0 0 0 0 0 0 0 0 0 0 0 0 0 0 
 42 148 143 134 395 237 244 420 188 0 238 220 36 309 204 98 172 162 393 74 89 0 2 0 1 0 1 0 0 0 0 3 0 0 0 2 4 1 0 0 1 0 0 0 1 0 0 7 2 0 0 3 0 8 0 0 0 0 0 0 0 0 0 44 57 0 0 3 6 0 3 0 0 0 2 0 3 2 2 0 31 20 5 33 8 4 15 14 90 0 18 15 0 20 36 39 18 25 0 20 0 3 0 0 0 8 0 0 0 0 0 0 5 1 0 0 0 0 18 1 0 0 0 1 0 25 0 0 0 1 0 0 0 0 0 0 0 0 2 0 0 0 0 0 0 0 0 0 0 1 0 0 0 0 0 2 0 0 0 0 23 17 15 41 19 8 0 36 24 12 32 59 0 0 20 23 27 13 0 0 0 0 0 0 0 0 0 0 0 0 0 0 18 0 11 0 0 0 0 14 0 0 0 0 0 0 0 0 0 0 0 2 0 0 0 1 0 0 0 0 0 0 0 0 0 0 0 0 0 0 0 0 1 0 0 0 0 0 0 31 0 0 0 0 0 4 89 0 1 106 3 6 0 0 0 0 0 0 0 0 0 0 0 0 0 0 2 0 0 2 0 0 0 0 0 0 29 0 0 0 0 0 0 0 0 0 0 0 0 0 
 583 557 38 597 192 108 114 138 41 238 0 315 40 68 319 281 277 156 123 44 51 3 4 77 2 3 6 0 1 0 3 5 0 2 2 0 2 0 0 6 3 2 0 0 3 5 2 0 72 0 0 3 2 6 0 0 0 65 0 0 0 0 0 6 0 0 1 2 2 7 3 0 0 0 2 5 0 56 9 4 8 20 46 25 12 2 10 1 21 24 22 0 0 19 41 30 0 27 0 0 15 0 0 0 0 0 0 2 0 0 0 2 0 0 0 0 0 2 10 36 2 0 0 18 0 0 0 0 0 0 0 0 0 0 0 0 1 0 0 0 0 0 0 0 0 0 0 0 0 0 0 0 0 0 0 0 0 1 0 0 25 19 33 0 0 6 0 0 21 14 25 12 0 0 10 26 0 32 0 0 10 0 0 0 0 0 0 19 0 0 0 0 0 0 0 0 0 0 0 1 0 0 0 0 0 0 0 0 0 0 0 0 0 0 0 2 0 0 0 0 0 0 0 0 0 0 0 0 0 0 0 0 0 0 0 0 0 0 0 14 0 0 0 0 0 2 4 0 3 172 0 5 0 0 0 0 0 0 0 0 0 0 0 0 0 0 0 0 0 0 0 0 0 0 0 0 28 0 0 0 0 0 0 0 0 0 0 0 0 0 
 60 269 115 215 148 234 46 199 263 220 315 0 37 108 145 37 238 402 38 34 93 4 8 0 3 0 0 0 109 0 0 79 80 0 28 81 3 0 75 0 2 0 0 0 1 2 3 0 2 0 3 3 0 6 0 0 0 0 0 0 0 0 0 2 3 0 8 3 4 0 3 0 0 0 2 0 4 2 3 1 8 17 0 30 0 7 16 0 44 0 45 15 0 8 2 13 15 10 0 22 2 0 0 0 0 0 21 11 9 18 0 0 0 10 0 0 1 0 32 13 0 0 2 0 0 0 2 0 0 0 0 0 0 0 0 0 0 0 0 0 0 0 0 0 0 0 0 0 0 0 0 0 0 0 0 0 0 0 0 0 12 17 28 1 1 0 0 14 10 32 67 35 0 13 41 13 34 29 0 0 31 20 21 0 0 0 21 24 11 0 0 0 10 1 10 0 1 2 22 0 0 0 0 0 0 0 0 0 4 0 2 2 0 0 0 0 0 0 1 0 0 0 0 0 0 0 0 0 0 0 0 0 0 0 0 0 0 0 0 0 0 0 0 0 0 0 6 0 0 2 0 9 0 0 0 0 0 0 0 0 0 0 0 0 0 0 5 0 0 0 0 0 0 0 0 0 8 0 0 0 0 0 0 0 0 0 0 0 0 0 
 247 64 119 76 145 150 256 186 176 36 40 37 0 163 149 220 47 127 247 419 0 0 2 0 1 0 0 17 0 0 0 10 0 0 77 0 5 0 0 0 3 0 0 0 0 0 2 0 3 0 0 3 0 3 0 0 0 0 0 0 0 0 0 3 0 0 1 2 2 0 3 0 0 0 2 0 0 2 3 0 6 42 0 23 0 10 44 29 32 14 16 5 31 29 49 64 38 16 0 0 0 0 0 0 2 0 0 0 0 0 0 0 1 0 0 0 0 0 15 0 0 0 0 0 0 0 0 0 0 0 0 0 0 0 0 0 0 0 0 0 0 0 0 0 0 0 0 0 0 0 0 0 0 0 0 0 0 1 4 0 0 0 0 9 0 0 23 0 0 51 10 7 15 11 34 8 10 0 14 34 0 0 0 0 0 0 0 0 0 0 0 0 0 0 0 0 0 0 0 19 0 0 0 0 0 0 2 0 0 0 0 0 0 0 0 0 1 0 0 0 0 0 2 0 0 0 0 0 0 0 0 0 0 35 0 0 0 0 0 0 0 0 0 0 0 0 1 1 2 91 13 14 0 0 1 0 0 0 0 0 0 0 0 0 0 0 0 0 0 0 0 0 0 0 0 12 0 0 0 0 0 0 0 0 0 0 0 0 0 0 
 137 495 88 208 462 258 173 312 348 309 68 108 163 0 247 25 131 35 275 177 0 0 1 0 3 2 0 0 0 0 0 3 2 0 0 0 4 0 2 0 1 2 0 0 2 0 29 6 2 1 0 3 4 2 0 0 0 0 0 0 0 0 0 2 0 0 0 3 3 0 2 0 65 0 2 0 3 2 1 0 21 0 12 21 0 0 0 10 62 0 9 0 29 1 44 24 22 53 13 10 0 0 0 0 0 0 0 0 0 0 0 0 0 0 0 0 0 0 21 0 0 0 0 0 0 0 0 0 0 10 0 0 0 0 0 0 0 0 0 0 0 0 0 0 0 0 0 0 0 0 29 0 0 0 0 0 0 0 0 0 37 34 17 0 1 19 0 31 19 17 9 14 3 16 1 36 0 40 11 0 0 0 0 0 0 0 0 0 0 0 0 0 0 0 0 0 0 0 0 0 0 0 0 0 2 0 0 0 0 0 0 0 0 17 0 0 0 0 0 0 0 0 0 0 0 0 0 0 0 0 0 0 0 0 0 0 0 0 0 0 0 0 0 0 0 90 1 1 2 87 2 9 0 0 0 0 0 0 0 0 0 0 0 0 0 0 0 0 0 0 0 0 0 0 0 0 16 9 0 0 0 0 0 0 0 0 0 0 0 0 
 621 372 82 428 581 78 140 157 213 204 319 145 149 247 0 172 358 341 180 235 2 0 1 4 7 1 4 0 0 0 77 3 2 0 0 0 5 5 2 0 1 0 0 0 1 3 0 10 10 0 0 3 3 6 0 2 0 0 0 0 4 51 54 33 15 0 0 11 32 0 3 4 9 0 10 2 3 2 2 0 20 19 29 1 3 17 14 15 36 72 48 14 28 15 3 70 85 10 11 2 0 0 0 0 0 0 0 0 0 0 0 0 0 0 0 0 0 0 22 0 0 0 2 17 0 0 2 2 0 0 0 0 0 0 0 0 0 0 0 0 0 0 0 0 1 0 0 0 0 0 0 0 0 0 0 0 0 0 3 0 22 20 38 8 1 30 8 33 0 60 36 0 1 26 19 25 4 18 0 0 0 2 0 0 0 0 0 0 1 0 0 0 2 2 0 0 0 0 0 14 0 0 0 0 0 0 0 2 0 0 0 0 0 0 0 0 0 0 0 0 0 0 0 0 0 0 0 2 0 0 0 0 2 0 1 1 0 0 0 0 0 0 0 0 0 0 4 3 4 92 0 2 0 0 0 0 0 0 0 0 0 0 0 0 0 0 0 0 0 0 0 0 0 0 0 14 0 0 0 0 0 0 0 0 0 0 0 0 0 0 
 31 194 218 31 98 537 34 36 155 98 281 37 220 25 172 0 70 78 39 78 0 0 4 5 3 3 25 9 5 2 0 3 74 5 1 0 6 3 19 15 3 0 0 0 55 3 2 2 6 0 0 3 0 5 2 0 0 0 0 4 6 0 0 3 3 0 1 5 2 2 3 2 3 41 4 0 0 9 6 0 15 1 24 58 0 27 31 0 35 30 1 0 0 3 0 10 15 0 0 0 11 0 0 0 0 0 11 0 14 16 0 0 24 51 0 0 0 0 0 0 0 13 0 0 0 0 0 0 0 0 0 0 2 0 0 0 0 0 0 14 0 0 0 0 0 0 0 1 0 0 7 0 0 0 0 2 0 0 14 0 1 0 0 37 15 0 29 0 11 6 16 7 15 0 24 20 0 0 0 53 9 0 0 4 0 0 0 0 0 0 0 0 8 0 11 0 0 0 11 31 0 0 0 0 0 0 0 0 15 0 0 0 0 0 0 0 0 0 0 0 0 0 0 0 0 0 0 0 0 0 0 0 0 0 0 0 0 0 0 0 0 12 0 0 0 0 89 0 86 2 2 10 20 0 0 0 0 0 0 0 0 0 0 0 0 0 0 0 0 0 0 0 0 0 0 36 0 0 0 0 0 0 0 0 0 0 0 0 0 0 
 526 137 205 120 142 109 141 259 278 172 277 238 47 131 358 70 0 405 116 42 3 0 2 0 0 0 2 0 1 0 0 3 0 0 0 0 2 66 0 0 3 0 0 0 0 0 1 4 2 0 0 3 0 3 0 0 0 2 0 0 0 0 0 3 0 0 0 3 2 0 3 14 0 50 2 0 1 2 3 0 43 18 41 16 0 0 12 7 50 6 1 18 0 20 11 25 1 13 0 0 0 0 0 0 0 0 0 0 0 0 0 0 0 0 0 0 0 0 16 10 0 0 0 14 0 0 0 2 0 0 1 0 0 0 0 0 0 0 0 0 0 0 0 0 1 0 0 0 0 0 0 0 0 0 0 0 0 0 0 0 9 25 24 0 16 10 0 34 45 0 18 6 0 43 6 16 8 25 0 0 28 2 0 1 0 0 0 20 1 0 0 0 2 0 0 0 0 0 0 10 0 0 0 0 0 0 0 2 0 0 0 0 0 0 0 0 0 2 0 0 0 0 0 0 0 0 0 1 0 0 0 0 0 0 2 1 0 0 0 0 0 0 0 0 0 2 0 1 0 86 3 15 0 1 0 0 0 0 0 0 0 0 68 0 0 0 0 0 0 0 0 0 0 0 0 0 12 0 0 0 0 0 0 0 0 0 0 0 0 0 
 245 135 37 348 76 38 121 246 220 162 156 402 127 35 341 78 405 0 47 40 74 0 2 0 0 1 0 0 0 1 0 3 151 0 0 0 2 0 74 0 2 0 0 0 0 0 0 0 2 0 0 3 0 3 0 0 0 0 0 0 0 0 0 3 50 0 0 3 2 0 3 0 0 0 2 0 2 2 3 0 21 24 0 10 0 11 15 0 26 0 28 18 0 17 16 1 17 0 0 15 0 10 0 0 0 0 1 0 0 0 0 0 18 16 0 9 0 0 0 0 0 0 0 0 0 0 0 0 0 0 0 1 0 0 0 0 0 0 0 0 0 14 0 0 0 14 0 0 0 0 0 0 0 0 0 4 0 0 0 0 0 1 2 47 16 7 0 0 0 12 25 22 0 0 33 14 13 0 1 0 0 10 0 1 2 0 0 0 10 0 0 0 13 0 8 0 0 0 10 13 0 0 0 0 0 0 0 0 28 0 1 0 0 0 0 8 0 0 0 0 0 0 0 0 0 19 0 0 0 0 0 0 0 0 0 0 0 0 0 2 0 0 0 0 0 4 85 0 86 1 3 8 0 0 0 0 0 0 0 0 0 0 0 0 0 0 0 0 0 0 0 0 0 0 0 12 8 0 0 0 0 0 0 0 0 0 0 0 0 0 
 48 45 123 173 73 45 235 74 273 393 123 38 247 275 180 39 116 47 0 402 0 3 3 2 2 0 0 0 41 1 0 5 0 0 7 0 3 5 0 0 2 0 2 0 0 0 0 4 2 0 0 5 0 2 0 0 0 0 0 0 0 0 2 6 0 0 3 6 2 0 3 0 5 3 2 0 2 2 5 0 53 25 7 6 0 0 30 7 11 5 0 7 0 10 5 12 13 13 8 0 0 0 0 0 0 0 0 0 0 0 0 0 0 0 0 0 0 0 0 0 0 0 0 0 0 0 0 0 0 1 0 0 0 0 0 0 0 0 0 0 0 0 0 1 0 0 0 0 0 0 0 2 0 0 0 0 0 0 0 2 9 6 15 0 0 11 55 18 0 3 0 12 0 71 2 0 0 8 18 36 0 11 0 0 0 0 0 0 0 0 0 0 0 0 0 0 0 0 0 1 0 0 0 0 1 14 0 0 0 0 0 0 0 0 0 0 0 0 0 10 0 0 0 0 0 0 0 0 0 0 0 0 0 0 0 0 0 1 0 0 0 0 0 0 0 1 0 0 0 10 0 6 22 0 0 0 0 0 0 0 76 0 37 0 0 0 2 0 0 0 0 0 0 0 0 27 17 0 0 0 0 0 0 0 0 0 0 0 0 0 
 258 156 145 64 83 70 357 215 683 74 44 34 419 177 235 78 42 40 402 0 0 0 1 0 4 0 0 0 2 0 0 3 0 2 2 1 4 0 0 74 3 6 0 2 0 0 1 0 2 0 0 4 2 3 3 0 0 1 0 1 0 0 0 3 0 0 0 3 2 0 3 0 0 0 2 0 1 2 3 0 11 23 0 4 0 1 44 6 18 19 3 0 17 22 13 1 50 12 72 11 0 0 0 0 0 0 0 0 0 0 0 0 0 0 0 0 1 0 0 0 0 1 0 0 0 0 0 0 0 0 0 0 2 0 0 0 0 0 0 0 0 0 0 0 0 0 0 1 0 0 0 0 0 0 0 0 1 0 7 0 0 0 0 0 0 0 15 0 2 27 17 0 13 3 29 20 11 0 0 75 0 0 0 0 0 0 0 0 0 0 0 0 1 0 0 0 0 0 0 0 0 0 0 1 0 0 0 0 0 0 0 0 0 0 0 0 0 0 0 0 0 0 0 0 0 0 0 0 18 0 18 0 0 0 0 0 0 0 0 0 0 0 0 0 0 1 1 0 2 1 0 4 2 0 0 0 0 0 0 0 0 0 2 0 0 0 0 0 0 0 0 0 0 0 0 17 0 0 0 0 0 0 0 0 0 0 0 0 0 61 
 0 0 0 3 0 107 0 0 2 89 51 93 0 0 2 0 3 74 0 0 0 82 60 152 19 36 56 121 35 29 32 20 147 158 313 32 45 340 269 347 0 0 0 0 0 0 0 7 0 2 0 0 6 4 2 0 0 9 4 3 0 3 0 0 3 3 2 3 0 3 0 2 10 0 0 2 0 2 8 1 0 0 0 0 7 10 0 0 0 8 0 0 0 0 0 0 0 0 0 0 24 18 18 0 0 19 0 17 7 9 0 0 27 18 1 18 0 21 49 11 0 0 0 2 0 0 0 0 0 0 0 0 0 0 0 0 0 0 0 0 0 0 2 0 0 6 0 0 0 0 0 1 0 0 0 0 0 0 0 0 10 0 0 14 26 0 0 0 0 0 0 37 0 0 0 0 0 0 0 0 0 29 39 12 21 12 20 0 29 0 0 0 6 1 47 11 0 0 56 0 0 0 0 0 0 0 0 0 0 0 0 0 0 0 0 19 0 0 0 0 0 0 0 0 0 0 0 0 0 0 0 0 0 0 0 2 0 0 0 0 0 0 0 0 0 0 0 0 74 0 0 0 0 0 24 0 0 0 0 0 17 0 0 0 0 1 0 0 0 0 0 0 0 0 0 0 0 0 0 0 0 0 0 0 0 0 0 0 0 0 
 0 0 0 0 0 0 0 0 0 0 3 4 0 0 0 0 0 0 3 0 82 0 174 259 96 253 333 276 432 37 102 121 217 240 138 237 144 340 198 195 5 78 0 0 0 47 0 2 0 2 0 2 3 0 0 0 0 3 28 7 0 3 0 0 3 7 2 3 0 3 0 2 0 0 0 0 9 2 51 2 0 0 0 0 9 0 0 0 0 0 0 0 0 0 0 0 0 0 0 0 2 17 50 9 11 0 23 18 9 20 12 0 21 17 0 68 0 14 12 0 0 0 0 0 0 0 0 16 2 0 0 0 0 0 0 0 0 0 0 0 0 0 0 0 5 0 0 0 0 10 0 0 0 0 0 0 0 0 0 0 0 0 0 0 0 0 0 0 9 0 0 33 1 0 0 0 0 0 0 0 15 9 0 17 23 9 19 15 12 16 7 2 16 25 50 30 23 0 24 18 0 0 0 0 0 0 0 0 0 0 0 0 12 0 0 0 0 0 0 0 0 0 0 0 0 0 0 0 0 0 0 0 0 0 0 0 2 0 0 0 0 0 0 0 0 0 1 0 0 0 0 0 0 0 11 0 2 78 81 2 3 0 0 0 0 0 7 0 0 0 0 0 0 0 0 0 0 0 0 0 0 0 0 0 0 9 0 0 0 0 
 9 2 1 4 5 0 1 4 2 2 4 8 2 1 1 4 2 2 3 1 60 174 0 126 145 288 265 378 107 208 100 313 280 108 275 90 226 97 243 119 0 0 1 1 6 5 0 2 30 2 4 5 31 0 0 0 3 8 75 3 0 3 0 0 3 10 2 5 0 3 0 5 2 29 0 0 0 2 0 2 0 0 0 0 0 2 0 0 0 2 1 28 0 0 0 0 0 0 0 1 1 18 12 63 14 37 10 0 14 8 18 0 0 0 9 11 26 1 10 17 9 0 1 16 0 0 11 11 0 0 0 0 0 0 0 0 0 0 15 21 0 0 2 0 0 1 1 0 0 0 0 2 0 2 0 0 0 0 0 0 0 0 0 0 0 0 0 0 3 0 0 1 0 4 0 15 13 0 0 0 14 0 0 3 0 0 6 19 14 1 32 22 15 32 9 20 45 24 0 1 0 0 1 0 0 0 22 0 0 0 0 0 0 0 7 0 0 0 0 23 0 0 0 0 0 0 0 0 0 0 0 0 0 0 0 2 0 0 0 0 0 0 0 0 0 0 0 0 0 0 0 0 0 0 3 0 2 74 76 2 0 12 1 0 0 0 18 0 0 0 0 0 0 0 0 0 0 0 0 0 0 30 0 0 0 0 20 0 0 2 
 0 1 0 0 0 0 0 0 0 0 77 0 0 0 4 5 0 0 2 0 152 259 126 0 101 45 312 383 233 86 381 124 43 171 273 82 136 129 60 94 2 0 0 0 1 1 4 2 26 2 0 0 3 63 6 0 0 3 64 3 4 3 0 0 41 3 2 6 0 3 0 4 3 0 4 0 0 2 3 2 0 0 0 0 0 0 0 0 0 0 0 0 1 0 0 17 0 12 0 0 21 39 0 2 11 38 13 13 9 21 0 15 25 1 26 16 15 30 0 20 0 1 0 0 0 0 0 0 0 0 5 0 21 0 0 0 0 0 0 6 0 0 0 0 0 0 0 0 0 0 0 0 2 0 0 0 0 8 0 2 0 0 0 0 0 0 0 0 3 0 0 0 0 0 0 0 4 0 3 0 0 15 34 4 10 14 30 0 31 7 0 16 0 1 0 1 26 36 4 2 0 0 2 0 1 0 0 0 0 0 0 0 1 0 6 0 0 11 1 30 14 2 0 0 0 0 0 0 0 0 0 0 0 0 0 0 0 0 0 0 0 0 0 0 0 0 0 0 0 0 0 22 0 0 15 0 3 2 2 1 3 11 75 0 0 0 0 0 0 0 0 0 0 0 0 0 0 0 0 8 0 20 0 0 0 0 19 0 0 0 
 1 1 2 1 1 1 3 2 0 1 2 3 1 3 7 3 0 0 2 4 19 96 145 101 0 134 537 138 247 268 190 137 59 71 178 389 59 350 46 80 0 0 0 0 0 1 0 2 0 2 0 0 3 0 0 1 0 3 2 3 0 3 0 0 3 3 2 3 0 3 0 2 0 0 0 0 0 2 0 2 0 0 0 0 0 0 0 0 0 0 0 0 0 0 0 0 0 0 0 0 1 29 9 50 23 0 9 24 18 1 80 0 20 0 10 18 27 0 0 0 0 0 0 0 0 0 0 0 0 0 0 0 15 0 0 0 0 0 24 0 0 0 0 0 0 1 14 6 0 0 0 0 5 0 6 0 0 0 0 0 0 0 0 0 0 0 0 0 8 17 0 4 0 4 0 0 0 0 0 0 0 0 1 37 4 0 0 32 17 41 24 14 12 20 1 18 20 3 2 0 0 0 0 0 0 0 7 0 0 0 0 0 14 0 0 0 0 0 32 0 0 0 0 0 0 0 0 0 0 0 0 0 0 0 0 0 0 0 0 0 0 0 9 0 0 0 0 0 0 0 0 0 0 0 12 3 1 70 41 0 2 2 0 0 0 0 0 0 0 0 0 0 0 0 0 0 0 0 0 0 0 0 0 0 0 0 0 0 0 1 
 5 0 1 2 0 0 0 0 0 0 3 0 0 2 1 3 0 1 0 0 36 253 288 45 134 0 110 108 52 311 188 50 30 27 50 277 194 138 101 53 0 30 61 213 1 1 1 25 0 2 0 0 95 66 0 0 0 5 66 3 0 3 0 1 3 3 2 6 0 3 0 41 0 6 0 0 0 2 0 2 0 0 0 0 0 0 0 0 0 0 0 0 0 1 1 0 0 0 0 0 1 20 1 38 16 27 0 2 1 13 36 31 0 0 0 0 19 4 0 0 21 20 0 0 0 0 4 31 1 9 4 0 27 29 12 11 0 2 12 21 0 0 0 0 0 0 0 0 0 2 0 0 0 0 0 0 0 0 0 0 0 0 1 0 0 0 1 0 3 0 0 0 0 9 1 0 2 0 0 0 0 0 0 0 3 0 0 11 14 1 17 18 0 0 11 0 31 9 0 0 9 11 0 19 0 0 23 0 0 40 11 4 19 20 13 29 17 13 4 43 0 0 0 0 0 0 0 0 0 0 0 0 0 0 0 0 0 0 0 0 0 0 0 0 0 1 0 0 0 0 0 0 0 0 18 1 4 1 76 1 3 18 0 0 0 0 0 0 0 0 0 0 0 0 0 0 0 0 0 1 0 17 0 0 0 11 0 0 0 0 
 7 0 0 3 0 84 0 0 0 1 6 0 0 0 4 25 2 0 0 0 56 333 265 312 537 110 0 91 225 190 115 256 162 115 567 116 105 146 48 97 0 0 2 0 2 0 0 0 0 0 0 0 6 0 0 2 0 1 77 6 0 0 2 0 3 5 0 0 4 0 0 0 3 0 0 2 0 0 0 0 0 0 0 12 0 8 0 0 0 0 0 0 0 0 0 0 0 0 0 0 0 39 18 20 22 0 7 20 1 4 31 0 0 12 31 19 0 0 30 28 0 0 0 0 0 0 0 0 12 1 0 0 0 0 0 0 0 0 2 0 0 0 0 1 11 0 0 3 0 0 0 0 4 0 3 0 0 0 0 0 0 0 0 9 12 7 0 0 16 0 0 7 10 4 0 0 0 0 0 2 0 25 1 22 0 15 17 17 0 16 5 9 0 30 1 29 29 18 0 0 0 0 0 0 0 0 0 0 14 0 0 0 21 1 0 0 0 0 10 0 0 0 0 0 0 0 0 0 0 0 0 0 0 0 8 0 10 3 0 1 0 13 0 0 0 1 73 0 0 0 0 0 0 0 6 0 3 46 40 1 2 1 0 0 0 0 21 0 0 0 0 0 0 0 0 0 0 0 0 0 0 0 0 0 0 10 21 0 0 0 
 0 2 0 74 0 81 74 0 0 0 0 0 17 0 0 9 0 0 0 0 121 276 378 383 138 108 91 0 154 413 123 117 140 178 208 133 188 109 51 46 0 0 0 0 2 1 0 2 0 2 0 0 3 0 0 0 1 3 1 3 0 3 0 0 3 3 2 3 0 3 0 2 0 0 0 0 0 2 2 2 0 0 0 0 0 0 0 0 0 0 0 0 0 0 0 0 0 0 0 0 20 40 39 39 20 18 0 0 30 21 20 7 2 0 0 44 14 38 0 0 0 0 0 0 0 1 0 0 0 0 0 0 18 0 0 0 0 0 0 1 0 0 0 0 0 0 0 0 0 0 0 0 0 0 0 0 0 0 0 0 0 0 0 0 0 0 0 0 6 0 0 12 0 3 0 0 4 0 0 0 0 13 0 49 30 35 0 20 62 18 15 16 0 0 1 9 32 12 0 0 0 0 0 0 0 0 0 14 0 0 0 0 26 0 0 2 0 0 26 15 0 0 0 0 0 0 0 0 0 0 0 0 0 0 0 0 0 0 0 0 0 0 10 0 0 0 0 0 0 0 0 0 0 0 19 0 0 1 6 0 0 0 0 0 0 0 0 0 0 0 0 0 0 0 0 0 0 0 0 0 0 0 0 0 0 14 0 0 0 0 
 1 0 0 3 0 0 0 5 0 0 1 109 0 0 0 5 1 0 41 2 35 432 107 233 247 52 225 154 0 129 142 36 93 165 169 216 122 356 70 285 0 0 1 0 2 4 0 2 0 2 0 0 3 0 21 0 0 3 79 4 0 3 0 0 4 8 2 3 0 5 0 2 0 0 0 0 0 4 3 2 0 0 0 0 0 10 2 0 0 0 0 0 0 0 0 0 0 0 0 0 17 64 16 48 29 0 33 15 17 24 27 30 1 2 13 45 2 6 8 0 0 0 0 0 0 0 11 0 1 0 0 0 16 0 0 4 0 0 0 8 0 0 0 0 0 0 0 0 0 0 0 0 19 0 2 0 0 0 0 0 9 2 0 0 0 2 0 2 3 0 2 0 0 5 0 0 5 8 0 0 6 1 62 3 11 0 15 59 29 9 31 25 6 18 23 0 16 67 29 0 12 0 0 0 0 0 0 0 8 0 0 0 12 11 10 0 0 0 25 15 0 0 0 0 0 0 0 0 0 0 0 1 0 0 0 0 0 2 0 0 0 0 0 0 0 0 0 0 0 0 0 0 0 0 4 1 0 75 76 1 3 6 0 0 0 0 24 0 0 0 0 0 0 0 0 0 0 0 0 0 0 13 0 0 0 0 0 0 0 0 
 0 0 0 0 2 0 76 2 0 0 0 0 0 0 0 2 0 1 1 0 29 37 208 86 268 311 190 413 129 0 103 66 68 104 152 236 142 51 101 161 0 0 0 0 2 1 71 2 0 2 0 0 3 1 0 0 0 3 2 3 0 3 0 0 3 3 2 3 0 3 0 2 0 0 0 0 0 2 0 2 0 0 0 0 0 19 0 0 0 0 0 0 0 0 0 0 0 0 0 0 0 17 0 20 40 18 13 0 5 8 36 0 1 7 26 0 26 0 1 19 4 0 0 0 0 0 0 0 0 0 0 0 1 0 0 0 9 0 10 0 0 0 0 0 12 0 0 3 0 0 0 0 12 0 3 0 0 0 0 0 0 0 0 0 0 0 0 0 5 0 0 0 1 3 2 0 2 0 0 0 27 14 0 12 3 0 28 16 14 33 24 9 18 57 9 2 13 43 0 14 0 0 0 2 0 0 0 0 0 0 0 0 1 0 0 0 0 0 28 12 0 0 0 0 0 0 0 0 0 0 0 0 0 0 0 0 2 0 0 0 0 0 0 0 0 0 0 2 0 2 0 0 0 0 0 0 2 79 92 4 1 0 0 0 0 0 0 2 0 0 0 0 0 0 0 0 0 0 0 0 0 0 0 0 0 0 0 0 0 0 
 0 0 3 0 0 5 0 0 0 0 3 0 0 0 77 0 0 0 0 0 32 102 100 381 190 188 115 123 142 103 0 135 35 299 296 235 168 446 128 44 2 0 0 62 1 1 1 67 63 2 0 0 3 63 5 0 0 3 34 3 0 3 2 0 3 3 2 6 52 3 0 6 0 0 0 0 0 2 2 2 0 0 0 0 0 0 0 0 0 0 0 0 0 1 0 0 0 0 1 0 10 22 7 32 14 1 15 2 11 22 31 57 3 0 16 15 1 10 0 1 22 0 0 0 0 0 2 17 0 0 0 0 37 1 0 2 0 2 10 29 0 0 0 0 0 0 2 0 0 2 0 0 0 0 0 0 13 0 0 0 0 0 0 0 0 0 1 0 9 0 0 0 0 9 0 0 2 0 0 0 0 1 9 1 31 0 24 16 30 1 30 19 0 0 16 0 12 22 18 0 25 10 0 0 0 0 14 0 18 1 0 0 24 19 18 0 3 0 15 59 0 0 0 0 2 0 0 0 0 0 0 0 0 0 0 0 0 0 0 0 0 0 0 0 0 0 1 0 0 0 0 0 0 0 9 1 0 80 82 4 1 0 0 0 0 0 0 0 0 0 0 0 0 0 0 0 0 0 0 1 0 16 0 0 0 8 0 0 0 0 
 86 5 3 5 1 41 3 3 3 3 5 79 10 3 3 3 3 3 5 3 20 121 313 124 137 50 256 117 36 66 135 0 119 188 52 46 148 80 118 133 62 0 0 0 0 4 65 2 0 2 45 0 3 0 66 21 1 3 67 3 0 3 0 0 5 3 2 3 0 3 0 2 0 0 0 0 0 2 0 2 1 0 0 0 0 0 0 0 0 0 0 0 0 0 0 0 0 0 0 0 0 13 4 2 33 14 9 7 0 21 22 47 14 0 8 32 0 0 18 0 31 16 8 1 0 0 0 0 0 10 0 0 10 12 0 16 13 0 16 0 0 0 0 0 0 0 4 0 0 0 0 0 0 0 0 0 60 6 0 0 0 0 0 0 0 0 0 0 2 0 0 0 0 0 0 0 0 0 0 0 0 29 0 14 15 24 44 10 0 14 11 0 0 34 10 45 54 1 3 0 15 0 0 1 0 0 0 0 0 0 1 0 18 1 0 0 12 0 14 13 0 0 0 0 0 0 0 0 0 0 0 0 0 0 0 0 0 0 0 0 0 0 0 0 0 0 0 0 0 0 0 0 0 0 21 0 1 75 74 2 2 0 0 0 0 0 0 0 0 0 0 0 0 0 0 0 0 0 0 0 0 0 0 0 0 11 19 0 0 2 
 0 0 1 74 0 78 0 0 0 0 0 80 0 2 2 74 0 151 0 0 147 217 280 43 59 30 162 140 93 68 35 119 0 105 120 48 31 110 358 131 0 2 0 0 2 2 0 2 0 2 0 61 3 0 0 0 0 203 68 2 0 3 0 0 64 8 2 3 0 3 0 2 0 0 50 0 3 2 0 3 0 0 0 0 49 41 0 0 0 9 17 0 0 0 2 0 0 0 0 0 22 3 28 0 1 0 22 72 10 9 0 0 18 14 15 18 4 17 3 0 0 0 0 0 2 0 2 0 6 0 0 0 0 0 0 1 0 1 0 0 0 0 0 0 0 0 0 0 9 1 0 0 0 0 0 0 0 0 1 0 0 0 2 13 22 0 0 0 7 0 46 27 0 0 0 16 0 1 0 0 36 0 38 35 22 0 28 27 32 30 0 0 13 29 37 28 1 0 59 17 0 23 0 0 0 0 0 0 12 0 0 0 0 0 0 0 0 0 0 0 0 0 0 0 0 0 0 0 0 0 0 0 0 0 2 0 0 0 0 0 0 18 0 0 0 0 0 0 0 0 0 0 0 0 15 0 0 0 1 0 1 0 0 0 0 0 23 0 0 0 0 0 0 0 0 0 0 0 0 0 0 0 0 0 0 0 0 0 0 0 
 0 2 4 3 0 0 0 0 0 0 2 0 0 0 0 5 0 0 0 2 158 240 108 171 71 27 115 178 165 104 299 188 105 0 404 75 116 117 181 403 0 1 3 0 2 2 0 2 8 2 0 0 6 0 5 0 0 3 64 2 0 5 4 0 3 25 2 3 0 3 2 2 0 0 0 1 51 3 0 3 2 0 0 0 6 0 0 0 0 0 0 4 47 0 0 0 0 1 0 0 11 60 74 0 19 0 16 0 30 40 0 5 14 23 22 29 20 12 23 27 0 0 0 0 0 1 0 0 0 0 0 0 3 0 0 12 0 0 0 0 0 0 0 0 0 0 0 1 0 0 0 0 0 0 0 0 0 0 0 7 3 0 0 0 0 0 0 11 0 0 0 13 0 0 0 0 0 0 0 0 0 24 12 20 41 14 28 17 10 0 9 20 10 6 13 18 59 2 27 0 0 0 0 0 0 0 0 0 0 0 0 0 30 0 0 0 0 0 1 0 0 0 0 0 0 0 0 0 0 0 0 0 0 0 0 0 0 0 0 0 0 9 0 0 0 0 0 0 0 0 0 2 0 0 11 2 0 1 1 2 15 0 0 0 0 0 13 0 0 0 0 0 0 0 0 0 0 0 0 0 0 17 0 0 0 10 11 0 0 2 
 3 1 0 3 0 148 0 3 0 0 2 28 77 0 0 1 0 0 7 2 313 138 275 273 178 50 567 208 169 152 296 52 120 404 0 284 49 242 173 350 0 0 0 0 2 1 0 2 0 2 0 0 3 0 0 0 0 3 0 7 0 3 0 0 3 3 2 3 0 3 0 2 0 0 4 2 0 2 0 2 0 0 0 17 11 24 0 0 0 9 0 0 0 0 0 0 0 0 0 0 20 0 11 0 13 0 29 73 13 0 18 0 8 37 36 0 2 0 0 10 0 0 0 9 0 17 0 0 0 8 0 0 0 10 0 0 0 0 0 18 0 0 0 0 0 0 0 2 0 0 0 0 9 0 4 0 0 0 0 0 9 0 0 1 14 0 0 0 1 0 0 19 0 0 0 13 13 0 0 0 10 22 65 0 1 0 47 13 10 15 0 1 49 14 25 8 1 0 37 32 0 2 0 0 0 0 0 2 0 0 0 0 0 0 0 1 0 0 13 0 0 0 0 0 0 0 0 0 0 0 0 0 0 0 0 0 0 0 0 0 0 0 0 0 0 0 82 0 0 0 0 0 0 0 15 0 1 75 1 3 20 0 0 0 0 0 0 0 0 0 0 0 0 0 0 0 0 0 0 0 0 0 0 0 0 0 0 0 0 0 
 0 0 0 0 2 0 0 3 0 2 0 81 0 0 0 0 0 0 0 1 32 237 90 82 389 277 116 133 216 236 235 46 48 75 284 0 149 423 127 190 0 0 0 0 4 0 0 2 0 2 2 0 3 0 0 0 0 3 65 3 0 3 0 0 3 7 2 2 0 2 0 2 5 0 0 0 0 3 0 1 0 0 0 5 11 24 0 0 0 0 0 0 0 0 0 0 0 0 0 0 9 18 9 48 16 0 26 13 8 15 59 24 20 25 11 0 0 10 2 10 0 0 0 0 0 0 2 11 0 2 0 0 20 0 0 0 0 0 0 29 0 0 0 0 0 0 0 3 0 0 0 0 1 0 4 0 0 0 0 0 0 0 0 0 0 0 14 0 9 0 0 0 0 7 0 0 2 0 0 0 16 26 23 3 36 0 9 18 33 0 9 0 12 1 53 6 14 9 29 12 17 1 0 0 0 0 0 0 18 0 0 0 0 19 13 0 0 0 16 27 0 0 0 0 0 0 0 0 0 0 0 0 0 0 0 0 0 0 0 0 0 0 0 0 0 0 0 0 0 0 0 0 0 0 11 0 0 2 83 0 2 0 0 0 0 10 51 0 0 0 0 0 0 0 0 0 0 0 0 1 0 1 0 0 0 0 0 0 0 0 
 4 2 4 2 0 2 3 2 3 4 2 3 5 4 5 6 2 2 3 4 45 144 226 136 59 194 105 188 122 142 168 148 31 116 49 149 0 139 29 41 0 0 0 207 0 2 33 2 207 2 0 208 66 0 0 0 0 3 206 3 0 3 0 0 5 2 2 2 0 2 0 2 0 0 0 0 0 2 0 1 0 2 2 0 0 0 0 0 1 0 0 0 0 0 0 0 0 0 0 0 0 45 10 24 29 19 9 12 0 22 35 0 0 0 0 23 17 4 0 0 0 0 1 0 0 0 28 10 0 0 0 0 0 1 0 0 0 0 0 0 0 0 0 0 1 0 0 0 1 0 0 0 0 0 2 0 19 0 18 0 0 0 0 0 0 0 0 0 8 0 0 0 0 6 0 0 0 0 0 0 0 7 16 25 0 11 0 10 0 11 9 17 0 0 1 18 58 21 0 0 0 0 0 0 0 0 11 13 0 0 0 0 18 0 0 0 0 1 0 9 0 0 2 0 0 0 0 0 0 0 0 0 0 0 0 0 0 0 12 0 0 0 10 0 0 0 0 0 0 0 0 1 0 0 81 0 0 77 79 0 4 19 0 0 0 0 0 0 0 0 0 0 0 0 0 0 0 0 0 0 0 20 0 0 0 7 0 0 0 0 
 0 0 0 0 0 0 0 0 0 1 0 0 0 0 5 3 66 0 5 0 340 340 97 129 350 138 146 109 356 51 446 80 110 117 242 423 139 0 210 257 0 0 0 0 1 0 0 2 0 2 0 1 3 66 4 0 0 3 2 3 0 3 0 2 54 3 2 9 0 3 0 2 0 0 0 50 0 2 0 1 0 0 0 0 0 0 0 0 0 0 0 0 0 0 0 0 0 0 0 0 14 17 43 15 16 0 15 0 37 45 62 24 7 9 4 46 1 17 0 0 0 0 0 0 0 0 13 0 0 0 0 0 30 0 0 0 0 0 9 7 0 0 0 1 0 0 0 0 0 0 0 0 0 0 0 0 0 0 0 0 0 0 5 0 0 0 0 0 4 0 0 0 0 6 0 0 2 0 0 2 0 17 11 19 36 0 43 15 38 18 20 16 0 0 23 0 12 11 22 0 11 0 0 0 0 0 18 0 6 0 0 0 17 20 7 0 0 0 16 24 0 0 0 0 0 0 0 0 0 0 0 0 0 0 0 0 0 5 0 0 0 0 0 0 0 0 0 0 0 0 0 0 0 0 8 2 0 1 81 1 4 2 0 2 0 0 1 0 0 0 0 1 0 0 0 0 0 0 0 0 0 14 0 0 0 9 0 0 0 0 
 2 0 1 0 0 194 0 0 2 0 0 75 0 2 2 19 0 74 0 0 269 198 243 60 46 101 48 51 70 101 128 118 358 181 173 127 29 210 0 89 0 0 0 0 64 1 0 2 0 2 0 0 3 0 0 0 0 3 0 8 0 3 0 0 3 3 2 3 0 3 0 2 0 0 0 0 0 2 0 2 0 0 0 12 11 56 0 0 0 9 0 0 0 0 2 0 0 0 0 0 57 14 21 12 0 1 0 27 11 4 3 0 37 21 15 19 10 0 0 1 0 0 0 0 2 0 2 0 0 0 0 0 0 0 0 8 0 0 0 0 0 0 0 0 0 0 0 0 0 1 0 0 0 0 0 0 0 0 2 0 0 0 2 22 26 0 0 0 8 0 0 25 0 0 0 0 0 0 0 0 5 15 55 0 44 0 48 12 15 37 1 0 1 15 30 19 0 1 3 15 0 0 0 0 0 0 0 0 14 0 0 10 0 0 0 19 1 0 0 0 0 0 0 0 0 0 0 0 0 0 0 0 0 0 0 0 0 0 0 0 0 11 0 0 0 0 73 0 0 0 0 0 0 0 11 0 0 0 2 1 1 0 0 0 0 52 0 0 0 0 0 0 0 0 0 0 0 0 0 0 0 0 0 0 0 0 0 0 0 0 
 0 82 76 2 0 146 0 0 0 0 6 0 0 0 0 15 0 0 0 74 347 195 119 94 80 53 97 46 285 161 44 133 131 403 350 190 41 257 89 0 0 0 0 0 4 7 0 2 0 2 0 0 49 0 0 0 0 3 1 17 0 3 0 0 3 3 2 3 0 57 0 2 0 0 0 0 0 6 6 2 0 0 10 17 3 31 0 0 0 6 1 1 0 0 0 0 0 0 0 0 11 0 18 27 12 20 11 10 27 3 12 0 5 34 28 29 15 12 0 21 0 0 0 0 0 0 0 1 0 0 0 0 9 0 0 0 9 0 0 0 0 0 0 0 0 0 0 0 0 0 0 0 0 0 0 0 0 0 0 0 0 0 0 5 0 0 0 0 0 12 0 1 0 0 0 0 0 0 0 0 50 10 1 0 19 15 35 7 17 22 10 8 24 26 31 26 14 30 5 29 0 0 0 0 0 0 0 0 0 0 0 0 0 0 0 0 0 1 0 0 2 0 11 0 0 0 0 0 0 0 0 0 0 0 0 0 0 0 0 0 0 0 0 0 0 0 78 1 0 0 0 0 0 0 31 1 2 3 0 0 2 0 0 0 2 0 0 0 0 0 0 0 1 0 0 0 0 0 0 0 0 0 0 0 0 0 19 0 0 0 
 0 3 0 0 0 1 3 1 2 1 3 2 3 1 1 3 3 2 2 3 0 5 0 2 0 0 0 0 0 0 2 62 0 0 0 0 0 0 0 0 0 151 154 163 311 260 342 309 166 91 89 92 58 53 108 114 33 47 265 265 0 0 0 0 0 0 0 0 0 0 1 0 0 0 0 0 0 0 0 0 0 0 0 0 0 0 0 0 0 0 0 0 0 0 0 0 0 0 0 0 0 0 0 0 0 0 0 0 0 0 0 11 0 0 0 0 0 0 0 0 1 0 28 42 28 18 14 13 35 28 16 0 19 22 0 10 0 7 1 15 0 0 0 0 0 0 21 0 0 0 0 0 1 0 0 0 3 0 4 2 0 0 14 0 0 0 0 0 0 0 0 0 1 0 0 0 0 7 0 19 0 0 0 0 0 10 0 0 0 0 0 0 0 0 22 0 0 0 0 0 23 0 57 30 17 0 0 13 0 10 44 18 7 10 0 10 54 39 0 0 10 0 0 0 0 0 0 0 0 0 0 0 0 22 0 0 0 0 0 52 0 0 0 0 0 0 7 0 0 0 0 8 0 0 0 0 0 0 0 15 1 0 0 66 66 4 2 0 2 0 0 0 0 0 0 1 0 0 0 0 0 0 0 0 0 0 0 18 2 0 
 0 0 0 0 3 0 0 0 0 0 2 0 0 2 0 0 0 0 0 6 0 78 0 0 0 30 0 0 0 0 0 0 2 1 0 0 0 0 0 0 151 0 240 137 52 113 79 212 54 53 124 36 120 193 121 106 51 36 118 121 0 0 0 3 1 0 0 0 0 2 0 1 0 3 0 1 0 7 3 0 0 0 0 0 0 0 1 0 0 0 0 0 0 0 0 0 0 0 0 0 0 0 0 0 0 7 0 0 0 0 0 0 0 11 0 0 0 0 0 5 15 17 10 0 0 0 31 0 21 10 58 0 0 61 26 11 0 28 19 32 0 0 0 0 0 0 18 0 2 0 0 0 0 0 0 0 0 0 0 0 0 0 2 0 4 0 0 0 0 0 0 0 0 5 0 0 0 2 0 0 0 0 0 0 0 0 0 0 0 0 0 0 6 0 0 0 0 0 0 0 42 28 34 0 25 1 19 0 35 17 0 10 0 0 1 16 9 43 0 0 0 0 0 0 0 0 0 0 0 0 0 0 0 0 0 0 0 0 0 0 0 0 0 0 0 0 0 0 0 0 0 67 0 0 0 0 0 0 0 14 0 0 12 66 0 0 0 66 2 0 0 0 0 0 0 0 0 0 0 0 0 0 0 0 0 28 0 0 0 0 
 0 0 3 3 2 0 0 0 0 0 0 0 0 0 0 0 0 0 2 0 0 0 1 0 0 61 2 0 1 0 0 0 0 3 0 0 0 0 0 0 154 240 0 235 124 37 83 394 122 132 211 245 115 334 166 234 132 167 36 71 0 2 0 0 6 0 0 0 1 4 6 0 16 0 205 0 0 0 51 0 0 0 0 0 0 0 0 0 0 0 0 0 0 0 0 0 0 0 0 0 0 0 0 0 0 0 0 0 0 0 0 0 0 0 0 0 0 0 0 0 10 11 0 0 0 10 14 0 16 17 10 11 0 17 10 20 12 16 4 0 0 0 0 0 0 0 20 12 0 0 0 55 0 0 0 8 0 0 13 0 0 0 2 0 6 0 0 0 0 0 0 0 1 0 0 0 0 9 0 0 0 0 0 0 0 0 0 0 0 0 0 0 0 0 0 0 0 0 42 0 18 11 28 11 22 26 4 0 10 9 8 0 0 0 0 18 13 22 0 0 0 9 0 0 0 0 0 0 0 0 0 0 0 8 16 0 0 0 0 9 0 0 7 0 0 0 0 0 0 0 0 9 0 0 0 0 0 0 0 16 0 0 1 36 0 5 0 0 0 0 12 0 0 0 0 0 0 0 0 0 0 0 0 0 32 4 0 0 0 0 
 0 0 0 0 0 0 0 4 0 0 0 0 0 0 0 0 0 0 0 2 0 0 1 0 0 213 0 0 0 0 62 0 0 0 0 0 207 0 0 0 163 137 235 0 144 318 150 152 79 286 106 225 86 72 129 126 267 177 66 123 0 0 0 0 0 0 0 0 0 0 4 0 26 0 0 0 6 0 51 0 0 0 0 0 0 0 0 0 0 0 0 0 0 0 0 0 0 0 0 0 0 0 0 0 0 0 0 0 0 0 0 0 0 0 0 0 0 0 0 0 8 26 4 20 3 40 10 18 27 20 14 80 0 0 2 39 0 99 0 11 13 0 0 0 0 0 27 0 0 0 0 1 8 0 0 0 0 2 0 21 0 0 5 0 0 0 0 0 0 0 0 0 0 0 0 0 0 36 0 0 0 0 0 0 0 0 0 0 0 0 0 0 0 0 0 0 0 0 0 0 6 0 10 22 34 14 0 46 0 0 15 25 0 0 0 10 0 11 0 0 0 0 0 2 0 0 0 0 0 0 0 0 11 9 8 0 0 0 0 12 9 0 0 0 0 0 0 0 0 0 0 0 0 0 0 0 0 0 0 29 0 0 0 65 5 2 2 0 1 0 32 0 0 0 0 0 0 0 0 0 0 0 0 0 46 0 0 21 0 0 
 4 0 1 1 1 0 0 5 0 1 3 1 0 2 1 55 0 0 0 0 0 0 6 1 0 1 2 2 2 2 1 0 2 2 2 4 0 1 64 4 311 52 124 144 0 36 82 286 61 78 168 105 151 88 76 210 123 129 68 153 0 0 7 0 1 0 49 54 30 0 0 0 50 0 0 0 0 0 53 0 0 0 0 0 0 0 0 0 0 0 0 0 0 0 0 9 0 0 0 0 0 0 0 8 0 0 0 0 0 0 0 0 0 0 0 0 11 0 0 0 0 0 22 0 4 27 0 0 53 15 10 9 0 0 10 10 24 19 0 3 0 6 1 1 0 0 0 0 0 0 0 0 0 0 22 0 0 0 0 26 0 0 0 0 0 5 0 0 0 0 0 0 0 0 9 0 0 0 0 0 0 0 0 0 0 0 3 0 0 0 0 0 0 0 0 0 0 0 0 45 8 8 3 12 5 0 0 12 0 0 0 22 0 9 9 0 10 35 0 0 7 0 0 0 0 0 0 0 0 0 0 0 19 17 0 0 0 7 3 11 0 0 0 0 0 0 0 0 2 0 0 14 0 0 0 0 0 4 0 1 0 0 0 52 0 3 3 1 0 0 0 0 0 0 2 0 0 0 0 0 0 0 10 0 3 0 0 0 0 0 
 5 0 0 0 0 0 0 0 0 0 5 2 0 0 3 3 0 0 0 0 0 47 5 1 1 1 0 1 4 1 1 4 2 2 1 0 2 0 1 7 260 113 37 318 36 0 41 39 107 173 69 81 55 279 59 84 315 260 65 82 51 56 0 0 3 0 0 0 0 1 6 0 0 0 3 0 8 0 51 262 0 0 0 0 0 0 0 0 0 0 0 0 0 0 0 0 0 0 0 0 0 0 0 0 0 8 0 0 0 0 0 0 0 0 0 0 0 1 0 0 7 8 0 9 12 8 0 23 17 6 14 1 0 0 22 5 13 1 0 0 12 21 0 0 0 0 24 1 11 0 0 0 1 1 0 15 0 9 37 38 0 0 0 0 0 0 5 0 0 0 0 0 0 0 0 0 0 0 0 0 0 0 19 0 0 5 0 0 0 2 0 0 0 0 0 0 0 0 0 0 0 0 10 1 12 16 0 10 8 0 8 44 0 0 0 8 0 12 3 2 7 32 0 12 0 0 32 0 0 0 0 0 41 1 0 0 0 0 44 0 19 0 0 0 0 0 0 0 0 0 0 55 0 1 0 0 0 0 0 1 0 26 2 0 1 0 5 0 0 0 0 0 0 0 0 0 0 0 0 0 0 0 0 0 0 3 0 0 0 0 
 0 1 0 0 0 0 4 0 0 0 2 3 2 29 0 2 1 0 0 1 0 0 0 4 0 1 0 0 0 71 1 65 0 0 0 0 33 0 0 0 342 79 83 150 82 41 0 157 161 182 27 29 142 294 116 136 257 312 223 507 0 0 0 0 0 0 0 0 0 0 0 0 0 0 0 0 0 0 2 0 0 0 0 0 0 0 0 0 0 0 0 0 0 0 0 0 0 0 0 0 0 1 0 0 5 5 0 0 0 0 0 12 0 0 0 0 0 0 0 0 12 12 18 24 31 9 1 14 21 1 15 11 13 15 13 14 24 11 6 0 0 0 0 0 0 0 8 0 0 0 0 0 0 0 0 0 3 0 0 2 0 0 0 0 0 0 0 0 0 0 0 0 0 0 0 0 0 0 0 0 0 0 0 1 0 10 0 0 0 7 0 19 0 0 0 0 1 0 0 0 4 0 1 15 0 0 1 26 0 30 13 11 16 24 15 0 33 16 1 1 18 0 0 0 0 0 0 0 0 0 0 0 0 0 0 0 0 0 0 11 0 0 1 0 0 0 0 0 0 0 0 4 0 0 0 0 0 0 0 2 0 0 0 0 40 1 0 4 2 0 0 0 0 0 0 0 0 0 0 0 0 0 0 0 10 0 0 14 1 0 
 0 0 0 0 4 3 0 4 2 7 0 0 0 6 10 2 4 0 4 0 7 2 2 2 2 25 0 2 2 2 67 2 2 2 2 2 2 2 2 2 309 212 394 152 286 39 157 0 352 320 80 132 334 173 163 161 59 36 100 335 0 0 0 1 1 0 0 3 0 0 0 8 0 10 0 0 0 0 0 0 4 0 17 0 0 0 0 0 1 0 0 0 0 0 0 10 4 13 0 0 0 0 0 0 0 0 0 0 0 0 0 8 0 0 0 0 0 0 5 0 39 3 27 17 7 23 2 43 0 11 7 0 21 20 1 10 0 11 0 10 0 0 0 0 0 0 43 0 0 0 0 0 11 0 0 0 0 0 0 2 9 0 8 0 3 6 0 4 0 2 0 0 2 6 2 7 0 6 0 0 0 0 0 0 3 12 0 0 0 0 0 0 0 0 0 15 0 0 0 0 10 22 23 0 65 0 0 1 15 37 9 24 18 16 0 9 0 12 0 0 0 0 10 0 0 0 1 0 0 0 0 0 0 16 0 0 0 0 2 10 0 0 0 0 0 0 0 0 0 0 0 5 0 2 0 0 0 0 0 0 0 0 72 65 66 4 0 0 0 0 0 0 0 14 0 0 0 0 0 0 0 0 0 0 0 7 0 14 1 0 
 2 2 6 2 0 2 2 2 2 2 72 2 3 2 10 6 2 2 2 2 0 0 30 26 0 0 0 0 0 0 63 0 0 8 0 0 207 0 0 0 166 54 122 79 61 107 161 352 0 197 54 18 209 313 311 171 45 172 70 198 0 0 0 0 1 0 0 0 0 0 0 0 4 0 0 0 0 0 4 0 0 0 0 0 0 0 0 0 0 0 0 0 0 0 0 0 0 14 0 0 0 0 0 0 0 0 0 0 0 0 0 0 0 0 0 0 0 0 0 0 9 16 6 28 9 8 0 7 13 0 30 14 9 20 15 48 19 13 28 15 0 0 0 0 0 0 1 6 0 0 0 0 12 41 0 0 2 1 20 8 0 0 0 0 22 0 4 0 0 0 0 0 5 0 0 0 0 0 1 0 0 0 0 0 0 24 0 0 0 0 0 0 0 0 0 0 0 0 0 0 17 9 0 16 0 13 18 53 0 21 0 14 8 16 9 0 33 10 0 0 7 11 0 0 0 0 14 0 0 0 0 0 10 0 0 0 0 0 9 11 0 0 0 0 0 0 0 0 0 0 0 9 0 1 0 1 0 0 0 0 0 0 2 0 1 2 0 1 1 0 0 0 0 0 0 0 0 0 0 0 0 0 0 0 9 0 0 0 2 0 
 0 0 0 3 2 0 0 3 0 0 0 0 0 1 0 0 0 0 0 0 2 2 2 2 2 2 0 2 2 2 2 2 2 2 2 2 2 2 2 2 91 53 132 286 78 173 182 320 197 0 75 80 282 82 494 179 131 351 65 143 0 0 0 0 15 2 1 0 0 5 8 0 52 0 0 0 35 0 0 52 21 0 0 0 0 0 0 0 0 0 0 0 0 18 0 0 0 0 24 0 0 0 0 0 0 0 0 0 0 0 20 0 0 0 0 0 0 0 0 0 15 4 7 46 6 32 0 14 18 1 45 19 8 27 14 13 14 13 0 62 5 0 0 0 0 4 27 0 19 0 0 0 0 20 0 7 0 7 62 26 0 0 0 0 0 3 7 0 0 0 0 0 0 0 0 0 0 0 0 0 0 0 0 0 0 15 0 0 0 0 0 0 0 0 0 0 0 0 0 0 40 15 0 11 20 21 0 19 0 21 18 19 2 15 0 0 14 0 0 0 2 43 0 7 4 0 1 0 0 0 0 9 13 0 0 0 19 0 0 1 3 0 0 0 0 0 0 0 0 0 0 7 0 0 0 0 0 0 0 9 0 0 4 0 72 0 1 0 3 0 7 0 0 0 0 9 0 0 0 0 0 0 0 0 20 12 0 23 0 0 
 0 0 0 0 0 0 70 3 0 0 0 3 0 0 0 0 0 0 0 0 0 0 4 0 0 0 0 0 0 0 0 45 0 0 0 2 0 0 0 0 89 124 211 106 168 69 27 80 54 75 0 109 43 36 169 238 200 225 38 47 52 0 0 2 0 0 2 7 3 28 2 0 9 0 2 0 3 2 71 0 0 0 0 0 0 0 0 0 0 0 0 0 0 0 0 0 0 0 0 0 0 0 0 0 27 0 0 0 0 0 0 0 0 0 0 0 0 0 0 0 11 0 0 9 6 29 0 0 10 16 24 11 0 0 0 0 0 35 0 0 0 1 0 2 0 0 19 29 32 0 0 2 14 5 0 0 0 0 23 21 0 0 0 0 4 0 0 0 0 0 0 0 4 0 0 0 0 0 0 0 0 0 0 3 0 0 0 0 0 0 0 0 0 0 0 0 0 0 0 0 0 0 32 30 15 17 0 0 5 0 9 25 0 0 0 8 11 28 0 0 7 10 0 0 0 0 43 0 0 0 0 0 0 11 9 0 0 0 2 35 0 0 13 0 0 0 0 0 0 0 0 1 0 2 0 0 0 0 0 0 0 0 0 72 4 0 3 0 0 0 9 0 0 0 0 0 0 0 0 0 0 0 0 0 47 0 0 0 1 0 
 3 3 3 3 2 3 66 3 3 3 3 3 3 3 3 3 3 3 5 4 0 2 5 0 0 0 0 0 0 0 0 0 61 0 0 0 208 1 0 0 92 36 245 225 105 81 29 132 18 80 109 0 38 92 67 87 86 97 84 41 79 52 2 0 0 0 6 57 2 0 0 0 50 0 5 7 0 2 0 106 0 0 0 0 0 0 0 0 0 0 0 0 0 0 0 0 0 0 0 0 0 0 0 0 0 0 0 0 0 0 0 0 0 0 0 0 0 0 0 0 9 1 0 0 20 7 15 0 6 0 23 13 0 0 0 1 0 1 0 0 2 24 0 0 10 0 30 0 0 0 0 5 8 14 4 2 1 13 0 29 0 0 10 0 4 0 0 0 0 1 0 0 0 0 0 12 0 3 0 0 0 0 0 0 0 1 0 0 0 0 0 0 0 0 0 0 0 0 0 0 38 0 20 0 40 17 1 0 9 0 0 0 0 0 0 2 0 20 0 0 4 32 9 8 0 0 41 14 32 20 1 0 0 2 1 19 17 0 20 5 2 0 0 0 0 0 0 0 0 0 0 11 0 0 0 0 0 0 0 24 0 0 0 32 0 1 0 0 0 0 0 0 0 0 0 0 0 0 0 0 0 0 0 0 0 0 0 0 0 0 
 0 0 3 0 0 3 0 0 0 0 2 0 0 4 3 0 0 0 0 2 6 3 31 3 3 95 6 3 3 3 3 3 3 6 3 3 66 3 3 49 58 120 115 86 151 55 142 334 209 282 43 38 0 291 59 47 39 49 259 118 2 0 0 3 3 1 0 3 0 50 0 2 3 5 2 0 1 0 0 0 0 0 0 0 0 0 0 0 0 0 0 0 0 0 0 0 0 0 0 0 0 0 0 19 0 18 0 0 0 0 0 2 0 0 0 0 18 0 0 0 1 19 78 0 0 0 23 16 34 10 0 17 0 62 21 28 18 16 36 26 0 0 0 0 0 0 0 0 0 0 0 0 0 0 0 0 0 0 0 0 0 0 0 0 0 0 0 0 0 13 0 0 0 0 0 0 0 0 0 0 0 0 0 0 7 1 0 0 0 0 7 33 0 0 18 0 17 0 0 0 13 32 5 1 8 0 31 4 11 49 1 10 12 7 17 15 13 7 0 11 0 0 0 0 0 0 0 0 0 0 0 0 5 0 0 0 0 0 4 0 0 0 0 0 0 0 0 0 0 0 0 8 0 0 0 0 0 0 0 0 0 20 2 0 3 6 0 64 0 0 0 0 0 0 0 0 0 11 0 0 0 19 6 0 0 0 0 0 0 0 
 8 3 2 6 4 4 3 6 6 8 6 6 3 2 6 5 3 3 2 3 4 0 0 63 0 66 0 0 0 1 63 0 0 0 0 0 0 66 0 0 53 193 334 72 88 279 294 173 313 82 36 92 291 0 367 55 43 48 110 334 0 0 0 1 2 0 0 2 0 0 0 2 0 0 0 0 0 0 0 0 0 0 0 0 0 1 0 0 5 0 1 0 0 0 0 9 3 12 0 28 0 0 0 0 1 8 0 0 0 0 11 7 0 0 0 0 0 1 5 0 6 6 0 0 0 0 0 1 19 0 0 0 8 0 11 3 10 10 7 0 0 0 0 0 0 0 49 0 1 0 0 0 10 0 0 0 0 0 0 0 0 0 3 0 5 8 0 0 1 5 1 0 5 0 5 6 0 0 0 0 0 0 0 12 0 0 0 0 1 12 0 0 0 0 0 0 0 1 0 0 0 9 29 0 39 0 4 14 11 0 6 18 0 0 0 26 0 36 0 17 0 0 0 0 0 0 0 0 0 0 0 0 25 0 0 0 0 0 10 0 0 0 0 0 0 0 0 0 0 0 0 0 0 1 0 0 0 53 0 1 0 0 2 65 1 2 0 0 1 0 0 0 0 0 0 0 0 0 0 13 0 0 0 0 0 7 0 0 2 0 
 0 0 0 0 0 0 0 0 0 0 0 0 0 0 0 2 0 0 0 3 2 0 0 6 0 0 0 0 21 0 5 66 0 5 0 0 0 4 0 0 108 121 166 129 76 59 116 163 311 494 169 67 59 367 0 344 44 159 84 109 0 0 0 0 0 0 0 0 0 5 7 0 0 0 0 0 1 0 1 0 0 0 0 0 1 0 0 0 0 0 0 0 0 0 0 0 0 0 0 0 6 7 3 1 0 0 3 0 1 3 0 20 0 0 5 17 23 0 0 0 35 20 22 12 47 16 0 22 28 0 13 8 14 22 10 13 12 10 6 0 0 0 0 0 0 0 37 18 0 0 0 0 14 0 0 6 3 0 28 4 0 0 0 0 1 0 0 0 0 0 0 0 3 0 0 0 0 0 0 0 1 0 7 0 0 12 3 11 0 0 3 9 0 0 0 0 0 8 6 0 8 0 13 10 0 1 1 29 12 35 15 35 9 37 0 0 40 14 0 0 11 7 0 0 0 0 10 0 0 0 0 0 0 30 0 0 0 0 22 3 0 0 16 0 0 0 0 0 0 0 0 16 0 0 0 0 0 0 0 0 0 0 1 1 64 0 0 0 0 0 0 0 0 0 0 0 0 0 0 0 0 3 0 0 4 0 0 12 0 0 
 0 0 0 0 0 35 0 1 0 0 0 0 0 0 2 0 0 0 0 0 0 0 0 0 1 0 2 0 0 0 0 21 0 0 0 0 0 0 0 0 114 106 234 126 210 84 136 161 171 179 238 87 47 55 344 0 152 40 64 126 0 0 0 0 1 0 0 0 0 3 0 0 8 0 0 0 0 0 5 0 0 0 0 0 0 0 0 0 0 0 0 0 0 0 0 0 0 0 0 0 0 0 0 0 0 0 0 0 0 0 0 0 1 0 0 0 0 0 0 0 11 17 10 38 20 44 0 24 37 10 12 28 0 0 0 1 10 28 0 0 0 0 0 2 0 0 52 25 0 0 0 0 9 2 0 0 0 0 6 8 0 0 0 0 5 0 0 0 0 0 0 0 5 0 0 0 0 1 0 0 0 0 0 0 0 0 0 0 0 0 0 0 0 0 0 1 1 0 2 0 0 0 26 28 13 1 0 48 3 0 13 59 0 0 0 43 22 37 0 0 3 0 0 0 0 0 3 0 0 0 0 0 17 14 0 0 0 0 0 10 0 0 2 0 0 0 0 0 0 0 0 8 0 0 0 0 0 0 0 0 0 0 0 64 4 0 4 0 0 0 0 0 0 0 0 0 0 0 0 0 0 0 6 0 23 12 0 23 0 0 
 0 0 2 2 0 0 0 2 0 0 0 0 0 0 0 0 0 0 0 0 0 0 3 0 0 0 0 1 0 0 0 1 0 0 0 0 0 0 0 0 33 51 132 267 123 315 257 59 45 131 200 86 39 43 44 152 0 443 43 50 0 0 0 0 3 0 0 3 0 0 4 0 1 0 0 0 5 0 78 3 0 0 0 0 0 0 0 0 0 0 0 0 0 0 0 0 0 0 0 0 0 0 0 0 0 11 0 0 0 0 0 0 5 0 0 0 0 0 0 0 0 20 12 0 11 14 0 9 17 48 0 26 0 0 11 7 10 13 21 16 13 0 0 0 0 0 7 0 19 0 0 2 19 5 0 6 9 9 11 10 0 0 7 0 0 0 0 0 0 0 0 0 0 0 0 0 0 2 0 0 0 0 0 0 0 19 0 13 0 1 0 0 0 0 0 0 0 0 0 0 6 25 15 19 11 42 20 3 0 0 25 0 0 0 0 1 30 1 2 0 0 7 0 7 0 24 0 2 0 0 0 0 14 10 13 0 0 0 0 31 11 0 0 0 0 0 0 0 0 0 0 9 0 0 0 0 0 0 0 9 0 0 1 0 1 11 1 0 0 0 8 0 0 0 0 0 0 0 0 0 0 0 1 13 22 12 0 0 0 0 
 0 0 0 3 0 2 0 0 0 0 65 0 0 0 0 0 2 0 0 1 9 3 8 3 3 5 1 3 3 3 3 3 203 3 3 3 3 3 3 3 47 36 167 177 129 260 312 36 172 351 225 97 49 48 159 40 443 0 47 97 51 0 0 0 4 0 0 0 3 0 0 0 0 0 0 0 0 0 0 0 0 0 0 0 0 0 9 0 0 0 0 0 0 0 0 0 0 0 0 0 0 0 0 0 0 0 0 0 0 0 0 0 0 0 0 0 0 0 0 0 0 0 1 9 32 10 0 0 45 11 22 8 0 0 0 1 10 7 0 0 0 0 0 0 0 0 0 0 7 0 0 0 15 0 0 0 0 0 14 9 0 0 0 0 0 0 18 0 0 0 0 0 0 0 0 0 0 0 0 0 0 0 0 0 0 0 0 0 0 0 0 0 0 0 0 0 0 0 0 0 0 0 13 38 0 7 0 15 0 0 14 23 0 0 0 0 26 13 0 0 30 22 0 0 0 0 18 0 0 0 0 0 31 35 0 0 0 0 11 64 0 0 0 0 0 0 0 0 0 0 0 0 0 0 0 0 0 0 0 7 0 14 3 0 0 6 2 0 3 0 0 0 0 0 0 0 0 0 0 0 0 0 0 0 0 12 0 0 0 1 
 0 0 2 0 0 1 0 0 0 0 0 0 0 0 0 0 0 0 0 0 4 28 75 64 2 66 77 1 79 2 34 67 68 64 0 65 206 2 0 1 265 118 36 66 68 65 223 100 70 65 38 84 259 110 84 64 43 47 0 164 0 0 0 0 0 4 0 0 0 0 0 0 11 0 0 0 0 0 6 22 0 0 0 0 0 0 0 0 0 0 0 0 0 0 0 0 0 0 0 0 0 0 3 48 0 1 19 9 16 0 0 21 0 9 0 0 0 0 21 0 20 0 1 53 0 7 0 0 0 0 0 0 8 0 0 0 0 0 34 0 0 8 0 4 0 0 7 24 0 0 0 0 0 3 0 0 12 0 7 10 0 0 0 0 0 0 0 0 0 0 0 0 0 0 0 0 0 0 0 0 12 0 19 0 10 0 12 1 0 0 11 22 8 20 0 14 0 0 17 0 0 27 0 0 0 0 6 0 0 21 0 7 11 0 38 15 0 24 0 35 0 0 0 0 0 0 5 0 0 0 0 0 5 0 0 0 0 0 0 0 0 0 0 0 0 0 0 0 0 0 0 4 0 0 0 0 0 2 0 0 0 0 0 0 1 4 27 0 0 0 0 0 0 0 0 0 0 0 0 14 0 10 6 0 8 0 0 0 0 7 
 0 0 0 3 0 5 0 0 0 0 0 0 0 0 0 4 0 0 0 1 3 7 3 3 3 3 6 3 4 3 3 3 2 2 7 3 3 3 8 17 265 121 71 123 153 82 507 335 198 143 47 41 118 334 109 126 50 97 164 0 0 0 0 0 2 52 0 5 0 0 0 0 0 0 0 0 0 0 0 0 0 0 0 10 0 4 0 34 0 0 0 0 0 0 0 0 0 0 0 0 0 0 0 0 0 0 0 3 0 0 0 0 0 7 0 0 0 0 0 0 38 27 17 4 28 10 4 10 12 15 19 4 0 29 43 18 32 6 1 30 0 0 0 0 0 0 9 0 10 0 0 0 2 0 0 0 0 0 0 2 0 0 0 7 0 0 0 0 4 0 0 0 0 0 0 0 0 0 0 0 0 0 0 0 0 2 0 0 0 0 0 23 10 0 8 4 0 0 0 1 0 11 23 15 15 0 3 15 1 22 24 30 4 10 17 1 1 26 1 0 0 0 7 0 0 0 0 0 0 0 0 0 0 0 0 0 0 0 0 10 0 5 0 0 0 0 7 0 0 0 0 8 0 0 0 0 0 0 0 0 0 0 38 0 67 0 0 64 0 0 0 0 0 0 0 0 0 0 0 0 0 0 0 0 6 0 0 10 2 0 
 0 0 0 0 0 0 0 0 2 0 0 0 0 0 4 6 0 0 0 0 0 0 0 4 0 0 0 0 0 0 0 0 0 0 0 0 0 0 0 0 0 0 0 0 0 51 0 0 0 0 52 79 2 0 0 0 0 51 0 0 0 174 100 37 85 34 55 134 48 97 251 31 105 123 75 27 46 73 57 39 0 0 0 0 0 0 0 0 0 0 0 0 0 0 0 0 0 0 0 0 0 0 0 0 0 0 0 0 0 0 0 0 0 0 0 0 0 0 0 0 0 0 0 0 21 2 0 0 0 0 17 0 0 0 0 0 21 0 0 0 23 30 8 0 4 26 0 14 25 25 8 8 8 0 0 0 14 14 9 20 0 0 0 0 0 0 0 0 0 0 0 0 0 0 0 0 0 0 0 0 0 0 0 0 0 0 0 0 0 0 0 0 0 0 0 0 0 0 3 0 8 0 0 0 16 7 0 0 0 0 0 0 0 0 0 0 0 0 0 0 0 7 44 12 4 0 56 10 27 10 14 0 0 20 1 9 27 21 7 7 0 0 0 9 0 0 0 0 0 0 0 0 73 0 5 0 0 0 0 0 0 0 0 0 0 1 0 0 0 0 1 0 1 1 1 0 0 0 0 0 0 0 0 0 1 2 0 0 0 0 
