 0 419 182 28 30 27 474 266 184 242 114 31 139 57 203 38 210 151 252 41 0 0 0 0 2 3 1 0 2 0 2 0 0 0 0 0 2 0 0 0 0 0 0 1 4 0 0 0 0 1 2 0 2 0 3 3 2 0 2 0 0 50 0 3 2 0 2 0 0 3 0 3 3 0 0 0 2 7 0 0 31 21 11 16 0 0 78 7 17 50 12 20 27 16 32 14 16 6 16 1 2 11 0 0 0 0 22 0 0 0 0 0 0 0 0 0 0 0 17 0 1 0 0 0 0 0 0 0 0 2 0 0 0 1 1 0 0 0 0 0 0 0 0 0 0 2 0 1 0 0 2 0 0 0 11 0 0 0 0 0 34 25 9 17 11 0 0 0 27 14 1 2 11 33 0 0 32 12 13 0 0 0 0 0 0 9 0 0 0 0 0 0 40 0 0 0 0 0 0 0 0 0 0 0 0 0 0 0 0 0 0 0 0 0 0 0 0 0 0 0 0 0 0 0 0 0 0 0 0 0 0 0 0 0 0 0 0 0 0 0 0 0 0 0 0 0 0 0 0 2 0 6 0 0 0 0 0 0 0 0 0 0 0 0 0 0 0 0 0 0 0 0 0 0 0 0 0 0 0 0 0 0 0 0 0 0 0 0 0 0 
 419 0 232 83 29 43 201 263 236 243 25 298 200 301 138 94 299 199 272 240 0 0 0 0 2 2 0 0 73 0 0 0 0 0 0 0 0 0 37 0 0 0 0 0 0 0 0 0 0 1 2 0 13 0 3 0 2 0 2 5 0 0 0 2 2 0 0 0 0 3 0 7 3 0 0 0 2 4 0 0 39 29 33 10 0 7 0 23 50 32 1 0 14 0 0 1 0 13 24 0 36 0 0 13 0 0 0 0 0 0 0 0 14 16 0 0 0 0 0 8 0 0 0 0 0 0 0 0 0 0 0 0 0 0 0 0 0 0 0 0 0 0 0 0 1 0 0 0 2 0 0 1 0 0 0 0 0 13 0 3 0 6 39 17 15 45 9 15 5 0 13 0 10 0 0 23 16 27 4 0 0 0 0 0 0 0 19 0 0 22 0 0 0 0 0 0 0 0 0 0 2 0 0 2 0 0 0 0 0 0 0 0 0 0 1 0 0 0 0 1 1 0 0 0 0 0 1 0 0 0 0 0 0 0 0 0 0 0 0 0 0 0 0 0 0 0 0 4 0 0 2 5 0 0 2 0 0 0 0 0 0 0 0 0 0 0 0 0 0 0 0 0 0 0 0 0 15 0 0 0 0 0 0 0 0 1 0 0 0 0 
 182 232 0 92 140 63 447 242 274 193 253 38 304 306 212 113 238 126 206 136 0 0 0 2 4 3 0 0 4 2 0 0 0 0 0 2 0 1 1 0 0 0 0 0 0 1 0 0 0 0 3 0 0 0 3 0 0 0 3 5 0 0 0 3 2 1 0 0 1 3 0 3 3 0 0 0 3 3 0 0 29 10 36 2 24 22 0 35 29 0 17 16 0 0 1 23 31 30 26 0 0 0 0 0 0 0 0 0 0 0 0 0 14 15 0 2 0 0 0 6 0 0 0 0 0 0 0 2 0 0 0 0 0 0 0 0 0 0 0 0 0 0 0 0 26 0 0 0 0 0 0 0 0 0 0 12 0 0 0 4 0 0 36 10 15 17 0 37 36 11 18 2 9 10 8 13 31 1 33 0 0 0 0 0 0 0 0 0 23 0 0 0 0 0 0 0 0 0 0 0 0 0 0 0 0 0 0 0 0 0 0 0 0 0 0 0 0 0 0 0 0 0 0 0 0 0 0 0 0 0 0 0 0 0 0 0 0 0 0 0 0 0 0 0 0 0 0 0 0 2 19 10 0 0 0 0 0 0 0 0 0 0 0 0 0 0 0 0 0 0 0 0 0 2 0 52 0 0 0 0 0 0 0 0 15 0 0 0 0 0 
 28 83 92 0 179 117 118 182 227 209 249 385 260 315 61 110 374 354 295 159 1 0 0 1 2 3 0 0 1 2 73 2 106 2 0 1 0 2 74 0 2 0 0 1 0 0 0 0 64 0 3 0 0 0 3 0 2 2 3 0 0 0 0 3 5 0 0 0 0 3 0 3 3 0 0 0 3 0 0 0 16 40 13 21 52 1 11 13 28 0 0 27 7 20 10 39 38 38 0 0 7 1 0 0 0 0 41 0 7 0 0 1 0 5 0 0 0 1 0 0 0 0 0 0 0 0 12 0 0 0 0 0 0 0 0 0 12 0 0 0 0 13 0 0 0 0 0 0 0 0 0 0 0 0 0 12 0 0 1 0 0 23 0 24 26 11 16 14 18 5 25 52 0 0 42 4 2 24 0 0 0 10 0 0 0 1 2 0 0 29 0 12 15 1 0 0 0 0 18 2 0 0 0 0 0 0 0 0 0 0 0 0 0 0 0 0 0 2 0 0 0 0 0 0 0 0 0 0 0 0 0 0 0 0 0 2 0 2 0 0 0 16 0 0 0 4 69 2 3 0 1 8 0 2 0 0 0 0 0 0 0 0 0 0 0 0 2 0 0 0 0 0 0 8 0 12 6 0 0 0 0 0 0 0 0 0 0 0 0 0 
 30 29 140 179 0 86 54 67 76 168 160 141 99 172 97 164 54 47 63 117 17 40 0 5 2 1 0 20 2 0 0 3 0 27 153 0 3 0 43 3 0 0 3 4 61 0 34 0 0 3 2 0 0 0 3 0 0 0 2 0 0 0 0 0 3 0 29 0 0 2 0 3 3 1 1 0 0 0 2 0 0 12 0 18 1 13 0 0 0 0 12 14 0 0 0 1 12 16 0 0 0 0 10 0 0 0 14 0 1 0 0 0 0 0 22 10 19 6 0 25 0 0 0 0 0 0 2 0 0 0 0 0 0 0 0 0 0 0 0 0 0 0 0 0 0 0 0 0 0 0 0 0 0 0 0 0 0 0 0 2 0 11 27 24 0 29 0 0 8 0 9 0 0 0 10 0 11 10 0 11 0 0 14 0 0 0 10 1 0 0 43 0 14 34 13 15 11 20 6 13 0 0 0 0 0 0 0 0 0 0 0 0 0 0 0 0 0 0 0 0 0 0 0 0 0 0 0 0 0 0 1 0 0 0 0 0 0 0 0 0 0 13 0 0 0 1 0 0 0 87 2 6 0 0 0 0 0 0 0 0 0 0 0 0 0 0 0 0 0 0 0 0 0 0 0 13 0 1 0 0 0 0 0 0 0 0 0 0 0 0 
 27 43 63 117 86 0 125 56 40 324 144 389 53 30 236 156 103 41 350 335 77 3 0 74 2 3 0 2 96 38 0 0 85 74 156 1 0 60 115 119 0 0 0 0 0 0 0 0 0 0 3 0 0 0 3 0 0 0 3 0 0 0 0 3 2 0 0 0 0 3 0 3 3 0 0 0 3 0 23 0 0 34 0 6 25 1 17 10 0 8 17 15 0 15 0 0 0 0 0 0 39 37 0 32 16 0 0 0 9 0 0 0 30 16 19 0 17 0 27 24 0 0 0 0 0 0 0 0 0 0 0 0 0 0 0 0 16 0 0 0 9 0 3 0 2 12 0 0 2 0 0 1 0 0 0 0 0 0 0 0 0 9 14 7 9 13 0 0 1 23 15 12 1 0 9 14 0 0 0 0 0 0 0 13 7 0 32 72 0 0 0 10 11 51 0 30 0 22 14 2 2 0 0 2 0 0 0 0 0 0 0 0 0 0 1 0 0 0 0 20 0 0 0 0 0 0 0 0 0 0 0 0 0 0 0 7 0 0 0 0 0 0 0 0 0 8 0 0 0 0 1 6 0 0 0 0 0 0 0 0 0 0 0 0 0 0 16 0 0 0 0 0 0 0 0 0 0 10 0 0 0 12 0 0 0 0 13 0 0 0 
 474 201 447 118 54 125 0 398 279 538 52 241 341 52 39 49 56 34 133 137 0 0 0 1 2 5 0 0 1 0 0 0 0 0 2 0 1 0 0 0 0 0 0 0 0 0 0 0 0 0 9 0 0 0 3 0 0 0 9 4 0 0 0 3 2 0 0 0 0 3 0 3 3 0 0 0 3 1 0 0 17 3 2 11 46 0 62 33 5 0 10 36 1 26 0 31 0 11 23 25 0 0 0 0 0 2 1 0 0 0 0 0 0 1 0 0 0 0 19 0 0 0 0 0 0 0 0 0 0 0 0 0 0 0 0 0 12 1 0 0 0 0 0 0 14 0 0 0 0 0 0 0 0 0 21 0 0 0 0 0 9 10 20 15 14 0 15 14 6 0 50 18 0 28 13 3 16 11 11 0 0 0 0 0 0 0 1 0 0 0 0 0 0 0 0 0 0 0 0 0 0 0 0 0 0 0 0 0 0 0 0 0 0 0 0 0 0 0 1 0 0 0 0 0 0 1 0 0 0 0 2 0 0 0 0 0 0 0 0 0 0 0 0 0 2 2 0 2 2 0 0 12 0 0 1 0 0 0 0 0 0 0 1 0 0 0 5 0 0 0 0 0 0 0 0 0 0 0 0 0 0 0 0 1 0 0 0 0 0 0 
 266 263 242 182 67 56 398 0 146 121 26 41 187 495 21 64 125 117 561 169 0 0 0 2 2 2 0 0 4 2 2 2 0 0 0 2 0 2 0 0 0 0 0 0 0 0 0 0 0 1 2 0 0 0 3 0 0 2 2 4 0 0 0 2 27 0 0 0 0 3 0 3 3 0 0 0 2 4 0 0 37 9 28 12 19 16 27 13 30 10 2 0 9 23 0 1 20 39 31 10 0 2 0 0 0 0 0 2 0 0 0 0 0 2 0 0 0 0 20 2 0 0 0 0 0 0 0 0 0 0 0 0 0 0 0 0 17 0 1 0 0 0 0 0 0 0 0 0 0 0 0 0 0 0 3 0 0 0 2 0 14 15 11 1 32 0 24 22 0 10 57 16 19 1 10 0 17 20 1 0 0 0 0 0 0 0 0 0 0 0 0 0 0 0 0 0 22 0 0 0 0 0 0 0 0 0 0 0 0 0 9 0 0 0 0 0 0 0 0 0 0 0 0 0 0 0 0 0 0 0 0 0 0 0 0 0 0 0 0 0 0 0 0 0 0 4 0 0 0 0 19 4 0 0 0 0 0 0 0 0 28 0 0 0 0 0 1 0 0 0 0 0 0 0 0 0 0 0 0 0 0 0 0 0 0 0 0 0 0 0 
 184 236 274 227 76 40 279 146 0 470 51 124 215 172 97 205 103 167 305 169 0 0 0 0 2 3 0 0 207 0 0 0 38 0 0 0 0 0 72 0 0 0 0 0 0 0 0 0 0 2 2 0 0 0 3 0 0 0 2 0 0 0 0 0 3 0 0 0 0 3 0 3 3 0 0 0 1 3 0 0 30 4 6 0 26 0 0 3 39 79 1 44 17 59 12 39 64 6 0 0 38 0 0 0 0 0 10 0 0 0 0 0 0 0 0 1 18 0 13 10 0 0 0 0 0 0 0 0 0 0 0 0 0 0 0 0 0 0 0 0 0 0 0 0 0 0 0 0 0 0 0 0 0 0 0 0 0 0 0 0 0 0 10 38 19 16 0 17 87 0 2 13 11 17 1 21 7 55 12 0 0 7 0 0 0 16 14 0 0 22 0 0 0 0 1 0 0 0 17 0 0 47 0 0 0 0 0 0 0 0 0 0 0 0 0 0 0 0 0 0 0 0 0 0 0 0 0 0 0 0 0 0 0 0 0 0 0 0 0 0 0 1 0 0 0 0 6 2 0 0 0 0 0 0 0 0 0 0 0 0 0 0 0 0 0 0 0 0 0 0 0 0 0 0 0 0 0 0 0 0 0 0 0 0 0 0 0 0 0 10 
 242 243 193 209 168 324 538 121 470 0 406 210 278 274 155 377 201 147 238 65 1 0 5 5 4 2 0 0 4 0 0 0 3 3 3 2 0 0 3 1 0 0 0 0 48 2 0 59 0 2 2 0 3 5 59 2 0 1 2 3 0 0 0 0 3 0 0 0 0 3 3 3 5 0 0 0 1 7 0 0 26 43 24 21 0 0 18 10 32 36 20 20 19 50 10 11 8 17 11 0 0 0 1 0 0 0 0 0 0 0 0 0 0 0 0 0 0 0 33 0 0 0 0 0 0 0 0 0 0 0 0 0 1 0 0 0 14 0 0 0 0 0 0 0 0 0 0 0 0 0 0 0 0 0 0 1 0 0 0 5 9 22 37 2 17 51 16 0 9 15 14 0 9 0 29 29 22 14 0 0 0 6 0 0 0 0 7 0 0 0 0 0 0 0 2 0 0 0 0 0 0 0 0 0 0 0 0 0 0 0 0 0 0 0 0 0 0 0 0 0 0 0 0 0 0 1 0 0 0 0 17 0 0 0 0 0 0 0 0 2 0 0 0 0 1 0 2 0 0 0 0 10 0 0 0 2 0 0 0 0 0 0 12 0 0 0 0 0 0 0 0 0 0 0 0 11 0 0 0 0 0 0 0 0 0 0 0 0 0 0 
 114 25 253 249 160 144 52 26 51 406 0 66 37 52 148 228 213 192 39 62 78 0 0 0 2 210 0 6 0 0 0 0 140 82 21 0 0 0 80 84 0 0 0 0 0 0 0 0 0 0 3 0 0 0 3 0 0 0 3 0 0 0 0 3 2 0 0 0 0 3 0 3 3 0 0 0 53 0 0 0 1 25 9 20 11 20 0 0 0 11 19 40 2 10 11 0 44 47 14 0 0 10 0 0 0 0 10 8 0 0 0 0 0 15 0 0 0 36 15 40 0 0 0 0 0 0 0 0 0 0 0 0 0 0 0 0 0 0 0 0 0 0 2 0 0 0 0 0 0 0 0 0 0 0 0 0 0 0 0 0 8 13 0 0 29 17 17 0 6 32 1 11 0 0 0 14 54 11 0 0 8 37 0 0 0 0 33 5 0 0 0 0 0 15 11 0 0 0 4 11 0 0 0 0 0 0 0 0 12 0 0 0 0 0 0 0 0 0 0 0 0 0 0 0 0 0 0 0 0 0 11 0 0 0 0 0 0 0 0 0 0 0 0 0 0 1 2 0 6 5 0 12 0 0 0 0 0 0 0 0 0 0 10 0 0 0 0 0 0 0 0 0 0 0 0 28 12 15 0 0 0 0 0 0 0 0 0 0 0 0 
 31 298 38 385 141 389 241 41 124 210 66 0 34 27 107 120 245 77 57 33 18 34 0 0 2 2 75 1 0 3 3 0 75 23 75 0 0 1 137 0 0 2 6 1 3 0 0 0 0 0 3 0 2 2 3 3 2 0 3 0 0 0 0 3 2 0 2 0 2 3 3 3 6 0 0 2 3 0 0 0 0 0 31 20 12 10 0 0 2 0 13 38 0 0 0 0 56 9 0 0 41 4 10 1 0 0 10 2 1 0 0 0 0 0 15 0 3 6 0 13 0 0 0 0 1 5 0 0 21 0 0 1 0 0 0 0 0 0 2 0 0 0 2 0 0 0 1 0 0 0 0 0 0 0 1 0 0 1 0 0 0 18 19 25 0 49 0 1 6 10 0 0 0 1 0 13 54 0 0 3 12 21 0 0 0 0 26 2 0 35 0 0 3 23 17 35 1 2 19 0 0 0 0 0 0 0 0 0 0 0 0 0 0 0 0 0 0 0 0 0 0 0 1 0 0 0 0 0 0 0 0 0 2 0 0 0 0 0 0 0 0 18 0 0 0 1 90 0 1 84 0 15 0 0 0 0 0 0 0 0 0 0 0 0 0 0 0 0 0 0 0 0 0 0 0 19 16 14 0 0 0 0 0 0 0 0 0 0 0 0 
 139 200 304 260 99 53 341 187 215 278 37 34 0 287 242 467 349 169 247 174 0 0 0 0 2 2 2 0 2 0 0 2 0 1 3 8 5 0 0 9 2 0 4 6 0 0 0 0 0 1 3 3 0 0 5 0 63 1 3 4 0 0 0 2 2 0 0 0 2 7 0 3 6 0 0 0 2 16 0 0 30 28 25 0 32 14 14 32 13 0 28 10 9 58 19 7 16 15 25 0 0 0 0 0 0 0 0 0 0 0 0 0 2 0 0 0 0 0 0 26 0 0 0 0 0 0 0 0 0 0 0 0 0 0 0 0 16 0 0 0 0 0 0 0 0 0 0 0 0 0 0 1 0 0 0 0 0 0 0 0 1 0 38 21 24 0 21 76 19 10 14 18 27 9 14 40 0 11 9 0 0 0 0 2 0 0 0 0 0 0 0 0 11 0 0 0 0 0 0 0 0 0 0 0 0 0 0 0 0 0 0 0 0 0 0 0 0 0 0 0 2 0 0 0 1 0 0 0 0 0 0 14 0 0 0 0 0 0 0 0 0 0 0 0 0 3 2 0 2 0 15 16 0 0 1 0 0 0 0 0 0 0 10 0 0 0 0 0 0 0 0 0 0 0 0 0 0 0 0 0 0 0 0 0 0 0 0 0 0 0 
 57 301 306 315 172 30 52 495 172 274 52 27 287 0 155 139 31 59 248 143 0 0 0 1 4 2 1 0 1 0 3 2 0 2 0 0 2 1 2 0 2 0 0 1 5 0 0 0 0 2 33 0 2 0 4 3 2 0 2 0 0 0 0 5 2 34 2 0 0 3 0 3 3 0 47 0 2 7 2 0 3 22 20 2 24 10 34 11 29 23 13 91 8 0 0 3 53 26 34 0 0 0 0 0 0 0 1 0 0 0 0 0 0 0 0 1 0 0 0 10 0 1 2 0 0 0 0 1 0 0 0 0 0 0 0 0 8 0 0 0 0 0 1 0 0 0 0 0 0 0 0 0 0 0 0 0 0 0 0 4 1 0 30 17 7 53 36 43 21 6 2 22 2 44 0 29 23 0 9 0 0 0 0 0 0 0 0 0 0 0 0 0 0 0 0 0 0 0 0 0 0 0 0 0 0 0 0 0 0 0 0 2 0 0 0 0 0 0 0 0 0 0 0 0 0 0 0 0 0 0 0 0 0 0 0 0 0 0 0 0 0 0 0 0 0 1 0 0 2 0 16 11 0 0 0 0 0 0 1 0 0 0 10 0 0 0 0 0 0 0 0 0 0 1 0 17 0 0 0 0 0 0 0 0 0 0 0 0 0 0 
 203 138 212 61 97 236 39 21 97 155 148 107 242 155 0 291 75 36 209 162 0 0 0 1 2 3 101 1 1 1 0 0 0 0 0 2 0 0 76 0 0 0 0 0 21 12 0 0 0 40 3 0 0 0 3 0 0 0 3 6 0 0 0 3 4 0 0 0 0 3 0 3 3 0 0 0 4 0 0 0 2 13 19 29 3 15 29 0 0 36 11 22 0 19 2 40 39 6 10 14 0 0 0 0 0 0 0 0 0 0 0 0 17 20 0 0 0 0 15 0 0 0 0 0 0 0 0 0 0 0 0 0 0 0 0 0 0 0 0 0 0 0 0 0 0 0 0 0 0 0 0 0 0 0 0 0 0 0 0 16 10 0 25 11 0 16 0 0 30 0 45 10 0 5 0 0 27 48 0 0 0 0 0 0 0 16 0 0 0 0 0 0 1 0 23 0 0 0 0 0 12 0 0 0 0 0 0 0 0 22 0 0 0 0 0 0 0 0 0 0 0 0 0 0 0 0 0 0 0 0 0 0 0 0 0 0 0 0 0 0 0 0 0 0 0 1 3 0 0 0 0 11 0 0 0 0 0 0 0 0 0 0 0 0 0 0 0 0 0 0 0 0 0 0 0 10 1 10 0 0 0 0 0 0 0 0 0 0 0 0 
 38 94 113 110 164 156 49 64 205 377 228 120 467 139 291 0 177 18 41 72 0 0 0 0 2 2 0 0 0 2 0 0 148 0 0 1 0 0 127 0 0 0 0 0 0 0 0 0 0 1 2 0 0 0 3 0 0 0 2 4 0 0 0 2 2 0 0 0 33 3 0 3 3 2 0 0 2 0 0 0 0 23 20 42 1 12 0 0 16 8 18 37 15 10 0 21 25 54 0 0 41 0 0 0 2 0 31 0 0 0 0 0 19 19 0 0 0 0 11 0 0 0 0 0 0 0 0 0 0 0 0 0 0 0 0 0 0 0 0 2 0 0 0 1 0 0 0 10 0 0 0 0 0 0 0 0 0 0 0 7 0 29 33 22 0 40 0 0 32 0 0 14 0 0 1 16 10 11 0 0 0 0 0 11 0 0 28 0 0 0 1 0 0 1 0 0 0 0 0 0 0 0 0 0 0 0 0 0 0 0 2 0 2 0 0 0 0 0 0 0 0 1 0 0 0 0 0 0 0 0 0 0 0 2 0 0 0 0 0 0 0 0 0 0 0 0 86 0 2 1 0 9 0 0 0 0 0 0 0 0 0 0 0 0 0 0 0 0 0 0 0 0 0 0 0 20 18 1 0 0 0 0 0 0 0 0 0 0 0 0 
 210 299 238 374 54 103 56 125 103 201 213 245 349 31 75 177 0 210 85 44 74 0 0 0 2 2 0 0 0 0 0 0 141 80 0 2 0 0 205 0 0 0 0 0 0 0 0 0 0 1 2 0 0 0 3 0 0 0 2 4 0 0 0 2 2 0 0 0 0 3 0 3 3 0 0 0 2 7 0 0 23 0 0 36 11 2 0 0 5 23 11 54 0 0 0 0 0 29 0 0 8 1 8 0 2 0 0 0 0 0 0 0 0 4 0 1 0 0 19 2 0 0 0 0 0 0 0 1 0 0 0 0 0 5 0 0 0 0 0 0 4 0 21 0 0 0 0 0 0 0 0 0 0 0 0 0 0 0 0 0 0 0 19 32 14 1 5 0 11 2 23 10 2 20 0 0 16 11 0 0 8 0 0 0 0 0 26 1 0 0 0 0 0 10 0 0 0 0 22 11 0 0 0 0 0 0 0 0 0 0 0 0 2 0 0 0 0 0 0 0 0 2 0 0 1 0 0 0 0 0 0 0 0 0 0 0 0 0 0 0 0 2 0 0 0 0 1 1 2 3 0 12 0 0 0 0 0 0 0 0 0 0 0 0 0 0 0 0 0 0 0 0 0 0 0 0 28 39 0 0 0 0 0 0 0 0 0 0 0 0 
 151 199 126 354 47 41 34 117 167 147 192 77 169 59 36 18 210 0 39 66 40 0 0 0 2 1 0 0 0 0 0 0 116 0 75 0 2 0 0 0 0 0 7 0 0 0 0 0 0 2 2 0 0 65 3 0 0 1 2 0 0 0 0 0 3 0 0 0 0 3 0 3 6 0 0 0 0 7 0 0 26 18 17 65 31 0 19 0 11 7 20 49 1 23 34 0 39 20 1 0 33 32 0 0 0 0 26 5 0 0 0 0 0 0 0 0 3 0 0 24 0 0 0 16 0 0 0 0 0 0 0 0 16 0 0 0 0 0 0 0 0 0 0 0 13 0 0 0 0 0 0 0 0 0 0 0 0 0 0 0 0 0 21 28 18 14 1 11 7 0 0 0 20 13 0 14 0 9 0 0 13 7 0 0 0 0 13 0 0 39 20 0 13 17 37 0 1 0 11 10 0 0 0 0 0 0 0 0 0 0 0 0 0 0 0 0 0 0 0 11 0 0 0 0 0 0 0 0 0 0 0 0 0 0 0 0 0 0 0 0 0 20 0 0 0 1 95 0 87 4 0 6 0 0 0 0 0 0 0 0 0 0 0 0 0 0 0 0 0 0 0 0 0 0 0 0 9 0 0 0 0 0 0 0 0 0 0 0 0 0 
 252 272 206 295 63 350 133 561 305 238 39 57 247 248 209 41 85 39 0 117 31 0 0 0 4 1 0 0 2 0 1 2 0 2 0 0 2 0 0 3 2 0 0 3 0 0 6 0 0 2 2 0 0 0 8 2 6 0 2 2 0 0 0 0 3 0 0 0 0 5 0 3 3 0 0 0 1 3 0 0 22 0 0 2 0 0 41 19 55 68 3 36 20 2 10 27 0 0 14 14 0 0 0 0 0 0 0 1 0 0 0 0 0 0 0 0 0 0 3 1 0 0 0 12 0 0 0 0 0 0 0 2 0 0 0 0 0 0 1 0 0 0 0 0 0 0 2 0 0 0 0 0 0 0 24 0 0 2 0 0 11 12 12 14 0 0 0 1 33 1 0 1 11 41 2 0 4 29 33 2 0 0 0 0 0 16 0 0 0 0 0 0 0 42 0 0 0 0 0 0 0 0 0 0 0 0 2 0 0 0 0 0 0 0 0 0 0 0 0 0 0 0 2 0 0 0 0 0 0 0 0 0 0 0 0 0 0 0 0 0 0 0 0 0 0 1 0 0 2 0 0 4 0 0 0 0 0 0 0 0 0 0 0 0 0 0 0 0 0 0 0 0 0 0 0 0 0 0 0 0 0 0 0 0 0 0 0 0 0 0 
 41 240 136 159 117 335 137 169 169 65 62 33 174 143 162 72 44 66 117 0 0 0 0 3 2 3 0 0 3 0 0 2 0 2 0 2 0 2 0 0 0 0 2 0 0 0 8 0 0 0 3 4 0 0 7 0 3 3 3 0 0 0 3 3 3 0 0 0 2 3 0 3 3 0 3 0 3 1 2 0 32 5 12 0 13 0 28 62 34 16 0 0 11 10 20 7 0 0 50 5 0 0 0 0 0 0 0 0 0 1 0 0 2 0 0 0 0 0 0 11 0 0 0 0 0 0 0 0 0 0 0 1 0 0 0 0 0 0 0 0 0 0 0 13 0 0 0 0 0 0 0 0 0 0 0 0 0 15 0 0 0 0 1 6 29 0 18 57 15 30 0 0 16 9 18 21 12 22 49 7 0 0 0 0 0 9 0 0 0 0 31 0 0 0 0 0 0 1 0 0 0 0 0 0 0 0 0 0 0 0 0 0 0 0 0 0 0 0 0 0 0 0 0 0 1 0 0 0 0 0 0 0 0 0 0 0 0 0 0 0 0 0 0 0 0 2 0 2 0 2 0 4 0 0 0 0 0 0 0 0 0 0 0 0 0 0 0 0 0 19 0 0 0 0 0 0 0 0 0 0 0 0 0 0 0 0 0 0 0 0 
 0 0 0 1 17 77 0 0 0 1 78 18 0 0 0 0 74 40 31 0 0 232 127 30 42 37 153 49 39 61 20 242 101 60 179 111 101 129 59 228 3 0 0 0 0 3 2 0 0 0 1 4 2 2 0 0 3 5 0 1 0 0 0 0 0 3 0 0 0 0 0 3 2 0 0 1 0 0 0 0 0 0 0 10 1 18 0 0 0 11 19 1 0 0 0 0 0 1 0 0 26 51 8 29 15 0 21 15 14 18 13 13 9 13 11 0 0 7 0 30 0 0 10 0 0 0 9 0 0 0 0 0 19 0 0 0 0 0 9 0 2 0 13 0 0 0 0 0 0 0 0 0 0 0 0 0 8 0 0 0 0 0 0 2 0 0 0 0 0 0 0 6 0 0 0 0 27 1 0 5 25 13 0 6 0 11 13 0 26 0 27 0 10 46 40 32 10 9 10 20 0 2 0 0 0 0 0 0 0 0 0 0 0 0 0 0 0 0 19 0 0 0 0 0 1 0 0 0 0 0 0 0 0 0 1 0 0 0 0 0 0 0 0 0 0 0 0 0 74 145 0 0 20 11 8 1 0 0 0 0 0 0 0 0 0 0 0 0 0 0 0 0 0 0 0 0 1 0 0 0 0 0 0 0 0 0 0 0 0 0 
 0 0 0 0 40 3 0 0 0 0 0 34 0 0 0 0 0 0 0 0 232 0 138 130 117 24 266 62 153 29 35 45 340 51 221 66 132 34 69 98 3 0 0 0 0 57 2 0 0 1 1 3 2 3 0 0 3 68 0 2 0 0 0 0 0 3 0 0 0 7 0 3 2 0 0 2 0 2 0 0 0 0 0 0 0 14 0 0 2 0 0 0 0 0 0 0 0 0 0 0 11 26 21 4 11 19 1 22 0 51 26 32 4 0 52 0 19 24 1 2 21 7 0 0 0 0 31 0 0 0 0 0 7 3 0 0 0 0 7 10 0 0 0 0 0 0 0 0 0 0 0 0 0 0 0 0 0 0 0 0 0 0 0 7 0 2 0 0 0 0 0 0 0 0 0 0 0 0 0 26 2 0 18 25 1 33 0 3 6 46 13 0 1 25 33 54 32 27 8 12 21 0 0 0 0 0 30 1 1 0 0 0 0 0 19 0 0 0 27 53 0 0 0 0 0 0 0 0 0 0 0 0 0 0 0 0 0 0 0 24 0 0 0 0 0 0 1 0 0 73 0 0 0 0 18 0 0 5 0 0 0 0 0 0 0 0 0 0 0 0 0 0 0 0 0 0 0 4 0 15 0 11 0 0 0 20 0 0 0 2 
 0 0 0 0 0 0 0 0 0 5 0 0 0 0 0 0 0 0 0 0 127 138 0 118 67 26 93 170 288 57 21 115 46 53 43 191 58 110 21 38 0 3 0 1 0 0 0 0 0 4 0 2 62 1 2 6 0 0 0 3 0 0 1 0 0 11 0 0 2 0 0 14 0 0 0 2 0 5 0 0 0 0 0 0 0 0 0 0 0 0 0 0 0 0 0 23 0 0 0 0 1 11 17 33 40 20 0 19 0 30 15 9 0 10 15 23 8 10 0 0 11 2 0 0 0 0 20 0 0 0 0 0 20 0 0 1 2 0 3 2 0 0 0 0 0 0 0 1 0 0 0 0 0 0 0 0 0 0 0 0 0 0 0 0 0 8 0 2 0 0 0 0 0 0 13 0 0 0 0 0 0 0 13 36 15 29 0 2 21 24 12 2 0 0 0 13 5 14 1 1 0 0 0 0 0 0 5 0 31 0 0 0 8 9 0 0 0 0 11 0 0 0 0 0 0 0 2 0 2 1 0 0 0 0 0 0 0 0 0 0 0 0 0 0 0 0 0 0 0 0 0 0 0 0 10 1 2 15 4 0 0 0 0 0 0 0 12 0 0 0 0 0 0 0 0 0 0 0 0 0 0 0 0 0 0 0 4 0 0 0 
 0 0 2 1 5 74 1 2 0 5 0 0 0 1 1 0 0 0 0 3 30 130 118 0 193 55 216 390 243 90 199 264 130 61 211 64 127 144 145 158 3 1 0 115 0 3 2 0 6 0 0 4 2 3 1 0 3 32 0 1 0 0 0 22 0 3 0 0 0 3 0 3 2 2 0 2 0 2 0 0 0 0 0 0 0 0 0 0 0 0 2 0 0 0 0 0 0 0 2 0 0 0 24 10 0 43 0 50 0 25 59 19 0 9 23 12 21 8 2 0 31 0 0 0 0 0 0 0 0 0 0 0 10 10 0 0 0 0 1 3 0 0 0 0 0 0 0 0 0 0 0 0 0 0 0 2 0 0 0 0 0 0 0 0 0 0 0 0 0 0 0 0 0 0 0 0 0 0 0 0 35 63 49 3 14 14 14 13 14 62 20 48 0 0 0 39 0 26 0 16 19 15 0 0 2 0 20 0 0 0 0 0 0 0 0 0 0 0 3 0 0 0 0 0 0 0 0 0 0 0 0 0 0 0 0 0 0 2 0 0 0 0 0 0 0 0 0 0 0 1 0 0 0 0 13 0 0 43 2 0 14 3 0 0 0 0 2 0 0 0 0 0 0 0 0 0 0 0 0 0 0 13 0 0 0 0 0 0 0 0 
 2 2 4 2 2 2 2 2 2 4 2 2 2 4 2 2 2 2 4 2 42 117 67 193 0 367 47 401 66 96 140 40 352 57 99 163 184 40 65 74 65 0 0 0 0 3 38 0 33 0 1 3 96 64 0 0 3 62 0 29 0 0 0 0 0 54 0 0 0 7 0 3 2 0 0 1 0 0 0 0 0 0 0 0 0 0 0 0 0 0 0 0 0 0 0 0 0 0 0 0 0 0 5 0 0 54 0 13 1 21 17 29 0 0 0 1 0 0 0 0 20 25 0 10 0 0 21 6 7 18 0 0 0 10 8 37 12 0 33 10 0 0 0 0 0 0 0 0 9 0 0 0 0 0 0 0 0 0 0 0 0 0 0 0 1 0 0 0 0 0 0 0 1 0 0 0 0 0 0 0 1 0 22 13 0 0 0 0 3 5 2 2 0 0 0 0 13 13 0 0 63 33 0 7 12 19 40 0 48 18 0 0 1 12 1 11 0 0 1 38 0 0 11 0 1 0 0 0 0 0 0 0 0 0 0 0 14 0 0 0 0 0 0 0 0 0 0 0 0 0 0 0 0 0 13 0 2 4 1 0 2 0 0 0 0 0 0 0 0 0 0 0 0 0 0 0 2 0 0 19 0 0 0 0 0 13 0 0 0 0 
 3 2 3 3 1 3 5 2 3 2 210 2 2 2 3 2 2 1 1 3 37 24 26 55 367 0 109 108 276 611 469 76 43 26 56 88 45 66 57 51 3 131 0 0 0 3 3 0 1 0 1 4 56 67 66 1 67 2 22 25 0 0 2 0 0 3 0 0 0 0 0 3 2 0 0 5 0 4 5 0 0 0 0 0 0 0 0 0 0 0 0 0 0 0 0 0 0 0 0 0 0 0 0 0 32 7 0 51 36 2 0 1 0 0 0 12 0 0 0 0 31 9 0 12 0 9 23 26 8 21 0 17 30 0 11 12 25 1 13 2 0 0 0 0 0 0 0 0 11 0 0 0 0 0 0 0 0 0 0 0 0 0 0 0 0 0 0 0 0 0 0 0 0 0 0 0 0 0 0 0 14 13 23 3 23 23 0 0 12 9 16 24 0 0 0 0 0 2 0 0 12 0 0 16 0 0 0 16 0 11 0 7 39 19 29 16 0 0 22 11 0 0 0 0 0 0 0 0 0 0 0 0 0 0 0 0 0 0 0 0 0 0 14 0 0 1 0 0 0 0 0 0 0 0 3 0 1 0 3 2 12 4 0 0 0 0 0 14 0 0 0 0 0 14 0 0 0 29 0 0 0 0 0 0 0 0 0 0 0 0 
 1 0 0 0 0 0 0 0 0 0 0 75 2 1 101 0 0 0 0 0 153 266 93 216 47 109 0 171 64 193 151 317 74 109 50 201 26 175 46 231 3 5 0 0 0 3 4 0 19 0 0 3 2 3 0 0 3 21 0 2 0 0 0 0 0 3 0 0 0 0 0 7 2 0 0 2 0 0 0 2 12 0 16 0 0 0 0 0 0 0 0 0 0 0 0 0 2 0 0 0 17 10 0 17 0 39 0 41 0 34 10 9 1 11 18 28 11 4 0 0 0 0 0 0 0 0 0 0 19 0 1 1 19 0 0 0 0 0 9 2 0 0 0 0 2 0 0 0 0 7 0 0 0 0 0 1 0 0 0 0 0 0 0 1 5 0 0 0 8 0 0 0 0 0 0 17 2 2 0 0 24 17 28 29 15 34 0 0 12 12 37 7 0 0 0 4 9 10 0 15 0 10 0 1 0 0 0 0 0 0 0 0 0 0 0 0 0 0 7 0 0 0 0 0 0 0 0 0 0 0 0 0 0 0 0 0 0 0 0 0 0 0 0 0 0 0 0 0 0 0 0 0 0 0 8 0 1 80 78 0 1 0 0 0 0 0 0 0 0 0 0 1 0 3 0 0 0 0 0 0 0 0 0 0 0 0 0 0 0 0 
 0 0 0 0 20 2 0 0 0 0 6 1 0 0 1 0 0 0 0 0 49 62 170 390 401 108 171 0 66 40 35 116 291 72 147 324 317 41 39 113 3 0 4 5 1 3 2 0 0 0 1 3 64 2 0 0 3 12 0 0 4 0 0 57 0 47 0 0 0 0 0 5 2 0 0 2 0 0 0 0 0 0 0 0 1 0 0 0 0 0 0 0 0 0 0 0 1 0 0 0 0 0 8 0 0 40 0 21 0 24 56 0 1 11 12 49 14 0 0 10 13 0 0 0 0 0 0 0 0 0 0 0 8 0 0 0 0 0 0 0 0 0 0 0 0 0 0 0 7 0 0 0 0 0 0 3 0 0 10 0 0 0 0 0 0 1 0 0 0 0 0 0 0 0 1 0 0 0 0 0 0 26 31 0 12 0 0 0 70 42 48 40 10 9 38 0 15 11 1 0 0 0 0 12 6 0 0 0 0 0 0 0 0 0 3 0 0 0 0 0 0 0 0 0 0 0 0 0 0 0 0 0 0 0 0 0 0 0 0 0 0 14 0 0 0 0 2 0 0 0 0 0 0 0 4 1 4 78 0 1 13 12 0 2 0 0 0 0 0 0 0 0 0 0 0 0 0 0 0 1 0 0 0 0 0 0 0 0 0 7 
 2 73 4 1 2 96 1 4 207 4 0 0 2 1 1 0 0 0 2 3 39 153 288 243 66 276 64 66 0 400 259 146 106 87 184 294 68 203 71 202 3 0 0 0 1 3 2 0 0 0 0 3 64 3 0 1 3 0 0 2 3 3 0 0 0 3 4 0 0 0 0 8 2 0 1 3 1 0 5 5 0 15 0 0 0 0 0 0 0 0 2 0 0 0 0 0 0 0 0 12 12 17 0 53 0 0 19 0 0 20 2 19 14 0 0 11 0 0 31 21 0 0 0 0 0 0 26 0 0 0 0 0 1 0 0 31 0 0 0 1 0 0 0 0 0 0 0 0 0 0 0 0 0 0 0 0 0 0 0 0 0 0 0 0 13 14 0 0 0 0 0 0 0 0 28 0 0 8 0 0 0 0 0 12 0 0 16 42 2 2 24 18 16 0 10 37 14 25 0 44 0 0 2 0 2 0 3 0 18 0 0 0 8 10 0 0 0 0 11 0 0 0 0 0 0 0 0 0 0 0 0 0 0 0 0 0 0 2 0 0 0 0 0 0 0 0 0 0 0 0 0 0 0 0 11 1 2 2 0 2 1 0 0 0 1 0 4 0 0 0 0 0 0 0 0 0 0 0 0 0 0 12 0 0 0 0 5 0 0 0 
 0 0 2 2 0 38 0 2 0 0 0 3 0 0 1 2 0 0 0 0 61 29 57 90 96 611 193 40 400 0 380 38 125 177 109 260 86 135 184 250 3 4 59 0 0 3 2 0 0 0 1 3 3 2 0 0 3 1 0 1 0 0 0 0 0 3 0 0 0 0 0 3 2 0 0 1 0 0 0 0 0 0 0 0 0 0 0 0 0 0 1 0 0 0 0 0 0 0 1 0 14 53 5 23 26 20 0 16 9 0 0 6 37 18 0 18 9 1 6 12 9 0 0 2 0 0 0 0 7 1 0 0 0 0 0 0 10 0 0 14 0 0 0 0 0 0 0 0 2 0 0 0 0 0 0 0 0 0 3 0 0 0 0 19 22 0 0 0 0 0 0 0 0 0 0 0 7 0 0 0 21 19 14 34 49 33 2 22 1 1 21 39 3 0 0 0 0 4 18 15 0 0 0 0 0 0 0 12 0 0 0 0 8 10 7 8 0 0 20 0 0 0 0 0 0 0 0 0 0 0 0 0 0 0 0 0 0 1 0 0 0 0 7 0 0 0 0 0 0 0 0 0 0 0 13 0 0 1 81 3 6 0 0 0 0 0 16 0 0 0 0 0 0 0 0 0 0 0 0 0 0 0 0 0 0 0 20 0 0 0 
 2 0 0 73 0 0 0 2 0 0 0 3 0 3 0 0 0 0 1 0 20 35 21 199 140 469 151 35 259 380 0 46 47 74 589 164 116 104 45 143 2 4 0 0 3 3 2 0 0 2 2 3 2 3 4 1 2 0 1 3 0 0 2 0 0 3 0 0 0 5 0 3 2 0 65 4 0 4 0 0 0 0 0 0 0 0 0 0 0 0 0 0 0 0 0 0 0 0 0 0 0 7 8 16 6 50 0 39 0 20 0 22 7 1 18 18 13 10 0 0 20 10 0 0 0 0 15 8 5 10 0 2 0 2 0 17 14 0 18 37 8 0 0 0 1 0 0 0 9 0 0 0 0 0 0 34 0 0 0 0 0 0 0 1 4 0 0 0 0 0 0 0 0 0 0 0 0 0 0 0 9 6 32 15 61 22 0 0 0 15 13 43 1 0 0 0 20 13 14 12 21 0 0 0 0 0 22 22 0 0 0 0 32 32 4 22 0 0 1 36 0 0 0 0 0 0 0 0 0 0 0 0 0 0 0 0 0 0 0 0 0 0 19 0 0 0 0 0 0 0 0 0 0 0 19 0 0 0 78 2 0 0 0 0 0 0 0 0 0 0 0 0 0 10 0 0 0 0 0 0 0 0 0 0 0 1 0 0 0 0 
 0 0 0 2 3 0 0 2 0 0 0 0 2 2 0 0 0 0 2 2 242 45 115 264 40 76 317 116 146 38 46 0 47 22 112 103 90 120 27 50 3 0 2 0 0 3 2 0 0 0 1 3 66 64 0 0 3 0 0 0 0 1 0 0 3 3 0 0 0 0 0 7 2 2 0 1 0 0 0 3 0 0 0 2 0 0 0 0 0 0 0 0 0 0 0 0 0 0 0 1 0 1 15 0 0 11 0 0 0 36 23 27 1 0 0 27 12 0 0 0 14 10 0 0 2 0 18 0 0 0 12 0 1 0 1 13 0 0 10 1 0 0 0 6 0 14 0 0 6 0 0 0 0 0 0 1 0 0 6 0 0 0 0 0 0 15 0 0 0 20 1 0 0 0 32 0 0 0 0 0 0 15 6 23 0 0 0 12 11 1 14 29 0 0 0 10 18 0 0 0 12 0 10 0 0 0 12 0 18 0 0 0 8 10 0 14 0 0 22 12 0 0 0 0 0 0 0 0 0 0 0 0 0 0 0 0 0 0 0 0 0 0 0 0 0 0 0 0 0 0 0 0 0 0 3 0 1 75 2 2 0 10 0 0 0 0 9 0 0 0 0 0 0 0 0 0 0 0 0 12 0 0 0 0 0 12 6 0 0 0 
 0 0 0 106 0 85 0 0 38 3 140 75 0 0 0 148 141 116 0 0 101 340 46 130 352 43 74 291 106 125 47 47 0 221 356 325 180 132 154 395 3 0 0 1 0 95 2 0 0 0 1 3 2 2 0 0 3 0 0 0 0 0 0 0 0 3 0 0 0 0 0 3 2 0 0 1 0 0 0 0 0 0 0 67 24 0 0 0 2 0 19 31 0 0 0 16 23 12 0 0 44 58 0 15 0 0 35 0 21 0 0 9 22 2 0 0 0 0 16 26 0 0 0 0 0 0 0 0 0 0 0 0 0 0 0 0 0 0 1 0 0 0 0 0 0 0 0 0 0 0 0 0 0 0 0 0 0 0 0 0 0 0 0 11 14 22 4 0 18 0 0 27 0 0 0 0 0 0 0 0 5 19 0 13 0 0 50 14 13 22 8 0 1 1 79 13 16 35 18 33 0 0 0 0 0 0 0 1 1 0 0 0 0 1 0 0 7 0 0 0 0 0 0 3 0 0 0 0 0 0 0 0 0 0 0 0 0 0 0 0 0 2 0 0 0 0 34 0 79 2 0 0 13 0 14 2 3 0 0 0 1 0 0 0 0 0 0 0 0 0 0 0 0 0 0 0 6 0 0 0 0 21 0 15 0 0 0 0 0 2 
 0 0 0 2 27 74 0 0 0 3 82 23 1 2 0 0 80 0 2 2 60 51 53 61 57 26 109 72 87 177 74 22 221 0 131 107 20 54 123 169 3 0 1 3 0 3 2 0 0 0 1 3 2 2 0 0 3 0 0 0 0 0 0 0 0 3 0 0 0 0 26 3 2 0 3 2 0 0 0 0 0 0 0 0 0 2 0 0 0 11 0 18 0 0 0 0 0 0 0 0 14 10 0 15 0 0 0 10 15 0 0 0 19 0 0 26 9 9 19 32 0 0 0 0 0 0 0 0 0 0 0 0 0 0 0 0 0 0 0 0 6 0 0 0 0 5 0 0 0 0 0 1 0 0 0 0 0 0 0 0 0 0 0 0 12 0 6 0 0 26 0 10 0 0 0 0 0 8 0 6 32 0 39 0 0 0 3 1 8 0 33 9 19 19 20 2 7 12 77 28 0 0 0 0 0 20 0 0 0 0 0 0 0 0 0 0 0 0 0 0 0 0 0 0 0 0 0 0 0 0 0 0 0 0 0 0 0 0 0 0 0 12 0 0 0 0 25 0 0 75 0 0 12 0 10 4 0 1 0 2 0 0 0 0 0 0 0 0 0 0 0 0 0 0 0 0 0 0 0 0 0 0 0 0 0 0 0 0 0 0 
 0 0 0 0 153 156 2 0 0 3 21 75 3 0 0 0 0 75 0 0 179 221 43 211 99 56 50 147 184 109 589 112 356 131 0 149 187 109 149 232 2 0 1 8 0 3 2 3 1 0 2 3 2 1 0 0 2 0 0 1 0 0 0 0 0 3 0 0 0 4 0 9 2 0 0 0 0 0 0 0 0 0 0 12 0 14 0 0 0 0 7 0 0 0 0 0 0 0 0 0 24 6 15 27 1 24 10 0 14 24 18 18 1 0 60 29 43 25 0 31 16 0 0 0 0 0 0 0 0 0 0 0 7 27 0 0 0 0 0 0 1 0 0 0 0 0 0 0 8 0 0 0 0 0 0 3 0 0 19 0 0 0 0 15 0 0 0 0 0 0 0 0 0 14 0 0 0 0 0 1 7 50 19 0 0 10 0 31 10 16 14 17 1 38 22 41 29 29 0 0 3 1 0 0 0 0 1 0 0 0 0 0 0 0 0 0 0 0 1 9 0 0 0 0 2 0 0 0 0 0 0 0 0 0 0 0 0 0 0 0 0 0 2 0 0 0 0 0 20 1 0 0 0 0 8 0 0 77 1 2 0 13 0 0 0 0 0 2 0 0 0 0 0 0 2 0 0 0 0 0 0 13 0 0 0 0 0 0 0 0 
 0 0 2 1 0 1 0 2 0 2 0 0 8 0 2 1 2 0 0 2 111 66 191 64 163 88 201 324 294 260 164 103 325 107 149 0 257 422 25 130 3 4 0 0 2 6 2 0 0 3 0 3 35 3 0 0 5 0 0 62 0 0 0 0 36 3 1 0 0 0 6 6 2 0 0 9 0 0 0 0 0 0 0 0 0 0 0 0 0 0 0 0 0 0 0 0 0 0 1 0 13 13 11 11 0 14 1 11 23 11 0 18 14 0 10 37 0 25 16 0 10 1 0 0 0 0 13 0 0 0 0 0 0 0 0 0 16 0 24 52 0 0 0 0 0 0 0 0 0 0 0 0 0 0 0 0 0 0 0 9 0 0 0 0 1 6 0 6 0 0 0 0 0 0 3 0 0 0 0 0 0 0 26 34 0 0 0 27 12 21 40 29 7 0 13 11 24 1 12 38 0 0 0 0 0 0 8 0 12 0 0 0 23 9 0 11 0 0 11 0 0 0 0 1 0 0 0 0 0 0 2 0 0 0 0 0 0 0 0 1 0 0 13 0 0 0 0 0 0 0 0 0 0 0 8 1 3 77 40 0 11 2 0 0 2 0 9 0 2 0 0 0 0 0 0 0 0 0 0 0 0 10 0 0 2 0 6 0 0 0 
 2 0 0 0 3 0 1 0 0 0 0 0 5 2 0 0 0 2 2 0 101 132 58 127 184 45 26 317 68 86 116 90 180 20 187 257 0 68 46 114 3 0 0 0 0 3 2 0 2 0 1 4 65 2 0 0 4 4 0 0 0 0 0 0 0 4 0 0 0 4 0 4 2 0 0 1 0 0 0 0 0 0 0 2 0 0 1 0 0 0 0 1 0 2 0 0 0 0 0 0 0 10 34 16 0 28 9 0 1 60 20 28 10 0 19 8 22 20 20 1 26 0 1 0 0 0 24 0 2 0 0 0 24 2 1 0 0 0 10 9 0 0 0 1 0 0 0 0 13 0 0 0 0 0 0 1 0 0 6 0 0 0 0 0 0 6 0 0 0 0 0 0 0 0 9 7 0 0 0 0 8 25 23 0 0 20 1 14 26 13 0 22 4 14 0 1 21 1 30 30 23 0 0 0 0 0 37 0 23 21 0 0 5 5 0 0 0 0 62 9 0 0 0 0 0 0 0 0 0 0 0 0 0 0 0 0 0 0 0 0 0 0 0 0 0 0 0 0 8 0 0 0 0 1 18 2 1 14 1 1 8 31 0 0 0 0 0 0 0 0 0 0 0 0 0 0 0 0 0 0 0 0 0 0 0 1 0 0 0 0 
 0 0 1 2 0 60 0 2 0 0 0 1 0 1 0 0 0 0 0 2 129 34 110 144 40 66 175 41 203 135 104 120 132 54 109 422 68 0 242 137 3 5 0 0 0 3 2 0 63 0 2 3 2 2 0 0 3 4 0 0 0 0 0 50 0 3 0 0 0 0 0 12 2 1 0 2 0 2 0 0 0 9 0 0 0 1 0 0 0 0 1 0 0 0 0 0 0 0 1 0 14 29 9 59 19 13 34 16 56 0 0 9 29 31 20 18 10 18 3 1 0 0 0 2 0 0 2 0 0 0 0 0 0 8 0 0 16 0 9 45 0 0 0 0 0 0 0 0 0 0 0 0 0 0 0 0 0 0 0 0 0 0 0 6 0 0 0 0 0 0 0 0 0 0 0 0 0 0 0 0 0 0 27 32 8 0 0 62 0 0 55 31 21 21 21 52 0 28 18 16 0 0 0 0 1 0 0 0 0 0 0 0 13 1 0 11 0 0 0 0 8 0 0 0 0 0 0 0 0 0 0 0 0 0 10 0 0 0 0 0 0 0 13 0 0 0 0 0 0 0 0 0 1 0 11 0 0 92 39 2 1 1 0 0 0 0 10 0 0 0 0 0 0 0 0 0 0 0 0 0 0 19 0 0 0 0 10 0 0 0 
 0 37 1 74 43 115 0 0 72 3 80 137 0 2 76 127 205 0 0 0 59 69 21 145 65 57 46 39 71 184 45 27 154 123 149 25 46 242 0 97 3 0 0 0 68 3 2 0 0 0 1 3 2 2 0 0 3 0 0 2 0 0 0 0 0 3 0 0 0 0 0 3 2 0 0 1 0 0 0 0 0 0 13 23 0 20 0 0 0 13 11 33 0 0 0 10 0 0 2 0 32 16 8 1 0 0 7 0 20 0 1 0 26 16 23 0 0 9 10 5 0 0 0 0 0 0 2 0 0 0 0 8 0 0 0 0 0 0 0 0 7 0 5 0 0 0 0 0 0 0 0 0 0 0 0 0 0 0 0 0 0 10 20 36 14 25 0 0 10 12 1 25 0 0 0 15 0 0 0 15 4 0 0 1 1 0 32 4 21 0 0 0 0 33 11 16 0 0 38 11 0 0 0 0 0 0 0 15 0 0 0 0 0 0 0 0 0 0 0 0 0 0 0 0 0 0 0 0 0 0 0 2 0 0 0 0 4 0 0 2 0 0 0 0 0 0 73 0 0 74 0 0 13 0 12 0 0 0 0 2 0 0 0 0 0 0 0 0 0 0 0 0 0 0 0 0 19 11 0 0 0 0 0 0 1 0 0 0 0 0 
 0 0 0 0 3 119 0 0 0 1 84 0 9 0 0 0 0 0 3 0 228 98 38 158 74 51 231 113 202 250 143 50 395 169 232 130 114 137 97 0 0 0 0 0 0 0 0 0 6 0 4 0 0 0 0 4 0 11 2 0 0 0 0 0 0 0 0 0 0 2 0 0 0 0 0 0 0 0 0 3 0 0 0 0 13 0 0 0 0 0 0 0 0 0 0 0 1 0 0 0 22 38 0 28 16 21 0 28 32 19 14 4 23 48 53 24 11 8 7 8 0 1 0 0 0 1 0 0 0 0 0 0 5 0 0 0 0 0 9 0 0 0 0 0 0 16 0 2 0 1 0 0 0 0 0 1 0 0 0 0 0 0 0 36 11 0 0 2 0 22 0 1 0 0 0 0 0 0 0 0 7 0 17 14 25 0 14 17 10 14 37 0 0 36 21 15 1 0 0 24 0 0 0 0 0 0 0 0 0 0 0 0 1 18 0 0 0 0 21 0 0 0 0 0 0 0 1 0 2 2 0 0 0 0 0 0 0 0 0 0 0 0 0 0 0 1 0 0 0 0 0 0 18 0 6 0 0 3 2 2 2 2 0 0 0 0 0 0 0 0 0 0 0 0 0 1 0 0 0 0 0 9 0 0 0 0 0 0 0 1 
 0 0 0 2 0 0 0 0 0 0 0 0 2 2 0 0 0 0 2 0 3 3 0 3 65 3 3 3 3 3 2 3 3 3 2 3 3 3 3 0 0 138 85 66 40 26 212 56 128 244 81 249 124 141 192 35 74 137 257 374 0 0 0 0 0 8 0 0 0 2 0 0 0 2 0 0 0 0 0 0 0 0 0 0 0 0 0 0 0 0 0 0 0 0 0 0 0 0 0 0 0 0 0 0 16 0 0 0 0 0 0 0 0 0 0 0 0 0 0 0 0 0 0 24 0 0 20 27 20 1 0 0 7 0 26 49 8 19 17 6 0 0 0 0 0 0 0 0 0 0 0 0 0 0 0 0 0 0 0 0 1 0 0 0 0 0 0 0 0 0 0 0 0 0 0 8 0 0 0 0 0 0 0 0 33 0 0 0 0 0 0 0 0 0 0 0 0 0 0 0 5 0 7 13 6 0 14 17 4 5 0 0 6 13 44 11 16 16 26 0 0 0 0 0 0 0 0 0 0 0 0 0 0 0 0 0 0 0 4 0 0 0 0 0 0 0 0 0 0 0 0 8 1 8 0 0 0 0 0 10 0 0 3 0 0 2 0 0 0 0 6 0 0 0 0 0 0 0 0 0 0 0 0 0 0 13 0 0 1 0 
 0 0 0 0 0 0 0 0 0 0 0 2 0 0 0 0 0 0 0 0 0 0 3 1 0 131 5 0 0 4 4 0 0 0 0 4 0 5 0 0 138 0 114 52 41 44 395 137 51 324 36 298 115 131 194 78 122 30 215 183 0 1 1 0 0 0 1 0 0 0 0 1 0 0 0 2 0 2 4 3 0 0 0 0 0 0 0 0 0 0 0 0 0 0 0 0 0 0 0 0 0 0 0 0 7 2 0 0 1 0 0 1 0 0 0 0 0 1 0 0 10 4 23 21 12 15 8 39 9 5 0 11 20 7 12 12 18 12 21 11 0 0 0 0 0 0 0 4 3 1 0 0 28 0 0 0 0 0 0 0 0 0 0 0 0 0 0 0 11 0 0 0 0 0 0 0 0 0 0 0 0 0 25 2 2 0 0 0 0 0 0 5 0 0 0 0 0 0 0 0 0 61 38 5 1 6 0 0 0 11 0 0 49 0 23 24 21 17 9 0 10 0 0 0 0 5 0 0 0 0 0 0 0 0 0 0 13 0 7 0 0 0 7 0 0 2 0 0 0 0 0 4 0 2 0 0 0 0 2 0 0 0 1 0 0 2 0 66 0 0 1 0 0 0 0 0 0 0 0 0 0 0 0 0 11 0 0 0 2 0 
 0 0 0 0 3 0 0 0 0 0 0 6 4 0 0 0 0 7 0 2 0 0 0 0 0 0 0 4 0 59 0 2 0 1 1 0 0 0 0 0 85 114 0 178 48 113 63 369 148 361 418 41 270 102 79 122 115 279 61 40 0 0 0 0 0 0 28 0 8 0 0 0 57 0 0 0 0 0 50 7 0 0 0 0 21 0 0 0 0 0 0 0 0 0 0 0 2 0 0 0 0 0 0 16 0 0 0 0 0 0 0 0 0 0 0 1 7 0 0 0 0 7 34 12 9 0 0 1 0 7 19 29 0 0 2 0 1 21 0 0 11 0 0 0 0 0 0 0 0 0 0 0 2 0 0 0 0 0 41 8 0 0 0 0 0 0 0 0 0 0 0 3 0 0 0 0 0 0 0 0 0 8 0 0 0 0 0 0 0 2 3 0 0 7 5 0 5 1 3 0 0 15 22 49 14 7 0 0 45 8 34 37 7 0 0 13 26 0 0 0 27 18 0 0 0 0 44 41 0 0 0 0 1 11 0 0 0 0 4 15 0 7 33 0 0 0 0 0 0 0 0 14 0 0 0 0 0 0 0 1 0 27 0 1 31 10 2 69 2 0 0 0 0 0 0 0 0 0 0 0 0 5 0 0 14 0 0 5 0 0 
 1 0 0 1 4 0 0 0 0 0 0 1 6 1 0 0 0 0 3 0 0 0 1 115 0 0 0 5 0 0 0 0 1 3 8 0 0 0 0 0 66 52 178 0 248 167 113 140 57 161 65 157 59 68 74 121 50 51 55 286 65 35 0 0 0 0 77 0 5 0 0 0 50 0 0 4 0 53 79 59 0 0 0 0 0 0 0 0 0 0 0 0 0 0 0 0 0 0 0 0 1 0 0 0 0 0 1 0 0 0 0 0 0 0 0 3 9 0 0 3 0 1 0 1 3 10 0 0 0 0 8 24 0 0 0 19 0 0 0 0 19 23 0 0 0 0 0 23 0 0 0 6 0 0 0 23 6 2 21 18 0 0 0 0 0 0 0 0 0 0 0 5 0 0 0 0 0 0 0 0 0 1 0 0 0 0 0 0 0 0 4 0 3 10 4 0 8 3 0 0 0 0 18 14 55 0 0 0 0 12 45 16 0 0 0 0 0 0 0 0 21 21 0 31 0 0 2 43 10 0 0 0 24 19 0 33 23 7 12 9 0 4 0 0 0 0 0 0 0 0 0 7 0 2 0 0 0 0 0 2 0 0 24 1 1 19 4 0 0 0 0 0 0 0 0 0 0 0 0 0 0 0 0 0 0 12 0 0 2 0 
 4 0 0 0 61 0 0 0 0 48 0 3 0 5 21 0 0 0 0 0 0 0 0 0 0 0 0 1 1 0 3 0 0 0 0 2 0 0 68 0 40 41 48 248 0 415 252 54 51 79 178 341 119 75 62 151 49 41 46 116 114 114 3 0 0 2 3 51 54 2 0 0 51 6 16 102 14 0 82 53 0 11 0 0 0 0 0 0 0 0 0 0 0 0 0 0 0 0 0 0 0 0 0 0 0 0 0 0 0 0 0 0 0 0 0 0 0 0 0 0 0 0 0 0 23 6 0 0 0 0 5 16 0 0 0 0 0 0 0 0 59 44 6 3 0 0 7 55 11 7 12 13 26 16 0 19 25 7 1 13 0 0 0 0 0 0 0 0 0 3 0 0 0 0 0 0 0 0 0 0 0 0 7 0 0 0 1 0 0 0 0 0 0 0 0 0 0 0 0 8 0 0 0 0 14 28 0 0 0 0 5 13 0 0 0 0 0 1 0 0 6 12 14 4 7 10 3 13 3 10 0 0 36 0 6 47 39 9 0 4 0 0 0 0 0 0 0 0 0 0 0 7 0 0 0 0 0 0 0 6 0 0 3 1 4 4 2 0 0 0 0 0 0 0 0 0 0 0 0 0 0 0 2 0 0 0 0 0 2 0 
 0 0 1 0 0 0 0 0 0 2 0 0 0 0 12 0 0 0 0 0 3 57 0 3 3 3 3 3 3 3 3 3 95 3 3 6 3 3 3 0 26 44 113 167 415 0 263 55 48 64 191 156 246 256 41 91 63 52 54 50 79 29 0 0 0 1 66 45 0 0 0 1 71 0 66 24 49 0 60 83 0 0 0 0 0 0 0 0 0 0 0 0 0 0 0 0 0 0 0 0 0 0 0 0 0 9 0 0 0 0 0 0 0 0 0 0 0 0 0 0 0 0 0 0 9 0 0 0 0 0 0 18 0 0 0 0 0 0 0 0 5 31 11 0 13 0 11 11 1 0 0 13 8 14 12 24 4 19 0 6 0 0 7 0 0 0 0 0 0 0 0 0 0 0 0 0 0 0 0 0 0 0 0 0 0 0 0 0 0 0 0 0 0 0 0 0 0 0 0 0 0 0 0 0 23 20 0 0 0 0 19 9 0 0 2 10 0 0 0 0 0 28 6 1 41 11 12 29 9 20 10 0 12 0 10 18 3 7 0 38 0 0 0 0 0 0 0 0 0 0 0 5 0 0 0 0 0 0 0 0 0 0 14 9 0 1 2 0 0 0 9 0 0 0 0 0 0 0 0 0 0 0 0 0 0 0 0 0 0 0 
 0 0 0 0 34 0 0 0 0 0 0 0 0 0 0 0 0 0 6 8 2 2 0 2 38 3 4 2 2 2 2 2 2 2 2 2 2 2 2 0 212 395 63 113 252 263 0 298 121 53 299 30 376 229 172 106 289 371 213 118 51 0 0 0 0 0 0 2 5 0 0 0 0 0 0 0 0 0 0 11 0 0 0 0 0 0 11 0 0 0 0 0 0 0 0 0 0 0 0 0 0 0 0 0 0 0 0 0 0 0 0 0 0 0 0 0 0 0 0 0 0 8 14 39 7 3 24 14 7 10 0 0 0 0 39 25 10 23 54 6 0 0 0 0 0 0 0 27 0 0 0 8 0 0 0 0 0 0 0 0 10 0 0 0 0 11 0 0 8 0 0 0 0 0 0 5 0 0 0 0 0 0 0 0 0 0 0 0 0 0 0 0 0 0 0 8 0 0 0 0 14 0 37 0 16 13 13 13 38 9 6 15 7 0 0 13 1 12 0 9 0 0 0 0 0 1 14 0 12 0 0 0 0 0 0 0 0 0 21 0 0 0 21 0 0 0 0 0 2 26 0 10 0 1 0 0 1 0 0 16 0 0 2 0 0 3 2 65 1 0 0 0 0 0 0 0 0 0 0 0 0 0 0 0 0 0 0 0 1 0 
 0 0 0 0 0 0 0 0 0 59 0 0 0 0 0 0 0 0 0 0 0 0 0 0 0 0 0 0 0 0 0 0 0 0 3 0 0 0 0 0 56 137 369 140 54 55 298 0 219 158 318 35 91 310 144 166 66 284 159 86 4 4 0 2 2 0 0 0 5 0 0 0 0 2 6 4 0 0 0 2 11 0 0 0 0 0 0 0 0 0 0 0 0 0 0 0 0 0 0 0 0 0 0 0 0 0 0 0 0 0 0 0 0 0 0 0 0 0 0 0 0 27 32 0 1 34 0 53 0 10 28 8 0 17 0 11 0 10 0 0 15 0 2 40 0 0 61 0 0 46 9 3 19 13 0 0 6 0 7 0 0 0 0 0 0 0 0 0 0 0 0 0 0 0 0 0 0 0 0 0 0 0 0 0 0 0 0 0 0 0 0 0 0 0 0 0 6 0 0 0 0 14 26 18 0 17 0 0 11 0 0 19 0 0 12 17 8 0 0 0 6 0 0 11 0 1 13 0 0 0 1 0 0 13 0 0 0 2 24 0 0 0 0 0 0 0 0 0 0 0 0 3 0 2 0 0 0 0 0 2 0 0 12 0 62 12 2 0 2 0 7 0 0 0 0 2 0 0 0 0 0 0 0 0 7 0 0 11 2 0 
 0 0 0 64 0 0 0 0 0 0 0 0 0 0 0 0 0 0 0 0 0 0 0 6 33 1 19 0 0 0 0 0 0 0 1 0 2 63 0 6 128 51 148 57 51 48 121 219 0 49 43 45 314 195 101 159 89 169 81 80 2 0 0 0 0 0 0 0 2 0 3 0 0 0 0 0 0 1 0 8 0 0 0 0 0 0 0 0 0 0 0 0 0 0 0 0 0 0 0 0 0 0 0 17 0 0 0 0 0 31 1 0 0 10 0 0 0 0 0 0 0 15 20 34 7 6 21 0 7 24 22 7 1 0 21 47 18 33 16 0 0 7 0 0 0 0 0 0 0 0 0 0 0 0 0 0 0 0 13 0 0 0 0 0 0 0 0 0 0 0 0 0 0 0 0 0 0 0 0 0 7 0 0 0 0 3 7 0 2 0 0 0 0 0 0 0 0 0 0 7 12 16 20 7 12 7 15 0 22 10 13 9 6 0 2 21 16 0 2 0 0 0 0 0 0 0 10 0 0 0 0 0 0 8 0 0 0 0 18 0 0 0 7 0 0 0 0 0 0 2 0 2 0 0 0 0 0 0 0 1 0 0 0 0 1 1 2 68 0 0 0 0 0 0 0 0 0 0 0 0 0 0 0 0 14 13 0 25 0 0 
 1 1 0 0 3 0 0 1 2 2 0 0 1 2 40 1 1 2 2 0 0 1 4 0 0 0 0 0 0 0 2 0 0 0 0 3 0 0 0 0 244 324 361 161 79 64 53 158 49 0 375 189 63 56 101 148 50 167 293 115 0 0 1 0 4 0 51 0 6 2 0 0 0 0 0 6 0 2 52 0 0 0 0 0 0 0 0 0 0 0 0 0 0 0 0 0 0 0 0 0 0 0 0 0 0 0 0 0 0 0 0 0 0 0 0 0 0 0 0 0 0 0 0 7 15 0 0 0 11 0 26 0 0 13 0 12 0 12 0 0 9 0 0 0 0 0 0 2 0 0 0 0 6 12 13 0 0 0 11 17 0 0 0 0 0 0 0 0 0 2 0 0 0 0 0 0 0 0 0 0 0 0 0 0 0 0 0 0 0 0 0 0 0 0 0 0 0 0 0 0 0 23 21 76 0 1 0 10 12 35 0 12 0 9 0 13 25 8 0 0 18 0 0 11 0 0 0 0 0 0 0 0 0 18 0 0 0 0 48 2 0 0 0 0 0 0 0 0 0 0 0 10 0 2 0 0 0 0 0 0 0 0 0 1 0 9 0 0 3 0 0 0 0 0 0 0 0 0 0 0 0 0 0 0 9 0 0 0 2 0 
 2 2 3 3 2 3 9 2 2 2 3 3 3 33 3 2 2 2 2 3 1 1 0 0 1 1 0 1 0 1 2 1 1 1 2 0 1 2 1 4 81 36 418 65 178 191 299 318 43 375 0 74 317 35 88 99 93 151 315 179 1 0 0 0 0 0 0 0 2 1 33 0 56 0 0 0 0 0 13 0 0 0 0 0 0 0 0 0 0 0 0 0 29 0 0 0 0 0 0 0 0 0 0 0 24 0 0 0 0 0 0 0 0 0 0 0 14 0 0 0 0 0 0 11 0 21 0 0 14 0 1 14 1 13 1 18 0 0 0 14 0 25 0 0 1 0 12 0 0 22 10 6 0 13 12 0 17 1 30 10 0 7 0 0 0 0 0 0 0 0 0 0 0 0 0 0 0 0 0 0 0 0 0 0 0 0 0 9 0 0 0 0 0 0 0 0 0 0 0 0 0 14 29 0 15 9 0 9 0 9 9 6 1 10 0 13 7 19 0 0 7 0 6 12 0 0 0 37 2 1 0 0 29 1 0 19 25 5 3 12 0 0 0 0 0 0 0 0 0 0 0 5 0 4 1 1 0 0 0 7 0 0 1 50 0 5 2 0 0 0 0 0 0 0 0 0 0 0 0 0 0 0 0 3 0 0 0 0 0 0 
 0 0 0 0 0 0 0 0 0 0 0 0 3 0 0 0 0 0 0 4 4 3 2 4 3 4 3 3 3 3 3 3 3 3 3 3 4 3 3 0 249 298 41 157 341 156 30 35 45 189 74 0 43 29 49 343 623 122 24 39 52 101 0 0 1 0 29 2 1 0 0 0 0 0 52 3 51 51 37 84 0 0 0 0 0 2 0 0 0 0 0 0 0 0 0 0 0 0 0 0 0 0 0 20 0 0 0 0 0 0 0 0 0 0 0 0 0 0 0 0 0 0 20 0 41 1 1 0 0 1 7 0 0 20 0 9 1 0 0 0 0 0 16 0 0 0 0 16 49 1 0 0 23 0 0 14 0 1 0 0 0 0 0 0 0 0 0 0 0 4 0 0 0 0 0 0 3 0 0 0 0 0 0 0 0 0 0 0 0 0 0 0 0 0 0 0 0 0 0 0 0 14 23 54 7 0 0 0 0 0 0 11 0 0 1 1 7 7 0 0 32 4 0 21 0 0 10 0 47 0 0 0 29 0 0 0 0 0 41 32 0 0 0 0 0 0 0 0 0 0 0 3 0 0 0 0 0 0 0 2 57 26 8 74 1 2 4 5 2 0 0 0 0 0 0 0 0 0 0 0 0 0 0 0 4 0 0 0 0 9 
 2 13 0 0 0 0 0 0 0 3 0 2 0 2 0 0 0 0 0 0 2 2 62 2 96 56 2 64 64 3 2 66 2 2 2 35 65 2 2 0 124 115 270 59 119 246 376 91 314 63 317 43 0 551 58 241 332 134 229 347 0 0 7 0 0 0 0 0 0 34 0 4 0 0 0 1 0 0 3 0 0 0 0 0 0 0 0 0 0 0 0 0 12 0 0 0 0 0 0 0 0 0 0 0 11 0 0 0 0 30 0 8 0 0 0 9 0 0 0 0 9 0 0 13 0 12 48 18 31 17 7 23 6 11 5 16 22 10 8 0 0 0 0 0 0 7 0 0 0 0 0 0 0 0 0 0 0 0 0 0 0 0 0 0 0 9 0 0 0 0 0 0 0 0 4 0 0 0 0 0 0 0 8 0 0 0 0 0 10 27 10 0 0 0 0 0 37 0 0 0 9 1 0 9 0 0 48 28 28 52 0 0 24 15 10 0 10 0 15 0 0 0 0 0 6 0 0 0 0 0 0 0 0 0 0 0 0 0 0 0 0 0 0 0 0 0 0 0 0 0 0 1 0 0 0 0 0 0 0 0 9 0 0 0 2 2 0 1 0 0 0 0 0 0 23 0 0 0 0 0 0 0 0 0 0 0 0 0 1 0 
 0 0 0 0 0 0 0 0 0 5 0 2 0 0 0 0 0 65 0 0 2 3 1 3 64 67 3 2 3 2 3 64 2 2 1 3 2 2 2 0 141 131 102 68 75 256 229 310 195 56 35 29 551 0 231 46 171 72 206 423 0 0 1 0 5 0 1 0 2 4 0 7 0 0 3 0 0 0 3 1 0 0 0 0 0 0 0 0 0 0 0 0 0 0 0 0 0 0 0 0 0 0 0 0 14 0 0 0 0 0 0 13 0 0 0 0 0 0 0 0 23 85 32 25 3 7 14 38 25 33 8 0 11 9 20 0 10 61 0 0 15 0 0 0 0 7 0 0 0 0 6 0 0 0 0 0 0 0 0 0 4 0 0 0 0 0 0 0 0 0 0 0 0 0 0 8 0 0 0 0 0 0 0 0 0 0 0 0 0 0 0 0 0 5 0 0 26 0 0 0 3 0 0 0 20 0 1 7 19 0 22 0 10 0 35 33 0 20 28 9 0 0 0 0 13 0 0 0 0 0 0 0 0 0 0 0 0 0 10 0 0 0 26 0 0 0 0 0 0 0 0 2 0 0 0 0 0 1 0 6 0 0 6 0 2 3 0 35 0 0 7 0 0 0 0 0 0 0 0 0 0 0 0 0 0 0 0 0 1 0 
 3 3 3 3 3 3 3 3 3 59 3 3 5 4 3 3 3 3 8 7 0 0 2 1 0 66 0 0 0 0 4 0 0 0 0 0 0 0 0 0 192 194 79 74 62 41 172 144 101 101 88 49 58 231 0 83 104 170 273 258 0 0 0 0 0 0 0 0 0 0 0 0 0 0 0 0 0 0 0 0 11 0 0 0 0 0 3 0 0 0 0 0 0 0 0 0 0 0 0 0 0 0 0 0 24 0 0 0 0 16 0 0 0 0 0 0 0 0 0 0 20 15 1 20 0 0 15 43 13 1 0 0 23 1 8 32 9 42 20 16 0 0 7 0 0 0 0 0 0 0 13 0 0 0 0 0 0 0 0 0 3 0 0 0 0 0 0 2 0 2 0 0 1 0 0 3 0 0 26 0 0 0 0 0 52 0 0 0 0 0 0 0 0 0 0 0 0 0 0 0 10 0 27 16 8 0 0 18 12 9 2 0 10 14 12 11 15 47 42 0 0 0 0 0 0 0 0 0 0 0 0 0 0 0 0 0 0 0 15 0 0 0 0 0 0 0 0 0 0 27 0 16 0 1 0 0 0 0 0 13 0 0 71 3 0 0 0 0 2 0 8 0 0 0 0 0 0 0 0 0 0 0 0 0 0 13 0 0 1 0 
 3 0 0 0 0 0 0 0 0 2 0 3 0 3 0 0 0 0 2 0 0 0 6 0 0 1 0 0 1 0 1 0 0 0 0 0 0 0 0 4 35 78 122 121 151 91 106 166 159 148 99 343 241 46 83 0 353 125 17 86 1 0 1 6 1 0 7 3 7 0 14 2 25 0 0 2 0 6 68 2 0 0 0 0 0 0 0 0 0 0 0 0 0 0 0 0 0 0 0 0 0 0 0 0 0 0 1 0 0 0 0 0 0 0 0 0 0 0 0 0 0 10 11 16 5 19 0 10 0 0 0 0 0 7 7 0 0 0 0 0 0 12 0 21 11 0 11 7 0 0 6 0 18 11 15 0 0 8 10 7 0 0 0 0 0 0 0 0 4 0 0 0 0 0 0 0 0 0 0 0 0 0 0 0 0 0 0 0 0 0 0 0 0 0 0 0 0 0 0 0 8 23 42 5 10 22 0 2 16 15 18 31 0 0 0 12 14 9 0 11 10 26 10 12 0 3 0 18 0 0 8 0 13 8 0 19 0 0 6 0 0 0 11 0 0 2 0 0 0 0 0 4 0 0 0 0 0 0 0 0 0 0 1 0 68 1 9 1 1 0 3 0 0 0 0 0 0 4 0 0 0 0 0 0 16 11 0 0 0 0 
 2 2 0 2 0 0 0 0 0 0 0 2 63 2 0 0 0 0 6 3 3 3 0 3 3 67 3 3 3 3 2 3 3 3 2 5 4 3 3 0 74 122 115 50 49 63 289 66 89 50 93 623 332 171 104 353 0 123 199 322 0 0 0 0 0 0 0 0 0 50 2 3 0 0 49 0 0 0 55 0 0 0 0 0 0 0 12 0 0 0 0 0 0 0 0 0 0 0 0 0 0 0 0 0 0 0 0 0 0 0 0 0 0 0 0 0 0 0 0 0 0 0 25 17 64 19 18 17 0 31 10 21 19 2 20 0 19 39 0 0 0 0 15 0 24 0 10 3 0 0 0 10 33 9 0 0 0 0 10 0 3 0 0 0 0 0 0 0 0 0 0 0 0 0 0 5 0 0 0 0 0 0 0 20 0 0 0 0 0 0 0 0 5 0 0 0 0 0 0 0 0 23 10 33 15 1 0 3 25 12 0 15 7 0 4 15 11 12 0 0 12 0 0 0 18 0 13 0 0 0 0 0 0 0 0 0 0 0 59 0 0 0 1 0 0 0 0 0 0 0 0 2 0 2 0 0 0 0 0 15 0 1 2 0 68 1 0 64 0 0 0 0 0 0 0 0 0 0 0 0 0 0 0 0 18 0 0 12 2 0 
 0 0 0 2 0 0 0 2 0 1 0 0 1 0 0 0 0 1 0 3 5 68 0 32 62 2 21 12 0 1 0 0 0 0 0 0 4 4 0 11 137 30 279 51 41 52 371 284 169 167 151 122 134 72 170 125 123 0 154 176 0 0 0 4 0 0 0 0 16 1 0 0 0 4 4 5 0 0 0 5 0 0 0 0 0 0 0 0 0 0 0 0 0 0 0 0 0 0 0 0 0 5 0 15 0 0 0 0 0 33 7 0 0 0 0 0 0 0 0 0 0 0 7 19 0 0 4 3 52 19 27 1 2 3 36 27 16 35 9 0 0 0 0 0 0 0 0 0 0 0 0 0 0 0 0 0 0 0 0 1 10 0 0 0 0 0 0 0 0 0 0 0 0 2 0 4 0 0 0 0 11 0 0 0 0 3 5 0 2 0 0 0 0 0 0 0 0 0 0 9 11 0 21 0 17 0 12 17 13 24 15 16 1 2 10 10 9 10 4 8 0 0 0 21 0 0 0 0 0 0 0 0 0 0 0 0 0 0 33 0 0 0 0 0 0 0 0 0 0 0 0 2 0 0 0 0 1 0 0 22 0 0 1 1 2 0 0 0 0 0 11 0 2 0 0 0 0 0 0 0 0 0 0 0 0 10 0 4 0 0 
 2 2 3 3 2 3 9 2 2 2 3 3 3 2 3 2 2 2 2 3 0 0 0 0 0 22 0 0 0 0 1 0 0 0 0 0 0 0 0 2 257 215 61 55 46 54 213 159 81 293 315 24 229 206 273 17 199 154 0 218 0 0 12 0 0 1 0 0 0 5 0 7 2 0 0 6 0 0 5 0 0 0 0 0 0 0 0 0 18 0 14 0 0 0 0 0 0 0 0 0 0 0 0 41 13 0 0 0 0 0 31 0 0 0 0 0 0 0 0 0 0 23 0 1 0 7 42 62 21 37 50 19 13 0 22 38 19 12 57 14 0 0 0 0 0 1 0 0 0 0 9 0 0 0 0 0 0 0 0 0 5 0 0 29 0 0 0 0 0 0 0 0 0 0 0 4 0 0 0 0 0 0 0 0 0 0 0 0 0 0 0 0 0 0 0 0 0 0 0 0 19 0 24 10 10 0 0 11 11 22 10 0 0 0 29 4 0 57 0 39 0 0 0 0 4 0 0 0 0 3 0 5 0 0 0 1 0 0 10 0 0 0 0 0 0 0 0 0 0 0 0 4 0 0 0 0 0 0 0 6 0 0 69 0 0 2 2 2 2 0 2 0 0 0 0 0 0 0 0 0 0 0 0 0 0 0 0 0 2 34 
 0 5 5 0 0 0 4 4 0 3 0 0 4 0 6 4 4 0 2 0 1 2 3 1 29 25 2 0 2 1 3 0 0 0 1 62 0 0 2 0 374 183 40 286 116 50 118 86 80 115 179 39 347 423 258 86 322 176 218 0 0 0 2 4 52 0 0 0 2 3 14 0 2 2 5 4 0 4 5 0 4 0 26 0 0 8 0 0 31 0 0 0 10 0 0 2 12 0 0 0 0 0 0 0 22 0 0 0 0 0 0 0 13 4 0 0 0 0 0 0 0 0 0 29 0 9 33 65 21 30 1 20 16 0 35 45 20 7 25 14 0 0 0 0 0 0 0 0 0 0 0 0 0 0 0 0 0 0 0 0 6 0 12 4 0 0 0 0 2 0 6 7 0 0 0 5 5 0 0 0 0 0 0 0 0 13 0 0 0 0 0 0 0 0 0 0 0 0 0 0 9 0 21 8 13 0 16 5 9 42 0 8 2 0 20 0 1 54 0 0 0 0 0 0 0 0 0 0 0 0 0 0 0 0 0 0 0 0 21 0 0 0 0 0 0 1 0 0 0 0 0 13 0 1 0 0 0 0 0 16 1 0 1 0 0 1 0 3 0 0 9 0 0 0 0 0 0 0 0 0 0 0 0 0 0 0 0 0 1 0 
 0 0 0 0 0 0 0 0 0 0 0 0 0 0 0 0 0 0 0 0 0 0 0 0 0 0 0 4 3 0 0 0 0 0 0 0 0 0 0 0 0 0 0 65 114 79 51 4 2 0 1 52 0 0 0 1 0 0 0 0 0 124 253 258 38 45 106 198 125 26 61 36 101 26 21 123 25 81 110 102 0 0 0 0 0 0 5 0 0 0 0 0 0 6 0 0 0 0 0 0 0 0 0 0 0 0 0 0 0 0 0 0 0 0 0 0 0 0 0 0 0 0 0 0 3 13 0 0 0 0 0 0 0 0 0 0 0 0 0 0 0 21 9 0 7 0 22 54 0 5 0 11 9 15 12 32 7 19 0 9 0 0 6 0 0 0 0 0 0 0 0 0 0 0 0 0 0 0 0 0 0 0 0 0 0 0 0 0 0 0 0 0 0 0 0 0 0 0 0 0 0 0 0 0 14 1 0 0 0 0 18 0 10 0 0 0 0 0 0 0 10 21 10 22 12 0 0 8 8 20 4 9 10 10 9 25 9 13 0 9 0 0 0 0 0 0 0 0 0 0 0 0 0 0 1 0 24 0 0 0 0 0 23 0 0 0 0 0 0 0 4 0 0 0 1 53 0 0 0 0 0 0 0 0 0 0 0 0 0 0 
