 0 310 82 62 45 59 164 167 31 351 49 50 389 170 218 122 254 133 349 136 0 0 0 2 0 0 0 2 0 0 0 0 0 0 0 66 2 0 0 0 2 3 2 0 0 31 0 3 2 0 0 4 0 0 3 0 0 0 3 0 0 0 1 0 2 0 3 0 0 0 3 0 0 0 2 0 0 0 0 1 4 0 0 28 0 0 52 13 0 9 30 36 13 7 12 10 18 0 1 5 0 0 0 0 0 0 0 0 0 0 0 0 0 0 0 0 0 0 1 0 0 0 0 2 0 0 0 0 0 13 0 0 0 1 0 0 0 0 0 0 0 0 0 0 0 0 0 0 0 0 0 0 21 0 0 0 0 0 0 4 39 46 6 0 0 0 29 1 14 0 0 11 42 0 11 28 19 0 13 55 0 0 0 0 0 0 0 0 0 0 1 0 0 0 0 0 0 0 0 2 0 0 0 0 0 0 0 0 0 0 0 0 0 0 0 9 0 0 0 0 0 0 0 0 0 0 1 0 0 0 0 0 0 11 0 0 0 0 0 0 0 17 0 0 0 2 0 0 2 2 1 4 0 0 0 0 0 0 0 0 0 0 0 0 0 0 0 0 0 0 0 0 0 1 0 0 0 1 0 0 0 0 0 0 0 0 0 0 0 0 
 310 0 333 337 133 44 157 214 182 78 58 90 264 349 169 125 184 49 56 192 0 0 4 0 0 5 0 4 0 0 2 6 0 6 74 2 2 5 2 1 2 6 1 0 5 2 0 3 0 6 5 3 0 2 3 2 5 0 3 0 0 0 0 2 2 0 4 5 0 0 5 0 3 0 2 0 37 0 0 0 10 11 11 30 0 0 31 9 0 25 29 0 9 0 23 2 8 13 0 2 0 0 0 0 0 0 25 25 0 1 0 0 20 1 0 10 0 2 12 10 0 0 0 0 0 0 0 0 0 0 24 0 0 0 0 0 37 0 0 0 19 0 0 0 0 0 0 0 0 0 0 0 0 0 0 0 0 0 0 4 36 0 18 43 0 1 0 29 18 0 18 55 0 7 10 33 0 18 25 31 0 0 0 2 0 0 0 0 0 0 0 27 14 19 0 0 0 0 9 0 10 0 0 0 0 0 0 0 0 0 0 0 0 0 0 0 0 0 0 0 0 0 0 0 0 0 0 0 0 1 0 0 0 0 0 0 0 0 0 0 0 14 0 0 0 2 3 0 4 46 12 17 1 0 2 0 0 2 0 0 0 0 0 0 0 0 0 0 0 0 0 0 0 0 0 18 11 0 0 0 0 0 0 0 0 0 0 0 0 0 
 82 333 0 187 348 470 65 107 239 146 264 25 321 51 138 315 60 233 33 32 89 0 0 2 0 2 3 5 1 2 0 0 0 85 0 0 5 0 3 89 2 3 0 77 0 0 0 3 0 0 0 4 0 78 7 0 1 0 3 0 0 0 0 44 5 0 11 11 0 0 2 0 0 0 5 0 0 0 0 0 0 25 8 16 4 31 17 0 17 18 10 29 0 0 38 0 27 19 0 0 1 0 6 0 0 7 15 0 0 0 0 0 21 1 19 1 0 0 52 45 0 0 0 0 0 0 0 0 0 1 0 0 0 0 0 0 0 0 0 0 0 0 2 6 0 0 0 2 0 0 1 17 0 0 0 0 0 6 0 0 12 0 32 37 5 0 1 10 7 50 58 16 0 8 30 32 0 19 0 0 27 0 2 0 2 2 28 0 0 0 0 0 27 0 0 1 0 10 18 40 0 0 0 0 0 0 0 0 0 0 0 0 0 0 0 0 19 0 0 0 0 0 0 0 0 0 0 0 0 0 0 0 0 0 0 0 0 0 0 0 0 23 0 0 0 1 1 0 3 50 0 7 0 0 0 0 0 0 0 0 0 0 10 0 0 0 0 0 0 0 0 0 0 0 0 0 0 0 0 0 0 0 0 0 0 0 0 0 0 0 
 62 337 187 0 171 28 273 60 276 319 140 144 294 230 40 118 332 163 47 78 31 0 0 0 0 2 0 77 1 0 0 0 0 68 0 0 2 1 1 4 0 3 2 0 0 0 0 3 0 0 0 4 0 0 5 0 0 0 5 0 0 0 0 0 2 0 3 5 0 0 3 0 0 0 2 0 34 0 0 0 16 18 21 27 29 43 25 9 9 14 12 12 0 12 35 0 25 19 0 50 0 0 20 0 0 0 0 0 0 0 9 0 16 0 0 2 0 0 14 1 0 0 0 0 0 0 0 0 0 11 0 0 0 0 0 2 0 0 0 0 0 0 0 6 0 0 0 0 0 0 1 3 0 0 0 0 25 6 0 0 0 18 0 45 13 0 18 19 0 0 111 33 0 13 0 40 1 31 0 25 26 2 0 0 0 0 11 0 0 0 2 0 9 0 0 0 0 0 28 0 0 0 0 0 0 1 0 0 0 0 0 0 0 0 0 0 0 0 0 0 0 0 0 0 0 0 0 0 0 0 0 2 0 0 0 0 0 0 0 0 0 1 0 0 0 0 89 0 0 2 3 9 1 2 0 0 0 0 0 0 0 0 0 0 0 0 0 0 0 0 0 0 0 0 0 33 0 0 0 0 0 0 0 0 0 15 0 0 0 0 
 45 133 348 171 0 166 40 318 76 94 228 312 101 523 222 247 61 72 259 78 92 0 1 0 0 0 0 19 0 0 0 2 76 97 0 0 3 0 76 1 2 3 0 0 0 0 0 3 0 0 0 3 0 0 4 0 0 0 3 0 0 0 0 0 3 0 6 2 0 0 2 0 0 0 3 0 2 0 0 0 0 11 12 0 14 15 19 0 22 9 11 0 0 0 17 0 1 27 0 0 25 1 2 0 0 0 6 14 3 0 9 8 8 0 8 29 0 1 14 13 0 0 0 0 0 0 0 0 0 0 0 0 0 0 0 0 12 0 0 0 0 2 0 3 0 0 0 0 0 0 7 0 0 0 0 0 0 0 0 0 29 0 15 19 10 10 0 11 17 87 50 9 0 22 36 48 0 25 0 0 23 15 0 20 0 0 0 7 0 2 12 0 82 22 0 19 3 0 38 8 9 20 0 0 0 0 0 0 0 0 0 0 0 0 0 0 0 0 0 0 0 0 0 0 0 0 0 0 0 0 0 0 0 0 2 0 0 0 0 0 0 15 0 0 0 0 50 0 10 6 0 12 0 0 0 0 0 0 0 0 0 0 12 0 0 0 0 0 0 0 0 0 0 0 0 0 12 0 0 0 0 0 0 0 0 0 0 0 0 0 
 59 44 470 28 166 0 259 467 42 70 87 62 119 41 258 70 60 148 118 56 82 290 76 0 0 1 23 127 79 2 2 0 79 154 78 74 2 78 20 117 2 3 3 0 0 0 0 3 0 0 0 3 0 0 11 0 0 0 3 6 29 0 2 4 2 0 3 0 4 0 3 0 0 0 2 2 0 0 0 0 0 0 0 15 1 14 0 0 0 0 0 19 0 0 0 0 0 0 0 0 113 43 2 20 20 0 21 8 52 0 9 7 25 0 56 12 0 10 1 39 0 0 0 0 0 0 0 0 0 0 0 15 2 0 0 0 0 0 0 0 0 0 0 14 0 0 0 0 0 1 4 17 7 0 0 0 0 0 0 0 0 1 0 5 10 16 0 0 0 0 0 0 0 0 0 0 0 16 0 0 19 13 41 29 0 0 52 36 1 0 0 0 0 20 23 10 54 41 31 3 0 0 0 0 0 0 2 0 0 0 0 0 0 0 0 1 0 0 0 1 0 0 0 0 0 0 0 0 0 0 0 0 0 0 0 0 0 0 0 0 0 0 0 0 0 2 2 0 1 1 1 4 4 0 0 0 0 0 74 0 1 0 0 0 0 0 11 0 0 0 0 0 0 0 0 0 0 0 0 0 0 0 0 0 0 0 0 0 0 0 
 164 157 65 273 40 259 0 239 146 127 39 240 122 224 242 77 126 77 57 64 0 0 0 0 0 1 0 2 2 1 75 3 0 0 0 0 2 1 0 0 2 3 2 29 0 0 0 3 0 0 0 3 0 0 4 0 0 0 3 0 0 0 0 0 2 0 3 9 0 0 3 0 0 0 2 0 33 0 0 0 9 15 17 3 0 0 22 13 10 48 0 19 15 72 61 10 28 44 2 55 0 0 0 0 0 0 0 0 0 0 0 0 0 0 0 0 0 0 0 10 0 2 0 0 0 0 0 0 0 1 0 0 0 0 0 0 27 0 0 0 0 0 0 0 0 0 4 0 0 21 0 0 0 0 0 0 0 0 0 2 4 17 20 18 0 1 21 20 19 0 17 26 10 25 0 49 26 63 0 21 0 0 2 0 0 1 0 0 0 0 0 0 1 0 0 0 0 2 18 7 7 0 0 0 0 7 0 0 17 0 0 0 0 0 0 0 0 0 0 0 0 0 0 0 0 0 0 0 0 0 0 0 21 0 0 0 0 0 0 0 0 0 0 0 0 0 2 0 1 5 11 2 0 0 0 0 0 0 0 0 0 0 0 0 0 0 0 0 0 0 0 0 0 0 0 22 29 35 0 0 0 0 0 0 0 1 0 0 0 0 
 167 214 107 60 318 467 239 0 157 59 134 249 449 495 374 139 136 129 147 232 0 0 0 0 0 2 2 2 0 0 0 0 0 0 0 0 2 0 0 0 2 5 0 0 51 0 0 5 0 0 0 3 0 0 5 0 0 0 3 3 0 1 0 0 3 0 3 0 0 0 2 0 0 0 3 6 0 0 0 48 19 43 2 24 17 0 35 26 14 10 19 6 13 19 0 11 0 11 0 16 0 0 2 0 0 0 0 0 0 0 0 0 0 0 0 0 0 0 0 15 0 0 0 0 0 0 0 0 1 2 0 0 0 0 0 0 2 0 0 0 0 0 0 0 2 0 0 0 21 0 1 0 0 0 0 22 0 0 1 0 0 37 21 0 0 0 8 43 26 0 0 0 64 15 21 0 27 18 6 0 0 0 0 0 0 0 0 0 0 0 0 0 0 0 0 0 0 0 0 0 0 0 0 0 0 0 0 0 0 0 0 0 0 0 2 0 0 0 0 0 0 0 0 1 0 0 0 0 0 0 0 0 0 0 0 0 0 0 0 0 0 0 0 0 0 1 2 0 4 89 2 11 12 0 0 0 0 0 0 0 0 0 0 0 0 0 0 0 0 0 0 0 0 0 0 15 0 0 0 0 0 0 0 0 16 0 0 0 0 0 
 31 182 239 276 76 42 146 157 0 283 44 124 102 116 67 261 283 283 54 385 1 0 0 0 0 3 75 129 0 0 0 0 0 2 0 0 2 0 0 25 2 3 2 0 0 0 0 3 0 0 0 4 0 0 3 0 0 0 3 0 0 0 0 35 3 0 9 0 0 0 2 0 0 0 3 0 0 46 0 35 10 29 12 38 14 4 25 23 15 18 9 0 0 14 35 20 36 1 0 33 1 1 11 0 2 0 0 0 0 0 1 0 14 19 0 2 0 0 21 1 0 0 0 0 0 0 0 0 2 11 0 0 0 0 0 0 0 0 0 0 0 0 0 9 1 0 0 6 0 0 0 5 0 1 0 0 0 5 2 0 0 20 0 15 18 16 11 20 0 15 31 0 0 5 0 35 0 0 0 28 0 0 0 0 0 0 12 0 0 0 0 0 27 0 0 9 0 0 0 20 0 0 0 0 0 0 0 0 15 0 0 0 0 0 0 0 0 1 0 0 2 0 0 0 0 0 0 0 0 0 7 0 11 0 0 0 0 0 0 0 0 1 0 0 1 1 1 0 0 92 13 6 0 0 1 0 0 0 0 0 0 0 0 0 0 0 0 0 0 0 0 0 0 0 0 0 0 0 0 0 0 0 0 0 0 0 0 0 0 0 
 351 78 146 319 94 70 127 59 283 0 388 38 44 115 76 133 144 446 77 109 0 0 0 0 0 2 0 2 1 0 1 0 16 64 0 0 2 1 108 37 2 3 3 3 0 0 0 3 0 2 0 4 0 0 3 0 0 0 3 0 0 0 2 41 2 0 4 2 0 0 3 0 0 0 2 0 29 0 0 0 10 19 6 29 36 9 17 22 11 12 0 17 0 33 32 25 35 13 0 22 0 0 11 0 0 0 0 0 0 0 0 0 10 59 0 0 0 0 0 0 0 0 0 0 0 0 0 0 0 35 0 0 0 0 0 0 0 0 0 0 0 0 0 5 0 0 0 2 0 0 0 2 0 0 0 0 0 4 0 48 0 15 0 36 0 1 8 23 1 16 14 7 0 10 2 37 6 13 0 12 3 16 0 0 0 0 0 0 0 0 0 0 21 0 24 0 0 0 8 11 0 0 0 0 0 0 0 0 0 0 0 0 0 0 0 0 0 0 0 0 0 12 0 0 0 0 0 0 0 0 0 0 0 0 0 0 0 0 0 0 0 0 0 0 0 0 2 1 2 3 18 6 0 0 0 0 0 0 0 0 0 0 0 0 0 0 0 0 0 0 0 0 0 0 0 8 16 0 0 0 0 0 0 0 0 0 0 0 0 0 
 49 58 264 140 228 87 39 134 44 388 0 70 147 25 74 300 193 243 36 121 74 0 0 0 0 0 1 65 0 0 0 0 0 95 0 0 7 0 235 107 2 3 0 0 0 0 1 3 0 6 1 3 0 0 3 0 0 0 3 0 0 0 0 0 3 0 3 0 0 0 2 0 0 0 7 0 2 0 3 0 0 1 0 1 16 50 0 11 10 10 10 32 0 8 0 0 0 0 0 0 21 0 1 0 0 0 30 30 1 0 4 1 6 20 18 19 0 0 0 19 0 0 0 2 0 0 0 0 0 0 0 0 0 1 0 0 0 0 0 0 0 0 0 6 0 0 0 0 0 0 4 1 0 0 0 16 0 4 0 0 3 0 0 28 10 0 0 7 0 1 15 19 0 10 18 0 0 16 13 0 55 35 0 0 0 0 10 10 0 0 9 0 35 0 25 0 10 0 26 5 0 0 0 0 0 0 3 0 0 0 0 0 0 0 0 0 0 0 0 0 0 0 0 0 0 0 0 0 0 0 0 0 0 2 0 0 0 0 0 0 0 0 0 0 0 0 60 0 1 0 0 6 4 0 0 0 0 0 0 0 0 0 0 0 0 0 0 0 33 0 0 0 0 0 0 13 14 0 0 0 0 0 0 0 0 0 0 0 0 0 
 50 90 25 144 312 62 240 249 124 38 70 0 240 240 139 54 85 167 29 237 74 1 0 0 0 0 20 62 0 0 0 0 116 75 2 0 2 0 210 33 2 3 0 0 0 0 0 4 0 0 0 3 0 0 3 0 0 0 3 3 0 0 0 0 3 0 3 0 0 0 2 0 0 0 3 0 0 0 0 0 0 12 0 0 20 50 0 7 0 0 0 19 0 0 0 0 14 0 0 0 35 0 18 0 0 0 60 62 0 0 5 0 11 0 29 28 0 0 8 14 0 0 0 0 0 0 0 0 0 0 0 0 0 0 0 0 0 0 0 0 0 0 0 3 0 0 0 0 0 0 5 0 0 0 0 0 0 2 0 0 7 0 15 31 14 10 0 26 15 11 16 3 0 0 0 0 0 17 0 0 71 43 0 0 0 0 13 0 0 0 10 0 34 0 0 11 0 0 16 3 0 0 0 0 0 0 0 0 0 0 0 0 0 0 0 0 0 0 0 0 0 0 0 0 0 0 0 0 0 0 0 6 0 0 0 0 0 0 0 0 0 13 0 0 0 4 4 2 0 4 6 11 0 0 0 0 0 0 0 2 0 0 0 0 0 0 0 0 0 0 0 0 2 0 0 0 23 0 0 0 0 0 0 0 0 0 0 0 0 0 
 389 264 321 294 101 119 122 449 102 44 147 240 0 174 266 26 44 120 419 264 0 0 0 1 0 2 1 5 0 7 0 0 0 0 0 0 2 2 0 0 0 3 4 2 0 4 0 6 0 2 0 3 0 0 3 0 0 0 3 0 1 0 4 0 2 0 3 0 0 0 3 0 0 31 2 0 4 45 0 3 10 0 0 11 0 0 40 17 5 0 19 8 21 41 18 0 0 17 20 10 0 0 0 0 0 0 0 0 0 0 0 0 11 0 0 0 13 0 0 9 0 1 0 0 0 0 2 0 0 0 0 0 0 0 2 0 0 0 0 0 1 0 0 0 0 0 1 0 0 0 0 2 0 12 0 0 0 0 2 0 3 14 0 0 0 0 0 10 0 0 0 0 0 1 20 0 2 0 26 0 0 0 0 0 0 0 0 0 0 0 0 0 0 1 0 0 0 0 0 0 0 0 0 1 0 0 0 0 0 0 1 0 19 0 0 0 0 0 0 0 0 0 2 0 0 0 0 0 0 0 0 0 0 0 0 0 0 0 0 0 0 0 0 0 0 0 0 0 1 2 0 13 15 0 1 0 0 0 0 0 0 0 0 0 0 0 0 0 0 0 0 0 0 0 0 0 0 0 0 0 0 0 0 0 0 0 0 0 0 0 
 170 349 51 230 523 41 224 495 116 115 25 240 174 0 386 88 146 37 116 105 4 0 0 0 0 4 0 2 3 0 0 0 0 0 0 0 2 0 4 0 2 9 7 0 0 0 0 5 63 0 0 3 0 4 3 0 0 0 3 0 6 0 6 4 6 0 4 2 0 2 3 0 0 0 2 0 33 0 0 0 22 14 2 15 0 0 14 11 0 12 6 42 30 40 31 9 31 45 17 22 0 0 0 0 0 0 0 0 0 0 0 0 0 0 0 0 0 0 0 7 0 0 0 0 0 0 0 0 0 0 0 0 0 0 0 0 10 0 0 0 0 0 0 0 0 0 0 0 0 0 69 0 0 0 0 0 0 0 0 6 11 12 18 19 0 1 1 28 11 1 14 18 18 14 2 39 25 48 15 17 0 0 0 0 0 0 0 0 0 0 0 0 0 0 0 0 0 0 8 0 20 0 0 0 0 0 0 17 0 0 0 0 0 0 0 0 0 0 0 0 0 0 0 0 0 0 0 0 0 0 0 0 0 0 0 0 0 0 0 0 0 0 0 0 0 0 0 0 7 3 27 10 0 0 0 0 0 1 0 0 0 0 0 0 0 0 0 0 0 0 0 0 0 0 0 17 10 14 0 0 0 0 0 0 0 0 0 0 0 0 
 218 169 138 40 222 258 242 374 67 76 74 139 266 386 0 164 122 46 68 431 0 0 0 1 0 1 0 3 0 0 0 0 0 0 0 0 2 0 0 0 2 3 1 0 0 0 0 3 0 0 0 3 0 0 5 0 0 0 3 0 0 0 43 0 3 0 3 0 0 0 2 0 0 0 3 0 0 0 0 0 13 15 2 16 0 0 28 19 0 12 42 0 35 20 25 8 0 20 0 10 0 0 2 0 0 0 1 0 0 0 0 0 21 0 0 0 0 0 0 15 0 0 0 0 0 0 0 0 1 1 0 0 0 0 15 0 14 0 0 0 0 0 0 0 2 0 0 0 0 0 0 0 0 0 0 0 0 0 1 5 43 14 28 1 0 10 14 8 21 18 11 37 10 4 66 14 13 0 17 9 1 0 0 0 0 0 0 0 0 0 0 0 21 0 0 0 0 28 0 0 12 0 0 10 0 0 0 0 0 0 0 0 0 0 2 0 0 0 0 0 0 0 7 1 0 0 0 0 0 0 0 0 0 0 0 0 0 0 0 0 0 14 0 0 0 0 4 0 53 0 0 14 0 0 0 0 0 0 0 0 0 0 14 0 0 0 0 0 0 0 0 0 0 0 0 0 12 0 0 0 0 0 0 0 0 0 0 0 0 0 
 122 125 315 118 247 70 77 139 261 133 300 54 26 88 164 0 97 135 50 74 0 0 0 0 0 2 3 2 0 0 0 0 0 7 0 0 2 2 0 25 0 3 2 0 0 0 0 3 0 0 0 4 0 0 3 0 0 0 9 0 0 0 0 30 2 0 7 0 0 0 3 0 0 0 2 0 0 0 0 0 9 3 18 14 0 11 22 8 1 19 18 15 15 34 45 9 57 26 0 25 9 0 12 0 0 0 0 0 0 0 1 0 10 11 0 0 0 0 13 9 0 0 0 0 0 0 0 0 0 12 0 0 0 0 0 0 1 1 0 0 0 0 0 2 0 0 0 13 0 0 0 4 0 0 0 0 0 17 0 0 0 10 15 2 10 17 13 0 0 36 57 0 1 12 13 34 8 0 0 13 0 0 0 0 0 0 0 0 0 0 0 0 16 12 0 0 0 0 1 33 8 0 0 0 0 0 0 0 0 0 0 0 0 0 0 0 0 0 0 0 0 0 0 0 0 0 0 0 0 0 0 0 0 0 0 0 0 0 0 0 0 0 0 0 0 0 1 0 99 96 0 8 0 0 1 0 0 0 0 0 0 0 0 0 0 0 0 0 0 0 0 0 0 0 0 0 1 0 0 0 0 0 0 0 0 0 0 0 0 0 
 254 184 60 332 61 60 126 136 283 144 193 85 44 146 122 97 0 246 459 201 0 0 0 0 0 2 0 2 0 0 0 0 0 0 0 0 2 0 3 1 2 3 3 0 2 0 0 3 0 2 0 30 0 0 5 0 0 0 3 0 0 0 1 0 2 0 3 0 0 0 3 0 0 5 2 0 49 46 0 0 46 35 40 26 14 0 55 60 38 47 7 0 5 32 22 27 24 0 0 18 0 0 0 0 2 0 0 0 0 0 0 0 9 11 0 2 0 0 39 6 0 0 0 0 0 0 0 0 2 0 0 0 0 0 0 0 0 0 0 0 19 0 0 0 0 0 0 3 0 0 0 0 0 0 0 0 0 0 2 0 0 0 0 22 19 1 0 33 0 0 14 0 0 27 55 15 0 0 0 1 0 0 0 0 0 0 0 0 0 0 0 0 0 0 0 0 0 0 13 0 0 0 0 0 1 0 0 0 0 0 0 0 0 1 0 0 0 1 0 0 2 0 0 0 0 1 0 0 0 0 0 0 0 0 0 0 0 0 0 0 0 0 0 0 1 1 0 0 2 2 11 4 10 0 2 0 0 0 0 0 0 0 0 0 0 0 0 0 0 0 0 0 0 0 0 11 0 0 0 0 0 0 0 0 0 0 0 0 0 0 
 133 49 233 163 72 148 77 129 283 446 243 167 120 37 46 135 246 0 55 87 0 0 0 0 0 0 0 2 0 0 1 0 0 73 0 0 2 0 0 158 0 3 0 0 0 0 0 3 0 0 0 128 0 0 3 0 0 0 3 0 0 34 0 51 5 0 3 0 0 0 2 0 0 0 3 0 6 0 0 0 0 43 9 14 0 5 0 19 23 1 0 60 0 42 15 16 29 0 0 21 34 0 0 0 8 0 10 0 0 0 0 1 0 20 16 0 0 1 32 13 0 0 0 0 0 0 0 0 0 12 0 0 0 9 0 0 0 0 0 0 0 2 0 0 0 0 0 29 0 0 0 0 0 0 0 0 0 0 2 2 0 10 19 1 15 0 40 18 2 7 10 0 7 14 18 29 7 19 11 14 13 0 0 1 0 0 0 0 0 2 0 0 14 0 15 0 0 0 13 37 0 0 0 0 0 0 0 0 0 0 0 0 0 0 0 0 0 0 0 0 0 0 0 0 0 0 0 0 0 0 0 0 0 0 0 0 0 0 0 0 0 0 0 0 0 0 3 1 0 4 0 4 3 0 0 0 0 0 0 0 0 0 0 0 0 0 0 0 0 0 0 0 0 0 0 17 0 0 0 0 0 0 0 0 0 1 0 0 0 0 
 349 56 33 47 259 118 57 147 54 77 36 29 419 116 68 50 459 55 0 97 0 0 0 0 0 0 0 2 0 2 2 0 0 0 0 0 2 0 2 0 0 3 1 0 0 0 0 3 0 0 0 3 0 0 3 0 0 0 3 0 0 0 0 0 3 0 3 0 0 0 3 0 0 0 2 0 0 0 0 0 30 0 0 0 0 0 0 0 0 0 0 18 9 7 0 7 20 9 20 9 0 0 0 0 0 0 0 0 0 0 0 0 0 0 0 0 0 0 0 0 0 0 0 0 0 0 0 0 0 0 0 0 0 0 1 0 0 0 0 0 1 0 0 0 32 0 2 0 0 0 0 0 0 0 0 0 0 0 0 0 68 0 0 0 0 0 5 0 0 0 0 0 11 2 0 0 14 37 0 0 0 0 0 22 0 0 0 0 0 0 0 0 0 2 0 0 0 0 0 0 0 0 0 2 0 16 0 0 0 0 2 0 0 9 0 0 0 0 0 0 0 0 0 0 0 0 0 0 0 0 0 0 0 0 0 0 0 0 0 0 0 0 0 0 0 1 0 2 0 0 1 9 0 0 0 0 0 0 0 0 0 0 0 0 0 0 0 0 0 0 0 0 0 0 0 0 0 0 0 0 0 0 0 0 0 0 0 0 0 0 
 136 192 32 78 78 56 64 232 385 109 121 237 264 105 431 74 201 87 97 0 0 0 0 0 0 0 0 2 0 2 0 0 2 0 1 1 2 0 0 37 0 3 44 0 0 0 0 3 0 0 0 66 0 0 3 0 4 0 3 0 0 0 0 16 3 0 3 3 0 0 3 0 0 0 2 0 0 0 0 3 9 0 10 28 0 0 25 11 14 42 11 16 1 16 33 38 13 0 0 0 0 0 0 0 0 0 0 11 0 0 0 0 0 0 0 0 0 0 21 8 0 2 0 0 0 0 0 0 0 0 0 0 0 0 0 0 0 0 0 0 0 0 0 0 0 0 0 0 0 0 0 0 0 0 0 0 0 0 0 4 13 0 0 0 0 0 0 8 2 0 0 11 0 7 22 0 7 0 44 12 0 0 0 0 0 0 0 0 0 0 0 0 0 0 0 0 0 1 2 0 0 0 0 0 0 0 0 0 0 0 0 0 0 0 0 0 0 0 0 0 0 0 0 0 0 0 0 0 0 0 0 0 0 0 0 0 0 0 0 0 0 0 0 0 0 1 0 1 0 2 0 2 25 0 0 0 0 0 0 0 0 0 0 0 0 0 0 0 0 0 0 0 0 0 0 7 0 0 0 0 0 0 0 0 0 2 0 0 0 0 
 0 0 89 31 92 82 0 0 1 0 74 74 0 4 0 0 0 0 0 0 0 238 226 71 229 322 201 282 214 133 266 208 39 332 231 185 187 53 247 95 2 0 0 2 5 2 0 0 0 0 0 3 0 0 0 0 0 2 0 0 0 3 0 0 0 0 0 0 0 0 0 3 2 0 0 0 0 0 0 0 0 0 0 0 22 13 0 0 0 0 0 0 0 0 0 0 0 0 0 0 29 17 19 0 0 0 0 0 28 10 26 19 42 0 19 29 0 28 0 13 0 0 0 0 0 1 0 10 0 0 0 0 17 0 0 12 0 1 19 21 0 0 0 7 0 0 0 0 0 2 3 4 0 0 0 0 0 6 0 0 0 0 0 19 8 0 0 2 0 11 13 4 0 0 0 0 0 0 0 0 9 12 29 29 35 0 0 16 12 17 2 31 16 59 10 23 22 35 27 7 0 1 0 0 0 0 0 0 7 0 0 0 0 7 0 0 0 0 0 9 0 0 0 0 0 0 0 0 0 18 0 0 0 0 0 0 0 0 0 0 0 0 0 0 0 0 74 0 0 0 0 0 0 0 15 2 0 77 74 0 23 2 0 0 0 0 0 0 0 0 0 0 0 0 0 0 0 0 0 9 0 16 0 0 0 0 0 0 0 0 
 0 0 0 0 0 290 0 0 0 0 0 1 0 0 0 0 0 0 0 0 238 0 124 59 65 230 81 297 174 213 112 198 106 49 313 66 481 145 98 36 4 3 0 0 3 3 0 0 2 0 0 0 0 0 3 0 3 5 72 64 0 2 0 2 0 3 0 0 2 0 0 5 3 3 1 0 0 3 0 1 0 0 0 0 7 0 0 0 0 0 0 0 0 0 0 0 0 0 0 0 0 34 30 1 0 23 7 7 40 18 11 12 0 0 11 18 19 16 2 0 0 22 0 0 0 0 0 3 0 0 0 0 10 0 7 18 0 15 23 35 0 2 0 0 0 2 0 0 0 0 0 0 0 0 0 21 0 0 0 0 0 0 0 0 0 1 0 0 0 0 0 0 0 3 2 0 0 0 0 0 10 61 52 0 14 13 10 0 15 67 12 12 1 1 0 6 16 35 0 0 0 0 0 0 0 20 22 14 1 0 0 0 3 23 0 0 0 0 9 13 0 0 0 0 0 0 0 0 0 0 0 0 0 0 0 0 0 0 1 1 0 0 0 0 0 0 0 0 1 0 0 0 0 0 6 0 1 78 56 4 2 0 0 0 0 0 0 0 0 0 0 0 0 0 2 0 0 0 0 9 0 4 0 0 0 0 0 0 0 2 
 0 4 0 0 1 76 0 0 0 0 0 0 0 0 0 0 0 0 0 0 226 124 0 203 353 114 245 119 221 131 121 27 137 129 216 246 154 70 36 50 1 2 0 0 7 4 0 3 0 0 0 0 0 0 0 2 1 2 0 0 0 3 0 2 0 17 0 0 0 0 2 3 6 0 0 0 0 0 0 0 0 0 0 0 0 0 0 0 0 0 0 2 0 0 0 1 0 0 0 0 14 3 9 6 9 35 11 51 0 29 33 23 1 21 6 22 15 16 0 31 0 0 0 0 0 1 0 0 0 0 0 0 31 0 0 0 0 0 10 22 0 0 0 9 0 0 0 0 0 0 0 0 12 0 0 0 0 0 0 0 0 0 0 0 0 5 0 13 0 0 0 5 0 0 0 0 0 6 0 0 0 23 16 15 51 0 11 24 24 114 7 48 13 35 13 19 0 19 0 9 0 0 0 0 0 0 0 0 11 0 0 0 0 0 0 0 0 0 53 8 0 0 0 0 0 0 0 0 0 0 0 0 0 0 0 0 2 0 0 0 0 0 0 0 0 0 0 0 0 0 0 0 0 0 21 2 0 1 79 0 12 0 0 0 0 0 2 0 0 0 0 0 0 0 0 0 0 0 0 10 0 0 0 0 0 9 0 0 0 0 
 2 0 2 0 0 0 0 0 0 0 0 0 1 0 1 0 0 0 0 0 71 59 203 0 111 53 168 146 160 182 325 104 163 56 41 126 56 38 83 42 22 0 0 0 7 2 0 26 0 0 2 0 0 60 69 1 0 2 5 132 0 2 0 0 0 0 0 0 26 0 0 3 3 0 0 0 0 2 0 0 0 2 0 0 0 0 0 0 0 0 0 0 9 0 0 0 0 0 6 0 22 0 15 49 34 19 0 2 0 3 14 0 0 0 7 0 0 7 0 0 9 0 1 24 0 0 31 9 1 11 0 0 21 27 55 0 0 0 12 10 0 0 0 0 0 0 0 0 0 0 13 0 0 6 0 3 0 0 0 0 15 0 2 0 23 0 12 0 0 0 9 0 0 0 0 0 0 4 0 9 0 0 0 0 14 21 11 0 25 23 0 48 1 0 0 0 0 0 0 0 25 23 7 8 0 0 1 18 4 0 0 0 26 0 2 0 0 0 32 9 0 0 0 0 0 0 0 0 0 0 0 0 0 0 0 1 0 0 0 0 0 0 0 0 0 0 0 0 0 0 0 0 0 0 18 1 0 12 0 0 1 11 0 0 0 0 0 0 0 0 0 0 0 0 0 0 0 0 0 0 0 10 0 0 1 0 0 23 0 0 
 0 0 0 0 0 0 0 0 0 0 0 0 0 0 0 0 0 0 0 0 229 65 353 111 0 106 76 239 166 178 159 180 68 64 252 149 218 115 81 144 2 0 0 0 3 5 0 0 0 0 0 0 0 0 0 0 0 3 66 0 0 2 0 0 0 0 0 0 0 0 0 3 3 0 0 0 0 0 0 0 0 2 0 0 0 0 0 0 0 0 0 0 0 0 0 0 0 0 0 0 0 18 12 0 11 18 0 3 45 23 10 39 0 7 0 23 27 13 0 1 0 0 0 0 0 0 0 0 0 0 0 0 10 1 27 12 0 0 21 64 0 0 0 0 0 0 3 0 0 3 0 0 0 0 0 0 0 0 0 0 0 0 0 0 0 0 0 2 0 0 0 0 54 6 0 0 0 0 0 0 0 10 45 0 13 9 0 2 0 9 9 64 1 20 42 18 24 42 0 0 13 0 0 0 0 0 8 9 0 0 0 0 1 47 0 0 0 0 38 33 0 0 0 0 0 0 0 0 0 0 0 0 0 0 0 1 0 0 0 0 0 0 0 0 0 0 0 0 0 0 0 0 0 0 10 0 3 76 45 3 2 2 0 0 0 0 0 0 0 0 0 0 0 0 0 0 0 0 0 9 0 9 0 0 0 0 0 0 0 0 
 0 5 2 2 0 1 1 2 3 2 0 0 2 4 1 2 2 0 0 0 322 230 114 53 106 0 56 261 275 169 185 232 54 29 150 124 178 58 58 36 1 65 1 0 12 68 72 6 0 0 2 2 25 79 65 0 2 70 1 217 6 3 0 0 0 3 0 0 0 2 0 3 2 0 0 2 3 0 4 0 0 0 0 0 0 0 0 0 0 0 0 0 0 0 0 0 0 0 0 0 0 0 1 0 22 27 0 0 19 2 22 19 0 0 5 14 9 17 0 0 5 0 0 10 0 0 21 12 13 11 0 0 0 12 21 0 0 0 22 14 0 0 0 0 0 0 0 2 0 0 0 0 1 0 0 0 0 0 0 0 0 0 0 0 4 0 0 0 0 0 0 0 0 0 0 0 10 20 0 0 0 13 8 0 25 2 0 0 24 37 9 0 0 12 0 0 0 10 0 0 16 0 7 0 0 17 0 21 7 0 0 0 22 9 12 0 29 0 33 9 0 0 0 0 0 0 0 0 0 0 0 0 0 0 0 0 0 0 0 0 0 0 0 0 0 0 0 0 0 0 0 0 0 0 3 0 1 5 9 0 5 2 0 0 0 0 0 0 0 0 0 0 0 0 0 0 0 0 0 0 0 10 0 0 1 0 4 24 0 0 
 0 0 3 0 0 23 0 2 75 0 1 20 1 0 0 3 0 0 0 0 201 81 245 168 76 56 0 117 387 65 243 132 243 75 192 186 50 209 115 274 2 0 0 0 14 2 0 5 0 0 0 2 0 0 0 0 0 2 0 3 0 3 0 0 0 0 0 0 0 0 0 3 1 0 0 0 0 58 0 0 0 0 0 0 13 6 0 0 0 0 0 0 0 0 0 0 12 0 0 0 21 16 29 0 10 14 12 66 0 0 9 25 36 32 53 17 12 44 11 9 0 0 2 0 0 0 2 0 0 0 0 0 19 0 0 0 0 0 10 16 0 0 9 0 0 0 0 0 0 1 4 0 6 0 0 0 0 0 0 0 0 0 0 0 0 41 0 5 0 0 0 4 0 0 0 0 0 0 0 0 13 19 12 27 29 0 18 40 24 25 10 24 13 5 13 12 0 9 0 16 0 0 0 0 0 0 0 0 31 0 3 0 1 0 0 0 0 0 10 1 0 0 0 0 0 0 0 0 0 0 0 0 0 0 0 1 0 2 0 0 0 0 0 0 0 0 0 0 87 0 0 0 0 0 2 2 2 0 104 2 11 0 0 0 0 0 0 0 0 0 0 0 2 0 0 0 0 0 0 1 0 0 0 0 0 9 0 0 0 0 
 2 4 5 77 19 127 2 2 129 2 65 62 5 2 3 2 2 2 2 2 282 297 119 146 239 261 117 0 189 81 33 34 321 198 84 59 444 54 157 38 3 0 0 0 10 3 0 0 0 0 0 0 0 0 0 0 0 3 7 0 0 2 0 0 0 0 0 0 0 0 0 3 3 6 0 0 0 47 0 0 0 0 0 0 9 13 0 0 0 0 0 0 0 0 0 0 0 0 0 0 17 19 12 28 25 0 0 21 19 21 37 0 1 1 0 33 2 6 0 0 11 0 0 0 0 1 0 13 0 0 0 0 0 9 1 18 0 0 14 22 0 0 0 1 0 0 0 0 0 2 3 24 0 0 0 0 0 1 0 0 0 0 0 14 0 10 0 10 0 0 13 0 0 10 0 0 0 0 0 0 7 11 53 0 0 14 5 0 9 15 7 34 8 16 14 0 16 20 12 0 0 0 0 0 0 0 12 0 0 0 0 0 0 8 0 0 0 0 1 12 0 0 0 0 0 0 0 0 0 0 0 0 0 0 10 0 0 0 0 0 0 0 0 0 0 0 66 0 0 0 0 0 0 0 4 0 2 9 76 0 3 2 0 0 0 0 0 0 0 0 0 0 0 0 0 0 0 0 0 0 0 0 0 0 0 0 0 0 0 0 
 0 0 1 1 0 79 2 0 0 1 0 0 0 3 0 0 0 0 0 0 214 174 221 160 166 275 387 189 0 92 120 403 107 61 245 137 253 115 281 129 1 0 0 0 15 2 0 2 0 0 0 0 0 74 0 0 0 2 28 67 3 3 0 0 0 0 0 0 0 0 0 3 2 52 0 0 0 0 0 0 0 0 0 0 0 0 0 0 0 0 0 0 0 0 0 0 0 0 0 0 18 31 9 0 1 1 10 18 20 64 8 25 0 7 51 35 0 33 0 30 0 0 0 1 0 0 10 15 0 0 0 0 10 0 8 11 0 0 22 45 0 0 2 0 0 0 0 0 0 0 11 0 14 0 0 0 0 0 0 2 0 0 0 2 0 23 0 0 0 0 0 0 0 0 0 0 1 0 0 0 0 30 65 21 12 16 2 11 24 19 13 23 0 11 19 0 15 31 5 0 0 0 0 0 1 0 29 0 0 0 0 0 0 22 0 0 0 0 0 19 0 0 0 0 0 0 0 0 0 0 0 0 0 2 0 0 0 0 0 0 0 0 0 0 0 0 0 0 0 0 0 0 0 0 5 2 0 76 1 0 0 0 0 0 0 0 0 0 0 0 0 0 0 0 0 0 0 0 0 9 0 0 0 0 0 0 0 0 0 0 
 0 0 2 0 0 2 1 0 0 0 0 0 7 0 0 0 0 0 2 2 133 213 131 182 178 169 65 81 92 0 375 50 282 46 290 146 291 721 99 147 1 0 0 0 2 1 97 0 0 0 63 0 0 0 0 0 0 1 0 0 0 3 0 0 0 0 0 0 0 0 0 3 1 0 0 0 0 0 0 0 0 0 0 0 0 0 0 0 0 0 3 0 0 0 0 0 0 0 0 0 0 0 11 0 15 17 15 6 10 35 0 15 0 7 0 7 1 13 0 0 4 0 0 0 0 0 13 14 0 0 0 0 10 0 25 8 0 0 0 4 0 0 0 1 0 0 0 0 0 0 0 0 0 0 0 0 2 0 0 0 0 0 0 0 0 0 1 1 0 0 0 0 11 5 0 0 0 0 0 0 0 0 45 15 10 16 0 0 43 12 12 26 0 18 11 14 0 10 0 0 0 0 0 0 0 0 14 1 0 3 0 0 34 17 17 0 0 0 3 32 0 0 0 1 0 0 0 0 0 0 0 0 0 0 0 0 0 0 0 0 0 0 0 0 0 0 0 0 0 0 0 2 0 1 8 0 2 0 80 0 2 3 0 0 0 0 0 0 0 0 0 0 0 0 0 0 0 0 0 0 0 0 0 2 0 0 0 6 0 0 
 0 2 0 0 0 2 75 0 0 1 0 0 0 0 0 0 0 1 2 0 266 112 121 325 159 185 243 33 120 375 0 129 35 256 101 155 104 44 52 52 1 0 1 64 6 2 0 0 3 0 0 1 1 83 0 1 0 2 0 137 0 3 0 0 4 4 25 3 0 0 2 3 5 2 0 0 3 0 3 2 0 0 0 0 0 0 0 0 0 0 0 0 0 0 0 0 0 0 0 0 0 0 0 0 19 22 0 0 10 3 13 29 0 8 0 38 0 20 0 0 1 1 2 12 0 0 12 10 1 11 1 0 11 21 29 1 0 21 40 2 0 0 0 2 0 0 0 0 0 0 0 0 0 1 0 0 0 0 0 2 0 0 0 2 15 0 0 0 0 0 0 0 0 0 0 0 0 0 0 0 0 6 32 23 12 0 0 0 22 20 4 0 0 25 9 0 0 0 0 8 29 7 19 0 0 0 0 0 14 40 7 0 15 4 5 0 0 0 12 16 0 1 0 0 0 0 0 0 0 0 0 0 0 2 0 0 0 0 0 0 0 0 0 0 0 0 0 0 0 0 0 0 0 0 15 2 0 0 0 0 3 0 0 0 0 0 0 0 0 0 0 0 0 0 0 0 0 0 0 0 0 0 0 0 1 0 0 24 0 0 
 0 6 0 0 2 0 3 0 0 0 0 0 0 0 0 0 0 0 0 0 208 198 27 104 180 232 132 34 403 50 129 0 27 39 44 89 124 248 22 19 3 0 0 0 3 3 14 0 0 0 0 0 0 33 0 0 0 3 62 103 0 2 0 0 0 4 0 0 0 0 0 3 3 0 0 6 0 0 0 0 0 0 0 0 0 0 0 0 0 0 0 0 0 0 0 0 0 0 0 0 0 20 0 8 11 14 0 0 35 0 19 15 0 0 0 49 22 0 0 0 10 0 0 0 0 12 28 51 0 0 0 0 11 10 6 40 0 0 30 27 0 0 0 0 14 0 3 0 0 3 0 0 0 0 0 0 0 0 0 0 0 0 0 0 1 0 0 0 0 0 0 0 3 0 0 0 0 0 3 0 0 0 18 0 9 0 0 0 17 17 23 17 0 12 0 13 22 33 0 0 0 0 0 0 0 0 22 20 0 0 0 0 17 5 0 0 0 0 15 12 9 0 0 0 0 0 0 0 0 0 0 0 0 0 0 0 0 0 0 0 0 0 0 0 0 0 0 0 0 0 0 0 0 0 18 0 0 12 77 6 2 0 0 0 0 0 0 0 0 0 0 0 0 0 0 0 0 0 0 0 0 9 0 0 0 0 0 0 0 0 
 0 0 0 0 76 79 0 0 0 16 0 116 0 0 0 0 0 0 0 2 39 106 137 163 68 54 243 321 107 282 35 27 0 185 195 132 244 111 572 251 2 0 0 0 9 2 0 0 0 0 0 0 0 0 0 0 0 2 0 0 0 3 0 0 0 0 0 3 1 0 0 3 3 0 0 0 0 0 0 0 0 0 0 0 14 9 0 0 0 0 0 0 0 0 0 0 0 0 0 0 18 7 27 19 17 0 17 17 0 0 0 0 57 32 28 7 0 31 60 0 0 0 0 0 0 0 0 0 0 0 0 0 0 0 0 0 0 0 0 0 0 0 0 0 0 0 0 0 0 0 0 0 0 0 0 0 0 0 0 0 0 0 0 0 0 32 0 0 0 0 0 0 0 0 0 0 0 0 0 0 23 26 12 9 0 0 5 13 10 44 0 1 53 29 28 22 0 1 0 0 0 0 0 0 13 0 0 0 0 0 0 0 0 0 0 0 0 0 0 0 0 0 0 0 0 0 11 0 0 0 0 0 0 0 0 0 0 0 0 0 0 0 0 0 0 0 0 0 0 0 0 0 0 0 3 2 1 0 0 1 0 2 0 0 0 0 0 0 0 0 0 0 6 0 0 0 18 0 0 0 0 0 0 0 0 11 0 0 0 0 
 0 6 85 68 97 154 0 0 2 64 95 75 0 0 0 7 0 73 0 0 332 49 129 56 64 29 75 198 61 46 256 39 185 0 127 103 85 109 393 59 2 0 0 0 3 2 5 0 0 0 0 1 0 0 0 0 0 22 0 0 0 3 1 3 0 0 0 0 0 0 0 4 3 0 0 0 0 0 49 0 0 0 0 0 25 24 0 0 0 0 0 3 0 0 0 1 0 0 0 0 5 26 25 0 0 0 7 27 8 18 7 1 39 50 12 2 0 14 3 0 0 0 0 0 0 0 0 0 0 0 20 0 0 0 0 0 0 0 0 0 0 0 0 8 0 0 0 0 0 0 0 2 0 0 0 0 0 3 0 0 0 0 0 14 0 64 0 0 0 19 15 0 0 0 0 0 0 2 0 0 28 50 25 8 0 0 13 18 0 0 0 0 49 11 44 10 10 9 10 18 0 0 0 0 0 0 0 0 0 0 0 0 0 0 0 0 0 0 0 0 0 0 5 0 0 0 0 0 0 0 0 0 0 0 0 0 0 0 0 0 0 0 17 0 0 0 73 0 0 0 0 0 0 0 16 0 0 0 0 2 0 0 0 0 0 0 0 0 0 0 0 0 0 0 0 0 11 0 0 1 0 0 0 0 0 9 0 0 0 0 
 0 74 0 0 0 78 0 0 0 0 0 2 0 0 0 0 0 0 0 1 231 313 216 41 252 150 192 84 245 290 101 44 195 127 0 191 79 40 196 149 3 0 0 0 9 3 0 0 2 0 0 0 0 0 0 0 1 3 0 0 0 2 0 8 0 0 0 0 3 0 0 3 3 0 0 0 0 0 0 0 0 0 0 2 13 0 0 0 0 0 0 0 0 0 0 24 0 0 0 0 0 38 32 10 4 31 10 9 46 1 13 0 33 0 37 36 62 46 50 1 11 0 0 0 0 8 0 13 0 0 19 0 18 9 0 0 0 0 19 34 0 1 0 0 1 0 1 0 0 4 0 0 0 0 1 0 0 0 0 0 0 0 0 0 0 0 0 7 0 0 0 10 0 0 1 0 0 0 0 0 11 24 25 0 23 0 24 0 27 22 12 32 1 19 0 0 40 35 0 6 0 0 0 0 0 0 12 0 14 0 0 0 0 12 0 0 0 0 21 7 0 0 0 0 0 0 0 0 0 0 0 0 0 0 0 0 0 0 0 2 0 0 0 0 0 0 0 0 0 0 0 0 0 1 10 0 2 8 77 1 2 0 0 0 0 0 1 0 0 0 0 0 0 0 0 0 0 0 0 0 0 8 0 0 0 0 0 0 0 0 
 66 2 0 0 0 74 0 0 0 0 0 0 0 0 0 0 0 0 0 1 185 66 246 126 149 124 186 59 137 146 155 89 132 103 191 0 130 45 259 221 2 0 0 0 6 3 0 0 0 0 0 1 0 0 0 0 0 3 0 0 0 2 0 1 0 0 0 0 6 0 0 3 3 0 0 0 0 0 0 0 0 0 0 0 0 0 0 0 0 0 0 0 0 0 0 0 0 0 0 0 21 14 0 21 33 16 0 19 22 21 8 8 38 23 15 0 14 21 0 16 0 0 0 0 0 0 0 0 0 0 0 0 35 0 0 0 0 0 12 0 0 0 0 0 0 0 4 0 0 18 14 0 0 0 0 0 0 0 0 0 0 0 0 3 0 12 0 0 0 0 0 11 0 0 0 0 0 0 0 0 0 9 20 0 15 0 21 8 21 24 7 39 0 31 17 9 27 43 0 2 0 0 0 0 0 0 0 0 2 0 0 0 0 8 0 0 0 0 10 13 0 0 0 16 0 0 0 14 0 0 0 0 0 0 0 0 0 0 0 0 0 0 0 0 0 0 0 0 0 0 0 0 0 0 5 0 0 0 1 0 5 1 0 0 0 0 20 0 0 0 0 0 0 0 0 0 0 0 0 10 0 0 0 0 0 2 0 0 0 0 
 2 2 5 2 3 2 2 2 2 2 7 2 2 2 2 2 2 2 2 2 187 481 154 56 218 178 50 444 253 291 104 124 244 85 79 130 0 204 53 104 2 0 0 2 6 2 0 3 0 1 0 0 0 3 0 3 0 5 64 53 0 5 0 0 2 0 0 0 10 0 0 3 48 0 0 0 1 49 0 3 0 0 0 0 0 0 0 0 0 0 0 0 0 0 0 0 0 0 0 0 0 20 14 27 0 14 0 9 13 36 0 2 12 0 1 26 5 42 0 8 16 0 0 0 0 1 15 26 0 0 0 0 2 10 7 23 0 0 22 15 0 0 0 0 0 0 0 0 0 0 0 0 0 1 0 11 0 0 0 0 0 0 0 0 0 0 0 5 0 0 0 0 0 21 0 0 0 0 0 0 0 1 15 0 0 41 0 11 39 11 4 35 0 2 0 1 8 33 0 0 11 0 0 1 0 0 20 26 0 0 0 0 45 22 0 0 0 0 10 16 0 0 0 0 0 0 0 0 0 0 0 0 0 0 0 0 0 0 14 0 0 0 0 0 0 0 0 0 73 0 0 0 0 0 12 1 0 38 75 3 0 11 0 0 0 0 9 0 0 0 0 0 0 0 0 0 0 0 0 0 0 21 0 0 0 0 0 0 0 0 
 0 5 0 1 0 78 1 0 0 1 0 0 2 0 0 2 0 0 0 0 53 145 70 38 115 58 209 54 115 721 44 248 111 109 40 45 204 0 41 251 1 0 0 2 3 8 0 0 3 0 0 0 0 64 32 0 0 2 22 127 0 2 0 0 0 0 0 0 0 0 0 3 3 0 0 0 0 0 0 0 0 0 0 0 0 0 0 0 0 0 0 0 0 0 0 0 0 18 0 0 15 0 4 0 1 21 12 18 30 18 1 16 0 21 0 0 38 0 0 13 0 0 0 1 0 0 22 43 0 0 0 0 22 0 3 18 0 0 0 9 0 0 0 0 0 0 3 0 0 0 0 0 13 0 0 0 0 0 0 2 0 0 0 2 0 9 0 0 0 0 0 0 0 3 0 0 1 0 0 0 0 18 17 15 5 16 14 8 13 8 20 1 0 13 6 37 20 16 12 0 0 0 1 0 1 0 7 23 0 0 0 0 15 0 0 0 0 0 28 10 0 0 0 0 0 0 0 0 0 0 0 0 0 2 0 0 0 0 0 0 0 0 0 0 0 0 0 0 0 0 0 0 0 0 10 0 1 1 1 0 0 0 0 28 0 0 0 0 0 0 0 0 0 0 0 0 7 0 0 10 0 0 0 0 0 2 0 0 0 0 
 0 2 3 1 76 20 0 0 0 108 235 210 0 4 0 0 3 0 2 0 247 98 36 83 81 58 115 157 281 99 52 22 572 393 196 259 53 41 0 182 2 1 0 0 3 5 7 0 0 0 0 0 0 0 0 0 0 5 0 0 0 2 0 7 0 0 0 0 4 52 0 3 5 0 0 0 0 0 0 0 0 0 0 0 29 14 0 0 0 13 13 0 0 0 0 0 0 0 0 0 0 50 13 0 0 0 9 49 8 11 11 17 38 14 30 22 0 12 0 10 0 0 0 0 0 0 0 0 6 2 0 0 0 0 0 1 0 0 0 0 0 0 0 1 0 0 0 0 0 0 24 1 0 0 0 0 2 0 0 0 0 0 0 1 0 11 1 0 0 0 0 14 0 0 17 0 0 0 14 1 28 44 0 1 0 0 17 46 0 0 6 0 15 8 27 19 22 13 36 12 0 0 0 0 0 0 0 0 0 0 0 0 0 0 0 0 0 0 0 0 0 0 0 0 0 0 0 0 0 0 0 0 0 0 0 0 0 0 0 0 0 0 7 0 0 0 162 0 0 0 0 0 0 1 3 2 0 0 1 0 1 0 0 0 0 0 10 0 0 0 0 0 0 0 0 0 6 0 0 0 0 0 0 2 0 0 0 0 0 0 
 0 1 89 4 1 117 0 0 25 37 107 33 0 0 0 25 1 158 0 37 95 36 50 42 144 36 274 38 129 147 52 19 251 59 149 221 104 251 182 0 2 2 22 0 0 0 24 0 0 0 0 1 0 82 0 0 0 68 0 0 0 0 0 32 0 0 0 0 0 0 0 0 0 0 0 0 0 0 0 0 0 0 0 0 6 45 0 0 0 13 14 19 0 0 0 0 0 0 0 0 52 11 32 0 0 2 14 0 14 28 9 6 25 32 29 27 0 21 0 30 1 0 0 0 0 0 0 0 0 0 0 0 12 0 0 0 0 0 0 0 0 0 1 5 0 0 0 7 0 0 0 4 0 0 0 0 0 7 0 0 0 0 0 11 11 0 0 0 0 8 18 19 2 0 0 17 0 17 0 0 43 0 17 29 28 0 9 18 14 10 0 19 0 54 10 39 14 9 36 40 2 0 0 14 0 0 0 0 7 0 0 0 0 0 0 0 0 0 0 9 0 0 0 0 0 0 0 0 0 0 0 0 0 0 0 0 0 0 0 0 0 0 9 0 0 0 78 0 0 0 0 0 0 0 86 1 3 0 1 0 20 2 0 0 0 0 0 0 0 0 0 3 0 0 0 0 0 0 0 0 0 0 0 0 0 0 0 0 0 0 
 2 2 2 0 2 2 2 2 2 2 2 2 0 2 2 0 2 0 0 0 2 4 1 22 2 1 2 3 1 1 1 3 2 2 3 2 2 1 2 2 0 69 76 53 160 49 61 173 32 51 113 151 41 53 179 105 57 78 50 53 0 4 0 1 0 0 0 0 0 3 59 3 0 0 0 0 0 0 15 7 0 0 0 0 0 0 0 0 0 0 0 0 0 0 0 0 0 0 0 0 0 0 0 18 0 0 0 0 0 0 0 0 0 0 0 0 0 0 0 0 27 1 18 0 18 11 16 0 0 42 3 0 20 0 16 0 18 29 0 10 1 0 0 9 7 1 8 0 0 0 1 0 0 45 0 2 0 0 9 0 7 1 3 0 0 0 0 0 0 0 0 0 0 0 0 0 0 0 0 0 0 0 0 0 0 19 0 0 0 0 0 2 0 0 0 0 0 0 0 0 24 31 0 18 10 11 8 27 0 13 17 0 6 7 18 19 0 24 0 0 0 0 0 0 0 0 0 0 0 8 0 0 0 25 0 0 0 0 26 0 0 0 3 0 0 6 0 0 2 0 0 9 0 0 0 0 0 25 0 0 0 7 0 0 2 0 0 0 0 0 0 0 0 0 0 0 0 0 0 0 0 7 0 0 0 13 0 0 2 0 
 3 6 3 3 3 3 3 5 3 3 3 3 3 9 3 3 3 3 3 3 0 3 2 0 0 65 0 0 0 0 0 0 0 0 0 0 0 0 1 2 69 0 342 83 48 102 126 403 134 255 39 45 187 68 83 233 193 66 257 146 0 2 0 2 14 0 0 0 0 0 0 0 0 0 0 0 0 0 16 0 0 0 0 0 0 0 0 0 0 0 0 0 0 0 0 0 0 0 0 0 0 0 0 0 13 0 0 0 0 0 10 0 0 0 0 0 0 0 0 0 10 45 12 0 0 1 35 0 26 6 0 24 0 14 0 11 21 7 0 0 0 0 0 0 0 0 0 0 0 0 0 0 0 17 4 0 0 0 0 0 0 0 0 0 0 0 0 0 0 0 0 0 0 0 0 4 0 0 0 0 0 0 0 0 2 14 0 0 0 0 0 0 0 0 0 0 0 0 0 0 0 0 10 13 1 0 0 0 10 4 0 0 9 0 0 8 6 1 22 0 6 0 10 0 0 7 5 0 0 0 6 0 0 0 7 16 0 0 29 6 0 0 0 0 0 0 0 0 0 0 0 7 0 0 0 0 0 65 0 0 13 0 67 1 0 4 2 0 0 0 0 0 0 0 0 0 0 0 0 0 0 0 0 0 10 13 6 10 2 0 
 2 1 0 2 0 3 2 0 2 3 0 0 4 7 1 2 3 0 1 44 0 0 0 0 0 1 0 0 0 0 1 0 0 0 0 0 0 0 0 22 76 342 0 192 49 81 140 174 326 184 34 21 158 402 133 117 89 150 163 54 1 50 0 2 4 0 1 0 12 5 0 0 1 0 0 3 0 0 0 0 0 0 0 0 0 0 0 0 0 0 0 0 0 0 0 0 0 0 0 0 0 0 0 0 1 14 0 0 0 0 0 0 0 0 0 0 0 0 0 0 13 27 10 0 20 8 0 30 10 3 38 19 0 1 19 11 14 16 25 18 12 1 0 0 0 0 0 0 0 0 0 6 0 1 13 0 0 0 0 10 0 0 0 0 1 0 0 0 0 0 0 0 0 0 0 0 0 0 0 0 0 0 0 0 0 0 0 0 0 0 0 0 0 0 0 0 0 11 0 0 0 11 23 18 15 29 0 7 16 32 30 20 30 0 0 21 38 48 0 0 0 0 0 0 0 0 1 8 0 0 0 0 1 8 5 10 4 0 22 6 0 0 0 0 0 0 0 19 0 0 0 6 0 1 0 0 0 1 0 3 0 31 0 0 2 2 2 0 2 0 0 0 0 0 0 0 0 0 0 0 0 0 0 0 0 0 1 0 2 0 
 0 0 77 0 0 0 29 0 0 3 0 0 2 0 0 0 0 0 0 0 2 0 0 0 0 0 0 0 0 0 64 0 0 0 0 0 2 2 0 0 53 83 192 0 86 492 68 377 379 184 107 166 121 134 141 105 121 150 81 69 1 0 0 2 0 0 0 0 0 0 0 0 0 0 0 0 0 0 20 22 0 0 0 0 0 0 1 0 0 0 0 0 0 0 0 0 0 0 0 0 0 0 0 0 0 0 0 0 0 0 0 0 0 0 0 0 0 0 0 0 14 68 0 13 0 11 0 0 8 24 19 11 0 0 0 14 0 50 0 18 10 0 0 0 0 0 10 0 0 0 0 0 31 0 0 0 22 0 5 0 0 0 0 0 0 0 0 0 0 0 0 0 0 0 0 0 0 0 0 0 0 0 0 0 0 0 0 0 0 0 0 0 0 0 0 0 0 0 0 13 0 0 1 0 0 9 0 0 0 16 21 0 18 0 9 0 8 27 0 0 17 11 10 0 0 0 10 10 0 0 0 0 22 0 27 0 0 0 32 16 0 0 0 0 0 0 0 0 0 0 0 3 0 2 0 0 0 0 0 8 0 0 70 2 39 0 3 36 0 0 0 0 0 0 0 0 0 0 0 0 0 3 0 0 0 10 0 0 0 0 
 0 5 0 0 0 0 0 51 0 0 0 0 0 0 0 0 2 0 0 0 5 3 7 7 3 12 14 10 15 2 6 3 9 3 9 6 6 3 3 0 160 48 49 86 0 137 32 88 310 76 310 50 117 550 122 345 152 297 281 136 0 19 0 2 0 0 0 0 1 2 0 5 2 0 0 0 54 0 19 0 0 44 0 0 0 0 0 0 0 0 0 0 0 0 0 0 0 0 0 0 2 0 4 2 2 0 0 0 0 13 2 4 0 0 12 0 0 11 0 0 0 15 4 0 0 12 0 0 0 0 0 35 0 0 0 0 10 7 2 0 0 1 0 24 0 0 7 10 9 49 21 0 0 23 11 0 12 59 16 69 0 0 2 0 0 0 0 0 0 0 0 0 0 0 0 0 0 0 0 0 0 2 0 0 0 0 2 0 4 4 0 4 0 1 0 0 0 2 0 0 0 11 0 16 13 44 0 13 0 4 0 0 0 0 0 11 0 1 0 0 7 31 51 0 0 0 0 0 14 0 10 10 0 0 7 16 0 0 15 6 0 0 0 0 0 0 0 0 0 0 0 14 0 0 0 0 0 0 0 2 0 0 155 0 0 1 1 0 2 0 11 0 0 0 0 0 0 0 0 0 0 1 0 0 18 0 0 0 0 0 
 31 2 0 0 0 0 0 0 0 0 0 0 4 0 0 0 0 0 0 0 2 3 4 2 5 68 2 3 2 1 2 3 2 2 3 3 2 8 5 0 49 102 81 492 137 0 46 84 331 80 111 49 40 168 292 291 221 219 48 270 54 82 50 2 0 3 17 61 51 2 0 23 52 56 1 1 0 0 54 53 0 10 0 0 0 0 0 0 0 0 0 0 0 0 0 0 0 0 0 0 0 0 0 0 0 0 0 0 0 0 0 0 0 0 0 0 0 0 0 0 0 11 0 11 0 20 0 0 0 0 3 11 0 0 0 56 0 0 0 0 4 0 0 10 2 0 1 0 0 4 2 0 35 0 0 1 72 0 23 0 0 0 0 0 0 0 0 0 0 0 0 0 0 0 0 0 0 0 1 7 0 0 0 0 3 0 0 0 0 0 0 0 0 0 0 0 0 0 0 0 0 0 9 10 3 8 0 0 0 10 36 0 0 0 13 0 14 26 0 0 41 10 19 12 3 0 59 0 19 25 15 0 47 21 31 0 16 0 73 24 0 0 0 0 0 0 0 0 0 0 0 2 0 0 0 0 1 0 0 0 0 0 43 0 67 0 0 65 1 0 12 0 0 1 0 0 0 0 0 0 0 0 0 0 0 8 1 0 2 0 
 0 0 0 0 0 0 0 0 0 0 1 0 0 0 0 0 0 0 0 0 0 0 0 0 0 72 0 0 0 97 0 14 0 5 0 0 0 0 7 24 61 126 140 68 32 46 0 149 336 106 24 333 259 48 244 25 100 65 118 259 0 0 0 2 3 1 0 0 0 0 0 0 0 0 0 0 0 0 0 0 0 0 0 0 11 17 0 0 0 21 1 0 0 0 0 0 0 0 0 0 0 5 0 8 27 14 0 0 0 6 0 0 0 4 0 26 0 0 0 0 82 4 0 1 10 1 5 19 36 20 17 3 0 33 78 0 10 15 0 18 0 6 0 0 0 0 0 0 0 0 0 0 0 0 0 0 0 0 12 0 0 0 0 0 0 0 0 0 0 0 0 3 0 0 0 0 0 0 0 0 4 0 0 0 0 0 0 8 13 1 13 13 0 0 0 5 8 0 13 3 0 0 19 0 9 23 18 0 24 8 10 3 19 0 13 5 79 20 15 7 0 0 0 0 0 14 14 0 0 0 0 0 0 0 0 0 0 0 23 0 0 0 8 0 0 0 1 0 0 0 0 3 0 2 0 0 0 64 2 11 0 0 0 0 0 0 2 0 0 0 0 0 0 0 0 0 0 0 0 0 0 0 0 0 7 0 7 0 0 0 
 3 3 3 3 3 3 3 5 3 3 3 4 6 5 3 3 3 3 3 3 0 0 3 26 0 6 5 0 2 0 0 0 0 0 0 0 3 0 0 0 173 403 174 377 88 84 149 0 599 46 29 40 226 237 168 128 60 178 365 80 0 0 0 0 12 0 0 0 0 12 0 0 0 0 0 0 0 0 2 11 0 0 0 0 0 0 0 0 0 0 0 0 0 0 0 0 0 0 0 0 0 0 0 18 9 2 0 0 0 0 0 0 0 0 0 0 0 0 0 0 15 11 2 17 0 12 17 0 12 3 11 10 23 1 17 0 1 12 7 15 0 0 0 0 2 0 0 0 0 0 0 0 12 7 0 2 0 0 12 0 0 0 0 0 2 0 0 0 0 0 0 0 0 0 0 0 0 0 0 0 0 0 0 0 0 19 0 0 0 0 0 14 0 0 0 0 0 0 0 0 43 47 14 27 9 0 3 26 29 40 31 0 9 0 4 0 9 29 0 0 17 3 0 0 0 10 0 0 0 2 5 0 0 19 0 0 0 0 3 0 0 0 11 0 0 0 0 0 0 0 0 16 0 0 0 0 0 25 0 12 0 8 2 0 2 1 2 1 2 0 0 0 0 0 0 0 0 0 0 0 0 8 0 0 0 20 0 0 0 0 
 2 0 0 0 0 0 0 0 0 0 0 0 0 63 0 0 0 0 0 0 0 2 0 0 0 0 0 0 0 0 3 0 0 0 2 0 0 3 0 0 32 134 326 379 310 331 336 599 0 245 47 166 155 327 237 82 94 75 182 76 1 0 0 0 3 0 0 0 0 2 0 0 0 0 0 4 0 0 0 13 0 0 0 0 0 0 0 0 0 0 0 0 0 0 0 0 0 0 0 0 0 0 0 0 0 9 0 0 0 0 0 0 0 0 0 0 0 0 0 0 25 25 0 0 2 0 9 0 9 26 18 8 11 11 26 6 0 25 8 10 0 0 0 0 0 0 0 0 0 0 0 7 24 0 0 0 17 0 0 0 0 0 0 0 0 0 0 0 0 0 0 0 0 0 0 0 0 0 0 0 0 0 0 0 0 0 0 0 0 1 0 0 0 0 0 0 0 0 0 0 0 17 24 6 10 9 0 1 20 18 21 8 22 0 18 10 7 10 0 0 0 0 0 0 0 0 5 0 0 0 0 0 7 0 0 0 0 0 16 0 0 0 0 0 0 0 0 0 0 0 0 5 0 0 0 0 0 0 0 11 0 0 0 0 28 0 2 0 0 0 0 0 0 0 0 0 0 0 0 0 0 0 0 5 0 0 1 0 0 0 
 0 6 0 0 0 0 0 0 0 2 6 0 2 0 0 0 2 0 0 0 0 0 0 0 0 0 0 0 0 0 0 0 0 0 0 0 1 0 0 0 51 255 184 184 76 80 106 46 245 0 125 45 160 309 159 581 317 336 258 102 51 2 0 2 12 0 0 0 0 14 1 6 0 0 0 25 1 0 0 50 0 0 0 0 0 0 0 0 0 0 0 0 9 0 0 0 0 0 0 0 0 0 0 0 0 0 0 0 0 0 0 0 0 0 0 0 0 0 0 0 15 69 3 0 18 11 0 20 8 0 23 14 0 31 2 38 19 0 0 0 0 12 0 28 3 0 0 0 0 0 0 0 2 9 4 1 0 0 1 0 0 0 0 0 0 0 0 0 0 0 0 0 0 0 0 3 0 0 0 0 0 0 0 0 3 0 0 0 0 0 0 0 0 0 0 0 0 0 0 0 0 11 57 19 21 13 2 1 19 1 34 3 4 1 1 0 35 19 20 0 23 0 0 0 0 0 33 0 0 13 0 0 15 0 0 8 0 0 0 9 0 0 0 0 0 0 0 0 0 0 0 17 0 0 0 0 0 0 0 13 0 0 1 2 67 6 0 0 0 0 0 0 0 0 0 0 0 7 0 0 0 0 0 0 6 0 1 0 2 0 
 0 5 0 0 0 0 0 0 0 0 1 0 0 0 0 0 0 0 0 0 0 0 0 2 0 2 0 0 0 63 0 0 0 0 0 0 0 0 0 0 113 39 34 107 310 111 24 29 47 125 0 88 46 28 60 87 209 49 18 265 78 0 0 6 0 0 3 0 0 0 23 0 21 0 0 0 0 4 125 17 0 0 0 0 0 0 0 0 0 0 0 0 0 0 0 0 0 0 0 0 0 0 0 0 14 0 0 0 0 0 0 0 9 0 0 0 0 0 0 0 0 0 0 12 28 4 6 0 0 0 0 0 0 0 0 0 0 14 0 0 33 41 0 25 0 0 19 16 13 6 12 0 26 0 0 16 1 1 19 12 0 2 0 0 0 7 0 0 7 0 0 0 0 0 0 2 23 7 0 0 0 0 0 0 0 0 0 0 0 0 0 0 0 0 0 0 0 0 0 0 0 0 0 0 14 0 0 0 0 0 0 45 0 0 0 0 0 19 0 0 0 9 21 0 0 0 57 21 11 0 1 0 6 0 26 0 0 0 28 13 0 0 0 0 0 0 1 0 0 0 0 5 0 0 0 0 0 0 0 11 1 0 17 66 0 7 0 64 0 0 0 0 0 0 0 2 0 0 0 0 0 0 0 0 0 0 2 0 0 0 
 4 3 4 4 3 3 3 3 4 4 3 3 3 3 3 4 30 128 3 66 3 0 0 0 0 2 2 0 0 0 1 0 0 1 0 1 0 0 0 1 151 45 21 166 50 49 333 40 166 45 88 0 45 105 41 85 380 66 28 244 0 0 0 1 0 2 0 3 0 4 9 0 0 6 0 0 8 0 59 57 0 0 11 0 0 0 0 0 15 0 12 0 0 0 0 11 7 0 0 0 14 0 0 0 0 0 0 0 0 0 0 0 0 10 0 0 0 0 11 0 0 10 13 0 4 0 0 24 0 24 16 0 0 0 0 0 26 31 8 0 16 0 0 0 0 26 42 66 4 4 1 0 17 0 0 10 31 0 7 0 0 0 12 0 0 0 0 0 0 0 0 0 0 0 9 1 0 0 0 0 0 0 0 0 0 0 0 36 0 0 0 0 0 0 0 0 0 0 0 0 6 2 0 0 0 1 10 0 0 12 11 0 1 10 19 40 0 10 0 0 0 0 1 0 3 0 10 0 0 0 0 0 13 10 0 2 0 0 34 0 0 0 17 0 0 0 0 0 0 0 0 7 0 0 0 0 1 0 0 17 0 0 2 1 62 65 4 2 2 0 0 0 0 0 0 2 0 0 0 0 0 0 0 0 0 0 0 0 2 0 
 0 0 0 0 0 0 0 0 0 0 0 0 0 0 0 0 0 0 0 0 0 0 0 0 0 25 0 0 0 0 1 0 0 0 0 0 0 0 0 0 41 187 158 121 117 40 259 226 155 160 46 45 0 68 328 173 47 116 163 141 0 0 0 0 0 0 0 0 0 0 0 0 0 0 0 0 0 1 0 0 0 0 0 0 0 0 0 0 0 0 0 0 0 0 0 0 0 0 0 2 0 0 0 0 2 1 0 6 0 0 11 0 0 0 0 0 0 0 0 0 15 11 12 17 10 0 20 24 56 15 5 0 0 31 1 8 6 21 0 19 1 3 0 0 0 0 0 0 0 0 0 0 0 0 0 0 0 0 0 0 0 0 0 0 1 0 20 3 0 0 0 0 0 0 0 0 0 0 0 0 0 0 0 0 0 9 0 0 0 9 0 0 0 0 0 0 0 0 0 0 0 6 27 0 10 13 8 8 39 4 24 0 19 0 0 22 44 22 36 0 0 0 0 0 0 0 0 0 2 0 0 0 0 0 0 0 0 0 0 0 0 0 0 0 0 0 0 0 0 0 0 1 0 0 0 0 0 23 0 3 0 0 2 0 0 0 1 0 0 0 0 0 0 0 0 0 0 0 0 0 0 0 0 0 4 0 2 0 2 0 
 0 2 78 0 0 0 0 0 0 0 0 0 0 4 0 0 0 0 0 0 0 0 0 60 0 79 0 0 74 0 83 33 0 0 0 0 3 64 0 82 53 68 402 134 550 168 48 237 327 309 28 105 68 0 131 188 111 88 245 222 0 0 0 2 5 0 0 50 0 5 0 0 0 0 0 6 0 0 5 1 0 0 0 0 0 0 0 0 0 0 0 0 0 0 0 0 0 0 0 0 0 0 0 0 0 0 0 0 0 0 0 0 0 0 0 0 0 0 0 0 0 16 13 21 19 8 11 36 0 19 29 5 0 17 6 50 6 9 14 0 0 3 0 13 0 0 0 0 0 0 0 0 0 0 0 0 15 0 0 0 0 0 0 0 1 0 0 0 0 0 0 0 0 0 0 0 2 0 0 0 0 27 0 0 0 0 0 0 0 0 0 0 0 0 0 0 0 15 0 0 15 28 8 25 11 0 21 3 0 29 0 0 0 22 8 6 15 23 0 0 6 0 0 0 0 0 19 0 0 0 0 0 12 0 12 0 0 0 0 14 0 0 0 0 0 0 0 0 0 0 0 11 0 0 0 0 0 0 0 0 0 0 66 0 0 2 0 0 2 0 13 0 0 0 0 0 0 0 0 0 0 0 0 0 13 12 0 0 2 5 
 3 3 7 5 4 11 4 5 3 3 3 3 3 3 5 3 5 3 3 3 0 3 0 69 0 65 0 0 0 0 0 0 0 0 0 0 0 32 0 0 179 83 133 141 122 292 244 168 237 159 60 41 328 131 0 83 195 130 97 341 0 0 0 1 0 0 0 0 0 0 0 0 0 3 0 0 0 0 0 103 0 0 6 1 0 0 3 0 3 0 0 0 0 20 0 0 0 0 0 0 0 0 0 0 7 18 0 0 0 0 0 0 0 0 0 0 0 0 6 9 24 10 28 1 0 12 16 0 14 1 11 16 22 14 13 0 30 0 16 0 0 0 0 0 0 0 10 0 0 12 0 0 0 7 2 0 1 0 24 0 4 0 6 0 4 0 1 0 0 5 2 0 0 5 12 0 0 0 2 0 0 0 0 0 0 0 0 0 0 1 0 9 0 0 0 0 0 0 0 0 0 25 26 19 12 29 0 24 40 1 9 0 9 0 0 26 30 12 14 0 0 0 0 0 0 0 14 2 0 0 0 0 7 0 0 8 0 0 0 7 0 4 0 0 0 0 0 0 0 0 0 2 0 1 0 0 0 198 0 2 0 0 1 0 73 6 4 0 2 0 0 0 0 0 0 12 0 0 0 0 0 0 0 0 0 0 8 0 0 0 
 0 2 0 0 0 0 0 0 0 0 0 0 0 0 0 0 0 0 0 0 0 0 2 1 0 0 0 0 0 0 1 0 0 0 0 0 3 0 0 0 105 233 117 105 345 291 25 128 82 581 87 85 173 188 83 0 75 154 48 130 6 0 2 0 0 0 0 0 0 0 0 0 4 0 0 6 0 0 60 7 0 0 0 0 0 0 0 0 0 0 0 0 0 0 0 0 0 0 0 0 0 0 0 0 0 0 0 0 10 0 11 0 0 0 0 0 0 0 0 0 9 25 26 30 19 0 8 19 15 26 15 14 0 17 0 26 4 7 11 8 0 0 0 0 0 0 0 0 0 0 0 0 0 0 0 0 3 0 0 0 0 0 0 0 3 0 0 0 0 0 0 0 0 0 0 0 0 0 0 0 0 0 0 0 0 11 0 0 0 0 0 0 0 0 0 0 0 0 0 0 23 0 18 3 0 0 15 0 0 36 18 0 18 2 11 16 8 47 7 0 8 0 0 0 0 0 0 0 0 0 0 0 7 21 9 0 0 0 0 8 0 0 11 0 0 0 0 0 0 0 0 9 0 0 0 0 0 0 0 11 0 0 38 0 0 0 0 0 0 0 21 0 0 0 0 0 0 0 0 0 0 0 0 0 10 0 1 10 0 0 
 0 5 1 0 0 0 0 0 0 0 0 0 0 0 0 0 0 0 0 4 0 3 1 0 0 2 0 0 0 0 0 0 0 0 1 0 0 0 0 0 57 193 89 121 152 221 100 60 94 317 209 380 47 111 195 75 0 155 43 33 0 1 0 8 0 4 0 4 0 0 14 0 7 6 0 0 9 0 0 27 0 0 0 0 0 0 0 0 0 0 0 0 0 0 0 0 0 0 0 0 0 0 0 0 0 7 0 0 0 0 0 0 0 0 0 0 0 0 0 0 0 7 10 20 0 27 0 0 0 0 17 13 0 8 0 7 0 9 0 0 15 10 1 5 0 3 16 0 24 9 4 0 47 0 10 0 19 0 32 0 0 0 0 0 0 0 0 0 0 0 0 0 0 0 0 0 0 1 0 0 0 0 0 0 0 0 0 0 0 0 0 0 0 0 0 0 0 0 0 0 0 9 0 9 19 18 7 13 0 0 4 0 0 0 7 0 1 1 0 0 20 4 1 0 7 0 76 20 0 0 0 0 39 0 5 11 0 0 0 22 0 0 0 0 0 0 0 0 0 0 0 10 0 10 0 0 0 0 0 0 0 0 0 0 6 11 5 5 4 1 15 0 0 0 0 3 0 0 0 0 0 0 0 0 8 16 1 0 0 0 
 0 0 0 0 0 0 0 0 0 0 0 0 0 0 0 0 0 0 0 0 2 5 2 2 3 70 2 3 2 1 2 3 2 22 3 3 5 2 5 68 78 66 150 150 297 219 65 178 75 336 49 66 116 88 130 154 155 0 39 241 0 0 0 2 0 0 0 0 0 51 0 0 0 0 0 0 0 0 46 1 0 0 0 0 11 0 0 0 0 0 0 0 0 0 0 0 0 0 0 0 0 18 0 0 0 0 0 0 0 6 0 0 0 3 0 0 0 0 0 0 15 68 0 21 0 37 0 0 10 0 18 9 0 26 0 1 0 21 0 19 1 0 0 0 0 0 0 0 0 0 0 0 13 0 0 0 9 0 11 0 0 0 0 0 7 0 0 0 0 0 0 0 0 0 0 0 0 0 0 0 2 0 0 0 0 0 0 9 0 0 0 0 0 0 0 4 15 0 4 3 13 0 48 22 0 7 0 7 0 42 28 0 19 0 0 0 18 58 8 0 34 11 8 0 0 9 18 1 0 0 0 0 1 0 22 0 0 0 33 15 0 0 4 0 0 0 0 0 0 0 0 12 0 1 0 0 0 0 0 10 0 1 63 0 1 3 0 79 0 0 0 0 0 0 0 0 0 0 0 0 0 0 0 0 0 17 0 0 0 0 
 3 3 3 5 3 3 3 3 3 3 3 3 3 3 3 9 3 3 3 3 0 72 0 5 66 1 0 7 28 0 0 62 0 0 0 0 64 22 0 0 50 257 163 81 281 48 118 365 182 258 18 28 163 245 97 48 43 39 0 233 0 0 0 2 15 0 0 0 0 12 2 0 3 0 0 7 0 0 3 0 0 0 0 0 0 0 0 0 0 0 0 0 0 0 0 0 0 0 0 0 0 0 0 0 18 0 0 0 0 18 0 0 0 0 0 0 0 0 0 0 8 20 31 24 4 0 30 37 10 6 9 26 0 10 23 27 11 1 9 0 0 6 0 0 0 0 0 0 0 0 0 0 0 0 0 0 0 0 0 0 0 0 0 0 0 0 0 0 0 0 0 0 0 4 0 0 0 0 0 0 0 0 14 0 0 14 0 0 0 0 0 0 0 0 0 0 0 0 0 0 3 32 13 0 25 12 9 0 11 3 9 64 20 0 8 10 6 0 0 12 0 0 0 0 4 0 0 0 0 0 0 0 0 0 0 0 0 0 0 0 0 0 0 0 0 0 0 0 0 0 0 16 0 0 0 0 0 0 1 0 0 0 0 0 0 4 0 0 1 0 0 0 0 0 0 0 0 0 0 0 0 0 11 0 10 0 0 0 0 0 
 0 0 0 0 0 6 0 3 0 0 0 3 0 0 0 0 0 0 0 0 0 64 0 132 0 217 3 0 67 0 137 103 0 0 0 0 53 127 0 0 53 146 54 69 136 270 259 80 76 102 265 244 141 222 341 130 33 241 233 0 0 0 0 0 0 0 0 0 0 0 0 0 0 0 0 0 0 0 0 0 0 0 0 0 0 0 0 0 0 0 0 0 0 0 6 0 0 0 0 12 0 0 0 10 8 0 0 0 0 27 19 0 0 0 0 0 10 10 0 0 11 4 19 0 0 0 12 4 33 20 0 3 0 1 9 34 12 0 18 10 0 0 0 0 0 0 0 0 0 0 0 0 0 1 0 2 0 0 0 0 0 0 0 0 0 0 0 0 0 0 0 0 0 0 0 0 0 0 0 5 0 0 0 0 21 21 0 0 12 8 0 0 0 0 0 0 0 0 0 0 15 0 0 0 1 1 20 20 12 0 6 0 6 0 17 13 5 8 11 0 0 0 0 0 0 0 0 0 0 0 0 0 0 0 0 0 0 0 26 0 0 0 0 0 0 0 0 0 0 0 0 7 0 0 0 0 0 62 0 0 0 10 0 2 0 4 2 0 3 0 0 0 0 0 0 0 0 0 0 0 0 10 1 0 3 0 7 26 2 0 
 0 0 0 0 0 29 0 0 0 0 0 0 1 6 0 0 0 0 0 0 0 0 0 0 0 6 0 0 3 0 0 0 0 0 0 0 0 0 0 0 0 0 1 1 0 54 0 0 1 51 78 0 0 0 0 6 0 0 0 0 0 104 178 48 31 32 104 41 53 41 481 25 149 111 152 58 28 53 153 46 0 0 0 0 0 0 0 0 0 0 0 0 0 0 0 0 0 0 0 0 0 0 0 0 0 0 0 0 0 0 0 0 0 0 0 0 0 0 0 0 0 1 0 0 28 9 0 0 0 0 0 0 0 0 0 0 0 0 0 0 37 6 0 6 0 1 13 0 1 0 20 34 10 15 0 40 36 22 9 16 0 0 0 0 0 0 0 0 0 0 0 0 0 0 0 0 0 0 0 0 0 0 0 0 0 0 0 0 0 0 0 0 0 5 0 0 0 0 0 0 0 0 0 0 0 0 0 0 0 0 0 13 0 0 0 0 0 18 3 0 8 1 19 24 0 0 1 9 24 10 26 1 20 22 18 0 28 16 11 0 0 0 0 0 0 0 0 0 0 0 0 0 0 0 11 0 0 0 0 0 0 0 9 0 0 0 0 0 0 0 8 0 0 0 0 2 0 0 0 0 0 0 0 0 0 1 0 0 0 0 
