 0 87 257 59 123 251 79 149 215 48 51 48 183 50 139 376 128 29 46 354 0 0 0 3 0 3 0 0 0 0 5 0 0 3 0 2 0 2 2 1 14 0 0 3 0 3 0 0 0 0 0 0 1 0 0 0 0 1 37 0 0 0 32 1 0 0 0 0 0 0 0 0 0 0 40 0 0 0 0 3 28 42 14 5 0 0 13 82 0 50 0 24 26 55 23 29 32 16 14 9 0 0 0 12 0 0 0 0 0 0 0 0 0 0 0 0 0 0 0 0 0 0 0 0 0 0 1 0 0 0 0 0 0 0 0 0 1 0 0 0 0 0 0 3 0 4 0 0 11 0 0 0 0 0 0 0 0 0 0 0 16 25 18 6 18 0 48 1 0 40 0 0 10 33 1 11 13 12 35 35 0 0 2 0 0 0 0 0 0 0 0 0 0 0 0 0 0 0 0 2 0 0 0 0 0 0 0 0 0 2 0 0 0 0 0 0 0 0 0 0 0 0 0 0 0 0 0 0 0 0 0 0 0 1 0 1 0 0 0 0 0 1 0 0 0 2 0 0 2 1 0 8 0 0 0 0 0 0 0 0 0 0 0 0 0 0 0 0 0 0 0 0 0 0 0 0 0 0 0 0 0 0 0 0 0 0 0 0 0 0 
 87 0 449 772 321 40 70 284 68 474 111 469 131 126 362 52 215 231 262 46 0 0 0 5 0 3 78 0 0 0 3 0 0 3 2 2 0 2 2 0 0 62 6 3 64 3 0 0 0 0 0 0 2 0 2 0 0 0 0 0 0 0 0 0 2 0 0 0 0 0 0 0 0 0 0 0 0 0 0 2 14 14 9 0 5 0 9 4 7 41 0 0 11 0 2 34 37 7 2 10 0 0 9 0 0 0 9 0 0 0 0 0 26 0 0 0 3 0 9 0 0 0 0 2 0 0 0 0 0 0 0 0 0 0 0 0 0 0 0 0 0 0 0 0 0 0 0 0 0 0 0 0 0 0 0 0 0 0 0 0 15 21 8 35 25 0 28 26 28 0 0 2 0 18 0 12 27 31 0 0 0 0 0 0 0 0 15 0 0 0 0 0 18 2 0 0 0 0 0 0 0 0 0 0 0 0 0 0 0 1 0 0 0 0 0 0 0 0 0 0 0 0 0 0 0 0 0 0 0 0 0 0 0 0 0 0 0 0 0 0 0 6 0 0 0 2 87 2 89 2 2 6 0 0 0 0 0 0 0 0 0 0 1 0 0 0 0 0 0 0 0 0 0 0 0 12 0 0 0 0 0 0 0 0 0 0 0 0 0 0 
 257 449 0 568 332 272 149 195 348 238 91 285 90 105 193 167 146 203 259 127 0 1 0 3 0 5 0 0 0 1 3 0 0 3 0 2 0 2 3 0 1 0 0 5 0 4 0 2 0 0 0 0 2 0 0 0 0 0 5 0 0 0 0 0 0 0 0 0 0 0 0 0 0 0 0 0 0 0 0 3 26 14 0 27 0 1 1 0 37 10 15 2 11 0 14 38 32 44 0 71 0 0 0 0 0 0 20 0 0 0 0 0 0 8 0 0 0 0 1 15 0 0 0 0 0 0 0 0 15 0 0 0 0 0 0 0 0 0 0 0 0 0 0 0 0 0 0 0 0 0 0 0 0 0 0 0 0 0 0 0 9 0 1 19 1 8 0 53 31 21 14 7 0 2 0 19 18 26 0 0 22 0 0 0 0 0 1 1 0 0 0 0 0 16 0 0 0 0 1 0 0 0 0 0 0 0 0 0 0 0 0 0 0 0 0 0 0 0 0 0 0 2 0 0 0 0 0 0 0 0 0 0 0 0 0 0 0 0 0 0 0 10 0 0 0 0 3 0 147 2 2 13 11 0 0 0 0 0 0 0 0 0 0 0 0 0 0 0 0 0 0 0 0 0 0 12 0 0 0 0 0 0 0 0 0 0 0 0 0 0 
 59 772 568 0 209 120 68 153 54 259 51 281 82 269 373 94 279 57 92 96 75 1 0 210 1 3 1 75 0 0 5 2 0 77 80 2 0 6 29 2 0 6 3 3 0 3 0 136 0 4 0 0 0 7 0 0 0 0 6 0 0 0 6 0 0 4 0 0 0 0 0 0 0 30 0 0 0 0 0 3 14 0 0 17 24 21 10 0 13 29 48 12 0 0 7 8 10 16 0 0 15 11 0 0 0 0 1 0 0 10 0 0 15 24 14 0 0 0 7 3 0 0 0 0 0 0 2 0 0 0 2 0 0 0 0 0 0 0 0 0 0 0 0 0 0 0 0 0 0 0 0 0 0 0 0 0 0 0 1 0 7 15 23 40 0 61 0 12 19 15 1 8 0 0 0 30 0 16 0 0 12 0 0 0 0 0 14 0 0 0 0 0 9 1 7 0 12 0 0 29 0 0 0 20 0 0 0 0 0 0 0 0 0 0 0 0 0 0 0 0 0 0 0 0 0 0 0 15 0 0 0 0 0 0 0 0 0 0 0 0 0 0 0 0 0 4 4 0 1 5 0 7 7 0 0 0 0 0 0 0 0 0 1 0 0 0 0 0 0 0 0 0 0 0 0 12 18 0 0 0 0 14 0 0 0 0 0 0 0 0 
 123 321 332 209 0 193 39 126 82 229 252 112 91 188 403 136 81 129 86 306 4 0 0 3 0 3 1 2 0 1 3 2 1 76 0 2 0 4 3 25 0 0 0 3 0 3 0 0 1 0 0 15 0 0 0 0 4 0 0 0 0 0 0 0 0 0 0 0 0 0 0 0 0 0 0 0 0 0 0 3 1 9 14 24 25 17 0 0 12 51 8 0 2 0 1 20 20 10 0 1 15 10 0 0 0 0 12 18 0 0 1 0 36 35 0 3 35 0 35 18 0 0 0 0 0 0 0 1 0 0 0 0 0 2 0 0 0 0 1 0 0 0 5 0 0 0 0 0 0 0 0 0 0 0 0 0 16 0 0 2 7 23 1 36 12 0 0 28 17 14 0 23 0 1 0 7 10 11 2 0 2 0 0 0 0 0 0 20 0 21 0 0 0 25 0 23 18 0 42 0 0 0 0 0 0 1 2 2 2 0 14 0 0 0 0 0 0 0 0 0 0 0 0 0 0 0 0 0 0 1 0 0 0 0 0 0 0 0 0 1 0 0 0 0 0 7 1 0 2 2 0 3 0 2 2 0 0 0 0 0 0 0 0 0 0 0 0 0 0 0 0 0 0 0 0 0 2 0 0 0 0 0 0 0 0 0 0 0 0 0 
 251 40 272 120 193 0 13 125 345 242 209 42 148 66 67 208 62 67 52 277 75 428 150 79 0 3 80 77 60 75 3 0 62 77 3 3 76 76 147 74 0 0 0 3 0 3 0 0 0 0 0 0 2 3 0 0 0 0 0 0 0 0 0 0 0 0 1 0 0 0 0 0 0 0 0 0 0 0 0 3 0 14 4 24 14 10 0 0 12 0 0 28 0 0 0 14 12 0 0 0 6 11 1 23 0 1 33 3 29 19 0 0 11 40 12 28 0 11 29 33 0 0 0 0 2 0 0 0 0 0 0 0 0 0 0 0 0 0 0 0 13 18 0 0 0 0 0 0 0 0 0 0 0 0 0 0 0 0 1 0 0 0 14 0 0 18 0 0 0 0 1 0 0 1 1 11 0 0 0 0 41 54 49 9 15 0 9 0 3 20 29 11 78 23 43 1 28 36 25 0 0 0 0 0 2 0 0 0 0 0 0 10 0 0 0 21 0 0 1 0 0 0 0 0 0 0 0 0 0 0 0 0 0 0 0 1 0 0 0 0 0 0 0 0 0 9 0 2 1 2 0 3 0 0 0 0 0 74 0 0 0 11 0 0 0 0 0 0 0 0 0 0 0 0 0 0 0 0 0 0 0 0 0 0 0 19 0 0 0 0 
 79 70 149 68 39 13 0 156 241 39 65 127 64 212 120 32 27 296 223 573 1 0 0 3 0 3 0 0 0 1 3 0 0 3 2 77 0 2 2 0 0 0 0 3 0 3 0 0 0 0 0 0 27 0 0 0 0 0 0 0 0 0 0 0 0 0 0 0 0 0 2 0 0 0 0 0 0 1 0 3 16 31 29 0 0 1 15 7 11 15 9 47 14 15 20 17 13 15 23 14 0 0 0 0 0 0 0 0 0 0 0 0 0 2 0 0 0 0 0 0 0 0 0 0 0 0 0 1 0 0 0 0 0 1 0 2 0 0 0 0 0 0 0 4 0 6 0 12 0 0 0 0 0 0 0 0 0 0 0 0 15 11 1 11 14 14 13 12 0 0 11 0 15 9 8 24 9 7 16 17 0 5 0 0 0 0 0 1 0 0 0 0 23 0 0 0 0 0 0 0 2 0 0 0 0 0 0 0 0 0 0 0 0 0 0 0 0 0 0 0 0 0 0 0 0 0 0 0 0 0 0 0 0 0 0 0 0 0 0 0 0 0 0 0 0 0 2 0 0 0 0 15 18 0 0 0 0 0 0 0 0 0 0 0 0 0 0 0 0 0 0 0 0 0 0 10 0 0 0 0 0 0 0 0 0 0 0 0 0 0 
 149 284 195 153 126 125 156 0 178 422 153 238 73 105 138 21 335 108 55 230 0 2 3 0 0 0 0 0 0 0 1 0 4 0 0 4 3 0 0 1 36 0 0 0 0 0 0 0 0 0 0 0 2 0 0 0 0 3 35 0 0 0 0 0 0 0 2 0 0 0 3 0 0 0 46 0 0 2 0 4 25 59 20 25 0 12 25 18 15 47 0 14 25 8 30 10 25 0 1 28 0 0 0 0 0 0 3 0 0 0 0 0 0 0 0 0 0 0 14 0 0 0 0 0 0 0 0 0 0 0 0 0 0 0 0 0 0 0 0 0 0 0 0 1 0 0 0 0 0 0 0 0 0 0 0 0 0 0 0 0 8 25 14 4 15 9 26 10 10 25 23 0 1 31 24 18 31 24 0 1 0 0 0 0 0 0 0 0 0 0 0 0 0 0 0 0 0 0 0 0 0 0 14 0 0 0 0 0 0 0 0 0 0 0 0 0 0 0 0 0 0 0 0 0 0 0 0 0 0 0 0 0 0 0 0 0 0 0 0 0 0 0 0 0 0 0 0 1 93 0 0 8 8 2 0 0 0 0 0 0 1 0 0 0 0 61 0 0 0 0 0 0 0 0 0 20 0 0 0 0 0 0 0 0 0 0 0 0 0 0 
 215 68 348 54 82 345 241 178 0 86 120 121 99 125 203 30 159 128 169 154 2 0 0 3 0 3 0 0 18 0 3 0 0 3 0 76 0 2 3 0 2 0 0 3 0 3 2 0 0 0 0 0 2 0 0 0 0 0 0 0 0 0 0 0 0 0 0 0 0 0 0 0 0 0 4 0 0 0 0 3 0 64 42 10 0 1 17 34 7 48 0 25 58 27 18 27 40 9 32 0 0 0 0 0 0 0 0 0 0 0 0 0 0 0 0 0 0 0 0 0 0 0 0 0 0 0 0 0 0 0 0 0 0 0 0 0 1 0 0 1 0 0 2 4 2 1 0 0 1 0 0 0 0 0 0 0 0 0 0 0 20 28 12 0 24 0 37 10 14 11 0 0 0 40 8 0 12 29 14 10 0 0 1 0 0 0 0 0 0 0 0 0 0 0 2 1 0 1 0 0 0 0 0 2 0 0 0 0 0 0 2 45 0 0 0 0 0 0 0 0 0 0 0 0 0 0 0 0 0 0 0 0 0 0 0 0 2 0 0 13 0 6 0 0 0 0 88 0 2 0 1 13 0 0 0 0 0 0 0 0 0 0 0 0 0 0 0 0 0 0 0 0 0 0 0 16 0 0 0 0 3 0 0 0 0 0 0 0 0 0 
 48 474 238 259 229 242 39 422 86 0 269 235 63 288 341 116 82 78 83 122 75 0 0 4 0 3 3 80 0 0 3 0 26 3 78 2 2 5 30 0 0 0 0 5 0 3 0 2 3 0 0 1 0 2 0 0 0 0 0 0 0 0 0 0 0 0 0 0 0 0 0 0 0 1 0 0 0 1 52 5 14 18 21 16 11 10 9 3 30 33 14 30 1 0 13 9 52 3 0 0 3 14 0 0 65 0 23 1 0 0 0 0 45 14 14 0 0 0 24 0 0 0 14 0 0 0 0 2 0 2 0 0 0 1 0 2 0 0 0 0 0 0 0 0 0 0 0 0 0 0 0 0 14 0 0 0 0 0 0 0 9 57 21 20 7 35 23 1 2 0 9 13 0 0 0 31 0 0 1 0 19 0 0 0 0 0 0 23 1 0 0 0 11 1 8 0 0 0 0 14 2 0 0 0 0 0 0 0 0 0 0 0 1 0 0 0 0 0 0 0 0 0 0 0 14 0 0 0 0 2 0 0 0 1 0 0 0 0 0 0 0 0 0 0 0 0 0 0 3 0 26 7 11 0 0 0 0 0 0 0 0 0 10 0 0 0 0 0 0 0 0 0 0 0 0 27 15 0 0 0 0 14 0 0 0 0 0 0 0 0 
 51 111 91 51 252 209 65 153 120 269 0 97 34 33 69 232 300 47 26 168 0 74 6 3 0 3 0 77 0 0 3 0 74 156 0 2 0 2 104 3 0 0 0 3 0 3 0 0 0 0 0 2 2 1 63 2 0 0 0 0 0 4 1 5 1 1 0 0 0 0 1 1 1 0 2 35 1 2 0 3 1 23 15 30 25 21 10 13 17 7 6 3 21 0 43 18 21 12 0 0 13 0 0 0 0 0 48 23 0 0 0 0 13 1 0 1 10 0 36 8 0 1 2 0 0 0 0 0 0 0 0 0 0 0 0 0 0 0 0 0 0 0 0 2 0 9 0 0 0 0 0 0 0 0 0 0 0 0 0 0 9 0 16 15 37 2 12 0 0 0 8 25 0 0 10 0 1 0 0 0 3 0 0 0 2 0 0 15 9 36 0 0 22 62 12 0 0 0 0 17 0 2 0 0 0 16 0 0 0 0 0 0 0 0 0 0 0 0 0 0 0 0 1 0 0 0 0 0 0 0 0 0 2 0 2 0 0 0 0 0 0 0 0 0 0 2 2 0 0 5 0 13 0 0 0 0 2 0 0 0 0 0 2 0 0 0 0 0 0 0 0 0 0 2 0 11 0 0 0 0 0 0 0 0 0 0 0 0 0 0 
 48 469 285 281 112 42 127 238 121 235 97 0 39 112 319 39 79 315 34 422 0 77 0 3 0 3 0 0 0 0 3 0 10 6 78 2 0 2 78 0 0 0 0 3 0 3 0 0 65 0 0 0 0 0 0 0 0 0 0 0 0 0 0 0 0 3 0 0 49 0 0 0 0 0 0 0 0 0 0 3 12 1 0 0 21 14 10 9 22 24 0 3 25 1 23 24 46 8 0 5 13 21 0 0 0 0 0 2 0 0 0 13 11 0 0 22 0 0 0 1 0 0 0 0 0 0 0 0 0 0 0 0 0 0 0 0 0 1 0 0 0 0 0 0 0 0 0 14 0 0 0 0 0 0 0 0 0 0 0 0 27 3 13 17 81 8 31 24 36 0 14 0 0 16 0 8 0 8 0 0 0 0 0 0 0 0 0 4 0 0 0 0 0 0 0 0 4 0 22 13 0 0 0 0 0 0 0 0 0 0 0 0 0 0 0 0 1 1 0 0 0 0 6 2 0 0 2 0 0 0 0 0 0 0 0 0 0 1 0 0 0 6 0 0 0 2 87 0 8 88 1 17 9 0 0 0 0 0 0 0 11 0 0 0 0 63 0 0 0 0 0 0 0 0 53 23 2 0 0 0 0 0 0 0 0 0 0 0 0 0 
 183 131 90 82 91 148 64 73 99 63 34 39 0 446 81 28 36 39 94 94 0 0 2 3 1 3 73 1 0 0 89 0 0 3 0 88 0 88 1 1 0 0 0 3 0 3 0 0 0 0 0 0 1 0 0 0 0 0 0 0 31 0 0 0 0 0 0 0 0 0 0 0 0 0 50 0 0 0 0 2 1 46 0 0 0 0 32 28 0 14 2 0 15 7 0 0 0 1 32 26 0 0 0 0 0 0 0 0 0 0 0 0 0 0 0 0 0 0 0 0 0 0 0 0 0 0 0 0 0 0 8 0 0 0 0 0 0 0 0 0 0 0 0 0 0 0 0 0 0 0 0 0 14 0 0 0 0 0 0 0 0 32 12 0 0 0 24 0 0 0 0 0 14 0 8 0 0 1 34 34 0 0 0 0 0 0 2 0 0 0 0 0 0 0 0 0 0 0 0 0 0 0 0 0 0 0 0 0 0 0 0 0 0 0 0 0 0 0 0 0 0 0 0 0 1 0 0 0 0 0 0 0 0 0 0 0 0 1 0 0 0 0 0 0 0 2 2 1 0 1 2 20 0 0 0 0 0 0 0 0 1 0 0 0 0 0 0 0 0 0 0 0 0 0 0 15 0 0 0 0 0 0 0 0 0 0 0 0 0 0 
 50 126 105 269 188 66 212 105 125 288 33 112 446 0 374 53 32 326 73 330 0 2 5 3 3 7 0 0 0 0 9 0 0 3 0 2 0 6 1 2 0 0 0 5 2 10 0 4 0 4 4 3 1 0 0 3 3 0 2 0 0 0 0 0 0 2 0 0 0 2 0 0 0 0 3 3 0 1 3 10 10 1 1 18 0 0 40 35 43 23 14 0 16 0 5 0 0 10 27 12 0 0 0 0 0 0 0 0 0 0 0 0 0 7 0 0 0 0 0 1 0 0 0 0 0 0 0 0 0 0 0 0 0 0 0 0 0 0 0 0 0 0 0 32 0 0 0 0 0 0 0 0 0 0 0 0 0 0 0 0 6 52 19 11 0 18 4 66 9 10 15 0 10 0 0 18 0 16 18 28 0 0 0 0 0 0 0 0 0 0 0 0 0 0 0 0 0 0 0 0 0 0 0 0 0 0 0 0 0 0 0 0 0 0 0 0 0 0 0 0 0 0 0 0 0 0 0 0 0 0 0 0 0 0 0 0 0 0 0 0 0 0 0 0 0 0 0 0 0 0 2 10 4 0 0 0 0 0 0 0 0 0 0 0 0 0 0 0 0 0 0 0 0 0 0 25 0 0 0 0 0 0 0 0 0 0 0 0 0 0 
 139 362 193 373 403 67 120 138 203 341 69 319 81 374 0 157 381 124 286 210 1 1 1 4 2 7 0 6 3 0 5 6 3 4 0 2 3 3 2 0 7 0 0 3 23 8 0 0 0 0 5 0 2 0 0 0 2 5 4 3 33 0 0 3 5 3 0 3 0 2 0 2 1 2 10 0 2 0 0 3 39 0 0 11 5 0 25 99 1 27 0 9 21 10 13 28 23 16 1 25 0 0 0 0 0 0 0 0 0 0 0 0 0 20 0 0 0 0 0 0 0 0 0 0 0 0 0 0 0 0 0 0 0 0 0 0 0 0 0 0 0 0 0 0 0 3 0 0 0 0 0 0 0 0 0 0 0 0 0 0 31 1 48 25 0 0 4 11 24 42 0 0 4 22 6 8 27 21 0 16 0 0 0 0 0 0 0 0 0 0 0 0 1 0 0 0 0 0 0 0 0 0 0 0 0 0 0 0 0 0 0 0 0 0 0 0 0 0 0 0 0 0 0 0 0 0 0 0 0 0 0 0 0 0 0 0 0 0 0 0 0 9 0 0 0 2 1 2 88 0 3 11 0 0 0 0 0 0 0 0 0 0 0 0 0 0 0 0 0 0 0 0 0 0 0 0 0 0 0 0 0 0 0 0 0 0 0 0 0 0 
 376 52 167 94 136 208 32 21 30 116 232 39 28 53 157 0 174 107 53 279 0 58 0 4 0 5 0 0 0 0 3 1 34 3 0 2 0 2 3 0 0 0 0 3 0 3 0 0 54 0 0 0 0 0 0 0 0 0 0 0 0 46 0 0 0 0 0 0 0 0 0 0 0 0 3 0 0 3 0 3 14 9 14 85 0 0 0 13 42 1 29 14 0 0 0 67 35 27 12 1 0 40 0 0 0 0 32 0 0 0 0 0 25 10 0 0 0 0 0 20 0 0 0 0 0 0 2 0 0 0 0 0 0 0 0 0 0 0 0 0 0 0 0 0 0 0 0 0 0 0 0 0 0 0 0 0 0 0 1 0 13 12 1 30 1 0 0 16 14 15 9 7 17 13 6 0 19 22 0 11 17 0 0 0 0 0 1 14 0 1 0 0 0 26 0 0 0 0 0 0 0 0 0 0 0 0 0 0 0 0 0 0 0 0 0 0 0 0 0 0 0 0 0 0 0 0 0 0 0 0 0 0 0 0 0 0 0 0 0 0 0 0 0 0 0 1 4 0 2 0 15 9 0 0 0 0 0 0 0 0 0 0 18 0 0 0 0 0 0 0 0 0 0 0 0 0 12 0 0 0 0 0 0 0 0 0 0 0 0 0 
 128 215 146 279 81 62 27 335 159 82 300 79 36 32 381 174 0 77 55 112 1 78 0 3 0 3 25 0 0 1 5 0 0 3 0 2 0 2 3 0 0 0 0 3 0 3 0 0 0 0 0 0 0 0 0 0 0 0 0 0 0 0 0 0 0 0 0 0 0 0 0 0 0 0 5 0 0 0 0 4 35 1 23 19 2 13 6 17 0 4 18 27 6 0 15 93 41 18 0 11 0 0 0 0 0 0 15 0 2 0 0 0 26 0 0 0 0 0 14 6 0 0 1 0 0 0 0 0 0 0 0 0 0 0 0 0 0 0 0 0 0 0 0 0 0 0 0 0 1 0 0 0 0 0 0 0 0 0 0 0 23 0 11 24 3 1 2 0 8 33 26 0 3 28 10 8 35 17 0 12 0 0 0 0 1 0 14 0 0 0 0 0 12 18 0 0 0 0 0 0 0 1 0 0 0 0 0 0 0 0 0 0 0 0 0 0 0 0 0 0 0 0 0 0 11 0 0 0 0 0 0 0 1 0 1 0 0 0 0 0 0 0 1 0 0 4 10 0 41 0 1 2 2 0 0 0 0 0 0 0 0 0 10 0 0 0 0 0 0 0 0 0 0 0 0 0 22 0 0 0 0 0 0 0 0 0 0 0 0 0 
 29 231 203 57 129 67 296 108 128 78 47 315 39 326 124 107 77 0 28 509 0 0 0 3 0 4 20 0 0 1 5 0 35 3 0 2 0 2 3 0 0 0 0 5 0 3 0 0 0 3 0 0 0 0 0 0 0 0 0 0 47 0 0 0 5 0 0 0 0 0 0 0 0 0 0 0 0 0 0 3 15 0 17 22 15 0 0 0 38 0 45 0 7 0 14 0 0 26 19 0 0 17 0 5 0 1 2 0 0 0 0 0 14 10 0 0 0 1 34 11 0 0 0 0 2 0 0 0 0 0 0 0 0 0 0 0 0 0 0 0 0 0 0 0 0 0 0 0 0 0 0 0 0 0 0 0 0 0 0 0 0 11 0 10 1 20 0 31 4 11 12 9 20 1 0 21 16 26 0 0 17 0 0 0 0 11 17 23 2 0 0 0 12 21 0 0 0 0 0 0 0 0 0 0 2 0 0 23 0 0 0 0 0 0 0 0 0 0 0 0 1 0 0 0 0 0 0 0 0 0 0 0 0 0 0 1 0 0 0 0 0 8 0 0 0 3 0 1 4 6 14 17 14 0 0 0 0 0 0 0 0 0 0 0 0 0 0 0 0 0 0 0 0 0 0 12 27 0 0 0 0 0 0 0 0 1 0 0 0 0 
 46 262 259 92 86 52 223 55 169 83 26 34 94 73 286 53 55 28 0 303 0 0 2 3 74 3 0 0 0 0 3 0 2 3 2 4 0 2 4 2 0 0 0 4 0 3 0 0 0 0 0 2 1 0 0 0 0 0 0 0 6 2 1 0 53 1 2 0 0 2 0 0 0 38 4 0 1 0 0 5 13 38 10 0 0 0 14 13 0 1 0 0 15 0 14 0 0 0 57 10 0 0 0 0 0 0 0 0 11 0 0 0 0 16 0 0 0 0 0 0 0 0 0 0 0 0 0 0 0 0 0 0 0 0 0 0 1 0 0 0 0 0 0 1 0 0 3 0 1 0 0 0 0 0 0 0 0 0 0 0 37 0 2 0 0 0 27 1 0 2 1 0 0 0 8 0 0 0 14 3 0 0 2 0 0 0 0 0 0 0 0 0 0 0 1 0 0 1 0 2 0 0 0 0 0 0 0 0 0 2 0 0 0 0 0 0 0 0 0 0 0 0 0 0 0 0 0 0 0 0 0 0 0 0 0 0 0 0 0 0 0 0 0 0 0 0 1 2 0 0 2 7 2 0 0 0 0 0 0 0 0 0 0 0 0 0 0 0 0 0 0 0 0 0 0 0 0 0 0 0 0 0 0 0 0 0 0 0 0 0 
 354 46 127 96 306 277 573 230 154 122 168 422 94 330 210 279 112 509 303 0 3 1 2 5 0 3 0 0 0 1 3 0 0 3 0 2 2 2 3 2 6 0 4 5 0 5 0 0 0 0 0 2 1 0 3 0 0 7 0 0 0 0 0 0 0 0 2 31 0 0 2 0 5 3 54 0 4 0 1 3 21 14 0 0 0 0 14 31 23 10 13 13 20 34 29 16 10 0 27 24 0 0 0 0 0 0 13 0 14 0 0 0 0 0 0 0 0 0 0 0 0 0 0 0 0 0 0 0 0 0 0 0 0 0 0 0 0 0 0 0 0 0 0 8 0 3 7 0 0 0 0 0 0 0 0 0 0 0 0 0 12 22 10 17 12 24 40 16 0 1 24 0 26 13 0 17 13 0 15 25 0 0 12 0 0 0 0 0 0 0 0 0 0 0 0 0 0 0 0 2 0 0 0 0 0 0 0 0 0 1 0 20 0 0 0 0 0 0 0 1 0 0 0 0 0 0 0 0 0 0 0 0 0 2 0 0 0 0 0 0 0 0 0 0 0 1 0 0 0 0 3 14 8 0 2 0 0 0 0 0 0 0 0 0 0 0 0 0 0 0 0 0 0 0 0 29 0 0 0 0 0 0 0 0 0 0 0 0 0 0 
 0 0 0 75 4 75 1 0 2 75 0 0 0 0 1 0 1 0 0 3 0 201 245 140 331 36 248 452 160 46 105 261 184 140 169 206 100 45 228 292 0 0 3 0 0 3 0 0 0 0 1 11 1 4 0 2 1 0 2 0 0 47 0 0 3 0 0 0 3 0 0 0 0 0 3 0 0 2 0 0 0 0 0 0 19 0 0 0 0 0 19 18 0 0 0 0 1 0 0 0 67 0 15 27 32 0 0 37 20 25 35 0 0 26 33 0 30 42 4 0 0 0 0 0 0 0 0 0 0 0 0 0 0 0 0 0 0 0 28 0 0 0 0 0 0 0 0 0 0 0 0 0 20 0 0 0 0 0 0 0 0 0 18 2 0 20 0 0 0 0 0 7 0 0 0 8 0 2 0 0 64 0 26 18 45 0 0 8 0 46 35 0 25 11 3 39 14 8 6 25 0 0 0 0 0 0 0 0 1 0 0 0 11 0 0 0 0 0 12 2 0 0 0 0 0 0 0 0 0 0 0 0 0 0 0 1 0 0 0 0 0 0 0 0 0 0 0 0 0 0 0 0 0 0 12 0 1 167 1 13 4 0 0 0 0 0 0 0 0 0 0 0 0 0 0 0 0 0 0 0 0 13 0 0 0 0 11 0 0 0 
 0 0 1 1 0 428 0 2 0 0 74 77 0 2 1 58 78 0 0 1 201 0 444 91 26 44 99 165 282 120 94 52 340 49 110 142 119 48 144 185 0 2 3 3 0 3 1 0 1 0 0 0 2 2 0 0 0 0 2 0 2 0 5 0 0 0 7 0 3 0 0 37 0 0 3 0 0 3 0 0 63 0 8 11 2 0 2 0 0 0 0 0 0 0 0 14 0 0 0 0 31 23 1 16 0 0 12 36 25 27 0 11 23 44 15 36 0 10 34 56 0 0 0 0 0 0 0 0 2 0 0 0 0 0 0 0 0 0 0 0 0 9 16 2 0 0 0 0 0 0 0 0 0 0 0 0 0 0 0 0 0 0 0 6 0 7 0 0 0 4 20 0 0 0 16 0 37 0 0 0 0 51 21 7 14 0 21 0 0 38 22 10 41 35 51 1 30 42 54 24 0 0 0 0 0 0 0 0 0 0 10 0 0 0 0 0 0 25 0 0 0 0 0 0 0 0 0 0 0 0 0 0 2 0 0 0 0 0 0 0 0 0 0 0 0 0 0 0 0 1 0 0 0 0 10 0 0 4 1 0 13 1 7 0 0 0 0 0 0 0 0 0 0 0 0 0 0 0 0 0 0 0 0 0 0 20 0 0 0 0 
 0 0 0 0 0 150 0 3 0 0 6 0 2 5 1 0 0 0 2 2 245 444 0 128 139 203 296 118 258 71 29 152 178 95 44 117 182 48 112 291 1 4 5 9 0 6 24 0 7 2 5 1 1 4 6 0 2 0 3 52 3 0 4 1 2 0 33 2 4 0 0 4 1 1 13 0 0 2 0 4 0 0 0 0 0 0 0 0 0 0 0 0 0 0 0 0 0 0 0 0 30 9 16 15 34 0 0 25 22 27 17 3 2 12 19 36 0 0 14 25 8 0 1 2 0 0 11 19 0 1 0 0 9 1 22 0 0 0 15 0 0 0 0 0 0 0 0 0 7 4 37 0 0 8 0 0 0 0 0 0 0 0 0 0 0 11 0 9 0 0 0 0 9 0 1 0 0 0 0 0 11 58 0 9 0 0 37 14 0 26 9 19 10 19 36 23 17 9 14 2 1 7 0 0 10 0 0 0 0 0 0 0 22 0 0 0 0 0 0 0 0 11 0 0 0 0 0 0 0 0 0 0 0 0 0 0 0 0 0 0 0 0 0 0 0 0 0 0 0 0 0 0 2 0 2 0 2 4 2 1 2 13 0 0 0 0 0 0 0 0 2 0 0 0 0 0 0 0 0 0 0 0 0 0 0 11 0 0 0 0 
 3 5 3 210 3 79 3 0 3 4 3 3 3 3 4 4 3 3 3 5 140 91 128 0 192 141 320 153 113 488 130 148 51 69 86 201 54 98 81 271 1 0 3 0 0 5 47 0 0 2 2 0 0 24 3 0 0 2 64 0 0 0 2 0 6 0 0 0 3 0 0 0 0 0 53 0 0 3 4 0 0 0 2 0 0 0 0 2 1 0 0 0 0 0 0 0 0 0 2 0 7 28 0 5 10 9 0 19 0 41 31 0 0 0 0 2 4 31 1 13 1 0 9 0 0 2 0 0 0 14 25 0 15 0 16 48 0 0 0 43 0 0 0 0 0 0 0 0 0 0 0 0 0 0 0 0 0 0 0 0 4 4 0 0 0 0 0 0 0 0 0 0 0 0 0 0 0 0 0 9 22 31 32 10 20 11 18 0 9 24 9 0 0 0 0 33 33 0 19 0 11 0 10 0 0 0 0 0 22 0 0 0 0 11 17 0 0 30 37 15 0 0 0 1 0 0 0 2 0 0 0 0 0 0 0 0 0 23 0 0 0 0 0 0 0 0 0 0 0 0 0 0 0 0 10 4 2 51 1 2 2 0 0 0 0 0 0 0 0 0 0 0 1 0 0 0 0 0 0 0 0 0 0 0 1 0 12 0 0 0 
 0 0 0 1 0 0 0 0 0 0 0 0 1 3 2 0 0 0 74 0 331 26 139 192 0 140 43 388 154 58 89 114 68 52 168 143 48 108 53 76 0 81 3 0 0 4 15 62 0 0 0 0 61 199 1 0 0 0 3 0 1 0 2 0 0 0 0 0 3 0 0 0 0 0 4 0 0 3 0 0 0 0 0 0 0 0 0 0 0 0 0 0 0 0 0 0 0 0 0 0 0 0 1 17 19 35 0 29 27 22 1 0 0 0 33 0 0 3 0 0 17 1 14 12 0 0 12 0 26 23 22 0 26 13 0 8 0 0 11 23 0 0 0 0 3 0 0 0 0 0 0 4 0 0 0 0 0 0 0 0 0 0 0 0 0 0 0 0 0 0 0 0 0 0 0 0 0 0 0 0 14 22 0 0 9 17 0 0 17 0 18 0 0 0 0 9 0 3 0 0 0 8 53 0 0 0 31 12 19 0 0 0 21 13 19 12 0 23 13 9 0 0 0 0 1 0 0 0 1 0 0 0 0 0 0 0 0 0 0 0 0 0 0 0 0 0 0 0 0 0 0 0 0 0 10 0 0 0 3 2 0 0 0 0 0 0 0 0 0 0 0 2 0 0 0 0 0 0 0 0 0 0 0 0 16 0 1 0 0 0 
 3 3 5 3 3 3 3 0 3 3 3 3 3 7 7 5 3 4 3 3 36 44 203 141 140 0 28 348 136 33 95 61 46 28 276 65 223 168 29 48 61 0 66 0 0 6 81 64 0 3 2 4 3 16 0 3 0 3 129 84 0 0 3 3 0 0 0 0 21 1 1 5 0 1 5 0 12 3 4 0 0 0 0 0 2 0 0 0 0 0 0 0 0 0 0 0 0 0 0 0 0 0 0 17 11 1 0 17 0 29 1 0 0 0 26 0 0 31 0 0 17 50 16 17 0 0 0 11 0 10 4 10 34 0 30 33 0 18 0 22 0 0 0 0 5 0 0 0 10 6 6 0 0 10 0 0 0 0 1 0 0 0 1 0 0 0 0 0 1 0 0 0 0 0 0 0 0 0 0 0 14 21 1 19 0 7 0 0 11 0 0 0 0 10 0 21 0 0 0 0 18 9 0 19 2 0 26 22 0 0 0 14 26 2 1 0 0 16 13 14 0 0 0 0 0 1 0 0 0 0 0 0 0 0 2 7 0 0 0 0 0 0 18 0 0 0 0 0 0 0 0 2 0 0 2 1 0 0 6 1 0 0 0 0 70 0 0 0 0 0 0 0 0 0 0 0 0 0 0 0 0 0 0 0 0 0 0 0 0 0 
 0 78 0 1 1 80 0 0 0 3 0 0 73 0 0 0 25 20 0 0 248 99 296 320 43 28 0 87 138 244 42 109 212 60 58 115 119 210 206 123 5 0 55 0 0 6 0 0 0 24 0 0 2 0 4 0 0 0 2 0 0 0 1 0 0 0 9 0 3 0 0 0 0 0 3 0 0 2 0 0 0 0 13 0 1 0 0 0 0 0 37 0 0 0 0 0 19 1 0 0 15 29 22 0 16 0 0 29 0 30 13 11 0 39 2 26 13 11 33 29 0 0 0 0 0 0 0 0 0 0 0 0 0 0 0 0 0 0 9 0 0 0 0 0 0 0 0 0 0 0 0 0 10 0 0 0 0 0 0 0 0 0 0 0 0 0 1 0 0 0 0 0 0 0 0 0 0 0 0 0 0 63 11 10 15 0 43 0 8 48 49 29 35 0 17 13 17 18 9 0 0 0 0 0 0 0 0 0 0 0 0 0 0 0 2 0 0 0 1 0 0 0 0 0 0 0 0 0 0 9 0 0 0 0 30 0 2 0 0 0 0 0 0 0 0 0 0 0 0 1 0 0 2 1 4 0 2 29 2 3 2 0 0 0 0 0 0 0 0 0 0 0 0 0 0 0 17 0 0 0 0 0 0 0 2 14 0 0 0 0 
 0 0 0 75 2 77 0 0 0 80 77 0 1 0 6 0 0 0 0 0 452 165 118 153 388 348 87 0 392 35 86 31 114 61 178 168 45 115 224 60 0 0 4 0 0 3 0 0 0 0 0 19 1 4 2 0 4 0 2 0 0 0 1 0 59 0 0 0 3 0 0 0 0 0 3 0 0 2 50 0 0 0 0 0 38 0 0 0 0 0 18 20 0 0 0 0 0 0 0 0 24 68 0 22 18 0 9 41 18 22 11 0 0 20 45 8 21 1 20 0 0 0 2 0 0 0 1 0 0 0 0 0 0 0 0 0 0 0 3 0 0 0 0 0 0 0 0 0 0 0 0 0 0 0 0 0 10 0 0 0 0 0 18 0 0 39 0 0 0 12 0 27 0 0 0 8 0 0 0 0 71 11 65 3 0 0 0 13 6 77 3 11 31 19 16 18 26 1 50 31 0 0 0 0 0 0 0 0 0 0 0 0 47 0 0 0 0 0 22 0 0 0 0 0 2 0 0 0 0 0 0 0 0 0 0 0 6 0 0 0 0 0 0 0 0 0 0 0 0 0 0 0 0 0 5 0 2 88 0 0 2 1 0 0 0 0 0 0 0 0 0 1 0 0 0 0 0 0 0 0 0 69 0 0 0 0 20 0 0 0 
 0 0 0 0 0 60 0 0 18 0 0 0 0 0 3 0 0 0 0 0 160 282 258 113 154 136 138 392 0 152 35 205 172 135 235 301 323 81 97 224 1 3 9 0 3 7 0 0 0 0 6 0 1 0 2 0 0 0 2 0 0 0 2 36 3 3 0 0 3 0 1 2 0 0 5 0 0 5 0 0 0 0 0 0 0 0 0 0 0 13 0 0 0 0 0 0 0 0 0 0 0 14 49 18 19 0 2 0 8 26 13 0 0 23 18 3 19 49 12 18 0 0 0 0 0 0 0 0 0 20 0 0 0 0 16 0 0 51 12 0 0 1 1 0 2 0 0 0 0 0 0 0 0 0 0 0 1 0 0 0 0 0 0 30 0 2 0 0 0 0 13 0 0 0 5 2 0 2 0 0 30 0 14 30 24 0 9 0 12 10 31 5 0 0 24 13 0 26 5 0 18 0 0 0 0 0 18 0 0 0 0 11 0 2 0 0 0 0 35 0 0 0 0 0 0 0 0 0 1 0 0 0 0 0 0 0 0 0 0 0 0 0 17 0 0 0 0 0 0 0 0 0 0 0 14 0 0 4 136 2 17 0 0 0 0 0 0 0 0 0 0 2 0 0 0 0 0 0 0 0 0 0 0 0 1 0 20 0 0 0 
 0 0 1 0 1 75 1 0 0 0 0 0 0 0 0 0 1 1 0 1 46 120 71 488 58 33 244 35 152 0 186 84 170 44 192 62 187 35 163 73 0 49 7 1 0 3 21 0 0 0 1 0 0 62 62 0 0 0 81 124 0 0 0 0 0 0 0 0 53 0 1 0 0 0 3 0 42 2 0 0 0 0 0 0 0 14 0 0 0 0 0 0 0 0 0 0 0 0 0 0 12 7 1 15 18 26 0 0 50 0 18 29 0 0 18 0 7 72 0 0 0 0 0 0 0 24 0 8 0 0 0 0 0 36 0 15 0 0 35 46 0 27 0 0 0 0 0 0 0 0 0 0 0 0 7 0 0 0 0 0 0 0 0 0 0 0 0 0 0 0 0 0 5 0 0 0 0 0 0 0 0 18 0 20 31 22 8 16 12 13 50 19 0 0 0 16 12 21 0 0 11 0 0 0 0 0 18 1 0 10 0 0 19 24 0 1 0 0 8 0 0 0 0 25 0 0 0 0 0 0 0 0 0 0 0 0 0 0 0 0 0 0 0 0 0 0 0 0 0 0 0 0 0 0 1 0 0 77 1 2 3 0 0 0 0 0 1 0 0 0 0 0 0 0 0 0 0 0 0 11 0 0 0 0 0 0 0 0 0 0 
 5 3 3 5 3 3 3 1 3 3 3 3 89 9 5 3 5 5 3 3 105 94 29 130 89 95 42 86 35 186 0 143 8 26 147 388 180 386 58 49 5 0 6 65 0 3 0 5 0 0 0 0 6 63 0 0 0 0 118 64 0 0 3 0 0 0 46 0 3 30 4 48 0 0 3 0 0 3 0 0 1 0 0 2 0 0 0 0 0 0 0 0 0 0 0 0 0 0 0 0 0 18 0 26 50 11 0 9 12 11 28 39 0 0 9 9 0 38 0 1 0 0 0 0 0 16 0 19 7 0 2 0 0 14 40 16 0 16 39 32 0 0 0 0 0 0 0 0 0 0 0 0 0 1 0 2 0 0 0 2 0 5 0 0 72 0 0 0 0 1 0 2 0 0 0 0 0 0 0 0 0 1 41 36 16 10 18 10 26 0 29 21 0 0 0 16 1 31 2 0 15 1 32 0 9 0 0 10 2 10 2 0 0 4 0 0 0 6 34 0 0 0 0 0 0 0 5 0 19 0 0 0 0 0 0 0 0 0 0 0 0 0 1 0 0 37 0 0 0 0 0 0 0 0 15 1 0 39 73 0 0 0 0 0 0 0 0 0 0 0 0 0 0 0 0 0 0 0 0 0 0 10 0 4 0 0 0 0 0 0 
 0 0 0 2 2 0 0 0 0 0 0 0 0 0 6 1 0 0 0 0 261 52 152 148 114 61 109 31 205 84 143 0 241 40 134 35 111 80 49 251 64 56 12 0 0 3 63 0 0 0 0 0 61 63 64 0 0 0 54 136 0 0 3 12 2 1 0 0 3 9 3 15 0 0 3 0 0 3 9 0 0 0 0 0 0 0 0 0 0 0 0 0 0 0 0 0 0 0 0 0 0 14 0 0 13 0 0 1 10 10 16 31 0 0 0 9 0 0 0 0 1 1 8 5 0 0 1 60 0 5 0 0 12 33 27 30 0 17 15 21 0 0 1 0 1 0 0 0 8 1 10 0 0 3 0 0 2 0 0 0 0 10 0 0 0 0 0 0 0 0 0 0 0 0 0 0 0 0 0 0 0 9 1 0 11 34 7 7 1 0 8 11 0 0 0 3 0 51 0 0 32 44 29 0 0 0 1 24 2 10 0 17 4 5 0 11 8 18 63 0 0 0 0 0 0 0 0 0 2 0 16 0 0 0 0 0 0 0 0 0 0 0 1 0 0 0 0 0 0 0 0 0 0 0 0 4 3 0 0 2 2 12 0 0 0 0 2 0 0 0 0 1 0 0 0 0 0 0 0 0 0 9 0 21 0 0 0 0 0 1 
 0 0 0 0 1 62 0 4 0 26 74 10 0 0 3 34 0 35 2 0 184 340 178 51 68 46 212 114 172 170 8 241 0 220 250 115 41 17 130 123 0 0 3 0 0 65 0 0 1 0 62 0 0 0 2 1 0 0 2 0 0 0 3 0 0 0 5 0 5 0 51 0 0 0 3 27 0 3 2 0 0 0 0 0 0 0 0 0 30 0 0 0 0 0 0 0 0 3 0 0 11 29 48 11 12 0 14 12 23 0 7 0 30 15 25 33 0 57 33 0 0 0 0 0 0 0 0 0 0 0 0 0 0 0 0 0 0 10 8 0 0 23 0 0 0 0 0 0 1 0 0 0 0 0 0 0 0 0 0 0 0 8 0 4 2 0 0 0 0 0 0 0 0 0 2 0 0 3 2 0 1 11 14 18 13 0 17 33 2 26 62 12 26 12 30 2 0 15 1 9 0 19 0 0 0 0 0 0 0 11 0 0 24 0 0 0 0 0 1 0 2 0 0 0 0 0 0 0 0 0 0 22 0 0 0 0 0 0 13 0 0 0 13 0 0 0 0 0 0 74 26 0 0 0 0 0 0 1 77 0 2 1 0 0 0 0 0 0 0 0 0 0 0 0 0 0 16 0 0 0 0 0 0 0 0 0 0 0 0 0 
 3 3 3 77 76 77 3 0 3 3 156 6 3 3 4 3 3 3 3 3 140 49 95 69 52 28 60 61 135 44 26 40 220 0 81 51 77 26 274 179 0 0 3 0 0 3 0 0 0 0 0 8 0 0 0 0 2 0 2 0 1 0 1 0 10 11 4 0 3 1 2 2 0 1 3 0 0 12 0 0 21 0 0 0 0 0 0 0 18 0 5 0 0 0 0 0 0 14 0 0 26 1 26 0 0 0 9 38 53 9 2 0 13 13 0 15 17 12 33 14 0 0 0 0 0 0 0 0 0 0 0 0 0 0 0 0 0 0 0 0 0 0 0 0 0 0 0 0 0 0 2 0 0 2 0 0 2 0 0 0 0 0 0 20 29 8 2 0 0 0 0 19 0 0 8 0 0 7 0 0 1 19 19 4 0 0 21 21 2 45 11 0 20 10 12 23 15 0 20 16 1 0 0 0 0 8 0 0 0 0 0 0 9 0 0 0 0 0 0 0 0 0 0 0 0 0 0 0 0 0 0 0 0 0 0 0 2 0 0 0 0 0 0 0 0 0 0 0 0 0 18 0 0 0 16 0 0 1 79 0 3 0 0 0 0 0 0 0 0 0 0 0 0 0 0 0 0 0 0 0 0 0 0 0 0 0 0 0 0 0 
 0 2 0 80 0 3 2 0 0 78 0 78 0 0 0 0 0 0 2 0 169 110 44 86 168 276 58 178 235 192 147 134 250 81 0 160 130 410 216 197 0 0 3 0 0 3 0 0 0 0 2 4 2 2 0 0 2 0 2 0 0 0 10 0 0 0 0 0 3 0 8 0 0 2 4 0 0 2 0 0 0 0 0 0 13 9 0 0 0 0 6 16 0 0 0 0 0 0 0 0 19 14 9 11 24 0 0 11 17 22 15 3 0 28 6 36 20 3 9 12 0 0 0 0 0 0 0 0 0 0 0 0 13 0 0 0 2 2 23 0 0 0 0 0 0 0 0 0 2 0 1 2 2 0 0 0 0 0 0 0 0 0 13 3 0 17 0 0 0 0 0 10 0 0 0 9 0 0 0 6 23 0 2 0 17 0 0 0 4 14 19 20 13 0 29 15 10 9 23 24 0 0 21 0 0 0 17 0 1 2 0 0 10 0 0 0 0 0 11 1 0 0 0 0 1 0 0 0 0 0 0 0 0 0 0 2 0 0 0 3 0 0 0 0 0 1 0 0 0 0 0 0 0 0 16 0 0 1 2 1 22 14 0 0 0 0 9 0 0 0 0 0 0 0 0 0 0 0 0 0 0 21 0 0 0 0 1 0 0 0 
 2 2 2 2 2 3 77 4 76 2 2 2 88 2 2 2 2 2 4 2 206 142 117 201 143 65 115 168 301 62 388 35 115 51 160 0 290 189 127 82 0 0 3 0 0 3 0 0 4 0 1 1 1 0 4 0 1 0 2 0 0 0 0 0 3 0 0 0 3 0 0 0 0 0 3 0 0 2 0 0 0 0 0 0 0 0 0 9 0 0 0 0 0 0 0 2 0 0 0 0 8 41 79 24 31 0 0 14 1 3 29 26 0 13 21 73 9 19 0 12 15 0 0 0 0 0 0 0 0 0 0 0 0 0 21 0 0 0 7 6 0 0 0 0 0 0 0 12 0 0 0 0 1 0 0 0 0 0 0 0 0 0 0 2 0 12 0 0 0 0 0 0 0 0 42 0 0 3 0 0 37 0 54 0 0 0 19 0 5 30 2 19 0 0 8 36 24 0 26 0 0 0 0 0 0 0 0 0 2 0 0 0 0 0 0 0 0 0 10 1 0 0 0 0 0 0 0 0 0 0 0 0 0 0 0 0 0 0 0 6 0 0 0 0 0 0 0 0 0 0 0 0 0 0 13 0 2 247 76 0 11 0 0 0 0 0 0 0 0 0 0 0 0 0 0 0 0 0 0 0 0 0 0 0 0 0 45 0 0 0 
 0 0 0 0 0 76 0 3 0 2 0 0 0 0 3 0 0 0 0 2 100 119 182 54 48 223 119 45 323 187 180 111 41 77 130 290 0 267 43 128 0 0 37 0 0 3 63 0 0 0 1 0 1 0 0 0 0 0 31 70 0 0 0 0 0 0 0 0 3 0 1 0 0 0 3 0 0 2 0 0 0 0 0 0 0 0 0 0 0 0 0 0 0 0 0 0 0 0 0 0 10 0 57 0 0 17 0 0 31 9 10 0 14 3 0 22 2 22 0 18 0 0 0 0 0 0 0 2 10 0 0 0 12 0 1 0 0 0 18 26 0 0 0 0 2 0 0 0 5 3 4 0 0 3 0 0 1 0 0 0 0 0 0 5 0 14 0 0 0 0 0 0 0 0 29 16 0 3 0 0 0 12 12 20 1 0 10 17 3 13 20 38 0 10 14 0 15 31 11 0 0 7 2 0 0 0 0 0 10 0 0 0 20 0 0 0 0 0 9 0 0 0 0 0 0 0 0 0 0 0 0 0 0 0 0 0 0 0 0 0 0 0 0 0 0 0 0 0 0 0 0 0 0 0 11 2 1 0 78 0 2 14 0 0 0 0 11 0 0 0 0 2 0 0 0 0 0 0 0 0 0 9 0 0 0 39 0 0 0 0 
 2 2 2 6 4 76 2 0 2 5 2 2 88 6 3 2 2 2 2 2 45 48 48 98 108 168 210 115 81 35 386 80 17 26 410 189 267 0 50 121 0 0 6 1 0 3 0 0 0 28 0 0 1 0 0 0 2 0 3 75 0 0 2 0 3 1 1 0 3 0 0 0 0 0 3 0 0 3 0 0 0 0 0 0 0 0 0 0 0 0 0 0 0 0 0 0 0 0 0 0 2 27 14 34 74 0 0 10 10 80 19 8 0 20 37 14 5 2 1 13 6 0 0 0 0 0 1 0 0 0 0 0 0 16 1 0 0 0 16 0 0 0 0 0 0 0 0 0 0 0 0 0 0 0 0 0 0 0 0 0 0 0 0 0 0 1 0 0 0 0 0 0 0 0 0 0 0 0 0 0 20 54 18 0 30 9 35 7 12 0 8 20 2 0 1 20 11 28 15 0 0 0 0 0 0 0 0 0 0 0 0 0 0 0 0 0 0 0 38 0 0 0 0 0 0 0 0 0 0 0 0 0 0 0 0 0 0 0 0 0 0 0 0 0 0 0 0 0 0 0 0 0 0 0 10 3 0 10 0 4 2 3 0 0 0 0 0 0 0 0 0 0 0 0 0 0 0 0 0 0 0 12 0 0 0 0 11 0 0 0 
 2 2 3 29 3 147 2 0 3 30 104 78 1 1 2 3 3 3 4 3 228 144 112 81 53 29 206 224 97 163 58 49 130 274 216 127 43 50 0 264 0 0 3 0 0 3 0 0 0 0 0 1 2 3 0 8 2 0 2 0 0 0 2 0 0 0 5 0 6 0 0 0 0 0 3 0 0 3 0 0 0 0 0 1 10 8 0 0 0 0 18 15 0 0 0 2 0 12 0 0 37 11 0 8 0 0 34 21 8 0 0 12 2 42 21 24 0 10 53 11 0 0 0 0 10 0 0 0 0 0 0 0 0 0 0 0 0 0 0 0 62 1 0 0 0 0 0 0 0 0 0 0 1 0 0 0 0 0 0 0 0 0 9 0 12 24 0 0 0 0 0 36 11 0 0 13 0 0 0 11 29 0 1 19 26 0 0 0 10 34 7 0 78 15 57 1 9 13 15 71 0 0 0 0 0 0 0 0 2 0 0 0 0 0 0 0 0 0 1 1 0 0 0 0 0 0 0 0 0 0 0 0 0 0 0 0 0 0 0 0 0 0 0 0 0 0 0 0 0 81 0 0 0 0 11 0 3 1 1 0 14 1 0 0 0 0 0 0 0 0 0 0 0 0 0 0 0 0 0 0 0 12 0 0 0 0 0 0 0 0 
 1 0 0 2 25 74 0 1 0 0 3 0 1 2 0 0 0 0 2 2 292 185 291 271 76 48 123 60 224 73 49 251 123 179 197 82 128 121 264 0 63 0 3 0 0 3 0 0 1 0 0 8 2 0 0 0 4 2 2 0 0 0 2 0 0 0 12 0 3 0 2 2 0 0 3 0 2 3 5 5 1 0 0 1 2 0 0 0 0 0 0 0 0 0 0 0 0 0 0 0 27 8 35 0 0 0 0 57 3 12 0 31 0 38 0 56 43 0 24 39 0 0 0 0 0 0 0 0 0 0 1 2 0 0 1 0 0 0 0 0 0 0 0 0 0 0 0 0 0 0 0 0 0 0 0 0 0 1 0 0 0 2 7 2 0 11 0 0 0 0 0 2 0 0 8 0 0 3 0 0 0 30 12 0 2 0 29 0 0 45 14 9 10 1 31 25 4 21 42 1 0 0 0 0 0 0 0 2 0 0 0 2 0 0 0 0 16 0 2 0 0 0 0 0 0 0 0 0 0 0 0 0 0 0 0 0 0 0 0 0 0 0 0 0 0 0 0 0 0 0 0 2 0 0 4 0 2 4 77 4 11 0 0 0 0 0 0 0 0 0 0 0 0 0 0 0 0 0 0 0 0 0 0 0 0 19 0 0 0 0 
 14 0 1 0 0 0 0 36 2 0 0 0 0 0 7 0 0 0 0 6 0 0 1 1 0 61 5 0 1 0 5 64 0 0 0 0 0 0 0 63 0 173 117 132 96 110 166 131 88 23 27 315 128 342 52 149 84 286 53 331 0 49 0 7 0 0 0 0 3 3 0 6 0 3 5 0 5 0 4 6 0 8 0 0 0 0 0 4 0 17 0 0 0 7 0 0 0 0 0 0 0 0 0 0 0 0 0 0 0 0 0 0 0 0 0 0 0 0 0 0 16 7 8 10 0 0 13 0 29 45 28 1 9 9 14 13 24 6 0 0 0 0 0 0 0 0 3 0 0 0 0 0 0 0 0 11 0 0 0 21 0 2 0 0 1 0 4 0 0 4 5 0 0 0 0 0 0 0 0 0 0 0 0 0 0 18 0 0 0 0 0 0 0 0 0 0 0 0 0 0 49 1 5 2 0 10 1 7 7 0 38 20 0 12 13 36 29 38 0 11 9 0 0 0 0 0 0 0 0 0 0 0 0 0 0 1 0 0 2 0 0 0 0 0 0 0 0 0 0 0 0 2 0 2 0 0 0 0 0 8 0 0 0 0 1 1 0 1 0 0 16 0 0 0 0 0 0 0 0 0 0 0 0 0 6 0 0 9 0 0 
 0 62 0 6 0 0 0 0 0 0 0 0 0 0 0 0 0 0 0 0 0 2 4 0 81 0 0 0 3 49 0 56 0 0 0 0 0 0 0 0 173 0 151 61 45 36 284 207 127 111 145 21 106 330 317 112 47 116 35 81 1 24 0 0 0 0 0 0 0 0 0 0 8 1 0 0 0 0 0 0 0 0 0 0 0 0 0 0 0 0 0 0 0 0 0 0 0 0 0 0 0 0 22 0 0 10 0 0 0 0 0 0 0 0 0 0 0 0 0 0 0 0 10 22 13 0 21 18 0 15 0 0 0 27 0 6 10 8 0 1 3 0 21 0 2 0 0 0 0 0 0 20 0 0 0 0 0 0 0 7 0 0 0 0 0 0 0 0 0 0 0 0 0 0 0 0 0 0 0 0 0 0 0 1 0 6 30 0 0 0 0 0 0 0 0 0 0 0 0 0 0 0 17 0 9 21 14 26 12 0 1 0 1 30 11 39 0 0 7 7 6 0 0 1 0 0 0 0 0 0 0 0 0 0 1 20 0 7 7 0 0 0 0 0 0 0 0 0 0 0 0 5 0 0 0 0 0 0 0 0 0 0 0 0 0 40 2 4 0 0 0 0 0 0 0 0 0 0 0 1 0 0 0 0 0 13 0 0 1 0 
 0 6 0 3 0 0 0 0 0 0 0 0 0 0 0 0 0 0 0 4 3 3 5 3 3 66 55 4 9 7 6 12 3 3 3 3 37 6 3 3 117 151 0 191 82 29 87 390 147 168 106 128 69 109 38 196 125 109 47 44 1 0 1 0 4 1 1 1 3 0 0 0 51 4 2 0 0 0 20 23 0 0 0 0 0 0 0 0 0 0 0 0 0 0 0 0 12 0 0 0 0 0 0 5 0 0 0 0 10 0 0 3 8 0 0 0 0 0 0 0 25 22 8 13 23 0 0 0 44 0 0 3 18 0 0 26 1 13 0 0 41 0 22 0 0 0 16 0 0 0 0 0 0 0 0 9 8 0 9 6 0 0 0 0 0 0 0 0 0 0 8 0 0 0 0 10 1 0 0 0 0 0 5 3 13 0 0 11 5 0 2 0 0 0 0 0 0 10 0 0 11 1 0 30 0 0 5 0 0 0 32 23 0 0 0 0 8 13 3 27 22 7 0 5 0 0 0 1 0 0 0 0 1 9 0 25 0 0 6 25 0 0 3 0 0 0 0 0 0 0 1 7 0 20 0 0 0 0 6 9 0 1 37 0 6 0 0 1 0 0 0 0 0 0 0 0 0 0 0 0 0 4 0 0 32 1 0 0 0 0 
 3 3 5 3 3 3 3 0 3 5 3 3 3 5 3 3 3 5 4 5 0 3 9 0 0 0 0 0 0 1 65 0 0 0 0 0 0 1 0 0 132 61 191 0 112 323 171 71 95 209 148 180 62 60 114 145 256 97 74 53 0 0 1 0 0 0 0 0 0 0 0 0 47 1 0 3 0 0 0 0 0 0 0 0 0 0 0 0 15 0 0 0 0 0 6 0 0 0 6 0 0 0 0 0 0 0 0 0 0 0 0 8 0 0 0 0 0 0 0 0 34 20 24 29 15 25 27 0 39 28 16 9 0 0 0 0 7 14 0 0 45 0 0 0 0 0 30 0 0 0 0 0 0 0 0 3 1 0 1 19 0 0 0 0 0 0 0 0 0 0 2 0 0 0 0 0 6 0 3 0 0 0 0 0 0 0 0 0 0 0 25 0 0 0 0 0 0 0 0 0 9 7 0 3 0 0 1 0 0 24 44 9 14 0 31 18 4 8 0 1 0 21 0 0 0 0 1 0 0 0 0 0 1 0 0 2 0 0 0 8 0 0 20 0 0 0 0 0 0 0 0 7 0 2 0 0 0 0 0 0 0 0 1 1 1 2 2 1 1 0 1 0 0 0 0 0 0 0 0 0 0 3 0 0 13 0 0 2 0 0 
 0 64 0 0 0 0 0 0 0 0 0 0 0 2 23 0 0 0 0 0 0 0 0 0 0 0 0 0 3 0 0 0 0 0 0 0 0 0 0 0 96 45 82 112 0 160 48 45 84 238 181 100 86 72 61 76 162 64 55 67 32 1 4 0 0 0 52 24 0 0 0 4 0 2 0 0 0 0 89 32 0 0 0 0 0 0 0 0 0 0 0 0 0 0 0 0 0 0 0 0 0 0 0 0 0 0 0 0 0 0 0 0 0 0 0 0 0 0 0 0 16 0 0 0 37 63 14 0 28 5 0 22 0 0 0 0 7 24 0 0 1 0 0 9 9 0 24 3 0 11 0 0 0 0 0 0 25 19 0 26 0 0 0 0 5 0 0 0 0 0 0 0 0 0 0 0 19 0 0 0 0 12 0 0 0 0 0 0 0 0 0 0 0 0 0 0 0 0 0 0 0 7 0 0 8 0 0 0 0 0 25 44 0 0 19 18 0 0 0 0 51 20 31 10 0 0 9 8 9 0 0 21 10 29 6 0 10 0 46 13 0 0 0 0 0 0 0 0 0 0 0 4 0 0 0 0 0 0 0 1 0 0 5 4 0 5 2 2 0 0 0 0 0 0 0 0 0 0 0 0 0 0 0 0 20 0 0 4 2 0 
 3 3 4 3 3 3 3 0 3 3 3 3 3 10 8 3 3 3 3 5 3 3 6 5 4 6 6 3 7 3 3 3 65 3 3 3 3 3 3 3 110 36 29 323 160 0 32 51 110 65 283 51 31 50 29 148 122 130 43 45 52 0 16 0 0 0 1 3 54 58 4 0 52 11 51 0 27 0 1 53 0 0 0 0 0 0 0 0 0 0 0 0 0 0 0 0 4 0 0 0 0 0 0 0 0 0 0 0 0 0 0 0 0 0 0 10 0 0 0 0 1 7 10 0 6 2 0 0 0 19 16 0 0 5 0 7 15 0 0 0 13 6 9 18 0 0 4 16 0 3 7 0 12 11 17 5 31 39 28 0 2 0 0 0 0 0 0 0 0 0 0 0 0 0 0 1 1 0 0 0 0 0 0 0 0 0 0 0 0 0 0 0 0 0 0 0 0 0 0 0 4 0 0 3 8 4 0 1 33 10 1 0 27 10 0 0 9 2 0 0 0 0 13 18 11 7 16 17 0 1 0 21 6 9 37 7 0 0 13 0 0 0 12 0 0 0 0 0 0 0 0 10 0 0 0 0 0 0 0 0 0 0 1 0 0 5 0 0 0 0 9 0 0 0 0 0 0 0 0 0 0 0 17 0 0 0 0 0 1 4 
 0 0 0 0 0 0 0 0 2 0 0 0 0 0 0 0 0 0 0 0 0 1 24 47 15 81 0 0 0 21 0 63 0 0 0 0 63 0 0 0 166 284 87 171 48 32 0 174 147 265 40 70 321 226 187 53 119 127 292 147 0 29 5 0 0 0 0 0 0 0 0 0 0 0 6 5 0 0 0 2 0 0 0 0 0 0 0 0 0 0 0 0 0 0 4 0 0 0 0 0 0 0 0 0 0 18 0 0 0 1 9 9 0 0 1 0 0 1 0 0 21 10 18 0 24 0 41 25 5 12 25 1 16 50 27 0 17 7 28 30 0 0 6 0 0 0 0 0 9 6 8 0 0 8 0 0 0 0 0 4 0 0 11 0 0 0 0 0 0 0 0 0 0 0 0 3 3 0 3 0 0 0 0 15 15 17 0 2 0 0 0 0 0 0 0 0 0 0 0 0 0 18 24 40 13 9 0 16 0 13 12 0 32 15 19 11 0 3 3 12 0 0 0 0 0 0 0 0 0 0 0 0 22 23 0 0 0 0 12 13 0 0 10 0 0 0 0 0 0 19 0 0 0 2 0 0 0 0 0 2 0 13 0 0 0 11 0 68 1 0 0 0 0 0 0 0 0 0 0 19 0 0 0 0 6 11 0 0 0 0 
 0 0 2 136 0 0 0 0 0 2 0 0 0 4 0 0 0 0 0 0 0 0 0 0 62 64 0 0 0 0 5 0 0 0 0 0 0 0 0 0 131 207 390 71 45 51 174 0 459 37 34 11 95 231 66 361 32 99 125 52 1 3 10 0 0 0 0 0 0 0 0 0 5 44 0 0 0 0 0 1 0 0 0 0 0 0 0 0 0 0 0 0 0 0 0 0 0 0 0 0 0 0 0 0 0 1 0 0 0 9 0 0 10 0 0 0 0 0 0 0 5 28 14 9 8 0 0 0 20 1 0 0 19 10 0 33 16 0 0 12 20 0 1 0 9 0 0 0 0 0 0 9 0 0 0 0 0 0 0 1 0 0 0 0 0 0 0 0 0 0 3 0 0 0 0 0 0 0 0 0 0 0 0 0 0 10 0 0 0 0 0 0 0 0 0 0 0 0 0 0 8 8 7 23 1 10 3 11 0 0 8 12 0 0 29 0 12 31 0 15 19 0 0 0 0 0 0 6 0 0 0 0 12 0 0 32 0 0 14 13 0 0 0 0 0 0 0 0 0 27 0 2 0 0 0 0 0 0 0 12 0 0 0 0 4 2 0 68 0 0 0 0 0 0 0 0 0 0 0 0 0 0 0 0 1 17 0 0 0 0 
 0 0 0 0 1 0 0 0 0 3 0 65 0 0 0 54 0 0 0 0 0 1 7 0 0 0 0 0 0 0 0 0 1 0 0 4 0 0 0 1 88 127 147 95 84 110 147 459 0 146 349 94 84 170 169 428 119 115 307 71 3 51 4 1 5 0 0 2 0 0 6 4 7 2 10 2 4 0 0 1 0 0 0 0 0 0 0 0 0 0 0 0 0 0 0 0 0 0 0 0 0 0 3 0 0 0 0 0 10 0 0 0 0 0 0 4 0 0 0 0 0 1 3 11 13 9 0 0 9 13 30 0 1 0 0 0 14 17 3 0 35 3 20 0 0 0 0 27 0 0 0 0 0 0 0 27 0 0 0 33 0 17 0 0 0 0 0 0 0 0 5 1 0 0 0 0 0 0 0 0 0 0 0 0 0 0 0 0 0 0 0 0 0 0 0 0 1 0 0 0 9 9 3 0 1 15 0 8 19 21 21 9 0 0 0 0 22 7 0 0 62 9 0 0 0 0 0 0 0 0 0 0 0 14 1 22 0 0 4 5 0 0 0 0 0 0 0 0 0 0 0 5 0 2 0 0 0 0 0 9 0 0 0 0 0 0 0 1 1 0 33 0 0 0 0 0 0 0 0 0 0 0 0 0 0 0 0 0 0 0 
 0 0 0 4 0 0 0 0 0 0 0 0 0 4 0 0 0 3 0 0 0 0 2 2 0 3 24 0 0 0 0 0 0 0 0 0 0 28 0 0 23 111 168 209 238 65 265 37 146 0 181 337 63 54 74 198 133 140 79 73 22 0 0 0 0 0 1 51 0 0 2 0 72 63 0 0 0 0 135 66 0 0 0 0 0 0 0 0 0 0 0 0 0 0 0 0 0 0 0 0 6 0 0 0 0 0 0 0 0 0 0 0 0 0 0 0 3 0 0 0 0 7 0 9 29 15 0 9 12 0 0 15 0 0 0 11 0 17 0 0 15 18 5 0 0 0 8 13 0 0 0 0 0 24 0 9 13 0 20 8 0 0 0 0 0 0 0 0 0 0 0 0 0 0 0 0 10 0 0 0 0 0 0 0 0 0 0 0 0 0 0 0 0 0 0 0 0 0 0 0 0 0 0 0 28 23 0 0 0 4 0 16 0 0 0 0 18 0 0 0 10 58 4 2 0 0 0 0 0 0 0 0 1 13 0 20 12 0 15 15 0 0 0 0 0 0 0 0 0 0 0 1 0 0 0 0 0 0 0 1 0 0 66 65 0 5 3 0 0 0 0 0 0 0 0 0 0 0 0 0 0 0 0 0 11 0 0 0 0 2 
 0 0 0 0 0 0 0 0 0 0 0 0 0 4 5 0 0 0 0 0 1 0 5 2 0 2 0 0 6 1 0 0 62 0 2 1 1 0 0 0 27 145 106 148 181 283 40 34 349 181 0 125 20 121 149 408 104 150 47 57 27 0 13 0 0 0 51 25 0 0 0 0 13 75 0 18 0 0 71 59 0 0 0 0 0 0 0 0 0 0 0 0 0 0 0 0 0 0 0 0 0 0 0 0 0 0 0 0 0 0 0 0 0 0 0 0 0 0 0 0 0 0 25 0 30 22 1 0 34 8 0 20 0 0 0 0 11 39 0 0 31 25 1 0 0 0 31 0 0 0 0 0 0 21 0 0 6 0 3 0 0 0 0 0 4 0 0 1 0 10 0 0 0 0 0 0 1 0 0 0 0 0 0 0 0 0 0 0 0 0 0 0 0 0 0 0 0 0 0 0 0 7 0 0 30 29 0 0 0 7 26 8 0 0 0 0 42 0 0 0 0 29 17 0 0 0 10 2 7 0 0 0 16 0 0 11 12 0 3 22 0 0 0 0 0 0 0 0 0 0 0 3 0 0 0 0 0 0 0 0 0 0 63 34 3 0 0 69 0 0 0 0 0 0 0 0 0 0 0 0 0 0 0 0 21 22 0 0 1 17 
 0 0 0 0 15 0 0 0 0 1 2 0 0 3 0 0 0 0 2 2 11 0 1 0 0 4 0 19 0 0 0 0 0 8 4 1 0 0 1 8 315 21 128 180 100 51 70 11 94 337 125 0 36 94 296 175 179 508 55 44 54 76 8 0 0 0 0 0 49 0 0 1 1 52 0 4 1 0 102 122 0 0 0 0 1 0 0 0 12 0 4 0 0 0 0 0 0 0 0 0 3 0 0 0 0 0 0 12 0 0 0 0 0 6 4 0 6 0 9 0 18 15 16 0 19 0 13 1 20 32 14 18 0 0 0 0 19 23 0 0 6 19 1 0 0 0 4 0 0 0 0 0 10 27 0 10 0 0 8 4 0 1 0 0 0 11 0 0 0 0 0 11 0 0 0 0 0 20 0 0 1 0 0 0 0 0 0 0 0 2 0 0 1 0 7 8 14 0 28 20 0 7 7 9 33 13 0 8 0 25 24 0 0 1 15 10 28 0 0 2 0 0 10 21 0 0 0 0 0 0 0 0 24 0 2 38 0 16 15 16 0 0 21 0 0 0 0 0 0 0 0 14 0 0 0 0 0 0 0 0 0 0 62 1 2 17 0 61 1 0 1 0 0 0 0 0 0 0 0 0 0 5 0 0 0 6 0 0 1 15 
 1 2 2 0 0 2 27 2 2 0 2 0 1 1 2 0 0 0 1 1 1 2 1 0 61 3 2 1 1 0 6 61 0 0 2 1 1 1 2 2 128 106 69 62 86 31 321 95 84 63 20 36 0 103 17 38 240 53 126 58 1 0 0 37 0 0 0 0 0 38 1 4 0 2 0 0 0 0 4 0 0 0 0 0 0 0 0 0 0 0 0 0 0 0 0 0 0 0 0 0 0 0 0 0 0 7 0 0 0 0 1 15 0 0 0 0 2 0 0 0 0 0 7 0 9 0 0 20 18 0 5 15 23 15 15 20 0 15 1 12 0 0 0 0 4 0 0 0 0 0 0 3 0 0 0 0 0 0 0 0 0 0 0 0 0 0 0 0 0 0 0 0 0 0 0 0 0 0 0 0 0 0 0 0 20 22 0 0 0 0 0 0 0 0 0 0 0 0 0 0 8 17 11 15 11 0 3 16 0 0 0 12 1 0 28 6 18 7 0 23 0 0 0 0 1 1 0 0 0 0 18 0 0 0 0 0 0 0 0 0 0 0 0 0 0 0 0 0 0 0 0 4 0 0 0 0 0 1 0 0 0 0 0 0 0 0 0 0 2 0 1 0 0 0 0 0 0 0 0 0 0 0 0 0 0 0 0 0 1 2 
 0 0 0 7 0 3 0 0 0 2 1 0 0 0 0 0 0 0 0 0 4 2 4 24 199 16 0 4 0 62 63 63 0 0 2 0 0 0 3 0 342 330 109 60 72 50 226 231 170 54 121 94 103 0 211 122 46 40 279 318 2 0 7 0 0 0 0 0 0 44 0 0 7 2 0 9 0 0 0 4 0 0 0 4 25 10 0 0 0 0 1 3 0 0 0 0 0 0 1 0 0 0 0 0 0 23 3 0 0 0 9 0 16 1 1 0 0 0 4 0 2 34 3 22 0 0 10 5 0 20 1 0 20 54 1 38 54 0 0 26 0 0 0 0 0 0 0 0 0 0 0 6 0 0 2 0 0 0 0 0 0 4 8 0 0 4 0 0 0 0 0 4 0 0 0 7 0 0 0 0 3 0 0 0 0 11 0 0 0 0 0 0 4 0 6 0 0 0 0 1 13 10 13 50 0 9 29 8 28 2 1 0 0 18 6 5 0 69 23 11 0 0 0 0 0 0 0 0 0 0 0 0 12 0 0 0 0 0 0 13 0 0 0 0 0 0 0 0 0 26 0 10 0 1 0 0 0 0 0 2 0 0 0 0 67 3 0 50 0 0 0 0 0 0 0 0 0 0 0 0 0 1 0 0 0 10 0 0 0 0 
 0 2 0 0 0 0 0 0 0 0 63 0 0 0 0 0 0 0 0 3 0 0 6 3 1 0 4 2 2 62 0 64 2 0 0 4 0 0 0 0 52 317 38 114 61 29 187 66 169 74 149 296 17 211 0 120 21 14 89 74 0 52 5 0 0 6 0 0 0 0 0 0 5 0 0 3 0 0 0 3 0 0 0 0 0 0 0 0 0 0 0 0 0 0 0 0 0 0 0 0 0 4 3 0 5 18 0 0 0 0 16 0 0 0 0 7 0 0 0 0 0 5 1 57 20 0 14 4 0 18 0 14 9 52 1 0 8 8 7 21 0 0 0 14 0 12 1 0 0 0 0 0 2 1 4 6 0 2 2 11 0 0 0 0 0 0 0 0 0 0 0 0 0 0 0 0 0 0 0 0 0 3 0 13 1 0 4 0 0 0 2 4 0 0 0 0 0 0 0 0 0 22 19 37 12 14 33 8 11 0 0 0 18 95 0 32 0 1 27 14 0 0 0 0 0 0 0 0 0 0 0 0 21 0 0 24 0 0 0 13 0 0 0 0 0 0 2 0 0 0 0 9 0 0 0 0 0 0 1 0 0 0 0 0 0 6 0 64 1 0 0 0 0 0 0 0 0 0 0 14 0 0 0 0 0 10 0 0 2 1 
 0 0 0 0 0 0 0 0 0 0 2 0 0 3 0 0 0 0 0 0 2 0 0 0 0 3 0 0 0 0 0 0 1 0 0 0 0 0 8 0 149 112 196 145 76 148 53 361 428 198 408 175 38 122 120 0 99 29 109 69 1 0 5 3 2 2 0 3 20 2 3 0 29 3 2 8 1 0 0 3 0 0 0 0 0 0 0 0 0 0 0 0 0 0 0 0 0 0 0 0 0 0 0 0 0 0 0 17 0 0 0 0 0 0 0 1 0 0 0 0 22 28 11 13 8 11 15 0 1 8 10 0 0 0 0 28 8 9 0 0 12 40 0 0 0 0 16 0 0 0 0 0 0 1 10 17 11 0 0 27 0 0 0 0 0 0 0 0 0 0 0 0 0 0 0 0 5 0 0 0 0 0 0 0 0 0 0 0 0 0 0 0 0 0 0 0 0 0 0 0 15 7 0 34 0 4 9 0 0 10 45 17 0 0 16 22 14 7 0 16 0 12 9 0 0 0 0 33 3 6 0 0 13 0 0 35 0 0 0 12 0 0 0 0 0 0 0 0 0 0 0 4 0 1 0 0 0 0 0 16 0 0 1 3 64 2 0 68 0 0 0 0 0 0 0 0 0 0 0 0 0 0 0 0 16 10 0 0 0 0 
 0 0 0 0 4 0 0 0 0 0 0 0 0 3 2 0 0 0 0 0 1 0 2 0 0 0 0 4 0 0 0 0 0 2 2 1 0 2 2 4 84 47 125 256 162 122 119 32 119 133 104 179 240 46 21 99 0 88 37 46 0 0 1 0 0 7 0 5 0 3 1 3 22 5 0 3 0 0 0 0 0 0 0 0 0 0 0 0 0 0 0 0 0 0 0 0 0 0 0 0 0 0 0 0 0 14 13 0 0 0 1 0 0 0 0 2 0 0 1 0 13 17 0 52 6 11 12 0 14 12 44 15 10 0 0 20 10 0 0 0 11 0 0 0 0 0 0 11 0 0 0 0 0 0 0 21 11 0 0 15 0 0 0 0 0 0 0 0 0 0 0 1 0 0 15 0 18 0 0 0 0 0 0 0 0 0 0 9 0 0 1 0 0 0 1 2 5 0 3 0 19 9 0 26 0 0 1 0 22 15 17 18 10 2 9 0 3 6 0 0 11 13 0 0 0 0 0 0 0 0 0 0 0 11 0 10 0 0 0 10 0 0 4 0 0 0 0 0 0 0 0 4 0 1 0 0 0 0 0 16 0 0 1 0 2 2 0 0 0 0 4 0 0 0 0 0 0 0 0 0 0 0 0 0 0 0 0 11 0 0 
 1 0 0 0 0 0 0 3 0 0 0 0 0 0 5 0 0 0 0 7 0 0 0 2 0 3 0 0 0 0 0 0 0 0 0 0 0 0 0 2 286 116 109 97 64 130 127 99 115 140 150 508 53 40 14 29 88 0 39 41 25 56 0 0 24 0 0 0 0 0 0 3 10 54 3 0 0 0 0 0 0 0 0 0 0 0 0 0 0 0 0 0 0 0 0 0 0 0 0 0 0 9 0 0 0 0 0 0 0 0 0 0 0 0 0 0 0 0 0 0 0 0 22 2 0 12 2 0 11 22 14 13 0 0 0 0 12 29 0 0 14 10 10 0 0 1 0 2 0 0 0 0 0 15 0 0 0 0 26 20 0 0 0 14 0 0 0 0 0 0 4 0 0 0 0 6 3 0 0 0 0 0 0 0 0 0 0 0 0 0 0 0 0 0 0 0 0 0 0 0 13 0 10 0 10 18 0 13 0 13 27 10 0 0 0 3 36 6 0 0 10 20 10 11 0 0 21 0 0 0 0 0 0 2 7 11 0 0 31 0 0 0 0 0 0 0 0 0 0 0 0 0 0 0 0 0 0 0 0 7 0 0 5 0 0 3 0 0 1 2 0 0 0 0 1 0 0 0 0 0 0 0 0 10 0 0 0 0 2 0 
 37 0 5 6 0 0 0 35 0 0 0 0 0 2 4 0 0 0 0 0 2 2 3 64 3 129 2 2 2 81 118 54 2 2 2 2 31 3 2 2 53 35 47 74 55 43 292 125 307 79 47 55 126 279 89 109 37 39 0 173 0 0 0 0 0 0 0 0 0 0 0 0 0 1 2 0 0 0 0 0 0 10 0 0 0 0 0 3 0 35 0 0 0 13 0 0 0 0 0 0 0 0 0 0 0 2 0 0 0 0 30 0 0 0 0 0 0 31 0 0 10 21 8 0 0 0 9 11 7 0 0 0 19 22 19 41 0 0 12 47 0 0 0 0 2 2 0 0 1 1 25 0 0 2 0 0 0 16 0 0 2 19 0 0 0 0 2 0 0 3 0 0 0 0 0 0 0 0 0 0 0 0 0 27 0 16 0 0 2 0 0 3 0 0 0 1 0 12 0 0 15 0 1 19 12 0 1 14 9 10 0 0 0 9 11 0 0 17 18 10 18 0 0 0 0 0 0 0 0 0 0 0 0 0 0 0 0 0 0 0 0 0 0 0 0 0 0 0 0 0 0 2 0 0 0 0 1 0 0 1 0 0 0 0 2 0 14 0 0 0 0 0 0 0 0 2 0 0 0 0 0 0 0 0 0 11 0 0 0 0 
 0 0 0 0 0 0 0 0 0 0 0 0 0 0 3 0 0 0 0 0 0 0 52 0 0 84 0 0 0 124 64 136 0 0 0 0 70 75 0 0 331 81 44 53 67 45 147 52 71 73 57 44 58 318 74 69 46 41 173 0 0 0 5 3 0 9 0 0 0 1 3 9 0 7 0 0 7 0 4 0 0 0 0 0 0 0 0 0 0 0 0 0 0 0 0 0 0 0 0 0 0 0 0 0 0 6 0 0 0 0 14 9 0 0 8 0 0 1 0 0 44 1 10 26 0 0 11 10 0 0 1 43 23 7 24 14 0 0 35 10 0 0 0 0 1 0 0 0 4 7 2 0 0 4 0 0 0 0 0 0 0 0 0 0 0 0 0 0 0 0 0 0 0 0 0 0 0 0 0 0 0 0 1 24 0 18 0 0 6 0 0 0 0 0 0 26 0 13 0 0 0 8 0 0 10 0 0 0 0 0 2 14 33 20 0 0 0 0 9 6 0 0 0 0 0 4 0 0 0 0 0 0 0 0 0 0 0 5 0 0 0 0 1 0 0 0 7 0 0 0 0 7 0 0 0 0 0 1 0 0 0 12 0 0 0 2 0 0 0 0 0 0 0 0 0 0 0 0 0 9 0 0 0 0 0 0 0 0 1 0 
 0 0 0 0 0 0 0 0 0 0 0 0 31 0 33 0 0 47 6 0 0 2 3 0 1 0 0 0 0 0 0 0 0 1 0 0 0 0 0 0 0 1 1 0 32 52 0 1 3 22 27 54 1 2 0 1 0 25 0 0 0 74 129 45 30 50 168 104 68 21 30 53 62 118 58 44 84 33 48 94 5 0 0 0 0 0 0 0 0 0 0 0 0 0 0 0 0 4 11 9 0 0 0 0 0 0 0 0 0 0 0 0 0 0 0 0 0 0 0 0 0 0 0 0 0 9 0 0 0 0 0 13 0 0 0 0 0 13 0 7 0 24 0 9 0 0 13 20 6 0 0 0 30 50 19 0 0 0 3 0 0 0 10 0 1 0 0 0 0 0 0 0 9 0 7 0 0 0 0 0 0 11 0 0 0 0 0 0 0 0 0 0 0 0 0 0 0 0 0 0 0 0 0 0 25 25 0 0 0 0 0 8 0 0 0 0 33 0 0 0 26 19 43 0 30 0 9 3 10 1 0 14 13 0 0 6 0 0 4 21 0 0 0 0 0 0 0 0 0 0 0 0 0 0 5 0 0 0 0 0 0 0 1 0 0 0 4 0 0 0 0 0 0 1 1 8 0 0 0 0 0 0 0 0 0 2 0 15 0 7 
