 0 113 210 60 245 36 82 336 28 116 33 149 65 58 233 79 228 43 98 172 2 0 0 4 2 0 0 7 2 1 5 3 0 0 0 0 1 2 0 8 0 3 0 0 0 0 0 54 0 2 3 0 0 0 4 0 0 4 2 0 2 4 0 3 0 2 10 49 0 0 3 0 3 0 5 0 40 47 3 0 20 17 23 15 0 15 1 26 34 24 28 0 27 11 19 8 7 29 60 71 0 0 0 0 0 0 0 0 0 0 0 0 0 0 0 0 0 0 0 0 0 0 0 0 0 0 7 0 0 0 0 0 0 0 0 0 0 0 0 0 0 0 5 0 0 0 0 0 2 0 0 0 0 0 0 0 0 0 0 0 13 30 22 17 0 11 14 25 0 30 4 0 15 1 29 12 18 11 12 0 0 0 0 0 0 0 0 0 0 0 0 0 10 0 0 0 0 0 0 10 0 0 0 0 0 0 0 0 0 0 0 0 0 0 0 0 0 0 0 0 0 0 0 0 0 0 0 0 0 0 0 0 0 0 0 0 0 0 0 0 0 0 0 0 0 2 1 0 91 89 0 11 0 0 0 0 0 0 0 0 0 0 0 0 0 0 0 0 0 0 0 0 0 0 0 1 0 6 0 0 0 0 0 0 0 0 0 20 0 2 
 113 0 265 98 135 133 89 475 246 289 56 98 49 55 392 108 117 33 271 78 2 0 0 1 2 0 1 1 0 0 4 1 0 0 0 72 0 2 75 28 0 0 0 0 0 0 0 0 0 0 2 0 0 0 3 0 0 0 2 0 0 0 0 3 3 0 0 0 0 1 3 0 2 0 3 3 2 0 2 0 1 9 11 27 0 2 1 42 0 0 21 10 23 20 18 15 7 10 14 19 0 0 0 0 0 0 1 0 16 0 0 0 37 22 12 0 0 0 0 46 2 0 0 0 0 0 0 0 0 0 0 0 0 0 0 0 0 0 0 0 0 1 2 0 0 0 0 0 0 0 0 0 0 0 0 0 2 0 0 0 0 18 36 8 11 0 17 13 19 10 0 11 51 0 9 28 0 46 0 6 0 0 0 0 0 0 0 0 0 0 0 0 1 0 0 0 0 0 12 16 0 0 0 0 0 20 0 0 0 0 0 0 0 0 0 0 0 0 0 0 0 0 0 0 0 0 0 0 0 0 0 0 0 1 1 0 0 0 0 0 0 0 0 0 0 0 2 1 0 1 17 4 0 0 0 0 0 0 0 0 75 0 0 0 0 0 0 0 0 0 0 0 0 0 0 0 19 0 0 0 0 0 0 0 0 0 0 0 0 0 
 210 265 0 227 95 109 107 134 248 231 172 127 72 148 191 179 211 218 58 24 2 0 1 0 2 0 0 1 4 0 6 0 2 0 0 24 0 2 172 151 0 0 0 0 0 0 0 0 0 0 3 0 0 0 3 4 0 0 2 0 0 0 0 3 3 0 0 0 0 0 3 0 3 0 2 1 0 0 3 0 0 0 36 0 127 14 19 53 0 10 55 25 0 0 11 25 3 6 0 0 19 0 0 0 0 0 23 21 0 0 0 0 3 9 2 0 0 0 9 0 0 0 0 0 0 0 0 0 0 9 0 0 0 0 0 0 0 0 0 0 0 0 0 0 0 0 0 0 0 0 0 0 0 0 0 0 6 0 0 0 2 0 0 0 9 14 14 15 34 43 16 23 11 0 0 0 19 22 0 1 0 0 0 0 0 0 16 0 0 0 0 0 13 7 14 0 0 0 13 14 0 0 0 0 0 0 0 0 0 0 0 0 0 0 0 0 0 0 0 0 0 0 0 0 0 0 0 0 0 0 0 0 0 0 0 0 0 0 0 0 0 0 0 0 0 4 1 0 0 1 9 7 0 0 0 0 0 0 0 0 73 0 0 0 0 0 0 0 0 0 0 0 0 0 0 5 0 0 0 0 0 0 0 0 0 0 0 0 0 0 
 60 98 227 0 386 87 105 167 353 228 144 282 123 86 279 348 280 401 80 58 4 1 0 2 2 0 0 0 0 0 2 0 0 1 0 0 0 2 270 77 0 0 0 0 0 0 0 0 2 0 84 0 29 0 3 5 0 0 5 0 1 0 0 3 3 0 3 0 0 1 3 0 3 0 3 1 0 0 3 0 0 29 19 0 68 69 0 0 16 19 20 0 1 1 48 22 10 34 1 0 28 0 0 0 0 0 20 14 0 0 0 0 23 0 10 0 1 0 52 9 0 0 0 0 0 0 9 0 0 0 0 0 0 0 0 0 0 0 0 0 0 0 0 0 0 0 0 0 0 0 0 0 0 0 2 1 0 0 0 0 19 0 0 0 10 18 0 0 8 23 1 7 1 0 22 2 19 7 13 4 0 39 0 0 0 0 15 2 0 0 0 0 0 49 33 0 0 2 11 14 0 0 0 0 0 0 0 0 0 0 0 0 0 0 0 0 0 0 0 0 8 0 0 0 2 0 0 15 0 0 0 0 0 0 0 1 0 0 0 0 0 0 0 0 0 2 91 0 0 88 14 5 10 0 0 0 0 0 0 0 75 0 0 0 0 0 0 0 0 0 0 0 0 0 0 10 8 0 0 0 0 0 0 0 0 0 0 0 0 0 
 245 135 95 386 0 68 42 152 520 98 68 145 50 222 272 173 136 285 135 89 107 95 76 0 2 0 78 1 1 0 2 1 0 1 0 0 0 2 20 78 0 0 0 0 1 0 0 0 0 0 3 0 0 0 3 0 0 0 2 6 0 0 35 3 2 0 0 0 0 0 3 0 3 0 2 0 0 0 3 0 0 0 17 1 13 18 0 22 0 8 11 0 0 0 0 17 9 9 0 0 13 27 12 11 0 0 0 24 0 1 10 0 15 29 14 41 0 6 25 29 0 0 0 0 0 0 7 0 0 0 0 0 0 0 0 0 0 0 0 0 0 0 0 7 0 0 0 0 0 0 0 0 0 0 0 0 5 0 0 0 1 0 1 0 1 1 0 0 35 14 20 11 0 0 14 0 0 0 0 0 11 23 0 9 0 0 13 0 0 13 0 0 44 10 23 14 16 1 40 58 0 0 0 0 0 0 0 0 0 0 0 0 0 0 0 0 0 0 0 0 0 0 0 0 0 0 0 0 0 0 0 0 0 0 0 0 0 0 0 0 0 0 0 0 0 0 3 0 0 91 0 0 10 0 0 1 0 0 0 0 0 0 0 0 0 0 0 0 0 0 0 0 0 0 0 0 0 0 0 0 0 0 0 0 0 0 0 0 0 0 
 36 133 109 87 68 0 117 33 141 112 155 172 267 54 70 180 63 173 249 53 5 37 0 0 2 0 208 19 0 0 151 3 117 0 0 2 75 37 3 179 0 0 0 0 0 0 0 0 0 0 3 0 0 0 33 0 0 0 2 3 4 0 0 3 0 0 0 0 0 0 3 0 3 0 2 5 0 0 3 0 0 10 30 7 28 0 0 0 0 14 12 0 0 0 0 26 0 0 0 0 14 0 0 0 0 0 30 14 12 7 7 0 39 13 50 0 0 0 33 31 0 0 0 0 0 0 0 0 0 0 0 1 0 0 0 1 0 0 2 0 0 0 0 0 0 0 0 0 0 0 0 0 0 0 0 5 0 0 0 0 0 0 0 0 9 11 0 0 16 4 0 11 7 0 0 2 47 10 0 0 21 9 21 18 10 0 10 11 0 11 13 24 0 29 0 15 0 0 0 19 0 0 0 0 0 0 0 0 0 0 0 0 0 0 0 0 0 0 0 0 0 0 2 0 0 0 0 0 0 0 0 0 0 0 0 0 0 2 0 0 0 0 0 0 0 11 16 0 0 0 14 11 0 0 0 0 0 0 0 0 0 0 0 0 0 0 0 0 0 0 0 0 0 0 0 0 0 0 0 0 0 0 0 0 0 0 0 0 0 0 
 82 89 107 105 42 117 0 173 224 134 47 41 160 364 62 40 116 43 222 280 2 6 2 0 2 3 0 3 4 0 2 72 3 4 4 0 0 5 0 81 4 0 0 2 3 0 5 0 0 5 3 6 3 5 2 5 2 0 2 2 0 1 3 5 5 4 0 0 3 0 11 3 3 3 9 3 1 4 6 2 1 57 0 0 19 10 51 37 14 10 21 8 1 15 30 0 20 0 2 0 2 0 0 0 0 0 0 13 0 1 0 0 0 0 0 0 0 0 0 0 0 2 0 0 2 0 0 0 0 0 0 0 0 0 0 0 0 0 0 0 0 0 0 2 0 0 0 0 0 0 0 0 0 0 0 0 0 0 0 1 23 1 0 3 0 0 28 14 0 0 11 11 15 10 0 0 21 20 31 11 0 0 0 0 0 0 0 0 0 2 0 0 0 0 0 0 0 0 0 0 0 15 0 0 0 0 0 0 2 0 0 0 0 0 0 0 0 0 0 0 0 0 0 0 0 0 0 0 0 0 0 0 0 0 0 0 0 0 0 0 0 0 0 0 0 1 88 0 4 0 0 15 0 0 0 0 0 0 0 0 0 0 0 0 0 1 0 0 0 2 30 0 0 0 0 19 1 0 0 0 0 0 0 0 0 0 0 0 0 0 
 336 475 134 167 152 33 173 0 183 37 20 140 187 165 300 362 139 28 232 66 2 0 0 0 2 0 0 0 0 0 4 0 0 0 0 0 0 2 20 80 35 0 0 0 0 0 0 0 0 0 3 0 0 0 2 0 0 0 2 0 2 0 24 3 0 0 12 0 0 0 2 0 3 0 3 0 41 0 3 0 32 0 41 12 0 14 0 47 14 0 0 0 0 13 17 21 16 3 38 25 0 0 0 0 0 0 0 0 1 0 0 0 1 19 0 0 0 0 0 2 0 0 2 0 0 0 0 0 2 0 0 0 0 0 1 0 0 0 0 0 0 0 0 0 0 0 0 0 0 0 2 0 0 1 0 0 6 0 0 0 9 19 16 0 1 18 17 22 43 10 13 12 0 61 29 0 24 0 4 0 1 0 0 0 0 0 0 0 0 0 0 0 0 0 0 0 0 0 15 20 0 0 0 0 0 0 0 0 0 0 0 0 0 0 0 2 0 0 1 0 0 0 0 0 10 0 0 0 0 1 0 0 0 0 0 0 0 0 0 2 0 0 0 0 0 0 0 0 51 49 1 8 1 0 0 0 0 0 0 0 2 0 0 0 0 0 0 0 0 0 0 0 0 0 0 0 13 0 0 0 0 0 0 0 0 0 0 0 0 0 
 28 246 248 353 520 141 224 183 0 173 213 353 73 208 185 155 116 256 214 153 2 2 2 2 2 74 0 1 5 0 2 2 2 2 0 2 0 2 0 155 2 0 0 0 3 40 2 0 0 0 3 2 0 5 6 0 0 0 2 0 0 0 0 3 3 2 0 0 0 0 55 3 6 3 2 2 30 4 2 0 0 10 13 10 0 0 0 12 1 1 30 8 0 0 31 63 26 0 8 13 1 0 0 0 0 1 14 1 17 0 0 0 31 0 15 0 0 0 0 16 0 1 0 0 12 0 0 0 0 0 0 0 0 0 0 0 0 0 0 0 0 0 0 1 0 0 0 15 0 0 0 0 0 0 0 0 0 0 0 2 21 1 0 0 5 12 35 0 14 12 0 11 9 1 0 1 45 26 8 6 11 0 0 0 2 0 0 0 0 2 0 0 0 0 0 0 0 0 1 20 0 0 0 0 0 0 0 0 0 0 0 0 0 0 0 0 0 0 0 0 0 0 0 0 0 0 0 0 0 0 0 0 0 0 1 0 0 0 0 0 0 0 0 0 0 0 2 0 0 1 15 18 0 0 0 0 0 0 0 0 0 0 0 0 0 0 2 0 0 0 0 0 0 0 46 11 0 0 0 0 0 0 0 0 0 0 0 0 0 0 
 116 289 231 228 98 112 134 37 173 0 149 49 56 84 118 452 219 127 288 110 4 2 0 37 5 3 3 0 2 0 2 0 0 0 0 0 0 4 121 152 0 0 0 0 0 0 0 2 0 0 3 0 0 0 2 5 0 62 5 2 1 0 0 3 2 2 0 0 0 3 2 2 3 0 3 0 0 0 3 0 0 55 18 32 26 40 0 0 11 9 33 11 10 8 0 13 8 25 10 7 0 0 0 0 0 0 22 0 0 0 0 0 24 0 10 0 0 0 7 0 0 0 0 0 0 0 10 0 0 1 0 0 0 0 0 1 0 0 0 0 0 0 3 0 0 0 0 0 12 0 0 0 0 0 0 0 0 0 0 0 0 20 0 0 30 10 0 0 14 16 15 22 10 0 15 22 15 20 13 8 0 27 0 2 0 0 47 0 0 0 0 0 13 12 15 0 7 0 10 0 0 0 19 0 0 0 17 0 0 0 0 0 11 0 0 0 0 0 0 0 0 0 2 0 0 0 0 1 0 2 0 0 0 0 0 0 0 0 0 0 0 11 0 0 0 1 89 0 0 1 20 21 10 0 0 0 0 0 0 0 0 0 0 0 0 0 0 0 0 0 0 0 0 0 0 0 0 19 0 0 0 0 0 0 0 0 0 0 0 0 
 33 56 172 144 68 155 47 20 213 149 0 457 60 91 70 236 391 182 87 361 2 8 0 0 2 2 75 98 74 2 2 2 3 0 2 0 3 5 116 102 0 0 0 10 0 0 0 0 3 0 3 3 0 0 4 6 1 2 2 0 4 5 0 3 2 0 0 0 0 0 3 0 3 4 8 0 1 4 3 0 0 14 2 27 11 18 18 14 12 11 34 51 0 0 10 1 17 6 0 0 0 0 0 1 0 0 9 38 40 0 0 0 18 0 20 8 0 0 11 27 0 0 0 0 0 0 0 0 0 0 0 0 0 0 0 0 0 0 0 0 0 0 0 0 0 0 0 1 0 0 0 0 0 0 0 0 0 0 0 6 0 0 0 11 17 14 14 14 18 13 20 9 6 0 1 11 17 22 0 3 7 15 1 0 0 0 14 0 0 0 0 0 11 0 0 0 5 0 25 0 0 0 0 0 0 0 0 0 0 0 0 2 0 0 4 0 0 0 0 0 0 0 10 0 0 0 0 0 0 0 6 0 0 0 0 0 0 0 0 0 0 19 0 0 0 1 0 0 2 1 0 2 0 0 0 0 0 0 0 0 0 0 9 0 0 0 0 0 0 0 0 0 0 0 0 8 0 0 0 0 0 0 0 0 0 0 0 0 0 0 
 149 98 127 282 145 172 41 140 353 49 457 0 44 35 40 40 72 313 49 21 2 72 0 0 3 0 3 39 0 0 2 2 2 2 75 1 0 2 153 55 0 0 0 2 0 1 0 2 0 0 4 0 2 0 2 4 0 0 2 3 2 5 0 3 0 0 6 0 0 0 6 0 3 0 2 0 0 0 3 0 0 26 25 26 29 22 16 0 15 0 1 38 0 0 0 16 6 3 0 0 1 0 0 0 0 0 14 0 14 0 0 0 15 20 19 9 0 0 13 38 0 0 0 0 0 0 1 0 0 0 0 0 0 0 0 0 0 0 0 0 0 0 0 0 0 0 0 0 0 0 0 0 0 0 0 0 0 0 0 0 0 0 17 16 19 18 0 17 40 0 20 12 0 0 2 10 17 2 14 2 0 11 0 0 0 0 14 0 0 0 2 0 13 10 0 0 7 0 37 31 0 0 2 0 0 0 0 0 0 4 0 0 0 1 0 0 0 0 0 0 0 0 0 0 0 0 0 0 0 0 0 0 0 0 0 0 0 0 2 0 0 10 0 0 1 4 0 2 0 93 0 5 0 0 0 30 0 0 0 0 0 0 6 0 0 0 0 0 0 0 0 0 0 0 0 0 0 0 0 0 0 0 0 0 0 0 0 0 0 0 
 65 49 72 123 50 267 160 187 73 56 60 44 0 262 116 47 217 293 232 150 4 1 0 0 2 0 1 2 0 279 2 0 0 0 0 0 0 2 1 4 0 0 1 0 0 0 0 0 0 0 3 2 0 0 3 0 0 0 2 0 1 0 0 3 2 51 0 0 0 0 3 0 3 0 2 0 0 0 3 0 75 35 7 21 17 12 32 0 1 30 16 0 11 29 1 0 33 23 2 21 0 0 0 2 0 0 0 1 0 0 0 0 0 0 0 0 0 11 0 0 0 0 0 0 0 0 0 0 0 0 0 1 0 0 0 1 0 2 0 0 0 0 0 0 0 0 0 0 0 0 0 0 0 0 0 0 0 0 0 0 15 8 10 3 0 0 0 8 0 0 2 0 0 0 0 2 41 0 22 9 0 0 0 0 0 0 0 0 0 0 0 0 0 0 0 0 0 0 0 0 0 0 0 0 0 0 0 14 0 0 0 0 0 0 2 0 0 0 0 0 0 0 2 9 0 0 0 0 0 10 0 0 0 0 0 0 0 0 0 0 0 1 0 0 0 2 91 0 110 0 0 9 0 0 0 0 0 0 0 0 0 0 0 0 0 0 0 0 0 0 0 0 0 0 0 10 1 0 0 0 0 0 0 0 0 0 0 0 0 0 
 58 55 148 86 222 54 364 165 208 84 91 35 262 0 109 44 101 29 112 185 2 0 0 35 3 1 0 0 2 0 2 0 0 0 0 2 0 2 81 5 0 0 0 0 0 0 6 0 0 5 3 0 0 0 3 0 0 0 2 0 0 0 0 3 3 0 0 0 0 0 3 0 3 0 2 1 0 0 11 0 16 9 1 0 0 0 60 40 17 11 10 10 8 1 22 2 2 0 22 0 0 0 0 0 0 2 0 0 0 0 0 0 0 20 2 0 0 0 0 0 0 0 0 1 0 0 1 0 0 0 0 0 0 0 0 0 0 0 0 0 0 0 0 0 0 1 0 0 0 0 0 0 0 0 1 0 61 0 0 0 18 7 0 1 0 0 18 20 1 2 11 4 29 25 0 0 18 11 13 29 0 1 0 0 0 0 0 0 0 0 2 0 0 0 0 0 0 0 10 3 0 0 0 19 2 0 0 0 0 0 0 0 0 0 0 0 0 0 0 0 0 1 0 0 0 0 0 0 0 0 0 1 0 0 0 0 0 0 2 0 0 0 0 0 0 0 0 0 1 3 0 0 0 0 0 0 0 0 0 0 0 0 0 0 0 0 0 0 0 0 0 0 0 0 0 26 0 0 0 0 0 0 0 0 0 0 0 0 0 0 
 233 392 191 279 272 70 62 300 185 118 70 40 116 109 0 157 185 46 375 213 2 4 0 0 2 0 0 0 0 0 2 0 1 0 0 0 0 2 279 5 0 0 0 0 0 0 0 0 0 0 3 3 0 0 3 0 0 0 2 0 1 0 0 3 3 0 2 0 0 0 3 0 3 0 2 1 47 0 3 0 1 1 1 1 0 10 0 10 0 2 10 0 10 0 22 6 22 24 15 25 0 0 0 0 0 0 0 0 0 0 0 2 1 20 0 0 0 14 0 0 0 0 0 0 0 0 0 0 0 0 0 0 0 0 0 0 0 0 0 1 0 0 0 0 0 1 0 0 0 1 0 0 0 0 0 0 5 0 0 0 29 0 28 1 0 6 2 24 7 25 7 2 0 0 20 7 0 13 0 0 0 0 0 0 0 0 0 0 0 0 0 0 0 0 0 0 0 0 20 2 0 0 0 0 0 0 0 0 0 0 0 0 0 0 0 0 0 0 0 0 0 0 0 0 10 0 0 0 10 0 0 0 0 0 0 0 0 0 0 0 0 0 0 0 0 0 3 0 2 2 2 2 0 0 0 0 0 0 0 0 17 0 0 0 0 0 0 0 0 0 0 0 0 0 0 0 23 0 0 0 0 0 0 0 0 0 0 0 0 0 
 79 108 179 348 173 180 40 362 155 452 236 40 47 44 157 0 147 210 244 81 2 0 2 2 2 73 0 0 1 0 2 1 3 2 0 0 0 3 194 71 0 0 3 0 0 51 0 0 0 2 3 0 0 1 3 4 0 0 2 108 1 1 0 3 3 1 6 0 0 0 3 0 3 0 2 1 0 0 3 0 0 0 14 0 54 33 3 0 14 16 22 0 3 6 0 22 7 66 21 20 18 0 0 0 0 2 23 23 0 0 0 0 10 0 2 0 0 0 18 1 0 0 0 0 0 0 7 0 0 0 0 0 0 0 1 0 0 0 0 0 0 0 6 0 0 0 0 0 5 0 0 0 0 0 0 0 0 0 0 0 0 10 11 0 9 20 0 0 46 28 9 0 5 0 25 11 21 18 5 5 0 16 2 0 0 0 9 0 0 0 0 0 9 20 15 0 0 0 12 0 0 0 0 0 0 0 0 0 0 0 0 0 0 0 0 0 0 0 2 0 0 1 0 0 0 0 0 0 0 0 0 0 0 0 0 0 0 0 0 1 0 0 0 0 0 0 2 1 1 85 0 14 12 0 0 0 0 0 0 0 0 0 0 0 0 0 0 0 0 0 0 0 0 0 0 0 0 10 0 0 0 0 0 0 0 0 0 0 0 0 
 228 117 211 280 136 63 116 139 116 219 391 72 217 101 185 147 0 146 135 72 5 0 0 0 5 2 0 0 0 0 2 0 0 0 0 0 0 2 74 5 3 1 0 0 0 0 0 0 0 0 3 0 0 0 2 0 0 0 2 0 0 3 0 3 1 1 3 3 0 0 4 0 3 0 2 0 49 1 3 0 17 11 11 11 33 34 0 0 19 36 37 0 0 12 1 10 46 42 16 56 0 0 0 0 0 0 0 0 0 0 0 2 11 0 0 0 0 0 19 0 0 0 0 0 0 0 7 0 0 7 0 0 0 0 0 0 2 0 0 1 0 0 3 0 0 0 0 0 0 1 0 0 0 0 0 0 0 0 0 0 9 29 0 0 0 0 0 47 8 24 0 0 2 0 56 12 22 13 18 3 0 21 0 0 0 0 19 0 1 0 0 0 11 10 24 0 0 0 12 0 0 0 0 0 0 0 0 0 0 0 0 0 0 0 0 0 0 0 0 0 0 0 0 0 0 0 0 0 0 0 0 0 0 0 0 0 0 0 0 0 0 0 0 0 0 2 48 0 47 86 0 1 7 0 0 0 0 0 0 0 0 0 0 0 0 0 0 0 0 0 0 0 0 0 0 13 0 0 0 0 0 0 0 0 0 0 0 0 0 0 
 43 33 218 401 285 173 43 28 256 127 182 313 293 29 46 210 146 0 36 36 2 1 3 0 2 2 0 2 1 0 4 2 77 0 125 1 1 4 122 163 0 0 0 0 0 1 0 0 0 0 3 0 0 1 3 0 0 0 2 9 0 4 0 3 2 0 1 0 0 6 3 0 3 0 2 0 0 2 3 0 0 19 0 31 60 40 0 0 0 43 65 40 0 0 24 3 26 2 0 0 11 0 0 0 0 0 27 10 0 0 0 0 16 0 10 5 0 0 21 41 0 0 0 0 0 0 22 0 0 0 0 0 0 0 0 0 0 0 0 0 0 0 0 0 0 0 1 0 0 0 0 0 0 0 0 0 0 0 0 0 22 0 0 0 36 0 0 0 17 0 2 4 0 0 0 3 29 22 14 7 0 28 0 0 0 0 0 0 0 0 0 0 16 26 19 0 9 0 33 0 0 0 0 0 0 0 0 0 0 0 0 0 0 0 0 0 0 0 0 0 0 0 0 18 0 0 0 0 0 0 0 0 0 0 0 0 0 0 0 0 0 0 0 0 0 5 190 0 3 90 2 4 11 0 0 0 0 0 0 0 0 0 0 0 0 0 0 0 0 0 0 0 0 0 0 10 0 0 0 0 0 0 0 0 0 0 0 0 0 0 
 98 271 58 80 135 249 222 232 214 288 87 49 232 112 375 244 135 36 0 395 0 0 2 2 0 1 0 0 1 0 0 0 2 0 0 74 0 0 0 1 0 0 0 0 0 1 0 0 0 0 0 0 0 0 0 0 0 0 0 0 0 0 0 1 0 0 0 0 0 0 0 0 0 0 0 0 39 3 0 0 11 0 2 2 0 17 56 24 16 2 24 14 0 38 57 1 14 0 19 23 0 0 0 0 0 0 25 0 0 0 0 0 0 0 0 0 0 0 0 0 0 0 0 0 2 0 0 0 0 0 0 0 0 0 0 0 0 0 0 15 0 0 0 0 0 0 0 0 0 0 0 0 0 0 0 0 0 0 0 0 9 0 0 3 0 0 48 26 0 14 3 0 13 3 7 0 11 12 11 6 0 0 0 0 1 0 0 0 0 2 1 0 0 0 0 0 0 0 0 0 0 17 0 0 0 0 0 0 2 0 2 0 0 0 1 0 0 0 0 0 0 0 0 0 0 0 0 0 0 0 0 0 0 0 0 1 0 0 0 0 0 0 0 0 0 0 0 2 4 1 0 8 0 0 0 0 0 0 0 0 0 0 0 0 0 0 1 0 0 5 0 0 0 0 0 5 0 0 0 0 0 0 0 0 0 0 0 0 0 0 
 172 78 24 58 89 53 280 66 153 110 361 21 150 185 213 81 72 36 395 0 2 0 0 0 2 0 0 2 2 3 2 0 1 0 0 0 0 8 1 4 1 0 0 0 2 0 1 0 0 3 68 2 0 0 3 0 1 0 3 0 0 44 0 3 2 0 0 0 0 0 3 0 3 0 2 0 0 30 11 2 27 0 8 2 0 0 17 45 2 2 10 7 0 28 1 0 0 0 13 14 0 20 0 0 2 0 0 0 0 0 0 0 0 0 0 0 0 0 0 0 0 0 0 0 2 0 14 0 0 0 0 0 0 0 0 0 0 0 0 0 0 0 0 0 0 0 0 0 2 0 0 0 0 0 0 0 0 0 0 0 0 31 0 0 0 0 44 0 0 0 0 0 7 12 20 0 0 3 0 25 0 0 0 0 0 0 0 0 0 2 0 0 0 0 1 0 0 0 0 0 0 0 0 0 0 0 0 0 0 0 2 0 0 0 0 0 0 0 0 0 0 0 0 0 1 0 0 0 0 0 0 0 0 0 0 0 0 0 0 0 0 0 0 0 0 2 0 0 30 0 0 11 0 0 0 0 0 0 0 0 0 0 0 0 0 0 1 0 0 0 0 0 0 1 0 0 0 0 0 0 0 0 0 0 0 0 0 0 0 0 
 2 2 2 4 107 5 2 2 2 4 2 2 4 2 2 2 5 2 0 2 0 101 150 76 252 250 254 56 15 22 256 27 75 119 116 84 116 447 38 148 0 0 0 3 0 1 0 0 0 0 0 0 0 0 0 0 0 0 0 7 1 0 2 0 0 0 0 1 2 6 1 0 0 0 0 1 51 3 0 0 0 0 0 18 19 0 0 0 0 0 0 18 0 0 0 0 0 0 0 0 29 45 17 10 0 0 24 10 0 18 13 16 5 33 14 17 0 12 18 15 1 0 0 0 0 0 1 0 0 0 0 0 0 0 0 0 0 0 0 0 0 0 0 0 0 0 5 5 0 1 0 1 0 0 0 0 0 0 0 0 0 0 1 0 13 7 0 0 0 0 0 2 4 0 0 0 0 0 0 0 23 10 21 10 16 13 3 8 4 67 20 18 18 30 24 15 22 15 21 30 0 0 0 0 0 0 0 0 0 0 0 0 0 0 0 0 0 0 0 0 0 0 0 0 0 3 0 0 0 0 0 0 0 18 0 0 0 0 0 0 0 0 0 0 0 0 0 0 0 75 0 0 0 0 18 0 0 77 0 1 1 0 0 0 0 0 0 0 0 0 0 0 0 0 0 0 0 0 0 0 0 17 0 0 0 0 0 0 0 0 
 0 0 0 1 95 37 6 0 2 2 8 72 1 0 4 0 0 1 0 0 101 0 75 60 104 40 79 196 41 405 160 107 186 124 211 63 98 118 44 52 2 0 0 2 0 0 2 0 1 4 2 4 0 2 5 3 0 3 1 5 9 6 3 0 0 2 0 2 2 3 3 31 0 5 4 12 5 7 0 0 0 0 0 1 15 15 0 0 1 0 0 31 0 1 0 0 0 0 9 0 5 0 11 0 0 0 16 32 0 20 7 0 0 52 10 21 14 0 0 43 13 0 0 0 0 0 7 1 0 0 0 0 0 0 0 0 0 0 12 0 0 0 0 8 0 0 4 5 0 7 0 0 0 0 0 0 0 0 0 0 0 0 1 0 6 0 0 0 1 0 0 0 4 0 0 0 0 0 2 0 9 3 19 0 27 17 18 50 37 34 24 34 26 15 14 0 15 18 13 42 0 0 8 0 0 0 0 0 0 0 0 2 0 2 0 1 0 0 0 36 0 0 0 0 0 0 0 1 0 0 0 0 0 1 1 0 0 0 0 0 0 0 0 0 0 1 0 0 0 75 0 5 0 0 13 0 2 1 0 0 1 9 0 0 0 2 2 0 0 0 0 0 0 0 2 0 2 0 0 0 0 14 0 0 0 0 1 0 0 0 
 0 0 1 0 76 0 2 0 2 0 0 0 0 0 0 2 0 3 2 0 150 75 0 195 97 23 91 258 105 206 127 41 62 109 68 212 104 109 159 58 2 0 72 6 0 6 0 0 4 10 0 0 1 0 0 0 0 0 61 10 7 1 2 6 0 0 3 2 2 51 0 0 0 0 3 0 35 3 17 0 0 0 0 2 0 0 0 0 0 0 0 0 0 0 2 0 6 0 0 0 0 25 0 26 29 0 0 2 23 8 1 4 7 7 19 0 19 15 0 0 2 1 0 0 0 0 0 6 15 0 0 0 29 1 0 0 0 0 19 2 0 0 0 0 0 2 1 1 0 0 0 0 3 0 6 0 0 8 0 0 0 0 6 0 0 0 0 0 0 0 0 0 0 33 0 0 0 0 0 0 11 14 0 48 0 40 2 19 22 8 13 0 10 1 27 24 0 54 6 51 0 0 0 1 0 0 11 21 0 0 0 0 0 4 0 1 0 0 27 0 31 1 0 0 0 1 0 0 0 0 0 0 0 20 0 0 13 0 0 0 0 0 0 0 0 0 0 0 0 0 0 0 0 0 6 2 0 7 0 0 0 0 0 0 0 0 0 0 0 0 0 0 0 0 0 0 0 0 0 49 0 1 0 0 0 9 0 0 0 47 
 4 1 0 2 0 0 0 0 2 37 0 0 0 35 0 2 0 0 2 0 76 60 195 0 127 35 85 270 143 142 45 199 81 170 130 125 97 269 94 56 3 0 0 2 3 0 0 2 0 5 0 0 66 63 1 1 0 3 127 3 0 2 2 3 47 0 0 0 4 0 0 0 0 0 6 0 9 0 3 0 11 0 0 0 0 0 0 0 0 0 19 0 0 0 0 0 0 2 0 0 5 0 0 0 21 0 0 0 17 25 5 11 0 12 0 1 14 9 0 0 0 7 8 0 0 0 4 9 31 0 0 0 0 0 0 0 3 0 10 12 0 0 0 0 0 0 4 4 0 5 2 2 1 0 0 0 0 0 0 0 0 0 0 0 0 10 0 0 7 3 0 0 0 0 0 0 0 0 0 0 15 7 6 36 4 47 47 79 47 9 36 19 0 9 20 15 20 42 0 0 17 0 0 1 0 0 9 16 0 0 1 0 2 3 5 0 0 0 46 28 0 1 0 0 4 1 0 0 0 0 0 14 0 0 0 0 2 0 0 0 0 0 0 0 0 0 0 0 8 0 0 0 0 0 3 0 2 4 3 1 0 0 0 0 0 0 0 0 0 0 0 0 0 0 0 0 0 0 0 1 0 15 0 0 0 12 0 0 0 0 
 2 2 2 2 2 2 2 2 2 5 2 3 2 3 2 2 5 2 0 2 252 104 97 127 0 556 45 285 308 125 341 277 81 73 108 203 65 466 70 86 23 0 0 0 0 0 64 55 0 0 0 0 0 62 74 74 95 0 162 66 0 3 2 0 0 0 0 0 2 0 0 0 0 0 3 7 6 1 0 0 0 0 0 0 0 0 0 0 0 0 0 0 0 0 0 0 0 1 0 0 0 0 0 0 9 21 0 0 0 0 0 31 0 0 0 0 0 10 0 0 66 0 25 0 0 0 18 2 12 0 16 0 6 13 1 8 0 0 34 11 0 0 0 0 0 1 6 5 0 9 0 0 0 0 0 0 0 0 0 0 0 0 0 0 0 22 0 0 4 0 0 0 0 0 0 0 0 0 0 0 0 0 1 13 15 26 0 0 0 0 7 23 0 15 19 0 0 19 0 0 16 6 11 0 0 0 9 10 0 4 12 0 13 15 8 0 20 14 46 18 0 3 0 0 0 0 0 0 0 0 0 0 9 0 0 0 0 0 0 0 0 0 0 0 0 0 0 0 0 0 0 0 0 0 9 3 0 6 0 14 2 7 0 0 0 0 1 0 0 0 0 0 0 0 0 0 0 0 0 0 0 16 1 0 0 0 0 12 0 0 
 0 0 0 0 0 0 3 0 74 3 2 0 0 1 0 73 2 2 1 0 250 40 23 35 556 0 27 41 61 118 172 137 50 46 43 90 49 122 129 76 6 0 0 0 0 0 63 81 0 0 0 0 131 209 119 63 65 0 83 29 2 27 3 0 0 0 0 0 2 0 1 0 48 2 0 0 7 0 0 0 0 2 0 0 0 0 0 0 0 0 0 0 0 0 0 0 0 0 0 0 0 0 0 8 0 38 0 0 0 0 2 19 1 0 0 1 0 0 0 0 25 29 17 0 0 0 0 1 22 0 8 64 64 20 14 19 0 1 23 10 0 0 0 0 0 0 0 0 0 0 0 0 0 0 0 0 0 0 0 0 0 0 0 0 0 3 0 0 4 0 0 0 0 0 0 0 0 0 0 0 0 1 0 0 30 0 0 0 1 0 0 16 0 0 0 0 0 0 0 0 28 10 30 0 0 0 19 15 0 35 9 0 52 1 1 59 0 53 43 19 0 26 0 0 0 0 0 0 0 0 0 13 0 0 0 0 0 1 0 0 0 0 19 0 0 0 0 0 0 0 0 0 0 0 4 2 4 74 0 12 0 0 0 0 0 0 0 0 0 0 0 0 0 0 0 0 0 0 0 0 0 0 0 0 0 0 0 0 0 0 
 0 1 0 0 78 208 0 0 0 3 75 3 1 0 0 0 0 0 0 0 254 79 91 85 45 27 0 128 61 40 203 59 697 172 157 36 103 247 267 47 0 0 0 3 0 0 0 0 0 0 0 0 0 0 32 0 0 0 0 2 15 1 2 0 0 0 0 0 2 0 0 0 0 0 0 45 3 0 0 0 0 0 0 36 12 0 2 0 0 14 0 17 0 0 0 1 0 0 0 0 12 35 9 13 0 0 9 3 0 13 39 0 19 26 30 0 0 17 28 23 0 0 0 2 0 0 0 0 0 0 0 0 0 0 0 0 1 0 0 0 0 0 0 0 0 0 14 0 0 0 0 0 0 0 5 0 0 0 0 4 0 0 1 20 1 0 2 0 0 3 0 0 3 0 0 0 0 0 0 0 37 23 22 32 8 0 33 21 0 25 22 26 14 23 10 12 0 0 0 60 0 0 0 0 0 0 0 0 0 0 0 0 0 8 0 0 0 0 0 0 0 5 0 0 0 0 0 0 0 0 0 0 0 0 0 0 0 0 5 0 0 0 0 0 0 0 79 0 0 0 0 0 0 19 14 2 1 44 0 0 0 0 0 0 0 0 0 0 0 0 0 0 0 0 0 0 0 0 0 0 0 0 0 2 0 0 7 0 0 0 
 7 1 1 0 1 19 3 0 1 0 98 39 2 0 0 0 0 2 0 2 56 196 258 270 285 41 128 0 176 149 153 71 287 294 278 121 52 111 339 136 0 0 0 0 1 0 0 0 0 11 0 0 30 0 1 0 0 0 0 3 11 3 2 0 0 0 0 2 2 0 0 0 0 0 0 29 3 1 0 0 1 0 0 10 0 0 0 0 0 0 0 17 0 0 0 0 0 0 0 0 0 0 10 4 2 0 10 26 21 18 8 21 0 12 38 0 32 0 0 14 0 0 0 0 0 0 0 0 0 0 1 0 18 0 0 0 0 0 20 0 0 0 0 0 0 0 0 0 1 0 2 0 0 0 7 0 0 0 0 4 0 0 2 6 0 0 0 0 0 5 0 0 0 32 0 0 0 0 0 0 10 27 0 4 26 26 13 42 25 13 0 9 1 15 0 27 19 54 0 0 0 0 0 0 0 0 0 10 0 0 0 0 3 0 0 0 0 0 8 2 0 0 0 0 0 0 19 0 0 0 0 0 0 0 0 0 0 0 0 0 0 0 0 0 0 0 0 0 0 0 0 1 0 3 9 0 2 0 2 2 1 0 0 0 0 0 0 0 0 0 0 0 0 0 0 2 0 14 0 28 0 0 0 0 0 12 2 0 0 0 
 2 0 4 0 1 0 4 0 5 2 74 0 0 2 0 1 0 1 1 2 15 41 105 143 308 61 61 176 0 162 58 247 305 499 205 134 100 22 328 112 0 1 0 0 58 0 28 0 0 2 0 0 0 0 2 0 0 0 63 5 1 3 3 0 0 0 0 0 2 0 0 0 0 0 2 0 5 0 0 1 0 0 0 1 0 0 0 0 0 0 0 0 0 0 0 0 12 0 0 0 0 0 36 33 14 19 0 13 20 48 15 1 0 6 14 17 7 0 0 0 2 0 11 0 0 0 0 0 0 0 0 0 8 32 1 0 0 0 19 4 0 0 0 0 0 0 0 0 0 0 6 5 2 0 9 0 0 0 0 0 24 0 2 0 0 1 0 0 0 0 0 0 0 6 0 0 0 0 0 0 17 58 32 34 1 23 23 19 27 0 56 0 0 17 22 53 0 15 0 0 0 0 0 2 0 0 0 7 0 0 0 0 0 0 0 0 0 1 9 20 0 9 0 0 0 2 0 0 0 0 0 0 0 0 0 0 0 18 0 0 0 0 26 0 0 0 0 0 0 0 0 0 0 0 9 0 0 1 74 1 0 0 0 0 0 0 62 0 0 0 0 0 0 0 0 0 0 0 0 0 0 7 0 0 0 0 0 0 0 0 
 1 0 0 0 0 0 0 0 0 0 2 0 279 0 0 0 0 0 0 3 22 405 206 142 125 118 40 149 162 0 134 32 264 293 161 696 104 381 125 180 4 0 0 0 0 0 0 0 0 7 0 0 0 62 1 0 62 0 0 3 10 3 3 0 0 2 0 0 2 0 0 0 59 0 0 0 3 0 0 0 0 0 0 0 0 0 0 0 0 0 0 0 0 2 0 0 0 0 0 0 0 18 16 0 12 34 0 21 21 0 9 25 0 1 10 6 54 1 0 0 24 0 0 12 0 0 12 18 0 0 0 0 36 0 0 0 0 0 10 0 0 0 0 0 0 0 1 12 0 2 0 0 0 0 0 0 0 0 0 0 0 0 0 0 0 0 0 0 2 0 0 0 0 4 0 0 0 0 0 0 1 1 18 0 23 9 0 22 22 17 1 2 0 0 2 37 17 33 0 0 0 0 0 0 29 0 1 10 0 0 0 1 1 1 0 22 0 0 0 16 22 0 0 17 0 0 0 1 0 0 0 0 0 2 0 0 0 0 0 0 0 0 0 0 0 2 0 0 0 0 0 0 0 0 7 0 5 76 2 0 6 6 0 0 0 0 0 0 0 0 0 0 0 0 0 0 0 0 0 14 0 0 0 0 0 0 19 0 0 0 
 5 4 6 2 2 151 2 4 2 2 2 2 2 2 2 2 2 4 0 2 256 160 127 45 341 172 203 153 58 134 0 144 166 30 65 105 84 234 104 69 2 0 2 0 0 0 0 82 0 0 0 3 8 130 199 0 9 0 66 3 17 3 5 0 0 5 0 0 2 0 0 0 0 0 0 56 5 0 0 0 0 0 0 0 0 0 0 0 0 0 2 0 0 0 10 0 0 0 10 2 0 2 0 9 0 41 0 0 0 2 18 18 10 10 25 0 33 0 13 24 6 20 0 0 0 0 0 0 22 0 7 0 12 20 11 0 0 0 16 15 0 0 0 0 0 0 0 0 0 1 0 0 5 1 0 0 0 1 0 0 0 0 8 0 0 0 0 0 0 0 2 0 4 0 0 0 0 0 0 0 0 0 0 0 36 0 15 38 14 5 3 30 0 8 15 0 0 1 0 0 7 9 54 0 0 0 9 11 0 0 0 0 36 0 0 39 0 32 34 10 0 0 0 0 0 0 0 0 0 0 0 0 0 0 0 0 0 0 0 0 0 0 0 0 0 0 0 0 0 0 0 0 0 0 9 0 2 2 0 4 2 0 0 0 0 0 0 0 0 0 0 0 0 0 0 0 0 0 0 0 0 0 0 0 2 0 26 0 0 0 
 3 1 0 0 1 3 72 0 2 0 2 2 0 0 0 1 0 2 0 0 27 107 41 199 277 137 59 71 247 32 144 0 35 61 84 111 78 133 29 46 0 0 2 0 0 0 29 79 0 4 0 0 96 82 57 66 66 1 83 65 1 3 2 0 0 0 0 0 2 0 1 0 0 0 0 0 5 0 2 0 0 0 2 0 0 0 0 0 0 0 0 0 0 0 0 0 0 0 1 0 2 0 0 8 0 26 0 0 6 9 11 0 1 2 0 0 22 2 0 0 44 18 11 0 0 0 0 0 34 0 0 0 8 0 14 0 0 0 27 9 0 1 0 0 0 0 0 0 0 0 0 0 0 0 0 0 0 0 0 0 0 0 0 0 1 23 0 0 4 7 0 0 0 1 0 0 0 0 0 0 3 1 0 0 0 19 0 19 72 0 0 1 1 0 0 9 0 42 2 0 20 0 16 0 0 0 0 25 0 10 11 13 27 0 3 51 0 19 43 12 0 0 0 0 0 0 0 0 0 0 0 2 1 0 0 0 0 0 0 16 0 0 0 0 0 0 0 0 0 0 0 0 0 0 7 0 2 1 7 12 2 0 0 0 0 0 0 0 0 0 0 0 0 0 0 0 0 0 0 12 0 0 0 0 0 8 0 0 0 0 
 0 0 2 0 0 117 3 0 2 0 3 2 0 0 1 3 0 77 2 1 75 186 62 81 81 50 697 287 305 264 166 35 0 188 305 29 175 175 121 31 0 0 0 0 0 0 4 2 0 0 0 6 6 0 22 0 0 6 0 3 10 5 2 4 0 0 0 0 2 0 0 0 1 0 4 50 3 0 0 0 0 0 0 0 36 0 0 0 0 11 0 58 0 0 0 9 0 0 0 0 24 0 17 20 0 0 11 25 0 0 23 0 16 22 23 0 0 6 32 15 0 2 7 0 0 2 7 12 0 0 0 0 0 1 0 7 0 0 0 0 0 0 0 16 0 0 0 0 0 0 0 0 0 0 3 0 2 0 0 8 0 0 1 6 0 0 0 0 0 9 0 0 6 0 0 0 0 0 0 0 56 24 33 21 6 0 23 21 16 0 29 20 9 41 11 18 0 0 0 0 0 0 0 0 0 0 0 0 0 0 0 0 0 0 0 0 0 0 1 1 0 0 0 0 0 0 0 0 0 0 0 0 0 0 0 0 0 0 0 0 0 0 0 0 0 0 19 0 0 0 0 0 0 0 25 0 0 76 0 2 2 0 0 0 0 0 0 0 0 0 0 0 0 0 0 0 0 0 0 0 0 0 0 0 0 0 11 0 0 0 
 0 0 0 1 1 0 4 0 2 0 0 2 0 0 0 2 0 0 0 0 119 124 109 170 73 46 172 294 499 293 30 61 188 0 250 28 115 51 326 138 0 0 0 0 0 0 0 0 0 5 0 0 4 0 2 0 0 0 3 4 0 3 3 0 0 0 0 7 2 0 0 0 0 0 0 0 3 0 0 0 0 0 0 0 0 1 0 0 0 0 0 14 0 0 0 0 0 0 0 0 13 26 28 36 0 13 0 48 22 11 61 0 0 10 11 7 29 10 0 0 0 0 0 0 0 0 0 0 0 0 9 0 8 8 0 0 0 0 7 0 0 0 0 0 0 13 0 0 0 0 0 0 0 0 9 0 0 0 0 17 0 0 2 6 1 0 0 0 0 9 0 0 0 4 30 0 23 0 0 0 0 10 23 21 10 16 0 28 27 1 10 31 9 11 23 24 0 20 0 0 0 0 0 0 0 0 0 1 0 0 0 0 0 0 0 0 0 0 0 8 0 0 0 0 0 0 0 0 0 0 0 0 0 0 0 0 0 0 0 0 0 0 0 0 0 0 0 0 0 0 0 0 0 0 7 0 0 76 0 0 0 2 0 0 0 0 14 0 0 0 0 0 0 0 0 0 0 0 0 0 0 0 0 0 0 0 0 0 0 0 
 0 0 0 0 0 0 4 0 0 0 2 75 0 0 0 0 0 125 0 0 116 211 68 130 108 43 157 278 205 161 65 84 305 250 0 266 130 261 84 110 0 0 0 0 0 0 0 0 0 0 0 0 0 0 1 0 206 0 130 3 0 2 2 0 0 0 0 0 50 0 0 0 0 0 7 0 4 0 0 0 0 0 0 25 0 0 0 0 0 0 0 18 0 0 0 0 0 0 0 0 0 0 28 21 0 14 12 0 17 3 9 0 0 42 0 18 1 40 0 12 8 0 0 0 0 0 6 0 0 0 0 2 0 4 0 2 0 0 16 0 0 0 1 0 0 0 6 4 0 3 0 0 0 0 0 0 0 0 1 0 0 0 0 0 0 0 1 17 0 0 0 0 0 0 0 0 0 0 0 2 25 33 14 23 19 48 10 10 34 20 18 6 0 20 16 23 0 23 0 23 0 0 0 0 2 0 0 14 11 0 0 0 0 11 0 0 0 0 1 21 0 0 0 0 2 0 0 0 0 0 0 0 0 0 0 0 0 0 0 0 0 0 0 0 0 0 0 0 0 27 0 0 0 0 7 0 2 80 2 0 0 8 2 0 0 0 0 0 0 0 0 0 0 0 0 0 0 0 0 0 0 12 0 9 0 0 0 0 0 0 
 0 72 24 0 0 2 0 0 2 0 0 1 0 2 0 0 0 1 74 0 84 63 212 125 203 90 36 121 134 696 105 111 29 28 266 0 258 56 58 105 0 0 0 3 0 1 0 0 0 1 5 0 65 8 3 0 0 1 59 2 0 4 4 0 0 0 4 0 2 0 0 0 0 0 4 0 54 4 0 1 0 0 2 0 0 0 0 0 1 0 0 0 0 0 0 0 1 0 1 0 10 1 32 0 57 0 0 0 14 22 1 29 0 0 0 4 12 10 0 0 13 2 3 0 0 0 6 18 0 0 0 0 0 9 0 0 1 0 31 20 0 0 0 0 0 0 4 7 0 5 0 0 0 2 0 0 0 0 0 0 0 0 0 0 0 0 0 0 0 0 0 0 0 3 0 0 0 0 0 0 2 0 9 21 34 62 0 0 0 9 20 10 0 39 16 13 18 18 2 0 0 0 0 0 0 0 8 25 0 0 0 0 11 10 2 0 0 1 0 34 0 1 0 0 0 0 0 0 0 0 0 0 0 0 0 0 0 0 0 0 0 0 0 0 0 0 0 0 0 0 0 0 0 0 0 0 1 1 116 2 17 9 0 0 0 0 9 0 0 0 0 1 0 0 0 0 0 0 0 8 0 27 0 3 0 27 0 0 0 0 
 1 0 0 0 0 75 0 0 0 0 3 0 0 0 0 0 0 1 0 0 116 98 104 97 65 49 103 52 100 104 84 78 175 115 130 258 0 135 42 39 0 0 0 0 0 0 0 0 0 0 0 0 0 68 63 68 0 0 67 5 0 2 2 0 44 49 0 0 2 0 0 0 0 0 4 0 5 0 2 1 0 0 0 0 10 0 0 0 0 0 0 0 0 0 0 0 0 0 0 19 0 0 24 13 49 19 0 0 1 0 20 69 0 12 0 33 13 11 14 0 0 0 0 0 0 0 0 0 11 0 0 0 11 1 0 11 0 0 50 12 0 0 11 0 0 0 0 0 0 0 6 7 0 0 30 1 0 0 0 0 0 0 0 0 0 0 0 0 0 0 0 0 7 0 0 0 0 0 0 0 25 27 40 17 15 13 15 0 0 17 33 1 0 0 0 39 0 19 0 14 0 0 1 0 0 1 0 20 0 0 1 0 0 22 0 11 0 0 14 23 0 0 0 0 0 0 0 0 0 0 0 0 0 0 0 2 0 0 0 0 0 0 0 0 0 0 0 0 0 3 0 0 0 0 3 2 1 2 92 0 1 1 0 0 0 0 1 0 0 0 0 0 0 0 0 0 0 0 0 14 0 9 0 0 0 0 0 0 0 0 
 2 2 2 2 2 37 5 2 2 4 5 2 2 2 2 3 2 4 0 8 447 118 109 269 466 122 247 111 22 381 234 133 175 51 261 56 135 0 36 29 0 0 0 0 0 0 0 1 0 6 0 0 62 93 1 0 0 0 65 4 4 6 3 0 0 0 0 0 2 0 0 0 0 0 0 8 3 0 0 0 0 0 0 0 0 0 0 0 0 0 0 0 0 0 0 0 0 0 0 0 0 13 2 3 33 30 0 0 0 26 7 17 0 23 9 0 29 11 0 10 0 9 10 0 0 0 0 25 2 0 0 0 22 2 1 1 11 0 20 47 0 0 0 0 0 3 0 0 0 0 0 0 5 0 0 0 0 0 1 0 0 0 0 0 0 4 12 0 5 0 0 0 0 0 0 0 0 0 0 0 0 0 0 9 15 30 20 17 22 25 0 28 0 0 0 0 0 12 0 0 6 0 1 0 0 0 19 13 0 0 0 0 12 0 8 6 0 0 14 20 0 0 0 0 1 0 0 5 2 0 0 0 0 0 0 0 0 0 0 0 0 0 0 0 0 0 0 0 0 0 0 0 0 0 3 3 2 76 18 5 2 0 0 0 0 0 0 0 0 0 0 0 0 0 0 0 0 0 0 1 0 0 0 7 0 0 1 0 0 0 
 0 75 172 270 20 3 0 20 0 121 116 153 1 81 279 194 74 122 0 1 38 44 159 94 70 129 267 339 328 125 104 29 121 326 84 58 42 36 0 259 2 0 0 0 0 0 2 0 0 0 0 2 0 2 1 7 0 0 0 3 2 2 2 0 0 2 0 0 2 0 3 4 3 3 0 0 3 9 0 0 0 0 35 1 32 40 0 15 11 2 14 20 0 0 0 28 7 14 1 0 23 0 0 0 0 0 12 22 5 0 0 0 5 20 9 0 0 0 1 0 0 0 0 0 0 0 0 0 0 0 0 0 2 0 0 0 0 0 0 0 0 2 0 0 0 0 0 0 0 2 0 0 0 0 0 0 15 0 0 0 0 0 0 0 21 0 0 0 32 10 12 13 0 1 4 0 21 21 0 5 3 1 0 0 0 0 19 0 0 0 0 0 1 10 0 0 0 0 31 23 13 0 0 0 0 0 0 1 0 0 0 0 0 0 2 0 0 0 0 2 0 11 0 0 0 0 0 0 0 0 0 2 1 0 0 0 0 0 0 0 0 0 0 0 0 0 1 0 0 0 0 0 0 0 5 2 1 0 0 1 2 0 0 0 0 0 2 0 0 0 0 0 0 0 0 0 0 0 0 0 0 0 0 0 0 0 0 0 0 0 
 8 28 151 77 78 179 81 80 155 152 102 55 4 5 5 71 5 163 1 4 148 52 58 56 86 76 47 136 112 180 69 46 31 138 110 105 39 29 259 0 5 0 0 6 0 0 2 3 2 0 0 2 1 3 2 0 0 3 0 3 1 78 3 0 0 6 1 10 2 4 6 3 7 6 0 0 5 5 0 0 0 0 24 17 10 0 0 12 0 13 18 1 0 0 0 5 0 0 0 0 0 0 0 8 0 0 16 2 26 0 0 0 24 23 54 0 13 0 10 19 0 0 0 0 0 0 0 0 0 0 0 0 18 0 0 0 0 0 0 0 0 0 1 0 0 0 0 0 0 0 0 0 0 0 0 0 0 0 0 0 0 0 6 1 19 11 0 0 23 10 10 10 0 7 0 9 9 14 0 0 0 0 0 0 1 0 0 22 31 0 0 1 12 1 14 12 4 14 23 18 0 0 0 0 0 0 10 0 0 0 0 0 0 0 0 0 0 0 0 0 0 0 0 0 0 0 14 0 0 0 0 0 0 0 0 0 12 0 0 0 0 0 0 0 0 1 0 0 0 0 0 0 0 0 7 0 0 0 0 1 0 2 0 0 0 0 0 0 0 0 45 0 0 0 0 0 0 0 0 0 0 0 0 0 0 0 0 0 0 0 
 0 0 0 0 0 0 4 35 2 0 0 0 0 0 0 0 3 0 0 1 0 2 2 3 23 6 0 0 0 4 2 0 0 0 0 0 0 0 2 5 0 354 85 345 45 114 293 89 105 116 132 43 124 54 153 92 77 90 112 369 1 0 0 0 0 0 0 5 0 0 21 0 0 0 0 189 0 0 0 0 0 0 0 0 0 0 0 0 0 0 0 0 0 0 0 0 0 0 0 0 0 0 12 0 0 0 0 0 0 0 0 8 0 0 0 0 0 0 0 0 20 19 25 2 59 0 9 5 4 8 45 22 4 59 21 9 3 27 0 0 0 0 0 0 0 0 0 0 0 0 0 0 0 2 0 0 0 0 0 0 0 0 0 0 0 0 0 0 0 0 0 0 0 0 0 0 0 0 0 0 0 0 0 0 2 0 0 0 0 0 0 10 0 0 0 0 0 0 0 0 48 79 22 1 0 11 9 0 30 0 28 11 32 61 11 0 31 3 4 0 0 2 0 0 0 0 0 0 0 0 0 0 0 0 0 0 0 0 0 0 0 0 0 0 0 0 0 0 0 0 0 8 0 2 0 0 0 0 0 2 0 0 77 0 0 5 1 0 2 0 45 0 0 0 0 0 0 0 0 0 0 0 0 0 27 0 0 11 0 0 
 3 0 0 0 0 0 0 0 0 0 0 0 0 0 0 0 1 0 0 0 0 0 0 0 0 0 0 0 1 0 0 0 0 0 0 0 0 0 0 0 354 0 312 303 108 106 161 225 218 30 95 466 69 44 364 84 69 47 28 281 5 29 29 0 0 0 0 0 0 0 13 0 10 0 7 0 0 3 4 0 0 0 0 0 0 0 0 0 0 0 0 0 0 0 0 0 0 0 0 0 0 0 0 0 0 0 0 0 0 0 0 0 0 0 0 0 0 0 0 0 19 10 9 1 44 22 0 4 12 0 29 7 0 14 0 17 0 6 0 0 22 0 4 0 0 0 25 38 0 0 0 5 33 4 0 0 16 3 16 0 0 0 0 0 0 0 0 0 0 0 0 0 0 0 0 0 0 0 0 0 0 0 0 0 0 0 0 0 0 0 0 0 0 0 0 0 0 0 0 0 0 22 10 1 0 0 0 0 14 0 15 58 0 27 2 10 28 10 0 0 0 0 16 0 21 0 0 7 8 1 3 0 35 20 0 0 0 0 24 83 0 0 2 0 0 0 0 0 0 0 0 8 0 0 0 0 0 0 0 0 0 0 68 37 0 11 4 0 0 0 13 0 0 0 0 3 0 0 0 0 0 0 0 0 21 0 0 0 1 0 
 0 0 0 0 0 0 0 0 0 0 0 0 1 0 0 3 0 0 0 0 0 0 72 0 0 0 0 0 0 0 2 2 0 0 0 0 0 0 0 0 85 312 0 440 156 45 75 136 89 331 37 138 351 45 73 165 37 142 82 38 1 0 0 0 0 0 0 5 0 0 1 51 0 2 0 0 0 0 0 2 0 0 0 0 0 0 0 0 0 0 0 0 0 0 9 0 0 0 0 0 0 0 0 9 0 0 0 6 0 0 0 0 0 0 0 0 0 0 0 0 23 10 0 41 43 10 0 0 20 8 10 8 0 0 0 22 8 8 0 0 2 0 0 0 0 0 25 64 0 0 0 0 34 9 0 0 0 0 35 1 0 0 0 0 0 0 0 0 0 0 0 0 0 0 0 0 0 0 0 0 0 0 0 0 0 0 0 0 3 0 0 0 0 0 0 0 0 0 0 0 0 0 11 39 19 16 0 0 12 9 14 15 0 14 3 19 43 20 0 0 4 0 25 0 0 0 14 17 1 0 10 6 33 7 0 10 0 0 20 58 0 0 6 0 0 0 0 0 0 0 0 0 0 1 0 0 0 0 0 0 0 0 2 68 0 8 0 0 0 0 0 0 0 0 0 0 0 0 0 0 0 0 0 0 13 0 0 0 2 17 
 0 0 0 0 0 0 2 0 0 0 10 2 0 0 0 0 0 0 0 0 3 2 6 2 0 0 3 0 0 0 0 0 0 0 0 3 0 0 0 6 345 303 440 0 391 308 161 87 441 679 171 174 51 92 269 183 113 294 57 313 0 0 0 0 0 0 0 2 0 0 0 0 0 0 0 0 51 2 0 50 0 2 0 0 0 0 0 0 0 0 0 3 0 0 0 0 0 1 0 0 0 0 0 0 0 0 0 0 0 0 2 0 0 0 0 0 0 0 0 0 3 0 0 0 2 0 17 0 0 55 60 13 0 11 4 3 0 24 0 0 18 0 0 0 0 0 3 0 0 0 0 0 0 2 0 1 0 0 34 0 0 0 0 4 1 8 0 1 4 4 7 7 0 0 1 5 0 0 0 0 0 15 0 0 0 0 3 0 0 14 0 0 0 0 16 0 0 0 0 0 0 4 10 1 0 10 0 0 16 45 9 17 0 10 0 0 31 0 0 0 0 0 0 0 0 0 0 0 0 0 0 0 82 55 0 0 0 0 21 38 0 3 2 0 0 0 0 0 0 0 0 7 0 1 0 0 0 0 0 2 0 0 11 0 3 2 1 0 1 0 0 0 0 0 0 0 0 0 0 0 0 0 0 0 0 0 0 0 2 0 
 0 0 0 0 1 0 3 0 3 0 0 0 0 0 0 0 0 0 0 2 0 0 0 3 0 0 0 1 58 0 0 0 0 0 0 0 0 0 0 0 45 108 156 391 0 84 39 85 116 110 315 109 354 83 313 176 53 130 49 286 1 0 0 0 0 0 0 0 0 0 0 0 0 0 0 0 0 0 101 54 0 0 0 0 0 0 0 0 0 0 0 0 0 0 0 0 0 0 0 0 0 0 0 0 0 0 0 0 0 0 0 0 0 0 0 0 0 0 0 0 20 51 0 25 39 33 0 0 17 0 8 7 0 9 0 7 8 0 0 0 1 0 0 0 0 0 0 32 0 0 0 0 27 8 8 5 0 0 16 34 0 0 0 0 0 22 0 0 0 0 0 0 0 0 0 0 0 0 0 0 0 0 0 0 0 0 0 0 0 0 0 0 0 0 0 0 0 0 0 0 0 0 11 35 16 22 0 0 18 0 0 10 0 14 0 0 61 10 0 0 1 2 21 0 0 0 16 9 1 17 0 0 32 23 0 0 0 0 11 22 0 0 6 0 0 0 0 0 0 0 0 2 0 0 0 0 0 0 0 4 0 0 2 1 1 21 3 1 0 0 0 0 0 0 0 0 0 0 0 0 0 0 0 0 11 0 0 0 0 0 
 0 0 0 0 0 0 0 0 40 0 0 1 0 0 0 51 0 1 1 0 1 0 6 0 0 0 0 0 0 0 0 0 0 0 0 1 0 0 0 0 114 106 45 308 84 0 43 40 59 85 75 59 37 47 113 81 68 114 249 76 0 53 0 0 0 0 21 0 0 23 3 0 0 51 0 4 0 0 55 20 0 0 0 0 0 0 0 0 0 0 0 0 0 0 0 0 0 0 0 0 0 0 0 0 0 0 0 0 0 0 0 0 0 0 0 0 0 0 0 0 0 5 14 12 7 14 0 5 6 0 12 8 4 3 28 37 3 12 0 0 0 0 0 20 0 0 11 15 0 6 3 0 0 1 7 24 13 0 0 0 0 0 0 0 0 0 0 0 0 0 0 0 0 0 0 0 0 0 0 0 0 0 0 0 0 0 0 0 0 9 0 0 0 0 0 0 0 0 0 0 3 0 19 14 7 1 0 0 42 0 12 5 4 0 7 21 34 2 3 0 15 2 28 0 0 0 11 0 1 35 0 0 19 11 0 0 0 19 2 63 0 0 7 0 0 2 0 0 0 0 0 2 0 0 0 0 0 0 0 0 0 19 2 0 63 0 0 0 0 0 13 0 0 0 0 0 0 0 0 0 0 2 5 0 0 0 0 0 2 0 
 0 0 0 0 0 0 5 0 2 0 0 0 0 6 0 0 0 0 0 1 0 2 0 0 64 63 0 0 28 0 0 29 4 0 0 0 0 0 2 2 293 161 75 161 39 43 0 92 143 34 36 246 411 117 38 88 165 115 198 276 0 0 0 0 0 0 0 0 0 0 52 0 0 0 0 0 8 0 2 0 0 0 0 0 0 0 0 0 0 0 0 0 0 0 0 0 0 0 0 0 0 0 0 14 0 0 0 0 0 0 0 3 0 0 0 0 0 0 23 0 14 1 21 1 0 0 34 0 14 6 2 0 7 5 0 33 13 15 12 0 0 0 0 0 0 0 0 0 0 0 0 0 0 27 0 0 0 0 0 0 0 0 0 0 0 0 0 0 0 0 0 0 0 0 0 0 0 0 11 0 0 0 0 0 0 0 0 0 0 0 0 0 0 0 0 0 0 1 0 0 35 43 0 2 58 0 1 0 1 16 47 9 27 2 10 10 11 0 21 0 0 0 0 0 0 0 0 0 0 0 0 0 0 0 0 0 0 0 19 0 0 0 0 0 0 0 0 0 0 0 0 3 0 1 0 0 0 47 0 2 0 0 3 0 0 0 0 0 0 0 0 0 0 0 0 0 0 0 0 0 0 0 0 0 26 0 0 8 0 2 
 54 0 0 0 0 0 0 0 0 2 0 2 0 0 0 0 0 0 0 0 0 0 0 2 55 81 0 0 0 0 82 79 2 0 0 0 0 1 0 3 89 225 136 87 85 40 92 0 181 103 39 45 191 150 212 250 183 259 138 277 0 3 0 0 36 0 0 0 0 0 1 0 0 2 0 0 0 0 0 0 0 0 0 0 0 0 0 0 0 0 0 0 0 0 0 0 0 0 0 0 0 0 0 0 0 8 0 0 0 0 0 0 0 0 0 0 0 11 0 0 36 55 8 9 15 11 28 31 34 21 5 18 8 8 29 0 30 83 12 3 12 0 0 0 0 0 0 39 0 0 0 0 1 0 0 0 0 0 0 0 0 0 0 0 0 5 0 0 2 0 0 0 0 0 0 0 0 18 0 0 0 0 0 1 0 0 0 0 0 0 0 0 0 0 0 0 21 0 0 0 30 18 67 5 12 8 0 14 0 4 0 3 14 0 21 21 7 28 49 10 0 0 0 0 0 0 0 0 0 0 0 15 0 10 0 0 0 0 10 9 0 0 0 0 0 0 0 0 9 0 0 4 0 0 0 0 0 0 0 6 0 0 0 0 0 1 0 0 2 0 0 0 0 19 0 0 0 0 0 0 0 0 8 0 0 3 0 0 2 0 
 0 0 0 2 0 0 0 0 0 0 3 0 0 0 0 0 0 0 0 0 0 1 4 0 0 0 0 0 0 0 0 0 0 0 0 0 0 0 0 2 105 218 89 441 116 59 143 181 0 378 153 307 301 119 109 91 43 91 101 98 1 0 0 0 0 0 0 0 0 0 23 0 0 0 0 0 0 0 2 51 0 0 0 0 0 0 0 0 0 0 0 0 0 0 0 0 0 0 0 0 0 0 0 0 0 0 0 0 0 0 0 0 0 0 0 0 11 0 0 0 0 0 10 12 28 28 0 8 1 20 7 8 0 14 21 75 3 9 0 7 54 3 0 0 0 0 14 24 0 0 0 0 0 17 0 0 0 0 26 0 0 0 0 0 0 0 0 0 0 0 0 0 0 0 1 0 0 0 0 0 0 0 0 0 0 0 0 0 0 0 0 0 0 0 0 0 0 0 0 0 8 70 22 10 7 7 0 17 25 1 12 27 1 19 18 21 19 2 0 0 1 0 0 0 0 0 9 0 1 0 0 0 29 19 0 0 0 0 14 23 0 0 6 0 0 0 0 0 0 25 0 0 0 2 0 0 0 0 0 1 0 0 121 1 0 0 0 0 0 0 17 0 0 0 0 0 0 0 0 0 0 0 0 0 21 0 0 0 1 0 
 2 0 0 0 0 0 5 0 0 0 0 0 0 5 0 2 0 0 0 3 0 4 10 5 0 0 0 11 2 7 0 4 0 5 0 1 0 6 0 0 116 30 331 679 110 85 34 103 378 0 110 86 114 172 77 602 417 46 275 126 0 2 0 0 0 0 0 0 0 0 0 0 0 4 0 8 1 0 113 133 0 0 0 0 0 0 0 0 0 0 0 0 0 0 0 0 0 0 0 0 0 0 0 4 0 0 0 0 0 4 3 0 0 0 0 0 3 0 0 0 16 10 0 12 0 19 7 10 0 32 1 20 1 0 18 0 34 3 8 0 18 0 0 0 0 0 14 0 0 0 0 0 0 6 0 6 0 0 0 0 0 0 1 0 0 0 0 0 0 0 0 0 0 0 0 11 0 0 9 0 0 0 0 0 0 5 0 22 3 0 0 4 0 0 16 0 0 3 0 0 0 26 0 0 8 8 16 0 8 87 6 0 0 11 11 1 1 12 0 1 0 25 23 0 0 0 16 0 0 0 0 0 21 37 0 0 0 0 0 22 0 0 0 0 0 0 0 0 0 0 0 6 0 2 0 0 0 0 0 6 0 0 0 0 2 2 0 0 1 0 0 0 0 0 0 0 0 0 0 0 0 0 0 0 0 13 0 0 0 0 
 3 2 3 84 3 3 3 3 3 3 3 4 3 3 3 3 3 3 0 68 0 2 0 0 0 0 0 0 0 0 0 0 0 0 0 5 0 0 0 0 132 95 37 171 315 75 36 39 153 110 0 228 235 30 323 286 77 174 255 129 2 2 6 0 0 26 0 0 0 0 49 0 6 0 46 0 0 52 3 21 0 0 0 0 0 0 0 0 0 0 0 0 0 0 0 0 0 0 0 0 13 4 0 0 10 0 0 0 0 0 0 0 0 0 0 0 0 0 0 0 0 0 0 20 2 36 10 3 0 29 28 21 0 9 31 20 7 0 0 0 24 18 9 0 0 26 31 7 0 0 0 0 29 16 3 0 1 16 0 19 0 0 0 6 0 0 0 0 0 0 0 0 0 0 0 0 0 0 0 0 0 0 0 0 0 0 0 0 0 0 0 0 0 0 0 0 0 0 0 0 10 11 29 20 0 17 0 0 12 17 14 1 0 22 7 0 8 0 0 0 0 0 0 0 10 0 0 0 23 0 5 0 18 35 15 29 0 0 18 11 0 0 0 0 0 0 0 0 0 0 0 14 0 0 0 0 0 0 0 14 0 0 37 0 3 1 6 5 0 0 2 0 0 0 0 0 0 0 0 0 0 0 0 0 20 13 0 0 2 0 
 0 0 0 0 0 0 6 0 2 0 3 0 2 0 3 0 0 0 0 2 0 4 0 0 0 0 0 0 0 0 3 0 6 0 0 0 0 0 2 2 43 466 138 174 109 59 246 45 307 86 228 0 50 30 254 29 75 90 21 261 1 0 0 3 6 2 0 0 4 4 6 0 0 0 0 3 0 2 5 22 0 0 0 0 0 0 0 0 0 0 0 0 0 0 0 0 0 3 0 0 0 0 0 0 0 0 0 0 0 0 0 0 0 0 0 0 1 0 0 0 0 0 0 46 7 0 0 0 10 25 0 0 0 0 1 36 10 14 0 0 24 18 24 0 6 25 42 12 6 23 0 8 29 21 7 6 1 1 0 18 0 0 0 0 0 0 0 0 0 0 0 15 0 0 0 0 0 0 0 0 0 0 0 0 0 0 0 0 0 0 0 0 0 0 0 0 0 0 0 0 0 0 0 8 0 45 0 0 1 37 0 0 0 0 0 10 12 4 0 0 1 0 10 12 0 4 0 16 0 0 0 0 14 31 0 25 5 0 19 22 0 0 0 0 0 0 0 0 0 0 0 11 0 0 0 0 0 0 0 17 0 0 1 34 1 11 3 64 0 0 0 0 0 0 0 0 0 0 0 0 0 0 0 0 0 15 0 0 1 0 
 0 0 0 29 0 0 3 0 0 0 0 2 0 0 0 0 0 0 0 0 0 0 1 66 0 131 0 30 0 0 8 96 6 4 0 65 0 62 0 1 124 69 351 51 354 37 411 191 301 114 235 50 0 180 118 90 24 122 170 347 0 0 0 0 0 0 0 4 0 0 0 0 0 1 0 0 13 0 0 0 0 0 0 0 0 0 0 0 0 0 0 0 0 11 0 0 0 0 0 0 0 0 11 3 7 0 0 1 0 11 0 1 0 0 0 0 0 10 0 0 1 17 10 24 0 0 9 8 45 0 18 3 25 22 0 0 34 0 0 20 0 0 0 0 0 0 15 1 0 0 0 0 14 1 2 0 0 0 3 0 0 0 0 0 0 0 0 0 3 3 0 0 0 0 0 0 0 0 0 0 0 0 0 9 3 7 0 0 0 0 0 0 0 0 0 0 1 0 0 0 54 22 25 25 14 0 8 7 11 1 17 20 35 8 7 50 0 28 27 0 0 0 16 0 0 0 5 22 0 0 0 3 7 0 0 6 0 0 0 0 0 0 0 0 0 0 0 0 0 0 0 2 0 2 0 0 0 31 62 2 8 0 0 0 2 0 0 0 0 0 0 0 0 0 0 0 0 0 0 0 0 0 0 0 15 0 0 0 1 1 
 0 0 0 0 0 0 5 0 5 0 0 0 0 0 0 1 0 1 0 0 0 2 0 63 62 209 0 0 0 62 130 82 0 0 0 8 68 93 2 3 54 44 45 92 83 47 117 150 119 172 30 30 180 0 121 156 35 40 142 400 0 37 8 0 0 0 2 2 2 0 4 0 1 10 3 203 2 1 0 1 0 0 0 0 0 0 0 0 0 0 0 0 0 0 0 0 0 0 0 0 0 0 0 0 22 58 0 0 0 0 0 6 23 0 0 0 0 9 0 0 0 45 10 10 0 3 0 1 25 0 0 20 15 1 17 0 32 0 0 10 0 0 0 0 0 0 0 0 0 0 3 11 38 1 12 0 0 1 2 0 0 0 0 0 0 4 0 0 4 0 0 0 0 11 0 0 0 0 0 0 0 0 0 11 20 0 0 0 0 0 0 4 0 0 0 0 0 0 0 0 37 23 19 0 0 0 6 20 0 17 15 0 8 0 7 50 0 33 20 12 0 0 3 7 4 0 0 0 4 0 1 0 1 0 3 0 0 3 11 4 0 0 0 0 0 0 1 17 2 0 0 11 0 2 0 0 0 0 0 11 0 0 0 0 0 0 4 0 0 0 0 0 0 0 0 0 0 0 0 0 0 0 0 0 0 1 0 1 0 0 
 4 3 3 3 3 33 2 2 6 2 4 2 3 3 3 3 2 3 0 3 0 5 0 1 74 119 32 1 2 1 199 57 22 2 1 3 63 1 1 2 153 364 73 269 313 113 38 212 109 77 323 254 118 121 0 182 144 82 174 309 13 3 5 0 0 0 0 0 3 0 0 0 16 0 13 0 0 1 4 0 0 0 0 0 14 0 0 0 0 0 0 0 0 20 0 0 0 0 0 0 0 0 0 0 0 0 0 0 0 0 3 0 14 0 0 0 0 0 12 0 9 4 7 0 0 0 1 0 12 0 14 10 0 21 10 21 0 6 0 25 0 0 5 0 0 0 0 6 0 3 0 0 8 2 0 0 7 8 0 0 0 0 5 0 0 0 0 0 0 0 0 0 6 0 0 0 0 55 0 0 8 0 18 0 18 0 0 0 0 0 8 34 0 6 0 0 0 0 0 0 22 11 28 0 0 10 4 11 10 0 0 1 34 0 0 5 18 7 21 0 0 0 0 0 8 0 0 0 3 12 4 0 4 0 0 0 0 0 4 0 0 0 0 0 0 0 0 0 0 1 0 0 0 0 0 0 0 0 0 0 0 0 2 2 0 2 5 0 3 0 0 0 0 9 0 39 0 0 0 0 0 0 0 0 0 0 0 10 2 0 
 0 0 4 5 0 0 5 0 0 5 6 4 0 0 0 4 0 0 0 0 0 3 0 1 74 63 0 0 0 0 0 66 0 0 0 0 68 0 7 0 92 84 165 183 176 81 88 250 91 602 286 29 90 156 182 0 414 185 478 201 0 1 0 0 0 0 0 0 0 0 0 0 0 0 0 44 0 0 0 1 0 25 3 7 0 5 0 0 0 0 0 19 0 0 0 0 0 8 0 0 0 0 0 0 0 11 0 0 0 0 0 0 0 0 0 0 0 0 0 0 26 0 11 19 0 0 29 15 6 22 4 16 0 0 14 0 8 21 11 0 0 0 0 0 0 0 0 0 0 0 0 0 20 0 0 0 0 0 0 0 0 0 0 0 2 0 0 0 6 0 9 0 0 0 0 0 0 22 0 0 0 0 0 0 8 0 3 0 0 26 0 0 0 0 0 0 0 0 0 0 1 12 0 12 38 7 0 0 13 27 14 9 0 23 11 0 15 9 0 0 0 0 0 0 0 0 0 0 0 0 0 0 20 21 0 0 0 0 13 12 0 6 0 0 0 0 0 0 1 0 0 8 0 2 0 0 0 0 0 13 0 0 2 0 1 2 0 0 0 0 0 0 0 0 0 0 0 0 0 0 0 0 0 0 3 12 0 1 0 0 
 0 0 0 0 0 0 2 0 0 0 1 0 0 0 0 0 0 0 0 1 0 0 0 0 95 65 0 0 0 62 9 66 0 0 206 0 0 0 0 0 77 69 37 113 53 68 165 183 43 417 77 75 24 35 144 414 0 77 44 174 0 4 0 0 0 213 0 0 0 18 5 6 0 5 0 0 0 1 0 0 0 0 0 0 0 0 0 0 0 0 0 0 12 0 0 0 0 0 0 0 0 0 0 0 0 23 0 0 0 0 0 0 0 0 0 0 0 0 0 0 26 0 16 17 0 0 0 4 0 19 1 17 0 18 15 26 19 60 24 0 0 8 0 3 0 16 0 0 0 0 0 21 0 0 0 1 0 0 0 0 0 0 0 0 0 3 0 0 0 0 0 0 0 0 0 0 0 0 0 0 0 0 12 0 0 0 0 0 0 0 0 13 0 0 0 0 0 11 0 0 2 21 14 0 36 22 8 0 11 37 29 0 35 11 19 0 15 0 0 28 0 0 0 0 0 0 0 0 0 0 0 0 5 14 0 0 0 0 7 14 0 0 9 0 0 0 0 0 0 0 0 4 0 0 0 0 0 0 0 11 0 0 0 0 0 0 3 0 1 0 7 0 0 0 0 0 0 0 0 0 0 0 0 0 0 20 0 3 1 0 
 4 0 0 0 0 0 0 0 0 62 2 0 0 0 0 0 0 0 0 0 0 3 0 3 0 0 0 0 0 0 0 1 6 0 0 1 0 0 0 3 90 47 142 294 130 114 115 259 91 46 174 90 122 40 82 185 77 0 51 282 63 0 0 0 0 0 52 3 0 0 24 0 0 1 0 3 0 0 51 0 0 0 0 0 17 0 0 0 0 0 0 0 0 0 0 0 0 0 0 0 0 0 0 0 0 7 0 0 0 0 0 0 0 0 0 0 0 0 0 0 22 20 24 16 33 0 3 0 23 2 31 3 0 9 0 4 0 11 0 0 0 0 0 0 0 0 4 10 0 0 0 0 11 7 0 0 0 0 1 4 0 0 0 0 0 0 0 0 0 0 0 0 0 0 8 0 0 0 0 0 0 5 0 0 0 0 0 0 0 0 0 0 0 0 0 0 0 0 0 0 0 37 0 23 14 38 9 0 26 0 24 22 0 46 12 1 0 13 0 0 11 0 12 0 0 0 3 17 11 0 0 4 15 11 0 4 0 0 23 1 0 0 0 0 0 0 0 0 0 0 0 4 0 0 0 0 0 0 0 12 0 0 65 6 2 13 0 2 0 0 10 0 0 0 0 0 0 0 0 0 0 0 0 0 59 15 0 0 1 0 
 2 2 2 5 2 2 2 2 2 5 2 2 2 2 2 2 2 2 0 3 0 1 61 127 162 83 0 0 63 0 66 83 0 3 130 59 67 65 0 0 112 28 82 57 49 249 198 138 101 275 255 21 170 142 174 478 44 51 0 294 0 0 0 21 0 0 0 0 0 0 1 50 0 0 20 0 0 0 0 4 0 0 0 0 6 0 0 0 0 0 0 0 0 0 0 0 0 0 0 0 0 0 0 0 28 23 0 0 2 0 0 10 0 0 0 0 0 19 0 0 2 27 45 0 0 0 14 0 26 15 1 0 19 26 14 35 9 0 8 15 26 10 0 0 0 0 0 0 0 0 0 0 0 0 0 0 0 0 0 1 0 0 0 0 0 7 0 0 21 0 0 0 0 0 0 0 0 0 0 0 0 0 0 29 0 4 0 0 0 0 8 13 0 0 0 2 0 27 0 0 55 2 30 0 2 9 8 52 0 0 21 0 26 8 15 25 10 34 36 9 1 0 0 0 0 0 0 0 0 0 6 0 0 3 0 0 0 0 0 0 0 0 0 0 0 0 0 0 0 0 0 6 0 2 0 0 0 0 0 15 0 0 0 0 1 2 13 0 2 0 0 0 0 0 0 0 0 0 0 0 0 0 0 0 1 0 0 3 0 0 
 0 0 0 0 6 3 2 0 0 2 0 3 0 0 0 108 0 9 0 0 7 5 10 3 66 29 2 3 5 3 3 65 3 4 3 2 5 4 3 3 369 281 38 313 286 76 276 277 98 126 129 261 347 400 309 201 174 282 294 0 0 2 2 0 3 1 2 0 0 2 27 0 0 3 0 0 4 0 2 0 0 0 0 0 0 0 0 0 0 0 0 0 0 0 0 0 0 2 0 0 0 5 0 24 0 0 0 0 0 0 1 0 7 8 0 0 0 14 0 0 18 10 19 2 12 0 71 0 0 7 12 16 13 9 0 18 14 4 10 0 0 0 0 0 0 0 0 0 0 0 0 0 0 7 0 0 0 0 0 0 0 0 0 0 0 0 0 0 0 0 0 0 0 0 0 0 0 0 0 0 4 0 0 19 0 0 0 0 0 0 0 0 11 0 11 0 0 0 3 11 49 34 0 3 13 0 7 0 0 37 35 16 14 15 18 17 13 10 0 0 0 0 0 0 0 0 0 0 0 0 0 0 0 0 0 0 0 0 0 0 0 0 0 0 0 0 0 0 0 0 0 4 0 0 0 0 0 63 0 2 0 0 68 0 0 3 3 0 0 0 12 0 0 0 0 0 0 0 0 0 0 0 0 0 18 0 0 9 0 2 
 2 0 0 1 0 4 0 2 0 1 4 2 1 0 1 1 0 0 0 0 1 9 7 0 0 2 15 11 1 10 17 1 10 0 0 0 0 4 2 1 1 5 1 0 1 0 0 0 1 0 2 1 0 0 13 0 0 63 0 0 0 135 341 101 34 40 172 91 151 57 105 24 220 97 354 86 197 135 245 97 0 0 0 0 0 0 0 0 0 8 9 0 0 0 0 0 0 0 0 0 0 3 0 0 0 0 0 3 5 10 3 0 0 6 14 3 5 0 0 11 0 0 0 0 0 1 0 0 0 0 0 0 0 0 0 0 0 0 0 0 0 5 8 18 0 32 0 0 30 9 0 0 0 0 0 0 29 18 12 0 0 0 0 0 0 0 0 0 0 0 20 0 0 0 0 0 0 0 6 0 0 0 5 0 12 0 20 10 1 24 0 6 0 0 0 0 1 0 0 0 0 0 0 0 0 0 0 0 0 0 0 0 0 0 0 0 0 0 0 0 6 20 0 0 0 18 1 6 10 40 10 0 0 0 7 30 9 19 0 0 0 0 0 14 0 0 0 0 0 0 0 0 0 54 15 0 0 0 0 0 0 0 8 7 0 0 0 2 2 0 15 2 1 1 0 4 0 0 0 0 0 0 0 0 0 2 7 0 0 0 
