 0 82 158 99 47 18 130 132 37 131 37 114 69 153 67 343 117 30 234 76 0 3 3 3 0 3 0 1 2 1 0 4 0 0 4 1 0 0 0 0 14 3 0 2 0 2 65 2 1 3 2 0 0 1 0 5 3 0 0 0 0 0 0 0 3 63 0 6 0 2 3 3 0 0 2 0 0 2 0 0 54 25 1 12 0 0 2 8 1 35 10 10 54 45 25 11 23 10 1 12 0 0 0 0 0 0 0 0 0 0 0 0 0 0 0 0 0 0 0 0 0 0 0 0 0 1 0 1 0 0 0 2 0 0 0 0 0 0 0 0 2 0 0 0 0 0 0 0 0 0 0 0 0 0 14 0 4 0 0 0 35 18 8 66 1 0 9 7 34 11 10 0 20 60 70 0 17 36 10 5 1 0 0 0 0 0 1 0 0 0 0 0 0 0 0 0 0 0 0 0 0 0 0 0 0 0 0 0 0 0 0 0 0 0 0 0 0 0 0 0 0 0 0 0 0 0 0 0 0 0 0 0 0 1 0 0 0 0 0 0 0 13 0 0 0 1 0 0 1 12 0 5 0 0 0 0 0 0 0 0 0 0 0 0 0 0 0 0 0 0 0 0 0 0 0 0 8 66 0 0 0 0 0 0 0 0 0 0 0 0 
 82 0 181 242 179 29 208 359 137 50 205 164 47 157 134 42 71 282 42 70 0 0 0 3 3 3 0 2 137 0 0 3 3 0 0 0 2 0 0 0 0 3 43 0 8 2 3 2 2 0 0 0 0 0 0 51 0 0 0 2 0 4 0 2 0 3 2 3 4 5 3 0 0 0 3 0 0 0 0 0 0 7 53 35 6 37 11 11 25 27 14 21 0 26 40 59 20 25 0 16 0 0 0 0 0 0 23 0 0 11 0 7 0 0 0 0 0 0 11 1 0 0 2 0 0 0 0 0 0 0 2 0 0 0 0 0 1 0 0 0 0 0 0 0 0 0 0 2 0 0 0 0 0 0 0 0 0 0 0 1 14 18 15 6 12 11 0 24 0 67 1 14 0 0 18 12 45 8 0 0 0 0 0 0 0 0 0 13 2 0 0 0 0 11 0 0 0 0 18 0 0 0 0 0 0 0 0 0 0 0 0 0 0 0 0 0 0 0 0 0 0 0 0 0 0 0 0 0 0 0 0 0 0 0 0 0 0 0 0 0 0 0 0 0 0 2 87 0 0 0 0 95 0 0 0 0 0 0 0 0 0 0 0 0 0 0 0 0 0 0 0 0 0 0 0 19 9 0 0 0 0 0 0 0 0 0 0 0 0 0 
 158 181 0 172 189 43 68 432 445 84 295 45 68 406 378 139 36 282 130 79 0 207 0 3 0 3 80 0 79 0 0 5 1 0 1 0 0 0 0 2 1 3 0 0 0 3 2 2 0 0 63 0 0 0 0 3 0 0 0 0 0 0 0 0 0 2 0 0 0 3 3 0 0 0 2 0 0 0 0 0 15 6 10 52 6 33 0 0 69 42 28 30 0 21 5 0 14 20 0 34 16 0 4 0 0 0 5 0 0 0 0 0 0 0 15 0 0 0 14 0 0 0 0 0 0 0 0 0 0 0 0 0 0 0 0 0 2 0 0 0 0 0 0 0 0 0 0 0 0 0 0 0 0 0 2 0 0 0 0 0 0 43 0 8 1 0 0 10 20 80 33 15 0 0 19 1 42 12 0 0 0 0 0 0 0 0 7 5 0 0 0 0 11 12 0 0 0 0 17 24 0 0 0 0 0 0 0 0 0 0 0 0 0 0 0 0 0 0 0 12 0 0 0 0 0 0 25 0 0 0 0 0 0 0 0 0 0 0 0 0 0 3 0 0 0 28 1 0 0 2 1 15 0 0 0 0 0 0 0 0 0 0 15 0 0 0 0 0 0 0 0 0 0 0 0 25 16 0 0 0 0 0 0 0 0 0 0 0 0 0 
 99 242 172 0 199 128 131 390 180 313 300 222 270 109 152 137 122 115 159 73 92 0 0 3 0 3 1 75 0 0 1 4 0 0 0 0 6 0 78 79 0 3 4 0 11 2 2 2 0 0 2 0 0 1 0 3 0 0 0 0 0 0 0 0 0 2 0 24 0 2 1 0 0 0 2 0 0 0 0 0 10 0 21 23 20 12 0 6 10 15 57 39 16 13 19 33 31 0 0 0 29 13 0 0 0 0 12 1 0 0 0 0 1 7 1 0 0 0 24 18 0 16 0 0 0 15 0 0 0 0 0 0 0 0 0 0 0 0 0 0 0 0 0 0 0 0 0 0 0 0 0 0 0 0 0 0 0 12 0 0 13 2 16 0 5 10 2 20 24 0 24 0 9 11 1 0 7 0 35 0 14 0 0 0 0 0 10 39 19 1 0 0 23 0 0 0 0 0 30 0 0 0 0 0 0 0 0 0 0 0 0 0 0 0 0 13 0 0 0 0 0 2 1 15 0 0 0 0 0 0 0 0 0 0 0 0 0 0 0 0 0 0 0 0 0 2 3 0 9 0 2 27 2 0 0 0 0 0 0 0 0 0 17 0 0 0 0 0 0 0 0 0 0 0 0 9 0 0 0 0 0 0 0 0 0 0 0 0 0 0 
 47 179 189 199 0 83 43 166 139 466 259 136 70 304 157 55 130 677 291 61 108 0 0 3 0 3 76 75 0 0 0 3 164 0 1 2 0 0 151 75 0 3 0 0 79 2 2 2 2 0 2 0 0 1 0 3 0 64 0 0 0 0 0 0 0 3 0 1 0 3 2 0 0 1 2 0 52 0 0 0 2 0 15 51 0 14 0 0 0 15 79 16 0 14 0 17 18 28 0 0 14 0 0 3 0 0 28 21 0 0 18 0 26 19 1 0 18 25 10 22 0 0 1 0 0 0 0 0 0 0 0 0 0 0 0 0 0 0 0 0 0 0 0 0 0 0 0 0 0 0 0 0 0 0 0 0 0 0 0 0 0 12 18 11 0 2 0 0 2 16 11 38 0 0 0 35 7 17 0 0 1 12 0 0 0 0 3 28 10 7 38 0 8 20 16 5 4 0 50 22 0 0 0 0 0 0 0 0 0 0 0 0 0 0 0 0 0 1 0 0 0 0 0 0 0 0 0 0 12 0 8 0 0 0 0 0 0 0 0 0 0 0 0 0 0 4 3 0 7 1 5 8 0 0 0 0 0 0 0 0 0 2 0 0 0 0 12 0 0 0 0 0 0 0 0 0 19 0 0 0 0 0 0 0 0 0 26 0 0 0 
 18 29 43 128 83 0 26 35 63 70 245 139 45 55 47 83 138 81 41 247 2 0 6 6 1 3 116 77 2 161 0 3 259 0 1 116 25 74 157 82 0 3 0 0 0 2 3 2 1 0 2 2 0 0 0 2 2 0 13 0 0 1 0 0 0 2 0 0 1 3 3 0 0 0 2 0 0 0 0 0 0 0 0 0 1 13 0 0 0 2 10 0 0 0 0 0 0 0 0 0 27 0 19 31 0 0 31 19 0 0 0 0 63 20 3 2 13 26 13 49 0 0 0 0 0 13 0 0 2 0 0 0 0 0 0 0 0 0 0 0 0 0 0 8 0 1 0 0 3 0 2 0 0 0 0 0 0 0 0 0 0 0 0 20 2 39 0 0 23 0 0 17 0 0 0 0 0 0 0 0 19 19 10 0 0 1 1 31 1 20 10 1 15 0 16 10 0 0 60 17 0 0 0 13 0 0 0 0 0 0 0 18 0 0 0 0 0 0 0 0 0 0 0 0 0 0 0 0 0 0 0 0 0 0 0 0 0 0 0 0 0 0 0 0 0 0 1 0 9 44 0 26 4 2 1 0 0 0 0 0 0 0 0 0 0 0 0 0 0 0 0 0 0 0 0 0 0 0 0 0 0 0 0 0 0 0 5 0 0 0 
 130 208 68 131 43 26 0 89 101 136 28 31 82 121 124 106 49 43 159 49 3 0 0 6 2 6 0 3 5 0 0 6 3 0 0 0 0 9 0 0 0 3 21 0 7 5 6 2 0 2 3 0 3 3 0 3 0 0 0 3 6 1 0 1 0 2 7 6 1 6 3 1 0 6 2 3 0 1 1 0 53 1 27 27 0 0 25 19 0 14 0 15 0 0 1 22 19 11 30 20 0 0 0 0 0 0 0 0 0 0 0 0 0 0 0 1 1 0 0 0 0 0 0 0 0 0 0 0 2 0 0 0 0 0 0 0 0 0 0 0 0 0 0 0 2 1 0 0 0 0 2 0 0 0 0 0 0 18 0 0 12 0 0 0 13 12 16 0 17 2 0 0 18 25 9 9 0 0 0 0 0 0 0 0 0 1 2 0 0 0 0 0 0 1 0 0 0 0 0 2 0 0 0 0 0 0 0 0 0 0 0 0 0 0 0 0 0 0 0 0 0 0 0 0 0 0 0 0 0 0 0 0 1 0 0 0 0 0 0 0 0 1 0 0 0 0 0 0 1 6 0 23 0 0 0 0 0 0 0 0 0 0 14 0 0 0 0 0 0 0 0 0 0 0 0 0 10 0 0 0 0 0 0 0 0 0 0 0 0 0 
 132 359 432 390 166 35 89 0 147 417 86 106 158 253 324 51 111 174 64 263 2 0 0 6 0 3 1 3 3 0 2 7 0 0 0 0 2 0 0 1 7 3 3 0 0 2 2 2 2 0 64 0 0 1 0 3 0 0 0 0 0 0 0 3 0 2 10 1 0 2 1 0 0 1 3 1 2 0 0 0 34 17 9 52 3 21 0 0 16 49 12 0 0 31 11 18 16 68 0 12 0 0 0 0 0 0 4 0 0 0 0 0 11 0 10 0 0 0 0 0 0 0 3 0 0 0 0 0 28 2 0 0 0 0 0 0 0 0 0 0 0 0 0 0 0 0 0 0 0 0 0 0 0 0 0 0 0 8 0 0 0 17 0 51 16 0 0 18 6 40 14 15 0 0 21 15 56 31 0 7 0 0 0 0 0 33 2 0 0 0 0 0 16 0 0 0 0 0 1 50 0 0 0 0 0 0 0 0 0 0 0 0 0 0 0 0 0 0 0 0 0 0 0 0 0 0 0 0 0 0 0 0 0 0 0 0 0 0 0 0 0 17 0 0 0 0 87 0 0 1 23 18 25 2 0 0 0 0 0 0 1 0 0 0 0 0 2 0 0 0 0 0 0 0 0 9 0 0 0 0 0 0 0 0 0 0 0 0 0 0 
 37 137 445 180 139 63 101 147 0 351 121 150 86 88 53 326 434 502 67 58 0 22 0 3 0 4 0 0 0 0 1 3 225 0 1 0 0 0 0 224 0 3 2 0 7 2 2 2 2 0 33 0 0 1 0 3 0 0 0 0 1 0 0 0 0 2 5 2 0 2 1 0 16 0 2 0 0 0 0 0 0 50 29 19 1 2 0 0 31 2 11 19 0 0 14 30 17 30 0 0 31 17 0 0 0 0 25 10 13 0 0 0 0 10 16 0 0 0 0 9 0 0 0 0 0 0 0 0 0 0 0 0 0 0 0 0 0 0 0 0 0 0 0 0 0 0 0 0 0 0 0 0 0 0 0 0 0 0 0 0 0 0 12 20 41 27 0 0 19 9 25 0 0 0 0 28 10 0 0 0 1 0 0 0 0 0 0 8 0 0 0 0 21 7 0 15 0 0 39 28 0 0 0 0 0 0 0 0 0 0 0 0 0 0 0 0 0 0 0 0 0 0 0 0 0 0 0 0 0 0 0 0 0 0 0 0 0 0 0 0 0 0 0 0 0 1 0 0 0 4 9 3 14 0 0 0 0 0 0 0 0 0 0 0 0 0 0 0 0 0 0 0 0 0 0 5 0 0 0 0 0 0 0 0 0 0 0 0 0 0 
 131 50 84 313 466 70 136 417 351 0 537 39 41 205 155 99 144 128 92 81 0 0 0 3 1 3 1 0 0 0 0 5 139 0 84 2 0 0 0 122 5 3 0 0 62 2 3 2 0 0 60 0 0 0 0 2 9 0 4 0 0 0 0 0 0 2 7 33 1 3 3 0 0 0 2 0 0 0 0 0 9 0 0 21 28 4 0 14 15 24 12 15 0 0 0 4 0 31 0 0 46 26 0 0 0 0 17 5 7 0 2 0 30 2 58 0 0 0 0 12 19 0 0 0 0 0 0 0 0 0 1 0 0 0 0 0 0 0 0 0 0 1 0 0 0 0 22 0 0 0 0 2 0 0 0 0 0 0 2 1 2 1 0 2 34 10 0 0 0 13 36 0 0 0 0 13 18 0 0 14 15 1 0 12 0 0 14 1 0 0 14 0 24 5 0 0 0 0 36 32 0 0 1 0 0 0 0 0 0 0 0 0 0 2 0 14 0 0 0 0 0 3 0 0 0 0 0 0 0 0 0 0 0 0 0 0 0 0 0 0 0 0 0 0 0 0 3 0 2 88 20 8 28 0 0 0 0 0 0 0 0 0 0 0 0 0 0 0 0 0 0 0 0 0 0 0 14 0 0 0 0 0 0 0 0 0 0 0 0 0 
 37 205 295 300 259 245 28 86 121 537 0 134 127 30 98 361 249 39 24 145 1 0 0 3 0 3 78 0 0 0 0 6 1 0 73 0 0 0 0 14 0 3 0 0 0 2 4 2 0 0 0 0 0 0 0 3 6 0 3 0 0 0 0 0 0 2 3 0 1 3 3 0 0 0 2 0 0 0 0 0 26 0 25 88 19 28 14 0 10 49 15 14 15 12 0 0 20 0 0 0 32 1 0 0 0 0 0 0 0 13 0 0 12 0 15 0 0 0 0 1 0 0 0 0 0 0 0 0 0 0 0 0 0 0 0 0 0 0 0 0 0 0 7 0 0 0 0 0 0 0 0 0 0 0 0 0 0 0 0 0 0 16 0 8 0 0 0 5 0 0 65 37 0 12 31 0 12 14 0 0 0 0 0 10 0 0 0 0 0 0 0 0 9 0 0 0 0 0 0 12 0 0 0 7 0 0 0 5 0 0 0 0 0 0 0 0 0 0 0 0 0 0 0 0 0 0 0 0 0 0 0 0 0 0 0 0 0 0 0 0 0 0 0 0 0 1 98 0 0 5 0 6 0 0 0 0 0 0 0 0 0 0 0 0 0 0 0 0 0 0 0 0 0 0 0 9 11 0 0 0 0 0 0 0 0 0 0 0 0 0 
 114 164 45 222 136 139 31 106 150 39 134 0 316 214 31 94 343 66 38 20 73 0 0 3 0 3 0 0 12 0 0 3 84 0 0 5 75 2 0 1 0 3 5 0 4 2 3 2 0 0 1 0 0 0 0 2 0 0 0 0 0 0 0 0 0 2 0 5 1 3 3 0 0 0 2 0 0 0 0 0 6 22 60 41 28 0 0 1 18 0 19 34 10 1 16 33 25 34 0 0 0 12 0 0 0 0 52 0 0 0 0 0 7 0 14 16 0 0 13 49 0 0 0 0 0 10 0 0 0 0 0 0 2 0 0 0 0 0 0 0 0 0 0 0 0 0 0 0 0 0 0 0 0 0 0 0 0 0 0 0 1 60 30 0 1 1 0 14 0 0 5 11 20 4 36 10 24 12 0 8 0 13 0 0 0 0 0 17 0 0 0 0 16 10 0 0 0 0 25 14 0 1 0 0 0 16 0 5 0 0 0 0 0 0 2 0 0 0 1 13 0 0 0 0 0 0 0 0 0 1 0 0 0 0 0 0 0 0 0 0 0 0 0 0 0 0 4 2 88 0 0 8 0 0 0 0 0 0 0 0 0 0 0 0 0 0 0 0 0 0 0 0 0 0 0 0 0 0 0 0 0 0 0 0 0 0 0 0 0 0 
 69 47 68 270 70 45 82 158 86 41 127 316 0 61 108 207 251 29 103 617 0 2 0 5 0 3 0 0 0 0 0 4 1 0 0 0 0 0 0 2 0 3 0 0 0 4 2 2 1 0 0 0 0 0 0 3 0 0 0 0 0 0 0 0 0 2 0 0 0 3 3 0 0 0 2 0 0 0 0 0 13 46 8 1 0 2 11 0 1 16 25 0 26 10 14 0 76 0 6 2 0 0 0 0 0 0 20 0 0 0 0 0 0 0 0 0 0 0 0 0 0 0 0 0 27 0 0 0 0 0 0 0 0 0 0 0 0 0 0 0 0 0 0 0 1 0 0 0 0 0 0 0 0 0 0 0 3 0 0 0 19 22 1 30 0 0 6 10 19 0 0 19 12 32 23 1 0 19 1 12 0 0 0 0 0 0 0 16 0 0 0 12 0 0 0 0 0 0 0 0 0 0 0 1 0 0 0 0 0 0 0 0 0 0 0 0 0 0 0 0 0 0 0 0 0 1 0 0 0 0 0 0 0 0 0 1 0 0 0 0 0 0 0 0 0 2 0 0 0 3 0 9 0 0 0 0 1 0 0 0 0 0 0 0 0 0 0 0 0 0 0 0 0 0 0 0 18 17 0 0 0 0 0 0 0 0 0 0 0 0 
 153 157 406 109 304 55 121 253 88 205 30 214 61 0 165 351 212 26 221 49 0 1 0 3 64 3 0 0 2 0 5 5 0 5 0 0 0 0 0 0 0 3 0 0 0 2 3 2 0 0 0 0 0 0 0 3 0 4 0 0 0 3 0 0 21 2 0 0 0 3 3 3 0 0 2 0 0 0 0 0 27 26 11 20 26 11 15 0 11 13 9 16 14 15 9 2 33 17 18 2 0 0 0 0 0 0 0 0 0 0 0 0 7 0 1 0 0 0 2 0 0 0 0 15 0 0 0 0 0 0 0 0 0 0 0 0 0 0 2 2 42 0 1 0 0 0 0 0 0 0 0 0 0 0 0 0 0 0 0 0 0 71 0 4 0 0 2 22 15 36 11 9 9 24 43 0 22 12 0 8 0 0 0 2 0 0 0 16 0 0 0 0 1 0 0 0 1 0 0 0 0 0 0 0 0 0 0 0 0 0 0 0 0 0 0 0 0 0 0 0 0 0 0 0 0 2 0 0 0 0 0 0 0 0 2 0 0 0 1 0 0 13 0 0 0 0 1 0 1 0 2 8 0 0 0 0 0 0 0 0 0 0 14 0 0 0 0 0 0 0 0 0 32 0 1 10 0 0 0 0 0 0 0 0 0 0 0 0 0 1 
 67 134 378 152 157 47 124 324 53 155 98 31 108 165 0 123 32 164 80 262 0 0 0 3 0 3 75 0 0 1 0 6 0 0 1 0 72 0 204 0 5 3 0 0 0 2 2 2 2 0 1 0 0 1 0 3 0 0 0 4 0 0 0 0 0 2 0 2 0 2 1 0 0 0 2 0 0 0 0 0 23 30 0 28 0 24 9 0 11 50 13 0 0 31 9 13 8 0 21 27 0 0 0 0 0 0 10 1 0 0 0 0 16 2 0 0 0 0 11 0 0 0 0 0 0 1 0 2 0 0 0 0 0 1 0 0 0 0 0 0 0 0 0 0 2 0 0 0 0 0 0 0 0 0 0 0 0 0 0 0 0 13 0 18 1 0 15 15 0 18 1 15 0 0 14 0 32 27 0 18 2 0 2 0 0 0 1 10 0 0 0 0 0 12 0 0 0 0 13 26 0 0 0 0 0 1 0 0 0 0 0 0 0 0 0 0 0 0 0 2 0 0 0 0 0 0 0 0 0 0 0 0 0 0 0 15 0 0 0 0 0 9 0 0 0 0 87 0 0 1 0 1 0 0 0 0 0 0 0 0 0 0 0 0 0 0 0 0 0 0 0 0 0 0 0 10 11 0 0 0 0 0 0 0 0 0 0 0 0 0 
 343 42 139 137 55 83 106 51 326 99 361 94 207 351 123 0 169 21 44 175 1 0 0 3 0 3 0 0 60 0 0 5 62 0 0 0 0 2 0 63 3 3 0 0 0 2 3 2 2 0 62 43 0 0 0 2 0 63 0 3 0 0 0 0 0 2 0 12 2 3 3 0 3 0 2 0 0 0 0 0 18 8 22 1 0 0 1 66 13 14 12 27 12 21 33 24 33 20 0 10 0 0 0 0 0 0 0 6 0 0 0 0 0 5 1 0 0 0 0 1 0 0 0 0 0 0 0 0 0 0 0 0 1 0 0 0 0 0 0 0 0 0 0 0 10 0 0 4 0 0 0 0 0 0 0 0 5 0 0 0 11 13 25 29 25 13 7 0 8 10 12 0 29 15 16 22 34 49 21 1 16 1 0 0 0 0 9 1 0 0 0 0 0 0 0 0 14 0 0 6 0 2 0 0 0 0 0 2 0 0 0 0 0 0 0 18 0 0 0 0 0 0 0 0 0 0 0 0 2 0 0 0 0 0 0 0 0 0 0 0 0 11 0 0 0 0 0 0 1 92 22 9 0 0 0 0 0 0 0 0 0 0 0 0 0 1 0 0 0 0 0 0 0 0 0 0 38 14 0 0 0 0 0 0 0 0 0 0 0 0 
 117 71 36 122 130 138 49 111 434 144 249 343 251 212 32 169 0 49 31 45 0 0 0 3 3 3 1 0 0 0 0 3 98 0 2 0 0 0 1 60 0 3 0 0 0 2 3 2 2 0 63 0 0 0 0 2 1 0 6 0 0 0 0 0 0 2 0 3 1 3 3 0 0 0 2 0 0 0 0 0 8 8 24 1 7 0 1 0 27 0 15 12 12 14 19 20 24 73 0 0 18 1 0 0 0 0 17 7 0 0 0 0 6 3 0 0 0 0 0 41 0 2 0 2 0 0 0 0 0 0 0 0 0 0 0 0 16 0 0 0 0 0 0 0 0 1 0 0 0 0 14 0 0 0 0 0 0 0 0 0 0 10 28 0 19 11 0 29 0 10 21 21 13 11 13 10 43 0 0 10 15 1 0 0 0 0 9 1 0 0 0 0 0 10 0 0 0 0 12 14 3 1 0 1 0 0 0 0 0 0 0 0 0 0 0 15 0 0 0 0 0 0 0 0 0 0 0 0 0 0 0 0 0 0 0 1 0 0 0 11 0 0 0 0 0 0 85 3 0 0 19 8 0 0 0 0 0 0 0 0 0 0 0 0 0 0 0 0 0 0 0 0 0 0 0 0 0 0 0 0 0 0 0 0 0 0 0 0 0 0 
 30 282 282 115 677 81 43 174 502 128 39 66 29 26 164 21 49 0 334 47 1 0 0 3 0 3 0 0 0 0 0 6 0 0 2 0 0 3 0 1 2 68 4 2 36 2 3 2 0 0 66 0 0 0 2 4 0 2 0 0 7 2 0 0 2 4 2 1 3 3 3 0 0 2 5 0 0 4 0 0 15 0 14 62 0 20 0 19 33 63 0 49 0 5 0 14 13 41 0 0 14 17 0 0 0 0 9 1 7 0 0 0 10 0 23 0 0 0 21 0 0 0 2 0 0 0 0 0 0 0 0 0 0 0 0 16 0 0 0 0 0 0 0 0 0 0 0 0 0 0 0 0 0 0 0 0 0 0 0 0 22 0 39 0 17 51 0 1 17 27 46 0 0 11 0 9 33 19 0 7 0 0 0 0 0 0 1 9 2 0 0 0 11 0 0 0 0 0 10 12 0 0 0 0 0 0 0 0 0 0 0 0 0 0 12 0 0 2 0 0 0 0 0 0 0 0 0 0 0 0 0 0 0 0 8 0 0 0 0 0 0 0 0 0 0 0 7 0 5 3 24 33 11 0 0 0 0 0 0 0 0 0 34 0 0 0 0 0 0 0 0 0 0 0 0 10 6 0 0 0 0 0 0 0 0 0 0 0 0 0 
 234 42 130 159 291 41 159 64 67 92 24 38 103 221 80 44 31 334 0 184 1 0 0 3 0 3 0 0 0 0 0 4 0 0 0 0 0 0 0 0 5 3 0 0 0 65 2 2 1 0 0 0 0 1 0 3 0 0 0 67 0 0 0 0 0 2 0 8 0 3 2 0 0 0 2 0 0 0 0 0 28 9 35 0 0 0 22 29 0 17 11 7 16 27 22 11 0 0 7 37 0 0 0 0 0 0 0 0 0 0 0 0 0 0 0 0 0 0 0 0 0 0 1 0 0 0 0 0 0 0 0 0 0 0 5 0 0 0 0 0 0 0 0 0 5 0 0 0 0 0 0 0 0 0 0 0 42 0 0 19 0 14 23 7 0 0 0 12 0 11 0 0 41 38 43 5 14 26 13 0 0 0 0 0 0 0 0 0 0 0 0 0 0 0 0 0 0 0 1 0 0 0 0 0 0 0 0 0 0 23 0 0 0 0 11 0 0 1 0 0 0 0 0 0 0 0 0 0 0 0 0 0 0 0 0 0 0 0 0 0 0 19 0 0 0 4 0 0 3 0 0 15 0 0 0 0 0 0 0 0 0 0 0 0 0 63 0 0 0 0 0 0 0 0 0 0 0 0 0 0 0 0 0 0 0 0 0 0 0 0 
 76 70 79 73 61 247 49 263 58 81 145 20 617 49 262 175 45 47 184 0 0 0 0 5 0 3 0 0 1 0 0 7 0 0 0 0 0 0 0 0 11 3 0 0 0 2 2 2 1 0 0 0 0 0 0 3 0 1 0 0 0 0 0 0 0 2 0 0 44 3 3 0 0 0 2 0 0 0 0 0 24 0 8 0 0 0 49 11 1 15 21 0 11 10 0 1 19 0 16 0 0 0 0 0 0 0 0 0 0 0 0 0 0 0 0 0 0 0 0 0 0 0 0 0 0 0 0 0 0 0 0 0 0 0 0 0 0 0 0 0 0 0 0 0 6 0 0 0 0 0 0 0 0 0 0 0 5 0 0 0 50 11 8 30 0 0 0 6 20 0 0 19 34 5 2 10 1 1 10 0 0 0 0 0 0 0 0 0 0 0 0 0 0 14 0 0 0 0 0 0 0 0 0 0 0 0 0 0 0 0 0 0 0 0 0 0 0 0 0 0 0 0 0 0 0 0 0 0 19 0 0 0 0 0 0 0 0 0 0 0 0 0 0 0 0 4 3 0 0 0 0 1 0 0 0 0 0 0 0 0 0 0 0 0 0 0 0 0 0 0 0 0 0 0 0 0 9 55 0 0 0 0 0 0 0 0 0 0 0 0 
 0 0 0 92 108 2 3 2 0 0 1 73 0 0 0 1 0 1 1 0 0 268 169 218 129 186 140 509 120 48 106 121 122 151 210 135 82 130 476 160 0 0 1 0 3 0 1 0 1 0 3 0 3 1 0 0 3 5 0 0 0 0 0 0 0 0 0 54 3 0 0 0 0 0 0 0 29 0 0 0 0 0 0 0 13 3 0 0 0 0 0 8 0 0 0 0 0 0 0 0 0 18 14 34 27 0 1 12 0 0 41 10 47 36 0 46 15 24 40 10 0 1 0 0 0 11 0 0 0 0 0 0 0 0 0 0 0 0 0 0 0 0 0 11 0 0 0 1 0 0 0 1 0 0 0 0 0 0 2 0 0 0 0 2 1 1 0 0 0 0 0 18 0 0 0 0 0 0 2 7 43 13 7 0 11 15 23 42 17 0 44 31 13 23 28 16 16 22 11 5 11 0 0 0 0 0 0 0 0 0 0 0 0 0 0 13 0 0 13 0 0 0 0 0 0 0 0 0 0 2 0 0 0 0 0 0 0 0 0 0 0 0 0 0 0 0 0 0 69 0 0 0 0 0 9 0 0 1 40 2 13 0 0 0 0 0 11 0 0 0 0 0 0 0 0 0 0 0 0 0 0 15 0 0 0 0 14 0 0 0 
 3 0 207 0 0 0 0 0 22 0 0 0 2 1 0 0 0 0 0 0 268 0 98 206 352 33 139 187 410 215 49 357 50 217 101 320 114 88 56 41 0 0 0 0 3 0 0 0 2 0 3 0 4 1 0 0 3 0 71 0 7 0 0 0 0 0 0 3 3 0 0 0 0 0 0 0 3 1 0 0 0 0 0 0 6 10 0 0 0 0 1 0 0 0 0 0 0 0 0 0 0 11 32 48 11 19 23 3 31 13 15 2 0 30 26 39 28 1 21 1 0 0 0 0 0 0 0 0 14 0 0 0 0 10 0 14 0 0 0 0 0 0 34 0 0 0 0 0 0 0 0 0 0 0 0 0 0 0 0 0 0 0 0 0 0 0 0 0 7 0 9 14 0 0 0 0 0 0 0 0 10 16 28 1 1 17 16 0 27 26 55 3 0 22 17 32 58 10 0 0 16 0 0 0 0 0 0 11 0 0 0 0 4 12 0 0 0 0 36 0 0 2 0 0 0 0 0 0 0 0 0 0 0 0 0 1 0 0 0 0 0 0 0 0 0 0 75 0 0 0 0 0 0 0 7 1 2 1 0 1 0 15 0 0 0 0 0 0 0 0 0 0 0 0 0 0 0 0 0 12 0 1 0 0 0 36 0 0 0 0 
 3 0 0 0 0 6 0 0 0 0 0 0 0 0 0 0 0 0 0 0 169 98 0 96 127 114 172 253 300 440 41 117 101 141 123 277 197 60 116 18 0 0 0 0 3 0 0 0 1 0 6 2 3 1 0 0 0 0 0 0 7 0 47 0 0 0 0 3 3 0 0 0 0 0 50 0 3 0 0 0 0 0 0 0 0 0 0 0 2 0 0 0 0 0 0 0 0 0 0 0 20 0 23 15 29 2 0 9 12 23 48 15 1 0 0 1 8 15 19 19 0 0 0 0 0 0 10 10 0 0 0 0 54 0 0 0 0 0 0 13 0 0 0 26 0 0 0 0 10 0 0 0 0 1 0 0 0 0 0 19 1 0 0 0 2 23 0 0 0 0 0 0 0 0 0 0 0 0 0 4 0 0 20 0 2 0 0 0 7 26 0 53 0 14 15 13 15 37 0 0 0 0 0 0 0 0 8 0 0 0 0 18 0 10 0 0 0 0 10 23 0 0 0 0 0 0 0 0 0 0 0 0 0 0 0 0 0 0 0 2 0 0 7 0 0 1 0 0 0 0 0 0 0 0 9 2 0 1 0 0 27 0 0 0 0 0 0 0 0 0 0 0 0 0 0 0 0 0 0 0 0 0 0 0 0 0 0 0 0 0 
 3 3 3 3 3 6 6 6 3 3 3 3 5 3 3 3 3 3 3 5 218 206 96 0 365 125 131 119 99 65 278 138 162 66 159 152 121 72 305 57 62 0 3 0 3 0 30 0 2 2 8 0 4 67 64 1 2 0 4 88 0 0 0 0 0 1 0 3 3 0 0 6 0 3 0 0 3 2 0 0 0 0 0 0 0 0 0 14 0 1 0 0 0 13 0 0 0 0 1 0 0 0 1 21 27 54 11 0 23 1 22 1 0 12 0 46 4 2 19 0 0 8 0 0 0 0 25 7 16 0 0 0 12 9 0 9 0 0 12 13 0 0 2 0 0 0 0 0 0 0 2 0 0 0 0 0 0 0 0 0 0 0 0 0 0 0 0 1 0 0 0 0 0 0 0 0 0 0 0 1 4 0 3 13 18 18 0 0 18 1 34 10 1 0 18 18 28 22 0 0 21 11 0 0 0 0 31 9 15 0 0 0 7 0 19 1 0 1 49 5 0 0 0 0 0 0 0 0 0 0 0 0 0 0 0 0 0 0 0 0 0 0 0 0 0 0 0 1 0 0 0 0 0 0 156 0 3 75 2 0 2 20 0 0 0 0 0 0 0 0 0 0 0 0 0 0 0 0 0 0 0 0 0 0 0 14 0 0 0 0 
 0 3 0 0 0 1 2 0 0 1 0 0 0 64 0 0 3 0 0 0 129 352 127 365 0 232 52 146 284 103 163 119 260 74 140 159 153 344 65 55 0 0 0 0 214 0 74 0 1 0 4 0 5 2 0 0 3 0 1 68 0 0 0 0 0 4 0 3 3 0 0 0 0 0 0 0 3 0 0 0 0 0 0 0 0 0 0 0 0 0 0 0 0 0 1 0 0 2 0 0 0 0 51 23 0 28 7 13 39 41 19 10 0 33 0 59 26 0 13 0 0 12 0 0 0 0 21 22 6 0 0 0 13 12 0 10 0 0 19 18 0 0 0 0 0 2 0 0 0 0 0 0 0 0 0 0 0 0 0 0 0 0 0 0 0 0 1 12 0 0 0 0 0 0 0 0 0 0 0 0 12 10 0 11 44 16 0 0 23 0 20 12 0 0 12 7 61 41 0 1 34 12 0 0 20 0 20 8 25 0 0 0 0 4 12 0 15 0 60 7 0 3 0 0 0 0 0 0 0 0 0 0 1 0 0 0 0 0 0 0 0 0 8 0 0 0 0 0 0 0 0 0 0 0 9 2 0 4 0 0 4 34 0 0 0 0 0 0 0 0 0 2 0 0 0 0 0 0 0 4 0 15 0 0 0 8 0 0 0 0 
 3 3 3 3 3 3 6 3 4 3 3 3 3 3 3 3 3 3 3 3 186 33 114 125 232 0 114 402 108 124 97 383 60 121 188 154 143 281 47 44 1 0 0 0 3 0 63 1 0 124 3 1 69 1 0 31 4 61 124 0 0 0 50 0 0 0 0 3 3 0 0 0 4 0 46 0 9 0 0 0 0 0 0 0 0 0 0 0 0 0 0 0 0 0 0 0 19 0 0 0 0 0 0 14 10 6 0 9 0 8 18 24 0 0 0 10 0 0 18 0 1 0 10 7 0 0 10 1 24 10 9 21 7 0 13 2 0 11 0 24 0 0 0 0 0 3 0 0 0 6 0 0 0 0 1 0 0 0 0 0 0 0 0 0 0 14 0 0 0 0 0 0 0 0 0 0 0 0 0 6 9 0 18 8 1 11 0 0 19 0 0 1 0 0 9 0 15 21 0 0 0 0 13 8 8 0 8 22 12 8 8 0 1 70 1 0 13 0 29 26 0 0 0 0 0 0 0 0 0 0 0 0 0 0 0 0 0 0 0 0 0 0 18 0 0 0 0 0 0 0 0 0 0 0 222 0 1 2 4 2 27 0 0 0 0 0 0 0 0 0 0 0 0 0 0 0 0 0 0 12 0 0 0 0 0 0 0 0 0 0 
 0 0 80 1 76 116 0 1 0 1 78 0 0 0 75 0 1 0 0 0 140 139 172 131 52 114 0 90 126 39 39 43 186 115 29 26 246 54 93 117 0 0 0 0 26 0 0 0 1 0 31 0 3 1 0 0 4 0 3 0 0 0 0 0 0 0 0 3 3 0 0 0 0 0 0 0 3 0 0 0 0 13 0 0 10 0 0 0 19 0 15 0 0 0 0 0 0 0 19 0 8 19 20 14 0 0 0 9 9 0 22 19 26 12 14 0 0 23 11 39 0 0 0 0 0 0 0 0 0 0 0 1 0 0 0 0 0 2 0 0 0 0 0 10 0 0 0 0 9 0 0 0 0 0 0 0 0 0 0 0 0 0 0 0 0 19 0 21 0 0 14 27 0 0 0 0 3 1 0 0 16 19 46 20 0 0 8 13 22 21 1 0 1 43 1 17 16 0 0 12 0 0 0 0 0 0 0 0 0 0 0 18 0 2 0 0 0 18 0 0 0 0 0 0 0 0 0 0 0 0 0 1 0 0 0 0 0 0 0 0 0 0 1 0 0 1 23 0 0 76 0 0 0 0 6 2 0 77 0 2 0 0 0 0 0 0 0 0 0 0 0 0 0 0 0 0 1 0 0 2 0 0 0 0 3 0 15 0 0 0 
 1 2 0 75 75 77 3 3 0 0 0 0 0 0 0 0 0 0 0 0 509 187 253 119 146 402 90 0 220 49 23 454 194 329 47 254 187 49 331 43 2 0 0 0 3 0 5 0 2 0 3 0 48 2 0 0 2 0 32 0 3 0 0 0 0 4 0 3 3 0 0 0 0 0 0 0 3 0 0 0 0 0 0 0 51 27 0 0 0 0 1 0 60 1 0 0 0 2 0 0 4 14 27 0 13 12 0 14 30 36 0 75 9 24 15 25 46 40 0 8 0 0 1 0 0 0 0 0 0 0 0 0 15 1 0 0 0 0 4 22 0 11 0 0 0 1 0 0 0 0 0 0 0 0 0 0 0 0 0 0 0 0 0 0 0 0 0 0 1 0 1 0 0 0 0 2 0 0 0 0 0 0 12 12 9 0 0 21 46 24 26 0 14 1 2 0 10 35 20 0 23 0 0 0 0 0 23 0 0 0 0 0 0 8 0 0 2 0 18 29 0 0 0 0 0 0 0 0 0 0 0 0 0 20 0 0 0 0 0 0 0 0 0 0 0 0 0 0 0 0 0 0 0 0 10 0 0 79 0 4 0 12 0 0 0 0 0 0 0 0 0 0 0 0 0 0 0 0 0 10 0 0 0 0 0 0 0 0 0 0 
 2 137 79 0 0 2 5 3 0 0 0 12 0 2 0 60 0 0 0 1 120 410 300 99 284 108 126 220 0 189 33 108 80 170 146 109 209 420 186 70 0 0 2 0 3 3 1 0 2 0 6 0 97 0 0 3 2 0 0 0 10 0 3 0 0 3 10 6 5 3 0 3 0 8 0 0 3 0 0 0 0 0 0 0 0 0 0 0 0 0 0 0 0 0 0 0 0 0 0 0 19 0 0 0 33 46 0 10 11 25 7 27 0 1 0 11 23 6 0 0 12 0 0 0 0 0 13 9 0 0 0 0 37 0 0 0 0 0 0 20 0 0 0 2 0 0 0 0 0 0 0 0 0 0 0 0 0 0 0 0 0 0 0 0 0 0 0 0 0 0 0 0 0 0 0 0 0 0 0 0 0 0 9 11 1 0 0 0 51 21 27 26 0 43 28 0 0 16 0 0 18 1 1 0 0 0 33 0 0 0 0 0 0 6 11 0 0 0 15 30 0 0 0 0 2 0 0 0 0 0 0 0 0 0 0 0 0 0 0 0 0 0 11 0 0 89 0 0 2 0 0 0 0 0 3 0 0 7 1 1 1 27 0 0 0 2 0 0 0 0 0 0 0 0 0 0 0 0 0 0 0 1 0 0 0 0 0 0 0 0 
 1 0 0 0 0 161 0 0 0 0 0 0 0 0 1 0 0 0 0 0 48 215 440 65 103 124 39 49 189 0 206 185 50 125 378 135 221 233 245 105 0 0 0 0 3 0 0 0 1 0 4 1 3 1 0 0 2 0 0 0 4 0 0 0 0 0 0 3 3 0 0 0 0 0 0 0 3 0 0 0 0 0 0 0 0 0 0 0 0 0 0 0 0 0 0 0 0 0 0 0 22 0 20 14 13 20 27 40 14 60 1 19 1 20 12 2 0 31 3 31 0 0 0 0 0 0 7 0 0 0 0 0 0 0 0 11 0 2 0 0 0 0 0 2 0 0 0 0 3 0 0 0 0 0 0 0 0 0 0 0 0 0 0 0 0 3 0 0 6 0 0 6 0 0 0 0 0 0 0 0 9 30 21 0 23 30 0 0 12 41 1 35 0 18 40 9 4 50 0 0 0 0 0 0 0 0 18 0 0 0 29 0 0 0 0 0 0 0 15 12 0 0 0 0 0 0 0 0 0 0 0 1 0 0 0 0 0 9 0 1 0 0 9 0 0 0 0 0 0 0 0 0 0 0 8 3 2 0 0 0 0 0 0 0 0 0 0 0 0 0 0 0 0 0 0 0 0 0 0 0 0 0 0 0 0 0 0 0 0 0 
 0 0 0 1 0 0 0 2 1 0 0 0 0 5 0 0 0 0 0 0 106 49 41 278 163 97 39 23 33 206 0 152 28 117 127 295 135 479 138 46 22 6 0 3 0 0 128 63 1 0 1 0 63 20 4 0 0 4 2 116 0 1 0 0 8 4 3 0 0 0 0 0 0 0 8 0 0 0 0 0 0 0 0 0 0 0 0 0 0 0 0 0 0 0 0 0 0 0 0 0 0 0 23 24 10 29 11 0 11 13 32 31 2 14 0 17 1 16 0 19 0 13 7 0 0 0 20 19 0 0 0 0 4 0 11 0 0 0 7 29 0 0 0 7 0 0 0 0 14 0 0 0 0 0 0 0 0 0 0 0 0 0 0 0 0 1 0 0 3 0 0 6 0 0 0 0 0 0 0 0 22 39 0 33 26 22 12 13 1 2 2 9 9 0 20 11 12 14 0 0 0 30 0 0 0 0 41 2 0 7 4 0 11 0 32 2 0 0 43 11 0 0 0 0 0 1 0 0 0 0 0 0 0 0 0 0 0 0 0 0 0 0 0 0 0 1 0 0 0 0 0 0 0 0 14 0 1 4 77 2 4 0 0 0 0 0 0 0 0 0 0 0 0 0 0 0 0 2 0 0 0 8 0 0 0 0 0 0 0 0 
 4 3 5 4 3 3 6 7 3 5 6 3 4 5 6 5 3 6 4 7 121 357 117 138 119 383 43 454 108 185 152 0 50 183 70 175 189 167 233 60 0 0 0 0 3 0 0 0 2 57 3 0 3 1 0 0 3 2 43 0 5 0 0 0 0 0 0 3 3 0 0 1 0 1 0 0 3 0 0 0 14 0 1 0 0 1 0 0 0 0 0 0 0 0 0 0 0 0 0 0 0 0 13 45 27 1 20 0 3 0 31 37 0 1 0 22 11 11 6 0 0 0 0 0 0 0 0 0 0 0 0 0 0 0 0 0 0 0 18 0 0 0 0 0 1 0 0 0 6 2 0 0 0 0 0 0 2 0 0 0 0 0 0 1 0 0 0 0 0 1 0 0 0 0 2 0 11 3 0 2 41 0 34 26 11 1 19 0 41 0 12 27 0 15 19 0 26 21 0 0 30 0 0 0 0 0 0 22 0 0 0 0 0 6 0 0 0 0 17 1 0 0 2 1 0 0 0 0 19 0 0 0 0 0 0 0 0 0 28 0 0 0 13 0 0 0 1 0 0 0 0 0 0 0 7 1 0 75 2 2 11 2 0 0 0 0 1 0 0 0 0 0 0 0 0 0 0 10 0 8 0 0 0 0 0 0 0 0 0 2 
 0 3 1 0 164 259 3 0 225 139 1 84 1 0 0 62 98 0 0 0 122 50 101 162 260 60 186 194 80 50 28 50 0 68 257 256 282 256 235 142 0 0 0 0 205 0 0 0 1 12 68 0 3 1 4 0 1 0 8 0 4 0 0 0 0 0 0 3 3 0 0 6 0 0 0 0 56 0 0 0 0 0 0 24 0 8 0 0 12 0 2 37 0 0 0 11 0 17 0 0 20 1 13 37 0 0 36 23 0 0 20 0 26 61 0 0 18 19 0 61 0 0 0 0 0 1 0 0 0 0 0 0 0 0 0 0 0 0 0 0 0 0 0 4 19 0 0 0 2 0 0 0 0 1 0 0 0 0 0 0 0 0 14 0 13 49 0 0 2 0 11 4 0 0 0 10 13 0 0 0 35 18 6 0 0 0 7 19 0 19 8 0 0 10 1 18 31 0 27 34 0 0 0 0 0 0 0 0 0 0 0 12 0 0 0 13 0 0 0 0 0 0 0 0 0 0 0 13 0 0 0 0 0 0 0 0 0 0 0 0 0 0 0 0 0 0 2 0 0 78 13 0 0 0 10 0 0 0 0 0 2 1 0 0 0 0 0 0 0 0 0 0 0 0 0 0 0 0 0 0 0 0 0 0 0 0 18 0 0 0 
 0 0 0 0 0 0 0 0 0 0 0 0 0 5 0 0 0 0 0 0 151 217 141 66 74 121 115 329 170 125 117 183 68 0 153 111 46 267 167 99 0 0 0 0 3 0 0 0 1 0 4 0 3 1 0 0 3 0 0 0 0 0 0 0 0 0 0 3 3 0 0 0 0 1 0 0 3 1 0 0 0 0 0 0 0 0 0 0 0 0 0 0 0 0 0 0 0 0 0 1 0 0 22 45 13 20 18 16 32 22 21 32 1 24 0 12 10 79 9 19 0 0 0 0 0 0 0 0 0 2 0 0 0 0 0 0 0 0 0 0 0 1 0 9 19 0 0 0 7 0 0 0 12 0 0 0 0 0 0 0 1 0 0 0 0 3 0 0 4 0 0 6 0 0 0 0 2 0 0 0 7 11 29 20 15 51 32 35 11 12 7 62 0 26 51 27 2 0 0 0 0 0 0 0 0 0 0 0 0 0 0 0 0 4 0 0 0 0 1 1 0 0 0 0 0 0 0 0 0 0 0 0 0 0 0 0 0 0 0 0 0 0 0 0 0 2 0 0 0 0 0 0 0 0 8 2 1 76 77 0 0 0 0 0 0 0 9 0 0 0 0 0 0 0 0 0 0 0 0 4 0 0 0 0 0 0 0 0 0 0 
 4 0 1 0 1 1 0 0 1 84 73 0 0 0 1 0 2 2 0 0 210 101 123 159 140 188 29 47 146 378 127 70 257 153 0 138 250 81 154 175 0 0 0 0 3 0 0 0 2 0 3 0 3 1 0 0 1 0 0 0 10 0 56 0 0 0 0 5 3 0 54 0 0 0 0 0 3 0 0 56 0 0 0 1 14 11 0 2 0 0 0 13 0 0 0 0 0 0 0 0 1 7 16 59 11 0 14 7 0 9 18 0 0 0 44 11 0 0 54 1 3 0 0 0 0 0 1 0 0 0 0 10 1 0 0 1 2 0 0 0 0 0 0 0 0 0 0 0 0 0 0 0 0 0 0 0 0 0 0 0 0 0 0 0 7 0 0 0 0 0 2 0 0 0 0 0 0 0 0 6 29 0 37 35 0 0 29 0 1 0 0 9 7 26 23 0 41 46 0 0 0 0 0 0 0 0 1 0 0 0 0 1 0 0 0 0 0 0 19 1 0 0 0 0 61 0 0 0 0 0 0 0 0 0 0 0 0 2 0 0 0 0 0 0 0 0 0 0 0 0 0 0 0 0 18 0 3 0 4 0 24 2 0 0 0 0 1 0 0 0 0 0 0 0 0 0 0 0 0 0 0 8 0 2 0 0 0 0 0 0 
 1 0 0 0 2 116 0 0 0 2 0 5 0 0 0 0 0 0 0 0 135 320 277 152 159 154 26 254 109 135 295 175 256 111 138 0 309 114 191 130 27 0 0 0 3 0 0 0 1 0 4 0 3 1 0 0 3 0 0 0 0 0 0 0 0 15 0 3 3 0 0 0 0 0 0 0 3 3 0 0 0 0 0 0 0 0 0 0 0 0 0 0 0 0 0 0 0 0 0 0 12 0 7 9 89 0 12 0 9 24 9 9 11 18 9 35 19 20 18 0 1 14 0 0 0 0 12 22 0 0 0 0 24 0 0 0 0 0 0 12 0 0 0 37 0 0 0 0 0 0 3 0 0 0 0 0 14 0 0 0 0 0 0 0 0 0 0 0 0 0 0 0 0 0 0 0 0 0 0 3 0 12 8 0 22 16 0 0 7 12 34 35 0 0 0 6 0 32 0 0 20 1 0 0 0 0 0 0 0 0 0 0 0 12 1 0 0 0 2 12 0 0 0 0 35 0 0 0 0 0 0 0 0 0 0 0 0 0 0 0 0 0 0 0 0 0 0 0 0 0 0 0 0 0 11 0 0 119 1 0 44 0 0 0 0 0 0 0 0 0 0 0 0 0 0 0 0 0 0 0 0 0 0 0 0 0 0 0 0 0 
 0 2 0 6 0 25 0 2 0 0 0 75 0 0 72 0 0 0 0 0 82 114 197 121 153 143 246 187 209 221 135 189 282 46 250 309 0 404 123 28 0 3 0 0 3 2 3 2 1 1 3 0 67 2 0 2 1 29 0 0 2 0 0 0 0 2 0 6 3 0 0 0 1 0 2 0 3 0 0 0 0 0 0 0 0 0 0 0 0 0 0 0 0 0 0 0 0 0 0 0 6 0 0 0 34 2 19 10 0 4 1 13 11 9 11 11 9 23 21 0 33 0 0 0 0 13 1 27 0 0 0 0 11 0 1 0 0 0 0 20 0 0 0 0 0 0 0 1 0 0 0 1 0 0 0 0 0 0 2 0 0 0 0 0 0 0 0 0 0 0 0 0 0 0 0 0 2 0 2 5 0 20 17 0 13 0 0 9 34 0 2 21 20 0 0 0 0 0 19 0 16 0 0 0 0 0 27 0 1 0 0 0 0 7 67 0 0 0 11 41 0 0 0 0 0 2 0 0 0 2 0 0 0 0 0 0 0 0 0 0 0 0 8 0 0 0 0 0 0 0 0 1 0 0 7 2 1 0 1 0 22 3 0 0 0 0 0 0 0 0 0 0 0 0 0 0 0 0 0 0 0 0 0 0 0 0 0 0 0 0 
 0 0 0 0 0 74 9 0 0 0 0 2 0 0 0 2 0 3 0 0 130 88 60 72 344 281 54 49 420 233 479 167 256 267 81 114 404 0 213 116 0 0 0 0 7 0 0 0 2 0 3 62 65 1 0 0 3 0 0 0 4 0 0 0 0 0 0 3 3 0 46 0 0 0 0 0 3 0 0 0 0 0 2 2 0 0 0 0 0 0 0 0 0 0 0 0 0 0 0 0 12 0 14 33 31 0 50 0 10 12 10 7 11 1 9 29 63 16 5 0 25 0 0 0 0 0 13 2 0 1 0 0 0 1 0 0 0 1 0 9 1 0 0 0 2 0 0 0 7 0 0 0 0 0 0 0 10 2 0 0 0 0 0 0 0 0 0 0 0 0 0 0 0 0 0 0 0 0 0 0 28 12 5 4 11 18 19 13 21 12 32 40 0 3 35 8 0 23 1 0 42 20 0 2 0 0 10 1 0 0 0 0 0 2 15 0 0 0 0 0 0 0 1 0 0 0 0 0 0 0 0 0 0 0 0 0 0 0 1 13 0 0 0 0 0 0 0 0 0 0 0 0 65 0 16 4 5 6 133 1 1 0 0 0 0 0 1 0 0 0 0 0 0 0 0 0 0 0 0 0 0 9 0 0 0 0 0 0 0 0 
 0 0 0 78 151 157 0 0 0 0 0 0 0 0 204 0 1 0 0 0 476 56 116 305 65 47 93 331 186 245 138 233 235 167 154 191 123 213 0 85 0 0 0 0 3 0 0 0 2 0 3 0 3 2 0 0 3 0 0 0 0 0 0 0 0 0 0 3 3 0 0 0 0 0 44 0 3 0 0 0 0 0 0 0 34 13 0 0 0 0 2 0 0 0 0 0 0 0 0 0 7 20 29 0 43 0 0 4 24 6 31 2 33 14 0 15 13 54 0 74 0 0 0 0 0 0 0 0 0 0 0 0 0 0 7 0 0 28 0 0 0 0 0 0 0 0 0 0 5 0 0 0 0 0 0 0 0 0 0 0 0 0 0 0 0 0 0 0 0 0 0 2 0 0 0 0 0 0 0 0 122 16 0 19 10 0 9 92 26 7 26 28 24 11 79 12 20 11 14 16 1 0 0 0 0 0 0 0 0 0 0 0 0 0 0 0 0 0 0 1 0 0 0 0 0 0 0 0 0 0 0 0 0 0 0 0 0 0 0 0 0 0 0 0 0 0 0 0 1 78 0 0 0 0 16 0 3 0 77 2 2 0 0 0 0 0 0 0 0 0 0 0 0 0 0 0 0 0 0 0 0 13 0 0 0 2 18 2 0 0 
 0 0 2 79 75 82 0 1 224 122 14 1 2 0 0 63 60 1 0 0 160 41 18 57 55 44 117 43 70 105 46 60 142 99 175 130 28 116 85 0 73 0 0 0 3 2 0 0 2 0 129 0 3 4 0 0 3 0 0 2 2 0 0 0 1 0 4 3 3 0 0 0 1 0 0 0 3 3 0 0 0 0 0 13 25 0 0 0 26 10 5 37 0 0 0 13 0 1 0 0 37 30 0 6 0 0 0 10 29 0 13 0 54 58 47 18 6 21 0 1 0 0 0 0 0 0 0 0 0 0 20 0 0 0 0 0 0 0 8 12 0 0 0 0 0 0 0 0 0 0 0 0 0 0 0 0 0 0 0 0 1 0 0 40 11 19 0 0 17 1 26 1 0 0 0 0 20 0 0 0 31 1 0 10 1 12 26 38 5 0 20 14 26 10 0 13 0 0 3 9 0 0 0 0 0 0 0 0 0 0 0 0 0 0 0 13 0 0 0 1 0 0 0 0 0 0 0 0 0 0 0 0 0 0 0 0 0 0 0 2 0 0 0 0 0 1 0 0 0 88 13 0 0 0 11 0 3 0 75 0 0 0 1 0 0 0 0 0 0 0 0 0 0 0 0 0 0 0 0 0 0 0 0 0 0 0 0 0 0 0 
 14 0 1 0 0 0 0 7 0 5 0 0 0 0 5 3 0 2 5 11 0 0 0 62 0 1 0 2 0 0 22 0 0 0 0 27 0 0 0 73 0 383 354 277 29 53 378 142 393 311 32 100 115 101 96 39 87 81 109 372 0 0 0 0 0 0 0 0 2 0 0 0 0 0 0 52 4 0 0 0 12 1 0 0 0 0 0 0 0 0 0 0 0 22 1 0 0 0 0 7 1 0 0 0 0 39 0 0 0 0 0 0 0 0 0 0 0 0 0 0 12 15 0 0 14 0 38 25 44 23 10 26 14 22 67 8 3 16 24 18 0 0 0 0 0 0 23 0 0 0 0 0 0 0 0 0 0 0 20 0 0 20 0 26 0 0 0 0 0 1 0 0 0 0 5 0 1 3 5 0 0 0 0 0 12 33 0 0 0 0 0 0 0 0 0 0 0 0 0 0 0 0 21 30 0 3 31 20 0 15 10 7 0 10 29 1 10 22 59 12 0 0 0 0 0 0 0 0 0 0 0 0 0 0 0 0 0 0 32 0 0 1 0 0 0 2 0 0 0 31 0 13 0 1 0 0 0 64 0 16 0 0 0 68 0 14 1 0 0 0 0 0 0 0 0 0 0 0 0 0 0 0 0 0 0 9 0 0 1 0 
 3 3 3 3 3 3 3 3 3 3 3 3 3 3 3 3 3 68 3 3 0 0 0 0 0 0 0 0 0 0 6 0 0 0 0 0 3 0 0 0 383 0 274 255 252 255 83 543 78 40 47 159 46 79 479 123 162 106 98 258 2 54 0 0 0 0 0 0 0 0 0 0 51 0 0 0 0 0 0 0 0 0 0 0 0 0 0 0 0 0 0 0 0 0 0 0 0 0 0 0 0 0 0 0 0 0 0 0 0 0 0 0 0 5 0 0 0 0 0 0 9 32 10 10 15 8 0 0 16 11 0 20 0 0 7 0 36 25 0 0 0 0 0 0 0 0 1 0 1 0 0 0 0 0 0 7 0 0 4 0 0 0 0 0 0 0 0 0 0 0 0 0 0 0 0 0 0 0 0 0 0 0 0 0 0 0 0 0 0 0 0 0 0 0 0 0 0 0 0 0 19 0 16 21 23 22 0 16 0 0 8 11 13 0 0 21 11 0 0 0 0 0 1 0 0 0 0 0 0 0 0 0 14 0 0 0 0 0 20 0 0 0 0 0 0 0 0 0 0 0 0 12 0 1 0 0 0 0 0 0 0 0 0 1 0 15 0 0 0 0 0 0 0 0 0 0 0 0 0 0 0 0 5 0 17 0 0 0 1 0 
 0 43 0 4 0 0 21 3 2 0 0 5 0 0 0 0 0 4 0 0 1 0 0 3 0 0 0 0 2 0 0 0 0 0 0 0 0 0 0 0 354 274 0 229 315 346 154 176 94 229 33 122 50 133 149 122 117 121 72 47 0 0 16 0 0 0 0 0 0 0 0 0 33 0 0 2 1 0 5 0 0 0 8 8 0 0 0 5 0 0 0 2 0 0 0 22 7 2 0 0 0 0 0 0 0 0 1 0 0 0 0 0 0 0 0 0 0 0 0 0 21 5 0 1 9 33 0 0 0 10 1 13 0 12 17 11 44 0 0 0 0 0 0 0 0 0 0 0 12 0 0 0 5 13 11 15 0 0 21 0 15 0 24 0 8 4 0 0 2 0 0 0 0 0 0 2 0 3 0 0 0 0 0 0 0 0 0 0 0 0 0 0 0 2 0 3 0 0 0 0 12 1 9 9 10 12 0 1 7 18 6 13 0 0 0 1 11 33 0 0 1 0 0 0 0 0 0 37 0 0 0 0 10 13 0 0 0 0 12 15 0 0 17 0 0 0 0 0 0 0 0 11 0 2 0 0 0 0 0 0 0 0 4 0 0 0 0 0 0 0 1 0 0 0 0 0 0 0 0 0 0 0 0 0 1 12 0 1 2 0 
 2 0 0 0 0 0 0 0 0 0 0 0 0 0 0 0 0 2 0 0 0 0 0 0 0 0 0 0 0 0 3 0 0 0 0 0 0 0 0 0 277 255 229 0 136 265 79 425 103 155 170 172 61 231 91 56 139 102 63 286 0 6 0 0 5 2 0 0 0 0 0 0 51 0 3 0 0 0 53 0 0 0 0 0 0 0 0 0 0 0 0 0 0 0 0 0 0 0 0 0 0 0 0 0 0 0 17 0 0 0 0 0 0 0 0 0 0 0 0 0 0 23 0 8 8 28 0 0 0 0 0 10 0 0 0 21 33 14 0 0 0 6 0 0 0 0 6 7 10 0 0 4 7 11 3 36 0 0 23 0 0 0 1 0 0 0 0 0 0 0 0 0 0 0 12 0 0 0 0 0 0 0 0 0 0 0 0 0 0 0 0 0 0 0 0 0 0 0 0 0 4 14 9 2 0 0 0 0 7 10 5 0 0 0 0 20 10 9 0 0 2 2 0 0 0 0 0 8 0 0 0 0 13 9 0 0 0 0 0 20 0 0 0 0 0 0 0 0 0 0 0 6 0 0 0 0 0 0 0 11 0 0 1 1 0 6 2 0 0 0 0 0 0 0 0 0 0 0 0 0 0 0 0 0 12 0 0 1 0 0 
 0 8 0 11 79 0 7 0 7 62 0 4 0 0 0 0 0 36 0 0 3 3 3 3 214 3 26 3 3 3 0 3 205 3 3 3 3 7 3 3 29 252 315 136 0 163 56 51 91 166 95 295 99 79 80 58 59 378 48 89 0 0 0 0 0 0 6 50 0 0 0 0 21 1 0 8 51 0 73 2 0 0 4 6 0 0 0 29 0 0 0 0 0 0 0 4 9 8 0 0 0 6 0 0 0 0 0 0 0 0 0 0 0 0 0 0 0 0 0 0 0 0 0 10 13 4 0 0 0 0 11 0 0 0 0 0 0 0 0 0 20 2 0 0 0 0 16 14 30 0 0 0 0 0 42 3 0 24 15 61 32 0 23 0 9 20 0 0 0 0 0 0 0 0 0 35 0 0 0 0 0 0 0 0 0 0 0 0 0 0 30 0 0 62 0 0 0 0 0 0 0 0 0 0 21 9 0 0 0 0 0 0 0 0 0 0 0 21 0 0 20 0 18 0 0 0 19 26 40 38 0 14 3 55 35 0 3 0 31 10 0 0 0 0 0 0 0 0 0 0 0 5 0 1 0 0 0 0 0 0 0 26 0 0 36 2 0 63 0 0 0 0 0 0 0 0 0 0 0 0 0 2 0 0 6 0 0 6 1 0 
 2 2 3 2 2 2 5 2 2 2 2 2 4 2 2 2 2 2 65 2 0 0 0 0 0 0 0 0 3 0 0 0 0 0 0 0 2 0 0 2 53 255 346 265 163 0 29 93 51 39 83 76 48 51 262 69 339 85 30 53 0 0 0 0 47 0 51 49 1 0 7 0 61 21 0 55 102 63 106 0 0 0 0 0 0 0 0 0 0 0 0 0 0 0 0 0 0 0 20 0 0 0 0 0 0 0 0 0 0 0 0 0 0 0 0 0 0 0 0 0 0 1 7 10 1 21 0 8 0 13 1 1 0 0 0 0 2 8 0 0 0 5 10 1 0 0 7 0 9 14 20 21 28 0 1 9 0 19 5 28 0 0 40 0 0 0 0 0 0 0 0 0 0 0 0 0 0 0 0 0 0 0 0 0 0 0 0 0 23 0 0 0 0 0 0 0 0 0 0 0 0 0 4 0 7 7 0 2 0 13 0 0 0 4 0 0 0 26 0 0 3 17 15 0 0 0 23 10 23 24 23 30 0 31 27 35 0 0 0 14 16 0 0 0 0 1 0 0 0 0 0 8 0 0 0 0 0 0 0 0 36 0 0 3 0 2 1 1 0 0 10 0 0 0 0 0 0 0 0 0 0 0 34 0 2 0 0 0 0 0 
 65 3 2 2 2 3 6 2 2 3 4 3 2 3 2 3 3 3 2 2 1 0 0 30 74 63 0 5 1 0 128 0 0 0 0 0 3 0 0 0 378 83 154 79 56 29 0 137 50 308 37 55 219 166 112 217 20 26 33 249 3 0 0 2 0 1 0 0 0 0 0 0 7 0 0 0 0 0 0 2 0 0 0 0 0 0 0 0 0 0 0 0 0 0 0 0 0 0 0 0 0 0 17 0 8 8 0 0 0 0 0 0 0 0 0 8 0 0 0 0 22 53 48 5 68 9 7 57 0 6 10 26 9 28 25 9 0 0 33 78 0 0 0 0 0 8 0 0 0 5 0 1 0 0 0 0 0 0 0 0 12 0 0 0 37 0 0 0 0 0 18 0 0 0 0 0 0 0 0 0 0 0 0 3 20 7 0 0 0 0 9 0 0 0 0 0 0 0 0 0 2 47 0 27 0 0 55 7 10 2 49 0 26 0 23 5 0 15 14 22 0 0 0 0 0 0 0 0 0 0 0 0 1 0 0 0 0 0 19 0 0 0 1 0 0 0 0 0 0 0 0 9 0 0 0 0 0 63 64 0 0 0 1 0 0 0 2 0 2 0 0 0 0 0 0 0 0 0 0 0 0 0 0 0 0 0 0 0 0 0 
 2 2 2 2 2 2 2 2 2 2 2 2 2 2 2 2 2 2 2 2 0 0 0 0 0 1 0 0 0 0 63 0 0 0 0 0 2 0 0 0 142 543 176 425 51 93 137 0 194 312 42 82 172 143 360 31 47 24 178 39 0 0 0 6 0 4 0 0 0 4 0 0 5 0 0 0 0 0 26 0 0 0 0 0 0 0 0 0 0 0 0 0 0 0 0 0 0 0 0 0 0 1 0 0 8 10 0 0 0 0 0 13 0 0 0 0 0 0 0 0 7 11 1 0 8 0 6 8 0 0 12 11 0 0 3 12 1 0 1 0 0 0 0 0 0 3 13 0 0 0 0 0 11 13 0 0 0 0 0 0 0 0 7 3 0 0 2 0 0 14 0 0 0 0 0 0 0 0 0 0 0 0 0 1 0 8 0 0 0 0 0 0 0 0 0 0 0 0 0 0 21 0 34 10 6 8 14 0 12 39 0 50 19 10 38 0 17 2 6 0 0 0 0 0 0 4 0 9 0 0 0 0 0 10 0 0 0 0 0 14 0 0 0 0 0 0 0 0 0 0 0 2 0 2 0 0 0 55 0 13 0 0 0 65 1 4 0 0 0 0 0 0 0 0 0 0 0 0 0 0 0 0 0 0 0 0 0 0 2 0 
 1 2 0 0 2 1 0 2 2 0 0 0 1 0 2 2 2 0 1 1 1 2 1 2 1 0 1 2 2 1 1 2 1 1 2 1 1 2 2 2 393 78 94 103 91 51 50 194 0 71 31 173 124 77 214 402 179 39 64 62 0 7 14 0 13 0 0 2 0 4 0 23 0 0 0 0 4 0 58 0 0 0 0 0 0 0 11 0 0 0 0 0 0 0 5 0 0 0 0 0 0 0 0 0 0 0 0 0 0 0 0 0 0 0 0 0 0 0 0 0 14 0 10 0 1 0 0 0 4 8 20 20 6 13 14 0 16 0 11 0 0 0 0 0 0 0 7 0 0 0 0 5 11 0 0 3 0 0 5 0 0 0 19 5 0 0 0 0 0 0 0 0 0 0 0 0 0 0 0 0 0 0 0 0 0 10 0 0 0 0 4 0 0 0 0 0 0 0 0 0 0 9 7 19 0 14 0 0 0 8 10 27 0 13 11 1 27 17 10 0 0 0 0 10 11 0 0 1 0 5 0 6 0 0 0 0 0 5 11 0 0 0 0 0 0 0 0 0 0 0 0 7 0 0 0 0 0 0 0 8 0 0 2 4 0 20 0 0 0 0 0 0 0 0 0 0 0 0 0 0 0 0 0 0 0 26 0 0 0 0 
 3 0 0 0 0 0 2 0 0 0 0 0 0 0 0 0 0 0 0 0 0 0 0 2 0 124 0 0 0 0 0 57 12 0 0 0 1 0 0 0 311 40 229 155 166 39 308 312 71 0 305 42 141 114 152 159 268 104 78 149 1 0 0 0 1 0 0 0 0 0 0 3 51 0 0 0 9 0 0 0 0 0 0 0 0 0 0 0 0 0 0 0 0 0 0 0 0 0 0 0 0 0 0 0 0 11 0 0 0 0 0 0 0 0 0 0 0 0 0 0 0 18 11 19 35 9 25 0 21 0 16 14 0 0 1 21 0 17 0 23 16 0 0 0 0 4 0 0 8 3 0 0 0 4 12 8 0 0 6 0 0 0 0 0 0 0 0 0 0 0 0 0 0 0 0 0 7 0 0 0 0 0 0 0 0 0 0 0 0 24 0 0 0 0 0 0 0 0 0 0 19 0 0 34 25 0 0 20 30 12 8 51 0 18 13 0 10 41 0 9 0 7 0 0 0 0 0 0 19 0 0 0 0 0 0 0 0 0 12 27 0 0 19 0 0 0 0 0 0 0 0 15 0 1 0 0 3 0 0 0 0 0 2 0 2 2 11 0 0 0 0 0 0 0 0 0 0 0 0 0 0 0 0 0 0 0 0 0 1 0 
 2 0 63 2 2 2 3 64 33 60 0 1 0 0 1 62 63 66 0 0 3 3 6 8 4 3 31 3 6 4 1 3 68 4 3 4 3 3 3 129 32 47 33 170 95 83 37 42 31 305 0 325 31 247 48 362 104 24 33 66 0 0 0 0 1 3 0 0 0 210 0 0 3 0 0 1 0 0 3 1 0 0 0 0 0 0 0 0 28 0 9 6 0 0 0 9 0 15 0 0 6 0 0 0 0 0 0 28 0 0 0 0 0 9 2 0 0 0 0 0 1 14 0 19 13 11 0 0 0 0 35 0 0 0 0 6 15 15 0 0 10 5 0 0 0 0 0 6 17 0 0 5 0 0 18 12 0 0 25 0 0 0 0 0 22 17 0 0 0 8 2 0 0 0 0 0 27 0 0 0 1 2 0 0 0 0 5 0 6 0 0 0 0 2 0 0 0 0 0 6 0 15 0 0 9 0 20 0 0 0 9 0 0 0 0 10 0 0 0 0 8 4 0 0 0 0 11 15 0 0 0 0 16 1 17 0 0 20 0 10 0 0 0 0 0 0 0 0 1 0 21 1 0 0 0 0 0 0 1 8 0 0 63 5 0 3 0 62 0 0 10 0 0 0 0 0 0 0 0 0 0 0 0 0 2 0 0 0 0 0 
 0 0 0 0 0 2 0 0 0 0 0 0 0 0 0 43 0 0 0 0 0 0 2 0 0 1 0 0 0 1 0 0 0 0 0 0 0 62 0 0 100 159 122 172 295 76 55 82 173 42 325 0 45 258 299 109 488 58 32 27 0 6 0 0 0 0 56 0 0 0 0 0 0 0 0 0 0 0 78 0 0 0 0 0 0 0 0 0 0 0 0 0 0 0 0 0 0 0 0 0 0 0 0 0 0 0 0 0 0 0 0 0 0 0 0 0 0 0 0 2 10 0 0 16 0 19 0 0 1 8 34 13 0 10 20 10 37 0 0 0 14 0 3 0 0 0 27 5 0 0 0 0 12 0 7 5 0 0 21 19 0 0 40 6 0 0 0 0 0 0 0 0 0 0 0 0 0 0 0 0 0 0 0 0 0 0 0 0 0 0 0 0 0 0 0 0 14 0 0 0 0 0 8 26 0 33 0 0 0 15 9 15 0 65 0 22 18 2 0 0 8 0 0 0 0 0 5 47 20 6 0 0 10 19 28 0 0 0 14 1 0 0 0 0 0 0 0 0 0 0 0 9 0 0 0 0 0 0 0 25 0 0 2 32 0 18 1 4 2 0 3 0 0 0 0 0 0 0 0 0 0 0 0 0 0 10 0 7 0 0 
 0 0 0 0 0 0 3 0 0 0 0 0 0 0 0 0 0 0 0 0 3 4 3 4 5 69 3 48 97 3 63 3 3 3 3 3 67 65 3 3 115 46 50 61 99 48 219 172 124 141 31 45 0 372 341 102 49 46 58 175 0 3 4 0 4 0 0 5 2 1 0 3 3 0 0 0 0 0 0 0 0 1 0 0 0 0 0 0 0 0 0 0 0 0 0 0 0 0 0 0 0 0 1 0 0 30 0 0 0 0 0 10 0 0 0 0 0 0 0 0 20 1 25 15 6 0 52 28 0 0 23 12 28 0 2 0 0 1 19 14 0 0 0 0 0 11 0 0 0 2 0 3 0 0 2 0 0 0 0 0 0 0 0 0 0 0 0 0 0 0 0 0 0 0 0 0 0 0 0 0 0 0 0 10 1 0 0 0 0 0 0 4 0 0 6 0 0 0 0 0 0 3 5 2 19 0 38 6 10 13 25 0 11 18 19 16 0 12 7 1 0 0 0 2 0 0 0 0 0 2 0 6 0 0 0 0 0 5 15 0 0 0 10 0 0 0 0 0 0 0 0 6 0 0 0 0 0 0 2 0 0 0 63 0 0 0 0 0 2 0 10 0 0 0 0 0 0 0 0 0 0 0 0 0 0 0 0 0 0 0 
 1 0 0 1 1 0 3 1 1 0 0 0 0 0 1 0 0 0 1 0 1 1 1 67 2 1 1 2 0 1 20 1 1 1 1 1 2 1 2 4 101 79 133 231 79 51 166 143 77 114 247 258 372 0 407 153 108 101 141 162 0 0 0 0 0 0 0 0 0 0 0 0 0 0 0 0 1 2 0 0 0 0 0 0 0 0 0 0 0 0 0 0 0 0 0 0 0 0 0 0 0 0 0 0 8 7 0 0 0 0 0 10 0 0 0 0 0 0 0 0 9 72 16 0 7 0 5 0 24 13 13 13 7 10 3 14 23 31 21 12 0 0 0 0 0 0 0 0 0 0 0 10 0 0 3 0 9 0 2 0 0 0 0 0 12 0 0 0 0 0 19 0 0 0 0 0 0 0 0 0 0 0 0 9 4 8 0 0 0 0 0 0 0 0 0 0 0 0 0 0 41 52 3 0 21 0 16 7 18 9 8 0 89 0 10 30 0 1 15 11 0 0 0 0 0 0 0 0 0 0 0 0 16 0 0 0 0 0 2 1 0 0 6 0 0 0 0 0 0 17 0 4 0 2 0 0 0 0 0 0 0 0 65 0 1 0 4 0 2 0 34 0 0 0 0 0 0 0 0 0 0 0 0 0 10 0 0 0 2 0 
 0 0 0 0 0 0 0 0 0 0 0 0 0 0 0 0 0 2 0 0 0 0 0 64 0 0 0 0 0 0 4 0 4 0 0 0 0 0 0 0 96 479 149 91 80 262 112 360 214 152 48 299 341 407 0 157 167 25 198 103 0 11 0 0 0 0 0 0 45 0 0 0 50 9 0 0 0 0 60 0 0 0 0 0 0 0 0 0 0 0 0 0 0 0 0 0 0 0 0 0 0 0 0 0 0 0 0 0 0 0 0 0 0 0 0 0 0 0 0 0 26 0 0 10 22 15 0 0 8 15 20 41 0 8 14 1 30 15 0 0 5 0 4 4 0 29 7 1 3 6 0 1 8 3 0 0 4 0 25 0 0 0 8 6 0 0 0 0 0 0 0 0 0 0 0 0 0 0 0 0 0 0 0 0 0 9 0 0 9 0 0 0 0 0 8 0 0 0 0 0 0 37 18 25 29 8 11 0 0 23 4 17 13 0 21 31 17 14 0 1 3 0 4 0 0 0 0 8 3 0 0 0 0 0 0 0 0 0 14 0 0 0 0 0 0 0 0 0 0 0 0 9 0 2 0 0 0 0 0 15 0 0 63 35 0 17 6 0 2 0 35 0 0 0 0 0 0 0 0 0 0 0 0 0 8 8 0 0 2 0 
 5 51 3 3 3 2 3 3 3 2 3 2 3 3 3 2 2 4 3 3 0 0 0 1 0 31 0 0 3 0 0 0 0 0 0 0 2 0 0 0 39 123 122 56 58 69 217 31 402 159 362 109 102 153 157 0 367 271 159 79 0 1 0 0 0 0 0 0 3 0 3 0 5 2 3 1 4 7 1 8 0 0 0 0 0 0 0 0 0 0 0 0 0 0 0 0 0 0 0 0 0 0 0 0 0 9 0 0 0 0 0 0 0 0 0 0 0 0 0 0 13 15 1 0 0 6 12 0 36 15 12 9 0 13 0 9 36 46 11 1 0 3 0 0 0 0 0 1 0 0 2 6 0 0 3 4 9 4 8 0 0 0 0 0 9 0 0 0 0 0 10 0 0 0 0 0 0 0 0 0 0 0 0 0 0 5 0 0 0 0 0 0 0 0 0 0 0 0 0 0 9 66 19 1 18 3 0 17 14 1 6 0 40 20 0 17 9 13 1 9 0 2 0 1 3 0 0 0 0 0 2 10 19 14 1 3 6 0 2 3 0 0 21 0 0 0 0 0 0 0 0 8 0 0 0 0 0 0 0 1 0 0 1 1 0 3 0 0 0 0 11 0 0 0 0 3 0 1 0 0 0 0 0 0 15 16 0 0 0 0 
 3 0 0 0 0 2 0 0 0 9 6 0 0 0 0 0 1 0 0 0 3 3 0 2 3 4 4 2 2 2 0 3 1 3 1 3 1 3 3 3 87 162 117 139 59 339 20 47 179 268 104 488 49 108 167 367 0 43 48 40 0 2 0 0 0 0 0 2 4 0 1 0 0 3 0 0 3 0 28 0 0 0 0 0 0 0 0 0 0 0 3 0 0 0 0 0 0 0 0 0 11 0 0 0 0 0 1 0 0 0 0 0 6 0 0 0 0 0 0 1 29 9 0 0 0 8 0 0 8 16 10 31 0 11 10 0 0 11 0 0 0 0 0 0 0 0 8 0 0 0 0 0 9 0 0 7 0 0 8 0 0 0 3 7 0 3 0 0 0 0 6 3 0 0 0 0 0 0 0 0 0 0 0 0 0 9 0 0 0 0 0 0 0 0 0 0 0 0 1 0 0 13 10 8 16 13 0 0 0 10 0 11 8 0 0 0 0 11 0 0 1 0 0 0 0 0 0 8 0 0 0 0 0 11 0 0 0 0 12 0 0 0 0 0 0 19 2 0 0 0 0 8 0 0 0 0 0 0 0 20 0 0 1 68 0 3 2 0 0 0 0 0 0 0 0 0 0 0 0 0 0 0 0 0 8 26 0 0 0 0 
 0 0 0 0 64 0 0 0 0 0 0 0 0 4 0 63 0 2 0 1 5 0 0 0 0 61 0 0 0 0 4 2 0 0 0 0 29 0 0 0 81 106 121 102 378 85 26 24 39 104 24 58 46 101 25 271 43 0 30 19 26 10 3 0 3 0 207 6 9 1 0 1 63 7 1 0 17 0 0 13 0 0 0 0 29 0 0 0 0 0 0 0 0 0 0 0 0 0 0 0 0 0 0 0 0 0 0 0 0 0 0 0 0 0 0 0 0 0 0 0 12 17 0 18 0 16 11 0 14 8 26 29 0 0 10 0 15 33 0 0 0 0 0 0 4 0 0 0 8 5 0 10 0 0 9 8 12 1 16 0 0 0 0 0 0 0 0 0 0 0 0 0 0 0 19 0 0 0 0 0 0 0 0 0 0 9 0 0 0 0 0 0 0 0 6 0 0 0 0 0 0 25 12 0 46 0 8 11 38 1 13 0 18 10 0 7 13 33 0 0 0 10 8 13 0 0 0 2 0 0 4 8 25 0 0 0 0 2 0 0 0 0 10 0 0 0 0 0 0 0 0 5 0 2 0 0 0 0 0 0 0 15 62 0 0 1 2 1 2 0 9 0 0 0 0 0 0 0 0 0 0 4 0 0 10 0 0 0 2 0 
 0 0 0 0 0 13 0 0 0 4 3 0 0 0 0 0 6 0 0 0 0 71 0 4 1 124 3 32 0 0 2 43 8 0 0 0 0 0 0 0 109 98 72 63 48 30 33 178 64 78 33 32 58 141 198 159 48 30 0 134 0 0 0 0 2 0 0 3 0 0 0 0 2 0 0 3 23 2 2 0 0 0 0 0 0 0 0 0 0 0 13 0 0 0 0 0 0 0 0 0 6 0 22 0 0 0 1 0 0 0 0 21 3 0 0 2 12 0 0 2 9 14 0 0 9 0 14 6 34 16 15 12 11 0 20 8 0 28 0 0 0 0 0 0 0 0 10 0 0 0 0 0 0 0 0 0 7 0 0 0 0 0 0 0 6 0 0 0 0 0 5 0 0 0 0 0 0 0 0 0 0 0 24 57 0 17 0 0 41 0 0 0 0 0 0 0 9 9 1 5 22 0 13 0 0 0 0 39 14 0 7 8 0 41 0 13 11 10 19 0 7 0 0 0 0 0 0 0 0 0 0 0 0 0 0 0 0 0 34 16 0 0 10 0 0 0 2 0 0 0 0 11 0 0 0 0 0 129 0 2 0 0 0 0 2 1 2 0 0 0 0 0 0 0 0 0 0 0 0 14 0 0 0 0 0 0 0 0 0 0 
 0 2 0 0 0 0 3 0 0 0 0 0 0 0 4 3 0 0 67 0 0 0 0 88 68 0 0 0 0 0 116 0 0 0 0 0 0 0 0 2 372 258 47 286 89 53 249 39 62 149 66 27 175 162 103 79 40 19 134 0 0 0 0 0 0 0 0 0 0 0 0 0 4 0 0 0 0 0 0 0 0 0 0 0 0 0 0 0 0 0 1 0 0 0 0 0 0 0 0 0 0 0 4 2 7 22 0 0 0 0 0 1 0 0 0 10 0 0 0 0 0 26 8 7 26 0 11 20 2 5 14 22 1 8 30 0 46 11 10 22 0 0 0 0 0 6 1 2 1 11 0 1 1 0 0 0 3 0 0 0 0 0 0 0 0 0 0 0 6 0 0 0 0 0 0 0 0 0 0 0 0 0 0 11 12 8 0 0 0 0 12 0 0 0 0 1 0 0 0 0 0 7 51 26 22 19 37 8 0 18 3 3 18 1 61 23 11 7 16 11 0 0 0 0 0 0 0 0 0 0 0 0 0 0 0 0 0 0 24 0 0 0 0 0 0 0 0 0 0 0 0 8 0 0 0 0 0 63 0 0 0 0 63 1 2 15 2 0 0 0 9 0 0 0 0 0 0 0 0 0 0 0 9 0 4 0 0 0 0 0 
 0 0 0 0 0 0 6 0 1 0 0 0 0 0 0 0 0 7 0 0 0 7 7 0 0 0 0 3 10 4 0 5 4 0 10 0 2 4 0 2 0 2 0 0 0 0 3 0 0 1 0 0 0 0 0 0 0 26 0 0 0 162 474 106 389 30 310 84 121 97 84 102 45 117 250 105 264 93 68 172 0 0 0 0 0 0 0 0 0 0 0 0 0 0 0 0 0 13 0 0 0 0 0 1 0 0 0 0 0 0 0 0 0 0 0 0 4 0 0 0 0 0 0 0 7 0 0 0 0 0 0 0 0 0 0 0 0 0 0 0 0 2 14 18 81 22 0 18 7 1 18 1 0 3 0 14 9 99 0 0 0 0 0 0 0 1 0 4 0 4 0 0 0 1 0 0 0 0 0 0 0 0 5 0 0 0 1 0 0 6 0 4 0 6 2 0 0 13 0 0 0 0 0 0 0 0 0 0 0 0 0 0 0 0 0 0 1 0 0 5 0 26 0 33 27 29 1 0 0 2 24 29 19 0 19 16 30 16 0 0 12 0 0 0 0 0 0 0 0 0 0 0 0 0 7 0 0 0 1 0 0 0 12 59 0 0 0 0 0 0 41 0 0 0 0 51 9 0 0 0 0 0 0 0 0 2 0 0 0 0 
