 0 215 173 149 238 45 163 360 40 143 41 52 606 253 181 58 46 24 212 109 0 0 0 3 4 0 5 0 0 1 0 1 39 4 0 2 0 3 2 0 0 0 0 0 2 0 0 0 0 0 3 0 0 34 2 0 3 3 0 7 2 2 2 0 2 0 0 0 0 3 3 1 1 0 0 6 0 0 0 3 16 0 1 0 0 0 24 10 0 9 0 0 33 9 15 33 42 0 32 40 0 0 0 0 0 12 0 0 0 0 0 0 0 0 0 0 0 0 0 0 0 0 0 0 0 0 0 0 0 0 10 0 0 0 0 0 1 0 0 0 0 0 2 0 0 0 0 0 0 0 0 0 8 0 15 0 0 0 0 0 16 11 0 10 0 0 13 92 0 2 4 0 20 12 35 0 12 0 10 11 0 0 0 0 0 0 0 0 0 0 0 0 0 0 0 0 0 0 0 0 0 0 0 0 17 0 0 0 0 0 0 0 0 0 0 0 0 0 0 0 0 0 0 0 0 0 0 0 0 0 0 0 15 0 0 0 0 0 0 0 0 0 0 0 0 0 0 0 2 2 2 22 0 0 0 0 0 0 0 0 0 0 9 0 0 0 0 0 0 0 0 0 0 0 0 0 0 0 0 0 0 0 0 0 0 0 0 0 0 0 
 215 0 284 146 343 126 141 166 93 153 235 47 120 138 73 60 133 254 169 141 0 2 0 6 5 3 4 6 0 0 6 3 2 2 0 0 4 11 90 0 0 0 0 0 4 0 2 0 0 0 6 0 0 0 2 0 8 7 0 0 8 1 4 0 9 6 0 0 1 5 36 0 0 4 1 6 4 0 1 3 7 1 11 15 10 0 0 25 33 13 1 28 38 1 19 0 0 30 1 28 0 0 0 0 0 0 11 0 0 0 0 0 0 0 0 0 0 0 0 0 0 1 0 0 0 0 0 0 0 0 0 0 0 0 1 0 0 0 0 0 2 0 2 0 0 0 0 1 0 0 0 0 3 0 0 0 0 0 0 0 31 44 0 13 0 0 0 35 53 26 15 2 1 21 27 12 13 41 0 16 21 0 0 0 0 0 0 0 0 0 0 1 0 0 0 0 0 0 20 0 0 0 0 0 0 0 0 0 0 0 0 0 0 15 0 19 0 0 0 0 0 2 0 0 0 0 0 0 0 0 0 0 0 1 0 0 0 0 0 0 0 0 0 0 0 1 2 1 2 0 0 2 0 0 0 0 1 0 0 0 0 0 0 0 0 0 1 0 0 0 0 0 0 0 0 0 32 0 0 0 0 0 0 0 0 0 0 0 0 0 
 173 284 0 184 151 259 57 321 201 81 135 63 181 117 72 306 486 49 414 212 0 0 2 3 4 0 4 0 0 1 0 0 0 1 0 61 1 3 2 0 0 0 0 0 2 0 0 0 0 0 3 63 0 0 2 0 3 3 0 0 2 2 2 0 2 0 0 0 0 3 3 0 0 36 0 3 0 0 0 3 21 30 23 13 0 19 0 28 48 40 2 39 6 0 29 1 1 32 0 9 0 0 0 0 0 0 1 14 0 1 0 0 3 0 0 0 13 0 0 8 0 0 0 0 0 0 0 1 0 0 0 0 0 0 0 0 0 0 0 0 2 0 9 0 2 0 0 2 0 0 0 0 32 0 0 0 0 0 1 0 11 27 17 3 0 18 0 26 0 89 0 1 22 21 4 24 0 20 0 15 0 0 0 0 0 0 22 0 0 0 0 0 0 19 0 0 0 0 3 0 0 0 0 0 0 1 0 0 0 0 0 0 0 0 0 31 0 0 0 0 0 0 0 0 0 0 0 0 0 0 0 0 0 0 0 0 0 0 0 0 0 0 0 0 0 2 9 0 3 1 8 2 0 0 0 0 0 0 0 0 2 0 98 0 0 0 0 0 0 0 0 0 0 0 0 1 0 0 0 1 0 0 0 0 0 0 0 0 0 0 
 149 146 184 0 102 130 68 56 40 164 137 123 78 371 77 129 335 71 127 79 74 1 1 3 1 0 7 104 0 0 0 0 20 77 91 0 211 3 6 1 0 2 0 0 3 0 2 0 0 0 3 8 1 0 2 0 3 2 0 0 6 3 2 0 3 0 0 6 0 3 3 2 3 0 8 3 3 5 0 5 14 0 0 36 0 14 0 12 13 17 29 48 16 0 0 0 0 1 0 15 0 0 11 0 0 0 7 0 0 0 0 0 15 0 0 0 2 0 14 19 0 0 0 0 0 0 0 0 0 0 0 0 0 0 0 0 0 0 0 0 2 0 31 0 0 0 0 2 0 0 0 0 14 0 12 0 0 0 0 0 33 27 10 0 22 9 1 11 17 15 0 10 0 7 12 16 0 8 0 0 14 14 2 1 0 0 0 0 9 0 0 0 0 14 30 5 8 0 0 9 0 0 0 21 0 0 0 0 0 0 0 0 0 0 0 15 0 0 0 0 0 0 0 0 0 0 0 0 0 0 0 0 0 0 0 0 0 0 0 0 0 0 0 0 0 0 1 0 3 88 0 16 0 0 0 0 0 2 0 0 0 0 0 0 0 0 0 0 0 0 0 0 0 0 0 0 14 0 0 0 0 0 0 0 0 0 0 0 0 0 
 238 343 151 102 0 165 125 56 131 188 175 287 68 109 140 196 106 52 56 94 80 0 2 5 2 2 38 0 37 80 0 0 74 26 128 0 0 100 77 56 0 0 0 0 2 30 0 0 69 63 3 40 0 0 2 0 4 3 0 0 2 2 2 0 2 0 0 0 0 3 3 0 1 0 0 3 0 0 0 3 0 20 31 0 39 94 0 0 1 40 16 19 0 0 0 18 14 0 2 0 3 0 14 14 0 0 9 27 0 0 0 16 0 20 12 2 9 0 17 1 0 0 0 0 0 0 0 0 0 23 0 0 0 0 0 0 0 0 0 0 0 0 0 2 0 0 0 0 0 0 0 0 0 0 0 0 0 0 0 0 0 14 0 1 2 19 1 0 1 21 9 24 32 0 0 0 0 1 13 0 0 16 18 31 0 0 14 11 2 0 0 0 17 76 6 0 24 8 10 1 0 0 2 7 0 0 0 0 0 0 2 0 0 0 0 0 0 0 0 0 0 0 0 0 0 0 0 0 2 0 0 0 2 0 0 1 0 0 0 0 0 0 0 0 0 2 0 1 87 127 25 9 5 0 0 0 2 0 0 1 0 0 0 0 0 0 0 0 0 2 0 0 2 0 0 19 0 0 0 14 0 1 0 0 0 0 0 0 0 0 
 45 126 259 130 165 0 14 30 129 369 230 171 61 43 62 338 88 218 41 67 0 0 1 3 3 0 77 79 3 2 0 2 0 0 0 0 0 3 60 1 0 3 0 3 2 0 0 0 3 0 3 1 0 0 2 3 3 4 59 0 3 4 2 0 3 0 52 6 3 50 3 0 3 0 4 3 0 5 0 3 0 11 0 17 30 22 0 0 0 14 36 1 0 0 0 0 35 1 0 0 6 0 29 0 0 0 15 0 0 0 0 0 35 0 0 9 0 0 20 24 0 0 0 0 0 0 0 0 0 0 0 0 0 0 0 0 0 0 0 1 0 0 0 0 0 0 0 0 0 0 2 2 0 0 0 0 2 0 0 0 0 0 9 40 15 2 0 0 31 22 4 23 5 0 0 0 1 14 0 0 16 16 0 0 0 0 32 1 8 0 0 0 27 0 72 0 0 0 14 14 0 2 0 0 0 0 0 1 0 0 0 0 0 0 0 0 0 0 0 0 0 0 0 0 0 0 0 0 0 0 0 0 0 0 0 36 0 0 0 0 0 1 0 0 0 0 1 0 86 18 18 15 0 0 0 0 0 0 0 0 0 0 0 0 0 0 0 0 0 0 0 0 0 0 0 13 9 10 0 8 0 0 0 0 0 0 0 0 0 13 
 163 141 57 68 125 14 0 260 140 90 28 250 167 141 118 132 32 52 18 151 0 0 0 3 3 0 5 0 0 0 0 2 3 0 0 0 0 3 3 2 0 0 21 0 2 12 0 1 21 21 3 21 0 0 2 13 3 2 0 0 55 3 2 0 3 0 14 0 0 56 3 0 13 0 0 3 0 0 1 3 46 34 4 1 7 0 0 0 4 41 0 0 7 0 11 9 61 12 17 30 0 0 0 0 0 0 0 0 0 0 0 1 0 0 0 0 0 0 0 0 0 0 0 0 0 0 0 0 0 33 0 0 0 0 0 0 0 1 0 0 0 5 0 0 0 0 2 2 0 0 0 0 0 2 0 0 0 0 0 0 18 10 0 0 0 0 3 26 0 19 1 10 10 10 19 29 0 2 0 13 0 0 0 0 0 0 0 0 0 0 0 0 0 0 0 0 0 0 0 0 0 0 14 0 0 0 0 0 0 0 0 0 0 0 0 0 2 0 0 0 0 0 0 0 1 0 0 2 0 0 0 0 0 0 0 1 0 0 0 1 0 0 0 0 0 2 0 0 0 0 0 9 10 0 0 1 0 0 0 0 0 0 15 0 0 0 0 0 0 0 0 0 0 0 0 11 0 0 0 0 0 0 0 0 0 0 0 0 0 0 
 360 166 321 56 56 30 260 0 179 120 77 25 129 195 163 300 274 42 206 70 2 0 0 3 39 0 3 0 0 3 3 1 0 0 0 3 3 3 3 0 0 0 0 4 2 0 0 0 3 2 2 0 0 0 4 0 3 2 0 0 3 5 3 0 3 0 0 2 0 3 4 0 4 2 0 3 0 0 2 5 4 50 65 17 0 0 0 48 29 14 8 0 16 0 39 21 20 36 14 2 0 0 0 0 0 1 9 0 0 0 0 0 49 2 0 0 0 0 0 18 5 0 0 0 0 0 0 0 0 1 2 0 0 0 0 0 0 0 0 0 0 0 0 0 0 0 0 0 0 0 12 0 0 0 2 0 0 0 0 0 21 0 14 0 0 3 1 9 0 12 8 0 9 56 18 16 21 28 1 0 0 0 0 0 0 0 25 0 0 0 0 0 0 0 0 0 0 0 10 13 0 0 0 0 0 0 0 0 0 0 0 0 2 0 0 3 0 2 0 0 0 0 0 0 0 0 0 0 0 0 0 0 13 0 0 0 0 0 0 0 0 0 0 0 0 0 85 0 2 1 0 9 0 2 0 0 0 0 0 0 0 0 0 0 0 0 0 0 2 0 0 0 0 0 0 24 0 0 0 0 0 0 0 0 0 0 0 0 0 0 
 40 93 201 40 131 129 140 179 0 65 22 124 325 123 177 178 126 35 267 78 0 0 1 89 3 0 4 0 0 0 0 0 0 0 0 2 0 75 76 0 0 0 0 0 2 0 0 0 0 0 3 71 0 0 2 0 3 3 0 0 2 1 3 0 2 0 0 0 0 2 3 0 0 0 0 3 0 0 0 3 0 10 13 29 8 46 0 28 10 11 29 17 14 0 31 2 19 0 0 14 0 0 0 0 0 0 0 24 0 0 0 0 0 0 0 0 9 0 0 0 0 13 0 0 0 0 0 0 0 1 0 0 1 0 0 0 0 0 0 0 0 0 0 7 0 0 73 11 0 0 0 0 0 0 0 0 0 0 0 0 14 0 0 9 0 10 1 28 0 5 0 2 23 17 0 26 17 18 1 8 0 0 0 0 0 0 22 0 0 0 0 0 1 15 0 0 0 10 13 14 0 0 0 0 0 0 0 0 0 0 10 0 0 0 0 0 0 0 0 0 0 0 0 0 0 0 0 0 0 1 0 0 0 0 0 0 0 0 0 0 0 0 0 0 0 0 1 0 2 0 0 4 0 0 0 0 0 0 0 0 0 0 10 0 0 0 0 0 0 0 0 0 0 0 0 0 29 0 0 0 0 0 0 0 0 0 0 0 0 2 
 143 153 81 164 188 369 90 120 65 0 287 243 162 317 72 98 165 100 139 392 0 0 0 3 1 0 3 0 0 5 0 0 0 0 0 0 0 3 77 0 0 0 0 0 2 0 0 0 0 0 2 0 0 0 2 0 3 2 0 0 3 3 2 0 3 0 0 0 0 3 3 0 3 0 0 3 0 0 0 3 10 61 5 15 47 30 0 15 14 88 1 31 16 1 0 16 15 23 1 0 2 0 0 0 0 0 1 37 1 0 0 0 0 4 11 2 0 0 1 0 0 14 0 0 0 0 0 0 0 50 0 0 0 0 0 2 0 0 0 0 2 0 14 1 0 0 0 2 0 0 0 0 6 0 0 0 0 0 0 0 11 40 0 6 2 0 2 11 41 47 12 10 5 8 62 0 12 28 0 0 8 0 0 0 0 0 16 16 18 0 0 0 55 0 7 0 0 0 0 0 0 0 0 0 0 0 0 0 0 0 0 0 0 0 0 0 0 0 0 0 0 0 0 0 0 0 0 0 0 0 0 0 0 0 0 1 0 0 0 0 0 0 0 0 1 0 0 0 0 99 2 4 10 0 0 0 0 0 0 0 74 0 0 0 0 0 0 0 0 1 0 0 0 0 0 22 26 0 0 0 0 0 0 0 0 0 0 0 0 0 
 41 235 135 137 175 230 28 77 22 287 0 35 34 307 262 314 168 406 109 273 1 0 0 3 1 1 3 0 0 0 0 0 0 0 0 0 2 3 75 2 0 0 3 0 2 0 4 0 0 0 3 5 0 0 2 0 3 2 120 0 3 3 2 0 3 0 30 0 0 3 3 0 3 0 0 3 0 0 0 3 15 46 37 42 14 0 0 41 30 41 31 31 0 8 0 0 3 53 0 0 7 0 0 0 0 0 0 0 0 0 0 0 10 0 0 0 0 0 0 0 0 1 0 0 0 0 0 0 0 17 0 0 1 0 2 0 0 0 0 0 10 0 4 0 0 0 0 9 0 0 0 0 5 0 0 25 0 0 0 0 23 41 16 7 14 1 0 11 45 18 44 10 3 0 0 0 30 28 0 0 6 8 0 0 0 0 18 0 1 0 0 2 0 0 12 0 0 0 25 30 0 0 0 0 0 0 0 0 0 0 0 0 3 1 0 0 31 0 0 0 0 1 0 0 0 0 0 0 0 0 0 0 0 0 0 16 0 0 0 0 0 0 0 0 0 0 1 0 0 1 1 1 9 0 0 0 0 0 0 0 0 0 0 0 0 0 15 0 0 0 0 0 0 0 0 4 0 0 0 0 0 0 0 0 0 0 0 0 0 18 
 52 47 63 123 287 171 250 25 124 243 35 0 79 34 252 85 88 149 20 35 76 6 0 9 3 0 6 82 1 0 2 0 101 148 72 0 0 28 75 72 0 0 0 0 2 0 0 0 0 0 3 67 0 0 2 4 3 3 0 0 2 1 3 0 2 0 0 0 0 13 3 0 0 0 1 3 0 1 0 3 0 0 0 17 10 29 0 0 0 27 17 21 0 0 13 0 1 0 2 0 29 0 1 0 0 0 2 18 0 0 0 1 11 17 22 25 39 0 0 24 0 0 0 13 0 0 0 0 0 0 0 0 0 0 0 0 0 0 0 0 0 0 1 2 0 0 0 0 0 4 0 0 0 0 0 0 0 0 0 0 0 0 0 0 28 39 0 0 0 10 0 10 0 0 0 0 0 0 0 3 16 19 63 1 1 0 12 22 10 1 0 17 25 16 21 25 12 0 28 9 0 0 2 0 18 0 0 0 0 9 2 0 0 0 0 0 0 0 0 0 0 0 0 12 0 2 0 0 2 0 0 0 0 12 0 1 0 0 0 0 0 0 0 0 0 6 0 0 0 44 0 8 0 0 0 0 0 0 0 0 43 0 0 0 0 0 0 0 0 2 0 0 0 0 0 0 0 0 0 0 0 0 0 0 0 0 0 0 0 0 
 606 120 181 78 68 61 167 129 325 162 34 79 0 190 48 330 141 239 484 212 0 0 0 3 3 0 5 0 0 80 0 1 1 0 0 0 0 3 2 0 0 0 0 0 2 0 0 0 0 0 3 0 0 0 2 0 3 3 0 0 2 2 2 4 2 0 0 0 0 3 3 0 1 0 0 3 0 1 0 3 18 42 14 10 0 0 37 4 7 15 0 16 18 10 7 23 10 1 31 33 1 0 0 0 0 0 0 0 1 0 0 0 0 0 0 0 0 0 0 0 0 0 0 0 0 0 0 0 0 0 0 14 0 0 0 0 0 0 0 0 0 5 0 2 0 0 0 0 0 1 0 0 0 0 0 0 10 0 0 0 0 0 0 7 0 10 27 73 0 0 0 0 44 25 20 62 0 0 13 30 0 0 0 0 0 0 1 0 0 0 0 0 0 0 0 0 0 0 0 0 0 0 0 0 0 0 0 0 2 0 0 14 0 0 0 0 0 0 0 0 0 0 0 0 0 0 0 0 1 0 0 0 0 0 0 0 12 0 0 0 0 0 0 0 1 1 88 0 4 2 1 5 0 0 0 0 0 0 0 2 57 0 0 0 0 0 0 0 0 0 0 0 0 0 0 0 0 0 0 0 0 0 0 0 0 0 0 0 0 0 
 253 138 117 371 109 43 141 195 123 317 307 34 190 0 93 59 302 134 235 545 0 2 1 3 3 0 5 0 0 0 0 0 0 0 0 1 0 3 2 0 56 0 0 0 2 0 0 0 0 0 3 0 0 0 2 0 3 3 1 0 2 1 3 2 2 0 0 0 0 2 3 0 0 0 0 3 0 2 0 3 0 31 40 28 5 0 0 9 23 46 1 13 23 10 8 29 25 1 0 0 0 0 0 0 0 0 0 0 0 0 0 0 0 0 0 0 0 0 0 0 0 0 0 0 0 0 0 0 0 19 0 0 1 0 0 0 0 0 0 0 2 1 5 0 0 0 0 1 0 0 0 0 3 0 0 0 0 0 0 0 11 32 14 7 16 0 0 26 10 15 38 2 14 8 18 0 0 71 0 1 0 0 0 0 0 0 9 0 0 0 0 0 0 0 0 0 0 0 0 0 0 0 0 0 0 0 0 0 0 0 0 0 0 0 0 0 0 0 0 0 0 0 0 0 0 0 0 0 0 0 0 0 0 0 0 0 0 0 0 0 0 1 0 0 0 0 40 0 0 0 2 8 2 0 0 0 0 0 0 0 0 0 0 0 0 0 0 0 0 0 0 0 0 0 0 21 16 0 0 0 0 0 0 0 0 0 0 0 0 2 
 181 73 72 77 140 62 118 163 177 72 262 252 48 93 0 218 359 200 287 114 0 0 0 3 3 0 4 0 0 0 0 0 0 0 0 0 0 3 2 0 0 0 0 0 2 0 0 0 0 0 3 0 0 0 2 0 3 3 0 0 2 1 3 0 2 0 3 0 0 2 3 0 0 0 0 3 0 0 0 3 13 29 8 13 0 2 15 20 15 15 18 14 13 8 10 15 21 29 21 12 0 0 0 0 0 0 16 0 0 0 0 0 9 0 0 0 0 0 0 9 0 1 0 0 0 0 0 0 0 0 0 0 0 0 0 0 0 0 0 0 3 0 3 0 0 0 0 3 0 0 0 0 2 0 0 0 0 0 0 0 30 2 13 9 1 10 10 5 0 17 35 2 18 16 14 13 24 14 12 3 0 0 0 0 0 0 14 0 0 0 0 0 0 0 0 0 2 0 11 11 0 0 0 0 0 0 0 0 0 0 0 0 0 0 0 1 0 0 0 0 0 2 0 0 0 0 2 0 0 0 0 0 0 1 12 0 0 0 0 0 0 0 0 0 0 2 2 2 1 0 0 0 0 0 0 0 0 0 0 0 0 0 12 0 0 0 0 0 0 0 0 0 0 0 0 0 10 0 0 0 0 0 0 0 0 0 0 0 0 0 
 58 60 306 129 196 338 132 300 178 98 314 85 330 59 218 0 250 316 135 93 0 2 2 3 2 0 4 1 76 0 0 0 0 1 0 0 2 5 3 0 0 0 0 0 2 0 0 0 0 0 4 65 0 0 2 0 7 2 0 0 2 3 2 0 3 0 0 9 0 3 3 31 2 0 5 3 0 9 0 3 14 1 0 36 0 32 0 15 25 39 26 26 0 0 23 20 19 20 0 0 10 0 15 0 0 2 0 14 0 0 0 0 18 0 0 1 9 0 14 18 0 0 0 0 0 0 0 0 0 0 1 0 0 0 0 0 0 0 0 0 5 0 6 0 0 0 0 4 0 0 0 0 6 0 1 0 0 0 0 0 3 0 6 0 13 21 0 25 11 27 10 1 19 3 0 36 0 21 0 0 0 0 0 0 0 0 29 1 2 0 0 0 5 16 16 0 0 0 12 9 0 0 0 0 0 0 0 0 0 0 0 0 0 0 0 0 0 1 0 0 0 0 0 2 0 0 0 0 0 0 0 0 0 0 0 0 0 0 0 0 0 0 0 0 0 0 2 1 3 53 0 5 0 1 0 0 0 0 0 0 0 0 19 0 0 0 0 0 0 0 0 0 0 0 0 0 15 0 0 0 0 0 0 0 0 0 0 0 0 0 
 46 133 486 335 106 88 32 274 126 165 168 88 141 302 359 250 0 116 186 254 1 0 0 10 3 4 4 10 3 0 0 0 0 0 3 0 0 6 5 0 0 0 0 0 2 61 0 3 3 0 3 0 2 3 2 0 3 6 0 7 2 1 3 0 2 0 2 0 0 2 3 7 11 2 0 3 2 0 0 3 29 15 14 24 0 0 0 10 39 35 14 22 10 2 6 1 1 0 0 0 0 0 0 0 0 0 1 0 0 0 0 0 0 0 0 0 0 0 0 0 0 0 0 0 0 0 0 0 0 0 0 0 0 0 0 0 0 0 0 0 3 0 20 0 0 0 0 5 0 0 0 0 23 0 0 0 0 0 0 0 51 24 0 0 0 0 0 18 23 10 7 0 12 10 17 20 0 10 0 0 0 0 0 0 0 0 0 0 0 0 0 0 0 0 0 0 0 0 0 0 0 0 0 0 11 0 0 0 0 0 0 0 0 5 0 1 0 0 0 0 0 0 0 0 0 0 0 0 0 0 0 0 0 0 0 0 0 0 0 0 0 0 0 0 0 5 90 2 0 0 0 10 0 0 0 0 2 0 0 0 0 0 0 0 2 0 0 0 0 0 0 0 0 0 0 0 20 0 0 0 0 0 0 0 0 0 0 0 0 0 
 24 254 49 71 52 218 52 42 35 100 406 149 239 134 200 316 116 0 35 49 0 0 0 3 3 0 6 2 3 0 2 1 3 1 0 2 2 3 101 0 0 0 0 0 4 0 0 0 0 0 3 3 2 0 2 3 6 6 2 0 2 1 3 0 2 0 0 2 0 2 3 0 3 0 0 3 0 6 0 6 14 11 28 41 16 42 0 19 30 1 38 0 12 0 2 21 0 10 14 0 8 0 0 0 0 0 0 0 0 0 0 0 30 0 0 0 0 0 0 0 0 0 0 0 0 0 0 0 1 0 0 0 0 0 0 0 0 0 2 0 0 0 0 0 0 11 0 2 0 2 0 0 2 0 0 0 0 0 0 0 22 15 17 0 1 11 0 0 98 6 20 0 5 0 13 15 0 54 0 0 0 0 0 0 1 0 29 0 1 0 0 0 1 0 3 0 0 1 42 44 0 0 0 0 0 0 0 0 0 19 0 0 1 0 0 0 0 0 0 0 28 0 0 0 0 0 0 0 0 0 0 0 0 0 0 0 1 0 0 0 0 2 0 0 0 3 146 0 1 93 0 14 0 1 0 0 0 0 0 0 91 0 0 0 0 0 1 0 0 0 0 0 0 0 0 1 21 0 0 0 0 0 0 0 0 0 0 0 0 0 
 212 169 414 127 56 41 18 206 267 139 109 20 484 235 287 135 186 35 0 303 0 0 0 3 2 0 3 0 0 0 0 0 3 0 0 0 0 3 77 0 0 0 0 0 2 1 0 0 1 0 4 0 65 0 2 0 3 3 0 0 2 2 2 0 44 0 0 0 0 3 3 0 1 0 0 3 0 0 0 3 9 46 21 10 0 0 0 22 27 40 0 26 11 0 28 10 21 10 7 0 2 0 0 0 0 0 0 0 2 0 0 0 0 0 0 0 0 0 0 0 0 0 0 0 0 0 0 0 0 0 0 0 0 0 0 1 0 0 0 0 2 0 11 0 0 0 0 2 0 2 0 0 14 0 0 0 0 0 0 0 8 2 0 0 0 0 0 20 0 29 0 0 13 34 0 52 0 12 10 14 0 0 0 0 0 0 0 23 0 0 0 9 0 0 0 0 0 0 0 0 0 0 0 0 2 0 0 0 1 0 0 0 0 0 2 19 0 0 0 0 0 0 0 0 0 0 0 0 0 0 0 0 0 0 0 0 0 0 0 0 0 0 0 0 2 2 89 0 3 0 0 6 0 0 0 0 0 0 0 0 0 0 0 0 0 0 0 0 0 0 0 0 0 0 0 0 0 0 0 0 0 0 0 0 0 0 0 0 0 0 
 109 141 212 79 94 67 151 70 78 392 273 35 212 545 114 93 254 49 303 0 0 0 0 3 8 3 5 0 0 0 5 1 3 0 0 0 2 3 6 2 0 0 0 0 11 0 3 0 0 2 5 0 1 0 2 2 3 2 0 9 3 3 2 0 3 6 0 2 0 4 3 0 3 3 2 8 1 0 43 3 18 26 19 0 0 0 25 76 40 35 0 0 0 0 47 53 51 21 0 19 0 0 0 0 0 0 0 0 0 0 0 0 0 0 0 0 0 0 0 0 17 0 0 0 0 0 0 0 0 4 0 0 2 0 0 0 0 0 0 0 0 0 0 0 0 0 0 0 0 0 0 13 0 0 0 0 0 0 0 0 18 6 10 0 0 0 14 19 2 15 1 1 24 0 20 0 0 19 14 5 0 0 0 0 0 0 0 0 0 0 0 0 0 0 0 0 0 0 0 0 0 0 0 0 0 0 0 0 0 0 0 0 0 17 0 8 0 0 0 0 0 0 0 0 0 0 0 0 0 4 4 0 0 0 0 0 0 0 0 0 0 10 0 0 0 2 87 0 0 0 2 3 0 0 0 0 0 0 0 0 0 0 0 0 0 0 0 0 0 0 0 0 0 0 0 35 0 0 0 0 0 0 0 0 0 0 0 0 0 0 
 0 0 0 74 80 0 0 2 0 0 1 76 0 0 0 0 1 0 0 0 0 175 165 44 35 43 354 66 225 321 41 22 399 349 151 252 238 45 131 227 0 0 4 0 0 0 0 0 0 0 0 6 0 0 0 0 0 0 0 0 0 6 44 3 0 0 0 0 2 0 3 0 3 7 0 0 0 0 0 0 0 0 0 0 0 8 0 0 0 0 0 1 0 0 0 0 0 0 13 0 0 2 48 7 0 0 27 1 0 12 14 1 12 7 5 26 0 4 33 20 0 0 0 8 0 13 0 1 0 0 0 0 0 16 0 0 0 0 0 0 0 0 0 0 0 0 0 0 0 7 0 0 0 0 0 0 0 0 0 0 0 2 0 19 32 25 0 0 0 0 0 10 0 0 0 2 0 0 0 0 30 16 3 29 29 0 0 0 33 11 2 31 4 40 24 13 57 29 2 16 0 0 0 4 0 0 0 0 0 0 1 0 20 0 2 0 0 0 0 0 0 0 0 0 1 0 0 0 0 0 0 0 0 15 0 0 2 0 0 0 0 0 1 0 0 0 0 0 0 0 0 0 0 0 10 0 0 47 51 0 2 0 0 0 0 0 15 0 0 0 0 0 0 0 0 0 0 0 0 0 0 0 0 0 0 1 25 0 0 0 
 0 2 0 1 0 0 0 0 0 0 0 6 0 2 0 2 0 0 0 0 175 0 120 296 84 72 167 229 73 44 265 112 237 48 147 172 73 36 181 338 0 0 23 0 0 0 0 0 0 0 0 1 0 2 0 0 0 0 62 7 0 0 0 2 0 4 0 50 2 0 3 0 3 4 0 0 0 0 0 0 0 0 0 0 0 0 0 0 0 0 16 1 0 0 0 0 0 0 0 0 57 53 17 19 0 2 3 1 16 28 26 17 14 0 22 19 28 9 14 1 0 0 0 11 0 0 0 0 0 0 0 0 9 0 2 0 0 28 0 24 0 0 0 0 0 1 5 0 2 0 0 0 0 0 0 4 0 5 0 0 0 5 0 4 0 15 0 0 0 0 0 0 0 0 0 0 0 0 0 0 0 1 20 25 35 23 0 8 20 47 42 36 1 16 1 43 23 20 0 0 0 0 0 0 0 0 0 2 0 2 0 0 0 1 0 0 0 2 24 0 0 0 0 1 0 0 0 0 0 0 0 0 0 15 2 0 0 0 0 1 0 0 6 0 0 0 0 0 0 0 0 0 0 2 9 0 2 40 167 1 2 14 0 0 0 0 18 0 0 0 0 0 0 0 0 0 0 0 0 0 0 0 0 0 2 30 20 0 0 0 
 0 0 2 1 2 1 0 0 1 0 0 0 0 1 0 2 0 0 0 0 165 120 0 58 82 84 67 118 101 123 325 123 64 138 119 101 98 229 29 136 0 2 2 0 0 0 0 0 0 0 0 0 28 16 0 0 5 0 60 0 0 6 0 2 0 0 0 4 2 0 3 0 7 0 0 5 0 0 0 44 0 1 0 0 0 0 0 0 0 0 0 0 0 0 0 0 0 0 0 0 16 43 0 40 30 0 0 9 57 31 32 43 0 24 0 10 12 0 0 18 1 0 0 0 0 0 0 0 0 0 0 0 1 0 0 0 0 0 0 0 20 0 0 0 2 0 9 0 2 0 0 0 0 0 0 4 4 5 0 0 0 0 2 0 2 0 1 0 0 0 0 5 0 0 0 0 0 13 0 0 25 9 21 14 39 7 15 15 1 59 27 11 0 0 3 25 0 8 0 35 19 0 0 0 0 0 1 0 0 0 0 0 15 9 0 0 0 0 31 1 0 0 0 0 0 0 0 0 0 0 0 0 0 0 0 0 0 0 0 11 0 0 0 0 0 0 0 0 0 0 0 0 0 0 0 0 0 120 1 0 0 14 0 0 0 0 0 0 0 0 0 0 0 0 0 0 0 0 0 0 16 0 0 0 0 21 0 0 0 0 
 3 6 3 3 5 3 3 3 89 3 3 9 3 3 3 3 10 3 3 3 44 296 58 0 91 439 147 91 152 552 292 122 134 73 154 137 126 266 205 348 55 63 0 0 0 0 25 0 0 0 0 0 65 0 0 23 1 0 125 0 0 0 0 2 0 0 0 34 2 0 3 0 3 26 0 0 0 0 0 0 0 0 0 0 0 0 0 0 0 2 0 0 0 0 0 0 0 0 0 0 0 16 0 0 11 15 19 21 27 0 7 0 0 0 9 0 1 46 1 0 16 0 1 0 0 0 0 9 0 0 0 0 0 9 12 1 8 0 44 4 0 0 0 8 0 0 0 9 0 0 0 0 0 0 2 0 0 1 0 0 0 0 1 1 4 4 5 2 2 2 0 0 0 0 0 5 0 0 0 0 0 8 8 28 19 12 11 12 13 0 10 0 0 2 0 13 15 9 0 0 15 0 0 0 0 0 10 27 0 0 0 14 42 11 9 0 2 0 27 0 0 0 0 0 0 0 0 0 0 0 0 0 0 12 0 0 0 0 0 0 0 0 16 0 0 0 0 0 0 0 0 0 0 0 13 1 0 1 0 2 1 12 0 1 0 0 18 0 0 0 0 0 0 0 0 0 0 0 0 0 0 5 0 0 0 0 13 0 0 0 
 4 5 4 1 2 3 3 39 3 1 1 3 3 3 3 2 3 3 2 8 35 84 82 91 0 316 51 87 72 95 149 46 80 72 92 145 117 47 76 95 5 113 2 0 0 0 1 3 0 3 0 2 65 88 135 123 1 65 92 39 3 0 0 2 2 2 0 0 2 0 3 15 7 0 0 0 0 0 0 0 0 1 0 0 0 0 0 0 0 0 0 0 0 0 0 0 0 0 0 0 0 0 0 17 27 30 0 0 12 8 1 22 0 1 0 0 2 0 0 14 11 30 18 0 0 0 6 15 12 1 0 0 12 1 10 14 7 55 50 2 0 0 0 0 2 0 2 0 2 0 0 0 0 0 0 5 0 8 0 0 0 0 0 0 2 0 1 0 0 0 0 0 0 0 0 7 0 8 0 0 0 0 0 0 0 0 4 0 1 7 0 0 0 0 0 3 0 15 0 0 2 68 32 0 0 0 15 27 10 0 7 0 0 18 1 8 9 20 12 33 0 0 0 0 0 0 0 0 0 0 0 0 0 0 5 8 0 0 0 0 0 0 0 0 21 0 0 0 0 0 0 0 0 0 14 0 1 87 0 1 3 14 0 1 0 12 0 0 0 0 0 0 0 0 0 0 0 0 0 0 0 1 0 0 0 0 0 0 0 0 
 0 3 0 0 2 0 0 0 0 0 1 0 0 0 0 0 4 0 0 3 43 72 84 439 316 0 33 32 48 107 207 132 39 54 261 146 448 135 49 55 62 60 0 0 0 0 64 35 0 3 0 0 120 131 66 64 2 9 123 4 0 1 0 2 0 0 0 4 2 0 3 0 7 0 0 6 0 0 0 0 0 0 0 0 0 0 0 0 0 2 0 0 0 0 0 0 0 0 14 0 0 2 1 15 3 63 0 1 15 8 3 27 0 0 0 0 0 0 2 0 1 23 16 0 0 0 13 16 19 0 0 0 25 23 16 1 4 0 22 36 1 0 0 11 0 0 3 0 1 0 0 0 0 0 2 4 0 5 0 0 0 0 0 0 0 0 2 2 2 2 0 0 0 0 0 6 0 0 0 11 0 2 0 0 1 0 1 0 0 15 0 1 0 0 0 0 0 9 0 0 28 2 33 0 0 0 23 18 16 0 0 0 13 14 10 10 2 0 22 42 0 0 0 0 0 0 0 0 0 0 0 0 0 0 0 0 0 0 0 0 0 0 0 0 0 0 0 0 0 0 0 0 0 0 4 0 0 43 0 12 8 14 18 0 0 9 0 0 2 0 0 0 0 0 0 0 0 0 0 0 0 0 0 0 0 0 0 0 0 0 
 5 4 4 7 38 77 5 3 4 3 3 6 5 5 4 4 4 6 3 5 354 167 67 147 51 33 0 118 83 113 289 100 177 263 200 256 31 37 308 75 0 0 0 0 2 0 2 0 0 2 2 12 0 0 0 2 0 0 0 0 0 0 0 2 0 0 0 0 2 2 3 0 3 6 3 3 0 0 2 0 0 0 0 0 0 0 0 0 0 0 0 0 0 0 0 0 1 0 0 0 0 15 54 25 3 0 46 13 1 0 65 40 27 9 10 9 0 24 32 19 0 0 0 0 0 0 0 0 0 0 0 0 0 0 0 0 0 0 0 0 0 0 0 0 0 0 0 0 0 3 0 0 0 0 0 0 0 0 0 0 0 12 0 26 18 0 0 0 0 0 0 0 0 0 0 0 0 0 0 0 14 15 44 11 0 13 0 8 25 11 0 0 9 33 8 2 10 14 0 1 0 0 0 52 0 0 0 0 0 0 0 0 0 0 0 0 0 0 19 7 0 0 0 0 0 0 0 0 0 0 0 0 0 0 0 0 0 0 0 0 0 0 0 0 0 2 0 0 1 0 0 0 0 0 11 2 0 0 87 0 4 2 0 0 0 2 1 0 0 0 0 0 0 0 0 0 0 12 0 0 0 0 0 0 0 0 0 0 0 0 
 0 6 0 104 0 79 0 0 0 0 0 82 0 0 0 1 10 2 0 0 66 229 118 91 87 32 118 0 126 212 125 182 122 101 78 130 112 65 259 60 0 1 0 0 0 0 0 0 0 0 0 1 0 1 0 0 1 0 63 9 0 0 0 1 0 0 0 0 2 0 3 58 3 0 5 0 0 3 0 0 0 0 0 11 0 2 0 0 0 0 9 14 0 0 0 0 0 5 0 0 16 10 25 15 20 23 0 18 21 16 23 16 0 0 29 8 30 16 11 17 0 0 0 0 0 0 0 0 0 0 0 0 10 0 0 0 0 0 0 0 0 0 0 0 0 0 0 0 0 20 0 0 0 0 0 0 0 20 1 0 0 0 4 0 18 0 1 0 0 0 0 3 0 0 0 0 0 0 0 0 23 32 8 0 47 18 19 1 17 7 18 7 12 0 12 25 0 5 7 11 0 0 0 5 0 0 0 0 0 0 0 0 0 0 0 0 0 0 33 0 0 0 0 0 0 2 0 0 0 0 0 0 0 0 0 0 0 0 2 0 0 0 0 0 0 0 0 0 0 0 1 0 0 0 22 2 2 3 76 1 2 43 0 0 0 0 0 0 0 0 0 0 0 0 0 0 0 0 0 7 0 0 0 0 0 2 0 0 0 0 
 0 0 0 0 37 3 0 0 0 0 0 1 0 0 0 76 3 3 0 0 225 73 101 152 72 48 83 126 0 536 419 181 244 108 310 413 153 108 76 498 0 0 0 0 1 2 0 2 0 0 62 8 31 0 0 7 2 2 129 0 8 4 0 3 0 0 0 0 2 1 3 0 36 0 0 2 65 2 0 0 0 0 0 0 0 0 0 0 0 0 0 1 0 0 2 0 0 0 0 0 1 9 23 15 22 14 9 5 33 22 19 31 0 23 11 0 18 31 13 2 15 0 0 0 0 0 2 11 0 0 0 0 4 2 0 0 0 0 28 5 0 0 0 0 0 0 0 0 0 0 0 0 0 0 0 0 10 1 0 0 0 0 0 0 17 16 7 0 0 0 0 0 1 0 0 0 0 0 0 0 1 54 19 21 19 20 11 0 11 38 9 4 0 18 0 9 17 9 0 1 18 0 0 9 0 0 2 62 0 1 0 9 41 13 0 0 0 2 79 0 0 0 0 0 0 0 0 0 0 0 0 0 0 0 0 0 0 0 0 2 0 0 0 0 0 0 0 0 0 0 0 0 0 2 8 1 1 2 0 0 0 12 0 0 0 0 0 0 0 0 0 0 0 11 0 0 0 0 0 0 0 0 0 0 2 0 0 0 0 0 
 1 0 1 0 80 2 0 3 0 5 0 0 80 0 0 0 0 0 0 0 321 44 123 552 95 107 113 212 536 0 83 160 163 154 109 383 94 347 161 248 0 0 0 0 2 0 0 0 0 0 0 0 0 0 0 0 0 0 62 4 51 0 0 3 0 0 0 0 2 0 3 0 3 2 0 0 0 0 2 0 0 0 0 0 2 0 0 0 0 0 0 0 0 0 0 0 0 1 0 0 0 31 7 2 12 13 20 31 14 39 12 31 0 0 4 0 45 24 0 0 5 0 0 0 0 0 17 15 0 0 0 0 21 19 0 0 0 0 0 18 0 0 0 15 0 0 0 0 0 0 0 0 0 0 0 0 0 2 0 0 0 0 2 0 4 2 5 0 0 0 43 0 0 7 0 1 0 0 0 0 6 11 16 11 76 56 10 27 13 0 26 7 0 0 0 18 19 29 0 4 1 0 0 0 0 0 0 0 0 0 0 0 30 2 3 0 0 0 8 0 0 0 0 0 2 0 0 0 0 2 0 0 0 14 0 0 0 0 0 0 0 0 18 0 0 0 0 0 0 0 0 0 0 0 8 0 0 8 0 3 76 2 0 0 0 0 23 0 0 0 0 0 0 0 0 0 1 0 0 0 0 6 0 0 0 0 18 0 0 0 
 0 6 0 0 0 0 0 3 0 0 0 2 0 0 0 0 0 2 0 5 41 265 325 292 149 207 289 125 419 83 0 43 35 467 318 107 434 71 116 179 21 62 0 0 0 0 30 0 0 0 0 0 143 11 0 0 0 0 25 1 0 3 0 2 0 0 27 0 2 0 3 0 3 0 0 4 0 0 0 0 0 0 2 0 16 0 0 0 0 0 0 0 0 0 0 0 0 0 0 0 21 14 13 18 9 16 17 12 29 12 39 16 0 21 12 18 0 10 0 0 0 1 1 0 0 0 0 0 0 0 0 0 10 12 25 0 26 0 15 0 0 0 0 0 0 0 0 0 0 0 0 0 0 0 0 5 8 5 2 0 58 0 0 0 3 7 1 0 0 0 0 0 0 0 0 8 0 0 0 0 0 25 16 18 27 7 20 26 15 18 23 13 0 0 10 6 0 7 0 0 28 0 0 0 0 0 7 15 0 0 20 1 14 0 0 0 0 0 26 56 0 0 0 0 0 0 0 0 0 0 0 1 0 0 2 0 0 0 0 0 0 0 0 0 0 0 0 0 0 0 0 0 0 0 8 0 2 80 73 0 1 10 0 0 0 0 0 0 0 0 0 0 0 0 0 0 13 0 0 0 0 0 0 0 0 6 0 0 0 0 
 1 3 0 0 0 2 2 1 0 0 0 0 1 0 0 0 0 1 0 1 22 112 123 122 46 132 100 182 181 160 43 0 45 115 74 187 114 158 42 29 0 0 1 0 2 1 0 0 0 0 0 0 3 0 61 0 1 0 20 6 0 0 0 2 2 2 0 0 3 0 3 0 3 0 0 0 0 0 0 0 0 0 0 0 0 0 0 0 2 0 0 0 0 0 0 0 0 0 0 0 0 19 7 8 1 0 0 0 20 25 0 1 0 0 11 0 36 0 0 9 8 10 0 0 0 0 19 23 0 0 0 0 11 10 0 0 0 0 10 25 0 0 0 0 0 0 0 0 0 0 0 2 0 0 0 0 0 0 0 0 0 0 2 0 3 0 7 0 0 0 0 1 0 0 0 0 0 4 0 0 0 0 12 0 25 33 0 0 0 0 0 25 0 0 0 8 15 7 0 0 0 11 6 0 0 0 0 0 0 0 10 0 9 0 0 0 0 0 6 0 0 0 14 0 0 3 0 1 0 0 0 2 0 0 0 0 0 2 0 0 0 0 0 0 0 0 0 0 0 0 0 0 0 0 5 2 0 74 1 0 1 0 0 0 0 0 0 0 0 0 0 0 0 0 0 0 0 0 0 0 0 8 0 0 0 0 0 0 0 0 
 39 2 0 20 74 0 3 0 0 0 0 101 1 0 0 0 0 3 3 3 399 237 64 134 80 39 177 122 244 163 35 45 0 260 197 106 109 66 115 480 0 0 0 0 0 0 63 0 0 0 0 10 0 0 0 0 0 34 0 0 0 2 4 2 0 0 2 0 2 0 7 0 3 2 0 5 0 0 0 0 0 0 0 0 8 11 0 0 0 0 15 0 0 0 0 0 0 0 1 0 0 86 1 0 0 2 44 12 0 0 19 0 13 0 7 0 0 29 16 13 0 0 0 0 0 0 2 0 0 0 0 0 0 0 0 0 0 0 0 0 0 0 0 0 0 0 0 0 0 6 0 0 0 0 0 0 0 0 0 0 0 6 0 4 29 29 0 0 0 0 0 24 0 0 0 0 2 0 0 0 1 15 41 12 9 0 0 0 30 1 11 0 16 22 15 11 25 18 0 0 0 0 0 11 0 0 0 0 2 0 0 0 0 0 0 0 0 0 0 0 0 0 0 0 0 0 0 0 0 0 0 0 0 12 0 0 0 0 0 0 0 0 0 0 0 0 0 0 0 0 0 0 0 0 4 2 0 0 41 1 2 0 0 0 0 0 9 0 0 15 0 0 0 0 0 0 0 0 0 0 0 0 0 0 0 0 6 0 0 0 
 4 2 1 77 26 0 0 0 0 0 0 148 0 0 0 1 0 1 0 0 349 48 138 73 72 54 263 101 108 154 467 115 260 0 671 80 191 314 111 390 0 0 0 0 0 0 0 1 0 0 0 0 0 3 0 0 0 0 64 1 0 0 48 3 0 0 0 44 2 0 3 55 3 0 4 0 0 2 0 0 0 2 0 37 0 8 0 0 0 0 11 13 0 0 34 0 0 0 30 0 13 14 13 12 12 0 0 39 17 8 21 7 0 3 33 15 10 13 0 27 7 0 0 0 0 0 0 0 0 0 0 0 0 0 0 0 0 0 0 0 0 0 0 0 0 0 0 0 1 0 1 0 0 9 0 0 0 0 0 0 0 2 1 0 10 2 0 0 0 0 0 9 0 0 0 0 0 0 0 0 32 0 41 0 0 0 9 14 0 21 11 7 0 11 15 18 31 11 17 21 0 0 0 0 0 0 0 0 0 0 0 0 11 0 0 0 0 48 0 2 0 0 0 0 0 0 0 0 0 0 0 0 0 0 0 0 0 0 0 0 0 0 0 0 0 0 0 0 10 0 0 0 0 0 2 0 3 78 147 2 0 2 0 0 0 0 0 0 0 0 0 0 0 0 0 0 0 15 0 0 0 0 0 0 0 0 0 0 0 0 
 0 0 0 91 128 0 0 0 0 0 0 72 0 0 0 0 3 0 0 0 151 147 119 154 92 261 200 78 310 109 318 74 197 671 0 166 162 157 276 269 0 204 204 0 0 0 0 0 0 0 0 2 65 0 0 0 0 0 63 0 0 0 0 3 0 0 0 0 2 0 6 0 3 0 0 8 0 0 0 0 0 0 0 11 0 6 0 0 0 0 0 0 0 0 0 0 0 0 0 0 1 0 12 0 0 0 19 0 25 21 18 21 11 18 2 0 0 26 19 7 6 0 0 0 0 0 0 15 0 2 0 0 0 0 0 0 0 0 0 0 0 0 0 0 0 0 0 0 3 0 0 2 0 0 0 0 9 0 0 0 0 0 0 2 10 7 0 0 0 0 0 8 0 0 0 0 0 0 0 0 2 11 23 12 0 18 0 10 28 30 0 0 0 44 22 10 49 19 0 0 21 0 0 13 0 0 0 0 0 0 0 1 10 0 0 0 0 0 4 9 0 0 0 0 0 0 0 0 0 0 0 0 0 0 0 0 0 0 0 0 0 0 0 0 0 0 0 0 0 0 0 0 0 0 10 0 2 1 2 2 1 0 0 0 0 0 0 0 0 0 0 0 0 0 0 0 0 0 0 0 0 1 0 1 0 0 0 0 0 0 
 2 0 61 0 0 0 0 3 2 0 0 0 0 1 0 0 0 2 0 0 252 172 101 137 145 146 256 130 413 383 107 187 106 80 166 0 440 51 119 588 0 0 0 0 0 0 0 0 0 0 1 0 3 0 0 0 1 0 144 2 0 0 0 1 0 0 2 0 2 1 3 0 7 32 0 0 0 0 2 1 0 0 0 0 0 0 0 0 0 0 0 0 0 0 0 0 0 0 0 0 0 2 0 0 11 14 0 20 9 33 19 1 0 0 22 14 21 18 0 0 6 0 14 16 0 0 3 9 0 0 0 1 10 1 0 0 0 0 0 0 0 0 0 0 0 0 1 0 0 0 2 0 0 0 0 1 0 8 0 0 0 0 0 0 0 15 0 0 0 0 0 0 0 0 0 0 8 0 0 35 0 18 7 12 43 33 10 0 9 8 12 31 17 13 0 0 29 19 0 0 0 0 0 1 0 0 0 0 0 0 0 0 11 0 0 0 0 0 53 2 0 0 0 17 0 0 0 0 0 0 0 0 0 15 0 0 0 0 0 0 0 0 0 0 0 0 0 0 0 0 0 0 0 0 2 0 2 75 75 0 3 12 0 0 0 0 29 0 0 0 0 0 0 0 0 0 0 0 0 0 0 0 0 0 0 0 21 0 0 0 
 0 4 1 211 0 0 0 3 0 0 2 0 0 0 0 2 0 2 0 2 238 73 98 126 117 448 31 112 153 94 434 114 109 191 162 440 0 228 44 83 3 2 0 0 0 0 0 0 0 2 0 0 30 14 0 0 0 0 99 0 0 29 0 3 0 0 0 2 2 0 3 0 7 0 0 2 0 0 0 0 0 0 0 0 0 0 0 0 0 0 0 0 0 0 1 0 0 0 0 0 16 25 0 39 32 0 0 9 67 41 37 45 1 32 13 10 0 2 0 18 8 0 2 11 0 0 0 12 0 0 0 0 2 12 0 0 0 0 0 0 0 0 0 0 0 0 4 0 3 17 0 0 0 0 0 7 9 10 0 0 0 2 0 0 0 0 0 6 0 0 0 4 0 0 0 0 0 0 0 0 7 11 48 0 1 1 15 3 0 20 0 0 0 1 0 0 24 14 0 19 13 0 0 0 0 0 5 0 0 10 0 0 32 11 0 0 0 0 34 32 0 0 0 0 0 0 0 0 0 0 0 0 0 0 0 0 0 0 0 0 0 0 0 0 0 0 0 0 0 0 0 0 0 0 4 2 1 52 73 1 3 17 0 0 0 4 0 0 0 0 0 0 0 0 0 0 0 0 0 0 0 0 0 0 0 0 0 0 0 0 
 3 11 3 3 100 3 3 3 75 3 3 28 3 3 3 5 6 3 3 3 45 36 229 266 47 135 37 65 108 347 71 158 66 314 157 51 228 0 58 186 3 0 0 0 0 0 9 102 1 0 0 0 92 11 0 3 0 0 0 0 0 1 0 3 0 0 0 0 3 1 3 2 3 0 1 4 1 0 1 0 0 0 2 0 0 31 0 0 0 0 0 0 0 0 0 0 0 0 0 0 16 0 0 41 40 0 1 5 20 0 15 50 0 18 0 16 12 23 0 18 0 0 0 0 0 0 10 0 0 0 0 0 26 22 27 0 0 0 0 18 0 0 0 0 0 0 0 0 0 0 0 0 0 0 0 0 10 0 0 0 0 0 4 1 0 56 1 0 0 0 0 3 0 0 0 0 0 0 0 0 10 17 21 0 14 41 7 52 6 14 0 11 0 8 11 0 6 14 0 22 30 0 1 0 0 0 0 0 0 0 0 2 1 1 0 0 0 0 30 8 0 0 0 0 0 0 0 0 0 0 0 1 0 0 2 0 0 0 0 0 0 0 0 0 0 0 0 0 0 0 0 0 2 0 15 0 2 4 2 2 3 0 0 0 0 0 0 2 0 0 0 0 0 0 0 0 0 0 0 0 0 13 0 0 0 0 0 0 0 0 
 2 90 2 6 77 60 3 3 76 77 75 75 2 2 2 3 5 101 77 6 131 181 29 205 76 49 308 259 76 161 116 42 115 111 276 119 44 58 0 177 0 0 0 0 0 0 0 0 0 0 0 1 0 0 0 0 0 2 0 0 0 0 0 8 11 0 0 1 2 0 3 57 13 10 3 0 1 0 0 0 0 0 0 22 14 17 0 6 0 16 12 1 0 0 0 0 0 10 0 0 11 23 7 0 0 0 0 13 0 0 0 0 11 0 0 10 0 11 9 1 0 0 0 0 0 0 0 0 0 0 0 0 0 0 0 0 0 0 0 0 0 0 0 0 0 0 0 0 0 0 0 0 0 0 1 0 0 0 0 0 0 0 0 5 0 1 0 0 13 8 1 0 7 0 0 2 33 13 0 0 6 0 0 35 9 0 11 8 0 0 24 1 29 8 10 12 24 11 13 1 0 0 0 0 0 0 0 0 0 1 0 23 0 0 0 0 0 0 0 0 0 0 0 0 0 0 0 0 0 0 0 0 0 8 0 0 0 0 0 0 0 0 0 0 0 0 0 0 0 2 0 0 0 0 1 0 2 0 0 2 0 2 0 0 0 0 9 0 0 0 0 0 0 0 0 0 9 0 0 0 0 0 0 0 0 12 10 0 0 0 
 0 0 0 1 56 1 2 0 0 0 2 72 0 0 0 0 0 0 0 2 227 338 136 348 95 55 75 60 498 248 179 29 480 390 269 588 83 186 177 0 0 0 0 0 0 0 0 0 0 0 0 0 0 9 0 0 6 0 10 0 0 0 0 2 0 1 0 0 2 0 6 0 3 5 0 1 4 0 0 0 0 0 0 2 0 6 0 0 0 0 0 0 0 0 0 0 0 0 0 0 17 40 0 12 11 0 3 29 21 28 43 0 15 9 2 10 0 40 0 18 0 0 0 7 0 0 0 0 0 0 2 0 0 0 0 0 0 0 0 0 0 1 0 0 0 0 0 0 2 0 0 0 0 0 0 0 0 0 0 0 1 8 0 6 0 0 0 0 0 0 0 0 0 0 0 0 1 0 0 0 2 0 54 3 57 0 28 17 18 21 13 14 9 45 10 1 62 41 0 27 0 0 0 0 0 0 0 0 0 8 0 0 0 0 0 0 0 0 0 0 0 0 0 0 0 0 0 0 0 0 0 0 0 12 0 0 0 0 0 0 0 0 0 0 0 2 0 0 0 0 0 0 0 0 19 2 0 22 80 2 2 0 0 0 0 0 27 0 0 0 0 0 0 0 0 0 0 0 0 0 0 1 0 0 0 0 17 0 0 0 
 0 0 0 0 0 0 0 0 0 0 0 0 0 56 0 0 0 0 0 0 0 0 0 55 5 62 0 0 0 0 21 0 0 0 0 0 3 3 0 0 0 205 92 45 30 246 383 127 113 38 248 67 130 82 189 38 43 239 257 69 0 0 2 0 0 1 4 0 0 13 0 7 0 0 0 0 4 1 50 0 0 0 0 0 0 0 0 0 0 0 0 0 0 0 0 0 0 0 0 0 0 0 0 11 0 1 0 0 0 2 0 11 0 0 0 0 0 0 0 0 0 7 32 0 0 9 0 0 11 0 21 0 11 8 25 8 28 9 15 0 0 0 0 0 4 1 14 0 4 0 0 0 0 0 20 1 0 2 13 3 0 0 0 2 1 4 1 0 2 0 0 0 0 0 0 9 0 0 0 0 0 0 0 19 0 3 0 0 0 7 6 0 0 0 0 0 0 24 0 0 26 0 0 23 11 0 35 22 4 16 13 9 8 0 26 2 2 0 0 15 0 0 1 0 1 0 0 0 0 0 0 0 7 0 2 0 0 0 9 30 0 0 0 0 0 0 0 0 0 0 0 7 1 0 0 0 0 0 1 0 0 0 0 0 67 0 2 1 0 0 0 0 0 9 0 0 0 0 0 0 0 0 0 0 1 0 0 27 0 0 
 0 0 0 2 0 3 0 0 0 0 0 0 0 0 0 0 0 0 0 0 0 0 2 63 113 60 0 1 0 0 62 0 0 0 204 0 2 0 0 0 205 0 391 287 92 41 219 127 60 29 35 83 79 110 60 73 392 46 118 51 0 0 4 0 0 1 7 0 0 3 0 3 51 1 0 51 1 0 51 0 0 0 0 0 0 0 0 0 0 0 0 0 0 0 0 0 0 0 0 0 0 0 0 0 0 14 0 0 0 0 0 0 0 0 0 0 0 0 0 0 0 0 19 6 29 30 0 0 9 3 34 0 0 1 10 12 28 43 0 0 0 1 0 0 13 0 0 0 0 0 0 0 1 0 0 0 1 0 0 0 0 0 0 0 0 0 0 0 0 0 0 0 0 0 0 6 0 0 0 0 9 0 0 0 0 0 0 0 0 2 0 0 0 0 0 0 0 0 0 0 36 0 0 12 1 14 8 20 20 16 17 16 11 0 0 15 0 4 0 10 1 0 1 0 0 0 0 0 0 0 0 0 6 0 10 0 0 0 2 1 0 0 0 0 0 0 0 0 0 0 0 6 45 2 0 0 0 0 0 0 0 0 68 2 74 12 0 0 0 0 0 0 0 0 0 0 0 0 0 0 0 0 0 0 0 0 0 0 0 0 
 0 0 0 0 0 0 21 0 0 0 3 0 0 0 0 0 0 0 0 0 4 23 2 0 2 0 0 0 0 0 0 1 0 0 204 0 0 0 0 0 92 391 0 550 150 168 128 137 223 234 183 140 59 33 155 185 163 98 29 26 0 0 0 12 0 0 61 1 0 0 0 0 23 0 3 6 0 0 67 51 0 0 0 0 0 0 0 0 0 0 0 0 0 0 0 0 0 0 0 0 0 0 0 0 0 0 0 0 0 0 0 0 0 0 0 0 0 0 0 0 0 22 0 32 0 36 0 0 13 19 0 12 0 0 21 29 16 0 18 0 14 0 7 1 0 0 64 10 2 8 0 0 0 0 0 1 0 10 0 37 0 0 0 0 0 0 0 0 0 6 0 0 0 0 0 0 8 0 0 0 0 0 1 0 0 0 0 0 0 0 0 0 0 0 31 3 0 5 0 0 0 0 0 34 27 2 0 0 18 14 2 32 0 0 7 0 15 23 0 0 0 1 16 0 0 0 28 0 0 0 0 22 23 0 25 20 0 11 18 1 0 0 19 0 0 0 0 0 0 0 0 2 0 0 0 0 0 0 0 37 0 0 7 0 1 2 20 0 0 0 4 0 0 0 0 0 0 0 0 0 0 0 0 0 20 13 0 0 0 0 
 0 0 0 0 0 3 0 4 0 0 0 0 0 0 0 0 0 0 0 0 0 0 0 0 0 0 0 0 0 0 0 0 0 0 0 0 0 0 0 0 45 287 550 0 321 54 67 280 85 75 211 112 45 294 267 70 467 59 256 125 0 51 0 0 0 0 53 0 0 0 0 0 78 0 0 0 0 0 112 51 0 0 0 0 0 0 0 0 0 0 0 0 0 0 6 0 0 0 0 0 0 0 0 0 0 0 0 0 0 0 0 6 0 0 9 0 0 0 0 0 7 0 10 6 5 4 0 8 7 4 79 27 0 0 0 3 3 8 0 0 0 0 7 0 0 0 0 0 0 0 13 0 5 15 10 10 0 0 33 0 0 0 0 0 0 0 0 0 0 0 0 0 0 0 0 0 0 0 0 0 0 0 0 0 0 0 0 0 0 0 0 0 0 0 0 0 0 0 0 0 0 0 10 0 17 13 0 0 12 16 0 23 0 12 43 13 35 17 0 0 12 14 10 48 0 0 0 15 0 0 0 0 24 0 0 10 0 6 21 3 4 0 0 0 0 0 0 0 0 0 0 9 0 0 0 0 0 0 0 2 0 0 3 64 67 2 0 0 2 0 0 0 0 0 0 0 0 0 0 0 0 0 12 0 0 0 0 0 0 0 
 2 4 2 3 2 2 2 2 2 2 2 2 2 2 2 2 2 4 2 11 0 0 0 0 0 0 2 0 1 2 0 2 0 0 0 0 0 0 0 0 30 92 150 321 0 245 56 339 201 226 217 45 65 74 91 160 366 272 471 63 0 51 0 0 0 0 0 0 0 1 0 47 50 3 2 5 1 0 9 102 0 0 0 0 0 6 0 0 0 0 0 0 0 0 0 0 0 0 0 0 0 0 0 0 0 0 0 0 0 0 0 0 0 0 0 0 0 0 0 0 0 0 0 7 8 17 0 0 7 0 13 14 0 0 0 1 11 20 0 0 10 13 20 0 8 0 7 0 0 0 0 0 11 10 0 0 3 0 0 5 0 0 0 0 0 0 0 0 0 0 0 0 0 6 7 0 0 0 1 0 0 0 0 0 0 0 0 0 0 0 0 0 0 0 0 0 0 0 0 0 0 0 0 4 0 19 0 0 1 8 0 11 0 0 0 1 10 20 0 0 12 9 10 10 0 0 0 0 0 10 0 0 28 1 8 12 0 7 6 3 0 0 11 0 0 0 0 0 0 0 0 10 0 0 0 0 0 0 0 1 0 0 54 0 3 2 0 0 1 0 0 0 0 0 0 0 0 0 0 0 0 0 0 0 0 0 0 0 0 0 
 0 0 0 0 30 0 12 0 0 0 0 0 0 0 0 0 61 0 1 0 0 0 0 0 0 0 0 0 2 0 0 1 0 0 0 0 0 0 0 0 246 41 168 54 245 0 239 38 146 193 89 213 47 37 42 172 359 277 36 45 7 54 0 0 21 5 103 0 0 0 11 0 50 55 51 0 0 2 2 51 0 0 0 0 0 0 0 0 0 0 0 0 0 0 0 0 0 0 0 0 0 0 0 0 0 0 0 0 0 0 0 0 0 0 0 0 0 0 0 0 0 0 0 13 27 21 0 0 10 3 0 16 0 0 0 19 0 30 0 0 0 12 18 0 10 1 11 22 0 6 0 0 3 25 13 35 2 0 10 0 0 0 0 0 0 0 0 0 0 0 0 0 0 0 0 0 0 0 0 0 0 0 0 0 0 0 0 0 0 0 0 0 0 0 0 0 0 0 0 13 0 0 0 10 8 0 0 0 44 0 0 5 0 0 0 0 0 0 0 0 27 0 2 31 0 0 15 17 0 0 0 0 10 0 55 19 0 0 1 0 22 0 0 0 0 0 0 0 0 0 0 9 0 0 0 1 0 0 0 13 0 0 66 0 0 1 0 0 1 0 0 0 0 0 0 0 0 0 0 0 0 0 0 0 0 0 0 0 12 0 
 0 2 0 2 0 0 0 0 0 0 4 0 0 0 0 0 0 0 0 3 0 0 0 25 1 64 2 0 0 0 30 0 63 0 0 0 0 9 0 0 383 219 128 67 56 239 0 84 68 28 34 49 279 204 96 111 53 130 62 66 0 0 0 2 0 19 6 0 0 0 0 0 0 0 0 0 0 0 0 0 0 0 0 0 0 0 13 0 0 0 0 0 0 0 0 0 0 0 0 0 0 0 0 0 0 2 0 0 0 0 0 0 0 0 0 0 0 0 0 0 0 20 53 0 8 0 5 0 0 1 0 0 7 39 25 23 15 0 23 0 0 0 0 0 0 0 9 0 2 0 0 0 0 0 0 0 0 0 10 0 0 0 0 0 4 5 3 0 0 0 0 0 0 0 0 5 0 0 0 0 0 0 0 21 0 11 0 0 0 0 7 0 0 0 0 0 0 0 0 0 9 0 1 16 11 0 19 35 24 0 21 17 23 0 9 5 8 8 0 35 0 0 0 0 0 0 0 0 0 0 0 0 0 0 0 0 0 0 8 6 0 0 0 0 0 0 0 0 0 0 0 0 0 0 0 0 0 0 0 0 0 0 0 1 1 2 0 1 0 3 0 0 0 0 0 0 0 0 0 0 0 0 0 0 12 0 0 10 0 0 
 0 0 0 0 0 0 1 0 0 0 0 0 0 0 0 0 3 0 0 0 0 0 0 0 3 35 0 0 2 0 0 0 0 1 0 0 0 102 0 0 127 127 137 280 339 38 84 0 160 94 279 94 422 601 46 92 242 61 51 129 0 26 2 0 0 0 2 0 0 0 0 0 65 53 0 0 0 0 26 0 0 0 0 0 0 0 0 0 0 0 0 0 0 0 0 0 0 0 0 0 0 0 0 0 0 10 0 0 0 0 0 9 0 0 0 0 0 0 0 0 0 30 1 10 1 19 5 7 51 32 13 17 24 19 6 32 57 17 0 33 27 0 0 0 0 0 33 0 0 0 0 0 0 0 0 0 0 20 0 34 0 0 0 0 0 0 0 0 0 8 0 0 0 0 0 0 0 0 0 0 0 0 0 0 0 0 0 0 0 0 0 0 0 0 0 0 0 0 0 0 15 14 17 36 2 20 6 38 33 16 0 0 0 75 7 0 29 17 0 22 0 0 0 0 7 0 0 0 0 0 0 0 3 0 1 0 6 0 0 9 0 0 3 0 0 0 0 0 0 0 0 8 0 2 0 0 0 0 0 2 0 0 0 0 2 0 2 0 0 0 18 0 0 0 0 0 0 0 0 0 0 0 8 0 0 0 0 0 0 0 
 0 0 0 0 69 3 21 3 0 0 0 0 0 0 0 0 3 0 1 0 0 0 0 0 0 0 0 0 0 0 0 0 0 0 0 0 0 1 0 0 113 60 223 85 201 146 68 160 0 119 110 163 110 189 152 117 172 70 61 61 0 0 0 0 4 1 5 0 0 0 0 0 53 0 0 7 0 0 58 3 0 0 0 0 0 0 0 0 0 0 0 0 0 0 0 0 0 0 0 0 0 0 0 0 0 0 0 0 0 0 0 0 0 0 0 0 0 0 0 0 0 20 4 6 23 56 0 2 18 8 5 9 0 0 6 20 8 15 1 0 19 0 0 0 0 0 38 0 0 0 0 0 9 1 0 1 4 1 10 29 0 0 0 0 0 0 0 0 0 2 0 0 34 0 0 0 0 0 0 0 0 0 0 0 0 0 0 0 0 0 0 0 0 0 0 0 0 0 0 0 0 0 3 27 39 1 4 0 1 14 8 12 0 0 10 0 32 9 0 0 0 2 1 0 0 0 10 0 0 0 0 0 0 0 21 0 0 1 26 18 0 0 23 0 0 0 0 1 1 32 0 3 0 1 0 0 1 0 0 11 0 0 64 0 1 0 0 0 0 0 0 0 0 0 0 0 0 0 0 0 0 0 2 0 12 0 0 19 0 0 
 0 0 0 0 63 0 21 2 0 0 0 0 0 0 0 0 0 0 0 2 0 0 0 0 3 3 2 0 0 0 0 0 0 0 0 0 2 0 0 0 38 29 234 75 226 193 28 94 119 0 225 179 277 75 85 215 245 38 62 89 0 0 0 0 0 0 1 0 0 0 0 0 75 2 0 0 0 0 78 51 0 0 0 0 0 0 0 0 0 0 0 0 0 0 0 0 0 0 0 0 0 0 0 0 0 4 0 0 0 0 0 0 0 0 0 0 0 12 0 0 2 15 0 16 19 20 0 0 6 0 1 26 0 0 2 15 0 32 2 0 17 0 0 0 0 0 33 0 0 0 0 0 9 8 0 1 1 1 0 31 0 0 0 0 0 0 0 0 0 1 5 0 0 0 0 0 0 0 0 0 0 0 0 0 0 0 0 0 0 0 0 0 0 0 0 0 0 0 0 0 0 5 0 21 12 18 0 2 10 14 0 18 0 0 0 15 14 12 0 3 22 9 1 18 0 0 25 0 0 0 0 0 0 0 16 4 0 0 22 0 0 0 27 0 0 0 0 0 0 0 0 19 0 0 0 0 0 0 0 25 0 0 67 0 0 1 0 0 0 0 54 0 0 0 0 0 0 0 0 0 0 0 0 0 0 15 0 0 0 0 
 3 6 3 3 3 3 3 2 3 2 3 3 3 3 3 4 3 3 4 5 0 0 0 0 0 0 2 0 62 0 0 0 0 0 0 1 0 0 0 0 248 35 183 211 217 89 34 279 110 225 0 180 53 62 57 99 240 55 102 65 0 54 0 0 0 0 55 2 0 0 0 1 51 58 0 0 2 4 25 78 0 0 0 0 0 0 0 0 0 0 0 0 0 0 0 0 0 0 0 0 0 0 0 0 0 0 0 0 0 0 0 0 0 0 0 0 0 0 0 0 0 12 0 22 4 16 0 0 16 20 0 27 0 0 0 0 0 19 18 0 0 0 18 0 0 1 16 0 0 6 3 0 3 19 14 7 0 0 11 15 0 0 0 0 0 0 0 0 0 6 0 0 0 0 0 0 0 0 0 0 0 0 0 0 0 0 0 0 0 0 0 0 0 0 0 0 0 0 0 0 0 22 2 9 1 26 0 0 6 4 5 18 0 0 0 0 0 0 0 0 39 25 12 27 0 0 2 9 0 13 0 0 8 0 61 10 0 8 48 1 0 0 1 0 0 1 0 0 0 0 0 7 0 0 0 0 0 0 0 0 0 0 64 0 0 1 2 4 0 0 0 0 0 0 0 0 0 0 0 0 0 0 0 0 5 0 0 0 0 0 
 0 0 63 8 40 1 21 0 71 0 5 67 0 0 0 65 0 3 0 0 6 1 0 0 2 0 12 1 8 0 0 0 10 0 2 0 0 0 1 0 67 83 140 112 45 213 49 94 163 179 180 0 38 43 44 390 114 74 51 33 0 51 0 0 0 0 1 0 0 0 0 0 28 0 0 0 0 0 67 1 0 3 0 0 9 13 0 0 0 13 32 18 0 0 1 0 0 0 0 0 0 0 3 0 0 0 10 16 0 0 0 1 0 2 0 0 3 0 7 0 0 15 0 6 6 11 0 0 21 9 0 10 0 0 0 24 0 20 0 0 0 0 0 0 0 0 9 0 0 0 0 0 0 1 0 0 3 1 0 19 0 0 0 0 6 19 0 0 0 9 0 30 0 0 0 0 0 0 0 0 0 6 0 4 0 0 0 0 7 3 0 0 0 17 10 0 5 3 19 0 0 0 0 29 10 10 0 0 0 0 0 12 0 0 0 0 0 0 0 0 0 20 0 0 0 0 16 0 0 0 0 0 0 0 1 0 0 0 17 0 0 0 27 0 0 0 0 0 66 0 15 5 0 2 0 0 0 1 0 27 0 2 0 0 1 1 2 0 4 0 35 0 0 0 0 0 0 0 0 7 0 1 0 0 0 0 0 0 1 0 
 0 0 0 1 0 0 0 0 0 0 0 0 0 0 0 0 2 2 65 1 0 0 28 65 65 120 0 0 31 0 143 3 0 0 65 3 30 92 0 0 130 79 59 45 65 47 279 422 110 277 53 38 0 173 124 264 239 28 245 65 0 7 0 0 6 3 0 0 0 0 4 0 6 0 0 9 0 0 0 0 0 0 0 0 0 0 0 0 0 0 0 0 0 0 0 0 0 0 0 0 0 0 0 0 9 10 0 0 5 0 19 25 0 19 0 0 0 20 0 0 0 0 13 0 0 0 33 0 0 0 0 0 25 16 11 1 27 0 4 21 0 0 0 0 0 0 0 0 0 0 0 0 0 0 0 0 5 0 0 0 0 0 0 0 0 1 0 0 0 0 0 0 0 0 0 4 0 0 0 0 0 9 0 0 0 47 0 0 0 21 0 7 0 0 0 0 0 0 0 0 59 0 23 0 0 0 12 0 0 1 0 0 32 15 0 0 10 16 33 13 0 0 0 0 0 0 0 0 0 0 0 0 0 0 0 0 0 0 0 0 0 0 0 0 0 0 0 0 0 0 0 8 0 0 0 0 0 0 0 0 0 0 1 0 2 31 0 0 0 0 0 0 0 0 0 0 0 0 0 0 0 0 0 0 0 0 0 0 0 0 
 34 0 0 0 0 0 0 0 0 0 0 0 0 0 0 0 3 0 0 0 0 2 16 0 88 131 0 1 0 0 11 0 0 3 0 0 14 11 0 9 82 110 33 294 74 37 204 601 189 75 62 43 173 0 150 277 36 90 424 564 0 0 0 0 50 27 6 0 3 0 0 1 0 0 0 0 5 0 0 0 0 0 0 15 0 0 0 0 0 0 0 0 0 0 0 0 0 0 0 0 6 7 0 11 0 17 0 0 5 5 9 12 0 0 5 4 0 5 0 0 13 6 38 0 13 0 18 0 13 0 0 0 24 24 9 13 7 13 6 0 0 0 0 0 0 0 3 0 4 0 0 0 0 0 0 2 0 0 0 0 0 0 0 0 0 0 0 0 0 0 0 0 0 0 0 56 0 0 10 0 0 0 3 12 0 2 7 6 0 19 6 18 0 0 0 0 0 1 0 0 12 0 30 0 11 0 48 1 0 0 16 21 0 28 4 13 62 0 0 28 0 0 0 0 0 0 0 0 0 0 0 0 11 0 7 0 0 0 0 0 0 0 0 0 0 0 0 0 0 0 0 13 0 2 0 0 0 1 4 0 0 0 2 2 0 14 0 67 0 0 0 0 0 0 0 0 0 0 0 0 0 0 0 0 0 12 0 0 0 0 
 2 2 2 2 2 2 2 4 2 2 2 2 2 2 2 2 2 2 2 2 0 0 0 0 135 66 0 0 0 0 0 61 0 0 0 0 0 0 0 0 189 60 155 267 91 42 96 46 152 85 57 44 124 150 0 58 123 43 164 194 2 2 0 5 0 0 0 3 0 0 0 0 4 0 3 5 0 0 0 0 0 0 0 0 0 0 0 0 0 0 0 0 0 0 0 0 0 0 0 0 0 0 0 13 1 13 0 0 0 0 0 0 0 0 0 0 0 0 0 0 7 18 12 0 0 1 3 9 0 0 19 0 10 0 13 0 13 4 13 11 6 0 3 3 0 0 20 0 0 3 0 0 0 0 0 0 6 0 9 0 0 0 0 0 0 1 0 0 0 0 0 0 0 0 0 1 0 0 0 0 0 0 0 1 0 13 0 0 0 0 1 0 0 0 0 0 0 0 0 0 8 10 40 20 4 0 44 1 0 0 15 0 25 0 15 0 27 17 6 12 1 0 0 0 0 0 0 0 1 0 0 5 1 0 5 9 2 4 9 0 0 0 0 0 0 0 0 0 0 0 0 11 0 0 0 0 0 16 0 0 0 0 0 69 4 76 0 0 0 0 5 0 0 0 0 5 0 0 0 0 0 0 0 0 29 0 0 10 0 0 
 0 0 0 0 0 3 13 0 0 0 0 4 0 0 0 0 0 3 0 2 0 0 0 23 123 64 2 0 7 0 0 0 0 0 0 0 0 3 0 0 38 73 185 70 160 172 111 92 117 215 99 390 264 277 58 0 353 68 103 432 1 0 0 25 0 6 57 0 11 0 0 0 50 0 0 0 8 0 2 1 0 0 0 0 0 0 0 0 0 0 10 0 0 0 0 0 0 0 0 0 0 0 0 0 9 12 0 0 0 0 0 0 0 0 0 0 0 0 0 0 18 0 22 18 66 34 29 0 32 0 3 3 13 11 10 45 0 28 0 1 0 0 0 1 0 0 19 19 0 0 0 0 5 22 0 0 3 0 0 0 0 0 0 0 0 0 0 0 0 0 0 0 0 7 0 0 0 0 0 0 0 0 0 0 0 0 0 0 0 0 0 0 0 0 0 0 0 0 0 0 11 0 16 14 42 0 9 1 0 0 9 38 0 10 0 10 6 0 0 16 0 0 0 0 0 0 26 0 0 0 0 0 0 0 20 0 0 0 0 4 0 0 0 0 0 0 0 0 0 0 0 17 0 1 0 0 0 0 0 7 0 0 69 0 0 3 1 83 0 0 0 0 0 0 0 0 0 0 0 0 0 0 0 0 2 10 0 0 0 0 
 3 8 3 3 4 3 3 3 3 3 3 3 3 3 3 7 3 6 3 3 0 0 5 1 1 2 0 1 2 0 0 1 0 0 0 1 0 0 0 6 43 392 163 467 366 359 53 242 172 245 240 114 239 36 123 353 0 75 41 115 0 0 0 0 0 1 0 0 0 0 3 0 46 0 0 0 51 6 8 62 0 0 0 0 0 0 0 0 0 0 0 0 0 0 0 0 0 0 0 0 0 0 0 0 0 0 0 0 0 0 0 0 0 0 0 0 0 0 0 0 8 0 0 15 0 42 0 12 1 2 9 9 0 0 0 0 0 20 0 0 0 0 0 0 0 0 0 0 0 1 9 1 0 3 0 0 11 0 23 4 0 0 0 0 0 0 0 0 0 0 0 0 0 0 0 0 0 0 0 0 0 0 0 0 0 0 0 13 0 0 0 0 0 0 0 0 0 0 0 0 0 0 12 0 0 27 0 0 22 3 3 24 0 16 42 14 0 18 0 0 39 17 17 0 0 0 1 0 0 6 0 0 26 0 19 9 0 10 14 0 0 0 21 0 0 0 0 0 0 0 0 7 0 0 0 0 0 0 0 1 0 0 6 63 1 2 0 0 0 0 0 0 0 0 0 0 0 0 0 0 0 0 0 0 3 15 0 1 1 0 
 3 7 3 2 3 4 2 2 3 2 2 3 3 3 3 2 6 6 3 2 0 0 0 0 65 9 0 0 2 0 0 0 34 0 0 0 0 0 2 0 239 46 98 59 272 277 130 61 70 38 55 74 28 90 43 68 75 0 364 232 0 2 0 0 0 5 17 2 1 3 0 5 0 0 5 2 3 8 0 16 0 0 0 0 0 0 0 0 0 0 0 0 0 0 0 0 0 0 0 0 0 0 0 0 11 14 0 0 0 0 0 0 0 0 0 0 0 0 0 0 19 10 23 5 15 7 6 1 30 27 11 11 0 10 8 14 11 4 7 12 0 0 0 0 0 0 0 0 0 0 4 0 0 6 0 0 0 0 6 4 0 0 0 0 0 0 0 0 0 0 0 0 0 0 0 1 0 0 0 0 11 0 0 0 0 0 0 0 0 0 0 0 0 0 0 0 0 0 0 0 0 9 12 1 22 0 4 29 31 5 41 16 0 15 10 7 17 10 0 12 1 18 0 0 7 0 6 4 0 5 0 0 10 4 0 0 0 0 10 9 0 0 0 0 0 0 0 0 0 0 0 16 0 0 0 0 0 0 0 3 0 0 6 67 5 16 3 63 0 8 14 0 0 7 0 0 0 0 0 0 0 0 0 0 11 20 0 0 0 0 
 0 0 0 0 0 59 0 0 0 0 120 0 0 1 0 0 0 2 0 0 0 62 60 125 92 123 0 63 129 62 25 20 0 64 63 144 99 0 0 10 257 118 29 256 471 36 62 51 61 62 102 51 245 424 164 103 41 364 0 142 18 6 0 7 0 33 56 5 8 0 0 0 11 6 4 0 9 4 0 0 0 0 0 0 0 0 0 0 0 0 0 0 0 0 0 0 0 0 0 0 0 0 0 0 10 35 0 9 21 35 9 1 0 0 11 0 12 5 0 0 32 1 22 0 10 0 3 9 0 0 0 0 0 8 6 0 19 19 0 0 11 3 4 19 0 0 8 0 0 11 0 0 0 0 0 12 7 7 0 0 0 0 0 0 0 0 6 0 0 0 1 0 0 0 0 10 0 0 0 0 4 9 10 0 13 2 11 0 12 0 0 0 0 0 25 0 10 38 0 6 0 1 0 1 14 0 7 0 0 0 17 21 7 0 12 15 9 0 21 30 0 0 0 0 0 0 0 0 7 0 3 0 0 0 5 15 10 0 0 1 0 0 0 0 0 0 0 0 0 0 0 4 0 0 0 0 1 71 0 0 0 14 2 1 0 20 0 6 0 0 8 0 0 0 0 21 0 0 0 0 0 0 0 0 0 4 0 0 0 17 
 7 0 0 0 0 0 0 0 0 0 0 0 0 0 0 0 7 0 0 9 0 7 0 0 39 4 0 9 0 4 1 6 0 1 0 2 0 0 0 0 69 51 26 125 63 45 66 129 61 89 65 33 65 564 194 432 115 232 142 0 0 0 0 0 0 23 0 0 5 0 0 0 0 0 0 6 6 0 0 0 0 0 0 0 0 0 0 0 0 0 0 0 0 0 0 0 0 0 0 0 1 1 0 0 15 12 0 0 1 6 0 0 0 0 7 0 3 0 0 0 26 0 20 16 11 0 31 19 18 1 7 8 6 10 14 17 3 18 0 36 0 0 0 5 0 0 0 0 0 0 23 0 0 0 0 0 1 0 1 0 0 0 0 0 0 0 0 0 0 0 0 0 0 0 0 0 0 0 0 0 0 0 1 0 9 3 1 0 0 6 9 2 0 0 0 1 0 0 0 0 1 11 16 0 18 28 20 34 34 7 11 14 0 52 27 35 8 3 0 18 0 0 0 0 0 0 0 0 0 0 0 0 6 8 0 0 0 0 0 7 0 0 0 0 0 0 0 0 0 0 0 0 0 1 0 0 0 0 5 2 0 0 2 36 0 6 2 37 0 0 0 0 0 0 0 0 0 0 0 0 0 1 0 0 0 12 0 0 0 0 
 2 8 2 6 2 3 55 3 2 3 3 2 2 2 2 2 2 2 2 3 0 0 0 0 3 0 0 0 8 51 0 0 0 0 0 0 0 0 0 0 0 0 0 0 0 7 0 0 0 0 0 0 0 0 2 1 0 0 18 0 0 171 162 80 247 83 155 256 372 119 46 43 77 145 164 36 97 134 263 59 0 0 0 0 0 0 0 0 0 0 0 0 0 0 0 0 0 0 0 0 0 0 0 0 11 0 0 0 0 0 0 0 0 0 0 0 0 0 0 0 0 0 0 0 0 0 0 0 0 0 0 1 0 0 0 0 0 0 0 0 11 52 13 27 14 0 16 19 32 47 27 3 2 2 22 16 8 0 0 0 0 0 0 0 0 0 0 0 0 0 10 0 0 0 0 0 0 0 0 0 0 0 0 0 0 0 0 0 0 0 0 0 0 0 0 0 0 0 0 0 0 0 0 0 0 0 0 0 0 0 0 0 0 0 0 0 0 0 0 0 24 0 11 6 0 9 51 15 66 10 0 14 0 0 38 24 18 12 0 0 6 0 0 11 0 0 0 0 0 2 0 0 0 0 2 0 24 0 0 0 0 0 0 0 0 0 0 0 0 0 16 0 53 0 0 38 0 0 0 0 0 0 0 0 0 0 0 0 4 0 
