 0 501 299 138 25 21 166 52 257 121 46 259 149 224 235 471 140 109 132 231 3 0 0 0 7 0 76 0 0 2 3 2 0 0 0 0 0 0 0 0 0 0 2 0 0 0 0 0 0 2 0 0 0 3 0 0 1 0 0 0 0 2 0 2 3 2 2 0 3 0 0 0 2 0 0 0 2 0 3 0 29 7 1 2 0 0 13 10 0 1 10 27 10 20 79 1 26 17 16 32 0 20 0 0 0 0 0 0 1 0 0 0 0 12 0 0 0 0 0 0 0 0 0 0 0 0 1 0 0 0 0 0 0 0 0 0 0 0 0 0 0 0 0 0 0 0 0 0 0 0 0 0 0 0 0 0 0 0 0 0 15 54 16 17 12 0 15 36 17 62 6 0 17 16 17 0 24 10 16 43 0 0 9 0 0 0 0 0 0 0 0 0 0 0 0 0 0 0 0 0 1 0 0 0 0 0 0 0 0 0 0 0 0 0 0 0 0 0 0 0 0 0 0 0 0 0 0 0 17 0 0 0 0 0 0 0 0 0 20 0 0 16 0 0 0 0 2 0 1 1 0 8 0 0 2 0 0 0 0 0 0 0 0 0 0 0 0 0 0 0 0 0 0 0 0 0 0 0 0 0 0 0 0 0 0 0 0 0 0 0 
 501 0 86 77 32 16 184 200 46 283 288 140 106 259 377 62 34 411 44 272 3 0 0 0 2 0 3 0 9 2 3 0 141 0 1 0 1 0 0 0 0 0 2 0 0 0 2 0 3 2 0 0 0 5 0 0 0 0 0 10 0 2 0 2 4 4 2 6 2 0 0 0 0 0 49 0 3 0 4 0 21 62 39 34 14 0 18 0 0 16 22 12 0 32 18 10 32 2 14 2 0 0 0 0 0 0 0 0 0 0 0 0 0 17 0 0 0 0 23 0 0 1 0 0 0 0 0 0 0 0 0 0 0 1 0 0 0 0 0 0 0 0 0 0 0 29 4 0 0 0 0 18 0 0 0 0 0 0 0 0 0 46 21 31 10 0 15 19 29 0 13 0 5 15 32 12 37 9 0 23 0 0 0 9 0 0 0 0 0 0 0 21 23 0 0 0 12 0 0 0 0 0 0 0 0 0 0 0 0 0 0 0 0 0 0 0 0 0 0 0 0 0 0 0 0 16 0 0 0 0 0 0 0 0 0 0 0 0 0 0 0 0 0 0 0 0 1 0 0 102 18 11 15 0 2 0 0 0 0 0 1 0 0 0 0 0 0 0 0 0 0 0 0 0 0 0 15 0 0 0 0 0 0 0 0 0 0 0 0 0 
 299 86 0 172 39 139 69 390 311 58 141 133 46 251 75 155 109 355 39 135 3 2 0 0 2 0 0 3 0 107 3 0 4 1 0 1 1 2 2 0 0 0 2 9 0 0 0 0 60 3 4 57 0 2 2 0 0 0 0 0 0 2 0 6 3 2 2 0 3 3 0 0 0 0 0 0 3 32 3 0 21 0 25 11 0 33 0 37 46 23 20 6 0 7 0 9 44 26 0 18 0 0 0 2 0 0 20 0 0 0 0 0 15 11 0 0 1 14 24 38 0 0 0 1 0 0 0 0 0 0 0 0 0 0 0 2 7 0 0 1 0 0 0 0 0 11 0 0 0 1 0 1 0 3 0 0 0 0 0 0 7 15 20 24 0 0 8 0 31 28 11 5 11 0 5 24 19 11 1 20 0 3 0 0 0 0 2 2 0 0 0 0 0 24 21 0 0 0 49 1 0 0 0 0 0 0 0 0 0 0 0 0 0 0 0 0 0 0 0 0 0 0 0 0 0 0 0 0 2 0 0 0 0 0 0 0 0 0 3 0 0 0 0 0 0 0 88 0 0 0 21 10 0 0 2 0 0 0 0 0 0 0 0 0 0 1 0 0 0 0 0 0 0 0 0 0 21 1 0 0 0 0 0 0 0 0 0 0 0 0 
 138 77 172 0 183 118 94 305 545 191 227 74 42 87 611 450 130 46 81 38 5 0 1 0 0 0 148 0 75 2 3 207 78 73 0 8 0 0 128 73 0 0 2 4 0 0 2 0 0 4 6 0 2 3 0 0 0 1 0 1 0 9 2 2 3 6 5 0 3 0 0 2 0 0 0 0 1 58 3 0 14 9 19 22 15 25 0 8 8 0 14 11 0 0 3 26 14 56 0 0 0 20 2 0 0 2 0 4 0 0 0 0 33 14 0 2 16 2 16 11 0 15 0 7 0 0 0 0 0 0 0 1 0 0 0 0 0 0 0 0 0 0 2 0 0 0 0 0 0 1 5 0 0 0 0 0 0 0 2 0 35 1 9 8 66 0 15 14 9 23 12 10 0 0 0 1 1 0 0 2 0 3 0 1 0 0 18 0 0 0 0 0 0 11 11 27 9 1 20 18 29 0 0 0 0 0 0 0 0 0 0 0 0 0 0 0 0 0 0 0 0 0 0 0 0 0 0 0 0 0 0 0 0 0 0 0 10 0 0 0 0 0 0 0 0 3 11 0 91 0 1 23 2 0 0 0 0 0 0 0 0 15 0 0 0 0 0 0 0 0 0 0 0 0 0 17 0 1 0 0 0 0 0 0 0 0 0 0 0 0 
 25 32 39 183 0 180 39 52 172 88 249 76 70 50 170 150 153 271 62 269 99 63 97 0 0 0 27 78 43 2 5 1 65 78 74 1 153 0 73 2 65 6 2 10 0 0 0 0 0 2 2 0 3 2 0 0 0 0 57 0 0 21 0 2 2 2 2 0 2 0 0 0 2 0 2 0 4 7 3 0 0 0 0 0 3 3 0 0 8 0 14 0 0 0 0 14 0 11 0 0 0 44 14 10 0 0 5 21 0 0 0 3 89 11 49 79 25 18 66 10 0 0 0 0 0 0 0 0 0 0 0 0 0 0 0 0 7 0 0 0 0 0 0 1 1 0 0 0 0 1 1 0 0 0 6 0 0 0 0 0 0 0 2 0 0 33 4 0 0 0 8 13 0 0 0 0 0 0 0 0 19 0 25 1 0 0 49 37 13 10 0 0 26 0 84 24 18 0 34 34 0 0 0 0 0 0 0 0 0 0 0 0 0 0 0 0 0 0 0 0 0 0 0 0 0 0 0 0 0 0 0 0 0 0 0 0 0 19 0 0 0 0 0 0 0 4 1 0 3 1 2 8 2 0 0 0 0 0 0 0 2 15 0 0 0 0 0 0 0 0 0 0 0 0 3 22 0 0 0 0 0 26 0 0 0 0 0 0 0 0 
 21 16 139 118 180 0 51 126 146 198 71 66 336 357 141 84 52 230 46 53 39 0 73 0 0 73 4 2 80 8 3 0 1 94 38 44 128 18 17 100 0 0 2 0 0 0 2 0 114 2 0 0 0 5 0 0 0 0 0 0 6 17 0 4 2 4 2 2 2 0 0 58 0 0 0 0 3 1 3 0 0 12 0 11 0 14 0 15 3 17 7 15 0 0 0 17 0 23 0 0 0 11 41 0 16 0 0 9 0 0 0 0 11 23 0 0 22 47 21 23 0 0 0 8 0 0 0 0 0 0 0 0 0 0 0 0 0 0 0 0 0 0 0 0 0 0 0 0 0 0 0 0 0 1 0 0 0 0 0 0 8 9 37 7 13 0 0 7 30 15 8 25 0 0 0 0 15 1 17 11 0 2 1 30 0 0 64 11 34 7 0 0 60 10 10 16 0 0 0 7 0 0 0 0 0 0 0 0 0 0 0 0 0 0 0 0 0 0 0 0 0 0 0 0 0 0 0 0 0 0 0 0 0 0 0 0 0 0 0 0 0 0 0 0 0 0 8 0 1 9 14 6 4 0 0 0 0 0 0 0 0 0 0 0 0 0 0 0 0 0 0 0 0 0 0 65 14 5 0 0 0 15 0 0 0 0 0 0 0 0 
 166 184 69 94 39 51 0 328 69 44 144 134 281 183 73 135 206 27 276 38 3 0 0 0 73 0 2 0 0 2 3 1 0 61 0 0 0 0 0 0 0 0 2 0 0 0 0 0 61 2 0 0 0 2 0 0 0 0 0 0 0 2 1 2 3 2 2 0 3 0 0 0 44 0 0 0 3 0 3 0 19 9 50 30 16 29 9 0 20 4 15 0 10 49 39 9 34 0 0 0 0 0 0 0 2 31 0 2 0 0 0 0 0 0 2 0 0 0 21 0 0 0 0 0 0 0 0 0 0 0 0 0 0 0 0 0 0 0 0 0 0 0 19 0 0 30 26 0 0 0 0 0 0 0 0 1 0 0 0 0 13 18 0 0 13 3 17 35 15 0 0 0 0 14 33 73 5 7 23 26 0 0 0 0 0 0 0 0 0 1 0 0 0 0 0 0 0 0 0 0 0 22 1 0 0 0 0 2 0 0 0 0 0 0 0 0 0 0 0 1 1 0 0 0 0 0 0 0 0 2 0 0 0 0 0 0 2 0 0 0 0 0 0 0 0 0 0 0 2 96 2 14 0 0 0 0 0 0 0 0 0 0 0 0 0 0 0 0 0 0 0 0 0 0 0 0 0 0 0 0 0 0 0 0 0 0 0 0 0 0 
 52 200 390 305 52 126 328 0 264 127 42 42 104 202 291 143 187 142 77 45 3 0 1 5 0 1 1 0 0 2 3 0 1 0 0 0 0 0 0 0 0 0 2 7 0 0 0 0 0 2 8 0 0 2 0 0 3 3 0 0 0 2 0 2 3 2 2 2 3 0 0 0 0 0 0 0 3 46 3 0 2 12 39 41 0 22 0 34 20 40 47 13 0 20 7 32 3 13 0 0 0 0 0 0 2 0 10 1 0 0 0 0 13 10 2 0 0 0 20 15 0 0 0 0 0 0 0 0 6 0 0 0 0 0 0 0 0 0 0 0 0 0 0 0 0 1 0 0 0 0 0 0 0 2 0 1 0 0 0 0 5 15 11 20 0 12 9 11 51 0 8 0 0 0 7 30 0 11 0 0 0 0 0 0 0 0 0 0 0 2 0 10 13 0 0 0 0 0 0 0 0 0 1 0 0 0 0 2 0 0 0 0 0 0 0 0 0 0 0 0 1 0 0 0 12 0 0 0 0 2 0 0 0 0 0 0 1 0 0 0 0 0 0 0 0 0 1 0 2 3 15 11 3 0 0 0 0 0 0 0 0 0 14 0 0 0 0 0 0 0 0 0 0 0 0 0 16 0 0 0 0 0 0 0 0 0 0 0 0 0 
 257 46 311 545 172 146 69 264 0 265 552 129 58 217 248 110 88 222 226 143 3 0 0 2 0 0 1 0 0 2 3 0 90 74 0 0 0 0 0 74 0 0 2 0 0 0 0 2 0 2 7 0 0 2 0 0 27 0 0 0 4 2 0 2 3 2 2 0 4 1 0 0 0 0 0 0 3 2 3 2 1 10 21 0 13 43 0 19 42 7 41 9 11 0 13 67 0 2 0 0 0 0 0 0 0 0 11 1 0 0 0 0 19 0 0 0 0 0 10 56 0 0 1 0 0 0 13 0 0 0 0 0 0 0 0 0 0 0 0 0 0 0 4 0 0 1 0 0 0 4 13 0 0 6 0 0 0 0 0 0 15 0 15 14 24 15 23 2 1 22 0 9 0 15 1 34 11 10 0 1 8 11 0 0 0 0 0 0 0 0 0 0 17 0 0 9 0 0 11 1 0 0 0 0 0 0 0 0 0 0 0 0 0 0 0 0 0 0 0 0 0 6 0 0 0 0 0 0 0 0 0 0 0 0 0 0 0 0 0 0 0 0 0 0 0 0 1 0 47 2 2 8 13 0 2 0 0 0 0 0 0 0 1 0 0 0 0 0 0 0 0 0 0 0 0 13 0 10 0 0 0 0 0 0 0 0 0 0 0 0 
 121 283 58 191 88 198 44 127 265 0 348 263 225 83 141 198 190 101 105 81 3 0 0 0 0 2 2 0 0 4 7 74 59 37 0 0 0 0 2 35 0 0 2 0 0 0 0 0 0 2 0 0 0 3 0 0 1 0 0 2 3 5 0 2 4 2 2 0 3 1 1 0 0 0 0 0 1 0 3 0 20 9 0 16 15 20 18 11 18 10 28 39 6 16 13 9 0 25 10 0 0 0 10 0 0 0 12 0 0 0 0 0 0 0 0 0 0 9 0 30 0 0 0 0 0 2 0 0 0 0 0 0 0 0 0 0 0 0 0 0 0 0 8 0 0 0 0 0 0 7 0 0 0 15 0 0 0 0 0 0 0 33 26 6 15 10 15 41 12 11 0 8 0 0 14 12 12 0 0 12 16 27 0 0 0 0 11 3 0 0 0 0 24 1 0 11 0 0 10 0 0 0 0 0 0 0 0 0 0 0 0 0 0 0 0 0 20 0 0 0 0 0 2 0 0 0 0 0 0 0 15 0 0 0 0 0 0 0 0 0 0 15 0 0 0 2 1 0 3 0 0 8 1 0 0 0 0 0 0 0 0 0 0 0 0 0 0 0 0 0 0 0 0 0 0 29 3 19 0 0 0 0 0 0 0 2 0 0 0 0 
 46 288 141 227 249 71 144 42 552 348 0 426 30 188 286 125 87 217 18 56 78 72 0 0 1 0 0 0 0 2 3 0 221 1 0 2 1 0 2 0 0 0 2 6 1 0 0 0 0 2 9 0 0 2 0 0 0 0 0 0 5 2 0 3 1 2 2 6 2 0 0 0 0 0 1 0 3 44 3 0 0 6 5 26 0 57 21 1 0 0 1 1 0 0 11 14 43 15 0 0 0 14 1 1 0 0 4 0 0 0 0 0 4 1 0 0 11 0 0 52 0 0 0 2 0 0 0 0 0 26 0 0 0 0 0 0 0 1 2 2 0 0 0 0 0 0 6 0 0 0 0 2 0 0 0 0 0 0 0 0 0 0 18 30 4 16 15 3 16 0 1 23 0 0 11 0 33 31 2 0 0 0 10 9 0 3 2 1 0 0 0 0 30 17 12 2 0 0 16 13 0 0 0 0 0 0 0 0 0 0 0 0 0 0 0 0 0 0 0 0 0 0 0 0 0 0 0 0 1 0 0 0 0 0 0 0 0 0 0 0 0 0 0 0 0 1 46 1 2 1 4 6 11 0 1 0 0 0 0 0 0 0 0 0 0 0 0 0 0 0 0 0 0 0 0 0 0 0 0 0 0 0 0 0 0 0 0 0 0 0 
 259 140 133 74 76 66 134 42 129 263 426 0 258 353 197 443 176 530 33 375 3 2 0 0 0 0 267 34 74 2 3 0 27 110 74 1 0 209 0 21 0 0 2 0 0 0 0 0 0 2 0 0 0 2 0 2 4 0 0 0 0 2 32 2 3 2 2 0 3 0 0 0 0 0 0 0 3 0 3 0 0 3 0 0 0 0 12 0 12 1 1 15 0 0 7 20 24 2 16 13 0 14 0 0 0 0 11 0 0 0 2 0 2 12 0 0 10 9 0 14 0 0 0 0 0 0 0 0 0 0 0 0 0 0 0 0 0 0 0 0 0 0 0 0 0 0 0 0 0 0 0 0 0 0 0 0 6 0 0 0 0 10 11 33 0 5 16 0 0 17 0 11 22 11 7 1 34 27 0 23 14 10 17 0 0 0 20 0 0 0 0 0 0 12 33 17 0 0 20 10 0 0 0 0 0 0 0 0 0 0 0 0 0 0 0 0 0 0 0 0 0 0 0 0 1 0 0 0 0 0 0 0 0 0 0 0 0 0 0 0 0 19 0 0 0 5 9 0 4 89 1 9 0 0 0 0 0 0 0 0 0 0 15 0 0 0 0 0 0 0 0 0 0 0 0 0 2 0 0 0 0 0 0 0 0 0 0 0 0 0 
 149 106 46 42 70 336 281 104 58 225 30 258 0 404 31 35 144 27 238 65 36 0 0 2 0 0 1 0 0 2 3 0 0 0 0 0 28 0 0 0 0 0 2 0 1 0 0 0 0 2 0 0 0 2 0 0 0 0 0 0 0 2 0 3 1 2 2 0 2 0 0 0 0 0 1 0 3 0 3 14 24 0 19 4 29 0 61 0 2 0 0 3 29 23 11 0 16 0 26 0 0 0 0 0 0 0 0 0 0 0 0 0 0 0 0 0 0 0 0 0 0 0 6 0 0 0 0 0 0 0 0 0 0 0 0 0 0 0 0 0 0 1 0 0 0 18 0 0 0 0 0 0 0 0 0 0 0 0 0 0 24 13 0 0 0 0 7 8 0 0 0 0 0 0 75 15 13 0 10 20 0 0 0 0 0 0 0 0 0 0 0 0 0 0 0 0 0 0 0 0 0 0 0 0 0 0 0 0 0 0 0 0 0 0 0 0 0 0 0 0 0 0 0 0 0 0 8 0 0 0 0 0 0 0 0 0 0 0 0 0 0 0 0 0 0 0 0 1 1 0 0 12 0 0 0 0 0 0 0 0 0 0 0 0 0 0 0 0 0 0 0 0 0 0 0 9 0 0 0 0 0 0 0 0 0 0 0 0 0 0 
 224 259 251 87 50 357 183 202 217 83 188 353 404 0 136 544 34 92 161 187 3 0 0 0 0 0 1 1 0 2 3 5 1 0 0 0 0 0 0 2 0 0 2 4 0 0 0 0 0 2 13 0 0 2 0 0 4 41 0 0 0 2 0 4 3 46 8 0 5 0 0 0 0 0 0 0 3 45 3 4 37 48 35 42 10 19 0 3 1 13 8 10 0 10 5 29 29 22 0 14 2 2 0 0 0 0 1 0 0 0 0 9 22 0 0 15 0 0 2 0 1 0 0 0 0 0 0 0 0 0 0 0 0 0 0 0 0 0 0 0 0 14 0 0 0 11 4 0 0 0 0 0 0 0 0 0 0 19 0 0 7 54 14 26 10 0 43 28 15 0 1 0 1 15 30 31 39 5 0 24 0 0 0 0 0 0 0 0 0 0 0 0 13 0 0 0 0 0 0 0 0 0 0 0 0 0 0 0 0 0 0 0 2 0 0 0 0 0 0 0 0 1 0 0 0 0 0 0 0 0 0 0 0 0 0 0 0 1 0 0 0 0 0 0 0 2 2 1 0 0 4 10 0 0 0 0 0 0 0 0 0 0 10 0 0 0 0 0 0 0 0 0 0 0 0 0 1 0 0 0 0 0 0 0 0 0 0 0 0 0 
 235 377 75 611 170 141 73 291 248 141 286 197 31 136 0 352 160 177 313 197 4 0 3 0 0 77 2 0 4 4 3 0 0 0 0 0 0 0 0 5 0 0 2 2 0 2 24 0 0 2 0 0 0 4 0 0 2 0 0 0 1 2 0 4 3 2 2 2 3 0 0 0 40 0 39 0 2 0 3 0 18 23 0 32 0 24 9 1 20 0 21 25 0 7 0 23 0 31 0 24 0 0 0 0 0 2 1 0 0 0 0 0 1 10 0 2 0 0 21 14 0 0 0 0 0 0 0 1 0 0 0 0 0 0 0 0 0 0 0 0 0 2 0 0 14 0 0 0 0 0 0 0 0 0 0 0 0 0 10 0 0 51 24 19 1 0 45 19 24 8 0 0 18 14 26 1 6 11 0 37 0 0 0 2 0 0 0 0 0 2 0 0 16 0 0 0 0 0 1 0 0 15 0 0 0 0 0 0 0 0 0 0 0 0 0 0 0 16 0 0 0 0 0 0 0 0 0 0 0 0 0 0 0 0 0 0 0 0 0 0 0 28 0 0 0 1 0 2 0 0 17 7 0 0 0 0 0 0 0 0 0 0 46 0 0 0 0 0 0 0 0 0 0 0 0 0 3 0 0 0 0 0 0 0 0 0 0 0 0 0 
 471 62 155 450 150 84 135 143 110 198 125 443 35 544 352 0 71 231 36 208 80 1 0 0 0 0 3 0 0 2 3 0 3 2 0 2 0 0 4 2 0 4 2 2 0 0 0 0 1 2 0 2 0 2 1 49 6 5 0 0 0 2 0 4 3 2 4 1 2 3 0 0 0 3 0 0 3 0 3 0 20 9 24 0 0 0 0 6 21 11 7 1 11 33 17 11 2 18 0 11 0 0 0 0 0 2 0 0 0 0 0 0 33 9 0 1 0 2 0 12 0 0 0 0 0 0 0 0 0 0 0 0 0 0 0 0 0 0 0 0 0 6 0 0 0 0 0 0 0 0 0 0 0 0 0 0 0 24 2 0 20 29 8 20 6 21 37 31 12 54 14 0 24 28 0 15 0 10 17 23 0 1 0 0 0 0 0 0 0 0 0 0 7 0 0 0 0 0 0 0 0 0 13 0 0 0 0 0 0 0 0 0 0 0 0 0 0 0 0 0 0 0 4 0 0 0 0 0 0 0 0 1 0 0 0 0 0 0 9 0 0 0 0 0 0 1 0 0 3 4 0 26 0 0 9 0 0 0 0 0 0 0 18 0 0 0 0 0 0 0 0 0 0 0 0 0 0 0 0 0 0 0 0 0 0 0 0 0 0 0 
 140 34 109 130 153 52 206 187 88 190 87 176 144 34 160 71 0 139 136 229 4 0 2 0 0 2 1 3 2 2 3 2 15 0 0 0 0 0 0 3 1 0 2 4 0 4 0 5 0 2 0 0 0 6 0 2 0 0 0 7 2 2 31 3 3 2 3 4 3 0 5 0 0 0 0 0 2 0 7 0 1 33 0 0 8 25 26 29 54 11 27 3 14 29 15 34 10 0 14 14 0 4 0 0 0 0 10 0 2 0 0 0 1 0 0 0 0 0 10 29 0 0 0 0 17 0 0 0 1 0 0 0 0 0 0 0 0 0 0 0 0 0 6 0 0 7 0 0 0 4 0 0 0 1 0 0 0 0 0 0 13 25 5 0 0 14 27 0 0 0 0 0 13 16 0 11 17 30 0 25 12 10 13 0 0 0 0 0 0 0 0 0 0 0 0 0 0 0 21 0 0 0 0 0 0 0 0 0 0 0 0 0 0 0 0 0 0 2 0 0 0 0 0 0 0 0 0 2 0 0 0 0 0 8 0 0 0 0 0 0 0 10 0 0 0 0 1 2 3 1 0 21 0 0 0 0 0 0 0 0 0 0 0 0 0 0 0 0 0 0 0 0 0 0 0 23 0 10 0 0 0 0 0 0 0 0 0 0 0 0 
 109 411 355 46 271 230 27 142 222 101 217 530 27 92 177 231 139 0 48 239 3 0 3 0 0 3 206 0 0 2 3 0 92 0 0 2 0 209 0 75 1 0 2 6 3 0 0 2 0 2 5 33 0 2 0 2 0 0 0 0 3 2 0 5 3 2 2 3 3 3 0 1 0 0 1 0 4 53 3 0 26 10 0 43 0 20 0 34 37 10 36 10 0 1 0 21 14 38 0 0 0 0 0 0 0 0 10 0 0 0 0 0 16 0 0 0 0 0 0 39 0 0 0 0 0 0 0 0 0 0 0 2 0 0 0 0 0 0 0 0 0 1 0 0 0 0 0 0 0 0 0 0 0 2 2 0 0 0 0 0 0 26 27 15 19 1 7 19 50 1 1 0 0 0 0 11 12 12 0 0 0 0 0 0 0 0 0 0 0 0 0 0 23 0 0 0 0 0 0 1 0 0 0 2 2 2 0 0 1 0 0 0 0 0 0 0 0 0 0 0 0 0 0 0 0 2 0 0 0 0 0 0 0 0 0 1 0 0 0 0 0 0 0 0 0 3 10 0 1 2 0 2 11 0 0 0 0 0 0 0 0 0 0 0 0 0 0 0 0 0 0 0 0 0 0 0 1 0 0 0 0 0 0 0 8 0 0 0 0 0 
 132 44 39 81 62 46 276 77 226 105 18 33 238 161 313 36 136 48 0 159 70 1 2 2 0 2 1 0 0 3 5 1 0 0 0 34 0 0 0 3 0 3 2 5 64 5 0 0 0 2 0 3 0 4 0 0 0 0 0 0 1 49 56 2 3 2 2 2 5 0 0 0 0 0 0 0 3 0 6 0 18 14 16 0 0 0 35 42 10 0 0 0 27 0 21 13 0 0 9 10 0 0 0 0 0 0 0 0 0 2 0 0 0 0 0 0 0 0 0 1 0 0 0 0 0 0 0 14 0 1 0 0 0 0 0 0 0 1 0 0 0 0 0 0 0 0 0 0 0 0 0 0 0 0 0 0 0 26 0 0 24 0 0 0 0 0 0 0 0 0 0 0 0 31 1 0 0 0 11 14 0 19 0 0 0 1 0 0 0 0 0 0 0 0 0 0 0 0 0 0 0 0 0 0 0 0 0 0 0 0 0 0 0 0 1 0 0 0 0 0 0 0 0 0 0 0 0 0 0 0 0 0 0 0 0 0 0 0 1 9 0 0 0 0 0 0 0 2 89 1 0 19 0 0 0 0 0 0 0 0 0 0 0 0 0 0 0 0 0 1 0 0 0 1 0 0 0 0 0 0 0 0 0 0 0 0 0 0 0 0 
 231 272 135 38 269 53 38 45 143 81 56 375 65 187 197 208 229 239 159 0 3 0 2 0 0 0 2 0 1 2 3 0 2 0 0 2 0 0 0 0 0 0 2 0 0 0 0 0 0 2 0 0 0 3 0 0 2 0 0 0 0 2 0 7 3 2 2 0 3 0 0 0 0 0 0 0 2 3 3 0 0 38 0 0 17 0 44 32 34 0 0 23 11 0 14 18 3 0 12 27 0 12 0 0 0 0 0 0 0 0 0 0 2 10 0 0 0 0 0 0 0 0 0 0 0 0 48 0 0 0 0 0 0 0 0 0 0 0 0 0 0 2 0 0 0 0 0 0 0 0 0 0 0 0 0 0 0 0 0 0 0 23 12 9 0 0 23 0 0 12 0 0 37 21 12 18 1 48 19 19 0 0 0 0 0 0 0 0 0 0 0 0 0 0 0 0 0 0 0 0 16 0 0 0 0 0 0 0 0 9 0 0 0 0 0 0 0 0 0 0 0 0 0 0 0 0 0 0 35 0 0 0 0 0 0 0 0 0 0 0 0 14 9 0 0 2 0 0 1 1 0 5 0 0 0 0 0 0 0 0 0 0 12 0 0 0 0 0 0 0 0 0 0 0 0 0 0 0 0 0 0 0 0 0 0 0 0 0 0 0 
 3 3 3 5 99 39 3 3 3 3 78 3 36 3 4 80 4 3 70 3 0 91 318 77 266 266 134 223 260 57 198 23 49 64 289 63 104 192 50 196 0 0 0 0 0 0 1 0 2 0 0 0 0 0 0 0 0 0 3 0 0 0 0 0 0 0 53 19 0 3 0 3 3 3 0 0 0 1 0 0 2 0 0 0 0 0 0 0 0 0 0 0 0 0 0 0 0 2 0 0 22 50 20 14 28 20 1 28 15 21 21 0 12 0 0 0 19 41 14 0 0 0 0 0 0 0 19 19 0 0 0 0 2 0 0 0 0 0 13 0 0 0 0 0 0 0 0 0 0 0 1 0 0 0 0 0 0 0 0 0 0 0 0 0 0 9 0 0 0 0 0 0 0 0 0 1 0 0 0 0 9 22 9 38 1 1 14 7 14 10 11 10 6 11 51 15 8 35 2 11 0 1 0 0 0 0 0 0 0 0 0 3 0 0 2 0 0 0 1 0 0 0 0 0 8 0 0 0 0 0 0 2 0 0 0 0 0 0 0 0 0 0 0 0 0 0 0 0 0 75 0 1 0 0 17 1 4 119 0 2 2 0 0 0 0 0 0 0 0 0 0 1 0 45 0 0 0 0 0 0 0 10 0 0 0 0 0 0 0 0 
 0 0 2 0 63 0 0 0 0 0 72 2 0 0 0 1 0 0 1 0 91 0 199 104 312 31 87 71 198 174 273 274 63 63 71 134 394 263 54 55 2 0 0 90 0 0 0 0 3 0 0 0 0 3 3 0 0 0 2 0 0 0 0 0 2 2 4 0 27 3 1 3 11 3 0 0 0 0 31 0 0 0 0 0 0 11 0 0 0 0 0 0 0 0 0 0 0 0 0 0 33 25 1 39 0 37 0 10 32 13 19 5 16 0 39 13 19 0 0 0 0 0 0 0 0 11 0 0 0 0 0 0 14 0 0 0 0 0 65 11 0 0 0 0 1 0 0 0 0 0 0 0 0 0 0 0 0 0 0 0 0 0 0 0 7 12 0 0 0 0 0 9 0 0 2 0 3 0 0 0 16 12 14 0 18 18 17 8 8 1 0 10 0 9 12 1 13 15 0 10 0 0 0 0 0 0 0 0 0 0 0 0 11 0 12 0 0 0 15 0 0 0 0 0 0 0 0 0 0 0 0 0 0 0 0 0 0 0 0 0 0 0 10 0 0 0 0 0 0 0 0 0 0 0 10 0 0 1 0 2 2 1 0 0 0 0 0 0 0 0 0 0 0 0 0 0 0 0 0 0 0 0 0 0 0 0 0 0 0 0 
 0 0 0 1 97 73 0 1 0 0 0 0 0 0 3 0 2 3 2 2 318 199 0 164 51 117 82 84 51 44 112 86 137 53 46 126 43 137 202 71 0 43 3 3 0 0 1 3 3 0 0 0 0 0 0 5 0 0 3 4 6 0 1 6 1 0 0 0 0 3 0 2 3 3 0 4 0 0 0 0 0 0 0 2 0 9 0 0 0 0 0 0 0 0 0 0 0 0 0 0 18 66 16 7 0 0 0 28 0 13 0 33 27 15 18 9 26 0 26 0 13 0 0 0 0 0 13 0 0 0 0 0 1 11 10 0 0 0 0 1 0 0 0 0 0 0 0 0 0 0 1 0 0 0 4 0 0 0 0 0 1 0 0 0 1 10 0 12 0 0 4 0 0 0 0 0 0 0 0 3 32 12 28 7 0 0 26 63 16 70 28 0 17 11 29 21 0 22 12 20 0 0 0 0 0 0 1 0 0 0 0 0 0 0 15 0 0 0 0 8 0 0 0 0 0 0 0 0 0 0 0 0 0 0 0 0 0 0 0 1 0 0 0 0 0 0 2 0 0 0 0 0 0 0 7 0 0 0 1 1 1 13 0 0 0 0 0 0 0 0 0 0 0 0 0 0 0 0 0 0 0 26 0 0 0 0 0 0 0 0 
 0 0 0 0 0 0 0 5 2 0 0 0 2 0 0 0 0 0 2 0 77 104 164 0 98 35 113 141 165 90 440 201 266 78 215 286 130 252 55 100 0 0 0 64 0 0 2 0 3 1 64 0 0 2 0 0 0 0 3 0 0 0 1 0 1 0 0 0 0 3 0 2 3 3 0 0 0 3 0 0 0 0 0 0 0 0 0 0 0 0 0 0 1 0 0 0 0 0 0 0 16 14 0 1 6 10 2 12 48 35 45 0 0 4 19 0 34 11 0 2 0 14 0 0 0 0 0 0 5 0 0 0 25 13 1 0 0 0 20 32 0 0 0 0 1 0 0 0 0 0 0 0 0 0 0 0 0 0 0 0 0 0 0 0 39 0 0 27 0 0 0 2 0 0 0 0 0 0 0 2 0 10 0 73 16 10 1 5 30 24 12 8 0 22 25 12 0 84 0 41 0 7 0 0 0 16 0 0 7 7 0 0 11 0 36 10 0 0 0 0 0 0 2 0 0 0 0 0 0 0 0 0 0 0 0 0 0 0 0 0 0 0 0 0 0 0 0 0 0 0 0 0 0 0 5 2 0 83 39 0 6 2 0 0 0 0 0 0 0 0 0 0 0 0 0 0 0 0 0 0 0 0 0 0 1 0 0 0 0 0 
 7 2 2 0 0 0 73 0 0 0 1 0 0 0 0 0 0 0 0 0 266 312 51 98 0 154 47 31 66 248 458 37 72 143 90 63 129 79 61 79 103 0 0 0 0 0 131 129 65 0 0 0 74 0 0 0 0 0 70 13 0 0 0 0 0 0 0 0 0 3 0 3 3 3 0 0 8 3 0 0 0 0 0 0 0 0 0 0 0 0 0 0 0 2 0 0 0 0 1 0 0 0 0 12 4 11 0 0 9 23 9 39 0 0 0 12 2 0 0 0 21 38 2 0 7 1 75 17 22 0 0 1 9 12 49 2 11 0 6 13 0 0 0 0 3 0 0 13 0 0 0 0 0 0 0 5 0 0 0 0 0 0 0 0 0 0 0 0 0 0 0 0 0 0 2 0 0 0 0 0 0 0 0 12 4 27 0 12 0 9 19 20 0 0 0 1 0 13 0 0 21 0 0 0 0 0 10 10 12 0 0 0 8 0 38 1 0 3 0 63 0 0 0 0 0 0 1 0 0 0 0 0 0 0 0 0 0 2 13 0 0 0 0 0 0 0 0 0 0 0 0 0 0 0 12 5 0 75 77 0 7 0 0 0 0 0 0 0 0 0 1 0 0 0 0 0 0 0 0 0 0 0 0 0 0 0 27 0 0 0 
 0 0 0 0 0 73 0 1 0 2 0 0 0 0 77 0 2 3 2 0 266 31 117 35 154 0 33 38 36 69 116 63 60 115 62 444 49 157 41 58 0 0 95 0 0 0 66 34 31 0 0 0 2 71 108 0 209 62 67 63 0 55 0 0 1 0 6 0 0 3 3 28 3 3 48 0 0 0 0 0 0 0 1 0 0 0 0 0 0 0 0 0 0 0 0 0 0 0 0 0 0 0 0 0 7 0 0 0 0 9 0 16 0 0 15 0 0 0 0 0 53 0 28 20 12 0 31 8 0 0 29 11 2 18 31 18 85 18 0 8 36 0 0 2 12 0 0 6 0 0 0 0 6 0 2 0 4 0 0 0 0 0 0 0 0 0 0 0 2 0 0 0 0 36 1 0 0 6 0 0 0 0 0 0 0 17 0 0 0 7 15 0 0 0 0 14 0 15 0 0 10 0 13 12 0 0 12 43 32 0 0 0 40 11 27 12 0 26 57 35 0 0 0 0 0 0 0 0 0 0 0 0 0 0 0 0 0 0 0 0 0 0 0 0 0 0 0 0 0 0 0 0 0 0 25 1 2 0 4 17 3 0 0 0 0 0 0 0 0 0 12 0 0 0 0 0 0 0 0 0 0 0 0 0 12 0 0 0 0 0 
 76 3 0 148 27 4 2 1 1 2 0 267 1 1 2 3 1 206 1 2 134 87 82 113 47 33 0 123 144 29 111 47 227 140 429 42 243 326 115 108 2 0 0 5 2 0 7 0 2 1 6 0 0 3 0 0 3 5 4 4 2 7 0 6 2 0 0 1 0 6 2 3 3 3 0 0 0 0 0 0 0 51 0 9 9 0 0 0 0 0 0 0 0 0 0 0 0 9 0 18 11 19 9 0 18 26 14 35 9 17 16 0 20 56 9 0 15 16 42 0 0 0 0 0 0 0 0 0 0 0 0 0 0 0 0 0 0 0 8 0 0 0 4 0 0 0 0 0 0 0 13 0 0 0 0 0 0 0 0 0 0 0 0 0 11 2 0 0 0 0 3 0 0 0 0 0 0 0 0 0 25 16 25 0 0 0 35 0 1 12 0 12 0 20 33 48 7 9 49 1 15 0 0 0 0 0 0 0 0 0 0 0 0 0 0 0 0 0 0 0 0 0 0 0 0 11 0 0 0 0 0 0 0 0 0 0 9 0 0 0 0 0 0 0 0 0 37 0 0 74 0 0 0 0 3 2 2 76 0 0 0 16 0 0 0 0 0 0 0 0 0 0 0 0 0 55 12 0 0 0 0 0 0 0 0 0 0 0 0 0 
 0 0 3 0 78 2 0 0 0 0 0 34 0 1 0 0 3 0 0 0 223 71 84 141 31 38 123 0 236 160 100 15 80 136 305 121 131 76 66 145 8 1 0 0 0 0 11 12 3 0 0 0 0 7 62 0 0 61 109 1 0 0 1 0 1 0 0 0 0 3 0 2 3 3 0 0 0 1 2 0 0 0 0 0 13 0 0 0 0 0 1 8 0 0 0 1 0 0 0 0 22 41 19 7 0 22 29 27 43 14 32 0 9 2 0 26 17 27 16 9 8 0 0 0 0 0 2 0 9 0 0 0 11 0 0 2 0 0 11 0 6 0 0 0 0 1 0 0 0 0 1 0 0 0 2 0 0 0 0 1 0 0 0 0 0 7 2 0 0 0 0 0 0 0 0 0 0 2 0 0 8 20 61 28 20 0 38 20 33 18 22 0 1 17 34 38 2 7 29 48 0 0 0 0 0 0 0 0 0 0 2 0 0 0 0 0 0 0 0 0 0 0 0 0 0 0 8 0 0 0 0 0 0 0 0 0 0 0 0 0 0 0 0 0 0 0 0 0 0 73 0 0 0 0 8 2 0 152 0 0 1 0 0 0 0 0 7 0 0 0 0 0 0 0 0 0 1 0 0 7 0 9 0 0 0 0 0 0 0 0 
 0 9 0 75 43 80 0 0 0 0 0 74 0 0 4 0 2 0 0 1 260 198 51 165 66 36 144 236 0 95 133 51 215 264 197 198 93 247 288 258 0 0 0 2 0 65 1 0 1 0 0 0 0 2 0 0 0 0 2 2 1 15 1 0 0 0 2 2 0 3 0 3 3 3 0 4 0 52 0 0 0 0 0 0 2 0 0 0 1 0 0 0 0 0 0 0 0 10 0 0 4 0 44 7 15 11 14 59 55 20 2 27 44 24 56 0 25 11 30 0 0 0 0 0 0 0 0 0 18 0 0 0 13 0 0 0 0 2 35 0 0 0 0 0 0 0 0 0 0 0 0 0 0 0 0 0 1 0 0 0 0 0 0 0 0 0 0 1 1 0 0 0 0 0 0 0 0 0 0 8 9 10 23 15 11 17 31 8 26 10 0 3 0 8 0 17 30 17 53 3 2 0 0 0 1 0 0 0 0 0 0 0 0 0 2 0 0 0 2 0 0 0 0 0 0 0 0 0 0 0 0 0 0 0 0 0 0 0 0 0 0 0 22 0 0 0 0 0 0 0 0 0 0 0 11 1 2 0 0 0 0 2 0 0 0 0 0 0 0 0 0 0 0 0 0 43 10 0 0 0 0 0 0 0 0 0 0 0 0 0 
 2 2 107 2 2 8 2 2 2 4 2 2 2 2 4 2 2 2 3 2 57 174 44 90 248 69 29 160 95 0 325 100 55 164 117 89 218 70 59 172 0 0 0 5 0 0 2 66 3 0 0 0 93 0 0 0 0 1 116 52 0 2 0 0 1 0 0 0 0 3 0 3 3 3 0 6 14 0 0 0 0 0 0 0 14 0 0 0 0 0 0 0 0 0 0 0 16 0 0 9 14 9 10 4 14 26 0 1 22 0 41 0 0 0 10 41 10 0 0 0 7 6 0 0 0 0 15 1 4 0 0 0 23 0 0 0 19 0 33 24 0 0 0 0 6 0 0 0 0 0 0 0 0 0 0 6 0 0 0 0 0 0 0 0 0 14 0 0 0 0 0 12 0 0 1 0 7 0 0 0 0 15 0 25 22 37 0 10 20 8 20 21 0 9 3 0 39 0 0 0 0 0 0 16 0 0 10 0 0 0 0 0 30 0 20 0 0 0 1 1 0 0 0 0 0 0 0 0 0 0 0 0 0 0 0 0 0 0 0 14 0 0 20 0 0 1 0 0 0 0 0 0 0 0 12 0 2 3 0 0 0 0 0 0 0 0 6 0 0 0 1 0 0 0 0 0 0 0 0 6 0 0 0 0 0 10 19 0 0 0 
 3 3 3 3 5 3 3 3 3 7 3 3 3 3 3 3 3 3 5 3 198 273 112 440 458 116 111 100 133 325 0 57 41 115 73 60 157 78 46 429 62 0 0 0 0 0 65 72 7 0 0 6 1 0 6 0 2 0 70 3 0 0 0 0 1 4 0 0 0 4 0 3 3 3 1 0 0 65 0 0 0 0 1 0 0 0 0 0 0 0 0 0 0 0 0 0 0 0 0 0 33 18 7 28 44 35 0 15 15 26 14 10 9 0 0 12 0 8 0 0 35 15 0 0 0 0 11 14 0 10 2 0 0 3 31 3 0 0 14 3 0 0 0 0 0 0 0 0 0 0 0 21 0 0 11 0 0 0 0 0 0 0 0 0 0 0 0 0 0 0 0 0 0 0 2 0 0 11 0 0 0 0 9 0 0 2 10 9 1 10 0 33 6 0 0 0 0 36 0 0 13 0 0 0 0 0 1 1 12 0 0 0 22 0 29 1 0 0 0 21 0 0 0 0 0 0 0 0 0 0 20 0 0 0 0 0 0 0 0 0 0 0 0 0 0 0 0 0 0 0 0 0 0 0 18 8 2 150 168 0 18 1 0 0 0 0 0 0 0 0 0 0 0 0 0 0 0 0 0 0 0 0 0 2 0 0 0 0 0 0 
 2 0 0 207 1 0 1 0 0 74 0 0 0 5 0 0 2 0 1 0 23 274 86 201 37 63 47 15 51 100 57 0 248 207 113 186 117 468 94 46 26 0 16 29 0 0 158 0 3 0 0 0 64 0 6 0 1 0 3 0 0 0 1 0 1 0 0 0 0 3 0 2 3 3 0 0 6 4 0 0 0 0 0 8 0 0 0 0 0 0 0 0 0 0 0 0 0 0 0 0 19 0 1 20 0 52 0 11 48 11 10 12 0 0 35 12 11 0 0 0 0 19 1 0 0 0 52 18 13 0 0 0 23 0 17 0 0 0 36 0 0 0 0 0 0 0 0 0 0 2 0 0 0 0 0 0 0 0 0 0 0 0 0 0 10 0 0 2 0 1 0 0 0 0 0 15 0 0 0 0 0 2 0 0 14 30 0 43 16 2 17 0 0 6 0 53 18 11 0 1 17 0 2 0 0 0 0 12 0 0 0 0 0 2 22 1 0 0 21 17 0 0 0 0 0 0 0 0 0 0 0 0 0 0 0 0 1 0 12 0 0 0 15 0 0 0 0 0 0 0 0 0 0 0 3 0 0 73 1 2 0 0 0 0 0 0 0 0 0 0 0 0 0 0 0 0 0 2 0 0 0 0 0 0 0 0 14 0 0 0 
 0 141 4 78 65 1 0 1 90 59 221 27 0 1 0 3 15 92 0 2 49 63 137 266 72 60 227 80 215 55 41 248 0 143 113 40 103 29 175 135 0 0 0 2 2 0 3 0 2 0 2 0 0 3 0 0 0 0 3 0 2 0 0 2 5 2 4 35 0 3 0 6 3 3 0 0 0 3 0 0 0 0 1 43 10 37 0 10 11 18 26 0 0 1 0 8 12 24 0 0 0 25 0 11 0 0 11 0 0 0 0 1 13 9 15 0 6 8 0 28 0 0 0 0 0 0 0 0 0 0 0 0 1 0 0 0 0 0 0 1 0 0 3 0 0 0 0 0 0 4 0 0 0 2 0 0 0 0 0 0 0 0 20 11 1 24 0 0 15 10 14 21 0 0 0 30 45 37 0 0 58 16 33 0 0 0 72 0 0 0 0 33 11 1 30 18 0 0 21 9 0 0 0 0 0 0 0 0 0 0 0 0 0 0 0 0 0 0 0 0 0 0 0 0 0 0 0 0 0 0 0 0 0 0 0 0 0 0 0 1 0 0 0 0 0 1 74 0 0 75 0 0 12 0 9 0 0 0 0 0 2 2 0 0 0 0 0 0 0 0 0 0 0 0 0 11 0 6 0 0 0 0 0 0 0 0 0 0 0 0 
 0 0 1 73 78 94 61 0 74 37 1 110 0 0 0 2 0 0 0 0 64 63 53 78 143 115 140 136 264 164 115 207 143 0 79 121 346 209 262 170 0 0 0 0 0 0 0 0 21 0 0 0 0 0 3 0 0 0 2 0 3 55 0 1 0 0 0 0 0 3 0 3 55 49 0 0 0 0 0 0 0 0 0 0 0 11 0 0 0 0 0 2 0 0 0 9 0 8 0 0 15 0 35 26 1 11 9 22 22 15 1 25 1 10 25 0 25 23 0 18 0 0 0 0 0 0 0 0 0 0 0 2 26 0 0 0 2 0 32 0 0 6 2 0 0 0 0 0 0 0 0 0 0 0 0 0 0 0 0 0 0 0 1 0 11 0 0 0 0 0 0 5 0 0 0 0 0 0 0 3 1 11 13 4 0 30 16 6 9 12 14 12 18 8 0 14 17 20 12 14 0 0 0 0 0 2 0 0 0 0 0 0 0 0 2 0 0 0 13 0 0 0 0 0 0 0 0 2 6 0 0 0 0 0 0 0 0 1 0 0 0 0 10 0 0 0 0 0 0 0 0 0 0 0 14 0 0 1 0 1 0 0 0 0 0 0 0 0 0 0 0 0 0 0 0 10 9 0 0 0 0 0 0 0 0 0 0 0 0 0 
 0 1 0 0 74 38 0 0 0 0 0 74 0 0 0 0 0 0 0 0 289 71 46 215 90 62 429 305 197 117 73 113 113 79 0 167 421 84 63 367 0 0 0 0 0 0 1 0 2 0 0 0 0 0 2 0 0 0 3 0 0 0 0 0 0 0 0 0 0 3 0 3 3 3 0 0 0 1 0 0 0 0 0 2 0 0 0 0 0 0 0 0 0 0 0 0 0 9 0 0 20 22 22 0 34 17 31 18 7 67 40 4 0 0 15 9 13 52 16 0 8 0 0 0 0 0 0 0 0 0 0 0 30 0 0 0 0 0 19 0 0 1 0 0 0 0 0 0 1 0 0 0 0 0 0 0 0 0 0 0 0 0 0 0 0 4 0 0 0 0 0 0 2 12 0 0 0 0 0 0 11 11 12 20 19 11 15 1 28 42 59 14 8 12 19 86 22 0 16 16 0 0 0 1 0 0 0 0 0 0 0 0 0 0 0 0 0 0 0 0 0 0 0 0 0 0 0 0 0 0 0 0 0 0 2 0 0 11 0 0 0 0 20 0 0 0 0 0 0 22 0 0 0 0 7 0 2 41 0 0 0 1 0 0 0 0 7 2 0 0 0 0 0 0 0 0 11 10 0 15 0 11 0 0 0 1 0 0 0 0 
 0 0 1 8 1 44 0 0 0 0 2 1 0 0 0 2 0 2 34 2 63 134 126 286 63 444 42 121 198 89 60 186 40 121 167 0 232 164 87 52 0 0 0 27 0 0 3 6 3 3 0 0 2 0 4 0 0 0 3 0 0 0 1 0 1 2 0 0 0 3 0 58 3 3 0 0 0 7 0 0 0 0 0 0 0 1 0 21 0 0 0 0 0 2 0 0 0 0 2 0 20 12 8 10 0 0 11 9 24 41 31 46 14 1 26 0 26 12 0 1 0 0 2 9 0 0 15 0 0 0 0 0 14 0 2 0 0 0 44 11 0 0 0 0 1 0 0 1 0 0 0 0 0 0 0 0 0 0 0 0 0 0 0 0 5 1 0 0 0 0 0 0 0 0 0 0 1 0 0 1 10 0 1 14 9 7 20 17 12 0 60 0 0 13 18 21 1 33 1 0 0 0 0 0 0 0 0 0 0 0 0 0 0 0 29 0 0 0 14 14 0 0 0 0 0 0 0 16 0 0 0 0 0 0 0 0 0 2 0 0 0 0 0 0 0 0 0 0 0 0 0 0 1 0 14 2 0 0 2 0 0 0 0 0 0 0 0 0 0 0 0 0 0 0 0 0 0 0 0 0 0 0 0 0 0 0 0 0 0 0 
 0 1 1 0 153 128 0 0 0 0 1 0 28 0 0 0 0 0 0 0 104 394 43 130 129 49 243 131 93 218 157 117 103 346 421 232 0 368 113 63 0 0 0 0 0 0 72 0 3 0 0 0 62 0 0 0 0 0 3 1 0 0 1 0 1 0 0 0 0 3 0 2 3 3 0 0 6 5 0 0 0 0 0 0 9 9 0 0 0 0 0 1 0 0 0 0 0 0 0 0 3 43 5 18 10 11 0 0 16 44 0 41 16 1 24 25 0 1 11 0 2 9 0 0 0 0 41 7 1 0 0 0 19 0 10 0 0 0 8 2 0 0 0 0 0 0 0 0 0 0 0 0 0 0 0 0 0 0 0 0 2 0 0 1 0 27 0 0 0 1 0 0 0 0 1 0 2 0 0 0 4 0 10 3 14 16 33 25 67 0 5 12 9 0 17 0 36 0 18 15 0 0 0 0 0 0 2 0 0 0 0 0 0 0 13 1 0 0 0 13 0 0 0 0 0 0 0 0 0 0 0 0 0 0 0 0 0 0 0 2 0 0 0 0 0 0 0 0 0 0 0 0 0 0 14 0 2 73 0 1 11 0 0 0 0 0 0 0 0 0 0 0 0 0 0 0 0 0 0 0 0 1 0 0 0 0 18 0 0 0 
 0 0 2 0 0 18 0 0 0 0 0 209 0 0 0 0 0 209 0 0 192 263 137 252 79 157 326 76 247 70 78 468 29 209 84 164 368 0 48 120 0 0 0 0 0 0 1 0 2 0 0 0 0 0 5 0 0 0 3 0 0 0 0 0 0 0 0 0 0 3 0 3 3 3 0 0 0 0 0 0 0 0 0 0 0 0 14 1 0 2 0 0 0 0 0 0 7 0 0 0 22 0 37 0 12 5 10 19 44 83 18 20 0 17 14 1 31 43 0 0 0 0 0 0 0 0 15 0 0 0 0 0 25 0 28 0 0 0 17 0 0 0 0 0 1 0 0 0 0 0 0 0 0 0 0 0 0 0 0 0 0 0 0 0 0 2 0 9 0 0 0 0 0 0 0 0 0 0 0 4 0 0 15 30 1 8 12 8 30 27 37 12 0 11 11 20 17 23 0 25 0 0 0 0 0 0 5 19 0 0 0 0 0 0 13 0 0 0 41 27 0 0 0 0 0 0 0 0 0 0 0 0 0 0 0 0 0 0 0 0 0 0 0 0 0 0 0 0 0 0 0 0 0 0 20 0 0 10 4 9 2 0 0 0 0 0 9 0 0 0 0 0 0 0 0 0 0 0 0 0 0 0 0 0 0 0 0 0 0 0 
 0 0 2 128 73 17 0 0 0 2 2 0 0 0 0 4 0 0 0 0 50 54 202 55 61 41 115 66 288 59 46 94 175 262 63 87 113 48 0 94 0 2 0 0 3 0 1 0 5 1 0 3 0 0 3 0 0 0 3 3 0 3 0 2 2 0 0 1 0 3 0 4 3 3 0 0 0 1 0 0 0 0 0 23 26 9 0 0 0 10 0 2 7 1 0 0 20 6 1 0 0 0 30 7 0 0 13 25 0 0 0 15 29 33 18 1 26 11 27 12 0 0 1 0 0 2 0 0 0 0 2 1 0 0 0 0 0 0 0 0 0 0 4 0 0 0 0 0 0 0 4 0 0 0 0 0 0 0 0 0 0 0 0 0 0 39 0 7 0 20 12 14 0 0 0 0 0 0 0 26 36 0 21 12 0 0 52 8 52 37 0 0 0 20 10 22 11 0 21 20 0 0 0 0 0 0 0 0 0 0 0 0 0 0 0 0 0 0 0 0 0 0 0 0 2 0 0 0 0 0 0 0 0 0 0 0 0 1 0 0 0 0 0 0 0 0 36 0 0 0 0 2 0 0 8 0 0 0 0 0 2 19 0 0 0 0 0 0 0 0 0 0 0 0 0 29 0 0 0 0 0 0 0 0 0 0 0 0 0 22 
 0 0 0 73 2 100 0 0 74 35 0 21 0 2 5 2 3 75 3 0 196 55 71 100 79 58 108 145 258 172 429 46 135 170 367 52 63 120 94 0 3 1 0 0 0 0 3 5 7 62 2 66 2 3 5 0 4 2 8 0 3 6 0 2 1 2 8 2 0 3 0 6 3 3 0 0 0 1 0 0 0 0 0 0 0 15 0 2 0 1 0 26 0 0 0 10 0 8 0 0 40 29 32 39 27 53 3 70 9 17 44 0 1 2 4 1 0 37 1 18 0 0 0 0 0 0 0 0 0 0 0 0 1 0 0 0 0 0 20 0 0 0 0 0 0 0 0 0 0 0 0 0 2 0 2 0 0 0 0 0 0 0 0 1 12 23 0 0 0 8 0 5 0 0 2 0 0 0 0 0 9 34 22 13 0 0 31 12 2 62 16 22 28 1 33 68 0 13 34 15 0 0 0 21 0 0 0 0 0 0 0 0 1 0 0 0 0 0 0 0 0 0 0 0 0 0 0 0 0 0 0 0 0 0 0 0 0 0 0 0 0 0 5 0 0 0 0 0 0 78 0 2 0 0 6 0 0 78 0 1 1 0 0 0 0 0 0 0 0 0 0 0 0 0 0 10 2 0 0 1 0 0 0 0 0 0 0 0 0 0 
 0 0 0 0 65 0 0 0 0 0 0 0 0 0 0 0 1 1 0 0 0 2 0 0 103 0 2 8 0 0 62 26 0 0 0 0 0 0 0 3 0 182 345 128 35 306 254 241 52 108 44 114 163 206 312 83 36 28 102 39 0 0 0 5 19 4 0 0 0 0 17 0 0 0 0 0 0 0 0 0 0 0 0 0 0 0 0 0 0 0 0 0 0 0 0 0 0 0 0 0 0 0 6 0 11 0 0 0 0 11 0 12 0 0 0 0 0 0 0 0 0 41 9 24 3 8 8 19 13 8 0 0 0 2 32 48 0 14 0 0 0 0 0 0 0 0 0 0 0 0 0 0 0 22 0 0 0 0 0 10 0 0 0 0 0 0 0 0 0 0 0 0 10 0 0 0 0 0 0 0 0 0 0 1 0 14 0 0 0 0 0 0 0 0 0 0 0 0 0 0 21 14 20 9 18 20 0 25 11 18 35 0 0 1 0 13 31 0 0 19 0 0 0 0 0 0 0 0 0 0 0 0 0 0 0 0 0 0 15 0 0 0 0 0 0 0 0 0 0 0 0 2 0 0 0 0 0 0 54 0 10 0 0 0 0 2 0 0 0 0 0 0 0 0 0 6 0 0 0 0 0 0 0 0 0 4 0 0 0 0 
 0 0 0 0 6 0 0 0 0 0 0 0 0 0 0 4 0 0 3 0 0 0 43 0 0 0 0 1 0 0 0 0 0 0 0 0 0 0 2 1 182 0 146 473 281 107 89 103 81 167 108 109 160 214 350 74 32 184 39 84 0 0 4 0 0 55 0 0 0 33 4 12 2 7 2 1 6 0 2 0 0 0 0 0 12 0 0 0 0 0 0 0 0 0 0 0 0 2 0 0 0 0 0 0 0 0 0 0 0 0 0 0 0 0 0 0 0 0 0 0 48 6 0 31 0 28 0 12 26 32 19 0 0 19 23 16 0 15 0 8 68 3 0 0 6 5 0 0 9 0 0 8 20 1 7 0 0 0 46 4 0 7 0 0 0 0 0 0 3 0 0 0 0 0 2 0 0 1 0 0 0 0 0 0 0 0 0 0 0 0 0 0 0 0 0 0 0 0 0 0 0 35 16 44 25 4 0 11 10 49 21 32 0 34 0 46 44 5 20 0 0 0 0 0 0 11 0 0 3 0 0 0 23 0 0 0 13 0 16 6 0 0 0 0 0 0 0 0 0 0 0 7 0 0 0 0 0 0 1 0 0 0 0 0 2 2 5 0 1 0 0 0 0 0 0 0 0 0 0 0 0 0 0 0 0 0 0 10 0 0 
 2 2 2 2 2 2 2 2 2 2 2 2 2 2 2 2 2 2 2 2 0 0 3 0 0 95 0 0 0 0 0 16 0 0 0 0 0 0 0 0 345 146 0 138 45 38 74 105 129 237 59 208 140 212 122 305 187 173 29 120 0 0 0 24 2 5 0 0 0 1 5 0 0 0 0 0 0 0 0 0 0 0 0 12 0 0 0 0 0 0 0 0 0 0 0 0 0 0 0 0 0 0 0 0 0 0 0 0 0 0 0 0 0 0 0 0 0 0 0 0 82 0 0 18 11 19 0 0 11 10 67 6 0 54 18 22 33 1 0 33 34 0 0 3 0 0 0 0 0 0 0 0 0 0 12 0 2 0 10 0 0 3 0 0 0 0 0 0 7 0 0 0 0 0 2 0 0 1 0 0 0 0 0 0 0 0 0 0 0 0 0 0 0 0 0 0 0 1 0 0 11 30 15 0 0 0 7 20 21 9 17 1 7 38 0 4 0 12 17 16 0 0 0 0 4 0 9 0 0 0 4 0 0 0 0 0 0 0 28 0 0 0 0 0 0 0 0 0 0 0 0 4 0 0 0 0 0 0 0 1 0 0 70 0 0 0 0 0 0 0 9 0 0 0 0 5 0 0 0 0 0 0 0 0 11 9 0 1 0 0 
 0 0 9 4 10 0 0 7 0 0 6 0 0 4 2 2 4 6 5 0 0 90 3 64 0 0 5 0 2 5 0 29 2 0 0 27 0 0 0 0 128 473 138 0 81 42 72 127 91 75 85 122 50 156 105 119 107 106 70 89 3 0 0 3 0 0 51 0 0 0 3 0 3 0 13 0 0 6 0 0 0 0 4 4 0 4 0 0 0 15 0 0 0 0 0 0 1 6 0 0 12 0 0 5 0 2 0 0 10 0 7 0 3 0 12 0 0 0 0 0 0 3 4 19 47 29 0 0 0 21 15 24 0 0 0 14 15 0 23 2 0 0 0 11 0 2 0 1 0 0 0 0 0 21 11 0 0 21 0 0 4 0 0 9 6 0 0 0 6 0 0 0 0 0 0 3 0 0 0 0 0 0 0 0 0 0 0 11 7 0 14 0 0 0 0 0 0 13 0 0 0 9 15 0 23 42 20 0 0 5 14 12 0 9 0 0 0 22 0 0 0 0 0 0 0 0 19 1 0 0 0 0 0 0 0 0 0 0 11 19 0 0 0 0 0 0 6 0 0 0 0 9 0 2 0 0 0 0 0 0 0 1 66 2 0 1 0 1 0 0 0 0 0 20 0 0 0 0 0 0 0 0 0 0 14 7 0 0 1 13 
 0 0 0 0 0 0 0 0 0 0 1 0 1 0 0 0 0 3 64 0 0 0 0 0 0 0 2 0 0 0 0 0 2 0 0 0 0 0 3 0 35 281 45 81 0 108 41 69 82 111 105 105 53 66 262 149 80 44 117 103 52 0 4 0 0 0 0 28 59 0 1 0 5 53 1 0 0 0 8 51 0 0 0 0 0 0 0 0 0 0 0 0 0 0 15 0 0 0 0 0 0 0 0 0 0 0 0 0 0 0 0 0 0 0 0 0 0 0 0 0 2 0 28 0 0 3 0 0 3 7 1 0 0 0 0 0 0 4 0 0 11 14 14 9 0 0 32 0 20 0 0 0 1 0 20 0 0 0 41 21 0 0 0 0 0 0 0 0 0 0 18 0 0 0 2 2 0 0 0 0 0 0 0 0 0 0 0 0 0 0 0 0 0 0 0 0 0 0 0 0 7 0 14 11 1 0 0 0 1 0 10 10 5 7 0 0 7 3 0 0 0 20 0 6 2 0 14 14 25 37 5 0 26 37 36 10 47 40 0 10 18 0 0 0 0 0 0 0 0 0 0 12 0 1 0 0 0 0 1 2 0 0 2 8 0 3 0 0 3 0 0 0 0 0 0 0 0 0 0 0 0 0 4 0 0 0 0 0 0 0 
 0 0 0 0 0 0 0 0 0 0 0 0 0 0 2 0 4 0 5 0 0 0 0 0 0 0 0 0 65 0 0 0 0 0 0 0 0 0 0 0 306 107 38 42 108 0 94 30 59 65 85 108 27 48 42 77 52 123 48 61 0 51 3 0 0 0 21 0 61 74 0 6 0 0 49 5 0 0 66 4 0 0 0 0 0 0 0 0 0 0 0 0 0 0 0 0 0 7 0 0 0 0 0 0 0 0 0 0 0 0 0 0 0 0 0 0 0 0 0 0 0 10 0 9 19 12 0 0 0 5 4 2 0 0 0 0 0 0 20 0 28 6 0 0 0 0 12 32 8 19 0 0 5 0 0 14 0 29 42 38 0 0 0 0 0 0 0 0 0 0 0 0 0 0 2 0 0 0 0 0 0 0 0 0 0 0 0 0 0 0 0 0 0 0 0 0 0 0 0 0 0 0 0 6 41 16 0 0 0 8 3 16 0 0 0 16 13 0 0 0 30 0 0 0 0 0 28 27 32 20 14 10 15 35 53 20 38 0 0 9 0 0 13 0 0 0 0 0 0 0 0 2 0 0 0 0 0 0 0 18 0 0 0 11 0 4 6 1 6 0 0 0 0 0 0 0 0 0 0 0 0 0 0 0 0 0 0 0 0 0 
 0 2 0 2 0 2 0 0 0 0 0 0 0 0 24 0 0 0 0 0 1 0 1 2 131 66 7 11 1 2 65 158 3 0 1 3 72 1 1 3 254 89 74 72 41 94 0 95 33 111 48 91 157 209 97 78 30 244 32 140 0 0 2 0 0 3 0 0 0 4 0 4 0 4 0 0 3 5 0 0 0 0 0 0 0 0 0 0 0 0 0 0 0 0 0 0 0 14 0 0 0 0 0 52 13 10 0 0 0 0 0 0 0 0 0 27 0 0 0 0 45 23 20 35 0 11 56 21 35 30 15 0 10 1 19 2 10 0 10 10 0 0 0 0 0 2 0 0 0 0 0 3 0 0 0 0 0 0 0 8 0 0 0 8 0 10 0 0 25 0 0 0 0 0 2 0 0 6 0 0 0 0 0 0 25 24 0 3 0 0 15 0 0 0 0 0 8 0 0 0 30 46 0 20 0 0 11 18 0 21 20 0 19 0 34 5 19 0 14 30 0 0 0 0 0 0 0 0 0 0 1 0 0 0 0 0 0 0 22 0 0 0 0 0 0 0 0 0 0 0 0 16 0 0 0 0 0 54 0 18 0 0 2 0 1 0 4 0 0 0 0 0 0 0 0 0 0 0 0 0 0 0 0 0 0 8 1 0 0 0 
 0 0 0 0 0 0 0 0 2 0 0 0 0 0 0 0 5 2 0 0 0 0 3 0 129 34 0 12 0 66 72 0 0 0 0 6 0 0 0 5 241 103 105 127 69 30 95 0 113 66 52 39 100 269 96 107 319 239 356 128 2 0 2 0 0 1 0 0 0 3 0 8 0 2 4 0 3 0 0 0 0 0 0 0 0 0 0 0 0 0 0 0 0 0 0 0 0 0 0 0 0 0 0 0 27 0 0 0 0 5 0 25 0 0 0 0 0 0 0 0 0 12 35 31 40 4 21 8 7 0 0 9 35 7 19 30 33 17 0 2 0 0 0 4 5 5 2 3 0 0 0 2 7 27 0 7 0 0 0 0 0 0 0 0 0 0 0 0 0 0 0 0 0 0 1 0 0 2 0 0 0 0 0 9 0 0 0 0 0 0 0 20 0 0 0 0 0 0 0 0 0 1 33 18 1 11 27 18 17 18 8 0 0 13 16 0 1 12 17 0 0 0 0 0 0 0 0 0 0 0 3 0 0 0 0 0 0 0 7 0 0 0 0 0 0 0 0 0 0 0 0 0 0 0 0 0 0 0 22 0 11 0 2 0 2 4 2 1 2 0 17 0 0 0 0 0 0 0 0 0 0 0 0 0 0 6 0 1 0 0 
 0 3 60 0 0 114 61 0 0 0 0 0 0 0 0 1 0 0 0 0 2 3 3 3 65 31 2 3 1 3 7 3 2 21 2 3 3 2 5 7 52 81 129 91 82 59 33 113 0 230 338 101 72 295 195 152 373 203 91 132 0 2 21 2 1 0 0 0 3 51 0 11 63 0 12 9 1 3 0 0 0 0 0 8 0 0 0 0 0 0 0 0 0 0 0 0 0 0 0 0 0 0 0 0 6 0 0 0 0 0 0 0 0 0 0 0 0 15 0 0 36 0 0 12 0 33 62 5 13 2 44 14 0 31 9 1 0 6 0 43 16 0 0 0 0 0 0 28 0 26 0 0 10 0 8 0 3 0 20 0 0 4 0 0 0 0 0 0 7 7 0 0 0 0 2 0 0 1 0 0 0 0 0 0 0 0 0 0 0 0 0 0 0 0 0 0 0 0 0 0 10 13 69 0 0 4 0 35 26 23 0 12 0 12 0 28 30 0 16 7 0 0 0 0 0 0 0 0 0 0 0 0 13 0 0 1 0 0 19 49 0 0 21 0 0 0 0 0 0 0 0 4 0 1 0 0 0 0 0 1 0 0 2 0 3 4 2 37 0 0 10 0 0 0 0 0 0 0 0 0 0 0 0 0 14 9 0 11 0 0 
 2 2 3 4 2 2 2 2 2 2 2 2 2 2 2 2 2 2 2 2 0 0 0 1 0 0 1 0 0 0 0 0 0 0 0 3 0 0 1 62 108 167 237 75 111 65 111 66 230 0 144 238 66 70 293 315 79 104 44 118 44 0 4 0 0 0 0 0 0 0 0 8 0 0 4 2 3 0 51 0 0 0 0 0 0 0 0 0 0 0 0 0 8 0 0 0 0 0 0 0 0 0 0 0 0 0 0 0 0 0 0 0 0 0 0 0 0 0 0 0 1 29 1 1 0 0 0 0 0 12 9 16 0 8 0 16 0 3 0 1 18 0 0 5 0 0 25 9 0 11 0 0 12 0 0 0 0 0 20 9 0 5 0 0 0 0 0 0 1 0 0 0 0 0 2 1 0 0 0 0 0 0 0 0 0 0 0 0 0 0 0 0 32 0 11 0 0 0 0 0 5 15 21 0 9 18 0 0 10 32 30 19 0 19 0 24 15 20 0 0 0 0 0 0 2 0 1 1 0 0 12 0 8 6 0 0 0 0 24 26 0 0 11 0 0 0 0 0 0 0 0 8 0 0 1 0 0 0 0 9 0 0 0 0 66 14 0 5 0 0 8 0 0 0 0 0 0 0 0 0 0 0 0 0 0 15 0 0 0 0 
 0 0 4 6 2 0 0 8 7 0 9 0 0 13 0 0 0 5 0 0 0 0 0 64 0 0 6 0 0 0 0 0 2 0 0 0 0 0 0 2 44 108 59 85 105 85 48 52 338 144 0 541 29 112 65 283 115 279 30 85 0 0 7 0 0 0 0 0 51 0 0 6 50 0 4 3 0 8 0 0 0 1 13 2 0 2 0 0 0 0 0 0 0 0 0 0 2 6 0 0 0 0 0 0 0 0 0 0 0 0 0 0 7 0 0 0 0 0 0 0 0 1 0 0 1 1 0 0 0 13 21 13 9 1 0 44 0 12 0 1 9 0 0 0 0 9 0 28 0 20 0 0 1 0 1 0 0 0 18 0 7 0 0 14 0 0 0 0 3 0 0 0 0 0 2 16 0 1 0 0 0 0 0 0 0 0 0 0 0 0 0 0 0 0 0 0 0 0 7 0 0 12 23 10 8 15 1 0 41 9 12 15 0 0 0 9 9 2 0 0 0 4 10 0 0 0 15 10 0 0 0 0 10 14 0 1 1 0 1 30 21 0 14 0 0 0 3 0 0 0 0 6 0 1 0 0 0 0 0 1 0 18 1 1 107 6 2 39 0 0 0 0 0 0 0 0 0 0 0 0 0 0 0 0 15 1 0 14 1 0 
 0 0 57 0 0 0 0 0 0 0 0 0 0 0 0 2 0 33 3 0 0 0 0 0 0 0 0 0 0 0 6 0 0 0 0 0 0 0 3 66 114 109 208 122 105 108 91 39 101 238 541 0 37 74 274 99 126 523 50 89 0 0 5 5 0 3 0 0 0 0 4 10 0 0 9 9 86 0 0 1 0 0 0 0 0 0 0 0 0 0 0 0 0 0 0 13 0 0 0 0 0 0 0 0 0 0 0 0 0 0 0 0 2 0 0 0 0 0 0 0 0 11 0 0 0 13 0 1 0 16 27 32 0 8 0 17 0 11 0 9 10 0 0 4 0 0 0 19 22 52 0 0 12 7 0 0 0 0 6 3 0 1 0 0 0 0 0 0 0 0 0 0 0 0 0 0 0 0 0 0 0 0 0 0 0 0 0 0 0 0 0 0 21 0 12 0 0 0 0 0 2 18 16 0 0 0 15 0 14 0 19 16 0 18 0 12 22 15 0 0 0 11 0 0 5 0 2 31 0 0 6 0 11 16 0 0 2 0 7 16 0 0 17 0 0 0 0 0 0 0 0 4 0 2 0 0 0 0 0 1 0 13 2 0 1 11 2 64 0 0 10 0 0 0 0 5 0 0 0 0 0 0 0 0 6 0 0 10 1 0 
 0 0 0 2 3 0 0 0 0 0 0 0 0 0 0 0 0 0 0 0 0 0 0 0 74 2 0 0 0 93 1 64 0 0 0 2 62 0 0 2 163 160 140 50 53 27 157 100 72 66 29 37 0 135 98 82 44 63 47 31 0 0 0 46 0 1 0 0 0 48 4 0 0 1 0 0 3 6 0 0 0 0 0 0 0 0 0 0 0 0 0 0 0 0 0 0 0 0 0 0 0 0 0 10 0 11 0 0 0 0 0 1 0 0 0 17 0 0 0 0 0 25 6 3 0 5 14 27 28 0 0 0 0 34 36 24 0 16 0 0 0 0 0 3 0 0 0 0 0 0 0 1 0 2 0 0 0 0 13 2 0 0 0 0 0 0 0 0 0 0 0 0 0 0 2 0 3 0 0 0 0 0 0 0 10 15 0 0 0 27 0 10 0 0 0 0 13 0 0 0 25 13 8 50 19 0 0 24 0 0 9 15 25 74 12 13 16 0 27 37 0 0 0 0 0 0 1 0 0 0 5 0 0 0 0 0 0 0 29 0 0 0 0 0 0 0 0 0 0 31 0 7 0 0 0 0 0 0 0 1 0 0 0 0 0 0 0 0 0 0 3 0 0 0 0 0 0 0 0 0 0 0 0 0 0 0 0 0 2 0 
 3 5 2 3 2 5 2 2 2 3 2 2 2 2 4 2 6 2 4 3 0 3 0 2 0 71 3 7 2 0 0 0 3 0 0 0 0 0 0 3 206 214 212 156 66 48 209 269 295 70 112 74 135 0 292 34 73 155 115 464 0 3 0 0 0 0 0 0 0 5 0 0 7 0 7 32 0 0 30 7 0 0 0 0 0 0 0 0 0 0 0 0 0 0 0 0 0 0 0 0 0 0 0 0 1 0 11 0 0 32 7 0 0 0 0 0 0 0 0 0 1 10 22 5 0 58 1 17 9 63 3 19 9 8 3 38 8 1 0 17 20 0 3 0 3 0 0 7 0 0 0 0 0 10 0 0 0 0 0 3 0 0 0 0 0 0 0 0 1 0 0 0 0 0 2 0 0 0 0 0 0 0 0 0 0 12 0 0 0 0 0 1 0 0 0 0 0 0 0 0 1 21 18 15 0 0 37 24 18 4 8 77 17 1 16 19 21 0 30 2 0 13 6 0 0 1 9 10 1 0 0 6 0 1 0 0 9 0 0 10 0 0 0 0 0 0 0 0 0 0 0 13 0 9 0 0 0 0 63 19 60 0 2 0 1 1 0 0 2 0 0 0 0 0 0 0 0 0 0 0 0 0 0 0 13 1 0 20 0 0 
 0 0 2 0 0 0 0 0 0 0 0 0 0 0 0 1 0 0 0 0 0 3 0 0 0 108 0 62 0 0 6 6 0 3 2 4 0 5 3 5 312 350 122 105 262 42 97 96 195 293 65 274 98 292 0 210 155 87 75 131 0 0 0 0 0 52 0 0 0 0 0 0 0 0 13 0 0 0 0 0 0 0 0 0 0 0 0 0 0 0 0 0 0 0 0 0 0 0 0 0 0 0 0 0 0 12 0 3 11 0 0 0 0 0 27 0 22 0 0 0 17 11 29 39 36 9 0 10 19 0 26 0 0 14 9 10 33 13 0 12 3 0 0 0 0 0 0 1 0 0 0 0 11 12 13 0 1 0 13 0 0 10 0 0 0 0 0 0 1 0 0 0 0 0 2 0 0 0 0 0 0 0 0 0 19 7 0 0 0 1 1 1 0 12 0 3 0 0 0 0 11 12 17 18 0 14 0 9 9 29 7 1 0 30 9 14 0 8 16 8 0 0 0 0 0 0 0 0 0 0 0 0 0 0 0 0 0 0 40 0 0 0 2 0 0 0 0 0 0 0 0 6 0 2 0 0 0 0 0 0 0 0 0 0 0 1 2 2 0 0 0 0 0 0 0 0 0 0 0 0 0 0 0 0 9 16 0 1 1 0 
 0 0 0 0 0 0 0 0 0 0 0 2 0 0 0 49 2 2 0 0 0 0 5 0 0 0 0 0 0 0 0 0 0 0 0 0 0 0 0 0 83 74 305 119 149 77 78 107 152 315 283 99 82 34 210 0 258 146 247 287 0 1 1 205 1 0 0 0 0 0 0 0 51 0 3 1 0 412 2 0 0 0 0 0 0 0 0 0 0 0 0 0 0 0 0 0 0 0 0 0 0 0 0 0 0 0 0 0 0 0 0 0 0 0 0 0 0 0 0 0 13 10 11 1 2 0 0 0 0 0 28 16 0 4 7 11 0 18 0 0 24 0 1 76 0 0 8 31 0 0 0 0 0 2 0 20 4 0 21 0 0 0 0 8 0 0 0 0 0 0 0 0 0 0 0 5 0 0 0 0 0 0 0 0 0 0 0 0 0 0 0 0 0 0 0 0 0 0 0 20 18 48 43 22 0 29 0 0 19 25 39 19 0 13 0 17 27 0 0 9 0 24 0 0 0 0 13 9 0 0 0 0 6 0 0 0 0 0 4 36 0 0 0 0 0 0 0 0 0 0 0 12 0 2 0 0 0 2 0 1 0 1 0 63 30 1 2 62 0 0 0 0 0 0 0 3 0 0 0 0 0 0 0 0 5 0 0 18 1 0 
 1 0 0 0 0 0 0 3 27 1 0 4 0 4 2 6 0 0 0 2 0 0 0 0 0 209 3 0 0 0 2 1 0 0 0 0 0 0 0 4 36 32 187 107 80 52 30 319 373 79 115 126 44 73 155 258 0 69 49 92 0 0 7 0 0 0 0 0 0 0 0 3 0 0 5 2 0 0 0 0 0 5 5 0 0 0 0 0 7 0 0 1 0 0 0 4 0 1 0 0 0 0 0 0 0 0 0 0 0 1 0 0 2 0 0 0 0 0 21 0 53 0 18 50 10 11 7 11 24 0 43 29 8 24 9 11 17 30 0 18 15 0 0 0 0 0 20 5 0 9 0 0 0 1 0 0 6 0 0 22 17 0 0 0 0 0 2 0 33 0 0 0 0 0 2 4 0 11 10 0 0 0 0 0 0 35 0 0 0 0 0 0 0 0 0 0 0 0 0 0 11 0 36 0 0 1 23 40 22 0 1 0 0 29 11 0 0 10 15 11 0 0 0 0 0 0 0 1 0 0 0 0 0 0 0 0 0 0 18 20 0 0 9 0 0 0 0 0 0 0 0 8 0 1 0 0 0 0 1 18 0 0 4 0 2 2 0 19 0 0 0 0 0 0 0 0 0 0 0 0 0 0 0 0 11 0 0 0 2 0 
 0 0 0 1 0 0 0 3 0 0 0 0 0 41 0 5 0 0 0 0 0 0 0 0 0 62 5 61 0 1 0 0 0 0 0 0 0 0 0 2 28 184 173 106 44 123 244 239 203 104 279 523 63 155 87 146 69 0 46 92 0 0 0 0 0 52 0 0 0 8 0 0 0 0 0 0 0 0 63 0 0 0 0 0 0 0 0 0 0 0 0 0 0 0 0 0 0 0 0 0 0 0 0 0 0 0 0 0 0 0 0 0 0 0 0 4 0 0 0 0 0 0 0 15 42 20 0 0 0 22 0 0 0 13 30 10 0 0 0 1 19 0 0 0 0 15 21 0 0 0 0 0 14 0 10 0 0 0 32 0 0 14 0 0 0 0 0 0 0 0 0 0 0 0 1 0 0 0 0 0 0 5 0 0 0 0 0 0 0 0 0 0 0 0 4 0 0 0 0 0 0 9 1 24 11 18 0 10 1 39 9 17 2 29 0 35 21 24 26 0 0 0 0 0 0 0 5 0 0 0 0 0 12 0 0 0 0 0 6 26 0 0 0 0 0 0 0 0 0 0 0 6 0 0 0 0 0 0 0 7 0 0 3 0 63 10 0 0 0 0 0 0 0 0 0 0 0 0 0 0 0 0 0 0 0 15 0 0 0 0 
 0 0 0 0 57 0 0 0 0 0 0 0 0 0 0 0 0 0 0 0 3 2 3 3 70 67 4 109 2 116 70 3 3 2 3 3 3 3 3 8 102 39 29 70 117 48 32 356 91 44 30 50 47 115 75 247 49 46 0 207 0 0 2 0 0 13 0 0 0 0 0 0 0 0 0 0 0 6 0 0 0 0 0 0 0 0 0 0 0 0 0 0 0 0 0 0 0 0 0 0 0 0 0 1 20 0 0 1 0 9 14 10 0 0 0 20 0 0 0 0 31 0 10 0 0 0 23 0 7 14 0 10 21 1 0 6 32 0 15 1 0 0 0 0 5 0 0 7 0 0 0 0 9 0 0 5 0 0 0 0 0 0 0 0 0 0 0 0 0 0 0 0 0 0 2 16 0 0 0 2 0 2 0 18 13 7 0 0 0 7 20 43 0 0 0 1 8 0 0 0 9 0 0 0 0 0 42 6 6 0 0 0 10 0 7 16 0 0 22 10 0 0 0 0 0 0 0 12 0 0 0 0 0 0 0 0 19 0 0 0 0 0 0 0 0 0 0 0 0 0 0 11 0 2 0 0 0 0 63 64 0 0 2 0 0 2 2 0 0 0 16 0 0 0 0 0 0 0 0 8 0 0 0 0 0 10 0 0 0 0 
 0 10 0 1 0 0 0 0 0 2 0 0 0 0 0 0 7 0 0 0 0 0 4 0 13 63 4 1 2 52 3 0 0 0 0 0 1 0 3 0 39 84 120 89 103 61 140 128 132 118 85 89 31 464 131 287 92 92 207 0 0 0 0 0 0 0 200 0 200 1 0 0 0 0 0 0 0 3 3 0 0 0 0 0 0 0 0 0 0 0 0 0 0 0 0 0 0 0 0 0 0 0 0 0 0 0 0 0 0 1 9 0 0 10 0 0 0 0 0 0 16 4 0 17 20 65 0 6 17 42 19 25 1 11 10 15 25 0 1 31 0 0 0 0 3 0 0 0 0 3 0 6 0 0 15 12 0 0 14 6 0 4 0 0 0 0 0 0 34 0 0 0 0 0 2 0 0 0 0 0 0 0 0 11 0 0 0 0 0 0 0 10 0 0 0 0 0 0 0 0 0 19 4 5 19 0 35 7 1 12 8 20 2 62 10 4 5 12 15 0 4 0 0 0 0 0 0 0 0 0 0 0 0 0 5 0 0 0 16 0 0 0 0 0 0 0 0 0 0 0 0 2 0 1 0 0 0 2 0 0 0 0 1 0 1 0 0 0 0 0 1 0 0 0 0 0 0 0 0 0 0 0 0 0 30 0 0 0 0 0 
 0 0 0 0 0 6 0 0 4 3 5 0 0 0 1 0 2 3 1 0 0 0 6 0 0 0 2 0 1 0 0 0 2 3 0 0 0 0 0 3 0 0 0 3 52 0 0 2 0 44 0 0 0 0 0 0 0 0 0 0 0 96 106 109 44 36 117 232 107 39 25 45 43 46 39 52 31 104 116 90 0 0 0 0 0 3 0 0 0 0 0 3 0 0 0 24 0 0 0 0 0 0 1 0 0 0 0 1 0 0 0 0 1 0 0 0 0 0 0 11 0 0 0 0 0 0 0 0 0 0 0 0 0 0 8 0 0 0 0 0 0 0 7 8 9 0 5 0 7 0 14 16 11 0 18 22 24 15 0 5 0 0 3 3 7 18 0 0 1 3 0 5 0 0 1 1 10 1 0 0 0 0 0 0 0 0 0 0 0 0 0 0 4 0 0 5 0 0 1 1 0 0 0 0 0 1 0 0 0 0 1 0 0 0 0 0 0 0 0 0 7 40 24 29 9 0 1 0 10 22 14 5 28 15 12 22 11 32 6 0 0 0 0 0 0 0 0 0 0 0 0 0 7 0 7 0 0 0 0 0 0 0 0 0 0 0 0 1 0 0 16 0 1 1 0 2 0 0 0 0 0 0 0 0 0 0 0 0 0 0 
