 0 191 400 205 39 47 473 166 48 242 183 129 140 41 362 55 52 17 41 185 0 78 2 0 0 0 3 1 3 0 0 0 2 0 0 1 10 2 0 0 0 2 5 0 0 0 0 0 0 0 0 3 2 0 30 0 65 0 0 0 0 0 0 2 2 1 3 3 2 3 4 4 3 0 2 0 2 2 2 2 21 1 7 1 0 0 0 1 0 52 0 0 41 14 1 15 14 18 24 0 0 0 0 0 0 0 0 0 0 2 0 6 0 0 0 0 0 0 1 0 0 0 0 0 0 0 0 0 0 0 0 0 8 0 0 0 0 0 0 0 0 0 0 0 0 0 0 5 0 0 1 0 0 0 0 0 0 0 0 0 26 0 29 20 23 20 12 0 1 15 0 0 0 10 0 13 4 16 11 11 0 0 0 0 0 0 0 0 0 0 0 0 1 0 0 0 0 0 0 0 0 0 0 0 36 0 0 0 0 0 0 0 0 0 0 0 0 0 0 1 0 0 0 9 0 0 0 0 0 0 0 0 0 0 0 0 0 0 0 0 0 0 0 0 0 2 2 0 0 102 1 11 0 9 0 0 2 0 0 0 0 0 0 0 0 0 0 0 0 0 0 0 0 22 0 0 10 0 0 0 0 0 0 0 0 0 0 0 0 0 
 191 0 229 157 45 31 178 291 238 122 32 89 139 148 231 183 39 54 86 182 0 2 3 4 0 2 0 0 6 5 0 0 2 4 2 6 5 0 0 4 0 2 3 5 6 1 0 0 0 5 6 0 2 0 2 3 8 0 0 0 0 1 0 0 2 3 47 71 3 2 0 2 1 0 0 1 0 2 2 0 10 8 27 9 12 0 17 18 28 25 7 0 12 18 53 11 11 27 0 0 0 0 0 0 11 0 0 0 0 0 0 0 9 11 0 0 0 0 8 21 0 0 0 0 0 0 0 0 0 0 16 0 0 0 0 0 0 0 0 0 0 2 0 1 0 0 0 0 0 0 0 0 0 4 0 0 0 0 0 0 15 0 10 25 0 0 0 20 17 27 0 7 19 0 9 0 10 42 36 0 0 0 14 0 0 0 0 0 0 0 2 0 15 0 0 0 0 0 0 0 0 10 0 0 0 0 0 0 0 0 0 0 0 0 0 0 0 0 0 0 0 0 0 0 0 0 0 0 19 0 0 0 0 2 0 0 0 0 0 0 0 0 0 0 0 1 1 0 0 8 10 6 0 0 0 17 0 0 0 0 0 0 0 0 0 0 0 0 0 0 0 0 0 2 0 0 15 0 0 0 0 0 0 0 0 0 0 0 0 0 
 400 229 0 112 63 242 162 133 161 217 153 54 150 153 53 138 238 314 143 150 0 3 0 0 0 1 0 0 4 0 0 0 2 0 2 2 77 0 0 0 0 2 6 0 2 0 0 0 0 6 6 1 3 0 2 4 0 0 1 2 0 0 0 2 0 0 3 3 4 2 0 0 3 0 0 0 0 0 2 0 27 5 55 3 3 13 0 0 12 49 17 20 0 19 28 0 19 1 0 0 0 0 0 0 0 0 1 0 0 0 0 0 0 0 0 0 0 0 0 0 0 0 0 0 0 0 0 0 0 0 0 0 0 0 0 0 0 0 0 0 7 0 0 0 0 0 0 0 0 0 0 0 0 0 0 0 0 0 0 0 10 0 47 34 51 6 24 28 0 10 13 4 0 14 0 30 61 0 13 14 0 0 0 0 0 0 2 0 1 0 0 0 0 0 0 0 0 0 37 23 0 0 0 0 0 0 0 0 0 0 0 0 0 0 0 0 0 0 18 0 0 0 0 0 0 0 0 0 0 0 0 0 0 0 0 0 0 0 0 0 0 0 0 0 0 0 37 0 0 2 0 6 0 0 0 0 0 0 0 0 1 0 0 0 0 0 0 0 0 0 0 0 0 47 0 14 0 11 0 0 0 0 0 0 0 0 0 0 0 0 
 205 157 112 0 174 308 137 284 224 186 400 147 59 88 158 112 248 31 49 235 9 3 2 0 0 0 151 4 4 0 0 0 41 32 77 3 2 2 76 82 1 63 3 0 111 3 0 0 0 1 10 2 3 3 2 4 3 0 0 0 0 0 2 2 0 0 4 3 0 4 0 4 0 0 9 0 2 6 2 0 39 11 37 37 1 17 0 0 0 33 16 0 18 0 14 0 32 21 0 0 1 0 0 0 0 0 0 0 0 0 0 0 9 10 17 0 0 0 1 14 0 0 0 0 0 0 0 0 0 0 0 0 0 0 0 0 18 0 0 0 3 0 0 0 0 0 0 0 0 0 0 0 0 0 0 0 0 0 0 0 14 0 8 0 29 11 15 0 1 0 31 21 0 15 16 11 20 22 0 22 0 10 14 0 0 0 0 10 0 0 0 0 37 0 0 11 0 0 11 0 14 0 0 0 0 0 0 0 0 12 0 0 0 0 0 0 0 0 0 0 0 0 0 0 0 0 0 0 0 0 0 0 0 0 0 0 0 8 0 0 0 12 0 0 0 1 4 1 2 93 0 7 0 0 0 0 2 0 0 0 0 0 0 0 0 0 0 0 0 0 0 0 0 0 0 22 10 53 0 0 0 0 0 0 1 0 0 0 0 0 
 39 45 63 174 0 167 43 370 115 123 184 131 57 75 470 143 799 45 50 79 176 38 0 1 0 0 79 0 3 0 0 0 63 74 154 3 34 1 0 173 0 8 3 0 0 2 4 0 0 0 0 1 2 0 2 0 0 1 0 0 0 6 0 0 41 0 7 3 0 2 0 0 0 0 0 0 0 0 2 8 0 0 0 11 26 35 0 0 0 0 21 0 0 0 0 16 0 0 0 0 23 0 15 0 0 0 3 39 25 0 1 1 16 0 31 0 31 55 28 0 17 0 0 0 0 0 0 0 6 0 0 0 0 0 7 0 20 0 0 0 0 0 0 0 0 0 0 0 0 0 0 0 0 0 0 0 0 0 0 0 0 18 0 0 12 25 10 6 0 0 1 31 0 2 0 2 1 0 0 0 45 12 0 2 1 0 26 10 24 0 0 0 11 19 3 0 0 0 31 47 2 0 0 0 1 0 0 0 0 0 0 0 0 0 0 0 0 0 0 0 0 0 0 0 1 0 0 0 0 0 0 0 0 0 0 0 18 0 0 0 0 0 0 0 0 5 4 0 55 2 0 19 0 2 0 0 0 0 0 0 0 0 11 0 0 0 0 0 0 0 0 0 0 0 0 14 0 0 0 0 0 0 0 0 0 11 0 0 0 1 
 47 31 242 308 167 0 34 113 94 70 72 362 47 107 255 146 161 46 56 256 188 2 0 74 0 0 0 77 2 0 0 0 81 170 79 0 76 5 62 104 0 5 3 0 70 1 4 0 0 0 0 1 2 0 2 0 0 0 0 0 0 0 0 0 0 0 3 3 1 2 0 0 2 0 0 0 14 3 2 0 0 19 0 14 10 21 0 0 0 0 22 21 0 0 0 0 15 11 0 0 38 15 9 0 0 0 19 0 45 0 1 0 32 0 22 23 33 116 0 30 0 0 0 0 0 0 0 0 0 0 0 0 0 0 0 0 17 0 0 0 0 0 0 0 0 0 0 0 0 0 0 0 0 0 0 0 0 0 0 0 0 18 0 0 12 10 0 0 8 13 22 67 0 18 8 0 1 0 5 0 105 21 0 0 0 0 25 30 14 10 0 11 20 10 0 3 0 0 0 11 0 26 0 0 0 0 0 0 0 0 9 0 0 0 0 0 0 0 0 10 0 0 0 0 0 14 0 0 0 0 0 0 0 0 0 0 0 0 0 0 0 0 0 0 0 0 1 1 1 2 0 15 0 0 0 0 0 0 0 0 0 0 12 0 0 0 0 0 0 0 0 0 0 0 0 13 0 0 0 0 0 3 0 0 0 0 0 0 0 0 
 473 178 162 137 43 34 0 182 106 33 36 123 101 50 122 151 34 34 20 511 76 3 0 0 0 0 0 0 10 2 0 0 3 2 0 0 27 1 0 0 0 2 3 0 0 2 0 0 0 0 3 0 2 63 2 0 7 0 0 0 0 0 0 0 0 0 3 32 0 2 0 0 0 0 0 0 0 0 2 0 43 11 13 20 0 9 19 6 10 28 0 0 19 22 22 10 23 27 0 0 0 0 0 0 0 0 20 0 0 0 0 0 1 0 0 0 0 0 4 0 0 0 0 0 0 0 0 0 0 0 0 0 0 0 0 0 0 0 0 0 0 0 0 5 0 0 0 0 0 0 0 0 0 0 0 0 0 0 0 0 21 0 14 1 55 15 42 0 0 12 0 2 23 38 28 6 13 24 16 14 0 0 0 0 0 23 0 0 0 0 0 0 22 0 0 0 0 0 0 0 0 0 0 0 0 0 0 0 0 0 25 0 0 0 0 5 0 0 0 0 0 0 0 0 0 0 0 0 0 0 1 2 0 0 0 0 0 0 0 0 0 0 0 0 0 3 0 0 0 89 0 5 0 0 0 0 0 0 0 0 0 0 63 0 0 0 0 0 0 0 0 0 0 1 0 0 10 0 0 0 0 0 0 0 0 0 0 0 0 0 
 166 291 133 284 370 113 182 0 590 86 46 171 266 377 433 396 106 119 230 230 4 5 4 0 3 0 2 0 4 0 4 0 77 0 5 0 4 3 4 34 67 5 9 0 0 3 1 1 2 8 7 0 2 10 3 0 7 3 5 8 3 3 9 0 48 0 3 43 0 2 0 6 1 0 3 3 0 4 2 0 14 8 43 0 0 0 5 2 23 18 7 0 9 39 25 25 43 53 0 0 0 0 0 0 0 0 9 0 0 0 0 0 16 9 0 0 0 0 0 14 0 0 0 0 0 0 0 0 0 0 0 0 0 0 0 0 21 0 0 0 0 0 0 0 0 0 0 0 0 0 0 0 0 7 14 0 0 0 0 0 0 10 0 17 0 0 16 57 9 31 17 14 9 22 6 0 46 20 15 0 0 0 0 9 0 0 0 0 0 0 0 0 0 0 0 0 0 0 0 0 0 0 0 0 0 0 0 0 8 0 0 0 0 1 0 0 0 0 0 0 2 0 0 0 0 0 0 0 0 0 0 0 0 2 0 0 0 0 0 0 0 0 0 0 0 0 1 0 0 37 2 11 0 0 0 0 0 0 0 0 2 0 0 0 0 0 0 0 0 0 0 0 0 0 0 16 3 0 0 2 0 0 0 0 0 0 0 0 0 0 
 48 238 161 224 115 94 106 590 0 326 43 199 70 165 281 85 272 47 79 75 73 3 0 0 0 0 0 0 4 0 2 0 3 74 12 0 4 0 103 78 0 2 3 0 0 2 0 0 0 0 0 0 2 0 2 0 0 2 0 6 0 0 0 0 0 0 3 3 0 2 0 0 0 0 0 0 0 0 2 1 0 22 17 0 25 9 0 0 16 8 37 14 14 0 10 0 35 66 0 0 17 0 0 0 0 0 19 0 0 0 0 0 0 0 1 0 0 0 0 15 0 0 0 0 0 0 0 0 0 0 0 0 0 0 0 0 0 0 0 0 1 0 2 0 0 0 0 0 1 0 0 0 0 0 0 0 0 0 0 0 0 16 0 2 1 14 1 8 21 42 16 28 13 19 14 9 10 0 1 2 3 0 0 0 0 0 0 10 0 0 0 0 0 0 0 0 0 0 0 1 0 13 0 0 0 0 0 0 0 0 0 0 0 0 0 0 0 1 0 0 0 0 0 0 0 0 0 0 0 0 0 0 0 0 0 1 9 0 0 0 0 0 0 0 0 2 91 0 1 90 0 2 0 0 0 0 0 1 0 0 0 0 0 0 0 0 0 0 0 0 0 0 0 0 0 0 10 0 0 0 0 0 0 0 0 0 0 0 0 0 
 242 122 217 186 123 70 33 86 326 0 485 131 40 164 98 205 220 37 154 153 102 2 0 0 2 2 37 0 4 1 0 0 97 73 0 0 1 0 0 75 0 66 3 0 0 1 5 0 0 0 0 0 2 0 2 0 0 0 0 0 0 0 0 0 8 0 3 34 0 3 0 0 2 0 2 0 0 0 2 0 14 18 9 0 38 0 11 12 0 23 34 12 0 17 10 10 28 0 1 0 20 0 0 0 0 0 0 0 0 0 0 0 15 13 1 0 0 0 0 55 0 0 0 0 0 0 0 0 0 0 0 0 0 0 0 0 0 0 0 0 0 0 0 0 0 0 0 0 0 0 0 0 0 3 2 0 0 0 0 0 0 3 8 0 0 19 15 14 13 10 0 10 0 10 0 41 18 21 9 0 1 0 0 0 0 0 0 9 0 0 0 0 0 0 5 0 0 0 27 14 0 11 0 0 0 0 0 0 0 0 0 0 0 0 0 0 0 0 0 0 0 0 0 0 0 0 0 0 0 0 0 0 0 0 0 0 0 0 0 0 0 0 0 0 0 4 89 2 2 2 0 16 0 0 0 0 0 0 0 0 0 0 0 0 0 0 0 0 0 0 0 0 0 0 0 15 7 0 0 0 0 0 0 0 0 0 0 0 0 0 
 183 32 153 400 184 72 36 46 43 485 0 195 47 46 290 368 293 248 30 173 74 3 0 0 0 2 154 0 2 2 0 2 79 78 61 0 4 0 212 0 1 2 6 0 0 3 0 0 0 0 0 5 2 0 3 0 0 0 45 0 0 0 0 0 0 0 3 3 0 2 0 3 0 0 0 0 0 2 2 0 33 0 51 15 49 60 0 0 0 9 27 0 0 0 0 19 14 14 0 0 16 0 0 0 0 0 0 0 0 0 0 0 1 43 25 0 0 0 16 1 0 0 0 0 0 1 0 0 0 0 0 0 0 0 0 0 3 0 0 0 2 0 0 0 10 0 0 0 0 0 0 0 0 0 0 0 0 0 0 0 0 0 19 20 24 1 17 7 0 14 14 29 0 17 15 29 11 9 8 27 0 5 44 0 0 0 0 14 0 0 0 0 0 2 11 0 0 0 23 53 0 0 0 0 0 0 0 0 0 4 0 0 0 0 0 0 0 0 0 0 0 0 0 0 0 0 0 0 0 0 0 0 0 0 0 0 0 0 0 0 0 4 0 0 0 0 3 2 0 91 0 6 10 0 10 0 0 0 0 0 0 0 0 0 0 0 1 0 0 0 0 0 0 0 0 1 0 11 0 0 0 0 0 0 0 0 0 0 0 0 
 129 89 54 147 131 362 123 171 199 131 195 0 238 48 111 110 182 73 236 327 96 3 0 0 5 2 74 148 2 0 0 0 106 30 149 0 74 0 224 135 64 2 3 0 0 3 0 0 0 0 0 14 2 0 2 1 0 0 0 0 0 0 1 0 0 0 3 3 0 2 0 0 0 0 0 0 0 0 2 0 0 0 25 0 46 1 0 2 0 15 23 22 0 0 0 0 12 30 0 0 22 0 0 0 0 0 24 23 0 0 0 0 0 5 0 1 0 1 63 12 0 0 0 0 0 0 0 0 0 0 0 0 23 0 0 0 0 10 0 0 7 1 0 2 0 0 0 0 0 0 0 0 0 0 0 0 0 0 0 0 0 0 7 17 32 13 0 0 0 38 34 0 0 0 15 12 0 2 0 0 17 11 22 0 0 0 0 14 9 14 1 0 0 30 0 0 0 0 58 34 0 0 0 0 0 0 0 0 0 12 0 0 0 0 0 0 0 0 14 0 0 0 0 0 0 0 0 0 0 0 0 0 0 0 0 0 0 0 0 0 0 12 0 0 0 5 0 0 88 136 0 10 11 0 0 0 0 0 0 0 0 0 0 0 0 0 0 0 0 0 0 0 0 0 0 0 11 12 0 0 0 3 0 0 0 0 0 0 0 0 
 140 139 150 59 57 47 101 266 70 40 47 238 0 349 53 34 34 32 113 50 0 67 3 0 0 0 3 0 5 0 0 0 5 3 0 0 2 2 3 0 1 2 3 0 0 3 0 0 0 0 3 0 2 0 2 0 0 3 0 0 0 0 0 1 0 0 3 3 0 2 0 0 0 0 2 0 0 0 2 0 10 16 2 0 0 16 1 23 41 0 0 0 23 29 15 18 1 42 13 6 0 0 0 0 0 0 16 0 0 0 0 0 0 2 0 0 0 0 0 0 0 0 0 0 0 2 0 0 0 0 0 0 0 0 0 0 0 0 0 0 0 0 0 18 0 0 0 19 0 0 0 0 0 0 0 0 0 0 0 0 29 14 44 13 0 0 13 8 0 34 0 1 32 14 0 0 0 10 3 0 0 0 0 0 0 0 0 0 0 0 0 0 0 0 0 0 0 0 0 0 0 0 0 0 0 0 1 0 0 2 0 0 0 0 0 2 0 0 0 0 0 0 0 0 1 0 0 0 0 0 0 0 0 0 0 0 0 0 0 0 0 0 0 0 0 0 0 0 3 2 0 3 0 0 0 0 0 0 0 0 0 0 0 0 0 0 2 0 0 0 0 0 0 0 0 0 0 0 0 0 0 0 0 0 0 2 0 0 0 0 
 41 148 153 88 75 107 50 377 165 164 46 48 349 0 176 168 86 44 86 127 0 3 0 0 0 0 0 0 38 0 0 0 76 0 0 0 5 0 0 0 0 2 24 0 0 3 63 0 0 0 0 0 2 0 2 2 0 0 0 0 0 0 0 0 0 0 3 54 0 2 0 0 0 0 0 0 0 0 2 0 3 56 8 0 0 13 11 10 33 5 0 0 20 10 56 51 15 15 14 0 0 0 0 0 0 0 14 0 0 0 0 0 0 0 0 0 0 0 0 1 0 0 0 1 0 0 0 0 17 0 0 0 0 0 0 1 0 0 0 0 0 0 0 0 0 0 0 0 0 0 0 0 0 4 1 0 0 0 0 0 0 0 0 0 20 10 1 11 51 7 10 8 37 16 11 0 13 11 13 0 0 0 0 0 0 0 10 16 2 0 0 0 0 0 0 0 22 0 0 0 0 0 0 0 0 0 0 2 0 0 0 0 0 0 0 0 0 0 0 0 0 0 0 0 0 0 0 0 0 0 0 0 0 0 1 0 1 0 0 0 0 0 0 0 0 0 90 2 0 0 0 13 0 0 0 0 0 0 0 0 0 0 0 0 0 0 0 0 0 0 0 0 0 0 0 0 1 0 0 0 0 0 0 0 0 0 0 0 0 15 
 362 231 53 158 470 255 122 433 281 98 290 111 53 176 0 189 205 32 165 442 74 5 3 0 0 1 0 3 4 0 0 0 2 0 0 0 2 3 3 0 0 2 3 0 0 1 0 0 2 0 2 0 2 0 2 0 6 62 0 0 0 2 0 0 0 0 3 35 0 2 0 2 2 0 11 0 0 0 2 0 32 1 10 20 0 0 32 26 1 31 0 0 16 49 33 27 40 16 9 0 0 0 0 2 0 0 0 0 0 0 0 0 2 0 0 2 0 0 13 0 12 0 0 0 0 0 2 0 0 0 0 0 0 0 0 0 0 0 0 0 0 0 0 0 0 0 0 2 0 0 0 0 0 3 2 0 0 0 0 0 2 0 0 7 13 23 29 14 12 0 0 1 8 36 26 5 24 42 19 14 0 0 0 0 0 0 0 0 0 0 0 0 21 0 0 0 0 0 0 0 0 0 0 0 0 0 0 0 0 0 0 0 1 0 0 0 0 0 0 0 0 0 0 0 0 0 0 1 0 0 0 0 0 0 0 0 0 0 0 0 0 2 0 0 0 2 3 0 2 88 0 7 0 0 0 0 0 0 0 0 0 0 0 0 0 0 0 0 0 0 0 0 0 0 0 0 10 0 0 0 0 0 0 0 0 0 0 0 0 0 
 55 183 138 112 143 146 151 396 85 205 368 110 34 168 189 0 111 47 43 112 0 3 0 0 0 0 2 0 3 0 0 0 3 0 79 0 4 0 0 74 2 2 3 0 0 2 7 0 0 0 0 0 2 0 2 0 0 0 0 0 0 0 0 0 0 0 3 45 0 2 0 0 0 0 0 0 0 0 2 0 0 10 17 28 0 0 13 10 0 15 6 0 14 34 1 14 63 89 15 0 0 0 0 0 0 0 19 0 0 0 0 0 0 0 0 0 0 0 0 1 0 0 0 0 0 0 0 0 0 0 0 0 0 0 0 0 19 0 0 0 0 0 0 0 0 0 0 0 0 0 8 0 0 6 0 0 0 0 0 0 0 61 8 7 2 1 0 0 34 0 28 30 0 19 33 0 4 11 13 1 54 0 10 0 0 0 8 0 0 0 0 0 15 0 0 0 0 0 14 10 0 19 0 0 0 0 0 0 0 0 0 0 0 0 0 0 0 0 0 0 0 0 0 0 0 0 0 0 0 0 0 0 0 0 0 0 0 0 0 0 0 0 0 0 0 3 1 0 0 87 0 0 0 0 0 0 0 0 0 0 0 0 2 0 0 0 0 0 0 0 0 0 0 0 0 0 10 0 0 0 0 0 0 0 0 0 0 0 0 0 
 52 39 238 248 799 161 34 106 272 220 293 182 34 86 205 111 0 82 36 67 2 3 2 2 2 3 82 0 6 0 2 0 96 2 2 0 6 0 2 87 66 3 5 0 0 3 4 2 0 2 2 0 4 2 3 0 40 2 0 0 0 0 1 0 2 0 3 3 0 2 3 2 0 0 0 0 0 1 2 0 2 4 23 19 0 0 0 0 0 0 27 0 0 0 0 0 16 0 0 0 2 0 0 0 0 0 0 0 1 1 1 0 19 3 0 0 0 0 22 33 0 0 0 0 2 0 0 0 0 0 0 0 0 0 0 0 16 0 0 0 5 0 0 13 0 2 0 0 0 0 0 0 1 0 0 0 0 0 0 0 0 8 10 35 34 0 0 0 1 0 23 38 0 0 1 35 19 10 0 0 8 0 0 0 0 0 8 1 0 0 0 0 20 0 0 0 0 0 21 25 14 0 0 0 0 0 0 0 0 0 0 0 0 11 0 0 0 0 0 0 0 0 0 0 0 0 0 0 0 0 0 0 0 0 0 0 0 0 0 0 0 0 0 0 0 2 85 1 1 3 1 4 0 0 0 0 0 2 0 0 0 0 28 0 2 0 0 0 0 0 0 0 0 0 0 19 0 2 0 0 0 0 0 0 0 0 0 0 0 0 
 17 54 314 31 45 46 34 119 47 37 248 73 32 44 32 47 82 0 272 361 0 5 0 1 0 1 75 2 8 3 1 0 3 0 0 5 7 3 78 75 1 2 6 3 0 3 3 2 3 8 71 3 2 8 2 0 0 0 0 9 0 3 6 0 2 2 3 8 0 3 9 0 0 3 0 3 0 0 33 2 10 11 15 9 21 13 0 56 28 69 29 28 0 49 11 18 34 50 0 0 0 0 2 0 2 0 0 0 0 0 0 0 0 0 2 0 1 0 25 1 0 0 0 0 15 0 0 0 0 0 0 0 0 0 0 0 0 2 0 0 1 0 0 0 0 23 0 0 49 2 0 0 0 0 0 0 0 0 0 0 14 31 19 18 0 10 0 5 0 20 0 10 2 0 10 64 0 1 15 0 0 0 0 0 0 0 0 0 0 0 0 0 0 0 2 0 0 0 26 18 0 0 0 21 0 0 1 0 1 0 0 0 0 0 0 2 0 0 0 0 0 0 0 0 0 0 0 0 0 0 0 0 0 3 0 0 0 0 0 0 0 0 0 0 0 0 92 0 0 0 0 113 0 0 0 0 0 0 0 0 0 0 0 0 0 2 0 0 0 1 0 0 0 0 0 0 0 0 0 0 0 0 0 0 0 0 0 0 0 0 
 41 86 143 49 50 56 20 230 79 154 30 236 113 86 165 43 36 272 0 358 0 2 0 0 0 0 0 0 3 0 0 0 2 0 0 0 4 0 0 0 0 2 3 0 0 1 0 0 0 0 0 0 2 0 2 0 0 0 0 0 0 4 0 0 0 0 3 51 0 2 0 0 38 0 0 0 0 1 2 0 34 0 0 1 0 0 68 51 9 15 0 0 0 10 16 11 0 0 21 45 0 0 0 0 0 0 0 0 0 0 0 11 0 0 0 0 0 0 0 0 0 0 0 0 0 0 0 0 0 0 0 0 0 0 0 0 0 0 0 0 0 0 0 0 0 0 0 0 0 5 0 0 0 0 6 0 0 0 0 0 15 0 9 9 0 4 36 26 22 0 0 2 0 4 0 0 0 9 36 0 0 0 0 0 0 0 0 0 0 0 0 0 0 0 0 0 0 0 0 0 0 0 0 0 0 0 19 0 9 0 0 0 0 0 0 0 0 0 0 0 0 0 0 0 0 0 0 0 15 0 0 0 0 0 0 0 0 0 0 0 0 0 0 0 0 2 2 2 2 1 0 12 0 0 0 0 0 0 0 2 0 0 0 0 0 0 0 0 0 0 0 0 0 0 0 0 0 0 0 0 0 0 0 0 0 0 0 0 0 0 
 185 182 150 235 79 256 511 230 75 153 173 327 50 127 442 112 67 361 358 0 0 2 0 0 0 0 0 0 8 0 0 0 2 0 0 0 5 0 0 0 0 2 3 0 0 2 0 0 0 0 0 0 2 0 2 0 4 0 0 0 0 10 0 0 0 0 3 45 0 2 0 1 1 0 0 0 0 0 2 0 18 0 11 8 0 0 11 27 1 54 0 0 14 31 26 57 19 14 17 0 0 0 0 11 1 0 0 0 0 0 0 0 0 14 0 0 0 0 1 0 0 0 0 0 0 0 0 0 0 0 0 0 0 0 0 0 0 0 0 0 0 0 0 0 0 0 0 0 0 1 0 0 0 9 0 0 0 0 0 0 24 0 25 11 33 18 10 1 10 0 0 2 19 23 15 14 5 14 25 11 0 0 0 0 0 0 0 0 0 0 0 0 0 0 0 0 0 0 0 0 0 0 0 16 0 0 2 0 2 1 0 0 0 0 0 1 0 0 0 0 0 0 0 0 0 0 0 0 0 0 0 0 0 2 0 0 0 0 0 0 0 0 0 0 0 0 0 1 1 87 1 4 0 0 0 0 0 0 0 0 0 0 0 0 0 0 0 0 0 0 0 0 0 0 0 0 10 0 0 0 0 0 0 0 0 1 0 0 0 0 
 0 0 0 9 176 188 76 4 73 102 74 96 0 0 74 0 2 0 0 0 0 322 76 51 27 24 194 129 26 105 137 34 178 173 397 112 109 122 125 63 1 2 2 0 3 0 0 0 4 6 3 4 1 0 1 2 2 0 0 0 0 0 0 5 0 0 0 0 0 0 3 2 0 0 3 0 2 1 3 0 0 0 0 0 15 0 0 0 0 0 0 8 0 0 0 0 0 0 0 0 73 14 10 30 7 0 15 19 18 6 10 7 10 19 30 1 25 27 1 0 0 0 0 0 0 0 0 0 0 0 0 0 0 0 0 0 0 0 12 8 0 0 0 0 0 1 0 0 0 0 0 1 0 0 0 0 0 0 0 0 0 0 0 0 22 10 0 0 0 14 0 1 4 0 0 0 0 0 0 0 32 28 11 0 11 31 17 21 8 0 11 1 0 26 0 0 36 7 25 20 0 0 0 0 0 0 31 0 0 9 0 0 0 0 1 0 0 0 0 0 0 0 0 0 0 0 0 0 0 0 0 0 0 0 0 0 0 0 0 0 0 9 0 0 0 0 0 1 106 0 0 0 0 0 3 0 3 3 78 0 1 0 0 0 0 0 0 0 0 0 0 0 0 0 0 0 0 0 0 0 0 33 0 0 0 0 0 0 0 0 
 78 2 3 3 38 2 3 5 3 2 3 3 67 3 5 3 3 5 2 2 322 0 281 91 151 52 78 200 519 141 148 36 155 48 133 289 339 38 137 190 2 0 0 0 3 0 0 0 0 3 8 0 0 0 6 0 0 4 61 0 13 0 0 0 0 0 0 0 0 0 0 0 0 0 2 0 0 0 3 0 0 0 0 0 0 10 0 0 0 0 0 0 0 0 0 12 0 0 0 0 0 10 25 13 27 34 2 34 0 20 0 10 0 0 12 31 20 26 0 0 1 0 2 0 0 0 6 17 0 0 0 0 20 0 0 0 0 11 11 1 0 8 0 0 0 0 0 0 0 0 3 0 0 0 0 2 0 26 0 0 0 0 0 0 31 28 0 0 0 0 0 0 0 0 0 0 0 0 0 0 4 1 39 1 37 0 0 0 13 0 9 31 0 1 16 0 10 32 0 2 0 0 0 0 0 0 15 0 0 0 0 0 7 0 0 0 0 0 11 0 0 0 0 16 0 0 0 0 0 0 0 0 0 0 0 0 0 0 0 0 0 0 18 0 0 0 0 0 0 0 0 0 0 0 0 0 2 1 77 0 0 0 0 0 0 0 13 0 0 0 0 0 0 0 0 0 0 0 0 0 0 0 0 0 0 17 0 0 0 0 
 2 3 0 2 0 0 0 4 0 0 0 0 3 0 3 0 2 0 0 0 76 281 0 255 568 145 158 410 152 63 55 250 67 258 282 239 318 439 306 139 0 0 0 0 3 0 0 0 3 3 3 0 18 0 4 0 0 5 65 0 0 0 3 0 0 0 0 0 0 1 0 0 0 0 0 0 0 0 3 0 0 0 0 0 0 7 0 0 0 0 0 0 0 0 0 0 0 0 0 0 0 0 14 24 15 21 12 17 0 14 8 1 0 12 13 34 13 1 0 0 1 0 1 0 0 0 0 11 0 0 0 0 11 12 1 0 0 0 12 0 0 8 0 0 0 0 0 0 0 0 10 0 0 0 0 0 0 0 0 0 0 0 0 0 0 0 0 0 0 0 0 11 0 0 0 0 0 0 0 0 0 0 12 0 58 0 0 13 24 0 33 8 0 10 2 8 0 14 0 0 0 0 0 0 0 0 14 0 0 0 0 0 49 0 0 5 0 0 1 0 0 0 0 0 0 0 0 0 0 0 0 1 0 0 0 0 0 0 0 0 0 0 0 0 0 0 0 0 0 0 0 0 0 0 20 0 0 0 112 0 2 0 0 0 0 0 0 0 0 0 0 0 0 0 0 0 0 0 0 0 0 0 0 0 0 3 13 0 0 0 
 0 4 0 0 1 74 0 0 0 0 0 0 0 0 0 0 2 1 0 0 51 91 255 0 170 110 161 154 202 73 130 77 140 205 48 122 119 205 182 138 11 2 0 3 5 6 70 0 0 3 8 0 3 6 6 5 0 77 1 63 0 2 1 0 0 0 0 0 51 0 0 2 0 0 5 3 4 6 2 0 0 0 0 0 0 0 0 0 0 0 0 0 0 0 0 0 0 0 0 0 30 8 0 17 20 0 11 1 12 20 70 32 1 0 10 46 27 18 0 10 0 0 0 0 0 0 11 0 0 0 0 0 21 10 0 0 0 0 0 0 0 5 0 0 0 0 0 0 0 2 10 0 0 0 0 1 0 1 0 0 0 0 0 0 0 0 0 0 0 0 0 0 0 0 0 0 0 0 6 0 9 13 38 23 20 0 0 18 2 10 20 0 1 23 1 16 20 29 0 0 19 2 0 0 0 0 0 10 0 0 0 0 31 0 1 31 0 0 37 39 1 0 0 0 0 1 0 0 0 0 0 0 0 0 0 0 0 0 0 0 0 0 8 0 0 0 0 0 0 0 0 0 0 0 21 0 0 3 14 0 0 0 0 0 0 0 0 0 0 0 0 0 0 0 0 0 0 0 0 0 0 14 0 0 0 0 0 0 0 0 
 0 0 0 0 0 0 0 3 0 2 0 5 0 0 0 0 2 0 0 0 27 151 568 170 0 547 57 58 81 295 574 311 57 74 75 375 65 49 118 269 0 63 68 0 3 0 16 0 4 3 3 0 2 3 100 0 0 0 74 76 0 0 0 0 0 0 0 0 0 3 0 0 0 0 0 0 2 0 3 0 0 0 0 0 0 0 0 0 0 0 3 0 0 2 0 0 0 0 0 0 0 0 15 19 33 48 0 0 0 3 0 0 0 0 0 0 1 14 0 0 11 0 0 0 11 0 21 2 0 0 0 2 26 10 0 0 0 1 24 11 0 0 0 0 0 0 0 0 5 0 0 0 0 0 0 1 35 0 0 0 0 0 0 0 0 0 0 0 2 0 0 0 0 0 0 0 0 0 0 0 1 0 1 21 11 32 0 0 0 0 0 20 0 0 0 0 14 9 0 0 41 25 0 10 0 0 59 46 0 0 62 0 0 4 38 13 2 0 22 7 0 0 0 0 0 0 0 0 0 0 1 0 0 0 0 0 0 0 0 0 0 0 11 0 0 1 0 0 0 0 0 0 0 0 2 5 2 5 86 0 2 0 0 0 0 0 0 0 0 0 10 0 0 0 0 0 0 0 0 0 0 0 0 0 0 0 0 0 0 0 
 0 2 1 0 0 0 0 0 0 2 2 2 0 0 1 0 3 1 0 0 24 52 145 110 547 0 96 151 50 113 147 154 36 54 49 130 368 251 69 52 0 62 21 0 3 0 64 63 62 3 3 0 0 0 0 0 0 0 129 127 0 0 0 0 0 0 0 0 0 51 0 0 0 0 0 0 0 0 3 0 0 0 0 9 0 0 0 0 0 0 0 0 0 0 0 0 0 29 0 0 0 0 30 13 18 40 1 0 1 0 0 2 0 1 2 0 0 10 0 0 11 0 2 0 17 0 20 18 15 0 0 22 52 19 0 0 0 0 43 4 0 0 0 0 0 0 2 0 8 0 0 0 0 0 0 1 1 0 0 0 0 0 0 0 0 0 0 0 2 0 0 0 0 0 0 0 3 0 0 0 0 0 1 23 0 49 0 0 0 1 0 33 0 0 0 0 0 11 0 0 18 11 0 0 0 0 36 48 1 0 10 0 10 9 20 13 0 8 20 20 0 0 0 0 0 0 0 0 0 0 0 0 0 0 2 0 0 0 0 0 0 0 0 0 0 0 0 0 0 0 0 0 0 0 10 1 2 1 73 1 0 0 0 0 0 0 0 0 0 0 3 0 0 0 0 0 0 0 0 13 0 0 0 0 0 0 0 0 0 0 
 3 0 0 151 79 0 0 2 0 37 154 74 3 0 0 2 82 75 0 0 194 78 158 161 57 96 0 152 126 33 25 39 361 435 260 104 147 118 73 223 0 0 42 86 5 0 2 0 0 4 3 3 67 0 5 0 0 3 0 0 0 0 0 1 0 0 0 0 5 0 0 0 4 0 0 2 0 3 7 5 0 1 9 14 30 38 0 0 0 0 12 0 0 0 0 13 0 0 0 0 23 0 1 1 0 0 29 12 1 0 23 0 16 20 21 25 0 1 9 20 0 0 0 0 0 0 14 0 0 0 0 0 0 0 0 0 1 0 0 0 0 6 0 0 0 0 0 0 0 0 21 0 0 0 0 0 0 0 0 0 0 0 0 0 0 0 0 6 0 0 1 43 0 0 0 39 22 8 0 0 6 12 21 9 0 0 0 37 13 0 33 0 16 9 11 0 12 0 2 16 0 0 0 0 0 0 0 0 0 12 0 0 0 0 0 7 0 0 0 0 0 0 1 0 0 0 0 0 0 0 0 1 0 0 4 0 0 0 0 0 0 12 0 0 0 0 0 0 0 0 1 0 0 0 7 1 0 0 0 4 0 2 0 0 0 0 0 0 0 0 0 0 0 0 0 13 0 0 0 0 0 13 0 0 0 0 0 0 0 0 
 1 0 0 4 0 77 0 0 0 0 0 148 0 0 3 0 0 2 0 0 129 200 410 154 58 151 152 0 513 173 53 32 293 205 99 159 168 128 149 209 0 0 0 0 3 0 0 0 0 3 2 4 0 0 0 17 0 0 0 2 0 0 0 0 0 0 0 0 0 0 0 0 0 0 0 0 0 0 2 0 0 0 0 0 23 0 0 0 0 0 0 20 0 0 0 0 0 0 0 0 22 0 10 1 0 5 64 24 15 29 25 10 20 10 8 41 13 24 25 29 8 0 0 0 0 0 14 0 0 0 0 0 11 0 0 0 0 2 0 0 0 9 0 0 0 0 0 0 0 0 9 0 0 0 0 0 0 0 0 0 0 0 0 0 4 20 0 0 0 0 0 0 0 0 0 0 0 0 9 0 23 13 20 8 0 12 0 50 11 9 1 9 0 9 24 27 15 2 0 0 0 0 0 0 0 0 0 7 0 0 0 0 1 0 0 0 0 0 0 0 0 1 2 0 0 0 0 0 0 0 0 0 0 0 0 0 0 0 0 0 0 0 0 0 0 0 0 0 0 0 0 0 6 0 8 2 0 81 0 2 0 0 0 0 0 0 18 0 0 0 0 0 0 0 0 0 0 0 0 10 0 33 0 0 0 0 0 0 0 0 
 3 6 4 4 3 2 10 4 4 4 2 2 5 38 4 3 6 8 3 8 26 519 152 202 81 50 126 513 0 178 342 24 357 129 76 138 147 63 73 142 3 2 0 3 3 0 0 0 0 6 38 0 64 74 1 0 0 1 3 0 0 0 9 0 0 0 0 3 0 0 3 0 1 4 0 3 0 0 3 0 0 24 0 1 1 1 0 0 0 0 0 10 0 0 0 1 0 0 0 0 0 32 10 26 0 8 26 9 9 36 30 12 10 0 0 13 0 20 15 0 1 0 0 0 0 0 0 0 0 0 20 0 1 0 0 0 0 0 20 0 0 0 0 0 0 0 0 0 0 0 0 0 0 0 0 0 0 0 0 0 0 0 0 0 0 0 0 1 0 0 0 3 0 0 0 0 16 0 0 0 12 53 19 15 10 0 0 0 20 48 28 0 11 17 33 13 18 0 0 0 0 0 0 0 0 8 0 0 0 0 0 0 2 0 0 0 0 0 0 0 0 0 0 0 0 0 0 0 0 0 0 0 0 0 0 0 0 0 0 0 0 0 0 0 0 0 2 0 2 0 0 2 2 0 3 0 2 76 3 0 3 0 0 44 0 2 0 0 0 0 0 0 0 0 1 14 0 0 0 0 0 0 0 0 0 0 12 0 0 0 
 0 5 0 0 0 0 2 0 0 1 2 0 0 0 0 0 0 3 0 0 105 141 63 73 295 113 33 173 178 0 262 224 74 169 180 206 41 106 172 70 30 0 2 0 3 0 63 2 0 3 2 0 45 3 72 0 0 0 73 29 0 0 6 0 0 0 0 0 0 50 0 0 0 0 0 0 0 0 3 0 0 0 0 8 0 0 0 0 0 0 0 0 0 0 0 0 2 0 0 0 0 0 28 46 33 49 0 0 0 37 8 18 0 0 0 0 0 0 0 0 18 0 1 0 0 0 13 11 0 0 0 0 10 0 0 0 0 0 49 0 0 0 0 0 0 0 0 0 0 0 0 0 0 0 0 0 19 0 0 0 0 0 0 0 0 0 0 0 0 0 15 0 0 0 0 14 0 0 0 0 0 0 0 10 10 49 0 19 0 12 17 18 0 0 0 14 13 6 0 0 16 0 0 0 0 0 89 0 1 0 2 1 0 0 58 0 32 0 14 17 0 0 0 0 0 0 0 0 0 0 0 0 0 0 0 0 0 0 0 0 0 0 11 0 0 0 0 0 0 0 0 0 0 0 2 0 0 1 90 0 2 2 1 0 0 0 0 0 0 0 0 0 0 0 0 0 2 0 0 0 0 0 0 1 0 0 21 0 0 0 
 0 0 0 0 0 0 0 4 2 0 0 0 0 0 0 0 2 1 0 0 137 148 55 130 574 147 25 53 342 262 0 173 45 47 71 177 166 146 50 58 62 0 0 0 3 0 63 0 0 4 3 0 83 0 83 1 0 7 0 67 0 0 1 0 0 0 0 0 0 0 0 0 0 0 0 0 0 0 3 0 0 0 0 0 0 8 0 0 0 0 0 0 0 0 0 0 0 0 0 0 0 5 0 36 25 23 1 0 10 31 18 9 0 23 10 36 7 0 0 0 15 1 0 0 11 0 25 0 0 0 0 0 6 29 0 0 0 0 33 17 0 0 0 0 0 0 0 0 0 0 0 0 0 0 0 0 12 0 0 0 0 0 0 0 4 0 0 0 0 0 0 0 2 0 2 0 0 0 0 0 0 30 13 22 24 14 11 0 0 30 14 3 0 0 4 13 19 8 0 0 18 26 0 0 0 0 24 10 0 0 11 0 8 22 18 10 15 0 28 25 0 0 0 0 0 0 0 0 0 3 0 0 0 1 19 0 0 0 0 0 0 0 13 0 0 0 0 0 0 0 0 0 0 0 8 0 2 1 74 0 3 0 0 0 0 0 0 0 0 0 0 0 0 0 0 0 0 0 0 0 0 0 0 0 0 0 0 0 0 0 
 0 0 0 0 0 0 0 0 0 0 2 0 0 0 0 0 0 0 0 0 34 36 250 77 311 154 39 32 24 224 173 0 93 39 43 386 111 48 56 35 67 34 62 0 3 0 85 0 0 3 3 0 9 7 68 0 0 4 0 109 0 0 0 0 0 0 0 0 0 0 0 0 0 0 0 0 0 0 3 0 0 0 0 0 0 1 0 0 0 0 0 0 3 0 0 0 0 0 0 0 0 0 9 3 55 78 0 0 0 0 0 0 0 0 0 16 23 0 0 0 1 0 0 0 0 0 26 0 21 0 0 15 16 19 0 12 0 0 12 10 0 0 0 0 0 0 0 0 2 0 0 0 0 0 0 0 3 0 0 0 0 0 0 0 0 0 0 0 0 2 0 0 0 0 0 0 0 0 0 0 0 0 0 11 28 2 1 0 0 0 1 0 0 0 0 0 10 0 0 0 28 70 0 1 0 0 13 10 2 0 12 2 17 12 3 22 5 0 34 24 0 0 0 0 0 0 0 0 0 0 12 0 0 7 0 0 0 0 0 0 0 0 46 0 0 0 0 0 0 0 0 0 0 0 5 0 0 0 1 0 1 0 0 0 0 7 0 0 0 0 8 0 0 0 0 0 0 0 0 0 0 0 0 2 0 0 0 0 0 0 
 2 2 2 41 63 81 3 77 3 97 79 106 5 76 2 3 96 3 2 2 178 155 67 140 57 36 361 293 357 74 45 93 0 456 203 103 49 38 270 179 0 0 0 0 3 0 0 0 0 3 3 5 0 0 0 0 0 0 0 1 0 0 0 0 0 0 0 0 0 0 0 0 0 0 0 0 0 0 3 0 0 18 8 1 11 0 0 0 0 0 8 21 0 0 0 0 14 0 2 0 10 9 0 0 0 0 14 99 12 1 0 2 33 15 22 10 28 0 2 49 0 0 0 0 0 2 2 1 0 0 0 0 0 0 0 0 0 0 0 0 0 19 21 0 0 0 0 0 0 0 10 0 0 1 1 1 0 0 0 0 0 0 0 0 0 0 0 0 0 0 1 0 0 19 0 6 23 0 0 0 73 9 21 8 0 0 0 30 19 13 12 0 11 36 4 11 10 0 18 18 0 0 0 0 0 0 0 0 0 9 0 0 27 0 0 0 0 0 0 0 0 0 0 0 0 0 0 0 0 0 0 0 2 0 0 0 0 0 0 0 0 9 0 0 0 0 0 0 42 0 0 0 0 0 13 0 2 0 0 2 1 1 0 0 0 0 0 0 0 0 0 0 0 0 0 18 0 0 0 0 0 0 0 0 0 10 0 0 0 0 
 0 4 0 32 74 170 2 0 74 73 78 30 3 0 0 0 2 0 0 0 173 48 258 205 74 54 435 205 129 169 47 39 456 0 197 118 188 154 104 192 0 0 0 6 75 0 1 3 0 5 4 0 3 0 5 2 0 8 0 0 5 4 1 0 5 0 0 5 3 0 3 0 0 3 5 0 0 0 6 1 0 0 0 0 0 0 0 0 0 0 0 33 0 0 0 0 0 0 0 0 36 25 10 36 8 0 28 18 27 14 23 18 46 0 20 27 58 11 19 1 1 0 0 0 0 0 0 0 12 0 0 0 0 12 0 0 0 0 33 0 0 0 0 0 0 0 0 0 0 0 1 0 0 0 0 0 0 0 0 0 0 0 1 0 0 6 0 2 1 14 0 10 0 0 14 0 0 0 0 0 44 22 1 8 12 15 15 59 33 10 11 0 14 36 0 1 30 8 19 21 0 0 0 0 0 0 9 0 1 0 0 0 10 0 0 0 0 0 1 0 0 0 0 0 0 0 0 0 0 0 0 0 19 0 0 0 0 0 0 0 0 0 0 0 0 0 0 0 73 0 1 0 10 0 6 0 0 5 39 2 1 0 0 0 0 0 0 0 0 0 1 0 0 0 0 0 2 0 0 0 0 10 0 0 0 0 0 0 0 0 
 0 2 2 77 154 79 0 5 12 0 61 149 0 0 0 79 2 0 0 0 397 133 282 48 75 49 260 99 76 180 71 43 203 197 0 242 367 113 119 83 0 0 0 0 3 0 0 0 0 3 2 7 1 0 0 0 0 0 0 0 0 0 0 0 0 0 0 0 0 0 0 1 0 0 0 0 0 0 2 0 1 0 0 3 12 26 0 0 0 0 0 0 0 0 0 0 0 0 0 0 37 6 13 28 8 0 13 30 5 6 10 6 14 20 41 0 30 2 2 0 0 0 0 0 0 0 0 0 0 0 0 0 0 0 0 0 0 2 16 8 0 1 0 0 0 0 0 0 0 0 0 0 0 0 0 0 0 0 0 2 0 0 0 0 28 3 0 0 0 0 8 15 3 0 11 0 0 2 13 0 32 21 12 0 12 8 21 15 32 0 13 1 0 20 0 0 18 7 19 18 0 0 0 0 0 0 38 0 0 13 0 0 0 0 0 0 0 0 0 0 0 2 11 0 0 0 0 0 0 0 0 0 0 0 0 0 0 0 0 0 0 13 0 0 0 0 0 0 92 0 0 0 0 0 3 2 2 1 80 2 3 0 0 0 0 0 0 0 0 0 0 0 0 0 0 0 0 0 0 0 0 17 2 0 0 6 0 0 0 0 
 1 6 2 3 3 0 0 0 0 0 0 0 0 0 0 0 0 5 0 0 112 289 239 122 375 130 104 159 138 206 177 386 103 118 242 0 61 184 136 96 1 0 0 0 3 0 0 0 0 3 2 0 65 65 1 55 1 0 18 3 0 0 5 0 0 0 0 1 0 0 0 0 0 0 0 0 0 0 3 0 0 0 0 0 0 9 0 0 0 0 0 0 0 0 0 0 0 0 0 0 2 0 15 20 7 39 11 37 0 0 0 19 0 0 22 11 12 0 0 0 15 0 13 0 0 0 10 9 0 0 0 0 15 0 0 0 0 0 27 0 0 7 0 0 0 0 0 0 0 0 7 0 0 0 0 0 0 0 0 0 0 0 0 0 0 0 0 0 0 14 0 0 0 0 0 0 0 0 0 0 0 0 0 11 1 37 0 32 16 0 25 13 0 9 13 0 72 0 0 0 13 0 0 0 0 0 27 0 0 0 0 0 22 0 19 0 0 0 16 0 0 0 2 0 0 0 0 0 0 0 0 1 0 0 0 0 0 0 0 0 0 0 12 0 0 0 0 0 0 0 0 0 0 0 10 1 1 0 2 2 14 0 0 0 0 0 0 0 0 0 0 0 0 0 0 0 0 0 0 0 0 11 0 0 0 50 20 0 0 0 
 10 5 77 2 34 76 27 4 4 1 4 74 2 5 2 4 6 7 4 5 109 339 318 119 65 368 147 168 147 41 166 111 49 188 367 61 0 98 203 41 0 0 0 0 3 0 0 0 0 3 3 1 0 66 39 0 0 24 0 1 0 0 0 0 0 0 0 73 0 0 0 0 0 0 0 0 0 0 4 0 0 0 0 0 0 0 0 0 0 0 0 14 1 0 0 0 0 0 0 2 18 8 79 3 9 0 10 9 26 32 20 0 27 0 14 25 39 33 1 11 9 0 0 0 0 8 6 0 0 0 0 0 22 0 0 0 0 0 5 0 0 0 0 0 20 0 0 1 0 0 1 0 0 0 0 0 0 0 12 0 0 16 0 2 0 9 0 0 0 0 0 1 0 0 0 0 0 0 0 0 11 21 12 22 20 18 13 10 27 17 13 10 12 17 20 10 2 13 0 0 0 0 0 0 0 0 0 23 0 0 24 0 28 0 0 0 0 1 1 0 0 0 0 0 0 0 0 0 0 0 0 0 0 0 0 0 2 0 0 0 0 0 0 0 0 1 0 0 0 0 0 0 1 0 3 2 0 75 6 3 3 0 0 0 0 0 0 0 0 1 0 0 0 0 0 0 0 0 0 10 0 14 0 0 0 0 0 0 1 2 
 2 0 0 2 1 5 1 3 0 0 0 0 2 0 3 0 0 3 0 0 122 38 439 205 49 251 118 128 63 106 146 48 38 154 113 184 98 0 112 33 63 63 0 0 3 0 0 0 0 210 3 0 290 22 1 0 0 0 64 0 0 0 4 46 0 0 0 0 0 0 0 0 0 0 0 0 1 0 3 0 0 0 0 0 0 0 0 0 0 15 0 0 0 0 0 0 0 0 0 0 31 21 19 14 0 31 20 0 13 15 20 11 15 0 14 23 30 32 0 0 10 0 18 0 0 0 0 0 0 19 0 0 9 0 0 0 0 0 28 0 0 0 0 0 0 0 0 0 0 0 1 0 0 0 0 0 0 0 0 0 0 0 0 0 0 9 0 0 0 4 0 0 0 15 0 0 0 0 0 0 12 19 10 0 21 1 21 11 24 6 19 0 0 18 5 6 20 0 0 0 2 0 0 1 0 0 2 0 0 0 0 0 8 0 0 9 0 0 14 0 1 0 0 0 0 0 0 0 0 0 0 0 0 1 0 0 0 0 0 0 0 0 0 0 0 0 0 0 0 0 0 0 0 0 8 1 1 2 15 3 21 0 0 0 0 0 0 0 0 0 0 0 0 0 0 0 0 0 0 0 0 17 0 0 0 0 8 0 0 0 
 0 0 0 76 0 62 0 4 103 0 212 224 3 0 3 0 2 78 0 0 125 137 306 182 118 69 73 149 73 172 50 56 270 104 119 136 203 112 0 73 0 0 0 0 3 0 1 0 0 6 5 2 2 3 0 0 0 0 0 3 0 99 3 0 55 0 0 0 0 0 0 0 0 0 4 0 0 0 3 0 0 0 19 1 38 57 0 0 15 0 21 60 0 0 0 0 12 19 0 0 19 13 0 0 0 0 0 4 11 0 2 0 15 17 27 34 26 13 24 34 0 0 0 0 0 0 0 0 0 0 2 0 0 0 0 0 0 0 0 0 2 2 0 0 0 0 0 0 0 0 6 0 2 0 17 0 0 0 0 0 0 18 0 19 9 0 0 0 0 23 1 12 0 0 6 23 18 43 3 0 13 23 29 3 1 0 0 16 31 19 0 0 8 6 0 78 0 1 14 10 0 0 0 0 0 0 0 0 0 21 0 0 0 0 0 2 0 0 0 0 0 0 0 0 1 0 19 0 0 0 0 0 0 0 0 0 0 0 0 0 0 20 2 0 0 0 1 0 0 25 0 0 1 0 4 2 0 0 0 2 0 0 0 0 0 0 0 0 0 0 0 0 0 0 1 0 0 0 0 0 28 0 0 0 0 0 0 0 0 0 
 0 4 0 82 173 104 0 34 78 75 0 135 0 0 0 74 87 75 0 0 63 190 139 138 269 52 223 209 142 70 58 35 179 192 83 96 41 33 73 0 3 0 0 0 7 3 4 0 0 3 10 3 0 9 0 0 4 3 0 0 0 3 6 2 3 3 2 2 0 4 2 4 0 0 9 3 3 8 4 1 0 0 0 18 27 38 0 0 0 0 10 26 0 0 0 14 0 0 0 0 23 0 0 2 0 0 54 19 0 0 1 1 0 8 36 23 0 0 37 0 0 0 0 0 0 0 0 0 0 0 0 0 0 0 0 0 20 13 0 0 0 13 0 0 0 2 0 0 0 0 12 1 0 0 0 0 0 0 0 0 0 18 0 0 25 9 0 4 0 37 3 24 0 0 0 0 0 0 0 0 44 0 57 8 0 0 9 38 21 15 21 0 32 21 9 0 6 1 12 30 0 1 0 0 0 0 0 0 0 0 0 0 18 0 1 0 0 0 0 0 0 0 1 0 0 0 0 0 0 0 0 0 0 0 0 0 0 0 0 0 0 0 0 0 0 0 0 0 73 2 0 0 6 0 16 0 0 1 0 1 1 0 17 0 0 0 26 0 0 0 0 0 0 0 0 0 0 0 0 0 0 0 0 0 0 0 0 0 0 0 
 0 0 0 1 0 0 0 67 0 0 1 64 1 0 0 2 66 1 0 0 1 2 0 11 0 0 0 0 3 30 62 67 0 0 0 1 0 63 0 3 0 281 110 282 26 235 259 184 117 31 118 115 138 122 197 47 113 252 41 45 26 2 3 3 8 0 0 2 9 0 3 3 0 0 0 0 20 0 0 0 1 0 0 0 0 0 0 0 6 0 0 0 0 0 0 0 0 0 0 0 0 0 0 11 0 5 0 0 0 14 0 0 0 0 0 0 0 0 0 0 38 9 14 0 20 10 0 0 29 23 9 13 8 0 86 12 0 0 5 0 1 0 0 0 0 0 0 7 0 0 28 7 0 0 0 0 12 8 34 5 0 0 0 0 0 0 0 0 0 5 0 0 0 0 0 0 0 0 0 0 0 4 9 0 0 21 0 0 0 19 0 0 0 0 0 18 8 0 0 0 22 0 35 7 0 19 0 0 1 0 18 1 14 13 21 1 4 1 9 19 0 0 0 0 0 26 0 9 2 0 0 0 0 0 0 0 0 13 16 0 0 0 0 0 0 0 0 0 0 0 0 1 2 0 0 1 0 0 0 0 10 0 3 0 1 2 1 66 2 0 0 0 0 0 0 0 0 0 0 0 0 0 0 0 48 0 0 0 2 0 
 2 2 2 63 8 5 2 5 2 66 2 2 2 2 2 2 3 2 2 2 2 0 0 2 63 62 0 0 2 0 0 34 0 0 0 0 0 63 0 0 281 0 209 59 249 28 206 112 73 460 196 47 466 60 55 261 253 27 96 138 0 1 0 0 0 0 0 1 0 4 0 0 53 0 0 0 1 0 0 4 0 0 0 0 0 0 0 0 0 0 0 0 0 0 0 0 0 0 0 0 0 0 8 0 0 0 0 0 0 0 0 0 0 0 0 0 0 0 0 0 12 8 25 8 0 10 94 34 56 13 0 22 14 20 0 11 18 20 0 16 4 0 0 0 0 0 0 1 5 0 0 0 16 31 0 0 0 0 7 3 0 0 0 0 0 0 0 0 0 3 0 0 0 0 0 0 0 10 0 0 0 0 0 10 0 0 0 0 0 0 0 0 0 0 0 0 0 0 0 0 10 4 20 18 0 30 0 29 0 3 19 0 8 2 4 84 10 9 24 12 0 0 0 0 0 0 15 0 0 0 0 0 23 14 8 0 0 0 1 5 0 0 0 0 0 0 0 0 0 0 0 9 0 2 0 0 0 0 0 2 0 0 1 0 0 9 2 0 0 0 14 0 0 0 0 0 0 0 0 0 0 0 0 0 24 0 0 0 0 0 
 5 3 6 3 3 3 3 9 3 3 6 3 3 24 3 3 5 6 3 3 2 0 0 0 68 21 42 0 0 2 0 62 0 0 0 0 0 0 0 0 110 209 0 412 349 107 72 145 143 365 103 326 77 68 126 103 179 377 334 94 0 10 4 0 21 0 1 9 5 0 2 3 55 0 0 0 13 0 50 31 0 0 0 0 0 0 0 0 0 0 0 0 0 0 0 0 0 0 0 0 0 0 0 0 0 8 0 0 0 0 0 0 0 0 0 0 0 0 0 0 0 0 0 21 27 0 0 2 16 15 17 22 15 18 0 0 13 16 0 4 28 0 16 16 0 0 11 16 13 9 8 0 29 9 0 0 1 11 1 0 0 0 0 2 0 0 0 0 7 0 0 0 0 0 0 0 0 0 0 0 0 0 0 0 0 0 10 0 0 0 0 0 0 0 0 0 0 0 0 0 0 64 9 6 0 0 8 36 21 11 17 12 0 21 0 12 0 34 0 0 12 19 2 10 0 0 12 33 8 2 0 0 51 4 15 0 3 5 2 7 0 0 3 0 0 33 0 0 0 0 0 17 0 0 0 0 0 0 0 2 0 0 2 0 67 0 2 3 2 0 3 0 0 0 0 0 0 0 0 0 0 0 0 0 0 0 0 0 0 0 
 0 5 0 0 0 0 0 0 0 0 0 0 0 0 0 0 0 3 0 0 0 0 0 3 0 0 86 0 3 0 0 0 0 6 0 0 0 0 0 0 282 59 412 0 393 40 166 263 106 212 130 130 112 141 120 182 40 126 112 72 0 2 3 4 4 0 0 0 5 0 8 2 56 0 0 3 6 2 1 0 0 0 0 0 0 0 0 0 0 0 0 0 0 27 0 0 0 0 0 0 0 0 0 0 0 0 0 0 0 0 0 0 0 0 0 0 0 0 7 0 0 1 7 15 33 18 0 0 0 18 10 1 0 1 2 2 10 8 0 9 37 0 25 0 0 0 22 4 47 11 0 4 39 11 0 0 7 4 11 9 0 0 0 2 0 0 0 0 8 0 0 0 0 0 0 0 0 0 0 0 0 0 0 0 0 0 0 0 0 0 0 0 0 0 0 0 0 0 0 0 0 39 10 6 21 19 0 17 31 8 0 32 0 0 0 0 0 28 0 0 7 0 0 0 0 5 1 6 0 0 0 3 17 36 16 0 10 6 9 9 0 0 10 0 0 0 0 0 0 0 0 9 0 0 0 0 0 0 0 11 0 0 0 0 1 2 0 0 1 0 4 0 0 0 0 0 0 0 0 0 0 0 0 0 15 4 0 1 1 0 
 0 6 2 111 0 70 0 0 0 0 0 0 0 0 0 0 0 0 0 0 3 3 3 5 3 3 5 3 3 3 3 3 3 75 3 3 3 3 3 7 26 249 349 393 0 66 64 61 95 163 175 118 86 71 157 77 147 195 60 125 1 0 0 0 0 0 22 1 52 0 0 12 50 89 60 43 19 0 50 46 0 0 0 0 0 0 0 0 0 0 0 0 0 0 0 0 0 0 0 0 0 0 0 0 0 0 0 0 0 0 0 0 0 0 0 0 0 0 0 0 0 0 8 5 69 0 0 0 4 21 15 1 0 5 6 40 10 15 0 8 27 17 31 0 0 0 7 0 13 23 0 0 11 10 4 13 5 1 0 0 0 0 0 2 0 0 0 0 5 0 0 0 0 0 0 0 0 0 0 0 0 0 0 0 0 0 0 0 0 0 0 0 0 0 0 0 0 0 0 0 8 12 10 9 6 1 2 15 31 8 0 1 0 0 0 4 2 19 0 0 2 6 0 0 0 17 1 22 0 0 1 0 35 30 33 7 36 19 0 3 1 0 16 0 0 0 0 0 0 0 0 14 0 0 0 0 0 0 0 2 0 0 1 1 3 0 0 1 0 0 0 0 0 0 0 0 0 0 0 0 0 0 4 0 1 0 0 11 2 0 
 0 1 0 3 2 1 2 3 2 1 3 3 3 3 1 2 3 3 1 2 0 0 0 6 0 0 0 0 0 0 0 0 0 0 0 0 0 0 0 3 235 28 107 40 66 0 28 28 44 124 79 83 235 113 64 123 162 74 247 60 14 73 0 2 0 8 0 70 8 0 0 0 125 0 2 70 0 1 34 53 0 0 0 0 0 0 0 0 0 0 0 0 0 0 0 10 0 0 0 0 0 0 0 0 0 0 0 0 0 0 0 0 0 0 0 0 0 0 0 0 0 0 0 0 19 4 0 0 0 0 13 21 0 0 0 11 0 15 0 0 0 17 6 29 6 9 17 16 0 19 14 62 13 0 13 7 22 0 11 10 0 0 4 1 0 0 0 0 0 0 2 0 0 0 0 0 11 0 0 0 0 0 0 0 0 0 0 0 0 0 0 0 0 0 0 0 0 0 0 0 0 0 0 3 22 10 0 0 0 50 0 17 0 0 0 18 0 0 0 0 14 0 0 1 2 8 23 26 23 34 9 21 38 0 9 2 0 15 10 7 11 0 0 0 0 0 0 0 0 0 0 12 0 0 0 0 0 0 0 1 0 27 5 0 62 6 10 0 1 0 27 0 0 0 0 2 0 0 0 0 0 4 0 0 10 0 0 0 2 0 
 0 0 0 0 4 4 0 1 0 5 0 0 0 63 0 7 4 3 0 0 0 0 0 70 16 64 2 0 0 63 63 85 0 1 0 0 0 0 1 4 259 206 72 166 64 28 0 77 134 268 28 48 185 290 52 102 22 35 178 149 0 0 0 0 0 0 0 0 0 4 0 6 0 0 0 0 0 0 0 0 0 0 0 5 0 0 0 0 0 2 19 1 0 0 8 0 6 0 0 0 0 0 0 15 11 1 0 0 0 14 0 0 0 0 0 0 0 10 0 0 36 0 2 1 0 4 34 19 7 0 0 10 12 17 0 12 15 0 10 2 0 0 0 0 0 0 0 0 0 0 0 0 0 0 0 0 0 0 0 0 0 8 0 0 5 1 0 0 0 2 7 2 0 0 0 1 0 0 0 0 5 0 0 18 11 23 6 0 0 24 0 0 1 0 0 29 1 0 4 8 20 10 0 11 0 0 9 12 0 0 1 0 15 18 52 31 11 21 35 29 1 0 0 0 0 0 0 0 0 0 0 0 0 27 0 0 0 0 0 0 0 0 0 0 0 0 0 0 0 0 0 3 0 2 0 0 0 63 0 0 0 0 6 0 0 11 0 0 0 0 0 0 0 0 0 0 0 0 0 0 0 0 0 0 0 0 0 6 0 0 
 0 0 0 0 0 0 0 1 0 0 0 0 0 0 0 0 2 2 0 0 0 0 0 0 0 63 0 0 0 2 0 0 0 3 0 0 0 0 0 0 184 112 145 263 61 28 77 0 199 37 200 105 105 98 92 35 66 44 302 161 0 0 0 0 0 0 0 1 0 0 0 1 51 0 0 0 32 0 0 0 0 0 0 0 0 0 0 0 0 0 0 0 6 0 0 0 0 0 0 0 0 0 0 0 0 0 0 0 0 0 0 0 0 0 0 0 0 0 0 0 0 23 0 0 19 9 0 18 24 0 0 34 13 9 25 0 17 9 0 9 2 0 0 0 0 0 0 0 5 0 0 0 10 0 0 0 0 0 20 6 0 0 0 0 0 0 0 0 0 0 0 0 0 0 0 0 0 0 0 0 0 0 0 0 0 0 0 0 0 0 0 0 0 8 0 0 0 0 18 0 0 0 25 23 0 8 0 21 6 1 48 0 0 30 34 12 15 3 0 19 7 0 13 0 0 0 0 0 0 9 0 0 10 1 0 0 0 0 16 0 0 0 0 0 0 0 0 0 0 0 0 7 0 0 0 0 0 0 0 18 0 0 16 0 0 2 0 64 0 1 9 0 0 0 0 0 0 0 0 0 0 0 0 0 11 0 0 0 1 0 
 0 0 0 0 0 0 0 2 0 0 0 0 0 0 2 0 0 3 0 0 4 0 3 0 4 62 0 0 0 0 0 0 0 0 0 0 0 0 0 0 117 73 143 106 95 44 134 199 0 73 77 33 159 160 153 118 44 24 140 156 0 0 0 207 0 0 0 27 0 0 0 3 0 0 3 0 10 0 0 0 0 0 0 0 0 0 0 0 0 0 0 0 0 0 0 0 0 0 0 0 0 0 0 0 0 0 0 0 0 0 0 0 0 0 0 0 0 0 0 0 0 14 0 0 18 0 0 24 14 0 0 44 13 20 9 0 29 9 0 17 6 0 0 0 0 0 0 0 4 8 0 0 0 1 0 0 0 0 19 8 0 0 0 0 0 0 0 0 0 0 0 0 0 0 0 0 0 9 0 0 0 0 0 0 3 0 0 0 0 0 0 0 0 0 0 0 0 20 0 0 0 7 0 10 1 0 13 19 0 0 15 1 0 11 40 3 20 30 12 5 0 0 6 0 0 0 0 0 0 0 0 0 0 0 16 0 0 0 13 0 0 0 0 0 0 0 0 0 0 0 0 15 0 0 0 0 0 0 0 13 0 0 1 0 0 0 1 29 1 0 12 0 0 0 0 0 0 0 0 0 0 0 0 0 0 0 0 0 1 0 
 0 5 6 1 0 0 0 8 0 0 0 0 0 0 0 0 2 8 0 0 6 3 3 3 3 3 4 3 6 3 4 3 3 5 3 3 3 210 6 3 31 460 365 212 163 124 268 37 73 0 546 84 484 150 525 226 658 156 389 102 0 0 0 0 0 0 50 0 12 0 0 5 0 0 76 0 2 3 0 51 0 0 9 0 0 0 0 0 0 0 0 0 0 0 0 0 0 0 0 0 0 0 0 0 0 0 0 0 0 0 0 0 0 0 0 0 0 0 0 0 4 0 28 11 12 10 0 0 28 14 42 0 6 13 20 28 0 0 0 0 14 0 26 0 0 0 27 10 9 7 1 16 9 4 0 11 0 0 28 1 0 0 0 0 0 0 0 0 0 0 7 0 0 0 0 0 0 0 0 0 0 0 0 0 0 9 0 0 0 0 0 0 0 0 0 0 0 0 0 0 42 10 5 0 59 57 0 5 19 28 18 42 0 0 0 0 0 27 0 0 0 0 0 0 0 0 1 15 0 0 0 0 29 10 0 14 16 3 30 10 0 0 14 0 0 0 0 0 0 0 0 6 0 0 0 0 0 0 0 3 0 0 2 65 0 4 0 0 0 0 0 0 0 0 0 0 0 0 0 0 0 1 24 0 10 0 0 10 0 0 
 0 6 6 10 0 0 3 7 0 0 0 0 3 0 2 0 2 71 0 0 3 8 3 8 3 3 3 2 38 2 3 3 3 4 2 2 3 3 5 10 118 196 103 130 175 79 28 200 77 546 0 165 47 347 137 102 252 176 38 73 3 0 0 0 0 0 72 1 1 0 1 0 51 22 50 0 4 2 47 48 0 0 0 0 0 9 0 0 0 0 0 0 0 10 0 0 0 0 0 0 0 0 0 0 0 0 0 0 0 0 0 0 0 0 9 0 0 0 0 0 0 3 0 11 17 18 0 0 19 30 28 33 0 0 9 8 1 10 0 0 14 0 1 0 0 0 0 0 3 7 0 0 11 60 0 0 0 0 29 10 0 0 0 2 0 0 0 0 3 0 0 0 0 2 0 0 0 0 0 0 0 0 0 0 0 0 0 0 0 0 0 0 0 0 0 0 0 0 0 0 0 6 34 20 0 33 0 11 17 6 14 3 0 0 0 3 0 25 0 0 3 0 0 0 0 0 33 10 0 0 0 0 23 7 34 9 0 0 8 6 1 0 0 0 0 0 0 0 0 0 0 3 0 0 0 0 0 0 0 12 0 0 0 4 0 4 2 5 0 0 0 0 0 0 0 0 0 0 0 0 0 0 0 0 22 4 0 0 1 0 
 3 0 1 2 1 1 0 0 0 0 5 14 0 0 0 0 0 3 0 0 4 0 0 0 0 0 3 4 0 0 0 0 5 0 7 0 1 0 2 3 115 47 326 130 118 83 48 105 33 84 165 0 81 163 174 53 121 162 115 58 0 0 0 0 0 0 107 2 0 0 1 0 67 51 0 0 0 0 73 65 0 0 0 1 4 0 0 0 0 0 0 0 0 0 0 0 8 0 0 0 0 0 0 0 0 0 0 4 0 0 0 0 0 6 0 0 0 0 18 8 0 0 0 0 43 40 0 0 8 8 24 32 0 0 6 43 0 7 0 0 7 0 0 10 0 0 29 10 0 0 0 0 24 0 0 22 0 0 0 21 0 0 0 4 0 0 0 0 3 0 1 0 0 5 0 0 0 0 7 0 0 5 3 0 0 0 0 7 2 0 1 0 0 0 0 0 0 0 0 0 0 13 41 13 8 0 0 8 22 9 5 12 0 0 0 13 0 0 0 0 34 0 0 0 0 0 29 21 0 0 0 0 27 0 20 0 0 0 2 14 0 5 0 0 0 0 0 0 0 0 0 5 0 1 0 0 0 0 0 2 1 1 0 61 89 4 1 0 1 0 0 0 0 0 0 0 0 0 0 0 0 3 0 0 1 14 0 0 2 0 
 2 2 3 3 2 2 2 2 2 2 2 2 2 2 2 2 4 2 2 2 1 0 18 3 2 0 67 0 64 45 83 9 0 3 1 65 0 290 2 0 138 466 77 112 86 235 185 105 159 484 47 81 0 328 330 111 35 53 245 61 0 0 6 3 0 0 0 0 0 3 2 0 0 0 0 1 3 1 0 0 0 0 0 0 0 0 0 0 0 0 0 0 0 0 0 0 0 0 0 0 0 0 6 10 0 25 0 0 0 30 0 1 0 0 0 0 0 0 0 0 57 0 26 1 0 0 0 33 8 0 0 7 10 8 0 0 15 0 28 5 0 0 0 0 0 0 0 0 0 0 0 0 0 0 0 0 9 0 0 0 0 0 0 0 0 0 0 0 0 7 0 0 0 0 0 0 0 0 0 0 0 0 9 0 11 21 0 1 0 13 10 0 0 0 0 18 5 0 0 0 20 0 0 1 0 0 13 0 0 0 1 0 14 23 39 0 4 21 29 20 0 0 0 0 0 0 0 0 0 0 0 0 0 1 0 0 0 0 0 0 0 0 0 0 0 0 0 0 0 0 0 3 0 0 0 9 0 0 0 0 21 0 0 0 0 2 3 0 2 0 0 0 0 0 0 0 0 0 0 0 0 0 0 0 0 0 10 24 2 0 
 0 0 0 3 0 0 63 10 0 0 0 0 0 0 0 0 2 8 0 0 0 0 0 6 3 0 0 0 74 3 0 7 0 0 0 65 66 22 3 9 122 60 68 141 71 113 290 98 160 150 347 163 328 0 91 277 28 38 333 116 0 0 0 0 0 0 1 55 0 0 0 1 0 0 1 0 2 1 4 0 0 0 0 0 0 0 0 0 0 0 0 0 0 0 0 0 0 0 0 0 0 0 0 0 0 19 0 0 0 0 0 0 0 0 0 0 0 0 0 0 14 15 46 33 22 74 0 0 8 11 37 14 9 0 33 23 0 0 15 0 0 0 4 0 0 2 17 0 5 0 0 5 42 0 0 0 0 0 58 26 0 0 0 0 0 0 0 0 0 7 0 0 0 0 0 0 0 0 0 0 0 0 0 0 0 10 0 1 0 0 0 0 0 18 0 0 5 0 0 0 6 0 24 1 0 0 0 0 12 8 30 4 7 0 0 7 0 1 15 0 3 0 0 0 0 0 0 14 0 0 0 0 21 1 0 3 0 0 29 0 0 0 0 0 0 0 0 0 0 0 0 3 0 2 0 0 0 0 0 0 21 0 2 0 0 4 0 65 0 0 0 0 0 0 0 0 0 0 0 0 0 0 0 0 0 0 0 29 1 0 
 30 2 2 2 2 2 2 3 2 2 3 2 2 2 2 2 3 2 2 2 1 6 4 6 100 0 5 0 1 72 83 68 0 5 0 1 39 1 0 0 197 55 126 120 157 64 52 92 153 525 137 174 330 91 0 106 122 558 119 110 3 0 0 0 0 0 0 53 0 0 0 0 52 0 0 46 0 0 3 0 0 0 0 0 0 0 0 0 0 0 0 4 0 11 0 0 0 0 0 0 0 0 0 17 5 10 0 0 0 0 2 0 0 0 0 3 6 0 0 0 21 24 1 18 6 19 8 1 26 12 19 13 0 11 9 7 11 8 11 1 8 0 0 1 0 0 0 1 0 0 0 0 18 0 0 0 31 0 0 0 0 0 0 2 0 0 0 0 3 0 0 0 0 2 0 0 0 0 0 0 0 0 0 3 5 18 0 0 0 1 0 0 0 0 0 0 1 12 0 0 5 29 55 4 0 19 9 11 20 16 17 0 10 26 18 19 12 14 4 19 0 0 0 0 0 0 12 9 0 0 0 0 26 0 0 0 0 0 1 1 0 0 1 0 0 0 0 0 0 31 0 10 0 1 0 0 0 0 8 0 0 0 0 2 1 3 2 1 0 0 0 0 0 0 0 0 0 0 0 0 0 0 0 0 19 13 0 0 2 0 
 0 3 4 4 0 0 0 0 0 0 0 1 0 2 0 0 0 0 0 0 2 0 0 5 0 0 0 17 0 0 1 0 0 2 0 55 0 0 0 0 47 261 103 182 77 123 102 35 118 226 102 53 111 277 106 0 122 96 36 153 0 0 25 0 0 1 0 2 0 1 0 7 0 0 3 0 3 3 21 0 0 0 0 0 0 0 0 0 0 0 0 0 1 0 0 0 0 0 0 0 0 0 0 0 0 0 0 0 0 0 0 0 0 0 0 0 0 0 0 0 0 14 0 0 20 18 0 5 0 0 14 9 0 32 9 0 52 0 0 11 10 0 16 0 0 22 5 0 9 9 0 2 7 12 0 0 0 0 8 5 0 0 0 0 0 0 0 0 0 0 0 0 0 0 0 0 0 0 0 0 0 0 0 0 0 0 0 0 0 0 0 0 0 0 0 0 0 0 0 0 0 0 0 19 4 14 13 0 0 1 0 33 0 40 52 0 26 45 8 19 7 0 14 0 0 0 0 14 0 0 0 0 0 23 11 5 12 1 13 0 0 0 12 0 0 0 0 0 0 30 0 6 0 1 0 0 0 0 1 18 0 0 0 0 0 0 0 1 0 0 1 0 0 0 0 0 0 0 0 0 0 0 0 0 13 0 0 0 2 0 
 65 8 0 3 0 0 7 7 0 0 0 0 0 0 6 0 40 0 0 4 2 0 0 0 0 0 0 0 0 0 0 0 0 0 0 1 0 0 0 4 113 253 179 40 147 162 22 66 44 658 252 121 35 28 122 122 0 131 21 253 0 0 0 0 0 0 51 5 0 0 0 8 56 0 206 0 3 2 3 1 0 0 0 0 0 0 9 9 1 0 0 0 0 9 0 1 0 0 0 0 0 0 12 0 0 0 0 0 0 0 0 0 0 0 0 0 0 0 0 0 0 20 10 18 11 16 0 0 18 11 26 20 0 0 20 9 0 2 0 0 43 0 24 1 0 0 13 1 8 21 0 7 36 13 0 20 0 0 0 0 3 0 2 4 0 0 0 0 3 0 0 0 0 10 6 0 0 1 8 0 0 0 0 0 0 0 0 0 0 0 0 0 0 0 0 0 0 0 0 0 0 10 44 5 12 31 0 12 11 7 1 12 0 1 0 19 0 1 0 0 0 0 0 0 0 0 19 27 0 0 0 0 40 11 0 0 11 0 1 11 0 0 12 0 0 0 0 0 0 0 0 17 0 1 0 0 0 0 0 0 0 1 1 64 0 0 0 0 46 0 0 0 0 0 0 0 0 14 0 0 0 0 0 0 30 0 0 0 2 0 
 0 0 0 0 1 0 0 3 2 0 0 0 3 0 62 0 2 0 0 0 0 4 5 77 0 0 3 0 1 0 7 4 0 8 0 0 24 0 0 3 252 27 377 126 195 74 35 44 24 156 176 162 53 38 558 96 131 0 125 38 0 0 0 0 0 0 107 2 3 0 0 7 119 51 2 0 1 2 91 114 0 0 0 0 0 0 0 0 0 0 0 0 0 0 0 0 0 0 0 0 0 0 0 10 6 0 0 0 0 12 12 1 0 0 0 7 8 0 0 0 0 0 0 0 21 12 4 0 0 8 14 13 0 0 0 0 0 19 0 0 19 0 11 17 0 0 19 9 9 14 0 0 58 12 0 21 0 0 0 5 0 0 0 4 0 0 0 0 3 0 0 0 0 5 0 0 0 0 0 0 0 0 0 4 6 0 0 0 1 1 15 0 0 0 0 0 2 12 0 0 0 13 14 6 11 44 0 8 13 22 0 15 16 0 0 18 0 0 5 0 8 0 0 0 0 0 31 21 0 0 0 0 50 13 14 0 16 0 1 20 0 0 13 0 0 0 0 0 0 0 0 10 0 0 0 0 0 0 9 0 0 29 2 61 65 8 0 0 0 0 0 0 0 0 10 0 0 0 0 0 0 3 0 0 0 0 0 0 2 0 
 0 0 1 0 0 0 0 5 0 0 45 0 0 0 0 0 0 0 0 0 0 61 65 1 74 129 0 0 3 73 0 0 0 0 0 18 0 64 0 0 41 96 334 112 60 247 178 302 140 389 38 115 245 333 119 36 21 125 0 122 0 0 0 0 0 0 0 1 0 0 0 0 0 0 5 0 2 2 0 0 7 0 0 0 0 0 0 9 0 0 0 0 0 0 0 0 0 0 0 0 0 0 6 0 0 5 0 0 0 0 0 0 0 0 0 0 0 0 0 0 11 12 34 27 0 10 0 31 15 9 14 14 23 0 0 9 21 10 17 130 0 0 0 0 0 0 0 0 3 0 0 0 0 0 0 0 0 0 0 0 0 0 0 0 0 0 0 0 0 3 0 0 0 0 0 0 0 0 0 0 0 0 0 0 0 0 0 9 0 0 0 11 0 0 0 0 23 0 0 0 37 0 11 0 0 0 0 8 27 9 11 0 0 21 0 0 19 19 2 7 0 0 0 0 0 0 0 0 0 0 0 0 0 0 0 0 0 0 0 0 0 0 0 0 0 0 0 0 0 0 0 17 0 1 0 0 0 0 2 2 25 0 3 0 0 0 0 0 0 0 6 0 0 0 0 0 0 0 0 0 0 0 1 0 0 10 0 12 2 0 
 0 0 2 0 0 0 0 8 6 0 0 0 0 0 0 0 0 9 0 0 0 0 0 63 76 127 0 2 0 29 67 109 1 0 0 3 1 0 3 0 45 138 94 72 125 60 149 161 156 102 73 58 61 116 110 153 253 38 122 0 0 0 3 0 1 8 1 1 0 9 55 4 0 1 2 7 0 19 0 0 0 0 0 0 0 0 0 0 0 0 0 0 0 0 0 0 0 0 0 3 0 0 9 0 58 26 0 0 0 0 0 0 0 0 0 0 0 0 0 0 10 14 0 0 0 0 17 21 17 0 0 27 28 29 0 0 26 10 19 9 0 0 0 0 6 0 11 0 4 0 0 0 0 0 0 0 0 0 0 0 0 0 0 0 0 0 0 0 0 0 0 0 10 0 0 0 0 0 0 0 0 0 0 12 22 0 0 0 0 0 0 0 0 0 0 10 0 0 0 0 35 54 0 50 0 0 0 44 1 0 13 0 0 26 35 12 8 6 6 53 0 0 11 0 2 0 0 0 0 1 0 5 0 1 0 0 0 0 0 0 0 0 0 0 0 0 0 0 0 0 0 15 0 1 0 0 0 0 0 1 0 0 1 0 0 1 2 0 0 0 17 0 0 0 0 2 0 0 0 0 0 0 0 0 0 0 0 0 0 0 
 0 0 0 0 0 0 0 3 0 0 0 0 0 0 0 0 0 0 0 0 0 13 0 0 0 0 0 0 0 0 0 0 0 5 0 0 0 0 0 0 26 0 0 0 1 14 0 0 0 0 3 0 0 0 3 0 0 0 0 0 0 77 93 163 41 31 187 115 112 87 25 80 127 343 104 115 30 104 127 97 0 0 0 0 0 9 0 0 6 0 0 0 0 0 0 0 0 0 0 0 0 0 0 0 0 0 1 0 0 0 0 0 0 0 0 0 0 0 0 0 0 0 0 0 30 0 0 0 0 0 0 0 0 0 0 0 0 0 0 0 2 33 14 22 0 18 9 15 0 5 6 7 0 1 20 34 18 20 0 25 0 6 2 0 0 0 0 0 0 0 0 0 0 0 1 0 0 0 0 0 0 0 0 0 5 0 0 0 0 0 0 0 0 0 0 0 0 0 0 0 0 0 0 0 1 0 0 0 0 0 0 0 0 0 0 0 0 0 0 0 32 0 0 8 0 0 15 8 0 0 15 7 27 0 9 0 1 25 15 10 4 0 0 0 0 0 0 0 0 0 0 0 0 0 0 0 0 0 0 0 0 0 0 0 51 0 0 0 0 0 0 0 109 2 2 0 0 0 0 0 0 0 0 0 0 16 0 10 0 0 
