 0 74 157 56 134 41 268 113 126 39 94 245 152 153 56 24 54 57 50 124 0 3 2 0 0 3 2 0 4 3 0 0 0 2 1 3 0 0 76 0 0 0 0 0 0 2 0 0 0 0 3 0 0 3 3 3 0 0 3 0 0 0 3 6 0 0 0 0 2 0 3 0 0 3 0 0 0 0 0 0 0 0 10 11 17 0 55 53 22 10 11 20 0 11 36 1 20 16 15 25 2 0 0 0 0 0 1 0 0 0 0 1 21 0 0 0 0 1 0 0 1 0 0 0 0 0 0 0 0 2 0 0 0 0 13 0 0 0 0 1 0 0 1 0 0 2 3 0 0 0 0 1 0 0 0 0 0 0 0 1 35 27 35 9 0 11 0 16 0 0 0 19 28 48 18 18 0 0 50 0 0 0 0 0 0 14 0 0 0 0 0 2 14 0 0 0 0 0 0 0 0 0 0 0 1 0 0 0 0 0 0 0 0 0 0 1 0 0 0 0 0 0 0 0 0 0 0 0 0 1 0 0 0 0 0 0 0 0 0 0 0 26 0 0 0 2 11 0 1 94 0 9 0 1 0 0 0 0 0 0 0 0 0 0 0 0 0 0 0 0 0 0 0 0 0 0 0 0 0 0 0 0 0 0 0 0 0 0 0 0 
 74 0 203 174 20 27 141 237 125 82 93 41 142 55 206 235 423 83 108 290 0 3 3 0 3 3 75 0 2 5 0 0 0 0 0 2 0 0 150 0 0 0 0 0 0 2 0 0 0 0 3 0 0 2 3 3 6 64 5 0 0 0 3 0 0 0 0 0 2 0 3 0 0 3 0 0 0 0 0 0 19 33 9 22 0 11 19 17 14 39 9 30 0 1 32 11 15 0 1 25 0 0 0 0 0 0 16 0 0 0 0 0 1 2 0 0 0 0 0 20 0 0 0 0 0 0 2 0 0 0 0 1 0 0 0 0 0 0 0 0 0 0 0 0 0 0 0 0 0 0 0 0 2 0 0 0 0 0 0 0 16 26 37 29 0 28 9 23 2 48 28 0 29 7 0 7 15 0 2 0 0 0 0 0 0 0 38 0 0 0 0 0 0 0 0 0 0 0 26 0 0 0 0 30 0 0 0 0 0 0 11 0 0 0 0 0 0 0 0 0 0 0 0 0 0 0 0 0 0 0 0 0 0 0 0 0 0 0 0 0 0 1 0 0 0 0 2 2 0 4 0 7 9 0 0 0 0 0 0 0 0 0 11 0 0 0 2 0 0 0 0 0 0 0 0 13 0 0 0 0 0 0 0 0 0 0 0 0 0 0 
 157 203 0 336 133 28 65 100 149 136 226 110 69 61 163 56 41 169 133 236 0 5 2 0 0 3 6 1 4 78 2 1 1 1 2 3 1 1 65 0 3 0 0 0 0 2 0 0 0 0 3 0 0 2 3 3 8 2 3 0 0 0 3 2 8 1 0 0 2 0 3 2 0 2 0 0 0 0 6 0 0 1 0 47 15 13 9 11 9 16 0 1 12 9 0 9 30 25 0 0 17 17 2 0 0 0 0 0 17 0 0 0 11 0 0 0 0 0 14 2 0 0 0 0 0 0 0 0 0 0 0 0 0 0 0 0 0 0 0 0 0 0 0 0 0 0 0 0 0 0 0 0 0 0 0 0 0 0 0 0 16 31 11 8 0 22 10 0 10 1 0 18 39 0 14 9 14 10 17 9 25 0 0 0 0 0 5 16 14 0 0 1 1 0 23 0 0 0 10 20 0 0 0 25 0 0 0 0 0 0 0 0 0 0 17 0 0 0 0 0 0 0 0 0 0 0 0 0 0 0 0 0 0 0 0 0 0 0 0 0 0 0 0 0 1 2 92 0 2 4 20 10 0 0 0 0 0 0 0 0 0 0 12 0 0 0 0 0 0 0 2 0 0 0 0 1 13 0 0 0 0 0 0 0 0 0 0 0 0 0 
 56 174 336 0 132 245 387 71 188 702 347 209 369 82 281 570 161 324 92 180 0 3 2 0 2 3 26 77 2 3 2 0 79 3 29 2 1 0 77 74 6 0 0 0 0 2 0 0 0 0 3 32 0 2 3 3 10 0 3 0 0 0 2 0 13 0 0 0 2 2 2 2 0 3 0 0 4 0 0 0 6 10 19 29 3 0 0 0 10 35 10 24 0 21 0 28 18 0 0 0 10 0 17 0 0 0 15 0 0 0 0 0 4 85 7 20 0 1 49 9 0 0 0 0 0 0 0 0 0 0 0 0 0 0 2 0 0 0 0 0 10 0 1 0 2 0 0 0 0 0 0 9 0 0 0 0 1 0 0 0 0 20 0 1 27 14 0 10 20 35 22 0 0 0 0 7 0 15 0 0 0 0 0 1 0 0 16 14 0 0 2 0 0 0 0 2 32 20 24 31 2 0 0 17 0 0 0 0 0 0 2 8 1 0 0 0 0 0 0 0 0 0 0 0 0 0 0 0 0 0 0 2 0 0 0 0 0 0 0 0 0 0 0 0 0 7 0 2 92 3 2 2 2 0 0 0 0 0 0 0 74 0 11 0 0 2 0 0 0 0 0 0 0 29 0 0 0 0 0 0 0 0 0 0 0 2 0 0 0 0 
 134 20 133 132 0 559 41 61 288 301 82 43 291 81 84 287 42 339 64 294 6 68 2 0 29 4 40 79 113 3 0 0 76 60 8 4 27 109 147 75 0 0 0 0 0 2 0 0 0 0 3 0 0 2 3 3 0 0 3 0 0 0 3 0 0 0 0 0 2 0 3 0 0 7 0 33 0 0 0 0 0 0 0 24 22 25 0 0 0 0 11 10 0 0 3 0 0 14 0 0 33 19 0 0 0 0 20 10 0 21 0 0 24 21 11 11 28 0 9 48 0 0 0 0 0 0 0 0 0 0 0 0 0 0 0 0 0 0 0 0 0 0 1 0 0 0 0 0 2 0 0 0 0 0 0 0 20 0 0 0 15 11 5 0 41 29 0 0 16 31 27 0 0 0 0 0 6 32 0 0 9 0 7 0 0 0 10 18 19 0 0 0 11 29 20 29 0 19 18 1 0 7 0 0 0 0 0 0 0 0 0 36 0 0 0 0 15 0 0 0 0 9 0 0 0 0 0 0 0 0 19 0 1 0 0 0 0 0 0 0 0 0 0 0 0 2 0 0 93 0 2 2 0 0 0 0 0 0 0 0 9 0 0 0 0 0 0 0 0 0 0 0 0 0 0 15 0 0 0 0 0 0 0 0 0 0 0 0 0 0 
 41 27 28 245 559 0 44 242 273 260 152 133 35 68 259 46 140 49 30 268 83 3 2 0 74 3 82 3 75 6 0 0 0 168 153 78 161 61 1 2 0 0 0 0 0 2 0 1 36 0 3 0 0 7 6 3 0 0 2 0 4 0 3 0 6 0 1 0 2 2 3 1 0 2 0 0 0 2 3 0 0 0 0 0 11 28 0 0 0 3 15 12 0 48 0 1 0 9 0 0 18 0 0 19 0 15 88 11 11 61 0 0 33 58 17 3 20 0 59 12 0 0 0 0 0 0 0 0 0 0 25 0 0 1 0 0 0 0 0 0 0 0 9 0 0 0 0 0 0 0 0 0 0 0 0 0 0 0 0 0 0 0 11 0 16 2 0 0 2 3 20 0 0 0 0 0 0 1 0 0 31 31 10 0 0 0 17 0 62 0 18 0 0 32 4 22 5 11 20 22 0 0 0 0 0 0 0 10 0 0 0 9 14 0 0 0 0 0 0 0 16 0 0 0 0 1 0 0 0 0 0 0 0 0 0 0 0 0 0 0 0 0 0 0 0 4 2 0 57 3 1 4 0 13 0 0 0 1 0 0 0 0 0 0 0 0 2 0 0 0 0 0 0 0 0 1 0 0 0 0 0 0 0 0 0 0 0 0 0 0 
 268 141 65 387 41 44 0 144 59 32 33 191 256 205 342 43 156 34 70 47 0 3 4 0 0 3 5 74 2 3 0 0 0 72 0 2 0 0 0 2 0 0 0 0 0 2 0 0 0 0 3 0 0 3 3 3 0 0 67 0 1 0 2 6 0 0 0 0 2 0 2 0 0 3 0 0 0 0 51 0 10 1 1 5 19 0 55 90 9 0 0 0 0 0 34 9 1 20 30 18 0 0 0 0 0 0 0 0 0 0 0 0 0 0 0 9 0 0 0 0 0 1 0 0 0 13 0 0 0 0 0 11 0 0 0 0 0 0 2 0 0 0 0 0 0 0 0 0 0 0 0 0 4 0 0 2 0 0 2 0 20 0 2 0 4 19 0 31 0 19 6 30 0 1 17 12 15 9 13 0 0 0 0 0 0 0 0 0 0 0 0 0 0 0 0 0 2 0 0 0 0 0 0 0 0 0 0 0 1 0 6 0 0 0 1 0 1 0 0 0 0 0 0 0 2 0 0 0 0 0 0 14 0 2 0 4 0 0 0 0 0 17 0 0 0 2 90 0 0 2 0 6 0 0 0 0 0 0 0 0 0 0 0 0 0 0 0 0 0 0 0 0 0 0 0 0 0 1 0 0 0 0 0 0 0 0 0 0 0 0 
 113 237 100 71 61 242 144 0 64 45 33 80 116 78 63 221 39 19 163 44 0 3 2 0 0 78 2 0 2 6 0 2 0 0 0 2 2 0 0 0 0 0 0 0 0 2 0 0 0 0 3 0 0 4 3 3 5 0 3 0 0 0 3 2 35 0 0 0 2 0 9 0 1 3 0 0 0 0 0 38 50 0 11 0 9 0 19 0 0 0 31 0 0 9 18 58 0 10 0 51 0 0 0 0 0 0 0 0 2 0 0 0 0 0 0 0 0 0 0 0 0 0 0 0 0 0 0 0 1 11 0 0 0 21 0 0 0 1 0 0 0 0 0 0 0 0 0 19 0 0 0 0 1 0 13 0 0 0 0 0 46 43 25 17 1 0 4 24 13 32 5 0 34 38 2 0 3 0 17 0 0 0 0 0 0 0 0 2 0 0 0 0 0 1 0 1 0 0 0 0 9 0 0 0 0 0 0 0 0 0 0 2 0 0 0 0 0 0 5 0 0 0 0 0 0 0 0 0 0 0 0 0 0 0 0 0 2 0 0 0 0 0 0 0 0 2 0 0 3 51 0 0 11 0 0 0 0 0 0 0 0 0 0 0 0 0 0 0 0 0 0 0 0 0 0 0 14 0 0 0 0 0 0 0 0 0 0 0 0 0 
 126 125 149 188 288 273 59 64 0 165 161 201 85 171 194 145 263 151 87 277 0 3 2 0 0 3 20 1 2 4 0 0 25 81 7 77 0 0 24 73 0 0 0 0 0 2 0 0 0 0 3 0 0 2 3 3 0 0 3 0 0 0 3 0 0 0 0 0 2 0 3 36 0 3 0 50 0 0 0 0 7 0 11 14 0 0 0 0 20 12 69 8 0 12 0 30 9 9 0 0 16 0 0 0 0 0 0 0 0 0 0 0 16 14 0 14 0 0 15 9 0 0 0 0 0 0 0 0 0 0 0 0 0 0 0 0 0 0 0 0 0 0 0 0 0 0 0 0 0 0 0 4 0 0 0 0 0 0 0 0 13 9 12 14 5 0 10 0 10 9 28 0 19 0 15 5 20 24 0 1 0 0 0 0 0 0 1 0 0 0 0 0 0 0 0 0 0 0 12 48 0 0 0 0 0 0 10 0 0 0 0 0 0 0 0 0 0 0 0 0 0 0 0 0 0 0 0 0 0 0 0 0 0 0 0 0 0 0 0 0 0 0 0 0 0 3 0 0 4 3 5 11 0 0 0 0 0 0 0 0 0 0 0 0 0 0 0 0 0 0 0 0 0 0 0 8 0 0 0 0 0 0 0 0 0 0 0 0 0 0 
 39 82 136 702 301 260 32 45 165 0 228 224 349 57 191 180 399 160 97 186 3 3 2 3 0 3 75 0 9 5 0 3 15 2 80 3 0 5 77 21 0 0 0 0 0 3 1 0 4 0 5 0 0 4 6 3 6 0 6 0 2 0 3 2 11 0 0 0 2 1 3 0 5 3 0 0 0 0 0 5 1 31 10 23 3 16 0 14 13 36 14 21 0 21 23 10 11 9 0 0 0 0 14 0 0 0 3 0 0 2 0 1 0 9 9 10 0 1 38 12 0 0 0 2 0 0 0 0 0 0 0 0 0 0 0 0 0 0 0 1 0 0 1 0 0 0 0 12 0 0 0 4 0 0 0 0 0 12 0 0 1 8 15 33 5 31 0 17 0 33 3 0 15 27 0 9 0 0 0 4 0 0 0 0 0 0 29 17 0 0 0 0 0 0 0 0 0 0 29 34 0 0 0 10 0 0 0 0 0 0 0 0 0 0 0 1 0 0 0 0 0 0 0 0 0 0 0 0 0 0 0 0 0 0 0 0 0 0 0 0 0 0 0 0 0 0 2 1 1 0 0 2 4 1 0 0 0 0 0 0 35 10 14 0 0 0 0 0 0 0 0 0 0 0 0 16 0 0 0 0 0 0 0 0 0 0 0 0 0 0 
 94 93 226 347 82 152 33 33 161 228 0 71 40 300 315 176 168 177 33 72 0 6 2 0 4 5 38 72 2 5 0 0 74 0 35 2 0 0 76 74 0 0 0 0 0 2 0 0 0 0 3 2 0 2 5 3 6 0 3 0 1 0 5 0 0 0 0 0 2 0 1 0 31 3 0 2 0 0 0 0 10 25 0 17 1 0 0 0 22 23 36 43 0 3 0 16 36 14 0 3 7 0 9 0 0 0 10 1 0 0 0 0 15 22 8 16 0 0 21 11 0 0 0 0 0 0 0 0 0 0 0 34 0 0 0 0 14 0 0 0 0 0 0 0 0 0 0 0 1 0 0 3 0 0 0 0 0 0 0 0 14 49 34 34 11 25 0 18 25 55 8 0 14 21 0 14 4 14 0 0 0 0 0 0 0 0 9 7 0 0 0 0 28 0 0 1 0 13 13 25 0 0 0 5 0 0 0 0 0 0 0 8 0 0 17 0 0 0 0 0 0 0 0 0 0 0 0 0 0 0 0 0 2 0 0 0 0 0 0 0 0 0 0 0 0 2 1 2 86 85 0 0 0 0 0 0 0 0 0 0 0 0 5 0 0 0 0 0 0 0 0 0 0 0 0 1 0 0 0 0 0 0 0 0 0 0 0 0 0 0 
 245 41 110 209 43 133 191 80 201 224 71 0 46 246 34 25 84 65 47 36 1 3 2 0 0 5 2 98 2 4 0 0 74 0 0 3 2 2 165 0 0 0 0 0 0 2 0 0 0 0 3 0 0 4 3 3 3 0 3 0 0 0 3 0 10 0 0 0 2 0 3 38 0 3 0 0 0 0 0 0 43 47 24 14 10 1 0 26 21 31 27 13 2 16 10 27 0 36 6 12 29 0 0 0 0 0 0 0 0 0 0 0 0 0 0 13 0 0 29 0 0 7 0 0 0 0 0 0 0 0 0 19 0 0 1 0 0 0 0 0 0 0 0 0 1 0 0 0 0 0 0 0 3 0 0 0 1 0 0 0 26 17 0 1 44 36 0 51 13 48 1 13 0 13 11 17 14 20 0 0 0 0 0 2 0 0 10 17 0 0 0 0 1 0 0 0 0 0 0 0 0 0 0 0 0 0 0 0 0 0 0 0 0 0 0 0 7 2 0 0 0 0 20 0 0 0 0 0 2 0 0 0 0 0 0 0 0 0 0 0 0 0 0 0 0 2 2 0 1 1 0 11 0 0 0 0 0 0 0 0 0 0 1 0 0 0 0 0 0 0 0 0 0 0 0 11 10 0 0 0 0 0 0 0 0 1 0 0 0 2 
 152 142 69 369 291 35 256 116 85 349 40 46 0 190 51 350 140 33 237 66 0 3 68 7 3 3 2 0 6 83 7 0 0 3 8 2 0 0 0 0 0 3 3 0 1 5 2 3 6 0 3 0 0 5 5 8 2 0 6 0 0 3 2 0 2 0 0 0 2 2 1 2 0 3 0 0 2 0 0 0 25 0 14 0 0 2 10 0 2 0 0 0 17 25 7 0 0 0 30 1 0 2 0 0 0 0 0 0 0 0 0 0 0 0 0 0 0 0 8 0 0 2 0 8 0 0 0 0 0 0 0 0 0 0 0 0 0 0 0 0 0 0 0 0 0 0 4 20 0 1 0 0 0 0 0 0 0 0 0 0 1 0 8 0 0 0 15 0 0 0 3 0 0 41 0 0 13 0 0 0 0 0 0 0 0 0 0 0 1 0 0 0 7 0 0 0 2 0 0 0 0 0 0 0 0 0 23 0 1 0 0 0 0 0 0 0 2 27 0 0 0 0 2 0 0 0 40 0 0 0 0 0 0 2 0 0 0 0 1 0 0 0 0 0 0 0 1 2 0 0 0 4 0 0 0 0 0 0 0 0 0 0 0 0 0 0 0 0 0 0 8 0 46 1 0 0 0 0 0 0 0 0 0 0 0 0 0 0 0 0 
 153 55 61 82 81 68 205 78 171 57 300 246 190 0 85 47 107 17 278 157 0 3 2 2 0 3 2 2 2 3 0 0 2 0 1 3 0 0 0 0 0 0 0 0 0 2 0 0 0 0 3 0 0 63 3 3 0 0 3 0 3 0 3 2 0 0 0 0 2 0 3 0 0 2 0 0 0 0 0 2 0 0 43 1 0 1 25 20 27 39 19 16 26 6 17 0 29 29 74 0 0 0 0 0 0 0 0 0 0 0 0 0 22 0 0 1 0 0 0 0 0 0 16 0 0 0 0 0 0 0 0 10 0 0 0 0 0 0 0 0 0 0 0 0 0 0 0 0 11 0 0 0 0 0 0 0 0 0 0 0 0 0 29 0 0 0 1 16 19 0 0 0 0 21 1 25 9 0 11 1 0 0 0 0 0 0 0 0 0 0 0 0 14 0 0 0 0 0 0 2 0 0 0 0 0 0 0 0 0 9 0 0 0 0 0 0 0 0 0 0 0 0 0 0 0 0 0 0 0 0 0 0 0 0 0 0 0 0 0 0 0 1 0 0 0 2 83 0 2 90 2 9 0 0 0 0 0 0 0 0 0 0 0 0 0 0 0 0 0 0 0 0 0 0 0 0 0 7 0 0 0 0 0 0 0 0 0 0 0 0 
 56 206 163 281 84 259 342 63 194 191 315 34 51 85 0 372 42 120 269 110 0 3 3 73 0 3 2 0 2 4 0 0 0 0 0 2 0 0 1 2 0 0 0 0 0 2 0 0 0 0 3 0 0 4 3 3 0 0 3 0 0 0 2 0 0 0 0 0 2 0 2 0 0 4 0 0 0 0 0 0 9 23 10 43 25 20 9 15 10 23 22 15 11 0 48 3 33 41 0 26 0 0 0 0 0 0 0 0 0 0 0 0 38 0 0 2 0 0 1 0 0 0 0 0 0 0 0 0 0 0 0 0 0 2 0 0 0 0 0 0 0 0 0 0 0 0 0 0 0 9 0 0 14 0 0 0 0 0 0 0 33 67 39 41 0 10 7 15 10 9 6 17 49 80 18 16 2 0 21 8 0 0 0 0 0 0 9 0 0 0 0 0 14 0 0 0 0 0 0 4 0 0 0 0 0 0 0 0 0 0 0 0 0 0 0 0 0 0 0 0 0 0 0 0 0 1 0 0 0 0 14 0 0 0 0 0 0 52 0 0 0 14 0 0 0 1 6 3 0 133 0 0 10 0 0 0 0 0 0 0 0 0 0 0 0 0 0 0 0 0 0 0 0 0 0 0 4 0 0 0 0 0 0 0 0 0 0 0 0 0 
 24 235 56 570 287 46 43 221 145 180 176 25 350 47 372 0 77 127 241 96 0 3 2 0 0 3 82 0 2 3 0 2 87 0 0 2 0 0 102 17 0 0 0 0 3 2 0 3 5 0 3 0 0 4 3 35 1 2 3 0 0 0 2 0 0 0 4 0 2 0 2 35 0 3 0 0 0 0 0 0 21 37 15 13 0 0 19 0 5 20 26 14 3 0 5 0 14 16 14 47 19 2 0 0 0 0 15 0 0 5 0 0 10 0 0 0 0 0 24 1 0 0 0 0 0 0 0 0 0 0 0 10 0 0 0 0 0 0 0 0 0 0 0 0 0 8 0 0 2 0 0 0 0 0 0 0 0 0 0 0 0 1 10 31 45 12 9 0 60 12 41 0 19 5 18 0 15 18 0 3 0 0 0 0 0 0 0 0 0 0 0 0 0 0 4 0 0 0 0 0 0 0 0 0 0 0 0 0 1 0 0 8 0 0 0 0 0 0 0 0 0 0 0 0 0 0 0 0 0 0 0 0 0 0 0 1 0 0 0 0 0 0 0 0 0 0 44 2 1 87 1 0 19 0 0 0 0 0 0 0 0 0 0 0 0 0 0 0 0 0 0 0 0 0 0 0 0 8 0 0 0 0 0 0 0 0 0 0 0 0 
 54 423 41 161 42 140 156 39 263 399 168 84 140 107 42 77 0 339 114 34 0 3 3 0 2 3 64 0 2 3 0 0 0 0 0 3 0 0 0 78 65 0 0 0 0 2 3 0 0 0 3 0 0 4 3 3 0 0 3 0 0 0 3 0 0 0 0 0 2 0 3 0 0 13 0 0 0 0 0 0 0 13 15 58 10 12 0 13 7 39 44 11 1 38 23 31 0 9 2 7 0 0 1 2 7 0 0 0 0 0 0 0 11 26 0 21 0 0 18 18 0 0 0 0 0 0 0 0 0 0 0 0 0 0 0 0 0 0 0 0 0 0 0 0 0 0 0 0 0 0 0 4 0 0 0 0 0 0 0 0 0 0 0 12 9 4 2 21 18 0 42 2 0 17 13 2 3 11 0 0 0 0 0 0 0 0 59 0 0 0 0 0 1 0 0 0 0 0 9 21 0 0 1 0 0 0 0 0 0 0 0 0 0 0 0 0 0 0 0 1 0 1 0 0 0 0 0 0 0 0 0 0 0 0 0 0 0 0 0 0 0 13 0 0 0 1 0 1 3 3 0 10 0 0 0 0 0 0 0 0 0 0 0 0 0 0 0 0 0 0 0 0 0 0 0 17 0 0 0 0 0 0 0 0 0 0 0 0 0 0 
 57 83 169 324 339 49 34 19 151 160 177 65 33 17 120 127 339 0 37 41 0 3 2 0 0 3 78 2 2 5 2 0 2 3 84 5 2 0 108 18 0 2 0 0 0 3 0 1 0 0 3 0 0 5 3 3 6 0 2 0 0 0 3 0 0 2 1 0 2 0 3 0 0 2 0 0 0 0 0 0 21 33 0 46 0 24 0 13 15 36 15 31 0 0 14 20 19 4 0 0 24 0 14 1 0 0 21 0 12 7 0 1 0 9 8 9 0 0 28 12 1 0 0 0 0 0 0 1 0 2 0 0 0 0 0 0 0 0 0 0 0 0 1 0 0 0 2 0 0 0 0 2 0 0 0 0 0 0 0 0 10 48 42 24 0 30 0 21 12 56 0 0 29 0 0 10 13 13 1 0 10 1 1 0 0 0 46 38 0 0 0 2 0 0 0 0 0 0 24 48 0 0 0 6 0 0 13 0 0 0 0 0 0 0 0 0 0 0 0 0 0 0 0 0 0 0 0 0 0 1 0 0 0 0 0 0 0 0 0 0 0 0 0 0 0 1 1 0 7 2 0 8 0 1 0 0 26 0 0 0 0 0 10 0 0 0 0 0 0 0 0 0 10 0 0 15 6 0 0 0 0 0 0 0 0 0 0 0 0 0 
 50 108 133 92 64 30 70 163 87 97 33 47 237 278 269 241 114 37 0 201 0 6 3 2 0 6 2 0 2 4 2 0 0 2 1 3 0 2 2 2 2 2 3 0 0 2 0 2 0 0 6 0 4 7 3 3 0 2 6 0 0 36 3 1 3 2 0 5 2 0 3 6 0 3 0 1 0 0 0 0 35 6 24 0 1 0 46 0 9 20 0 0 51 11 5 0 10 10 9 34 0 0 0 0 0 0 0 0 0 0 0 0 0 0 0 0 0 0 0 0 0 0 0 0 0 0 0 0 0 0 0 0 0 0 0 0 0 0 0 0 0 0 0 0 0 0 0 0 0 0 0 0 0 0 0 0 0 0 0 0 9 9 35 17 0 0 4 16 6 13 10 0 22 12 1 18 28 0 3 13 0 0 0 0 0 0 0 0 0 0 0 0 0 0 0 0 0 0 0 0 0 0 0 0 0 0 0 0 0 0 0 0 0 0 0 0 0 0 0 0 0 0 0 0 0 0 0 0 0 0 0 0 0 0 0 0 0 0 0 0 0 0 0 0 0 0 91 0 2 48 0 2 11 0 0 0 0 0 0 0 0 0 0 0 0 0 0 0 0 0 0 0 0 0 0 0 0 33 0 0 0 0 0 0 0 0 0 0 0 0 
 124 290 236 180 294 268 47 44 277 186 72 36 66 157 110 96 34 41 201 0 0 3 2 0 0 3 2 0 2 4 2 0 0 0 0 2 0 0 0 0 0 0 0 66 0 2 0 0 0 0 3 0 0 3 3 65 15 0 3 0 0 0 2 0 0 0 0 0 2 0 1 0 0 3 0 0 0 0 0 0 0 26 17 6 0 0 0 26 51 44 0 17 10 20 0 0 42 15 7 0 0 0 0 0 0 0 0 0 0 0 0 0 13 0 0 0 0 0 0 0 0 0 0 0 0 0 0 0 0 0 0 10 0 0 0 0 0 0 0 0 0 0 0 0 0 0 0 0 0 0 0 0 0 0 0 0 0 0 0 0 0 21 50 10 0 29 1 22 9 21 0 0 29 0 23 12 0 1 11 25 0 0 0 0 0 0 0 0 0 0 0 0 0 0 0 0 0 0 9 0 0 0 0 7 0 0 0 0 0 0 0 0 0 0 0 0 0 0 0 0 0 0 0 0 0 0 0 0 0 0 0 0 0 0 0 0 0 0 0 0 0 10 0 0 0 2 3 0 0 0 2 2 2 0 0 0 0 0 0 0 74 0 7 0 0 0 0 0 0 0 0 0 0 0 0 0 0 8 0 0 0 0 0 0 0 0 0 0 0 0 
 0 0 0 0 6 83 0 0 0 3 0 1 0 0 0 0 0 0 0 0 0 228 158 132 70 25 98 75 128 302 97 265 106 152 125 196 172 143 26 131 3 3 1 0 0 2 0 0 0 0 0 0 2 1 0 0 2 0 67 0 0 0 0 0 0 0 0 3 0 0 2 0 0 0 0 0 0 0 2 2 0 0 0 0 10 0 0 0 0 0 0 0 1 0 0 0 0 0 0 0 32 23 0 13 1 0 0 14 18 40 41 12 15 14 12 3 23 13 0 7 0 0 0 0 0 0 0 0 0 10 0 0 0 0 0 0 0 0 0 0 0 0 3 0 0 23 0 0 0 0 0 0 0 0 0 0 0 0 0 0 0 0 2 2 0 2 0 0 0 0 0 21 0 0 0 0 0 2 0 0 1 13 0 8 7 0 9 9 1 10 21 13 13 10 28 22 12 22 0 0 0 0 0 0 0 0 17 0 0 0 0 0 2 0 0 0 1 0 0 0 0 0 0 0 0 0 0 0 0 6 0 0 0 0 0 0 0 0 0 0 0 0 0 0 0 0 0 0 2 0 0 0 0 0 17 0 0 0 5 1 3 0 0 0 0 0 0 0 0 0 0 0 0 0 0 0 0 0 0 12 0 1 0 0 0 0 0 0 0 0 
 3 3 5 3 68 3 3 3 3 3 6 3 3 3 3 3 3 3 6 3 228 0 845 71 41 319 162 372 86 362 104 110 446 287 122 681 204 123 36 263 3 3 0 0 0 66 55 0 0 0 0 0 2 0 0 0 2 0 61 0 0 0 0 0 0 0 0 5 0 0 2 2 0 0 0 0 0 0 3 2 0 0 0 0 0 0 0 0 0 0 0 0 0 0 0 0 0 0 0 0 12 18 8 17 9 12 0 1 9 32 11 28 23 10 10 0 10 11 0 0 0 0 0 0 0 0 24 10 0 0 0 0 12 1 6 0 0 0 7 37 0 0 3 0 0 7 0 0 0 0 0 0 0 0 0 0 0 0 0 0 0 0 0 6 0 0 0 0 0 0 0 0 0 1 2 0 0 0 2 0 0 9 27 40 0 24 0 0 0 59 7 14 33 17 29 57 38 25 14 1 0 10 0 0 0 13 15 1 0 22 0 0 11 0 10 0 0 0 0 1 0 1 0 0 0 0 0 0 0 0 19 0 0 0 0 0 0 0 0 0 0 0 11 0 0 0 1 0 0 0 0 0 0 1 6 0 0 0 79 0 4 7 0 1 0 0 0 0 0 0 0 0 0 0 0 0 0 0 0 0 0 10 0 0 0 9 0 0 0 0 
 2 3 2 2 2 2 4 2 2 2 2 2 68 2 3 2 3 2 3 2 158 845 0 259 49 188 64 272 414 66 39 162 98 168 121 507 47 113 252 68 5 3 1 0 0 0 0 3 1 0 0 3 2 208 0 0 3 0 0 0 0 0 0 0 0 0 0 1 1 0 4 2 3 0 0 0 0 0 3 2 0 0 0 0 0 0 0 0 0 0 0 6 0 0 0 0 0 0 0 0 14 12 7 39 9 11 15 10 13 17 14 10 23 0 13 15 9 13 0 0 0 0 0 0 0 0 11 11 0 0 0 0 10 16 13 0 0 0 7 11 0 0 0 0 0 2 0 0 0 0 0 0 0 29 0 0 0 0 0 0 0 0 0 3 0 0 0 2 0 0 0 2 0 0 0 0 0 0 0 0 49 0 38 18 0 13 0 4 0 36 21 23 43 1 27 0 20 14 2 0 0 10 0 1 0 0 15 18 0 2 0 0 6 0 0 0 0 0 0 0 0 0 0 0 0 0 0 0 0 0 0 0 0 0 0 0 0 0 0 0 0 0 8 0 0 0 0 0 0 0 0 0 0 0 5 0 2 0 76 0 3 15 0 0 0 0 0 0 0 0 0 0 0 0 0 0 0 0 0 12 0 18 0 37 0 0 15 0 0 0 
 0 0 0 0 0 0 0 0 0 3 0 0 7 2 73 0 0 0 2 0 132 71 259 0 371 40 54 79 89 338 356 282 64 264 83 183 283 117 89 77 3 3 0 0 0 0 64 0 0 0 0 0 2 1 0 0 1 0 63 0 0 0 0 0 0 0 0 1 0 0 2 1 0 0 0 0 0 0 3 2 0 0 0 0 0 0 0 0 0 0 0 1 0 0 0 0 0 0 0 0 0 8 0 1 0 6 0 7 10 16 9 2 1 8 1 6 7 12 0 0 0 11 9 0 0 0 33 24 0 0 0 0 0 8 0 0 12 0 12 14 0 0 0 5 0 0 0 0 0 0 0 0 0 0 0 2 0 0 0 0 0 0 0 0 0 0 0 0 0 0 0 0 0 7 0 0 0 0 1 0 1 0 0 9 0 0 0 9 13 26 23 0 1 0 0 7 0 11 0 0 0 23 0 0 0 0 42 20 12 0 0 0 31 0 0 16 0 0 1 11 0 0 0 0 0 0 0 0 0 0 0 0 0 0 0 0 0 0 0 0 0 0 18 0 0 0 0 0 0 0 0 0 0 0 6 0 0 80 0 2 0 0 0 0 0 0 0 0 0 0 0 0 0 0 0 0 0 0 0 28 0 0 0 0 0 0 0 0 0 0 
 0 3 0 2 29 74 0 0 0 0 4 0 3 0 0 0 2 0 0 0 70 41 49 371 0 73 53 148 283 72 194 221 93 208 124 304 47 39 50 286 68 5 65 3 0 0 63 21 63 0 2 0 6 87 131 68 67 15 0 28 0 0 0 0 0 0 0 3 0 35 2 2 0 0 3 0 0 0 2 2 0 0 0 0 0 0 0 0 0 0 0 0 0 0 0 0 0 2 0 0 0 0 10 0 9 11 0 19 3 2 14 0 1 19 0 0 4 17 0 0 32 34 16 29 24 0 1 34 12 16 1 0 35 20 28 21 10 33 30 56 0 0 0 3 0 0 0 0 8 0 0 0 0 0 0 0 0 0 0 0 19 0 1 0 0 0 1 0 0 0 0 0 0 0 0 0 0 0 5 0 0 9 0 6 40 26 1 0 18 0 0 37 0 1 0 0 0 0 0 0 23 38 0 12 11 1 17 20 8 1 42 0 10 10 0 42 1 0 21 7 0 0 0 0 0 0 0 0 0 0 0 0 0 0 0 0 0 0 0 0 0 0 0 0 0 0 0 0 0 0 0 1 0 0 13 3 2 75 0 2 5 0 0 0 0 0 0 0 0 0 0 0 0 0 0 0 0 0 0 0 0 0 3 0 7 0 0 0 0 0 
 3 3 3 3 4 3 3 78 3 3 5 5 3 3 3 3 3 3 6 3 25 319 188 40 73 0 251 39 50 120 192 123 119 280 263 143 271 126 34 40 3 3 0 63 0 0 0 35 62 0 0 0 32 20 69 35 22 51 63 2 0 0 0 0 0 0 0 3 0 0 2 8 0 3 0 0 0 0 6 2 0 0 0 0 0 0 0 0 0 0 0 0 0 0 0 0 0 0 0 0 0 11 0 27 1 36 0 20 0 0 15 15 0 0 0 0 31 25 0 0 15 0 0 0 0 0 26 37 0 0 10 17 1 2 29 9 56 0 7 3 0 0 0 0 0 0 0 11 0 0 6 0 0 0 8 7 0 0 0 0 0 40 0 0 0 0 0 13 0 0 0 0 0 2 0 0 0 0 0 0 0 1 10 23 3 10 0 0 0 71 15 13 9 0 14 29 7 19 0 0 0 46 0 15 14 10 3 12 13 8 10 0 49 36 16 0 10 1 13 21 1 0 0 1 0 0 0 0 0 0 0 0 0 0 0 0 0 0 0 0 0 0 15 0 0 0 0 0 0 0 0 0 0 0 21 6 1 0 74 4 5 17 0 0 0 0 0 0 0 0 0 0 0 0 0 0 0 0 0 0 0 19 0 0 0 6 0 0 0 0 
 2 75 6 26 40 82 5 2 20 75 38 2 2 2 2 82 64 78 2 2 98 162 64 54 53 251 0 189 137 526 106 41 159 128 15 348 32 35 125 422 3 3 0 0 0 0 0 0 0 0 0 0 2 0 0 0 2 0 0 0 0 0 0 0 0 0 0 2 0 0 2 2 0 2 0 0 0 0 4 2 0 0 0 15 1 66 0 1 0 0 21 35 0 0 0 18 0 0 0 0 22 56 1 14 0 0 49 13 0 10 1 0 12 22 17 37 0 16 29 48 0 0 0 0 0 0 0 0 0 0 0 0 0 0 0 0 0 0 0 0 0 0 0 0 0 0 0 0 0 2 0 5 0 0 0 0 0 1 0 0 0 0 0 15 2 17 0 0 0 21 30 8 0 0 0 0 0 0 0 16 8 0 29 7 20 0 33 0 0 1 12 0 30 0 5 15 6 8 19 3 0 0 0 0 0 0 0 0 0 0 0 4 0 0 0 0 0 0 0 0 0 0 0 0 0 0 0 0 0 0 0 0 0 0 0 0 2 0 0 0 0 0 0 0 0 1 0 0 79 0 0 0 0 0 10 2 0 0 0 1 3 0 0 0 0 0 0 0 0 0 0 0 0 0 0 10 0 0 0 0 0 0 0 0 1 0 13 13 0 0 
 0 0 1 77 79 3 74 0 1 0 72 98 0 2 0 0 0 2 0 0 75 372 272 79 148 39 189 0 705 67 46 35 204 184 196 213 113 57 46 268 3 3 0 0 0 0 0 0 0 0 0 0 2 1 1 0 2 0 65 0 0 36 0 0 0 0 0 3 0 0 2 2 0 2 0 0 0 0 2 2 0 0 0 0 14 25 0 0 2 0 0 20 0 0 0 0 0 15 0 0 10 13 19 11 6 0 19 10 1 14 6 10 16 0 13 61 0 0 3 13 0 0 0 0 0 0 0 0 0 0 0 0 9 0 0 0 0 0 7 0 0 2 0 0 0 0 0 0 0 0 0 21 0 0 0 2 0 0 0 0 0 0 0 2 1 0 0 0 1 0 0 12 0 0 0 0 0 1 0 0 19 1 26 7 3 10 25 33 0 8 9 8 7 0 21 15 11 27 15 26 0 0 0 0 0 0 24 0 0 0 0 0 0 0 0 0 0 0 0 0 0 0 0 0 0 0 0 0 0 0 0 0 0 0 0 0 0 0 1 0 0 0 0 0 0 0 0 0 0 0 0 0 0 0 24 2 2 0 74 0 2 0 0 0 0 0 0 0 0 0 0 0 0 0 0 1 0 0 0 9 0 0 0 0 0 0 8 0 0 0 
 4 2 4 2 113 75 2 2 2 9 2 2 6 2 2 2 2 2 2 2 128 86 414 89 283 50 137 705 0 359 202 28 424 175 93 106 132 127 273 243 3 3 15 0 0 0 0 0 1 0 0 0 2 1 0 0 1 0 0 0 0 0 0 0 0 0 86 1 0 0 2 0 0 5 0 0 0 0 3 2 0 0 2 0 33 9 0 0 0 0 0 3 0 0 0 2 0 0 0 0 17 14 13 21 0 0 23 13 15 25 33 10 15 1 43 18 41 6 0 13 0 0 0 0 0 0 0 0 0 2 0 0 0 0 0 0 0 0 11 0 0 0 1 0 0 0 0 0 0 0 0 0 0 2 0 0 0 0 15 0 0 0 4 0 0 0 0 0 0 0 0 24 1 0 0 0 5 0 0 0 18 8 35 0 0 0 0 22 12 19 0 0 30 11 13 61 39 17 20 25 0 0 0 0 0 0 0 0 0 0 0 0 0 0 0 0 0 0 0 0 0 0 0 0 0 0 0 0 0 0 0 0 0 0 0 0 0 0 0 0 0 0 10 0 0 0 0 0 0 0 0 0 0 0 10 0 2 0 76 1 3 0 0 0 0 0 0 0 0 0 0 0 0 0 0 0 0 0 0 0 0 0 0 0 0 0 13 0 0 0 
 3 5 78 3 3 6 3 6 4 5 5 4 83 3 4 3 3 5 4 4 302 362 66 338 72 120 526 67 359 0 165 48 133 93 196 533 79 55 72 217 3 3 0 0 0 0 12 0 0 0 0 0 32 4 0 0 3 2 0 1 0 0 0 0 0 0 5 7 0 3 2 2 0 0 0 0 0 0 7 2 0 0 0 2 0 0 7 0 0 0 0 0 0 0 0 0 0 0 2 0 0 27 13 6 11 20 2 0 18 0 42 14 1 0 14 0 27 57 0 0 0 0 0 0 0 0 0 0 0 0 0 0 3 0 13 0 0 0 15 10 0 0 0 0 0 0 0 0 0 0 0 0 0 0 0 0 9 0 0 0 0 0 0 8 0 0 0 0 0 0 0 2 0 0 0 0 0 0 0 0 0 5 4 1 19 0 14 1 10 20 0 17 11 33 14 0 14 8 0 13 0 0 0 0 0 0 0 0 0 0 0 0 1 0 11 0 0 0 0 0 0 0 0 1 0 0 0 1 0 0 0 0 1 0 0 0 0 0 0 2 0 0 1 0 0 0 1 0 0 0 0 0 0 0 6 0 0 23 77 0 4 0 0 0 0 0 0 0 0 0 0 0 0 0 0 0 0 0 0 0 0 13 0 0 0 0 0 0 0 2 
 0 0 2 2 0 0 0 0 0 0 0 0 7 0 0 0 0 2 2 2 97 104 39 356 194 192 106 46 202 165 0 69 349 130 263 90 80 119 46 90 3 3 0 0 0 0 3 0 2 0 0 0 65 2 0 0 5 1 0 0 0 5 0 1 0 0 0 1 0 0 2 1 0 19 3 0 0 0 3 2 0 0 0 0 0 0 0 0 0 0 0 0 0 0 1 0 12 1 0 0 0 14 3 21 25 18 0 10 15 0 9 11 1 0 0 29 14 1 0 5 23 0 8 0 0 0 12 4 0 0 0 2 13 14 0 0 0 0 12 5 0 0 1 0 0 2 0 1 0 0 0 0 0 0 0 0 14 0 0 19 0 0 0 0 0 0 0 0 1 0 0 6 0 0 0 0 25 0 0 2 8 10 18 9 21 15 16 0 0 26 0 13 20 16 14 0 11 0 0 12 0 10 0 0 0 0 18 17 7 0 0 0 0 8 0 0 21 0 11 32 0 0 0 0 0 0 9 0 0 0 0 0 0 0 0 0 0 0 0 0 0 0 0 0 0 0 0 0 0 0 0 0 0 0 14 0 1 74 0 0 23 13 0 0 0 0 0 0 0 1 0 0 0 0 0 0 0 0 0 0 0 0 0 0 0 0 0 0 0 2 
 0 0 1 0 0 0 0 2 0 3 0 0 0 0 0 2 0 0 0 0 265 110 162 282 221 123 41 35 28 48 69 0 37 96 101 190 173 126 28 41 3 3 63 0 0 0 78 63 0 0 0 0 2 63 0 4 3 0 34 22 0 0 0 0 0 0 0 3 0 9 2 2 0 0 6 0 0 0 2 2 0 0 0 0 0 0 0 0 0 0 0 0 0 0 0 0 0 0 0 0 0 0 37 0 24 17 1 63 9 0 28 14 0 13 0 0 14 32 1 0 1 12 9 0 37 0 5 21 1 2 0 0 5 28 20 0 0 0 41 37 0 0 0 0 0 0 0 0 0 0 2 0 0 0 0 7 0 0 0 0 6 0 0 0 0 0 0 0 0 0 15 0 10 0 0 0 0 0 12 0 0 10 0 19 0 26 0 0 38 20 17 29 0 0 0 0 0 0 0 0 8 28 0 0 0 0 24 21 12 5 0 0 32 0 6 22 1 0 24 31 0 13 0 0 0 0 0 2 0 0 0 0 2 0 0 0 0 9 0 1 0 0 19 0 0 0 0 0 0 0 0 0 0 0 26 0 2 82 0 0 4 0 0 0 0 0 0 0 0 0 0 0 0 0 0 0 0 0 0 0 0 38 0 0 0 8 0 0 0 0 
 0 0 1 79 76 0 0 0 25 15 74 74 0 2 0 87 0 2 0 0 106 446 98 64 93 119 159 204 424 133 349 37 0 85 121 129 52 36 297 183 3 3 0 1 0 0 0 63 17 0 62 0 2 2 0 1 3 0 0 0 0 0 0 0 0 0 0 3 0 0 2 46 0 4 0 0 0 0 2 2 0 0 9 0 8 49 0 13 0 0 13 7 0 0 0 0 1 9 0 0 18 0 19 36 0 0 13 38 2 4 13 0 48 2 14 6 41 0 3 21 0 0 0 0 0 0 2 0 0 0 0 0 0 0 0 0 0 0 11 1 0 0 2 0 0 0 0 0 0 0 0 3 0 0 0 0 0 0 0 0 1 0 0 0 13 0 0 0 0 0 19 16 0 0 0 0 5 2 0 0 56 10 25 0 12 0 30 8 0 29 0 0 10 28 0 0 0 29 10 30 0 0 0 0 0 0 0 7 0 0 0 0 0 0 0 0 0 0 0 0 0 0 0 0 0 0 0 0 0 0 0 0 0 0 0 13 0 0 0 0 0 0 0 0 0 1 0 0 0 0 0 0 0 0 0 0 0 0 1 0 58 2 0 0 0 0 0 2 0 0 0 0 0 0 0 0 0 0 0 0 0 0 0 0 0 0 13 0 0 0 
 2 0 1 3 60 168 72 0 81 2 0 0 3 0 0 0 0 3 2 0 152 287 168 264 208 280 128 184 175 93 130 96 85 0 397 61 92 23 279 227 4 3 0 0 1 0 0 0 0 0 0 0 2 2 0 0 6 4 0 0 4 0 0 0 0 0 4 2 6 5 2 0 0 0 9 0 60 0 3 2 0 0 0 0 7 0 0 0 0 0 0 0 0 0 0 0 0 0 0 0 0 45 30 39 0 0 12 87 27 21 43 25 0 46 42 16 18 18 0 0 0 0 0 0 0 41 0 0 13 0 0 0 5 0 0 0 0 0 12 10 0 0 0 0 0 0 0 0 0 0 0 0 0 0 0 0 0 0 0 0 0 0 3 0 0 0 0 0 0 0 0 1 1 0 0 0 7 0 0 0 53 14 11 0 0 1 0 29 90 38 26 0 20 28 0 1 9 3 7 21 0 0 0 0 0 0 1 0 0 0 0 0 0 0 0 0 0 0 0 5 0 0 0 0 0 0 4 0 0 0 0 0 0 0 2 0 0 0 0 0 0 0 0 0 0 0 0 0 0 0 0 0 0 0 6 0 2 0 0 1 16 41 0 0 0 0 0 0 0 0 0 0 0 0 0 0 0 0 0 13 0 4 0 0 0 0 0 0 0 0 
 1 0 2 29 8 153 0 0 7 80 35 0 8 1 0 0 0 84 1 0 125 122 121 83 124 263 15 196 93 196 263 101 121 397 0 151 200 99 58 412 3 3 0 0 0 0 0 0 0 0 0 0 3 1 0 0 5 0 0 0 0 0 0 0 0 0 0 59 0 0 10 0 0 0 0 0 1 0 2 2 0 0 0 18 0 0 0 0 21 2 0 0 0 0 0 0 0 0 0 0 6 43 47 34 23 0 0 18 36 11 22 21 9 52 35 21 22 39 11 10 0 0 0 0 0 0 0 0 0 0 0 0 14 1 0 0 0 0 0 0 0 0 1 0 0 0 0 0 0 0 0 8 0 0 0 0 0 0 0 0 0 0 0 3 11 0 0 0 0 0 0 0 0 0 0 0 0 0 0 0 18 4 16 0 0 13 17 30 52 28 18 11 0 20 18 18 20 20 8 37 11 0 0 0 0 0 0 0 0 0 0 11 0 0 0 0 0 0 0 0 0 0 0 0 0 0 0 0 0 0 0 0 0 0 0 0 5 0 0 0 0 0 0 0 0 0 0 0 81 0 0 0 0 0 3 0 4 0 8 0 6 3 0 0 0 0 12 0 0 0 0 0 1 0 0 0 0 0 0 0 0 0 0 0 0 0 0 0 0 0 
 3 2 3 2 4 78 2 2 77 3 2 3 2 3 2 2 3 5 3 2 196 681 507 183 304 143 348 213 106 533 90 190 129 61 151 0 93 191 35 67 3 3 0 0 0 2 2 3 0 0 0 2 2 1 0 0 5 0 24 0 0 0 0 3 0 0 55 3 1 0 4 2 3 3 0 0 0 0 2 2 0 0 0 0 29 0 0 0 0 0 0 7 0 0 0 0 0 0 0 1 17 0 12 17 21 12 11 0 13 22 10 35 0 0 3 13 19 11 0 1 0 0 0 0 2 0 48 10 0 0 0 0 19 1 10 0 0 0 12 37 0 0 3 0 0 2 0 0 0 0 0 0 0 0 0 0 0 0 0 0 0 0 0 6 0 0 0 0 0 1 2 17 0 1 1 0 0 0 0 0 5 11 13 8 0 10 0 0 0 15 0 15 1 21 32 7 35 26 19 1 0 0 0 0 0 2 25 1 0 0 0 0 11 0 2 0 0 0 0 0 0 2 0 0 0 0 0 0 0 0 0 0 0 0 0 0 0 0 0 0 0 0 11 0 0 0 0 0 0 0 0 0 0 2 8 0 0 0 83 0 1 0 0 1 0 0 0 0 0 0 0 0 0 0 0 0 0 0 0 0 0 16 0 0 0 0 11 0 0 0 
 0 0 1 1 27 161 0 2 0 0 0 2 0 0 0 0 0 2 0 0 172 204 47 283 47 271 32 113 132 79 80 173 52 92 200 93 0 45 40 113 3 3 0 0 0 0 2 3 0 0 0 2 2 208 0 0 8 4 90 70 7 0 0 0 1 0 4 3 8 0 2 1 1 0 0 0 6 2 2 2 0 0 0 0 19 0 0 0 0 0 0 0 0 0 0 0 0 0 0 0 8 8 21 36 10 0 4 31 0 85 21 44 42 87 60 29 11 2 0 5 0 0 3 0 0 1 16 0 0 0 10 0 0 0 0 0 0 0 2 20 0 1 0 0 1 0 0 0 0 0 8 0 0 0 0 7 0 0 0 0 0 0 10 0 0 0 0 0 0 0 0 0 15 0 0 0 6 0 0 0 21 27 0 20 1 16 0 23 61 15 98 0 17 23 0 7 10 3 22 20 0 0 0 12 12 0 12 0 16 7 0 0 9 0 1 0 0 0 0 21 0 0 0 0 0 0 0 0 0 0 0 0 0 0 0 0 0 0 0 0 0 0 0 0 0 0 0 0 0 0 0 74 0 0 12 0 1 2 0 3 9 0 0 0 0 0 0 0 0 0 0 0 0 0 0 0 0 0 0 0 0 21 0 0 0 0 0 0 0 0 
 0 0 1 0 109 61 0 0 0 5 0 2 0 0 0 0 0 0 2 0 143 123 113 117 39 126 35 57 127 55 119 126 36 23 99 191 45 0 18 31 3 3 0 0 0 0 64 0 0 0 0 0 65 0 0 0 3 0 0 3 0 0 0 0 0 0 0 3 0 6 2 2 0 0 5 0 0 0 2 2 0 0 0 0 12 14 0 0 1 0 0 0 0 0 0 0 0 0 0 0 31 0 29 1 24 14 0 0 2 12 10 28 13 0 0 12 42 13 0 0 15 0 0 0 0 0 8 3 0 0 0 0 25 32 19 0 1 0 27 18 0 1 5 13 0 0 0 1 0 0 0 16 0 0 0 1 0 0 0 0 0 0 0 5 0 0 0 0 0 0 0 0 0 1 0 0 0 0 0 0 9 19 1 33 0 45 0 1 0 33 0 46 0 14 16 21 0 0 0 0 12 10 0 0 0 0 30 32 1 0 0 0 25 0 11 17 14 0 31 0 0 0 0 0 0 0 0 0 0 0 0 0 0 0 0 0 0 0 2 0 0 0 15 0 0 0 0 0 0 0 0 0 0 0 9 0 0 82 73 0 6 0 0 0 0 0 0 0 0 0 0 0 0 0 0 0 0 0 0 0 0 19 0 0 0 20 0 0 0 0 
 76 150 65 77 147 1 0 0 24 77 76 165 0 0 1 102 0 108 2 0 26 36 252 89 50 34 125 46 273 72 46 28 297 279 58 35 40 18 0 256 3 3 0 0 25 0 0 0 2 0 0 0 2 2 0 0 2 1 0 0 0 0 0 2 11 0 0 2 0 0 2 46 0 0 0 0 0 0 5 4 0 0 14 33 0 15 0 69 0 0 30 13 0 0 12 18 0 67 0 0 44 0 0 0 0 0 32 0 12 0 0 0 9 0 0 0 0 0 38 1 0 0 0 0 0 0 0 0 0 2 0 0 0 0 12 0 0 0 0 0 0 0 0 0 0 0 0 0 0 0 0 0 7 0 0 1 0 0 0 0 0 0 0 11 15 50 0 18 0 26 39 11 0 0 0 0 14 12 0 0 11 0 0 22 0 0 2 53 0 0 0 0 0 0 24 0 0 0 0 20 0 0 0 0 0 0 0 0 0 0 0 8 0 0 0 0 0 0 0 0 0 0 0 0 0 0 0 0 0 0 0 0 0 0 0 0 0 0 0 0 0 0 0 0 0 0 0 0 0 0 0 0 0 0 1 0 0 0 0 0 1 1 0 0 0 0 0 0 0 0 0 0 0 0 0 2 5 0 0 0 0 0 0 0 0 0 0 0 0 0 
 0 0 0 74 75 2 2 0 73 21 74 0 0 0 2 17 78 18 2 0 131 263 68 77 286 40 422 268 243 217 90 41 183 227 412 67 113 31 256 0 3 3 5 0 0 0 0 0 0 0 0 2 2 2 0 0 6 4 0 0 8 0 0 0 0 0 4 3 6 0 2 0 0 3 0 0 6 0 2 2 0 0 0 25 11 18 0 0 0 1 7 67 0 0 0 3 0 0 0 0 0 19 50 25 29 0 0 10 0 14 16 15 0 30 26 20 16 23 15 22 0 0 0 0 0 0 0 0 0 0 0 0 0 9 0 0 0 0 10 0 0 0 0 0 0 0 0 0 0 0 0 6 0 0 0 0 0 0 0 0 0 0 0 14 1 1 0 0 0 0 0 37 0 0 0 0 0 0 0 0 26 16 10 0 12 1 28 17 19 15 0 0 9 29 13 0 4 3 24 45 0 0 0 0 0 0 0 0 0 0 0 0 0 0 0 2 0 22 0 0 0 0 0 0 0 0 0 0 0 0 0 0 0 0 0 0 0 0 0 0 0 0 1 0 0 0 0 0 0 0 0 0 0 0 19 1 0 0 13 1 3 0 0 0 0 0 0 0 0 0 0 0 0 0 0 26 0 0 0 0 0 1 0 0 0 0 0 0 0 0 
 0 0 3 6 0 0 0 0 0 0 0 0 0 0 0 0 65 0 2 0 3 3 5 3 68 3 3 3 3 3 3 3 3 4 3 3 3 3 3 3 0 276 376 75 35 99 290 114 132 142 104 31 129 65 285 225 150 83 121 42 7 0 3 0 0 0 23 0 0 0 0 0 0 0 0 2 7 0 0 0 0 0 0 0 0 0 0 0 0 0 0 0 0 18 0 0 0 0 0 0 0 0 0 0 0 0 0 0 0 0 0 0 0 0 0 0 0 0 0 0 44 21 26 40 23 17 0 46 34 26 16 2 8 47 21 13 17 13 0 1 0 0 0 0 0 0 7 0 0 0 0 0 0 0 0 0 0 0 30 9 0 0 0 0 0 0 3 0 0 7 0 0 0 0 0 0 0 0 0 0 0 0 0 0 1 0 0 0 0 0 0 13 0 0 0 0 0 0 0 0 8 3 0 13 7 24 0 17 33 1 23 0 0 1 17 34 1 6 13 0 0 0 0 0 6 17 0 0 0 0 0 0 0 0 0 0 0 0 0 0 0 0 0 0 0 0 0 0 0 0 0 11 0 1 0 0 0 0 1 0 0 0 0 0 39 16 0 66 0 0 0 0 0 0 0 0 0 0 0 0 0 0 0 0 0 0 0 0 2 0 
 0 0 0 0 0 0 0 0 0 0 0 0 3 0 0 0 0 2 2 0 3 3 3 3 5 3 3 3 3 3 3 3 3 3 3 3 3 3 3 3 276 0 251 165 106 61 114 287 198 129 111 91 195 78 157 109 272 317 66 333 6 0 0 0 0 0 31 0 0 0 0 0 0 0 0 0 0 0 52 46 0 0 0 0 7 0 0 0 0 0 8 0 0 0 0 0 0 0 0 0 0 0 0 0 1 0 0 0 0 0 0 0 0 0 0 0 0 0 0 0 9 3 13 26 0 20 0 42 46 31 84 0 1 0 18 14 24 3 5 0 0 0 0 0 0 0 7 0 7 0 0 0 0 0 0 0 0 0 29 2 15 0 0 0 0 0 17 0 0 0 1 0 0 0 0 0 0 0 0 0 0 0 0 0 0 0 0 0 0 0 0 0 0 0 0 0 0 0 0 0 37 0 1 0 0 1 0 0 19 0 2 1 1 19 25 50 27 3 7 0 0 0 0 0 0 0 0 0 0 0 0 0 16 0 0 0 0 0 0 0 0 0 9 0 0 0 0 0 0 0 0 3 0 0 0 0 0 0 0 0 0 0 3 0 4 17 0 29 0 0 15 0 0 0 0 0 0 0 0 0 0 0 0 0 27 0 0 21 2 5 
 0 0 0 0 0 0 0 0 0 0 0 0 3 0 0 0 0 0 3 0 1 0 1 0 65 0 0 0 15 0 0 63 0 0 0 0 0 0 0 5 376 251 0 201 39 275 70 173 105 94 56 81 73 287 143 267 48 80 61 65 7 0 52 0 0 0 0 1 0 0 0 0 0 0 0 0 0 0 0 67 0 0 0 0 0 0 0 0 0 8 0 0 0 0 0 0 0 0 0 0 0 0 2 0 0 0 0 0 0 0 3 4 0 0 2 0 0 0 0 0 0 22 19 18 50 17 0 44 25 24 1 0 0 0 63 21 6 7 0 55 0 0 0 0 4 0 10 0 0 0 5 0 0 15 0 0 0 0 22 15 4 0 0 0 0 0 0 8 0 0 0 0 0 0 0 0 0 0 4 0 0 0 0 0 0 0 0 2 0 19 0 0 0 0 0 0 6 0 0 2 12 19 6 24 18 34 17 10 11 19 0 0 0 0 10 32 0 17 8 0 1 0 0 19 0 0 23 7 0 0 0 0 18 0 0 0 0 0 2 0 0 0 0 0 0 0 0 0 0 0 0 3 0 1 0 0 0 0 3 2 0 0 3 0 64 0 2 69 0 0 0 0 0 0 0 0 0 0 0 0 0 0 0 0 10 0 0 10 1 0 
 0 0 0 0 0 0 0 0 0 0 0 0 0 0 0 0 0 0 0 66 0 0 0 0 3 63 0 0 0 0 0 0 1 0 0 0 0 0 0 0 75 165 201 0 83 41 167 285 230 270 124 57 66 235 68 52 95 233 164 123 50 0 1 0 0 0 1 0 0 0 0 2 2 5 0 5 5 1 75 53 0 0 0 0 0 0 0 0 0 0 0 0 0 0 0 0 0 0 0 0 0 0 0 0 0 0 0 0 0 0 0 0 0 0 0 0 0 0 0 0 31 9 0 35 0 11 0 0 0 29 0 8 0 10 19 2 0 0 0 0 0 6 0 0 0 0 21 4 0 0 10 0 0 6 2 1 0 0 17 5 0 0 0 0 0 0 5 0 0 3 0 0 0 0 0 0 0 0 0 0 0 0 0 0 0 0 0 0 0 0 0 0 0 0 0 0 0 0 0 0 2 14 19 6 0 18 0 0 43 0 9 44 16 0 23 1 0 0 0 0 22 0 6 0 0 0 20 9 0 0 5 0 37 8 0 0 1 5 20 0 0 0 0 0 0 0 0 0 0 0 0 11 0 0 0 0 0 0 0 7 0 0 1 0 3 10 0 0 0 0 0 0 0 0 0 0 0 0 0 0 0 0 0 0 33 9 0 19 1 0 
 0 0 0 0 0 0 0 0 0 0 0 0 1 0 0 3 0 0 0 0 0 0 0 0 0 0 0 0 0 0 0 0 0 1 0 0 0 0 25 0 35 106 39 83 0 139 64 102 139 79 158 115 81 158 95 69 66 118 56 63 209 261 1 1 0 0 101 0 0 54 0 0 4 49 0 0 76 0 4 65 0 0 0 0 0 0 6 0 0 0 0 0 0 0 0 0 0 0 0 0 0 0 0 0 0 0 0 0 0 0 0 0 0 0 0 0 0 0 11 0 0 0 0 0 0 8 0 15 0 0 1 2 0 0 3 9 12 0 0 0 16 29 28 0 11 0 15 23 15 1 0 2 1 29 9 9 35 0 0 0 0 0 0 0 0 0 0 0 0 0 0 0 0 0 0 0 0 0 0 0 0 0 0 0 0 0 0 0 0 0 0 0 0 0 0 0 0 0 0 0 7 0 0 0 0 0 0 0 0 10 0 0 0 12 9 11 12 0 0 0 0 21 0 0 0 0 43 1 20 2 23 0 29 24 14 15 0 37 29 13 10 0 0 0 0 0 0 0 0 0 0 9 0 0 0 0 0 0 0 1 0 0 62 2 2 4 0 0 1 0 6 0 0 0 0 0 0 0 0 0 0 0 0 0 0 0 0 0 2 0 
 2 2 2 2 2 2 2 2 2 3 2 2 5 2 2 2 2 3 2 2 2 66 0 0 0 0 0 0 0 0 0 0 0 0 0 2 0 0 0 0 99 61 275 41 139 0 56 119 68 253 75 367 240 58 97 62 85 101 46 40 7 46 3 2 0 0 59 1 97 0 4 0 9 39 46 1 2 0 105 49 0 0 0 0 0 0 0 0 0 0 0 0 0 0 0 0 0 0 0 0 0 0 0 0 0 1 0 0 0 0 0 0 0 0 0 0 0 0 0 0 0 3 16 40 0 3 0 12 19 15 15 0 0 0 0 0 2 1 0 0 18 0 18 0 0 0 15 10 0 3 0 0 0 1 20 0 10 0 36 2 0 0 0 0 0 0 0 3 0 0 0 0 0 0 0 0 0 0 0 19 0 0 0 0 0 0 0 0 0 0 0 0 0 0 0 0 0 0 0 0 7 0 0 0 10 3 0 0 11 0 0 0 0 0 0 18 0 7 0 0 0 46 19 0 3 0 0 0 0 0 4 0 46 11 10 26 0 0 45 16 0 0 12 0 0 0 0 0 0 0 0 4 0 0 0 0 0 0 0 0 0 0 0 0 1 5 5 43 0 0 0 0 10 0 0 0 0 0 0 0 0 0 0 0 19 0 0 23 2 0 
 0 0 0 0 0 0 0 0 0 1 0 0 2 0 0 0 3 0 0 0 0 55 0 64 63 0 0 0 0 12 3 78 0 0 0 2 2 64 0 0 290 114 70 167 64 56 0 104 273 102 289 49 215 146 40 116 100 66 108 196 0 8 26 7 5 2 0 7 0 4 0 4 2 0 4 3 3 2 0 2 0 0 0 0 0 0 0 0 0 0 0 0 0 0 0 0 0 0 0 0 0 0 27 0 24 10 0 0 0 0 0 1 0 0 0 0 0 0 0 0 7 0 2 14 0 2 13 0 8 14 0 0 29 25 14 8 0 9 1 16 0 0 1 11 9 7 0 0 14 0 2 3 6 0 0 8 0 0 0 0 0 0 0 0 0 0 4 0 0 0 0 0 0 0 0 0 0 0 0 0 0 0 0 0 93 15 0 0 0 0 0 7 0 0 0 0 0 0 0 0 17 9 0 0 2 31 16 2 29 0 0 0 2 7 3 15 1 0 15 2 0 0 10 7 7 0 0 0 1 0 1 2 0 0 0 0 0 0 0 0 0 0 0 0 0 0 0 0 0 0 0 2 0 0 0 0 0 117 0 0 0 0 0 0 2 3 13 0 0 0 0 0 0 0 0 4 0 0 0 0 0 0 0 0 0 0 0 0 1 0 
 0 0 0 0 0 1 0 0 0 0 0 0 3 0 0 3 0 1 2 0 0 0 3 0 21 35 0 0 0 0 0 63 63 0 0 3 3 0 0 0 114 287 173 285 102 119 104 0 232 44 30 71 129 262 216 222 68 110 302 82 7 0 0 0 0 0 1 0 0 0 0 0 4 5 0 3 1 1 1 2 0 0 0 0 0 0 0 0 0 0 0 73 0 0 0 0 0 0 0 0 0 0 0 0 0 12 0 0 0 0 0 0 0 0 0 0 0 0 0 0 14 15 18 18 27 16 0 74 12 32 1 0 0 0 18 47 18 7 0 22 0 3 1 0 4 0 1 1 7 0 3 0 0 0 1 0 1 0 15 8 7 0 0 0 0 0 1 0 0 0 0 0 0 0 0 0 0 0 5 0 0 0 0 0 0 0 0 0 0 0 0 0 0 0 0 0 0 0 0 0 28 19 5 25 45 36 12 1 0 18 0 0 12 44 6 78 34 8 5 8 0 0 0 20 0 0 0 5 0 0 3 0 1 1 0 0 0 1 0 0 0 0 0 0 0 0 0 0 0 0 0 0 1 0 0 0 0 0 0 0 0 0 65 0 1 3 1 68 0 0 23 0 0 0 0 0 0 0 0 0 0 0 0 0 0 0 0 0 1 0 
 0 0 0 0 0 36 0 0 0 4 0 0 6 0 0 5 0 0 0 0 0 0 1 0 63 62 0 0 1 0 2 0 17 0 0 0 0 0 2 0 132 198 105 230 139 68 273 232 0 173 114 82 260 418 159 176 166 130 417 151 1 2 0 2 2 0 0 4 0 0 0 1 1 0 0 0 0 0 0 0 0 0 0 0 0 5 0 0 0 0 0 0 0 0 0 0 0 0 0 0 0 0 0 0 0 0 0 0 0 0 0 0 0 0 0 0 0 0 0 0 9 18 1 34 20 24 0 14 10 20 17 9 0 0 14 43 5 1 0 0 0 0 0 2 6 0 0 0 10 0 0 0 0 0 0 0 0 0 0 11 2 0 0 0 0 0 3 0 0 0 0 0 0 0 0 0 0 0 0 0 0 0 0 0 0 1 0 0 0 0 0 0 0 0 0 0 0 0 0 0 26 0 11 19 8 21 0 20 54 2 8 5 16 32 31 46 40 17 0 0 0 0 0 0 0 0 0 0 0 0 0 0 2 0 0 0 0 0 0 9 0 0 0 0 0 0 0 0 0 0 0 7 0 0 0 0 0 0 0 0 0 0 63 0 0 6 0 0 0 0 24 0 0 0 0 0 0 0 0 0 0 0 0 0 0 0 0 0 2 0 
 0 0 0 0 0 0 0 0 0 0 0 0 0 0 0 0 0 0 0 0 0 0 0 0 0 0 0 0 0 0 0 0 0 0 0 0 0 0 0 0 142 129 94 270 79 253 102 44 173 0 271 106 141 83 109 220 248 115 141 114 25 4 54 0 1 0 3 54 0 3 0 1 0 0 4 2 0 0 2 74 0 0 0 0 0 0 0 0 0 0 0 0 0 0 0 0 0 0 0 0 0 0 0 0 0 0 0 0 0 9 1 0 0 0 0 0 0 0 0 0 5 0 5 14 36 44 0 0 19 19 14 2 0 20 13 10 1 1 0 0 0 4 0 11 1 1 0 0 18 3 6 2 14 15 0 0 0 0 18 0 0 11 0 0 0 0 4 0 0 11 0 0 0 0 0 0 0 0 0 0 0 0 0 0 0 0 0 0 0 0 0 0 0 0 0 0 0 0 0 0 0 8 15 8 19 25 0 19 21 7 2 4 0 0 31 0 0 15 0 0 32 0 17 1 1 2 20 7 21 3 0 4 0 19 0 0 0 0 6 8 0 0 0 0 0 0 0 1 0 0 0 0 0 0 0 0 1 0 0 7 0 0 0 0 64 11 0 0 0 0 0 0 0 0 0 2 0 0 0 0 0 0 0 0 17 16 0 0 2 0 
 3 3 3 3 3 3 3 3 3 5 3 3 3 3 3 3 3 3 6 3 0 0 0 0 2 0 0 0 0 0 0 0 62 0 0 0 0 0 0 0 104 111 56 124 158 75 289 30 114 271 0 197 326 57 294 144 104 111 68 137 51 2 19 0 0 0 142 22 0 0 0 2 0 23 1 0 0 0 1 34 0 0 0 0 0 0 0 0 0 0 0 0 0 0 0 0 0 0 0 0 0 0 0 0 0 0 0 0 0 0 11 0 0 0 0 0 0 0 0 0 8 0 0 6 11 36 10 0 22 36 0 28 6 0 11 13 2 0 0 0 6 21 0 12 0 0 0 0 12 4 1 0 19 12 8 0 10 0 5 0 16 0 0 0 0 0 2 0 0 0 0 0 0 0 0 0 0 0 0 0 0 0 0 0 0 0 0 0 0 0 7 0 0 0 0 0 0 0 0 0 38 1 0 0 15 1 0 0 11 1 2 10 0 0 12 0 1 16 4 0 11 0 7 0 0 0 59 0 28 0 0 0 0 56 0 1 0 0 11 2 0 0 0 0 0 0 0 0 0 0 0 12 0 1 0 0 0 0 31 0 62 1 0 0 2 15 4 0 5 0 0 0 0 0 0 0 0 0 0 0 0 0 0 0 25 0 0 0 1 0 
 0 0 0 32 0 0 0 0 0 0 2 0 0 0 0 0 0 0 0 0 0 0 3 0 0 0 0 0 0 0 0 0 0 0 0 2 2 0 0 2 31 91 81 57 115 367 49 71 82 106 197 0 32 83 44 83 73 199 31 38 0 8 18 8 0 0 20 9 0 2 0 0 0 107 6 0 0 1 52 28 0 0 0 0 0 0 0 0 0 0 0 0 0 0 0 0 0 0 0 0 0 0 0 0 0 0 0 0 8 0 0 0 0 0 0 0 0 0 0 0 0 5 0 10 10 10 0 10 0 0 0 6 0 0 0 10 12 0 0 0 20 0 11 12 2 0 4 12 15 20 0 4 14 16 14 6 3 0 19 1 0 0 0 0 0 0 0 0 0 0 0 0 0 0 0 0 5 0 0 0 0 0 0 0 0 0 0 0 0 0 1 0 0 0 0 0 0 0 0 0 9 0 0 0 8 18 0 0 0 3 0 0 0 10 9 9 10 0 0 0 0 20 0 0 0 0 35 1 25 11 0 10 11 24 0 14 0 0 22 1 0 0 0 0 0 0 0 0 0 0 0 4 0 2 0 0 0 0 0 1 1 1 64 0 0 4 0 0 0 0 5 0 0 0 0 13 0 0 0 0 0 3 0 0 0 0 0 0 2 0 
 0 0 0 0 0 0 0 0 0 0 0 0 0 0 0 0 0 0 4 0 2 2 2 2 6 32 2 2 2 32 65 2 2 2 3 2 2 65 2 2 129 195 73 66 81 240 215 129 260 141 326 32 0 74 136 32 140 110 256 85 0 4 0 0 0 0 0 0 0 0 0 0 0 0 1 0 0 0 0 0 0 0 0 0 0 0 17 0 0 0 0 0 0 0 0 0 0 0 0 0 0 0 4 0 10 35 0 0 13 0 0 6 0 0 0 11 0 0 0 0 36 52 0 10 0 69 10 29 10 0 9 1 40 11 4 5 8 6 1 3 0 0 0 0 0 0 0 0 4 0 0 0 0 0 0 2 0 0 0 0 0 0 0 0 0 0 3 0 0 8 0 0 0 0 0 0 0 0 2 0 0 4 0 0 1 43 0 0 0 0 0 11 0 0 0 0 0 0 0 0 0 0 1 9 52 20 8 13 16 23 10 0 9 40 13 20 51 3 6 8 0 0 0 0 0 0 0 0 0 0 0 0 0 0 0 0 0 0 0 0 0 0 0 0 0 0 0 0 0 0 0 20 0 0 0 1 0 62 0 0 0 0 1 0 0 17 0 0 0 0 4 0 0 0 0 0 0 19 0 0 0 0 0 0 0 0 0 0 2 0 
 3 2 2 2 2 7 3 4 2 4 2 4 5 63 4 4 4 5 7 3 1 0 208 1 87 20 0 1 1 4 2 63 2 2 1 1 208 0 2 2 65 78 287 235 158 58 146 262 418 83 57 83 74 0 179 133 46 263 794 87 0 0 0 0 0 0 1 0 0 0 0 6 0 49 0 0 0 0 4 0 0 0 0 0 0 0 0 0 0 0 0 0 0 0 0 0 0 0 0 0 0 0 0 0 0 0 0 0 0 0 0 0 0 0 0 0 0 0 0 0 0 0 0 54 40 0 0 17 13 10 5 13 7 1 39 47 8 0 0 22 0 0 1 0 16 0 17 0 5 0 0 0 0 0 0 0 0 0 0 0 4 0 0 0 0 0 0 0 12 0 0 0 0 11 0 0 0 0 4 0 0 0 0 0 1 0 0 0 0 0 0 0 0 0 0 0 0 0 0 0 12 21 1 1 6 0 8 0 9 25 12 0 0 1 18 12 17 6 8 34 1 0 0 0 5 1 0 0 11 0 0 0 56 0 0 0 0 13 0 1 0 0 0 0 0 0 0 0 2 0 0 9 0 0 0 0 0 1 0 0 0 0 7 0 2 2 2 0 0 0 18 0 0 0 0 0 0 0 0 0 0 0 0 0 0 13 0 0 2 0 
 3 3 3 3 3 6 3 3 3 6 5 3 5 3 3 3 3 3 3 3 0 0 0 0 131 69 0 1 0 0 0 0 0 0 0 0 0 0 0 0 285 157 143 68 95 97 40 216 159 109 294 44 136 179 0 181 168 51 272 176 3 2 0 0 0 0 4 1 0 0 0 1 51 2 0 0 0 0 28 2 0 0 0 0 0 0 18 0 0 0 0 0 0 0 0 0 0 0 0 8 0 0 0 0 0 27 0 0 0 0 0 0 0 0 0 0 0 0 0 0 14 57 16 21 13 0 0 17 16 11 7 13 40 8 0 0 19 43 0 13 0 1 0 21 0 0 0 0 0 0 0 0 0 0 0 0 0 0 8 0 0 0 0 0 0 5 0 0 12 2 0 0 0 0 0 0 0 0 0 0 0 0 0 0 45 0 0 0 0 0 0 15 0 0 0 0 0 0 0 0 6 11 10 18 8 0 2 8 0 9 22 12 24 27 0 10 32 9 13 10 10 16 0 0 0 0 0 0 0 0 0 0 0 0 0 0 0 0 0 0 0 0 14 0 0 2 0 0 0 0 0 11 0 0 0 0 0 0 0 23 0 0 3 64 0 4 0 12 0 0 0 0 0 0 0 0 0 0 0 0 0 0 0 0 0 0 0 0 1 0 
 3 3 3 3 3 3 3 3 3 3 3 3 8 3 3 35 3 3 3 65 0 0 0 0 68 35 0 0 0 0 0 4 1 0 0 0 0 0 0 0 225 109 267 52 69 62 116 222 176 220 144 83 32 133 181 0 129 95 111 62 263 2 9 3 0 0 7 6 0 0 0 0 0 0 2 0 0 1 0 1 0 7 0 0 0 0 0 0 0 0 6 0 0 0 0 13 0 0 0 0 0 0 0 0 0 0 0 0 0 0 0 0 0 0 0 0 0 0 0 0 0 0 29 15 34 7 0 16 30 73 58 0 0 0 26 23 3 41 0 3 0 0 1 0 7 6 0 0 5 0 9 2 6 6 1 19 0 0 13 0 4 0 0 0 0 0 0 0 0 0 0 0 0 0 0 0 0 0 5 0 0 0 0 0 0 0 0 0 0 0 0 0 0 0 0 0 0 0 0 0 22 7 18 6 0 7 0 8 0 0 11 7 0 0 12 19 0 46 7 0 22 4 14 6 6 0 20 1 1 0 0 2 0 0 0 0 0 0 23 29 0 0 13 0 0 0 0 0 0 0 0 0 0 0 0 0 1 0 0 0 0 0 0 0 65 13 2 31 1 0 0 0 0 0 0 2 0 0 0 0 0 0 0 0 15 0 0 0 2 0 
 0 6 8 10 0 0 0 5 0 6 6 3 2 0 0 1 0 6 0 15 2 2 3 1 67 22 2 2 1 3 5 3 3 6 5 5 8 3 2 6 150 272 48 95 66 85 100 68 166 248 104 73 140 46 168 129 0 64 38 104 0 0 0 0 0 0 9 0 0 0 0 0 0 0 0 0 0 0 0 0 0 5 3 0 0 0 0 0 5 11 0 14 0 0 0 0 3 0 0 0 0 0 0 0 0 9 0 0 0 0 0 0 0 0 0 0 0 0 0 0 28 19 1 24 19 8 1 7 19 12 0 0 24 10 11 10 12 9 0 17 0 0 0 2 0 0 0 0 14 0 0 9 9 0 0 0 0 0 1 0 0 6 21 4 0 8 2 6 0 4 0 0 4 0 0 7 0 0 0 0 0 0 0 0 33 0 0 2 0 0 0 6 0 0 0 0 0 0 8 0 12 11 0 22 10 11 2 6 9 16 12 0 9 6 11 0 6 11 13 18 0 0 0 0 0 0 0 0 0 0 0 0 0 4 0 0 0 0 0 0 0 0 10 0 0 0 0 0 0 0 0 10 0 1 0 0 0 1 0 2 0 0 6 0 1 12 1 2 0 0 0 0 0 0 0 0 0 0 0 0 0 0 0 0 0 0 0 0 1 0 
 0 64 2 0 0 0 0 0 0 0 0 0 0 0 0 2 0 0 2 0 0 0 0 0 15 51 0 0 0 2 1 0 0 4 0 0 4 0 1 4 83 317 80 233 118 101 66 110 130 115 111 199 110 263 51 95 64 0 86 90 0 66 0 0 3 7 2 0 0 0 2 6 0 1 0 0 2 0 58 50 0 0 0 0 0 0 0 0 0 0 0 0 0 0 0 0 0 0 0 0 0 0 0 0 13 0 0 0 0 0 0 8 0 0 0 0 0 0 0 0 18 8 13 26 22 13 0 0 10 16 0 42 0 0 23 42 8 3 27 0 0 0 0 0 14 0 0 0 5 0 0 0 1 0 0 0 0 0 0 16 3 0 0 0 0 0 2 0 0 0 0 0 0 0 0 0 0 0 0 0 0 0 0 0 4 3 0 0 0 0 0 0 0 0 0 0 0 0 0 0 15 44 5 1 0 1 0 0 28 22 10 0 0 11 61 5 0 7 9 21 0 0 0 0 0 0 5 0 3 0 0 0 61 0 0 0 0 0 20 0 0 0 0 0 0 0 0 0 0 0 0 3 0 2 0 0 0 0 0 3 0 1 2 0 0 15 0 0 0 0 18 0 0 0 0 0 0 0 0 0 0 0 24 0 29 7 0 18 2 0 
 3 5 3 3 3 2 67 3 3 6 3 3 6 3 3 3 3 2 6 3 67 61 0 63 0 63 0 65 0 0 0 34 0 0 0 24 90 0 0 0 121 66 61 164 56 46 108 302 417 141 68 31 256 794 272 111 38 86 0 246 8 0 0 0 0 0 1 4 0 0 50 53 0 4 0 2 4 6 56 1 0 0 0 0 0 0 0 0 0 0 0 0 0 0 0 0 0 0 0 0 0 0 0 0 15 0 0 25 0 12 14 54 0 0 0 8 0 8 0 0 7 2 9 11 1 25 15 0 9 11 0 11 0 0 30 25 0 0 12 19 0 0 0 9 0 0 5 5 0 0 0 0 0 5 0 6 2 9 3 3 0 0 0 0 0 0 2 0 0 0 0 0 0 0 0 0 13 0 0 0 0 0 0 3 0 14 0 0 33 0 19 0 0 0 0 0 0 2 0 0 11 19 14 1 0 11 16 0 72 0 15 16 54 0 49 1 0 0 9 23 0 0 0 0 0 0 8 4 0 0 0 0 3 4 8 11 3 4 0 0 0 0 0 0 0 0 0 0 0 0 0 2 0 1 0 0 0 1 0 0 0 0 3 0 0 16 0 0 0 0 0 0 0 0 0 0 0 0 0 0 0 25 0 0 0 0 0 0 0 0 
 0 0 0 0 0 0 0 0 0 0 0 0 0 0 0 0 0 0 0 0 0 0 0 0 28 2 0 0 0 1 0 22 0 0 0 0 70 3 0 0 42 333 65 123 63 40 196 82 151 114 137 38 85 87 176 62 104 90 246 0 0 0 0 0 0 0 0 0 0 0 0 18 0 0 0 0 0 0 0 0 0 0 0 0 0 0 0 0 0 0 0 0 0 0 0 0 0 0 0 0 0 0 0 0 2 15 0 19 0 0 16 24 0 0 0 0 0 8 0 0 24 17 14 33 0 13 0 44 8 6 0 9 29 52 0 1 15 3 14 0 0 0 0 0 0 0 0 0 0 0 0 0 0 0 0 6 0 0 0 10 0 0 0 0 0 0 3 0 0 3 0 0 0 0 3 0 0 0 0 0 0 0 0 2 21 28 0 0 23 0 20 8 0 0 0 0 0 0 0 0 11 0 8 27 33 26 0 0 28 3 14 13 67 0 81 17 3 4 18 36 0 0 0 0 0 0 0 0 0 0 0 0 0 0 0 0 0 0 0 0 0 0 0 0 0 0 0 0 0 0 0 5 0 1 0 0 0 73 0 2 0 0 0 0 0 22 1 1 0 0 0 0 0 0 0 0 0 0 0 0 0 22 4 0 0 1 0 0 0 0 
 0 0 0 0 0 4 1 0 0 2 1 0 0 3 0 0 0 0 0 0 0 0 0 0 0 0 0 0 0 0 0 0 0 4 0 0 7 0 0 8 7 6 7 50 209 7 0 7 1 25 51 0 0 0 3 263 0 0 8 0 0 78 51 53 33 30 76 193 318 141 30 248 38 32 85 49 82 31 62 113 0 0 0 0 0 0 0 0 0 0 0 0 0 0 0 0 0 0 0 0 0 0 0 0 0 0 0 0 0 0 0 0 0 0 0 0 0 0 0 0 0 7 4 6 0 12 0 7 2 25 13 0 0 0 0 0 7 10 0 0 0 21 0 11 1 0 0 0 25 16 5 0 0 27 18 1 17 14 10 59 0 0 0 0 0 0 0 2 0 0 0 0 0 0 0 0 0 0 0 0 0 0 0 0 0 0 0 0 0 0 0 0 0 0 0 0 0 0 0 0 55 0 9 15 14 32 0 0 0 11 0 40 7 0 0 6 0 11 0 0 48 49 21 0 0 0 29 6 1 1 0 0 0 0 23 15 45 0 0 0 0 0 2 0 0 0 0 0 0 0 0 0 0 0 7 0 0 0 0 0 0 0 0 0 0 0 0 3 0 0 0 2 95 1 0 2 0 0 0 0 0 0 0 0 14 0 0 0 0 0 
