 0 82 207 91 60 463 477 84 54 43 57 55 248 361 60 258 246 323 178 129 0 5 0 0 2 0 3 0 0 26 3 1 3 0 0 3 0 0 4 0 2 3 0 0 0 3 0 0 2 0 0 0 6 0 0 2 0 6 0 0 0 46 0 0 0 1 0 0 0 0 3 0 0 0 0 0 0 0 0 0 20 27 66 0 10 0 22 9 27 14 26 16 42 32 26 27 0 22 7 0 1 0 0 0 0 0 2 19 0 0 0 0 29 0 0 0 0 0 0 0 0 0 0 0 0 0 2 2 2 0 0 0 0 0 0 0 0 0 0 0 0 0 0 0 0 0 0 0 2 0 0 0 0 0 2 0 0 0 0 0 24 11 28 0 0 0 18 25 25 13 21 0 19 25 0 13 39 23 0 16 0 0 0 0 0 0 0 0 0 0 0 0 0 1 0 0 0 0 11 0 0 0 3 0 0 0 0 0 0 0 0 2 0 0 0 0 0 0 0 0 10 0 0 2 0 0 0 0 0 0 0 0 0 0 0 0 2 0 0 0 0 0 0 0 0 2 0 1 0 3 0 3 11 0 0 0 0 0 0 0 0 0 0 0 0 0 0 0 0 0 0 0 0 0 0 0 16 0 0 0 0 0 0 0 0 0 0 0 0 0 
 82 0 384 416 108 225 185 129 225 369 147 123 138 93 129 147 132 43 35 48 0 3 73 0 2 1 2 0 0 2 5 2 78 3 0 3 0 3 76 204 2 3 0 0 0 4 0 0 2 1 0 0 3 0 1 2 1 0 0 0 0 0 0 0 0 2 0 0 1 0 3 0 0 0 0 0 0 0 0 0 8 2 7 17 39 16 0 35 8 0 40 41 0 0 0 19 16 15 0 22 15 0 19 0 0 0 0 0 0 0 0 0 14 0 0 0 0 0 10 0 0 0 0 0 0 0 0 0 0 0 0 0 0 0 0 0 0 0 0 0 0 0 0 0 0 0 0 0 0 0 0 4 0 0 0 0 0 0 0 0 0 11 15 27 28 5 14 0 14 18 0 40 44 1 25 18 0 17 0 0 0 0 0 0 0 0 18 13 0 0 0 0 0 0 0 0 0 0 0 19 0 0 0 0 0 0 0 0 0 0 0 0 0 0 0 0 0 0 0 1 0 0 0 0 0 8 0 0 0 0 0 0 0 0 0 0 0 0 0 0 0 15 0 0 0 4 0 1 52 0 0 10 0 0 0 0 0 0 0 0 0 0 6 0 0 0 0 0 0 0 0 0 0 0 0 11 0 13 0 0 0 0 0 0 0 0 0 0 0 0 
 207 384 0 251 47 112 132 220 89 161 33 36 144 101 442 76 198 54 25 113 0 3 0 0 3 0 0 0 0 0 3 0 3 0 1 3 0 0 0 0 2 2 0 0 0 2 2 0 2 0 0 2 3 0 0 2 0 0 0 0 0 0 0 0 0 3 0 0 0 3 3 0 38 0 0 0 0 0 0 0 8 15 18 0 17 21 1 23 29 0 32 16 36 5 41 34 18 31 10 19 3 0 0 0 0 0 0 0 2 0 0 0 1 0 0 0 0 0 9 0 0 0 0 0 0 0 0 0 0 0 0 1 0 2 0 0 0 0 0 0 20 0 0 0 0 0 0 0 0 0 0 3 0 0 0 0 0 0 0 1 11 11 10 19 7 7 1 1 3 18 0 12 25 0 8 35 15 32 0 11 0 0 0 0 0 0 24 0 0 0 0 0 0 0 0 2 0 0 0 0 0 0 0 0 0 0 0 0 0 1 0 0 0 0 0 0 0 0 0 20 0 0 0 0 0 0 0 0 0 0 0 0 0 0 0 0 0 0 0 0 0 10 0 0 0 0 1 0 0 5 2 5 12 2 0 0 0 0 0 0 0 0 7 0 0 0 0 0 0 0 0 0 0 0 0 0 14 0 0 0 0 0 0 0 0 0 0 0 0 0 
 91 416 251 0 130 133 180 227 492 174 38 121 171 184 273 282 142 146 149 170 2 3 0 0 3 0 2 2 0 0 76 1 3 4 2 6 0 2 39 0 7 8 0 0 0 6 0 0 2 0 0 3 3 0 1 2 5 0 2 5 0 60 0 0 2 0 0 0 2 0 7 0 0 0 0 3 0 0 4 0 44 0 22 12 9 1 0 96 19 14 9 12 0 0 0 16 0 41 0 9 6 0 0 0 0 0 0 0 0 0 0 0 15 0 0 0 0 0 36 0 2 0 0 0 0 0 0 0 0 0 0 0 0 14 0 0 2 0 0 7 0 0 0 0 2 2 0 0 0 0 0 1 0 1 0 0 0 0 0 0 11 0 3 18 21 42 10 7 1 19 74 10 0 0 0 35 9 23 0 0 0 0 0 0 0 0 15 13 0 0 0 0 0 0 0 0 0 0 9 0 0 0 0 0 0 0 0 0 0 0 0 0 0 0 1 0 0 0 0 0 0 0 1 0 0 0 0 0 0 0 0 0 10 2 0 0 0 0 0 0 0 9 0 0 0 0 1 2 1 2 0 9 2 0 0 0 0 0 0 0 0 0 11 0 0 0 0 0 0 0 0 0 0 0 0 25 0 10 0 0 0 0 0 18 0 0 0 0 0 0 
 60 108 47 130 0 137 72 84 297 141 237 136 71 118 177 81 46 352 74 83 68 105 0 0 2 0 134 0 31 2 3 0 80 39 138 3 0 0 153 24 2 29 0 0 0 3 0 0 64 0 0 0 3 0 0 2 2 0 0 0 0 0 0 0 0 2 0 0 0 0 5 0 0 0 0 0 0 0 0 0 0 0 0 11 10 25 0 0 0 10 0 19 0 2 0 8 0 12 0 0 7 12 0 0 0 0 18 17 0 0 0 0 15 10 30 23 0 0 16 0 0 0 0 0 0 0 0 0 2 0 0 0 0 0 0 0 0 0 8 14 0 15 3 0 0 0 0 0 2 0 0 0 0 0 0 0 0 0 0 0 0 0 0 13 18 12 0 2 0 16 18 20 0 0 0 0 1 1 0 0 21 34 0 2 0 0 15 28 0 23 0 0 53 13 13 0 10 13 8 48 0 0 1 0 0 0 0 0 0 0 0 2 0 0 0 0 0 0 0 0 0 0 0 2 0 0 0 0 0 0 0 0 0 0 0 0 2 0 0 0 0 0 0 0 0 1 52 0 1 2 17 8 0 0 2 0 0 0 0 0 75 0 0 0 0 0 0 0 0 0 0 0 0 0 0 14 0 0 0 0 0 16 0 0 0 0 0 0 0 0 
 463 225 112 133 137 0 115 114 127 202 67 156 91 58 169 248 146 166 71 62 47 3 0 5 41 0 92 0 79 0 3 0 8 77 17 4 0 0 152 40 4 2 3 0 0 5 4 0 2 0 0 6 3 0 0 33 0 0 3 0 37 0 0 0 0 3 0 0 5 2 5 0 0 4 0 0 0 0 0 0 0 29 32 4 0 1 0 25 0 15 12 33 0 0 0 8 10 40 0 0 0 0 2 0 0 0 47 0 0 0 0 0 15 10 10 0 0 0 15 17 0 0 0 0 0 0 0 0 0 0 0 0 0 0 3 1 0 0 0 0 0 0 0 0 0 0 0 0 0 0 0 0 0 0 0 2 0 0 0 0 0 21 9 18 1 25 0 0 13 31 15 17 0 0 25 0 18 2 2 0 16 2 0 0 0 0 0 14 0 0 0 0 0 1 20 0 1 0 19 37 0 0 0 0 0 0 0 0 0 0 0 0 0 0 0 0 0 0 0 0 13 0 0 0 0 0 0 0 0 0 0 0 0 0 0 0 0 0 0 0 0 14 0 0 2 4 7 0 94 86 0 6 0 0 0 0 0 0 0 0 0 0 0 0 0 0 0 0 0 0 0 0 0 0 0 14 0 0 0 0 0 0 0 0 0 0 0 0 0 0 
 477 185 132 180 72 115 0 332 162 27 138 127 154 177 160 110 25 57 400 125 0 3 0 0 2 0 2 0 0 75 3 1 3 0 0 3 0 0 0 201 2 3 0 0 0 3 0 0 2 0 0 0 3 0 1 2 1 0 0 0 0 39 0 0 0 0 0 0 0 0 3 0 0 0 0 0 0 0 0 0 16 26 25 39 26 2 6 22 43 0 48 20 24 20 44 32 21 36 16 30 0 0 0 0 0 0 0 0 0 0 0 0 13 0 0 0 0 0 0 0 0 0 0 0 0 0 0 0 0 0 2 0 0 0 0 0 0 0 0 0 0 0 0 0 0 0 0 0 0 0 0 2 0 0 0 0 0 0 0 0 1 4 27 2 0 0 0 25 19 2 15 34 21 40 19 0 1 0 1 18 0 0 0 0 2 0 1 0 0 0 0 0 0 0 0 0 2 0 16 0 0 0 0 0 0 0 0 0 0 0 0 0 0 0 0 0 0 0 2 22 0 0 0 0 0 0 0 0 0 0 0 0 0 0 0 0 0 0 0 0 0 0 0 0 0 0 1 0 2 1 0 8 14 0 0 0 0 0 0 0 0 0 0 0 0 0 0 0 0 1 0 0 0 0 0 0 10 0 0 0 0 0 0 0 0 0 0 0 0 0 
 84 129 220 227 84 114 332 0 310 130 49 46 96 264 144 193 371 148 63 166 0 3 1 0 4 2 1 0 0 0 3 0 3 0 0 3 0 0 0 1 2 3 0 0 0 3 0 0 2 0 0 0 3 0 1 9 0 0 0 0 0 0 0 0 0 1 0 0 0 0 3 0 0 0 0 0 0 0 0 0 0 14 24 0 0 0 10 14 13 14 32 12 15 0 27 29 11 0 60 0 0 0 3 0 0 0 0 0 0 0 0 0 0 0 1 0 0 0 8 14 2 0 0 0 0 0 0 0 0 0 0 0 15 0 0 0 2 0 0 0 0 0 0 0 2 1 0 0 0 0 0 1 1 1 0 0 0 0 0 0 9 14 16 10 0 22 1 14 14 25 0 18 25 2 19 0 13 13 11 0 0 0 0 0 0 0 10 0 0 0 0 0 0 0 0 0 0 0 0 0 0 0 0 0 0 0 0 0 0 18 0 0 0 0 1 0 0 0 0 0 0 0 9 0 0 0 0 0 0 0 1 0 0 2 0 0 0 0 0 0 0 16 0 0 0 2 1 0 23 2 2 9 11 0 0 0 0 0 0 0 0 0 0 0 0 0 1 0 0 0 0 0 0 0 0 8 0 0 0 0 0 0 0 0 0 0 0 0 0 0 
 54 225 89 492 297 127 162 310 0 197 98 39 280 191 178 275 85 58 148 77 0 3 0 0 2 2 1 0 0 0 5 4 215 0 1 7 0 0 41 0 2 3 0 0 0 3 0 0 2 0 0 0 3 0 0 2 0 0 0 0 0 43 6 2 0 2 0 0 0 0 3 0 0 0 0 0 0 0 0 0 0 40 39 30 8 0 11 25 22 1 28 12 20 23 15 14 24 20 0 14 0 0 0 0 0 0 9 0 0 0 0 0 0 0 0 0 0 0 17 0 0 0 0 0 0 0 16 0 0 0 0 0 0 0 0 0 0 14 0 0 0 0 0 0 0 0 19 0 0 0 0 0 0 0 0 0 0 0 0 0 31 1 3 6 11 10 0 29 38 0 25 27 0 21 32 26 7 0 0 16 0 0 0 0 0 0 15 12 0 0 0 0 0 0 0 0 0 0 0 0 0 0 0 0 0 0 0 0 0 0 0 0 0 0 0 0 0 0 0 0 0 0 0 0 0 0 0 0 0 0 0 0 0 0 0 0 0 0 0 0 0 0 0 0 0 0 3 2 3 3 0 11 0 0 0 0 0 0 0 0 0 0 0 0 0 0 0 0 0 0 0 0 0 0 0 0 0 9 0 0 0 0 0 0 0 0 0 0 0 0 
 43 369 161 174 141 202 27 130 197 0 155 234 54 77 267 135 347 183 106 119 0 80 0 0 4 0 81 0 0 2 3 0 3 76 1 3 0 0 386 0 2 3 0 7 0 3 0 0 2 0 0 1 3 0 0 10 0 0 0 0 0 0 0 0 0 2 0 0 0 0 14 0 0 0 0 0 0 0 0 0 0 18 60 28 43 31 0 0 19 23 8 15 0 0 18 12 11 26 0 0 9 0 0 0 0 0 15 18 2 0 0 0 23 52 31 20 1 0 2 11 0 0 0 0 0 0 0 0 0 0 0 1 0 2 0 0 0 0 0 0 0 0 0 0 0 0 0 0 0 0 0 1 0 0 0 0 0 0 0 0 0 0 0 57 37 11 0 20 0 21 0 16 0 0 13 20 0 15 0 0 20 0 0 0 0 0 11 1 0 27 0 0 19 1 18 5 0 0 19 17 0 0 0 0 0 0 0 0 0 1 0 0 0 0 0 0 0 0 0 0 0 0 0 0 0 0 0 0 0 0 0 0 0 0 0 0 0 0 0 0 0 0 0 0 0 2 88 0 5 90 41 15 0 2 0 0 0 0 0 0 0 0 0 0 0 0 0 0 0 0 0 0 0 0 0 14 0 16 0 0 0 0 0 0 0 0 0 0 0 0 
 57 147 33 38 237 67 138 49 98 155 0 197 140 122 160 317 167 325 261 277 0 78 2 0 4 0 3 0 0 22 3 0 6 78 0 3 0 0 149 1 2 3 0 0 0 5 13 0 2 0 0 0 3 0 0 2 0 0 0 0 0 0 0 1 0 1 0 0 0 0 3 2 0 0 0 0 0 1 0 0 30 21 13 17 53 35 0 9 41 43 4 22 0 27 61 37 19 16 0 11 5 0 0 0 0 0 0 41 0 0 0 0 15 0 9 16 0 0 20 0 0 0 0 0 0 0 0 0 0 0 0 0 0 0 0 0 0 0 22 0 0 0 0 0 0 0 0 0 0 0 0 0 0 0 0 0 0 0 0 0 0 0 11 22 38 1 11 12 27 0 0 0 36 2 40 18 11 0 0 0 1 0 1 19 0 0 23 10 0 1 0 0 17 9 0 0 0 17 17 0 0 0 0 0 0 0 0 1 0 0 0 0 0 0 0 0 0 0 0 0 0 0 0 0 0 1 3 0 0 0 0 0 0 0 0 0 0 0 0 0 0 0 0 0 0 2 0 0 2 134 0 0 0 0 1 0 0 0 0 0 0 0 11 0 0 0 0 0 0 0 0 0 0 0 0 0 0 0 0 0 0 0 0 0 0 0 0 0 0 0 
 55 123 36 121 136 156 127 46 39 234 197 0 124 83 127 224 292 406 32 235 0 5 0 0 2 0 2 36 0 28 3 0 3 73 3 4 0 0 60 73 2 3 0 0 0 3 0 0 2 0 0 0 3 0 2 4 0 3 0 0 0 0 0 0 0 0 0 0 0 0 3 0 0 0 0 0 0 2 0 0 29 19 18 23 63 30 0 25 24 69 2 12 0 20 12 42 0 35 0 6 11 0 0 0 0 0 0 15 0 0 0 0 18 10 1 20 0 0 27 0 0 0 0 0 0 0 0 0 0 0 0 0 0 0 0 0 0 0 0 0 0 0 0 0 0 0 0 0 0 0 0 0 0 0 0 0 0 0 0 0 0 1 28 29 20 16 43 0 34 0 29 0 16 2 14 19 21 23 0 0 2 0 0 0 0 0 24 1 0 0 0 0 14 0 25 0 0 0 11 1 0 0 0 0 0 0 0 2 0 0 0 0 3 0 0 0 17 0 0 0 0 0 0 0 0 2 0 0 0 0 0 0 0 0 0 0 0 0 0 0 0 0 0 0 0 2 4 0 3 4 2 9 0 0 0 0 0 0 0 0 0 0 18 0 0 0 0 0 0 0 0 0 0 0 0 0 0 0 0 0 0 0 0 0 0 0 0 0 0 0 
 248 138 144 171 71 91 154 96 280 54 140 124 0 99 143 252 120 119 171 313 3 6 2 2 4 2 7 2 1 5 5 2 9 55 1 4 5 1 1 2 4 3 1 1 1 5 1 5 3 2 1 5 3 2 2 4 0 1 0 3 8 2 1 1 1 3 1 0 1 2 9 9 2 2 0 0 0 1 0 4 17 15 0 29 7 0 7 20 24 21 10 18 17 14 15 31 19 1 0 15 0 0 10 0 0 0 0 0 0 0 2 0 0 0 0 0 0 0 3 1 7 0 0 0 0 0 0 0 0 0 0 0 0 0 0 0 0 6 1 3 0 0 0 0 0 0 0 0 0 0 0 0 2 0 0 0 0 0 0 0 0 1 0 0 0 19 1 25 12 1 29 0 8 61 9 9 7 0 25 20 3 0 0 0 0 0 0 0 0 1 0 0 0 0 0 0 0 0 0 0 0 0 0 0 0 0 0 0 0 0 0 0 0 0 0 0 0 2 0 0 0 0 0 0 0 0 0 0 0 0 0 0 0 0 0 0 0 0 0 0 0 0 0 0 0 0 1 0 1 87 0 0 0 0 0 0 0 1 0 0 0 0 2 2 0 1 0 0 0 0 0 0 0 1 0 0 0 0 0 0 0 0 0 0 0 1 0 0 0 0 
 361 93 101 184 118 58 177 264 191 77 122 83 99 0 153 81 25 145 304 494 0 3 0 0 2 0 1 0 0 34 3 0 3 0 0 5 0 0 3 0 2 6 2 0 0 3 0 0 2 0 0 0 3 0 1 2 0 3 0 3 0 0 0 1 0 1 0 0 0 3 3 0 0 0 0 0 0 0 0 0 25 2 9 0 11 0 9 10 31 14 19 0 46 63 79 18 8 1 24 1 0 0 0 1 0 1 0 0 0 0 0 0 15 0 0 0 0 0 0 0 0 0 0 47 0 1 0 0 0 0 0 0 0 0 0 0 0 0 0 0 0 0 0 0 0 0 0 0 0 0 0 0 0 0 0 0 0 0 0 0 15 16 38 0 0 0 0 7 26 0 31 0 40 34 1 0 0 0 3 17 0 0 0 2 0 0 0 0 0 0 0 0 0 0 0 0 0 0 15 0 0 0 0 0 0 0 0 0 1 0 0 0 0 0 0 1 0 0 0 1 0 0 0 0 2 0 0 0 0 0 1 0 0 0 0 1 0 0 2 0 0 0 0 0 0 4 2 0 2 14 1 0 11 0 0 0 0 0 2 0 0 0 0 0 0 33 0 0 0 0 0 0 0 0 0 0 0 0 0 0 0 0 0 0 0 0 0 0 0 0 
 60 129 442 273 177 169 160 144 178 267 160 127 143 153 0 176 215 137 316 225 0 3 3 0 2 0 1 0 0 2 3 0 3 0 1 3 0 5 0 0 2 3 0 0 0 3 0 0 5 0 15 0 3 23 0 2 0 0 0 0 0 0 1 2 0 2 2 0 1 0 3 0 7 0 1 0 0 34 0 0 43 0 0 3 24 3 14 36 1 14 27 19 16 0 16 15 0 12 31 20 0 0 0 0 0 0 0 0 0 0 0 0 10 1 0 0 0 0 9 0 0 0 0 0 0 0 0 0 0 0 0 0 0 0 0 0 0 0 0 0 0 0 0 0 0 0 0 0 0 0 0 0 0 0 0 0 0 0 0 0 7 0 3 9 9 2 14 11 2 47 4 0 16 27 0 9 18 20 17 0 2 0 0 0 0 0 0 0 0 0 0 0 0 0 0 0 2 0 0 10 2 0 0 0 0 0 0 0 0 0 0 0 2 0 0 0 1 0 0 0 0 1 0 0 0 0 11 0 0 0 0 0 0 0 0 0 0 0 0 0 0 13 0 0 0 0 0 2 2 2 2 17 0 0 0 0 0 0 0 0 0 0 9 0 0 0 0 0 0 0 0 0 0 0 0 36 0 0 0 0 0 0 0 0 0 0 0 0 0 1 
 258 147 76 282 81 248 110 193 275 135 317 224 252 81 176 0 88 336 55 259 0 3 0 0 2 0 1 0 0 38 3 0 3 78 0 3 0 0 152 0 2 3 0 5 0 9 2 0 2 0 0 0 3 0 0 5 0 0 0 0 0 0 0 0 0 3 40 0 0 1 3 0 0 2 0 0 0 0 0 36 25 26 26 0 10 0 0 43 0 53 27 8 0 15 10 25 32 53 10 1 1 0 0 0 0 0 13 0 10 0 0 0 34 10 7 0 0 0 13 12 0 0 0 0 0 0 0 0 0 0 0 0 0 0 0 0 0 0 0 0 0 0 0 0 0 0 0 0 0 0 0 0 0 3 0 0 5 0 0 0 0 11 22 7 0 25 0 9 23 13 14 20 12 11 15 25 0 31 15 0 0 0 9 0 9 0 10 0 0 0 0 0 0 1 23 0 0 0 30 0 0 0 0 0 0 19 0 0 0 0 0 0 0 0 0 0 0 0 0 0 2 0 0 0 0 0 0 0 0 0 0 0 0 0 0 0 0 0 0 0 0 1 0 0 0 0 88 0 47 87 2 3 0 0 0 0 0 0 0 0 0 0 0 0 0 0 0 0 0 0 0 0 0 0 0 14 0 0 0 0 0 0 0 0 0 0 0 0 0 0 
 246 132 198 142 46 146 25 371 85 347 167 292 120 25 215 88 0 381 252 116 0 3 0 0 3 1 0 3 0 3 3 0 3 0 0 5 0 3 75 0 4 3 3 7 0 2 4 0 2 0 3 0 3 0 2 39 3 0 0 3 2 0 0 0 0 3 0 3 3 4 3 17 50 0 0 0 0 2 3 0 0 25 38 26 11 0 18 16 14 31 0 0 18 10 40 35 37 0 9 20 0 0 0 0 0 0 9 0 0 0 0 0 10 26 7 0 0 0 10 12 0 2 0 0 0 0 0 0 2 0 0 0 0 0 1 2 1 0 18 1 0 0 0 0 0 0 0 0 0 0 0 0 0 0 0 0 0 0 0 0 37 6 6 0 0 7 2 36 23 41 0 0 37 0 13 29 31 48 14 35 0 0 0 0 0 0 0 0 0 0 0 0 0 0 0 0 0 0 0 0 0 0 0 0 0 0 0 0 0 0 0 0 0 0 0 0 0 0 0 0 0 0 0 0 0 0 0 0 0 0 0 0 0 0 0 0 0 0 0 0 0 0 0 0 0 1 85 1 0 5 0 1 1 0 0 0 0 0 0 0 0 0 0 0 0 4 0 0 0 0 0 0 0 0 0 14 3 0 0 0 0 0 0 0 0 0 0 0 0 0 
 323 43 54 146 352 166 57 148 58 183 325 406 119 145 137 336 381 0 36 86 0 77 0 2 2 0 2 0 0 87 73 0 3 68 1 5 0 69 214 70 4 3 0 6 3 4 0 0 2 0 0 0 3 0 1 3 0 0 0 0 0 0 0 0 0 0 0 0 0 0 3 0 0 0 0 0 0 0 0 0 11 17 19 7 24 34 14 9 0 57 1 1 0 0 5 16 6 38 0 0 51 0 0 0 0 0 10 26 0 0 0 0 18 10 24 10 0 0 39 1 0 0 0 0 0 0 0 0 0 0 1 0 0 0 0 0 0 0 0 0 0 0 0 0 0 0 0 0 0 0 0 0 0 0 0 0 0 0 0 0 11 0 15 1 14 10 0 0 15 1 10 1 4 14 17 15 21 43 13 0 14 0 0 0 0 0 17 11 0 1 0 0 28 0 19 0 1 0 16 0 0 0 0 0 0 0 0 0 0 0 0 0 0 12 0 0 0 0 1 0 0 1 0 0 0 0 19 0 0 0 0 0 0 0 0 0 0 0 0 0 0 0 0 0 0 1 100 0 2 5 13 2 0 14 0 0 0 0 0 0 0 0 0 0 0 0 11 0 0 2 1 0 0 0 0 19 0 0 0 0 0 0 0 0 0 0 0 0 0 0 
 178 35 25 149 74 71 400 63 148 106 261 32 171 304 316 55 252 36 0 191 4 3 0 0 2 0 1 0 0 0 3 0 3 2 1 3 0 0 0 0 2 3 0 0 0 3 0 0 2 0 0 0 3 0 0 2 0 0 0 0 0 47 0 0 0 3 0 0 0 7 3 0 0 0 42 0 0 0 8 0 10 20 16 0 0 0 19 25 18 0 14 0 36 15 1 0 0 23 5 13 0 0 0 0 0 0 0 0 0 0 0 0 0 0 0 0 0 2 0 0 0 0 0 0 0 0 0 0 0 2 0 0 0 0 0 0 0 0 0 0 0 0 0 0 0 0 0 0 0 0 0 2 0 0 0 0 0 0 1 0 33 45 16 0 0 2 42 20 15 15 18 0 0 35 0 13 15 20 14 25 0 0 0 0 14 0 0 0 30 0 0 0 1 0 0 0 0 0 0 1 0 0 0 0 0 0 0 0 0 0 0 0 0 0 0 0 0 12 15 0 0 0 0 0 0 5 0 0 0 0 0 0 0 0 0 0 0 0 0 0 0 0 0 0 0 0 0 2 0 4 2 10 0 0 0 0 0 2 0 0 0 0 0 0 0 0 2 0 0 0 0 0 0 3 0 0 0 0 0 0 0 0 0 0 0 0 0 0 0 0 
 129 48 113 170 83 62 125 166 77 119 277 235 313 494 225 259 116 86 191 0 0 5 1 0 3 1 2 3 1 76 8 0 5 2 2 5 0 0 2 0 2 3 0 0 0 3 3 0 2 0 75 0 6 0 1 2 0 0 0 0 0 0 0 0 0 1 0 0 0 20 5 0 0 0 5 1 0 55 60 0 19 48 0 6 37 0 40 45 38 28 9 0 3 0 5 51 0 0 19 10 0 0 0 0 0 0 0 0 3 0 0 0 1 0 0 0 0 0 11 0 0 2 0 0 0 0 0 19 0 0 0 1 0 0 0 0 0 0 0 0 0 0 0 0 0 0 0 0 0 0 0 0 0 28 0 0 0 0 0 0 16 0 15 0 0 29 29 0 14 0 32 0 14 46 22 24 29 20 22 0 0 0 0 0 0 0 0 0 0 0 0 0 0 0 0 2 0 0 17 0 0 6 0 0 0 0 0 0 0 0 0 0 0 0 0 0 0 0 0 0 0 0 0 0 0 0 0 0 0 0 0 0 0 0 0 0 0 0 0 0 0 0 0 0 0 0 1 0 2 1 0 7 0 2 1 0 0 0 0 0 0 0 0 0 0 0 0 0 0 0 0 0 0 0 0 19 1 0 0 0 0 0 0 0 0 0 0 0 0 0 
 0 0 0 2 68 47 0 0 0 0 0 0 3 0 0 0 0 0 4 0 0 130 198 207 38 47 209 279 308 41 127 48 95 61 143 141 164 219 49 101 1 0 4 3 1 5 3 1 0 4 6 0 3 0 64 0 0 4 2 0 42 0 4 0 0 0 5 0 0 0 3 0 3 0 0 0 0 8 0 57 0 0 0 0 21 0 0 0 0 0 0 11 0 0 0 0 0 2 0 0 0 0 14 13 4 0 19 31 21 42 2 15 13 15 16 0 54 22 58 0 0 0 11 0 0 0 0 0 0 0 0 2 0 0 0 0 0 0 3 0 0 0 0 0 0 0 0 0 0 9 0 0 0 0 0 0 0 0 0 0 0 0 0 0 0 10 0 0 0 0 14 6 0 0 0 0 0 0 0 0 26 12 13 1 13 12 0 18 39 14 5 12 0 12 0 0 23 44 0 12 2 0 0 0 0 0 17 0 0 0 0 0 2 0 0 0 0 0 0 7 0 0 0 0 0 6 0 0 0 0 0 0 0 0 0 0 0 0 0 2 0 0 19 0 0 0 28 0 0 0 0 0 0 0 0 0 0 0 6 1 2 0 0 0 0 0 1 0 0 0 0 0 0 0 0 0 0 0 0 0 0 0 0 0 0 0 0 0 0 0 
 5 3 3 3 105 3 3 3 3 80 78 5 6 3 3 3 3 77 3 5 130 0 453 134 109 49 216 150 52 105 243 113 129 58 287 68 128 141 71 312 0 0 1 1 10 0 3 0 0 0 0 1 3 0 2 0 0 2 0 0 2 0 0 0 0 0 3 52 0 8 0 0 3 0 0 0 0 0 0 0 0 0 0 14 41 51 0 0 0 0 1 0 0 0 0 0 0 0 0 11 39 18 14 0 11 0 18 19 19 0 11 33 0 0 18 49 14 0 26 0 0 0 2 0 0 0 10 0 12 0 0 0 0 0 0 0 0 0 0 0 0 2 0 0 23 0 0 0 0 0 3 2 0 0 0 0 0 0 0 0 0 0 0 0 0 9 0 0 0 0 0 0 0 0 0 0 0 0 0 0 32 1 28 5 0 10 11 26 16 31 17 15 25 35 0 56 0 0 10 13 0 16 0 0 2 0 0 0 0 0 0 12 17 0 0 0 0 0 0 0 0 0 0 0 0 0 0 0 0 0 0 0 2 0 0 0 0 0 0 0 0 0 16 0 0 0 0 0 0 0 22 0 0 2 11 0 0 0 1 2 2 24 0 0 0 0 0 0 0 0 0 0 0 31 0 0 0 0 0 0 0 0 0 0 0 0 0 0 0 0 
 0 73 0 0 0 0 0 1 0 0 2 0 2 0 3 0 0 0 0 1 198 453 0 126 71 29 158 237 167 140 57 119 81 378 172 53 135 510 42 153 0 0 0 0 0 0 3 0 0 0 0 1 3 0 4 0 0 5 0 0 2 0 0 0 0 0 2 0 0 3 0 0 58 0 0 0 0 0 0 0 0 1 0 0 0 0 0 0 0 0 0 0 2 0 0 0 2 0 0 0 0 15 22 17 12 0 10 2 1 18 11 58 0 7 8 12 14 3 1 2 12 0 0 0 0 0 28 18 0 0 0 0 0 0 0 10 0 0 0 1 0 0 0 0 0 0 0 0 0 0 2 0 0 0 0 0 0 0 0 0 0 0 0 0 0 0 0 0 0 0 1 9 0 1 1 0 0 0 0 13 1 0 24 0 0 9 0 0 16 0 48 50 0 0 0 10 14 12 0 0 0 0 0 0 0 0 0 1 0 0 0 0 43 0 0 0 2 0 0 15 0 0 0 0 0 22 0 0 0 0 0 0 0 0 0 0 0 0 0 0 0 0 9 0 0 0 0 0 0 0 0 0 0 0 7 2 0 79 1 1 0 0 0 0 0 0 0 0 0 0 0 0 0 0 0 0 0 0 0 0 0 0 0 0 0 10 0 0 0 0 
 0 0 0 0 0 5 0 0 0 0 0 0 2 0 0 0 0 2 0 0 207 134 126 0 124 120 135 73 133 73 200 259 81 94 259 193 93 180 102 118 62 0 0 23 0 0 3 64 0 0 0 69 65 64 2 0 0 0 1 4 2 3 0 1 0 5 1 0 0 0 0 0 3 0 0 0 0 0 0 0 0 0 0 32 0 0 0 0 0 0 0 0 0 0 0 0 0 0 0 0 0 34 8 12 36 30 0 35 26 9 0 0 1 16 0 20 30 12 0 0 0 0 14 10 0 0 15 11 0 1 0 12 11 0 12 0 8 0 8 24 0 0 0 62 0 0 0 0 0 0 6 0 0 0 0 0 0 0 0 0 0 0 0 0 0 0 0 0 0 0 0 1 0 0 3 0 0 0 0 0 21 1 28 22 21 9 0 18 7 0 1 9 0 0 0 27 0 0 0 9 0 0 0 0 0 0 19 13 0 16 0 0 15 0 11 12 26 2 0 13 0 0 0 0 0 3 0 0 0 0 0 0 0 0 0 0 0 7 0 0 0 0 0 0 0 0 0 0 0 0 0 0 0 0 3 0 0 0 154 2 0 19 0 0 0 0 0 0 0 0 0 0 0 0 0 0 0 0 0 0 0 0 0 0 0 0 0 0 0 0 
 2 2 3 3 2 41 2 4 2 4 4 2 4 2 2 2 3 2 2 3 38 109 71 124 0 107 388 78 226 320 183 132 87 361 129 170 156 185 116 129 0 0 0 0 0 0 5 5 0 65 0 7 3 0 2 0 0 0 9 5 2 0 6 1 0 0 2 0 0 1 0 12 3 0 0 0 0 0 37 0 0 0 0 0 0 0 0 0 0 0 0 0 0 0 0 0 0 0 0 0 0 10 0 1 34 15 0 27 0 0 10 11 0 37 0 6 1 0 0 0 0 0 0 16 0 0 52 23 12 0 0 0 37 14 0 3 0 0 1 25 0 13 20 0 0 0 0 0 0 0 3 0 0 0 0 0 0 0 0 0 0 0 0 5 0 0 0 0 0 0 2 0 0 2 4 0 17 4 0 0 0 15 10 32 28 13 0 0 0 0 28 46 0 0 0 25 35 0 0 0 1 0 13 0 0 0 0 1 0 0 0 0 37 21 0 0 1 0 10 2 14 0 0 0 0 0 0 0 0 0 0 0 0 0 0 0 0 0 0 0 0 0 0 0 0 0 0 1 0 0 0 0 0 0 2 0 0 111 81 0 13 12 0 0 0 10 3 0 0 0 0 0 0 0 0 0 0 0 0 0 0 0 1 0 0 9 3 0 0 0 
 0 1 0 0 0 0 0 2 2 0 0 0 2 0 0 0 1 0 0 1 47 49 29 120 107 0 119 118 140 149 188 426 15 125 117 163 68 75 65 56 0 64 2 2 0 2 28 97 125 0 0 2 67 0 83 3 64 71 69 197 2 1 6 0 2 4 1 1 0 0 3 8 5 0 3 0 2 0 2 0 0 0 0 2 0 0 0 0 0 0 0 0 0 0 0 0 0 0 22 0 0 0 7 0 35 5 0 63 32 0 2 12 17 0 0 0 16 0 0 0 33 26 0 0 0 0 27 0 0 0 0 0 8 30 14 0 0 19 47 22 0 0 0 1 0 0 0 0 21 0 0 0 0 0 0 0 0 0 0 0 13 0 0 0 0 0 0 0 0 0 0 0 0 0 0 0 0 0 2 0 14 18 13 36 6 1 0 0 48 0 11 1 0 0 0 0 28 0 0 0 0 12 0 5 0 1 42 2 10 0 6 0 22 37 0 12 13 0 35 6 0 0 0 0 0 0 0 0 0 0 0 0 0 0 0 0 0 0 0 0 0 3 0 0 0 0 0 0 0 0 0 0 0 0 25 8 0 40 1 0 7 0 0 0 0 0 2 0 0 0 0 0 0 0 0 0 0 0 0 0 0 0 0 0 0 0 4 3 0 0 
 3 2 0 2 134 92 2 1 1 81 3 2 7 1 1 1 0 2 1 2 209 216 158 135 388 119 0 110 75 102 72 33 104 146 97 183 118 112 244 187 0 0 0 0 0 203 3 0 0 0 202 3 3 0 2 0 3 2 0 0 2 0 0 37 0 0 2 0 3 0 7 0 5 0 3 3 0 3 0 0 0 0 0 12 0 0 0 0 0 0 0 29 0 0 0 0 0 0 0 0 0 2 17 13 9 0 13 11 7 9 0 14 0 18 28 0 37 10 6 33 0 0 2 0 0 0 0 0 0 0 0 0 0 0 0 0 0 0 7 0 0 0 0 0 0 0 0 0 0 0 0 2 0 0 0 0 0 0 0 0 0 3 0 15 3 12 0 0 1 14 13 16 0 0 0 0 0 0 0 0 41 0 9 10 7 0 8 25 28 19 3 0 0 5 0 19 9 6 35 38 0 0 0 0 2 0 11 0 0 0 0 0 0 0 0 2 0 0 0 8 0 0 0 9 1 0 0 0 0 0 1 0 2 0 0 0 0 0 0 0 0 0 0 0 0 0 18 0 0 0 14 0 0 1 8 0 2 0 76 2 5 2 0 0 0 0 0 0 0 0 0 0 0 0 0 0 0 0 0 0 0 0 0 0 0 0 0 0 0 0 
 0 0 0 2 0 0 0 0 0 0 0 36 2 0 0 0 3 0 0 3 279 150 237 73 78 118 110 0 164 131 99 325 277 334 41 506 176 141 156 174 0 0 0 2 0 3 3 1 0 62 0 0 5 18 5 0 2 0 3 1 2 3 0 0 0 0 3 2 0 0 1 0 3 29 0 2 30 3 0 25 0 0 0 0 0 0 14 0 0 0 0 0 0 0 0 0 0 2 0 0 0 0 14 13 0 0 12 25 9 15 6 0 8 13 17 0 48 12 13 33 0 0 0 0 0 0 0 0 0 0 0 2 0 10 0 0 0 0 9 1 0 0 6 0 0 0 0 0 0 0 0 0 0 0 0 0 0 0 0 5 0 0 0 0 0 0 0 0 0 0 0 0 0 0 0 0 0 0 0 0 7 18 9 11 18 33 0 0 25 19 29 10 26 36 21 0 40 53 0 15 0 0 0 0 0 0 21 0 0 12 0 0 9 0 0 0 0 0 0 6 0 0 0 9 0 0 0 0 1 0 0 0 0 0 0 0 0 0 0 2 0 0 14 0 0 0 0 0 0 0 0 0 0 0 67 0 2 77 76 0 2 0 3 0 0 0 0 0 0 1 0 0 0 0 0 0 0 0 0 14 0 17 0 0 0 0 0 0 0 0 
 0 0 0 0 31 79 0 0 0 0 0 0 1 0 0 0 0 0 0 1 308 52 167 133 226 140 75 164 0 116 262 387 356 206 74 206 434 296 116 47 0 0 2 206 0 0 3 0 0 1 0 0 6 0 4 1 0 0 63 0 47 0 4 2 0 0 2 0 0 0 0 6 3 0 0 1 0 0 0 3 0 0 0 0 0 0 0 0 0 2 0 0 0 0 0 0 0 0 0 0 6 11 1 13 2 0 12 29 18 7 1 12 8 30 0 17 13 24 0 19 0 3 0 0 0 0 0 0 0 0 0 0 0 0 0 0 0 0 0 46 0 0 0 0 0 0 0 0 0 0 0 0 0 0 0 0 0 0 0 0 0 0 0 0 0 0 0 0 0 2 0 19 0 0 0 0 0 0 0 0 0 21 0 21 34 11 0 1 29 17 1 15 1 12 11 8 47 62 8 13 0 0 0 0 0 0 0 0 0 0 0 0 3 1 0 0 0 0 0 0 0 0 0 0 2 0 0 0 0 0 0 0 0 0 0 0 0 0 0 0 0 0 0 0 0 0 0 0 0 0 0 0 0 0 8 1 0 76 0 3 2 9 0 0 0 0 9 0 0 0 0 0 0 0 0 0 0 0 0 20 0 12 0 0 0 0 15 0 0 0 
 26 2 0 0 2 0 75 0 0 2 22 28 5 34 2 38 3 87 0 76 41 105 140 73 320 149 102 131 116 0 103 333 60 297 51 170 104 129 91 72 0 0 0 0 0 0 3 0 0 0 0 0 3 0 2 0 0 0 0 63 2 0 52 0 0 0 3 0 0 1 0 2 3 0 0 0 3 0 0 4 25 0 0 0 11 0 0 20 0 14 0 0 0 15 9 18 12 18 1 0 1 10 0 9 14 11 0 7 0 9 39 35 8 0 0 1 0 9 0 0 1 0 0 0 0 1 1 8 0 0 2 0 38 11 0 4 0 2 0 32 0 0 0 0 0 0 0 0 0 0 0 0 0 0 0 0 0 0 0 0 0 0 11 4 0 0 0 0 8 1 0 0 10 8 0 0 0 8 0 0 0 1 9 18 14 7 0 0 26 13 11 61 0 0 0 0 11 13 12 0 0 14 0 0 0 0 9 11 0 0 0 0 30 10 1 0 12 0 25 0 0 0 0 1 0 0 0 12 0 0 0 0 0 0 0 1 0 0 0 0 0 0 0 0 0 1 0 0 0 0 0 0 0 0 5 2 0 80 3 3 8 0 0 0 0 0 10 0 0 0 0 0 0 0 0 0 0 0 0 0 0 0 0 0 0 1 7 0 0 0 
 3 5 3 76 3 3 3 3 5 3 3 3 5 3 3 3 3 73 3 8 127 243 57 200 183 188 72 99 262 103 0 127 36 30 48 367 120 187 86 347 0 0 0 0 0 0 4 129 0 0 0 0 3 72 2 0 1 0 19 63 2 0 12 0 0 0 2 0 0 0 0 53 3 0 0 0 0 0 0 1 2 0 0 0 0 0 0 0 0 0 0 0 0 0 0 0 0 0 0 0 0 20 21 11 53 20 0 70 114 20 21 12 0 0 0 0 21 0 0 0 11 0 7 0 0 0 0 10 0 1 0 0 12 14 14 0 5 0 19 20 2 0 0 0 0 0 0 0 16 0 0 0 0 0 0 0 0 0 5 0 0 0 0 0 0 0 8 0 2 0 0 0 0 0 5 2 0 6 0 0 35 13 10 32 38 0 0 0 4 0 10 0 0 0 0 13 1 0 0 1 0 0 0 0 0 0 21 50 0 0 0 0 0 15 1 0 19 1 0 9 0 0 0 0 0 0 0 0 0 0 0 0 21 0 0 0 0 0 0 0 0 0 0 0 0 0 0 0 0 0 0 0 0 0 7 0 1 2 91 0 8 2 0 0 0 0 2 0 0 0 0 0 0 0 0 0 0 0 0 0 0 0 0 0 0 0 0 0 0 0 
 1 2 0 1 0 0 1 0 4 0 0 0 2 0 0 0 0 0 0 0 48 113 119 259 132 426 33 325 387 333 127 0 270 102 26 111 137 72 50 34 0 0 0 0 0 0 3 71 0 0 0 0 3 0 2 0 1 0 0 66 50 0 7 2 0 2 5 0 0 0 0 5 3 0 0 0 0 0 0 29 0 0 0 0 0 0 0 0 0 0 0 0 0 0 0 0 0 0 0 0 0 0 0 0 15 13 11 14 1 0 15 13 13 8 0 0 0 0 0 1 0 0 0 0 0 2 0 0 10 14 12 0 44 13 0 12 11 0 3 10 0 0 0 0 0 0 0 0 24 0 0 0 0 0 0 0 0 0 0 0 0 0 0 7 0 0 0 0 0 0 0 0 0 0 4 0 0 9 0 10 0 18 12 28 51 50 0 0 34 12 19 13 0 2 0 13 18 13 1 1 0 0 1 0 0 0 12 68 0 0 0 0 38 13 0 11 0 0 13 0 0 0 0 0 0 0 0 0 0 0 1 0 0 0 0 2 0 0 0 0 0 0 13 0 0 1 0 0 0 0 0 0 1 0 15 2 1 3 88 1 8 0 0 0 0 0 17 0 0 0 0 0 0 0 0 0 0 1 0 1 0 0 0 0 8 0 8 0 0 0 
 3 78 3 3 80 8 3 3 215 3 6 3 9 3 3 3 3 3 3 5 95 129 81 81 87 15 104 277 356 60 36 270 0 250 135 103 30 122 101 128 0 0 0 2 0 0 3 0 0 0 0 0 3 0 2 0 0 0 0 0 2 0 0 0 0 0 3 0 0 0 0 0 3 0 0 0 0 0 0 0 0 0 0 0 6 23 0 0 0 0 0 0 0 0 0 0 0 0 6 0 9 17 14 0 0 0 11 6 10 1 0 0 37 32 41 19 16 12 10 24 0 0 0 0 0 0 0 0 0 0 0 0 0 0 0 0 0 0 0 30 0 0 3 0 0 0 14 0 0 0 0 0 0 0 0 0 0 0 0 1 0 0 0 0 9 0 0 0 0 0 0 5 0 0 16 21 0 0 0 0 15 25 22 0 31 11 15 9 0 23 12 10 47 13 13 10 35 4 8 14 0 0 0 0 0 0 0 0 0 0 0 0 0 0 0 0 0 0 0 0 0 0 0 0 0 0 0 0 0 0 0 0 5 0 0 0 0 0 0 0 0 0 0 0 0 0 1 0 0 0 0 0 0 0 13 1 0 77 0 0 2 0 0 0 0 0 0 0 0 0 0 0 0 0 0 0 0 0 0 0 0 40 0 0 0 0 0 0 0 0 
 0 3 0 4 39 77 0 0 0 76 78 73 55 0 0 78 0 68 2 2 61 58 378 94 361 125 146 334 206 297 30 102 250 0 204 68 48 22 136 186 0 0 0 0 1 0 3 23 0 0 0 2 3 0 2 0 0 0 0 0 2 0 1 0 0 0 0 0 3 0 1 3 3 2 1 2 0 3 0 1 0 0 12 0 0 11 0 0 0 14 1 0 0 0 0 0 0 13 0 0 9 10 4 14 8 0 1 17 30 0 19 0 0 0 0 10 0 17 1 15 2 0 0 0 0 0 0 0 0 0 0 0 0 2 0 0 0 0 0 33 2 0 7 0 0 0 0 0 0 0 0 0 0 0 0 0 0 0 0 0 0 0 0 0 0 19 0 0 0 0 0 10 0 0 0 0 0 0 0 0 0 32 0 13 3 0 14 14 34 36 43 14 18 18 51 18 46 55 28 17 0 0 0 0 0 0 0 0 0 2 0 0 8 0 0 0 0 1 0 0 0 0 0 0 0 0 0 0 0 0 0 1 0 0 0 0 0 0 0 0 0 0 0 0 0 0 0 0 0 68 0 0 0 0 8 2 2 113 0 1 2 0 0 0 0 0 10 0 0 0 0 0 0 0 0 0 0 17 0 15 0 24 0 0 0 0 23 0 0 0 
 0 0 1 2 138 17 0 0 1 1 0 3 1 0 1 0 0 1 1 2 143 287 172 259 129 117 97 41 74 51 48 26 135 204 0 154 40 114 194 228 0 0 0 0 0 0 3 0 0 0 0 0 3 0 2 0 0 0 0 0 2 0 0 36 0 0 3 0 0 3 0 0 3 0 0 0 0 0 0 1 0 0 0 12 0 0 0 0 0 1 0 11 0 0 0 0 0 0 0 0 1 0 50 0 10 0 23 22 21 14 0 11 0 1 64 5 17 0 26 0 0 0 0 0 0 0 0 0 0 0 0 0 0 0 0 0 0 0 9 2 0 0 0 0 0 0 0 0 0 2 1 1 0 0 0 0 0 0 0 0 0 0 0 0 1 15 2 0 0 0 13 1 0 0 1 0 0 0 0 0 65 22 59 10 22 0 0 33 17 39 0 0 23 20 0 28 0 0 2 35 0 0 0 0 0 0 21 0 0 0 0 0 0 0 0 0 0 0 0 8 0 1 0 0 0 0 0 0 0 0 0 0 0 0 2 0 0 0 0 0 0 0 0 0 0 0 16 0 0 1 14 0 0 0 5 0 1 0 75 2 0 0 0 0 0 0 0 0 0 0 0 0 0 24 0 0 2 1 0 0 0 0 0 0 0 0 0 0 0 0 
 3 3 3 6 3 4 3 3 7 3 3 4 4 5 3 3 5 5 3 5 141 68 53 193 170 163 183 506 206 170 367 111 103 68 154 0 177 259 136 94 0 0 0 0 0 0 7 0 0 0 0 0 3 0 2 1 0 0 0 0 2 0 1 0 0 0 3 0 0 0 0 4 3 0 0 0 0 1 0 5 0 0 0 0 0 0 0 0 0 0 0 0 0 0 0 0 0 0 0 0 2 20 14 32 23 0 0 59 53 16 17 11 0 9 0 2 20 36 0 3 0 0 0 0 0 0 2 0 0 0 0 0 0 1 0 1 0 0 5 13 0 0 7 0 0 0 0 0 0 0 0 0 0 0 0 0 0 0 0 0 2 0 0 0 0 0 0 1 0 1 0 8 0 0 0 0 0 0 0 0 13 18 67 26 9 0 0 0 72 13 21 17 14 1 19 1 62 39 0 0 0 0 0 0 0 0 19 23 0 0 0 0 23 0 0 0 0 0 8 13 0 0 0 0 0 0 0 0 0 0 0 0 0 0 0 0 0 0 0 0 0 0 0 0 0 0 0 0 0 0 0 0 0 0 15 0 2 196 9 2 0 0 0 0 0 0 13 0 0 0 0 0 0 0 0 0 0 0 0 0 0 11 0 0 2 10 7 0 0 0 
 0 0 0 0 0 0 0 0 0 0 0 0 5 0 0 0 0 0 0 0 164 128 135 93 156 68 118 176 434 104 120 137 30 48 40 177 0 224 33 332 0 0 0 0 0 3 3 3 0 0 0 0 3 0 2 0 0 0 0 0 2 2 1 1 0 0 3 0 0 0 0 1 5 0 0 0 0 0 0 4 0 0 0 1 0 0 0 0 0 0 0 0 2 0 0 0 2 0 0 0 0 33 8 113 28 0 0 14 1 33 14 32 0 20 9 41 10 11 0 0 0 0 0 0 0 0 13 7 0 0 0 0 0 0 0 2 0 0 0 13 0 0 0 2 0 0 0 0 1 0 3 0 0 12 0 0 0 0 0 0 0 0 0 0 0 0 0 0 0 0 0 9 0 0 0 0 0 0 31 0 1 29 37 0 15 0 8 12 31 24 19 40 0 7 13 21 14 40 17 11 0 0 0 0 0 0 0 0 0 0 0 0 19 0 0 0 0 0 12 0 7 0 0 0 0 4 0 0 0 0 0 0 0 0 0 0 0 0 0 0 0 0 0 0 0 0 0 0 0 0 0 0 0 0 6 0 0 37 3 2 7 24 0 0 0 0 0 0 0 0 0 0 0 0 0 0 0 0 0 0 0 0 0 0 0 11 0 0 0 10 
 0 3 0 2 0 0 0 0 0 0 0 0 1 0 5 0 3 69 0 0 219 141 510 180 185 75 112 141 296 129 187 72 122 22 114 259 224 0 40 188 0 0 0 0 0 0 3 1 0 0 0 0 3 0 2 0 0 0 0 0 2 0 0 0 0 0 1 0 0 14 0 0 3 0 0 92 0 0 0 0 0 0 0 0 0 0 0 0 0 0 0 0 0 0 0 0 0 0 0 0 0 0 39 13 3 0 14 9 10 11 7 89 0 15 3 19 36 30 1 26 0 0 0 0 0 0 0 13 0 2 0 0 10 0 0 0 16 0 0 28 1 0 0 0 0 0 0 0 0 0 0 0 0 0 0 0 0 0 0 0 0 0 0 0 0 0 0 0 0 0 0 6 0 0 0 0 0 0 0 0 0 18 0 1 9 8 0 0 16 2 69 54 0 0 1 8 15 11 5 0 9 0 0 0 0 0 3 56 2 0 0 0 8 0 10 0 50 2 0 0 0 0 0 0 0 0 0 0 0 0 0 0 0 0 0 0 0 0 0 0 0 0 19 0 0 0 0 0 0 0 0 0 0 0 32 0 0 5 2 3 3 11 0 0 0 0 0 0 0 0 0 0 0 0 0 0 0 0 0 0 0 1 0 0 0 0 0 0 0 0 
 4 76 0 39 153 152 0 0 41 386 149 60 1 3 0 152 75 214 0 2 49 71 42 102 116 65 244 156 116 91 86 50 101 136 194 136 33 40 0 145 0 0 0 55 0 2 3 0 0 0 0 0 3 0 2 6 0 6 0 0 2 0 0 0 0 0 2 0 0 3 8 0 3 0 0 0 0 0 0 0 0 18 30 11 15 12 0 0 9 30 15 15 0 0 0 0 3 16 0 0 24 6 0 0 0 0 15 20 1 0 0 0 20 22 26 25 2 0 18 36 0 0 0 0 0 0 0 0 0 0 0 0 0 0 0 0 0 0 0 0 0 0 0 0 0 0 0 0 0 0 0 0 0 0 0 0 0 0 0 0 0 0 0 25 10 19 0 0 0 16 19 45 0 0 0 18 0 12 0 0 22 0 0 0 0 0 36 34 1 21 0 0 30 1 14 23 0 13 31 9 0 0 0 0 0 9 0 0 9 0 0 2 0 0 0 0 0 0 9 0 0 0 0 2 1 0 0 0 0 0 0 0 0 0 0 0 0 0 0 0 0 0 0 0 0 74 29 0 0 57 13 0 0 0 15 0 0 0 0 0 0 0 0 0 0 0 0 0 0 0 0 0 0 0 0 0 0 11 0 0 0 0 0 0 0 0 0 0 0 0 
 0 204 0 0 24 40 201 1 0 0 1 73 2 0 0 0 0 70 0 0 101 312 153 118 129 56 187 174 47 72 347 34 128 186 228 94 332 188 145 0 0 0 0 0 16 0 4 3 0 0 0 0 3 0 2 0 0 0 0 0 2 0 0 0 0 0 0 0 0 0 1 0 3 0 1 52 0 0 0 2 0 0 2 9 0 1 0 0 0 1 6 18 0 0 0 0 0 0 0 0 0 0 13 17 9 0 18 3 14 27 0 0 0 1 48 0 23 41 43 0 0 0 0 0 0 0 0 0 0 0 0 0 0 0 0 0 0 0 1 0 0 0 0 0 0 0 0 0 0 0 0 0 0 0 0 0 2 0 0 0 0 0 0 0 0 29 0 0 0 0 27 0 0 1 1 0 0 0 0 0 39 14 25 9 0 0 6 32 25 110 4 12 0 28 0 17 11 27 11 31 5 0 0 0 0 0 0 0 0 0 0 2 0 0 0 0 0 0 0 1 0 0 0 0 0 0 0 0 0 0 0 0 0 0 0 0 0 19 0 0 0 0 0 0 0 0 42 0 0 0 14 0 0 0 6 0 0 1 2 0 2 2 0 0 0 0 0 0 0 0 0 0 0 0 0 0 0 0 0 0 0 0 0 0 0 0 0 0 0 0 
 2 2 2 7 2 4 2 2 2 2 2 2 4 2 2 2 4 4 2 2 1 0 0 62 0 0 0 0 0 0 0 0 0 0 0 0 0 0 0 0 0 161 89 319 289 94 203 97 253 31 109 116 162 91 218 129 41 161 105 59 0 5 2 0 0 4 0 51 0 3 0 5 0 4 8 0 5 0 54 0 0 0 0 11 0 0 0 0 0 0 0 0 0 0 0 0 0 0 0 0 0 0 0 0 0 8 0 0 0 0 0 0 0 0 0 0 0 0 0 0 0 14 23 20 29 0 10 12 9 25 31 6 0 7 40 9 0 38 6 0 0 0 9 15 6 2 0 0 0 0 0 8 14 0 4 4 0 4 14 0 0 0 0 0 0 0 0 0 0 0 3 0 0 3 0 0 0 0 0 0 0 0 0 0 0 11 0 0 0 0 0 0 0 0 0 0 0 0 0 0 36 0 11 10 0 23 9 0 0 34 21 10 0 6 6 15 14 0 0 23 15 3 0 0 0 27 0 0 9 0 0 6 4 3 0 21 0 4 1 30 0 0 0 0 0 0 0 0 0 0 0 0 0 0 0 0 0 0 0 0 0 0 0 4 0 2 4 0 0 0 0 0 0 0 0 0 0 0 0 0 0 0 0 0 0 0 0 9 0 0 
 3 3 2 8 29 2 3 3 3 3 3 3 3 6 3 3 3 3 3 3 0 0 0 0 0 64 0 0 0 0 0 0 0 0 0 0 0 0 0 0 161 0 252 69 248 579 477 212 456 106 101 35 129 264 40 57 385 90 98 61 0 1 25 1 0 0 0 0 0 0 0 0 0 0 0 7 0 0 0 0 0 0 0 0 0 0 0 0 0 0 0 0 0 0 0 0 0 0 0 0 0 0 0 0 0 6 0 0 0 0 0 0 0 0 0 13 0 0 0 0 0 24 10 0 0 0 11 1 20 0 1 0 0 52 23 9 6 20 28 0 0 0 0 0 0 2 8 20 0 0 0 0 17 0 0 0 0 0 15 0 0 0 0 0 0 0 0 0 0 0 10 0 0 15 1 0 0 0 0 2 0 0 0 0 10 6 0 0 0 0 0 0 0 0 0 0 0 0 0 0 28 9 73 11 0 19 14 0 43 40 32 13 0 26 6 16 0 23 0 2 6 0 0 0 0 0 20 0 0 9 0 0 0 21 0 0 0 0 0 25 0 0 11 0 0 0 0 0 0 0 0 2 0 0 0 0 0 0 0 0 0 0 0 0 0 15 0 1 0 0 0 0 0 0 0 0 0 0 0 0 0 0 0 0 0 0 0 9 0 0 
 0 0 0 0 0 3 0 0 0 0 0 0 1 2 0 0 3 0 0 0 4 1 0 0 0 2 0 0 2 0 0 0 0 0 0 0 0 0 0 0 89 252 0 144 36 21 177 154 318 196 101 264 134 62 51 204 249 121 169 37 1 2 0 0 0 0 50 0 0 0 0 0 0 0 0 0 0 0 50 0 0 0 0 0 0 0 0 0 0 0 0 0 0 0 0 0 0 0 0 0 0 0 0 0 0 17 0 0 0 0 0 0 0 0 0 0 0 0 0 0 8 6 11 20 29 0 20 15 10 0 47 10 13 32 6 22 50 8 0 0 9 0 0 0 0 5 10 0 0 0 0 0 0 0 0 0 0 0 0 0 0 0 0 0 0 0 0 0 0 0 7 0 0 2 0 0 0 0 0 3 0 0 0 0 0 10 0 0 0 0 0 0 0 0 0 0 0 0 0 0 32 59 19 15 15 1 53 0 99 14 10 22 0 12 62 3 9 29 12 8 0 0 0 0 0 0 1 0 0 0 0 0 0 0 0 0 0 0 0 50 0 0 11 0 0 0 1 0 0 0 0 3 0 1 0 0 0 0 0 2 0 0 2 0 0 20 0 66 0 0 0 0 0 0 0 0 0 0 0 0 0 3 6 0 12 0 0 0 0 0 
 0 0 0 0 0 0 0 0 0 7 0 0 1 0 0 5 7 6 0 0 3 1 0 23 0 2 0 2 206 0 0 0 2 0 0 0 0 0 55 0 319 69 144 0 117 112 186 84 179 341 173 31 66 364 460 60 54 56 107 136 5 0 0 2 0 0 120 3 0 0 1 0 0 0 0 0 0 0 0 24 0 3 6 0 0 0 0 0 0 6 0 0 0 0 0 0 9 0 0 0 5 0 0 0 0 0 3 0 0 0 0 0 11 6 11 0 0 0 0 10 9 9 9 19 11 0 0 15 9 17 10 21 0 0 17 0 0 10 0 0 0 0 0 1 0 0 0 8 0 0 0 0 10 0 0 0 0 0 0 0 0 0 0 0 0 4 0 0 0 6 0 0 0 0 0 0 0 5 2 0 0 0 0 0 0 0 0 0 0 0 0 0 2 0 0 0 0 0 0 0 33 10 0 7 7 16 0 6 10 18 0 12 0 0 5 0 0 25 0 0 14 13 0 0 0 0 0 0 3 0 0 0 23 0 0 0 14 8 23 12 0 0 0 0 0 0 10 0 0 0 0 8 1 1 0 0 0 0 0 13 0 17 2 69 1 6 1 35 2 2 0 0 0 0 0 0 0 0 0 0 0 4 0 0 43 10 0 0 0 0 
 0 0 0 0 0 0 0 0 0 0 0 0 1 0 0 0 0 3 0 0 1 10 0 0 0 0 0 0 0 0 0 0 0 1 0 0 0 0 0 16 289 248 36 117 0 131 55 69 84 136 82 240 61 132 153 145 46 58 44 72 51 4 1 2 0 0 0 50 3 0 0 0 59 0 1 0 67 0 1 0 0 0 0 0 0 0 0 0 0 6 0 0 0 0 0 0 0 0 0 0 0 0 0 0 0 0 0 0 0 0 0 0 0 0 0 0 0 0 0 0 0 0 24 13 17 34 0 0 0 1 32 0 0 0 14 24 0 22 0 0 24 0 14 0 0 1 10 0 15 26 15 0 29 15 21 20 8 7 14 27 0 0 0 0 0 0 0 0 0 0 2 0 0 3 0 0 0 0 0 0 0 0 0 0 0 0 0 0 0 0 25 3 0 0 0 0 0 0 0 0 10 0 0 21 6 21 0 0 7 14 4 0 0 0 5 0 0 12 0 13 15 0 35 0 0 0 7 2 9 0 20 0 19 15 9 13 0 35 19 15 7 0 0 0 0 0 0 0 0 0 0 67 0 0 0 0 0 0 0 1 0 0 86 6 3 5 4 0 0 0 6 0 0 0 0 0 0 0 0 0 0 0 0 0 0 0 0 0 0 0 
 3 4 2 6 3 5 3 3 3 3 5 3 5 3 3 9 2 4 3 3 5 0 0 0 0 2 203 3 0 0 0 0 0 0 0 0 3 0 2 0 94 579 21 112 131 0 274 51 55 108 70 71 25 34 71 84 522 353 51 57 0 3 0 3 0 0 24 48 0 0 0 0 51 103 153 53 0 4 58 101 0 0 0 0 0 0 0 0 0 0 0 0 0 0 0 0 0 0 0 0 0 0 0 0 0 0 0 0 10 0 0 0 0 0 0 0 0 0 0 0 0 0 1 1 2 18 0 0 0 5 0 3 0 0 0 0 0 0 0 0 16 6 9 0 0 0 1 39 2 1 0 0 3 5 15 8 2 19 29 31 0 0 0 0 0 0 26 0 0 0 0 0 0 0 0 4 0 0 6 0 0 0 0 0 0 0 0 0 0 0 0 0 0 0 0 0 0 0 0 0 0 0 3 10 8 13 0 0 0 0 12 55 0 0 0 0 0 0 0 0 1 0 21 11 0 0 26 18 31 31 0 7 21 29 8 16 1 0 13 0 0 0 0 0 0 0 0 0 0 0 0 7 0 0 0 0 0 0 0 1 0 0 0 1 64 7 1 4 1 0 8 0 0 0 0 0 0 0 0 0 0 0 0 0 0 0 0 0 0 0 
 0 0 2 0 0 4 0 0 0 0 13 0 1 0 0 2 4 0 0 3 3 3 3 3 5 28 3 3 3 3 4 3 3 3 3 7 3 3 3 4 203 477 177 186 55 274 0 147 158 117 38 24 221 120 234 308 51 236 178 244 19 1 0 2 0 52 51 2 0 6 0 0 0 4 0 0 0 51 0 0 0 0 0 0 0 0 0 0 0 0 0 0 0 0 0 0 0 0 0 0 0 0 0 0 0 0 0 0 0 0 0 0 0 0 0 0 0 0 0 0 23 29 0 0 15 0 29 25 0 0 9 0 1 34 22 0 3 22 8 0 0 3 0 0 0 0 0 0 0 0 0 0 0 0 0 0 0 0 0 0 42 10 0 0 0 0 0 0 0 0 7 0 0 1 0 0 0 0 0 6 0 0 0 0 0 0 0 0 0 0 0 0 0 0 0 0 0 0 0 0 13 10 18 3 0 63 29 12 49 25 26 0 0 8 5 2 0 15 0 9 0 0 0 0 0 0 0 0 0 0 0 0 25 0 0 0 0 0 0 5 0 0 0 0 0 0 0 0 0 0 0 4 0 0 0 0 0 0 2 0 0 0 0 20 0 12 0 38 2 0 0 0 0 0 0 0 0 0 0 0 0 0 0 0 0 11 0 0 0 0 
 0 0 0 0 0 0 0 0 0 0 0 0 5 0 0 0 0 0 0 0 1 0 0 64 5 97 0 1 0 0 129 71 0 23 0 0 3 1 0 3 97 212 154 84 69 51 147 0 154 59 42 253 126 339 183 44 123 99 68 198 0 0 1 0 0 0 50 0 0 0 0 0 0 0 0 0 0 0 0 0 0 0 8 0 0 0 0 0 0 0 0 0 0 0 0 0 0 0 0 0 0 6 0 9 6 4 0 0 2 5 0 0 0 0 0 0 0 0 0 0 27 2 0 0 20 0 9 0 0 0 6 0 9 12 0 9 9 0 47 35 0 0 0 0 0 0 6 0 4 0 0 0 0 0 0 0 0 0 0 0 0 0 19 1 0 0 0 0 0 0 0 0 0 0 0 0 0 0 0 0 0 4 0 12 0 6 5 0 0 16 0 1 0 5 5 0 0 5 10 4 0 33 1 12 0 0 22 38 8 0 1 6 0 8 9 19 37 0 16 1 0 0 0 0 0 0 16 0 1 0 0 0 0 1 0 0 0 0 0 4 0 0 3 0 0 0 0 0 0 0 0 5 0 0 0 0 0 0 1 0 0 0 0 0 0 0 0 1 0 0 0 0 0 0 0 0 0 0 0 0 0 1 0 0 0 0 0 0 0 0 
 2 2 2 2 64 2 2 2 2 2 2 2 3 2 5 2 2 2 2 2 0 0 0 0 0 125 0 0 0 0 0 0 0 0 0 0 0 0 0 0 253 456 318 179 84 55 158 154 0 465 112 34 375 173 143 129 173 180 209 135 10 1 0 0 0 0 13 0 0 0 0 0 0 0 6 0 0 0 1 0 0 0 0 0 0 0 0 0 0 0 0 0 0 0 0 0 0 0 0 0 0 0 0 0 10 0 0 0 0 0 0 0 0 0 0 0 0 0 0 0 19 17 27 3 0 0 1 26 21 7 0 13 1 1 15 14 7 1 35 6 0 0 0 0 0 0 0 8 0 0 0 0 12 0 0 0 0 1 0 0 0 0 0 0 0 9 0 0 16 0 0 0 0 0 6 0 0 0 0 17 0 0 2 12 0 0 0 0 0 0 0 0 0 0 0 0 0 0 0 0 22 13 6 0 12 23 0 8 21 13 2 1 0 0 15 17 1 18 32 16 8 9 0 0 0 0 0 0 0 0 0 0 18 0 0 0 10 0 16 13 0 0 0 0 0 0 0 0 0 0 0 5 0 0 0 0 0 0 0 1 0 0 0 0 1 0 0 1 0 0 0 0 0 0 0 0 0 0 0 0 0 0 0 0 8 20 0 0 0 0 
 0 1 0 0 0 0 0 0 0 0 0 0 2 0 0 0 0 0 0 0 4 0 0 0 65 0 0 62 1 0 0 0 0 0 0 0 0 0 0 0 31 106 196 341 136 108 117 59 465 0 78 93 268 136 191 75 184 129 45 78 0 1 2 0 0 0 99 4 0 1 0 1 0 6 0 1 0 9 57 24 0 0 0 0 0 0 0 0 0 0 0 0 0 0 0 0 0 0 0 0 0 0 0 0 0 0 0 0 0 0 0 0 0 0 0 0 0 0 0 0 0 0 1 17 35 1 0 0 8 9 13 25 0 0 0 27 0 0 10 0 13 0 0 0 0 0 14 33 0 50 3 0 23 8 6 0 0 0 1 0 0 0 0 0 0 0 0 0 0 0 0 0 0 0 0 0 0 0 6 0 0 0 0 4 0 0 0 0 0 0 0 0 0 0 0 0 0 0 0 0 0 20 0 41 33 12 0 0 0 0 0 34 0 0 1 0 0 0 0 0 9 4 3 5 0 0 10 24 2 11 0 0 19 15 28 0 1 0 21 22 0 0 8 0 0 0 0 0 0 0 0 5 0 0 0 0 0 0 0 25 0 0 9 63 2 2 2 1 0 0 15 0 0 0 0 0 0 0 0 0 0 0 0 0 11 15 0 0 0 0 
 0 0 0 0 0 0 0 0 0 0 0 0 1 0 15 0 3 0 0 75 6 0 0 0 0 0 202 0 0 0 0 0 0 0 0 0 0 0 0 0 109 101 101 173 82 70 38 42 112 78 0 216 138 178 218 159 90 167 101 283 207 2 0 2 0 0 0 0 37 0 0 0 1 0 0 0 0 0 0 0 0 0 0 0 0 0 0 0 0 0 0 0 0 0 0 0 0 0 0 17 0 0 0 0 0 0 0 0 0 0 0 0 0 0 0 0 0 0 0 0 0 45 9 20 27 3 0 12 12 0 22 0 0 0 32 14 0 36 6 0 0 0 16 26 0 0 0 0 0 0 16 0 37 0 9 0 10 0 1 2 0 0 0 0 0 0 14 0 0 27 0 0 0 3 0 0 0 0 0 0 0 0 0 0 0 0 0 0 0 0 0 0 0 0 0 0 0 0 0 0 26 4 11 9 0 21 0 0 0 33 0 0 0 6 4 6 0 0 0 0 15 0 33 0 0 0 0 17 19 0 0 0 0 0 10 0 0 0 5 15 1 0 0 0 0 0 0 0 0 0 0 0 0 2 0 0 0 0 0 2 0 27 1 1 2 2 0 0 0 0 0 0 0 0 0 0 0 0 0 0 0 3 0 0 0 0 0 9 0 0 
 0 0 2 3 0 6 0 0 0 1 0 0 5 0 0 0 0 0 0 0 0 1 1 69 7 2 3 0 0 0 0 0 0 2 0 0 0 0 0 0 116 35 264 31 240 71 24 253 34 93 216 0 27 102 85 123 144 65 41 42 0 2 49 0 0 0 0 0 75 0 0 0 7 0 0 0 0 0 101 0 0 0 0 2 0 0 0 0 0 0 0 0 0 0 0 0 0 0 0 0 0 0 0 0 0 7 0 0 0 0 0 0 0 0 0 0 0 0 0 0 1 0 8 39 23 17 4 10 11 14 30 19 3 1 1 28 1 3 0 0 11 0 8 41 0 0 0 0 0 5 15 0 16 0 3 20 2 7 17 22 0 0 0 0 0 0 0 19 0 0 0 0 0 0 0 0 0 0 0 1 0 0 0 2 0 0 0 0 0 0 0 0 0 0 0 0 0 0 0 0 9 27 7 17 15 12 0 0 8 1 10 34 0 7 11 0 9 1 36 0 6 0 28 0 0 0 0 17 18 0 19 0 10 39 4 20 0 0 30 22 0 0 0 0 0 0 0 0 19 0 0 4 0 1 0 0 0 0 0 11 0 2 0 63 0 3 0 0 0 0 15 0 0 0 0 0 0 0 0 0 0 0 2 0 0 0 0 0 0 0 
 6 3 3 3 3 3 3 3 3 3 3 3 3 3 3 3 3 3 3 6 3 3 3 65 3 67 3 5 6 3 3 3 3 3 3 3 3 3 3 3 162 129 134 66 61 25 221 126 375 268 138 27 0 300 681 108 56 140 253 135 2 13 6 2 3 4 0 12 0 0 0 0 5 16 0 0 6 8 0 3 0 0 0 0 0 0 0 0 0 0 0 0 0 0 0 0 0 0 0 0 0 0 0 1 0 14 0 0 0 0 0 0 0 0 0 0 0 0 0 0 1 14 4 0 5 4 29 35 26 10 0 14 0 47 14 0 2 11 2 0 0 0 0 0 0 45 0 4 0 4 7 0 0 0 0 0 0 4 0 0 0 0 0 0 0 0 0 0 0 0 30 0 0 1 0 0 0 0 0 4 0 0 0 0 0 13 0 0 0 0 0 0 0 0 0 0 0 0 0 0 16 6 52 11 0 7 21 0 28 74 42 0 0 12 7 26 5 15 0 18 11 0 3 9 0 10 0 5 0 0 0 1 0 1 1 0 0 0 0 5 0 0 0 0 0 0 0 0 0 0 0 2 0 0 0 0 0 0 0 0 0 0 0 0 0 7 0 0 1 0 0 0 0 0 0 0 0 0 0 0 0 0 0 0 0 0 0 7 0 0 
 0 0 0 0 0 0 0 0 0 0 0 0 2 0 23 0 0 0 0 0 0 0 0 64 0 0 0 18 0 0 72 0 0 0 0 0 0 0 0 0 91 264 62 364 132 34 120 339 173 136 178 102 300 0 280 83 34 106 71 175 0 0 0 0 0 1 1 0 0 0 0 0 0 11 8 0 0 0 53 0 0 0 0 0 0 0 0 0 0 13 0 0 0 0 0 0 0 0 0 0 0 0 0 12 0 30 0 0 0 0 0 0 0 0 0 0 0 0 0 0 14 19 17 32 11 0 15 12 25 38 34 1 9 15 33 31 18 95 0 10 0 0 0 15 0 0 0 0 0 0 0 0 14 0 0 0 0 5 20 0 0 0 0 0 0 0 0 0 0 0 0 0 0 0 0 0 0 0 0 0 0 0 0 0 0 0 0 0 0 0 0 0 0 0 0 0 0 0 0 0 30 0 0 10 0 7 21 11 7 10 20 19 0 0 20 0 23 0 20 18 10 0 0 0 0 24 0 0 0 0 0 0 1 0 0 0 0 0 1 39 0 0 0 0 0 0 0 0 0 27 0 1 0 2 0 0 0 0 0 8 0 0 1 1 1 0 1 1 0 0 0 0 0 0 0 0 0 0 0 0 0 0 0 0 0 3 0 0 1 0 
 0 1 0 1 0 0 1 1 0 0 0 2 2 1 0 0 2 1 0 1 64 2 4 2 2 83 2 5 4 2 2 2 2 2 2 2 2 2 2 2 218 40 51 460 153 71 234 183 143 191 218 85 681 280 0 316 320 118 73 125 204 0 50 7 0 0 50 0 2 0 20 0 4 0 1 2 0 3 57 1 0 0 0 0 0 0 0 0 0 0 0 0 0 0 0 0 0 0 0 0 0 0 0 0 0 40 0 0 0 0 0 0 0 0 3 0 0 0 0 3 19 13 3 3 28 0 5 6 10 9 31 15 0 42 18 0 0 13 0 0 0 0 0 5 0 0 10 0 0 0 0 0 10 0 0 0 0 2 12 0 0 0 0 0 0 0 0 0 0 0 0 0 0 0 0 0 0 0 0 0 0 0 0 0 0 0 0 0 0 0 0 0 0 0 0 0 0 0 0 0 29 15 2 26 0 14 24 0 4 0 20 11 0 0 31 0 10 9 0 0 13 0 0 0 6 0 1 0 0 0 0 0 23 0 0 0 0 0 0 31 0 0 33 0 0 0 0 0 0 0 0 7 0 2 0 0 0 0 0 20 0 0 0 65 0 3 2 65 2 0 0 0 0 0 0 0 0 0 0 0 0 0 0 0 0 1 0 0 1 0 
 2 2 2 2 2 33 2 9 2 10 2 4 4 2 2 5 39 3 2 2 0 0 0 0 0 3 0 0 1 0 0 0 0 0 0 1 0 0 6 0 129 57 204 60 145 84 308 44 129 75 159 123 108 83 316 0 284 52 29 85 0 0 0 0 0 0 0 32 0 0 0 0 3 1 4 0 0 2 49 0 0 4 5 0 0 0 0 0 0 1 0 0 0 0 0 0 8 0 0 0 2 0 0 0 0 0 0 0 0 0 0 0 6 10 38 0 0 0 0 11 0 9 0 14 6 0 20 0 16 24 9 0 0 16 11 25 16 17 1 0 0 0 0 6 0 0 0 0 0 4 0 0 12 0 0 0 0 5 4 0 0 0 0 0 0 8 0 0 0 7 4 0 0 4 0 0 0 5 0 2 0 0 0 0 0 0 0 0 0 0 0 0 0 0 0 0 0 0 0 0 21 0 23 0 0 10 18 0 15 19 24 10 0 1 0 16 25 9 10 10 0 0 0 0 0 10 0 0 0 0 0 0 2 6 11 0 0 0 3 24 0 0 0 0 0 0 6 0 0 0 0 4 0 1 0 0 0 0 0 2 0 0 1 0 2 8 0 0 0 0 15 0 0 0 0 0 0 0 0 0 0 0 0 0 0 0 0 8 0 7 
 0 1 0 5 2 0 1 0 0 0 0 0 0 0 0 0 3 0 0 0 0 0 0 0 0 64 3 2 0 0 1 1 0 0 0 0 0 0 0 0 41 385 249 54 46 522 51 123 173 184 90 144 56 34 320 284 0 386 91 43 0 0 0 0 0 0 51 0 0 0 0 0 0 0 0 0 0 0 21 0 0 0 0 0 0 0 0 0 0 0 0 0 0 12 0 0 12 0 0 0 0 0 0 0 9 7 0 0 0 0 1 0 0 0 0 0 0 0 0 0 28 8 22 0 15 0 1 9 0 1 35 20 0 0 0 23 0 0 11 6 7 0 0 0 0 3 2 9 0 0 0 0 12 0 0 0 0 0 0 0 0 0 0 0 0 0 10 0 0 0 0 0 0 0 0 0 0 0 0 1 0 0 0 0 0 0 5 0 0 0 0 0 0 0 0 13 0 0 0 0 0 53 18 6 0 0 0 1 0 15 0 28 0 26 13 10 1 8 13 7 0 1 0 0 0 0 15 0 1 0 0 0 0 0 0 0 0 0 0 19 0 0 10 0 0 0 0 0 0 0 0 9 0 0 0 0 0 0 0 0 1 0 20 0 1 1 1 2 0 0 0 0 0 0 0 0 0 0 0 0 0 0 0 0 50 0 0 0 0 0 
 6 0 0 0 0 0 0 0 0 0 0 3 1 3 0 0 0 0 0 0 4 2 5 0 0 71 2 0 0 0 0 0 0 0 0 0 0 0 6 0 161 90 121 56 58 353 236 99 180 129 167 65 140 106 118 52 386 0 57 72 0 1 0 3 0 0 0 0 0 0 0 0 0 0 0 0 0 0 0 0 0 0 0 0 0 0 0 0 0 0 0 0 0 0 0 0 26 0 0 0 0 0 0 0 0 0 0 0 0 0 0 0 0 0 0 0 0 0 0 0 0 27 0 11 0 0 11 17 12 0 0 0 0 25 31 32 6 47 13 0 0 0 0 9 0 0 9 40 0 0 0 7 23 0 0 0 0 1 26 0 0 0 0 0 0 0 0 0 0 0 4 0 0 4 0 0 0 0 0 2 0 0 0 0 0 0 0 0 0 0 0 0 0 0 0 0 0 0 0 0 46 0 30 16 0 8 13 0 11 31 17 3 0 12 0 29 0 9 0 15 8 0 0 0 14 0 13 0 0 11 0 0 0 20 0 26 0 0 0 22 0 0 8 0 0 0 0 0 0 0 0 2 0 0 0 0 0 2 0 9 0 0 13 2 4 8 0 0 0 4 0 0 0 0 0 0 0 0 0 0 0 0 0 0 0 16 0 23 0 0 
 0 0 0 2 0 3 0 0 0 0 0 0 0 0 0 0 0 0 0 0 2 0 0 1 9 69 0 3 63 0 19 0 0 0 0 0 0 0 0 0 105 98 169 107 44 51 178 68 209 45 101 41 253 71 73 29 91 57 0 143 0 19 56 1 0 6 0 0 0 0 1 2 2 0 0 52 0 0 0 19 0 0 0 0 0 0 0 0 0 0 0 0 0 0 0 1 0 0 0 0 0 0 12 9 13 7 0 0 0 0 20 0 0 0 0 0 0 0 0 0 0 63 48 0 0 0 24 29 20 0 0 0 8 31 24 0 6 8 36 14 0 0 0 10 0 4 0 0 0 0 0 0 0 0 0 0 0 0 0 0 0 0 0 0 0 0 0 0 0 0 0 10 0 0 0 0 0 0 0 16 0 11 0 0 49 1 0 0 0 0 48 0 0 0 0 0 1 0 0 0 35 15 48 9 0 31 0 0 24 26 10 0 0 109 13 15 0 19 0 15 0 0 0 0 1 0 0 0 0 0 0 0 0 0 0 0 0 18 0 0 0 0 0 0 0 0 0 0 0 0 0 3 0 0 0 0 0 0 0 0 0 0 0 0 0 7 9 0 2 0 0 0 0 0 0 4 0 0 0 0 0 0 0 0 0 0 1 12 0 0 
 0 0 0 5 0 0 0 0 0 0 0 0 3 3 0 0 3 0 0 0 0 0 0 4 5 197 0 1 0 63 63 66 0 0 0 0 0 0 0 0 59 61 37 136 72 57 244 198 135 78 283 42 135 175 125 85 43 72 143 0 6 0 0 0 0 0 1 0 0 0 52 0 0 0 2 0 0 0 0 0 0 0 0 0 0 0 0 0 0 0 0 0 0 0 0 0 0 0 0 0 0 0 0 0 9 13 0 0 1 0 1 0 0 0 0 0 0 0 0 10 39 17 0 20 0 0 10 0 1 0 19 0 20 30 0 9 9 14 35 0 0 0 0 0 0 0 0 0 4 0 0 0 0 0 0 0 0 0 0 0 0 0 0 7 0 0 0 0 0 0 0 0 0 0 0 0 0 4 0 0 0 0 0 13 0 32 0 0 0 0 0 9 0 0 0 0 0 0 0 0 19 33 5 13 0 20 28 16 26 0 21 0 19 3 22 23 20 8 33 0 0 0 0 0 0 0 1 0 0 0 0 0 13 0 0 0 0 0 0 0 0 0 0 0 0 0 0 0 0 0 0 8 1 0 0 0 0 0 0 0 1 0 1 0 0 7 2 65 0 0 0 0 0 0 12 0 0 0 0 0 0 0 0 0 0 28 0 0 0 0 
 0 0 0 0 0 37 0 0 0 0 0 0 8 0 0 0 2 0 0 0 42 2 2 2 2 2 2 2 47 2 2 50 2 2 2 2 2 2 2 2 0 0 1 5 51 0 19 0 10 0 207 0 2 0 204 0 0 0 0 6 0 149 97 274 81 40 160 106 60 117 89 258 169 41 128 95 93 105 102 68 0 0 0 0 0 0 0 0 0 0 0 0 0 0 0 0 0 0 0 0 0 0 0 0 0 0 0 0 0 0 0 0 0 0 0 0 0 0 0 0 8 3 2 21 33 36 3 2 1 1 9 7 1 1 1 2 19 10 3 1 8 0 18 13 0 0 10 16 28 18 22 10 0 10 0 11 8 14 0 20 0 0 0 0 0 0 0 0 0 3 0 0 0 0 0 0 0 0 0 0 0 23 0 0 0 0 0 0 0 6 0 0 0 0 0 0 0 0 0 0 5 0 0 0 13 17 0 53 2 0 8 0 0 0 3 0 0 6 20 0 15 8 1 29 0 12 1 18 11 38 0 0 20 11 20 7 8 15 10 7 0 0 0 14 0 0 0 0 0 0 0 0 0 0 4 0 21 0 0 0 0 0 8 0 0 0 0 8 0 0 35 0 53 10 0 0 0 0 0 0 0 0 0 0 0 5 0 0 0 0 
