 0 404 400 184 36 15 560 99 182 82 353 29 133 245 40 329 54 34 99 129 4 3 0 0 0 0 0 3 0 0 3 1 2 0 2 0 0 2 0 1 0 34 3 3 0 3 0 3 0 5 7 0 0 2 0 0 3 0 0 3 1 0 0 0 3 3 0 0 1 0 3 3 0 3 0 0 0 2 2 0 21 18 42 18 1 0 20 9 35 0 1 19 12 15 8 0 10 29 0 23 0 0 0 0 0 0 0 0 0 0 0 0 0 0 0 0 0 0 0 0 0 0 0 0 0 0 0 0 0 0 0 0 0 0 0 0 0 0 0 0 0 0 0 8 0 0 0 0 0 0 0 0 3 1 0 0 0 1 0 0 11 20 2 18 16 9 28 14 27 0 2 0 0 0 17 2 14 17 26 15 0 0 0 0 0 0 1 0 0 0 0 0 21 0 0 0 0 0 1 0 0 0 0 0 0 0 0 0 0 0 0 0 0 0 0 0 0 0 0 0 0 0 0 0 0 0 0 0 15 0 0 0 0 0 0 0 0 0 0 0 0 11 0 0 0 0 0 0 2 2 2 3 1 14 2 0 0 0 0 0 0 0 10 0 0 0 0 0 0 1 0 0 0 0 0 7 0 0 0 0 0 0 0 0 0 0 0 0 0 0 
 404 0 124 371 29 42 326 166 275 102 142 108 255 155 115 390 130 210 64 58 0 0 0 0 1 0 0 4 0 0 3 1 2 0 1 0 0 0 0 3 0 0 3 0 0 3 0 3 0 2 0 0 0 0 63 3 0 0 0 3 4 0 0 0 0 0 0 8 2 0 0 0 8 5 0 0 0 0 2 0 33 35 10 36 20 0 0 22 7 21 2 0 20 0 19 15 2 0 0 0 0 0 0 0 0 0 14 0 0 0 0 0 12 0 0 0 0 0 20 13 2 0 0 11 0 0 0 0 0 0 0 1 0 0 0 12 0 0 0 10 2 0 0 0 0 0 0 0 0 0 0 0 0 0 0 1 0 0 0 0 48 32 14 2 14 0 20 1 1 14 33 0 28 13 0 0 0 10 7 41 0 1 0 0 0 1 0 0 0 0 0 0 11 0 0 0 0 0 13 9 0 0 0 0 0 0 0 1 0 0 0 0 0 0 0 0 0 0 0 1 0 2 0 0 0 0 0 0 0 0 0 0 0 1 0 0 0 0 0 0 0 0 0 0 0 0 1 0 2 101 0 7 12 0 1 0 0 0 0 0 0 0 0 0 0 0 0 0 0 0 0 0 0 0 0 0 0 25 0 0 0 0 0 0 0 0 0 0 0 0 
 400 124 0 257 201 23 550 197 227 166 52 110 376 89 243 175 309 340 44 73 1 0 1 0 1 0 0 3 0 0 3 1 3 2 0 1 0 0 73 1 0 0 3 1 0 3 0 3 0 2 0 0 0 1 0 0 0 0 0 3 1 0 0 0 0 0 0 30 1 0 0 3 12 3 0 0 0 0 2 0 25 10 0 3 17 16 33 11 24 63 17 71 0 0 11 19 21 35 9 0 0 16 0 0 0 0 30 0 0 0 0 0 0 0 0 2 0 0 13 0 3 0 0 0 0 0 0 0 0 0 0 0 0 0 0 0 0 0 0 0 0 0 0 0 0 0 0 0 0 0 0 0 1 1 0 0 0 0 0 1 0 0 0 24 19 28 0 22 16 10 0 23 0 0 0 19 10 0 0 0 0 0 0 0 0 0 1 0 0 0 0 0 10 0 1 0 7 0 0 1 0 13 0 0 0 0 14 0 0 0 0 0 0 0 0 0 0 0 0 0 2 0 0 0 2 0 0 0 0 0 0 0 0 0 0 0 0 0 0 0 0 14 0 0 0 1 91 2 8 6 0 17 0 0 0 2 0 0 0 0 0 0 9 2 0 0 0 0 0 0 0 0 0 0 0 0 29 0 0 0 0 0 0 0 9 0 0 0 0 0 
 184 371 257 0 190 38 213 365 118 440 149 66 123 183 164 536 54 144 173 74 0 0 0 0 0 0 66 3 0 0 3 1 2 0 0 0 0 0 0 77 0 0 3 1 0 3 0 3 0 2 0 1 0 0 37 0 61 0 37 68 1 0 6 0 0 0 0 0 1 0 13 0 0 3 0 0 0 3 2 0 35 31 0 35 12 2 16 15 17 13 0 13 1 0 0 47 31 41 0 15 0 3 0 0 0 0 0 0 0 1 0 0 13 0 0 0 0 0 12 1 1 0 0 0 1 0 2 0 0 0 0 2 0 0 0 15 0 0 0 0 0 0 0 0 0 0 0 0 0 1 0 0 2 0 0 0 0 0 0 0 0 0 0 43 14 47 0 0 13 0 34 0 0 2 0 0 43 0 0 0 10 2 17 0 34 0 22 0 0 0 0 0 12 28 0 0 0 0 12 0 0 0 0 0 0 14 0 2 0 0 0 0 0 0 0 0 0 0 0 2 0 0 0 1 0 0 0 0 9 0 0 0 0 2 0 0 0 0 0 0 0 21 0 0 0 0 5 0 1 4 10 21 0 0 0 0 0 0 0 0 0 0 10 0 0 0 0 0 0 0 0 0 0 0 0 42 12 0 0 0 0 0 0 0 0 0 0 0 0 0 
 36 29 201 190 0 77 83 61 372 177 259 226 188 99 166 300 57 105 72 91 9 0 0 0 6 0 2 3 0 72 3 5 89 26 0 35 0 0 16 75 0 3 3 1 2 5 0 3 3 3 0 0 2 0 2 0 0 3 0 3 1 0 0 0 2 0 0 0 1 0 0 4 6 17 0 6 0 47 8 2 0 0 9 12 26 14 0 0 24 18 24 1 0 0 0 13 21 14 0 0 12 0 0 0 0 0 22 1 36 0 0 0 26 7 10 0 0 0 30 34 0 0 0 0 0 0 0 0 0 0 0 0 0 0 18 0 0 18 0 0 0 0 10 0 0 2 0 0 0 0 0 0 28 0 0 0 22 0 0 0 0 0 0 0 30 21 0 0 8 65 14 32 0 0 0 0 19 25 0 0 0 0 0 0 0 0 9 0 0 0 0 0 7 1 15 0 10 0 19 33 0 0 0 0 0 16 0 0 0 0 21 0 0 0 0 2 0 0 0 0 0 0 0 0 0 0 0 0 0 0 0 0 0 0 0 0 0 0 0 0 0 0 0 0 0 4 181 0 100 14 0 6 2 0 0 0 2 0 0 0 0 0 0 0 1 0 0 0 0 0 0 0 0 0 0 11 0 0 0 0 0 0 0 0 0 0 0 0 0 0 
 15 42 23 38 77 0 28 19 50 39 140 339 275 275 38 171 164 132 62 280 0 75 146 0 0 1 92 78 184 0 3 2 2 74 2 0 0 0 52 82 0 0 3 1 0 7 0 3 33 2 0 0 0 4 1 0 0 0 0 11 1 0 0 0 0 37 1 0 1 0 0 0 0 43 0 0 0 0 2 0 0 12 0 0 38 8 0 0 0 0 13 0 0 0 0 0 0 14 0 0 13 29 9 13 0 0 33 29 9 30 38 0 26 27 17 0 10 20 14 24 0 0 0 0 0 0 0 1 0 0 0 0 0 0 37 0 0 0 0 0 7 0 0 0 0 0 0 0 0 0 0 0 0 0 0 0 0 0 0 0 0 0 0 0 0 1 0 0 0 20 5 0 0 0 0 0 0 11 0 0 43 12 0 1 0 0 0 10 19 2 0 45 12 0 26 12 32 8 31 12 0 0 0 2 0 0 1 0 0 0 0 0 1 0 0 14 0 1 0 1 0 0 0 0 0 0 2 0 0 0 0 0 1 0 22 0 67 0 0 0 0 0 0 0 0 6 7 1 2 4 0 19 0 0 0 0 0 0 0 0 0 0 0 0 0 0 0 0 0 0 0 0 0 0 0 0 0 14 0 0 0 0 0 0 0 0 0 0 0 0 
 560 326 550 213 83 28 0 126 365 349 644 110 328 358 217 227 122 142 66 44 198 0 0 173 0 0 0 3 0 0 3 3 2 0 0 48 0 0 0 1 0 0 2 2 0 4 0 3 0 2 0 0 0 2 0 0 0 0 26 3 0 0 0 6 0 0 0 0 2 0 2 0 1 3 0 0 0 0 2 0 35 41 49 50 16 10 0 28 12 33 18 16 0 0 25 33 11 0 0 2 0 0 0 0 0 0 0 0 0 0 0 0 0 0 2 0 0 0 0 0 11 0 0 0 0 0 0 0 0 0 0 0 0 1 0 0 0 11 0 0 0 0 0 0 0 15 0 0 2 0 0 16 0 1 0 0 0 0 0 0 9 18 14 13 17 14 48 39 19 0 13 1 35 1 0 0 0 21 24 14 0 0 0 0 0 0 0 0 0 0 0 0 4 1 0 0 0 0 0 0 0 0 0 0 0 0 0 0 0 0 0 0 0 0 0 0 0 0 0 0 0 0 0 0 0 0 0 0 0 0 0 0 0 0 0 0 0 0 1 0 0 0 0 0 0 2 93 1 1 57 0 8 6 0 0 0 0 0 0 0 0 0 0 0 0 0 0 0 0 0 0 0 0 0 0 0 0 0 0 0 0 0 0 0 0 0 0 0 0 0 
 99 166 197 365 61 19 126 0 255 261 50 37 215 227 33 30 40 109 348 203 0 2 2 0 0 0 0 3 0 0 5 2 2 0 0 0 0 0 0 7 0 0 2 3 2 3 0 3 0 6 0 2 0 0 0 0 0 0 0 3 0 0 0 0 0 0 0 32 0 3 0 0 0 3 0 0 0 0 2 0 42 10 15 0 0 0 36 4 42 14 0 0 19 15 13 10 18 10 32 67 0 0 0 0 0 0 0 0 0 0 0 0 0 0 11 0 0 0 0 0 0 0 0 0 0 0 0 0 0 6 0 0 0 0 0 14 0 0 12 0 0 0 0 0 0 0 0 0 0 0 0 0 14 0 0 0 0 0 0 0 12 8 23 0 0 0 0 29 1 0 0 0 10 13 19 16 15 0 11 9 0 0 0 0 0 0 0 0 0 0 0 0 0 0 19 0 0 0 0 0 0 0 0 0 0 4 0 0 0 0 0 0 0 0 0 0 0 0 0 0 0 0 0 0 0 0 0 0 11 0 0 0 0 0 0 0 3 0 0 0 0 0 0 0 0 0 0 0 2 0 0 13 0 0 0 0 0 0 0 0 0 0 0 0 0 0 0 0 0 0 0 0 0 0 0 10 13 0 0 0 0 0 0 0 0 0 0 0 0 1 
 182 275 227 118 372 50 365 255 0 141 40 43 168 308 270 286 235 47 203 111 0 0 0 0 0 2 0 3 0 0 3 2 3 0 0 0 2 0 0 2 0 0 3 1 0 3 0 3 0 2 0 0 0 2 0 0 0 0 0 3 1 0 0 0 0 0 0 47 1 0 3 0 7 3 0 0 0 0 35 0 0 10 30 48 0 3 0 21 0 67 2 11 37 0 39 16 12 45 9 16 0 0 0 0 0 0 0 0 0 2 0 0 0 0 16 0 1 18 0 0 2 0 0 1 0 0 0 0 0 16 0 0 0 0 0 0 0 0 1 0 10 23 0 0 0 0 0 0 0 0 0 0 4 0 0 0 0 0 13 0 0 19 0 3 0 15 42 26 56 0 0 21 0 1 0 19 20 22 26 11 0 0 0 0 0 17 0 0 0 0 0 0 0 0 0 0 0 0 0 0 0 0 0 0 0 0 0 0 0 0 0 0 0 0 14 8 0 0 2 0 0 0 0 10 0 0 0 0 10 0 0 0 0 0 0 0 0 0 0 0 0 0 0 0 0 0 2 0 0 2 0 0 1 0 0 0 0 0 0 0 0 0 0 0 0 0 0 0 0 0 0 0 0 0 0 32 11 0 0 0 0 0 0 0 0 0 0 0 0 0 
 82 102 166 440 177 39 349 261 141 0 127 44 233 293 189 255 155 239 98 190 0 0 0 0 0 0 71 3 0 78 3 1 75 0 0 0 0 0 0 1 0 0 3 0 0 3 0 5 0 2 2 0 0 0 64 0 0 0 0 2 3 0 2 0 0 0 0 0 3 0 32 0 0 2 0 0 0 3 3 0 30 31 2 33 21 0 27 18 14 13 26 15 0 0 0 35 44 34 0 17 0 0 0 0 0 0 1 0 0 0 0 0 0 1 0 0 0 0 15 0 0 0 0 0 0 0 0 0 0 0 0 0 0 0 0 0 0 0 0 0 0 0 0 0 0 0 0 8 0 0 0 0 13 0 0 0 0 0 0 0 0 0 32 33 32 47 2 0 8 9 17 1 0 18 19 1 10 2 0 0 0 0 0 0 0 0 0 0 0 0 0 0 10 11 0 0 0 0 1 12 0 0 0 0 0 22 0 0 0 0 0 0 0 0 0 0 0 0 0 0 0 0 0 0 0 0 0 0 0 0 0 0 0 0 0 0 0 0 0 0 0 7 0 0 0 2 91 0 1 171 0 11 0 0 0 0 0 0 0 0 0 0 11 0 0 0 0 0 0 0 0 0 0 0 0 11 12 0 0 0 0 0 0 0 0 0 0 0 0 0 
 353 142 52 149 259 140 644 50 40 127 0 77 582 37 180 70 203 266 28 188 1 0 0 0 0 0 0 3 0 0 3 2 75 0 0 0 0 0 73 1 0 0 2 2 0 3 0 3 0 9 0 0 0 0 63 0 0 3 0 3 10 0 0 0 0 0 0 0 10 11 0 11 0 3 0 0 0 10 4 1 27 20 0 25 23 0 2 23 9 15 0 27 0 0 10 15 9 0 0 0 15 0 0 0 0 0 14 0 9 0 2 0 24 2 22 0 0 1 95 14 0 0 0 0 0 0 0 0 0 2 2 0 20 0 0 0 0 0 0 0 0 0 0 0 0 0 0 0 0 2 0 0 0 0 0 0 0 0 22 0 4 0 28 0 8 2 4 2 0 38 32 33 0 11 9 0 0 12 0 0 0 0 0 0 0 0 11 0 0 0 0 0 10 16 10 0 10 0 29 15 0 0 0 0 0 0 0 0 0 0 0 0 0 0 12 0 0 0 11 0 1 0 0 0 0 0 0 0 0 0 0 0 0 0 0 0 0 0 0 0 0 1 0 0 0 1 1 0 3 89 0 11 15 1 0 0 0 0 0 0 0 0 0 0 0 0 14 0 0 0 0 0 0 0 0 0 0 0 0 0 0 0 0 0 0 0 0 0 0 0 
 29 108 110 66 226 339 110 37 43 44 77 0 51 41 44 466 171 76 118 36 0 0 0 0 0 0 0 3 74 0 3 0 3 0 74 78 0 0 155 122 0 0 2 3 0 5 0 3 0 5 0 0 0 6 3 0 1 0 0 14 0 0 0 0 0 0 0 0 0 0 0 0 16 3 0 0 0 0 2 0 0 70 14 0 32 26 0 11 15 26 31 33 0 0 0 18 0 35 0 0 0 45 0 1 0 0 9 0 0 45 22 0 1 10 11 0 0 0 28 14 2 0 0 0 0 0 0 0 0 0 0 0 0 0 19 0 0 0 0 0 9 0 2 0 0 0 0 0 10 0 0 0 0 0 0 0 0 0 0 0 0 0 0 18 18 4 0 32 0 14 21 22 0 0 0 20 2 15 0 0 0 11 0 0 0 0 0 13 0 0 0 0 0 14 15 0 23 0 13 18 0 0 0 0 0 0 0 0 0 0 0 0 0 0 0 16 0 0 13 0 0 0 16 0 0 0 0 0 0 0 0 0 0 0 0 0 0 0 0 0 0 0 0 0 0 0 105 0 46 4 0 9 0 0 0 0 0 0 0 0 0 0 0 0 0 1 0 0 0 0 0 0 0 0 0 0 1 11 0 0 0 0 0 0 0 0 0 0 0 0 
 133 255 376 123 188 275 328 215 168 233 582 51 0 277 652 119 318 52 301 125 0 0 0 1 0 0 0 3 0 0 3 2 2 2 0 0 0 0 0 2 0 0 3 1 0 3 0 3 0 2 0 0 0 0 0 0 0 0 0 3 0 0 0 0 0 0 0 0 0 1 51 0 0 3 0 0 26 0 2 0 20 22 18 33 6 0 27 25 2 49 0 0 19 0 12 29 1 15 0 14 0 0 0 0 0 0 0 0 0 0 0 0 0 0 0 0 0 0 0 0 0 0 0 0 0 0 0 19 0 0 0 0 0 0 0 0 0 0 0 0 0 0 0 0 0 0 10 0 0 0 0 0 4 0 0 0 0 0 0 0 9 15 0 2 18 15 26 4 34 0 0 0 1 0 11 0 19 0 41 26 0 0 0 0 0 0 0 0 0 0 0 0 0 0 0 0 0 0 0 0 0 0 0 0 0 0 0 0 0 0 0 0 0 0 0 0 0 0 0 0 0 0 0 0 0 0 0 0 14 0 0 5 0 0 0 0 0 0 0 0 0 0 0 0 0 0 1 0 1 6 0 12 0 0 0 0 0 0 0 0 0 0 0 0 0 0 0 0 0 0 0 0 1 0 0 18 0 0 0 0 0 0 0 0 0 0 0 0 0 0 
 245 155 89 183 99 275 358 227 308 293 37 41 277 0 99 248 43 49 117 264 2 0 0 0 0 0 0 3 110 0 3 1 2 1 0 0 0 0 5 2 0 0 3 0 0 3 0 3 0 2 0 0 0 0 0 0 0 0 0 3 3 0 0 0 0 0 0 40 68 5 0 0 0 2 0 0 0 0 3 0 17 14 49 26 0 0 30 4 1 68 6 0 23 0 39 1 9 13 1 36 0 2 0 0 0 0 0 1 0 0 0 0 0 0 0 0 0 0 2 0 0 0 0 0 0 0 0 0 0 0 0 11 0 0 0 0 0 0 0 0 1 2 0 0 0 0 0 0 0 0 0 0 7 0 0 0 0 0 0 0 12 22 2 0 1 0 30 12 15 0 0 0 19 0 13 0 30 15 21 20 0 6 0 0 2 0 0 0 0 0 0 0 0 0 0 0 0 0 0 0 0 0 0 0 0 0 0 0 0 0 0 13 0 0 0 0 0 0 0 0 0 0 0 0 15 2 0 0 5 12 2 1 0 0 0 0 0 0 0 0 0 0 0 0 0 1 0 1 1 0 0 21 0 0 0 0 0 0 0 0 0 0 0 0 0 0 0 0 0 0 0 0 0 0 0 16 0 0 0 0 0 0 0 0 0 0 0 0 0 0 
 40 115 243 164 166 38 217 33 270 189 180 44 652 99 0 220 269 224 76 196 0 0 0 2 0 0 2 3 2 0 3 1 2 0 0 0 0 0 0 1 0 2 2 2 0 3 0 6 0 2 0 0 0 1 0 0 0 0 0 3 0 0 0 0 0 0 0 0 0 0 42 0 0 3 0 0 0 0 2 0 62 30 10 59 15 1 10 9 9 59 25 0 11 0 23 49 48 37 13 13 0 1 0 0 0 0 23 0 0 0 0 0 10 0 0 0 0 0 0 0 0 0 1 0 0 0 0 0 0 0 0 0 0 0 0 0 1 0 0 0 0 0 0 0 0 0 0 0 0 0 0 0 0 0 0 0 0 0 0 0 13 22 49 36 47 14 19 5 18 70 46 0 0 32 20 0 2 0 0 33 22 0 0 0 0 0 0 0 0 0 0 0 12 22 0 0 0 0 0 0 0 0 0 2 0 0 0 0 0 0 0 2 0 0 0 0 0 0 0 0 0 0 0 0 0 0 0 2 0 0 0 0 0 0 0 0 0 0 0 13 0 0 0 0 0 0 12 0 0 96 0 20 3 0 0 0 0 0 0 0 0 0 0 0 0 0 0 0 0 0 0 0 0 2 0 0 28 0 0 0 0 0 0 0 0 0 0 0 0 0 
 329 390 175 536 300 171 227 30 286 255 70 466 119 248 220 0 360 233 38 158 0 0 0 78 2 1 3 5 0 2 3 2 3 0 0 0 0 0 0 2 0 0 2 2 0 3 0 3 0 2 0 0 0 0 133 0 0 0 0 3 0 0 0 0 0 0 3 0 0 0 32 0 7 3 0 0 0 0 2 0 36 22 1 27 29 4 41 29 1 18 21 11 17 0 1 20 23 40 0 23 0 0 0 0 0 0 15 0 0 0 0 0 6 0 0 12 0 0 13 50 2 0 2 0 19 0 0 2 0 0 0 8 0 0 0 0 0 0 0 0 39 0 0 0 0 0 0 0 0 0 0 0 0 0 0 0 0 0 0 0 0 1 20 42 24 2 0 10 0 20 18 23 0 24 19 19 9 19 0 0 0 34 0 0 0 0 0 0 0 0 0 0 14 0 0 0 0 0 12 11 0 0 0 1 0 0 0 0 0 0 0 0 0 0 0 0 0 0 0 0 0 0 0 0 0 0 1 0 0 0 0 0 0 0 0 0 0 0 0 0 0 0 0 0 0 2 3 1 2 88 0 23 1 0 0 0 0 0 0 0 0 0 12 0 0 0 0 0 0 0 0 0 0 0 0 0 13 13 0 0 0 0 0 0 0 0 0 0 0 0 
 54 130 309 54 57 164 122 40 235 155 203 171 318 43 269 360 0 185 40 94 0 0 0 0 0 0 0 3 0 0 3 1 2 0 0 0 0 1 0 1 0 0 2 3 0 3 80 3 0 3 0 0 0 0 0 0 0 0 0 3 0 0 51 0 0 0 0 0 0 0 34 28 4 3 0 0 0 0 2 0 34 35 14 19 27 16 0 3 19 16 39 17 0 2 21 94 19 44 34 9 0 0 0 0 0 0 13 0 9 0 0 0 17 0 0 0 0 0 0 17 10 0 0 0 0 0 0 0 0 0 0 0 0 0 0 0 0 0 0 0 0 0 0 0 0 0 0 0 0 0 0 0 0 0 0 0 0 0 0 0 0 1 17 12 26 10 34 25 10 12 34 33 0 3 22 8 17 53 1 18 0 0 0 0 0 0 10 0 0 0 0 0 26 0 0 0 0 0 9 11 0 0 0 22 0 0 0 0 0 0 0 0 0 0 0 0 0 0 0 0 0 0 0 0 0 0 0 0 0 0 0 0 0 0 0 0 0 0 0 0 0 17 0 0 0 0 88 1 4 92 0 9 1 0 0 0 0 0 0 0 0 0 1 0 0 0 0 0 0 0 0 0 0 0 0 0 15 0 0 0 0 0 0 0 0 0 0 0 0 0 
 34 210 340 144 105 132 142 109 47 239 266 76 52 49 224 233 185 0 35 48 0 0 0 0 0 0 3 4 1 3 6 4 103 2 0 76 0 0 0 74 2 2 4 2 0 8 4 4 1 5 2 2 0 2 2 2 1 2 73 3 1 0 0 0 0 0 0 49 1 0 0 0 1 3 0 3 0 2 2 0 0 19 0 0 14 2 0 0 0 8 17 1 1 0 13 9 36 2 17 0 16 16 0 0 0 0 0 0 10 0 0 0 19 12 11 0 0 0 11 24 0 0 0 0 1 0 0 0 0 0 0 2 0 0 0 0 0 0 0 0 5 0 0 0 0 0 0 0 0 0 2 17 0 0 0 0 0 0 0 0 0 0 0 28 49 1 0 30 0 23 43 16 0 2 0 17 38 33 0 0 1 2 0 0 0 0 48 0 0 0 0 0 10 9 0 0 0 0 16 38 0 0 0 0 0 20 0 2 0 0 7 0 0 1 0 0 0 0 0 0 0 1 0 1 0 0 0 0 0 2 0 0 0 23 0 0 0 0 0 0 0 1 0 0 0 6 88 3 0 11 15 1 4 0 0 0 0 0 2 0 0 1 0 0 0 0 0 2 0 0 0 0 0 0 0 11 23 26 0 0 0 0 0 0 0 0 0 0 0 0 
 99 64 44 173 72 62 66 348 203 98 28 118 301 117 76 38 40 35 0 307 0 0 0 0 0 0 0 3 84 0 5 1 2 0 33 0 0 2 0 1 0 2 2 2 0 3 0 3 0 2 0 0 0 0 0 0 0 0 0 3 0 0 0 0 0 0 0 0 0 0 27 0 0 3 0 0 0 0 2 0 29 0 18 2 0 0 61 0 3 5 1 0 22 74 0 0 10 10 8 70 0 0 0 1 0 0 0 0 0 0 0 0 0 0 0 0 0 0 0 0 0 0 0 0 0 0 0 0 0 0 0 0 0 0 0 0 0 0 0 0 0 0 0 0 0 0 0 0 0 0 0 0 10 0 0 0 0 0 0 0 14 0 1 0 0 0 0 17 0 0 0 0 17 0 19 16 23 0 0 9 0 0 0 0 0 0 0 0 0 0 0 0 0 0 0 0 0 0 0 0 0 0 0 0 0 0 0 0 0 0 0 0 0 0 0 0 0 0 12 0 0 0 0 0 0 0 0 0 17 0 0 5 0 0 0 0 0 0 0 0 0 0 0 0 0 0 0 1 0 0 1 4 0 0 0 0 0 0 0 0 0 0 0 0 0 0 0 0 0 0 0 0 0 0 0 17 0 0 0 0 0 0 0 0 0 0 0 0 0 0 
 129 58 73 74 91 280 44 203 111 190 188 36 125 264 196 158 94 48 307 0 0 0 0 0 2 0 1 3 1 202 3 2 2 3 0 0 0 0 0 2 0 0 21 3 0 3 3 3 3 3 0 0 0 3 0 3 1 0 55 3 5 0 2 0 2 0 0 55 0 47 33 1 0 3 2 1 0 1 2 0 0 0 17 17 0 0 6 0 0 0 9 0 23 29 16 19 3 8 23 20 0 0 0 0 0 0 0 0 0 0 0 0 0 0 0 0 0 0 0 0 17 0 0 0 0 0 0 0 0 0 0 0 0 0 0 0 0 0 0 0 0 0 0 0 0 0 0 0 0 0 0 0 0 0 0 0 0 0 0 0 1 0 19 0 0 0 19 1 20 0 15 0 10 31 40 4 0 18 3 0 0 0 0 0 0 17 0 0 0 0 18 0 0 0 0 0 0 0 0 0 0 0 0 0 0 0 0 0 0 0 0 0 0 0 0 0 0 0 0 0 0 0 0 0 0 0 11 23 0 0 0 0 0 0 0 0 0 0 0 0 0 0 0 0 0 2 3 3 2 2 0 3 0 0 0 0 0 0 0 0 0 0 0 0 0 0 0 0 0 0 0 0 0 0 0 0 0 0 0 0 0 0 0 0 0 0 0 0 0 0 
 4 0 1 0 9 0 198 0 0 0 1 0 0 2 0 0 0 0 0 0 0 158 82 254 316 36 161 419 65 115 39 124 220 189 187 35 77 40 164 323 0 3 0 0 0 11 0 0 0 63 5 0 0 1 0 0 1 3 63 0 52 52 5 0 3 3 3 0 4 2 1 0 58 0 0 0 0 0 0 0 0 0 0 0 0 25 0 0 0 0 0 11 0 0 0 0 0 0 0 0 15 40 44 10 0 18 13 37 11 2 0 42 0 0 35 23 15 16 0 8 0 0 0 0 0 0 0 0 0 0 0 0 40 0 0 0 0 0 10 44 0 15 0 0 0 0 0 0 0 0 4 2 0 15 0 0 0 0 0 2 0 0 0 0 0 0 0 0 1 0 0 0 0 0 0 0 0 0 0 0 22 41 4 20 0 34 12 47 32 29 50 14 15 27 7 33 20 32 0 14 0 0 0 0 0 0 10 0 0 0 0 0 12 0 0 0 0 0 13 0 0 2 0 0 11 0 0 0 0 0 0 0 0 0 0 0 0 0 0 1 0 0 0 0 0 0 1 0 0 0 0 0 0 0 17 0 2 2 0 2 2 12 0 0 0 0 0 0 0 0 0 0 0 0 0 0 0 0 0 7 0 26 0 0 0 0 0 0 0 0 
 3 0 0 0 0 75 0 2 0 0 0 0 0 0 0 0 0 0 0 0 158 0 354 83 47 273 122 103 485 274 101 190 256 43 214 160 266 79 333 132 1 3 0 0 0 8 0 0 0 0 4 0 62 8 0 0 0 3 63 2 0 0 0 18 1 3 0 0 0 43 0 0 3 0 1 0 0 0 0 0 0 2 1 1 0 21 0 0 0 0 0 22 0 0 0 0 0 0 0 0 12 0 63 28 0 1 25 1 29 26 0 20 0 8 1 43 13 36 9 8 0 0 0 0 0 0 18 0 0 0 0 0 18 21 0 0 0 0 0 25 0 0 0 0 0 0 0 0 0 0 1 0 0 0 0 0 0 0 0 1 0 0 0 7 0 0 0 0 7 0 0 0 0 0 0 0 0 0 8 0 1 29 16 27 1 18 19 32 15 37 3 38 0 20 0 43 12 13 0 1 0 0 0 0 0 0 10 0 0 0 0 0 19 20 0 17 0 0 0 19 0 0 0 0 36 0 0 0 0 1 0 0 0 0 0 0 0 0 0 0 0 0 0 0 0 0 0 0 0 0 0 0 0 0 7 0 0 0 0 1 0 1 0 0 0 0 16 0 0 0 0 0 0 0 0 0 0 0 0 18 0 0 0 0 0 14 10 0 0 0 
 0 0 1 0 0 146 0 2 0 0 0 0 0 0 0 0 0 0 0 0 82 354 0 169 56 34 160 253 173 362 268 42 229 143 53 403 189 60 71 192 2 3 0 0 0 2 8 0 0 0 1 0 1 62 0 6 0 3 8 62 0 0 3 0 2 3 0 0 0 2 0 1 3 0 0 0 0 1 0 41 0 0 1 0 18 0 0 0 0 0 0 0 0 0 0 1 0 0 0 0 13 25 23 35 0 2 3 4 0 11 14 0 19 17 41 13 22 13 23 15 0 19 3 0 0 0 20 0 0 0 0 0 8 10 0 0 0 0 0 26 0 0 0 0 0 0 0 0 0 0 10 0 0 0 0 0 0 0 0 1 7 0 0 0 0 19 0 0 0 0 0 0 0 0 0 0 26 0 2 0 17 28 50 34 1 0 42 12 14 39 68 18 0 0 9 0 40 11 17 33 0 0 0 0 0 0 1 0 1 1 0 0 0 20 0 1 0 0 15 10 0 0 0 0 0 0 0 0 0 0 0 0 0 0 0 0 0 0 0 0 0 0 0 0 0 0 0 0 0 0 0 0 0 0 2 2 0 0 82 2 0 15 0 0 0 0 0 0 0 0 0 0 0 0 0 1 0 0 0 0 0 17 0 0 0 0 0 0 0 0 
 0 0 0 0 0 0 173 0 0 0 0 0 1 0 2 78 0 0 0 0 254 83 169 0 96 40 116 345 97 164 349 355 67 328 81 274 207 124 278 70 0 3 0 0 2 2 63 64 0 0 2 0 0 0 0 1 2 3 31 150 2 2 0 0 4 5 3 5 0 2 0 2 4 2 0 0 0 2 0 0 0 0 0 0 0 0 0 2 0 0 0 0 0 0 0 0 0 0 0 0 1 0 20 10 11 24 0 1 0 0 85 14 0 1 1 23 62 0 0 0 0 0 0 0 0 0 46 0 0 0 0 0 0 18 4 0 2 0 34 27 0 0 0 0 0 0 0 0 1 0 0 0 0 0 0 0 0 0 0 0 0 0 0 0 0 0 1 0 0 0 0 0 0 0 0 0 1 0 7 0 0 1 33 0 37 28 0 1 0 26 25 44 0 0 0 8 0 0 16 0 1 0 6 0 0 0 0 18 8 0 0 0 18 0 0 24 4 0 0 11 0 0 0 2 0 0 0 0 0 0 0 0 0 1 0 0 0 0 0 0 0 0 0 0 0 1 0 0 0 0 0 0 0 0 10 1 2 48 0 2 1 0 0 0 0 0 14 0 0 0 0 0 0 0 0 0 0 0 0 0 0 0 0 0 0 0 9 0 0 0 
 0 1 1 0 6 0 0 0 0 0 0 0 0 0 0 2 0 0 0 2 316 47 56 96 0 133 39 74 91 432 162 144 72 323 148 311 124 189 102 88 64 64 0 0 0 3 1 124 0 0 0 0 62 0 0 0 0 3 145 54 0 1 0 0 2 3 4 1 0 2 0 0 3 0 0 0 0 0 0 0 0 0 0 0 0 0 0 0 0 0 0 0 0 0 0 0 0 0 0 0 0 0 0 0 35 0 0 0 0 0 0 19 0 0 0 0 0 59 0 0 36 16 31 0 0 0 21 0 12 0 0 24 0 0 11 0 0 15 25 10 0 0 0 0 0 0 0 0 0 0 0 0 0 0 9 0 11 14 1 0 0 11 0 2 0 0 9 0 0 21 0 0 0 9 0 0 0 0 0 2 0 2 0 17 0 5 0 0 7 12 11 0 2 0 0 2 16 53 0 0 1 0 35 18 0 0 23 9 17 0 1 14 0 60 59 17 0 20 40 37 0 0 0 0 0 0 0 0 0 0 0 0 0 0 0 0 0 0 2 0 0 0 22 0 0 0 0 0 0 0 0 0 0 0 5 0 0 140 82 23 2 1 0 0 0 15 0 0 0 0 0 0 0 0 0 0 0 0 0 0 0 0 0 0 0 0 0 0 0 0 
 0 0 0 0 0 1 0 0 2 0 0 0 0 0 0 1 0 0 0 0 36 273 34 40 133 0 35 47 284 693 296 232 48 59 52 71 128 169 251 265 186 64 29 63 0 2 69 52 62 2 0 0 129 0 0 0 0 3 64 62 0 0 0 0 55 3 0 1 0 2 1 0 4 0 0 0 0 69 0 0 0 0 0 0 0 0 0 0 0 0 6 0 0 0 0 0 0 0 0 0 0 0 0 0 13 3 0 0 9 16 0 0 0 0 0 4 0 15 2 0 3 28 11 0 0 0 9 1 8 0 25 0 51 9 39 19 27 43 0 14 0 0 0 0 0 0 0 0 4 0 0 0 0 0 2 0 32 9 0 0 0 3 1 0 0 0 5 0 0 4 2 0 0 5 1 0 0 0 0 0 0 0 11 14 18 10 0 0 0 18 0 0 0 0 0 22 0 0 0 0 2 0 15 21 1 0 44 1 0 0 29 13 35 43 3 0 1 11 1 47 0 17 0 0 0 0 0 0 0 0 0 2 0 0 0 0 0 0 0 0 0 0 0 0 0 0 0 0 0 0 0 0 0 10 4 0 10 6 4 11 9 0 0 0 0 11 0 0 0 0 0 0 0 0 0 0 0 0 0 10 0 0 0 0 0 15 0 0 0 0 
 0 0 0 66 2 92 0 0 0 71 0 0 0 0 2 3 0 3 0 1 161 122 160 116 39 35 0 205 246 43 124 46 181 440 311 28 103 60 131 124 0 3 0 0 0 8 0 0 0 0 23 0 0 11 0 0 0 3 0 2 0 50 8 0 2 3 3 0 0 2 0 0 56 0 0 0 0 2 0 0 2 1 0 0 4 12 0 0 0 0 0 0 0 0 0 0 0 0 0 25 35 0 30 24 0 10 32 16 0 27 0 19 0 29 14 2 22 107 1 6 0 0 0 0 0 0 0 0 0 0 0 0 4 0 0 0 0 0 0 15 0 14 0 0 0 0 0 0 0 0 10 0 0 1 0 0 0 0 0 2 0 0 0 0 0 18 0 0 6 3 0 7 0 0 0 0 0 0 0 11 28 10 20 22 0 0 30 11 11 27 21 57 8 29 7 17 24 28 0 1 0 0 0 0 0 13 1 0 0 0 0 0 0 0 0 0 0 0 1 1 0 0 0 0 0 0 0 0 0 0 0 0 0 0 0 0 0 0 0 0 0 0 0 0 0 0 0 0 0 0 0 0 0 0 8 0 0 0 0 0 0 12 0 0 0 0 0 0 0 0 0 2 0 0 0 10 0 0 0 0 0 14 0 0 0 0 0 0 0 0 
 3 4 3 3 3 78 3 3 3 3 3 3 3 3 3 5 3 4 3 3 419 103 253 345 74 47 205 0 130 293 192 186 387 297 94 464 55 202 130 123 0 3 0 0 0 2 0 0 0 0 2 0 2 0 77 0 0 5 0 0 0 5 0 0 3 3 5 0 1 2 1 0 3 44 0 0 0 0 0 0 0 0 0 0 0 0 0 0 0 0 0 0 0 0 0 0 13 0 0 0 10 20 27 28 1 8 3 3 9 36 23 23 18 5 15 9 11 23 0 10 0 0 0 0 0 0 0 0 0 0 0 0 59 0 0 0 0 0 0 37 0 0 0 0 0 0 0 0 0 0 17 0 0 0 0 0 0 0 0 6 0 0 0 0 1 0 0 0 3 0 1 16 0 0 0 0 0 0 0 2 0 32 42 16 7 12 18 19 21 39 38 4 0 0 8 0 39 0 0 13 0 0 0 0 0 0 10 0 0 0 0 0 20 1 0 0 0 0 0 0 0 0 0 0 0 0 0 0 0 0 0 1 0 0 0 0 0 0 0 0 0 0 0 0 0 3 0 0 0 0 0 0 0 16 4 0 2 76 0 0 1 12 0 0 0 1 0 0 0 0 0 0 0 0 0 0 0 0 0 11 0 11 0 0 0 0 0 0 0 0 
 0 0 0 0 0 184 0 0 0 0 0 74 0 110 2 0 0 1 84 1 65 485 173 97 91 284 246 130 0 112 40 250 193 137 126 188 46 361 408 284 0 3 2 3 0 11 0 4 2 0 8 0 4 45 0 0 2 3 0 8 0 0 0 0 10 5 2 0 0 2 5 0 3 1 0 0 0 0 0 2 0 0 0 0 0 23 0 0 0 0 0 10 0 0 0 5 0 1 0 0 19 19 20 0 0 0 17 42 0 1 10 0 14 8 37 6 11 21 9 17 0 0 0 0 0 0 0 0 0 0 0 0 0 0 0 0 2 0 0 0 0 0 0 0 0 0 0 0 0 0 0 0 0 0 0 0 0 0 0 0 0 0 0 9 0 1 1 0 0 1 0 33 0 0 0 0 0 0 0 0 16 27 21 0 0 0 2 25 30 1 0 46 27 23 15 0 15 16 19 12 0 0 0 0 0 0 0 0 0 0 0 0 0 0 0 14 0 0 0 0 0 0 0 2 0 0 0 0 11 0 0 0 0 0 0 0 0 0 0 0 0 0 0 0 0 0 0 0 0 0 0 1 2 0 6 0 0 81 0 2 16 0 0 0 0 0 0 0 0 0 0 0 0 0 0 0 0 0 0 0 0 0 0 0 0 0 0 0 0 0 
 0 0 0 0 72 0 0 0 0 78 0 0 0 0 0 2 0 3 0 202 115 274 362 164 432 693 43 293 112 0 103 337 309 174 161 436 58 170 103 99 0 5 0 0 0 3 0 0 0 0 0 0 55 0 0 0 0 3 81 0 1 50 0 0 1 3 0 0 0 2 0 0 54 0 0 0 0 0 0 0 0 0 0 0 0 0 0 0 5 0 0 0 0 0 0 0 0 0 0 0 11 0 30 44 7 16 0 2 28 22 1 48 0 0 8 23 11 23 0 0 12 0 12 0 2 0 36 0 0 0 2 0 10 40 0 0 0 0 10 10 0 2 0 0 0 0 0 0 0 0 4 0 0 0 0 0 0 0 0 7 0 0 0 0 0 0 0 0 0 1 0 0 0 0 0 0 0 0 3 0 7 21 9 51 9 29 20 16 12 18 21 49 0 0 6 41 14 22 0 26 0 0 25 1 32 0 0 0 11 0 0 0 0 0 12 11 0 0 8 19 0 0 0 0 0 0 0 0 0 0 2 0 0 0 0 0 0 0 0 0 0 0 14 0 0 0 0 0 0 0 0 0 0 0 23 0 0 0 79 2 1 15 0 0 0 0 34 0 0 0 0 0 0 0 0 0 1 0 0 0 0 12 0 0 0 0 13 0 0 0 
 3 3 3 3 3 3 3 5 3 3 3 3 3 3 3 3 3 6 5 3 39 101 268 349 162 296 124 192 40 103 0 298 265 131 68 547 116 127 28 292 2 3 0 0 209 2 2 0 0 1 6 0 93 0 0 1 0 3 62 62 2 1 3 0 7 4 5 6 2 4 2 2 4 2 0 0 0 3 0 2 0 0 1 0 0 4 0 0 0 0 0 0 0 0 0 1 0 0 0 8 13 13 1 4 25 40 30 9 0 23 29 0 0 10 0 32 17 19 17 0 0 0 1 0 0 0 15 6 0 0 0 0 21 0 8 0 1 0 6 0 0 2 0 0 1 0 0 0 0 0 0 0 0 0 0 0 0 0 0 0 0 0 0 0 0 0 0 0 8 0 0 0 0 1 0 0 0 0 0 0 1 0 20 15 47 21 18 0 10 18 42 20 0 0 0 1 0 0 0 0 21 0 21 0 0 0 0 12 11 0 0 0 15 1 0 1 9 0 9 9 0 0 0 0 0 0 0 0 0 0 0 0 0 0 0 0 0 0 0 0 0 0 0 0 0 0 0 0 1 0 0 0 0 0 6 0 2 87 1 2 2 2 0 0 0 0 0 0 0 0 0 0 0 0 0 0 0 0 0 0 0 19 0 0 0 0 0 0 0 0 
 1 1 1 1 5 2 3 2 2 1 2 0 2 1 1 2 1 4 1 2 124 190 42 355 144 232 46 186 250 337 298 0 32 135 325 268 58 402 57 59 0 3 0 0 0 2 0 64 0 0 0 0 29 1 0 0 0 3 34 0 0 54 2 37 3 3 4 2 1 2 1 1 58 0 1 0 10 0 0 3 0 0 0 0 0 0 0 0 13 0 0 0 2 0 0 0 0 0 0 19 12 0 16 27 9 19 0 0 17 0 0 83 0 0 33 21 0 0 0 0 0 1 0 0 1 0 46 0 0 0 0 0 21 6 0 0 0 0 21 49 0 4 0 0 0 0 0 1 0 0 18 0 0 0 0 0 0 34 0 3 0 0 0 12 0 0 0 0 0 4 0 0 0 2 0 0 0 0 0 0 8 3 16 30 11 18 12 0 1 34 58 6 0 15 7 30 15 9 0 0 10 0 15 8 0 0 12 34 0 0 0 13 33 1 15 9 22 0 14 10 0 0 0 0 0 0 0 0 0 12 0 0 0 0 0 0 0 0 0 0 0 0 0 0 0 0 1 0 0 0 0 0 0 0 8 0 0 0 1 1 1 12 0 0 0 0 8 0 0 0 0 0 0 0 0 0 0 0 0 4 0 20 0 0 0 0 11 0 0 12 
 2 2 3 2 89 2 2 2 3 75 75 3 2 2 2 3 2 103 2 2 220 256 229 67 72 48 181 387 193 309 265 32 0 82 229 119 42 44 160 89 0 3 2 2 0 4 0 2 0 0 2 0 1 1 0 0 0 3 0 0 7 0 0 0 2 3 0 0 0 2 0 0 9 0 0 0 0 10 0 0 0 0 0 0 0 1 0 0 0 0 19 0 0 0 0 2 16 0 0 0 26 0 48 23 0 0 32 37 35 1 0 16 13 41 44 23 14 23 24 29 1 0 0 0 0 0 0 0 0 0 0 0 2 0 0 0 0 0 0 0 0 0 0 0 0 0 0 0 0 0 0 0 0 0 0 0 0 0 0 0 0 0 0 10 13 0 0 0 8 16 13 29 0 0 0 0 14 25 0 0 1 30 14 0 0 0 31 18 0 1 20 0 12 0 3 0 1 7 11 43 0 0 0 0 0 22 1 0 0 0 0 0 6 0 0 2 0 0 0 0 0 0 0 0 0 0 0 0 0 0 0 0 0 0 0 0 0 0 0 0 0 0 0 0 0 0 75 0 0 45 0 0 0 0 17 0 0 0 0 1 16 1 0 0 0 0 0 0 0 0 0 0 0 0 0 9 0 0 0 0 0 0 0 0 0 0 0 0 0 0 
 0 0 2 0 26 74 0 0 0 0 0 0 2 1 0 0 0 2 0 3 189 43 143 328 323 59 440 297 137 174 131 135 82 0 166 355 118 162 329 82 0 3 0 0 0 2 0 0 0 0 9 0 0 0 0 0 0 3 0 0 6 0 0 0 3 3 32 0 0 2 0 44 3 47 0 0 0 0 0 0 0 0 0 0 0 0 0 0 0 0 0 0 0 0 0 0 0 0 0 0 4 13 9 23 8 17 11 25 0 6 8 0 0 2 40 12 0 35 0 0 0 0 0 0 0 0 0 0 0 0 0 0 10 0 0 0 0 0 13 40 0 0 30 0 0 0 0 0 0 0 30 0 0 0 0 0 0 0 0 5 0 0 0 0 1 0 0 0 0 0 0 21 0 0 0 29 11 0 9 0 3 14 46 39 8 65 6 0 48 32 47 28 10 15 10 13 23 39 36 0 0 0 0 0 0 0 0 0 0 0 0 0 0 0 0 0 0 0 12 0 0 0 0 0 0 0 0 0 0 0 14 4 0 0 0 0 0 0 0 0 0 0 0 0 0 1 0 0 0 0 0 0 0 0 7 0 2 88 0 2 0 10 0 0 0 0 0 0 0 0 0 0 0 0 0 0 0 0 0 0 0 24 0 0 0 0 0 0 0 0 
 2 1 0 0 0 2 0 0 0 0 0 74 0 0 0 0 0 0 33 0 187 214 53 81 148 52 311 94 126 161 68 325 229 166 0 76 128 270 292 271 0 3 0 0 0 8 0 0 0 0 11 2 0 65 0 0 0 3 64 0 0 0 0 0 10 3 0 0 0 2 1 0 3 0 0 0 0 0 0 0 0 0 0 0 0 25 0 0 0 0 0 27 0 0 0 0 0 0 0 0 2 47 39 1 0 9 30 23 10 0 0 10 0 1 31 11 18 49 9 24 0 0 0 0 0 0 0 0 0 0 0 0 11 0 0 0 0 0 4 11 9 0 0 0 0 0 0 0 0 0 0 0 0 0 0 0 0 0 0 0 0 0 0 9 0 0 0 0 0 0 18 1 0 0 0 0 0 0 0 0 10 28 1 17 0 15 2 60 15 16 19 18 9 37 2 25 0 26 0 22 0 0 0 0 0 0 10 2 0 0 0 0 11 0 0 0 0 0 15 0 0 0 0 0 0 0 2 0 0 0 0 0 0 0 9 0 0 0 0 0 0 0 0 0 0 0 0 0 0 0 0 0 0 0 16 0 5 3 0 0 21 0 0 0 0 0 0 0 0 0 0 0 0 0 0 0 0 0 0 8 0 20 0 0 0 0 0 0 0 2 
 0 0 1 0 35 0 48 0 0 0 0 78 0 0 0 0 0 76 0 0 35 160 403 274 311 71 28 464 188 436 547 268 119 355 76 0 301 49 337 291 0 208 0 0 0 3 0 0 0 0 0 0 63 62 0 2 0 3 61 62 0 0 0 0 3 3 0 0 0 2 1 0 3 0 0 0 0 0 0 0 0 0 0 0 0 0 0 1 0 0 7 0 0 0 0 0 0 0 0 0 2 0 20 25 0 15 0 1 77 16 14 11 0 2 11 32 12 0 0 0 0 19 3 1 0 0 34 0 0 0 0 0 42 27 0 0 1 0 0 48 0 0 0 0 0 0 0 0 0 0 15 19 0 0 0 0 0 0 0 1 7 0 0 0 0 0 1 0 0 0 0 0 0 0 0 0 24 0 2 0 0 9 36 19 14 9 44 0 0 45 54 10 0 0 8 20 27 0 1 0 16 0 2 0 0 0 10 12 0 0 0 0 22 38 0 11 10 0 0 43 0 0 0 1 0 0 0 0 0 0 0 0 0 2 0 0 0 0 0 0 0 0 0 0 0 1 2 0 0 0 0 0 0 0 23 2 0 0 80 1 1 13 0 0 0 0 17 0 0 0 0 0 0 0 0 0 0 0 0 9 0 0 0 0 0 18 15 0 0 0 
 0 0 0 0 0 0 0 0 2 0 0 0 0 0 0 0 0 0 0 0 77 266 189 207 124 128 103 55 46 58 116 58 42 118 128 301 0 124 136 37 0 3 124 0 0 7 0 0 0 0 10 59 19 2 0 0 0 3 63 53 0 0 0 51 3 2 0 0 2 2 1 0 3 0 0 0 0 0 2 0 0 0 0 0 0 16 0 7 0 0 0 1 0 0 0 0 0 0 0 0 0 16 20 1 0 29 10 23 0 13 14 0 0 0 1 9 0 8 17 0 0 0 0 0 0 0 0 0 0 0 0 0 0 0 0 0 0 0 9 32 0 0 0 0 0 0 9 0 30 0 0 0 0 0 0 0 0 0 0 0 12 0 0 29 0 0 0 0 0 0 2 0 0 0 0 0 8 0 4 1 10 44 25 13 0 33 1 18 44 38 15 32 1 11 0 51 23 9 0 0 0 0 0 0 0 0 0 0 1 0 0 0 0 22 0 0 4 0 21 23 0 0 0 0 0 0 0 0 0 0 0 1 0 0 0 0 0 0 1 0 0 0 0 0 0 0 0 0 0 0 0 0 0 0 11 0 2 1 0 0 2 0 0 0 0 0 2 0 0 0 0 0 0 0 0 0 0 0 0 0 0 12 0 0 0 22 0 0 0 0 
 2 0 0 0 0 0 0 0 0 0 0 0 0 0 0 0 1 0 2 0 40 79 60 124 189 169 60 202 361 170 127 402 44 162 270 49 124 0 276 41 60 3 0 0 0 2 61 0 0 3 0 0 65 0 20 13 0 3 12 9 4 2 0 0 3 3 4 0 1 2 1 0 4 0 0 0 0 0 0 0 0 0 0 0 0 0 1 0 0 0 0 0 0 0 0 1 0 0 0 0 0 0 0 0 0 7 21 6 9 62 14 22 0 0 12 5 0 27 0 1 2 0 11 0 0 0 19 0 0 0 0 0 42 15 0 0 0 0 9 17 0 0 0 0 0 0 0 0 7 0 0 0 0 0 0 2 0 1 0 0 15 2 0 0 0 0 0 0 0 14 0 0 0 0 0 0 0 0 3 0 0 0 31 53 6 25 0 0 14 34 10 43 0 0 0 27 8 40 0 0 0 0 0 0 1 0 9 1 11 0 0 0 19 40 3 0 0 0 9 36 0 0 0 0 0 26 2 0 0 0 0 0 1 0 0 2 0 0 0 0 0 0 0 0 0 1 0 0 0 0 0 0 0 0 7 0 2 118 6 4 0 3 0 0 0 0 0 0 0 0 0 0 0 0 0 0 0 0 0 23 0 0 0 0 0 14 0 0 0 0 
 0 0 73 0 16 52 0 0 0 0 73 155 0 5 0 0 0 0 0 0 164 333 71 278 102 251 131 130 408 103 28 57 160 329 292 337 136 276 0 328 0 3 0 0 0 75 0 0 0 0 0 0 0 7 0 0 0 3 0 19 0 0 0 0 3 3 0 0 0 2 0 0 3 0 0 0 0 0 0 0 0 0 0 0 9 41 0 1 0 9 0 11 0 0 0 0 0 0 0 0 1 17 8 5 7 0 13 6 15 4 0 0 0 2 65 15 0 8 12 11 0 0 1 0 0 0 0 0 0 0 0 9 0 0 0 0 0 0 0 22 0 0 0 0 0 1 0 0 0 0 20 0 0 0 0 0 0 0 0 1 0 0 0 0 5 15 0 0 0 13 0 0 1 1 0 0 0 0 0 0 47 31 19 21 0 0 22 17 10 24 17 62 10 11 36 4 37 0 0 10 0 0 2 0 0 0 0 0 0 0 0 0 0 0 0 17 0 0 0 0 0 0 0 1 0 0 0 3 0 0 7 0 0 2 0 0 0 0 0 0 0 0 0 0 0 0 0 0 73 0 0 0 0 0 11 0 1 29 0 0 22 15 0 0 0 0 0 0 0 0 0 0 0 0 0 0 0 0 0 0 0 1 0 0 0 0 0 0 0 0 
 1 3 1 77 75 82 1 7 2 1 1 122 2 2 1 2 1 74 1 2 323 132 192 70 88 265 124 123 284 99 292 59 89 82 271 291 37 41 328 0 0 3 0 0 0 2 0 0 0 0 0 1 1 0 1 0 6 4 0 0 0 2 8 5 2 3 2 2 2 4 2 2 3 0 2 2 0 0 0 0 0 0 14 0 25 21 0 0 18 0 15 12 0 0 0 0 0 10 0 1 0 13 10 14 0 0 0 1 5 20 0 12 9 19 0 0 9 12 16 14 0 23 0 0 0 0 0 0 0 0 0 0 0 0 18 2 0 0 0 0 3 0 0 0 0 0 0 0 0 0 0 0 2 0 0 0 0 0 20 0 0 0 0 0 0 48 0 0 0 0 22 0 0 0 0 0 1 0 1 0 9 9 40 0 0 0 1 25 11 0 15 0 0 41 12 0 0 0 34 16 0 2 0 1 0 0 0 0 0 0 0 0 0 0 0 0 0 0 0 1 0 0 0 0 0 0 0 0 0 0 0 0 0 0 0 0 0 0 0 0 0 0 0 0 0 0 1 0 0 0 0 0 0 0 2 0 0 0 2 2 3 0 0 0 0 0 0 0 62 0 0 0 0 0 0 0 0 12 0 0 0 0 0 0 0 0 0 0 0 0 
 0 0 0 0 0 0 0 0 0 0 0 0 0 0 0 0 0 2 0 0 0 1 2 0 64 186 0 0 0 0 2 0 0 0 0 0 0 60 0 0 0 159 139 101 267 147 226 264 123 37 35 59 111 126 54 40 91 29 63 268 0 2 0 0 8 0 0 3 0 51 2 0 0 0 0 3 0 0 0 0 0 0 0 0 0 0 0 0 0 0 0 0 0 0 0 0 0 0 0 0 0 0 0 0 7 0 0 0 0 0 0 0 0 0 0 0 0 5 0 0 10 11 6 0 0 0 7 0 6 20 18 54 2 18 0 24 41 8 0 0 26 0 0 8 7 0 15 0 2 0 0 0 1 0 0 0 4 11 0 0 0 3 0 0 0 0 3 0 0 2 0 0 0 1 0 0 11 0 0 0 0 0 0 0 0 7 0 0 0 0 0 0 0 0 0 0 0 0 0 0 0 14 19 26 0 5 15 9 27 1 0 0 13 9 10 0 0 35 0 0 0 0 0 0 8 0 8 0 0 0 0 6 0 0 0 0 0 0 0 1 0 0 0 0 0 0 0 0 0 0 0 2 0 0 0 0 0 60 0 12 0 0 0 0 2 15 0 0 0 0 0 0 0 0 0 0 0 0 0 0 0 0 0 0 11 13 0 0 1 0 
 34 0 0 0 3 0 0 0 0 0 0 0 0 0 2 0 0 2 2 0 3 3 3 3 64 64 3 3 3 5 3 3 3 3 3 208 3 3 3 3 159 0 185 75 43 382 60 173 172 45 291 60 469 137 119 147 97 101 65 289 9 1 0 4 0 1 0 2 0 0 1 0 0 0 0 95 0 0 0 0 0 0 0 0 0 0 0 0 0 0 0 15 0 0 0 0 0 0 0 0 0 0 0 0 5 0 0 0 0 0 0 0 0 0 0 0 0 0 0 0 18 25 2 0 10 4 0 46 33 19 0 18 0 9 14 0 24 30 0 0 64 0 0 5 0 0 31 3 0 0 0 0 0 0 25 0 2 0 0 0 0 0 0 0 0 0 0 0 0 0 0 0 0 0 0 1 0 0 0 0 0 0 0 0 0 6 0 0 0 0 0 0 0 0 0 0 0 0 0 0 23 28 0 0 34 29 9 12 5 8 11 0 13 8 16 18 0 19 1 12 0 22 0 0 0 0 15 0 0 0 0 0 0 0 0 0 0 0 0 10 0 0 0 0 0 0 0 0 0 0 0 2 0 0 0 0 0 60 0 0 0 0 0 0 0 2 2 0 0 0 0 0 0 0 0 0 0 0 0 0 0 0 0 0 0 28 0 0 0 0 
 3 3 3 3 3 3 2 2 3 3 2 2 3 3 2 2 2 4 2 21 0 0 0 0 0 29 0 0 2 0 0 0 2 0 0 0 124 0 0 0 139 185 0 547 74 119 185 136 220 611 44 321 141 322 312 346 81 90 97 144 0 1 0 22 52 0 0 4 0 2 2 0 0 0 0 2 0 1 0 0 0 0 0 0 0 0 0 14 0 0 0 0 0 0 0 0 0 0 0 0 0 0 0 0 0 0 0 0 0 0 0 0 0 0 0 0 0 0 0 0 0 0 11 9 0 0 0 17 9 2 4 0 8 0 10 12 14 25 12 7 0 0 0 0 0 0 31 0 21 0 0 0 0 14 7 10 0 0 0 0 8 0 0 0 0 0 0 0 0 0 0 0 0 0 0 4 0 0 0 10 0 0 0 0 0 1 0 0 0 0 0 0 0 0 0 0 12 0 0 0 22 48 8 20 35 0 18 8 14 15 27 8 8 7 18 43 7 4 21 0 0 13 0 0 0 0 0 0 0 0 0 0 0 8 0 1 0 0 0 0 0 0 0 0 0 0 0 0 0 0 0 9 0 0 0 0 0 0 0 1 0 0 1 0 0 2 4 0 2 1 37 0 0 0 0 0 0 0 0 0 0 0 0 0 0 32 0 0 0 0 
 3 0 1 1 1 1 2 3 1 0 2 3 1 0 2 2 3 2 2 3 0 0 0 0 0 63 0 0 3 0 0 0 2 0 0 0 0 0 0 0 101 75 547 0 110 37 291 90 161 322 288 337 361 200 74 112 104 118 77 152 0 0 0 0 0 0 49 2 0 0 1 0 0 0 0 0 0 0 0 0 0 0 0 0 0 0 0 0 0 0 7 0 0 0 0 0 0 0 0 0 0 0 0 0 0 0 0 1 0 0 0 0 0 0 0 15 0 0 0 0 9 29 16 0 21 10 0 21 15 35 28 31 0 27 0 25 8 0 0 0 0 0 11 0 0 0 19 12 39 0 0 11 0 10 0 10 0 0 19 0 0 0 0 0 1 0 0 0 0 0 0 0 0 0 0 3 0 0 0 5 0 0 0 0 0 0 0 0 0 0 0 0 0 0 0 0 0 0 0 0 10 11 9 23 0 1 0 9 2 0 52 36 0 0 12 0 15 0 0 0 11 0 5 0 0 0 1 0 0 0 0 0 17 40 0 0 15 1 13 1 0 0 10 0 0 0 0 0 0 0 0 11 0 0 0 0 0 0 0 13 0 0 0 65 0 2 2 65 2 0 0 0 0 0 0 0 0 0 0 0 0 0 0 0 19 0 0 0 0 15 
 0 0 0 0 2 0 0 2 0 0 0 0 0 0 0 0 0 0 0 0 0 0 0 2 0 0 0 0 0 0 209 0 0 0 0 0 0 0 0 0 267 43 74 110 0 158 49 135 101 172 180 144 101 131 143 131 180 166 293 77 9 0 43 4 0 1 124 2 0 50 0 0 0 0 1 0 0 0 0 0 0 0 0 0 0 0 0 0 0 0 0 0 0 0 0 0 0 0 0 0 0 0 0 0 0 0 0 0 0 0 0 0 0 0 0 0 0 0 0 0 0 16 6 11 0 1 0 14 4 71 57 0 0 0 0 2 6 0 0 0 18 0 0 0 0 0 1 10 16 0 19 3 0 1 2 0 0 0 7 0 0 0 0 0 0 0 0 0 0 0 0 0 0 0 0 4 0 0 0 3 0 0 0 0 0 0 0 0 0 0 0 0 0 0 0 0 0 0 0 0 0 13 0 0 21 0 0 0 1 12 15 1 15 0 15 0 0 0 0 0 16 0 20 2 0 0 10 12 0 0 23 20 17 24 9 0 59 0 12 14 0 0 0 0 0 0 0 0 0 0 0 6 0 0 0 0 0 0 0 1 0 0 1 63 0 2 0 0 4 3 0 0 0 0 0 0 0 0 0 0 0 0 0 0 12 21 0 0 0 0 
 3 3 3 3 5 7 4 3 3 3 3 5 3 3 3 3 3 8 3 3 11 8 2 2 3 2 8 2 11 3 2 2 4 2 8 3 7 2 75 2 147 382 119 37 158 0 100 51 214 62 212 55 32 69 151 360 98 324 62 271 0 0 0 0 0 0 4 0 0 0 1 0 0 0 0 0 0 0 0 54 0 0 0 0 0 9 0 0 0 0 0 0 0 19 0 0 0 0 0 0 0 7 10 0 0 0 0 0 0 13 0 0 0 0 0 0 0 8 0 0 0 19 0 21 18 11 0 35 28 8 23 2 0 0 0 23 29 13 5 0 14 0 1 0 0 0 43 1 1 18 1 11 15 9 44 0 0 14 0 2 0 0 0 0 0 0 0 0 0 0 0 0 0 0 0 0 0 0 0 4 9 17 0 0 0 5 0 30 7 0 0 3 0 24 0 10 31 0 0 0 2 8 9 0 8 7 0 21 11 10 0 0 0 0 0 9 13 18 0 0 15 27 1 0 0 0 26 18 0 0 2 23 0 21 100 0 20 0 10 52 0 0 0 0 0 0 0 0 0 0 0 0 0 0 0 0 0 0 0 1 0 0 3 1 0 6 2 5 0 0 0 0 0 0 0 0 0 0 0 0 0 0 0 0 15 0 0 0 2 0 
 0 0 0 0 0 0 0 0 0 0 0 0 0 0 0 0 80 4 0 3 0 0 8 63 1 69 0 0 0 0 2 0 0 0 0 0 0 61 0 0 226 60 185 291 49 100 0 169 51 253 262 34 335 65 24 376 21 49 51 63 0 1 0 2 23 1 0 2 0 0 2 0 2 3 0 0 0 0 4 0 24 8 0 0 0 0 0 0 6 0 0 0 0 0 0 0 0 0 0 0 0 0 0 0 0 0 0 0 0 0 18 0 0 0 0 11 0 20 0 0 15 0 14 19 7 0 19 43 1 2 13 17 0 1 4 64 19 24 21 0 4 5 7 0 0 0 0 0 8 0 0 0 0 0 29 0 0 0 5 7 0 5 0 0 0 0 6 0 0 1 0 0 0 3 0 0 0 0 0 0 0 0 0 0 0 0 0 0 0 0 0 19 0 0 0 0 0 0 0 0 40 20 0 7 43 0 20 6 0 31 10 2 39 19 1 0 9 19 1 0 0 0 0 0 0 0 1 4 0 0 0 0 0 0 0 0 9 0 1 0 0 0 0 0 0 0 0 1 0 18 0 12 2 2 0 0 1 4 0 11 0 0 0 0 0 16 1 0 0 0 0 0 0 0 0 0 0 0 0 0 0 0 0 0 1 22 0 0 2 0 
 3 3 3 3 3 3 3 3 3 5 3 3 3 3 6 3 3 4 3 3 0 0 0 64 124 52 0 0 4 0 0 64 2 0 0 0 0 0 0 0 264 173 136 90 135 51 169 0 216 31 312 38 223 133 169 313 73 35 204 414 0 0 2 0 54 0 0 1 0 0 2 0 0 0 0 0 0 0 0 27 0 0 0 0 0 0 0 0 0 0 0 0 0 0 0 0 0 0 0 0 0 0 0 0 12 20 0 0 0 0 0 4 0 0 0 0 0 0 0 1 1 0 10 20 0 0 16 1 0 0 58 4 20 0 79 32 26 7 12 1 0 0 0 1 0 0 8 0 0 0 0 6 0 0 0 0 0 10 0 0 0 10 0 2 0 0 6 0 0 10 0 0 0 9 0 0 0 0 0 0 0 0 0 6 0 8 0 0 0 6 0 0 0 0 0 0 0 0 0 0 0 1 37 19 1 0 18 0 0 3 1 11 13 26 0 14 14 13 0 0 0 0 0 0 0 0 0 0 0 0 0 0 0 0 15 0 0 0 9 1 0 0 0 0 0 0 0 0 0 0 0 2 0 0 0 0 0 63 0 11 0 0 1 0 0 10 3 0 1 0 1 0 0 0 0 0 0 0 0 0 0 0 0 0 13 9 0 0 1 0 
 0 0 0 0 3 33 0 0 0 0 0 0 0 0 0 0 0 1 0 3 0 0 0 0 0 62 0 0 2 0 0 0 0 0 0 0 0 0 0 0 123 172 220 161 101 214 51 216 0 83 266 47 128 117 242 295 81 156 65 78 3 0 0 0 24 8 0 0 0 0 8 4 0 0 9 0 0 0 0 4 0 0 0 0 0 0 0 0 0 0 0 0 0 0 0 0 0 12 0 0 0 0 0 0 1 0 0 0 0 0 0 0 0 0 0 0 0 0 0 0 1 39 1 9 0 24 0 76 18 19 10 8 0 0 3 23 38 21 0 0 7 20 16 0 0 0 41 0 5 15 0 19 0 23 2 8 0 8 0 0 0 0 0 0 0 0 0 0 5 0 0 0 0 0 0 0 0 0 0 6 0 0 0 0 0 0 0 0 0 0 0 0 0 0 0 0 0 0 0 0 20 41 13 32 47 9 13 5 34 30 0 0 16 0 1 14 6 24 0 0 0 15 0 0 0 1 9 0 0 0 1 0 0 19 20 12 25 10 0 22 0 0 0 0 0 0 0 0 0 0 0 0 0 0 0 0 0 0 0 1 0 0 0 0 1 2 7 0 0 0 0 0 0 0 0 15 0 0 0 0 0 0 0 0 11 15 0 0 0 0 
 5 2 2 2 3 2 2 6 2 2 9 5 2 2 2 2 3 5 2 3 63 0 0 0 0 2 0 0 0 0 1 0 0 0 0 0 0 3 0 0 37 45 611 322 172 62 253 31 83 0 189 264 305 322 141 281 127 36 53 64 0 1 0 1 0 0 6 2 3 3 2 0 3 3 0 51 4 0 1 0 0 0 4 0 0 0 0 0 0 0 2 0 0 0 0 0 0 0 0 0 0 0 0 0 1 0 0 0 0 0 0 0 0 0 0 0 0 0 0 0 6 0 21 41 0 1 0 58 0 39 13 11 0 4 0 28 3 21 9 0 0 0 12 0 0 0 0 22 5 0 0 0 0 15 13 0 0 0 10 0 0 0 0 0 0 0 0 0 0 0 0 0 0 0 0 5 0 0 0 0 0 0 0 8 6 0 0 0 0 0 0 0 0 0 0 0 0 0 0 0 37 14 5 27 20 0 0 6 0 16 39 13 2 0 2 19 7 0 0 0 0 0 12 0 0 0 13 0 0 0 0 0 21 34 11 0 7 0 11 0 0 0 3 0 0 0 0 0 0 0 0 5 2 0 0 0 0 0 0 2 0 0 0 5 0 2 2 2 0 0 14 0 0 0 0 0 0 0 0 0 0 0 2 0 0 0 0 0 0 0 
 7 0 0 0 0 0 0 0 0 2 0 0 0 0 0 0 0 2 0 0 5 4 1 2 0 0 23 2 8 0 6 0 2 9 11 0 10 0 0 0 35 291 44 288 180 212 262 312 266 189 0 166 251 118 112 106 222 273 33 67 55 0 0 6 0 0 136 2 0 1 0 0 0 52 0 0 0 0 0 0 0 7 0 0 0 1 0 0 0 0 0 0 0 0 0 0 0 0 0 0 0 8 7 7 0 11 6 7 0 0 2 0 0 0 0 0 0 1 0 0 0 10 0 49 0 7 0 10 8 10 20 0 0 0 0 1 6 0 0 0 20 0 12 0 0 0 2 19 0 0 0 1 7 0 0 28 0 0 18 0 0 0 10 0 1 0 0 0 0 0 6 0 0 0 0 0 0 0 32 0 1 0 1 0 0 8 0 0 4 0 23 1 0 6 0 10 0 0 0 0 0 12 30 35 10 6 0 0 0 9 16 4 10 0 13 0 1 0 0 0 9 10 20 0 0 0 12 13 7 10 0 0 46 15 26 0 17 0 37 9 0 0 0 0 0 0 0 0 0 0 0 0 1 0 0 0 0 0 0 2 0 27 0 71 66 3 2 0 0 0 0 0 0 0 0 0 0 0 0 0 0 6 0 0 11 10 0 12 0 0 
 0 0 0 1 0 0 0 2 0 0 0 0 0 0 0 0 0 2 0 0 0 0 0 0 0 0 0 0 0 0 0 0 0 0 2 0 59 0 0 1 59 60 321 337 144 55 34 38 47 264 166 0 46 334 35 36 181 276 250 252 4 0 0 81 0 0 101 1 0 1 0 0 0 50 0 0 0 0 0 0 0 0 0 0 0 0 0 6 0 0 0 0 0 0 0 0 0 0 0 0 0 0 0 0 0 10 0 0 0 0 0 0 0 0 0 0 0 0 0 0 0 10 0 16 0 29 0 10 8 10 12 0 0 0 0 0 0 0 0 0 12 0 0 5 0 0 0 21 0 0 0 0 7 0 0 0 0 0 24 0 0 0 0 0 0 0 0 0 3 0 0 0 0 0 0 0 0 0 0 0 0 0 0 0 0 0 0 0 0 0 0 0 0 0 0 0 0 0 0 0 0 18 0 3 14 1 0 0 0 29 17 50 10 0 25 0 11 0 0 0 14 8 10 0 0 0 24 14 7 0 0 0 25 10 25 0 20 0 3 1 0 0 0 0 0 66 0 0 0 0 0 0 0 0 1 0 0 0 1 2 0 29 65 3 63 0 2 0 0 0 0 0 0 0 0 0 0 0 0 0 0 2 0 0 0 11 0 4 0 0 
 0 0 0 0 2 0 0 0 0 0 0 0 0 0 0 0 0 0 0 0 0 62 1 0 62 129 0 2 4 55 93 29 1 0 0 63 19 65 0 1 111 469 141 361 101 32 335 223 128 305 251 46 0 153 33 100 33 248 129 114 2 7 5 0 0 4 7 7 2 0 1 3 7 0 2 1 5 5 0 11 0 0 0 0 0 0 0 0 0 0 0 0 0 0 0 0 0 0 0 0 0 0 1 1 27 14 0 0 0 33 0 9 0 0 0 7 0 0 0 0 0 0 11 0 0 0 6 10 0 10 0 0 20 2 0 2 11 7 7 0 0 0 0 0 0 5 2 1 12 6 4 2 6 3 0 0 14 15 0 0 1 0 0 3 0 10 15 0 0 5 5 0 0 5 0 0 1 0 0 0 0 1 14 2 0 1 0 1 0 19 0 0 0 0 0 18 0 0 0 1 11 9 30 32 0 2 16 0 5 0 11 13 9 28 24 12 16 0 27 23 6 21 9 7 6 0 0 0 9 10 34 4 2 17 5 0 0 2 0 1 0 0 0 0 0 0 0 0 0 0 0 11 0 2 0 0 0 0 0 2 0 0 2 0 0 6 3 0 2 0 52 0 0 0 0 0 1 0 0 0 0 0 0 0 0 12 0 0 2 0 
 2 0 1 0 0 4 2 0 2 0 0 6 0 0 1 0 0 2 0 3 1 8 62 0 0 0 11 0 45 0 0 1 1 0 65 62 2 0 7 0 126 137 322 200 131 69 65 133 117 322 118 334 153 0 166 332 91 66 315 170 2 51 2 21 2 0 0 0 0 0 1 0 0 0 0 0 0 0 0 5 0 0 0 0 0 14 0 0 0 0 0 8 0 0 0 0 0 0 0 0 0 0 2 4 0 12 0 0 0 9 0 12 0 0 4 0 0 9 0 1 9 43 27 15 9 0 0 9 15 27 10 0 0 6 0 0 7 0 12 0 9 0 0 0 0 0 10 0 0 0 0 0 0 0 0 0 0 0 0 0 4 0 0 9 0 0 0 0 0 0 0 1 0 0 0 0 5 0 0 0 7 10 0 0 0 0 0 12 9 6 0 4 0 1 6 6 26 0 0 0 11 9 0 9 0 0 0 1 8 0 15 64 0 0 56 12 18 0 19 3 0 0 0 0 0 0 0 0 0 0 0 0 1 9 0 17 0 0 0 0 0 0 0 0 0 0 0 0 0 0 0 3 0 1 0 0 0 0 22 1 0 0 2 0 0 0 2 0 0 0 12 0 0 0 0 0 0 0 0 0 0 0 0 0 6 0 0 0 0 0 
 0 63 0 37 2 1 0 0 0 64 63 3 0 0 0 133 0 2 0 0 0 0 0 0 0 0 0 77 0 0 0 0 0 0 0 0 0 20 0 1 54 119 312 74 143 151 24 169 242 141 112 35 33 166 0 123 184 94 75 117 3 0 0 4 0 0 0 0 0 0 2 0 0 0 0 0 0 0 0 0 0 20 0 21 0 0 0 17 0 0 0 0 0 0 0 0 0 0 0 0 0 0 0 0 0 0 0 0 0 0 0 0 10 0 0 0 0 0 13 0 0 15 9 27 0 0 0 0 0 43 9 19 0 0 0 10 26 0 0 0 26 0 11 0 3 0 9 0 0 10 0 3 0 9 0 0 0 11 0 0 0 0 0 0 0 0 0 0 0 0 0 8 0 0 0 0 0 0 0 0 0 0 0 0 0 0 0 0 0 0 0 0 0 0 0 0 0 0 10 0 0 0 9 0 0 12 0 10 0 0 5 11 0 0 11 0 9 7 0 0 0 0 0 0 0 0 25 0 0 0 0 0 18 0 9 0 0 0 10 13 0 0 0 0 0 0 0 0 0 0 0 2 0 8 0 0 0 0 0 0 0 0 0 0 2 0 2 1 0 0 0 0 0 0 0 0 11 0 0 0 0 0 0 0 7 14 0 0 0 12 
 0 3 0 0 0 0 0 0 0 0 0 0 0 0 0 0 0 2 0 3 0 0 6 1 0 0 0 0 0 0 1 0 0 0 0 2 0 13 0 0 40 147 346 112 131 360 376 313 295 281 106 36 100 332 123 0 67 117 73 79 12 0 0 3 0 0 0 0 0 0 0 0 0 0 0 0 0 0 0 0 0 0 0 0 0 0 0 0 0 0 0 0 0 0 0 0 0 0 0 0 0 0 0 1 1 0 0 0 0 0 0 0 0 0 0 0 3 0 0 0 20 11 18 48 29 13 5 41 14 48 11 11 6 1 0 35 19 21 0 12 9 0 0 0 0 0 4 0 0 0 0 5 0 0 0 0 0 0 0 0 0 0 0 0 0 0 0 0 0 0 0 0 0 0 0 0 0 0 0 0 0 0 0 0 0 0 0 0 0 0 0 0 0 0 0 0 4 29 0 0 14 22 22 11 24 0 1 11 13 28 48 20 12 3 9 1 15 10 3 1 0 1 23 0 0 0 0 0 0 0 0 0 0 12 0 0 0 0 0 8 0 0 0 0 0 0 0 0 0 0 0 3 0 0 0 0 0 0 3 2 0 0 0 0 0 1 2 0 2 0 0 0 0 0 0 0 0 0 0 0 0 0 0 0 10 12 0 0 2 0 
 3 0 0 61 0 0 0 0 0 0 0 1 0 0 0 0 0 1 0 1 1 0 0 2 0 0 0 0 2 0 0 0 0 0 0 0 0 0 0 6 91 97 81 104 180 98 21 73 81 127 222 181 33 91 184 67 0 154 26 36 10 11 9 4 0 0 57 1 0 0 1 0 5 0 0 0 9 0 0 6 0 0 0 0 0 0 0 0 0 0 0 0 0 0 0 0 0 0 0 0 0 0 0 0 0 0 0 0 0 0 0 0 0 0 0 0 0 0 0 0 0 22 8 32 0 36 0 0 25 17 25 14 0 0 0 0 19 0 0 0 20 0 12 5 0 32 29 5 7 18 2 2 7 9 0 0 32 0 15 0 0 0 0 0 0 0 0 0 0 0 0 0 0 0 0 0 0 0 0 0 0 0 0 0 0 0 0 0 0 0 0 0 0 0 0 0 0 0 0 0 0 0 0 0 9 12 0 4 0 22 11 30 0 0 11 0 0 9 0 0 18 8 31 36 6 0 39 16 12 8 8 4 14 26 51 0 14 0 9 10 0 0 0 0 0 0 0 0 0 0 0 3 0 0 0 0 0 0 0 1 0 0 3 29 0 1 0 0 0 0 8 0 0 0 0 0 0 0 0 0 0 0 0 0 1 15 0 0 0 0 
 0 0 0 0 3 0 0 0 0 0 3 0 0 0 0 0 0 2 0 0 3 3 3 3 3 3 3 5 3 3 3 3 3 3 3 3 3 3 3 4 29 101 90 118 166 324 49 35 156 36 273 276 248 66 94 117 154 0 32 39 10 0 0 10 0 4 49 2 0 1 9 21 0 56 8 0 0 0 0 2 0 0 0 0 0 0 0 0 0 0 0 0 8 0 0 0 0 0 0 0 0 0 0 0 0 0 0 0 0 0 0 0 0 0 0 0 0 0 0 0 0 5 21 11 0 23 0 0 15 6 18 0 0 0 8 0 13 0 0 0 17 0 0 5 0 0 18 2 22 20 0 23 1 30 7 5 0 23 3 0 0 0 0 0 0 0 0 0 0 0 0 0 0 0 0 6 0 0 0 53 0 0 9 0 0 0 0 0 0 0 0 0 0 0 0 0 0 0 0 0 0 14 1 26 21 0 0 0 0 25 9 39 0 0 15 14 0 0 0 0 13 20 0 0 0 0 13 14 11 0 0 0 14 1 33 16 31 9 58 0 0 0 0 0 0 0 0 0 0 0 0 4 0 0 0 0 0 0 0 13 0 0 8 0 7 0 21 2 0 0 0 0 0 0 0 7 0 0 0 0 0 0 0 0 0 0 0 11 0 0 
 0 0 0 37 0 0 26 0 0 0 0 0 0 0 0 0 0 73 0 55 63 63 8 31 145 64 0 0 0 81 62 34 0 0 64 61 63 12 0 0 63 65 97 77 293 62 51 204 65 53 33 250 129 315 75 73 26 32 0 134 0 2 0 2 3 0 0 0 0 0 0 0 0 3 0 6 0 0 0 0 0 0 0 0 0 0 0 0 0 0 0 0 0 0 0 0 0 0 0 0 0 0 1 29 37 0 0 0 32 0 0 11 0 0 0 34 8 0 0 0 10 0 4 0 0 0 110 0 0 0 0 6 10 1 12 0 0 0 27 22 0 0 0 0 0 0 0 0 0 0 0 12 0 0 1 0 0 19 0 0 0 0 0 6 0 0 1 0 0 6 0 0 0 4 0 0 0 0 0 0 0 4 0 22 13 14 0 3 8 1 0 0 0 0 0 25 0 50 0 0 0 0 30 20 0 0 16 8 6 1 10 15 19 11 32 24 15 10 79 4 0 0 0 0 0 0 0 0 0 0 0 0 0 0 0 0 0 0 0 0 0 0 0 0 0 0 0 0 0 0 0 0 0 0 0 0 0 31 6 0 0 0 0 0 0 1 0 0 0 0 9 0 0 0 0 0 0 0 0 0 0 0 0 0 0 0 0 0 2 0 
 3 3 3 68 3 11 3 3 3 2 3 14 3 3 3 3 3 3 3 3 0 2 62 150 54 62 2 0 8 0 62 0 0 0 0 62 53 9 19 0 268 289 144 152 77 271 63 414 78 64 67 252 114 170 117 79 36 39 134 0 0 1 0 0 24 0 0 0 0 0 0 0 0 0 0 0 0 0 0 0 0 0 0 0 0 7 0 0 0 0 5 0 9 0 0 0 0 0 0 0 0 0 0 0 25 1 0 0 0 11 6 0 0 5 5 0 0 2 0 0 0 0 2 0 0 0 11 35 0 19 7 0 0 0 16 13 0 0 0 6 0 0 0 0 0 0 0 0 0 0 0 0 0 0 0 0 0 1 0 0 2 0 0 0 39 0 0 0 0 0 0 7 0 0 0 0 4 0 5 0 3 6 0 1 0 39 0 7 2 0 8 10 0 0 5 6 43 0 0 0 2 15 13 46 21 0 13 1 0 30 14 0 15 0 0 33 0 7 0 0 0 0 0 0 0 0 0 0 0 0 0 0 0 19 0 0 0 0 0 0 0 0 0 0 0 0 7 0 0 0 0 8 0 2 0 0 0 23 0 2 0 0 2 0 0 2 1 0 1 0 15 0 0 0 0 0 0 0 0 0 0 0 0 0 0 15 0 0 0 0 
 1 4 1 1 1 1 0 0 1 3 10 0 0 3 0 0 0 1 0 5 52 0 0 2 0 0 0 0 0 1 2 0 7 6 0 0 0 4 0 0 0 9 0 0 9 0 0 0 3 0 55 4 2 2 3 12 10 10 0 0 0 238 97 78 42 151 87 69 141 265 85 296 37 483 337 71 295 121 106 131 0 0 0 0 0 0 0 0 0 0 0 0 0 0 0 0 0 0 0 0 0 0 3 0 0 0 0 0 0 0 0 0 0 0 0 0 0 0 0 0 0 10 6 14 0 0 0 3 22 9 0 0 0 0 0 0 0 0 0 0 14 9 41 0 0 0 8 0 22 9 0 10 0 26 0 14 1 13 3 0 0 0 0 0 3 0 0 0 6 0 3 0 0 0 0 0 0 0 0 0 0 0 0 0 0 0 0 0 0 0 0 0 0 0 0 0 0 0 0 0 0 1 0 0 2 8 0 0 0 1 9 5 2 0 3 0 0 0 0 0 8 0 8 0 21 1 9 22 0 11 0 18 0 9 10 13 26 10 0 7 13 0 0 0 0 0 0 0 0 0 0 0 0 1 0 0 0 0 0 1 3 0 0 0 0 0 7 3 0 0 18 0 0 10 7 9 0 0 0 0 0 3 0 0 0 3 0 0 0 0 
