 0 144 335 138 25 99 199 53 140 114 31 53 367 232 139 314 116 48 118 219 0 0 2 0 0 0 2 0 0 1 0 77 2 0 0 0 0 0 0 1 3 0 3 3 0 4 4 0 0 0 2 0 0 0 2 0 5 0 3 0 0 0 0 0 0 0 0 0 0 0 2 0 0 7 0 0 0 0 0 3 0 0 29 29 28 33 7 0 10 0 4 0 0 6 26 17 10 0 21 1 0 0 0 0 1 0 0 0 0 0 0 0 0 0 0 0 0 0 3 16 0 0 0 0 0 0 1 2 0 0 0 0 0 0 0 0 0 0 0 22 0 0 0 0 0 0 2 0 0 1 0 0 0 0 0 0 0 0 0 3 7 13 0 37 0 7 67 0 10 19 32 0 0 9 0 16 1 20 19 19 0 10 0 0 0 0 11 0 0 0 0 0 1 0 0 0 0 0 2 1 0 0 0 0 0 0 0 0 0 0 0 0 0 0 0 0 0 0 2 0 0 0 0 0 0 0 0 0 3 0 0 0 0 0 0 0 0 0 0 0 0 22 0 0 0 2 1 1 0 88 0 4 0 0 0 0 0 0 0 0 0 0 0 0 0 117 0 0 0 0 0 0 0 0 0 0 7 0 0 0 0 0 0 0 0 0 0 0 0 0 
 144 0 371 270 136 138 116 87 323 222 212 119 37 42 222 154 317 32 66 57 3 3 2 3 0 1 6 2 2 0 3 3 2 1 0 2 208 3 3 0 2 2 3 3 2 7 0 1 0 0 2 2 3 0 5 0 2 2 5 0 3 2 2 0 1 3 3 0 0 1 33 1 0 2 70 0 0 0 1 2 11 12 38 34 28 16 0 12 23 14 29 29 0 9 16 22 2 38 0 11 16 1 0 0 0 0 0 0 0 0 0 0 2 10 22 0 0 0 25 13 0 0 0 1 0 0 0 0 0 0 0 0 0 0 0 0 0 0 0 0 0 0 0 0 0 6 0 0 0 0 0 0 0 11 0 0 6 0 0 0 2 66 38 9 33 0 12 0 52 34 21 10 0 2 29 0 17 16 0 29 9 1 0 0 0 0 10 0 0 0 0 0 40 2 0 0 0 16 0 0 1 0 1 0 0 0 0 5 12 0 0 0 0 0 0 2 0 0 0 0 0 0 0 0 0 0 0 0 0 0 0 0 0 0 0 0 0 0 0 0 0 16 0 0 0 0 1 1 2 90 9 8 16 0 0 0 0 0 0 0 0 0 20 0 0 0 0 0 0 0 0 0 0 0 0 19 0 18 0 0 0 0 0 0 0 0 0 0 0 0 
 335 371 0 112 57 214 370 298 220 149 61 122 296 273 117 323 50 60 126 37 3 0 1 0 0 0 2 0 0 0 0 3 93 80 0 0 0 0 77 0 2 0 3 3 0 7 0 0 0 27 2 0 0 0 3 0 7 0 3 0 0 0 0 0 1 0 0 0 0 0 2 0 0 0 0 0 0 0 0 2 0 19 13 15 19 21 0 2 18 45 26 19 0 6 18 15 0 5 0 22 4 0 0 0 6 0 0 0 0 0 0 0 0 0 31 1 0 0 12 24 0 0 0 0 0 0 0 0 0 0 0 0 0 0 0 0 0 0 0 0 0 2 0 0 8 0 0 0 7 0 0 0 0 0 0 0 0 0 0 0 19 59 0 21 1 18 0 5 12 11 32 5 0 2 0 5 84 0 0 0 0 0 0 0 0 0 11 24 1 0 0 0 14 24 0 5 0 0 30 1 0 0 0 0 0 0 0 0 14 0 0 0 0 0 0 2 0 0 0 0 0 0 0 0 0 0 0 0 0 0 0 0 0 0 0 15 0 0 0 0 0 18 0 0 0 0 0 0 2 48 12 2 0 0 0 0 0 0 0 0 0 0 0 2 0 0 0 0 0 0 0 0 0 0 0 0 0 0 0 0 0 0 0 0 0 0 0 0 0 0 
 138 270 112 0 232 24 86 243 154 239 453 61 161 207 263 137 140 194 153 398 0 0 1 0 0 0 82 0 0 0 0 3 2 0 0 0 0 0 1 1 2 0 3 3 0 5 0 4 0 0 2 0 18 0 3 0 5 0 3 0 0 0 0 0 52 3 0 0 0 0 2 0 0 0 0 0 0 0 0 2 0 0 21 30 2 18 10 0 10 0 57 0 11 5 9 66 40 0 0 15 10 0 0 0 1 0 0 0 33 0 0 0 79 19 0 0 0 0 4 15 0 0 11 0 0 0 2 1 0 0 0 0 0 0 0 0 2 0 0 0 0 0 0 0 0 6 1 7 0 2 0 0 0 8 0 7 7 0 0 0 10 0 22 15 14 20 18 8 0 0 34 12 22 22 0 32 21 5 0 16 28 1 0 0 0 0 27 9 34 14 0 0 2 0 0 0 0 0 24 76 0 0 0 0 0 0 0 0 0 0 0 0 0 10 0 0 0 2 0 0 0 0 0 0 0 0 0 0 0 0 0 0 0 0 0 0 0 0 0 0 0 0 0 0 0 2 52 2 0 11 1 4 0 0 0 0 0 0 0 0 3 0 0 0 0 0 0 0 0 0 0 0 0 0 0 22 0 0 0 0 0 0 0 0 0 0 0 0 0 0 
 25 136 57 232 0 65 65 82 96 85 161 166 341 82 89 90 138 142 83 218 1 26 2 2 0 0 43 0 78 12 2 3 80 0 1 2 3 60 0 9 33 0 68 3 0 2 0 1 0 0 2 0 0 0 3 0 0 0 3 5 0 0 0 0 3 0 3 0 0 0 3 0 0 0 2 0 0 0 0 2 0 0 24 20 0 0 2 0 11 0 14 10 0 0 11 0 12 0 0 0 17 16 20 37 42 0 17 1 32 0 1 14 28 15 7 0 0 0 49 0 0 0 0 0 1 0 0 0 0 0 0 0 0 0 0 0 0 2 0 0 0 0 0 0 0 20 0 0 0 0 0 0 0 6 0 0 3 2 0 0 0 0 15 15 33 12 11 0 1 10 31 12 0 10 0 0 0 0 0 0 21 11 0 18 0 0 9 10 13 1 0 0 0 6 27 1 17 0 0 15 0 0 0 0 0 0 0 0 0 0 0 0 0 0 0 0 27 0 0 0 1 0 0 0 0 0 0 0 0 0 0 0 0 0 0 0 0 0 0 0 0 0 0 0 0 4 2 0 0 87 0 6 0 0 0 0 0 0 0 0 0 0 0 0 0 0 0 0 0 0 0 0 0 0 0 13 7 0 0 0 0 0 0 0 0 0 0 0 0 0 
 99 138 214 24 65 0 36 42 130 282 183 158 39 38 81 84 141 134 58 150 114 0 0 0 0 0 7 78 0 0 0 3 2 109 37 0 0 0 78 0 2 0 3 3 0 3 5 0 0 0 2 0 0 0 3 0 4 61 3 0 0 0 0 3 1 0 1 0 0 0 3 0 0 0 0 0 0 0 0 2 0 14 22 0 51 29 0 0 0 35 28 17 0 0 19 0 20 0 0 0 25 32 0 1 0 11 13 14 0 0 27 0 10 43 23 0 2 15 13 29 0 0 0 0 0 0 0 0 0 0 0 0 0 0 0 0 0 0 0 0 0 0 0 0 0 1 0 0 0 0 0 0 0 2 0 0 0 0 0 0 16 41 10 13 23 26 0 14 10 10 23 23 0 14 0 1 13 0 0 0 16 0 0 16 0 0 29 1 0 11 0 0 8 14 50 17 6 0 14 10 0 0 0 0 0 0 0 0 0 0 0 2 1 0 0 0 0 0 0 0 0 0 0 0 0 0 0 0 0 0 0 0 1 0 0 0 0 0 0 1 0 19 0 0 0 4 1 4 87 6 0 5 0 2 0 0 0 0 0 0 0 0 0 0 0 0 0 0 0 0 0 0 0 0 0 0 11 17 0 0 0 0 0 0 0 2 1 0 0 0 
 199 116 370 86 65 36 0 459 353 25 33 42 351 537 219 36 133 33 94 110 0 2 2 3 1 1 3 3 0 0 0 3 2 0 1 0 0 72 0 4 2 0 3 6 2 6 0 0 0 1 5 0 3 0 3 3 0 0 35 0 0 0 3 0 0 8 1 0 1 0 3 0 0 3 0 0 0 0 0 2 12 0 21 95 42 0 10 13 21 0 0 31 19 21 18 11 0 0 1 0 0 0 0 0 0 0 8 0 0 0 0 0 0 0 0 0 0 0 0 0 2 0 0 0 0 0 0 0 0 0 0 0 2 0 0 0 0 0 0 17 2 0 18 0 0 0 0 3 0 0 0 0 0 0 0 0 1 2 2 3 0 0 0 22 0 23 25 0 0 19 14 0 27 9 19 0 0 0 30 20 0 0 1 0 0 0 0 0 0 0 0 0 0 0 0 0 2 2 0 0 0 0 0 0 28 0 0 0 0 0 0 0 0 0 0 0 0 0 0 0 0 2 0 0 0 0 0 1 0 0 0 0 0 0 0 0 0 0 0 0 0 0 0 0 0 4 0 2 5 88 0 7 0 0 2 0 0 0 0 0 0 0 0 0 0 0 0 0 0 0 0 0 0 0 0 0 7 0 0 0 0 0 0 0 0 0 0 0 0 0 
 53 87 298 243 82 42 459 0 60 239 116 27 170 99 161 465 56 118 98 239 0 0 1 2 0 0 3 22 2 2 0 5 2 0 0 0 0 0 0 4 2 0 3 3 2 6 0 6 0 3 5 0 21 0 3 0 5 0 9 0 0 0 3 0 3 3 3 0 0 0 3 0 0 31 0 0 0 1 0 2 10 19 10 31 1 15 22 14 25 1 9 0 28 21 25 30 36 29 37 15 0 0 0 1 0 0 0 0 0 0 0 0 9 0 0 0 0 0 17 1 0 0 0 0 1 0 0 0 0 1 0 0 0 19 0 0 0 2 0 0 0 0 0 0 0 0 0 4 0 0 0 1 0 0 0 0 0 6 0 0 34 0 11 52 0 0 24 12 9 0 3 0 32 33 14 50 21 13 0 16 0 0 0 7 0 0 0 0 0 0 0 0 0 0 0 0 0 0 11 11 0 0 0 0 13 0 0 0 0 0 0 0 0 0 0 0 0 0 0 0 0 0 0 0 0 0 0 0 0 0 0 0 0 0 0 0 0 0 0 0 0 0 0 0 0 0 47 0 0 0 2 10 0 0 0 0 0 0 0 0 0 0 0 0 0 0 0 0 0 0 0 0 0 0 6 0 0 0 0 0 0 0 0 5 0 0 0 0 0 0 
 140 323 220 154 96 130 353 60 0 126 154 46 64 199 256 171 450 36 82 295 0 2 1 0 0 0 3 0 0 0 0 3 2 0 0 45 0 0 0 0 77 66 3 3 0 2 3 0 0 0 2 0 0 0 3 0 5 0 3 50 1 0 0 0 3 0 3 0 0 0 3 0 0 0 2 0 0 1 0 2 8 25 12 17 9 17 0 8 22 20 35 49 0 7 55 20 14 13 0 1 18 1 0 0 0 0 0 0 0 0 0 0 14 16 20 0 0 0 30 11 0 0 0 0 0 0 0 0 0 0 0 0 0 0 0 0 0 0 0 0 0 0 0 0 0 3 0 0 0 0 0 0 0 2 0 0 0 0 0 0 28 60 31 15 17 28 0 39 26 10 37 7 0 14 8 0 0 0 0 0 0 0 0 0 0 0 2 1 0 0 0 0 26 0 0 0 0 0 31 0 0 0 0 0 0 0 0 11 10 0 0 0 0 0 0 0 0 0 19 0 0 0 0 0 0 0 0 0 0 0 0 19 0 0 0 0 0 0 0 0 0 19 9 0 0 0 0 0 1 1 4 6 17 0 0 0 0 0 0 0 74 0 1 0 0 0 0 0 0 0 0 0 0 0 0 19 0 20 0 0 0 0 0 0 0 0 0 0 0 0 
 114 222 149 239 85 282 25 239 126 0 544 43 47 81 359 384 153 226 78 428 73 0 1 0 0 0 2 0 0 0 0 5 78 35 0 0 0 0 35 0 3 112 3 4 0 5 11 0 0 0 2 0 0 0 2 0 2 0 3 0 0 0 0 0 1 0 0 0 0 0 2 0 0 0 0 0 1 0 0 3 0 0 19 35 70 36 0 0 0 0 32 15 0 0 0 26 31 0 0 9 14 7 0 0 0 0 0 0 0 0 7 0 24 19 10 0 0 0 28 14 0 0 0 0 0 0 0 0 0 0 0 0 0 0 0 0 0 0 0 0 0 0 0 0 0 3 0 0 0 0 0 0 0 3 0 0 15 0 0 0 0 0 6 1 13 0 15 0 0 0 21 21 1 13 0 12 34 5 0 14 29 0 0 0 0 0 0 20 1 0 0 0 6 10 7 14 0 0 49 32 0 0 0 0 0 0 0 0 0 0 6 0 0 0 0 0 0 0 0 0 0 0 0 0 0 0 0 0 0 0 0 0 0 0 0 0 0 0 0 0 0 0 0 0 0 0 92 0 90 3 0 2 0 0 0 0 0 0 0 0 0 0 0 0 0 0 0 0 0 0 0 0 0 0 0 11 0 0 0 0 0 0 0 0 0 0 0 0 0 0 
 31 212 61 453 161 183 33 116 154 544 0 378 274 37 73 171 92 214 38 83 0 0 0 2 0 0 3 76 0 0 0 3 2 156 0 0 2 1 75 73 2 0 3 3 0 3 0 8 0 0 2 0 6 0 3 0 11 2 3 0 5 0 0 0 32 0 2 0 0 0 3 0 0 0 4 0 0 0 0 2 0 39 8 39 1 11 0 0 13 15 18 4 0 0 0 19 17 44 0 24 1 0 0 0 0 0 0 1 0 0 0 0 10 0 7 0 0 0 44 1 0 0 0 0 4 0 0 0 0 0 0 0 0 0 0 0 0 0 0 0 0 0 0 0 0 2 0 0 13 0 2 0 0 2 0 0 3 0 0 0 0 19 0 0 10 0 16 1 7 9 0 6 20 12 0 9 53 0 0 38 6 7 0 0 2 0 0 11 0 0 0 0 8 18 0 1 0 0 18 14 0 0 0 0 0 0 0 7 0 0 2 0 0 0 0 0 0 0 0 0 0 3 0 0 0 0 0 0 0 0 0 0 0 0 0 0 0 0 0 0 0 0 0 0 0 0 130 2 2 2 11 3 13 0 0 0 0 0 0 0 0 0 0 0 0 0 0 0 0 1 0 0 0 0 0 11 0 1 0 0 0 0 0 0 0 0 0 0 0 0 
 53 119 122 61 166 158 42 27 46 43 378 0 25 54 124 248 168 283 43 61 73 0 0 0 0 1 138 0 0 0 1 4 76 101 0 1 0 4 2 0 2 0 3 3 3 4 0 0 0 15 2 3 0 0 6 0 3 0 3 0 0 2 0 0 4 0 3 0 0 0 3 2 0 1 0 0 0 0 0 2 7 66 10 0 0 16 0 0 0 19 67 57 0 0 0 0 32 32 0 0 9 1 0 0 0 0 13 0 24 0 0 0 38 34 13 0 0 0 19 32 0 0 0 0 0 2 0 0 0 1 0 0 0 0 0 2 0 0 0 0 0 0 0 0 0 1 0 0 0 0 0 0 0 1 0 0 0 0 0 0 0 81 11 33 41 66 0 19 16 1 21 9 0 15 0 0 0 0 0 0 55 15 6 0 0 0 20 1 13 0 0 0 18 2 2 0 0 0 49 32 0 0 0 0 2 0 0 0 1 0 0 0 0 0 0 0 0 0 0 0 1 0 0 0 0 2 0 0 0 0 0 0 0 0 1 0 0 0 0 0 0 0 0 0 0 2 2 2 0 12 5 3 0 0 0 0 0 0 0 0 0 0 0 0 0 0 0 0 0 0 0 0 0 0 0 27 8 18 0 0 0 0 0 0 0 0 0 0 0 0 
 367 37 296 161 341 39 351 170 64 47 274 25 0 458 286 84 38 116 284 539 0 1 2 1 0 0 3 0 0 0 0 3 2 0 0 0 1 75 0 2 2 0 31 3 0 2 0 0 0 0 2 0 0 0 5 8 0 55 3 0 0 0 0 0 1 6 2 0 0 0 19 0 0 0 0 0 0 0 0 2 10 0 2 2 1 0 11 22 16 0 0 0 31 12 8 0 0 0 19 19 0 0 0 0 0 0 0 9 0 0 0 0 0 0 0 0 0 0 43 0 0 0 0 0 0 0 0 0 0 0 2 0 1 0 0 0 0 0 0 23 1 0 0 0 0 0 0 0 0 0 0 0 0 0 0 0 2 0 1 3 14 0 12 34 0 0 29 35 0 3 0 0 10 3 0 23 0 0 14 17 0 0 0 8 0 0 0 0 0 0 0 0 0 0 25 0 1 1 0 0 0 0 0 0 0 0 10 0 0 0 0 0 0 0 0 0 0 0 0 0 0 1 0 0 0 0 0 0 0 0 1 0 0 0 0 0 0 2 0 0 0 0 0 0 0 1 0 0 0 2 1 2 0 0 0 0 1 0 0 0 0 0 0 0 0 0 0 0 0 0 0 0 0 0 0 0 0 0 0 0 0 0 0 0 0 0 0 0 0 0 
 232 42 273 207 82 38 537 99 199 81 37 54 458 0 248 44 20 106 195 265 1 1 1 2 0 0 3 0 0 3 0 4 2 0 0 0 3 39 3 2 2 0 3 3 6 3 37 0 3 0 2 0 4 0 3 6 0 0 3 0 0 0 5 0 8 0 3 0 0 0 3 0 0 0 2 0 0 6 0 2 26 3 10 10 0 0 36 27 1 0 1 2 40 47 30 67 12 0 36 0 0 0 0 0 2 0 0 0 0 0 0 0 0 0 0 0 0 0 0 0 0 0 0 0 0 0 0 2 1 0 0 0 0 0 0 0 0 0 0 12 0 0 0 0 0 0 2 3 0 1 0 0 0 0 0 0 0 1 0 4 10 0 14 14 0 0 20 1 0 11 0 0 20 11 17 31 0 0 19 21 0 2 0 0 0 0 0 0 0 0 0 0 1 0 0 0 0 0 0 1 0 0 0 0 0 0 0 0 0 0 0 0 0 0 0 0 0 1 2 0 0 0 0 0 0 0 0 0 0 0 0 2 0 0 0 0 0 0 0 0 0 0 0 0 0 1 2 2 2 2 0 5 0 0 0 0 2 0 0 0 0 0 0 0 0 0 0 0 0 0 1 0 0 0 0 0 0 0 0 0 0 0 0 0 0 0 0 0 0 0 
 139 222 117 263 89 81 219 161 256 359 73 124 286 248 0 471 109 145 165 292 0 1 1 74 2 0 3 102 0 0 0 3 2 0 0 0 0 1 0 2 2 0 3 3 0 3 0 0 0 0 2 0 0 0 3 0 0 0 3 0 0 0 0 0 2 0 54 0 0 0 3 0 0 0 0 0 0 0 0 2 0 40 1 8 3 12 16 1 15 14 8 44 0 19 60 17 10 31 0 0 0 0 0 0 0 0 0 0 0 0 0 0 0 0 0 0 0 7 1 0 0 0 0 0 0 0 0 0 0 0 0 0 0 0 0 0 0 0 0 17 0 0 0 0 0 0 0 1 0 0 0 0 0 0 0 0 0 0 0 1 12 27 0 15 0 0 0 15 24 30 14 0 2 8 1 0 0 0 0 32 0 0 0 0 0 0 0 0 0 0 0 0 0 0 0 0 0 0 0 0 0 0 0 0 0 0 0 0 0 0 0 0 0 0 0 0 2 0 0 0 0 0 0 0 0 0 0 0 0 0 0 0 0 0 0 0 0 0 0 0 0 0 0 0 0 0 0 2 4 4 13 14 0 0 1 0 0 0 0 0 0 0 0 0 0 0 0 0 0 0 0 0 0 0 0 0 26 0 0 0 0 0 0 0 0 0 0 0 0 0 
 314 154 323 137 90 84 36 465 171 384 171 248 84 44 471 0 287 40 132 338 0 1 2 0 0 4 2 0 0 0 0 3 2 0 0 0 0 5 0 1 2 0 3 66 0 5 0 0 0 0 2 0 0 0 3 0 0 0 3 0 0 0 0 0 0 0 0 0 2 0 57 0 0 0 6 0 0 0 0 2 0 57 32 31 17 23 9 10 0 32 0 0 0 0 72 20 33 29 0 21 0 0 0 0 0 0 0 0 0 0 0 0 0 0 11 2 23 0 0 13 0 0 0 2 0 0 0 0 0 0 0 0 0 0 0 0 0 0 0 0 0 0 0 0 0 0 0 0 0 0 0 0 0 0 0 0 0 0 1 0 18 15 1 22 13 0 0 13 10 34 2 0 0 2 2 9 26 48 0 13 0 0 0 0 0 0 9 0 0 0 0 0 7 0 0 0 0 0 0 0 0 0 2 0 17 0 0 0 13 0 0 0 0 0 0 0 0 0 0 0 0 0 0 0 0 0 0 0 0 0 0 0 0 0 0 0 0 0 0 8 0 20 0 0 0 1 3 0 5 89 0 11 0 0 0 0 0 0 0 0 0 0 17 0 0 0 0 0 0 0 0 7 0 0 0 0 0 0 0 0 0 0 0 0 0 0 0 0 0 0 
 116 317 50 140 138 141 133 56 450 153 92 168 38 20 109 287 0 99 50 125 73 0 1 0 0 0 3 80 0 0 0 3 76 152 1 0 0 0 0 76 2 0 3 3 0 4 0 0 0 4 2 0 0 0 3 0 0 1 3 0 0 0 0 0 2 0 3 0 0 0 3 0 43 0 0 41 0 0 0 2 6 44 25 36 46 11 0 6 28 15 17 19 0 8 0 72 1 17 0 0 11 0 0 0 0 0 16 0 0 0 0 0 1 10 9 0 0 0 23 0 0 0 0 0 0 0 0 0 0 0 0 0 0 0 0 0 0 0 0 0 1 0 0 0 0 9 0 0 0 0 1 0 0 10 0 0 3 0 0 0 0 37 18 24 0 0 0 0 14 11 22 17 0 0 6 0 0 25 0 0 6 7 4 0 3 0 0 22 0 0 0 0 25 0 0 10 0 0 15 0 0 0 0 0 0 0 0 0 11 0 0 0 0 0 0 0 0 0 0 0 0 0 0 0 0 0 0 0 0 0 2 0 0 0 0 0 0 0 0 0 0 0 0 0 0 0 86 0 2 45 14 3 0 0 0 0 0 0 0 0 0 0 14 0 0 0 0 0 0 0 0 0 0 0 0 51 12 0 0 0 0 0 0 0 0 0 0 0 0 0 
 48 32 60 194 142 134 33 118 36 226 214 283 116 106 145 40 99 0 115 267 0 0 0 0 0 0 4 80 0 0 0 3 2 110 0 0 0 2 0 88 2 0 3 3 3 4 0 15 0 0 2 0 3 0 3 0 4 0 3 0 0 0 0 0 1 0 2 0 0 0 3 0 0 0 37 0 0 0 0 2 0 13 26 24 2 1 15 0 11 34 9 0 9 13 33 13 11 33 0 59 13 0 0 0 0 0 0 0 1 0 0 0 0 0 18 0 0 0 35 6 0 0 0 0 0 2 0 0 0 1 0 0 0 0 0 2 0 0 0 0 0 29 0 0 0 20 0 0 0 0 0 0 0 7 0 0 6 0 0 0 20 0 7 19 17 0 16 0 0 14 1 12 17 23 0 22 32 0 0 21 26 9 7 0 9 0 0 2 3 0 0 0 0 1 2 4 21 0 0 0 0 0 0 0 2 0 0 0 1 0 0 0 0 0 0 23 0 0 0 0 1 0 0 0 0 2 0 0 0 0 0 0 0 0 0 0 0 0 0 0 0 0 0 0 0 3 95 0 4 5 0 12 0 0 0 0 0 0 0 0 0 0 0 0 0 0 0 0 0 0 0 0 0 0 0 3 4 0 0 0 0 0 0 0 0 0 0 0 0 0 
 118 66 126 153 83 58 94 98 82 78 38 43 284 195 165 132 50 115 0 180 0 4 1 3 3 0 3 0 0 1 0 6 2 0 4 0 0 6 57 0 4 0 3 3 0 5 0 0 0 0 4 0 2 0 4 19 3 0 3 6 0 2 0 0 2 0 3 0 0 3 3 0 0 0 0 0 0 0 1 2 15 0 10 18 33 1 21 0 1 8 0 0 14 12 37 0 10 0 0 0 0 0 0 0 0 0 0 0 0 0 0 0 0 0 0 0 0 0 0 0 0 0 0 0 0 0 1 2 0 0 0 0 0 0 0 0 0 0 0 0 0 0 0 0 0 0 1 0 0 0 0 0 0 0 0 0 0 0 0 0 11 0 11 72 0 0 0 0 0 20 0 0 1 10 3 44 0 0 21 15 0 0 0 4 0 0 0 0 0 0 0 0 0 0 0 0 0 0 0 0 0 0 0 0 0 0 0 0 0 0 0 0 0 0 0 0 0 0 2 0 0 0 0 0 0 0 0 0 0 0 0 0 0 0 0 0 0 0 0 0 0 0 0 0 0 0 0 0 0 0 0 2 0 0 0 0 0 1 0 0 1 0 0 0 0 0 0 0 0 0 1 0 0 0 0 0 0 0 0 0 0 0 0 0 0 0 0 0 0 0 
 219 57 37 398 218 150 110 239 295 428 83 61 539 265 292 338 125 267 180 0 0 0 2 0 0 0 2 0 0 0 0 3 2 0 0 0 0 0 0 2 3 0 3 3 0 10 5 0 0 0 40 0 0 0 2 0 10 2 3 0 0 0 0 0 0 0 0 0 0 0 1 0 0 0 0 0 0 0 0 3 37 17 2 0 10 7 18 29 1 20 27 0 48 52 40 48 23 10 5 41 0 0 0 0 0 0 0 0 0 0 0 0 0 0 0 0 0 0 0 3 2 0 0 0 38 0 0 0 0 0 1 0 2 9 0 0 0 0 0 14 2 0 0 0 0 0 0 19 0 0 0 0 0 0 0 0 1 0 2 3 39 1 11 1 0 19 15 48 0 21 27 0 11 32 19 25 18 0 0 26 0 0 1 0 0 0 1 0 0 0 0 0 0 0 0 0 0 2 0 0 0 0 0 0 0 0 0 0 0 0 0 0 0 0 0 0 0 0 0 0 1 2 22 0 0 0 0 2 0 0 0 0 0 0 0 0 0 0 0 0 0 0 0 0 0 3 3 2 4 0 0 2 0 0 0 0 0 0 0 0 0 0 0 0 0 0 0 0 0 0 0 0 0 0 0 0 0 0 0 0 0 0 0 0 0 0 0 0 0 0 
 0 3 3 0 1 114 0 0 0 73 0 73 0 1 0 0 73 0 0 0 0 54 123 204 64 251 446 173 80 75 247 98 156 161 82 86 120 80 428 76 0 0 0 8 3 2 1 0 0 3 0 3 2 0 3 0 3 0 0 0 0 1 3 9 1 0 2 0 0 2 2 4 0 3 0 0 0 0 5 0 0 0 0 0 24 0 0 0 0 12 0 13 0 0 0 0 0 13 0 0 12 68 9 9 0 11 28 27 0 20 69 20 0 25 44 40 0 2 0 0 0 0 9 0 0 0 0 0 0 0 0 0 22 0 0 0 3 0 1 0 0 0 0 0 2 0 0 0 0 0 0 0 0 0 0 0 0 0 21 0 0 0 0 6 0 17 0 0 0 0 1 32 0 0 0 0 41 9 0 0 0 18 3 0 0 0 22 21 31 36 0 2 18 25 42 21 1 0 11 20 0 0 0 0 0 0 2 0 0 1 0 0 0 1 0 0 0 0 0 16 0 0 0 0 0 24 0 0 0 0 0 0 8 11 14 0 0 0 0 0 0 0 0 0 0 0 0 0 60 2 0 0 0 0 2 0 0 0 1 0 0 2 13 0 0 0 0 0 0 0 0 0 0 0 0 0 0 0 0 0 0 17 0 0 0 0 0 0 0 0 
 0 3 0 0 26 0 2 0 2 0 0 0 1 1 1 1 0 0 4 0 54 0 227 582 327 264 78 390 261 321 114 44 213 67 236 237 194 25 55 75 0 0 2 0 3 3 0 3 0 0 0 6 2 0 3 0 3 0 54 2 3 3 3 0 0 2 3 1 0 6 1 5 4 0 0 0 1 3 3 5 0 0 0 0 1 0 0 0 0 0 0 12 2 0 0 0 0 0 0 0 1 15 9 13 0 44 19 34 69 1 19 21 13 29 0 0 19 28 15 1 0 0 0 0 0 0 0 21 0 0 0 0 41 0 0 0 0 0 9 0 0 0 0 0 0 0 0 0 0 0 0 3 0 0 0 2 0 0 0 10 0 1 0 0 21 0 0 0 0 0 0 7 0 9 0 0 4 0 2 0 0 38 27 1 6 12 8 20 9 0 55 28 0 0 10 0 0 20 0 1 0 0 5 0 0 0 21 16 0 0 0 0 21 21 0 0 0 0 12 0 0 0 0 0 0 0 0 0 0 0 0 0 0 0 0 0 21 0 0 0 0 0 0 0 0 0 0 0 1 0 0 0 0 0 6 0 2 1 3 1 18 0 0 0 0 0 0 0 0 0 0 0 0 0 0 0 0 0 0 0 0 0 0 0 0 0 0 0 0 0 
 2 2 1 1 2 0 2 1 1 1 0 0 2 1 1 2 1 0 1 2 123 227 0 489 453 105 46 92 436 211 132 504 54 67 60 370 109 174 259 51 0 0 0 0 3 4 23 208 0 0 0 4 3 0 3 0 4 0 0 0 0 2 3 72 2 0 2 2 0 2 0 3 2 0 0 0 0 0 47 3 0 0 0 0 0 2 0 0 0 0 0 0 0 0 0 0 0 2 0 0 1 0 16 22 0 19 0 0 8 0 12 6 0 0 0 0 9 10 0 0 8 0 2 0 0 0 28 15 0 0 0 0 71 23 0 1 0 0 20 17 0 0 0 0 1 0 0 0 0 0 0 3 0 0 0 0 0 0 0 0 0 0 0 0 0 0 0 0 0 1 0 0 6 3 7 0 0 0 0 0 0 0 0 22 68 44 0 0 9 1 56 57 2 0 9 12 14 16 0 0 0 0 0 0 0 0 36 0 0 0 0 0 33 26 41 18 0 0 13 0 0 1 0 0 0 0 0 0 0 0 0 0 2 0 0 0 10 0 0 0 0 0 5 0 0 0 0 0 0 1 0 0 0 0 7 1 3 87 2 2 1 0 0 0 0 0 0 0 0 0 0 0 0 0 0 0 0 0 0 15 0 0 0 0 0 0 0 0 0 0 
 0 3 0 0 2 0 3 2 0 0 2 0 1 2 74 0 0 0 3 0 204 582 489 0 209 60 86 364 61 553 227 94 300 62 299 32 153 186 90 368 2 0 0 2 3 6 30 0 2 2 0 45 2 23 3 7 3 0 0 0 0 1 3 0 2 2 2 0 2 3 0 3 4 1 0 2 0 0 5 10 0 0 0 0 0 0 0 0 0 0 0 0 0 0 0 0 0 0 0 0 0 0 38 28 19 5 23 0 0 31 9 34 0 0 12 86 17 18 2 0 6 0 0 0 0 0 16 0 0 0 0 0 14 13 0 0 2 0 10 18 0 0 0 0 0 0 0 0 0 0 0 0 0 0 0 0 0 0 0 0 0 0 0 0 0 0 1 0 0 0 0 0 0 0 0 0 0 0 0 0 0 22 0 34 13 59 3 27 9 0 44 21 18 0 2 6 21 35 0 10 3 0 0 0 0 0 37 0 0 0 0 0 19 23 9 22 0 16 18 19 0 0 0 0 0 0 0 0 0 0 0 0 0 0 0 0 0 0 0 0 0 0 0 0 0 0 0 0 0 0 0 0 0 0 2 1 2 82 1 1 5 0 0 0 0 0 0 0 0 0 0 0 0 0 0 0 0 0 0 12 0 10 0 0 0 0 0 0 0 0 
 0 0 0 0 0 0 1 0 0 0 0 0 0 0 2 0 0 0 3 0 64 327 453 209 0 267 264 82 75 71 292 143 68 273 290 353 69 387 71 125 0 65 0 0 6 6 0 0 0 0 3 6 2 64 34 63 5 65 32 113 0 1 3 2 0 2 2 0 0 2 0 5 0 0 0 0 4 1 3 3 0 0 0 0 0 0 0 0 0 0 0 0 1 0 17 0 0 0 8 0 10 0 53 40 28 10 19 0 22 22 0 14 0 7 0 47 13 1 0 13 12 0 0 27 0 0 22 8 13 13 0 0 11 0 8 0 19 0 23 39 0 0 0 0 0 0 0 0 2 0 0 1 0 0 0 1 0 0 0 0 3 2 0 0 9 0 0 5 0 0 0 0 0 0 9 0 0 0 0 6 9 0 1 57 2 21 0 1 22 0 32 11 0 0 0 0 36 42 0 0 20 0 3 0 0 0 33 0 0 2 0 15 12 13 29 0 0 1 23 37 0 0 0 0 0 0 0 0 0 0 0 0 0 0 0 1 26 0 0 0 0 0 0 0 0 0 0 0 0 0 0 0 0 0 70 2 4 162 0 14 3 0 0 0 0 0 0 0 0 0 0 0 0 0 0 0 0 0 0 0 0 0 0 0 0 12 0 0 0 0 
 0 1 0 0 0 0 1 0 0 0 0 1 0 0 0 4 0 0 0 0 251 264 105 60 267 0 33 31 211 135 362 60 255 56 50 151 75 128 83 132 0 0 0 0 3 37 0 3 3 5 3 3 2 12 3 0 3 0 61 6 0 1 3 0 2 0 2 0 5 4 0 6 4 0 0 0 0 0 5 7 0 0 0 0 0 0 0 0 0 0 0 0 0 0 0 0 0 0 0 0 12 0 19 28 9 38 0 0 17 0 18 9 0 0 0 10 25 12 0 0 0 1 2 0 0 0 12 22 0 0 0 0 17 18 0 0 1 0 19 52 1 0 0 0 0 0 0 0 0 0 0 3 0 2 0 0 0 0 0 0 0 0 20 0 0 0 0 0 2 0 0 2 0 3 0 0 0 0 4 0 0 0 0 0 6 29 0 5 0 0 44 51 0 0 9 0 12 21 0 0 14 0 0 0 0 0 52 12 0 0 0 0 28 99 10 0 0 1 35 0 1 0 0 0 0 0 0 0 2 0 0 0 0 0 0 0 19 29 0 0 0 0 0 0 0 0 0 0 1 0 0 0 0 0 1 0 4 84 79 1 17 0 1 0 0 0 0 0 0 0 0 0 0 0 0 0 0 0 0 0 0 0 0 0 0 0 0 0 0 0 
 2 6 2 82 43 7 3 3 3 2 3 138 3 3 3 2 3 4 3 2 446 78 46 86 264 33 0 158 60 198 264 342 625 115 141 25 55 114 90 441 0 0 0 0 3 2 0 0 0 5 0 3 2 0 3 0 3 0 0 0 0 1 3 0 1 0 2 0 0 2 0 3 0 0 0 0 0 0 62 0 0 0 0 0 0 0 0 0 0 0 0 10 0 0 0 0 0 0 0 0 0 2 41 22 18 10 26 9 29 21 9 37 19 9 21 28 21 1 0 33 0 0 0 0 0 0 0 0 0 0 0 0 15 0 0 1 0 0 0 17 1 3 0 14 0 0 0 0 0 1 0 0 0 2 0 0 0 0 0 0 0 0 0 13 13 17 0 0 0 0 0 10 0 0 0 0 0 0 0 0 26 36 19 0 0 0 57 35 38 19 2 0 13 9 0 23 22 13 8 34 0 0 0 0 0 0 0 0 0 0 0 0 0 2 0 0 0 1 0 0 1 0 0 0 0 0 0 0 0 0 0 0 0 0 0 0 0 0 0 0 0 0 0 0 0 2 0 0 0 75 0 0 0 0 4 0 2 0 0 0 0 0 0 0 0 0 0 0 0 0 0 0 0 0 0 1 0 0 0 0 0 0 0 0 0 9 0 0 0 0 
 0 2 0 0 0 78 3 22 0 0 76 0 0 0 102 0 80 80 0 0 173 390 92 364 82 31 158 0 254 277 26 40 288 161 708 193 116 104 633 366 0 0 0 0 3 4 0 0 0 0 0 3 2 0 3 0 3 0 1 0 0 2 3 4 2 0 2 0 0 2 25 3 0 0 50 0 2 0 3 0 0 0 0 0 0 0 0 0 0 0 0 0 1 0 0 6 0 0 0 0 0 26 13 7 0 0 9 8 13 11 21 45 13 10 45 20 19 10 14 3 0 0 0 0 0 0 0 0 0 0 0 0 11 0 0 0 0 0 0 0 0 8 0 0 0 0 0 0 0 0 0 0 0 1 0 1 1 0 0 0 0 2 0 0 0 0 0 0 0 0 0 0 0 0 0 0 2 0 0 0 1 31 66 7 19 0 36 57 44 25 13 0 9 24 10 46 31 14 0 0 7 0 0 0 0 0 0 0 0 0 0 0 0 0 0 0 0 0 1 0 0 0 0 0 0 0 0 0 0 0 0 0 0 0 0 1 0 0 0 0 0 0 0 0 0 0 26 0 0 0 0 0 0 0 72 2 2 0 0 0 1 2 0 0 0 0 11 0 0 0 0 0 0 0 0 10 0 0 0 0 0 8 0 0 0 10 33 0 0 0 
 0 2 0 0 78 0 0 2 0 0 0 0 0 0 0 0 0 0 0 0 80 261 436 61 75 211 60 254 0 74 313 224 145 208 155 458 361 370 554 155 0 0 1 0 4 4 0 0 3 0 0 3 2 0 3 3 3 0 18 0 0 3 3 12 1 3 3 39 26 3 2 3 1 2 0 0 0 0 3 0 0 0 0 0 0 0 0 0 0 1 0 0 0 0 0 0 0 0 0 0 41 13 22 26 0 20 14 35 27 12 16 50 0 27 1 52 41 19 14 36 0 0 0 0 0 2 11 8 0 0 0 0 14 0 0 0 0 0 11 15 0 0 0 0 0 0 0 0 2 0 0 1 0 0 0 0 0 0 0 0 0 0 0 0 0 0 0 0 0 0 0 10 0 23 0 0 4 0 0 0 9 0 37 0 12 11 0 0 18 2 27 26 0 10 0 1 32 24 0 0 0 0 0 0 0 0 15 54 0 1 0 0 13 23 12 0 0 0 2 0 0 0 0 0 0 0 0 0 0 0 14 0 0 0 0 0 20 0 0 0 0 0 0 0 0 0 0 0 0 0 0 0 0 0 0 0 2 78 41 6 10 0 0 0 0 0 21 0 0 0 0 2 0 0 0 0 0 0 0 0 0 15 0 2 0 9 11 0 0 0 
 1 0 0 0 12 0 0 2 0 0 0 0 0 3 0 0 0 0 1 0 75 321 211 553 71 135 198 277 74 0 147 123 233 287 169 401 212 82 298 120 0 0 0 0 3 3 0 0 0 0 0 3 2 65 3 0 5 0 1 62 1 2 3 0 0 0 2 0 0 2 0 2 0 0 0 0 9 2 3 10 0 0 0 10 0 0 0 0 7 0 0 0 0 0 0 0 0 0 0 0 0 11 1 36 12 6 21 18 0 44 16 50 14 6 11 6 39 13 0 6 6 0 0 28 0 1 0 0 0 0 0 0 19 0 11 0 0 0 37 0 0 8 0 0 0 1 0 0 0 0 0 0 0 0 0 0 0 0 0 0 0 0 0 0 0 0 0 0 0 0 0 0 0 0 0 0 2 1 0 0 1 33 13 9 0 8 27 67 40 23 38 7 25 3 0 14 5 44 0 17 21 0 0 0 0 0 29 0 0 1 0 0 6 18 4 0 0 0 9 10 0 0 0 0 0 0 0 17 0 0 0 0 0 0 0 0 0 0 1 0 0 0 0 0 0 0 0 0 0 0 0 0 0 0 6 0 2 76 74 0 0 2 0 0 0 0 0 0 0 0 0 2 0 0 0 0 0 0 0 0 0 0 0 0 0 15 0 0 0 0 
 0 3 0 0 2 0 0 0 0 0 0 1 0 0 0 0 0 0 0 0 247 114 132 227 292 362 264 26 313 147 0 86 294 259 245 140 260 51 270 223 0 0 2 0 4 5 62 2 20 0 0 3 4 1 3 0 3 0 54 2 0 1 3 0 2 0 2 0 0 2 0 3 2 0 0 0 0 0 3 3 0 0 0 0 0 2 0 0 0 0 0 0 0 0 0 0 0 2 0 0 2 5 0 17 8 22 14 43 1 19 10 6 0 14 0 27 22 22 0 0 1 0 0 0 0 0 21 9 0 0 19 0 0 15 0 0 0 0 10 0 0 0 0 0 0 0 0 0 0 18 0 0 0 0 0 0 0 0 0 0 0 0 0 0 0 2 0 0 0 0 0 6 0 6 0 0 4 0 0 0 18 0 25 23 4 68 0 0 0 11 35 28 0 0 15 14 0 6 0 13 0 0 0 0 0 0 15 12 0 0 0 0 21 10 41 3 0 0 22 19 0 0 0 0 0 0 0 0 0 0 0 0 1 0 0 0 0 0 28 0 0 0 22 0 0 0 0 0 0 0 0 0 0 0 23 0 1 48 2 0 21 0 0 0 0 8 0 0 0 6 0 0 0 1 4 0 0 0 0 1 0 12 0 0 0 0 0 0 0 0 
 77 3 3 3 3 3 3 5 3 5 3 4 3 4 3 3 3 3 6 3 98 44 504 94 143 60 342 40 224 123 86 0 464 69 39 54 117 279 19 213 0 20 15 0 3 4 0 0 0 22 0 24 2 55 4 0 16 0 0 0 0 1 3 0 2 0 2 0 0 2 0 3 0 0 0 0 0 0 13 0 0 1 0 0 0 0 7 14 0 0 0 0 0 0 0 0 0 0 6 0 0 0 59 12 2 11 0 0 11 13 0 0 1 0 0 17 15 8 0 20 13 0 0 0 0 0 12 1 22 0 0 0 21 7 0 0 0 0 0 44 0 0 0 0 19 0 0 0 0 0 0 0 0 0 1 0 1 0 0 0 0 0 5 0 0 0 0 0 0 0 0 0 0 1 0 0 0 0 22 0 9 7 28 0 0 33 0 1 10 0 22 22 0 8 0 10 79 36 0 0 11 0 0 0 0 1 28 0 0 19 0 0 53 9 0 1 0 0 23 0 0 0 0 0 0 1 0 0 0 0 0 2 0 13 0 0 0 0 0 0 0 0 0 0 0 0 0 0 71 0 0 0 0 0 0 0 2 1 0 4 0 0 0 0 0 0 16 0 0 0 0 0 0 0 0 0 0 0 0 0 0 0 0 1 0 0 12 0 0 0 
 2 2 93 2 80 2 2 2 2 78 2 76 2 2 2 2 76 2 2 2 156 213 54 300 68 255 625 288 145 233 294 464 0 121 121 87 369 120 168 138 0 0 0 0 3 2 0 0 0 1 0 3 2 0 3 0 3 1 0 0 0 3 3 0 0 0 3 9 0 3 1 2 0 0 0 0 0 0 3 0 0 0 0 0 0 19 0 0 0 0 53 36 0 0 0 14 0 0 0 0 12 13 28 9 18 0 32 22 0 24 9 21 16 10 3 45 0 27 11 0 0 0 0 0 0 0 0 0 0 0 0 0 2 0 0 0 0 0 0 0 0 0 0 0 0 0 0 0 0 0 0 0 0 0 0 0 0 0 0 0 0 0 0 23 8 0 0 0 0 0 0 44 0 0 18 0 0 0 0 0 0 43 13 10 0 10 20 83 1 1 9 0 13 0 0 5 0 0 62 26 0 0 0 0 0 0 0 0 0 0 0 0 0 0 0 0 0 0 0 13 0 0 0 0 0 0 0 0 0 0 0 0 0 0 0 0 0 0 0 0 0 0 0 0 0 0 0 0 0 0 0 0 0 0 5 0 2 0 0 0 1 2 0 0 0 0 0 0 0 0 0 0 0 0 0 0 0 0 0 0 0 12 0 0 0 0 0 0 0 0 
 0 1 80 0 0 109 0 0 0 35 156 101 0 0 0 0 152 110 0 0 161 67 67 62 273 56 115 161 208 287 259 69 121 0 164 310 26 114 350 117 0 62 0 0 3 4 0 2 0 7 0 3 2 1 3 0 3 0 0 0 0 3 3 0 2 0 3 0 0 3 1 2 0 0 0 0 0 0 3 0 0 0 0 0 11 0 0 0 0 20 3 0 0 0 0 0 0 43 2 0 50 9 9 0 0 0 10 4 0 0 25 0 1 12 38 12 8 2 17 5 7 0 0 0 0 0 0 0 0 0 12 0 0 0 0 0 0 0 0 0 1 17 0 0 0 0 0 0 0 0 0 0 0 3 0 0 1 0 1 0 0 0 0 14 11 0 0 0 0 0 0 26 0 0 0 0 19 14 0 0 11 11 75 0 6 0 16 8 25 3 2 22 28 37 11 58 33 0 18 74 0 0 0 0 0 0 0 0 0 0 0 0 0 0 0 0 0 0 0 0 9 1 0 0 0 0 0 0 0 0 0 0 0 0 0 11 0 0 0 0 0 0 0 0 0 2 33 0 74 0 0 0 0 0 2 0 0 0 0 1 2 0 20 0 0 0 16 0 0 0 0 0 0 0 0 9 3 0 0 0 0 0 0 0 0 0 12 0 0 0 
 0 0 0 0 1 37 1 0 0 0 0 0 0 0 0 0 1 0 4 0 82 236 60 299 290 50 141 708 155 169 245 39 121 164 0 270 172 39 415 179 0 0 0 0 4 2 0 0 0 0 0 3 2 0 3 0 3 0 62 0 0 0 3 11 1 0 2 0 0 2 0 3 0 0 0 0 0 0 3 0 0 0 0 2 0 0 0 0 0 0 0 0 0 0 0 0 0 0 0 0 10 26 0 1 0 12 27 48 0 0 27 25 9 34 52 10 30 13 0 9 0 0 0 0 0 0 0 0 0 0 0 0 13 0 0 0 0 0 0 0 0 4 0 0 0 0 0 0 5 0 0 0 0 0 0 0 0 0 0 0 0 0 0 0 0 0 0 0 0 0 0 4 0 20 2 0 2 0 0 0 7 22 48 10 26 12 16 41 26 54 15 0 0 25 12 20 1 11 0 0 0 0 0 0 0 0 0 12 0 0 0 0 0 7 0 0 0 0 10 0 0 0 0 0 0 0 0 0 0 0 0 0 0 0 0 0 0 0 0 0 0 0 20 0 0 0 77 0 0 0 0 2 0 0 7 2 2 0 76 2 16 2 0 0 0 0 0 0 0 0 0 0 0 0 0 0 0 0 0 0 0 1 0 0 0 11 0 0 0 0 
 0 2 0 0 2 0 0 0 45 0 0 1 0 0 0 0 0 0 0 0 86 237 370 32 353 151 25 193 458 401 140 54 87 310 270 0 116 181 130 180 0 0 0 0 3 4 2 0 0 0 0 3 2 0 3 0 3 0 61 0 0 1 4 1 2 0 2 0 0 2 0 4 0 0 0 0 0 0 4 0 0 20 0 0 0 0 0 0 0 0 0 0 0 0 0 0 0 0 0 0 0 15 13 13 2 21 10 45 13 0 11 10 6 18 16 45 23 21 0 0 0 0 2 0 0 0 0 17 0 2 0 0 16 2 0 0 0 0 2 0 0 0 0 0 0 0 0 0 4 0 1 3 0 0 0 0 0 1 0 0 0 0 0 0 1 1 0 0 0 0 0 6 0 0 0 0 3 0 0 0 15 27 24 10 17 12 11 71 14 34 18 25 0 24 13 26 17 10 0 0 0 1 0 0 0 0 23 13 0 0 0 0 2 28 17 9 0 0 0 0 0 2 0 0 2 0 0 0 0 1 0 0 0 0 0 0 20 0 1 0 0 0 10 0 0 0 0 0 0 0 0 0 0 0 0 1 0 83 74 0 19 0 0 0 0 0 12 0 0 0 0 0 0 0 0 0 1 0 0 0 0 12 0 0 0 1 12 0 0 0 
 0 208 0 0 3 0 0 0 0 0 2 0 1 3 0 0 0 0 0 0 120 194 109 153 69 75 55 116 361 212 260 117 369 26 172 116 0 233 258 124 0 0 0 0 3 4 0 3 0 0 0 65 2 0 3 0 4 0 126 0 0 1 3 0 2 0 2 0 0 2 0 3 3 0 0 0 0 0 3 0 0 0 0 0 0 0 0 0 0 0 0 0 2 1 0 0 0 0 0 0 0 37 15 0 0 24 9 34 1 0 0 14 4 21 13 17 41 58 2 1 4 0 0 0 0 0 11 0 0 0 0 0 54 0 0 0 0 0 0 20 0 0 0 0 0 0 9 0 0 0 0 1 0 0 0 2 0 0 0 0 0 0 0 0 0 2 2 0 0 0 0 29 2 1 0 0 32 0 0 0 0 25 16 9 17 46 17 26 20 10 37 45 1 0 0 1 21 20 0 14 1 0 0 0 0 0 47 23 0 0 0 0 16 22 0 0 0 0 3 11 0 0 0 0 0 0 0 0 0 0 0 0 0 0 0 2 0 0 0 0 0 0 0 0 0 0 0 0 0 0 0 0 0 0 6 0 3 1 83 3 16 9 0 0 0 0 0 0 0 0 0 0 0 0 0 0 0 0 0 0 0 1 0 0 0 0 0 0 0 0 
 0 3 0 0 60 0 72 0 0 0 1 4 75 39 1 5 0 2 6 0 80 25 174 186 387 128 114 104 370 82 51 279 120 114 39 181 233 0 103 101 0 0 61 0 3 3 57 0 0 0 0 3 2 0 3 0 4 6 1 0 0 2 3 0 0 0 2 52 0 2 0 3 1 0 0 0 0 0 3 0 1 0 0 0 0 0 0 0 0 0 0 0 0 0 0 0 0 0 0 0 0 13 42 42 0 56 1 0 38 33 32 16 0 1 15 17 38 13 0 15 9 0 30 15 0 1 0 29 0 0 0 0 76 0 17 0 0 0 28 0 0 0 0 0 0 0 0 0 1 0 0 6 0 0 0 0 0 0 0 2 0 0 0 0 0 0 1 0 0 0 0 2 0 0 0 0 4 0 0 0 0 40 6 0 0 0 8 15 25 12 28 70 13 6 10 17 0 24 0 0 0 0 0 0 0 0 92 0 0 0 0 0 50 27 17 0 0 0 39 0 0 0 0 0 0 0 0 0 0 0 0 0 0 0 0 0 17 0 0 0 0 0 0 0 0 0 0 0 0 2 0 0 0 0 5 0 0 0 79 1 1 3 0 0 0 0 1 0 0 0 0 0 0 0 0 0 0 0 0 0 0 0 0 0 0 0 0 0 0 0 
 0 3 77 1 0 78 0 0 0 35 75 2 0 3 0 0 0 0 57 0 428 55 259 90 71 83 90 633 554 298 270 19 168 350 415 130 258 103 0 170 0 1 0 0 3 2 2 0 0 0 0 3 2 0 3 0 3 0 0 0 0 2 3 4 1 0 2 0 0 2 0 2 0 0 0 0 0 0 3 0 0 0 29 0 23 0 0 0 0 5 0 1 0 0 0 0 0 0 0 0 9 20 27 26 18 0 25 47 19 9 36 34 2 14 50 21 9 1 27 3 0 0 0 0 0 0 0 2 0 0 0 0 18 0 0 0 0 0 0 0 0 12 0 0 0 0 0 0 0 53 0 0 0 0 0 0 0 0 0 0 0 0 0 0 0 0 0 2 0 0 2 16 0 0 0 0 20 0 0 0 0 23 34 26 19 0 26 74 20 30 0 0 32 54 13 49 17 0 0 12 0 0 0 0 0 13 0 0 0 0 0 2 0 0 0 0 0 0 1 0 0 0 0 0 0 0 0 0 8 0 0 0 0 0 0 0 14 0 0 0 0 0 2 0 16 0 0 0 74 1 0 0 0 0 2 0 1 0 0 2 0 2 0 0 0 0 0 0 0 0 0 0 0 0 2 0 0 0 0 0 0 10 0 0 0 0 11 0 0 0 
 1 0 0 1 9 0 4 4 0 0 73 0 2 2 2 1 76 88 0 2 76 75 51 368 125 132 441 366 155 120 223 213 138 117 179 180 124 101 170 0 0 0 0 0 3 2 4 5 0 2 2 3 4 2 7 2 4 0 0 2 0 2 36 0 0 0 2 0 0 2 0 3 0 0 0 0 0 0 3 2 0 2 0 0 2 0 0 0 0 0 0 0 0 0 0 0 0 0 0 0 12 19 25 3 2 10 1 6 10 19 14 38 0 1 35 41 18 2 7 55 0 0 0 0 0 0 0 0 0 15 0 0 38 0 0 0 0 0 0 53 0 13 0 0 0 8 0 0 0 0 0 1 0 0 0 0 28 1 0 0 0 0 0 0 0 0 0 0 0 0 0 16 0 0 0 0 35 0 1 0 13 60 20 6 26 13 20 37 60 19 0 0 9 26 19 43 39 14 2 0 0 2 0 0 0 0 2 0 2 0 0 0 1 0 0 0 0 0 10 0 0 0 0 1 2 16 0 0 0 0 0 0 0 0 0 1 1 0 1 0 0 0 11 0 0 0 65 0 63 1 0 0 0 1 3 3 0 0 1 0 0 0 0 0 0 0 0 0 0 0 0 0 0 0 0 12 1 0 0 0 0 2 0 0 0 10 0 0 0 2 
 3 2 2 2 33 2 2 2 77 3 2 2 2 2 2 2 2 2 4 3 0 0 0 2 0 0 0 0 0 0 0 0 0 0 0 0 0 0 0 0 0 143 93 63 113 258 242 92 468 361 21 123 115 49 323 40 320 153 42 169 0 0 6 0 6 0 0 0 51 0 6 0 0 0 2 0 0 2 6 0 0 0 0 0 0 0 0 0 0 0 0 0 0 0 0 0 0 0 0 0 0 0 0 0 0 0 0 0 0 0 0 0 0 0 0 0 0 0 0 0 53 29 3 1 31 12 10 25 63 0 29 17 0 13 18 38 26 26 0 0 0 0 5 0 4 0 1 0 0 0 0 0 24 0 0 25 0 0 4 22 0 0 0 8 0 0 0 0 0 16 0 0 0 0 0 0 0 0 0 0 0 0 0 0 0 0 0 0 0 0 0 0 0 0 0 0 0 0 0 0 13 30 23 1 31 9 0 4 11 20 37 0 0 0 12 48 38 14 0 1 5 0 0 14 10 0 0 0 0 0 0 0 0 0 0 0 0 0 6 45 0 0 0 0 0 0 0 0 0 0 0 14 0 0 0 0 0 0 0 0 0 0 0 0 0 2 0 2 0 0 8 0 0 0 0 0 0 0 0 0 0 0 0 0 0 20 0 0 0 0 
 0 2 0 0 0 0 0 0 66 112 0 0 0 0 0 0 0 0 0 0 0 0 0 0 65 0 0 0 0 0 0 20 0 62 0 0 0 0 1 0 143 0 220 58 177 21 150 114 356 315 35 75 49 58 96 35 165 97 40 122 0 25 0 204 2 0 1 4 14 0 6 0 3 0 0 6 0 0 27 3 0 0 0 0 0 0 0 0 0 0 0 0 0 0 0 0 0 0 0 0 0 0 0 0 0 0 0 0 0 0 0 0 0 0 0 0 0 0 0 0 0 0 17 13 19 8 0 7 1 22 24 1 0 15 0 10 36 20 14 11 20 14 0 0 0 0 0 7 0 7 8 0 11 14 0 12 7 0 14 10 2 0 0 0 0 14 0 5 0 0 0 0 0 0 0 0 0 0 0 8 0 0 0 0 0 0 0 0 0 0 0 0 0 0 0 0 0 0 0 0 0 28 35 32 7 20 0 0 1 17 22 0 0 0 0 10 2 36 13 19 21 41 3 11 0 0 3 0 0 4 9 0 0 13 10 13 15 7 9 18 0 0 0 0 0 0 0 0 0 0 0 4 0 0 0 0 0 0 0 12 0 0 0 0 1 12 7 0 0 0 6 0 0 0 0 0 0 0 0 0 0 0 0 0 0 19 0 0 0 0 
 3 3 3 3 68 3 3 3 3 3 3 3 31 3 3 3 3 3 3 3 0 2 0 0 0 0 0 0 1 0 2 15 0 0 0 0 0 61 0 0 93 220 0 118 72 22 136 127 178 197 598 98 65 53 93 83 164 174 236 26 2 0 6 0 3 1 0 0 6 2 0 3 50 0 0 0 6 3 49 0 0 0 0 0 0 0 0 0 0 0 0 2 0 0 0 0 0 0 0 0 0 0 0 0 0 2 0 0 0 0 0 0 0 0 0 0 0 0 0 0 36 28 16 0 12 10 14 1 5 0 10 0 0 0 8 0 23 27 0 0 12 0 0 5 0 0 2 15 11 0 0 0 0 0 0 0 0 0 2 0 0 0 0 0 2 0 8 0 0 0 0 0 0 0 0 1 0 0 0 0 0 0 0 0 0 0 0 0 0 0 0 0 0 0 0 0 0 0 0 0 0 8 70 22 0 45 0 0 0 14 52 10 0 0 0 0 7 0 0 0 20 1 0 0 0 0 0 0 0 21 0 7 18 43 9 0 0 0 19 31 0 0 0 0 0 0 0 0 0 0 0 4 0 0 0 0 0 0 0 1 0 0 0 7 0 0 0 36 0 0 0 0 0 0 0 0 0 0 0 0 0 0 0 0 0 0 0 0 0 0 
 3 3 3 3 3 3 6 3 3 4 3 3 3 3 3 66 3 3 3 3 8 0 0 2 0 0 0 0 0 0 0 0 0 0 0 0 0 0 0 0 63 58 118 0 90 101 133 69 151 104 387 103 139 136 98 117 57 93 190 74 0 0 0 6 1 0 7 54 1 5 5 1 0 53 0 0 5 8 0 0 0 0 0 0 0 0 0 0 0 0 0 0 0 0 0 0 0 0 0 0 0 0 0 0 10 0 0 0 0 0 0 14 0 0 0 0 11 0 0 0 0 12 8 9 6 13 0 0 0 20 0 0 22 14 0 14 0 2 0 0 8 18 0 0 1 3 36 12 18 12 4 0 0 8 1 0 0 4 0 0 14 0 0 0 0 0 40 0 0 0 0 0 0 0 0 3 0 0 0 0 0 0 0 0 0 0 0 0 0 0 0 0 0 0 0 0 0 0 0 0 38 14 0 0 0 10 0 0 26 0 13 8 0 0 9 0 28 15 0 3 0 18 5 0 1 2 0 17 0 11 0 1 0 0 0 0 0 0 0 8 0 0 8 0 0 0 0 0 0 0 0 3 0 0 0 0 0 0 0 9 0 0 0 3 2 2 2 0 0 0 0 3 0 0 0 6 0 0 0 0 0 0 0 0 24 0 0 13 12 0 
 0 2 0 0 0 0 2 2 0 0 0 3 0 6 0 0 0 3 0 0 3 3 3 3 6 3 3 3 4 3 4 3 3 3 4 3 3 3 3 3 113 177 72 90 0 313 105 292 426 175 318 615 74 113 273 284 236 62 84 293 1 44 52 0 54 0 17 5 0 0 21 0 50 3 5 6 0 0 54 23 0 0 0 0 0 0 0 0 0 0 0 0 0 0 0 0 0 0 0 0 0 0 0 0 0 0 0 0 0 0 0 0 0 0 0 0 0 0 0 0 0 0 0 19 0 10 0 14 0 0 9 19 0 12 0 9 3 7 0 0 1 4 2 0 9 0 1 34 0 7 18 13 0 10 0 4 24 1 11 1 0 0 0 0 2 0 24 0 0 0 0 0 0 0 0 0 0 0 0 0 0 0 0 0 13 0 0 0 0 0 0 0 0 0 0 0 0 0 0 0 0 0 0 8 0 21 0 0 0 6 37 5 14 0 0 0 0 4 0 0 8 14 11 11 0 0 19 0 2 5 0 0 29 15 19 9 0 0 24 0 0 0 0 0 0 0 0 0 0 0 0 3 0 0 0 0 0 0 0 1 0 0 70 2 64 0 2 1 0 2 6 0 0 12 0 0 0 0 0 0 0 0 0 0 0 2 0 0 0 0 
 4 7 7 5 2 3 6 6 2 5 3 4 2 3 3 5 4 4 5 10 2 3 4 6 6 37 2 4 4 3 5 4 2 4 2 4 4 3 2 2 258 21 22 101 313 0 40 48 73 119 303 265 253 34 27 77 265 59 65 50 19 144 50 3 0 0 24 110 0 0 0 0 0 70 17 72 51 52 1 51 0 0 0 8 0 0 0 0 0 0 0 0 0 0 0 0 0 0 0 0 0 0 0 0 0 0 0 0 0 0 0 0 0 0 0 0 0 0 0 0 0 0 0 0 0 0 0 0 0 0 0 0 0 0 0 0 0 0 0 0 11 18 0 0 1 0 10 0 0 10 0 0 0 7 9 13 6 25 20 0 0 0 0 0 0 0 0 0 0 0 0 0 0 0 0 4 0 0 0 0 0 0 0 0 0 0 0 43 10 0 0 0 0 0 0 0 0 0 0 0 4 0 1 0 0 0 0 6 0 0 0 0 0 0 10 10 0 0 0 0 0 22 0 0 0 0 15 3 0 2 0 19 0 10 0 37 0 13 5 0 0 0 0 0 0 0 0 0 0 2 0 39 0 2 0 0 15 2 0 0 0 0 8 63 1 1 0 0 1 0 14 0 0 0 0 0 0 0 0 0 0 0 0 0 0 0 0 0 0 0 
 4 0 0 0 0 5 0 0 3 11 0 0 0 37 0 0 0 0 0 5 1 0 23 30 0 0 0 0 0 0 62 0 0 0 0 2 0 57 2 4 242 150 136 133 105 40 0 444 355 49 94 121 251 137 263 111 63 87 70 321 0 0 0 0 2 0 0 0 0 0 208 0 0 0 0 0 0 0 2 0 0 0 6 0 41 5 0 0 0 0 2 0 0 0 0 3 3 0 0 3 0 0 0 0 0 0 0 0 0 0 0 0 0 0 0 0 0 0 0 0 0 43 12 25 11 0 34 19 10 0 12 1 0 34 11 32 9 16 0 0 0 0 0 0 4 0 0 0 0 0 0 0 0 0 8 0 0 0 0 6 5 3 0 0 0 2 4 0 6 4 5 15 0 0 0 3 14 0 0 0 0 0 2 19 15 6 3 0 0 0 0 0 0 0 0 0 0 0 0 0 9 6 12 10 8 10 0 11 9 0 18 8 2 0 0 34 20 61 0 0 0 0 0 0 0 0 0 0 0 0 0 0 0 0 0 0 0 14 11 7 0 0 0 0 0 0 0 0 0 0 0 7 0 2 0 0 0 63 2 0 0 0 0 0 0 13 1 5 0 0 1 0 0 0 0 0 0 0 0 20 0 0 0 0 0 10 0 0 2 0 
 0 1 0 4 1 0 0 6 0 0 8 0 0 0 0 0 0 15 0 0 0 3 208 0 0 3 0 0 0 0 2 0 0 2 0 0 3 0 0 5 92 114 127 69 292 48 444 0 151 24 104 328 508 163 343 158 114 80 110 178 5 0 0 0 2 0 0 0 0 0 0 0 0 0 0 0 0 0 0 0 0 16 0 13 0 1 6 1 8 15 0 0 0 2 0 0 0 0 0 1 0 0 0 0 16 0 0 0 0 0 0 0 0 0 0 0 0 0 0 0 17 43 47 14 0 0 31 1 35 13 21 0 0 11 20 13 11 18 0 0 0 0 1 0 7 0 0 0 0 0 0 0 0 0 0 0 0 26 0 0 0 0 0 0 0 0 0 0 0 0 0 0 4 3 0 0 0 0 0 6 0 0 0 0 26 0 0 0 0 0 0 0 0 0 0 0 0 0 0 0 18 8 12 19 7 0 11 20 4 0 0 4 0 12 0 24 29 34 0 11 0 0 0 0 0 0 0 0 0 0 0 0 0 0 0 0 0 0 7 11 0 0 0 0 0 0 1 0 0 0 0 9 0 1 0 0 0 0 0 2 0 0 0 0 1 15 0 36 1 0 2 0 0 0 0 0 0 0 0 10 0 0 0 0 2 0 0 0 0 0 
 0 0 0 0 0 0 0 0 0 0 0 0 0 3 0 0 0 0 0 0 0 0 0 2 0 3 0 0 3 0 20 0 0 0 0 0 0 0 0 0 468 356 178 151 426 73 355 151 0 176 57 50 131 117 122 117 136 139 164 65 17 8 0 0 1 0 0 0 0 0 2 0 53 0 0 0 0 15 0 0 0 0 0 0 0 0 0 0 0 0 0 0 0 0 0 0 0 0 0 0 0 0 0 0 0 0 0 0 0 0 0 0 0 0 0 0 0 0 0 0 0 3 0 22 21 38 0 0 0 13 5 10 0 14 0 0 0 0 0 31 51 0 2 0 0 0 20 0 0 0 0 0 0 7 0 0 0 0 32 0 0 0 0 0 4 0 3 0 0 0 0 0 0 0 0 1 0 0 0 0 0 0 0 0 0 0 0 0 0 0 0 0 0 0 0 0 0 0 0 0 0 0 0 7 9 30 0 9 8 0 0 17 0 0 0 0 3 13 1 0 19 17 1 0 0 1 14 0 8 0 0 0 36 19 6 0 0 0 35 11 0 0 7 0 0 0 0 0 0 0 0 1 0 0 0 0 0 0 0 1 0 0 0 0 2 1 2 0 0 0 0 0 0 0 0 0 0 0 0 0 0 0 0 0 8 0 0 0 0 0 
 0 0 27 0 0 0 1 3 0 0 0 15 0 0 0 0 4 0 0 0 3 0 0 2 0 5 5 0 0 0 0 22 1 7 0 0 0 0 0 2 361 315 197 104 175 119 49 24 176 0 161 144 62 73 131 144 191 129 290 151 2 4 0 0 1 0 50 0 0 0 0 0 0 0 0 0 0 0 8 51 0 0 0 0 0 0 0 0 0 10 0 3 0 0 0 0 0 5 0 0 0 0 0 0 0 0 6 0 0 0 0 0 4 24 0 0 0 0 0 0 15 8 0 0 23 14 0 13 23 0 0 43 0 8 0 0 14 12 0 0 21 0 0 0 0 0 1 0 0 0 0 0 7 0 0 5 0 0 0 30 0 0 0 12 6 0 0 0 0 0 0 6 0 0 0 0 0 6 0 0 0 3 11 0 0 0 0 0 0 0 0 0 12 0 0 0 0 0 12 12 0 6 45 0 12 18 0 0 19 55 20 0 0 0 15 23 0 0 0 0 0 13 7 0 0 0 67 0 4 0 0 0 32 12 9 18 0 0 37 7 0 0 0 0 0 0 0 0 0 0 0 9 0 0 0 0 0 0 0 1 0 18 7 0 0 2 2 2 5 0 0 0 0 0 0 0 0 0 0 0 0 0 0 0 0 0 0 0 0 0 
 2 2 2 2 2 2 5 5 2 2 2 2 2 2 2 2 2 2 4 40 0 0 0 0 3 3 0 0 0 0 0 0 0 0 0 0 0 0 0 2 21 35 598 387 318 303 94 104 57 161 0 268 63 31 192 99 248 129 454 285 0 0 0 0 2 0 50 7 0 0 4 0 51 0 0 0 1 0 0 52 0 0 0 0 0 0 0 0 0 0 0 0 0 0 0 0 0 0 0 0 0 0 0 0 0 0 0 0 0 0 0 1 0 0 0 0 0 0 0 0 23 31 0 0 23 0 11 0 16 0 13 3 0 0 12 10 38 23 0 0 0 0 0 0 0 0 6 10 0 0 0 10 0 0 0 0 0 10 1 6 0 0 0 0 0 0 27 0 0 0 0 0 0 0 0 2 0 0 0 0 0 0 0 0 0 0 0 0 0 0 0 0 0 0 0 10 0 0 0 0 0 0 32 21 0 17 0 0 0 27 37 10 0 0 6 8 0 10 0 6 0 21 10 0 0 0 7 0 0 0 18 10 11 13 23 0 0 1 0 8 0 0 0 0 0 0 0 0 0 0 0 3 0 0 0 0 0 0 0 0 0 0 3 62 0 2 0 64 0 0 0 0 0 0 0 0 0 0 0 0 0 0 0 7 0 7 0 0 0 0 
 0 2 0 0 0 0 0 0 0 0 0 3 0 0 0 0 0 0 0 0 3 6 4 45 6 3 3 3 3 3 3 24 3 3 3 3 65 3 3 3 123 75 98 103 615 265 121 328 50 144 268 0 268 56 96 250 485 220 29 231 0 0 0 0 2 0 1 0 0 0 6 0 0 0 0 0 0 0 29 0 0 0 0 0 0 0 0 0 0 0 0 29 0 0 0 0 0 0 0 0 0 0 0 0 0 0 0 0 0 0 0 0 0 0 0 0 0 0 0 0 18 30 23 18 63 0 0 40 2 0 6 2 0 16 10 21 39 34 0 0 5 0 0 0 0 0 0 0 0 0 0 0 12 0 0 12 0 0 3 21 0 0 0 0 13 0 0 0 0 0 0 0 0 0 0 0 0 0 0 0 0 0 0 0 0 0 0 0 0 0 0 0 0 0 0 0 0 0 0 0 0 40 34 27 19 31 0 0 1 27 62 0 0 0 0 26 11 23 0 1 12 0 0 0 0 0 0 0 0 0 0 0 0 15 0 0 0 0 0 13 0 0 0 0 0 1 0 0 0 0 0 13 0 0 0 0 0 0 0 12 2 0 4 6 4 10 2 0 0 0 0 0 0 0 0 0 0 0 0 0 0 0 0 0 0 7 0 0 0 0 
 0 3 0 18 0 0 3 21 0 0 6 0 0 4 0 0 0 3 2 0 2 2 3 2 2 2 2 2 2 2 4 2 2 2 2 2 2 2 2 4 115 49 65 139 74 253 251 508 131 62 63 268 0 225 120 136 57 22 222 230 0 17 0 0 0 2 0 0 0 0 0 0 0 2 0 0 3 0 4 0 6 5 0 3 0 0 6 0 8 0 2 0 0 3 16 0 0 0 0 1 0 0 0 0 55 10 0 0 0 8 0 1 0 0 0 0 0 0 0 0 0 30 38 70 12 0 0 63 21 2 9 2 7 24 58 6 0 9 0 10 0 0 0 0 1 0 0 0 0 0 0 0 0 0 0 0 0 0 0 0 0 0 0 0 0 0 0 0 0 10 0 0 3 4 0 6 0 0 0 3 0 0 0 55 14 21 0 0 0 0 0 0 0 0 0 0 0 0 0 0 23 6 12 12 11 0 4 26 10 0 0 18 0 15 0 27 49 85 0 41 5 0 0 0 0 0 0 0 0 0 0 0 0 0 0 0 0 0 0 13 0 0 0 0 0 0 4 0 0 26 0 9 0 1 0 0 0 67 0 1 0 0 4 0 2 13 0 0 0 0 0 0 0 0 0 0 0 0 0 14 2 0 0 0 12 0 0 0 0 0 
 0 0 0 0 0 0 0 0 0 0 0 0 0 0 0 0 0 0 0 0 0 0 0 23 64 12 0 0 0 65 1 55 0 1 0 0 0 0 0 2 49 58 53 136 113 34 137 163 117 73 31 56 225 0 150 75 91 30 337 155 1 13 0 0 2 0 0 2 2 0 0 2 4 0 2 5 5 0 0 0 0 0 0 0 0 0 0 0 0 0 0 0 0 0 0 0 0 0 0 0 0 0 0 11 11 0 0 0 6 13 0 0 0 0 0 0 0 0 0 0 1 22 18 9 0 0 0 0 23 20 0 0 0 9 0 14 0 2 10 8 0 5 0 0 6 0 14 12 0 6 16 11 0 0 0 3 19 0 0 0 0 0 13 0 0 0 0 0 0 0 0 0 0 0 0 0 0 0 3 0 18 0 0 13 0 0 0 0 0 0 12 0 0 14 0 0 0 4 0 0 58 6 0 0 0 0 41 17 36 7 0 14 10 18 16 0 31 6 11 13 0 0 14 12 0 0 11 0 0 4 0 0 0 1 0 9 0 0 1 0 0 0 0 0 0 0 0 0 0 26 0 6 0 1 0 0 0 22 0 2 0 0 0 0 0 0 0 0 0 0 4 0 0 0 0 0 0 0 0 0 0 0 0 0 39 0 0 13 0 0 
 2 5 3 3 3 3 3 3 3 2 3 6 5 3 3 3 3 3 4 2 3 3 3 3 34 3 3 3 3 3 3 4 3 3 3 3 3 3 3 7 323 96 93 98 273 27 263 343 122 131 192 96 120 150 0 288 305 318 111 117 0 0 0 0 2 0 0 0 0 0 0 0 0 0 0 0 0 0 0 0 1 2 0 0 0 0 4 9 2 0 0 0 0 21 0 0 0 0 2 1 0 0 0 0 9 0 0 0 0 0 0 11 0 0 0 0 0 0 0 0 32 32 6 29 12 0 31 1 8 34 8 0 11 6 8 0 39 14 16 5 0 0 0 0 0 0 0 0 0 0 1 0 0 0 0 0 0 7 0 0 2 33 0 0 0 0 0 8 0 0 0 0 0 0 0 0 0 0 0 6 0 0 0 0 0 0 0 0 0 0 0 0 0 0 0 0 0 0 0 0 6 1 15 9 0 0 0 0 11 12 6 0 0 0 0 0 10 18 0 16 0 0 0 0 0 0 0 0 0 0 0 0 0 0 0 0 0 0 0 0 0 0 0 0 0 0 0 0 0 26 0 1 0 1 0 0 0 0 0 3 0 0 2 0 0 1 0 36 1 4 0 0 0 0 0 0 0 0 0 0 0 0 0 0 23 0 0 0 0 0 
 0 0 0 0 0 0 3 0 0 0 0 0 8 6 0 0 0 0 19 0 0 0 0 7 63 0 0 0 3 0 0 0 0 0 0 0 0 0 0 2 40 35 83 117 284 77 111 158 117 144 99 250 136 75 288 0 77 116 174 133 6 25 0 0 2 2 0 0 2 5 0 7 0 0 0 0 1 6 2 0 25 0 0 0 0 0 0 6 1 0 0 0 0 0 0 0 0 0 8 0 0 0 0 0 1 17 0 0 2 1 0 0 0 0 0 0 0 0 0 0 31 46 22 9 11 0 0 0 24 21 0 0 0 12 0 0 34 24 15 17 0 0 0 0 0 0 0 0 0 0 0 0 0 0 0 0 0 0 1 0 2 0 0 0 0 0 0 8 0 0 13 0 0 1 0 0 0 0 4 3 0 0 0 1 0 8 0 0 5 0 0 0 0 0 0 0 0 0 0 0 1 8 46 9 0 14 0 21 19 34 14 17 0 1 0 0 27 23 0 15 0 0 0 0 0 0 0 0 0 0 0 0 0 0 0 0 0 0 1 8 0 0 0 0 0 0 0 0 0 0 0 6 0 1 0 0 0 0 0 10 0 0 0 0 1 11 0 1 0 0 0 0 0 0 0 0 0 0 0 0 0 0 0 0 30 0 0 0 0 0 
 5 2 7 5 0 4 0 5 5 2 11 3 0 0 0 0 0 4 3 10 3 3 4 3 5 3 3 3 3 5 3 16 3 3 3 3 4 4 3 4 320 165 164 57 236 265 63 114 136 191 248 485 57 91 305 77 0 70 255 24 1 1 1 0 3 1 1 6 1 1 4 0 53 2 0 6 1 0 55 1 0 0 6 6 4 10 0 0 7 0 30 0 0 20 3 5 6 0 0 7 0 0 0 0 0 0 0 0 0 0 0 0 0 0 0 0 5 8 0 1 0 9 59 6 28 23 1 9 4 0 61 0 0 10 1 13 30 8 0 0 28 0 0 0 0 2 8 0 0 0 0 0 1 21 0 2 0 0 7 18 7 3 0 0 3 7 6 0 0 0 6 0 2 6 0 11 6 0 0 24 0 3 0 0 0 0 0 0 0 0 0 0 0 0 0 30 0 0 0 0 0 14 3 20 1 28 0 0 0 41 39 10 0 0 0 1 0 67 0 0 52 14 0 0 0 1 0 0 9 1 0 0 14 23 13 0 0 0 19 17 0 3 0 0 0 0 3 0 0 0 0 0 0 2 0 0 0 0 2 2 2 0 1 0 1 0 0 10 0 0 0 0 0 0 0 0 0 0 0 0 0 0 0 0 0 8 0 0 2 2 
 0 2 0 0 0 61 0 0 0 0 2 0 55 0 0 0 1 0 0 2 0 0 0 0 65 0 0 0 0 0 0 0 1 0 0 0 0 6 0 0 153 97 174 93 62 59 87 80 139 129 129 220 22 30 318 116 70 0 26 96 0 9 2 0 1 6 0 0 0 7 0 0 0 0 0 0 0 8 51 0 0 0 0 0 0 0 0 0 0 0 0 0 0 0 0 0 0 0 0 23 0 0 0 0 0 0 0 0 0 0 0 0 0 0 0 0 7 0 0 0 18 13 45 6 13 9 0 0 18 46 13 19 0 0 19 29 24 48 14 8 10 0 3 0 3 0 48 0 0 0 0 0 22 22 0 9 0 0 15 0 2 0 0 0 0 0 0 6 0 0 0 0 0 0 0 0 0 0 0 4 0 0 0 0 0 0 0 0 0 0 0 0 0 0 0 0 0 0 0 0 12 17 54 39 12 31 0 0 35 50 6 1 0 0 0 0 5 23 0 13 18 0 0 0 0 0 21 0 0 0 0 0 0 2 0 0 0 0 17 33 0 0 7 0 0 0 0 0 0 0 0 19 0 0 4 0 0 0 0 15 0 0 0 0 0 10 3 0 0 0 14 0 0 0 0 0 0 0 0 0 0 0 6 0 21 0 0 0 0 0 
 3 5 3 3 3 3 35 9 3 3 3 3 3 3 3 3 3 3 3 3 0 54 0 0 32 61 0 1 18 1 54 0 0 0 62 61 126 1 0 0 42 40 236 190 84 65 70 110 164 290 454 29 222 337 111 174 255 26 0 340 0 0 41 0 1 3 0 0 0 0 0 0 0 0 0 0 3 0 0 0 0 0 0 0 0 0 0 0 0 0 0 0 0 0 0 0 0 0 0 0 0 0 0 0 42 15 0 10 0 8 0 0 0 10 0 1 5 4 0 0 3 10 20 18 0 0 10 0 36 1 0 0 0 0 10 6 0 0 0 5 0 0 0 0 4 2 0 0 0 0 0 0 0 0 0 0 0 1 0 0 0 0 0 0 0 0 0 0 0 0 0 3 0 3 0 0 0 0 0 0 0 1 10 13 8 16 0 0 0 0 9 10 19 0 0 0 0 0 0 0 29 18 0 0 0 0 0 20 13 0 0 85 0 20 11 7 35 22 1 22 0 0 0 0 22 3 0 10 0 0 0 0 0 0 0 0 0 0 9 0 0 0 0 0 0 0 0 0 0 0 0 7 0 0 0 0 0 72 54 0 7 0 2 0 0 4 0 1 0 0 1 0 0 0 0 0 0 0 0 0 0 0 0 0 1 0 0 10 0 0 
 0 0 0 0 5 0 0 0 50 0 0 0 0 0 0 0 0 0 6 0 0 2 0 0 113 6 0 0 0 62 2 0 0 0 0 0 0 0 0 2 169 122 26 74 293 50 321 178 65 151 285 231 230 155 117 133 24 96 340 0 0 5 0 0 2 0 203 3 0 0 0 0 1 0 0 5 2 0 0 0 0 0 0 0 0 0 0 0 0 0 0 0 0 0 0 0 0 0 0 0 0 0 0 22 24 0 0 0 0 11 0 0 0 0 0 0 0 0 0 0 18 0 12 13 0 10 30 0 15 11 11 0 0 0 34 36 10 1 16 28 0 7 6 0 8 0 0 5 0 5 6 0 51 0 0 26 12 0 0 0 3 0 0 0 0 0 0 3 0 0 0 0 0 0 0 0 0 0 0 3 0 0 0 25 0 0 0 0 0 0 14 0 0 0 0 0 0 0 0 0 19 0 1 0 0 0 24 43 15 0 1 15 0 19 43 3 21 40 0 27 0 5 4 54 16 0 1 0 22 9 8 0 0 0 14 9 61 4 1 16 0 0 0 0 0 0 0 0 0 0 0 13 0 1 0 0 0 30 0 9 0 0 0 44 0 2 4 0 0 0 21 0 0 0 0 0 0 0 0 0 0 0 0 0 0 0 0 1 1 0 
 0 3 0 0 0 0 0 0 1 0 5 0 0 0 0 0 0 0 0 0 0 3 0 0 0 0 0 0 0 1 0 0 0 0 0 0 0 0 0 0 0 0 2 0 1 19 0 5 17 2 0 0 0 1 0 6 1 0 0 0 0 166 85 67 65 294 284 44 26 43 37 56 66 100 124 150 107 307 49 70 3 0 2 4 1 0 0 3 1 0 0 0 0 0 0 0 0 0 0 2 2 0 0 0 0 0 0 0 0 0 0 6 0 0 0 0 0 0 8 0 0 0 0 0 0 5 0 0 0 0 0 2 0 0 0 0 0 0 0 0 0 0 63 0 19 0 18 1 7 9 35 0 0 0 2 0 11 4 0 0 0 1 1 0 4 4 0 0 4 2 0 2 0 0 3 0 2 0 0 2 0 0 0 0 0 0 0 0 0 0 0 0 1 0 0 0 0 0 0 0 0 0 0 0 0 0 0 5 6 0 0 0 0 0 0 0 0 0 0 0 6 0 1 21 15 0 8 27 30 0 15 33 0 10 2 10 11 0 0 0 0 0 0 6 0 0 0 0 0 0 0 0 4 29 10 0 0 0 0 0 0 0 4 0 0 0 0 0 0 0 1 0 0 3 0 2 0 0 0 0 0 0 0 0 0 0 0 0 0 0 
