 0 213 197 66 314 60 496 180 58 136 336 376 150 577 224 20 312 255 273 274 0 4 0 0 0 0 0 49 0 0 0 0 5 0 3 4 0 2 0 2 0 0 0 2 0 3 0 0 0 0 2 0 0 0 0 0 0 1 0 0 2 6 0 0 0 0 3 3 0 0 0 2 34 0 0 0 0 35 0 0 0 15 58 0 12 12 14 16 1 47 93 7 13 0 0 14 22 21 1 4 0 0 0 0 0 0 21 0 0 0 0 0 1 0 0 0 0 0 0 1 2 0 0 0 0 0 0 0 0 0 0 16 0 2 2 0 0 0 10 16 0 0 0 0 0 3 0 0 0 0 0 0 0 0 0 0 0 0 0 0 1 28 0 0 7 0 13 21 47 19 0 0 0 55 39 14 0 11 0 0 0 0 2 0 0 0 16 1 0 0 0 0 0 0 0 0 0 0 0 3 0 0 0 0 0 0 0 0 0 0 0 0 0 0 0 0 0 0 0 0 0 0 0 0 1 0 0 0 0 0 0 0 0 0 0 0 2 0 0 0 0 0 0 0 0 1 2 0 1 0 0 11 0 0 0 0 0 0 0 0 0 0 0 0 0 0 0 0 0 0 0 0 0 0 0 0 1 11 0 0 0 0 0 0 0 0 0 0 0 0 
 213 0 216 364 132 113 100 305 78 123 254 365 61 233 60 128 182 298 138 247 0 0 1 2 2 0 0 2 0 0 0 0 3 0 0 3 0 0 75 0 0 0 3 3 0 3 0 0 0 0 0 0 0 2 6 0 0 3 0 0 2 0 0 0 0 4 8 5 5 11 4 0 3 0 0 0 0 0 0 0 14 23 15 16 32 0 16 5 1 4 24 1 17 44 4 34 19 10 0 1 1 0 0 0 0 0 0 0 0 9 0 0 14 10 21 0 0 0 18 22 0 0 0 0 0 0 0 0 0 0 0 0 0 0 0 6 2 0 0 0 0 0 5 0 4 0 0 0 0 0 15 0 0 1 0 0 0 0 0 24 17 10 1 11 14 9 11 21 2 7 15 23 2 6 0 0 0 3 0 1 0 0 0 0 0 0 0 0 0 0 0 0 0 1 0 0 16 1 0 1 0 0 0 0 0 0 0 0 0 0 0 0 0 0 0 0 0 0 0 0 0 0 0 0 0 0 1 0 0 0 0 7 0 0 2 0 0 0 0 0 0 0 0 0 0 2 87 0 88 3 0 10 1 0 1 0 0 0 0 0 0 0 1 0 0 0 0 0 0 0 0 0 0 0 0 0 12 0 0 0 0 0 0 0 0 0 0 0 0 0 
 197 216 0 132 57 117 202 260 109 372 144 433 76 342 152 336 141 350 32 155 0 0 2 72 0 0 0 1 2 0 0 0 2 0 0 3 0 0 0 1 0 0 0 2 0 3 0 0 0 0 0 0 0 0 5 0 0 0 0 0 2 0 0 0 0 0 1 0 0 0 1 3 3 0 0 2 0 0 0 0 0 19 32 25 10 12 68 0 11 10 2 5 0 33 11 25 19 26 0 1 0 0 0 0 0 0 0 0 0 0 0 0 0 0 0 0 1 0 11 9 0 0 0 0 0 0 0 0 0 0 0 0 0 0 0 0 0 0 0 0 0 0 0 0 0 0 0 0 0 0 0 0 1 0 0 0 0 0 0 0 9 13 14 16 17 6 0 34 0 7 12 15 12 0 10 0 25 12 0 0 0 0 0 0 0 0 0 0 0 0 0 0 0 34 0 0 0 0 0 22 0 0 0 0 0 0 0 0 0 0 0 2 13 0 0 0 0 2 0 0 0 0 0 1 0 0 10 0 0 0 0 0 0 0 10 0 0 0 0 0 0 0 0 0 0 2 0 2 89 0 23 5 0 0 0 0 0 0 0 0 0 0 0 0 0 0 0 0 0 0 0 0 0 0 0 0 10 0 0 0 0 0 0 0 0 1 0 0 0 0 
 66 364 132 0 75 212 115 164 152 160 194 27 56 94 46 146 92 119 62 67 0 0 76 0 0 2 0 1 0 2 0 3 4 1 0 3 0 0 94 73 60 0 0 2 5 3 1 0 0 0 0 0 0 0 0 0 0 1 0 0 2 1 0 0 0 0 5 5 0 0 3 0 7 0 0 0 0 0 0 0 0 14 31 12 28 20 2 0 0 0 17 5 0 11 0 17 61 24 0 0 0 0 2 0 0 0 51 0 0 0 0 0 29 21 21 1 0 0 0 83 0 0 0 0 0 0 0 0 0 0 0 0 0 0 0 0 0 2 0 0 0 0 0 0 0 0 0 0 0 0 0 0 0 0 0 0 0 0 0 0 0 4 0 0 31 0 13 19 30 27 3 0 0 19 0 1 0 10 0 0 14 0 0 13 0 2 2 0 0 0 0 0 0 25 9 9 10 0 1 0 0 0 0 0 0 0 2 1 9 0 0 0 0 0 0 0 0 0 0 0 8 0 0 0 0 0 0 0 0 0 0 0 0 0 0 0 32 0 0 0 0 0 0 0 0 0 2 0 3 2 2 5 0 0 0 0 0 0 0 0 0 0 0 0 0 0 0 0 0 0 0 0 0 0 0 10 15 0 0 0 0 0 0 0 0 0 0 0 0 0 
 314 132 57 75 0 164 135 402 100 172 180 216 78 219 165 157 61 33 57 92 1 73 2 0 0 0 75 75 2 0 0 0 75 0 0 3 0 0 0 74 0 0 0 2 0 3 62 0 0 0 0 0 0 2 0 0 0 0 0 0 2 7 0 0 0 0 3 6 0 0 0 2 3 0 0 0 0 32 0 0 8 1 2 1 19 29 17 0 0 26 0 30 0 23 24 1 0 26 0 0 10 11 11 0 0 0 0 45 36 1 0 0 14 9 0 0 38 9 22 10 0 0 0 0 0 0 0 0 0 0 0 0 0 0 0 0 0 0 0 0 0 0 6 0 6 1 0 0 2 0 0 0 0 0 0 11 0 1 0 0 0 17 0 11 36 0 0 0 34 11 13 44 0 0 10 0 29 18 0 0 23 0 0 0 0 2 24 0 0 0 0 0 11 11 12 4 0 10 19 46 0 2 3 0 0 0 20 0 0 0 0 0 0 0 0 0 0 0 0 0 19 0 0 0 0 0 0 0 0 0 0 0 31 0 0 0 0 0 1 0 0 0 0 0 0 1 89 0 0 0 0 5 0 0 0 0 0 0 0 0 0 0 0 0 0 32 0 0 0 0 0 0 0 0 0 0 0 0 0 0 0 0 0 0 0 0 0 0 0 0 
 60 113 117 212 164 0 50 123 357 143 64 366 31 48 56 178 77 272 75 67 0 122 1 0 0 0 76 1 0 0 0 0 20 0 1 3 0 0 78 149 0 0 0 2 0 3 0 0 0 2 0 0 0 0 0 0 2 0 1 0 2 0 0 0 2 0 1 0 0 0 1 0 3 0 0 0 0 0 0 0 0 0 29 33 31 9 0 0 9 1 0 35 0 12 11 1 60 0 0 0 0 0 0 9 2 9 35 0 15 0 0 0 25 10 0 9 0 0 31 23 0 0 0 0 2 0 0 0 0 0 0 0 0 0 0 0 0 0 0 0 0 0 0 0 0 0 0 0 0 2 0 0 0 1 0 0 0 0 0 0 15 10 0 0 36 28 0 8 5 5 17 10 17 0 0 0 0 0 0 0 0 12 0 0 0 0 13 25 19 0 0 0 0 20 10 9 0 1 16 22 2 0 0 0 0 0 0 0 0 0 0 0 0 0 0 1 0 0 0 0 0 0 2 0 0 0 0 2 0 0 0 0 0 17 0 0 0 0 0 0 0 0 0 0 0 7 0 0 9 6 1 6 0 0 0 0 0 0 0 0 0 0 0 0 0 0 0 0 0 1 0 0 0 0 0 0 25 0 0 0 0 0 0 0 0 0 0 33 0 0 
 496 100 202 115 135 50 0 81 227 40 13 247 569 335 437 223 276 36 145 272 0 0 2 74 0 1 2 0 1 1 0 4 2 0 0 3 0 1 0 2 0 0 0 2 0 3 0 0 0 1 0 0 0 0 0 0 6 0 0 0 2 0 0 0 5 0 2 0 0 0 0 0 6 0 0 11 0 0 0 0 34 10 18 11 0 0 39 19 49 0 31 7 0 0 33 30 10 2 26 21 0 0 0 0 0 0 0 0 0 0 0 0 0 7 0 0 46 0 3 0 0 0 0 0 2 1 0 0 0 0 0 0 0 0 0 0 0 0 0 0 0 0 0 0 0 5 0 0 0 2 0 0 0 1 19 19 0 0 0 0 11 0 23 20 1 8 1 33 20 0 8 20 9 12 0 9 26 8 19 0 0 2 0 0 0 0 0 0 0 0 0 0 0 0 0 0 0 0 1 0 0 0 0 0 0 0 0 0 0 0 0 0 0 0 0 0 1 0 0 0 0 0 0 0 0 0 0 0 0 0 0 0 0 0 0 0 0 0 0 0 0 0 0 0 0 0 0 0 1 2 28 4 0 0 18 0 0 0 0 0 0 0 0 1 0 0 0 0 0 0 0 0 0 0 0 26 0 16 0 0 0 0 0 0 0 0 0 0 0 0 
 180 305 260 164 402 123 81 0 169 171 256 173 196 95 153 333 122 21 245 67 1 3 1 4 0 1 0 2 0 0 0 3 2 0 2 3 0 2 149 0 2 0 0 2 0 3 0 2 0 0 0 1 0 0 0 0 0 0 0 0 2 2 2 0 4 3 0 8 0 2 3 3 4 0 0 0 0 0 0 0 22 13 20 23 37 3 22 0 24 13 13 15 15 8 28 28 15 0 20 19 0 0 0 0 0 0 0 0 0 0 0 0 31 1 0 0 0 0 18 13 0 0 0 0 0 0 0 0 0 0 0 0 0 0 0 0 0 0 0 0 0 0 3 0 0 0 0 0 0 0 0 0 0 0 0 0 0 0 10 0 24 15 11 0 42 5 0 11 24 3 0 26 9 0 10 10 0 0 0 10 0 0 0 0 0 0 11 0 0 0 0 0 0 21 0 0 0 0 0 0 9 0 0 0 0 0 0 15 0 0 0 0 0 0 0 0 0 0 0 0 0 0 0 0 0 0 0 0 0 0 0 0 0 0 0 0 0 0 0 0 0 0 0 0 0 2 1 2 2 0 0 17 0 0 0 0 0 0 0 0 0 0 0 0 0 0 0 0 0 0 0 1 0 0 0 1 0 0 0 0 0 0 0 0 0 0 0 0 0 0 
 58 78 109 152 100 357 227 169 0 236 51 46 361 643 185 84 356 46 290 292 0 0 1 73 0 1 2 2 0 0 0 0 2 0 2 5 0 0 11 0 0 0 0 2 0 3 0 2 0 0 0 0 0 0 0 0 0 0 0 0 2 0 0 0 0 0 0 0 0 0 3 0 3 0 0 3 0 0 0 0 30 40 57 22 43 24 38 0 35 12 0 13 5 30 27 34 27 15 41 41 0 0 0 0 0 0 8 0 0 0 0 0 0 1 0 7 0 0 21 35 0 0 0 0 0 0 0 0 0 0 0 0 0 0 0 0 0 0 0 0 0 0 0 0 0 0 0 0 0 0 0 0 0 0 0 0 0 0 0 0 0 8 16 19 13 1 1 11 44 20 12 1 0 12 10 0 13 17 0 0 11 0 0 0 0 0 0 0 0 0 0 0 0 14 0 0 0 0 0 0 0 1 0 0 0 0 0 0 0 0 0 0 0 0 0 0 0 0 0 0 0 0 0 0 0 0 0 0 0 0 0 0 0 0 0 0 0 0 0 0 0 0 0 0 0 0 0 0 2 1 0 10 0 0 0 0 2 0 0 0 74 0 0 0 0 0 0 0 0 0 0 0 0 0 0 10 0 0 0 0 0 0 0 0 0 0 0 0 0 0 
 136 123 372 160 172 143 40 171 236 0 262 195 126 244 102 200 191 89 160 172 0 0 1 5 0 0 0 2 0 0 2 0 2 0 0 3 0 0 0 0 0 0 0 2 0 3 6 0 0 0 0 0 0 0 6 0 0 0 0 0 3 2 0 0 0 0 0 1 0 0 3 0 3 0 0 1 0 0 0 0 0 0 9 15 25 23 14 0 1 0 43 56 13 35 3 40 31 29 0 0 0 0 0 0 0 0 14 0 0 1 0 0 1 14 0 14 0 0 17 15 0 0 10 0 0 0 0 0 0 0 13 0 0 0 0 0 0 0 0 0 0 0 0 0 0 0 0 0 6 0 0 0 0 1 0 0 0 0 0 0 18 32 0 1 27 6 14 20 32 36 23 14 11 10 12 0 11 26 0 2 12 1 16 0 0 0 0 0 0 0 0 0 0 0 1 0 0 0 28 1 2 0 0 0 0 0 0 0 0 0 0 0 0 0 0 0 0 0 0 0 0 0 2 0 0 0 0 0 0 0 0 0 0 0 0 0 0 0 0 0 0 0 0 0 0 0 2 1 6 0 22 9 0 0 0 0 0 0 0 0 0 0 1 0 0 0 0 0 0 0 0 0 0 0 0 11 9 0 0 0 0 0 0 0 0 0 0 0 0 0 
 336 254 144 194 180 64 13 256 51 262 0 389 104 122 80 168 191 228 117 152 74 0 0 0 1 0 74 1 0 0 0 2 2 74 0 4 0 0 73 0 0 0 0 2 0 3 9 0 0 0 0 0 0 0 3 0 0 0 0 0 2 1 0 0 0 0 5 5 0 0 2 0 6 0 0 0 0 50 0 0 1 24 20 0 18 19 31 11 0 15 27 1 7 11 0 37 1 26 0 0 0 0 0 0 0 0 21 0 0 19 0 0 23 21 26 10 1 0 42 50 0 0 9 0 0 0 0 0 0 0 0 0 0 0 0 0 0 0 0 0 0 0 0 0 0 0 0 0 7 0 4 0 0 0 0 0 0 0 0 0 0 12 54 14 16 0 9 0 16 34 24 0 0 13 0 0 13 17 0 0 15 11 11 0 0 0 0 0 0 0 0 0 9 0 1 20 10 0 11 17 0 0 0 0 0 0 0 7 0 0 0 0 0 0 0 0 0 0 0 0 0 0 0 0 0 0 0 0 0 0 0 0 0 0 0 0 0 0 0 0 0 0 0 0 0 3 2 0 87 1 0 5 1 0 2 0 0 0 0 0 0 0 0 0 0 0 0 0 0 0 0 0 0 0 0 11 27 0 0 0 0 0 0 0 0 0 0 0 0 2 
 376 365 433 27 216 366 247 173 46 195 389 0 34 108 259 203 299 147 33 105 92 0 0 0 0 72 78 1 0 1 5 0 2 72 0 4 0 0 116 0 0 0 0 2 0 3 0 0 0 0 0 0 0 0 2 0 0 0 2 0 2 10 0 0 0 0 2 10 0 0 0 0 3 0 0 0 0 54 0 0 0 14 0 0 31 16 18 0 11 18 22 14 0 16 24 46 8 24 0 0 0 0 0 0 0 0 0 0 0 24 0 0 54 10 0 27 0 0 24 32 0 0 0 0 8 0 0 0 0 0 0 0 0 0 0 0 0 0 0 0 0 0 0 0 0 0 0 0 3 0 6 0 0 0 0 0 0 0 0 0 12 31 0 0 31 6 14 13 69 51 15 15 13 10 0 0 10 10 0 0 13 11 10 0 0 0 30 0 0 0 0 0 18 0 1 14 9 0 12 17 0 0 0 0 0 0 0 0 0 0 0 0 0 0 0 35 0 0 0 0 0 0 0 0 0 0 0 0 0 0 0 0 0 0 0 0 0 0 0 0 0 0 0 0 0 2 1 0 3 4 21 12 0 2 0 0 0 0 0 0 0 0 0 0 0 0 0 0 0 13 0 15 0 0 0 9 9 0 0 0 0 0 0 0 0 0 0 0 0 0 
 150 61 76 56 78 31 569 196 361 126 104 34 0 182 79 289 339 94 110 190 0 1 0 1 0 3 0 0 0 0 0 2 2 0 0 3 0 0 2 0 0 0 0 2 0 3 0 0 0 0 0 0 0 0 0 0 0 0 58 0 2 0 0 0 0 0 3 0 0 0 0 2 38 0 0 0 0 0 0 0 58 25 0 15 0 2 37 22 51 13 16 1 0 1 33 21 0 0 29 35 0 0 0 0 0 0 0 0 0 0 8 0 0 1 0 0 1 0 1 0 0 0 0 0 0 0 0 0 0 0 1 0 0 0 0 0 0 0 0 0 0 0 0 0 0 0 0 0 0 0 0 0 14 0 0 0 0 41 0 0 0 22 39 26 1 3 17 23 1 0 7 11 0 0 26 17 20 20 15 29 0 0 0 0 0 0 0 0 0 0 0 0 0 0 0 0 0 0 0 0 0 0 0 0 0 0 0 0 0 0 0 2 0 0 0 16 0 0 0 0 0 0 0 1 0 0 0 0 0 0 0 0 0 1 0 0 0 0 0 0 0 0 0 0 0 0 4 0 1 2 0 4 0 0 0 0 0 0 0 0 0 0 0 0 0 0 0 0 0 0 0 0 0 0 0 11 0 0 0 0 0 0 0 0 0 0 0 0 0 0 
 577 233 342 94 219 48 335 95 643 244 122 108 182 0 111 227 573 44 409 221 26 0 1 0 0 1 2 1 0 0 0 1 2 0 0 3 0 4 0 0 0 0 0 2 0 3 2 57 0 0 0 0 0 0 6 0 0 1 29 0 2 5 0 0 0 0 0 0 29 0 3 0 3 0 0 0 0 0 0 0 39 10 0 32 7 2 48 9 82 1 20 7 20 52 58 31 14 21 26 1 0 0 0 2 0 0 0 0 0 0 0 2 9 0 0 0 0 0 24 0 0 0 0 0 0 0 0 0 0 0 0 0 0 0 0 0 0 0 0 1 0 2 6 10 5 0 0 0 0 0 0 2 0 0 0 0 0 0 0 0 13 19 10 20 1 8 0 9 0 5 10 39 10 0 7 0 39 33 0 0 0 0 0 0 0 0 0 1 0 17 0 0 0 0 0 0 0 0 0 0 0 0 0 0 0 0 0 0 0 0 0 0 0 0 32 0 0 0 0 0 0 20 0 0 0 0 0 0 0 0 0 0 0 0 0 0 0 2 0 0 0 0 0 0 0 0 45 0 1 0 27 12 0 0 0 0 0 0 0 0 0 0 0 0 0 0 0 0 0 0 0 0 0 32 0 0 0 0 0 0 0 0 0 0 0 0 0 0 0 0 
 224 60 152 46 165 56 437 153 185 102 80 259 79 111 0 173 177 44 401 190 0 0 0 4 2 0 0 0 0 0 1 0 2 0 0 3 0 2 0 0 0 0 0 2 0 3 0 0 0 0 0 0 0 0 0 0 0 0 0 0 2 0 0 0 4 0 2 0 0 0 1 1 3 0 0 0 0 52 0 0 22 10 8 0 12 0 19 34 20 10 10 0 0 0 10 28 0 21 13 52 0 0 0 0 0 0 0 0 0 0 0 0 0 0 0 0 0 0 30 17 14 0 0 0 0 0 0 0 0 43 0 0 0 0 0 0 0 0 0 0 0 0 0 0 0 3 0 0 0 0 0 0 0 1 0 0 0 0 0 0 2 19 15 9 0 0 10 1 25 0 9 11 19 13 15 35 0 0 0 7 0 0 0 0 0 0 0 0 0 0 0 0 0 0 1 0 0 0 0 17 0 0 0 0 0 0 0 0 0 0 0 2 0 0 0 0 0 0 0 0 0 0 0 0 0 0 0 0 0 0 0 0 0 0 0 0 0 0 0 0 0 0 0 0 0 0 2 0 0 0 0 4 0 0 1 0 0 0 0 0 0 0 0 0 0 0 0 0 0 0 0 0 0 0 0 18 0 12 0 0 0 0 0 0 0 0 0 0 0 0 
 20 128 336 146 157 178 223 333 84 200 168 203 289 227 173 0 252 215 282 81 0 0 66 0 0 0 0 1 0 0 0 0 80 0 0 3 0 78 154 108 0 0 0 2 6 3 0 0 0 1 0 0 0 0 7 0 0 0 0 0 3 0 1 0 0 0 31 5 0 0 3 0 3 0 0 0 0 32 0 0 1 42 0 44 5 10 16 0 0 3 1 10 0 7 0 2 4 38 0 0 0 0 0 0 0 1 0 0 0 0 2 0 28 15 22 0 0 0 46 33 0 0 0 11 1 0 0 0 0 0 0 0 0 0 0 0 0 0 0 0 0 0 1 0 1 0 0 2 0 0 0 0 4 2 0 0 0 0 0 0 0 8 14 38 34 40 1 12 0 0 0 48 0 1 0 0 16 0 0 0 0 0 0 0 0 0 1 27 0 0 0 0 0 33 0 0 12 0 2 18 0 0 0 0 0 0 0 0 0 0 0 0 0 0 0 0 2 18 0 0 0 0 0 0 0 0 0 0 0 0 0 0 0 0 0 0 16 0 0 0 0 10 0 0 0 2 3 0 86 3 11 4 2 0 0 0 0 0 0 0 0 0 21 0 0 0 0 0 0 0 0 0 0 0 0 0 15 0 0 0 0 0 0 0 0 3 0 0 0 0 
 312 182 141 92 61 77 276 122 356 191 191 299 339 573 177 252 0 738 342 238 3 0 0 0 2 3 3 1 0 0 0 0 65 0 0 3 0 6 2 0 0 2 0 3 6 4 0 0 0 0 0 0 0 0 0 3 0 2 0 0 2 10 0 0 2 0 5 55 0 3 3 2 3 0 0 0 0 3 0 2 18 27 54 1 0 18 0 12 16 31 37 29 17 32 22 1 0 45 12 2 0 0 0 0 0 0 0 0 0 0 0 0 1 1 0 0 0 0 16 0 0 0 1 0 1 0 0 0 0 0 0 0 0 0 0 0 0 0 0 0 0 0 0 0 0 0 0 0 0 0 0 0 0 0 0 0 0 0 0 0 0 21 0 0 27 21 16 0 30 24 0 12 19 11 27 13 13 12 19 7 0 0 0 0 0 1 37 16 0 0 0 0 1 0 0 0 0 0 0 1 1 0 0 0 0 0 0 0 0 0 0 0 0 0 0 2 0 0 0 0 0 0 1 0 25 0 0 0 0 0 0 0 0 0 0 0 18 0 0 0 0 5 0 0 0 2 0 0 45 0 20 5 0 0 0 0 0 0 0 0 0 0 17 0 0 0 0 0 0 2 0 0 0 0 0 0 7 0 0 0 0 0 0 0 0 0 0 0 0 0 
 255 298 350 119 33 272 36 21 46 89 228 147 94 44 44 215 738 0 240 28 73 2 1 1 0 0 3 2 0 76 2 2 150 2 73 3 2 0 2 1 0 0 0 3 0 3 0 0 0 0 0 0 0 0 5 0 0 0 62 0 2 0 8 0 0 0 7 0 0 4 3 7 3 3 0 0 0 12 0 0 0 1 2 0 8 11 14 0 61 0 25 11 0 5 15 0 0 4 12 0 0 0 13 0 2 0 16 0 0 0 0 0 3 21 19 0 0 0 18 1 0 0 0 0 0 0 0 0 0 0 0 0 0 0 0 0 0 0 0 0 0 0 0 0 0 0 0 0 0 0 0 0 0 0 0 0 0 0 0 2 1 8 0 0 12 19 15 0 62 13 0 10 0 10 0 0 29 24 0 21 0 2 16 0 0 0 13 6 0 0 0 0 0 2 0 0 14 10 0 0 0 0 0 0 1 0 0 0 0 0 0 0 2 0 0 0 0 0 0 0 0 0 0 0 0 0 0 0 1 0 1 0 0 0 0 0 0 0 0 0 0 14 0 0 1 0 99 0 45 105 33 20 28 0 0 0 0 0 0 0 0 0 14 0 0 0 0 0 0 0 0 0 0 1 0 0 6 0 0 0 0 0 0 0 0 0 0 0 0 0 
 273 138 32 62 57 75 145 245 290 160 117 33 110 409 401 282 342 240 0 88 0 0 0 0 0 0 0 0 0 1 38 0 2 0 0 3 0 0 0 0 0 0 0 2 0 3 81 0 0 0 0 0 0 0 1 0 0 0 0 0 2 0 0 0 0 0 2 0 0 0 0 1 3 0 0 0 0 0 0 0 20 26 34 0 0 0 4 53 2 34 48 1 28 0 0 1 0 9 15 41 0 0 0 0 0 0 1 0 0 0 1 0 0 0 0 0 0 0 0 0 0 0 0 0 1 0 0 0 0 0 0 0 0 0 0 0 0 0 0 0 0 0 0 0 0 6 0 0 0 1 0 0 0 1 0 0 0 0 0 0 1 0 14 19 0 0 0 13 0 6 36 0 19 0 30 21 21 18 1 11 0 17 0 0 0 0 0 0 0 0 0 0 0 0 0 20 0 0 2 0 1 0 0 0 0 0 0 0 0 0 0 0 0 0 0 2 2 0 0 0 0 0 1 12 0 0 0 1 0 0 0 7 0 0 0 0 0 12 0 0 0 0 0 0 0 0 2 0 2 2 1 8 0 0 0 0 0 0 0 0 0 0 0 0 0 0 0 0 61 2 0 0 0 0 0 0 0 2 0 0 0 0 0 0 0 0 0 0 0 0 
 274 247 155 67 92 67 272 67 292 172 152 105 190 221 190 81 238 28 88 0 2 0 3 0 0 2 0 1 0 0 0 0 2 0 0 3 0 0 3 0 2 0 1 2 0 3 5 0 0 0 0 0 1 2 5 0 0 1 0 0 2 0 0 0 0 0 1 4 0 0 2 0 3 0 1 1 0 3 0 0 18 1 0 3 11 0 10 53 25 0 26 0 1 17 14 17 19 0 0 2 0 0 0 0 0 0 0 0 0 0 0 0 0 0 2 0 0 0 20 0 0 0 0 0 0 0 0 0 0 0 0 0 0 0 0 0 0 0 0 0 0 0 6 0 5 0 0 0 0 24 0 10 0 0 0 0 0 0 0 2 21 0 2 7 0 0 33 39 0 0 30 30 30 14 0 13 32 18 0 0 0 2 0 0 0 0 0 0 0 0 3 0 0 0 0 0 0 0 0 0 0 0 0 1 1 0 0 0 0 0 0 0 2 0 1 0 0 0 0 0 0 0 0 0 0 12 0 0 1 14 1 0 0 0 0 0 0 0 0 0 0 0 0 0 1 0 45 0 0 0 0 7 0 0 0 0 0 0 0 0 0 0 0 0 0 0 0 0 0 0 0 0 0 1 0 17 0 0 0 0 0 0 0 0 0 0 0 0 0 0 
 0 0 0 0 1 0 0 1 0 0 74 92 0 26 0 0 3 73 0 2 0 243 162 76 192 31 446 255 201 75 132 111 72 171 191 119 35 115 266 99 3 2 2 0 0 2 3 62 1 0 0 63 0 0 0 0 2 2 1 3 0 0 0 0 0 0 1 0 0 0 0 0 0 3 0 0 0 0 0 0 0 0 0 0 0 2 0 0 0 0 0 14 0 0 0 1 0 0 37 0 44 22 17 22 12 11 10 17 0 34 0 0 10 31 0 37 21 24 0 0 0 0 0 0 0 0 11 0 1 0 0 0 0 17 0 0 0 0 1 14 0 2 0 0 18 0 0 0 5 0 8 0 0 0 5 0 0 0 1 0 0 0 0 0 0 14 2 0 2 0 0 0 0 2 0 0 0 0 0 0 54 26 38 12 0 14 12 2 38 37 63 23 34 27 0 26 10 1 38 1 0 0 0 0 0 2 0 0 0 0 0 0 0 0 0 0 0 0 3 0 2 22 0 0 0 0 0 0 0 0 0 0 0 0 0 0 0 0 0 0 0 1 0 0 0 0 24 0 0 0 0 0 0 0 16 2 0 77 4 0 0 0 0 0 0 0 0 0 0 0 0 0 0 43 0 0 0 0 0 0 0 0 0 0 0 0 0 0 0 0 
 4 0 0 0 73 122 0 3 0 0 0 0 1 0 0 0 0 2 0 0 243 0 167 313 89 27 210 247 173 400 185 147 271 138 383 262 124 135 64 97 4 2 2 0 0 2 3 0 0 0 0 0 0 0 0 0 2 2 0 3 0 0 0 0 0 2 1 0 0 0 0 0 0 3 0 0 0 0 0 0 0 0 0 0 0 0 0 0 0 0 0 0 0 0 0 0 0 0 0 0 24 22 0 24 24 34 0 45 0 0 6 0 2 0 0 0 12 52 0 0 2 0 0 0 0 0 9 10 0 2 0 0 0 10 1 0 0 0 14 12 0 0 0 0 1 0 0 0 0 0 0 0 0 1 0 0 0 0 0 0 0 0 0 0 18 0 0 0 22 0 0 0 0 0 0 0 0 0 0 0 19 0 19 19 12 30 20 9 22 20 1 30 1 17 28 8 9 32 0 14 0 0 15 1 0 0 9 0 0 0 10 0 0 0 0 0 0 1 0 0 0 0 0 0 0 0 0 0 0 0 0 0 0 0 0 0 0 0 0 0 0 0 1 0 0 0 0 0 0 0 0 0 0 0 18 0 1 3 85 0 2 0 0 0 0 0 0 0 0 0 0 0 0 0 0 0 0 0 0 0 0 0 0 0 0 12 0 0 0 0 
 0 1 2 76 2 1 2 1 1 1 0 0 0 1 0 66 0 1 0 3 162 167 0 164 124 43 80 327 543 59 231 129 70 68 82 145 102 42 403 246 29 2 2 7 0 2 3 0 0 0 0 0 0 0 71 0 2 2 62 3 0 0 0 0 0 4 0 0 0 0 0 0 0 3 0 0 0 1 0 0 0 0 0 0 0 0 0 0 0 0 0 0 0 0 0 0 0 0 0 0 22 0 15 0 0 19 18 36 13 40 24 11 0 0 26 15 34 20 0 0 14 0 0 0 0 0 0 10 0 0 0 0 0 55 0 0 0 0 0 0 0 0 2 0 0 0 1 0 0 0 0 0 2 0 0 0 3 0 0 0 0 0 0 0 0 2 0 0 1 0 0 0 1 0 0 0 0 0 0 7 30 14 26 19 0 43 0 8 0 13 46 39 18 30 34 10 2 35 18 0 0 0 0 0 0 0 6 0 0 0 0 0 10 12 0 0 0 0 0 10 11 0 0 0 0 0 0 0 0 0 0 0 2 0 0 0 8 0 0 0 0 0 0 0 0 0 1 0 0 0 0 0 0 0 12 0 2 0 1 0 0 12 0 2 0 0 0 0 0 0 0 0 0 0 0 0 0 0 0 0 0 13 0 0 0 0 0 0 0 0 
 0 2 72 0 0 0 74 4 73 5 0 0 1 0 4 0 0 1 0 0 76 313 164 0 146 58 297 285 139 403 512 30 62 75 80 63 564 34 87 271 77 2 1 0 0 3 3 4 2 0 0 0 0 0 6 0 7 2 67 70 0 0 0 0 7 6 0 0 0 0 0 0 0 3 0 4 0 0 1 0 0 0 11 11 0 0 12 0 0 0 5 0 1 11 0 14 9 5 0 14 0 0 0 0 1 8 0 17 30 0 27 31 0 0 0 0 0 0 12 0 0 71 2 2 5 0 0 0 0 0 0 0 20 10 14 0 0 0 7 25 0 0 0 0 0 0 0 0 0 0 0 0 2 0 1 2 1 0 0 0 0 0 16 17 0 0 0 1 0 0 27 7 0 10 0 0 8 12 0 0 0 0 0 0 0 11 0 0 0 0 11 19 0 0 0 0 0 0 2 0 1 0 0 0 0 0 0 0 9 0 0 0 23 33 18 1 0 2 14 37 1 0 0 0 0 0 0 0 0 0 0 0 0 0 0 0 0 15 0 1 0 0 7 0 0 0 0 0 0 0 0 0 0 0 3 2 0 2 77 2 3 1 0 0 0 0 0 0 0 0 0 0 0 0 0 1 0 0 0 9 0 5 0 0 0 0 0 0 0 0 
 0 2 0 0 0 0 0 0 0 0 1 0 0 0 2 0 2 0 0 0 192 89 124 146 0 140 79 161 69 188 494 60 141 123 65 155 73 119 88 101 4 2 3 26 0 1 4 0 0 77 0 0 62 0 32 0 2 69 26 5 0 0 0 3 0 0 2 0 0 0 5 5 0 3 0 0 0 2 0 0 0 0 1 0 0 0 1 0 0 0 0 0 0 0 0 0 0 0 0 0 13 8 0 0 1 5 0 20 0 0 19 19 0 14 0 0 0 20 0 0 18 14 12 2 0 0 11 1 0 14 0 0 21 11 3 8 14 7 0 56 0 0 0 2 0 0 0 1 0 0 0 0 0 0 0 4 9 0 0 0 0 0 0 0 0 0 0 0 4 0 0 0 0 0 0 0 0 0 0 0 0 0 0 44 12 9 0 0 0 7 0 33 0 0 0 0 0 0 2 3 22 18 0 0 10 0 7 18 11 0 0 0 23 28 22 0 0 2 15 18 3 0 0 0 0 0 0 0 0 0 0 0 0 0 0 0 0 0 0 0 0 0 0 0 0 0 0 0 0 0 0 0 0 0 6 0 0 7 75 2 83 11 0 0 0 0 7 0 0 0 0 0 0 0 0 0 0 0 0 0 0 11 0 0 0 0 0 0 0 0 
 0 0 0 2 0 0 1 1 1 0 0 72 3 1 0 0 3 0 0 2 31 27 43 58 140 0 26 33 38 53 123 57 32 68 47 69 69 270 256 73 22 19 109 20 64 4 66 0 61 6 0 0 31 54 127 3 2 64 69 3 0 0 6 10 6 0 7 0 5 0 2 2 4 3 0 0 1 0 0 0 0 8 0 0 0 0 0 0 0 12 2 2 0 0 2 1 0 0 0 0 0 0 0 0 0 0 0 0 0 0 0 26 0 0 0 0 0 0 1 0 27 0 9 16 7 0 14 35 11 2 0 20 20 11 13 1 14 10 8 0 0 0 0 0 0 0 0 1 0 6 0 10 0 0 0 0 0 0 0 0 0 0 0 0 0 0 9 1 0 0 0 0 0 0 0 0 0 1 0 0 0 0 0 1 0 10 0 0 0 1 0 0 0 0 0 0 0 0 0 0 31 26 0 11 10 0 31 21 19 30 0 4 22 15 4 0 9 12 1 0 0 0 0 0 0 0 0 0 0 0 0 2 0 0 0 0 0 0 1 0 0 0 0 0 0 0 0 0 0 0 0 0 0 0 14 5 0 4 6 0 2 0 0 0 0 0 0 0 0 1 0 0 0 0 0 0 0 1 0 0 0 0 0 0 0 0 13 0 0 3 
 0 0 0 0 75 76 2 0 2 0 74 78 0 2 0 0 3 3 0 0 446 210 80 297 79 26 0 166 116 307 110 149 233 149 44 81 36 247 48 88 2 63 2 0 0 2 3 0 3 3 0 0 0 0 0 0 2 2 1 3 0 1 0 0 0 0 49 0 0 0 0 0 0 3 1 0 0 0 0 0 0 0 0 0 0 0 0 0 0 0 0 14 0 0 0 0 0 0 0 0 37 17 10 12 11 20 13 19 2 39 0 0 17 25 2 24 11 35 0 0 0 0 0 0 0 0 0 0 0 0 0 0 0 1 0 0 0 0 0 16 0 0 0 1 0 0 0 0 6 0 9 0 0 0 5 0 0 0 0 0 0 0 0 0 0 15 0 0 5 0 0 0 0 0 5 0 0 0 0 0 12 18 28 19 12 9 0 15 11 14 11 26 31 11 7 30 1 20 45 52 0 0 0 0 0 0 0 0 0 0 0 0 0 0 0 0 0 0 0 0 2 0 0 0 0 0 0 0 0 0 0 0 0 0 0 0 0 0 0 0 0 0 0 0 0 0 73 0 0 0 0 0 0 0 14 0 1 3 78 1 2 1 0 0 0 0 0 0 0 0 0 0 0 0 0 0 0 0 0 0 0 0 2 0 0 0 0 0 0 0 
 49 2 1 1 75 1 0 2 2 2 1 1 0 1 0 1 1 2 0 1 255 247 327 285 161 33 166 0 95 98 41 35 168 171 104 209 159 195 141 193 2 2 9 0 0 1 3 0 0 0 0 0 63 4 0 0 4 8 0 3 0 2 0 0 0 24 2 0 6 0 2 0 0 3 0 0 0 0 0 0 0 0 0 0 0 0 0 0 0 0 0 0 0 13 0 0 0 0 0 0 6 61 9 0 15 0 0 58 24 21 39 1 0 2 0 23 32 61 0 0 0 0 0 0 0 0 0 0 0 0 0 0 0 0 0 0 1 0 17 15 0 0 0 34 1 0 0 0 0 0 0 0 1 0 0 0 0 0 0 2 13 0 0 0 0 0 0 0 2 0 0 0 0 0 0 0 0 0 0 0 0 0 0 15 9 2 25 6 22 0 0 1 17 56 18 77 9 67 3 35 0 2 0 1 0 8 0 0 0 0 0 0 0 0 0 0 0 0 7 0 0 0 0 0 0 0 0 0 1 0 0 0 0 0 0 0 0 0 0 0 0 0 0 0 0 2 0 0 0 0 0 0 0 0 1 2 0 86 2 0 2 2 0 0 0 2 0 0 0 0 0 0 0 0 0 0 0 0 0 0 0 39 0 0 0 0 0 0 0 16 
 0 0 2 0 2 0 1 0 0 0 0 0 0 0 0 0 0 0 0 0 201 173 543 139 69 38 116 95 0 149 306 195 174 341 218 309 423 189 334 274 2 2 2 0 0 2 8 0 0 0 0 0 62 0 0 0 2 2 0 3 0 0 0 0 0 24 0 0 0 0 0 0 0 3 0 0 0 0 0 0 0 0 0 0 0 0 0 0 0 0 0 0 20 0 0 0 0 0 0 0 21 0 16 35 0 9 0 7 14 12 0 8 0 2 0 9 8 1 0 3 0 1 0 0 0 0 11 0 0 0 0 0 0 22 7 17 0 0 19 0 0 0 0 0 0 0 0 0 0 0 0 0 4 0 0 0 0 0 0 0 0 0 0 0 0 5 0 0 0 0 0 0 0 0 0 0 0 0 0 0 13 15 33 0 19 26 0 0 44 0 30 20 15 6 23 8 7 0 0 0 0 0 0 0 0 0 12 0 0 0 0 0 14 0 0 0 0 0 25 13 0 0 0 0 0 0 0 0 0 0 0 1 0 0 0 0 0 0 0 0 0 0 9 0 0 0 0 0 0 0 0 0 0 0 11 0 0 10 1 0 0 12 15 0 0 0 0 0 0 0 0 0 0 0 0 0 0 0 0 0 0 10 0 0 0 1 0 0 0 0 
 0 0 0 2 0 0 1 0 0 0 0 1 0 0 0 0 0 76 1 0 75 400 59 403 188 53 307 98 149 0 325 199 122 187 248 262 163 268 67 169 6 4 3 0 0 1 3 0 0 0 0 0 63 0 0 0 7 2 3 3 0 0 0 0 0 0 4 0 0 0 0 0 0 3 0 0 0 0 0 0 0 0 0 0 20 2 0 0 0 0 2 0 0 0 0 0 0 0 0 0 29 46 2 11 26 26 1 15 0 30 0 0 7 15 0 0 20 42 0 10 0 0 0 0 0 0 11 9 0 0 0 0 1 69 0 0 0 0 6 39 0 0 0 5 0 0 0 0 0 2 0 0 0 0 0 0 0 0 0 0 0 14 0 0 0 18 0 0 1 0 0 0 0 6 0 2 11 0 27 0 9 1 53 26 9 12 17 0 10 23 24 9 0 0 8 0 1 20 0 7 1 0 0 0 0 0 0 0 0 0 0 0 21 0 13 0 0 0 9 9 0 0 0 0 0 0 0 0 0 0 0 0 0 0 0 0 0 0 0 0 0 0 0 0 0 1 0 0 0 0 0 0 0 0 48 0 5 163 16 0 2 2 0 0 0 0 0 0 0 0 0 0 0 11 0 0 0 0 0 0 0 0 0 0 0 0 0 0 0 0 
 0 0 0 0 0 0 0 0 0 2 0 5 0 0 1 0 0 2 38 0 132 185 231 512 494 123 110 41 306 325 0 121 133 246 81 168 108 297 168 77 64 2 2 64 0 2 58 0 0 0 2 0 65 0 62 0 2 2 1 65 0 0 0 0 0 0 0 1 0 0 0 0 0 7 0 0 0 0 0 0 0 0 0 0 0 0 0 0 0 0 0 0 0 0 0 0 0 0 0 1 8 10 16 7 0 10 0 33 19 7 23 0 0 0 30 1 53 13 0 0 20 1 18 0 0 0 51 0 0 9 0 0 0 19 0 0 0 0 2 6 0 0 0 0 0 0 0 0 0 0 0 0 6 0 0 2 0 0 0 0 0 0 0 0 0 1 0 0 2 0 0 0 0 0 0 0 0 0 0 0 12 12 12 22 11 4 0 28 7 0 12 24 13 14 12 10 23 34 1 0 1 27 1 0 0 0 0 0 0 0 0 0 19 0 0 0 0 0 29 28 0 0 0 0 0 0 0 0 0 0 0 0 0 0 0 0 0 0 0 0 0 0 0 0 0 0 0 0 0 1 0 1 0 0 26 1 2 0 8 1 1 12 0 0 0 0 0 0 0 0 0 0 0 0 0 0 0 0 0 9 0 23 0 0 0 0 0 0 0 0 
 0 0 0 3 0 0 4 3 0 0 2 0 2 1 0 0 0 2 0 0 111 147 129 30 60 57 149 35 195 199 121 0 50 60 110 116 117 156 42 22 4 3 14 0 0 1 65 0 0 0 0 0 1 0 0 0 65 2 6 3 0 0 0 0 0 27 4 0 0 0 0 0 1 3 0 0 0 0 0 0 0 0 0 0 0 0 0 0 0 0 0 0 0 0 0 0 0 0 0 0 41 13 0 10 38 1 0 13 0 12 0 1 0 0 0 0 12 21 0 0 9 12 10 0 0 0 0 0 11 7 0 0 43 52 0 22 14 0 21 68 0 0 0 0 0 0 0 6 0 0 0 0 0 0 0 3 8 0 0 0 0 0 0 0 0 26 0 0 0 0 0 0 0 0 0 0 1 0 0 0 7 0 6 32 2 20 0 0 16 20 36 36 12 14 17 6 9 17 0 0 10 0 17 0 0 0 6 0 11 0 0 0 10 0 34 4 0 19 18 13 0 0 0 0 0 0 0 0 0 21 0 0 0 0 0 0 0 0 0 0 0 0 0 0 0 0 0 0 0 0 0 0 0 0 4 0 0 6 151 0 2 0 0 0 0 0 0 0 0 0 0 0 0 0 0 0 0 0 0 0 0 0 0 0 0 20 0 0 0 0 
 5 3 2 4 75 20 2 2 2 2 2 2 2 2 2 80 65 150 2 2 72 271 70 62 141 32 233 168 174 122 133 50 0 181 51 145 43 38 138 170 8 2 3 0 3 3 6 4 0 0 0 0 0 0 3 0 0 5 1 4 0 6 0 0 0 0 1 2 3 0 0 0 3 5 0 0 0 0 0 0 0 0 16 29 15 22 0 0 0 0 0 0 0 0 0 0 15 13 0 0 18 21 0 78 15 11 14 53 0 0 13 13 9 0 5 8 26 24 19 0 0 0 0 0 0 0 0 0 0 0 0 0 0 0 0 0 0 0 10 8 0 0 1 0 0 0 0 0 0 0 0 0 0 0 0 0 0 0 0 0 0 0 0 0 0 27 0 0 2 0 16 0 0 0 0 0 0 0 0 0 0 0 0 12 0 0 22 35 36 0 39 14 44 23 7 7 0 31 12 12 32 0 0 0 0 0 0 0 0 0 0 0 0 0 0 0 0 0 0 0 0 0 0 0 0 0 0 0 0 0 0 0 9 0 0 0 13 0 0 0 0 9 0 0 0 0 3 0 0 0 0 0 0 0 6 1 0 42 1 0 1 1 10 0 0 0 0 0 0 0 0 0 0 0 0 0 0 0 0 0 0 0 0 0 0 0 0 0 0 0 
 0 0 0 1 0 0 0 0 0 0 74 72 0 0 0 0 0 2 0 0 171 138 68 75 123 68 149 171 341 187 246 60 181 0 118 125 41 55 91 102 2 2 6 4 3 5 3 2 3 3 1 2 0 0 1 2 3 4 0 3 3 2 0 0 2 0 1 3 2 0 2 0 0 5 0 1 4 0 3 0 20 0 0 0 1 0 0 0 0 0 0 0 0 0 0 2 0 0 0 0 52 12 0 11 0 0 0 74 0 48 0 1 10 26 0 18 54 30 0 9 0 0 0 0 0 0 1 1 0 0 0 0 0 1 0 0 0 1 0 48 0 0 0 0 0 0 0 0 3 0 4 28 0 1 3 2 0 0 0 0 0 0 0 0 0 0 0 0 3 0 0 0 0 2 0 0 0 0 0 2 27 24 51 7 4 14 0 0 0 12 10 43 20 18 18 16 20 4 11 0 0 0 0 0 0 0 1 0 0 0 0 0 2 0 2 0 0 0 0 0 0 0 0 0 0 0 0 0 0 0 0 0 0 0 0 0 0 0 0 0 0 0 8 0 0 0 0 0 0 0 0 0 0 0 17 0 3 84 75 1 0 0 0 0 0 0 0 0 0 0 2 0 0 0 0 3 0 0 0 0 0 0 0 0 0 0 0 0 0 0 
 3 0 0 0 0 1 0 2 2 0 0 0 0 0 0 0 0 73 0 0 191 383 82 80 65 47 44 104 218 248 81 110 51 118 0 195 485 272 90 120 82 4 2 0 0 2 3 0 1 0 0 0 0 0 0 4 0 5 16 3 0 0 0 0 0 0 13 1 0 15 4 0 0 3 0 0 0 3 0 2 0 0 0 0 0 0 0 0 0 0 0 0 0 0 0 0 0 0 0 0 10 8 20 31 24 23 11 9 10 0 0 1 0 7 13 8 0 16 0 0 0 0 0 21 0 0 4 10 0 0 0 0 0 12 2 0 0 0 41 18 0 0 0 0 0 0 0 0 0 0 0 0 0 0 1 0 0 0 2 0 0 12 0 12 0 9 1 0 0 0 0 0 0 0 7 0 1 0 0 0 6 33 0 10 20 58 12 13 9 4 15 25 0 0 20 0 21 41 0 13 0 0 2 0 0 0 1 0 0 0 2 0 0 0 0 0 0 1 11 0 0 0 4 0 0 0 0 0 0 1 2 0 0 0 0 0 0 0 0 0 0 0 11 0 0 0 0 0 0 20 0 0 7 0 2 0 0 43 78 1 1 2 0 0 0 0 0 0 0 0 0 0 0 0 0 0 0 0 0 0 0 1 0 0 0 2 0 0 0 0 
 4 3 3 3 3 3 3 3 5 3 4 4 3 3 3 3 3 3 3 3 119 262 145 63 155 69 81 209 309 262 168 116 145 125 195 0 197 259 42 329 3 2 3 0 0 1 3 2 0 67 0 0 67 64 0 0 2 3 0 3 0 6 2 13 2 3 2 0 1 0 4 39 0 58 38 0 0 0 0 0 0 0 0 0 0 0 0 0 0 0 0 0 0 0 0 0 0 0 0 0 7 21 0 13 24 13 0 26 0 0 9 0 1 0 0 25 3 25 0 0 1 13 0 0 0 0 5 0 0 0 0 0 9 1 12 16 0 0 28 35 0 0 0 0 0 0 0 0 0 0 0 0 0 1 0 0 0 0 0 0 0 0 0 0 0 0 0 0 3 0 19 0 0 1 0 0 0 0 0 2 0 0 0 24 75 91 19 44 2 36 9 12 0 0 9 0 0 30 0 13 0 0 0 0 0 0 20 0 0 0 0 0 1 11 10 0 0 0 3 25 0 19 0 0 0 0 0 0 0 0 0 0 0 0 0 0 0 0 0 0 0 0 12 0 0 0 0 0 0 0 0 0 0 0 10 0 1 69 79 0 0 0 0 0 0 0 9 0 0 0 0 0 0 0 0 0 0 0 0 0 0 0 0 0 0 6 0 0 0 0 
 0 0 0 0 0 0 0 0 0 0 0 0 0 0 0 0 0 2 0 0 35 124 102 564 73 69 36 159 423 163 108 117 43 41 485 197 0 436 244 461 69 2 3 0 0 1 3 0 0 0 0 0 88 0 0 0 2 2 0 66 0 0 0 0 0 0 5 0 0 0 0 0 0 3 0 0 0 0 0 0 0 0 0 0 0 0 0 0 2 0 0 0 0 0 0 0 0 0 0 0 0 19 0 23 19 18 0 13 3 12 17 7 0 0 0 0 10 25 0 0 0 19 4 0 0 0 12 11 0 0 0 0 21 9 29 22 1 0 38 42 0 0 0 0 0 0 0 0 19 0 0 0 0 0 0 0 0 0 0 0 0 0 5 0 0 7 0 0 0 0 0 0 0 0 0 0 14 0 12 0 0 1 0 28 13 12 11 19 4 10 4 1 0 0 7 0 0 8 0 12 0 2 0 0 0 0 22 0 0 0 0 0 0 14 0 0 0 0 25 9 0 0 0 0 0 0 0 5 0 0 0 0 0 0 0 0 0 0 0 14 0 0 3 0 0 0 0 0 0 0 0 0 0 4 16 1 4 55 0 4 26 1 0 0 0 0 0 0 0 0 0 0 0 0 0 0 0 0 0 8 0 0 0 0 0 0 0 0 0 0 
 2 0 0 0 0 0 1 2 0 0 0 0 0 4 2 78 6 0 0 0 115 135 42 34 119 270 247 195 189 268 297 156 38 55 272 259 436 0 46 48 151 92 3 0 0 1 3 0 0 0 0 0 29 0 0 2 2 2 0 3 0 0 1 16 5 0 3 0 0 1 6 3 0 3 0 0 0 1 0 0 0 0 0 0 0 0 0 0 0 0 0 0 0 2 0 0 0 0 0 0 14 23 29 8 0 23 0 0 0 0 1 1 0 0 0 0 0 25 0 0 0 20 0 0 0 0 0 10 0 0 0 0 1 24 20 0 0 0 50 40 0 0 0 7 0 0 0 0 0 8 0 0 7 0 0 0 0 0 2 0 0 0 0 0 0 9 1 0 2 0 0 0 0 0 0 0 1 0 0 0 0 0 0 31 19 22 19 0 4 52 0 23 0 0 9 0 10 25 0 0 0 0 2 0 0 0 10 0 0 0 2 0 0 1 0 0 0 0 72 21 0 0 0 0 0 0 0 0 0 0 2 0 0 0 0 0 0 0 0 0 0 0 3 0 0 0 0 0 0 0 0 0 0 0 15 0 3 78 75 3 3 0 0 0 0 0 0 0 0 0 0 0 0 0 0 0 0 0 0 0 0 0 0 0 0 17 0 0 0 0 
 0 75 0 94 0 78 0 149 11 0 73 116 2 0 0 154 2 2 0 3 266 64 403 87 88 256 48 141 334 67 168 42 138 91 90 42 244 46 0 88 3 2 3 0 11 2 3 0 0 0 0 0 0 0 0 0 2 2 0 3 0 0 27 0 0 4 7 7 0 0 0 0 0 3 0 0 0 1 0 0 0 11 0 1 10 0 0 1 0 19 0 12 0 30 2 1 0 25 0 0 18 0 11 14 14 0 14 17 0 0 20 0 25 0 65 0 17 1 2 19 0 0 0 0 0 0 0 0 0 0 0 0 0 0 0 0 0 0 0 0 0 0 0 0 0 0 0 0 0 0 4 0 2 0 6 0 0 0 0 0 0 0 0 0 42 0 0 23 20 0 0 0 1 0 0 0 0 0 0 3 0 0 15 1 0 0 24 31 8 21 22 0 1 8 1 0 59 13 0 14 0 16 0 0 0 0 0 0 0 0 0 0 0 0 0 0 0 0 0 22 0 0 2 0 0 0 0 0 0 0 0 2 0 0 0 0 40 0 0 0 0 0 0 0 0 0 0 0 0 1 0 0 0 0 4 0 0 14 1 0 1 2 0 0 0 0 0 0 0 0 0 2 0 0 0 0 0 1 0 0 0 0 0 0 0 0 0 0 0 0 
 2 0 1 73 74 149 2 0 0 0 0 0 0 0 0 108 0 1 0 0 99 97 246 271 101 73 88 193 274 169 77 22 170 102 120 329 461 48 88 0 2 2 2 0 0 2 6 1 3 0 3 0 0 0 3 0 2 5 1 3 0 0 0 0 0 2 2 2 0 0 0 0 3 3 0 0 0 49 0 0 0 0 0 30 0 0 0 0 0 0 0 16 0 0 0 0 0 10 0 0 16 17 6 65 10 9 1 36 12 6 21 0 0 1 9 18 0 21 16 1 0 0 0 0 0 0 0 0 0 0 0 0 0 0 0 0 0 0 11 0 0 12 0 0 0 0 0 0 0 0 0 0 0 0 0 0 0 0 0 0 0 0 0 0 0 54 49 0 0 8 0 0 0 0 0 0 0 0 0 0 0 30 0 0 1 0 19 23 25 0 0 7 8 15 23 15 12 11 26 41 0 0 0 0 0 0 0 0 0 0 0 0 0 0 0 0 0 0 0 0 0 0 0 0 2 0 0 0 0 0 0 0 0 0 0 0 0 0 0 0 0 0 0 0 0 0 0 0 0 1 0 0 0 0 8 0 0 38 0 1 0 0 56 0 0 0 0 0 0 0 0 0 0 0 0 0 0 0 0 0 0 17 0 0 0 0 0 0 0 0 
 0 0 0 60 0 0 0 2 0 0 0 0 0 0 0 0 0 0 0 2 3 4 29 77 4 22 2 2 2 6 64 4 8 2 82 3 69 151 3 2 0 168 189 64 106 52 391 417 73 36 37 109 328 151 136 101 202 94 35 111 3 0 4 54 2 3 1 0 3 0 0 1 0 0 3 1 5 0 2 5 0 0 0 0 0 0 0 0 0 0 0 0 0 0 0 0 0 0 0 0 0 0 0 0 0 8 0 0 0 0 23 9 0 0 0 0 0 0 0 0 6 13 0 13 12 0 10 18 39 11 10 10 19 21 19 0 2 17 0 0 0 0 0 0 0 0 0 8 0 10 0 3 0 11 0 0 0 0 14 0 0 5 14 0 0 0 0 0 0 0 3 1 0 0 0 26 0 0 0 0 0 0 0 14 0 27 0 0 0 6 4 20 0 0 0 0 0 0 0 0 0 0 0 12 0 35 26 16 12 8 10 22 4 11 1 9 0 44 11 17 0 0 0 0 0 0 0 0 0 0 0 0 6 0 0 0 0 0 0 0 0 0 8 0 0 0 0 0 0 0 0 9 0 0 0 0 0 0 5 1 0 0 2 0 2 2 0 67 0 0 0 0 0 0 0 0 0 0 0 11 0 0 0 0 0 21 0 0 2 0 
 0 0 0 0 0 0 0 0 0 0 0 0 0 0 0 0 2 0 0 0 2 2 2 2 2 19 63 2 2 4 2 3 2 2 4 2 2 92 2 2 168 0 326 135 99 246 240 143 127 44 67 112 94 66 98 145 50 116 325 342 0 0 0 0 3 0 0 0 0 0 0 0 0 0 1 0 10 0 0 5 4 0 0 0 0 0 0 0 0 0 0 0 0 0 0 0 0 0 0 0 0 0 0 0 0 0 0 0 0 0 0 0 0 0 0 0 0 0 0 0 7 0 2 14 55 30 9 27 28 0 21 30 13 6 18 1 16 0 0 1 0 0 0 9 0 0 17 29 0 0 0 6 22 14 0 0 0 0 14 0 0 4 0 0 0 0 0 0 0 0 5 6 26 0 0 0 0 0 0 0 0 0 0 1 0 0 0 0 0 0 0 0 0 0 0 0 0 0 0 0 0 11 28 13 0 20 6 14 10 11 33 22 0 0 1 12 11 24 0 0 0 0 0 0 0 7 24 0 0 0 0 0 0 9 0 0 0 0 10 1 0 0 18 0 0 0 0 0 0 0 0 10 0 0 0 0 0 0 0 0 0 0 1 0 0 31 0 1 1 0 0 0 0 0 0 6 0 0 0 0 0 0 0 0 9 23 0 10 2 0 
 0 3 0 0 0 0 0 0 0 0 0 0 0 0 0 0 0 0 0 1 2 2 2 1 3 109 2 9 2 3 2 14 3 6 2 3 3 3 3 2 189 326 0 329 129 43 183 180 105 148 78 32 51 340 320 128 50 114 101 94 3 0 1 0 0 30 0 0 51 49 0 0 0 0 0 0 0 0 1 8 0 0 0 0 0 0 0 0 0 0 0 0 0 0 0 0 0 0 0 0 0 0 0 0 0 0 0 0 0 0 0 0 0 0 0 0 0 0 0 0 9 16 0 29 11 8 20 24 21 3 11 36 20 18 5 1 0 3 0 0 0 0 0 0 0 0 15 11 0 0 0 11 15 10 0 0 0 0 0 0 0 2 0 0 0 0 0 0 0 0 2 7 4 0 0 0 0 0 0 0 0 0 0 0 0 0 0 0 0 0 0 0 0 0 0 10 0 0 0 0 0 47 9 3 0 11 0 16 10 9 11 11 0 0 0 2 11 42 7 55 0 0 0 0 0 0 0 0 0 0 0 0 0 10 0 0 0 0 11 0 0 0 1 0 0 0 0 0 0 0 0 20 0 0 0 0 0 0 0 4 0 0 1 0 0 14 2 65 0 0 0 0 0 0 0 0 0 0 0 0 0 0 0 0 9 22 0 13 1 0 
 2 3 2 2 2 2 2 2 2 2 2 2 2 2 2 2 3 3 2 2 0 0 7 0 26 20 0 0 0 0 64 0 0 4 0 0 0 0 0 0 64 135 329 0 176 110 75 71 72 257 175 102 244 94 113 32 265 146 96 66 0 0 0 1 0 0 0 0 72 0 0 0 53 4 0 0 4 2 1 17 0 0 0 0 0 0 0 0 0 0 0 0 0 0 0 0 0 0 0 0 0 0 0 0 0 0 0 0 0 0 0 1 0 0 0 0 0 0 0 0 8 1 0 9 0 25 9 0 1 16 15 17 2 34 3 0 9 3 0 0 0 0 9 0 0 0 66 11 2 0 0 0 24 1 0 0 31 4 0 0 0 0 0 3 0 0 0 0 0 0 0 10 3 0 0 0 0 8 0 0 0 0 0 9 0 0 0 0 0 0 0 10 0 0 0 0 0 0 0 0 2 8 0 0 20 0 7 38 16 9 9 10 10 7 0 5 0 0 6 0 22 9 11 0 0 0 0 5 11 10 0 0 11 12 31 16 0 26 3 13 1 0 0 0 0 2 0 0 0 0 0 7 62 0 0 0 0 0 0 11 0 0 8 2 2 9 0 1 0 0 14 0 0 0 0 0 0 0 0 1 10 0 0 0 0 12 0 0 1 0 
 0 0 0 5 0 0 0 0 0 0 0 0 0 0 0 6 6 0 0 0 0 0 0 0 0 64 0 0 0 0 0 0 3 3 0 0 0 0 11 0 106 99 129 176 0 295 24 75 196 218 223 121 57 71 84 119 45 52 283 296 0 0 1 1 0 0 52 57 0 0 0 0 1 0 50 0 54 2 0 0 0 20 0 4 0 7 0 0 0 0 0 0 0 0 0 0 0 14 0 0 0 0 0 0 0 0 0 0 0 0 0 10 4 0 0 0 0 0 6 0 0 0 0 9 0 2 0 0 0 19 23 56 0 0 0 0 0 21 0 0 32 0 10 0 0 0 20 3 0 3 0 0 14 3 0 18 14 1 26 20 0 6 0 9 10 6 0 0 0 0 17 10 11 0 0 0 0 0 0 0 0 0 0 0 0 0 3 7 0 0 0 0 5 0 0 0 0 0 0 0 0 0 0 0 0 10 0 25 8 25 32 0 0 0 0 0 14 8 0 0 33 8 4 0 0 0 0 14 0 0 0 0 20 0 35 19 5 15 13 5 0 37 0 0 0 0 0 0 0 0 0 16 0 2 1 0 0 0 0 2 0 0 9 0 65 1 0 0 0 0 0 0 0 0 0 0 0 0 0 0 0 3 0 0 18 0 0 0 0 0 
 3 3 3 3 3 3 3 3 3 3 3 3 3 3 3 3 4 3 3 3 2 2 2 3 1 4 2 1 2 1 2 1 3 5 2 1 1 1 2 2 52 246 43 110 295 0 28 242 30 55 122 53 28 260 288 39 63 62 44 51 47 4 27 1 0 0 0 56 4 19 0 0 23 55 78 55 54 1 25 51 0 0 0 0 0 0 0 0 0 0 0 0 0 0 0 0 0 0 0 0 0 2 0 0 0 0 0 0 0 0 0 0 0 0 0 0 0 0 0 0 0 0 0 0 0 1 0 0 0 0 0 14 0 0 0 0 0 0 0 0 18 0 32 0 0 0 14 7 0 0 22 0 22 0 1 18 13 30 0 34 0 0 0 0 0 0 0 0 0 0 0 0 0 0 0 0 0 0 0 0 0 0 0 0 0 0 0 0 0 0 0 0 0 0 0 0 0 0 0 0 0 0 0 0 1 9 0 0 0 0 1 0 0 0 0 0 0 0 0 0 65 9 2 15 0 0 30 18 32 21 12 22 0 6 19 13 16 14 0 3 5 0 0 0 0 1 0 0 0 0 0 8 0 0 0 0 0 0 0 0 0 0 0 0 63 3 2 0 6 0 7 0 0 0 0 0 0 0 0 0 0 0 0 0 0 0 0 0 2 0 
 0 0 0 1 62 0 0 0 0 6 9 0 0 2 0 0 0 0 81 5 3 3 3 3 4 66 3 3 8 3 58 65 6 3 3 3 3 3 3 6 391 240 183 75 24 28 0 67 32 24 15 262 135 92 137 99 171 240 178 83 0 0 0 3 0 0 1 0 0 0 0 0 0 0 0 0 0 1 0 2 4 12 14 0 0 0 12 4 0 5 15 0 0 0 0 2 29 0 0 0 0 0 0 0 8 11 0 0 0 0 0 0 0 0 0 0 0 0 0 0 32 0 4 0 14 0 0 26 23 7 16 18 14 14 0 15 24 0 0 19 0 0 0 0 0 0 0 9 0 0 0 0 0 0 0 0 2 0 1 0 4 0 18 5 0 0 0 0 0 17 7 0 0 0 0 0 6 5 0 0 0 0 0 13 0 0 0 0 0 0 0 0 0 0 0 0 0 0 0 0 10 31 41 25 8 0 11 0 17 0 0 11 10 0 15 8 18 29 0 9 0 0 0 0 0 0 0 0 0 0 0 0 0 0 0 1 0 0 26 0 0 0 0 0 0 0 0 0 0 0 0 8 0 1 0 0 0 0 0 2 0 0 9 0 4 0 0 1 0 0 0 0 0 0 0 0 0 0 0 0 0 0 0 0 19 0 0 28 0 0 
 0 0 0 0 0 0 0 2 2 0 0 0 0 57 0 0 0 0 0 0 62 0 0 4 0 0 0 0 0 0 0 0 4 2 0 2 0 0 0 1 417 143 180 71 75 242 67 0 177 291 261 166 104 145 103 151 347 50 161 262 0 0 4 0 0 3 1 0 1 0 0 0 0 0 1 0 0 0 0 0 0 0 0 0 0 0 0 0 0 0 0 0 0 0 0 0 0 0 0 0 0 0 0 0 0 0 0 0 0 0 0 0 0 0 0 0 0 0 0 0 1 17 3 11 41 0 14 18 13 11 2 9 0 11 22 3 0 0 1 0 2 0 0 0 0 0 0 0 0 5 0 0 27 0 13 0 0 0 19 7 0 0 0 0 0 0 7 4 0 0 1 0 0 0 0 2 0 0 0 0 0 0 0 0 0 0 0 0 0 0 0 0 0 0 0 0 0 0 0 0 32 27 14 24 0 32 1 9 2 9 0 13 20 0 0 39 12 0 0 24 4 0 0 0 0 0 0 0 0 0 0 0 26 0 0 0 0 0 0 0 0 0 0 0 0 0 0 0 0 0 0 12 0 0 0 0 0 0 0 9 0 0 0 0 2 5 0 11 0 0 0 0 0 51 0 0 0 0 0 0 0 0 0 0 0 8 0 0 1 0 
 0 0 0 0 0 0 0 0 0 0 0 0 0 0 0 0 0 0 0 0 1 0 0 2 0 61 3 0 0 0 0 0 0 3 1 0 0 0 0 3 73 127 105 72 196 30 32 177 0 454 96 94 55 108 62 124 164 252 102 135 5 0 9 15 1 206 78 2 9 3 16 2 3 6 0 0 0 0 0 0 0 0 0 0 0 0 0 0 0 0 0 0 0 0 0 0 0 0 0 0 0 0 0 0 0 21 0 24 0 0 0 0 12 0 0 0 0 0 0 0 5 0 11 28 4 14 9 0 0 61 42 17 0 4 0 9 0 38 4 0 0 0 1 0 0 5 10 3 0 5 0 0 4 10 10 5 0 0 49 6 0 8 0 0 0 0 0 0 0 0 6 3 0 0 0 5 0 0 0 0 0 0 0 0 0 0 0 0 0 0 0 0 0 15 0 0 0 0 0 0 21 0 9 0 3 27 25 0 4 14 30 22 7 8 0 9 0 11 0 0 24 0 8 5 7 0 8 1 6 1 0 9 38 1 0 12 0 0 5 0 0 0 1 0 0 0 0 0 0 0 0 10 0 1 0 0 0 0 0 1 0 0 4 0 1 0 0 7 0 0 10 0 0 0 0 0 22 0 0 0 0 0 0 0 22 12 0 0 1 0 
 0 0 0 0 0 2 1 0 0 0 0 0 0 0 0 1 0 0 0 0 0 0 0 0 77 6 3 0 0 0 0 0 0 3 0 67 0 0 0 0 36 44 148 257 218 55 24 291 454 0 234 42 73 65 74 108 43 82 80 62 0 0 0 10 8 0 20 0 0 0 16 10 7 5 35 0 0 0 0 0 0 0 0 0 0 0 0 0 0 0 0 0 0 0 0 0 0 0 0 0 0 0 0 0 0 0 0 0 0 0 1 20 0 0 0 0 0 0 0 0 10 14 8 4 10 34 0 0 10 0 33 13 5 0 3 22 0 4 0 0 0 0 11 0 0 0 18 6 0 0 0 0 75 8 6 0 0 0 11 8 0 4 0 0 0 0 0 0 0 0 5 5 5 0 0 1 12 0 0 0 0 0 0 19 23 10 0 0 0 29 0 0 0 0 0 0 0 0 0 0 16 52 0 25 1 10 0 7 6 12 22 10 0 20 4 25 21 0 12 0 18 0 1 0 0 0 0 0 0 0 0 0 7 16 0 0 0 0 14 1 0 0 0 0 0 0 0 0 0 0 0 9 2 0 0 0 0 64 0 14 0 0 4 1 1 17 3 0 0 0 11 0 0 0 0 0 0 0 0 0 0 0 0 0 11 4 25 0 2 0 
 2 0 0 0 0 0 0 0 0 0 0 0 0 0 0 0 0 0 0 0 0 0 0 0 0 0 0 0 0 0 2 0 0 1 0 0 0 0 0 3 37 67 78 175 223 122 15 261 96 234 0 37 27 80 69 92 172 157 28 67 0 1 0 2 53 4 0 0 0 0 0 0 0 0 0 0 4 0 0 0 0 0 0 0 0 0 0 0 0 0 0 0 0 0 0 0 0 0 0 0 0 0 0 0 0 0 0 0 0 0 0 0 0 0 0 0 0 0 0 0 0 11 7 14 29 17 0 0 0 0 20 45 0 0 8 8 0 13 0 0 0 1 0 0 0 0 33 22 0 2 0 2 45 15 14 0 11 0 20 0 0 2 0 0 0 0 8 0 0 0 2 5 18 0 0 0 0 0 0 0 0 0 0 0 0 0 0 0 0 0 0 0 0 0 0 0 0 0 0 0 0 16 0 0 0 3 0 1 10 33 41 0 0 0 0 0 1 0 0 0 29 0 0 0 0 0 9 12 10 0 0 0 43 10 5 10 0 14 0 4 0 0 0 0 0 0 0 0 0 0 0 12 0 0 0 0 0 0 0 9 0 0 0 0 0 26 0 0 0 4 0 0 0 0 0 0 0 0 0 0 0 0 0 0 0 11 0 0 0 0 
 0 0 0 0 0 0 0 1 0 0 0 0 0 0 0 0 0 0 0 0 63 0 0 0 0 0 0 0 0 0 0 0 0 2 0 0 0 0 0 0 109 112 32 102 121 53 262 166 94 42 37 0 38 119 106 73 84 148 24 89 3 4 2 0 3 0 2 52 2 0 0 0 0 0 57 2 64 7 0 1 0 0 0 0 0 0 0 0 0 0 0 0 0 0 0 0 0 0 0 0 0 0 0 0 0 0 0 0 0 0 0 0 0 0 0 0 0 0 0 0 0 31 0 0 3 5 30 1 10 28 0 6 4 0 0 0 8 22 0 0 19 1 0 9 6 0 0 3 0 2 0 6 0 0 0 19 0 0 46 4 0 3 0 0 0 0 0 1 0 0 0 0 0 0 0 10 0 0 0 0 0 0 0 0 0 0 0 0 0 0 0 0 0 0 0 0 0 0 0 0 0 12 0 8 0 36 0 19 10 8 7 13 0 0 0 34 6 21 0 0 13 0 4 0 0 21 8 0 0 0 5 0 10 0 0 0 0 0 0 7 0 0 16 0 0 0 0 0 0 0 0 0 0 2 0 0 0 0 0 11 0 15 2 1 66 2 0 0 0 0 0 0 0 0 0 4 0 0 0 0 0 5 0 0 10 3 0 0 0 0 
 0 0 0 0 0 0 0 0 0 0 0 0 0 0 0 0 0 0 0 1 0 0 0 0 62 31 0 63 62 63 65 1 0 0 0 67 88 29 0 0 328 94 51 244 57 28 135 104 55 73 27 38 0 56 110 64 262 110 89 50 0 0 0 26 0 0 2 0 0 0 3 0 0 0 0 0 0 1 201 0 0 0 0 0 0 0 0 0 0 0 0 0 0 0 0 0 0 0 0 0 0 24 0 10 0 0 0 30 2 0 1 1 0 0 0 0 0 0 0 8 8 0 3 19 27 6 19 1 27 26 0 3 15 0 2 22 0 1 20 14 0 0 0 0 0 0 0 4 0 0 0 3 0 0 0 0 0 0 2 0 0 0 8 0 0 11 0 0 0 0 0 0 0 0 0 0 7 0 0 0 0 0 0 19 12 0 0 0 0 22 0 0 0 0 0 0 0 0 0 0 0 0 0 2 40 0 1 0 0 1 3 10 0 11 0 1 0 22 35 0 0 0 0 0 0 0 0 0 0 0 0 0 5 14 0 0 0 0 0 0 0 0 0 0 0 0 0 0 0 0 0 11 0 0 0 0 0 64 0 0 27 0 0 0 0 1 0 0 0 0 0 0 0 0 0 0 0 0 0 0 0 0 0 0 8 0 0 0 1 0 
 0 2 0 0 2 0 0 0 0 0 0 0 0 0 0 0 0 0 0 2 0 0 0 0 0 54 0 4 0 0 0 0 0 0 0 64 0 0 0 0 151 66 340 94 71 260 92 145 108 65 80 119 56 0 85 136 46 47 449 235 2 4 4 0 0 0 1 4 0 1 0 5 0 1 0 6 0 5 0 0 0 0 0 0 0 0 0 0 0 0 0 0 0 0 0 0 0 0 0 0 0 0 0 0 0 12 0 0 0 0 0 0 0 0 0 0 0 0 0 0 8 24 0 73 37 0 7 21 15 49 0 21 8 11 22 0 27 24 0 0 0 0 6 2 4 1 0 0 0 5 0 2 0 0 0 0 0 0 8 4 21 0 0 0 0 0 0 1 0 0 0 0 14 0 0 1 0 0 0 0 0 0 0 0 0 0 0 0 0 9 13 0 0 0 0 0 0 0 0 0 20 36 15 17 40 15 8 23 21 20 0 24 44 8 9 0 27 0 0 30 0 0 0 0 0 0 0 0 0 0 7 0 0 0 0 0 0 0 0 0 0 0 0 0 0 0 0 0 0 0 0 4 0 0 0 0 0 0 0 1 0 0 2 0 0 1 2 15 0 0 0 0 0 0 0 0 0 0 0 0 0 0 0 0 1 22 0 0 2 0 
 0 6 5 0 0 0 0 0 0 6 3 2 0 6 0 7 0 5 1 5 0 0 71 6 32 127 0 0 0 0 62 0 3 1 0 0 0 0 0 3 136 98 320 113 84 288 137 103 62 74 69 106 110 85 0 127 121 165 158 165 0 0 7 10 1 0 1 24 8 0 0 0 3 0 0 0 1 0 50 0 0 1 1 1 8 0 1 9 6 5 11 0 0 0 6 4 2 0 0 0 0 0 0 0 0 0 0 0 0 0 0 0 0 0 0 0 0 0 0 0 23 0 3 47 32 0 29 8 1 26 0 0 1 2 0 0 15 13 2 0 0 0 0 0 0 0 0 0 20 0 0 15 0 0 0 0 0 0 2 0 2 0 1 0 0 0 0 4 0 1 6 8 6 0 0 5 6 3 0 0 0 0 0 8 0 1 0 4 0 0 0 9 0 0 0 0 0 0 0 0 45 25 9 8 48 20 35 6 10 12 0 0 36 10 0 29 0 0 1 14 0 0 0 0 0 0 0 0 0 0 0 0 0 0 0 0 0 0 0 0 0 0 0 0 0 0 0 0 0 0 0 4 0 2 0 0 0 0 0 19 0 0 0 0 0 0 0 3 0 0 0 0 0 0 0 0 0 0 0 0 0 0 0 0 0 0 0 0 0 0 
 0 0 0 0 0 0 0 0 0 0 0 0 0 0 0 0 3 0 0 0 0 0 0 0 0 3 0 0 0 0 0 0 0 2 4 0 0 2 0 0 101 145 128 32 119 39 99 151 124 108 92 73 64 136 127 0 141 162 29 98 0 0 0 0 0 0 2 0 0 0 7 1 0 4 2 14 5 3 0 0 0 0 0 0 0 0 0 0 0 0 0 0 0 0 0 0 0 0 0 0 0 0 0 0 0 0 0 0 0 0 0 0 0 0 0 0 0 0 0 0 0 10 0 1 0 0 0 0 16 23 0 10 0 14 0 0 0 30 0 0 0 28 0 0 0 0 7 5 0 25 0 0 0 0 12 0 21 0 44 34 0 4 0 0 0 0 0 4 0 0 0 0 0 0 25 8 0 0 0 0 0 0 0 0 0 0 0 17 0 0 0 0 0 0 0 0 0 0 0 0 57 33 8 22 2 36 0 7 24 11 0 0 0 0 0 22 25 12 0 0 9 6 0 0 0 0 0 4 7 2 0 0 29 0 0 0 0 17 32 10 0 0 0 0 0 0 0 0 0 0 0 3 0 0 0 0 0 0 0 26 0 0 0 0 0 1 4 0 0 0 5 0 0 0 0 0 0 0 0 0 0 0 0 0 31 12 0 35 1 0 
 0 0 0 0 0 2 6 0 0 0 0 0 0 0 0 0 0 0 0 0 2 2 2 7 2 2 2 4 2 7 2 65 0 3 0 2 2 2 2 2 202 50 50 265 45 63 171 347 164 43 172 84 262 46 121 141 0 329 40 70 13 10 0 2 7 13 2 0 12 1 0 28 5 16 1 1 6 5 0 1 0 0 0 0 0 0 0 0 0 0 0 0 0 0 0 0 0 0 0 0 0 0 0 0 32 6 0 0 0 0 0 0 0 0 0 0 0 0 0 0 0 0 17 0 19 0 0 6 19 10 17 3 2 7 0 15 0 10 0 6 1 7 0 0 0 0 4 0 0 0 0 0 10 0 24 0 0 0 30 24 0 22 0 0 0 0 0 1 0 0 0 0 0 0 0 3 0 0 0 0 0 0 0 13 0 0 0 0 0 9 6 0 0 0 0 0 0 0 0 0 10 1 0 11 29 21 0 0 25 0 0 0 4 26 8 29 0 12 7 12 1 0 0 0 0 2 0 0 7 25 0 0 24 0 0 0 0 0 11 11 0 0 0 0 0 0 0 0 0 0 0 2 1 2 0 0 0 0 5 14 0 0 0 10 1 1 2 0 0 0 0 0 0 0 0 0 0 0 0 0 0 0 0 0 1 0 0 1 0 0 
 1 3 0 1 0 0 0 0 0 0 0 0 0 1 0 0 2 0 0 1 2 2 2 2 69 64 2 8 2 2 2 2 5 4 5 3 2 2 2 5 94 116 114 146 52 62 240 50 252 82 157 148 110 47 165 162 329 0 98 95 6 0 2 4 0 0 1 10 9 4 6 3 0 6 53 0 11 0 0 0 0 0 0 0 0 0 0 0 0 0 0 0 0 0 0 0 0 0 0 0 0 0 0 0 0 0 0 0 0 0 0 0 0 13 0 0 0 0 0 0 0 0 0 58 21 9 19 8 3 1 0 10 0 0 0 0 0 21 0 0 12 10 4 0 0 20 21 0 0 5 0 11 10 13 26 24 10 0 0 0 0 0 0 0 0 4 0 4 0 0 1 0 0 0 0 2 0 0 0 0 0 0 0 0 0 0 0 0 0 0 0 0 0 0 0 0 0 0 0 10 11 11 0 8 9 53 0 0 10 0 8 10 11 0 1 7 1 0 0 11 22 0 0 0 10 0 8 19 8 0 2 15 0 0 15 40 0 1 0 0 0 0 0 0 0 0 0 0 0 0 0 9 0 1 0 0 0 0 0 6 0 1 1 0 64 2 0 0 0 0 0 0 0 0 0 0 0 0 0 0 0 0 0 0 0 0 0 0 0 0 
 0 0 0 0 0 1 0 0 0 0 0 2 58 29 0 0 0 62 0 0 1 0 62 67 26 69 1 0 0 3 1 6 1 0 16 0 0 0 0 1 35 325 101 96 283 44 178 161 102 80 28 24 89 449 158 29 40 98 0 131 0 0 0 6 3 9 6 0 0 5 51 0 0 2 0 0 2 2 0 0 0 0 0 0 0 0 0 0 0 0 0 0 0 0 0 0 0 0 0 0 0 0 13 0 5 12 22 0 10 0 12 20 19 6 10 0 0 0 0 0 0 3 13 0 30 0 0 6 15 0 0 4 12 22 0 0 1 0 0 31 0 0 0 12 0 0 0 1 0 0 0 0 0 0 0 7 6 0 0 0 6 0 0 0 0 6 0 6 0 0 1 0 0 0 0 0 0 0 0 0 0 10 0 1 0 0 0 0 0 0 6 1 0 13 0 0 1 15 0 0 48 42 16 0 16 7 0 0 27 12 0 7 51 13 47 0 14 0 11 38 0 0 0 0 0 0 0 0 0 0 0 0 0 0 0 0 0 0 1 0 0 0 19 0 0 0 0 0 0 25 0 6 4 0 0 0 0 0 5 20 0 8 0 0 0 0 4 0 0 0 0 0 0 0 0 0 0 0 0 0 0 8 0 0 0 0 0 0 0 0 
 0 0 0 0 0 0 0 0 0 0 0 0 0 0 0 0 0 0 0 0 3 3 3 70 5 3 3 3 3 3 65 3 4 3 3 3 66 3 3 3 111 342 94 66 296 51 83 262 135 62 67 89 50 235 165 98 70 95 131 0 0 0 4 0 0 0 2 0 0 0 0 0 0 0 3 0 0 2 3 22 0 0 0 0 0 0 0 0 0 0 0 0 0 0 0 0 0 0 0 0 0 0 0 0 0 0 0 0 0 0 16 9 0 0 0 0 0 0 0 0 0 30 0 1 57 0 12 10 15 9 0 1 0 35 52 0 0 19 0 0 1 0 0 0 0 0 0 0 1 1 7 4 0 1 0 0 0 4 10 19 0 13 0 0 0 0 0 1 0 0 0 0 0 0 0 3 0 0 0 0 0 0 0 7 0 0 0 0 0 0 0 21 0 0 0 0 0 0 0 0 0 35 8 0 0 35 0 16 17 1 0 28 0 10 0 19 1 7 11 9 0 0 6 11 0 0 18 3 0 0 0 0 14 0 2 0 0 1 14 0 0 0 1 0 0 0 0 0 0 0 0 4 0 0 0 0 0 0 1 11 0 0 2 0 0 0 1 66 0 0 0 0 0 0 20 0 0 0 0 9 0 0 0 0 0 5 0 0 0 0 
 2 2 2 2 2 2 2 2 2 3 2 2 2 2 2 3 2 2 2 2 0 0 0 0 0 0 0 0 0 0 0 0 0 3 0 0 0 0 0 0 3 0 3 0 0 47 0 0 5 0 0 3 0 2 0 0 13 6 0 0 0 195 159 405 78 40 162 104 253 72 80 98 578 148 99 88 75 291 101 125 0 0 0 0 0 0 0 0 0 0 0 0 0 0 0 0 0 0 0 0 0 0 0 0 0 0 0 0 0 0 0 0 0 0 0 0 0 0 0 0 0 0 1 0 0 0 0 1 0 1 0 0 0 0 0 0 0 0 0 1 10 7 29 0 0 21 0 1 0 14 18 8 0 0 0 8 1 1 0 12 0 0 0 0 0 0 0 0 0 0 0 0 0 0 0 0 0 0 0 0 1 0 1 2 0 0 1 0 1 2 1 1 1 2 1 1 0 2 1 0 0 0 0 0 0 0 0 0 0 0 0 0 10 0 0 0 1 0 0 0 9 0 0 11 18 0 21 0 22 12 26 36 0 34 16 32 46 30 0 0 0 0 0 0 0 0 0 0 0 0 0 0 0 54 5 0 0 0 0 0 0 0 10 28 0 0 1 0 0 0 8 0 0 2 2 0 0 0 0 0 0 0 0 0 0 1 0 0 0 6 
