 0 309 281 55 50 43 220 36 36 389 113 30 143 82 347 134 304 43 35 356 3 0 0 0 0 0 0 0 3 0 3 0 2 0 3 0 1 0 1 3 0 65 0 0 0 2 71 0 3 3 0 0 0 2 2 0 93 0 0 14 3 0 0 0 0 0 0 0 2 0 4 0 0 0 0 0 0 3 0 0 11 12 22 11 94 0 25 17 10 22 0 1 11 11 29 51 0 23 0 18 0 0 0 0 0 0 0 0 0 0 0 0 0 0 0 0 0 0 0 0 0 0 0 0 1 2 0 21 0 0 0 0 0 0 0 0 0 1 0 24 0 7 0 0 4 4 0 0 0 2 2 0 0 0 5 0 1 0 0 0 0 20 26 0 4 0 0 12 19 2 16 9 0 26 10 4 19 9 7 0 0 0 0 0 0 2 0 0 0 0 0 0 0 0 0 0 0 0 0 3 0 0 0 0 0 0 0 0 0 0 0 0 0 0 0 0 0 12 0 0 0 0 0 0 0 0 0 0 0 0 0 0 0 0 0 0 0 0 0 0 0 1 0 0 0 2 0 2 2 0 0 6 13 0 0 0 0 0 0 0 0 0 0 0 0 0 0 0 0 0 0 0 0 0 0 3 2 20 0 0 0 0 0 0 0 0 0 0 0 0 
 309 0 195 65 54 94 193 59 154 108 123 99 43 246 36 227 93 215 222 64 3 0 3 40 0 0 3 0 3 1 5 0 3 5 5 2 0 0 2 3 0 65 0 0 2 2 0 0 0 3 0 0 3 2 2 3 3 0 0 0 2 0 0 38 0 3 0 0 5 0 0 0 0 0 0 3 0 2 0 0 4 13 18 22 56 18 1 0 22 44 3 20 0 0 29 29 0 0 0 16 0 0 0 0 0 0 1 0 0 0 0 0 0 0 0 0 0 0 1 2 0 0 0 0 0 0 0 0 0 0 0 0 0 0 0 0 0 0 0 0 0 0 5 0 1 1 0 0 0 0 0 8 0 0 0 0 1 0 0 0 39 32 5 0 18 15 0 15 21 17 25 2 0 17 0 33 32 36 0 0 0 0 0 0 1 0 0 0 0 0 0 0 7 0 0 0 0 0 0 21 0 0 0 0 0 0 0 0 0 0 0 2 0 0 0 0 0 0 1 0 1 0 2 0 0 0 0 0 0 0 0 0 0 0 0 0 0 0 0 0 0 2 0 0 0 0 56 2 0 0 0 8 14 0 0 0 0 0 0 0 0 0 0 0 0 0 0 0 0 0 0 0 0 0 0 0 23 0 0 0 0 0 0 0 0 0 0 0 0 0 
 281 195 0 123 96 35 168 164 132 39 59 128 362 146 219 61 155 26 48 141 115 0 1 1 0 0 41 0 3 0 3 0 37 0 3 0 1 0 25 3 0 2 0 0 0 2 0 0 0 3 0 0 1 0 2 0 3 0 0 2 2 0 0 0 0 0 0 0 2 0 0 0 0 0 0 0 0 2 0 41 20 9 0 36 18 0 8 13 32 10 0 0 0 1 12 56 15 32 0 24 0 0 0 0 0 0 0 0 0 0 0 0 0 15 0 11 0 0 0 20 0 0 0 0 0 0 0 0 0 0 0 0 0 0 0 0 0 0 1 0 0 0 0 0 0 2 0 0 0 4 45 0 0 0 2 0 0 0 0 0 38 10 25 11 9 0 10 10 0 0 15 0 15 13 7 0 41 7 16 6 34 0 0 0 1 0 0 0 0 0 0 0 1 0 15 0 0 0 0 12 7 12 0 0 0 0 0 0 0 0 0 0 0 0 11 0 0 0 0 0 0 0 0 0 0 0 0 0 0 0 6 0 0 0 0 0 0 0 0 0 0 0 0 0 0 0 0 2 1 96 0 6 0 0 0 0 0 0 0 0 0 0 0 0 0 0 0 0 0 0 0 0 0 0 0 0 6 0 0 0 12 0 0 0 0 0 0 0 0 0 
 55 65 123 0 121 38 173 78 171 144 304 123 62 262 59 129 155 449 75 40 82 0 0 0 0 1 33 0 3 2 3 0 111 1 3 0 0 4 148 3 0 3 0 0 0 2 0 0 0 3 0 1 0 2 2 0 4 0 0 0 3 0 0 0 0 0 0 0 2 0 0 0 1 0 0 0 0 3 0 0 0 0 0 14 1 13 0 17 1 12 26 11 0 0 10 38 16 11 0 0 24 0 0 2 0 0 4 0 0 0 0 0 49 16 0 12 0 0 2 29 0 0 0 0 0 0 0 0 0 0 0 1 0 0 0 0 12 0 0 0 0 6 0 0 4 2 0 0 0 2 0 0 0 0 5 0 1 0 0 0 20 0 20 10 0 37 0 0 41 5 0 27 0 1 8 30 0 1 0 16 61 1 0 0 0 0 17 0 0 0 0 0 17 0 35 0 16 0 6 13 0 26 0 0 0 0 0 0 0 0 0 0 0 0 0 0 0 0 0 0 0 0 0 0 0 0 0 0 0 0 0 0 0 0 0 0 18 0 0 0 0 0 1 0 0 2 0 1 3 94 0 11 18 0 0 0 0 0 0 0 49 0 0 0 0 0 0 0 0 0 0 0 0 0 0 4 0 18 0 0 0 0 0 0 0 0 0 0 0 0 
 50 54 96 121 0 88 44 63 481 66 93 267 74 152 74 191 62 43 64 49 78 2 2 0 0 0 46 1 6 0 5 0 26 21 78 0 0 0 159 4 0 2 0 0 3 2 0 0 0 3 0 9 0 0 2 0 10 37 3 0 3 0 2 65 0 0 0 5 2 1 0 0 6 0 0 0 0 3 0 0 0 1 0 47 0 58 0 0 15 25 1 25 0 0 0 0 0 12 0 0 21 11 1 0 0 0 0 0 2 0 0 0 21 0 1 24 19 0 28 34 0 0 1 0 0 0 10 0 0 0 0 0 0 0 1 14 1 0 0 0 0 0 7 0 0 1 0 0 0 0 0 5 0 0 0 0 1 7 0 0 0 14 2 27 31 2 0 0 1 24 0 0 0 2 0 0 22 0 0 4 29 17 0 0 0 0 25 0 1 14 0 0 22 24 15 0 15 1 49 9 0 0 0 0 0 0 0 0 0 0 0 0 0 0 0 0 0 1 0 0 0 0 0 0 0 0 0 0 0 0 0 0 0 0 0 0 0 0 0 0 0 0 18 0 0 0 45 2 93 136 12 4 0 0 0 0 1 0 0 2 0 0 0 0 0 0 0 0 0 0 0 0 0 0 0 16 0 0 0 0 0 0 0 0 0 0 1 0 0 0 
 43 94 35 38 88 0 30 50 99 70 168 240 32 50 49 198 316 126 37 39 5 73 0 0 0 0 2 19 3 53 79 0 75 74 79 0 36 36 26 83 0 2 0 0 0 3 0 0 0 3 0 0 0 0 2 0 3 0 0 0 3 0 0 0 0 1 0 6 2 0 0 0 13 0 0 0 0 7 0 4 0 2 0 0 0 31 0 0 1 11 12 3 0 0 0 4 14 15 0 0 39 15 16 0 0 0 14 10 0 8 0 0 13 0 46 14 28 28 29 17 0 0 0 0 0 0 0 0 0 0 0 0 0 0 0 0 7 0 0 0 0 0 22 0 2 0 0 0 0 0 0 0 0 0 0 0 1 0 4 0 0 23 0 0 11 0 0 0 0 0 17 9 0 15 0 13 0 35 0 0 0 2 0 27 0 0 25 13 0 0 13 0 33 29 16 10 11 31 37 48 0 0 0 0 0 0 0 0 0 0 0 1 0 0 0 0 0 0 0 0 2 0 1 0 0 0 0 0 0 0 0 0 0 0 0 2 0 0 0 0 0 10 0 0 6 4 2 0 6 53 0 5 0 0 0 0 0 0 0 1 0 0 0 0 0 0 0 0 0 0 0 0 0 0 0 24 0 0 0 0 0 0 0 0 0 0 1 0 0 0 
 220 193 168 173 44 30 0 164 40 349 198 92 171 149 121 418 239 477 64 41 3 68 0 0 0 0 2 2 3 0 3 0 1 0 3 0 0 0 2 3 0 98 0 0 0 4 0 0 0 4 0 0 0 1 2 0 3 0 0 0 2 0 0 5 34 0 0 0 2 0 30 0 0 0 0 0 0 2 0 0 16 1 19 0 63 0 3 28 35 0 0 18 20 0 16 11 6 0 19 19 0 0 0 0 0 0 0 0 0 0 0 0 0 0 0 0 0 0 0 2 0 0 0 0 0 0 0 0 0 0 0 0 0 0 0 0 0 0 0 0 0 2 0 0 1 1 0 0 0 1 2 0 0 0 3 0 0 0 0 0 23 3 0 23 6 16 0 0 22 23 15 9 32 0 7 16 0 12 0 0 0 0 0 0 2 0 0 0 0 0 0 0 0 0 0 0 0 0 0 0 0 0 0 0 0 0 0 2 0 0 0 0 0 0 0 0 0 0 1 0 0 0 1 0 0 0 0 0 0 0 0 0 0 0 0 0 0 0 0 0 0 0 0 0 0 0 88 0 0 1 0 12 2 0 0 0 0 0 0 0 0 0 6 0 0 0 0 0 0 0 0 0 0 0 0 10 20 13 0 0 0 0 0 0 0 0 0 0 0 0 
 36 59 164 78 63 50 164 0 168 34 37 28 172 138 64 28 113 140 55 222 3 3 0 0 0 0 7 0 5 3 3 4 4 0 5 0 76 0 1 3 0 2 1 2 0 2 0 0 0 3 0 0 0 4 2 2 6 3 0 2 31 0 0 0 0 0 0 1 2 0 0 0 0 2 0 3 0 3 0 1 36 35 2 13 34 11 0 33 14 10 10 1 9 18 0 0 12 0 0 3 0 1 1 0 0 0 0 0 0 0 0 0 0 0 0 0 0 0 0 0 2 0 0 0 0 0 0 0 0 0 2 0 0 0 0 0 2 0 0 0 0 0 0 2 0 0 0 0 0 0 0 0 0 0 0 0 0 0 0 0 0 44 12 22 0 0 12 22 0 0 0 0 18 9 25 1 17 0 21 0 0 0 0 0 0 0 0 0 0 0 0 2 0 0 0 0 2 0 0 0 1 2 0 0 0 0 0 0 0 0 0 0 0 0 0 0 0 0 0 0 0 0 0 0 0 0 0 0 2 0 1 0 0 0 0 0 0 0 0 0 0 0 0 0 0 0 0 0 0 1 1 0 0 0 0 0 0 0 2 0 0 0 0 0 0 0 0 0 0 0 0 0 0 0 0 0 0 0 0 0 0 0 0 0 0 0 0 0 0 0 
 36 154 132 171 481 99 40 168 0 77 137 77 348 107 92 76 242 47 206 183 3 0 0 0 0 0 78 0 3 0 3 0 77 78 3 0 0 0 77 3 0 2 0 0 0 2 0 0 64 3 0 0 0 63 2 0 3 0 0 0 3 0 0 33 0 0 0 0 2 0 0 0 0 31 0 0 3 3 0 0 0 27 15 20 1 1 13 0 57 25 16 1 0 16 14 9 14 21 0 18 18 0 0 0 0 0 0 0 0 0 0 0 76 0 0 0 0 0 15 12 0 0 0 0 0 0 0 0 0 0 0 0 0 0 0 0 27 0 0 0 0 0 9 0 1 0 0 0 13 0 0 8 0 0 0 0 2 0 0 11 10 14 12 1 29 6 19 29 0 0 40 41 0 16 27 14 21 26 0 4 14 0 0 0 0 0 0 0 0 0 0 0 8 0 21 0 0 0 0 20 0 0 0 0 0 0 0 5 0 0 0 16 2 0 0 0 0 0 0 0 0 0 2 0 0 0 0 0 0 0 0 2 0 0 0 1 0 0 0 0 0 17 0 0 0 2 89 0 0 7 0 2 0 0 0 0 0 1 0 0 0 0 0 0 0 0 0 0 0 0 0 0 0 0 0 0 8 0 0 0 0 0 0 0 0 0 0 0 0 0 
 389 108 39 144 66 70 349 34 77 0 226 94 259 180 318 239 163 201 181 150 3 0 0 0 0 31 1 0 3 0 5 0 76 0 4 0 0 0 2 3 0 33 0 0 0 2 0 0 0 3 0 0 0 2 2 0 3 0 0 0 3 0 0 0 0 0 0 0 2 0 0 0 1 0 0 0 0 3 0 0 22 1 14 0 49 9 12 34 27 31 12 30 7 0 32 33 10 1 0 1 0 0 0 0 0 0 10 0 21 0 0 0 48 0 0 0 0 0 0 0 0 0 1 0 0 0 0 0 0 0 0 0 0 0 0 0 0 0 0 0 0 5 0 0 4 2 0 0 0 2 0 0 0 0 4 0 1 0 0 0 26 0 38 5 0 26 0 0 60 31 29 10 0 1 4 81 1 21 1 0 18 0 0 0 0 0 0 0 1 0 0 0 0 0 12 0 0 1 0 22 0 0 0 0 0 0 0 0 0 1 0 0 0 1 0 0 0 0 0 0 0 0 0 0 0 0 0 0 0 0 0 0 0 0 0 0 0 0 0 0 0 2 0 0 0 3 10 2 0 1 2 4 14 0 0 0 0 0 0 1 0 0 0 0 0 0 0 0 0 0 0 0 0 0 0 2 0 17 0 0 0 0 0 0 0 0 0 0 0 0 
 113 123 59 304 93 168 198 37 137 226 0 291 244 34 61 410 547 121 129 54 3 0 2 0 0 0 3 0 3 0 3 0 21 75 3 0 0 0 4 3 0 3 0 0 0 2 0 0 0 3 0 0 0 0 2 0 3 0 0 0 2 0 0 0 0 0 0 2 42 3 0 0 0 0 0 0 0 11 0 0 0 0 0 48 26 11 44 29 28 30 54 22 21 0 1 0 34 0 0 1 42 0 0 0 0 0 10 0 0 11 0 0 49 19 1 1 0 20 19 18 0 0 0 0 0 0 0 0 0 0 0 0 0 0 0 0 5 0 0 0 0 19 0 0 0 2 0 0 0 0 0 1 0 0 0 0 1 0 4 0 0 1 22 4 0 37 0 0 41 60 0 19 0 0 0 19 11 0 0 0 10 0 0 0 0 0 19 0 0 0 0 0 20 0 17 0 0 0 1 0 0 0 0 0 0 0 0 0 0 0 5 0 0 0 2 0 0 0 0 0 0 0 0 1 0 0 0 0 0 0 0 0 0 0 0 0 0 0 0 0 0 13 0 0 0 0 2 0 92 2 2 4 16 0 0 0 0 0 0 0 0 0 0 0 0 0 0 0 0 0 0 0 0 0 0 0 0 0 0 0 0 0 0 0 0 0 0 0 0 0 
 30 99 128 123 267 240 92 28 77 94 291 0 44 33 39 146 215 187 119 265 3 0 0 0 0 0 76 0 3 2 4 0 148 137 154 0 1 0 237 4 0 2 6 0 0 2 0 0 0 3 0 70 0 2 2 0 14 0 0 0 2 0 0 0 0 0 0 0 2 0 0 0 7 0 0 0 0 2 0 0 0 11 0 4 0 43 0 0 0 0 13 9 2 0 6 7 22 13 0 0 0 17 2 0 0 0 0 5 0 0 0 0 21 0 2 48 28 0 34 42 2 0 0 0 0 0 0 0 0 0 2 0 0 0 0 0 3 0 0 0 0 1 0 2 8 1 0 0 0 0 0 0 6 0 1 0 2 0 0 0 0 0 0 35 0 8 0 0 1 8 43 34 0 11 0 16 0 10 0 4 43 21 0 0 0 0 48 4 0 19 0 2 10 10 10 0 27 59 56 12 2 2 0 0 0 10 0 0 10 0 0 0 0 0 0 0 0 0 0 1 0 0 0 0 0 0 0 0 2 0 1 0 0 0 13 0 0 0 0 0 0 0 11 0 0 0 0 0 2 131 2 4 0 2 0 0 0 0 0 0 0 0 0 0 0 0 0 0 0 0 0 0 0 0 0 9 0 1 0 0 0 0 0 0 0 0 0 0 0 0 
 143 43 362 62 74 32 171 172 348 259 244 44 0 87 55 30 22 29 421 138 3 2 2 0 0 0 0 0 3 0 3 0 2 17 3 0 2 0 2 3 0 2 0 0 0 2 0 0 0 3 0 1 0 1 2 0 3 0 0 0 2 0 0 0 0 0 4 0 2 0 3 0 0 0 0 0 0 2 0 0 27 18 11 0 1 0 29 1 49 11 0 0 14 0 7 16 0 8 0 27 0 0 0 0 0 0 0 0 0 0 0 0 0 0 0 0 0 0 0 0 0 0 0 0 0 0 0 0 0 0 0 20 0 15 0 0 0 0 0 0 0 0 0 0 0 2 0 0 0 0 5 0 0 0 0 0 0 0 0 0 23 0 3 27 0 0 22 14 0 0 17 0 38 1 0 0 17 10 48 9 0 0 0 0 0 0 0 0 0 0 0 0 0 0 0 0 0 0 0 0 0 0 0 0 0 0 0 0 0 0 0 0 0 0 0 0 0 0 0 0 0 0 0 0 0 0 0 0 0 0 0 0 0 0 0 0 0 0 0 0 0 0 0 0 0 2 0 2 2 2 1 1 0 0 0 0 0 0 0 0 0 0 0 0 0 0 0 0 0 0 0 0 0 0 0 0 11 0 0 0 0 0 0 0 0 0 0 0 0 0 
 82 246 146 262 152 50 149 138 107 180 34 33 87 0 141 34 229 197 194 382 3 0 0 0 0 0 0 0 5 0 4 2 2 72 4 0 2 0 1 3 0 98 0 0 0 2 0 0 0 3 0 0 0 1 2 0 3 1 0 0 3 0 0 33 0 0 0 0 2 0 0 0 0 0 0 0 0 3 0 0 22 45 12 46 48 15 11 34 44 23 10 1 2 0 0 0 15 0 0 15 0 0 0 0 0 0 0 0 0 0 0 0 13 0 0 0 19 0 0 0 0 0 10 0 0 0 0 0 0 0 0 0 0 0 0 18 0 0 0 0 0 0 4 0 0 0 0 0 1 0 0 3 1 0 0 0 2 0 0 0 5 8 43 16 16 12 43 0 0 0 0 23 0 0 30 16 17 12 14 8 1 0 0 0 0 0 0 0 0 0 0 1 6 0 0 1 0 0 2 0 2 1 0 0 0 0 0 0 0 0 0 0 7 0 0 0 0 0 0 1 0 0 0 0 0 24 0 0 0 0 0 0 0 0 0 0 0 0 0 0 0 0 0 0 0 2 92 2 2 1 0 18 0 0 1 0 0 0 0 0 0 0 0 0 0 0 0 0 0 0 0 0 0 0 0 0 0 0 0 0 0 0 0 0 0 0 0 0 0 0 
 347 36 219 59 74 49 121 64 92 318 61 39 55 141 0 123 27 40 160 171 4 2 2 0 2 2 0 2 3 0 5 0 2 2 5 3 82 2 0 3 0 4 1 0 0 2 0 0 3 3 0 2 0 1 2 0 3 0 0 4 3 0 0 3 85 0 0 0 2 0 0 0 0 0 48 0 0 10 0 0 11 1 5 13 0 0 26 49 40 0 2 0 0 15 7 0 0 18 0 28 0 0 0 0 0 0 0 0 0 0 0 0 0 0 0 0 0 0 1 2 0 0 0 12 0 0 0 0 0 0 0 0 0 0 0 0 0 0 0 0 0 0 0 0 2 2 0 0 0 5 11 0 0 0 3 0 0 0 0 0 31 0 0 25 0 0 16 12 0 0 0 1 18 15 18 0 3 15 27 17 0 0 0 0 2 0 0 0 0 0 0 0 0 0 0 0 13 0 0 0 0 0 0 0 0 0 0 2 0 0 0 0 0 0 1 0 0 0 1 0 0 0 0 0 0 0 0 0 0 0 0 0 0 0 0 0 0 0 0 0 0 0 0 0 0 0 0 0 0 2 0 3 0 0 0 0 0 0 0 0 0 0 0 0 0 0 0 0 0 0 0 0 0 0 0 0 0 0 0 0 0 0 0 0 0 0 0 0 0 0 
 134 227 61 129 191 198 418 28 76 239 410 146 30 34 123 0 246 75 126 49 3 0 0 0 0 2 76 0 3 0 77 0 1 0 3 0 0 0 1 4 0 3 0 0 0 2 0 0 0 3 0 0 63 0 3 0 3 0 0 0 3 0 0 0 0 0 0 0 3 0 0 0 2 0 0 3 0 3 4 1 18 0 4 35 0 21 11 21 22 9 11 21 18 0 11 3 19 0 0 5 11 0 0 0 0 0 9 0 0 0 0 0 20 0 0 1 0 0 10 0 0 0 0 0 0 1 0 0 0 0 0 0 0 0 28 0 0 2 0 0 0 1 0 0 0 3 0 0 0 4 6 0 0 0 2 0 0 0 0 0 15 6 52 59 1 10 0 0 27 29 0 0 16 0 0 23 12 0 2 0 23 2 0 0 0 0 0 0 0 0 0 0 0 0 0 0 0 0 19 0 0 0 0 0 0 0 0 0 0 0 0 0 0 0 0 0 0 15 0 0 0 0 0 0 0 0 9 0 0 0 0 0 1 0 0 0 0 0 0 0 0 2 0 0 0 2 0 0 5 2 9 0 16 0 0 0 0 0 0 0 0 0 0 0 0 0 0 0 0 0 0 0 0 0 0 0 22 5 0 0 0 0 0 0 0 0 0 0 0 0 
 304 93 155 155 62 316 239 113 242 163 547 215 22 229 27 246 0 194 47 251 3 0 0 0 0 0 1 5 3 0 3 2 1 2 5 2 0 0 5 3 0 4 0 0 0 2 0 0 0 3 0 0 0 2 2 0 3 0 0 66 2 0 0 0 0 0 0 0 2 0 0 0 0 0 0 0 0 2 0 0 0 21 0 28 14 3 2 0 0 20 43 11 0 1 10 24 23 43 0 0 25 0 0 0 0 0 0 0 0 0 0 2 13 28 0 0 0 0 15 28 0 0 2 0 0 0 0 0 0 0 0 0 0 0 0 0 14 0 1 0 0 0 0 0 3 2 0 0 0 0 0 0 0 0 0 0 2 0 0 0 11 31 0 0 0 47 0 0 15 0 25 24 0 36 4 46 20 10 0 2 13 2 0 0 12 0 3 0 0 0 0 0 16 0 13 0 0 0 5 16 0 0 0 0 0 0 0 0 0 0 0 0 0 0 0 0 0 0 0 0 0 0 0 0 0 0 0 0 0 0 0 0 2 0 0 0 0 0 0 0 0 17 0 0 0 0 2 0 1 90 1 15 19 0 0 0 0 0 72 0 0 0 0 1 0 0 0 0 0 0 0 0 0 0 0 0 0 0 0 0 0 0 0 0 0 0 0 0 0 0 
 43 215 26 449 43 126 477 140 47 201 121 187 29 197 40 75 194 0 122 47 3 21 0 0 0 0 100 0 3 0 3 0 46 0 4 1 0 0 3 3 0 75 5 0 0 5 0 0 0 3 0 1 0 0 2 0 3 0 0 0 50 0 0 0 0 0 0 1 52 2 0 0 6 0 0 2 0 2 0 0 10 16 37 0 21 2 10 16 13 1 23 11 0 0 16 6 37 10 0 19 0 0 0 2 0 0 10 0 0 0 0 0 19 0 2 0 0 0 17 2 0 0 5 0 0 0 0 0 0 0 0 0 0 0 0 0 0 0 0 0 0 0 0 0 1 1 0 17 0 0 0 0 0 0 0 0 2 2 0 0 9 12 32 0 22 25 9 0 17 10 14 14 22 8 10 35 18 13 0 0 13 0 0 0 0 0 10 0 0 0 0 0 0 10 0 0 1 0 10 10 0 0 0 0 0 0 0 0 0 0 0 0 0 0 0 0 0 0 0 0 0 0 0 2 0 0 0 0 0 0 0 0 0 0 0 0 0 0 0 0 0 0 0 0 0 0 2 0 3 5 0 4 0 0 0 0 0 0 0 0 0 0 10 0 0 0 0 0 0 2 0 0 0 0 0 12 18 0 0 0 0 0 0 0 0 0 0 0 0 0 
 35 222 48 75 64 37 64 55 206 181 129 119 421 194 160 126 47 122 0 182 3 0 74 0 0 26 0 0 3 0 3 0 1 0 3 0 1 0 0 3 0 2 0 0 0 2 0 0 0 3 1 0 0 2 2 0 3 0 0 0 2 0 0 0 0 0 0 0 2 0 0 1 0 0 0 0 0 2 0 0 0 19 23 0 0 0 74 34 36 0 11 10 65 25 24 0 0 10 0 42 1 0 0 0 0 1 0 0 0 1 8 0 0 0 0 0 0 0 0 0 0 0 0 0 0 0 0 0 0 0 0 0 0 0 0 1 0 0 0 0 0 2 0 1 0 4 0 2 0 0 1 0 2 2 0 0 0 0 0 0 14 3 0 6 0 1 55 18 0 0 0 14 0 0 11 4 0 10 3 89 0 0 0 0 0 0 0 0 0 0 1 0 0 0 0 0 0 0 0 0 0 0 1 0 0 2 0 0 0 0 0 0 0 0 0 0 0 0 0 0 0 1 0 0 24 1 1 0 0 1 2 0 0 0 2 0 0 2 0 0 0 0 0 0 0 3 0 2 0 0 0 3 0 0 1 0 0 0 0 0 0 0 1 0 0 0 0 0 0 0 2 0 0 0 0 0 20 0 0 0 0 0 0 0 0 0 0 0 0 1 
 356 64 141 40 49 39 41 222 183 150 54 265 138 382 171 49 251 47 182 0 3 0 0 0 0 0 3 0 3 0 3 0 1 0 4 1 1 0 2 3 0 2 0 0 0 2 0 0 0 3 0 0 0 2 2 0 3 0 0 1 3 0 0 0 0 0 0 0 2 0 0 0 0 0 0 0 0 3 0 0 22 43 47 15 19 0 17 0 8 10 12 0 0 21 19 33 0 10 19 28 0 0 0 0 0 0 0 0 0 0 0 0 0 0 0 1 0 0 0 0 0 0 0 0 0 0 0 0 1 0 0 0 0 0 0 0 0 0 0 0 0 0 0 0 0 1 0 0 0 0 18 0 1 0 0 0 0 0 1 0 17 33 24 0 6 0 17 37 0 2 0 11 0 37 28 0 21 0 10 1 0 0 0 0 0 0 0 0 0 0 0 0 11 0 0 0 0 0 0 0 0 0 0 0 0 0 1 0 11 0 0 0 0 0 0 0 0 0 0 0 0 0 0 0 0 0 0 0 0 0 0 0 0 0 0 0 0 0 0 0 0 0 0 0 0 3 0 1 0 0 0 10 0 0 0 0 0 0 0 0 0 0 0 0 0 0 0 0 0 0 0 0 0 0 0 0 7 7 0 0 0 0 0 0 12 0 0 0 0 2 
 3 3 115 82 78 5 3 3 3 3 3 3 3 3 4 3 3 3 3 3 0 484 118 84 18 130 207 210 142 269 51 46 122 126 127 113 192 130 201 176 0 0 0 11 0 0 0 0 1 0 0 0 43 1 0 0 2 2 0 0 2 0 1 5 0 0 0 4 0 0 0 1 0 0 0 2 0 0 0 0 0 0 0 2 0 0 0 0 0 0 0 0 0 0 1 0 0 0 0 0 33 0 0 24 10 20 2 15 24 0 13 21 0 23 13 28 17 0 0 8 0 0 0 0 0 0 0 0 0 0 0 0 11 0 0 0 2 0 0 0 0 12 0 0 0 10 1 0 0 0 0 0 0 18 0 2 0 3 0 0 0 2 0 0 0 0 0 0 0 0 0 0 0 0 0 0 0 0 0 5 55 0 23 2 0 14 0 10 50 0 0 2 9 26 22 5 0 0 0 16 2 0 0 0 0 9 0 0 0 0 0 0 1 0 0 0 0 0 6 0 0 0 0 0 0 0 0 0 0 0 0 2 0 0 12 0 0 0 0 0 0 0 0 0 0 0 0 0 0 2 0 0 2 0 8 1 0 163 76 2 0 15 0 0 0 0 0 0 0 0 0 0 0 0 0 0 0 0 0 0 0 1 0 0 0 19 9 0 0 0 
 0 0 0 0 2 73 68 3 0 0 0 0 2 0 2 0 0 21 0 0 484 0 209 607 115 258 192 346 361 799 264 102 58 150 223 71 152 122 74 203 0 7 0 6 0 0 53 2 0 0 0 0 0 2 0 0 2 0 63 0 3 0 0 1 0 0 0 0 0 0 0 3 2 0 0 2 0 0 0 0 0 0 0 0 0 0 0 0 0 0 0 0 0 0 0 0 0 0 0 0 0 0 16 2 14 0 26 60 32 18 10 22 10 22 19 21 1 0 0 1 0 0 0 0 0 0 0 1 0 0 0 0 10 0 0 0 0 0 21 0 0 0 0 0 0 8 0 0 0 0 0 0 0 0 0 0 2 6 0 0 4 0 3 0 17 1 0 0 0 13 0 0 0 0 2 0 0 0 2 0 11 11 25 0 15 32 1 0 14 24 21 0 1 20 0 28 45 10 0 8 0 0 0 0 0 0 0 0 0 0 0 0 11 0 0 0 0 0 10 31 0 0 0 0 0 0 0 0 0 0 0 0 0 0 0 0 0 12 0 0 0 0 0 0 0 0 2 0 0 0 0 0 1 0 20 1 0 1 75 2 0 0 0 0 0 0 0 0 0 0 0 0 0 0 0 0 0 0 0 0 0 0 0 0 0 0 0 0 0 0 
 0 3 1 0 2 0 0 0 0 0 2 0 2 0 2 0 0 0 74 0 118 209 0 245 129 90 79 182 359 188 75 439 59 269 132 245 129 193 31 52 0 7 0 206 0 2 0 0 0 0 0 2 68 4 206 0 2 0 132 93 3 87 0 2 0 0 0 0 0 0 0 3 0 0 0 2 0 0 0 0 0 0 0 0 0 0 0 0 9 0 0 0 0 0 0 0 0 0 0 0 0 12 1 18 25 37 0 37 26 9 27 1 0 2 12 0 28 18 0 0 0 11 3 0 0 0 36 33 0 0 0 0 2 0 16 0 14 0 9 26 0 0 0 0 0 0 6 0 0 0 0 0 0 0 0 3 2 16 0 0 0 0 2 0 15 0 0 0 0 14 0 0 0 0 0 0 0 0 0 0 0 9 26 40 36 12 0 0 0 10 13 43 0 6 10 0 0 9 0 0 53 0 0 0 0 0 2 0 27 0 0 0 39 0 0 0 0 0 65 13 0 0 0 0 0 0 0 0 0 0 0 0 0 0 0 0 0 0 0 0 0 0 0 0 0 0 0 0 0 0 0 0 0 0 10 1 2 75 79 0 3 12 0 0 0 0 0 0 0 0 0 0 0 0 0 0 0 0 0 0 0 8 0 0 0 0 0 0 0 0 
 0 40 1 0 0 0 0 0 0 0 0 0 0 0 0 0 0 0 0 0 84 607 245 0 191 442 137 179 172 174 78 126 64 159 238 214 191 111 156 141 0 7 0 1 3 1 0 3 0 61 0 0 2 1 0 0 2 0 0 0 4 0 0 4 0 2 0 0 3 0 0 3 0 0 0 3 1 0 0 0 0 0 0 0 0 0 0 0 0 0 0 0 0 0 0 0 0 0 0 0 0 15 0 21 22 10 0 0 39 1 0 29 0 51 6 0 13 11 0 0 0 18 20 0 0 0 0 23 0 0 0 37 13 0 11 0 17 0 1 0 0 0 0 0 0 0 2 0 0 0 0 0 0 0 14 0 0 4 0 0 1 0 1 0 5 0 0 0 0 2 0 0 0 0 0 0 0 1 1 0 0 0 87 16 11 26 0 9 70 0 1 30 0 27 9 1 71 13 0 0 10 0 0 0 0 0 22 0 19 0 0 0 1 0 0 0 0 0 20 0 0 0 0 0 0 0 0 0 35 0 0 0 0 0 0 0 0 0 0 0 0 0 0 0 0 0 0 0 0 0 0 0 0 0 6 0 0 175 3 2 1 0 0 0 0 0 0 0 0 0 0 0 0 0 0 0 0 0 0 0 0 0 0 0 0 20 9 0 0 0 
 0 0 0 0 0 0 0 0 0 0 0 0 0 0 2 0 0 0 0 0 18 115 129 191 0 155 257 205 83 93 187 29 53 71 128 165 56 107 75 248 65 0 67 1 0 2 0 0 0 0 1 0 4 65 125 0 64 0 62 3 3 0 0 2 0 0 2 0 0 0 0 3 0 0 0 3 0 0 0 0 0 0 0 0 0 0 1 0 0 0 0 0 0 0 0 0 0 0 0 0 0 0 9 30 7 0 1 13 21 11 20 7 0 0 0 0 0 25 0 0 11 21 19 30 0 0 0 0 9 9 13 0 15 9 0 0 18 17 0 19 0 0 0 0 0 0 0 0 0 0 9 0 0 2 0 0 2 0 0 29 0 0 0 0 3 0 2 0 0 1 0 0 0 0 0 0 0 0 0 0 0 1 0 19 5 22 0 7 0 0 19 0 0 9 0 13 19 10 0 0 0 1 17 0 0 0 22 2 19 14 0 0 0 0 0 0 9 0 10 23 0 0 0 0 0 0 0 0 0 0 0 0 0 0 0 0 0 0 0 0 0 0 0 0 0 0 0 0 0 0 0 0 0 0 24 0 1 0 77 2 0 0 0 0 0 0 0 0 0 0 12 0 0 0 0 0 0 0 0 0 0 24 0 0 0 0 0 0 0 0 
 0 0 0 1 0 0 0 0 0 31 0 0 0 0 2 2 0 0 26 0 130 258 90 442 155 0 38 116 189 72 283 116 60 223 55 248 294 125 57 351 90 0 0 62 0 7 61 62 64 0 0 0 4 0 62 79 72 0 125 61 3 0 0 0 54 0 0 0 4 0 8 4 0 6 0 2 0 0 0 0 0 0 0 0 0 0 0 0 0 0 0 0 0 0 0 0 0 0 0 0 0 45 19 9 0 8 0 1 22 18 48 48 0 12 1 0 9 4 0 0 23 30 1 0 0 0 7 27 7 0 0 0 22 0 6 14 19 0 0 0 0 0 0 0 0 0 0 0 0 0 0 0 0 2 0 4 0 0 0 0 0 0 2 0 8 0 1 0 0 5 9 0 0 0 0 0 0 0 0 0 0 0 35 13 7 32 0 20 10 10 24 24 0 17 13 0 0 18 0 0 17 0 13 0 0 0 35 0 26 9 10 0 32 17 0 0 1 0 34 8 0 0 0 0 0 0 0 0 0 0 0 0 0 0 0 17 0 0 0 0 0 0 0 0 0 0 0 0 0 0 0 0 0 0 9 0 4 44 74 0 0 0 22 0 0 0 0 0 0 0 0 0 0 0 0 0 0 0 0 0 0 17 0 0 0 8 0 0 0 0 
 0 3 41 33 46 2 2 7 78 1 3 76 0 0 0 76 1 100 0 3 207 192 79 137 257 38 0 176 146 45 45 35 257 185 206 30 321 109 419 44 0 0 0 203 0 0 0 0 0 0 0 0 0 1 0 0 2 203 0 0 2 0 48 0 0 0 0 0 0 0 0 3 1 0 0 2 0 2 0 0 0 0 0 23 0 7 0 0 0 0 1 0 0 0 0 1 0 9 0 0 0 13 0 28 10 33 0 1 9 0 0 2 13 35 7 12 0 57 8 10 0 0 0 0 0 0 0 0 0 0 0 0 0 0 2 0 0 0 0 0 0 0 0 0 0 0 1 0 0 0 0 2 0 0 0 0 0 5 0 0 0 0 0 15 0 0 0 0 0 7 0 0 0 0 0 0 0 0 0 7 19 7 16 0 0 30 0 9 15 0 0 0 7 5 23 1 15 11 9 22 1 0 0 0 0 0 0 0 0 0 0 0 0 0 0 0 0 0 0 0 12 0 0 0 0 0 0 0 0 0 0 0 0 0 0 0 0 0 1 2 0 0 0 0 0 0 1 0 78 74 9 0 0 0 9 0 4 85 0 0 2 16 0 0 0 0 0 0 0 0 0 0 0 0 0 0 0 0 0 0 0 0 0 0 0 0 10 0 0 8 
 0 0 0 0 1 19 2 0 0 0 0 0 0 0 2 0 5 0 0 0 210 346 182 179 205 116 176 0 205 259 27 138 154 243 198 266 135 126 132 127 0 5 0 0 0 6 0 0 1 0 0 0 0 2 0 0 3 0 65 0 2 0 0 0 0 0 0 0 0 0 0 2 0 0 0 2 51 0 8 0 0 0 0 0 1 0 0 0 0 0 0 0 0 0 0 0 0 2 0 0 0 1 16 12 42 3 13 19 26 27 12 40 10 14 0 23 28 10 0 0 13 0 0 0 0 0 0 11 0 0 0 0 9 0 11 0 0 0 8 0 0 17 0 0 0 0 0 0 0 0 0 0 0 0 0 0 2 7 0 0 3 0 6 0 37 2 0 0 0 4 0 0 1 0 5 0 0 0 0 0 0 0 68 10 9 45 13 0 19 0 40 0 0 36 0 19 28 64 0 17 12 0 0 0 0 0 1 0 1 0 0 0 21 0 0 0 0 0 9 1 0 0 18 0 0 0 0 0 0 0 0 0 0 0 0 0 0 0 0 0 0 0 0 0 0 0 0 0 0 0 0 0 0 0 5 2 4 1 0 0 2 2 0 0 0 0 0 0 0 0 0 0 0 0 0 0 0 0 0 0 0 18 0 0 0 0 0 0 0 0 
 3 3 3 3 6 3 3 5 3 3 3 3 3 5 3 3 3 3 3 3 142 361 359 172 83 189 146 205 0 367 53 100 73 99 204 467 124 78 294 469 0 65 3 0 0 0 1 0 1 0 0 0 0 2 0 0 2 0 19 63 2 0 0 2 0 0 0 0 0 0 0 2 0 0 0 2 0 0 0 39 0 0 0 0 0 0 0 0 0 8 0 0 0 0 21 0 8 0 0 0 0 0 11 0 51 3 0 36 46 12 17 17 13 34 9 0 14 2 0 0 0 12 0 0 0 0 0 20 0 0 0 0 18 0 12 0 0 0 9 16 0 0 0 0 0 0 17 0 0 0 0 0 0 0 0 0 2 8 0 0 1 0 1 0 3 0 0 0 0 3 0 0 17 0 1 16 0 0 0 0 0 8 51 9 30 41 0 0 4 0 12 18 0 35 1 12 0 0 0 0 10 0 0 0 0 0 1 0 0 0 0 0 26 0 0 0 0 0 32 14 0 0 0 0 0 0 0 0 0 0 0 0 0 0 0 0 0 0 0 0 0 0 0 0 0 0 0 0 0 0 0 0 0 0 12 0 0 154 1 0 0 17 0 0 0 0 0 0 0 0 0 0 0 0 0 0 0 0 0 0 0 19 0 0 0 19 0 0 0 0 
 0 1 0 2 0 53 0 3 0 0 0 2 0 0 0 0 0 0 0 0 269 799 188 174 93 72 45 259 367 0 217 128 133 171 399 106 325 33 67 391 0 0 0 1 0 0 0 0 0 1 0 0 65 4 0 0 2 2 2 0 2 4 0 0 0 0 0 51 0 0 0 0 2 0 0 3 0 0 0 5 0 0 2 0 0 0 1 0 0 0 0 0 1 0 0 0 0 0 0 0 0 18 3 0 10 0 15 21 0 26 0 18 0 0 15 12 13 7 0 1 0 9 0 0 0 0 2 9 0 4 6 0 15 19 6 0 0 6 4 7 0 0 0 0 0 0 0 0 0 0 0 0 0 0 1 0 0 0 0 0 0 0 0 1 25 0 0 1 0 0 0 0 1 0 2 0 0 0 1 0 0 0 0 9 10 0 46 13 8 16 2 13 17 12 0 9 9 28 14 12 0 3 8 0 0 0 6 0 16 1 0 1 0 4 0 0 34 1 18 0 0 0 6 0 0 0 0 0 0 0 0 0 0 0 0 0 0 2 0 0 0 0 0 0 0 1 0 0 0 0 0 0 0 0 8 0 1 0 1 0 0 0 0 2 0 0 14 0 0 0 7 0 0 0 0 0 0 0 0 0 0 0 0 0 0 0 0 0 0 0 
 3 5 3 3 5 79 3 3 3 5 3 4 3 4 5 77 3 3 3 3 51 264 75 78 187 283 45 27 53 217 0 134 27 249 55 299 251 37 39 228 74 6 0 0 0 4 59 0 0 0 0 0 117 2 0 0 2 0 62 65 2 3 3 4 18 0 0 0 0 0 0 3 0 0 0 2 0 5 0 1 0 0 0 0 0 0 0 0 0 0 0 0 0 0 0 0 0 0 0 0 1 0 10 15 0 0 1 18 21 14 2 34 0 10 0 0 24 12 0 0 12 0 2 0 0 0 0 28 0 11 0 0 33 22 24 0 0 21 1 0 0 0 0 0 0 0 0 0 0 0 0 0 0 0 2 0 2 0 0 0 0 0 0 0 0 0 0 0 0 0 0 0 0 0 0 0 0 0 6 0 0 19 20 12 0 14 0 5 15 12 31 13 12 48 0 0 0 32 0 3 0 19 2 0 0 0 23 0 20 11 0 2 0 20 11 0 25 2 1 2 0 0 0 0 0 0 0 0 0 0 0 0 0 0 0 0 0 0 0 0 0 0 0 0 0 0 0 0 0 0 0 0 0 0 14 0 0 74 0 0 1 1 0 0 0 0 13 0 0 0 0 0 0 0 0 0 0 0 0 0 0 18 0 0 0 20 0 0 0 0 
 0 0 0 0 0 0 0 4 0 0 0 0 0 2 0 0 2 0 0 0 46 102 439 126 29 116 35 138 100 128 134 0 35 52 102 85 66 147 41 123 0 3 3 0 0 4 1 1 3 0 0 0 17 1 0 0 2 3 208 2 2 0 0 0 0 0 0 2 0 1 3 0 0 0 48 6 0 0 3 3 0 0 0 2 0 0 0 0 0 0 0 0 0 0 0 0 0 0 0 0 0 0 11 0 8 6 0 1 0 8 31 18 12 9 1 0 4 0 0 0 0 0 0 0 0 0 18 16 0 6 0 0 18 12 3 2 0 1 10 21 0 0 0 0 0 2 0 0 0 0 0 0 0 0 0 5 2 0 0 0 13 0 3 1 0 14 11 0 0 0 0 0 2 0 2 0 0 0 0 0 0 1 8 7 30 0 0 0 16 21 0 23 0 0 1 1 8 0 0 0 14 0 0 0 0 0 21 0 18 8 0 0 1 0 14 0 0 0 13 4 0 0 0 0 0 0 2 1 0 2 9 0 0 0 0 0 11 0 0 0 0 0 0 0 0 1 0 0 0 0 0 0 0 0 6 1 0 2 2 2 13 0 0 0 1 0 9 0 0 0 0 0 0 0 0 0 0 0 0 0 0 0 0 0 0 0 0 0 0 0 
 2 3 37 111 26 75 1 4 77 76 21 148 2 2 2 1 1 46 1 1 122 58 59 64 53 60 257 154 73 133 27 35 0 144 28 257 123 45 116 111 0 0 0 0 0 0 0 0 0 0 0 0 0 0 0 0 2 0 0 0 4 0 0 0 0 0 0 1 3 22 0 3 10 0 0 2 0 0 2 0 1 0 0 47 9 2 0 0 0 0 0 0 0 0 0 0 18 10 0 0 17 0 0 0 0 0 29 0 13 16 15 0 35 1 6 10 0 20 13 33 1 0 0 0 0 13 0 0 0 0 0 0 0 0 0 0 0 0 0 0 0 0 1 0 0 2 0 0 0 0 2 0 0 0 0 0 2 0 5 0 0 0 19 2 12 21 0 0 14 9 0 0 0 0 0 12 1 0 0 5 33 0 0 0 0 0 32 0 0 0 0 0 1 25 25 0 0 0 1 30 0 0 0 0 0 0 0 0 0 0 0 0 0 0 0 0 0 0 0 0 0 0 0 0 0 0 0 0 0 0 0 0 0 0 0 2 0 0 0 0 0 0 0 0 0 0 2 0 0 77 0 0 0 0 9 2 0 0 0 0 0 0 0 0 0 1 0 0 0 0 0 3 0 0 0 10 2 0 0 0 0 0 0 0 0 0 0 0 0 0 
 0 5 0 1 21 74 0 0 78 0 75 137 17 72 2 0 2 0 0 0 126 150 269 159 71 223 185 243 99 171 249 52 144 0 508 52 136 51 186 111 0 0 0 0 0 0 0 0 0 0 0 3 0 2 0 0 6 3 1 0 2 0 0 50 0 1 0 0 32 0 3 3 0 0 0 2 2 3 0 0 0 0 0 9 0 6 2 0 0 12 0 1 0 0 0 0 0 0 0 0 17 21 0 0 0 24 12 14 1 0 25 13 25 11 36 30 8 9 16 12 0 0 0 0 0 0 0 0 0 0 0 0 8 0 0 0 0 2 11 0 0 2 0 0 0 0 0 1 0 0 0 8 0 1 0 0 1 0 10 0 4 0 3 9 10 0 0 0 0 0 0 0 32 0 3 0 16 0 0 0 10 3 10 0 14 2 24 21 27 20 0 0 0 1 16 0 43 7 8 10 0 0 0 0 1 0 0 0 0 0 0 0 1 0 0 0 0 0 0 0 0 0 0 0 0 0 0 0 0 0 2 0 0 0 0 24 0 0 0 0 0 0 10 0 0 0 0 0 0 0 0 0 0 2 13 0 0 76 0 1 20 0 1 0 0 0 0 0 0 0 14 0 0 0 0 0 0 0 0 0 0 0 0 0 0 0 14 0 0 0 
 3 5 3 3 78 79 3 5 3 4 3 154 3 4 5 3 5 4 3 4 127 223 132 238 128 55 206 198 204 399 55 102 28 508 0 111 78 164 76 187 0 0 0 2 0 0 0 0 0 0 0 3 0 2 0 0 5 0 62 1 3 0 0 1 0 0 0 0 0 0 0 3 0 0 0 2 0 0 0 0 0 0 0 0 0 0 0 0 0 0 0 0 0 1 8 0 0 0 0 2 20 37 33 18 1 2 12 19 61 11 2 22 17 43 37 23 8 10 0 17 0 0 0 2 0 0 0 1 0 0 0 0 13 0 0 0 0 0 20 18 8 0 0 0 0 0 10 0 0 0 0 0 0 0 0 0 2 5 0 0 7 0 6 0 10 0 1 0 0 3 0 0 0 0 16 0 2 0 0 0 0 26 26 0 21 39 8 21 71 19 0 0 0 13 12 26 51 26 9 9 0 0 0 0 0 0 0 0 0 0 0 0 32 0 0 0 0 0 0 15 0 0 0 0 2 0 0 0 0 0 0 0 0 0 0 0 0 0 0 0 0 0 15 0 0 0 0 0 0 0 0 0 73 0 9 0 2 119 4 2 5 18 0 0 0 0 0 0 0 0 45 0 0 0 0 0 0 0 0 0 0 20 0 0 0 0 0 0 0 0 
 0 2 0 0 0 0 0 0 0 0 0 0 0 0 3 0 2 1 0 1 113 71 245 214 165 248 30 266 467 106 299 85 257 52 111 0 87 93 253 161 0 31 0 2 2 3 0 0 0 3 3 0 63 5 0 67 3 6 63 0 33 0 0 0 6 0 0 0 0 2 6 3 0 0 0 2 0 2 0 15 0 0 0 0 0 0 0 0 0 0 0 0 0 0 0 0 0 0 0 0 0 19 12 23 17 0 18 11 19 38 23 28 1 1 0 11 8 41 0 9 27 18 0 2 0 14 0 20 0 0 0 0 6 0 12 0 20 0 0 0 0 0 0 0 0 2 0 0 0 0 0 0 0 1 0 0 2 17 0 0 0 0 2 0 7 10 1 0 0 4 0 0 0 0 0 0 2 0 0 0 2 0 25 23 22 59 19 0 0 12 33 16 0 0 0 31 23 23 0 0 10 0 0 0 0 0 2 0 21 0 0 0 40 0 0 0 0 0 24 13 0 0 0 0 2 0 8 0 0 0 2 0 0 0 0 0 0 0 0 0 0 0 0 0 0 0 0 0 0 0 0 0 0 0 9 0 0 74 75 0 0 0 0 0 0 0 0 0 0 0 0 0 0 0 0 0 0 0 0 0 0 0 0 0 0 20 0 0 0 0 
 1 0 1 0 0 36 0 76 0 0 0 1 2 2 82 0 0 0 1 1 192 152 129 191 56 294 321 135 124 325 251 66 123 136 78 87 0 62 50 225 0 0 0 0 0 4 0 0 4 0 0 0 0 2 0 4 2 0 6 63 2 0 0 0 50 0 0 0 0 0 0 6 0 0 0 2 0 0 0 0 0 0 0 1 0 0 0 8 0 0 0 0 0 0 0 0 0 0 10 0 0 18 14 2 16 0 20 32 31 10 10 10 0 45 14 10 0 8 0 0 0 0 0 0 0 0 0 0 0 0 0 0 17 2 0 0 0 0 0 0 0 0 0 0 0 2 1 0 0 0 0 0 0 0 0 13 2 14 0 0 0 0 0 0 0 0 0 0 0 0 0 0 0 0 1 0 0 0 0 0 0 1 20 9 0 32 0 13 10 0 23 0 17 48 0 23 0 33 14 15 0 0 0 0 0 0 0 0 2 0 0 0 0 0 0 0 0 0 20 23 0 0 2 0 1 0 1 0 0 1 0 0 0 0 0 0 0 0 0 0 0 0 0 0 0 2 0 0 0 0 0 0 0 0 3 1 0 1 0 0 4 0 0 0 0 0 1 0 0 0 0 0 0 0 0 0 0 0 0 0 0 0 0 0 0 0 0 0 0 1 
 0 0 0 4 0 36 0 0 0 0 0 0 0 0 2 0 0 0 0 0 130 122 193 111 107 125 109 126 78 33 37 147 45 51 164 93 62 0 40 113 0 0 0 40 0 2 0 0 2 0 0 0 147 2 0 0 2 0 4 106 3 0 0 35 0 0 0 0 0 0 0 5 0 0 0 2 0 0 6 0 0 0 0 0 0 0 0 0 0 0 0 0 0 0 0 0 0 0 0 0 0 7 13 28 9 19 2 50 1 26 37 57 16 34 25 0 0 11 0 0 0 0 0 0 0 0 0 0 1 0 0 0 9 0 0 0 0 0 11 76 0 0 0 0 0 0 9 0 0 0 0 0 0 0 0 0 2 3 0 8 4 0 4 0 0 1 0 0 0 0 0 0 4 0 2 0 0 0 2 0 0 10 24 24 48 94 0 9 63 27 26 8 0 10 0 4 26 0 0 0 8 0 0 0 0 0 11 0 0 0 0 0 32 0 1 0 0 0 10 0 0 0 0 0 0 0 0 0 0 0 0 0 0 0 0 0 0 0 0 0 0 0 0 0 0 0 3 0 0 0 0 0 0 0 9 4 0 114 77 0 15 31 0 0 0 0 24 0 0 0 0 0 0 0 0 0 0 0 0 0 0 23 0 0 0 13 0 1 0 0 
 1 2 25 148 159 26 2 1 77 2 4 237 2 1 0 1 5 3 0 2 201 74 31 156 75 57 419 132 294 67 39 41 116 186 76 253 50 40 0 81 0 0 0 0 0 2 0 0 2 0 0 5 0 0 0 0 4 0 3 0 3 0 0 1 0 0 0 7 0 0 0 5 6 0 0 2 0 0 0 0 0 0 0 8 0 28 0 0 0 1 18 7 0 0 0 0 0 9 0 0 19 19 0 2 6 0 0 0 0 0 0 10 0 47 1 42 15 0 27 36 0 0 0 0 0 0 2 0 0 0 0 0 0 0 0 0 0 0 0 0 0 0 0 0 0 1 1 0 0 0 0 0 0 0 1 0 2 13 0 0 0 24 0 6 0 18 0 0 0 0 0 0 0 0 0 0 0 0 0 4 11 3 19 0 0 20 27 0 0 0 10 0 37 26 12 0 11 18 30 14 0 11 0 0 0 0 0 0 0 0 0 1 0 0 0 0 0 0 0 0 0 0 0 0 0 0 0 12 0 0 0 0 0 0 0 0 0 2 0 0 0 0 17 0 0 0 0 0 1 122 0 0 0 0 13 0 0 1 0 0 0 0 0 0 0 0 0 0 0 0 0 0 0 0 0 12 0 0 0 0 0 0 0 0 0 0 1 0 0 0 
 3 3 3 3 4 83 3 3 3 3 3 4 3 3 3 4 3 3 3 3 176 203 52 141 248 351 44 127 469 391 228 123 111 111 187 161 225 113 81 0 0 0 0 0 3 2 0 0 0 0 0 2 3 1 0 2 2 0 0 1 2 0 0 1 0 0 3 1 0 0 0 2 0 0 3 2 0 0 0 0 0 0 0 2 12 0 0 0 0 0 1 0 0 0 0 0 0 0 0 0 1 17 23 49 0 0 33 21 25 7 57 0 0 27 15 0 11 7 10 1 0 0 0 0 0 0 0 0 0 2 0 0 11 7 0 0 0 0 0 0 0 0 0 0 0 2 0 0 0 0 0 0 0 0 0 0 0 0 0 0 0 0 0 0 1 0 0 0 0 0 0 0 0 0 0 0 0 0 0 0 0 0 10 0 0 18 13 22 17 0 11 0 1 70 0 13 26 14 11 13 0 0 0 0 0 0 0 0 0 1 0 0 0 0 0 1 0 0 10 12 0 0 0 0 0 0 2 0 0 2 0 0 0 0 0 0 0 0 0 0 0 0 0 0 0 1 0 0 0 0 0 0 0 0 15 2 2 3 1 2 0 0 0 0 0 0 0 0 0 0 0 0 0 0 0 0 0 0 0 0 0 12 0 0 0 0 0 0 0 0 
 0 0 0 0 0 0 0 0 0 0 0 0 0 0 0 0 0 0 0 0 0 0 0 0 65 90 0 0 0 0 74 0 0 0 0 0 0 0 0 0 0 102 78 54 55 42 133 132 512 400 239 54 142 278 125 79 68 41 374 185 2 2 1 0 0 1 13 0 4 11 0 4 0 7 3 8 2 9 0 3 0 0 0 0 0 0 0 0 0 0 0 0 0 0 0 0 0 0 0 0 0 0 0 0 10 21 0 0 0 0 0 0 0 0 0 0 0 0 0 7 17 29 0 0 26 0 20 15 10 14 4 0 16 29 8 0 0 30 8 25 0 8 10 0 0 0 0 0 0 3 8 2 0 0 0 0 1 0 0 6 0 0 0 10 0 0 0 0 0 0 0 0 0 0 0 0 0 3 0 0 0 0 0 0 7 0 0 0 0 0 0 0 0 0 0 0 0 0 0 0 0 28 25 0 0 0 0 8 0 11 0 9 12 51 9 0 12 11 5 15 0 0 0 0 0 0 0 0 5 28 8 7 5 0 0 42 0 9 0 0 0 0 0 0 0 0 0 0 0 0 0 7 0 0 0 0 1 0 0 0 14 0 0 0 1 1 0 0 0 0 0 0 0 1 0 14 0 0 0 3 0 0 0 0 0 0 0 0 0 0 
 65 65 2 3 2 2 98 2 2 33 3 2 2 98 4 3 4 75 2 2 0 7 7 7 0 0 0 5 65 0 6 3 0 0 0 31 0 0 0 0 102 0 166 121 95 59 56 58 81 328 60 105 86 47 130 41 316 315 52 133 50 0 0 0 2 0 0 0 0 0 4 0 0 0 0 0 0 0 11 0 12 0 11 0 32 0 0 0 18 0 0 0 0 0 0 0 0 0 0 0 0 0 0 0 8 0 0 0 5 6 0 5 0 0 0 0 6 1 0 0 13 0 13 31 0 0 41 9 0 1 19 28 6 0 47 4 47 20 0 0 0 0 0 0 0 0 0 0 0 0 0 0 0 0 0 0 0 0 0 0 7 0 0 0 0 14 1 0 0 0 11 0 19 0 0 0 0 6 0 0 1 0 6 9 8 4 0 0 0 0 5 13 0 0 0 0 0 4 0 0 17 16 2 33 17 20 0 31 0 19 21 9 0 9 18 47 6 15 3 1 1 0 0 0 17 0 0 0 0 0 0 0 15 0 0 0 0 0 0 0 0 0 0 0 0 0 0 0 1 0 0 8 0 1 0 0 0 0 0 22 0 0 64 0 0 0 0 0 2 0 0 0 0 0 0 0 0 0 0 0 0 0 0 0 8 16 0 0 2 0 
 0 0 0 0 0 0 0 1 0 0 0 6 0 0 1 0 0 5 0 0 0 0 0 0 67 0 0 0 3 0 0 3 0 0 0 0 0 0 0 0 78 166 0 192 39 328 47 374 450 416 225 255 70 111 213 49 51 44 449 35 50 0 0 2 0 0 0 0 13 38 30 0 6 0 0 6 0 0 0 51 0 0 0 0 0 0 0 0 0 0 0 0 0 0 0 0 0 2 0 0 0 0 0 0 0 0 0 0 0 0 0 0 0 0 0 0 17 0 0 0 8 15 0 38 17 0 20 59 16 22 17 0 0 0 0 0 0 24 0 0 21 0 2 0 2 0 1 5 17 0 8 1 0 0 10 0 2 24 1 0 0 0 0 0 0 0 0 0 11 0 18 0 0 0 0 0 0 0 0 0 0 0 0 0 0 0 0 0 0 0 0 0 0 0 0 1 0 0 0 0 29 29 0 16 2 0 0 30 0 12 55 0 0 0 7 37 0 0 0 20 0 6 0 7 0 0 16 5 0 19 1 0 0 3 9 0 4 0 0 48 0 0 0 0 0 0 0 0 0 0 0 15 0 2 0 0 0 0 0 2 0 0 1 47 6 20 0 0 0 0 21 0 0 0 0 10 0 0 0 0 0 3 0 0 0 41 0 0 1 0 
 0 0 0 0 0 0 0 2 0 0 0 0 0 0 0 0 0 0 0 0 11 6 206 1 1 62 203 0 0 1 0 0 0 0 2 2 0 40 0 0 54 121 192 0 125 292 61 77 85 147 74 367 99 300 297 96 61 461 98 107 53 0 0 4 0 0 0 0 6 0 5 4 0 24 0 0 0 0 0 0 0 0 0 0 0 0 0 0 0 0 0 0 0 0 0 0 0 0 0 0 0 0 6 1 0 18 5 3 0 1 0 0 0 0 7 2 0 1 0 0 18 8 0 13 0 7 26 13 2 3 4 1 1 0 6 10 0 10 0 1 0 0 0 7 0 0 23 7 0 0 7 0 0 0 0 1 3 0 0 0 0 0 0 0 12 0 0 0 0 0 0 0 0 0 0 0 0 11 0 0 8 4 0 0 0 0 0 0 2 2 0 0 0 7 0 5 0 0 0 0 14 1 15 2 21 11 0 20 14 12 12 20 18 22 11 23 0 0 1 3 0 7 0 0 0 0 11 4 0 0 0 0 26 0 20 18 10 0 19 6 0 0 0 0 0 0 0 0 0 0 0 9 0 1 0 0 0 0 7 14 0 0 2 0 2 2 3 0 0 0 0 0 0 0 0 0 0 0 0 0 0 1 0 0 2 0 0 0 2 0 
 0 2 0 0 3 0 0 0 0 0 0 0 0 0 0 0 0 0 0 0 0 0 0 3 0 0 0 0 0 0 0 0 0 0 0 2 0 0 0 3 55 95 39 125 0 72 21 75 111 67 97 166 357 57 63 83 84 77 268 36 51 0 53 2 0 0 3 0 0 0 0 0 52 0 3 0 0 0 53 1 0 0 0 0 0 0 0 0 4 0 0 0 0 0 0 0 0 0 0 0 0 8 0 0 0 0 0 0 0 0 0 0 0 0 0 0 0 0 0 0 0 0 18 21 32 39 0 0 0 9 8 1 0 0 0 11 22 1 0 0 0 5 15 10 0 0 15 19 0 0 16 0 18 7 0 0 14 0 8 7 0 0 0 0 0 0 0 0 0 0 0 0 0 0 0 0 0 8 0 0 0 0 0 0 0 0 0 0 0 0 0 0 0 0 0 0 0 0 0 0 0 0 2 1 38 46 0 0 30 0 0 12 0 0 1 14 0 0 0 0 0 0 14 0 0 0 23 0 10 0 8 23 26 21 9 0 10 0 21 7 0 0 1 0 0 0 0 0 0 0 0 8 0 0 0 0 0 0 0 1 0 0 3 0 2 0 1 2 0 0 0 0 0 0 0 0 0 0 0 0 0 0 0 0 9 0 0 0 0 0 
 2 2 2 2 2 3 4 2 2 2 2 2 2 2 2 2 2 5 2 2 0 0 2 1 2 7 0 6 0 0 4 4 0 0 0 3 4 2 2 2 42 59 328 292 72 0 49 78 70 44 231 267 46 57 60 94 507 60 55 52 56 0 0 2 0 2 52 49 0 6 0 0 0 77 50 0 0 9 111 74 0 0 0 0 0 0 0 0 0 0 0 0 0 0 0 0 0 0 0 0 0 0 0 0 2 0 0 13 6 4 0 4 0 0 0 0 2 2 0 0 5 0 1 0 13 0 0 5 0 0 0 15 5 0 5 0 0 0 0 0 34 0 44 33 54 0 0 0 10 7 9 11 0 0 18 20 1 0 7 13 0 0 0 0 0 0 0 0 0 0 9 0 0 0 0 0 0 0 0 0 2 0 10 4 4 4 0 0 0 0 4 0 0 8 0 0 0 3 0 0 0 0 9 43 3 9 10 0 0 0 0 2 0 0 0 0 0 0 0 0 11 7 0 9 0 0 39 24 9 12 1 0 0 6 26 0 0 10 61 34 10 0 0 0 0 0 0 0 0 0 0 4 0 0 0 0 0 0 0 5 0 0 5 64 0 85 1 34 0 0 0 0 0 0 2 0 0 0 0 0 0 2 0 0 0 0 0 0 0 0 
 71 0 0 0 0 0 0 0 0 0 0 0 0 0 0 0 0 0 0 0 0 53 0 0 0 61 0 0 1 0 59 1 0 0 0 0 0 0 0 0 133 56 47 61 21 49 0 179 184 114 49 23 101 46 77 83 311 44 146 54 0 1 0 0 0 0 0 0 4 0 0 2 0 3 0 0 0 3 0 5 0 0 0 0 0 0 0 0 0 0 0 0 0 0 0 0 0 0 0 0 0 0 0 0 0 9 0 0 0 0 0 0 0 0 0 0 0 0 0 0 15 11 0 0 7 16 12 56 9 20 0 21 1 2 23 10 0 10 11 0 0 0 0 0 0 0 0 0 0 0 0 0 0 0 0 0 2 0 6 0 0 0 0 0 0 0 5 0 0 0 0 0 0 0 0 0 0 0 0 0 3 0 0 0 0 0 0 0 10 0 0 0 0 0 0 0 0 0 0 0 0 17 7 3 0 6 0 0 2 37 14 0 9 27 6 2 31 27 0 0 0 1 0 0 0 0 0 0 0 1 0 0 3 0 0 9 0 0 0 0 0 0 0 0 0 0 0 0 0 27 0 18 0 2 0 0 0 0 1 23 0 0 0 0 4 1 0 0 0 0 0 0 0 0 0 0 0 0 0 0 0 0 0 0 0 0 0 1 0 0 
 0 0 0 0 0 0 0 0 0 0 0 0 0 0 0 0 0 0 0 0 0 2 0 3 0 62 0 0 0 0 0 1 0 0 0 0 0 0 0 0 132 58 374 77 75 78 179 0 106 70 69 35 98 307 148 152 17 298 52 52 55 1 5 20 0 51 0 0 10 0 10 7 0 4 0 0 5 4 0 0 0 0 0 0 0 0 0 0 0 0 0 0 0 0 0 0 0 0 0 0 0 0 0 0 0 18 0 0 0 0 0 0 0 0 0 0 0 0 0 0 21 8 1 0 8 14 27 13 18 6 9 14 0 0 10 19 11 0 0 0 0 0 0 0 0 4 0 0 0 0 0 1 0 0 0 0 51 0 16 0 0 0 0 0 0 0 2 0 0 0 0 0 0 0 0 0 0 0 0 0 0 0 0 0 0 0 0 0 0 0 0 0 0 0 0 0 0 0 0 0 14 0 0 0 0 7 0 20 0 0 5 0 18 33 0 19 12 29 0 0 0 0 0 0 15 1 0 0 0 0 0 0 11 0 0 18 0 0 0 0 0 0 0 0 0 0 0 0 0 0 0 8 0 0 0 0 0 0 0 10 0 0 3 0 63 2 6 0 0 0 10 0 0 0 0 0 0 0 0 0 0 0 0 0 1 0 0 9 0 0 
 3 0 0 0 0 0 0 0 64 0 0 0 0 0 3 0 0 0 0 0 1 0 0 0 0 64 0 1 1 0 0 3 0 0 0 0 4 2 2 0 512 81 450 85 111 70 184 106 0 182 48 252 185 90 194 388 183 122 336 148 0 22 0 2 0 0 0 0 4 0 0 4 0 64 0 0 0 9 54 6 0 0 0 0 0 0 1 0 0 0 0 0 7 20 0 0 0 18 0 0 0 0 0 0 0 21 0 0 0 0 0 0 0 0 0 0 22 0 0 0 27 17 25 31 11 11 10 29 0 10 5 0 0 0 9 8 0 14 26 0 0 0 0 0 0 0 0 5 0 0 0 0 0 0 0 0 0 0 11 0 0 0 0 0 0 0 0 40 0 0 0 0 0 4 0 0 0 0 0 0 0 0 0 0 0 0 0 0 0 0 0 0 0 0 0 0 0 0 0 0 0 7 26 0 3 0 0 0 10 26 14 12 21 29 24 0 35 19 7 6 0 0 0 0 0 0 10 0 0 0 0 0 1 0 0 21 0 0 39 0 0 0 0 0 0 0 0 0 0 0 0 6 0 1 0 0 0 0 0 11 0 0 2 0 64 0 2 0 0 0 0 0 0 0 0 0 0 0 0 0 0 0 0 0 0 0 0 0 2 0 
 3 3 3 3 3 3 4 3 3 3 3 3 3 3 3 3 3 3 3 3 0 0 0 61 0 0 0 0 0 1 0 0 0 0 0 3 0 0 0 0 400 328 416 147 67 44 114 70 182 0 208 38 122 143 228 209 326 22 312 93 51 0 0 2 0 0 0 0 0 0 1 0 0 0 0 0 0 0 0 0 0 0 0 0 0 0 0 0 0 0 0 0 0 0 0 0 0 0 0 0 0 0 0 0 0 0 0 0 0 0 0 0 0 0 0 0 0 0 0 0 18 0 0 57 0 0 18 20 27 11 43 15 0 2 15 12 3 9 0 19 0 0 0 0 0 0 0 0 0 0 0 0 0 18 3 0 2 0 24 0 0 0 0 0 0 0 0 0 0 0 0 0 0 0 0 0 0 6 0 0 0 0 0 0 0 0 0 0 0 0 0 0 0 0 0 0 0 0 0 0 13 41 10 25 0 0 0 31 0 23 30 14 0 4 8 18 30 0 14 17 1 0 0 0 0 0 0 0 0 0 0 0 0 0 0 0 0 5 0 0 0 0 0 0 0 0 0 0 0 0 0 7 0 0 0 0 0 0 0 24 21 0 2 0 66 0 0 0 0 0 10 0 0 0 0 0 0 0 0 0 0 0 0 0 2 27 0 0 0 0 
 0 0 0 0 0 0 0 0 0 0 0 0 0 0 0 0 0 0 1 0 0 0 0 0 1 0 0 0 0 0 0 0 0 0 0 3 0 0 0 0 239 60 225 74 97 231 49 69 48 208 0 54 33 87 367 85 99 32 41 39 104 0 54 3 0 0 1 21 18 1 1 0 14 50 0 0 0 0 23 54 0 0 0 0 0 0 0 0 0 0 0 0 0 0 0 0 0 0 0 0 0 0 0 0 0 0 0 0 0 0 0 0 0 0 0 0 0 0 0 0 8 11 0 7 10 0 19 0 2 1 8 24 0 0 0 1 0 8 0 0 18 0 0 0 25 0 4 4 49 0 1 0 0 0 22 2 2 40 0 0 0 0 0 0 0 0 0 0 11 0 9 0 0 0 0 0 0 0 0 0 0 0 0 0 0 0 0 0 0 0 0 0 0 0 0 0 0 0 0 0 18 0 11 35 5 0 0 18 0 0 6 0 0 0 0 29 0 0 0 0 27 3 0 11 0 0 23 4 0 2 1 0 23 5 5 2 8 0 18 29 0 0 1 0 0 0 0 0 0 0 0 13 0 0 0 0 0 0 0 10 0 0 0 1 0 5 0 0 2 0 19 0 0 0 0 0 0 0 0 0 0 0 0 0 0 44 0 0 0 0 
 0 0 0 1 9 0 0 0 0 0 0 70 1 0 2 0 0 1 0 0 0 0 2 0 0 0 0 0 0 0 0 0 0 3 3 0 0 0 5 2 54 105 255 367 166 267 23 35 252 38 54 0 27 53 510 29 493 279 236 244 16 0 0 5 0 3 54 0 0 0 0 0 0 1 0 0 1 0 51 3 0 0 0 0 0 17 0 0 0 0 0 0 0 0 0 0 0 0 0 0 0 3 9 0 0 0 1 0 0 0 0 0 0 0 0 4 0 0 0 0 9 0 0 0 1 7 0 0 4 1 0 5 0 0 6 0 0 0 0 0 15 1 0 0 0 0 22 16 11 7 19 0 12 0 0 1 5 0 8 19 0 0 0 4 0 0 0 0 1 0 2 0 0 0 0 0 0 0 0 0 4 1 0 0 0 0 2 0 0 1 0 0 0 0 0 1 2 0 10 0 0 0 0 6 32 30 0 14 14 0 8 0 0 0 8 9 0 6 0 0 0 0 4 9 0 0 11 9 10 10 7 0 24 17 29 0 10 9 30 1 12 0 5 0 0 0 0 0 0 0 0 8 0 1 0 0 0 0 2 0 0 17 6 0 2 6 2 37 6 0 0 0 0 0 0 0 0 0 0 0 0 0 0 0 13 0 0 0 2 0 
 0 3 1 0 0 0 0 0 0 0 0 0 0 0 0 63 0 0 0 0 43 0 68 2 4 4 0 0 0 65 117 17 0 0 0 63 0 147 0 3 142 86 70 99 357 46 101 98 185 122 33 27 0 101 31 40 39 27 161 204 0 0 0 0 0 0 0 0 0 0 0 0 5 0 0 0 0 0 0 0 0 0 0 0 0 0 0 0 0 0 0 0 0 0 0 0 0 0 0 0 10 11 23 8 9 0 1 1 0 4 17 5 0 0 1 0 0 11 0 0 12 1 0 8 0 0 7 7 0 8 21 0 12 9 14 2 0 23 22 11 0 0 0 0 0 0 0 0 0 0 0 0 0 0 0 0 2 0 0 0 0 0 0 0 0 0 1 0 0 0 0 0 0 0 0 0 0 0 0 0 0 1 9 19 20 13 0 10 22 24 14 17 0 1 0 1 0 14 0 0 9 5 8 0 0 1 19 0 7 45 1 13 6 24 26 0 11 6 0 0 0 0 0 0 0 0 0 0 0 0 0 0 0 0 0 0 0 0 0 0 0 0 0 0 0 0 0 0 0 0 0 9 0 0 0 0 0 2 0 23 0 0 0 0 2 2 6 0 0 0 0 0 52 0 0 0 0 0 0 0 0 2 0 0 0 1 0 0 0 0 
 2 2 0 2 0 0 1 4 63 2 0 2 1 1 1 0 2 0 2 2 1 2 4 1 65 0 1 2 2 4 2 1 0 2 2 5 2 2 0 1 278 47 111 300 57 57 46 307 90 143 87 53 101 0 80 56 48 503 129 54 1 0 4 1 0 0 0 0 1 6 0 0 0 0 1 8 0 0 0 0 0 0 0 0 0 0 0 0 0 0 0 0 0 0 0 0 0 0 0 0 0 0 0 0 0 0 0 0 0 0 0 0 0 0 0 0 0 0 0 0 0 14 38 0 7 11 8 0 32 14 2 21 14 13 19 23 3 0 1 0 0 0 5 0 8 0 0 1 0 3 6 1 11 0 9 0 2 6 0 5 0 0 0 0 0 0 7 0 0 0 0 0 0 0 0 0 0 0 0 0 0 0 0 0 0 0 0 0 8 0 0 0 0 0 0 0 0 0 0 0 0 0 24 6 0 6 0 9 0 0 0 6 0 9 0 6 2 20 0 0 0 7 0 0 0 0 1 2 2 11 5 0 7 0 10 0 4 6 0 18 0 0 0 0 0 0 0 0 0 0 0 5 0 0 0 0 0 1 0 19 0 0 0 0 1 4 0 0 0 0 42 0 0 0 0 6 0 0 0 0 0 0 0 0 1 0 0 20 0 0 
 2 2 2 2 2 2 2 2 2 2 2 2 2 2 2 3 2 2 2 2 0 0 206 0 125 62 0 0 0 0 0 0 0 0 0 0 0 0 0 0 125 130 213 297 63 60 77 148 194 228 367 510 31 80 0 325 363 103 100 148 63 0 0 0 0 0 0 0 8 0 6 9 0 3 0 0 0 0 0 0 0 0 0 0 0 0 0 0 0 0 0 0 1 0 0 0 0 0 0 0 0 0 0 0 0 18 9 0 0 0 0 0 3 0 0 0 0 0 0 0 32 35 12 19 1 0 19 32 27 4 7 19 0 1 14 0 0 8 0 10 0 0 0 0 0 0 0 0 0 0 0 0 0 0 0 0 1 8 0 0 0 0 0 0 0 0 0 0 0 0 0 0 0 0 0 0 0 2 0 0 0 0 0 0 0 0 0 0 0 0 0 0 0 0 0 0 0 0 0 0 15 43 23 38 0 1 10 51 1 12 53 0 18 14 22 79 18 15 11 19 0 0 0 0 0 0 0 0 0 0 0 0 0 0 0 18 0 0 0 0 0 0 0 0 0 0 0 0 0 0 0 6 0 2 0 0 0 0 0 2 0 0 66 0 4 3 2 0 2 0 0 0 0 0 0 0 0 0 0 1 0 0 0 0 9 0 0 0 0 0 
 0 3 0 0 0 0 0 2 0 0 0 0 0 0 0 0 0 0 0 0 0 0 0 0 0 79 0 0 0 0 0 0 0 0 0 67 4 0 0 2 79 41 49 96 83 94 83 152 388 209 85 29 40 56 325 0 358 49 73 49 0 2 0 2 0 0 0 0 3 0 0 55 2 4 0 1 0 7 51 3 0 0 0 0 0 0 0 0 0 0 0 0 0 0 0 0 0 0 0 0 0 24 0 0 0 11 0 0 0 0 0 0 0 0 0 0 0 0 0 0 8 12 19 27 28 27 8 35 20 18 4 22 0 0 28 15 0 0 0 0 0 0 0 0 0 0 0 7 0 0 0 0 13 0 0 0 0 0 25 1 0 0 0 0 0 0 10 0 0 0 0 0 0 0 0 0 0 0 0 0 0 0 0 0 0 0 0 0 0 0 0 0 0 0 0 0 0 0 0 0 0 22 10 4 0 7 6 3 10 38 20 0 13 35 17 7 21 47 0 0 3 0 0 0 0 0 10 0 0 0 0 0 1 0 0 47 0 0 6 0 0 0 0 0 0 0 0 0 0 0 0 2 0 8 0 0 0 0 0 22 0 0 1 0 34 1 0 0 0 0 0 0 0 6 0 0 0 0 0 0 0 0 2 0 5 15 0 1 0 0 
 93 3 3 4 10 3 3 6 3 3 3 14 3 3 3 3 3 3 3 3 2 2 2 2 64 72 2 3 2 2 2 2 2 6 5 3 2 2 4 2 68 316 51 61 84 507 311 17 183 326 99 493 39 48 363 358 0 324 38 73 0 3 0 2 0 0 0 0 5 0 0 5 0 10 0 0 0 31 50 6 0 0 0 0 0 19 0 0 2 0 0 0 0 0 0 0 0 0 0 0 0 4 10 0 0 45 3 0 0 0 0 0 0 0 0 6 0 0 0 0 7 27 11 23 11 35 0 36 0 6 7 0 0 1 2 0 20 8 0 0 0 0 0 0 0 0 4 3 0 0 0 0 0 0 0 0 1 0 0 0 0 0 0 1 0 0 3 0 6 0 0 0 0 0 0 0 0 0 0 0 5 3 0 0 0 0 2 0 0 2 0 0 0 0 0 3 2 0 32 0 0 21 14 16 8 17 0 9 10 33 20 0 21 23 18 17 0 19 0 5 0 0 0 0 0 0 0 12 0 0 0 0 15 0 0 25 0 0 0 17 0 0 7 0 0 0 0 0 0 0 0 9 0 1 0 0 0 0 4 2 0 0 2 0 10 1 1 0 0 0 0 0 0 0 0 0 0 0 0 1 0 0 0 0 0 0 0 0 2 0 
 0 0 0 0 37 0 0 3 0 0 0 0 0 1 0 0 0 0 0 0 2 0 0 0 0 0 203 0 0 2 0 3 0 3 0 6 0 0 0 0 41 315 44 461 77 60 44 298 122 22 32 279 27 503 103 49 324 0 10 46 0 0 0 2 3 0 1 0 0 0 5 0 0 0 0 0 0 0 0 0 0 0 0 17 0 0 0 0 1 0 0 0 0 0 0 0 0 0 0 0 0 0 0 0 0 7 0 0 0 0 0 0 0 0 0 0 20 0 0 0 6 3 23 0 13 18 2 0 10 15 2 18 0 0 23 38 9 0 0 0 0 20 0 0 0 0 9 0 0 0 10 0 32 0 2 0 2 12 4 9 0 0 0 0 0 0 1 0 2 20 20 0 0 0 0 0 0 0 0 0 0 0 0 0 0 0 0 0 0 0 0 0 0 0 0 0 0 0 0 0 5 1 11 10 19 25 4 9 0 10 8 21 9 9 19 17 18 18 0 0 0 0 0 0 0 0 15 0 9 0 0 0 2 36 0 0 0 1 13 33 0 0 0 0 0 1 0 0 0 0 0 6 0 2 0 0 0 0 0 1 0 1 37 2 1 3 1 0 0 0 0 0 0 0 0 0 0 0 0 0 0 0 0 0 13 0 0 13 1 0 
 0 0 0 0 3 0 0 0 0 0 0 0 0 0 0 0 0 0 0 0 0 63 132 0 62 125 0 65 19 2 62 208 0 1 62 63 6 4 3 0 374 52 449 98 268 55 146 52 336 312 41 236 161 129 100 73 38 10 0 262 1 3 0 0 5 0 0 0 7 0 0 7 0 6 0 0 3 7 0 9 0 0 0 0 0 0 0 0 0 0 0 0 0 0 0 0 0 0 0 0 0 0 0 0 15 44 0 0 11 12 0 0 11 0 0 0 0 0 0 0 72 56 0 0 0 0 13 47 3 14 0 0 24 23 5 1 0 25 29 3 0 0 0 0 0 0 0 0 23 0 0 0 0 0 0 0 1 0 0 15 1 0 2 0 3 0 0 0 0 4 0 0 0 0 2 0 0 0 0 0 0 0 8 0 27 10 0 0 1 0 11 15 0 0 0 0 1 0 0 0 11 19 45 0 0 0 0 0 0 3 4 0 34 33 0 0 2 24 0 1 0 0 0 0 0 0 0 0 0 0 0 0 0 0 0 20 0 0 0 0 0 0 0 0 0 0 0 0 0 0 0 4 0 2 0 0 0 0 2 2 0 0 0 0 0 1 1 0 0 0 4 0 0 0 0 0 0 0 0 8 0 0 0 0 0 0 0 0 1 0 
 14 0 2 0 0 0 0 2 0 0 0 0 0 0 4 0 66 0 0 1 0 0 93 0 3 61 0 0 63 0 65 2 0 0 1 0 63 106 0 1 185 133 35 107 36 52 54 52 148 93 39 244 204 54 148 49 73 46 262 0 0 1 0 0 0 0 0 0 10 0 0 2 0 3 0 0 0 3 0 5 5 11 0 2 0 0 10 0 2 0 0 0 7 9 0 0 0 4 0 6 11 0 1 10 14 31 0 0 0 0 11 0 0 0 0 0 0 21 0 0 19 11 0 10 0 0 10 15 0 5 10 0 1 0 27 7 0 21 24 10 0 0 0 0 0 0 0 0 0 0 0 0 0 0 0 0 2 0 0 0 0 0 0 0 0 0 0 9 0 0 0 0 0 10 0 0 0 1 0 0 0 0 0 11 7 0 0 0 12 10 0 1 0 0 0 0 0 0 0 0 8 20 20 0 0 0 2 6 0 46 8 11 22 25 12 0 18 12 11 34 0 0 0 0 0 0 0 0 0 0 0 0 0 0 0 9 0 0 0 0 0 0 0 0 0 0 0 0 0 0 0 3 0 1 0 0 0 1 0 3 0 0 2 50 0 1 1 0 0 0 51 0 0 0 0 0 0 0 0 0 0 0 0 0 0 0 0 0 2 0 
 3 2 2 3 3 3 2 31 3 3 2 2 2 3 3 3 2 50 2 3 2 3 3 4 3 3 2 2 2 2 2 2 4 2 3 33 2 3 3 2 2 50 50 53 51 56 0 55 0 51 104 16 0 1 63 0 0 0 1 0 0 96 79 57 43 39 165 214 315 24 38 41 111 44 106 52 24 51 146 99 0 0 4 0 0 0 0 0 0 0 0 0 0 0 0 0 0 0 0 0 1 1 0 1 2 1 0 0 2 0 2 0 0 0 1 0 0 1 0 0 3 0 0 8 4 0 2 1 8 0 0 16 0 0 0 0 0 8 0 0 4 0 20 5 41 0 1 11 9 0 0 12 9 1 16 21 0 7 17 17 0 0 0 0 0 8 0 0 0 0 4 0 0 0 0 0 0 0 0 0 0 0 0 0 0 0 0 0 0 9 0 0 0 0 0 0 0 0 0 0 5 0 0 50 17 0 0 2 0 0 13 0 1 1 0 2 0 0 0 0 10 36 4 8 0 0 19 37 1 26 8 0 0 25 25 14 17 0 9 4 0 0 0 0 0 0 0 0 0 0 0 0 0 0 0 0 0 0 0 0 0 0 0 0 0 0 0 0 0 0 13 0 0 2 2 2 0 0 0 0 0 0 0 0 0 7 0 0 0 0 
