 0 203 87 100 45 25 94 295 374 135 42 136 72 136 198 265 393 127 60 377 3 1 1 0 0 2 0 0 0 3 0 0 3 4 0 0 0 1 0 0 0 0 0 3 0 0 0 0 0 3 0 0 0 0 0 0 7 0 0 4 6 0 0 0 0 0 2 3 0 0 0 6 36 0 6 0 0 0 0 0 24 14 42 17 1 5 13 14 27 19 17 0 38 39 18 47 10 80 10 31 0 13 0 0 0 0 0 0 0 0 0 0 0 0 0 0 0 0 0 0 0 0 0 0 0 0 0 0 0 2 0 0 0 0 0 0 0 0 0 0 0 0 0 1 0 0 0 0 0 7 2 0 0 0 2 0 0 6 0 0 24 0 39 1 0 21 0 16 10 0 10 14 0 40 16 15 14 42 21 12 0 0 0 0 0 0 19 0 0 0 0 0 0 0 0 0 0 0 0 1 0 0 0 0 13 12 0 0 0 0 0 0 0 0 0 0 0 0 6 0 0 0 0 0 0 0 0 0 0 0 0 0 0 0 0 0 0 0 0 0 0 0 0 0 0 0 0 0 1 132 6 9 5 0 0 0 0 0 0 0 0 0 8 0 0 0 0 0 0 0 0 0 0 0 0 0 0 0 0 0 0 0 0 0 0 0 0 0 0 0 
 203 0 329 272 56 413 161 161 262 355 92 71 231 89 118 453 187 47 156 141 0 1 0 0 0 0 0 0 0 3 0 0 3 0 0 0 0 0 72 0 0 0 0 3 0 0 0 63 0 3 0 3 0 0 0 0 0 0 0 2 3 0 0 0 0 1 2 3 0 0 0 0 0 0 2 0 0 0 0 0 0 13 14 7 42 17 11 18 11 17 18 9 15 0 46 9 15 32 15 0 0 0 0 0 0 0 0 0 0 10 0 0 0 0 0 0 0 0 0 19 0 0 0 0 0 0 0 0 0 0 0 0 0 0 0 0 0 0 0 0 0 0 0 0 0 0 0 0 0 7 0 0 0 0 0 0 0 0 0 0 14 0 34 17 9 17 14 21 26 12 21 47 16 17 21 9 3 29 0 0 0 0 0 0 0 0 32 22 7 0 0 0 0 0 0 0 0 0 0 1 0 0 0 0 13 23 17 0 0 0 0 0 0 0 0 0 0 0 0 0 0 0 0 0 0 0 0 0 0 0 0 0 0 0 0 0 12 0 0 0 0 0 0 0 0 0 1 2 0 92 0 4 1 0 0 0 0 0 0 0 0 0 0 0 0 0 0 0 0 0 0 0 0 0 0 0 0 0 0 0 0 0 0 0 0 0 0 0 0 0 
 87 329 0 365 158 111 74 310 89 253 282 126 116 361 215 114 394 209 231 44 0 0 0 0 0 0 0 0 0 3 0 0 157 1 5 0 2 0 63 0 0 0 0 3 0 2 0 0 0 2 0 0 0 0 0 2 0 0 0 2 3 0 0 0 0 0 2 3 0 0 0 0 0 0 2 3 0 0 0 1 0 0 0 0 39 12 14 0 11 36 46 13 13 0 33 0 9 25 7 0 17 18 0 0 0 0 23 0 0 1 0 0 0 0 23 0 0 0 18 3 1 0 0 0 0 0 0 0 0 0 0 0 0 0 0 0 0 0 0 0 0 0 0 0 0 29 0 0 0 0 0 0 6 0 0 0 0 0 0 0 0 0 21 10 1 0 10 18 1 25 10 46 10 24 29 29 14 10 16 1 4 0 0 0 0 0 10 24 4 1 0 0 1 16 0 0 0 0 1 2 0 0 0 0 0 0 0 0 0 0 0 0 0 0 0 0 0 0 0 0 9 0 0 0 0 0 0 0 0 0 0 0 0 0 0 0 0 0 0 0 0 0 0 0 0 2 2 0 2 0 0 4 0 0 0 0 0 0 0 0 0 0 0 0 0 0 0 0 0 1 0 0 0 0 0 30 0 0 0 0 0 0 0 0 18 0 0 16 0 0 
 100 272 365 0 541 57 484 64 173 213 285 95 380 283 41 123 298 25 97 301 0 2 0 0 0 0 0 3 0 3 0 2 3 76 4 0 0 0 2 0 1 0 2 3 1 0 0 0 4 3 0 0 0 0 0 62 0 3 0 5 5 0 1 0 0 0 2 3 0 0 0 0 0 5 4 0 0 0 1 2 0 31 0 9 28 31 0 0 38 65 87 1 0 0 23 0 0 24 0 2 2 1 0 0 0 0 15 0 0 0 0 0 0 7 0 0 0 14 2 0 0 0 0 0 0 0 0 0 0 0 0 0 0 0 0 0 0 0 2 0 0 0 0 0 0 0 0 0 0 4 0 0 0 0 0 0 0 0 0 0 18 0 10 10 16 9 13 0 47 35 15 25 3 19 0 27 0 34 0 0 0 0 0 0 0 0 15 1 0 0 0 0 7 0 0 0 0 10 15 0 0 0 0 0 17 17 0 0 0 0 0 0 0 0 0 0 0 0 0 0 0 0 0 0 0 0 0 0 1 0 0 0 0 0 0 0 0 8 0 0 0 0 1 0 0 1 95 0 1 6 0 5 0 0 0 0 0 0 0 0 0 0 0 0 0 0 0 0 0 0 0 0 0 2 11 0 2 0 0 0 0 0 0 0 0 0 0 0 0 0 
 45 56 158 541 0 137 605 46 176 156 406 144 94 428 71 163 386 103 88 98 73 0 38 0 0 0 1 0 0 3 2 0 51 35 4 0 0 0 75 35 6 0 0 3 0 0 0 0 6 3 0 0 0 0 0 2 0 0 0 2 3 0 0 0 0 0 2 3 0 36 0 0 0 0 2 0 0 0 0 1 10 11 0 0 2 4 0 10 17 35 18 16 13 2 23 0 10 22 0 0 17 0 8 0 0 0 10 0 14 9 2 0 0 10 18 9 0 0 30 0 0 0 0 0 0 0 0 0 0 0 0 0 0 0 0 0 0 0 0 0 0 0 2 22 1 0 0 0 1 12 1 0 0 0 0 0 1 0 0 0 22 0 10 13 11 63 13 2 38 13 16 15 0 0 0 0 37 13 0 1 34 15 0 0 0 0 19 0 7 0 0 0 10 2 1 10 0 1 17 12 0 0 0 0 13 0 0 2 0 0 0 0 0 0 0 0 0 0 0 0 0 1 0 1 1 1 0 0 1 1 2 0 0 0 0 24 0 0 0 0 0 2 0 0 0 5 4 0 0 1 0 10 20 0 0 0 0 0 0 0 0 0 0 0 0 0 1 0 0 0 2 0 0 0 0 0 13 0 0 0 0 0 0 0 0 0 0 0 0 0 
 25 413 111 57 137 0 61 56 52 258 387 210 24 62 141 244 277 176 46 55 159 4 14 3 0 0 157 0 5 26 0 2 201 3 89 75 76 81 173 33 3 0 2 5 0 3 65 0 6 3 2 0 2 2 0 25 0 2 0 5 5 0 5 3 0 0 3 3 0 0 0 3 0 0 9 0 0 1 0 2 2 0 2 0 11 18 0 2 0 11 11 25 1 0 11 9 0 0 0 1 0 9 3 1 0 0 39 20 23 0 55 39 10 0 45 11 0 10 0 31 0 1 0 0 8 0 14 0 0 0 6 0 0 0 0 0 0 0 0 0 0 0 0 0 1 0 0 0 0 0 0 0 0 0 0 7 0 0 1 0 0 0 10 15 1 21 1 10 3 8 1 28 0 0 0 19 1 0 0 0 19 47 0 32 0 2 19 1 32 1 0 21 43 12 0 28 0 7 17 26 6 0 0 0 0 0 0 0 0 0 0 0 0 2 0 0 0 0 0 1 0 1 0 0 2 0 20 0 0 0 0 0 0 0 0 0 0 0 0 0 0 0 10 0 0 1 0 1 0 0 1 7 1 4 0 0 0 0 0 0 4 0 0 0 0 0 0 0 0 0 0 0 0 0 0 18 0 14 0 1 0 0 0 0 0 0 0 0 0 0 
 94 161 74 484 605 61 0 523 221 243 32 121 70 164 32 43 18 124 78 109 0 0 0 2 0 0 0 1 0 3 0 0 6 4 4 0 0 3 0 1 0 0 0 3 0 0 6 1 0 3 0 0 0 0 0 0 0 0 4 2 3 3 25 0 0 0 2 7 0 0 0 6 6 0 2 0 2 0 0 0 9 10 0 8 1 0 21 25 0 0 10 0 16 35 0 34 11 25 32 26 0 1 0 0 0 0 0 0 19 0 2 0 0 0 7 0 0 0 0 0 0 0 0 0 0 0 0 0 0 0 0 0 0 0 0 0 0 0 0 0 0 1 0 14 0 0 6 0 0 0 1 0 0 0 0 0 0 0 0 0 24 0 25 0 0 0 0 54 0 0 0 0 0 35 49 61 12 0 8 1 0 0 0 0 0 0 0 0 0 0 0 0 0 0 0 0 0 0 0 0 0 0 0 0 0 0 0 2 0 0 0 0 0 0 0 0 0 0 0 0 0 0 0 0 0 0 0 0 0 0 0 0 0 0 15 0 0 0 0 0 0 2 0 0 0 0 2 0 0 46 2 0 0 0 0 0 0 0 0 0 0 0 8 0 0 0 0 0 0 0 0 0 0 0 0 0 0 0 0 0 0 0 0 0 0 0 0 0 0 0 
 295 161 310 64 46 56 523 0 302 26 133 32 314 303 144 115 36 215 262 142 0 0 0 0 0 0 1 0 0 3 1 0 3 2 81 0 0 0 2 0 0 0 0 3 0 33 0 0 0 2 0 0 0 0 0 0 0 0 0 2 3 0 0 0 0 0 2 3 0 0 0 0 0 0 2 0 0 0 0 1 29 10 55 17 0 0 12 1 8 37 10 1 42 25 20 44 12 25 13 2 8 0 0 0 0 0 1 0 0 0 0 0 0 0 0 0 0 0 1 0 0 0 0 45 0 0 0 0 0 0 0 0 0 0 0 0 0 0 0 0 0 0 0 0 2 0 11 0 0 0 0 0 0 0 0 0 0 0 0 0 14 12 31 10 0 12 10 19 0 0 0 17 38 60 26 19 2 14 0 18 0 0 0 0 0 0 22 0 0 0 0 0 0 0 0 0 0 0 0 0 0 0 0 0 14 0 0 0 0 2 0 1 0 0 0 0 0 0 0 2 0 2 0 0 1 0 0 0 0 0 0 0 0 0 0 0 0 0 0 0 0 0 0 0 0 0 91 2 1 88 14 0 0 0 0 0 0 0 0 0 0 0 7 0 0 0 0 0 0 0 0 0 0 2 0 0 13 0 0 0 0 0 0 0 0 0 0 0 0 0 
 374 262 89 173 176 52 221 302 0 171 34 315 424 128 61 365 130 328 100 307 0 0 0 0 2 0 0 0 0 3 0 0 4 0 0 0 0 1 0 1 62 0 0 3 0 0 0 0 0 3 0 0 0 0 0 62 5 0 0 2 3 0 0 0 0 0 2 3 0 0 0 6 0 0 2 0 0 33 0 0 17 0 12 9 0 16 10 7 28 8 10 1 26 43 0 50 32 3 24 16 0 0 0 12 0 0 0 0 0 2 0 0 0 0 0 0 1 0 2 0 0 0 0 0 0 0 0 0 11 0 0 0 0 0 0 0 0 0 2 0 0 0 0 0 0 0 0 0 0 6 0 0 0 0 0 4 0 0 0 0 12 3 29 15 0 1 0 19 14 19 5 1 12 38 55 18 5 2 2 0 0 4 0 0 0 0 0 0 2 9 0 0 0 0 0 0 0 0 0 0 0 0 0 0 0 0 0 0 0 0 0 0 0 0 12 0 0 0 0 0 0 0 0 0 0 0 0 0 0 0 0 0 0 0 0 0 0 0 36 1 0 1 0 0 0 87 0 0 1 50 20 5 0 0 0 0 0 0 0 0 0 0 8 0 0 0 0 0 0 0 0 0 0 0 0 0 11 0 0 0 0 0 0 0 0 0 0 0 0 0 
 135 355 253 213 156 258 243 26 171 0 284 39 213 171 80 182 251 328 88 127 0 5 0 0 0 0 80 0 2 6 3 0 119 4 0 0 0 0 153 0 0 3 0 3 0 0 0 3 0 2 0 3 0 0 2 3 3 0 0 8 39 2 61 3 0 3 4 3 0 3 2 0 0 0 2 0 1 0 0 0 9 15 0 2 2 12 0 9 1 8 19 30 14 1 1 0 9 53 0 0 27 0 0 0 0 0 13 0 0 13 0 0 0 15 0 0 0 1 30 12 0 0 0 0 0 0 0 0 0 0 0 0 0 0 0 0 0 0 0 0 0 0 0 0 0 0 20 0 1 3 0 0 0 0 0 7 0 2 0 0 0 0 16 25 0 11 14 0 6 24 14 19 0 0 1 0 21 28 17 10 40 0 0 0 0 0 18 0 0 0 0 8 7 20 1 1 0 0 30 20 11 0 0 0 0 0 0 0 0 0 11 2 0 0 0 0 0 0 0 0 0 0 0 0 0 2 0 0 2 0 0 0 0 0 0 0 0 0 0 0 0 0 0 0 1 2 62 0 3 4 0 11 23 0 14 0 0 1 0 0 0 0 0 0 0 0 0 0 0 0 0 0 0 0 0 0 10 16 0 0 0 0 0 0 0 0 0 0 0 0 
 42 92 282 285 406 387 32 133 34 284 0 66 132 84 113 180 209 120 108 68 0 3 0 0 0 0 0 0 0 3 0 0 93 82 1 0 0 0 74 0 0 0 0 3 2 0 0 0 0 3 0 0 0 0 0 1 0 0 0 2 3 0 0 0 0 0 2 3 0 0 0 0 0 0 2 33 0 0 0 1 0 18 0 0 12 11 0 10 11 23 26 29 10 0 22 8 0 10 0 0 24 0 0 0 0 0 21 0 0 5 0 0 13 0 0 14 0 1 38 9 0 0 0 0 0 0 0 0 0 0 0 0 0 0 0 0 0 0 0 0 0 0 0 0 17 0 0 0 0 0 0 0 0 0 0 0 0 4 0 0 19 0 0 2 11 2 14 0 11 27 1 34 0 25 0 17 0 0 0 2 19 0 13 0 0 0 37 24 18 0 0 0 0 52 0 1 0 0 21 13 0 0 0 0 0 2 2 0 0 0 0 0 0 0 0 0 0 0 0 0 0 4 0 0 0 0 0 1 0 0 0 0 0 0 0 0 1 0 0 0 0 0 0 0 0 0 86 0 0 1 15 19 0 0 0 0 0 0 0 0 0 0 0 0 0 0 0 0 0 0 0 0 0 0 0 7 11 0 0 0 0 0 0 0 0 0 0 0 0 0 
 136 71 126 95 144 210 121 32 315 39 66 0 42 34 30 35 105 167 322 42 63 0 75 0 0 0 0 74 0 3 0 0 158 82 1 76 2 0 75 89 0 0 0 3 0 0 0 0 0 2 0 0 0 0 0 0 0 0 0 2 3 0 0 0 0 0 2 3 0 0 0 0 0 0 2 0 0 0 0 0 11 10 12 11 32 15 0 18 38 17 0 14 16 20 52 0 0 12 0 8 0 0 19 0 0 0 13 0 11 4 0 0 0 0 32 15 0 0 6 2 2 0 0 0 0 0 0 0 0 0 0 0 0 0 0 20 0 0 0 0 0 0 0 0 0 0 0 0 0 0 0 0 0 0 0 0 0 0 0 0 1 1 19 0 0 40 10 18 2 0 6 62 16 14 18 0 1 24 0 18 27 25 0 0 0 0 31 9 0 10 0 0 36 0 0 20 0 0 16 2 0 0 0 0 14 0 0 0 0 0 0 0 2 0 0 0 0 0 0 0 0 0 0 0 0 0 0 0 0 0 0 0 0 0 0 0 0 0 0 0 0 0 0 0 0 4 96 0 0 96 2 6 0 0 0 0 0 0 0 0 0 0 0 0 0 0 0 0 0 2 0 0 0 0 0 11 0 0 0 0 0 0 0 0 0 0 0 0 0 0 
 72 231 116 380 94 24 70 314 424 213 132 42 0 182 333 167 189 35 402 208 0 3 0 201 0 0 0 2 60 3 0 0 3 0 0 0 2 0 0 0 3 0 0 3 0 0 0 0 3 3 0 0 0 0 0 3 3 33 0 2 5 3 0 0 0 0 4 5 0 0 0 0 0 0 2 0 0 1 0 0 0 0 14 27 11 0 37 0 0 0 11 0 7 1 0 20 23 10 57 19 0 0 0 0 0 0 0 0 0 0 0 0 0 0 0 0 0 0 17 0 0 0 0 0 0 0 0 0 2 0 0 0 0 0 0 8 0 0 1 0 0 1 0 0 0 1 0 0 0 0 0 0 21 0 0 7 0 0 0 0 0 0 13 11 0 1 12 0 0 13 10 0 9 39 10 1 15 20 38 21 0 0 0 0 0 0 0 2 0 0 0 0 0 0 0 0 0 0 0 0 0 0 0 0 0 0 0 0 0 12 0 0 0 0 8 0 0 0 0 0 0 0 0 0 0 0 0 0 0 0 0 0 0 0 0 0 0 0 0 1 0 0 0 0 0 0 4 2 1 93 1 11 0 0 0 0 0 0 0 0 0 0 0 0 0 0 1 0 0 0 0 0 0 0 0 0 0 0 0 0 0 0 0 0 0 0 0 0 0 0 
 136 89 361 283 428 62 164 303 128 171 84 34 182 0 180 345 204 340 135 193 3 0 0 0 0 2 0 0 0 4 0 0 3 3 0 0 0 0 0 0 0 14 62 3 0 0 0 0 0 3 0 0 0 0 0 64 0 0 0 2 3 0 0 0 0 0 2 3 0 0 38 0 0 0 2 0 0 0 0 0 40 9 17 36 14 0 0 27 9 40 10 1 9 0 30 0 13 11 0 0 0 0 0 0 0 0 0 0 0 0 0 0 0 0 0 0 0 0 1 17 0 0 0 0 0 0 0 0 0 0 0 0 0 0 0 0 0 0 0 0 0 0 0 0 0 0 0 0 0 0 0 0 0 0 0 0 0 0 0 0 15 3 21 20 7 23 54 19 0 10 0 14 12 54 19 15 11 29 18 26 0 0 0 0 0 0 21 0 0 0 0 0 0 0 0 0 0 0 0 0 0 0 0 0 14 0 0 0 0 0 0 0 0 0 0 0 0 0 0 0 0 0 0 0 0 3 0 0 0 0 0 0 0 1 0 0 0 0 0 0 0 0 0 0 0 0 87 0 3 90 16 2 11 0 0 0 0 0 0 0 0 0 7 0 0 0 0 0 0 0 0 0 0 0 0 0 29 0 0 0 0 0 0 0 0 0 0 0 0 0 
 198 118 215 41 71 141 32 144 61 80 113 30 333 180 0 245 131 206 91 162 0 0 0 0 0 0 2 0 0 3 0 0 3 0 0 1 0 43 0 0 0 0 0 3 0 0 0 0 0 2 0 0 0 0 0 0 0 0 0 73 3 0 0 0 0 0 2 3 0 0 0 0 0 0 2 0 0 0 0 0 41 0 54 16 0 0 0 34 11 17 13 0 67 19 0 11 31 0 12 0 0 0 0 0 0 0 1 0 0 0 0 20 0 0 0 0 0 0 3 0 0 0 0 0 0 0 0 0 0 0 0 0 0 0 0 0 0 0 0 0 0 1 0 0 0 4 0 0 2 0 0 0 4 0 0 0 0 0 0 0 0 39 0 25 0 9 47 0 7 0 0 0 24 32 41 1 26 14 50 27 0 0 0 0 0 1 0 0 0 0 0 0 0 0 0 0 0 0 0 0 0 0 0 0 0 0 0 0 0 0 18 0 0 13 0 0 0 0 0 0 0 0 0 0 0 1 0 0 1 0 0 0 0 0 0 0 0 0 0 0 0 16 0 0 0 0 156 1 0 7 16 7 20 0 0 0 0 0 0 0 0 0 1 0 0 0 0 0 0 0 0 0 0 2 0 0 17 0 0 0 0 0 0 0 0 0 0 0 0 0 
 265 453 114 123 163 244 43 115 365 182 180 35 167 345 245 0 171 282 333 168 0 0 0 0 0 0 4 0 0 3 0 1 77 0 0 0 0 0 0 0 0 0 0 3 0 0 0 3 0 2 0 0 0 2 0 0 0 0 0 2 3 0 0 0 1 0 2 3 0 0 0 0 35 10 2 0 0 0 0 0 8 2 31 11 10 7 9 18 13 0 0 0 19 20 0 19 31 1 20 1 0 0 0 0 0 0 0 0 0 0 0 0 0 0 0 0 0 0 0 0 0 0 0 0 6 10 0 0 0 2 0 0 0 0 0 0 0 0 0 0 0 0 0 1 0 0 0 0 0 3 0 0 0 0 2 4 0 0 0 0 14 9 13 28 0 11 20 0 6 27 20 0 19 11 1 1 30 14 31 10 0 0 0 0 0 0 0 0 0 7 0 0 0 0 0 10 26 0 0 1 1 0 0 0 0 0 0 0 0 0 0 0 0 0 0 0 0 0 0 0 0 0 0 0 0 0 0 0 0 0 0 0 0 0 0 0 0 0 0 0 0 9 0 0 0 1 0 0 0 88 0 4 12 0 0 0 0 0 0 0 0 0 1 0 0 0 0 0 0 0 0 0 0 0 0 0 0 13 0 0 0 0 0 0 0 0 0 0 0 0 
 393 187 394 298 386 277 18 36 130 251 209 105 189 204 131 171 0 396 119 77 0 0 0 0 0 0 0 0 0 3 0 0 86 80 0 2 0 0 0 0 0 0 0 3 0 0 0 0 0 3 0 0 0 0 0 1 9 0 0 2 3 0 0 0 0 0 2 4 0 0 0 0 36 0 2 0 0 0 0 29 11 11 0 6 11 22 0 24 29 20 19 9 14 0 14 0 10 26 0 0 21 1 0 0 0 0 7 0 0 8 0 0 0 5 0 0 0 25 21 0 0 0 0 0 0 0 0 0 0 0 10 0 0 0 0 0 0 0 0 0 0 0 0 0 9 0 0 0 0 6 0 0 0 0 0 0 0 0 0 0 0 0 20 36 0 27 29 0 12 35 27 21 10 12 0 0 15 25 16 5 4 0 0 0 0 0 15 1 0 0 14 0 19 70 0 1 0 9 16 0 0 0 0 18 12 0 0 0 0 0 0 0 0 0 0 0 0 0 0 0 0 0 0 0 0 0 0 0 0 0 0 0 15 0 10 0 0 0 0 0 0 0 1 0 0 1 102 0 1 11 2 3 20 0 0 0 0 0 0 0 0 0 0 0 0 0 0 0 0 0 0 0 0 0 0 0 1 0 0 0 0 0 0 0 0 0 0 0 0 0 
 127 47 209 25 103 176 124 215 328 328 120 167 35 340 206 282 396 0 120 117 0 0 0 0 4 0 0 1 9 4 0 1 79 0 0 0 0 0 0 0 2 0 0 4 0 2 1 0 0 6 0 0 7 0 0 1 0 0 0 2 3 0 0 0 3 0 2 3 0 0 0 0 0 0 2 0 1 5 0 0 28 0 16 19 1 0 0 24 8 14 15 0 25 33 15 39 11 10 20 14 0 0 0 0 0 0 0 0 0 0 0 0 0 0 0 0 0 0 0 0 17 0 0 0 0 0 12 0 0 0 0 0 0 0 0 0 0 0 0 0 0 0 0 0 0 0 0 0 0 4 0 0 0 0 0 11 0 0 0 0 8 11 22 30 0 12 9 0 6 16 9 0 14 26 1 26 21 14 16 12 0 0 0 0 0 0 0 0 0 0 0 11 0 0 0 0 0 0 2 1 0 0 0 0 0 0 0 0 0 0 0 0 0 0 0 0 0 0 0 0 0 0 0 10 0 0 0 0 0 0 0 0 0 0 0 0 0 0 1 0 0 12 0 0 0 3 2 3 2 89 17 2 13 0 0 0 0 0 0 0 0 0 10 0 0 0 0 0 0 0 0 0 0 0 0 0 13 18 0 0 0 0 0 0 0 0 0 0 0 0 
 60 156 231 97 88 46 78 262 100 88 108 322 402 135 91 333 119 120 0 330 0 2 1 0 2 0 0 0 0 4 0 0 3 0 1 0 0 0 0 0 0 0 0 3 0 0 0 0 0 6 0 0 0 0 0 0 0 0 0 2 3 0 0 7 4 0 2 3 0 0 0 0 0 0 2 0 0 0 0 0 0 23 2 0 0 0 55 13 0 1 10 0 17 20 8 31 18 0 26 10 0 0 0 0 0 0 0 0 0 0 0 0 0 0 0 0 0 0 0 0 0 0 0 0 0 0 0 0 0 0 0 0 0 0 0 0 0 0 0 0 0 0 0 1 0 3 0 0 0 0 0 0 8 0 0 0 0 0 0 0 0 0 0 21 0 0 23 13 0 0 0 0 0 14 14 13 17 0 1 0 0 0 0 0 0 0 0 0 0 0 0 0 0 0 0 0 0 0 0 0 0 0 18 0 0 0 0 0 5 0 0 0 0 0 0 0 0 0 0 0 0 0 0 19 0 0 0 1 0 0 0 0 0 15 0 0 0 0 0 0 0 0 0 0 0 2 0 0 2 41 16 0 0 0 0 0 0 0 0 0 0 0 0 0 0 0 0 0 0 0 0 0 0 0 0 0 10 0 0 0 0 0 0 0 0 0 0 0 0 0 
 377 141 44 301 98 55 109 142 307 127 68 42 208 193 162 168 77 117 330 0 0 0 1 0 0 0 0 0 0 3 0 0 3 0 75 0 0 0 0 0 2 0 0 3 0 0 0 0 0 3 0 0 0 0 0 0 0 0 0 2 3 0 0 0 0 4 2 3 0 0 0 0 0 0 2 0 0 0 0 0 26 0 37 14 0 0 10 32 6 0 0 0 24 30 0 23 32 0 33 15 0 0 0 0 0 0 0 0 0 0 0 0 0 0 0 0 0 0 0 0 0 0 0 0 0 0 0 0 0 0 47 0 0 0 0 0 0 0 0 0 0 0 0 5 0 0 0 0 0 0 0 0 0 0 2 0 0 0 0 0 21 10 5 13 0 7 14 32 6 0 0 0 11 0 27 16 79 14 109 12 0 0 0 0 0 0 0 0 15 0 0 0 0 0 0 0 0 0 0 0 0 0 0 3 0 0 0 0 0 0 0 0 0 0 0 0 0 0 0 0 0 0 0 0 0 0 0 0 0 0 14 0 0 0 0 0 0 0 0 0 0 10 0 0 0 0 0 0 1 50 2 4 15 0 0 0 0 0 0 0 0 0 1 0 0 0 0 0 0 0 0 0 0 0 0 0 0 0 0 0 0 0 0 0 0 0 0 0 0 0 
 3 0 0 0 73 159 0 0 0 0 0 63 0 3 0 0 0 0 0 0 0 76 164 243 143 120 57 221 50 24 34 41 152 128 116 244 106 163 199 175 0 65 3 0 5 0 1 0 0 2 0 0 6 0 0 0 0 3 0 0 0 0 0 0 0 0 0 0 3 3 0 1 3 0 0 0 0 0 0 0 0 0 0 7 0 14 0 0 0 0 0 13 0 0 0 0 0 0 1 1 24 13 16 0 0 0 0 29 38 38 4 39 15 7 32 49 19 1 0 37 0 0 0 0 10 0 23 0 0 0 0 0 12 0 0 12 0 0 0 0 0 0 0 0 0 0 0 0 14 0 0 0 0 0 0 0 0 0 0 0 0 0 0 2 0 10 0 0 7 3 0 13 0 0 0 0 0 0 0 0 22 56 11 17 1 22 13 0 0 9 0 18 73 8 7 31 54 0 56 23 1 0 0 0 0 0 0 0 0 0 0 0 0 0 6 0 0 0 2 0 0 0 0 1 0 0 0 0 0 0 0 0 0 0 0 0 0 0 0 0 0 0 0 0 0 0 0 0 0 0 0 0 0 0 0 0 2 1 0 0 2 0 0 0 0 0 7 0 0 0 0 0 0 0 0 0 9 0 0 0 0 20 0 0 0 0 0 0 0 0 
 1 1 0 2 0 4 0 0 0 5 3 0 3 0 0 0 0 0 2 0 76 0 397 221 540 123 192 202 217 52 76 413 59 552 368 264 126 48 96 44 1 0 3 0 2 0 1 0 0 2 0 0 41 0 0 0 68 3 70 1 0 0 0 0 0 0 0 0 3 3 0 0 3 0 0 0 0 0 0 0 0 0 0 0 0 0 0 0 0 0 0 0 0 0 0 0 0 0 0 0 9 27 10 27 0 38 11 8 0 28 28 19 10 17 11 27 49 26 42 0 0 0 0 0 0 0 1 0 14 1 0 0 0 1 0 0 0 0 6 0 0 0 0 0 0 0 0 0 0 0 0 0 0 0 0 0 2 0 0 0 0 0 0 0 12 0 0 0 0 0 0 0 0 6 0 0 0 0 0 0 32 10 29 1 1 29 6 0 16 44 34 14 0 19 17 9 11 19 0 2 0 0 0 0 0 0 0 0 14 0 0 2 0 0 0 0 0 0 0 0 0 0 0 0 0 0 0 0 0 0 0 0 2 0 0 0 0 0 0 0 0 0 0 0 0 0 0 0 0 0 0 0 0 0 11 0 0 159 0 4 0 2 0 0 0 0 0 0 0 0 0 1 0 0 0 0 0 2 0 11 0 10 0 0 0 7 0 0 0 2 
 1 0 0 0 38 14 0 0 0 0 0 75 0 0 0 0 0 0 1 1 164 397 0 162 336 268 149 308 95 141 64 84 457 79 139 66 115 86 183 282 63 0 3 0 0 0 65 207 0 2 0 0 75 0 0 19 0 3 0 0 0 0 0 50 0 0 0 1 3 3 0 0 3 0 0 0 0 0 0 0 0 0 0 0 0 0 0 0 0 0 0 0 0 0 0 0 0 0 0 0 16 20 18 10 11 15 2 14 27 1 27 31 0 6 11 10 25 34 48 1 8 0 0 0 0 0 15 0 10 0 0 0 0 0 0 0 0 0 11 0 0 0 0 0 0 2 0 6 0 0 12 0 0 7 0 0 0 0 3 0 0 0 0 0 0 24 0 0 0 0 0 4 0 4 2 0 0 0 0 0 16 18 21 1 7 2 0 0 25 24 16 39 10 0 32 12 16 13 7 10 5 0 0 0 0 0 10 0 0 0 0 0 11 0 13 0 0 0 11 0 0 0 0 0 0 0 0 0 0 0 0 0 0 0 0 0 0 0 0 0 0 0 0 0 0 0 0 0 0 0 0 0 0 0 28 0 1 53 4 0 3 17 0 0 0 0 0 0 0 0 0 0 0 0 0 0 0 0 0 1 0 0 0 0 0 0 0 0 0 0 
 0 0 0 0 0 3 2 0 0 0 0 0 201 0 0 0 0 0 0 0 243 221 162 0 88 54 172 202 241 390 152 283 63 151 200 140 194 236 84 77 58 0 3 0 0 0 66 66 0 2 0 0 12 3 0 0 0 4 1 0 0 0 0 2 3 0 0 1 3 3 0 0 5 0 0 3 1 0 0 5 0 0 0 0 0 0 0 0 0 0 0 0 0 0 0 0 0 0 0 0 0 1 13 17 43 11 0 16 11 1 1 13 13 0 21 20 11 1 9 8 8 13 0 14 0 12 34 1 25 0 0 1 4 21 11 0 0 0 36 22 0 0 0 0 0 0 0 0 0 0 0 0 0 0 0 0 0 0 3 0 0 0 0 0 0 0 0 0 0 0 0 5 0 2 0 0 0 2 0 0 0 0 31 27 20 26 12 0 0 24 15 0 0 7 0 0 34 15 15 13 1 0 0 0 0 0 9 0 0 0 0 0 36 30 50 0 2 0 0 1 0 0 0 0 0 0 0 0 6 0 0 0 0 0 0 0 2 0 0 0 0 0 0 0 0 0 0 0 0 0 0 0 0 0 7 0 0 2 77 0 0 15 0 0 0 0 2 0 0 0 0 0 0 0 0 0 0 0 0 0 0 1 0 0 0 0 0 0 0 0 
 0 0 0 0 0 0 0 0 2 0 0 0 0 0 0 0 0 4 2 0 143 540 336 88 0 470 58 84 138 242 176 152 64 73 105 79 376 181 48 73 0 122 65 0 0 0 64 211 62 2 0 0 77 63 31 210 0 66 75 3 27 0 0 0 0 0 0 0 3 3 0 49 3 0 0 0 1 1 0 0 0 0 0 0 0 0 0 0 0 0 0 0 0 0 0 0 2 0 0 0 23 8 0 42 1 12 0 0 12 9 0 29 0 1 0 0 0 0 0 0 16 1 11 0 0 0 0 19 0 0 0 0 12 2 27 27 10 7 21 10 0 0 0 0 0 0 0 16 0 0 0 0 0 0 0 0 0 0 0 0 0 0 0 0 0 0 0 0 0 0 3 0 0 0 0 0 0 0 0 0 0 0 9 21 15 26 0 0 0 10 16 6 11 0 9 12 1 0 0 0 0 1 15 16 0 0 0 0 43 3 0 0 12 0 3 2 0 0 14 8 0 0 0 0 0 0 0 0 0 0 0 0 0 0 0 0 0 0 0 0 0 0 0 0 0 0 0 0 0 0 0 0 0 0 2 0 2 2 4 0 4 1 0 0 0 0 0 0 0 0 0 0 0 0 0 0 0 0 0 0 0 37 0 0 0 0 0 0 0 0 
 2 0 0 0 0 0 0 0 0 0 0 0 0 2 0 0 0 0 0 0 120 123 268 54 470 0 43 140 334 133 135 70 34 54 39 73 242 208 48 59 65 1 8 0 72 0 8 80 40 2 63 0 33 0 64 0 0 34 61 0 0 0 0 0 0 0 0 0 3 3 12 2 3 0 0 0 0 2 0 0 0 0 0 0 0 0 0 0 0 0 0 1 0 0 0 0 0 0 0 0 0 0 24 18 61 0 0 0 9 0 0 0 0 0 0 18 0 5 0 0 2 18 0 0 0 0 19 11 1 0 0 11 67 12 12 27 16 0 49 14 0 0 0 0 0 2 0 0 0 0 1 0 2 0 0 0 0 0 9 0 0 0 0 0 0 0 0 0 0 0 8 1 0 0 0 0 0 0 0 0 0 0 4 0 19 18 0 0 0 9 16 0 0 0 0 0 60 0 0 0 4 0 0 24 1 0 20 0 0 14 0 0 0 19 12 14 0 10 5 21 0 0 0 0 0 0 0 0 0 0 0 0 0 0 1 0 0 0 0 0 0 0 0 0 0 0 0 0 0 0 0 14 0 0 11 4 1 0 79 0 1 15 0 1 0 0 0 0 0 0 0 0 0 0 0 0 0 0 0 0 0 1 0 0 16 0 0 0 0 0 
 0 0 0 0 1 157 0 1 0 80 0 0 0 0 2 4 0 0 0 0 57 192 149 172 58 43 0 166 427 116 132 121 88 167 221 282 39 57 202 276 0 0 3 0 0 202 1 19 0 2 0 0 204 3 0 0 0 3 0 0 0 0 0 0 0 1 0 52 3 4 2 1 3 1 0 0 0 0 0 0 0 0 0 0 1 12 2 0 0 0 0 8 0 0 0 0 19 12 0 0 11 37 11 40 0 22 0 10 1 4 52 33 12 28 25 0 13 2 31 41 0 0 0 1 0 4 0 0 0 0 0 0 0 0 0 0 0 1 0 0 0 11 0 0 0 0 0 0 0 0 0 0 0 0 0 0 4 1 0 0 2 0 0 5 29 7 2 0 0 0 0 1 0 0 0 0 0 21 0 0 6 11 15 13 0 29 27 8 16 0 9 32 1 79 52 20 0 49 0 2 11 0 0 0 0 0 0 0 0 0 0 0 0 0 0 0 0 0 0 0 0 0 0 0 0 0 0 0 19 0 0 0 0 0 0 1 0 0 0 0 0 0 13 0 0 0 0 0 75 0 0 0 0 0 12 2 0 163 0 3 46 0 0 0 0 0 0 0 0 0 0 0 0 0 0 0 0 0 0 0 0 0 0 0 0 0 1 0 0 0 
 0 0 0 3 0 0 1 0 0 0 0 74 2 0 0 0 0 1 0 0 221 202 308 202 84 140 166 0 170 110 211 40 337 154 365 179 93 391 45 136 0 0 3 0 0 1 2 0 0 2 0 0 8 0 0 0 0 5 0 0 0 0 0 0 0 0 0 0 3 3 0 0 3 0 0 2 0 0 0 0 0 0 0 0 0 12 0 0 0 0 0 26 0 0 0 0 0 0 0 0 0 0 33 51 29 10 0 9 33 11 0 28 0 0 0 26 2 6 1 0 0 0 0 0 0 0 13 0 0 0 0 0 10 1 0 12 0 0 33 11 0 0 0 0 0 0 0 0 0 0 0 0 0 1 2 0 0 0 0 0 0 2 0 0 0 0 0 0 0 0 9 0 4 0 0 0 0 0 0 0 16 15 35 28 1 33 0 15 0 20 13 0 10 7 10 0 92 10 0 1 6 0 0 0 0 0 9 0 1 2 0 0 7 15 26 0 0 0 13 0 0 0 0 0 0 0 5 0 16 0 0 0 0 0 0 0 0 0 0 0 0 0 0 0 0 0 0 0 0 0 0 0 0 1 9 2 3 0 0 1 9 15 0 0 0 0 25 0 0 0 0 0 0 0 0 0 0 0 0 0 0 0 0 0 0 0 0 0 0 0 
 0 0 0 0 0 5 0 0 0 2 0 0 60 0 0 0 0 9 0 0 50 217 95 241 138 334 427 170 0 418 47 246 301 222 223 151 119 209 287 108 0 1 3 0 0 2 3 4 0 2 0 0 11 0 0 0 0 66 0 9 0 1 0 0 47 0 0 1 3 3 1 0 5 0 1 0 0 2 1 0 0 0 0 0 0 0 14 0 0 0 0 0 0 0 0 1 0 0 0 0 0 0 2 32 27 28 0 14 25 6 15 29 12 0 0 10 12 1 7 12 0 0 0 0 0 0 20 0 0 0 2 0 10 27 21 0 0 0 50 19 0 0 8 0 0 0 0 0 0 0 0 0 0 0 0 0 0 0 0 0 0 0 0 0 0 0 0 2 0 0 0 0 2 0 0 0 0 0 0 0 0 0 14 67 23 39 20 0 0 22 13 0 1 6 0 19 48 8 13 12 1 0 0 0 17 0 10 8 12 0 0 0 1 0 11 0 0 0 0 21 0 0 0 0 0 0 1 0 2 0 0 0 0 0 0 0 8 0 0 0 0 0 0 0 0 0 0 0 0 0 0 0 0 0 6 0 2 1 4 0 12 11 0 0 0 0 1 0 0 0 0 2 0 0 0 0 0 1 0 0 0 0 0 0 0 0 0 0 0 0 
 3 3 3 3 3 26 3 3 3 6 3 3 3 4 3 3 3 4 4 3 24 52 141 390 242 133 116 110 418 0 534 263 54 519 114 98 147 376 146 95 0 1 5 0 0 1 1 0 0 2 0 0 3 63 0 0 0 3 0 4 0 0 0 0 0 0 0 0 3 3 0 0 3 0 0 0 0 0 0 0 0 0 0 0 24 0 0 0 0 0 0 0 0 0 0 2 0 0 0 0 0 0 1 11 55 2 0 0 0 12 24 15 0 1 0 1 0 15 0 9 29 9 0 0 0 0 20 2 9 0 1 0 1 54 15 0 1 0 13 11 0 0 0 0 0 0 0 0 0 0 0 0 0 17 1 0 0 0 5 0 0 0 0 0 0 0 0 1 2 0 0 0 0 0 0 0 0 0 2 8 0 10 0 34 45 0 23 0 10 15 9 0 10 1 0 15 20 11 1 1 20 0 0 0 2 0 0 4 23 0 0 0 3 0 15 1 0 0 2 22 0 0 0 0 0 0 2 0 0 0 0 0 0 41 0 0 0 0 0 0 0 0 0 0 0 0 0 0 0 0 0 0 0 0 17 0 4 0 92 46 2 14 0 0 0 0 0 0 0 0 0 1 0 0 0 0 1 2 0 0 0 9 1 0 0 0 0 0 0 0 
 0 0 0 0 2 0 0 1 0 3 0 0 0 0 0 0 0 0 0 0 34 76 64 152 176 135 132 211 47 534 0 138 25 338 65 214 500 454 49 122 0 0 13 5 0 0 3 0 0 4 0 2 3 1 0 0 0 3 63 21 0 0 0 0 0 0 0 2 3 7 0 0 4 0 2 3 1 0 0 0 0 0 0 0 0 0 0 0 0 0 0 0 0 2 14 1 0 0 0 0 0 9 17 0 21 42 0 15 32 0 6 1 0 0 0 9 16 1 0 0 6 9 2 0 0 0 0 0 9 0 0 0 12 36 12 0 1 0 12 45 0 0 0 0 0 0 0 2 0 0 0 0 0 0 0 0 0 0 0 0 3 0 0 0 0 0 0 0 0 0 0 0 9 0 0 0 0 0 0 0 2 0 24 17 26 0 0 19 0 28 35 0 0 11 12 0 29 0 0 0 3 0 0 0 0 0 43 1 9 0 0 0 39 13 10 0 0 20 17 0 0 0 0 0 11 0 0 0 0 0 0 0 0 0 0 0 0 0 0 0 0 0 0 0 0 0 0 0 0 0 0 0 0 0 12 2 2 0 2 0 0 16 0 0 0 0 0 0 0 0 0 0 0 0 0 0 0 0 0 0 0 0 0 0 0 0 0 0 0 0 
 0 0 0 2 0 2 0 0 0 0 0 0 0 0 0 1 0 1 0 0 41 413 84 283 152 70 121 40 246 263 138 0 251 245 119 68 149 174 30 30 1 0 14 0 0 1 0 61 0 2 0 6 3 0 62 0 0 11 0 2 0 0 0 0 0 0 0 0 3 3 0 0 3 0 0 0 0 0 0 0 0 0 0 0 0 0 0 0 0 0 0 0 0 0 0 0 0 0 0 0 50 45 0 8 46 0 19 25 9 16 10 38 0 12 1 0 12 44 0 1 0 17 0 0 0 0 0 8 11 0 0 0 6 15 0 11 20 0 7 0 0 0 0 0 0 0 0 0 0 0 0 0 0 0 0 0 0 0 0 0 0 0 0 0 0 0 0 0 0 0 4 0 0 0 0 0 0 0 0 0 0 1 13 16 23 50 1 1 0 17 14 31 4 0 8 1 32 18 0 0 2 23 0 13 0 0 0 0 1 0 0 0 0 21 19 0 0 0 37 12 0 0 0 6 0 0 0 0 0 0 0 0 0 0 0 0 0 0 0 0 0 22 0 0 0 0 0 0 0 0 0 0 0 0 7 2 1 59 148 1 7 0 0 0 0 0 0 0 0 0 0 0 0 0 0 0 0 0 0 9 0 14 8 0 1 4 0 0 0 0 
 3 3 157 3 51 201 6 3 4 119 93 158 3 3 3 77 86 79 3 3 152 59 457 63 64 34 88 337 301 54 25 251 0 134 65 67 68 249 283 491 0 2 5 0 0 0 21 0 0 2 8 0 3 81 0 13 1 5 0 0 0 0 0 0 0 0 0 0 3 3 0 0 3 0 0 0 0 0 0 0 0 0 0 0 0 17 0 0 0 17 19 74 0 0 0 33 0 11 0 0 20 12 7 0 0 0 39 7 17 14 10 0 12 9 38 10 0 0 31 0 0 0 0 0 0 0 0 0 0 0 0 1 0 0 0 0 0 0 0 0 0 0 0 0 0 0 0 0 0 0 0 0 0 0 0 18 0 0 0 0 0 0 0 14 0 19 0 0 3 16 9 14 0 0 0 0 0 0 4 0 75 19 11 0 0 0 0 11 33 0 0 11 29 10 16 24 0 1 71 36 0 16 0 0 0 0 0 0 0 0 0 0 0 0 0 0 0 0 0 0 0 0 0 0 0 0 0 0 0 0 0 0 0 0 0 0 0 0 0 0 0 0 12 0 0 0 0 0 0 0 0 0 0 0 3 0 3 0 0 0 4 8 0 0 0 0 0 0 0 0 0 0 0 0 0 50 9 32 0 0 0 0 0 0 0 0 0 0 0 0 
 4 0 1 76 35 3 4 2 0 4 82 82 0 3 0 0 80 0 0 0 128 552 79 151 73 54 167 154 222 519 338 245 134 0 338 144 83 40 237 383 0 1 3 0 2 0 0 2 0 2 0 0 3 0 0 0 0 9 0 0 0 0 0 0 0 0 0 1 3 3 0 0 3 0 0 0 0 31 0 0 4 0 0 0 7 0 0 0 0 0 0 9 0 0 0 2 0 0 0 0 1 1 21 17 0 10 15 25 15 1 0 13 73 8 9 33 24 16 35 14 0 1 0 0 0 0 0 0 0 0 0 0 0 13 0 0 0 0 0 1 0 0 0 0 0 0 2 0 0 0 0 0 0 0 0 0 0 2 0 0 0 0 0 8 18 19 0 0 0 1 7 2 6 0 0 0 0 0 0 0 25 30 27 6 0 7 9 1 17 0 12 1 21 14 1 14 18 20 28 12 0 0 0 0 0 0 0 0 0 0 0 0 0 0 0 0 0 0 0 0 0 0 0 0 1 0 0 0 0 0 0 0 0 0 0 0 0 0 0 0 0 0 0 0 0 0 7 0 0 0 0 0 2 0 10 4 0 1 0 1 16 2 0 0 0 0 0 0 0 0 0 0 0 0 0 3 0 0 0 1 0 0 0 0 0 0 0 0 0 0 
 0 0 5 4 4 89 4 81 0 0 1 1 0 0 0 0 0 0 1 75 116 368 139 200 105 39 221 365 223 114 65 119 65 338 0 94 79 212 96 432 2 0 3 0 0 0 20 0 0 2 0 0 3 3 0 11 0 4 0 0 0 0 54 7 6 0 0 0 4 5 0 0 5 0 1 11 1 3 1 0 0 0 0 0 0 14 0 0 0 0 0 0 0 0 2 0 0 0 0 0 0 12 0 22 0 12 13 39 51 43 22 27 30 9 14 47 23 6 17 11 0 0 0 0 0 0 0 0 0 0 0 0 0 4 0 2 0 0 1 0 0 0 0 0 0 0 7 0 0 0 0 0 0 0 0 0 0 0 0 0 0 0 0 0 14 6 0 0 1 0 0 0 2 0 0 0 0 0 0 0 13 19 2 23 9 6 18 12 31 12 12 11 0 22 50 25 42 12 11 23 0 0 0 0 0 0 0 0 0 0 0 0 0 1 0 0 0 0 12 0 0 0 0 0 0 0 0 0 0 0 0 0 0 2 0 0 0 0 0 0 0 0 12 0 0 0 0 0 0 0 0 0 0 0 9 0 0 86 0 1 45 2 0 0 0 0 8 0 0 0 0 0 0 0 0 0 0 0 0 0 0 0 0 0 0 6 0 0 0 0 
 0 0 0 0 0 75 0 0 0 0 0 76 0 0 1 0 2 0 0 0 244 264 66 140 79 73 282 179 151 98 214 68 67 144 94 0 525 154 44 240 0 0 3 0 0 0 0 1 44 2 0 0 3 0 0 0 0 3 65 0 0 0 0 0 0 0 0 0 3 4 0 0 3 0 1 0 0 0 0 0 0 0 0 0 0 37 0 0 0 0 0 24 0 5 0 0 0 0 0 0 14 31 7 4 0 11 0 11 47 21 1 11 14 0 12 15 13 0 0 0 0 0 0 0 0 2 1 0 0 0 0 0 11 21 19 2 0 0 0 7 0 0 0 0 28 0 0 0 0 0 0 0 0 0 0 2 0 0 0 0 0 0 0 0 0 8 0 0 0 0 9 9 6 0 0 0 6 0 0 0 27 25 19 14 0 9 0 0 1 3 11 6 20 8 0 18 15 0 13 0 0 0 0 1 0 0 8 0 2 0 0 0 12 12 1 0 0 0 0 0 0 0 0 0 0 0 0 0 0 0 0 0 0 0 0 0 0 0 0 0 0 0 12 0 0 0 0 0 0 0 0 0 0 2 4 1 0 1 0 0 2 0 0 0 0 0 17 0 0 0 0 0 0 0 0 0 0 0 0 0 0 14 0 0 0 0 0 0 0 0 
 0 0 2 0 0 76 0 0 0 0 0 2 2 0 0 0 0 0 0 0 106 126 115 194 376 242 39 93 119 147 500 149 68 83 79 525 0 105 88 187 0 1 111 2 0 0 56 6 2 2 0 3 70 0 0 4 0 4 29 0 2 2 0 9 0 1 3 3 3 4 2 13 3 1 3 0 0 30 2 0 0 0 0 0 0 18 0 0 0 0 0 0 0 0 0 0 0 0 0 0 14 35 11 30 6 23 0 46 26 0 33 36 14 0 0 0 8 25 0 0 0 0 0 0 0 0 21 0 1 0 0 0 16 65 0 0 0 0 81 22 0 0 0 0 0 0 0 1 0 0 0 0 0 1 2 0 17 0 0 0 0 0 0 0 0 16 0 0 0 0 0 0 12 4 0 0 0 0 0 0 0 1 20 7 0 15 0 0 13 1 7 100 8 0 39 18 19 0 0 4 1 0 0 0 0 0 12 8 3 2 0 0 0 0 20 0 0 1 11 20 0 0 0 13 0 0 0 0 0 0 0 0 0 0 0 0 0 0 0 0 0 0 14 0 0 0 0 0 2 0 0 0 0 0 210 0 1 1 1 0 3 0 0 0 0 2 0 0 0 0 0 0 0 2 0 0 0 0 0 0 0 1 0 0 0 0 4 0 0 0 
 1 0 0 0 0 81 3 0 1 0 0 0 0 0 43 0 0 0 0 0 163 48 86 236 181 208 57 391 209 376 454 174 249 40 212 154 105 0 37 143 0 0 3 0 0 0 1 0 0 2 1 0 5 0 0 0 0 3 0 0 0 14 0 0 0 0 0 0 3 3 0 0 3 0 0 0 0 0 51 0 0 0 0 11 0 0 0 0 0 0 0 0 1 0 0 0 0 0 2 0 0 15 9 28 0 0 0 18 2 0 14 39 0 0 0 17 7 0 0 0 6 0 0 0 1 0 11 0 0 0 0 0 0 7 0 0 0 0 5 10 0 0 0 10 0 0 3 0 0 0 0 0 0 0 11 0 0 1 1 0 0 0 0 0 0 0 0 0 0 0 0 0 0 0 0 0 0 0 0 0 0 1 28 29 9 30 2 18 13 0 12 18 13 4 9 0 35 11 0 0 0 0 0 0 0 2 0 0 8 0 0 0 25 20 17 0 0 0 11 0 2 0 0 2 0 0 0 0 0 0 0 0 0 0 0 0 0 0 0 0 0 0 0 0 0 0 0 0 0 0 0 0 0 0 9 3 2 1 1 5 74 0 0 0 0 0 0 0 0 0 0 0 0 0 0 0 0 0 0 1 0 0 0 0 0 0 0 0 0 0 
 0 72 63 2 75 173 0 2 0 153 74 75 0 0 0 0 0 0 0 0 199 96 183 84 48 48 202 45 287 146 49 30 283 237 96 44 88 37 0 180 0 0 8 0 0 1 26 3 0 8 2 2 4 0 0 5 3 3 4 0 0 0 51 0 0 0 0 4 3 3 0 6 9 0 2 0 53 1 0 0 0 0 0 23 15 32 0 0 0 23 8 19 0 0 15 0 0 0 2 0 13 12 0 7 0 13 11 17 18 21 35 0 24 8 77 58 16 0 19 18 0 0 0 0 0 0 0 0 0 0 0 0 0 0 0 0 0 0 0 0 0 0 0 0 0 0 0 0 0 0 0 0 0 0 0 0 35 7 0 0 1 0 0 0 12 36 0 0 6 20 0 67 0 0 0 13 0 0 0 0 20 75 0 0 0 0 2 17 29 0 24 28 0 10 35 18 0 0 11 18 10 0 0 0 0 2 0 0 0 0 0 0 0 0 0 0 0 0 0 0 0 0 0 2 0 0 0 0 0 0 0 0 0 0 0 0 0 0 0 0 0 0 12 0 0 0 0 0 0 0 0 0 0 0 4 0 0 1 0 1 2 0 0 0 0 0 0 0 0 0 0 0 0 0 0 8 11 0 0 0 0 0 0 0 0 0 0 0 0 30 
 0 0 0 0 35 33 1 0 1 0 0 89 0 0 0 0 0 0 0 0 175 44 282 77 73 59 276 136 108 95 122 30 491 383 432 240 187 143 180 0 0 2 3 0 0 0 64 2 0 2 0 0 3 0 0 8 0 3 0 0 0 1 0 0 1 0 0 0 3 3 0 0 3 0 0 0 0 0 0 0 0 0 0 0 0 31 0 0 0 0 0 2 0 0 0 0 0 0 0 0 23 11 22 24 0 0 0 46 48 26 53 17 24 21 64 30 0 0 16 9 0 0 0 0 0 0 0 0 0 0 0 0 0 3 1 25 0 0 0 0 0 1 0 0 0 0 0 0 0 0 0 0 0 0 0 0 11 0 0 0 0 0 0 0 0 23 9 0 0 0 0 0 3 9 0 0 0 1 0 0 43 58 0 27 0 13 0 7 26 9 6 10 18 34 13 29 27 5 33 22 0 1 0 0 0 0 0 0 0 10 0 0 0 0 0 0 0 0 0 0 0 0 0 0 0 0 0 0 0 0 0 0 0 0 0 0 8 0 0 0 0 0 11 0 0 0 0 0 0 0 0 0 0 3 10 0 2 47 0 0 30 0 0 0 0 0 10 0 0 0 0 0 0 0 0 0 0 0 0 1 0 16 0 0 0 0 0 0 0 0 
 0 0 0 1 6 3 0 0 62 0 0 0 3 0 0 0 0 2 0 2 0 1 63 58 0 65 0 0 0 0 0 1 0 0 2 0 0 0 0 0 0 97 129 322 61 34 113 239 48 263 333 164 256 71 42 30 95 138 26 146 0 0 0 0 0 5 0 0 0 0 0 0 0 0 0 0 0 0 0 0 0 0 0 9 0 0 0 0 0 0 0 0 0 0 0 13 1 0 0 0 0 0 0 0 10 0 0 0 0 0 0 0 0 0 0 0 0 2 0 0 0 48 28 13 8 11 9 11 44 33 0 10 1 0 13 0 48 0 0 0 0 0 0 0 0 0 0 0 0 0 0 0 0 0 0 0 0 0 7 8 0 0 0 0 0 0 0 0 0 0 0 6 0 1 0 0 0 0 0 0 0 0 0 0 10 0 0 0 0 13 0 1 0 0 0 0 0 0 0 0 11 9 21 3 0 12 11 10 12 23 10 0 0 33 39 66 10 0 0 0 0 0 0 0 0 0 0 1 0 0 0 0 0 9 0 0 0 0 28 0 0 0 0 0 0 0 0 0 0 0 0 14 0 0 0 0 0 0 61 0 0 0 2 0 3 4 2 0 0 0 0 0 0 0 0 0 0 0 0 0 0 0 0 0 4 0 0 0 0 0 
 0 0 0 0 0 0 0 0 0 3 0 0 0 14 0 0 0 0 0 0 65 0 0 0 122 1 0 0 1 1 0 0 2 1 0 0 1 0 0 2 97 0 289 96 27 244 155 180 212 103 55 43 66 448 142 257 277 131 168 72 8 0 0 0 0 0 0 0 0 15 0 0 0 0 0 0 73 1 1 0 0 0 0 0 0 0 0 0 0 0 0 0 0 0 0 0 0 0 0 0 0 0 0 9 7 8 0 0 0 0 0 0 0 0 0 0 0 0 0 0 3 0 6 0 0 0 0 22 1 0 2 2 0 13 12 15 16 11 34 12 3 0 0 0 0 0 0 1 0 0 0 0 1 0 3 7 0 0 0 0 0 0 0 0 0 0 0 0 0 0 6 0 0 0 0 0 0 0 5 0 0 0 0 0 0 0 0 0 0 1 0 0 0 0 0 0 0 0 0 0 0 0 20 19 7 0 10 16 35 0 0 5 51 7 0 11 0 0 22 16 0 0 0 0 0 7 0 19 0 0 0 0 23 0 0 0 0 0 0 0 0 0 33 0 0 0 0 0 0 0 0 13 0 1 0 0 0 0 0 0 0 0 2 0 0 0 1 1 0 0 0 0 0 0 0 0 0 0 0 0 0 0 0 0 0 22 0 0 0 0 
 0 0 0 2 0 2 0 0 0 0 0 0 0 62 0 0 0 0 0 0 3 3 3 3 65 8 3 3 3 5 13 14 5 3 3 3 111 3 8 3 129 289 0 182 334 606 132 151 134 165 58 335 170 334 293 128 193 60 90 127 0 0 0 0 0 13 0 0 0 0 0 0 4 3 0 0 0 0 0 3 0 0 0 0 0 0 0 0 0 0 0 0 0 0 0 0 0 0 0 0 0 0 0 0 5 10 0 0 0 0 0 0 0 0 0 2 0 0 0 0 0 39 39 26 0 20 0 28 20 28 1 1 22 18 35 35 2 34 10 29 5 0 0 0 0 0 0 0 0 0 0 0 1 0 0 0 4 0 21 27 0 0 0 0 0 0 0 0 0 0 2 0 0 0 0 0 0 0 0 0 0 0 0 1 1 0 0 0 0 0 0 0 0 0 0 0 0 0 0 0 0 7 8 10 1 2 3 31 9 9 11 0 8 14 26 26 35 17 29 27 0 0 0 0 0 0 15 1 0 0 0 0 10 0 0 0 0 0 14 10 0 0 0 0 0 0 0 0 0 0 0 15 0 2 0 0 0 0 3 0 0 0 2 0 65 0 0 0 0 0 0 0 0 0 0 0 8 0 0 0 0 0 4 0 9 0 0 11 0 0 
 3 3 3 3 3 5 3 3 3 3 3 3 3 3 3 3 3 4 3 3 0 0 0 0 0 0 0 0 0 0 5 0 0 0 0 0 2 0 0 0 322 96 182 0 123 56 131 213 433 387 157 64 67 114 134 112 235 166 71 48 5 0 0 0 0 6 0 209 2 0 0 0 1 0 0 0 4 0 1 209 0 0 0 0 0 0 0 14 0 0 10 0 0 0 0 0 0 0 0 0 0 0 0 0 0 0 0 0 0 0 0 0 0 0 0 0 0 0 0 0 0 2 1 6 23 12 7 0 1 56 8 0 0 0 11 13 52 0 0 0 2 4 0 0 0 0 6 0 0 0 1 10 26 0 0 7 6 0 0 26 7 0 0 0 0 0 0 0 0 0 0 0 0 0 0 0 0 0 2 0 0 0 0 0 0 0 0 0 0 0 0 0 0 0 0 0 0 0 0 0 23 10 15 13 6 0 0 0 12 23 16 23 0 0 19 20 9 13 0 0 0 1 0 4 0 0 2 10 1 0 0 1 40 0 6 4 0 0 10 21 0 0 11 0 0 0 0 0 0 0 0 12 0 0 0 0 0 0 0 10 0 0 1 78 5 5 6 2 0 0 0 0 0 0 0 3 0 0 0 0 0 0 0 0 39 29 0 0 0 0 
 0 0 0 1 0 0 0 0 0 0 2 0 0 0 0 0 0 0 0 0 5 2 0 0 0 72 0 0 0 0 0 0 0 2 0 0 0 0 0 0 61 27 334 123 0 206 45 72 92 160 245 111 208 94 82 92 174 107 64 158 0 52 0 0 0 9 0 0 0 0 0 18 0 59 59 0 0 0 0 1 4 0 0 0 0 0 0 0 0 0 0 0 0 0 0 0 0 0 0 0 0 0 0 0 0 0 0 0 0 0 0 0 0 0 6 0 0 1 0 0 0 32 28 19 8 26 0 29 33 28 1 10 0 6 9 0 21 9 0 1 0 0 0 3 0 0 7 0 0 4 7 0 13 0 0 3 0 3 10 14 1 0 0 0 0 0 0 0 0 0 0 0 0 0 0 0 0 0 0 0 0 0 0 0 0 0 0 0 0 0 0 0 0 0 0 0 0 0 0 0 10 51 9 5 2 23 0 13 0 27 0 25 0 7 12 45 12 0 0 0 4 0 0 0 0 0 0 4 13 0 0 0 0 4 1 0 6 1 42 16 0 0 0 0 0 0 0 0 0 0 0 18 2 0 0 1 0 0 0 1 0 0 1 64 4 11 0 0 0 0 0 0 0 0 0 0 0 0 0 0 0 0 0 0 19 0 0 0 0 0 
 0 0 2 0 0 3 0 33 0 0 0 0 0 0 0 0 0 2 0 0 0 0 0 0 0 0 202 1 2 1 0 1 0 0 0 0 0 0 1 0 34 244 606 56 206 0 35 112 49 84 142 328 32 46 166 184 124 127 52 60 2 14 0 5 15 1 1 0 0 26 8 8 2 1 8 16 3 0 2 72 0 0 0 0 0 0 0 0 0 0 0 0 0 0 0 0 0 0 0 0 19 0 0 0 0 0 0 0 0 0 0 0 0 0 0 0 0 0 0 0 0 0 0 11 7 0 0 0 0 0 8 0 0 0 0 0 0 14 0 9 0 0 0 0 0 0 9 0 0 12 6 33 11 9 21 0 10 13 0 76 0 0 32 0 0 10 6 0 0 0 0 0 0 0 0 2 0 0 0 4 0 0 0 0 0 0 0 0 0 0 0 0 0 0 0 0 0 0 0 0 0 0 0 0 0 5 0 0 0 0 20 3 0 0 0 0 0 0 0 0 10 21 0 4 0 10 9 7 29 23 7 0 21 1 10 15 9 11 1 23 10 0 0 0 0 0 0 0 0 0 0 10 0 0 0 0 1 0 0 0 0 0 4 0 2 0 6 0 1 4 15 0 0 0 0 0 0 0 0 0 0 0 0 0 76 0 0 14 0 0 
 0 0 0 0 0 65 6 0 0 0 0 0 0 0 0 0 0 1 0 0 1 1 65 66 64 8 1 2 3 1 3 0 21 0 20 0 56 1 26 64 113 155 132 131 45 35 0 295 135 36 240 88 224 269 113 47 94 33 30 249 0 2 2 0 0 0 4 2 0 0 0 0 5 1 0 4 0 0 6 4 0 0 0 0 0 20 0 0 0 0 0 0 0 0 0 0 0 0 0 0 0 10 0 0 0 15 0 13 7 0 8 0 11 0 0 0 0 0 0 0 0 8 15 0 0 0 0 18 18 14 0 13 0 7 34 32 0 13 7 34 0 0 0 0 0 0 0 9 0 0 0 16 3 0 3 0 0 0 0 0 0 0 0 0 0 6 0 0 0 0 6 0 0 0 0 0 0 0 0 0 0 0 0 0 0 0 0 0 6 0 0 11 0 0 11 20 0 10 0 14 10 19 19 35 1 9 8 24 15 0 0 0 46 16 26 20 14 16 16 14 0 0 0 0 0 0 26 0 0 0 0 0 1 0 0 0 0 0 0 1 0 0 10 0 0 1 0 0 0 0 0 19 0 0 0 0 0 0 1 0 0 0 0 0 64 0 1 0 28 0 1 0 0 0 0 0 0 0 0 0 0 0 0 0 0 0 0 0 0 0 
 0 63 0 0 0 0 1 0 0 3 0 0 0 0 0 3 0 0 0 0 0 0 207 66 211 80 19 0 4 0 0 61 0 2 0 1 6 0 3 2 239 180 151 213 72 112 295 0 393 180 72 35 296 114 357 73 83 38 69 47 2 0 0 0 0 4 1 0 0 0 48 0 0 0 0 0 0 0 0 0 0 0 0 0 0 0 0 0 0 0 0 0 0 0 0 0 0 0 0 26 0 1 0 0 6 0 0 0 0 0 0 0 0 0 5 0 0 6 0 0 0 47 37 24 4 12 18 7 10 37 7 0 35 0 0 21 20 30 0 0 0 0 0 0 0 0 0 0 0 0 0 0 0 0 0 0 0 0 0 19 0 0 0 12 0 0 0 0 0 0 1 3 0 0 0 17 0 0 0 0 1 7 0 0 10 0 0 0 0 0 0 0 0 14 0 0 0 6 4 0 0 0 14 1 9 14 22 0 18 40 3 8 0 26 11 0 0 14 0 1 0 0 0 0 0 0 25 13 0 0 0 0 27 0 3 0 3 0 12 27 0 0 1 0 0 0 1 0 0 0 0 5 0 2 0 0 0 0 20 2 0 0 79 0 65 5 2 0 2 0 0 0 0 0 0 0 0 0 0 0 0 0 0 0 28 13 0 7 0 0 
 0 0 0 4 6 6 0 0 0 0 0 0 3 0 0 0 0 0 0 0 0 0 0 0 62 40 0 0 0 0 0 0 0 0 0 44 2 0 0 0 48 212 134 433 92 49 135 393 0 206 101 42 79 115 76 64 102 310 55 215 8 0 0 0 3 3 11 0 0 0 0 5 0 0 0 0 4 13 2 5 0 0 0 0 0 0 0 0 0 0 0 0 0 0 0 0 0 0 0 0 0 0 0 0 0 0 0 0 0 0 0 0 0 0 0 0 0 0 0 0 0 26 25 0 0 4 0 1 18 16 6 9 0 0 6 22 12 25 2 12 0 0 19 0 6 0 0 0 6 0 0 0 5 0 0 9 0 0 0 0 5 0 0 0 0 0 0 0 0 0 0 0 0 0 0 0 0 0 0 0 0 0 0 0 0 0 0 0 0 0 0 0 0 0 0 0 0 0 0 0 1 9 18 0 21 0 0 21 13 3 9 13 18 0 12 0 11 17 17 0 6 0 0 0 0 1 4 0 5 2 6 0 19 0 0 0 0 0 0 9 0 0 6 0 0 0 0 0 0 0 0 5 0 0 0 12 0 0 0 1 0 0 6 0 64 1 2 63 0 0 0 0 0 0 0 0 0 0 0 0 0 0 0 0 0 13 0 0 0 0 
 3 3 2 3 3 3 3 2 3 2 3 2 3 3 2 2 3 6 6 3 2 2 2 2 2 2 2 2 2 2 4 2 2 2 2 2 2 2 8 2 263 103 165 387 160 84 36 180 206 0 228 243 142 153 145 150 175 262 59 285 7 0 0 3 20 0 5 0 0 0 0 0 1 0 0 0 5 0 205 0 0 0 0 0 0 0 0 0 0 0 0 0 0 0 0 0 0 0 0 0 0 0 0 0 0 0 0 0 0 0 0 0 0 0 0 0 0 0 0 0 19 35 0 33 20 5 2 0 0 31 31 0 0 0 0 0 16 12 0 0 0 0 0 0 0 0 9 0 0 10 0 0 10 0 20 1 0 0 6 29 0 0 0 3 0 0 0 0 0 0 0 0 0 0 0 0 0 0 0 0 0 0 0 0 0 0 0 0 0 0 0 0 0 0 0 0 0 0 0 0 0 1 13 0 0 0 0 0 9 14 38 21 0 0 0 0 0 18 0 0 0 0 0 0 0 0 6 0 0 0 0 0 33 12 10 0 0 0 13 11 0 0 22 0 0 0 0 0 0 0 0 7 0 0 0 0 0 0 0 19 0 0 4 35 3 15 2 65 0 0 0 0 0 0 0 0 0 0 0 0 0 0 0 0 23 10 0 10 0 0 
 0 0 0 0 0 2 0 0 0 0 0 0 0 0 0 0 0 0 0 0 0 0 0 0 0 63 0 0 0 0 0 0 8 0 0 0 0 1 2 0 333 55 58 157 245 142 240 72 101 228 0 126 97 119 82 96 184 83 43 239 0 0 0 51 0 0 0 0 0 0 6 0 51 5 3 1 0 0 0 1 0 0 0 0 0 0 0 0 0 0 0 0 0 0 0 0 0 0 0 0 0 0 0 0 0 0 0 0 0 0 0 0 0 0 0 0 0 0 0 0 0 5 7 68 37 26 8 13 0 27 32 38 0 0 2 9 14 44 3 0 0 0 0 0 0 0 12 12 0 12 0 0 14 8 1 23 0 5 3 1 2 0 0 0 0 0 0 0 0 0 0 0 0 0 0 0 0 0 0 0 0 0 0 0 0 0 0 0 0 0 0 0 0 0 0 0 0 0 0 0 20 34 10 14 10 0 6 35 13 22 36 46 12 10 12 36 11 22 0 0 11 0 0 7 0 0 33 7 0 0 0 0 0 6 23 0 10 0 21 6 0 0 0 0 0 0 0 0 0 0 0 22 10 1 0 0 0 0 0 0 0 0 62 0 1 11 1 0 0 0 0 0 0 0 0 0 0 0 0 0 0 3 0 0 13 0 0 9 0 0 
 0 3 0 0 0 0 0 0 0 3 0 0 0 0 0 0 0 0 0 0 0 0 0 0 0 0 0 0 0 0 2 6 0 0 0 0 3 0 2 0 164 43 335 64 111 328 88 35 42 243 126 0 40 125 309 43 149 366 147 59 0 0 0 0 0 0 0 1 0 0 0 0 105 0 0 0 0 0 0 1 0 0 0 0 0 0 0 0 0 0 0 0 0 0 0 0 0 0 0 0 0 0 0 0 0 0 0 0 0 0 0 0 0 0 0 0 19 0 0 0 0 2 1 11 37 18 9 14 1 25 37 8 0 0 32 0 10 10 6 2 0 0 0 0 0 0 28 0 0 0 0 0 0 7 1 0 0 0 39 25 0 0 0 4 0 0 0 0 0 1 0 0 0 0 0 0 0 0 0 0 0 0 0 0 0 0 0 0 0 0 0 0 0 0 0 0 0 0 0 0 2 5 23 16 1 6 18 18 10 3 5 9 0 7 23 4 34 19 3 0 45 0 0 4 0 0 20 0 0 0 0 0 0 19 40 0 0 10 25 0 0 0 0 0 0 0 0 0 0 0 0 8 0 0 1 0 0 0 0 2 0 0 3 65 2 0 0 1 0 0 0 0 0 0 0 0 0 0 0 0 0 0 5 0 26 0 0 8 0 0 
 0 0 0 0 0 2 0 0 0 0 0 0 0 0 0 0 0 7 0 0 6 41 75 12 77 33 204 8 11 3 3 3 3 3 3 3 70 5 4 3 256 66 170 67 208 32 224 296 79 142 97 40 0 135 98 37 48 78 354 57 0 0 0 0 0 0 0 0 0 0 1 0 0 0 0 0 0 0 0 0 0 0 0 0 0 0 0 0 0 0 0 0 0 0 0 0 0 0 0 0 0 13 15 9 0 14 0 0 0 6 0 0 0 0 0 5 14 5 0 0 0 1 0 0 2 0 11 14 18 24 0 19 1 0 58 0 18 0 3 0 0 0 0 0 0 0 0 0 0 0 0 0 0 0 0 13 0 0 20 19 0 0 0 0 0 0 0 0 0 0 0 0 0 6 0 0 0 0 0 0 0 0 27 0 0 6 0 0 0 20 56 6 1 0 0 0 0 0 0 0 1 0 24 16 1 6 18 17 21 14 5 0 0 2 20 16 28 1 0 0 0 0 0 0 0 0 0 0 0 0 0 0 0 0 0 0 0 0 0 0 0 0 0 0 0 0 0 0 0 0 0 0 0 0 0 0 0 0 0 0 0 0 3 0 1 1 2 2 0 0 0 0 0 23 0 0 0 0 0 0 0 5 0 0 25 0 0 0 0 0 
 0 0 0 0 0 2 0 0 0 0 0 0 0 0 0 2 0 0 0 0 0 0 0 3 63 0 3 0 0 63 1 0 81 0 3 0 0 0 0 0 71 448 334 114 94 46 269 114 115 153 119 125 135 0 369 136 187 47 323 195 2 61 4 0 0 6 7 8 0 0 2 0 12 1 2 4 0 0 9 8 0 0 1 0 0 0 0 0 0 0 0 0 0 0 0 0 0 0 0 0 0 0 0 11 8 9 0 0 0 0 11 0 0 0 0 0 0 0 0 0 15 7 10 17 8 21 13 28 12 26 0 0 0 8 4 0 10 11 11 17 3 1 0 0 0 19 8 10 0 1 9 0 12 0 27 1 0 1 17 7 1 0 0 0 0 0 0 0 0 0 0 0 0 0 0 0 0 0 0 0 0 0 0 1 0 0 0 0 0 0 0 19 0 0 0 0 0 11 0 0 10 11 8 1 1 8 0 30 8 10 0 11 33 6 10 29 10 0 0 11 0 8 2 1 4 0 0 1 0 0 0 0 3 5 2 0 0 4 18 0 0 0 0 0 0 0 0 0 0 0 0 2 0 2 0 0 0 0 0 0 0 0 0 63 0 10 2 0 0 0 0 0 0 0 0 5 0 0 0 0 0 0 0 0 0 0 0 0 1 0 
 0 0 0 0 0 0 0 0 0 2 0 0 0 0 0 0 0 0 0 0 0 0 0 0 31 64 0 0 0 0 0 62 0 0 0 0 0 0 0 0 42 142 293 134 82 166 113 357 76 145 82 309 98 369 0 232 139 49 347 90 0 0 0 0 0 4 0 0 0 0 0 0 31 0 0 0 0 0 0 3 0 0 0 0 0 0 0 0 0 0 0 0 0 0 0 15 0 0 0 16 0 0 0 0 0 0 0 0 0 0 0 0 0 0 0 0 0 0 0 0 0 10 31 20 0 11 0 20 12 20 0 1 25 4 19 13 0 19 0 11 8 0 0 0 0 0 0 0 0 0 0 0 5 0 0 0 0 0 7 11 0 0 0 0 0 0 1 0 0 0 5 0 0 0 0 0 0 0 0 0 0 0 0 0 0 0 0 0 0 0 0 0 0 0 0 0 15 0 0 0 1 8 56 32 8 8 10 22 0 13 8 0 23 14 10 12 28 21 26 32 0 0 14 0 0 0 9 1 0 0 0 0 4 0 0 0 0 0 10 4 0 0 0 0 0 0 0 0 0 0 0 19 0 1 0 0 0 0 0 2 0 0 0 0 64 2 0 0 0 0 0 0 0 0 0 0 0 0 0 0 0 0 0 0 5 0 0 7 0 0 
 0 0 2 62 2 25 0 0 62 3 1 0 3 64 0 0 1 1 0 0 0 0 19 0 210 0 0 0 0 0 0 0 13 0 11 0 4 0 5 8 30 257 128 112 92 184 47 73 64 150 96 43 37 136 232 0 136 60 265 329 2 0 0 0 0 9 0 0 0 0 0 0 51 0 0 0 0 0 0 1 0 0 0 0 25 3 0 0 18 0 26 0 0 0 14 0 0 2 0 0 7 3 0 0 0 15 0 5 6 0 30 1 3 0 0 0 0 0 2 0 0 27 21 24 3 22 0 0 10 14 48 0 11 6 0 0 16 19 0 12 3 0 0 0 0 6 6 0 0 0 0 0 0 16 1 0 0 0 2 0 0 0 0 0 6 5 0 0 0 0 0 0 0 0 0 1 0 0 0 0 0 0 0 0 0 0 0 0 4 0 0 3 0 0 40 6 0 0 0 4 0 8 0 0 9 1 20 13 0 10 0 21 2 11 0 11 0 7 7 10 1 0 0 1 0 0 21 5 0 0 0 0 7 0 17 0 0 0 28 0 0 0 3 0 0 0 0 0 0 0 0 20 0 2 0 0 0 0 0 0 0 0 0 0 2 1 0 0 1 0 0 0 0 0 0 0 0 0 0 0 0 0 0 0 1 15 0 21 0 0 
 7 0 0 0 0 0 0 0 5 3 0 0 3 0 0 0 9 0 0 0 0 68 0 0 0 0 0 0 0 0 0 0 1 0 0 0 0 0 3 0 95 277 193 235 174 124 94 83 102 175 184 149 48 187 139 136 0 72 170 32 3 10 4 0 0 0 8 9 0 0 3 0 35 1 3 3 0 0 27 5 0 0 0 0 0 0 0 0 0 0 0 0 0 0 0 0 0 0 0 0 0 0 0 0 0 0 0 0 0 0 0 0 0 0 0 0 0 0 0 0 0 0 0 19 19 2 0 15 4 12 15 9 35 0 30 1 1 11 0 0 6 1 0 0 0 8 3 4 0 1 7 0 44 0 4 1 0 1 22 71 0 0 0 7 6 0 0 0 0 0 0 0 0 0 0 0 0 0 0 0 0 0 0 0 0 0 0 0 0 0 0 0 0 0 0 0 0 0 0 0 0 10 6 21 1 10 31 13 0 18 19 8 2 17 20 3 22 33 18 14 0 6 2 1 4 24 12 0 0 0 0 0 14 19 2 0 0 4 6 11 0 0 0 0 0 0 0 0 0 0 0 11 1 0 0 0 0 0 0 16 0 0 0 17 64 10 0 0 0 1 0 0 0 0 0 11 0 0 0 0 0 0 0 0 5 11 0 8 0 0 
 0 0 0 3 0 2 0 0 0 0 0 0 33 0 0 0 0 0 0 0 3 3 3 4 66 34 3 5 66 3 3 11 5 9 4 3 4 3 3 3 138 131 60 166 107 127 33 38 310 262 83 366 78 47 49 60 72 0 97 64 4 0 1 5 0 80 53 0 3 51 0 5 48 0 6 0 3 1 45 2 0 20 0 0 0 0 0 0 0 0 0 0 0 0 0 0 0 0 0 0 0 0 0 1 1 0 0 0 0 0 0 0 0 0 0 0 0 0 0 0 0 6 11 47 0 25 0 6 60 13 49 26 2 0 9 0 20 0 1 7 32 0 0 0 0 0 4 0 0 0 44 0 0 0 20 0 0 0 3 9 0 0 0 16 0 0 0 0 0 0 0 0 0 0 0 0 0 0 0 0 0 0 0 0 0 0 0 0 0 0 0 0 0 0 0 0 0 0 0 0 4 11 0 0 8 7 4 0 0 20 0 24 3 10 6 19 11 19 5 0 0 0 0 0 0 0 0 4 0 0 19 0 0 18 13 0 0 0 19 12 0 0 0 0 0 0 0 0 0 0 0 8 0 0 0 0 0 0 0 26 0 0 0 1 5 0 4 0 0 0 6 0 0 0 0 0 0 0 0 0 0 0 10 0 6 41 0 0 0 0 
 0 0 0 0 0 0 4 0 0 0 0 0 0 0 0 0 0 0 0 0 0 70 0 1 75 61 0 0 0 0 63 0 0 0 0 65 29 0 4 0 26 168 90 71 64 52 30 69 55 59 43 147 354 323 347 265 170 97 0 246 5 0 0 3 0 0 0 1 1 0 4 0 1 0 0 0 0 3 1 0 0 0 0 0 0 0 0 0 0 0 0 0 0 0 0 0 0 0 0 0 0 13 3 0 0 23 0 13 0 0 0 0 0 0 0 0 15 13 0 0 10 0 0 0 0 0 0 57 1 0 0 15 11 27 1 0 10 10 0 13 5 0 0 0 0 1 0 0 22 0 2 5 0 0 3 0 6 0 0 0 0 0 0 0 0 0 0 0 0 0 0 0 6 8 0 0 0 0 0 0 0 0 4 0 0 0 0 0 0 4 19 10 0 0 0 0 0 0 0 0 12 20 0 9 0 0 19 24 13 1 0 0 11 20 11 23 13 15 5 16 0 1 0 5 0 0 0 0 4 0 0 1 0 0 0 51 0 0 0 0 0 0 0 0 0 0 0 0 0 0 0 7 0 0 0 0 0 0 0 0 0 0 1 0 0 1 15 0 0 0 0 0 0 0 0 28 0 0 0 0 0 0 0 0 0 0 0 0 0 0 
 4 2 2 5 2 5 2 2 2 8 2 2 2 2 73 2 2 2 2 2 0 1 0 0 3 0 0 0 9 4 21 2 0 0 0 0 0 0 0 0 146 72 127 48 158 60 249 47 215 285 239 59 57 195 90 329 32 64 246 0 0 0 0 0 0 0 0 0 0 0 6 0 0 0 0 0 0 0 0 0 0 0 0 0 0 0 0 0 0 0 0 0 0 0 0 0 0 0 0 0 0 0 0 2 3 14 0 0 0 12 0 0 0 11 0 0 0 0 0 0 1 19 18 0 0 10 0 12 10 19 0 34 8 13 27 10 23 2 9 11 2 0 0 0 0 0 0 0 0 0 0 0 11 0 8 0 0 0 1 0 6 0 0 0 11 0 0 12 0 0 0 0 0 0 0 0 0 0 0 0 0 0 0 4 4 2 0 0 0 11 1 0 0 0 0 0 0 1 0 22 44 44 1 15 21 0 38 36 20 12 5 0 16 12 11 45 16 9 9 1 0 0 0 0 0 0 0 0 0 0 0 0 0 0 0 0 0 0 0 0 0 0 0 0 0 0 0 0 0 0 0 0 0 1 0 0 0 0 2 0 0 0 0 2 1 2 2 0 0 0 0 0 0 0 0 0 0 0 0 0 0 10 1 0 0 0 0 0 1 9 
 6 3 3 5 3 5 3 3 3 39 3 3 5 3 3 3 3 3 3 3 0 0 0 0 27 0 0 0 0 0 0 0 0 0 0 0 2 0 0 0 0 8 0 5 0 2 0 2 8 7 0 0 0 2 0 2 3 4 5 0 0 80 135 69 57 46 107 112 91 77 50 15 51 96 117 83 176 135 262 95 0 0 0 0 0 0 0 0 0 0 0 0 0 0 0 0 0 0 0 6 0 0 0 0 0 0 0 0 0 0 0 0 0 0 0 0 0 0 0 0 0 0 7 0 0 0 0 0 0 0 11 0 0 0 0 0 7 0 0 0 0 0 15 5 14 0 0 9 15 3 1 0 0 0 0 9 0 0 0 1 0 0 0 0 0 0 0 0 0 0 0 0 0 0 0 0 0 0 0 0 0 0 0 0 0 0 0 0 0 0 0 0 0 0 0 0 0 0 0 0 0 0 0 0 3 0 0 0 0 0 0 19 0 0 0 0 0 0 0 0 9 1 19 2 9 16 9 2 33 0 15 11 5 0 0 16 0 7 1 0 7 0 4 0 0 0 0 0 0 0 0 0 0 0 9 0 0 0 0 0 0 0 40 0 0 0 4 2 0 0 1 0 56 23 3 2 0 0 0 0 0 0 0 0 0 3 0 0 0 0 
