 0 101 196 166 505 233 87 124 145 124 37 79 46 36 157 237 90 71 262 200 0 0 1 0 0 3 1 0 31 2 18 26 0 0 0 0 0 5 0 2 0 0 0 0 0 0 3 3 2 0 0 3 0 0 0 2 0 3 0 0 0 0 3 0 0 0 3 3 0 3 0 0 0 0 0 0 0 0 3 0 30 37 7 13 14 13 20 44 0 12 0 0 14 26 18 15 0 0 19 1 0 0 0 0 0 0 0 0 0 0 0 0 1 0 0 0 0 0 0 1 0 0 0 0 0 0 0 0 0 0 0 0 2 0 0 0 0 0 0 0 0 0 0 0 0 0 1 0 0 0 0 0 2 0 0 0 0 0 2 1 0 0 25 0 0 14 17 30 19 2 0 46 0 0 12 29 8 0 15 0 0 0 0 0 0 0 0 0 0 0 1 0 10 0 0 0 0 0 0 0 0 1 0 0 0 0 0 0 0 0 23 0 0 0 0 0 0 0 0 0 0 1 0 0 0 0 0 0 0 0 0 0 0 0 0 0 0 0 0 0 0 0 0 0 0 2 0 0 91 2 1 7 0 4 0 0 0 0 0 0 0 0 0 0 0 0 0 0 0 0 0 0 0 0 0 0 0 0 0 0 0 0 0 0 0 0 0 17 0 0 
 101 0 263 145 177 37 135 71 354 151 35 24 359 144 560 129 198 26 47 236 0 2 2 0 0 3 0 2 0 3 0 0 0 0 2 0 0 3 30 2 0 0 0 0 0 0 3 5 3 0 0 5 0 0 0 2 0 3 0 0 7 0 2 0 0 0 3 3 0 3 0 0 0 0 0 0 0 0 1 0 65 0 10 0 9 0 1 24 37 55 42 15 15 40 36 11 18 0 12 31 0 0 0 0 0 0 4 0 1 19 0 0 0 0 0 0 0 0 0 0 0 0 0 0 0 0 0 0 0 0 0 0 0 0 0 0 0 0 0 0 0 0 0 21 0 0 0 0 0 0 0 0 0 1 0 0 0 0 19 0 31 0 11 0 0 0 19 6 15 1 33 0 0 21 16 25 7 2 6 18 2 0 0 2 0 0 17 0 0 0 1 0 2 0 0 0 0 0 9 0 0 0 0 0 29 0 0 0 0 0 0 0 0 0 0 0 0 0 0 0 0 0 0 0 0 0 0 2 0 0 0 0 0 0 0 2 1 0 0 0 0 0 0 0 0 4 0 0 0 1 0 13 0 0 0 0 0 0 0 0 0 0 0 0 0 0 0 0 0 0 0 0 0 0 0 3 11 0 0 0 0 0 0 0 0 0 0 0 0 0 
 196 263 0 91 64 143 80 166 82 68 142 135 136 45 132 99 67 478 23 45 0 1 0 0 0 72 0 0 208 3 0 0 153 0 0 2 0 3 2 1 0 0 0 0 0 0 3 3 5 2 0 9 0 2 0 2 6 3 0 0 0 83 2 0 0 0 3 3 2 3 0 0 2 0 2 53 0 0 2 0 28 0 43 0 25 14 33 37 0 11 0 9 0 0 22 0 9 30 19 13 14 0 1 2 0 0 11 2 0 0 0 0 19 15 0 0 0 0 11 23 0 0 0 0 0 0 0 0 0 0 0 0 1 0 0 0 0 0 0 0 0 0 0 0 0 0 0 0 0 0 2 0 1 0 0 0 1 0 0 0 1 18 0 19 11 0 0 0 1 30 0 31 10 0 0 11 24 41 13 0 10 0 0 0 2 0 20 16 0 0 0 0 48 16 0 0 0 0 40 27 0 0 0 0 0 0 0 0 0 0 0 0 0 2 0 0 0 0 0 0 0 0 0 0 0 0 0 0 0 0 0 0 0 0 0 0 0 0 0 1 0 11 0 0 1 2 8 0 0 2 0 0 0 1 0 0 0 0 0 0 0 0 0 0 0 0 0 0 0 0 0 0 0 0 0 19 15 28 0 0 0 0 0 0 0 0 0 0 0 0 
 166 145 91 0 396 38 341 156 66 237 83 205 141 386 67 155 204 269 170 169 1 0 0 0 0 6 3 0 0 6 0 0 73 2 74 0 0 3 74 1 0 2 0 2 0 0 3 3 3 0 2 5 0 2 2 2 0 3 0 0 0 2 2 0 28 0 4 3 2 3 0 0 0 0 0 0 3 0 0 0 9 36 0 0 32 30 0 0 1 38 23 18 2 18 0 8 0 28 0 35 0 0 0 10 0 0 0 0 0 14 0 0 1 1 0 0 0 0 15 14 0 0 0 0 0 0 0 0 0 0 0 0 0 0 0 0 0 0 0 0 0 0 0 0 0 0 0 0 0 0 0 0 0 0 0 0 0 0 0 0 11 31 8 14 0 18 10 23 3 12 11 13 0 16 36 0 38 11 10 0 0 0 1 0 0 0 15 21 0 0 0 0 7 7 13 0 0 0 1 1 0 0 0 0 17 0 0 0 0 0 0 35 0 0 1 0 0 0 0 0 0 0 0 2 0 0 0 0 0 0 0 0 0 1 0 0 0 0 0 0 0 0 0 0 0 0 85 2 3 1 0 0 0 0 0 0 0 0 0 0 0 0 1 0 0 0 0 0 0 0 0 0 0 0 0 25 0 0 0 0 0 0 0 0 0 0 0 0 0 0 
 505 177 64 396 0 79 61 68 169 217 166 95 68 69 172 171 118 221 83 183 0 0 0 0 0 3 1 0 0 4 0 0 73 0 3 0 2 3 82 0 0 0 0 0 0 0 5 2 2 0 0 3 0 0 0 2 29 3 0 0 0 0 3 0 0 0 3 3 0 5 0 0 0 0 0 0 0 0 3 0 20 17 12 0 33 17 0 0 31 3 19 31 15 34 0 22 16 25 0 1 1 14 0 0 0 0 12 0 0 0 0 0 9 0 0 0 0 0 11 27 1 0 2 0 0 0 0 0 0 0 0 0 1 0 2 0 0 0 2 0 0 0 0 7 0 0 0 0 0 0 0 0 5 0 0 0 3 0 0 0 0 19 30 2 10 12 21 21 0 54 17 38 0 0 17 10 52 22 0 0 40 10 14 0 0 2 39 52 0 0 0 2 23 8 11 0 0 0 21 19 0 0 0 0 0 0 0 0 0 0 0 0 0 0 0 0 2 0 0 0 0 0 0 0 0 0 0 0 0 1 0 0 0 0 0 0 0 0 0 0 0 0 0 0 0 3 5 1 101 95 3 7 0 0 0 0 0 0 0 0 0 0 0 0 0 0 0 0 0 0 0 0 0 0 0 19 0 18 0 0 0 0 0 0 0 0 0 0 0 0 
 233 37 143 38 79 0 28 69 45 206 224 591 45 132 64 171 53 371 56 263 0 0 0 0 0 3 2 0 0 3 0 0 4 96 37 1 0 3 74 77 0 0 0 0 0 0 3 3 3 0 0 6 0 0 0 2 0 3 0 0 1 0 2 0 0 0 3 3 0 3 0 0 0 0 2 0 0 0 0 0 0 0 10 14 10 22 0 0 0 3 0 0 0 0 1 11 8 13 0 0 24 19 0 0 2 0 23 3 0 0 0 0 0 10 0 0 1 0 41 39 0 0 2 0 0 0 0 0 0 0 0 0 1 0 0 0 0 0 0 0 0 0 0 6 0 0 0 1 0 0 0 0 4 0 0 0 11 0 0 9 0 14 1 13 42 0 12 0 2 0 1 19 0 0 0 0 1 24 0 0 47 17 10 0 0 2 0 15 0 0 0 2 27 15 31 1 1 0 38 39 0 0 0 0 0 0 0 0 26 2 0 0 0 0 0 0 0 0 0 0 0 0 0 0 0 0 0 0 0 0 0 0 0 0 0 0 0 0 0 0 0 1 0 0 0 6 2 0 6 88 13 13 10 0 0 0 0 0 0 0 0 0 0 0 0 0 0 0 0 0 0 0 0 0 0 0 10 15 0 10 0 0 0 0 0 0 0 0 0 0 
 87 135 80 341 61 28 0 406 143 111 138 28 238 54 60 58 550 31 373 422 0 0 2 0 0 5 4 0 0 5 0 0 0 2 1 0 0 3 0 1 0 2 0 2 0 0 3 3 23 21 2 5 0 2 2 14 1 3 0 0 0 2 2 0 0 0 3 64 2 3 0 0 0 59 0 0 2 0 0 7 21 24 18 0 0 0 15 1 0 12 0 0 10 12 14 0 0 15 0 20 0 0 0 0 0 0 0 0 0 0 0 0 0 0 0 0 0 0 0 0 0 0 10 0 0 0 0 0 0 0 0 0 0 0 0 0 0 0 0 0 0 0 0 13 0 0 10 0 0 0 0 0 0 2 0 0 0 0 0 0 29 0 0 20 0 0 0 0 2 1 0 0 0 0 0 0 0 0 13 14 1 0 13 0 0 0 0 0 0 0 0 0 0 0 0 0 4 0 0 0 0 0 0 0 0 0 0 0 0 0 0 0 0 0 0 0 0 0 0 0 0 0 0 0 0 0 0 0 0 0 0 0 0 0 1 1 0 0 0 0 0 0 0 0 0 2 0 0 0 0 0 15 0 0 0 0 0 0 0 0 0 0 62 0 0 0 0 20 0 0 0 0 0 0 0 0 0 0 0 0 0 0 0 0 0 0 0 0 0 0 
 124 71 166 156 68 69 406 0 232 35 131 46 428 161 204 184 119 205 70 126 0 0 0 0 0 3 1 0 0 2 0 0 74 0 0 0 0 3 0 1 0 0 0 0 0 0 3 2 2 0 0 7 0 0 0 2 3 3 0 0 0 2 3 0 1 0 3 3 0 3 0 0 0 2 5 0 0 0 3 0 31 17 19 9 2 24 19 29 0 21 37 23 10 33 13 2 0 2 8 15 7 23 0 0 0 0 12 0 0 0 0 0 7 10 0 0 0 0 0 14 0 0 0 0 2 1 0 0 0 0 0 0 0 0 0 0 0 1 0 0 0 0 0 0 0 1 0 0 0 0 20 0 0 0 0 0 0 0 0 0 0 37 16 34 0 0 0 6 14 18 13 0 12 17 9 20 1 29 30 0 23 0 0 0 0 0 0 0 0 0 0 0 0 14 0 0 0 0 2 0 0 0 0 0 0 0 0 0 0 0 0 0 0 0 0 0 0 0 0 0 16 0 0 0 0 0 0 0 0 0 0 1 0 0 0 0 0 0 0 0 0 10 0 0 0 0 87 0 0 3 0 0 11 0 0 0 0 0 0 0 0 0 8 0 0 0 0 0 0 0 0 0 0 0 0 0 0 0 0 0 0 0 0 0 0 0 0 0 0 0 
 145 354 82 66 169 45 143 232 0 185 138 43 206 197 173 38 137 153 93 195 0 0 0 0 2 3 0 1 0 3 0 0 0 3 1 2 3 3 4 3 3 0 2 0 3 0 6 3 3 0 2 3 0 2 0 2 3 3 0 0 10 2 2 0 0 0 2 4 0 3 3 0 0 0 6 0 0 0 0 0 44 2 2 20 16 10 0 22 29 29 29 15 0 34 23 24 38 10 0 63 6 0 0 0 0 0 0 13 0 0 0 0 0 2 0 0 0 0 0 2 0 0 0 0 1 2 0 0 0 0 0 0 0 0 0 1 0 0 0 0 0 0 0 0 0 1 0 0 0 0 0 0 1 0 0 0 0 0 0 0 25 20 0 45 0 0 9 31 0 0 46 12 0 20 21 15 16 9 22 0 0 0 0 0 0 0 0 4 0 0 0 0 18 0 0 16 9 0 0 28 0 0 0 0 0 13 0 0 0 0 0 0 0 0 0 0 0 0 0 0 0 0 0 0 0 0 0 0 0 0 0 1 0 0 0 0 0 0 0 0 0 20 0 0 0 0 0 2 94 0 10 13 0 0 0 0 0 0 0 0 0 0 0 0 0 0 0 0 0 0 0 0 0 0 0 14 0 0 0 0 0 0 0 0 0 0 0 0 0 0 
 124 151 68 237 217 206 111 35 185 0 169 140 32 518 474 105 119 119 132 195 4 0 1 4 0 3 1 0 4 2 1 4 0 6 2 75 0 6 9 5 2 0 3 0 0 0 3 11 6 4 0 10 0 2 0 2 3 3 4 0 6 0 3 6 0 0 3 3 0 4 2 4 0 0 7 8 35 1 3 4 11 0 18 27 26 18 0 1 32 20 16 27 25 36 0 13 17 0 0 19 0 2 0 0 0 2 14 11 0 0 0 0 3 10 1 11 0 0 21 11 0 0 0 0 0 0 1 0 2 0 0 0 0 0 0 0 0 0 0 0 0 0 0 0 0 0 0 0 0 0 0 0 0 0 0 0 0 0 0 0 21 26 36 0 0 0 19 11 23 0 18 0 0 0 0 12 5 18 9 0 30 0 0 0 0 0 0 1 0 0 0 0 0 9 0 0 0 0 11 16 0 0 0 0 0 0 0 0 1 0 0 0 0 0 0 0 0 2 0 0 0 30 0 1 0 0 0 0 0 0 0 1 1 0 0 0 0 0 0 0 0 0 0 0 0 0 0 0 2 14 0 2 12 0 0 0 0 0 0 0 0 0 0 0 0 0 1 0 0 0 0 0 0 0 0 9 18 0 0 0 0 0 0 0 0 0 0 0 0 0 
 37 35 142 83 166 224 138 131 138 169 0 305 42 191 172 204 227 99 121 168 0 0 0 0 4 7 8 0 0 8 2 2 1 4 1 0 2 3 5 1 0 4 0 68 6 3 3 3 3 3 4 7 0 3 4 2 0 4 0 0 4 2 2 0 0 0 3 3 4 9 2 0 0 0 0 5 6 0 1 0 20 2 8 1 13 0 16 1 0 42 22 8 11 16 21 0 12 22 0 18 0 19 0 0 0 0 0 0 0 0 0 0 0 1 1 0 0 0 11 0 0 0 0 0 0 0 0 1 0 0 0 0 0 0 0 0 0 22 0 2 14 0 0 1 0 0 0 0 0 0 0 0 3 0 0 0 2 0 0 0 0 10 1 7 13 0 19 6 17 27 0 9 10 0 10 0 4 11 13 19 7 0 0 0 0 0 1 0 0 0 0 0 24 0 13 0 0 0 7 1 0 0 0 0 20 0 0 0 0 0 0 0 2 0 0 0 0 0 0 0 0 0 0 0 0 0 0 0 0 0 1 0 0 0 0 0 0 0 0 0 0 0 0 0 0 0 91 0 5 0 2 6 0 0 0 0 0 0 0 0 0 0 0 0 0 0 0 0 0 0 0 0 0 2 0 0 0 10 0 0 0 0 0 0 0 0 0 0 0 0 
 79 24 135 205 95 591 28 46 43 140 305 0 36 68 30 336 131 85 107 118 74 0 0 0 0 5 75 0 0 3 0 0 1 19 17 146 0 3 44 152 0 0 0 0 54 5 3 3 3 0 0 3 0 0 0 2 0 3 1 0 0 0 2 0 0 0 2 3 0 3 0 0 0 0 0 0 0 0 0 0 0 0 0 30 34 1 8 0 9 0 23 28 12 16 0 0 7 9 16 0 0 9 23 15 0 0 0 13 16 14 0 0 0 14 10 1 17 19 41 1 0 0 0 0 1 0 0 0 0 0 0 0 0 0 0 0 0 2 0 0 0 0 0 2 12 2 0 0 0 0 0 0 0 0 0 0 0 17 0 0 0 11 21 1 40 0 22 11 18 15 0 0 0 0 0 0 8 14 0 0 1 32 0 0 0 0 14 31 8 0 0 0 0 28 27 0 3 2 0 40 0 0 0 0 0 0 0 0 9 0 0 0 0 0 0 0 0 11 0 0 0 0 0 0 0 0 0 0 0 0 0 2 0 0 0 0 0 0 0 0 0 0 0 0 0 1 97 0 0 1 2 2 0 0 0 0 0 0 0 0 0 0 0 0 0 0 0 0 0 0 0 0 0 0 0 0 14 0 0 0 0 0 0 0 0 0 0 0 0 0 
 46 359 136 141 68 45 238 428 206 32 42 36 0 61 385 306 130 130 202 83 1 0 0 1 0 3 0 0 0 3 0 0 0 0 2 0 0 7 1 1 1 0 0 0 0 0 5 3 3 0 0 3 0 0 0 2 0 3 33 1 12 0 2 0 0 0 3 3 4 3 0 0 0 0 0 0 0 0 1 0 18 0 18 0 0 0 21 36 14 18 53 0 1 1 55 0 18 0 38 28 0 0 0 0 10 0 0 0 0 0 0 0 0 0 0 0 0 0 0 0 0 0 0 0 0 0 0 4 0 0 0 0 0 0 0 0 0 0 0 0 0 0 0 0 2 0 0 0 0 0 0 0 0 0 0 2 0 0 2 0 0 1 0 11 0 0 34 8 2 16 0 0 25 0 12 3 0 23 19 28 0 0 0 0 0 0 0 0 0 0 0 0 0 0 0 0 0 0 0 0 0 0 0 0 0 0 0 0 0 0 0 0 0 0 1 0 0 0 0 0 0 0 0 1 0 0 0 0 0 0 0 0 0 2 0 22 13 0 0 0 0 0 0 0 0 0 0 1 0 0 2 8 0 0 0 0 0 0 0 0 0 0 0 0 0 0 0 0 0 0 0 0 0 0 0 0 12 0 0 0 0 0 0 0 0 0 0 0 0 0 
 36 144 45 386 69 132 54 161 197 518 191 68 61 0 480 131 125 48 110 104 1 0 0 0 0 3 0 2 0 3 1 35 4 0 1 0 0 3 75 31 0 6 0 39 0 0 3 3 3 0 0 3 0 4 0 2 0 3 0 0 4 0 2 0 6 0 3 3 0 3 0 0 0 0 13 0 0 0 0 0 14 26 12 0 35 3 1 11 19 18 108 39 30 16 0 26 13 34 0 20 0 0 0 0 0 0 15 0 0 0 0 18 0 15 0 0 0 0 0 0 0 0 8 0 0 0 0 21 0 0 0 0 0 0 0 0 0 0 0 0 0 0 0 0 0 0 0 0 0 0 0 0 0 0 0 0 0 0 0 0 22 24 23 6 0 0 38 49 34 0 15 9 3 19 0 0 15 2 4 0 0 0 0 0 0 0 21 0 11 0 0 0 0 0 0 0 0 0 0 0 0 0 0 0 21 0 0 0 0 0 0 0 0 0 0 0 0 0 0 0 0 0 0 0 0 0 0 0 0 0 0 0 0 0 0 0 0 0 0 0 0 0 0 0 0 0 88 0 4 1 0 0 35 0 0 0 0 0 0 0 0 0 1 0 0 0 0 0 0 0 0 0 0 0 0 1 1 0 0 0 0 0 0 0 0 0 0 0 0 0 
 157 560 132 67 172 64 60 204 173 474 172 30 385 480 0 221 103 104 82 138 2 0 0 0 0 5 4 0 0 7 1 2 74 2 0 0 0 3 26 4 0 2 0 2 0 0 3 10 3 0 2 71 0 2 2 2 0 3 0 0 8 4 5 2 2 1 3 3 2 5 1 1 2 2 0 1 3 5 1 1 4 0 40 16 9 0 20 33 24 23 16 1 1 1 28 1 11 1 18 34 10 0 0 0 14 0 11 0 1 0 0 0 31 0 0 0 0 0 0 36 0 0 0 0 0 0 0 0 0 0 0 0 0 0 0 0 0 0 0 0 0 0 0 0 0 0 0 0 0 0 0 0 0 10 0 0 0 0 0 0 34 0 0 14 0 0 17 26 13 22 1 0 13 0 1 4 8 22 29 0 0 0 0 1 0 0 17 0 0 0 0 0 1 16 0 0 0 0 9 0 0 0 0 0 20 0 0 0 0 0 0 0 0 0 0 0 0 0 0 0 0 0 0 0 0 0 0 0 0 0 0 0 0 0 1 1 0 0 0 0 0 9 0 0 0 2 88 0 0 5 0 8 0 0 2 0 1 0 0 0 0 0 17 0 0 0 0 0 0 0 0 0 0 0 0 12 11 0 0 0 0 0 0 0 0 0 0 0 0 0 
 237 129 99 155 171 171 58 184 38 105 204 336 306 131 221 0 71 130 253 67 0 0 0 0 0 3 0 0 0 3 0 0 1 20 2 0 0 3 0 0 0 0 0 0 0 0 3 3 3 0 0 4 0 0 0 2 0 3 0 0 0 0 2 0 0 0 3 3 0 3 0 0 0 0 0 0 1 0 1 0 0 16 7 41 44 0 15 8 0 0 0 0 0 0 11 0 9 3 17 14 0 0 0 0 0 0 0 11 0 0 0 0 0 13 1 0 0 0 34 10 0 0 0 0 1 0 0 0 0 0 0 0 0 0 0 0 0 0 0 0 9 0 0 1 0 13 0 0 0 0 0 0 5 0 0 0 0 0 0 0 4 7 0 7 0 0 5 9 1 22 0 26 10 0 0 13 26 17 16 0 17 0 0 0 0 0 0 12 0 0 0 0 15 11 0 0 0 0 11 30 0 0 9 0 0 0 0 0 0 0 0 0 0 36 12 0 0 0 0 0 0 0 0 0 0 0 0 0 1 0 0 1 0 0 0 0 0 0 0 0 0 0 0 0 0 1 17 0 1 13 1 7 0 0 0 0 0 0 0 0 0 0 18 0 0 0 0 0 0 0 0 0 0 0 0 0 27 20 0 0 0 0 0 0 0 0 0 0 0 0 
 90 198 67 204 118 53 550 119 137 119 227 131 130 125 103 71 0 54 48 218 0 0 0 2 0 3 0 0 0 3 2 0 0 0 2 0 0 3 2 0 0 0 0 0 0 0 3 3 3 0 0 3 0 0 0 2 0 3 0 0 1 0 2 0 0 0 3 3 0 3 0 0 0 32 0 0 0 0 1 0 26 60 0 15 20 28 6 0 31 34 14 19 14 50 1 10 13 59 0 36 1 0 0 0 2 0 0 0 0 0 1 0 0 8 0 0 0 1 0 0 0 0 0 0 0 0 0 0 0 0 0 0 0 0 0 0 0 0 0 0 0 0 0 0 0 0 0 0 0 0 0 2 0 0 0 0 0 0 0 0 1 19 43 13 0 13 19 17 27 20 19 53 14 10 50 15 13 12 3 18 0 0 0 0 0 0 0 0 0 15 0 0 0 0 0 0 0 0 0 8 0 0 0 0 21 2 0 0 0 0 0 0 0 0 0 0 0 0 0 0 0 0 0 0 0 2 0 0 0 0 0 0 0 0 0 0 0 1 0 16 0 0 0 0 0 2 3 1 87 1 1 8 0 2 0 12 0 0 0 0 0 0 0 0 0 0 0 0 0 0 0 0 0 0 0 1 0 0 0 0 0 0 0 0 0 0 0 0 0 0 
 71 26 478 269 221 371 31 205 153 119 99 85 130 48 104 130 54 0 42 43 0 0 0 0 2 5 0 0 0 3 0 1 0 3 75 0 2 4 20 77 3 0 2 0 1 0 6 3 2 0 0 3 0 2 0 2 7 3 0 0 0 0 2 0 0 0 4 6 0 3 3 0 0 0 5 0 0 0 2 0 32 9 7 15 5 20 0 20 1 1 0 2 0 0 0 28 18 18 10 0 20 0 0 0 0 0 15 0 0 0 0 0 17 14 0 0 2 0 2 0 0 0 0 0 0 0 0 0 0 0 0 0 0 0 0 1 0 0 0 1 0 0 0 5 0 0 0 0 0 0 0 0 10 0 2 0 16 2 0 0 0 17 0 50 89 0 0 0 1 0 15 28 0 0 0 0 23 48 3 16 13 0 0 0 0 0 2 13 0 0 0 0 44 0 18 15 13 0 49 25 0 0 0 0 0 0 0 0 0 0 0 0 0 0 0 0 0 0 0 0 8 0 0 0 0 0 0 0 0 0 0 0 0 0 0 0 0 0 0 2 0 0 0 0 0 0 86 0 1 86 22 15 16 0 0 0 0 0 0 0 0 0 0 0 0 0 0 0 0 0 0 0 0 0 0 0 0 20 0 0 0 0 0 0 0 0 0 0 0 0 
 262 47 23 170 83 56 373 70 93 132 121 107 202 110 82 253 48 42 0 307 0 0 77 0 1 3 0 0 0 3 3 0 3 0 2 0 1 3 0 2 0 2 3 0 0 0 4 3 3 3 0 3 0 0 0 2 2 3 0 0 0 0 2 0 0 0 3 5 0 3 0 0 58 1 0 3 0 0 1 0 12 7 2 0 23 0 0 10 26 1 19 19 46 15 0 29 0 0 0 0 0 0 0 0 0 0 0 0 0 0 0 0 0 0 0 0 0 0 0 0 0 0 0 0 0 0 0 1 0 0 0 0 0 2 0 0 0 0 0 2 0 0 0 0 0 0 0 0 0 0 8 0 0 0 0 0 0 0 0 1 12 20 31 2 0 0 36 139 28 0 1 0 17 31 9 51 2 4 0 14 0 0 0 0 0 0 0 0 0 0 0 0 0 0 0 0 0 0 0 0 0 0 0 0 0 0 1 0 0 0 0 0 0 0 0 0 0 0 0 10 0 0 0 2 0 0 0 0 0 0 0 0 0 0 0 0 0 0 0 0 0 0 0 0 0 2 0 0 2 0 1 10 0 0 0 2 0 0 0 0 0 0 0 0 0 0 0 0 0 2 0 0 0 0 0 0 0 0 0 0 0 0 0 0 0 0 0 0 0 0 
 200 236 45 169 183 263 422 126 195 195 168 118 83 104 138 67 218 43 307 0 0 0 0 0 0 3 0 0 0 3 0 0 0 0 1 0 0 99 0 1 0 0 0 0 0 0 6 3 3 0 0 2 0 0 0 2 0 3 0 0 0 0 2 0 0 0 2 3 0 33 0 0 0 0 0 0 0 0 0 0 8 33 0 11 14 0 19 11 0 6 72 58 19 52 0 20 15 36 32 46 0 0 0 0 0 0 0 0 0 11 0 0 0 0 0 0 0 0 0 0 1 0 2 0 0 0 0 0 0 0 0 0 1 0 0 0 0 0 2 0 0 0 0 0 0 0 0 0 0 0 0 0 0 0 0 0 0 0 0 0 9 1 18 0 0 0 0 8 9 0 14 1 0 0 0 43 11 0 60 0 0 0 0 0 0 2 0 0 0 0 0 2 0 0 0 0 0 0 0 3 0 0 0 0 0 0 0 0 0 0 0 8 0 0 0 0 1 0 0 0 0 0 0 0 0 0 0 0 0 0 0 0 0 0 0 0 0 0 0 0 0 0 0 0 0 3 1 2 2 3 0 5 0 9 0 0 0 0 0 0 82 0 0 0 0 0 0 0 0 0 0 0 0 0 0 0 10 0 0 0 0 0 0 0 0 0 0 0 0 1 
 0 0 0 1 0 0 0 0 0 4 0 74 1 1 2 0 0 0 0 0 0 154 375 69 17 98 378 112 650 112 250 38 65 154 34 102 124 25 127 70 0 1 0 0 0 3 5 0 8 3 0 0 0 0 8 0 3 0 0 4 0 0 0 0 0 0 0 0 1 0 31 0 0 0 0 2 0 2 0 3 0 0 0 0 0 0 0 0 0 0 0 0 0 0 0 0 0 0 0 0 42 7 23 17 0 0 14 30 23 14 9 0 23 0 21 0 1 18 1 9 0 0 0 0 0 2 0 0 0 0 0 0 0 0 0 0 0 0 6 0 0 0 0 0 0 0 0 0 5 0 0 0 1 0 0 0 0 0 0 0 0 0 0 0 4 18 0 0 0 0 0 0 0 0 0 0 0 0 0 0 42 42 9 36 14 0 0 9 81 26 6 0 12 0 0 0 0 7 2 11 0 0 0 0 0 0 0 0 26 0 0 0 0 0 0 0 0 0 18 0 0 0 0 0 0 0 0 0 0 0 0 0 0 0 0 0 0 1 0 0 0 0 14 0 0 0 0 0 0 0 0 0 0 0 10 1 0 0 76 3 2 1 0 0 0 0 0 0 0 0 0 0 0 0 0 0 0 0 0 0 0 0 0 0 0 0 0 0 0 0 
 0 2 1 0 0 0 0 0 0 0 0 0 0 0 0 0 0 0 0 0 154 0 155 245 27 28 359 153 205 44 32 328 375 103 53 51 110 94 149 100 2 7 3 0 4 3 2 63 3 6 4 0 0 0 0 0 6 1 0 0 0 0 0 0 0 3 1 0 3 14 0 2 0 0 0 5 0 2 0 3 0 0 0 0 0 9 0 0 0 0 0 0 0 0 0 0 0 0 0 0 30 0 12 35 22 18 0 24 14 0 16 0 18 6 20 12 0 42 0 0 0 0 0 0 0 0 10 0 0 0 0 0 0 0 0 0 0 0 7 2 0 0 0 0 0 0 0 0 7 0 0 4 0 0 0 0 0 0 0 0 0 0 0 0 2 25 0 0 0 0 0 0 4 0 0 2 0 0 0 0 10 13 12 1 0 0 12 25 85 17 0 13 7 10 0 15 11 9 0 0 7 0 4 0 0 0 0 0 0 0 0 0 7 0 0 0 0 0 2 13 0 0 0 0 0 0 0 1 21 2 0 0 0 2 0 0 0 0 0 1 0 0 11 0 0 0 0 0 0 0 0 1 2 0 14 0 2 44 0 0 0 0 2 0 0 0 14 0 0 0 0 0 0 0 0 0 0 0 0 0 13 11 0 0 0 0 17 0 0 0 
 1 2 0 0 0 0 2 0 0 1 0 0 0 0 0 0 0 0 77 0 375 155 0 209 132 114 115 180 247 65 90 196 143 127 58 134 93 55 24 41 0 0 0 0 0 3 0 3 7 1 0 0 0 0 1 0 3 0 0 0 0 0 0 0 0 0 0 0 0 0 0 0 42 0 0 2 0 0 0 3 0 0 0 0 0 0 0 1 0 0 0 0 0 0 0 0 0 0 0 0 15 24 10 16 0 18 0 0 23 14 30 11 10 0 12 15 11 66 0 1 0 0 0 0 0 0 23 0 1 0 0 0 4 0 0 0 0 0 21 0 0 0 0 0 0 0 0 0 3 0 4 0 0 0 0 0 0 0 0 0 1 2 0 0 0 0 0 0 0 5 10 0 11 0 0 0 10 0 0 17 19 13 20 55 17 0 13 10 0 19 13 22 0 0 0 10 26 29 0 27 0 0 47 0 0 0 2 0 0 0 0 0 0 0 0 0 0 0 27 14 15 0 0 0 0 0 0 0 0 0 0 0 0 0 1 0 0 0 0 0 0 0 0 0 0 0 0 0 0 0 0 0 0 0 6 0 0 4 158 0 9 11 0 0 0 0 0 0 0 0 0 0 0 0 0 0 0 0 0 0 0 0 0 0 0 0 0 0 0 0 
 0 0 0 0 0 0 0 0 0 4 0 0 1 0 0 0 2 0 0 0 69 245 209 0 84 34 317 99 165 261 186 201 164 264 61 64 202 169 113 44 5 13 0 0 7 3 0 0 3 2 0 0 72 0 0 0 3 1 0 1 0 0 0 0 0 0 0 0 0 0 0 0 0 0 0 2 0 2 0 3 0 0 20 0 0 0 0 0 0 0 0 0 0 0 0 0 0 0 0 0 2 13 10 0 23 12 0 0 21 10 49 23 0 12 16 41 9 10 0 0 1 0 0 0 0 0 0 0 0 0 0 0 28 1 7 0 0 0 19 20 0 0 0 0 0 0 0 12 20 0 0 0 0 0 0 0 0 0 0 0 0 0 0 0 0 18 0 0 0 5 0 0 0 0 0 0 0 0 0 0 0 21 0 5 5 10 22 4 0 75 1 35 0 0 1 26 23 54 0 1 8 0 10 0 0 0 9 0 15 14 0 0 10 0 0 0 0 0 0 11 0 0 0 0 0 0 0 0 0 0 0 0 0 0 0 0 0 0 0 0 0 0 0 0 0 0 0 0 0 0 0 0 0 0 20 1 0 44 76 4 11 17 0 0 0 0 0 0 0 0 0 0 0 0 0 0 0 0 0 0 0 13 0 0 0 12 0 0 0 0 
 0 0 0 0 0 0 0 0 2 0 4 0 0 0 0 0 0 2 1 0 17 27 132 84 0 100 95 45 56 116 88 126 78 157 76 77 119 130 285 150 62 0 0 5 0 3 32 65 78 2 2 0 63 0 64 2 3 2 86 0 0 0 0 0 0 0 0 2 0 0 0 0 0 2 0 5 0 4 0 3 2 0 0 0 0 0 1 0 0 22 0 0 0 1 0 0 0 0 0 0 0 0 0 4 85 1 0 8 18 9 35 21 0 0 0 13 33 0 0 0 61 32 2 9 6 0 10 10 1 0 2 15 12 8 0 0 0 0 8 25 12 0 0 0 0 0 2 0 0 0 0 0 3 0 7 0 0 0 0 0 0 0 1 1 0 0 0 0 0 3 0 0 0 0 22 0 0 0 0 0 0 6 0 2 0 0 0 0 0 12 10 15 0 0 14 1 7 9 0 0 14 0 21 0 13 0 0 37 14 0 8 0 7 0 36 0 0 11 3 16 0 0 0 0 0 0 0 0 0 0 0 0 0 0 0 0 2 0 0 0 0 0 0 0 0 0 0 0 0 0 0 0 0 0 3 0 0 1 80 0 8 0 0 0 0 0 0 0 0 0 0 0 0 0 0 0 0 0 0 0 0 0 3 2 0 0 0 0 0 0 
 3 3 72 6 3 3 5 3 3 3 7 5 3 3 5 3 3 5 3 3 98 28 114 34 100 0 71 252 43 174 149 133 27 55 48 75 121 71 40 46 0 0 0 1 0 3 6 62 9 10 63 0 213 54 66 50 66 24 208 128 0 0 2 0 0 0 1 0 0 1 0 0 0 0 0 2 0 0 5 3 0 0 0 0 0 0 0 0 0 0 0 0 0 0 0 0 0 0 9 0 0 0 0 9 13 0 0 1 15 20 11 25 0 0 0 0 16 1 0 0 0 30 0 11 0 0 12 9 18 0 0 0 42 0 10 13 20 0 2 45 22 0 0 0 0 0 0 0 0 0 0 0 0 0 4 0 0 0 0 0 0 0 0 0 0 0 0 0 0 0 0 0 0 0 0 0 0 0 0 0 9 1 1 13 22 22 0 0 1 0 11 11 0 0 0 0 0 1 0 10 30 18 0 0 0 0 0 9 2 25 11 0 16 16 9 20 16 23 27 0 0 0 0 0 0 0 0 0 0 0 0 27 0 0 0 0 0 0 0 0 0 0 1 0 0 0 0 0 0 0 0 0 0 0 7 0 0 4 2 1 8 0 0 62 0 0 0 0 0 0 0 0 0 0 0 0 0 0 0 0 0 0 0 0 0 1 0 0 0 0 
 1 0 0 3 1 2 4 1 0 1 8 75 0 0 4 0 0 0 0 0 378 359 115 317 95 71 0 210 140 153 190 40 205 153 193 44 171 98 119 105 0 6 0 0 0 5 2 0 3 14 0 0 12 2 3 0 3 204 21 7 0 2 2 0 0 0 0 0 9 0 0 0 0 0 0 6 0 3 1 7 0 0 0 0 0 0 0 0 0 0 0 11 0 0 0 0 0 0 0 0 3 14 17 29 0 0 23 41 12 36 12 7 2 30 13 1 10 17 36 9 0 0 0 0 0 0 0 0 0 0 0 0 0 0 0 0 0 0 8 0 0 0 0 0 0 14 0 0 0 0 0 0 0 0 0 0 2 0 0 0 0 0 0 0 7 18 0 0 0 0 0 10 2 0 0 0 0 1 0 0 14 7 19 47 4 0 8 0 29 11 47 22 0 19 42 14 12 11 12 38 0 0 0 0 0 0 0 0 0 0 14 0 0 0 2 0 0 0 23 0 0 0 0 0 0 0 0 0 0 0 0 0 0 0 0 0 0 0 0 0 0 0 8 0 0 0 0 0 0 0 0 0 0 0 0 2 2 0 1 0 1 2 0 2 0 0 17 0 0 0 0 0 0 0 0 0 0 1 0 0 0 9 0 0 0 0 0 0 0 0 
 0 2 0 0 0 0 0 0 1 0 0 0 0 2 0 0 0 0 0 0 112 153 180 99 45 252 210 0 359 287 20 296 108 256 58 317 273 122 90 88 5 10 0 0 7 3 0 0 3 4 0 0 0 0 0 0 3 0 0 0 0 0 0 0 0 0 0 0 0 0 0 1 0 0 0 2 0 3 0 3 0 0 0 0 0 0 0 24 0 0 0 0 0 0 0 0 0 0 0 0 8 22 19 11 18 0 18 23 44 26 27 11 0 20 21 37 26 18 18 9 0 0 0 0 0 0 0 0 14 1 0 0 1 0 0 0 0 0 11 1 0 0 0 0 0 0 0 0 0 0 0 0 0 0 0 0 0 0 0 0 0 0 0 0 4 22 0 0 0 0 0 0 0 0 0 0 0 0 0 0 1 1 0 27 46 1 19 6 65 40 26 25 0 8 4 24 27 34 11 13 1 0 0 0 0 0 0 0 0 0 0 0 0 0 19 0 0 0 7 0 0 0 0 0 0 0 0 0 0 0 0 0 0 0 0 0 0 0 0 1 0 0 0 0 0 0 0 0 0 0 0 0 0 0 15 0 1 52 0 0 0 9 0 0 0 0 0 0 0 0 0 0 0 0 0 0 0 0 0 0 0 29 0 0 0 0 0 0 0 0 
 31 0 208 0 0 0 0 0 0 4 0 0 0 0 0 0 0 0 0 0 650 205 247 165 56 43 140 359 0 174 280 152 173 91 70 204 171 203 293 215 0 0 0 0 0 4 0 0 4 2 0 0 62 0 0 0 3 0 0 0 0 0 0 0 0 0 0 0 0 0 0 0 0 0 0 2 0 1 0 3 0 0 0 0 0 16 0 0 0 2 0 0 0 0 0 0 0 0 0 0 35 11 50 11 11 51 0 0 26 0 0 17 7 0 21 14 0 40 2 0 0 0 0 0 0 0 6 0 0 0 0 0 19 0 6 0 1 0 1 14 0 0 2 0 0 0 0 0 24 0 0 0 0 0 0 0 0 0 0 0 0 0 0 0 8 0 0 0 0 0 0 0 4 0 0 0 0 0 0 0 1 11 8 22 1 21 11 9 18 14 57 23 18 0 0 0 8 47 0 12 0 0 0 8 0 0 7 0 9 11 0 0 49 11 0 0 11 0 19 0 0 0 0 0 21 0 0 0 0 0 0 0 0 0 0 0 0 0 0 0 0 0 0 0 0 0 0 0 0 0 0 2 0 0 8 0 2 59 2 3 0 11 0 0 0 0 0 0 0 0 0 0 0 0 0 0 0 0 0 0 0 0 0 0 0 11 0 0 0 0 
 2 3 3 6 4 3 5 2 3 2 8 3 3 3 7 3 3 3 3 3 112 44 65 261 116 174 153 287 174 0 125 115 54 186 155 222 97 265 226 165 5 0 2 1 13 3 0 0 6 4 2 0 86 2 0 1 6 0 23 0 0 0 0 0 3 3 0 0 3 0 0 2 2 0 0 2 0 3 0 6 0 0 0 0 0 0 0 0 2 0 0 0 0 0 0 2 0 0 0 1 12 18 19 5 14 0 0 0 29 9 11 25 0 0 12 17 33 18 0 0 0 0 0 0 0 0 1 0 26 0 0 0 16 2 19 0 15 0 11 32 8 0 0 0 0 0 0 0 0 0 2 0 0 0 6 0 0 0 0 0 0 0 0 0 7 19 0 0 0 0 1 0 0 0 0 0 1 0 0 0 0 0 0 12 0 2 9 27 7 9 30 10 0 0 19 8 0 26 0 12 14 0 0 0 0 0 0 4 15 19 0 1 0 10 0 0 1 0 18 11 0 0 0 0 0 0 0 0 0 0 0 0 0 0 0 0 0 0 0 0 0 0 0 0 0 0 0 0 0 2 0 0 0 0 3 0 0 91 1 0 0 0 0 0 0 0 0 0 0 0 0 0 0 0 0 0 0 0 0 0 0 0 0 0 1 10 0 0 0 0 
 18 0 0 0 0 0 0 0 0 1 2 0 0 1 1 0 2 0 3 0 250 32 90 186 88 149 190 20 280 125 0 212 384 123 69 98 177 338 48 56 0 29 0 0 0 3 0 0 4 2 0 0 116 3 69 0 3 0 59 64 0 0 0 0 0 0 0 0 1 0 0 0 0 0 0 3 0 3 8 3 0 1 0 0 0 0 0 0 0 0 0 0 0 0 0 0 0 0 0 0 1 0 10 30 0 18 0 0 16 0 0 12 0 2 0 11 1 0 0 0 0 43 0 0 0 0 19 29 13 0 0 0 106 0 23 0 19 0 53 58 0 0 0 0 0 0 0 0 2 0 0 0 0 0 0 0 0 0 2 0 0 0 0 0 0 0 0 0 0 1 0 8 11 0 1 0 0 0 0 0 0 0 28 12 18 31 13 2 0 11 33 24 0 0 18 21 47 43 0 0 11 0 0 1 0 0 7 2 14 40 0 0 1 26 10 0 29 46 26 10 0 0 0 0 0 1 0 0 0 0 0 0 0 0 0 0 0 0 0 0 0 0 0 0 0 0 0 0 0 0 0 0 0 0 8 4 0 83 0 0 0 2 0 0 0 0 0 0 0 0 0 2 0 0 0 0 0 0 0 0 0 0 0 0 0 10 0 0 0 0 
 26 0 0 0 0 0 0 0 0 4 2 0 0 35 2 0 0 1 0 0 38 328 196 201 126 133 40 296 152 115 212 0 37 26 39 38 53 290 37 87 0 2 0 0 0 64 0 0 5 3 0 0 34 65 0 0 65 2 80 63 0 0 5 0 0 0 0 0 0 3 0 0 0 0 0 2 0 2 0 3 0 0 0 0 0 0 0 0 0 1 0 0 0 0 0 0 0 0 0 0 0 8 3 16 0 69 0 0 0 15 0 31 0 0 0 15 13 0 0 0 14 0 0 0 0 0 49 1 21 0 0 0 44 0 29 0 24 0 20 60 1 0 1 0 0 0 0 0 0 0 0 0 0 0 0 0 0 0 0 0 0 0 0 0 0 0 0 5 0 0 0 0 0 0 0 0 0 0 0 0 0 0 24 0 31 22 0 0 0 0 0 12 0 0 15 0 10 15 0 0 1 0 3 0 0 0 22 1 15 21 9 0 24 33 29 18 19 19 19 37 0 0 0 0 0 0 0 0 0 0 0 0 0 0 0 0 0 0 0 0 0 0 0 0 0 0 2 0 0 0 0 0 0 0 11 0 4 156 7 2 1 0 0 0 0 0 0 0 0 0 0 0 0 0 0 0 0 0 0 0 0 0 0 0 11 10 13 0 0 0 
 0 0 153 73 73 4 0 74 0 0 1 1 0 4 74 1 0 0 3 0 65 375 143 164 78 27 205 108 173 54 384 37 0 163 195 60 188 398 80 105 8 3 4 0 0 3 0 0 4 0 0 8 0 0 3 2 3 0 28 0 68 0 0 2 4 0 0 0 0 0 4 2 0 0 0 2 52 3 0 3 0 0 0 18 12 0 0 0 0 4 0 12 0 0 0 0 0 8 0 0 21 11 16 15 0 0 24 12 11 11 0 0 24 19 0 18 8 2 11 29 0 1 0 0 0 0 0 0 0 0 0 0 0 0 0 0 0 0 0 0 0 0 0 0 0 0 0 0 5 0 0 0 0 0 0 0 1 0 0 0 0 0 0 33 3 0 0 0 0 22 0 20 4 0 0 0 13 34 0 0 0 0 6 20 7 0 24 10 0 11 17 30 34 21 6 9 24 11 54 0 0 0 0 0 0 0 0 0 0 0 0 0 0 0 0 0 0 0 2 0 0 0 0 0 0 0 2 0 0 0 0 0 0 0 0 0 0 0 0 0 0 2 1 0 0 0 0 0 0 76 0 0 0 0 8 0 0 0 0 0 0 29 29 0 0 0 0 0 0 4 0 0 0 0 0 34 0 0 0 0 0 0 0 0 0 0 0 0 0 0 
 0 0 0 2 0 96 2 0 3 6 4 19 0 0 2 20 0 3 0 0 154 103 127 264 157 55 153 256 91 186 123 26 163 0 149 495 116 113 112 157 7 6 45 32 9 3 0 0 3 3 0 0 0 0 1 0 13 0 0 0 0 0 0 0 0 0 0 0 0 0 0 0 0 0 0 2 0 3 0 3 0 0 0 13 0 0 2 0 0 0 0 0 0 0 0 0 0 0 0 0 0 1 24 0 11 22 15 21 1 1 43 11 10 16 23 35 24 82 18 22 0 0 0 0 2 0 0 0 0 0 0 0 0 0 0 0 0 0 11 0 0 1 0 0 0 0 0 0 0 0 2 0 0 0 0 0 0 0 0 0 0 0 0 0 3 14 11 0 0 0 1 0 0 0 0 0 0 0 0 2 19 30 9 49 11 0 32 10 0 26 18 47 0 33 1 32 44 31 27 0 0 0 0 0 0 0 0 0 12 0 0 0 0 0 26 0 0 0 1 0 0 0 1 0 2 0 10 0 0 0 0 0 0 0 0 0 0 0 0 0 0 0 2 0 0 1 1 0 0 0 0 0 0 0 11 0 1 91 0 0 2 12 0 0 0 0 11 0 0 0 0 0 0 0 0 0 12 0 0 0 0 30 0 0 0 0 0 0 0 0 
 0 2 0 74 3 37 1 0 1 2 1 17 2 1 0 2 2 75 2 1 34 53 58 61 76 48 193 58 70 155 69 39 195 149 0 73 114 30 199 221 0 0 0 0 0 3 2 0 3 4 0 0 0 0 3 0 3 0 0 0 34 27 47 0 0 3 0 0 2 0 0 3 0 0 0 2 69 4 0 3 0 0 0 0 14 0 0 0 1 0 0 0 2 0 0 0 10 14 0 1 19 1 10 27 12 0 0 2 31 19 13 1 0 2 0 0 1 28 9 0 0 0 0 0 0 0 0 0 0 0 0 0 1 0 0 0 0 0 8 1 0 0 0 0 0 0 0 0 0 0 0 0 0 0 0 0 0 0 0 0 0 0 0 0 33 0 0 0 0 0 0 12 7 0 1 0 0 0 14 0 0 9 20 23 32 0 1 0 0 16 19 15 0 9 41 23 32 32 0 0 1 0 0 0 0 0 0 0 0 0 0 0 1 0 13 0 0 0 0 0 0 0 0 0 0 0 0 0 0 0 0 0 0 0 0 0 0 0 0 0 0 0 0 0 0 0 2 0 0 0 0 0 0 0 7 0 0 47 0 0 0 1 0 0 0 0 0 0 0 0 0 0 0 0 0 0 0 0 0 10 0 13 0 0 0 0 0 0 0 0 
 0 0 2 0 0 1 0 0 2 75 0 146 0 0 0 0 0 0 0 0 102 51 134 64 77 75 44 317 204 222 98 38 60 495 73 0 131 128 34 119 0 0 0 0 0 3 0 0 2 0 0 0 0 0 0 0 3 0 0 0 0 2 0 0 0 0 0 0 0 0 0 0 0 0 0 48 0 0 0 3 0 0 0 0 0 0 0 0 0 0 0 0 0 0 0 0 0 0 0 0 17 59 54 0 14 1 9 12 21 54 10 0 0 8 18 11 23 10 23 13 0 0 0 0 0 0 0 0 22 1 0 2 0 0 0 0 0 0 15 1 0 0 0 0 0 0 0 0 0 0 0 0 0 0 0 0 0 0 0 0 0 0 0 0 3 12 0 0 0 0 0 0 0 0 0 0 0 0 0 0 0 19 0 12 9 2 24 10 49 44 31 12 12 7 7 10 33 23 26 21 1 0 0 0 0 0 0 0 26 0 0 0 0 0 13 0 0 19 0 0 20 0 0 0 0 0 0 2 0 0 0 0 0 0 0 0 0 0 2 2 0 0 0 0 0 0 0 0 0 0 0 0 0 0 9 0 4 44 0 2 0 3 0 0 0 0 0 0 0 0 0 0 0 0 0 0 2 0 0 0 0 13 0 0 0 0 0 0 0 0 
 0 0 0 0 2 0 0 0 3 0 2 0 0 0 0 0 0 2 1 0 124 110 93 202 119 121 171 273 171 97 177 53 188 116 114 131 0 88 121 253 3 7 0 0 6 3 0 0 3 7 0 0 64 0 0 0 3 0 21 0 0 0 0 0 4 0 0 0 0 0 0 0 0 0 0 2 0 51 0 3 2 0 0 0 1 0 0 0 0 0 0 0 0 0 0 0 0 0 0 0 20 13 10 26 37 19 0 14 59 9 52 14 0 28 66 4 19 6 0 0 0 0 0 0 0 0 0 0 0 0 0 0 12 1 0 0 0 0 10 11 3 0 0 0 0 0 0 0 0 0 0 0 0 0 4 0 0 0 0 12 0 0 0 0 0 0 0 0 0 9 0 1 0 0 0 0 0 0 0 0 9 35 16 28 14 0 0 12 32 24 55 10 0 0 18 22 1 31 0 20 14 2 0 0 1 0 0 4 1 0 0 0 60 0 0 0 0 0 12 0 0 0 0 0 0 0 9 0 0 0 0 0 0 0 0 0 0 0 0 0 0 0 20 0 0 0 0 0 0 0 0 0 0 0 124 1 2 2 2 0 2 0 0 0 0 0 0 0 0 0 0 0 0 0 0 0 0 0 0 0 0 1 0 0 0 0 0 0 0 0 
 5 3 3 3 3 3 3 3 3 6 3 3 7 3 3 3 3 4 3 99 25 94 55 169 130 71 98 122 203 265 338 290 398 113 30 128 88 0 31 170 0 0 0 0 0 3 0 0 3 2 0 1 0 1 69 0 6 63 0 0 0 0 0 0 0 46 0 3 0 0 0 0 0 0 0 2 0 3 0 3 0 0 0 0 0 33 0 0 0 0 0 0 0 0 0 0 0 0 0 0 11 2 17 0 16 13 15 19 0 4 6 13 18 7 0 29 49 50 11 15 0 0 0 0 0 0 0 0 0 0 0 0 0 0 0 0 0 0 1 0 0 0 0 0 0 0 0 0 0 15 0 0 0 0 0 0 0 0 0 0 0 0 14 0 0 0 0 0 0 0 0 0 4 0 0 0 0 0 1 0 20 13 10 28 0 0 28 0 24 39 19 46 17 30 0 45 61 26 12 0 0 0 0 0 0 0 0 0 0 0 0 0 0 0 0 0 0 0 1 0 0 0 0 0 0 0 0 0 0 0 0 14 0 0 0 0 0 0 0 0 0 0 0 0 0 0 0 0 0 0 0 0 0 0 0 0 1 2 5 0 4 37 0 0 0 0 13 0 0 0 0 0 0 0 0 0 0 0 0 0 0 0 0 0 0 0 0 0 0 0 
 0 30 2 74 82 74 0 0 4 9 5 44 1 75 26 0 2 20 0 0 127 149 24 113 285 40 119 90 293 226 48 37 80 112 199 34 121 31 0 165 4 4 0 0 5 3 0 0 2 0 0 0 0 0 0 50 3 0 0 0 46 0 0 0 0 0 0 0 0 0 0 0 0 0 0 2 0 0 0 3 0 0 0 13 27 0 0 0 0 0 18 0 0 0 0 14 23 12 11 0 6 14 1 14 0 0 15 0 1 14 20 0 10 19 32 19 0 55 14 4 0 0 0 2 0 0 0 1 0 0 0 0 0 0 1 0 1 0 0 0 0 0 0 5 0 0 0 0 0 0 0 0 0 0 0 0 3 0 0 1 0 0 0 0 31 65 0 7 1 0 21 0 0 0 0 0 7 2 0 0 0 21 32 0 0 0 32 19 34 5 0 0 13 38 22 24 0 14 9 14 0 0 0 1 20 0 0 0 0 11 0 0 0 0 0 0 0 0 0 0 0 0 0 0 0 0 0 0 0 0 0 0 7 0 0 0 0 0 0 0 0 0 0 0 0 0 0 0 0 0 9 0 0 0 3 0 3 0 0 1 2 0 0 0 0 0 0 0 0 0 0 11 0 0 0 0 0 0 0 0 0 9 0 0 0 0 0 0 0 0 
 2 2 1 1 0 77 1 1 3 5 1 152 1 31 4 0 0 77 2 1 70 100 41 44 150 46 105 88 215 165 56 87 105 157 221 119 253 170 165 0 60 2 0 0 0 9 0 0 3 2 1 61 0 0 5 0 3 0 0 0 0 0 0 3 0 0 0 0 0 0 0 0 0 0 0 2 1 3 37 4 0 2 0 0 0 14 0 0 0 0 0 0 0 0 0 0 0 0 0 0 9 32 85 17 0 0 13 21 20 25 0 0 14 9 1 0 32 17 33 14 0 0 0 0 0 0 0 0 0 0 0 0 0 0 0 0 2 0 0 0 0 0 0 0 0 0 0 0 0 0 0 0 0 0 0 0 0 1 0 0 0 0 0 0 14 0 0 0 0 2 0 3 11 0 0 0 0 19 0 0 1 0 0 3 0 0 19 2 35 63 20 23 9 36 22 0 45 1 4 14 0 0 0 2 0 2 0 0 0 0 0 0 0 0 0 0 0 0 0 0 0 0 0 0 0 1 0 0 0 0 0 0 0 0 0 0 0 0 0 0 0 0 0 0 0 0 0 0 0 0 0 0 0 10 10 0 0 0 0 0 3 0 0 0 0 0 0 0 0 0 0 1 0 0 0 0 0 0 0 0 0 0 0 0 0 0 0 0 0 0 
 0 0 0 0 0 0 0 0 3 2 0 0 1 0 0 0 0 3 0 0 0 2 0 5 62 0 0 5 0 5 0 0 8 7 0 0 3 0 4 60 0 306 299 102 69 42 81 99 155 33 26 24 127 131 253 50 38 56 39 229 3 0 0 3 0 0 0 3 0 0 3 3 2 0 0 3 0 1 4 0 0 0 0 0 0 0 0 0 0 0 0 0 0 0 0 0 0 0 0 0 0 0 0 0 0 0 0 0 0 0 4 0 0 1 2 4 0 3 7 0 11 11 19 13 34 0 12 0 10 0 0 0 14 0 9 0 0 20 15 0 0 0 0 0 0 0 11 0 0 0 0 0 0 0 0 0 0 7 0 0 0 0 0 10 0 13 0 0 0 0 0 0 0 0 0 0 0 0 0 0 0 0 0 0 0 0 3 3 0 6 5 0 0 0 8 6 0 4 0 0 6 2 0 10 0 7 0 52 0 10 7 0 20 0 1 0 0 20 0 4 0 0 0 0 0 0 0 0 0 0 0 0 0 0 0 0 0 0 61 0 0 10 0 0 0 0 0 0 0 19 0 8 0 1 0 0 0 0 0 15 0 0 0 0 1 13 0 0 0 0 0 0 0 0 0 0 0 0 0 0 0 5 0 0 0 0 0 0 2 0 
 0 0 0 2 0 0 2 0 0 0 4 0 0 6 2 0 0 0 2 0 1 7 0 13 0 0 6 10 0 0 29 2 3 6 0 0 7 0 4 2 306 0 419 351 334 68 79 128 322 275 386 89 102 336 418 118 301 71 41 215 0 3 0 0 0 0 2 0 0 0 0 0 51 0 0 0 0 0 3 0 0 0 0 9 0 0 0 0 0 0 0 0 0 0 0 0 0 1 0 0 0 0 0 0 0 0 0 7 0 4 32 0 0 4 21 0 0 9 0 0 1 13 1 0 45 0 0 49 0 38 8 0 13 1 5 12 0 0 13 0 4 0 0 0 9 0 10 0 0 0 4 0 0 0 0 0 0 0 14 20 0 0 0 0 0 3 0 0 0 0 8 0 0 0 0 0 0 0 0 0 10 4 0 1 2 0 1 0 6 11 0 45 0 1 0 5 0 0 0 0 9 0 9 10 13 31 8 23 0 1 0 3 28 18 1 24 28 9 0 0 0 0 0 0 0 0 0 0 0 0 0 0 0 6 0 0 0 0 2 0 0 0 7 0 0 0 0 0 0 0 0 1 0 1 0 0 0 0 0 22 64 0 0 64 1 28 2 0 0 0 34 0 0 0 0 0 0 0 0 0 0 10 0 0 0 0 0 25 2 0 
 0 0 0 0 0 0 0 0 2 3 0 0 0 0 0 0 0 2 3 0 0 3 0 0 0 0 0 0 0 2 0 0 4 45 0 0 0 0 0 0 299 419 0 107 49 104 321 119 168 49 50 69 48 98 184 257 326 60 51 61 2 2 7 6 8 0 8 0 0 0 0 0 0 0 0 3 0 0 0 2 0 0 0 0 0 0 0 0 0 0 0 0 0 0 0 0 0 0 0 0 0 0 0 0 0 0 0 0 0 0 0 0 0 0 0 0 0 0 0 0 19 29 35 13 27 6 0 26 0 20 28 0 0 12 0 16 14 18 0 0 0 0 7 0 4 0 0 0 0 0 13 0 6 0 21 0 0 0 0 3 0 0 0 2 0 0 0 0 0 0 0 0 0 0 0 0 0 0 0 0 0 0 0 0 0 0 0 0 0 0 10 0 0 0 0 0 0 0 0 0 12 0 40 9 23 1 24 1 12 17 1 20 0 0 39 0 22 18 0 0 14 7 0 0 0 0 29 0 0 0 0 0 0 41 0 0 29 0 1 11 0 0 0 0 0 0 0 0 0 0 0 5 1 0 0 0 0 0 0 0 0 0 0 0 46 0 2 0 0 0 0 0 0 0 0 0 0 0 0 0 0 0 0 0 0 0 0 2 0 0 
 0 0 0 2 0 0 2 0 0 0 68 0 0 39 2 0 0 0 0 0 0 0 0 0 5 1 0 0 0 1 0 0 0 32 0 0 0 0 0 0 102 351 107 0 160 32 336 77 417 119 48 37 60 523 144 107 83 128 76 57 51 0 0 0 20 0 51 18 0 0 0 0 7 0 1 0 0 0 51 0 0 0 0 0 0 0 0 0 0 0 0 0 0 0 0 0 0 0 0 0 0 0 0 0 3 0 0 0 0 0 0 0 0 0 0 0 0 0 0 0 0 6 9 9 0 11 0 6 16 18 23 22 0 0 16 0 0 31 0 7 0 0 10 0 0 0 14 0 24 0 0 0 8 0 34 1 0 0 22 0 0 0 0 0 0 0 0 0 0 0 3 0 0 0 0 0 0 0 0 0 0 0 0 0 0 0 0 0 9 0 8 0 0 0 0 0 0 0 0 0 3 0 18 0 28 0 0 2 2 2 20 0 10 0 49 19 4 0 0 15 0 0 0 0 0 0 4 10 6 0 0 1 17 0 6 0 0 0 10 16 0 0 0 0 0 0 0 0 0 0 0 14 0 1 0 0 0 0 0 23 0 0 10 1 0 20 3 0 0 0 0 0 0 0 0 0 0 0 0 0 0 4 0 0 0 0 0 0 2 0 
 0 0 0 0 0 0 0 0 3 0 6 54 0 0 0 0 0 1 0 0 0 4 0 7 0 0 0 7 0 13 0 0 0 9 0 0 6 0 5 0 69 334 49 160 0 66 60 90 369 223 79 134 56 68 162 114 54 51 87 89 24 51 0 0 0 0 30 54 26 0 0 5 101 0 52 0 0 0 55 0 0 0 0 0 0 0 0 0 0 0 0 0 0 0 0 0 0 0 0 0 0 0 0 0 0 0 0 0 0 0 4 0 0 5 4 5 0 8 0 0 0 14 10 0 61 2 0 22 0 11 0 0 0 0 2 0 0 0 3 0 11 21 9 12 9 0 19 15 20 9 5 0 10 23 13 22 0 0 7 0 0 0 0 0 0 34 0 0 0 0 0 0 0 0 0 0 0 0 0 0 2 0 0 0 0 0 4 0 1 8 0 0 0 0 0 10 0 5 0 0 0 1 0 0 24 3 0 0 0 0 0 1 0 0 0 0 12 0 0 0 1 0 0 11 12 0 0 24 4 0 0 0 29 10 21 18 0 8 0 30 0 0 1 0 0 0 0 0 0 0 0 10 0 2 0 0 0 2 0 0 0 20 16 0 0 0 0 64 0 0 0 0 0 0 0 0 0 0 0 0 0 16 0 0 0 0 0 0 0 0 
 0 0 0 0 0 0 0 0 0 0 3 5 0 0 0 0 0 0 0 0 3 3 3 3 3 3 5 3 4 3 3 64 3 3 3 3 3 3 3 9 42 68 104 32 66 0 33 258 71 74 77 168 37 46 63 88 48 51 41 34 51 0 0 0 0 0 0 4 0 2 0 0 1 51 0 24 0 0 51 56 0 0 0 0 0 0 0 0 0 0 0 0 0 0 0 0 0 0 0 0 0 0 0 0 0 0 0 0 0 0 0 0 0 0 0 0 0 0 0 0 0 0 0 0 10 12 0 4 0 11 11 9 0 0 0 13 0 4 0 0 22 32 12 0 0 0 24 6 0 11 12 0 4 0 11 4 19 0 0 59 0 0 6 0 0 0 0 0 0 0 0 0 0 0 0 0 0 0 0 0 0 0 0 0 0 0 0 0 0 0 0 0 0 0 0 0 0 0 0 0 0 0 9 12 0 20 9 0 0 0 0 13 0 0 0 11 0 6 0 0 40 11 1 0 5 9 8 10 11 10 0 20 19 11 17 36 26 20 7 12 0 0 0 0 0 0 0 0 0 0 0 0 0 0 0 0 7 0 0 0 0 0 0 55 6 7 0 0 0 0 0 0 0 0 0 0 0 0 0 0 0 0 0 0 0 2 0 4 27 0 
 3 3 3 3 5 3 3 3 6 3 3 3 5 3 3 3 3 6 4 6 5 2 0 0 32 6 2 0 0 0 0 0 0 0 2 0 0 0 0 0 81 79 321 336 60 33 0 333 74 36 75 36 65 164 120 286 366 80 55 128 0 0 32 0 42 0 6 0 0 0 0 0 6 0 0 1 1 1 1 0 0 0 0 11 0 0 0 0 0 0 0 0 0 13 0 0 0 0 0 0 0 0 0 0 0 17 0 2 0 9 14 0 0 0 0 0 0 0 0 0 38 19 42 13 21 0 45 33 0 1 9 1 0 29 3 82 11 24 1 0 0 0 0 0 0 0 0 0 0 0 0 0 8 0 0 0 0 0 0 5 0 0 0 0 0 0 0 0 0 6 0 0 0 0 8 0 0 55 0 0 4 2 0 10 5 12 0 0 2 0 10 5 0 0 0 0 0 0 0 0 14 2 45 6 26 0 47 0 47 24 11 14 0 2 41 0 9 0 1 16 0 0 0 0 0 0 0 0 0 0 0 0 0 0 0 0 0 0 0 7 0 0 3 0 0 0 0 0 0 0 0 6 0 2 0 0 0 0 72 1 80 0 68 0 38 0 2 0 1 0 0 0 0 0 0 0 0 0 0 0 0 0 0 0 8 0 0 0 0 0 
 3 5 3 3 2 3 3 2 3 11 3 3 3 3 10 3 3 3 3 3 0 63 3 0 65 62 0 0 0 0 0 0 0 0 0 0 0 0 0 0 99 128 119 77 90 258 333 0 397 30 102 45 113 246 143 292 84 90 126 123 0 4 5 0 0 0 5 0 0 27 0 0 0 0 0 0 0 0 0 0 0 0 0 0 0 0 0 0 0 0 0 0 0 0 0 0 0 0 0 0 0 0 0 0 10 0 0 0 0 0 0 0 0 0 0 0 0 6 0 0 15 28 37 23 0 0 10 31 0 19 2 0 0 60 12 28 19 24 15 0 0 0 0 0 0 0 0 0 0 0 0 6 0 0 0 0 0 0 0 0 0 0 0 10 0 0 0 0 0 0 0 0 0 0 0 0 0 0 0 0 0 0 0 0 0 16 0 0 0 0 0 0 0 0 0 0 0 0 0 0 33 37 4 13 0 0 37 41 10 24 15 31 11 47 1 9 9 2 0 20 0 0 0 0 0 0 0 0 0 0 0 3 0 0 0 0 0 0 0 0 0 0 8 0 0 0 0 0 82 0 0 4 0 0 0 0 0 0 0 0 0 0 63 78 1 2 0 0 2 0 0 0 0 0 0 0 0 0 0 0 8 0 0 0 1 0 0 0 0 0 
 2 3 5 3 2 3 23 2 3 6 3 3 3 3 3 3 3 2 3 3 8 3 7 3 78 9 3 3 4 6 4 5 4 3 3 2 3 3 2 3 155 322 168 417 369 71 74 397 0 96 47 137 61 132 315 147 36 67 292 81 0 0 0 0 0 0 0 0 0 0 0 24 5 0 0 0 0 0 0 0 0 0 0 0 0 0 5 0 0 0 0 0 0 0 0 0 0 0 0 0 0 0 0 0 0 0 0 0 0 8 0 0 0 0 0 0 0 0 0 0 13 23 37 14 22 0 4 20 14 23 10 0 0 25 26 0 1 20 13 0 0 0 0 0 0 0 14 0 3 0 6 0 0 0 19 0 0 0 39 0 0 0 0 18 0 0 0 0 0 0 0 0 0 0 0 0 0 0 0 0 1 0 3 6 40 1 0 0 0 0 0 11 0 0 0 0 0 0 0 0 0 18 1 21 0 11 1 26 0 9 22 14 0 19 3 0 0 2 3 23 0 26 0 52 0 0 0 0 0 0 12 0 0 20 19 0 0 0 13 0 0 0 0 0 0 0 0 0 0 0 0 8 0 1 0 0 0 0 14 21 0 0 1 0 1 22 2 2 2 0 0 0 0 0 0 0 0 0 0 0 0 4 0 0 0 14 0 0 2 0 
 0 0 2 0 0 0 21 0 0 4 3 0 0 0 0 0 0 0 3 0 3 6 1 2 2 10 14 4 2 4 2 3 0 3 4 0 7 2 0 2 33 275 49 119 223 74 36 30 96 0 209 50 65 151 331 208 179 45 88 120 0 0 2 3 0 1 3 2 0 0 79 2 20 0 0 0 0 208 0 0 0 0 0 0 0 0 0 0 0 0 0 0 0 0 0 0 0 0 0 0 0 0 0 0 0 0 0 4 0 4 9 0 0 2 8 0 0 8 0 0 0 0 0 12 2 47 0 0 21 2 1 47 0 0 0 0 0 4 7 0 1 0 22 0 0 0 0 0 0 0 0 0 4 0 25 0 0 0 21 0 0 0 0 0 0 0 0 0 0 0 0 0 0 0 0 0 0 0 0 19 9 4 0 56 0 0 0 0 4 1 0 18 0 0 0 0 0 0 0 0 0 0 0 0 0 0 0 0 0 0 10 0 0 0 0 1 72 0 0 0 31 22 17 0 0 0 94 14 20 0 0 0 8 0 21 0 1 0 9 0 0 0 10 0 0 0 0 1 0 0 0 2 0 0 0 0 1 0 2 10 0 0 1 2 0 0 0 1 2 0 3 0 0 0 0 0 0 0 0 0 0 7 0 0 20 17 0 0 0 0 
 0 0 0 2 0 0 2 0 2 0 4 0 0 0 2 0 0 0 0 0 0 4 0 0 2 63 0 0 0 2 0 0 0 0 0 0 0 0 0 1 26 386 50 48 79 77 75 102 47 209 0 56 109 103 140 174 209 239 37 135 0 0 9 0 16 0 58 1 0 0 0 0 22 0 0 0 0 0 0 0 0 0 0 0 0 0 0 0 0 0 0 0 0 0 0 0 0 0 0 0 0 0 0 0 0 0 0 0 0 0 0 0 0 0 0 0 0 0 0 0 20 22 22 13 6 34 0 30 0 10 10 18 0 0 0 14 9 0 0 0 4 0 10 0 5 0 0 0 27 0 0 0 14 0 0 0 0 0 10 0 0 0 0 0 0 0 6 0 0 0 2 0 0 0 0 0 0 0 0 0 0 0 0 0 0 0 0 0 0 0 0 0 0 0 0 0 0 0 0 0 0 15 20 2 36 4 32 1 12 11 15 22 9 15 0 8 60 0 0 0 24 0 0 0 13 0 38 0 0 0 0 1 7 0 7 20 0 0 0 7 0 0 0 0 0 0 0 0 0 0 0 3 0 0 0 0 0 0 0 10 0 0 0 40 0 1 1 0 0 0 17 0 0 0 0 0 0 0 0 0 0 0 0 0 12 0 0 0 0 0 
 3 5 9 5 3 6 5 7 3 10 7 3 3 3 71 4 3 3 3 2 0 0 0 0 0 0 0 0 0 0 0 0 8 0 0 0 0 1 0 61 24 89 69 37 134 168 36 45 137 50 56 0 35 36 108 52 63 145 44 38 54 0 0 3 0 0 54 31 0 0 0 4 0 0 1 3 43 0 52 2 0 0 0 2 0 1 0 0 0 6 0 0 0 0 0 0 0 0 0 0 7 1 0 5 0 0 2 0 0 0 0 0 5 0 0 0 0 0 0 30 0 11 10 0 25 14 0 11 0 13 11 1 0 20 0 0 0 0 0 0 0 33 28 0 5 0 10 5 17 16 6 0 4 13 16 1 0 1 27 42 0 1 0 2 0 0 0 1 0 11 0 0 0 0 0 0 0 11 0 0 0 0 0 0 0 0 0 0 0 0 0 0 5 5 3 0 0 0 3 0 0 0 0 0 24 1 0 0 0 0 0 17 0 0 0 0 14 11 0 0 9 12 0 0 0 0 10 11 0 0 0 0 9 19 17 15 0 0 1 7 0 8 0 0 0 0 0 0 0 0 0 4 0 1 0 0 0 0 0 0 0 1 28 0 2 4 0 63 0 20 0 0 0 0 0 0 0 0 0 0 0 0 0 0 0 0 0 0 0 0 
 0 0 0 0 0 0 0 0 0 0 0 0 0 0 0 0 0 0 0 0 0 0 0 72 63 213 12 0 62 86 116 34 0 0 0 0 64 0 0 0 127 102 48 60 56 37 65 113 61 65 109 35 0 98 89 86 103 75 372 169 0 0 0 0 0 0 0 0 0 0 0 0 0 0 0 0 0 0 6 0 0 0 0 0 0 0 0 0 0 0 0 0 0 0 0 0 0 0 0 0 0 0 0 26 0 0 0 0 0 0 0 18 0 0 0 0 10 0 0 0 3 39 0 12 0 0 15 17 17 5 0 0 43 1 19 17 47 0 10 32 1 0 0 0 0 0 0 0 0 0 0 0 0 22 3 0 20 0 0 0 0 0 0 0 0 0 0 0 0 0 7 0 0 31 0 0 0 0 0 0 0 0 0 0 0 31 0 0 0 0 11 0 9 0 0 0 0 10 0 0 25 27 0 0 0 0 0 28 15 23 16 0 29 22 0 44 17 14 9 1 0 0 0 0 0 0 0 0 0 0 0 5 0 0 0 9 0 20 0 0 0 0 0 0 0 0 0 0 2 0 0 1 0 0 0 0 0 63 0 0 0 0 0 64 2 0 0 0 0 0 0 0 0 0 0 0 0 0 0 0 0 0 0 0 0 9 0 0 0 0 
 0 0 2 2 0 0 2 0 2 2 3 0 0 4 2 0 0 2 0 0 0 0 0 0 0 54 2 0 0 2 3 65 0 0 0 0 0 1 0 0 131 336 98 523 68 46 164 246 132 151 103 36 98 0 165 330 344 207 146 274 3 9 2 7 0 0 0 7 0 1 25 0 0 3 7 10 2 0 1 0 0 0 0 0 0 0 0 0 0 0 0 0 0 0 0 0 0 0 0 0 0 0 0 0 0 6 0 0 0 0 0 0 0 0 0 0 0 0 0 0 26 17 11 10 10 0 13 32 6 1 0 0 1 35 0 11 11 12 17 0 0 1 10 1 0 0 0 0 0 3 0 0 0 0 0 15 14 0 12 0 0 0 0 0 0 0 0 0 0 0 1 0 0 0 0 0 0 0 0 0 0 0 0 0 0 17 0 0 0 0 0 7 0 0 0 0 0 0 0 0 27 31 20 15 0 0 35 28 10 1 37 0 41 29 6 12 11 2 0 7 0 6 0 10 0 17 1 0 5 0 0 3 0 0 20 4 0 20 0 0 0 0 15 0 0 0 0 0 0 0 0 8 0 0 0 0 0 0 0 0 0 0 3 68 3 3 10 0 0 1 0 0 0 0 0 6 0 0 0 0 0 0 0 0 8 0 0 1 0 0 
 0 0 0 2 0 0 2 0 0 0 4 0 0 0 2 0 0 0 0 0 8 0 1 0 64 66 3 0 0 0 69 0 3 1 3 0 0 69 0 5 253 418 184 144 162 63 120 143 315 331 140 108 89 165 0 112 19 40 136 190 0 0 0 0 0 0 0 0 43 205 0 0 56 0 0 0 0 205 4 0 0 0 0 0 0 0 0 0 0 14 0 0 0 0 0 0 0 0 0 0 0 0 0 0 0 0 0 13 0 9 0 0 0 0 0 0 0 0 0 1 14 51 14 0 48 0 9 1 0 1 55 0 8 15 18 0 0 22 15 0 0 0 0 0 13 0 13 0 0 0 5 0 9 0 13 0 0 15 0 0 0 0 0 6 0 0 0 0 0 0 0 0 0 0 0 0 0 0 0 0 9 8 0 5 6 15 20 0 7 0 0 2 0 0 0 0 0 0 0 0 15 0 0 34 3 27 0 12 0 5 0 11 10 0 21 0 2 38 0 18 0 4 0 0 0 0 0 0 0 0 0 0 0 9 0 0 0 0 9 0 0 0 8 0 0 0 0 0 0 0 0 66 0 2 0 0 0 0 3 1 0 0 0 0 67 0 0 0 2 0 60 0 0 0 0 0 0 0 0 0 0 4 0 0 0 0 0 0 1 0 
 2 2 2 2 2 2 14 2 2 2 2 2 2 2 2 2 2 2 2 2 0 0 0 0 2 50 0 0 0 1 0 0 2 0 0 0 0 0 50 0 50 118 257 107 114 88 286 292 147 208 174 52 86 330 112 0 232 389 101 201 31 0 0 0 2 0 0 1 0 0 0 0 4 0 0 0 0 0 0 0 0 0 18 0 0 0 4 9 0 0 0 0 0 0 12 0 0 0 0 7 0 0 0 0 6 15 0 0 0 0 0 0 0 0 0 0 0 0 0 0 11 17 0 15 0 10 75 11 14 14 2 41 0 1 3 34 15 19 0 0 1 0 12 0 0 0 0 4 0 0 0 0 23 0 20 0 0 0 1 0 2 0 0 0 0 0 4 0 2 0 0 0 3 8 0 0 0 0 0 0 0 8 10 0 0 19 0 0 0 0 0 0 0 0 0 0 0 0 0 0 11 13 11 0 1 0 11 0 11 10 33 0 16 9 0 46 27 0 0 17 14 0 0 0 0 0 17 0 0 0 0 5 5 0 11 0 0 0 0 0 0 0 0 0 0 0 0 0 0 0 0 6 0 2 0 0 0 0 0 0 0 0 66 64 2 2 2 0 1 0 0 0 0 0 0 0 0 0 0 0 0 0 0 0 17 12 0 0 1 0 
 0 0 6 0 29 0 1 3 3 3 0 0 0 0 0 0 0 7 2 0 3 6 3 3 3 66 3 3 3 6 3 65 3 13 3 3 3 6 3 3 38 301 326 83 54 48 366 84 36 179 209 63 103 344 19 232 0 313 29 96 1 0 2 0 7 0 1 1 0 0 0 0 1 0 1 0 0 51 0 0 7 0 0 0 0 0 0 0 0 0 0 0 0 10 0 0 0 0 0 0 0 0 0 0 0 15 0 0 0 0 0 20 0 0 0 0 0 0 0 0 19 10 15 14 0 43 21 25 8 10 2 43 0 1 0 0 0 24 0 0 0 0 10 0 0 0 0 0 0 0 0 0 12 0 0 1 0 0 9 0 0 0 0 9 0 0 0 0 0 0 2 0 0 0 0 0 0 0 0 0 0 0 0 0 0 7 0 0 0 0 0 0 0 0 0 0 0 0 0 0 0 35 28 1 9 0 7 0 21 0 13 0 24 9 1 23 32 0 0 14 25 0 0 0 0 0 22 0 0 0 0 1 0 0 10 0 0 0 0 2 0 0 0 0 0 0 2 0 0 0 0 2 0 0 0 0 0 0 0 0 0 0 3 34 0 1 0 0 0 0 0 0 0 0 0 0 0 0 0 0 0 0 0 0 20 6 0 0 0 8 
 3 3 3 3 3 3 3 3 3 3 4 3 3 3 3 3 3 3 3 3 0 1 0 1 2 24 204 0 0 0 0 2 0 0 0 0 0 63 0 0 56 71 60 128 51 51 80 90 67 45 239 145 75 207 40 389 313 0 113 155 0 26 26 0 2 23 10 56 1 0 2 3 1 0 0 0 0 1 1 0 0 0 0 0 0 62 0 0 0 0 0 0 0 0 0 0 0 0 0 0 0 0 0 0 0 23 0 0 0 0 0 0 0 0 0 0 0 0 0 0 8 51 0 16 0 22 63 11 2 13 0 1 0 43 2 43 30 0 2 0 0 0 4 0 0 0 0 1 16 20 0 0 0 1 13 0 0 0 6 0 0 0 0 0 0 0 0 0 0 0 2 0 0 0 0 0 0 0 0 0 0 0 0 0 0 17 0 0 0 0 0 0 0 0 0 0 0 0 0 0 40 42 12 9 0 0 19 1 13 18 29 12 25 34 0 36 27 0 0 17 0 0 0 0 0 0 0 0 0 0 0 4 12 1 5 0 0 0 0 27 0 0 6 0 0 0 0 0 0 0 0 3 0 0 0 0 0 0 0 13 0 0 69 61 0 5 2 1 0 0 0 0 0 0 0 0 0 0 0 0 0 0 0 0 11 13 0 0 0 0 
 0 0 0 0 0 0 0 0 0 4 0 1 33 0 0 0 0 0 0 0 0 0 0 0 86 208 21 0 0 23 59 80 28 0 0 0 21 0 0 0 39 41 51 76 87 41 55 126 292 88 37 44 372 146 136 101 29 113 0 403 0 0 9 0 0 0 3 11 0 5 0 0 4 12 0 10 0 0 7 4 0 0 0 0 0 0 0 0 0 0 0 0 0 0 0 0 0 0 0 0 0 0 0 4 14 0 0 0 18 9 16 9 0 0 0 0 14 0 0 0 11 37 0 47 0 0 3 4 14 0 0 0 31 0 11 20 39 0 14 25 6 0 11 0 0 0 0 8 17 0 0 0 0 4 19 1 1 0 0 0 0 27 0 0 0 0 0 0 0 0 0 0 0 0 3 0 0 0 0 0 0 0 0 0 7 15 0 0 0 0 15 0 0 0 0 0 0 0 0 0 33 21 0 0 0 0 0 15 0 0 23 0 28 15 29 3 8 18 23 0 4 0 9 0 4 0 8 10 0 0 0 4 0 0 0 0 4 0 0 0 0 0 0 0 0 0 0 0 0 0 0 7 0 0 0 0 0 0 0 0 0 0 0 1 2 0 17 0 0 0 0 0 0 0 0 6 0 0 0 0 0 0 0 0 0 0 0 0 0 0 
 0 0 0 0 0 0 0 0 0 0 0 0 1 0 0 0 0 0 0 0 4 0 0 1 0 128 7 0 0 0 64 63 0 0 0 0 0 0 0 0 229 215 61 57 89 34 128 123 81 120 135 38 169 274 190 201 96 155 403 0 0 0 0 0 0 0 0 0 0 0 0 0 0 0 0 0 4 1 42 0 0 0 0 2 0 0 0 0 0 0 0 0 0 0 0 0 0 0 0 0 0 0 0 0 0 14 0 3 0 13 0 0 0 0 0 0 0 0 0 0 2 50 19 0 19 0 20 10 27 22 4 0 10 18 0 0 1 20 15 0 0 0 0 0 0 0 0 0 1 0 0 0 0 0 0 0 0 0 15 11 0 0 0 0 0 0 0 0 0 1 6 0 0 0 0 0 0 0 0 0 12 2 0 14 8 21 0 0 3 0 0 1 0 0 0 0 0 0 0 0 16 24 19 6 0 0 18 13 20 0 22 0 33 30 21 23 15 12 1 13 0 0 0 0 0 0 0 0 0 0 0 2 0 0 0 0 0 0 0 0 0 0 16 0 0 0 0 0 0 31 0 11 0 2 0 0 0 0 4 3 0 0 3 3 46 8 0 0 0 0 0 0 0 0 0 0 0 0 0 0 0 0 0 0 1 0 0 0 1 0 
 0 7 0 0 0 1 0 0 10 6 4 0 12 4 8 0 1 0 0 0 0 0 0 0 0 0 0 0 0 0 0 0 68 0 34 0 0 0 46 0 3 0 2 51 24 51 0 0 0 0 0 54 0 3 0 31 1 0 0 0 0 185 126 551 25 40 133 97 78 54 27 83 96 60 143 87 120 41 270 100 0 0 0 0 5 4 0 0 22 0 1 0 0 0 9 0 10 0 0 41 0 0 0 0 40 0 4 0 0 0 0 20 0 1 0 0 0 0 0 0 0 0 0 0 0 0 0 0 0 0 0 0 0 0 0 0 0 0 0 0 39 20 12 0 5 0 3 12 32 16 20 0 8 37 14 33 6 0 10 0 5 0 0 0 21 0 4 13 0 0 0 0 0 0 1 0 0 0 15 0 0 6 0 0 0 0 0 0 0 0 0 0 0 0 0 0 0 0 0 0 0 0 0 0 8 0 0 0 0 0 0 0 0 0 0 0 0 0 0 0 9 21 2 11 27 0 0 0 2 0 0 0 27 30 22 10 0 29 0 14 0 0 0 0 0 0 0 0 0 0 0 0 0 0 5 0 0 0 0 0 0 0 7 35 0 0 0 0 0 0 0 0 0 3 0 1 0 0 0 0 0 0 0 0 0 0 0 0 0 0 
