 0 381 189 91 69 40 210 310 31 25 38 60 177 222 160 478 133 235 139 363 7 2 0 0 0 7 0 3 0 1 0 3 2 5 3 0 1 1 3 0 3 0 6 6 3 2 3 3 0 3 0 3 0 3 0 0 0 0 0 0 3 0 0 0 0 0 1 0 0 5 0 0 2 13 0 0 3 0 0 0 0 0 24 0 0 20 10 0 58 0 0 18 0 11 29 0 29 2 9 0 0 0 0 0 0 0 0 0 0 0 23 0 0 0 0 0 0 0 0 22 0 0 0 34 0 0 0 0 0 0 0 0 0 0 0 0 0 0 0 0 0 0 0 0 0 0 0 0 0 0 0 0 0 0 0 1 0 0 0 0 6 20 0 0 7 14 11 0 6 23 8 0 0 34 28 10 0 0 15 11 0 0 0 0 0 0 0 0 0 0 21 0 0 0 0 0 0 0 0 0 0 0 0 0 0 0 0 0 0 0 0 0 0 0 0 0 18 0 0 0 0 0 0 0 0 0 0 0 0 3 0 7 0 0 0 0 0 0 0 0 0 0 0 0 0 2 1 0 1 0 15 9 0 0 0 0 0 0 0 0 0 0 0 0 0 0 0 0 0 0 0 0 0 0 0 0 0 0 0 0 0 0 0 0 0 0 0 0 0 0 
 381 0 202 60 49 55 98 169 52 212 54 255 220 299 203 308 71 41 407 378 3 3 3 0 0 3 1 0 1 75 2 4 4 7 0 0 3 0 3 0 0 0 3 6 3 2 2 0 0 3 0 4 0 3 0 2 0 0 0 0 3 0 0 0 3 0 1 0 6 7 2 2 4 9 3 50 55 2 0 0 11 26 15 0 0 23 35 20 29 9 0 55 11 29 16 43 19 14 18 4 0 2 12 0 2 0 0 0 0 0 0 0 0 0 0 0 0 0 2 0 0 0 0 0 0 0 0 0 0 0 0 0 0 0 0 0 0 0 0 0 0 0 0 0 0 0 0 18 0 0 2 0 0 0 0 0 0 0 0 0 25 9 24 0 4 0 25 35 18 34 24 20 19 18 44 12 11 0 0 15 0 1 0 0 0 0 0 0 0 0 0 0 0 0 0 0 0 0 0 0 0 0 0 0 0 0 0 0 0 0 0 0 0 2 0 0 0 0 1 0 0 2 0 0 0 0 0 0 0 0 0 0 0 0 0 0 0 0 0 1 0 21 0 0 0 1 0 0 1 0 18 7 0 0 0 0 0 0 0 0 0 0 1 0 0 0 0 0 0 0 0 0 0 2 0 26 0 0 0 0 0 0 0 0 0 0 0 0 0 0 
 189 202 0 119 39 128 81 119 105 48 142 135 154 503 155 185 149 218 32 107 3 2 1 2 0 0 74 0 0 0 2 3 2 81 0 2 2 0 81 74 0 0 3 2 0 3 2 0 0 3 1 3 0 3 5 1 0 0 0 62 11 0 30 0 0 0 3 0 50 2 0 0 0 2 0 0 0 0 0 0 12 33 15 15 7 1 11 0 16 1 0 1 13 0 22 0 0 0 0 0 19 0 0 0 0 1 28 0 0 0 0 0 22 10 19 0 1 0 5 1 0 0 0 0 0 0 0 0 0 0 6 0 0 1 0 2 0 0 0 0 0 0 0 0 0 0 0 0 0 0 0 0 2 0 15 0 0 2 0 0 13 0 24 16 0 10 9 15 13 11 16 16 13 1 30 8 40 13 0 0 14 0 0 0 0 0 0 0 0 0 0 0 12 0 73 0 7 3 3 10 0 0 0 1 0 0 0 0 0 0 0 0 0 0 0 0 0 0 0 0 0 0 0 0 0 0 0 0 0 0 1 0 0 0 0 0 0 0 2 0 0 0 0 0 0 4 1 0 0 4 0 7 0 0 0 0 0 0 0 0 0 0 14 0 0 0 0 0 0 0 0 0 0 0 0 21 0 0 0 0 0 0 0 0 0 0 0 0 0 0 
 91 60 119 0 101 59 127 252 163 383 237 224 155 295 270 160 172 50 69 48 3 2 0 0 0 0 2 0 0 0 1 3 27 11 0 1 1 0 3 0 0 0 3 3 0 2 5 0 0 3 0 3 0 3 0 64 0 0 0 0 6 0 0 0 0 0 0 0 0 2 0 0 0 3 0 0 1 0 0 0 0 0 0 0 17 1 60 0 7 43 30 23 18 0 0 33 15 40 12 52 8 0 1 0 0 0 18 0 0 0 0 0 0 0 0 0 0 0 27 15 0 0 0 10 0 0 0 0 0 0 0 0 0 0 0 0 0 0 0 0 0 0 0 0 0 0 0 0 0 0 0 0 0 0 0 0 0 0 0 0 22 9 16 43 0 0 0 14 7 0 10 65 5 0 14 26 0 12 0 28 0 0 0 0 0 0 0 0 0 0 0 0 0 0 0 0 0 0 0 0 0 16 0 0 0 0 0 0 0 0 0 0 0 0 0 0 0 0 0 0 0 0 0 0 6 1 0 0 0 0 0 0 0 0 0 0 0 0 0 0 0 0 0 0 0 0 43 0 58 90 0 12 18 0 0 0 0 0 0 0 0 0 26 0 0 0 0 0 0 0 0 0 0 0 0 0 19 0 0 0 0 0 0 0 0 0 0 0 0 0 
 69 49 39 101 0 199 86 274 71 356 69 38 61 71 63 58 260 33 58 76 3 62 0 0 0 0 0 1 78 0 0 3 75 5 1 0 0 0 83 15 0 0 3 3 0 2 2 6 63 3 0 3 0 3 2 0 0 0 0 0 3 0 0 0 1 0 1 0 3 4 1 0 2 4 0 0 0 0 0 0 0 0 0 34 23 1 0 0 14 0 10 0 0 0 0 6 9 18 0 0 11 9 13 0 0 0 18 10 0 0 11 0 0 0 1 22 13 1 28 29 0 0 0 0 0 0 0 0 0 0 0 2 0 0 0 0 0 0 0 2 0 2 3 0 0 0 0 0 0 0 0 0 0 6 0 0 5 0 2 0 0 0 2 18 20 0 0 0 0 1 13 40 0 1 0 0 24 9 2 0 33 2 0 5 0 0 1 31 18 15 0 1 51 9 10 11 21 10 9 23 0 0 0 0 0 0 0 0 0 1 0 0 0 0 2 0 0 0 1 0 1 0 0 0 0 0 0 0 0 0 0 0 0 0 2 0 0 0 0 0 0 0 0 0 0 7 3 0 1 5 0 6 0 0 0 0 0 0 0 0 0 0 1 0 0 0 0 0 0 0 0 0 0 0 0 0 0 0 0 0 0 1 0 0 0 0 0 0 0 0 
 40 55 128 59 199 0 261 106 71 50 156 37 56 39 49 70 154 65 55 46 9 81 35 0 0 0 109 22 227 0 75 3 75 147 0 0 61 0 242 30 0 0 3 5 65 2 3 3 63 3 0 3 0 3 0 0 0 0 0 0 2 5 0 0 0 1 0 0 0 2 0 0 0 3 0 0 0 0 0 0 0 0 0 16 0 10 0 0 43 0 12 0 0 0 0 9 40 14 0 0 0 3 38 7 0 0 18 14 30 15 20 15 16 29 21 0 0 14 10 45 0 0 0 0 0 0 0 0 0 0 0 1 0 0 0 8 0 0 0 1 0 0 2 0 0 29 0 0 0 0 0 0 0 7 0 0 4 0 1 0 0 0 2 0 16 15 0 2 0 2 28 30 0 25 0 0 6 9 1 0 22 0 22 23 36 0 42 25 2 37 0 12 24 10 41 15 0 68 31 26 0 0 0 0 0 0 0 0 0 1 0 0 0 0 1 0 0 0 0 0 0 0 0 0 0 0 0 0 0 0 0 0 0 0 1 0 0 0 0 15 0 0 0 0 0 2 51 1 4 5 0 8 0 0 0 0 0 0 1 0 0 0 0 0 0 0 10 0 0 0 0 0 0 0 0 0 0 0 0 0 0 0 0 0 0 0 0 0 0 0 
 210 98 81 127 86 261 0 429 257 44 52 42 223 164 49 264 28 115 381 69 5 1 0 3 0 4 0 0 3 2 2 5 3 6 0 0 2 3 4 2 3 1 7 5 2 4 2 0 2 6 2 3 0 3 0 0 0 0 3 2 3 0 0 0 4 2 2 0 0 2 0 0 0 2 0 0 0 5 0 0 0 10 22 0 0 0 30 22 2 14 7 12 16 11 33 1 1 13 1 8 0 0 0 0 0 0 0 0 0 0 0 0 0 0 0 0 0 0 0 0 0 0 0 0 0 2 0 0 0 0 0 1 0 0 0 0 0 0 0 0 0 1 0 0 2 0 0 0 0 0 0 0 0 2 0 0 0 0 0 0 36 39 0 0 0 0 21 0 24 24 0 0 35 13 0 22 27 37 35 17 0 0 0 0 0 0 0 0 1 0 0 0 0 0 0 0 0 0 0 0 0 0 1 0 0 0 0 0 0 0 0 0 0 0 0 0 0 0 0 0 0 0 0 0 0 0 0 0 0 0 0 0 0 0 0 0 0 0 0 0 0 0 0 0 0 1 1 1 0 2 0 6 0 0 0 1 0 0 0 1 0 0 0 0 0 0 0 0 0 0 0 0 0 0 0 0 0 0 0 0 0 0 0 0 0 0 0 0 0 0 
 310 169 119 252 274 106 429 0 110 109 154 177 129 116 316 233 35 319 166 284 5 1 2 0 0 0 0 0 3 2 0 5 0 3 3 3 0 27 3 0 0 0 3 5 3 64 2 0 11 6 3 3 0 3 0 1 2 0 0 0 3 0 0 0 3 9 3 0 0 2 1 2 4 1 0 0 4 4 1 0 0 0 14 0 0 29 9 64 7 19 14 33 15 0 1 14 0 25 0 1 18 0 0 0 0 0 16 0 0 0 2 1 0 0 0 0 0 0 8 55 1 0 0 0 0 0 0 0 0 0 0 0 0 0 0 0 2 0 0 0 0 0 12 1 3 0 0 0 0 0 0 0 0 8 0 0 0 0 0 0 31 20 13 41 7 9 0 13 0 0 22 9 0 0 0 0 0 13 0 0 0 0 0 0 0 0 0 0 0 0 1 0 0 0 0 0 9 0 0 0 0 0 13 0 0 0 1 6 0 0 0 0 0 0 0 0 0 0 0 0 0 0 1 0 2 0 0 0 0 0 0 0 0 0 0 0 0 0 0 0 0 20 0 0 0 0 90 0 0 90 15 3 20 0 0 0 1 0 0 0 0 0 1 0 0 0 4 0 0 0 0 0 0 51 0 0 0 0 0 0 0 0 0 0 0 0 0 0 0 0 
 31 52 105 163 71 71 257 110 0 200 143 186 133 103 247 149 211 41 383 169 3 1 7 0 0 0 0 0 0 0 0 5 76 4 111 0 0 83 5 0 0 0 3 3 3 2 3 0 0 3 2 3 9 3 0 0 0 3 13 0 3 2 0 0 0 0 0 0 0 2 0 0 0 3 0 0 2 0 0 0 0 10 17 27 20 28 0 62 27 31 20 0 1 14 1 0 21 8 12 30 23 0 0 0 0 0 3 0 0 0 0 1 0 0 0 0 0 0 12 15 3 0 0 0 0 0 0 0 0 0 0 0 0 0 0 0 0 0 0 0 0 0 12 1 0 0 0 10 0 0 0 0 0 3 0 0 0 0 0 0 10 40 6 53 1 3 14 1 0 23 14 19 4 17 0 41 40 48 0 0 0 0 0 0 0 0 0 0 0 0 0 0 12 14 0 0 0 0 14 0 0 0 0 0 0 0 1 0 0 0 0 0 0 0 0 0 0 0 0 0 0 0 0 0 0 0 0 2 0 0 0 0 0 0 0 0 0 0 0 0 0 24 0 0 0 1 88 0 3 2 0 1 0 2 0 0 0 0 0 0 0 0 1 0 0 0 0 0 0 0 0 0 0 0 0 0 24 0 0 0 0 0 0 0 0 2 0 0 0 0 
 25 212 48 383 356 50 44 109 200 0 156 110 49 295 195 60 144 33 67 312 3 3 0 0 1 0 0 0 0 0 0 3 78 4 1 0 0 0 80 2 0 0 3 3 0 2 3 0 66 3 70 3 0 3 0 1 0 1 0 0 3 0 0 0 0 1 0 0 0 2 0 0 0 3 0 0 31 0 0 0 1 11 0 15 30 27 10 17 10 19 4 30 0 18 0 7 18 37 0 13 39 0 0 0 0 0 22 0 0 0 0 0 11 0 0 0 0 0 46 0 0 0 0 0 0 0 0 0 0 0 0 0 0 0 0 0 0 0 0 0 0 0 0 0 10 0 0 0 10 0 0 0 0 0 0 0 2 0 0 0 29 13 4 0 9 18 0 26 10 1 24 30 19 0 0 0 14 0 0 11 10 0 0 27 0 0 11 0 0 0 0 0 22 15 0 0 0 0 20 13 0 0 0 0 0 0 11 0 0 0 0 0 0 0 0 0 0 0 0 0 0 0 2 0 0 0 0 0 0 0 0 0 0 0 14 0 0 0 0 0 0 10 0 0 0 0 4 0 90 52 19 0 0 0 0 0 0 0 0 0 0 0 0 0 0 0 0 0 0 0 0 0 0 0 0 0 0 9 0 0 0 0 0 0 0 0 0 0 0 0 
 38 54 142 237 69 156 52 154 143 156 0 202 37 45 161 316 96 214 34 270 3 1 0 0 0 0 74 0 0 0 0 3 88 77 0 0 2 0 50 74 0 0 3 2 0 2 2 0 0 3 0 3 0 3 0 0 0 0 2 0 3 0 0 0 0 0 3 0 0 2 0 0 0 1 0 0 1 0 1 2 0 8 0 14 11 15 0 19 0 23 2 15 0 0 0 0 1 8 0 0 0 0 0 0 20 0 0 15 14 10 0 0 24 10 18 0 0 13 15 21 0 0 0 0 0 0 0 0 0 0 0 0 0 0 0 0 0 0 0 0 0 0 0 0 1 1 0 0 0 0 0 0 0 0 0 0 0 0 0 0 12 14 23 15 0 6 0 0 0 0 40 1 1 0 0 7 0 23 1 0 0 9 0 0 0 0 21 0 0 0 0 0 0 14 42 0 0 0 20 9 0 0 0 0 0 0 0 0 0 0 0 1 0 0 0 0 0 3 0 0 0 10 0 0 0 0 0 0 0 0 0 0 0 0 0 0 0 0 0 0 0 13 0 0 0 1 86 0 0 0 2 8 0 0 0 0 0 0 0 0 0 0 1 0 0 0 0 0 0 0 0 0 0 0 0 0 9 0 0 0 0 0 0 0 0 0 0 0 0 0 
 60 255 135 224 38 37 42 177 186 110 202 0 241 61 249 61 178 399 35 237 3 1 80 0 0 0 104 0 0 0 0 3 74 95 0 0 0 0 3 55 0 0 3 2 0 2 2 0 0 3 0 3 0 3 0 0 0 0 0 0 3 0 0 0 0 4 2 0 0 2 0 0 0 2 0 0 0 0 0 0 1 2 3 0 11 16 31 50 0 68 0 0 17 0 0 25 1 31 0 11 0 9 0 0 0 0 34 0 15 0 0 0 16 1 17 0 0 0 45 15 0 0 0 0 0 0 0 0 0 0 25 2 0 0 0 16 0 0 0 2 0 2 0 0 0 0 0 0 0 0 0 0 0 1 0 0 0 48 2 0 132 57 16 0 13 14 0 1 15 3 23 4 17 0 2 0 20 0 0 0 2 11 1 1 0 0 15 0 3 0 0 0 0 0 16 15 9 1 11 16 0 0 0 0 0 0 0 2 0 0 0 0 0 0 2 0 0 0 0 0 0 0 0 0 24 0 0 0 0 0 0 0 0 0 2 0 0 0 0 0 0 17 0 0 0 0 88 0 1 1 0 17 0 0 0 0 0 0 0 0 0 0 0 0 0 0 0 0 0 0 0 0 0 0 0 0 0 0 0 0 0 0 0 0 0 0 0 0 0 0 
 177 220 154 155 61 56 223 129 133 49 37 241 0 502 43 118 89 100 224 65 5 1 0 2 2 0 0 0 0 1 0 3 3 4 0 0 0 0 3 2 0 0 5 3 2 2 2 0 0 3 4 4 0 3 0 0 2 0 54 3 11 0 0 0 0 4 0 0 0 2 29 0 1 11 2 0 0 4 0 2 10 10 26 0 0 1 43 1 20 0 9 9 0 10 34 32 15 19 8 13 0 0 0 0 0 0 1 0 0 0 0 0 0 0 0 0 0 0 0 0 0 0 0 0 16 0 0 0 0 0 14 0 0 0 0 0 0 0 0 0 0 0 0 0 0 0 0 0 0 0 0 0 0 0 19 0 0 0 0 0 11 32 9 0 11 0 15 15 32 25 0 17 2 28 30 11 0 19 4 20 0 0 0 0 0 0 0 0 0 0 0 0 0 0 0 0 0 0 0 0 0 0 0 0 0 0 0 0 0 0 0 0 0 0 0 0 0 0 0 0 0 0 0 0 0 13 0 0 0 0 0 0 0 0 0 0 0 0 0 0 0 0 0 0 0 2 0 2 87 85 21 5 0 0 0 0 0 0 0 0 0 0 0 0 0 0 0 0 0 0 0 0 0 0 0 41 0 0 0 0 0 0 0 0 0 0 0 0 0 0 
 222 299 503 295 71 39 164 116 103 295 45 61 502 0 213 146 137 54 76 121 3 77 0 0 0 0 0 2 0 0 2 4 2 7 0 2 2 0 5 0 0 0 3 3 0 2 2 0 0 3 0 3 0 3 0 0 0 0 0 0 3 0 0 0 0 0 2 0 0 2 0 0 0 5 0 0 0 42 0 0 20 8 48 0 0 17 34 23 7 0 20 12 34 11 20 11 20 0 13 18 0 0 0 0 0 0 0 0 0 1 2 0 0 0 0 0 0 0 0 14 1 0 0 0 0 0 0 0 0 0 0 11 0 0 0 0 1 0 0 0 0 0 0 0 0 0 0 0 0 0 0 0 0 0 0 0 0 0 0 0 22 25 12 0 6 8 10 21 42 11 0 0 13 9 14 6 0 3 9 0 0 0 2 0 0 0 0 0 0 0 1 0 0 1 0 10 0 0 0 0 0 0 0 0 0 0 0 0 0 0 0 0 0 0 0 0 0 0 0 0 0 0 0 0 2 0 0 1 0 0 0 0 0 0 0 0 0 0 0 0 0 0 0 0 0 2 0 2 2 0 14 0 15 0 0 0 0 0 0 0 0 0 0 0 0 0 0 0 0 0 0 0 0 0 0 11 0 0 0 0 0 0 0 0 0 0 0 0 0 0 
 160 203 155 270 63 49 49 316 247 195 161 249 43 213 0 301 146 456 219 148 3 2 1 0 0 0 0 0 0 2 0 5 1 4 0 0 0 0 4 0 0 0 3 3 0 2 2 0 0 3 0 3 0 3 0 0 0 0 0 0 3 0 0 0 0 0 1 0 0 2 0 0 0 3 0 0 36 1 1 0 27 45 0 0 18 0 50 7 0 27 46 53 20 33 17 18 15 1 23 14 42 0 0 0 0 0 19 0 0 0 0 0 10 0 0 0 0 0 13 0 0 0 0 0 0 0 0 0 0 0 0 0 0 0 0 0 0 0 0 0 0 0 0 0 0 0 0 0 0 0 0 0 0 0 0 0 0 0 0 0 7 0 28 33 0 0 27 39 31 35 13 0 43 0 16 75 6 24 1 1 0 0 0 0 0 0 0 0 0 0 0 0 0 0 0 0 0 0 0 0 0 0 0 0 0 0 0 0 0 0 0 0 0 0 0 0 0 0 0 0 0 0 0 0 0 0 0 0 0 0 0 0 0 0 0 0 0 0 0 0 0 0 0 0 0 1 0 0 87 3 3 9 18 0 0 0 0 0 0 0 0 0 0 0 0 0 0 0 0 0 0 0 0 0 0 10 11 0 0 0 0 0 0 0 0 0 0 0 0 0 
 478 308 185 160 58 70 264 233 149 60 316 61 118 146 301 0 381 172 38 133 3 2 0 1 0 0 0 0 75 84 0 3 2 5 0 0 0 0 79 0 0 0 3 2 0 2 2 0 0 3 0 5 0 3 0 0 0 0 0 0 82 0 0 0 0 0 3 0 0 2 0 35 0 1 0 0 52 0 1 0 20 55 15 0 0 17 12 1 17 16 0 49 77 13 37 26 0 0 0 0 0 0 0 0 0 0 2 0 0 0 0 0 37 1 0 0 0 0 0 19 0 0 0 0 0 0 0 0 0 9 0 0 0 0 0 0 0 14 0 0 0 0 0 0 0 0 0 0 0 0 0 0 0 0 0 0 0 0 0 0 15 0 42 14 14 6 19 23 25 27 14 1 32 0 30 22 8 23 0 0 20 0 0 0 0 0 0 0 0 0 0 0 0 0 0 0 0 0 0 0 0 0 0 0 0 0 0 0 0 0 0 0 0 0 0 0 0 0 0 0 0 0 0 0 0 0 0 0 0 0 0 0 0 0 0 0 0 0 0 0 0 0 0 0 0 0 1 0 1 2 1 16 0 0 0 0 0 2 0 0 0 0 0 0 0 0 0 0 0 0 0 0 0 0 0 11 0 0 0 0 0 0 0 0 0 0 0 0 0 0 
 133 71 149 172 260 154 28 35 211 144 96 178 89 137 146 381 0 243 38 319 5 2 0 0 1 0 76 1 0 0 0 3 3 78 0 0 0 1 76 85 0 0 3 4 2 2 2 2 0 3 0 3 6 3 4 72 6 3 0 0 3 5 0 0 2 0 53 0 0 2 0 3 0 3 0 0 0 0 1 0 11 7 13 0 19 0 11 18 6 13 24 0 20 21 8 17 11 0 1 41 15 0 0 0 0 0 56 0 0 0 1 0 28 15 15 0 0 1 16 0 2 0 0 0 0 0 0 0 0 41 0 0 0 0 0 0 1 0 0 0 0 0 0 0 0 0 13 0 0 0 14 0 0 0 1 0 0 0 0 0 0 0 24 1 0 10 13 20 17 10 29 0 0 0 23 9 0 0 0 0 16 0 1 0 0 0 0 0 14 0 2 0 0 2 20 0 7 0 2 10 0 0 0 0 0 0 0 0 0 0 0 0 0 0 0 0 29 0 0 0 0 0 0 0 1 0 0 2 0 0 0 0 0 0 0 0 0 0 0 0 0 0 0 0 1 1 3 1 0 1 0 9 35 0 0 0 0 1 0 0 0 0 14 0 0 0 0 0 0 0 0 0 0 0 0 10 0 0 0 0 0 0 0 0 0 0 0 0 0 0 
 235 41 218 50 33 65 115 319 41 33 214 399 100 54 456 172 243 0 118 44 3 1 0 0 0 0 23 0 0 0 0 6 0 70 2 0 0 1 3 30 0 0 3 3 0 2 2 0 0 3 0 3 0 3 6 0 0 0 0 0 3 0 0 0 0 0 1 2 0 2 0 0 0 3 0 0 4 0 4 3 0 0 0 10 5 0 26 0 0 19 18 29 18 1 0 27 0 17 0 0 0 0 0 0 0 0 28 0 15 0 0 0 16 4 10 10 9 0 10 0 0 0 0 0 0 0 0 0 0 0 0 0 0 0 0 0 0 0 0 0 0 0 0 0 0 0 0 0 0 0 0 0 0 0 0 0 0 0 0 0 0 0 18 40 0 3 0 14 0 0 37 9 0 0 0 0 0 56 0 0 9 0 0 1 0 0 15 0 1 0 0 0 0 0 17 0 6 0 10 14 0 0 1 0 0 0 0 0 0 30 0 0 0 0 0 0 0 0 0 0 0 0 0 0 0 0 0 0 0 0 0 0 0 0 0 0 0 0 0 0 0 0 0 0 0 0 1 1 1 89 0 3 20 0 0 0 0 0 0 0 0 0 0 0 0 0 0 0 0 0 0 0 0 0 0 0 0 0 0 0 0 0 0 0 0 0 0 0 0 7 
 139 407 32 69 58 55 381 166 383 67 34 35 224 76 219 38 38 118 0 184 3 2 0 0 0 0 0 0 1 201 0 3 1 5 0 0 0 0 3 0 0 0 3 3 0 2 2 0 0 3 0 3 0 3 0 0 0 0 0 0 3 0 0 0 0 0 1 0 0 2 0 0 0 25 0 0 50 0 0 0 8 21 19 0 0 0 0 10 11 0 13 53 11 27 1 25 19 15 28 11 0 0 0 0 0 0 0 1 2 0 0 0 10 0 0 0 0 0 0 0 0 0 0 0 0 0 0 0 0 0 0 0 0 0 0 0 0 0 0 0 0 1 0 0 0 10 0 12 0 0 0 0 0 0 0 2 0 2 0 0 0 0 1 15 0 0 27 13 20 49 1 0 26 18 14 53 11 28 12 1 10 0 0 0 0 0 0 0 0 15 0 0 0 0 0 0 0 0 2 1 0 0 0 0 0 0 0 0 0 0 0 0 0 0 0 0 0 0 0 0 0 0 0 0 0 0 0 0 0 0 0 0 0 0 0 0 0 0 0 0 0 0 0 0 0 3 0 1 2 1 0 6 0 0 2 0 0 2 0 0 0 0 0 0 0 4 0 0 0 0 0 0 0 0 0 5 17 0 0 0 0 0 0 0 0 0 0 0 0 0 
 363 378 107 48 76 46 69 284 169 312 270 237 65 121 148 133 319 44 184 0 3 2 0 0 0 0 0 0 0 0 0 3 3 4 2 0 0 0 3 0 0 0 3 2 0 2 2 0 0 3 0 3 0 3 0 0 0 0 0 0 3 0 0 0 0 0 3 0 0 2 0 0 0 6 0 0 51 0 1 0 31 26 17 0 0 4 0 0 35 0 4 16 26 46 43 23 17 1 21 2 0 0 0 0 0 0 0 0 0 0 0 1 11 0 0 0 0 0 0 0 0 0 0 2 0 0 12 0 0 0 0 13 0 0 0 0 0 0 0 0 0 0 1 2 0 0 0 0 0 0 0 0 0 0 0 3 0 2 0 0 0 0 0 0 0 0 12 35 19 28 2 0 16 24 17 28 28 1 13 21 0 0 0 0 0 0 0 0 0 0 0 0 0 2 0 0 0 0 0 0 0 0 0 0 0 0 2 0 0 0 0 0 0 0 0 0 0 0 0 0 0 0 17 0 0 0 0 0 0 0 0 0 0 0 0 0 0 0 0 0 0 1 0 0 0 0 0 2 1 2 3 3 0 0 0 0 0 0 0 0 0 0 0 0 0 0 0 0 0 0 0 0 0 0 0 9 0 0 0 0 0 0 0 0 0 1 0 0 0 0 
 7 3 3 3 3 9 5 5 3 3 3 3 5 3 3 3 5 3 3 3 0 229 101 252 405 361 262 216 39 215 236 61 56 286 283 201 253 186 37 121 6 0 0 206 0 0 0 5 0 0 0 204 0 11 0 0 3 0 0 0 0 0 0 15 5 0 3 0 0 2 0 0 0 0 3 1 3 33 7 0 0 0 0 0 0 0 0 0 0 0 0 0 0 0 0 0 0 0 0 0 0 24 41 1 0 9 0 5 23 0 16 0 0 39 6 29 11 10 0 0 0 1 0 0 0 0 0 2 0 1 2 0 11 0 0 0 0 0 39 8 0 0 0 0 3 0 0 0 0 0 0 0 0 0 0 0 0 1 0 0 0 0 15 0 0 0 0 0 0 0 0 0 0 0 0 0 1 0 1 0 0 5 7 12 45 16 0 36 47 13 22 8 0 10 11 13 20 20 0 0 0 0 1 0 0 0 0 0 0 0 0 0 13 0 0 0 0 0 22 0 0 0 0 2 0 15 0 0 0 0 0 0 22 0 0 0 0 0 0 0 0 0 0 0 0 0 0 0 0 0 0 0 0 0 6 1 1 44 0 4 45 1 0 0 0 0 1 0 0 0 0 0 0 0 0 0 0 0 0 0 0 8 0 0 0 0 8 0 0 0 
 2 3 2 2 62 81 1 1 1 3 1 1 1 77 2 2 2 1 2 2 229 0 95 397 108 32 225 102 128 28 309 69 50 58 148 67 30 129 141 39 2 0 0 3 0 0 0 3 0 0 0 0 68 3 0 0 3 2 62 62 0 10 0 2 0 0 3 0 0 3 0 0 0 0 0 0 1 52 0 0 0 0 0 3 0 12 0 2 0 0 0 0 0 0 14 0 1 0 0 0 0 23 37 6 0 17 0 23 0 1 18 0 0 13 10 0 13 19 0 18 0 0 0 0 0 0 1 0 0 9 0 0 0 1 0 0 0 0 41 16 0 0 0 0 1 0 0 0 0 0 0 0 0 0 0 0 11 0 0 0 0 0 0 0 0 0 0 0 0 0 2 0 0 0 0 0 4 0 2 0 12 21 19 0 12 0 48 21 23 26 29 13 10 30 26 25 0 24 8 5 1 0 0 0 0 0 0 0 0 0 0 0 0 0 0 0 0 0 0 0 0 0 0 0 0 0 0 0 0 0 0 0 0 0 0 0 9 0 0 0 0 0 0 0 0 0 2 0 0 0 0 0 0 0 15 0 2 153 0 2 0 0 0 0 0 0 16 0 0 0 0 0 0 0 0 0 0 0 0 0 0 0 0 0 0 9 10 0 0 0 
 0 3 1 0 0 35 0 2 7 0 0 80 0 0 1 0 0 0 0 0 101 95 0 241 34 141 222 133 378 161 39 42 76 156 53 65 67 123 100 87 127 0 0 3 0 0 73 9 0 0 6 0 129 3 0 0 3 0 127 88 0 0 0 0 2 0 3 8 0 2 0 0 0 0 0 0 3 0 0 0 0 0 0 1 0 0 0 0 0 0 0 0 0 0 0 0 0 0 0 0 0 0 0 0 2 0 0 18 28 27 8 21 0 0 9 9 28 2 0 0 0 32 0 0 0 0 0 13 0 7 0 0 34 40 0 0 0 0 5 13 0 0 0 0 0 0 0 0 0 0 0 0 0 0 0 0 1 0 0 0 0 0 0 3 10 0 0 0 0 1 0 1 0 0 0 0 0 0 2 0 1 14 31 17 0 31 15 0 1 31 41 41 0 11 23 6 0 34 0 0 8 7 0 0 0 0 17 25 31 0 0 0 0 24 10 0 0 0 10 0 0 2 0 0 7 0 0 0 0 0 0 0 0 0 0 0 0 0 0 11 0 0 0 0 0 0 0 0 0 0 0 0 0 0 4 0 3 78 76 0 0 0 0 0 0 0 0 0 0 0 0 0 0 0 0 0 0 0 0 0 0 0 0 0 0 22 0 0 0 0 
 0 0 2 0 0 0 3 0 0 0 0 0 2 0 0 1 0 0 0 0 252 397 241 0 196 49 101 99 215 291 83 76 130 60 152 224 40 175 84 66 3 1 3 20 0 63 3 24 0 3 0 3 63 11 0 210 24 0 89 22 2 0 0 4 2 0 5 0 0 6 0 0 0 0 0 0 3 0 5 0 0 0 0 0 0 0 0 0 0 0 0 0 0 0 0 0 3 0 0 0 0 14 10 0 0 25 0 9 23 3 94 10 0 32 0 21 1 37 0 0 0 2 0 0 0 0 0 0 0 2 0 0 6 18 0 0 0 0 40 19 0 2 2 0 0 0 21 0 20 0 0 0 0 0 0 0 0 0 0 0 0 0 0 0 0 0 0 0 0 0 0 0 0 0 0 0 0 0 0 0 0 20 0 14 0 0 0 1 0 36 19 30 0 12 13 37 0 19 0 0 7 0 0 0 0 0 1 0 1 1 0 0 10 50 0 0 0 0 16 0 0 0 0 0 0 0 0 0 0 0 0 0 0 0 0 0 0 0 0 0 0 0 48 0 0 0 0 0 0 0 0 0 0 0 11 4 1 91 2 2 4 0 0 0 0 0 1 0 0 0 0 0 0 10 0 0 0 0 0 0 0 0 0 0 0 8 0 0 0 0 
 0 0 0 0 0 0 0 0 0 1 0 0 2 0 0 0 1 0 0 0 405 108 34 196 0 102 74 50 81 328 195 342 91 127 210 190 130 232 361 74 3 0 0 3 0 0 0 4 0 0 0 0 0 13 0 0 3 0 0 0 0 2 0 5 0 0 3 0 0 3 0 0 0 0 0 0 3 0 2 0 0 0 0 0 0 0 0 0 0 0 0 0 0 0 0 0 0 0 0 0 0 23 21 26 9 23 0 9 18 55 11 26 0 39 14 1 33 25 1 0 0 10 0 0 6 0 0 0 0 0 0 0 9 0 0 0 0 13 41 0 14 0 0 0 0 0 0 0 8 0 0 0 0 0 2 0 0 0 0 0 0 0 0 8 0 0 5 0 0 0 0 0 0 0 0 0 0 0 2 0 0 19 26 12 27 36 13 11 19 0 21 17 0 21 0 0 10 0 0 0 0 0 0 0 0 0 0 0 0 0 0 0 5 22 0 0 0 0 15 8 0 1 0 0 0 0 11 0 0 0 0 0 0 0 0 0 0 0 0 0 0 0 0 0 0 2 0 0 0 0 0 0 0 0 15 1 6 75 96 2 3 13 0 0 0 0 19 0 0 0 0 0 0 0 0 0 0 0 0 14 0 0 0 0 0 0 3 0 0 0 
 7 3 0 0 0 0 4 0 0 0 0 0 0 0 0 0 0 0 0 0 361 32 141 49 102 0 223 38 249 142 156 141 30 48 161 93 47 136 57 39 73 0 3 5 3 0 43 66 0 0 0 0 65 4 62 62 4 0 0 32 0 0 0 0 4 0 3 3 52 9 0 0 5 1 0 0 6 0 0 0 0 0 0 0 0 0 0 0 0 0 0 0 0 0 0 0 0 0 0 0 0 0 0 10 53 20 0 0 1 60 0 13 0 0 0 0 16 15 0 5 34 0 32 11 0 0 34 24 16 17 0 15 37 7 0 8 0 0 8 30 0 0 0 0 0 0 2 0 2 0 2 0 0 0 3 0 0 0 21 0 0 0 0 1 0 0 0 11 0 0 0 8 0 1 0 1 0 0 2 0 11 0 19 0 0 23 0 45 0 0 0 10 7 0 0 0 0 5 0 0 20 19 12 0 0 0 18 1 1 0 0 29 20 20 45 1 16 8 0 43 1 0 0 0 0 0 0 0 0 0 0 0 0 16 0 0 0 0 0 0 0 0 0 0 0 1 0 0 1 0 0 0 0 0 11 2 2 1 0 1 9 0 0 0 0 0 0 0 0 0 0 0 0 0 0 0 0 0 0 0 0 0 0 0 3 0 0 0 0 0 
 0 1 74 2 0 109 0 0 0 0 74 104 0 0 0 0 76 23 0 0 262 225 222 101 74 223 0 186 191 204 367 112 73 266 131 305 250 40 69 474 3 0 2 3 0 0 0 5 1 0 0 0 0 3 2 0 3 0 0 0 0 2 0 7 3 0 3 3 0 3 0 0 0 0 0 0 3 3 4 0 0 0 0 0 0 0 0 0 0 0 0 3 0 0 0 0 0 0 0 0 15 11 0 30 0 12 21 34 54 17 14 20 20 8 89 19 8 0 11 0 0 0 12 0 0 0 0 0 0 13 0 0 0 0 0 12 0 0 16 0 0 0 0 0 0 0 0 0 0 0 0 0 0 0 0 0 0 2 2 0 0 0 14 0 0 0 6 0 0 0 10 0 0 0 0 0 0 0 2 0 0 11 3 41 7 9 40 27 4 21 11 23 0 7 23 27 8 1 14 30 0 0 0 0 0 0 0 0 0 0 0 0 0 0 0 0 0 0 1 6 0 0 0 0 0 0 0 0 0 0 0 0 0 0 0 0 0 0 0 0 0 0 0 0 0 0 0 0 0 0 0 0 0 0 6 0 2 1 0 0 42 0 0 0 0 0 19 0 0 0 0 0 0 0 0 0 0 0 0 0 0 0 0 0 0 0 12 0 0 0 
 3 0 0 0 1 22 0 0 0 0 0 0 0 2 0 0 1 0 0 0 216 102 133 99 50 38 186 0 100 120 136 58 103 232 57 149 124 117 195 94 2 0 1 15 0 0 0 74 0 1 0 0 67 62 0 0 3 3 62 2 0 0 0 0 0 0 3 0 0 3 0 0 0 0 0 0 1 0 0 5 0 0 0 0 0 0 0 0 0 0 0 0 0 0 0 0 0 0 0 0 0 14 0 50 1 17 0 8 46 27 0 13 0 18 21 30 19 10 0 0 0 0 0 0 0 0 0 0 0 0 0 0 14 2 0 0 0 0 15 11 0 0 0 0 0 0 0 0 15 0 0 0 0 0 2 0 0 0 0 0 0 0 8 0 57 0 7 0 0 0 0 0 0 0 0 0 0 0 2 0 0 0 22 25 0 11 21 2 1 29 141 20 0 0 11 0 27 1 7 0 0 0 0 0 0 0 0 0 0 0 0 0 1 4 0 1 0 0 0 1 0 0 0 0 0 20 0 0 0 1 0 2 0 0 0 0 0 0 0 7 0 0 0 0 0 0 0 0 76 0 0 0 0 0 11 0 0 78 0 0 22 42 0 0 0 0 0 0 0 0 0 0 0 0 0 0 0 0 0 0 0 6 0 0 0 23 0 0 0 0 
 0 1 0 0 78 227 3 3 0 0 0 0 0 0 0 75 0 0 1 0 39 128 378 215 81 249 191 100 0 65 41 54 114 376 169 138 118 126 189 198 126 0 0 3 0 0 62 9 1 0 63 67 65 3 0 0 3 0 63 80 0 0 0 0 0 0 3 0 0 3 0 2 0 0 0 0 1 0 0 0 0 0 0 0 0 0 2 0 0 19 0 0 2 0 0 0 0 0 0 0 0 9 10 11 1 0 1 34 14 21 32 27 1 0 7 14 41 45 1 1 0 23 0 0 0 0 0 12 2 4 0 0 11 13 0 0 0 0 1 1 0 0 0 0 0 0 0 0 1 1 0 0 0 0 2 1 0 0 0 1 0 0 0 1 11 1 0 0 0 0 0 0 0 0 0 0 2 0 2 0 0 10 16 13 0 12 7 0 9 11 11 19 15 26 8 21 6 10 0 0 0 0 0 0 2 0 19 12 27 0 0 0 0 60 11 0 0 1 7 3 0 0 2 0 0 0 1 0 0 0 0 0 0 0 0 1 0 0 0 0 0 0 0 0 0 0 0 0 0 0 0 0 0 0 14 1 3 2 74 1 2 0 0 0 0 0 0 0 0 0 0 1 0 0 0 0 0 0 0 18 0 0 0 0 0 0 0 0 0 0 
 1 75 0 0 0 0 2 2 0 0 0 0 1 0 2 84 0 0 201 0 215 28 161 291 328 142 204 120 65 0 238 113 131 118 266 155 43 215 81 187 3 3 0 4 0 0 0 3 0 0 0 2 0 6 0 0 3 2 0 64 52 0 0 9 0 0 3 0 0 4 1 0 0 0 0 50 2 0 10 0 0 0 0 0 0 0 0 0 0 0 0 0 0 0 0 0 0 0 0 0 0 0 8 17 31 11 0 0 34 21 11 0 2 28 18 24 36 0 0 0 0 0 0 0 0 0 1 8 0 0 0 0 0 21 0 0 0 0 26 10 0 0 0 0 6 0 1 0 0 0 0 0 0 0 0 0 0 0 0 0 0 0 4 1 0 0 4 0 0 0 0 2 0 0 0 0 0 0 0 0 0 9 81 14 10 23 10 8 24 8 13 23 0 0 14 29 10 20 0 0 14 5 0 0 0 0 1 0 2 2 0 0 9 0 0 0 0 0 22 28 0 0 0 0 0 0 0 0 0 7 0 1 0 0 2 0 0 0 0 0 0 0 17 0 0 0 0 0 0 0 0 0 0 0 10 0 2 78 4 2 18 2 0 0 0 0 0 0 0 0 0 0 0 0 0 0 2 0 0 0 0 10 0 0 0 0 16 0 0 0 
 0 2 2 1 0 75 2 0 0 0 0 0 0 2 0 0 0 0 0 0 236 309 39 83 195 156 367 136 41 238 0 148 27 193 86 340 408 295 140 307 7 2 2 3 0 0 0 66 1 0 0 2 0 4 0 0 3 2 10 0 0 7 0 0 3 3 3 3 0 3 0 0 0 0 0 0 3 0 0 0 0 0 0 0 11 0 0 0 0 0 0 0 0 0 0 0 0 0 0 0 11 9 19 46 23 33 0 8 25 14 9 33 0 21 24 0 25 24 0 14 1 10 15 0 0 0 22 11 0 0 0 0 19 0 0 0 0 0 3 1 0 0 0 0 0 0 0 0 2 0 0 0 0 0 15 0 0 0 0 0 0 0 0 6 0 0 7 0 0 0 0 0 0 0 0 0 0 0 2 0 23 0 52 13 11 64 34 20 20 25 0 0 0 17 2 19 0 19 17 0 13 9 0 0 0 0 16 0 0 0 0 0 0 26 10 0 0 0 0 22 0 0 0 0 0 0 0 0 0 0 0 0 0 0 0 0 0 0 0 0 0 0 0 0 0 0 0 0 0 0 0 0 0 0 14 0 5 0 78 0 0 11 0 0 0 0 20 0 0 0 0 0 0 0 0 0 0 0 0 0 0 0 0 0 1 1 0 0 0 0 
 3 4 3 3 3 3 5 5 5 3 3 3 3 4 5 3 3 6 3 3 61 69 42 76 342 141 112 58 54 113 148 0 106 251 336 232 325 509 321 24 26 62 0 3 0 0 66 3 0 0 0 0 1 5 0 0 3 0 0 66 0 55 0 1 1 0 3 0 0 3 0 0 0 0 0 0 5 1 0 0 0 0 0 11 0 0 0 0 0 0 0 0 0 0 0 0 0 0 0 0 0 0 21 0 0 36 0 4 13 0 1 6 1 37 1 23 34 0 0 0 8 28 0 12 0 0 0 1 1 1 0 0 10 8 0 7 0 0 14 13 0 0 0 17 5 0 2 0 0 0 0 0 0 0 0 0 0 0 0 0 0 0 0 1 0 0 0 0 0 0 0 4 13 0 0 0 0 0 0 0 0 0 7 0 9 22 16 9 22 13 11 2 0 13 11 14 7 1 0 7 5 0 0 0 0 0 0 0 0 0 0 0 0 2 0 0 0 13 18 0 0 0 0 0 0 0 0 0 0 0 0 0 0 0 0 0 0 0 0 0 0 0 13 0 0 0 0 0 0 0 0 0 0 0 2 0 0 3 4 0 6 5 0 0 0 0 19 0 0 0 0 0 0 0 0 0 0 0 0 0 0 8 0 0 0 0 12 0 0 0 
 2 4 2 27 75 75 3 0 76 78 88 74 3 2 1 2 3 0 1 3 56 50 76 130 91 30 73 103 114 131 27 106 0 172 203 101 211 81 137 376 3 0 0 3 0 0 0 3 0 0 0 0 0 8 0 0 3 62 202 0 0 0 0 0 1 3 3 0 0 3 0 0 0 0 0 0 3 0 0 0 0 0 0 5 0 17 0 0 0 0 9 0 0 0 0 0 0 0 0 0 23 62 28 30 0 11 0 10 0 2 42 0 0 1 9 27 0 14 2 11 0 11 0 0 0 0 0 0 0 0 0 0 0 0 0 0 0 0 1 0 0 0 0 0 0 0 0 0 0 0 0 2 13 18 0 0 0 0 0 0 0 2 0 0 13 16 0 17 0 0 0 0 0 0 0 0 0 0 1 0 55 16 7 36 0 1 1 0 11 0 0 0 4 25 0 8 33 7 37 2 0 0 0 0 0 0 0 0 0 0 0 0 3 0 0 0 0 0 13 1 16 0 0 0 0 1 0 0 0 0 1 0 0 0 0 0 2 0 1 0 0 0 8 0 0 0 0 0 0 0 0 0 0 0 17 1 0 0 80 2 2 0 0 0 0 0 0 0 0 0 0 0 0 0 0 0 14 0 0 0 0 0 0 0 0 0 0 0 0 0 
 5 7 81 11 5 147 6 3 4 4 77 95 4 7 4 5 78 70 5 4 286 58 156 60 127 48 266 232 376 118 193 251 172 0 144 43 392 25 154 375 3 0 0 3 0 0 0 3 0 0 0 0 0 3 0 0 3 0 0 0 0 0 0 0 0 18 3 0 0 3 0 0 0 0 0 0 3 0 0 0 0 0 0 0 7 0 0 0 0 0 0 0 0 0 0 0 0 0 0 0 11 8 3 22 7 0 15 8 60 27 0 8 7 20 39 1 6 0 12 0 0 0 0 0 0 0 0 0 0 0 0 0 0 0 0 0 0 0 0 0 0 0 0 0 0 0 0 0 0 0 0 0 0 0 0 0 0 0 0 0 0 0 5 2 7 7 4 0 0 0 7 0 0 0 0 0 0 0 0 0 0 12 24 34 1 0 32 42 14 11 13 17 0 0 15 35 62 0 29 35 0 0 0 0 0 0 0 0 0 0 0 0 0 0 0 0 0 0 0 9 0 0 0 0 0 0 0 0 0 0 0 0 0 0 0 0 0 0 0 0 0 0 0 0 0 57 1 0 0 0 0 0 2 0 10 1 2 0 1 1 18 0 0 0 0 0 0 0 0 0 0 0 0 0 0 0 0 0 0 0 0 0 0 0 0 0 0 0 0 0 
 3 0 0 0 1 0 0 3 111 1 0 0 0 0 0 0 0 2 0 2 283 148 53 152 210 161 131 57 169 266 86 336 203 144 0 205 125 181 79 68 3 3 0 212 0 0 206 3 1 0 3 0 0 22 0 0 3 2 61 0 0 3 0 23 0 17 5 0 0 3 0 0 0 0 0 0 1 0 7 0 0 0 0 0 0 15 0 0 0 0 0 12 0 0 0 2 0 0 0 0 13 42 10 19 5 20 0 10 13 13 16 13 0 18 35 13 20 38 1 0 0 17 0 0 0 0 12 0 0 8 0 0 0 0 0 0 0 1 38 0 0 0 0 0 0 0 0 0 0 0 0 2 0 0 0 0 0 0 0 0 0 2 0 5 0 5 6 0 0 0 0 0 0 0 0 0 0 0 2 0 18 31 10 20 19 31 23 39 13 0 0 13 0 2 1 0 2 0 0 0 2 0 0 0 0 0 0 0 0 0 0 0 16 19 0 0 0 0 18 16 0 0 0 0 0 0 0 0 0 0 12 0 0 0 0 0 2 0 0 0 0 0 11 0 0 0 0 0 0 0 0 0 0 0 6 0 0 81 77 1 3 0 0 0 0 0 28 0 0 0 0 0 0 0 0 0 0 0 0 13 0 0 0 12 0 0 7 0 0 0 
 0 0 2 1 0 0 0 3 0 0 0 0 0 2 0 0 0 0 0 0 201 67 65 224 190 93 305 149 138 155 340 232 101 43 205 0 164 124 39 59 126 0 0 3 0 0 63 3 0 0 0 0 129 12 0 0 3 2 137 66 0 0 3 0 1 0 3 0 0 3 0 0 0 0 0 0 3 1 0 0 0 0 0 0 0 0 0 0 0 0 0 0 0 0 0 0 0 0 0 0 0 12 34 0 1 12 0 0 0 8 17 14 0 0 0 87 16 5 0 0 0 47 3 0 0 0 0 26 0 0 0 0 10 20 0 0 0 0 39 15 0 0 0 0 17 0 0 0 6 0 0 0 0 0 0 0 0 0 0 0 0 0 0 3 0 0 0 0 0 0 0 0 0 0 0 0 0 0 2 0 0 0 7 0 1 26 0 0 10 13 47 10 0 0 0 1 4 0 0 0 1 0 0 0 0 0 18 15 33 0 0 0 1 37 10 0 0 0 39 0 0 0 0 0 0 0 0 0 0 0 0 0 0 0 0 0 0 0 0 0 0 0 11 0 0 0 0 0 0 0 0 0 0 0 11 0 0 76 153 0 1 16 0 0 0 0 0 0 0 0 0 0 0 0 0 0 19 0 0 0 0 13 0 0 0 9 0 0 0 0 
 1 3 2 1 0 61 2 0 0 0 2 0 0 2 0 0 0 0 0 0 253 30 67 40 130 47 250 124 118 43 408 325 211 392 125 164 0 248 185 117 3 0 0 3 0 0 0 3 0 0 0 0 0 3 0 0 3 0 1 0 0 5 0 2 1 0 3 0 0 3 0 0 0 0 0 0 3 0 0 0 0 0 0 0 0 0 0 0 0 0 0 0 0 0 0 0 0 0 0 0 8 15 13 70 11 9 0 9 46 18 18 29 0 61 36 32 20 27 0 19 0 0 0 0 0 0 0 0 0 0 0 0 14 0 0 0 0 0 0 0 2 0 0 0 0 0 0 0 14 0 0 6 0 0 2 0 0 0 0 0 11 0 5 1 1 7 4 0 0 0 0 0 0 0 0 0 0 0 0 0 19 22 43 3 8 10 33 9 27 13 31 38 9 17 14 20 30 8 11 0 0 0 0 0 0 0 0 0 0 0 0 0 1 4 0 0 0 0 1 10 0 0 0 0 0 0 0 0 0 0 0 0 0 0 0 0 0 0 0 0 0 0 0 0 0 0 0 0 0 0 0 0 0 0 6 0 2 0 2 2 20 13 0 0 0 0 0 0 0 0 0 0 0 0 0 0 0 0 0 13 0 0 0 0 0 0 0 0 0 0 
 1 0 0 0 0 0 3 27 83 0 0 0 0 0 0 0 1 1 0 0 186 129 123 175 232 136 40 117 126 215 295 509 81 25 181 124 248 0 29 30 26 0 1 3 0 0 63 3 0 0 0 114 33 10 0 0 3 0 0 68 0 5 0 9 1 0 3 0 0 51 0 0 0 0 0 0 3 0 2 0 11 0 0 0 2 9 0 0 1 0 0 0 0 0 0 0 0 0 0 0 2 1 20 42 1 41 1 10 9 0 23 9 0 0 0 42 6 9 0 0 16 24 2 1 0 0 0 7 0 0 0 0 10 0 0 9 0 0 50 18 0 0 8 0 6 0 0 0 6 0 0 0 0 0 0 0 0 0 0 0 0 0 0 0 0 0 0 0 2 0 0 6 0 0 0 0 0 0 0 1 18 51 11 0 11 10 2 27 16 2 20 11 0 26 1 0 4 0 0 0 0 13 0 0 0 0 0 0 14 0 0 2 12 11 1 0 0 15 32 0 0 0 0 0 0 9 0 0 0 0 0 0 0 0 0 0 0 0 0 0 0 0 39 0 0 1 0 0 0 0 0 0 0 0 4 3 0 1 93 1 6 16 0 0 0 0 23 0 0 0 0 0 0 3 0 0 0 0 0 9 0 14 0 0 0 0 24 0 0 0 
 3 3 81 3 83 242 4 3 5 80 50 3 3 5 4 79 76 3 3 3 37 141 100 84 361 57 69 195 189 81 140 321 137 154 79 39 185 29 0 397 3 0 0 3 2 0 0 7 21 0 0 0 1 3 0 0 3 0 0 0 0 8 0 1 3 0 4 0 0 3 0 3 0 0 0 0 2 0 0 0 0 0 19 28 0 13 0 0 0 2 0 1 0 0 0 10 13 0 0 0 15 0 21 26 21 10 36 49 19 11 9 78 13 11 12 0 0 2 19 22 0 0 0 0 0 0 0 0 0 0 0 0 0 0 0 0 0 0 0 0 0 0 2 0 0 0 0 0 0 0 0 0 0 2 0 0 6 0 0 0 0 0 35 0 0 26 0 0 0 0 19 0 0 1 0 0 0 13 1 0 31 10 25 22 1 1 25 43 3 20 1 19 3 20 27 25 0 49 51 31 0 0 0 0 0 0 0 0 0 0 0 0 0 0 0 0 0 0 0 0 0 11 0 0 1 2 0 0 0 0 0 0 0 0 0 0 0 0 0 0 0 0 0 0 0 0 74 0 0 0 0 0 0 0 22 0 2 0 0 0 3 0 0 0 0 0 28 0 0 0 0 0 0 0 1 0 10 19 0 0 0 0 0 0 0 0 0 0 0 0 
 0 0 74 0 15 30 2 0 0 2 74 55 2 0 0 0 85 30 0 0 121 39 87 66 74 39 474 94 198 187 307 24 376 375 68 59 117 30 397 0 3 0 0 3 0 0 0 3 0 0 0 0 0 3 0 0 3 0 0 2 0 0 0 2 0 3 3 0 0 3 0 0 0 0 0 0 2 0 0 0 0 0 0 0 6 13 0 0 0 0 0 9 0 1 0 0 0 0 2 0 24 50 10 37 0 0 21 0 45 8 2 14 19 12 54 15 0 10 11 0 2 0 2 0 0 0 0 0 0 8 0 0 0 0 0 0 0 0 19 2 0 0 0 0 0 0 0 0 0 0 0 0 0 0 0 0 0 0 0 0 0 0 3 0 5 7 23 0 2 0 11 0 0 0 0 0 0 0 3 0 6 12 11 13 10 0 47 33 13 19 12 0 0 11 17 22 20 0 20 33 0 0 0 0 0 0 0 0 0 0 0 0 0 0 0 0 12 0 1 0 0 0 0 0 0 10 0 0 0 0 0 0 0 0 0 0 0 0 0 0 0 0 0 0 0 0 0 0 0 0 0 0 0 0 10 1 0 1 3 3 10 3 0 0 0 0 0 0 0 0 0 0 0 0 0 0 0 0 0 0 0 0 0 0 0 0 0 0 0 1 
 3 0 0 0 0 0 3 0 0 0 0 0 0 0 0 0 0 0 0 0 6 2 127 3 3 73 3 2 126 3 7 26 3 3 3 126 3 26 3 3 0 127 164 266 29 26 490 85 107 53 39 23 57 110 94 104 100 455 132 212 0 0 9 0 0 1 0 4 0 26 5 4 1 0 0 0 0 0 1 0 0 0 0 0 0 0 0 0 0 0 0 0 0 0 0 0 0 0 0 0 0 0 0 0 1 15 0 0 1 1 0 9 0 0 0 0 0 11 0 0 4 7 9 0 13 0 5 57 0 0 0 0 3 0 14 20 0 0 20 43 0 0 0 1 0 0 0 0 0 0 0 1 0 0 0 0 0 0 0 1 0 0 0 1 0 0 0 0 7 0 0 6 0 0 0 0 0 0 0 0 0 0 1 0 11 0 0 0 0 0 3 4 0 0 0 0 0 0 0 0 0 0 0 28 0 0 14 32 28 12 2 0 25 10 3 12 0 15 2 2 0 0 0 0 0 1 0 0 0 0 0 0 0 0 0 0 0 6 0 0 0 0 0 0 0 0 0 0 0 0 0 1 0 0 0 0 0 61 0 0 0 0 2 0 1 0 0 0 0 0 1 0 0 0 0 1 0 0 0 0 0 0 0 0 0 0 0 13 0 0 
 0 0 0 0 0 0 1 0 0 0 0 0 0 0 0 0 0 0 0 0 0 0 0 1 0 0 0 0 0 3 2 62 0 0 3 0 0 0 0 0 127 0 121 65 242 34 346 83 127 113 252 66 110 133 45 113 128 32 112 121 0 0 0 0 1 4 0 3 1 0 4 0 0 0 0 0 59 0 0 0 0 69 0 0 0 0 0 0 2 0 0 0 0 0 0 0 0 0 0 0 7 0 0 0 34 0 0 0 0 0 0 21 0 0 0 0 0 0 0 0 30 15 47 14 67 0 1 13 28 11 5 0 0 7 56 22 24 14 16 1 2 0 0 0 11 0 0 0 0 0 0 2 15 1 0 0 0 0 13 0 0 0 0 0 0 0 0 0 0 0 0 0 0 0 0 0 0 0 2 0 0 0 0 0 0 0 0 0 0 0 0 0 0 0 0 0 0 0 0 0 0 9 13 9 10 8 10 61 3 0 69 46 10 3 2 17 7 36 6 8 4 4 0 0 0 0 0 4 0 0 0 0 0 0 0 0 0 0 0 0 0 0 2 0 0 0 0 0 0 0 0 2 0 0 0 1 0 0 0 0 0 0 68 0 1 0 0 0 0 0 4 0 0 0 0 0 0 0 0 0 0 0 6 0 0 0 0 11 0 0 
 6 3 3 3 3 3 7 3 3 3 3 3 5 3 3 3 3 3 3 3 0 0 0 3 0 3 2 1 0 0 2 0 0 0 0 0 0 1 0 0 164 121 0 227 138 42 133 91 223 147 124 332 290 127 56 260 137 83 81 43 0 0 22 0 0 0 0 0 0 0 2 0 52 0 0 0 2 0 51 0 0 0 0 0 0 0 0 0 0 0 0 0 0 0 0 0 0 0 0 34 0 0 0 0 0 0 0 0 0 0 0 0 0 0 0 0 0 0 0 0 0 24 42 0 23 14 0 22 0 0 20 9 0 21 0 13 40 16 0 0 20 0 0 0 0 0 37 11 0 0 4 0 2 5 17 0 0 10 23 14 0 0 0 0 1 0 0 0 0 0 0 0 0 0 0 0 0 0 1 9 0 0 0 0 0 0 0 0 0 0 0 0 0 0 0 0 0 0 0 0 18 11 5 30 2 6 5 14 0 25 24 6 0 0 12 17 14 2 0 0 49 13 0 0 3 0 9 15 0 0 0 0 13 0 0 0 0 0 6 2 0 0 0 0 0 0 0 0 0 0 0 0 0 0 0 0 0 0 0 27 0 0 1 1 6 4 0 1 1 0 1 0 0 0 0 0 0 0 0 0 0 0 6 0 12 7 0 0 0 0 
 6 6 2 3 3 5 5 5 3 3 2 2 3 3 3 2 4 3 3 2 206 3 3 20 3 5 3 15 3 4 3 3 3 3 212 3 3 3 3 3 266 65 227 0 228 191 506 138 107 204 195 186 50 73 59 264 247 392 107 48 0 7 0 0 0 0 14 108 0 0 0 0 65 0 2 0 27 2 53 2 0 0 0 0 0 0 0 0 0 0 0 10 0 0 0 0 0 0 0 0 0 6 0 0 0 0 0 0 0 0 0 0 0 0 0 0 0 0 0 0 0 28 0 68 20 25 13 0 7 14 25 14 0 14 15 3 22 29 0 0 9 0 0 0 0 0 2 0 0 0 2 0 28 20 20 18 0 14 19 41 0 0 0 0 0 0 0 0 0 0 0 0 0 0 0 0 0 0 2 0 1 0 0 0 0 0 0 0 0 0 0 0 0 0 0 0 0 0 0 0 9 6 9 0 5 1 19 20 17 28 0 48 18 0 0 21 1 3 0 0 12 9 0 0 0 2 10 0 8 0 10 0 5 17 13 0 9 25 0 13 0 0 0 0 0 0 0 0 53 0 0 17 0 9 0 0 0 0 0 11 0 8 0 0 78 2 0 67 2 0 0 0 0 0 0 0 0 0 0 0 0 0 0 0 0 16 0 0 0 0 
 3 3 0 0 0 65 2 3 3 0 0 0 2 0 0 0 2 0 0 0 0 0 0 0 0 3 0 0 0 0 0 0 0 0 0 0 0 0 2 0 29 242 138 228 0 439 463 290 139 89 184 65 311 86 78 160 89 102 104 83 0 41 16 11 0 0 0 23 33 0 0 0 50 23 22 1 262 4 126 54 0 0 0 0 0 0 0 0 0 0 0 0 0 0 0 0 0 0 0 0 0 0 0 0 0 0 0 0 8 0 0 0 0 0 0 0 0 0 0 0 0 0 3 14 21 33 0 0 0 0 8 19 0 0 0 0 0 0 0 2 41 0 7 0 0 7 17 16 51 0 0 3 0 16 29 0 2 0 1 0 0 0 0 0 1 0 0 0 0 0 0 0 0 0 0 0 0 0 1 7 0 0 0 0 0 9 0 0 0 0 0 0 0 0 0 0 0 0 0 0 0 0 0 15 0 35 0 0 0 7 7 3 0 0 0 0 8 10 0 0 27 35 0 1 32 0 24 9 0 0 19 6 15 18 13 2 32 12 2 3 0 0 0 0 0 0 0 0 0 0 0 5 0 0 1 0 0 0 0 17 0 0 2 1 0 7 13 1 0 2 0 0 0 0 0 0 0 0 0 0 0 0 0 0 0 0 0 0 0 0 
 2 2 3 2 2 2 4 64 2 2 2 2 2 2 2 2 2 2 2 2 0 0 0 63 0 0 0 0 0 0 0 0 0 0 0 0 0 0 0 0 26 34 42 191 439 0 447 235 53 40 237 147 58 45 34 62 65 139 92 264 3 77 51 0 0 0 94 110 56 0 0 211 152 50 59 0 0 1 25 107 0 0 0 0 0 0 0 0 0 0 0 0 0 0 0 0 0 0 0 0 0 0 0 0 0 0 3 0 12 0 0 0 0 0 0 0 0 0 0 0 0 0 8 10 47 19 0 14 0 0 0 10 0 0 0 0 0 0 0 0 8 0 0 0 0 0 1 29 15 0 0 0 0 21 0 1 0 15 0 0 0 0 0 0 9 0 0 0 4 3 0 0 0 5 0 0 0 0 1 0 0 0 0 0 0 0 0 0 0 0 0 0 0 0 0 0 0 0 0 0 0 0 4 0 33 24 0 0 0 0 29 10 8 0 0 0 0 9 0 0 8 21 42 17 0 0 6 12 4 0 0 0 2 45 28 2 42 26 0 45 0 0 0 0 0 0 0 0 0 0 0 12 0 0 0 0 0 0 0 1 0 0 3 32 4 15 0 32 2 0 0 0 0 0 0 0 0 0 0 0 14 0 0 0 0 0 0 0 0 0 
 3 2 2 5 2 3 2 2 3 3 2 2 2 2 2 2 2 2 2 2 0 0 73 3 0 43 0 0 62 0 0 66 0 0 206 63 0 63 0 0 490 346 133 506 463 447 0 339 128 28 62 125 176 200 63 388 46 256 104 93 2 0 2 0 0 0 0 0 0 0 3 0 0 0 0 0 1 2 0 0 0 0 0 0 0 0 0 0 0 0 0 0 0 0 0 0 0 0 0 0 0 0 0 0 0 13 0 0 0 0 0 30 2 0 0 0 0 9 0 0 26 1 24 11 33 0 1 19 1 0 3 2 8 30 12 2 0 18 20 13 2 0 7 0 0 0 0 8 0 0 23 0 0 1 0 0 0 0 0 11 0 0 0 1 0 0 0 0 0 0 0 6 0 0 0 10 0 0 2 0 0 0 0 0 0 0 0 0 0 0 33 8 0 0 11 13 0 0 20 0 36 15 6 55 0 2 8 34 8 11 22 1 10 7 24 0 5 13 0 1 2 0 0 0 0 0 0 3 0 0 0 0 0 0 0 0 0 0 2 0 0 0 0 0 0 0 0 0 1 0 0 4 0 1 0 0 0 95 0 0 0 0 1 0 3 3 0 0 2 0 0 0 0 1 0 0 0 0 0 0 0 0 4 0 14 0 0 10 2 0 
 3 0 0 0 6 3 0 0 0 0 0 0 0 0 0 0 2 0 0 0 5 3 9 24 4 66 5 74 9 3 66 3 3 3 3 3 3 3 7 3 85 83 91 138 290 235 339 0 289 122 56 190 106 139 404 49 112 38 205 103 0 0 0 0 3 1 0 0 53 0 45 0 0 0 0 0 0 0 0 1 0 0 0 34 0 0 0 0 0 0 0 0 0 0 0 0 0 0 0 0 1 0 0 0 11 0 0 8 1 7 0 1 0 0 0 0 1 0 0 0 1 7 14 0 0 0 22 38 7 23 24 0 5 0 7 23 21 2 0 33 0 0 0 0 0 0 0 0 0 0 0 1 19 0 0 0 0 0 10 13 0 0 0 0 13 0 0 0 0 0 0 1 0 0 0 0 0 0 2 0 2 0 2 3 11 0 2 0 0 0 0 6 0 0 11 0 1 12 16 5 1 15 0 0 0 7 12 31 0 0 0 4 31 0 11 23 0 0 7 11 0 0 8 0 0 0 0 0 0 0 0 0 0 0 0 0 0 0 7 0 0 0 0 0 0 0 0 0 0 0 0 16 0 2 0 0 0 0 0 1 0 0 2 0 0 1 0 0 0 0 1 0 0 0 0 0 0 0 0 0 0 9 0 0 1 0 0 0 0 0 
 0 0 0 0 63 63 2 11 0 66 0 0 0 0 0 0 0 0 0 0 0 0 0 0 0 0 1 0 1 0 1 0 0 0 1 0 0 0 21 0 107 127 223 107 139 53 128 289 0 84 168 24 187 103 376 129 41 109 311 50 1 0 0 0 0 0 0 0 4 0 0 0 57 1 0 0 0 0 47 0 0 0 0 29 0 0 0 0 0 0 0 14 0 0 0 35 13 0 0 0 0 0 0 0 0 0 7 0 0 0 0 0 7 0 0 0 0 0 6 0 32 0 21 19 1 0 3 0 0 76 0 0 0 0 1 0 21 21 0 0 35 0 2 0 0 0 0 0 0 0 0 0 20 8 16 0 6 0 7 0 0 0 0 0 0 10 0 0 0 2 15 0 0 1 0 0 0 13 2 13 0 0 0 0 0 11 0 19 0 0 0 0 12 0 0 0 0 0 8 30 0 0 0 123 8 0 0 12 0 11 9 11 1 0 24 10 62 0 0 0 0 0 1 1 0 0 0 0 0 0 0 0 1 1 0 0 0 0 10 22 0 0 22 0 0 0 63 0 0 0 0 5 0 0 0 0 0 0 0 17 0 1 0 1 64 7 1 0 2 0 0 0 0 0 0 0 0 19 0 0 0 3 0 0 0 25 0 1 0 0 
 3 3 3 3 3 3 6 6 3 3 3 3 3 3 3 3 3 3 3 3 0 0 0 3 0 0 0 1 0 0 0 0 0 0 0 0 0 0 0 0 53 113 147 204 89 40 28 122 84 0 323 53 106 57 70 91 185 46 152 167 0 2 0 4 4 6 0 0 0 1 9 0 52 0 0 8 95 6 4 89 0 0 0 0 0 0 0 0 0 0 0 0 0 0 0 0 0 0 0 0 0 0 0 0 0 0 21 0 0 0 0 0 0 0 0 0 0 0 0 0 0 19 28 0 2 0 7 0 26 9 11 7 4 9 30 64 24 11 12 0 2 0 0 0 0 0 24 2 0 0 0 2 7 0 16 0 0 13 41 22 0 0 0 0 6 0 0 0 5 4 0 0 0 6 0 0 0 0 1 0 0 0 0 0 0 0 0 0 0 0 0 0 0 0 0 0 0 0 0 0 0 0 0 10 10 0 14 10 11 16 16 48 0 0 3 18 7 22 0 8 0 60 23 9 0 0 19 0 0 0 0 0 0 7 0 3 0 0 31 19 0 0 0 0 0 0 0 0 0 0 0 6 0 0 0 0 0 0 0 11 0 0 64 36 1 24 1 0 0 0 4 0 0 0 0 0 0 0 0 0 0 0 0 0 3 9 0 0 0 0 
 0 0 1 0 0 0 2 3 2 70 0 0 4 0 0 0 0 0 0 0 0 0 6 0 0 0 0 0 63 0 0 0 0 0 3 0 0 0 0 0 39 252 124 195 184 237 62 56 168 323 0 151 26 32 52 105 76 337 42 45 4 0 0 0 0 0 46 79 0 0 0 0 115 0 3 0 0 0 41 107 0 0 0 0 0 0 0 0 0 0 0 0 0 0 0 0 0 0 0 0 0 0 0 0 0 0 0 0 0 0 0 0 0 0 0 0 0 0 0 0 3 0 11 13 12 18 0 4 0 0 20 17 0 0 0 0 0 5 0 0 16 0 0 0 0 0 0 0 0 0 0 0 0 11 10 0 9 11 9 0 0 0 0 0 0 0 0 0 2 2 0 0 0 0 0 0 0 0 2 3 0 0 0 5 0 0 0 0 0 0 0 0 0 0 0 0 0 0 0 0 0 2 5 9 39 92 0 0 7 10 7 3 0 0 0 0 0 11 0 0 26 17 26 0 0 0 36 7 0 0 0 0 3 18 21 0 42 25 10 21 0 0 0 0 0 0 0 0 0 0 0 12 0 0 0 0 0 0 0 15 0 0 0 0 1 6 0 3 0 0 0 0 0 0 0 0 0 0 0 0 0 4 6 0 0 0 0 0 0 0 
 3 4 3 3 3 3 3 3 3 3 3 3 4 3 3 5 3 3 3 3 204 0 0 3 0 0 0 0 67 2 2 0 0 0 0 0 0 114 0 0 23 66 332 186 65 147 125 190 24 53 151 0 90 87 48 45 115 81 35 41 19 55 0 0 0 0 1 0 0 54 0 0 0 1 60 4 51 0 0 102 0 0 0 0 0 0 0 0 0 1 0 0 0 0 0 0 0 0 0 0 0 0 0 0 0 0 0 0 0 0 0 0 0 0 0 0 0 0 0 0 0 10 14 0 18 9 0 0 1 11 0 7 0 0 11 8 12 4 0 0 5 4 0 0 0 0 12 5 22 0 0 3 15 55 10 0 25 19 10 20 0 0 0 0 0 0 0 0 1 0 0 0 0 0 0 0 0 0 0 0 10 5 0 0 0 0 0 0 0 0 0 0 0 0 0 12 0 0 0 0 6 10 4 9 23 15 12 0 16 17 25 0 0 0 13 11 10 10 0 0 0 0 20 9 0 6 27 8 18 0 7 0 12 24 15 0 8 0 11 0 0 0 0 0 0 0 0 0 0 0 0 10 0 0 0 0 0 0 0 19 0 0 63 3 10 2 0 85 0 0 1 0 0 0 0 0 0 0 0 0 0 0 1 0 6 0 0 0 0 0 
 0 0 0 0 0 0 0 0 9 0 0 0 0 0 0 0 6 0 0 0 0 68 129 63 0 65 0 67 65 0 0 1 0 0 0 129 0 33 1 0 57 110 290 50 311 58 176 106 187 106 26 90 0 211 98 88 275 27 171 194 0 0 0 7 6 0 1 0 1 0 0 6 0 0 4 0 20 0 0 0 0 0 0 0 0 0 0 0 0 0 0 0 0 0 0 0 0 0 0 0 0 0 0 0 0 23 0 1 0 17 0 1 0 0 0 0 11 0 0 18 22 8 11 24 0 0 9 30 19 0 0 0 17 75 19 7 19 35 47 37 5 0 0 0 0 0 0 0 0 0 14 6 2 0 6 0 0 0 0 0 0 0 0 0 0 0 0 0 0 0 0 7 0 0 0 0 0 0 0 12 3 0 0 0 0 0 0 0 0 7 6 3 0 0 0 10 0 0 0 0 45 26 0 0 3 0 6 0 14 0 6 0 19 0 54 0 47 20 0 7 0 0 0 0 0 0 0 0 0 0 0 6 0 0 0 0 0 0 0 0 0 0 15 0 0 0 0 0 0 0 0 1 0 0 0 0 0 1 0 0 0 0 34 0 0 0 2 0 0 0 19 0 0 0 0 0 0 0 0 0 0 0 0 0 19 34 0 0 0 0 
 3 3 3 3 3 3 3 3 3 3 3 3 3 3 3 3 3 3 3 3 11 3 3 11 13 4 3 62 3 6 4 5 8 3 22 12 3 10 3 3 110 133 127 73 86 45 200 139 103 57 32 87 211 0 202 74 97 65 99 315 0 0 0 0 0 0 0 0 2 0 0 0 0 0 0 0 50 0 0 0 0 0 0 0 0 0 0 0 0 0 0 0 0 0 0 0 0 0 0 0 0 15 5 0 0 7 0 0 0 0 13 0 11 5 0 5 0 1 0 0 18 2 22 15 20 11 11 1 10 23 0 11 1 2 24 0 22 25 5 9 4 0 0 0 0 0 7 22 0 0 0 2 29 0 0 0 0 0 0 13 0 0 0 0 0 0 0 0 0 0 0 0 0 0 0 0 0 0 1 0 0 33 0 0 1 0 0 0 6 0 0 0 0 1 0 0 0 11 0 0 31 6 0 24 9 12 28 11 0 1 13 0 46 11 11 10 41 20 4 0 0 0 0 0 0 0 7 0 0 0 0 0 9 0 0 0 0 0 1 0 0 0 16 0 0 0 0 0 0 0 0 7 0 1 0 0 0 0 2 4 0 0 66 0 0 2 0 0 1 0 0 0 0 0 0 0 0 0 0 0 0 0 0 0 26 15 0 7 2 10 
 0 0 5 0 2 0 0 0 0 0 0 0 0 0 0 0 4 6 0 0 0 0 0 0 0 62 2 0 0 0 0 0 0 0 0 0 0 0 0 0 94 45 56 59 78 34 63 404 376 70 52 48 98 202 0 329 93 52 77 111 0 0 0 0 8 0 0 0 0 3 0 0 18 0 0 0 1 0 2 0 0 0 0 7 8 0 0 0 0 0 0 0 0 0 0 0 0 0 0 0 0 0 0 0 1 0 8 0 0 0 0 0 0 0 0 0 6 0 12 0 14 0 14 1 13 12 0 0 0 13 17 25 9 24 18 0 7 1 0 0 0 0 0 0 0 0 7 11 0 0 7 0 11 0 0 0 0 0 0 24 0 0 0 3 0 6 0 0 0 0 0 6 0 0 0 0 0 0 1 0 7 0 0 0 0 0 0 0 0 0 0 0 0 0 0 0 8 2 2 7 7 2 35 23 28 43 23 28 19 23 8 0 20 0 5 0 21 0 0 0 0 0 0 0 0 0 7 0 0 0 0 0 8 0 3 0 0 0 22 0 0 0 0 0 0 0 0 0 0 0 0 18 0 1 0 0 0 0 0 5 10 0 0 0 2 1 0 0 1 0 0 0 0 0 0 0 0 0 0 0 0 2 0 0 0 16 0 11 0 0 
 0 2 1 64 0 0 0 1 0 1 0 0 0 0 0 0 72 0 0 0 0 0 0 210 0 62 0 0 0 0 0 0 0 0 0 0 0 0 0 0 104 113 260 264 160 62 388 49 129 91 105 45 88 74 329 0 74 96 38 45 1 0 0 0 6 0 0 0 1 4 0 0 69 0 0 0 1 0 51 0 0 0 0 0 0 0 0 0 6 1 0 0 0 0 0 0 0 0 0 0 0 0 0 0 0 0 25 0 0 0 0 0 0 0 0 0 0 0 0 3 31 0 19 9 11 0 0 0 0 17 22 0 8 28 0 0 1 20 0 0 29 0 0 0 0 0 0 21 0 0 7 0 0 0 8 0 0 0 7 45 0 40 1 0 0 0 0 17 0 4 0 0 0 0 4 0 0 0 2 7 0 0 0 0 0 0 0 0 0 0 0 0 0 0 0 0 2 0 0 0 0 3 21 42 12 0 0 4 0 39 11 19 30 0 8 0 14 0 0 0 0 0 0 1 0 0 0 0 0 14 0 0 0 1 0 7 0 0 22 20 0 0 0 0 0 0 24 0 0 0 0 6 0 2 0 0 0 0 0 15 0 0 4 1 79 1 0 1 1 0 0 0 0 0 0 0 0 0 0 0 0 0 0 0 0 22 0 0 0 0 
 0 0 0 0 0 0 0 2 0 0 0 0 2 0 0 0 6 0 0 0 3 3 3 24 3 4 3 3 3 3 3 3 3 3 3 3 3 3 3 3 100 128 137 247 89 65 46 112 41 185 76 115 275 97 93 74 0 135 134 258 0 0 0 0 50 0 0 0 0 0 0 0 0 0 0 0 0 0 0 51 0 0 0 0 0 0 0 0 0 0 0 0 0 0 0 0 0 0 0 0 0 0 0 0 0 0 0 0 0 0 0 1 0 0 0 0 0 0 0 0 0 26 1 0 30 1 14 3 9 11 47 10 0 0 1 17 23 0 10 1 0 0 0 0 0 0 30 5 0 0 0 5 21 0 22 0 0 0 19 35 0 0 0 0 0 0 0 0 0 0 0 0 0 0 0 0 0 0 2 0 11 0 0 0 1 0 0 0 0 0 0 0 0 0 0 0 0 0 0 0 1 46 0 0 0 7 26 44 3 18 6 4 44 0 0 19 0 10 0 7 0 14 11 0 0 0 9 0 0 0 0 0 0 0 0 0 0 0 9 0 0 0 0 0 0 0 0 0 0 0 0 9 0 0 0 0 0 0 0 0 0 0 2 0 4 0 1 0 0 0 30 0 0 0 0 0 0 0 0 0 0 0 0 0 0 0 0 0 0 12 
 0 0 0 0 0 0 0 0 3 1 0 0 0 0 0 0 3 0 0 0 0 2 0 0 0 0 0 3 0 2 2 0 62 0 2 2 0 0 0 0 455 32 83 392 102 139 256 38 109 46 337 81 27 65 52 96 135 0 42 40 0 3 0 0 8 3 0 1 1 0 0 2 78 0 5 0 1 0 11 0 0 13 0 0 0 0 0 0 0 0 0 0 0 0 0 0 0 0 0 0 0 0 0 0 0 0 0 0 0 0 0 0 0 0 0 0 0 0 0 0 0 31 25 0 16 17 0 0 0 1 8 1 15 0 0 12 22 22 0 0 16 0 0 0 0 0 7 1 0 0 0 0 3 19 20 0 0 21 19 0 0 0 0 0 3 0 0 29 18 10 0 0 0 18 0 0 0 0 1 18 16 0 0 0 0 0 0 0 0 0 0 0 0 0 0 0 15 0 0 0 0 0 0 1 31 1 0 16 12 23 6 19 0 0 0 20 0 6 0 0 0 29 21 9 0 0 0 0 0 0 0 0 0 6 10 12 9 0 0 20 0 0 0 0 0 0 0 0 0 0 0 4 0 0 0 0 0 0 0 0 0 0 0 40 35 13 4 70 3 0 0 0 0 0 0 0 0 0 0 0 0 0 0 0 0 0 0 0 0 0 
 0 0 0 0 0 0 3 0 13 0 2 0 54 0 0 0 0 0 0 0 0 62 127 89 0 0 0 62 63 0 10 0 202 0 61 137 1 0 0 0 132 112 81 107 104 92 104 205 311 152 42 35 171 99 77 38 134 42 0 235 0 0 3 0 7 7 0 2 0 6 4 7 1 0 0 0 0 0 0 0 0 0 0 0 0 0 0 0 0 0 0 0 0 0 0 0 0 0 0 0 0 0 0 0 2 7 0 0 0 9 0 14 0 0 0 0 10 20 0 0 0 3 0 0 0 0 16 19 26 0 5 0 0 19 14 12 33 11 10 3 0 0 0 0 0 0 0 0 0 0 0 9 0 0 28 0 0 0 0 10 0 0 0 0 0 0 0 0 0 0 0 0 0 0 0 0 0 1 2 0 0 0 0 0 1 11 0 0 0 18 21 0 0 0 0 34 0 1 0 0 39 11 15 11 0 0 32 37 18 9 1 19 7 8 0 6 0 0 11 8 0 0 0 0 0 0 0 0 0 0 0 0 0 0 0 0 0 1 0 0 0 0 0 0 10 0 0 0 0 0 0 4 0 0 0 0 0 63 0 0 0 0 2 0 0 4 0 0 0 0 22 0 0 0 0 0 0 0 0 0 0 0 0 0 0 2 0 0 0 0 
 0 0 62 0 0 0 2 0 0 0 0 0 3 0 0 0 0 0 0 0 0 62 88 22 0 32 0 2 80 64 0 66 0 0 0 66 0 68 0 2 212 121 43 48 83 264 93 103 50 167 45 41 194 315 111 45 258 40 235 0 6 0 62 6 0 0 0 4 30 0 0 0 8 0 0 0 2 0 5 4 0 0 0 10 0 0 0 0 0 0 0 0 0 0 0 10 0 0 0 0 0 0 0 0 3 15 0 0 0 19 0 34 0 0 0 0 11 24 0 0 14 14 0 22 0 0 1 29 55 0 0 0 10 21 1 12 31 0 35 30 3 10 8 0 18 1 4 9 0 0 8 4 0 0 7 10 3 0 0 0 0 0 0 0 0 0 0 0 0 0 0 10 0 0 0 0 0 0 2 0 0 0 11 0 0 9 0 0 0 11 23 9 0 0 0 4 0 0 0 0 6 17 0 11 0 0 13 14 11 10 0 0 0 31 9 0 0 13 0 10 1 0 0 0 0 0 2 0 0 0 0 3 0 0 18 7 2 0 0 0 0 0 0 0 0 0 0 0 0 0 0 15 0 1 0 0 0 63 0 0 0 0 2 0 0 2 3 0 2 0 15 0 0 0 0 0 0 0 0 0 0 0 0 0 0 10 0 0 2 0 
 3 3 11 6 3 2 3 3 3 3 3 3 11 3 3 82 3 3 3 3 0 0 0 2 0 0 0 0 0 52 0 0 0 0 0 0 0 0 0 0 0 0 0 0 0 3 2 0 1 0 4 19 0 0 0 1 0 0 0 6 0 239 106 48 39 56 97 113 113 29 35 41 46 108 207 125 42 94 75 43 0 0 0 0 0 0 0 0 0 0 0 0 0 0 0 0 0 0 0 0 0 0 0 0 0 0 0 0 0 0 0 0 0 0 0 0 0 0 0 0 0 0 0 0 3 0 0 0 0 0 0 0 0 0 0 0 0 0 0 0 0 15 9 0 0 16 0 3 14 9 0 21 0 10 0 15 24 26 4 0 0 0 0 0 1 0 0 0 1 0 0 0 0 1 0 0 0 0 0 0 0 0 0 8 0 0 0 0 0 0 0 0 0 0 0 0 0 0 0 0 0 0 0 0 7 0 0 0 0 1 28 0 0 0 0 0 0 0 0 0 0 0 25 24 36 14 0 7 17 20 7 15 1 7 0 45 0 0 0 0 7 0 0 0 0 0 0 0 0 0 0 0 0 1 16 0 0 0 0 0 0 0 0 1 0 1 0 0 0 0 0 0 0 2 0 3 0 0 0 0 0 0 0 0 0 0 0 12 0 1 
