 0 159 157 46 37 36 89 214 135 124 235 95 256 97 56 119 22 109 138 269 3 0 8 0 77 0 0 0 0 0 0 2 5 0 0 4 0 0 5 3 0 3 0 0 0 3 0 2 0 0 3 0 0 3 0 0 3 0 3 0 0 0 0 0 0 0 0 0 0 0 0 3 0 0 0 11 1 0 3 0 20 22 41 28 0 0 22 44 0 11 19 62 28 19 1 16 25 21 40 0 0 0 0 0 0 0 0 0 0 0 0 0 0 0 0 0 0 0 11 0 0 0 0 0 0 0 0 0 0 0 0 0 0 0 0 0 0 0 0 0 0 1 0 0 0 7 0 0 0 0 4 0 0 0 0 0 0 0 0 0 0 22 0 10 14 51 0 70 15 6 0 0 18 3 0 3 0 29 16 20 0 0 0 0 0 0 0 0 0 0 0 0 0 0 0 0 0 0 19 0 0 0 0 0 0 0 0 0 0 0 0 0 0 0 0 0 13 0 0 0 0 0 0 0 0 0 0 0 0 0 0 0 0 0 0 0 0 0 0 24 0 0 0 0 0 2 0 0 2 1 0 8 1 0 0 0 0 0 0 0 0 0 0 0 0 0 0 0 0 0 0 0 0 0 0 0 0 0 0 0 0 0 0 0 0 0 0 0 0 0 
 159 0 286 568 38 153 239 229 260 33 34 243 34 108 291 89 227 27 352 274 3 0 2 2 3 0 6 0 4 4 2 0 207 0 0 3 2 0 2 7 0 0 2 0 0 1 0 0 60 0 0 0 0 0 0 0 0 0 0 0 13 1 0 0 1 0 0 0 0 0 0 0 0 6 3 0 0 0 2 0 21 22 34 12 25 0 11 0 16 28 27 4 2 18 41 14 57 43 2 0 1 1 0 2 0 0 1 0 0 0 0 0 40 41 0 0 0 0 26 22 7 0 0 0 0 0 0 1 0 0 0 0 0 1 0 0 0 0 1 0 0 0 0 0 0 0 8 0 0 0 0 0 0 0 0 0 0 0 0 0 13 19 11 11 31 14 0 6 15 20 0 11 0 10 0 2 11 17 0 20 1 0 0 0 0 0 0 0 0 0 0 0 12 0 0 0 0 2 31 14 0 0 0 0 1 0 1 1 0 0 0 0 0 0 0 0 0 2 0 0 0 0 0 0 0 0 2 0 0 0 0 0 0 0 16 0 0 1 0 0 0 0 0 0 0 2 2 0 88 12 1 1 0 0 0 0 0 0 0 0 0 0 0 0 0 0 0 0 0 0 0 0 0 0 0 13 0 0 0 0 0 0 0 0 0 0 0 0 0 0 
 157 286 0 260 150 36 152 144 435 361 271 328 286 351 169 159 215 157 49 194 3 0 3 0 2 0 4 122 38 0 72 0 3 0 0 5 0 0 0 3 0 3 0 0 0 3 0 3 0 0 4 0 0 3 0 0 3 0 3 0 3 0 0 0 0 0 0 0 0 0 0 2 0 0 0 3 53 0 3 0 18 24 28 23 16 0 12 1 8 22 20 5 11 0 0 0 35 70 14 0 0 0 0 0 0 0 13 0 0 0 0 0 15 0 0 0 0 0 27 0 0 0 0 0 1 0 0 0 0 0 0 0 0 2 0 0 0 0 0 0 0 0 0 0 0 0 2 0 0 0 0 0 0 0 0 0 15 0 0 0 1 9 12 24 37 29 9 27 26 1 0 2 0 1 8 11 1 39 0 0 17 0 0 0 0 0 0 0 0 15 0 0 0 0 61 0 0 0 68 22 0 0 0 0 0 0 0 0 0 9 0 0 0 0 0 0 0 0 0 0 0 0 0 0 0 0 0 0 0 0 0 3 0 0 0 0 0 0 0 0 0 0 0 0 0 1 4 2 0 88 0 5 2 0 0 0 0 0 0 0 0 0 0 0 0 0 0 0 0 0 0 0 0 0 0 17 0 0 0 0 0 0 0 0 0 0 0 0 0 0 
 46 568 260 0 142 44 267 418 98 165 47 26 73 302 245 141 351 31 337 272 3 0 3 0 2 0 0 0 0 2 2 0 3 0 0 4 0 0 0 5 0 3 0 2 0 3 0 2 0 0 3 0 0 3 0 0 3 3 3 0 7 0 0 0 50 0 1 0 0 0 0 3 0 0 0 3 1 0 3 0 40 0 17 0 13 0 0 1 17 40 11 0 11 0 15 1 41 20 72 18 0 0 0 0 0 0 13 0 0 0 0 0 11 0 0 0 0 0 19 0 0 0 0 0 0 0 0 0 0 0 0 0 0 0 0 0 0 0 0 0 0 0 0 0 0 0 2 0 0 0 0 0 0 0 0 0 0 0 0 0 8 17 28 3 1 8 0 13 23 1 52 11 0 25 10 54 0 46 0 16 0 0 0 0 0 0 0 0 0 0 0 0 0 0 0 0 0 0 45 8 0 0 0 0 0 0 0 0 0 0 0 0 0 0 0 0 0 1 0 0 0 0 0 0 0 0 0 0 0 0 0 0 15 0 15 0 0 0 0 0 0 0 1 0 0 0 0 0 0 89 0 5 2 0 0 0 0 0 0 0 0 0 0 0 0 0 0 0 0 2 0 0 0 0 0 17 0 0 0 0 0 0 0 0 0 0 0 0 0 0 
 37 38 150 142 0 248 36 358 79 55 495 140 103 67 74 67 339 119 42 87 39 61 3 0 2 3 0 75 77 0 0 1 8 2 2 28 0 0 36 4 0 3 0 0 5 3 0 2 0 0 5 0 0 3 0 0 77 0 3 0 0 0 0 0 0 0 0 4 0 0 0 3 0 0 0 3 1 0 3 0 0 11 0 0 0 46 0 0 0 0 16 12 0 0 0 15 0 15 0 0 19 13 1 24 11 0 41 0 39 0 0 0 0 37 0 23 2 10 11 1 0 0 0 0 0 0 0 0 0 0 0 0 0 0 0 0 0 9 0 1 0 0 0 0 0 0 0 0 0 4 0 0 6 1 0 0 0 0 0 0 0 1 10 0 18 0 4 0 0 12 29 0 0 0 0 0 0 0 0 0 19 13 11 0 0 0 0 16 0 0 0 0 29 10 0 10 10 9 7 66 0 0 0 0 0 0 0 0 0 0 0 0 0 0 0 0 0 0 0 0 0 0 0 0 0 33 0 0 0 0 0 0 13 0 0 0 0 0 0 0 0 24 0 0 0 0 93 0 2 4 0 0 0 2 2 0 0 0 0 0 0 0 0 0 0 0 0 0 0 0 0 0 0 0 0 1 0 0 0 0 0 0 0 0 0 0 0 0 0 0 
 36 153 36 44 248 0 131 34 50 157 195 123 37 54 142 165 58 116 42 68 77 76 3 0 2 2 0 74 82 1 1 1 3 0 0 30 0 1 74 7 0 3 0 0 0 3 0 2 0 0 5 0 1 3 0 0 3 0 3 0 0 0 0 0 0 0 0 0 50 0 0 3 0 2 0 3 2 0 2 4 0 0 0 16 3 22 1 0 11 1 0 17 0 37 24 9 18 8 0 0 41 0 0 11 0 0 30 0 27 0 0 0 0 6 0 0 9 13 0 43 0 0 0 0 0 3 0 0 0 0 1 0 0 0 0 0 0 0 0 0 0 0 1 0 0 0 0 0 0 4 0 0 6 0 0 0 0 0 0 0 0 54 20 0 1 24 15 0 13 31 22 20 0 0 0 0 3 0 0 0 7 7 0 0 0 0 20 37 0 0 16 0 38 12 0 7 0 1 10 0 0 0 0 0 0 0 0 2 0 0 0 0 0 0 0 0 0 1 0 0 0 0 0 0 0 0 1 0 0 0 0 0 0 0 0 0 0 2 0 0 0 9 0 0 0 3 43 0 50 1 1 4 0 0 0 0 0 0 0 0 0 0 0 0 0 0 0 0 0 0 0 0 0 0 0 0 18 0 0 0 0 0 0 0 0 0 0 0 0 0 
 89 239 152 267 36 131 0 132 39 128 45 76 119 130 66 359 29 238 62 97 3 0 3 0 2 0 0 0 0 0 0 2 3 0 0 7 0 23 0 3 0 3 0 0 0 3 0 2 0 0 3 0 0 3 0 0 3 0 3 0 5 0 0 0 0 0 0 0 0 0 0 3 0 0 0 3 1 0 3 0 3 27 28 43 0 0 5 0 17 25 19 3 38 7 32 34 63 43 0 0 0 0 0 0 0 0 0 0 0 0 0 0 0 0 0 0 0 0 27 0 0 0 0 0 0 2 0 0 0 0 0 0 0 0 1 0 0 0 0 0 0 0 0 0 0 2 0 0 0 0 5 1 1 0 2 0 0 0 0 9 0 24 10 11 20 50 13 40 23 15 33 5 2 28 22 18 10 18 1 9 0 0 0 0 0 0 0 0 0 0 0 0 0 0 2 0 0 0 45 0 0 0 0 0 0 1 0 0 0 0 0 0 0 0 0 0 0 0 0 3 0 0 0 0 0 0 0 0 0 0 2 0 0 0 0 0 0 0 0 0 0 20 30 0 0 0 2 0 88 90 7 4 0 0 0 0 0 0 0 0 0 13 0 0 0 0 0 0 0 0 0 0 0 0 0 15 9 0 0 0 0 0 0 0 0 2 0 0 0 0 
 214 229 144 418 358 34 132 0 121 110 62 121 253 175 459 50 328 45 302 148 2 0 5 0 2 0 1 0 27 5 2 2 6 0 3 7 0 0 0 5 0 3 0 65 3 2 0 3 0 3 6 2 0 3 0 1 5 0 5 0 0 0 0 0 3 5 0 3 0 0 1 2 0 0 0 3 42 2 3 0 2 17 37 23 3 0 8 29 35 15 5 10 0 19 0 57 1 19 0 13 5 0 13 0 0 0 0 0 0 0 0 0 38 0 0 0 0 0 14 3 0 0 0 0 5 0 0 0 0 0 0 0 0 0 0 0 0 0 0 0 0 0 0 0 0 0 4 0 0 0 0 0 0 0 0 0 13 0 0 0 2 18 1 0 0 25 0 11 0 0 0 0 14 0 0 13 3 23 7 13 0 0 0 0 0 0 0 64 0 0 0 0 0 0 0 0 0 0 0 10 0 0 0 0 0 16 0 0 0 0 0 0 0 0 0 0 0 0 0 0 0 0 0 0 0 0 0 0 0 0 0 0 0 0 0 0 0 0 0 0 0 0 0 0 0 0 0 0 0 91 2 7 16 0 0 0 2 0 0 0 0 0 0 0 0 0 0 0 0 0 0 0 0 0 0 0 0 0 0 0 0 0 0 0 0 0 0 0 0 1 
 135 260 435 98 79 50 39 121 0 338 40 207 266 270 261 301 248 29 165 157 3 0 3 0 3 1 0 0 0 2 2 1 79 0 0 3 0 0 1 96 0 3 0 0 0 3 0 2 0 0 3 0 0 3 0 0 3 0 3 0 0 0 0 0 0 0 0 0 0 0 52 3 49 0 0 2 2 0 2 2 14 9 0 15 11 4 11 0 10 7 0 0 10 12 2 0 24 15 13 26 0 0 1 0 0 0 19 0 0 0 0 10 13 0 0 0 0 6 15 14 0 0 0 0 0 0 0 0 0 0 0 0 0 11 0 0 0 0 0 1 0 0 0 0 0 9 0 0 0 0 0 0 0 0 0 0 0 0 0 0 8 50 0 7 14 0 0 22 13 21 0 10 1 8 0 14 0 13 14 18 10 0 0 1 0 0 0 0 0 1 0 0 0 0 0 0 0 0 33 12 0 0 0 0 0 0 0 0 0 0 0 0 0 0 0 0 0 8 0 0 0 0 0 0 0 0 0 0 0 0 0 0 2 0 0 0 0 0 2 0 0 0 0 0 0 0 2 0 3 1 0 9 0 0 0 0 0 0 0 0 0 0 1 0 0 0 0 0 0 0 0 0 0 0 0 30 9 0 0 0 0 0 0 0 0 0 0 0 0 0 
 124 33 361 165 55 157 128 110 338 0 69 152 122 61 325 217 150 130 244 333 3 0 3 0 2 0 0 0 0 0 0 2 3 0 0 3 0 0 2 3 0 3 0 0 0 3 0 2 0 0 3 0 0 3 0 0 3 0 6 0 0 0 0 0 0 0 0 0 0 0 32 3 0 0 0 3 1 0 3 0 0 11 30 3 0 0 23 24 12 7 29 0 10 27 29 13 24 33 7 14 0 0 0 0 0 0 0 0 0 0 0 0 0 14 0 0 0 0 0 10 0 0 0 0 0 0 0 0 0 1 0 0 0 0 0 0 0 0 2 0 0 0 0 0 0 3 0 0 0 0 0 0 0 0 0 0 0 0 2 0 11 11 0 39 18 2 0 1 11 21 0 35 0 15 0 0 10 18 13 36 0 0 0 0 0 0 0 0 0 0 0 0 1 0 0 0 0 0 38 0 0 0 0 0 0 0 0 0 0 0 0 0 0 0 0 0 0 0 0 0 0 0 0 0 0 0 0 0 0 0 0 0 0 0 2 0 0 0 0 0 0 0 0 0 0 1 3 0 87 2 1 1 0 0 0 0 0 0 0 0 0 0 0 0 0 0 0 0 0 0 0 0 0 0 0 19 0 1 0 0 0 0 0 0 0 0 0 0 0 0 
 235 34 271 47 495 195 45 62 40 69 0 57 41 71 123 89 354 173 52 64 153 0 6 1 2 1 0 5 3 0 1 1 84 0 2 5 1 4 93 158 0 6 3 0 0 7 3 6 0 0 5 0 4 3 0 0 3 0 3 0 1 0 0 0 0 51 0 3 0 0 0 3 2 0 3 8 0 4 3 6 0 0 1 1 13 20 0 0 2 0 64 38 0 0 2 12 0 0 0 0 14 0 11 0 2 0 24 0 19 1 0 0 19 29 7 0 0 15 15 13 0 0 0 0 4 0 0 0 0 0 0 0 0 10 0 0 0 0 0 0 0 0 0 0 0 0 0 0 2 0 0 0 0 0 0 0 0 0 0 2 0 0 0 0 14 7 6 0 0 14 0 0 0 0 0 0 0 0 0 0 9 12 1 1 0 0 15 16 0 0 0 0 21 2 12 25 0 0 0 3 0 0 0 0 0 0 0 0 0 0 0 0 0 0 9 0 0 0 0 0 0 0 0 0 0 0 0 1 0 0 0 0 0 0 0 0 0 0 0 0 0 12 0 0 0 0 3 0 2 3 0 6 0 0 0 0 0 0 0 0 0 0 0 0 0 0 0 0 0 1 2 0 0 0 0 0 0 0 0 0 0 0 0 0 0 0 0 0 0 0 
 95 243 328 26 140 123 76 121 207 152 57 0 248 117 48 343 171 277 26 27 3 19 3 0 3 0 0 0 1 0 1 0 3 0 0 3 0 0 73 3 0 3 0 0 63 3 0 2 0 0 5 0 0 3 0 0 3 2 3 0 4 0 0 0 0 0 0 0 0 0 0 3 0 0 0 2 2 0 2 0 0 29 10 45 0 19 17 11 10 7 37 27 10 17 14 12 15 36 0 0 6 0 16 2 0 0 1 0 0 0 10 0 0 0 7 3 0 0 12 12 0 0 0 0 0 0 0 0 0 0 0 0 0 0 0 0 0 2 0 0 0 0 20 0 0 0 0 0 0 0 0 0 10 0 0 0 20 0 0 14 0 20 0 18 39 10 0 17 57 21 9 14 0 0 0 0 23 17 0 0 31 0 0 0 0 0 0 1 0 14 0 0 12 0 40 0 0 0 80 13 0 0 0 0 0 0 0 0 0 0 0 0 0 0 0 0 0 0 0 0 0 0 0 0 0 0 0 0 9 0 14 0 0 0 0 0 0 0 0 0 0 0 0 0 0 4 9 0 91 85 0 5 0 0 0 0 0 0 0 0 0 0 0 0 0 0 0 0 0 0 0 0 0 0 0 25 0 0 0 0 0 0 0 0 0 0 0 0 0 0 
 256 34 286 73 103 37 119 253 266 122 41 248 0 408 42 145 58 45 533 615 2 2 5 0 2 0 1 5 4 1 0 4 2 3 3 6 0 0 0 43 2 2 2 3 0 2 2 3 0 2 3 0 0 3 0 2 4 0 3 0 0 0 0 0 0 0 0 2 0 0 35 0 0 0 0 6 0 0 3 0 26 2 40 0 0 0 53 11 6 13 0 8 14 68 33 0 0 0 35 20 0 0 0 0 0 0 0 0 0 0 0 0 0 0 0 0 0 0 0 0 0 0 0 0 0 0 0 0 0 0 0 0 0 0 0 0 0 0 0 0 0 0 0 0 0 9 0 0 0 0 0 0 0 0 0 0 0 0 0 0 0 0 0 25 0 1 9 19 0 32 0 11 12 0 0 14 0 15 16 18 0 0 0 0 0 0 0 0 0 0 0 0 0 0 0 0 0 0 0 0 0 0 0 0 0 0 0 0 0 0 0 0 0 0 0 0 0 4 0 0 0 0 0 0 0 0 0 0 0 0 0 0 0 0 0 0 0 0 0 0 0 0 0 0 0 3 0 0 2 0 1 9 20 0 0 0 0 2 0 0 0 0 0 0 0 0 0 2 0 8 0 0 0 0 0 22 0 1 0 0 0 0 0 0 0 0 0 0 0 0 
 97 108 351 302 67 54 130 175 270 61 71 117 408 0 76 53 22 33 357 143 3 0 3 0 4 1 0 124 0 0 0 1 3 0 3 4 4 2 0 10 0 3 1 2 3 5 2 3 2 0 5 2 0 3 2 0 3 0 7 0 7 0 1 41 6 0 5 3 3 2 0 1 0 3 3 55 0 0 3 1 49 10 2 0 0 0 17 18 9 0 0 0 22 24 0 0 19 17 35 52 0 0 0 0 0 0 0 0 0 0 0 0 0 0 0 0 0 0 25 0 0 0 0 0 0 0 0 0 0 0 0 0 0 0 0 0 2 1 0 0 0 0 0 0 0 19 0 0 0 0 1 0 0 0 0 0 0 0 0 0 18 24 11 0 16 0 0 21 0 0 0 30 0 24 27 38 20 8 19 40 1 2 0 0 0 0 0 0 0 0 0 0 0 0 0 0 0 0 0 0 0 0 0 0 0 0 0 0 0 0 0 0 0 0 0 0 0 0 1 0 17 2 0 0 0 0 0 0 1 0 0 0 0 0 0 0 0 0 0 0 0 0 0 0 0 4 0 0 0 43 0 16 0 0 0 0 0 0 0 0 0 0 0 2 0 0 1 0 0 0 0 0 0 0 2 16 0 0 0 0 0 0 0 0 0 0 0 0 0 0 
 56 291 169 245 74 142 66 459 261 325 123 48 42 76 0 193 543 226 174 358 3 0 3 0 2 0 0 1 0 0 0 5 3 0 0 4 0 0 1 3 0 3 0 0 0 3 0 2 0 0 3 0 0 3 0 0 3 0 3 0 0 0 0 0 0 0 0 0 0 0 0 3 0 0 0 2 3 0 1 1 0 6 15 9 14 0 7 8 0 15 12 0 0 23 15 36 23 54 0 14 0 2 2 1 0 0 19 0 0 0 0 0 16 0 0 0 0 0 38 1 0 0 0 0 0 0 0 2 0 0 0 0 0 2 0 0 0 0 0 0 0 0 0 0 0 0 3 0 0 0 0 0 0 0 0 0 0 0 0 0 34 16 13 30 1 24 0 0 2 8 31 27 0 33 23 19 17 5 1 0 0 0 0 0 0 0 0 0 0 0 0 0 0 0 0 0 15 0 0 9 0 0 0 0 2 0 2 0 0 0 0 0 0 0 0 1 0 20 0 0 0 0 0 0 0 0 10 0 0 0 0 0 0 0 0 0 0 2 0 0 0 0 0 0 0 0 87 0 0 3 0 10 0 0 0 0 0 0 0 0 0 0 0 0 0 0 0 0 0 0 0 0 0 0 0 0 14 0 0 0 0 0 0 0 0 0 0 0 0 0 
 119 89 159 141 67 165 359 50 301 217 89 343 145 53 193 0 335 135 354 166 38 0 3 0 2 0 0 2 0 205 0 1 3 0 3 3 0 0 0 4 0 3 0 0 0 3 1 2 0 0 5 2 0 3 2 0 3 0 6 0 0 0 0 0 3 0 0 0 0 0 54 3 1 0 0 3 4 0 5 0 12 0 35 25 11 0 34 9 11 39 29 0 3 37 51 11 26 11 10 10 0 0 0 0 0 0 0 0 0 1 0 0 0 0 0 0 0 2 0 30 0 0 0 0 0 0 0 0 0 0 0 0 0 0 0 0 0 0 0 0 0 0 0 0 0 1 0 0 0 1 0 0 0 0 0 0 0 0 0 0 32 35 10 96 16 0 0 4 12 40 17 24 0 37 15 16 24 26 1 18 0 0 0 0 0 0 0 0 0 0 0 0 0 0 0 0 0 0 38 0 0 0 0 0 0 0 0 0 1 0 0 0 0 0 0 0 0 15 0 0 0 0 0 0 0 0 0 0 0 0 0 0 0 0 0 27 0 0 0 0 0 0 0 0 0 1 1 0 95 1 0 8 0 0 0 0 0 0 0 0 0 0 0 0 0 0 0 0 0 0 0 0 0 0 0 54 11 15 0 0 0 0 0 0 0 0 0 0 0 0 
 22 227 215 351 339 58 29 328 248 150 354 171 58 22 543 335 0 99 30 47 4 0 3 0 2 1 9 0 0 2 2 2 81 0 0 3 0 0 1 79 0 3 3 0 0 3 0 3 0 1 3 0 0 3 0 0 3 0 3 0 0 0 0 0 0 0 0 5 0 3 0 2 5 0 0 3 0 0 3 0 1 1 19 41 93 0 5 0 0 0 0 12 0 18 1 17 21 1 0 22 22 0 0 0 2 0 30 0 22 0 0 0 29 12 0 0 1 0 32 16 0 0 0 0 2 0 0 0 0 0 0 10 0 0 0 0 0 0 0 0 0 0 0 0 0 0 2 0 0 0 0 0 0 0 0 0 0 0 0 2 11 14 19 21 0 17 0 0 8 2 10 20 0 1 21 2 63 11 15 24 0 0 0 0 0 0 0 0 0 0 0 0 11 0 1 0 0 0 2 9 0 0 0 19 0 0 0 0 0 0 2 0 0 0 0 0 0 14 0 0 0 0 0 0 1 0 0 0 0 0 0 0 0 0 0 0 0 0 0 0 0 11 0 0 0 0 43 3 1 2 0 23 0 0 0 0 0 0 0 0 0 0 0 0 0 0 0 0 0 0 0 0 0 0 0 0 14 0 0 0 0 0 0 0 0 0 0 0 0 0 
 109 27 157 31 119 116 238 45 29 130 173 277 45 33 226 135 99 0 127 117 3 1 3 0 2 0 0 0 0 0 0 2 4 0 0 5 1 0 0 3 9 3 0 0 62 3 0 2 0 0 6 0 0 3 0 0 3 0 3 0 0 0 0 0 0 0 0 5 0 0 0 3 2 0 0 3 2 0 2 0 0 13 10 45 31 0 7 10 10 9 14 24 0 15 1 46 17 55 23 18 0 0 0 0 0 0 22 0 0 0 1 0 11 0 9 10 0 0 0 0 5 0 0 0 0 0 0 0 0 0 0 0 0 0 0 1 0 0 0 0 0 0 0 0 0 0 0 0 0 0 2 0 1 0 0 0 10 0 0 14 28 0 40 12 10 12 9 0 24 0 33 10 0 0 19 1 15 19 11 29 15 0 0 0 2 0 0 0 0 12 0 0 11 0 40 0 0 0 23 1 0 0 0 0 0 0 0 0 0 0 0 0 0 0 0 0 0 0 0 0 0 0 0 0 0 0 0 0 0 25 0 0 0 0 0 0 9 0 0 0 0 7 0 0 0 0 93 0 0 2 9 7 0 0 0 0 0 0 0 0 0 0 0 0 0 0 0 0 0 0 0 0 0 0 0 0 14 0 0 0 0 0 0 0 0 0 0 0 0 0 
 138 352 49 337 42 42 62 302 165 244 52 26 533 357 174 354 30 127 0 444 3 0 3 1 2 0 0 0 0 0 0 4 3 0 0 5 0 0 0 3 0 3 0 0 0 3 0 3 0 0 3 0 0 3 0 0 3 0 3 0 0 0 0 0 0 0 1 0 0 0 54 3 0 0 0 9 0 0 3 0 33 0 10 0 0 0 21 25 7 20 0 0 19 21 14 0 13 0 41 41 0 0 0 0 0 0 0 0 0 0 0 0 1 0 0 0 0 0 0 0 0 0 0 2 2 0 0 0 0 0 0 0 0 0 0 0 0 0 0 0 0 0 0 0 0 1 0 0 0 1 0 0 0 0 0 0 0 1 0 0 8 0 0 11 1 0 0 21 14 10 0 12 15 19 0 25 0 26 4 9 0 0 0 0 0 0 0 0 0 0 0 0 0 0 0 0 0 0 14 0 0 0 0 0 0 0 0 10 0 0 0 0 0 0 1 0 0 35 0 0 0 0 0 0 0 0 0 0 0 0 0 0 0 0 0 0 0 0 0 0 0 0 0 0 0 2 0 0 2 1 2 15 0 2 0 0 0 0 0 0 0 0 0 0 0 0 0 0 0 1 0 0 0 0 0 16 0 20 0 0 0 0 0 0 0 0 0 0 0 0 
 269 274 194 272 87 68 97 148 157 333 64 27 615 143 358 166 47 117 444 0 3 0 3 0 4 0 0 0 2 0 0 1 3 0 0 5 0 0 0 3 0 3 0 0 0 3 0 3 0 0 3 0 0 3 0 0 5 0 3 0 0 0 0 0 0 0 0 3 0 0 0 1 0 0 0 3 7 0 3 0 33 44 10 5 0 0 8 50 1 39 0 24 2 14 15 0 1 19 37 16 0 0 0 0 0 0 0 1 0 0 0 0 0 0 0 0 0 0 0 19 0 1 0 0 0 0 0 0 0 0 0 0 0 0 0 0 0 0 0 0 0 0 0 0 0 0 0 0 0 0 0 0 0 0 0 15 0 0 0 0 19 0 0 13 0 0 10 25 0 2 0 21 14 27 4 28 31 25 0 18 0 0 0 0 0 0 0 0 0 0 2 0 0 0 0 0 0 0 11 0 0 0 0 0 0 0 0 0 0 2 0 0 0 0 0 0 0 0 0 0 17 1 0 0 0 0 0 13 0 0 0 0 0 0 14 0 2 0 0 0 0 0 0 0 0 0 2 0 3 0 2 4 14 0 0 0 0 0 0 0 0 0 1 0 0 0 0 0 0 0 0 0 0 0 0 0 0 17 0 0 0 0 0 0 0 0 0 0 0 0 
 3 3 3 3 39 77 3 2 3 3 153 3 2 3 3 38 4 3 3 3 0 77 227 224 27 112 291 218 345 329 168 78 46 118 198 30 186 38 50 196 11 3 3 2 0 0 6 2 0 0 2 3 4 0 0 0 5 0 3 3 2 0 0 0 4 6 6 9 4 0 4 0 6 18 2 4 0 2 0 1 0 0 0 0 0 40 0 0 0 0 0 0 0 0 0 0 0 0 0 0 14 15 8 29 0 9 0 18 14 48 79 9 0 28 11 11 15 38 10 0 0 0 0 0 0 11 2 0 0 2 1 0 0 0 0 0 0 0 18 0 0 0 0 0 4 0 0 0 0 0 0 0 0 4 11 0 0 0 0 0 0 0 11 0 0 0 4 0 0 0 0 1 0 0 1 0 0 0 0 0 28 31 0 0 0 0 0 41 0 10 16 13 13 58 0 14 8 19 0 36 1 0 0 0 0 0 0 0 1 0 0 0 0 0 0 0 0 0 7 0 0 2 0 0 0 0 0 2 0 1 2 0 0 0 0 0 0 0 0 0 0 0 0 0 0 0 0 0 0 0 0 0 0 2 10 0 2 57 0 0 4 0 0 0 0 0 0 0 0 0 0 0 0 0 0 0 0 0 0 0 0 14 0 0 10 0 0 0 0 0 
 0 0 0 0 61 76 0 0 0 0 0 19 2 0 0 0 0 1 0 0 77 0 106 142 252 42 193 195 514 137 41 207 45 64 247 99 162 195 25 62 1 0 0 0 0 0 0 0 3 0 2 0 0 0 0 0 2 0 7 0 0 0 0 0 6 0 0 0 0 0 0 0 0 1 0 0 1 0 3 0 0 0 0 0 0 13 7 0 0 0 0 7 0 0 1 0 0 0 0 0 48 10 13 15 21 0 0 18 24 7 28 14 0 11 3 39 5 20 0 0 0 0 0 0 0 0 13 0 0 0 0 0 40 8 18 0 0 0 1 0 0 0 0 0 0 0 0 0 0 3 0 0 6 0 0 1 0 0 0 0 0 0 8 0 1 0 0 0 0 0 0 6 0 1 0 0 0 0 2 8 28 9 2 0 44 1 31 30 14 2 1 0 22 25 51 12 11 7 2 25 0 0 0 0 0 0 4 0 1 0 0 0 9 0 0 0 0 0 18 0 0 0 0 0 0 0 0 0 0 0 0 0 0 0 0 1 0 0 0 0 0 0 0 0 0 0 7 2 0 0 0 0 0 0 12 1 0 78 1 2 1 0 0 0 0 0 0 0 0 0 0 0 0 0 0 0 0 0 0 0 0 0 0 0 0 0 0 0 0 0 
 8 2 3 3 3 3 3 5 3 3 6 3 5 3 3 3 3 3 3 3 227 106 0 258 62 36 240 194 163 204 60 34 163 234 235 473 43 235 107 204 5 3 3 0 0 0 0 6 1 0 3 0 0 0 0 0 1 6 3 0 2 6 0 0 0 3 1 0 0 0 2 0 0 1 2 7 1 4 0 0 1 0 0 0 3 30 0 2 0 0 0 0 0 0 0 0 0 1 0 0 0 78 25 17 15 27 33 38 11 31 20 32 25 36 32 0 38 11 9 12 0 0 0 0 0 0 0 0 0 0 0 0 0 0 0 0 0 0 0 0 0 0 0 0 7 0 0 0 1 0 0 0 0 15 0 0 0 0 0 0 0 0 0 0 0 0 0 0 0 0 0 0 0 0 0 0 0 0 0 0 1 18 38 33 0 0 0 42 2 28 22 18 26 2 0 0 20 23 0 19 0 0 0 0 0 0 0 0 0 0 0 0 0 0 0 0 0 0 0 0 0 0 0 0 0 0 0 0 0 0 0 0 0 0 0 0 2 0 0 0 0 0 30 0 0 0 0 0 0 0 0 0 0 0 6 0 1 98 0 0 1 0 0 0 0 0 0 0 0 0 0 0 0 0 0 0 0 0 0 0 0 14 0 0 0 0 16 0 0 0 
 0 2 0 0 0 0 0 0 0 0 1 0 0 0 0 0 0 0 1 0 224 142 258 0 87 130 348 364 335 272 203 260 40 193 288 45 213 69 147 73 61 3 3 2 0 0 37 2 2 0 1 0 2 0 0 0 1 0 3 64 2 0 0 0 0 3 1 0 0 0 21 0 0 29 2 3 0 2 0 0 0 0 0 0 0 0 0 0 0 0 1 0 0 0 0 0 0 0 0 0 17 0 11 35 11 29 0 13 37 3 14 1 17 18 6 0 14 35 0 0 0 0 0 0 0 0 34 21 0 0 0 0 25 11 0 21 0 20 26 27 0 0 0 0 4 0 0 0 0 0 0 0 0 5 0 0 0 0 0 0 0 0 0 0 0 0 0 0 0 0 0 0 0 0 0 4 0 0 0 0 18 1 0 33 0 13 0 15 10 15 15 29 35 18 0 1 19 23 0 11 17 0 0 0 0 0 20 0 0 0 0 0 24 0 16 17 0 0 28 10 0 0 0 0 0 0 0 0 0 0 0 0 0 0 0 0 0 0 0 0 0 0 0 0 0 0 0 0 0 0 0 0 0 0 10 2 2 76 152 6 17 0 0 0 0 0 0 0 0 0 0 0 0 0 0 0 0 0 0 0 0 9 0 0 0 0 18 0 0 0 
 77 3 2 2 2 2 2 2 3 2 2 3 2 4 2 2 2 2 2 4 27 252 62 87 0 250 39 353 392 86 163 51 56 56 86 92 559 66 52 100 2 3 4 1 0 1 84 130 30 0 2 0 0 0 65 72 1 0 62 70 2 0 0 0 3 3 2 0 0 0 2 0 1 0 3 3 0 3 0 0 0 0 0 0 0 0 0 0 0 0 0 0 0 0 0 0 17 0 0 0 0 0 0 0 0 34 0 0 1 0 2 0 0 1 0 1 0 0 0 0 30 15 28 0 0 0 9 0 1 1 0 22 0 0 34 45 16 16 12 0 0 3 1 0 0 0 0 0 0 0 0 0 0 2 0 0 2 4 0 16 0 0 0 0 0 0 0 0 0 0 27 0 0 0 2 0 0 0 0 0 0 1 0 1 28 10 0 0 0 0 18 19 1 0 0 9 0 0 0 0 8 18 12 0 0 0 35 10 17 0 12 0 47 38 15 28 26 0 2 45 0 0 0 2 0 0 0 0 0 0 0 2 0 0 0 0 0 8 1 0 0 0 0 0 0 0 0 0 0 0 0 0 0 0 13 0 4 78 0 10 2 0 0 0 0 0 17 0 0 0 13 0 0 0 0 0 0 1 0 0 0 0 0 0 0 0 0 0 0 0 
 0 0 0 0 3 2 0 0 1 0 1 0 0 1 0 0 1 0 0 0 112 42 36 130 250 0 59 61 145 99 147 386 42 49 117 69 135 74 63 77 3 3 72 1 3 1 30 159 74 62 5 0 100 0 66 156 58 3 25 126 2 1 0 0 0 6 0 0 0 7 2 0 14 1 3 6 0 4 0 0 0 0 0 0 0 0 0 0 0 0 0 12 0 4 0 0 0 0 0 0 0 3 2 12 13 10 0 0 5 0 7 9 0 7 0 0 7 0 0 0 34 10 11 0 0 0 32 15 1 11 20 10 7 1 56 1 16 0 11 18 0 5 0 1 0 0 0 0 0 0 0 11 0 3 0 0 0 4 8 0 0 0 0 0 0 0 0 0 2 0 3 0 0 0 0 0 0 0 0 0 0 0 0 0 11 12 0 0 13 0 0 16 0 1 0 0 0 9 0 0 34 24 9 11 0 0 24 2 13 10 14 22 30 45 25 28 17 0 24 9 0 0 0 0 0 0 0 0 0 0 0 0 1 0 0 0 0 0 0 0 0 0 0 0 0 0 0 0 0 0 0 0 0 0 11 0 2 0 0 20 4 0 0 0 0 0 0 0 0 0 14 0 0 0 0 0 0 0 0 0 0 19 0 0 1 0 0 0 0 0 
 0 6 4 0 0 0 0 1 0 0 0 0 1 0 0 0 9 0 0 0 291 193 240 348 39 59 0 127 405 198 250 103 383 236 266 413 349 182 95 352 2 3 3 0 0 0 0 2 4 7 64 0 1 0 0 0 1 1 3 0 2 0 0 0 0 3 0 0 0 0 2 0 0 1 2 3 0 2 0 0 0 0 0 0 0 0 0 0 0 0 0 0 0 0 0 0 0 0 0 0 28 24 32 0 14 28 0 32 22 81 46 25 19 2 11 30 22 7 1 0 0 0 0 0 0 0 0 0 0 0 0 0 11 12 0 0 0 0 0 0 0 0 0 0 4 0 14 0 0 0 0 0 0 9 0 13 0 0 0 0 0 0 0 0 0 0 0 0 0 0 0 0 0 0 0 0 0 0 0 0 16 41 9 16 16 25 18 17 0 10 17 1 14 29 20 8 11 19 0 12 1 0 0 0 0 0 0 0 0 0 0 0 0 0 0 0 0 0 5 0 0 0 0 0 0 0 0 0 0 0 0 0 0 0 0 0 3 0 0 0 0 0 1 0 0 0 0 0 0 0 0 0 0 0 12 2 0 71 0 2 2 0 0 0 0 0 0 0 0 0 0 0 0 0 0 0 0 0 0 0 0 17 0 0 0 0 56 0 0 0 
 0 0 122 0 75 74 0 0 0 0 5 0 5 124 1 2 0 0 0 0 218 195 194 364 353 61 127 0 187 129 103 125 172 88 282 115 36 187 142 145 6 3 3 0 0 0 0 5 0 0 4 0 62 0 3 0 1 6 3 0 4 2 0 0 0 3 6 0 0 0 3 2 0 16 6 3 0 3 3 3 0 1 0 0 0 9 0 0 0 0 0 0 0 2 33 0 13 0 0 0 41 15 0 26 14 22 0 50 11 44 19 11 18 41 27 0 36 0 5 5 0 0 0 0 0 0 0 0 0 0 0 0 18 0 0 0 0 0 8 0 0 0 0 0 0 0 0 1 0 3 0 0 0 0 0 0 0 0 0 0 0 0 0 0 1 0 0 0 0 0 0 3 0 0 0 0 0 0 0 0 25 10 17 9 20 0 19 34 0 13 18 25 26 42 26 18 17 10 13 13 0 0 0 0 0 0 2 0 0 0 0 0 0 1 0 0 14 0 0 0 1 0 0 0 0 0 2 0 0 0 0 0 0 0 1 0 0 11 0 0 0 0 0 0 0 1 0 2 0 0 0 0 0 0 4 0 2 61 0 0 0 0 0 0 2 0 0 0 0 0 0 0 0 0 0 0 0 0 0 0 0 1 0 0 0 0 0 0 0 0 
 0 4 38 0 77 82 0 27 0 0 3 1 4 0 0 0 0 0 0 2 345 514 163 335 392 145 405 187 0 365 113 47 370 285 281 377 103 216 161 97 2 3 5 15 0 1 69 2 0 0 1 0 80 0 0 0 2 0 65 0 2 0 0 0 3 3 2 0 0 0 2 0 0 1 3 3 0 3 0 2 0 0 0 0 0 0 0 0 0 0 0 0 0 0 0 0 0 0 0 0 17 46 0 32 3 1 0 38 14 9 4 13 0 40 11 3 92 0 0 0 0 0 0 0 0 0 0 0 0 0 0 0 6 0 12 0 0 3 2 24 0 0 0 0 0 0 0 0 0 2 0 0 1 2 0 0 17 0 0 0 0 0 0 0 7 0 0 0 0 0 0 14 0 0 2 1 0 0 0 0 0 18 7 10 15 0 18 35 3 46 13 11 51 12 0 0 0 0 0 0 0 47 0 0 0 0 17 1 0 0 0 0 10 1 0 59 0 0 11 1 0 0 0 2 0 0 0 0 0 0 0 2 0 0 0 0 0 0 1 0 0 0 0 0 0 0 0 0 0 0 0 0 0 0 7 0 2 133 79 0 1 0 0 0 0 0 20 0 0 0 0 0 0 0 0 0 0 0 0 0 0 12 0 0 0 0 0 0 0 0 
 0 4 0 2 0 1 0 5 2 0 0 0 1 0 0 205 2 0 0 0 329 137 204 272 86 99 198 129 365 0 289 104 327 164 313 300 293 273 150 226 2 3 3 0 0 1 5 2 0 0 1 0 62 0 0 0 1 0 3 0 2 0 0 0 3 3 0 0 0 0 2 0 0 0 2 3 0 2 0 0 0 0 0 0 0 0 0 0 0 0 0 0 0 0 0 0 0 0 0 1 27 14 20 24 49 19 9 11 0 29 32 26 0 0 27 20 33 1 2 0 0 0 0 0 0 0 10 0 0 0 10 1 11 0 0 0 0 0 0 9 1 0 0 10 0 2 2 0 0 0 0 0 1 0 0 0 0 0 0 0 0 7 0 0 0 0 0 0 0 0 0 0 0 2 0 2 0 0 0 0 13 29 19 0 16 0 0 21 28 8 1 32 6 31 20 0 0 12 0 25 0 0 0 0 0 0 4 0 0 0 0 0 8 0 0 0 0 0 15 0 0 0 0 0 0 0 0 0 0 0 0 0 0 0 0 0 0 0 0 0 0 0 0 0 0 0 0 0 0 0 0 0 0 0 14 0 2 120 40 0 0 0 0 0 0 0 0 0 0 0 0 0 0 0 0 0 0 0 0 0 0 10 0 0 0 0 0 0 0 0 
 0 2 72 2 0 1 0 2 2 0 1 1 0 0 0 0 2 0 0 0 168 41 60 203 163 147 250 103 113 289 0 182 147 117 176 89 172 120 46 179 5 6 3 5 34 0 70 2 6 0 4 2 4 0 2 0 4 0 71 63 3 0 0 0 1 4 4 3 2 0 2 0 3 4 6 3 27 8 0 0 0 0 0 0 0 0 0 0 0 0 0 0 0 0 0 0 0 0 0 1 0 21 11 22 0 16 1 19 0 30 51 12 0 20 10 0 32 9 2 0 0 0 0 0 0 0 2 17 0 0 0 0 7 15 14 19 0 14 13 31 0 0 0 0 4 0 0 0 0 0 0 0 1 5 11 0 0 0 0 0 0 0 0 0 0 0 0 0 0 0 0 0 0 0 0 2 0 0 0 0 0 17 2 12 19 19 0 16 0 16 30 3 19 0 0 0 7 8 0 0 10 9 1 0 0 8 35 9 0 9 0 0 8 11 7 12 1 0 23 32 0 0 0 0 0 0 0 0 0 0 0 0 0 0 0 0 0 0 0 0 0 0 0 0 0 0 0 0 0 0 0 0 0 0 4 0 0 80 150 2 15 0 0 0 0 0 18 0 2 0 0 0 0 0 0 0 0 0 0 0 0 61 0 0 0 0 0 0 0 0 
 2 0 0 0 1 1 2 2 1 2 1 0 4 1 5 1 2 2 4 1 78 207 34 260 51 386 103 125 47 104 182 0 260 109 81 32 354 69 32 144 3 5 66 3 0 3 2 67 4 2 2 0 24 29 5 66 4 8 3 0 5 0 0 0 0 5 3 2 0 4 7 2 3 3 3 8 3 2 1 0 0 0 0 0 12 0 0 0 0 0 0 0 0 1 0 0 2 0 0 0 16 11 20 9 16 10 0 1 11 13 13 18 0 0 9 1 22 1 0 1 20 16 0 0 0 0 23 0 11 35 9 0 13 41 0 0 0 0 27 21 0 0 0 0 2 0 0 0 0 0 0 3 8 0 0 0 7 0 0 0 0 0 0 0 0 0 0 0 0 0 1 0 0 0 0 0 0 0 0 0 0 0 1 1 26 1 2 0 10 0 0 45 0 12 29 0 6 25 0 0 42 24 1 19 0 0 31 4 15 11 0 8 11 13 28 0 0 0 17 0 0 0 0 0 0 0 0 0 0 0 0 0 0 0 0 0 11 1 0 0 0 0 0 0 0 0 0 0 0 0 0 0 0 0 4 0 3 42 74 2 1 7 0 0 1 0 0 0 0 0 0 0 0 0 0 0 0 0 0 0 0 10 0 0 3 0 0 0 0 0 
 5 207 3 3 8 3 3 6 79 3 84 3 2 3 3 3 81 4 3 3 46 45 163 40 56 42 383 172 370 327 147 260 0 264 165 244 246 35 318 569 6 3 3 0 0 0 0 9 1 0 3 0 33 0 0 0 1 10 3 0 2 0 0 0 0 3 0 0 0 2 2 0 0 0 2 3 4 3 2 0 0 0 0 0 5 24 0 0 0 2 3 0 0 0 1 0 0 0 0 0 0 60 62 53 0 8 36 35 30 47 25 28 10 0 14 3 19 30 21 14 0 0 1 0 0 0 0 0 0 0 0 0 0 0 0 0 2 5 1 0 0 0 9 0 0 0 0 0 0 2 0 0 0 0 0 0 0 24 0 0 0 0 0 20 14 0 0 0 0 0 0 0 0 0 0 0 0 0 0 0 0 50 31 11 0 0 0 9 13 34 10 25 11 37 71 3 13 6 0 19 0 0 0 0 0 0 0 0 0 0 0 0 0 0 0 14 0 0 0 0 0 0 0 0 0 0 0 0 0 0 0 0 0 0 0 0 0 0 0 0 0 0 15 0 0 0 0 0 0 0 0 0 0 0 16 0 0 0 0 0 3 2 0 0 0 0 0 0 0 0 0 0 0 0 0 0 0 0 0 0 0 15 0 0 0 0 20 0 0 0 
 0 0 0 0 2 0 0 0 0 0 0 0 3 0 0 0 0 0 0 0 118 64 234 193 56 49 236 88 285 164 117 109 264 0 310 710 364 28 119 395 5 3 3 2 4 4 0 7 1 3 8 6 2 0 0 0 4 10 3 0 3 0 0 0 1 3 2 0 0 0 6 0 0 2 3 3 0 3 0 0 0 0 0 0 3 10 0 0 0 0 0 0 0 0 0 0 0 0 0 0 38 23 34 5 14 0 15 54 11 10 34 19 5 0 3 21 17 63 0 13 0 0 0 0 0 0 12 0 0 0 0 0 24 0 0 0 0 0 0 0 0 0 0 0 6 0 0 0 0 0 0 1 0 4 0 0 0 0 0 0 0 0 0 0 0 2 0 0 0 0 0 0 0 0 0 0 12 0 0 0 20 9 34 42 2 15 0 28 12 33 41 19 1 46 9 0 70 11 0 15 0 0 9 0 0 0 0 0 0 0 0 0 0 0 0 0 0 0 16 0 0 0 0 0 0 0 0 0 0 0 0 0 0 0 0 0 0 0 0 0 0 0 22 0 0 0 0 2 0 0 0 0 0 0 8 0 0 1 0 0 2 0 1 0 0 61 0 0 0 0 0 0 0 0 0 0 0 0 0 0 0 0 0 0 0 0 1 0 0 0 
 0 0 0 0 2 0 0 3 0 0 2 0 3 3 0 3 0 0 0 0 198 247 235 288 86 117 266 282 281 313 176 81 165 310 0 97 411 382 136 361 2 2 3 1 0 0 210 2 64 0 206 0 62 5 0 0 3 0 3 0 2 0 0 0 0 3 0 1 0 0 2 0 0 0 4 3 0 3 6 3 0 16 0 0 0 0 0 0 0 0 0 0 0 0 0 0 0 0 0 0 0 58 9 20 26 8 0 40 9 40 23 20 1 27 26 21 39 0 0 0 0 0 0 0 0 0 1 0 0 0 0 0 2 16 0 0 0 0 15 10 0 0 0 0 0 0 0 1 0 3 0 0 0 0 0 0 0 5 0 0 0 0 0 0 0 0 0 0 0 0 0 24 0 0 0 0 14 0 0 0 0 14 9 27 25 0 18 28 29 62 0 24 18 26 19 18 10 3 0 9 0 0 0 0 0 0 8 0 0 0 0 2 0 0 0 0 0 0 23 0 0 0 0 0 1 0 20 0 0 0 0 0 0 0 0 0 0 0 0 0 0 0 0 0 0 0 0 0 0 0 0 0 0 0 6 0 3 77 82 2 5 2 0 0 0 0 0 0 0 0 0 0 0 0 0 0 0 0 0 1 0 23 0 0 0 0 0 0 0 0 
 4 3 5 4 28 30 7 7 3 3 5 3 6 4 4 3 3 5 5 5 30 99 473 45 92 69 413 115 377 300 89 32 244 710 97 0 62 40 223 250 2 3 3 0 2 0 0 5 1 23 4 2 0 0 0 0 3 5 3 0 2 0 18 0 1 5 0 0 0 0 2 2 0 0 3 3 1 5 0 0 0 0 0 0 9 38 0 0 0 0 0 0 0 2 0 0 0 0 0 0 20 23 32 26 0 0 1 18 20 1 13 10 14 4 9 19 6 15 10 17 0 0 0 0 0 0 0 12 0 0 0 19 0 0 0 0 0 0 0 0 9 0 0 0 1 1 0 1 0 4 0 0 6 0 0 0 0 0 0 0 0 0 0 0 0 0 0 0 0 0 0 0 0 0 0 0 0 0 0 0 0 6 14 3 0 10 10 7 7 26 0 15 32 17 36 0 14 10 0 13 0 0 0 0 0 0 2 0 0 0 0 0 0 1 0 0 0 0 0 0 1 0 0 0 0 1 0 0 0 0 0 0 0 0 0 0 0 2 0 0 0 0 11 0 0 2 0 0 1 0 0 0 0 0 6 0 0 0 0 2 2 0 0 0 0 0 0 0 0 0 0 0 0 0 0 0 0 0 0 0 0 0 0 0 0 0 16 0 0 0 
 0 2 0 0 0 0 0 0 0 0 1 0 0 4 0 0 0 1 0 0 186 162 43 213 559 135 349 36 103 293 172 354 246 364 411 62 0 74 20 116 2 3 3 8 0 0 75 2 1 0 17 0 1 67 0 0 8 63 72 65 2 0 0 0 10 3 0 2 0 0 2 0 0 1 10 3 0 3 0 62 0 0 0 0 0 0 0 0 0 0 0 0 0 0 0 0 0 0 0 0 11 0 16 10 10 7 0 7 0 38 32 12 0 1 1 29 8 17 0 0 0 0 12 0 0 0 12 22 0 13 0 0 8 4 0 0 0 0 2 23 0 0 0 0 4 0 0 0 0 0 0 0 0 7 0 13 0 0 0 0 0 0 0 0 3 0 0 0 0 0 0 4 0 0 0 5 0 0 0 0 17 20 0 11 0 2 0 18 9 0 29 9 0 12 0 15 16 18 0 12 0 0 0 0 0 0 25 2 0 0 0 0 1 0 11 10 0 0 19 1 0 0 0 0 0 0 9 0 0 0 0 0 0 0 0 0 0 0 0 0 0 0 0 0 0 0 0 0 0 0 0 0 0 0 11 0 0 3 150 0 15 0 0 0 0 0 0 0 0 0 0 0 0 0 0 0 0 0 0 0 0 43 0 0 0 0 0 0 0 0 
 0 0 0 0 0 1 23 0 0 0 4 0 0 2 0 0 0 0 0 0 38 195 235 69 66 74 182 187 216 273 120 69 35 28 382 40 74 0 115 252 2 5 3 0 0 0 0 2 8 0 1 0 2 0 2 1 1 3 76 0 2 0 0 0 0 3 0 2 0 3 4 2 3 4 2 3 0 2 0 0 0 0 0 0 2 0 0 0 1 0 0 0 0 0 0 35 0 0 1 0 0 31 7 19 89 21 0 10 40 19 25 25 18 26 4 24 22 14 0 0 0 3 0 2 0 0 10 1 0 0 1 0 13 15 0 0 0 0 8 0 0 0 0 0 3 0 0 0 0 0 0 28 5 0 0 17 0 0 0 13 0 0 0 0 0 2 0 0 0 0 0 4 0 0 0 0 0 1 0 1 0 15 0 43 36 56 22 0 10 10 2 25 10 13 25 10 0 13 0 0 30 1 0 0 0 2 0 0 0 0 0 0 0 0 0 0 0 0 15 0 0 0 0 0 10 0 0 0 0 0 0 0 0 0 0 0 0 0 9 0 0 0 0 0 0 0 0 0 0 0 0 0 0 0 17 3 1 1 2 1 4 14 0 0 0 0 0 0 0 0 0 0 0 0 0 0 2 0 0 57 0 0 0 0 1 2 18 0 0 0 
 5 2 0 0 36 74 0 0 1 2 93 73 0 0 1 0 1 0 0 0 50 25 107 147 52 63 95 142 161 150 46 32 318 119 136 223 20 115 0 276 7 65 3 1 0 0 1 6 1 0 3 0 21 0 0 0 0 10 3 0 2 0 0 0 0 3 0 6 7 1 3 0 0 2 2 3 0 28 0 0 0 0 0 0 14 39 0 0 0 0 11 0 2 0 0 0 0 0 0 0 0 47 17 15 11 19 9 14 34 17 31 29 25 0 8 2 29 25 23 12 0 0 0 0 0 0 0 0 0 0 0 0 0 0 0 0 0 0 0 0 0 0 2 0 0 0 0 0 0 6 0 0 0 0 0 0 0 0 0 0 0 0 0 4 12 0 4 0 0 0 0 0 0 0 0 0 0 0 0 0 29 40 34 11 0 2 1 23 0 12 10 17 13 24 7 4 12 19 0 14 0 0 0 0 0 1 0 0 0 0 0 0 0 0 0 2 0 0 0 0 0 0 0 0 0 0 0 0 11 0 15 0 0 0 0 10 0 0 0 0 0 0 15 0 0 0 0 0 0 0 0 0 0 0 8 0 3 0 0 2 2 1 0 0 0 0 0 0 0 0 0 0 0 0 0 0 0 0 0 0 0 15 0 0 0 0 9 0 0 0 
 3 7 3 5 4 7 3 5 96 3 158 3 43 10 3 4 79 3 3 3 196 62 204 73 100 77 352 145 97 226 179 144 569 395 361 250 116 252 276 0 6 3 3 0 0 0 0 2 0 6 1 0 79 0 0 0 4 0 3 0 4 0 0 0 0 3 0 0 0 0 2 0 4 0 2 3 0 2 0 0 0 0 0 7 13 0 0 0 0 0 1 1 0 0 0 0 0 0 0 0 24 29 29 0 0 10 26 37 1 14 34 30 21 19 17 0 91 8 11 3 0 0 0 0 0 0 0 0 0 0 0 0 12 0 0 0 0 0 0 0 1 0 0 0 0 26 0 0 0 0 0 0 1 0 0 0 0 0 0 0 0 3 1 6 12 2 0 0 0 0 0 0 1 2 0 2 0 0 0 0 8 14 36 9 5 0 1 0 10 8 1 22 0 24 29 0 1 0 0 9 0 0 0 0 0 0 0 0 0 0 0 0 0 0 0 0 0 0 0 0 0 0 0 0 0 0 0 0 0 0 0 0 0 0 0 0 0 0 0 0 0 0 0 0 0 0 0 0 0 0 0 0 0 0 10 0 3 0 0 2 2 2 0 0 0 0 0 0 0 0 0 0 0 0 0 0 0 0 0 0 0 21 0 0 0 0 1 0 0 0 
 0 0 0 0 0 0 0 0 0 0 0 0 2 0 0 0 0 9 0 0 11 1 5 61 2 3 2 6 2 2 5 3 6 5 2 2 2 2 7 6 0 246 221 175 71 23 313 115 157 110 97 92 144 500 85 243 97 136 34 88 0 212 0 0 2 0 2 1 0 2 7 0 0 0 1 3 3 0 0 1 0 0 0 0 6 7 0 0 0 0 0 0 0 0 0 0 0 0 0 0 0 0 0 0 0 1 0 0 0 7 0 0 4 0 6 0 0 0 0 1 0 45 37 9 0 0 30 4 1 4 1 7 9 10 27 19 30 4 0 10 0 0 0 0 1 0 0 0 0 0 0 0 0 0 0 0 0 0 16 0 0 0 20 0 0 0 0 3 0 0 0 0 5 0 0 0 2 0 0 0 10 0 5 0 0 0 0 7 0 1 5 0 0 0 0 0 2 0 0 0 1 0 53 29 0 0 0 27 18 11 8 13 0 0 2 0 0 0 1 11 0 1 0 0 0 0 0 0 0 0 0 0 20 0 0 0 0 0 19 0 0 0 9 0 0 0 0 0 0 0 0 2 0 0 0 0 0 0 1 0 0 0 0 60 7 2 3 1 0 0 0 0 0 0 0 2 0 0 0 0 0 0 0 0 54 1 0 0 0 0 
 3 0 3 3 3 3 3 3 3 3 6 3 2 3 3 3 3 3 3 3 3 0 3 3 3 3 3 3 3 3 6 5 3 3 2 3 3 5 65 3 246 0 135 80 108 102 75 76 332 31 56 53 130 292 464 21 127 389 59 45 0 5 0 0 3 0 1 0 4 4 5 1 3 0 0 0 0 50 0 0 0 0 0 0 0 0 0 0 0 0 0 0 0 0 0 0 0 0 0 0 0 0 0 16 0 0 0 0 0 0 0 0 0 0 0 0 0 0 0 0 14 6 0 19 35 35 0 26 26 25 1 1 0 0 0 6 16 15 0 8 0 0 0 0 0 3 1 0 0 7 0 0 0 24 4 0 0 0 13 1 0 0 0 0 0 4 0 7 2 0 0 0 0 13 0 0 12 0 14 1 0 0 0 0 0 0 0 0 0 0 0 19 0 0 0 0 0 0 0 0 13 0 50 19 42 16 0 9 23 0 11 24 0 1 14 12 28 11 0 1 0 0 0 0 0 1 20 0 0 0 0 0 6 11 0 0 0 0 31 8 0 0 0 0 0 0 0 0 0 0 0 4 0 1 0 0 0 0 1 0 0 0 2 0 0 18 0 0 0 0 0 0 0 0 0 0 0 0 0 0 0 0 0 0 7 0 0 26 1 0 
 0 2 0 0 0 0 0 0 0 0 3 0 2 1 0 0 3 0 0 0 3 0 3 3 4 72 3 3 5 3 3 66 3 3 3 3 3 3 3 3 221 135 0 162 186 35 99 67 128 175 72 54 156 56 45 91 63 171 24 35 0 56 0 0 0 0 5 4 0 0 1 0 0 5 4 0 0 0 0 0 0 0 0 0 0 0 0 0 0 0 0 0 0 0 0 0 0 0 0 0 0 0 0 0 0 12 0 0 0 0 0 0 0 0 0 0 0 0 0 0 11 44 27 34 5 4 14 11 0 19 33 10 0 0 0 10 15 9 5 20 0 2 0 3 0 0 2 0 2 0 12 16 2 15 0 0 1 4 22 1 0 0 0 0 0 0 0 0 0 0 3 0 0 0 0 0 0 0 0 0 0 5 0 0 0 0 0 0 0 0 0 0 4 0 0 0 0 0 0 0 7 14 2 43 0 0 7 27 13 21 21 8 1 27 9 10 9 11 10 26 14 3 0 0 0 8 15 0 16 5 2 0 12 3 5 4 0 0 0 16 0 0 14 0 0 0 0 0 0 0 0 25 0 2 0 0 0 0 1 0 0 0 0 65 1 0 1 66 0 0 0 0 0 0 0 0 0 0 0 0 0 0 0 0 10 1 0 0 2 0 
 0 0 0 2 0 0 0 65 0 0 0 0 3 2 0 0 0 0 0 0 2 0 0 2 1 1 0 0 15 0 5 3 0 2 1 0 8 0 1 0 175 80 162 0 93 70 151 55 81 363 61 113 82 82 95 48 20 231 88 45 0 0 1 0 0 0 53 58 0 0 1 0 18 0 2 0 0 2 78 51 0 0 0 0 0 0 0 0 0 0 0 0 0 0 0 0 0 0 0 0 0 0 0 2 0 3 0 0 0 0 1 1 0 0 0 0 5 0 0 0 0 1 7 1 28 26 1 22 0 0 0 7 5 0 0 1 8 8 0 0 38 14 0 0 0 0 18 0 16 0 1 0 0 0 12 0 10 0 12 68 0 0 0 0 0 0 0 0 4 0 0 0 0 6 0 0 0 16 8 6 0 0 0 8 0 0 0 0 0 0 0 5 0 0 0 0 0 1 0 3 5 0 5 0 19 8 2 9 25 9 29 0 0 11 0 5 0 0 0 9 29 19 0 0 0 0 0 7 0 0 1 0 10 2 8 21 8 11 20 0 0 0 0 0 0 0 0 0 0 0 0 24 0 1 0 0 0 0 0 0 0 0 0 0 2 9 2 0 0 0 0 0 0 0 0 0 0 0 0 0 0 4 0 0 1 0 0 0 11 0 
 0 0 0 0 5 0 0 3 0 0 0 63 0 3 0 0 0 62 0 0 0 0 0 0 0 3 0 0 0 0 34 0 0 4 0 2 0 0 0 0 71 108 186 93 0 130 41 54 121 91 144 225 355 125 125 76 363 65 84 50 50 13 19 0 1 0 6 5 0 3 5 2 3 30 6 258 0 4 1 10 0 0 0 0 0 0 0 0 0 0 0 0 0 0 0 6 0 0 0 0 0 0 0 0 0 0 0 0 0 0 0 0 0 0 0 0 0 0 0 0 0 9 0 44 11 22 14 1 0 21 7 13 0 0 1 24 18 2 0 0 18 8 0 0 0 0 5 0 4 12 0 0 5 13 5 0 0 45 5 14 0 0 0 0 0 0 0 0 0 0 0 0 0 0 0 0 0 0 0 0 0 0 0 0 0 1 0 0 0 0 0 0 0 0 0 0 0 0 0 0 0 0 11 49 50 0 0 0 0 19 5 29 0 0 0 0 27 19 0 0 18 16 0 0 0 0 14 6 19 21 18 9 0 0 8 6 3 24 41 22 0 0 0 0 0 0 0 0 0 0 0 6 0 0 0 0 0 0 0 0 0 0 22 7 2 8 2 7 0 0 3 0 0 0 0 0 0 0 0 0 0 0 0 0 17 20 0 0 0 0 
 3 1 3 3 3 3 3 2 3 3 7 3 2 5 3 3 3 3 3 3 0 0 0 0 1 1 0 0 1 1 0 3 0 4 0 0 0 0 0 0 23 102 35 70 130 0 29 253 145 341 84 81 16 54 62 129 65 63 41 54 0 211 0 0 0 0 5 77 0 0 1 0 0 0 0 3 0 5 51 51 0 0 22 0 0 0 0 0 0 0 0 0 0 0 0 0 0 0 0 0 0 0 0 0 0 0 0 0 0 0 0 0 0 0 0 0 0 25 0 0 0 1 2 31 32 22 0 9 12 5 9 0 0 0 38 3 9 11 0 0 9 0 0 0 11 0 11 1 19 11 0 11 22 1 3 0 0 0 0 8 0 0 0 3 0 0 0 0 6 1 0 0 0 3 0 0 0 2 5 3 0 0 0 0 0 0 0 0 0 0 0 0 0 0 0 0 0 0 0 0 0 0 18 0 61 13 0 0 1 0 16 25 1 0 0 15 20 24 0 1 4 3 0 16 0 0 10 0 0 11 0 11 9 17 0 0 0 11 57 8 15 0 0 0 0 0 0 0 0 0 0 5 0 0 0 0 0 0 0 0 0 0 1 2 1 1 9 0 1 0 0 0 0 0 0 0 0 0 0 0 0 0 5 0 41 0 0 13 0 0 
 0 0 0 0 0 0 0 0 0 0 3 0 2 2 0 1 0 0 0 0 6 0 0 37 84 30 0 0 69 5 70 2 0 0 210 0 75 0 1 0 313 75 99 151 41 29 0 153 61 45 317 27 217 201 310 40 105 101 125 242 0 0 0 0 19 3 1 0 0 0 3 0 1 0 0 0 0 0 0 168 0 0 0 0 0 0 0 0 0 0 0 0 0 0 0 0 0 0 0 0 0 0 0 1 4 0 0 0 0 0 8 8 0 0 0 0 5 0 0 0 0 0 7 0 0 0 19 9 0 0 1 0 15 10 25 16 22 0 0 28 0 7 0 0 0 0 0 0 0 0 0 0 0 0 0 0 0 5 0 0 0 0 0 0 1 0 0 0 0 0 0 1 0 0 0 2 0 0 0 0 0 0 0 0 24 0 0 0 2 0 10 6 0 0 0 0 0 8 0 0 0 20 10 0 0 0 25 20 0 0 29 0 48 6 7 3 0 0 9 33 0 0 0 0 0 0 0 0 0 0 0 0 0 0 0 0 0 0 0 0 0 0 0 0 0 0 0 0 0 0 0 4 0 0 0 0 0 88 65 1 9 0 1 0 26 3 10 0 0 0 38 0 0 0 0 0 0 0 0 0 0 6 0 0 10 0 0 0 0 0 
 2 0 3 2 2 2 2 3 2 2 6 2 3 3 2 2 3 2 3 3 2 0 6 2 130 159 2 5 2 2 2 67 9 7 2 5 2 2 6 2 115 76 67 55 54 253 153 0 104 31 39 41 283 190 178 326 58 301 100 117 0 0 0 0 0 0 2 0 0 4 0 0 3 0 0 0 0 0 0 0 0 0 0 0 5 7 0 0 0 0 0 0 0 0 0 0 0 0 0 0 0 0 0 0 0 8 0 3 0 7 0 0 27 0 2 0 0 4 0 6 44 25 15 0 0 0 0 37 4 2 1 11 0 0 24 21 43 37 0 8 0 5 0 0 0 0 0 0 0 0 0 16 0 0 0 0 0 5 8 0 0 0 0 0 0 0 0 0 0 0 3 0 0 0 0 0 0 0 0 0 3 3 5 0 18 74 0 7 0 6 7 4 0 1 0 0 4 0 0 0 39 42 35 1 0 0 11 31 18 0 22 7 33 131 14 18 26 0 0 21 0 0 0 0 0 0 1 0 0 0 0 0 0 0 0 0 0 0 21 1 0 0 2 0 0 0 0 0 0 0 0 0 0 0 0 0 0 0 1 18 0 0 2 0 2 0 0 0 2 0 31 0 0 0 0 0 0 0 0 0 0 0 0 0 0 0 0 0 0 0 
 0 60 0 0 0 0 0 0 0 0 0 0 0 2 0 0 0 0 0 0 0 3 1 2 30 74 4 0 0 0 6 4 1 1 64 1 1 8 1 0 157 332 128 81 121 145 61 104 0 301 111 36 169 178 222 117 117 159 87 130 0 1 0 0 0 0 2 2 0 1 1 0 1 0 4 0 0 0 0 6 0 0 0 0 1 0 0 0 0 0 0 0 0 0 0 0 0 0 0 0 0 7 5 0 0 10 0 3 6 0 0 0 1 0 0 24 0 0 0 0 30 1 21 0 19 14 0 32 1 0 0 12 0 20 17 27 8 31 0 6 0 0 0 0 8 0 0 0 0 0 0 0 0 0 1 0 0 0 7 1 0 0 0 0 0 0 0 0 0 0 3 0 0 0 0 0 17 0 0 0 0 1 0 0 30 17 12 0 0 0 0 0 0 2 2 3 5 0 0 0 19 21 54 6 1 0 41 18 11 0 8 9 13 20 10 33 32 12 0 10 0 0 0 0 0 0 0 9 0 0 0 0 1 0 0 0 0 0 16 7 0 0 0 0 0 0 0 0 0 0 0 17 0 1 0 0 0 0 1 18 81 0 0 0 1 0 0 0 0 0 0 0 0 0 0 5 0 0 0 0 0 0 0 0 11 0 0 19 1 0 
 0 0 0 0 0 0 0 3 0 0 0 0 2 0 0 0 1 0 0 0 0 0 0 0 0 62 7 0 0 0 0 2 0 3 0 23 0 0 0 6 110 31 175 363 91 341 45 31 301 0 134 110 341 137 180 137 151 112 93 134 1 0 5 0 1 1 2 0 13 7 1 0 0 0 0 0 2 1 0 0 0 0 0 0 0 0 0 0 0 19 0 0 0 0 0 0 0 0 0 0 0 0 0 0 0 1 0 0 0 0 5 0 0 0 0 0 0 0 0 0 14 13 29 0 39 38 15 11 1 1 25 20 0 5 8 1 29 21 0 0 2 0 4 0 15 0 4 2 0 0 6 1 0 0 0 0 0 0 0 3 0 0 0 0 0 0 0 0 0 0 5 0 0 0 3 0 0 0 0 0 0 0 0 0 0 7 0 0 0 0 0 0 0 2 0 0 0 0 0 0 1 0 23 14 9 7 1 6 5 15 37 2 1 25 0 27 2 10 0 10 0 0 1 4 1 0 1 0 1 0 0 3 0 0 6 11 6 0 0 7 0 0 0 0 0 0 0 0 0 0 0 4 0 0 0 0 0 0 1 11 0 0 0 2 1 1 0 1 0 0 0 0 0 0 0 0 0 0 0 0 0 0 0 0 0 26 0 13 3 0 
 3 0 4 3 5 5 3 6 3 3 5 5 3 5 3 5 3 6 3 3 2 2 3 1 2 5 64 4 1 1 4 2 3 8 206 4 17 1 3 1 97 56 72 61 144 84 317 39 111 134 0 49 133 66 146 87 205 64 37 304 2 8 3 1 0 0 3 2 2 2 0 2 4 0 0 0 0 1 0 2 0 0 0 0 0 0 0 0 1 0 0 0 0 3 2 0 0 0 0 0 0 0 0 0 0 0 0 0 0 0 0 0 0 0 0 0 0 0 0 0 0 18 20 16 27 3 0 0 8 26 2 11 26 9 19 0 0 1 0 0 0 0 0 0 14 0 0 0 6 0 0 0 0 29 0 0 0 0 0 1 0 0 0 0 0 64 5 3 2 0 0 0 7 8 2 0 8 0 15 1 0 0 0 0 0 0 0 0 0 0 0 0 0 0 0 0 0 0 0 0 0 0 13 7 22 0 0 0 13 1 25 0 0 0 0 0 5 21 0 0 57 0 0 0 0 0 12 0 6 0 0 0 14 12 0 0 0 0 0 26 0 0 13 0 0 0 2 0 0 0 0 15 0 0 0 0 0 1 0 1 0 16 4 0 68 15 0 62 0 0 0 0 0 0 0 0 0 0 0 0 0 0 0 8 0 0 0 0 1 0 
 0 0 0 0 0 0 0 2 0 0 0 0 0 2 0 2 0 0 0 0 3 0 0 0 0 0 0 0 0 0 2 0 0 6 0 2 0 0 0 0 92 53 54 113 225 81 27 41 36 110 49 0 37 19 240 19 90 208 47 38 55 1 71 6 0 0 1 51 3 0 1 4 0 51 0 62 5 5 57 49 0 0 0 0 0 0 0 0 0 0 0 0 0 0 0 0 0 0 0 0 0 0 0 0 0 0 0 0 1 0 0 0 0 0 0 0 0 0 0 0 0 0 0 13 15 69 0 9 0 0 0 32 0 0 0 8 0 6 0 0 30 12 0 0 0 1 0 1 15 0 10 0 0 9 6 2 1 1 29 13 0 0 0 0 0 0 0 0 0 0 0 0 0 0 0 42 0 4 0 0 0 0 0 0 0 0 0 0 0 0 0 0 0 0 0 0 0 0 0 0 0 0 4 4 12 8 0 0 0 9 10 10 0 7 0 0 11 19 0 0 13 12 0 6 0 0 0 1 7 0 6 0 12 0 0 10 13 0 48 14 0 0 0 0 0 0 0 0 0 0 0 0 0 0 0 0 0 0 0 15 0 0 1 0 0 3 4 62 0 0 12 0 1 0 0 4 0 0 0 0 0 0 0 0 11 19 0 0 0 0 
 0 0 0 0 0 1 0 0 0 0 4 0 0 0 0 0 0 0 0 0 4 0 0 2 0 100 1 62 80 62 4 24 33 2 62 0 1 2 21 79 144 130 156 82 355 16 217 283 169 341 133 37 0 374 31 101 97 43 150 257 0 0 3 0 0 12 0 2 0 8 0 0 5 0 0 5 6 0 0 0 0 0 0 0 0 0 0 0 0 0 0 0 0 0 0 0 0 0 0 0 0 19 0 0 0 16 0 0 10 11 31 10 0 1 0 0 60 0 0 0 11 33 1 0 0 0 13 6 10 18 21 0 0 0 8 0 25 0 30 13 0 0 0 0 0 0 0 0 6 9 0 13 0 0 0 0 0 0 9 0 0 0 0 0 0 0 0 14 0 0 2 0 10 0 0 0 0 0 0 19 0 11 3 0 0 2 0 1 0 0 1 18 0 2 0 0 0 0 0 0 30 27 1 45 0 0 15 0 25 13 0 5 31 46 26 1 0 0 14 0 0 0 0 0 0 0 0 0 0 0 0 0 0 0 0 0 0 0 10 0 0 0 0 0 0 0 0 0 0 0 0 11 0 0 0 0 0 1 0 0 0 0 3 102 0 2 2 0 0 0 0 0 0 0 0 0 0 0 0 0 0 24 0 22 1 0 0 0 0 0 
 3 0 3 3 3 3 3 3 3 3 3 3 3 3 3 3 3 3 3 3 0 0 0 0 0 0 0 0 0 0 0 29 0 0 5 0 67 0 0 0 500 292 56 82 125 54 201 190 178 137 66 19 374 0 199 50 125 238 102 80 0 1 0 0 0 0 2 1 0 1 2 0 1 1 2 0 0 0 5 3 0 0 0 0 0 0 1 0 0 0 0 0 0 0 0 0 0 0 0 0 0 0 0 7 8 2 0 0 0 0 0 0 0 9 1 0 0 0 0 0 16 25 11 18 8 4 1 10 38 25 0 1 7 9 14 0 6 0 6 11 0 0 0 3 9 0 1 0 0 9 0 4 0 4 5 0 5 1 6 0 0 0 0 0 0 4 0 24 1 0 0 0 0 0 0 0 26 0 0 0 0 0 0 0 0 0 0 0 0 0 0 0 0 0 0 0 0 0 0 0 23 8 18 20 0 0 3 13 13 21 9 14 1 0 21 0 0 0 0 0 0 0 0 0 0 0 61 0 0 0 0 0 10 16 1 0 0 0 4 0 0 0 0 0 0 0 0 0 0 0 0 5 0 0 0 0 0 25 1 0 0 20 2 75 64 20 0 0 0 0 0 0 0 0 0 0 0 0 0 0 0 0 0 0 0 0 0 0 0 0 
 0 0 0 0 0 0 0 0 0 0 0 0 0 2 0 2 0 0 0 0 0 0 0 0 65 66 0 3 0 0 2 5 0 0 0 0 0 2 0 0 85 464 45 95 125 62 310 178 222 180 146 240 31 199 0 151 277 263 128 306 0 6 0 0 1 0 2 0 0 0 2 0 0 0 3 0 0 0 2 167 0 0 0 0 0 0 0 0 0 0 0 0 0 0 0 0 14 0 0 0 0 0 0 0 0 0 0 0 0 0 0 0 0 0 0 0 0 0 0 0 6 12 16 14 10 17 0 5 42 4 1 0 0 1 18 0 20 11 16 25 0 10 0 0 14 0 0 0 0 0 0 0 0 9 0 0 5 5 2 1 0 0 0 0 0 2 0 4 0 0 9 0 0 0 0 0 2 0 0 0 0 0 0 0 10 0 0 0 0 0 0 0 32 0 0 0 0 0 0 0 0 7 15 1 33 24 2 11 33 11 7 16 8 0 44 39 13 8 0 0 0 0 0 0 0 0 19 0 0 0 0 0 12 31 0 0 0 0 21 19 0 0 11 0 0 0 0 0 0 0 0 0 0 1 0 0 0 2 2 2 0 4 1 2 3 11 2 1 0 0 8 0 0 0 0 0 0 0 0 0 0 0 3 0 4 0 0 8 1 0 
 0 0 0 0 0 0 0 1 0 0 0 0 2 0 0 0 0 0 0 0 0 0 0 0 72 156 0 0 0 0 0 66 0 0 0 0 0 1 0 0 243 21 91 48 76 129 40 326 117 137 87 19 101 50 151 0 227 343 34 61 0 0 0 0 0 0 19 0 0 7 1 0 4 1 0 0 0 0 23 0 0 0 1 0 0 0 0 0 0 0 0 11 0 0 0 0 0 0 0 0 0 0 0 2 0 14 0 0 0 0 0 0 0 0 0 0 0 0 0 5 22 13 18 11 0 0 4 0 17 23 28 29 0 12 2 11 0 0 19 19 0 16 0 0 0 0 0 0 0 0 0 8 0 0 20 2 0 0 0 5 0 0 0 0 0 0 0 0 0 0 14 0 0 0 0 0 0 0 0 0 0 0 0 0 0 14 0 0 0 0 0 0 0 0 0 0 0 0 0 0 21 40 13 22 1 2 18 10 0 21 0 14 0 46 4 19 22 15 2 19 3 9 0 0 0 0 0 4 0 20 0 0 2 0 0 0 0 0 0 0 0 0 0 0 0 0 0 0 0 0 0 23 0 2 0 0 0 0 1 20 0 0 2 0 1 36 2 0 0 0 0 0 0 0 0 0 0 0 0 0 0 0 1 0 23 0 0 0 2 0 
 3 0 3 3 77 3 3 5 3 3 3 3 4 3 3 3 3 3 3 5 5 2 1 1 1 58 1 1 2 1 4 4 1 4 3 3 8 1 0 4 97 127 63 20 363 65 105 58 117 151 205 90 97 125 277 227 0 96 27 97 0 0 0 8 0 0 2 0 6 15 1 3 7 0 0 6 64 24 0 0 0 16 0 1 0 0 0 0 0 0 0 0 0 0 0 0 0 0 0 0 0 0 0 0 0 2 0 0 0 6 0 0 0 0 0 0 0 0 0 0 15 0 10 32 21 32 2 11 53 11 10 0 7 9 17 1 5 0 0 9 0 0 0 0 10 1 0 0 0 0 2 0 0 14 54 0 0 0 12 0 0 3 0 0 0 4 0 7 0 0 0 0 0 0 0 0 31 0 3 0 0 0 0 0 0 0 11 0 0 0 0 0 0 0 0 0 1 11 0 0 11 0 10 0 1 0 0 3 14 11 9 42 0 9 13 11 14 9 0 1 0 3 0 11 0 0 38 0 0 0 0 0 0 12 0 0 0 0 22 0 0 0 0 0 0 0 0 0 0 0 0 9 0 0 1 0 0 0 0 0 0 0 1 8 65 16 1 0 1 0 0 0 0 0 0 7 0 0 0 0 0 0 0 0 2 0 0 0 0 0 
 0 0 0 3 0 0 0 0 0 0 0 2 0 0 0 0 0 0 0 0 0 0 6 0 0 3 1 6 0 0 0 8 10 10 0 5 63 3 10 0 136 389 171 231 65 63 101 301 159 112 64 208 43 238 263 343 96 0 43 452 0 0 4 0 0 2 1 56 0 0 2 0 0 0 55 0 0 0 54 49 0 0 0 0 10 10 44 0 0 0 0 0 0 0 0 0 0 0 0 0 0 0 0 0 0 10 0 4 0 10 0 0 24 0 4 0 0 6 0 9 3 0 8 0 25 13 22 4 0 16 11 7 9 9 24 24 0 10 11 6 12 0 1 0 0 0 0 0 11 0 0 1 0 0 0 0 0 0 4 18 0 0 0 0 0 0 0 0 1 0 0 0 0 21 0 0 0 7 7 6 10 4 8 1 0 0 0 10 0 9 9 1 0 0 0 0 7 0 0 0 34 0 22 36 18 3 10 35 9 16 20 4 0 0 12 0 1 0 8 6 5 1 0 0 0 0 1 0 1 0 9 0 0 0 6 10 6 0 11 0 0 0 3 0 0 0 1 0 0 0 0 6 0 2 0 0 0 0 0 0 0 2 0 0 71 7 3 1 0 0 0 0 0 0 0 0 0 0 0 0 0 0 0 0 23 18 0 0 2 0 
 3 0 3 3 3 3 3 5 3 6 3 3 3 7 3 6 3 3 3 3 3 7 3 3 62 25 3 3 65 3 71 3 3 3 3 3 72 76 3 3 34 59 24 88 84 41 125 100 87 93 37 47 150 102 128 34 27 43 0 241 0 0 0 0 4 0 0 0 2 5 7 0 1 0 0 0 0 0 0 0 0 0 0 0 0 0 0 0 0 0 0 0 0 0 0 0 0 0 0 0 0 19 0 0 0 9 0 9 0 0 18 12 0 18 8 0 0 0 0 0 0 0 1 0 5 0 9 14 0 0 0 0 0 3 42 11 10 0 0 10 0 5 13 0 7 0 0 0 0 0 6 0 0 0 0 0 0 4 0 0 0 0 0 0 1 0 0 0 0 0 0 1 0 0 0 2 0 0 0 0 0 6 0 18 41 26 0 0 0 0 72 0 0 0 0 0 0 2 0 0 0 4 0 0 0 0 5 12 1 0 14 0 23 7 12 2 0 0 2 33 0 0 1 3 3 0 2 0 0 0 0 10 0 0 0 0 0 0 0 0 0 0 0 0 0 0 0 0 0 0 0 7 0 0 0 0 0 63 62 0 11 0 2 0 0 0 21 0 0 0 14 0 0 0 0 0 0 0 0 12 0 0 0 0 0 12 0 0 0 0 
 0 0 0 0 0 0 0 0 0 0 0 0 0 0 0 0 0 0 0 0 3 0 0 64 70 126 0 0 0 0 63 0 0 0 0 0 65 0 0 0 88 45 35 45 50 54 242 117 130 134 304 38 257 80 306 61 97 452 241 0 0 0 0 0 0 0 0 0 0 6 2 0 4 0 0 0 0 0 0 16 0 0 0 0 0 0 0 0 0 0 0 0 0 0 0 0 0 0 0 0 0 0 0 0 0 74 0 0 0 0 0 0 0 0 0 0 0 0 0 0 5 6 8 2 7 0 2 29 28 4 0 0 7 27 23 0 5 0 18 15 0 26 0 0 10 0 0 0 0 0 0 0 0 0 0 0 0 32 0 0 0 0 0 0 0 0 0 0 0 0 0 0 0 0 0 5 0 0 0 0 0 0 0 0 11 9 0 0 0 0 18 0 0 0 0 0 0 0 0 0 1 7 13 0 9 0 0 11 0 0 14 10 11 10 14 14 1 2 7 6 0 0 0 0 0 0 0 0 0 0 0 0 0 0 0 0 0 0 7 0 0 0 0 0 0 0 0 0 0 0 0 16 0 1 0 0 0 0 32 2 14 0 0 0 63 0 0 0 0 0 10 0 0 0 0 0 0 0 0 0 0 0 0 0 0 0 0 0 0 0 
 0 13 3 7 0 0 5 0 0 0 1 4 0 7 0 0 0 0 0 0 2 0 2 2 2 2 2 4 2 2 3 5 2 3 2 2 2 2 2 4 0 0 0 0 50 0 0 0 0 1 2 55 0 0 0 0 0 0 0 0 0 105 150 61 29 34 139 328 64 46 120 35 128 127 100 64 87 33 71 141 14 1 0 0 0 0 0 0 62 5 6 0 0 0 3 0 2 0 0 0 0 0 0 0 0 0 0 0 0 0 0 0 0 0 0 0 0 0 3 0 0 0 0 0 0 0 0 0 1 0 1 0 0 6 0 0 0 0 0 0 20 15 0 0 10 0 0 12 1 9 26 20 7 25 8 22 7 21 9 4 0 6 9 0 7 0 0 0 0 13 6 9 0 4 0 4 0 0 0 0 0 0 0 0 0 0 0 0 0 0 0 0 0 0 0 0 0 0 0 0 0 0 0 0 18 25 0 0 0 0 0 0 0 0 0 0 0 1 23 0 0 19 15 0 18 1 0 6 22 18 0 16 0 32 27 0 7 0 0 16 0 0 0 9 0 0 0 0 0 4 0 0 0 97 14 0 0 0 0 0 0 0 19 0 0 0 15 0 0 0 45 1 1 1 2 4 0 0 0 0 0 0 0 0 0 1 0 0 0 0 
