 0 75 172 253 323 40 76 173 216 126 348 31 134 50 281 58 111 49 271 53 0 0 1 5 4 0 3 0 4 3 0 6 76 2 4 5 3 1 36 5 2 2 5 0 2 0 0 3 0 0 1 0 0 0 0 4 0 4 3 3 3 0 0 0 2 2 0 0 0 1 0 2 1 2 0 2 0 0 0 2 39 16 0 2 0 1 1 10 0 10 0 4 11 62 0 25 42 0 25 19 11 0 0 0 0 0 15 0 0 0 0 0 0 0 0 0 1 0 50 0 0 0 0 0 0 0 0 0 0 0 0 0 0 0 0 0 0 0 0 0 13 0 0 0 0 0 0 0 0 0 0 0 0 0 1 0 0 0 0 2 0 0 37 3 0 0 21 42 0 0 14 1 20 25 23 0 1 1 3 15 0 0 0 0 0 0 20 0 0 0 0 0 0 17 0 0 0 0 13 30 0 0 0 0 0 0 0 0 0 0 0 0 0 0 0 0 0 0 0 12 0 0 0 0 0 0 0 0 0 0 0 0 0 0 0 0 0 0 2 0 0 0 0 0 0 0 0 0 3 0 2 9 0 0 0 0 0 0 0 0 0 0 0 0 0 0 0 0 0 0 0 0 0 0 0 0 0 0 0 0 0 0 0 0 0 0 0 0 0 0 
 75 0 402 96 112 37 202 218 51 53 38 37 251 175 234 237 113 458 39 108 0 0 0 4 0 0 0 0 3 0 1 4 0 2 3 0 0 0 74 0 63 0 3 0 2 0 0 0 0 0 0 0 0 0 0 2 0 4 0 0 0 0 0 0 0 0 0 1 0 0 0 2 0 0 0 45 0 0 8 2 0 27 3 0 17 17 14 13 20 85 52 4 11 20 48 0 18 11 0 11 0 0 0 0 0 0 0 2 1 0 0 0 1 0 0 0 0 0 3 0 0 0 0 0 0 0 0 0 0 0 0 0 0 0 0 0 0 0 0 16 0 0 0 0 0 0 0 4 0 0 0 0 0 0 0 0 0 0 0 0 31 18 0 24 0 15 0 0 20 14 0 0 10 15 0 53 9 12 11 0 12 0 0 0 0 19 25 0 0 0 0 0 0 10 0 0 0 0 0 20 0 0 0 0 0 0 0 0 0 0 0 0 0 0 0 0 0 0 0 0 0 0 0 0 0 0 0 0 0 0 0 0 0 0 0 0 0 0 0 0 0 0 0 0 0 0 3 0 0 0 21 6 13 0 0 0 0 0 0 0 0 0 0 0 0 0 0 0 0 0 0 0 0 0 0 26 0 0 0 0 0 0 0 0 0 0 0 0 0 0 
 172 402 0 138 360 327 71 119 232 345 252 48 74 257 62 290 54 636 32 122 0 0 0 3 0 0 4 3 4 0 0 3 25 1 3 0 0 0 77 73 0 0 3 0 2 0 29 0 0 3 0 0 0 2 0 0 0 4 0 0 2 0 0 2 0 1 4 1 0 3 0 2 0 0 0 0 0 0 0 2 1 1 18 30 1 15 0 0 12 27 16 22 0 19 3 43 12 1 0 0 3 0 0 0 15 0 0 5 0 1 0 0 14 13 0 0 0 0 39 1 0 0 11 11 0 0 0 0 2 0 0 1 0 0 0 0 0 0 0 0 2 0 0 0 0 1 0 10 0 0 0 0 0 1 1 0 0 0 0 0 2 23 13 24 12 35 0 18 12 10 19 17 0 0 0 0 27 13 0 0 13 0 1 0 0 0 0 0 0 2 0 0 0 20 8 0 0 0 21 14 0 0 0 0 0 0 0 0 0 0 0 0 0 0 1 0 0 0 0 0 0 0 0 0 0 0 0 19 0 0 0 0 0 0 14 0 0 0 0 0 0 0 0 0 0 3 88 0 1 133 0 6 2 0 0 0 0 0 1 0 0 0 0 0 0 0 0 0 0 0 0 0 0 0 0 13 9 0 0 0 0 0 0 0 0 0 0 11 0 0 
 253 96 138 0 101 143 433 174 400 177 400 62 139 277 150 550 222 490 57 151 2 74 0 3 6 0 1 0 4 0 0 3 0 1 3 0 0 0 64 150 0 0 3 0 6 0 3 0 0 0 4 0 0 0 0 0 2 5 0 0 1 0 0 0 0 0 2 2 0 6 0 2 0 0 0 0 0 0 11 2 0 0 61 53 35 33 0 0 70 0 31 44 0 0 28 0 10 0 0 0 0 19 0 2 0 2 0 63 17 0 0 0 20 12 10 2 0 0 0 0 0 0 0 0 1 0 0 0 0 0 0 0 0 0 0 0 0 0 0 0 0 0 0 0 0 0 0 0 0 2 0 0 5 7 0 0 0 0 0 0 12 17 26 12 26 50 0 9 19 0 46 40 0 12 0 25 0 26 0 0 18 10 0 0 0 21 35 20 0 0 0 0 1 26 2 5 2 0 48 28 0 0 0 0 0 0 0 0 0 0 0 0 0 0 0 0 0 0 0 0 0 0 0 0 0 0 0 0 0 0 0 0 0 0 0 0 0 0 0 0 0 9 0 0 0 0 10 1 3 1 21 9 0 0 0 0 0 0 0 0 0 0 0 0 0 0 0 0 0 0 0 0 0 0 0 15 0 0 0 0 0 1 0 0 0 0 0 0 0 0 
 323 112 360 101 0 295 44 85 279 175 162 154 60 285 86 89 216 57 50 87 0 137 75 2 0 0 88 117 80 0 0 3 76 1 88 76 74 0 146 1 0 0 3 0 2 0 0 0 0 0 63 0 0 0 0 0 0 66 0 3 2 0 0 0 0 0 0 8 0 0 0 2 0 11 0 0 0 0 0 2 0 11 0 1 0 0 0 0 0 1 18 26 0 9 0 0 10 13 0 0 59 34 0 0 0 1 37 0 21 10 10 0 0 40 16 0 6 8 13 21 0 0 0 0 0 0 0 0 0 0 0 0 0 0 0 0 0 0 0 0 0 0 0 0 0 0 0 0 0 0 0 0 0 24 0 0 0 0 0 2 0 0 23 12 11 10 0 0 16 0 14 3 0 0 0 0 4 15 0 0 34 19 14 0 0 0 23 8 12 0 2 0 25 25 26 0 3 0 29 53 0 0 0 0 0 0 0 0 0 0 0 0 0 0 0 0 0 0 0 0 0 0 0 0 0 0 0 6 0 0 0 0 0 1 0 0 0 0 2 0 0 0 0 0 0 1 87 0 8 89 0 5 0 0 0 0 0 0 0 0 0 0 0 0 0 0 0 0 0 0 0 0 0 0 0 13 0 0 0 0 0 0 0 0 0 0 0 0 0 0 
 40 37 327 143 295 0 251 28 125 69 293 42 35 37 46 150 132 148 46 57 0 138 0 77 0 0 98 70 2 0 0 3 79 74 79 0 18 21 169 157 0 0 3 0 5 0 0 0 0 0 1 0 0 7 0 2 0 4 0 5 1 0 0 0 0 0 0 1 0 6 0 2 3 0 0 0 0 0 1 2 0 0 0 12 0 0 0 0 0 0 13 23 0 0 0 0 0 0 0 0 49 12 6 10 0 14 50 26 38 49 7 2 1 85 0 1 38 43 30 13 0 0 0 0 0 0 0 0 0 0 0 0 0 0 0 0 0 0 0 0 7 0 0 0 0 0 0 0 0 2 0 0 0 0 0 2 10 0 0 0 0 5 0 0 52 17 0 0 11 19 14 80 0 0 0 0 5 0 9 0 34 7 21 18 0 1 11 11 18 0 21 0 51 14 35 1 14 27 19 0 0 7 0 12 0 0 0 2 0 0 0 0 0 0 0 0 2 0 0 0 18 15 19 0 0 0 0 0 0 0 0 0 1 0 0 0 0 0 0 0 0 1 0 0 0 3 1 0 0 4 0 0 4 0 0 0 0 73 0 0 0 0 0 0 0 0 0 0 0 0 0 0 0 0 0 0 0 0 0 0 0 5 0 0 0 0 0 0 0 0 
 76 202 71 433 44 251 0 104 259 94 129 121 110 190 54 341 70 35 70 133 0 0 0 4 0 0 0 2 2 0 0 4 4 1 80 0 80 0 0 2 0 0 3 0 2 0 0 0 0 0 0 0 0 0 0 2 0 4 0 0 0 0 0 0 0 0 0 0 0 0 0 2 0 0 0 0 0 0 0 2 63 0 27 0 70 0 12 38 1 35 1 7 6 34 11 63 9 9 45 0 0 0 0 0 0 0 0 0 0 0 0 0 0 0 0 0 0 0 11 12 0 0 0 0 0 0 0 0 0 0 0 0 0 0 0 0 0 0 0 0 0 0 0 0 0 0 0 0 0 0 0 0 0 0 0 0 0 0 0 0 14 18 0 12 0 0 34 0 0 4 0 0 4 27 13 33 16 10 2 47 0 0 0 0 0 0 0 0 0 0 0 0 0 0 0 0 0 0 0 1 0 0 0 0 0 0 0 0 0 0 0 0 0 0 0 0 0 0 0 0 0 0 0 0 0 0 0 0 0 0 0 22 0 0 0 0 0 0 0 0 0 0 0 0 0 0 0 0 2 0 8 11 0 0 0 0 0 0 0 0 0 0 0 0 0 0 0 0 0 0 0 0 0 0 0 0 0 0 0 0 0 0 0 0 0 0 0 0 0 0 
 173 218 119 174 85 28 104 0 96 71 220 108 104 381 499 67 43 77 86 49 1 2 2 7 0 0 0 0 3 0 0 3 0 1 3 0 203 0 0 0 0 0 3 0 6 0 13 0 0 0 0 0 0 0 0 2 0 3 0 0 0 0 0 0 0 0 0 1 0 0 0 2 0 49 0 51 1 0 0 2 6 44 0 0 2 0 23 28 17 16 24 1 18 16 25 22 0 1 1 42 0 0 0 0 0 0 7 16 0 0 0 0 0 0 0 0 2 0 20 0 0 0 0 8 0 0 0 0 0 0 0 0 0 0 0 0 0 0 0 0 0 0 0 0 0 0 0 6 0 0 0 0 0 0 0 0 0 0 0 0 0 36 12 9 0 8 14 41 15 0 6 0 33 0 9 2 31 36 10 6 17 0 0 0 0 0 0 16 0 0 0 0 0 0 0 0 0 0 21 0 0 0 0 0 0 0 0 0 0 0 0 0 0 0 0 0 0 0 0 0 0 0 0 0 0 0 0 0 0 0 0 0 0 2 0 0 0 0 0 0 0 0 0 0 0 0 113 1 0 0 0 12 0 0 0 0 0 0 0 0 0 0 0 0 0 0 0 0 0 0 0 0 0 0 0 21 0 0 0 0 0 0 0 0 0 0 0 0 0 0 
 216 51 232 400 279 125 259 96 0 254 180 26 60 192 387 274 42 140 77 158 0 0 0 4 0 0 0 3 2 8 0 3 12 82 3 0 0 4 150 77 0 4 7 0 2 4 9 0 43 0 3 0 0 0 0 2 6 5 6 0 1 0 0 0 0 0 0 0 0 5 4 2 3 0 2 0 4 0 7 4 0 0 23 54 0 14 0 0 4 23 7 28 1 19 0 12 37 9 0 0 2 0 0 0 0 0 0 8 0 0 0 0 12 0 0 0 0 0 18 0 0 0 17 9 0 0 0 0 0 0 0 0 0 0 0 0 0 0 1 0 0 0 0 0 0 0 2 0 0 0 2 0 0 0 0 0 0 0 0 0 0 15 13 29 0 26 9 24 14 0 34 11 1 0 16 14 0 0 1 0 0 18 0 0 0 1 19 0 0 0 0 0 0 22 2 0 0 0 34 52 0 0 0 0 0 0 0 0 0 0 0 0 0 0 0 0 0 0 0 0 0 0 0 0 0 0 0 0 0 0 0 0 0 0 1 0 0 0 0 0 0 0 0 0 0 2 0 0 0 87 0 5 0 0 0 0 0 0 0 0 0 0 0 0 0 0 0 0 0 0 0 0 0 0 0 13 10 13 0 0 0 0 0 0 0 0 0 0 0 0 
 126 53 345 177 175 69 94 71 254 0 177 75 260 179 86 817 138 270 95 80 0 0 0 6 0 0 0 0 2 0 0 3 76 2 3 3 0 0 77 90 0 0 3 0 5 0 0 0 0 0 4 0 0 8 0 2 0 5 63 1 0 0 0 0 0 0 0 1 0 0 0 2 0 0 0 0 0 0 0 2 16 35 1 11 18 36 33 0 0 23 0 2 10 21 1 11 11 37 10 9 42 19 0 2 0 0 0 20 12 21 0 0 20 28 0 0 0 15 27 0 0 0 12 0 0 0 0 0 0 0 2 0 0 0 0 0 0 0 0 0 1 0 0 2 0 0 0 0 0 0 0 0 9 16 0 0 0 0 0 0 0 11 18 0 37 0 0 26 18 0 80 42 26 0 0 0 20 36 2 0 15 0 0 0 0 0 12 0 0 0 0 0 10 33 17 11 10 0 20 14 0 0 0 0 0 0 0 0 0 0 0 9 0 0 0 0 0 0 0 0 0 0 0 0 2 0 0 0 0 0 0 0 0 0 0 0 0 0 0 0 0 11 0 0 0 0 50 0 0 2 0 7 0 0 0 0 0 0 0 0 0 0 10 0 0 0 0 0 0 0 0 0 0 0 0 0 17 0 0 0 0 0 0 0 0 0 0 0 0 0 
 348 38 252 400 162 293 129 220 180 177 0 58 28 164 151 191 182 239 42 63 0 0 0 4 0 0 0 0 2 0 0 3 27 2 3 0 0 0 78 0 0 0 3 0 2 0 4 0 0 0 0 0 0 0 0 2 0 5 0 0 0 0 0 0 0 0 0 0 0 0 0 2 0 0 0 43 0 25 0 2 15 0 9 18 33 32 0 0 10 31 0 14 0 37 42 11 12 0 32 0 3 0 0 1 0 0 0 15 0 0 0 0 0 0 0 0 0 0 19 13 0 0 12 12 2 0 0 0 0 0 1 0 0 0 0 2 0 0 0 0 0 0 0 1 0 0 0 8 0 1 0 0 0 0 0 0 0 2 17 0 0 12 31 20 0 23 2 25 18 0 21 0 0 0 0 19 9 0 0 17 0 0 0 0 0 0 0 0 0 0 0 0 0 7 0 5 0 0 33 21 0 0 0 0 0 0 0 0 0 0 0 0 0 0 0 0 0 0 0 0 0 0 0 0 0 0 0 0 0 0 0 0 0 0 0 0 0 0 0 0 0 0 0 0 0 0 6 0 0 0 0 6 0 0 0 0 0 2 0 16 0 0 0 0 0 0 2 0 0 0 0 0 0 0 2 7 0 0 0 0 0 0 0 0 0 0 0 0 0 0 
 31 37 48 62 154 42 121 108 26 75 58 0 26 19 137 139 60 71 29 45 0 82 77 3 0 0 0 95 2 0 0 3 0 2 77 0 1 0 0 74 0 0 3 0 6 0 0 0 0 0 10 0 0 10 0 2 0 5 0 0 2 0 0 0 0 0 0 22 0 0 0 2 2 9 8 0 0 0 0 2 37 0 13 0 43 10 0 24 12 0 0 10 0 0 17 1 0 20 0 0 16 21 0 0 0 1 10 0 0 34 0 4 23 19 21 8 0 21 15 26 0 0 0 1 0 1 0 0 0 0 0 0 0 0 0 0 0 0 0 0 0 0 0 0 0 24 2 0 0 0 2 0 0 0 1 0 0 0 0 0 15 10 2 9 20 1 0 0 0 6 0 8 0 0 0 7 17 14 0 1 14 32 10 0 0 1 65 7 0 13 0 0 37 9 12 0 54 0 0 10 0 0 0 0 0 0 0 0 0 0 0 0 0 0 0 0 0 0 0 0 0 0 0 0 0 0 0 0 0 0 0 0 0 17 0 0 0 0 0 0 0 15 0 0 0 0 5 0 1 86 0 15 0 0 0 0 0 0 0 0 0 0 14 0 0 0 0 0 0 0 0 0 0 0 0 0 0 0 0 0 0 0 0 0 0 0 0 0 0 0 
 134 251 74 139 60 35 110 104 60 260 28 26 0 140 217 250 294 254 280 314 0 0 0 3 0 0 0 0 2 0 0 3 0 2 3 1 0 0 0 0 0 0 3 29 2 0 0 0 0 0 0 0 0 0 0 0 0 5 28 0 0 0 0 0 0 0 0 0 0 0 0 2 0 0 0 0 0 0 0 2 5 15 24 14 58 0 13 0 11 0 25 0 40 71 8 1 2 23 15 31 0 0 0 0 0 0 0 0 0 0 0 0 0 0 0 0 0 0 0 0 0 0 0 14 0 0 0 0 2 0 0 0 0 0 0 0 0 0 0 0 0 0 0 0 0 0 0 0 0 0 1 0 0 0 0 0 0 0 0 0 30 13 1 0 0 0 0 15 1 11 0 0 18 41 6 25 18 0 63 0 0 2 0 0 0 0 0 0 0 1 0 0 0 0 0 0 0 0 0 0 0 0 13 0 0 0 1 1 0 0 0 0 5 0 0 0 1 0 0 0 0 0 0 0 0 0 0 0 0 0 0 0 2 0 0 0 0 0 0 0 0 2 0 0 0 0 0 0 2 3 1 18 0 0 0 0 0 0 0 0 0 0 0 0 0 0 0 0 0 0 0 0 0 0 0 0 0 0 0 0 0 0 0 0 0 0 0 0 0 0 
 50 175 257 277 285 37 190 381 192 179 164 19 140 0 353 183 40 278 73 187 0 0 87 4 6 1 0 5 2 0 75 5 0 2 3 0 1 0 0 208 0 0 3 6 2 0 4 0 0 0 0 0 0 0 0 5 0 5 0 6 0 0 0 0 0 0 0 0 0 0 0 2 0 0 0 52 4 4 0 2 29 15 9 0 34 15 17 0 13 32 15 0 15 9 48 9 0 0 1 5 0 0 0 0 0 0 0 16 0 0 0 0 0 0 33 0 0 0 13 15 0 0 0 8 0 0 0 0 0 0 0 0 0 0 0 0 0 0 0 0 0 0 0 0 0 0 0 4 0 0 0 0 0 0 0 0 0 0 0 0 10 34 19 20 0 49 0 41 48 20 8 0 19 31 0 26 34 17 0 0 0 0 0 0 0 0 0 0 0 0 0 0 0 0 0 0 0 0 19 0 0 0 0 0 0 0 0 0 0 0 0 0 0 0 0 0 0 0 0 0 0 0 0 0 0 0 0 0 0 0 0 0 0 0 0 0 0 0 0 0 0 0 0 0 0 2 1 2 2 0 0 3 0 0 1 0 0 0 0 0 0 0 0 0 0 15 0 0 0 0 0 0 0 0 0 1 0 0 0 0 0 0 0 0 0 0 0 0 0 0 
 281 234 62 150 86 46 54 499 387 86 151 137 217 353 0 271 230 266 394 204 0 0 2 3 0 0 0 0 1 0 2 3 0 1 3 0 0 0 78 2 0 1 3 0 3 0 0 0 0 0 0 0 0 0 0 0 0 4 0 0 0 0 0 0 0 0 0 0 0 0 0 2 0 0 0 33 0 0 7 2 0 28 34 40 1 16 18 25 40 0 49 29 19 0 40 25 8 5 0 0 0 0 0 0 0 0 0 9 0 0 0 0 19 0 0 0 0 0 0 0 0 0 0 0 0 0 0 0 0 0 0 0 0 0 0 0 1 0 0 0 0 0 0 0 0 4 0 0 0 0 0 0 0 0 29 0 0 0 0 2 29 5 0 22 0 2 0 0 25 26 23 0 6 2 30 30 14 0 0 0 0 0 0 0 0 0 17 0 0 0 0 0 0 0 0 0 0 0 20 26 0 0 0 0 0 0 0 0 0 0 0 0 0 0 0 0 0 0 0 0 0 0 0 0 0 22 0 0 0 0 0 0 0 1 0 0 0 0 2 0 0 0 0 0 0 1 0 2 0 2 3 9 0 0 0 0 0 0 0 0 0 0 0 0 0 0 0 0 0 0 0 0 0 0 0 10 0 14 0 0 0 0 0 0 0 0 0 0 0 0 
 58 237 290 550 89 150 341 67 274 817 191 139 250 183 271 0 342 273 245 143 2 0 0 4 0 0 0 0 2 0 0 3 9 1 5 0 0 0 56 0 0 0 3 0 6 0 0 0 0 0 5 0 0 5 0 2 0 3 0 0 0 0 0 0 0 0 0 0 0 0 0 3 0 0 0 41 0 0 0 8 0 20 26 0 48 42 0 10 14 20 30 1 8 19 62 4 1 0 20 0 1 23 2 0 0 0 0 0 15 0 0 0 15 11 0 0 0 0 1 2 0 0 2 0 0 0 0 0 0 0 0 0 0 0 0 0 0 2 0 0 0 0 0 0 2 0 0 0 0 0 0 0 30 10 0 0 0 0 0 0 45 13 14 0 77 10 13 34 19 0 23 0 0 54 45 18 0 25 0 22 59 1 0 5 17 0 12 14 0 0 0 2 0 37 0 0 15 0 23 0 0 0 0 1 0 0 0 0 0 0 0 0 0 0 0 0 0 0 0 0 0 0 0 0 0 0 0 0 0 0 0 0 0 0 0 11 0 0 0 2 0 10 0 0 0 1 179 2 0 1 3 1 14 1 0 0 0 0 0 0 0 0 20 0 0 0 0 0 0 0 0 0 0 0 0 36 0 0 0 0 0 0 0 0 0 0 0 0 0 0 
 111 113 54 222 216 132 70 43 42 138 182 60 294 40 230 342 0 63 119 42 0 0 0 4 0 0 0 0 2 0 0 3 0 2 5 0 0 0 176 3 2 0 3 0 3 0 0 0 0 0 0 0 0 0 0 2 0 5 0 0 0 0 0 0 0 0 0 0 0 0 0 2 0 0 0 50 0 0 0 2 0 29 33 17 16 11 22 2 0 10 19 10 6 26 1 0 7 26 38 15 0 17 0 0 0 0 10 0 10 0 0 0 10 3 0 0 0 0 8 0 0 0 0 0 0 0 0 0 0 0 0 0 0 0 0 0 0 0 0 0 1 0 0 0 0 0 0 1 0 0 0 0 34 10 0 0 0 0 0 0 11 0 45 11 45 0 13 9 18 31 24 23 6 0 0 21 40 2 15 12 21 0 0 0 0 0 3 0 29 0 0 0 0 11 12 11 0 0 35 1 0 0 0 0 0 0 0 0 0 0 0 0 0 0 0 0 0 0 0 0 0 0 2 2 0 0 0 0 0 0 0 0 0 11 0 0 0 0 0 0 0 0 0 0 0 4 2 0 86 0 0 3 0 0 0 0 0 0 0 0 0 0 0 0 0 0 0 0 0 0 0 0 45 2 0 0 0 0 0 0 0 0 0 0 0 0 0 0 0 0 
 49 458 636 490 57 148 35 77 140 270 239 71 254 278 266 273 63 0 57 227 0 0 0 3 0 0 0 2 2 0 0 5 0 1 3 0 2 0 1 72 0 0 3 0 3 0 1 0 0 0 0 0 1 0 0 0 0 3 2 0 2 0 0 0 0 0 0 1 0 9 0 2 0 0 0 0 0 0 0 2 0 1 25 12 15 0 0 0 36 11 33 6 6 0 40 13 0 0 0 0 0 0 0 0 0 0 0 12 0 0 0 2 14 14 0 0 0 3 32 0 0 0 0 8 0 0 0 0 0 0 0 0 0 0 0 0 0 0 0 10 0 0 0 0 0 0 0 5 0 0 0 0 0 1 0 2 29 0 0 0 8 29 34 6 7 16 0 23 0 10 35 10 0 15 0 14 0 16 0 0 18 0 1 1 0 0 1 14 0 2 0 0 0 24 8 0 0 0 24 17 0 29 0 0 0 0 0 0 0 0 12 0 0 0 0 0 0 0 0 0 0 0 0 0 0 0 0 0 0 0 0 0 1 0 0 0 0 0 0 0 0 1 0 0 0 3 86 2 7 90 4 5 0 0 0 0 0 2 0 0 0 0 0 0 0 17 0 0 0 0 0 0 0 0 0 18 11 0 0 0 0 0 0 0 0 0 0 0 0 0 
 271 39 32 57 50 46 70 86 77 95 42 29 280 73 394 245 119 57 0 229 0 0 0 3 37 0 0 0 2 0 0 7 0 3 3 2 0 0 0 0 0 0 3 0 2 0 0 0 0 0 0 0 3 0 0 0 0 4 0 0 0 2 0 0 0 0 0 0 0 0 0 2 0 0 0 0 0 0 0 2 0 87 0 16 0 0 18 13 0 10 1 0 19 2 0 24 10 15 0 34 0 0 0 0 0 1 0 0 0 0 0 0 0 0 0 0 0 6 13 0 0 0 0 0 0 0 0 0 0 0 0 0 0 0 1 0 0 0 0 0 1 0 0 0 0 1 0 0 9 0 4 0 0 2 0 0 0 0 0 0 13 0 17 0 0 0 23 0 8 15 1 2 30 17 18 15 26 0 32 6 0 0 0 0 0 0 0 0 0 0 0 24 0 0 0 0 0 0 1 0 0 0 0 0 0 0 0 0 0 0 0 0 0 0 0 0 0 0 14 1 0 0 0 12 0 0 0 0 0 0 0 0 0 0 0 0 0 0 0 0 0 0 0 0 0 0 0 0 3 0 13 9 0 0 0 0 0 0 0 0 0 0 0 0 0 0 0 0 0 0 0 0 0 14 0 0 0 0 0 0 0 0 0 0 0 0 0 0 0 0 
 53 108 122 151 87 57 133 49 158 80 63 45 314 187 204 143 42 227 229 0 0 0 0 4 0 0 4 0 1 0 0 3 0 0 3 4 5 2 3 0 3 2 5 0 7 2 3 0 0 0 0 4 0 7 0 0 3 5 4 1 0 0 0 0 0 2 0 0 1 0 2 2 1 0 1 1 2 51 0 2 0 0 26 13 9 1 28 0 10 10 28 0 1 0 8 39 0 1 0 13 0 0 0 0 0 2 0 0 0 0 0 0 0 0 0 0 0 0 0 0 0 0 0 0 0 0 0 0 0 0 0 0 0 0 0 0 0 0 0 2 0 0 0 0 0 0 0 0 0 0 6 0 0 0 0 0 0 1 0 12 30 9 15 0 0 17 0 7 18 0 0 0 3 38 9 23 0 0 13 15 0 0 0 0 0 0 0 0 0 0 0 0 2 0 0 0 0 0 25 0 0 0 0 0 0 0 0 0 0 0 0 0 0 0 0 0 0 0 0 0 0 0 0 0 0 0 0 0 0 0 0 0 0 0 0 0 0 0 0 0 0 0 0 0 0 2 0 1 1 0 17 16 0 0 0 14 0 0 0 0 0 0 0 0 0 0 0 0 0 0 0 0 0 0 0 0 0 0 0 0 0 0 0 0 0 0 0 0 0 0 
 0 0 0 2 0 0 0 1 0 0 0 0 0 0 0 2 0 0 0 0 0 88 272 72 38 37 263 56 78 185 134 111 146 231 198 31 155 52 56 88 3 3 3 21 1 0 1 0 0 2 0 0 0 0 0 4 0 2 0 0 2 4 0 0 0 49 3 0 2 0 0 0 0 3 0 2 0 0 0 3 0 0 0 2 0 0 0 0 0 0 0 0 0 0 0 0 0 0 2 0 0 32 78 72 0 12 0 19 11 1 29 19 0 1 22 30 45 0 0 0 0 0 0 0 0 0 27 0 0 0 0 0 0 0 0 0 0 0 27 20 0 0 0 0 0 0 0 0 14 3 0 0 0 0 0 0 0 0 0 0 0 0 0 0 22 0 0 0 0 0 0 0 0 0 0 0 0 0 0 0 0 14 25 27 3 12 0 44 24 67 27 68 0 0 12 16 2 49 0 0 8 0 0 0 0 0 0 0 1 12 0 0 22 0 0 0 0 0 5 0 0 0 0 0 0 0 0 0 0 10 0 0 0 0 0 0 0 0 0 0 0 0 1 0 0 0 0 0 0 0 0 0 0 0 10 0 0 0 0 2 15 0 0 0 0 0 0 0 0 0 0 0 0 1 0 0 0 0 0 0 0 14 0 0 0 0 0 0 0 0 
 0 0 0 74 137 138 0 2 0 0 0 82 0 0 0 0 0 0 0 0 88 0 85 133 274 39 85 167 100 41 231 250 117 125 287 38 280 85 49 180 3 3 3 0 0 0 0 0 0 1 0 0 75 9 0 2 0 2 0 54 3 26 0 0 0 0 7 0 52 0 0 0 0 2 7 2 0 1 2 3 2 0 0 0 0 17 0 0 0 0 0 2 0 20 0 0 9 0 0 0 47 31 0 20 0 23 43 11 25 35 7 12 22 23 4 15 19 14 20 34 0 0 0 0 0 0 0 0 0 0 0 0 0 0 0 0 0 0 0 0 6 0 0 0 0 0 0 14 0 0 0 0 7 2 0 0 7 0 0 0 0 0 0 0 36 0 0 0 0 0 20 28 0 0 1 0 9 0 0 0 39 6 8 25 0 16 25 8 48 0 19 1 90 10 20 19 46 12 0 16 0 0 0 0 0 0 0 0 0 0 0 0 1 0 0 0 0 0 0 0 0 0 0 0 0 0 0 0 1 0 0 0 0 0 0 19 1 0 0 0 0 0 0 0 0 0 0 0 0 0 0 0 0 0 5 0 0 78 0 2 0 2 0 0 0 0 9 0 0 0 0 0 0 0 0 0 0 0 0 0 0 0 0 0 0 0 13 0 0 0 
 1 0 0 0 75 0 0 2 0 0 0 77 0 87 2 0 0 0 0 0 272 85 0 235 344 41 215 260 246 104 118 44 95 59 173 59 174 134 111 120 3 3 3 7 1 17 0 0 0 2 42 0 0 6 0 68 1 0 0 0 6 0 0 0 0 52 3 6 2 0 0 0 0 7 8 2 0 0 0 3 0 0 0 0 0 0 0 0 0 0 0 14 0 0 0 0 0 0 0 0 18 13 18 62 10 38 10 15 0 13 18 18 10 0 36 32 66 5 10 0 0 0 0 0 0 0 13 0 0 0 0 0 17 0 0 0 0 0 10 0 0 0 0 0 0 0 0 0 21 1 0 0 0 0 0 0 0 0 0 1 0 3 0 0 1 0 0 0 16 0 0 0 0 0 0 0 0 0 0 0 15 13 62 1 13 36 0 11 28 18 50 20 12 0 8 1 0 59 0 0 3 0 0 0 0 0 0 0 0 0 0 0 0 0 7 0 2 0 9 2 0 0 0 0 1 0 0 0 0 0 0 0 0 0 0 0 0 0 0 0 0 0 8 0 0 0 0 0 0 0 0 0 0 0 9 0 0 0 2 0 2 0 0 0 0 0 9 0 0 0 0 0 0 0 0 0 0 0 0 14 0 0 0 0 0 0 1 0 0 0 
 5 4 3 3 2 77 4 7 4 6 4 3 3 4 3 4 4 3 3 4 72 133 235 0 285 56 175 95 68 288 160 166 66 170 67 220 166 137 60 157 72 3 3 0 1 2 0 67 1 2 1 2 24 2 0 3 4 0 2 0 2 0 0 0 0 0 3 4 35 0 14 0 0 6 0 2 0 0 1 3 2 0 0 3 0 0 0 0 0 0 0 0 0 1 0 0 0 0 0 0 0 0 0 15 15 8 0 4 6 0 19 27 11 1 1 39 0 8 0 14 0 18 3 0 0 0 0 14 29 21 0 1 17 0 0 18 0 0 13 0 0 0 0 0 0 0 0 0 0 0 0 0 1 6 0 0 0 0 0 0 0 0 14 0 1 0 0 0 0 0 0 2 0 0 1 1 0 0 0 0 11 0 12 24 31 2 0 0 0 0 11 0 13 0 1 0 21 0 0 0 22 43 0 0 0 0 24 11 0 19 0 0 13 11 0 9 0 0 2 17 0 0 0 0 0 0 0 0 0 0 0 0 0 0 0 0 0 0 0 0 0 0 1 0 0 0 0 0 0 1 0 0 0 0 18 0 1 175 45 0 1 15 0 1 0 0 0 0 0 0 0 0 0 0 0 0 0 2 0 0 0 0 0 0 0 0 0 0 0 0 
 4 0 0 6 0 0 0 0 0 0 0 0 0 6 0 0 0 0 37 0 38 274 344 285 0 300 51 358 80 81 142 202 83 78 103 123 90 182 86 74 122 5 3 0 2 6 1 55 0 2 1 0 134 125 62 3 3 0 0 0 2 0 0 0 0 0 3 0 2 0 0 0 0 3 0 3 0 0 0 2 0 0 0 0 1 0 0 0 0 2 0 0 0 0 0 0 0 0 0 0 0 0 0 0 11 20 0 0 0 0 9 11 0 0 15 9 0 11 0 0 14 18 27 0 0 0 0 11 41 9 0 9 15 23 12 23 3 0 5 32 5 0 0 13 0 0 0 0 0 0 1 0 17 0 0 0 0 0 0 0 8 0 0 1 0 0 0 2 0 0 0 0 0 0 0 0 0 0 0 0 0 2 12 5 29 76 0 0 0 0 0 20 0 0 0 0 0 0 0 0 24 12 21 3 0 0 18 8 0 36 0 0 1 14 24 10 57 0 42 10 0 0 0 23 0 0 0 0 22 0 0 0 0 15 0 0 0 0 0 0 0 0 10 0 0 0 0 0 0 0 0 0 0 0 12 0 0 54 5 1 0 14 0 0 0 0 0 0 0 0 0 0 0 19 0 0 0 0 0 14 0 0 0 0 0 8 0 0 0 0 
 0 0 0 0 0 0 0 0 0 0 0 0 0 1 0 0 0 0 0 0 37 39 41 56 300 0 32 66 55 48 185 172 39 33 112 65 136 253 269 46 90 65 65 0 1 0 124 63 0 29 0 0 32 35 91 66 62 1 1 128 1 0 0 0 0 1 3 87 2 0 1 0 0 3 0 3 0 0 0 3 0 0 0 0 0 0 0 0 0 0 0 0 0 0 0 0 0 0 0 0 0 0 0 18 0 0 0 0 0 0 16 0 15 0 0 0 0 0 0 0 28 15 28 0 1 0 48 16 45 7 0 17 29 57 27 12 0 0 29 21 0 0 0 0 0 0 0 0 0 0 0 0 0 0 0 0 0 0 0 0 6 0 0 0 0 0 0 0 1 0 0 0 0 0 0 0 0 0 0 0 1 0 0 27 14 0 0 0 0 14 0 70 0 0 0 0 18 0 0 0 10 16 15 11 0 0 11 63 19 6 19 0 12 30 35 18 25 11 7 2 0 0 0 0 2 0 0 0 0 0 0 0 0 0 0 2 0 0 1 0 0 0 1 0 0 0 0 0 0 0 0 0 0 0 5 0 5 5 0 15 0 1 0 0 0 11 0 0 0 0 0 0 0 0 0 0 0 0 0 0 0 0 0 0 37 8 0 0 0 0 
 3 0 4 1 88 98 0 0 0 0 0 0 0 0 0 0 0 0 0 4 263 85 215 175 51 32 0 98 365 205 30 68 226 125 243 107 114 100 84 188 3 3 3 0 2 0 0 0 0 3 0 0 0 4 0 4 0 67 0 4 1 11 0 0 0 32 3 0 0 0 0 0 0 3 0 2 0 0 0 1 0 0 0 0 0 0 0 0 0 0 0 1 0 0 0 0 0 0 0 0 34 18 24 10 0 33 53 18 22 42 46 0 26 12 1 43 13 10 19 0 0 0 0 0 0 0 1 0 0 0 0 0 0 0 0 0 0 0 0 14 0 0 0 0 0 0 0 0 4 8 0 0 0 0 0 0 0 0 0 6 0 7 0 0 0 0 0 0 0 0 0 15 0 0 0 0 0 0 0 0 53 5 28 0 27 13 14 26 26 26 22 11 10 12 19 7 13 22 0 0 0 37 0 0 0 0 0 0 0 0 0 0 0 0 0 0 0 0 0 0 0 0 0 0 0 0 0 0 0 0 0 0 0 0 0 0 0 0 0 0 0 0 0 0 0 0 0 0 0 0 0 0 0 0 6 2 0 75 0 2 4 0 0 0 0 0 0 0 0 0 0 0 0 0 0 0 0 0 0 0 0 0 0 0 0 0 7 0 0 0 
 0 0 3 0 117 70 2 0 3 0 0 95 0 5 0 0 0 2 0 0 56 167 260 95 358 66 98 0 102 44 409 47 195 246 454 67 367 36 48 74 6 3 7 3 3 3 2 3 0 4 3 3 1 3 0 8 1 7 5 4 2 0 3 0 4 1 4 6 2 0 5 4 2 20 0 5 13 4 2 3 0 0 1 0 14 0 0 0 1 0 0 0 1 0 0 0 0 0 0 0 16 30 4 0 0 7 19 0 0 26 21 17 1 12 36 1 46 12 17 11 0 0 0 0 0 0 0 0 0 0 0 0 1 0 0 0 0 0 10 12 6 0 21 0 0 0 0 0 0 0 21 2 0 0 0 0 5 0 0 0 0 0 0 0 22 0 0 0 0 0 0 0 8 0 0 0 4 0 0 0 1 25 36 7 0 11 15 28 0 24 36 13 41 0 9 0 13 0 0 21 0 0 0 0 0 0 7 0 0 0 0 4 0 0 6 0 0 0 12 0 0 0 0 2 0 0 0 0 0 0 0 0 0 0 0 0 0 0 2 0 0 0 14 0 0 0 0 0 2 79 0 0 0 0 84 0 0 0 0 2 2 2 0 0 0 2 2 0 0 0 0 0 0 0 0 0 0 0 0 0 0 9 0 0 0 0 0 0 0 0 
 4 3 4 4 80 2 2 3 2 2 2 2 2 2 1 2 2 2 2 1 78 100 246 68 80 55 365 102 0 197 136 33 466 97 272 337 135 186 206 127 3 3 3 0 0 0 0 67 0 1 0 0 0 0 0 3 0 1 0 1 1 0 0 0 0 51 3 0 3 0 0 0 0 2 4 2 0 0 0 3 0 0 0 0 0 0 0 0 0 0 0 0 0 0 0 0 0 0 0 0 19 22 32 38 7 8 57 11 0 26 0 9 16 0 23 37 11 1 0 8 0 0 0 0 0 0 0 0 0 0 0 0 14 0 0 0 0 0 7 0 0 0 0 0 0 0 0 0 1 3 0 0 0 0 0 0 0 0 0 3 0 0 0 0 0 0 1 0 0 0 0 0 0 0 0 0 0 0 0 0 13 6 23 0 0 42 0 3 33 0 25 0 19 0 26 49 0 10 20 9 0 0 0 1 0 0 0 6 0 0 0 0 0 0 9 0 0 0 0 0 0 0 0 0 0 0 0 0 0 0 0 0 28 0 0 0 0 2 0 0 0 0 0 0 0 0 0 0 0 0 0 0 0 0 10 0 0 0 0 4 12 0 0 0 0 0 10 0 0 0 0 0 0 31 0 0 0 0 0 11 0 5 0 0 0 0 7 0 0 0 
 3 0 0 0 0 0 0 0 8 0 0 0 0 0 0 0 0 0 0 0 185 41 104 288 81 48 205 44 197 0 191 44 334 124 285 345 108 126 147 158 3 3 3 9 0 0 0 0 0 1 0 0 0 0 0 4 0 0 66 0 2 5 0 0 0 106 3 0 54 0 0 0 6 2 0 2 0 2 0 3 0 0 0 0 0 0 0 0 0 0 0 0 0 0 0 0 0 0 0 0 7 16 60 46 15 0 29 12 7 35 2 0 0 0 9 34 54 0 0 2 11 16 0 0 0 0 10 0 0 0 0 0 12 0 0 0 0 0 11 0 0 0 0 0 0 0 0 0 0 6 0 0 0 0 0 0 0 0 0 17 0 8 1 0 0 0 0 0 0 0 0 0 0 0 0 0 0 0 0 0 3 0 49 16 0 25 0 0 4 28 15 1 12 0 18 18 0 51 0 0 1 0 0 0 0 0 0 0 0 0 0 0 13 0 6 0 0 0 11 13 0 0 0 0 0 0 0 0 0 0 0 0 0 0 2 0 0 0 0 0 0 0 0 0 0 0 0 0 0 0 0 0 0 0 12 0 0 2 0 2 3 0 0 0 0 0 0 0 0 0 0 0 0 0 0 0 0 0 0 12 0 11 0 0 0 0 0 0 0 0 
 0 1 0 0 0 0 0 0 0 0 0 0 0 75 2 0 0 0 0 0 134 231 118 160 142 185 30 409 136 191 0 65 277 50 106 108 191 231 241 265 3 6 211 0 0 3 0 1 0 1 0 0 0 0 0 3 0 1 119 0 2 0 0 0 2 1 2 0 3 3 2 0 0 1 0 2 0 0 0 3 0 0 0 0 0 0 0 2 0 0 0 0 0 0 0 0 0 1 0 1 0 7 9 3 17 39 0 0 13 11 20 35 1 0 38 12 30 8 0 0 4 20 0 0 0 0 38 2 0 0 1 0 1 0 0 0 0 0 8 14 0 2 0 0 0 0 0 0 0 0 0 0 0 0 0 0 0 2 0 1 1 0 0 9 0 0 0 0 0 0 0 0 0 0 0 0 0 0 0 0 0 12 10 42 1 23 0 12 0 0 25 50 0 0 15 0 10 7 0 0 25 27 0 0 0 0 13 22 0 0 0 0 10 0 11 9 0 2 31 54 0 0 0 0 0 0 0 0 0 0 0 0 2 0 0 0 0 0 0 0 0 0 7 0 0 0 0 0 0 2 0 0 0 0 17 0 0 4 1 1 1 12 0 0 0 0 1 0 0 0 0 0 0 0 0 0 0 0 0 0 0 0 0 0 0 0 0 0 0 0 
 6 4 3 3 3 3 4 3 3 3 3 3 3 5 3 3 3 5 7 3 111 250 44 166 202 172 68 47 33 44 65 0 132 59 230 33 149 74 38 51 66 9 3 0 1 1 67 49 0 2 0 0 23 54 21 4 0 2 7 1 1 7 0 0 0 1 3 0 2 0 0 0 0 3 0 2 0 0 0 3 0 0 0 0 0 0 0 0 2 21 0 0 0 0 0 0 0 0 0 0 0 9 17 0 13 4 1 0 0 11 0 45 1 0 0 0 2 8 0 1 18 1 0 0 0 0 12 12 59 9 0 0 0 17 32 0 0 0 11 42 0 0 0 0 0 0 0 0 0 0 0 1 15 0 14 0 0 0 0 0 5 0 0 0 0 0 0 18 0 0 0 0 0 0 0 0 0 0 0 0 2 0 0 12 50 14 0 10 0 12 2 57 0 0 0 9 17 9 0 0 29 12 3 0 0 0 6 19 0 21 0 0 27 22 20 21 28 0 8 22 3 0 0 2 0 0 0 0 0 2 0 0 7 0 0 0 0 17 1 0 0 0 2 0 0 0 0 0 0 0 0 0 0 2 4 4 1 2 78 2 0 11 0 0 2 0 1 0 0 0 0 0 0 0 0 0 0 0 0 0 0 0 0 0 11 7 14 0 0 0 
 76 0 25 0 76 79 4 0 12 76 27 0 0 0 0 9 0 0 0 0 146 117 95 66 83 39 226 195 466 334 277 132 0 250 154 198 45 93 462 125 3 3 3 0 1 0 0 0 0 2 0 0 0 0 0 5 0 2 0 2 2 2 0 0 0 0 3 0 5 29 0 0 0 3 0 2 0 0 0 3 0 0 0 19 0 9 0 0 0 27 0 11 0 23 0 0 28 0 0 0 12 12 48 16 0 6 23 26 0 10 0 0 4 0 0 7 12 18 0 9 0 0 13 0 0 16 0 0 0 0 0 0 0 0 0 0 0 0 0 13 2 0 0 0 0 0 0 0 1 6 0 0 0 0 0 0 2 0 0 6 0 4 22 22 0 0 2 0 0 0 16 0 0 0 0 0 0 0 0 1 0 19 8 0 0 26 0 44 9 25 13 0 17 4 23 20 0 20 3 28 0 0 0 2 0 0 0 0 1 0 0 0 0 0 0 0 0 11 0 0 0 0 0 0 0 0 0 0 0 0 0 0 0 0 0 0 0 0 0 13 0 0 0 0 0 0 0 0 0 0 0 0 0 0 15 0 1 0 0 0 0 0 0 0 0 0 0 0 0 0 0 0 0 0 0 0 13 0 0 0 0 21 0 0 0 0 8 0 0 0 
 2 2 1 1 1 74 1 1 82 2 2 2 2 2 1 1 2 1 3 0 231 125 59 170 78 33 125 246 97 124 50 59 250 0 297 47 24 144 79 103 3 3 3 4 1 0 0 0 0 2 207 0 0 0 0 72 0 1 0 0 3 13 0 0 0 11 3 2 1 0 0 0 0 5 0 2 0 0 7 2 0 0 0 2 0 0 0 0 0 0 0 1 0 0 0 0 0 5 0 0 0 6 15 11 0 0 0 0 2 12 0 0 0 8 0 0 0 7 0 13 0 0 0 0 0 0 0 0 0 12 0 0 0 0 0 0 0 0 0 22 0 0 0 0 0 0 0 0 0 0 0 0 0 0 0 0 0 0 0 0 0 0 0 0 10 0 2 1 0 0 0 0 0 3 0 0 0 0 0 1 0 1 0 7 0 13 0 11 0 29 0 11 13 0 12 34 0 30 0 1 0 0 0 2 0 0 0 0 1 20 0 0 0 0 0 0 0 0 0 0 0 0 0 0 7 0 0 0 0 0 0 0 0 0 0 0 0 0 0 0 0 0 0 0 0 0 2 0 0 0 0 2 0 0 16 2 0 1 2 1 3 0 0 0 0 0 0 0 0 0 0 0 0 0 0 0 0 0 0 0 0 8 0 0 0 0 7 0 0 1 
 4 3 3 3 88 79 80 3 3 3 3 77 3 3 3 5 5 3 3 3 198 287 173 67 103 112 243 454 272 285 106 230 154 297 0 270 509 187 68 515 81 3 3 5 1 3 0 0 0 2 0 1 0 2 0 4 3 1 0 0 1 0 0 0 0 0 10 14 1 0 0 0 0 13 6 2 0 0 0 2 0 0 0 0 0 0 0 0 0 0 0 0 0 0 0 0 0 0 0 0 29 22 10 38 2 11 29 17 13 22 29 36 19 19 36 28 28 22 15 1 0 0 0 0 0 0 0 0 0 0 0 0 2 0 0 0 0 0 7 0 2 0 0 0 0 0 0 0 1 6 0 0 0 0 0 0 2 0 0 6 0 0 4 0 0 0 0 0 0 0 0 0 0 0 0 0 0 0 0 0 35 24 26 14 0 11 0 22 30 4 96 6 22 0 0 13 0 14 0 0 0 0 0 0 0 0 0 0 0 0 0 0 0 0 20 0 0 0 16 0 0 0 0 0 0 0 0 0 0 0 0 0 0 0 0 0 18 0 0 0 0 0 7 0 0 0 0 0 0 0 0 0 0 0 12 0 0 0 0 0 22 2 0 0 0 0 10 0 0 0 0 0 0 0 0 0 0 0 0 12 0 11 0 0 0 0 1 0 0 0 
 5 0 0 0 76 0 0 0 0 3 0 0 1 0 0 0 0 0 2 4 31 38 59 220 123 65 107 67 337 345 108 33 198 47 270 0 55 120 55 121 3 3 3 0 2 0 0 0 0 6 0 0 2 0 7 4 0 1 18 1 3 0 0 0 0 57 3 0 0 0 0 0 0 3 0 2 0 0 0 1 0 0 0 0 0 0 0 0 0 1 0 0 0 1 0 0 0 0 0 20 25 32 9 14 8 27 42 38 18 13 0 9 11 1 1 41 1 28 0 9 0 0 0 0 0 0 12 6 2 0 0 0 0 1 0 0 0 0 0 0 0 0 0 1 0 0 0 0 1 7 0 0 1 0 0 0 0 0 0 5 0 0 0 2 0 0 0 0 0 0 0 0 0 0 0 0 0 0 0 0 11 8 21 0 0 2 0 0 14 9 35 28 18 0 7 29 13 29 0 16 0 0 0 0 0 0 18 0 0 0 1 3 0 0 0 0 0 0 0 20 0 0 0 0 0 0 0 0 2 0 0 0 0 18 0 0 0 0 0 0 0 0 0 0 0 0 0 0 0 0 0 0 0 0 22 1 0 74 1 2 4 1 0 0 0 0 0 0 0 0 0 0 0 0 0 0 0 0 0 0 0 0 0 0 0 0 0 0 0 0 
 3 0 0 0 74 18 80 203 0 0 0 1 0 1 0 0 0 2 0 5 155 280 174 166 90 136 114 367 135 108 191 149 45 24 509 55 0 158 105 39 3 3 6 7 0 5 0 0 0 1 0 0 65 3 0 4 0 1 5 1 2 0 0 0 0 1 3 2 3 0 0 2 1 7 10 2 3 0 0 3 0 0 0 0 0 0 0 0 1 0 0 0 0 0 0 0 0 0 0 0 14 11 11 40 0 20 14 0 0 14 42 27 5 0 83 22 39 9 0 0 0 0 0 0 0 0 0 13 0 0 0 0 0 0 0 0 0 0 8 0 0 0 0 0 0 0 0 7 0 0 0 0 0 0 0 0 0 12 0 0 1 5 0 0 0 0 0 0 0 0 0 0 9 0 0 0 9 0 0 0 36 14 11 32 0 61 0 37 18 7 54 30 22 1 0 1 10 30 0 0 7 9 0 0 0 0 22 18 0 0 0 0 0 0 0 7 0 0 16 8 0 0 0 0 2 0 0 0 0 0 0 23 0 0 0 2 0 0 0 0 0 0 11 0 0 0 0 0 0 0 0 0 0 0 4 0 0 2 0 0 2 19 0 0 0 0 0 0 0 0 0 0 0 0 0 0 0 0 0 0 0 0 0 0 0 0 0 0 0 0 
 1 0 0 0 0 21 0 0 4 0 0 0 0 0 0 0 0 0 0 2 52 85 134 137 182 253 100 36 186 126 231 74 93 144 187 120 158 0 52 20 3 3 3 0 1 4 0 0 0 2 0 0 0 0 0 5 0 2 150 0 2 0 0 0 26 96 3 0 2 0 0 0 0 47 0 2 0 0 0 3 0 0 0 0 0 0 0 0 0 0 0 0 0 0 0 11 0 0 0 1 11 0 8 10 22 42 18 21 21 13 8 1 1 7 27 19 23 13 0 8 1 33 0 17 2 0 43 14 0 0 0 0 0 0 0 0 0 0 0 15 10 15 0 0 0 0 0 0 1 6 0 0 0 0 0 0 0 0 16 4 0 0 0 0 13 0 0 0 2 0 0 0 0 0 0 0 0 0 0 0 10 0 23 61 0 27 11 0 0 2 34 32 34 0 11 0 38 20 0 0 2 0 0 0 0 0 20 1 0 0 0 0 38 0 0 0 0 0 28 46 0 0 0 0 0 0 0 0 0 0 0 0 0 0 0 0 0 0 7 0 0 0 11 0 0 0 0 0 0 0 0 0 0 0 9 0 0 76 77 0 2 0 0 0 0 0 0 0 0 0 0 0 0 0 0 0 0 0 0 0 0 6 0 0 0 0 0 0 0 0 
 36 74 77 64 146 169 0 0 150 77 78 0 0 0 78 56 176 1 0 3 56 49 111 60 86 269 84 48 206 147 241 38 462 79 68 55 105 52 0 316 3 3 8 0 2 0 1 2 0 3 81 0 2 4 0 4 0 2 0 4 1 2 31 0 1 0 3 0 0 3 0 0 6 3 1 2 0 0 4 1 0 10 0 20 0 0 0 0 24 1 27 10 0 27 0 0 18 0 0 15 44 34 8 0 0 0 39 9 19 23 11 0 14 22 0 0 12 9 42 0 0 0 1 0 0 0 0 0 0 0 0 0 0 0 0 0 0 0 0 0 0 0 0 0 0 0 0 0 0 0 0 0 17 10 0 0 0 0 0 0 1 6 36 13 42 16 2 0 25 0 38 19 0 0 0 13 0 24 0 0 32 1 14 0 0 0 37 0 27 0 0 0 10 66 20 0 0 11 49 45 0 0 0 2 0 0 0 13 0 0 0 0 0 0 0 0 0 0 0 11 0 0 0 0 0 0 0 0 0 0 0 0 18 0 3 0 0 0 0 0 0 0 0 0 0 0 77 0 0 0 0 0 0 0 7 0 4 0 0 0 0 0 0 0 0 0 0 0 0 0 0 0 0 0 0 28 0 0 0 0 0 0 0 0 0 0 0 0 0 0 
 5 0 73 150 1 157 2 0 77 90 0 74 0 208 2 0 3 72 0 0 88 180 120 157 74 46 188 74 127 158 265 51 125 103 515 121 39 20 316 0 3 3 3 0 0 0 0 0 0 3 0 1 0 6 0 3 0 1 0 0 0 0 0 0 0 1 3 0 3 2 0 0 0 2 0 2 0 0 1 53 0 0 6 13 0 32 0 0 0 0 8 22 0 0 0 0 4 0 0 0 2 25 9 30 0 13 0 8 24 19 3 0 39 22 18 23 11 3 24 0 0 0 0 0 0 0 0 0 0 0 0 0 0 0 0 0 0 0 0 0 22 0 0 0 0 0 0 0 0 13 18 0 5 6 0 0 4 0 0 0 0 2 10 0 20 9 0 0 7 10 45 35 0 0 0 1 0 0 0 0 22 13 25 0 0 3 3 2 13 8 2 0 5 14 34 23 29 0 13 11 0 0 0 0 0 0 0 0 0 0 0 0 0 0 0 0 0 0 0 0 0 0 0 0 0 0 0 0 0 0 0 0 0 0 0 0 0 0 0 0 0 0 0 0 0 0 75 0 6 0 0 0 0 0 17 0 0 75 0 0 24 1 13 0 0 0 0 0 0 0 0 0 0 0 0 1 0 0 0 0 0 0 0 0 0 0 0 0 0 0 
 2 63 0 0 0 0 0 0 0 0 0 0 0 0 0 0 2 0 0 3 3 3 3 72 122 90 3 6 3 3 3 66 3 3 81 3 3 3 3 3 0 169 94 544 318 68 325 307 38 97 132 49 238 55 133 36 331 31 94 112 2 0 0 0 0 1 99 0 0 0 8 0 0 0 0 0 0 0 0 0 0 0 0 0 0 0 0 0 0 0 0 0 0 0 0 0 0 0 0 0 0 0 0 0 6 0 0 0 0 0 0 0 0 0 0 0 0 0 0 0 16 0 45 0 0 8 10 8 53 35 35 27 21 23 41 25 18 0 0 13 0 0 0 0 1 0 0 0 0 0 0 0 0 0 1 0 0 0 0 0 0 0 0 0 0 0 0 0 0 0 0 0 0 0 0 0 0 0 0 0 0 0 0 0 44 0 10 0 0 0 0 12 0 0 0 0 0 0 0 0 1 23 19 0 0 0 11 25 29 20 24 0 0 27 11 15 45 0 0 0 0 0 0 0 0 0 0 1 0 0 0 0 0 0 20 0 0 0 18 8 0 0 0 0 0 0 0 0 0 0 0 0 0 22 0 0 0 6 0 0 0 0 0 0 2 0 3 0 0 0 63 0 0 0 0 0 0 0 0 5 0 0 0 0 27 10 0 0 0 0 
 2 0 0 0 0 0 0 0 4 0 0 0 0 0 1 0 0 0 0 2 3 3 3 3 5 65 3 3 3 3 6 9 3 3 3 3 3 3 3 3 169 0 202 149 102 32 178 178 193 40 57 65 127 148 113 131 376 103 304 124 1 0 0 0 1 1 0 0 0 0 0 0 0 0 3 2 2 2 2 0 0 0 0 1 0 0 0 0 0 0 0 0 0 0 0 0 0 0 0 0 0 0 0 0 0 0 0 0 0 0 0 0 0 0 0 0 0 0 0 0 12 14 10 0 0 17 9 0 12 0 6 9 0 10 15 15 13 3 3 25 0 0 0 0 0 0 0 3 0 0 0 0 0 0 0 9 0 0 0 0 2 0 0 0 0 0 0 0 0 0 0 0 0 18 0 0 0 0 0 3 0 0 0 0 0 1 0 0 0 0 0 0 0 0 0 0 0 0 0 0 15 2 11 10 8 0 0 0 7 59 25 0 2 3 10 21 43 29 0 0 8 0 0 0 0 1 0 0 0 0 0 0 0 0 0 0 0 0 0 0 0 0 0 0 0 0 0 0 0 0 0 6 0 0 0 0 0 0 0 9 0 0 1 0 0 11 0 66 1 0 11 0 0 0 0 0 0 0 0 0 0 0 0 0 62 16 0 0 0 0 
 5 3 3 3 3 3 3 3 7 3 3 3 3 3 3 3 3 3 3 5 3 3 3 3 3 65 3 7 3 3 211 3 3 3 3 3 6 3 8 3 94 202 0 133 60 43 86 122 199 227 63 107 70 296 122 162 88 53 48 41 54 51 1 0 0 0 2 0 49 1 0 0 0 2 0 2 0 0 0 0 0 0 0 0 0 0 0 0 0 0 0 0 0 0 0 0 0 0 0 0 0 0 0 0 0 0 0 0 0 0 0 0 0 0 0 0 0 0 0 0 0 0 0 19 7 21 0 0 0 10 4 0 0 10 9 0 0 20 0 0 24 0 4 0 15 0 20 13 0 0 0 2 0 0 11 19 0 0 12 20 0 0 0 0 0 0 0 0 6 0 0 0 0 0 0 0 0 0 0 0 0 0 0 0 0 0 0 1 0 0 0 0 0 0 0 0 0 0 0 0 0 0 1 13 19 1 0 0 13 0 9 23 0 0 0 8 0 47 0 0 9 31 10 0 37 0 8 6 0 0 0 0 11 0 0 0 0 0 20 0 0 0 0 0 0 0 0 0 0 0 0 1 0 0 0 0 0 20 0 1 0 0 2 65 0 0 4 80 0 9 0 0 0 0 0 0 0 0 0 0 0 0 0 0 0 22 0 0 0 0 
 0 0 0 0 0 0 0 0 0 0 0 0 29 6 0 0 0 0 0 0 21 0 7 0 0 0 0 3 0 9 0 0 0 4 5 0 7 0 0 0 544 149 133 0 134 56 269 155 140 249 343 674 229 107 137 285 323 42 167 208 52 0 5 0 0 5 0 53 4 0 0 49 0 6 0 2 0 0 0 0 0 0 0 0 0 0 0 0 0 0 8 0 0 0 27 0 0 0 0 0 0 0 6 7 0 0 0 0 0 0 3 0 0 0 3 0 5 0 0 0 8 0 0 66 29 9 0 19 10 3 10 22 7 18 56 0 17 0 0 1 20 0 0 0 0 0 23 12 0 16 0 6 0 0 0 0 0 0 14 15 0 0 0 0 0 0 0 0 3 0 0 0 0 0 4 0 0 0 0 0 10 0 2 0 0 0 0 0 0 5 0 12 0 0 0 3 0 6 0 0 0 0 30 9 14 18 1 7 15 21 49 10 5 52 0 0 24 6 37 0 0 0 8 0 0 0 13 0 0 0 0 0 13 0 0 0 0 0 24 0 0 0 14 0 0 0 0 0 0 0 0 0 0 0 0 0 0 0 0 1 0 0 0 65 66 0 2 0 0 0 15 0 0 0 0 0 0 0 0 0 0 7 0 0 19 0 0 0 0 0 
 2 2 2 6 2 5 2 6 2 5 2 6 2 2 3 6 3 3 2 7 1 0 1 1 2 1 2 3 0 0 0 1 1 1 1 2 0 1 2 0 318 102 60 134 0 173 101 116 74 311 94 343 148 159 304 77 543 228 90 74 2 0 0 0 0 0 0 29 0 0 0 0 55 50 0 2 0 0 0 53 0 0 0 0 7 1 0 0 1 0 0 1 0 0 20 0 0 0 0 0 0 0 0 0 0 0 0 3 0 0 0 0 1 0 7 20 0 0 0 0 0 10 6 0 23 30 0 0 0 0 28 6 0 11 0 14 12 17 0 0 7 11 0 0 0 0 0 9 0 0 0 1 18 10 12 13 11 0 0 9 0 1 1 0 3 0 18 0 0 0 0 0 0 0 0 0 0 3 0 0 4 0 0 0 0 0 0 6 0 0 0 0 0 3 0 0 1 0 1 0 0 12 0 0 17 11 0 7 9 0 1 0 0 0 9 27 0 20 0 0 12 0 0 0 0 0 10 0 0 0 7 0 5 10 7 10 0 0 10 11 0 5 0 0 0 0 1 0 0 0 0 0 0 0 0 0 0 0 0 1 0 1 35 0 2 3 2 4 2 0 0 0 0 0 0 0 0 0 0 0 0 4 0 0 0 0 0 0 2 0 
 0 0 0 0 0 0 0 0 4 0 0 0 0 0 0 0 0 0 0 2 0 0 17 2 6 0 0 3 0 0 3 1 0 0 3 0 5 4 0 0 68 32 43 56 173 0 337 255 278 316 370 118 54 486 55 357 53 125 48 52 1 0 0 0 0 0 61 22 0 0 0 0 50 50 3 0 0 0 0 51 0 0 0 0 0 0 0 0 0 0 0 0 0 0 0 0 0 0 0 0 0 0 0 2 0 25 0 0 0 0 8 0 0 0 9 0 9 0 0 0 0 0 0 0 0 13 0 0 0 31 27 12 0 0 9 0 12 0 0 3 0 18 26 0 15 0 0 0 1 0 0 0 0 16 21 7 5 0 13 0 0 0 0 0 0 0 15 4 0 0 0 0 0 0 0 0 0 0 0 0 0 0 11 6 0 5 0 0 0 0 0 5 0 0 0 0 0 11 0 0 15 30 0 0 14 8 6 13 9 0 0 9 0 0 0 14 0 0 10 0 3 0 1 17 0 0 15 0 0 17 14 0 20 12 32 16 0 15 31 39 6 0 9 0 0 0 0 0 0 0 0 2 0 0 0 0 0 0 0 0 0 19 21 6 0 0 5 0 1 0 0 0 0 0 0 0 0 0 0 0 0 0 0 0 0 0 0 0 2 0 
 0 0 29 3 0 0 0 13 9 0 4 0 0 4 0 0 0 1 0 3 1 0 0 0 1 124 0 2 0 0 0 67 0 0 0 0 0 0 1 0 325 178 86 269 101 337 0 209 38 45 35 58 466 385 109 93 69 43 377 75 2 0 16 0 7 1 0 0 4 0 53 2 0 0 0 2 0 0 0 0 0 0 0 0 0 0 0 0 15 0 0 0 0 0 1 0 0 0 0 8 0 0 0 1 1 0 0 11 0 0 0 0 0 0 0 0 0 0 0 0 15 20 0 30 0 14 13 11 18 8 21 5 1 13 6 0 32 0 40 27 0 0 0 19 1 0 0 0 0 0 0 0 0 0 0 0 0 0 0 0 0 30 1 9 0 5 0 5 5 4 7 0 0 0 0 0 0 0 0 0 0 0 0 0 1 0 0 0 0 0 0 11 0 0 0 0 0 0 1 0 0 32 16 6 1 0 0 12 2 27 26 0 12 36 9 26 16 0 0 0 0 0 0 0 0 0 0 0 0 0 0 0 0 0 0 0 0 8 15 3 0 0 0 0 0 0 0 0 0 0 0 4 0 1 0 0 0 0 0 0 0 0 0 0 2 0 2 0 0 0 19 0 0 0 0 0 0 0 0 0 0 0 0 0 28 37 0 0 2 0 
 3 0 0 0 0 0 0 0 0 0 0 0 0 0 0 0 0 0 0 0 0 0 0 67 55 63 0 3 67 0 1 49 0 0 0 0 0 0 2 0 307 178 122 155 116 255 209 0 388 175 78 339 347 164 164 62 317 258 104 159 2 0 6 0 0 0 0 3 2 0 0 0 0 0 0 0 1 0 0 0 0 0 0 0 0 0 0 0 0 0 0 0 0 0 0 0 0 0 0 0 0 0 0 0 17 0 0 0 0 0 0 64 0 0 0 0 0 0 0 0 0 11 22 14 23 10 0 28 0 12 0 3 0 0 0 15 2 0 0 0 20 0 0 0 0 0 0 0 0 0 0 0 0 0 10 11 0 0 14 0 0 0 0 0 0 0 0 0 0 0 0 0 0 0 0 0 0 0 0 0 0 0 0 0 15 8 0 0 0 0 5 0 0 0 0 0 3 0 0 0 1 4 46 18 0 0 1 105 20 4 48 0 3 33 10 10 12 16 12 23 0 0 0 0 0 0 5 0 0 0 0 0 0 0 0 0 0 0 14 7 0 0 0 0 0 0 0 0 0 26 0 4 0 1 0 0 0 22 3 11 0 11 0 0 66 16 1 0 0 0 0 0 0 0 0 0 0 0 0 0 0 0 0 0 0 0 0 0 2 0 
 0 0 0 0 0 0 0 0 43 0 0 0 0 0 0 0 0 0 0 0 0 0 0 1 0 0 0 0 0 0 0 0 0 0 0 0 0 0 0 0 38 193 199 140 74 278 38 388 0 161 128 85 359 386 52 39 125 205 81 60 54 0 0 0 0 0 0 0 0 0 0 0 0 0 0 2 0 0 204 0 0 0 0 0 0 0 0 0 0 0 0 1 0 0 0 0 0 0 0 0 0 0 0 0 0 0 11 0 0 0 0 0 0 0 0 0 0 0 0 4 0 0 21 10 0 35 0 0 0 0 14 0 0 12 1 11 0 61 0 0 44 1 0 0 7 0 17 29 0 0 0 4 10 0 21 29 0 0 7 27 0 0 0 0 0 0 0 0 10 0 0 0 0 0 0 0 0 0 0 0 0 0 0 0 6 0 0 0 0 10 0 0 0 0 0 0 0 0 0 0 0 0 9 0 40 8 0 2 1 0 57 0 0 0 8 0 1 12 0 0 12 2 9 0 1 0 16 13 0 0 0 0 17 0 0 0 0 0 10 0 0 0 0 0 0 0 0 0 0 0 0 0 0 23 0 0 0 0 0 1 0 0 5 67 1 3 2 1 0 0 0 0 0 0 0 0 0 0 0 0 0 0 0 0 0 20 0 0 0 0 
 0 0 3 0 0 0 0 0 0 0 0 0 0 0 0 0 0 0 0 0 2 1 2 2 2 29 3 4 1 1 1 2 2 2 2 6 1 2 3 3 97 40 227 249 311 316 45 175 161 0 148 61 105 121 86 163 100 30 107 117 2 0 4 0 0 0 0 0 1 49 0 0 0 0 0 2 0 0 0 0 0 0 0 0 0 0 0 0 0 0 0 0 0 0 0 0 0 0 0 0 0 0 0 0 0 0 0 0 0 0 0 0 0 0 0 0 0 15 0 0 0 13 0 34 9 29 0 0 0 10 2 12 0 9 2 0 25 1 0 1 20 0 2 0 1 0 0 0 0 0 0 1 0 0 0 0 0 0 12 0 0 0 0 0 0 0 0 0 0 0 0 0 0 0 0 0 0 0 0 0 0 0 0 0 0 0 0 0 0 0 0 0 0 0 0 0 0 0 0 0 0 20 23 17 8 0 12 12 3 30 11 28 0 0 0 29 0 9 0 0 0 0 0 16 0 0 24 0 0 0 0 0 32 0 0 0 0 0 29 3 0 0 8 0 0 0 0 0 0 0 0 2 0 0 0 0 0 0 0 13 0 0 3 0 1 0 0 1 0 0 0 0 0 0 0 0 0 0 0 0 0 0 0 0 0 0 0 0 0 0 
 1 0 0 4 63 1 0 0 3 4 0 10 0 0 0 5 0 0 0 0 0 0 42 1 1 0 0 3 0 0 0 0 0 207 0 0 0 0 81 0 132 57 63 343 94 370 35 78 128 148 0 265 50 68 45 75 131 210 50 69 1 0 0 0 0 2 25 0 0 0 0 0 0 0 54 2 0 0 0 0 0 0 0 0 5 2 0 0 0 0 0 1 0 0 0 0 0 0 0 0 0 0 0 0 0 0 0 0 0 0 0 0 8 0 0 0 0 0 1 0 0 0 0 8 23 25 0 11 0 20 28 0 0 0 5 0 13 0 0 0 27 0 2 0 7 0 0 0 0 0 0 0 7 12 20 6 10 1 18 12 0 0 0 0 5 0 0 0 0 0 0 0 0 0 0 0 0 11 0 0 5 0 10 0 0 0 0 13 0 0 0 0 0 5 0 0 12 0 0 0 0 20 12 11 0 10 0 9 4 0 17 0 0 11 0 16 0 8 0 0 0 1 11 13 0 0 12 0 1 1 12 0 11 7 25 0 0 0 36 11 0 29 0 0 0 0 2 0 0 0 0 2 0 0 0 0 0 0 0 2 0 12 6 0 63 3 2 0 0 0 0 0 0 0 0 0 0 0 0 0 0 0 0 0 0 0 0 0 1 0 
 0 0 0 0 0 0 0 0 0 0 0 0 0 0 0 0 0 0 0 4 0 0 0 2 0 0 0 3 0 0 0 0 0 0 1 0 0 0 0 1 49 65 107 674 343 118 58 339 85 61 265 0 257 254 43 101 284 374 20 49 2 3 7 0 1 0 53 0 1 2 0 0 0 0 2 0 0 1 0 0 0 0 0 0 0 0 0 0 0 0 0 0 0 0 0 0 0 0 0 0 0 0 1 0 0 0 0 0 0 0 0 0 0 0 0 0 0 0 0 0 0 0 0 37 29 0 0 22 0 28 14 10 0 7 8 0 8 8 0 0 7 0 5 0 2 0 4 0 0 1 0 0 0 0 49 38 0 0 0 0 0 0 0 0 0 0 0 0 20 0 0 0 0 0 0 0 0 0 0 0 0 0 0 0 0 0 0 0 0 0 0 0 0 0 0 6 0 0 1 0 0 0 41 25 7 0 0 2 7 14 1 30 0 19 0 13 0 0 0 0 0 6 0 45 0 0 21 15 0 0 0 6 14 2 28 0 0 0 71 3 0 0 8 0 0 0 0 0 0 0 0 4 0 0 0 0 0 0 0 2 0 2 0 4 44 6 3 0 0 0 0 0 0 0 0 6 0 0 0 0 0 2 0 0 0 0 0 0 1 0 
 0 0 0 0 0 0 0 0 0 0 0 0 0 0 0 0 0 1 3 0 0 75 0 24 134 32 0 1 0 0 0 23 0 0 0 2 65 0 2 0 238 127 70 229 148 54 466 347 359 105 50 257 0 351 120 52 117 105 180 168 2 4 0 1 3 3 0 0 2 0 4 0 3 0 2 0 0 0 1 0 0 0 0 0 0 0 0 0 0 0 0 0 0 0 0 0 0 0 0 0 0 0 0 0 0 0 0 0 0 0 18 0 0 0 0 0 0 2 0 0 15 7 37 0 3 0 9 0 38 0 10 0 9 21 32 53 13 9 23 21 0 0 0 0 0 0 0 0 0 0 0 0 0 0 0 0 0 0 0 0 0 0 0 0 0 0 0 0 0 0 0 0 0 0 0 0 0 0 10 0 0 0 0 0 27 0 0 0 0 0 0 25 0 0 0 0 0 0 0 0 15 15 5 16 7 12 5 33 19 11 28 3 0 0 7 10 29 12 0 0 0 0 0 2 0 0 0 0 0 0 0 0 0 0 2 0 0 0 8 7 0 0 0 0 0 0 0 0 0 0 0 5 0 0 0 0 0 64 0 18 0 0 1 0 2 12 1 0 0 7 13 0 0 0 0 0 0 0 0 0 0 0 2 0 30 2 0 0 0 0 
 0 0 2 0 0 7 0 0 0 8 0 10 0 0 0 5 0 0 0 7 0 9 6 2 125 35 4 3 0 0 0 54 0 0 2 0 3 0 4 6 55 148 296 107 159 486 385 164 386 121 68 254 351 0 291 64 94 109 157 213 5 0 0 0 0 7 0 0 0 0 0 0 3 0 0 1 0 18 0 0 0 0 0 0 5 7 0 0 0 0 0 27 0 0 0 0 0 0 0 0 0 6 0 0 0 0 0 0 6 33 0 0 17 3 0 0 0 6 4 0 18 1 10 20 0 22 10 0 20 1 0 11 0 37 18 28 0 13 9 32 0 0 0 0 0 0 0 0 0 0 0 3 0 0 8 0 0 8 3 0 3 0 0 0 6 0 0 0 0 0 0 9 0 0 0 0 0 3 0 0 4 0 0 0 10 7 22 0 0 0 0 4 39 6 0 0 38 0 0 0 0 0 4 10 15 1 0 0 30 8 13 16 9 6 27 22 15 32 7 0 21 0 0 0 0 0 7 0 0 0 0 0 0 0 0 0 14 0 22 0 0 9 0 0 0 0 4 0 0 26 0 0 0 1 0 0 2 0 0 12 0 0 61 0 0 13 2 63 0 0 0 0 0 0 0 0 0 0 0 0 0 0 0 0 11 20 0 0 2 0 
 0 0 0 0 0 0 0 0 0 0 0 0 0 0 0 0 0 0 0 0 0 0 0 0 62 91 0 0 0 0 0 21 0 0 0 7 0 0 0 0 133 113 122 137 304 55 109 164 52 86 45 43 120 291 0 63 112 95 97 190 2 0 0 0 0 4 0 0 0 0 0 0 0 3 0 2 0 0 1 0 0 0 0 0 0 0 0 0 0 0 0 0 0 0 15 0 0 0 0 0 0 0 0 0 0 0 0 0 0 0 0 0 0 0 0 0 0 0 0 0 11 11 14 0 0 10 9 0 12 0 47 10 0 27 49 16 10 10 3 26 6 0 13 0 0 0 0 17 0 0 0 0 7 15 6 0 8 0 0 0 2 0 0 0 0 0 0 0 0 0 18 0 0 0 0 0 0 0 0 0 0 0 0 0 19 2 0 0 0 0 0 20 0 0 0 0 0 0 0 0 0 0 11 8 15 0 0 0 26 22 30 0 0 2 12 7 59 53 0 0 13 3 0 0 0 0 3 2 10 5 0 0 0 0 0 0 0 4 29 9 0 0 0 0 0 0 0 0 0 0 0 5 0 2 0 0 0 0 0 10 0 0 2 0 1 8 1 32 0 0 18 0 0 0 0 0 0 0 0 0 0 0 0 0 31 11 0 0 1 0 
 4 2 0 0 0 2 2 2 2 2 2 2 0 5 0 2 2 0 0 0 4 2 68 3 3 66 4 8 3 4 3 4 5 72 4 4 4 5 4 3 36 131 162 285 77 357 93 62 39 163 75 101 52 64 63 0 85 54 328 222 2 0 5 0 2 2 1 0 2 0 3 2 4 0 0 15 5 3 0 1 0 0 0 4 0 11 0 0 0 0 0 0 0 0 0 0 0 0 0 0 0 0 0 0 0 0 0 0 0 0 0 0 0 0 0 11 0 0 0 0 0 10 0 0 14 0 0 6 4 27 0 0 0 45 0 43 18 0 0 0 0 0 4 0 0 0 0 0 0 0 12 0 0 0 0 21 0 0 7 0 0 0 0 0 0 0 11 0 0 0 0 0 0 0 0 0 0 0 0 0 0 0 0 0 0 0 0 0 0 0 0 0 0 0 0 11 0 0 0 0 14 8 10 28 0 17 14 0 0 2 12 57 16 6 9 0 10 21 0 0 0 0 0 12 0 0 0 0 0 0 0 0 1 7 14 0 0 0 50 10 0 0 0 0 0 0 0 0 0 0 0 4 0 1 0 0 0 0 1 1 0 0 1 0 0 0 2 0 0 0 0 0 0 0 0 0 0 0 0 0 0 0 7 0 0 0 0 20 2 0 
 0 0 0 2 0 0 0 0 6 0 0 0 0 0 0 0 0 0 0 3 0 0 1 4 3 62 0 1 0 0 0 0 0 0 3 0 0 0 0 0 331 376 88 323 543 53 69 317 125 100 131 284 117 94 112 85 0 44 125 344 1 0 0 0 0 3 0 0 0 2 0 0 0 0 0 2 0 0 0 0 0 0 0 0 0 0 0 0 0 0 0 0 0 0 0 0 0 0 0 0 0 0 0 0 0 0 0 0 0 0 0 0 0 0 0 0 0 0 0 0 22 60 12 9 0 40 1 0 6 12 0 12 8 1 10 21 21 5 18 16 0 0 0 0 0 15 0 6 0 0 0 0 0 0 0 9 0 0 0 0 2 4 0 0 0 0 0 0 0 0 0 0 0 0 0 0 0 0 0 0 0 0 0 0 0 1 0 0 0 0 0 0 0 0 0 0 0 0 0 0 18 9 15 27 2 0 10 0 0 37 35 15 31 23 1 2 17 26 1 0 8 0 0 0 0 0 0 0 0 0 0 0 0 0 0 0 0 0 1 0 0 0 0 0 0 0 0 0 0 0 0 4 0 0 0 0 0 0 0 12 0 0 1 0 2 9 0 87 1 0 19 0 0 0 0 0 0 0 0 0 0 0 0 0 15 22 0 23 0 0 
 4 4 4 5 66 4 4 3 5 5 5 5 5 5 4 3 5 3 4 5 2 2 0 0 0 1 67 7 1 0 1 2 2 1 1 1 1 2 2 1 31 103 53 42 228 125 43 258 205 30 210 374 105 109 95 54 44 0 35 119 52 0 0 0 0 2 0 52 0 0 0 0 18 16 0 2 3 2 0 1 0 0 0 0 0 0 0 0 0 0 0 0 0 0 0 0 0 0 0 0 0 0 0 0 0 0 0 0 0 0 0 1 0 0 0 1 0 0 0 0 2 1 3 0 2 16 2 0 1 0 42 9 1 8 12 14 2 41 2 0 50 6 0 2 7 2 17 14 2 2 2 1 8 22 38 57 12 0 0 29 0 0 0 0 0 0 0 0 24 0 0 7 0 0 0 0 0 0 0 0 0 10 0 0 2 0 0 0 0 0 2 0 0 0 0 0 0 0 0 0 0 2 0 2 30 26 0 16 12 1 1 0 1 0 10 0 21 2 0 0 10 9 12 2 0 0 1 8 0 2 0 0 24 8 2 2 2 0 2 2 0 0 0 0 0 0 2 0 1 0 0 0 0 0 0 0 0 0 2 0 0 19 67 64 3 1 1 0 3 0 0 0 0 0 0 0 0 0 0 0 0 0 2 0 2 0 0 0 2 0 
 3 0 0 0 0 0 0 0 6 63 0 0 28 0 0 0 0 2 0 4 0 0 0 2 0 1 0 5 0 66 119 7 0 0 0 18 5 150 0 0 94 304 48 167 90 48 377 104 81 107 50 20 180 157 97 328 125 35 0 332 0 0 0 0 0 1 0 0 0 0 2 0 0 0 0 0 0 0 199 0 0 11 0 0 0 0 0 0 0 0 0 0 0 0 0 0 0 0 0 0 0 0 0 0 29 11 0 0 0 0 10 17 0 0 0 0 0 9 0 0 29 40 0 26 0 0 68 0 44 7 0 14 11 1 0 0 15 0 23 21 0 0 0 0 0 0 0 0 0 0 0 0 0 0 0 0 0 0 0 0 0 0 0 0 0 0 0 0 0 0 0 0 0 0 0 0 0 0 0 0 0 0 0 0 15 0 0 0 0 0 21 14 0 0 0 0 0 0 0 0 20 14 12 0 0 0 15 1 0 20 10 3 14 16 0 10 0 0 50 19 0 0 0 0 0 0 0 0 0 0 0 0 0 0 0 0 0 0 0 0 0 0 0 0 0 0 0 0 0 0 0 0 0 0 0 0 0 61 6 0 0 0 1 0 1 2 1 0 0 0 12 0 0 0 0 0 0 0 0 0 0 0 0 0 20 0 0 1 1 0 
 3 0 0 0 3 5 0 0 0 1 0 0 0 6 0 0 0 0 0 1 0 54 0 0 0 128 4 4 1 0 0 1 2 0 0 1 1 0 4 0 112 124 41 208 74 52 75 159 60 117 69 49 168 213 190 222 344 119 332 0 2 0 26 0 0 1 0 0 4 0 0 0 0 0 0 2 0 0 6 0 0 0 0 0 0 0 0 0 0 0 0 7 0 0 0 0 0 0 0 0 4 3 0 0 0 0 3 7 9 0 0 16 0 3 0 0 0 0 0 5 32 15 19 0 1 0 0 11 13 13 13 25 0 16 34 58 15 0 0 7 0 0 0 0 0 0 0 0 0 0 0 1 0 0 0 0 0 0 0 0 5 0 0 0 0 0 0 0 0 0 0 0 0 0 0 0 0 0 0 0 0 3 0 0 1 0 0 0 3 0 0 0 0 0 1 0 0 0 0 1 15 0 34 49 6 0 4 0 30 46 27 16 16 15 16 0 66 11 0 0 0 0 0 0 0 0 1 0 0 0 0 0 0 0 0 0 0 0 0 0 0 0 0 0 0 0 0 0 0 0 0 2 0 2 0 0 0 0 0 12 0 0 2 0 1 17 1 0 3 0 29 0 0 0 0 0 0 0 0 0 0 0 0 0 14 0 0 20 0 0 
 3 0 2 1 2 1 0 0 1 0 0 2 0 0 0 0 0 2 0 0 2 3 6 2 2 1 1 2 1 2 2 1 2 3 1 3 2 2 1 0 2 1 54 52 2 1 2 2 54 2 1 2 2 5 2 2 1 52 0 2 0 60 159 101 70 25 53 108 70 31 24 88 101 275 49 256 193 37 199 125 0 0 0 0 0 0 0 0 0 0 0 0 0 0 0 0 0 0 0 0 0 0 0 0 0 0 0 0 0 0 0 0 0 0 0 0 0 0 0 0 0 0 0 7 8 0 0 0 0 0 0 20 0 0 0 0 0 7 0 0 9 19 0 14 17 2 30 14 5 3 19 2 22 1 2 10 12 2 2 12 0 0 0 0 0 0 0 0 4 0 0 0 0 0 0 0 0 0 0 1 0 0 0 0 0 0 0 0 0 0 0 0 0 0 0 0 6 0 0 0 0 0 0 0 4 18 0 0 0 0 0 8 0 0 0 0 0 30 0 0 1 23 19 11 15 1 20 79 1 9 1 2 9 23 2 8 1 11 0 17 44 0 0 0 0 0 0 0 0 1 0 0 0 60 11 0 0 2 0 0 0 0 0 73 0 0 14 2 0 0 9 2 0 0 0 2 0 0 0 0 0 0 0 0 0 0 0 0 0 0 
