 0 176 453 125 62 246 382 261 446 178 177 92 58 183 295 306 511 91 81 184 0 79 0 0 0 0 0 0 0 1 0 0 0 2 0 0 2 0 0 0 0 0 0 0 0 0 0 2 0 0 0 3 0 2 0 0 0 0 0 0 0 3 0 4 0 0 0 0 3 0 2 0 0 0 0 0 0 0 0 2 22 22 6 0 15 10 10 9 10 9 0 10 3 15 20 0 32 32 15 20 0 0 0 0 0 0 0 0 0 0 0 0 2 0 0 0 0 0 0 0 1 0 0 0 9 0 0 0 0 0 0 1 0 0 0 0 0 0 0 0 0 0 0 0 0 0 0 0 0 0 0 13 0 0 0 0 19 0 0 0 15 29 12 8 1 2 0 26 1 10 0 14 11 12 29 9 1 9 11 0 1 0 0 0 0 0 0 0 0 8 0 0 0 0 0 0 0 0 0 0 0 0 0 0 0 0 0 0 0 2 0 0 1 0 0 0 9 0 0 0 0 1 0 0 0 0 0 0 0 0 0 0 0 13 0 0 0 0 1 0 0 13 0 0 0 0 1 2 2 47 0 20 0 0 0 0 0 0 0 0 0 0 0 38 0 0 0 0 0 0 0 0 0 0 0 11 0 0 0 0 0 0 0 0 0 0 0 0 0 0 
 176 0 261 148 219 73 100 583 254 129 208 35 121 65 64 116 120 218 66 116 0 3 2 0 0 2 2 4 0 6 0 0 2 4 2 1 0 2 76 76 1 62 1 4 2 0 0 0 0 1 0 5 0 0 0 0 2 0 0 0 0 3 0 0 1 0 0 0 2 0 3 0 0 0 0 0 0 0 0 0 0 26 47 13 70 15 0 25 0 46 14 0 2 2 12 29 10 16 0 0 0 0 0 2 0 16 10 0 0 0 0 13 1 0 0 0 0 18 32 17 0 0 0 0 0 0 0 0 0 0 0 0 0 1 0 0 0 0 0 0 0 0 0 0 0 0 0 2 0 0 0 0 0 0 0 0 0 0 0 0 16 22 10 15 25 21 0 0 12 9 41 31 0 24 27 27 25 0 0 0 12 0 0 0 0 0 25 14 2 0 0 0 8 0 20 0 0 0 0 1 0 0 0 0 0 0 0 0 0 0 0 0 0 1 0 0 0 14 0 2 0 0 0 1 0 0 0 0 0 0 0 0 0 0 0 0 0 0 0 0 0 0 0 0 0 0 90 0 0 133 0 23 0 0 0 0 0 0 0 0 0 0 18 0 0 0 0 0 0 0 0 0 0 0 0 6 10 0 0 0 0 0 0 0 0 13 0 0 0 0 
 453 261 0 174 112 56 81 307 288 116 130 240 394 232 391 376 157 222 215 121 0 3 0 0 0 0 0 0 2 2 0 0 1 2 207 2 0 0 0 0 0 0 0 72 0 0 0 0 0 0 4 3 0 0 0 0 0 0 0 0 0 3 0 0 2 0 0 0 1 0 3 0 0 0 0 0 0 3 0 0 31 15 13 21 8 28 0 10 46 32 18 19 1 7 12 0 23 52 11 0 0 0 0 0 0 0 2 0 0 0 0 0 0 0 0 0 0 0 0 15 0 0 0 0 0 0 0 0 0 0 0 0 0 0 0 0 0 0 0 0 0 0 0 2 2 0 0 0 2 0 0 3 0 0 0 0 3 0 0 0 28 0 14 14 33 6 26 0 13 19 7 25 0 14 3 12 16 30 1 0 0 0 0 0 0 0 0 16 0 0 0 0 0 0 0 0 0 0 0 0 0 1 0 0 0 0 0 0 0 0 0 0 0 0 1 0 0 0 0 5 0 0 0 0 0 0 0 0 0 0 2 0 0 0 0 0 0 0 0 0 0 0 0 0 0 0 11 0 0 46 0 17 10 0 2 0 0 0 0 0 0 0 7 0 0 0 0 0 0 0 0 0 0 0 0 20 0 0 0 0 0 0 0 0 0 0 0 0 0 0 
 125 148 174 0 212 349 91 84 153 569 487 268 258 81 76 144 298 63 332 46 111 77 1 37 0 2 0 0 0 3 0 3 209 2 0 2 1 209 33 109 0 2 0 64 2 0 0 0 0 0 0 48 1 2 0 0 0 0 0 0 2 5 0 0 3 0 0 0 3 0 2 0 2 0 0 5 0 0 0 0 0 14 1 10 16 15 0 0 0 20 19 35 0 0 0 13 7 0 0 0 43 26 0 1 0 0 10 17 27 9 0 0 30 7 35 21 19 0 9 0 0 1 0 0 0 0 1 0 0 0 0 0 0 0 0 0 0 0 0 0 0 0 0 0 0 0 0 0 0 0 0 11 9 0 0 0 4 0 0 0 0 0 1 13 0 31 0 0 0 2 11 0 2 15 4 23 25 0 1 0 29 0 0 0 0 0 31 19 10 0 1 0 0 5 22 18 16 9 43 9 0 0 0 0 0 0 0 0 0 0 0 0 0 0 0 0 0 0 0 0 0 0 0 0 0 0 0 0 0 0 0 0 0 0 0 0 0 0 0 2 0 0 0 0 0 0 1 2 3 2 2 6 0 0 2 0 0 0 0 0 0 0 0 0 0 0 3 0 0 0 0 0 0 0 0 11 34 0 0 0 0 0 0 0 0 0 0 0 0 0 
 62 219 112 212 0 168 139 365 77 381 180 330 294 147 143 88 275 148 60 32 0 3 1 0 0 5 0 0 0 1 0 0 29 2 74 1 0 0 21 0 0 29 0 0 0 0 0 0 0 0 0 3 0 1 0 0 0 0 0 6 0 3 44 0 38 0 0 0 45 0 3 0 0 0 0 0 0 0 0 0 25 8 36 49 9 12 0 24 0 30 11 9 0 14 14 39 15 9 0 0 0 32 21 2 0 0 31 11 0 10 0 0 43 1 1 10 0 0 25 10 0 0 0 0 0 0 0 0 0 0 0 0 0 0 0 0 0 0 0 0 0 2 0 0 0 0 0 0 0 0 0 0 0 0 0 0 0 0 0 0 11 24 10 22 29 8 0 0 23 23 43 40 0 15 29 10 7 10 0 0 17 36 0 0 0 0 8 32 0 0 0 0 0 33 0 0 11 0 0 13 0 0 0 0 0 0 0 0 0 0 0 0 8 0 0 0 0 0 0 0 0 0 0 0 0 0 0 0 0 0 0 0 0 0 0 0 0 0 0 0 0 0 0 0 0 10 48 0 89 87 2 6 0 0 2 0 0 0 0 0 0 0 10 0 0 0 0 0 0 0 0 0 0 0 0 14 13 10 0 0 0 0 0 0 0 0 0 0 0 0 
 246 73 56 349 168 0 51 100 58 370 208 143 35 34 50 77 166 261 64 254 0 80 0 0 0 95 35 0 0 2 2 0 83 2 0 91 0 1 100 73 0 63 0 0 0 0 0 0 0 0 0 3 5 0 0 0 0 0 0 2 0 29 0 0 1 0 0 0 2 0 3 0 0 0 0 1 0 0 0 0 2 0 17 14 13 0 0 14 0 10 45 17 0 0 0 15 10 21 0 0 16 22 11 6 0 0 20 21 18 9 0 0 19 21 2 0 1 10 43 19 0 0 0 0 2 0 0 0 0 1 0 0 2 0 0 0 0 1 1 0 0 0 0 0 0 0 0 0 0 0 0 0 0 0 0 0 0 1 0 0 21 11 9 1 8 50 3 0 2 0 26 26 0 11 47 14 0 1 0 0 2 0 11 0 5 0 0 2 0 0 0 0 59 40 15 1 10 2 49 24 0 0 0 0 0 0 0 0 0 0 0 0 21 0 0 0 0 0 0 0 0 0 0 0 0 0 2 0 2 0 0 0 0 0 0 0 0 0 0 0 0 0 1 0 0 1 6 0 88 3 0 11 0 0 0 0 0 0 0 0 0 0 0 0 0 0 0 0 0 0 0 0 0 0 0 0 2 1 0 0 0 0 0 0 0 0 0 0 0 0 
 382 100 81 91 139 51 0 69 349 97 188 239 173 233 226 131 41 242 131 350 0 3 0 0 0 0 0 0 0 0 0 0 0 50 0 0 0 0 2 0 0 0 0 0 0 0 0 0 0 0 0 3 0 2 0 0 0 0 0 0 0 3 2 1 0 64 0 0 3 0 2 1 0 0 0 0 0 0 0 0 8 13 16 15 11 0 23 25 11 8 1 2 50 36 39 1 46 0 1 15 0 0 0 0 0 0 0 0 0 0 0 0 0 0 0 0 0 0 0 0 0 0 0 0 0 0 0 0 0 0 0 0 0 0 0 1 0 0 0 0 0 0 0 0 0 0 0 0 0 0 0 0 0 0 0 0 0 0 0 0 0 14 9 0 0 0 33 14 4 26 8 0 33 12 1 14 1 3 14 20 1 0 1 0 0 0 0 1 0 0 0 0 0 0 0 0 0 0 0 49 0 0 0 0 0 0 0 0 0 0 0 0 0 0 0 0 1 14 0 0 0 0 0 0 0 0 0 0 8 0 0 0 0 0 0 0 0 2 0 0 0 0 0 0 0 3 0 0 0 0 0 3 0 0 0 0 0 0 0 0 0 0 0 0 0 0 0 0 0 0 0 0 0 0 0 0 0 1 0 0 0 0 0 0 0 0 0 0 0 0 
 261 583 307 84 365 100 69 0 322 210 331 60 388 87 361 582 55 201 75 30 2 6 0 1 0 0 0 0 0 2 0 0 0 3 73 0 1 2 74 0 0 63 0 0 0 0 0 0 0 0 0 3 64 2 0 0 0 0 0 0 0 3 0 0 2 0 0 0 0 0 3 1 0 0 0 0 0 0 0 0 12 16 63 18 14 13 27 32 0 19 1 1 12 14 20 15 21 30 0 10 0 0 0 0 0 0 17 0 0 0 0 0 0 13 0 0 0 0 19 12 0 0 0 0 0 0 0 0 1 0 0 0 0 0 0 0 0 0 0 0 0 1 0 0 0 0 0 0 0 0 0 0 0 0 0 0 1 0 0 0 14 15 25 13 8 7 13 0 15 17 32 19 13 11 39 15 0 1 8 0 6 0 0 0 0 0 0 12 0 0 0 0 0 0 0 0 0 0 0 20 0 0 0 0 0 0 0 0 0 0 0 0 0 0 0 0 0 13 0 0 0 0 0 0 0 0 0 0 0 0 0 0 0 0 0 0 0 0 0 0 0 15 0 0 0 0 89 2 1 90 2 9 0 0 0 2 0 0 0 0 0 0 8 0 0 0 0 0 0 0 0 0 0 0 0 0 0 0 0 0 0 0 0 0 0 0 0 0 0 0 
 446 254 288 153 77 58 349 322 0 231 44 250 93 307 294 419 282 223 341 266 0 3 0 0 0 0 0 0 6 2 0 0 0 2 0 0 1 0 0 0 0 1 0 62 0 0 0 98 0 0 0 3 0 0 3 0 0 0 0 0 0 0 0 0 1 3 0 0 2 0 3 0 0 0 0 0 0 0 0 0 15 20 0 0 27 0 47 15 17 1 14 12 7 7 1 2 31 18 8 13 0 0 0 0 0 0 0 0 0 0 2 0 0 0 0 1 0 0 2 0 0 0 0 0 0 0 0 0 0 0 0 0 0 0 0 0 0 0 0 0 0 0 0 0 0 0 0 0 0 0 0 5 0 0 0 0 2 0 0 0 22 56 25 14 13 0 121 0 14 0 0 14 0 56 2 43 18 44 27 10 0 0 0 0 0 0 2 0 0 0 0 0 0 0 0 2 0 0 0 0 0 0 0 1 0 1 0 0 0 0 0 0 0 0 0 0 0 0 0 0 0 0 0 0 0 0 0 0 0 1 0 2 0 0 0 0 0 0 0 0 0 0 0 0 1 2 0 1 0 1 0 13 14 0 0 0 0 0 0 0 0 0 0 0 0 0 0 0 0 0 0 0 0 0 0 12 0 0 0 0 0 0 0 0 0 0 0 0 0 0 
 178 129 116 569 381 370 97 210 231 0 645 51 54 500 193 236 418 263 318 103 0 3 0 0 0 2 2 0 0 0 0 2 0 2 0 0 0 0 0 35 0 0 0 0 0 0 0 0 0 0 0 4 0 2 0 0 0 0 0 0 0 0 0 0 1 0 0 0 2 0 3 0 0 0 0 0 0 0 0 0 31 15 10 23 18 10 16 11 37 14 11 0 0 61 33 0 44 21 0 1 0 0 0 0 0 0 0 14 0 0 0 0 0 8 0 0 2 0 0 2 0 0 0 0 0 0 0 0 0 0 0 0 0 0 0 2 0 0 0 0 0 0 0 0 0 0 0 0 1 0 0 0 0 0 0 0 0 0 0 2 0 10 13 30 0 14 14 0 50 7 19 14 0 0 1 39 21 26 0 0 9 0 2 0 0 0 10 0 0 0 0 0 0 0 13 0 0 0 37 23 0 0 0 0 0 0 0 0 0 0 0 0 0 0 0 0 0 0 0 0 0 0 0 0 0 0 0 0 0 0 0 0 0 0 0 0 0 0 0 0 0 4 0 0 0 0 5 2 6 5 0 11 7 0 0 0 0 0 0 0 16 0 0 0 0 0 0 0 0 0 0 0 0 0 0 0 16 0 0 0 0 0 0 0 0 0 0 0 0 2 
 177 208 130 487 180 208 188 331 44 645 0 373 253 427 257 305 155 76 373 46 0 3 0 0 0 0 0 0 0 0 0 0 2 2 0 0 0 0 20 0 0 28 0 0 0 0 0 0 0 0 0 3 0 2 0 0 0 0 0 2 0 3 0 0 2 0 0 0 1 0 3 0 0 0 0 0 0 0 0 0 9 17 42 26 27 0 16 9 1 14 1 17 0 12 30 37 22 13 0 1 0 22 0 0 0 0 16 11 0 0 0 0 11 0 9 0 0 0 24 0 0 0 0 13 0 0 0 0 0 0 0 0 0 0 0 0 0 0 0 0 0 0 0 2 0 0 0 0 0 0 0 3 0 0 0 0 10 0 0 0 11 35 6 38 14 0 2 0 23 0 10 14 1 14 18 29 15 11 1 0 13 0 0 0 0 3 30 18 0 0 0 0 10 14 0 0 0 0 0 31 0 1 0 0 0 0 0 0 0 0 0 0 0 0 1 0 0 0 0 0 0 0 0 0 0 0 0 0 0 14 2 0 0 0 0 0 0 0 0 0 0 8 0 0 0 2 0 2 4 87 0 30 0 0 0 0 0 0 0 0 0 0 0 0 0 0 0 0 0 0 0 0 35 0 0 14 58 0 0 0 0 0 0 0 0 0 0 0 0 0 
 92 35 240 268 330 143 239 60 250 51 373 0 27 251 36 37 313 181 112 45 79 75 0 0 0 0 0 0 0 2 0 0 73 2 0 75 0 0 74 62 0 1 0 0 80 0 0 0 0 0 0 3 0 2 0 0 0 0 0 0 0 3 0 0 3 0 0 0 0 0 3 0 0 0 0 6 0 0 0 0 0 0 18 31 1 0 0 22 0 0 33 25 0 13 0 13 0 33 0 0 55 38 0 0 0 0 9 39 37 11 0 0 76 20 21 35 6 1 20 31 0 0 0 0 0 0 0 0 0 0 0 0 0 0 0 0 0 0 0 0 0 0 0 0 0 0 0 0 0 0 0 33 0 0 0 0 0 0 0 0 0 0 10 0 0 8 0 14 0 10 15 13 0 0 5 0 7 0 0 0 30 0 21 0 0 0 26 18 14 0 1 0 14 33 0 41 12 5 46 49 0 0 0 0 0 0 0 0 0 0 0 0 0 0 0 0 0 0 0 0 0 0 0 0 0 0 0 0 0 0 0 0 0 0 0 0 0 0 0 0 0 0 0 0 0 5 0 0 1 0 0 8 0 0 0 0 0 0 0 0 0 0 0 0 0 0 17 0 0 0 0 0 0 0 0 0 50 13 0 0 0 0 0 0 0 0 0 0 0 0 
 58 121 394 258 294 35 173 388 93 54 253 27 0 51 187 232 37 27 88 296 0 3 0 1 0 1 0 0 0 63 0 79 0 4 0 0 0 0 0 0 0 0 0 0 0 0 0 0 0 0 0 3 0 0 0 0 0 0 0 1 0 3 0 0 0 0 0 0 3 0 2 0 0 0 0 0 0 0 0 0 2 0 11 0 1 10 14 15 26 7 10 1 25 2 27 10 0 12 11 22 0 0 0 0 0 0 0 0 0 0 0 0 0 0 0 0 0 0 0 0 0 0 1 0 0 20 0 0 0 18 0 0 0 16 0 1 0 0 0 0 0 0 0 0 14 0 0 0 0 0 0 0 0 0 0 0 1 0 0 0 5 0 0 21 0 0 13 2 0 6 0 0 3 0 0 0 1 25 0 11 0 0 0 0 0 0 0 2 0 0 0 0 0 0 0 0 16 0 0 0 0 0 0 0 0 0 0 0 0 0 0 0 0 0 0 0 1 1 0 12 0 0 0 0 0 0 0 0 0 0 0 0 0 0 0 0 0 2 0 0 0 1 0 0 0 0 0 0 0 48 1 10 0 0 0 0 0 0 0 0 0 0 0 0 0 0 0 0 0 0 0 0 0 0 0 0 0 0 0 0 0 0 0 0 0 0 0 0 0 0 
 183 65 232 81 147 34 233 87 307 500 427 251 51 0 84 344 322 118 266 100 0 3 0 0 0 0 0 0 0 2 1 0 0 2 0 0 0 0 0 0 0 0 0 0 0 1 0 0 0 3 0 3 0 2 0 0 0 0 0 0 0 3 0 0 2 0 0 0 0 0 3 0 0 0 0 0 0 0 0 0 19 11 18 20 24 0 42 48 34 0 18 16 0 45 25 0 34 24 33 21 0 0 0 0 0 0 0 0 0 0 0 0 0 0 0 0 0 0 0 0 0 0 0 0 0 0 0 0 0 0 0 0 0 0 0 0 0 0 0 0 0 2 20 0 0 0 0 0 0 0 0 0 0 0 0 0 0 0 0 0 16 20 28 0 22 0 12 10 12 9 3 7 0 29 11 10 13 24 0 0 0 0 0 0 0 0 0 1 0 0 0 0 0 0 0 0 0 0 0 25 0 0 0 0 0 0 0 0 0 0 0 0 0 0 0 0 0 0 0 0 0 0 0 0 0 0 0 0 0 0 0 0 0 0 0 0 0 0 0 0 0 10 0 0 0 1 0 0 0 1 0 27 8 0 0 0 0 0 0 0 0 0 0 0 0 0 0 0 0 0 0 0 0 0 0 0 0 2 0 0 0 0 0 0 0 0 0 0 0 0 
 295 64 391 76 143 50 226 361 294 193 257 36 187 84 0 533 291 43 262 204 0 5 0 0 0 0 0 0 0 0 0 0 0 2 0 0 0 0 0 0 0 0 0 0 0 0 0 2 0 0 0 3 0 2 0 0 0 0 0 1 0 3 0 0 1 0 0 0 2 0 3 0 0 0 0 0 0 0 0 0 11 58 9 2 9 24 39 10 11 10 2 0 23 1 18 0 8 1 32 18 0 0 0 0 0 0 0 0 0 0 0 0 0 0 0 0 0 0 17 21 0 0 0 0 25 0 0 0 1 0 0 0 0 1 0 0 0 0 0 0 0 0 0 0 0 0 0 0 0 0 0 3 0 0 22 0 3 0 0 0 0 12 11 6 0 9 0 30 30 10 9 11 0 7 19 11 0 0 0 10 1 10 0 0 0 0 0 20 1 0 0 0 1 0 0 0 0 0 0 0 0 0 0 0 0 0 0 0 0 0 0 0 0 1 0 0 0 0 0 0 0 0 0 1 0 0 0 0 0 0 0 0 0 0 0 0 0 0 0 0 0 11 0 0 0 1 87 0 5 0 19 12 0 0 0 0 0 0 0 0 0 0 10 50 0 0 0 0 0 0 0 0 0 0 0 30 0 0 0 0 0 0 0 0 0 0 0 0 0 0 
 306 116 376 144 88 77 131 582 419 236 305 37 232 344 533 0 330 219 254 254 0 3 0 0 0 0 0 0 0 2 0 1 0 3 0 0 0 2 3 0 0 0 0 0 0 0 0 0 0 0 0 3 0 0 0 0 0 0 4 0 0 3 0 0 2 0 0 0 1 0 6 0 0 0 0 0 0 0 0 0 11 1 10 0 7 0 0 19 34 22 21 14 27 7 16 11 32 34 33 7 0 0 0 0 0 2 0 0 0 0 0 0 0 0 0 0 0 2 0 0 0 0 0 0 0 0 0 0 0 0 0 0 0 0 0 0 0 0 0 1 0 0 0 0 0 0 0 0 0 0 0 4 0 0 0 0 4 0 0 0 24 14 26 21 10 0 28 0 38 0 0 0 0 33 3 18 14 33 0 67 0 0 0 0 0 0 0 0 0 0 0 0 0 0 0 0 1 0 1 0 0 0 0 0 0 0 0 0 0 0 0 0 0 0 0 0 0 2 0 0 0 0 0 0 0 0 16 0 0 0 0 0 0 0 0 0 0 0 0 0 0 1 0 0 0 2 1 0 5 86 2 11 0 1 0 0 0 1 0 0 0 0 0 0 0 0 0 0 0 0 0 0 0 0 0 8 0 0 0 0 0 0 0 0 0 2 0 0 0 0 
 511 120 157 298 275 166 41 55 282 418 155 313 37 322 291 330 0 263 127 120 0 3 0 0 1 2 81 0 0 2 0 2 0 5 0 0 0 0 75 105 0 1 0 0 0 0 0 0 63 0 0 4 0 2 0 0 0 0 0 0 0 3 0 0 3 0 0 0 0 0 3 0 0 0 0 0 0 0 0 0 0 0 0 20 16 13 0 43 19 36 35 14 0 0 17 0 0 9 0 0 0 8 0 0 0 0 0 0 1 0 1 0 0 0 0 1 0 20 31 0 0 0 0 0 0 0 0 0 0 0 0 0 0 0 0 0 0 0 0 0 0 0 0 0 0 15 0 0 0 0 0 0 0 0 0 0 0 0 0 0 1 23 9 0 21 7 19 13 28 13 0 19 0 1 24 0 27 18 0 0 1 0 0 0 0 0 0 0 2 0 0 0 21 3 0 2 0 0 42 0 0 0 0 0 0 1 0 0 0 0 0 0 0 0 0 0 0 0 0 0 0 0 0 0 0 0 0 0 0 2 0 0 2 0 2 0 0 0 0 0 0 0 0 0 0 0 88 0 0 1 24 11 8 0 0 0 0 0 0 0 0 0 0 0 0 0 0 0 0 0 0 0 0 0 0 0 0 0 0 0 0 0 0 0 0 0 0 0 0 0 
 91 218 222 63 148 261 242 201 223 263 76 181 27 118 43 219 263 0 75 32 0 3 0 0 2 0 0 0 0 2 0 2 208 2 208 0 0 1 105 0 0 0 0 0 0 0 0 0 0 0 0 3 0 2 0 0 0 0 0 0 0 4 0 0 0 0 0 0 3 0 2 0 0 0 0 0 0 0 0 0 10 14 18 11 13 33 2 17 8 41 25 26 0 8 0 0 41 35 14 0 0 3 0 12 0 0 0 0 0 2 0 0 15 15 0 0 0 0 0 23 0 0 0 0 0 0 0 0 0 1 15 0 0 0 1 0 1 0 0 0 0 0 0 0 0 2 0 0 0 0 0 0 0 0 0 1 2 0 0 0 22 37 9 0 62 6 18 11 14 9 21 19 0 20 55 9 7 31 0 0 0 0 0 2 0 0 0 14 0 0 0 0 17 0 0 0 0 0 15 0 0 0 0 0 0 0 0 0 0 0 1 0 0 0 0 0 0 0 1 0 0 0 0 0 0 2 0 0 0 0 0 0 0 0 0 0 1 0 0 0 0 0 0 0 0 4 175 0 1 85 0 11 11 0 21 0 0 0 0 0 0 0 8 0 0 0 0 0 0 0 0 0 0 0 0 0 0 9 0 0 0 0 0 0 0 0 0 0 0 0 
 81 66 215 332 60 64 131 75 341 318 373 112 88 266 262 254 127 75 0 350 0 3 0 6 0 2 0 0 0 0 2 0 0 3 0 0 0 2 0 0 0 0 0 0 0 0 0 0 0 0 0 3 0 2 0 0 0 0 0 0 0 3 0 6 0 0 0 0 3 0 2 1 31 0 0 0 5 0 0 0 9 33 0 0 5 7 25 0 11 1 0 10 5 5 0 0 34 18 28 21 0 0 0 0 0 0 0 0 0 0 0 12 0 0 0 0 0 0 0 0 0 0 0 0 0 0 0 0 0 0 0 0 0 0 0 0 0 0 0 0 0 0 0 0 0 0 0 0 0 0 0 8 0 0 0 0 4 0 0 0 23 15 5 1 2 0 0 55 0 2 0 0 10 15 12 12 0 14 32 0 0 0 0 0 0 0 0 0 0 0 0 0 0 0 0 0 0 0 0 0 0 0 0 0 0 0 10 0 0 0 0 0 0 0 0 0 0 0 0 0 0 0 0 0 0 0 0 0 0 0 0 0 0 0 1 0 0 0 0 0 0 0 0 0 0 1 2 0 2 0 0 13 0 0 0 0 0 0 0 0 0 0 0 0 0 0 0 0 0 0 0 0 0 0 0 59 0 0 0 0 0 0 0 0 0 0 0 0 0 0 
 184 116 121 46 32 254 350 30 266 103 46 45 296 100 204 254 120 32 350 0 0 3 0 0 0 0 0 0 0 0 2 0 4 2 0 2 0 0 0 74 0 0 0 0 4 0 2 0 0 0 0 3 0 2 0 0 0 0 62 7 0 9 0 0 0 0 0 3 3 0 2 0 0 0 0 0 0 0 0 0 39 18 1 17 0 0 20 0 6 8 0 10 26 27 19 0 6 12 69 18 0 0 0 2 0 0 0 0 0 0 0 0 0 0 0 0 0 0 0 0 0 0 0 0 0 1 0 0 1 0 0 0 0 1 0 0 0 0 0 0 0 0 0 0 0 12 0 2 0 0 0 0 0 0 0 0 0 0 31 0 13 12 0 0 11 0 0 53 0 8 0 1 43 0 13 0 0 28 7 28 0 0 0 0 0 0 0 0 2 0 0 0 2 0 0 0 0 0 0 0 0 0 0 0 0 0 0 0 0 0 0 0 0 1 0 0 0 0 0 2 0 0 0 1 0 0 0 0 0 0 0 0 0 0 0 1 0 0 0 0 0 0 0 0 0 0 0 0 5 0 0 27 0 0 0 0 0 0 0 0 0 0 0 0 0 0 0 0 0 1 0 0 0 0 0 0 0 0 0 0 0 0 0 0 0 0 0 0 0 0 
 0 0 0 111 0 0 0 2 0 0 0 79 0 0 0 0 0 0 0 0 0 453 224 45 300 229 262 227 30 27 112 40 60 458 151 116 114 179 138 117 3 2 0 0 0 0 5 0 0 1 5 0 0 3 0 0 0 8 67 0 2 0 0 3 0 1 0 0 0 3 0 3 0 0 0 0 0 0 0 0 0 0 0 0 0 11 0 0 0 0 18 1 0 0 0 0 0 0 0 0 36 32 2 0 0 23 10 61 13 14 22 15 0 0 41 35 0 2 22 3 0 0 0 0 0 0 0 2 0 0 0 0 0 0 0 0 0 0 12 0 0 0 0 0 2 0 1 0 0 0 0 0 0 2 0 0 0 3 0 0 0 0 0 0 9 8 0 0 0 0 0 0 6 0 7 0 2 0 0 2 10 12 1 22 0 17 12 30 0 0 0 16 1 11 10 7 7 1 2 0 0 0 0 0 0 0 24 0 0 17 0 0 10 0 0 15 0 0 19 0 0 0 0 0 0 0 0 0 0 0 0 0 0 0 2 0 0 0 0 1 0 0 12 0 0 0 0 0 0 0 0 0 0 0 7 0 0 4 1 0 4 0 1 0 0 0 0 0 0 0 0 0 0 0 0 0 1 0 0 14 0 12 0 0 0 0 19 0 0 0 
 79 3 3 77 3 80 3 6 3 3 3 75 3 3 5 3 3 3 3 3 453 0 368 474 112 58 316 120 63 158 85 322 272 283 363 288 112 377 124 131 1 13 0 0 0 0 63 1 0 0 2 0 69 1 0 0 0 0 63 0 2 0 0 3 0 2 0 0 0 3 0 2 0 5 0 0 0 0 6 0 0 0 0 0 0 1 0 0 0 1 10 0 0 0 0 0 2 0 0 0 17 16 9 30 9 37 20 31 9 1 15 14 0 18 6 7 14 1 23 0 0 0 0 0 0 0 1 0 0 0 0 0 4 0 0 1 0 0 0 0 11 0 0 0 0 0 0 0 0 0 0 0 0 10 0 2 0 4 0 0 0 0 0 0 11 11 0 0 0 0 0 1 0 0 3 2 0 0 0 0 11 1 0 17 11 14 37 17 20 7 0 8 5 9 24 25 0 8 0 10 10 1 0 0 0 0 0 0 0 0 0 0 0 0 0 9 1 0 13 0 0 2 0 0 0 1 0 0 0 0 0 0 0 28 0 0 0 0 0 0 0 0 1 0 0 0 1 0 0 0 0 0 0 0 7 0 0 40 0 0 2 0 0 0 0 0 0 0 0 0 0 0 0 0 0 0 0 0 0 10 0 0 0 0 0 0 18 0 0 0 
 0 2 0 1 1 0 0 0 0 0 0 0 0 0 0 0 0 0 0 0 224 368 0 155 120 76 142 286 292 269 50 109 51 73 140 132 248 123 119 44 0 0 0 0 0 0 66 0 0 207 3 0 88 3 207 0 0 6 125 0 2 0 0 3 0 0 0 0 0 3 0 3 0 1 0 0 0 0 4 0 0 0 0 0 0 0 0 0 0 0 0 0 0 0 0 0 0 0 0 0 17 8 14 28 31 21 13 0 13 18 22 36 0 0 36 19 0 24 0 0 18 0 0 0 0 3 0 0 0 0 0 0 0 0 43 0 0 0 11 21 0 0 0 0 0 2 43 0 0 0 4 0 0 0 0 0 0 0 1 4 0 0 0 0 0 0 0 0 0 0 0 0 0 0 0 9 0 0 0 0 0 13 1 43 18 6 0 9 33 27 12 1 0 0 23 13 14 19 0 0 15 0 0 0 0 0 12 0 0 0 0 0 40 0 32 0 0 0 22 15 0 0 0 0 0 0 0 0 0 0 0 0 0 0 0 0 0 0 0 0 0 0 0 0 0 0 0 0 0 0 0 0 0 0 5 0 3 159 18 0 12 8 0 0 0 0 0 0 0 0 0 0 0 0 0 0 0 0 0 0 0 29 0 0 0 0 17 0 0 0 
 0 0 0 37 0 0 0 1 0 0 0 0 1 0 0 0 0 0 6 0 45 474 155 0 148 270 57 508 95 97 332 234 71 264 267 122 228 120 69 73 0 0 0 0 0 0 0 62 0 0 2 0 64 3 0 0 0 0 1 119 2 0 0 3 0 0 0 0 0 3 0 3 0 3 4 0 3 0 0 0 0 0 0 0 0 0 0 0 0 10 0 0 0 0 0 0 0 22 0 0 0 0 5 15 23 35 0 0 0 0 0 69 0 0 0 0 23 12 0 0 32 0 0 0 0 0 63 0 2 0 0 0 15 20 22 0 15 0 21 12 0 0 0 0 0 0 0 22 0 0 0 0 0 0 0 0 0 0 10 0 0 0 0 0 0 0 0 0 0 4 0 0 0 0 0 0 7 0 0 0 2 18 0 24 21 79 0 16 2 29 0 9 0 0 0 7 12 0 0 2 19 9 0 0 0 0 0 27 1 0 0 0 23 17 0 0 0 0 11 0 0 0 0 0 0 0 0 0 0 0 0 0 0 0 0 1 0 2 0 21 0 0 0 0 0 0 0 0 0 0 0 0 0 0 6 2 0 0 1 0 8 1 0 0 0 0 0 0 0 0 0 0 0 0 0 0 0 0 0 22 0 0 0 0 0 0 0 0 0 0 
 0 0 0 0 0 0 0 0 0 0 0 0 0 0 0 0 1 2 0 0 300 112 120 148 0 144 120 163 74 115 78 106 74 123 158 104 121 279 55 84 4 2 59 0 0 0 61 66 0 0 2 0 126 1 0 64 0 2 205 251 2 0 1 2 0 47 0 0 0 3 0 4 0 0 0 0 0 0 0 0 0 0 0 0 0 0 0 0 0 0 0 0 0 0 0 0 0 0 0 0 0 0 0 0 0 40 0 12 0 11 12 34 0 0 11 13 0 0 0 0 39 0 0 0 0 0 9 0 16 0 0 8 21 0 82 0 20 0 33 19 0 0 14 0 0 0 0 0 0 0 0 0 0 0 0 0 0 0 0 0 0 0 0 0 0 0 0 0 0 0 0 0 0 0 0 0 0 0 0 0 0 11 0 31 33 22 0 16 0 0 0 22 0 0 51 10 7 1 0 0 1 0 10 0 0 0 11 25 4 21 0 0 18 55 16 0 0 0 13 27 0 0 0 0 0 0 0 0 0 0 0 0 0 0 0 0 0 0 0 0 0 0 12 0 0 0 0 0 0 0 0 0 0 0 5 3 5 6 3 0 4 0 0 0 0 0 0 0 0 0 0 0 0 0 0 0 0 0 0 0 0 13 0 0 0 0 17 0 0 0 
 0 2 0 2 5 95 0 0 0 2 0 0 1 0 0 0 2 0 2 0 229 58 76 270 144 0 24 75 139 296 99 343 38 54 50 165 55 59 252 273 0 0 81 0 0 10 3 143 0 0 2 0 62 1 6 20 63 0 80 65 2 0 0 3 0 8 0 0 0 3 0 3 0 0 0 0 2 0 0 0 0 1 0 0 0 5 0 0 0 2 0 9 0 0 2 0 0 0 0 0 0 0 0 2 15 0 0 0 14 0 1 0 0 0 0 3 0 10 0 0 18 7 8 13 0 0 24 1 52 43 0 8 10 58 9 8 42 1 23 36 0 0 0 0 1 5 0 0 0 0 12 0 0 0 0 0 0 0 4 6 0 0 0 3 0 0 0 0 0 2 0 0 3 0 4 4 0 0 0 0 0 0 0 3 12 10 0 13 0 0 24 0 0 0 10 2 0 1 0 0 27 21 27 19 0 0 30 0 50 7 32 17 29 9 7 34 8 3 7 36 0 0 0 0 0 0 0 0 0 0 15 0 0 0 0 0 0 3 0 0 0 0 0 0 0 0 0 0 0 0 0 1 0 0 3 2 1 75 4 10 4 14 0 0 0 0 0 62 0 0 0 0 0 0 0 0 0 0 0 0 0 0 0 0 0 0 0 16 0 0 
 0 2 0 0 0 35 0 0 0 2 0 0 0 0 0 0 81 0 0 0 262 316 142 57 120 24 0 155 132 100 98 24 167 213 28 367 104 98 137 56 0 0 0 0 0 0 0 0 0 0 2 0 5 3 0 0 0 0 0 0 2 0 0 3 0 0 0 0 0 3 0 3 0 0 0 0 0 1 0 0 0 0 0 0 10 15 0 0 0 0 0 0 0 0 0 0 0 0 0 0 34 10 20 5 11 9 1 23 18 39 34 0 0 13 0 0 9 18 18 1 0 0 0 0 0 0 0 0 0 0 0 0 0 1 0 0 0 0 1 0 0 0 1 0 0 0 0 0 0 0 0 0 0 25 0 3 0 4 0 0 0 0 0 0 16 17 2 0 0 0 3 0 0 0 2 0 0 0 0 0 2 15 11 11 5 0 0 33 10 0 2 11 12 0 12 8 0 5 0 23 0 0 0 0 0 0 10 0 9 0 1 0 1 0 0 0 0 0 0 0 0 0 0 0 0 0 0 0 0 0 0 0 0 0 0 0 0 0 0 0 0 0 0 0 0 0 0 0 0 0 0 0 0 0 0 0 2 1 81 0 0 2 0 0 0 0 0 0 0 0 0 0 0 0 0 0 0 0 0 14 0 0 0 0 0 0 0 0 0 0 
 0 4 0 0 0 0 0 0 0 0 0 0 0 0 0 0 0 0 0 0 227 120 286 508 163 75 155 0 420 17 101 22 415 396 75 186 407 39 134 41 1 0 0 7 0 0 0 2 0 0 2 0 62 4 0 0 1 14 62 0 2 0 0 3 0 0 10 0 0 3 0 52 0 0 0 0 0 0 0 0 0 0 0 2 0 0 0 0 0 0 1 0 0 0 0 0 0 0 0 0 59 0 19 23 17 4 13 1 32 25 27 16 0 13 34 11 23 35 15 1 8 0 0 0 0 0 0 0 0 0 0 0 2 0 0 0 0 0 12 16 0 0 0 0 0 2 0 0 0 0 4 0 0 0 0 27 0 0 2 7 0 2 0 0 0 1 1 0 0 0 0 0 0 0 0 0 3 0 0 0 1 37 0 64 20 0 0 9 18 25 22 2 0 11 10 8 11 12 0 0 0 0 0 0 0 0 13 0 0 1 0 0 23 0 0 0 0 0 15 30 0 0 0 0 0 0 0 1 0 0 0 0 0 0 0 0 0 0 0 1 0 0 0 0 0 0 0 0 0 0 0 0 0 0 6 2 1 152 77 0 0 9 0 0 0 0 1 0 0 0 0 0 0 0 0 0 0 0 0 0 0 7 0 0 0 0 0 0 0 0 
 0 0 2 0 0 0 0 0 6 0 0 0 0 0 0 0 0 0 0 0 30 63 292 95 74 139 132 420 0 232 263 31 86 135 307 192 37 124 138 179 0 0 0 0 0 0 0 0 0 0 2 0 0 2 0 0 0 9 0 0 2 0 0 3 0 0 0 0 0 3 0 3 0 0 2 0 0 0 0 0 0 0 0 0 0 0 0 0 0 0 0 2 0 0 0 0 0 0 0 0 13 0 28 15 58 14 8 23 43 12 22 0 0 10 21 50 3 23 0 12 9 2 0 0 0 0 0 0 0 0 0 0 20 0 12 0 15 0 0 16 0 0 0 0 0 13 0 0 0 0 4 0 0 0 0 0 0 0 6 0 0 0 0 0 0 0 8 0 0 0 8 1 0 0 1 0 0 0 0 0 0 19 36 8 0 0 0 22 25 0 22 36 0 10 46 10 0 15 0 0 0 0 1 0 0 0 0 0 0 0 14 0 10 0 0 0 0 0 16 0 0 7 0 0 0 6 0 0 0 0 0 0 0 0 0 0 0 0 0 0 0 0 0 0 0 0 0 0 0 0 0 0 0 0 10 0 0 31 125 1 2 37 0 0 0 0 0 0 0 0 0 0 0 0 0 0 0 0 0 0 0 18 0 0 0 0 0 0 0 0 
 1 6 2 3 1 2 0 2 2 0 0 2 63 2 0 2 2 2 0 0 27 158 269 97 115 296 100 17 232 0 157 132 209 101 433 140 153 194 61 177 63 21 2 2 0 2 0 0 0 210 4 2 6 4 243 2 0 2 1 1 2 0 0 2 0 0 0 7 0 3 0 3 0 0 0 0 0 0 0 0 0 0 0 2 12 5 0 0 0 0 0 1 0 0 0 0 0 0 0 0 26 0 48 12 24 6 5 0 13 13 10 0 0 9 1 14 0 9 0 18 1 0 0 0 0 0 0 0 0 7 0 0 2 0 0 0 0 0 16 13 0 0 0 0 0 4 0 0 0 0 7 0 0 0 0 0 0 0 2 0 0 2 0 0 0 1 2 0 0 0 4 0 0 0 2 0 0 0 0 0 0 1 6 0 11 0 17 13 28 23 31 27 10 0 18 23 9 15 0 0 0 51 0 0 0 0 4 12 0 1 0 0 0 10 0 0 0 0 0 0 0 0 0 7 0 0 0 1 0 0 0 0 0 0 0 0 0 3 0 0 0 0 21 0 0 0 0 0 2 2 0 0 0 0 1 1 0 76 4 2 3 0 0 0 0 0 0 0 0 0 0 0 0 0 0 0 0 0 0 0 0 9 0 0 0 19 0 16 0 0 
 0 0 0 0 0 2 0 0 0 0 0 0 0 1 0 0 0 0 2 2 112 85 50 332 78 99 98 101 263 157 0 433 347 111 384 106 171 157 48 66 0 0 0 0 56 1 0 3 0 0 2 0 0 1 0 0 0 1 0 19 2 0 0 3 0 0 0 0 0 3 31 3 0 15 5 0 0 0 0 0 0 0 0 0 0 0 0 0 0 0 0 0 0 0 0 0 0 0 0 0 21 0 29 12 63 25 0 0 3 10 28 38 0 0 19 10 24 17 0 0 12 0 0 0 0 0 9 0 0 0 9 0 32 16 15 1 0 0 12 11 0 2 0 2 0 6 0 0 0 0 0 0 0 0 0 0 0 1 0 0 0 0 0 0 0 0 0 0 0 0 3 0 0 0 0 0 7 0 0 0 0 19 58 14 11 18 0 8 8 40 2 102 0 0 1 6 15 1 0 0 9 9 0 0 0 0 0 31 0 0 0 1 19 19 0 0 0 0 7 0 2 0 0 0 0 0 0 0 3 0 0 0 0 0 0 0 0 3 2 0 0 0 0 0 0 0 2 0 1 0 0 0 0 0 2 0 0 0 2 3 0 0 0 0 0 0 0 0 0 0 0 0 0 0 0 0 0 0 0 9 0 5 0 0 0 0 0 0 0 0 
 0 0 0 3 0 0 0 0 0 2 0 0 79 0 0 1 2 2 0 0 40 322 109 234 106 343 24 22 31 132 433 0 30 40 30 20 126 169 23 446 63 0 0 0 0 0 0 62 0 0 2 0 63 2 27 0 0 0 66 194 2 0 0 2 0 0 0 0 0 4 0 3 0 0 7 0 0 0 0 0 0 0 0 0 0 0 0 0 0 2 0 0 0 0 2 0 0 0 0 0 0 0 0 0 18 27 0 0 0 0 0 22 0 0 0 0 0 0 0 0 32 11 0 0 0 0 61 0 15 0 2 0 16 18 8 0 15 0 7 1 0 0 0 0 0 0 0 0 0 0 0 0 0 0 0 0 0 0 0 0 0 0 0 0 0 0 0 0 0 0 2 0 0 0 0 0 0 0 0 0 0 2 0 14 43 71 0 0 0 2 9 0 0 0 0 7 20 12 0 0 25 12 0 0 1 0 12 31 15 1 0 0 7 25 19 17 0 29 0 11 0 0 0 0 0 0 0 0 0 0 0 0 0 0 0 19 0 0 0 0 0 0 0 0 0 0 0 0 0 0 0 0 0 0 2 2 0 0 4 0 17 0 0 0 0 0 0 0 0 0 0 0 0 0 0 0 0 0 0 0 0 0 0 0 2 9 0 0 0 0 
 0 2 1 209 29 83 0 0 0 0 2 73 0 0 0 0 0 208 0 4 60 272 51 71 74 38 167 415 86 209 347 30 0 165 167 324 123 53 76 129 1 4 1 0 0 0 0 0 0 0 2 0 6 2 0 0 0 0 0 0 2 0 0 3 0 0 0 0 0 3 0 3 0 0 0 4 0 0 0 0 0 0 0 0 0 0 0 0 0 0 11 0 0 0 0 0 0 0 0 0 35 9 27 22 16 15 21 0 12 16 0 0 27 27 14 23 26 3 0 12 0 0 0 0 0 0 0 0 0 0 0 0 20 0 2 0 0 0 1 0 0 1 3 0 0 0 0 0 0 0 0 0 0 0 0 0 0 0 0 0 0 0 0 11 0 2 8 0 0 0 9 37 0 0 0 0 14 0 0 0 14 31 10 6 16 0 20 0 11 20 11 23 16 23 37 26 9 5 5 10 0 0 0 0 0 0 0 0 0 0 0 1 1 0 0 0 0 0 0 0 0 1 0 0 0 0 0 0 0 0 0 0 0 0 0 0 0 0 0 0 0 0 3 0 0 0 0 0 73 0 0 0 0 0 4 0 0 0 77 3 4 0 0 0 0 0 15 0 0 0 0 0 0 0 0 17 0 0 0 0 0 12 0 0 0 0 0 0 0 0 
 2 4 2 2 2 2 50 3 2 2 2 2 4 2 2 3 5 2 3 2 458 283 73 264 123 54 213 396 135 101 111 40 165 0 415 97 78 385 82 87 0 10 0 0 0 0 0 0 0 0 2 0 6 1 0 0 0 0 67 0 2 0 0 3 0 0 0 0 0 3 0 3 0 0 0 0 30 0 0 0 0 0 0 0 0 13 0 0 0 0 0 0 0 0 0 0 0 0 6 0 13 0 21 13 14 38 17 17 0 1 33 23 0 0 6 0 40 21 0 1 0 0 0 0 0 0 0 1 0 0 0 0 11 0 0 0 0 0 17 0 0 0 2 0 0 0 0 2 0 0 0 0 0 4 0 0 0 1 0 0 0 0 0 0 15 0 0 0 0 0 0 0 0 0 0 0 6 0 11 0 11 19 10 12 0 7 24 18 0 13 0 52 10 22 34 38 19 1 0 0 0 0 0 0 0 0 12 0 0 0 0 0 14 0 0 0 0 0 1 0 0 0 0 0 0 0 0 0 0 1 0 0 0 0 0 0 0 0 0 0 0 0 23 0 0 0 0 0 0 0 0 0 0 0 7 0 0 2 0 0 2 1 0 0 0 0 0 0 0 0 0 0 0 0 0 0 0 0 0 8 0 0 0 0 0 0 12 37 0 0 
 0 2 207 0 74 0 0 73 0 0 0 0 0 0 0 0 0 208 0 0 151 363 140 267 158 50 28 75 307 433 384 30 167 415 0 215 123 167 292 154 0 0 0 0 0 0 0 0 0 205 2 0 0 2 208 0 0 0 23 0 2 0 0 3 0 0 4 0 0 3 0 3 0 0 0 2 0 0 54 0 0 0 0 0 2 0 0 19 0 0 0 0 0 0 0 0 0 0 0 0 18 7 27 13 23 20 0 1 22 0 20 9 20 19 0 20 1 43 0 55 0 0 0 0 0 0 0 0 0 0 0 1 11 0 0 1 0 0 0 10 0 0 0 0 0 9 0 0 0 0 3 0 0 0 0 0 0 0 6 0 0 0 0 0 0 0 3 0 0 0 4 18 0 0 0 0 0 0 0 0 13 12 47 0 3 16 0 17 15 27 34 36 0 0 27 12 0 45 0 0 0 0 0 20 0 0 14 0 0 0 0 0 0 0 0 0 2 0 0 0 0 1 0 0 0 0 0 0 0 0 0 0 0 0 0 0 2 0 0 0 0 0 0 0 0 0 0 0 0 0 0 0 0 0 2 1 2 158 73 2 2 1 0 0 0 0 0 0 0 0 0 0 0 0 0 0 0 0 0 0 0 12 0 0 0 0 7 0 0 0 
 0 1 2 2 1 91 0 0 0 0 0 75 0 0 0 0 0 0 0 2 116 288 132 122 104 165 367 186 192 140 106 20 324 97 215 0 66 499 44 232 0 0 0 0 2 2 0 1 0 0 70 0 1 2 0 0 3 0 27 0 2 0 1 4 3 0 0 0 3 6 2 5 5 0 1 1 3 3 0 0 0 0 0 10 13 0 0 0 0 0 0 0 0 0 0 0 0 0 0 0 1 10 3 26 26 9 0 54 17 19 28 20 0 11 0 1 36 10 15 17 0 0 0 0 0 0 8 0 0 0 0 0 0 0 3 0 0 0 3 0 0 0 0 0 0 0 0 0 0 0 9 0 0 0 0 0 0 0 0 5 0 0 0 0 9 3 4 0 0 0 22 0 0 0 0 0 0 0 0 0 16 20 6 23 12 0 0 30 2 2 9 9 1 9 5 39 0 60 19 32 0 0 0 0 13 0 18 0 0 0 0 0 0 0 0 0 0 0 0 0 0 0 0 0 0 0 0 0 0 0 0 0 0 0 0 0 0 0 0 0 0 0 0 0 0 0 0 0 0 0 0 0 0 0 0 0 2 1 40 2 0 14 0 0 0 0 0 0 0 0 0 0 0 2 0 0 0 0 0 10 0 0 0 0 0 0 0 0 0 0 
 2 0 0 1 0 0 0 1 1 0 0 0 0 0 0 0 0 0 0 0 114 112 248 228 121 55 104 407 37 153 171 126 123 78 123 66 0 234 42 36 4 0 0 0 1 0 24 0 81 0 2 0 82 2 1 0 1 4 0 0 2 51 0 3 0 3 0 0 0 3 0 3 0 15 0 0 0 0 4 0 2 0 0 0 0 0 0 0 0 0 0 0 0 0 0 0 0 0 0 0 20 9 25 46 34 1 0 0 2 23 32 12 0 0 33 24 15 15 0 0 18 0 0 0 0 0 10 6 0 0 0 0 16 20 17 0 0 0 0 7 0 0 3 0 0 6 0 0 0 0 0 0 0 0 0 14 0 0 1 0 0 0 0 0 0 0 0 0 23 0 0 0 0 0 0 0 1 0 0 0 0 13 26 42 17 0 0 17 49 65 2 53 0 0 2 17 12 11 0 0 5 9 0 0 0 0 0 3 0 0 0 0 45 60 2 2 0 0 30 14 0 0 0 2 0 0 0 0 0 0 0 0 2 0 0 0 0 0 0 0 0 0 0 0 0 0 0 0 0 0 0 0 0 0 13 1 0 75 42 0 14 0 0 0 0 0 0 0 0 0 0 0 0 0 0 0 0 0 0 10 0 51 0 0 12 0 0 0 0 0 
 0 2 0 209 0 1 0 2 0 0 0 0 0 0 0 2 0 1 2 0 179 377 123 120 279 59 98 39 124 194 157 169 53 385 167 499 234 0 262 258 9 5 0 0 0 0 30 0 0 0 2 0 22 1 0 0 0 0 54 24 2 0 0 3 0 0 0 0 0 3 0 3 0 5 0 0 1 0 4 0 0 0 0 0 0 0 0 0 0 0 0 0 0 0 0 0 0 0 0 0 23 8 10 17 22 1 10 0 16 2 45 1 0 1 0 19 11 21 0 0 0 0 0 0 0 0 10 0 0 0 0 0 14 11 0 0 0 0 32 21 0 0 12 0 0 11 0 2 0 0 1 0 0 0 0 0 0 0 13 0 0 0 0 0 2 0 0 0 0 0 0 0 0 0 0 0 0 0 0 0 0 2 30 24 1 3 18 16 10 25 16 40 1 0 23 27 3 9 0 1 17 9 0 1 0 0 8 0 0 0 0 0 0 11 8 0 0 0 9 12 0 0 0 0 0 0 0 0 0 2 0 0 0 0 0 0 0 0 0 0 0 0 21 0 0 0 0 0 0 0 0 0 0 0 4 4 0 155 0 1 13 4 0 0 0 0 0 0 0 0 0 0 0 0 0 0 0 0 0 8 0 10 0 0 0 0 1 0 0 14 
 0 76 0 33 21 100 2 74 0 0 20 74 0 0 0 3 75 105 0 0 138 124 119 69 55 252 137 134 138 61 48 23 76 82 292 44 42 262 0 216 0 32 0 3 0 0 0 0 0 0 2 0 1 3 0 2 0 0 0 0 2 0 0 3 0 0 0 0 0 3 0 3 0 0 0 0 0 2 0 0 10 0 12 13 11 1 0 9 0 3 22 23 0 0 0 12 12 15 2 0 35 20 0 61 0 0 23 0 15 11 0 0 32 10 31 13 14 14 9 29 0 0 0 0 0 0 0 0 10 0 0 0 0 0 0 0 0 0 0 19 0 0 0 0 0 0 0 0 0 0 1 0 0 0 0 0 0 1 0 0 13 12 0 13 12 2 0 0 0 0 9 5 0 12 27 9 22 0 0 0 10 0 12 0 0 0 0 0 29 0 10 0 19 4 0 0 0 12 34 0 0 0 0 0 0 0 0 0 0 0 0 0 0 0 0 0 0 0 0 0 0 0 0 0 0 0 0 0 0 0 0 0 0 0 0 0 0 0 0 0 0 0 0 0 0 0 26 0 0 72 0 0 0 0 6 0 2 38 3 0 2 0 0 0 0 0 0 0 0 0 0 0 0 0 0 12 0 0 0 0 0 0 0 0 0 0 0 0 0 0 
 0 76 0 109 0 73 0 0 0 35 0 62 0 0 0 0 105 0 0 74 117 131 44 73 84 273 56 41 179 177 66 446 129 87 154 232 36 258 216 0 0 0 0 0 0 0 0 0 0 0 2 0 0 3 0 0 0 0 0 0 2 5 0 3 0 0 0 0 0 3 0 3 0 0 0 0 0 0 0 0 11 18 0 60 10 20 0 0 0 18 0 26 0 0 0 0 0 0 0 0 0 21 0 0 12 10 0 25 13 0 0 0 22 14 12 0 19 0 24 20 0 0 0 0 0 0 0 0 0 0 0 0 11 0 2 0 0 0 0 0 0 1 1 0 0 0 0 0 0 0 0 0 0 10 0 0 0 4 0 0 0 0 0 26 16 21 3 0 0 0 21 12 0 0 0 9 17 0 0 0 48 0 21 0 0 0 9 0 75 0 0 12 0 7 18 9 12 36 29 31 0 0 0 0 0 0 0 0 0 0 0 0 0 0 0 0 0 0 0 0 0 0 0 0 0 0 0 0 0 0 0 0 0 0 0 0 0 0 0 0 0 0 0 0 0 0 0 2 1 0 0 0 0 0 4 3 2 0 74 0 3 0 0 0 0 0 0 0 0 0 0 0 0 0 0 12 18 0 0 0 0 0 0 0 0 0 0 0 0 0 
 0 1 0 0 0 0 0 0 0 0 0 0 0 0 0 0 0 0 0 0 3 1 0 0 4 0 0 1 0 63 0 63 1 0 0 0 4 9 0 0 0 110 229 134 256 43 225 139 107 396 98 248 125 185 95 115 102 139 43 50 0 0 0 0 0 0 0 0 0 0 0 0 0 0 0 0 0 7 0 0 0 0 0 0 0 0 0 0 0 0 0 0 0 0 0 0 0 0 0 0 0 0 1 0 0 10 7 0 0 2 0 0 0 0 1 1 0 1 0 0 0 17 7 16 1 4 3 34 7 27 0 9 0 0 12 10 30 20 16 11 0 0 0 4 0 0 7 0 0 0 0 0 0 0 0 0 0 0 0 28 0 0 0 0 0 0 0 0 0 0 0 0 15 0 0 0 0 3 0 0 0 3 0 13 9 0 0 0 0 15 18 7 1 0 0 0 6 0 0 0 8 4 23 7 43 21 9 10 0 11 1 1 13 0 26 67 12 7 1 11 0 0 0 0 0 0 0 0 0 0 0 0 10 0 0 0 0 0 10 0 0 0 21 0 0 0 0 0 0 0 0 0 0 2 0 0 0 0 0 1 0 0 0 1 1 2 2 2 2 0 9 0 0 0 0 0 0 0 0 0 0 11 0 0 17 10 0 0 0 0 
 0 62 0 2 29 63 0 63 1 0 28 1 0 0 0 0 1 0 0 0 2 13 0 0 2 0 0 0 0 21 0 0 4 10 0 0 0 5 32 0 110 0 159 55 118 59 148 203 156 107 322 43 82 104 267 90 704 86 53 190 0 0 0 0 0 0 0 0 0 0 0 0 52 0 0 0 0 0 21 0 0 0 3 15 0 0 0 8 0 0 0 0 0 0 0 12 14 1 0 0 2 1 10 0 0 0 15 0 0 0 0 0 1 0 0 0 0 3 13 11 0 39 2 0 28 43 3 17 0 6 0 0 0 0 0 31 4 10 6 19 15 0 0 0 0 0 7 0 0 0 0 0 0 0 0 0 0 0 10 0 12 18 0 16 18 0 0 0 0 0 2 0 3 18 19 11 0 4 0 0 0 0 0 5 0 0 5 0 0 0 0 11 3 0 14 6 11 0 3 0 0 0 0 0 20 15 0 20 9 1 0 0 0 0 0 0 0 19 0 0 0 0 0 0 0 0 18 1 9 0 0 0 32 0 0 0 0 0 0 0 0 0 4 0 0 0 0 0 0 63 0 2 1 0 0 0 0 1 0 9 0 0 0 0 71 0 0 0 0 0 0 0 0 0 0 16 0 0 0 0 0 0 0 0 1 0 0 0 1 0 
 0 1 0 0 0 0 0 0 0 0 0 0 0 0 0 0 0 0 0 0 0 0 0 0 59 81 0 0 0 2 0 0 1 0 0 0 0 0 0 0 229 159 0 309 286 29 198 140 204 197 54 40 142 155 325 148 56 117 116 39 0 0 0 0 0 0 0 0 0 0 0 0 0 0 0 0 0 2 0 0 0 0 0 0 0 0 0 0 0 0 0 0 0 0 0 0 0 0 0 0 0 0 1 0 0 10 0 0 0 0 0 0 0 7 0 0 0 0 0 0 29 15 9 52 0 20 0 34 43 32 0 7 17 10 31 0 19 9 32 10 0 0 0 5 0 0 0 0 0 0 0 0 0 7 0 0 0 0 0 0 0 0 0 3 0 0 0 0 0 0 0 0 5 0 0 3 0 0 0 0 0 0 0 0 6 16 0 0 0 1 0 0 0 0 0 0 0 0 0 0 26 0 13 0 27 17 0 13 0 21 1 1 1 16 50 23 0 1 9 15 0 0 0 0 0 0 0 0 0 0 0 0 0 0 0 0 0 0 15 0 0 0 19 0 0 0 0 0 0 0 0 0 0 0 0 0 0 0 0 16 0 0 0 0 0 4 0 0 0 0 19 0 0 0 0 0 0 0 0 0 0 0 0 0 16 13 0 0 2 0 
 0 4 72 64 0 0 0 0 62 0 0 0 0 0 0 0 0 0 0 0 0 0 0 0 0 0 0 7 0 2 0 0 0 0 0 0 0 0 3 0 134 55 309 0 187 33 75 232 145 175 122 313 65 92 50 47 302 122 93 220 53 0 0 3 0 1 1 1 1 0 0 1 0 0 0 0 3 8 50 0 0 0 0 0 0 0 0 0 0 0 0 0 0 0 0 0 0 0 0 0 0 0 0 0 0 0 0 0 0 0 3 0 0 0 0 0 0 0 0 0 0 6 0 13 0 0 0 17 0 19 12 13 0 16 0 10 10 6 0 0 0 0 0 6 0 0 20 0 0 1 0 0 0 0 0 7 0 0 10 0 0 0 0 0 0 0 0 0 0 0 0 0 0 13 0 0 0 0 0 0 0 0 0 0 0 0 0 0 0 0 0 0 0 0 0 0 0 0 0 3 0 0 20 0 10 5 0 0 6 6 19 0 10 0 15 10 7 9 0 0 0 0 40 1 6 0 9 0 0 0 1 0 0 20 0 0 15 0 0 27 0 0 9 0 0 0 0 0 0 0 0 6 0 0 0 0 0 0 0 13 0 0 36 1 0 25 2 65 1 0 1 0 0 0 0 0 0 0 0 0 0 0 0 0 0 13 0 0 2 0 
 0 2 0 2 0 0 0 0 0 0 0 80 0 0 0 0 0 0 0 4 0 0 0 0 0 0 0 0 0 0 56 0 0 0 0 2 1 0 0 0 256 118 286 187 0 65 122 156 296 186 165 184 68 83 196 80 57 52 98 75 52 0 0 0 0 5 0 0 1 1 0 6 8 0 0 0 0 0 95 0 0 0 0 0 0 0 0 0 0 0 0 0 0 0 0 20 0 0 0 0 0 0 0 0 0 0 0 0 0 0 0 0 0 0 0 0 0 0 0 0 0 0 11 0 12 0 0 0 0 0 21 28 0 0 0 0 0 0 0 0 13 9 0 1 0 0 37 1 13 4 0 24 0 0 0 5 6 0 21 23 0 0 0 0 0 0 0 0 0 0 9 0 0 7 0 0 0 0 0 0 0 0 0 0 0 0 0 0 0 0 0 0 0 0 0 0 0 0 0 0 0 8 14 5 0 25 0 21 24 18 20 21 0 0 0 0 0 0 0 0 1 0 56 0 4 16 32 0 0 13 15 0 0 32 27 1 4 0 0 38 0 0 0 0 0 0 0 0 0 0 0 0 0 0 0 0 0 0 0 1 0 0 36 65 53 25 0 0 0 0 3 0 0 0 0 4 0 0 0 0 0 0 0 0 23 4 0 0 1 0 
 0 0 0 0 0 0 0 0 0 0 0 0 0 1 0 0 0 0 0 0 0 0 0 0 0 10 0 0 0 2 1 0 0 0 0 2 0 0 0 0 43 59 29 33 65 0 41 33 243 54 80 118 34 52 54 70 45 63 53 29 2 57 0 51 0 0 1 132 69 58 0 2 59 52 54 50 24 0 3 53 0 0 0 0 0 0 0 0 0 0 0 0 0 0 0 0 0 0 0 0 19 0 0 0 0 0 0 0 0 0 0 0 0 0 0 0 0 0 0 0 0 0 0 0 13 15 15 6 10 0 1 0 0 12 0 0 14 4 0 0 0 20 0 33 3 0 0 20 10 23 8 0 72 21 8 14 1 9 0 1 0 0 12 0 0 0 0 6 5 0 0 0 0 0 0 0 0 0 0 0 0 0 0 0 0 0 0 0 0 0 0 0 0 0 0 0 0 0 0 0 0 0 13 7 12 0 7 3 0 0 12 12 0 0 0 5 0 26 0 5 25 19 30 10 29 0 4 27 10 0 1 0 12 0 0 0 24 6 29 20 3 0 0 0 0 0 0 0 0 0 0 0 0 10 0 0 0 0 0 0 0 18 0 0 0 6 6 0 0 0 0 0 0 0 0 0 0 0 0 0 0 0 1 0 0 0 0 0 0 0 
 0 0 0 0 0 0 0 0 0 0 0 0 0 0 0 0 0 0 0 2 5 63 66 0 61 3 0 0 0 0 0 0 0 0 0 0 24 30 0 0 225 148 198 75 122 41 0 91 35 87 325 102 256 330 70 251 31 48 58 117 0 0 0 0 0 0 0 0 0 0 0 1 0 6 0 0 0 0 4 0 0 0 0 0 0 0 0 0 0 0 0 0 0 0 0 0 0 0 0 0 0 7 0 26 0 28 0 0 0 0 0 0 0 0 0 0 0 0 0 0 13 20 0 5 19 6 19 0 8 14 0 0 16 41 20 0 0 1 19 39 0 0 0 8 0 0 0 0 10 0 0 0 0 0 0 0 0 0 0 1 9 0 0 0 0 0 1 0 0 0 0 0 6 0 0 5 0 5 0 0 0 0 0 0 7 8 0 0 22 10 1 0 0 0 0 0 0 8 0 0 36 25 5 0 0 0 0 39 0 31 32 17 1 22 15 17 1 22 3 13 0 0 0 0 0 0 0 0 0 0 0 0 0 0 0 0 0 0 15 0 0 0 0 0 0 0 0 0 0 0 0 8 0 0 0 0 0 63 0 8 0 0 2 0 0 2 2 0 0 0 23 0 0 0 0 0 0 0 0 0 0 0 0 0 0 0 8 0 2 0 
 2 0 0 0 0 0 0 0 98 0 0 0 0 0 2 0 0 0 0 0 0 1 0 62 66 143 0 2 0 0 3 62 0 0 0 1 0 0 0 0 139 203 140 232 156 33 91 0 175 154 321 41 540 331 70 327 290 377 396 280 0 0 0 0 0 15 0 0 0 0 0 0 0 0 0 0 0 10 0 0 0 0 0 0 0 0 0 1 0 0 0 0 0 0 0 0 0 0 0 0 0 0 0 0 0 0 0 0 0 0 0 0 0 0 0 0 0 1 0 0 23 13 0 4 13 12 9 8 14 6 0 25 36 14 18 45 24 16 1 15 0 0 0 0 4 0 0 0 0 0 0 0 0 0 0 0 0 0 0 8 0 0 0 0 0 0 0 0 0 0 0 0 0 0 0 0 0 1 20 0 0 0 0 0 0 13 0 0 0 0 0 0 0 0 0 0 0 0 0 0 0 15 24 20 12 0 0 14 35 5 13 0 22 0 6 0 5 8 1 75 0 0 0 0 0 0 0 0 5 0 0 0 0 0 0 0 0 0 0 0 0 0 2 0 0 0 0 0 1 0 0 20 0 0 0 0 0 0 1 0 0 0 2 0 0 2 2 4 0 0 0 0 0 0 0 0 0 0 0 0 0 0 0 0 0 0 0 0 2 9 
 0 0 0 0 0 0 0 0 0 0 0 0 0 0 0 0 63 0 0 0 0 0 0 0 0 0 0 0 0 0 0 0 0 0 0 0 81 0 0 0 107 156 204 145 296 243 35 175 0 76 149 101 80 177 253 185 240 118 117 273 0 0 0 0 0 0 0 0 0 0 4 0 51 0 0 0 0 0 53 0 0 0 0 4 0 0 0 0 0 0 0 0 0 3 0 0 0 0 0 0 0 0 0 0 0 0 0 0 0 0 0 0 0 0 0 0 0 0 0 0 0 42 6 0 15 58 0 8 0 0 1 31 0 8 12 33 14 53 0 0 22 1 0 0 0 0 17 0 0 0 0 0 0 16 0 0 0 0 10 9 0 0 0 0 0 0 0 0 0 0 0 0 0 2 0 0 0 0 0 0 0 0 0 0 0 0 0 0 7 0 0 0 0 0 0 0 0 0 0 0 0 6 0 4 0 23 0 0 19 23 38 0 0 0 0 30 38 1 0 0 0 0 0 0 0 0 0 0 42 0 0 0 32 7 10 0 0 0 13 1 0 0 0 0 0 0 0 0 0 0 0 2 0 0 0 0 0 0 0 1 0 0 1 63 2 9 0 0 0 0 0 0 0 0 0 0 0 0 0 0 0 0 0 0 0 0 0 0 2 0 
 0 1 0 0 0 0 0 0 0 0 0 0 0 3 0 0 0 0 0 0 1 0 207 0 0 0 0 0 0 210 0 0 0 0 205 0 0 0 0 0 396 107 197 175 186 54 87 154 76 0 234 255 142 164 343 403 221 176 80 94 0 3 0 0 0 3 0 1 0 3 0 0 0 0 0 4 51 7 4 3 0 0 0 0 0 0 0 0 0 0 0 0 0 0 0 0 0 0 0 0 0 0 0 0 0 0 0 0 0 0 0 0 0 0 0 0 0 0 0 0 0 34 3 30 17 9 11 33 7 20 15 0 0 0 0 16 25 0 0 0 0 0 3 4 4 1 8 0 0 0 0 3 0 3 4 0 0 0 0 10 0 0 0 0 0 0 0 0 0 0 0 0 0 0 0 0 0 1 0 0 0 0 0 0 0 0 0 0 0 0 0 0 0 0 0 0 0 0 0 0 8 0 25 24 65 15 0 0 24 22 11 19 0 7 26 15 1 11 0 0 10 0 0 0 0 0 7 7 0 0 0 4 1 0 5 10 0 2 19 5 0 0 12 0 0 0 0 0 0 0 0 0 0 0 0 0 0 0 0 15 0 0 0 1 72 1 2 64 0 0 13 0 0 0 0 0 0 0 0 0 0 0 0 0 31 6 0 10 1 0 
 0 0 4 0 0 0 0 0 0 0 0 0 0 0 0 0 0 0 0 0 5 2 3 2 2 2 2 2 2 4 2 2 2 2 2 70 2 2 2 2 98 322 54 122 165 80 325 321 149 234 0 193 32 312 197 375 212 123 43 56 1 0 0 0 0 3 18 0 0 0 0 0 0 0 0 0 0 5 53 0 0 0 21 2 0 0 0 0 0 0 0 0 0 0 0 0 0 10 0 0 0 0 0 0 0 0 0 0 0 0 0 0 0 0 0 0 0 0 0 0 0 34 16 19 10 0 0 15 17 17 5 13 0 0 0 8 9 13 0 0 0 0 0 2 0 0 4 0 0 0 0 0 6 0 0 0 0 0 3 0 0 0 0 0 0 0 0 0 0 0 0 0 0 15 0 0 0 0 0 0 0 0 0 0 3 0 0 0 0 0 0 0 0 0 0 0 0 0 0 20 0 6 26 9 21 18 0 0 28 45 43 14 0 0 21 12 18 2 0 0 6 5 20 0 0 0 0 4 0 0 0 12 24 0 25 0 0 0 16 23 0 0 16 0 0 0 0 0 0 0 0 3 0 0 0 0 0 0 0 12 0 0 0 33 33 32 1 66 0 1 25 0 0 0 0 0 0 0 0 0 0 0 0 0 26 13 0 0 2 0 
 3 5 3 48 3 3 3 3 3 4 3 3 3 3 3 3 4 3 3 3 0 0 0 0 0 0 0 0 0 2 0 0 0 0 0 0 0 0 0 0 248 43 40 313 184 118 102 41 101 255 193 0 24 108 99 113 139 78 42 21 50 0 0 0 0 0 0 57 0 50 0 0 2 0 61 0 52 0 127 0 0 0 0 0 0 0 0 1 0 5 0 0 0 0 0 0 0 0 0 0 0 0 0 0 0 0 0 0 0 0 0 0 0 0 16 0 0 0 0 0 0 18 6 15 15 0 0 0 12 0 0 11 0 0 0 0 0 26 0 0 0 10 0 11 0 0 0 56 16 0 0 0 7 0 0 5 29 24 9 32 0 0 0 0 0 0 0 0 0 0 0 0 0 0 0 0 0 0 0 0 0 0 0 0 0 0 0 0 0 0 0 0 0 1 0 0 0 0 0 0 0 14 11 6 8 13 0 0 7 8 20 41 0 0 1 10 10 0 0 0 0 0 14 0 0 0 32 0 17 15 15 0 31 0 11 0 0 12 41 22 0 0 0 0 0 0 0 0 0 0 0 7 0 0 0 0 0 0 1 17 0 0 10 5 0 10 8 2 0 0 24 0 0 0 0 0 0 2 0 0 0 0 0 0 0 0 0 0 0 0 
 0 0 0 1 0 5 0 64 0 0 0 0 0 0 0 0 0 0 0 0 0 69 88 64 126 62 5 62 0 6 0 63 6 6 0 1 82 22 1 0 125 82 142 65 68 34 256 540 80 142 32 24 0 78 42 133 40 150 147 86 0 0 0 0 0 0 0 0 0 0 0 0 0 3 0 0 0 2 16 0 0 0 0 0 0 0 0 0 0 0 0 1 0 0 0 0 0 0 0 0 9 6 15 10 0 10 7 0 1 0 0 24 0 5 0 0 0 22 0 0 14 5 0 0 7 0 12 20 15 4 19 7 21 10 10 0 8 0 12 10 0 0 0 9 0 0 0 0 0 0 8 20 0 0 0 0 0 0 0 0 0 0 0 0 0 0 0 0 0 0 0 0 0 0 0 0 0 0 0 0 0 0 0 16 31 0 2 0 5 24 0 3 9 1 7 9 30 6 0 6 40 7 26 0 18 0 0 11 0 13 0 0 15 22 24 0 0 7 15 26 0 0 9 0 0 0 0 0 0 0 0 0 0 0 0 0 0 0 38 0 0 0 0 0 0 0 0 0 0 0 0 1 0 0 0 0 0 62 2 2 10 0 0 0 0 0 2 0 0 0 7 0 0 0 0 1 0 0 0 0 0 0 0 0 15 0 0 0 0 0 
 2 0 0 2 1 0 2 2 0 2 2 2 0 2 2 0 2 2 2 2 3 1 3 3 1 1 3 4 2 4 1 2 2 1 2 2 2 1 3 3 185 104 155 92 83 52 330 331 177 164 312 108 78 0 104 39 34 305 72 108 0 0 0 1 0 0 0 0 0 0 0 0 1 0 0 0 0 0 50 0 0 0 0 0 0 0 0 0 0 0 0 0 0 0 0 0 0 0 0 0 0 0 0 0 0 0 0 0 0 0 0 0 0 0 0 0 0 0 0 0 7 7 7 21 22 17 13 13 8 24 0 0 0 14 9 0 9 11 0 13 0 0 0 2 0 0 1 0 0 0 0 0 0 0 0 0 0 0 0 1 0 0 0 0 0 0 0 0 0 0 0 0 8 0 0 6 0 7 0 0 0 0 0 0 0 15 0 0 0 1 7 0 0 0 0 0 0 0 0 0 19 0 0 0 10 6 0 50 0 22 9 10 0 1 20 31 1 21 0 0 0 3 0 0 0 0 0 0 0 0 0 0 0 0 0 0 29 0 7 0 0 0 10 0 0 0 1 0 2 0 0 0 0 1 0 0 0 2 2 21 0 0 1 0 0 2 1 0 0 2 5 0 0 0 0 0 0 0 0 0 0 0 1 0 0 0 0 0 0 0 
 0 0 0 0 0 0 0 0 3 0 0 0 0 0 0 0 0 0 0 0 0 0 207 0 0 6 0 0 0 243 0 27 0 0 208 0 1 0 0 0 95 267 325 50 196 54 70 70 253 343 197 99 42 104 0 98 105 103 95 99 1 3 23 0 15 0 0 16 3 0 2 0 4 1 3 0 2 0 60 0 0 0 0 0 0 0 0 0 0 0 0 0 7 0 0 0 29 0 0 0 0 0 0 0 0 0 0 0 0 0 0 0 0 0 0 0 0 0 0 0 12 12 26 11 38 16 9 12 0 24 0 0 0 14 11 16 12 17 0 12 17 4 0 6 1 0 9 0 0 0 2 0 0 1 0 4 3 4 15 2 0 0 0 0 0 0 0 0 0 0 0 0 6 0 0 5 0 5 0 0 0 0 0 0 0 8 0 0 0 0 0 1 0 0 0 0 0 0 0 0 13 0 3 0 10 18 0 19 10 12 20 18 0 0 19 13 1 22 1 0 0 3 0 1 1 0 3 0 23 0 0 0 14 0 19 6 0 0 0 1 0 0 11 0 0 0 0 0 0 0 0 0 0 0 0 0 0 0 1 8 0 0 2 0 87 1 0 0 0 0 0 0 0 0 0 0 0 0 0 0 0 0 0 0 0 0 0 0 2 0 
 0 0 0 0 0 0 0 0 0 0 0 0 0 0 0 0 0 0 0 0 0 0 0 0 64 20 0 0 0 2 0 0 0 0 0 0 0 0 2 0 115 90 148 47 80 70 251 327 185 403 375 113 133 39 98 0 76 118 51 136 0 4 5 0 0 0 5 0 0 6 6 0 1 0 0 2 0 5 6 3 0 0 0 0 0 0 0 0 0 0 0 0 0 0 0 0 0 0 0 0 0 0 0 0 0 0 0 0 0 0 0 0 0 0 0 0 0 2 0 0 22 21 15 19 0 18 0 0 18 12 10 43 21 10 13 14 25 32 0 0 0 0 2 1 8 6 30 1 1 0 0 6 0 20 5 1 0 1 0 13 0 0 0 0 0 0 0 0 0 1 0 0 0 0 0 0 0 0 0 0 0 0 0 0 0 0 0 0 0 0 0 0 0 0 0 0 0 0 0 0 15 17 21 18 1 26 0 0 47 21 24 0 13 8 30 19 54 16 7 8 0 0 0 0 0 0 0 0 0 0 0 5 23 13 9 1 0 2 4 8 0 0 0 0 0 0 0 0 0 0 0 0 0 0 0 0 0 0 0 1 0 0 0 64 0 4 1 0 2 0 0 0 0 0 0 0 0 0 0 0 0 0 0 0 0 22 0 0 2 0 
 0 2 0 0 0 0 0 0 0 0 0 0 0 0 0 0 0 0 0 0 0 0 0 0 0 63 0 1 0 0 0 0 0 0 0 3 1 0 0 0 102 704 56 302 57 45 31 290 240 221 212 139 40 34 105 76 0 55 294 207 0 0 0 0 0 43 0 0 0 0 0 0 24 0 205 0 0 5 52 0 0 0 0 0 0 0 0 0 0 0 0 0 0 0 0 0 0 0 0 0 0 0 0 0 0 0 0 0 0 0 0 0 0 0 0 0 0 0 0 0 0 44 15 0 11 8 0 6 0 1 0 25 0 26 0 45 13 47 0 15 13 0 0 0 0 0 4 0 0 0 0 0 0 24 0 7 0 0 11 7 0 0 0 0 0 0 0 0 0 0 0 0 0 0 0 0 0 0 0 0 0 0 0 0 0 0 0 0 0 0 0 0 0 0 0 0 0 0 0 0 0 7 28 15 1 18 0 0 31 54 45 0 0 0 4 9 19 9 0 14 0 0 1 0 0 0 0 0 26 0 0 0 37 0 9 0 0 0 0 7 0 0 1 0 0 0 0 0 0 0 0 2 0 0 0 0 0 0 0 0 0 0 0 63 1 4 2 35 1 0 0 0 0 0 0 0 0 0 0 0 0 0 0 0 0 13 0 0 2 0 
 0 0 0 0 0 0 0 0 0 0 0 0 0 0 0 0 0 0 0 0 8 0 6 0 2 0 0 14 9 2 1 0 0 0 0 0 4 0 0 0 139 86 117 122 52 63 48 377 118 176 123 78 150 305 103 118 55 0 33 249 0 21 0 0 0 0 0 2 0 0 0 0 0 0 0 0 50 23 1 207 0 0 0 0 0 0 0 25 0 0 0 0 0 0 0 0 0 0 0 0 0 0 0 0 8 0 0 0 0 2 26 0 0 0 27 8 0 0 0 0 15 51 0 38 43 12 10 67 2 40 23 0 0 10 5 24 59 18 0 8 0 0 0 0 0 0 0 0 0 0 0 0 0 0 0 0 0 0 0 6 0 0 0 0 0 0 0 0 0 0 0 0 0 0 0 0 0 3 0 0 0 4 0 0 0 0 0 0 0 0 0 0 0 11 0 0 0 0 17 0 2 0 46 8 60 10 0 0 0 0 12 0 18 6 54 10 14 59 22 0 0 0 0 0 0 0 10 0 0 0 0 0 2 0 1 0 0 0 1 1 0 0 8 0 0 0 0 0 0 0 0 5 0 0 0 0 0 0 4 3 0 1 0 0 2 0 1 1 1 0 0 0 0 0 0 0 0 4 0 0 0 6 0 0 17 0 0 0 0 18 
 0 0 0 0 0 0 0 0 0 0 0 0 0 0 0 4 0 0 0 62 67 63 125 1 205 80 0 62 0 1 0 66 0 67 23 27 0 54 0 0 43 53 116 93 98 53 58 396 117 80 43 42 147 72 95 51 294 33 0 238 0 0 0 0 0 0 0 0 0 0 0 0 0 50 11 0 0 0 1 0 0 0 0 0 0 0 0 0 0 0 0 0 0 0 0 0 0 0 0 0 0 7 1 0 0 18 0 0 0 0 45 27 0 0 0 1 0 2 0 0 11 0 0 7 0 0 6 0 7 10 0 11 6 1 6 0 8 1 4 1 0 0 0 0 0 0 0 0 0 0 12 0 0 0 0 0 0 0 21 4 0 0 0 0 0 0 0 0 0 0 0 0 0 0 0 0 0 0 0 0 37 0 0 7 0 8 0 1 1 33 0 9 0 0 18 7 6 16 0 0 12 0 1 0 13 0 39 1 0 1 0 0 12 0 21 0 7 0 0 14 0 0 0 0 0 0 0 0 0 0 0 0 0 0 0 0 0 0 0 0 0 0 0 0 0 0 0 0 0 0 0 0 0 0 0 0 0 62 0 0 11 14 0 0 0 2 0 0 0 0 0 0 0 0 0 0 0 0 0 0 0 0 0 0 0 0 4 0 0 0 
 0 0 0 0 6 2 0 0 0 0 2 0 1 0 1 0 0 0 0 7 0 0 0 119 251 65 0 0 0 1 19 194 0 0 0 0 0 24 0 0 50 190 39 220 75 29 117 280 273 94 56 21 86 108 99 136 207 249 238 0 0 2 0 0 5 2 1 0 0 0 3 0 0 1 4 1 0 2 0 1 0 0 0 0 0 0 0 0 0 0 0 0 0 0 0 0 0 0 0 0 0 0 0 0 11 29 0 0 0 0 16 9 0 0 0 0 0 4 0 0 41 0 0 22 0 0 9 0 9 0 0 15 44 45 30 1 17 0 25 29 0 0 0 0 0 0 0 0 0 0 0 0 0 0 0 0 0 0 0 0 0 0 0 0 0 0 0 0 0 0 0 0 0 0 0 0 0 0 0 0 0 0 0 32 0 15 0 0 0 0 1 0 0 0 0 0 0 0 0 0 13 27 12 0 0 0 8 46 16 12 0 0 2 30 7 0 1 0 1 32 0 0 0 0 0 0 0 0 0 0 0 0 0 0 0 0 0 0 0 0 0 0 1 0 0 0 0 0 0 18 0 0 0 1 0 0 0 0 2 2 13 0 0 0 3 3 2 0 0 0 0 0 0 0 0 0 0 10 0 0 0 2 0 0 0 0 0 0 0 0 
 0 0 0 2 0 0 0 0 0 0 0 0 0 0 0 0 0 0 0 0 2 2 2 2 2 2 2 2 2 2 2 2 2 2 2 2 2 2 2 2 0 0 0 53 52 2 0 0 0 0 1 50 0 0 1 0 0 0 0 0 0 484 165 278 268 246 116 213 128 50 106 27 86 369 320 30 109 23 35 123 0 0 0 0 0 0 0 0 0 0 0 0 0 0 0 0 0 0 0 0 0 0 0 0 0 0 0 0 0 0 0 0 0 0 0 0 0 0 0 0 0 0 0 0 8 0 0 0 0 0 8 0 0 0 0 7 0 0 0 0 0 26 33 41 7 27 0 0 9 3 5 21 5 0 0 4 27 5 0 0 0 0 0 0 0 0 0 9 28 0 0 0 0 0 0 0 0 0 0 14 0 0 0 0 0 0 0 0 0 0 0 0 0 0 0 0 0 0 0 0 0 0 0 9 9 12 0 0 0 0 0 10 0 0 0 0 0 0 0 0 23 15 8 16 0 0 22 12 28 11 36 2 0 5 10 38 2 0 1 8 0 0 0 0 0 0 0 0 0 2 0 0 0 0 15 0 0 0 0 0 0 0 77 0 0 0 9 0 0 0 3 2 1 17 0 0 0 0 0 0 0 0 0 0 0 1 0 34 7 0 
