 0 215 674 60 21 238 319 148 31 372 288 51 199 61 162 37 119 227 133 224 0 2 0 0 3 0 0 2 3 0 0 0 1 0 1 0 76 7 0 0 0 0 0 0 0 0 0 0 0 0 0 0 2 0 0 8 0 3 2 0 0 0 3 2 0 0 0 3 0 0 0 2 1 1 0 0 0 0 1 0 21 34 29 27 11 0 9 15 33 42 31 14 3 29 20 31 12 3 0 0 0 0 0 0 0 0 12 0 0 0 0 0 0 0 0 0 0 0 14 14 0 0 0 0 0 0 0 0 0 0 0 0 0 0 0 0 0 0 0 0 0 0 0 0 0 2 0 0 6 0 0 0 0 0 0 0 0 0 3 0 29 40 22 10 0 14 13 25 0 26 21 0 31 28 6 41 14 13 0 0 0 0 0 0 0 0 0 0 0 0 0 0 0 0 0 0 0 0 44 1 0 0 0 0 0 0 0 0 0 0 0 0 0 0 0 0 0 0 0 0 0 0 0 0 0 0 0 0 0 0 0 0 0 0 0 0 0 0 0 0 0 0 0 0 0 0 3 0 91 46 0 5 0 0 0 0 0 0 0 0 0 0 0 0 0 0 0 0 0 0 0 0 0 0 0 1 0 0 0 0 0 0 0 18 0 0 0 0 0 0 
 215 0 582 60 37 52 106 328 75 208 222 146 61 156 456 124 335 50 399 73 78 3 31 0 3 0 0 0 4 0 0 0 0 0 0 2 0 2 1 1 0 0 2 0 0 0 0 66 0 0 0 0 2 0 0 21 0 3 2 0 0 0 2 3 0 0 0 9 0 6 0 0 0 0 0 0 0 0 0 0 4 44 10 19 20 0 12 14 27 12 1 27 28 10 0 22 20 42 16 0 0 0 37 0 0 0 14 0 0 0 0 0 19 0 0 0 0 0 10 2 2 0 0 0 0 2 0 0 0 0 0 0 0 0 0 0 0 0 0 0 0 0 0 0 0 4 0 0 8 1 0 0 0 0 0 0 0 2 0 0 38 44 9 0 29 1 32 0 17 10 19 0 0 44 10 37 9 0 0 18 0 1 0 0 0 1 0 22 0 0 0 0 0 1 13 0 0 0 0 0 0 0 0 0 0 0 0 0 0 2 0 0 0 0 0 0 0 0 0 0 0 0 0 0 0 0 0 1 0 0 0 0 2 0 0 10 0 15 0 0 0 0 0 0 0 0 0 0 0 0 0 2 0 0 0 0 0 0 0 0 0 0 0 0 0 0 0 0 0 0 0 0 0 0 0 10 0 1 0 0 0 0 0 0 0 0 0 0 0 0 
 674 582 0 105 48 274 440 316 99 563 222 136 361 140 141 139 272 273 134 220 0 3 0 77 3 2 0 0 3 0 0 0 0 0 0 0 0 0 2 6 0 0 0 0 0 0 0 0 0 0 0 0 2 0 0 0 0 3 2 0 0 0 2 3 0 0 0 5 0 1 0 0 0 0 0 24 0 0 0 0 13 14 28 50 34 0 14 2 25 13 13 26 72 10 41 40 27 36 0 0 0 0 0 0 0 0 14 0 0 0 0 0 2 0 0 1 0 0 10 0 0 0 0 0 0 0 0 0 0 0 0 0 0 0 0 0 0 0 0 0 0 0 0 0 0 4 0 0 6 0 0 0 0 0 0 0 1 0 0 0 15 21 3 17 20 1 14 0 11 22 49 1 17 2 7 11 20 0 10 1 0 0 0 0 0 0 0 0 0 0 0 0 0 27 22 0 0 0 0 1 0 0 0 0 0 0 0 0 0 0 0 2 0 0 0 0 0 0 0 0 0 0 0 0 0 0 0 0 0 0 0 0 0 0 1 0 0 10 0 0 0 0 0 0 0 0 3 0 0 51 0 17 0 0 0 0 0 0 0 0 0 0 0 0 0 0 0 0 0 0 0 0 0 0 0 16 1 1 0 0 0 0 0 0 0 0 0 0 0 0 
 60 60 105 0 186 139 404 455 237 326 280 296 166 127 185 148 39 385 379 249 0 2 0 0 3 0 0 0 4 0 0 0 0 0 0 0 0 0 77 1 0 0 0 27 0 0 0 0 0 62 0 0 2 0 0 0 0 12 2 0 0 0 3 2 0 0 0 0 0 0 0 2 0 0 0 0 0 0 1 0 47 13 15 33 0 14 1 8 10 43 41 0 0 40 19 15 13 20 0 7 0 0 1 0 0 0 0 0 0 0 0 0 0 0 0 0 0 0 0 0 0 0 0 0 8 0 0 0 14 0 0 1 0 0 0 0 0 0 0 0 5 0 0 0 0 0 0 0 0 0 0 0 0 0 0 0 0 0 0 0 16 28 8 23 36 32 16 27 23 0 21 7 2 40 36 0 0 25 0 0 0 0 0 0 0 0 0 0 0 0 0 0 0 0 1 0 0 0 0 16 0 0 1 0 0 0 0 0 0 0 0 0 0 0 0 0 0 0 0 0 0 0 0 0 0 0 0 0 0 0 0 0 21 0 0 0 0 0 0 0 0 0 3 0 0 1 175 0 93 60 0 5 0 0 0 0 0 0 2 0 1 0 4 0 0 0 0 0 0 0 0 0 0 0 0 0 0 0 0 0 0 2 0 0 0 0 0 0 0 0 
 21 37 48 186 0 170 308 120 217 85 179 52 60 142 287 147 120 67 51 281 74 37 0 2 3 2 61 73 2 0 0 3 76 75 3 1 0 1 83 75 9 3 0 0 0 0 63 4 0 0 0 2 2 0 0 0 0 5 2 2 0 0 2 3 0 0 0 3 0 0 0 0 0 3 0 2 0 0 0 0 0 0 10 19 7 2 0 0 27 2 16 10 0 0 0 0 0 17 0 0 0 6 16 0 0 2 2 0 19 7 0 0 6 28 35 24 0 10 25 4 1 0 0 0 0 0 0 0 0 0 0 0 0 0 0 0 0 0 0 0 0 0 0 0 0 0 0 0 0 2 0 0 0 2 0 0 0 0 6 0 0 3 14 26 0 0 0 0 19 0 0 9 0 14 0 12 22 28 0 0 4 0 0 0 0 0 21 0 0 4 15 1 6 1 11 0 0 0 15 11 0 0 0 0 6 0 0 0 0 0 0 0 0 0 0 0 0 0 0 0 0 0 0 0 0 0 0 2 0 0 0 2 0 0 0 0 0 0 0 0 0 0 0 0 0 2 6 2 1 1 2 5 9 0 0 0 0 0 0 0 0 0 16 0 0 0 0 0 0 0 0 0 0 0 0 0 0 0 0 0 0 8 0 0 0 0 0 0 0 0 
 238 52 274 139 170 0 248 73 180 67 78 101 64 349 348 187 158 67 132 284 147 3 1 0 3 0 73 37 39 28 0 0 79 146 74 83 0 4 64 25 0 0 0 0 0 0 0 0 5 1 0 0 2 5 2 5 0 9 34 0 0 0 3 2 0 0 6 0 0 0 0 0 0 0 0 0 0 0 0 0 0 0 10 22 0 14 0 0 21 0 30 10 0 0 0 0 0 0 0 0 26 0 18 2 0 0 0 0 0 24 0 0 25 0 23 0 0 12 22 14 0 0 0 0 0 0 0 0 4 0 0 0 0 0 2 6 0 0 0 0 0 0 6 0 0 0 0 0 0 0 0 0 0 0 0 1 0 0 0 0 0 0 14 17 22 43 0 0 12 11 0 0 0 2 0 26 9 22 0 0 24 14 0 11 0 0 11 11 0 0 0 2 10 0 0 1 14 0 26 21 0 0 0 0 0 0 0 0 0 0 0 2 0 0 0 0 0 0 0 0 1 0 0 0 0 0 0 0 0 0 0 0 0 2 0 0 0 13 0 0 0 0 0 0 0 2 11 1 0 1 5 12 21 0 0 0 0 75 0 0 0 0 0 0 0 0 0 0 0 0 0 0 0 0 0 14 0 13 0 0 0 0 0 0 0 18 0 0 0 0 
 319 106 440 404 308 248 0 92 47 147 36 56 190 317 241 139 139 124 204 124 3 2 0 0 3 0 1 0 33 0 0 0 0 0 0 3 2 0 4 9 2 2 0 0 0 0 0 0 0 0 0 4 2 1 0 2 0 9 2 2 0 0 3 2 0 0 0 1 0 1 0 3 0 0 0 0 0 0 0 0 67 16 18 13 1 21 0 0 13 12 25 0 4 32 9 11 0 22 0 0 0 0 0 0 2 0 0 0 0 0 0 0 0 0 0 0 0 0 0 0 0 0 0 0 0 0 0 0 0 0 0 0 0 0 14 0 0 0 0 0 0 0 0 0 0 0 0 0 0 0 0 0 0 0 0 15 0 0 0 0 0 5 0 13 21 3 0 15 10 11 19 0 0 12 0 0 3 0 15 29 0 0 0 0 0 0 0 0 0 0 0 0 14 0 0 1 0 0 0 2 0 0 0 0 0 0 0 0 0 21 0 0 0 0 0 0 0 0 0 0 0 0 0 0 0 0 0 0 0 8 0 0 0 0 0 0 0 0 0 0 0 0 0 0 0 0 1 0 4 3 0 2 0 0 0 0 0 0 0 0 0 0 0 0 0 0 0 0 66 0 0 0 0 0 0 0 0 0 0 0 0 0 0 0 0 0 0 0 0 0 
 148 328 316 455 120 73 92 0 366 143 115 123 318 354 441 328 339 328 187 86 3 2 0 0 3 3 5 0 5 0 2 0 207 0 3 3 0 0 20 3 0 0 5 0 0 0 0 3 3 0 0 0 2 0 0 8 0 9 5 2 0 0 7 2 0 2 0 4 2 0 0 0 2 0 4 0 0 0 0 6 2 16 23 8 11 22 0 13 27 32 1 0 0 19 32 9 17 8 0 0 0 0 0 0 0 0 11 0 0 0 15 0 0 2 0 0 0 0 7 20 0 0 0 0 0 0 21 0 12 0 0 0 0 0 0 0 0 0 13 0 0 0 24 0 0 12 0 0 0 0 0 0 0 20 2 0 0 0 0 0 63 10 18 47 1 37 0 12 8 6 14 17 34 31 12 0 1 33 0 0 0 0 0 0 0 0 0 0 0 0 0 0 0 0 0 0 0 0 16 30 0 0 0 0 0 0 0 0 0 1 0 0 0 0 0 0 0 0 0 14 0 0 0 1 0 1 0 0 0 0 0 0 0 0 0 1 0 0 0 0 0 0 0 0 0 2 83 2 2 1 1 5 0 0 0 0 0 0 0 0 0 0 0 0 0 0 0 0 0 0 0 0 0 0 0 0 14 0 0 0 0 0 0 0 0 0 0 0 0 0 
 31 75 99 237 217 180 47 366 0 106 136 261 112 66 194 145 44 147 388 313 0 3 0 0 3 0 0 0 1 0 0 0 148 2 0 0 0 0 74 1 0 0 0 0 0 0 0 0 0 1 0 0 2 0 0 0 0 8 2 0 0 0 2 3 0 0 0 0 0 0 0 0 0 0 0 1 0 0 0 0 0 0 42 35 14 0 0 21 26 13 8 14 0 12 6 0 27 0 0 1 0 18 0 2 0 0 0 0 0 0 0 0 0 19 12 0 0 1 13 54 0 0 0 2 0 0 0 14 10 0 0 0 0 0 0 0 0 0 0 13 0 0 0 13 1 0 0 0 0 1 0 0 0 0 0 1 0 0 2 0 16 1 26 21 0 10 0 0 0 0 0 13 19 15 8 9 30 25 0 6 0 0 0 0 1 0 2 15 0 0 0 0 0 0 0 0 0 0 24 16 0 0 0 0 0 0 0 0 0 0 0 0 0 0 0 0 0 0 0 0 0 0 0 0 0 0 0 0 0 0 0 0 0 2 0 0 0 0 0 0 0 0 0 0 2 0 159 0 1 1 0 8 8 0 0 0 0 0 0 0 0 0 4 0 0 0 0 0 0 0 0 0 0 0 0 0 13 0 0 0 0 0 0 0 0 0 0 0 0 0 
 372 208 563 326 85 67 147 143 106 0 670 45 147 257 130 251 271 330 83 98 0 2 0 0 3 0 0 0 3 0 0 0 0 0 0 0 0 0 96 1 0 0 0 0 0 0 0 0 0 0 0 0 2 0 0 0 1 3 2 0 0 0 3 2 0 0 0 5 0 0 0 2 0 0 0 0 0 0 0 0 1 27 11 32 12 15 1 0 37 22 24 7 16 0 28 58 27 26 0 0 0 0 0 0 0 0 23 0 0 0 0 0 0 0 0 0 0 0 9 1 0 0 0 0 0 0 0 0 0 0 0 0 0 0 0 0 0 0 0 0 0 0 1 0 0 4 0 0 11 0 0 0 0 0 0 0 0 0 0 0 20 28 0 44 14 0 15 0 23 28 29 0 76 22 0 30 18 0 18 0 0 0 0 0 0 0 0 0 0 0 0 0 0 0 0 0 0 0 0 38 0 0 1 0 0 0 0 0 0 0 0 0 0 0 0 0 0 31 0 0 0 0 0 0 0 9 0 0 0 0 0 0 15 0 0 0 0 12 0 0 0 0 0 0 0 0 2 0 48 89 0 5 0 0 0 0 0 0 0 0 0 0 0 0 0 0 0 0 0 0 0 0 0 0 0 16 0 24 0 0 0 0 0 0 0 0 0 0 0 0 
 288 222 222 280 179 78 36 115 136 670 0 193 21 246 141 72 293 522 32 262 2 2 0 0 3 0 0 0 3 0 0 0 75 0 0 0 0 0 0 1 0 0 0 0 0 0 0 0 26 63 0 0 2 0 1 37 0 3 2 0 0 0 3 2 0 0 0 0 0 0 0 0 0 0 0 0 0 0 3 0 0 0 46 46 26 14 0 1 26 16 0 42 0 0 0 23 23 0 0 0 0 12 0 0 0 12 9 0 0 0 0 0 0 8 0 0 0 0 17 44 0 0 0 0 0 0 0 0 0 0 0 0 0 0 0 0 0 0 0 0 0 0 1 0 1 7 0 0 7 0 0 0 0 0 0 0 18 0 8 0 18 19 0 0 12 0 0 0 7 7 13 15 16 0 16 11 0 13 0 3 0 0 0 0 0 0 0 0 0 0 0 0 0 14 8 0 0 0 13 15 0 0 0 0 0 0 0 0 0 0 0 0 0 0 0 0 0 0 0 0 0 0 0 0 10 10 0 0 0 0 0 0 0 0 0 0 0 0 0 0 0 0 0 0 0 1 3 0 1 8 17 6 0 0 0 0 0 0 0 0 0 0 0 0 0 0 0 0 0 0 0 0 0 0 0 0 9 0 0 0 0 0 0 0 0 0 0 0 0 0 
 51 146 136 296 52 101 56 123 261 45 193 0 266 123 510 51 331 360 123 30 72 2 0 0 3 0 0 0 2 0 0 0 92 0 3 0 2 0 23 3 0 0 3 0 0 3 2 0 0 30 0 0 2 0 0 3 3 7 2 0 1 0 3 2 0 3 0 2 0 0 0 0 3 0 1 0 0 0 2 51 0 0 48 10 18 0 0 17 30 31 0 23 0 18 6 12 38 0 0 2 0 15 0 2 0 0 0 0 0 0 0 0 0 0 0 0 7 0 18 40 0 13 0 2 0 0 0 0 13 0 0 0 0 0 0 0 0 0 0 0 0 0 0 0 0 0 0 0 0 0 0 0 0 9 0 0 0 0 2 0 17 0 15 27 10 22 0 3 9 7 6 27 27 20 25 0 1 29 0 4 13 15 0 0 1 0 2 12 0 0 0 0 0 14 8 0 0 0 15 10 0 0 0 0 0 1 0 0 0 0 0 0 0 0 0 0 0 0 0 0 0 0 0 17 0 0 0 0 6 0 0 0 0 2 0 0 0 0 0 0 0 0 0 0 2 0 101 0 0 93 22 15 0 0 0 0 1 0 0 0 0 0 0 0 0 0 1 0 0 0 0 0 0 0 0 0 0 0 0 1 0 0 0 0 0 0 0 0 0 0 
 199 61 361 166 60 64 190 318 112 147 21 266 0 107 48 123 107 85 424 198 0 2 0 0 3 0 0 0 4 0 0 0 4 0 0 0 0 2 0 0 0 0 4 0 0 0 0 0 0 0 0 0 2 0 0 0 0 3 2 0 0 0 3 8 0 0 52 0 0 0 0 1 0 0 0 0 0 0 0 0 30 21 16 10 0 0 15 10 0 20 30 0 30 22 0 12 0 1 1 62 0 0 0 0 0 0 1 0 0 0 0 0 0 0 0 0 0 0 0 0 2 0 0 0 0 2 0 0 0 0 0 0 0 0 0 0 0 0 0 0 0 0 0 0 0 0 0 11 0 1 0 0 0 0 0 0 0 2 0 9 2 10 12 0 0 3 55 11 0 0 0 0 17 0 10 17 31 0 51 8 0 1 0 0 0 0 0 0 0 0 0 0 0 0 0 0 0 0 0 1 0 0 0 0 0 0 0 0 0 0 0 0 0 0 0 0 0 0 0 0 0 0 0 0 0 0 0 1 0 0 0 0 2 0 0 0 0 0 0 0 0 0 0 0 0 1 0 2 104 89 0 7 0 0 0 0 2 0 0 0 0 0 0 0 0 0 0 0 0 0 0 0 0 0 0 0 0 0 0 0 0 0 0 0 0 0 0 0 0 0 
 61 156 140 127 142 349 317 354 66 257 246 123 107 0 112 337 129 74 329 317 0 3 0 0 3 0 0 0 1 0 0 0 0 0 0 0 0 0 93 74 0 0 0 0 0 0 0 0 0 0 0 0 2 0 0 0 0 7 2 0 0 0 2 3 0 0 0 2 0 26 0 0 0 0 0 0 0 0 1 0 17 17 0 13 0 13 15 17 24 27 26 20 0 0 12 0 0 38 20 0 0 0 0 0 0 0 9 0 0 0 0 0 0 0 0 0 0 0 4 0 0 0 0 0 0 0 0 0 13 0 0 0 0 0 0 0 17 0 0 0 0 0 0 0 0 0 0 0 0 7 0 0 0 0 0 0 0 5 0 0 8 42 0 32 16 31 16 41 13 8 46 0 29 19 0 0 0 18 0 34 0 0 0 0 0 0 0 0 0 0 0 0 0 0 1 0 0 0 0 13 0 0 1 0 0 0 0 0 0 0 0 0 0 0 0 0 0 0 0 0 0 0 0 0 0 0 0 8 0 0 0 0 0 0 0 0 0 0 0 0 0 0 0 0 0 2 87 2 89 0 0 18 0 0 2 0 0 0 0 0 0 0 0 0 0 0 0 0 0 0 0 0 0 0 0 0 0 0 0 0 0 0 0 0 0 0 0 0 0 0 
 162 456 141 185 287 348 241 441 194 130 141 510 48 112 0 449 42 80 180 396 0 2 0 0 3 0 0 0 2 0 0 0 1 0 0 0 0 0 73 1 0 0 0 0 0 0 0 0 0 0 0 0 2 0 0 0 1 7 2 0 0 0 2 4 0 0 0 0 0 0 0 0 0 22 0 0 0 0 0 0 0 33 21 19 10 0 2 29 0 50 14 0 13 19 20 16 20 0 31 11 0 0 0 1 0 0 45 0 0 0 0 0 0 0 0 0 0 0 2 16 0 0 0 2 10 0 0 0 11 0 0 0 0 0 0 22 16 0 13 0 0 0 24 0 0 0 0 0 11 0 0 0 0 0 0 0 0 0 2 0 45 18 10 13 14 16 0 20 0 0 24 30 15 14 7 0 20 1 0 0 0 0 0 1 0 0 0 0 0 0 0 0 4 0 0 0 0 0 10 16 0 0 0 0 0 0 0 0 0 1 0 0 0 0 0 0 0 23 0 0 0 0 0 0 0 0 0 0 0 0 0 0 0 2 0 2 0 0 0 0 0 0 0 0 2 2 214 2 2 2 0 18 0 0 0 0 0 0 0 0 0 0 0 0 0 0 0 0 0 0 0 0 0 0 0 0 0 0 0 0 0 0 0 0 0 0 0 0 0 0 
 37 124 139 148 147 187 139 328 145 251 72 51 123 337 449 0 223 120 32 153 4 2 0 0 3 0 0 0 2 131 0 3 76 0 0 3 0 131 3 72 2 3 0 0 0 2 0 3 2 0 2 3 2 0 0 0 0 6 2 0 0 0 2 3 0 0 2 0 0 0 0 0 0 1 0 0 0 0 0 0 2 22 6 31 11 32 0 0 43 0 24 40 42 1 9 0 15 9 0 0 0 25 0 0 0 0 0 0 0 1 1 0 0 2 20 0 0 0 13 12 0 0 0 0 0 0 0 0 0 0 0 0 0 0 0 0 0 0 0 0 0 0 2 0 14 1 0 0 8 0 0 0 0 0 2 0 0 0 0 0 0 32 14 17 34 0 0 15 19 23 14 0 0 31 0 33 7 0 9 29 0 0 0 0 0 0 0 0 0 1 0 0 0 0 0 0 0 0 12 16 0 0 0 0 0 0 0 0 0 0 0 0 0 0 0 0 0 0 0 0 0 0 0 1 0 2 0 0 0 0 0 0 0 0 0 0 0 16 0 0 0 0 0 0 0 2 0 0 3 1 0 10 9 0 0 0 0 0 0 0 0 0 0 0 0 65 0 0 0 0 0 0 0 0 0 0 10 14 0 0 0 0 0 0 0 0 0 0 0 0 
 119 335 272 39 120 158 139 339 44 271 293 331 107 129 42 223 0 411 389 113 0 2 0 0 3 0 7 0 2 0 0 0 0 0 0 0 0 0 5 76 0 0 0 0 0 0 0 2 0 0 0 0 8 0 0 2 0 3 2 0 0 0 3 2 0 0 0 5 0 0 0 0 0 0 0 0 0 0 0 0 14 21 25 51 0 19 11 0 38 28 14 19 90 8 18 26 15 46 0 0 2 0 0 0 0 0 0 0 0 2 0 0 0 0 0 0 0 0 14 0 0 0 0 0 0 0 0 0 0 0 0 0 0 0 0 0 0 0 0 0 0 0 6 0 0 3 0 0 11 0 0 0 0 0 0 0 0 0 0 0 22 60 12 47 37 3 38 0 28 18 16 0 16 21 10 51 23 0 0 0 0 0 0 0 0 0 0 0 0 0 0 0 0 2 2 0 0 0 0 0 0 0 0 0 0 0 0 0 0 0 0 0 0 0 0 0 0 0 0 1 0 0 0 0 0 0 0 0 0 0 0 0 0 0 0 0 0 5 0 0 0 0 0 0 0 0 0 0 88 0 1 10 0 0 0 0 0 0 0 0 0 0 0 0 0 0 0 0 0 0 0 0 0 0 0 14 0 16 0 0 0 0 0 0 0 0 0 0 0 0 
 227 50 273 385 67 67 124 328 147 330 522 360 85 74 80 120 411 0 36 200 0 2 0 3 3 0 0 0 2 0 0 0 61 0 1 0 0 0 77 85 0 0 0 0 0 3 0 1 0 91 0 0 2 0 0 0 0 3 2 0 0 0 3 3 0 0 0 0 0 0 0 1 2 0 0 0 0 0 4 0 10 15 67 25 10 1 0 11 0 30 13 11 30 26 5 62 33 10 0 0 0 0 0 0 0 0 19 0 0 0 0 0 0 13 0 0 0 0 1 19 0 0 0 0 0 0 0 0 0 0 2 0 0 0 0 0 0 0 0 0 0 0 0 0 0 0 0 0 0 0 0 0 0 0 0 0 0 0 0 0 28 0 2 12 40 3 0 19 24 17 17 29 9 16 19 11 0 2 3 0 0 0 0 0 0 0 0 0 0 15 0 0 0 11 19 0 0 0 19 1 0 0 0 0 0 0 0 0 0 0 0 0 0 0 0 0 0 0 0 0 0 0 0 0 0 0 0 0 0 0 0 0 0 0 0 0 0 0 0 0 0 0 0 0 0 5 98 4 0 134 9 1 0 0 0 0 0 0 0 0 0 0 0 0 0 0 0 0 0 0 0 0 0 0 0 0 10 0 0 0 0 0 0 0 0 0 0 0 0 0 
 133 399 134 379 51 132 204 187 388 83 32 123 424 329 180 32 389 36 0 410 0 5 1 0 3 0 2 0 3 0 0 0 1 0 0 0 0 0 0 2 0 0 0 0 0 6 2 0 2 0 0 0 2 0 0 9 0 3 2 0 0 0 3 2 0 0 0 3 0 0 0 1 0 0 0 0 6 0 0 0 0 43 11 2 0 0 10 24 13 51 12 0 25 32 9 19 61 32 25 14 0 0 0 2 0 0 0 0 0 0 0 0 0 0 0 0 0 0 2 0 0 0 0 2 0 0 0 0 0 0 0 0 0 0 0 0 52 0 0 0 0 0 0 0 0 0 0 0 0 0 0 0 0 0 0 1 0 0 2 0 15 24 30 42 0 0 26 1 38 0 0 7 15 70 36 49 40 9 0 9 0 0 0 0 0 0 2 0 0 0 0 0 0 0 0 0 0 0 0 0 0 0 0 0 0 0 0 0 0 0 0 0 0 0 11 0 0 0 0 0 0 0 0 0 0 0 0 0 0 0 0 0 0 2 0 2 0 0 0 0 0 0 0 0 2 0 87 0 61 2 2 24 0 0 0 0 2 0 0 2 0 0 0 0 2 0 0 0 0 1 0 0 2 0 0 14 0 0 0 0 0 0 0 0 0 0 0 0 0 0 
 224 73 220 249 281 284 124 86 313 98 262 30 198 317 396 153 113 200 410 0 0 2 0 0 3 0 0 0 3 0 0 0 0 0 0 2 5 0 0 2 0 0 0 0 0 0 0 0 0 0 0 0 2 0 0 0 0 5 2 0 0 0 2 3 0 0 0 0 0 0 3 0 0 0 0 0 0 0 0 0 14 27 44 9 0 1 0 8 0 9 8 0 20 28 26 57 33 25 0 13 0 0 0 1 0 0 0 0 0 0 0 0 0 0 0 0 0 0 13 14 0 0 0 1 0 0 0 0 0 0 0 0 0 0 0 0 2 0 0 0 0 0 0 0 0 0 0 0 0 0 0 0 0 0 0 2 0 0 0 0 26 0 62 21 26 4 1 17 15 10 1 9 69 14 21 16 8 0 25 20 0 0 0 2 0 0 0 0 0 8 0 0 0 0 0 0 0 0 21 1 0 0 0 0 0 0 0 0 0 1 0 0 0 0 0 0 0 0 0 0 0 0 0 0 0 0 0 0 0 0 0 0 0 1 0 1 0 0 0 0 0 0 0 0 0 0 50 3 3 86 0 14 0 0 0 0 0 0 2 0 0 0 0 0 0 0 0 0 0 0 0 0 2 0 0 0 0 0 0 0 0 0 0 0 0 0 0 0 0 0 
 0 78 0 0 74 147 3 3 0 0 2 72 0 0 0 4 0 0 0 0 0 105 92 351 409 19 200 148 109 35 37 128 126 505 53 183 43 23 41 198 0 0 3 0 5 0 3 56 0 0 0 0 8 0 0 0 2 1 0 3 0 2 0 0 6 2 3 0 0 3 0 0 2 3 3 2 0 0 3 0 0 9 0 0 10 6 0 0 1 0 45 0 0 0 0 1 0 0 0 0 8 0 32 0 0 0 1 20 14 6 10 11 7 10 11 1 24 7 11 0 10 0 0 0 0 0 15 0 2 0 0 0 0 0 0 0 0 0 0 0 0 0 3 0 0 15 0 0 0 0 0 0 0 0 0 0 0 0 0 0 2 0 0 1 1 8 4 0 11 0 1 8 0 6 0 20 19 0 0 0 14 11 33 2 30 11 19 27 7 2 0 0 23 0 11 30 0 0 11 1 0 0 0 0 0 0 0 0 2 0 0 0 0 11 0 0 0 0 20 12 0 0 0 13 14 0 0 0 0 0 0 0 0 0 0 0 0 0 0 2 0 19 1 0 0 0 0 0 0 0 0 0 0 0 14 2 2 1 0 0 5 0 5 0 0 0 0 0 0 0 0 0 0 0 0 8 0 14 0 0 0 0 0 0 0 2 0 0 0 0 
 2 3 3 2 37 3 2 2 3 2 2 2 2 3 2 2 2 2 5 2 105 0 166 66 175 97 681 371 420 255 108 37 49 288 211 41 41 23 107 115 0 0 3 0 3 0 67 0 2 0 0 0 4 0 0 0 2 0 0 3 0 2 0 0 0 7 5 0 0 3 0 0 2 2 3 0 0 0 3 0 0 0 0 0 0 11 0 0 0 0 0 2 0 0 15 0 0 0 0 0 10 18 1 1 0 0 15 17 32 0 0 33 14 26 49 12 12 23 7 0 0 1 0 0 0 0 0 0 3 7 0 0 0 0 30 0 0 0 10 0 0 0 0 0 0 0 0 0 0 0 0 0 0 0 0 0 0 2 8 0 0 0 0 0 0 0 0 0 0 0 0 0 0 0 0 4 0 0 0 0 0 9 31 10 8 13 12 0 20 10 18 9 1 18 12 11 15 22 0 8 0 0 0 0 0 0 0 0 0 0 0 0 13 0 13 0 1 0 0 1 0 0 0 0 0 0 0 10 0 0 0 0 0 0 0 2 0 0 0 0 0 0 0 0 0 0 0 0 0 0 0 0 0 0 5 0 2 1 0 3 2 1 0 0 0 0 8 0 0 0 0 0 0 0 0 0 0 0 0 0 0 25 0 0 0 0 0 2 0 0 
 0 31 0 0 0 1 0 0 0 0 0 0 0 0 0 0 0 0 1 0 92 166 0 458 343 101 158 90 369 371 206 182 160 54 218 41 351 161 260 136 105 0 3 2 3 0 4 0 0 0 0 207 169 0 0 0 2 0 68 32 0 2 4 0 0 3 2 0 10 3 0 0 5 2 3 0 0 0 3 0 0 0 0 0 4 0 0 0 0 1 0 0 0 0 0 0 0 0 0 0 0 0 8 0 13 2 17 30 1 37 14 12 32 0 13 14 10 10 0 8 1 4 0 0 0 0 30 0 0 0 0 0 11 23 16 5 1 0 27 42 12 0 0 0 0 0 0 3 0 0 0 0 0 0 0 0 0 0 0 0 0 0 0 0 0 1 0 0 0 0 0 1 0 20 0 0 0 0 0 0 0 62 12 51 0 25 0 10 37 44 23 16 0 13 0 7 12 8 0 8 19 0 0 0 0 0 1 0 0 0 0 0 15 1 32 0 0 0 2 15 0 0 0 0 0 0 0 0 0 0 0 0 0 0 0 0 0 0 0 0 0 0 0 0 0 0 0 0 0 0 0 0 0 0 10 2 2 59 0 0 2 0 0 0 0 0 0 0 0 0 0 0 0 0 0 0 0 0 0 0 0 12 0 0 0 0 19 0 0 0 
 0 0 77 0 2 0 0 0 0 0 0 0 0 0 0 0 0 3 0 0 351 66 458 0 870 37 322 162 139 68 138 552 73 337 95 38 64 114 98 58 0 1 3 0 3 4 3 0 0 0 1 0 81 0 0 0 2 0 0 126 0 2 0 0 0 3 2 0 5 3 27 0 3 2 3 38 0 0 3 0 0 0 0 0 0 0 0 0 0 0 0 0 0 0 0 0 0 0 0 0 0 0 10 0 0 0 0 33 13 26 10 0 0 0 1 13 18 0 0 0 21 26 39 0 0 1 48 10 0 11 0 0 8 0 3 12 9 7 1 0 0 0 0 0 7 0 0 0 0 0 0 0 15 0 0 0 0 0 0 0 0 0 0 6 1 0 0 0 0 6 2 3 0 0 0 0 0 0 0 0 0 11 1 19 40 11 0 0 7 45 31 7 0 0 0 2 2 0 0 0 13 0 17 1 0 33 2 2 8 10 0 0 0 11 0 0 0 21 39 23 0 0 0 0 0 0 0 2 0 0 0 2 0 0 0 0 0 0 0 0 0 0 0 0 0 0 0 0 0 0 0 0 0 0 17 1 2 75 118 0 4 9 0 0 0 0 0 0 0 0 0 0 0 0 0 0 0 0 0 0 0 0 0 0 0 0 20 0 0 0 
 3 3 3 3 3 3 3 3 3 3 3 3 3 3 3 3 3 3 3 3 409 175 343 870 0 160 71 71 192 153 387 204 90 308 224 246 59 39 289 108 62 0 3 1 3 11 8 1 0 0 2 211 67 0 0 1 1 0 0 60 0 2 0 0 0 2 3 0 2 2 0 0 1 3 3 0 2 0 3 0 0 0 0 0 0 0 0 0 0 0 0 0 0 0 1 0 0 0 0 0 0 0 23 0 0 27 0 16 18 26 14 0 0 0 10 28 17 0 0 0 35 0 0 0 0 0 8 8 0 12 0 0 0 1 27 0 37 17 14 0 0 0 0 0 0 0 0 0 0 0 1 1 0 0 0 0 0 0 0 0 0 0 0 0 0 0 0 0 0 0 0 0 0 0 0 4 0 0 0 0 0 0 21 41 58 12 1 0 17 39 13 7 0 0 0 22 0 6 1 0 0 0 12 19 0 0 14 11 9 20 0 0 29 0 21 0 0 18 6 65 0 0 0 0 0 1 0 0 0 13 0 0 0 0 0 0 0 0 0 0 0 0 0 0 0 0 0 0 0 0 0 0 0 0 7 2 1 2 42 2 7 22 0 1 0 20 0 0 0 0 0 1 0 0 0 0 0 0 0 0 0 0 0 0 0 0 2 0 0 0 
 0 0 2 0 2 0 0 3 0 0 0 0 0 0 0 0 0 0 0 0 19 97 101 37 160 0 38 32 106 37 300 48 54 79 112 79 225 48 50 48 0 125 3 0 3 0 67 62 68 2 0 0 3 91 72 61 35 0 22 65 1 2 0 1 0 0 3 0 0 2 0 0 0 8 3 0 0 0 2 0 0 4 0 0 0 0 0 0 0 0 0 0 0 0 0 2 0 0 0 0 0 0 0 30 27 13 0 0 10 11 14 13 0 0 0 11 15 2 0 0 19 8 18 0 0 10 0 25 6 0 12 0 46 10 19 0 13 0 35 1 2 2 0 4 0 0 0 0 0 1 0 0 15 0 0 0 2 0 0 0 0 0 0 0 0 0 0 0 0 0 0 0 0 0 0 4 0 0 0 0 0 0 17 31 0 21 0 23 38 11 14 7 0 0 0 1 15 17 0 0 0 9 0 0 9 0 12 22 9 13 28 0 52 1 10 0 0 0 0 18 0 0 0 0 0 0 0 0 0 0 0 0 0 0 0 0 0 0 0 0 0 0 12 0 0 0 0 0 0 0 0 0 0 0 0 5 1 7 5 0 0 1 0 0 1 0 0 0 0 0 0 0 0 0 0 0 0 0 0 0 0 0 0 20 0 13 0 13 0 0 
 0 0 0 0 61 73 1 5 0 0 0 0 0 0 0 0 7 0 2 0 200 681 158 322 71 38 0 166 153 315 137 259 182 169 132 248 163 25 416 214 0 0 58 0 3 0 73 2 0 0 0 0 3 0 0 0 1 0 0 3 0 2 0 0 0 2 49 0 0 3 0 0 2 2 3 0 0 0 3 0 0 0 0 36 0 7 0 0 0 0 0 0 0 0 2 0 0 0 0 0 17 20 20 0 0 0 1 21 28 0 6 27 27 20 0 15 0 24 23 11 0 0 0 0 0 0 0 0 0 0 0 0 0 0 0 0 0 0 0 0 0 0 0 0 0 0 0 7 0 0 0 0 0 0 0 0 0 2 3 0 0 0 0 0 0 0 0 0 0 0 8 0 0 0 0 0 0 0 0 0 12 38 40 16 0 1 28 11 0 0 0 0 22 21 21 19 1 30 11 0 0 0 0 0 0 0 0 0 0 0 0 0 0 0 0 0 1 0 0 0 0 20 0 0 0 0 1 0 0 0 0 0 0 0 0 2 0 0 0 0 0 0 0 0 0 0 0 0 0 0 0 0 0 0 34 0 1 1 0 2 0 0 0 0 0 0 0 0 0 0 0 0 0 0 0 0 0 0 0 0 0 12 0 0 0 0 0 0 0 0 
 2 0 0 0 73 37 0 0 0 0 0 0 0 0 0 0 0 0 0 0 148 371 90 162 71 32 166 0 246 48 161 49 137 267 55 466 36 35 41 119 0 0 6 0 3 0 3 0 0 0 0 0 71 0 4 0 8 3 0 3 51 2 0 0 0 1 5 0 6 3 0 0 4 2 3 0 2 3 4 0 0 0 0 0 0 9 0 0 0 0 0 0 0 0 0 0 0 0 0 0 20 6 10 0 0 0 0 25 9 30 11 1 17 0 19 0 21 0 10 0 11 0 0 0 0 0 10 0 0 0 0 0 0 0 0 0 0 0 0 0 0 0 0 0 0 0 0 0 0 0 0 13 0 0 0 0 0 0 1 0 0 0 0 0 0 19 0 0 0 0 22 0 0 0 0 0 0 0 0 0 42 1 54 19 9 0 14 19 0 0 18 0 2 18 0 25 14 2 0 29 0 0 0 0 0 0 0 0 0 0 0 0 0 0 1 0 0 0 8 11 0 0 0 0 0 0 0 0 0 0 0 0 0 0 0 0 0 0 0 0 0 0 0 0 0 0 0 0 0 1 0 0 0 0 6 0 0 76 0 3 3 0 0 0 0 0 3 0 0 0 0 0 0 0 0 0 0 0 0 0 0 31 0 0 0 8 1 0 0 0 
 3 4 3 4 2 39 33 5 1 3 3 2 4 1 2 2 2 2 3 3 109 420 369 139 192 106 153 246 0 151 102 70 189 192 94 63 49 113 395 397 1 0 7 0 3 2 5 3 2 0 0 2 129 2 0 4 5 1 65 5 0 3 2 0 3 5 0 2 1 6 2 2 3 2 5 0 3 0 3 2 0 0 0 0 0 5 0 0 0 0 0 18 0 0 0 6 0 0 0 0 34 17 15 27 1 0 8 35 37 50 22 59 5 0 11 28 6 0 5 0 5 2 0 0 1 0 11 0 0 0 12 0 10 29 0 0 0 0 20 0 14 0 0 0 0 0 0 0 0 0 0 0 0 0 0 0 0 0 0 0 0 0 0 0 0 18 0 2 0 0 0 0 0 0 0 0 0 0 0 10 62 0 18 45 23 11 0 36 10 0 2 1 0 27 8 28 26 11 23 10 0 0 0 0 0 0 0 0 0 0 0 1 23 0 0 0 0 0 18 7 2 0 0 0 0 0 0 0 0 0 0 0 0 0 0 0 0 0 0 0 0 0 0 0 0 0 0 0 0 0 0 2 0 0 11 0 1 155 0 0 4 0 0 0 0 0 0 0 0 0 0 0 0 0 0 0 0 0 0 0 0 3 0 0 0 9 3 0 0 0 
 0 0 0 0 0 28 0 0 0 0 0 0 0 0 0 131 0 0 0 0 35 255 371 68 153 37 315 48 151 0 66 86 46 384 183 169 458 114 287 187 0 0 3 0 3 6 4 0 0 0 0 0 4 0 0 0 1 0 17 67 0 2 0 0 0 2 6 0 0 3 0 7 6 3 3 0 0 0 3 0 0 0 0 0 0 0 0 0 0 0 0 0 0 0 0 0 0 0 0 0 9 13 28 26 12 10 0 0 19 1 13 23 0 1 0 34 10 1 0 0 15 0 0 0 0 0 0 7 0 0 0 0 13 8 0 0 0 0 7 0 3 0 0 2 0 0 0 0 0 0 0 0 0 0 0 0 0 0 0 0 0 0 0 0 0 18 0 0 0 0 0 3 0 0 0 1 0 4 0 0 9 8 0 21 7 19 1 45 14 0 11 1 1 0 0 5 30 10 0 13 0 0 1 0 3 0 0 0 12 0 0 0 3 0 0 0 0 0 0 27 0 0 0 0 0 0 0 0 0 0 0 0 0 0 0 0 0 0 0 0 0 0 12 0 0 0 0 0 0 0 0 0 0 0 4 0 2 80 76 3 18 0 0 0 0 0 1 0 0 0 0 0 0 0 0 0 0 17 0 0 0 0 0 0 0 16 0 0 0 0 
 0 0 0 0 0 0 0 2 0 0 0 0 0 0 0 0 0 0 0 0 37 108 206 138 387 300 137 161 102 66 0 230 41 46 232 169 656 142 249 144 0 0 3 1 3 0 3 0 0 0 0 0 73 0 0 0 1 0 63 3 0 2 0 0 0 2 3 0 0 3 0 0 2 2 3 0 0 0 3 0 0 0 0 0 0 0 0 0 0 0 1 0 0 0 0 0 0 0 0 0 1 0 8 13 27 1 0 31 0 24 31 0 0 0 1 14 25 15 0 2 13 20 22 0 0 0 29 0 0 0 0 0 11 0 15 0 0 0 38 19 0 0 0 4 0 0 0 0 0 0 0 0 2 0 0 0 0 0 0 0 0 0 0 0 0 0 0 11 0 0 1 0 0 0 0 1 0 0 0 0 0 17 73 16 18 0 0 29 7 23 33 18 0 0 0 24 19 28 0 0 35 0 0 2 0 0 0 23 0 0 0 0 11 0 0 0 0 0 21 34 0 0 0 0 1 0 0 1 0 0 0 0 0 0 0 0 0 0 1 0 0 0 11 0 0 0 0 0 0 0 0 0 0 0 10 3 1 0 0 0 19 2 0 0 0 0 0 0 0 0 0 0 0 0 0 0 0 0 0 0 0 0 0 0 0 0 0 0 0 0 
 0 0 0 0 3 0 0 0 0 0 0 0 0 0 0 3 0 0 0 0 128 37 182 552 204 48 259 49 70 86 230 0 30 40 278 72 107 79 41 243 62 64 3 0 3 6 4 0 0 0 0 0 133 0 1 0 2 0 0 76 0 2 0 0 0 3 1 0 0 3 0 0 3 2 3 0 0 0 3 0 0 0 0 0 0 0 0 2 0 0 0 0 0 0 0 0 0 0 0 2 0 0 18 0 0 43 0 18 13 19 14 0 0 0 0 15 21 0 0 0 21 25 3 0 0 0 31 21 0 8 0 0 7 0 2 10 47 7 2 0 0 0 0 0 0 0 1 0 0 0 0 2 0 0 0 0 11 0 0 0 0 0 1 6 6 0 0 0 0 2 0 4 0 0 0 1 1 0 0 1 0 12 14 0 59 10 0 3 18 14 9 14 0 0 0 32 0 0 0 0 11 0 7 8 6 0 17 14 18 20 0 20 0 0 11 13 0 19 17 35 0 0 0 0 0 0 0 0 0 0 0 0 0 0 11 0 0 0 0 0 0 0 0 0 0 0 0 0 0 0 0 0 0 2 5 0 1 0 155 0 1 37 0 0 0 0 0 0 0 0 0 0 0 0 0 0 0 9 0 0 0 0 0 0 0 0 3 0 0 0 
 1 0 0 0 76 79 0 207 148 0 75 92 4 0 1 76 0 61 1 0 126 49 160 73 90 54 182 137 189 46 41 30 0 165 37 78 170 124 354 628 3 2 3 0 3 4 4 2 3 0 49 0 6 1 0 0 23 2 0 6 3 2 3 1 0 2 6 0 0 3 0 0 2 4 3 3 0 4 3 0 0 0 28 12 17 18 0 0 21 0 19 74 0 0 0 0 54 0 0 0 13 16 19 0 0 0 9 6 11 0 41 0 22 2 19 0 0 1 0 20 0 0 0 0 0 0 0 0 0 0 0 0 0 0 0 0 0 0 0 2 4 0 0 0 0 0 2 11 0 0 0 68 0 0 0 0 0 0 0 0 0 0 15 0 12 0 0 0 0 9 0 31 0 10 0 11 0 32 0 4 61 16 19 17 0 0 15 50 9 0 0 0 15 49 52 9 23 0 21 0 0 1 0 0 0 0 0 0 0 0 0 0 0 0 0 2 0 0 0 0 0 0 0 0 0 0 1 0 0 0 0 15 0 2 0 0 0 0 0 0 0 13 0 0 0 0 0 0 0 0 10 0 9 0 11 0 1 75 0 2 2 1 0 0 0 0 0 0 0 0 0 0 0 0 0 0 7 1 0 0 0 0 0 0 0 0 0 0 0 0 
 0 0 0 0 75 146 0 0 2 0 0 0 0 0 0 0 0 0 0 0 505 288 54 337 308 79 169 267 192 384 46 40 165 0 465 348 49 34 193 109 1 0 2 0 3 0 3 0 0 0 0 0 3 0 1 0 3 0 4 3 0 3 0 2 0 18 0 0 0 3 0 0 10 2 3 0 0 0 3 0 0 0 0 0 19 21 0 0 0 4 8 11 0 0 0 0 0 0 0 0 16 7 38 29 0 0 15 1 0 14 0 12 34 12 0 0 13 6 28 22 0 0 0 1 0 0 0 0 1 0 2 0 0 0 0 0 0 0 0 0 0 0 3 2 1 0 0 0 0 0 0 0 0 0 0 0 0 0 0 0 0 0 0 0 0 24 0 0 10 0 0 8 0 3 0 0 6 0 0 0 37 14 13 12 0 0 29 19 10 0 11 8 53 21 7 7 24 5 26 14 0 0 0 0 0 0 0 0 0 0 0 0 0 0 0 0 0 0 19 0 0 0 0 0 0 0 0 0 0 0 0 0 0 0 0 0 0 0 0 0 0 6 0 0 0 0 1 0 0 0 0 0 0 0 3 1 0 6 0 1 0 0 21 0 0 0 2 0 0 0 0 0 0 0 0 13 0 1 0 0 0 0 0 0 12 23 0 0 0 0 
 1 0 0 0 3 74 0 3 0 0 0 3 0 0 0 0 0 1 0 0 53 211 218 95 224 112 132 55 94 183 232 278 37 465 0 302 348 42 171 113 0 0 3 0 3 3 4 0 0 0 0 0 3 0 0 0 2 0 0 3 0 2 0 0 0 19 2 0 0 3 0 0 3 2 3 0 0 0 3 0 0 0 0 0 0 0 0 0 0 0 0 0 0 0 0 0 0 0 0 0 0 0 8 67 12 1 14 7 23 36 37 0 0 10 0 11 18 13 8 0 1 9 11 0 0 0 18 0 0 0 0 0 13 9 1 0 0 0 13 0 16 0 0 0 0 0 0 7 0 0 0 0 0 0 0 0 1 0 0 0 0 0 0 0 0 0 0 0 0 0 0 1 0 0 0 0 0 0 0 0 14 26 24 51 0 25 14 1 36 11 25 21 34 40 0 26 39 35 0 0 21 0 0 0 0 0 0 0 0 0 0 1 13 0 32 0 0 0 0 21 0 0 0 0 0 0 0 0 10 0 0 0 0 0 10 0 0 0 0 0 0 0 13 0 0 0 0 0 0 0 0 0 0 0 2 0 2 76 1 4 0 0 0 0 0 0 16 0 0 0 0 0 0 0 0 0 0 0 0 0 0 0 0 0 0 0 0 0 0 0 
 0 2 0 0 1 83 3 3 0 0 0 0 0 0 0 3 0 0 0 2 183 41 41 38 246 79 248 466 63 169 169 72 78 348 302 0 160 52 122 258 0 0 5 0 3 2 3 0 0 0 0 126 3 0 0 2 2 0 3 3 0 2 0 0 0 3 4 0 0 3 25 0 3 2 3 0 0 0 3 0 0 0 0 0 0 40 0 0 0 0 3 0 0 0 1 0 11 0 0 0 27 0 4 27 0 8 10 27 36 38 18 28 27 0 22 21 17 0 0 2 12 0 0 0 0 0 0 7 0 0 0 0 0 0 0 0 0 0 0 0 0 0 4 0 0 0 0 2 0 0 0 0 13 0 0 0 0 0 0 0 0 0 0 0 0 4 0 0 9 0 0 0 0 0 0 0 9 0 0 0 0 1 41 0 61 12 0 12 7 2 3 1 1 12 10 32 0 1 3 3 0 0 1 0 0 0 0 0 11 0 0 0 0 0 0 0 2 0 0 6 0 0 0 0 0 7 0 0 0 0 0 0 0 0 0 1 0 0 4 0 0 0 13 0 0 0 0 0 0 0 0 0 0 0 8 2 1 1 74 2 4 0 0 0 0 24 0 0 0 0 0 1 0 0 0 12 0 15 0 0 0 0 0 0 0 6 0 0 0 0 
 76 0 0 0 0 0 2 0 0 0 0 2 0 0 0 0 0 0 0 5 43 41 351 64 59 225 163 36 49 458 656 107 170 49 348 160 0 278 275 111 0 2 4 2 3 0 5 0 1 0 0 0 37 0 0 0 2 2 79 4 35 2 0 1 0 2 27 39 0 3 0 0 2 2 3 0 0 0 3 0 0 2 0 0 0 0 0 0 0 0 0 0 0 0 0 0 0 0 0 0 1 18 1 18 27 0 0 56 7 18 16 27 0 0 13 33 23 12 0 0 0 9 1 0 0 0 23 0 0 0 0 0 18 15 16 11 0 0 22 6 0 0 0 4 0 0 0 0 0 0 0 22 0 0 0 0 21 0 0 0 0 0 0 0 0 0 0 0 0 0 0 0 0 0 2 0 0 0 0 0 0 28 8 8 12 3 0 17 52 8 30 49 0 14 0 8 27 12 0 0 25 18 0 0 0 0 13 12 0 0 0 0 11 0 0 11 0 0 12 13 0 0 0 0 0 0 0 0 0 0 0 0 0 0 0 0 0 2 0 0 0 0 0 0 0 0 0 0 0 0 0 0 0 0 25 2 1 0 1 1 7 1 0 0 0 0 0 0 0 0 0 0 0 0 0 0 0 0 0 10 0 0 0 1 0 0 0 0 0 0 
 7 2 0 0 1 4 0 0 0 0 0 0 2 0 0 131 0 0 0 0 23 23 161 114 39 48 25 35 113 114 142 79 124 34 42 52 278 0 35 104 64 0 3 5 3 0 10 0 0 1 0 0 128 0 6 1 2 0 80 39 0 2 0 0 0 3 1 0 5 3 0 0 3 2 3 1 0 0 3 0 0 0 0 0 0 0 0 0 0 0 0 0 0 0 0 0 0 0 0 0 0 0 16 15 30 3 0 32 8 13 29 32 13 0 22 11 0 11 0 7 14 0 0 0 0 0 0 0 0 0 0 0 11 33 13 11 0 0 22 18 3 0 0 2 0 0 0 0 0 0 0 0 0 0 0 1 0 0 7 0 0 0 0 0 0 0 0 0 0 0 0 0 0 0 0 0 0 0 0 0 0 0 1 8 20 18 0 10 34 17 34 21 1 11 0 8 3 20 0 0 0 0 0 0 0 0 18 1 0 0 0 0 9 0 11 18 0 0 11 39 1 0 0 0 0 0 0 0 0 0 0 0 0 0 0 0 3 0 0 0 0 0 0 0 0 0 0 0 0 0 0 0 0 0 0 2 0 42 4 1 17 0 0 0 0 0 0 0 0 0 0 0 0 0 0 0 0 0 0 1 0 14 0 0 0 0 11 1 0 6 
 0 1 2 77 83 64 4 20 74 96 0 23 0 93 73 3 5 77 0 0 41 107 260 98 289 50 416 41 395 287 249 41 354 193 171 122 275 35 0 145 0 2 3 0 3 0 64 2 0 0 0 0 5 0 0 201 2 5 0 3 0 6 0 4 0 3 1 0 41 3 0 0 3 2 3 0 0 0 3 0 0 0 14 31 10 9 0 0 13 0 0 0 0 0 0 0 0 0 0 0 27 1 27 23 0 0 35 12 29 9 19 0 19 26 33 18 0 0 11 30 0 0 0 0 0 0 0 0 17 1 0 0 0 0 2 0 0 19 1 0 0 0 0 0 0 0 0 24 0 0 0 0 0 0 0 0 0 0 3 0 2 1 13 19 7 12 0 2 0 16 7 18 0 0 0 0 1 24 0 0 11 9 32 0 0 1 26 0 0 0 1 13 34 35 24 0 10 0 10 9 0 0 0 0 0 0 0 0 2 0 0 0 0 0 0 0 0 26 1 0 0 0 0 0 0 0 0 0 0 0 0 0 1 0 0 0 0 0 0 0 0 0 0 0 0 0 68 0 0 0 13 0 0 0 17 2 2 1 0 2 0 0 0 0 0 0 0 0 0 0 0 0 0 0 0 0 7 1 0 0 0 0 0 0 0 0 0 0 0 0 
 0 1 6 1 75 25 9 3 1 1 1 3 0 74 1 72 76 85 2 2 198 115 136 58 108 48 214 119 397 187 144 243 628 109 113 258 111 104 145 0 0 0 9 0 145 0 3 25 2 0 1 0 3 0 0 4 2 0 0 3 0 2 4 0 0 3 3 4 0 3 0 0 3 2 7 0 0 39 3 4 0 0 14 20 1 15 0 0 0 0 24 0 0 0 2 1 0 0 0 0 56 16 29 10 0 0 15 18 42 22 11 12 34 0 13 6 0 8 1 27 0 0 0 0 0 0 0 0 0 0 0 0 0 0 0 0 0 0 0 0 0 0 9 0 0 0 0 0 0 0 0 0 0 0 0 0 0 2 0 0 0 0 0 0 15 9 0 0 31 21 14 18 0 0 0 13 24 9 0 0 0 11 19 0 2 0 15 33 0 1 0 1 10 13 13 19 0 10 21 0 0 0 0 0 0 0 0 0 0 13 0 0 0 0 0 0 0 0 0 0 0 0 0 0 0 1 0 0 0 0 0 0 0 0 0 0 0 11 0 0 0 0 0 0 0 0 0 0 0 0 13 0 0 15 8 0 2 0 0 2 4 0 0 0 0 0 0 0 0 0 0 0 0 0 0 11 5 13 0 0 0 12 0 0 0 0 0 0 0 0 
 0 0 0 0 9 0 2 0 0 0 0 0 0 0 0 2 0 0 0 0 0 0 105 0 62 0 0 0 1 0 0 62 3 1 0 0 0 64 0 0 0 150 93 74 37 32 168 416 259 30 97 84 75 106 171 69 62 310 111 242 0 0 30 0 1 0 0 0 9 0 54 0 0 0 0 0 25 0 0 0 0 0 0 0 0 0 0 0 0 0 0 0 0 0 0 0 0 0 0 0 0 0 0 8 2 26 0 0 0 3 0 0 0 0 0 0 0 0 0 0 2 0 10 10 1 0 0 14 8 27 3 2 38 11 0 1 29 20 1 0 0 0 0 0 0 0 0 0 0 0 0 12 0 0 0 0 0 0 0 0 5 0 0 0 1 0 0 0 12 0 4 0 0 0 0 0 1 0 0 0 0 0 0 12 0 12 0 0 0 13 11 0 0 0 0 0 0 0 0 0 0 11 12 13 0 35 30 19 0 13 0 11 0 7 19 1 2 18 0 0 0 0 0 12 0 0 0 0 0 0 0 0 0 0 0 0 0 0 0 0 0 0 0 0 0 0 0 0 0 0 0 14 0 0 0 0 0 80 0 0 0 0 2 0 1 4 0 0 2 0 0 0 0 0 0 8 0 0 0 0 0 0 0 0 7 0 10 0 0 0 
 0 0 0 0 3 0 2 0 0 0 0 0 0 0 0 3 0 0 0 0 0 0 0 1 0 125 0 0 0 0 0 64 2 0 0 0 2 0 2 0 150 0 170 285 256 30 303 134 181 310 21 54 62 137 132 396 102 173 113 39 0 0 0 0 1 0 0 1 0 0 0 7 0 6 0 21 29 0 0 2 0 0 0 0 0 0 15 0 0 0 0 0 0 0 0 0 0 0 0 0 0 12 0 0 0 20 0 0 0 0 0 0 0 0 0 0 0 0 0 0 12 6 33 11 41 0 12 11 0 0 5 11 2 22 11 32 0 3 0 0 0 0 0 0 0 0 1 1 3 0 0 49 27 0 1 0 0 0 0 0 0 0 0 0 28 0 0 0 0 0 0 0 0 0 0 0 12 0 0 0 6 0 0 0 0 0 0 0 0 0 0 0 0 0 0 0 0 0 0 0 0 1 1 1 25 0 39 15 41 0 15 4 23 0 16 16 10 20 11 0 11 0 0 0 0 0 0 0 9 0 0 0 11 0 12 0 0 37 7 11 0 0 0 0 0 0 0 0 0 0 0 12 0 2 0 0 0 0 0 2 0 0 0 0 66 2 2 0 0 0 19 0 0 0 0 0 0 0 0 0 0 0 0 0 0 21 0 6 0 0 
 0 2 0 0 0 0 0 5 0 0 0 3 4 0 0 0 0 0 0 0 3 3 3 3 3 3 58 6 7 3 3 3 3 2 3 5 4 3 3 9 93 170 0 184 196 36 93 133 119 164 112 549 108 58 73 354 148 149 52 40 0 0 0 0 0 0 51 0 0 1 1 0 77 0 0 0 0 0 1 51 0 0 9 0 0 6 0 4 0 0 0 0 0 1 0 0 0 0 0 10 0 0 0 0 0 0 0 0 0 0 0 0 0 0 0 0 0 0 0 0 0 0 0 29 39 7 0 2 10 0 9 0 0 0 1 25 0 14 0 9 28 2 0 0 0 0 0 13 0 0 0 0 11 13 0 0 0 0 6 0 5 0 0 0 7 0 0 0 0 0 5 0 1 0 0 0 0 0 6 5 0 0 0 0 0 0 0 0 0 0 0 0 0 0 0 0 0 0 0 0 13 0 10 22 11 0 0 1 0 9 13 0 0 8 0 11 4 12 0 0 37 0 0 0 0 0 13 10 14 0 0 0 24 12 5 0 0 1 21 10 0 0 19 0 0 0 0 0 62 0 0 7 0 2 0 0 0 0 0 0 0 0 0 14 0 4 0 1 2 0 6 0 0 0 0 0 0 0 0 0 0 3 0 0 0 0 0 0 0 0 
 0 0 0 27 0 0 0 0 0 0 0 0 0 0 0 0 0 0 0 0 0 0 2 0 1 0 0 0 0 0 1 0 0 0 0 0 2 5 0 0 74 285 184 0 205 54 402 85 110 128 156 339 294 98 373 499 142 68 128 144 0 0 57 0 0 0 0 0 0 0 1 12 73 0 0 0 1 7 71 53 0 0 0 0 9 0 0 0 0 0 0 0 0 0 0 0 0 0 0 0 0 0 0 0 3 1 0 3 0 0 0 0 0 0 3 0 11 7 0 7 0 0 0 21 20 23 4 10 27 0 35 9 27 16 0 1 0 21 3 0 22 1 0 0 0 0 17 15 0 0 0 0 0 13 2 0 0 0 8 1 0 0 0 0 1 0 0 0 0 0 14 0 0 15 0 0 0 0 0 0 0 6 4 3 0 0 0 0 5 6 4 3 0 0 0 0 12 0 0 0 0 1 51 32 0 20 10 11 0 16 67 2 0 0 0 0 0 16 0 0 0 1 0 0 0 0 14 9 7 0 0 0 20 25 0 3 12 0 7 0 0 0 18 0 0 0 0 0 0 0 0 0 0 1 0 0 0 0 0 0 0 0 16 0 0 2 3 7 0 0 0 0 0 0 0 0 0 0 0 0 0 4 0 0 0 0 0 0 0 0 
 0 0 0 0 0 0 0 0 0 0 0 0 0 0 0 0 0 0 0 0 5 3 3 3 3 3 3 3 3 3 3 3 3 3 3 3 3 3 3 145 37 256 196 205 0 142 289 129 95 356 141 430 109 70 317 106 240 50 64 77 2 0 0 0 0 0 15 0 0 0 1 0 78 0 1 0 1 0 43 51 0 0 0 0 0 0 0 0 0 0 0 0 14 0 0 0 0 0 0 0 0 0 0 0 0 16 0 0 0 0 0 0 0 0 0 0 0 0 0 0 0 6 37 9 25 15 0 2 0 0 10 9 5 6 24 9 0 0 0 16 17 0 0 1 0 0 8 10 0 0 0 0 8 9 11 9 0 0 4 0 2 0 6 19 0 0 0 0 0 0 0 0 0 0 0 0 0 0 2 0 0 0 0 0 0 0 0 0 0 0 0 0 0 0 0 0 0 0 0 0 10 9 0 25 7 8 0 1 1 0 38 2 3 4 5 10 11 12 0 0 32 0 0 0 0 0 9 10 21 0 0 0 1 31 0 0 10 1 7 0 0 0 0 0 0 0 0 0 0 0 0 5 0 17 0 0 0 0 0 1 0 27 11 74 0 0 2 1 2 0 0 0 0 0 0 0 0 0 0 0 0 2 3 0 0 0 0 0 0 0 
 0 0 0 0 0 0 0 0 0 0 0 3 0 0 0 2 0 3 6 0 0 0 0 4 11 0 0 0 2 6 0 6 4 0 3 2 0 0 0 0 32 30 36 54 142 0 31 256 95 133 284 80 24 67 53 138 216 73 62 50 57 1 0 0 0 0 95 0 0 0 2 0 0 125 52 52 15 0 47 0 0 0 0 0 0 0 0 0 0 0 0 0 0 0 0 0 13 0 0 0 0 0 0 0 0 2 0 0 0 0 0 0 0 0 0 1 0 7 0 0 2 0 0 0 0 12 0 9 0 2 10 6 0 0 0 0 6 0 0 0 0 24 4 1 0 0 8 18 8 7 0 0 2 0 11 23 10 2 8 11 0 0 9 0 0 0 0 0 11 0 0 0 0 0 0 0 0 0 0 24 0 0 0 0 8 0 0 0 0 0 0 0 0 0 0 0 0 0 0 0 0 0 3 10 11 5 1 12 1 1 13 0 0 0 0 4 0 0 0 2 1 1 20 0 21 0 24 0 23 31 5 14 12 17 0 3 3 1 11 27 7 0 0 0 0 0 0 0 0 0 0 12 0 0 0 0 0 0 10 0 0 0 0 14 0 0 0 0 0 0 1 0 0 0 0 0 0 0 0 0 0 0 0 0 0 0 0 0 7 0 
 0 0 0 0 63 0 0 0 0 0 0 2 0 0 0 0 0 0 2 0 3 67 4 3 8 67 73 3 5 4 3 4 4 3 4 3 5 10 64 3 168 303 93 402 289 31 0 360 89 483 252 77 130 209 118 96 139 28 122 128 1 0 6 0 0 0 6 0 0 0 0 6 3 0 5 0 1 0 5 2 0 0 0 0 0 0 0 0 0 0 0 0 0 0 0 0 0 0 0 0 0 0 1 0 28 31 0 0 0 0 0 0 0 25 18 0 0 0 0 9 0 0 1 3 1 0 0 10 0 7 19 14 11 12 0 0 16 8 22 5 1 0 0 0 0 0 0 1 0 0 0 0 1 0 0 4 0 0 6 0 0 0 0 0 0 0 0 0 0 0 6 0 0 0 0 0 1 0 0 0 15 0 0 0 0 24 11 0 0 0 0 0 6 9 5 9 0 0 0 15 0 27 18 3 10 21 0 12 7 14 20 0 0 4 11 0 28 0 0 0 4 0 0 0 0 0 0 4 0 0 0 0 11 6 0 0 38 0 5 1 0 0 0 0 0 0 0 0 0 0 0 12 0 0 0 0 0 1 0 12 20 0 1 0 68 19 3 0 1 0 0 0 0 0 0 0 0 0 0 0 0 11 0 0 0 0 0 7 0 0 
 0 66 0 0 4 0 0 3 0 0 0 0 0 0 0 3 2 1 0 0 56 0 0 0 1 62 2 0 3 0 0 0 2 0 0 0 0 0 2 25 416 134 133 85 129 256 360 0 98 111 101 54 216 293 77 371 80 243 71 54 0 0 5 0 0 0 0 5 3 0 0 1 76 3 7 5 0 7 18 5 0 0 0 0 0 0 0 0 0 0 0 0 0 0 0 0 0 0 0 0 0 0 14 0 0 8 0 0 0 0 0 0 0 0 0 0 0 0 0 0 0 0 0 51 10 10 0 31 17 10 30 23 0 9 7 19 0 14 0 11 25 6 0 0 0 0 4 1 0 0 5 4 5 21 1 4 23 3 18 0 0 0 0 0 0 0 0 0 0 0 0 0 3 0 0 0 0 0 0 0 0 0 0 0 0 0 0 0 0 0 0 0 0 0 0 0 0 0 0 0 13 21 49 19 20 0 0 9 17 9 0 5 1 12 9 3 90 0 0 0 1 8 0 0 0 0 25 0 0 3 0 0 11 0 0 5 0 0 0 0 0 0 19 0 0 0 0 0 0 0 0 9 0 0 0 0 0 0 0 4 0 0 0 1 79 48 0 2 2 0 0 0 0 0 0 0 0 0 0 0 0 0 0 0 9 0 0 21 0 0 
 0 0 0 0 0 5 0 3 0 0 26 0 0 0 0 2 0 0 2 0 0 2 0 0 0 68 0 0 2 0 0 0 3 0 0 0 1 0 0 2 259 181 119 110 95 95 89 98 0 104 51 263 125 397 187 442 342 370 118 69 0 0 2 20 0 0 1 2 4 0 70 0 0 2 2 1 0 0 13 2 0 0 0 0 0 0 0 0 0 0 0 0 0 0 0 0 0 1 0 0 0 0 0 0 0 6 1 0 0 0 0 0 0 0 0 1 0 0 0 0 15 13 35 2 15 0 5 16 7 10 12 5 11 15 10 11 28 13 19 0 0 3 0 0 0 0 5 0 0 3 0 0 22 0 0 0 0 0 0 0 0 0 0 0 2 0 0 0 0 0 0 0 0 0 0 0 6 0 0 0 0 0 0 0 0 0 0 0 0 0 0 0 0 0 0 0 0 0 0 0 0 17 15 18 4 10 41 17 21 0 21 24 9 22 0 6 5 16 8 0 4 0 0 14 0 0 0 8 0 0 0 0 5 3 0 0 12 0 14 17 0 1 0 0 0 0 0 0 0 0 0 23 0 1 0 0 0 0 0 0 0 0 1 0 2 3 0 0 2 0 0 0 0 0 0 0 0 0 0 0 0 0 0 0 8 55 1 2 2 0 
 0 0 0 62 0 1 0 0 1 0 63 30 0 0 0 0 0 91 0 0 0 0 0 0 0 2 0 0 0 0 0 0 0 0 0 0 0 1 0 0 30 310 164 128 356 133 483 111 104 0 100 128 84 183 144 335 571 44 132 87 4 0 1 0 0 0 51 0 0 0 1 0 95 46 0 0 0 0 6 60 0 0 1 0 0 0 0 0 0 21 0 0 0 0 0 8 0 0 0 0 0 0 0 0 0 0 0 0 0 0 0 0 0 0 0 0 0 0 0 0 0 0 0 8 18 28 0 9 8 15 0 17 9 0 18 1 0 0 0 5 63 0 7 0 0 0 16 14 0 0 0 1 8 7 21 16 0 1 1 4 6 0 6 0 12 2 0 0 2 0 6 0 0 14 20 0 0 6 6 0 0 0 0 0 0 0 0 0 0 0 0 0 0 0 0 0 0 0 0 0 0 24 41 16 1 13 0 0 15 0 24 24 0 19 0 0 19 18 0 0 14 0 2 0 0 0 0 16 10 1 0 0 0 25 0 2 6 1 22 24 0 0 0 0 0 0 0 0 0 63 0 5 1 1 0 0 0 0 0 0 0 0 0 66 0 0 2 0 0 0 7 0 0 0 0 0 0 0 0 0 0 0 0 0 3 0 0 0 0 0 
 0 0 0 0 0 0 0 0 0 0 0 0 0 0 0 2 0 0 0 0 0 0 0 1 2 0 0 0 0 0 0 0 49 0 0 0 0 0 0 1 97 21 112 156 141 284 252 101 51 100 0 333 257 324 116 148 242 69 48 97 0 51 0 0 0 0 0 0 0 0 1 0 52 1 51 0 1 1 47 51 0 0 0 0 0 0 0 0 0 0 0 0 0 0 0 0 0 0 0 0 0 0 0 0 0 0 0 0 0 0 0 0 0 0 0 0 0 0 0 0 0 8 9 4 10 12 22 0 0 0 36 0 8 6 1 38 1 27 0 0 19 0 0 0 22 0 10 12 1 0 0 0 14 0 0 0 26 0 10 10 0 0 29 16 0 0 0 0 0 0 3 0 0 0 0 0 0 0 0 0 0 9 0 0 0 4 0 0 0 0 0 0 0 0 0 0 0 6 40 0 7 20 7 34 9 33 9 1 0 29 36 4 33 1 1 15 29 14 0 0 12 0 0 0 0 0 10 11 12 0 0 0 0 8 5 14 11 21 0 0 0 0 0 0 0 0 0 0 0 0 0 5 0 0 0 0 0 0 0 9 0 0 17 0 2 63 1 0 1 0 0 0 0 0 0 0 0 0 0 0 0 0 25 0 0 0 0 0 0 0 
 0 0 0 0 2 0 4 0 0 0 0 0 0 0 0 3 0 0 0 0 0 0 207 0 211 0 0 0 2 0 0 0 0 0 0 126 0 0 0 0 84 54 549 339 430 80 77 54 263 128 333 0 248 311 252 102 63 199 33 31 5 3 0 0 0 0 0 0 0 0 74 8 72 0 0 0 0 6 52 22 0 0 0 0 0 0 0 0 0 0 0 0 0 0 0 0 0 0 0 0 0 0 0 0 0 0 0 0 0 0 0 0 0 0 0 0 0 0 0 0 0 0 0 26 7 20 0 0 0 1 7 12 0 0 0 0 0 12 0 0 7 0 4 0 0 0 13 33 1 0 0 0 43 23 7 4 5 0 1 30 0 0 0 0 0 0 0 0 0 0 1 0 0 0 0 0 0 0 0 0 0 0 0 0 0 0 0 0 0 0 0 0 0 0 0 0 0 0 0 0 0 12 10 21 0 23 0 0 0 11 43 16 0 0 0 0 42 15 0 0 6 20 4 0 0 2 16 3 3 1 0 0 16 60 13 22 12 20 5 0 1 0 5 0 0 0 1 0 0 0 0 4 0 0 0 0 0 0 0 16 0 0 74 6 0 83 1 67 0 0 0 0 0 0 0 0 0 0 0 0 0 0 0 0 0 0 0 0 1 0 
 2 2 2 2 2 2 2 2 2 2 2 2 2 2 2 2 8 2 2 2 8 4 169 81 67 3 3 71 129 4 73 133 6 3 3 3 37 128 5 3 75 62 108 294 109 24 130 216 125 84 257 248 0 353 40 49 48 37 147 141 0 3 3 0 0 0 0 4 12 0 0 0 2 0 5 0 0 10 10 0 0 0 0 0 0 0 0 0 0 0 0 0 0 0 0 0 0 0 0 0 0 9 7 15 0 0 0 12 0 11 39 0 0 0 10 5 6 0 0 0 18 10 10 0 0 6 46 9 3 14 7 3 8 1 41 35 0 0 13 49 0 8 0 1 0 0 8 5 0 0 4 1 0 3 6 0 0 8 3 0 0 0 0 6 0 0 0 0 0 6 0 3 0 0 0 0 0 0 0 0 0 18 1 11 11 1 0 0 1 11 12 7 0 0 0 0 0 2 0 18 21 15 15 1 0 0 21 1 3 0 0 23 0 55 0 36 21 9 27 12 0 3 0 8 0 0 1 0 0 7 1 0 0 0 0 26 0 0 1 0 0 0 0 0 0 0 0 0 0 0 0 8 0 0 0 0 0 75 29 0 0 0 0 0 0 0 2 0 0 0 6 0 0 0 0 1 0 0 0 10 0 0 0 0 8 0 11 0 0 0 
 0 0 0 0 0 5 1 0 0 0 0 0 0 0 0 0 0 0 0 0 0 0 0 0 0 91 0 0 2 0 0 0 1 0 0 0 0 0 0 0 106 137 58 98 70 67 209 293 397 183 324 311 353 0 124 113 101 44 87 170 0 0 0 0 0 0 0 0 0 0 0 0 0 6 0 0 0 0 54 202 0 0 0 0 0 0 0 0 0 0 0 0 0 0 0 0 0 0 0 0 0 0 0 0 0 24 0 0 0 0 0 0 0 0 0 0 0 4 0 0 0 6 20 9 1 12 0 22 9 32 12 21 10 15 15 0 13 9 0 18 0 0 0 0 0 0 4 0 0 0 0 0 31 11 0 0 0 0 15 0 1 0 0 0 0 0 0 0 0 0 0 0 6 0 0 0 0 0 0 0 0 0 0 0 0 0 0 0 0 0 1 0 0 0 0 0 0 0 0 0 0 41 8 0 13 24 14 6 29 0 19 14 20 49 11 0 47 0 0 0 0 0 0 4 0 0 0 0 0 0 0 0 3 0 0 0 0 0 1 0 0 0 0 0 0 0 0 0 0 0 0 12 0 1 0 0 0 0 0 24 0 0 0 0 63 21 4 0 0 0 7 0 0 0 0 0 0 0 0 0 0 0 0 0 14 16 0 6 0 4 
 0 0 0 0 0 2 0 0 0 0 1 0 0 0 0 0 0 0 0 0 0 0 0 0 0 72 0 4 0 0 0 1 0 1 0 0 0 6 0 0 171 132 73 373 317 53 118 77 187 144 116 252 40 124 0 391 85 143 167 130 4 0 9 0 0 0 6 0 0 0 0 0 0 0 0 0 0 1 0 0 0 0 0 0 0 0 0 0 0 0 0 0 0 0 0 0 0 0 0 0 0 0 0 0 30 46 0 0 0 0 18 0 0 0 0 0 0 0 0 0 10 0 1 10 4 12 23 15 31 0 11 1 38 54 0 7 0 6 16 9 3 7 0 0 0 0 1 0 0 0 0 0 3 0 0 0 0 0 0 0 0 0 0 0 1 0 0 0 0 0 16 0 0 0 0 0 2 0 13 0 0 0 19 0 0 23 8 0 0 0 0 0 0 0 0 0 0 11 0 0 0 1 25 54 9 0 21 43 7 22 7 0 9 6 19 9 1 2 14 8 29 0 6 0 0 0 0 6 0 0 0 0 10 2 6 0 2 0 13 27 0 0 0 0 0 0 0 0 0 18 0 3 0 1 0 0 0 0 0 0 0 0 0 0 1 1 2 0 1 0 0 0 0 0 0 0 0 0 0 3 0 0 0 0 0 0 0 7 0 0 
 8 21 0 0 0 5 2 8 0 0 37 3 0 0 0 0 2 0 9 0 0 0 0 0 1 61 0 0 4 0 0 0 0 0 0 2 0 1 201 4 69 396 354 499 106 138 96 371 442 335 148 102 49 113 391 0 223 137 36 116 0 0 0 0 0 53 4 4 0 0 0 0 6 3 2 0 0 0 50 6 46 0 0 0 0 0 3 0 0 10 0 0 2 0 0 0 5 0 0 0 0 0 0 0 0 17 0 0 0 0 0 0 0 0 0 0 0 0 0 0 9 9 0 10 26 0 0 13 0 10 17 21 0 13 11 38 0 6 0 0 0 5 0 0 0 0 0 0 0 0 0 0 15 10 0 0 0 0 10 0 0 0 6 0 0 0 18 0 0 0 0 0 5 5 9 8 0 0 1 0 0 0 0 0 0 13 0 0 0 0 0 0 0 0 0 0 0 0 0 0 0 6 0 21 83 10 9 15 21 2 0 0 12 0 12 8 27 13 0 0 22 0 0 0 0 0 0 0 0 0 0 0 2 0 11 0 0 0 2 6 0 0 0 0 0 0 0 0 0 0 0 16 0 1 0 0 0 0 0 10 0 0 1 0 66 12 1 0 0 0 0 0 0 0 0 0 0 0 0 0 0 0 0 0 0 9 0 6 0 0 
 0 0 0 0 0 0 0 0 0 1 0 3 0 0 1 0 0 0 0 0 2 2 2 2 1 35 1 8 5 1 1 2 23 3 2 2 2 2 2 2 62 102 148 142 240 216 139 80 342 571 242 63 48 101 85 223 0 67 27 32 0 1 2 2 0 0 20 0 0 1 2 3 39 2 3 1 3 0 56 0 0 0 0 0 0 0 0 0 0 0 0 0 0 0 0 0 0 0 0 0 0 0 0 0 0 0 0 0 0 0 0 0 0 0 0 0 0 0 0 0 0 0 10 1 14 1 0 30 0 0 72 36 0 5 29 4 7 14 0 0 0 0 0 0 0 0 13 10 0 0 0 0 7 0 11 9 0 0 0 0 2 0 6 1 0 0 0 0 0 0 0 0 0 0 0 0 0 0 2 0 0 1 0 0 0 0 0 0 0 0 0 0 0 0 0 0 0 0 0 0 14 20 0 13 26 15 0 9 18 0 15 19 0 7 3 0 28 13 0 0 29 0 0 0 0 0 0 2 12 0 0 0 7 26 0 0 7 10 25 5 0 0 0 0 0 0 1 0 0 0 0 5 0 1 0 0 2 0 0 0 0 17 62 74 35 1 3 1 0 0 0 0 0 0 0 0 0 0 0 0 0 0 0 0 0 0 0 0 0 0 
 3 3 3 12 5 9 9 9 8 3 3 7 3 7 7 6 3 3 3 5 1 0 0 0 0 0 0 3 1 0 0 0 2 0 0 0 2 0 5 0 310 173 149 68 50 73 28 243 370 44 69 199 37 44 143 137 67 0 484 32 0 72 0 0 0 3 0 0 0 0 61 34 0 1 0 0 50 6 0 0 0 0 0 21 0 0 0 0 3 0 4 0 0 0 0 0 0 0 0 0 0 6 0 0 0 15 0 0 0 0 0 0 0 0 0 0 0 0 7 0 0 0 3 70 20 13 23 15 34 11 12 21 22 10 0 40 0 13 0 0 0 3 0 0 0 0 15 0 0 0 0 0 8 1 2 0 0 0 8 0 0 6 0 4 20 6 0 3 0 1 9 0 0 0 0 0 6 5 0 0 0 0 0 0 0 0 0 0 0 0 0 0 0 0 0 0 0 0 0 25 0 0 38 28 12 6 21 23 16 9 0 22 0 33 0 11 1 0 12 0 10 3 0 51 0 0 0 0 11 0 0 0 34 1 20 0 0 0 20 15 0 0 18 0 0 0 7 0 0 0 0 6 62 1 0 0 0 0 0 1 0 2 2 1 0 0 4 7 0 0 0 0 0 0 0 0 0 0 0 0 0 3 0 0 1 0 0 0 0 0 
 2 2 2 2 2 34 2 5 2 2 2 2 2 2 2 2 2 2 2 2 0 0 68 0 0 22 0 0 65 17 63 0 0 4 0 3 79 80 0 0 111 113 52 128 64 62 122 71 118 132 48 33 147 87 167 36 27 484 0 106 5 0 8 0 0 0 5 0 0 0 0 0 0 0 0 0 0 0 0 0 0 0 0 0 0 0 0 0 0 0 0 0 0 0 4 0 0 0 0 0 0 0 0 27 22 32 0 2 12 0 10 23 0 0 0 25 0 0 0 0 0 13 0 0 0 0 36 15 8 0 1 0 36 39 7 20 0 9 44 14 6 0 0 5 0 0 0 0 0 0 0 0 0 0 0 0 0 0 0 2 0 0 0 0 7 11 0 0 0 0 0 0 0 3 0 0 38 0 0 0 0 10 0 4 0 29 0 9 11 2 1 6 0 0 0 0 0 2 0 0 14 0 0 32 0 0 30 22 14 0 3 19 0 6 19 20 0 0 26 0 10 0 0 0 0 0 0 6 0 0 0 0 0 3 0 0 2 0 3 4 0 0 0 0 0 0 0 0 0 0 0 2 0 1 0 0 0 0 0 2 0 0 1 0 2 1 0 0 2 0 0 0 0 0 0 2 0 0 0 10 0 0 0 0 0 0 0 0 0 0 
 0 0 0 0 2 0 2 2 0 0 0 0 0 0 0 0 0 0 0 0 3 3 32 126 60 65 3 3 5 67 3 76 6 3 3 3 4 39 3 3 242 39 40 144 77 50 128 54 69 87 97 31 141 170 130 116 32 32 106 0 0 0 0 0 0 0 0 0 8 0 0 1 0 0 0 0 1 0 0 0 0 0 0 0 0 0 0 0 0 0 0 0 0 0 0 0 0 0 0 0 0 0 0 1 11 32 14 0 0 52 0 0 0 0 0 0 0 0 0 0 17 16 0 17 0 0 0 1 9 1 8 0 0 35 0 0 13 25 0 1 0 0 0 0 0 0 0 0 0 0 0 0 0 0 0 0 0 0 1 0 0 0 0 0 0 0 0 0 0 0 1 0 0 0 0 0 0 0 0 0 0 0 0 19 14 4 0 0 0 13 4 0 0 0 0 0 0 28 0 0 0 15 6 0 0 8 10 7 15 30 0 0 8 1 30 0 19 4 0 17 0 0 0 0 0 0 0 0 0 0 0 0 0 0 0 0 0 0 0 0 0 0 0 0 0 0 0 0 0 0 0 1 0 0 0 0 0 31 0 1 0 12 2 0 2 11 2 0 0 0 0 0 0 0 0 0 0 0 0 1 0 0 0 0 0 0 22 7 0 0 
 0 0 0 0 0 0 0 0 0 0 0 1 0 0 0 0 0 0 0 0 0 0 0 0 0 1 0 51 0 0 0 0 3 0 0 0 35 0 0 0 0 0 0 0 2 57 1 0 0 4 0 5 0 0 4 0 0 0 5 0 0 78 64 34 34 245 343 218 244 227 356 38 40 119 107 114 99 80 91 316 0 0 0 0 0 0 0 0 0 0 0 0 0 0 0 0 0 0 0 0 0 0 0 0 0 0 0 0 0 0 0 0 0 0 0 3 0 0 0 0 0 0 9 0 13 0 0 0 0 0 0 0 0 0 0 0 0 0 0 0 9 3 78 1 0 0 0 2 20 9 0 50 0 1 12 4 0 18 0 14 0 0 0 18 0 0 3 0 0 0 0 0 0 0 0 0 0 0 0 0 0 0 0 0 0 0 0 0 0 0 0 0 0 0 19 0 6 0 0 0 0 0 0 15 0 10 0 0 0 0 6 0 0 0 0 0 0 0 0 0 0 54 49 6 31 0 21 54 3 50 16 0 10 0 0 19 43 3 0 35 12 0 0 10 0 0 0 0 0 1 0 0 0 0 8 0 0 0 0 0 0 0 9 0 0 0 0 0 0 0 12 2 0 1 0 2 0 0 0 0 0 0 0 0 0 0 0 0 13 0 
